01/01/2000,LWB,WV,AEA,EN,Federal Contract Tower,0,4,3,0,7,0,0,11,0,11,0,4,14,0,18,0,0,0,18
01/02/2000,LWB,WV,AEA,EN,Federal Contract Tower,0,6,16,0,22,0,0,31,2,33,0,6,47,2,55,26,12,38,93
01/03/2000,LWB,WV,AEA,EN,Federal Contract Tower,0,3,4,0,7,0,5,7,0,12,0,8,11,0,19,0,0,0,19
01/04/2000,LWB,WV,AEA,EN,Federal Contract Tower,0,4,4,0,8,0,2,0,0,2,0,6,4,0,10,0,0,0,10
01/05/2000,LWB,WV,AEA,EN,Federal Contract Tower,0,3,4,1,8,0,3,0,1,4,0,6,4,2,12,0,12,12,24
01/06/2000,LWB,WV,AEA,EN,Federal Contract Tower,0,4,5,0,9,2,0,11,0,13,2,4,16,0,22,4,0,4,26
01/07/2000,LWB,WV,AEA,EN,Federal Contract Tower,0,4,3,0,7,0,2,19,0,21,0,6,22,0,28,0,0,0,28
01/08/2000,LWB,WV,AEA,EN,Federal Contract Tower,0,4,4,1,9,0,2,32,3,37,0,6,36,4,46,12,6,18,64
01/09/2000,LWB,WV,AEA,EN,Federal Contract Tower,0,6,11,0,17,0,0,4,0,4,0,6,15,0,21,0,0,0,21
01/10/2000,LWB,WV,AEA,EN,Federal Contract Tower,0,4,5,0,9,0,0,2,0,2,0,4,7,0,11,0,0,0,11
01/11/2000,LWB,WV,AEA,EN,Federal Contract Tower,0,8,9,0,17,0,0,20,2,22,0,8,29,2,39,0,6,6,45
01/12/2000,LWB,WV,AEA,EN,Federal Contract Tower,0,6,7,0,13,0,0,15,0,15,0,6,22,0,28,0,0,0,28
01/13/2000,LWB,WV,AEA,EN,Federal Contract Tower,0,5,4,0,9,0,1,0,0,1,0,6,4,0,10,0,0,0,10
01/14/2000,LWB,WV,AEA,EN,Federal Contract Tower,0,6,7,0,13,0,0,9,0,9,0,6,16,0,22,4,0,4,26
01/15/2000,LWB,WV,AEA,EN,Federal Contract Tower,0,3,4,0,7,0,3,7,0,10,0,6,11,0,17,20,0,20,37
01/16/2000,LWB,WV,AEA,EN,Federal Contract Tower,0,5,4,0,9,0,1,3,0,4,0,6,7,0,13,0,0,0,13
01/17/2000,LWB,WV,AEA,EN,Federal Contract Tower,0,6,7,0,13,0,0,20,0,20,0,6,27,0,33,0,0,0,33
01/18/2000,LWB,WV,AEA,EN,Federal Contract Tower,0,4,3,0,7,0,0,1,0,1,0,4,4,0,8,0,0,0,8
01/19/2000,LWB,WV,AEA,EN,Federal Contract Tower,0,4,3,0,7,0,2,5,0,7,0,6,8,0,14,10,0,10,24
01/20/2000,LWB,WV,AEA,EN,Federal Contract Tower,0,4,4,0,8,0,0,1,0,1,0,4,5,0,9,0,0,0,9
01/21/2000,LWB,WV,AEA,EN,Federal Contract Tower,0,4,3,0,7,0,0,12,0,12,0,4,15,0,19,0,0,0,19
01/22/2000,LWB,WV,AEA,EN,Federal Contract Tower,0,4,2,0,6,0,2,3,0,5,0,6,5,0,11,0,0,0,11
01/23/2000,LWB,WV,AEA,EN,Federal Contract Tower,0,6,6,0,12,0,0,1,0,1,0,6,7,0,13,0,0,0,13
01/24/2000,LWB,WV,AEA,EN,Federal Contract Tower,0,6,6,0,12,0,0,0,2,2,0,6,6,2,14,0,0,0,14
01/25/2000,LWB,WV,AEA,EN,Federal Contract Tower,0,6,4,0,10,0,2,3,0,5,0,8,7,0,15,0,0,0,15
01/26/2000,LWB,WV,AEA,EN,Federal Contract Tower,0,7,6,0,13,0,0,5,0,5,0,7,11,0,18,0,0,0,18
01/27/2000,LWB,WV,AEA,EN,Federal Contract Tower,0,6,4,0,10,0,0,6,0,6,0,6,10,0,16,0,0,0,16
01/28/2000,LWB,WV,AEA,EN,Federal Contract Tower,0,8,8,0,16,2,0,23,0,25,2,8,31,0,41,0,0,0,41
01/29/2000,LWB,WV,AEA,EN,Federal Contract Tower,0,5,3,0,8,0,1,5,0,6,0,6,8,0,14,0,0,0,14
01/30/2000,LWB,WV,AEA,EN,Federal Contract Tower,0,3,0,0,3,0,1,0,0,1,0,4,0,0,4,0,0,0,4
01/31/2000,LWB,WV,AEA,EN,Federal Contract Tower,0,6,5,0,11,0,1,1,0,2,0,7,6,0,13,0,0,0,13
02/01/2000,LWB,WV,AEA,EN,Federal Contract Tower,0,6,10,1,17,0,0,5,1,6,0,6,15,2,23,0,0,0,23
02/02/2000,LWB,WV,AEA,EN,Federal Contract Tower,0,4,4,0,8,0,2,15,0,17,0,6,19,0,25,0,0,0,25
02/03/2000,LWB,WV,AEA,EN,Federal Contract Tower,1,10,12,1,24,1,0,12,1,14,2,10,24,2,38,0,12,12,50
02/04/2000,LWB,WV,AEA,EN,Federal Contract Tower,0,4,6,0,10,0,0,6,0,6,0,4,12,0,16,0,0,0,16
02/05/2000,LWB,WV,AEA,EN,Federal Contract Tower,0,6,8,1,15,0,2,9,8,19,0,8,17,9,34,0,0,0,34
02/06/2000,LWB,WV,AEA,EN,Federal Contract Tower,0,6,7,3,16,0,0,26,1,27,0,6,33,4,43,0,10,10,53
02/07/2000,LWB,WV,AEA,EN,Federal Contract Tower,0,4,5,1,10,0,0,21,7,28,0,4,26,8,38,0,0,0,38
02/08/2000,LWB,WV,AEA,EN,Federal Contract Tower,0,6,7,1,14,0,0,17,18,35,0,6,24,19,49,0,10,10,59
02/09/2000,LWB,WV,AEA,EN,Federal Contract Tower,0,3,5,1,9,0,1,39,3,43,0,4,44,4,52,0,12,12,64
02/10/2000,LWB,WV,AEA,EN,Federal Contract Tower,0,6,9,2,17,2,0,4,0,6,2,6,13,2,23,0,0,0,23
02/11/2000,LWB,WV,AEA,EN,Federal Contract Tower,0,5,9,0,14,0,0,13,0,13,0,5,22,0,27,0,0,0,27
02/12/2000,LWB,WV,AEA,EN,Federal Contract Tower,0,3,2,0,5,0,2,0,0,2,0,5,2,0,7,0,0,0,7
02/13/2000,LWB,WV,AEA,EN,Federal Contract Tower,0,8,8,0,16,0,2,0,0,2,0,10,8,0,18,0,0,0,18
02/14/2000,LWB,WV,AEA,EN,Federal Contract Tower,0,6,7,0,13,0,0,5,0,5,0,6,12,0,18,0,0,0,18
02/15/2000,LWB,WV,AEA,EN,Federal Contract Tower,0,6,5,0,11,0,0,14,0,14,0,6,19,0,25,0,0,0,25
02/16/2000,LWB,WV,AEA,EN,Federal Contract Tower,0,7,6,1,14,0,4,9,2,15,0,11,15,3,29,10,0,10,39
02/17/2000,LWB,WV,AEA,EN,Federal Contract Tower,0,6,5,1,12,0,0,28,2,30,0,6,33,3,42,6,12,18,60
02/18/2000,LWB,WV,AEA,EN,Federal Contract Tower,0,6,6,0,12,0,0,2,0,2,0,6,8,0,14,0,0,0,14
02/19/2000,LWB,WV,AEA,EN,Federal Contract Tower,0,4,2,0,6,0,2,0,0,2,0,6,2,0,8,0,0,0,8
02/20/2000,LWB,WV,AEA,EN,Federal Contract Tower,0,6,6,0,12,0,0,18,0,18,0,6,24,0,30,30,0,30,60
02/21/2000,LWB,WV,AEA,EN,Federal Contract Tower,0,7,8,1,16,0,1,37,2,40,0,8,45,3,56,6,26,32,88
02/22/2000,LWB,WV,AEA,EN,Federal Contract Tower,0,3,4,0,7,0,3,34,0,37,0,6,38,0,44,8,0,8,52
02/23/2000,LWB,WV,AEA,EN,Federal Contract Tower,0,6,7,0,13,0,0,22,0,22,0,6,29,0,35,0,0,0,35
02/24/2000,LWB,WV,AEA,EN,Federal Contract Tower,0,6,7,0,13,0,0,39,0,39,0,6,46,0,52,10,0,10,62
02/25/2000,LWB,WV,AEA,EN,Federal Contract Tower,0,6,7,0,13,0,0,31,0,31,0,6,38,0,44,6,0,6,50
02/26/2000,LWB,WV,AEA,EN,Federal Contract Tower,0,6,7,0,13,0,0,24,2,26,0,6,31,2,39,0,0,0,39
02/27/2000,LWB,WV,AEA,EN,Federal Contract Tower,0,4,5,0,9,0,0,2,0,2,0,4,7,0,11,0,0,0,11
02/28/2000,LWB,WV,AEA,EN,Federal Contract Tower,0,6,6,0,12,0,0,11,10,21,0,6,17,10,33,0,0,0,33
02/29/2000,LWB,WV,AEA,EN,Federal Contract Tower,0,4,5,0,9,0,2,63,2,67,0,6,68,2,76,0,14,14,90
03/01/2000,LWB,WV,AEA,EN,Federal Contract Tower,1,5,6,0,12,1,1,3,0,5,2,6,9,0,17,0,0,0,17
03/02/2000,LWB,WV,AEA,EN,Federal Contract Tower,1,6,5,0,12,1,1,2,4,8,2,7,7,4,20,0,0,0,20
03/03/2000,LWB,WV,AEA,EN,Federal Contract Tower,0,6,8,2,16,0,0,15,6,21,0,6,23,8,37,2,16,18,55
03/04/2000,LWB,WV,AEA,EN,Federal Contract Tower,0,3,4,0,7,0,3,8,0,11,0,6,12,0,18,0,0,0,18
03/05/2000,LWB,WV,AEA,EN,Federal Contract Tower,0,5,6,0,11,0,1,40,0,41,0,6,46,0,52,0,0,0,52
03/06/2000,LWB,WV,AEA,EN,Federal Contract Tower,0,4,6,0,10,0,3,15,5,23,0,7,21,5,33,0,8,8,41
03/07/2000,LWB,WV,AEA,EN,Federal Contract Tower,0,6,6,1,13,0,1,26,13,40,0,7,32,14,53,0,8,8,61
03/08/2000,LWB,WV,AEA,EN,Federal Contract Tower,0,6,6,1,13,0,0,18,11,29,0,6,24,12,42,4,20,24,66
03/09/2000,LWB,WV,AEA,EN,Federal Contract Tower,0,6,5,0,11,0,0,24,0,24,0,6,29,0,35,0,0,0,35
03/10/2000,LWB,WV,AEA,EN,Federal Contract Tower,0,6,6,3,15,0,0,89,9,98,0,6,95,12,113,14,0,14,127
03/11/2000,LWB,WV,AEA,EN,Federal Contract Tower,0,4,2,0,6,0,2,0,0,2,0,6,2,0,8,0,0,0,8
03/12/2000,LWB,WV,AEA,EN,Federal Contract Tower,0,5,4,0,9,0,1,0,0,1,0,6,4,0,10,0,0,0,10
03/13/2000,LWB,WV,AEA,EN,Federal Contract Tower,0,5,5,0,10,0,1,36,0,37,0,6,41,0,47,10,0,10,57
03/14/2000,LWB,WV,AEA,EN,Federal Contract Tower,0,4,5,0,9,0,2,12,4,18,0,6,17,4,27,0,2,2,29
03/15/2000,LWB,WV,AEA,EN,Federal Contract Tower,0,4,5,0,9,0,2,44,0,46,0,6,49,0,55,0,0,0,55
03/16/2000,LWB,WV,AEA,EN,Federal Contract Tower,0,6,6,0,12,0,0,8,0,8,0,6,14,0,20,0,0,0,20
03/17/2000,LWB,WV,AEA,EN,Federal Contract Tower,0,6,7,0,13,0,0,10,0,10,0,6,17,0,23,0,0,0,23
03/18/2000,LWB,WV,AEA,EN,Federal Contract Tower,0,6,6,2,14,0,0,37,34,71,0,6,43,36,85,22,0,22,107
03/19/2000,LWB,WV,AEA,EN,Federal Contract Tower,0,5,6,0,11,0,1,3,0,4,0,6,9,0,15,4,0,4,19
03/20/2000,LWB,WV,AEA,EN,Federal Contract Tower,0,6,6,0,12,0,2,2,0,4,0,8,8,0,16,0,0,0,16
03/21/2000,LWB,WV,AEA,EN,Federal Contract Tower,0,6,6,0,12,0,0,50,0,50,0,6,56,0,62,20,0,20,82
03/22/2000,LWB,WV,AEA,EN,Federal Contract Tower,0,8,11,3,22,0,0,17,1,18,0,8,28,4,40,4,2,6,46
03/23/2000,LWB,WV,AEA,EN,Federal Contract Tower,0,6,6,2,14,2,0,41,2,45,2,6,47,4,59,30,0,30,89
03/24/2000,LWB,WV,AEA,EN,Federal Contract Tower,0,4,5,0,9,0,0,91,8,99,0,4,96,8,108,22,0,22,130
03/25/2000,LWB,WV,AEA,EN,Federal Contract Tower,0,6,7,0,13,0,0,13,0,13,0,6,20,0,26,0,0,0,26
03/26/2000,LWB,WV,AEA,EN,Federal Contract Tower,0,5,6,0,11,0,1,55,0,56,0,6,61,0,67,0,0,0,67
03/27/2000,LWB,WV,AEA,EN,Federal Contract Tower,0,4,5,0,9,0,2,3,0,5,0,6,8,0,14,0,0,0,14
03/28/2000,LWB,WV,AEA,EN,Federal Contract Tower,0,6,7,0,13,0,0,24,0,24,0,6,31,0,37,0,0,0,37
03/29/2000,LWB,WV,AEA,EN,Federal Contract Tower,0,8,8,0,16,0,0,55,0,55,0,8,63,0,71,0,0,0,71
03/30/2000,LWB,WV,AEA,EN,Federal Contract Tower,0,6,12,0,18,0,0,27,0,27,0,6,39,0,45,4,0,4,49
03/31/2000,LWB,WV,AEA,EN,Federal Contract Tower,0,12,19,3,34,0,0,17,92,109,0,12,36,95,143,0,59,59,202
04/01/2000,LWB,WV,AEA,EN,Federal Contract Tower,0,18,37,0,55,0,2,174,14,190,0,20,211,14,245,46,12,58,303
04/02/2000,LWB,WV,AEA,EN,Federal Contract Tower,0,31,81,0,112,0,0,35,0,35,0,31,116,0,147,0,0,0,147
04/03/2000,LWB,WV,AEA,EN,Federal Contract Tower,0,9,19,0,28,0,7,3,2,12,0,16,22,2,40,0,0,0,40
04/04/2000,LWB,WV,AEA,EN,Federal Contract Tower,0,8,25,0,33,0,0,16,0,16,0,8,41,0,49,0,0,0,49
04/05/2000,LWB,WV,AEA,EN,Federal Contract Tower,0,18,36,0,54,0,4,11,2,17,0,22,47,2,71,0,0,0,71
04/06/2000,LWB,WV,AEA,EN,Federal Contract Tower,4,17,64,1,86,1,0,41,1,43,5,17,105,2,129,0,0,0,129
04/07/2000,LWB,WV,AEA,EN,Federal Contract Tower,1,7,14,0,22,1,2,46,2,51,2,9,60,2,73,166,0,166,239
04/08/2000,LWB,WV,AEA,EN,Federal Contract Tower,2,10,14,0,26,6,4,0,0,10,8,14,14,0,36,0,0,0,36
04/09/2000,LWB,WV,AEA,EN,Federal Contract Tower,1,6,13,0,20,1,0,8,0,9,2,6,21,0,29,0,0,0,29
04/10/2000,LWB,WV,AEA,EN,Federal Contract Tower,0,4,8,0,12,0,2,12,10,24,0,6,20,10,36,0,0,0,36
04/11/2000,LWB,WV,AEA,EN,Federal Contract Tower,0,7,13,0,20,0,3,12,0,15,0,10,25,0,35,0,0,0,35
04/12/2000,LWB,WV,AEA,EN,Federal Contract Tower,0,6,11,0,17,0,2,16,6,24,0,8,27,6,41,0,8,8,49
04/13/2000,LWB,WV,AEA,EN,Federal Contract Tower,1,6,11,0,18,7,0,24,0,31,8,6,35,0,49,0,0,0,49
04/14/2000,LWB,WV,AEA,EN,Federal Contract Tower,0,5,9,0,14,0,1,21,0,22,0,6,30,0,36,96,0,96,132
04/15/2000,LWB,WV,AEA,EN,Federal Contract Tower,0,9,19,0,28,0,0,5,0,5,0,9,24,0,33,0,0,0,33
04/16/2000,LWB,WV,AEA,EN,Federal Contract Tower,0,11,19,0,30,3,2,12,0,17,3,13,31,0,47,0,0,0,47
04/17/2000,LWB,WV,AEA,EN,Federal Contract Tower,0,5,10,0,15,0,3,4,0,7,0,8,14,0,22,0,0,0,22
04/18/2000,LWB,WV,AEA,EN,Federal Contract Tower,0,6,15,0,21,0,0,4,0,4,0,6,19,0,25,0,0,0,25
04/19/2000,LWB,WV,AEA,EN,Federal Contract Tower,0,4,8,0,12,0,2,43,0,45,0,6,51,0,57,2,0,2,59
04/20/2000,LWB,WV,AEA,EN,Federal Contract Tower,0,7,11,1,19,2,2,93,5,102,2,9,104,6,121,0,0,0,121
04/21/2000,LWB,WV,AEA,EN,Federal Contract Tower,0,4,8,0,12,0,6,1,0,7,0,10,9,0,19,198,0,198,217
04/22/2000,LWB,WV,AEA,EN,Federal Contract Tower,0,4,6,0,10,0,2,0,0,2,0,6,6,0,12,0,0,0,12
04/23/2000,LWB,WV,AEA,EN,Federal Contract Tower,0,4,11,0,15,0,0,6,0,6,0,4,17,0,21,0,0,0,21
04/24/2000,LWB,WV,AEA,EN,Federal Contract Tower,0,6,10,1,17,0,1,13,5,19,0,7,23,6,36,24,24,48,84
04/25/2000,LWB,WV,AEA,EN,Federal Contract Tower,0,6,10,0,16,0,2,2,0,4,0,8,12,0,20,104,0,104,124
04/26/2000,LWB,WV,AEA,EN,Federal Contract Tower,0,8,19,0,27,0,0,36,0,36,0,8,55,0,63,8,0,8,71
04/27/2000,LWB,WV,AEA,EN,Federal Contract Tower,0,12,24,0,36,0,0,72,0,72,0,12,96,0,108,116,0,116,224
04/28/2000,LWB,WV,AEA,EN,Federal Contract Tower,0,8,25,0,33,0,0,21,2,23,0,8,46,2,56,126,0,126,182
04/29/2000,LWB,WV,AEA,EN,Federal Contract Tower,0,6,12,0,18,0,1,74,1,76,0,7,86,1,94,38,4,42,136
04/30/2000,LWB,WV,AEA,EN,Federal Contract Tower,0,10,22,0,32,0,0,53,0,53,0,10,75,0,85,118,0,118,203
05/01/2000,LWB,WV,AEA,EN,Federal Contract Tower,0,5,14,0,19,0,1,21,6,28,0,6,35,6,47,30,6,36,83
05/02/2000,LWB,WV,AEA,EN,Federal Contract Tower,0,6,18,0,24,0,0,35,2,37,0,6,53,2,61,16,18,34,95
05/03/2000,LWB,WV,AEA,EN,Federal Contract Tower,3,7,20,0,30,1,3,23,6,33,4,10,43,6,63,172,12,184,247
05/04/2000,LWB,WV,AEA,EN,Federal Contract Tower,2,7,20,1,30,2,1,4,14,21,4,8,24,15,51,26,16,42,93
05/05/2000,LWB,WV,AEA,EN,Federal Contract Tower,2,5,14,1,22,0,4,15,7,26,2,9,29,8,48,130,0,130,178
05/06/2000,LWB,WV,AEA,EN,Federal Contract Tower,2,4,13,0,19,0,3,45,0,48,2,7,58,0,67,0,0,0,67
05/07/2000,LWB,WV,AEA,EN,Federal Contract Tower,2,6,15,1,24,0,2,21,5,28,2,8,36,6,52,0,0,0,52
05/08/2000,LWB,WV,AEA,EN,Federal Contract Tower,0,4,7,1,12,0,3,27,5,35,0,7,34,6,47,6,8,14,61
05/09/2000,LWB,WV,AEA,EN,Federal Contract Tower,0,6,16,0,22,0,0,30,0,30,0,6,46,0,52,114,0,114,166
05/10/2000,LWB,WV,AEA,EN,Federal Contract Tower,3,12,49,2,66,0,0,37,0,37,3,12,86,2,103,0,12,12,115
05/11/2000,LWB,WV,AEA,EN,Federal Contract Tower,0,10,27,0,37,0,0,33,0,33,0,10,60,0,70,22,0,22,92
05/12/2000,LWB,WV,AEA,EN,Federal Contract Tower,1,12,49,0,62,0,0,37,0,37,1,12,86,0,99,0,0,0,99
05/13/2000,LWB,WV,AEA,EN,Federal Contract Tower,2,4,10,1,17,0,0,11,3,14,2,4,21,4,31,0,114,114,145
05/14/2000,LWB,WV,AEA,EN,Federal Contract Tower,1,6,15,1,23,1,0,12,1,14,2,6,27,2,37,0,0,0,37
05/15/2000,LWB,WV,AEA,EN,Federal Contract Tower,0,6,12,1,19,0,0,30,9,39,0,6,42,10,58,0,30,30,88
05/16/2000,LWB,WV,AEA,EN,Federal Contract Tower,0,4,8,0,12,2,2,28,0,32,2,6,36,0,44,146,0,146,190
05/17/2000,LWB,WV,AEA,EN,Federal Contract Tower,2,7,23,1,33,0,0,36,5,41,2,7,59,6,74,2,32,34,108
05/18/2000,LWB,WV,AEA,EN,Federal Contract Tower,2,7,20,0,29,0,0,28,0,28,2,7,48,0,57,136,0,136,193
05/19/2000,LWB,WV,AEA,EN,Federal Contract Tower,0,10,20,0,30,0,0,15,0,15,0,10,35,0,45,124,0,124,169
05/20/2000,LWB,WV,AEA,EN,Federal Contract Tower,1,6,15,0,22,1,0,29,0,30,2,6,44,0,52,10,0,10,62
05/21/2000,LWB,WV,AEA,EN,Federal Contract Tower,2,9,22,0,33,4,0,32,0,36,6,9,54,0,69,0,0,0,69
05/22/2000,LWB,WV,AEA,EN,Federal Contract Tower,1,7,16,0,24,5,1,28,4,38,6,8,44,4,62,0,0,0,62
05/23/2000,LWB,WV,AEA,EN,Federal Contract Tower,0,7,10,0,17,0,5,0,0,5,0,12,10,0,22,0,0,0,22
05/24/2000,LWB,WV,AEA,EN,Federal Contract Tower,1,8,18,0,27,1,2,21,3,27,2,10,39,3,54,4,6,10,64
05/25/2000,LWB,WV,AEA,EN,Federal Contract Tower,1,8,17,0,26,3,3,4,0,10,4,11,21,0,36,0,0,0,36
05/26/2000,LWB,WV,AEA,EN,Federal Contract Tower,0,6,13,0,19,0,0,57,0,57,0,6,70,0,76,174,0,174,250
05/27/2000,LWB,WV,AEA,EN,Federal Contract Tower,0,5,10,0,15,0,3,0,0,3,0,8,10,0,18,0,0,0,18
05/28/2000,LWB,WV,AEA,EN,Federal Contract Tower,1,4,10,0,15,1,0,0,0,1,2,4,10,0,16,0,0,0,16
05/29/2000,LWB,WV,AEA,EN,Federal Contract Tower,0,4,10,0,14,0,0,5,0,5,0,4,15,0,19,0,0,0,19
05/30/2000,LWB,WV,AEA,EN,Federal Contract Tower,0,6,14,0,20,0,3,34,0,37,0,9,48,0,57,264,0,264,321
05/31/2000,LWB,WV,AEA,EN,Federal Contract Tower,3,7,25,0,35,5,0,47,0,52,8,7,72,0,87,32,0,32,119
06/01/2000,LWB,WV,AEA,EN,Federal Contract Tower,0,3,12,0,15,0,2,20,4,26,0,5,32,4,41,6,4,10,51
06/02/2000,LWB,WV,AEA,EN,Federal Contract Tower,0,2,11,1,14,0,5,39,2,46,0,7,50,3,60,196,0,196,256
06/03/2000,LWB,WV,AEA,EN,Federal Contract Tower,0,3,13,0,16,4,3,6,0,13,4,6,19,0,29,0,0,0,29
06/04/2000,LWB,WV,AEA,EN,Federal Contract Tower,2,8,33,1,44,6,0,9,3,18,8,8,42,4,62,0,0,0,62
06/05/2000,LWB,WV,AEA,EN,Federal Contract Tower,0,4,12,0,16,0,2,2,0,4,0,6,14,0,20,0,0,0,20
06/06/2000,LWB,WV,AEA,EN,Federal Contract Tower,2,20,97,0,119,0,0,15,0,15,2,20,112,0,134,0,0,0,134
06/07/2000,LWB,WV,AEA,EN,Federal Contract Tower,3,12,63,0,78,0,0,118,0,118,3,12,181,0,196,244,0,244,440
06/08/2000,LWB,WV,AEA,EN,Federal Contract Tower,0,8,30,0,38,0,9,17,0,26,0,17,47,0,64,122,0,122,186
06/09/2000,LWB,WV,AEA,EN,Federal Contract Tower,4,26,183,3,216,0,0,118,0,118,4,26,301,3,334,0,0,0,334
06/10/2000,LWB,WV,AEA,EN,Federal Contract Tower,2,6,23,1,32,0,4,26,7,37,2,10,49,8,69,0,0,0,69
06/11/2000,LWB,WV,AEA,EN,Federal Contract Tower,3,11,46,1,61,3,0,23,9,35,6,11,69,10,96,0,0,0,96
06/12/2000,LWB,WV,AEA,EN,Federal Contract Tower,0,19,84,0,103,0,0,34,0,34,0,19,118,0,137,2,0,2,139
06/13/2000,LWB,WV,AEA,EN,Federal Contract Tower,0,6,18,0,24,0,6,10,0,16,0,12,28,0,40,130,0,130,170
06/14/2000,LWB,WV,AEA,EN,Federal Contract Tower,2,6,25,0,33,0,0,27,0,27,2,6,52,0,60,130,0,130,190
06/15/2000,LWB,WV,AEA,EN,Federal Contract Tower,0,8,30,0,38,0,4,8,0,12,0,12,38,0,50,8,0,8,58
06/16/2000,LWB,WV,AEA,EN,Federal Contract Tower,2,8,30,1,41,0,0,8,1,9,2,8,38,2,50,0,0,0,50
06/17/2000,LWB,WV,AEA,EN,Federal Contract Tower,2,6,23,0,31,0,0,6,0,6,2,6,29,0,37,0,0,0,37
06/18/2000,LWB,WV,AEA,EN,Federal Contract Tower,2,10,46,0,58,0,0,13,0,13,2,10,59,0,71,6,0,6,77
06/19/2000,LWB,WV,AEA,EN,Federal Contract Tower,0,6,27,0,33,0,0,10,0,10,0,6,37,0,43,0,0,0,43
06/20/2000,LWB,WV,AEA,EN,Federal Contract Tower,0,6,24,0,30,0,0,12,0,12,0,6,36,0,42,0,0,0,42
06/21/2000,LWB,WV,AEA,EN,Federal Contract Tower,1,10,33,0,44,1,0,8,0,9,2,10,41,0,53,0,0,0,53
06/22/2000,LWB,WV,AEA,EN,Federal Contract Tower,0,6,23,0,29,0,0,11,0,11,0,6,34,0,40,150,0,150,190
06/23/2000,LWB,WV,AEA,EN,Federal Contract Tower,0,5,19,0,24,0,3,8,9,20,0,8,27,9,44,124,0,124,168
06/24/2000,LWB,WV,AEA,EN,Federal Contract Tower,0,5,15,0,20,2,0,25,0,27,2,5,40,0,47,0,0,0,47
06/25/2000,LWB,WV,AEA,EN,Federal Contract Tower,0,6,23,0,29,2,1,14,0,17,2,7,37,0,46,8,0,8,54
06/26/2000,LWB,WV,AEA,EN,Federal Contract Tower,0,6,20,0,26,0,2,43,12,57,0,8,63,12,83,0,6,6,89
06/27/2000,LWB,WV,AEA,EN,Federal Contract Tower,0,6,19,0,25,0,1,20,5,26,0,7,39,5,51,4,6,10,61
06/28/2000,LWB,WV,AEA,EN,Federal Contract Tower,0,7,22,0,29,2,3,0,0,5,2,10,22,0,34,0,0,0,34
06/29/2000,LWB,WV,AEA,EN,Federal Contract Tower,0,7,25,0,32,0,1,18,0,19,0,8,43,0,51,134,0,134,185
06/30/2000,LWB,WV,AEA,EN,Federal Contract Tower,0,6,21,0,27,2,0,22,12,36,2,6,43,12,63,26,20,46,109
07/01/2000,LWB,WV,AEA,EN,Federal Contract Tower,2,4,23,0,29,0,0,48,0,48,2,4,71,0,77,36,0,36,113
07/02/2000,LWB,WV,AEA,EN,Federal Contract Tower,1,2,12,0,15,1,4,33,6,44,2,6,45,6,59,0,248,248,307
07/03/2000,LWB,WV,AEA,EN,Federal Contract Tower,0,2,10,0,12,0,0,18,9,27,0,2,28,9,39,112,4,116,155
07/04/2000,LWB,WV,AEA,EN,Federal Contract Tower,0,3,13,0,16,0,3,2,1,6,0,6,15,1,22,0,0,0,22
07/05/2000,LWB,WV,AEA,EN,Federal Contract Tower,1,6,18,0,25,1,3,0,0,4,2,9,18,0,29,0,0,0,29
07/06/2000,LWB,WV,AEA,EN,Federal Contract Tower,0,4,16,0,20,0,5,18,0,23,0,9,34,0,43,0,0,0,43
07/07/2000,LWB,WV,AEA,EN,Federal Contract Tower,0,4,17,0,21,0,2,37,0,39,0,6,54,0,60,128,0,128,188
07/08/2000,LWB,WV,AEA,EN,Federal Contract Tower,1,4,16,0,21,1,0,13,4,18,2,4,29,4,39,0,0,0,39
07/09/2000,LWB,WV,AEA,EN,Federal Contract Tower,1,7,22,0,30,1,6,22,2,31,2,13,44,2,61,0,0,0,61
07/10/2000,LWB,WV,AEA,EN,Federal Contract Tower,0,8,18,0,26,0,8,1,0,9,0,16,19,0,35,0,0,0,35
07/11/2000,LWB,WV,AEA,EN,Federal Contract Tower,0,8,22,0,30,0,0,0,7,7,0,8,22,7,37,0,0,0,37
07/12/2000,LWB,WV,AEA,EN,Federal Contract Tower,2,9,30,0,41,0,0,9,4,13,2,9,39,4,54,126,12,138,192
07/13/2000,LWB,WV,AEA,EN,Federal Contract Tower,0,13,32,0,45,0,2,1,0,3,0,15,33,0,48,0,0,0,48
07/14/2000,LWB,WV,AEA,EN,Federal Contract Tower,0,8,24,0,32,0,0,35,0,35,0,8,59,0,67,166,0,166,233
07/15/2000,LWB,WV,AEA,EN,Federal Contract Tower,1,6,21,1,29,1,0,18,0,19,2,6,39,1,48,0,0,0,48
07/16/2000,LWB,WV,AEA,EN,Federal Contract Tower,1,6,39,0,46,1,0,20,0,21,2,6,59,0,67,0,0,0,67
07/17/2000,LWB,WV,AEA,EN,Federal Contract Tower,0,11,27,0,38,0,0,14,0,14,0,11,41,0,52,0,0,0,52
07/18/2000,LWB,WV,AEA,EN,Federal Contract Tower,0,8,30,1,39,0,0,30,1,31,0,8,60,2,70,206,0,206,276
07/19/2000,LWB,WV,AEA,EN,Federal Contract Tower,1,9,25,0,35,1,0,8,0,9,2,9,33,0,44,0,0,0,44
07/20/2000,LWB,WV,AEA,EN,Federal Contract Tower,0,8,27,1,36,0,0,27,1,28,0,8,54,2,64,0,0,0,64
07/21/2000,LWB,WV,AEA,EN,Federal Contract Tower,0,8,18,1,27,0,0,21,5,26,0,8,39,6,53,20,0,20,73
07/22/2000,LWB,WV,AEA,EN,Federal Contract Tower,0,6,16,0,22,2,0,19,0,21,2,6,35,0,43,16,0,16,59
07/23/2000,LWB,WV,AEA,EN,Federal Contract Tower,1,6,23,0,30,1,0,12,0,13,2,6,35,0,43,0,0,0,43
07/24/2000,LWB,WV,AEA,EN,Federal Contract Tower,0,10,28,0,38,0,0,3,0,3,0,10,31,0,41,0,0,0,41
07/25/2000,LWB,WV,AEA,EN,Federal Contract Tower,0,8,21,0,29,0,0,19,0,19,0,8,40,0,48,0,0,0,48
07/26/2000,LWB,WV,AEA,EN,Federal Contract Tower,0,7,15,0,22,4,0,8,0,12,4,7,23,0,34,0,0,0,34
07/27/2000,LWB,WV,AEA,EN,Federal Contract Tower,0,7,27,1,35,0,0,55,1,56,0,7,82,2,91,44,0,44,135
07/28/2000,LWB,WV,AEA,EN,Federal Contract Tower,0,4,8,0,12,0,0,8,0,8,0,4,16,0,20,2,0,2,22
07/29/2000,LWB,WV,AEA,EN,Federal Contract Tower,0,4,10,1,15,2,1,6,4,13,2,5,16,5,28,0,0,0,28
07/30/2000,LWB,WV,AEA,EN,Federal Contract Tower,0,7,15,0,22,2,1,5,0,8,2,8,20,0,30,0,0,0,30
07/31/2000,LWB,WV,AEA,EN,Federal Contract Tower,0,5,6,0,11,0,7,0,0,7,0,12,6,0,18,0,0,0,18
08/01/2000,LWB,WV,AEA,EN,Federal Contract Tower,0,2,7,0,9,0,6,2,0,8,0,8,9,0,17,0,0,0,17
08/02/2000,LWB,WV,AEA,EN,Federal Contract Tower,1,6,11,0,18,1,4,0,0,5,2,10,11,0,23,0,0,0,23
08/03/2000,LWB,WV,AEA,EN,Federal Contract Tower,0,5,12,0,17,0,4,13,0,17,0,9,25,0,34,0,0,0,34
08/04/2000,LWB,WV,AEA,EN,Federal Contract Tower,0,13,28,0,41,0,1,14,0,15,0,14,42,0,56,0,0,0,56
08/05/2000,LWB,WV,AEA,EN,Federal Contract Tower,0,4,11,1,16,2,0,19,2,23,2,4,30,3,39,0,0,0,39
08/06/2000,LWB,WV,AEA,EN,Federal Contract Tower,2,9,19,0,30,0,3,19,0,22,2,12,38,0,52,0,0,0,52
08/07/2000,LWB,WV,AEA,EN,Federal Contract Tower,0,5,9,0,14,0,3,4,0,7,0,8,13,0,21,0,0,0,21
08/08/2000,LWB,WV,AEA,EN,Federal Contract Tower,0,6,13,1,20,0,0,40,1,41,0,6,53,2,61,2,0,2,63
08/09/2000,LWB,WV,AEA,EN,Federal Contract Tower,2,9,19,0,30,0,1,28,0,29,2,10,47,0,59,0,0,0,59
08/10/2000,LWB,WV,AEA,EN,Federal Contract Tower,0,6,19,0,25,0,0,23,0,23,0,6,42,0,48,10,0,10,58
08/11/2000,LWB,WV,AEA,EN,Federal Contract Tower,2,6,20,0,28,0,0,36,0,36,2,6,56,0,64,16,0,16,80
08/12/2000,LWB,WV,AEA,EN,Federal Contract Tower,0,4,13,0,17,2,0,107,3,112,2,4,120,3,129,40,0,40,169
08/13/2000,LWB,WV,AEA,EN,Federal Contract Tower,2,12,25,0,39,0,0,55,0,55,2,12,80,0,94,16,0,16,110
08/14/2000,LWB,WV,AEA,EN,Federal Contract Tower,0,4,10,0,14,0,2,28,0,30,0,6,38,0,44,0,0,0,44
08/15/2000,LWB,WV,AEA,EN,Federal Contract Tower,0,6,16,0,22,0,0,40,46,86,0,6,56,46,108,216,128,344,452
08/16/2000,LWB,WV,AEA,EN,Federal Contract Tower,0,7,18,0,25,2,0,19,0,21,2,7,37,0,46,70,0,70,116
08/17/2000,LWB,WV,AEA,EN,Federal Contract Tower,0,8,22,0,30,0,0,32,2,34,0,8,54,2,64,152,138,290,354
08/18/2000,LWB,WV,AEA,EN,Federal Contract Tower,0,10,20,0,30,0,2,9,0,11,0,12,29,0,41,0,0,0,41
08/19/2000,LWB,WV,AEA,EN,Federal Contract Tower,0,6,18,0,24,2,0,68,2,72,2,6,86,2,96,10,0,10,106
08/20/2000,LWB,WV,AEA,EN,Federal Contract Tower,2,10,23,0,35,0,0,43,0,43,2,10,66,0,78,14,0,14,92
08/21/2000,LWB,WV,AEA,EN,Federal Contract Tower,0,7,15,0,22,0,1,30,0,31,0,8,45,0,53,0,0,0,53
08/22/2000,LWB,WV,AEA,EN,Federal Contract Tower,0,8,17,0,25,0,0,19,2,21,0,8,36,2,46,14,4,18,64
08/23/2000,LWB,WV,AEA,EN,Federal Contract Tower,0,7,17,0,24,2,0,4,0,6,2,7,21,0,30,0,0,0,30
08/24/2000,LWB,WV,AEA,EN,Federal Contract Tower,2,8,30,0,40,0,0,16,0,16,2,8,46,0,56,0,0,0,56
08/25/2000,LWB,WV,AEA,EN,Federal Contract Tower,0,7,15,0,22,0,3,22,2,27,0,10,37,2,49,8,10,18,67
08/26/2000,LWB,WV,AEA,EN,Federal Contract Tower,2,7,22,0,31,1,0,36,1,38,3,7,58,1,69,10,0,10,79
08/27/2000,LWB,WV,AEA,EN,Federal Contract Tower,2,5,19,0,26,0,0,7,0,7,2,5,26,0,33,0,0,0,33
08/28/2000,LWB,WV,AEA,EN,Federal Contract Tower,0,5,11,0,16,0,1,5,0,6,0,6,16,0,22,0,0,0,22
08/29/2000,LWB,WV,AEA,EN,Federal Contract Tower,0,4,9,0,13,0,2,19,0,21,0,6,28,0,34,10,0,10,44
08/30/2000,LWB,WV,AEA,EN,Federal Contract Tower,0,7,15,0,22,2,5,1,0,8,2,12,16,0,30,172,0,172,202
08/31/2000,LWB,WV,AEA,EN,Federal Contract Tower,0,6,19,0,25,0,0,8,2,10,0,6,27,2,35,0,0,0,35
09/01/2000,LWB,WV,AEA,EN,Federal Contract Tower,0,5,21,0,26,0,6,11,0,17,0,11,32,0,43,10,0,10,53
09/02/2000,LWB,WV,AEA,EN,Federal Contract Tower,2,4,25,0,31,0,0,12,14,26,2,4,37,14,57,0,0,0,57
09/03/2000,LWB,WV,AEA,EN,Federal Contract Tower,1,2,14,0,17,1,4,31,0,36,2,6,45,0,53,6,0,6,59
09/04/2000,LWB,WV,AEA,EN,Federal Contract Tower,0,6,25,0,31,0,6,29,0,35,0,12,54,0,66,2,0,2,68
09/05/2000,LWB,WV,AEA,EN,Federal Contract Tower,0,11,37,0,48,0,1,5,0,6,0,12,42,0,54,10,0,10,64
09/06/2000,LWB,WV,AEA,EN,Federal Contract Tower,1,3,13,0,17,1,5,1,2,9,2,8,14,2,26,160,162,322,348
09/07/2000,LWB,WV,AEA,EN,Federal Contract Tower,0,6,19,0,25,0,4,47,0,51,0,10,66,0,76,0,0,0,76
09/08/2000,LWB,WV,AEA,EN,Federal Contract Tower,2,6,21,0,29,0,0,35,0,35,2,6,56,0,64,6,0,6,70
09/09/2000,LWB,WV,AEA,EN,Federal Contract Tower,1,4,15,0,20,1,0,45,2,48,2,4,60,2,68,8,4,12,80
09/10/2000,LWB,WV,AEA,EN,Federal Contract Tower,2,12,36,0,50,0,1,26,2,29,2,13,62,2,79,0,176,176,255
09/11/2000,LWB,WV,AEA,EN,Federal Contract Tower,0,5,14,0,19,0,4,0,2,6,0,9,14,2,25,0,10,10,35
09/12/2000,LWB,WV,AEA,EN,Federal Contract Tower,0,9,25,0,34,0,1,26,0,27,0,10,51,0,61,162,0,162,223
09/13/2000,LWB,WV,AEA,EN,Federal Contract Tower,1,7,22,1,31,1,3,15,26,45,2,10,37,27,76,10,164,174,250
09/14/2000,LWB,WV,AEA,EN,Federal Contract Tower,3,7,43,1,54,1,0,35,6,42,4,7,78,7,96,0,0,0,96
09/15/2000,LWB,WV,AEA,EN,Federal Contract Tower,0,6,18,1,25,0,2,22,1,25,0,8,40,2,50,314,0,314,364
09/16/2000,LWB,WV,AEA,EN,Federal Contract Tower,0,4,14,1,19,2,0,28,45,75,2,4,42,46,94,25,154,179,273
09/17/2000,LWB,WV,AEA,EN,Federal Contract Tower,2,8,33,1,44,1,0,243,5,249,3,8,276,6,293,0,0,0,293
09/18/2000,LWB,WV,AEA,EN,Federal Contract Tower,0,6,18,1,25,0,1,10,1,12,0,7,28,2,37,0,12,12,49
09/19/2000,LWB,WV,AEA,EN,Federal Contract Tower,0,7,22,1,30,0,1,8,1,10,0,8,30,2,40,0,8,8,48
09/20/2000,LWB,WV,AEA,EN,Federal Contract Tower,1,6,20,0,27,1,0,9,0,10,2,6,29,0,37,0,0,0,37
09/21/2000,LWB,WV,AEA,EN,Federal Contract Tower,2,9,37,0,48,0,0,30,0,30,2,9,67,0,78,22,0,22,100
09/22/2000,LWB,WV,AEA,EN,Federal Contract Tower,0,8,27,0,35,0,0,50,0,50,0,8,77,0,85,0,0,0,85
09/23/2000,LWB,WV,AEA,EN,Federal Contract Tower,1,8,28,1,38,1,0,20,2,23,2,8,48,3,61,160,6,166,227
09/24/2000,LWB,WV,AEA,EN,Federal Contract Tower,2,8,42,1,53,0,0,15,1,16,2,8,57,2,69,0,160,160,229
09/25/2000,LWB,WV,AEA,EN,Federal Contract Tower,0,6,17,0,23,0,0,2,0,2,0,6,19,0,25,0,0,0,25
09/26/2000,LWB,WV,AEA,EN,Federal Contract Tower,0,7,21,0,28,0,0,7,0,7,0,7,28,0,35,0,0,0,35
09/27/2000,LWB,WV,AEA,EN,Federal Contract Tower,1,9,37,0,47,5,0,13,4,22,6,9,50,4,69,0,4,4,73
09/28/2000,LWB,WV,AEA,EN,Federal Contract Tower,0,6,18,0,24,0,0,16,7,23,0,6,34,7,47,6,154,160,207
09/29/2000,LWB,WV,AEA,EN,Federal Contract Tower,0,8,41,0,49,0,0,35,1,36,0,8,76,1,85,4,0,4,89
09/30/2000,LWB,WV,AEA,EN,Federal Contract Tower,2,14,51,0,67,2,0,45,57,104,4,14,96,57,171,0,22,22,193
10/01/2000,LWB,WV,AEA,EN,Federal Contract Tower,3,6,32,0,41,1,0,37,3,41,4,6,69,3,82,2,0,2,84
10/02/2000,LWB,WV,AEA,EN,Federal Contract Tower,0,3,12,0,15,0,4,7,0,11,0,7,19,0,26,0,0,0,26
10/03/2000,LWB,WV,AEA,EN,Federal Contract Tower,0,9,43,0,52,0,0,59,4,63,0,9,102,4,115,0,0,0,115
10/04/2000,LWB,WV,AEA,EN,Federal Contract Tower,2,17,53,0,72,0,2,22,0,24,2,19,75,0,96,12,0,12,108
10/05/2000,LWB,WV,AEA,EN,Federal Contract Tower,0,7,23,0,30,0,3,12,0,15,0,10,35,0,45,10,0,10,55
10/06/2000,LWB,WV,AEA,EN,Federal Contract Tower,2,6,20,0,28,0,0,18,1,19,2,6,38,1,47,18,0,18,65
10/07/2000,LWB,WV,AEA,EN,Federal Contract Tower,1,5,11,0,17,1,0,15,0,16,2,5,26,0,33,0,0,0,33
10/08/2000,LWB,WV,AEA,EN,Federal Contract Tower,2,11,33,0,46,0,0,32,1,33,2,11,65,1,79,4,0,4,83
10/09/2000,LWB,WV,AEA,EN,Federal Contract Tower,0,8,29,0,37,0,0,18,2,20,0,8,47,2,57,0,0,0,57
10/10/2000,LWB,WV,AEA,EN,Federal Contract Tower,0,5,16,0,21,0,1,19,0,20,0,6,35,0,41,150,0,150,191
10/11/2000,LWB,WV,AEA,EN,Federal Contract Tower,2,10,26,0,38,0,0,21,8,29,2,10,47,8,67,0,0,0,67
10/12/2000,LWB,WV,AEA,EN,Federal Contract Tower,4,8,57,0,69,2,0,63,0,65,6,8,120,0,134,0,0,0,134
10/13/2000,LWB,WV,AEA,EN,Federal Contract Tower,0,6,18,0,24,0,1,36,5,42,0,7,54,5,66,10,150,160,226
10/14/2000,LWB,WV,AEA,EN,Federal Contract Tower,1,4,9,0,14,1,0,56,4,61,2,4,65,4,75,4,0,4,79
10/15/2000,LWB,WV,AEA,EN,Federal Contract Tower,5,9,59,0,73,3,0,79,7,89,8,9,138,7,162,2,150,152,314
10/16/2000,LWB,WV,AEA,EN,Federal Contract Tower,0,5,16,1,22,0,1,25,3,29,0,6,41,4,51,6,0,6,57
10/17/2000,LWB,WV,AEA,EN,Federal Contract Tower,0,7,21,1,29,0,2,16,11,29,0,9,37,12,58,0,0,0,58
10/18/2000,LWB,WV,AEA,EN,Federal Contract Tower,2,18,50,1,71,0,4,17,1,22,2,22,67,2,93,0,150,150,243
10/19/2000,LWB,WV,AEA,EN,Federal Contract Tower,0,8,23,1,32,0,0,19,0,19,0,8,42,1,51,0,0,0,51
10/20/2000,LWB,WV,AEA,EN,Federal Contract Tower,2,14,40,1,57,8,7,17,15,47,10,21,57,16,104,160,0,160,264
10/21/2000,LWB,WV,AEA,EN,Federal Contract Tower,1,6,17,1,25,1,3,30,5,39,2,9,47,6,64,0,0,0,64
10/22/2000,LWB,WV,AEA,EN,Federal Contract Tower,3,11,49,0,63,6,0,50,0,56,9,11,99,0,119,0,0,0,119
10/23/2000,LWB,WV,AEA,EN,Federal Contract Tower,1,6,17,0,24,0,1,31,0,32,1,7,48,0,56,174,0,174,230
10/24/2000,LWB,WV,AEA,EN,Federal Contract Tower,0,6,20,0,26,0,2,43,0,45,0,8,63,0,71,150,0,150,221
10/25/2000,LWB,WV,AEA,EN,Federal Contract Tower,2,9,31,0,42,0,0,23,0,23,2,9,54,0,65,0,0,0,65
10/26/2000,LWB,WV,AEA,EN,Federal Contract Tower,0,6,18,0,24,0,4,13,2,19,0,10,31,2,43,26,0,26,69
10/27/2000,LWB,WV,AEA,EN,Federal Contract Tower,0,9,26,0,35,0,3,32,2,37,0,12,58,2,72,16,10,26,98
10/28/2000,LWB,WV,AEA,EN,Federal Contract Tower,1,5,17,0,23,1,1,15,0,17,2,6,32,0,40,0,0,0,40
10/29/2000,LWB,WV,AEA,EN,Federal Contract Tower,1,10,28,0,39,1,2,33,0,36,2,12,61,0,75,0,0,0,75
10/30/2000,LWB,WV,AEA,EN,Federal Contract Tower,0,4,12,0,16,0,2,13,6,21,0,6,25,6,37,14,0,14,51
10/31/2000,LWB,WV,AEA,EN,Federal Contract Tower,0,4,12,0,16,0,4,41,0,45,0,8,53,0,61,0,0,0,61
11/01/2000,LWB,WV,AEA,EN,Federal Contract Tower,0,7,12,1,20,0,1,24,3,28,0,8,36,4,48,12,14,26,74
11/02/2000,LWB,WV,AEA,EN,Federal Contract Tower,1,7,20,2,30,3,0,28,24,55,4,7,48,26,85,4,36,40,125
11/03/2000,LWB,WV,AEA,EN,Federal Contract Tower,0,6,15,0,21,0,0,18,0,18,0,6,33,0,39,0,0,0,39
11/04/2000,LWB,WV,AEA,EN,Federal Contract Tower,0,4,7,0,11,0,0,6,0,6,0,4,13,0,17,0,0,0,17
11/05/2000,LWB,WV,AEA,EN,Federal Contract Tower,0,5,8,0,13,0,1,47,4,52,0,6,55,4,65,4,0,4,69
11/06/2000,LWB,WV,AEA,EN,Federal Contract Tower,0,4,8,0,12,0,4,20,0,24,0,8,28,0,36,152,0,152,188
11/07/2000,LWB,WV,AEA,EN,Federal Contract Tower,0,5,8,0,13,0,1,2,0,3,0,6,10,0,16,0,0,0,16
11/08/2000,LWB,WV,AEA,EN,Federal Contract Tower,0,7,12,0,19,0,1,0,0,1,0,8,12,0,20,0,0,0,20
11/09/2000,LWB,WV,AEA,EN,Federal Contract Tower,0,5,7,0,12,0,1,2,0,3,0,6,9,0,15,0,0,0,15
11/10/2000,LWB,WV,AEA,EN,Federal Contract Tower,0,10,15,0,25,0,0,4,0,4,0,10,19,0,29,0,0,0,29
11/11/2000,LWB,WV,AEA,EN,Federal Contract Tower,0,3,4,1,8,0,1,13,3,17,0,4,17,4,25,0,6,6,31
11/12/2000,LWB,WV,AEA,EN,Federal Contract Tower,0,6,9,1,16,0,0,26,1,27,0,6,35,2,43,10,10,20,63
11/13/2000,LWB,WV,AEA,EN,Federal Contract Tower,0,6,8,0,14,0,3,21,0,24,0,9,29,0,38,6,0,6,44
11/14/2000,LWB,WV,AEA,EN,Federal Contract Tower,0,7,11,2,20,0,0,13,4,17,0,7,24,6,37,0,4,4,41
11/15/2000,LWB,WV,AEA,EN,Federal Contract Tower,0,6,8,1,15,0,2,21,5,28,0,8,29,6,43,22,4,26,69
11/16/2000,LWB,WV,AEA,EN,Federal Contract Tower,0,5,7,0,12,0,1,39,0,40,0,6,46,0,52,16,0,16,68
11/17/2000,LWB,WV,AEA,EN,Federal Contract Tower,0,6,9,1,16,4,0,9,1,14,4,6,18,2,30,0,0,0,30
11/18/2000,LWB,WV,AEA,EN,Federal Contract Tower,0,1,2,0,3,0,3,8,0,11,0,4,10,0,14,0,0,0,14
11/19/2000,LWB,WV,AEA,EN,Federal Contract Tower,0,6,9,0,15,0,0,24,0,24,0,6,33,0,39,10,0,10,49
11/20/2000,LWB,WV,AEA,EN,Federal Contract Tower,0,4,5,0,9,0,2,1,0,3,0,6,6,0,12,0,0,0,12
11/21/2000,LWB,WV,AEA,EN,Federal Contract Tower,0,8,12,0,20,0,0,9,0,9,0,8,21,0,29,0,0,0,29
11/22/2000,LWB,WV,AEA,EN,Federal Contract Tower,0,12,21,0,33,0,0,16,0,16,0,12,37,0,49,0,0,0,49
11/23/2000,LWB,WV,AEA,EN,Federal Contract Tower,0,2,5,0,7,0,0,22,0,22,0,2,27,0,29,2,0,2,31
11/24/2000,LWB,WV,AEA,EN,Federal Contract Tower,0,2,3,0,5,0,0,32,0,32,0,2,35,0,37,6,0,6,43
11/25/2000,LWB,WV,AEA,EN,Federal Contract Tower,0,7,13,0,20,0,0,2,0,2,0,7,15,0,22,0,0,0,22
11/26/2000,LWB,WV,AEA,EN,Federal Contract Tower,0,8,19,1,28,0,0,14,1,15,0,8,33,2,43,0,8,8,51
11/27/2000,LWB,WV,AEA,EN,Federal Contract Tower,0,6,8,0,14,0,0,16,0,16,0,6,24,0,30,0,0,0,30
11/28/2000,LWB,WV,AEA,EN,Federal Contract Tower,0,5,7,0,12,0,1,4,14,19,0,6,11,14,31,0,320,320,351
11/29/2000,LWB,WV,AEA,EN,Federal Contract Tower,0,4,6,0,10,0,2,9,2,13,0,6,15,2,23,0,150,150,173
11/30/2000,LWB,WV,AEA,EN,Federal Contract Tower,0,7,14,0,21,2,0,15,0,17,2,7,29,0,38,0,0,0,38
12/01/2000,LWB,WV,AEA,EN,Federal Contract Tower,0,6,12,0,18,0,0,26,2,28,0,6,38,2,46,0,170,170,216
12/02/2000,LWB,WV,AEA,EN,Federal Contract Tower,0,4,3,0,7,0,2,0,6,8,0,6,3,6,15,0,158,158,173
12/03/2000,LWB,WV,AEA,EN,Federal Contract Tower,0,9,8,0,17,0,0,10,0,10,0,9,18,0,27,0,0,0,27
12/04/2000,LWB,WV,AEA,EN,Federal Contract Tower,0,6,4,0,10,0,0,19,0,19,0,6,23,0,29,164,0,164,193
12/05/2000,LWB,WV,AEA,EN,Federal Contract Tower,0,6,8,1,15,0,0,2,1,3,0,6,10,2,18,0,0,0,18
12/06/2000,LWB,WV,AEA,EN,Federal Contract Tower,0,6,8,1,15,0,0,10,0,10,0,6,18,1,25,126,150,276,301
12/07/2000,LWB,WV,AEA,EN,Federal Contract Tower,0,6,13,0,19,0,0,5,0,5,0,6,18,0,24,0,0,0,24
12/08/2000,LWB,WV,AEA,EN,Federal Contract Tower,0,3,4,1,8,0,4,39,1,44,0,7,43,2,52,170,0,170,222
12/09/2000,LWB,WV,AEA,EN,Federal Contract Tower,0,4,9,1,14,0,0,16,5,21,0,4,25,6,35,6,0,6,41
12/10/2000,LWB,WV,AEA,EN,Federal Contract Tower,0,3,3,0,6,0,3,0,0,3,0,6,3,0,9,0,0,0,9
12/11/2000,LWB,WV,AEA,EN,Federal Contract Tower,0,0,2,0,2,0,0,2,0,2,0,0,4,0,4,0,0,0,4
12/12/2000,LWB,WV,AEA,EN,Federal Contract Tower,0,6,18,0,24,0,0,9,0,9,0,6,27,0,33,0,0,0,33
12/13/2000,LWB,WV,AEA,EN,Federal Contract Tower,0,6,8,1,15,0,1,9,4,14,0,7,17,5,29,2,154,156,185
12/14/2000,LWB,WV,AEA,EN,Federal Contract Tower,0,4,3,0,7,2,2,0,0,4,2,6,3,0,11,0,0,0,11
12/15/2000,LWB,WV,AEA,EN,Federal Contract Tower,0,6,9,0,15,0,0,15,2,17,0,6,24,2,32,0,10,10,42
12/16/2000,LWB,WV,AEA,EN,Federal Contract Tower,0,3,3,0,6,0,1,0,0,1,0,4,3,0,7,0,0,0,7
12/17/2000,LWB,WV,AEA,EN,Federal Contract Tower,0,3,5,0,8,0,1,0,0,1,0,4,5,0,9,0,0,0,9
12/18/2000,LWB,WV,AEA,EN,Federal Contract Tower,0,4,7,0,11,0,0,32,6,38,0,4,39,6,49,16,0,16,65
12/19/2000,LWB,WV,AEA,EN,Federal Contract Tower,0,6,8,0,14,0,0,2,0,2,0,6,10,0,16,150,0,150,166
12/20/2000,LWB,WV,AEA,EN,Federal Contract Tower,0,6,8,0,14,0,0,7,2,9,0,6,15,2,23,0,2,2,25
12/21/2000,LWB,WV,AEA,EN,Federal Contract Tower,0,7,9,0,16,0,9,5,1,15,0,16,14,1,31,20,0,20,51
12/22/2000,LWB,WV,AEA,EN,Federal Contract Tower,0,5,8,0,13,0,1,1,0,2,0,6,9,0,15,0,0,0,15
12/23/2000,LWB,WV,AEA,EN,Federal Contract Tower,0,4,8,0,12,0,0,26,4,30,0,4,34,4,42,0,14,14,56
12/24/2000,LWB,WV,AEA,EN,Federal Contract Tower,0,4,5,0,9,0,4,0,0,4,0,8,5,0,13,0,0,0,13
12/25/2000,LWB,WV,AEA,EN,Federal Contract Tower,0,0,2,0,2,0,2,2,0,4,0,2,4,0,6,0,0,0,6
12/26/2000,LWB,WV,AEA,EN,Federal Contract Tower,0,6,11,0,17,0,0,43,0,43,0,6,54,0,60,24,0,24,84
12/27/2000,LWB,WV,AEA,EN,Federal Contract Tower,0,6,10,0,16,0,0,5,0,5,0,6,15,0,21,0,0,0,21
12/28/2000,LWB,WV,AEA,EN,Federal Contract Tower,0,4,7,0,11,0,2,19,0,21,0,6,26,0,32,0,0,0,32
12/29/2000,LWB,WV,AEA,EN,Federal Contract Tower,0,7,11,0,18,0,1,14,0,15,0,8,25,0,33,0,0,0,33
12/30/2000,LWB,WV,AEA,EN,Federal Contract Tower,0,3,5,0,8,0,1,1,0,2,0,4,6,0,10,0,0,0,10
12/31/2000,LWB,WV,AEA,EN,Federal Contract Tower,0,5,7,0,12,0,1,1,0,2,0,6,8,0,14,0,0,0,14
01/01/2001,LWB,WV,AEA,EN,Federal Contract Tower,0,4,5,0,9,0,0,15,0,15,0,4,20,0,24,0,0,0,24
01/02/2001,LWB,WV,AEA,EN,Federal Contract Tower,0,6,7,0,13,0,2,4,0,6,0,8,11,0,19,0,0,0,19
01/03/2001,LWB,WV,AEA,EN,Federal Contract Tower,0,5,6,0,11,0,1,20,2,23,0,6,26,2,34,210,0,210,244
01/04/2001,LWB,WV,AEA,EN,Federal Contract Tower,0,4,4,0,8,0,2,0,0,2,0,6,4,0,10,0,0,0,10
01/05/2001,LWB,WV,AEA,EN,Federal Contract Tower,0,3,5,0,8,0,3,1,0,4,0,6,6,0,12,0,0,0,12
01/06/2001,LWB,WV,AEA,EN,Federal Contract Tower,0,2,5,0,7,0,3,2,8,13,0,5,7,8,20,0,130,130,150
01/07/2001,LWB,WV,AEA,EN,Federal Contract Tower,0,3,6,0,9,0,4,12,2,18,0,7,18,2,27,0,10,10,37
01/08/2001,LWB,WV,AEA,EN,Federal Contract Tower,0,4,2,0,6,0,2,0,0,2,0,6,2,0,8,0,0,0,8
01/09/2001,LWB,WV,AEA,EN,Federal Contract Tower,0,6,6,0,12,0,2,4,0,6,0,8,10,0,18,0,0,0,18
01/10/2001,LWB,WV,AEA,EN,Federal Contract Tower,0,4,5,0,9,2,0,11,0,13,2,4,16,0,22,0,0,0,22
01/11/2001,LWB,WV,AEA,EN,Federal Contract Tower,0,6,5,0,11,0,0,31,2,33,0,6,36,2,44,0,0,0,44
01/12/2001,LWB,WV,AEA,EN,Federal Contract Tower,0,5,6,0,11,0,0,10,2,12,0,5,16,2,23,0,178,178,201
01/13/2001,LWB,WV,AEA,EN,Federal Contract Tower,0,4,2,0,6,0,0,57,2,59,0,4,59,2,65,12,0,12,77
01/14/2001,LWB,WV,AEA,EN,Federal Contract Tower,0,7,5,0,12,0,0,8,4,12,0,7,13,4,24,0,134,134,158
01/15/2001,LWB,WV,AEA,EN,Federal Contract Tower,0,6,5,0,11,0,10,24,0,34,0,16,29,0,45,0,0,0,45
01/16/2001,LWB,WV,AEA,EN,Federal Contract Tower,0,4,2,0,6,0,0,3,0,3,0,4,5,0,9,0,0,0,9
01/17/2001,LWB,WV,AEA,EN,Federal Contract Tower,0,5,6,0,11,0,0,27,0,27,0,5,33,0,38,148,0,148,186
01/18/2001,LWB,WV,AEA,EN,Federal Contract Tower,0,6,7,0,13,0,0,2,0,2,0,6,9,0,15,0,0,0,15
01/19/2001,LWB,WV,AEA,EN,Federal Contract Tower,0,7,6,0,13,0,0,3,0,3,0,7,9,0,16,0,0,0,16
01/20/2001,LWB,WV,AEA,EN,Federal Contract Tower,0,2,0,0,2,0,0,0,0,0,0,2,0,0,2,0,0,0,2
01/21/2001,LWB,WV,AEA,EN,Federal Contract Tower,0,5,3,0,8,0,1,16,0,17,0,6,19,0,25,10,0,10,35
01/22/2001,LWB,WV,AEA,EN,Federal Contract Tower,0,4,3,0,7,0,0,49,0,49,0,4,52,0,56,0,0,0,56
01/23/2001,LWB,WV,AEA,EN,Federal Contract Tower,0,3,1,0,4,0,1,66,1,68,0,4,67,1,72,0,0,0,72
01/24/2001,LWB,WV,AEA,EN,Federal Contract Tower,0,4,3,0,7,0,0,12,2,14,0,4,15,2,21,10,150,160,181
01/25/2001,LWB,WV,AEA,EN,Federal Contract Tower,0,5,7,0,12,2,0,23,0,25,2,5,30,0,37,10,0,10,47
01/26/2001,LWB,WV,AEA,EN,Federal Contract Tower,0,4,3,0,7,0,0,26,2,28,0,4,29,2,35,190,62,252,287
01/27/2001,LWB,WV,AEA,EN,Federal Contract Tower,0,2,1,0,3,0,0,1,0,1,0,2,2,0,4,0,0,0,4
01/28/2001,LWB,WV,AEA,EN,Federal Contract Tower,0,8,7,0,15,0,4,28,0,32,0,12,35,0,47,36,0,36,83
01/29/2001,LWB,WV,AEA,EN,Federal Contract Tower,0,4,3,0,7,0,4,37,0,41,0,8,40,0,48,10,0,10,58
01/30/2001,LWB,WV,AEA,EN,Federal Contract Tower,0,4,2,0,6,0,0,1,0,1,0,4,3,0,7,0,0,0,7
01/31/2001,LWB,WV,AEA,EN,Federal Contract Tower,0,5,4,0,9,0,0,6,0,6,0,5,10,0,15,90,0,90,105
02/01/2001,LWB,WV,AEA,EN,Federal Contract Tower,1,6,10,0,17,1,0,1,6,8,2,6,11,6,25,0,20,20,45
02/02/2001,LWB,WV,AEA,EN,Federal Contract Tower,0,7,8,0,15,0,1,0,0,1,0,8,8,0,16,0,0,0,16
02/03/2001,LWB,WV,AEA,EN,Federal Contract Tower,0,1,2,0,3,0,1,23,0,24,0,2,25,0,27,6,0,6,33
02/04/2001,LWB,WV,AEA,EN,Federal Contract Tower,1,7,7,0,15,1,4,82,0,87,2,11,89,0,102,26,0,26,128
02/05/2001,LWB,WV,AEA,EN,Federal Contract Tower,0,3,2,0,5,0,5,0,0,5,0,8,2,0,10,10,0,10,20
02/06/2001,LWB,WV,AEA,EN,Federal Contract Tower,0,5,5,0,10,0,12,8,2,22,0,17,13,2,32,0,14,14,46
02/07/2001,LWB,WV,AEA,EN,Federal Contract Tower,0,6,9,4,19,0,0,24,2,26,0,6,33,6,45,34,124,158,203
02/08/2001,LWB,WV,AEA,EN,Federal Contract Tower,0,3,4,1,8,2,1,29,0,32,2,4,33,1,40,100,0,100,140
02/09/2001,LWB,WV,AEA,EN,Federal Contract Tower,0,4,4,0,8,0,0,18,0,18,0,4,22,0,26,0,0,0,26
02/10/2001,LWB,WV,AEA,EN,Federal Contract Tower,0,2,1,0,3,0,0,8,0,8,0,2,9,0,11,10,0,10,21
02/11/2001,LWB,WV,AEA,EN,Federal Contract Tower,0,5,6,0,11,0,1,51,0,52,0,6,57,0,63,54,0,54,117
02/12/2001,LWB,WV,AEA,EN,Federal Contract Tower,0,9,10,1,20,0,6,18,1,25,0,15,28,2,45,4,8,12,57
02/13/2001,LWB,WV,AEA,EN,Federal Contract Tower,0,3,3,0,6,0,1,12,0,13,0,4,15,0,19,28,0,28,47
02/14/2001,LWB,WV,AEA,EN,Federal Contract Tower,0,4,8,0,12,0,0,4,0,4,0,4,12,0,16,0,0,0,16
02/15/2001,LWB,WV,AEA,EN,Federal Contract Tower,0,3,4,0,7,0,1,2,0,3,0,4,6,0,10,0,0,0,10
02/16/2001,LWB,WV,AEA,EN,Federal Contract Tower,0,5,6,0,11,0,0,2,0,2,0,5,8,0,13,0,0,0,13
02/17/2001,LWB,WV,AEA,EN,Federal Contract Tower,0,6,6,0,12,0,2,3,0,5,0,8,9,0,17,10,0,10,27
02/18/2001,LWB,WV,AEA,EN,Federal Contract Tower,0,5,5,0,10,0,3,31,0,34,0,8,36,0,44,148,0,148,192
02/19/2001,LWB,WV,AEA,EN,Federal Contract Tower,0,8,10,0,18,0,2,23,0,25,0,10,33,0,43,0,0,0,43
02/20/2001,LWB,WV,AEA,EN,Federal Contract Tower,0,7,9,0,16,0,0,40,0,40,0,7,49,0,56,6,0,6,62
02/21/2001,LWB,WV,AEA,EN,Federal Contract Tower,0,4,6,0,10,0,0,18,6,24,0,4,24,6,34,0,16,16,50
02/22/2001,LWB,WV,AEA,EN,Federal Contract Tower,0,3,4,0,7,0,1,0,0,1,0,4,4,0,8,0,0,0,8
02/23/2001,LWB,WV,AEA,EN,Federal Contract Tower,0,4,10,0,14,0,0,25,1,26,0,4,35,1,40,20,0,20,60
02/24/2001,LWB,WV,AEA,EN,Federal Contract Tower,0,0,2,0,2,0,4,15,0,19,0,4,17,0,21,20,0,20,41
02/25/2001,LWB,WV,AEA,EN,Federal Contract Tower,0,4,8,0,12,0,0,3,2,5,0,4,11,2,17,0,0,0,17
02/26/2001,LWB,WV,AEA,EN,Federal Contract Tower,0,4,6,0,10,0,2,32,2,36,0,6,38,2,46,20,0,20,66
02/27/2001,LWB,WV,AEA,EN,Federal Contract Tower,0,6,7,0,13,0,0,21,0,21,0,6,28,0,34,42,0,42,76
02/28/2001,LWB,WV,AEA,EN,Federal Contract Tower,0,4,7,0,11,0,0,11,0,11,0,4,18,0,22,0,0,0,22
03/01/2001,LWB,WV,AEA,EN,Federal Contract Tower,0,2,5,0,7,0,4,26,10,40,0,6,31,10,47,0,204,204,251
03/02/2001,LWB,WV,AEA,EN,Federal Contract Tower,1,4,7,0,12,1,0,6,0,7,2,4,13,0,19,0,0,0,19
03/03/2001,LWB,WV,AEA,EN,Federal Contract Tower,0,4,5,0,9,0,0,32,4,36,0,4,37,4,45,40,0,40,85
03/04/2001,LWB,WV,AEA,EN,Federal Contract Tower,0,4,3,0,7,0,0,1,0,1,0,4,4,0,8,0,0,0,8
03/05/2001,LWB,WV,AEA,EN,Federal Contract Tower,0,3,1,0,4,0,1,0,0,1,0,4,1,0,5,0,0,0,5
03/06/2001,LWB,WV,AEA,EN,Federal Contract Tower,0,4,2,0,6,0,0,1,0,1,0,4,3,0,7,0,0,0,7
03/07/2001,LWB,WV,AEA,EN,Federal Contract Tower,0,4,6,0,10,0,0,3,0,3,0,4,9,0,13,0,0,0,13
03/08/2001,LWB,WV,AEA,EN,Federal Contract Tower,0,3,3,0,6,0,1,10,0,11,0,4,13,0,17,0,0,0,17
03/09/2001,LWB,WV,AEA,EN,Federal Contract Tower,0,6,7,1,14,0,0,7,1,8,0,6,14,2,22,0,0,0,22
03/10/2001,LWB,WV,AEA,EN,Federal Contract Tower,0,3,8,1,12,0,0,42,4,46,0,3,50,5,58,162,0,162,220
03/11/2001,LWB,WV,AEA,EN,Federal Contract Tower,0,4,5,1,10,0,1,18,5,24,0,5,23,6,34,144,6,150,184
03/12/2001,LWB,WV,AEA,EN,Federal Contract Tower,0,6,7,0,13,4,4,27,0,35,4,10,34,0,48,4,0,4,52
03/13/2001,LWB,WV,AEA,EN,Federal Contract Tower,0,5,6,0,11,0,3,13,0,16,0,8,19,0,27,0,0,0,27
03/14/2001,LWB,WV,AEA,EN,Federal Contract Tower,0,4,4,0,8,0,2,10,0,12,0,6,14,0,20,0,0,0,20
03/15/2001,LWB,WV,AEA,EN,Federal Contract Tower,0,2,4,0,6,0,2,0,0,2,0,4,4,0,8,0,0,0,8
03/16/2001,LWB,WV,AEA,EN,Federal Contract Tower,0,4,7,0,11,0,0,8,0,8,0,4,15,0,19,0,0,0,19
03/17/2001,LWB,WV,AEA,EN,Federal Contract Tower,0,1,0,0,1,0,3,0,0,3,0,4,0,0,4,0,0,0,4
03/18/2001,LWB,WV,AEA,EN,Federal Contract Tower,0,5,7,0,12,0,1,37,2,40,0,6,44,2,52,8,150,158,210
03/19/2001,LWB,WV,AEA,EN,Federal Contract Tower,0,4,6,0,10,0,4,62,2,68,0,8,68,2,78,36,0,36,114
03/20/2001,LWB,WV,AEA,EN,Federal Contract Tower,0,4,6,0,10,0,4,0,0,4,0,8,6,0,14,0,0,0,14
03/21/2001,LWB,WV,AEA,EN,Federal Contract Tower,0,4,6,0,10,0,0,0,0,0,0,4,6,0,10,0,0,0,10
03/22/2001,LWB,WV,AEA,EN,Federal Contract Tower,0,6,7,0,13,4,4,30,0,38,4,10,37,0,51,0,0,0,51
03/23/2001,LWB,WV,AEA,EN,Federal Contract Tower,0,6,9,0,15,0,0,48,0,48,0,6,57,0,63,122,0,122,185
03/24/2001,LWB,WV,AEA,EN,Federal Contract Tower,0,1,3,0,4,0,3,6,0,9,0,4,9,0,13,0,0,0,13
03/25/2001,LWB,WV,AEA,EN,Federal Contract Tower,0,5,6,0,11,0,1,34,0,35,0,6,40,0,46,0,0,0,46
03/26/2001,LWB,WV,AEA,EN,Federal Contract Tower,0,6,8,0,14,0,0,9,1,10,0,6,17,1,24,16,0,16,40
03/27/2001,LWB,WV,AEA,EN,Federal Contract Tower,0,3,5,0,8,0,8,24,0,32,0,11,29,0,40,10,0,10,50
03/28/2001,LWB,WV,AEA,EN,Federal Contract Tower,0,4,8,0,12,0,0,54,0,54,0,4,62,0,66,206,0,206,272
03/29/2001,LWB,WV,AEA,EN,Federal Contract Tower,0,4,8,0,12,0,0,4,0,4,0,4,12,0,16,0,0,0,16
03/30/2001,LWB,WV,AEA,EN,Federal Contract Tower,0,4,10,0,14,0,0,50,0,50,0,4,60,0,64,6,0,6,70
03/31/2001,LWB,WV,AEA,EN,Federal Contract Tower,0,0,2,0,2,0,2,6,0,8,0,2,8,0,10,12,0,12,22
04/01/2001,LWB,WV,AEA,EN,Federal Contract Tower,0,2,7,1,10,0,0,3,1,4,0,2,10,2,14,0,0,0,14
04/02/2001,LWB,WV,AEA,EN,Federal Contract Tower,0,4,7,0,11,0,5,8,0,13,0,9,15,0,24,0,0,0,24
04/03/2001,LWB,WV,AEA,EN,Federal Contract Tower,0,4,6,0,10,0,1,1,0,2,0,5,7,0,12,0,0,0,12
04/04/2001,LWB,WV,AEA,EN,Federal Contract Tower,0,6,4,0,10,0,0,15,4,19,0,6,19,4,29,14,0,14,43
04/05/2001,LWB,WV,AEA,EN,Federal Contract Tower,2,4,3,0,9,0,4,32,4,40,2,8,35,4,49,10,180,190,239
04/06/2001,LWB,WV,AEA,EN,Federal Contract Tower,0,8,6,0,14,0,2,8,0,10,0,10,14,0,24,10,0,10,34
04/07/2001,LWB,WV,AEA,EN,Federal Contract Tower,0,2,10,0,12,0,0,29,2,31,0,2,39,2,43,100,136,236,279
04/08/2001,LWB,WV,AEA,EN,Federal Contract Tower,0,6,9,0,15,0,0,7,4,11,0,6,16,4,26,0,128,128,154
04/09/2001,LWB,WV,AEA,EN,Federal Contract Tower,0,7,3,2,12,0,6,45,6,57,0,13,48,8,69,10,0,10,79
04/10/2001,LWB,WV,AEA,EN,Federal Contract Tower,0,7,4,0,11,0,4,32,0,36,0,11,36,0,47,6,0,6,53
04/11/2001,LWB,WV,AEA,EN,Federal Contract Tower,0,6,18,0,24,0,4,46,2,52,0,10,64,2,76,26,10,36,112
04/12/2001,LWB,WV,AEA,EN,Federal Contract Tower,0,6,18,0,24,0,0,7,0,7,0,6,25,0,31,0,0,0,31
04/13/2001,LWB,WV,AEA,EN,Federal Contract Tower,0,4,8,0,12,0,0,2,0,2,0,4,10,0,14,0,0,0,14
04/14/2001,LWB,WV,AEA,EN,Federal Contract Tower,0,2,8,0,10,0,0,24,0,24,0,2,32,0,34,0,0,0,34
04/15/2001,LWB,WV,AEA,EN,Federal Contract Tower,0,6,8,0,14,0,0,2,0,2,0,6,10,0,16,2,0,2,18
04/16/2001,LWB,WV,AEA,EN,Federal Contract Tower,0,2,15,0,17,0,0,10,0,10,0,2,25,0,27,0,0,0,27
04/17/2001,LWB,WV,AEA,EN,Federal Contract Tower,0,4,8,2,14,0,0,0,0,0,0,4,8,2,14,0,0,0,14
04/18/2001,LWB,WV,AEA,EN,Federal Contract Tower,0,4,2,6,12,0,0,7,0,7,0,4,9,6,19,0,0,0,19
04/19/2001,LWB,WV,AEA,EN,Federal Contract Tower,2,4,8,0,14,2,0,41,4,47,4,4,49,4,61,6,0,6,67
04/20/2001,LWB,WV,AEA,EN,Federal Contract Tower,0,6,12,0,18,0,0,9,0,9,0,6,21,0,27,0,0,0,27
04/21/2001,LWB,WV,AEA,EN,Federal Contract Tower,0,2,3,0,5,0,0,49,0,49,0,2,52,0,54,30,0,30,84
04/22/2001,LWB,WV,AEA,EN,Federal Contract Tower,0,8,9,0,17,0,0,56,0,56,0,8,65,0,73,20,0,20,93
04/23/2001,LWB,WV,AEA,EN,Federal Contract Tower,0,4,2,0,6,0,0,20,0,20,0,4,22,0,26,0,0,0,26
04/24/2001,LWB,WV,AEA,EN,Federal Contract Tower,0,4,11,0,15,0,0,3,2,5,0,4,14,2,20,30,0,30,50
04/25/2001,LWB,WV,AEA,EN,Federal Contract Tower,0,9,11,0,20,0,2,37,0,39,0,11,48,0,59,10,0,10,69
04/26/2001,LWB,WV,AEA,EN,Federal Contract Tower,4,7,12,10,33,0,2,39,0,41,4,9,51,10,74,20,0,20,94
04/27/2001,LWB,WV,AEA,EN,Federal Contract Tower,2,8,12,4,26,0,2,54,9,65,2,10,66,13,91,2,14,16,107
04/28/2001,LWB,WV,AEA,EN,Federal Contract Tower,2,5,11,0,18,0,4,59,10,73,2,9,70,10,91,0,198,198,289
04/29/2001,LWB,WV,AEA,EN,Federal Contract Tower,2,4,14,0,20,0,0,20,6,26,2,4,34,6,46,22,116,138,184
04/30/2001,LWB,WV,AEA,EN,Federal Contract Tower,0,6,13,0,19,0,0,16,0,16,0,6,29,0,35,0,0,0,35
05/01/2001,LWB,WV,AEA,EN,Federal Contract Tower,0,7,14,0,21,0,0,52,0,52,0,7,66,0,73,126,0,126,199
05/02/2001,LWB,WV,AEA,EN,Federal Contract Tower,0,4,7,0,11,0,0,11,2,13,0,4,18,2,24,10,24,34,58
05/03/2001,LWB,WV,AEA,EN,Federal Contract Tower,1,9,18,6,34,0,6,34,0,40,1,15,52,6,74,56,122,178,252
05/04/2001,LWB,WV,AEA,EN,Federal Contract Tower,2,5,12,0,19,0,2,25,3,30,2,7,37,3,49,20,0,20,69
05/05/2001,LWB,WV,AEA,EN,Federal Contract Tower,0,4,11,0,15,0,0,16,0,16,0,4,27,0,31,4,0,4,35
05/06/2001,LWB,WV,AEA,EN,Federal Contract Tower,3,13,20,0,36,0,0,19,1,20,3,13,39,1,56,14,0,14,70
05/07/2001,LWB,WV,AEA,EN,Federal Contract Tower,0,6,14,0,20,0,0,43,0,43,0,6,57,0,63,180,0,180,243
05/08/2001,LWB,WV,AEA,EN,Federal Contract Tower,0,7,5,0,12,0,0,13,0,13,0,7,18,0,25,142,0,142,167
05/09/2001,LWB,WV,AEA,EN,Federal Contract Tower,3,15,104,0,122,0,0,35,0,35,3,15,139,0,157,0,0,0,157
05/10/2001,LWB,WV,AEA,EN,Federal Contract Tower,0,7,41,12,60,0,0,63,0,63,0,7,104,12,123,0,0,0,123
05/11/2001,LWB,WV,AEA,EN,Federal Contract Tower,3,11,87,0,101,0,0,31,9,40,3,11,118,9,141,10,0,10,151
05/12/2001,LWB,WV,AEA,EN,Federal Contract Tower,0,4,23,0,27,0,0,40,0,40,0,4,63,0,67,8,0,8,75
05/13/2001,LWB,WV,AEA,EN,Federal Contract Tower,2,4,24,0,30,0,0,32,7,39,2,4,56,7,69,12,136,148,217
05/14/2001,LWB,WV,AEA,EN,Federal Contract Tower,2,4,8,0,14,0,0,64,0,64,2,4,72,0,78,0,0,0,78
05/15/2001,LWB,WV,AEA,EN,Federal Contract Tower,0,4,13,1,18,0,0,3,1,4,0,4,16,2,22,0,0,0,22
05/16/2001,LWB,WV,AEA,EN,Federal Contract Tower,2,4,18,0,24,0,0,0,0,0,2,4,18,0,24,0,0,0,24
05/17/2001,LWB,WV,AEA,EN,Federal Contract Tower,0,4,24,4,32,0,0,4,0,4,0,4,28,4,36,8,0,8,44
05/18/2001,LWB,WV,AEA,EN,Federal Contract Tower,2,4,16,0,22,0,0,6,0,6,2,4,22,0,28,0,0,0,28
05/19/2001,LWB,WV,AEA,EN,Federal Contract Tower,0,5,11,0,16,0,0,16,0,16,0,5,27,0,32,0,0,0,32
05/20/2001,LWB,WV,AEA,EN,Federal Contract Tower,2,10,20,0,32,2,0,45,10,57,4,10,65,10,89,10,156,166,255
05/21/2001,LWB,WV,AEA,EN,Federal Contract Tower,0,4,17,0,21,0,0,14,4,18,0,4,31,4,39,0,6,6,45
05/22/2001,LWB,WV,AEA,EN,Federal Contract Tower,0,4,19,0,23,0,0,1,0,1,0,4,20,0,24,0,0,0,24
05/23/2001,LWB,WV,AEA,EN,Federal Contract Tower,2,8,25,0,35,0,0,56,12,68,2,8,81,12,103,10,0,10,113
05/24/2001,LWB,WV,AEA,EN,Federal Contract Tower,2,4,10,0,16,0,0,10,0,10,2,4,20,0,26,0,0,0,26
05/25/2001,LWB,WV,AEA,EN,Federal Contract Tower,2,12,22,0,36,0,0,7,0,7,2,12,29,0,43,10,0,10,53
05/26/2001,LWB,WV,AEA,EN,Federal Contract Tower,0,6,32,0,38,0,0,30,2,32,0,6,62,2,70,20,0,20,90
05/27/2001,LWB,WV,AEA,EN,Federal Contract Tower,2,2,16,0,20,0,0,8,0,8,2,2,24,0,28,0,0,0,28
05/28/2001,LWB,WV,AEA,EN,Federal Contract Tower,0,14,27,0,41,0,0,11,0,11,0,14,38,0,52,12,0,12,64
05/29/2001,LWB,WV,AEA,EN,Federal Contract Tower,0,7,36,0,43,0,0,27,0,27,0,7,63,0,70,0,0,0,70
05/30/2001,LWB,WV,AEA,EN,Federal Contract Tower,2,8,7,2,19,0,0,27,0,27,2,8,34,2,46,0,0,0,46
05/31/2001,LWB,WV,AEA,EN,Federal Contract Tower,0,6,27,0,33,0,0,24,0,24,0,6,51,0,57,0,0,0,57
06/01/2001,LWB,WV,AEA,EN,Federal Contract Tower,2,4,19,0,25,0,0,6,2,8,2,4,25,2,33,0,130,130,163
06/02/2001,LWB,WV,AEA,EN,Federal Contract Tower,0,8,9,2,19,0,0,9,2,11,0,8,18,4,30,0,6,6,36
06/03/2001,LWB,WV,AEA,EN,Federal Contract Tower,2,6,16,0,24,0,0,7,0,7,2,6,23,0,31,0,0,0,31
06/04/2001,LWB,WV,AEA,EN,Federal Contract Tower,0,6,17,0,23,0,0,19,2,21,0,6,36,2,44,22,0,22,66
06/05/2001,LWB,WV,AEA,EN,Federal Contract Tower,0,32,84,0,116,0,0,21,0,21,0,32,105,0,137,28,0,28,165
06/06/2001,LWB,WV,AEA,EN,Federal Contract Tower,2,10,51,0,63,0,0,21,0,21,2,10,72,0,84,6,0,6,90
06/07/2001,LWB,WV,AEA,EN,Federal Contract Tower,2,12,38,0,52,0,0,34,0,34,2,12,72,0,86,12,0,12,98
06/08/2001,LWB,WV,AEA,EN,Federal Contract Tower,2,47,186,0,235,0,0,41,2,43,2,47,227,2,278,0,0,0,278
06/09/2001,LWB,WV,AEA,EN,Federal Contract Tower,0,11,22,0,33,0,0,29,8,37,0,11,51,8,70,14,130,144,214
06/10/2001,LWB,WV,AEA,EN,Federal Contract Tower,2,16,44,0,62,0,0,89,10,99,2,16,133,10,161,10,166,176,337
06/11/2001,LWB,WV,AEA,EN,Federal Contract Tower,0,19,77,9,105,0,0,17,11,28,0,19,94,20,133,0,14,14,147
06/12/2001,LWB,WV,AEA,EN,Federal Contract Tower,2,16,17,2,37,0,2,31,2,35,2,18,48,4,72,26,12,38,110
06/13/2001,LWB,WV,AEA,EN,Federal Contract Tower,2,10,21,4,37,0,0,12,0,12,2,10,33,4,49,14,0,14,63
06/14/2001,LWB,WV,AEA,EN,Federal Contract Tower,0,5,22,0,27,0,0,18,4,22,0,5,40,4,49,0,14,14,63
06/15/2001,LWB,WV,AEA,EN,Federal Contract Tower,2,7,19,0,28,0,0,11,0,11,2,7,30,0,39,0,0,0,39
06/16/2001,LWB,WV,AEA,EN,Federal Contract Tower,0,4,18,0,22,0,0,13,0,13,0,4,31,0,35,6,0,6,41
06/17/2001,LWB,WV,AEA,EN,Federal Contract Tower,2,10,21,0,33,0,0,40,8,48,2,10,61,8,81,6,0,6,87
06/18/2001,LWB,WV,AEA,EN,Federal Contract Tower,0,6,14,4,24,0,0,35,8,43,0,6,49,12,67,54,0,54,121
06/19/2001,LWB,WV,AEA,EN,Federal Contract Tower,0,4,11,0,15,0,0,46,4,50,0,4,57,4,65,8,0,8,73
06/20/2001,LWB,WV,AEA,EN,Federal Contract Tower,2,10,11,0,23,0,0,23,4,27,2,10,34,4,50,52,130,182,232
06/21/2001,LWB,WV,AEA,EN,Federal Contract Tower,6,6,20,0,32,0,0,29,6,35,6,6,49,6,67,18,12,30,97
06/22/2001,LWB,WV,AEA,EN,Federal Contract Tower,2,10,7,0,19,0,0,41,0,41,2,10,48,0,60,0,254,254,314
06/23/2001,LWB,WV,AEA,EN,Federal Contract Tower,0,4,11,0,15,0,0,17,0,17,0,4,28,0,32,6,0,6,38
06/24/2001,LWB,WV,AEA,EN,Federal Contract Tower,6,8,14,0,28,0,0,52,18,70,6,8,66,18,98,0,0,0,98
06/25/2001,LWB,WV,AEA,EN,Federal Contract Tower,0,6,6,0,12,0,0,10,2,12,0,6,16,2,24,166,168,334,358
06/26/2001,LWB,WV,AEA,EN,Federal Contract Tower,0,11,18,0,29,0,0,17,6,23,0,11,35,6,52,14,0,14,66
06/27/2001,LWB,WV,AEA,EN,Federal Contract Tower,2,9,10,2,23,0,0,19,3,22,2,9,29,5,45,34,20,54,99
06/28/2001,LWB,WV,AEA,EN,Federal Contract Tower,0,8,10,0,18,0,0,22,3,25,0,8,32,3,43,0,164,164,207
06/29/2001,LWB,WV,AEA,EN,Federal Contract Tower,2,19,10,1,32,0,0,52,0,52,2,19,62,1,84,166,132,298,382
06/30/2001,LWB,WV,AEA,EN,Federal Contract Tower,0,13,17,1,31,0,0,44,17,61,0,13,61,18,92,150,0,150,242
07/01/2001,LWB,WV,AEA,EN,Federal Contract Tower,4,12,14,0,30,0,0,1,0,1,4,12,15,0,31,0,0,0,31
07/02/2001,LWB,WV,AEA,EN,Federal Contract Tower,2,4,7,6,19,0,4,25,2,31,2,8,32,8,50,22,0,22,72
07/03/2001,LWB,WV,AEA,EN,Federal Contract Tower,2,6,8,0,16,0,0,15,12,27,2,6,23,12,43,0,16,16,59
07/04/2001,LWB,WV,AEA,EN,Federal Contract Tower,4,5,1,0,10,0,0,0,2,2,4,5,1,2,12,0,18,18,30
07/05/2001,LWB,WV,AEA,EN,Federal Contract Tower,4,10,15,0,29,0,0,28,2,30,4,10,43,2,59,24,146,170,229
07/06/2001,LWB,WV,AEA,EN,Federal Contract Tower,4,10,12,4,30,0,0,51,2,53,4,10,63,6,83,8,4,12,95
07/07/2001,LWB,WV,AEA,EN,Federal Contract Tower,2,8,14,0,24,0,0,46,3,49,2,8,60,3,73,2,6,8,81
07/08/2001,LWB,WV,AEA,EN,Federal Contract Tower,4,11,23,0,38,0,0,20,0,20,4,11,43,0,58,0,0,0,58
07/09/2001,LWB,WV,AEA,EN,Federal Contract Tower,2,11,7,0,20,0,0,9,6,15,2,11,16,6,35,20,32,52,87
07/10/2001,LWB,WV,AEA,EN,Federal Contract Tower,2,9,14,0,25,0,0,38,0,38,2,9,52,0,63,10,0,10,73
07/11/2001,LWB,WV,AEA,EN,Federal Contract Tower,4,12,13,2,31,0,0,17,0,17,4,12,30,2,48,16,4,20,68
07/12/2001,LWB,WV,AEA,EN,Federal Contract Tower,2,9,12,2,25,0,0,47,2,49,2,9,59,4,74,12,0,12,86
07/13/2001,LWB,WV,AEA,EN,Federal Contract Tower,4,4,10,12,30,0,0,64,0,64,4,4,74,12,94,0,14,14,108
07/14/2001,LWB,WV,AEA,EN,Federal Contract Tower,2,5,7,0,14,0,0,46,0,46,2,5,53,0,60,6,0,6,66
07/15/2001,LWB,WV,AEA,EN,Federal Contract Tower,4,10,17,0,31,0,0,36,0,36,4,10,53,0,67,0,0,0,67
07/16/2001,LWB,WV,AEA,EN,Federal Contract Tower,2,2,11,0,15,0,0,24,0,24,2,2,35,0,39,10,0,10,49
07/17/2001,LWB,WV,AEA,EN,Federal Contract Tower,2,4,23,8,37,0,5,73,0,78,2,9,96,8,115,16,10,26,141
07/18/2001,LWB,WV,AEA,EN,Federal Contract Tower,4,7,28,6,45,0,0,11,2,13,4,7,39,8,58,10,0,10,68
07/19/2001,LWB,WV,AEA,EN,Federal Contract Tower,2,9,23,0,34,0,0,24,0,24,2,9,47,0,58,154,0,154,212
07/20/2001,LWB,WV,AEA,EN,Federal Contract Tower,4,8,26,2,40,0,0,22,0,22,4,8,48,2,62,18,0,18,80
07/21/2001,LWB,WV,AEA,EN,Federal Contract Tower,2,4,17,0,23,0,0,24,1,25,2,4,41,1,48,20,0,20,68
07/22/2001,LWB,WV,AEA,EN,Federal Contract Tower,4,8,43,0,55,0,0,38,4,42,4,8,81,4,97,0,0,0,97
07/23/2001,LWB,WV,AEA,EN,Federal Contract Tower,4,4,13,0,21,0,0,42,0,42,4,4,55,0,63,40,0,40,103
07/24/2001,LWB,WV,AEA,EN,Federal Contract Tower,2,4,19,0,25,0,0,30,0,30,2,4,49,0,55,10,0,10,65
07/25/2001,LWB,WV,AEA,EN,Federal Contract Tower,4,4,32,2,42,0,0,26,0,26,4,4,58,2,68,0,10,10,78
07/26/2001,LWB,WV,AEA,EN,Federal Contract Tower,2,12,28,0,42,0,0,0,0,0,2,12,28,0,42,0,0,0,42
07/27/2001,LWB,WV,AEA,EN,Federal Contract Tower,4,7,30,0,41,0,0,14,0,14,4,7,44,0,55,30,0,30,85
07/28/2001,LWB,WV,AEA,EN,Federal Contract Tower,2,4,11,0,17,0,0,2,0,2,2,4,13,0,19,140,0,140,159
07/29/2001,LWB,WV,AEA,EN,Federal Contract Tower,4,2,16,0,22,0,0,0,0,0,4,2,16,0,22,0,0,0,22
07/30/2001,LWB,WV,AEA,EN,Federal Contract Tower,2,8,16,0,26,0,0,17,0,17,2,8,33,0,43,22,0,22,65
07/31/2001,LWB,WV,AEA,EN,Federal Contract Tower,2,4,6,0,12,0,0,13,0,13,2,4,19,0,25,0,0,0,25
08/01/2001,LWB,WV,AEA,EN,Federal Contract Tower,4,6,22,10,42,0,0,15,0,15,4,6,37,10,57,4,0,4,61
08/02/2001,LWB,WV,AEA,EN,Federal Contract Tower,4,4,23,0,31,0,0,46,4,50,4,4,69,4,81,44,0,44,125
08/03/2001,LWB,WV,AEA,EN,Federal Contract Tower,4,8,16,2,30,0,0,35,2,37,4,8,51,4,67,170,4,174,241
08/04/2001,LWB,WV,AEA,EN,Federal Contract Tower,2,9,11,0,22,0,0,13,6,19,2,9,24,6,41,0,0,0,41
08/05/2001,LWB,WV,AEA,EN,Federal Contract Tower,4,6,29,0,39,0,0,54,2,56,4,6,83,2,95,26,0,26,121
08/06/2001,LWB,WV,AEA,EN,Federal Contract Tower,2,4,8,1,15,0,0,42,1,43,2,4,50,2,58,26,0,26,84
08/07/2001,LWB,WV,AEA,EN,Federal Contract Tower,2,4,9,0,15,0,0,21,0,21,2,4,30,0,36,16,0,16,52
08/08/2001,LWB,WV,AEA,EN,Federal Contract Tower,4,4,12,6,26,0,0,11,12,23,4,4,23,18,49,16,44,60,109
08/09/2001,LWB,WV,AEA,EN,Federal Contract Tower,2,5,10,4,21,0,0,6,5,11,2,5,16,9,32,0,12,12,44
08/10/2001,LWB,WV,AEA,EN,Federal Contract Tower,4,9,14,0,27,0,2,21,0,23,4,11,35,0,50,0,0,0,50
08/11/2001,LWB,WV,AEA,EN,Federal Contract Tower,2,8,3,0,13,0,0,8,1,9,2,8,11,1,22,0,0,0,22
08/12/2001,LWB,WV,AEA,EN,Federal Contract Tower,4,6,15,0,25,0,0,3,0,3,4,6,18,0,28,0,0,0,28
08/13/2001,LWB,WV,AEA,EN,Federal Contract Tower,2,4,11,0,17,0,0,6,0,6,2,4,17,0,23,38,0,38,61
08/14/2001,LWB,WV,AEA,EN,Federal Contract Tower,2,6,18,0,26,0,0,23,0,23,2,6,41,0,49,12,0,12,61
08/15/2001,LWB,WV,AEA,EN,Federal Contract Tower,5,5,19,0,29,2,4,54,0,60,7,9,73,0,89,68,0,68,157
08/16/2001,LWB,WV,AEA,EN,Federal Contract Tower,2,6,26,0,34,0,0,46,0,46,2,6,72,0,80,22,0,22,102
08/17/2001,LWB,WV,AEA,EN,Federal Contract Tower,6,11,15,0,32,0,2,26,0,28,6,13,41,0,60,26,0,26,86
08/18/2001,LWB,WV,AEA,EN,Federal Contract Tower,2,11,11,0,24,0,0,49,8,57,2,11,60,8,81,30,190,220,301
08/19/2001,LWB,WV,AEA,EN,Federal Contract Tower,4,11,23,0,38,2,0,24,0,26,6,11,47,0,64,0,0,0,64
08/20/2001,LWB,WV,AEA,EN,Federal Contract Tower,2,5,7,2,16,0,0,12,0,12,2,5,19,2,28,20,0,20,48
08/21/2001,LWB,WV,AEA,EN,Federal Contract Tower,2,5,10,0,17,0,0,31,0,31,2,5,41,0,48,34,0,34,82
08/22/2001,LWB,WV,AEA,EN,Federal Contract Tower,4,8,23,0,35,0,0,35,14,49,4,8,58,14,84,12,0,12,96
08/23/2001,LWB,WV,AEA,EN,Federal Contract Tower,2,10,26,0,38,0,0,12,0,12,2,10,38,0,50,0,0,0,50
08/24/2001,LWB,WV,AEA,EN,Federal Contract Tower,4,9,19,4,36,0,0,20,0,20,4,9,39,4,56,24,12,36,92
08/25/2001,LWB,WV,AEA,EN,Federal Contract Tower,2,6,25,0,33,0,0,18,12,30,2,6,43,12,63,34,0,34,97
08/26/2001,LWB,WV,AEA,EN,Federal Contract Tower,4,6,28,0,38,0,0,13,0,13,4,6,41,0,51,0,0,0,51
08/27/2001,LWB,WV,AEA,EN,Federal Contract Tower,2,4,11,0,17,0,0,16,0,16,2,4,27,0,33,24,0,24,57
08/28/2001,LWB,WV,AEA,EN,Federal Contract Tower,2,4,7,0,13,0,0,17,0,17,2,4,24,0,30,16,0,16,46
08/29/2001,LWB,WV,AEA,EN,Federal Contract Tower,4,6,26,0,36,0,0,42,0,42,4,6,68,0,78,154,0,154,232
08/30/2001,LWB,WV,AEA,EN,Federal Contract Tower,3,6,16,0,25,1,0,19,0,20,4,6,35,0,45,44,0,44,89
08/31/2001,LWB,WV,AEA,EN,Federal Contract Tower,4,4,23,4,35,0,0,8,3,11,4,4,31,7,46,162,0,162,208
09/01/2001,LWB,WV,AEA,EN,Federal Contract Tower,2,7,8,1,18,0,0,25,2,27,2,7,33,3,45,20,0,20,65
09/02/2001,LWB,WV,AEA,EN,Federal Contract Tower,4,4,17,1,26,0,0,25,10,35,4,4,42,11,61,10,0,10,71
09/03/2001,LWB,WV,AEA,EN,Federal Contract Tower,2,10,28,0,40,0,0,41,0,41,2,10,69,0,81,178,0,178,259
09/04/2001,LWB,WV,AEA,EN,Federal Contract Tower,2,4,9,2,17,0,0,32,0,32,2,4,41,2,49,6,0,6,55
09/05/2001,LWB,WV,AEA,EN,Federal Contract Tower,4,4,14,4,26,0,0,38,0,38,4,4,52,4,64,16,0,16,80
09/06/2001,LWB,WV,AEA,EN,Federal Contract Tower,2,12,23,0,37,0,0,38,2,40,2,12,61,2,77,0,0,0,77
09/07/2001,LWB,WV,AEA,EN,Federal Contract Tower,4,8,19,0,31,0,0,15,8,23,4,8,34,8,54,20,0,20,74
09/08/2001,LWB,WV,AEA,EN,Federal Contract Tower,2,12,14,0,28,0,0,36,0,36,2,12,50,0,64,8,0,8,72
09/09/2001,LWB,WV,AEA,EN,Federal Contract Tower,4,10,35,0,49,0,0,23,0,23,4,10,58,0,72,4,0,4,76
09/10/2001,LWB,WV,AEA,EN,Federal Contract Tower,2,6,6,1,15,0,0,12,0,12,2,6,18,1,27,0,0,0,27
09/11/2001,LWB,WV,AEA,EN,Federal Contract Tower,0,0,1,1,2,0,0,0,0,0,0,0,1,1,2,0,0,0,2
09/12/2001,LWB,WV,AEA,EN,Federal Contract Tower,0,0,2,0,2,0,0,0,0,0,0,0,2,0,2,0,0,0,2
09/13/2001,LWB,WV,AEA,EN,Federal Contract Tower,0,0,0,0,0,0,0,0,0,0,0,0,0,0,0,0,0,0,0
09/14/2001,LWB,WV,AEA,EN,Federal Contract Tower,4,7,6,0,17,0,0,0,0,0,4,7,6,0,17,0,0,0,17
09/15/2001,LWB,WV,AEA,EN,Federal Contract Tower,2,2,15,1,20,0,0,6,2,8,2,2,21,3,28,0,0,0,28
09/16/2001,LWB,WV,AEA,EN,Federal Contract Tower,4,9,18,0,31,0,0,6,0,6,4,9,24,0,37,0,0,0,37
09/17/2001,LWB,WV,AEA,EN,Federal Contract Tower,2,2,8,0,12,0,0,0,0,0,2,2,8,0,12,0,0,0,12
09/18/2001,LWB,WV,AEA,EN,Federal Contract Tower,2,7,12,0,21,0,0,0,0,0,2,7,12,0,21,0,0,0,21
09/19/2001,LWB,WV,AEA,EN,Federal Contract Tower,6,4,3,2,15,0,0,14,0,14,6,4,17,2,29,0,0,0,29
09/20/2001,LWB,WV,AEA,EN,Federal Contract Tower,4,25,25,0,54,0,0,2,0,2,4,25,27,0,56,0,0,0,56
09/21/2001,LWB,WV,AEA,EN,Federal Contract Tower,2,8,15,2,27,0,0,14,0,14,2,8,29,2,41,0,0,0,41
09/22/2001,LWB,WV,AEA,EN,Federal Contract Tower,2,8,20,0,30,0,0,18,2,20,2,8,38,2,50,0,170,170,220
09/23/2001,LWB,WV,AEA,EN,Federal Contract Tower,4,14,29,0,47,0,0,33,10,43,4,14,62,10,90,0,190,190,280
09/24/2001,LWB,WV,AEA,EN,Federal Contract Tower,2,8,24,0,34,0,0,2,0,2,2,8,26,0,36,10,0,10,46
09/25/2001,LWB,WV,AEA,EN,Federal Contract Tower,2,13,17,0,32,0,2,9,0,11,2,15,26,0,43,6,0,6,49
09/26/2001,LWB,WV,AEA,EN,Federal Contract Tower,4,4,18,0,26,0,0,28,1,29,4,4,46,1,55,0,0,0,55
09/27/2001,LWB,WV,AEA,EN,Federal Contract Tower,4,8,29,0,41,0,0,34,0,34,4,8,63,0,75,4,0,4,79
09/28/2001,LWB,WV,AEA,EN,Federal Contract Tower,4,8,18,0,30,0,0,21,0,21,4,8,39,0,51,14,0,14,65
09/29/2001,LWB,WV,AEA,EN,Federal Contract Tower,2,7,20,0,29,0,0,37,0,37,2,7,57,0,66,10,0,10,76
09/30/2001,LWB,WV,AEA,EN,Federal Contract Tower,4,7,41,0,52,0,0,41,0,41,4,7,82,0,93,0,0,0,93
10/01/2001,LWB,WV,AEA,EN,Federal Contract Tower,1,15,14,2,32,1,0,22,0,23,2,15,36,2,55,0,0,0,55
10/02/2001,LWB,WV,AEA,EN,Federal Contract Tower,1,18,18,0,37,1,0,29,0,30,2,18,47,0,67,0,0,0,67
10/03/2001,LWB,WV,AEA,EN,Federal Contract Tower,4,24,21,0,49,0,1,17,2,20,4,25,38,2,69,0,0,0,69
10/04/2001,LWB,WV,AEA,EN,Federal Contract Tower,2,8,22,0,32,0,1,29,0,30,2,9,51,0,62,20,0,20,82
10/05/2001,LWB,WV,AEA,EN,Federal Contract Tower,4,11,12,0,27,0,1,21,0,22,4,12,33,0,49,0,0,0,49
10/06/2001,LWB,WV,AEA,EN,Federal Contract Tower,2,10,22,0,34,0,1,7,0,8,2,11,29,0,42,156,0,156,198
10/07/2001,LWB,WV,AEA,EN,Federal Contract Tower,4,0,12,0,16,0,1,34,0,35,4,1,46,0,51,10,0,10,61
10/08/2001,LWB,WV,AEA,EN,Federal Contract Tower,2,6,13,2,23,0,1,23,0,24,2,7,36,2,47,8,0,8,55
10/09/2001,LWB,WV,AEA,EN,Federal Contract Tower,2,0,7,2,11,0,0,33,2,35,2,0,40,4,46,16,2,18,64
10/10/2001,LWB,WV,AEA,EN,Federal Contract Tower,4,10,17,0,31,0,1,23,1,25,4,11,40,1,56,304,0,304,360
10/11/2001,LWB,WV,AEA,EN,Federal Contract Tower,2,2,9,0,13,0,0,34,0,34,2,2,43,0,47,12,0,12,59
10/12/2001,LWB,WV,AEA,EN,Federal Contract Tower,6,9,20,0,35,0,0,11,0,11,6,9,31,0,46,0,0,0,46
10/13/2001,LWB,WV,AEA,EN,Federal Contract Tower,2,7,9,0,18,0,0,13,0,13,2,7,22,0,31,14,0,14,45
10/14/2001,LWB,WV,AEA,EN,Federal Contract Tower,4,10,15,0,29,0,0,10,0,10,4,10,25,0,39,0,0,0,39
10/15/2001,LWB,WV,AEA,EN,Federal Contract Tower,2,0,7,4,13,0,0,27,0,27,2,0,34,4,40,10,0,10,50
10/16/2001,LWB,WV,AEA,EN,Federal Contract Tower,2,0,8,0,10,0,0,23,1,24,2,0,31,1,34,8,0,8,42
10/17/2001,LWB,WV,AEA,EN,Federal Contract Tower,4,5,33,0,42,0,0,5,0,5,4,5,38,0,47,8,0,8,55
10/18/2001,LWB,WV,AEA,EN,Federal Contract Tower,2,5,38,0,45,0,0,51,0,51,2,5,89,0,96,20,0,20,116
10/19/2001,LWB,WV,AEA,EN,Federal Contract Tower,4,3,32,0,39,0,0,66,0,66,4,3,98,0,105,8,0,8,113
10/20/2001,LWB,WV,AEA,EN,Federal Contract Tower,2,6,28,2,38,0,0,56,4,60,2,6,84,6,98,2,0,2,100
10/21/2001,LWB,WV,AEA,EN,Federal Contract Tower,4,9,39,0,52,0,0,49,0,49,4,9,88,0,101,6,0,6,107
10/22/2001,LWB,WV,AEA,EN,Federal Contract Tower,4,1,7,0,12,0,0,34,2,36,4,1,41,2,48,0,0,0,48
10/23/2001,LWB,WV,AEA,EN,Federal Contract Tower,2,0,1,0,3,0,0,10,2,12,2,0,11,2,15,24,0,24,39
10/24/2001,LWB,WV,AEA,EN,Federal Contract Tower,6,4,17,0,27,2,0,15,0,17,8,4,32,0,44,0,0,0,44
10/25/2001,LWB,WV,AEA,EN,Federal Contract Tower,4,5,25,0,34,0,0,12,0,12,4,5,37,0,46,0,0,0,46
10/26/2001,LWB,WV,AEA,EN,Federal Contract Tower,4,9,18,0,31,0,0,14,0,14,4,9,32,0,45,0,0,0,45
10/27/2001,LWB,WV,AEA,EN,Federal Contract Tower,2,6,16,0,24,0,0,5,0,5,2,6,21,0,29,0,0,0,29
10/28/2001,LWB,WV,AEA,EN,Federal Contract Tower,4,10,21,0,35,0,0,64,0,64,4,10,85,0,99,2,0,2,101
10/29/2001,LWB,WV,AEA,EN,Federal Contract Tower,2,2,12,0,16,0,0,11,0,11,2,2,23,0,27,26,0,26,53
10/30/2001,LWB,WV,AEA,EN,Federal Contract Tower,2,3,17,0,22,0,0,48,0,48,2,3,65,0,70,246,0,246,316
10/31/2001,LWB,WV,AEA,EN,Federal Contract Tower,2,2,14,0,18,0,1,28,0,29,2,3,42,0,47,0,0,0,47
11/01/2001,LWB,WV,AEA,EN,Federal Contract Tower,0,2,18,8,28,0,0,41,2,43,0,2,59,10,71,192,10,202,273
11/02/2001,LWB,WV,AEA,EN,Federal Contract Tower,0,5,14,6,25,0,0,31,2,33,0,5,45,8,58,176,0,176,234
11/03/2001,LWB,WV,AEA,EN,Federal Contract Tower,0,6,12,0,18,0,0,39,0,39,0,6,51,0,57,174,0,174,231
11/04/2001,LWB,WV,AEA,EN,Federal Contract Tower,0,7,24,0,31,0,0,51,9,60,0,7,75,9,91,150,6,156,247
11/05/2001,LWB,WV,AEA,EN,Federal Contract Tower,0,2,8,0,10,0,0,10,0,10,0,2,18,0,20,0,0,0,20
11/06/2001,LWB,WV,AEA,EN,Federal Contract Tower,0,1,7,0,8,0,0,19,0,19,0,1,26,0,27,246,0,246,273
11/07/2001,LWB,WV,AEA,EN,Federal Contract Tower,0,0,7,0,7,0,0,53,0,53,0,0,60,0,60,174,0,174,234
11/08/2001,LWB,WV,AEA,EN,Federal Contract Tower,2,3,13,0,18,0,2,25,0,27,2,5,38,0,45,4,0,4,49
11/09/2001,LWB,WV,AEA,EN,Federal Contract Tower,0,7,10,0,17,0,0,28,0,28,0,7,38,0,45,12,0,12,57
11/10/2001,LWB,WV,AEA,EN,Federal Contract Tower,0,3,3,0,6,0,0,59,0,59,0,3,62,0,65,186,0,186,251
11/11/2001,LWB,WV,AEA,EN,Federal Contract Tower,0,7,17,0,24,0,0,41,4,45,0,7,58,4,69,160,0,160,229
11/12/2001,LWB,WV,AEA,EN,Federal Contract Tower,0,0,7,0,7,0,0,36,2,38,0,0,43,2,45,2,176,178,223
11/13/2001,LWB,WV,AEA,EN,Federal Contract Tower,0,2,20,0,22,0,0,47,0,47,0,2,67,0,69,136,0,136,205
11/14/2001,LWB,WV,AEA,EN,Federal Contract Tower,0,2,14,0,16,0,0,39,0,39,0,2,53,0,55,146,0,146,201
11/15/2001,LWB,WV,AEA,EN,Federal Contract Tower,0,2,11,0,13,0,0,17,0,17,0,2,28,0,30,0,0,0,30
11/16/2001,LWB,WV,AEA,EN,Federal Contract Tower,0,4,14,0,18,0,0,25,0,25,0,4,39,0,43,8,0,8,51
11/17/2001,LWB,WV,AEA,EN,Federal Contract Tower,0,4,5,0,9,0,0,16,0,16,0,4,21,0,25,162,0,162,187
11/18/2001,LWB,WV,AEA,EN,Federal Contract Tower,0,2,7,6,15,0,0,38,4,42,0,2,45,10,57,140,2,142,199
11/19/2001,LWB,WV,AEA,EN,Federal Contract Tower,0,0,4,0,4,0,0,8,0,8,0,0,12,0,12,0,0,0,12
11/20/2001,LWB,WV,AEA,EN,Federal Contract Tower,2,5,6,0,13,0,0,12,0,12,2,5,18,0,25,0,0,0,25
11/21/2001,LWB,WV,AEA,EN,Federal Contract Tower,0,6,30,0,36,0,0,25,0,25,0,6,55,0,61,146,0,146,207
11/22/2001,LWB,WV,AEA,EN,Federal Contract Tower,0,3,9,0,12,0,0,25,0,25,0,3,34,0,37,0,0,0,37
11/23/2001,LWB,WV,AEA,EN,Federal Contract Tower,0,2,3,0,5,0,0,63,5,68,0,2,66,5,73,78,108,186,259
11/24/2001,LWB,WV,AEA,EN,Federal Contract Tower,0,12,14,0,26,0,0,16,0,16,0,12,30,0,42,0,0,0,42
11/25/2001,LWB,WV,AEA,EN,Federal Contract Tower,0,8,22,0,30,0,0,10,0,10,0,8,32,0,40,0,0,0,40
11/26/2001,LWB,WV,AEA,EN,Federal Contract Tower,0,2,11,0,13,0,0,17,5,22,0,2,28,5,35,6,160,166,201
11/27/2001,LWB,WV,AEA,EN,Federal Contract Tower,0,0,6,0,6,0,0,7,3,10,0,0,13,3,16,0,10,10,26
11/28/2001,LWB,WV,AEA,EN,Federal Contract Tower,0,0,12,0,12,0,0,28,0,28,0,0,40,0,40,10,0,10,50
11/29/2001,LWB,WV,AEA,EN,Federal Contract Tower,0,3,21,8,32,0,0,15,2,17,0,3,36,10,49,150,40,190,239
11/30/2001,LWB,WV,AEA,EN,Federal Contract Tower,0,3,7,0,10,0,0,0,0,0,0,3,7,0,10,0,0,0,10
12/01/2001,LWB,WV,AEA,EN,Federal Contract Tower,0,6,6,0,12,0,0,25,0,25,0,6,31,0,37,22,0,22,59
12/02/2001,LWB,WV,AEA,EN,Federal Contract Tower,0,7,8,0,15,0,0,45,0,45,0,7,53,0,60,190,0,190,250
12/03/2001,LWB,WV,AEA,EN,Federal Contract Tower,0,2,6,6,14,0,0,13,8,21,0,2,19,14,35,0,120,120,155
12/04/2001,LWB,WV,AEA,EN,Federal Contract Tower,0,0,5,0,5,0,0,34,0,34,0,0,39,0,39,28,0,28,67
12/05/2001,LWB,WV,AEA,EN,Federal Contract Tower,0,0,15,0,15,0,0,29,0,29,0,0,44,0,44,16,0,16,60
12/06/2001,LWB,WV,AEA,EN,Federal Contract Tower,2,0,19,0,21,0,0,18,0,18,2,0,37,0,39,0,0,0,39
12/07/2001,LWB,WV,AEA,EN,Federal Contract Tower,0,0,16,0,16,0,0,9,0,9,0,0,25,0,25,0,0,0,25
12/08/2001,LWB,WV,AEA,EN,Federal Contract Tower,0,4,4,0,8,0,0,0,0,0,0,4,4,0,8,0,0,0,8
12/09/2001,LWB,WV,AEA,EN,Federal Contract Tower,0,2,22,0,24,0,0,27,0,27,0,2,49,0,51,0,0,0,51
12/10/2001,LWB,WV,AEA,EN,Federal Contract Tower,0,0,6,2,8,0,0,1,2,3,0,0,7,4,11,0,4,4,15
12/11/2001,LWB,WV,AEA,EN,Federal Contract Tower,1,0,18,0,19,0,0,0,0,0,1,0,18,0,19,0,0,0,19
12/12/2001,LWB,WV,AEA,EN,Federal Contract Tower,1,0,17,0,18,0,0,0,0,0,1,0,17,0,18,0,0,0,18
12/13/2001,LWB,WV,AEA,EN,Federal Contract Tower,0,2,9,0,11,0,0,4,0,4,0,2,13,0,15,10,0,10,25
12/14/2001,LWB,WV,AEA,EN,Federal Contract Tower,0,4,7,0,11,0,0,11,0,11,0,4,18,0,22,0,0,0,22
12/15/2001,LWB,WV,AEA,EN,Federal Contract Tower,0,2,10,0,12,0,0,14,0,14,0,2,24,0,26,10,0,10,36
12/16/2001,LWB,WV,AEA,EN,Federal Contract Tower,0,4,5,0,9,0,0,21,0,21,0,4,26,0,30,2,0,2,32
12/17/2001,LWB,WV,AEA,EN,Federal Contract Tower,0,0,5,2,7,0,0,1,0,1,0,0,6,2,8,0,0,0,8
12/18/2001,LWB,WV,AEA,EN,Federal Contract Tower,0,0,9,0,9,0,0,3,0,3,0,0,12,0,12,0,0,0,12
12/19/2001,LWB,WV,AEA,EN,Federal Contract Tower,2,0,3,2,7,0,0,11,2,13,2,0,14,4,20,4,8,12,32
12/20/2001,LWB,WV,AEA,EN,Federal Contract Tower,0,1,4,0,5,0,0,4,0,4,0,1,8,0,9,0,0,0,9
12/21/2001,LWB,WV,AEA,EN,Federal Contract Tower,0,4,7,0,11,0,0,17,2,19,0,4,24,2,30,0,0,0,30
12/22/2001,LWB,WV,AEA,EN,Federal Contract Tower,0,2,6,0,8,0,0,20,2,22,0,2,26,2,30,0,2,2,32
12/23/2001,LWB,WV,AEA,EN,Federal Contract Tower,0,4,5,0,9,0,0,2,0,2,0,4,7,0,11,0,0,0,11
12/24/2001,LWB,WV,AEA,EN,Federal Contract Tower,0,0,2,0,2,0,0,6,0,6,0,0,8,0,8,0,0,0,8
12/25/2001,LWB,WV,AEA,EN,Federal Contract Tower,0,0,1,0,1,0,0,1,4,5,0,0,2,4,6,0,14,14,20
12/26/2001,LWB,WV,AEA,EN,Federal Contract Tower,0,3,11,0,14,0,0,12,2,14,0,3,23,2,28,0,20,20,48
12/27/2001,LWB,WV,AEA,EN,Federal Contract Tower,0,0,6,0,6,0,0,0,0,0,0,0,6,0,6,0,0,0,6
12/28/2001,LWB,WV,AEA,EN,Federal Contract Tower,0,4,7,0,11,0,0,53,0,53,0,4,60,0,64,0,0,0,64
12/29/2001,LWB,WV,AEA,EN,Federal Contract Tower,0,4,6,0,10,0,0,0,0,0,0,4,6,0,10,0,0,0,10
12/30/2001,LWB,WV,AEA,EN,Federal Contract Tower,0,4,2,0,6,0,0,11,4,15,0,4,13,4,21,0,16,16,37
12/31/2001,LWB,WV,AEA,EN,Federal Contract Tower,0,1,4,0,5,0,0,9,0,9,0,1,13,0,14,0,0,0,14
01/01/2002,LWB,WV,AEA,EN,Federal Contract Tower,0,0,9,0,9,0,0,30,0,30,0,0,39,0,39,16,0,16,55
01/02/2002,LWB,WV,AEA,EN,Federal Contract Tower,0,3,4,0,7,0,0,9,0,9,0,3,13,0,16,92,0,92,108
01/03/2002,LWB,WV,AEA,EN,Federal Contract Tower,0,0,1,6,7,0,0,6,6,12,0,0,7,12,19,0,8,8,27
01/04/2002,LWB,WV,AEA,EN,Federal Contract Tower,0,0,8,0,8,0,0,15,0,15,0,0,23,0,23,0,0,0,23
01/05/2002,LWB,WV,AEA,EN,Federal Contract Tower,0,6,1,0,7,0,0,34,2,36,0,6,35,2,43,36,0,36,79
01/06/2002,LWB,WV,AEA,EN,Federal Contract Tower,0,2,2,0,4,0,0,0,0,0,0,2,2,0,4,0,0,0,4
01/07/2002,LWB,WV,AEA,EN,Federal Contract Tower,0,0,4,0,4,0,0,0,0,0,0,0,4,0,4,0,0,0,4
01/08/2002,LWB,WV,AEA,EN,Federal Contract Tower,0,2,6,6,14,0,0,14,2,16,0,2,20,8,30,4,0,4,34
01/09/2002,LWB,WV,AEA,EN,Federal Contract Tower,0,3,3,0,6,0,0,24,0,24,0,3,27,0,30,116,0,116,146
01/10/2002,LWB,WV,AEA,EN,Federal Contract Tower,0,1,12,2,15,0,0,7,0,7,0,1,19,2,22,0,0,0,22
01/11/2002,LWB,WV,AEA,EN,Federal Contract Tower,2,0,3,0,5,0,0,2,0,2,2,0,5,0,7,0,0,0,7
01/12/2002,LWB,WV,AEA,EN,Federal Contract Tower,0,2,4,0,6,0,0,47,0,47,0,2,51,0,53,140,0,140,193
01/13/2002,LWB,WV,AEA,EN,Federal Contract Tower,0,2,2,0,4,0,0,5,0,5,0,2,7,0,9,0,0,0,9
01/14/2002,LWB,WV,AEA,EN,Federal Contract Tower,0,6,3,0,9,0,0,20,0,20,0,6,23,0,29,4,0,4,33
01/15/2002,LWB,WV,AEA,EN,Federal Contract Tower,0,6,4,0,10,0,0,4,0,4,0,6,8,0,14,0,0,0,14
01/16/2002,LWB,WV,AEA,EN,Federal Contract Tower,0,4,8,0,12,0,0,21,0,21,0,4,29,0,33,104,0,104,137
01/17/2002,LWB,WV,AEA,EN,Federal Contract Tower,0,2,8,0,10,0,0,2,0,2,0,2,10,0,12,0,0,0,12
01/18/2002,LWB,WV,AEA,EN,Federal Contract Tower,0,10,1,0,11,0,0,10,0,10,0,10,11,0,21,122,0,122,143
01/19/2002,LWB,WV,AEA,EN,Federal Contract Tower,0,2,3,0,5,0,0,0,0,0,0,2,3,0,5,0,0,0,5
01/20/2002,LWB,WV,AEA,EN,Federal Contract Tower,0,4,6,0,10,0,0,2,0,2,0,4,8,0,12,0,0,0,12
01/21/2002,LWB,WV,AEA,EN,Federal Contract Tower,0,7,9,0,16,0,0,1,0,1,0,7,10,0,17,0,0,0,17
01/22/2002,LWB,WV,AEA,EN,Federal Contract Tower,0,4,6,0,10,0,0,37,2,39,0,4,43,2,49,122,0,122,171
01/23/2002,LWB,WV,AEA,EN,Federal Contract Tower,0,3,3,0,6,0,0,0,0,0,0,3,3,0,6,0,0,0,6
01/24/2002,LWB,WV,AEA,EN,Federal Contract Tower,0,2,4,0,6,0,0,4,0,4,0,2,8,0,10,0,0,0,10
01/25/2002,LWB,WV,AEA,EN,Federal Contract Tower,0,2,8,0,10,0,0,29,2,31,0,2,37,2,41,16,0,16,57
01/26/2002,LWB,WV,AEA,EN,Federal Contract Tower,0,2,1,0,3,0,0,34,8,42,0,2,35,8,45,176,0,176,221
01/27/2002,LWB,WV,AEA,EN,Federal Contract Tower,0,2,3,0,5,0,0,76,0,76,0,2,79,0,81,148,0,148,229
01/28/2002,LWB,WV,AEA,EN,Federal Contract Tower,0,2,2,0,4,0,0,73,6,79,0,2,75,6,83,16,0,16,99
01/29/2002,LWB,WV,AEA,EN,Federal Contract Tower,0,2,1,4,7,0,0,35,7,42,0,2,36,11,49,24,0,24,73
01/30/2002,LWB,WV,AEA,EN,Federal Contract Tower,0,7,8,2,17,0,0,27,13,40,0,7,35,15,57,140,0,140,197
01/31/2002,LWB,WV,AEA,EN,Federal Contract Tower,0,9,13,3,25,0,0,34,4,38,0,9,47,7,63,0,0,0,63
02/01/2002,LWB,WV,AEA,EN,Federal Contract Tower,2,3,27,7,39,0,0,8,3,11,2,3,35,10,50,136,0,136,186
02/02/2002,LWB,WV,AEA,EN,Federal Contract Tower,0,2,7,0,9,0,0,20,4,24,0,2,27,4,33,156,0,156,189
02/03/2002,LWB,WV,AEA,EN,Federal Contract Tower,0,2,10,0,12,0,0,33,0,33,0,2,43,0,45,0,0,0,45
02/04/2002,LWB,WV,AEA,EN,Federal Contract Tower,0,0,3,0,3,0,0,0,0,0,0,0,3,0,3,0,0,0,3
02/05/2002,LWB,WV,AEA,EN,Federal Contract Tower,0,4,3,0,7,0,0,8,0,8,0,4,11,0,15,20,16,36,51
02/06/2002,LWB,WV,AEA,EN,Federal Contract Tower,0,4,5,2,11,0,0,8,2,10,0,4,13,4,21,146,0,146,167
02/07/2002,LWB,WV,AEA,EN,Federal Contract Tower,0,2,7,0,9,0,0,0,0,0,0,2,7,0,9,0,0,0,9
02/08/2002,LWB,WV,AEA,EN,Federal Contract Tower,0,3,12,2,17,0,0,60,0,60,0,3,72,2,77,184,0,184,261
02/09/2002,LWB,WV,AEA,EN,Federal Contract Tower,0,4,6,0,10,0,0,42,8,50,0,4,48,8,60,106,0,106,166
02/10/2002,LWB,WV,AEA,EN,Federal Contract Tower,0,2,6,0,8,0,0,0,0,0,0,2,6,0,8,0,0,0,8
02/11/2002,LWB,WV,AEA,EN,Federal Contract Tower,0,2,3,0,5,0,0,4,0,4,0,2,7,0,9,0,0,0,9
02/12/2002,LWB,WV,AEA,EN,Federal Contract Tower,0,4,4,0,8,0,0,3,0,3,0,4,7,0,11,0,0,0,11
02/13/2002,LWB,WV,AEA,EN,Federal Contract Tower,0,4,2,0,6,0,0,4,2,6,0,4,6,2,12,0,18,18,30
02/14/2002,LWB,WV,AEA,EN,Federal Contract Tower,2,6,5,0,13,0,0,22,4,26,2,6,27,4,39,6,264,270,309
02/15/2002,LWB,WV,AEA,EN,Federal Contract Tower,2,2,7,0,11,0,0,8,0,8,2,2,15,0,19,10,0,10,29
02/16/2002,LWB,WV,AEA,EN,Federal Contract Tower,0,2,1,0,3,0,0,18,0,18,0,2,19,0,21,20,0,20,41
02/17/2002,LWB,WV,AEA,EN,Federal Contract Tower,0,2,9,0,11,0,0,0,0,0,0,2,9,0,11,0,0,0,11
02/18/2002,LWB,WV,AEA,EN,Federal Contract Tower,0,3,9,0,12,0,0,30,0,30,0,3,39,0,42,16,0,16,58
02/19/2002,LWB,WV,AEA,EN,Federal Contract Tower,0,2,4,8,14,0,0,24,3,27,0,2,28,11,41,4,120,124,165
02/20/2002,LWB,WV,AEA,EN,Federal Contract Tower,0,2,6,0,8,0,0,4,0,4,0,2,10,0,12,0,0,0,12
02/21/2002,LWB,WV,AEA,EN,Federal Contract Tower,0,2,6,0,8,0,0,14,0,14,0,2,20,0,22,12,0,12,34
02/22/2002,LWB,WV,AEA,EN,Federal Contract Tower,0,6,18,2,26,0,0,2,0,2,0,6,20,2,28,122,2,124,152
02/23/2002,LWB,WV,AEA,EN,Federal Contract Tower,0,2,9,0,11,0,0,13,0,13,0,2,22,0,24,178,0,178,202
02/24/2002,LWB,WV,AEA,EN,Federal Contract Tower,0,2,13,0,15,0,0,100,0,100,0,2,113,0,115,180,0,180,295
02/25/2002,LWB,WV,AEA,EN,Federal Contract Tower,0,2,2,0,4,0,0,27,0,27,0,2,29,0,31,34,0,34,65
02/26/2002,LWB,WV,AEA,EN,Federal Contract Tower,0,2,6,4,12,0,0,2,2,4,0,2,8,6,16,0,12,12,28
02/27/2002,LWB,WV,AEA,EN,Federal Contract Tower,0,2,4,0,6,0,0,4,0,4,0,2,8,0,10,0,0,0,10
02/28/2002,LWB,WV,AEA,EN,Federal Contract Tower,2,10,19,2,33,0,0,7,0,7,2,10,26,2,40,20,0,20,60
03/01/2002,LWB,WV,AEA,EN,Federal Contract Tower,0,4,1,0,5,0,0,38,6,44,0,4,39,6,49,154,0,154,203
03/02/2002,LWB,WV,AEA,EN,Federal Contract Tower,0,2,5,0,7,0,0,0,0,0,0,2,5,0,7,0,0,0,7
03/03/2002,LWB,WV,AEA,EN,Federal Contract Tower,0,5,13,0,18,0,0,4,0,4,0,5,17,0,22,0,0,0,22
03/04/2002,LWB,WV,AEA,EN,Federal Contract Tower,0,2,2,0,4,0,0,2,0,2,0,2,4,0,6,0,0,0,6
03/05/2002,LWB,WV,AEA,EN,Federal Contract Tower,0,3,5,8,16,0,0,15,0,15,0,3,20,8,31,0,6,6,37
03/06/2002,LWB,WV,AEA,EN,Federal Contract Tower,0,2,10,0,12,0,0,26,6,32,0,2,36,6,44,22,14,36,80
03/07/2002,LWB,WV,AEA,EN,Federal Contract Tower,0,2,13,0,15,0,0,41,4,45,0,2,54,4,60,16,130,146,206
03/08/2002,LWB,WV,AEA,EN,Federal Contract Tower,0,2,1,0,3,0,0,17,0,17,0,2,18,0,20,266,0,266,286
03/09/2002,LWB,WV,AEA,EN,Federal Contract Tower,0,2,5,0,7,0,0,8,0,8,0,2,13,0,15,0,0,0,15
03/10/2002,LWB,WV,AEA,EN,Federal Contract Tower,0,2,11,0,13,0,0,10,0,10,0,2,21,0,23,0,0,0,23
03/11/2002,LWB,WV,AEA,EN,Federal Contract Tower,0,2,1,6,9,0,0,24,2,26,0,2,25,8,35,24,20,44,79
03/12/2002,LWB,WV,AEA,EN,Federal Contract Tower,0,2,7,0,9,0,0,1,0,1,0,2,8,0,10,0,0,0,10
03/13/2002,LWB,WV,AEA,EN,Federal Contract Tower,0,2,2,0,4,0,0,0,0,0,0,2,2,0,4,0,0,0,4
03/14/2002,LWB,WV,AEA,EN,Federal Contract Tower,2,4,9,0,15,0,0,23,0,23,2,4,32,0,38,6,0,6,44
03/15/2002,LWB,WV,AEA,EN,Federal Contract Tower,0,2,7,0,9,0,0,18,2,20,0,2,25,2,29,10,152,162,191
03/16/2002,LWB,WV,AEA,EN,Federal Contract Tower,0,2,5,0,7,0,0,4,0,4,0,2,9,0,11,12,0,12,23
03/17/2002,LWB,WV,AEA,EN,Federal Contract Tower,0,4,7,0,11,0,0,0,0,0,0,4,7,0,11,0,0,0,11
03/18/2002,LWB,WV,AEA,EN,Federal Contract Tower,0,2,7,0,9,0,0,1,0,1,0,2,8,0,10,0,0,0,10
03/19/2002,LWB,WV,AEA,EN,Federal Contract Tower,0,2,9,0,11,0,0,0,0,0,0,2,9,0,11,0,0,0,11
03/20/2002,LWB,WV,AEA,EN,Federal Contract Tower,0,6,11,0,17,0,0,0,0,0,0,6,11,0,17,0,0,0,17
03/21/2002,LWB,WV,AEA,EN,Federal Contract Tower,0,3,9,0,12,0,0,9,0,9,0,3,18,0,21,0,0,0,21
03/22/2002,LWB,WV,AEA,EN,Federal Contract Tower,0,2,5,0,7,0,0,28,0,28,0,2,33,0,35,0,0,0,35
03/23/2002,LWB,WV,AEA,EN,Federal Contract Tower,0,2,8,0,10,0,0,25,4,29,0,2,33,4,39,156,4,160,199
03/24/2002,LWB,WV,AEA,EN,Federal Contract Tower,0,2,13,0,15,0,0,34,0,34,0,2,47,0,49,240,0,240,289
03/25/2002,LWB,WV,AEA,EN,Federal Contract Tower,0,2,4,4,10,0,0,8,0,8,0,2,12,4,18,0,0,0,18
03/26/2002,LWB,WV,AEA,EN,Federal Contract Tower,0,2,10,0,12,0,0,0,0,0,0,2,10,0,12,0,0,0,12
03/27/2002,LWB,WV,AEA,EN,Federal Contract Tower,0,3,10,0,13,0,0,4,0,4,0,3,14,0,17,0,0,0,17
03/28/2002,LWB,WV,AEA,EN,Federal Contract Tower,0,8,11,0,19,0,0,40,0,40,0,8,51,0,59,14,0,14,73
03/29/2002,LWB,WV,AEA,EN,Federal Contract Tower,2,9,15,0,26,0,0,30,0,30,2,9,45,0,56,4,0,4,60
03/30/2002,LWB,WV,AEA,EN,Federal Contract Tower,0,5,2,0,7,0,4,23,0,27,0,9,25,0,34,50,0,50,84
03/31/2002,LWB,WV,AEA,EN,Federal Contract Tower,0,10,7,0,17,0,0,0,0,0,0,10,7,0,17,0,0,0,17
04/01/2002,LWB,WV,AEA,EN,Federal Contract Tower,0,7,20,2,29,0,1,11,0,12,0,8,31,2,41,0,0,0,41
04/02/2002,LWB,WV,AEA,EN,Federal Contract Tower,0,3,9,0,12,0,0,15,0,15,0,3,24,0,27,4,0,4,31
04/03/2002,LWB,WV,AEA,EN,Federal Contract Tower,0,5,6,2,13,0,0,12,0,12,0,5,18,2,25,0,0,0,25
04/04/2002,LWB,WV,AEA,EN,Federal Contract Tower,0,4,9,0,13,0,0,23,0,23,0,4,32,0,36,8,0,8,44
04/05/2002,LWB,WV,AEA,EN,Federal Contract Tower,0,4,7,0,11,0,0,30,0,30,0,4,37,0,41,4,0,4,45
04/06/2002,LWB,WV,AEA,EN,Federal Contract Tower,0,6,10,0,16,0,0,8,0,8,0,6,18,0,24,0,0,0,24
04/07/2002,LWB,WV,AEA,EN,Federal Contract Tower,0,5,9,0,14,0,0,56,0,56,0,5,65,0,70,4,0,4,74
04/08/2002,LWB,WV,AEA,EN,Federal Contract Tower,0,3,5,0,8,0,0,6,2,8,0,3,11,2,16,0,0,0,16
04/09/2002,LWB,WV,AEA,EN,Federal Contract Tower,0,4,7,0,11,0,0,2,0,2,0,4,9,0,13,0,0,0,13
04/10/2002,LWB,WV,AEA,EN,Federal Contract Tower,0,6,9,0,15,0,0,42,0,42,0,6,51,0,57,26,0,26,83
04/11/2002,LWB,WV,AEA,EN,Federal Contract Tower,2,2,11,4,19,0,0,36,0,36,2,2,47,4,55,56,4,60,115
04/12/2002,LWB,WV,AEA,EN,Federal Contract Tower,0,2,11,0,13,0,0,25,0,25,0,2,36,0,38,20,0,20,58
04/13/2002,LWB,WV,AEA,EN,Federal Contract Tower,0,2,6,0,8,0,0,9,0,9,0,2,15,0,17,10,0,10,27
04/14/2002,LWB,WV,AEA,EN,Federal Contract Tower,0,2,9,0,11,0,0,16,0,16,0,2,25,0,27,0,0,0,27
04/15/2002,LWB,WV,AEA,EN,Federal Contract Tower,0,4,7,0,11,0,0,17,0,17,0,4,24,0,28,128,0,128,156
04/16/2002,LWB,WV,AEA,EN,Federal Contract Tower,0,2,8,2,12,0,0,22,2,24,0,2,30,4,36,0,154,154,190
04/17/2002,LWB,WV,AEA,EN,Federal Contract Tower,0,4,11,0,15,0,0,6,3,9,0,4,17,3,24,0,0,0,24
04/18/2002,LWB,WV,AEA,EN,Federal Contract Tower,0,2,16,0,18,0,0,30,14,44,0,2,46,14,62,20,60,80,142
04/19/2002,LWB,WV,AEA,EN,Federal Contract Tower,0,4,12,0,16,0,0,7,0,7,0,4,19,0,23,0,0,0,23
04/20/2002,LWB,WV,AEA,EN,Federal Contract Tower,0,2,4,0,6,0,0,22,0,22,0,2,26,0,28,16,0,16,44
04/21/2002,LWB,WV,AEA,EN,Federal Contract Tower,0,10,21,0,31,0,0,8,1,9,0,10,29,1,40,130,0,130,170
04/22/2002,LWB,WV,AEA,EN,Federal Contract Tower,0,4,9,0,13,0,0,4,0,4,0,4,13,0,17,0,0,0,17
04/23/2002,LWB,WV,AEA,EN,Federal Contract Tower,0,4,4,4,12,0,0,8,2,10,0,4,12,6,22,0,0,0,22
04/24/2002,LWB,WV,AEA,EN,Federal Contract Tower,2,5,16,4,27,0,0,25,2,27,2,5,41,6,54,6,0,6,60
04/25/2002,LWB,WV,AEA,EN,Federal Contract Tower,0,5,6,0,11,0,0,11,0,11,0,5,17,0,22,0,0,0,22
04/26/2002,LWB,WV,AEA,EN,Federal Contract Tower,0,2,7,6,15,0,0,12,4,16,0,2,19,10,31,10,18,28,59
04/27/2002,LWB,WV,AEA,EN,Federal Contract Tower,0,3,6,0,9,0,0,52,0,52,0,3,58,0,61,336,0,336,397
04/28/2002,LWB,WV,AEA,EN,Federal Contract Tower,0,3,11,0,14,0,0,11,0,11,0,3,22,0,25,6,0,6,31
04/29/2002,LWB,WV,AEA,EN,Federal Contract Tower,0,2,3,8,13,0,0,4,0,4,0,2,7,8,17,0,12,12,29
04/30/2002,LWB,WV,AEA,EN,Federal Contract Tower,0,4,7,0,11,0,0,24,0,24,0,4,31,0,35,142,0,142,177
05/01/2002,LWB,WV,AEA,EN,Federal Contract Tower,4,4,20,0,28,0,0,12,3,15,4,4,32,3,43,138,0,138,181
05/02/2002,LWB,WV,AEA,EN,Federal Contract Tower,6,4,12,0,22,0,0,21,0,21,6,4,33,0,43,4,0,4,47
05/03/2002,LWB,WV,AEA,EN,Federal Contract Tower,4,5,9,0,18,0,0,24,0,24,4,5,33,0,42,152,0,152,194
05/04/2002,LWB,WV,AEA,EN,Federal Contract Tower,4,2,4,0,10,0,0,16,0,16,4,2,20,0,26,174,0,174,200
05/05/2002,LWB,WV,AEA,EN,Federal Contract Tower,4,4,9,0,17,0,0,23,0,23,4,4,32,0,40,174,0,174,214
05/06/2002,LWB,WV,AEA,EN,Federal Contract Tower,4,4,8,0,16,0,0,16,0,16,4,4,24,0,32,22,0,22,54
05/07/2002,LWB,WV,AEA,EN,Federal Contract Tower,4,7,5,0,16,0,0,4,0,4,4,7,9,0,20,0,0,0,20
05/08/2002,LWB,WV,AEA,EN,Federal Contract Tower,4,9,14,4,31,0,1,13,0,14,4,10,27,4,45,0,0,0,45
05/09/2002,LWB,WV,AEA,EN,Federal Contract Tower,2,6,12,0,20,0,0,12,0,12,2,6,24,0,32,124,0,124,156
05/10/2002,LWB,WV,AEA,EN,Federal Contract Tower,4,4,15,0,23,0,0,35,9,44,4,4,50,9,67,16,150,166,233
05/11/2002,LWB,WV,AEA,EN,Federal Contract Tower,4,2,1,0,7,0,0,57,4,61,4,2,58,4,68,172,0,172,240
05/12/2002,LWB,WV,AEA,EN,Federal Contract Tower,4,6,11,0,21,0,2,16,0,18,4,8,27,0,39,172,0,172,211
05/13/2002,LWB,WV,AEA,EN,Federal Contract Tower,4,4,17,0,25,0,0,8,0,8,4,4,25,0,33,6,0,6,39
05/14/2002,LWB,WV,AEA,EN,Federal Contract Tower,4,7,13,0,24,0,0,2,0,2,4,7,15,0,26,0,0,0,26
05/15/2002,LWB,WV,AEA,EN,Federal Contract Tower,4,2,26,2,34,0,0,34,2,36,4,2,60,4,70,164,10,174,244
05/16/2002,LWB,WV,AEA,EN,Federal Contract Tower,6,6,25,0,37,0,0,15,6,21,6,6,40,6,58,16,140,156,214
05/17/2002,LWB,WV,AEA,EN,Federal Contract Tower,4,9,10,0,23,0,0,16,1,17,4,9,26,1,40,158,0,158,198
05/18/2002,LWB,WV,AEA,EN,Federal Contract Tower,4,5,11,0,20,0,0,1,0,1,4,5,12,0,21,0,0,0,21
05/19/2002,LWB,WV,AEA,EN,Federal Contract Tower,6,4,34,0,44,0,0,23,1,24,6,4,57,1,68,0,0,0,68
05/20/2002,LWB,WV,AEA,EN,Federal Contract Tower,4,11,18,3,36,0,0,9,0,9,4,11,27,3,45,0,0,0,45
05/21/2002,LWB,WV,AEA,EN,Federal Contract Tower,4,15,10,10,39,0,0,2,8,10,4,15,12,18,49,10,0,10,59
05/22/2002,LWB,WV,AEA,EN,Federal Contract Tower,4,5,13,0,22,0,0,35,0,35,4,5,48,0,57,8,0,8,65
05/23/2002,LWB,WV,AEA,EN,Federal Contract Tower,8,6,27,0,41,0,0,26,0,26,8,6,53,0,67,0,0,0,67
05/24/2002,LWB,WV,AEA,EN,Federal Contract Tower,4,8,21,0,33,0,0,46,0,46,4,8,67,0,79,14,0,14,93
05/25/2002,LWB,WV,AEA,EN,Federal Contract Tower,5,5,27,0,37,0,0,46,3,49,5,5,73,3,86,146,0,146,232
05/26/2002,LWB,WV,AEA,EN,Federal Contract Tower,4,3,12,0,19,0,0,52,2,54,4,3,64,2,73,232,0,232,305
05/27/2002,LWB,WV,AEA,EN,Federal Contract Tower,4,10,31,0,45,0,0,27,0,27,4,10,58,0,72,112,0,112,184
05/28/2002,LWB,WV,AEA,EN,Federal Contract Tower,5,6,22,0,33,0,0,6,0,6,5,6,28,0,39,142,0,142,181
05/29/2002,LWB,WV,AEA,EN,Federal Contract Tower,8,4,11,0,23,0,0,33,14,47,8,4,44,14,70,20,0,20,90
05/30/2002,LWB,WV,AEA,EN,Federal Contract Tower,4,14,18,0,36,0,0,9,0,9,4,14,27,0,45,16,0,16,61
05/31/2002,LWB,WV,AEA,EN,Federal Contract Tower,4,5,17,0,26,0,0,43,2,45,4,5,60,2,71,152,0,152,223
06/01/2002,LWB,WV,AEA,EN,Federal Contract Tower,9,5,7,0,21,0,0,26,0,26,9,5,33,0,47,160,0,160,207
06/02/2002,LWB,WV,AEA,EN,Federal Contract Tower,4,10,21,0,35,0,0,21,2,23,4,10,42,2,58,4,0,4,62
06/03/2002,LWB,WV,AEA,EN,Federal Contract Tower,4,3,22,0,29,0,0,18,1,19,4,3,40,1,48,0,0,0,48
06/04/2002,LWB,WV,AEA,EN,Federal Contract Tower,6,29,91,2,128,0,2,20,0,22,6,31,111,2,150,10,0,10,160
06/05/2002,LWB,WV,AEA,EN,Federal Contract Tower,4,12,45,0,61,0,2,13,0,15,4,14,58,0,76,34,0,34,110
06/06/2002,LWB,WV,AEA,EN,Federal Contract Tower,6,8,30,0,44,0,0,11,0,11,6,8,41,0,55,134,0,134,189
06/07/2002,LWB,WV,AEA,EN,Federal Contract Tower,4,45,179,0,228,0,0,24,0,24,4,45,203,0,252,48,0,48,300
06/08/2002,LWB,WV,AEA,EN,Federal Contract Tower,4,13,23,0,40,0,0,25,25,50,4,13,48,25,90,146,0,146,236
06/09/2002,LWB,WV,AEA,EN,Federal Contract Tower,2,16,45,0,63,0,0,36,4,40,2,16,81,4,103,10,0,10,113
06/10/2002,LWB,WV,AEA,EN,Federal Contract Tower,4,24,66,0,94,0,0,25,0,25,4,24,91,0,119,10,0,10,129
06/11/2002,LWB,WV,AEA,EN,Federal Contract Tower,4,13,20,0,37,0,0,50,0,50,4,13,70,0,87,158,0,158,245
06/12/2002,LWB,WV,AEA,EN,Federal Contract Tower,4,5,14,0,23,0,0,23,3,26,4,5,37,3,49,42,126,168,217
06/13/2002,LWB,WV,AEA,EN,Federal Contract Tower,4,13,30,0,47,0,0,8,4,12,4,13,38,4,59,0,2,2,61
06/14/2002,LWB,WV,AEA,EN,Federal Contract Tower,4,10,26,1,41,0,0,21,7,28,4,10,47,8,69,48,0,48,117
06/15/2002,LWB,WV,AEA,EN,Federal Contract Tower,4,4,14,2,24,0,0,31,6,37,4,4,45,8,61,152,132,284,345
06/16/2002,LWB,WV,AEA,EN,Federal Contract Tower,4,11,38,0,53,0,0,34,0,34,4,11,72,0,87,124,0,124,211
06/17/2002,LWB,WV,AEA,EN,Federal Contract Tower,4,9,4,0,17,0,0,40,1,41,4,9,44,1,58,58,0,58,116
06/18/2002,LWB,WV,AEA,EN,Federal Contract Tower,4,5,7,6,22,0,0,25,6,31,4,5,32,12,53,24,18,42,95
06/19/2002,LWB,WV,AEA,EN,Federal Contract Tower,4,5,21,0,30,0,0,18,0,18,4,5,39,0,48,2,0,2,50
06/20/2002,LWB,WV,AEA,EN,Federal Contract Tower,6,9,21,0,36,0,0,51,1,52,6,9,72,1,88,204,0,204,292
06/21/2002,LWB,WV,AEA,EN,Federal Contract Tower,4,17,12,0,33,0,0,29,0,29,4,17,41,0,62,20,0,20,82
06/22/2002,LWB,WV,AEA,EN,Federal Contract Tower,4,2,13,0,19,0,0,57,9,66,4,2,70,9,85,68,0,68,153
06/23/2002,LWB,WV,AEA,EN,Federal Contract Tower,4,6,31,0,41,0,1,58,4,63,4,7,89,4,104,240,0,240,344
06/24/2002,LWB,WV,AEA,EN,Federal Contract Tower,4,4,10,0,18,0,0,42,0,42,4,4,52,0,60,12,0,12,72
06/25/2002,LWB,WV,AEA,EN,Federal Contract Tower,4,2,12,0,18,0,0,37,0,37,4,2,49,0,55,120,0,120,175
06/26/2002,LWB,WV,AEA,EN,Federal Contract Tower,4,2,21,0,27,0,0,10,6,16,4,2,31,6,43,10,12,22,65
06/27/2002,LWB,WV,AEA,EN,Federal Contract Tower,4,4,21,0,29,0,0,30,6,36,4,4,51,6,65,16,0,16,81
06/28/2002,LWB,WV,AEA,EN,Federal Contract Tower,4,4,6,0,14,0,0,14,0,14,4,4,20,0,28,10,0,10,38
06/29/2002,LWB,WV,AEA,EN,Federal Contract Tower,4,2,23,0,29,0,0,49,2,51,4,2,72,2,80,58,0,58,138
06/30/2002,LWB,WV,AEA,EN,Federal Contract Tower,4,10,11,0,25,0,0,27,2,29,4,10,38,2,54,26,0,26,80
07/01/2002,LWB,WV,AEA,EN,Federal Contract Tower,3,2,3,0,8,0,0,18,0,18,3,2,21,0,26,0,0,0,26
07/02/2002,LWB,WV,AEA,EN,Federal Contract Tower,7,5,10,2,24,0,0,16,0,16,7,5,26,2,40,6,0,6,46
07/03/2002,LWB,WV,AEA,EN,Federal Contract Tower,4,6,13,0,23,0,0,6,0,6,4,6,19,0,29,20,0,20,49
07/04/2002,LWB,WV,AEA,EN,Federal Contract Tower,4,4,1,0,9,0,0,15,0,15,4,4,16,0,24,6,0,6,30
07/05/2002,LWB,WV,AEA,EN,Federal Contract Tower,4,7,8,0,19,0,0,25,0,25,4,7,33,0,44,20,0,20,64
07/06/2002,LWB,WV,AEA,EN,Federal Contract Tower,4,3,9,0,16,0,0,33,0,33,4,3,42,0,49,0,0,0,49
07/07/2002,LWB,WV,AEA,EN,Federal Contract Tower,4,9,34,0,47,0,0,33,0,33,4,9,67,0,80,14,0,14,94
07/08/2002,LWB,WV,AEA,EN,Federal Contract Tower,4,3,4,0,11,0,0,23,0,23,4,3,27,0,34,34,0,34,68
07/09/2002,LWB,WV,AEA,EN,Federal Contract Tower,4,6,6,0,16,0,0,10,2,12,4,6,16,2,28,0,0,0,28
07/10/2002,LWB,WV,AEA,EN,Federal Contract Tower,4,3,10,6,23,0,0,1,0,1,4,3,11,6,24,0,0,0,24
07/11/2002,LWB,WV,AEA,EN,Federal Contract Tower,6,4,27,0,37,0,0,15,0,15,6,4,42,0,52,18,0,18,70
07/12/2002,LWB,WV,AEA,EN,Federal Contract Tower,4,2,20,0,26,0,0,24,0,24,4,2,44,0,50,10,0,10,60
07/13/2002,LWB,WV,AEA,EN,Federal Contract Tower,4,6,10,0,20,0,0,7,0,7,4,6,17,0,27,2,0,2,29
07/14/2002,LWB,WV,AEA,EN,Federal Contract Tower,4,8,31,0,43,0,0,1,0,1,4,8,32,0,44,0,0,0,44
07/15/2002,LWB,WV,AEA,EN,Federal Contract Tower,4,2,14,0,20,0,0,11,0,11,4,2,25,0,31,134,0,134,165
07/16/2002,LWB,WV,AEA,EN,Federal Contract Tower,4,6,47,2,59,0,0,12,2,14,4,6,59,4,73,10,16,26,99
07/17/2002,LWB,WV,AEA,EN,Federal Contract Tower,4,3,17,0,24,0,0,19,2,21,4,3,36,2,45,162,0,162,207
07/18/2002,LWB,WV,AEA,EN,Federal Contract Tower,4,5,23,0,32,2,0,3,0,5,6,5,26,0,37,0,0,0,37
07/19/2002,LWB,WV,AEA,EN,Federal Contract Tower,4,4,18,0,26,0,0,6,0,6,4,4,24,0,32,140,0,140,172
07/20/2002,LWB,WV,AEA,EN,Federal Contract Tower,4,4,11,0,19,0,0,24,24,48,4,4,35,24,67,168,0,168,235
07/21/2002,LWB,WV,AEA,EN,Federal Contract Tower,4,10,34,0,48,0,0,37,24,61,4,10,71,24,109,122,0,122,231
07/22/2002,LWB,WV,AEA,EN,Federal Contract Tower,4,5,10,0,19,0,0,14,0,14,4,5,24,0,33,10,0,10,43
07/23/2002,LWB,WV,AEA,EN,Federal Contract Tower,4,2,21,2,29,0,0,27,2,29,4,2,48,4,58,190,2,192,250
07/24/2002,LWB,WV,AEA,EN,Federal Contract Tower,6,11,14,0,31,0,0,22,0,22,6,11,36,0,53,172,0,172,225
07/25/2002,LWB,WV,AEA,EN,Federal Contract Tower,6,9,18,0,33,0,0,12,0,12,6,9,30,0,45,48,0,48,93
07/26/2002,LWB,WV,AEA,EN,Federal Contract Tower,4,3,20,0,27,0,0,11,0,11,4,3,31,0,38,46,0,46,84
07/27/2002,LWB,WV,AEA,EN,Federal Contract Tower,4,2,10,0,16,0,0,16,0,16,4,2,26,0,32,16,0,16,48
07/28/2002,LWB,WV,AEA,EN,Federal Contract Tower,4,8,24,0,36,0,0,21,0,21,4,8,45,0,57,52,0,52,109
07/29/2002,LWB,WV,AEA,EN,Federal Contract Tower,4,1,4,0,9,0,0,8,0,8,4,1,12,0,17,114,0,114,131
07/30/2002,LWB,WV,AEA,EN,Federal Contract Tower,4,2,5,0,11,0,0,4,2,6,4,2,9,2,17,0,0,0,17
07/31/2002,LWB,WV,AEA,EN,Federal Contract Tower,4,8,13,0,25,0,2,19,0,21,4,10,32,0,46,0,0,0,46
08/01/2002,LWB,WV,AEA,EN,Federal Contract Tower,4,7,19,0,30,0,0,29,0,29,4,7,48,0,59,42,0,42,101
08/02/2002,LWB,WV,AEA,EN,Federal Contract Tower,4,0,15,4,23,0,0,28,0,28,4,0,43,4,51,0,0,0,51
08/03/2002,LWB,WV,AEA,EN,Federal Contract Tower,4,4,8,0,16,0,0,14,0,14,4,4,22,0,30,0,0,0,30
08/04/2002,LWB,WV,AEA,EN,Federal Contract Tower,4,10,27,0,41,0,0,34,0,34,4,10,61,0,75,12,0,12,87
08/05/2002,LWB,WV,AEA,EN,Federal Contract Tower,4,2,7,2,15,0,0,24,2,26,4,2,31,4,41,12,0,12,53
08/06/2002,LWB,WV,AEA,EN,Federal Contract Tower,4,7,17,7,35,0,0,18,6,24,4,7,35,13,59,106,14,120,179
08/07/2002,LWB,WV,AEA,EN,Federal Contract Tower,4,4,9,1,18,0,0,35,0,35,4,4,44,1,53,24,0,24,77
08/08/2002,LWB,WV,AEA,EN,Federal Contract Tower,6,4,8,0,18,0,0,37,0,37,6,4,45,0,55,150,0,150,205
08/09/2002,LWB,WV,AEA,EN,Federal Contract Tower,4,7,17,6,34,0,0,64,4,68,4,7,81,10,102,140,6,146,248
08/10/2002,LWB,WV,AEA,EN,Federal Contract Tower,4,7,9,0,20,0,0,68,0,68,4,7,77,0,88,172,0,172,260
08/11/2002,LWB,WV,AEA,EN,Federal Contract Tower,4,11,23,0,38,0,2,40,0,42,4,13,63,0,80,130,0,130,210
08/12/2002,LWB,WV,AEA,EN,Federal Contract Tower,4,5,19,10,38,0,0,36,0,36,4,5,55,10,74,6,0,6,80
08/13/2002,LWB,WV,AEA,EN,Federal Contract Tower,4,2,14,0,20,0,0,35,4,39,4,2,49,4,59,16,0,16,75
08/14/2002,LWB,WV,AEA,EN,Federal Contract Tower,4,4,18,0,26,0,0,44,1,45,4,4,62,1,71,8,0,8,79
08/15/2002,LWB,WV,AEA,EN,Federal Contract Tower,6,15,15,0,36,0,0,24,0,24,6,15,39,0,60,100,0,100,160
08/16/2002,LWB,WV,AEA,EN,Federal Contract Tower,4,5,28,0,37,0,0,24,2,26,4,5,52,2,63,16,0,16,79
08/17/2002,LWB,WV,AEA,EN,Federal Contract Tower,4,4,7,0,15,0,0,14,0,14,4,4,21,0,29,24,0,24,53
08/18/2002,LWB,WV,AEA,EN,Federal Contract Tower,4,5,29,0,38,2,0,28,0,30,6,5,57,0,68,146,0,146,214
08/19/2002,LWB,WV,AEA,EN,Federal Contract Tower,4,5,12,0,21,0,0,21,0,21,4,5,33,0,42,20,0,20,62
08/20/2002,LWB,WV,AEA,EN,Federal Contract Tower,4,7,10,0,21,0,0,24,2,26,4,7,34,2,47,136,0,136,183
08/21/2002,LWB,WV,AEA,EN,Federal Contract Tower,4,3,15,0,22,0,0,24,1,25,4,3,39,1,47,162,0,162,209
08/22/2002,LWB,WV,AEA,EN,Federal Contract Tower,4,8,30,6,48,0,0,13,6,19,4,8,43,12,67,6,120,126,193
08/23/2002,LWB,WV,AEA,EN,Federal Contract Tower,4,4,14,0,22,0,0,9,10,19,4,4,23,10,41,12,0,12,53
08/24/2002,LWB,WV,AEA,EN,Federal Contract Tower,4,4,16,0,24,0,0,26,0,26,4,4,42,0,50,42,0,42,92
08/25/2002,LWB,WV,AEA,EN,Federal Contract Tower,4,4,27,1,36,0,0,14,7,21,4,4,41,8,57,6,0,6,63
08/26/2002,LWB,WV,AEA,EN,Federal Contract Tower,4,2,24,0,30,0,0,5,2,7,4,2,29,2,37,24,0,24,61
08/27/2002,LWB,WV,AEA,EN,Federal Contract Tower,4,5,15,2,26,0,0,3,0,3,4,5,18,2,29,152,0,152,181
08/28/2002,LWB,WV,AEA,EN,Federal Contract Tower,4,12,25,0,41,0,0,11,13,24,4,12,36,13,65,154,0,154,219
08/29/2002,LWB,WV,AEA,EN,Federal Contract Tower,4,11,23,2,40,0,0,15,9,24,4,11,38,11,64,20,6,26,90
08/30/2002,LWB,WV,AEA,EN,Federal Contract Tower,6,6,30,0,42,0,0,27,4,31,6,6,57,4,73,32,136,168,241
08/31/2002,LWB,WV,AEA,EN,Federal Contract Tower,4,3,7,0,14,0,0,13,4,17,4,3,20,4,31,20,0,20,51
09/01/2002,LWB,WV,AEA,EN,Federal Contract Tower,4,10,9,1,24,0,0,15,0,15,4,10,24,1,39,20,0,20,59
09/02/2002,LWB,WV,AEA,EN,Federal Contract Tower,4,6,21,0,31,0,0,27,1,28,4,6,48,1,59,14,130,144,203
09/03/2002,LWB,WV,AEA,EN,Federal Contract Tower,4,4,14,0,22,0,0,16,3,19,4,4,30,3,41,0,126,126,167
09/04/2002,LWB,WV,AEA,EN,Federal Contract Tower,4,6,6,0,16,0,0,15,0,15,4,6,21,0,31,8,0,8,39
09/05/2002,LWB,WV,AEA,EN,Federal Contract Tower,4,2,9,6,21,0,0,33,3,36,4,2,42,9,57,14,0,14,71
09/06/2002,LWB,WV,AEA,EN,Federal Contract Tower,4,6,8,2,20,0,0,18,2,20,4,6,26,4,40,0,0,0,40
09/07/2002,LWB,WV,AEA,EN,Federal Contract Tower,4,5,10,0,19,0,0,28,7,35,4,5,38,7,54,26,0,26,80
09/08/2002,LWB,WV,AEA,EN,Federal Contract Tower,4,7,26,0,37,0,0,31,0,31,4,7,57,0,68,0,0,0,68
09/09/2002,LWB,WV,AEA,EN,Federal Contract Tower,4,6,9,4,23,0,0,42,2,44,4,6,51,6,67,16,0,16,83
09/10/2002,LWB,WV,AEA,EN,Federal Contract Tower,4,4,8,0,16,0,0,53,6,59,4,4,61,6,75,34,136,170,245
09/11/2002,LWB,WV,AEA,EN,Federal Contract Tower,6,6,17,0,29,0,2,30,6,38,6,8,47,6,67,30,108,138,205
09/12/2002,LWB,WV,AEA,EN,Federal Contract Tower,4,13,19,0,36,0,0,38,4,42,4,13,57,4,78,72,132,204,282
09/13/2002,LWB,WV,AEA,EN,Federal Contract Tower,4,10,12,0,26,0,0,25,4,29,4,10,37,4,55,16,4,20,75
09/14/2002,LWB,WV,AEA,EN,Federal Contract Tower,4,5,21,0,30,0,0,30,24,54,4,5,51,24,84,118,0,118,202
09/15/2002,LWB,WV,AEA,EN,Federal Contract Tower,4,11,24,0,39,0,0,0,0,0,4,11,24,0,39,0,0,0,39
09/16/2002,LWB,WV,AEA,EN,Federal Contract Tower,4,6,19,0,29,0,0,13,0,13,4,6,32,0,42,0,0,0,42
09/17/2002,LWB,WV,AEA,EN,Federal Contract Tower,4,11,6,0,21,0,0,10,0,10,4,11,16,0,31,0,0,0,31
09/18/2002,LWB,WV,AEA,EN,Federal Contract Tower,4,10,30,0,44,0,2,6,0,8,4,12,36,0,52,128,0,128,180
09/19/2002,LWB,WV,AEA,EN,Federal Contract Tower,4,8,41,0,53,0,0,21,0,21,4,8,62,0,74,114,0,114,188
09/20/2002,LWB,WV,AEA,EN,Federal Contract Tower,4,8,31,0,43,0,0,23,0,23,4,8,54,0,66,0,0,0,66
09/21/2002,LWB,WV,AEA,EN,Federal Contract Tower,4,7,14,0,25,0,0,8,0,8,4,7,22,0,33,0,0,0,33
09/22/2002,LWB,WV,AEA,EN,Federal Contract Tower,4,25,35,0,64,0,0,7,0,7,4,25,42,0,71,0,0,0,71
09/23/2002,LWB,WV,AEA,EN,Federal Contract Tower,4,6,17,0,27,0,0,28,7,35,4,6,45,7,62,2,126,128,190
09/24/2002,LWB,WV,AEA,EN,Federal Contract Tower,4,13,16,0,33,0,0,17,5,22,4,13,33,5,55,20,0,20,75
09/25/2002,LWB,WV,AEA,EN,Federal Contract Tower,4,15,22,0,41,0,0,48,3,51,4,15,70,3,92,10,0,10,102
09/26/2002,LWB,WV,AEA,EN,Federal Contract Tower,8,12,28,0,48,0,0,4,0,4,8,12,32,0,52,0,0,0,52
09/27/2002,LWB,WV,AEA,EN,Federal Contract Tower,4,14,14,0,32,0,0,10,0,10,4,14,24,0,42,0,0,0,42
09/28/2002,LWB,WV,AEA,EN,Federal Contract Tower,4,2,14,0,20,0,0,32,10,42,4,2,46,10,62,30,0,30,92
09/29/2002,LWB,WV,AEA,EN,Federal Contract Tower,4,19,28,0,51,0,0,41,0,41,4,19,69,0,92,44,0,44,136
09/30/2002,LWB,WV,AEA,EN,Federal Contract Tower,4,9,10,0,23,0,0,25,0,25,4,9,35,0,48,0,0,0,48
10/01/2002,LWB,WV,AEA,EN,Federal Contract Tower,4,7,18,0,29,0,0,7,1,8,4,7,25,1,37,0,0,0,37
10/02/2002,LWB,WV,AEA,EN,Federal Contract Tower,4,12,82,0,98,0,0,20,0,20,4,12,102,0,118,10,0,10,128
10/03/2002,LWB,WV,AEA,EN,Federal Contract Tower,4,15,42,0,61,0,0,10,0,10,4,15,52,0,71,10,0,10,81
10/04/2002,LWB,WV,AEA,EN,Federal Contract Tower,4,26,87,0,117,0,0,12,0,12,4,26,99,0,129,0,0,0,129
10/05/2002,LWB,WV,AEA,EN,Federal Contract Tower,4,15,49,0,68,0,0,32,0,32,4,15,81,0,100,0,0,0,100
10/06/2002,LWB,WV,AEA,EN,Federal Contract Tower,4,9,21,0,34,0,0,42,0,42,4,9,63,0,76,10,0,10,86
10/07/2002,LWB,WV,AEA,EN,Federal Contract Tower,4,7,13,0,24,0,0,8,0,8,4,7,21,0,32,0,0,0,32
10/08/2002,LWB,WV,AEA,EN,Federal Contract Tower,5,18,45,0,68,0,0,23,0,23,5,18,68,0,91,0,0,0,91
10/09/2002,LWB,WV,AEA,EN,Federal Contract Tower,5,11,81,0,97,0,0,37,0,37,5,11,118,0,134,20,0,20,154
10/10/2002,LWB,WV,AEA,EN,Federal Contract Tower,10,18,59,0,87,0,0,2,0,2,10,18,61,0,89,0,0,0,89
10/11/2002,LWB,WV,AEA,EN,Federal Contract Tower,4,10,26,0,40,0,0,0,0,0,4,10,26,0,40,0,0,0,40
10/12/2002,LWB,WV,AEA,EN,Federal Contract Tower,5,9,32,0,46,0,0,26,0,26,5,9,58,0,72,4,0,4,76
10/13/2002,LWB,WV,AEA,EN,Federal Contract Tower,8,18,61,0,87,0,0,2,0,2,8,18,63,0,89,0,0,0,89
10/14/2002,LWB,WV,AEA,EN,Federal Contract Tower,4,7,24,0,35,0,0,48,1,49,4,7,72,1,84,38,0,38,122
10/15/2002,LWB,WV,AEA,EN,Federal Contract Tower,4,6,16,0,26,0,0,4,0,4,4,6,20,0,30,0,0,0,30
10/16/2002,LWB,WV,AEA,EN,Federal Contract Tower,4,4,50,0,58,0,0,0,0,0,4,4,50,0,58,0,0,0,58
10/17/2002,LWB,WV,AEA,EN,Federal Contract Tower,4,7,26,0,37,0,0,39,0,39,4,7,65,0,76,24,0,24,100
10/18/2002,LWB,WV,AEA,EN,Federal Contract Tower,4,4,21,0,29,0,0,40,10,50,4,4,61,10,79,10,10,20,99
10/19/2002,LWB,WV,AEA,EN,Federal Contract Tower,4,7,20,0,31,0,2,24,0,26,4,9,44,0,57,24,0,24,81
10/20/2002,LWB,WV,AEA,EN,Federal Contract Tower,4,12,35,0,51,0,0,0,0,0,4,12,35,0,51,0,0,0,51
10/21/2002,LWB,WV,AEA,EN,Federal Contract Tower,4,2,16,0,22,0,0,1,0,1,4,2,17,0,23,0,0,0,23
10/22/2002,LWB,WV,AEA,EN,Federal Contract Tower,4,6,18,2,30,0,0,75,4,79,4,6,93,6,109,166,0,166,275
10/23/2002,LWB,WV,AEA,EN,Federal Contract Tower,2,10,23,0,35,0,0,14,0,14,2,10,37,0,49,0,0,0,49
10/24/2002,LWB,WV,AEA,EN,Federal Contract Tower,8,10,12,4,34,0,0,0,0,0,8,10,12,4,34,0,0,0,34
10/25/2002,LWB,WV,AEA,EN,Federal Contract Tower,5,13,17,0,35,0,0,0,0,0,5,13,17,0,35,0,0,0,35
10/26/2002,LWB,WV,AEA,EN,Federal Contract Tower,4,2,11,0,17,0,0,14,0,14,4,2,25,0,31,14,0,14,45
10/27/2002,LWB,WV,AEA,EN,Federal Contract Tower,7,8,16,0,31,0,0,58,0,58,7,8,74,0,89,144,0,144,233
10/28/2002,LWB,WV,AEA,EN,Federal Contract Tower,2,2,8,0,12,0,0,0,0,0,2,2,8,0,12,0,0,0,12
10/29/2002,LWB,WV,AEA,EN,Federal Contract Tower,4,2,10,2,18,0,0,0,0,0,4,2,10,2,18,0,0,0,18
10/30/2002,LWB,WV,AEA,EN,Federal Contract Tower,4,2,16,0,22,0,0,0,0,0,4,2,16,0,22,0,0,0,22
10/31/2002,LWB,WV,AEA,EN,Federal Contract Tower,4,2,11,4,21,0,0,4,0,4,4,2,15,4,25,14,0,14,39
11/01/2002,LWB,WV,AEA,EN,Federal Contract Tower,6,6,21,0,33,0,1,8,0,9,6,7,29,0,42,14,0,14,56
11/02/2002,LWB,WV,AEA,EN,Federal Contract Tower,4,2,3,5,14,0,0,29,3,32,4,2,32,8,46,30,0,30,76
11/03/2002,LWB,WV,AEA,EN,Federal Contract Tower,2,8,12,1,23,0,0,59,0,59,2,8,71,1,82,10,0,10,92
11/04/2002,LWB,WV,AEA,EN,Federal Contract Tower,0,2,3,0,5,0,0,8,0,8,0,2,11,0,13,0,0,0,13
11/05/2002,LWB,WV,AEA,EN,Federal Contract Tower,0,2,12,0,14,0,0,1,0,1,0,2,13,0,15,0,0,0,15
11/06/2002,LWB,WV,AEA,EN,Federal Contract Tower,0,4,3,2,9,0,0,6,0,6,0,4,9,2,15,0,0,0,15
11/07/2002,LWB,WV,AEA,EN,Federal Contract Tower,2,4,7,2,15,0,0,10,0,10,2,4,17,2,25,158,0,158,183
11/08/2002,LWB,WV,AEA,EN,Federal Contract Tower,0,2,5,7,14,0,0,38,9,47,0,2,43,16,61,54,12,66,127
11/09/2002,LWB,WV,AEA,EN,Federal Contract Tower,0,2,6,0,8,0,0,111,0,111,0,2,117,0,119,94,0,94,213
11/10/2002,LWB,WV,AEA,EN,Federal Contract Tower,0,3,10,0,13,0,0,19,0,19,0,3,29,0,32,0,0,0,32
11/11/2002,LWB,WV,AEA,EN,Federal Contract Tower,0,4,5,0,9,0,0,3,0,3,0,4,8,0,12,0,0,0,12
11/12/2002,LWB,WV,AEA,EN,Federal Contract Tower,0,4,12,0,16,0,0,4,0,4,0,4,16,0,20,0,0,0,20
11/13/2002,LWB,WV,AEA,EN,Federal Contract Tower,0,8,23,0,31,0,0,18,0,18,0,8,41,0,49,28,0,28,77
11/14/2002,LWB,WV,AEA,EN,Federal Contract Tower,0,7,3,2,12,0,0,33,0,33,0,7,36,2,45,44,0,44,89
11/15/2002,LWB,WV,AEA,EN,Federal Contract Tower,0,11,21,0,32,0,2,18,0,20,0,13,39,0,52,56,0,56,108
11/16/2002,LWB,WV,AEA,EN,Federal Contract Tower,0,6,8,0,14,0,0,0,0,0,0,6,8,0,14,0,0,0,14
11/17/2002,LWB,WV,AEA,EN,Federal Contract Tower,0,8,9,0,17,0,0,2,0,2,0,8,11,0,19,0,0,0,19
11/18/2002,LWB,WV,AEA,EN,Federal Contract Tower,0,3,7,0,10,0,0,44,1,45,0,3,51,1,55,192,0,192,247
11/19/2002,LWB,WV,AEA,EN,Federal Contract Tower,0,8,3,2,13,0,0,4,0,4,0,8,7,2,17,2,0,2,19
11/20/2002,LWB,WV,AEA,EN,Federal Contract Tower,0,0,12,0,12,0,0,14,5,19,0,0,26,5,31,0,0,0,31
11/21/2002,LWB,WV,AEA,EN,Federal Contract Tower,2,2,6,0,10,0,0,4,2,6,2,2,10,2,16,0,130,130,146
11/22/2002,LWB,WV,AEA,EN,Federal Contract Tower,0,2,9,0,11,0,0,4,0,4,0,2,13,0,15,0,0,0,15
11/23/2002,LWB,WV,AEA,EN,Federal Contract Tower,0,4,1,0,5,0,0,10,0,10,0,4,11,0,15,10,0,10,25
11/24/2002,LWB,WV,AEA,EN,Federal Contract Tower,0,2,2,0,4,0,0,44,0,44,0,2,46,0,48,40,0,40,88
11/25/2002,LWB,WV,AEA,EN,Federal Contract Tower,0,2,2,0,4,0,0,38,0,38,0,2,40,0,42,52,0,52,94
11/26/2002,LWB,WV,AEA,EN,Federal Contract Tower,0,2,6,0,8,0,0,9,0,9,0,2,15,0,17,0,0,0,17
11/27/2002,LWB,WV,AEA,EN,Federal Contract Tower,0,5,21,1,27,0,0,1,0,1,0,5,22,1,28,0,0,0,28
11/28/2002,LWB,WV,AEA,EN,Federal Contract Tower,0,4,8,0,12,0,0,7,0,7,0,4,15,0,19,0,0,0,19
11/29/2002,LWB,WV,AEA,EN,Federal Contract Tower,0,2,5,0,7,0,0,17,0,17,0,2,22,0,24,0,0,0,24
11/30/2002,LWB,WV,AEA,EN,Federal Contract Tower,0,4,8,0,12,0,0,4,0,4,0,4,12,0,16,0,0,0,16
12/01/2002,LWB,WV,AEA,EN,Federal Contract Tower,0,6,20,0,26,0,0,4,0,4,0,6,24,0,30,0,0,0,30
12/02/2002,LWB,WV,AEA,EN,Federal Contract Tower,0,2,13,6,21,0,0,25,2,27,0,2,38,8,48,48,0,48,96
12/03/2002,LWB,WV,AEA,EN,Federal Contract Tower,0,6,7,0,13,0,0,15,2,17,0,6,22,2,30,12,0,12,42
12/04/2002,LWB,WV,AEA,EN,Federal Contract Tower,0,4,3,0,7,0,0,7,0,7,0,4,10,0,14,0,0,0,14
12/05/2002,LWB,WV,AEA,EN,Federal Contract Tower,0,2,2,0,4,0,0,0,0,0,0,2,2,0,4,0,0,0,4
12/06/2002,LWB,WV,AEA,EN,Federal Contract Tower,0,4,9,0,13,0,0,8,0,8,0,4,17,0,21,0,0,0,21
12/07/2002,LWB,WV,AEA,EN,Federal Contract Tower,0,2,6,0,8,0,0,28,4,32,0,2,34,4,40,32,132,164,204
12/08/2002,LWB,WV,AEA,EN,Federal Contract Tower,0,4,9,0,13,0,0,6,4,10,0,4,15,4,23,10,0,10,33
12/09/2002,LWB,WV,AEA,EN,Federal Contract Tower,0,3,8,0,11,0,0,24,0,24,0,3,32,0,35,24,0,24,59
12/10/2002,LWB,WV,AEA,EN,Federal Contract Tower,4,3,21,2,30,0,0,15,4,19,4,3,36,6,49,12,0,12,61
12/11/2002,LWB,WV,AEA,EN,Federal Contract Tower,2,2,10,0,14,0,0,0,0,0,2,2,10,0,14,0,0,0,14
12/12/2002,LWB,WV,AEA,EN,Federal Contract Tower,0,2,7,0,9,0,0,2,0,2,0,2,9,0,11,8,0,8,19
12/13/2002,LWB,WV,AEA,EN,Federal Contract Tower,0,2,5,0,7,0,0,0,0,0,0,2,5,0,7,0,0,0,7
12/14/2002,LWB,WV,AEA,EN,Federal Contract Tower,0,2,1,0,3,0,0,0,0,0,0,2,1,0,3,0,0,0,3
12/15/2002,LWB,WV,AEA,EN,Federal Contract Tower,0,2,2,0,4,0,0,16,0,16,0,2,18,0,20,20,0,20,40
12/16/2002,LWB,WV,AEA,EN,Federal Contract Tower,0,4,5,0,9,0,0,16,0,16,0,4,21,0,25,34,0,34,59
12/17/2002,LWB,WV,AEA,EN,Federal Contract Tower,0,8,3,0,11,0,0,9,0,9,0,8,12,0,20,10,0,10,30
12/18/2002,LWB,WV,AEA,EN,Federal Contract Tower,0,2,3,0,5,0,0,19,5,24,0,2,22,5,29,16,120,136,165
12/19/2002,LWB,WV,AEA,EN,Federal Contract Tower,2,10,8,0,20,0,0,21,4,25,2,10,29,4,45,0,154,154,199
12/20/2002,LWB,WV,AEA,EN,Federal Contract Tower,0,5,8,0,13,0,0,8,0,8,0,5,16,0,21,14,0,14,35
12/21/2002,LWB,WV,AEA,EN,Federal Contract Tower,0,2,1,0,3,0,0,17,0,17,0,2,18,0,20,0,0,0,20
12/22/2002,LWB,WV,AEA,EN,Federal Contract Tower,0,2,2,0,4,0,0,4,0,4,0,2,6,0,8,0,0,0,8
12/23/2002,LWB,WV,AEA,EN,Federal Contract Tower,0,2,0,6,8,0,0,33,4,37,0,2,33,10,45,56,146,202,247
12/24/2002,LWB,WV,AEA,EN,Federal Contract Tower,0,2,2,0,4,0,0,0,0,0,0,2,2,0,4,0,0,0,4
12/25/2002,LWB,WV,AEA,EN,Federal Contract Tower,0,0,0,0,0,0,0,0,0,0,0,0,0,0,0,0,0,0,0
12/26/2002,LWB,WV,AEA,EN,Federal Contract Tower,0,10,17,0,27,0,0,6,0,6,0,10,23,0,33,0,0,0,33
12/27/2002,LWB,WV,AEA,EN,Federal Contract Tower,0,4,13,4,21,0,0,26,2,28,0,4,39,6,49,20,4,24,73
12/28/2002,LWB,WV,AEA,EN,Federal Contract Tower,0,5,11,0,16,0,0,15,0,15,0,5,26,0,31,0,0,0,31
12/29/2002,LWB,WV,AEA,EN,Federal Contract Tower,0,5,15,0,20,0,0,32,0,32,0,5,47,0,52,16,0,16,68
12/30/2002,LWB,WV,AEA,EN,Federal Contract Tower,0,5,6,2,13,0,0,40,1,41,0,5,46,3,54,44,0,44,98
12/31/2002,LWB,WV,AEA,EN,Federal Contract Tower,0,6,1,0,7,0,0,22,0,22,0,6,23,0,29,172,0,172,201
01/01/2003,LWB,WV,AEA,EN,Federal Contract Tower,0,4,8,0,12,0,0,4,0,4,0,4,12,0,16,4,0,4,20
01/02/2003,LWB,WV,AEA,EN,Federal Contract Tower,0,8,3,0,11,0,0,0,0,0,0,8,3,0,11,0,0,0,11
01/03/2003,LWB,WV,AEA,EN,Federal Contract Tower,0,8,2,0,10,0,0,2,0,2,0,8,4,0,12,0,0,0,12
01/04/2003,LWB,WV,AEA,EN,Federal Contract Tower,0,4,2,0,6,0,0,0,0,0,0,4,2,0,6,0,0,0,6
01/05/2003,LWB,WV,AEA,EN,Federal Contract Tower,0,3,6,0,9,0,0,0,0,0,0,3,6,0,9,0,0,0,9
01/06/2003,LWB,WV,AEA,EN,Federal Contract Tower,0,2,3,0,5,0,0,0,0,0,0,2,3,0,5,0,0,0,5
01/07/2003,LWB,WV,AEA,EN,Federal Contract Tower,0,3,3,0,6,0,0,10,0,10,0,3,13,0,16,132,0,132,148
01/08/2003,LWB,WV,AEA,EN,Federal Contract Tower,0,4,3,0,7,0,0,4,0,4,0,4,7,0,11,0,0,0,11
01/09/2003,LWB,WV,AEA,EN,Federal Contract Tower,2,3,6,0,11,0,0,26,0,26,2,3,32,0,37,132,0,132,169
01/10/2003,LWB,WV,AEA,EN,Federal Contract Tower,0,2,4,0,6,0,0,9,0,9,0,2,13,0,15,0,0,0,15
01/11/2003,LWB,WV,AEA,EN,Federal Contract Tower,0,4,1,4,9,0,0,2,0,2,0,4,3,4,11,0,0,0,11
01/12/2003,LWB,WV,AEA,EN,Federal Contract Tower,0,2,1,0,3,0,0,40,2,42,0,2,41,2,45,140,0,140,185
01/13/2003,LWB,WV,AEA,EN,Federal Contract Tower,0,6,3,11,20,0,0,25,3,28,0,6,28,14,48,6,4,10,58
01/14/2003,LWB,WV,AEA,EN,Federal Contract Tower,0,2,7,0,9,0,0,0,0,0,0,2,7,0,9,0,0,0,9
01/15/2003,LWB,WV,AEA,EN,Federal Contract Tower,0,2,9,0,11,0,0,9,0,9,0,2,18,0,20,0,0,0,20
01/16/2003,LWB,WV,AEA,EN,Federal Contract Tower,0,4,2,0,6,0,2,2,2,6,0,6,4,2,12,0,0,0,12
01/17/2003,LWB,WV,AEA,EN,Federal Contract Tower,0,2,8,0,10,0,0,10,0,10,0,2,18,0,20,0,0,0,20
01/18/2003,LWB,WV,AEA,EN,Federal Contract Tower,0,5,4,0,9,0,0,13,0,13,0,5,17,0,22,6,0,6,28
01/19/2003,LWB,WV,AEA,EN,Federal Contract Tower,0,2,7,0,9,0,0,4,0,4,0,2,11,0,13,0,0,0,13
01/20/2003,LWB,WV,AEA,EN,Federal Contract Tower,0,5,8,0,13,0,0,2,0,2,0,5,10,0,15,0,0,0,15
01/21/2003,LWB,WV,AEA,EN,Federal Contract Tower,0,2,9,0,11,0,0,9,0,9,0,2,18,0,20,0,0,0,20
01/22/2003,LWB,WV,AEA,EN,Federal Contract Tower,0,2,10,0,12,0,0,5,0,5,0,2,15,0,17,0,0,0,17
01/23/2003,LWB,WV,AEA,EN,Federal Contract Tower,0,4,10,0,14,0,0,1,0,1,0,4,11,0,15,0,0,0,15
01/24/2003,LWB,WV,AEA,EN,Federal Contract Tower,2,4,11,0,17,0,0,4,0,4,2,4,15,0,21,0,0,0,21
01/25/2003,LWB,WV,AEA,EN,Federal Contract Tower,0,2,2,0,4,0,0,18,2,20,0,2,20,2,24,28,0,28,52
01/26/2003,LWB,WV,AEA,EN,Federal Contract Tower,0,0,7,0,7,0,0,8,0,8,0,0,15,0,15,0,0,0,15
01/27/2003,LWB,WV,AEA,EN,Federal Contract Tower,0,2,2,0,4,0,0,12,0,12,0,2,14,0,16,0,0,0,16
01/28/2003,LWB,WV,AEA,EN,Federal Contract Tower,0,2,6,0,8,0,0,6,0,6,0,2,12,0,14,0,0,0,14
01/29/2003,LWB,WV,AEA,EN,Federal Contract Tower,0,12,9,0,21,0,0,0,0,0,0,12,9,0,21,0,0,0,21
01/30/2003,LWB,WV,AEA,EN,Federal Contract Tower,2,4,2,0,8,0,0,2,0,2,2,4,4,0,10,0,0,0,10
01/31/2003,LWB,WV,AEA,EN,Federal Contract Tower,0,2,7,0,9,0,0,0,0,0,0,2,7,0,9,0,0,0,9
02/01/2003,LWB,WV,AEA,EN,Federal Contract Tower,0,1,9,1,11,0,1,2,2,5,0,2,11,3,16,0,0,0,16
02/02/2003,LWB,WV,AEA,EN,Federal Contract Tower,1,2,8,1,12,1,0,20,0,21,2,2,28,1,33,24,0,24,57
02/03/2003,LWB,WV,AEA,EN,Federal Contract Tower,0,2,0,0,2,0,0,9,12,21,0,2,9,12,23,16,0,16,39
02/04/2003,LWB,WV,AEA,EN,Federal Contract Tower,0,2,5,0,7,0,0,4,0,4,0,2,9,0,11,0,0,0,11
02/05/2003,LWB,WV,AEA,EN,Federal Contract Tower,0,2,6,3,11,0,0,31,0,31,0,2,37,3,42,0,0,0,42
02/06/2003,LWB,WV,AEA,EN,Federal Contract Tower,0,4,4,8,16,0,0,4,5,9,0,4,8,13,25,0,0,0,25
02/07/2003,LWB,WV,AEA,EN,Federal Contract Tower,0,4,14,3,21,0,0,5,10,15,0,4,19,13,36,0,0,0,36
02/08/2003,LWB,WV,AEA,EN,Federal Contract Tower,0,6,13,3,22,0,0,8,2,10,0,6,21,5,32,0,0,0,32
02/09/2003,LWB,WV,AEA,EN,Federal Contract Tower,0,4,14,5,23,0,0,8,4,12,0,4,22,9,35,70,0,70,105
02/10/2003,LWB,WV,AEA,EN,Federal Contract Tower,0,4,6,0,10,0,0,0,0,0,0,4,6,0,10,0,0,0,10
02/11/2003,LWB,WV,AEA,EN,Federal Contract Tower,0,3,4,0,7,0,0,5,0,5,0,3,9,0,12,0,0,0,12
02/12/2003,LWB,WV,AEA,EN,Federal Contract Tower,0,2,4,0,6,0,0,3,0,3,0,2,7,0,9,0,0,0,9
02/13/2003,LWB,WV,AEA,EN,Federal Contract Tower,0,2,10,0,12,0,0,26,0,26,0,2,36,0,38,24,0,24,62
02/14/2003,LWB,WV,AEA,EN,Federal Contract Tower,0,2,12,0,14,0,0,2,0,2,0,2,14,0,16,0,0,0,16
02/15/2003,LWB,WV,AEA,EN,Federal Contract Tower,0,2,9,0,11,0,0,0,0,0,0,2,9,0,11,0,0,0,11
02/16/2003,LWB,WV,AEA,EN,Federal Contract Tower,0,0,0,0,0,0,0,0,0,0,0,0,0,0,0,0,0,0,0
02/17/2003,LWB,WV,AEA,EN,Federal Contract Tower,1,3,7,0,11,1,0,0,0,1,2,3,7,0,12,0,0,0,12
02/18/2003,LWB,WV,AEA,EN,Federal Contract Tower,0,3,8,0,11,0,0,0,0,0,0,3,8,0,11,0,0,0,11
02/19/2003,LWB,WV,AEA,EN,Federal Contract Tower,0,2,6,0,8,0,0,11,0,11,0,2,17,0,19,0,0,0,19
02/20/2003,LWB,WV,AEA,EN,Federal Contract Tower,0,4,5,0,9,0,0,38,0,38,0,4,43,0,47,6,0,6,53
02/21/2003,LWB,WV,AEA,EN,Federal Contract Tower,2,2,1,0,5,0,0,0,0,0,2,2,1,0,5,0,0,0,5
02/22/2003,LWB,WV,AEA,EN,Federal Contract Tower,0,0,3,0,3,0,0,0,0,0,0,0,3,0,3,0,0,0,3
02/23/2003,LWB,WV,AEA,EN,Federal Contract Tower,0,2,10,0,12,0,0,0,0,0,0,2,10,0,12,0,0,0,12
02/24/2003,LWB,WV,AEA,EN,Federal Contract Tower,0,2,3,0,5,0,4,3,6,13,0,6,6,6,18,0,0,0,18
02/25/2003,LWB,WV,AEA,EN,Federal Contract Tower,0,2,4,0,6,0,0,0,0,0,0,2,4,0,6,0,0,0,6
02/26/2003,LWB,WV,AEA,EN,Federal Contract Tower,0,2,0,0,2,0,0,0,0,0,0,2,0,0,2,0,0,0,2
02/27/2003,LWB,WV,AEA,EN,Federal Contract Tower,0,0,0,0,0,0,0,0,0,0,0,0,0,0,0,0,0,0,0
02/28/2003,LWB,WV,AEA,EN,Federal Contract Tower,0,2,0,0,2,0,0,0,0,0,0,2,0,0,2,0,0,0,2
03/01/2003,LWB,WV,AEA,EN,Federal Contract Tower,0,2,2,0,4,0,0,36,0,36,0,2,38,0,40,27,0,27,67
03/02/2003,LWB,WV,AEA,EN,Federal Contract Tower,0,0,5,0,5,0,0,2,0,2,0,0,7,0,7,0,0,0,7
03/03/2003,LWB,WV,AEA,EN,Federal Contract Tower,0,2,1,4,7,0,0,19,0,19,0,2,20,4,26,0,0,0,26
03/04/2003,LWB,WV,AEA,EN,Federal Contract Tower,0,2,2,0,4,0,0,19,0,19,0,2,21,0,23,26,0,26,49
03/05/2003,LWB,WV,AEA,EN,Federal Contract Tower,0,4,12,0,16,0,0,9,0,9,0,4,21,0,25,130,0,130,155
03/06/2003,LWB,WV,AEA,EN,Federal Contract Tower,2,4,9,0,15,0,0,3,0,3,2,4,12,0,18,0,0,0,18
03/07/2003,LWB,WV,AEA,EN,Federal Contract Tower,0,2,7,4,13,0,0,14,0,14,0,2,21,4,27,140,12,152,179
03/08/2003,LWB,WV,AEA,EN,Federal Contract Tower,0,2,9,0,11,0,0,34,2,36,0,2,43,2,47,84,0,84,131
03/09/2003,LWB,WV,AEA,EN,Federal Contract Tower,0,2,7,0,9,0,0,5,0,5,0,2,12,0,14,16,0,16,30
03/10/2003,LWB,WV,AEA,EN,Federal Contract Tower,0,2,6,8,16,0,0,32,0,32,0,2,38,8,48,4,0,4,52
03/11/2003,LWB,WV,AEA,EN,Federal Contract Tower,0,2,3,6,11,0,0,33,5,38,0,2,36,11,49,40,6,46,95
03/12/2003,LWB,WV,AEA,EN,Federal Contract Tower,0,4,12,2,18,0,0,6,0,6,0,4,18,2,24,4,4,8,32
03/13/2003,LWB,WV,AEA,EN,Federal Contract Tower,0,2,5,0,7,0,0,0,0,0,0,2,5,0,7,0,0,0,7
03/14/2003,LWB,WV,AEA,EN,Federal Contract Tower,0,6,3,2,11,0,0,23,16,39,0,6,26,18,50,138,14,152,202
03/15/2003,LWB,WV,AEA,EN,Federal Contract Tower,0,4,2,0,6,0,0,29,8,37,0,4,31,8,43,36,0,36,79
03/16/2003,LWB,WV,AEA,EN,Federal Contract Tower,0,4,9,0,13,0,0,12,0,12,0,4,21,0,25,0,0,0,25
03/17/2003,LWB,WV,AEA,EN,Federal Contract Tower,0,2,7,0,9,0,0,36,2,38,0,2,43,2,47,0,0,0,47
03/18/2003,LWB,WV,AEA,EN,Federal Contract Tower,0,2,11,0,13,0,0,8,0,8,0,2,19,0,21,160,0,160,181
03/19/2003,LWB,WV,AEA,EN,Federal Contract Tower,0,2,16,2,20,0,0,0,0,0,0,2,16,2,20,0,0,0,20
03/20/2003,LWB,WV,AEA,EN,Federal Contract Tower,0,4,9,0,13,0,0,0,0,0,0,4,9,0,13,0,0,0,13
03/21/2003,LWB,WV,AEA,EN,Federal Contract Tower,2,3,15,0,20,0,0,6,0,6,2,3,21,0,26,12,0,12,38
03/22/2003,LWB,WV,AEA,EN,Federal Contract Tower,0,2,8,0,10,0,0,13,13,26,0,2,21,13,36,2,126,128,164
03/23/2003,LWB,WV,AEA,EN,Federal Contract Tower,0,5,14,0,19,0,0,15,0,15,0,5,29,0,34,20,0,20,54
03/24/2003,LWB,WV,AEA,EN,Federal Contract Tower,0,2,9,0,11,0,0,11,2,13,0,2,20,2,24,4,0,4,28
03/25/2003,LWB,WV,AEA,EN,Federal Contract Tower,0,2,4,7,13,0,0,12,8,20,0,2,16,15,33,4,130,134,167
03/26/2003,LWB,WV,AEA,EN,Federal Contract Tower,0,5,9,5,19,0,0,7,2,9,0,5,16,7,28,14,0,14,42
03/27/2003,LWB,WV,AEA,EN,Federal Contract Tower,1,6,9,0,16,0,0,12,0,12,1,6,21,0,28,0,0,0,28
03/28/2003,LWB,WV,AEA,EN,Federal Contract Tower,0,4,10,1,15,0,0,16,4,20,0,4,26,5,35,20,140,160,195
03/29/2003,LWB,WV,AEA,EN,Federal Contract Tower,0,3,8,0,11,0,0,5,12,17,0,3,13,12,28,128,0,128,156
03/30/2003,LWB,WV,AEA,EN,Federal Contract Tower,1,0,2,0,3,0,0,0,0,0,1,0,2,0,3,0,0,0,3
03/31/2003,LWB,WV,AEA,EN,Federal Contract Tower,0,2,1,0,3,0,0,5,2,7,0,2,6,2,10,0,0,0,10
04/01/2003,LWB,WV,AEA,EN,Federal Contract Tower,0,2,5,0,7,0,0,23,0,23,0,2,28,0,30,40,0,40,70
04/02/2003,LWB,WV,AEA,EN,Federal Contract Tower,0,2,9,4,15,0,0,21,0,21,0,2,30,4,36,2,8,10,46
04/03/2003,LWB,WV,AEA,EN,Federal Contract Tower,2,2,10,0,14,0,0,37,9,46,2,2,47,9,60,24,130,154,214
04/04/2003,LWB,WV,AEA,EN,Federal Contract Tower,0,6,14,0,20,0,0,15,24,39,0,6,29,24,59,0,4,4,63
04/05/2003,LWB,WV,AEA,EN,Federal Contract Tower,0,2,8,0,10,0,0,14,2,16,0,2,22,2,26,0,116,116,142
04/06/2003,LWB,WV,AEA,EN,Federal Contract Tower,0,6,14,0,20,0,0,32,0,32,0,6,46,0,52,124,0,124,176
04/07/2003,LWB,WV,AEA,EN,Federal Contract Tower,0,2,4,0,6,0,0,0,0,0,0,2,4,0,6,0,0,0,6
04/08/2003,LWB,WV,AEA,EN,Federal Contract Tower,0,8,7,0,15,0,0,0,0,0,0,8,7,0,15,0,0,0,15
04/09/2003,LWB,WV,AEA,EN,Federal Contract Tower,0,7,4,0,11,0,0,0,0,0,0,7,4,0,11,0,0,0,11
04/10/2003,LWB,WV,AEA,EN,Federal Contract Tower,0,2,14,0,16,0,0,3,0,3,0,2,17,0,19,0,0,0,19
04/11/2003,LWB,WV,AEA,EN,Federal Contract Tower,0,3,7,2,12,0,0,6,2,8,0,3,13,4,20,4,4,8,28
04/12/2003,LWB,WV,AEA,EN,Federal Contract Tower,0,2,5,0,7,0,0,25,0,25,0,2,30,0,32,10,0,10,42
04/13/2003,LWB,WV,AEA,EN,Federal Contract Tower,0,6,10,0,16,0,0,33,0,33,0,6,43,0,49,14,0,14,63
04/14/2003,LWB,WV,AEA,EN,Federal Contract Tower,0,3,6,0,9,0,0,44,2,46,0,3,50,2,55,0,0,0,55
04/15/2003,LWB,WV,AEA,EN,Federal Contract Tower,0,3,9,0,12,0,0,46,6,52,0,3,55,6,64,16,0,16,80
04/16/2003,LWB,WV,AEA,EN,Federal Contract Tower,0,8,5,2,15,0,0,21,0,21,0,8,26,2,36,34,6,40,76
04/17/2003,LWB,WV,AEA,EN,Federal Contract Tower,2,11,6,0,19,0,0,18,0,18,2,11,24,0,37,12,0,12,49
04/18/2003,LWB,WV,AEA,EN,Federal Contract Tower,0,3,20,0,23,0,0,2,0,2,0,3,22,0,25,0,0,0,25
04/19/2003,LWB,WV,AEA,EN,Federal Contract Tower,0,4,6,0,10,0,0,2,0,2,0,4,8,0,12,0,0,0,12
04/20/2003,LWB,WV,AEA,EN,Federal Contract Tower,0,13,17,0,30,0,0,15,0,15,0,13,32,0,45,0,0,0,45
04/21/2003,LWB,WV,AEA,EN,Federal Contract Tower,0,2,13,0,15,0,0,9,0,9,0,2,22,0,24,10,0,10,34
04/22/2003,LWB,WV,AEA,EN,Federal Contract Tower,0,2,8,0,10,0,0,35,0,35,0,2,43,0,45,0,0,0,45
04/23/2003,LWB,WV,AEA,EN,Federal Contract Tower,0,12,9,0,21,0,0,17,0,17,0,12,26,0,38,10,0,10,48
04/24/2003,LWB,WV,AEA,EN,Federal Contract Tower,0,6,12,0,18,0,0,34,0,34,0,6,46,0,52,12,0,12,64
04/25/2003,LWB,WV,AEA,EN,Federal Contract Tower,0,2,8,0,10,0,0,3,0,3,0,2,11,0,13,8,0,8,21
04/26/2003,LWB,WV,AEA,EN,Federal Contract Tower,0,2,9,0,11,0,0,2,0,2,0,2,11,0,13,20,0,20,33
04/27/2003,LWB,WV,AEA,EN,Federal Contract Tower,0,10,8,0,18,0,0,34,1,35,0,10,42,1,53,12,0,12,65
04/28/2003,LWB,WV,AEA,EN,Federal Contract Tower,0,5,12,5,22,0,0,28,3,31,0,5,40,8,53,14,4,18,71
04/29/2003,LWB,WV,AEA,EN,Federal Contract Tower,0,7,10,2,19,0,0,10,0,10,0,7,20,2,29,10,0,10,39
04/30/2003,LWB,WV,AEA,EN,Federal Contract Tower,0,4,8,2,14,0,0,3,0,3,0,4,11,2,17,84,10,94,111
05/01/2003,LWB,WV,AEA,EN,Federal Contract Tower,14,4,9,0,27,0,0,8,0,8,14,4,17,0,35,0,0,0,35
05/02/2003,LWB,WV,AEA,EN,Federal Contract Tower,4,3,6,0,13,0,0,22,0,22,4,3,28,0,35,32,0,32,67
05/03/2003,LWB,WV,AEA,EN,Federal Contract Tower,4,5,9,2,20,0,0,13,0,13,4,5,22,2,33,0,0,0,33
05/04/2003,LWB,WV,AEA,EN,Federal Contract Tower,10,8,13,0,31,0,0,24,4,28,10,8,37,4,59,0,126,126,185
05/05/2003,LWB,WV,AEA,EN,Federal Contract Tower,4,6,4,0,14,0,0,2,0,2,4,6,6,0,16,0,0,0,16
05/06/2003,LWB,WV,AEA,EN,Federal Contract Tower,4,8,12,0,24,0,0,3,0,3,4,8,15,0,27,0,0,0,27
05/07/2003,LWB,WV,AEA,EN,Federal Contract Tower,4,4,9,0,17,0,0,6,0,6,4,4,15,0,23,0,0,0,23
05/08/2003,LWB,WV,AEA,EN,Federal Contract Tower,4,6,14,0,24,0,0,15,0,15,4,6,29,0,39,0,0,0,39
05/09/2003,LWB,WV,AEA,EN,Federal Contract Tower,4,12,15,0,31,0,0,7,0,7,4,12,22,0,38,0,0,0,38
05/10/2003,LWB,WV,AEA,EN,Federal Contract Tower,4,3,10,0,17,0,0,7,0,7,4,3,17,0,24,134,0,134,158
05/11/2003,LWB,WV,AEA,EN,Federal Contract Tower,4,8,9,0,21,0,0,2,0,2,4,8,11,0,23,0,0,0,23
05/12/2003,LWB,WV,AEA,EN,Federal Contract Tower,4,9,5,0,18,0,0,3,0,3,4,9,8,0,21,0,0,0,21
05/13/2003,LWB,WV,AEA,EN,Federal Contract Tower,4,7,4,0,15,0,0,9,0,9,4,7,13,0,24,0,0,0,24
05/14/2003,LWB,WV,AEA,EN,Federal Contract Tower,4,15,15,0,34,0,0,36,6,42,4,15,51,6,76,28,128,156,232
05/15/2003,LWB,WV,AEA,EN,Federal Contract Tower,6,5,29,1,41,0,0,4,0,4,6,5,33,1,45,0,0,0,45
05/16/2003,LWB,WV,AEA,EN,Federal Contract Tower,2,9,8,1,20,0,0,29,0,29,2,9,37,1,49,10,0,10,59
05/17/2003,LWB,WV,AEA,EN,Federal Contract Tower,4,5,20,0,29,0,0,3,0,3,4,5,23,0,32,0,0,0,32
05/18/2003,LWB,WV,AEA,EN,Federal Contract Tower,4,13,50,1,68,0,0,0,0,0,4,13,50,1,68,0,0,0,68
05/19/2003,LWB,WV,AEA,EN,Federal Contract Tower,2,5,21,0,28,0,0,9,8,17,2,5,30,8,45,0,0,0,45
05/20/2003,LWB,WV,AEA,EN,Federal Contract Tower,4,5,13,1,23,0,0,12,0,12,4,5,25,1,35,0,0,0,35
05/21/2003,LWB,WV,AEA,EN,Federal Contract Tower,4,10,36,0,50,0,0,0,0,0,4,10,36,0,50,0,0,0,50
05/22/2003,LWB,WV,AEA,EN,Federal Contract Tower,4,7,16,0,27,0,0,0,0,0,4,7,16,0,27,0,0,0,27
05/23/2003,LWB,WV,AEA,EN,Federal Contract Tower,4,13,23,0,40,0,0,5,0,5,4,13,28,0,45,0,0,0,45
05/24/2003,LWB,WV,AEA,EN,Federal Contract Tower,4,5,31,0,40,0,0,49,0,49,4,5,80,0,89,50,0,50,139
05/25/2003,LWB,WV,AEA,EN,Federal Contract Tower,4,6,12,0,22,0,0,14,0,14,4,6,26,0,36,0,0,0,36
05/26/2003,LWB,WV,AEA,EN,Federal Contract Tower,4,17,14,0,35,0,0,18,0,18,4,17,32,0,53,20,0,20,73
05/27/2003,LWB,WV,AEA,EN,Federal Contract Tower,6,10,26,0,42,0,0,7,0,7,6,10,33,0,49,0,0,0,49
05/28/2003,LWB,WV,AEA,EN,Federal Contract Tower,4,9,16,0,29,0,0,20,0,20,4,9,36,0,49,0,0,0,49
05/29/2003,LWB,WV,AEA,EN,Federal Contract Tower,4,3,8,0,15,0,0,6,0,6,4,3,14,0,21,0,0,0,21
05/30/2003,LWB,WV,AEA,EN,Federal Contract Tower,6,4,13,0,23,0,0,22,1,23,6,4,35,1,46,172,0,172,218
05/31/2003,LWB,WV,AEA,EN,Federal Contract Tower,2,4,4,0,10,0,0,0,0,0,2,4,4,0,10,0,0,0,10
06/01/2003,LWB,WV,AEA,EN,Federal Contract Tower,2,3,19,0,24,0,0,13,0,13,2,3,32,0,37,0,0,0,37
06/02/2003,LWB,WV,AEA,EN,Federal Contract Tower,4,5,19,0,28,0,0,51,0,51,4,5,70,0,79,234,0,234,313
06/03/2003,LWB,WV,AEA,EN,Federal Contract Tower,4,40,49,0,93,0,0,4,0,4,4,40,53,0,97,4,0,4,101
06/04/2003,LWB,WV,AEA,EN,Federal Contract Tower,4,15,45,0,64,0,0,12,0,12,4,15,57,0,76,130,0,130,206
06/05/2003,LWB,WV,AEA,EN,Federal Contract Tower,4,10,37,0,51,0,0,22,0,22,4,10,59,0,73,144,0,144,217
06/06/2003,LWB,WV,AEA,EN,Federal Contract Tower,4,40,143,0,187,0,2,70,29,101,4,42,213,29,288,8,0,8,296
06/07/2003,LWB,WV,AEA,EN,Federal Contract Tower,4,5,22,0,31,0,0,7,0,7,4,5,29,0,38,12,0,12,50
06/08/2003,LWB,WV,AEA,EN,Federal Contract Tower,4,20,47,0,71,0,0,6,4,10,4,20,53,4,81,16,134,150,231
06/09/2003,LWB,WV,AEA,EN,Federal Contract Tower,4,18,80,0,102,0,0,13,4,17,4,18,93,4,119,10,0,10,129
06/10/2003,LWB,WV,AEA,EN,Federal Contract Tower,2,5,24,0,31,0,0,58,7,65,2,5,82,7,96,20,248,268,364
06/11/2003,LWB,WV,AEA,EN,Federal Contract Tower,4,4,11,0,19,0,0,14,0,14,4,4,25,0,33,8,0,8,41
06/12/2003,LWB,WV,AEA,EN,Federal Contract Tower,6,7,22,0,35,0,0,19,0,19,6,7,41,0,54,0,0,0,54
06/13/2003,LWB,WV,AEA,EN,Federal Contract Tower,4,4,25,0,33,0,0,5,2,7,4,4,30,2,40,6,138,144,184
06/14/2003,LWB,WV,AEA,EN,Federal Contract Tower,4,6,13,0,23,0,0,10,0,10,4,6,23,0,33,54,0,54,87
06/15/2003,LWB,WV,AEA,EN,Federal Contract Tower,4,4,31,0,39,0,0,4,0,4,4,4,35,0,43,0,0,0,43
06/16/2003,LWB,WV,AEA,EN,Federal Contract Tower,4,5,8,0,17,0,0,0,0,0,4,5,8,0,17,0,0,0,17
06/17/2003,LWB,WV,AEA,EN,Federal Contract Tower,4,4,17,0,25,0,0,2,0,2,4,4,19,0,27,0,0,0,27
06/18/2003,LWB,WV,AEA,EN,Federal Contract Tower,4,5,13,0,22,0,0,0,0,0,4,5,13,0,22,0,0,0,22
06/19/2003,LWB,WV,AEA,EN,Federal Contract Tower,4,6,23,0,33,0,0,15,0,15,4,6,38,0,48,12,0,12,60
06/20/2003,LWB,WV,AEA,EN,Federal Contract Tower,4,5,15,0,24,0,0,29,0,29,4,5,44,0,53,126,0,126,179
06/21/2003,LWB,WV,AEA,EN,Federal Contract Tower,4,4,7,0,15,0,0,17,0,17,4,4,24,0,32,121,0,121,153
06/22/2003,LWB,WV,AEA,EN,Federal Contract Tower,4,6,15,0,25,0,0,44,3,47,4,6,59,3,72,0,0,0,72
06/23/2003,LWB,WV,AEA,EN,Federal Contract Tower,4,3,5,0,12,0,0,32,2,34,4,3,37,2,46,18,0,18,64
06/24/2003,LWB,WV,AEA,EN,Federal Contract Tower,4,2,5,0,11,0,0,20,3,23,4,2,25,3,34,70,0,70,104
06/25/2003,LWB,WV,AEA,EN,Federal Contract Tower,4,8,9,0,21,0,0,31,1,32,4,8,40,1,53,62,0,62,115
06/26/2003,LWB,WV,AEA,EN,Federal Contract Tower,8,7,11,0,26,0,0,34,0,34,8,7,45,0,60,26,0,26,86
06/27/2003,LWB,WV,AEA,EN,Federal Contract Tower,4,5,20,0,29,0,0,26,0,26,4,5,46,0,55,130,0,130,185
06/28/2003,LWB,WV,AEA,EN,Federal Contract Tower,4,2,15,2,23,0,0,13,0,13,4,2,28,2,36,24,0,24,60
06/29/2003,LWB,WV,AEA,EN,Federal Contract Tower,6,4,26,0,36,2,0,29,10,41,8,4,55,10,77,156,0,156,233
06/30/2003,LWB,WV,AEA,EN,Federal Contract Tower,4,4,7,0,15,0,0,22,0,22,4,4,29,0,37,144,0,144,181
07/01/2003,LWB,WV,AEA,EN,Federal Contract Tower,5,12,9,0,26,0,0,2,0,2,5,12,11,0,28,0,0,0,28
07/02/2003,LWB,WV,AEA,EN,Federal Contract Tower,5,9,15,0,29,0,0,1,0,1,5,9,16,0,30,0,0,0,30
07/03/2003,LWB,WV,AEA,EN,Federal Contract Tower,4,9,17,0,30,0,0,5,0,5,4,9,22,0,35,0,0,0,35
07/04/2003,LWB,WV,AEA,EN,Federal Contract Tower,4,4,5,0,13,0,0,31,0,31,4,4,36,0,44,26,0,26,70
07/05/2003,LWB,WV,AEA,EN,Federal Contract Tower,4,5,10,0,19,0,0,20,0,20,4,5,30,0,39,12,0,12,51
07/06/2003,LWB,WV,AEA,EN,Federal Contract Tower,4,19,25,0,48,0,0,9,0,9,4,19,34,0,57,0,0,0,57
07/07/2003,LWB,WV,AEA,EN,Federal Contract Tower,4,12,20,0,36,0,0,10,0,10,4,12,30,0,46,0,0,0,46
07/08/2003,LWB,WV,AEA,EN,Federal Contract Tower,4,5,16,0,25,0,0,10,0,10,4,5,26,0,35,10,0,10,45
07/09/2003,LWB,WV,AEA,EN,Federal Contract Tower,4,4,13,0,21,0,0,10,0,10,4,4,23,0,31,0,0,0,31
07/10/2003,LWB,WV,AEA,EN,Federal Contract Tower,6,6,21,0,33,0,0,5,0,5,6,6,26,0,38,0,0,0,38
07/11/2003,LWB,WV,AEA,EN,Federal Contract Tower,4,9,29,4,46,0,0,16,2,18,4,9,45,6,64,0,0,0,64
07/12/2003,LWB,WV,AEA,EN,Federal Contract Tower,4,5,12,0,21,0,0,15,3,18,4,5,27,3,39,24,0,24,63
07/13/2003,LWB,WV,AEA,EN,Federal Contract Tower,4,13,23,0,40,0,0,16,0,16,4,13,39,0,56,20,0,20,76
07/14/2003,LWB,WV,AEA,EN,Federal Contract Tower,4,4,13,0,21,0,0,31,3,34,4,4,44,3,55,18,0,18,73
07/15/2003,LWB,WV,AEA,EN,Federal Contract Tower,4,7,12,0,23,0,0,29,9,38,4,7,41,9,61,10,122,132,193
07/16/2003,LWB,WV,AEA,EN,Federal Contract Tower,4,8,9,4,25,0,0,25,2,27,4,8,34,6,52,10,0,10,62
07/17/2003,LWB,WV,AEA,EN,Federal Contract Tower,4,11,25,0,40,0,0,56,0,56,4,11,81,0,96,132,0,132,228
07/18/2003,LWB,WV,AEA,EN,Federal Contract Tower,4,2,27,0,33,0,0,29,3,32,4,2,56,3,65,10,0,10,75
07/19/2003,LWB,WV,AEA,EN,Federal Contract Tower,4,4,15,3,26,0,0,12,6,18,4,4,27,9,44,0,0,0,44
07/20/2003,LWB,WV,AEA,EN,Federal Contract Tower,4,8,30,0,42,0,0,27,20,47,4,8,57,20,89,0,0,0,89
07/21/2003,LWB,WV,AEA,EN,Federal Contract Tower,4,4,9,0,17,0,2,9,2,13,4,6,18,2,30,10,0,10,40
07/22/2003,LWB,WV,AEA,EN,Federal Contract Tower,4,1,33,0,38,2,0,12,0,14,6,1,45,0,52,10,0,10,62
07/23/2003,LWB,WV,AEA,EN,Federal Contract Tower,4,4,18,0,26,0,0,17,2,19,4,4,35,2,45,0,138,138,183
07/24/2003,LWB,WV,AEA,EN,Federal Contract Tower,6,5,30,0,41,0,0,30,6,36,6,5,60,6,77,0,0,0,77
07/25/2003,LWB,WV,AEA,EN,Federal Contract Tower,4,2,26,0,32,0,0,46,5,51,4,2,72,5,83,12,256,268,351
07/26/2003,LWB,WV,AEA,EN,Federal Contract Tower,4,2,25,0,31,0,0,34,3,37,4,2,59,3,68,142,0,142,210
07/27/2003,LWB,WV,AEA,EN,Federal Contract Tower,2,6,39,0,47,0,0,59,2,61,2,6,98,2,108,3,0,3,111
07/28/2003,LWB,WV,AEA,EN,Federal Contract Tower,4,2,7,0,13,0,0,10,0,10,4,2,17,0,23,0,0,0,23
07/29/2003,LWB,WV,AEA,EN,Federal Contract Tower,4,9,36,0,49,0,0,14,0,14,4,9,50,0,63,44,0,44,107
07/30/2003,LWB,WV,AEA,EN,Federal Contract Tower,4,21,35,0,60,0,0,2,0,2,4,21,37,0,62,0,0,0,62
07/31/2003,LWB,WV,AEA,EN,Federal Contract Tower,4,9,38,0,51,0,0,8,0,8,4,9,46,0,59,52,0,52,111
08/01/2003,LWB,WV,AEA,EN,Federal Contract Tower,2,6,11,0,19,0,0,12,0,12,2,6,23,0,31,130,0,130,161
08/02/2003,LWB,WV,AEA,EN,Federal Contract Tower,4,4,16,0,24,0,0,95,7,102,4,4,111,7,126,198,100,298,424
08/03/2003,LWB,WV,AEA,EN,Federal Contract Tower,4,4,28,0,36,0,0,18,1,19,4,4,46,1,55,0,0,0,55
08/04/2003,LWB,WV,AEA,EN,Federal Contract Tower,4,12,8,0,24,0,0,12,0,12,4,12,20,0,36,10,0,10,46
08/05/2003,LWB,WV,AEA,EN,Federal Contract Tower,2,6,23,0,31,0,0,14,0,14,2,6,37,0,45,164,0,164,209
08/06/2003,LWB,WV,AEA,EN,Federal Contract Tower,5,8,20,1,34,0,0,27,14,41,5,8,47,15,75,244,0,244,319
08/07/2003,LWB,WV,AEA,EN,Federal Contract Tower,6,10,28,0,44,0,0,7,0,7,6,10,35,0,51,12,0,12,63
08/08/2003,LWB,WV,AEA,EN,Federal Contract Tower,4,7,31,0,42,0,0,2,0,2,4,7,33,0,44,8,0,8,52
08/09/2003,LWB,WV,AEA,EN,Federal Contract Tower,4,10,15,0,29,0,0,19,0,19,4,10,34,0,48,180,0,180,228
08/10/2003,LWB,WV,AEA,EN,Federal Contract Tower,4,9,28,0,41,0,0,10,0,10,4,9,38,0,51,0,0,0,51
08/11/2003,LWB,WV,AEA,EN,Federal Contract Tower,4,4,10,7,25,0,0,17,4,21,4,4,27,11,46,140,4,144,190
08/12/2003,LWB,WV,AEA,EN,Federal Contract Tower,4,6,11,0,21,0,0,22,0,22,4,6,33,0,43,0,0,0,43
08/13/2003,LWB,WV,AEA,EN,Federal Contract Tower,4,6,25,0,35,0,0,17,8,25,4,6,42,8,60,12,174,186,246
08/14/2003,LWB,WV,AEA,EN,Federal Contract Tower,4,9,29,0,42,0,0,29,2,31,4,9,58,2,73,202,2,204,277
08/15/2003,LWB,WV,AEA,EN,Federal Contract Tower,4,9,22,0,35,0,0,16,0,16,4,9,38,0,51,12,0,12,63
08/16/2003,LWB,WV,AEA,EN,Federal Contract Tower,4,2,17,0,23,0,0,18,0,18,4,2,35,0,41,12,0,12,53
08/17/2003,LWB,WV,AEA,EN,Federal Contract Tower,4,15,19,0,38,0,0,22,0,22,4,15,41,0,60,172,0,172,232
08/18/2003,LWB,WV,AEA,EN,Federal Contract Tower,4,8,10,0,22,0,0,34,0,34,4,8,44,0,56,32,0,32,88
08/19/2003,LWB,WV,AEA,EN,Federal Contract Tower,4,2,12,0,18,0,0,19,0,19,4,2,31,0,37,154,0,154,191
08/20/2003,LWB,WV,AEA,EN,Federal Contract Tower,4,5,15,0,24,0,0,9,0,9,4,5,24,0,33,22,0,22,55
08/21/2003,LWB,WV,AEA,EN,Federal Contract Tower,6,9,30,0,45,2,0,31,6,39,8,9,61,6,84,16,0,16,100
08/22/2003,LWB,WV,AEA,EN,Federal Contract Tower,4,8,13,0,25,0,0,22,0,22,4,8,35,0,47,6,0,6,53
08/23/2003,LWB,WV,AEA,EN,Federal Contract Tower,4,8,12,0,24,0,0,32,1,33,4,8,44,1,57,184,0,184,241
08/24/2003,LWB,WV,AEA,EN,Federal Contract Tower,4,11,26,0,41,0,0,55,0,55,4,11,81,0,96,182,0,182,278
08/25/2003,LWB,WV,AEA,EN,Federal Contract Tower,4,4,11,0,19,0,0,36,7,43,4,4,47,7,62,192,0,192,254
08/26/2003,LWB,WV,AEA,EN,Federal Contract Tower,4,5,9,2,20,0,0,29,0,29,4,5,38,2,49,186,0,186,235
08/27/2003,LWB,WV,AEA,EN,Federal Contract Tower,4,9,21,0,34,0,0,28,0,28,4,9,49,0,62,150,0,150,212
08/28/2003,LWB,WV,AEA,EN,Federal Contract Tower,4,8,18,0,30,0,0,15,0,15,4,8,33,0,45,20,0,20,65
08/29/2003,LWB,WV,AEA,EN,Federal Contract Tower,4,12,31,0,47,0,0,24,0,24,4,12,55,0,71,6,0,6,77
08/30/2003,LWB,WV,AEA,EN,Federal Contract Tower,4,2,6,0,12,0,0,20,0,20,4,2,26,0,32,0,0,0,32
08/31/2003,LWB,WV,AEA,EN,Federal Contract Tower,4,0,7,0,11,0,0,0,0,0,4,0,7,0,11,0,0,0,11
09/01/2003,LWB,WV,AEA,EN,Federal Contract Tower,4,9,30,0,43,0,0,18,0,18,4,9,48,0,61,0,0,0,61
09/02/2003,LWB,WV,AEA,EN,Federal Contract Tower,4,7,14,0,25,0,0,36,0,36,4,7,50,0,61,20,0,20,81
09/03/2003,LWB,WV,AEA,EN,Federal Contract Tower,4,4,6,0,14,0,0,2,0,2,4,4,8,0,16,328,0,328,344
09/04/2003,LWB,WV,AEA,EN,Federal Contract Tower,4,9,4,0,17,0,0,4,0,4,4,9,8,0,21,178,0,178,199
09/05/2003,LWB,WV,AEA,EN,Federal Contract Tower,6,6,11,0,23,0,0,39,0,39,6,6,50,0,62,34,0,34,96
09/06/2003,LWB,WV,AEA,EN,Federal Contract Tower,4,2,9,0,15,0,0,16,6,22,4,2,25,6,37,20,0,20,57
09/07/2003,LWB,WV,AEA,EN,Federal Contract Tower,4,7,21,0,32,0,0,33,4,37,4,7,54,4,69,10,0,10,79
09/08/2003,LWB,WV,AEA,EN,Federal Contract Tower,4,6,9,0,19,0,0,23,0,23,4,6,32,0,42,0,0,0,42
09/09/2003,LWB,WV,AEA,EN,Federal Contract Tower,4,8,11,2,25,0,0,11,0,11,4,8,22,2,36,22,0,22,58
09/10/2003,LWB,WV,AEA,EN,Federal Contract Tower,4,9,14,0,27,0,0,16,0,16,4,9,30,0,43,0,0,0,43
09/11/2003,LWB,WV,AEA,EN,Federal Contract Tower,4,6,34,0,44,0,0,37,2,39,4,6,71,2,83,14,0,14,97
09/12/2003,LWB,WV,AEA,EN,Federal Contract Tower,4,2,24,2,32,0,0,20,0,20,4,2,44,2,52,114,0,114,166
09/13/2003,LWB,WV,AEA,EN,Federal Contract Tower,4,6,8,0,18,0,0,4,6,10,4,6,12,6,28,0,0,0,28
09/14/2003,LWB,WV,AEA,EN,Federal Contract Tower,4,6,33,0,43,0,0,7,9,16,4,6,40,9,59,0,166,166,225
09/15/2003,LWB,WV,AEA,EN,Federal Contract Tower,4,5,13,0,22,0,0,1,0,1,4,5,14,0,23,0,0,0,23
09/16/2003,LWB,WV,AEA,EN,Federal Contract Tower,4,7,14,0,25,0,0,15,3,18,4,7,29,3,43,12,150,162,205
09/17/2003,LWB,WV,AEA,EN,Federal Contract Tower,4,13,26,0,43,0,0,31,0,31,4,13,57,0,74,18,0,18,92
09/18/2003,LWB,WV,AEA,EN,Federal Contract Tower,4,3,19,0,26,0,0,0,0,0,4,3,19,0,26,0,0,0,26
09/19/2003,LWB,WV,AEA,EN,Federal Contract Tower,4,3,21,0,28,0,0,0,12,12,4,3,21,12,40,0,0,0,40
09/20/2003,LWB,WV,AEA,EN,Federal Contract Tower,4,6,10,0,20,0,0,13,3,16,4,6,23,3,36,16,152,168,204
09/21/2003,LWB,WV,AEA,EN,Federal Contract Tower,4,7,18,0,29,0,0,47,2,49,4,7,65,2,78,0,184,184,262
09/22/2003,LWB,WV,AEA,EN,Federal Contract Tower,6,6,14,0,26,0,0,8,2,10,6,6,22,2,36,0,0,0,36
09/23/2003,LWB,WV,AEA,EN,Federal Contract Tower,4,7,10,2,23,0,0,0,3,3,4,7,10,5,26,14,192,206,232
09/24/2003,LWB,WV,AEA,EN,Federal Contract Tower,0,2,2,1,5,4,0,51,0,55,4,2,53,1,60,222,0,222,282
09/25/2003,LWB,WV,AEA,EN,Federal Contract Tower,4,10,23,0,37,0,0,25,4,29,4,10,48,4,66,22,210,232,298
09/26/2003,LWB,WV,AEA,EN,Federal Contract Tower,4,5,33,0,42,0,0,31,0,31,4,5,64,0,73,192,0,192,265
09/27/2003,LWB,WV,AEA,EN,Federal Contract Tower,4,2,6,0,12,0,0,8,6,14,4,2,14,6,26,0,4,4,30
09/28/2003,LWB,WV,AEA,EN,Federal Contract Tower,4,6,20,0,30,0,0,18,2,20,4,6,38,2,50,190,0,190,240
09/29/2003,LWB,WV,AEA,EN,Federal Contract Tower,4,8,12,0,24,0,0,16,4,20,4,8,28,4,44,0,192,192,236
09/30/2003,LWB,WV,AEA,EN,Federal Contract Tower,4,9,11,0,24,0,0,21,10,31,4,9,32,10,55,0,286,286,341
10/01/2003,LWB,WV,AEA,EN,Federal Contract Tower,4,17,31,0,52,0,0,6,1,7,4,17,37,1,59,188,0,188,247
10/02/2003,LWB,WV,AEA,EN,Federal Contract Tower,10,12,77,0,99,0,0,18,1,19,10,12,95,1,118,76,0,76,194
10/03/2003,LWB,WV,AEA,EN,Federal Contract Tower,6,6,24,0,36,0,0,42,0,42,6,6,66,0,78,20,0,20,98
10/04/2003,LWB,WV,AEA,EN,Federal Contract Tower,4,13,16,0,33,0,0,6,0,6,4,13,22,0,39,0,0,0,39
10/05/2003,LWB,WV,AEA,EN,Federal Contract Tower,9,12,80,0,101,0,0,38,8,46,9,12,118,8,147,0,152,152,299
10/06/2003,LWB,WV,AEA,EN,Federal Contract Tower,4,9,11,0,24,0,0,14,0,14,4,9,25,0,38,166,0,166,204
10/07/2003,LWB,WV,AEA,EN,Federal Contract Tower,4,18,18,0,40,0,3,30,0,33,4,21,48,0,73,30,0,30,103
10/08/2003,LWB,WV,AEA,EN,Federal Contract Tower,4,28,79,0,111,0,0,27,1,28,4,28,106,1,139,0,0,0,139
10/09/2003,LWB,WV,AEA,EN,Federal Contract Tower,4,22,54,0,80,0,0,7,0,7,4,22,61,0,87,0,0,0,87
10/10/2003,LWB,WV,AEA,EN,Federal Contract Tower,6,32,106,0,144,0,0,23,0,23,6,32,129,0,167,16,0,16,183
10/11/2003,LWB,WV,AEA,EN,Federal Contract Tower,4,18,59,0,81,0,0,13,0,13,4,18,72,0,94,22,0,22,116
10/12/2003,LWB,WV,AEA,EN,Federal Contract Tower,4,9,22,0,35,0,0,25,0,25,4,9,47,0,60,0,0,0,60
10/13/2003,LWB,WV,AEA,EN,Federal Contract Tower,4,8,29,0,41,0,0,49,8,57,4,8,78,8,98,32,152,184,282
10/14/2003,LWB,WV,AEA,EN,Federal Contract Tower,4,23,54,0,81,0,0,0,0,0,4,23,54,0,81,0,0,0,81
10/15/2003,LWB,WV,AEA,EN,Federal Contract Tower,4,42,84,0,130,0,0,11,0,11,4,42,95,0,141,0,0,0,141
10/16/2003,LWB,WV,AEA,EN,Federal Contract Tower,4,10,15,0,29,0,0,51,0,51,4,10,66,0,80,60,150,210,290
10/17/2003,LWB,WV,AEA,EN,Federal Contract Tower,6,6,30,0,42,0,0,32,4,36,6,6,62,4,78,0,0,0,78
10/18/2003,LWB,WV,AEA,EN,Federal Contract Tower,4,7,26,0,37,0,0,46,0,46,4,7,72,0,83,8,0,8,91
10/19/2003,LWB,WV,AEA,EN,Federal Contract Tower,4,8,41,0,53,0,0,154,7,161,4,8,195,7,214,20,146,166,380
10/20/2003,LWB,WV,AEA,EN,Federal Contract Tower,4,4,7,0,15,0,0,47,5,52,4,4,54,5,67,30,2,32,99
10/21/2003,LWB,WV,AEA,EN,Federal Contract Tower,4,6,17,0,27,0,0,34,4,38,4,6,51,4,65,174,0,174,239
10/22/2003,LWB,WV,AEA,EN,Federal Contract Tower,4,11,18,0,33,0,0,7,0,7,4,11,25,0,40,0,0,0,40
10/23/2003,LWB,WV,AEA,EN,Federal Contract Tower,6,14,23,0,43,0,0,19,0,19,6,14,42,0,62,8,0,8,70
10/24/2003,LWB,WV,AEA,EN,Federal Contract Tower,4,4,8,0,16,0,0,64,6,70,4,4,72,6,86,18,162,180,266
10/25/2003,LWB,WV,AEA,EN,Federal Contract Tower,4,5,13,0,22,0,0,64,6,70,4,5,77,6,92,53,102,155,247
10/26/2003,LWB,WV,AEA,EN,Federal Contract Tower,6,10,26,0,42,0,0,16,0,16,6,10,42,0,58,0,0,0,58
10/27/2003,LWB,WV,AEA,EN,Federal Contract Tower,4,4,6,0,14,0,0,0,0,0,4,4,6,0,14,0,0,0,14
10/28/2003,LWB,WV,AEA,EN,Federal Contract Tower,4,5,13,0,22,0,0,20,0,20,4,5,33,0,42,160,0,160,202
10/29/2003,LWB,WV,AEA,EN,Federal Contract Tower,4,12,19,0,35,0,0,23,6,29,4,12,42,6,64,0,150,150,214
10/30/2003,LWB,WV,AEA,EN,Federal Contract Tower,6,5,12,0,23,0,0,53,6,59,6,5,65,6,82,53,140,193,275
10/31/2003,LWB,WV,AEA,EN,Federal Contract Tower,4,6,16,0,26,0,0,83,1,84,4,6,99,1,110,24,126,150,260
11/01/2003,LWB,WV,AEA,EN,Federal Contract Tower,4,8,11,0,23,0,0,97,0,97,4,8,108,0,120,204,0,204,324
11/02/2003,LWB,WV,AEA,EN,Federal Contract Tower,4,6,25,0,35,0,0,87,0,87,4,6,112,0,122,158,0,158,280
11/03/2003,LWB,WV,AEA,EN,Federal Contract Tower,4,4,7,0,15,0,0,26,2,28,4,4,33,2,43,176,4,180,223
11/04/2003,LWB,WV,AEA,EN,Federal Contract Tower,4,6,7,0,17,0,0,31,2,33,4,6,38,2,50,4,0,4,54
11/05/2003,LWB,WV,AEA,EN,Federal Contract Tower,4,6,17,0,27,0,0,20,0,20,4,6,37,0,47,6,0,6,53
11/06/2003,LWB,WV,AEA,EN,Federal Contract Tower,6,6,18,0,30,0,0,2,0,2,6,6,20,0,32,0,0,0,32
11/07/2003,LWB,WV,AEA,EN,Federal Contract Tower,4,5,28,0,37,0,0,16,0,16,4,5,44,0,53,12,0,12,65
11/08/2003,LWB,WV,AEA,EN,Federal Contract Tower,4,7,10,1,22,0,0,51,5,56,4,7,61,6,78,14,156,170,248
11/09/2003,LWB,WV,AEA,EN,Federal Contract Tower,4,6,15,0,25,0,0,448,0,448,4,6,463,0,473,0,0,0,473
11/10/2003,LWB,WV,AEA,EN,Federal Contract Tower,0,6,3,2,11,0,0,10,4,14,0,6,13,6,25,0,160,160,185
11/11/2003,LWB,WV,AEA,EN,Federal Contract Tower,0,5,9,0,14,0,0,2,0,2,0,5,11,0,16,0,0,0,16
11/12/2003,LWB,WV,AEA,EN,Federal Contract Tower,0,4,12,0,16,0,0,0,0,0,0,4,12,0,16,0,0,0,16
11/13/2003,LWB,WV,AEA,EN,Federal Contract Tower,0,6,5,0,11,0,0,0,0,0,0,6,5,0,11,0,0,0,11
11/14/2003,LWB,WV,AEA,EN,Federal Contract Tower,0,7,16,0,23,0,0,29,0,29,0,7,45,0,52,0,0,0,52
11/15/2003,LWB,WV,AEA,EN,Federal Contract Tower,0,4,7,0,11,0,0,4,0,4,0,4,11,0,15,0,0,0,15
11/16/2003,LWB,WV,AEA,EN,Federal Contract Tower,0,5,14,0,19,0,0,3,0,3,0,5,17,0,22,0,0,0,22
11/17/2003,LWB,WV,AEA,EN,Federal Contract Tower,0,10,6,0,16,0,0,36,0,36,0,10,42,0,52,28,0,28,80
11/18/2003,LWB,WV,AEA,EN,Federal Contract Tower,0,5,16,0,21,0,0,7,0,7,0,5,23,0,28,0,0,0,28
11/19/2003,LWB,WV,AEA,EN,Federal Contract Tower,0,10,3,0,13,0,0,0,0,0,0,10,3,0,13,0,0,0,13
11/20/2003,LWB,WV,AEA,EN,Federal Contract Tower,2,7,10,5,24,0,0,10,0,10,2,7,20,5,34,10,6,16,50
11/21/2003,LWB,WV,AEA,EN,Federal Contract Tower,0,6,12,5,23,0,0,38,1,39,0,6,50,6,62,4,6,10,72
11/22/2003,LWB,WV,AEA,EN,Federal Contract Tower,2,4,6,0,12,0,0,73,0,73,2,4,79,0,85,32,0,32,117
11/23/2003,LWB,WV,AEA,EN,Federal Contract Tower,2,6,11,0,19,0,0,76,0,76,2,6,87,0,95,24,0,24,119
11/24/2003,LWB,WV,AEA,EN,Federal Contract Tower,0,6,7,0,13,0,0,3,0,3,0,6,10,0,16,0,0,0,16
11/25/2003,LWB,WV,AEA,EN,Federal Contract Tower,0,5,4,5,14,0,0,29,8,37,0,5,33,13,51,184,6,190,241
11/26/2003,LWB,WV,AEA,EN,Federal Contract Tower,0,14,30,0,44,0,0,23,0,23,0,14,53,0,67,160,0,160,227
11/27/2003,LWB,WV,AEA,EN,Federal Contract Tower,0,8,5,0,13,0,0,4,0,4,0,8,9,0,17,0,0,0,17
11/28/2003,LWB,WV,AEA,EN,Federal Contract Tower,0,6,4,0,10,0,0,0,0,0,0,6,4,0,10,0,0,0,10
11/29/2003,LWB,WV,AEA,EN,Federal Contract Tower,0,13,8,0,21,0,0,7,0,7,0,13,15,0,28,0,0,0,28
11/30/2003,LWB,WV,AEA,EN,Federal Contract Tower,0,14,36,0,50,0,0,23,0,23,0,14,59,0,73,0,0,0,73
12/01/2003,LWB,WV,AEA,EN,Federal Contract Tower,0,7,6,0,13,0,0,7,0,7,0,7,13,0,20,0,0,0,20
12/02/2003,LWB,WV,AEA,EN,Federal Contract Tower,0,4,5,0,9,0,0,11,0,11,0,4,16,0,20,0,0,0,20
12/03/2003,LWB,WV,AEA,EN,Federal Contract Tower,0,4,8,0,12,0,0,8,2,10,0,4,16,2,22,12,0,12,34
12/04/2003,LWB,WV,AEA,EN,Federal Contract Tower,0,4,3,0,7,0,0,0,0,0,0,4,3,0,7,0,0,0,7
12/05/2003,LWB,WV,AEA,EN,Federal Contract Tower,0,5,3,0,8,0,0,0,0,0,0,5,3,0,8,0,0,0,8
12/06/2003,LWB,WV,AEA,EN,Federal Contract Tower,0,5,6,0,11,0,0,4,0,4,0,5,10,0,15,6,0,6,21
12/07/2003,LWB,WV,AEA,EN,Federal Contract Tower,0,6,10,0,16,0,0,17,2,19,0,6,27,2,35,4,0,4,39
12/08/2003,LWB,WV,AEA,EN,Federal Contract Tower,0,8,7,0,15,0,0,19,2,21,0,8,26,2,36,20,0,20,56
12/09/2003,LWB,WV,AEA,EN,Federal Contract Tower,0,8,23,0,31,0,0,29,0,29,0,8,52,0,60,166,0,166,226
12/10/2003,LWB,WV,AEA,EN,Federal Contract Tower,0,7,8,0,15,0,0,0,0,0,0,7,8,0,15,0,0,0,15
12/11/2003,LWB,WV,AEA,EN,Federal Contract Tower,0,12,8,0,20,0,0,2,0,2,0,12,10,0,22,0,0,0,22
12/12/2003,LWB,WV,AEA,EN,Federal Contract Tower,0,4,6,0,10,0,0,29,0,29,0,4,35,0,39,42,0,42,81
12/13/2003,LWB,WV,AEA,EN,Federal Contract Tower,0,6,4,0,10,0,0,23,0,23,0,6,27,0,33,322,0,322,355
12/14/2003,LWB,WV,AEA,EN,Federal Contract Tower,0,2,7,0,9,0,0,0,0,0,0,2,7,0,9,0,0,0,9
12/15/2003,LWB,WV,AEA,EN,Federal Contract Tower,0,8,4,0,12,0,0,8,0,8,0,8,12,0,20,0,0,0,20
12/16/2003,LWB,WV,AEA,EN,Federal Contract Tower,0,5,2,0,7,0,0,20,0,20,0,5,22,0,27,30,0,30,57
12/17/2003,LWB,WV,AEA,EN,Federal Contract Tower,0,4,5,0,9,0,0,0,0,0,0,4,5,0,9,0,0,0,9
12/18/2003,LWB,WV,AEA,EN,Federal Contract Tower,2,4,8,10,24,0,0,6,10,16,2,4,14,20,40,22,8,30,70
12/19/2003,LWB,WV,AEA,EN,Federal Contract Tower,0,6,9,0,15,0,0,0,0,0,0,6,9,0,15,0,0,0,15
12/20/2003,LWB,WV,AEA,EN,Federal Contract Tower,0,6,10,0,16,0,0,0,0,0,0,6,10,0,16,0,0,0,16
12/21/2003,LWB,WV,AEA,EN,Federal Contract Tower,0,5,5,0,10,0,0,28,0,28,0,5,33,0,38,10,0,10,48
12/22/2003,LWB,WV,AEA,EN,Federal Contract Tower,0,4,4,2,10,0,0,16,2,18,0,4,20,4,28,22,0,22,50
12/23/2003,LWB,WV,AEA,EN,Federal Contract Tower,0,7,9,6,22,0,0,41,0,41,0,7,50,6,63,174,0,174,237
12/24/2003,LWB,WV,AEA,EN,Federal Contract Tower,0,4,6,0,10,0,0,0,0,0,0,4,6,0,10,0,0,0,10
12/25/2003,LWB,WV,AEA,EN,Federal Contract Tower,0,4,4,0,8,0,0,2,2,4,0,4,6,2,12,0,0,0,12
12/26/2003,LWB,WV,AEA,EN,Federal Contract Tower,0,6,5,0,11,0,0,18,0,18,0,6,23,0,29,158,0,158,187
12/27/2003,LWB,WV,AEA,EN,Federal Contract Tower,0,6,9,0,15,0,0,47,0,47,0,6,56,0,62,26,0,26,88
12/28/2003,LWB,WV,AEA,EN,Federal Contract Tower,0,6,13,0,19,0,0,46,0,46,0,6,59,0,65,0,0,0,65
12/29/2003,LWB,WV,AEA,EN,Federal Contract Tower,2,6,5,0,13,0,0,34,0,34,2,6,39,0,47,333,0,333,380
12/30/2003,LWB,WV,AEA,EN,Federal Contract Tower,0,12,9,0,21,0,0,13,0,13,0,12,22,0,34,0,0,0,34
12/31/2003,LWB,WV,AEA,EN,Federal Contract Tower,0,9,6,0,15,0,0,45,10,55,0,9,51,10,70,200,2,202,272
01/01/2004,LWB,WV,AEA,EN,Federal Contract Tower,0,9,15,0,24,0,0,60,0,60,0,9,75,0,84,194,0,194,278
01/02/2004,LWB,WV,AEA,EN,Federal Contract Tower,0,8,19,0,27,0,0,22,0,22,0,8,41,0,49,14,0,14,63
01/03/2004,LWB,WV,AEA,EN,Federal Contract Tower,0,4,11,0,15,0,0,18,0,18,0,4,29,0,33,12,0,12,45
01/04/2004,LWB,WV,AEA,EN,Federal Contract Tower,0,4,11,0,15,0,0,8,0,8,0,4,19,0,23,0,0,0,23
01/05/2004,LWB,WV,AEA,EN,Federal Contract Tower,0,8,3,0,11,0,0,0,0,0,0,8,3,0,11,0,0,0,11
01/06/2004,LWB,WV,AEA,EN,Federal Contract Tower,0,4,4,0,8,0,0,17,0,17,0,4,21,0,25,24,0,24,49
01/07/2004,LWB,WV,AEA,EN,Federal Contract Tower,0,4,8,0,12,0,0,23,1,24,0,4,31,1,36,4,0,4,40
01/08/2004,LWB,WV,AEA,EN,Federal Contract Tower,0,4,6,2,12,0,0,16,2,18,0,4,22,4,30,186,0,186,216
01/09/2004,LWB,WV,AEA,EN,Federal Contract Tower,0,4,5,0,9,0,0,3,0,3,0,4,8,0,12,0,0,0,12
01/10/2004,LWB,WV,AEA,EN,Federal Contract Tower,0,4,4,0,8,0,0,27,4,31,0,4,31,4,39,194,0,194,233
01/11/2004,LWB,WV,AEA,EN,Federal Contract Tower,0,2,1,2,5,0,0,4,9,13,0,2,5,11,18,0,150,150,168
01/12/2004,LWB,WV,AEA,EN,Federal Contract Tower,0,7,7,2,16,0,0,14,0,14,0,7,21,2,30,10,12,22,52
01/13/2004,LWB,WV,AEA,EN,Federal Contract Tower,0,6,7,0,13,0,0,18,0,18,0,6,25,0,31,0,0,0,31
01/14/2004,LWB,WV,AEA,EN,Federal Contract Tower,0,8,7,0,15,0,0,39,0,39,0,8,46,0,54,196,0,196,250
01/15/2004,LWB,WV,AEA,EN,Federal Contract Tower,2,4,0,0,6,0,0,2,0,2,2,4,2,0,8,0,0,0,8
01/16/2004,LWB,WV,AEA,EN,Federal Contract Tower,0,7,6,0,13,0,0,11,0,11,0,7,17,0,24,160,0,160,184
01/17/2004,LWB,WV,AEA,EN,Federal Contract Tower,0,4,2,0,6,0,0,19,0,19,0,4,21,0,25,64,0,64,89
01/18/2004,LWB,WV,AEA,EN,Federal Contract Tower,0,6,2,0,8,0,0,0,0,0,0,6,2,0,8,0,0,0,8
01/19/2004,LWB,WV,AEA,EN,Federal Contract Tower,0,6,11,0,17,0,0,13,0,13,0,6,24,0,30,0,0,0,30
01/20/2004,LWB,WV,AEA,EN,Federal Contract Tower,0,4,5,4,13,0,0,19,2,21,0,4,24,6,34,0,0,0,34
01/21/2004,LWB,WV,AEA,EN,Federal Contract Tower,0,4,11,0,15,0,0,20,1,21,0,4,31,1,36,14,0,14,50
01/22/2004,LWB,WV,AEA,EN,Federal Contract Tower,0,6,4,0,10,0,0,10,0,10,0,6,14,0,20,0,0,0,20
01/23/2004,LWB,WV,AEA,EN,Federal Contract Tower,0,7,9,0,16,0,0,33,0,33,0,7,42,0,49,6,0,6,55
01/24/2004,LWB,WV,AEA,EN,Federal Contract Tower,0,4,4,2,10,0,0,2,0,2,0,4,6,2,12,0,10,10,22
01/25/2004,LWB,WV,AEA,EN,Federal Contract Tower,0,0,4,0,4,0,0,0,0,0,0,0,4,0,4,0,0,0,4
01/26/2004,LWB,WV,AEA,EN,Federal Contract Tower,0,4,4,0,8,0,0,0,0,0,0,4,4,0,8,0,0,0,8
01/27/2004,LWB,WV,AEA,EN,Federal Contract Tower,0,5,3,0,8,0,0,0,0,0,0,5,3,0,8,0,0,0,8
01/28/2004,LWB,WV,AEA,EN,Federal Contract Tower,0,8,6,0,14,0,0,2,0,2,0,8,8,0,16,0,0,0,16
01/29/2004,LWB,WV,AEA,EN,Federal Contract Tower,2,7,9,0,18,0,0,10,2,12,2,7,19,2,30,156,34,190,220
01/30/2004,LWB,WV,AEA,EN,Federal Contract Tower,0,4,2,0,6,0,0,3,1,4,0,4,5,1,10,0,0,0,10
01/31/2004,LWB,WV,AEA,EN,Federal Contract Tower,0,4,7,4,15,0,0,43,5,48,0,4,50,9,63,54,178,232,295
02/01/2004,LWB,WV,AEA,EN,Federal Contract Tower,0,4,4,0,8,0,0,17,0,17,0,4,21,0,25,10,0,10,35
02/02/2004,LWB,WV,AEA,EN,Federal Contract Tower,0,4,9,0,13,0,0,16,0,16,0,4,25,0,29,20,0,20,49
02/03/2004,LWB,WV,AEA,EN,Federal Contract Tower,0,7,1,0,8,0,0,0,0,0,0,7,1,0,8,0,0,0,8
02/04/2004,LWB,WV,AEA,EN,Federal Contract Tower,0,6,5,0,11,0,0,9,0,9,0,6,14,0,20,188,0,188,208
02/05/2004,LWB,WV,AEA,EN,Federal Contract Tower,2,2,6,0,10,0,0,5,0,5,2,2,11,0,15,13,0,13,28
02/06/2004,LWB,WV,AEA,EN,Federal Contract Tower,0,7,2,0,9,0,0,0,0,0,0,7,2,0,9,0,0,0,9
02/07/2004,LWB,WV,AEA,EN,Federal Contract Tower,0,2,7,0,9,0,0,0,0,0,0,2,7,0,9,0,0,0,9
02/08/2004,LWB,WV,AEA,EN,Federal Contract Tower,2,4,4,2,12,0,0,31,0,31,2,4,35,2,43,12,5,17,60
02/09/2004,LWB,WV,AEA,EN,Federal Contract Tower,0,6,4,0,10,0,0,3,0,3,0,6,7,0,13,0,0,0,13
02/10/2004,LWB,WV,AEA,EN,Federal Contract Tower,0,6,5,2,13,0,0,3,0,3,0,6,8,2,16,0,0,0,16
02/11/2004,LWB,WV,AEA,EN,Federal Contract Tower,0,4,11,0,15,0,0,25,0,25,0,4,36,0,40,41,21,62,102
02/12/2004,LWB,WV,AEA,EN,Federal Contract Tower,2,5,15,2,24,0,0,20,0,20,2,5,35,2,44,12,0,12,56
02/13/2004,LWB,WV,AEA,EN,Federal Contract Tower,0,6,23,0,29,0,0,49,0,49,0,6,72,0,78,32,0,32,110
02/14/2004,LWB,WV,AEA,EN,Federal Contract Tower,0,5,8,0,13,0,0,38,0,38,0,5,46,0,51,34,0,34,85
02/15/2004,LWB,WV,AEA,EN,Federal Contract Tower,0,4,17,0,21,0,0,6,0,6,0,4,23,0,27,16,0,16,43
02/16/2004,LWB,WV,AEA,EN,Federal Contract Tower,0,8,9,0,17,0,0,30,4,34,0,8,39,4,51,57,0,57,108
02/17/2004,LWB,WV,AEA,EN,Federal Contract Tower,0,4,7,0,11,0,0,14,0,14,0,4,21,0,25,10,0,10,35
02/18/2004,LWB,WV,AEA,EN,Federal Contract Tower,0,8,12,0,20,0,0,20,0,20,0,8,32,0,40,10,0,10,50
02/19/2004,LWB,WV,AEA,EN,Federal Contract Tower,0,6,6,0,12,0,0,27,4,31,0,6,33,4,43,20,2,22,65
02/20/2004,LWB,WV,AEA,EN,Federal Contract Tower,0,4,5,0,9,0,4,23,0,27,0,8,28,0,36,30,0,30,66
02/21/2004,LWB,WV,AEA,EN,Federal Contract Tower,0,4,2,2,8,0,0,8,0,8,0,4,10,2,16,6,0,6,22
02/22/2004,LWB,WV,AEA,EN,Federal Contract Tower,0,5,5,0,10,0,0,19,17,36,0,5,24,17,46,34,0,34,80
02/23/2004,LWB,WV,AEA,EN,Federal Contract Tower,0,4,3,0,7,0,0,25,4,29,0,4,28,4,36,116,170,286,322
02/24/2004,LWB,WV,AEA,EN,Federal Contract Tower,0,6,3,0,9,0,0,1,0,1,0,6,4,0,10,0,0,0,10
02/25/2004,LWB,WV,AEA,EN,Federal Contract Tower,0,6,7,0,13,0,0,15,0,15,0,6,22,0,28,22,0,22,50
02/26/2004,LWB,WV,AEA,EN,Federal Contract Tower,2,2,8,0,12,0,0,6,0,6,2,2,14,0,18,0,0,0,18
02/27/2004,LWB,WV,AEA,EN,Federal Contract Tower,0,4,4,0,8,0,0,20,0,20,0,4,24,0,28,121,0,121,149
02/28/2004,LWB,WV,AEA,EN,Federal Contract Tower,0,4,12,0,16,0,0,114,6,120,0,4,126,6,136,100,174,274,410
02/29/2004,LWB,WV,AEA,EN,Federal Contract Tower,0,8,1,1,10,0,0,21,21,42,0,8,22,22,52,0,0,0,52
03/01/2004,LWB,WV,AEA,EN,Federal Contract Tower,0,4,9,8,21,0,0,15,18,33,0,4,24,26,54,62,22,84,138
03/02/2004,LWB,WV,AEA,EN,Federal Contract Tower,0,2,2,2,6,0,0,14,0,14,0,2,16,2,20,16,6,22,42
03/03/2004,LWB,WV,AEA,EN,Federal Contract Tower,0,6,13,0,19,0,0,21,4,25,0,6,34,4,44,30,0,30,74
03/04/2004,LWB,WV,AEA,EN,Federal Contract Tower,0,4,2,0,6,0,0,0,0,0,0,4,2,0,6,0,0,0,6
03/05/2004,LWB,WV,AEA,EN,Federal Contract Tower,0,4,3,0,7,0,0,0,4,4,0,4,3,4,11,20,0,20,31
03/06/2004,LWB,WV,AEA,EN,Federal Contract Tower,0,4,4,0,8,0,0,0,0,0,0,4,4,0,8,0,0,0,8
03/07/2004,LWB,WV,AEA,EN,Federal Contract Tower,0,8,3,1,12,0,0,7,1,8,0,8,10,2,20,0,0,0,20
03/08/2004,LWB,WV,AEA,EN,Federal Contract Tower,0,6,2,0,8,0,0,2,0,2,0,6,4,0,10,0,0,0,10
03/09/2004,LWB,WV,AEA,EN,Federal Contract Tower,0,6,1,0,7,0,0,20,0,20,0,6,21,0,27,0,0,0,27
03/10/2004,LWB,WV,AEA,EN,Federal Contract Tower,0,7,8,0,15,0,0,11,2,13,0,7,19,2,28,22,108,130,158
03/11/2004,LWB,WV,AEA,EN,Federal Contract Tower,2,8,7,0,17,0,0,38,2,40,2,8,45,2,57,138,50,188,245
03/12/2004,LWB,WV,AEA,EN,Federal Contract Tower,0,6,8,0,14,0,0,34,6,40,0,6,42,6,54,13,150,163,217
03/13/2004,LWB,WV,AEA,EN,Federal Contract Tower,0,4,3,0,7,0,0,44,0,44,0,4,47,0,51,42,0,42,93
03/14/2004,LWB,WV,AEA,EN,Federal Contract Tower,0,4,12,0,16,0,0,21,0,21,0,4,33,0,37,10,0,10,47
03/15/2004,LWB,WV,AEA,EN,Federal Contract Tower,0,6,6,0,12,0,0,20,2,22,0,6,26,2,34,8,170,178,212
03/16/2004,LWB,WV,AEA,EN,Federal Contract Tower,0,0,4,0,4,0,0,1,0,1,0,0,5,0,5,0,0,0,5
03/17/2004,LWB,WV,AEA,EN,Federal Contract Tower,0,4,8,0,12,0,0,6,2,8,0,4,14,2,20,160,0,160,180
03/18/2004,LWB,WV,AEA,EN,Federal Contract Tower,0,4,1,0,5,0,0,7,0,7,0,4,8,0,12,30,0,30,42
03/19/2004,LWB,WV,AEA,EN,Federal Contract Tower,0,4,10,0,14,0,0,24,0,24,0,4,34,0,38,23,0,23,61
03/20/2004,LWB,WV,AEA,EN,Federal Contract Tower,0,4,2,0,6,0,0,30,0,30,0,4,32,0,36,160,0,160,196
03/21/2004,LWB,WV,AEA,EN,Federal Contract Tower,0,4,10,0,14,0,0,7,0,7,0,4,17,0,21,0,0,0,21
03/22/2004,LWB,WV,AEA,EN,Federal Contract Tower,0,2,3,0,5,0,0,23,0,23,0,2,26,0,28,0,0,0,28
03/23/2004,LWB,WV,AEA,EN,Federal Contract Tower,0,4,6,0,10,0,0,33,5,38,0,4,39,5,48,6,178,184,232
03/24/2004,LWB,WV,AEA,EN,Federal Contract Tower,0,7,9,0,16,0,0,28,4,32,0,7,37,4,48,120,176,296,344
03/25/2004,LWB,WV,AEA,EN,Federal Contract Tower,0,8,13,0,21,0,0,30,20,50,0,8,43,20,71,36,10,46,117
03/26/2004,LWB,WV,AEA,EN,Federal Contract Tower,0,6,20,2,28,0,0,17,2,19,0,6,37,4,47,30,10,40,87
03/27/2004,LWB,WV,AEA,EN,Federal Contract Tower,0,8,4,0,12,0,0,33,0,33,0,8,37,0,45,0,188,188,233
03/28/2004,LWB,WV,AEA,EN,Federal Contract Tower,0,9,11,0,20,0,0,44,0,44,0,9,55,0,64,20,20,40,104
03/29/2004,LWB,WV,AEA,EN,Federal Contract Tower,0,10,8,0,18,0,0,29,2,31,0,10,37,2,49,12,8,20,69
03/30/2004,LWB,WV,AEA,EN,Federal Contract Tower,0,13,8,0,21,0,0,0,0,0,0,13,8,0,21,0,0,0,21
03/31/2004,LWB,WV,AEA,EN,Federal Contract Tower,0,4,12,0,16,0,0,9,0,9,0,4,21,0,25,0,0,0,25
04/01/2004,LWB,WV,AEA,EN,Federal Contract Tower,2,4,11,0,17,0,0,6,0,6,2,4,17,0,23,0,0,0,23
04/02/2004,LWB,WV,AEA,EN,Federal Contract Tower,0,6,10,0,16,0,0,0,0,0,0,6,10,0,16,0,0,0,16
04/03/2004,LWB,WV,AEA,EN,Federal Contract Tower,0,4,5,0,9,0,0,4,0,4,0,4,9,0,13,0,0,0,13
04/04/2004,LWB,WV,AEA,EN,Federal Contract Tower,0,8,9,0,17,0,0,0,0,0,0,8,9,0,17,0,0,0,17
04/05/2004,LWB,WV,AEA,EN,Federal Contract Tower,0,4,7,0,11,0,0,14,0,14,0,4,21,0,25,4,0,4,29
04/06/2004,LWB,WV,AEA,EN,Federal Contract Tower,0,10,5,2,17,0,0,31,0,31,0,10,36,2,48,14,0,14,62
04/07/2004,LWB,WV,AEA,EN,Federal Contract Tower,0,8,13,0,21,0,0,9,0,9,0,8,22,0,30,0,0,0,30
04/08/2004,LWB,WV,AEA,EN,Federal Contract Tower,0,8,11,0,19,0,0,15,0,15,0,8,26,0,34,0,0,0,34
04/09/2004,LWB,WV,AEA,EN,Federal Contract Tower,0,16,11,0,27,0,0,22,0,22,0,16,33,0,49,0,0,0,49
04/10/2004,LWB,WV,AEA,EN,Federal Contract Tower,0,6,4,0,10,0,0,26,0,26,0,6,30,0,36,14,0,14,50
04/11/2004,LWB,WV,AEA,EN,Federal Contract Tower,0,20,15,0,35,0,0,2,0,2,0,20,17,0,37,0,0,0,37
04/12/2004,LWB,WV,AEA,EN,Federal Contract Tower,0,8,4,0,12,0,0,2,0,2,0,8,6,0,14,0,0,0,14
04/13/2004,LWB,WV,AEA,EN,Federal Contract Tower,0,6,3,0,9,0,0,2,0,2,0,6,5,0,11,0,0,0,11
04/14/2004,LWB,WV,AEA,EN,Federal Contract Tower,0,6,7,0,13,0,0,0,0,0,0,6,7,0,13,0,0,0,13
04/15/2004,LWB,WV,AEA,EN,Federal Contract Tower,2,6,8,0,16,0,0,12,0,12,2,6,20,0,28,0,0,0,28
04/16/2004,LWB,WV,AEA,EN,Federal Contract Tower,0,2,10,0,12,0,0,59,0,59,0,2,69,0,71,272,0,272,343
04/17/2004,LWB,WV,AEA,EN,Federal Contract Tower,0,6,9,0,15,0,0,32,15,47,0,6,41,15,62,30,144,174,236
04/18/2004,LWB,WV,AEA,EN,Federal Contract Tower,0,8,23,0,31,0,0,24,0,24,0,8,47,0,55,16,0,16,71
04/19/2004,LWB,WV,AEA,EN,Federal Contract Tower,0,4,8,2,14,0,0,24,0,24,0,4,32,2,38,0,0,0,38
04/20/2004,LWB,WV,AEA,EN,Federal Contract Tower,0,4,10,0,14,0,0,12,0,12,0,4,22,0,26,6,0,6,32
04/21/2004,LWB,WV,AEA,EN,Federal Contract Tower,0,8,9,0,17,0,0,19,0,19,0,8,28,0,36,2,0,2,38
04/22/2004,LWB,WV,AEA,EN,Federal Contract Tower,0,2,16,0,18,0,0,29,0,29,0,2,45,0,47,4,0,4,51
04/23/2004,LWB,WV,AEA,EN,Federal Contract Tower,0,6,22,0,28,0,0,8,0,8,0,6,30,0,36,30,0,30,66
04/24/2004,LWB,WV,AEA,EN,Federal Contract Tower,0,4,15,0,19,0,0,53,2,55,0,4,68,2,74,36,0,36,110
04/25/2004,LWB,WV,AEA,EN,Federal Contract Tower,0,5,24,0,29,0,0,9,0,9,0,5,33,0,38,0,0,0,38
04/26/2004,LWB,WV,AEA,EN,Federal Contract Tower,0,9,19,0,28,0,0,1,0,1,0,9,20,0,29,0,0,0,29
04/27/2004,LWB,WV,AEA,EN,Federal Contract Tower,0,7,23,0,30,0,0,0,2,2,0,7,23,2,32,0,0,0,32
04/28/2004,LWB,WV,AEA,EN,Federal Contract Tower,0,10,13,0,23,0,0,50,2,52,0,10,63,2,75,4,0,4,79
04/29/2004,LWB,WV,AEA,EN,Federal Contract Tower,0,19,26,0,45,0,0,27,0,27,0,19,53,0,72,0,0,0,72
04/30/2004,LWB,WV,AEA,EN,Federal Contract Tower,2,12,29,0,43,0,0,29,0,29,2,12,58,0,72,54,0,54,126
05/01/2004,LWB,WV,AEA,EN,Federal Contract Tower,4,8,12,0,24,0,0,6,0,6,4,8,18,0,30,26,0,26,56
05/02/2004,LWB,WV,AEA,EN,Federal Contract Tower,4,32,46,0,82,0,2,2,0,4,4,34,48,0,86,0,0,0,86
05/03/2004,LWB,WV,AEA,EN,Federal Contract Tower,4,7,7,2,20,0,0,9,0,9,4,7,16,2,29,0,0,0,29
05/04/2004,LWB,WV,AEA,EN,Federal Contract Tower,2,9,12,5,28,0,0,0,11,11,2,9,12,16,39,32,2,34,73
05/05/2004,LWB,WV,AEA,EN,Federal Contract Tower,4,7,19,0,30,0,0,14,0,14,4,7,33,0,44,10,0,10,54
05/06/2004,LWB,WV,AEA,EN,Federal Contract Tower,6,12,12,0,30,0,0,84,0,84,6,12,96,0,114,0,0,0,114
05/07/2004,LWB,WV,AEA,EN,Federal Contract Tower,4,6,15,0,25,0,0,33,0,33,4,6,48,0,58,156,0,156,214
05/08/2004,LWB,WV,AEA,EN,Federal Contract Tower,4,12,8,0,24,0,0,28,0,28,4,12,36,0,52,182,0,182,234
05/09/2004,LWB,WV,AEA,EN,Federal Contract Tower,4,9,13,0,26,0,0,104,0,104,4,9,117,0,130,0,0,0,130
05/10/2004,LWB,WV,AEA,EN,Federal Contract Tower,4,12,16,0,32,0,0,7,0,7,4,12,23,0,39,10,0,10,49
05/11/2004,LWB,WV,AEA,EN,Federal Contract Tower,4,6,19,0,29,0,0,7,0,7,4,6,26,0,36,16,0,16,52
05/12/2004,LWB,WV,AEA,EN,Federal Contract Tower,4,13,22,0,39,0,0,17,0,17,4,13,39,0,56,6,160,166,222
05/13/2004,LWB,WV,AEA,EN,Federal Contract Tower,6,13,27,0,46,0,0,27,0,27,6,13,54,0,73,156,0,156,229
05/14/2004,LWB,WV,AEA,EN,Federal Contract Tower,4,4,15,0,23,0,0,38,0,38,4,4,53,0,61,28,0,28,89
05/15/2004,LWB,WV,AEA,EN,Federal Contract Tower,4,8,6,0,18,0,0,25,0,25,4,8,31,0,43,22,0,22,65
05/16/2004,LWB,WV,AEA,EN,Federal Contract Tower,4,4,28,0,36,0,0,29,0,29,4,4,57,0,65,0,0,0,65
05/17/2004,LWB,WV,AEA,EN,Federal Contract Tower,4,13,20,0,37,2,10,11,0,23,6,23,31,0,60,6,0,6,66
05/18/2004,LWB,WV,AEA,EN,Federal Contract Tower,4,10,8,0,22,0,0,54,0,54,4,10,62,0,76,178,0,178,254
05/19/2004,LWB,WV,AEA,EN,Federal Contract Tower,2,10,21,0,33,0,0,32,0,32,2,10,53,0,65,12,0,12,77
05/20/2004,LWB,WV,AEA,EN,Federal Contract Tower,4,10,15,0,29,0,0,13,0,13,4,10,28,0,42,6,0,6,48
05/21/2004,LWB,WV,AEA,EN,Federal Contract Tower,2,8,24,0,34,0,0,15,0,15,2,8,39,0,49,0,0,0,49
05/22/2004,LWB,WV,AEA,EN,Federal Contract Tower,2,6,4,0,12,0,0,38,0,38,2,6,42,0,50,166,0,166,216
05/23/2004,LWB,WV,AEA,EN,Federal Contract Tower,5,7,22,0,34,0,0,77,0,77,5,7,99,0,111,46,0,46,157
05/24/2004,LWB,WV,AEA,EN,Federal Contract Tower,4,8,29,0,41,2,0,11,0,13,6,8,40,0,54,0,0,0,54
05/25/2004,LWB,WV,AEA,EN,Federal Contract Tower,4,10,6,0,20,0,0,19,0,19,4,10,25,0,39,6,0,6,45
05/26/2004,LWB,WV,AEA,EN,Federal Contract Tower,4,6,20,0,30,0,0,1,0,1,4,6,21,0,31,4,0,4,35
05/27/2004,LWB,WV,AEA,EN,Federal Contract Tower,6,9,9,0,24,0,0,30,0,30,6,9,39,0,54,164,0,164,218
05/28/2004,LWB,WV,AEA,EN,Federal Contract Tower,4,15,27,0,46,0,0,23,4,27,4,15,50,4,73,0,120,120,193
05/29/2004,LWB,WV,AEA,EN,Federal Contract Tower,4,11,20,0,35,0,0,35,0,35,4,11,55,0,70,38,0,38,108
05/30/2004,LWB,WV,AEA,EN,Federal Contract Tower,4,11,10,0,25,0,0,9,0,9,4,11,19,0,34,0,0,0,34
05/31/2004,LWB,WV,AEA,EN,Federal Contract Tower,4,17,20,0,41,0,0,6,0,6,4,17,26,0,47,0,0,0,47
06/01/2004,LWB,WV,AEA,EN,Federal Contract Tower,7,20,25,6,58,2,0,17,0,19,9,20,42,6,77,0,0,0,77
06/02/2004,LWB,WV,AEA,EN,Federal Contract Tower,4,9,18,2,33,0,0,20,0,20,4,9,38,2,53,10,10,20,73
06/03/2004,LWB,WV,AEA,EN,Federal Contract Tower,4,10,9,0,23,0,0,30,0,30,4,10,39,0,53,0,0,0,53
06/04/2004,LWB,WV,AEA,EN,Federal Contract Tower,6,10,13,0,29,0,0,2,0,2,6,10,15,0,31,0,0,0,31
06/05/2004,LWB,WV,AEA,EN,Federal Contract Tower,2,13,25,0,40,0,0,8,0,8,2,13,33,0,48,0,0,0,48
06/06/2004,LWB,WV,AEA,EN,Federal Contract Tower,4,19,26,0,49,0,0,20,0,20,4,19,46,0,69,174,0,174,243
06/07/2004,LWB,WV,AEA,EN,Federal Contract Tower,4,11,22,0,37,0,6,24,0,30,4,17,46,0,67,196,0,196,263
06/08/2004,LWB,WV,AEA,EN,Federal Contract Tower,4,25,68,0,97,0,0,18,0,18,4,25,86,0,115,182,0,182,297
06/09/2004,LWB,WV,AEA,EN,Federal Contract Tower,6,9,26,0,41,0,0,14,8,22,6,9,40,8,63,0,16,16,79
06/10/2004,LWB,WV,AEA,EN,Federal Contract Tower,4,14,37,2,57,0,0,13,0,13,4,14,50,2,70,0,0,0,70
06/11/2004,LWB,WV,AEA,EN,Federal Contract Tower,4,47,152,0,203,0,0,12,0,12,4,47,164,0,215,0,0,0,215
06/12/2004,LWB,WV,AEA,EN,Federal Contract Tower,4,11,35,0,50,0,0,11,0,11,4,11,46,0,61,14,0,14,75
06/13/2004,LWB,WV,AEA,EN,Federal Contract Tower,4,15,49,0,68,0,0,15,0,15,4,15,64,0,83,0,0,0,83
06/14/2004,LWB,WV,AEA,EN,Federal Contract Tower,4,28,67,0,99,0,0,22,0,22,4,28,89,0,121,22,0,22,143
06/15/2004,LWB,WV,AEA,EN,Federal Contract Tower,4,8,10,0,22,0,0,3,6,9,4,8,13,6,31,0,0,0,31
06/16/2004,LWB,WV,AEA,EN,Federal Contract Tower,4,13,7,2,26,0,0,17,0,17,4,13,24,2,43,0,0,0,43
06/17/2004,LWB,WV,AEA,EN,Federal Contract Tower,4,17,18,0,39,0,0,19,0,19,4,17,37,0,58,0,0,0,58
06/18/2004,LWB,WV,AEA,EN,Federal Contract Tower,4,17,8,0,29,0,0,18,0,18,4,17,26,0,47,10,0,10,57
06/19/2004,LWB,WV,AEA,EN,Federal Contract Tower,4,4,13,0,21,0,0,52,11,63,4,4,65,11,84,0,167,167,251
06/20/2004,LWB,WV,AEA,EN,Federal Contract Tower,4,10,16,0,30,0,0,27,8,35,4,10,43,8,65,174,0,174,239
06/21/2004,LWB,WV,AEA,EN,Federal Contract Tower,4,8,12,0,24,0,0,18,0,18,4,8,30,0,42,22,0,22,64
06/22/2004,LWB,WV,AEA,EN,Federal Contract Tower,4,5,10,0,19,0,0,25,2,27,4,5,35,2,46,154,0,154,200
06/23/2004,LWB,WV,AEA,EN,Federal Contract Tower,4,11,12,0,27,0,0,1,0,1,4,11,13,0,28,0,0,0,28
06/24/2004,LWB,WV,AEA,EN,Federal Contract Tower,6,7,17,0,30,0,0,21,4,25,6,7,38,4,55,2,0,2,57
06/25/2004,LWB,WV,AEA,EN,Federal Contract Tower,2,10,13,0,25,0,0,28,0,28,2,10,41,0,53,20,0,20,73
06/26/2004,LWB,WV,AEA,EN,Federal Contract Tower,4,2,12,0,18,0,0,60,0,60,4,2,72,0,78,0,0,0,78
06/27/2004,LWB,WV,AEA,EN,Federal Contract Tower,4,9,33,0,46,0,0,165,0,165,4,9,198,0,211,0,0,0,211
06/28/2004,LWB,WV,AEA,EN,Federal Contract Tower,4,7,14,0,25,0,0,37,8,45,4,7,51,8,70,4,162,166,236
06/29/2004,LWB,WV,AEA,EN,Federal Contract Tower,4,6,18,0,28,0,0,37,0,37,4,6,55,0,65,44,0,44,109
06/30/2004,LWB,WV,AEA,EN,Federal Contract Tower,4,6,18,2,30,0,0,24,0,24,4,6,42,2,54,0,0,0,54
07/01/2004,LWB,WV,AEA,EN,Federal Contract Tower,6,14,22,0,42,2,0,22,0,24,8,14,44,0,66,32,0,32,98
07/02/2004,LWB,WV,AEA,EN,Federal Contract Tower,4,12,18,0,34,0,0,6,0,6,4,12,24,0,40,16,0,16,56
07/03/2004,LWB,WV,AEA,EN,Federal Contract Tower,4,3,8,0,15,0,0,14,0,14,4,3,22,0,29,12,0,12,41
07/04/2004,LWB,WV,AEA,EN,Federal Contract Tower,4,7,2,0,13,0,0,6,0,6,4,7,8,0,19,10,0,10,29
07/05/2004,LWB,WV,AEA,EN,Federal Contract Tower,4,12,30,0,46,0,0,20,0,20,4,12,50,0,66,12,0,12,78
07/06/2004,LWB,WV,AEA,EN,Federal Contract Tower,4,2,4,0,10,0,0,12,0,12,4,2,16,0,22,16,0,16,38
07/07/2004,LWB,WV,AEA,EN,Federal Contract Tower,4,8,14,0,26,0,0,11,0,11,4,8,25,0,37,40,0,40,77
07/08/2004,LWB,WV,AEA,EN,Federal Contract Tower,4,8,21,5,38,0,0,29,9,38,4,8,50,14,76,48,10,58,134
07/09/2004,LWB,WV,AEA,EN,Federal Contract Tower,6,6,19,4,35,0,0,38,6,44,6,6,57,10,79,40,4,44,123
07/10/2004,LWB,WV,AEA,EN,Federal Contract Tower,4,2,20,0,26,0,0,6,0,6,4,2,26,0,32,6,0,6,38
07/11/2004,LWB,WV,AEA,EN,Federal Contract Tower,4,8,12,0,24,0,0,1,0,1,4,8,13,0,25,0,0,0,25
07/12/2004,LWB,WV,AEA,EN,Federal Contract Tower,4,12,11,0,27,0,0,14,0,14,4,12,25,0,41,0,0,0,41
07/13/2004,LWB,WV,AEA,EN,Federal Contract Tower,4,4,15,0,23,2,0,9,6,17,6,4,24,6,40,158,0,158,198
07/14/2004,LWB,WV,AEA,EN,Federal Contract Tower,4,10,14,0,28,0,0,12,0,12,4,10,26,0,40,0,0,0,40
07/15/2004,LWB,WV,AEA,EN,Federal Contract Tower,4,13,11,0,28,2,0,38,0,40,6,13,49,0,68,150,0,150,218
07/16/2004,LWB,WV,AEA,EN,Federal Contract Tower,4,10,24,0,38,0,0,49,4,53,4,10,73,4,91,150,0,150,241
07/17/2004,LWB,WV,AEA,EN,Federal Contract Tower,4,3,12,0,19,0,0,19,0,19,4,3,31,0,38,0,0,0,38
07/18/2004,LWB,WV,AEA,EN,Federal Contract Tower,4,17,38,0,59,0,0,1,0,1,4,17,39,0,60,0,0,0,60
07/19/2004,LWB,WV,AEA,EN,Federal Contract Tower,4,8,10,0,22,0,0,7,0,7,4,8,17,0,29,10,0,10,39
07/20/2004,LWB,WV,AEA,EN,Federal Contract Tower,4,6,15,0,25,0,0,24,2,26,4,6,39,2,51,6,156,162,213
07/21/2004,LWB,WV,AEA,EN,Federal Contract Tower,4,14,15,0,33,0,2,33,0,35,4,16,48,0,68,136,0,136,204
07/22/2004,LWB,WV,AEA,EN,Federal Contract Tower,6,17,40,0,63,0,0,9,0,9,6,17,49,0,72,0,0,0,72
07/23/2004,LWB,WV,AEA,EN,Federal Contract Tower,4,13,22,0,39,0,0,9,0,9,4,13,31,0,48,0,0,0,48
07/24/2004,LWB,WV,AEA,EN,Federal Contract Tower,4,7,15,0,26,0,0,14,0,14,4,7,29,0,40,150,0,150,190
07/25/2004,LWB,WV,AEA,EN,Federal Contract Tower,4,19,42,0,65,0,0,17,0,17,4,19,59,0,82,12,0,12,94
07/26/2004,LWB,WV,AEA,EN,Federal Contract Tower,4,8,12,0,24,0,0,3,0,3,4,8,15,0,27,18,0,18,45
07/27/2004,LWB,WV,AEA,EN,Federal Contract Tower,4,4,11,0,19,0,0,6,0,6,4,4,17,0,25,0,0,0,25
07/28/2004,LWB,WV,AEA,EN,Federal Contract Tower,4,6,12,0,22,0,0,32,0,32,4,6,44,0,54,10,0,10,64
07/29/2004,LWB,WV,AEA,EN,Federal Contract Tower,4,14,15,0,33,0,0,31,3,34,4,14,46,3,67,166,0,166,233
07/30/2004,LWB,WV,AEA,EN,Federal Contract Tower,4,10,20,2,36,0,0,8,4,12,4,10,28,6,48,164,0,164,212
07/31/2004,LWB,WV,AEA,EN,Federal Contract Tower,4,5,5,0,14,2,0,24,0,26,6,5,29,0,40,160,0,160,200
08/01/2004,LWB,WV,AEA,EN,Federal Contract Tower,4,12,21,0,37,0,0,22,0,22,4,12,43,0,59,10,0,10,69
08/02/2004,LWB,WV,AEA,EN,Federal Contract Tower,4,7,13,0,24,0,0,26,0,26,4,7,39,0,50,6,0,6,56
08/03/2004,LWB,WV,AEA,EN,Federal Contract Tower,6,6,12,0,24,0,0,26,0,26,6,6,38,0,50,170,0,170,220
08/04/2004,LWB,WV,AEA,EN,Federal Contract Tower,6,14,17,0,37,0,0,37,3,40,6,14,54,3,77,0,0,0,77
08/05/2004,LWB,WV,AEA,EN,Federal Contract Tower,4,13,30,0,47,0,0,0,0,0,4,13,30,0,47,0,0,0,47
08/06/2004,LWB,WV,AEA,EN,Federal Contract Tower,4,11,14,0,29,0,0,43,0,43,4,11,57,0,72,16,0,16,88
08/07/2004,LWB,WV,AEA,EN,Federal Contract Tower,4,8,8,0,20,0,0,45,0,45,4,8,53,0,65,26,0,26,91
08/08/2004,LWB,WV,AEA,EN,Federal Contract Tower,4,8,24,0,36,0,0,57,6,63,4,8,81,6,99,10,4,14,113
08/09/2004,LWB,WV,AEA,EN,Federal Contract Tower,6,10,13,0,29,0,0,44,2,46,6,10,57,2,75,4,4,8,83
08/10/2004,LWB,WV,AEA,EN,Federal Contract Tower,4,6,18,0,28,0,0,24,4,28,4,6,42,4,56,10,0,10,66
08/11/2004,LWB,WV,AEA,EN,Federal Contract Tower,4,6,12,0,22,0,0,16,3,19,4,6,28,3,41,12,0,12,53
08/12/2004,LWB,WV,AEA,EN,Federal Contract Tower,2,12,20,0,34,0,0,4,0,4,2,12,24,0,38,0,0,0,38
08/13/2004,LWB,WV,AEA,EN,Federal Contract Tower,4,12,15,0,31,0,0,13,2,15,4,12,28,2,46,0,0,0,46
08/14/2004,LWB,WV,AEA,EN,Federal Contract Tower,4,4,20,0,28,0,0,63,0,63,4,4,83,0,91,20,0,20,111
08/15/2004,LWB,WV,AEA,EN,Federal Contract Tower,4,7,31,0,42,0,0,35,0,35,4,7,66,0,77,10,0,10,87
08/16/2004,LWB,WV,AEA,EN,Federal Contract Tower,4,15,14,0,33,0,0,26,0,26,4,15,40,0,59,16,0,16,75
08/17/2004,LWB,WV,AEA,EN,Federal Contract Tower,4,9,17,0,30,0,0,15,0,15,4,9,32,0,45,134,0,134,179
08/18/2004,LWB,WV,AEA,EN,Federal Contract Tower,4,10,17,0,31,0,0,34,1,35,4,10,51,1,66,12,0,12,78
08/19/2004,LWB,WV,AEA,EN,Federal Contract Tower,6,14,43,3,66,0,0,18,3,21,6,14,61,6,87,0,0,0,87
08/20/2004,LWB,WV,AEA,EN,Federal Contract Tower,4,11,26,0,41,0,0,28,4,32,4,11,54,4,73,22,4,26,99
08/21/2004,LWB,WV,AEA,EN,Federal Contract Tower,4,2,11,1,18,0,0,6,0,6,4,2,17,1,24,0,0,0,24
08/22/2004,LWB,WV,AEA,EN,Federal Contract Tower,4,9,38,0,51,0,0,45,0,45,4,9,83,0,96,0,0,0,96
08/23/2004,LWB,WV,AEA,EN,Federal Contract Tower,4,10,17,0,31,0,0,21,0,21,4,10,38,0,52,2,0,2,54
08/24/2004,LWB,WV,AEA,EN,Federal Contract Tower,4,7,5,0,16,0,0,13,0,13,4,7,18,0,29,6,0,6,35
08/25/2004,LWB,WV,AEA,EN,Federal Contract Tower,4,15,23,0,42,0,0,24,0,24,4,15,47,0,66,12,0,12,78
08/26/2004,LWB,WV,AEA,EN,Federal Contract Tower,4,18,20,0,42,0,0,23,6,29,4,18,43,6,71,128,0,128,199
08/27/2004,LWB,WV,AEA,EN,Federal Contract Tower,4,16,20,0,40,0,0,24,6,30,4,16,44,6,70,162,158,320,390
08/28/2004,LWB,WV,AEA,EN,Federal Contract Tower,4,5,18,0,27,0,1,33,0,34,4,6,51,0,61,186,0,186,247
08/29/2004,LWB,WV,AEA,EN,Federal Contract Tower,4,15,19,0,38,0,2,12,2,16,4,17,31,2,54,162,14,176,230
08/30/2004,LWB,WV,AEA,EN,Federal Contract Tower,4,8,11,0,23,0,0,10,0,10,4,8,21,0,33,34,0,34,67
08/31/2004,LWB,WV,AEA,EN,Federal Contract Tower,4,7,14,0,25,0,0,21,0,21,4,7,35,0,46,32,0,32,78
09/01/2004,LWB,WV,AEA,EN,Federal Contract Tower,4,25,23,1,53,0,0,32,0,32,4,25,55,1,85,227,20,247,332
09/02/2004,LWB,WV,AEA,EN,Federal Contract Tower,6,9,25,0,40,0,0,24,0,24,6,9,49,0,64,236,0,236,300
09/03/2004,LWB,WV,AEA,EN,Federal Contract Tower,4,11,29,0,44,0,0,28,0,28,4,11,57,0,72,164,0,164,236
09/04/2004,LWB,WV,AEA,EN,Federal Contract Tower,4,8,12,0,24,0,0,31,0,31,4,8,43,0,55,154,0,154,209
09/05/2004,LWB,WV,AEA,EN,Federal Contract Tower,4,8,9,0,21,0,0,23,0,23,4,8,32,0,44,148,0,148,192
09/06/2004,LWB,WV,AEA,EN,Federal Contract Tower,4,13,35,0,52,0,0,6,0,6,4,13,41,0,58,10,0,10,68
09/07/2004,LWB,WV,AEA,EN,Federal Contract Tower,4,7,7,1,19,0,0,4,3,7,4,7,11,4,26,0,0,0,26
09/08/2004,LWB,WV,AEA,EN,Federal Contract Tower,4,9,7,0,20,0,0,0,0,0,4,9,7,0,20,0,0,0,20
09/09/2004,LWB,WV,AEA,EN,Federal Contract Tower,4,7,11,0,22,0,0,2,0,2,4,7,13,0,24,0,0,0,24
09/10/2004,LWB,WV,AEA,EN,Federal Contract Tower,4,6,16,2,28,0,0,55,12,67,4,6,71,14,95,30,16,46,141
09/11/2004,LWB,WV,AEA,EN,Federal Contract Tower,4,6,9,0,19,0,0,67,5,72,4,6,76,5,91,12,0,12,103
09/12/2004,LWB,WV,AEA,EN,Federal Contract Tower,4,7,11,0,22,0,0,24,0,24,4,7,35,0,46,0,0,0,46
09/13/2004,LWB,WV,AEA,EN,Federal Contract Tower,4,6,6,0,16,0,0,26,0,26,4,6,32,0,42,10,0,10,52
09/14/2004,LWB,WV,AEA,EN,Federal Contract Tower,4,4,6,4,18,2,0,14,4,20,6,4,20,8,38,16,0,16,54
09/15/2004,LWB,WV,AEA,EN,Federal Contract Tower,4,11,24,0,39,0,0,27,2,29,4,11,51,2,68,20,6,26,94
09/16/2004,LWB,WV,AEA,EN,Federal Contract Tower,6,12,31,0,49,0,0,22,0,22,6,12,53,0,71,46,0,46,117
09/17/2004,LWB,WV,AEA,EN,Federal Contract Tower,4,11,11,1,27,0,0,0,0,0,4,11,11,1,27,0,0,0,27
09/18/2004,LWB,WV,AEA,EN,Federal Contract Tower,4,4,6,0,14,0,0,2,0,2,4,4,8,0,16,0,0,0,16
09/19/2004,LWB,WV,AEA,EN,Federal Contract Tower,6,6,23,1,36,2,0,66,2,70,8,6,89,3,106,168,0,168,274
09/20/2004,LWB,WV,AEA,EN,Federal Contract Tower,4,16,36,0,56,0,0,33,0,33,4,16,69,0,89,20,0,20,109
09/21/2004,LWB,WV,AEA,EN,Federal Contract Tower,4,12,12,0,28,0,0,20,4,24,4,12,32,4,52,30,4,34,86
09/22/2004,LWB,WV,AEA,EN,Federal Contract Tower,4,16,36,4,60,0,0,63,2,65,4,16,99,6,125,22,10,32,157
09/23/2004,LWB,WV,AEA,EN,Federal Contract Tower,4,20,52,0,76,0,0,36,0,36,4,20,88,0,112,10,0,10,122
09/24/2004,LWB,WV,AEA,EN,Federal Contract Tower,4,11,18,0,33,0,0,43,0,43,4,11,61,0,76,2,0,2,78
09/25/2004,LWB,WV,AEA,EN,Federal Contract Tower,4,4,26,0,34,0,0,47,0,47,4,4,73,0,81,0,0,0,81
09/26/2004,LWB,WV,AEA,EN,Federal Contract Tower,4,12,48,2,66,0,0,24,0,24,4,12,72,2,90,0,0,0,90
09/27/2004,LWB,WV,AEA,EN,Federal Contract Tower,4,7,18,0,29,0,0,5,0,5,4,7,23,0,34,0,0,0,34
09/28/2004,LWB,WV,AEA,EN,Federal Contract Tower,4,2,17,0,23,0,0,0,0,0,4,2,17,0,23,0,0,0,23
09/29/2004,LWB,WV,AEA,EN,Federal Contract Tower,6,14,17,0,37,2,2,30,2,36,8,16,47,2,73,20,0,20,93
09/30/2004,LWB,WV,AEA,EN,Federal Contract Tower,4,9,25,0,38,0,0,21,7,28,4,9,46,7,66,8,166,174,240
10/01/2004,LWB,WV,AEA,EN,Federal Contract Tower,4,30,47,0,81,0,0,16,0,16,4,30,63,0,97,164,0,164,261
10/02/2004,LWB,WV,AEA,EN,Federal Contract Tower,4,30,41,0,75,0,0,0,0,0,4,30,41,0,75,0,0,0,75
10/03/2004,LWB,WV,AEA,EN,Federal Contract Tower,4,11,19,0,34,0,2,15,0,17,4,13,34,0,51,0,0,0,51
10/04/2004,LWB,WV,AEA,EN,Federal Contract Tower,4,18,8,0,30,0,0,26,1,27,4,18,34,1,57,16,0,16,73
10/05/2004,LWB,WV,AEA,EN,Federal Contract Tower,4,29,42,0,75,0,0,22,1,23,4,29,64,1,98,15,0,15,113
10/06/2004,LWB,WV,AEA,EN,Federal Contract Tower,4,49,58,0,111,0,0,30,0,30,4,49,88,0,141,0,0,0,141
10/07/2004,LWB,WV,AEA,EN,Federal Contract Tower,10,23,65,0,98,0,0,51,0,51,10,23,116,0,149,20,0,20,169
10/08/2004,LWB,WV,AEA,EN,Federal Contract Tower,6,20,31,0,57,0,0,42,1,43,6,20,73,1,100,36,0,36,136
10/09/2004,LWB,WV,AEA,EN,Federal Contract Tower,4,18,25,0,47,0,0,12,0,12,4,18,37,0,59,10,0,10,69
10/10/2004,LWB,WV,AEA,EN,Federal Contract Tower,10,18,72,0,100,0,0,60,0,60,10,18,132,0,160,10,0,10,170
10/11/2004,LWB,WV,AEA,EN,Federal Contract Tower,4,9,16,0,29,0,0,31,0,31,4,9,47,0,60,52,0,52,112
10/12/2004,LWB,WV,AEA,EN,Federal Contract Tower,4,4,20,0,28,0,0,26,8,34,4,4,46,8,62,16,152,168,230
10/13/2004,LWB,WV,AEA,EN,Federal Contract Tower,4,22,43,0,69,0,0,0,1,1,4,22,43,1,70,0,0,0,70
10/14/2004,LWB,WV,AEA,EN,Federal Contract Tower,6,13,38,0,57,0,0,9,0,9,6,13,47,0,66,28,0,28,94
10/15/2004,LWB,WV,AEA,EN,Federal Contract Tower,4,17,22,2,45,0,0,5,1,6,4,17,27,3,51,0,14,14,65
10/16/2004,LWB,WV,AEA,EN,Federal Contract Tower,4,13,17,0,34,0,0,0,0,0,4,13,17,0,34,0,0,0,34
10/17/2004,LWB,WV,AEA,EN,Federal Contract Tower,5,13,48,0,66,0,0,33,0,33,5,13,81,0,99,0,0,0,99
10/18/2004,LWB,WV,AEA,EN,Federal Contract Tower,6,7,4,0,17,0,0,12,0,12,6,7,16,0,29,8,0,8,37
10/19/2004,LWB,WV,AEA,EN,Federal Contract Tower,6,2,15,0,23,0,0,6,0,6,6,2,21,0,29,14,0,14,43
10/20/2004,LWB,WV,AEA,EN,Federal Contract Tower,4,13,18,0,35,0,0,11,2,13,4,13,29,2,48,0,0,0,48
10/21/2004,LWB,WV,AEA,EN,Federal Contract Tower,7,18,39,0,64,0,0,0,0,0,7,18,39,0,64,20,0,20,84
10/22/2004,LWB,WV,AEA,EN,Federal Contract Tower,4,19,36,0,59,0,0,21,0,21,4,19,57,0,80,20,0,20,100
10/23/2004,LWB,WV,AEA,EN,Federal Contract Tower,4,12,21,0,37,0,0,9,0,9,4,12,30,0,46,0,0,0,46
10/24/2004,LWB,WV,AEA,EN,Federal Contract Tower,5,18,54,0,77,0,0,11,2,13,5,18,65,2,90,0,0,0,90
10/25/2004,LWB,WV,AEA,EN,Federal Contract Tower,4,10,21,2,37,0,3,42,0,45,4,13,63,2,82,0,0,0,82
10/26/2004,LWB,WV,AEA,EN,Federal Contract Tower,6,7,23,0,36,0,0,49,3,52,6,7,72,3,88,26,0,26,114
10/27/2004,LWB,WV,AEA,EN,Federal Contract Tower,4,8,26,0,38,0,0,8,0,8,4,8,34,0,46,0,0,0,46
10/28/2004,LWB,WV,AEA,EN,Federal Contract Tower,4,13,13,0,30,0,0,0,0,0,4,13,13,0,30,0,0,0,30
10/29/2004,LWB,WV,AEA,EN,Federal Contract Tower,4,10,10,0,24,0,0,3,0,3,4,10,13,0,27,12,0,12,39
10/30/2004,LWB,WV,AEA,EN,Federal Contract Tower,4,2,2,0,8,0,0,18,0,18,4,2,20,0,26,108,0,108,134
10/31/2004,LWB,WV,AEA,EN,Federal Contract Tower,4,4,13,0,21,0,0,44,0,44,4,4,57,0,65,2,0,2,67
11/01/2004,LWB,WV,AEA,EN,Federal Contract Tower,0,7,2,0,9,0,0,35,2,37,0,7,37,2,46,82,0,82,128
11/02/2004,LWB,WV,AEA,EN,Federal Contract Tower,0,2,0,0,2,0,0,57,8,65,0,2,57,8,67,42,0,42,109
11/03/2004,LWB,WV,AEA,EN,Federal Contract Tower,0,6,4,0,10,0,0,11,0,11,0,6,15,0,21,0,0,0,21
11/04/2004,LWB,WV,AEA,EN,Federal Contract Tower,0,8,9,0,17,0,0,0,0,0,0,8,9,0,17,0,0,0,17
11/05/2004,LWB,WV,AEA,EN,Federal Contract Tower,0,10,4,0,14,0,0,0,0,0,0,10,4,0,14,0,0,0,14
11/06/2004,LWB,WV,AEA,EN,Federal Contract Tower,0,8,9,0,17,0,0,32,0,32,0,8,41,0,49,6,0,6,55
11/07/2004,LWB,WV,AEA,EN,Federal Contract Tower,0,13,22,0,35,0,0,50,2,52,0,13,72,2,87,4,2,6,93
11/08/2004,LWB,WV,AEA,EN,Federal Contract Tower,0,8,6,0,14,0,0,15,0,15,0,8,21,0,29,26,0,26,55
11/09/2004,LWB,WV,AEA,EN,Federal Contract Tower,0,4,9,0,13,0,0,18,0,18,0,4,27,0,31,8,0,8,39
11/10/2004,LWB,WV,AEA,EN,Federal Contract Tower,0,6,9,0,15,0,0,37,0,37,0,6,46,0,52,16,0,16,68
11/11/2004,LWB,WV,AEA,EN,Federal Contract Tower,0,8,11,0,19,0,0,6,0,6,0,8,17,0,25,0,0,0,25
11/12/2004,LWB,WV,AEA,EN,Federal Contract Tower,2,12,33,0,47,0,0,0,0,0,2,12,33,0,47,0,0,0,47
11/13/2004,LWB,WV,AEA,EN,Federal Contract Tower,0,3,17,0,20,0,0,11,0,11,0,3,28,0,31,0,0,0,31
11/14/2004,LWB,WV,AEA,EN,Federal Contract Tower,0,9,33,0,42,0,0,54,0,54,0,9,87,0,96,12,0,12,108
11/15/2004,LWB,WV,AEA,EN,Federal Contract Tower,0,7,9,0,16,0,0,22,0,22,0,7,31,0,38,6,0,6,44
11/16/2004,LWB,WV,AEA,EN,Federal Contract Tower,0,4,14,0,18,0,0,10,0,10,0,4,24,0,28,0,10,10,38
11/17/2004,LWB,WV,AEA,EN,Federal Contract Tower,0,10,7,0,17,0,0,28,0,28,0,10,35,0,45,0,0,0,45
11/18/2004,LWB,WV,AEA,EN,Federal Contract Tower,0,2,4,0,6,0,0,0,0,0,0,2,4,0,6,0,0,0,6
11/19/2004,LWB,WV,AEA,EN,Federal Contract Tower,0,11,10,0,21,0,0,0,0,0,0,11,10,0,21,0,0,0,21
11/20/2004,LWB,WV,AEA,EN,Federal Contract Tower,0,2,5,0,7,0,0,0,0,0,0,2,5,0,7,0,0,0,7
11/21/2004,LWB,WV,AEA,EN,Federal Contract Tower,0,7,12,0,19,0,0,2,0,2,0,7,14,0,21,0,0,0,21
11/22/2004,LWB,WV,AEA,EN,Federal Contract Tower,0,10,26,0,36,0,0,22,0,22,0,10,48,0,58,0,0,0,58
11/23/2004,LWB,WV,AEA,EN,Federal Contract Tower,2,0,25,0,27,0,0,0,0,0,2,0,25,0,27,0,0,0,27
11/24/2004,LWB,WV,AEA,EN,Federal Contract Tower,0,16,38,0,54,0,0,0,0,0,0,16,38,0,54,0,0,0,54
11/25/2004,LWB,WV,AEA,EN,Federal Contract Tower,0,8,4,0,12,0,0,0,0,0,0,8,4,0,12,0,0,0,12
11/26/2004,LWB,WV,AEA,EN,Federal Contract Tower,0,7,13,0,20,0,0,26,0,26,0,7,39,0,46,12,0,12,58
11/27/2004,LWB,WV,AEA,EN,Federal Contract Tower,0,8,3,0,11,0,0,7,0,7,0,8,10,0,18,0,0,0,18
11/28/2004,LWB,WV,AEA,EN,Federal Contract Tower,0,10,23,0,33,0,2,3,0,5,0,12,26,0,38,0,0,0,38
11/29/2004,LWB,WV,AEA,EN,Federal Contract Tower,0,10,12,0,22,0,0,19,0,19,0,10,31,0,41,18,0,18,59
11/30/2004,LWB,WV,AEA,EN,Federal Contract Tower,0,2,9,0,11,0,0,11,0,11,0,2,20,0,22,0,0,0,22
12/01/2004,LWB,WV,AEA,EN,Federal Contract Tower,0,6,2,0,8,0,0,2,0,2,0,6,4,0,10,10,0,10,20
12/02/2004,LWB,WV,AEA,EN,Federal Contract Tower,0,7,15,0,22,0,0,34,0,34,0,7,49,0,56,164,0,164,220
12/03/2004,LWB,WV,AEA,EN,Federal Contract Tower,2,10,5,0,17,2,2,11,0,15,4,12,16,0,32,6,0,6,38
12/04/2004,LWB,WV,AEA,EN,Federal Contract Tower,0,2,9,0,11,0,0,22,2,24,0,2,31,2,35,16,0,16,51
12/05/2004,LWB,WV,AEA,EN,Federal Contract Tower,0,4,17,0,21,0,0,90,0,90,0,4,107,0,111,0,0,0,111
12/06/2004,LWB,WV,AEA,EN,Federal Contract Tower,0,8,10,0,18,0,0,0,0,0,0,8,10,0,18,0,0,0,18
12/07/2004,LWB,WV,AEA,EN,Federal Contract Tower,0,8,20,0,28,0,0,4,0,4,0,8,24,0,32,0,0,0,32
12/08/2004,LWB,WV,AEA,EN,Federal Contract Tower,0,7,26,0,33,0,0,17,0,17,0,7,43,0,50,0,0,0,50
12/09/2004,LWB,WV,AEA,EN,Federal Contract Tower,0,9,9,0,18,0,0,0,0,0,0,9,9,0,18,0,0,0,18
12/10/2004,LWB,WV,AEA,EN,Federal Contract Tower,0,8,6,0,14,0,0,0,0,0,0,8,6,0,14,0,0,0,14
12/11/2004,LWB,WV,AEA,EN,Federal Contract Tower,0,2,1,0,3,0,0,0,0,0,0,2,1,0,3,0,0,0,3
12/12/2004,LWB,WV,AEA,EN,Federal Contract Tower,0,4,9,0,13,0,0,5,0,5,0,4,14,0,18,152,0,152,170
12/13/2004,LWB,WV,AEA,EN,Federal Contract Tower,0,10,4,0,14,0,0,1,0,1,0,10,5,0,15,0,0,0,15
12/14/2004,LWB,WV,AEA,EN,Federal Contract Tower,0,2,6,0,8,0,0,0,0,0,0,2,6,0,8,0,0,0,8
12/15/2004,LWB,WV,AEA,EN,Federal Contract Tower,0,10,9,0,19,0,0,4,0,4,0,10,13,0,23,20,0,20,43
12/16/2004,LWB,WV,AEA,EN,Federal Contract Tower,0,12,0,0,12,0,0,22,0,22,0,12,22,0,34,28,0,28,62
12/17/2004,LWB,WV,AEA,EN,Federal Contract Tower,0,8,10,3,21,0,0,5,5,10,0,8,15,8,31,14,6,20,51
12/18/2004,LWB,WV,AEA,EN,Federal Contract Tower,0,2,6,0,8,0,0,22,0,22,0,2,28,0,30,41,0,41,71
12/19/2004,LWB,WV,AEA,EN,Federal Contract Tower,0,6,1,0,7,0,0,0,0,0,0,6,1,0,7,0,0,0,7
12/20/2004,LWB,WV,AEA,EN,Federal Contract Tower,2,8,7,8,25,0,0,1,4,5,2,8,8,12,30,0,2,2,32
12/21/2004,LWB,WV,AEA,EN,Federal Contract Tower,0,2,9,0,11,0,0,23,0,23,0,2,32,0,34,4,0,4,38
12/22/2004,LWB,WV,AEA,EN,Federal Contract Tower,0,5,9,0,14,0,0,15,0,15,0,5,24,0,29,0,0,0,29
12/23/2004,LWB,WV,AEA,EN,Federal Contract Tower,0,11,9,0,20,0,0,6,0,6,0,11,15,0,26,0,0,0,26
12/24/2004,LWB,WV,AEA,EN,Federal Contract Tower,0,6,2,0,8,0,0,10,0,10,0,6,12,0,18,14,0,14,32
12/25/2004,LWB,WV,AEA,EN,Federal Contract Tower,0,4,4,0,8,0,0,3,0,3,0,4,7,0,11,0,0,0,11
12/26/2004,LWB,WV,AEA,EN,Federal Contract Tower,0,9,13,0,22,0,0,16,0,16,0,9,29,0,38,152,0,152,190
12/27/2004,LWB,WV,AEA,EN,Federal Contract Tower,0,9,15,0,24,0,0,12,0,12,0,9,27,0,36,0,0,0,36
12/28/2004,LWB,WV,AEA,EN,Federal Contract Tower,0,2,9,0,11,0,0,36,0,36,0,2,45,0,47,56,0,56,103
12/29/2004,LWB,WV,AEA,EN,Federal Contract Tower,0,10,14,6,30,0,0,16,0,16,0,10,30,6,46,150,0,150,196
12/30/2004,LWB,WV,AEA,EN,Federal Contract Tower,0,12,13,0,25,0,0,16,0,16,0,12,29,0,41,0,0,0,41
12/31/2004,LWB,WV,AEA,EN,Federal Contract Tower,0,12,8,0,20,0,0,45,0,45,0,12,53,0,65,166,0,166,231
01/01/2005,LWB,WV,AEA,EN,Federal Contract Tower,0,6,8,0,14,0,0,0,0,0,0,6,8,0,14,0,0,0,14
01/02/2005,LWB,WV,AEA,EN,Federal Contract Tower,0,9,14,0,23,0,2,10,0,12,0,11,24,0,35,162,0,162,197
01/03/2005,LWB,WV,AEA,EN,Federal Contract Tower,0,6,5,0,11,0,0,4,0,4,0,6,9,0,15,0,0,0,15
01/04/2005,LWB,WV,AEA,EN,Federal Contract Tower,0,2,9,6,17,0,0,0,6,6,0,2,9,12,23,0,0,0,23
01/05/2005,LWB,WV,AEA,EN,Federal Contract Tower,0,6,2,2,10,0,0,13,0,13,0,6,15,2,23,22,0,22,45
01/06/2005,LWB,WV,AEA,EN,Federal Contract Tower,2,6,6,0,14,0,0,0,0,0,2,6,6,0,14,0,0,0,14
01/07/2005,LWB,WV,AEA,EN,Federal Contract Tower,0,4,9,0,13,0,0,7,0,7,0,4,16,0,20,0,0,0,20
01/08/2005,LWB,WV,AEA,EN,Federal Contract Tower,0,3,3,0,6,0,0,10,0,10,0,3,13,0,16,0,0,0,16
01/09/2005,LWB,WV,AEA,EN,Federal Contract Tower,0,6,7,0,13,0,0,58,0,58,0,6,65,0,71,188,0,188,259
01/10/2005,LWB,WV,AEA,EN,Federal Contract Tower,0,10,8,0,18,0,0,11,0,11,0,10,19,0,29,0,0,0,29
01/11/2005,LWB,WV,AEA,EN,Federal Contract Tower,0,2,13,0,15,0,0,41,0,41,0,2,54,0,56,6,0,6,62
01/12/2005,LWB,WV,AEA,EN,Federal Contract Tower,0,6,4,0,10,0,0,12,0,12,0,6,16,0,22,26,0,26,48
01/13/2005,LWB,WV,AEA,EN,Federal Contract Tower,2,8,1,0,11,0,0,0,0,0,2,8,1,0,11,0,0,0,11
01/14/2005,LWB,WV,AEA,EN,Federal Contract Tower,0,8,18,0,26,0,0,6,0,6,0,8,24,0,32,0,0,0,32
01/15/2005,LWB,WV,AEA,EN,Federal Contract Tower,0,4,3,0,7,0,0,52,0,52,0,4,55,0,59,176,0,176,235
01/16/2005,LWB,WV,AEA,EN,Federal Contract Tower,0,3,5,0,8,0,0,24,0,24,0,3,29,0,32,0,0,0,32
01/17/2005,LWB,WV,AEA,EN,Federal Contract Tower,0,8,6,0,14,0,0,2,0,2,0,8,8,0,16,0,0,0,16
01/18/2005,LWB,WV,AEA,EN,Federal Contract Tower,0,2,7,0,9,0,0,38,0,38,0,2,45,0,47,12,0,12,59
01/19/2005,LWB,WV,AEA,EN,Federal Contract Tower,0,6,2,0,8,0,0,0,0,0,0,6,2,0,8,0,0,0,8
01/20/2005,LWB,WV,AEA,EN,Federal Contract Tower,0,8,4,0,12,0,0,0,2,2,0,8,4,2,14,0,0,0,14
01/21/2005,LWB,WV,AEA,EN,Federal Contract Tower,0,10,13,0,23,0,0,0,0,0,0,10,13,0,23,0,0,0,23
01/22/2005,LWB,WV,AEA,EN,Federal Contract Tower,0,2,1,0,3,0,0,0,0,0,0,2,1,0,3,0,0,0,3
01/23/2005,LWB,WV,AEA,EN,Federal Contract Tower,0,4,7,0,11,0,0,4,0,4,0,4,11,0,15,0,0,0,15
01/24/2005,LWB,WV,AEA,EN,Federal Contract Tower,0,8,9,0,17,0,0,4,0,4,0,8,13,0,21,0,0,0,21
01/25/2005,LWB,WV,AEA,EN,Federal Contract Tower,0,6,5,0,11,0,0,33,25,58,0,6,38,25,69,26,0,26,95
01/26/2005,LWB,WV,AEA,EN,Federal Contract Tower,0,6,9,0,15,0,0,8,2,10,0,6,17,2,25,156,0,156,181
01/27/2005,LWB,WV,AEA,EN,Federal Contract Tower,0,6,12,2,20,0,0,24,10,34,0,6,36,12,54,32,0,32,86
01/28/2005,LWB,WV,AEA,EN,Federal Contract Tower,0,7,14,4,25,0,1,2,60,63,0,8,16,64,88,0,0,0,88
01/29/2005,LWB,WV,AEA,EN,Federal Contract Tower,0,3,16,0,19,0,0,0,2,2,0,3,16,2,21,0,0,0,21
01/30/2005,LWB,WV,AEA,EN,Federal Contract Tower,0,7,3,1,11,0,0,0,0,0,0,7,3,1,11,0,0,0,11
01/31/2005,LWB,WV,AEA,EN,Federal Contract Tower,0,12,8,0,20,0,0,42,0,42,0,12,50,0,62,16,0,16,78
02/01/2005,LWB,WV,AEA,EN,Federal Contract Tower,0,2,3,9,14,0,0,0,13,13,0,2,3,22,27,0,14,14,41
02/02/2005,LWB,WV,AEA,EN,Federal Contract Tower,0,8,9,0,17,0,0,10,0,10,0,8,19,0,27,10,0,10,37
02/03/2005,LWB,WV,AEA,EN,Federal Contract Tower,0,6,6,0,12,0,0,0,0,0,0,6,6,0,12,0,0,0,12
02/04/2005,LWB,WV,AEA,EN,Federal Contract Tower,2,8,9,0,19,0,0,14,0,14,2,8,23,0,33,20,0,20,53
02/05/2005,LWB,WV,AEA,EN,Federal Contract Tower,0,2,7,0,9,0,0,33,0,33,0,2,40,0,42,38,0,38,80
02/06/2005,LWB,WV,AEA,EN,Federal Contract Tower,0,8,18,0,26,0,0,36,0,36,0,8,54,0,62,10,0,10,72
02/07/2005,LWB,WV,AEA,EN,Federal Contract Tower,0,6,12,2,20,0,0,21,0,21,0,6,33,2,41,12,0,12,53
02/08/2005,LWB,WV,AEA,EN,Federal Contract Tower,0,2,2,0,4,0,0,0,0,0,0,2,2,0,4,0,0,0,4
02/09/2005,LWB,WV,AEA,EN,Federal Contract Tower,0,5,5,8,18,0,0,0,10,10,0,5,5,18,28,0,12,12,40
02/10/2005,LWB,WV,AEA,EN,Federal Contract Tower,0,7,3,2,12,0,0,0,0,0,0,7,3,2,12,0,0,0,12
02/11/2005,LWB,WV,AEA,EN,Federal Contract Tower,0,7,19,0,26,0,0,17,0,17,0,7,36,0,43,0,0,0,43
02/12/2005,LWB,WV,AEA,EN,Federal Contract Tower,0,3,4,0,7,0,0,6,0,6,0,3,10,0,13,0,0,0,13
02/13/2005,LWB,WV,AEA,EN,Federal Contract Tower,0,4,11,1,16,0,0,18,2,20,0,4,29,3,36,20,10,30,66
02/14/2005,LWB,WV,AEA,EN,Federal Contract Tower,0,9,10,0,19,0,0,8,0,8,0,9,18,0,27,0,0,0,27
02/15/2005,LWB,WV,AEA,EN,Federal Contract Tower,0,4,14,0,18,0,0,36,26,62,0,4,50,26,80,166,0,166,246
02/16/2005,LWB,WV,AEA,EN,Federal Contract Tower,2,6,4,0,12,0,0,2,0,2,2,6,6,0,14,0,0,0,14
02/17/2005,LWB,WV,AEA,EN,Federal Contract Tower,0,6,2,0,8,0,0,0,0,0,0,6,2,0,8,0,0,0,8
02/18/2005,LWB,WV,AEA,EN,Federal Contract Tower,0,10,8,0,18,0,0,6,0,6,0,10,14,0,24,0,0,0,24
02/19/2005,LWB,WV,AEA,EN,Federal Contract Tower,0,2,9,0,11,0,0,55,0,55,0,2,64,0,66,4,0,4,70
02/20/2005,LWB,WV,AEA,EN,Federal Contract Tower,0,4,7,0,11,0,0,18,0,18,0,4,25,0,29,0,0,0,29
02/21/2005,LWB,WV,AEA,EN,Federal Contract Tower,0,8,7,0,15,0,0,0,2,2,0,8,7,2,17,0,0,0,17
02/22/2005,LWB,WV,AEA,EN,Federal Contract Tower,0,2,6,0,8,0,0,13,0,13,0,2,19,0,21,4,0,4,25
02/23/2005,LWB,WV,AEA,EN,Federal Contract Tower,0,6,11,0,17,0,0,43,0,43,0,6,54,0,60,0,0,0,60
02/24/2005,LWB,WV,AEA,EN,Federal Contract Tower,0,6,7,0,13,0,0,0,0,0,0,6,7,0,13,0,0,0,13
02/25/2005,LWB,WV,AEA,EN,Federal Contract Tower,0,6,17,2,25,0,0,11,2,13,0,6,28,4,38,0,0,0,38
02/26/2005,LWB,WV,AEA,EN,Federal Contract Tower,0,2,5,0,7,0,0,103,0,103,0,2,108,0,110,164,0,164,274
02/27/2005,LWB,WV,AEA,EN,Federal Contract Tower,0,4,9,0,13,0,0,15,0,15,0,4,24,0,28,0,0,0,28
02/28/2005,LWB,WV,AEA,EN,Federal Contract Tower,0,8,1,0,9,0,0,0,0,0,0,8,1,0,9,0,0,0,9
03/01/2005,LWB,WV,AEA,EN,Federal Contract Tower,0,2,4,0,6,0,0,0,0,0,0,2,4,0,6,0,0,0,6
03/02/2005,LWB,WV,AEA,EN,Federal Contract Tower,0,6,0,0,6,0,0,10,0,10,0,6,10,0,16,0,0,0,16
03/03/2005,LWB,WV,AEA,EN,Federal Contract Tower,2,8,6,0,16,0,0,22,0,22,2,8,28,0,38,0,0,0,38
03/04/2005,LWB,WV,AEA,EN,Federal Contract Tower,0,10,6,0,16,0,0,4,0,4,0,10,10,0,20,4,0,4,24
03/05/2005,LWB,WV,AEA,EN,Federal Contract Tower,0,2,2,0,4,0,0,0,0,0,0,2,2,0,4,0,0,0,4
03/06/2005,LWB,WV,AEA,EN,Federal Contract Tower,0,8,11,0,19,0,2,4,0,6,0,10,15,0,25,0,0,0,25
03/07/2005,LWB,WV,AEA,EN,Federal Contract Tower,0,6,2,0,8,0,0,13,0,13,0,6,15,0,21,0,0,0,21
03/08/2005,LWB,WV,AEA,EN,Federal Contract Tower,0,2,4,0,6,0,0,0,0,0,0,2,4,0,6,0,0,0,6
03/09/2005,LWB,WV,AEA,EN,Federal Contract Tower,0,6,8,0,14,0,0,17,0,17,0,6,25,0,31,6,0,6,37
03/10/2005,LWB,WV,AEA,EN,Federal Contract Tower,0,7,6,8,21,0,0,21,6,27,0,7,27,14,48,0,16,16,64
03/11/2005,LWB,WV,AEA,EN,Federal Contract Tower,0,6,4,0,10,0,0,4,0,4,0,6,8,0,14,0,0,0,14
03/12/2005,LWB,WV,AEA,EN,Federal Contract Tower,0,2,8,0,10,0,0,0,0,0,0,2,8,0,10,0,0,0,10
03/13/2005,LWB,WV,AEA,EN,Federal Contract Tower,0,6,11,0,17,0,0,16,0,16,0,6,27,0,33,4,0,4,37
03/14/2005,LWB,WV,AEA,EN,Federal Contract Tower,0,8,6,4,18,0,0,25,0,25,0,8,31,4,43,4,168,172,215
03/15/2005,LWB,WV,AEA,EN,Federal Contract Tower,0,3,10,0,13,0,0,50,0,50,0,3,60,0,63,156,0,156,219
03/16/2005,LWB,WV,AEA,EN,Federal Contract Tower,0,12,9,0,21,0,0,10,0,10,0,12,19,0,31,0,0,0,31
03/17/2005,LWB,WV,AEA,EN,Federal Contract Tower,2,6,3,0,11,0,0,6,4,10,2,6,9,4,21,158,144,302,323
03/18/2005,LWB,WV,AEA,EN,Federal Contract Tower,0,6,9,0,15,0,0,53,0,53,0,6,62,0,68,220,0,220,288
03/19/2005,LWB,WV,AEA,EN,Federal Contract Tower,0,2,5,0,7,0,0,24,0,24,0,2,29,0,31,194,0,194,225
03/20/2005,LWB,WV,AEA,EN,Federal Contract Tower,0,4,8,0,12,0,0,11,4,15,0,4,19,4,27,0,158,158,185
03/21/2005,LWB,WV,AEA,EN,Federal Contract Tower,0,6,5,0,11,0,0,17,0,17,0,6,22,0,28,10,0,10,38
03/22/2005,LWB,WV,AEA,EN,Federal Contract Tower,0,2,6,0,8,0,0,20,16,36,0,2,26,16,44,170,0,170,214
03/23/2005,LWB,WV,AEA,EN,Federal Contract Tower,0,6,9,0,15,0,0,0,0,0,0,6,9,0,15,0,0,0,15
03/24/2005,LWB,WV,AEA,EN,Federal Contract Tower,0,10,15,0,25,0,0,3,0,3,0,10,18,0,28,0,0,0,28
03/25/2005,LWB,WV,AEA,EN,Federal Contract Tower,0,6,15,0,21,0,0,32,0,32,0,6,47,0,53,34,0,34,87
03/26/2005,LWB,WV,AEA,EN,Federal Contract Tower,0,4,9,0,13,0,0,8,0,8,0,4,17,0,21,52,0,52,73
03/27/2005,LWB,WV,AEA,EN,Federal Contract Tower,0,4,11,0,15,0,0,0,0,0,0,4,11,0,15,0,0,0,15
03/28/2005,LWB,WV,AEA,EN,Federal Contract Tower,0,6,5,0,11,0,0,2,0,2,0,6,7,0,13,6,0,6,19
03/29/2005,LWB,WV,AEA,EN,Federal Contract Tower,0,2,8,0,10,0,0,21,0,21,0,2,29,0,31,0,0,0,31
03/30/2005,LWB,WV,AEA,EN,Federal Contract Tower,0,7,7,0,14,0,0,57,2,59,0,7,64,2,73,14,152,166,239
03/31/2005,LWB,WV,AEA,EN,Federal Contract Tower,0,6,7,0,13,0,0,23,2,25,0,6,30,2,38,0,150,150,188
04/01/2005,LWB,WV,AEA,EN,Federal Contract Tower,0,8,13,0,21,0,0,4,3,7,0,8,17,3,28,0,10,10,38
04/02/2005,LWB,WV,AEA,EN,Federal Contract Tower,0,2,2,0,4,0,0,0,4,4,0,2,2,4,8,0,150,150,158
04/03/2005,LWB,WV,AEA,EN,Federal Contract Tower,0,4,9,0,13,0,0,5,0,5,0,4,14,0,18,0,0,0,18
04/04/2005,LWB,WV,AEA,EN,Federal Contract Tower,0,6,10,4,20,0,0,5,0,5,0,6,15,4,25,150,0,150,175
04/05/2005,LWB,WV,AEA,EN,Federal Contract Tower,0,2,16,0,18,0,0,53,0,53,0,2,69,0,71,126,0,126,197
04/06/2005,LWB,WV,AEA,EN,Federal Contract Tower,0,6,13,0,19,0,0,22,2,24,0,6,35,2,43,6,150,156,199
04/07/2005,LWB,WV,AEA,EN,Federal Contract Tower,0,6,5,0,11,0,0,5,0,5,0,6,10,0,16,4,0,4,20
04/08/2005,LWB,WV,AEA,EN,Federal Contract Tower,0,12,17,0,29,0,0,2,0,2,0,12,19,0,31,0,0,0,31
04/09/2005,LWB,WV,AEA,EN,Federal Contract Tower,0,2,0,0,2,0,0,44,5,49,0,2,44,5,51,10,132,142,193
04/10/2005,LWB,WV,AEA,EN,Federal Contract Tower,0,9,22,0,31,0,0,52,0,52,0,9,74,0,83,24,0,24,107
04/11/2005,LWB,WV,AEA,EN,Federal Contract Tower,0,6,10,0,16,0,0,21,2,23,0,6,31,2,39,10,150,160,199
04/12/2005,LWB,WV,AEA,EN,Federal Contract Tower,0,4,8,0,12,0,0,23,0,23,0,4,31,0,35,0,0,0,35
04/13/2005,LWB,WV,AEA,EN,Federal Contract Tower,0,9,12,0,21,0,0,1,0,1,0,9,13,0,22,0,0,0,22
04/14/2005,LWB,WV,AEA,EN,Federal Contract Tower,2,8,16,0,26,0,0,59,10,69,2,8,75,10,95,148,0,148,243
04/15/2005,LWB,WV,AEA,EN,Federal Contract Tower,2,10,20,0,32,0,0,75,0,75,2,10,95,0,107,10,0,10,117
04/16/2005,LWB,WV,AEA,EN,Federal Contract Tower,0,2,13,0,15,0,0,20,0,20,0,2,33,0,35,4,0,4,39
04/17/2005,LWB,WV,AEA,EN,Federal Contract Tower,0,6,27,0,33,0,0,28,12,40,0,6,55,12,73,6,0,6,79
04/18/2005,LWB,WV,AEA,EN,Federal Contract Tower,0,10,3,6,19,0,0,12,2,14,0,10,15,8,33,0,22,22,55
04/19/2005,LWB,WV,AEA,EN,Federal Contract Tower,0,6,10,0,16,0,0,17,2,19,0,6,27,2,35,22,120,142,177
04/20/2005,LWB,WV,AEA,EN,Federal Contract Tower,0,10,18,0,28,0,0,20,0,20,0,10,38,0,48,0,0,0,48
04/21/2005,LWB,WV,AEA,EN,Federal Contract Tower,0,6,12,0,18,0,0,10,0,10,0,6,22,0,28,0,0,0,28
04/22/2005,LWB,WV,AEA,EN,Federal Contract Tower,0,19,25,0,44,0,0,4,0,4,0,19,29,0,48,0,0,0,48
04/23/2005,LWB,WV,AEA,EN,Federal Contract Tower,0,7,19,0,26,0,0,10,1,11,0,7,29,1,37,0,150,150,187
04/24/2005,LWB,WV,AEA,EN,Federal Contract Tower,4,15,23,0,42,0,0,0,0,0,4,15,23,0,42,0,0,0,42
04/25/2005,LWB,WV,AEA,EN,Federal Contract Tower,4,9,20,0,33,0,0,25,0,25,4,9,45,0,58,0,0,0,58
04/26/2005,LWB,WV,AEA,EN,Federal Contract Tower,6,3,11,0,20,2,0,4,0,6,8,3,15,0,26,0,0,0,26
04/27/2005,LWB,WV,AEA,EN,Federal Contract Tower,4,10,16,0,30,0,2,26,0,28,4,12,42,0,58,0,0,0,58
04/28/2005,LWB,WV,AEA,EN,Federal Contract Tower,8,14,21,0,43,6,0,28,6,40,14,14,49,6,83,10,160,170,253
04/29/2005,LWB,WV,AEA,EN,Federal Contract Tower,4,12,17,0,33,0,0,0,0,0,4,12,17,0,33,0,0,0,33
04/30/2005,LWB,WV,AEA,EN,Federal Contract Tower,4,9,14,0,27,0,0,1,0,1,4,9,15,0,28,0,0,0,28
05/01/2005,LWB,WV,AEA,EN,Federal Contract Tower,7,12,20,0,39,0,0,10,0,10,7,12,30,0,49,0,0,0,49
05/02/2005,LWB,WV,AEA,EN,Federal Contract Tower,4,17,16,1,38,0,0,8,0,8,4,17,24,1,46,0,0,0,46
05/03/2005,LWB,WV,AEA,EN,Federal Contract Tower,4,9,19,1,33,0,0,26,0,26,4,9,45,1,59,22,0,22,81
05/04/2005,LWB,WV,AEA,EN,Federal Contract Tower,4,14,11,0,29,0,0,44,0,44,4,14,55,0,73,164,0,164,237
05/05/2005,LWB,WV,AEA,EN,Federal Contract Tower,4,6,14,0,24,0,0,26,1,27,4,6,40,1,51,2,10,12,63
05/06/2005,LWB,WV,AEA,EN,Federal Contract Tower,4,11,9,0,24,0,0,10,3,13,4,11,19,3,37,10,150,160,197
05/07/2005,LWB,WV,AEA,EN,Federal Contract Tower,4,2,9,0,15,0,0,24,6,30,4,2,33,6,45,16,154,170,215
05/08/2005,LWB,WV,AEA,EN,Federal Contract Tower,4,7,13,0,24,0,0,28,0,28,4,7,41,0,52,0,0,0,52
05/09/2005,LWB,WV,AEA,EN,Federal Contract Tower,4,14,14,0,32,0,0,59,1,60,4,14,73,1,92,26,110,136,228
05/10/2005,LWB,WV,AEA,EN,Federal Contract Tower,8,3,12,0,23,0,0,57,0,57,8,3,69,0,80,162,0,162,242
05/11/2005,LWB,WV,AEA,EN,Federal Contract Tower,4,17,14,0,35,0,0,21,0,21,4,17,35,0,56,20,0,20,76
05/12/2005,LWB,WV,AEA,EN,Federal Contract Tower,4,22,29,0,55,0,4,28,0,32,4,26,57,0,87,32,0,32,119
05/13/2005,LWB,WV,AEA,EN,Federal Contract Tower,9,9,11,0,29,0,0,4,2,6,9,9,15,2,35,0,0,0,35
05/14/2005,LWB,WV,AEA,EN,Federal Contract Tower,4,10,9,0,23,0,0,15,0,15,4,10,24,0,38,0,0,0,38
05/15/2005,LWB,WV,AEA,EN,Federal Contract Tower,4,11,16,0,31,0,0,14,0,14,4,11,30,0,45,140,0,140,185
05/16/2005,LWB,WV,AEA,EN,Federal Contract Tower,4,8,14,0,26,0,0,7,0,7,4,8,21,0,33,144,0,144,177
05/17/2005,LWB,WV,AEA,EN,Federal Contract Tower,4,7,14,0,25,0,0,15,2,17,4,7,29,2,42,12,142,154,196
05/18/2005,LWB,WV,AEA,EN,Federal Contract Tower,4,12,19,0,35,0,0,21,2,23,4,12,40,2,58,16,150,166,224
05/19/2005,LWB,WV,AEA,EN,Federal Contract Tower,4,21,33,0,58,0,0,27,0,27,4,21,60,0,85,96,0,96,181
05/20/2005,LWB,WV,AEA,EN,Federal Contract Tower,4,7,14,2,27,0,0,6,0,6,4,7,20,2,33,12,0,12,45
05/21/2005,LWB,WV,AEA,EN,Federal Contract Tower,4,9,16,0,29,0,0,27,0,27,4,9,43,0,56,30,0,30,86
05/22/2005,LWB,WV,AEA,EN,Federal Contract Tower,4,7,41,0,52,0,0,32,1,33,4,7,73,1,85,0,2,2,87
05/23/2005,LWB,WV,AEA,EN,Federal Contract Tower,4,6,2,0,12,0,0,4,0,4,4,6,6,0,16,0,0,0,16
05/24/2005,LWB,WV,AEA,EN,Federal Contract Tower,4,15,35,0,54,0,0,2,0,2,4,15,37,0,56,0,0,0,56
05/25/2005,LWB,WV,AEA,EN,Federal Contract Tower,4,8,13,0,25,0,0,6,3,9,4,8,19,3,34,10,122,132,166
05/26/2005,LWB,WV,AEA,EN,Federal Contract Tower,8,8,24,0,40,0,0,38,1,39,8,8,62,1,79,0,0,0,79
05/27/2005,LWB,WV,AEA,EN,Federal Contract Tower,4,10,27,0,41,0,0,8,0,8,4,10,35,0,49,10,0,10,59
05/28/2005,LWB,WV,AEA,EN,Federal Contract Tower,7,6,28,0,41,0,0,20,0,20,7,6,48,0,61,0,0,0,61
05/29/2005,LWB,WV,AEA,EN,Federal Contract Tower,4,10,15,0,29,0,0,21,0,21,4,10,36,0,50,158,0,158,208
05/30/2005,LWB,WV,AEA,EN,Federal Contract Tower,4,16,17,0,37,0,0,23,2,25,4,16,40,2,62,148,0,148,210
05/31/2005,LWB,WV,AEA,EN,Federal Contract Tower,7,13,28,0,48,0,0,26,4,30,7,13,54,4,78,0,136,136,214
06/01/2005,LWB,WV,AEA,EN,Federal Contract Tower,4,12,18,0,34,0,0,14,0,14,4,12,32,0,48,0,0,0,48
06/02/2005,LWB,WV,AEA,EN,Federal Contract Tower,4,12,29,0,45,0,0,4,0,4,4,12,33,0,49,0,0,0,49
06/03/2005,LWB,WV,AEA,EN,Federal Contract Tower,4,9,24,0,37,0,0,11,0,11,4,9,35,0,48,20,0,20,68
06/04/2005,LWB,WV,AEA,EN,Federal Contract Tower,4,5,17,0,26,0,0,10,2,12,4,5,27,2,38,10,158,168,206
06/05/2005,LWB,WV,AEA,EN,Federal Contract Tower,4,14,30,0,48,0,0,20,0,20,4,14,50,0,68,150,0,150,218
06/06/2005,LWB,WV,AEA,EN,Federal Contract Tower,4,11,25,0,40,0,0,6,0,6,4,11,31,0,46,12,0,12,58
06/07/2005,LWB,WV,AEA,EN,Federal Contract Tower,4,12,64,0,80,0,0,41,4,45,4,12,105,4,125,22,116,138,263
06/08/2005,LWB,WV,AEA,EN,Federal Contract Tower,4,11,27,0,42,0,0,9,0,9,4,11,36,0,51,4,0,4,55
06/09/2005,LWB,WV,AEA,EN,Federal Contract Tower,3,13,53,0,69,0,0,26,3,29,3,13,79,3,98,156,150,306,404
06/10/2005,LWB,WV,AEA,EN,Federal Contract Tower,8,30,141,0,179,0,0,9,0,9,8,30,150,0,188,0,0,0,188
06/11/2005,LWB,WV,AEA,EN,Federal Contract Tower,4,3,17,0,24,0,0,6,2,8,4,3,23,2,32,0,156,156,188
06/12/2005,LWB,WV,AEA,EN,Federal Contract Tower,4,9,60,0,73,0,0,20,2,22,4,9,80,2,95,0,162,162,257
06/13/2005,LWB,WV,AEA,EN,Federal Contract Tower,6,19,69,0,94,0,0,8,0,8,6,19,77,0,102,0,0,0,102
06/14/2005,LWB,WV,AEA,EN,Federal Contract Tower,4,9,14,0,27,0,0,15,2,17,4,9,29,2,44,0,140,140,184
06/15/2005,LWB,WV,AEA,EN,Federal Contract Tower,4,6,21,0,31,0,0,13,0,13,4,6,34,0,44,124,0,124,168
06/16/2005,LWB,WV,AEA,EN,Federal Contract Tower,4,21,22,0,47,0,0,19,0,19,4,21,41,0,66,130,0,130,196
06/17/2005,LWB,WV,AEA,EN,Federal Contract Tower,4,22,33,0,59,0,0,18,0,18,4,22,51,0,77,150,0,150,227
06/18/2005,LWB,WV,AEA,EN,Federal Contract Tower,4,7,15,0,26,0,0,31,0,31,4,7,46,0,57,22,0,22,79
06/19/2005,LWB,WV,AEA,EN,Federal Contract Tower,4,27,46,0,77,0,0,17,2,19,4,27,63,2,96,24,154,178,274
06/20/2005,LWB,WV,AEA,EN,Federal Contract Tower,4,13,5,0,22,0,0,10,0,10,4,13,15,0,32,0,0,0,32
06/21/2005,LWB,WV,AEA,EN,Federal Contract Tower,2,7,25,0,34,0,0,52,6,58,2,7,77,6,92,26,150,176,268
06/22/2005,LWB,WV,AEA,EN,Federal Contract Tower,4,15,51,0,70,0,0,20,8,28,4,15,71,8,98,10,160,170,268
06/23/2005,LWB,WV,AEA,EN,Federal Contract Tower,4,13,8,0,25,0,0,46,0,46,4,13,54,0,71,162,0,162,233
06/24/2005,LWB,WV,AEA,EN,Federal Contract Tower,4,9,15,0,28,0,0,27,0,27,4,9,42,0,55,14,0,14,69
06/25/2005,LWB,WV,AEA,EN,Federal Contract Tower,4,6,22,0,32,0,0,30,4,34,4,6,52,4,66,76,0,76,142
06/26/2005,LWB,WV,AEA,EN,Federal Contract Tower,4,16,49,0,69,0,0,23,0,23,4,16,72,0,92,4,0,4,96
06/27/2005,LWB,WV,AEA,EN,Federal Contract Tower,4,6,11,0,21,0,0,22,0,22,4,6,33,0,43,0,0,0,43
06/28/2005,LWB,WV,AEA,EN,Federal Contract Tower,6,2,15,2,25,0,0,15,0,15,6,2,30,2,40,16,10,26,66
06/29/2005,LWB,WV,AEA,EN,Federal Contract Tower,4,8,10,2,24,0,0,17,0,17,4,8,27,2,41,10,0,10,51
06/30/2005,LWB,WV,AEA,EN,Federal Contract Tower,4,17,12,0,33,0,0,7,0,7,4,17,19,0,40,0,0,0,40
07/01/2005,LWB,WV,AEA,EN,Federal Contract Tower,4,6,21,0,31,0,0,9,0,9,4,6,30,0,40,0,0,0,40
07/02/2005,LWB,WV,AEA,EN,Federal Contract Tower,4,9,19,0,32,0,0,22,0,22,4,9,41,0,54,38,0,38,92
07/03/2005,LWB,WV,AEA,EN,Federal Contract Tower,4,5,7,0,16,0,0,7,0,7,4,5,14,0,23,0,0,0,23
07/04/2005,LWB,WV,AEA,EN,Federal Contract Tower,4,10,6,0,20,0,0,9,0,9,4,10,15,0,29,10,0,10,39
07/05/2005,LWB,WV,AEA,EN,Federal Contract Tower,4,3,27,0,34,0,0,4,0,4,4,3,31,0,38,10,0,10,48
07/06/2005,LWB,WV,AEA,EN,Federal Contract Tower,4,7,24,0,35,0,0,31,0,31,4,7,55,0,66,0,0,0,66
07/07/2005,LWB,WV,AEA,EN,Federal Contract Tower,4,12,24,0,40,0,0,13,0,13,4,12,37,0,53,0,0,0,53
07/08/2005,LWB,WV,AEA,EN,Federal Contract Tower,4,9,27,0,40,0,0,1,2,3,4,9,28,2,43,0,0,0,43
07/09/2005,LWB,WV,AEA,EN,Federal Contract Tower,4,7,12,0,23,0,0,40,0,40,4,7,52,0,63,36,0,36,99
07/10/2005,LWB,WV,AEA,EN,Federal Contract Tower,4,20,20,0,44,0,0,35,0,35,4,20,55,0,79,4,0,4,83
07/11/2005,LWB,WV,AEA,EN,Federal Contract Tower,4,8,9,0,21,0,0,9,0,9,4,8,18,0,30,10,0,10,40
07/12/2005,LWB,WV,AEA,EN,Federal Contract Tower,4,3,11,0,18,0,0,9,0,9,4,3,20,0,27,10,0,10,37
07/13/2005,LWB,WV,AEA,EN,Federal Contract Tower,4,10,17,0,31,0,0,37,0,37,4,10,54,0,68,4,0,4,72
07/14/2005,LWB,WV,AEA,EN,Federal Contract Tower,8,12,26,0,46,0,0,0,0,0,8,12,26,0,46,0,0,0,46
07/15/2005,LWB,WV,AEA,EN,Federal Contract Tower,4,9,20,0,33,0,0,2,0,2,4,9,22,0,35,0,0,0,35
07/16/2005,LWB,WV,AEA,EN,Federal Contract Tower,4,6,12,0,22,0,0,3,0,3,4,6,15,0,25,0,0,0,25
07/17/2005,LWB,WV,AEA,EN,Federal Contract Tower,4,14,30,0,48,0,0,8,0,8,4,14,38,0,56,0,0,0,56
07/18/2005,LWB,WV,AEA,EN,Federal Contract Tower,4,7,8,0,19,0,0,1,0,1,4,7,9,0,20,0,0,0,20
07/19/2005,LWB,WV,AEA,EN,Federal Contract Tower,4,4,16,0,24,0,0,17,0,17,4,4,33,0,41,10,0,10,51
07/20/2005,LWB,WV,AEA,EN,Federal Contract Tower,4,11,23,0,38,0,0,25,0,25,4,11,48,0,63,0,0,0,63
07/21/2005,LWB,WV,AEA,EN,Federal Contract Tower,4,6,29,0,39,0,0,16,4,20,4,6,45,4,59,0,144,144,203
07/22/2005,LWB,WV,AEA,EN,Federal Contract Tower,4,8,19,0,31,0,0,8,0,8,4,8,27,0,39,0,0,0,39
07/23/2005,LWB,WV,AEA,EN,Federal Contract Tower,4,7,16,0,27,0,0,45,0,45,4,7,61,0,72,156,0,156,228
07/24/2005,LWB,WV,AEA,EN,Federal Contract Tower,4,11,22,0,37,0,0,32,0,32,4,11,54,0,69,0,0,0,69
07/25/2005,LWB,WV,AEA,EN,Federal Contract Tower,4,15,17,0,36,0,0,1,0,1,4,15,18,0,37,0,0,0,37
07/26/2005,LWB,WV,AEA,EN,Federal Contract Tower,4,5,27,2,38,0,0,40,4,44,4,5,67,6,82,156,166,322,404
07/27/2005,LWB,WV,AEA,EN,Federal Contract Tower,4,10,23,0,37,0,0,13,0,13,4,10,36,0,50,16,0,16,66
07/28/2005,LWB,WV,AEA,EN,Federal Contract Tower,6,8,17,0,31,0,0,32,0,32,6,8,49,0,63,0,0,0,63
07/29/2005,LWB,WV,AEA,EN,Federal Contract Tower,4,5,25,0,34,0,0,14,0,14,4,5,39,0,48,0,0,0,48
07/30/2005,LWB,WV,AEA,EN,Federal Contract Tower,4,4,15,0,23,0,0,17,0,17,4,4,32,0,40,20,0,20,60
07/31/2005,LWB,WV,AEA,EN,Federal Contract Tower,4,10,48,0,62,0,0,10,0,10,4,10,58,0,72,0,0,0,72
08/01/2005,LWB,WV,AEA,EN,Federal Contract Tower,4,7,25,0,36,0,0,12,2,14,4,7,37,2,50,10,0,10,60
08/02/2005,LWB,WV,AEA,EN,Federal Contract Tower,4,4,35,0,43,0,0,16,0,16,4,4,51,0,59,12,0,12,71
08/03/2005,LWB,WV,AEA,EN,Federal Contract Tower,4,7,22,0,33,0,2,15,1,18,4,9,37,1,51,8,150,158,209
08/04/2005,LWB,WV,AEA,EN,Federal Contract Tower,4,14,27,0,45,0,0,25,12,37,4,14,52,12,82,0,154,154,236
08/05/2005,LWB,WV,AEA,EN,Federal Contract Tower,4,16,26,0,46,0,0,29,0,29,4,16,55,0,75,10,0,10,85
08/06/2005,LWB,WV,AEA,EN,Federal Contract Tower,4,5,20,0,29,0,0,10,0,10,4,5,30,0,39,160,0,160,199
08/07/2005,LWB,WV,AEA,EN,Federal Contract Tower,4,19,28,0,51,0,0,15,0,15,4,19,43,0,66,0,0,0,66
08/08/2005,LWB,WV,AEA,EN,Federal Contract Tower,4,10,22,0,36,0,0,2,0,2,4,10,24,0,38,16,0,16,54
08/09/2005,LWB,WV,AEA,EN,Federal Contract Tower,4,14,27,1,46,0,0,8,4,12,4,14,35,5,58,0,152,152,210
08/10/2005,LWB,WV,AEA,EN,Federal Contract Tower,4,15,12,0,31,0,0,17,0,17,4,15,29,0,48,4,0,4,52
08/11/2005,LWB,WV,AEA,EN,Federal Contract Tower,6,12,11,0,29,0,0,22,5,27,6,12,33,5,56,0,150,150,206
08/12/2005,LWB,WV,AEA,EN,Federal Contract Tower,4,16,31,0,51,0,0,19,0,19,4,16,50,0,70,10,0,10,80
08/13/2005,LWB,WV,AEA,EN,Federal Contract Tower,4,4,9,0,17,0,0,34,0,34,4,4,43,0,51,0,0,0,51
08/14/2005,LWB,WV,AEA,EN,Federal Contract Tower,4,14,22,0,40,0,0,46,8,54,4,14,68,8,94,76,156,232,326
08/15/2005,LWB,WV,AEA,EN,Federal Contract Tower,4,10,14,0,28,0,0,39,4,43,4,10,53,4,71,42,158,200,271
08/16/2005,LWB,WV,AEA,EN,Federal Contract Tower,4,4,17,0,25,0,0,16,0,16,4,4,33,0,41,0,0,0,41
08/17/2005,LWB,WV,AEA,EN,Federal Contract Tower,4,12,23,1,40,0,0,32,1,33,4,12,55,2,73,40,0,40,113
08/18/2005,LWB,WV,AEA,EN,Federal Contract Tower,4,12,36,0,52,0,0,17,0,17,4,12,53,0,69,10,0,10,79
08/19/2005,LWB,WV,AEA,EN,Federal Contract Tower,4,18,32,0,54,0,0,11,0,11,4,18,43,0,65,0,0,0,65
08/20/2005,LWB,WV,AEA,EN,Federal Contract Tower,4,5,26,0,35,0,0,12,0,12,4,5,38,0,47,0,0,0,47
08/21/2005,LWB,WV,AEA,EN,Federal Contract Tower,4,12,40,0,56,0,0,23,4,27,4,12,63,4,83,0,0,0,83
08/22/2005,LWB,WV,AEA,EN,Federal Contract Tower,8,16,19,0,43,0,0,25,0,25,8,16,44,0,68,36,0,36,104
08/23/2005,LWB,WV,AEA,EN,Federal Contract Tower,4,5,14,0,23,0,0,16,0,16,4,5,30,0,39,0,0,0,39
08/24/2005,LWB,WV,AEA,EN,Federal Contract Tower,4,10,22,0,36,0,0,44,6,50,4,10,66,6,86,0,0,0,86
08/25/2005,LWB,WV,AEA,EN,Federal Contract Tower,4,15,24,0,43,2,2,14,2,20,6,17,38,2,63,16,160,176,239
08/26/2005,LWB,WV,AEA,EN,Federal Contract Tower,4,10,22,0,36,0,0,10,0,10,4,10,32,0,46,148,0,148,194
08/27/2005,LWB,WV,AEA,EN,Federal Contract Tower,4,7,23,2,36,0,0,0,0,0,4,7,23,2,36,0,0,0,36
08/28/2005,LWB,WV,AEA,EN,Federal Contract Tower,4,5,23,0,32,0,0,17,0,17,4,5,40,0,49,164,0,164,213
08/29/2005,LWB,WV,AEA,EN,Federal Contract Tower,6,10,21,0,37,0,0,4,5,9,6,10,25,5,46,2,154,156,202
08/30/2005,LWB,WV,AEA,EN,Federal Contract Tower,4,8,9,0,21,0,0,2,4,6,4,8,11,4,27,0,144,144,171
08/31/2005,LWB,WV,AEA,EN,Federal Contract Tower,4,6,10,2,22,0,0,5,1,6,4,6,15,3,28,0,120,120,148
09/01/2005,LWB,WV,AEA,EN,Federal Contract Tower,4,9,19,0,32,0,0,29,0,29,4,9,48,0,61,2,0,2,63
09/02/2005,LWB,WV,AEA,EN,Federal Contract Tower,4,12,24,2,42,0,2,29,3,34,4,14,53,5,76,0,162,162,238
09/03/2005,LWB,WV,AEA,EN,Federal Contract Tower,4,10,10,0,24,0,0,16,0,16,4,10,26,0,40,156,0,156,196
09/04/2005,LWB,WV,AEA,EN,Federal Contract Tower,4,7,8,0,19,0,0,16,0,16,4,7,24,0,35,140,0,140,175
09/05/2005,LWB,WV,AEA,EN,Federal Contract Tower,4,12,34,1,51,0,0,39,7,46,4,12,73,8,97,6,158,164,261
09/06/2005,LWB,WV,AEA,EN,Federal Contract Tower,4,3,14,0,21,0,0,38,9,47,4,3,52,9,68,26,144,170,238
09/07/2005,LWB,WV,AEA,EN,Federal Contract Tower,4,14,19,0,37,0,0,52,0,52,4,14,71,0,89,168,0,168,257
09/08/2005,LWB,WV,AEA,EN,Federal Contract Tower,4,8,17,0,29,0,0,25,2,27,4,8,42,2,56,0,10,10,66
09/09/2005,LWB,WV,AEA,EN,Federal Contract Tower,4,9,17,0,30,2,0,19,4,25,6,9,36,4,55,20,180,200,255
09/10/2005,LWB,WV,AEA,EN,Federal Contract Tower,4,6,9,0,19,0,0,16,1,17,4,6,25,1,36,170,0,170,206
09/11/2005,LWB,WV,AEA,EN,Federal Contract Tower,4,17,31,0,52,0,0,27,0,27,4,17,58,0,79,0,0,0,79
09/12/2005,LWB,WV,AEA,EN,Federal Contract Tower,4,15,8,4,31,0,0,7,0,7,4,15,15,4,38,2,18,20,58
09/13/2005,LWB,WV,AEA,EN,Federal Contract Tower,4,10,20,0,34,0,0,24,6,30,4,10,44,6,64,2,156,158,222
09/14/2005,LWB,WV,AEA,EN,Federal Contract Tower,4,16,18,0,38,0,0,29,12,41,4,16,47,12,79,0,152,152,231
09/15/2005,LWB,WV,AEA,EN,Federal Contract Tower,6,7,29,0,42,0,0,40,4,44,6,7,69,4,86,24,150,174,260
09/16/2005,LWB,WV,AEA,EN,Federal Contract Tower,4,8,25,0,37,0,0,20,0,20,4,8,45,0,57,128,0,128,185
09/17/2005,LWB,WV,AEA,EN,Federal Contract Tower,4,10,14,0,28,0,0,22,0,22,4,10,36,0,50,168,0,168,218
09/18/2005,LWB,WV,AEA,EN,Federal Contract Tower,4,9,22,0,35,0,0,20,0,20,4,9,42,0,55,154,0,154,209
09/19/2005,LWB,WV,AEA,EN,Federal Contract Tower,4,5,16,0,25,0,0,24,0,24,4,5,40,0,49,170,0,170,219
09/20/2005,LWB,WV,AEA,EN,Federal Contract Tower,4,4,27,4,39,0,0,9,2,11,4,4,36,6,50,158,0,158,208
09/21/2005,LWB,WV,AEA,EN,Federal Contract Tower,4,13,22,2,41,0,0,21,0,21,4,13,43,2,62,162,0,162,224
09/22/2005,LWB,WV,AEA,EN,Federal Contract Tower,4,16,55,0,75,0,0,26,0,26,4,16,81,0,101,154,0,154,255
09/23/2005,LWB,WV,AEA,EN,Federal Contract Tower,4,11,22,0,37,0,0,22,0,22,4,11,44,0,59,160,0,160,219
09/24/2005,LWB,WV,AEA,EN,Federal Contract Tower,4,8,16,0,28,0,0,4,0,4,4,8,20,0,32,164,0,164,196
09/25/2005,LWB,WV,AEA,EN,Federal Contract Tower,4,27,44,0,75,0,0,6,0,6,4,27,50,0,81,0,0,0,81
09/26/2005,LWB,WV,AEA,EN,Federal Contract Tower,4,12,26,4,46,0,0,3,0,3,4,12,29,4,49,0,0,0,49
09/27/2005,LWB,WV,AEA,EN,Federal Contract Tower,4,9,20,4,37,0,0,9,0,9,4,9,29,4,46,160,6,166,212
09/28/2005,LWB,WV,AEA,EN,Federal Contract Tower,4,20,40,9,73,0,0,31,7,38,4,20,71,16,111,6,154,160,271
09/29/2005,LWB,WV,AEA,EN,Federal Contract Tower,6,17,24,0,47,0,0,23,0,23,6,17,47,0,70,156,0,156,226
09/30/2005,LWB,WV,AEA,EN,Federal Contract Tower,4,20,16,8,48,0,0,22,8,30,4,20,38,16,78,36,160,196,274
10/01/2005,LWB,WV,AEA,EN,Federal Contract Tower,4,9,19,0,32,0,0,24,0,24,4,9,43,0,56,160,0,160,216
10/02/2005,LWB,WV,AEA,EN,Federal Contract Tower,4,9,33,0,46,0,0,26,0,26,4,9,59,0,72,174,0,174,246
10/03/2005,LWB,WV,AEA,EN,Federal Contract Tower,4,7,7,0,18,0,3,6,0,9,4,10,13,0,27,0,0,0,27
10/04/2005,LWB,WV,AEA,EN,Federal Contract Tower,4,10,13,0,27,0,0,6,7,13,4,10,19,7,40,0,278,278,318
10/05/2005,LWB,WV,AEA,EN,Federal Contract Tower,4,16,21,0,41,0,0,0,0,0,4,16,21,0,41,0,0,0,41
10/06/2005,LWB,WV,AEA,EN,Federal Contract Tower,4,9,23,0,36,0,0,3,0,3,4,9,26,0,39,0,0,0,39
10/07/2005,LWB,WV,AEA,EN,Federal Contract Tower,3,29,57,0,89,0,0,0,0,0,3,29,57,0,89,0,0,0,89
10/08/2005,LWB,WV,AEA,EN,Federal Contract Tower,5,35,61,0,101,0,0,6,0,6,5,35,67,0,107,0,0,0,107
10/09/2005,LWB,WV,AEA,EN,Federal Contract Tower,4,11,25,0,40,0,0,4,0,4,4,11,29,0,44,0,0,0,44
10/10/2005,LWB,WV,AEA,EN,Federal Contract Tower,4,15,20,0,39,0,0,0,0,0,4,15,20,0,39,0,0,0,39
10/11/2005,LWB,WV,AEA,EN,Federal Contract Tower,4,29,52,0,85,0,0,4,0,4,4,29,56,0,89,14,0,14,103
10/12/2005,LWB,WV,AEA,EN,Federal Contract Tower,4,38,72,0,114,0,0,4,1,5,4,38,76,1,119,2,0,2,121
10/13/2005,LWB,WV,AEA,EN,Federal Contract Tower,8,17,58,0,83,0,0,38,0,38,8,17,96,0,121,0,0,0,121
10/14/2005,LWB,WV,AEA,EN,Federal Contract Tower,4,14,30,1,49,0,0,18,0,18,4,14,48,1,67,0,0,0,67
10/15/2005,LWB,WV,AEA,EN,Federal Contract Tower,4,8,25,0,37,0,0,21,4,25,4,8,46,4,62,0,0,0,62
10/16/2005,LWB,WV,AEA,EN,Federal Contract Tower,8,12,88,0,108,0,0,22,2,24,8,12,110,2,132,0,0,0,132
10/17/2005,LWB,WV,AEA,EN,Federal Contract Tower,6,10,16,0,32,0,0,21,0,21,6,10,37,0,53,0,0,0,53
10/18/2005,LWB,WV,AEA,EN,Federal Contract Tower,4,4,13,0,21,0,0,13,0,13,4,4,26,0,34,0,0,0,34
10/19/2005,LWB,WV,AEA,EN,Federal Contract Tower,4,10,13,0,27,0,0,41,0,41,4,10,54,0,68,0,0,0,68
10/20/2005,LWB,WV,AEA,EN,Federal Contract Tower,4,10,31,2,47,0,0,19,0,19,4,10,50,2,66,0,0,0,66
10/21/2005,LWB,WV,AEA,EN,Federal Contract Tower,4,13,29,0,46,0,2,26,0,28,4,15,55,0,74,36,0,36,110
10/22/2005,LWB,WV,AEA,EN,Federal Contract Tower,5,10,14,0,29,0,0,0,0,0,5,10,14,0,29,0,0,0,29
10/23/2005,LWB,WV,AEA,EN,Federal Contract Tower,5,20,33,0,58,0,0,14,0,14,5,20,47,0,72,0,0,0,72
10/24/2005,LWB,WV,AEA,EN,Federal Contract Tower,4,15,11,0,30,0,0,0,0,0,4,15,11,0,30,0,0,0,30
10/25/2005,LWB,WV,AEA,EN,Federal Contract Tower,4,14,16,0,34,0,0,1,0,1,4,14,17,0,35,0,0,0,35
10/26/2005,LWB,WV,AEA,EN,Federal Contract Tower,4,14,17,0,35,0,0,4,0,4,4,14,21,0,39,0,0,0,39
10/27/2005,LWB,WV,AEA,EN,Federal Contract Tower,6,12,14,0,32,0,0,11,0,11,6,12,25,0,43,0,0,0,43
10/28/2005,LWB,WV,AEA,EN,Federal Contract Tower,4,9,18,0,31,0,0,9,0,9,4,9,27,0,40,30,0,30,70
10/29/2005,LWB,WV,AEA,EN,Federal Contract Tower,4,5,4,0,13,0,0,15,0,15,4,5,19,0,28,0,0,0,28
10/30/2005,LWB,WV,AEA,EN,Federal Contract Tower,4,6,12,0,22,0,0,48,0,48,4,6,60,0,70,0,0,0,70
10/31/2005,LWB,WV,AEA,EN,Federal Contract Tower,0,11,11,0,22,0,0,51,0,51,0,11,62,0,73,0,0,0,73
11/01/2005,LWB,WV,AEA,EN,Federal Contract Tower,0,6,9,0,15,0,0,5,0,5,0,6,14,0,20,0,0,0,20
11/02/2005,LWB,WV,AEA,EN,Federal Contract Tower,0,9,9,0,18,0,0,15,0,15,0,9,24,0,33,0,0,0,33
11/03/2005,LWB,WV,AEA,EN,Federal Contract Tower,0,7,20,4,31,0,0,24,0,24,0,7,44,4,55,10,10,20,75
11/04/2005,LWB,WV,AEA,EN,Federal Contract Tower,0,11,13,0,24,0,0,23,0,23,0,11,36,0,47,12,0,12,59
11/05/2005,LWB,WV,AEA,EN,Federal Contract Tower,0,2,15,0,17,0,0,29,0,29,0,2,44,0,46,156,0,156,202
11/06/2005,LWB,WV,AEA,EN,Federal Contract Tower,0,7,15,0,22,0,0,8,0,8,0,7,23,0,30,0,0,0,30
11/07/2005,LWB,WV,AEA,EN,Federal Contract Tower,0,8,8,0,16,0,4,11,0,15,0,12,19,0,31,10,0,10,41
11/08/2005,LWB,WV,AEA,EN,Federal Contract Tower,0,4,20,0,24,0,0,9,0,9,0,4,29,0,33,0,0,0,33
11/09/2005,LWB,WV,AEA,EN,Federal Contract Tower,0,8,8,0,16,0,0,2,0,2,0,8,10,0,18,0,0,0,18
11/10/2005,LWB,WV,AEA,EN,Federal Contract Tower,2,13,22,0,37,0,0,16,0,16,2,13,38,0,53,0,0,0,53
11/11/2005,LWB,WV,AEA,EN,Federal Contract Tower,0,6,16,0,22,0,0,57,0,57,0,6,73,0,79,20,0,20,99
11/12/2005,LWB,WV,AEA,EN,Federal Contract Tower,0,8,10,0,18,0,0,38,0,38,0,8,48,0,56,10,0,10,66
11/13/2005,LWB,WV,AEA,EN,Federal Contract Tower,0,4,19,0,23,0,0,20,2,22,0,4,39,2,45,0,0,0,45
11/14/2005,LWB,WV,AEA,EN,Federal Contract Tower,0,10,9,0,19,0,0,7,0,7,0,10,16,0,26,0,0,0,26
11/15/2005,LWB,WV,AEA,EN,Federal Contract Tower,0,3,12,0,15,0,0,10,0,10,0,3,22,0,25,0,0,0,25
11/16/2005,LWB,WV,AEA,EN,Federal Contract Tower,0,9,3,0,12,0,0,0,0,0,0,9,3,0,12,0,0,0,12
11/17/2005,LWB,WV,AEA,EN,Federal Contract Tower,0,7,6,0,13,0,0,1,0,1,0,7,7,0,14,0,0,0,14
11/18/2005,LWB,WV,AEA,EN,Federal Contract Tower,0,10,9,0,19,0,0,6,0,6,0,10,15,0,25,10,0,10,35
11/19/2005,LWB,WV,AEA,EN,Federal Contract Tower,0,6,8,0,14,0,0,27,0,27,0,6,35,0,41,152,0,152,193
11/20/2005,LWB,WV,AEA,EN,Federal Contract Tower,0,5,15,0,20,0,0,13,0,13,0,5,28,0,33,4,0,4,37
11/21/2005,LWB,WV,AEA,EN,Federal Contract Tower,0,11,7,0,18,0,0,0,0,0,0,11,7,0,18,0,0,0,18
11/22/2005,LWB,WV,AEA,EN,Federal Contract Tower,2,3,12,0,17,0,0,0,0,0,2,3,12,0,17,0,0,0,17
11/23/2005,LWB,WV,AEA,EN,Federal Contract Tower,0,10,20,0,30,0,0,4,2,6,0,10,24,2,36,0,0,0,36
11/24/2005,LWB,WV,AEA,EN,Federal Contract Tower,0,6,0,0,6,0,0,0,0,0,0,6,0,0,6,0,0,0,6
11/25/2005,LWB,WV,AEA,EN,Federal Contract Tower,0,6,9,0,15,0,0,48,0,48,0,6,57,0,63,6,0,6,69
11/26/2005,LWB,WV,AEA,EN,Federal Contract Tower,0,6,10,0,16,0,0,25,0,25,0,6,35,0,41,0,0,0,41
11/27/2005,LWB,WV,AEA,EN,Federal Contract Tower,0,14,20,0,34,0,0,8,0,8,0,14,28,0,42,0,0,0,42
11/28/2005,LWB,WV,AEA,EN,Federal Contract Tower,0,8,12,0,20,0,0,0,0,0,0,8,12,0,20,0,0,0,20
11/29/2005,LWB,WV,AEA,EN,Federal Contract Tower,0,2,2,0,4,0,0,2,0,2,0,2,4,0,6,0,0,0,6
11/30/2005,LWB,WV,AEA,EN,Federal Contract Tower,0,8,9,0,17,0,0,6,0,6,0,8,15,0,23,0,0,0,23
12/01/2005,LWB,WV,AEA,EN,Federal Contract Tower,0,8,11,0,19,0,0,9,0,9,0,8,20,0,28,22,0,22,50
12/02/2005,LWB,WV,AEA,EN,Federal Contract Tower,0,6,7,0,13,0,0,3,0,3,0,6,10,0,16,0,0,0,16
12/03/2005,LWB,WV,AEA,EN,Federal Contract Tower,0,2,1,0,3,0,0,8,0,8,0,2,9,0,11,0,0,0,11
12/04/2005,LWB,WV,AEA,EN,Federal Contract Tower,0,4,4,0,8,0,0,0,0,0,0,4,4,0,8,0,0,0,8
12/05/2005,LWB,WV,AEA,EN,Federal Contract Tower,0,6,0,0,6,0,0,0,0,0,0,6,0,0,6,0,0,0,6
12/06/2005,LWB,WV,AEA,EN,Federal Contract Tower,0,2,8,4,14,0,0,0,0,0,0,2,8,4,14,0,0,0,14
12/07/2005,LWB,WV,AEA,EN,Federal Contract Tower,0,8,14,0,22,0,0,0,0,0,0,8,14,0,22,0,0,0,22
12/08/2005,LWB,WV,AEA,EN,Federal Contract Tower,0,6,9,0,15,0,0,9,0,9,0,6,18,0,24,0,0,0,24
12/09/2005,LWB,WV,AEA,EN,Federal Contract Tower,2,5,7,0,14,0,0,0,0,0,2,5,7,0,14,0,0,0,14
12/10/2005,LWB,WV,AEA,EN,Federal Contract Tower,0,3,2,2,7,0,0,22,4,26,0,3,24,6,33,10,2,12,45
12/11/2005,LWB,WV,AEA,EN,Federal Contract Tower,0,8,7,0,15,0,0,0,0,0,0,8,7,0,15,0,0,0,15
12/12/2005,LWB,WV,AEA,EN,Federal Contract Tower,0,6,10,0,16,0,0,8,0,8,0,6,18,0,24,0,0,0,24
12/13/2005,LWB,WV,AEA,EN,Federal Contract Tower,0,2,17,0,19,0,0,10,0,10,0,2,27,0,29,0,0,0,29
12/14/2005,LWB,WV,AEA,EN,Federal Contract Tower,0,6,18,0,24,0,0,2,0,2,0,6,20,0,26,2,0,2,28
12/15/2005,LWB,WV,AEA,EN,Federal Contract Tower,0,2,2,0,4,0,0,0,0,0,0,2,2,0,4,0,0,0,4
12/16/2005,LWB,WV,AEA,EN,Federal Contract Tower,0,11,6,0,17,0,0,2,0,2,0,11,8,0,19,0,0,0,19
12/17/2005,LWB,WV,AEA,EN,Federal Contract Tower,0,5,11,0,16,0,0,6,0,6,0,5,17,0,22,4,0,4,26
12/18/2005,LWB,WV,AEA,EN,Federal Contract Tower,0,10,10,0,20,0,0,41,0,41,0,10,51,0,61,8,0,8,69
12/19/2005,LWB,WV,AEA,EN,Federal Contract Tower,0,8,4,0,12,0,0,2,0,2,0,8,6,0,14,0,0,0,14
12/20/2005,LWB,WV,AEA,EN,Federal Contract Tower,0,3,8,0,11,0,0,17,0,17,0,3,25,0,28,0,0,0,28
12/21/2005,LWB,WV,AEA,EN,Federal Contract Tower,0,7,6,0,13,0,0,14,0,14,0,7,20,0,27,4,0,4,31
12/22/2005,LWB,WV,AEA,EN,Federal Contract Tower,2,10,9,0,21,0,0,16,0,16,2,10,25,0,37,0,0,0,37
12/23/2005,LWB,WV,AEA,EN,Federal Contract Tower,0,10,6,0,16,0,0,27,0,27,0,10,33,0,43,0,0,0,43
12/24/2005,LWB,WV,AEA,EN,Federal Contract Tower,0,4,0,0,4,0,0,20,0,20,0,4,20,0,24,8,0,8,32
12/25/2005,LWB,WV,AEA,EN,Federal Contract Tower,0,4,3,0,7,0,0,0,0,0,0,4,3,0,7,0,0,0,7
12/26/2005,LWB,WV,AEA,EN,Federal Contract Tower,0,18,10,0,28,0,0,4,0,4,0,18,14,0,32,0,0,0,32
12/27/2005,LWB,WV,AEA,EN,Federal Contract Tower,0,4,21,0,25,0,0,32,0,32,0,4,53,0,57,6,0,6,63
12/28/2005,LWB,WV,AEA,EN,Federal Contract Tower,0,8,11,0,19,0,0,16,0,16,0,8,27,0,35,2,0,2,37
12/29/2005,LWB,WV,AEA,EN,Federal Contract Tower,0,9,7,0,16,0,0,0,0,0,0,9,7,0,16,0,0,0,16
12/30/2005,LWB,WV,AEA,EN,Federal Contract Tower,0,15,17,0,32,0,0,24,0,24,0,15,41,0,56,32,0,32,88
12/31/2005,LWB,WV,AEA,EN,Federal Contract Tower,0,6,7,0,13,0,0,2,0,2,0,6,9,0,15,0,0,0,15
01/01/2006,LWB,WV,AEA,EN,Federal Contract Tower,0,7,12,0,19,0,0,12,0,12,0,7,24,0,31,12,0,12,43
01/02/2006,LWB,WV,AEA,EN,Federal Contract Tower,0,6,14,0,20,0,0,0,0,0,0,6,14,0,20,0,0,0,20
01/03/2006,LWB,WV,AEA,EN,Federal Contract Tower,0,2,2,0,4,0,0,0,0,0,0,2,2,0,4,0,0,0,4
01/04/2006,LWB,WV,AEA,EN,Federal Contract Tower,0,6,7,0,13,0,0,7,2,9,0,6,14,2,22,10,0,10,32
01/05/2006,LWB,WV,AEA,EN,Federal Contract Tower,0,6,4,0,10,0,0,0,0,0,0,6,4,0,10,0,0,0,10
01/06/2006,LWB,WV,AEA,EN,Federal Contract Tower,0,8,9,0,17,0,0,2,0,2,0,8,11,0,19,0,0,0,19
01/07/2006,LWB,WV,AEA,EN,Federal Contract Tower,0,2,0,0,2,0,0,7,0,7,0,2,7,0,9,0,0,0,9
01/08/2006,LWB,WV,AEA,EN,Federal Contract Tower,0,7,10,0,17,0,0,29,0,29,0,7,39,0,46,10,0,10,56
01/09/2006,LWB,WV,AEA,EN,Federal Contract Tower,0,12,2,0,14,0,0,6,0,6,0,12,8,0,20,0,0,0,20
01/10/2006,LWB,WV,AEA,EN,Federal Contract Tower,0,3,4,0,7,0,0,9,0,9,0,3,13,0,16,12,0,12,28
01/11/2006,LWB,WV,AEA,EN,Federal Contract Tower,0,11,13,0,24,0,0,8,0,8,0,11,21,0,32,0,0,0,32
01/12/2006,LWB,WV,AEA,EN,Federal Contract Tower,2,10,7,0,19,0,0,35,2,37,2,10,42,2,56,170,6,176,232
01/13/2006,LWB,WV,AEA,EN,Federal Contract Tower,0,6,27,0,33,0,0,2,0,2,0,6,29,0,35,0,0,0,35
01/14/2006,LWB,WV,AEA,EN,Federal Contract Tower,0,2,3,0,5,0,0,0,0,0,0,2,3,0,5,0,0,0,5
01/15/2006,LWB,WV,AEA,EN,Federal Contract Tower,0,4,10,0,14,0,0,34,0,34,0,4,44,0,48,0,0,0,48
01/16/2006,LWB,WV,AEA,EN,Federal Contract Tower,0,8,16,0,24,0,0,11,6,17,0,8,27,6,41,0,12,12,53
01/17/2006,LWB,WV,AEA,EN,Federal Contract Tower,0,3,3,0,6,0,0,6,0,6,0,3,9,0,12,0,0,0,12
01/18/2006,LWB,WV,AEA,EN,Federal Contract Tower,0,8,5,0,13,0,0,10,0,10,0,8,15,0,23,0,0,0,23
01/19/2006,LWB,WV,AEA,EN,Federal Contract Tower,0,6,17,0,23,0,0,32,7,39,0,6,49,7,62,0,158,158,220
01/20/2006,LWB,WV,AEA,EN,Federal Contract Tower,0,8,6,0,14,0,0,14,0,14,0,8,20,0,28,0,0,0,28
01/21/2006,LWB,WV,AEA,EN,Federal Contract Tower,0,2,5,0,7,0,0,2,0,2,0,2,7,0,9,0,0,0,9
01/22/2006,LWB,WV,AEA,EN,Federal Contract Tower,0,4,5,0,9,0,0,11,0,11,0,4,16,0,20,172,0,172,192
01/23/2006,LWB,WV,AEA,EN,Federal Contract Tower,0,6,5,0,11,0,0,0,0,0,0,6,5,0,11,0,0,0,11
01/24/2006,LWB,WV,AEA,EN,Federal Contract Tower,0,5,5,0,10,0,0,2,2,4,0,5,7,2,14,0,162,162,176
01/25/2006,LWB,WV,AEA,EN,Federal Contract Tower,0,7,4,0,11,0,0,0,0,0,0,7,4,0,11,0,0,0,11
01/26/2006,LWB,WV,AEA,EN,Federal Contract Tower,2,6,10,0,18,0,0,3,0,3,2,6,13,0,21,0,0,0,21
01/27/2006,LWB,WV,AEA,EN,Federal Contract Tower,0,8,8,0,16,0,0,18,14,32,0,8,26,14,48,4,174,178,226
01/28/2006,LWB,WV,AEA,EN,Federal Contract Tower,0,3,6,0,9,0,0,29,2,31,0,3,35,2,40,194,0,194,234
01/29/2006,LWB,WV,AEA,EN,Federal Contract Tower,0,6,9,0,15,0,0,12,0,12,0,6,21,0,27,4,0,4,31
01/30/2006,LWB,WV,AEA,EN,Federal Contract Tower,0,6,0,0,6,0,0,9,0,9,0,6,9,0,15,16,0,16,31
01/31/2006,LWB,WV,AEA,EN,Federal Contract Tower,0,3,10,0,13,0,0,2,0,2,0,3,12,0,15,0,0,0,15
02/01/2006,LWB,WV,AEA,EN,Federal Contract Tower,0,8,9,0,17,0,0,32,0,32,0,8,41,0,49,6,0,6,55
02/02/2006,LWB,WV,AEA,EN,Federal Contract Tower,0,6,2,0,8,0,0,2,0,2,0,6,4,0,10,8,0,8,18
02/03/2006,LWB,WV,AEA,EN,Federal Contract Tower,0,6,10,6,22,0,0,3,6,9,0,6,13,12,31,0,10,10,41
02/04/2006,LWB,WV,AEA,EN,Federal Contract Tower,0,2,4,0,6,0,0,2,0,2,0,2,6,0,8,0,0,0,8
02/05/2006,LWB,WV,AEA,EN,Federal Contract Tower,0,4,9,0,13,0,0,2,0,2,0,4,11,0,15,0,0,0,15
02/06/2006,LWB,WV,AEA,EN,Federal Contract Tower,0,10,11,4,25,0,0,18,0,18,0,10,29,4,43,10,4,14,57
02/07/2006,LWB,WV,AEA,EN,Federal Contract Tower,0,2,6,0,8,0,0,15,0,15,0,2,21,0,23,16,0,16,39
02/08/2006,LWB,WV,AEA,EN,Federal Contract Tower,0,7,12,0,19,0,0,9,0,9,0,7,21,0,28,0,0,0,28
02/09/2006,LWB,WV,AEA,EN,Federal Contract Tower,2,6,3,6,17,0,0,20,6,26,2,6,23,12,43,0,20,20,63
02/10/2006,LWB,WV,AEA,EN,Federal Contract Tower,0,6,4,0,10,0,0,3,0,3,0,6,7,0,13,0,0,0,13
02/11/2006,LWB,WV,AEA,EN,Federal Contract Tower,0,2,0,0,2,0,0,0,0,0,0,2,0,0,2,0,0,0,2
02/12/2006,LWB,WV,AEA,EN,Federal Contract Tower,0,4,2,0,6,0,0,0,0,0,0,4,2,0,6,0,0,0,6
02/13/2006,LWB,WV,AEA,EN,Federal Contract Tower,0,4,2,0,6,0,0,2,0,2,0,4,4,0,8,0,0,0,8
02/14/2006,LWB,WV,AEA,EN,Federal Contract Tower,0,0,2,0,2,0,0,7,2,9,0,0,9,2,11,14,0,14,25
02/15/2006,LWB,WV,AEA,EN,Federal Contract Tower,0,6,4,0,10,0,0,9,0,9,0,6,13,0,19,22,0,22,41
02/16/2006,LWB,WV,AEA,EN,Federal Contract Tower,0,6,9,0,15,0,0,26,0,26,0,6,35,0,41,8,0,8,49
02/17/2006,LWB,WV,AEA,EN,Federal Contract Tower,0,6,19,0,25,0,0,3,0,3,0,6,22,0,28,0,0,0,28
02/18/2006,LWB,WV,AEA,EN,Federal Contract Tower,0,6,4,0,10,0,0,0,0,0,0,6,4,0,10,0,0,0,10
02/19/2006,LWB,WV,AEA,EN,Federal Contract Tower,0,6,18,0,24,0,0,30,0,30,0,6,48,0,54,12,0,12,66
02/20/2006,LWB,WV,AEA,EN,Federal Contract Tower,0,8,18,0,26,0,0,8,0,8,0,8,26,0,34,10,0,10,44
02/21/2006,LWB,WV,AEA,EN,Federal Contract Tower,0,4,10,0,14,0,0,5,0,5,0,4,15,0,19,0,0,0,19
02/22/2006,LWB,WV,AEA,EN,Federal Contract Tower,0,8,8,0,16,0,0,6,0,6,0,8,14,0,22,0,0,0,22
02/23/2006,LWB,WV,AEA,EN,Federal Contract Tower,0,12,7,0,19,0,0,8,0,8,0,12,15,0,27,0,0,0,27
02/24/2006,LWB,WV,AEA,EN,Federal Contract Tower,2,6,9,0,17,0,0,17,6,23,2,6,26,6,40,140,0,140,180
02/25/2006,LWB,WV,AEA,EN,Federal Contract Tower,0,2,5,0,7,0,0,26,0,26,0,2,31,0,33,32,0,32,65
02/26/2006,LWB,WV,AEA,EN,Federal Contract Tower,0,6,7,0,13,0,0,0,0,0,0,6,7,0,13,0,0,0,13
02/27/2006,LWB,WV,AEA,EN,Federal Contract Tower,0,10,5,0,15,0,0,10,0,10,0,10,15,0,25,0,0,0,25
02/28/2006,LWB,WV,AEA,EN,Federal Contract Tower,0,4,4,0,8,0,0,9,0,9,0,4,13,0,17,0,0,0,17
03/01/2006,LWB,WV,AEA,EN,Federal Contract Tower,0,10,11,0,21,0,0,9,0,9,0,10,20,0,30,2,0,2,32
03/02/2006,LWB,WV,AEA,EN,Federal Contract Tower,0,9,10,0,19,0,0,0,4,4,0,9,10,4,23,0,0,0,23
03/03/2006,LWB,WV,AEA,EN,Federal Contract Tower,0,7,14,0,21,0,0,0,0,0,0,7,14,0,21,0,0,0,21
03/04/2006,LWB,WV,AEA,EN,Federal Contract Tower,0,2,8,0,10,0,0,12,4,16,0,2,20,4,26,26,0,26,52
03/05/2006,LWB,WV,AEA,EN,Federal Contract Tower,0,1,19,0,20,0,0,42,4,46,0,1,61,4,66,212,0,212,278
03/06/2006,LWB,WV,AEA,EN,Federal Contract Tower,0,8,4,0,12,0,0,0,0,0,0,8,4,0,12,0,0,0,12
03/07/2006,LWB,WV,AEA,EN,Federal Contract Tower,0,2,9,0,11,0,0,23,0,23,0,2,32,0,34,170,0,170,204
03/08/2006,LWB,WV,AEA,EN,Federal Contract Tower,0,6,10,0,16,0,0,13,0,13,0,6,23,0,29,164,0,164,193
03/09/2006,LWB,WV,AEA,EN,Federal Contract Tower,2,7,6,0,15,0,0,5,0,5,2,7,11,0,20,0,0,0,20
03/10/2006,LWB,WV,AEA,EN,Federal Contract Tower,0,7,7,0,14,0,0,9,0,9,0,7,16,0,23,0,0,0,23
03/11/2006,LWB,WV,AEA,EN,Federal Contract Tower,0,4,11,0,15,0,0,20,0,20,0,4,31,0,35,6,0,6,41
03/12/2006,LWB,WV,AEA,EN,Federal Contract Tower,0,4,3,0,7,0,0,41,0,41,0,4,44,0,48,0,0,0,48
03/13/2006,LWB,WV,AEA,EN,Federal Contract Tower,0,6,8,0,14,0,0,7,0,7,0,6,15,0,21,10,0,10,31
03/14/2006,LWB,WV,AEA,EN,Federal Contract Tower,0,6,1,0,7,0,0,13,0,13,0,6,14,0,20,0,0,0,20
03/15/2006,LWB,WV,AEA,EN,Federal Contract Tower,0,4,6,0,10,0,0,25,0,25,0,4,31,0,35,0,0,0,35
03/16/2006,LWB,WV,AEA,EN,Federal Contract Tower,0,6,3,0,9,0,0,20,0,20,0,6,23,0,29,0,0,0,29
03/17/2006,LWB,WV,AEA,EN,Federal Contract Tower,0,8,12,0,20,0,0,6,0,6,0,8,18,0,26,0,0,0,26
03/18/2006,LWB,WV,AEA,EN,Federal Contract Tower,0,2,7,2,11,0,0,19,0,19,0,2,26,2,30,0,0,0,30
03/19/2006,LWB,WV,AEA,EN,Federal Contract Tower,0,5,10,0,15,0,0,7,0,7,0,5,17,0,22,0,0,0,22
03/20/2006,LWB,WV,AEA,EN,Federal Contract Tower,0,8,9,0,17,0,0,36,0,36,0,8,45,0,53,14,0,14,67
03/21/2006,LWB,WV,AEA,EN,Federal Contract Tower,0,6,10,0,16,0,0,0,0,0,0,6,10,0,16,0,0,0,16
03/22/2006,LWB,WV,AEA,EN,Federal Contract Tower,0,6,7,0,13,0,0,2,0,2,0,6,9,0,15,0,0,0,15
03/23/2006,LWB,WV,AEA,EN,Federal Contract Tower,2,8,15,0,25,0,0,26,0,26,2,8,41,0,51,10,0,10,61
03/24/2006,LWB,WV,AEA,EN,Federal Contract Tower,0,9,7,0,16,0,0,0,0,0,0,9,7,0,16,0,0,0,16
03/25/2006,LWB,WV,AEA,EN,Federal Contract Tower,0,5,5,0,10,0,0,0,0,0,0,5,5,0,10,0,0,0,10
03/26/2006,LWB,WV,AEA,EN,Federal Contract Tower,0,6,14,0,20,0,0,4,0,4,0,6,18,0,24,20,0,20,44
03/27/2006,LWB,WV,AEA,EN,Federal Contract Tower,0,10,9,0,19,0,0,16,0,16,0,10,25,0,35,182,0,182,217
03/28/2006,LWB,WV,AEA,EN,Federal Contract Tower,0,2,16,0,18,0,0,6,0,6,0,2,22,0,24,0,0,0,24
03/29/2006,LWB,WV,AEA,EN,Federal Contract Tower,0,8,7,0,15,0,0,28,4,32,0,8,35,4,47,0,0,0,47
03/30/2006,LWB,WV,AEA,EN,Federal Contract Tower,0,10,12,0,22,0,0,28,2,30,0,10,40,2,52,10,0,10,62
03/31/2006,LWB,WV,AEA,EN,Federal Contract Tower,0,8,10,0,18,0,0,17,0,17,0,8,27,0,35,0,0,0,35
04/01/2006,LWB,WV,AEA,EN,Federal Contract Tower,0,7,5,0,12,0,0,14,0,14,0,7,19,0,26,0,0,0,26
04/02/2006,LWB,WV,AEA,EN,Federal Contract Tower,0,10,11,0,21,0,0,32,0,32,0,10,43,0,53,180,0,180,233
04/03/2006,LWB,WV,AEA,EN,Federal Contract Tower,2,6,6,0,14,0,0,7,0,7,2,6,13,0,21,0,0,0,21
04/04/2006,LWB,WV,AEA,EN,Federal Contract Tower,0,5,13,0,18,0,0,4,2,6,0,5,17,2,24,0,0,0,24
04/05/2006,LWB,WV,AEA,EN,Federal Contract Tower,0,6,6,0,12,0,0,3,0,3,0,6,9,0,15,0,0,0,15
04/06/2006,LWB,WV,AEA,EN,Federal Contract Tower,0,8,8,0,16,0,0,80,6,86,0,8,88,6,102,152,0,152,254
04/07/2006,LWB,WV,AEA,EN,Federal Contract Tower,0,10,13,2,25,0,0,10,2,12,0,10,23,4,37,10,10,20,57
04/08/2006,LWB,WV,AEA,EN,Federal Contract Tower,0,3,8,0,11,0,0,1,0,1,0,3,9,0,12,0,0,0,12
04/09/2006,LWB,WV,AEA,EN,Federal Contract Tower,0,10,15,0,25,0,0,37,0,37,0,10,52,0,62,14,0,14,76
04/10/2006,LWB,WV,AEA,EN,Federal Contract Tower,0,11,5,0,16,0,0,43,0,43,0,11,48,0,59,10,0,10,69
04/11/2006,LWB,WV,AEA,EN,Federal Contract Tower,0,4,4,0,8,0,0,38,0,38,0,4,42,0,46,174,0,174,220
04/12/2006,LWB,WV,AEA,EN,Federal Contract Tower,0,8,13,0,21,0,0,11,0,11,0,8,24,0,32,0,0,0,32
04/13/2006,LWB,WV,AEA,EN,Federal Contract Tower,0,13,7,0,20,0,0,6,0,6,0,13,13,0,26,4,0,4,30
04/14/2006,LWB,WV,AEA,EN,Federal Contract Tower,0,15,13,0,28,0,0,6,0,6,0,15,19,0,34,0,0,0,34
04/15/2006,LWB,WV,AEA,EN,Federal Contract Tower,0,3,10,0,13,0,0,17,0,17,0,3,27,0,30,0,0,0,30
04/16/2006,LWB,WV,AEA,EN,Federal Contract Tower,0,18,14,0,32,0,0,24,0,24,0,18,38,0,56,156,0,156,212
04/17/2006,LWB,WV,AEA,EN,Federal Contract Tower,2,10,11,0,23,0,0,1,0,1,2,10,12,0,24,0,0,0,24
04/18/2006,LWB,WV,AEA,EN,Federal Contract Tower,0,2,3,0,5,0,0,21,0,21,0,2,24,0,26,178,0,178,204
04/19/2006,LWB,WV,AEA,EN,Federal Contract Tower,4,6,14,0,24,0,0,25,30,55,4,6,39,30,79,160,0,160,239
04/20/2006,LWB,WV,AEA,EN,Federal Contract Tower,8,10,9,0,27,0,0,16,0,16,8,10,25,0,43,162,0,162,205
04/21/2006,LWB,WV,AEA,EN,Federal Contract Tower,4,9,10,0,23,0,0,6,0,6,4,9,16,0,29,16,0,16,45
04/22/2006,LWB,WV,AEA,EN,Federal Contract Tower,4,6,8,0,18,0,0,0,0,0,4,6,8,0,18,0,0,0,18
04/23/2006,LWB,WV,AEA,EN,Federal Contract Tower,7,6,9,0,22,0,0,5,0,5,7,6,14,0,27,0,0,0,27
04/24/2006,LWB,WV,AEA,EN,Federal Contract Tower,4,9,6,0,19,0,0,16,0,16,4,9,22,0,35,0,0,0,35
04/25/2006,LWB,WV,AEA,EN,Federal Contract Tower,4,6,8,0,18,0,0,4,0,4,4,6,12,0,22,0,0,0,22
04/26/2006,LWB,WV,AEA,EN,Federal Contract Tower,4,13,14,0,31,0,0,0,0,0,4,13,14,0,31,0,0,0,31
04/27/2006,LWB,WV,AEA,EN,Federal Contract Tower,4,8,15,0,27,0,0,46,0,46,4,8,61,0,73,176,0,176,249
04/28/2006,LWB,WV,AEA,EN,Federal Contract Tower,4,12,9,4,29,0,0,26,4,30,4,12,35,8,59,4,15,19,78
04/29/2006,LWB,WV,AEA,EN,Federal Contract Tower,4,2,6,0,12,0,0,39,0,39,4,2,45,0,51,176,0,176,227
04/30/2006,LWB,WV,AEA,EN,Federal Contract Tower,4,9,20,0,33,0,0,22,0,22,4,9,42,0,55,24,0,24,79
05/01/2006,LWB,WV,AEA,EN,Federal Contract Tower,6,11,6,2,25,0,0,20,0,20,6,11,26,2,45,0,0,0,45
05/02/2006,LWB,WV,AEA,EN,Federal Contract Tower,4,10,10,0,24,0,0,34,0,34,4,10,44,0,58,24,0,24,82
05/03/2006,LWB,WV,AEA,EN,Federal Contract Tower,4,8,10,0,22,0,0,7,0,7,4,8,17,0,29,0,0,0,29
05/04/2006,LWB,WV,AEA,EN,Federal Contract Tower,4,11,11,0,26,0,2,9,2,13,4,13,20,2,39,160,0,160,199
05/05/2006,LWB,WV,AEA,EN,Federal Contract Tower,4,9,10,2,25,0,0,5,0,5,4,9,15,2,30,0,0,0,30
05/06/2006,LWB,WV,AEA,EN,Federal Contract Tower,4,8,5,0,17,0,2,18,0,20,4,10,23,0,37,156,0,156,193
05/07/2006,LWB,WV,AEA,EN,Federal Contract Tower,6,12,31,0,49,0,0,0,0,0,6,12,31,0,49,0,0,0,49
05/08/2006,LWB,WV,AEA,EN,Federal Contract Tower,4,6,19,0,29,0,0,1,0,1,4,6,20,0,30,0,0,0,30
05/09/2006,LWB,WV,AEA,EN,Federal Contract Tower,4,8,29,5,46,0,0,42,1,43,4,8,71,6,89,166,0,166,255
05/10/2006,LWB,WV,AEA,EN,Federal Contract Tower,4,14,42,3,63,0,0,9,0,9,4,14,51,3,72,0,12,12,84
05/11/2006,LWB,WV,AEA,EN,Federal Contract Tower,4,19,21,0,44,0,0,19,0,19,4,19,40,0,63,0,0,0,63
05/12/2006,LWB,WV,AEA,EN,Federal Contract Tower,4,14,24,0,42,0,0,9,0,9,4,14,33,0,51,0,0,0,51
05/13/2006,LWB,WV,AEA,EN,Federal Contract Tower,4,7,9,0,20,0,0,7,0,7,4,7,16,0,27,0,0,0,27
05/14/2006,LWB,WV,AEA,EN,Federal Contract Tower,4,10,9,0,23,2,2,2,0,6,6,12,11,0,29,0,0,0,29
05/15/2006,LWB,WV,AEA,EN,Federal Contract Tower,4,8,1,0,13,0,0,0,0,0,4,8,1,0,13,0,0,0,13
05/16/2006,LWB,WV,AEA,EN,Federal Contract Tower,4,7,17,0,28,0,0,5,0,5,4,7,22,0,33,0,0,0,33
05/17/2006,LWB,WV,AEA,EN,Federal Contract Tower,4,9,22,2,37,0,0,8,0,8,4,9,30,2,45,0,0,0,45
05/18/2006,LWB,WV,AEA,EN,Federal Contract Tower,4,13,34,0,51,0,0,37,0,37,4,13,71,0,88,0,0,0,88
05/19/2006,LWB,WV,AEA,EN,Federal Contract Tower,6,9,14,0,29,2,0,10,0,12,8,9,24,0,41,0,0,0,41
05/20/2006,LWB,WV,AEA,EN,Federal Contract Tower,4,6,10,0,20,0,0,19,0,19,4,6,29,0,39,0,0,0,39
05/21/2006,LWB,WV,AEA,EN,Federal Contract Tower,4,10,26,0,40,0,2,9,0,11,4,12,35,0,51,0,0,0,51
05/22/2006,LWB,WV,AEA,EN,Federal Contract Tower,4,17,5,0,26,0,0,5,0,5,4,17,10,0,31,0,0,0,31
05/23/2006,LWB,WV,AEA,EN,Federal Contract Tower,4,14,22,0,40,0,0,26,0,26,4,14,48,0,66,10,0,10,76
05/24/2006,LWB,WV,AEA,EN,Federal Contract Tower,4,19,12,0,35,0,0,41,10,51,4,19,53,10,86,0,0,0,86
05/25/2006,LWB,WV,AEA,EN,Federal Contract Tower,4,12,23,0,39,0,0,10,0,10,4,12,33,0,49,20,0,20,69
05/26/2006,LWB,WV,AEA,EN,Federal Contract Tower,4,20,19,0,43,0,0,17,0,17,4,20,36,0,60,6,0,6,66
05/27/2006,LWB,WV,AEA,EN,Federal Contract Tower,7,8,20,0,35,0,0,23,0,23,7,8,43,0,58,182,0,182,240
05/28/2006,LWB,WV,AEA,EN,Federal Contract Tower,4,11,15,0,30,0,2,70,0,72,4,13,85,0,102,192,0,192,294
05/29/2006,LWB,WV,AEA,EN,Federal Contract Tower,4,16,25,0,45,0,0,31,0,31,4,16,56,0,76,6,0,6,82
05/30/2006,LWB,WV,AEA,EN,Federal Contract Tower,6,13,17,0,36,4,2,15,0,21,10,15,32,0,57,12,0,12,69
05/31/2006,LWB,WV,AEA,EN,Federal Contract Tower,4,13,24,0,41,0,0,12,0,12,4,13,36,0,53,172,0,172,225
06/01/2006,LWB,WV,AEA,EN,Federal Contract Tower,4,15,6,0,25,0,0,15,0,15,4,15,21,0,40,0,0,0,40
06/02/2006,LWB,WV,AEA,EN,Federal Contract Tower,4,10,14,0,28,0,0,2,0,2,4,10,16,0,30,166,0,166,196
06/03/2006,LWB,WV,AEA,EN,Federal Contract Tower,4,4,17,0,25,0,0,3,0,3,4,4,20,0,28,0,0,0,28
06/04/2006,LWB,WV,AEA,EN,Federal Contract Tower,4,12,11,0,27,0,0,10,0,10,4,12,21,0,37,0,0,0,37
06/05/2006,LWB,WV,AEA,EN,Federal Contract Tower,4,11,13,0,28,0,0,6,0,6,4,11,19,0,34,0,0,0,34
06/06/2006,LWB,WV,AEA,EN,Federal Contract Tower,3,20,58,0,81,0,0,12,0,12,3,20,70,0,93,6,0,6,99
06/07/2006,LWB,WV,AEA,EN,Federal Contract Tower,4,22,32,0,58,0,0,45,4,49,4,22,77,4,107,12,0,12,119
06/08/2006,LWB,WV,AEA,EN,Federal Contract Tower,4,13,38,2,57,0,0,14,0,14,4,13,52,2,71,6,12,18,89
06/09/2006,LWB,WV,AEA,EN,Federal Contract Tower,6,36,126,0,168,0,0,21,0,21,6,36,147,0,189,0,0,0,189
06/10/2006,LWB,WV,AEA,EN,Federal Contract Tower,4,13,33,0,50,0,0,15,0,15,4,13,48,0,65,0,0,0,65
06/11/2006,LWB,WV,AEA,EN,Federal Contract Tower,4,14,42,0,60,0,0,6,0,6,4,14,48,0,66,0,0,0,66
06/12/2006,LWB,WV,AEA,EN,Federal Contract Tower,4,20,63,0,87,0,0,6,0,6,4,20,69,0,93,24,0,24,117
06/13/2006,LWB,WV,AEA,EN,Federal Contract Tower,4,7,8,0,19,0,0,22,0,22,4,7,30,0,41,34,0,34,75
06/14/2006,LWB,WV,AEA,EN,Federal Contract Tower,4,15,19,2,40,0,0,19,0,19,4,15,38,2,59,4,0,4,63
06/15/2006,LWB,WV,AEA,EN,Federal Contract Tower,4,12,17,0,33,0,0,15,0,15,4,12,32,0,48,164,0,164,212
06/16/2006,LWB,WV,AEA,EN,Federal Contract Tower,4,10,11,0,25,0,0,29,0,29,4,10,40,0,54,26,0,26,80
06/17/2006,LWB,WV,AEA,EN,Federal Contract Tower,4,8,9,0,21,0,0,17,0,17,4,8,26,0,38,182,0,182,220
06/18/2006,LWB,WV,AEA,EN,Federal Contract Tower,4,15,12,0,31,0,0,33,0,33,4,15,45,0,64,158,0,158,222
06/19/2006,LWB,WV,AEA,EN,Federal Contract Tower,4,11,11,0,26,0,0,5,0,5,4,11,16,0,31,0,0,0,31
06/20/2006,LWB,WV,AEA,EN,Federal Contract Tower,4,5,7,2,18,0,0,9,4,13,4,5,16,6,31,134,14,148,179
06/21/2006,LWB,WV,AEA,EN,Federal Contract Tower,4,19,13,0,36,0,0,2,0,2,4,19,15,0,38,0,0,0,38
06/22/2006,LWB,WV,AEA,EN,Federal Contract Tower,4,9,16,0,29,0,0,34,0,34,4,9,50,0,63,176,0,176,239
06/23/2006,LWB,WV,AEA,EN,Federal Contract Tower,4,9,24,0,37,0,0,7,0,7,4,9,31,0,44,0,0,0,44
06/24/2006,LWB,WV,AEA,EN,Federal Contract Tower,4,6,10,0,20,0,0,0,0,0,4,6,10,0,20,0,0,0,20
06/25/2006,LWB,WV,AEA,EN,Federal Contract Tower,4,17,18,0,39,0,0,2,0,2,4,17,20,0,41,0,0,0,41
06/26/2006,LWB,WV,AEA,EN,Federal Contract Tower,4,11,15,0,30,0,0,4,0,4,4,11,19,0,34,4,0,4,38
06/27/2006,LWB,WV,AEA,EN,Federal Contract Tower,4,6,12,0,22,0,0,5,0,5,4,6,17,0,27,18,0,18,45
06/28/2006,LWB,WV,AEA,EN,Federal Contract Tower,6,8,21,0,35,0,0,12,0,12,6,8,33,0,47,16,0,16,63
06/29/2006,LWB,WV,AEA,EN,Federal Contract Tower,4,11,10,2,27,0,2,25,2,29,4,13,35,4,56,168,6,174,230
06/30/2006,LWB,WV,AEA,EN,Federal Contract Tower,4,16,9,0,29,0,0,37,0,37,4,16,46,0,66,10,0,10,76
07/01/2006,LWB,WV,AEA,EN,Federal Contract Tower,4,4,10,0,18,0,0,9,2,11,4,4,19,2,29,0,0,0,29
07/02/2006,LWB,WV,AEA,EN,Federal Contract Tower,4,8,3,0,15,0,0,12,0,12,4,8,15,0,27,0,0,0,27
07/03/2006,LWB,WV,AEA,EN,Federal Contract Tower,4,6,11,0,21,0,0,20,0,20,4,6,31,0,41,22,0,22,63
07/04/2006,LWB,WV,AEA,EN,Federal Contract Tower,4,10,2,0,16,0,0,27,0,27,4,10,29,0,43,0,0,0,43
07/05/2006,LWB,WV,AEA,EN,Federal Contract Tower,4,7,11,0,22,0,0,5,0,5,4,7,16,0,27,0,0,0,27
07/06/2006,LWB,WV,AEA,EN,Federal Contract Tower,4,10,13,2,29,0,0,5,2,7,4,10,18,4,36,0,12,12,48
07/07/2006,LWB,WV,AEA,EN,Federal Contract Tower,4,8,14,0,26,0,0,42,0,42,4,8,56,0,68,40,0,40,108
07/08/2006,LWB,WV,AEA,EN,Federal Contract Tower,4,2,8,0,14,0,0,40,0,40,4,2,48,0,54,0,0,0,54
07/09/2006,LWB,WV,AEA,EN,Federal Contract Tower,4,7,30,0,41,0,0,33,4,37,4,7,63,4,78,0,0,0,78
07/10/2006,LWB,WV,AEA,EN,Federal Contract Tower,4,8,11,4,27,0,0,9,0,9,4,8,20,4,36,0,0,0,36
07/11/2006,LWB,WV,AEA,EN,Federal Contract Tower,4,6,6,0,16,0,0,11,14,25,4,6,17,14,41,0,0,0,41
07/12/2006,LWB,WV,AEA,EN,Federal Contract Tower,4,10,28,0,42,0,0,15,0,15,4,10,43,0,57,0,0,0,57
07/13/2006,LWB,WV,AEA,EN,Federal Contract Tower,4,12,24,0,40,0,0,17,0,17,4,12,41,0,57,0,0,0,57
07/14/2006,LWB,WV,AEA,EN,Federal Contract Tower,4,8,22,0,34,0,0,6,0,6,4,8,28,0,40,0,0,0,40
07/15/2006,LWB,WV,AEA,EN,Federal Contract Tower,4,2,20,0,26,0,0,6,0,6,4,2,26,0,32,0,0,0,32
07/16/2006,LWB,WV,AEA,EN,Federal Contract Tower,4,10,27,0,41,0,0,8,0,8,4,10,35,0,49,0,0,0,49
07/17/2006,LWB,WV,AEA,EN,Federal Contract Tower,4,10,18,0,32,0,0,25,0,25,4,10,43,0,57,42,0,42,99
07/18/2006,LWB,WV,AEA,EN,Federal Contract Tower,4,10,28,0,42,0,4,7,0,11,4,14,35,0,53,4,0,4,57
07/19/2006,LWB,WV,AEA,EN,Federal Contract Tower,4,11,25,0,40,0,0,24,0,24,4,11,49,0,64,0,0,0,64
07/20/2006,LWB,WV,AEA,EN,Federal Contract Tower,4,10,18,0,32,0,0,15,0,15,4,10,33,0,47,0,0,0,47
07/21/2006,LWB,WV,AEA,EN,Federal Contract Tower,4,8,31,0,43,0,0,15,0,15,4,8,46,0,58,0,0,0,58
07/22/2006,LWB,WV,AEA,EN,Federal Contract Tower,4,10,15,0,29,0,0,6,0,6,4,10,21,0,35,0,0,0,35
07/23/2006,LWB,WV,AEA,EN,Federal Contract Tower,4,9,34,0,47,0,6,19,0,25,4,15,53,0,72,2,0,2,74
07/24/2006,LWB,WV,AEA,EN,Federal Contract Tower,4,18,16,0,38,0,0,17,0,17,4,18,33,0,55,0,0,0,55
07/25/2006,LWB,WV,AEA,EN,Federal Contract Tower,4,12,30,2,48,0,0,19,0,19,4,12,49,2,67,0,0,0,67
07/26/2006,LWB,WV,AEA,EN,Federal Contract Tower,4,17,22,0,43,0,0,19,0,19,4,17,41,0,62,156,0,156,218
07/27/2006,LWB,WV,AEA,EN,Federal Contract Tower,4,9,18,0,31,0,0,12,0,12,4,9,30,0,43,4,0,4,47
07/28/2006,LWB,WV,AEA,EN,Federal Contract Tower,4,9,12,0,25,0,0,12,0,12,4,9,24,0,37,150,0,150,187
07/29/2006,LWB,WV,AEA,EN,Federal Contract Tower,4,5,10,0,19,0,0,2,0,2,4,5,12,0,21,0,0,0,21
07/30/2006,LWB,WV,AEA,EN,Federal Contract Tower,4,8,3,0,15,0,0,10,0,10,4,8,13,0,25,0,0,0,25
07/31/2006,LWB,WV,AEA,EN,Federal Contract Tower,4,8,8,0,20,0,0,6,0,6,4,8,14,0,26,0,0,0,26
08/01/2006,LWB,WV,AEA,EN,Federal Contract Tower,4,7,9,0,20,0,0,10,0,10,4,7,19,0,30,0,0,0,30
08/02/2006,LWB,WV,AEA,EN,Federal Contract Tower,4,8,18,0,30,0,0,4,4,8,4,8,22,4,38,0,0,0,38
08/03/2006,LWB,WV,AEA,EN,Federal Contract Tower,4,15,17,0,36,0,0,40,0,40,4,15,57,0,76,0,0,0,76
08/04/2006,LWB,WV,AEA,EN,Federal Contract Tower,6,12,11,0,29,0,0,9,0,9,6,12,20,0,38,8,0,8,46
08/05/2006,LWB,WV,AEA,EN,Federal Contract Tower,4,8,13,0,25,0,2,31,0,33,4,10,44,0,58,0,0,0,58
08/06/2006,LWB,WV,AEA,EN,Federal Contract Tower,4,12,28,0,44,0,0,37,0,37,4,12,65,0,81,0,0,0,81
08/07/2006,LWB,WV,AEA,EN,Federal Contract Tower,4,8,6,0,18,0,0,6,0,6,4,8,12,0,24,0,0,0,24
08/08/2006,LWB,WV,AEA,EN,Federal Contract Tower,4,7,26,0,37,0,0,2,0,2,4,7,28,0,39,0,0,0,39
08/09/2006,LWB,WV,AEA,EN,Federal Contract Tower,4,11,10,0,25,0,0,35,0,35,4,11,45,0,60,10,0,10,70
08/10/2006,LWB,WV,AEA,EN,Federal Contract Tower,4,6,12,0,22,0,0,13,4,17,4,6,25,4,39,0,0,0,39
08/11/2006,LWB,WV,AEA,EN,Federal Contract Tower,4,8,10,0,22,0,0,7,0,7,4,8,17,0,29,0,0,0,29
08/12/2006,LWB,WV,AEA,EN,Federal Contract Tower,4,5,4,0,13,0,0,26,0,26,4,5,30,0,39,0,0,0,39
08/13/2006,LWB,WV,AEA,EN,Federal Contract Tower,4,6,14,0,24,0,0,39,0,39,4,6,53,0,63,0,0,0,63
08/14/2006,LWB,WV,AEA,EN,Federal Contract Tower,4,9,23,0,36,0,0,19,0,19,4,9,42,0,55,10,0,10,65
08/15/2006,LWB,WV,AEA,EN,Federal Contract Tower,4,8,15,0,27,0,0,17,2,19,4,8,32,2,46,0,0,0,46
08/16/2006,LWB,WV,AEA,EN,Federal Contract Tower,4,14,18,0,36,0,0,9,0,9,4,14,27,0,45,0,0,0,45
08/17/2006,LWB,WV,AEA,EN,Federal Contract Tower,4,11,17,0,32,0,0,63,0,63,4,11,80,0,95,12,0,12,107
08/18/2006,LWB,WV,AEA,EN,Federal Contract Tower,6,8,16,0,30,0,0,11,0,11,6,8,27,0,41,6,0,6,47
08/19/2006,LWB,WV,AEA,EN,Federal Contract Tower,4,3,17,0,24,0,0,10,0,10,4,3,27,0,34,0,0,0,34
08/20/2006,LWB,WV,AEA,EN,Federal Contract Tower,4,9,21,0,34,0,0,11,0,11,4,9,32,0,45,0,0,0,45
08/21/2006,LWB,WV,AEA,EN,Federal Contract Tower,4,4,9,0,17,0,0,4,0,4,4,4,13,0,21,0,0,0,21
08/22/2006,LWB,WV,AEA,EN,Federal Contract Tower,4,8,18,0,30,0,0,18,0,18,4,8,36,0,48,160,0,160,208
08/23/2006,LWB,WV,AEA,EN,Federal Contract Tower,4,8,10,0,22,0,0,39,0,39,4,8,49,0,61,162,0,162,223
08/24/2006,LWB,WV,AEA,EN,Federal Contract Tower,4,8,21,0,33,0,0,30,0,30,4,8,51,0,63,154,0,154,217
08/25/2006,LWB,WV,AEA,EN,Federal Contract Tower,4,11,23,0,38,0,0,27,0,27,4,11,50,0,65,158,0,158,223
08/26/2006,LWB,WV,AEA,EN,Federal Contract Tower,4,6,10,0,20,0,0,14,1,15,4,6,24,1,35,2,154,156,191
08/27/2006,LWB,WV,AEA,EN,Federal Contract Tower,4,15,25,0,44,0,0,16,0,16,4,15,41,0,60,156,0,156,216
08/28/2006,LWB,WV,AEA,EN,Federal Contract Tower,4,5,19,0,28,0,0,19,0,19,4,5,38,0,47,150,0,150,197
08/29/2006,LWB,WV,AEA,EN,Federal Contract Tower,4,13,11,0,28,0,0,3,4,7,4,13,14,4,35,0,154,154,189
08/30/2006,LWB,WV,AEA,EN,Federal Contract Tower,5,11,20,0,36,0,0,16,4,20,5,11,36,4,56,0,160,160,216
08/31/2006,LWB,WV,AEA,EN,Federal Contract Tower,5,17,29,6,57,0,0,1,2,3,5,17,30,8,60,0,0,0,60
09/01/2006,LWB,WV,AEA,EN,Federal Contract Tower,6,10,14,0,30,0,2,0,0,2,6,12,14,0,32,0,0,0,32
09/02/2006,LWB,WV,AEA,EN,Federal Contract Tower,4,8,10,0,22,0,0,24,6,30,4,8,34,6,52,132,160,292,344
09/03/2006,LWB,WV,AEA,EN,Federal Contract Tower,4,7,19,0,30,0,0,29,0,29,4,7,48,0,59,174,0,174,233
09/04/2006,LWB,WV,AEA,EN,Federal Contract Tower,4,10,26,0,40,0,0,0,0,0,4,10,26,0,40,0,0,0,40
09/05/2006,LWB,WV,AEA,EN,Federal Contract Tower,4,8,19,0,31,0,0,14,0,14,4,8,33,0,45,150,0,150,195
09/06/2006,LWB,WV,AEA,EN,Federal Contract Tower,4,10,19,0,33,0,0,5,0,5,4,10,24,0,38,0,0,0,38
09/07/2006,LWB,WV,AEA,EN,Federal Contract Tower,4,13,15,0,32,0,0,17,4,21,4,13,32,4,53,0,164,164,217
09/08/2006,LWB,WV,AEA,EN,Federal Contract Tower,4,6,29,0,39,0,0,26,0,26,4,6,55,0,65,168,0,168,233
09/09/2006,LWB,WV,AEA,EN,Federal Contract Tower,4,4,19,0,27,0,0,32,0,32,4,4,51,0,59,162,0,162,221
09/10/2006,LWB,WV,AEA,EN,Federal Contract Tower,4,15,15,0,34,0,0,43,0,43,4,15,58,0,77,166,0,166,243
09/11/2006,LWB,WV,AEA,EN,Federal Contract Tower,4,4,16,2,26,0,0,8,0,8,4,4,24,2,34,170,0,170,204
09/12/2006,LWB,WV,AEA,EN,Federal Contract Tower,4,12,33,0,49,0,0,14,0,14,4,12,47,0,63,0,0,0,63
09/13/2006,LWB,WV,AEA,EN,Federal Contract Tower,4,9,10,0,23,0,0,0,0,0,4,9,10,0,23,0,0,0,23
09/14/2006,LWB,WV,AEA,EN,Federal Contract Tower,12,4,11,2,29,0,0,17,0,17,12,4,28,2,46,156,0,156,202
09/15/2006,LWB,WV,AEA,EN,Federal Contract Tower,6,6,8,0,20,0,0,15,0,15,6,6,23,0,35,162,0,162,197
09/16/2006,LWB,WV,AEA,EN,Federal Contract Tower,4,3,14,0,21,0,0,11,0,11,4,3,25,0,32,160,0,160,192
09/17/2006,LWB,WV,AEA,EN,Federal Contract Tower,15,9,35,0,59,0,0,25,0,25,15,9,60,0,84,166,0,166,250
09/18/2006,LWB,WV,AEA,EN,Federal Contract Tower,4,9,12,0,25,0,0,13,0,13,4,9,25,0,38,162,0,162,200
09/19/2006,LWB,WV,AEA,EN,Federal Contract Tower,4,7,16,0,27,0,0,19,0,19,4,7,35,0,46,160,0,160,206
09/20/2006,LWB,WV,AEA,EN,Federal Contract Tower,4,8,34,0,46,0,0,8,0,8,4,8,42,0,54,0,0,0,54
09/21/2006,LWB,WV,AEA,EN,Federal Contract Tower,4,23,49,6,82,0,0,27,12,39,4,23,76,18,121,170,20,190,311
09/22/2006,LWB,WV,AEA,EN,Federal Contract Tower,6,18,36,2,62,0,0,12,0,12,6,18,48,2,74,0,0,0,74
09/23/2006,LWB,WV,AEA,EN,Federal Contract Tower,4,8,21,0,33,0,0,16,0,16,4,8,37,0,49,158,0,158,207
09/24/2006,LWB,WV,AEA,EN,Federal Contract Tower,4,29,67,0,100,0,0,2,0,2,4,29,69,0,102,0,0,0,102
09/25/2006,LWB,WV,AEA,EN,Federal Contract Tower,4,13,22,0,39,0,0,30,2,32,4,13,52,2,71,162,0,162,233
09/26/2006,LWB,WV,AEA,EN,Federal Contract Tower,4,10,9,0,23,0,0,28,0,28,4,10,37,0,51,10,0,10,61
09/27/2006,LWB,WV,AEA,EN,Federal Contract Tower,4,13,29,0,46,0,0,11,0,11,4,13,40,0,57,170,0,170,227
09/28/2006,LWB,WV,AEA,EN,Federal Contract Tower,4,15,28,0,47,0,0,10,0,10,4,15,38,0,57,30,0,30,87
09/29/2006,LWB,WV,AEA,EN,Federal Contract Tower,4,13,19,0,36,0,0,13,0,13,4,13,32,0,49,162,0,162,211
09/30/2006,LWB,WV,AEA,EN,Federal Contract Tower,4,6,14,0,24,0,0,16,0,16,4,6,30,0,40,170,0,170,210
10/01/2006,LWB,WV,AEA,EN,Federal Contract Tower,4,16,24,0,44,0,0,10,0,10,4,16,34,0,54,174,0,174,228
10/02/2006,LWB,WV,AEA,EN,Federal Contract Tower,4,8,22,0,34,0,0,21,2,23,4,8,43,2,57,0,0,0,57
10/03/2006,LWB,WV,AEA,EN,Federal Contract Tower,4,12,19,0,35,0,0,9,0,9,4,12,28,0,44,10,0,10,54
10/04/2006,LWB,WV,AEA,EN,Federal Contract Tower,4,6,28,0,38,0,0,12,0,12,4,6,40,0,50,0,0,0,50
10/05/2006,LWB,WV,AEA,EN,Federal Contract Tower,6,5,16,0,27,0,0,2,0,2,6,5,18,0,29,0,0,0,29
10/06/2006,LWB,WV,AEA,EN,Federal Contract Tower,4,30,74,0,108,0,0,0,0,0,4,30,74,0,108,0,0,0,108
10/07/2006,LWB,WV,AEA,EN,Federal Contract Tower,3,42,53,0,98,0,0,2,0,2,3,42,55,0,100,0,0,0,100
10/08/2006,LWB,WV,AEA,EN,Federal Contract Tower,4,21,41,0,66,0,0,10,0,10,4,21,51,0,76,10,0,10,86
10/09/2006,LWB,WV,AEA,EN,Federal Contract Tower,4,20,19,0,43,0,0,34,0,34,4,20,53,0,77,0,0,0,77
10/10/2006,LWB,WV,AEA,EN,Federal Contract Tower,4,37,54,0,95,0,0,12,0,12,4,37,66,0,107,170,0,170,277
10/11/2006,LWB,WV,AEA,EN,Federal Contract Tower,6,18,36,0,60,0,0,3,0,3,6,18,39,0,63,0,0,0,63
10/12/2006,LWB,WV,AEA,EN,Federal Contract Tower,8,21,39,0,68,0,0,15,0,15,8,21,54,0,83,0,0,0,83
10/13/2006,LWB,WV,AEA,EN,Federal Contract Tower,4,13,33,2,52,0,0,13,0,13,4,13,46,2,65,0,6,6,71
10/14/2006,LWB,WV,AEA,EN,Federal Contract Tower,4,6,15,0,25,0,0,39,0,39,4,6,54,0,64,10,0,10,74
10/15/2006,LWB,WV,AEA,EN,Federal Contract Tower,10,28,60,0,98,0,0,50,0,50,10,28,110,0,148,18,0,18,166
10/16/2006,LWB,WV,AEA,EN,Federal Contract Tower,4,6,14,0,24,0,0,15,0,15,4,6,29,0,39,0,0,0,39
10/17/2006,LWB,WV,AEA,EN,Federal Contract Tower,4,8,25,0,37,0,0,0,0,0,4,8,25,0,37,0,0,0,37
10/18/2006,LWB,WV,AEA,EN,Federal Contract Tower,4,8,13,0,25,0,0,18,2,20,4,8,31,2,45,164,0,164,209
10/19/2006,LWB,WV,AEA,EN,Federal Contract Tower,4,2,13,0,19,0,0,9,0,9,4,2,22,0,28,10,0,10,38
10/20/2006,LWB,WV,AEA,EN,Federal Contract Tower,6,6,9,0,21,0,0,0,0,0,6,6,9,0,21,0,0,0,21
10/21/2006,LWB,WV,AEA,EN,Federal Contract Tower,4,4,16,0,24,0,0,33,0,33,4,4,49,0,57,0,0,0,57
10/22/2006,LWB,WV,AEA,EN,Federal Contract Tower,4,10,15,0,29,0,0,4,0,4,4,10,19,0,33,0,0,0,33
10/23/2006,LWB,WV,AEA,EN,Federal Contract Tower,4,11,11,0,26,0,0,2,0,2,4,11,13,0,28,0,0,0,28
10/24/2006,LWB,WV,AEA,EN,Federal Contract Tower,4,7,8,0,19,0,0,2,0,2,4,7,10,0,21,0,0,0,21
10/25/2006,LWB,WV,AEA,EN,Federal Contract Tower,4,12,21,0,37,0,0,4,0,4,4,12,25,0,41,0,0,0,41
10/26/2006,LWB,WV,AEA,EN,Federal Contract Tower,4,7,19,0,30,0,0,9,0,9,4,7,28,0,39,6,0,6,45
10/27/2006,LWB,WV,AEA,EN,Federal Contract Tower,4,12,10,0,26,0,0,0,0,0,4,12,10,0,26,0,0,0,26
10/28/2006,LWB,WV,AEA,EN,Federal Contract Tower,4,5,7,0,16,0,0,0,0,0,4,5,7,0,16,0,0,0,16
10/29/2006,LWB,WV,AEA,EN,Federal Contract Tower,2,8,10,0,20,0,0,15,0,15,2,8,25,0,35,0,0,0,35
10/30/2006,LWB,WV,AEA,EN,Federal Contract Tower,0,5,6,2,13,0,0,42,2,44,0,5,48,4,57,0,34,34,91
10/31/2006,LWB,WV,AEA,EN,Federal Contract Tower,0,4,3,0,7,0,0,7,0,7,0,4,10,0,14,12,0,12,26
11/01/2006,LWB,WV,AEA,EN,Federal Contract Tower,2,6,9,2,19,0,0,9,4,13,2,6,18,6,32,0,0,0,32
11/02/2006,LWB,WV,AEA,EN,Federal Contract Tower,0,4,15,0,19,0,0,5,0,5,0,4,20,0,24,0,0,0,24
11/03/2006,LWB,WV,AEA,EN,Federal Contract Tower,0,10,18,0,28,0,0,11,0,11,0,10,29,0,39,6,0,6,45
11/04/2006,LWB,WV,AEA,EN,Federal Contract Tower,0,6,6,0,12,0,4,12,2,18,0,10,18,2,30,0,0,0,30
11/05/2006,LWB,WV,AEA,EN,Federal Contract Tower,0,6,17,0,23,0,0,37,0,37,0,6,54,0,60,0,0,0,60
11/06/2006,LWB,WV,AEA,EN,Federal Contract Tower,0,4,8,0,12,0,0,28,0,28,0,4,36,0,40,20,0,20,60
11/07/2006,LWB,WV,AEA,EN,Federal Contract Tower,0,8,7,0,15,0,0,2,0,2,0,8,9,0,17,2,0,2,19
11/08/2006,LWB,WV,AEA,EN,Federal Contract Tower,0,7,20,0,27,0,0,0,0,0,0,7,20,0,27,0,0,0,27
11/09/2006,LWB,WV,AEA,EN,Federal Contract Tower,0,7,19,0,26,0,0,10,0,10,0,7,29,0,36,166,0,166,202
11/10/2006,LWB,WV,AEA,EN,Federal Contract Tower,0,7,13,0,20,0,0,25,0,25,0,7,38,0,45,180,0,180,225
11/11/2006,LWB,WV,AEA,EN,Federal Contract Tower,0,6,14,0,20,0,4,2,0,6,0,10,16,0,26,0,0,0,26
11/12/2006,LWB,WV,AEA,EN,Federal Contract Tower,0,7,29,0,36,0,0,9,0,9,0,7,38,0,45,0,0,0,45
11/13/2006,LWB,WV,AEA,EN,Federal Contract Tower,0,5,11,0,16,0,0,0,0,0,0,5,11,0,16,0,0,0,16
11/14/2006,LWB,WV,AEA,EN,Federal Contract Tower,0,6,13,0,19,0,0,10,0,10,0,6,23,0,29,24,0,24,53
11/15/2006,LWB,WV,AEA,EN,Federal Contract Tower,0,6,12,0,18,0,0,20,0,20,0,6,32,0,38,0,0,0,38
11/16/2006,LWB,WV,AEA,EN,Federal Contract Tower,0,5,6,0,11,0,0,0,0,0,0,5,6,0,11,0,0,0,11
11/17/2006,LWB,WV,AEA,EN,Federal Contract Tower,0,7,17,0,24,0,0,4,0,4,0,7,21,0,28,0,0,0,28
11/18/2006,LWB,WV,AEA,EN,Federal Contract Tower,0,4,5,0,9,0,0,30,0,30,0,4,35,0,39,36,0,36,75
11/19/2006,LWB,WV,AEA,EN,Federal Contract Tower,0,9,18,0,27,0,0,0,0,0,0,9,18,0,27,0,0,0,27
11/20/2006,LWB,WV,AEA,EN,Federal Contract Tower,0,4,5,0,9,0,0,3,0,3,0,4,8,0,12,0,0,0,12
11/21/2006,LWB,WV,AEA,EN,Federal Contract Tower,0,8,18,0,26,0,0,20,0,20,0,8,38,0,46,6,0,6,52
11/22/2006,LWB,WV,AEA,EN,Federal Contract Tower,0,8,28,0,36,0,0,8,0,8,0,8,36,0,44,2,0,2,46
11/23/2006,LWB,WV,AEA,EN,Federal Contract Tower,0,6,3,0,9,0,0,9,0,9,0,6,12,0,18,2,0,2,20
11/24/2006,LWB,WV,AEA,EN,Federal Contract Tower,0,4,5,0,9,0,0,32,0,32,0,4,37,0,41,10,0,10,51
11/25/2006,LWB,WV,AEA,EN,Federal Contract Tower,0,8,22,0,30,0,0,23,0,23,0,8,45,0,53,0,0,0,53
11/26/2006,LWB,WV,AEA,EN,Federal Contract Tower,0,11,29,0,40,0,0,76,0,76,0,11,105,0,116,20,0,20,136
11/27/2006,LWB,WV,AEA,EN,Federal Contract Tower,0,4,6,0,10,0,0,9,2,11,0,4,15,2,21,0,0,0,21
11/28/2006,LWB,WV,AEA,EN,Federal Contract Tower,0,4,12,0,16,0,0,9,0,9,0,4,21,0,25,180,0,180,205
11/29/2006,LWB,WV,AEA,EN,Federal Contract Tower,0,8,7,0,15,0,0,18,0,18,0,8,25,0,33,176,0,176,209
11/30/2006,LWB,WV,AEA,EN,Federal Contract Tower,0,6,14,0,20,0,0,2,0,2,0,6,16,0,22,0,0,0,22
12/01/2006,LWB,WV,AEA,EN,Federal Contract Tower,0,6,1,0,7,0,0,2,0,2,0,6,3,0,9,0,0,0,9
12/02/2006,LWB,WV,AEA,EN,Federal Contract Tower,0,4,6,0,10,0,0,12,0,12,0,4,18,0,22,10,0,10,32
12/03/2006,LWB,WV,AEA,EN,Federal Contract Tower,0,6,17,0,23,0,0,24,0,24,0,6,41,0,47,24,0,24,71
12/04/2006,LWB,WV,AEA,EN,Federal Contract Tower,0,4,16,0,20,0,0,3,0,3,0,4,19,0,23,0,0,0,23
12/05/2006,LWB,WV,AEA,EN,Federal Contract Tower,0,5,10,2,17,0,0,19,2,21,0,5,29,4,38,0,10,10,48
12/06/2006,LWB,WV,AEA,EN,Federal Contract Tower,0,6,8,2,16,0,0,23,0,23,0,6,31,2,39,0,0,0,39
12/07/2006,LWB,WV,AEA,EN,Federal Contract Tower,0,4,12,0,16,0,0,9,8,17,0,4,21,8,33,0,0,0,33
12/08/2006,LWB,WV,AEA,EN,Federal Contract Tower,0,4,8,3,15,0,0,15,0,15,0,4,23,3,30,0,0,0,30
12/09/2006,LWB,WV,AEA,EN,Federal Contract Tower,0,2,1,0,3,0,0,10,0,10,0,2,11,0,13,0,0,0,13
12/10/2006,LWB,WV,AEA,EN,Federal Contract Tower,0,6,7,0,13,0,4,19,0,23,0,10,26,0,36,12,0,12,48
12/11/2006,LWB,WV,AEA,EN,Federal Contract Tower,0,4,17,0,21,0,8,21,0,29,0,12,38,0,50,20,0,20,70
12/12/2006,LWB,WV,AEA,EN,Federal Contract Tower,0,12,8,0,20,0,0,13,0,13,0,12,21,0,33,24,0,24,57
12/13/2006,LWB,WV,AEA,EN,Federal Contract Tower,0,7,14,0,21,0,0,10,0,10,0,7,24,0,31,0,0,0,31
12/14/2006,LWB,WV,AEA,EN,Federal Contract Tower,2,5,4,0,11,0,0,10,2,12,2,5,14,2,23,0,0,0,23
12/15/2006,LWB,WV,AEA,EN,Federal Contract Tower,0,4,7,0,11,0,0,9,0,9,0,4,16,0,20,10,0,10,30
12/16/2006,LWB,WV,AEA,EN,Federal Contract Tower,0,2,11,0,13,0,0,25,2,27,0,2,36,2,40,18,0,18,58
12/17/2006,LWB,WV,AEA,EN,Federal Contract Tower,0,5,13,0,18,0,0,13,0,13,0,5,26,0,31,0,0,0,31
12/18/2006,LWB,WV,AEA,EN,Federal Contract Tower,0,6,10,0,16,0,0,2,0,2,0,6,12,0,18,0,0,0,18
12/19/2006,LWB,WV,AEA,EN,Federal Contract Tower,0,4,13,0,17,0,0,10,0,10,0,4,23,0,27,162,0,162,189
12/20/2006,LWB,WV,AEA,EN,Federal Contract Tower,0,6,1,0,7,0,0,27,0,27,0,6,28,0,34,172,0,172,206
12/21/2006,LWB,WV,AEA,EN,Federal Contract Tower,0,13,14,0,27,0,0,7,0,7,0,13,21,0,34,0,0,0,34
12/22/2006,LWB,WV,AEA,EN,Federal Contract Tower,0,6,6,0,12,0,0,0,0,0,0,6,6,0,12,0,0,0,12
12/23/2006,LWB,WV,AEA,EN,Federal Contract Tower,0,2,11,0,13,0,0,9,0,9,0,2,20,0,22,2,0,2,24
12/24/2006,LWB,WV,AEA,EN,Federal Contract Tower,0,4,3,0,7,0,0,40,0,40,0,4,43,0,47,0,0,0,47
12/25/2006,LWB,WV,AEA,EN,Federal Contract Tower,0,6,1,0,7,0,0,0,0,0,0,6,1,0,7,0,0,0,7
12/26/2006,LWB,WV,AEA,EN,Federal Contract Tower,0,12,14,0,26,0,0,0,0,0,0,12,14,0,26,0,0,0,26
12/27/2006,LWB,WV,AEA,EN,Federal Contract Tower,0,10,4,0,14,0,0,33,0,33,0,10,37,0,47,0,0,0,47
12/28/2006,LWB,WV,AEA,EN,Federal Contract Tower,2,5,15,0,22,0,0,28,0,28,2,5,43,0,50,12,0,12,62
12/29/2006,LWB,WV,AEA,EN,Federal Contract Tower,0,10,15,0,25,0,0,27,0,27,0,10,42,0,52,10,0,10,62
12/30/2006,LWB,WV,AEA,EN,Federal Contract Tower,0,11,3,0,14,0,0,19,0,19,0,11,22,0,33,12,0,12,45
12/31/2006,LWB,WV,AEA,EN,Federal Contract Tower,0,5,3,0,8,0,0,0,0,0,0,5,3,0,8,0,0,0,8
01/01/2007,LWB,WV,AEA,EN,Federal Contract Tower,0,13,10,0,23,0,0,2,0,2,0,13,12,0,25,0,0,0,25
01/02/2007,LWB,WV,AEA,EN,Federal Contract Tower,0,5,12,0,17,0,0,12,0,12,0,5,24,0,29,166,0,166,195
01/03/2007,LWB,WV,AEA,EN,Federal Contract Tower,0,6,3,0,9,0,0,20,9,29,0,6,23,9,38,174,12,186,224
01/04/2007,LWB,WV,AEA,EN,Federal Contract Tower,0,4,11,0,15,0,0,19,0,19,0,4,30,0,34,162,0,162,196
01/05/2007,LWB,WV,AEA,EN,Federal Contract Tower,0,7,8,4,19,0,0,0,10,10,0,7,8,14,29,0,18,18,47
01/06/2007,LWB,WV,AEA,EN,Federal Contract Tower,0,3,6,4,13,0,0,2,8,10,0,3,8,12,23,0,20,20,43
01/07/2007,LWB,WV,AEA,EN,Federal Contract Tower,0,4,8,0,12,0,0,0,0,0,0,4,8,0,12,0,0,0,12
01/08/2007,LWB,WV,AEA,EN,Federal Contract Tower,0,6,2,0,8,0,0,2,0,2,0,6,4,0,10,0,0,0,10
01/09/2007,LWB,WV,AEA,EN,Federal Contract Tower,0,4,0,0,4,0,0,0,0,0,0,4,0,0,4,0,0,0,4
01/10/2007,LWB,WV,AEA,EN,Federal Contract Tower,0,4,5,0,9,0,0,4,2,6,0,4,9,2,15,160,0,160,175
01/11/2007,LWB,WV,AEA,EN,Federal Contract Tower,2,6,10,0,18,0,0,12,0,12,2,6,22,0,30,6,0,6,36
01/12/2007,LWB,WV,AEA,EN,Federal Contract Tower,0,6,6,0,12,0,0,14,0,14,0,6,20,0,26,180,0,180,206
01/13/2007,LWB,WV,AEA,EN,Federal Contract Tower,0,2,1,0,3,0,0,6,0,6,0,2,7,0,9,166,0,166,175
01/14/2007,LWB,WV,AEA,EN,Federal Contract Tower,0,4,10,0,14,0,0,21,0,21,0,4,31,0,35,164,0,164,199
01/15/2007,LWB,WV,AEA,EN,Federal Contract Tower,0,8,7,0,15,0,0,7,0,7,0,8,14,0,22,0,0,0,22
01/16/2007,LWB,WV,AEA,EN,Federal Contract Tower,0,0,8,0,8,0,0,0,0,0,0,0,8,0,8,0,0,0,8
01/17/2007,LWB,WV,AEA,EN,Federal Contract Tower,0,4,0,4,8,0,0,19,6,25,0,4,19,10,33,52,10,62,95
01/18/2007,LWB,WV,AEA,EN,Federal Contract Tower,0,4,3,0,7,0,0,5,0,5,0,4,8,0,12,10,0,10,22
01/19/2007,LWB,WV,AEA,EN,Federal Contract Tower,0,4,7,0,11,0,0,4,0,4,0,4,11,0,15,0,0,0,15
01/20/2007,LWB,WV,AEA,EN,Federal Contract Tower,0,2,3,0,5,0,0,3,0,3,0,2,6,0,8,0,0,0,8
01/21/2007,LWB,WV,AEA,EN,Federal Contract Tower,0,2,2,0,4,0,0,0,0,0,0,2,2,0,4,0,0,0,4
01/22/2007,LWB,WV,AEA,EN,Federal Contract Tower,0,5,2,0,7,0,0,0,0,0,0,5,2,0,7,0,0,0,7
01/23/2007,LWB,WV,AEA,EN,Federal Contract Tower,0,8,2,0,10,0,0,1,0,1,0,8,3,0,11,0,0,0,11
01/24/2007,LWB,WV,AEA,EN,Federal Contract Tower,0,6,0,0,6,0,0,8,0,8,0,6,8,0,14,20,0,20,34
01/25/2007,LWB,WV,AEA,EN,Federal Contract Tower,2,4,2,0,8,0,0,0,0,0,2,4,2,0,8,0,0,0,8
01/26/2007,LWB,WV,AEA,EN,Federal Contract Tower,0,2,6,0,8,0,0,14,2,16,0,2,20,2,24,2,10,12,36
01/27/2007,LWB,WV,AEA,EN,Federal Contract Tower,0,2,5,0,7,0,0,4,0,4,0,2,9,0,11,0,0,0,11
01/28/2007,LWB,WV,AEA,EN,Federal Contract Tower,0,5,4,0,9,0,2,4,0,6,0,7,8,0,15,0,0,0,15
01/29/2007,LWB,WV,AEA,EN,Federal Contract Tower,0,2,6,0,8,0,0,6,0,6,0,2,12,0,14,0,0,0,14
01/30/2007,LWB,WV,AEA,EN,Federal Contract Tower,0,10,2,0,12,0,0,6,2,8,0,10,8,2,20,0,0,0,20
01/31/2007,LWB,WV,AEA,EN,Federal Contract Tower,0,4,9,0,13,0,0,22,0,22,0,4,31,0,35,10,0,10,45
02/01/2007,LWB,WV,AEA,EN,Federal Contract Tower,0,6,4,0,10,0,0,0,0,0,0,6,4,0,10,0,0,0,10
02/02/2007,LWB,WV,AEA,EN,Federal Contract Tower,0,4,4,0,8,0,0,4,0,4,0,4,8,0,12,0,0,0,12
02/03/2007,LWB,WV,AEA,EN,Federal Contract Tower,0,2,6,0,8,0,0,2,0,2,0,2,8,0,10,0,0,0,10
02/04/2007,LWB,WV,AEA,EN,Federal Contract Tower,0,4,2,0,6,0,0,5,0,5,0,4,7,0,11,0,0,0,11
02/05/2007,LWB,WV,AEA,EN,Federal Contract Tower,0,4,5,0,9,0,0,11,0,11,0,4,16,0,20,0,0,0,20
02/06/2007,LWB,WV,AEA,EN,Federal Contract Tower,0,2,4,7,13,0,0,0,3,3,0,2,4,10,16,0,10,10,26
02/07/2007,LWB,WV,AEA,EN,Federal Contract Tower,0,0,0,3,3,0,0,0,1,1,0,0,0,4,4,0,4,4,8
02/08/2007,LWB,WV,AEA,EN,Federal Contract Tower,0,4,1,6,11,0,0,5,3,8,0,4,6,9,19,10,6,16,35
02/09/2007,LWB,WV,AEA,EN,Federal Contract Tower,0,5,5,0,10,0,0,8,6,14,0,5,13,6,24,6,10,16,40
02/10/2007,LWB,WV,AEA,EN,Federal Contract Tower,0,2,1,0,3,0,0,5,0,5,0,2,6,0,8,0,0,0,8
02/11/2007,LWB,WV,AEA,EN,Federal Contract Tower,0,4,11,3,18,0,0,31,3,34,0,4,42,6,52,38,10,48,100
02/12/2007,LWB,WV,AEA,EN,Federal Contract Tower,0,6,0,0,6,0,0,6,0,6,0,6,6,0,12,0,0,0,12
02/13/2007,LWB,WV,AEA,EN,Federal Contract Tower,0,2,0,0,2,0,0,0,0,0,0,2,0,0,2,0,0,0,2
02/14/2007,LWB,WV,AEA,EN,Federal Contract Tower,0,2,0,0,2,0,0,0,0,0,0,2,0,0,2,0,0,0,2
02/15/2007,LWB,WV,AEA,EN,Federal Contract Tower,2,4,6,0,12,0,0,5,0,5,2,4,11,0,17,0,0,0,17
02/16/2007,LWB,WV,AEA,EN,Federal Contract Tower,0,4,13,0,17,0,0,6,0,6,0,4,19,0,23,0,0,0,23
02/17/2007,LWB,WV,AEA,EN,Federal Contract Tower,0,3,6,0,9,0,0,0,0,0,0,3,6,0,9,0,0,0,9
02/18/2007,LWB,WV,AEA,EN,Federal Contract Tower,0,6,4,0,10,0,0,0,0,0,0,6,4,0,10,0,0,0,10
02/19/2007,LWB,WV,AEA,EN,Federal Contract Tower,0,6,10,0,16,0,0,12,0,12,0,6,22,0,28,0,0,0,28
02/20/2007,LWB,WV,AEA,EN,Federal Contract Tower,0,5,3,0,8,0,0,12,0,12,0,5,15,0,20,0,0,0,20
02/21/2007,LWB,WV,AEA,EN,Federal Contract Tower,0,7,6,0,13,0,0,0,0,0,0,7,6,0,13,0,0,0,13
02/22/2007,LWB,WV,AEA,EN,Federal Contract Tower,0,5,7,0,12,0,0,3,0,3,0,5,10,0,15,0,0,0,15
02/23/2007,LWB,WV,AEA,EN,Federal Contract Tower,0,6,2,0,8,0,0,14,6,20,0,6,16,6,28,0,6,6,34
02/24/2007,LWB,WV,AEA,EN,Federal Contract Tower,0,4,7,0,11,0,0,20,0,20,0,4,27,0,31,22,0,22,53
02/25/2007,LWB,WV,AEA,EN,Federal Contract Tower,0,6,4,0,10,0,0,6,0,6,0,6,10,0,16,0,0,0,16
02/26/2007,LWB,WV,AEA,EN,Federal Contract Tower,0,6,1,0,7,0,0,17,0,17,0,6,18,0,24,0,0,0,24
02/27/2007,LWB,WV,AEA,EN,Federal Contract Tower,0,5,2,0,7,0,0,12,0,12,0,5,14,0,19,0,0,0,19
02/28/2007,LWB,WV,AEA,EN,Federal Contract Tower,0,4,2,0,6,0,0,35,10,45,0,4,37,10,51,56,6,62,113
03/01/2007,LWB,WV,AEA,EN,Federal Contract Tower,2,6,5,0,13,0,0,8,0,8,2,6,13,0,21,16,0,16,37
03/02/2007,LWB,WV,AEA,EN,Federal Contract Tower,0,4,6,0,10,0,0,5,2,7,0,4,11,2,17,0,0,0,17
03/03/2007,LWB,WV,AEA,EN,Federal Contract Tower,0,2,2,2,6,0,0,6,25,31,0,2,8,27,37,0,0,0,37
03/04/2007,LWB,WV,AEA,EN,Federal Contract Tower,0,4,5,3,12,0,0,0,5,5,0,4,5,8,17,0,0,0,17
03/05/2007,LWB,WV,AEA,EN,Federal Contract Tower,0,4,2,0,6,0,0,3,0,3,0,4,5,0,9,4,0,4,13
03/06/2007,LWB,WV,AEA,EN,Federal Contract Tower,0,4,6,0,10,0,0,22,0,22,0,4,28,0,32,24,0,24,56
03/07/2007,LWB,WV,AEA,EN,Federal Contract Tower,0,4,5,0,9,0,0,11,0,11,0,4,16,0,20,0,0,0,20
03/08/2007,LWB,WV,AEA,EN,Federal Contract Tower,0,4,3,0,7,0,0,36,2,38,0,4,39,2,45,28,0,28,73
03/09/2007,LWB,WV,AEA,EN,Federal Contract Tower,0,4,20,0,24,0,0,32,12,44,0,4,52,12,68,0,14,14,82
03/10/2007,LWB,WV,AEA,EN,Federal Contract Tower,0,2,7,2,11,0,0,9,0,9,0,2,16,2,20,10,0,10,30
03/11/2007,LWB,WV,AEA,EN,Federal Contract Tower,0,4,9,0,13,0,0,24,0,24,0,4,33,0,37,0,0,0,37
03/12/2007,LWB,WV,AEA,EN,Federal Contract Tower,0,4,4,0,8,0,0,8,0,8,0,4,12,0,16,0,0,0,16
03/13/2007,LWB,WV,AEA,EN,Federal Contract Tower,2,4,2,8,16,0,0,10,19,29,2,4,12,27,45,2,14,16,61
03/14/2007,LWB,WV,AEA,EN,Federal Contract Tower,0,4,9,0,13,0,0,6,0,6,0,4,15,0,19,6,0,6,25
03/15/2007,LWB,WV,AEA,EN,Federal Contract Tower,0,4,7,0,11,0,0,4,0,4,0,4,11,0,15,0,0,0,15
03/16/2007,LWB,WV,AEA,EN,Federal Contract Tower,0,4,6,0,10,0,0,0,0,0,0,4,6,0,10,0,0,0,10
03/17/2007,LWB,WV,AEA,EN,Federal Contract Tower,0,2,7,0,9,0,0,0,0,0,0,2,7,0,9,0,0,0,9
03/18/2007,LWB,WV,AEA,EN,Federal Contract Tower,0,4,8,0,12,0,0,40,0,40,0,4,48,0,52,16,0,16,68
03/19/2007,LWB,WV,AEA,EN,Federal Contract Tower,0,4,3,12,19,0,0,5,0,5,0,4,8,12,24,0,0,0,24
03/20/2007,LWB,WV,AEA,EN,Federal Contract Tower,0,4,2,0,6,0,0,28,0,28,0,4,30,0,34,0,0,0,34
03/21/2007,LWB,WV,AEA,EN,Federal Contract Tower,0,11,3,0,14,0,0,36,0,36,0,11,39,0,50,32,0,32,82
03/22/2007,LWB,WV,AEA,EN,Federal Contract Tower,0,4,6,0,10,0,0,38,0,38,0,4,44,0,48,6,0,6,54
03/23/2007,LWB,WV,AEA,EN,Federal Contract Tower,0,2,3,0,5,0,0,0,0,0,0,2,3,0,5,0,0,0,5
03/24/2007,LWB,WV,AEA,EN,Federal Contract Tower,0,2,6,0,8,0,0,18,0,18,0,2,24,0,26,0,0,0,26
03/25/2007,LWB,WV,AEA,EN,Federal Contract Tower,0,4,8,0,12,0,0,23,0,23,0,4,31,0,35,26,0,26,61
03/26/2007,LWB,WV,AEA,EN,Federal Contract Tower,0,4,7,0,11,0,0,22,0,22,0,4,29,0,33,0,0,0,33
03/27/2007,LWB,WV,AEA,EN,Federal Contract Tower,0,4,10,0,14,0,0,5,0,5,0,4,15,0,19,4,0,4,23
03/28/2007,LWB,WV,AEA,EN,Federal Contract Tower,2,8,3,0,13,4,0,1,0,5,6,8,4,0,18,0,0,0,18
03/29/2007,LWB,WV,AEA,EN,Federal Contract Tower,0,6,2,0,8,0,0,31,0,31,0,6,33,0,39,24,0,24,63
03/30/2007,LWB,WV,AEA,EN,Federal Contract Tower,0,4,3,0,7,0,0,29,0,29,0,4,32,0,36,26,0,26,62
03/31/2007,LWB,WV,AEA,EN,Federal Contract Tower,0,2,7,0,9,0,0,6,0,6,0,2,13,0,15,0,0,0,15
04/01/2007,LWB,WV,AEA,EN,Federal Contract Tower,0,4,6,0,10,0,0,11,0,11,0,4,17,0,21,0,0,0,21
04/02/2007,LWB,WV,AEA,EN,Federal Contract Tower,0,4,3,0,7,0,0,11,0,11,0,4,14,0,18,24,0,24,42
04/03/2007,LWB,WV,AEA,EN,Federal Contract Tower,0,8,5,2,15,0,0,27,8,35,0,8,32,10,50,30,20,50,100
04/04/2007,LWB,WV,AEA,EN,Federal Contract Tower,0,4,6,8,18,0,0,0,0,0,0,4,6,8,18,2,0,2,20
04/05/2007,LWB,WV,AEA,EN,Federal Contract Tower,0,7,16,0,23,0,0,10,0,10,0,7,26,0,33,0,0,0,33
04/06/2007,LWB,WV,AEA,EN,Federal Contract Tower,0,8,13,8,29,0,0,6,20,26,0,8,19,28,55,0,4,4,59
04/07/2007,LWB,WV,AEA,EN,Federal Contract Tower,0,2,0,0,2,0,0,1,0,1,0,2,1,0,3,0,0,0,3
04/08/2007,LWB,WV,AEA,EN,Federal Contract Tower,0,4,15,0,19,0,0,13,0,13,0,4,28,0,32,0,0,0,32
04/09/2007,LWB,WV,AEA,EN,Federal Contract Tower,0,6,12,0,18,0,0,2,0,2,0,6,14,0,20,0,0,0,20
04/10/2007,LWB,WV,AEA,EN,Federal Contract Tower,2,6,5,2,15,0,0,36,43,79,2,6,41,45,94,0,12,12,106
04/11/2007,LWB,WV,AEA,EN,Federal Contract Tower,0,10,10,0,20,0,0,4,0,4,0,10,14,0,24,0,0,0,24
04/12/2007,LWB,WV,AEA,EN,Federal Contract Tower,0,6,9,0,15,0,0,1,0,1,0,6,10,0,16,0,0,0,16
04/13/2007,LWB,WV,AEA,EN,Federal Contract Tower,0,6,8,0,14,0,0,12,0,12,0,6,20,0,26,0,0,0,26
04/14/2007,LWB,WV,AEA,EN,Federal Contract Tower,0,2,3,0,5,0,0,0,0,0,0,2,3,0,5,0,0,0,5
04/15/2007,LWB,WV,AEA,EN,Federal Contract Tower,0,6,9,0,15,0,0,0,0,0,0,6,9,0,15,0,0,0,15
04/16/2007,LWB,WV,AEA,EN,Federal Contract Tower,0,4,2,0,6,0,0,0,0,0,0,4,2,0,6,0,0,0,6
04/17/2007,LWB,WV,AEA,EN,Federal Contract Tower,0,6,4,0,10,0,0,8,2,10,0,6,12,2,20,0,0,0,20
04/18/2007,LWB,WV,AEA,EN,Federal Contract Tower,0,9,11,8,28,0,0,34,2,36,0,9,45,10,64,10,12,22,86
04/19/2007,LWB,WV,AEA,EN,Federal Contract Tower,0,4,11,0,15,0,0,10,0,10,0,4,21,0,25,10,0,10,35
04/20/2007,LWB,WV,AEA,EN,Federal Contract Tower,2,7,20,0,29,0,0,28,0,28,2,7,48,0,57,12,0,12,69
04/21/2007,LWB,WV,AEA,EN,Federal Contract Tower,0,7,6,0,13,0,0,28,2,30,0,7,34,2,43,14,0,14,57
04/22/2007,LWB,WV,AEA,EN,Federal Contract Tower,0,8,19,0,27,0,0,36,0,36,0,8,55,0,63,44,0,44,107
04/23/2007,LWB,WV,AEA,EN,Federal Contract Tower,0,6,10,0,16,0,0,24,0,24,0,6,34,0,40,4,0,4,44
04/24/2007,LWB,WV,AEA,EN,Federal Contract Tower,2,9,9,0,20,0,0,19,0,19,2,9,28,0,39,0,0,0,39
04/25/2007,LWB,WV,AEA,EN,Federal Contract Tower,0,4,10,0,14,0,0,3,0,3,0,4,13,0,17,0,0,0,17
04/26/2007,LWB,WV,AEA,EN,Federal Contract Tower,2,5,10,0,17,0,0,6,0,6,2,5,16,0,23,0,0,0,23
04/27/2007,LWB,WV,AEA,EN,Federal Contract Tower,2,16,10,0,28,0,0,2,0,2,2,16,12,0,30,0,0,0,30
04/28/2007,LWB,WV,AEA,EN,Federal Contract Tower,0,9,8,0,17,0,0,21,0,21,0,9,29,0,38,0,0,0,38
04/29/2007,LWB,WV,AEA,EN,Federal Contract Tower,0,16,15,0,31,0,0,27,0,27,0,16,42,0,58,22,0,22,80
04/30/2007,LWB,WV,AEA,EN,Federal Contract Tower,3,9,2,0,14,0,0,3,0,3,3,9,5,0,17,0,0,0,17
05/01/2007,LWB,WV,AEA,EN,Federal Contract Tower,2,10,12,0,24,0,0,44,0,44,2,10,56,0,68,12,0,12,80
05/02/2007,LWB,WV,AEA,EN,Federal Contract Tower,2,9,11,0,22,0,4,15,0,19,2,13,26,0,41,2,0,2,43
05/03/2007,LWB,WV,AEA,EN,Federal Contract Tower,10,19,8,0,37,0,0,2,0,2,10,19,10,0,39,0,0,0,39
05/04/2007,LWB,WV,AEA,EN,Federal Contract Tower,2,13,11,0,26,0,0,2,0,2,2,13,13,0,28,0,0,0,28
05/05/2007,LWB,WV,AEA,EN,Federal Contract Tower,2,6,2,0,10,0,0,0,0,0,2,6,2,0,10,0,0,0,10
05/06/2007,LWB,WV,AEA,EN,Federal Contract Tower,12,10,21,0,43,0,0,23,0,23,12,10,44,0,66,0,0,0,66
05/07/2007,LWB,WV,AEA,EN,Federal Contract Tower,2,11,4,10,27,0,0,24,4,28,2,11,28,14,55,2,6,8,63
05/08/2007,LWB,WV,AEA,EN,Federal Contract Tower,2,23,20,0,45,0,0,25,0,25,2,23,45,0,70,0,0,0,70
05/09/2007,LWB,WV,AEA,EN,Federal Contract Tower,4,10,21,6,41,0,0,23,2,25,4,10,44,8,66,0,20,20,86
05/10/2007,LWB,WV,AEA,EN,Federal Contract Tower,2,22,12,10,46,0,0,28,10,38,2,22,40,20,84,0,32,32,116
05/11/2007,LWB,WV,AEA,EN,Federal Contract Tower,2,6,27,0,35,0,0,33,0,33,2,6,60,0,68,2,0,2,70
05/12/2007,LWB,WV,AEA,EN,Federal Contract Tower,2,10,15,0,27,0,0,7,0,7,2,10,22,0,34,0,0,0,34
05/13/2007,LWB,WV,AEA,EN,Federal Contract Tower,2,9,12,0,23,0,0,20,0,20,2,9,32,0,43,0,0,0,43
05/14/2007,LWB,WV,AEA,EN,Federal Contract Tower,4,8,5,2,19,0,3,34,16,53,4,11,39,18,72,14,20,34,106
05/15/2007,LWB,WV,AEA,EN,Federal Contract Tower,2,11,15,3,31,0,0,32,9,41,2,11,47,12,72,32,24,56,128
05/16/2007,LWB,WV,AEA,EN,Federal Contract Tower,2,9,25,0,36,0,0,15,0,15,2,9,40,0,51,0,0,0,51
05/17/2007,LWB,WV,AEA,EN,Federal Contract Tower,4,11,25,0,40,0,4,25,0,29,4,15,50,0,69,20,0,20,89
05/18/2007,LWB,WV,AEA,EN,Federal Contract Tower,2,16,17,0,35,0,0,10,2,12,2,16,27,2,47,0,0,0,47
05/19/2007,LWB,WV,AEA,EN,Federal Contract Tower,2,5,9,0,16,0,0,43,0,43,2,5,52,0,59,32,0,32,91
05/20/2007,LWB,WV,AEA,EN,Federal Contract Tower,2,10,16,0,28,0,0,49,0,49,2,10,65,0,77,6,0,6,83
05/21/2007,LWB,WV,AEA,EN,Federal Contract Tower,2,9,16,0,27,0,0,14,0,14,2,9,30,0,41,26,0,26,67
05/22/2007,LWB,WV,AEA,EN,Federal Contract Tower,2,15,28,5,50,0,0,40,9,49,2,15,68,14,99,0,10,10,109
05/23/2007,LWB,WV,AEA,EN,Federal Contract Tower,4,14,16,0,34,0,0,6,0,6,4,14,22,0,40,12,0,12,52
05/24/2007,LWB,WV,AEA,EN,Federal Contract Tower,2,9,20,0,31,0,1,24,0,25,2,10,44,0,56,20,0,20,76
05/25/2007,LWB,WV,AEA,EN,Federal Contract Tower,2,14,25,0,41,0,0,33,0,33,2,14,58,0,74,14,0,14,88
05/26/2007,LWB,WV,AEA,EN,Federal Contract Tower,4,11,21,0,36,0,23,0,0,23,4,34,21,0,59,0,0,0,59
05/27/2007,LWB,WV,AEA,EN,Federal Contract Tower,2,8,12,0,22,0,0,7,0,7,2,8,19,0,29,0,0,0,29
05/28/2007,LWB,WV,AEA,EN,Federal Contract Tower,2,16,23,0,41,0,0,28,0,28,2,16,51,0,69,36,0,36,105
05/29/2007,LWB,WV,AEA,EN,Federal Contract Tower,2,16,28,0,46,0,6,15,0,21,2,22,43,0,67,8,0,8,75
05/30/2007,LWB,WV,AEA,EN,Federal Contract Tower,2,11,28,0,41,0,0,31,0,31,2,11,59,0,72,6,0,6,78
05/31/2007,LWB,WV,AEA,EN,Federal Contract Tower,4,6,15,0,25,0,0,19,0,19,4,6,34,0,44,40,0,40,84
06/01/2007,LWB,WV,AEA,EN,Federal Contract Tower,2,13,20,1,36,0,4,12,3,19,2,17,32,4,55,14,4,18,73
06/02/2007,LWB,WV,AEA,EN,Federal Contract Tower,2,9,7,0,18,0,0,4,0,4,2,9,11,0,22,0,0,0,22
06/03/2007,LWB,WV,AEA,EN,Federal Contract Tower,2,10,19,0,31,0,0,0,0,0,2,10,19,0,31,0,0,0,31
06/04/2007,LWB,WV,AEA,EN,Federal Contract Tower,2,10,26,0,38,0,0,26,0,26,2,10,52,0,64,0,0,0,64
06/05/2007,LWB,WV,AEA,EN,Federal Contract Tower,2,22,52,0,76,0,0,10,0,10,2,22,62,0,86,0,0,0,86
06/06/2007,LWB,WV,AEA,EN,Federal Contract Tower,2,17,28,0,47,0,0,11,2,13,2,17,39,2,60,2,0,2,62
06/07/2007,LWB,WV,AEA,EN,Federal Contract Tower,0,17,49,2,68,0,4,27,3,34,0,21,76,5,102,0,16,16,118
06/08/2007,LWB,WV,AEA,EN,Federal Contract Tower,2,26,110,0,138,0,0,36,0,36,2,26,146,0,174,0,0,0,174
06/09/2007,LWB,WV,AEA,EN,Federal Contract Tower,2,9,18,0,29,0,0,9,0,9,2,9,27,0,38,0,0,0,38
06/10/2007,LWB,WV,AEA,EN,Federal Contract Tower,2,11,60,0,73,0,0,44,0,44,2,11,104,0,117,0,0,0,117
06/11/2007,LWB,WV,AEA,EN,Federal Contract Tower,2,17,63,5,87,0,0,20,0,20,2,17,83,5,107,10,0,10,117
06/12/2007,LWB,WV,AEA,EN,Federal Contract Tower,4,10,11,0,25,0,0,26,0,26,4,10,37,0,51,28,0,28,79
06/13/2007,LWB,WV,AEA,EN,Federal Contract Tower,2,8,22,0,32,0,0,11,2,13,2,8,33,2,45,10,0,10,55
06/14/2007,LWB,WV,AEA,EN,Federal Contract Tower,2,12,50,2,66,0,0,20,0,20,2,12,70,2,86,16,0,16,102
06/15/2007,LWB,WV,AEA,EN,Federal Contract Tower,3,17,25,0,45,0,0,21,0,21,3,17,46,0,66,6,0,6,72
06/16/2007,LWB,WV,AEA,EN,Federal Contract Tower,2,5,14,0,21,0,8,2,0,10,2,13,16,0,31,0,0,0,31
06/17/2007,LWB,WV,AEA,EN,Federal Contract Tower,3,13,30,0,46,0,0,23,0,23,3,13,53,0,69,0,0,0,69
06/18/2007,LWB,WV,AEA,EN,Federal Contract Tower,2,10,8,0,20,0,0,45,14,59,2,10,53,14,79,28,0,28,107
06/19/2007,LWB,WV,AEA,EN,Federal Contract Tower,2,9,11,0,22,0,0,16,0,16,2,9,27,0,38,26,0,26,64
06/20/2007,LWB,WV,AEA,EN,Federal Contract Tower,2,8,16,4,30,0,0,200,4,204,2,8,216,8,234,0,24,24,258
06/21/2007,LWB,WV,AEA,EN,Federal Contract Tower,2,14,20,0,36,0,0,109,0,109,2,14,129,0,145,0,0,0,145
06/22/2007,LWB,WV,AEA,EN,Federal Contract Tower,2,15,19,0,36,0,2,27,0,29,2,17,46,0,65,4,0,4,69
06/23/2007,LWB,WV,AEA,EN,Federal Contract Tower,2,10,7,0,19,0,0,22,2,24,2,10,29,2,43,0,0,0,43
06/24/2007,LWB,WV,AEA,EN,Federal Contract Tower,2,22,32,0,56,0,2,17,0,19,2,24,49,0,75,0,0,0,75
06/25/2007,LWB,WV,AEA,EN,Federal Contract Tower,2,12,5,5,24,0,0,27,0,27,2,12,32,5,51,42,0,42,93
06/26/2007,LWB,WV,AEA,EN,Federal Contract Tower,4,5,7,0,16,0,0,8,0,8,4,5,15,0,24,20,0,20,44
06/27/2007,LWB,WV,AEA,EN,Federal Contract Tower,2,10,22,16,50,0,0,27,4,31,2,10,49,20,81,6,8,14,95
06/28/2007,LWB,WV,AEA,EN,Federal Contract Tower,2,12,15,0,29,0,0,30,0,30,2,12,45,0,59,0,0,0,59
06/29/2007,LWB,WV,AEA,EN,Federal Contract Tower,2,6,18,4,30,0,0,3,0,3,2,6,21,4,33,0,0,0,33
06/30/2007,LWB,WV,AEA,EN,Federal Contract Tower,2,13,26,0,41,0,0,5,2,7,2,13,31,2,48,0,0,0,48
07/01/2007,LWB,WV,AEA,EN,Federal Contract Tower,2,16,21,0,39,0,0,49,0,49,2,16,70,0,88,0,0,0,88
07/02/2007,LWB,WV,AEA,EN,Federal Contract Tower,0,8,6,1,15,0,0,27,0,27,0,8,33,1,42,0,0,0,42
07/03/2007,LWB,WV,AEA,EN,Federal Contract Tower,0,7,15,4,26,0,4,41,12,57,0,11,56,16,83,14,4,18,101
07/04/2007,LWB,WV,AEA,EN,Federal Contract Tower,2,9,5,0,16,0,0,19,0,19,2,9,24,0,35,6,0,6,41
07/05/2007,LWB,WV,AEA,EN,Federal Contract Tower,3,18,22,0,43,0,0,7,0,7,3,18,29,0,50,6,0,6,56
07/06/2007,LWB,WV,AEA,EN,Federal Contract Tower,2,14,22,0,38,0,0,18,0,18,2,14,40,0,56,0,0,0,56
07/07/2007,LWB,WV,AEA,EN,Federal Contract Tower,2,7,16,0,25,0,0,18,0,18,2,7,34,0,43,0,0,0,43
07/08/2007,LWB,WV,AEA,EN,Federal Contract Tower,3,10,32,0,45,0,0,33,0,33,3,10,65,0,78,4,0,4,82
07/09/2007,LWB,WV,AEA,EN,Federal Contract Tower,2,10,22,3,37,0,0,24,13,37,2,10,46,16,74,0,8,8,82
07/10/2007,LWB,WV,AEA,EN,Federal Contract Tower,4,5,6,0,15,0,0,15,0,15,4,5,21,0,30,14,0,14,44
07/11/2007,LWB,WV,AEA,EN,Federal Contract Tower,2,9,13,0,24,0,0,8,0,8,2,9,21,0,32,0,0,0,32
07/12/2007,LWB,WV,AEA,EN,Federal Contract Tower,2,15,43,0,60,0,0,47,0,47,2,15,90,0,107,0,0,0,107
07/13/2007,LWB,WV,AEA,EN,Federal Contract Tower,2,9,22,5,38,0,0,10,15,25,2,9,32,20,63,10,42,52,115
07/14/2007,LWB,WV,AEA,EN,Federal Contract Tower,2,8,28,0,38,0,0,34,0,34,2,8,62,0,72,4,0,4,76
07/15/2007,LWB,WV,AEA,EN,Federal Contract Tower,2,18,46,0,66,0,4,12,0,16,2,22,58,0,82,0,0,0,82
07/16/2007,LWB,WV,AEA,EN,Federal Contract Tower,2,9,8,6,25,0,0,13,2,15,2,9,21,8,40,10,4,14,54
07/17/2007,LWB,WV,AEA,EN,Federal Contract Tower,2,17,18,0,37,0,2,19,0,21,2,19,37,0,58,26,0,26,84
07/18/2007,LWB,WV,AEA,EN,Federal Contract Tower,2,16,28,2,48,0,4,15,0,19,2,20,43,2,67,18,4,22,89
07/19/2007,LWB,WV,AEA,EN,Federal Contract Tower,2,12,37,0,51,0,0,13,0,13,2,12,50,0,64,0,0,0,64
07/20/2007,LWB,WV,AEA,EN,Federal Contract Tower,4,6,20,3,33,0,0,19,12,31,4,6,39,15,64,12,24,36,100
07/21/2007,LWB,WV,AEA,EN,Federal Contract Tower,2,4,21,0,27,0,4,52,0,56,2,8,73,0,83,6,0,6,89
07/22/2007,LWB,WV,AEA,EN,Federal Contract Tower,2,11,41,0,54,0,4,29,0,33,2,15,70,0,87,38,0,38,125
07/23/2007,LWB,WV,AEA,EN,Federal Contract Tower,2,8,12,0,22,0,2,68,0,70,2,10,80,0,92,10,0,10,102
07/24/2007,LWB,WV,AEA,EN,Federal Contract Tower,2,8,30,0,40,0,0,6,1,7,2,8,36,1,47,0,0,0,47
07/25/2007,LWB,WV,AEA,EN,Federal Contract Tower,2,17,29,0,48,0,0,15,0,15,2,17,44,0,63,12,0,12,75
07/26/2007,LWB,WV,AEA,EN,Federal Contract Tower,2,6,25,0,33,0,0,18,0,18,2,6,43,0,51,26,0,26,77
07/27/2007,LWB,WV,AEA,EN,Federal Contract Tower,2,15,7,0,24,0,0,43,0,43,2,15,50,0,67,22,0,22,89
07/28/2007,LWB,WV,AEA,EN,Federal Contract Tower,2,4,12,0,18,0,0,14,0,14,2,4,26,0,32,4,0,4,36
07/29/2007,LWB,WV,AEA,EN,Federal Contract Tower,2,9,20,0,31,0,0,5,0,5,2,9,25,0,36,0,0,0,36
07/30/2007,LWB,WV,AEA,EN,Federal Contract Tower,2,11,14,0,27,0,4,6,0,10,2,15,20,0,37,14,0,14,51
07/31/2007,LWB,WV,AEA,EN,Federal Contract Tower,2,14,14,0,30,0,0,15,0,15,2,14,29,0,45,28,0,28,73
08/01/2007,LWB,WV,AEA,EN,Federal Contract Tower,2,10,12,0,24,0,0,40,54,94,2,10,52,54,118,0,0,0,118
08/02/2007,LWB,WV,AEA,EN,Federal Contract Tower,2,16,24,0,42,0,0,17,0,17,2,16,41,0,59,2,0,2,61
08/03/2007,LWB,WV,AEA,EN,Federal Contract Tower,2,13,17,0,32,0,0,13,0,13,2,13,30,0,45,16,0,16,61
08/04/2007,LWB,WV,AEA,EN,Federal Contract Tower,2,7,9,0,18,0,0,5,0,5,2,7,14,0,23,0,0,0,23
08/05/2007,LWB,WV,AEA,EN,Federal Contract Tower,2,16,28,0,46,0,0,8,0,8,2,16,36,0,54,0,0,0,54
08/06/2007,LWB,WV,AEA,EN,Federal Contract Tower,2,10,17,0,29,0,4,2,0,6,2,14,19,0,35,2,0,2,37
08/07/2007,LWB,WV,AEA,EN,Federal Contract Tower,4,6,14,0,24,0,0,12,0,12,4,6,26,0,36,0,0,0,36
08/08/2007,LWB,WV,AEA,EN,Federal Contract Tower,2,11,8,0,21,2,2,17,0,21,4,13,25,0,42,34,0,34,76
08/09/2007,LWB,WV,AEA,EN,Federal Contract Tower,2,13,9,0,24,0,0,19,8,27,2,13,28,8,51,16,0,16,67
08/10/2007,LWB,WV,AEA,EN,Federal Contract Tower,2,5,15,0,22,0,0,23,0,23,2,5,38,0,45,16,0,16,61
08/11/2007,LWB,WV,AEA,EN,Federal Contract Tower,2,6,8,0,16,0,0,56,0,56,2,6,64,0,72,10,0,10,82
08/12/2007,LWB,WV,AEA,EN,Federal Contract Tower,5,13,16,0,34,0,0,27,0,27,5,13,43,0,61,30,0,30,91
08/13/2007,LWB,WV,AEA,EN,Federal Contract Tower,2,9,10,0,21,0,0,28,0,28,2,9,38,0,49,22,0,22,71
08/14/2007,LWB,WV,AEA,EN,Federal Contract Tower,2,10,20,0,32,0,0,45,0,45,2,10,65,0,77,20,0,20,97
08/15/2007,LWB,WV,AEA,EN,Federal Contract Tower,4,15,20,0,39,0,0,28,2,30,4,15,48,2,69,4,0,4,73
08/16/2007,LWB,WV,AEA,EN,Federal Contract Tower,2,21,18,0,41,0,0,24,0,24,2,21,42,0,65,0,0,0,65
08/17/2007,LWB,WV,AEA,EN,Federal Contract Tower,2,14,27,0,43,0,0,28,0,28,2,14,55,0,71,10,0,10,81
08/18/2007,LWB,WV,AEA,EN,Federal Contract Tower,2,7,10,0,19,0,0,33,0,33,2,7,43,0,52,6,0,6,58
08/19/2007,LWB,WV,AEA,EN,Federal Contract Tower,2,11,20,0,33,0,0,16,6,22,2,11,36,6,55,0,0,0,55
08/20/2007,LWB,WV,AEA,EN,Federal Contract Tower,2,8,11,0,21,0,4,5,0,9,2,12,16,0,30,0,0,0,30
08/21/2007,LWB,WV,AEA,EN,Federal Contract Tower,2,8,12,1,23,0,0,2,1,3,2,8,14,2,26,0,0,0,26
08/22/2007,LWB,WV,AEA,EN,Federal Contract Tower,2,8,11,0,21,0,0,29,0,29,2,8,40,0,50,2,0,2,52
08/23/2007,LWB,WV,AEA,EN,Federal Contract Tower,6,9,15,0,30,0,0,32,0,32,6,9,47,0,62,0,0,0,62
08/24/2007,LWB,WV,AEA,EN,Federal Contract Tower,2,11,17,0,30,0,0,32,0,32,2,11,49,0,62,0,0,0,62
08/25/2007,LWB,WV,AEA,EN,Federal Contract Tower,2,7,16,0,25,0,0,7,0,7,2,7,23,0,32,10,0,10,42
08/26/2007,LWB,WV,AEA,EN,Federal Contract Tower,2,9,19,0,30,0,0,10,0,10,2,9,29,0,40,34,0,34,74
08/27/2007,LWB,WV,AEA,EN,Federal Contract Tower,2,5,11,0,18,0,0,9,0,9,2,5,20,0,27,0,0,0,27
08/28/2007,LWB,WV,AEA,EN,Federal Contract Tower,3,9,12,0,24,0,1,33,0,34,3,10,45,0,58,0,0,0,58
08/29/2007,LWB,WV,AEA,EN,Federal Contract Tower,2,7,25,0,34,0,0,10,0,10,2,7,35,0,44,0,0,0,44
08/30/2007,LWB,WV,AEA,EN,Federal Contract Tower,3,14,21,0,38,0,0,11,0,11,3,14,32,0,49,20,0,20,69
08/31/2007,LWB,WV,AEA,EN,Federal Contract Tower,4,13,15,0,32,0,0,16,0,16,4,13,31,0,48,0,0,0,48
09/01/2007,LWB,WV,AEA,EN,Federal Contract Tower,2,6,11,0,19,0,0,22,0,22,2,6,33,0,41,10,0,10,51
09/02/2007,LWB,WV,AEA,EN,Federal Contract Tower,1,6,14,0,21,0,0,17,0,17,1,6,31,0,38,0,0,0,38
09/03/2007,LWB,WV,AEA,EN,Federal Contract Tower,2,19,8,0,29,0,0,16,0,16,2,19,24,0,45,4,0,4,49
09/04/2007,LWB,WV,AEA,EN,Federal Contract Tower,2,10,18,0,30,0,0,33,0,33,2,10,51,0,63,6,0,6,69
09/05/2007,LWB,WV,AEA,EN,Federal Contract Tower,2,18,10,0,30,0,4,14,2,20,2,22,24,2,50,0,0,0,50
09/06/2007,LWB,WV,AEA,EN,Federal Contract Tower,2,8,9,0,19,0,0,25,0,25,2,8,34,0,44,0,0,0,44
09/07/2007,LWB,WV,AEA,EN,Federal Contract Tower,2,22,21,0,45,0,0,14,0,14,2,22,35,0,59,6,0,6,65
09/08/2007,LWB,WV,AEA,EN,Federal Contract Tower,2,14,7,0,23,0,0,14,0,14,2,14,21,0,37,0,0,0,37
09/09/2007,LWB,WV,AEA,EN,Federal Contract Tower,2,10,26,0,38,0,0,13,0,13,2,10,39,0,51,12,0,12,63
09/10/2007,LWB,WV,AEA,EN,Federal Contract Tower,2,8,22,0,32,0,0,21,0,21,2,8,43,0,53,14,0,14,67
09/11/2007,LWB,WV,AEA,EN,Federal Contract Tower,4,12,22,0,38,0,0,0,0,0,4,12,22,0,38,0,0,0,38
09/12/2007,LWB,WV,AEA,EN,Federal Contract Tower,2,9,19,2,32,0,0,20,1,21,2,9,39,3,53,16,0,16,69
09/13/2007,LWB,WV,AEA,EN,Federal Contract Tower,2,10,18,0,30,0,0,7,2,9,2,10,25,2,39,12,0,12,51
09/14/2007,LWB,WV,AEA,EN,Federal Contract Tower,2,13,22,4,41,0,0,0,2,2,2,13,22,6,43,0,0,0,43
09/15/2007,LWB,WV,AEA,EN,Federal Contract Tower,2,4,15,0,21,0,0,8,0,8,2,4,23,0,29,0,0,0,29
09/16/2007,LWB,WV,AEA,EN,Federal Contract Tower,2,15,45,0,62,0,0,40,0,40,2,15,85,0,102,22,0,22,124
09/17/2007,LWB,WV,AEA,EN,Federal Contract Tower,2,8,4,0,14,0,0,33,0,33,2,8,37,0,47,30,0,30,77
09/18/2007,LWB,WV,AEA,EN,Federal Contract Tower,2,13,29,0,44,0,0,16,0,16,2,13,45,0,60,0,0,0,60
09/19/2007,LWB,WV,AEA,EN,Federal Contract Tower,4,11,10,0,25,0,0,18,0,18,4,11,28,0,43,20,0,20,63
09/20/2007,LWB,WV,AEA,EN,Federal Contract Tower,2,8,29,3,42,0,0,18,6,24,2,8,47,9,66,10,10,20,86
09/21/2007,LWB,WV,AEA,EN,Federal Contract Tower,2,14,14,0,30,0,0,14,0,14,2,14,28,0,44,2,0,2,46
09/22/2007,LWB,WV,AEA,EN,Federal Contract Tower,2,2,13,0,17,0,0,16,0,16,2,2,29,0,33,0,0,0,33
09/23/2007,LWB,WV,AEA,EN,Federal Contract Tower,2,7,50,0,59,0,0,16,0,16,2,7,66,0,75,10,0,10,85
09/24/2007,LWB,WV,AEA,EN,Federal Contract Tower,2,15,26,2,45,0,0,21,2,23,2,15,47,4,68,50,10,60,128
09/25/2007,LWB,WV,AEA,EN,Federal Contract Tower,4,8,21,1,34,0,0,29,0,29,4,8,50,1,63,2,0,2,65
09/26/2007,LWB,WV,AEA,EN,Federal Contract Tower,2,18,38,0,58,0,0,39,0,39,2,18,77,0,97,28,0,28,125
09/27/2007,LWB,WV,AEA,EN,Federal Contract Tower,2,12,48,0,62,0,0,4,6,10,2,12,52,6,72,16,0,16,88
09/28/2007,LWB,WV,AEA,EN,Federal Contract Tower,2,12,13,2,29,0,0,27,0,27,2,12,40,2,56,12,0,12,68
09/29/2007,LWB,WV,AEA,EN,Federal Contract Tower,2,5,19,0,26,0,0,49,0,49,2,5,68,0,75,10,0,10,85
09/30/2007,LWB,WV,AEA,EN,Federal Contract Tower,2,21,58,0,81,0,0,9,0,9,2,21,67,0,90,0,0,0,90
10/01/2007,LWB,WV,AEA,EN,Federal Contract Tower,2,11,6,0,19,0,0,70,0,70,2,11,76,0,89,12,0,12,101
10/02/2007,LWB,WV,AEA,EN,Federal Contract Tower,2,13,17,2,34,0,0,33,18,51,2,13,50,20,85,24,0,24,109
10/03/2007,LWB,WV,AEA,EN,Federal Contract Tower,2,9,11,0,22,0,0,39,0,39,2,9,50,0,61,34,0,34,95
10/04/2007,LWB,WV,AEA,EN,Federal Contract Tower,2,11,24,2,39,0,4,47,0,51,2,15,71,2,90,10,0,10,100
10/05/2007,LWB,WV,AEA,EN,Federal Contract Tower,2,24,41,0,67,0,0,4,0,4,2,24,45,0,71,0,0,0,71
10/06/2007,LWB,WV,AEA,EN,Federal Contract Tower,2,26,60,0,88,0,0,6,0,6,2,26,66,0,94,0,0,0,94
10/07/2007,LWB,WV,AEA,EN,Federal Contract Tower,2,21,22,0,45,0,0,15,0,15,2,21,37,0,60,4,0,4,64
10/08/2007,LWB,WV,AEA,EN,Federal Contract Tower,2,16,25,0,43,0,0,19,0,19,2,16,44,0,62,22,0,22,84
10/09/2007,LWB,WV,AEA,EN,Federal Contract Tower,4,51,69,0,124,0,2,7,0,9,4,53,76,0,133,0,0,0,133
10/10/2007,LWB,WV,AEA,EN,Federal Contract Tower,2,29,44,0,75,0,0,12,0,12,2,29,56,0,87,10,0,10,97
10/11/2007,LWB,WV,AEA,EN,Federal Contract Tower,8,12,47,0,67,0,0,5,0,5,8,12,52,0,72,0,0,0,72
10/12/2007,LWB,WV,AEA,EN,Federal Contract Tower,2,12,26,6,46,0,4,14,0,18,2,16,40,6,64,2,0,2,66
10/13/2007,LWB,WV,AEA,EN,Federal Contract Tower,2,6,22,0,30,0,0,52,0,52,2,6,74,0,82,0,0,0,82
10/14/2007,LWB,WV,AEA,EN,Federal Contract Tower,9,11,61,0,81,0,0,31,0,31,9,11,92,0,112,0,0,0,112
10/15/2007,LWB,WV,AEA,EN,Federal Contract Tower,2,15,13,0,30,0,0,9,2,11,2,15,22,2,41,10,0,10,51
10/16/2007,LWB,WV,AEA,EN,Federal Contract Tower,2,10,22,0,34,0,0,14,0,14,2,10,36,0,48,10,0,10,58
10/17/2007,LWB,WV,AEA,EN,Federal Contract Tower,6,11,43,0,60,0,0,35,0,35,6,11,78,0,95,30,0,30,125
10/18/2007,LWB,WV,AEA,EN,Federal Contract Tower,2,25,45,0,72,0,0,11,0,11,2,25,56,0,83,0,0,0,83
10/19/2007,LWB,WV,AEA,EN,Federal Contract Tower,6,13,27,0,46,0,0,3,0,3,6,13,30,0,49,0,0,0,49
10/20/2007,LWB,WV,AEA,EN,Federal Contract Tower,2,21,32,0,55,0,0,18,0,18,2,21,50,0,73,0,0,0,73
10/21/2007,LWB,WV,AEA,EN,Federal Contract Tower,2,11,42,0,55,0,0,41,0,41,2,11,83,0,96,0,0,0,96
10/22/2007,LWB,WV,AEA,EN,Federal Contract Tower,2,8,8,0,18,0,0,17,0,17,2,8,25,0,35,14,0,14,49
10/23/2007,LWB,WV,AEA,EN,Federal Contract Tower,2,8,11,0,21,0,0,2,0,2,2,8,13,0,23,0,0,0,23
10/24/2007,LWB,WV,AEA,EN,Federal Contract Tower,2,18,25,0,45,0,0,0,0,0,2,18,25,0,45,0,0,0,45
10/25/2007,LWB,WV,AEA,EN,Federal Contract Tower,2,7,23,0,32,0,0,0,0,0,2,7,23,0,32,0,0,0,32
10/26/2007,LWB,WV,AEA,EN,Federal Contract Tower,2,19,20,0,41,0,0,2,0,2,2,19,22,0,43,0,0,0,43
10/27/2007,LWB,WV,AEA,EN,Federal Contract Tower,2,5,18,0,25,0,0,10,0,10,2,5,28,0,35,0,0,0,35
10/28/2007,LWB,WV,AEA,EN,Federal Contract Tower,2,19,23,0,44,0,0,22,0,22,2,19,45,0,66,0,0,0,66
10/29/2007,LWB,WV,AEA,EN,Federal Contract Tower,4,8,5,0,17,0,0,39,0,39,4,8,44,0,56,18,0,18,74
10/30/2007,LWB,WV,AEA,EN,Federal Contract Tower,2,5,10,0,17,0,0,15,0,15,2,5,25,0,32,24,0,24,56
10/31/2007,LWB,WV,AEA,EN,Federal Contract Tower,2,7,8,0,17,0,0,16,0,16,2,7,24,0,33,10,0,10,43
11/01/2007,LWB,WV,AEA,EN,Federal Contract Tower,2,8,7,0,17,0,0,3,2,5,2,8,10,2,22,0,0,0,22
11/02/2007,LWB,WV,AEA,EN,Federal Contract Tower,2,7,7,0,16,0,0,19,0,19,2,7,26,0,35,2,0,2,37
11/03/2007,LWB,WV,AEA,EN,Federal Contract Tower,2,2,8,0,12,0,0,23,0,23,2,2,31,0,35,16,0,16,51
11/04/2007,LWB,WV,AEA,EN,Federal Contract Tower,2,11,18,0,31,0,0,34,0,34,2,11,52,0,65,20,0,20,85
11/05/2007,LWB,WV,AEA,EN,Federal Contract Tower,2,7,11,0,20,0,0,34,0,34,2,7,45,0,54,0,0,0,54
11/06/2007,LWB,WV,AEA,EN,Federal Contract Tower,0,5,16,0,21,0,2,8,10,20,0,7,24,10,41,0,0,0,41
11/07/2007,LWB,WV,AEA,EN,Federal Contract Tower,0,4,13,0,17,0,0,35,0,35,0,4,48,0,52,0,0,0,52
11/08/2007,LWB,WV,AEA,EN,Federal Contract Tower,0,8,9,4,21,0,0,51,4,55,0,8,60,8,76,32,12,44,120
11/09/2007,LWB,WV,AEA,EN,Federal Contract Tower,0,5,12,0,17,0,0,10,4,14,0,5,22,4,31,20,0,20,51
11/10/2007,LWB,WV,AEA,EN,Federal Contract Tower,0,2,2,0,4,0,0,1,0,1,0,2,3,0,5,0,0,0,5
11/11/2007,LWB,WV,AEA,EN,Federal Contract Tower,0,11,26,0,37,0,0,29,0,29,0,11,55,0,66,0,0,0,66
11/12/2007,LWB,WV,AEA,EN,Federal Contract Tower,0,4,15,0,19,0,0,29,0,29,0,4,44,0,48,26,0,26,74
11/13/2007,LWB,WV,AEA,EN,Federal Contract Tower,0,8,17,0,25,0,0,4,0,4,0,8,21,0,29,16,0,16,45
11/14/2007,LWB,WV,AEA,EN,Federal Contract Tower,2,5,21,0,28,0,0,0,0,0,2,5,21,0,28,0,0,0,28
11/15/2007,LWB,WV,AEA,EN,Federal Contract Tower,0,2,23,0,25,0,0,0,0,0,0,2,23,0,25,0,0,0,25
11/16/2007,LWB,WV,AEA,EN,Federal Contract Tower,0,6,18,3,27,0,0,9,0,9,0,6,27,3,36,0,0,0,36
11/17/2007,LWB,WV,AEA,EN,Federal Contract Tower,0,2,11,0,13,0,4,17,0,21,0,6,28,0,34,10,0,10,44
11/18/2007,LWB,WV,AEA,EN,Federal Contract Tower,0,7,5,0,12,0,0,24,0,24,0,7,29,0,36,20,0,20,56
11/19/2007,LWB,WV,AEA,EN,Federal Contract Tower,0,4,10,0,14,0,0,16,0,16,0,4,26,0,30,46,0,46,76
11/20/2007,LWB,WV,AEA,EN,Federal Contract Tower,0,4,14,0,18,0,4,13,0,17,0,8,27,0,35,20,0,20,55
11/21/2007,LWB,WV,AEA,EN,Federal Contract Tower,0,14,33,0,47,0,0,20,0,20,0,14,53,0,67,0,0,0,67
11/22/2007,LWB,WV,AEA,EN,Federal Contract Tower,0,6,2,0,8,0,0,0,0,0,0,6,2,0,8,0,0,0,8
11/23/2007,LWB,WV,AEA,EN,Federal Contract Tower,0,8,5,0,13,0,0,4,0,4,0,8,9,0,17,0,0,0,17
11/24/2007,LWB,WV,AEA,EN,Federal Contract Tower,0,4,13,0,17,0,0,22,0,22,0,4,35,0,39,0,0,0,39
11/25/2007,LWB,WV,AEA,EN,Federal Contract Tower,0,15,36,0,51,0,0,3,0,3,0,15,39,0,54,0,0,0,54
11/26/2007,LWB,WV,AEA,EN,Federal Contract Tower,0,4,3,0,7,0,0,0,0,0,0,4,3,0,7,0,0,0,7
11/27/2007,LWB,WV,AEA,EN,Federal Contract Tower,0,3,7,0,10,0,0,1,0,1,0,3,8,0,11,0,0,0,11
11/28/2007,LWB,WV,AEA,EN,Federal Contract Tower,0,6,5,4,15,0,0,21,2,23,0,6,26,6,38,26,0,26,64
11/29/2007,LWB,WV,AEA,EN,Federal Contract Tower,0,10,8,0,18,0,0,5,0,5,0,10,13,0,23,0,0,0,23
11/30/2007,LWB,WV,AEA,EN,Federal Contract Tower,0,4,2,0,6,0,0,8,0,8,0,4,10,0,14,0,0,0,14
12/01/2007,LWB,WV,AEA,EN,Federal Contract Tower,0,0,7,0,7,0,0,27,18,45,0,0,34,18,52,0,0,0,52
12/02/2007,LWB,WV,AEA,EN,Federal Contract Tower,0,5,6,0,11,0,0,3,0,3,0,5,9,0,14,0,0,0,14
12/03/2007,LWB,WV,AEA,EN,Federal Contract Tower,0,5,4,0,9,0,0,0,0,0,0,5,4,0,9,0,0,0,9
12/04/2007,LWB,WV,AEA,EN,Federal Contract Tower,0,6,14,0,20,0,0,1,0,1,0,6,15,0,21,0,0,0,21
12/05/2007,LWB,WV,AEA,EN,Federal Contract Tower,0,4,2,0,6,0,0,0,0,0,0,4,2,0,6,0,0,0,6
12/06/2007,LWB,WV,AEA,EN,Federal Contract Tower,0,6,9,0,15,0,0,14,0,14,0,6,23,0,29,0,0,0,29
12/07/2007,LWB,WV,AEA,EN,Federal Contract Tower,0,0,6,0,6,0,0,0,0,0,0,0,6,0,6,0,0,0,6
12/08/2007,LWB,WV,AEA,EN,Federal Contract Tower,0,0,2,0,2,0,0,0,0,0,0,0,2,0,2,0,0,0,2
12/09/2007,LWB,WV,AEA,EN,Federal Contract Tower,0,4,7,0,11,0,0,8,0,8,0,4,15,0,19,0,0,0,19
12/10/2007,LWB,WV,AEA,EN,Federal Contract Tower,0,5,9,0,14,0,0,3,0,3,0,5,12,0,17,0,0,0,17
12/11/2007,LWB,WV,AEA,EN,Federal Contract Tower,0,10,7,0,17,0,0,28,0,28,0,10,35,0,45,26,0,26,71
12/12/2007,LWB,WV,AEA,EN,Federal Contract Tower,0,9,7,0,16,0,4,0,0,4,0,13,7,0,20,0,0,0,20
12/13/2007,LWB,WV,AEA,EN,Federal Contract Tower,0,4,13,0,17,0,0,0,0,0,0,4,13,0,17,0,0,0,17
12/14/2007,LWB,WV,AEA,EN,Federal Contract Tower,0,9,17,2,28,0,4,14,4,22,0,13,31,6,50,10,16,26,76
12/15/2007,LWB,WV,AEA,EN,Federal Contract Tower,0,0,7,0,7,0,0,0,0,0,0,0,7,0,7,0,0,0,7
12/16/2007,LWB,WV,AEA,EN,Federal Contract Tower,0,0,5,0,5,0,0,0,0,0,0,0,5,0,5,0,0,0,5
12/17/2007,LWB,WV,AEA,EN,Federal Contract Tower,0,5,3,0,8,0,0,3,4,7,0,5,6,4,15,0,0,0,15
12/18/2007,LWB,WV,AEA,EN,Federal Contract Tower,0,7,11,0,18,0,4,51,0,55,0,11,62,0,73,32,0,32,105
12/19/2007,LWB,WV,AEA,EN,Federal Contract Tower,0,5,8,0,13,0,3,0,0,3,0,8,8,0,16,0,0,0,16
12/20/2007,LWB,WV,AEA,EN,Federal Contract Tower,2,4,8,0,14,0,4,26,0,30,2,8,34,0,44,0,0,0,44
12/21/2007,LWB,WV,AEA,EN,Federal Contract Tower,0,6,9,0,15,0,0,0,0,0,0,6,9,0,15,0,0,0,15
12/22/2007,LWB,WV,AEA,EN,Federal Contract Tower,0,8,8,0,16,0,0,0,0,0,0,8,8,0,16,0,0,0,16
12/23/2007,LWB,WV,AEA,EN,Federal Contract Tower,0,6,16,0,22,0,0,1,0,1,0,6,17,0,23,0,0,0,23
12/24/2007,LWB,WV,AEA,EN,Federal Contract Tower,0,4,4,0,8,0,0,6,0,6,0,4,10,0,14,0,0,0,14
12/25/2007,LWB,WV,AEA,EN,Federal Contract Tower,0,4,1,0,5,0,0,4,0,4,0,4,5,0,9,0,0,0,9
12/26/2007,LWB,WV,AEA,EN,Federal Contract Tower,0,8,21,0,29,0,0,43,0,43,0,8,64,0,72,4,0,4,76
12/27/2007,LWB,WV,AEA,EN,Federal Contract Tower,0,8,16,0,24,0,2,10,0,12,0,10,26,0,36,0,0,0,36
12/28/2007,LWB,WV,AEA,EN,Federal Contract Tower,0,7,13,0,20,0,0,2,0,2,0,7,15,0,22,0,0,0,22
12/29/2007,LWB,WV,AEA,EN,Federal Contract Tower,0,9,14,0,23,0,0,6,0,6,0,9,20,0,29,4,0,4,33
12/30/2007,LWB,WV,AEA,EN,Federal Contract Tower,0,9,5,0,14,0,0,0,0,0,0,9,5,0,14,0,0,0,14
12/31/2007,LWB,WV,AEA,EN,Federal Contract Tower,0,0,17,0,17,0,0,96,0,96,0,0,113,0,113,24,0,24,137
01/01/2008,LWB,WV,AEA,EN,Federal Contract Tower,0,12,17,0,29,0,0,2,0,2,0,12,19,0,31,0,0,0,31
01/02/2008,LWB,WV,AEA,EN,Federal Contract Tower,0,6,7,0,13,0,0,0,0,0,0,6,7,0,13,0,0,0,13
01/03/2008,LWB,WV,AEA,EN,Federal Contract Tower,0,6,3,0,9,0,8,12,0,20,0,14,15,0,29,0,0,0,29
01/04/2008,LWB,WV,AEA,EN,Federal Contract Tower,0,6,9,4,19,0,0,16,0,16,0,6,25,4,35,0,0,0,35
01/05/2008,LWB,WV,AEA,EN,Federal Contract Tower,0,2,2,0,4,0,0,23,0,23,0,2,25,0,27,6,0,6,33
01/06/2008,LWB,WV,AEA,EN,Federal Contract Tower,0,6,14,0,20,0,0,39,0,39,0,6,53,0,59,20,0,20,79
01/07/2008,LWB,WV,AEA,EN,Federal Contract Tower,0,6,12,0,18,0,0,18,2,20,0,6,30,2,38,46,0,46,84
01/08/2008,LWB,WV,AEA,EN,Federal Contract Tower,0,4,7,0,11,0,0,12,0,12,0,4,19,0,23,0,0,0,23
01/09/2008,LWB,WV,AEA,EN,Federal Contract Tower,0,4,3,0,7,0,0,4,4,8,0,4,7,4,15,0,0,0,15
01/10/2008,LWB,WV,AEA,EN,Federal Contract Tower,0,5,3,0,8,0,0,0,0,0,0,5,3,0,8,0,0,0,8
01/11/2008,LWB,WV,AEA,EN,Federal Contract Tower,2,4,5,0,11,0,0,0,0,0,2,4,5,0,11,0,0,0,11
01/12/2008,LWB,WV,AEA,EN,Federal Contract Tower,0,2,5,0,7,0,0,35,0,35,0,2,40,0,42,44,0,44,86
01/13/2008,LWB,WV,AEA,EN,Federal Contract Tower,0,6,7,0,13,0,0,0,0,0,0,6,7,0,13,0,0,0,13
01/14/2008,LWB,WV,AEA,EN,Federal Contract Tower,0,4,2,0,6,0,0,0,0,0,0,4,2,0,6,0,0,0,6
01/15/2008,LWB,WV,AEA,EN,Federal Contract Tower,0,4,1,0,5,0,0,5,0,5,0,4,6,0,10,0,0,0,10
01/16/2008,LWB,WV,AEA,EN,Federal Contract Tower,0,4,9,2,15,0,0,20,2,22,0,4,29,4,37,4,10,14,51
01/17/2008,LWB,WV,AEA,EN,Federal Contract Tower,0,7,0,0,7,0,0,0,0,0,0,7,0,0,7,0,0,0,7
01/18/2008,LWB,WV,AEA,EN,Federal Contract Tower,0,8,14,0,22,0,8,9,0,17,0,16,23,0,39,0,0,0,39
01/19/2008,LWB,WV,AEA,EN,Federal Contract Tower,0,2,2,0,4,0,0,7,0,7,0,2,9,0,11,0,0,0,11
01/20/2008,LWB,WV,AEA,EN,Federal Contract Tower,0,6,7,0,13,0,2,6,0,8,0,8,13,0,21,0,0,0,21
01/21/2008,LWB,WV,AEA,EN,Federal Contract Tower,0,6,10,0,16,0,6,39,0,45,0,12,49,0,61,0,0,0,61
01/22/2008,LWB,WV,AEA,EN,Federal Contract Tower,0,4,3,0,7,0,0,0,0,0,0,4,3,0,7,0,0,0,7
01/23/2008,LWB,WV,AEA,EN,Federal Contract Tower,0,2,12,0,14,0,0,24,11,35,0,2,36,11,49,0,0,0,49
01/24/2008,LWB,WV,AEA,EN,Federal Contract Tower,0,8,10,4,22,0,0,1,0,1,0,8,11,4,23,0,0,0,23
01/25/2008,LWB,WV,AEA,EN,Federal Contract Tower,0,4,4,4,12,0,0,36,6,42,0,4,40,10,54,0,0,0,54
01/26/2008,LWB,WV,AEA,EN,Federal Contract Tower,0,0,9,0,9,0,0,4,0,4,0,0,13,0,13,0,0,0,13
01/27/2008,LWB,WV,AEA,EN,Federal Contract Tower,0,6,1,0,7,0,4,1,0,5,0,10,2,0,12,0,0,0,12
01/28/2008,LWB,WV,AEA,EN,Federal Contract Tower,0,6,4,0,10,0,0,22,0,22,0,6,26,0,32,16,0,16,48
01/29/2008,LWB,WV,AEA,EN,Federal Contract Tower,0,4,5,0,9,0,0,11,0,11,0,4,16,0,20,0,0,0,20
01/30/2008,LWB,WV,AEA,EN,Federal Contract Tower,0,8,2,0,10,0,0,2,0,2,0,8,4,0,12,0,0,0,12
01/31/2008,LWB,WV,AEA,EN,Federal Contract Tower,0,4,3,2,9,0,0,10,6,16,0,4,13,8,25,8,0,8,33
02/01/2008,LWB,WV,AEA,EN,Federal Contract Tower,0,2,3,0,5,0,0,0,0,0,0,2,3,0,5,0,0,0,5
02/02/2008,LWB,WV,AEA,EN,Federal Contract Tower,0,2,2,0,4,0,4,12,0,16,0,6,14,0,20,0,0,0,20
02/03/2008,LWB,WV,AEA,EN,Federal Contract Tower,0,4,5,0,9,0,0,20,0,20,0,4,25,0,29,0,0,0,29
02/04/2008,LWB,WV,AEA,EN,Federal Contract Tower,0,4,7,0,11,0,0,0,0,0,0,4,7,0,11,0,0,0,11
02/05/2008,LWB,WV,AEA,EN,Federal Contract Tower,0,4,7,0,11,0,0,4,0,4,0,4,11,0,15,10,0,10,25
02/06/2008,LWB,WV,AEA,EN,Federal Contract Tower,0,4,2,0,6,0,0,0,0,0,0,4,2,0,6,0,0,0,6
02/07/2008,LWB,WV,AEA,EN,Federal Contract Tower,2,4,4,0,10,0,0,10,14,24,2,4,14,14,34,0,0,0,34
02/08/2008,LWB,WV,AEA,EN,Federal Contract Tower,0,4,6,0,10,0,0,29,0,29,0,4,35,0,39,28,0,28,67
02/09/2008,LWB,WV,AEA,EN,Federal Contract Tower,0,0,0,0,0,0,0,47,0,47,0,0,47,0,47,75,0,75,122
02/10/2008,LWB,WV,AEA,EN,Federal Contract Tower,0,2,3,0,5,0,0,3,0,3,0,2,6,0,8,0,0,0,8
02/11/2008,LWB,WV,AEA,EN,Federal Contract Tower,0,4,7,0,11,0,0,5,4,9,0,4,12,4,20,16,0,16,36
02/12/2008,LWB,WV,AEA,EN,Federal Contract Tower,0,2,3,0,5,0,0,2,0,2,0,2,5,0,7,0,0,0,7
02/13/2008,LWB,WV,AEA,EN,Federal Contract Tower,0,5,4,0,9,0,0,0,0,0,0,5,4,0,9,0,0,0,9
02/14/2008,LWB,WV,AEA,EN,Federal Contract Tower,0,5,16,0,21,0,0,35,0,35,0,5,51,0,56,22,0,22,78
02/15/2008,LWB,WV,AEA,EN,Federal Contract Tower,2,4,15,0,21,0,2,11,0,13,2,6,26,0,34,2,0,2,36
02/16/2008,LWB,WV,AEA,EN,Federal Contract Tower,0,5,2,0,7,0,0,20,0,20,0,5,22,0,27,0,0,0,27
02/17/2008,LWB,WV,AEA,EN,Federal Contract Tower,0,6,8,0,14,0,0,4,0,4,0,6,12,0,18,0,0,0,18
02/18/2008,LWB,WV,AEA,EN,Federal Contract Tower,0,3,15,0,18,0,0,0,0,0,0,3,15,0,18,0,0,0,18
02/19/2008,LWB,WV,AEA,EN,Federal Contract Tower,0,6,1,0,7,0,4,6,0,10,0,10,7,0,17,0,0,0,17
02/20/2008,LWB,WV,AEA,EN,Federal Contract Tower,0,4,5,0,9,0,0,2,0,2,0,4,7,0,11,0,0,0,11
02/21/2008,LWB,WV,AEA,EN,Federal Contract Tower,0,4,6,0,10,0,0,4,0,4,0,4,10,0,14,20,0,20,34
02/22/2008,LWB,WV,AEA,EN,Federal Contract Tower,0,5,6,0,11,0,0,0,0,0,0,5,6,0,11,0,0,0,11
02/23/2008,LWB,WV,AEA,EN,Federal Contract Tower,0,6,6,0,12,0,0,4,0,4,0,6,10,0,16,0,0,0,16
02/24/2008,LWB,WV,AEA,EN,Federal Contract Tower,0,6,9,1,16,0,0,8,3,11,0,6,17,4,27,0,2,2,29
02/25/2008,LWB,WV,AEA,EN,Federal Contract Tower,0,5,6,0,11,0,0,38,0,38,0,5,44,0,49,20,0,20,69
02/26/2008,LWB,WV,AEA,EN,Federal Contract Tower,0,2,2,0,4,0,0,0,0,0,0,2,2,0,4,0,0,0,4
02/27/2008,LWB,WV,AEA,EN,Federal Contract Tower,0,7,6,0,13,0,0,0,0,0,0,7,6,0,13,0,0,0,13
02/28/2008,LWB,WV,AEA,EN,Federal Contract Tower,2,9,4,0,15,2,0,10,0,12,4,9,14,0,27,0,0,0,27
02/29/2008,LWB,WV,AEA,EN,Federal Contract Tower,0,10,7,0,17,0,0,7,0,7,0,10,14,0,24,0,0,0,24
03/01/2008,LWB,WV,AEA,EN,Federal Contract Tower,0,3,5,0,8,0,0,0,0,0,0,3,5,0,8,0,0,0,8
03/02/2008,LWB,WV,AEA,EN,Federal Contract Tower,0,10,8,0,18,0,0,32,0,32,0,10,40,0,50,30,0,30,80
03/03/2008,LWB,WV,AEA,EN,Federal Contract Tower,0,5,5,0,10,0,0,7,0,7,0,5,12,0,17,0,0,0,17
03/04/2008,LWB,WV,AEA,EN,Federal Contract Tower,0,3,5,0,8,0,0,0,0,0,0,3,5,0,8,0,0,0,8
03/05/2008,LWB,WV,AEA,EN,Federal Contract Tower,0,8,3,0,11,0,0,18,20,38,0,8,21,20,49,0,0,0,49
03/06/2008,LWB,WV,AEA,EN,Federal Contract Tower,0,7,2,0,9,0,0,26,0,26,0,7,28,0,35,14,0,14,49
03/07/2008,LWB,WV,AEA,EN,Federal Contract Tower,0,9,7,0,16,0,0,0,0,0,0,9,7,0,16,0,0,0,16
03/08/2008,LWB,WV,AEA,EN,Federal Contract Tower,0,3,0,0,3,0,0,0,0,0,0,3,0,0,3,0,0,0,3
03/09/2008,LWB,WV,AEA,EN,Federal Contract Tower,0,7,1,0,8,0,0,11,0,11,0,7,12,0,19,0,0,0,19
03/10/2008,LWB,WV,AEA,EN,Federal Contract Tower,0,6,0,0,6,0,0,16,0,16,0,6,16,0,22,2,0,2,24
03/11/2008,LWB,WV,AEA,EN,Federal Contract Tower,0,6,7,0,13,0,4,26,0,30,0,10,33,0,43,20,0,20,63
03/12/2008,LWB,WV,AEA,EN,Federal Contract Tower,0,4,9,2,15,0,4,25,0,29,0,8,34,2,44,0,0,0,44
03/13/2008,LWB,WV,AEA,EN,Federal Contract Tower,0,4,2,0,6,0,0,12,0,12,0,4,14,0,18,0,0,0,18
03/14/2008,LWB,WV,AEA,EN,Federal Contract Tower,0,4,11,0,15,0,0,6,0,6,0,4,17,0,21,16,0,16,37
03/15/2008,LWB,WV,AEA,EN,Federal Contract Tower,0,2,9,0,11,0,0,11,0,11,0,2,20,0,22,4,0,4,26
03/16/2008,LWB,WV,AEA,EN,Federal Contract Tower,0,4,7,0,11,0,0,3,0,3,0,4,10,0,14,0,0,0,14
03/17/2008,LWB,WV,AEA,EN,Federal Contract Tower,0,4,4,0,8,0,0,16,0,16,0,4,20,0,24,26,0,26,50
03/18/2008,LWB,WV,AEA,EN,Federal Contract Tower,0,6,10,0,16,0,0,4,0,4,0,6,14,0,20,0,0,0,20
03/19/2008,LWB,WV,AEA,EN,Federal Contract Tower,0,0,4,0,4,0,0,0,0,0,0,0,4,0,4,0,0,0,4
03/20/2008,LWB,WV,AEA,EN,Federal Contract Tower,0,4,15,0,19,0,0,8,0,8,0,4,23,0,27,0,0,0,27
03/21/2008,LWB,WV,AEA,EN,Federal Contract Tower,0,1,16,0,17,0,4,10,0,14,0,5,26,0,31,0,0,0,31
03/22/2008,LWB,WV,AEA,EN,Federal Contract Tower,0,3,5,0,8,0,0,3,0,3,0,3,8,0,11,0,0,0,11
03/23/2008,LWB,WV,AEA,EN,Federal Contract Tower,0,7,5,0,12,0,0,21,0,21,0,7,26,0,33,0,0,0,33
03/24/2008,LWB,WV,AEA,EN,Federal Contract Tower,0,8,2,0,10,0,0,0,0,0,0,8,2,0,10,0,0,0,10
03/25/2008,LWB,WV,AEA,EN,Federal Contract Tower,0,7,6,0,13,0,0,6,0,6,0,7,12,0,19,24,0,24,43
03/26/2008,LWB,WV,AEA,EN,Federal Contract Tower,2,4,11,0,17,0,0,2,0,2,2,4,13,0,19,0,0,0,19
03/27/2008,LWB,WV,AEA,EN,Federal Contract Tower,0,4,6,0,10,0,0,3,0,3,0,4,9,0,13,0,0,0,13
03/28/2008,LWB,WV,AEA,EN,Federal Contract Tower,0,8,12,0,20,0,0,3,0,3,0,8,15,0,23,0,0,0,23
03/29/2008,LWB,WV,AEA,EN,Federal Contract Tower,0,0,3,0,3,0,0,21,0,21,0,0,24,0,24,0,0,0,24
03/30/2008,LWB,WV,AEA,EN,Federal Contract Tower,0,5,6,0,11,0,0,1,0,1,0,5,7,0,12,0,0,0,12
03/31/2008,LWB,WV,AEA,EN,Federal Contract Tower,0,4,2,0,6,0,0,2,0,2,0,4,4,0,8,12,0,12,20
04/01/2008,LWB,WV,AEA,EN,Federal Contract Tower,0,6,8,0,14,0,0,1,0,1,0,6,9,0,15,0,0,0,15
04/02/2008,LWB,WV,AEA,EN,Federal Contract Tower,0,2,10,8,20,0,0,55,0,55,0,2,65,8,75,18,0,18,93
04/03/2008,LWB,WV,AEA,EN,Federal Contract Tower,2,5,4,4,15,0,0,0,0,0,2,5,4,4,15,0,0,0,15
04/04/2008,LWB,WV,AEA,EN,Federal Contract Tower,0,5,4,0,9,0,0,0,0,0,0,5,4,0,9,0,0,0,9
04/05/2008,LWB,WV,AEA,EN,Federal Contract Tower,0,5,4,0,9,0,0,3,0,3,0,5,7,0,12,0,0,0,12
04/06/2008,LWB,WV,AEA,EN,Federal Contract Tower,0,13,8,0,21,0,0,5,0,5,0,13,13,0,26,0,0,0,26
04/07/2008,LWB,WV,AEA,EN,Federal Contract Tower,0,7,5,0,12,0,0,7,0,7,0,7,12,0,19,22,0,22,41
04/08/2008,LWB,WV,AEA,EN,Federal Contract Tower,0,4,12,0,16,0,0,29,0,29,0,4,41,0,45,12,0,12,57
04/09/2008,LWB,WV,AEA,EN,Federal Contract Tower,0,5,1,4,10,0,0,20,4,24,0,5,21,8,34,14,46,60,94
04/10/2008,LWB,WV,AEA,EN,Federal Contract Tower,0,4,2,0,6,0,0,14,0,14,0,4,16,0,20,6,0,6,26
04/11/2008,LWB,WV,AEA,EN,Federal Contract Tower,2,3,8,0,13,0,4,22,0,26,2,7,30,0,39,10,0,10,49
04/12/2008,LWB,WV,AEA,EN,Federal Contract Tower,0,6,5,0,11,0,0,7,0,7,0,6,12,0,18,0,0,0,18
04/13/2008,LWB,WV,AEA,EN,Federal Contract Tower,0,8,6,0,14,0,8,0,0,8,0,16,6,0,22,0,0,0,22
04/14/2008,LWB,WV,AEA,EN,Federal Contract Tower,0,6,4,0,10,0,0,2,0,2,0,6,6,0,12,0,0,0,12
04/15/2008,LWB,WV,AEA,EN,Federal Contract Tower,0,4,1,0,5,0,0,13,0,13,0,4,14,0,18,20,0,20,38
04/16/2008,LWB,WV,AEA,EN,Federal Contract Tower,0,4,2,4,10,0,0,44,0,44,0,4,46,4,54,72,0,72,126
04/17/2008,LWB,WV,AEA,EN,Federal Contract Tower,0,4,6,8,18,0,0,63,1,64,0,4,69,9,82,24,20,44,126
04/18/2008,LWB,WV,AEA,EN,Federal Contract Tower,0,6,14,0,20,0,0,11,0,11,0,6,25,0,31,0,0,0,31
04/19/2008,LWB,WV,AEA,EN,Federal Contract Tower,0,2,6,0,8,0,0,12,0,12,0,2,18,0,20,0,0,0,20
04/20/2008,LWB,WV,AEA,EN,Federal Contract Tower,0,6,20,0,26,0,0,4,0,4,0,6,24,0,30,6,0,6,36
04/21/2008,LWB,WV,AEA,EN,Federal Contract Tower,0,5,13,7,25,0,0,3,2,5,0,5,16,9,30,0,0,0,30
04/22/2008,LWB,WV,AEA,EN,Federal Contract Tower,2,5,9,4,20,0,0,4,2,6,2,5,13,6,26,44,0,44,70
04/23/2008,LWB,WV,AEA,EN,Federal Contract Tower,0,6,6,0,12,0,4,6,0,10,0,10,12,0,22,0,0,0,22
04/24/2008,LWB,WV,AEA,EN,Federal Contract Tower,0,14,9,0,23,0,0,57,0,57,0,14,66,0,80,34,0,34,114
04/25/2008,LWB,WV,AEA,EN,Federal Contract Tower,0,8,18,0,26,0,0,6,0,6,0,8,24,0,32,0,0,0,32
04/26/2008,LWB,WV,AEA,EN,Federal Contract Tower,0,3,7,0,10,0,0,30,0,30,0,3,37,0,40,6,0,6,46
04/27/2008,LWB,WV,AEA,EN,Federal Contract Tower,0,12,15,0,27,0,0,24,0,24,0,12,39,0,51,30,0,30,81
04/28/2008,LWB,WV,AEA,EN,Federal Contract Tower,0,4,21,0,25,0,0,2,0,2,0,4,23,0,27,0,0,0,27
04/29/2008,LWB,WV,AEA,EN,Federal Contract Tower,0,4,3,4,11,0,0,4,2,6,0,4,7,6,17,0,10,10,27
04/30/2008,LWB,WV,AEA,EN,Federal Contract Tower,0,4,6,9,19,0,4,6,6,16,0,8,12,15,35,8,16,24,59
05/01/2008,LWB,WV,AEA,EN,Federal Contract Tower,2,4,13,0,19,0,0,15,0,15,2,4,28,0,34,0,0,0,34
05/02/2008,LWB,WV,AEA,EN,Federal Contract Tower,2,4,8,0,14,0,4,37,2,43,2,8,45,2,57,0,10,10,67
05/03/2008,LWB,WV,AEA,EN,Federal Contract Tower,2,2,6,0,10,0,0,12,10,22,2,2,18,10,32,10,0,10,42
05/04/2008,LWB,WV,AEA,EN,Federal Contract Tower,2,8,12,0,22,0,0,17,0,17,2,8,29,0,39,24,0,24,63
05/05/2008,LWB,WV,AEA,EN,Federal Contract Tower,2,7,12,6,27,0,0,36,0,36,2,7,48,6,63,0,16,16,79
05/06/2008,LWB,WV,AEA,EN,Federal Contract Tower,4,7,8,2,21,0,0,22,3,25,4,7,30,5,46,32,10,42,88
05/07/2008,LWB,WV,AEA,EN,Federal Contract Tower,4,8,4,0,16,0,0,11,2,13,4,8,15,2,29,0,0,0,29
05/08/2008,LWB,WV,AEA,EN,Federal Contract Tower,4,15,10,18,47,0,0,4,0,4,4,15,14,18,51,0,0,0,51
05/09/2008,LWB,WV,AEA,EN,Federal Contract Tower,2,6,6,1,15,0,4,22,2,28,2,10,28,3,43,0,0,0,43
05/10/2008,LWB,WV,AEA,EN,Federal Contract Tower,2,2,6,0,10,0,0,5,2,7,2,2,11,2,17,10,0,10,27
05/11/2008,LWB,WV,AEA,EN,Federal Contract Tower,4,7,11,0,22,0,2,4,0,6,4,9,15,0,28,0,0,0,28
05/12/2008,LWB,WV,AEA,EN,Federal Contract Tower,2,4,9,1,16,0,0,7,3,10,2,4,16,4,26,0,0,0,26
05/13/2008,LWB,WV,AEA,EN,Federal Contract Tower,2,2,27,0,31,0,0,41,2,43,2,2,68,2,74,20,0,20,94
05/14/2008,LWB,WV,AEA,EN,Federal Contract Tower,2,12,18,0,32,0,0,32,0,32,2,12,50,0,64,10,0,10,74
05/15/2008,LWB,WV,AEA,EN,Federal Contract Tower,4,11,28,0,43,0,0,30,0,30,4,11,58,0,73,0,0,0,73
05/16/2008,LWB,WV,AEA,EN,Federal Contract Tower,2,10,17,1,30,2,2,26,4,34,4,12,43,5,64,0,0,0,64
05/17/2008,LWB,WV,AEA,EN,Federal Contract Tower,2,7,10,2,21,0,0,37,0,37,2,7,47,2,58,0,0,0,58
05/18/2008,LWB,WV,AEA,EN,Federal Contract Tower,2,4,13,0,19,0,0,7,4,11,2,4,20,4,30,0,0,0,30
05/19/2008,LWB,WV,AEA,EN,Federal Contract Tower,2,8,14,0,24,0,0,8,0,8,2,8,22,0,32,0,0,0,32
05/20/2008,LWB,WV,AEA,EN,Federal Contract Tower,2,7,14,0,23,0,0,13,0,13,2,7,27,0,36,0,0,0,36
05/21/2008,LWB,WV,AEA,EN,Federal Contract Tower,2,6,6,0,14,0,0,21,0,21,2,6,27,0,35,0,0,0,35
05/22/2008,LWB,WV,AEA,EN,Federal Contract Tower,2,7,8,0,17,0,0,36,0,36,2,7,44,0,53,10,0,10,63
05/23/2008,LWB,WV,AEA,EN,Federal Contract Tower,2,13,16,0,31,0,0,26,0,26,2,13,42,0,57,0,0,0,57
05/24/2008,LWB,WV,AEA,EN,Federal Contract Tower,2,3,5,0,10,0,2,31,2,35,2,5,36,2,45,0,0,0,45
05/25/2008,LWB,WV,AEA,EN,Federal Contract Tower,2,9,5,0,16,0,4,24,0,28,2,13,29,0,44,0,0,0,44
05/26/2008,LWB,WV,AEA,EN,Federal Contract Tower,2,8,13,1,24,0,0,17,1,18,2,8,30,2,42,0,2,2,44
05/27/2008,LWB,WV,AEA,EN,Federal Contract Tower,2,14,19,0,35,0,0,2,0,2,2,14,21,0,37,0,0,0,37
05/28/2008,LWB,WV,AEA,EN,Federal Contract Tower,2,2,11,0,15,0,0,1,0,1,2,2,12,0,16,0,0,0,16
05/29/2008,LWB,WV,AEA,EN,Federal Contract Tower,4,1,10,0,15,2,1,13,2,18,6,2,23,2,33,16,10,26,59
05/30/2008,LWB,WV,AEA,EN,Federal Contract Tower,2,7,14,6,29,0,9,18,6,33,2,16,32,12,62,0,20,20,82
05/31/2008,LWB,WV,AEA,EN,Federal Contract Tower,2,5,2,0,9,0,0,5,8,13,2,5,7,8,22,0,0,0,22
06/01/2008,LWB,WV,AEA,EN,Federal Contract Tower,2,8,13,0,23,0,2,20,0,22,2,10,33,0,45,4,0,4,49
06/02/2008,LWB,WV,AEA,EN,Federal Contract Tower,2,7,11,0,20,0,0,22,0,22,2,7,33,0,42,20,0,20,62
06/03/2008,LWB,WV,AEA,EN,Federal Contract Tower,4,5,6,0,15,0,0,7,0,7,4,5,13,0,22,0,0,0,22
06/04/2008,LWB,WV,AEA,EN,Federal Contract Tower,2,3,13,0,18,0,0,9,0,9,2,3,22,0,27,0,0,0,27
06/05/2008,LWB,WV,AEA,EN,Federal Contract Tower,2,5,6,2,15,0,8,43,13,64,2,13,49,15,79,0,10,10,89
06/06/2008,LWB,WV,AEA,EN,Federal Contract Tower,2,1,12,0,15,0,0,32,0,32,2,1,44,0,47,14,0,14,61
06/07/2008,LWB,WV,AEA,EN,Federal Contract Tower,2,4,9,0,15,0,0,10,0,10,2,4,19,0,25,0,0,0,25
06/08/2008,LWB,WV,AEA,EN,Federal Contract Tower,2,2,15,0,19,0,0,9,0,9,2,2,24,0,28,0,0,0,28
06/09/2008,LWB,WV,AEA,EN,Federal Contract Tower,2,2,8,0,12,0,0,13,0,13,2,2,21,0,25,0,0,0,25
06/10/2008,LWB,WV,AEA,EN,Federal Contract Tower,2,3,5,0,10,0,0,5,0,5,2,3,10,0,15,22,0,22,37
06/11/2008,LWB,WV,AEA,EN,Federal Contract Tower,2,6,4,0,12,4,4,9,0,17,6,10,13,0,29,10,0,10,39
06/12/2008,LWB,WV,AEA,EN,Federal Contract Tower,2,2,19,0,23,0,0,11,0,11,2,2,30,0,34,26,0,26,60
06/13/2008,LWB,WV,AEA,EN,Federal Contract Tower,2,2,9,0,13,0,0,14,0,14,2,2,23,0,27,20,0,20,47
06/14/2008,LWB,WV,AEA,EN,Federal Contract Tower,2,1,6,0,9,0,0,6,0,6,2,1,12,0,15,0,0,0,15
06/15/2008,LWB,WV,AEA,EN,Federal Contract Tower,2,10,16,0,28,0,4,56,0,60,2,14,72,0,88,0,0,0,88
06/16/2008,LWB,WV,AEA,EN,Federal Contract Tower,4,7,6,0,17,0,0,61,0,61,4,7,67,0,78,0,0,0,78
06/17/2008,LWB,WV,AEA,EN,Federal Contract Tower,2,6,5,0,13,0,2,17,2,21,2,8,22,2,34,6,0,6,40
06/18/2008,LWB,WV,AEA,EN,Federal Contract Tower,2,12,7,0,21,0,4,12,2,18,2,16,19,2,39,0,0,0,39
06/19/2008,LWB,WV,AEA,EN,Federal Contract Tower,2,10,16,0,28,0,0,30,0,30,2,10,46,0,58,12,0,12,70
06/20/2008,LWB,WV,AEA,EN,Federal Contract Tower,2,4,12,1,19,0,14,5,8,27,2,18,17,9,46,22,20,42,88
06/21/2008,LWB,WV,AEA,EN,Federal Contract Tower,2,7,6,0,15,0,0,6,0,6,2,7,12,0,21,0,0,0,21
06/22/2008,LWB,WV,AEA,EN,Federal Contract Tower,2,19,20,0,41,0,0,22,0,22,2,19,42,0,63,0,0,0,63
06/23/2008,LWB,WV,AEA,EN,Federal Contract Tower,2,2,8,4,16,0,0,16,0,16,2,2,24,4,32,0,0,0,32
06/24/2008,LWB,WV,AEA,EN,Federal Contract Tower,2,4,9,0,15,0,0,14,0,14,2,4,23,0,29,62,0,62,91
06/25/2008,LWB,WV,AEA,EN,Federal Contract Tower,2,4,4,0,10,0,4,12,0,16,2,8,16,0,26,18,4,22,48
06/26/2008,LWB,WV,AEA,EN,Federal Contract Tower,6,13,8,0,27,0,1,11,0,12,6,14,19,0,39,6,0,6,45
06/27/2008,LWB,WV,AEA,EN,Federal Contract Tower,2,5,16,0,23,0,0,13,0,13,2,5,29,0,36,0,0,0,36
06/28/2008,LWB,WV,AEA,EN,Federal Contract Tower,2,0,11,0,13,0,0,0,0,0,2,0,11,0,13,0,0,0,13
06/29/2008,LWB,WV,AEA,EN,Federal Contract Tower,2,15,22,0,39,0,0,1,0,1,2,15,23,0,40,0,0,0,40
06/30/2008,LWB,WV,AEA,EN,Federal Contract Tower,2,2,4,0,8,0,0,2,0,2,2,2,6,0,10,0,0,0,10
07/01/2008,LWB,WV,AEA,EN,Federal Contract Tower,2,6,13,0,21,0,4,5,0,9,2,10,18,0,30,14,0,14,44
07/02/2008,LWB,WV,AEA,EN,Federal Contract Tower,2,9,17,0,28,0,0,7,8,15,2,9,24,8,43,0,20,20,63
07/03/2008,LWB,WV,AEA,EN,Federal Contract Tower,2,4,8,0,14,0,4,16,0,20,2,8,24,0,34,20,0,20,54
07/04/2008,LWB,WV,AEA,EN,Federal Contract Tower,2,0,5,0,7,0,0,0,0,0,2,0,5,0,7,16,0,16,23
07/05/2008,LWB,WV,AEA,EN,Federal Contract Tower,2,6,18,3,29,0,0,12,0,12,2,6,30,3,41,14,0,14,55
07/06/2008,LWB,WV,AEA,EN,Federal Contract Tower,2,8,21,0,31,0,0,3,0,3,2,8,24,0,34,0,0,0,34
07/07/2008,LWB,WV,AEA,EN,Federal Contract Tower,2,0,24,2,28,0,0,11,0,11,2,0,35,2,39,28,0,28,67
07/08/2008,LWB,WV,AEA,EN,Federal Contract Tower,2,3,4,0,9,0,0,0,0,0,2,3,4,0,9,0,0,0,9
07/09/2008,LWB,WV,AEA,EN,Federal Contract Tower,2,7,6,0,15,0,0,3,0,3,2,7,9,0,18,0,0,0,18
07/10/2008,LWB,WV,AEA,EN,Federal Contract Tower,4,0,9,0,13,0,0,13,0,13,4,0,22,0,26,0,0,0,26
07/11/2008,LWB,WV,AEA,EN,Federal Contract Tower,2,4,21,0,27,0,0,34,0,34,2,4,55,0,61,0,0,0,61
07/12/2008,LWB,WV,AEA,EN,Federal Contract Tower,2,1,0,0,3,0,0,34,0,34,2,1,34,0,37,0,0,0,37
07/13/2008,LWB,WV,AEA,EN,Federal Contract Tower,2,5,32,0,39,0,0,7,0,7,2,5,39,0,46,0,0,0,46
07/14/2008,LWB,WV,AEA,EN,Federal Contract Tower,2,1,8,0,11,0,2,4,0,6,2,3,12,0,17,14,0,14,31
07/15/2008,LWB,WV,AEA,EN,Federal Contract Tower,2,7,9,0,18,0,0,17,0,17,2,7,26,0,35,16,0,16,51
07/16/2008,LWB,WV,AEA,EN,Federal Contract Tower,2,8,9,0,19,0,0,32,0,32,2,8,41,0,51,0,0,0,51
07/17/2008,LWB,WV,AEA,EN,Federal Contract Tower,2,10,26,0,38,0,2,21,0,23,2,12,47,0,61,0,0,0,61
07/18/2008,LWB,WV,AEA,EN,Federal Contract Tower,2,5,23,0,30,0,0,20,0,20,2,5,43,0,50,20,0,20,70
07/19/2008,LWB,WV,AEA,EN,Federal Contract Tower,2,2,9,0,13,0,0,20,0,20,2,2,29,0,33,10,0,10,43
07/20/2008,LWB,WV,AEA,EN,Federal Contract Tower,2,2,41,0,45,0,0,0,0,0,2,2,41,0,45,0,0,0,45
07/21/2008,LWB,WV,AEA,EN,Federal Contract Tower,2,3,5,0,10,0,0,10,0,10,2,3,15,0,20,14,0,14,34
07/22/2008,LWB,WV,AEA,EN,Federal Contract Tower,2,8,28,0,38,0,0,7,0,7,2,8,35,0,45,0,0,0,45
07/23/2008,LWB,WV,AEA,EN,Federal Contract Tower,2,3,7,0,12,0,0,1,0,1,2,3,8,0,13,0,0,0,13
07/24/2008,LWB,WV,AEA,EN,Federal Contract Tower,4,1,24,0,29,0,0,37,0,37,4,1,61,0,66,30,0,30,96
07/25/2008,LWB,WV,AEA,EN,Federal Contract Tower,2,4,9,0,15,0,0,20,2,22,2,4,29,2,37,20,0,20,57
07/26/2008,LWB,WV,AEA,EN,Federal Contract Tower,2,0,16,0,18,0,0,0,0,0,2,0,16,0,18,0,0,0,18
07/27/2008,LWB,WV,AEA,EN,Federal Contract Tower,2,5,35,0,42,0,0,0,0,0,2,5,35,0,42,0,0,0,42
07/28/2008,LWB,WV,AEA,EN,Federal Contract Tower,1,14,15,2,32,0,0,0,0,0,1,14,15,2,32,20,0,20,52
07/29/2008,LWB,WV,AEA,EN,Federal Contract Tower,3,12,21,4,40,0,1,6,2,9,3,13,27,6,49,12,20,32,81
07/30/2008,LWB,WV,AEA,EN,Federal Contract Tower,2,7,26,2,37,0,0,18,3,21,2,7,44,5,58,0,0,0,58
07/31/2008,LWB,WV,AEA,EN,Federal Contract Tower,4,4,11,5,24,0,0,3,2,5,4,4,14,7,29,0,0,0,29
08/01/2008,LWB,WV,AEA,EN,Federal Contract Tower,2,9,23,0,34,0,0,5,0,5,2,9,28,0,39,0,0,0,39
08/02/2008,LWB,WV,AEA,EN,Federal Contract Tower,2,6,10,2,20,0,0,8,0,8,2,6,18,2,28,20,0,20,48
08/03/2008,LWB,WV,AEA,EN,Federal Contract Tower,2,5,64,0,71,0,0,0,0,0,2,5,64,0,71,16,0,16,87
08/04/2008,LWB,WV,AEA,EN,Federal Contract Tower,2,5,6,0,13,0,0,5,0,5,2,5,11,0,18,0,0,0,18
08/05/2008,LWB,WV,AEA,EN,Federal Contract Tower,2,4,16,0,22,0,0,6,0,6,2,4,22,0,28,0,0,0,28
08/06/2008,LWB,WV,AEA,EN,Federal Contract Tower,2,3,11,2,18,0,0,3,0,3,2,3,14,2,21,0,0,0,21
08/07/2008,LWB,WV,AEA,EN,Federal Contract Tower,2,6,10,0,18,0,0,5,0,5,2,6,15,0,23,22,0,22,45
08/08/2008,LWB,WV,AEA,EN,Federal Contract Tower,2,9,19,0,30,0,9,10,0,19,2,18,29,0,49,0,0,0,49
08/09/2008,LWB,WV,AEA,EN,Federal Contract Tower,2,7,6,0,15,0,0,36,2,38,2,7,42,2,53,0,14,14,67
08/10/2008,LWB,WV,AEA,EN,Federal Contract Tower,2,13,34,0,49,0,0,40,0,40,2,13,74,0,89,20,0,20,109
08/11/2008,LWB,WV,AEA,EN,Federal Contract Tower,2,3,7,0,12,0,0,26,0,26,2,3,33,0,38,12,0,12,50
08/12/2008,LWB,WV,AEA,EN,Federal Contract Tower,3,2,20,0,25,0,0,27,0,27,3,2,47,0,52,0,0,0,52
08/13/2008,LWB,WV,AEA,EN,Federal Contract Tower,2,6,18,0,26,0,0,7,0,7,2,6,25,0,33,10,0,10,43
08/14/2008,LWB,WV,AEA,EN,Federal Contract Tower,3,11,7,2,23,0,0,13,8,21,3,11,20,10,44,0,16,16,60
08/15/2008,LWB,WV,AEA,EN,Federal Contract Tower,2,5,27,0,34,0,0,7,0,7,2,5,34,0,41,22,0,22,63
08/16/2008,LWB,WV,AEA,EN,Federal Contract Tower,2,5,9,8,24,0,0,30,8,38,2,5,39,16,62,0,10,10,72
08/17/2008,LWB,WV,AEA,EN,Federal Contract Tower,2,7,20,0,29,0,0,24,0,24,2,7,44,0,53,0,0,0,53
08/18/2008,LWB,WV,AEA,EN,Federal Contract Tower,2,7,27,0,36,0,8,0,0,8,2,15,27,0,44,0,0,0,44
08/19/2008,LWB,WV,AEA,EN,Federal Contract Tower,2,2,16,5,25,0,0,25,8,33,2,2,41,13,58,16,20,36,94
08/20/2008,LWB,WV,AEA,EN,Federal Contract Tower,2,4,5,0,11,0,0,9,4,13,2,4,14,4,24,4,0,4,28
08/21/2008,LWB,WV,AEA,EN,Federal Contract Tower,2,8,16,2,28,0,0,9,0,9,2,8,25,2,37,20,0,20,57
08/22/2008,LWB,WV,AEA,EN,Federal Contract Tower,2,5,15,2,24,0,0,10,0,10,2,5,25,2,34,14,0,14,48
08/23/2008,LWB,WV,AEA,EN,Federal Contract Tower,2,5,10,0,17,0,0,4,6,10,2,5,14,6,27,0,0,0,27
08/24/2008,LWB,WV,AEA,EN,Federal Contract Tower,2,8,24,0,34,0,0,11,0,11,2,8,35,0,45,0,0,0,45
08/25/2008,LWB,WV,AEA,EN,Federal Contract Tower,2,1,11,2,16,0,0,10,0,10,2,1,21,2,26,10,0,10,36
08/26/2008,LWB,WV,AEA,EN,Federal Contract Tower,2,2,15,0,19,0,0,16,0,16,2,2,31,0,35,34,0,34,69
08/27/2008,LWB,WV,AEA,EN,Federal Contract Tower,2,0,9,0,11,0,0,1,0,1,2,0,10,0,12,0,0,0,12
08/28/2008,LWB,WV,AEA,EN,Federal Contract Tower,4,4,11,0,19,0,0,0,0,0,4,4,11,0,19,0,0,0,19
08/29/2008,LWB,WV,AEA,EN,Federal Contract Tower,2,5,30,0,37,0,0,9,0,9,2,5,39,0,46,12,0,12,58
08/30/2008,LWB,WV,AEA,EN,Federal Contract Tower,2,6,18,2,28,0,4,7,0,11,2,10,25,2,39,10,14,24,63
08/31/2008,LWB,WV,AEA,EN,Federal Contract Tower,2,5,15,0,22,0,0,1,0,1,2,5,16,0,23,0,0,0,23
09/01/2008,LWB,WV,AEA,EN,Federal Contract Tower,2,10,24,0,36,0,0,7,0,7,2,10,31,0,43,16,0,16,59
09/02/2008,LWB,WV,AEA,EN,Federal Contract Tower,2,7,9,0,18,0,15,18,0,33,2,22,27,0,51,0,0,0,51
09/03/2008,LWB,WV,AEA,EN,Federal Contract Tower,2,4,6,0,12,0,0,30,0,30,2,4,36,0,42,36,0,36,78
09/04/2008,LWB,WV,AEA,EN,Federal Contract Tower,2,8,7,0,17,0,2,8,0,10,2,10,15,0,27,14,0,14,41
09/05/2008,LWB,WV,AEA,EN,Federal Contract Tower,2,7,7,2,18,0,0,15,0,15,2,7,22,2,33,24,2,26,59
09/06/2008,LWB,WV,AEA,EN,Federal Contract Tower,2,4,6,0,12,0,0,0,0,0,2,4,6,0,12,0,0,0,12
09/07/2008,LWB,WV,AEA,EN,Federal Contract Tower,2,10,10,2,24,0,2,11,2,15,2,12,21,4,39,0,0,0,39
09/08/2008,LWB,WV,AEA,EN,Federal Contract Tower,2,7,14,8,31,0,4,36,11,51,2,11,50,19,82,10,0,10,92
09/09/2008,LWB,WV,AEA,EN,Federal Contract Tower,2,12,9,0,23,0,0,8,0,8,2,12,17,0,31,0,0,0,31
09/10/2008,LWB,WV,AEA,EN,Federal Contract Tower,2,6,7,0,15,0,0,12,2,14,2,6,19,2,29,0,0,0,29
09/11/2008,LWB,WV,AEA,EN,Federal Contract Tower,13,11,21,0,45,0,0,16,0,16,13,11,37,0,61,44,0,44,105
09/12/2008,LWB,WV,AEA,EN,Federal Contract Tower,2,5,19,0,26,0,0,12,0,12,2,5,31,0,38,48,0,48,86
09/13/2008,LWB,WV,AEA,EN,Federal Contract Tower,2,6,3,0,11,0,0,6,0,6,2,6,9,0,17,0,0,0,17
09/14/2008,LWB,WV,AEA,EN,Federal Contract Tower,8,12,21,0,41,0,0,9,0,9,8,12,30,0,50,0,0,0,50
09/15/2008,LWB,WV,AEA,EN,Federal Contract Tower,4,8,13,0,25,0,0,15,0,15,4,8,28,0,40,44,0,44,84
09/16/2008,LWB,WV,AEA,EN,Federal Contract Tower,2,5,15,8,30,0,0,10,2,12,2,5,25,10,42,30,0,30,72
09/17/2008,LWB,WV,AEA,EN,Federal Contract Tower,3,9,9,0,21,0,0,35,6,41,3,9,44,6,62,0,0,0,62
09/18/2008,LWB,WV,AEA,EN,Federal Contract Tower,2,9,18,0,29,0,0,23,0,23,2,9,41,0,52,22,0,22,74
09/19/2008,LWB,WV,AEA,EN,Federal Contract Tower,2,7,18,0,27,0,0,10,0,10,2,7,28,0,37,13,0,13,50
09/20/2008,LWB,WV,AEA,EN,Federal Contract Tower,3,7,16,0,26,0,0,15,0,15,3,7,31,0,41,10,0,10,51
09/21/2008,LWB,WV,AEA,EN,Federal Contract Tower,2,7,21,0,30,0,0,16,0,16,2,7,37,0,46,38,0,38,84
09/22/2008,LWB,WV,AEA,EN,Federal Contract Tower,2,17,23,4,46,0,6,8,0,14,2,23,31,4,60,0,30,30,90
09/23/2008,LWB,WV,AEA,EN,Federal Contract Tower,2,15,18,0,35,0,0,3,0,3,2,15,21,0,38,10,0,10,48
09/24/2008,LWB,WV,AEA,EN,Federal Contract Tower,4,10,27,0,41,0,4,42,2,48,4,14,69,2,89,0,0,0,89
09/25/2008,LWB,WV,AEA,EN,Federal Contract Tower,4,11,34,0,49,0,0,21,0,21,4,11,55,0,70,0,0,0,70
09/26/2008,LWB,WV,AEA,EN,Federal Contract Tower,2,9,9,0,20,0,0,6,0,6,2,9,15,0,26,0,0,0,26
09/27/2008,LWB,WV,AEA,EN,Federal Contract Tower,2,7,11,0,20,0,0,0,0,0,2,7,11,0,20,0,0,0,20
09/28/2008,LWB,WV,AEA,EN,Federal Contract Tower,2,11,28,0,41,0,0,4,0,4,2,11,32,0,45,0,0,0,45
09/29/2008,LWB,WV,AEA,EN,Federal Contract Tower,2,6,9,0,17,0,0,40,0,40,2,6,49,0,57,42,0,42,99
09/30/2008,LWB,WV,AEA,EN,Federal Contract Tower,2,6,8,0,16,0,0,18,0,18,2,6,26,0,34,0,0,0,34
10/01/2008,LWB,WV,AEA,EN,Federal Contract Tower,2,4,11,0,17,0,0,11,0,11,2,4,22,0,28,24,0,24,52
10/02/2008,LWB,WV,AEA,EN,Federal Contract Tower,4,8,14,0,26,0,0,11,0,11,4,8,25,0,37,24,8,32,69
10/03/2008,LWB,WV,AEA,EN,Federal Contract Tower,2,14,12,0,28,0,1,14,2,17,2,15,26,2,45,24,0,24,69
10/04/2008,LWB,WV,AEA,EN,Federal Contract Tower,2,3,15,0,20,0,0,34,0,34,2,3,49,0,54,24,0,24,78
10/05/2008,LWB,WV,AEA,EN,Federal Contract Tower,2,7,10,0,19,0,0,18,0,18,2,7,28,0,37,14,0,14,51
10/06/2008,LWB,WV,AEA,EN,Federal Contract Tower,2,4,8,0,14,0,0,32,0,32,2,4,40,0,46,40,0,40,86
10/07/2008,LWB,WV,AEA,EN,Federal Contract Tower,2,6,5,0,13,0,0,35,0,35,2,6,40,0,48,0,0,0,48
10/08/2008,LWB,WV,AEA,EN,Federal Contract Tower,2,9,8,0,19,0,0,4,0,4,2,9,12,0,23,24,0,24,47
10/09/2008,LWB,WV,AEA,EN,Federal Contract Tower,2,11,18,0,31,0,0,16,0,16,2,11,34,0,47,22,0,22,69
10/10/2008,LWB,WV,AEA,EN,Federal Contract Tower,2,13,12,0,27,0,0,29,2,31,2,13,41,2,58,2,0,2,60
10/11/2008,LWB,WV,AEA,EN,Federal Contract Tower,2,8,8,0,18,0,0,6,0,6,2,8,14,0,24,0,0,0,24
10/12/2008,LWB,WV,AEA,EN,Federal Contract Tower,2,17,31,0,50,0,0,20,0,20,2,17,51,0,70,16,0,16,86
10/13/2008,LWB,WV,AEA,EN,Federal Contract Tower,2,15,15,0,32,0,0,30,0,30,2,15,45,0,62,26,0,26,88
10/14/2008,LWB,WV,AEA,EN,Federal Contract Tower,2,8,13,0,23,0,7,18,0,25,2,15,31,0,48,38,0,38,86
10/15/2008,LWB,WV,AEA,EN,Federal Contract Tower,2,8,23,0,33,0,2,14,0,16,2,10,37,0,49,14,0,14,63
10/16/2008,LWB,WV,AEA,EN,Federal Contract Tower,4,7,15,0,26,0,0,10,0,10,4,7,25,0,36,38,0,38,74
10/17/2008,LWB,WV,AEA,EN,Federal Contract Tower,4,15,33,0,52,0,0,2,0,2,4,15,35,0,54,0,0,0,54
10/18/2008,LWB,WV,AEA,EN,Federal Contract Tower,2,10,16,0,28,0,0,24,0,24,2,10,40,0,52,0,0,0,52
10/19/2008,LWB,WV,AEA,EN,Federal Contract Tower,2,8,20,0,30,0,0,36,0,36,2,8,56,0,66,22,0,22,88
10/20/2008,LWB,WV,AEA,EN,Federal Contract Tower,2,10,7,5,24,0,2,11,5,18,2,12,18,10,42,14,10,24,66
10/21/2008,LWB,WV,AEA,EN,Federal Contract Tower,2,8,11,0,21,0,0,6,0,6,2,8,17,0,27,0,0,0,27
10/22/2008,LWB,WV,AEA,EN,Federal Contract Tower,2,6,19,0,27,0,0,19,0,19,2,6,38,0,46,0,0,0,46
10/23/2008,LWB,WV,AEA,EN,Federal Contract Tower,2,8,13,0,23,0,0,25,0,25,2,8,38,0,48,36,0,36,84
10/24/2008,LWB,WV,AEA,EN,Federal Contract Tower,2,6,9,0,17,0,0,2,0,2,2,6,11,0,19,0,0,0,19
10/25/2008,LWB,WV,AEA,EN,Federal Contract Tower,2,4,4,1,11,0,0,0,1,1,2,4,4,2,12,0,0,0,12
10/26/2008,LWB,WV,AEA,EN,Federal Contract Tower,2,4,14,0,20,0,0,20,0,20,2,4,34,0,40,10,0,10,50
10/27/2008,LWB,WV,AEA,EN,Federal Contract Tower,2,7,5,0,14,0,3,6,2,11,2,10,11,2,25,8,0,8,33
10/28/2008,LWB,WV,AEA,EN,Federal Contract Tower,2,5,8,0,15,0,0,0,0,0,2,5,8,0,15,0,0,0,15
10/29/2008,LWB,WV,AEA,EN,Federal Contract Tower,2,6,12,2,22,0,0,2,0,2,2,6,14,2,24,0,0,0,24
10/30/2008,LWB,WV,AEA,EN,Federal Contract Tower,4,7,18,0,29,0,0,13,0,13,4,7,31,0,42,24,0,24,66
10/31/2008,LWB,WV,AEA,EN,Federal Contract Tower,2,9,11,0,22,0,0,19,2,21,2,9,30,2,43,30,0,30,73
11/01/2008,LWB,WV,AEA,EN,Federal Contract Tower,2,5,9,0,16,0,0,27,0,27,2,5,36,0,43,20,0,20,63
11/02/2008,LWB,WV,AEA,EN,Federal Contract Tower,0,12,13,0,25,0,0,45,0,45,0,12,58,0,70,0,0,0,70
11/03/2008,LWB,WV,AEA,EN,Federal Contract Tower,0,6,6,3,15,0,0,14,8,22,0,6,20,11,37,14,24,38,75
11/04/2008,LWB,WV,AEA,EN,Federal Contract Tower,0,6,4,0,10,0,0,6,0,6,0,6,10,0,16,0,0,0,16
11/05/2008,LWB,WV,AEA,EN,Federal Contract Tower,0,4,4,0,8,0,0,8,0,8,0,4,12,0,16,10,0,10,26
11/06/2008,LWB,WV,AEA,EN,Federal Contract Tower,0,8,4,0,12,0,0,7,0,7,0,8,11,0,19,10,0,10,29
11/07/2008,LWB,WV,AEA,EN,Federal Contract Tower,2,11,10,0,23,0,0,13,0,13,2,11,23,0,36,20,0,20,56
11/08/2008,LWB,WV,AEA,EN,Federal Contract Tower,0,2,4,0,6,0,0,5,0,5,0,2,9,0,11,0,0,0,11
11/09/2008,LWB,WV,AEA,EN,Federal Contract Tower,0,10,13,0,23,0,0,7,0,7,0,10,20,0,30,0,0,0,30
11/10/2008,LWB,WV,AEA,EN,Federal Contract Tower,0,6,6,2,14,0,4,8,10,22,0,10,14,12,36,22,20,42,78
11/11/2008,LWB,WV,AEA,EN,Federal Contract Tower,0,4,10,0,14,0,0,15,0,15,0,4,25,0,29,26,0,26,55
11/12/2008,LWB,WV,AEA,EN,Federal Contract Tower,0,4,9,0,13,0,0,9,0,9,0,4,18,0,22,0,0,0,22
11/13/2008,LWB,WV,AEA,EN,Federal Contract Tower,0,10,22,0,32,0,0,0,0,0,0,10,22,0,32,0,0,0,32
11/14/2008,LWB,WV,AEA,EN,Federal Contract Tower,0,2,9,4,15,0,0,0,2,2,0,2,9,6,17,0,20,20,37
11/15/2008,LWB,WV,AEA,EN,Federal Contract Tower,0,2,3,0,5,0,0,4,0,4,0,2,7,0,9,0,0,0,9
11/16/2008,LWB,WV,AEA,EN,Federal Contract Tower,0,2,14,0,16,0,0,2,0,2,0,2,16,0,18,0,0,0,18
11/17/2008,LWB,WV,AEA,EN,Federal Contract Tower,0,4,13,0,17,0,0,5,0,5,0,4,18,0,22,0,0,0,22
11/18/2008,LWB,WV,AEA,EN,Federal Contract Tower,0,8,8,0,16,0,0,0,0,0,0,8,8,0,16,0,0,0,16
11/19/2008,LWB,WV,AEA,EN,Federal Contract Tower,0,8,10,0,18,0,0,5,0,5,0,8,15,0,23,0,0,0,23
11/20/2008,LWB,WV,AEA,EN,Federal Contract Tower,4,8,11,0,23,0,0,4,0,4,4,8,15,0,27,0,0,0,27
11/21/2008,LWB,WV,AEA,EN,Federal Contract Tower,0,6,6,2,14,0,0,0,2,2,0,6,6,4,16,0,10,10,26
11/22/2008,LWB,WV,AEA,EN,Federal Contract Tower,0,4,7,0,11,0,0,8,0,8,0,4,15,0,19,0,0,0,19
11/23/2008,LWB,WV,AEA,EN,Federal Contract Tower,0,9,8,0,17,0,0,15,0,15,0,9,23,0,32,0,0,0,32
11/24/2008,LWB,WV,AEA,EN,Federal Contract Tower,0,7,1,0,8,0,0,0,0,0,0,7,1,0,8,0,0,0,8
11/25/2008,LWB,WV,AEA,EN,Federal Contract Tower,0,15,17,0,32,0,0,0,0,0,0,15,17,0,32,0,0,0,32
11/26/2008,LWB,WV,AEA,EN,Federal Contract Tower,0,10,39,0,49,0,0,20,0,20,0,10,59,0,69,0,0,0,69
11/27/2008,LWB,WV,AEA,EN,Federal Contract Tower,0,5,13,0,18,0,0,18,0,18,0,5,31,0,36,20,0,20,56
11/28/2008,LWB,WV,AEA,EN,Federal Contract Tower,0,6,7,0,13,0,0,4,0,4,0,6,11,0,17,0,0,0,17
11/29/2008,LWB,WV,AEA,EN,Federal Contract Tower,0,2,14,0,16,0,0,8,2,10,0,2,22,2,26,0,0,0,26
11/30/2008,LWB,WV,AEA,EN,Federal Contract Tower,0,10,21,0,31,0,0,0,0,0,0,10,21,0,31,0,0,0,31
12/01/2008,LWB,WV,AEA,EN,Federal Contract Tower,0,8,10,0,18,0,0,0,0,0,0,8,10,0,18,0,0,0,18
12/02/2008,LWB,WV,AEA,EN,Federal Contract Tower,0,7,13,4,24,0,0,6,2,8,0,7,19,6,32,0,14,14,46
12/03/2008,LWB,WV,AEA,EN,Federal Contract Tower,0,8,12,0,20,0,0,11,0,11,0,8,23,0,31,18,0,18,49
12/04/2008,LWB,WV,AEA,EN,Federal Contract Tower,0,7,8,0,15,0,0,1,0,1,0,7,9,0,16,0,0,0,16
12/05/2008,LWB,WV,AEA,EN,Federal Contract Tower,2,7,17,2,28,0,0,9,0,9,2,7,26,2,37,18,0,18,55
12/06/2008,LWB,WV,AEA,EN,Federal Contract Tower,0,4,5,0,9,0,0,1,0,1,0,4,6,0,10,0,0,0,10
12/07/2008,LWB,WV,AEA,EN,Federal Contract Tower,0,4,5,0,9,0,0,3,0,3,0,4,8,0,12,0,0,0,12
12/08/2008,LWB,WV,AEA,EN,Federal Contract Tower,0,4,5,3,12,0,0,8,0,8,0,4,13,3,20,0,10,10,30
12/09/2008,LWB,WV,AEA,EN,Federal Contract Tower,0,2,7,0,9,0,0,2,0,2,0,2,9,0,11,0,0,0,11
12/10/2008,LWB,WV,AEA,EN,Federal Contract Tower,0,5,3,0,8,0,0,0,0,0,0,5,3,0,8,0,0,0,8
12/11/2008,LWB,WV,AEA,EN,Federal Contract Tower,0,7,13,0,20,0,0,0,0,0,0,7,13,0,20,0,0,0,20
12/12/2008,LWB,WV,AEA,EN,Federal Contract Tower,0,9,17,0,26,0,0,5,0,5,0,9,22,0,31,0,0,0,31
12/13/2008,LWB,WV,AEA,EN,Federal Contract Tower,0,6,8,0,14,0,0,21,0,21,0,6,29,0,35,10,0,10,45
12/14/2008,LWB,WV,AEA,EN,Federal Contract Tower,0,4,7,0,11,0,0,9,0,9,0,4,16,0,20,0,0,0,20
12/15/2008,LWB,WV,AEA,EN,Federal Contract Tower,0,12,6,0,18,0,0,2,0,2,0,12,8,0,20,0,0,0,20
12/16/2008,LWB,WV,AEA,EN,Federal Contract Tower,0,4,2,0,6,0,0,0,0,0,0,4,2,0,6,0,0,0,6
12/17/2008,LWB,WV,AEA,EN,Federal Contract Tower,0,4,10,0,14,0,0,0,0,0,0,4,10,0,14,0,0,0,14
12/18/2008,LWB,WV,AEA,EN,Federal Contract Tower,0,7,9,0,16,0,0,2,0,2,0,7,11,0,18,0,0,0,18
12/19/2008,LWB,WV,AEA,EN,Federal Contract Tower,0,12,14,0,26,0,0,2,0,2,0,12,16,0,28,0,0,0,28
12/20/2008,LWB,WV,AEA,EN,Federal Contract Tower,0,4,6,0,10,0,0,4,0,4,0,4,10,0,14,0,0,0,14
12/21/2008,LWB,WV,AEA,EN,Federal Contract Tower,0,8,1,0,9,0,0,0,0,0,0,8,1,0,9,0,0,0,9
12/22/2008,LWB,WV,AEA,EN,Federal Contract Tower,0,5,10,0,15,0,0,7,0,7,0,5,17,0,22,0,0,0,22
12/23/2008,LWB,WV,AEA,EN,Federal Contract Tower,0,10,12,1,23,0,0,11,11,22,0,10,23,12,45,10,10,20,65
12/24/2008,LWB,WV,AEA,EN,Federal Contract Tower,0,1,5,0,6,0,0,2,0,2,0,1,7,0,8,0,0,0,8
12/25/2008,LWB,WV,AEA,EN,Federal Contract Tower,0,0,1,0,1,0,0,30,0,30,0,0,31,0,31,0,0,0,31
12/26/2008,LWB,WV,AEA,EN,Federal Contract Tower,0,11,21,0,32,0,0,0,0,0,0,11,21,0,32,0,0,0,32
12/27/2008,LWB,WV,AEA,EN,Federal Contract Tower,0,14,9,0,23,0,0,12,0,12,0,14,21,0,35,60,0,60,95
12/28/2008,LWB,WV,AEA,EN,Federal Contract Tower,0,8,10,0,18,0,0,0,0,0,0,8,10,0,18,0,0,0,18
12/29/2008,LWB,WV,AEA,EN,Federal Contract Tower,0,6,11,0,17,0,0,21,0,21,0,6,32,0,38,0,0,0,38
12/30/2008,LWB,WV,AEA,EN,Federal Contract Tower,0,12,22,0,34,0,2,26,16,44,0,14,48,16,78,20,0,20,98
12/31/2008,LWB,WV,AEA,EN,Federal Contract Tower,0,6,2,0,8,0,0,0,0,0,0,6,2,0,8,0,0,0,8
01/01/2009,LWB,WV,AEA,EN,Federal Contract Tower,0,11,6,0,17,0,0,21,0,21,0,11,27,0,38,10,0,10,48
01/02/2009,LWB,WV,AEA,EN,Federal Contract Tower,0,19,10,0,29,0,0,0,0,0,0,19,10,0,29,0,0,0,29
01/03/2009,LWB,WV,AEA,EN,Federal Contract Tower,0,3,5,0,8,0,2,19,0,21,0,5,24,0,29,52,0,52,81
01/04/2009,LWB,WV,AEA,EN,Federal Contract Tower,0,6,12,0,18,0,2,1,0,3,0,8,13,0,21,0,0,0,21
01/05/2009,LWB,WV,AEA,EN,Federal Contract Tower,0,9,0,0,9,0,2,0,0,2,0,11,0,0,11,0,0,0,11
01/06/2009,LWB,WV,AEA,EN,Federal Contract Tower,0,5,5,0,10,0,0,0,0,0,0,5,5,0,10,0,0,0,10
01/07/2009,LWB,WV,AEA,EN,Federal Contract Tower,0,10,2,0,12,0,0,0,0,0,0,10,2,0,12,0,0,0,12
01/08/2009,LWB,WV,AEA,EN,Federal Contract Tower,0,5,0,0,5,0,0,0,0,0,0,5,0,0,5,0,0,0,5
01/09/2009,LWB,WV,AEA,EN,Federal Contract Tower,0,9,11,0,20,0,0,11,4,15,0,9,22,4,35,0,0,0,35
01/10/2009,LWB,WV,AEA,EN,Federal Contract Tower,0,0,0,0,0,0,0,4,0,4,0,0,4,0,4,0,0,0,4
01/11/2009,LWB,WV,AEA,EN,Federal Contract Tower,0,9,8,0,17,0,0,0,0,0,0,9,8,0,17,0,0,0,17
01/12/2009,LWB,WV,AEA,EN,Federal Contract Tower,0,6,7,0,13,0,0,1,0,1,0,6,8,0,14,0,0,0,14
01/13/2009,LWB,WV,AEA,EN,Federal Contract Tower,0,2,1,0,3,0,0,7,0,7,0,2,8,0,10,0,0,0,10
01/14/2009,LWB,WV,AEA,EN,Federal Contract Tower,0,3,2,0,5,0,0,3,0,3,0,3,5,0,8,6,0,6,14
01/15/2009,LWB,WV,AEA,EN,Federal Contract Tower,0,12,0,0,12,0,0,0,0,0,0,12,0,0,12,0,0,0,12
01/16/2009,LWB,WV,AEA,EN,Federal Contract Tower,0,2,8,0,10,0,6,11,2,19,0,8,19,2,29,0,0,0,29
01/17/2009,LWB,WV,AEA,EN,Federal Contract Tower,0,4,0,0,4,0,0,4,0,4,0,4,4,0,8,0,0,0,8
01/18/2009,LWB,WV,AEA,EN,Federal Contract Tower,0,5,3,0,8,0,0,0,0,0,0,5,3,0,8,0,0,0,8
01/19/2009,LWB,WV,AEA,EN,Federal Contract Tower,0,6,2,0,8,0,0,0,0,0,0,6,2,0,8,0,0,0,8
01/20/2009,LWB,WV,AEA,EN,Federal Contract Tower,0,7,0,0,7,0,0,5,0,5,0,7,5,0,12,0,0,0,12
01/21/2009,LWB,WV,AEA,EN,Federal Contract Tower,0,3,0,0,3,0,0,0,0,0,0,3,0,0,3,0,0,0,3
01/22/2009,LWB,WV,AEA,EN,Federal Contract Tower,2,4,1,0,7,0,4,11,12,27,2,8,12,12,34,0,0,0,34
01/23/2009,LWB,WV,AEA,EN,Federal Contract Tower,0,7,17,0,24,0,0,25,0,25,0,7,42,0,49,24,0,24,73
01/24/2009,LWB,WV,AEA,EN,Federal Contract Tower,0,2,5,3,10,0,0,6,2,8,0,2,11,5,18,0,24,24,42
01/25/2009,LWB,WV,AEA,EN,Federal Contract Tower,0,5,10,0,15,0,0,13,0,13,0,5,23,0,28,0,0,0,28
01/26/2009,LWB,WV,AEA,EN,Federal Contract Tower,0,4,3,0,7,0,0,1,0,1,0,4,4,0,8,0,0,0,8
01/27/2009,LWB,WV,AEA,EN,Federal Contract Tower,0,5,0,0,5,0,0,0,0,0,0,5,0,0,5,0,0,0,5
01/28/2009,LWB,WV,AEA,EN,Federal Contract Tower,0,0,2,0,2,0,0,0,0,0,0,0,2,0,2,0,0,0,2
01/29/2009,LWB,WV,AEA,EN,Federal Contract Tower,0,6,2,0,8,0,0,8,0,8,0,6,10,0,16,0,0,0,16
01/30/2009,LWB,WV,AEA,EN,Federal Contract Tower,0,4,4,0,8,0,0,0,0,0,0,4,4,0,8,22,10,32,40
01/31/2009,LWB,WV,AEA,EN,Federal Contract Tower,0,4,1,0,5,0,0,29,6,35,0,4,30,6,40,14,12,26,66
02/01/2009,LWB,WV,AEA,EN,Federal Contract Tower,0,4,9,0,13,0,0,13,0,13,0,4,22,0,26,10,0,10,36
02/02/2009,LWB,WV,AEA,EN,Federal Contract Tower,0,6,0,0,6,0,0,0,0,0,0,6,0,0,6,0,0,0,6
02/03/2009,LWB,WV,AEA,EN,Federal Contract Tower,0,5,8,0,13,0,0,0,0,0,0,5,8,0,13,0,0,0,13
02/04/2009,LWB,WV,AEA,EN,Federal Contract Tower,4,6,7,0,17,0,0,0,0,0,4,6,7,0,17,0,0,0,17
02/05/2009,LWB,WV,AEA,EN,Federal Contract Tower,0,7,7,0,14,0,0,3,0,3,0,7,10,0,17,0,0,0,17
02/06/2009,LWB,WV,AEA,EN,Federal Contract Tower,0,6,2,5,13,0,4,9,12,25,0,10,11,17,38,10,12,22,60
02/07/2009,LWB,WV,AEA,EN,Federal Contract Tower,0,2,1,1,4,0,0,42,2,44,0,2,43,3,48,36,0,36,84
02/08/2009,LWB,WV,AEA,EN,Federal Contract Tower,0,5,5,0,10,0,0,8,0,8,0,5,13,0,18,0,0,0,18
02/09/2009,LWB,WV,AEA,EN,Federal Contract Tower,0,7,6,0,13,0,0,16,0,16,0,7,22,0,29,44,0,44,73
02/10/2009,LWB,WV,AEA,EN,Federal Contract Tower,0,5,0,0,5,0,0,0,0,0,0,5,0,0,5,0,0,0,5
02/11/2009,LWB,WV,AEA,EN,Federal Contract Tower,0,8,11,0,19,0,0,4,0,4,0,8,15,0,23,0,0,0,23
02/12/2009,LWB,WV,AEA,EN,Federal Contract Tower,0,7,5,0,12,0,0,20,0,20,0,7,25,0,32,0,0,0,32
02/13/2009,LWB,WV,AEA,EN,Federal Contract Tower,0,6,10,0,16,0,0,1,6,7,0,6,11,6,23,0,0,0,23
02/14/2009,LWB,WV,AEA,EN,Federal Contract Tower,0,6,15,0,21,0,6,22,12,40,0,12,37,12,61,34,0,34,95
02/15/2009,LWB,WV,AEA,EN,Federal Contract Tower,0,8,14,0,22,0,0,27,22,49,0,8,41,22,71,42,0,42,113
02/16/2009,LWB,WV,AEA,EN,Federal Contract Tower,0,6,20,0,26,0,0,2,0,2,0,6,22,0,28,0,0,0,28
02/17/2009,LWB,WV,AEA,EN,Federal Contract Tower,0,9,6,0,15,0,0,16,0,16,0,9,22,0,31,22,0,22,53
02/18/2009,LWB,WV,AEA,EN,Federal Contract Tower,0,7,1,0,8,0,0,0,0,0,0,7,1,0,8,0,0,0,8
02/19/2009,LWB,WV,AEA,EN,Federal Contract Tower,2,6,2,3,13,0,0,0,0,0,2,6,2,3,13,0,0,0,13
02/20/2009,LWB,WV,AEA,EN,Federal Contract Tower,0,9,7,0,16,0,0,0,0,0,0,9,7,0,16,0,0,0,16
02/21/2009,LWB,WV,AEA,EN,Federal Contract Tower,0,8,1,0,9,0,14,31,18,63,0,22,32,18,72,40,10,50,122
02/22/2009,LWB,WV,AEA,EN,Federal Contract Tower,0,1,5,0,6,0,0,6,1,7,0,1,11,1,13,20,0,20,33
02/23/2009,LWB,WV,AEA,EN,Federal Contract Tower,0,10,4,0,14,0,0,45,0,45,0,10,49,0,59,10,0,10,69
02/24/2009,LWB,WV,AEA,EN,Federal Contract Tower,0,6,4,2,12,0,0,6,6,12,0,6,10,8,24,0,48,48,72
02/25/2009,LWB,WV,AEA,EN,Federal Contract Tower,0,7,10,2,19,0,0,8,8,16,0,7,18,10,35,38,10,48,83
02/26/2009,LWB,WV,AEA,EN,Federal Contract Tower,0,7,5,0,12,0,2,18,8,28,0,9,23,8,40,10,0,10,50
02/27/2009,LWB,WV,AEA,EN,Federal Contract Tower,0,10,14,0,24,0,4,8,0,12,0,14,22,0,36,0,0,0,36
02/28/2009,LWB,WV,AEA,EN,Federal Contract Tower,0,3,7,0,10,0,0,0,0,0,0,3,7,0,10,0,0,0,10
03/01/2009,LWB,WV,AEA,EN,Federal Contract Tower,0,10,19,0,29,0,0,0,0,0,0,10,19,0,29,0,0,0,29
03/02/2009,LWB,WV,AEA,EN,Federal Contract Tower,0,6,5,0,11,0,4,13,0,17,0,10,18,0,28,10,0,10,38
03/03/2009,LWB,WV,AEA,EN,Federal Contract Tower,0,7,12,0,19,0,0,4,0,4,0,7,16,0,23,0,0,0,23
03/04/2009,LWB,WV,AEA,EN,Federal Contract Tower,0,7,5,0,12,0,0,8,0,8,0,7,13,0,20,44,0,44,64
03/05/2009,LWB,WV,AEA,EN,Federal Contract Tower,0,6,6,8,20,0,0,16,2,18,0,6,22,10,38,0,24,24,62
03/06/2009,LWB,WV,AEA,EN,Federal Contract Tower,0,5,15,0,20,0,0,39,0,39,0,5,54,0,59,16,0,16,75
03/07/2009,LWB,WV,AEA,EN,Federal Contract Tower,0,10,8,0,18,0,0,47,0,47,0,10,55,0,65,10,0,10,75
03/08/2009,LWB,WV,AEA,EN,Federal Contract Tower,0,4,2,0,6,0,0,53,0,53,0,4,55,0,59,56,0,56,115
03/09/2009,LWB,WV,AEA,EN,Federal Contract Tower,0,8,4,0,12,0,0,3,0,3,0,8,7,0,15,0,0,0,15
03/10/2009,LWB,WV,AEA,EN,Federal Contract Tower,0,4,0,0,4,0,0,34,0,34,0,4,34,0,38,14,0,14,52
03/11/2009,LWB,WV,AEA,EN,Federal Contract Tower,0,5,2,0,7,0,2,2,0,4,0,7,4,0,11,0,0,0,11
03/12/2009,LWB,WV,AEA,EN,Federal Contract Tower,1,7,3,0,11,0,0,8,0,8,1,7,11,0,19,16,0,16,35
03/13/2009,LWB,WV,AEA,EN,Federal Contract Tower,4,11,9,0,24,0,0,0,0,0,4,11,9,0,24,0,0,0,24
03/14/2009,LWB,WV,AEA,EN,Federal Contract Tower,0,3,3,0,6,0,0,0,0,0,0,3,3,0,6,0,0,0,6
03/15/2009,LWB,WV,AEA,EN,Federal Contract Tower,0,6,2,0,8,0,0,0,0,0,0,6,2,0,8,0,0,0,8
03/16/2009,LWB,WV,AEA,EN,Federal Contract Tower,0,5,6,0,11,0,0,0,0,0,0,5,6,0,11,0,0,0,11
03/17/2009,LWB,WV,AEA,EN,Federal Contract Tower,0,13,13,0,26,0,0,32,0,32,0,13,45,0,58,30,0,30,88
03/18/2009,LWB,WV,AEA,EN,Federal Contract Tower,0,10,8,0,18,0,0,19,0,19,0,10,27,0,37,32,0,32,69
03/19/2009,LWB,WV,AEA,EN,Federal Contract Tower,3,8,4,0,15,0,0,1,0,1,3,8,5,0,16,0,0,0,16
03/20/2009,LWB,WV,AEA,EN,Federal Contract Tower,0,7,13,0,20,0,0,8,12,20,0,7,21,12,40,30,42,72,112
03/21/2009,LWB,WV,AEA,EN,Federal Contract Tower,0,11,4,0,15,0,0,42,0,42,0,11,46,0,57,70,0,70,127
03/22/2009,LWB,WV,AEA,EN,Federal Contract Tower,0,6,10,0,16,0,0,112,10,122,0,6,122,10,138,70,0,70,208
03/23/2009,LWB,WV,AEA,EN,Federal Contract Tower,0,11,8,0,19,0,8,36,4,48,0,19,44,4,67,26,4,30,97
03/24/2009,LWB,WV,AEA,EN,Federal Contract Tower,0,6,7,7,20,0,0,7,4,11,0,6,14,11,31,20,0,20,51
03/25/2009,LWB,WV,AEA,EN,Federal Contract Tower,0,4,0,0,4,0,0,15,0,15,0,4,15,0,19,26,0,26,45
03/26/2009,LWB,WV,AEA,EN,Federal Contract Tower,0,10,4,0,14,0,0,1,0,1,0,10,5,0,15,0,0,0,15
03/27/2009,LWB,WV,AEA,EN,Federal Contract Tower,0,11,17,0,28,0,0,0,2,2,0,11,17,2,30,0,16,16,46
03/28/2009,LWB,WV,AEA,EN,Federal Contract Tower,0,6,5,0,11,0,0,0,0,0,0,6,5,0,11,0,0,0,11
03/29/2009,LWB,WV,AEA,EN,Federal Contract Tower,0,8,11,0,19,0,0,0,0,0,0,8,11,0,19,0,0,0,19
03/30/2009,LWB,WV,AEA,EN,Federal Contract Tower,3,4,5,0,12,0,0,46,0,46,3,4,51,0,58,20,0,20,78
03/31/2009,LWB,WV,AEA,EN,Federal Contract Tower,0,6,9,0,15,0,2,34,0,36,0,8,43,0,51,0,0,0,51
04/01/2009,LWB,WV,AEA,EN,Federal Contract Tower,0,6,3,2,11,0,0,2,0,2,0,6,5,2,13,0,0,0,13
04/02/2009,LWB,WV,AEA,EN,Federal Contract Tower,0,8,10,0,18,0,0,4,0,4,0,8,14,0,22,0,0,0,22
04/03/2009,LWB,WV,AEA,EN,Federal Contract Tower,0,5,6,0,11,0,0,0,0,0,0,5,6,0,11,0,0,0,11
04/04/2009,LWB,WV,AEA,EN,Federal Contract Tower,0,7,6,0,13,0,0,7,2,9,0,7,13,2,22,10,0,10,32
04/05/2009,LWB,WV,AEA,EN,Federal Contract Tower,0,6,7,0,13,0,0,92,0,92,0,6,99,0,105,62,0,62,167
04/06/2009,LWB,WV,AEA,EN,Federal Contract Tower,0,10,4,0,14,0,0,0,0,0,0,10,4,0,14,0,0,0,14
04/07/2009,LWB,WV,AEA,EN,Federal Contract Tower,0,5,7,0,12,0,0,0,0,0,0,5,7,0,12,0,0,0,12
04/08/2009,LWB,WV,AEA,EN,Federal Contract Tower,0,6,4,0,10,0,0,17,8,25,0,6,21,8,35,0,0,0,35
04/09/2009,LWB,WV,AEA,EN,Federal Contract Tower,0,8,20,12,40,0,0,49,10,59,0,8,69,22,99,50,30,80,179
04/10/2009,LWB,WV,AEA,EN,Federal Contract Tower,0,8,13,0,21,0,0,9,0,9,0,8,22,0,30,10,0,10,40
04/11/2009,LWB,WV,AEA,EN,Federal Contract Tower,0,4,7,0,11,0,0,0,0,0,0,4,7,0,11,0,0,0,11
04/12/2009,LWB,WV,AEA,EN,Federal Contract Tower,0,12,9,0,21,0,4,30,0,34,0,16,39,0,55,30,0,30,85
04/13/2009,LWB,WV,AEA,EN,Federal Contract Tower,0,8,4,0,12,0,0,1,0,1,0,8,5,0,13,0,0,0,13
04/14/2009,LWB,WV,AEA,EN,Federal Contract Tower,0,5,2,0,7,0,0,1,0,1,0,5,3,0,8,0,0,0,8
04/15/2009,LWB,WV,AEA,EN,Federal Contract Tower,0,7,12,0,19,0,0,0,0,0,0,7,12,0,19,0,0,0,19
04/16/2009,LWB,WV,AEA,EN,Federal Contract Tower,0,11,9,0,20,0,0,22,0,22,0,11,31,0,42,10,0,10,52
04/17/2009,LWB,WV,AEA,EN,Federal Contract Tower,0,9,17,1,27,0,2,14,0,16,0,11,31,1,43,20,0,20,63
04/18/2009,LWB,WV,AEA,EN,Federal Contract Tower,0,3,11,0,14,0,0,36,0,36,0,3,47,0,50,38,0,38,88
04/19/2009,LWB,WV,AEA,EN,Federal Contract Tower,0,13,14,0,27,0,0,0,0,0,0,13,14,0,27,0,0,0,27
04/20/2009,LWB,WV,AEA,EN,Federal Contract Tower,0,5,4,0,9,0,0,3,0,3,0,5,7,0,12,0,0,0,12
04/21/2009,LWB,WV,AEA,EN,Federal Contract Tower,0,6,7,0,13,0,0,3,0,3,0,6,10,0,16,0,0,0,16
04/22/2009,LWB,WV,AEA,EN,Federal Contract Tower,0,9,2,0,11,0,0,4,0,4,0,9,6,0,15,0,0,0,15
04/23/2009,LWB,WV,AEA,EN,Federal Contract Tower,0,11,6,5,22,0,0,8,8,16,0,11,14,13,38,16,0,16,54
04/24/2009,LWB,WV,AEA,EN,Federal Contract Tower,0,8,25,0,33,0,0,29,0,29,0,8,54,0,62,18,0,18,80
04/25/2009,LWB,WV,AEA,EN,Federal Contract Tower,0,6,7,0,13,0,0,10,0,10,0,6,17,0,23,30,0,30,53
04/26/2009,LWB,WV,AEA,EN,Federal Contract Tower,0,4,19,0,23,0,0,20,14,34,0,4,39,14,57,20,10,30,87
04/27/2009,LWB,WV,AEA,EN,Federal Contract Tower,0,8,12,2,22,0,0,15,16,31,0,8,27,18,53,20,26,46,99
04/28/2009,LWB,WV,AEA,EN,Federal Contract Tower,0,6,8,0,14,0,0,19,0,19,0,6,27,0,33,46,0,46,79
04/29/2009,LWB,WV,AEA,EN,Federal Contract Tower,0,18,16,0,34,0,0,0,0,0,0,18,16,0,34,0,0,0,34
04/30/2009,LWB,WV,AEA,EN,Federal Contract Tower,0,27,54,0,81,0,0,1,0,1,0,27,55,0,82,8,0,8,90
05/01/2009,LWB,WV,AEA,EN,Federal Contract Tower,0,18,16,0,34,0,0,1,0,1,0,18,17,0,35,0,0,0,35
05/02/2009,LWB,WV,AEA,EN,Federal Contract Tower,6,21,10,0,37,0,0,2,0,2,6,21,12,0,39,10,0,10,49
05/03/2009,LWB,WV,AEA,EN,Federal Contract Tower,3,33,24,0,60,0,0,0,0,0,3,33,24,0,60,0,0,0,60
05/04/2009,LWB,WV,AEA,EN,Federal Contract Tower,0,20,36,0,56,0,0,7,0,7,0,20,43,0,63,10,0,10,73
05/05/2009,LWB,WV,AEA,EN,Federal Contract Tower,0,11,14,0,25,0,0,0,0,0,0,11,14,0,25,0,0,0,25
05/06/2009,LWB,WV,AEA,EN,Federal Contract Tower,4,15,14,0,33,0,0,0,0,0,4,15,14,0,33,0,0,0,33
05/07/2009,LWB,WV,AEA,EN,Federal Contract Tower,0,8,16,6,30,0,0,10,0,10,0,8,26,6,40,0,20,20,60
05/08/2009,LWB,WV,AEA,EN,Federal Contract Tower,0,8,11,0,19,0,0,6,0,6,0,8,17,0,25,5,0,5,30
05/09/2009,LWB,WV,AEA,EN,Federal Contract Tower,0,2,4,0,6,0,0,3,0,3,0,2,7,0,9,0,0,0,9
05/10/2009,LWB,WV,AEA,EN,Federal Contract Tower,2,14,20,0,36,0,0,17,0,17,2,14,37,0,53,64,0,64,117
05/11/2009,LWB,WV,AEA,EN,Federal Contract Tower,7,9,20,0,36,0,0,6,0,6,7,9,26,0,42,0,0,0,42
05/12/2009,LWB,WV,AEA,EN,Federal Contract Tower,0,7,16,1,24,0,0,58,0,58,0,7,74,1,82,34,0,34,116
05/13/2009,LWB,WV,AEA,EN,Federal Contract Tower,2,9,22,0,33,0,0,48,0,48,2,9,70,0,81,10,0,10,91
05/14/2009,LWB,WV,AEA,EN,Federal Contract Tower,0,10,5,0,15,0,0,21,0,21,0,10,26,0,36,0,0,0,36
05/15/2009,LWB,WV,AEA,EN,Federal Contract Tower,2,6,11,0,19,0,0,18,0,18,2,6,29,0,37,16,0,16,53
05/16/2009,LWB,WV,AEA,EN,Federal Contract Tower,0,3,7,0,10,0,0,21,0,21,0,3,28,0,31,12,0,12,43
05/17/2009,LWB,WV,AEA,EN,Federal Contract Tower,2,8,19,0,29,0,0,23,0,23,2,8,42,0,52,0,0,0,52
05/18/2009,LWB,WV,AEA,EN,Federal Contract Tower,0,6,25,1,32,0,0,21,2,23,0,6,46,3,55,0,0,0,55
05/19/2009,LWB,WV,AEA,EN,Federal Contract Tower,2,5,8,0,15,0,0,25,0,25,2,5,33,0,40,42,0,42,82
05/20/2009,LWB,WV,AEA,EN,Federal Contract Tower,2,9,21,0,32,0,16,31,0,47,2,25,52,0,79,60,0,60,139
05/21/2009,LWB,WV,AEA,EN,Federal Contract Tower,0,9,10,0,19,0,4,52,0,56,0,13,62,0,75,10,0,10,85
05/22/2009,LWB,WV,AEA,EN,Federal Contract Tower,2,8,13,0,23,0,0,16,0,16,2,8,29,0,39,27,0,27,66
05/23/2009,LWB,WV,AEA,EN,Federal Contract Tower,0,3,14,0,17,0,0,17,0,17,0,3,31,0,34,8,0,8,42
05/24/2009,LWB,WV,AEA,EN,Federal Contract Tower,2,8,5,0,15,0,0,3,0,3,2,8,8,0,18,0,0,0,18
05/25/2009,LWB,WV,AEA,EN,Federal Contract Tower,0,13,18,0,31,0,0,22,0,22,0,13,40,0,53,32,0,32,85
05/26/2009,LWB,WV,AEA,EN,Federal Contract Tower,0,16,34,0,50,0,0,3,0,3,0,16,37,0,53,0,0,0,53
05/27/2009,LWB,WV,AEA,EN,Federal Contract Tower,2,14,25,0,41,0,2,14,0,16,2,16,39,0,57,0,0,0,57
05/28/2009,LWB,WV,AEA,EN,Federal Contract Tower,2,10,33,0,45,0,6,1,2,9,2,16,34,2,54,0,0,0,54
05/29/2009,LWB,WV,AEA,EN,Federal Contract Tower,2,12,28,13,55,0,0,38,0,38,2,12,66,13,93,10,0,10,103
05/30/2009,LWB,WV,AEA,EN,Federal Contract Tower,0,9,22,0,31,0,0,26,0,26,0,9,48,0,57,42,0,42,99
05/31/2009,LWB,WV,AEA,EN,Federal Contract Tower,2,17,20,0,39,0,0,13,0,13,2,17,33,0,52,6,0,6,58
06/01/2009,LWB,WV,AEA,EN,Federal Contract Tower,0,6,20,0,26,0,0,11,0,11,0,6,31,0,37,26,0,26,63
06/02/2009,LWB,WV,AEA,EN,Federal Contract Tower,0,16,2,0,18,0,0,12,0,12,0,16,14,0,30,14,0,14,44
06/03/2009,LWB,WV,AEA,EN,Federal Contract Tower,2,10,17,0,29,0,0,0,0,0,2,10,17,0,29,0,0,0,29
06/04/2009,LWB,WV,AEA,EN,Federal Contract Tower,0,6,5,0,11,0,0,42,0,42,0,6,47,0,53,38,0,38,91
06/05/2009,LWB,WV,AEA,EN,Federal Contract Tower,2,18,6,0,26,0,0,0,0,0,2,18,6,0,26,0,0,0,26
06/06/2009,LWB,WV,AEA,EN,Federal Contract Tower,0,3,21,0,24,0,0,24,4,28,0,3,45,4,52,52,12,64,116
06/07/2009,LWB,WV,AEA,EN,Federal Contract Tower,2,13,25,0,40,0,2,20,2,24,2,15,45,2,64,40,0,40,104
06/08/2009,LWB,WV,AEA,EN,Federal Contract Tower,2,16,12,0,30,0,0,16,0,16,2,16,28,0,46,40,0,40,86
06/09/2009,LWB,WV,AEA,EN,Federal Contract Tower,0,8,14,0,22,0,0,5,0,5,0,8,19,0,27,32,0,32,59
06/10/2009,LWB,WV,AEA,EN,Federal Contract Tower,3,7,32,0,42,0,0,1,0,1,3,7,33,0,43,0,0,0,43
06/11/2009,LWB,WV,AEA,EN,Federal Contract Tower,0,14,9,0,23,0,0,14,0,14,0,14,23,0,37,26,0,26,63
06/12/2009,LWB,WV,AEA,EN,Federal Contract Tower,3,7,23,8,41,4,0,13,13,30,7,7,36,21,71,0,20,20,91
06/13/2009,LWB,WV,AEA,EN,Federal Contract Tower,0,5,15,0,20,0,0,12,0,12,0,5,27,0,32,26,0,26,58
06/14/2009,LWB,WV,AEA,EN,Federal Contract Tower,2,12,23,0,37,0,0,12,0,12,2,12,35,0,49,26,0,26,75
06/15/2009,LWB,WV,AEA,EN,Federal Contract Tower,0,9,25,0,34,0,0,10,0,10,0,9,35,0,44,0,0,0,44
06/16/2009,LWB,WV,AEA,EN,Federal Contract Tower,0,17,9,2,28,0,0,7,0,7,0,17,16,2,35,0,0,0,35
06/17/2009,LWB,WV,AEA,EN,Federal Contract Tower,2,12,19,0,33,0,0,0,0,0,2,12,19,0,33,0,0,0,33
06/18/2009,LWB,WV,AEA,EN,Federal Contract Tower,5,13,29,0,47,0,0,2,2,4,5,13,31,2,51,0,0,0,51
06/19/2009,LWB,WV,AEA,EN,Federal Contract Tower,2,11,15,0,28,0,0,14,0,14,2,11,29,0,42,0,0,0,42
06/20/2009,LWB,WV,AEA,EN,Federal Contract Tower,0,13,11,0,24,0,4,12,0,16,0,17,23,0,40,0,0,0,40
06/21/2009,LWB,WV,AEA,EN,Federal Contract Tower,2,23,17,0,42,0,0,5,0,5,2,23,22,0,47,0,0,0,47
06/22/2009,LWB,WV,AEA,EN,Federal Contract Tower,0,8,21,0,29,0,0,9,0,9,0,8,30,0,38,18,0,18,56
06/23/2009,LWB,WV,AEA,EN,Federal Contract Tower,0,11,8,0,19,0,2,38,0,40,0,13,46,0,59,34,0,34,93
06/24/2009,LWB,WV,AEA,EN,Federal Contract Tower,4,8,26,8,46,0,0,28,4,32,4,8,54,12,78,40,18,58,136
06/25/2009,LWB,WV,AEA,EN,Federal Contract Tower,2,8,14,0,24,0,0,11,4,15,2,8,25,4,39,20,0,20,59
06/26/2009,LWB,WV,AEA,EN,Federal Contract Tower,2,9,11,4,26,0,0,22,0,22,2,9,33,4,48,10,0,10,58
06/27/2009,LWB,WV,AEA,EN,Federal Contract Tower,2,4,30,0,36,0,0,71,0,71,2,4,101,0,107,0,0,0,107
06/28/2009,LWB,WV,AEA,EN,Federal Contract Tower,2,7,36,0,45,0,0,124,0,124,2,7,160,0,169,80,0,80,249
06/29/2009,LWB,WV,AEA,EN,Federal Contract Tower,0,6,17,3,26,0,0,10,0,10,0,6,27,3,36,2,10,12,48
06/30/2009,LWB,WV,AEA,EN,Federal Contract Tower,0,12,21,0,33,0,0,43,0,43,0,12,64,0,76,0,0,0,76
07/01/2009,LWB,WV,AEA,EN,Federal Contract Tower,2,9,10,0,21,0,0,6,0,6,2,9,16,0,27,18,0,18,45
07/02/2009,LWB,WV,AEA,EN,Federal Contract Tower,4,11,30,0,45,0,0,9,0,9,4,11,39,0,54,0,0,0,54
07/03/2009,LWB,WV,AEA,EN,Federal Contract Tower,3,9,31,6,49,0,0,6,2,8,3,9,37,8,57,0,0,0,57
07/04/2009,LWB,WV,AEA,EN,Federal Contract Tower,0,2,6,0,8,0,0,17,0,17,0,2,23,0,25,0,0,0,25
07/05/2009,LWB,WV,AEA,EN,Federal Contract Tower,2,9,37,0,48,0,0,0,0,0,2,9,37,0,48,0,0,0,48
07/06/2009,LWB,WV,AEA,EN,Federal Contract Tower,2,10,15,0,27,0,0,8,5,13,2,10,23,5,40,12,18,30,70
07/07/2009,LWB,WV,AEA,EN,Federal Contract Tower,0,5,11,7,23,0,0,12,5,17,0,5,23,12,40,0,16,16,56
07/08/2009,LWB,WV,AEA,EN,Federal Contract Tower,2,8,21,1,32,0,0,15,0,15,2,8,36,1,47,24,0,24,71
07/09/2009,LWB,WV,AEA,EN,Federal Contract Tower,7,10,25,2,44,0,0,9,0,9,7,10,34,2,53,0,0,0,53
07/10/2009,LWB,WV,AEA,EN,Federal Contract Tower,3,12,22,1,38,0,0,1,0,1,3,12,23,1,39,0,0,0,39
07/11/2009,LWB,WV,AEA,EN,Federal Contract Tower,0,8,20,0,28,0,0,2,0,2,0,8,22,0,30,0,0,0,30
07/12/2009,LWB,WV,AEA,EN,Federal Contract Tower,4,10,21,0,35,0,2,2,0,4,4,12,23,0,39,0,0,0,39
07/13/2009,LWB,WV,AEA,EN,Federal Contract Tower,0,5,4,4,13,0,0,70,2,72,0,5,74,6,85,0,10,10,95
07/14/2009,LWB,WV,AEA,EN,Federal Contract Tower,0,9,13,2,24,0,0,21,0,21,0,9,34,2,45,38,0,38,83
07/15/2009,LWB,WV,AEA,EN,Federal Contract Tower,2,8,10,0,20,0,0,12,0,12,2,8,22,0,32,0,0,0,32
07/16/2009,LWB,WV,AEA,EN,Federal Contract Tower,2,13,15,3,33,0,0,41,0,41,2,13,56,3,74,22,0,22,96
07/17/2009,LWB,WV,AEA,EN,Federal Contract Tower,3,7,30,1,41,0,0,4,0,4,3,7,34,1,45,0,0,0,45
07/18/2009,LWB,WV,AEA,EN,Federal Contract Tower,0,2,21,0,23,0,0,14,0,14,0,2,35,0,37,0,0,0,37
07/19/2009,LWB,WV,AEA,EN,Federal Contract Tower,2,10,28,2,42,0,0,32,0,32,2,10,60,2,74,0,0,0,74
07/20/2009,LWB,WV,AEA,EN,Federal Contract Tower,0,11,7,0,18,0,6,13,0,19,0,17,20,0,37,0,0,0,37
07/21/2009,LWB,WV,AEA,EN,Federal Contract Tower,0,6,12,4,22,0,0,11,1,12,0,6,23,5,34,14,20,34,68
07/22/2009,LWB,WV,AEA,EN,Federal Contract Tower,2,10,12,0,24,0,0,6,0,6,2,10,18,0,30,0,0,0,30
07/23/2009,LWB,WV,AEA,EN,Federal Contract Tower,5,7,15,0,27,0,1,3,0,4,5,8,18,0,31,0,0,0,31
07/24/2009,LWB,WV,AEA,EN,Federal Contract Tower,2,15,17,0,34,0,2,17,0,19,2,17,34,0,53,0,0,0,53
07/25/2009,LWB,WV,AEA,EN,Federal Contract Tower,0,8,10,0,18,0,0,14,0,14,0,8,24,0,32,0,0,0,32
07/26/2009,LWB,WV,AEA,EN,Federal Contract Tower,2,9,13,0,24,0,0,5,0,5,2,9,18,0,29,0,0,0,29
07/27/2009,LWB,WV,AEA,EN,Federal Contract Tower,0,14,22,0,36,0,2,24,0,26,0,16,46,0,62,0,0,0,62
07/28/2009,LWB,WV,AEA,EN,Federal Contract Tower,0,13,10,0,23,0,6,27,8,41,0,19,37,8,64,0,0,0,64
07/29/2009,LWB,WV,AEA,EN,Federal Contract Tower,3,6,21,0,30,0,0,0,0,0,3,6,21,0,30,0,0,0,30
07/30/2009,LWB,WV,AEA,EN,Federal Contract Tower,3,7,20,8,38,0,0,4,0,4,3,7,24,8,42,0,0,0,42
07/31/2009,LWB,WV,AEA,EN,Federal Contract Tower,3,11,23,0,37,0,0,1,4,5,3,11,24,4,42,0,0,0,42
08/01/2009,LWB,WV,AEA,EN,Federal Contract Tower,0,6,27,0,33,0,0,0,0,0,0,6,27,0,33,0,0,0,33
08/02/2009,LWB,WV,AEA,EN,Federal Contract Tower,2,9,40,0,51,0,0,1,0,1,2,9,41,0,52,0,0,0,52
08/03/2009,LWB,WV,AEA,EN,Federal Contract Tower,0,8,15,0,23,0,1,34,0,35,0,9,49,0,58,10,0,10,68
08/04/2009,LWB,WV,AEA,EN,Federal Contract Tower,0,18,19,0,37,0,0,28,0,28,0,18,47,0,65,0,0,0,65
08/05/2009,LWB,WV,AEA,EN,Federal Contract Tower,2,18,10,6,36,0,4,6,0,10,2,22,16,6,46,20,10,30,76
08/06/2009,LWB,WV,AEA,EN,Federal Contract Tower,2,11,39,5,57,0,0,54,2,56,2,11,93,7,113,10,20,30,143
08/07/2009,LWB,WV,AEA,EN,Federal Contract Tower,3,14,34,0,51,0,0,11,0,11,3,14,45,0,62,22,0,22,84
08/08/2009,LWB,WV,AEA,EN,Federal Contract Tower,0,5,14,3,22,0,0,13,0,13,0,5,27,3,35,42,0,42,77
08/09/2009,LWB,WV,AEA,EN,Federal Contract Tower,2,15,29,0,46,0,0,14,0,14,2,15,43,0,60,22,0,22,82
08/10/2009,LWB,WV,AEA,EN,Federal Contract Tower,0,14,29,0,43,0,0,9,0,9,0,14,38,0,52,14,0,14,66
08/11/2009,LWB,WV,AEA,EN,Federal Contract Tower,5,7,24,0,36,0,0,13,0,13,5,7,37,0,49,10,0,10,59
08/12/2009,LWB,WV,AEA,EN,Federal Contract Tower,2,4,8,0,14,0,0,19,0,19,2,4,27,0,33,0,0,0,33
08/13/2009,LWB,WV,AEA,EN,Federal Contract Tower,2,9,16,0,27,0,0,18,0,18,2,9,34,0,45,0,0,0,45
08/14/2009,LWB,WV,AEA,EN,Federal Contract Tower,2,7,29,0,38,0,0,6,0,6,2,7,35,0,44,0,0,0,44
08/15/2009,LWB,WV,AEA,EN,Federal Contract Tower,0,8,12,3,23,0,0,15,2,17,0,8,27,5,40,0,0,0,40
08/16/2009,LWB,WV,AEA,EN,Federal Contract Tower,2,9,12,0,23,0,0,2,0,2,2,9,14,0,25,0,0,0,25
08/17/2009,LWB,WV,AEA,EN,Federal Contract Tower,0,7,33,0,40,0,0,4,0,4,0,7,37,0,44,0,0,0,44
08/18/2009,LWB,WV,AEA,EN,Federal Contract Tower,0,5,16,2,23,0,4,11,12,27,0,9,27,14,50,0,14,14,64
08/19/2009,LWB,WV,AEA,EN,Federal Contract Tower,0,12,20,1,33,0,0,0,0,0,0,12,20,1,33,0,0,0,33
08/20/2009,LWB,WV,AEA,EN,Federal Contract Tower,0,17,13,0,30,0,0,5,0,5,0,17,18,0,35,0,0,0,35
08/21/2009,LWB,WV,AEA,EN,Federal Contract Tower,0,9,15,0,24,0,0,5,2,7,0,9,20,2,31,6,0,6,37
08/22/2009,LWB,WV,AEA,EN,Federal Contract Tower,0,3,1,0,4,0,0,2,0,2,0,3,3,0,6,0,0,0,6
08/23/2009,LWB,WV,AEA,EN,Federal Contract Tower,0,15,23,0,38,0,0,16,0,16,0,15,39,0,54,14,0,14,68
08/24/2009,LWB,WV,AEA,EN,Federal Contract Tower,0,16,13,0,29,0,0,12,0,12,0,16,25,0,41,12,0,12,53
08/25/2009,LWB,WV,AEA,EN,Federal Contract Tower,0,20,17,0,37,0,0,11,0,11,0,20,28,0,48,30,0,30,78
08/26/2009,LWB,WV,AEA,EN,Federal Contract Tower,0,8,17,0,25,0,0,22,0,22,0,8,39,0,47,42,0,42,89
08/27/2009,LWB,WV,AEA,EN,Federal Contract Tower,2,8,14,0,24,0,0,19,6,25,2,8,33,6,49,0,0,0,49
08/28/2009,LWB,WV,AEA,EN,Federal Contract Tower,0,11,13,1,25,0,0,2,0,2,0,11,15,1,27,0,0,0,27
08/29/2009,LWB,WV,AEA,EN,Federal Contract Tower,0,6,19,0,25,0,0,5,0,5,0,6,24,0,30,0,0,0,30
08/30/2009,LWB,WV,AEA,EN,Federal Contract Tower,0,8,20,0,28,0,0,6,2,8,0,8,26,2,36,0,0,0,36
08/31/2009,LWB,WV,AEA,EN,Federal Contract Tower,0,6,9,5,20,0,0,22,0,22,0,6,31,5,42,30,0,30,72
09/01/2009,LWB,WV,AEA,EN,Federal Contract Tower,0,4,4,0,8,0,0,7,0,7,0,4,11,0,15,0,0,0,15
09/02/2009,LWB,WV,AEA,EN,Federal Contract Tower,0,10,23,0,33,0,0,14,0,14,0,10,37,0,47,0,0,0,47
09/03/2009,LWB,WV,AEA,EN,Federal Contract Tower,0,4,14,0,18,0,0,40,1,41,0,4,54,1,59,38,0,38,97
09/04/2009,LWB,WV,AEA,EN,Federal Contract Tower,0,8,25,0,33,0,0,22,3,25,0,8,47,3,58,6,0,6,64
09/05/2009,LWB,WV,AEA,EN,Federal Contract Tower,0,8,12,0,20,0,0,16,0,16,0,8,28,0,36,25,0,25,61
09/06/2009,LWB,WV,AEA,EN,Federal Contract Tower,0,5,9,0,14,0,2,7,0,9,0,7,16,0,23,0,0,0,23
09/07/2009,LWB,WV,AEA,EN,Federal Contract Tower,0,19,31,0,50,0,0,2,0,2,0,19,33,0,52,10,0,10,62
09/08/2009,LWB,WV,AEA,EN,Federal Contract Tower,0,9,20,0,29,0,0,4,0,4,0,9,24,0,33,22,0,22,55
09/09/2009,LWB,WV,AEA,EN,Federal Contract Tower,0,6,13,0,19,0,0,29,0,29,0,6,42,0,48,0,0,0,48
09/10/2009,LWB,WV,AEA,EN,Federal Contract Tower,3,8,13,3,27,0,0,4,0,4,3,8,17,3,31,0,0,0,31
09/11/2009,LWB,WV,AEA,EN,Federal Contract Tower,0,7,28,1,36,0,0,16,11,27,0,7,44,12,63,10,0,10,73
09/12/2009,LWB,WV,AEA,EN,Federal Contract Tower,0,3,12,1,16,0,0,22,1,23,0,3,34,2,39,6,0,6,45
09/13/2009,LWB,WV,AEA,EN,Federal Contract Tower,0,9,28,1,38,0,4,9,0,13,0,13,37,1,51,8,0,8,59
09/14/2009,LWB,WV,AEA,EN,Federal Contract Tower,0,10,12,6,28,0,0,17,3,20,0,10,29,9,48,32,34,66,114
09/15/2009,LWB,WV,AEA,EN,Federal Contract Tower,0,4,15,0,19,0,0,50,14,64,0,4,65,14,83,20,0,20,103
09/16/2009,LWB,WV,AEA,EN,Federal Contract Tower,3,10,3,0,16,0,0,7,0,7,3,10,10,0,23,0,0,0,23
09/17/2009,LWB,WV,AEA,EN,Federal Contract Tower,0,6,14,0,20,0,0,6,0,6,0,6,20,0,26,0,0,0,26
09/18/2009,LWB,WV,AEA,EN,Federal Contract Tower,0,14,32,0,46,0,0,2,0,2,0,14,34,0,48,0,0,0,48
09/19/2009,LWB,WV,AEA,EN,Federal Contract Tower,0,12,3,0,15,0,0,4,2,6,0,12,7,2,21,0,0,0,21
09/20/2009,LWB,WV,AEA,EN,Federal Contract Tower,0,20,42,0,62,0,0,4,0,4,0,20,46,0,66,22,0,22,88
09/21/2009,LWB,WV,AEA,EN,Federal Contract Tower,0,7,10,0,17,0,0,5,0,5,0,7,15,0,22,20,0,20,42
09/22/2009,LWB,WV,AEA,EN,Federal Contract Tower,0,8,11,0,19,0,0,7,0,7,0,8,18,0,26,0,0,0,26
09/23/2009,LWB,WV,AEA,EN,Federal Contract Tower,0,12,21,8,41,0,0,2,2,4,0,12,23,10,45,2,20,22,67
09/24/2009,LWB,WV,AEA,EN,Federal Contract Tower,0,22,25,0,47,0,0,12,0,12,0,22,37,0,59,0,0,0,59
09/25/2009,LWB,WV,AEA,EN,Federal Contract Tower,0,21,22,0,43,0,0,0,0,0,0,21,22,0,43,0,0,0,43
09/26/2009,LWB,WV,AEA,EN,Federal Contract Tower,0,20,6,0,26,0,0,2,0,2,0,20,8,0,28,0,0,0,28
09/27/2009,LWB,WV,AEA,EN,Federal Contract Tower,0,40,35,0,75,0,2,5,0,7,0,42,40,0,82,0,0,0,82
09/28/2009,LWB,WV,AEA,EN,Federal Contract Tower,0,12,8,1,21,0,0,0,4,4,0,12,8,5,25,0,0,0,25
09/29/2009,LWB,WV,AEA,EN,Federal Contract Tower,0,24,12,0,36,0,0,2,0,2,0,24,14,0,38,0,0,0,38
09/30/2009,LWB,WV,AEA,EN,Federal Contract Tower,0,16,14,0,30,0,2,11,0,13,0,18,25,0,43,0,0,0,43
10/01/2009,LWB,WV,AEA,EN,Federal Contract Tower,2,20,29,4,55,0,0,40,2,42,2,20,69,6,97,22,10,32,129
10/02/2009,LWB,WV,AEA,EN,Federal Contract Tower,0,13,8,0,21,0,0,4,0,4,0,13,12,0,25,20,0,20,45
10/03/2009,LWB,WV,AEA,EN,Federal Contract Tower,0,6,22,0,28,0,0,29,0,29,0,6,51,0,57,20,0,20,77
10/04/2009,LWB,WV,AEA,EN,Federal Contract Tower,0,8,32,0,40,0,0,24,0,24,0,8,56,0,64,15,0,15,79
10/05/2009,LWB,WV,AEA,EN,Federal Contract Tower,0,9,4,0,13,0,0,16,0,16,0,9,20,0,29,14,0,14,43
10/06/2009,LWB,WV,AEA,EN,Federal Contract Tower,0,10,20,0,30,0,0,2,0,2,0,10,22,0,32,8,0,8,40
10/07/2009,LWB,WV,AEA,EN,Federal Contract Tower,0,7,5,0,12,0,0,1,0,1,0,7,6,0,13,0,0,0,13
10/08/2009,LWB,WV,AEA,EN,Federal Contract Tower,0,7,17,0,24,0,0,71,0,71,0,7,88,0,95,40,0,40,135
10/09/2009,LWB,WV,AEA,EN,Federal Contract Tower,0,11,23,0,34,0,0,7,0,7,0,11,30,0,41,0,0,0,41
10/10/2009,LWB,WV,AEA,EN,Federal Contract Tower,0,8,6,0,14,0,0,0,0,0,0,8,6,0,14,0,0,0,14
10/11/2009,LWB,WV,AEA,EN,Federal Contract Tower,0,18,22,0,40,0,0,23,0,23,0,18,45,0,63,30,0,30,93
10/12/2009,LWB,WV,AEA,EN,Federal Contract Tower,0,12,25,0,37,0,0,3,0,3,0,12,28,0,40,8,0,8,48
10/13/2009,LWB,WV,AEA,EN,Federal Contract Tower,0,6,20,0,26,0,0,9,0,9,0,6,29,0,35,0,0,0,35
10/14/2009,LWB,WV,AEA,EN,Federal Contract Tower,0,7,11,0,18,0,1,0,0,1,0,8,11,0,19,0,0,0,19
10/15/2009,LWB,WV,AEA,EN,Federal Contract Tower,2,8,15,0,25,0,0,0,0,0,2,8,15,0,25,0,0,0,25
10/16/2009,LWB,WV,AEA,EN,Federal Contract Tower,0,17,47,0,64,0,0,0,0,0,0,17,47,0,64,0,0,0,64
10/17/2009,LWB,WV,AEA,EN,Federal Contract Tower,0,10,18,0,28,0,0,3,0,3,0,10,21,0,31,10,0,10,41
10/18/2009,LWB,WV,AEA,EN,Federal Contract Tower,0,15,21,0,36,0,0,5,0,5,0,15,26,0,41,10,0,10,51
10/19/2009,LWB,WV,AEA,EN,Federal Contract Tower,0,6,25,0,31,0,0,7,0,7,0,6,32,0,38,0,0,0,38
10/20/2009,LWB,WV,AEA,EN,Federal Contract Tower,0,13,8,0,21,0,0,32,2,34,0,13,40,2,55,10,0,10,65
10/21/2009,LWB,WV,AEA,EN,Federal Contract Tower,0,11,23,0,34,0,0,15,0,15,0,11,38,0,49,0,0,0,49
10/22/2009,LWB,WV,AEA,EN,Federal Contract Tower,0,9,17,0,26,0,0,16,0,16,0,9,33,0,42,4,0,4,46
10/23/2009,LWB,WV,AEA,EN,Federal Contract Tower,0,7,28,0,35,0,0,2,0,2,0,7,30,0,37,0,0,0,37
10/24/2009,LWB,WV,AEA,EN,Federal Contract Tower,0,3,11,0,14,0,0,0,0,0,0,3,11,0,14,0,0,0,14
10/25/2009,LWB,WV,AEA,EN,Federal Contract Tower,0,6,21,0,27,0,1,26,0,27,0,7,47,0,54,38,0,38,92
10/26/2009,LWB,WV,AEA,EN,Federal Contract Tower,0,6,18,4,28,0,0,31,2,33,0,6,49,6,61,0,0,0,61
10/27/2009,LWB,WV,AEA,EN,Federal Contract Tower,0,7,3,11,21,0,0,4,5,9,0,7,7,16,30,0,6,6,36
10/28/2009,LWB,WV,AEA,EN,Federal Contract Tower,0,2,17,0,19,0,0,1,0,1,0,2,18,0,20,0,0,0,20
10/29/2009,LWB,WV,AEA,EN,Federal Contract Tower,2,6,21,2,31,0,0,12,4,16,2,6,33,6,47,0,34,34,81
10/30/2009,LWB,WV,AEA,EN,Federal Contract Tower,0,7,22,0,29,0,0,14,0,14,0,7,36,0,43,30,0,30,73
10/31/2009,LWB,WV,AEA,EN,Federal Contract Tower,0,4,7,0,11,0,0,2,0,2,0,4,9,0,13,0,0,0,13
11/01/2009,LWB,WV,AEA,EN,Federal Contract Tower,0,7,18,2,27,0,0,11,4,15,0,7,29,6,42,0,10,10,52
11/02/2009,LWB,WV,AEA,EN,Federal Contract Tower,0,5,11,0,16,0,0,31,4,35,0,5,42,4,51,52,0,52,103
11/03/2009,LWB,WV,AEA,EN,Federal Contract Tower,0,7,16,0,23,0,0,8,4,12,0,7,24,4,35,20,0,20,55
11/04/2009,LWB,WV,AEA,EN,Federal Contract Tower,0,6,16,0,22,0,0,24,0,24,0,6,40,0,46,16,0,16,62
11/05/2009,LWB,WV,AEA,EN,Federal Contract Tower,0,5,14,0,19,0,0,5,0,5,0,5,19,0,24,0,0,0,24
11/06/2009,LWB,WV,AEA,EN,Federal Contract Tower,0,10,15,0,25,0,0,26,0,26,0,10,41,0,51,46,0,46,97
11/07/2009,LWB,WV,AEA,EN,Federal Contract Tower,0,3,4,0,7,0,0,13,15,28,0,3,17,15,35,0,4,4,39
11/08/2009,LWB,WV,AEA,EN,Federal Contract Tower,0,5,32,0,37,0,0,45,0,45,0,5,77,0,82,30,0,30,112
11/09/2009,LWB,WV,AEA,EN,Federal Contract Tower,0,4,6,7,17,0,0,11,22,33,0,4,17,29,50,0,36,36,86
11/10/2009,LWB,WV,AEA,EN,Federal Contract Tower,0,6,25,2,33,0,0,3,2,5,0,6,28,4,38,10,0,10,48
11/11/2009,LWB,WV,AEA,EN,Federal Contract Tower,0,7,12,0,19,0,0,0,0,0,0,7,12,0,19,0,0,0,19
11/12/2009,LWB,WV,AEA,EN,Federal Contract Tower,2,8,9,4,23,0,0,0,4,4,2,8,9,8,27,0,0,0,27
11/13/2009,LWB,WV,AEA,EN,Federal Contract Tower,0,15,7,0,22,0,0,7,4,11,0,15,14,4,33,20,12,32,65
11/14/2009,LWB,WV,AEA,EN,Federal Contract Tower,0,2,9,2,13,0,0,15,4,19,0,2,24,6,32,0,0,0,32
11/15/2009,LWB,WV,AEA,EN,Federal Contract Tower,0,5,13,0,18,0,0,17,1,18,0,5,30,1,36,12,0,12,48
11/16/2009,LWB,WV,AEA,EN,Federal Contract Tower,0,9,19,0,28,0,4,23,3,30,0,13,42,3,58,10,10,20,78
11/17/2009,LWB,WV,AEA,EN,Federal Contract Tower,0,4,5,0,9,0,0,2,0,2,0,4,7,0,11,0,0,0,11
11/18/2009,LWB,WV,AEA,EN,Federal Contract Tower,0,7,20,0,27,0,0,3,0,3,0,7,23,0,30,0,0,0,30
11/19/2009,LWB,WV,AEA,EN,Federal Contract Tower,0,7,10,0,17,0,0,0,0,0,0,7,10,0,17,0,0,0,17
11/20/2009,LWB,WV,AEA,EN,Federal Contract Tower,0,7,14,0,21,0,0,13,0,13,0,7,27,0,34,12,0,12,46
11/21/2009,LWB,WV,AEA,EN,Federal Contract Tower,0,2,24,1,27,0,0,11,18,29,0,2,35,19,56,40,22,62,118
11/22/2009,LWB,WV,AEA,EN,Federal Contract Tower,0,7,13,0,20,0,0,10,2,12,0,7,23,2,32,0,0,0,32
11/23/2009,LWB,WV,AEA,EN,Federal Contract Tower,0,11,15,0,26,0,0,0,0,0,0,11,15,0,26,0,0,0,26
11/24/2009,LWB,WV,AEA,EN,Federal Contract Tower,4,8,16,1,29,0,0,15,4,19,4,8,31,5,48,34,0,34,82
11/25/2009,LWB,WV,AEA,EN,Federal Contract Tower,0,25,30,0,55,0,4,6,0,10,0,29,36,0,65,0,0,0,65
11/26/2009,LWB,WV,AEA,EN,Federal Contract Tower,0,13,7,0,20,0,0,12,0,12,0,13,19,0,32,0,0,0,32
11/27/2009,LWB,WV,AEA,EN,Federal Contract Tower,0,10,24,0,34,0,0,0,0,0,0,10,24,0,34,0,0,0,34
11/28/2009,LWB,WV,AEA,EN,Federal Contract Tower,0,10,18,0,28,0,0,14,17,31,0,10,32,17,59,10,16,26,85
11/29/2009,LWB,WV,AEA,EN,Federal Contract Tower,0,21,38,0,59,0,0,11,8,19,0,21,49,8,78,12,0,12,90
11/30/2009,LWB,WV,AEA,EN,Federal Contract Tower,0,8,11,0,19,0,0,0,0,0,0,8,11,0,19,0,0,0,19
12/01/2009,LWB,WV,AEA,EN,Federal Contract Tower,0,8,14,3,25,0,0,19,3,22,0,8,33,6,47,14,18,32,79
12/02/2009,LWB,WV,AEA,EN,Federal Contract Tower,0,8,7,0,15,0,0,1,0,1,0,8,8,0,16,0,0,0,16
12/03/2009,LWB,WV,AEA,EN,Federal Contract Tower,1,10,16,0,27,0,0,2,0,2,1,10,18,0,29,0,0,0,29
12/04/2009,LWB,WV,AEA,EN,Federal Contract Tower,0,6,16,1,23,0,0,5,0,5,0,6,21,1,28,10,0,10,38
12/05/2009,LWB,WV,AEA,EN,Federal Contract Tower,0,3,6,0,9,0,0,0,0,0,0,3,6,0,9,0,0,0,9
12/06/2009,LWB,WV,AEA,EN,Federal Contract Tower,0,5,23,1,29,0,0,8,0,8,0,5,31,1,37,12,0,12,49
12/07/2009,LWB,WV,AEA,EN,Federal Contract Tower,0,5,13,1,19,0,0,6,5,11,0,5,19,6,30,0,0,0,30
12/08/2009,LWB,WV,AEA,EN,Federal Contract Tower,0,8,7,0,15,0,0,3,0,3,0,8,10,0,18,0,0,0,18
12/09/2009,LWB,WV,AEA,EN,Federal Contract Tower,0,2,6,0,8,0,0,1,0,1,0,2,7,0,9,0,0,0,9
12/10/2009,LWB,WV,AEA,EN,Federal Contract Tower,2,15,12,0,29,0,0,3,0,3,2,15,15,0,32,0,0,0,32
12/11/2009,LWB,WV,AEA,EN,Federal Contract Tower,0,8,8,0,16,0,0,15,0,15,0,8,23,0,31,0,0,0,31
12/12/2009,LWB,WV,AEA,EN,Federal Contract Tower,0,3,5,2,10,0,0,13,1,14,0,3,18,3,24,12,0,12,36
12/13/2009,LWB,WV,AEA,EN,Federal Contract Tower,0,1,12,0,13,0,0,0,0,0,0,1,12,0,13,0,0,0,13
12/14/2009,LWB,WV,AEA,EN,Federal Contract Tower,0,5,5,0,10,0,0,6,6,12,0,5,11,6,22,16,10,26,48
12/15/2009,LWB,WV,AEA,EN,Federal Contract Tower,0,6,11,0,17,0,0,3,0,3,0,6,14,0,20,20,0,20,40
12/16/2009,LWB,WV,AEA,EN,Federal Contract Tower,0,7,11,0,18,0,0,12,0,12,0,7,23,0,30,10,0,10,40
12/17/2009,LWB,WV,AEA,EN,Federal Contract Tower,0,5,1,2,8,0,0,22,13,35,0,5,23,15,43,24,20,44,87
12/18/2009,LWB,WV,AEA,EN,Federal Contract Tower,0,8,5,0,13,0,6,1,0,7,0,14,6,0,20,0,0,0,20
12/19/2009,LWB,WV,AEA,EN,Federal Contract Tower,0,1,0,0,1,0,0,0,0,0,0,1,0,0,1,0,0,0,1
12/20/2009,LWB,WV,AEA,EN,Federal Contract Tower,0,0,0,0,0,0,0,0,0,0,0,0,0,0,0,0,0,0,0
12/21/2009,LWB,WV,AEA,EN,Federal Contract Tower,0,10,7,0,17,0,0,4,0,4,0,10,11,0,21,0,0,0,21
12/22/2009,LWB,WV,AEA,EN,Federal Contract Tower,0,8,11,1,20,0,0,2,2,4,0,8,13,3,24,0,0,0,24
12/23/2009,LWB,WV,AEA,EN,Federal Contract Tower,0,6,4,0,10,0,0,3,0,3,0,6,7,0,13,0,0,0,13
12/24/2009,LWB,WV,AEA,EN,Federal Contract Tower,0,10,7,0,17,0,0,4,0,4,0,10,11,0,21,0,0,0,21
12/25/2009,LWB,WV,AEA,EN,Federal Contract Tower,0,5,2,0,7,0,0,0,0,0,0,5,2,0,7,0,0,0,7
12/26/2009,LWB,WV,AEA,EN,Federal Contract Tower,0,10,6,0,16,0,4,8,0,12,0,14,14,0,28,22,0,22,50
12/27/2009,LWB,WV,AEA,EN,Federal Contract Tower,0,19,20,0,39,0,0,9,0,9,0,19,29,0,48,24,0,24,72
12/28/2009,LWB,WV,AEA,EN,Federal Contract Tower,0,8,10,0,18,0,0,2,0,2,0,8,12,0,20,0,0,0,20
12/29/2009,LWB,WV,AEA,EN,Federal Contract Tower,0,12,14,0,26,0,0,3,0,3,0,12,17,0,29,0,0,0,29
12/30/2009,LWB,WV,AEA,EN,Federal Contract Tower,0,19,10,0,29,0,2,18,3,23,0,21,28,3,52,16,0,16,68
12/31/2009,LWB,WV,AEA,EN,Federal Contract Tower,0,6,12,0,18,0,0,0,0,0,0,6,12,0,18,0,0,0,18
01/01/2010,LWB,WV,AEA,EN,Federal Contract Tower,0,19,11,0,30,0,0,0,0,0,0,19,11,0,30,0,0,0,30
01/02/2010,LWB,WV,AEA,EN,Federal Contract Tower,0,8,10,0,18,0,0,0,0,0,0,8,10,0,18,0,0,0,18
01/03/2010,LWB,WV,AEA,EN,Federal Contract Tower,0,18,16,0,34,0,0,7,0,7,0,18,23,0,41,0,0,0,41
01/04/2010,LWB,WV,AEA,EN,Federal Contract Tower,0,6,17,0,23,0,0,0,0,0,0,6,17,0,23,0,0,0,23
01/05/2010,LWB,WV,AEA,EN,Federal Contract Tower,0,9,6,0,15,0,0,4,0,4,0,9,10,0,19,0,0,0,19
01/06/2010,LWB,WV,AEA,EN,Federal Contract Tower,0,4,18,0,22,0,0,0,0,0,0,4,18,0,22,0,0,0,22
01/07/2010,LWB,WV,AEA,EN,Federal Contract Tower,2,5,6,0,13,0,0,2,0,2,2,5,8,0,15,0,0,0,15
01/08/2010,LWB,WV,AEA,EN,Federal Contract Tower,0,0,7,0,7,0,0,0,0,0,0,0,7,0,7,0,0,0,7
01/09/2010,LWB,WV,AEA,EN,Federal Contract Tower,0,3,8,0,11,0,0,0,0,0,0,3,8,0,11,0,0,0,11
01/10/2010,LWB,WV,AEA,EN,Federal Contract Tower,0,1,7,0,8,0,0,4,0,4,0,1,11,0,12,0,0,0,12
01/11/2010,LWB,WV,AEA,EN,Federal Contract Tower,0,4,4,0,8,0,0,8,0,8,0,4,12,0,16,40,0,40,56
01/12/2010,LWB,WV,AEA,EN,Federal Contract Tower,0,4,0,0,4,0,0,2,0,2,0,4,2,0,6,12,0,12,18
01/13/2010,LWB,WV,AEA,EN,Federal Contract Tower,0,13,5,0,18,0,0,16,0,16,0,13,21,0,34,28,0,28,62
01/14/2010,LWB,WV,AEA,EN,Federal Contract Tower,0,4,9,4,17,0,0,28,20,48,0,4,37,24,65,26,56,82,147
01/15/2010,LWB,WV,AEA,EN,Federal Contract Tower,0,6,29,2,37,0,5,9,2,16,0,11,38,4,53,0,14,14,67
01/16/2010,LWB,WV,AEA,EN,Federal Contract Tower,0,2,11,0,13,0,2,21,6,29,0,4,32,6,42,30,10,40,82
01/17/2010,LWB,WV,AEA,EN,Federal Contract Tower,0,7,26,0,33,0,0,0,0,0,0,7,26,0,33,0,0,0,33
01/18/2010,LWB,WV,AEA,EN,Federal Contract Tower,0,5,15,0,20,0,0,36,0,36,0,5,51,0,56,0,0,0,56
01/19/2010,LWB,WV,AEA,EN,Federal Contract Tower,0,5,6,3,14,0,0,1,0,1,0,5,7,3,15,0,0,0,15
01/20/2010,LWB,WV,AEA,EN,Federal Contract Tower,0,3,4,0,7,0,0,0,0,0,0,3,4,0,7,0,0,0,7
01/21/2010,LWB,WV,AEA,EN,Federal Contract Tower,0,5,2,0,7,0,0,0,0,0,0,5,2,0,7,0,0,0,7
01/22/2010,LWB,WV,AEA,EN,Federal Contract Tower,0,3,5,1,9,0,0,0,0,0,0,3,5,1,9,0,0,0,9
01/23/2010,LWB,WV,AEA,EN,Federal Contract Tower,0,4,4,4,12,0,0,8,2,10,0,4,12,6,22,0,0,0,22
01/24/2010,LWB,WV,AEA,EN,Federal Contract Tower,0,5,3,0,8,0,0,0,0,0,0,5,3,0,8,0,0,0,8
01/25/2010,LWB,WV,AEA,EN,Federal Contract Tower,0,4,0,1,5,0,0,0,0,0,0,4,0,1,5,0,0,0,5
01/26/2010,LWB,WV,AEA,EN,Federal Contract Tower,0,5,2,0,7,0,0,1,0,1,0,5,3,0,8,0,0,0,8
01/27/2010,LWB,WV,AEA,EN,Federal Contract Tower,3,7,14,0,24,0,0,14,2,16,3,7,28,2,40,14,0,14,54
01/28/2010,LWB,WV,AEA,EN,Federal Contract Tower,0,5,16,0,21,0,0,1,0,1,0,5,17,0,22,0,0,0,22
01/29/2010,LWB,WV,AEA,EN,Federal Contract Tower,0,10,12,0,22,0,4,7,0,11,0,14,19,0,33,0,0,0,33
01/30/2010,LWB,WV,AEA,EN,Federal Contract Tower,0,0,0,0,0,0,0,0,0,0,0,0,0,0,0,0,0,0,0
01/31/2010,LWB,WV,AEA,EN,Federal Contract Tower,0,4,7,0,11,0,2,5,0,7,0,6,12,0,18,0,0,0,18
02/01/2010,LWB,WV,AEA,EN,Federal Contract Tower,0,6,9,0,15,0,2,23,9,34,0,8,32,9,49,0,6,6,55
02/02/2010,LWB,WV,AEA,EN,Federal Contract Tower,0,5,5,0,10,0,0,0,0,0,0,5,5,0,10,0,0,0,10
02/03/2010,LWB,WV,AEA,EN,Federal Contract Tower,1,7,1,0,9,0,0,2,2,4,1,7,3,2,13,16,0,16,29
02/04/2010,LWB,WV,AEA,EN,Federal Contract Tower,2,12,12,2,28,0,0,18,20,38,2,12,30,22,66,8,70,78,144
02/05/2010,LWB,WV,AEA,EN,Federal Contract Tower,0,0,0,0,0,0,0,0,0,0,0,0,0,0,0,0,0,0,0
02/06/2010,LWB,WV,AEA,EN,Federal Contract Tower,0,0,0,0,0,0,0,0,0,0,0,0,0,0,0,0,0,0,0
02/07/2010,LWB,WV,AEA,EN,Federal Contract Tower,0,6,8,0,14,0,0,15,6,21,0,6,23,6,35,0,0,0,35
02/08/2010,LWB,WV,AEA,EN,Federal Contract Tower,0,6,6,0,12,0,0,28,7,35,0,6,34,7,47,0,28,28,75
02/09/2010,LWB,WV,AEA,EN,Federal Contract Tower,0,3,0,0,3,0,0,0,0,0,0,3,0,0,3,0,0,0,3
02/10/2010,LWB,WV,AEA,EN,Federal Contract Tower,0,0,0,0,0,0,0,0,0,0,0,0,0,0,0,0,0,0,0
02/11/2010,LWB,WV,AEA,EN,Federal Contract Tower,0,3,5,0,8,0,0,4,0,4,0,3,9,0,12,0,0,0,12
02/12/2010,LWB,WV,AEA,EN,Federal Contract Tower,0,6,8,0,14,0,0,8,0,8,0,6,16,0,22,0,0,0,22
02/13/2010,LWB,WV,AEA,EN,Federal Contract Tower,0,10,4,0,14,0,1,0,0,1,0,11,4,0,15,0,0,0,15
02/14/2010,LWB,WV,AEA,EN,Federal Contract Tower,0,7,6,0,13,0,0,2,0,2,0,7,8,0,15,0,0,0,15
02/15/2010,LWB,WV,AEA,EN,Federal Contract Tower,0,17,6,0,23,0,8,0,0,8,0,25,6,0,31,0,0,0,31
02/16/2010,LWB,WV,AEA,EN,Federal Contract Tower,0,7,0,0,7,0,0,0,0,0,0,7,0,0,7,0,0,0,7
02/17/2010,LWB,WV,AEA,EN,Federal Contract Tower,0,6,1,0,7,0,0,0,0,0,0,6,1,0,7,0,0,0,7
02/18/2010,LWB,WV,AEA,EN,Federal Contract Tower,4,2,9,7,22,0,0,1,12,13,4,2,10,19,35,0,0,0,35
02/19/2010,LWB,WV,AEA,EN,Federal Contract Tower,0,6,8,0,14,0,0,5,3,8,0,6,13,3,22,0,0,0,22
02/20/2010,LWB,WV,AEA,EN,Federal Contract Tower,0,2,12,3,17,0,0,2,0,2,0,2,14,3,19,0,0,0,19
02/21/2010,LWB,WV,AEA,EN,Federal Contract Tower,0,7,5,0,12,0,0,16,0,16,0,7,21,0,28,26,0,26,54
02/22/2010,LWB,WV,AEA,EN,Federal Contract Tower,0,10,6,0,16,0,0,1,0,1,0,10,7,0,17,0,0,0,17
02/23/2010,LWB,WV,AEA,EN,Federal Contract Tower,0,4,1,0,5,0,0,6,0,6,0,4,7,0,11,14,0,14,25
02/24/2010,LWB,WV,AEA,EN,Federal Contract Tower,0,6,5,0,11,0,0,14,6,20,0,6,19,6,31,10,32,42,73
02/25/2010,LWB,WV,AEA,EN,Federal Contract Tower,0,7,12,0,19,0,0,1,0,1,0,7,13,0,20,0,0,0,20
02/26/2010,LWB,WV,AEA,EN,Federal Contract Tower,0,2,8,0,10,0,0,0,0,0,0,2,8,0,10,0,0,0,10
02/27/2010,LWB,WV,AEA,EN,Federal Contract Tower,0,3,3,3,9,0,0,0,2,2,0,3,3,5,11,0,26,26,37
02/28/2010,LWB,WV,AEA,EN,Federal Contract Tower,0,9,9,4,22,0,0,0,0,0,0,9,9,4,22,0,0,0,22
03/01/2010,LWB,WV,AEA,EN,Federal Contract Tower,0,9,11,4,24,0,0,4,0,4,0,9,15,4,28,8,0,8,36
03/02/2010,LWB,WV,AEA,EN,Federal Contract Tower,0,5,8,0,13,0,0,0,0,0,0,5,8,0,13,0,0,0,13
03/03/2010,LWB,WV,AEA,EN,Federal Contract Tower,0,5,10,1,16,0,0,0,0,0,0,5,10,1,16,0,0,0,16
03/04/2010,LWB,WV,AEA,EN,Federal Contract Tower,0,6,4,1,11,0,0,11,0,11,0,6,15,1,22,0,0,0,22
03/05/2010,LWB,WV,AEA,EN,Federal Contract Tower,0,12,20,2,34,0,0,15,15,30,0,12,35,17,64,0,0,0,64
03/06/2010,LWB,WV,AEA,EN,Federal Contract Tower,0,6,7,0,13,0,0,28,0,28,0,6,35,0,41,22,0,22,63
03/07/2010,LWB,WV,AEA,EN,Federal Contract Tower,0,7,9,4,20,0,0,85,2,87,0,7,94,6,107,46,0,46,153
03/08/2010,LWB,WV,AEA,EN,Federal Contract Tower,0,7,12,0,19,0,0,10,0,10,0,7,22,0,29,0,0,0,29
03/09/2010,LWB,WV,AEA,EN,Federal Contract Tower,0,4,4,0,8,0,8,39,2,49,0,12,43,2,57,24,0,24,81
03/10/2010,LWB,WV,AEA,EN,Federal Contract Tower,0,5,6,0,11,0,0,22,0,22,0,5,28,0,33,0,0,0,33
03/11/2010,LWB,WV,AEA,EN,Federal Contract Tower,3,6,10,0,19,0,0,5,0,5,3,6,15,0,24,12,0,12,36
03/12/2010,LWB,WV,AEA,EN,Federal Contract Tower,0,8,8,0,16,0,0,0,0,0,0,8,8,0,16,0,0,0,16
03/13/2010,LWB,WV,AEA,EN,Federal Contract Tower,0,8,4,0,12,0,0,0,0,0,0,8,4,0,12,0,0,0,12
03/14/2010,LWB,WV,AEA,EN,Federal Contract Tower,0,8,8,0,16,0,0,0,0,0,0,8,8,0,16,0,0,0,16
03/15/2010,LWB,WV,AEA,EN,Federal Contract Tower,0,6,13,0,19,0,0,19,0,19,0,6,32,0,38,0,0,0,38
03/16/2010,LWB,WV,AEA,EN,Federal Contract Tower,2,7,4,0,13,0,0,4,0,4,2,7,8,0,17,0,0,0,17
03/17/2010,LWB,WV,AEA,EN,Federal Contract Tower,0,5,13,9,27,0,14,56,2,72,0,19,69,11,99,0,24,24,123
03/18/2010,LWB,WV,AEA,EN,Federal Contract Tower,0,7,10,0,17,0,1,69,0,70,0,8,79,0,87,0,0,0,87
03/19/2010,LWB,WV,AEA,EN,Federal Contract Tower,0,6,7,0,13,0,0,38,0,38,0,6,45,0,51,0,0,0,51
03/20/2010,LWB,WV,AEA,EN,Federal Contract Tower,0,6,20,4,30,0,6,77,0,83,0,12,97,4,113,14,0,14,127
03/21/2010,LWB,WV,AEA,EN,Federal Contract Tower,0,8,12,3,23,0,0,55,0,55,0,8,67,3,78,0,0,0,78
03/22/2010,LWB,WV,AEA,EN,Federal Contract Tower,0,6,2,2,10,0,0,0,2,2,0,6,2,4,12,0,0,0,12
03/23/2010,LWB,WV,AEA,EN,Federal Contract Tower,0,19,2,0,21,0,0,0,0,0,0,19,2,0,21,0,0,0,21
03/24/2010,LWB,WV,AEA,EN,Federal Contract Tower,0,7,7,0,14,0,0,25,0,25,0,7,32,0,39,10,0,10,49
03/25/2010,LWB,WV,AEA,EN,Federal Contract Tower,0,4,26,0,30,0,2,16,0,18,0,6,42,0,48,0,0,0,48
03/26/2010,LWB,WV,AEA,EN,Federal Contract Tower,0,12,19,0,31,0,0,0,0,0,0,12,19,0,31,0,0,0,31
03/27/2010,LWB,WV,AEA,EN,Federal Contract Tower,0,4,3,0,7,0,0,13,4,17,0,4,16,4,24,0,0,0,24
03/28/2010,LWB,WV,AEA,EN,Federal Contract Tower,0,14,2,0,16,0,0,0,0,0,0,14,2,0,16,0,0,0,16
03/29/2010,LWB,WV,AEA,EN,Federal Contract Tower,2,7,13,0,22,0,0,12,0,12,2,7,25,0,34,0,0,0,34
03/30/2010,LWB,WV,AEA,EN,Federal Contract Tower,0,8,7,0,15,0,0,17,0,17,0,8,24,0,32,0,0,0,32
03/31/2010,LWB,WV,AEA,EN,Federal Contract Tower,0,5,10,3,18,0,0,18,2,20,0,5,28,5,38,22,0,22,60
04/01/2010,LWB,WV,AEA,EN,Federal Contract Tower,2,10,18,0,30,0,0,15,0,15,2,10,33,0,45,72,0,72,117
04/02/2010,LWB,WV,AEA,EN,Federal Contract Tower,0,8,13,0,21,0,0,45,0,45,0,8,58,0,66,42,0,42,108
04/03/2010,LWB,WV,AEA,EN,Federal Contract Tower,0,1,12,0,13,0,0,12,0,12,0,1,24,0,25,0,0,0,25
04/04/2010,LWB,WV,AEA,EN,Federal Contract Tower,0,8,19,0,27,0,0,38,0,38,0,8,57,0,65,26,0,26,91
04/05/2010,LWB,WV,AEA,EN,Federal Contract Tower,0,15,12,2,29,0,0,105,0,105,0,15,117,2,134,0,0,0,134
04/06/2010,LWB,WV,AEA,EN,Federal Contract Tower,0,7,18,0,25,0,1,13,3,17,0,8,31,3,42,0,0,0,42
04/07/2010,LWB,WV,AEA,EN,Federal Contract Tower,0,6,20,0,26,0,0,28,2,30,0,6,48,2,56,0,0,0,56
04/08/2010,LWB,WV,AEA,EN,Federal Contract Tower,0,9,22,0,31,0,0,5,2,7,0,9,27,2,38,0,0,0,38
04/09/2010,LWB,WV,AEA,EN,Federal Contract Tower,0,11,5,0,16,0,0,16,0,16,0,11,21,0,32,0,0,0,32
04/10/2010,LWB,WV,AEA,EN,Federal Contract Tower,0,7,7,1,15,0,2,13,2,17,0,9,20,3,32,0,0,0,32
04/11/2010,LWB,WV,AEA,EN,Federal Contract Tower,0,9,12,0,21,0,0,11,0,11,0,9,23,0,32,0,0,0,32
04/12/2010,LWB,WV,AEA,EN,Federal Contract Tower,0,7,9,0,16,0,0,8,12,20,0,7,17,12,36,0,0,0,36
04/13/2010,LWB,WV,AEA,EN,Federal Contract Tower,0,11,17,0,28,0,0,4,20,24,0,11,21,20,52,16,12,28,80
04/14/2010,LWB,WV,AEA,EN,Federal Contract Tower,0,40,12,0,52,0,0,54,0,54,0,40,66,0,106,0,0,0,106
04/15/2010,LWB,WV,AEA,EN,Federal Contract Tower,2,13,15,7,37,0,4,32,19,55,2,17,47,26,92,10,2,12,104
04/16/2010,LWB,WV,AEA,EN,Federal Contract Tower,0,5,24,0,29,0,0,29,0,29,0,5,53,0,58,0,0,0,58
04/17/2010,LWB,WV,AEA,EN,Federal Contract Tower,0,4,15,0,19,0,0,8,0,8,0,4,23,0,27,0,0,0,27
04/18/2010,LWB,WV,AEA,EN,Federal Contract Tower,0,9,25,0,34,0,0,8,0,8,0,9,33,0,42,0,0,0,42
04/19/2010,LWB,WV,AEA,EN,Federal Contract Tower,0,13,11,4,28,0,8,4,20,32,0,21,15,24,60,0,12,12,72
04/20/2010,LWB,WV,AEA,EN,Federal Contract Tower,0,9,14,4,27,0,0,27,52,79,0,9,41,56,106,10,20,30,136
04/21/2010,LWB,WV,AEA,EN,Federal Contract Tower,0,8,6,0,14,0,0,6,4,10,0,8,12,4,24,0,0,0,24
04/22/2010,LWB,WV,AEA,EN,Federal Contract Tower,0,15,7,3,25,0,0,9,16,25,0,15,16,19,50,0,0,0,50
04/23/2010,LWB,WV,AEA,EN,Federal Contract Tower,0,23,20,0,43,0,0,27,0,27,0,23,47,0,70,8,0,8,78
04/24/2010,LWB,WV,AEA,EN,Federal Contract Tower,0,4,5,0,9,0,0,0,0,0,0,4,5,0,9,0,0,0,9
04/25/2010,LWB,WV,AEA,EN,Federal Contract Tower,0,27,13,0,40,0,0,6,0,6,0,27,19,0,46,0,0,0,46
04/26/2010,LWB,WV,AEA,EN,Federal Contract Tower,0,7,9,0,16,0,0,2,0,2,0,7,11,0,18,0,0,0,18
04/27/2010,LWB,WV,AEA,EN,Federal Contract Tower,0,6,11,4,21,0,0,9,0,9,0,6,20,4,30,0,0,0,30
04/28/2010,LWB,WV,AEA,EN,Federal Contract Tower,3,10,15,1,29,0,0,16,0,16,3,10,31,1,45,0,0,0,45
04/29/2010,LWB,WV,AEA,EN,Federal Contract Tower,0,10,41,2,53,0,1,95,7,103,0,11,136,9,156,22,26,48,204
04/30/2010,LWB,WV,AEA,EN,Federal Contract Tower,0,17,6,2,25,0,0,24,2,26,0,17,30,4,51,0,0,0,51
05/01/2010,LWB,WV,AEA,EN,Federal Contract Tower,0,11,4,0,15,0,4,11,0,15,0,15,15,0,30,6,0,6,36
05/02/2010,LWB,WV,AEA,EN,Federal Contract Tower,0,8,18,0,26,0,0,2,0,2,0,8,20,0,28,0,0,0,28
05/03/2010,LWB,WV,AEA,EN,Federal Contract Tower,0,19,20,0,39,0,0,8,0,8,0,19,28,0,47,0,0,0,47
05/04/2010,LWB,WV,AEA,EN,Federal Contract Tower,0,11,14,0,25,0,0,12,0,12,0,11,26,0,37,0,0,0,37
05/05/2010,LWB,WV,AEA,EN,Federal Contract Tower,0,11,14,0,25,0,0,51,0,51,0,11,65,0,76,8,0,8,84
05/06/2010,LWB,WV,AEA,EN,Federal Contract Tower,0,7,26,2,35,0,0,16,0,16,0,7,42,2,51,6,0,6,57
05/07/2010,LWB,WV,AEA,EN,Federal Contract Tower,0,17,16,0,33,0,0,10,0,10,0,17,26,0,43,0,0,0,43
05/08/2010,LWB,WV,AEA,EN,Federal Contract Tower,0,4,6,0,10,0,0,0,0,0,0,4,6,0,10,0,0,0,10
05/09/2010,LWB,WV,AEA,EN,Federal Contract Tower,0,17,13,0,30,0,4,7,0,11,0,21,20,0,41,0,0,0,41
05/10/2010,LWB,WV,AEA,EN,Federal Contract Tower,0,10,13,5,28,0,4,14,11,29,0,14,27,16,57,0,12,12,69
05/11/2010,LWB,WV,AEA,EN,Federal Contract Tower,0,8,14,0,22,0,0,2,0,2,0,8,16,0,24,0,0,0,24
05/12/2010,LWB,WV,AEA,EN,Federal Contract Tower,0,13,18,1,32,0,0,0,4,4,0,13,18,5,36,0,0,0,36
05/13/2010,LWB,WV,AEA,EN,Federal Contract Tower,3,6,23,0,32,0,0,6,6,12,3,6,29,6,44,0,0,0,44
05/14/2010,LWB,WV,AEA,EN,Federal Contract Tower,0,12,21,0,33,0,4,1,2,7,0,16,22,2,40,0,0,0,40
05/15/2010,LWB,WV,AEA,EN,Federal Contract Tower,0,7,13,6,26,0,0,7,0,7,0,7,20,6,33,0,10,10,43
05/16/2010,LWB,WV,AEA,EN,Federal Contract Tower,0,7,23,0,30,0,0,10,0,10,0,7,33,0,40,0,0,0,40
05/17/2010,LWB,WV,AEA,EN,Federal Contract Tower,0,11,11,0,22,0,0,0,0,0,0,11,11,0,22,0,0,0,22
05/18/2010,LWB,WV,AEA,EN,Federal Contract Tower,0,11,17,0,28,0,0,21,0,21,0,11,38,0,49,10,0,10,59
05/19/2010,LWB,WV,AEA,EN,Federal Contract Tower,0,17,19,0,36,0,0,3,2,5,0,17,22,2,41,0,0,0,41
05/20/2010,LWB,WV,AEA,EN,Federal Contract Tower,0,21,29,27,77,0,0,26,12,38,0,21,55,39,115,0,30,30,145
05/21/2010,LWB,WV,AEA,EN,Federal Contract Tower,0,17,27,0,44,0,0,10,0,10,0,17,37,0,54,18,0,18,72
05/22/2010,LWB,WV,AEA,EN,Federal Contract Tower,0,14,8,0,22,0,0,0,0,0,0,14,8,0,22,0,0,0,22
05/23/2010,LWB,WV,AEA,EN,Federal Contract Tower,0,31,29,0,60,0,0,2,0,2,0,31,31,0,62,0,0,0,62
05/24/2010,LWB,WV,AEA,EN,Federal Contract Tower,0,7,15,0,22,0,0,6,0,6,0,7,21,0,28,0,0,0,28
05/25/2010,LWB,WV,AEA,EN,Federal Contract Tower,0,17,26,0,43,0,0,4,0,4,0,17,30,0,47,12,32,44,91
05/26/2010,LWB,WV,AEA,EN,Federal Contract Tower,0,15,15,0,30,0,8,31,0,39,0,23,46,0,69,6,0,6,75
05/27/2010,LWB,WV,AEA,EN,Federal Contract Tower,2,12,16,0,30,0,0,25,0,25,2,12,41,0,55,0,0,0,55
05/28/2010,LWB,WV,AEA,EN,Federal Contract Tower,0,9,18,0,27,0,0,17,0,17,0,9,35,0,44,0,0,0,44
05/29/2010,LWB,WV,AEA,EN,Federal Contract Tower,0,7,28,0,35,0,0,4,0,4,0,7,32,0,39,0,0,0,39
05/30/2010,LWB,WV,AEA,EN,Federal Contract Tower,0,8,5,0,13,0,0,2,0,2,0,8,7,0,15,0,0,0,15
05/31/2010,LWB,WV,AEA,EN,Federal Contract Tower,0,12,24,0,36,0,0,4,0,4,0,12,28,0,40,0,0,0,40
06/01/2010,LWB,WV,AEA,EN,Federal Contract Tower,0,12,36,0,48,0,4,4,0,8,0,16,40,0,56,0,0,0,56
06/02/2010,LWB,WV,AEA,EN,Federal Contract Tower,0,9,24,0,33,0,0,12,0,12,0,9,36,0,45,16,0,16,61
06/03/2010,LWB,WV,AEA,EN,Federal Contract Tower,2,12,9,0,23,0,4,14,6,24,2,16,23,6,47,0,0,0,47
06/04/2010,LWB,WV,AEA,EN,Federal Contract Tower,0,5,14,3,22,0,0,10,0,10,0,5,24,3,32,54,12,66,98
06/05/2010,LWB,WV,AEA,EN,Federal Contract Tower,0,10,15,0,25,0,0,4,0,4,0,10,19,0,29,34,6,40,69
06/06/2010,LWB,WV,AEA,EN,Federal Contract Tower,0,13,27,0,40,0,0,3,0,3,0,13,30,0,43,0,0,0,43
06/07/2010,LWB,WV,AEA,EN,Federal Contract Tower,0,14,13,10,37,0,12,9,2,23,0,26,22,12,60,0,0,0,60
06/08/2010,LWB,WV,AEA,EN,Federal Contract Tower,0,9,14,0,23,0,0,36,0,36,0,9,50,0,59,28,0,28,87
06/09/2010,LWB,WV,AEA,EN,Federal Contract Tower,0,16,14,0,30,0,10,2,0,12,0,26,16,0,42,0,0,0,42
06/10/2010,LWB,WV,AEA,EN,Federal Contract Tower,5,6,9,0,20,0,0,22,6,28,5,6,31,6,48,22,0,22,70
06/11/2010,LWB,WV,AEA,EN,Federal Contract Tower,4,17,13,0,34,0,2,5,0,7,4,19,18,0,41,0,0,0,41
06/12/2010,LWB,WV,AEA,EN,Federal Contract Tower,8,12,4,0,24,0,0,9,0,9,8,12,13,0,33,0,0,0,33
06/13/2010,LWB,WV,AEA,EN,Federal Contract Tower,10,12,20,0,42,0,0,12,0,12,10,12,32,0,54,0,0,0,54
06/14/2010,LWB,WV,AEA,EN,Federal Contract Tower,5,17,7,3,32,0,6,2,4,12,5,23,9,7,44,12,0,12,56
06/15/2010,LWB,WV,AEA,EN,Federal Contract Tower,4,12,13,0,29,0,4,2,0,6,4,16,15,0,35,0,0,0,35
06/16/2010,LWB,WV,AEA,EN,Federal Contract Tower,4,20,19,0,43,0,2,4,0,6,4,22,23,0,49,0,0,0,49
06/17/2010,LWB,WV,AEA,EN,Federal Contract Tower,9,22,28,0,59,0,4,37,0,41,9,26,65,0,100,38,0,38,138
06/18/2010,LWB,WV,AEA,EN,Federal Contract Tower,10,26,21,0,57,0,0,20,42,62,10,26,41,42,119,22,50,72,191
06/19/2010,LWB,WV,AEA,EN,Federal Contract Tower,6,8,5,0,19,0,0,11,0,11,6,8,16,0,30,14,0,14,44
06/20/2010,LWB,WV,AEA,EN,Federal Contract Tower,6,22,14,0,42,0,0,6,0,6,6,22,20,0,48,0,0,0,48
06/21/2010,LWB,WV,AEA,EN,Federal Contract Tower,6,9,12,0,27,0,0,11,4,15,6,9,23,4,42,0,0,0,42
06/22/2010,LWB,WV,AEA,EN,Federal Contract Tower,6,6,14,0,26,0,0,32,2,34,6,6,46,2,60,22,0,22,82
06/23/2010,LWB,WV,AEA,EN,Federal Contract Tower,4,7,17,0,28,0,0,14,2,16,4,7,31,2,44,0,0,0,44
06/24/2010,LWB,WV,AEA,EN,Federal Contract Tower,6,15,31,0,52,0,8,40,0,48,6,23,71,0,100,22,0,22,122
06/25/2010,LWB,WV,AEA,EN,Federal Contract Tower,7,12,34,16,69,0,0,10,16,26,7,12,44,32,95,14,24,38,133
06/26/2010,LWB,WV,AEA,EN,Federal Contract Tower,5,5,10,0,20,0,0,12,0,12,5,5,22,0,32,28,0,28,60
06/27/2010,LWB,WV,AEA,EN,Federal Contract Tower,6,6,51,0,63,0,0,9,0,9,6,6,60,0,72,12,0,12,84
06/28/2010,LWB,WV,AEA,EN,Federal Contract Tower,6,16,15,9,46,0,0,24,10,34,6,16,39,19,80,0,0,0,80
06/29/2010,LWB,WV,AEA,EN,Federal Contract Tower,4,12,23,0,39,0,0,12,0,12,4,12,35,0,51,0,0,0,51
06/30/2010,LWB,WV,AEA,EN,Federal Contract Tower,6,19,32,0,57,0,0,5,6,11,6,19,37,6,68,0,0,0,68
07/01/2010,LWB,WV,AEA,EN,Federal Contract Tower,12,33,31,0,76,0,0,24,2,26,12,33,55,2,102,0,0,0,102
07/02/2010,LWB,WV,AEA,EN,Federal Contract Tower,4,16,70,1,91,0,1,38,3,42,4,17,108,4,133,0,0,0,133
07/03/2010,LWB,WV,AEA,EN,Federal Contract Tower,4,18,37,0,59,0,0,24,0,24,4,18,61,0,83,0,0,0,83
07/04/2010,LWB,WV,AEA,EN,Federal Contract Tower,8,19,8,0,35,0,2,32,0,34,8,21,40,0,69,52,0,52,121
07/05/2010,LWB,WV,AEA,EN,Federal Contract Tower,8,35,37,0,80,0,0,34,0,34,8,35,71,0,114,22,0,22,136
07/06/2010,LWB,WV,AEA,EN,Federal Contract Tower,6,16,22,0,44,0,2,22,0,24,6,18,44,0,68,0,0,0,68
07/07/2010,LWB,WV,AEA,EN,Federal Contract Tower,6,13,11,2,32,0,4,3,0,7,6,17,14,2,39,0,0,0,39
07/08/2010,LWB,WV,AEA,EN,Federal Contract Tower,6,18,9,0,33,0,0,14,0,14,6,18,23,0,47,6,0,6,53
07/09/2010,LWB,WV,AEA,EN,Federal Contract Tower,5,11,23,0,39,0,0,5,0,5,5,11,28,0,44,0,0,0,44
07/10/2010,LWB,WV,AEA,EN,Federal Contract Tower,5,8,20,0,33,0,0,4,0,4,5,8,24,0,37,0,0,0,37
07/11/2010,LWB,WV,AEA,EN,Federal Contract Tower,10,23,35,0,68,0,0,14,0,14,10,23,49,0,82,0,0,0,82
07/12/2010,LWB,WV,AEA,EN,Federal Contract Tower,15,24,10,0,49,0,0,0,0,0,15,24,10,0,49,0,0,0,49
07/13/2010,LWB,WV,AEA,EN,Federal Contract Tower,6,16,6,0,28,0,0,10,0,10,6,16,16,0,38,0,0,0,38
07/14/2010,LWB,WV,AEA,EN,Federal Contract Tower,8,15,35,0,58,0,0,20,0,20,8,15,55,0,78,14,0,14,92
07/15/2010,LWB,WV,AEA,EN,Federal Contract Tower,17,13,30,0,60,0,0,32,2,34,17,13,62,2,94,0,10,10,104
07/16/2010,LWB,WV,AEA,EN,Federal Contract Tower,6,7,32,0,45,0,0,31,0,31,6,7,63,0,76,0,0,0,76
07/17/2010,LWB,WV,AEA,EN,Federal Contract Tower,4,6,11,0,21,0,0,1,0,1,4,6,12,0,22,0,0,0,22
07/18/2010,LWB,WV,AEA,EN,Federal Contract Tower,5,15,29,0,49,0,0,5,14,19,5,15,34,14,68,0,20,20,88
07/19/2010,LWB,WV,AEA,EN,Federal Contract Tower,5,7,10,0,22,0,0,4,0,4,5,7,14,0,26,0,0,0,26
07/20/2010,LWB,WV,AEA,EN,Federal Contract Tower,8,12,15,0,35,0,0,54,0,54,8,12,69,0,89,16,0,16,105
07/21/2010,LWB,WV,AEA,EN,Federal Contract Tower,10,19,30,0,59,0,0,14,0,14,10,19,44,0,73,0,0,0,73
07/22/2010,LWB,WV,AEA,EN,Federal Contract Tower,8,9,19,4,40,0,0,54,0,54,8,9,73,4,94,0,0,0,94
07/23/2010,LWB,WV,AEA,EN,Federal Contract Tower,6,12,39,0,57,0,0,17,0,17,6,12,56,0,74,26,0,26,100
07/24/2010,LWB,WV,AEA,EN,Federal Contract Tower,4,7,15,0,26,0,0,0,0,0,4,7,15,0,26,0,0,0,26
07/25/2010,LWB,WV,AEA,EN,Federal Contract Tower,3,17,39,0,59,0,0,6,0,6,3,17,45,0,65,0,0,0,65
07/26/2010,LWB,WV,AEA,EN,Federal Contract Tower,10,29,44,0,83,0,4,11,0,15,10,33,55,0,98,6,0,6,104
07/27/2010,LWB,WV,AEA,EN,Federal Contract Tower,7,39,106,0,152,0,0,22,0,22,7,39,128,0,174,44,0,44,218
07/28/2010,LWB,WV,AEA,EN,Federal Contract Tower,6,35,72,0,113,0,6,6,0,12,6,41,78,0,125,0,0,0,125
07/29/2010,LWB,WV,AEA,EN,Federal Contract Tower,8,29,119,0,156,0,4,0,0,4,8,33,119,0,160,0,0,0,160
07/30/2010,LWB,WV,AEA,EN,Federal Contract Tower,6,27,59,0,92,0,52,142,0,194,6,79,201,0,286,0,0,0,286
07/31/2010,LWB,WV,AEA,EN,Federal Contract Tower,7,13,65,4,89,0,6,41,4,51,7,19,106,8,140,0,10,10,150
08/01/2010,LWB,WV,AEA,EN,Federal Contract Tower,4,61,110,0,175,0,56,21,0,77,4,117,131,0,252,9,0,9,261
08/02/2010,LWB,WV,AEA,EN,Federal Contract Tower,8,24,49,0,81,0,4,0,4,8,8,28,49,4,89,0,0,0,89
08/03/2010,LWB,WV,AEA,EN,Federal Contract Tower,5,14,32,0,51,0,0,49,0,49,5,14,81,0,100,30,0,30,130
08/04/2010,LWB,WV,AEA,EN,Federal Contract Tower,10,10,41,0,61,0,0,3,0,3,10,10,44,0,64,0,0,0,64
08/05/2010,LWB,WV,AEA,EN,Federal Contract Tower,8,20,25,0,53,0,0,20,0,20,8,20,45,0,73,0,0,0,73
08/06/2010,LWB,WV,AEA,EN,Federal Contract Tower,6,9,20,5,40,0,0,20,2,22,6,9,40,7,62,22,22,44,106
08/07/2010,LWB,WV,AEA,EN,Federal Contract Tower,6,6,20,0,32,0,0,13,0,13,6,6,33,0,45,48,0,48,93
08/08/2010,LWB,WV,AEA,EN,Federal Contract Tower,7,21,25,0,53,0,0,27,4,31,7,21,52,4,84,24,0,24,108
08/09/2010,LWB,WV,AEA,EN,Federal Contract Tower,9,29,27,1,66,0,25,28,3,56,9,54,55,4,122,16,0,16,138
08/10/2010,LWB,WV,AEA,EN,Federal Contract Tower,4,14,31,0,49,0,8,21,10,39,4,22,52,10,88,16,0,16,104
08/11/2010,LWB,WV,AEA,EN,Federal Contract Tower,7,15,29,0,51,0,0,9,0,9,7,15,38,0,60,14,0,14,74
08/12/2010,LWB,WV,AEA,EN,Federal Contract Tower,3,10,22,0,35,0,0,14,0,14,3,10,36,0,49,0,0,0,49
08/13/2010,LWB,WV,AEA,EN,Federal Contract Tower,9,33,23,0,65,0,0,46,0,46,9,33,69,0,111,62,0,62,173
08/14/2010,LWB,WV,AEA,EN,Federal Contract Tower,10,8,25,0,43,0,0,19,0,19,10,8,44,0,62,52,0,52,114
08/15/2010,LWB,WV,AEA,EN,Federal Contract Tower,11,26,33,0,70,0,8,21,0,29,11,34,54,0,99,0,0,0,99
08/16/2010,LWB,WV,AEA,EN,Federal Contract Tower,6,9,26,0,41,0,0,17,0,17,6,9,43,0,58,0,0,0,58
08/17/2010,LWB,WV,AEA,EN,Federal Contract Tower,8,7,22,0,37,0,0,20,78,98,8,7,42,78,135,0,8,8,143
08/18/2010,LWB,WV,AEA,EN,Federal Contract Tower,7,9,36,0,52,0,0,0,0,0,7,9,36,0,52,0,0,0,52
08/19/2010,LWB,WV,AEA,EN,Federal Contract Tower,5,18,35,0,58,0,4,10,2,16,5,22,45,2,74,0,0,0,74
08/20/2010,LWB,WV,AEA,EN,Federal Contract Tower,5,12,37,4,58,0,0,91,0,91,5,12,128,4,149,94,1,95,244
08/21/2010,LWB,WV,AEA,EN,Federal Contract Tower,8,16,9,0,33,0,0,20,1,21,8,16,29,1,54,0,10,10,64
08/22/2010,LWB,WV,AEA,EN,Federal Contract Tower,9,31,30,0,70,0,0,8,1,9,9,31,38,1,79,10,0,10,89
08/23/2010,LWB,WV,AEA,EN,Federal Contract Tower,2,12,12,0,26,0,0,38,0,38,2,12,50,0,64,12,0,12,76
08/24/2010,LWB,WV,AEA,EN,Federal Contract Tower,6,24,36,0,66,0,0,18,54,72,6,24,54,54,138,0,0,0,138
08/25/2010,LWB,WV,AEA,EN,Federal Contract Tower,6,24,31,0,61,0,0,0,43,43,6,24,31,43,104,0,0,0,104
08/26/2010,LWB,WV,AEA,EN,Federal Contract Tower,5,12,33,0,50,0,0,22,1,23,5,12,55,1,73,22,0,22,95
08/27/2010,LWB,WV,AEA,EN,Federal Contract Tower,5,15,15,1,36,0,0,53,9,62,5,15,68,10,98,0,24,24,122
08/28/2010,LWB,WV,AEA,EN,Federal Contract Tower,6,5,14,0,25,0,0,16,34,50,6,5,30,34,75,0,4,4,79
08/29/2010,LWB,WV,AEA,EN,Federal Contract Tower,6,12,25,0,43,0,6,34,13,53,6,18,59,13,96,0,0,0,96
08/30/2010,LWB,WV,AEA,EN,Federal Contract Tower,6,17,7,2,32,0,0,6,9,15,6,17,13,11,47,0,6,6,53
08/31/2010,LWB,WV,AEA,EN,Federal Contract Tower,6,14,9,2,31,0,2,20,20,42,6,16,29,22,73,0,0,0,73
09/01/2010,LWB,WV,AEA,EN,Federal Contract Tower,6,13,20,0,39,0,0,32,77,109,6,13,52,77,148,16,4,20,168
09/02/2010,LWB,WV,AEA,EN,Federal Contract Tower,5,14,10,0,29,0,0,31,0,31,5,14,41,0,60,60,0,60,120
09/03/2010,LWB,WV,AEA,EN,Federal Contract Tower,7,23,29,0,59,0,0,17,0,17,7,23,46,0,76,38,0,38,114
09/04/2010,LWB,WV,AEA,EN,Federal Contract Tower,4,4,11,0,19,0,0,5,0,5,4,4,16,0,24,20,0,20,44
09/05/2010,LWB,WV,AEA,EN,Federal Contract Tower,2,9,17,0,28,0,0,28,0,28,2,9,45,0,56,16,0,16,72
09/06/2010,LWB,WV,AEA,EN,Federal Contract Tower,6,22,30,0,58,0,2,13,2,17,6,24,43,2,75,0,10,10,85
09/07/2010,LWB,WV,AEA,EN,Federal Contract Tower,6,6,27,0,39,0,0,18,0,18,6,6,45,0,57,0,0,0,57
09/08/2010,LWB,WV,AEA,EN,Federal Contract Tower,5,8,21,0,34,0,0,26,0,26,5,8,47,0,60,0,0,0,60
09/09/2010,LWB,WV,AEA,EN,Federal Contract Tower,5,9,24,0,38,0,0,11,0,11,5,9,35,0,49,0,0,0,49
09/10/2010,LWB,WV,AEA,EN,Federal Contract Tower,6,8,43,0,57,0,0,232,36,268,6,8,275,36,325,14,0,14,339
09/11/2010,LWB,WV,AEA,EN,Federal Contract Tower,6,8,19,0,33,0,0,21,0,21,6,8,40,0,54,16,0,16,70
09/12/2010,LWB,WV,AEA,EN,Federal Contract Tower,6,17,32,0,55,0,0,25,0,25,6,17,57,0,80,0,0,0,80
09/13/2010,LWB,WV,AEA,EN,Federal Contract Tower,6,9,18,0,33,0,0,39,0,39,6,9,57,0,72,12,0,12,84
09/14/2010,LWB,WV,AEA,EN,Federal Contract Tower,4,11,24,3,42,0,0,7,0,7,4,11,31,3,49,0,0,0,49
09/15/2010,LWB,WV,AEA,EN,Federal Contract Tower,12,28,28,3,71,0,3,14,52,69,12,31,42,55,140,14,0,14,154
09/16/2010,LWB,WV,AEA,EN,Federal Contract Tower,8,27,51,0,86,0,0,7,8,15,8,27,58,8,101,0,16,16,117
09/17/2010,LWB,WV,AEA,EN,Federal Contract Tower,5,17,34,0,56,0,0,54,6,60,5,17,88,6,116,6,0,6,122
09/18/2010,LWB,WV,AEA,EN,Federal Contract Tower,5,4,15,0,24,0,4,47,0,51,5,8,62,0,75,0,0,0,75
09/19/2010,LWB,WV,AEA,EN,Federal Contract Tower,6,14,30,0,50,0,0,29,2,31,6,14,59,2,81,0,64,64,145
09/20/2010,LWB,WV,AEA,EN,Federal Contract Tower,6,14,15,0,35,0,4,19,0,23,6,18,34,0,58,0,0,0,58
09/21/2010,LWB,WV,AEA,EN,Federal Contract Tower,6,22,22,0,50,0,0,41,14,55,6,22,63,14,105,42,0,42,147
09/22/2010,LWB,WV,AEA,EN,Federal Contract Tower,7,11,26,2,46,0,0,16,2,18,7,11,42,4,64,0,0,0,64
09/23/2010,LWB,WV,AEA,EN,Federal Contract Tower,5,25,29,0,59,0,2,32,0,34,5,27,61,0,93,0,0,0,93
09/24/2010,LWB,WV,AEA,EN,Federal Contract Tower,5,14,25,0,44,0,0,10,0,10,5,14,35,0,54,0,0,0,54
09/25/2010,LWB,WV,AEA,EN,Federal Contract Tower,8,14,31,0,53,0,0,0,0,0,8,14,31,0,53,0,0,0,53
09/26/2010,LWB,WV,AEA,EN,Federal Contract Tower,5,8,23,0,36,0,0,0,0,0,5,8,23,0,36,0,0,0,36
09/27/2010,LWB,WV,AEA,EN,Federal Contract Tower,7,9,8,0,24,0,0,0,0,0,7,9,8,0,24,0,0,0,24
09/28/2010,LWB,WV,AEA,EN,Federal Contract Tower,8,22,10,0,40,0,0,4,8,12,8,22,14,8,52,0,96,96,148
09/29/2010,LWB,WV,AEA,EN,Federal Contract Tower,7,11,24,1,43,0,7,22,98,127,7,18,46,99,170,0,12,12,182
09/30/2010,LWB,WV,AEA,EN,Federal Contract Tower,6,10,13,2,31,0,0,0,0,0,6,10,13,2,31,0,0,0,31
10/01/2010,LWB,WV,AEA,EN,Federal Contract Tower,2,17,33,4,56,0,0,7,2,9,2,17,40,6,65,0,52,52,117
10/02/2010,LWB,WV,AEA,EN,Federal Contract Tower,6,11,19,0,36,0,4,24,0,28,6,15,43,0,64,6,0,6,70
10/03/2010,LWB,WV,AEA,EN,Federal Contract Tower,5,9,19,0,33,0,0,11,0,11,5,9,30,0,44,26,0,26,70
10/04/2010,LWB,WV,AEA,EN,Federal Contract Tower,4,1,21,0,26,0,0,2,0,2,4,1,23,0,28,0,0,0,28
10/05/2010,LWB,WV,AEA,EN,Federal Contract Tower,6,19,25,0,50,0,0,21,0,21,6,19,46,0,71,20,0,20,91
10/06/2010,LWB,WV,AEA,EN,Federal Contract Tower,6,10,19,4,39,0,2,7,0,9,6,12,26,4,48,0,0,0,48
10/07/2010,LWB,WV,AEA,EN,Federal Contract Tower,5,2,31,0,38,0,0,40,0,40,5,2,71,0,78,0,0,0,78
10/08/2010,LWB,WV,AEA,EN,Federal Contract Tower,5,16,30,0,51,0,0,54,2,56,5,16,84,2,107,10,0,10,117
10/09/2010,LWB,WV,AEA,EN,Federal Contract Tower,10,11,8,0,29,0,0,40,0,40,10,11,48,0,69,14,0,14,83
10/10/2010,LWB,WV,AEA,EN,Federal Contract Tower,5,10,29,0,44,0,0,60,0,60,5,10,89,0,104,24,0,24,128
10/11/2010,LWB,WV,AEA,EN,Federal Contract Tower,2,13,22,0,37,0,0,84,2,86,2,13,106,2,123,66,0,66,189
10/12/2010,LWB,WV,AEA,EN,Federal Contract Tower,10,9,14,3,36,0,2,28,0,30,10,11,42,3,66,0,0,0,66
10/13/2010,LWB,WV,AEA,EN,Federal Contract Tower,17,12,22,0,51,2,0,1,0,3,19,12,23,0,54,0,0,0,54
10/14/2010,LWB,WV,AEA,EN,Federal Contract Tower,5,6,24,2,37,0,0,3,0,3,5,6,27,2,40,0,0,0,40
10/15/2010,LWB,WV,AEA,EN,Federal Contract Tower,6,9,28,3,46,0,0,3,0,3,6,9,31,3,49,0,0,0,49
10/16/2010,LWB,WV,AEA,EN,Federal Contract Tower,5,10,26,0,41,0,0,23,0,23,5,10,49,0,64,0,0,0,64
10/17/2010,LWB,WV,AEA,EN,Federal Contract Tower,10,9,25,0,44,0,0,33,0,33,10,9,58,0,77,0,0,0,77
10/18/2010,LWB,WV,AEA,EN,Federal Contract Tower,4,8,11,1,24,0,0,29,2,31,4,8,40,3,55,0,0,0,55
10/19/2010,LWB,WV,AEA,EN,Federal Contract Tower,6,0,14,1,21,0,0,20,0,20,6,0,34,1,41,8,0,8,49
10/20/2010,LWB,WV,AEA,EN,Federal Contract Tower,4,5,20,0,29,0,0,14,0,14,4,5,34,0,43,0,0,0,43
10/21/2010,LWB,WV,AEA,EN,Federal Contract Tower,4,11,15,3,33,0,0,5,0,5,4,11,20,3,38,0,0,0,38
10/22/2010,LWB,WV,AEA,EN,Federal Contract Tower,4,4,27,0,35,0,0,45,0,45,4,4,72,0,80,20,0,20,100
10/23/2010,LWB,WV,AEA,EN,Federal Contract Tower,6,2,6,0,14,0,0,20,0,20,6,2,26,0,34,10,0,10,44
10/24/2010,LWB,WV,AEA,EN,Federal Contract Tower,5,7,15,0,27,0,1,36,0,37,5,8,51,0,64,34,0,34,98
10/25/2010,LWB,WV,AEA,EN,Federal Contract Tower,7,9,8,0,24,0,4,9,0,13,7,13,17,0,37,0,0,0,37
10/26/2010,LWB,WV,AEA,EN,Federal Contract Tower,5,4,13,0,22,0,0,0,0,0,5,4,13,0,22,18,0,18,40
10/27/2010,LWB,WV,AEA,EN,Federal Contract Tower,12,12,23,11,58,0,2,6,0,8,12,14,29,11,66,0,0,0,66
10/28/2010,LWB,WV,AEA,EN,Federal Contract Tower,3,6,12,0,21,0,4,19,2,25,3,10,31,2,46,0,0,0,46
10/29/2010,LWB,WV,AEA,EN,Federal Contract Tower,9,9,28,0,46,0,0,28,0,28,9,9,56,0,74,0,0,0,74
10/30/2010,LWB,WV,AEA,EN,Federal Contract Tower,5,5,7,0,17,0,0,30,0,30,5,5,37,0,47,12,0,12,59
10/31/2010,LWB,WV,AEA,EN,Federal Contract Tower,7,5,12,0,24,0,0,16,0,16,7,5,28,0,40,0,0,0,40
11/01/2010,LWB,WV,AEA,EN,Federal Contract Tower,7,0,19,3,29,0,4,69,7,80,7,4,88,10,109,8,0,8,117
11/02/2010,LWB,WV,AEA,EN,Federal Contract Tower,5,5,19,0,29,0,0,101,0,101,5,5,120,0,130,0,0,0,130
11/03/2010,LWB,WV,AEA,EN,Federal Contract Tower,8,2,8,0,18,0,4,5,0,9,8,6,13,0,27,0,0,0,27
11/04/2010,LWB,WV,AEA,EN,Federal Contract Tower,4,5,5,8,22,0,0,0,0,0,4,5,5,8,22,0,0,0,22
11/05/2010,LWB,WV,AEA,EN,Federal Contract Tower,6,11,13,0,30,0,0,0,0,0,6,11,13,0,30,0,0,0,30
11/06/2010,LWB,WV,AEA,EN,Federal Contract Tower,8,6,9,0,23,0,4,8,0,12,8,10,17,0,35,0,0,0,35
11/07/2010,LWB,WV,AEA,EN,Federal Contract Tower,6,24,24,6,60,0,4,20,0,24,6,28,44,6,84,0,0,0,84
11/08/2010,LWB,WV,AEA,EN,Federal Contract Tower,5,7,12,2,26,0,22,10,2,34,5,29,22,4,60,0,0,0,60
11/09/2010,LWB,WV,AEA,EN,Federal Contract Tower,6,0,15,2,23,0,0,8,4,12,6,0,23,6,35,0,0,0,35
11/10/2010,LWB,WV,AEA,EN,Federal Contract Tower,9,1,6,0,16,0,0,38,2,40,9,1,44,2,56,0,0,0,56
11/11/2010,LWB,WV,AEA,EN,Federal Contract Tower,4,0,10,0,14,0,0,16,0,16,4,0,26,0,30,0,0,0,30
11/12/2010,LWB,WV,AEA,EN,Federal Contract Tower,4,12,13,0,29,0,0,41,0,41,4,12,54,0,70,50,0,50,120
11/13/2010,LWB,WV,AEA,EN,Federal Contract Tower,5,1,7,2,15,0,8,30,0,38,5,9,37,2,53,28,0,28,81
11/14/2010,LWB,WV,AEA,EN,Federal Contract Tower,5,11,14,0,30,0,0,24,0,24,5,11,38,0,54,0,0,0,54
11/15/2010,LWB,WV,AEA,EN,Federal Contract Tower,7,2,9,0,18,0,4,2,0,6,7,6,11,0,24,10,0,10,34
11/16/2010,LWB,WV,AEA,EN,Federal Contract Tower,6,4,17,0,27,0,0,0,0,0,6,4,17,0,27,0,0,0,27
11/17/2010,LWB,WV,AEA,EN,Federal Contract Tower,6,0,12,0,18,0,0,6,0,6,6,0,18,0,24,0,0,0,24
11/18/2010,LWB,WV,AEA,EN,Federal Contract Tower,6,7,13,0,26,0,2,0,0,2,6,9,13,0,28,0,0,0,28
11/19/2010,LWB,WV,AEA,EN,Federal Contract Tower,4,2,12,0,18,0,0,10,0,10,4,2,22,0,28,10,0,10,38
11/20/2010,LWB,WV,AEA,EN,Federal Contract Tower,8,11,17,0,36,0,0,48,0,48,8,11,65,0,84,6,0,6,90
11/21/2010,LWB,WV,AEA,EN,Federal Contract Tower,5,12,14,0,31,0,0,39,0,39,5,12,53,0,70,20,0,20,90
11/22/2010,LWB,WV,AEA,EN,Federal Contract Tower,5,3,10,0,18,0,0,35,0,35,5,3,45,0,53,76,0,76,129
11/23/2010,LWB,WV,AEA,EN,Federal Contract Tower,7,7,15,0,29,0,0,18,0,18,7,7,33,0,47,12,0,12,59
11/24/2010,LWB,WV,AEA,EN,Federal Contract Tower,4,3,38,0,45,0,0,65,0,65,4,3,103,0,110,24,0,24,134
11/25/2010,LWB,WV,AEA,EN,Federal Contract Tower,7,9,6,0,22,0,0,24,0,24,7,9,30,0,46,22,0,22,68
11/26/2010,LWB,WV,AEA,EN,Federal Contract Tower,5,1,14,0,20,0,4,6,0,10,5,5,20,0,30,0,0,0,30
11/27/2010,LWB,WV,AEA,EN,Federal Contract Tower,5,5,26,0,36,0,4,0,0,4,5,9,26,0,40,0,0,0,40
11/28/2010,LWB,WV,AEA,EN,Federal Contract Tower,5,7,29,0,41,0,6,79,0,85,5,13,108,0,126,0,0,0,126
11/29/2010,LWB,WV,AEA,EN,Federal Contract Tower,5,0,16,0,21,0,0,10,0,10,5,0,26,0,31,50,0,50,81
11/30/2010,LWB,WV,AEA,EN,Federal Contract Tower,5,0,0,1,6,0,0,0,0,0,5,0,0,1,6,0,0,0,6
12/01/2010,LWB,WV,AEA,EN,Federal Contract Tower,4,0,9,0,13,0,0,2,0,2,4,0,11,0,15,0,0,0,15
12/02/2010,LWB,WV,AEA,EN,Federal Contract Tower,6,0,6,1,13,0,0,22,0,22,6,0,28,1,35,28,0,28,63
12/03/2010,LWB,WV,AEA,EN,Federal Contract Tower,7,4,13,0,24,0,0,6,0,6,7,4,19,0,30,0,0,0,30
12/04/2010,LWB,WV,AEA,EN,Federal Contract Tower,0,4,5,0,9,0,0,0,0,0,0,4,5,0,9,0,0,0,9
12/05/2010,LWB,WV,AEA,EN,Federal Contract Tower,0,1,7,0,8,0,0,0,0,0,0,1,7,0,8,0,0,0,8
12/06/2010,LWB,WV,AEA,EN,Federal Contract Tower,0,0,7,0,7,0,0,2,0,2,0,0,9,0,9,0,0,0,9
12/07/2010,LWB,WV,AEA,EN,Federal Contract Tower,4,0,3,0,7,0,0,0,0,0,4,0,3,0,7,0,0,0,7
12/08/2010,LWB,WV,AEA,EN,Federal Contract Tower,4,0,0,0,4,0,0,2,4,6,4,0,2,4,10,0,0,0,10
12/09/2010,LWB,WV,AEA,EN,Federal Contract Tower,9,0,15,0,24,0,0,28,0,28,9,0,43,0,52,30,0,30,82
12/10/2010,LWB,WV,AEA,EN,Federal Contract Tower,5,1,9,2,17,0,4,31,2,37,5,5,40,4,54,58,16,74,128
12/11/2010,LWB,WV,AEA,EN,Federal Contract Tower,7,4,11,0,22,0,0,88,0,88,7,4,99,0,110,38,0,38,148
12/12/2010,LWB,WV,AEA,EN,Federal Contract Tower,7,5,7,0,19,0,0,3,0,3,7,5,10,0,22,0,0,0,22
12/13/2010,LWB,WV,AEA,EN,Federal Contract Tower,4,0,8,3,15,0,0,0,0,0,4,0,8,3,15,0,0,0,15
12/14/2010,LWB,WV,AEA,EN,Federal Contract Tower,4,0,11,0,15,0,0,0,0,0,4,0,11,0,15,0,0,0,15
12/15/2010,LWB,WV,AEA,EN,Federal Contract Tower,5,0,5,0,10,0,2,2,0,4,5,2,7,0,14,0,0,0,14
12/16/2010,LWB,WV,AEA,EN,Federal Contract Tower,0,0,5,0,5,0,0,0,0,0,0,0,5,0,5,0,0,0,5
12/17/2010,LWB,WV,AEA,EN,Federal Contract Tower,5,4,4,0,13,0,0,5,0,5,5,4,9,0,18,0,0,0,18
12/18/2010,LWB,WV,AEA,EN,Federal Contract Tower,5,4,3,0,12,0,0,6,0,6,5,4,9,0,18,0,0,0,18
12/19/2010,LWB,WV,AEA,EN,Federal Contract Tower,7,2,16,0,25,0,0,0,0,0,7,2,16,0,25,0,0,0,25
12/20/2010,LWB,WV,AEA,EN,Federal Contract Tower,6,0,17,0,23,0,0,0,0,0,6,0,17,0,23,0,0,0,23
12/21/2010,LWB,WV,AEA,EN,Federal Contract Tower,6,0,7,0,13,0,0,2,0,2,6,0,9,0,15,0,0,0,15
12/22/2010,LWB,WV,AEA,EN,Federal Contract Tower,5,7,6,0,18,0,0,3,0,3,5,7,9,0,21,10,0,10,31
12/23/2010,LWB,WV,AEA,EN,Federal Contract Tower,6,4,23,0,33,0,0,1,0,1,6,4,24,0,34,0,0,0,34
12/24/2010,LWB,WV,AEA,EN,Federal Contract Tower,8,5,2,0,15,0,0,46,0,46,8,5,48,0,61,20,0,20,81
12/25/2010,LWB,WV,AEA,EN,Federal Contract Tower,4,5,3,0,12,0,0,0,0,0,4,5,3,0,12,0,0,0,12
12/26/2010,LWB,WV,AEA,EN,Federal Contract Tower,2,16,9,0,27,0,0,0,0,0,2,16,9,0,27,0,0,0,27
12/27/2010,LWB,WV,AEA,EN,Federal Contract Tower,3,9,4,0,16,0,0,0,0,0,3,9,4,0,16,0,0,0,16
12/28/2010,LWB,WV,AEA,EN,Federal Contract Tower,2,9,18,0,29,0,0,8,0,8,2,9,26,0,37,46,0,46,83
12/29/2010,LWB,WV,AEA,EN,Federal Contract Tower,8,6,16,0,30,0,0,14,0,14,8,6,30,0,44,0,0,0,44
12/30/2010,LWB,WV,AEA,EN,Federal Contract Tower,5,3,13,1,22,0,0,5,0,5,5,3,18,1,27,0,0,0,27
12/31/2010,LWB,WV,AEA,EN,Federal Contract Tower,5,11,23,0,39,0,0,34,0,34,5,11,57,0,73,38,0,38,111
01/01/2011,LWB,WV,AEA,EN,Federal Contract Tower,5,8,14,0,27,0,0,0,0,0,5,8,14,0,27,0,0,0,27
01/02/2011,LWB,WV,AEA,EN,Federal Contract Tower,6,9,28,0,43,0,0,5,0,5,6,9,33,0,48,0,0,0,48
01/03/2011,LWB,WV,AEA,EN,Federal Contract Tower,2,8,10,0,20,0,14,16,0,30,2,22,26,0,50,6,0,6,56
01/04/2011,LWB,WV,AEA,EN,Federal Contract Tower,4,2,4,0,10,0,0,29,0,29,4,2,33,0,39,0,0,0,39
01/05/2011,LWB,WV,AEA,EN,Federal Contract Tower,7,1,11,6,25,0,0,6,0,6,7,1,17,6,31,10,0,10,41
01/06/2011,LWB,WV,AEA,EN,Federal Contract Tower,4,4,2,0,10,0,2,6,0,8,4,6,8,0,18,0,0,0,18
01/07/2011,LWB,WV,AEA,EN,Federal Contract Tower,2,0,3,0,5,0,0,0,0,0,2,0,3,0,5,0,0,0,5
01/08/2011,LWB,WV,AEA,EN,Federal Contract Tower,3,3,4,0,10,0,0,4,0,4,3,3,8,0,14,0,0,0,14
01/09/2011,LWB,WV,AEA,EN,Federal Contract Tower,6,2,10,0,18,0,0,6,0,6,6,2,16,0,24,0,0,0,24
01/10/2011,LWB,WV,AEA,EN,Federal Contract Tower,4,0,2,0,6,0,0,20,0,20,4,0,22,0,26,0,0,0,26
01/11/2011,LWB,WV,AEA,EN,Federal Contract Tower,4,0,5,0,9,0,0,0,0,0,4,0,5,0,9,0,0,0,9
01/12/2011,LWB,WV,AEA,EN,Federal Contract Tower,0,0,0,1,1,0,0,0,0,0,0,0,0,1,1,0,0,0,1
01/13/2011,LWB,WV,AEA,EN,Federal Contract Tower,6,18,15,0,39,0,36,1,0,37,6,54,16,0,76,0,0,0,76
01/14/2011,LWB,WV,AEA,EN,Federal Contract Tower,5,0,7,1,13,0,0,6,0,6,5,0,13,1,19,0,0,0,19
01/15/2011,LWB,WV,AEA,EN,Federal Contract Tower,2,3,5,0,10,0,0,10,0,10,2,3,15,0,20,20,0,20,40
01/16/2011,LWB,WV,AEA,EN,Federal Contract Tower,6,2,2,0,10,0,0,0,0,0,6,2,2,0,10,0,0,0,10
01/17/2011,LWB,WV,AEA,EN,Federal Contract Tower,4,0,7,0,11,0,0,0,0,0,4,0,7,0,11,0,0,0,11
01/18/2011,LWB,WV,AEA,EN,Federal Contract Tower,7,0,11,0,18,0,0,0,0,0,7,0,11,0,18,0,0,0,18
01/19/2011,LWB,WV,AEA,EN,Federal Contract Tower,5,0,3,0,8,0,0,0,0,0,5,0,3,0,8,0,0,0,8
01/20/2011,LWB,WV,AEA,EN,Federal Contract Tower,3,0,7,0,10,0,0,13,0,13,3,0,20,0,23,22,0,22,45
01/21/2011,LWB,WV,AEA,EN,Federal Contract Tower,5,1,16,0,22,0,0,7,0,7,5,1,23,0,29,0,0,0,29
01/22/2011,LWB,WV,AEA,EN,Federal Contract Tower,4,6,8,0,18,0,4,39,4,47,4,10,47,4,65,28,0,28,93
01/23/2011,LWB,WV,AEA,EN,Federal Contract Tower,5,6,16,0,27,0,0,8,0,8,5,6,24,0,35,0,0,0,35
01/24/2011,LWB,WV,AEA,EN,Federal Contract Tower,4,0,5,0,9,0,4,19,0,23,4,4,24,0,32,12,0,12,44
01/25/2011,LWB,WV,AEA,EN,Federal Contract Tower,6,3,7,0,16,0,0,13,0,13,6,3,20,0,29,10,0,10,39
01/26/2011,LWB,WV,AEA,EN,Federal Contract Tower,0,1,0,0,1,0,0,0,0,0,0,1,0,0,1,0,0,0,1
01/27/2011,LWB,WV,AEA,EN,Federal Contract Tower,2,1,7,0,10,0,0,0,3,3,2,1,7,3,13,0,0,0,13
01/28/2011,LWB,WV,AEA,EN,Federal Contract Tower,4,0,9,0,13,0,0,2,0,2,4,0,11,0,15,0,0,0,15
01/29/2011,LWB,WV,AEA,EN,Federal Contract Tower,4,6,11,0,21,0,0,22,0,22,4,6,33,0,43,28,0,28,71
01/30/2011,LWB,WV,AEA,EN,Federal Contract Tower,5,4,7,0,16,0,0,7,0,7,5,4,14,0,23,0,0,0,23
01/31/2011,LWB,WV,AEA,EN,Federal Contract Tower,5,0,14,0,19,0,0,33,0,33,5,0,47,0,52,66,0,66,118
02/01/2011,LWB,WV,AEA,EN,Federal Contract Tower,2,0,2,0,4,0,0,0,0,0,2,0,2,0,4,0,0,0,4
02/02/2011,LWB,WV,AEA,EN,Federal Contract Tower,6,0,8,0,14,0,0,0,0,0,6,0,8,0,14,0,0,0,14
02/03/2011,LWB,WV,AEA,EN,Federal Contract Tower,11,2,5,0,18,6,0,6,0,12,17,2,11,0,30,6,0,6,36
02/04/2011,LWB,WV,AEA,EN,Federal Contract Tower,7,0,5,0,12,0,0,4,0,4,7,0,9,0,16,0,0,0,16
02/05/2011,LWB,WV,AEA,EN,Federal Contract Tower,5,3,4,0,12,0,0,0,0,0,5,3,4,0,12,0,0,0,12
02/06/2011,LWB,WV,AEA,EN,Federal Contract Tower,4,2,4,0,10,0,0,37,0,37,4,2,41,0,47,26,0,26,73
02/07/2011,LWB,WV,AEA,EN,Federal Contract Tower,5,0,2,0,7,0,0,24,0,24,5,0,26,0,31,12,0,12,43
02/08/2011,LWB,WV,AEA,EN,Federal Contract Tower,5,2,3,0,10,0,0,0,0,0,5,2,3,0,10,0,0,0,10
02/09/2011,LWB,WV,AEA,EN,Federal Contract Tower,6,1,2,0,9,0,0,2,0,2,6,1,4,0,11,0,0,0,11
02/10/2011,LWB,WV,AEA,EN,Federal Contract Tower,6,1,9,3,19,0,0,25,0,25,6,1,34,3,44,16,0,16,60
02/11/2011,LWB,WV,AEA,EN,Federal Contract Tower,5,3,17,0,25,0,0,20,0,20,5,3,37,0,45,50,0,50,95
02/12/2011,LWB,WV,AEA,EN,Federal Contract Tower,7,4,5,0,16,0,0,13,0,13,7,4,18,0,29,18,0,18,47
02/13/2011,LWB,WV,AEA,EN,Federal Contract Tower,5,4,13,0,22,0,0,14,0,14,5,4,27,0,36,0,0,0,36
02/14/2011,LWB,WV,AEA,EN,Federal Contract Tower,8,1,4,0,13,0,0,0,0,0,8,1,4,0,13,0,0,0,13
02/15/2011,LWB,WV,AEA,EN,Federal Contract Tower,7,0,7,0,14,0,0,23,0,23,7,0,30,0,37,12,0,12,49
02/16/2011,LWB,WV,AEA,EN,Federal Contract Tower,4,1,8,2,15,0,0,13,0,13,4,1,21,2,28,0,0,0,28
02/17/2011,LWB,WV,AEA,EN,Federal Contract Tower,6,0,14,0,20,0,0,81,0,81,6,0,95,0,101,44,0,44,145
02/18/2011,LWB,WV,AEA,EN,Federal Contract Tower,7,4,14,10,35,0,0,4,0,4,7,4,18,10,39,4,0,4,43
02/19/2011,LWB,WV,AEA,EN,Federal Contract Tower,6,4,5,0,15,0,0,4,0,4,6,4,9,0,19,0,0,0,19
02/20/2011,LWB,WV,AEA,EN,Federal Contract Tower,4,3,8,0,15,0,0,13,0,13,4,3,21,0,28,10,0,10,38
02/21/2011,LWB,WV,AEA,EN,Federal Contract Tower,6,2,10,0,18,0,0,2,0,2,6,2,12,0,20,0,0,0,20
02/22/2011,LWB,WV,AEA,EN,Federal Contract Tower,2,7,5,0,14,0,0,0,0,0,2,7,5,0,14,0,0,0,14
02/23/2011,LWB,WV,AEA,EN,Federal Contract Tower,8,2,5,1,16,0,0,31,0,31,8,2,36,1,47,48,0,48,95
02/24/2011,LWB,WV,AEA,EN,Federal Contract Tower,8,0,8,0,16,0,0,0,0,0,8,0,8,0,16,0,0,0,16
02/25/2011,LWB,WV,AEA,EN,Federal Contract Tower,6,0,16,0,22,0,0,0,0,0,6,0,16,0,22,0,0,0,22
02/26/2011,LWB,WV,AEA,EN,Federal Contract Tower,5,6,10,0,21,0,9,54,0,63,5,15,64,0,84,26,0,26,110
02/27/2011,LWB,WV,AEA,EN,Federal Contract Tower,6,2,17,0,25,0,0,34,0,34,6,2,51,0,59,0,0,0,59
02/28/2011,LWB,WV,AEA,EN,Federal Contract Tower,3,0,5,0,8,0,0,0,0,0,3,0,5,0,8,0,0,0,8
03/01/2011,LWB,WV,AEA,EN,Federal Contract Tower,6,0,14,0,20,0,0,24,0,24,6,0,38,0,44,0,0,0,44
03/02/2011,LWB,WV,AEA,EN,Federal Contract Tower,7,2,15,0,24,0,0,35,0,35,7,2,50,0,59,44,0,44,103
03/03/2011,LWB,WV,AEA,EN,Federal Contract Tower,6,0,18,0,24,0,0,35,0,35,6,0,53,0,59,26,0,26,85
03/04/2011,LWB,WV,AEA,EN,Federal Contract Tower,8,4,15,2,29,0,0,17,0,17,8,4,32,2,46,0,0,0,46
03/05/2011,LWB,WV,AEA,EN,Federal Contract Tower,6,3,4,0,13,0,0,0,0,0,6,3,4,0,13,0,0,0,13
03/06/2011,LWB,WV,AEA,EN,Federal Contract Tower,8,10,8,0,26,0,0,0,0,0,8,10,8,0,26,0,0,0,26
03/07/2011,LWB,WV,AEA,EN,Federal Contract Tower,5,0,17,0,22,0,0,15,2,17,5,0,32,2,39,10,0,10,49
03/08/2011,LWB,WV,AEA,EN,Federal Contract Tower,5,0,15,0,20,0,8,31,0,39,5,8,46,0,59,42,0,42,101
03/09/2011,LWB,WV,AEA,EN,Federal Contract Tower,5,1,2,0,8,0,0,0,0,0,5,1,2,0,8,0,0,0,8
03/10/2011,LWB,WV,AEA,EN,Federal Contract Tower,8,1,4,0,13,0,0,0,0,0,8,1,4,0,13,0,0,0,13
03/11/2011,LWB,WV,AEA,EN,Federal Contract Tower,6,0,24,0,30,0,4,0,6,10,6,4,24,6,40,0,0,0,40
03/12/2011,LWB,WV,AEA,EN,Federal Contract Tower,5,5,7,2,19,0,0,11,0,11,5,5,18,2,30,0,0,0,30
03/13/2011,LWB,WV,AEA,EN,Federal Contract Tower,5,3,16,0,24,0,8,46,0,54,5,11,62,0,78,0,0,0,78
03/14/2011,LWB,WV,AEA,EN,Federal Contract Tower,4,0,6,0,10,0,0,3,0,3,4,0,9,0,13,0,0,0,13
03/15/2011,LWB,WV,AEA,EN,Federal Contract Tower,4,0,6,0,10,0,0,0,0,0,4,0,6,0,10,0,0,0,10
03/16/2011,LWB,WV,AEA,EN,Federal Contract Tower,4,0,18,1,23,0,0,0,0,0,4,0,18,1,23,0,0,0,23
03/17/2011,LWB,WV,AEA,EN,Federal Contract Tower,5,2,9,0,16,0,0,44,0,44,5,2,53,0,60,24,0,24,84
03/18/2011,LWB,WV,AEA,EN,Federal Contract Tower,5,0,16,0,21,0,4,7,0,11,5,4,23,0,32,4,0,4,36
03/19/2011,LWB,WV,AEA,EN,Federal Contract Tower,5,5,10,0,20,0,0,5,0,5,5,5,15,0,25,0,0,0,25
03/20/2011,LWB,WV,AEA,EN,Federal Contract Tower,5,7,18,0,30,0,4,20,0,24,5,11,38,0,54,0,0,0,54
03/21/2011,LWB,WV,AEA,EN,Federal Contract Tower,5,2,18,0,25,0,0,1,0,1,5,2,19,0,26,0,0,0,26
03/22/2011,LWB,WV,AEA,EN,Federal Contract Tower,6,2,0,0,8,0,4,16,0,20,6,6,16,0,28,16,0,16,44
03/23/2011,LWB,WV,AEA,EN,Federal Contract Tower,5,0,4,0,9,0,0,16,4,20,5,0,20,4,29,0,0,0,29
03/24/2011,LWB,WV,AEA,EN,Federal Contract Tower,11,3,8,0,22,0,0,4,0,4,11,3,12,0,26,0,0,0,26
03/25/2011,LWB,WV,AEA,EN,Federal Contract Tower,7,3,6,0,16,0,0,5,0,5,7,3,11,0,21,0,0,0,21
03/26/2011,LWB,WV,AEA,EN,Federal Contract Tower,6,3,14,0,23,0,0,15,0,15,6,3,29,0,38,20,0,20,58
03/27/2011,LWB,WV,AEA,EN,Federal Contract Tower,5,9,16,0,30,0,0,0,0,0,5,9,16,0,30,0,0,0,30
03/28/2011,LWB,WV,AEA,EN,Federal Contract Tower,9,0,3,0,12,0,0,56,0,56,9,0,59,0,68,20,0,20,88
03/29/2011,LWB,WV,AEA,EN,Federal Contract Tower,7,8,18,0,33,0,0,49,34,83,7,8,67,34,116,40,10,50,166
03/30/2011,LWB,WV,AEA,EN,Federal Contract Tower,8,0,3,0,11,0,0,0,0,0,8,0,3,0,11,0,0,0,11
03/31/2011,LWB,WV,AEA,EN,Federal Contract Tower,7,0,14,0,21,0,0,0,0,0,7,0,14,0,21,0,0,0,21
04/01/2011,LWB,WV,AEA,EN,Federal Contract Tower,8,1,9,0,18,0,0,4,0,4,8,1,13,0,22,0,0,0,22
04/02/2011,LWB,WV,AEA,EN,Federal Contract Tower,4,1,7,0,12,0,0,3,0,3,4,1,10,0,15,0,0,0,15
04/03/2011,LWB,WV,AEA,EN,Federal Contract Tower,6,5,18,0,29,0,1,16,0,17,6,6,34,0,46,0,0,0,46
04/04/2011,LWB,WV,AEA,EN,Federal Contract Tower,5,0,14,0,19,0,0,3,0,3,5,0,17,0,22,0,0,0,22
04/05/2011,LWB,WV,AEA,EN,Federal Contract Tower,4,7,0,1,12,0,0,6,0,6,4,7,6,1,18,0,0,0,18
04/06/2011,LWB,WV,AEA,EN,Federal Contract Tower,5,0,13,0,18,0,0,0,0,0,5,0,13,0,18,0,0,0,18
04/07/2011,LWB,WV,AEA,EN,Federal Contract Tower,12,6,18,2,38,1,0,24,0,25,13,6,42,2,63,0,0,0,63
04/08/2011,LWB,WV,AEA,EN,Federal Contract Tower,5,0,7,2,14,0,0,2,0,2,5,0,9,2,16,0,0,0,16
04/09/2011,LWB,WV,AEA,EN,Federal Contract Tower,6,7,18,0,31,0,0,11,0,11,6,7,29,0,42,4,0,4,46
04/10/2011,LWB,WV,AEA,EN,Federal Contract Tower,6,9,17,0,32,0,0,16,0,16,6,9,33,0,48,10,0,10,58
04/11/2011,LWB,WV,AEA,EN,Federal Contract Tower,7,2,5,0,14,0,0,2,0,2,7,2,7,0,16,0,0,0,16
04/12/2011,LWB,WV,AEA,EN,Federal Contract Tower,6,4,7,0,17,0,0,9,0,9,6,4,16,0,26,0,0,0,26
04/13/2011,LWB,WV,AEA,EN,Federal Contract Tower,7,0,3,0,10,0,0,4,0,4,7,0,7,0,14,10,0,10,24
04/14/2011,LWB,WV,AEA,EN,Federal Contract Tower,7,6,19,0,32,0,9,81,0,90,7,15,100,0,122,0,0,0,122
04/15/2011,LWB,WV,AEA,EN,Federal Contract Tower,5,7,19,0,31,0,0,9,0,9,5,7,28,0,40,0,0,0,40
04/16/2011,LWB,WV,AEA,EN,Federal Contract Tower,7,3,3,0,13,0,0,6,0,6,7,3,9,0,19,0,0,0,19
04/17/2011,LWB,WV,AEA,EN,Federal Contract Tower,8,10,13,4,35,0,4,11,3,18,8,14,24,7,53,0,0,0,53
04/18/2011,LWB,WV,AEA,EN,Federal Contract Tower,6,0,10,0,16,0,0,9,0,9,6,0,19,0,25,68,0,68,93
04/19/2011,LWB,WV,AEA,EN,Federal Contract Tower,4,0,7,0,11,0,0,1,0,1,4,0,8,0,12,0,0,0,12
04/20/2011,LWB,WV,AEA,EN,Federal Contract Tower,5,1,14,0,20,0,0,2,0,2,5,1,16,0,22,0,0,0,22
04/21/2011,LWB,WV,AEA,EN,Federal Contract Tower,8,16,34,0,58,0,0,110,0,110,8,16,144,0,168,74,0,74,242
04/22/2011,LWB,WV,AEA,EN,Federal Contract Tower,4,13,19,0,36,0,0,5,0,5,4,13,24,0,41,0,0,0,41
04/23/2011,LWB,WV,AEA,EN,Federal Contract Tower,5,13,14,0,32,0,0,8,0,8,5,13,22,0,40,38,0,38,78
04/24/2011,LWB,WV,AEA,EN,Federal Contract Tower,5,13,16,6,40,0,0,10,0,10,5,13,26,6,50,32,0,32,82
04/25/2011,LWB,WV,AEA,EN,Federal Contract Tower,6,0,19,0,25,0,0,18,0,18,6,0,37,0,43,22,0,22,65
04/26/2011,LWB,WV,AEA,EN,Federal Contract Tower,6,0,6,0,12,0,0,0,0,0,6,0,6,0,12,0,0,0,12
04/27/2011,LWB,WV,AEA,EN,Federal Contract Tower,5,2,15,0,22,0,4,0,0,4,5,6,15,0,26,0,0,0,26
04/28/2011,LWB,WV,AEA,EN,Federal Contract Tower,2,0,9,0,11,0,0,1,2,3,2,0,10,2,14,0,0,0,14
04/29/2011,LWB,WV,AEA,EN,Federal Contract Tower,5,5,17,0,27,0,0,13,0,13,5,5,30,0,40,0,0,0,40
04/30/2011,LWB,WV,AEA,EN,Federal Contract Tower,6,7,19,0,32,0,0,150,0,150,6,7,169,0,182,10,0,10,192
05/01/2011,LWB,WV,AEA,EN,Federal Contract Tower,6,12,17,0,35,0,0,8,0,8,6,12,25,0,43,0,0,0,43
05/02/2011,LWB,WV,AEA,EN,Federal Contract Tower,4,4,16,0,24,0,4,23,0,27,4,8,39,0,51,8,0,8,59
05/03/2011,LWB,WV,AEA,EN,Federal Contract Tower,5,13,12,0,30,0,0,27,0,27,5,13,39,0,57,0,0,0,57
05/04/2011,LWB,WV,AEA,EN,Federal Contract Tower,4,12,32,0,48,2,0,12,0,14,6,12,44,0,62,0,0,0,62
05/05/2011,LWB,WV,AEA,EN,Federal Contract Tower,2,11,18,0,31,0,4,61,0,65,2,15,79,0,96,0,0,0,96
05/06/2011,LWB,WV,AEA,EN,Federal Contract Tower,3,3,11,0,17,0,4,0,6,10,3,7,11,6,27,0,0,0,27
05/07/2011,LWB,WV,AEA,EN,Federal Contract Tower,5,12,20,1,38,0,0,75,1,76,5,12,95,2,114,0,0,0,114
05/08/2011,LWB,WV,AEA,EN,Federal Contract Tower,6,12,16,0,34,0,1,8,0,9,6,13,24,0,43,0,0,0,43
05/09/2011,LWB,WV,AEA,EN,Federal Contract Tower,7,1,24,0,32,0,4,35,0,39,7,5,59,0,71,8,0,8,79
05/10/2011,LWB,WV,AEA,EN,Federal Contract Tower,6,1,23,0,30,0,4,14,0,18,6,5,37,0,48,0,0,0,48
05/11/2011,LWB,WV,AEA,EN,Federal Contract Tower,8,2,40,2,52,0,0,6,0,6,8,2,46,2,58,0,0,0,58
05/12/2011,LWB,WV,AEA,EN,Federal Contract Tower,7,6,46,0,59,0,0,4,0,4,7,6,50,0,63,0,0,0,63
05/13/2011,LWB,WV,AEA,EN,Federal Contract Tower,5,5,13,0,23,0,0,38,0,38,5,5,51,0,61,10,0,10,71
05/14/2011,LWB,WV,AEA,EN,Federal Contract Tower,7,2,17,0,26,0,0,1,0,1,7,2,18,0,27,0,0,0,27
05/15/2011,LWB,WV,AEA,EN,Federal Contract Tower,5,15,44,0,64,0,0,4,2,6,5,15,48,2,70,0,0,0,70
05/16/2011,LWB,WV,AEA,EN,Federal Contract Tower,5,3,22,0,30,0,0,24,0,24,5,3,46,0,54,0,0,0,54
05/17/2011,LWB,WV,AEA,EN,Federal Contract Tower,6,2,36,0,44,0,0,0,0,0,6,2,36,0,44,0,0,0,44
05/18/2011,LWB,WV,AEA,EN,Federal Contract Tower,8,0,36,0,44,0,0,29,0,29,8,0,65,0,73,0,0,0,73
05/19/2011,LWB,WV,AEA,EN,Federal Contract Tower,6,5,24,0,35,0,0,5,0,5,6,5,29,0,40,0,0,0,40
05/20/2011,LWB,WV,AEA,EN,Federal Contract Tower,5,4,33,1,43,0,0,49,0,49,5,4,82,1,92,0,0,0,92
05/21/2011,LWB,WV,AEA,EN,Federal Contract Tower,6,4,15,0,25,0,6,58,1,65,6,10,73,1,90,0,0,0,90
05/22/2011,LWB,WV,AEA,EN,Federal Contract Tower,5,9,20,0,34,0,0,33,0,33,5,9,53,0,67,48,0,48,115
05/23/2011,LWB,WV,AEA,EN,Federal Contract Tower,5,0,42,13,60,0,0,14,0,14,5,0,56,13,74,0,0,0,74
05/24/2011,LWB,WV,AEA,EN,Federal Contract Tower,8,2,17,0,27,0,0,1,0,1,8,2,18,0,28,0,0,0,28
05/25/2011,LWB,WV,AEA,EN,Federal Contract Tower,6,7,24,8,45,0,0,42,1,43,6,7,66,9,88,20,0,20,108
05/26/2011,LWB,WV,AEA,EN,Federal Contract Tower,8,11,26,0,45,0,0,34,0,34,8,11,60,0,79,26,0,26,105
05/27/2011,LWB,WV,AEA,EN,Federal Contract Tower,2,2,26,0,30,0,0,26,0,26,2,2,52,0,56,10,0,10,66
05/28/2011,LWB,WV,AEA,EN,Federal Contract Tower,5,12,23,0,40,0,0,27,2,29,5,12,50,2,69,64,0,64,133
05/29/2011,LWB,WV,AEA,EN,Federal Contract Tower,7,8,12,0,27,0,0,19,2,21,7,8,31,2,48,0,0,0,48
05/30/2011,LWB,WV,AEA,EN,Federal Contract Tower,5,10,41,0,56,0,0,60,2,62,5,10,101,2,118,42,0,42,160
05/31/2011,LWB,WV,AEA,EN,Federal Contract Tower,5,0,19,0,24,0,0,6,14,20,5,0,25,14,44,0,10,10,54
06/01/2011,LWB,WV,AEA,EN,Federal Contract Tower,4,0,20,0,24,0,0,13,0,13,4,0,33,0,37,14,0,14,51
06/02/2011,LWB,WV,AEA,EN,Federal Contract Tower,5,4,20,2,31,0,0,25,0,25,5,4,45,2,56,46,0,46,102
06/03/2011,LWB,WV,AEA,EN,Federal Contract Tower,6,2,16,0,24,0,0,28,0,28,6,2,44,0,52,74,0,74,126
06/04/2011,LWB,WV,AEA,EN,Federal Contract Tower,5,6,4,4,19,0,0,33,6,39,5,6,37,10,58,20,42,62,120
06/05/2011,LWB,WV,AEA,EN,Federal Contract Tower,6,17,24,0,47,0,4,23,0,27,6,21,47,0,74,18,0,18,92
06/06/2011,LWB,WV,AEA,EN,Federal Contract Tower,6,6,21,0,33,0,0,61,0,61,6,6,82,0,94,10,0,10,104
06/07/2011,LWB,WV,AEA,EN,Federal Contract Tower,5,5,20,0,30,0,8,64,0,72,5,13,84,0,102,50,0,50,152
06/08/2011,LWB,WV,AEA,EN,Federal Contract Tower,6,17,29,0,52,0,1,30,0,31,6,18,59,0,83,0,0,0,83
06/09/2011,LWB,WV,AEA,EN,Federal Contract Tower,9,5,26,2,42,0,0,41,2,43,9,5,67,4,85,30,22,52,137
06/10/2011,LWB,WV,AEA,EN,Federal Contract Tower,6,15,31,0,52,0,0,41,0,41,6,15,72,0,93,0,0,0,93
06/11/2011,LWB,WV,AEA,EN,Federal Contract Tower,7,3,17,0,27,0,0,18,0,18,7,3,35,0,45,10,0,10,55
06/12/2011,LWB,WV,AEA,EN,Federal Contract Tower,6,5,43,0,54,0,0,3,0,3,6,5,46,0,57,0,0,0,57
06/13/2011,LWB,WV,AEA,EN,Federal Contract Tower,4,6,22,0,32,0,0,9,0,9,4,6,31,0,41,0,0,0,41
06/14/2011,LWB,WV,AEA,EN,Federal Contract Tower,5,3,15,0,23,0,0,40,6,46,5,3,55,6,69,0,0,0,69
06/15/2011,LWB,WV,AEA,EN,Federal Contract Tower,6,11,40,0,57,0,0,77,0,77,6,11,117,0,134,60,0,60,194
06/16/2011,LWB,WV,AEA,EN,Federal Contract Tower,6,12,76,0,94,0,0,11,2,13,6,12,87,2,107,0,0,0,107
06/17/2011,LWB,WV,AEA,EN,Federal Contract Tower,6,6,14,0,26,0,0,15,4,19,6,6,29,4,45,0,0,0,45
06/18/2011,LWB,WV,AEA,EN,Federal Contract Tower,7,9,31,0,47,0,0,26,6,32,7,9,57,6,79,26,0,26,105
06/19/2011,LWB,WV,AEA,EN,Federal Contract Tower,4,19,47,0,70,0,0,2,0,2,4,19,49,0,72,0,0,0,72
06/20/2011,LWB,WV,AEA,EN,Federal Contract Tower,5,7,35,0,47,0,0,8,0,8,5,7,43,0,55,0,0,0,55
06/21/2011,LWB,WV,AEA,EN,Federal Contract Tower,6,0,6,0,12,0,0,29,0,29,6,0,35,0,41,8,0,8,49
06/22/2011,LWB,WV,AEA,EN,Federal Contract Tower,3,5,23,0,31,0,4,15,0,19,3,9,38,0,50,0,0,0,50
06/23/2011,LWB,WV,AEA,EN,Federal Contract Tower,8,6,33,0,47,0,0,19,0,19,8,6,52,0,66,24,0,24,90
06/24/2011,LWB,WV,AEA,EN,Federal Contract Tower,10,4,23,0,37,0,2,22,0,24,10,6,45,0,61,30,0,30,91
06/25/2011,LWB,WV,AEA,EN,Federal Contract Tower,5,3,30,0,38,0,0,25,0,25,5,3,55,0,63,18,0,18,81
06/26/2011,LWB,WV,AEA,EN,Federal Contract Tower,7,6,23,0,36,0,2,17,0,19,7,8,40,0,55,0,0,0,55
06/27/2011,LWB,WV,AEA,EN,Federal Contract Tower,5,0,21,2,28,0,0,31,4,35,5,0,52,6,63,10,28,38,101
06/28/2011,LWB,WV,AEA,EN,Federal Contract Tower,7,8,12,7,34,0,0,19,0,19,7,8,31,7,53,0,0,0,53
06/29/2011,LWB,WV,AEA,EN,Federal Contract Tower,4,11,19,0,34,0,0,42,0,42,4,11,61,0,76,12,0,12,88
06/30/2011,LWB,WV,AEA,EN,Federal Contract Tower,6,1,30,1,38,0,0,43,12,55,6,1,73,13,93,38,0,38,131
07/01/2011,LWB,WV,AEA,EN,Federal Contract Tower,7,23,44,0,74,0,0,38,0,38,7,23,82,0,112,10,0,10,122
07/02/2011,LWB,WV,AEA,EN,Federal Contract Tower,6,9,29,0,44,0,4,9,0,13,6,13,38,0,57,0,0,0,57
07/03/2011,LWB,WV,AEA,EN,Federal Contract Tower,6,7,17,0,30,0,0,9,0,9,6,7,26,0,39,14,0,14,53
07/04/2011,LWB,WV,AEA,EN,Federal Contract Tower,6,8,19,0,33,0,0,7,2,9,6,8,26,2,42,0,0,0,42
07/05/2011,LWB,WV,AEA,EN,Federal Contract Tower,5,6,31,6,48,0,0,4,4,8,5,6,35,10,56,0,36,36,92
07/06/2011,LWB,WV,AEA,EN,Federal Contract Tower,8,3,13,0,24,0,0,14,2,16,8,3,27,2,40,0,0,0,40
07/07/2011,LWB,WV,AEA,EN,Federal Contract Tower,8,0,8,0,16,0,0,64,0,64,8,0,72,0,80,38,0,38,118
07/08/2011,LWB,WV,AEA,EN,Federal Contract Tower,6,10,12,0,28,0,0,16,0,16,6,10,28,0,44,0,0,0,44
07/09/2011,LWB,WV,AEA,EN,Federal Contract Tower,6,3,8,0,17,0,0,50,0,50,6,3,58,0,67,52,0,52,119
07/10/2011,LWB,WV,AEA,EN,Federal Contract Tower,6,5,13,0,24,0,0,30,0,30,6,5,43,0,54,30,0,30,84
07/11/2011,LWB,WV,AEA,EN,Federal Contract Tower,4,0,6,8,18,0,2,41,0,43,4,2,47,8,61,30,0,30,91
07/12/2011,LWB,WV,AEA,EN,Federal Contract Tower,6,0,17,0,23,0,0,8,6,14,6,0,25,6,37,0,0,0,37
07/13/2011,LWB,WV,AEA,EN,Federal Contract Tower,4,0,20,0,24,0,0,8,0,8,4,0,28,0,32,30,0,30,62
07/14/2011,LWB,WV,AEA,EN,Federal Contract Tower,6,9,28,2,45,0,0,50,0,50,6,9,78,2,95,34,0,34,129
07/15/2011,LWB,WV,AEA,EN,Federal Contract Tower,5,15,25,0,45,0,1,71,16,88,5,16,96,16,133,0,0,0,133
07/16/2011,LWB,WV,AEA,EN,Federal Contract Tower,8,2,13,0,23,0,0,2,4,6,8,2,15,4,29,0,0,0,29
07/17/2011,LWB,WV,AEA,EN,Federal Contract Tower,11,16,18,0,45,0,2,18,0,20,11,18,36,0,65,0,0,0,65
07/18/2011,LWB,WV,AEA,EN,Federal Contract Tower,6,5,15,4,30,0,0,32,0,32,6,5,47,4,62,0,0,0,62
07/19/2011,LWB,WV,AEA,EN,Federal Contract Tower,7,8,16,5,36,0,0,27,0,27,7,8,43,5,63,0,0,0,63
07/20/2011,LWB,WV,AEA,EN,Federal Contract Tower,5,5,44,7,61,0,0,21,1,22,5,5,65,8,83,34,10,44,127
07/21/2011,LWB,WV,AEA,EN,Federal Contract Tower,5,11,31,0,47,0,0,61,0,61,5,11,92,0,108,4,0,4,112
07/22/2011,LWB,WV,AEA,EN,Federal Contract Tower,7,6,20,0,33,0,0,7,0,7,7,6,27,0,40,0,0,0,40
07/23/2011,LWB,WV,AEA,EN,Federal Contract Tower,7,6,23,0,36,0,0,22,0,22,7,6,45,0,58,26,0,26,84
07/24/2011,LWB,WV,AEA,EN,Federal Contract Tower,8,14,42,0,64,0,0,26,0,26,8,14,68,0,90,0,0,0,90
07/25/2011,LWB,WV,AEA,EN,Federal Contract Tower,8,47,46,0,101,0,0,16,4,20,8,47,62,4,121,0,0,0,121
07/26/2011,LWB,WV,AEA,EN,Federal Contract Tower,5,45,93,1,144,0,2,52,3,57,5,47,145,4,201,0,0,0,201
07/27/2011,LWB,WV,AEA,EN,Federal Contract Tower,5,15,83,1,104,0,60,28,0,88,5,75,111,1,192,10,0,10,202
07/28/2011,LWB,WV,AEA,EN,Federal Contract Tower,8,40,100,0,148,0,112,57,0,169,8,152,157,0,317,0,0,0,317
07/29/2011,LWB,WV,AEA,EN,Federal Contract Tower,5,24,111,6,146,0,4,47,16,67,5,28,158,22,213,0,0,0,213
07/30/2011,LWB,WV,AEA,EN,Federal Contract Tower,9,37,47,0,93,0,10,26,0,36,9,47,73,0,129,0,0,0,129
07/31/2011,LWB,WV,AEA,EN,Federal Contract Tower,13,163,254,0,430,0,10,75,0,85,13,173,329,0,515,0,0,0,515
08/01/2011,LWB,WV,AEA,EN,Federal Contract Tower,6,16,36,6,64,0,0,10,8,18,6,16,46,14,82,0,76,76,158
08/02/2011,LWB,WV,AEA,EN,Federal Contract Tower,6,11,7,0,24,0,4,6,0,10,6,15,13,0,34,0,0,0,34
08/03/2011,LWB,WV,AEA,EN,Federal Contract Tower,6,5,24,0,35,0,2,18,0,20,6,7,42,0,55,0,0,0,55
08/04/2011,LWB,WV,AEA,EN,Federal Contract Tower,4,16,30,7,57,0,0,54,0,54,4,16,84,7,111,0,0,0,111
08/05/2011,LWB,WV,AEA,EN,Federal Contract Tower,6,8,45,15,74,0,6,6,27,39,6,14,51,42,113,18,8,26,139
08/06/2011,LWB,WV,AEA,EN,Federal Contract Tower,11,6,42,0,59,0,0,2,16,18,11,6,44,16,77,0,0,0,77
08/07/2011,LWB,WV,AEA,EN,Federal Contract Tower,9,18,59,0,86,0,0,4,0,4,9,18,63,0,90,8,0,8,98
08/08/2011,LWB,WV,AEA,EN,Federal Contract Tower,4,9,29,0,42,0,0,47,0,47,4,9,76,0,89,16,0,16,105
08/09/2011,LWB,WV,AEA,EN,Federal Contract Tower,2,4,46,0,52,0,4,15,0,19,2,8,61,0,71,0,0,0,71
08/10/2011,LWB,WV,AEA,EN,Federal Contract Tower,6,4,29,6,45,0,0,7,4,11,6,4,36,10,56,4,4,8,64
08/11/2011,LWB,WV,AEA,EN,Federal Contract Tower,6,16,47,2,71,0,0,21,2,23,6,16,68,4,94,10,0,10,104
08/12/2011,LWB,WV,AEA,EN,Federal Contract Tower,7,16,19,0,42,0,0,40,0,40,7,16,59,0,82,0,0,0,82
08/13/2011,LWB,WV,AEA,EN,Federal Contract Tower,6,8,22,0,36,0,0,23,0,23,6,8,45,0,59,18,0,18,77
08/14/2011,LWB,WV,AEA,EN,Federal Contract Tower,2,20,29,0,51,0,1,1,6,8,2,21,30,6,59,0,0,0,59
08/15/2011,LWB,WV,AEA,EN,Federal Contract Tower,10,2,35,0,47,0,4,26,0,30,10,6,61,0,77,0,0,0,77
08/16/2011,LWB,WV,AEA,EN,Federal Contract Tower,5,16,13,0,34,0,4,44,2,50,5,20,57,2,84,4,2,6,90
08/17/2011,LWB,WV,AEA,EN,Federal Contract Tower,6,8,12,15,41,0,4,33,6,43,6,12,45,21,84,66,0,66,150
08/18/2011,LWB,WV,AEA,EN,Federal Contract Tower,6,23,32,0,61,0,0,13,0,13,6,23,45,0,74,12,0,12,86
08/19/2011,LWB,WV,AEA,EN,Federal Contract Tower,6,11,19,4,40,0,0,31,0,31,6,11,50,4,71,76,0,76,147
08/20/2011,LWB,WV,AEA,EN,Federal Contract Tower,5,12,14,0,31,0,2,17,0,19,5,14,31,0,50,44,0,44,94
08/21/2011,LWB,WV,AEA,EN,Federal Contract Tower,6,5,46,0,57,0,0,12,0,12,6,5,58,0,69,0,0,0,69
08/22/2011,LWB,WV,AEA,EN,Federal Contract Tower,6,0,22,0,28,0,0,18,0,18,6,0,40,0,46,0,0,0,46
08/23/2011,LWB,WV,AEA,EN,Federal Contract Tower,8,10,31,2,51,0,4,24,11,39,8,14,55,13,90,0,0,0,90
08/24/2011,LWB,WV,AEA,EN,Federal Contract Tower,6,9,35,0,50,0,8,19,1,28,6,17,54,1,78,24,0,24,102
08/25/2011,LWB,WV,AEA,EN,Federal Contract Tower,6,21,35,0,62,0,7,24,2,33,6,28,59,2,95,0,0,0,95
08/26/2011,LWB,WV,AEA,EN,Federal Contract Tower,8,8,34,4,54,0,0,21,2,23,8,8,55,6,77,0,20,20,97
08/27/2011,LWB,WV,AEA,EN,Federal Contract Tower,2,18,11,0,31,0,4,2,0,6,2,22,13,0,37,0,0,0,37
08/28/2011,LWB,WV,AEA,EN,Federal Contract Tower,3,10,21,0,34,0,2,1,2,5,3,12,22,2,39,0,0,0,39
08/29/2011,LWB,WV,AEA,EN,Federal Contract Tower,4,2,36,0,42,0,2,15,0,17,4,4,51,0,59,10,0,10,69
08/30/2011,LWB,WV,AEA,EN,Federal Contract Tower,6,13,10,0,29,0,4,10,0,14,6,17,20,0,43,0,0,0,43
08/31/2011,LWB,WV,AEA,EN,Federal Contract Tower,4,5,30,0,39,0,0,30,0,30,4,5,60,0,69,20,0,20,89
09/01/2011,LWB,WV,AEA,EN,Federal Contract Tower,6,0,18,0,24,0,4,12,2,18,6,4,30,2,42,28,0,28,70
09/02/2011,LWB,WV,AEA,EN,Federal Contract Tower,8,10,53,0,71,0,0,11,0,11,8,10,64,0,82,16,0,16,98
09/03/2011,LWB,WV,AEA,EN,Federal Contract Tower,9,3,30,0,42,0,0,5,1,6,9,3,35,1,48,0,0,0,48
09/04/2011,LWB,WV,AEA,EN,Federal Contract Tower,5,7,18,0,30,0,0,1,33,34,5,7,19,33,64,0,20,20,84
09/05/2011,LWB,WV,AEA,EN,Federal Contract Tower,6,34,41,0,81,0,0,0,0,0,6,34,41,0,81,0,0,0,81
09/06/2011,LWB,WV,AEA,EN,Federal Contract Tower,6,17,16,0,39,0,0,0,0,0,6,17,16,0,39,0,0,0,39
09/07/2011,LWB,WV,AEA,EN,Federal Contract Tower,4,17,15,0,36,0,0,2,0,2,4,17,17,0,38,0,0,0,38
09/08/2011,LWB,WV,AEA,EN,Federal Contract Tower,5,5,12,2,24,0,0,24,0,24,5,5,36,2,48,0,0,0,48
09/09/2011,LWB,WV,AEA,EN,Federal Contract Tower,5,15,36,0,56,0,0,4,4,8,5,15,40,4,64,0,0,0,64
09/10/2011,LWB,WV,AEA,EN,Federal Contract Tower,6,8,12,0,26,0,0,34,45,79,6,8,46,45,105,0,20,20,125
09/11/2011,LWB,WV,AEA,EN,Federal Contract Tower,5,5,32,0,42,0,8,46,41,95,5,13,78,41,137,0,26,26,163
09/12/2011,LWB,WV,AEA,EN,Federal Contract Tower,4,4,27,2,37,0,0,22,24,46,4,4,49,26,83,12,36,48,131
09/13/2011,LWB,WV,AEA,EN,Federal Contract Tower,4,11,14,5,34,0,0,43,12,55,4,11,57,17,89,0,74,74,163
09/14/2011,LWB,WV,AEA,EN,Federal Contract Tower,7,29,41,0,77,0,4,21,4,29,7,33,62,4,106,40,46,86,192
09/15/2011,LWB,WV,AEA,EN,Federal Contract Tower,5,34,55,0,94,0,0,0,0,0,5,34,55,0,94,0,0,0,94
09/16/2011,LWB,WV,AEA,EN,Federal Contract Tower,6,28,29,0,63,0,0,86,10,96,6,28,115,10,159,0,16,16,175
09/17/2011,LWB,WV,AEA,EN,Federal Contract Tower,8,13,7,0,28,0,4,16,4,24,8,17,23,4,52,20,0,20,72
09/18/2011,LWB,WV,AEA,EN,Federal Contract Tower,4,25,51,0,80,0,0,15,4,19,4,25,66,4,99,10,0,10,109
09/19/2011,LWB,WV,AEA,EN,Federal Contract Tower,6,19,23,0,48,0,0,7,0,7,6,19,30,0,55,16,0,16,71
09/20/2011,LWB,WV,AEA,EN,Federal Contract Tower,6,6,13,0,25,0,0,2,0,2,6,6,15,0,27,24,0,24,51
09/21/2011,LWB,WV,AEA,EN,Federal Contract Tower,6,11,49,0,66,0,0,2,0,2,6,11,51,0,68,0,0,0,68
09/22/2011,LWB,WV,AEA,EN,Federal Contract Tower,13,13,41,1,68,0,4,1,7,12,13,17,42,8,80,0,50,50,130
09/23/2011,LWB,WV,AEA,EN,Federal Contract Tower,8,20,34,1,63,0,0,0,0,0,8,20,34,1,63,0,0,0,63
09/24/2011,LWB,WV,AEA,EN,Federal Contract Tower,7,14,40,0,61,0,0,0,0,0,7,14,40,0,61,0,0,0,61
09/25/2011,LWB,WV,AEA,EN,Federal Contract Tower,9,19,84,0,112,0,5,3,0,8,9,24,87,0,120,14,0,14,134
09/26/2011,LWB,WV,AEA,EN,Federal Contract Tower,6,2,41,0,49,0,0,1,18,19,6,2,42,18,68,0,0,0,68
09/27/2011,LWB,WV,AEA,EN,Federal Contract Tower,6,5,75,0,86,0,0,28,0,28,6,5,103,0,114,0,0,0,114
09/28/2011,LWB,WV,AEA,EN,Federal Contract Tower,6,15,36,7,64,0,0,30,2,32,6,15,66,9,96,0,0,0,96
09/29/2011,LWB,WV,AEA,EN,Federal Contract Tower,6,11,52,0,69,0,2,0,0,2,6,13,52,0,71,0,0,0,71
09/30/2011,LWB,WV,AEA,EN,Federal Contract Tower,4,15,47,1,67,0,4,20,0,24,4,19,67,1,91,0,0,0,91
10/01/2011,LWB,WV,AEA,EN,Federal Contract Tower,6,9,27,0,42,0,0,2,0,2,6,9,29,0,44,0,0,0,44
10/02/2011,LWB,WV,AEA,EN,Federal Contract Tower,5,15,56,0,76,0,4,5,0,9,5,19,61,0,85,0,0,0,85
10/03/2011,LWB,WV,AEA,EN,Federal Contract Tower,6,6,23,0,35,0,0,5,0,5,6,6,28,0,40,10,0,10,50
10/04/2011,LWB,WV,AEA,EN,Federal Contract Tower,11,13,53,0,77,0,2,3,0,5,11,15,56,0,82,0,0,0,82
10/05/2011,LWB,WV,AEA,EN,Federal Contract Tower,10,9,26,0,45,0,0,28,0,28,10,9,54,0,73,8,0,8,81
10/06/2011,LWB,WV,AEA,EN,Federal Contract Tower,14,18,19,0,51,0,0,37,10,47,14,18,56,10,98,4,0,4,102
10/07/2011,LWB,WV,AEA,EN,Federal Contract Tower,4,6,27,5,42,0,0,14,2,16,4,6,41,7,58,0,36,36,94
10/08/2011,LWB,WV,AEA,EN,Federal Contract Tower,6,13,23,0,42,0,0,44,0,44,6,13,67,0,86,0,0,0,86
10/09/2011,LWB,WV,AEA,EN,Federal Contract Tower,9,8,43,0,60,0,0,32,0,32,9,8,75,0,92,0,0,0,92
10/10/2011,LWB,WV,AEA,EN,Federal Contract Tower,5,5,13,0,23,0,2,51,0,53,5,7,64,0,76,0,0,0,76
10/11/2011,LWB,WV,AEA,EN,Federal Contract Tower,8,6,14,0,28,0,0,9,0,9,8,6,23,0,37,0,0,0,37
10/12/2011,LWB,WV,AEA,EN,Federal Contract Tower,6,12,18,0,36,0,0,4,0,4,6,12,22,0,40,0,0,0,40
10/13/2011,LWB,WV,AEA,EN,Federal Contract Tower,9,20,41,0,70,0,0,3,0,3,9,20,44,0,73,0,0,0,73
10/14/2011,LWB,WV,AEA,EN,Federal Contract Tower,10,12,47,0,69,0,0,6,0,6,10,12,53,0,75,0,0,0,75
10/15/2011,LWB,WV,AEA,EN,Federal Contract Tower,6,3,30,0,39,0,0,24,0,24,6,3,54,0,63,14,0,14,77
10/16/2011,LWB,WV,AEA,EN,Federal Contract Tower,4,10,46,0,60,0,0,23,0,23,4,10,69,0,83,26,0,26,109
10/17/2011,LWB,WV,AEA,EN,Federal Contract Tower,5,0,18,0,23,0,6,30,0,36,5,6,48,0,59,0,0,0,59
10/18/2011,LWB,WV,AEA,EN,Federal Contract Tower,4,7,17,0,28,0,4,11,0,15,4,11,28,0,43,0,0,0,43
10/19/2011,LWB,WV,AEA,EN,Federal Contract Tower,7,2,30,0,39,0,0,0,0,0,7,2,30,0,39,0,0,0,39
10/20/2011,LWB,WV,AEA,EN,Federal Contract Tower,10,12,15,0,37,0,0,2,0,2,10,12,17,0,39,0,0,0,39
10/21/2011,LWB,WV,AEA,EN,Federal Contract Tower,9,16,18,0,43,0,0,12,0,12,9,16,30,0,55,42,0,42,97
10/22/2011,LWB,WV,AEA,EN,Federal Contract Tower,6,21,25,0,52,0,2,26,0,28,6,23,51,0,80,48,0,48,128
10/23/2011,LWB,WV,AEA,EN,Federal Contract Tower,8,18,29,0,55,0,0,40,0,40,8,18,69,0,95,36,0,36,131
10/24/2011,LWB,WV,AEA,EN,Federal Contract Tower,6,9,13,0,28,0,0,28,0,28,6,9,41,0,56,10,0,10,66
10/25/2011,LWB,WV,AEA,EN,Federal Contract Tower,5,1,17,0,23,0,0,31,0,31,5,1,48,0,54,36,0,36,90
10/26/2011,LWB,WV,AEA,EN,Federal Contract Tower,6,5,34,1,46,0,0,15,0,15,6,5,49,1,61,38,0,38,99
10/27/2011,LWB,WV,AEA,EN,Federal Contract Tower,7,7,19,0,33,0,0,0,0,0,7,7,19,0,33,0,0,0,33
10/28/2011,LWB,WV,AEA,EN,Federal Contract Tower,6,5,23,0,34,0,0,0,0,0,6,5,23,0,34,0,0,0,34
10/29/2011,LWB,WV,AEA,EN,Federal Contract Tower,2,3,4,0,9,0,0,4,0,4,2,3,8,0,13,0,0,0,13
10/30/2011,LWB,WV,AEA,EN,Federal Contract Tower,2,10,27,0,39,0,0,35,0,35,2,10,62,0,74,4,0,4,78
10/31/2011,LWB,WV,AEA,EN,Federal Contract Tower,6,0,15,0,21,0,2,7,0,9,6,2,22,0,30,0,0,0,30
11/01/2011,LWB,WV,AEA,EN,Federal Contract Tower,5,0,14,0,19,0,0,9,0,9,5,0,23,0,28,12,0,12,40
11/02/2011,LWB,WV,AEA,EN,Federal Contract Tower,6,0,22,0,28,0,10,42,0,52,6,10,64,0,80,10,0,10,90
11/03/2011,LWB,WV,AEA,EN,Federal Contract Tower,6,1,15,0,22,0,6,21,0,27,6,7,36,0,49,0,0,0,49
11/04/2011,LWB,WV,AEA,EN,Federal Contract Tower,5,2,24,2,33,0,0,3,2,5,5,2,27,4,38,0,46,46,84
11/05/2011,LWB,WV,AEA,EN,Federal Contract Tower,10,7,11,0,28,0,0,8,0,8,10,7,19,0,36,0,0,0,36
11/06/2011,LWB,WV,AEA,EN,Federal Contract Tower,7,18,27,0,52,0,0,31,0,31,7,18,58,0,83,30,0,30,113
11/07/2011,LWB,WV,AEA,EN,Federal Contract Tower,8,0,28,0,36,0,0,26,0,26,8,0,54,0,62,0,0,0,62
11/08/2011,LWB,WV,AEA,EN,Federal Contract Tower,6,9,23,2,40,0,0,22,0,22,6,9,45,2,62,20,0,20,82
11/09/2011,LWB,WV,AEA,EN,Federal Contract Tower,8,3,24,0,35,0,0,52,0,52,8,3,76,0,87,0,0,0,87
11/10/2011,LWB,WV,AEA,EN,Federal Contract Tower,7,7,22,0,36,0,0,1,6,7,7,7,23,6,43,0,0,0,43
11/11/2011,LWB,WV,AEA,EN,Federal Contract Tower,6,5,20,0,31,0,0,15,0,15,6,5,35,0,46,36,0,36,82
11/12/2011,LWB,WV,AEA,EN,Federal Contract Tower,5,3,4,0,12,0,0,5,0,5,5,3,9,0,17,0,0,0,17
11/13/2011,LWB,WV,AEA,EN,Federal Contract Tower,6,8,25,0,39,0,0,45,0,45,6,8,70,0,84,58,0,58,142
11/14/2011,LWB,WV,AEA,EN,Federal Contract Tower,8,3,9,0,20,0,0,24,0,24,8,3,33,0,44,0,0,0,44
11/15/2011,LWB,WV,AEA,EN,Federal Contract Tower,6,7,9,0,22,0,10,0,0,10,6,17,9,0,32,0,0,0,32
11/16/2011,LWB,WV,AEA,EN,Federal Contract Tower,6,0,25,0,31,0,0,0,0,0,6,0,25,0,31,0,0,0,31
11/17/2011,LWB,WV,AEA,EN,Federal Contract Tower,8,4,29,0,41,0,1,4,2,7,8,5,33,2,48,0,0,0,48
11/18/2011,LWB,WV,AEA,EN,Federal Contract Tower,5,12,30,0,47,0,0,19,0,19,5,12,49,0,66,0,0,0,66
11/19/2011,LWB,WV,AEA,EN,Federal Contract Tower,5,5,13,0,23,0,0,11,0,11,5,5,24,0,34,10,0,10,44
11/20/2011,LWB,WV,AEA,EN,Federal Contract Tower,4,8,12,0,24,0,0,7,0,7,4,8,19,0,31,0,0,0,31
11/21/2011,LWB,WV,AEA,EN,Federal Contract Tower,6,7,12,2,27,0,0,0,10,10,6,7,12,12,37,0,40,40,77
11/22/2011,LWB,WV,AEA,EN,Federal Contract Tower,6,11,23,0,40,0,0,0,0,0,6,11,23,0,40,0,0,0,40
11/23/2011,LWB,WV,AEA,EN,Federal Contract Tower,7,24,47,0,78,0,0,3,0,3,7,24,50,0,81,0,0,0,81
11/24/2011,LWB,WV,AEA,EN,Federal Contract Tower,6,1,4,0,11,0,0,2,0,2,6,1,6,0,13,0,0,0,13
11/25/2011,LWB,WV,AEA,EN,Federal Contract Tower,5,10,17,0,32,0,0,63,0,63,5,10,80,0,95,62,0,62,157
11/26/2011,LWB,WV,AEA,EN,Federal Contract Tower,5,5,29,0,39,0,0,32,0,32,5,5,61,0,71,0,0,0,71
11/27/2011,LWB,WV,AEA,EN,Federal Contract Tower,6,10,37,0,53,0,4,2,0,6,6,14,39,0,59,0,0,0,59
11/28/2011,LWB,WV,AEA,EN,Federal Contract Tower,6,2,20,0,28,0,0,0,0,0,6,2,20,0,28,0,0,0,28
11/29/2011,LWB,WV,AEA,EN,Federal Contract Tower,6,3,6,10,25,0,5,0,0,5,6,8,6,10,30,0,0,0,30
11/30/2011,LWB,WV,AEA,EN,Federal Contract Tower,9,0,17,0,26,0,0,0,4,4,9,0,17,4,30,0,0,0,30
12/01/2011,LWB,WV,AEA,EN,Federal Contract Tower,6,0,14,0,20,0,2,54,0,56,6,2,68,0,76,18,0,18,94
12/02/2011,LWB,WV,AEA,EN,Federal Contract Tower,6,0,15,0,21,0,3,18,0,21,6,3,33,0,42,20,0,20,62
12/03/2011,LWB,WV,AEA,EN,Federal Contract Tower,7,15,9,0,31,0,0,5,0,5,7,15,14,0,36,0,0,0,36
12/04/2011,LWB,WV,AEA,EN,Federal Contract Tower,5,5,18,0,28,0,0,57,0,57,5,5,75,0,85,40,0,40,125
12/05/2011,LWB,WV,AEA,EN,Federal Contract Tower,4,3,8,0,15,0,0,22,0,22,4,3,30,0,37,0,0,0,37
12/06/2011,LWB,WV,AEA,EN,Federal Contract Tower,4,6,9,0,19,0,0,1,0,1,4,6,10,0,20,0,0,0,20
12/07/2011,LWB,WV,AEA,EN,Federal Contract Tower,5,0,12,0,17,0,0,0,0,0,5,0,12,0,17,0,0,0,17
12/08/2011,LWB,WV,AEA,EN,Federal Contract Tower,8,6,15,12,41,0,0,35,0,35,8,6,50,12,76,0,24,24,100
12/09/2011,LWB,WV,AEA,EN,Federal Contract Tower,6,1,28,0,35,0,0,37,0,37,6,1,65,0,72,32,0,32,104
12/10/2011,LWB,WV,AEA,EN,Federal Contract Tower,5,4,15,0,24,0,0,9,0,9,5,4,24,0,33,0,0,0,33
12/11/2011,LWB,WV,AEA,EN,Federal Contract Tower,5,7,13,0,25,0,4,22,0,26,5,11,35,0,51,28,0,28,79
12/12/2011,LWB,WV,AEA,EN,Federal Contract Tower,5,1,3,0,9,0,0,10,0,10,5,1,13,0,19,12,0,12,31
12/13/2011,LWB,WV,AEA,EN,Federal Contract Tower,6,2,15,0,23,0,9,4,0,13,6,11,19,0,36,0,0,0,36
12/14/2011,LWB,WV,AEA,EN,Federal Contract Tower,6,1,29,0,36,0,0,3,0,3,6,1,32,0,39,0,0,0,39
12/15/2011,LWB,WV,AEA,EN,Federal Contract Tower,8,5,10,0,23,0,4,0,0,4,8,9,10,0,27,0,0,0,27
12/16/2011,LWB,WV,AEA,EN,Federal Contract Tower,5,3,38,0,46,0,4,5,0,9,5,7,43,0,55,10,0,10,65
12/17/2011,LWB,WV,AEA,EN,Federal Contract Tower,5,6,6,0,17,0,0,6,0,6,5,6,12,0,23,0,0,0,23
12/18/2011,LWB,WV,AEA,EN,Federal Contract Tower,5,10,30,0,45,0,0,9,0,9,5,10,39,0,54,0,0,0,54
12/19/2011,LWB,WV,AEA,EN,Federal Contract Tower,7,3,7,0,17,0,0,51,8,59,7,3,58,8,76,12,8,20,96
12/20/2011,LWB,WV,AEA,EN,Federal Contract Tower,5,0,13,0,18,0,0,0,0,0,5,0,13,0,18,24,0,24,42
12/21/2011,LWB,WV,AEA,EN,Federal Contract Tower,6,3,7,0,16,0,0,0,0,0,6,3,7,0,16,0,0,0,16
12/22/2011,LWB,WV,AEA,EN,Federal Contract Tower,6,2,14,0,22,0,0,0,0,0,6,2,14,0,22,0,0,0,22
12/23/2011,LWB,WV,AEA,EN,Federal Contract Tower,7,1,41,0,49,0,0,1,0,1,7,1,42,0,50,0,0,0,50
12/24/2011,LWB,WV,AEA,EN,Federal Contract Tower,6,5,11,0,22,0,0,4,0,4,6,5,15,0,26,0,0,0,26
12/25/2011,LWB,WV,AEA,EN,Federal Contract Tower,5,3,1,0,9,0,4,58,0,62,5,7,59,0,71,0,0,0,71
12/26/2011,LWB,WV,AEA,EN,Federal Contract Tower,5,6,15,0,26,0,0,54,0,54,5,6,69,0,80,8,0,8,88
12/27/2011,LWB,WV,AEA,EN,Federal Contract Tower,8,6,12,1,27,0,0,0,0,0,8,6,12,1,27,0,0,0,27
12/28/2011,LWB,WV,AEA,EN,Federal Contract Tower,8,2,14,0,24,0,0,0,1,1,8,2,14,1,25,0,0,0,25
12/29/2011,LWB,WV,AEA,EN,Federal Contract Tower,6,1,21,0,28,0,4,15,2,21,6,5,36,2,49,16,0,16,65
12/30/2011,LWB,WV,AEA,EN,Federal Contract Tower,4,0,26,0,30,0,0,38,0,38,4,0,64,0,68,20,0,20,88
12/31/2011,LWB,WV,AEA,EN,Federal Contract Tower,6,9,19,0,34,0,0,1,0,1,6,9,20,0,35,0,0,0,35
01/01/2012,LWB,WV,AEA,EN,Federal Contract Tower,5,6,20,0,31,0,0,9,0,9,5,6,29,0,40,0,0,0,40
01/02/2012,LWB,WV,AEA,EN,Federal Contract Tower,7,0,14,0,21,0,0,0,0,0,7,0,14,0,21,0,0,0,21
01/03/2012,LWB,WV,AEA,EN,Federal Contract Tower,7,0,7,0,14,0,0,2,0,2,7,0,9,0,16,0,0,0,16
01/04/2012,LWB,WV,AEA,EN,Federal Contract Tower,5,2,6,0,13,0,0,20,0,20,5,2,26,0,33,0,0,0,33
01/05/2012,LWB,WV,AEA,EN,Federal Contract Tower,10,0,12,0,22,0,6,6,0,12,10,6,18,0,34,0,0,0,34
01/06/2012,LWB,WV,AEA,EN,Federal Contract Tower,4,1,13,0,18,0,0,9,0,9,4,1,22,0,27,10,0,10,37
01/07/2012,LWB,WV,AEA,EN,Federal Contract Tower,6,4,5,0,15,0,0,7,0,7,6,4,12,0,22,0,0,0,22
01/08/2012,LWB,WV,AEA,EN,Federal Contract Tower,5,8,17,3,33,0,2,50,16,68,5,10,67,19,101,100,20,120,221
01/09/2012,LWB,WV,AEA,EN,Federal Contract Tower,4,1,13,0,18,0,0,0,0,0,4,1,13,0,18,0,0,0,18
01/10/2012,LWB,WV,AEA,EN,Federal Contract Tower,6,0,17,0,23,0,0,42,2,44,6,0,59,2,67,12,0,12,79
01/11/2012,LWB,WV,AEA,EN,Federal Contract Tower,4,0,4,0,8,0,0,0,0,0,4,0,4,0,8,0,0,0,8
01/12/2012,LWB,WV,AEA,EN,Federal Contract Tower,6,2,12,0,20,0,0,1,0,1,6,2,13,0,21,0,0,0,21
01/13/2012,LWB,WV,AEA,EN,Federal Contract Tower,2,2,12,0,16,0,0,0,0,0,2,2,12,0,16,0,0,0,16
01/14/2012,LWB,WV,AEA,EN,Federal Contract Tower,6,7,21,0,34,0,0,4,0,4,6,7,25,0,38,0,0,0,38
01/15/2012,LWB,WV,AEA,EN,Federal Contract Tower,7,5,14,0,26,0,2,4,0,6,7,7,18,0,32,0,0,0,32
01/16/2012,LWB,WV,AEA,EN,Federal Contract Tower,5,2,24,0,31,0,6,34,0,40,5,8,58,0,71,70,0,70,141
01/17/2012,LWB,WV,AEA,EN,Federal Contract Tower,6,2,12,0,20,0,0,2,0,2,6,2,14,0,22,0,0,0,22
01/18/2012,LWB,WV,AEA,EN,Federal Contract Tower,5,0,7,0,12,0,0,0,0,0,5,0,7,0,12,0,0,0,12
01/19/2012,LWB,WV,AEA,EN,Federal Contract Tower,7,3,7,0,17,0,0,10,2,12,7,3,17,2,29,14,0,14,43
01/20/2012,LWB,WV,AEA,EN,Federal Contract Tower,11,10,13,0,34,0,0,6,0,6,11,10,19,0,40,18,0,18,58
01/21/2012,LWB,WV,AEA,EN,Federal Contract Tower,4,0,10,0,14,0,0,0,0,0,4,0,10,0,14,0,0,0,14
01/22/2012,LWB,WV,AEA,EN,Federal Contract Tower,5,4,6,0,15,0,0,0,0,0,5,4,6,0,15,0,0,0,15
01/23/2012,LWB,WV,AEA,EN,Federal Contract Tower,5,0,11,0,16,0,0,1,0,1,5,0,12,0,17,0,0,0,17
01/24/2012,LWB,WV,AEA,EN,Federal Contract Tower,8,1,14,3,26,0,2,24,8,34,8,3,38,11,60,66,10,76,136
01/25/2012,LWB,WV,AEA,EN,Federal Contract Tower,4,0,6,0,10,0,0,20,20,40,4,0,26,20,50,14,0,14,64
01/26/2012,LWB,WV,AEA,EN,Federal Contract Tower,5,0,14,2,21,0,0,6,2,8,5,0,20,4,29,0,12,12,41
01/27/2012,LWB,WV,AEA,EN,Federal Contract Tower,8,0,17,1,26,0,0,8,0,8,8,0,25,1,34,0,0,0,34
01/28/2012,LWB,WV,AEA,EN,Federal Contract Tower,6,2,8,0,16,0,0,27,0,27,6,2,35,0,43,0,0,0,43
01/29/2012,LWB,WV,AEA,EN,Federal Contract Tower,4,9,14,0,27,0,0,5,0,5,4,9,19,0,32,0,0,0,32
01/30/2012,LWB,WV,AEA,EN,Federal Contract Tower,7,0,9,2,18,0,0,16,0,16,7,0,25,2,34,50,0,50,84
01/31/2012,LWB,WV,AEA,EN,Federal Contract Tower,6,0,22,5,33,0,0,14,3,17,6,0,36,8,50,56,45,101,151
02/01/2012,LWB,WV,AEA,EN,Federal Contract Tower,5,0,10,4,19,0,0,0,0,0,5,0,10,4,19,0,12,12,31
02/02/2012,LWB,WV,AEA,EN,Federal Contract Tower,6,0,4,0,10,0,0,3,49,52,6,0,7,49,62,0,0,0,62
02/03/2012,LWB,WV,AEA,EN,Federal Contract Tower,4,2,8,6,20,0,0,10,3,13,4,2,18,9,33,0,10,10,43
02/04/2012,LWB,WV,AEA,EN,Federal Contract Tower,4,4,6,0,14,0,0,0,0,0,4,4,6,0,14,0,0,0,14
02/05/2012,LWB,WV,AEA,EN,Federal Contract Tower,8,4,14,0,26,0,0,3,0,3,8,4,17,0,29,14,0,14,43
02/06/2012,LWB,WV,AEA,EN,Federal Contract Tower,4,6,3,3,16,0,0,16,4,20,4,6,19,7,36,40,4,44,80
02/07/2012,LWB,WV,AEA,EN,Federal Contract Tower,2,1,6,0,9,0,0,12,37,49,2,1,18,37,58,46,0,46,104
02/08/2012,LWB,WV,AEA,EN,Federal Contract Tower,7,0,6,0,13,0,0,0,0,0,7,0,6,0,13,0,0,0,13
02/09/2012,LWB,WV,AEA,EN,Federal Contract Tower,8,2,2,0,12,0,0,4,0,4,8,2,6,0,16,0,0,0,16
02/10/2012,LWB,WV,AEA,EN,Federal Contract Tower,6,0,5,0,11,2,0,3,2,7,8,0,8,2,18,0,0,0,18
02/11/2012,LWB,WV,AEA,EN,Federal Contract Tower,6,0,2,0,8,0,0,0,0,0,6,0,2,0,8,0,0,0,8
02/12/2012,LWB,WV,AEA,EN,Federal Contract Tower,6,7,8,0,21,0,0,0,0,0,6,7,8,0,21,0,0,0,21
02/13/2012,LWB,WV,AEA,EN,Federal Contract Tower,6,2,10,0,18,0,0,31,2,33,6,2,41,2,51,0,0,0,51
02/14/2012,LWB,WV,AEA,EN,Federal Contract Tower,6,0,2,5,13,0,0,0,0,0,6,0,2,5,13,0,10,10,23
02/15/2012,LWB,WV,AEA,EN,Federal Contract Tower,2,1,2,1,6,0,0,21,0,21,2,1,23,1,27,26,0,26,53
02/16/2012,LWB,WV,AEA,EN,Federal Contract Tower,2,2,3,0,7,0,0,0,0,0,2,2,3,0,7,0,0,0,7
02/17/2012,LWB,WV,AEA,EN,Federal Contract Tower,4,5,22,1,32,0,0,39,0,39,4,5,61,1,71,0,0,0,71
02/18/2012,LWB,WV,AEA,EN,Federal Contract Tower,4,3,26,2,35,0,0,29,1,30,4,3,55,3,65,0,0,0,65
02/19/2012,LWB,WV,AEA,EN,Federal Contract Tower,2,2,12,0,16,0,0,0,0,0,2,2,12,0,16,0,0,0,16
02/20/2012,LWB,WV,AEA,EN,Federal Contract Tower,2,5,14,0,21,0,1,12,0,13,2,6,26,0,34,40,0,40,74
02/21/2012,LWB,WV,AEA,EN,Federal Contract Tower,2,2,14,0,18,0,6,3,0,9,2,8,17,0,27,0,0,0,27
02/22/2012,LWB,WV,AEA,EN,Federal Contract Tower,2,9,18,0,29,0,2,2,2,6,2,11,20,2,35,0,0,0,35
02/23/2012,LWB,WV,AEA,EN,Federal Contract Tower,3,2,3,0,8,0,0,6,0,6,3,2,9,0,14,26,0,26,40
02/24/2012,LWB,WV,AEA,EN,Federal Contract Tower,4,0,3,0,7,0,0,2,2,4,4,0,5,2,11,0,0,0,11
02/25/2012,LWB,WV,AEA,EN,Federal Contract Tower,4,3,7,0,14,0,0,0,0,0,4,3,7,0,14,0,0,0,14
02/26/2012,LWB,WV,AEA,EN,Federal Contract Tower,2,4,13,0,19,0,2,44,8,54,2,6,57,8,73,54,40,94,167
02/27/2012,LWB,WV,AEA,EN,Federal Contract Tower,4,0,10,6,20,0,4,14,9,27,4,4,24,15,47,22,22,44,91
02/28/2012,LWB,WV,AEA,EN,Federal Contract Tower,2,0,18,10,30,0,0,43,12,55,2,0,61,22,85,10,74,84,169
02/29/2012,LWB,WV,AEA,EN,Federal Contract Tower,3,0,14,0,17,0,0,3,0,3,3,0,17,0,20,0,0,0,20
03/01/2012,LWB,WV,AEA,EN,Federal Contract Tower,2,0,18,0,20,0,0,18,2,20,2,0,36,2,40,0,10,10,50
03/02/2012,LWB,WV,AEA,EN,Federal Contract Tower,4,0,11,4,19,0,0,0,0,0,4,0,11,4,19,0,0,0,19
03/03/2012,LWB,WV,AEA,EN,Federal Contract Tower,2,3,7,0,12,0,0,2,0,2,2,3,9,0,14,0,0,0,14
03/04/2012,LWB,WV,AEA,EN,Federal Contract Tower,2,5,7,0,14,0,0,0,0,0,2,5,7,0,14,0,0,0,14
03/05/2012,LWB,WV,AEA,EN,Federal Contract Tower,6,2,3,0,11,0,0,0,0,0,6,2,3,0,11,0,0,0,11
03/06/2012,LWB,WV,AEA,EN,Federal Contract Tower,2,0,10,0,12,0,0,11,0,11,2,0,21,0,23,10,0,10,33
03/07/2012,LWB,WV,AEA,EN,Federal Contract Tower,4,4,16,2,26,0,0,27,0,27,4,4,43,2,53,0,20,20,73
03/08/2012,LWB,WV,AEA,EN,Federal Contract Tower,2,6,15,3,26,0,4,2,8,14,2,10,17,11,40,0,40,40,80
03/09/2012,LWB,WV,AEA,EN,Federal Contract Tower,5,0,19,3,27,0,0,4,9,13,5,0,23,12,40,0,38,38,78
03/10/2012,LWB,WV,AEA,EN,Federal Contract Tower,4,3,14,0,21,0,0,19,0,19,4,3,33,0,40,62,0,62,102
03/11/2012,LWB,WV,AEA,EN,Federal Contract Tower,2,3,17,0,22,0,4,34,4,42,2,7,51,4,64,14,51,65,129
03/12/2012,LWB,WV,AEA,EN,Federal Contract Tower,4,0,7,0,11,0,0,8,5,13,4,0,15,5,24,0,26,26,50
03/13/2012,LWB,WV,AEA,EN,Federal Contract Tower,2,0,15,0,17,0,0,5,0,5,2,0,20,0,22,0,0,0,22
03/14/2012,LWB,WV,AEA,EN,Federal Contract Tower,2,0,11,0,13,0,0,13,12,25,2,0,24,12,38,10,32,42,80
03/15/2012,LWB,WV,AEA,EN,Federal Contract Tower,9,0,14,0,23,0,0,8,2,10,9,0,22,2,33,10,0,10,43
03/16/2012,LWB,WV,AEA,EN,Federal Contract Tower,5,3,7,0,15,0,1,24,0,25,5,4,31,0,40,20,0,20,60
03/17/2012,LWB,WV,AEA,EN,Federal Contract Tower,4,2,7,0,13,0,0,12,0,12,4,2,19,0,25,12,0,12,37
03/18/2012,LWB,WV,AEA,EN,Federal Contract Tower,4,3,12,0,19,0,0,1,0,1,4,3,13,0,20,0,0,0,20
03/19/2012,LWB,WV,AEA,EN,Federal Contract Tower,4,1,17,0,22,0,0,7,3,10,4,1,24,3,32,0,0,0,32
03/20/2012,LWB,WV,AEA,EN,Federal Contract Tower,2,2,5,0,9,0,0,22,8,30,2,2,27,8,39,32,0,32,71
03/21/2012,LWB,WV,AEA,EN,Federal Contract Tower,2,2,10,0,14,0,4,14,0,18,2,6,24,0,32,10,0,10,42
03/22/2012,LWB,WV,AEA,EN,Federal Contract Tower,2,0,5,0,7,0,2,8,0,10,2,2,13,0,17,44,0,44,61
03/23/2012,LWB,WV,AEA,EN,Federal Contract Tower,4,4,4,0,12,0,1,8,2,11,4,5,12,2,23,10,0,10,33
03/24/2012,LWB,WV,AEA,EN,Federal Contract Tower,6,4,8,0,18,0,0,3,0,3,6,4,11,0,21,0,0,0,21
03/25/2012,LWB,WV,AEA,EN,Federal Contract Tower,2,2,13,0,17,0,0,0,0,0,2,2,13,0,17,0,0,0,17
03/26/2012,LWB,WV,AEA,EN,Federal Contract Tower,5,4,7,0,16,0,0,4,6,10,5,4,11,6,26,0,0,0,26
03/27/2012,LWB,WV,AEA,EN,Federal Contract Tower,2,0,7,0,9,0,0,9,16,25,2,0,16,16,34,10,32,42,76
03/28/2012,LWB,WV,AEA,EN,Federal Contract Tower,2,1,10,0,13,0,0,26,1,27,2,1,36,1,40,0,0,0,40
03/29/2012,LWB,WV,AEA,EN,Federal Contract Tower,2,3,15,0,20,0,0,20,2,22,2,3,35,2,42,4,0,4,46
03/30/2012,LWB,WV,AEA,EN,Federal Contract Tower,4,4,10,0,18,0,0,6,0,6,4,4,16,0,24,0,0,0,24
03/31/2012,LWB,WV,AEA,EN,Federal Contract Tower,7,3,10,0,20,0,0,4,0,4,7,3,14,0,24,0,0,0,24
04/01/2012,LWB,WV,AEA,EN,Federal Contract Tower,2,9,10,0,21,0,0,37,1,38,2,9,47,1,59,18,0,18,77
04/02/2012,LWB,WV,AEA,EN,Federal Contract Tower,4,1,22,0,27,0,0,48,0,48,4,1,70,0,75,0,0,0,75
04/03/2012,LWB,WV,AEA,EN,Federal Contract Tower,2,3,3,0,8,0,0,4,0,4,2,3,7,0,12,0,0,0,12
04/04/2012,LWB,WV,AEA,EN,Federal Contract Tower,2,6,13,10,31,0,0,3,24,27,2,6,16,34,58,0,82,82,140
04/05/2012,LWB,WV,AEA,EN,Federal Contract Tower,6,8,13,0,27,0,0,2,0,2,6,8,15,0,29,0,0,0,29
04/06/2012,LWB,WV,AEA,EN,Federal Contract Tower,6,0,26,0,32,0,8,23,0,31,6,8,49,0,63,0,0,0,63
04/07/2012,LWB,WV,AEA,EN,Federal Contract Tower,4,4,13,1,22,0,0,53,6,59,4,4,66,7,81,28,0,28,109
04/08/2012,LWB,WV,AEA,EN,Federal Contract Tower,2,11,14,0,27,0,0,11,0,11,2,11,25,0,38,24,0,24,62
04/09/2012,LWB,WV,AEA,EN,Federal Contract Tower,4,2,14,0,20,0,0,4,0,4,4,2,18,0,24,0,0,0,24
04/10/2012,LWB,WV,AEA,EN,Federal Contract Tower,2,2,5,0,9,0,0,4,0,4,2,2,9,0,13,0,0,0,13
04/11/2012,LWB,WV,AEA,EN,Federal Contract Tower,2,2,2,0,6,0,0,0,0,0,2,2,2,0,6,0,0,0,6
04/12/2012,LWB,WV,AEA,EN,Federal Contract Tower,4,6,10,0,20,0,4,21,12,37,4,10,31,12,57,32,0,32,89
04/13/2012,LWB,WV,AEA,EN,Federal Contract Tower,4,5,23,0,32,0,4,38,4,46,4,9,61,4,78,22,0,22,100
04/14/2012,LWB,WV,AEA,EN,Federal Contract Tower,5,10,8,0,23,0,4,33,0,37,5,14,41,0,60,10,0,10,70
04/15/2012,LWB,WV,AEA,EN,Federal Contract Tower,2,7,29,0,38,0,0,19,0,19,2,7,48,0,57,10,0,10,67
04/16/2012,LWB,WV,AEA,EN,Federal Contract Tower,4,9,11,0,24,0,0,47,0,47,4,9,58,0,71,4,0,4,75
04/17/2012,LWB,WV,AEA,EN,Federal Contract Tower,3,1,17,0,21,0,0,18,0,18,3,1,35,0,39,12,0,12,51
04/18/2012,LWB,WV,AEA,EN,Federal Contract Tower,2,12,20,0,34,0,0,0,0,0,2,12,20,0,34,0,0,0,34
04/19/2012,LWB,WV,AEA,EN,Federal Contract Tower,4,3,15,0,22,0,0,16,2,18,4,3,31,2,40,0,0,0,40
04/20/2012,LWB,WV,AEA,EN,Federal Contract Tower,5,16,23,0,44,0,0,14,0,14,5,16,37,0,58,0,0,0,58
04/21/2012,LWB,WV,AEA,EN,Federal Contract Tower,5,4,8,0,17,0,0,2,0,2,5,4,10,0,19,0,0,0,19
04/22/2012,LWB,WV,AEA,EN,Federal Contract Tower,2,9,22,0,33,0,0,0,0,0,2,9,22,0,33,0,0,0,33
04/23/2012,LWB,WV,AEA,EN,Federal Contract Tower,4,0,7,0,11,0,0,0,0,0,4,0,7,0,11,0,0,0,11
04/24/2012,LWB,WV,AEA,EN,Federal Contract Tower,2,0,11,0,13,0,4,39,0,43,2,4,50,0,56,0,0,0,56
04/25/2012,LWB,WV,AEA,EN,Federal Contract Tower,2,5,0,0,7,0,0,12,0,12,2,5,12,0,19,0,0,0,19
04/26/2012,LWB,WV,AEA,EN,Federal Contract Tower,8,6,19,0,33,0,0,2,0,2,8,6,21,0,35,0,0,0,35
04/27/2012,LWB,WV,AEA,EN,Federal Contract Tower,5,23,20,0,48,0,0,45,2,47,5,23,65,2,95,0,0,0,95
04/28/2012,LWB,WV,AEA,EN,Federal Contract Tower,5,14,9,0,28,0,6,10,0,16,5,20,19,0,44,0,0,0,44
04/29/2012,LWB,WV,AEA,EN,Federal Contract Tower,6,30,24,0,60,0,0,18,0,18,6,30,42,0,78,0,0,0,78
04/30/2012,LWB,WV,AEA,EN,Federal Contract Tower,4,8,24,0,36,0,0,10,0,10,4,8,34,0,46,0,0,0,46
05/01/2012,LWB,WV,AEA,EN,Federal Contract Tower,2,9,5,0,16,0,2,6,0,8,2,11,11,0,24,0,0,0,24
05/02/2012,LWB,WV,AEA,EN,Federal Contract Tower,2,24,45,0,71,0,0,32,0,32,2,24,77,0,103,0,0,0,103
05/03/2012,LWB,WV,AEA,EN,Federal Contract Tower,7,30,30,0,67,0,0,42,0,42,7,30,72,0,109,0,0,0,109
05/04/2012,LWB,WV,AEA,EN,Federal Contract Tower,12,14,76,0,102,0,2,3,0,5,12,16,79,0,107,0,0,0,107
05/05/2012,LWB,WV,AEA,EN,Federal Contract Tower,4,11,37,0,52,0,0,0,0,0,4,11,37,0,52,0,0,0,52
05/06/2012,LWB,WV,AEA,EN,Federal Contract Tower,5,18,45,0,68,0,0,17,0,17,5,18,62,0,85,32,0,32,117
05/07/2012,LWB,WV,AEA,EN,Federal Contract Tower,4,1,19,0,24,0,0,21,0,21,4,1,40,0,45,0,0,0,45
05/08/2012,LWB,WV,AEA,EN,Federal Contract Tower,2,12,30,0,44,0,0,4,0,4,2,12,34,0,48,0,0,0,48
05/09/2012,LWB,WV,AEA,EN,Federal Contract Tower,2,10,37,0,49,0,14,2,0,16,2,24,39,0,65,0,0,0,65
05/10/2012,LWB,WV,AEA,EN,Federal Contract Tower,4,5,16,0,25,0,0,20,0,20,4,5,36,0,45,0,0,0,45
05/11/2012,LWB,WV,AEA,EN,Federal Contract Tower,5,7,29,2,43,0,0,37,6,43,5,7,66,8,86,34,0,34,120
05/12/2012,LWB,WV,AEA,EN,Federal Contract Tower,4,4,13,0,21,0,0,30,0,30,4,4,43,0,51,54,0,54,105
05/13/2012,LWB,WV,AEA,EN,Federal Contract Tower,4,11,36,0,51,0,0,2,0,2,4,11,38,0,53,0,0,0,53
05/14/2012,LWB,WV,AEA,EN,Federal Contract Tower,5,2,9,0,16,0,0,0,0,0,5,2,9,0,16,0,0,0,16
05/15/2012,LWB,WV,AEA,EN,Federal Contract Tower,2,3,11,0,16,0,0,0,0,0,2,3,11,0,16,0,0,0,16
05/16/2012,LWB,WV,AEA,EN,Federal Contract Tower,2,1,17,0,20,0,4,5,0,9,2,5,22,0,29,0,0,0,29
05/17/2012,LWB,WV,AEA,EN,Federal Contract Tower,11,16,25,0,52,0,6,45,6,57,11,22,70,6,109,0,0,0,109
05/18/2012,LWB,WV,AEA,EN,Federal Contract Tower,4,4,36,0,44,0,0,9,10,19,4,4,45,10,63,0,0,0,63
05/19/2012,LWB,WV,AEA,EN,Federal Contract Tower,4,13,25,0,42,0,0,21,0,21,4,13,46,0,63,0,0,0,63
05/20/2012,LWB,WV,AEA,EN,Federal Contract Tower,5,18,34,0,57,0,2,67,0,69,5,20,101,0,126,10,0,10,136
05/21/2012,LWB,WV,AEA,EN,Federal Contract Tower,6,0,22,5,33,0,0,1,0,1,6,0,23,5,34,0,0,0,34
05/22/2012,LWB,WV,AEA,EN,Federal Contract Tower,2,2,25,0,29,0,0,2,0,2,2,2,27,0,31,0,0,0,31
05/23/2012,LWB,WV,AEA,EN,Federal Contract Tower,2,0,22,0,24,0,2,0,0,2,2,2,22,0,26,0,0,0,26
05/24/2012,LWB,WV,AEA,EN,Federal Contract Tower,2,5,19,0,26,0,0,5,0,5,2,5,24,0,31,0,0,0,31
05/25/2012,LWB,WV,AEA,EN,Federal Contract Tower,4,12,50,0,66,0,0,50,0,50,4,12,100,0,116,16,0,16,132
05/26/2012,LWB,WV,AEA,EN,Federal Contract Tower,5,6,34,0,45,0,0,9,0,9,5,6,43,0,54,0,0,0,54
05/27/2012,LWB,WV,AEA,EN,Federal Contract Tower,4,10,21,0,35,0,6,11,0,17,4,16,32,0,52,0,0,0,52
05/28/2012,LWB,WV,AEA,EN,Federal Contract Tower,5,12,38,0,55,0,0,27,0,27,5,12,65,0,82,16,0,16,98
05/29/2012,LWB,WV,AEA,EN,Federal Contract Tower,4,10,27,0,41,0,0,0,0,0,4,10,27,0,41,0,0,0,41
05/30/2012,LWB,WV,AEA,EN,Federal Contract Tower,2,2,12,2,18,0,2,6,2,10,2,4,18,4,28,8,28,36,64
05/31/2012,LWB,WV,AEA,EN,Federal Contract Tower,8,0,28,0,36,0,0,49,0,49,8,0,77,0,85,30,0,30,115
06/01/2012,LWB,WV,AEA,EN,Federal Contract Tower,4,4,20,0,28,0,0,3,0,3,4,4,23,0,31,20,28,48,79
06/02/2012,LWB,WV,AEA,EN,Federal Contract Tower,4,7,27,0,38,0,0,16,2,18,4,7,43,2,56,36,0,36,92
06/03/2012,LWB,WV,AEA,EN,Federal Contract Tower,4,5,26,0,35,0,0,3,0,3,4,5,29,0,38,0,0,0,38
06/04/2012,LWB,WV,AEA,EN,Federal Contract Tower,4,2,18,0,24,0,0,19,4,23,4,2,37,4,47,0,0,0,47
06/05/2012,LWB,WV,AEA,EN,Federal Contract Tower,2,3,10,0,15,0,0,8,0,8,2,3,18,0,23,10,0,10,33
06/06/2012,LWB,WV,AEA,EN,Federal Contract Tower,2,0,38,0,40,0,0,0,0,0,2,0,38,0,40,0,0,0,40
06/07/2012,LWB,WV,AEA,EN,Federal Contract Tower,5,3,31,0,39,0,8,5,0,13,5,11,36,0,52,0,0,0,52
06/08/2012,LWB,WV,AEA,EN,Federal Contract Tower,3,9,46,2,60,0,0,58,2,60,3,9,104,4,120,0,0,0,120
06/09/2012,LWB,WV,AEA,EN,Federal Contract Tower,3,10,16,0,29,0,0,16,0,16,3,10,32,0,45,0,0,0,45
06/10/2012,LWB,WV,AEA,EN,Federal Contract Tower,3,11,23,0,37,0,0,48,0,48,3,11,71,0,85,24,0,24,109
06/11/2012,LWB,WV,AEA,EN,Federal Contract Tower,4,3,23,3,33,0,0,7,4,11,4,3,30,7,44,0,0,0,44
06/12/2012,LWB,WV,AEA,EN,Federal Contract Tower,2,1,14,0,17,0,0,8,0,8,2,1,22,0,25,0,0,0,25
06/13/2012,LWB,WV,AEA,EN,Federal Contract Tower,4,5,19,0,28,0,0,23,0,23,4,5,42,0,51,0,0,0,51
06/14/2012,LWB,WV,AEA,EN,Federal Contract Tower,6,15,34,0,55,0,0,10,2,12,6,15,44,2,67,0,0,0,67
06/15/2012,LWB,WV,AEA,EN,Federal Contract Tower,4,3,30,0,37,0,0,5,7,12,4,3,35,7,49,0,0,0,49
06/16/2012,LWB,WV,AEA,EN,Federal Contract Tower,4,9,15,0,28,0,0,31,7,38,4,9,46,7,66,52,0,52,118
06/17/2012,LWB,WV,AEA,EN,Federal Contract Tower,2,15,34,0,51,0,0,14,9,23,2,15,48,9,74,14,0,14,88
06/18/2012,LWB,WV,AEA,EN,Federal Contract Tower,6,8,16,0,30,0,0,3,0,3,6,8,19,0,33,0,0,0,33
06/19/2012,LWB,WV,AEA,EN,Federal Contract Tower,2,9,23,0,34,0,1,9,0,10,2,10,32,0,44,1,0,1,45
06/20/2012,LWB,WV,AEA,EN,Federal Contract Tower,4,12,14,11,41,0,0,7,5,12,4,12,21,16,53,16,34,50,103
06/21/2012,LWB,WV,AEA,EN,Federal Contract Tower,4,14,27,0,45,0,0,8,0,8,4,14,35,0,53,0,0,0,53
06/22/2012,LWB,WV,AEA,EN,Federal Contract Tower,6,3,14,0,23,0,0,14,2,16,6,3,28,2,39,0,0,0,39
06/23/2012,LWB,WV,AEA,EN,Federal Contract Tower,5,9,19,0,33,0,1,20,0,21,5,10,39,0,54,0,0,0,54
06/24/2012,LWB,WV,AEA,EN,Federal Contract Tower,4,8,12,0,24,0,4,21,2,27,4,12,33,2,51,14,0,14,65
06/25/2012,LWB,WV,AEA,EN,Federal Contract Tower,4,6,12,0,22,0,2,9,0,11,4,8,21,0,33,0,0,0,33
06/26/2012,LWB,WV,AEA,EN,Federal Contract Tower,2,5,14,0,21,0,6,5,0,11,2,11,19,0,32,0,0,0,32
06/27/2012,LWB,WV,AEA,EN,Federal Contract Tower,4,8,46,0,58,0,0,18,2,20,4,8,64,2,78,8,0,8,86
06/28/2012,LWB,WV,AEA,EN,Federal Contract Tower,6,14,25,0,45,0,0,13,0,13,6,14,38,0,58,0,0,0,58
06/29/2012,LWB,WV,AEA,EN,Federal Contract Tower,4,1,25,0,30,0,6,23,6,35,4,7,48,6,65,0,0,0,65
06/30/2012,LWB,WV,AEA,EN,Federal Contract Tower,1,30,26,0,57,0,12,16,8,36,1,42,42,8,93,0,0,0,93
07/01/2012,LWB,WV,AEA,EN,Federal Contract Tower,2,16,70,0,88,0,0,29,0,29,2,16,99,0,117,0,0,0,117
07/02/2012,LWB,WV,AEA,EN,Federal Contract Tower,2,41,43,0,86,0,0,78,20,98,2,41,121,20,184,14,0,14,198
07/03/2012,LWB,WV,AEA,EN,Federal Contract Tower,2,44,62,0,108,0,2,21,0,23,2,46,83,0,131,0,0,0,131
07/04/2012,LWB,WV,AEA,EN,Federal Contract Tower,4,25,39,0,68,0,2,33,0,35,4,27,72,0,103,12,0,12,115
07/05/2012,LWB,WV,AEA,EN,Federal Contract Tower,5,12,76,0,93,0,2,94,4,100,5,14,170,4,193,10,0,10,203
07/06/2012,LWB,WV,AEA,EN,Federal Contract Tower,4,8,69,0,81,0,6,113,0,119,4,14,182,0,200,0,0,0,200
07/07/2012,LWB,WV,AEA,EN,Federal Contract Tower,3,34,50,0,87,0,2,168,0,170,3,36,218,0,257,0,0,0,257
07/08/2012,LWB,WV,AEA,EN,Federal Contract Tower,3,116,121,0,240,0,0,113,12,125,3,116,234,12,365,10,0,10,375
07/09/2012,LWB,WV,AEA,EN,Federal Contract Tower,5,29,64,0,98,0,0,30,0,30,5,29,94,0,128,0,0,0,128
07/10/2012,LWB,WV,AEA,EN,Federal Contract Tower,3,4,18,0,25,0,0,31,0,31,3,4,49,0,56,0,0,0,56
07/11/2012,LWB,WV,AEA,EN,Federal Contract Tower,4,8,15,6,33,0,2,16,10,28,4,10,31,16,61,16,40,56,117
07/12/2012,LWB,WV,AEA,EN,Federal Contract Tower,5,3,17,0,25,0,4,20,2,26,5,7,37,2,51,0,0,0,51
07/13/2012,LWB,WV,AEA,EN,Federal Contract Tower,1,3,26,0,30,0,0,2,0,2,1,3,28,0,32,0,0,0,32
07/14/2012,LWB,WV,AEA,EN,Federal Contract Tower,5,6,16,0,27,0,0,31,0,31,5,6,47,0,58,0,0,0,58
07/15/2012,LWB,WV,AEA,EN,Federal Contract Tower,3,9,44,0,56,0,0,4,0,4,3,9,48,0,60,0,0,0,60
07/16/2012,LWB,WV,AEA,EN,Federal Contract Tower,5,4,26,0,35,0,0,17,4,21,5,4,43,4,56,0,0,0,56
07/17/2012,LWB,WV,AEA,EN,Federal Contract Tower,0,2,18,0,20,0,10,35,0,45,0,12,53,0,65,0,0,0,65
07/18/2012,LWB,WV,AEA,EN,Federal Contract Tower,4,3,30,0,37,0,4,19,6,29,4,7,49,6,66,8,0,8,74
07/19/2012,LWB,WV,AEA,EN,Federal Contract Tower,6,12,28,0,46,0,0,21,7,28,6,12,49,7,74,0,0,0,74
07/20/2012,LWB,WV,AEA,EN,Federal Contract Tower,4,16,16,0,36,0,0,1,0,1,4,16,17,0,37,0,0,0,37
07/21/2012,LWB,WV,AEA,EN,Federal Contract Tower,4,9,19,0,32,0,0,5,0,5,4,9,24,0,37,0,0,0,37
07/22/2012,LWB,WV,AEA,EN,Federal Contract Tower,4,14,30,0,48,0,0,36,0,36,4,14,66,0,84,52,0,52,136
07/23/2012,LWB,WV,AEA,EN,Federal Contract Tower,4,5,9,0,18,0,0,3,0,3,4,5,12,0,21,12,0,12,33
07/24/2012,LWB,WV,AEA,EN,Federal Contract Tower,2,4,49,0,55,0,0,11,0,11,2,4,60,0,66,0,0,0,66
07/25/2012,LWB,WV,AEA,EN,Federal Contract Tower,5,12,24,0,41,0,4,25,0,29,5,16,49,0,70,0,0,0,70
07/26/2012,LWB,WV,AEA,EN,Federal Contract Tower,4,11,45,0,60,0,8,2,0,10,4,19,47,0,70,0,0,0,70
07/27/2012,LWB,WV,AEA,EN,Federal Contract Tower,7,22,27,0,56,0,0,13,0,13,7,22,40,0,69,0,0,0,69
07/28/2012,LWB,WV,AEA,EN,Federal Contract Tower,3,7,20,0,30,0,0,15,4,19,3,7,35,4,49,0,0,0,49
07/29/2012,LWB,WV,AEA,EN,Federal Contract Tower,3,14,23,0,40,0,0,10,2,12,3,14,33,2,52,0,0,0,52
07/30/2012,LWB,WV,AEA,EN,Federal Contract Tower,4,6,21,7,38,0,0,55,4,59,4,6,76,11,97,0,8,8,105
07/31/2012,LWB,WV,AEA,EN,Federal Contract Tower,2,14,18,1,35,0,0,1,0,1,2,14,19,1,36,0,0,0,36
08/01/2012,LWB,WV,AEA,EN,Federal Contract Tower,7,11,14,6,38,0,0,14,2,16,7,11,28,8,54,0,30,30,84
08/02/2012,LWB,WV,AEA,EN,Federal Contract Tower,5,9,35,0,49,0,2,14,0,16,5,11,49,0,65,0,0,0,65
08/03/2012,LWB,WV,AEA,EN,Federal Contract Tower,2,31,29,0,62,0,0,17,0,17,2,31,46,0,79,0,0,0,79
08/04/2012,LWB,WV,AEA,EN,Federal Contract Tower,0,16,26,1,43,0,0,7,0,7,0,16,33,1,50,0,0,0,50
08/05/2012,LWB,WV,AEA,EN,Federal Contract Tower,2,18,24,2,46,1,0,3,0,4,3,18,27,2,50,0,34,34,84
08/06/2012,LWB,WV,AEA,EN,Federal Contract Tower,6,14,28,0,48,0,8,4,0,12,6,22,32,0,60,0,0,0,60
08/07/2012,LWB,WV,AEA,EN,Federal Contract Tower,7,10,19,0,36,0,0,4,4,8,7,10,23,4,44,0,0,0,44
08/08/2012,LWB,WV,AEA,EN,Federal Contract Tower,4,10,26,0,40,0,5,19,0,24,4,15,45,0,64,40,0,40,104
08/09/2012,LWB,WV,AEA,EN,Federal Contract Tower,3,20,44,0,67,0,0,39,0,39,3,20,83,0,106,14,0,14,120
08/10/2012,LWB,WV,AEA,EN,Federal Contract Tower,9,30,28,0,67,0,6,3,0,9,9,36,31,0,76,0,0,0,76
08/11/2012,LWB,WV,AEA,EN,Federal Contract Tower,7,10,22,6,45,0,1,30,0,31,7,11,52,6,76,22,4,26,102
08/12/2012,LWB,WV,AEA,EN,Federal Contract Tower,3,12,30,0,45,0,0,18,0,18,3,12,48,0,63,14,0,14,77
08/13/2012,LWB,WV,AEA,EN,Federal Contract Tower,3,19,33,2,57,0,0,32,3,35,3,19,65,5,92,22,0,22,114
08/14/2012,LWB,WV,AEA,EN,Federal Contract Tower,6,5,10,0,21,0,4,9,0,13,6,9,19,0,34,0,0,0,34
08/15/2012,LWB,WV,AEA,EN,Federal Contract Tower,0,7,25,0,32,0,0,14,0,14,0,7,39,0,46,26,0,26,72
08/16/2012,LWB,WV,AEA,EN,Federal Contract Tower,14,25,43,0,82,0,4,63,0,67,14,29,106,0,149,12,0,12,161
08/17/2012,LWB,WV,AEA,EN,Federal Contract Tower,6,12,22,0,40,0,6,11,0,17,6,18,33,0,57,0,0,0,57
08/18/2012,LWB,WV,AEA,EN,Federal Contract Tower,7,19,29,0,55,0,0,43,0,43,7,19,72,0,98,34,0,34,132
08/19/2012,LWB,WV,AEA,EN,Federal Contract Tower,2,24,51,0,77,0,0,2,0,2,2,24,53,0,79,0,0,0,79
08/20/2012,LWB,WV,AEA,EN,Federal Contract Tower,1,12,14,0,27,0,0,26,2,28,1,12,40,2,55,10,0,10,65
08/21/2012,LWB,WV,AEA,EN,Federal Contract Tower,2,24,25,1,52,0,0,9,10,19,2,24,34,11,71,0,10,10,81
08/22/2012,LWB,WV,AEA,EN,Federal Contract Tower,5,5,31,0,41,0,0,60,10,70,5,5,91,10,111,0,0,0,111
08/23/2012,LWB,WV,AEA,EN,Federal Contract Tower,6,15,47,0,68,0,0,32,0,32,6,15,79,0,100,32,0,32,132
08/24/2012,LWB,WV,AEA,EN,Federal Contract Tower,5,10,36,0,51,0,0,30,0,30,5,10,66,0,81,18,0,18,99
08/25/2012,LWB,WV,AEA,EN,Federal Contract Tower,8,20,24,0,52,0,0,8,0,8,8,20,32,0,60,12,0,12,72
08/26/2012,LWB,WV,AEA,EN,Federal Contract Tower,4,23,72,0,99,0,4,38,0,42,4,27,110,0,141,48,0,48,189
08/27/2012,LWB,WV,AEA,EN,Federal Contract Tower,4,13,25,0,42,0,6,24,22,52,4,19,49,22,94,0,12,12,106
08/28/2012,LWB,WV,AEA,EN,Federal Contract Tower,6,9,26,0,41,0,0,141,0,141,6,9,167,0,182,16,0,16,198
08/29/2012,LWB,WV,AEA,EN,Federal Contract Tower,5,12,14,0,31,0,7,16,0,23,5,19,30,0,54,0,0,0,54
08/30/2012,LWB,WV,AEA,EN,Federal Contract Tower,5,31,26,0,62,0,1,38,4,43,5,32,64,4,105,14,10,24,129
08/31/2012,LWB,WV,AEA,EN,Federal Contract Tower,4,20,30,2,56,0,6,33,14,53,4,26,63,16,109,0,0,0,109
09/01/2012,LWB,WV,AEA,EN,Federal Contract Tower,7,9,32,0,48,0,0,3,0,3,7,9,35,0,51,0,0,0,51
09/02/2012,LWB,WV,AEA,EN,Federal Contract Tower,4,13,44,0,61,0,0,3,0,3,4,13,47,0,64,0,0,0,64
09/03/2012,LWB,WV,AEA,EN,Federal Contract Tower,6,29,55,0,90,0,0,0,0,0,6,29,55,0,90,0,0,0,90
09/04/2012,LWB,WV,AEA,EN,Federal Contract Tower,7,3,15,0,25,0,0,0,0,0,7,3,15,0,25,0,0,0,25
09/05/2012,LWB,WV,AEA,EN,Federal Contract Tower,5,5,9,0,19,0,0,0,0,0,5,5,9,0,19,0,0,0,19
09/06/2012,LWB,WV,AEA,EN,Federal Contract Tower,3,14,17,0,34,0,0,4,0,4,3,14,21,0,38,12,0,12,50
09/07/2012,LWB,WV,AEA,EN,Federal Contract Tower,9,5,41,9,64,0,0,22,12,34,9,5,63,21,98,16,16,32,130
09/08/2012,LWB,WV,AEA,EN,Federal Contract Tower,4,6,16,0,26,0,0,4,6,10,4,6,20,6,36,0,0,0,36
09/09/2012,LWB,WV,AEA,EN,Federal Contract Tower,4,12,36,0,52,0,0,14,4,18,4,12,50,4,70,10,0,10,80
09/10/2012,LWB,WV,AEA,EN,Federal Contract Tower,9,14,20,0,43,0,0,9,0,9,9,14,29,0,52,30,0,30,82
09/11/2012,LWB,WV,AEA,EN,Federal Contract Tower,5,12,26,0,43,0,0,6,30,36,5,12,32,30,79,10,22,32,111
09/12/2012,LWB,WV,AEA,EN,Federal Contract Tower,6,6,30,0,42,0,0,21,23,44,6,6,51,23,86,0,12,12,98
09/13/2012,LWB,WV,AEA,EN,Federal Contract Tower,4,26,19,0,49,0,0,30,25,55,4,26,49,25,104,34,38,72,176
09/14/2012,LWB,WV,AEA,EN,Federal Contract Tower,5,30,35,2,72,0,2,40,24,66,5,32,75,26,138,0,62,62,200
09/15/2012,LWB,WV,AEA,EN,Federal Contract Tower,9,15,35,0,59,0,0,66,9,75,9,15,101,9,134,20,48,68,202
09/16/2012,LWB,WV,AEA,EN,Federal Contract Tower,6,24,29,4,63,0,0,8,9,17,6,24,37,13,80,30,70,100,180
09/17/2012,LWB,WV,AEA,EN,Federal Contract Tower,6,13,25,3,47,0,0,9,5,14,6,13,34,8,61,0,36,36,97
09/18/2012,LWB,WV,AEA,EN,Federal Contract Tower,7,1,13,0,21,0,0,0,0,0,7,1,13,0,21,0,0,0,21
09/19/2012,LWB,WV,AEA,EN,Federal Contract Tower,5,8,24,0,37,0,4,24,32,60,5,12,48,32,97,0,20,20,117
09/20/2012,LWB,WV,AEA,EN,Federal Contract Tower,7,4,23,0,34,0,0,8,0,8,7,4,31,0,42,30,0,30,72
09/21/2012,LWB,WV,AEA,EN,Federal Contract Tower,6,17,39,6,68,0,0,21,8,29,6,17,60,14,97,32,40,72,169
09/22/2012,LWB,WV,AEA,EN,Federal Contract Tower,4,8,30,0,42,0,5,8,0,13,4,13,38,0,55,0,0,0,55
09/23/2012,LWB,WV,AEA,EN,Federal Contract Tower,4,17,32,0,53,0,4,23,0,27,4,21,55,0,80,0,0,0,80
09/24/2012,LWB,WV,AEA,EN,Federal Contract Tower,7,1,27,3,38,0,0,21,0,21,7,1,48,3,59,0,0,0,59
09/25/2012,LWB,WV,AEA,EN,Federal Contract Tower,5,2,21,0,28,0,0,12,26,38,5,2,33,26,66,0,0,0,66
09/26/2012,LWB,WV,AEA,EN,Federal Contract Tower,5,6,15,0,26,0,3,19,0,22,5,9,34,0,48,26,0,26,74
09/27/2012,LWB,WV,AEA,EN,Federal Contract Tower,6,22,30,0,58,0,0,9,0,9,6,22,39,0,67,10,0,10,77
09/28/2012,LWB,WV,AEA,EN,Federal Contract Tower,6,11,12,0,29,0,0,7,0,7,6,11,19,0,36,0,0,0,36
09/29/2012,LWB,WV,AEA,EN,Federal Contract Tower,6,8,10,0,24,0,4,13,0,17,6,12,23,0,41,0,0,0,41
09/30/2012,LWB,WV,AEA,EN,Federal Contract Tower,5,18,37,0,60,0,2,19,0,21,5,20,56,0,81,0,0,0,81
10/01/2012,LWB,WV,AEA,EN,Federal Contract Tower,5,6,10,0,21,0,0,1,0,1,5,6,11,0,22,0,0,0,22
10/02/2012,LWB,WV,AEA,EN,Federal Contract Tower,8,16,27,0,51,0,0,0,0,0,8,16,27,0,51,0,0,0,51
10/03/2012,LWB,WV,AEA,EN,Federal Contract Tower,5,15,13,0,33,0,0,11,6,17,5,15,24,6,50,12,0,12,62
10/04/2012,LWB,WV,AEA,EN,Federal Contract Tower,18,18,48,0,84,0,0,19,0,19,18,18,67,0,103,10,0,10,113
10/05/2012,LWB,WV,AEA,EN,Federal Contract Tower,5,28,33,0,66,0,4,11,0,15,5,32,44,0,81,0,0,0,81
10/06/2012,LWB,WV,AEA,EN,Federal Contract Tower,8,6,16,0,30,0,0,8,0,8,8,6,24,0,38,0,0,0,38
10/07/2012,LWB,WV,AEA,EN,Federal Contract Tower,8,37,49,0,94,0,0,0,0,0,8,37,49,0,94,0,0,0,94
10/08/2012,LWB,WV,AEA,EN,Federal Contract Tower,5,9,14,0,28,0,0,2,0,2,5,9,16,0,30,0,0,0,30
10/09/2012,LWB,WV,AEA,EN,Federal Contract Tower,4,4,10,0,18,0,0,11,0,11,4,4,21,0,29,0,0,0,29
10/10/2012,LWB,WV,AEA,EN,Federal Contract Tower,6,12,34,0,52,0,0,8,0,8,6,12,42,0,60,0,0,0,60
10/11/2012,LWB,WV,AEA,EN,Federal Contract Tower,6,10,31,0,47,0,0,56,0,56,6,10,87,0,103,0,0,0,103
10/12/2012,LWB,WV,AEA,EN,Federal Contract Tower,2,12,29,0,43,0,0,35,0,35,2,12,64,0,78,0,0,0,78
10/13/2012,LWB,WV,AEA,EN,Federal Contract Tower,8,14,23,0,45,0,0,30,0,30,8,14,53,0,75,0,0,0,75
10/14/2012,LWB,WV,AEA,EN,Federal Contract Tower,6,14,25,0,45,0,0,40,0,40,6,14,65,0,85,22,0,22,107
10/15/2012,LWB,WV,AEA,EN,Federal Contract Tower,5,22,14,0,41,0,0,3,0,3,5,22,17,0,44,0,0,0,44
10/16/2012,LWB,WV,AEA,EN,Federal Contract Tower,5,0,12,0,17,0,0,31,2,33,5,0,43,2,50,0,0,0,50
10/17/2012,LWB,WV,AEA,EN,Federal Contract Tower,5,33,30,1,69,0,0,45,1,46,5,33,75,2,115,10,0,10,125
10/18/2012,LWB,WV,AEA,EN,Federal Contract Tower,11,7,33,0,51,0,0,1,0,1,11,7,34,0,52,0,0,0,52
10/19/2012,LWB,WV,AEA,EN,Federal Contract Tower,6,26,30,0,62,0,0,4,0,4,6,26,34,0,66,0,0,0,66
10/20/2012,LWB,WV,AEA,EN,Federal Contract Tower,4,10,16,0,30,0,8,5,0,13,4,18,21,0,43,0,0,0,43
10/21/2012,LWB,WV,AEA,EN,Federal Contract Tower,3,17,52,0,72,1,0,39,0,40,4,17,91,0,112,36,0,36,148
10/22/2012,LWB,WV,AEA,EN,Federal Contract Tower,6,12,29,0,47,0,0,31,0,31,6,12,60,0,78,48,0,48,126
10/23/2012,LWB,WV,AEA,EN,Federal Contract Tower,7,0,11,8,26,0,2,22,0,24,7,2,33,8,50,36,10,46,96
10/24/2012,LWB,WV,AEA,EN,Federal Contract Tower,4,0,19,1,24,0,0,39,1,40,4,0,58,2,64,18,0,18,82
10/25/2012,LWB,WV,AEA,EN,Federal Contract Tower,6,7,30,0,43,0,0,14,0,14,6,7,44,0,57,12,0,12,69
10/26/2012,LWB,WV,AEA,EN,Federal Contract Tower,5,10,28,0,43,0,0,13,0,13,5,10,41,0,56,0,0,0,56
10/27/2012,LWB,WV,AEA,EN,Federal Contract Tower,5,5,11,0,21,0,0,0,0,0,5,5,11,0,21,0,0,0,21
10/28/2012,LWB,WV,AEA,EN,Federal Contract Tower,6,0,14,0,20,0,0,0,0,0,6,0,14,0,20,0,0,0,20
10/29/2012,LWB,WV,AEA,EN,Federal Contract Tower,3,0,0,0,3,0,0,0,0,0,3,0,0,0,3,0,0,0,3
10/30/2012,LWB,WV,AEA,EN,Federal Contract Tower,1,0,0,0,1,0,0,0,0,0,1,0,0,0,1,0,0,0,1
10/31/2012,LWB,WV,AEA,EN,Federal Contract Tower,3,0,15,0,18,0,0,0,0,0,3,0,15,0,18,0,0,0,18
11/01/2012,LWB,WV,AEA,EN,Federal Contract Tower,8,6,22,0,36,0,0,19,3,22,8,6,41,3,58,7,0,7,65
11/02/2012,LWB,WV,AEA,EN,Federal Contract Tower,7,0,21,0,28,0,0,7,6,13,7,0,28,6,41,0,0,0,41
11/03/2012,LWB,WV,AEA,EN,Federal Contract Tower,0,0,8,2,10,0,0,18,14,32,0,0,26,16,42,0,0,0,42
11/04/2012,LWB,WV,AEA,EN,Federal Contract Tower,5,5,35,0,45,0,0,13,7,20,5,5,48,7,65,12,0,12,77
11/05/2012,LWB,WV,AEA,EN,Federal Contract Tower,5,5,24,0,34,1,5,21,8,35,6,10,45,8,69,0,0,0,69
11/06/2012,LWB,WV,AEA,EN,Federal Contract Tower,6,5,10,1,22,0,0,8,2,10,6,5,18,3,32,0,0,0,32
11/07/2012,LWB,WV,AEA,EN,Federal Contract Tower,6,0,4,0,10,0,2,1,0,3,6,2,5,0,13,0,0,0,13
11/08/2012,LWB,WV,AEA,EN,Federal Contract Tower,6,1,5,0,12,0,2,13,0,15,6,3,18,0,27,30,0,30,57
11/09/2012,LWB,WV,AEA,EN,Federal Contract Tower,6,0,19,0,25,0,0,38,0,38,6,0,57,0,63,42,0,42,105
11/10/2012,LWB,WV,AEA,EN,Federal Contract Tower,0,0,20,0,20,0,2,58,0,60,0,2,78,0,80,68,0,68,148
11/11/2012,LWB,WV,AEA,EN,Federal Contract Tower,2,2,19,0,23,0,0,64,0,64,2,2,83,0,87,28,0,28,115
11/12/2012,LWB,WV,AEA,EN,Federal Contract Tower,10,3,26,0,39,0,0,1,0,1,10,3,27,0,40,0,0,0,40
11/13/2012,LWB,WV,AEA,EN,Federal Contract Tower,8,3,6,0,17,0,0,2,33,35,8,3,8,33,52,0,0,0,52
11/14/2012,LWB,WV,AEA,EN,Federal Contract Tower,6,0,6,2,14,0,6,29,53,88,6,6,35,55,102,0,0,0,102
11/15/2012,LWB,WV,AEA,EN,Federal Contract Tower,8,0,11,0,19,0,0,9,26,35,8,0,20,26,54,0,0,0,54
11/16/2012,LWB,WV,AEA,EN,Federal Contract Tower,7,2,17,0,26,0,5,15,18,38,7,7,32,18,64,10,10,20,84
11/17/2012,LWB,WV,AEA,EN,Federal Contract Tower,0,4,8,0,12,0,4,55,26,85,0,8,63,26,97,24,10,34,131
11/18/2012,LWB,WV,AEA,EN,Federal Contract Tower,3,8,7,1,19,0,2,30,1,33,3,10,37,2,52,0,0,0,52
11/19/2012,LWB,WV,AEA,EN,Federal Contract Tower,7,5,14,5,31,0,4,9,0,13,7,9,23,5,44,16,0,16,60
11/20/2012,LWB,WV,AEA,EN,Federal Contract Tower,7,10,25,3,45,0,0,23,60,83,7,10,48,63,128,0,20,20,148
11/21/2012,LWB,WV,AEA,EN,Federal Contract Tower,7,7,45,0,59,0,0,35,0,35,7,7,80,0,94,20,0,20,114
11/22/2012,LWB,WV,AEA,EN,Federal Contract Tower,7,3,4,0,14,0,0,6,0,6,7,3,10,0,20,0,0,0,20
11/23/2012,LWB,WV,AEA,EN,Federal Contract Tower,4,6,18,0,28,0,0,30,0,30,4,6,48,0,58,0,0,0,58
11/24/2012,LWB,WV,AEA,EN,Federal Contract Tower,0,5,30,0,35,0,4,0,0,4,0,9,30,0,39,0,0,0,39
11/25/2012,LWB,WV,AEA,EN,Federal Contract Tower,3,11,26,4,44,0,2,15,0,17,3,13,41,4,61,0,0,0,61
11/26/2012,LWB,WV,AEA,EN,Federal Contract Tower,7,2,15,0,24,0,0,22,31,53,7,2,37,31,77,0,0,0,77
11/27/2012,LWB,WV,AEA,EN,Federal Contract Tower,5,0,12,0,17,0,0,0,0,0,5,0,12,0,17,0,0,0,17
11/28/2012,LWB,WV,AEA,EN,Federal Contract Tower,5,6,8,1,20,0,0,15,12,27,5,6,23,13,47,10,32,42,89
11/29/2012,LWB,WV,AEA,EN,Federal Contract Tower,5,2,14,0,21,0,0,35,0,35,5,2,49,0,56,4,0,4,60
11/30/2012,LWB,WV,AEA,EN,Federal Contract Tower,9,6,12,2,29,0,0,4,4,8,9,6,16,6,37,0,30,30,67
12/01/2012,LWB,WV,AEA,EN,Federal Contract Tower,0,7,9,1,17,0,4,64,6,74,0,11,73,7,91,20,0,20,111
12/02/2012,LWB,WV,AEA,EN,Federal Contract Tower,3,3,17,0,23,0,2,21,0,23,3,5,38,0,46,6,0,6,52
12/03/2012,LWB,WV,AEA,EN,Federal Contract Tower,12,0,23,0,35,0,0,32,0,32,12,0,55,0,67,26,0,26,93
12/04/2012,LWB,WV,AEA,EN,Federal Contract Tower,6,7,17,0,30,0,2,23,0,25,6,9,40,0,55,30,0,30,85
12/05/2012,LWB,WV,AEA,EN,Federal Contract Tower,4,2,8,0,14,0,0,40,0,40,4,2,48,0,54,18,0,18,72
12/06/2012,LWB,WV,AEA,EN,Federal Contract Tower,6,5,17,0,28,0,0,33,0,33,6,5,50,0,61,0,0,0,61
12/07/2012,LWB,WV,AEA,EN,Federal Contract Tower,5,0,0,6,11,0,0,81,2,83,5,0,81,8,94,44,18,62,156
12/08/2012,LWB,WV,AEA,EN,Federal Contract Tower,0,4,6,0,10,0,0,18,0,18,0,4,24,0,28,0,0,0,28
12/09/2012,LWB,WV,AEA,EN,Federal Contract Tower,6,4,24,0,34,0,0,8,0,8,6,4,32,0,42,0,0,0,42
12/10/2012,LWB,WV,AEA,EN,Federal Contract Tower,8,2,4,0,14,0,0,0,0,0,8,2,4,0,14,0,0,0,14
12/11/2012,LWB,WV,AEA,EN,Federal Contract Tower,9,0,12,0,21,0,0,4,0,4,9,0,16,0,25,0,0,0,25
12/12/2012,LWB,WV,AEA,EN,Federal Contract Tower,5,3,11,1,20,0,0,20,37,57,5,3,31,38,77,0,0,0,77
12/13/2012,LWB,WV,AEA,EN,Federal Contract Tower,4,5,12,6,27,0,6,17,60,83,4,11,29,66,110,24,12,36,146
12/14/2012,LWB,WV,AEA,EN,Federal Contract Tower,12,1,21,2,36,0,0,17,9,26,12,1,38,11,62,14,8,22,84
12/15/2012,LWB,WV,AEA,EN,Federal Contract Tower,0,2,20,0,22,0,0,16,16,32,0,2,36,16,54,0,16,16,70
12/16/2012,LWB,WV,AEA,EN,Federal Contract Tower,5,0,19,0,24,0,0,0,0,0,5,0,19,0,24,0,0,0,24
12/17/2012,LWB,WV,AEA,EN,Federal Contract Tower,6,6,13,0,25,0,0,0,0,0,6,6,13,0,25,0,0,0,25
12/18/2012,LWB,WV,AEA,EN,Federal Contract Tower,6,2,6,0,14,0,4,0,0,4,6,6,6,0,18,0,0,0,18
12/19/2012,LWB,WV,AEA,EN,Federal Contract Tower,6,2,24,0,32,0,2,19,23,44,6,4,43,23,76,0,0,0,76
12/20/2012,LWB,WV,AEA,EN,Federal Contract Tower,7,7,11,0,25,0,0,4,0,4,7,7,15,0,29,0,0,0,29
12/21/2012,LWB,WV,AEA,EN,Federal Contract Tower,7,7,9,0,23,0,0,0,0,0,7,7,9,0,23,0,0,0,23
12/22/2012,LWB,WV,AEA,EN,Federal Contract Tower,1,2,20,0,23,0,0,2,0,2,1,2,22,0,25,0,0,0,25
12/23/2012,LWB,WV,AEA,EN,Federal Contract Tower,4,3,19,0,26,0,0,18,0,18,4,3,37,0,44,0,0,0,44
12/24/2012,LWB,WV,AEA,EN,Federal Contract Tower,8,7,8,0,23,0,0,0,0,0,8,7,8,0,23,0,0,0,23
12/25/2012,LWB,WV,AEA,EN,Federal Contract Tower,2,0,10,0,12,0,0,0,0,0,2,0,10,0,12,0,0,0,12
12/26/2012,LWB,WV,AEA,EN,Federal Contract Tower,4,3,6,0,13,0,0,0,0,0,4,3,6,0,13,0,0,0,13
12/27/2012,LWB,WV,AEA,EN,Federal Contract Tower,7,2,17,0,26,0,0,0,0,0,7,2,17,0,26,0,0,0,26
12/28/2012,LWB,WV,AEA,EN,Federal Contract Tower,5,4,22,0,31,0,1,55,2,58,5,5,77,2,89,18,0,18,107
12/29/2012,LWB,WV,AEA,EN,Federal Contract Tower,0,1,19,0,20,0,0,0,0,0,0,1,19,0,20,0,0,0,20
12/30/2012,LWB,WV,AEA,EN,Federal Contract Tower,5,4,19,0,28,0,0,1,0,1,5,4,20,0,29,0,0,0,29
12/31/2012,LWB,WV,AEA,EN,Federal Contract Tower,7,5,11,0,23,0,0,24,0,24,7,5,35,0,47,22,0,22,69
01/01/2013,LWB,WV,AEA,EN,Federal Contract Tower,4,3,37,0,44,0,0,0,0,0,4,3,37,0,44,0,0,0,44
01/02/2013,LWB,WV,AEA,EN,Federal Contract Tower,4,0,15,0,19,0,0,2,0,2,4,0,17,0,21,0,0,0,21
01/03/2013,LWB,WV,AEA,EN,Federal Contract Tower,8,8,13,0,29,0,0,1,0,1,8,8,14,0,30,0,0,0,30
01/04/2013,LWB,WV,AEA,EN,Federal Contract Tower,8,1,5,0,14,2,0,4,0,6,10,1,9,0,20,0,0,0,20
01/05/2013,LWB,WV,AEA,EN,Federal Contract Tower,0,0,5,0,5,0,0,13,0,13,0,0,18,0,18,24,0,24,42
01/06/2013,LWB,WV,AEA,EN,Federal Contract Tower,4,0,5,0,9,0,13,0,0,13,4,13,5,0,22,0,0,0,22
01/07/2013,LWB,WV,AEA,EN,Federal Contract Tower,6,6,8,0,20,0,0,4,0,4,6,6,12,0,24,0,0,0,24
01/08/2013,LWB,WV,AEA,EN,Federal Contract Tower,5,0,5,0,10,0,0,38,13,51,5,0,43,13,61,48,30,78,139
01/09/2013,LWB,WV,AEA,EN,Federal Contract Tower,4,1,7,0,12,0,0,0,0,0,4,1,7,0,12,0,0,0,12
01/10/2013,LWB,WV,AEA,EN,Federal Contract Tower,4,0,6,0,10,0,4,0,4,8,4,4,6,4,18,42,20,62,80
01/11/2013,LWB,WV,AEA,EN,Federal Contract Tower,6,0,10,0,16,0,0,0,0,0,6,0,10,0,16,0,0,0,16
01/12/2013,LWB,WV,AEA,EN,Federal Contract Tower,0,0,7,0,7,0,0,22,0,22,0,0,29,0,29,0,0,0,29
01/13/2013,LWB,WV,AEA,EN,Federal Contract Tower,4,0,11,0,15,0,0,40,0,40,4,0,51,0,55,24,0,24,79
01/14/2013,LWB,WV,AEA,EN,Federal Contract Tower,11,7,9,0,27,0,0,0,0,0,11,7,9,0,27,0,0,0,27
01/15/2013,LWB,WV,AEA,EN,Federal Contract Tower,7,0,0,0,7,0,0,0,0,0,7,0,0,0,7,0,0,0,7
01/16/2013,LWB,WV,AEA,EN,Federal Contract Tower,8,0,2,0,10,0,0,0,0,0,8,0,2,0,10,0,0,0,10
01/17/2013,LWB,WV,AEA,EN,Federal Contract Tower,5,0,0,0,5,0,0,0,0,0,5,0,0,0,5,0,0,0,5
01/18/2013,LWB,WV,AEA,EN,Federal Contract Tower,5,5,16,0,26,0,0,10,0,10,5,5,26,0,36,0,0,0,36
01/19/2013,LWB,WV,AEA,EN,Federal Contract Tower,0,3,2,0,5,0,0,22,61,83,0,3,24,61,88,0,0,0,88
01/20/2013,LWB,WV,AEA,EN,Federal Contract Tower,3,1,14,0,18,0,4,33,0,37,3,5,47,0,55,0,0,0,55
01/21/2013,LWB,WV,AEA,EN,Federal Contract Tower,6,7,21,0,34,0,0,9,0,9,6,7,30,0,43,0,0,0,43
01/22/2013,LWB,WV,AEA,EN,Federal Contract Tower,6,0,5,0,11,0,2,3,0,5,6,2,8,0,16,0,0,0,16
01/23/2013,LWB,WV,AEA,EN,Federal Contract Tower,8,3,0,0,11,0,4,0,0,4,8,7,0,0,15,0,0,0,15
01/24/2013,LWB,WV,AEA,EN,Federal Contract Tower,5,5,7,0,17,0,0,16,4,20,5,5,23,4,37,16,0,16,53
01/25/2013,LWB,WV,AEA,EN,Federal Contract Tower,3,8,15,0,26,0,0,1,0,1,3,8,16,0,27,0,0,0,27
01/26/2013,LWB,WV,AEA,EN,Federal Contract Tower,0,1,1,0,2,0,0,0,0,0,0,1,1,0,2,0,0,0,2
01/27/2013,LWB,WV,AEA,EN,Federal Contract Tower,6,3,3,0,12,0,2,40,0,42,6,5,43,0,54,26,0,26,80
01/28/2013,LWB,WV,AEA,EN,Federal Contract Tower,6,0,4,0,10,0,2,0,0,2,6,2,4,0,12,0,0,0,12
01/29/2013,LWB,WV,AEA,EN,Federal Contract Tower,7,2,10,0,19,0,6,19,2,27,7,8,29,2,46,44,20,64,110
01/30/2013,LWB,WV,AEA,EN,Federal Contract Tower,4,0,6,0,10,0,0,0,0,0,4,0,6,0,10,0,0,0,10
01/31/2013,LWB,WV,AEA,EN,Federal Contract Tower,4,0,4,5,13,0,0,0,0,0,4,0,4,5,13,0,0,0,13
02/01/2013,LWB,WV,AEA,EN,Federal Contract Tower,2,0,10,0,12,0,0,6,0,6,2,0,16,0,18,0,0,0,18
02/02/2013,LWB,WV,AEA,EN,Federal Contract Tower,2,0,0,0,2,0,0,0,0,0,2,0,0,0,2,0,0,0,2
02/03/2013,LWB,WV,AEA,EN,Federal Contract Tower,0,0,3,0,3,0,0,0,0,0,0,0,3,0,3,0,0,0,3
02/04/2013,LWB,WV,AEA,EN,Federal Contract Tower,5,0,0,0,5,0,0,8,0,8,5,0,8,0,13,0,0,0,13
02/05/2013,LWB,WV,AEA,EN,Federal Contract Tower,2,0,4,0,6,0,0,2,0,2,2,0,6,0,8,0,0,0,8
02/06/2013,LWB,WV,AEA,EN,Federal Contract Tower,6,10,2,0,18,0,0,11,0,11,6,10,13,0,29,0,0,0,29
02/07/2013,LWB,WV,AEA,EN,Federal Contract Tower,5,5,2,0,12,0,0,10,0,10,5,5,12,0,22,0,0,0,22
02/08/2013,LWB,WV,AEA,EN,Federal Contract Tower,6,7,16,0,29,0,4,0,0,4,6,11,16,0,33,0,0,0,33
02/09/2013,LWB,WV,AEA,EN,Federal Contract Tower,0,2,5,0,7,0,0,27,48,75,0,2,32,48,82,34,8,42,124
02/10/2013,LWB,WV,AEA,EN,Federal Contract Tower,6,3,13,0,22,0,0,22,27,49,6,3,35,27,71,14,32,46,117
02/11/2013,LWB,WV,AEA,EN,Federal Contract Tower,9,0,1,0,10,0,0,0,0,0,9,0,1,0,10,0,0,0,10
02/12/2013,LWB,WV,AEA,EN,Federal Contract Tower,5,0,14,0,19,0,0,18,0,18,5,0,32,0,37,0,0,0,37
02/13/2013,LWB,WV,AEA,EN,Federal Contract Tower,13,2,6,0,21,0,0,0,0,0,13,2,6,0,21,0,0,0,21
02/14/2013,LWB,WV,AEA,EN,Federal Contract Tower,4,2,10,0,16,0,0,21,0,21,4,2,31,0,37,20,0,20,57
02/15/2013,LWB,WV,AEA,EN,Federal Contract Tower,5,3,11,0,19,0,0,1,0,1,5,3,12,0,20,0,0,0,20
02/16/2013,LWB,WV,AEA,EN,Federal Contract Tower,0,1,9,0,10,0,0,13,2,15,0,1,22,2,25,20,0,20,45
02/17/2013,LWB,WV,AEA,EN,Federal Contract Tower,9,8,10,0,27,0,0,1,0,1,9,8,11,0,28,0,0,0,28
02/18/2013,LWB,WV,AEA,EN,Federal Contract Tower,8,9,20,0,37,0,22,27,114,163,8,31,47,114,200,16,28,44,244
02/19/2013,LWB,WV,AEA,EN,Federal Contract Tower,6,2,2,0,10,0,4,0,0,4,6,6,2,0,14,0,0,0,14
02/20/2013,LWB,WV,AEA,EN,Federal Contract Tower,6,0,1,0,7,0,0,2,0,2,6,0,3,0,9,0,0,0,9
02/21/2013,LWB,WV,AEA,EN,Federal Contract Tower,8,0,22,3,33,0,2,26,1,29,8,2,48,4,62,0,30,30,92
02/22/2013,LWB,WV,AEA,EN,Federal Contract Tower,0,2,17,0,19,0,0,0,0,0,0,2,17,0,19,0,0,0,19
02/23/2013,LWB,WV,AEA,EN,Federal Contract Tower,0,0,7,0,7,0,0,34,0,34,0,0,41,0,41,12,0,12,53
02/24/2013,LWB,WV,AEA,EN,Federal Contract Tower,9,4,13,0,26,0,0,5,0,5,9,4,18,0,31,0,0,0,31
02/25/2013,LWB,WV,AEA,EN,Federal Contract Tower,6,0,7,2,15,0,0,31,6,37,6,0,38,8,52,26,38,64,116
02/26/2013,LWB,WV,AEA,EN,Federal Contract Tower,9,1,2,0,12,0,0,0,0,0,9,1,2,0,12,0,0,0,12
02/27/2013,LWB,WV,AEA,EN,Federal Contract Tower,4,3,6,0,13,0,0,0,0,0,4,3,6,0,13,0,0,0,13
02/28/2013,LWB,WV,AEA,EN,Federal Contract Tower,6,12,4,0,22,0,0,0,0,0,6,12,4,0,22,0,0,0,22
03/01/2013,LWB,WV,AEA,EN,Federal Contract Tower,5,11,20,0,36,0,0,8,0,8,5,11,28,0,44,0,0,0,44
03/02/2013,LWB,WV,AEA,EN,Federal Contract Tower,0,2,3,0,5,0,0,0,0,0,0,2,3,0,5,0,0,0,5
03/03/2013,LWB,WV,AEA,EN,Federal Contract Tower,3,5,16,0,24,0,0,0,0,0,3,5,16,0,24,0,0,0,24
03/04/2013,LWB,WV,AEA,EN,Federal Contract Tower,4,2,9,2,17,0,2,36,41,79,4,4,45,43,96,12,14,26,122
03/05/2013,LWB,WV,AEA,EN,Federal Contract Tower,4,1,3,0,8,0,0,0,0,0,4,1,3,0,8,0,0,0,8
03/06/2013,LWB,WV,AEA,EN,Federal Contract Tower,0,0,1,0,1,0,0,0,2,2,0,0,1,2,3,0,0,0,3
03/07/2013,LWB,WV,AEA,EN,Federal Contract Tower,8,0,6,0,14,0,0,0,0,0,8,0,6,0,14,0,0,0,14
03/08/2013,LWB,WV,AEA,EN,Federal Contract Tower,6,0,13,0,19,0,0,16,0,16,6,0,29,0,35,14,0,14,49
03/09/2013,LWB,WV,AEA,EN,Federal Contract Tower,0,0,10,0,10,0,0,40,13,53,0,0,50,13,63,42,48,90,153
03/10/2013,LWB,WV,AEA,EN,Federal Contract Tower,3,2,11,0,16,0,30,44,0,74,3,32,55,0,90,10,30,40,130
03/11/2013,LWB,WV,AEA,EN,Federal Contract Tower,7,5,9,0,21,0,0,18,0,18,7,5,27,0,39,0,0,0,39
03/12/2013,LWB,WV,AEA,EN,Federal Contract Tower,8,4,2,0,14,0,0,6,4,10,8,4,8,4,24,10,0,10,34
03/13/2013,LWB,WV,AEA,EN,Federal Contract Tower,5,6,4,0,15,0,0,0,0,0,5,6,4,0,15,0,0,0,15
03/14/2013,LWB,WV,AEA,EN,Federal Contract Tower,7,3,8,3,21,0,0,24,6,30,7,3,32,9,51,22,0,22,73
03/15/2013,LWB,WV,AEA,EN,Federal Contract Tower,7,6,14,5,32,0,0,20,0,20,7,6,34,5,52,0,0,0,52
03/16/2013,LWB,WV,AEA,EN,Federal Contract Tower,0,5,2,1,8,0,0,3,1,4,0,5,5,2,12,0,0,0,12
03/17/2013,LWB,WV,AEA,EN,Federal Contract Tower,3,2,5,0,10,0,0,0,0,0,3,2,5,0,10,0,0,0,10
03/18/2013,LWB,WV,AEA,EN,Federal Contract Tower,9,1,3,0,13,0,0,0,0,0,9,1,3,0,13,0,0,0,13
03/19/2013,LWB,WV,AEA,EN,Federal Contract Tower,3,0,2,0,5,0,0,7,0,7,3,0,9,0,12,0,0,0,12
03/20/2013,LWB,WV,AEA,EN,Federal Contract Tower,4,7,8,9,28,0,0,40,0,40,4,7,48,9,68,0,6,6,74
03/21/2013,LWB,WV,AEA,EN,Federal Contract Tower,8,0,3,0,11,0,0,13,0,13,8,0,16,0,24,0,0,0,24
03/22/2013,LWB,WV,AEA,EN,Federal Contract Tower,5,8,6,0,19,0,0,16,0,16,5,8,22,0,35,0,0,0,35
03/23/2013,LWB,WV,AEA,EN,Federal Contract Tower,0,7,22,0,29,0,0,19,11,30,0,7,41,11,59,48,62,110,169
03/24/2013,LWB,WV,AEA,EN,Federal Contract Tower,2,0,28,6,36,0,0,1,0,1,2,0,29,6,37,0,2,2,39
03/25/2013,LWB,WV,AEA,EN,Federal Contract Tower,0,4,0,0,4,0,0,16,0,16,0,4,16,0,20,0,0,0,20
03/26/2013,LWB,WV,AEA,EN,Federal Contract Tower,7,6,7,2,22,0,0,17,0,17,7,6,24,2,39,0,0,0,39
03/27/2013,LWB,WV,AEA,EN,Federal Contract Tower,7,0,2,0,9,0,0,15,0,15,7,0,17,0,24,0,0,0,24
03/28/2013,LWB,WV,AEA,EN,Federal Contract Tower,4,24,25,0,53,0,0,14,0,14,4,24,39,0,67,0,0,0,67
03/29/2013,LWB,WV,AEA,EN,Federal Contract Tower,5,20,36,0,61,0,0,54,0,54,5,20,90,0,115,0,0,0,115
03/30/2013,LWB,WV,AEA,EN,Federal Contract Tower,0,4,18,0,22,0,0,54,26,80,0,4,72,26,102,24,70,94,196
03/31/2013,LWB,WV,AEA,EN,Federal Contract Tower,6,11,14,0,31,0,0,0,0,0,6,11,14,0,31,0,0,0,31
04/01/2013,LWB,WV,AEA,EN,Federal Contract Tower,5,4,12,0,21,0,0,3,0,3,5,4,15,0,24,0,0,0,24
04/02/2013,LWB,WV,AEA,EN,Federal Contract Tower,7,6,8,0,21,0,0,2,0,2,7,6,10,0,23,0,0,0,23
04/03/2013,LWB,WV,AEA,EN,Federal Contract Tower,6,3,9,0,18,0,0,29,0,29,6,3,38,0,47,0,0,0,47
04/04/2013,LWB,WV,AEA,EN,Federal Contract Tower,6,4,16,0,26,0,0,5,0,5,6,4,21,0,31,0,0,0,31
04/05/2013,LWB,WV,AEA,EN,Federal Contract Tower,8,6,13,0,27,0,0,13,0,13,8,6,26,0,40,14,0,14,54
04/06/2013,LWB,WV,AEA,EN,Federal Contract Tower,0,7,11,2,20,0,8,27,1,36,0,15,38,3,56,32,18,50,106
04/07/2013,LWB,WV,AEA,EN,Federal Contract Tower,4,13,10,0,27,0,0,25,0,25,4,13,35,0,52,32,0,32,84
04/08/2013,LWB,WV,AEA,EN,Federal Contract Tower,5,4,9,1,19,0,3,17,20,40,5,7,26,21,59,6,10,16,75
04/09/2013,LWB,WV,AEA,EN,Federal Contract Tower,7,5,0,12,24,0,0,6,10,16,7,5,6,22,40,16,20,36,76
04/10/2013,LWB,WV,AEA,EN,Federal Contract Tower,5,1,1,0,7,0,0,24,0,24,5,1,25,0,31,0,0,0,31
04/11/2013,LWB,WV,AEA,EN,Federal Contract Tower,5,2,11,0,18,0,0,26,6,32,5,2,37,6,50,34,0,34,84
04/12/2013,LWB,WV,AEA,EN,Federal Contract Tower,10,13,10,4,37,0,4,18,0,22,10,17,28,4,59,28,0,28,87
04/13/2013,LWB,WV,AEA,EN,Federal Contract Tower,1,4,17,0,22,0,8,46,0,54,1,12,63,0,76,36,0,36,112
04/14/2013,LWB,WV,AEA,EN,Federal Contract Tower,2,4,22,0,28,0,0,26,0,26,2,4,48,0,54,28,0,28,82
04/15/2013,LWB,WV,AEA,EN,Federal Contract Tower,5,4,8,1,18,0,0,13,6,19,5,4,21,7,37,5,7,12,49
04/16/2013,LWB,WV,AEA,EN,Federal Contract Tower,7,0,12,0,19,0,4,19,0,23,7,4,31,0,42,14,0,14,56
04/17/2013,LWB,WV,AEA,EN,Federal Contract Tower,3,0,6,0,9,0,0,34,0,34,3,0,40,0,43,0,0,0,43
04/18/2013,LWB,WV,AEA,EN,Federal Contract Tower,8,5,8,0,21,0,11,4,0,15,8,16,12,0,36,20,0,20,56
04/19/2013,LWB,WV,AEA,EN,Federal Contract Tower,2,8,15,0,25,0,0,0,0,0,2,8,15,0,25,0,0,0,25
04/20/2013,LWB,WV,AEA,EN,Federal Contract Tower,2,22,18,0,42,0,0,26,0,26,2,22,44,0,68,28,0,28,96
04/21/2013,LWB,WV,AEA,EN,Federal Contract Tower,3,9,16,1,29,0,4,12,1,17,3,13,28,2,46,9,7,16,62
04/22/2013,LWB,WV,AEA,EN,Federal Contract Tower,5,5,7,1,18,0,0,14,6,20,5,5,21,7,38,5,6,11,49
04/23/2013,LWB,WV,AEA,EN,Federal Contract Tower,4,3,5,6,18,0,0,26,4,30,4,3,31,10,48,52,0,52,100
04/24/2013,LWB,WV,AEA,EN,Federal Contract Tower,6,6,17,0,29,0,0,5,0,5,6,6,22,0,34,0,0,0,34
04/25/2013,LWB,WV,AEA,EN,Federal Contract Tower,4,8,16,0,28,0,0,19,0,19,4,8,35,0,47,10,0,10,57
04/26/2013,LWB,WV,AEA,EN,Federal Contract Tower,8,10,42,0,60,0,0,53,18,71,8,10,95,18,131,28,24,52,183
04/27/2013,LWB,WV,AEA,EN,Federal Contract Tower,2,8,23,0,33,0,13,53,0,66,2,21,76,0,99,64,0,64,163
04/28/2013,LWB,WV,AEA,EN,Federal Contract Tower,4,15,16,0,35,0,0,0,0,0,4,15,16,0,35,0,0,0,35
04/29/2013,LWB,WV,AEA,EN,Federal Contract Tower,7,12,10,2,31,0,0,0,2,2,7,12,10,4,33,0,0,0,33
04/30/2013,LWB,WV,AEA,EN,Federal Contract Tower,4,2,13,8,27,0,0,16,2,18,4,2,29,10,45,38,10,48,93
05/01/2013,LWB,WV,AEA,EN,Federal Contract Tower,9,12,5,4,30,0,0,3,2,5,9,12,8,6,35,0,10,10,45
05/02/2013,LWB,WV,AEA,EN,Federal Contract Tower,12,5,15,6,38,0,2,11,0,13,12,7,26,6,51,0,0,0,51
05/03/2013,LWB,WV,AEA,EN,Federal Contract Tower,8,6,28,0,42,0,6,10,0,16,8,12,38,0,58,0,0,0,58
05/04/2013,LWB,WV,AEA,EN,Federal Contract Tower,6,13,26,0,45,0,8,11,0,19,6,21,37,0,64,0,0,0,64
05/05/2013,LWB,WV,AEA,EN,Federal Contract Tower,4,25,20,5,54,0,2,1,4,7,4,27,21,9,61,0,22,22,83
05/06/2013,LWB,WV,AEA,EN,Federal Contract Tower,5,8,10,0,23,0,0,2,0,2,5,8,12,0,25,0,0,0,25
05/07/2013,LWB,WV,AEA,EN,Federal Contract Tower,7,2,19,0,28,0,0,0,0,0,7,2,19,0,28,0,0,0,28
05/08/2013,LWB,WV,AEA,EN,Federal Contract Tower,7,12,19,0,38,0,0,0,0,0,7,12,19,0,38,0,0,0,38
05/09/2013,LWB,WV,AEA,EN,Federal Contract Tower,9,4,21,0,34,0,0,6,0,6,9,4,27,0,40,0,0,0,40
05/10/2013,LWB,WV,AEA,EN,Federal Contract Tower,8,14,8,4,34,0,6,3,4,13,8,20,11,8,47,0,20,20,67
05/11/2013,LWB,WV,AEA,EN,Federal Contract Tower,5,10,17,0,32,0,4,10,0,14,5,14,27,0,46,20,0,20,66
05/12/2013,LWB,WV,AEA,EN,Federal Contract Tower,3,5,17,0,25,0,8,4,11,23,3,13,21,11,48,0,0,0,48
05/13/2013,LWB,WV,AEA,EN,Federal Contract Tower,4,6,5,4,19,0,8,4,0,12,4,14,9,4,31,10,10,20,51
05/14/2013,LWB,WV,AEA,EN,Federal Contract Tower,6,4,13,0,23,0,0,13,0,13,6,4,26,0,36,10,0,10,46
05/15/2013,LWB,WV,AEA,EN,Federal Contract Tower,5,8,12,7,32,0,0,25,6,31,5,8,37,13,63,18,20,38,101
05/16/2013,LWB,WV,AEA,EN,Federal Contract Tower,11,8,15,1,35,0,19,11,0,30,11,27,26,1,65,0,8,8,73
05/17/2013,LWB,WV,AEA,EN,Federal Contract Tower,9,5,22,0,36,0,5,3,2,10,9,10,25,2,46,0,18,18,64
05/18/2013,LWB,WV,AEA,EN,Federal Contract Tower,6,13,7,0,26,0,6,0,0,6,6,19,7,0,32,0,0,0,32
05/19/2013,LWB,WV,AEA,EN,Federal Contract Tower,4,20,42,0,66,0,0,4,0,4,4,20,46,0,70,0,0,0,70
05/20/2013,LWB,WV,AEA,EN,Federal Contract Tower,6,3,11,0,20,0,0,4,0,4,6,3,15,0,24,12,0,12,36
05/21/2013,LWB,WV,AEA,EN,Federal Contract Tower,6,8,16,0,30,0,17,14,0,31,6,25,30,0,61,0,0,0,61
05/22/2013,LWB,WV,AEA,EN,Federal Contract Tower,7,6,16,0,29,0,0,2,0,2,7,6,18,0,31,0,0,0,31
05/23/2013,LWB,WV,AEA,EN,Federal Contract Tower,10,16,19,0,45,2,0,1,0,3,12,16,20,0,48,0,0,0,48
05/24/2013,LWB,WV,AEA,EN,Federal Contract Tower,7,17,43,0,67,0,2,3,10,15,7,19,46,10,82,0,0,0,82
05/25/2013,LWB,WV,AEA,EN,Federal Contract Tower,8,13,11,0,32,0,8,23,0,31,8,21,34,0,63,0,0,0,63
05/26/2013,LWB,WV,AEA,EN,Federal Contract Tower,4,22,33,0,59,0,0,25,8,33,4,22,58,8,92,24,22,46,138
05/27/2013,LWB,WV,AEA,EN,Federal Contract Tower,6,10,20,0,36,0,0,30,0,30,6,10,50,0,66,40,0,40,106
05/28/2013,LWB,WV,AEA,EN,Federal Contract Tower,6,12,21,0,39,0,0,27,0,27,6,12,48,0,66,20,0,20,86
05/29/2013,LWB,WV,AEA,EN,Federal Contract Tower,6,4,21,0,31,0,0,15,0,15,6,4,36,0,46,48,0,48,94
05/30/2013,LWB,WV,AEA,EN,Federal Contract Tower,10,2,15,0,27,0,0,31,0,31,10,2,46,0,58,10,0,10,68
05/31/2013,LWB,WV,AEA,EN,Federal Contract Tower,6,10,21,0,37,0,8,19,0,27,6,18,40,0,64,28,0,28,92
06/01/2013,LWB,WV,AEA,EN,Federal Contract Tower,6,6,12,4,28,2,4,7,14,27,8,10,19,18,55,0,0,0,55
06/02/2013,LWB,WV,AEA,EN,Federal Contract Tower,4,2,18,0,24,0,0,0,0,0,4,2,18,0,24,0,0,0,24
06/03/2013,LWB,WV,AEA,EN,Federal Contract Tower,7,1,13,0,21,0,0,8,0,8,7,1,21,0,29,22,0,22,51
06/04/2013,LWB,WV,AEA,EN,Federal Contract Tower,10,8,36,0,54,0,8,34,0,42,10,16,70,0,96,36,0,36,132
06/05/2013,LWB,WV,AEA,EN,Federal Contract Tower,5,12,15,0,32,0,4,2,0,6,5,16,17,0,38,0,0,0,38
06/06/2013,LWB,WV,AEA,EN,Federal Contract Tower,11,21,24,0,56,0,0,1,0,1,11,21,25,0,57,0,0,0,57
06/07/2013,LWB,WV,AEA,EN,Federal Contract Tower,3,14,24,0,41,0,0,0,0,0,3,14,24,0,41,0,0,0,41
06/08/2013,LWB,WV,AEA,EN,Federal Contract Tower,5,10,20,0,35,0,0,4,4,8,5,10,24,4,43,14,0,14,57
06/09/2013,LWB,WV,AEA,EN,Federal Contract Tower,4,17,20,0,41,0,0,8,4,12,4,17,28,4,53,30,0,30,83
06/10/2013,LWB,WV,AEA,EN,Federal Contract Tower,5,13,23,0,41,0,0,19,0,19,5,13,42,0,60,0,0,0,60
06/11/2013,LWB,WV,AEA,EN,Federal Contract Tower,8,1,20,0,29,0,0,18,0,18,8,1,38,0,47,0,0,0,47
06/12/2013,LWB,WV,AEA,EN,Federal Contract Tower,7,6,35,0,48,0,0,15,0,15,7,6,50,0,63,30,0,30,93
06/13/2013,LWB,WV,AEA,EN,Federal Contract Tower,6,2,35,0,43,0,0,6,0,6,6,2,41,0,49,0,0,0,49
06/14/2013,LWB,WV,AEA,EN,Federal Contract Tower,8,15,52,0,75,0,0,14,0,14,8,15,66,0,89,12,0,12,101
06/15/2013,LWB,WV,AEA,EN,Federal Contract Tower,8,8,30,0,46,0,2,50,51,103,8,10,80,51,149,0,20,20,169
06/16/2013,LWB,WV,AEA,EN,Federal Contract Tower,9,6,45,0,60,0,0,24,0,24,9,6,69,0,84,0,0,0,84
06/17/2013,LWB,WV,AEA,EN,Federal Contract Tower,4,9,19,0,32,0,0,5,0,5,4,9,24,0,37,0,0,0,37
06/18/2013,LWB,WV,AEA,EN,Federal Contract Tower,2,19,43,0,64,0,0,0,0,0,2,19,43,0,64,0,0,0,64
06/19/2013,LWB,WV,AEA,EN,Federal Contract Tower,12,8,27,0,47,0,0,15,0,15,12,8,42,0,62,4,0,4,66
06/20/2013,LWB,WV,AEA,EN,Federal Contract Tower,7,11,20,2,40,0,2,34,3,39,7,13,54,5,79,0,0,0,79
06/21/2013,LWB,WV,AEA,EN,Federal Contract Tower,4,6,50,0,60,0,12,24,2,38,4,18,74,2,98,20,0,20,118
06/22/2013,LWB,WV,AEA,EN,Federal Contract Tower,4,9,18,0,31,0,0,22,0,22,4,9,40,0,53,60,0,60,113
06/23/2013,LWB,WV,AEA,EN,Federal Contract Tower,5,20,31,2,58,0,8,20,4,32,5,28,51,6,90,0,0,0,90
06/24/2013,LWB,WV,AEA,EN,Federal Contract Tower,5,10,21,6,42,0,2,17,2,21,5,12,38,8,63,10,20,30,93
06/25/2013,LWB,WV,AEA,EN,Federal Contract Tower,3,12,17,0,32,0,0,0,0,0,3,12,17,0,32,2,0,2,34
06/26/2013,LWB,WV,AEA,EN,Federal Contract Tower,7,16,37,0,60,0,0,0,0,0,7,16,37,0,60,0,0,0,60
06/27/2013,LWB,WV,AEA,EN,Federal Contract Tower,7,1,20,0,28,0,0,0,0,0,7,1,20,0,28,0,0,0,28
06/28/2013,LWB,WV,AEA,EN,Federal Contract Tower,3,11,39,0,53,0,0,8,0,8,3,11,47,0,61,0,0,0,61
06/29/2013,LWB,WV,AEA,EN,Federal Contract Tower,6,2,29,0,37,0,0,10,0,10,6,2,39,0,47,0,0,0,47
06/30/2013,LWB,WV,AEA,EN,Federal Contract Tower,2,34,60,1,97,0,4,58,4,66,2,38,118,5,163,54,32,86,249
07/01/2013,LWB,WV,AEA,EN,Federal Contract Tower,8,30,36,0,74,0,6,16,0,22,8,36,52,0,96,0,0,0,96
07/02/2013,LWB,WV,AEA,EN,Federal Contract Tower,7,30,64,0,101,0,4,0,0,4,7,34,64,0,105,0,0,0,105
07/03/2013,LWB,WV,AEA,EN,Federal Contract Tower,6,16,39,0,61,0,2,0,0,2,6,18,39,0,63,0,0,0,63
07/04/2013,LWB,WV,AEA,EN,Federal Contract Tower,5,4,61,0,70,0,16,1,0,17,5,20,62,0,87,0,0,0,87
07/05/2013,LWB,WV,AEA,EN,Federal Contract Tower,6,12,44,0,62,0,36,21,0,57,6,48,65,0,119,14,0,14,133
07/06/2013,LWB,WV,AEA,EN,Federal Contract Tower,4,14,33,0,51,0,68,34,0,102,4,82,67,0,153,0,0,0,153
07/07/2013,LWB,WV,AEA,EN,Federal Contract Tower,4,108,123,2,237,0,3,18,0,21,4,111,141,2,258,0,0,0,258
07/08/2013,LWB,WV,AEA,EN,Federal Contract Tower,6,20,70,0,96,0,36,11,0,47,6,56,81,0,143,0,0,0,143
07/09/2013,LWB,WV,AEA,EN,Federal Contract Tower,6,10,11,0,27,0,0,26,0,26,6,10,37,0,53,0,0,0,53
07/10/2013,LWB,WV,AEA,EN,Federal Contract Tower,5,13,16,0,34,0,0,2,0,2,5,13,18,0,36,0,0,0,36
07/11/2013,LWB,WV,AEA,EN,Federal Contract Tower,6,9,34,0,49,0,0,3,0,3,6,9,37,0,52,0,0,0,52
07/12/2013,LWB,WV,AEA,EN,Federal Contract Tower,9,18,39,0,66,0,0,2,4,6,9,18,41,4,72,0,0,0,72
07/13/2013,LWB,WV,AEA,EN,Federal Contract Tower,4,10,22,0,36,0,0,2,8,10,4,10,24,8,46,0,0,0,46
07/14/2013,LWB,WV,AEA,EN,Federal Contract Tower,6,38,45,0,89,0,4,11,2,17,6,42,56,2,106,20,0,20,126
07/15/2013,LWB,WV,AEA,EN,Federal Contract Tower,6,13,34,0,53,0,0,73,5,78,6,13,107,5,131,8,0,8,139
07/16/2013,LWB,WV,AEA,EN,Federal Contract Tower,8,7,15,0,30,0,0,18,0,18,8,7,33,0,48,0,0,0,48
07/17/2013,LWB,WV,AEA,EN,Federal Contract Tower,6,23,28,0,57,0,5,9,10,24,6,28,37,10,81,10,0,10,91
07/18/2013,LWB,WV,AEA,EN,Federal Contract Tower,7,19,40,0,66,0,2,6,0,8,7,21,46,0,74,26,0,26,100
07/19/2013,LWB,WV,AEA,EN,Federal Contract Tower,5,1,24,2,32,0,0,14,2,16,5,1,38,4,48,0,16,16,64
07/20/2013,LWB,WV,AEA,EN,Federal Contract Tower,5,8,17,0,30,0,0,4,0,4,5,8,21,0,34,0,0,0,34
07/21/2013,LWB,WV,AEA,EN,Federal Contract Tower,4,11,40,0,55,0,0,3,2,5,4,11,43,2,60,20,0,20,80
07/22/2013,LWB,WV,AEA,EN,Federal Contract Tower,6,6,47,0,59,0,0,0,0,0,6,6,47,0,59,0,0,0,59
07/23/2013,LWB,WV,AEA,EN,Federal Contract Tower,5,19,56,0,80,0,0,10,5,15,5,19,66,5,95,12,0,12,107
07/24/2013,LWB,WV,AEA,EN,Federal Contract Tower,7,18,58,0,83,0,6,4,0,10,7,24,62,0,93,0,0,0,93
07/25/2013,LWB,WV,AEA,EN,Federal Contract Tower,6,23,48,2,79,0,2,36,0,38,6,25,84,2,117,0,0,0,117
07/26/2013,LWB,WV,AEA,EN,Federal Contract Tower,3,18,29,0,50,0,0,14,0,14,3,18,43,0,64,10,0,10,74
07/27/2013,LWB,WV,AEA,EN,Federal Contract Tower,4,6,10,0,20,0,1,2,0,3,4,7,12,0,23,0,0,0,23
07/28/2013,LWB,WV,AEA,EN,Federal Contract Tower,8,21,61,0,90,0,4,7,2,13,8,25,68,2,103,0,0,0,103
07/29/2013,LWB,WV,AEA,EN,Federal Contract Tower,7,4,18,2,31,0,4,6,4,14,7,8,24,6,45,2,0,2,47
07/30/2013,LWB,WV,AEA,EN,Federal Contract Tower,8,9,23,5,45,0,0,24,4,28,8,9,47,9,73,46,0,46,119
07/31/2013,LWB,WV,AEA,EN,Federal Contract Tower,6,6,14,0,26,0,0,1,0,1,6,6,15,0,27,0,0,0,27
08/01/2013,LWB,WV,AEA,EN,Federal Contract Tower,4,18,48,0,70,0,0,2,0,2,4,18,50,0,72,0,0,0,72
08/02/2013,LWB,WV,AEA,EN,Federal Contract Tower,6,4,28,0,38,0,12,13,0,25,6,16,41,0,63,0,0,0,63
08/03/2013,LWB,WV,AEA,EN,Federal Contract Tower,2,12,24,0,38,0,0,31,2,33,2,12,55,2,71,0,0,0,71
08/04/2013,LWB,WV,AEA,EN,Federal Contract Tower,6,14,32,0,52,0,5,14,0,19,6,19,46,0,71,10,0,10,81
08/05/2013,LWB,WV,AEA,EN,Federal Contract Tower,5,8,13,0,26,0,4,22,0,26,5,12,35,0,52,10,0,10,62
08/06/2013,LWB,WV,AEA,EN,Federal Contract Tower,8,18,8,4,38,0,6,25,0,31,8,24,33,4,69,0,0,0,69
08/07/2013,LWB,WV,AEA,EN,Federal Contract Tower,6,33,30,8,77,0,2,27,9,38,6,35,57,17,115,0,64,64,179
08/08/2013,LWB,WV,AEA,EN,Federal Contract Tower,9,9,40,0,58,0,3,1,0,4,9,12,41,0,62,0,0,0,62
08/09/2013,LWB,WV,AEA,EN,Federal Contract Tower,8,17,24,0,49,0,0,0,0,0,8,17,24,0,49,0,0,0,49
08/10/2013,LWB,WV,AEA,EN,Federal Contract Tower,5,7,19,0,31,0,6,4,0,10,5,13,23,0,41,10,0,10,51
08/11/2013,LWB,WV,AEA,EN,Federal Contract Tower,8,9,55,0,72,0,0,4,0,4,8,9,59,0,76,0,0,0,76
08/12/2013,LWB,WV,AEA,EN,Federal Contract Tower,8,18,30,3,59,0,0,28,2,30,8,18,58,5,89,24,28,52,141
08/13/2013,LWB,WV,AEA,EN,Federal Contract Tower,6,10,24,4,44,0,0,14,4,18,6,10,38,8,62,42,16,58,120
08/14/2013,LWB,WV,AEA,EN,Federal Contract Tower,8,14,26,4,52,0,0,11,6,17,8,14,37,10,69,0,22,22,91
08/15/2013,LWB,WV,AEA,EN,Federal Contract Tower,7,29,66,0,102,0,0,30,4,34,7,29,96,4,136,24,0,24,160
08/16/2013,LWB,WV,AEA,EN,Federal Contract Tower,4,19,27,0,50,0,2,77,5,84,4,21,104,5,134,24,0,24,158
08/17/2013,LWB,WV,AEA,EN,Federal Contract Tower,5,5,20,0,30,0,6,4,0,10,5,11,24,0,40,0,0,0,40
08/18/2013,LWB,WV,AEA,EN,Federal Contract Tower,6,6,48,0,60,0,0,0,0,0,6,6,48,0,60,0,0,0,60
08/19/2013,LWB,WV,AEA,EN,Federal Contract Tower,2,7,21,0,30,0,4,1,0,5,2,11,22,0,35,0,0,0,35
08/20/2013,LWB,WV,AEA,EN,Federal Contract Tower,4,6,21,0,31,0,8,7,4,19,4,14,28,4,50,30,0,30,80
08/21/2013,LWB,WV,AEA,EN,Federal Contract Tower,6,10,18,0,34,0,0,0,2,2,6,10,18,2,36,0,0,0,36
08/22/2013,LWB,WV,AEA,EN,Federal Contract Tower,4,21,22,3,50,0,5,4,15,24,4,26,26,18,74,26,0,26,100
08/23/2013,LWB,WV,AEA,EN,Federal Contract Tower,4,10,50,0,64,0,2,12,2,16,4,12,62,2,80,14,0,14,94
08/24/2013,LWB,WV,AEA,EN,Federal Contract Tower,4,3,17,0,24,0,4,48,0,52,4,7,65,0,76,40,0,40,116
08/25/2013,LWB,WV,AEA,EN,Federal Contract Tower,6,7,49,0,62,0,2,28,0,30,6,9,77,0,92,0,0,0,92
08/26/2013,LWB,WV,AEA,EN,Federal Contract Tower,4,25,13,0,42,0,0,30,0,30,4,25,43,0,72,66,0,66,138
08/27/2013,LWB,WV,AEA,EN,Federal Contract Tower,6,15,12,0,33,0,0,16,0,16,6,15,28,0,49,30,0,30,79
08/28/2013,LWB,WV,AEA,EN,Federal Contract Tower,7,14,24,0,45,0,0,0,0,0,7,14,24,0,45,0,0,0,45
08/29/2013,LWB,WV,AEA,EN,Federal Contract Tower,5,9,26,0,40,0,0,11,0,11,5,9,37,0,51,0,0,0,51
08/30/2013,LWB,WV,AEA,EN,Federal Contract Tower,7,27,45,0,79,0,6,20,0,26,7,33,65,0,105,20,0,20,125
08/31/2013,LWB,WV,AEA,EN,Federal Contract Tower,7,4,19,0,30,0,0,3,0,3,7,4,22,0,33,20,0,20,53
09/01/2013,LWB,WV,AEA,EN,Federal Contract Tower,7,5,8,0,20,0,0,0,0,0,7,5,8,0,20,0,0,0,20
09/02/2013,LWB,WV,AEA,EN,Federal Contract Tower,4,30,47,0,81,0,0,9,0,9,4,30,56,0,90,0,0,0,90
09/03/2013,LWB,WV,AEA,EN,Federal Contract Tower,6,0,29,0,35,0,4,147,2,153,6,4,176,2,188,22,0,22,210
09/04/2013,LWB,WV,AEA,EN,Federal Contract Tower,6,0,25,0,31,0,0,26,0,26,6,0,51,0,57,0,0,0,57
09/05/2013,LWB,WV,AEA,EN,Federal Contract Tower,6,6,23,0,35,0,6,16,1,23,6,12,39,1,58,20,0,20,78
09/06/2013,LWB,WV,AEA,EN,Federal Contract Tower,9,28,36,0,73,0,4,31,0,35,9,32,67,0,108,8,0,8,116
09/07/2013,LWB,WV,AEA,EN,Federal Contract Tower,8,12,37,0,57,0,4,18,0,22,8,16,55,0,79,30,0,30,109
09/08/2013,LWB,WV,AEA,EN,Federal Contract Tower,4,8,10,0,22,0,0,12,0,12,4,8,22,0,34,12,0,12,46
09/09/2013,LWB,WV,AEA,EN,Federal Contract Tower,4,13,14,4,35,0,0,7,0,7,4,13,21,4,42,10,0,10,52
09/10/2013,LWB,WV,AEA,EN,Federal Contract Tower,4,31,23,5,63,0,0,5,10,15,4,31,28,15,78,36,26,62,140
09/11/2013,LWB,WV,AEA,EN,Federal Contract Tower,6,13,4,0,23,0,0,4,4,8,6,13,8,4,31,0,0,0,31
09/12/2013,LWB,WV,AEA,EN,Federal Contract Tower,6,39,43,0,88,0,2,0,2,4,6,41,43,2,92,0,0,0,92
09/13/2013,LWB,WV,AEA,EN,Federal Contract Tower,8,9,22,2,41,0,6,23,12,41,8,15,45,14,82,10,0,10,92
09/14/2013,LWB,WV,AEA,EN,Federal Contract Tower,8,10,14,0,32,0,0,9,0,9,8,10,23,0,41,10,0,10,51
09/15/2013,LWB,WV,AEA,EN,Federal Contract Tower,6,10,40,0,56,0,4,21,0,25,6,14,61,0,81,10,0,10,91
09/16/2013,LWB,WV,AEA,EN,Federal Contract Tower,6,6,17,0,29,0,2,5,0,7,6,8,22,0,36,14,0,14,50
09/17/2013,LWB,WV,AEA,EN,Federal Contract Tower,7,3,17,2,29,0,0,15,4,19,7,3,32,6,48,34,0,34,82
09/18/2013,LWB,WV,AEA,EN,Federal Contract Tower,6,7,16,0,29,0,0,4,0,4,6,7,20,0,33,0,0,0,33
09/19/2013,LWB,WV,AEA,EN,Federal Contract Tower,7,39,10,6,62,0,0,4,0,4,7,39,14,6,66,22,0,22,88
09/20/2013,LWB,WV,AEA,EN,Federal Contract Tower,6,27,18,0,51,0,0,0,0,0,6,27,18,0,51,0,0,0,51
09/21/2013,LWB,WV,AEA,EN,Federal Contract Tower,8,11,14,0,33,0,0,0,0,0,8,11,14,0,33,0,0,0,33
09/22/2013,LWB,WV,AEA,EN,Federal Contract Tower,6,52,27,0,85,0,0,5,0,5,6,52,32,0,90,0,0,0,90
09/23/2013,LWB,WV,AEA,EN,Federal Contract Tower,8,15,23,0,46,0,7,9,0,16,8,22,32,0,62,0,0,0,62
09/24/2013,LWB,WV,AEA,EN,Federal Contract Tower,9,9,8,0,26,0,4,10,0,14,9,13,18,0,40,48,0,48,88
09/25/2013,LWB,WV,AEA,EN,Federal Contract Tower,8,17,31,0,56,0,0,1,0,1,8,17,32,0,57,0,0,0,57
09/26/2013,LWB,WV,AEA,EN,Federal Contract Tower,6,30,95,4,135,0,2,0,4,6,6,32,95,8,141,0,0,0,141
09/27/2013,LWB,WV,AEA,EN,Federal Contract Tower,8,15,46,2,71,0,8,25,2,35,8,23,71,4,106,0,0,0,106
09/28/2013,LWB,WV,AEA,EN,Federal Contract Tower,6,6,61,0,73,0,0,21,0,21,6,6,82,0,94,18,0,18,112
09/29/2013,LWB,WV,AEA,EN,Federal Contract Tower,6,25,62,0,93,0,2,27,0,29,6,27,89,0,122,32,0,32,154
09/30/2013,LWB,WV,AEA,EN,Federal Contract Tower,6,14,23,0,43,0,2,31,0,33,6,16,54,0,76,20,0,20,96
10/01/2013,LWB,WV,AEA,EN,Federal Contract Tower,4,4,20,0,28,0,0,3,0,3,4,4,23,0,31,0,0,0,31
10/02/2013,LWB,WV,AEA,EN,Federal Contract Tower,7,29,31,0,67,0,0,38,0,38,7,29,69,0,105,0,0,0,105
10/03/2013,LWB,WV,AEA,EN,Federal Contract Tower,6,11,32,3,52,0,6,4,0,10,6,17,36,3,62,0,0,0,62
10/04/2013,LWB,WV,AEA,EN,Federal Contract Tower,6,12,32,0,50,0,0,14,0,14,6,12,46,0,64,0,0,0,64
10/05/2013,LWB,WV,AEA,EN,Federal Contract Tower,6,9,33,0,48,0,0,7,0,7,6,9,40,0,55,22,0,22,77
10/06/2013,LWB,WV,AEA,EN,Federal Contract Tower,7,27,40,0,74,0,22,19,0,41,7,49,59,0,115,30,0,30,145
10/07/2013,LWB,WV,AEA,EN,Federal Contract Tower,4,18,26,0,48,0,4,17,0,21,4,22,43,0,69,32,0,32,101
10/08/2013,LWB,WV,AEA,EN,Federal Contract Tower,6,27,43,0,76,0,2,18,0,20,6,29,61,0,96,38,0,38,134
10/09/2013,LWB,WV,AEA,EN,Federal Contract Tower,8,6,26,0,40,0,0,7,0,7,8,6,33,0,47,20,0,20,67
10/10/2013,LWB,WV,AEA,EN,Federal Contract Tower,15,14,42,0,71,0,0,0,0,0,15,14,42,0,71,0,0,0,71
10/11/2013,LWB,WV,AEA,EN,Federal Contract Tower,10,19,45,0,74,0,0,2,0,2,10,19,47,0,76,0,0,0,76
10/12/2013,LWB,WV,AEA,EN,Federal Contract Tower,7,8,14,0,29,0,0,0,0,0,7,8,14,0,29,0,0,0,29
10/13/2013,LWB,WV,AEA,EN,Federal Contract Tower,10,18,42,0,70,0,0,0,0,0,10,18,42,0,70,0,0,0,70
10/14/2013,LWB,WV,AEA,EN,Federal Contract Tower,5,15,31,0,51,0,1,25,0,26,5,16,56,0,77,0,0,0,77
10/15/2013,LWB,WV,AEA,EN,Federal Contract Tower,4,9,26,0,39,0,0,12,0,12,4,9,38,0,51,0,0,0,51
10/16/2013,LWB,WV,AEA,EN,Federal Contract Tower,7,12,17,0,36,0,6,0,0,6,7,18,17,0,42,0,0,0,42
10/17/2013,LWB,WV,AEA,EN,Federal Contract Tower,4,3,30,0,37,0,4,4,0,8,4,7,34,0,45,0,0,0,45
10/18/2013,LWB,WV,AEA,EN,Federal Contract Tower,6,6,36,0,48,0,3,38,0,41,6,9,74,0,89,12,0,12,101
10/19/2013,LWB,WV,AEA,EN,Federal Contract Tower,6,9,27,0,42,0,4,6,0,10,6,13,33,0,52,10,0,10,62
10/20/2013,LWB,WV,AEA,EN,Federal Contract Tower,6,16,33,0,55,0,0,30,0,30,6,16,63,0,85,10,0,10,95
10/21/2013,LWB,WV,AEA,EN,Federal Contract Tower,6,5,6,0,17,0,0,11,0,11,6,5,17,0,28,12,0,12,40
10/22/2013,LWB,WV,AEA,EN,Federal Contract Tower,6,5,13,0,24,0,0,2,0,2,6,5,15,0,26,0,0,0,26
10/23/2013,LWB,WV,AEA,EN,Federal Contract Tower,5,9,18,0,32,0,0,4,0,4,5,9,22,0,36,0,0,0,36
10/24/2013,LWB,WV,AEA,EN,Federal Contract Tower,6,8,6,0,20,0,0,0,0,0,6,8,6,0,20,0,0,0,20
10/25/2013,LWB,WV,AEA,EN,Federal Contract Tower,4,8,20,2,34,0,0,4,1,5,4,8,24,3,39,0,10,10,49
10/26/2013,LWB,WV,AEA,EN,Federal Contract Tower,4,2,13,2,21,0,0,21,5,26,4,2,34,7,47,26,8,34,81
10/27/2013,LWB,WV,AEA,EN,Federal Contract Tower,8,8,29,0,45,0,0,19,0,19,8,8,48,0,64,38,0,38,102
10/28/2013,LWB,WV,AEA,EN,Federal Contract Tower,5,3,8,0,16,0,0,20,0,20,5,3,28,0,36,22,0,22,58
10/29/2013,LWB,WV,AEA,EN,Federal Contract Tower,5,2,21,0,28,0,0,4,0,4,5,2,25,0,32,24,0,24,56
10/30/2013,LWB,WV,AEA,EN,Federal Contract Tower,5,3,12,0,20,0,0,3,0,3,5,3,15,0,23,0,0,0,23
10/31/2013,LWB,WV,AEA,EN,Federal Contract Tower,5,2,12,0,19,0,0,1,0,1,5,2,13,0,20,0,0,0,20
11/01/2013,LWB,WV,AEA,EN,Federal Contract Tower,4,0,5,0,9,0,4,13,0,17,4,4,18,0,26,0,0,0,26
11/02/2013,LWB,WV,AEA,EN,Federal Contract Tower,4,0,13,0,17,0,0,5,0,5,4,0,18,0,22,0,0,0,22
11/03/2013,LWB,WV,AEA,EN,Federal Contract Tower,6,7,14,0,27,0,0,12,0,12,6,7,26,0,39,10,0,10,49
11/04/2013,LWB,WV,AEA,EN,Federal Contract Tower,6,3,9,0,18,0,0,9,0,9,6,3,18,0,27,0,0,0,27
11/05/2013,LWB,WV,AEA,EN,Federal Contract Tower,5,9,7,0,21,0,0,10,0,10,5,9,17,0,31,12,0,12,43
11/06/2013,LWB,WV,AEA,EN,Federal Contract Tower,6,6,1,6,19,0,0,9,0,9,6,6,10,6,28,0,0,0,28
11/07/2013,LWB,WV,AEA,EN,Federal Contract Tower,10,5,12,1,28,0,0,0,0,0,10,5,12,1,28,0,0,0,28
11/08/2013,LWB,WV,AEA,EN,Federal Contract Tower,7,0,25,0,32,0,0,2,0,2,7,0,27,0,34,0,0,0,34
11/09/2013,LWB,WV,AEA,EN,Federal Contract Tower,4,0,27,0,31,0,2,56,0,58,4,2,83,0,89,32,0,32,121
11/10/2013,LWB,WV,AEA,EN,Federal Contract Tower,4,0,24,2,30,0,0,1,0,1,4,0,25,2,31,0,0,0,31
11/11/2013,LWB,WV,AEA,EN,Federal Contract Tower,4,10,8,0,22,0,0,10,0,10,4,10,18,0,32,18,0,18,50
11/12/2013,LWB,WV,AEA,EN,Federal Contract Tower,4,0,2,0,6,0,6,0,0,6,4,6,2,0,12,0,0,0,12
11/13/2013,LWB,WV,AEA,EN,Federal Contract Tower,6,1,4,0,11,0,2,2,0,4,6,3,6,0,15,0,0,0,15
11/14/2013,LWB,WV,AEA,EN,Federal Contract Tower,5,2,12,0,19,0,2,21,0,23,5,4,33,0,42,20,0,20,62
11/15/2013,LWB,WV,AEA,EN,Federal Contract Tower,5,1,14,0,20,0,4,11,0,15,5,5,25,0,35,0,0,0,35
11/16/2013,LWB,WV,AEA,EN,Federal Contract Tower,5,0,7,0,12,0,4,2,0,6,5,4,9,0,18,0,0,0,18
11/17/2013,LWB,WV,AEA,EN,Federal Contract Tower,4,7,17,1,29,0,0,0,0,0,4,7,17,1,29,0,0,0,29
11/18/2013,LWB,WV,AEA,EN,Federal Contract Tower,4,1,11,0,16,0,0,9,0,9,4,1,20,0,25,0,0,0,25
11/19/2013,LWB,WV,AEA,EN,Federal Contract Tower,4,0,7,0,11,0,4,6,2,12,4,4,13,2,23,0,0,0,23
11/20/2013,LWB,WV,AEA,EN,Federal Contract Tower,4,0,12,0,16,0,3,8,0,11,4,3,20,0,27,0,0,0,27
11/21/2013,LWB,WV,AEA,EN,Federal Contract Tower,4,3,11,0,18,1,0,18,0,19,5,3,29,0,37,10,0,10,47
11/22/2013,LWB,WV,AEA,EN,Federal Contract Tower,8,7,20,0,35,0,0,0,0,0,8,7,20,0,35,0,0,0,35
11/23/2013,LWB,WV,AEA,EN,Federal Contract Tower,6,7,8,0,21,0,0,2,0,2,6,7,10,0,23,0,0,0,23
11/24/2013,LWB,WV,AEA,EN,Federal Contract Tower,7,6,9,0,22,0,0,0,0,0,7,6,9,0,22,0,0,0,22
11/25/2013,LWB,WV,AEA,EN,Federal Contract Tower,6,8,6,0,20,0,4,8,0,12,6,12,14,0,32,0,0,0,32
11/26/2013,LWB,WV,AEA,EN,Federal Contract Tower,6,15,26,0,47,0,0,0,0,0,6,15,26,0,47,0,0,0,47
11/27/2013,LWB,WV,AEA,EN,Federal Contract Tower,4,20,24,1,49,0,0,0,0,0,4,20,24,1,49,0,0,0,49
11/28/2013,LWB,WV,AEA,EN,Federal Contract Tower,4,7,15,0,26,0,0,6,0,6,4,7,21,0,32,0,0,0,32
11/29/2013,LWB,WV,AEA,EN,Federal Contract Tower,4,10,8,0,22,0,0,23,0,23,4,10,31,0,45,44,0,44,89
11/30/2013,LWB,WV,AEA,EN,Federal Contract Tower,4,8,35,0,47,0,0,5,0,5,4,8,40,0,52,0,0,0,52
12/01/2013,LWB,WV,AEA,EN,Federal Contract Tower,6,16,42,0,64,0,1,61,0,62,6,17,103,0,126,6,0,6,132
12/02/2013,LWB,WV,AEA,EN,Federal Contract Tower,6,5,2,0,13,0,4,10,0,14,6,9,12,0,27,0,0,0,27
12/03/2013,LWB,WV,AEA,EN,Federal Contract Tower,5,0,4,0,9,0,2,0,0,2,5,2,4,0,11,0,0,0,11
12/04/2013,LWB,WV,AEA,EN,Federal Contract Tower,7,0,14,0,21,0,0,9,4,13,7,0,23,4,34,0,0,0,34
12/05/2013,LWB,WV,AEA,EN,Federal Contract Tower,5,0,9,0,14,0,0,14,0,14,5,0,23,0,28,0,0,0,28
12/06/2013,LWB,WV,AEA,EN,Federal Contract Tower,6,6,20,0,32,0,0,0,0,0,6,6,20,0,32,0,0,0,32
12/07/2013,LWB,WV,AEA,EN,Federal Contract Tower,4,0,7,0,11,0,0,9,0,9,4,0,16,0,20,36,0,36,56
12/08/2013,LWB,WV,AEA,EN,Federal Contract Tower,0,0,2,0,2,0,0,0,0,0,0,0,2,0,2,0,0,0,2
12/09/2013,LWB,WV,AEA,EN,Federal Contract Tower,5,1,10,0,16,0,0,0,0,0,5,1,10,0,16,0,0,0,16
12/10/2013,LWB,WV,AEA,EN,Federal Contract Tower,6,0,5,0,11,0,0,0,0,0,6,0,5,0,11,0,0,0,11
12/11/2013,LWB,WV,AEA,EN,Federal Contract Tower,7,0,10,0,17,0,0,9,0,9,7,0,19,0,26,0,0,0,26
12/12/2013,LWB,WV,AEA,EN,Federal Contract Tower,7,3,21,0,31,0,0,2,0,2,7,3,23,0,33,0,0,0,33
12/13/2013,LWB,WV,AEA,EN,Federal Contract Tower,11,6,11,0,28,0,0,7,0,7,11,6,18,0,35,0,0,0,35
12/14/2013,LWB,WV,AEA,EN,Federal Contract Tower,0,2,3,0,5,0,0,0,0,0,0,2,3,0,5,0,0,0,5
12/15/2013,LWB,WV,AEA,EN,Federal Contract Tower,2,8,11,0,21,0,0,0,0,0,2,8,11,0,21,0,0,0,21
12/16/2013,LWB,WV,AEA,EN,Federal Contract Tower,6,11,18,0,35,0,0,0,0,0,6,11,18,0,35,0,0,0,35
12/17/2013,LWB,WV,AEA,EN,Federal Contract Tower,6,4,8,0,18,0,0,3,0,3,6,4,11,0,21,0,0,0,21
12/18/2013,LWB,WV,AEA,EN,Federal Contract Tower,6,8,17,0,31,0,0,6,0,6,6,8,23,0,37,0,0,0,37
12/19/2013,LWB,WV,AEA,EN,Federal Contract Tower,0,3,2,4,9,0,10,24,0,34,0,13,26,4,43,24,0,24,67
12/20/2013,LWB,WV,AEA,EN,Federal Contract Tower,6,12,19,0,37,0,0,18,0,18,6,12,37,0,55,18,0,18,73
12/21/2013,LWB,WV,AEA,EN,Federal Contract Tower,2,2,15,0,19,0,0,9,0,9,2,2,24,0,28,16,0,16,44
12/22/2013,LWB,WV,AEA,EN,Federal Contract Tower,6,6,22,0,34,0,0,0,0,0,6,6,22,0,34,0,0,0,34
12/23/2013,LWB,WV,AEA,EN,Federal Contract Tower,8,12,15,0,35,0,0,1,0,1,8,12,16,0,36,0,0,0,36
12/24/2013,LWB,WV,AEA,EN,Federal Contract Tower,5,4,11,0,20,0,0,0,0,0,5,4,11,0,20,0,0,0,20
12/25/2013,LWB,WV,AEA,EN,Federal Contract Tower,4,3,4,0,11,0,2,7,0,9,4,5,11,0,20,0,0,0,20
12/26/2013,LWB,WV,AEA,EN,Federal Contract Tower,6,7,19,0,32,0,0,0,0,0,6,7,19,0,32,0,0,0,32
12/27/2013,LWB,WV,AEA,EN,Federal Contract Tower,8,7,30,2,47,0,7,84,0,91,8,14,114,2,138,6,0,6,144
12/28/2013,LWB,WV,AEA,EN,Federal Contract Tower,5,2,16,0,23,0,0,57,0,57,5,2,73,0,80,72,0,72,152
12/29/2013,LWB,WV,AEA,EN,Federal Contract Tower,3,4,6,0,13,1,0,0,0,1,4,4,6,0,14,0,0,0,14
12/30/2013,LWB,WV,AEA,EN,Federal Contract Tower,5,3,28,0,36,0,0,14,0,14,5,3,42,0,50,0,0,0,50
12/31/2013,LWB,WV,AEA,EN,Federal Contract Tower,4,14,27,0,45,0,4,11,0,15,4,18,38,0,60,0,0,0,60
01/01/2014,LWB,WV,AEA,EN,Federal Contract Tower,6,6,8,0,20,0,2,19,0,21,6,8,27,0,41,0,0,0,41
01/02/2014,LWB,WV,AEA,EN,Federal Contract Tower,2,2,0,0,4,0,0,0,0,0,2,2,0,0,4,0,0,0,4
01/03/2014,LWB,WV,AEA,EN,Federal Contract Tower,6,0,11,0,17,0,0,1,0,1,6,0,12,0,18,0,0,0,18
01/04/2014,LWB,WV,AEA,EN,Federal Contract Tower,0,0,21,0,21,0,4,22,0,26,0,4,43,0,47,0,0,0,47
01/05/2014,LWB,WV,AEA,EN,Federal Contract Tower,2,1,17,0,20,0,0,0,0,0,2,1,17,0,20,0,0,0,20
01/06/2014,LWB,WV,AEA,EN,Federal Contract Tower,0,2,0,0,2,0,0,0,0,0,0,2,0,0,2,0,0,0,2
01/07/2014,LWB,WV,AEA,EN,Federal Contract Tower,5,3,1,0,9,0,0,2,0,2,5,3,3,0,11,0,0,0,11
01/08/2014,LWB,WV,AEA,EN,Federal Contract Tower,5,1,13,12,31,0,0,11,12,23,5,1,24,24,54,0,10,10,64
01/09/2014,LWB,WV,AEA,EN,Federal Contract Tower,4,2,11,0,17,0,6,22,0,28,4,8,33,0,45,34,0,34,79
01/10/2014,LWB,WV,AEA,EN,Federal Contract Tower,0,6,2,0,8,0,0,0,0,0,0,6,2,0,8,0,0,0,8
01/11/2014,LWB,WV,AEA,EN,Federal Contract Tower,0,2,2,0,4,0,0,0,0,0,0,2,2,0,4,0,0,0,4
01/12/2014,LWB,WV,AEA,EN,Federal Contract Tower,3,0,16,0,19,0,0,37,10,47,3,0,53,10,66,48,0,48,114
01/13/2014,LWB,WV,AEA,EN,Federal Contract Tower,6,1,3,0,10,0,0,7,0,7,6,1,10,0,17,0,0,0,17
01/14/2014,LWB,WV,AEA,EN,Federal Contract Tower,2,0,8,0,10,0,0,0,0,0,2,0,8,0,10,0,0,0,10
01/15/2014,LWB,WV,AEA,EN,Federal Contract Tower,8,0,8,0,16,0,0,0,2,2,8,0,8,2,18,0,0,0,18
01/16/2014,LWB,WV,AEA,EN,Federal Contract Tower,7,2,15,8,32,0,1,16,6,23,7,3,31,14,55,16,4,20,75
01/17/2014,LWB,WV,AEA,EN,Federal Contract Tower,8,10,11,0,29,0,0,7,0,7,8,10,18,0,36,0,0,0,36
01/18/2014,LWB,WV,AEA,EN,Federal Contract Tower,2,7,6,0,15,0,0,3,0,3,2,7,9,0,18,10,0,10,28
01/19/2014,LWB,WV,AEA,EN,Federal Contract Tower,2,11,4,0,17,0,4,2,0,6,2,15,6,0,23,0,0,0,23
01/20/2014,LWB,WV,AEA,EN,Federal Contract Tower,6,5,11,0,22,0,2,8,0,10,6,7,19,0,32,28,0,28,60
01/21/2014,LWB,WV,AEA,EN,Federal Contract Tower,0,1,0,0,1,0,0,0,0,0,0,1,0,0,1,0,0,0,1
01/22/2014,LWB,WV,AEA,EN,Federal Contract Tower,0,2,0,0,2,0,0,2,0,2,0,2,2,0,4,0,0,0,4
01/23/2014,LWB,WV,AEA,EN,Federal Contract Tower,0,0,6,0,6,0,0,0,4,4,0,0,6,4,10,0,0,0,10
01/24/2014,LWB,WV,AEA,EN,Federal Contract Tower,6,0,8,0,14,0,0,4,0,4,6,0,12,0,18,0,0,0,18
01/25/2014,LWB,WV,AEA,EN,Federal Contract Tower,0,0,7,0,7,0,0,2,0,2,0,0,9,0,9,0,0,0,9
01/26/2014,LWB,WV,AEA,EN,Federal Contract Tower,2,0,6,0,8,0,2,3,0,5,2,2,9,0,13,0,0,0,13
01/27/2014,LWB,WV,AEA,EN,Federal Contract Tower,6,0,6,0,12,0,0,8,0,8,6,0,14,0,20,0,0,0,20
01/28/2014,LWB,WV,AEA,EN,Federal Contract Tower,8,2,4,0,14,0,0,2,0,2,8,2,6,0,16,0,0,0,16
01/29/2014,LWB,WV,AEA,EN,Federal Contract Tower,0,8,2,1,11,0,4,8,2,14,0,12,10,3,25,22,16,38,63
01/30/2014,LWB,WV,AEA,EN,Federal Contract Tower,4,1,4,0,9,0,0,23,12,35,4,1,27,12,44,18,12,30,74
01/31/2014,LWB,WV,AEA,EN,Federal Contract Tower,4,5,13,0,22,0,2,22,6,30,4,7,35,6,52,52,0,52,104
02/01/2014,LWB,WV,AEA,EN,Federal Contract Tower,2,0,3,0,5,0,0,30,0,30,2,0,33,0,35,26,0,26,61
02/02/2014,LWB,WV,AEA,EN,Federal Contract Tower,2,0,12,0,14,0,0,3,0,3,2,0,15,0,17,0,0,0,17
02/03/2014,LWB,WV,AEA,EN,Federal Contract Tower,3,0,4,0,7,0,0,0,0,0,3,0,4,0,7,0,0,0,7
02/04/2014,LWB,WV,AEA,EN,Federal Contract Tower,3,2,5,0,10,0,0,0,0,0,3,2,5,0,10,0,0,0,10
02/05/2014,LWB,WV,AEA,EN,Federal Contract Tower,4,1,4,3,12,0,0,0,0,0,4,1,4,3,12,0,0,0,12
02/06/2014,LWB,WV,AEA,EN,Federal Contract Tower,5,5,5,0,15,0,0,2,0,2,5,5,7,0,17,0,0,0,17
02/07/2014,LWB,WV,AEA,EN,Federal Contract Tower,8,0,2,1,11,0,8,5,0,13,8,8,7,1,24,0,0,0,24
02/08/2014,LWB,WV,AEA,EN,Federal Contract Tower,3,0,6,0,9,0,0,0,0,0,3,0,6,0,9,0,0,0,9
02/09/2014,LWB,WV,AEA,EN,Federal Contract Tower,4,4,7,0,15,0,0,0,0,0,4,4,7,0,15,0,0,0,15
02/10/2014,LWB,WV,AEA,EN,Federal Contract Tower,4,3,7,0,14,0,0,2,0,2,4,3,9,0,16,44,0,44,60
02/11/2014,LWB,WV,AEA,EN,Federal Contract Tower,6,3,4,10,23,0,0,9,3,12,6,3,13,13,35,0,8,8,43
02/12/2014,LWB,WV,AEA,EN,Federal Contract Tower,8,3,5,0,16,0,0,6,0,6,8,3,11,0,22,0,0,0,22
02/13/2014,LWB,WV,AEA,EN,Federal Contract Tower,0,0,0,0,0,0,0,0,0,0,0,0,0,0,0,0,0,0,0
02/14/2014,LWB,WV,AEA,EN,Federal Contract Tower,0,3,21,0,24,0,0,7,0,7,0,3,28,0,31,10,0,10,41
02/15/2014,LWB,WV,AEA,EN,Federal Contract Tower,1,12,8,0,21,0,0,4,0,4,1,12,12,0,25,0,0,0,25
02/16/2014,LWB,WV,AEA,EN,Federal Contract Tower,3,8,15,0,26,0,0,6,0,6,3,8,21,0,32,0,0,0,32
02/17/2014,LWB,WV,AEA,EN,Federal Contract Tower,4,11,17,0,32,0,4,8,0,12,4,15,25,0,44,20,0,20,64
02/18/2014,LWB,WV,AEA,EN,Federal Contract Tower,2,7,4,0,13,0,0,6,0,6,2,7,10,0,19,0,0,0,19
02/19/2014,LWB,WV,AEA,EN,Federal Contract Tower,4,0,7,0,11,0,0,23,0,23,4,0,30,0,34,16,0,16,50
02/20/2014,LWB,WV,AEA,EN,Federal Contract Tower,6,0,16,0,22,0,0,2,4,6,6,0,18,4,28,0,0,0,28
02/21/2014,LWB,WV,AEA,EN,Federal Contract Tower,4,0,0,2,6,0,0,2,2,4,4,0,2,4,10,14,0,14,24
02/22/2014,LWB,WV,AEA,EN,Federal Contract Tower,3,2,0,0,5,0,1,15,0,16,3,3,15,0,21,14,0,14,35
02/23/2014,LWB,WV,AEA,EN,Federal Contract Tower,2,0,17,0,19,0,1,9,2,12,2,1,26,2,31,0,0,0,31
02/24/2014,LWB,WV,AEA,EN,Federal Contract Tower,6,2,6,0,14,0,0,4,0,4,6,2,10,0,18,0,0,0,18
02/25/2014,LWB,WV,AEA,EN,Federal Contract Tower,4,2,11,0,17,0,0,6,0,6,4,2,17,0,23,0,0,0,23
02/26/2014,LWB,WV,AEA,EN,Federal Contract Tower,6,0,1,0,7,0,0,23,0,23,6,0,24,0,30,14,0,14,44
02/27/2014,LWB,WV,AEA,EN,Federal Contract Tower,5,0,6,4,15,0,4,0,6,10,5,4,6,10,25,0,6,6,31
02/28/2014,LWB,WV,AEA,EN,Federal Contract Tower,8,9,7,1,25,0,12,17,0,29,8,21,24,1,54,60,0,60,114
03/01/2014,LWB,WV,AEA,EN,Federal Contract Tower,2,6,4,3,15,0,0,4,0,4,2,6,8,3,19,10,0,10,29
03/02/2014,LWB,WV,AEA,EN,Federal Contract Tower,4,9,7,0,20,0,0,0,0,0,4,9,7,0,20,0,0,0,20
03/03/2014,LWB,WV,AEA,EN,Federal Contract Tower,0,4,1,0,5,0,0,0,0,0,0,4,1,0,5,0,0,0,5
03/04/2014,LWB,WV,AEA,EN,Federal Contract Tower,6,11,16,0,33,0,0,4,0,4,6,11,20,0,37,0,0,0,37
03/05/2014,LWB,WV,AEA,EN,Federal Contract Tower,5,4,12,0,21,0,0,45,0,45,5,4,57,0,66,0,0,0,66
03/06/2014,LWB,WV,AEA,EN,Federal Contract Tower,5,4,17,0,26,0,0,3,0,3,5,4,20,0,29,0,0,0,29
03/07/2014,LWB,WV,AEA,EN,Federal Contract Tower,8,9,29,0,46,0,2,9,0,11,8,11,38,0,57,44,0,44,101
03/08/2014,LWB,WV,AEA,EN,Federal Contract Tower,0,6,22,0,28,0,0,28,0,28,0,6,50,0,56,30,0,30,86
03/09/2014,LWB,WV,AEA,EN,Federal Contract Tower,3,17,11,0,31,0,1,4,0,5,3,18,15,0,36,0,0,0,36
03/10/2014,LWB,WV,AEA,EN,Federal Contract Tower,6,1,7,0,14,0,0,5,2,7,6,1,12,2,21,0,0,0,21
03/11/2014,LWB,WV,AEA,EN,Federal Contract Tower,4,0,11,0,15,0,2,31,0,33,4,2,42,0,48,0,0,0,48
03/12/2014,LWB,WV,AEA,EN,Federal Contract Tower,7,7,10,0,24,0,0,0,0,0,7,7,10,0,24,0,0,0,24
03/13/2014,LWB,WV,AEA,EN,Federal Contract Tower,0,5,6,0,11,0,4,8,0,12,0,9,14,0,23,12,0,12,35
03/14/2014,LWB,WV,AEA,EN,Federal Contract Tower,5,19,20,0,44,0,0,25,16,41,5,19,45,16,85,20,10,30,115
03/15/2014,LWB,WV,AEA,EN,Federal Contract Tower,4,17,11,0,32,0,2,0,0,2,4,19,11,0,34,0,0,0,34
03/16/2014,LWB,WV,AEA,EN,Federal Contract Tower,4,4,12,0,20,0,0,6,0,6,4,4,18,0,26,0,0,0,26
03/17/2014,LWB,WV,AEA,EN,Federal Contract Tower,6,0,1,0,7,2,0,0,0,2,8,0,1,0,9,0,0,0,9
03/18/2014,LWB,WV,AEA,EN,Federal Contract Tower,4,7,6,2,19,0,0,4,2,6,4,7,10,4,25,42,20,62,87
03/19/2014,LWB,WV,AEA,EN,Federal Contract Tower,4,5,12,1,22,0,10,3,1,14,4,15,15,2,36,0,0,0,36
03/20/2014,LWB,WV,AEA,EN,Federal Contract Tower,5,1,6,0,12,0,0,3,0,3,5,1,9,0,15,0,0,0,15
03/21/2014,LWB,WV,AEA,EN,Federal Contract Tower,5,0,16,0,21,0,0,13,0,13,5,0,29,0,34,24,0,24,58
03/22/2014,LWB,WV,AEA,EN,Federal Contract Tower,2,0,10,2,14,0,0,2,2,4,2,0,12,4,18,0,12,12,30
03/23/2014,LWB,WV,AEA,EN,Federal Contract Tower,2,0,13,0,15,0,0,1,0,1,2,0,14,0,16,0,0,0,16
03/24/2014,LWB,WV,AEA,EN,Federal Contract Tower,4,6,13,0,23,0,0,21,2,23,4,6,34,2,46,22,0,22,68
03/25/2014,LWB,WV,AEA,EN,Federal Contract Tower,4,0,3,0,7,0,0,0,0,0,4,0,3,0,7,0,0,0,7
03/26/2014,LWB,WV,AEA,EN,Federal Contract Tower,4,0,7,0,11,0,0,18,0,18,4,0,25,0,29,0,0,0,29
03/27/2014,LWB,WV,AEA,EN,Federal Contract Tower,11,2,8,0,21,0,0,16,0,16,11,2,24,0,37,40,0,40,77
03/28/2014,LWB,WV,AEA,EN,Federal Contract Tower,6,9,8,0,23,0,6,11,0,17,6,15,19,0,40,34,0,34,74
03/29/2014,LWB,WV,AEA,EN,Federal Contract Tower,2,0,2,0,4,0,0,24,0,24,2,0,26,0,28,28,0,28,56
03/30/2014,LWB,WV,AEA,EN,Federal Contract Tower,3,0,11,0,14,2,0,0,0,2,5,0,11,0,16,0,0,0,16
03/31/2014,LWB,WV,AEA,EN,Federal Contract Tower,5,6,11,0,22,0,2,16,0,18,5,8,27,0,40,0,0,0,40
04/01/2014,LWB,WV,AEA,EN,Federal Contract Tower,4,2,7,0,13,0,0,7,0,7,4,2,14,0,20,10,0,10,30
04/02/2014,LWB,WV,AEA,EN,Federal Contract Tower,5,5,7,0,17,0,1,12,6,19,5,6,19,6,36,10,0,10,46
04/03/2014,LWB,WV,AEA,EN,Federal Contract Tower,5,0,18,0,23,0,10,7,2,19,5,10,25,2,42,30,0,30,72
04/04/2014,LWB,WV,AEA,EN,Federal Contract Tower,8,6,8,0,22,0,0,14,0,14,8,6,22,0,36,12,0,12,48
04/05/2014,LWB,WV,AEA,EN,Federal Contract Tower,5,2,6,0,13,0,0,17,0,17,5,2,23,0,30,40,0,40,70
04/06/2014,LWB,WV,AEA,EN,Federal Contract Tower,3,7,12,0,22,0,0,30,0,30,3,7,42,0,52,0,0,0,52
04/07/2014,LWB,WV,AEA,EN,Federal Contract Tower,6,12,12,0,30,0,0,0,0,0,6,12,12,0,30,0,0,0,30
04/08/2014,LWB,WV,AEA,EN,Federal Contract Tower,9,5,9,0,23,0,4,6,0,10,9,9,15,0,33,12,0,12,45
04/09/2014,LWB,WV,AEA,EN,Federal Contract Tower,8,3,25,0,36,0,3,5,0,8,8,6,30,0,44,0,0,0,44
04/10/2014,LWB,WV,AEA,EN,Federal Contract Tower,5,11,20,0,36,0,4,2,0,6,5,15,22,0,42,0,0,0,42
04/11/2014,LWB,WV,AEA,EN,Federal Contract Tower,4,24,34,4,66,0,0,19,0,19,4,24,53,4,85,14,10,24,109
04/12/2014,LWB,WV,AEA,EN,Federal Contract Tower,2,6,25,0,33,0,0,21,0,21,2,6,46,0,54,28,0,28,82
04/13/2014,LWB,WV,AEA,EN,Federal Contract Tower,4,18,12,0,34,0,4,17,4,25,4,22,29,4,59,36,0,36,95
04/14/2014,LWB,WV,AEA,EN,Federal Contract Tower,6,9,21,0,36,0,4,4,0,8,6,13,25,0,44,0,0,0,44
04/15/2014,LWB,WV,AEA,EN,Federal Contract Tower,5,12,16,0,33,0,0,0,0,0,5,12,16,0,33,0,0,0,33
04/16/2014,LWB,WV,AEA,EN,Federal Contract Tower,4,1,25,0,30,0,4,11,0,15,4,5,36,0,45,10,0,10,55
04/17/2014,LWB,WV,AEA,EN,Federal Contract Tower,5,6,22,0,33,0,3,25,0,28,5,9,47,0,61,0,0,0,61
04/18/2014,LWB,WV,AEA,EN,Federal Contract Tower,6,7,23,0,36,0,9,15,0,24,6,16,38,0,60,0,0,0,60
04/19/2014,LWB,WV,AEA,EN,Federal Contract Tower,2,10,12,0,24,0,0,33,0,33,2,10,45,0,57,38,0,38,95
04/20/2014,LWB,WV,AEA,EN,Federal Contract Tower,2,21,23,0,46,0,4,26,0,30,2,25,49,0,76,22,0,22,98
04/21/2014,LWB,WV,AEA,EN,Federal Contract Tower,6,11,26,0,43,0,0,22,0,22,6,11,48,0,65,30,0,30,95
04/22/2014,LWB,WV,AEA,EN,Federal Contract Tower,8,8,20,0,36,0,0,7,0,7,8,8,27,0,43,0,0,0,43
04/23/2014,LWB,WV,AEA,EN,Federal Contract Tower,4,7,19,4,34,0,2,12,0,14,4,9,31,4,48,10,0,10,58
04/24/2014,LWB,WV,AEA,EN,Federal Contract Tower,6,2,11,0,19,0,0,0,0,0,6,2,11,0,19,26,0,26,45
04/25/2014,LWB,WV,AEA,EN,Federal Contract Tower,8,17,14,0,39,0,0,1,0,1,8,17,15,0,40,0,0,0,40
04/26/2014,LWB,WV,AEA,EN,Federal Contract Tower,4,3,16,0,23,0,4,10,0,14,4,7,26,0,37,18,0,18,55
04/27/2014,LWB,WV,AEA,EN,Federal Contract Tower,3,6,18,0,27,0,0,23,0,23,3,6,41,0,50,28,0,28,78
04/28/2014,LWB,WV,AEA,EN,Federal Contract Tower,6,17,17,0,40,0,0,0,2,2,6,17,17,2,42,0,0,0,42
04/29/2014,LWB,WV,AEA,EN,Federal Contract Tower,5,6,10,0,21,0,0,0,0,0,5,6,10,0,21,0,0,0,21
04/30/2014,LWB,WV,AEA,EN,Federal Contract Tower,5,11,9,0,25,0,0,0,0,0,5,11,9,0,25,0,0,0,25
05/01/2014,LWB,WV,AEA,EN,Federal Contract Tower,4,6,13,0,23,0,0,5,0,5,4,6,18,0,28,2,0,2,30
05/02/2014,LWB,WV,AEA,EN,Federal Contract Tower,6,10,18,2,36,0,0,13,3,16,6,10,31,5,52,10,0,10,62
05/03/2014,LWB,WV,AEA,EN,Federal Contract Tower,6,9,18,2,35,0,10,5,22,37,6,19,23,24,72,0,0,0,72
05/04/2014,LWB,WV,AEA,EN,Federal Contract Tower,6,11,29,2,48,0,8,11,0,19,6,19,40,2,67,0,22,22,89
05/05/2014,LWB,WV,AEA,EN,Federal Contract Tower,5,15,17,0,37,0,0,8,0,8,5,15,25,0,45,0,0,0,45
05/06/2014,LWB,WV,AEA,EN,Federal Contract Tower,8,18,22,0,48,0,0,29,0,29,8,18,51,0,77,18,0,18,95
05/07/2014,LWB,WV,AEA,EN,Federal Contract Tower,5,17,13,2,37,0,0,24,8,32,5,17,37,10,69,52,0,52,121
05/08/2014,LWB,WV,AEA,EN,Federal Contract Tower,12,19,36,0,67,0,2,34,0,36,12,21,70,0,103,0,0,0,103
05/09/2014,LWB,WV,AEA,EN,Federal Contract Tower,6,6,19,0,31,0,6,31,0,37,6,12,50,0,68,10,0,10,78
05/10/2014,LWB,WV,AEA,EN,Federal Contract Tower,6,0,12,0,18,0,0,2,0,2,6,0,14,0,20,0,0,0,20
05/11/2014,LWB,WV,AEA,EN,Federal Contract Tower,5,13,13,0,31,0,4,15,0,19,5,17,28,0,50,46,0,46,96
05/12/2014,LWB,WV,AEA,EN,Federal Contract Tower,7,7,16,1,31,0,0,23,2,25,7,7,39,3,56,18,0,18,74
05/13/2014,LWB,WV,AEA,EN,Federal Contract Tower,5,9,24,0,38,0,4,17,0,21,5,13,41,0,59,26,0,26,85
05/14/2014,LWB,WV,AEA,EN,Federal Contract Tower,5,11,29,0,45,0,0,7,0,7,5,11,36,0,52,10,0,10,62
05/15/2014,LWB,WV,AEA,EN,Federal Contract Tower,6,15,27,0,48,0,0,1,0,1,6,15,28,0,49,0,0,0,49
05/16/2014,LWB,WV,AEA,EN,Federal Contract Tower,6,5,43,0,54,0,0,5,0,5,6,5,48,0,59,10,0,10,69
05/17/2014,LWB,WV,AEA,EN,Federal Contract Tower,7,6,13,0,26,0,0,18,0,18,7,6,31,0,44,20,0,20,64
05/18/2014,LWB,WV,AEA,EN,Federal Contract Tower,5,14,21,0,40,0,6,18,0,24,5,20,39,0,64,0,0,0,64
05/19/2014,LWB,WV,AEA,EN,Federal Contract Tower,7,7,14,0,28,0,0,32,2,34,7,7,46,2,62,48,0,48,110
05/20/2014,LWB,WV,AEA,EN,Federal Contract Tower,7,10,30,0,47,0,0,17,5,22,7,10,47,5,69,16,10,26,95
05/21/2014,LWB,WV,AEA,EN,Federal Contract Tower,6,14,21,0,41,0,6,34,1,41,6,20,55,1,82,0,0,0,82
05/22/2014,LWB,WV,AEA,EN,Federal Contract Tower,4,10,21,0,35,0,24,35,0,59,4,34,56,0,94,0,0,0,94
05/23/2014,LWB,WV,AEA,EN,Federal Contract Tower,5,41,56,6,108,0,0,11,3,14,5,41,67,9,122,0,0,0,122
05/24/2014,LWB,WV,AEA,EN,Federal Contract Tower,4,9,21,0,34,0,0,14,0,14,4,9,35,0,48,10,0,10,58
05/25/2014,LWB,WV,AEA,EN,Federal Contract Tower,6,13,13,0,32,0,4,17,0,21,6,17,30,0,53,24,0,24,77
05/26/2014,LWB,WV,AEA,EN,Federal Contract Tower,4,24,36,0,64,0,1,43,0,44,4,25,79,0,108,0,0,0,108
05/27/2014,LWB,WV,AEA,EN,Federal Contract Tower,4,1,20,0,25,0,4,12,0,16,4,5,32,0,41,0,0,0,41
05/28/2014,LWB,WV,AEA,EN,Federal Contract Tower,10,15,19,0,44,0,4,10,8,22,10,19,29,8,66,0,0,0,66
05/29/2014,LWB,WV,AEA,EN,Federal Contract Tower,5,25,31,5,66,0,2,6,0,8,5,27,37,5,74,14,0,14,88
05/30/2014,LWB,WV,AEA,EN,Federal Contract Tower,8,19,26,0,53,0,0,8,0,8,8,19,34,0,61,10,0,10,71
05/31/2014,LWB,WV,AEA,EN,Federal Contract Tower,6,2,9,0,17,0,0,13,0,13,6,2,22,0,30,0,0,0,30
06/01/2014,LWB,WV,AEA,EN,Federal Contract Tower,12,11,20,0,43,0,3,18,9,30,12,14,38,9,73,10,0,10,83
06/02/2014,LWB,WV,AEA,EN,Federal Contract Tower,7,12,14,0,33,0,7,16,0,23,7,19,30,0,56,0,0,0,56
06/03/2014,LWB,WV,AEA,EN,Federal Contract Tower,7,26,25,0,58,0,0,3,0,3,7,26,28,0,61,8,0,8,69
06/04/2014,LWB,WV,AEA,EN,Federal Contract Tower,10,12,15,0,37,0,2,4,2,8,10,14,19,2,45,0,4,4,49
06/05/2014,LWB,WV,AEA,EN,Federal Contract Tower,18,20,21,0,59,0,0,5,0,5,18,20,26,0,64,0,0,0,64
06/06/2014,LWB,WV,AEA,EN,Federal Contract Tower,10,45,59,0,114,0,12,25,0,37,10,57,84,0,151,60,0,60,211
06/07/2014,LWB,WV,AEA,EN,Federal Contract Tower,11,16,27,0,54,0,0,35,0,35,11,16,62,0,89,18,0,18,107
06/08/2014,LWB,WV,AEA,EN,Federal Contract Tower,8,27,29,0,64,0,0,4,0,4,8,27,33,0,68,0,0,0,68
06/09/2014,LWB,WV,AEA,EN,Federal Contract Tower,9,12,41,0,62,0,0,9,0,9,9,12,50,0,71,0,0,0,71
06/10/2014,LWB,WV,AEA,EN,Federal Contract Tower,6,4,20,0,30,0,0,15,0,15,6,4,35,0,45,18,0,18,63
06/11/2014,LWB,WV,AEA,EN,Federal Contract Tower,9,2,9,0,20,0,0,19,0,19,9,2,28,0,39,10,0,10,49
06/12/2014,LWB,WV,AEA,EN,Federal Contract Tower,8,32,40,0,80,0,0,1,0,1,8,32,41,0,81,0,0,0,81
06/13/2014,LWB,WV,AEA,EN,Federal Contract Tower,4,26,59,0,89,0,4,11,0,15,4,30,70,0,104,0,0,0,104
06/14/2014,LWB,WV,AEA,EN,Federal Contract Tower,13,29,14,0,56,0,6,14,0,20,13,35,28,0,76,8,0,8,84
06/15/2014,LWB,WV,AEA,EN,Federal Contract Tower,9,25,25,0,59,0,0,33,0,33,9,25,58,0,92,10,0,10,102
06/16/2014,LWB,WV,AEA,EN,Federal Contract Tower,7,12,19,0,38,0,6,12,4,22,7,18,31,4,60,0,0,0,60
06/17/2014,LWB,WV,AEA,EN,Federal Contract Tower,4,10,13,5,32,0,0,7,0,7,4,10,20,5,39,10,10,20,59
06/18/2014,LWB,WV,AEA,EN,Federal Contract Tower,6,31,13,0,50,0,4,13,0,17,6,35,26,0,67,20,0,20,87
06/19/2014,LWB,WV,AEA,EN,Federal Contract Tower,9,37,21,0,67,0,0,5,0,5,9,37,26,0,72,0,0,0,72
06/20/2014,LWB,WV,AEA,EN,Federal Contract Tower,7,56,47,0,110,0,2,16,0,18,7,58,63,0,128,24,0,24,152
06/21/2014,LWB,WV,AEA,EN,Federal Contract Tower,4,27,27,0,58,0,0,8,0,8,4,27,35,0,66,0,0,0,66
06/22/2014,LWB,WV,AEA,EN,Federal Contract Tower,8,50,42,0,100,0,5,6,2,13,8,55,48,2,113,10,0,10,123
06/23/2014,LWB,WV,AEA,EN,Federal Contract Tower,5,11,15,0,31,0,6,8,0,14,5,17,23,0,45,10,0,10,55
06/24/2014,LWB,WV,AEA,EN,Federal Contract Tower,5,10,32,0,47,0,7,25,0,32,5,17,57,0,79,10,0,10,89
06/25/2014,LWB,WV,AEA,EN,Federal Contract Tower,2,12,22,0,36,0,0,1,0,1,2,12,23,0,37,0,0,0,37
06/26/2014,LWB,WV,AEA,EN,Federal Contract Tower,6,10,26,0,42,0,4,33,1,38,6,14,59,1,80,6,0,6,86
06/27/2014,LWB,WV,AEA,EN,Federal Contract Tower,5,14,16,0,35,0,2,16,0,18,5,16,32,0,53,18,0,18,71
06/28/2014,LWB,WV,AEA,EN,Federal Contract Tower,9,19,9,0,37,0,6,8,0,14,9,25,17,0,51,0,0,0,51
06/29/2014,LWB,WV,AEA,EN,Federal Contract Tower,6,51,39,0,96,0,0,3,2,5,6,51,42,2,101,0,0,0,101
06/30/2014,LWB,WV,AEA,EN,Federal Contract Tower,6,31,49,0,86,0,26,11,4,41,6,57,60,4,127,0,0,0,127
07/01/2014,LWB,WV,AEA,EN,Federal Contract Tower,6,39,50,0,95,0,4,7,0,11,6,43,57,0,106,0,0,0,106
07/02/2014,LWB,WV,AEA,EN,Federal Contract Tower,4,6,43,0,53,0,6,12,2,20,4,12,55,2,73,10,0,10,83
07/03/2014,LWB,WV,AEA,EN,Federal Contract Tower,5,30,35,0,70,0,10,21,0,31,5,40,56,0,101,18,0,18,119
07/04/2014,LWB,WV,AEA,EN,Federal Contract Tower,4,32,33,0,69,0,7,11,0,18,4,39,44,0,87,0,0,0,87
07/05/2014,LWB,WV,AEA,EN,Federal Contract Tower,18,27,30,0,75,0,34,39,0,73,18,61,69,0,148,0,0,0,148
07/06/2014,LWB,WV,AEA,EN,Federal Contract Tower,6,140,138,0,284,0,74,32,0,106,6,214,170,0,390,0,0,0,390
07/07/2014,LWB,WV,AEA,EN,Federal Contract Tower,7,52,62,0,121,0,0,12,0,12,7,52,74,0,133,0,0,0,133
07/08/2014,LWB,WV,AEA,EN,Federal Contract Tower,6,11,25,0,42,0,0,19,14,33,6,11,44,14,75,0,0,0,75
07/09/2014,LWB,WV,AEA,EN,Federal Contract Tower,16,16,22,0,54,0,0,8,4,12,16,16,30,4,66,0,0,0,66
07/10/2014,LWB,WV,AEA,EN,Federal Contract Tower,9,23,20,0,52,0,2,18,4,24,9,25,38,4,76,0,0,0,76
07/11/2014,LWB,WV,AEA,EN,Federal Contract Tower,6,27,33,0,66,0,10,18,27,55,6,37,51,27,121,40,0,40,161
07/12/2014,LWB,WV,AEA,EN,Federal Contract Tower,5,17,26,0,48,0,0,19,0,19,5,17,45,0,67,20,0,20,87
07/13/2014,LWB,WV,AEA,EN,Federal Contract Tower,6,50,37,0,93,0,1,3,0,4,6,51,40,0,97,0,0,0,97
07/14/2014,LWB,WV,AEA,EN,Federal Contract Tower,4,16,8,0,28,0,10,7,0,17,4,26,15,0,45,0,0,0,45
07/15/2014,LWB,WV,AEA,EN,Federal Contract Tower,9,14,17,0,40,0,0,0,0,0,9,14,17,0,40,0,0,0,40
07/16/2014,LWB,WV,AEA,EN,Federal Contract Tower,5,31,15,0,51,0,6,19,4,29,5,37,34,4,80,0,0,0,80
07/17/2014,LWB,WV,AEA,EN,Federal Contract Tower,4,23,22,0,49,0,1,15,0,16,4,24,37,0,65,0,0,0,65
07/18/2014,LWB,WV,AEA,EN,Federal Contract Tower,8,46,35,0,89,0,6,30,0,36,8,52,65,0,125,22,0,22,147
07/19/2014,LWB,WV,AEA,EN,Federal Contract Tower,7,34,27,0,68,0,0,0,0,0,7,34,27,0,68,0,0,0,68
07/20/2014,LWB,WV,AEA,EN,Federal Contract Tower,5,61,53,2,121,0,4,5,3,12,5,65,58,5,133,0,0,0,133
07/21/2014,LWB,WV,AEA,EN,Federal Contract Tower,8,28,27,0,63,0,0,0,0,0,8,28,27,0,63,0,0,0,63
07/22/2014,LWB,WV,AEA,EN,Federal Contract Tower,4,8,9,0,21,0,0,46,0,46,4,8,55,0,67,28,0,28,95
07/23/2014,LWB,WV,AEA,EN,Federal Contract Tower,10,9,18,0,37,0,2,8,0,10,10,11,26,0,47,0,0,0,47
07/24/2014,LWB,WV,AEA,EN,Federal Contract Tower,6,18,17,0,41,0,0,0,0,0,6,18,17,0,41,0,0,0,41
07/25/2014,LWB,WV,AEA,EN,Federal Contract Tower,7,13,34,0,54,0,10,44,0,54,7,23,78,0,108,34,0,34,142
07/26/2014,LWB,WV,AEA,EN,Federal Contract Tower,5,18,18,0,41,0,8,29,0,37,5,26,47,0,78,10,0,10,88
07/27/2014,LWB,WV,AEA,EN,Federal Contract Tower,6,28,32,0,66,0,4,10,0,14,6,32,42,0,80,0,0,0,80
07/28/2014,LWB,WV,AEA,EN,Federal Contract Tower,5,12,14,0,31,0,8,11,0,19,5,20,25,0,50,0,0,0,50
07/29/2014,LWB,WV,AEA,EN,Federal Contract Tower,7,33,41,0,81,0,16,30,4,50,7,49,71,4,131,14,0,14,145
07/30/2014,LWB,WV,AEA,EN,Federal Contract Tower,5,8,27,2,42,0,4,9,5,18,5,12,36,7,60,22,2,24,84
07/31/2014,LWB,WV,AEA,EN,Federal Contract Tower,4,0,23,0,27,0,20,16,0,36,4,20,39,0,63,14,0,14,77
08/01/2014,LWB,WV,AEA,EN,Federal Contract Tower,6,16,72,0,94,0,2,3,2,7,6,18,75,2,101,0,0,0,101
08/02/2014,LWB,WV,AEA,EN,Federal Contract Tower,6,12,29,6,53,0,0,6,8,14,6,12,35,14,67,16,10,26,93
08/03/2014,LWB,WV,AEA,EN,Federal Contract Tower,4,27,43,10,84,0,6,16,0,22,4,33,59,10,106,6,0,6,112
08/04/2014,LWB,WV,AEA,EN,Federal Contract Tower,2,21,21,0,44,0,5,15,0,20,2,26,36,0,64,0,0,0,64
08/05/2014,LWB,WV,AEA,EN,Federal Contract Tower,8,36,40,0,84,0,11,9,0,20,8,47,49,0,104,0,0,0,104
08/06/2014,LWB,WV,AEA,EN,Federal Contract Tower,8,23,30,6,67,0,0,0,0,0,8,23,30,6,67,0,0,0,67
08/07/2014,LWB,WV,AEA,EN,Federal Contract Tower,14,11,54,0,79,0,5,30,4,39,14,16,84,4,118,20,0,20,138
08/08/2014,LWB,WV,AEA,EN,Federal Contract Tower,6,22,34,0,62,0,0,2,0,2,6,22,36,0,64,0,0,0,64
08/09/2014,LWB,WV,AEA,EN,Federal Contract Tower,15,30,30,0,75,0,0,0,0,0,15,30,30,0,75,0,0,0,75
08/10/2014,LWB,WV,AEA,EN,Federal Contract Tower,7,52,29,0,88,0,4,4,0,8,7,56,33,0,96,0,0,0,96
08/11/2014,LWB,WV,AEA,EN,Federal Contract Tower,10,30,41,3,84,0,4,0,0,4,10,34,41,3,88,0,0,0,88
08/12/2014,LWB,WV,AEA,EN,Federal Contract Tower,4,23,21,0,48,0,0,4,2,6,4,23,25,2,54,0,0,0,54
08/13/2014,LWB,WV,AEA,EN,Federal Contract Tower,6,31,39,0,76,2,1,3,0,6,8,32,42,0,82,0,0,0,82
08/14/2014,LWB,WV,AEA,EN,Federal Contract Tower,16,33,45,4,98,0,2,32,8,42,16,35,77,12,140,34,0,34,174
08/15/2014,LWB,WV,AEA,EN,Federal Contract Tower,8,19,42,0,69,0,0,15,0,15,8,19,57,0,84,10,0,10,94
08/16/2014,LWB,WV,AEA,EN,Federal Contract Tower,4,14,24,0,42,0,0,21,0,21,4,14,45,0,63,0,0,0,63
08/17/2014,LWB,WV,AEA,EN,Federal Contract Tower,7,35,48,0,90,2,5,19,0,26,9,40,67,0,116,26,0,26,142
08/18/2014,LWB,WV,AEA,EN,Federal Contract Tower,5,23,34,0,62,0,2,2,0,4,5,25,36,0,66,0,0,0,66
08/19/2014,LWB,WV,AEA,EN,Federal Contract Tower,7,23,27,0,57,0,0,4,0,4,7,23,31,0,61,0,0,0,61
08/20/2014,LWB,WV,AEA,EN,Federal Contract Tower,9,18,16,0,43,0,0,12,0,12,9,18,28,0,55,16,0,16,71
08/21/2014,LWB,WV,AEA,EN,Federal Contract Tower,5,34,30,0,69,0,5,8,0,13,5,39,38,0,82,0,0,0,82
08/22/2014,LWB,WV,AEA,EN,Federal Contract Tower,5,9,17,0,31,0,0,4,0,4,5,9,21,0,35,0,0,0,35
08/23/2014,LWB,WV,AEA,EN,Federal Contract Tower,5,40,39,0,84,0,8,30,0,38,5,48,69,0,122,36,0,36,158
08/24/2014,LWB,WV,AEA,EN,Federal Contract Tower,6,73,62,0,141,0,2,10,0,12,6,75,72,0,153,0,0,0,153
08/25/2014,LWB,WV,AEA,EN,Federal Contract Tower,8,11,16,0,35,0,4,43,0,47,8,15,59,0,82,0,0,0,82
08/26/2014,LWB,WV,AEA,EN,Federal Contract Tower,4,25,12,0,41,0,2,168,6,176,4,27,180,6,217,14,0,14,231
08/27/2014,LWB,WV,AEA,EN,Federal Contract Tower,3,25,13,0,41,0,6,170,4,180,3,31,183,4,221,0,0,0,221
08/28/2014,LWB,WV,AEA,EN,Federal Contract Tower,9,28,32,4,73,0,0,111,43,154,9,28,143,47,227,26,24,50,277
08/29/2014,LWB,WV,AEA,EN,Federal Contract Tower,5,19,36,0,60,0,0,34,0,34,5,19,70,0,94,0,0,0,94
08/30/2014,LWB,WV,AEA,EN,Federal Contract Tower,6,11,29,0,46,0,0,15,40,55,6,11,44,40,101,16,0,16,117
08/31/2014,LWB,WV,AEA,EN,Federal Contract Tower,5,4,27,0,36,0,2,1,0,3,5,6,28,0,39,0,0,0,39
09/01/2014,LWB,WV,AEA,EN,Federal Contract Tower,5,32,31,0,68,0,2,17,0,19,5,34,48,0,87,0,0,0,87
09/02/2014,LWB,WV,AEA,EN,Federal Contract Tower,5,24,24,0,53,0,0,4,0,4,5,24,28,0,57,0,0,0,57
09/03/2014,LWB,WV,AEA,EN,Federal Contract Tower,6,25,14,0,45,0,2,42,0,44,6,27,56,0,89,30,0,30,119
09/04/2014,LWB,WV,AEA,EN,Federal Contract Tower,8,12,13,0,33,0,2,6,0,8,8,14,19,0,41,0,0,0,41
09/05/2014,LWB,WV,AEA,EN,Federal Contract Tower,5,37,23,6,71,0,0,6,0,6,5,37,29,6,77,0,0,0,77
09/06/2014,LWB,WV,AEA,EN,Federal Contract Tower,6,23,13,0,42,0,0,9,0,9,6,23,22,0,51,20,0,20,71
09/07/2014,LWB,WV,AEA,EN,Federal Contract Tower,6,4,31,0,41,0,0,4,0,4,6,4,35,0,45,0,0,0,45
09/08/2014,LWB,WV,AEA,EN,Federal Contract Tower,8,17,21,0,46,0,0,6,0,6,8,17,27,0,52,0,0,0,52
09/09/2014,LWB,WV,AEA,EN,Federal Contract Tower,4,26,11,0,41,0,0,18,0,18,4,26,29,0,59,24,0,24,83
09/10/2014,LWB,WV,AEA,EN,Federal Contract Tower,6,12,24,0,42,0,8,25,2,35,6,20,49,2,77,20,0,20,97
09/11/2014,LWB,WV,AEA,EN,Federal Contract Tower,11,39,33,0,83,0,7,30,6,43,11,46,63,6,126,34,8,42,168
09/12/2014,LWB,WV,AEA,EN,Federal Contract Tower,8,39,47,0,94,0,0,38,0,38,8,39,85,0,132,22,0,22,154
09/13/2014,LWB,WV,AEA,EN,Federal Contract Tower,7,7,16,0,30,0,2,0,0,2,7,9,16,0,32,0,0,0,32
09/14/2014,LWB,WV,AEA,EN,Federal Contract Tower,5,27,30,0,62,0,0,2,0,2,5,27,32,0,64,0,0,0,64
09/15/2014,LWB,WV,AEA,EN,Federal Contract Tower,5,23,32,0,60,0,5,16,0,21,5,28,48,0,81,0,0,0,81
09/16/2014,LWB,WV,AEA,EN,Federal Contract Tower,6,18,36,0,60,0,5,16,0,21,6,23,52,0,81,0,0,0,81
09/17/2014,LWB,WV,AEA,EN,Federal Contract Tower,9,55,195,0,259,0,7,22,0,29,9,62,217,0,288,0,0,0,288
09/18/2014,LWB,WV,AEA,EN,Federal Contract Tower,4,24,26,0,54,0,9,21,0,30,4,33,47,0,84,10,0,10,94
09/19/2014,LWB,WV,AEA,EN,Federal Contract Tower,7,40,116,0,163,0,0,13,0,13,7,40,129,0,176,0,0,0,176
09/20/2014,LWB,WV,AEA,EN,Federal Contract Tower,4,36,66,0,106,0,14,58,0,72,4,50,124,0,178,12,0,12,190
09/21/2014,LWB,WV,AEA,EN,Federal Contract Tower,6,32,138,0,176,0,4,9,0,13,6,36,147,0,189,10,0,10,199
09/22/2014,LWB,WV,AEA,EN,Federal Contract Tower,10,12,26,0,48,0,0,8,0,8,10,12,34,0,56,0,0,0,56
09/23/2014,LWB,WV,AEA,EN,Federal Contract Tower,6,15,22,0,43,0,4,38,0,42,6,19,60,0,85,18,0,18,103
09/24/2014,LWB,WV,AEA,EN,Federal Contract Tower,5,15,27,4,51,0,4,27,8,39,5,19,54,12,90,10,10,20,110
09/25/2014,LWB,WV,AEA,EN,Federal Contract Tower,9,51,37,0,97,0,4,12,0,16,9,55,49,0,113,20,0,20,133
09/26/2014,LWB,WV,AEA,EN,Federal Contract Tower,6,31,31,0,68,0,0,18,0,18,6,31,49,0,86,22,0,22,108
09/27/2014,LWB,WV,AEA,EN,Federal Contract Tower,5,13,18,0,36,0,4,53,0,57,5,17,71,0,93,16,0,16,109
09/28/2014,LWB,WV,AEA,EN,Federal Contract Tower,4,21,48,3,76,0,2,24,20,46,4,23,72,23,122,10,0,10,132
09/29/2014,LWB,WV,AEA,EN,Federal Contract Tower,5,7,28,0,40,0,8,2,0,10,5,15,30,0,50,0,0,0,50
09/30/2014,LWB,WV,AEA,EN,Federal Contract Tower,7,13,26,0,46,0,10,14,0,24,7,23,40,0,70,0,0,0,70
10/01/2014,LWB,WV,AEA,EN,Federal Contract Tower,6,27,32,0,65,0,20,47,0,67,6,47,79,0,132,0,0,0,132
10/02/2014,LWB,WV,AEA,EN,Federal Contract Tower,4,35,33,0,72,0,4,31,0,35,4,39,64,0,107,20,0,20,127
10/03/2014,LWB,WV,AEA,EN,Federal Contract Tower,3,33,25,0,61,0,12,20,0,32,3,45,45,0,93,0,0,0,93
10/04/2014,LWB,WV,AEA,EN,Federal Contract Tower,11,17,12,0,40,0,3,7,0,10,11,20,19,0,50,0,0,0,50
10/05/2014,LWB,WV,AEA,EN,Federal Contract Tower,6,33,33,5,77,0,10,18,10,38,6,43,51,15,115,0,38,38,153
10/06/2014,LWB,WV,AEA,EN,Federal Contract Tower,4,8,21,16,49,0,0,28,0,28,4,8,49,16,77,18,16,34,111
10/07/2014,LWB,WV,AEA,EN,Federal Contract Tower,6,20,24,0,50,0,0,4,0,4,6,20,28,0,54,0,0,0,54
10/08/2014,LWB,WV,AEA,EN,Federal Contract Tower,5,25,19,0,49,0,0,12,0,12,5,25,31,0,61,0,0,0,61
10/09/2014,LWB,WV,AEA,EN,Federal Contract Tower,13,35,37,0,85,0,0,34,8,42,13,35,71,8,127,8,0,8,135
10/10/2014,LWB,WV,AEA,EN,Federal Contract Tower,4,37,48,0,89,0,0,0,0,0,4,37,48,0,89,0,0,0,89
10/11/2014,LWB,WV,AEA,EN,Federal Contract Tower,7,32,24,0,63,0,0,0,0,0,7,32,24,0,63,0,0,0,63
10/12/2014,LWB,WV,AEA,EN,Federal Contract Tower,10,66,71,0,147,0,0,0,0,0,10,66,71,0,147,0,0,0,147
10/13/2014,LWB,WV,AEA,EN,Federal Contract Tower,5,31,28,0,64,0,0,0,0,0,5,31,28,0,64,0,0,0,64
10/14/2014,LWB,WV,AEA,EN,Federal Contract Tower,4,3,15,0,22,0,0,2,0,2,4,3,17,0,24,0,0,0,24
10/15/2014,LWB,WV,AEA,EN,Federal Contract Tower,6,4,36,0,46,0,0,8,0,8,6,4,44,0,54,26,0,26,80
10/16/2014,LWB,WV,AEA,EN,Federal Contract Tower,6,18,39,0,63,0,0,8,0,8,6,18,47,0,71,0,0,0,71
10/17/2014,LWB,WV,AEA,EN,Federal Contract Tower,4,27,33,0,64,0,6,44,2,52,4,33,77,2,116,20,0,20,136
10/18/2014,LWB,WV,AEA,EN,Federal Contract Tower,5,24,13,0,42,0,0,5,2,7,5,24,18,2,49,0,0,0,49
10/19/2014,LWB,WV,AEA,EN,Federal Contract Tower,8,36,35,0,79,0,0,25,2,27,8,36,60,2,106,0,0,0,106
10/20/2014,LWB,WV,AEA,EN,Federal Contract Tower,6,9,4,0,19,0,0,6,0,6,6,9,10,0,25,0,0,0,25
10/21/2014,LWB,WV,AEA,EN,Federal Contract Tower,5,9,28,0,42,0,0,4,0,4,5,9,32,0,46,10,0,10,56
10/22/2014,LWB,WV,AEA,EN,Federal Contract Tower,9,2,25,0,36,0,0,10,0,10,9,2,35,0,46,0,0,0,46
10/23/2014,LWB,WV,AEA,EN,Federal Contract Tower,4,23,23,0,50,0,0,9,0,9,4,23,32,0,59,0,0,0,59
10/24/2014,LWB,WV,AEA,EN,Federal Contract Tower,6,15,25,0,46,0,2,38,0,40,6,17,63,0,86,36,0,36,122
10/25/2014,LWB,WV,AEA,EN,Federal Contract Tower,5,16,15,0,36,0,0,31,0,31,5,16,46,0,67,22,0,22,89
10/26/2014,LWB,WV,AEA,EN,Federal Contract Tower,4,14,33,0,51,0,8,25,0,33,4,22,58,0,84,0,0,0,84
10/27/2014,LWB,WV,AEA,EN,Federal Contract Tower,5,16,15,0,36,0,0,36,0,36,5,16,51,0,72,10,0,10,82
10/28/2014,LWB,WV,AEA,EN,Federal Contract Tower,5,7,12,0,24,0,2,16,0,18,5,9,28,0,42,0,0,0,42
10/29/2014,LWB,WV,AEA,EN,Federal Contract Tower,5,4,18,0,27,0,0,5,0,5,5,4,23,0,32,12,0,12,44
10/30/2014,LWB,WV,AEA,EN,Federal Contract Tower,6,2,14,0,22,0,0,21,0,21,6,2,35,0,43,20,0,20,63
10/31/2014,LWB,WV,AEA,EN,Federal Contract Tower,5,21,22,0,48,0,0,7,0,7,5,21,29,0,55,0,0,0,55
11/01/2014,LWB,WV,AEA,EN,Federal Contract Tower,4,12,12,0,28,0,0,0,0,0,4,12,12,0,28,0,0,0,28
11/02/2014,LWB,WV,AEA,EN,Federal Contract Tower,5,28,12,0,45,0,0,4,0,4,5,28,16,0,49,0,0,0,49
11/03/2014,LWB,WV,AEA,EN,Federal Contract Tower,6,11,9,0,26,0,4,29,0,33,6,15,38,0,59,20,0,20,79
11/04/2014,LWB,WV,AEA,EN,Federal Contract Tower,4,9,8,0,21,0,1,28,0,29,4,10,36,0,50,12,0,12,62
11/05/2014,LWB,WV,AEA,EN,Federal Contract Tower,7,5,19,0,31,0,0,6,0,6,7,5,25,0,37,0,0,0,37
11/06/2014,LWB,WV,AEA,EN,Federal Contract Tower,6,1,10,0,17,0,0,0,0,0,6,1,10,0,17,0,0,0,17
11/07/2014,LWB,WV,AEA,EN,Federal Contract Tower,6,7,17,3,33,0,0,5,0,5,6,7,22,3,38,0,0,0,38
11/08/2014,LWB,WV,AEA,EN,Federal Contract Tower,4,5,10,0,19,0,8,44,0,52,4,13,54,0,71,26,0,26,97
11/09/2014,LWB,WV,AEA,EN,Federal Contract Tower,6,5,8,0,19,0,4,9,0,13,6,9,17,0,32,22,0,22,54
11/10/2014,LWB,WV,AEA,EN,Federal Contract Tower,7,11,15,0,33,0,4,22,0,26,7,15,37,0,59,0,0,0,59
11/11/2014,LWB,WV,AEA,EN,Federal Contract Tower,4,4,4,0,12,0,0,10,0,10,4,4,14,0,22,0,0,0,22
11/12/2014,LWB,WV,AEA,EN,Federal Contract Tower,4,9,19,0,32,0,2,3,0,5,4,11,22,0,37,0,0,0,37
11/13/2014,LWB,WV,AEA,EN,Federal Contract Tower,6,2,8,0,16,0,2,0,0,2,6,4,8,0,18,0,0,0,18
11/14/2014,LWB,WV,AEA,EN,Federal Contract Tower,4,12,24,0,40,0,0,1,0,1,4,12,25,0,41,0,0,0,41
11/15/2014,LWB,WV,AEA,EN,Federal Contract Tower,5,11,16,0,32,0,0,26,0,26,5,11,42,0,58,12,0,12,70
11/16/2014,LWB,WV,AEA,EN,Federal Contract Tower,0,5,8,0,13,0,0,0,0,0,0,5,8,0,13,0,0,0,13
11/17/2014,LWB,WV,AEA,EN,Federal Contract Tower,2,13,12,0,27,0,0,0,0,0,2,13,12,0,27,0,0,0,27
11/18/2014,LWB,WV,AEA,EN,Federal Contract Tower,6,6,5,0,17,0,6,6,0,12,6,12,11,0,29,0,0,0,29
11/19/2014,LWB,WV,AEA,EN,Federal Contract Tower,4,7,6,0,17,0,0,8,0,8,4,7,14,0,25,32,0,32,57
11/20/2014,LWB,WV,AEA,EN,Federal Contract Tower,3,3,8,0,14,0,0,0,0,0,3,3,8,0,14,0,0,0,14
11/21/2014,LWB,WV,AEA,EN,Federal Contract Tower,8,2,7,0,17,0,0,25,0,25,8,2,32,0,42,14,0,14,56
11/22/2014,LWB,WV,AEA,EN,Federal Contract Tower,4,5,27,0,36,0,0,52,0,52,4,5,79,0,88,64,0,64,152
11/23/2014,LWB,WV,AEA,EN,Federal Contract Tower,5,15,9,0,29,0,0,2,0,2,5,15,11,0,31,0,0,0,31
11/24/2014,LWB,WV,AEA,EN,Federal Contract Tower,5,9,15,0,29,0,0,0,0,0,5,9,15,0,29,0,0,0,29
11/25/2014,LWB,WV,AEA,EN,Federal Contract Tower,5,18,13,0,36,0,6,22,0,28,5,24,35,0,64,20,0,20,84
11/26/2014,LWB,WV,AEA,EN,Federal Contract Tower,0,17,29,0,46,0,0,0,0,0,0,17,29,0,46,0,0,0,46
11/27/2014,LWB,WV,AEA,EN,Federal Contract Tower,6,3,6,0,15,0,0,0,0,0,6,3,6,0,15,0,0,0,15
11/28/2014,LWB,WV,AEA,EN,Federal Contract Tower,5,8,21,0,34,0,0,8,0,8,5,8,29,0,42,0,0,0,42
11/29/2014,LWB,WV,AEA,EN,Federal Contract Tower,6,7,12,0,25,0,0,11,0,11,6,7,23,0,36,0,0,0,36
11/30/2014,LWB,WV,AEA,EN,Federal Contract Tower,4,20,33,0,57,0,5,4,0,9,4,25,37,0,66,0,0,0,66
12/01/2014,LWB,WV,AEA,EN,Federal Contract Tower,6,19,19,0,44,0,0,0,0,0,6,19,19,0,44,0,0,0,44
12/02/2014,LWB,WV,AEA,EN,Federal Contract Tower,3,0,2,0,5,0,0,0,0,0,3,0,2,0,5,0,0,0,5
12/03/2014,LWB,WV,AEA,EN,Federal Contract Tower,4,10,6,7,27,0,0,0,0,0,4,10,6,7,27,0,14,14,41
12/04/2014,LWB,WV,AEA,EN,Federal Contract Tower,7,3,3,0,13,2,9,8,0,19,9,12,11,0,32,20,0,20,52
12/05/2014,LWB,WV,AEA,EN,Federal Contract Tower,8,4,14,0,26,0,0,0,0,0,8,4,14,0,26,0,0,0,26
12/06/2014,LWB,WV,AEA,EN,Federal Contract Tower,6,2,4,0,12,0,0,0,0,0,6,2,4,0,12,0,0,0,12
12/07/2014,LWB,WV,AEA,EN,Federal Contract Tower,2,3,9,0,14,0,8,48,0,56,2,11,57,0,70,56,0,56,126
12/08/2014,LWB,WV,AEA,EN,Federal Contract Tower,4,8,7,0,19,0,0,0,0,0,4,8,7,0,19,0,0,0,19
12/09/2014,LWB,WV,AEA,EN,Federal Contract Tower,2,0,3,0,5,0,0,4,0,4,2,0,7,0,9,12,0,12,21
12/10/2014,LWB,WV,AEA,EN,Federal Contract Tower,7,6,6,0,19,0,0,0,0,0,7,6,6,0,19,0,0,0,19
12/11/2014,LWB,WV,AEA,EN,Federal Contract Tower,6,2,3,0,11,0,9,7,20,36,6,11,10,20,47,6,0,6,53
12/12/2014,LWB,WV,AEA,EN,Federal Contract Tower,7,5,11,0,23,0,4,6,0,10,7,9,17,0,33,16,0,16,49
12/13/2014,LWB,WV,AEA,EN,Federal Contract Tower,5,6,10,2,23,0,0,7,4,11,5,6,17,6,34,0,0,0,34
12/14/2014,LWB,WV,AEA,EN,Federal Contract Tower,6,6,9,0,21,0,0,1,0,1,6,6,10,0,22,0,0,0,22
12/15/2014,LWB,WV,AEA,EN,Federal Contract Tower,4,2,8,0,14,0,4,33,0,37,4,6,41,0,51,62,0,62,113
12/16/2014,LWB,WV,AEA,EN,Federal Contract Tower,4,12,15,2,33,0,0,7,0,7,4,12,22,2,40,0,0,0,40
12/17/2014,LWB,WV,AEA,EN,Federal Contract Tower,7,12,13,0,32,0,0,0,0,0,7,12,13,0,32,0,0,0,32
12/18/2014,LWB,WV,AEA,EN,Federal Contract Tower,8,3,7,0,18,0,0,65,0,65,8,3,72,0,83,26,0,26,109
12/19/2014,LWB,WV,AEA,EN,Federal Contract Tower,5,13,12,0,30,0,1,6,0,7,5,14,18,0,37,0,0,0,37
12/20/2014,LWB,WV,AEA,EN,Federal Contract Tower,6,2,13,0,21,0,0,2,0,2,6,2,15,0,23,0,0,0,23
12/21/2014,LWB,WV,AEA,EN,Federal Contract Tower,2,5,7,0,14,0,2,22,0,24,2,7,29,0,38,26,0,26,64
12/22/2014,LWB,WV,AEA,EN,Federal Contract Tower,1,11,18,0,30,0,0,0,0,0,1,11,18,0,30,0,0,0,30
12/23/2014,LWB,WV,AEA,EN,Federal Contract Tower,7,18,24,0,49,0,0,4,0,4,7,18,28,0,53,0,0,0,53
12/24/2014,LWB,WV,AEA,EN,Federal Contract Tower,4,11,4,0,19,0,2,0,0,2,4,13,4,0,21,0,0,0,21
12/25/2014,LWB,WV,AEA,EN,Federal Contract Tower,5,3,3,0,11,0,3,3,0,6,5,6,6,0,17,0,0,0,17
12/26/2014,LWB,WV,AEA,EN,Federal Contract Tower,1,24,17,0,42,0,16,58,0,74,1,40,75,0,116,12,0,12,128
12/27/2014,LWB,WV,AEA,EN,Federal Contract Tower,4,13,24,0,41,0,12,24,0,36,4,25,48,0,77,0,0,0,77
12/28/2014,LWB,WV,AEA,EN,Federal Contract Tower,2,11,17,0,30,0,0,0,0,0,2,11,17,0,30,0,0,0,30
12/29/2014,LWB,WV,AEA,EN,Federal Contract Tower,5,6,17,0,28,0,0,0,0,0,5,6,17,0,28,0,0,0,28
12/30/2014,LWB,WV,AEA,EN,Federal Contract Tower,10,13,14,0,37,4,0,20,0,24,14,13,34,0,61,14,0,14,75
12/31/2014,LWB,WV,AEA,EN,Federal Contract Tower,7,20,29,0,56,0,0,22,0,22,7,20,51,0,78,16,0,16,94
01/01/2015,LWB,WV,AEA,EN,Federal Contract Tower,4,8,8,0,20,0,0,30,0,30,4,8,38,0,50,0,0,0,50
01/02/2015,LWB,WV,AEA,EN,Federal Contract Tower,7,18,19,0,44,0,4,6,0,10,7,22,25,0,54,18,0,18,72
01/03/2015,LWB,WV,AEA,EN,Federal Contract Tower,2,19,20,0,41,0,0,0,0,0,2,19,20,0,41,0,0,0,41
01/04/2015,LWB,WV,AEA,EN,Federal Contract Tower,2,7,14,0,23,0,0,0,0,0,2,7,14,0,23,0,0,0,23
01/05/2015,LWB,WV,AEA,EN,Federal Contract Tower,2,2,9,0,13,0,11,2,0,13,2,13,11,0,26,0,0,0,26
01/06/2015,LWB,WV,AEA,EN,Federal Contract Tower,4,4,4,0,12,0,2,2,0,4,4,6,6,0,16,0,0,0,16
01/07/2015,LWB,WV,AEA,EN,Federal Contract Tower,8,3,9,0,20,0,0,0,0,0,8,3,9,0,20,0,0,0,20
01/08/2015,LWB,WV,AEA,EN,Federal Contract Tower,5,0,0,0,5,0,0,2,0,2,5,0,2,0,7,0,0,0,7
01/09/2015,LWB,WV,AEA,EN,Federal Contract Tower,9,5,6,0,20,0,6,0,0,6,9,11,6,0,26,0,0,0,26
01/10/2015,LWB,WV,AEA,EN,Federal Contract Tower,3,5,7,0,15,0,0,24,2,26,3,5,31,2,41,24,0,24,65
01/11/2015,LWB,WV,AEA,EN,Federal Contract Tower,2,5,6,0,13,0,8,34,3,45,2,13,40,3,58,32,8,40,98
01/12/2015,LWB,WV,AEA,EN,Federal Contract Tower,3,3,5,0,11,0,0,0,0,0,3,3,5,0,11,0,0,0,11
01/13/2015,LWB,WV,AEA,EN,Federal Contract Tower,5,8,8,0,21,0,0,0,0,0,5,8,8,0,21,0,0,0,21
01/14/2015,LWB,WV,AEA,EN,Federal Contract Tower,10,7,6,0,23,0,0,0,0,0,10,7,6,0,23,0,0,0,23
01/15/2015,LWB,WV,AEA,EN,Federal Contract Tower,5,3,2,0,10,0,8,13,0,21,5,11,15,0,31,0,0,0,31
01/16/2015,LWB,WV,AEA,EN,Federal Contract Tower,5,2,9,0,16,0,0,5,0,5,5,2,14,0,21,0,0,0,21
01/17/2015,LWB,WV,AEA,EN,Federal Contract Tower,3,4,6,0,13,0,2,62,4,68,3,6,68,4,81,0,0,0,81
01/18/2015,LWB,WV,AEA,EN,Federal Contract Tower,2,9,8,0,19,0,0,4,0,4,2,9,12,0,23,0,0,0,23
01/19/2015,LWB,WV,AEA,EN,Federal Contract Tower,4,5,5,0,14,0,0,21,0,21,4,5,26,0,35,42,0,42,77
01/20/2015,LWB,WV,AEA,EN,Federal Contract Tower,5,3,2,0,10,0,0,4,0,4,5,3,6,0,14,0,0,0,14
01/21/2015,LWB,WV,AEA,EN,Federal Contract Tower,4,7,3,0,14,0,12,20,0,32,4,19,23,0,46,26,0,26,72
01/22/2015,LWB,WV,AEA,EN,Federal Contract Tower,3,4,0,0,7,0,4,0,0,4,3,8,0,0,11,0,0,0,11
01/23/2015,LWB,WV,AEA,EN,Federal Contract Tower,2,9,8,0,19,0,0,4,0,4,2,9,12,0,23,0,0,0,23
01/24/2015,LWB,WV,AEA,EN,Federal Contract Tower,3,3,3,0,9,0,0,0,0,0,3,3,3,0,9,0,0,0,9
01/25/2015,LWB,WV,AEA,EN,Federal Contract Tower,2,3,6,0,11,0,0,10,0,10,2,3,16,0,21,16,0,16,37
01/26/2015,LWB,WV,AEA,EN,Federal Contract Tower,2,5,6,0,13,0,0,0,0,0,2,5,6,0,13,0,0,0,13
01/27/2015,LWB,WV,AEA,EN,Federal Contract Tower,4,0,0,0,4,0,0,2,0,2,4,0,2,0,6,0,0,0,6
01/28/2015,LWB,WV,AEA,EN,Federal Contract Tower,4,0,10,0,14,0,15,9,0,24,4,15,19,0,38,0,0,0,38
01/29/2015,LWB,WV,AEA,EN,Federal Contract Tower,0,2,5,1,8,0,0,6,0,6,0,2,11,1,14,30,0,30,44
01/30/2015,LWB,WV,AEA,EN,Federal Contract Tower,2,2,7,0,11,0,4,6,0,10,2,6,13,0,21,0,0,0,21
01/31/2015,LWB,WV,AEA,EN,Federal Contract Tower,6,11,7,0,24,0,2,20,0,22,6,13,27,0,46,10,0,10,56
02/01/2015,LWB,WV,AEA,EN,Federal Contract Tower,3,3,3,0,9,0,0,17,0,17,3,3,20,0,26,10,0,10,36
02/02/2015,LWB,WV,AEA,EN,Federal Contract Tower,2,2,7,0,11,0,0,0,0,0,2,2,7,0,11,0,0,0,11
02/03/2015,LWB,WV,AEA,EN,Federal Contract Tower,2,0,7,0,9,0,10,11,4,25,2,10,18,4,34,26,0,26,60
02/04/2015,LWB,WV,AEA,EN,Federal Contract Tower,4,3,12,0,19,0,12,27,0,39,4,15,39,0,58,42,0,42,100
02/05/2015,LWB,WV,AEA,EN,Federal Contract Tower,5,4,9,0,18,0,10,9,0,19,5,14,18,0,37,0,0,0,37
02/06/2015,LWB,WV,AEA,EN,Federal Contract Tower,2,11,18,0,31,0,0,10,0,10,2,11,28,0,41,0,0,0,41
02/07/2015,LWB,WV,AEA,EN,Federal Contract Tower,4,6,10,0,20,0,0,51,0,51,4,6,61,0,71,62,0,62,133
02/08/2015,LWB,WV,AEA,EN,Federal Contract Tower,2,4,5,0,11,0,2,29,0,31,2,6,34,0,42,0,0,0,42
02/09/2015,LWB,WV,AEA,EN,Federal Contract Tower,3,5,10,0,18,0,0,0,0,0,3,5,10,0,18,0,0,0,18
02/10/2015,LWB,WV,AEA,EN,Federal Contract Tower,6,1,5,0,12,0,0,0,0,0,6,1,5,0,12,0,0,0,12
02/11/2015,LWB,WV,AEA,EN,Federal Contract Tower,2,2,15,0,19,0,0,12,0,12,2,2,27,0,31,30,0,30,61
02/12/2015,LWB,WV,AEA,EN,Federal Contract Tower,0,3,3,0,6,0,0,0,0,0,0,3,3,0,6,0,0,0,6
02/13/2015,LWB,WV,AEA,EN,Federal Contract Tower,5,10,12,0,27,0,0,7,0,7,5,10,19,0,34,0,0,0,34
02/14/2015,LWB,WV,AEA,EN,Federal Contract Tower,0,1,11,0,12,0,0,0,0,0,0,1,11,0,12,0,0,0,12
02/15/2015,LWB,WV,AEA,EN,Federal Contract Tower,0,3,12,0,15,0,0,2,0,2,0,3,14,0,17,0,0,0,17
02/16/2015,LWB,WV,AEA,EN,Federal Contract Tower,0,2,1,0,3,0,0,0,0,0,0,2,1,0,3,0,0,0,3
02/17/2015,LWB,WV,AEA,EN,Federal Contract Tower,4,7,12,0,23,0,3,13,0,16,4,10,25,0,39,0,0,0,39
02/18/2015,LWB,WV,AEA,EN,Federal Contract Tower,0,5,5,0,10,0,0,2,0,2,0,5,7,0,12,0,0,0,12
02/19/2015,LWB,WV,AEA,EN,Federal Contract Tower,4,5,5,0,14,0,2,0,0,2,4,7,5,0,16,0,0,0,16
02/20/2015,LWB,WV,AEA,EN,Federal Contract Tower,4,2,0,0,6,0,0,15,0,15,4,2,15,0,21,12,0,12,33
02/21/2015,LWB,WV,AEA,EN,Federal Contract Tower,0,0,0,0,0,0,0,0,0,0,0,0,0,0,0,0,0,0,0
02/22/2015,LWB,WV,AEA,EN,Federal Contract Tower,0,0,1,0,1,0,0,0,0,0,0,0,1,0,1,0,0,0,1
02/23/2015,LWB,WV,AEA,EN,Federal Contract Tower,4,10,4,0,18,0,0,0,0,0,4,10,4,0,18,0,0,0,18
02/24/2015,LWB,WV,AEA,EN,Federal Contract Tower,3,1,1,0,5,0,0,0,0,0,3,1,1,0,5,0,0,0,5
02/25/2015,LWB,WV,AEA,EN,Federal Contract Tower,5,3,3,0,11,0,0,5,0,5,5,3,8,0,16,0,0,0,16
02/26/2015,LWB,WV,AEA,EN,Federal Contract Tower,4,1,3,0,8,0,0,0,0,0,4,1,3,0,8,0,0,0,8
02/27/2015,LWB,WV,AEA,EN,Federal Contract Tower,2,2,4,0,8,0,0,10,0,10,2,2,14,0,18,0,0,0,18
02/28/2015,LWB,WV,AEA,EN,Federal Contract Tower,3,4,9,0,16,0,0,31,0,31,3,4,40,0,47,0,0,0,47
03/01/2015,LWB,WV,AEA,EN,Federal Contract Tower,0,8,9,0,17,0,0,0,0,0,0,8,9,0,17,0,0,0,17
03/02/2015,LWB,WV,AEA,EN,Federal Contract Tower,2,9,10,0,21,0,0,6,0,6,2,9,16,0,27,8,0,8,35
03/03/2015,LWB,WV,AEA,EN,Federal Contract Tower,4,1,5,0,10,0,0,0,0,0,4,1,5,0,10,0,0,0,10
03/04/2015,LWB,WV,AEA,EN,Federal Contract Tower,0,9,14,0,23,0,0,0,0,0,0,9,14,0,23,0,0,0,23
03/05/2015,LWB,WV,AEA,EN,Federal Contract Tower,0,0,6,0,6,0,0,0,0,0,0,0,6,0,6,0,0,0,6
03/06/2015,LWB,WV,AEA,EN,Federal Contract Tower,4,4,18,0,26,0,0,8,0,8,4,4,26,0,34,0,0,0,34
03/07/2015,LWB,WV,AEA,EN,Federal Contract Tower,2,3,9,0,14,0,26,25,44,95,2,29,34,44,109,36,20,56,165
03/08/2015,LWB,WV,AEA,EN,Federal Contract Tower,2,6,10,0,18,0,1,19,0,20,2,7,29,0,38,22,0,22,60
03/09/2015,LWB,WV,AEA,EN,Federal Contract Tower,4,6,8,0,18,0,17,33,0,50,4,23,41,0,68,68,0,68,136
03/10/2015,LWB,WV,AEA,EN,Federal Contract Tower,3,5,9,0,17,0,0,0,0,0,3,5,9,0,17,0,0,0,17
03/11/2015,LWB,WV,AEA,EN,Federal Contract Tower,4,4,7,0,15,0,0,0,6,6,4,4,7,6,21,0,0,0,21
03/12/2015,LWB,WV,AEA,EN,Federal Contract Tower,6,5,11,0,22,0,0,19,0,19,6,5,30,0,41,34,0,34,75
03/13/2015,LWB,WV,AEA,EN,Federal Contract Tower,4,7,14,0,25,0,12,2,0,14,4,19,16,0,39,0,0,0,39
03/14/2015,LWB,WV,AEA,EN,Federal Contract Tower,3,4,1,0,8,0,0,0,0,0,3,4,1,0,8,0,0,0,8
03/15/2015,LWB,WV,AEA,EN,Federal Contract Tower,2,1,4,0,7,0,4,10,0,14,2,5,14,0,21,0,0,0,21
03/16/2015,LWB,WV,AEA,EN,Federal Contract Tower,6,1,11,0,18,0,4,10,0,14,6,5,21,0,32,0,0,0,32
03/17/2015,LWB,WV,AEA,EN,Federal Contract Tower,5,6,10,0,21,0,0,4,2,6,5,6,14,2,27,0,0,0,27
03/18/2015,LWB,WV,AEA,EN,Federal Contract Tower,5,5,8,0,18,0,0,23,6,29,5,5,31,6,47,6,0,6,53
03/19/2015,LWB,WV,AEA,EN,Federal Contract Tower,3,3,8,1,15,0,0,6,4,10,3,3,14,5,25,0,0,0,25
03/20/2015,LWB,WV,AEA,EN,Federal Contract Tower,2,7,14,0,23,0,0,0,0,0,2,7,14,0,23,0,0,0,23
03/21/2015,LWB,WV,AEA,EN,Federal Contract Tower,2,7,7,0,16,0,2,18,14,34,2,9,25,14,50,16,0,16,66
03/22/2015,LWB,WV,AEA,EN,Federal Contract Tower,3,3,10,0,16,0,0,20,0,20,3,3,30,0,36,0,0,0,36
03/23/2015,LWB,WV,AEA,EN,Federal Contract Tower,7,3,9,0,19,0,2,23,0,25,7,5,32,0,44,18,0,18,62
03/24/2015,LWB,WV,AEA,EN,Federal Contract Tower,2,1,8,0,11,0,0,0,0,0,2,1,8,0,11,0,0,0,11
03/25/2015,LWB,WV,AEA,EN,Federal Contract Tower,5,19,16,3,43,0,7,6,0,13,5,26,22,3,56,0,0,0,56
03/26/2015,LWB,WV,AEA,EN,Federal Contract Tower,10,2,5,19,36,0,0,0,6,6,10,2,5,25,42,0,28,28,70
03/27/2015,LWB,WV,AEA,EN,Federal Contract Tower,4,0,3,0,7,0,0,0,0,0,4,0,3,0,7,0,0,0,7
03/28/2015,LWB,WV,AEA,EN,Federal Contract Tower,2,2,4,0,8,0,0,0,0,0,2,2,4,0,8,0,0,0,8
03/29/2015,LWB,WV,AEA,EN,Federal Contract Tower,2,5,12,0,19,0,34,0,0,34,2,39,12,0,53,10,0,10,63
03/30/2015,LWB,WV,AEA,EN,Federal Contract Tower,0,7,16,0,23,0,0,6,0,6,0,7,22,0,29,6,0,6,35
03/31/2015,LWB,WV,AEA,EN,Federal Contract Tower,2,5,12,0,19,0,0,2,0,2,2,5,14,0,21,0,0,0,21
04/01/2015,LWB,WV,AEA,EN,Federal Contract Tower,4,10,22,0,36,0,4,25,6,35,4,14,47,6,71,0,0,0,71
04/02/2015,LWB,WV,AEA,EN,Federal Contract Tower,1,15,25,4,45,0,0,8,0,8,1,15,33,4,53,0,0,0,53
04/03/2015,LWB,WV,AEA,EN,Federal Contract Tower,4,15,16,0,35,0,0,0,0,0,4,15,16,0,35,0,0,0,35
04/04/2015,LWB,WV,AEA,EN,Federal Contract Tower,4,1,3,0,8,0,6,0,0,6,4,7,3,0,14,0,0,0,14
04/05/2015,LWB,WV,AEA,EN,Federal Contract Tower,4,6,11,0,21,0,0,30,0,30,4,6,41,0,51,0,0,0,51
04/06/2015,LWB,WV,AEA,EN,Federal Contract Tower,4,7,12,0,23,0,0,13,0,13,4,7,25,0,36,0,0,0,36
04/07/2015,LWB,WV,AEA,EN,Federal Contract Tower,3,3,9,0,15,0,0,1,0,1,3,3,10,0,16,0,0,0,16
04/08/2015,LWB,WV,AEA,EN,Federal Contract Tower,9,5,5,0,19,0,0,6,0,6,9,5,11,0,25,0,0,0,25
04/09/2015,LWB,WV,AEA,EN,Federal Contract Tower,6,13,20,3,42,0,4,4,6,14,6,17,24,9,56,0,82,82,138
04/10/2015,LWB,WV,AEA,EN,Federal Contract Tower,4,22,21,4,51,0,2,0,0,2,4,24,21,4,53,0,0,0,53
04/11/2015,LWB,WV,AEA,EN,Federal Contract Tower,6,6,11,0,23,0,1,22,0,23,6,7,33,0,46,0,0,0,46
04/12/2015,LWB,WV,AEA,EN,Federal Contract Tower,4,8,31,0,43,0,0,48,0,48,4,8,79,0,91,0,0,0,91
04/13/2015,LWB,WV,AEA,EN,Federal Contract Tower,5,11,14,0,30,0,6,15,0,21,5,17,29,0,51,0,0,0,51
04/14/2015,LWB,WV,AEA,EN,Federal Contract Tower,4,12,22,0,38,0,0,0,0,0,4,12,22,0,38,0,0,0,38
04/15/2015,LWB,WV,AEA,EN,Federal Contract Tower,7,7,19,0,33,0,0,0,0,0,7,7,19,0,33,8,0,8,41
04/16/2015,LWB,WV,AEA,EN,Federal Contract Tower,16,23,23,0,62,0,0,15,0,15,16,23,38,0,77,0,0,0,77
04/17/2015,LWB,WV,AEA,EN,Federal Contract Tower,5,15,24,2,46,0,2,7,0,9,5,17,31,2,55,22,0,22,77
04/18/2015,LWB,WV,AEA,EN,Federal Contract Tower,4,11,28,0,43,0,10,52,0,62,4,21,80,0,105,46,0,46,151
04/19/2015,LWB,WV,AEA,EN,Federal Contract Tower,3,6,18,0,27,0,0,2,0,2,3,6,20,0,29,0,0,0,29
04/20/2015,LWB,WV,AEA,EN,Federal Contract Tower,2,4,10,0,16,0,0,0,0,0,2,4,10,0,16,0,0,0,16
04/21/2015,LWB,WV,AEA,EN,Federal Contract Tower,0,20,32,0,52,0,8,7,0,15,0,28,39,0,67,20,0,20,87
04/22/2015,LWB,WV,AEA,EN,Federal Contract Tower,4,14,30,0,48,0,0,6,0,6,4,14,36,0,54,0,0,0,54
04/23/2015,LWB,WV,AEA,EN,Federal Contract Tower,7,10,26,4,47,0,4,8,2,14,7,14,34,6,61,0,0,0,61
04/24/2015,LWB,WV,AEA,EN,Federal Contract Tower,5,22,32,0,59,0,8,23,4,35,5,30,55,4,94,0,0,0,94
04/25/2015,LWB,WV,AEA,EN,Federal Contract Tower,2,14,17,0,33,0,0,0,18,18,2,14,17,18,51,0,0,0,51
04/26/2015,LWB,WV,AEA,EN,Federal Contract Tower,3,8,16,0,27,0,0,0,0,0,3,8,16,0,27,0,0,0,27
04/27/2015,LWB,WV,AEA,EN,Federal Contract Tower,4,5,16,0,25,0,0,14,66,80,4,5,30,66,105,0,0,0,105
04/28/2015,LWB,WV,AEA,EN,Federal Contract Tower,4,6,15,1,26,0,0,10,9,19,4,6,25,10,45,24,0,24,69
04/29/2015,LWB,WV,AEA,EN,Federal Contract Tower,5,1,9,2,17,0,0,15,0,15,5,1,24,2,32,0,0,0,32
04/30/2015,LWB,WV,AEA,EN,Federal Contract Tower,10,6,27,0,43,0,4,16,0,20,10,10,43,0,63,8,0,8,71
05/01/2015,LWB,WV,AEA,EN,Federal Contract Tower,7,19,15,0,41,0,0,5,0,5,7,19,20,0,46,0,0,0,46
05/02/2015,LWB,WV,AEA,EN,Federal Contract Tower,5,18,12,0,35,0,6,22,0,28,5,24,34,0,63,24,0,24,87
05/03/2015,LWB,WV,AEA,EN,Federal Contract Tower,2,24,30,0,56,0,1,24,0,25,2,25,54,0,81,0,0,0,81
05/04/2015,LWB,WV,AEA,EN,Federal Contract Tower,6,1,5,0,12,0,0,21,6,27,6,1,26,6,39,10,0,10,49
05/05/2015,LWB,WV,AEA,EN,Federal Contract Tower,5,5,16,2,28,0,12,21,0,33,5,17,37,2,61,42,0,42,103
05/06/2015,LWB,WV,AEA,EN,Federal Contract Tower,5,19,20,0,44,0,1,7,0,8,5,20,27,0,52,0,0,0,52
05/07/2015,LWB,WV,AEA,EN,Federal Contract Tower,9,13,32,0,54,0,6,7,4,17,9,19,39,4,71,0,0,0,71
05/08/2015,LWB,WV,AEA,EN,Federal Contract Tower,4,25,26,0,55,0,0,13,0,13,4,25,39,0,68,0,0,0,68
05/09/2015,LWB,WV,AEA,EN,Federal Contract Tower,5,10,19,2,36,0,9,16,2,27,5,19,35,4,63,0,10,10,73
05/10/2015,LWB,WV,AEA,EN,Federal Contract Tower,7,11,28,0,46,0,0,17,0,17,7,11,45,0,63,10,0,10,73
05/11/2015,LWB,WV,AEA,EN,Federal Contract Tower,4,8,22,0,34,0,0,14,0,14,4,8,36,0,48,0,0,0,48
05/12/2015,LWB,WV,AEA,EN,Federal Contract Tower,6,4,16,9,35,0,6,8,6,20,6,10,24,15,55,0,52,52,107
05/13/2015,LWB,WV,AEA,EN,Federal Contract Tower,5,10,22,0,37,0,0,16,0,16,5,10,38,0,53,0,0,0,53
05/14/2015,LWB,WV,AEA,EN,Federal Contract Tower,3,14,25,4,46,0,6,23,6,35,3,20,48,10,81,0,32,32,113
05/15/2015,LWB,WV,AEA,EN,Federal Contract Tower,3,11,15,4,33,0,17,9,0,26,3,28,24,4,59,0,0,0,59
05/16/2015,LWB,WV,AEA,EN,Federal Contract Tower,8,13,9,0,30,0,9,2,0,11,8,22,11,0,41,0,0,0,41
05/17/2015,LWB,WV,AEA,EN,Federal Contract Tower,3,3,3,0,9,0,0,3,0,3,3,3,6,0,12,0,0,0,12
05/18/2015,LWB,WV,AEA,EN,Federal Contract Tower,6,14,3,0,23,0,0,4,0,4,6,14,7,0,27,0,0,0,27
05/19/2015,LWB,WV,AEA,EN,Federal Contract Tower,5,7,10,3,25,0,0,15,3,18,5,7,25,6,43,0,0,0,43
05/20/2015,LWB,WV,AEA,EN,Federal Contract Tower,6,15,21,0,42,0,6,23,0,29,6,21,44,0,71,22,0,22,93
05/21/2015,LWB,WV,AEA,EN,Federal Contract Tower,7,23,21,0,51,0,0,32,0,32,7,23,53,0,83,0,0,0,83
05/22/2015,LWB,WV,AEA,EN,Federal Contract Tower,4,22,34,0,60,0,12,14,0,26,4,34,48,0,86,0,0,0,86
05/23/2015,LWB,WV,AEA,EN,Federal Contract Tower,4,9,8,0,21,0,10,40,0,50,4,19,48,0,71,10,0,10,81
05/24/2015,LWB,WV,AEA,EN,Federal Contract Tower,5,14,14,0,33,0,0,20,0,20,5,14,34,0,53,40,0,40,93
05/25/2015,LWB,WV,AEA,EN,Federal Contract Tower,2,37,26,0,65,0,0,33,0,33,2,37,59,0,98,14,0,14,112
05/26/2015,LWB,WV,AEA,EN,Federal Contract Tower,4,19,22,0,45,0,0,12,0,12,4,19,34,0,57,0,0,0,57
05/27/2015,LWB,WV,AEA,EN,Federal Contract Tower,3,2,8,4,17,0,0,0,0,0,3,2,8,4,17,44,0,44,61
05/28/2015,LWB,WV,AEA,EN,Federal Contract Tower,8,3,20,5,36,0,0,7,1,8,8,3,27,6,44,0,0,0,44
05/29/2015,LWB,WV,AEA,EN,Federal Contract Tower,4,5,11,1,21,0,0,12,5,17,4,5,23,6,38,0,0,0,38
05/30/2015,LWB,WV,AEA,EN,Federal Contract Tower,8,0,6,0,14,0,0,15,0,15,8,0,21,0,29,10,0,10,39
05/31/2015,LWB,WV,AEA,EN,Federal Contract Tower,4,29,23,0,56,0,0,18,8,26,4,29,41,8,82,22,4,26,108
06/01/2015,LWB,WV,AEA,EN,Federal Contract Tower,4,21,23,0,48,0,0,2,0,2,4,21,25,0,50,16,0,16,66
06/02/2015,LWB,WV,AEA,EN,Federal Contract Tower,6,5,4,3,18,0,0,20,12,32,6,5,24,15,50,34,54,88,138
06/03/2015,LWB,WV,AEA,EN,Federal Contract Tower,4,10,13,0,27,0,0,1,0,1,4,10,14,0,28,0,0,0,28
06/04/2015,LWB,WV,AEA,EN,Federal Contract Tower,6,10,17,0,33,0,0,5,0,5,6,10,22,0,38,10,0,10,48
06/05/2015,LWB,WV,AEA,EN,Federal Contract Tower,7,17,23,0,47,0,2,3,0,5,7,19,26,0,52,0,0,0,52
06/06/2015,LWB,WV,AEA,EN,Federal Contract Tower,5,6,5,0,16,0,2,13,0,15,5,8,18,0,31,28,0,28,59
06/07/2015,LWB,WV,AEA,EN,Federal Contract Tower,5,26,29,0,60,0,4,10,0,14,5,30,39,0,74,30,0,30,104
06/08/2015,LWB,WV,AEA,EN,Federal Contract Tower,2,15,11,4,32,0,0,10,0,10,2,15,21,4,42,0,0,0,42
06/09/2015,LWB,WV,AEA,EN,Federal Contract Tower,6,4,12,0,22,0,0,1,0,1,6,4,13,0,23,0,0,0,23
06/10/2015,LWB,WV,AEA,EN,Federal Contract Tower,8,7,24,2,41,0,0,21,0,21,8,7,45,2,62,22,0,22,84
06/11/2015,LWB,WV,AEA,EN,Federal Contract Tower,4,26,21,0,51,0,0,20,8,28,4,26,41,8,79,0,0,0,79
06/12/2015,LWB,WV,AEA,EN,Federal Contract Tower,4,16,25,0,45,0,0,6,0,6,4,16,31,0,51,0,0,0,51
06/13/2015,LWB,WV,AEA,EN,Federal Contract Tower,5,18,21,0,44,0,0,5,0,5,5,18,26,0,49,0,0,0,49
06/14/2015,LWB,WV,AEA,EN,Federal Contract Tower,5,30,45,1,81,0,0,13,0,13,5,30,58,1,94,0,0,0,94
06/15/2015,LWB,WV,AEA,EN,Federal Contract Tower,2,24,9,1,36,0,0,8,0,8,2,24,17,1,44,24,0,24,68
06/16/2015,LWB,WV,AEA,EN,Federal Contract Tower,6,9,31,4,50,0,0,4,12,16,6,9,35,16,66,0,24,24,90
06/17/2015,LWB,WV,AEA,EN,Federal Contract Tower,5,21,17,0,43,0,12,4,0,16,5,33,21,0,59,0,0,0,59
06/18/2015,LWB,WV,AEA,EN,Federal Contract Tower,3,21,24,0,48,0,2,3,0,5,3,23,27,0,53,0,0,0,53
06/19/2015,LWB,WV,AEA,EN,Federal Contract Tower,9,26,60,0,95,0,6,5,0,11,9,32,65,0,106,0,0,0,106
06/20/2015,LWB,WV,AEA,EN,Federal Contract Tower,5,19,40,0,64,0,6,22,0,28,5,25,62,0,92,0,0,0,92
06/21/2015,LWB,WV,AEA,EN,Federal Contract Tower,10,42,33,0,85,0,0,11,4,15,10,42,44,4,100,0,0,0,100
06/22/2015,LWB,WV,AEA,EN,Federal Contract Tower,7,9,25,4,45,0,10,17,0,27,7,19,42,4,72,0,6,6,78
06/23/2015,LWB,WV,AEA,EN,Federal Contract Tower,4,33,29,0,66,0,7,19,0,26,4,40,48,0,92,8,0,8,100
06/24/2015,LWB,WV,AEA,EN,Federal Contract Tower,8,10,22,2,42,0,0,40,8,48,8,10,62,10,90,16,0,16,106
06/25/2015,LWB,WV,AEA,EN,Federal Contract Tower,4,6,15,12,37,0,0,25,2,27,4,6,40,14,64,0,18,18,82
06/26/2015,LWB,WV,AEA,EN,Federal Contract Tower,5,15,42,0,62,0,1,2,0,3,5,16,44,0,65,6,0,6,71
06/27/2015,LWB,WV,AEA,EN,Federal Contract Tower,7,24,30,0,61,0,0,0,0,0,7,24,30,0,61,0,0,0,61
06/28/2015,LWB,WV,AEA,EN,Federal Contract Tower,6,34,39,0,79,0,0,1,0,1,6,34,40,0,80,0,0,0,80
06/29/2015,LWB,WV,AEA,EN,Federal Contract Tower,3,46,49,0,98,0,50,44,0,94,3,96,93,0,192,0,0,0,192
06/30/2015,LWB,WV,AEA,EN,Federal Contract Tower,5,59,59,4,127,0,13,22,12,47,5,72,81,16,174,0,0,0,174
07/01/2015,LWB,WV,AEA,EN,Federal Contract Tower,5,48,71,3,127,0,6,27,6,39,5,54,98,9,166,14,4,18,184
07/02/2015,LWB,WV,AEA,EN,Federal Contract Tower,5,39,56,0,100,0,4,20,0,24,5,43,76,0,124,0,0,0,124
07/03/2015,LWB,WV,AEA,EN,Federal Contract Tower,8,14,55,0,77,0,0,0,0,0,8,14,55,0,77,0,0,0,77
07/04/2015,LWB,WV,AEA,EN,Federal Contract Tower,6,17,39,0,62,0,0,0,0,0,6,17,39,0,62,0,0,0,62
07/05/2015,LWB,WV,AEA,EN,Federal Contract Tower,4,99,112,0,215,0,13,6,0,19,4,112,118,0,234,2,0,2,236
07/06/2015,LWB,WV,AEA,EN,Federal Contract Tower,5,18,25,0,48,0,0,0,0,0,5,18,25,0,48,0,0,0,48
07/07/2015,LWB,WV,AEA,EN,Federal Contract Tower,3,5,16,0,24,0,20,49,0,69,3,25,65,0,93,14,0,14,107
07/08/2015,LWB,WV,AEA,EN,Federal Contract Tower,6,11,6,5,28,0,4,0,4,8,6,15,6,9,36,0,0,0,36
07/09/2015,LWB,WV,AEA,EN,Federal Contract Tower,6,25,34,0,65,0,12,14,0,26,6,37,48,0,91,0,0,0,91
07/10/2015,LWB,WV,AEA,EN,Federal Contract Tower,5,24,35,0,64,0,11,27,0,38,5,35,62,0,102,0,0,0,102
07/11/2015,LWB,WV,AEA,EN,Federal Contract Tower,6,4,15,0,25,0,10,5,0,15,6,14,20,0,40,0,0,0,40
07/12/2015,LWB,WV,AEA,EN,Federal Contract Tower,6,8,33,0,47,0,0,8,0,8,6,8,41,0,55,0,0,0,55
07/13/2015,LWB,WV,AEA,EN,Federal Contract Tower,4,11,14,0,29,0,8,10,0,18,4,19,24,0,47,28,0,28,75
07/14/2015,LWB,WV,AEA,EN,Federal Contract Tower,4,13,13,0,30,0,0,8,4,12,4,13,21,4,42,10,0,10,52
07/15/2015,LWB,WV,AEA,EN,Federal Contract Tower,6,14,21,0,41,0,10,20,0,30,6,24,41,0,71,0,0,0,71
07/16/2015,LWB,WV,AEA,EN,Federal Contract Tower,9,29,49,15,102,0,6,41,13,60,9,35,90,28,162,24,22,46,208
07/17/2015,LWB,WV,AEA,EN,Federal Contract Tower,4,8,30,1,43,0,9,13,13,35,4,17,43,14,78,0,18,18,96
07/18/2015,LWB,WV,AEA,EN,Federal Contract Tower,5,11,18,4,38,0,17,5,0,22,5,28,23,4,60,0,0,0,60
07/19/2015,LWB,WV,AEA,EN,Federal Contract Tower,5,13,40,0,58,0,0,13,0,13,5,13,53,0,71,6,0,6,77
07/20/2015,LWB,WV,AEA,EN,Federal Contract Tower,7,14,14,0,35,0,0,4,0,4,7,14,18,0,39,0,0,0,39
07/21/2015,LWB,WV,AEA,EN,Federal Contract Tower,4,18,18,0,40,0,0,4,0,4,4,18,22,0,44,0,0,0,44
07/22/2015,LWB,WV,AEA,EN,Federal Contract Tower,4,13,24,0,41,0,20,41,2,63,4,33,65,2,104,16,0,16,120
07/23/2015,LWB,WV,AEA,EN,Federal Contract Tower,7,34,45,6,92,0,7,28,23,58,7,41,73,29,150,0,0,0,150
07/24/2015,LWB,WV,AEA,EN,Federal Contract Tower,6,36,34,1,77,0,14,8,10,32,6,50,42,11,109,0,0,0,109
07/25/2015,LWB,WV,AEA,EN,Federal Contract Tower,6,6,15,1,28,0,8,12,2,22,6,14,27,3,50,16,0,16,66
07/26/2015,LWB,WV,AEA,EN,Federal Contract Tower,6,28,29,2,65,0,14,27,0,41,6,42,56,2,106,0,0,0,106
07/27/2015,LWB,WV,AEA,EN,Federal Contract Tower,4,21,16,0,41,0,0,12,0,12,4,21,28,0,53,12,0,12,65
07/28/2015,LWB,WV,AEA,EN,Federal Contract Tower,13,7,15,0,35,0,10,17,0,27,13,17,32,0,62,0,0,0,62
07/29/2015,LWB,WV,AEA,EN,Federal Contract Tower,7,34,34,0,75,0,12,20,0,32,7,46,54,0,107,0,0,0,107
07/30/2015,LWB,WV,AEA,EN,Federal Contract Tower,8,11,23,0,42,0,3,30,0,33,8,14,53,0,75,16,0,16,91
07/31/2015,LWB,WV,AEA,EN,Federal Contract Tower,5,29,32,0,66,0,5,39,0,44,5,34,71,0,110,0,0,0,110
08/01/2015,LWB,WV,AEA,EN,Federal Contract Tower,6,27,16,0,49,0,4,36,4,44,6,31,52,4,93,36,0,36,129
08/02/2015,LWB,WV,AEA,EN,Federal Contract Tower,4,19,33,0,56,0,1,9,4,14,4,20,42,4,70,10,0,10,80
08/03/2015,LWB,WV,AEA,EN,Federal Contract Tower,2,11,17,0,30,0,0,46,0,46,2,11,63,0,76,0,0,0,76
08/04/2015,LWB,WV,AEA,EN,Federal Contract Tower,6,16,42,0,64,0,14,42,0,56,6,30,84,0,120,0,0,0,120
08/05/2015,LWB,WV,AEA,EN,Federal Contract Tower,7,12,33,0,52,0,12,33,0,45,7,24,66,0,97,18,0,18,115
08/06/2015,LWB,WV,AEA,EN,Federal Contract Tower,6,31,49,0,86,0,12,4,0,16,6,43,53,0,102,0,0,0,102
08/07/2015,LWB,WV,AEA,EN,Federal Contract Tower,7,33,44,0,84,0,2,26,0,28,7,35,70,0,112,0,0,0,112
08/08/2015,LWB,WV,AEA,EN,Federal Contract Tower,7,20,17,0,44,0,0,5,0,5,7,20,22,0,49,28,0,28,77
08/09/2015,LWB,WV,AEA,EN,Federal Contract Tower,7,35,58,0,100,0,2,13,3,18,7,37,71,3,118,8,0,8,126
08/10/2015,LWB,WV,AEA,EN,Federal Contract Tower,6,6,21,0,33,0,4,8,0,12,6,10,29,0,45,0,0,0,45
08/11/2015,LWB,WV,AEA,EN,Federal Contract Tower,4,3,30,0,37,0,10,4,0,14,4,13,34,0,51,0,0,0,51
08/12/2015,LWB,WV,AEA,EN,Federal Contract Tower,12,2,32,1,47,0,0,55,6,61,12,2,87,7,108,16,0,16,124
08/13/2015,LWB,WV,AEA,EN,Federal Contract Tower,11,15,15,2,43,0,3,43,4,50,11,18,58,6,93,12,0,12,105
08/14/2015,LWB,WV,AEA,EN,Federal Contract Tower,8,33,38,0,79,0,10,76,0,86,8,43,114,0,165,30,0,30,195
08/15/2015,LWB,WV,AEA,EN,Federal Contract Tower,2,13,19,0,34,0,18,18,0,36,2,31,37,0,70,30,0,30,100
08/16/2015,LWB,WV,AEA,EN,Federal Contract Tower,4,28,17,0,49,0,16,18,0,34,4,44,35,0,83,20,0,20,103
08/17/2015,LWB,WV,AEA,EN,Federal Contract Tower,7,13,30,0,50,0,7,35,4,46,7,20,65,4,96,0,0,0,96
08/18/2015,LWB,WV,AEA,EN,Federal Contract Tower,6,8,35,0,49,0,1,15,0,16,6,9,50,0,65,0,0,0,65
08/19/2015,LWB,WV,AEA,EN,Federal Contract Tower,5,18,20,0,43,0,2,21,0,23,5,20,41,0,66,0,0,0,66
08/20/2015,LWB,WV,AEA,EN,Federal Contract Tower,2,22,24,1,49,0,9,27,2,38,2,31,51,3,87,16,0,16,103
08/21/2015,LWB,WV,AEA,EN,Federal Contract Tower,13,25,35,1,74,0,14,38,0,52,13,39,73,1,126,22,4,26,152
08/22/2015,LWB,WV,AEA,EN,Federal Contract Tower,6,19,28,0,53,0,2,66,12,80,6,21,94,12,133,72,0,72,205
08/23/2015,LWB,WV,AEA,EN,Federal Contract Tower,6,29,32,0,67,0,9,16,0,25,6,38,48,0,92,0,0,0,92
08/24/2015,LWB,WV,AEA,EN,Federal Contract Tower,4,19,30,3,56,0,1,35,2,38,4,20,65,5,94,26,14,40,134
08/25/2015,LWB,WV,AEA,EN,Federal Contract Tower,3,6,30,0,39,0,4,9,0,13,3,10,39,0,52,18,0,18,70
08/26/2015,LWB,WV,AEA,EN,Federal Contract Tower,6,12,29,0,47,0,0,193,4,197,6,12,222,4,244,0,0,0,244
08/27/2015,LWB,WV,AEA,EN,Federal Contract Tower,10,22,33,0,65,0,8,159,2,169,10,30,192,2,234,0,0,0,234
08/28/2015,LWB,WV,AEA,EN,Federal Contract Tower,7,6,15,5,33,0,8,24,14,46,7,14,39,19,79,0,16,16,95
08/29/2015,LWB,WV,AEA,EN,Federal Contract Tower,6,15,23,3,47,0,11,41,4,56,6,26,64,7,103,46,0,46,149
08/30/2015,LWB,WV,AEA,EN,Federal Contract Tower,5,27,27,0,59,0,0,20,0,20,5,27,47,0,79,0,0,0,79
08/31/2015,LWB,WV,AEA,EN,Federal Contract Tower,5,12,23,0,40,0,11,24,4,39,5,23,47,4,79,0,0,0,79
09/01/2015,LWB,WV,AEA,EN,Federal Contract Tower,6,18,22,0,46,0,8,15,0,23,6,26,37,0,69,25,0,25,94
09/02/2015,LWB,WV,AEA,EN,Federal Contract Tower,4,6,26,3,39,0,3,48,0,51,4,9,74,3,90,0,0,0,90
09/03/2015,LWB,WV,AEA,EN,Federal Contract Tower,4,28,10,0,42,0,9,6,0,15,4,37,16,0,57,0,0,0,57
09/04/2015,LWB,WV,AEA,EN,Federal Contract Tower,6,31,51,0,88,0,4,15,0,19,6,35,66,0,107,0,0,0,107
09/05/2015,LWB,WV,AEA,EN,Federal Contract Tower,7,8,26,0,41,0,0,3,4,7,7,8,29,4,48,0,0,0,48
09/06/2015,LWB,WV,AEA,EN,Federal Contract Tower,5,32,28,0,65,0,6,7,0,13,5,38,35,0,78,12,0,12,90
09/07/2015,LWB,WV,AEA,EN,Federal Contract Tower,6,20,31,2,59,0,2,20,4,26,6,22,51,6,85,0,0,0,85
09/08/2015,LWB,WV,AEA,EN,Federal Contract Tower,5,15,27,3,50,0,3,3,2,8,5,18,30,5,58,0,0,0,58
09/09/2015,LWB,WV,AEA,EN,Federal Contract Tower,2,12,40,0,54,0,0,12,0,12,2,12,52,0,66,0,0,0,66
09/10/2015,LWB,WV,AEA,EN,Federal Contract Tower,5,6,26,0,37,0,0,0,0,0,5,6,26,0,37,0,0,0,37
09/11/2015,LWB,WV,AEA,EN,Federal Contract Tower,8,6,38,0,52,0,24,12,0,36,8,30,50,0,88,0,0,0,88
09/12/2015,LWB,WV,AEA,EN,Federal Contract Tower,5,5,17,0,27,0,0,0,0,0,5,5,17,0,27,0,0,0,27
09/13/2015,LWB,WV,AEA,EN,Federal Contract Tower,4,9,8,0,21,0,3,5,0,8,4,12,13,0,29,0,0,0,29
09/14/2015,LWB,WV,AEA,EN,Federal Contract Tower,3,18,52,0,73,0,5,17,0,22,3,23,69,0,95,0,0,0,95
09/15/2015,LWB,WV,AEA,EN,Federal Contract Tower,6,21,21,4,52,0,4,36,6,46,6,25,57,10,98,12,0,12,110
09/16/2015,LWB,WV,AEA,EN,Federal Contract Tower,4,13,48,2,67,0,8,6,3,17,4,21,54,5,84,0,48,48,132
09/17/2015,LWB,WV,AEA,EN,Federal Contract Tower,4,13,33,0,50,0,8,25,6,39,4,21,58,6,89,10,0,10,99
09/18/2015,LWB,WV,AEA,EN,Federal Contract Tower,5,8,9,0,22,0,6,41,14,61,5,14,50,14,83,10,0,10,93
09/19/2015,LWB,WV,AEA,EN,Federal Contract Tower,5,5,24,0,34,0,7,42,0,49,5,12,66,0,83,10,0,10,93
09/20/2015,LWB,WV,AEA,EN,Federal Contract Tower,8,40,28,0,76,0,0,9,0,9,8,40,37,0,85,0,0,0,85
09/21/2015,LWB,WV,AEA,EN,Federal Contract Tower,7,13,24,0,44,0,0,0,0,0,7,13,24,0,44,0,0,0,44
09/22/2015,LWB,WV,AEA,EN,Federal Contract Tower,7,17,9,0,33,0,0,6,0,6,7,17,15,0,39,0,0,0,39
09/23/2015,LWB,WV,AEA,EN,Federal Contract Tower,4,12,12,0,28,0,7,17,0,24,4,19,29,0,52,10,0,10,62
09/24/2015,LWB,WV,AEA,EN,Federal Contract Tower,6,15,35,0,56,0,2,19,0,21,6,17,54,0,77,12,0,12,89
09/25/2015,LWB,WV,AEA,EN,Federal Contract Tower,4,27,45,3,79,0,4,1,2,7,4,31,46,5,86,0,0,0,86
09/26/2015,LWB,WV,AEA,EN,Federal Contract Tower,6,15,16,0,37,0,0,0,0,0,6,15,16,0,37,0,0,0,37
09/27/2015,LWB,WV,AEA,EN,Federal Contract Tower,4,32,47,0,83,0,0,0,0,0,4,32,47,0,83,0,0,0,83
09/28/2015,LWB,WV,AEA,EN,Federal Contract Tower,7,12,22,0,41,0,0,0,0,0,7,12,22,0,41,0,0,0,41
09/29/2015,LWB,WV,AEA,EN,Federal Contract Tower,4,10,23,0,37,0,0,0,0,0,4,10,23,0,37,0,0,0,37
09/30/2015,LWB,WV,AEA,EN,Federal Contract Tower,5,17,23,8,53,0,4,1,6,11,5,21,24,14,64,0,48,48,112
10/01/2015,LWB,WV,AEA,EN,Federal Contract Tower,5,6,22,0,33,0,0,0,0,0,5,6,22,0,33,0,0,0,33
10/02/2015,LWB,WV,AEA,EN,Federal Contract Tower,4,12,13,0,29,0,0,0,0,0,4,12,13,0,29,0,0,0,29
10/03/2015,LWB,WV,AEA,EN,Federal Contract Tower,5,4,15,0,24,0,0,0,0,0,5,4,15,0,24,0,0,0,24
10/04/2015,LWB,WV,AEA,EN,Federal Contract Tower,4,14,42,0,60,0,5,1,0,6,4,19,43,0,66,0,0,0,66
10/05/2015,LWB,WV,AEA,EN,Federal Contract Tower,5,6,22,5,38,0,14,22,0,36,5,20,44,5,74,4,0,4,78
10/06/2015,LWB,WV,AEA,EN,Federal Contract Tower,3,19,39,3,64,0,3,16,0,19,3,22,55,3,83,16,0,16,99
10/07/2015,LWB,WV,AEA,EN,Federal Contract Tower,4,10,25,0,39,0,7,16,0,23,4,17,41,0,62,40,0,40,102
10/08/2015,LWB,WV,AEA,EN,Federal Contract Tower,20,17,47,2,86,0,1,22,1,24,20,18,69,3,110,20,0,20,130
10/09/2015,LWB,WV,AEA,EN,Federal Contract Tower,4,17,23,0,44,0,0,0,0,0,4,17,23,0,44,0,0,0,44
10/10/2015,LWB,WV,AEA,EN,Federal Contract Tower,8,11,30,0,49,0,0,15,4,19,8,11,45,4,68,24,0,24,92
10/11/2015,LWB,WV,AEA,EN,Federal Contract Tower,8,18,37,0,63,0,13,20,0,33,8,31,57,0,96,0,0,0,96
10/12/2015,LWB,WV,AEA,EN,Federal Contract Tower,7,20,33,0,60,0,0,14,0,14,7,20,47,0,74,0,0,0,74
10/13/2015,LWB,WV,AEA,EN,Federal Contract Tower,5,14,26,0,45,0,10,6,0,16,5,24,32,0,61,0,0,0,61
10/14/2015,LWB,WV,AEA,EN,Federal Contract Tower,3,24,71,0,98,0,2,6,0,8,3,26,77,0,106,0,0,0,106
10/15/2015,LWB,WV,AEA,EN,Federal Contract Tower,6,30,38,0,74,0,20,15,0,35,6,50,53,0,109,0,0,0,109
10/16/2015,LWB,WV,AEA,EN,Federal Contract Tower,6,15,40,0,61,0,5,9,0,14,6,20,49,0,75,0,0,0,75
10/17/2015,LWB,WV,AEA,EN,Federal Contract Tower,8,13,25,2,48,0,4,18,2,24,8,17,43,4,72,0,0,0,72
10/18/2015,LWB,WV,AEA,EN,Federal Contract Tower,5,18,25,0,48,0,13,6,0,19,5,31,31,0,67,0,0,0,67
10/19/2015,LWB,WV,AEA,EN,Federal Contract Tower,2,9,24,0,35,0,2,33,0,35,2,11,57,0,70,20,0,20,90
10/20/2015,LWB,WV,AEA,EN,Federal Contract Tower,4,18,16,0,38,0,20,25,8,53,4,38,41,8,91,0,0,0,91
10/21/2015,LWB,WV,AEA,EN,Federal Contract Tower,7,15,23,0,45,0,11,18,0,29,7,26,41,0,74,14,0,14,88
10/22/2015,LWB,WV,AEA,EN,Federal Contract Tower,7,22,20,0,49,0,3,42,0,45,7,25,62,0,94,10,0,10,104
10/23/2015,LWB,WV,AEA,EN,Federal Contract Tower,6,11,36,0,53,0,3,7,0,10,6,14,43,0,63,0,0,0,63
10/24/2015,LWB,WV,AEA,EN,Federal Contract Tower,7,12,16,0,35,0,1,37,0,38,7,13,53,0,73,24,0,24,97
10/25/2015,LWB,WV,AEA,EN,Federal Contract Tower,6,7,38,3,54,0,2,2,0,4,6,9,40,3,58,0,0,0,58
10/26/2015,LWB,WV,AEA,EN,Federal Contract Tower,5,10,22,0,37,0,8,16,4,28,5,18,38,4,65,0,0,0,65
10/27/2015,LWB,WV,AEA,EN,Federal Contract Tower,5,16,19,0,40,0,0,0,0,0,5,16,19,0,40,0,0,0,40
10/28/2015,LWB,WV,AEA,EN,Federal Contract Tower,3,12,20,0,35,0,0,0,0,0,3,12,20,0,35,0,0,0,35
10/29/2015,LWB,WV,AEA,EN,Federal Contract Tower,5,13,15,9,42,0,8,0,0,8,5,21,15,9,50,0,0,0,50
10/30/2015,LWB,WV,AEA,EN,Federal Contract Tower,5,11,21,1,38,0,2,20,12,34,5,13,41,13,72,16,6,22,94
10/31/2015,LWB,WV,AEA,EN,Federal Contract Tower,4,2,9,0,15,0,10,36,0,46,4,12,45,0,61,20,0,20,81
11/01/2015,LWB,WV,AEA,EN,Federal Contract Tower,2,18,16,0,36,0,0,0,0,0,2,18,16,0,36,0,0,0,36
11/02/2015,LWB,WV,AEA,EN,Federal Contract Tower,4,10,13,0,27,0,0,22,0,22,4,10,35,0,49,14,0,14,63
11/03/2015,LWB,WV,AEA,EN,Federal Contract Tower,5,7,13,0,25,0,0,24,0,24,5,7,37,0,49,0,0,0,49
11/04/2015,LWB,WV,AEA,EN,Federal Contract Tower,5,7,22,0,34,0,4,12,2,18,5,11,34,2,52,0,0,0,52
11/05/2015,LWB,WV,AEA,EN,Federal Contract Tower,5,8,19,12,44,0,3,21,2,26,5,11,40,14,70,22,12,34,104
11/06/2015,LWB,WV,AEA,EN,Federal Contract Tower,5,14,21,0,40,0,10,9,0,19,5,24,30,0,59,0,0,0,59
11/07/2015,LWB,WV,AEA,EN,Federal Contract Tower,2,0,4,0,6,0,0,0,0,0,2,0,4,0,6,0,0,0,6
11/08/2015,LWB,WV,AEA,EN,Federal Contract Tower,2,9,23,0,34,0,6,26,0,32,2,15,49,0,66,14,0,14,80
11/09/2015,LWB,WV,AEA,EN,Federal Contract Tower,4,3,18,0,25,0,0,0,0,0,4,3,18,0,25,0,0,0,25
11/10/2015,LWB,WV,AEA,EN,Federal Contract Tower,6,1,2,0,9,0,0,3,0,3,6,1,5,0,12,0,0,0,12
11/11/2015,LWB,WV,AEA,EN,Federal Contract Tower,7,2,6,0,15,0,4,25,0,29,7,6,31,0,44,40,0,40,84
11/12/2015,LWB,WV,AEA,EN,Federal Contract Tower,5,7,1,0,13,0,3,0,0,3,5,10,1,0,16,0,0,0,16
11/13/2015,LWB,WV,AEA,EN,Federal Contract Tower,4,6,11,0,21,0,19,3,0,22,4,25,14,0,43,0,0,0,43
11/14/2015,LWB,WV,AEA,EN,Federal Contract Tower,3,5,8,0,16,0,0,11,0,11,3,5,19,0,27,0,0,0,27
11/15/2015,LWB,WV,AEA,EN,Federal Contract Tower,2,3,11,0,16,0,10,58,0,68,2,13,69,0,84,20,0,20,104
11/16/2015,LWB,WV,AEA,EN,Federal Contract Tower,4,0,9,0,13,0,0,15,0,15,4,0,24,0,28,6,0,6,34
11/17/2015,LWB,WV,AEA,EN,Federal Contract Tower,6,7,8,0,21,0,13,4,0,17,6,20,12,0,38,0,0,0,38
11/18/2015,LWB,WV,AEA,EN,Federal Contract Tower,4,5,15,0,24,0,2,0,0,2,4,7,15,0,26,0,0,0,26
11/19/2015,LWB,WV,AEA,EN,Federal Contract Tower,6,14,3,0,23,0,19,0,0,19,6,33,3,0,42,0,0,0,42
11/20/2015,LWB,WV,AEA,EN,Federal Contract Tower,6,3,2,4,15,0,0,8,2,10,6,3,10,6,25,0,14,14,39
11/22/2015,LWB,WV,AEA,EN,Federal Contract Tower,2,10,14,0,26,0,4,6,0,10,2,14,20,0,36,0,0,0,36
11/23/2015,LWB,WV,AEA,EN,Federal Contract Tower,3,1,6,0,10,0,7,14,0,21,3,8,20,0,31,20,0,20,51
11/24/2015,LWB,WV,AEA,EN,Federal Contract Tower,5,12,26,0,43,0,3,18,0,21,5,15,44,0,64,0,0,0,64
11/25/2015,LWB,WV,AEA,EN,Federal Contract Tower,4,16,30,0,50,0,0,44,0,44,4,16,74,0,94,12,0,12,106
11/26/2015,LWB,WV,AEA,EN,Federal Contract Tower,5,6,7,0,18,0,15,3,0,18,5,21,10,0,36,6,0,6,42
11/27/2015,LWB,WV,AEA,EN,Federal Contract Tower,5,10,12,0,27,0,6,35,0,41,5,16,47,0,68,26,0,26,94
11/28/2015,LWB,WV,AEA,EN,Federal Contract Tower,2,16,20,0,38,0,0,18,0,18,2,16,38,0,56,36,0,36,92
11/29/2015,LWB,WV,AEA,EN,Federal Contract Tower,3,28,41,0,72,0,0,1,0,1,3,28,42,0,73,0,0,0,73
11/30/2015,LWB,WV,AEA,EN,Federal Contract Tower,4,5,19,0,28,0,0,0,0,0,4,5,19,0,28,0,0,0,28
12/01/2015,LWB,WV,AEA,EN,Federal Contract Tower,4,4,7,0,15,0,0,0,0,0,4,4,7,0,15,0,0,0,15
12/02/2015,LWB,WV,AEA,EN,Federal Contract Tower,2,5,18,0,25,0,0,3,0,3,2,5,21,0,28,0,0,0,28
12/03/2015,LWB,WV,AEA,EN,Federal Contract Tower,5,7,10,0,22,0,2,15,0,17,5,9,25,0,39,10,0,10,49
12/04/2015,LWB,WV,AEA,EN,Federal Contract Tower,8,10,13,0,31,0,19,29,0,48,8,29,42,0,79,60,0,60,139
12/05/2015,LWB,WV,AEA,EN,Federal Contract Tower,3,7,9,3,22,0,0,22,20,42,3,7,31,23,64,20,18,38,102
12/06/2015,LWB,WV,AEA,EN,Federal Contract Tower,3,7,14,0,24,0,0,21,2,23,3,7,35,2,47,0,0,0,47
12/07/2015,LWB,WV,AEA,EN,Federal Contract Tower,7,2,2,10,21,0,0,4,0,4,7,2,6,10,25,16,14,30,55
12/08/2015,LWB,WV,AEA,EN,Federal Contract Tower,4,1,11,0,16,0,0,43,0,43,4,1,54,0,59,44,0,44,103
12/09/2015,LWB,WV,AEA,EN,Federal Contract Tower,4,6,11,0,21,0,6,21,0,27,4,12,32,0,48,20,0,20,68
12/10/2015,LWB,WV,AEA,EN,Federal Contract Tower,5,7,21,0,33,0,9,5,3,17,5,16,26,3,50,0,0,0,50
12/11/2015,LWB,WV,AEA,EN,Federal Contract Tower,4,23,26,0,53,0,82,18,0,100,4,105,44,0,153,66,0,66,219
12/12/2015,LWB,WV,AEA,EN,Federal Contract Tower,2,7,10,0,19,0,6,36,0,42,2,13,46,0,61,30,0,30,91
12/13/2015,LWB,WV,AEA,EN,Federal Contract Tower,2,10,28,0,40,0,6,30,0,36,2,16,58,0,76,28,0,28,104
12/15/2015,LWB,WV,AEA,EN,Federal Contract Tower,6,10,11,0,27,0,5,12,0,17,6,15,23,0,44,26,0,26,70
12/16/2015,LWB,WV,AEA,EN,Federal Contract Tower,4,9,11,0,24,0,9,32,0,41,4,18,43,0,65,36,0,36,101
12/17/2015,LWB,WV,AEA,EN,Federal Contract Tower,6,3,8,0,17,0,0,0,0,0,6,3,8,0,17,0,0,0,17
12/18/2015,LWB,WV,AEA,EN,Federal Contract Tower,7,13,9,0,29,0,0,2,0,2,7,13,11,0,31,0,0,0,31
12/19/2015,LWB,WV,AEA,EN,Federal Contract Tower,2,6,11,0,19,0,0,10,0,10,2,6,21,0,29,0,0,0,29
12/20/2015,LWB,WV,AEA,EN,Federal Contract Tower,3,14,14,0,31,0,6,9,0,15,3,20,23,0,46,0,0,0,46
12/21/2015,LWB,WV,AEA,EN,Federal Contract Tower,5,7,13,0,25,0,5,3,0,8,5,12,16,0,33,6,0,6,39
12/22/2015,LWB,WV,AEA,EN,Federal Contract Tower,5,5,30,0,40,0,0,11,0,11,5,5,41,0,51,8,0,8,59
12/23/2015,LWB,WV,AEA,EN,Federal Contract Tower,10,0,11,0,21,0,0,0,0,0,10,0,11,0,21,0,0,0,21
12/24/2015,LWB,WV,AEA,EN,Federal Contract Tower,6,1,3,0,10,0,3,0,0,3,6,4,3,0,13,0,0,0,13
12/25/2015,LWB,WV,AEA,EN,Federal Contract Tower,5,2,0,0,7,0,6,0,0,6,5,8,0,0,13,0,0,0,13
12/26/2015,LWB,WV,AEA,EN,Federal Contract Tower,2,4,22,0,28,0,0,0,0,0,2,4,22,0,28,0,0,0,28
12/27/2015,LWB,WV,AEA,EN,Federal Contract Tower,3,5,7,0,15,0,4,19,0,23,3,9,26,0,38,16,0,16,54
12/28/2015,LWB,WV,AEA,EN,Federal Contract Tower,6,19,13,0,38,0,1,4,0,5,6,20,17,0,43,0,0,0,43
12/29/2015,LWB,WV,AEA,EN,Federal Contract Tower,6,9,6,0,21,0,4,5,0,9,6,13,11,0,30,0,0,0,30
12/30/2015,LWB,WV,AEA,EN,Federal Contract Tower,4,18,18,0,40,0,18,0,0,18,4,36,18,0,58,0,0,0,58
12/31/2015,LWB,WV,AEA,EN,Federal Contract Tower,4,15,17,0,36,0,0,2,0,2,4,15,19,0,38,14,0,14,52
01/01/2016,LWB,WV,AEA,EN,Federal Contract Tower,4,15,4,0,23,0,0,4,0,4,4,15,8,0,27,0,0,0,27
01/02/2016,LWB,WV,AEA,EN,Federal Contract Tower,3,10,16,0,29,0,16,13,0,29,3,26,29,0,58,0,0,0,58
01/03/2016,LWB,WV,AEA,EN,Federal Contract Tower,2,12,10,0,24,0,17,3,0,20,2,29,13,0,44,10,0,10,54
01/04/2016,LWB,WV,AEA,EN,Federal Contract Tower,5,8,9,0,22,0,0,0,0,0,5,8,9,0,22,0,0,0,22
01/05/2016,LWB,WV,AEA,EN,Federal Contract Tower,2,7,11,0,20,0,0,6,0,6,2,7,17,0,26,0,0,0,26
01/06/2016,LWB,WV,AEA,EN,Federal Contract Tower,6,1,7,0,14,0,2,6,0,8,6,3,13,0,22,0,0,0,22
01/07/2016,LWB,WV,AEA,EN,Federal Contract Tower,7,8,5,0,20,0,0,34,0,34,7,8,39,0,54,40,0,40,94
01/08/2016,LWB,WV,AEA,EN,Federal Contract Tower,4,5,10,0,19,0,6,0,0,6,4,11,10,0,25,0,0,0,25
01/09/2016,LWB,WV,AEA,EN,Federal Contract Tower,3,3,5,0,11,0,6,0,0,6,3,9,5,0,17,0,0,0,17
01/10/2016,LWB,WV,AEA,EN,Federal Contract Tower,4,7,11,0,22,0,0,0,0,0,4,7,11,0,22,0,0,0,22
01/11/2016,LWB,WV,AEA,EN,Federal Contract Tower,5,1,2,0,8,0,10,9,4,23,5,11,11,4,31,16,0,16,47
01/12/2016,LWB,WV,AEA,EN,Federal Contract Tower,0,6,6,0,12,0,0,0,0,0,0,6,6,0,12,0,0,0,12
01/13/2016,LWB,WV,AEA,EN,Federal Contract Tower,4,5,8,0,17,0,3,5,0,8,4,8,13,0,25,0,0,0,25
01/14/2016,LWB,WV,AEA,EN,Federal Contract Tower,5,3,10,0,18,0,3,11,0,14,5,6,21,0,32,0,0,0,32
01/15/2016,LWB,WV,AEA,EN,Federal Contract Tower,4,6,5,0,15,0,5,6,0,11,4,11,11,0,26,26,0,26,52
01/16/2016,LWB,WV,AEA,EN,Federal Contract Tower,3,9,0,0,12,0,0,2,0,2,3,9,2,0,14,0,0,0,14
01/17/2016,LWB,WV,AEA,EN,Federal Contract Tower,3,3,7,0,13,0,0,6,0,6,3,3,13,0,19,0,0,0,19
01/18/2016,LWB,WV,AEA,EN,Federal Contract Tower,0,7,21,0,28,0,4,10,0,14,0,11,31,0,42,0,0,0,42
01/19/2016,LWB,WV,AEA,EN,Federal Contract Tower,6,1,5,0,12,0,4,12,0,16,6,5,17,0,28,0,0,0,28
01/20/2016,LWB,WV,AEA,EN,Federal Contract Tower,4,9,10,0,23,0,0,2,0,2,4,9,12,0,25,0,0,0,25
01/21/2016,LWB,WV,AEA,EN,Federal Contract Tower,4,10,15,0,29,0,4,16,0,20,4,14,31,0,49,0,0,0,49
01/22/2016,LWB,WV,AEA,EN,Federal Contract Tower,0,0,3,0,3,0,2,0,0,2,0,2,3,0,5,0,0,0,5
01/23/2016,LWB,WV,AEA,EN,Federal Contract Tower,0,0,0,0,0,0,0,0,0,0,0,0,0,0,0,0,0,0,0
01/24/2016,LWB,WV,AEA,EN,Federal Contract Tower,11,10,0,0,21,0,10,0,0,10,11,20,0,0,31,0,0,0,31
01/25/2016,LWB,WV,AEA,EN,Federal Contract Tower,4,7,0,0,11,0,8,14,0,22,4,15,14,0,33,0,0,0,33
01/26/2016,LWB,WV,AEA,EN,Federal Contract Tower,0,2,5,0,7,0,0,0,0,0,0,2,5,0,7,0,0,0,7
01/27/2016,LWB,WV,AEA,EN,Federal Contract Tower,4,4,7,2,17,0,8,0,0,8,4,12,7,2,25,0,0,0,25
01/28/2016,LWB,WV,AEA,EN,Federal Contract Tower,2,6,21,1,30,0,2,3,0,5,2,8,24,1,35,0,0,0,35
01/29/2016,LWB,WV,AEA,EN,Federal Contract Tower,5,6,16,0,27,2,1,1,0,4,7,7,17,0,31,0,0,0,31
01/30/2016,LWB,WV,AEA,EN,Federal Contract Tower,2,2,13,0,17,0,0,31,2,33,2,2,44,2,50,54,0,54,104
01/31/2016,LWB,WV,AEA,EN,Federal Contract Tower,3,6,20,0,29,0,16,27,0,43,3,22,47,0,72,18,0,18,90
02/01/2016,LWB,WV,AEA,EN,Federal Contract Tower,6,2,10,0,18,0,0,2,0,2,6,2,12,0,20,0,0,0,20
02/02/2016,LWB,WV,AEA,EN,Federal Contract Tower,5,2,1,0,8,0,0,0,0,0,5,2,1,0,8,0,0,0,8
02/03/2016,LWB,WV,AEA,EN,Federal Contract Tower,2,2,4,0,8,0,0,0,0,0,2,2,4,0,8,0,0,0,8
02/04/2016,LWB,WV,AEA,EN,Federal Contract Tower,5,2,5,3,15,0,8,9,0,17,5,10,14,3,32,0,0,0,32
02/05/2016,LWB,WV,AEA,EN,Federal Contract Tower,7,7,22,0,36,0,9,20,0,29,7,16,42,0,65,14,0,14,79
02/06/2016,LWB,WV,AEA,EN,Federal Contract Tower,2,1,20,0,23,0,4,37,0,41,2,5,57,0,64,20,0,20,84
02/07/2016,LWB,WV,AEA,EN,Federal Contract Tower,3,1,9,0,13,0,2,19,0,21,3,3,28,0,34,44,0,44,78
02/08/2016,LWB,WV,AEA,EN,Federal Contract Tower,4,0,3,0,7,0,2,0,0,2,4,2,3,0,9,0,0,0,9
02/09/2016,LWB,WV,AEA,EN,Federal Contract Tower,3,0,7,0,10,0,4,0,0,4,3,4,7,0,14,0,0,0,14
02/10/2016,LWB,WV,AEA,EN,Federal Contract Tower,6,3,8,0,17,0,5,1,4,10,6,8,9,4,27,0,0,0,27
02/11/2016,LWB,WV,AEA,EN,Federal Contract Tower,5,1,10,0,16,0,5,5,0,10,5,6,15,0,26,0,0,0,26
02/12/2016,LWB,WV,AEA,EN,Federal Contract Tower,5,5,12,0,22,0,8,0,0,8,5,13,12,0,30,0,0,0,30
02/13/2016,LWB,WV,AEA,EN,Federal Contract Tower,4,4,6,0,14,0,0,0,0,0,4,4,6,0,14,0,0,0,14
02/14/2016,LWB,WV,AEA,EN,Federal Contract Tower,2,4,9,0,15,0,15,19,0,34,2,19,28,0,49,18,0,18,67
02/15/2016,LWB,WV,AEA,EN,Federal Contract Tower,0,0,0,0,0,0,0,0,0,0,0,0,0,0,0,0,0,0,0
02/16/2016,LWB,WV,AEA,EN,Federal Contract Tower,2,8,8,0,18,0,0,0,2,2,2,8,8,2,20,0,0,0,20
02/17/2016,LWB,WV,AEA,EN,Federal Contract Tower,8,10,7,0,25,0,11,0,0,11,8,21,7,0,36,26,0,26,62
02/18/2016,LWB,WV,AEA,EN,Federal Contract Tower,7,5,15,0,27,0,6,42,0,48,7,11,57,0,75,0,0,0,75
02/19/2016,LWB,WV,AEA,EN,Federal Contract Tower,4,9,14,0,27,0,3,22,0,25,4,12,36,0,52,8,0,8,60
02/20/2016,LWB,WV,AEA,EN,Federal Contract Tower,2,1,7,0,10,0,2,25,0,27,2,3,32,0,37,24,0,24,61
02/21/2016,LWB,WV,AEA,EN,Federal Contract Tower,2,7,10,0,19,0,0,0,0,0,2,7,10,0,19,0,0,0,19
02/22/2016,LWB,WV,AEA,EN,Federal Contract Tower,6,1,7,0,14,0,0,7,0,7,6,1,14,0,21,0,0,0,21
02/23/2016,LWB,WV,AEA,EN,Federal Contract Tower,5,0,5,0,10,0,0,0,0,0,5,0,5,0,10,0,0,0,10
02/24/2016,LWB,WV,AEA,EN,Federal Contract Tower,6,0,3,0,9,0,0,0,0,0,6,0,3,0,9,0,0,0,9
02/25/2016,LWB,WV,AEA,EN,Federal Contract Tower,4,1,7,0,12,0,0,0,0,0,4,1,7,0,12,0,0,0,12
02/26/2016,LWB,WV,AEA,EN,Federal Contract Tower,2,4,10,0,16,0,2,1,0,3,2,6,11,0,19,0,0,0,19
02/27/2016,LWB,WV,AEA,EN,Federal Contract Tower,4,5,13,0,22,0,8,12,0,20,4,13,25,0,42,30,0,30,72
02/28/2016,LWB,WV,AEA,EN,Federal Contract Tower,4,10,26,0,40,0,7,31,0,38,4,17,57,0,78,66,0,66,144
02/29/2016,LWB,WV,AEA,EN,Federal Contract Tower,4,4,7,0,15,0,3,14,0,17,4,7,21,0,32,0,0,0,32
03/01/2016,LWB,WV,AEA,EN,Federal Contract Tower,9,1,10,0,20,0,0,6,0,6,9,1,16,0,26,0,0,0,26
03/02/2016,LWB,WV,AEA,EN,Federal Contract Tower,5,0,12,5,22,0,0,2,2,4,5,0,14,7,26,0,14,14,40
03/03/2016,LWB,WV,AEA,EN,Federal Contract Tower,2,5,9,0,16,0,3,5,0,8,2,8,14,0,24,0,0,0,24
03/04/2016,LWB,WV,AEA,EN,Federal Contract Tower,0,10,6,0,16,0,0,0,0,0,0,10,6,0,16,0,0,0,16
03/05/2016,LWB,WV,AEA,EN,Federal Contract Tower,5,5,19,0,29,0,9,9,0,18,5,14,28,0,47,0,0,0,47
03/06/2016,LWB,WV,AEA,EN,Federal Contract Tower,2,4,9,0,15,0,0,8,0,8,2,4,17,0,23,0,0,0,23
03/07/2016,LWB,WV,AEA,EN,Federal Contract Tower,2,9,9,0,20,0,8,16,0,24,2,17,25,0,44,0,0,0,44
03/08/2016,LWB,WV,AEA,EN,Federal Contract Tower,6,7,9,0,22,0,6,36,2,44,6,13,45,2,66,10,0,10,76
03/09/2016,LWB,WV,AEA,EN,Federal Contract Tower,3,1,10,0,14,0,5,20,0,25,3,6,30,0,39,18,0,18,57
03/10/2016,LWB,WV,AEA,EN,Federal Contract Tower,6,3,8,0,17,0,0,12,0,12,6,3,20,0,29,16,0,16,45
03/11/2016,LWB,WV,AEA,EN,Federal Contract Tower,4,17,18,0,39,0,6,4,4,14,4,23,22,4,53,18,0,18,71
03/12/2016,LWB,WV,AEA,EN,Federal Contract Tower,4,3,10,0,17,0,5,2,0,7,4,8,12,0,24,0,0,0,24
03/13/2016,LWB,WV,AEA,EN,Federal Contract Tower,2,4,6,0,12,0,0,5,0,5,2,4,11,0,17,0,0,0,17
03/14/2016,LWB,WV,AEA,EN,Federal Contract Tower,4,4,5,0,13,0,12,0,0,12,4,16,5,0,25,0,0,0,25
03/15/2016,LWB,WV,AEA,EN,Federal Contract Tower,4,5,5,0,14,0,0,5,0,5,4,5,10,0,19,0,0,0,19
03/16/2016,LWB,WV,AEA,EN,Federal Contract Tower,6,2,10,0,18,0,17,7,0,24,6,19,17,0,42,0,0,0,42
03/17/2016,LWB,WV,AEA,EN,Federal Contract Tower,5,9,11,0,25,0,4,5,0,9,5,13,16,0,34,0,0,0,34
03/18/2016,LWB,WV,AEA,EN,Federal Contract Tower,7,5,7,4,23,0,0,4,2,6,7,5,11,6,29,12,10,22,51
03/19/2016,LWB,WV,AEA,EN,Federal Contract Tower,0,6,5,0,11,0,1,2,0,3,0,7,7,0,14,0,0,0,14
03/20/2016,LWB,WV,AEA,EN,Federal Contract Tower,0,15,6,0,21,0,0,0,0,0,0,15,6,0,21,0,0,0,21
03/21/2016,LWB,WV,AEA,EN,Federal Contract Tower,2,4,6,0,12,0,1,2,0,3,2,5,8,0,15,0,0,0,15
03/22/2016,LWB,WV,AEA,EN,Federal Contract Tower,5,7,0,0,12,0,9,22,0,31,5,16,22,0,43,10,0,10,53
03/23/2016,LWB,WV,AEA,EN,Federal Contract Tower,6,7,5,6,24,0,2,8,2,12,6,9,13,8,36,10,0,10,46
03/24/2016,LWB,WV,AEA,EN,Federal Contract Tower,4,3,22,0,29,0,14,11,0,25,4,17,33,0,54,16,0,16,70
03/25/2016,LWB,WV,AEA,EN,Federal Contract Tower,6,3,12,0,21,0,15,14,0,29,6,18,26,0,50,12,0,12,62
03/26/2016,LWB,WV,AEA,EN,Federal Contract Tower,2,9,7,0,18,0,1,54,0,55,2,10,61,0,73,16,0,16,89
03/27/2016,LWB,WV,AEA,EN,Federal Contract Tower,2,8,6,0,16,0,2,5,0,7,2,10,11,0,23,0,0,0,23
03/28/2016,LWB,WV,AEA,EN,Federal Contract Tower,2,2,7,0,11,0,1,0,0,1,2,3,7,0,12,0,0,0,12
03/29/2016,LWB,WV,AEA,EN,Federal Contract Tower,6,4,17,0,27,0,1,11,0,12,6,5,28,0,39,8,0,8,47
03/30/2016,LWB,WV,AEA,EN,Federal Contract Tower,6,2,6,0,14,0,2,12,0,14,6,4,18,0,28,0,0,0,28
03/31/2016,LWB,WV,AEA,EN,Federal Contract Tower,0,3,13,0,16,0,0,1,0,1,0,3,14,0,17,0,0,0,17
04/01/2016,LWB,WV,AEA,EN,Federal Contract Tower,6,2,21,0,29,0,6,0,0,6,6,8,21,0,35,0,0,0,35
04/02/2016,LWB,WV,AEA,EN,Federal Contract Tower,2,1,12,0,15,0,6,0,0,6,2,7,12,0,21,0,0,0,21
04/03/2016,LWB,WV,AEA,EN,Federal Contract Tower,2,10,9,0,21,0,0,16,0,16,2,10,25,0,37,4,0,4,41
04/04/2016,LWB,WV,AEA,EN,Federal Contract Tower,6,6,2,0,14,0,4,3,0,7,6,10,5,0,21,0,0,0,21
04/05/2016,LWB,WV,AEA,EN,Federal Contract Tower,4,5,11,0,20,0,12,18,0,30,4,17,29,0,50,0,0,0,50
04/06/2016,LWB,WV,AEA,EN,Federal Contract Tower,3,9,12,0,24,0,4,13,0,17,3,13,25,0,41,6,0,6,47
04/07/2016,LWB,WV,AEA,EN,Federal Contract Tower,5,7,12,0,24,0,0,0,0,0,5,7,12,0,24,0,0,0,24
04/08/2016,LWB,WV,AEA,EN,Federal Contract Tower,6,7,9,0,22,0,6,1,0,7,6,13,10,0,29,0,0,0,29
04/09/2016,LWB,WV,AEA,EN,Federal Contract Tower,3,4,6,0,13,0,0,0,0,0,3,4,6,0,13,0,0,0,13
04/10/2016,LWB,WV,AEA,EN,Federal Contract Tower,2,7,14,0,23,0,0,15,0,15,2,7,29,0,38,0,0,0,38
04/11/2016,LWB,WV,AEA,EN,Federal Contract Tower,5,7,11,0,23,0,11,0,0,11,5,18,11,0,34,0,0,0,34
04/12/2016,LWB,WV,AEA,EN,Federal Contract Tower,6,8,4,2,20,0,4,3,2,9,6,12,7,4,29,0,0,0,29
04/13/2016,LWB,WV,AEA,EN,Federal Contract Tower,6,9,13,0,28,0,10,21,0,31,6,19,34,0,59,14,0,14,73
04/14/2016,LWB,WV,AEA,EN,Federal Contract Tower,4,9,22,0,35,0,6,12,2,20,4,15,34,2,55,4,10,14,69
04/15/2016,LWB,WV,AEA,EN,Federal Contract Tower,5,2,20,0,27,0,0,9,0,9,5,2,29,0,36,0,0,0,36
04/16/2016,LWB,WV,AEA,EN,Federal Contract Tower,2,6,16,0,24,0,11,33,0,44,2,17,49,0,68,0,0,0,68
04/17/2016,LWB,WV,AEA,EN,Federal Contract Tower,2,6,12,0,20,0,3,12,0,15,2,9,24,0,35,18,0,18,53
04/18/2016,LWB,WV,AEA,EN,Federal Contract Tower,4,2,17,0,23,0,15,17,0,32,4,17,34,0,55,0,0,0,55
04/19/2016,LWB,WV,AEA,EN,Federal Contract Tower,6,1,8,0,15,0,0,37,0,37,6,1,45,0,52,2,0,2,54
04/20/2016,LWB,WV,AEA,EN,Federal Contract Tower,4,5,9,0,18,0,3,14,0,17,4,8,23,0,35,0,0,0,35
04/21/2016,LWB,WV,AEA,EN,Federal Contract Tower,4,13,26,0,43,0,8,11,0,19,4,21,37,0,62,6,0,6,68
04/22/2016,LWB,WV,AEA,EN,Federal Contract Tower,4,11,17,0,32,0,0,3,0,3,4,11,20,0,35,0,0,0,35
04/23/2016,LWB,WV,AEA,EN,Federal Contract Tower,3,1,14,0,18,0,7,11,0,18,3,8,25,0,36,6,0,6,42
04/24/2016,LWB,WV,AEA,EN,Federal Contract Tower,2,13,22,0,37,0,18,41,0,59,2,31,63,0,96,0,0,0,96
04/25/2016,LWB,WV,AEA,EN,Federal Contract Tower,2,4,12,0,18,0,3,10,0,13,2,7,22,0,31,6,0,6,37
04/26/2016,LWB,WV,AEA,EN,Federal Contract Tower,3,6,7,0,16,0,3,1,0,4,3,9,8,0,20,0,0,0,20
04/27/2016,LWB,WV,AEA,EN,Federal Contract Tower,8,2,9,0,19,0,1,4,0,5,8,3,13,0,24,0,0,0,24
04/28/2016,LWB,WV,AEA,EN,Federal Contract Tower,7,11,5,0,23,0,0,0,0,0,7,11,5,0,23,0,0,0,23
04/29/2016,LWB,WV,AEA,EN,Federal Contract Tower,5,16,27,4,52,0,6,9,1,16,5,22,36,5,68,0,38,38,106
04/30/2016,LWB,WV,AEA,EN,Federal Contract Tower,6,2,16,0,24,0,0,0,0,0,6,2,16,0,24,0,0,0,24
05/01/2016,LWB,WV,AEA,EN,Federal Contract Tower,0,8,20,0,28,0,0,1,0,1,0,8,21,0,29,0,0,0,29
05/02/2016,LWB,WV,AEA,EN,Federal Contract Tower,7,2,11,6,26,0,8,3,0,11,7,10,14,6,37,0,0,0,37
05/03/2016,LWB,WV,AEA,EN,Federal Contract Tower,2,3,15,0,20,0,0,2,0,2,2,3,17,0,22,10,0,10,32
05/04/2016,LWB,WV,AEA,EN,Federal Contract Tower,3,9,13,0,25,0,5,1,0,6,3,14,14,0,31,0,0,0,31
05/05/2016,LWB,WV,AEA,EN,Federal Contract Tower,7,5,21,0,33,0,0,0,0,0,7,5,21,0,33,0,0,0,33
05/06/2016,LWB,WV,AEA,EN,Federal Contract Tower,6,11,17,0,34,0,4,2,0,6,6,15,19,0,40,0,0,0,40
05/07/2016,LWB,WV,AEA,EN,Federal Contract Tower,2,6,7,0,15,0,4,5,0,9,2,10,12,0,24,0,0,0,24
05/08/2016,LWB,WV,AEA,EN,Federal Contract Tower,4,7,18,0,29,0,0,9,0,9,4,7,27,0,38,16,0,16,54
05/09/2016,LWB,WV,AEA,EN,Federal Contract Tower,5,7,12,0,24,0,6,18,0,24,5,13,30,0,48,18,0,18,66
05/10/2016,LWB,WV,AEA,EN,Federal Contract Tower,6,10,11,0,27,0,6,13,0,19,6,16,24,0,46,6,0,6,52
05/11/2016,LWB,WV,AEA,EN,Federal Contract Tower,6,8,15,0,29,0,8,14,0,22,6,16,29,0,51,0,0,0,51
05/12/2016,LWB,WV,AEA,EN,Federal Contract Tower,6,12,10,0,28,0,2,5,0,7,6,14,15,0,35,10,0,10,45
05/13/2016,LWB,WV,AEA,EN,Federal Contract Tower,4,22,16,0,42,0,3,4,0,7,4,25,20,0,49,6,0,6,55
05/14/2016,LWB,WV,AEA,EN,Federal Contract Tower,2,19,16,0,37,0,2,3,0,5,2,21,19,0,42,0,0,0,42
05/15/2016,LWB,WV,AEA,EN,Federal Contract Tower,2,14,19,0,35,0,1,18,0,19,2,15,37,0,54,0,0,0,54
05/16/2016,LWB,WV,AEA,EN,Federal Contract Tower,4,8,14,0,26,0,0,32,0,32,4,8,46,0,58,8,0,8,66
05/17/2016,LWB,WV,AEA,EN,Federal Contract Tower,4,6,5,0,15,0,0,1,0,1,4,6,6,0,16,0,0,0,16
05/18/2016,LWB,WV,AEA,EN,Federal Contract Tower,6,20,10,0,36,0,0,0,0,0,6,20,10,0,36,0,0,0,36
05/19/2016,LWB,WV,AEA,EN,Federal Contract Tower,7,6,13,0,26,0,4,6,0,10,7,10,19,0,36,15,0,15,51
05/20/2016,LWB,WV,AEA,EN,Federal Contract Tower,7,25,19,0,51,0,2,7,0,9,7,27,26,0,60,0,0,0,60
05/21/2016,LWB,WV,AEA,EN,Federal Contract Tower,4,18,11,0,33,0,0,0,0,0,4,18,11,0,33,0,0,0,33
05/22/2016,LWB,WV,AEA,EN,Federal Contract Tower,5,28,20,0,53,0,0,0,0,0,5,28,20,0,53,0,0,0,53
05/23/2016,LWB,WV,AEA,EN,Federal Contract Tower,4,4,14,0,22,0,6,5,0,11,4,10,19,0,33,0,0,0,33
05/24/2016,LWB,WV,AEA,EN,Federal Contract Tower,5,8,18,4,35,0,7,5,2,14,5,15,23,6,49,0,0,0,49
05/25/2016,LWB,WV,AEA,EN,Federal Contract Tower,5,14,33,0,52,0,0,0,0,0,5,14,33,0,52,10,0,10,62
05/26/2016,LWB,WV,AEA,EN,Federal Contract Tower,2,16,19,0,37,0,10,4,0,14,2,26,23,0,51,0,0,0,51
05/27/2016,LWB,WV,AEA,EN,Federal Contract Tower,3,30,17,0,50,0,0,12,0,12,3,30,29,0,62,18,0,18,80
05/28/2016,LWB,WV,AEA,EN,Federal Contract Tower,4,11,11,0,26,0,0,16,0,16,4,11,27,0,42,28,0,28,70
05/29/2016,LWB,WV,AEA,EN,Federal Contract Tower,2,13,8,0,23,0,7,1,0,8,2,20,9,0,31,0,0,0,31
05/30/2016,LWB,WV,AEA,EN,Federal Contract Tower,5,28,29,0,62,0,4,20,0,24,5,32,49,0,86,36,0,36,122
05/31/2016,LWB,WV,AEA,EN,Federal Contract Tower,4,11,17,0,32,0,6,15,0,21,4,17,32,0,53,0,0,0,53
06/01/2016,LWB,WV,AEA,EN,Federal Contract Tower,6,14,11,1,32,0,6,36,1,43,6,20,47,2,75,16,32,48,123
06/02/2016,LWB,WV,AEA,EN,Federal Contract Tower,3,16,22,0,41,0,1,3,0,4,3,17,25,0,45,0,0,0,45
06/03/2016,LWB,WV,AEA,EN,Federal Contract Tower,7,21,31,0,59,0,2,21,0,23,7,23,52,0,82,18,0,18,100
06/04/2016,LWB,WV,AEA,EN,Federal Contract Tower,5,13,18,2,38,0,3,4,10,17,5,16,22,12,55,0,0,0,55
06/05/2016,LWB,WV,AEA,EN,Federal Contract Tower,2,7,22,0,31,0,0,1,0,1,2,7,23,0,32,0,0,0,32
06/06/2016,LWB,WV,AEA,EN,Federal Contract Tower,6,17,36,0,59,0,0,15,0,15,6,17,51,0,74,0,0,0,74
06/07/2016,LWB,WV,AEA,EN,Federal Contract Tower,2,10,12,0,24,0,0,10,0,10,2,10,22,0,34,0,0,0,34
06/08/2016,LWB,WV,AEA,EN,Federal Contract Tower,9,11,32,4,56,0,3,6,2,11,9,14,38,6,67,0,0,0,67
06/09/2016,LWB,WV,AEA,EN,Federal Contract Tower,8,3,34,0,45,0,4,8,0,12,8,7,42,0,57,0,0,0,57
06/10/2016,LWB,WV,AEA,EN,Federal Contract Tower,3,23,30,0,56,0,0,23,0,23,3,23,53,0,79,0,0,0,79
06/11/2016,LWB,WV,AEA,EN,Federal Contract Tower,5,13,19,0,37,0,1,17,0,18,5,14,36,0,55,14,0,14,69
06/12/2016,LWB,WV,AEA,EN,Federal Contract Tower,3,16,24,0,43,0,1,4,0,5,3,17,28,0,48,0,0,0,48
06/13/2016,LWB,WV,AEA,EN,Federal Contract Tower,5,9,11,0,25,0,1,13,0,14,5,10,24,0,39,14,0,14,53
06/14/2016,LWB,WV,AEA,EN,Federal Contract Tower,4,5,24,0,33,0,9,12,2,23,4,14,36,2,56,10,0,10,66
06/15/2016,LWB,WV,AEA,EN,Federal Contract Tower,5,3,16,4,28,0,1,7,2,10,5,4,23,6,38,0,0,0,38
06/16/2016,LWB,WV,AEA,EN,Federal Contract Tower,3,26,20,0,49,0,0,23,2,25,3,26,43,2,74,12,0,12,86
06/17/2016,LWB,WV,AEA,EN,Federal Contract Tower,5,25,34,0,64,0,3,6,0,9,5,28,40,0,73,0,0,0,73
06/18/2016,LWB,WV,AEA,EN,Federal Contract Tower,7,7,15,0,29,0,3,22,0,25,7,10,37,0,54,12,0,12,66
06/19/2016,LWB,WV,AEA,EN,Federal Contract Tower,3,8,17,0,28,0,5,23,0,28,3,13,40,0,56,0,0,0,56
06/20/2016,LWB,WV,AEA,EN,Federal Contract Tower,4,14,17,0,35,0,1,22,0,23,4,15,39,0,58,16,0,16,74
06/21/2016,LWB,WV,AEA,EN,Federal Contract Tower,2,4,9,0,15,0,0,1,0,1,2,4,10,0,16,0,0,0,16
06/22/2016,LWB,WV,AEA,EN,Federal Contract Tower,2,10,38,0,50,0,0,3,0,3,2,10,41,0,53,0,0,0,53
06/23/2016,LWB,WV,AEA,EN,Federal Contract Tower,2,7,7,0,16,0,0,0,0,0,2,7,7,0,16,0,0,0,16
06/24/2016,LWB,WV,AEA,EN,Federal Contract Tower,0,17,39,0,56,0,19,8,18,45,0,36,47,18,101,0,0,0,101
06/25/2016,LWB,WV,AEA,EN,Federal Contract Tower,2,10,19,1,32,0,1,26,22,49,2,11,45,23,81,0,0,0,81
06/26/2016,LWB,WV,AEA,EN,Federal Contract Tower,3,5,11,1,20,0,5,19,13,37,3,10,30,14,57,0,0,0,57
06/27/2016,LWB,WV,AEA,EN,Federal Contract Tower,8,1,17,0,26,0,0,1,6,7,8,1,18,6,33,0,0,0,33
06/28/2016,LWB,WV,AEA,EN,Federal Contract Tower,5,0,5,0,10,0,0,30,8,38,5,0,35,8,48,16,0,16,64
06/29/2016,LWB,WV,AEA,EN,Federal Contract Tower,7,0,24,0,31,0,13,16,24,53,7,13,40,24,84,0,0,0,84
06/30/2016,LWB,WV,AEA,EN,Federal Contract Tower,3,1,10,0,14,0,7,21,40,68,3,8,31,40,82,10,0,10,92
07/01/2016,LWB,WV,AEA,EN,Federal Contract Tower,2,0,19,0,21,0,5,11,28,44,2,5,30,28,65,0,0,0,65
07/02/2016,LWB,WV,AEA,EN,Federal Contract Tower,6,3,20,0,29,0,4,29,0,33,6,7,49,0,62,0,0,0,62
07/03/2016,LWB,WV,AEA,EN,Federal Contract Tower,5,3,8,0,16,0,2,0,0,2,5,5,8,0,18,0,0,0,18
07/04/2016,LWB,WV,AEA,EN,Federal Contract Tower,5,12,4,0,21,0,12,0,0,12,5,24,4,0,33,0,0,0,33
07/05/2016,LWB,WV,AEA,EN,Federal Contract Tower,3,1,10,0,14,0,0,0,4,4,3,1,10,4,18,0,0,0,18
07/06/2016,LWB,WV,AEA,EN,Federal Contract Tower,6,3,8,2,19,0,2,12,19,33,6,5,20,21,52,0,0,0,52
07/07/2016,LWB,WV,AEA,EN,Federal Contract Tower,5,0,3,1,9,0,15,9,0,24,5,15,12,1,33,0,0,0,33
07/08/2016,LWB,WV,AEA,EN,Federal Contract Tower,5,4,9,0,18,0,4,2,0,6,5,8,11,0,24,6,0,6,30
07/09/2016,LWB,WV,AEA,EN,Federal Contract Tower,6,8,12,0,26,0,0,19,0,19,6,8,31,0,45,4,0,4,49
07/10/2016,LWB,WV,AEA,EN,Federal Contract Tower,4,5,7,0,16,0,0,12,4,16,4,5,19,4,32,0,0,0,32
07/11/2016,LWB,WV,AEA,EN,Federal Contract Tower,3,2,10,0,15,0,4,26,6,36,3,6,36,6,51,10,0,10,61
07/12/2016,LWB,WV,AEA,EN,Federal Contract Tower,4,1,19,0,24,0,0,9,2,11,4,1,28,2,35,0,0,0,35
07/13/2016,LWB,WV,AEA,EN,Federal Contract Tower,2,7,15,0,24,0,0,6,2,8,2,7,21,2,32,0,0,0,32
07/14/2016,LWB,WV,AEA,EN,Federal Contract Tower,4,4,20,0,28,0,3,3,0,6,4,7,23,0,34,0,0,0,34
07/15/2016,LWB,WV,AEA,EN,Federal Contract Tower,4,13,20,0,37,0,3,9,0,12,4,16,29,0,49,0,0,0,49
07/16/2016,LWB,WV,AEA,EN,Federal Contract Tower,8,4,16,0,28,0,6,4,0,10,8,10,20,0,38,0,0,0,38
07/17/2016,LWB,WV,AEA,EN,Federal Contract Tower,5,9,26,0,40,0,0,6,0,6,5,9,32,0,46,0,0,0,46
07/18/2016,LWB,WV,AEA,EN,Federal Contract Tower,3,5,13,0,21,0,3,11,0,14,3,8,24,0,35,8,0,8,43
07/19/2016,LWB,WV,AEA,EN,Federal Contract Tower,6,10,9,1,26,0,1,6,10,17,6,11,15,11,43,10,0,10,53
07/20/2016,LWB,WV,AEA,EN,Federal Contract Tower,4,9,22,2,37,0,0,18,31,49,4,9,40,33,86,10,0,10,96
07/21/2016,LWB,WV,AEA,EN,Federal Contract Tower,6,15,28,0,49,0,3,21,49,73,6,18,49,49,122,0,0,0,122
07/22/2016,LWB,WV,AEA,EN,Federal Contract Tower,4,18,17,0,39,0,1,14,2,17,4,19,31,2,56,6,0,6,62
07/23/2016,LWB,WV,AEA,EN,Federal Contract Tower,5,8,10,0,23,0,0,20,8,28,5,8,30,8,51,0,0,0,51
07/24/2016,LWB,WV,AEA,EN,Federal Contract Tower,3,13,28,0,44,0,6,18,0,24,3,19,46,0,68,0,0,0,68
07/25/2016,LWB,WV,AEA,EN,Federal Contract Tower,3,13,9,0,25,0,0,5,2,7,3,13,14,2,32,0,0,0,32
07/26/2016,LWB,WV,AEA,EN,Federal Contract Tower,13,3,19,0,35,0,5,15,10,30,13,8,34,10,65,8,0,8,73
07/27/2016,LWB,WV,AEA,EN,Federal Contract Tower,4,5,25,0,34,0,0,8,4,12,4,5,33,4,46,0,0,0,46
07/28/2016,LWB,WV,AEA,EN,Federal Contract Tower,8,24,64,0,96,0,8,2,0,10,8,32,66,0,106,0,0,0,106
07/29/2016,LWB,WV,AEA,EN,Federal Contract Tower,5,18,42,0,65,0,13,6,0,19,5,31,48,0,84,0,0,0,84
07/30/2016,LWB,WV,AEA,EN,Federal Contract Tower,5,14,29,0,48,0,2,11,0,13,5,16,40,0,61,16,0,16,77
07/31/2016,LWB,WV,AEA,EN,Federal Contract Tower,2,7,84,0,93,0,2,5,0,7,2,9,89,0,100,0,0,0,100
08/01/2016,LWB,WV,AEA,EN,Federal Contract Tower,6,9,14,0,29,0,4,5,0,9,6,13,19,0,38,16,0,16,54
08/02/2016,LWB,WV,AEA,EN,Federal Contract Tower,4,5,20,0,29,0,3,23,0,26,4,8,43,0,55,6,0,6,61
08/03/2016,LWB,WV,AEA,EN,Federal Contract Tower,5,5,25,0,35,0,5,7,0,12,5,10,32,0,47,16,0,16,63
08/04/2016,LWB,WV,AEA,EN,Federal Contract Tower,9,18,35,0,62,0,5,13,0,18,9,23,48,0,80,30,0,30,110
08/05/2016,LWB,WV,AEA,EN,Federal Contract Tower,5,25,32,0,62,0,2,11,0,13,5,27,43,0,75,0,0,0,75
08/06/2016,LWB,WV,AEA,EN,Federal Contract Tower,4,5,26,0,35,0,2,21,0,23,4,7,47,0,58,22,0,22,80
08/07/2016,LWB,WV,AEA,EN,Federal Contract Tower,7,11,37,0,55,0,5,25,0,30,7,16,62,0,85,0,0,0,85
08/08/2016,LWB,WV,AEA,EN,Federal Contract Tower,10,6,20,0,36,0,4,3,0,7,10,10,23,0,43,0,0,0,43
08/09/2016,LWB,WV,AEA,EN,Federal Contract Tower,4,4,14,0,22,0,1,1,0,2,4,5,15,0,24,0,0,0,24
08/10/2016,LWB,WV,AEA,EN,Federal Contract Tower,4,6,21,2,33,0,0,12,6,18,4,6,33,8,51,0,40,40,91
08/11/2016,LWB,WV,AEA,EN,Federal Contract Tower,5,25,21,7,58,0,8,18,5,31,5,33,39,12,89,10,12,22,111
08/12/2016,LWB,WV,AEA,EN,Federal Contract Tower,10,8,17,0,35,0,5,19,6,30,10,13,36,6,65,16,0,16,81
08/13/2016,LWB,WV,AEA,EN,Federal Contract Tower,3,12,7,0,22,0,2,24,0,26,3,14,31,0,48,22,0,22,70
08/14/2016,LWB,WV,AEA,EN,Federal Contract Tower,4,21,13,0,38,0,25,3,0,28,4,46,16,0,66,0,0,0,66
08/15/2016,LWB,WV,AEA,EN,Federal Contract Tower,3,13,22,0,38,0,12,2,0,14,3,25,24,0,52,0,0,0,52
08/16/2016,LWB,WV,AEA,EN,Federal Contract Tower,4,8,12,1,25,0,2,13,28,43,4,10,25,29,68,0,0,0,68
08/17/2016,LWB,WV,AEA,EN,Federal Contract Tower,6,3,11,0,20,0,7,7,0,14,6,10,18,0,34,0,0,0,34
08/18/2016,LWB,WV,AEA,EN,Federal Contract Tower,7,13,19,0,39,0,22,15,0,37,7,35,34,0,76,18,0,18,94
08/19/2016,LWB,WV,AEA,EN,Federal Contract Tower,6,8,13,0,27,0,4,12,0,16,6,12,25,0,43,14,0,14,57
08/20/2016,LWB,WV,AEA,EN,Federal Contract Tower,6,15,19,0,40,0,7,12,4,23,6,22,31,4,63,24,0,24,87
08/21/2016,LWB,WV,AEA,EN,Federal Contract Tower,4,11,17,0,32,0,0,0,0,0,4,11,17,0,32,0,0,0,32
08/22/2016,LWB,WV,AEA,EN,Federal Contract Tower,4,17,19,0,40,0,2,12,0,14,4,19,31,0,54,0,0,0,54
08/23/2016,LWB,WV,AEA,EN,Federal Contract Tower,6,1,14,0,21,0,5,7,10,22,6,6,21,10,43,0,0,0,43
08/24/2016,LWB,WV,AEA,EN,Federal Contract Tower,5,1,10,0,16,0,0,17,0,17,5,1,27,0,33,10,0,10,43
08/25/2016,LWB,WV,AEA,EN,Federal Contract Tower,4,25,15,0,44,0,2,10,4,16,4,27,25,4,60,0,0,0,60
08/26/2016,LWB,WV,AEA,EN,Federal Contract Tower,6,8,21,0,35,0,1,20,0,21,6,9,41,0,56,0,0,0,56
08/27/2016,LWB,WV,AEA,EN,Federal Contract Tower,5,0,14,0,19,0,1,8,2,11,5,1,22,2,30,8,0,8,38
08/28/2016,LWB,WV,AEA,EN,Federal Contract Tower,2,7,20,0,29,0,2,14,0,16,2,9,34,0,45,6,0,6,51
08/29/2016,LWB,WV,AEA,EN,Federal Contract Tower,5,7,11,0,23,0,19,7,0,26,5,26,18,0,49,0,0,0,49
08/30/2016,LWB,WV,AEA,EN,Federal Contract Tower,6,5,13,0,24,0,6,155,0,161,6,11,168,0,185,0,0,0,185
08/31/2016,LWB,WV,AEA,EN,Federal Contract Tower,8,9,28,0,45,0,0,123,0,123,8,9,151,0,168,0,0,0,168
09/01/2016,LWB,WV,AEA,EN,Federal Contract Tower,5,10,15,0,30,0,0,4,0,4,5,10,19,0,34,0,0,0,34
09/02/2016,LWB,WV,AEA,EN,Federal Contract Tower,3,12,13,0,28,0,10,142,0,152,3,22,155,0,180,0,0,0,180
09/03/2016,LWB,WV,AEA,EN,Federal Contract Tower,6,5,28,0,39,0,3,12,0,15,6,8,40,0,54,0,0,0,54
09/04/2016,LWB,WV,AEA,EN,Federal Contract Tower,3,2,13,0,18,0,1,27,0,28,3,3,40,0,46,2,0,2,48
09/05/2016,LWB,WV,AEA,EN,Federal Contract Tower,7,12,23,0,42,0,0,0,0,0,7,12,23,0,42,0,0,0,42
09/06/2016,LWB,WV,AEA,EN,Federal Contract Tower,5,2,12,2,21,0,8,17,6,31,5,10,29,8,52,0,0,0,52
09/07/2016,LWB,WV,AEA,EN,Federal Contract Tower,6,9,29,0,44,0,1,4,0,5,6,10,33,0,49,0,0,0,49
09/08/2016,LWB,WV,AEA,EN,Federal Contract Tower,4,1,32,0,37,0,6,20,10,36,4,7,52,10,73,0,0,0,73
09/09/2016,LWB,WV,AEA,EN,Federal Contract Tower,4,2,26,0,32,0,3,11,22,36,4,5,37,22,68,8,0,8,76
09/10/2016,LWB,WV,AEA,EN,Federal Contract Tower,6,1,14,0,21,0,1,10,4,15,6,2,24,4,36,0,0,0,36
09/11/2016,LWB,WV,AEA,EN,Federal Contract Tower,3,3,22,0,28,0,3,26,2,31,3,6,48,2,59,0,12,12,71
09/12/2016,LWB,WV,AEA,EN,Federal Contract Tower,6,6,6,0,18,0,4,9,0,13,6,10,15,0,31,0,0,0,31
09/13/2016,LWB,WV,AEA,EN,Federal Contract Tower,4,11,35,3,53,0,20,38,0,58,4,31,73,3,111,12,0,12,123
09/14/2016,LWB,WV,AEA,EN,Federal Contract Tower,7,8,12,0,27,0,0,18,2,20,7,8,30,2,47,18,0,18,65
09/15/2016,LWB,WV,AEA,EN,Federal Contract Tower,4,11,29,4,48,0,1,20,0,21,4,12,49,4,69,10,0,10,79
09/16/2016,LWB,WV,AEA,EN,Federal Contract Tower,6,21,38,0,65,0,0,6,0,6,6,21,44,0,71,0,0,0,71
09/17/2016,LWB,WV,AEA,EN,Federal Contract Tower,6,2,30,0,38,0,10,14,0,24,6,12,44,0,62,0,0,0,62
09/18/2016,LWB,WV,AEA,EN,Federal Contract Tower,5,7,35,0,47,0,0,2,0,2,5,7,37,0,49,0,0,0,49
09/19/2016,LWB,WV,AEA,EN,Federal Contract Tower,4,2,17,0,23,0,0,6,0,6,4,2,23,0,29,12,0,12,41
09/20/2016,LWB,WV,AEA,EN,Federal Contract Tower,5,6,17,0,28,0,7,27,4,38,5,13,44,4,66,12,0,12,78
09/21/2016,LWB,WV,AEA,EN,Federal Contract Tower,4,5,18,0,27,0,0,14,0,14,4,5,32,0,41,0,0,0,41
09/22/2016,LWB,WV,AEA,EN,Federal Contract Tower,4,5,18,0,27,0,2,9,0,11,4,7,27,0,38,0,0,0,38
09/23/2016,LWB,WV,AEA,EN,Federal Contract Tower,4,10,26,4,44,0,5,8,2,15,4,15,34,6,59,0,16,16,75
09/24/2016,LWB,WV,AEA,EN,Federal Contract Tower,7,4,10,0,21,0,1,8,0,9,7,5,18,0,30,0,0,0,30
09/25/2016,LWB,WV,AEA,EN,Federal Contract Tower,4,15,15,0,34,0,0,11,0,11,4,15,26,0,45,0,0,0,45
09/26/2016,LWB,WV,AEA,EN,Federal Contract Tower,3,9,11,0,23,0,5,0,0,5,3,14,11,0,28,0,0,0,28
09/27/2016,LWB,WV,AEA,EN,Federal Contract Tower,7,15,17,0,39,0,12,17,0,29,7,27,34,0,68,10,0,10,78
09/28/2016,LWB,WV,AEA,EN,Federal Contract Tower,4,7,12,0,23,0,3,15,0,18,4,10,27,0,41,16,0,16,57
09/29/2016,LWB,WV,AEA,EN,Federal Contract Tower,10,9,25,0,44,0,1,4,0,5,10,10,29,0,49,0,0,0,49
09/30/2016,LWB,WV,AEA,EN,Federal Contract Tower,5,15,20,0,40,0,0,3,0,3,5,15,23,0,43,0,0,0,43
10/01/2016,LWB,WV,AEA,EN,Federal Contract Tower,2,12,18,0,32,0,1,17,0,18,2,13,35,0,50,44,0,44,94
10/02/2016,LWB,WV,AEA,EN,Federal Contract Tower,3,12,14,0,29,0,7,9,0,16,3,19,23,0,45,10,0,10,55
10/03/2016,LWB,WV,AEA,EN,Federal Contract Tower,4,5,14,0,23,0,7,8,0,15,4,12,22,0,38,0,0,0,38
10/04/2016,LWB,WV,AEA,EN,Federal Contract Tower,2,5,7,0,14,0,1,19,0,20,2,6,26,0,34,0,0,0,34
10/05/2016,LWB,WV,AEA,EN,Federal Contract Tower,5,5,10,0,20,0,16,13,0,29,5,21,23,0,49,16,0,16,65
10/06/2016,LWB,WV,AEA,EN,Federal Contract Tower,9,10,27,0,46,0,2,14,0,16,9,12,41,0,62,0,0,0,62
10/07/2016,LWB,WV,AEA,EN,Federal Contract Tower,3,7,15,0,25,0,0,1,0,1,3,7,16,0,26,0,0,0,26
10/08/2016,LWB,WV,AEA,EN,Federal Contract Tower,2,9,14,0,25,0,0,1,0,1,2,9,15,0,26,0,0,0,26
10/09/2016,LWB,WV,AEA,EN,Federal Contract Tower,12,16,43,0,71,0,0,6,0,6,12,16,49,0,77,0,0,0,77
10/10/2016,LWB,WV,AEA,EN,Federal Contract Tower,4,0,7,0,11,0,2,5,0,7,4,2,12,0,18,14,0,14,32
10/11/2016,LWB,WV,AEA,EN,Federal Contract Tower,2,13,12,0,27,0,2,7,0,9,2,15,19,0,36,0,0,0,36
10/12/2016,LWB,WV,AEA,EN,Federal Contract Tower,4,8,17,0,29,0,2,21,0,23,4,10,38,0,52,14,0,14,66
10/13/2016,LWB,WV,AEA,EN,Federal Contract Tower,5,15,35,0,55,0,4,19,0,23,5,19,54,0,78,12,0,12,90
10/14/2016,LWB,WV,AEA,EN,Federal Contract Tower,6,5,22,0,33,0,0,7,0,7,6,5,29,0,40,0,0,0,40
10/15/2016,LWB,WV,AEA,EN,Federal Contract Tower,5,2,14,0,21,0,2,19,0,21,5,4,33,0,42,22,0,22,64
10/16/2016,LWB,WV,AEA,EN,Federal Contract Tower,3,40,72,0,115,0,13,35,0,48,3,53,107,0,163,0,0,0,163
10/17/2016,LWB,WV,AEA,EN,Federal Contract Tower,6,6,20,0,32,0,5,7,0,12,6,11,27,0,44,0,0,0,44
10/18/2016,LWB,WV,AEA,EN,Federal Contract Tower,2,11,20,0,33,0,0,18,0,18,2,11,38,0,51,20,0,20,71
10/19/2016,LWB,WV,AEA,EN,Federal Contract Tower,11,10,26,1,48,0,3,20,2,25,11,13,46,3,73,10,16,26,99
10/20/2016,LWB,WV,AEA,EN,Federal Contract Tower,5,10,26,0,41,0,2,14,0,16,5,12,40,0,57,0,0,0,57
10/21/2016,LWB,WV,AEA,EN,Federal Contract Tower,9,9,23,0,41,0,0,1,0,1,9,9,24,0,42,0,0,0,42
10/22/2016,LWB,WV,AEA,EN,Federal Contract Tower,4,6,18,0,28,0,2,2,0,4,4,8,20,0,32,0,0,0,32
10/23/2016,LWB,WV,AEA,EN,Federal Contract Tower,4,7,28,0,39,0,3,17,0,20,4,10,45,0,59,12,0,12,71
10/24/2016,LWB,WV,AEA,EN,Federal Contract Tower,5,4,18,0,27,0,0,11,0,11,5,4,29,0,38,0,0,0,38
10/25/2016,LWB,WV,AEA,EN,Federal Contract Tower,3,1,9,0,13,0,7,10,0,17,3,8,19,0,30,0,0,0,30
10/26/2016,LWB,WV,AEA,EN,Federal Contract Tower,6,0,8,0,14,0,1,13,4,18,6,1,21,4,32,20,0,20,52
10/27/2016,LWB,WV,AEA,EN,Federal Contract Tower,6,4,9,0,19,0,11,5,0,16,6,15,14,0,35,0,0,0,35
10/28/2016,LWB,WV,AEA,EN,Federal Contract Tower,4,6,32,5,47,0,6,14,7,27,4,12,46,12,74,0,26,26,100
10/29/2016,LWB,WV,AEA,EN,Federal Contract Tower,2,2,8,0,12,0,2,12,8,22,2,4,20,8,34,0,0,0,34
10/30/2016,LWB,WV,AEA,EN,Federal Contract Tower,5,1,23,0,29,0,5,10,0,15,5,6,33,0,44,0,0,0,44
10/31/2016,LWB,WV,AEA,EN,Federal Contract Tower,2,19,16,0,37,0,12,21,0,33,2,31,37,0,70,32,0,32,102
11/01/2016,LWB,WV,AEA,EN,Federal Contract Tower,3,6,11,0,20,0,2,8,2,12,3,8,19,2,32,0,0,0,32
11/02/2016,LWB,WV,AEA,EN,Federal Contract Tower,5,8,10,0,23,0,17,8,0,25,5,25,18,0,48,0,0,0,48
11/03/2016,LWB,WV,AEA,EN,Federal Contract Tower,5,11,11,6,33,0,4,6,0,10,5,15,17,6,43,0,0,0,43
11/04/2016,LWB,WV,AEA,EN,Federal Contract Tower,6,12,17,0,35,0,5,4,0,9,6,17,21,0,44,14,0,14,58
11/05/2016,LWB,WV,AEA,EN,Federal Contract Tower,3,7,10,0,20,0,9,10,0,19,3,16,20,0,39,36,0,36,75
11/06/2016,LWB,WV,AEA,EN,Federal Contract Tower,6,24,14,0,44,0,3,6,0,9,6,27,20,0,53,0,0,0,53
11/07/2016,LWB,WV,AEA,EN,Federal Contract Tower,7,2,6,0,15,0,6,13,0,19,7,8,19,0,34,10,0,10,44
11/08/2016,LWB,WV,AEA,EN,Federal Contract Tower,5,1,7,0,13,0,3,22,0,25,5,4,29,0,38,34,0,34,72
11/09/2016,LWB,WV,AEA,EN,Federal Contract Tower,6,4,2,0,12,0,0,3,0,3,6,4,5,0,15,0,0,0,15
11/10/2016,LWB,WV,AEA,EN,Federal Contract Tower,4,0,7,0,11,0,1,9,0,10,4,1,16,0,21,4,0,4,25
11/11/2016,LWB,WV,AEA,EN,Federal Contract Tower,4,1,5,0,10,0,0,8,0,8,4,1,13,0,18,0,0,0,18
11/12/2016,LWB,WV,AEA,EN,Federal Contract Tower,3,2,13,0,18,0,6,36,0,42,3,8,49,0,60,0,0,0,60
11/13/2016,LWB,WV,AEA,EN,Federal Contract Tower,6,2,16,0,24,0,0,14,0,14,6,2,30,0,38,0,0,0,38
11/14/2016,LWB,WV,AEA,EN,Federal Contract Tower,1,0,15,0,16,0,0,11,3,14,1,0,26,3,30,0,0,0,30
11/15/2016,LWB,WV,AEA,EN,Federal Contract Tower,3,4,4,0,11,0,0,11,0,11,3,4,15,0,22,10,0,10,32
11/16/2016,LWB,WV,AEA,EN,Federal Contract Tower,4,0,8,0,12,0,0,5,0,5,4,0,13,0,17,0,0,0,17
11/17/2016,LWB,WV,AEA,EN,Federal Contract Tower,3,1,7,0,11,0,2,6,0,8,3,3,13,0,19,0,0,0,19
11/18/2016,LWB,WV,AEA,EN,Federal Contract Tower,4,1,9,0,14,0,5,20,0,25,4,6,29,0,39,28,0,28,67
11/19/2016,LWB,WV,AEA,EN,Federal Contract Tower,6,8,17,0,31,0,1,3,0,4,6,9,20,0,35,0,0,0,35
11/20/2016,LWB,WV,AEA,EN,Federal Contract Tower,6,2,7,0,15,0,0,0,0,0,6,2,7,0,15,0,0,0,15
11/21/2016,LWB,WV,AEA,EN,Federal Contract Tower,6,5,16,0,27,0,11,4,0,15,6,16,20,0,42,0,0,0,42
11/22/2016,LWB,WV,AEA,EN,Federal Contract Tower,3,11,20,0,34,0,6,28,0,34,3,17,48,0,68,30,0,30,98
11/23/2016,LWB,WV,AEA,EN,Federal Contract Tower,6,30,39,0,75,0,1,21,0,22,6,31,60,0,97,0,0,0,97
11/24/2016,LWB,WV,AEA,EN,Federal Contract Tower,5,4,19,0,28,0,1,7,0,8,5,5,26,0,36,0,0,0,36
11/25/2016,LWB,WV,AEA,EN,Federal Contract Tower,4,4,11,0,19,0,1,4,0,5,4,5,15,0,24,0,0,0,24
11/26/2016,LWB,WV,AEA,EN,Federal Contract Tower,1,11,17,0,29,0,0,2,0,2,1,11,19,0,31,0,0,0,31
11/27/2016,LWB,WV,AEA,EN,Federal Contract Tower,5,20,41,1,67,0,2,13,4,19,5,22,54,5,86,0,0,0,86
11/28/2016,LWB,WV,AEA,EN,Federal Contract Tower,3,11,3,0,17,0,0,4,0,4,3,11,7,0,21,0,0,0,21
11/29/2016,LWB,WV,AEA,EN,Federal Contract Tower,1,10,16,4,31,0,2,12,0,14,1,12,28,4,45,0,0,0,45
11/30/2016,LWB,WV,AEA,EN,Federal Contract Tower,7,8,5,0,20,0,0,0,0,0,7,8,5,0,20,0,0,0,20
12/01/2016,LWB,WV,AEA,EN,Federal Contract Tower,7,2,17,0,26,0,0,5,4,9,7,2,22,4,35,0,0,0,35
12/02/2016,LWB,WV,AEA,EN,Federal Contract Tower,8,1,21,0,30,0,4,0,0,4,8,5,21,0,34,0,0,0,34
12/03/2016,LWB,WV,AEA,EN,Federal Contract Tower,1,2,4,0,7,0,0,2,0,2,1,2,6,0,9,0,0,0,9
12/04/2016,LWB,WV,AEA,EN,Federal Contract Tower,9,6,7,0,22,0,0,6,0,6,9,6,13,0,28,0,0,0,28
12/05/2016,LWB,WV,AEA,EN,Federal Contract Tower,8,5,9,0,22,0,0,5,0,5,8,5,14,0,27,20,0,20,47
12/06/2016,LWB,WV,AEA,EN,Federal Contract Tower,2,2,12,0,16,0,0,0,0,0,2,2,12,0,16,0,0,0,16
12/07/2016,LWB,WV,AEA,EN,Federal Contract Tower,6,8,16,11,41,0,8,6,4,18,6,16,22,15,59,0,8,8,67
12/08/2016,LWB,WV,AEA,EN,Federal Contract Tower,4,4,9,1,18,0,8,4,1,13,4,12,13,2,31,0,0,0,31
12/09/2016,LWB,WV,AEA,EN,Federal Contract Tower,5,6,12,0,23,0,0,1,0,1,5,6,13,0,24,0,0,0,24
12/10/2016,LWB,WV,AEA,EN,Federal Contract Tower,2,0,5,0,7,0,2,14,0,16,2,2,19,0,23,0,0,0,23
12/11/2016,LWB,WV,AEA,EN,Federal Contract Tower,1,5,14,0,20,0,8,11,0,19,1,13,25,0,39,0,0,0,39
12/12/2016,LWB,WV,AEA,EN,Federal Contract Tower,8,6,21,0,35,0,0,0,0,0,8,6,21,0,35,0,0,0,35
12/13/2016,LWB,WV,AEA,EN,Federal Contract Tower,3,3,6,0,12,0,0,16,2,18,3,3,22,2,30,14,0,14,44
12/14/2016,LWB,WV,AEA,EN,Federal Contract Tower,8,0,7,6,21,0,2,3,2,7,8,2,10,8,28,0,8,8,36
12/15/2016,LWB,WV,AEA,EN,Federal Contract Tower,5,0,12,0,17,0,0,2,0,2,5,0,14,0,19,0,0,0,19
12/16/2016,LWB,WV,AEA,EN,Federal Contract Tower,5,0,14,3,22,0,4,4,32,40,5,4,18,35,62,0,0,0,62
12/17/2016,LWB,WV,AEA,EN,Federal Contract Tower,1,2,5,0,8,0,1,2,0,3,1,3,7,0,11,0,0,0,11
12/18/2016,LWB,WV,AEA,EN,Federal Contract Tower,1,3,0,0,4,0,0,0,0,0,1,3,0,0,4,0,0,0,4
12/19/2016,LWB,WV,AEA,EN,Federal Contract Tower,0,5,13,0,18,0,1,13,0,14,0,6,26,0,32,24,0,24,56
12/20/2016,LWB,WV,AEA,EN,Federal Contract Tower,6,7,5,2,20,0,0,0,0,0,6,7,5,2,20,9,0,9,29
12/21/2016,LWB,WV,AEA,EN,Federal Contract Tower,3,2,4,9,18,0,0,11,2,13,3,2,15,11,31,14,12,26,57
12/22/2016,LWB,WV,AEA,EN,Federal Contract Tower,6,4,18,0,28,0,6,4,0,10,6,10,22,0,38,0,0,0,38
12/23/2016,LWB,WV,AEA,EN,Federal Contract Tower,6,13,27,0,46,0,2,8,4,14,6,15,35,4,60,0,0,0,60
12/24/2016,LWB,WV,AEA,EN,Federal Contract Tower,3,4,5,0,12,0,0,0,0,0,3,4,5,0,12,0,0,0,12
12/25/2016,LWB,WV,AEA,EN,Federal Contract Tower,2,2,0,0,4,0,0,0,0,0,2,2,0,0,4,0,0,0,4
12/26/2016,LWB,WV,AEA,EN,Federal Contract Tower,4,9,56,0,69,0,2,3,0,5,4,11,59,0,74,0,0,0,74
12/27/2016,LWB,WV,AEA,EN,Federal Contract Tower,10,15,14,0,39,0,8,6,0,14,10,23,20,0,53,0,0,0,53
12/28/2016,LWB,WV,AEA,EN,Federal Contract Tower,4,16,16,2,38,0,2,28,10,40,4,18,44,12,78,0,42,42,120
12/29/2016,LWB,WV,AEA,EN,Federal Contract Tower,2,16,20,0,38,0,0,5,0,5,2,16,25,0,43,0,0,0,43
12/30/2016,LWB,WV,AEA,EN,Federal Contract Tower,5,28,18,0,51,0,0,0,0,0,5,28,18,0,51,0,0,0,51
12/31/2016,LWB,WV,AEA,EN,Federal Contract Tower,3,7,7,0,17,0,0,4,0,4,3,7,11,0,21,0,0,0,21
01/01/2017,LWB,WV,AEA,EN,Federal Contract Tower,0,5,14,0,19,0,0,2,0,2,0,5,16,0,21,0,0,0,21
01/02/2017,LWB,WV,AEA,EN,Federal Contract Tower,0,14,15,0,29,0,0,0,0,0,0,14,15,0,29,0,0,0,29
01/03/2017,LWB,WV,AEA,EN,Federal Contract Tower,0,3,5,0,8,0,0,0,0,0,0,3,5,0,8,0,0,0,8
01/04/2017,LWB,WV,AEA,EN,Federal Contract Tower,0,0,5,0,5,0,0,1,0,1,0,0,6,0,6,0,0,0,6
01/05/2017,LWB,WV,AEA,EN,Federal Contract Tower,0,7,8,0,15,0,0,0,0,0,0,7,8,0,15,0,0,0,15
01/06/2017,LWB,WV,AEA,EN,Federal Contract Tower,0,2,3,0,5,0,1,0,0,1,0,3,3,0,6,0,0,0,6
01/07/2017,LWB,WV,AEA,EN,Federal Contract Tower,0,2,6,0,8,0,2,0,0,2,0,4,6,0,10,0,0,0,10
01/08/2017,LWB,WV,AEA,EN,Federal Contract Tower,0,7,5,0,12,0,0,0,0,0,0,7,5,0,12,0,0,0,12
01/09/2017,LWB,WV,AEA,EN,Federal Contract Tower,4,3,6,0,13,0,9,7,3,19,4,12,13,3,32,0,0,0,32
01/10/2017,LWB,WV,AEA,EN,Federal Contract Tower,2,3,5,0,10,0,6,0,0,6,2,9,5,0,16,0,0,0,16
01/11/2017,LWB,WV,AEA,EN,Federal Contract Tower,0,0,1,0,1,0,0,0,0,0,0,0,1,0,1,0,0,0,1
01/12/2017,LWB,WV,AEA,EN,Federal Contract Tower,4,1,1,0,6,0,4,0,0,4,4,5,1,0,10,0,0,0,10
01/13/2017,LWB,WV,AEA,EN,Federal Contract Tower,4,4,9,2,19,0,0,7,4,11,4,4,16,6,30,8,12,20,50
01/14/2017,LWB,WV,AEA,EN,Federal Contract Tower,1,15,13,0,29,0,0,0,0,0,1,15,13,0,29,0,0,0,29
01/15/2017,LWB,WV,AEA,EN,Federal Contract Tower,3,7,28,0,38,0,0,0,0,0,3,7,28,0,38,0,0,0,38
01/16/2017,LWB,WV,AEA,EN,Federal Contract Tower,5,9,20,0,34,0,0,0,0,0,5,9,20,0,34,0,0,0,34
01/17/2017,LWB,WV,AEA,EN,Federal Contract Tower,5,4,22,0,31,0,0,0,1,1,5,4,22,1,32,0,0,0,32
01/18/2017,LWB,WV,AEA,EN,Federal Contract Tower,0,0,5,0,5,0,0,4,4,8,0,0,9,4,13,0,0,0,13
01/19/2017,LWB,WV,AEA,EN,Federal Contract Tower,4,4,12,0,20,0,6,22,0,28,4,10,34,0,48,34,0,34,82
01/20/2017,LWB,WV,AEA,EN,Federal Contract Tower,6,3,7,0,16,0,4,8,0,12,6,7,15,0,28,14,0,14,42
01/21/2017,LWB,WV,AEA,EN,Federal Contract Tower,0,1,10,0,11,0,1,15,0,16,0,2,25,0,27,30,0,30,57
01/22/2017,LWB,WV,AEA,EN,Federal Contract Tower,7,0,3,0,10,0,0,0,0,0,7,0,3,0,10,0,0,0,10
01/23/2017,LWB,WV,AEA,EN,Federal Contract Tower,2,0,0,0,2,0,0,0,0,0,2,0,0,0,2,0,0,0,2
01/24/2017,LWB,WV,AEA,EN,Federal Contract Tower,4,4,4,0,12,0,0,0,0,0,4,4,4,0,12,0,0,0,12
01/25/2017,LWB,WV,AEA,EN,Federal Contract Tower,1,3,11,4,19,0,0,6,0,6,1,3,17,4,25,2,0,2,27
01/26/2017,LWB,WV,AEA,EN,Federal Contract Tower,5,7,11,0,23,0,4,5,0,9,5,11,16,0,32,0,0,0,32
01/27/2017,LWB,WV,AEA,EN,Federal Contract Tower,3,0,14,3,20,0,0,3,0,3,3,0,17,3,23,0,0,0,23
01/28/2017,LWB,WV,AEA,EN,Federal Contract Tower,3,4,2,0,9,0,1,7,0,8,3,5,9,0,17,0,0,0,17
01/29/2017,LWB,WV,AEA,EN,Federal Contract Tower,2,8,3,0,13,0,0,0,0,0,2,8,3,0,13,0,0,0,13
01/30/2017,LWB,WV,AEA,EN,Federal Contract Tower,0,0,1,0,1,0,4,0,0,4,0,4,1,0,5,0,0,0,5
01/31/2017,LWB,WV,AEA,EN,Federal Contract Tower,0,0,9,5,14,0,2,7,4,13,0,2,16,9,27,0,0,0,27
02/01/2017,LWB,WV,AEA,EN,Federal Contract Tower,3,4,4,6,17,0,0,7,0,7,3,4,11,6,24,7,0,7,31
02/02/2017,LWB,WV,AEA,EN,Federal Contract Tower,6,3,15,6,30,0,6,33,0,39,6,9,48,6,69,10,14,24,93
02/03/2017,LWB,WV,AEA,EN,Federal Contract Tower,6,3,3,4,16,0,6,6,16,28,6,9,9,20,44,0,0,0,44
02/04/2017,LWB,WV,AEA,EN,Federal Contract Tower,5,5,4,4,18,0,5,32,0,37,5,10,36,4,55,30,0,30,85
02/05/2017,LWB,WV,AEA,EN,Federal Contract Tower,3,7,4,0,14,0,2,3,0,5,3,9,7,0,19,0,0,0,19
02/06/2017,LWB,WV,AEA,EN,Federal Contract Tower,3,1,3,0,7,0,1,15,2,18,3,2,18,2,25,0,0,0,25
02/07/2017,LWB,WV,AEA,EN,Federal Contract Tower,4,1,2,0,7,0,3,6,0,9,4,4,8,0,16,8,0,8,24
02/08/2017,LWB,WV,AEA,EN,Federal Contract Tower,6,3,4,0,13,0,4,6,3,13,6,7,10,3,26,12,0,12,38
02/09/2017,LWB,WV,AEA,EN,Federal Contract Tower,2,6,5,0,13,0,0,0,0,0,2,6,5,0,13,0,0,0,13
02/10/2017,LWB,WV,AEA,EN,Federal Contract Tower,6,7,8,2,23,0,1,9,2,12,6,8,17,4,35,10,14,24,59
02/11/2017,LWB,WV,AEA,EN,Federal Contract Tower,2,1,3,0,6,0,0,15,0,15,2,1,18,0,21,32,0,32,53
02/12/2017,LWB,WV,AEA,EN,Federal Contract Tower,8,2,2,0,12,0,0,0,0,0,8,2,2,0,12,0,0,0,12
02/13/2017,LWB,WV,AEA,EN,Federal Contract Tower,6,2,6,0,14,0,6,2,0,8,6,8,8,0,22,0,0,0,22
02/14/2017,LWB,WV,AEA,EN,Federal Contract Tower,3,2,2,4,11,0,1,6,2,9,3,3,8,6,20,0,0,0,20
02/15/2017,LWB,WV,AEA,EN,Federal Contract Tower,5,6,7,0,18,0,5,8,0,13,5,11,15,0,31,0,0,0,31
02/16/2017,LWB,WV,AEA,EN,Federal Contract Tower,3,17,5,0,25,0,0,0,4,4,3,17,5,4,29,0,0,0,29
02/17/2017,LWB,WV,AEA,EN,Federal Contract Tower,4,6,28,0,38,0,2,18,2,22,4,8,46,2,60,0,0,0,60
02/18/2017,LWB,WV,AEA,EN,Federal Contract Tower,2,0,5,0,7,0,5,11,0,16,2,5,16,0,23,0,0,0,23
02/19/2017,LWB,WV,AEA,EN,Federal Contract Tower,3,6,6,0,15,0,0,2,0,2,3,6,8,0,17,0,0,0,17
02/20/2017,LWB,WV,AEA,EN,Federal Contract Tower,2,16,21,0,39,0,5,19,0,24,2,21,40,0,63,32,0,32,95
02/21/2017,LWB,WV,AEA,EN,Federal Contract Tower,5,8,16,1,30,0,13,13,3,29,5,21,29,4,59,26,0,26,85
02/22/2017,LWB,WV,AEA,EN,Federal Contract Tower,5,13,10,0,28,0,0,0,0,0,5,13,10,0,28,0,0,0,28
02/23/2017,LWB,WV,AEA,EN,Federal Contract Tower,6,5,6,2,19,0,0,2,0,2,6,5,8,2,21,0,0,0,21
02/24/2017,LWB,WV,AEA,EN,Federal Contract Tower,8,5,9,0,22,0,2,17,8,27,8,7,26,8,49,0,0,0,49
02/25/2017,LWB,WV,AEA,EN,Federal Contract Tower,2,6,11,0,19,0,4,3,0,7,2,10,14,0,26,0,0,0,26
02/26/2017,LWB,WV,AEA,EN,Federal Contract Tower,4,6,14,0,24,0,0,14,0,14,4,6,28,0,38,0,0,0,38
02/27/2017,LWB,WV,AEA,EN,Federal Contract Tower,6,2,9,3,20,0,1,10,0,11,6,3,19,3,31,0,8,8,39
02/28/2017,LWB,WV,AEA,EN,Federal Contract Tower,3,1,18,0,22,0,3,2,0,5,3,4,20,0,27,0,0,0,27
03/01/2017,LWB,WV,AEA,EN,Federal Contract Tower,5,2,4,0,11,0,0,0,0,0,5,2,4,0,11,0,0,0,11
03/02/2017,LWB,WV,AEA,EN,Federal Contract Tower,4,6,9,0,19,0,2,2,0,4,4,8,11,0,23,0,0,0,23
03/03/2017,LWB,WV,AEA,EN,Federal Contract Tower,2,4,5,0,11,0,1,7,0,8,2,5,12,0,19,0,0,0,19
03/04/2017,LWB,WV,AEA,EN,Federal Contract Tower,7,4,17,0,28,0,1,25,4,30,7,5,42,4,58,0,0,0,58
03/05/2017,LWB,WV,AEA,EN,Federal Contract Tower,4,5,10,0,19,0,2,9,0,11,4,7,19,0,30,0,0,0,30
03/06/2017,LWB,WV,AEA,EN,Federal Contract Tower,11,7,16,0,34,0,0,4,0,4,11,7,20,0,38,42,0,42,80
03/07/2017,LWB,WV,AEA,EN,Federal Contract Tower,4,5,7,0,16,0,0,0,0,0,4,5,7,0,16,0,0,0,16
03/08/2017,LWB,WV,AEA,EN,Federal Contract Tower,4,10,6,7,27,0,2,9,2,13,4,12,15,9,40,0,18,18,58
03/09/2017,LWB,WV,AEA,EN,Federal Contract Tower,6,7,8,0,21,0,2,9,0,11,6,9,17,0,32,10,0,10,42
03/10/2017,LWB,WV,AEA,EN,Federal Contract Tower,7,2,1,0,10,0,0,1,0,1,7,2,2,0,11,0,0,0,11
03/11/2017,LWB,WV,AEA,EN,Federal Contract Tower,3,0,6,0,9,0,10,4,0,14,3,10,10,0,23,0,0,0,23
03/12/2017,LWB,WV,AEA,EN,Federal Contract Tower,5,2,6,0,13,0,5,10,0,15,5,7,16,0,28,0,0,0,28
03/13/2017,LWB,WV,AEA,EN,Federal Contract Tower,6,2,3,0,11,0,2,5,2,9,6,4,8,2,20,12,0,12,32
03/14/2017,LWB,WV,AEA,EN,Federal Contract Tower,2,6,6,0,14,0,0,0,0,0,2,6,6,0,14,0,0,0,14
03/15/2017,LWB,WV,AEA,EN,Federal Contract Tower,4,4,6,0,14,0,0,2,0,2,4,4,8,0,16,0,0,0,16
03/16/2017,LWB,WV,AEA,EN,Federal Contract Tower,3,5,19,1,28,0,1,3,8,12,3,6,22,9,40,0,0,0,40
03/17/2017,LWB,WV,AEA,EN,Federal Contract Tower,5,1,23,0,29,0,1,2,0,3,5,2,25,0,32,0,0,0,32
03/18/2017,LWB,WV,AEA,EN,Federal Contract Tower,3,0,3,2,8,0,3,2,4,9,3,3,5,6,17,0,0,0,17
03/19/2017,LWB,WV,AEA,EN,Federal Contract Tower,3,3,14,0,20,0,0,2,0,2,3,3,16,0,22,0,0,0,22
03/20/2017,LWB,WV,AEA,EN,Federal Contract Tower,6,3,12,0,21,0,6,20,0,26,6,9,32,0,47,26,0,26,73
03/21/2017,LWB,WV,AEA,EN,Federal Contract Tower,2,8,15,0,25,0,0,8,0,8,2,8,23,0,33,30,0,30,63
03/22/2017,LWB,WV,AEA,EN,Federal Contract Tower,2,6,4,0,12,0,0,9,0,9,2,6,13,0,21,16,0,16,37
03/23/2017,LWB,WV,AEA,EN,Federal Contract Tower,7,7,12,0,26,0,4,19,6,29,7,11,31,6,55,46,0,46,101
03/24/2017,LWB,WV,AEA,EN,Federal Contract Tower,14,2,8,0,24,0,0,8,0,8,14,2,16,0,32,0,0,0,32
03/25/2017,LWB,WV,AEA,EN,Federal Contract Tower,4,8,12,0,24,0,0,34,0,34,4,8,46,0,58,66,12,78,136
03/26/2017,LWB,WV,AEA,EN,Federal Contract Tower,9,9,13,0,31,0,5,4,0,9,9,14,17,0,40,0,0,0,40
03/27/2017,LWB,WV,AEA,EN,Federal Contract Tower,5,5,2,0,12,0,4,0,0,4,5,9,2,0,16,0,0,0,16
03/28/2017,LWB,WV,AEA,EN,Federal Contract Tower,3,4,6,0,13,0,0,0,0,0,3,4,6,0,13,0,0,0,13
03/29/2017,LWB,WV,AEA,EN,Federal Contract Tower,4,11,12,2,29,0,4,9,2,15,4,15,21,4,44,10,10,20,64
03/30/2017,LWB,WV,AEA,EN,Federal Contract Tower,5,6,16,0,27,0,11,5,0,16,5,17,21,0,43,0,0,0,43
03/31/2017,LWB,WV,AEA,EN,Federal Contract Tower,6,8,4,0,18,0,0,1,0,1,6,8,5,0,19,0,0,0,19
04/01/2017,LWB,WV,AEA,EN,Federal Contract Tower,4,2,12,0,18,0,2,0,0,2,4,4,12,0,20,0,0,0,20
04/02/2017,LWB,WV,AEA,EN,Federal Contract Tower,4,1,13,0,18,0,1,10,0,11,4,2,23,0,29,8,0,8,37
04/03/2017,LWB,WV,AEA,EN,Federal Contract Tower,3,0,1,6,10,0,2,7,0,9,3,2,8,6,19,0,0,0,19
04/04/2017,LWB,WV,AEA,EN,Federal Contract Tower,2,1,8,0,11,0,0,12,0,12,2,1,20,0,23,0,0,0,23
04/05/2017,LWB,WV,AEA,EN,Federal Contract Tower,6,0,2,0,8,0,1,21,0,22,6,1,23,0,30,14,0,14,44
04/06/2017,LWB,WV,AEA,EN,Federal Contract Tower,6,2,5,0,13,0,0,0,0,0,6,2,5,0,13,0,0,0,13
04/07/2017,LWB,WV,AEA,EN,Federal Contract Tower,7,3,4,0,14,0,0,2,0,2,7,3,6,0,16,0,0,0,16
04/08/2017,LWB,WV,AEA,EN,Federal Contract Tower,3,4,8,0,15,0,4,6,0,10,3,8,14,0,25,10,0,10,35
04/09/2017,LWB,WV,AEA,EN,Federal Contract Tower,3,5,5,0,13,0,1,31,0,32,3,6,36,0,45,0,0,0,45
04/10/2017,LWB,WV,AEA,EN,Federal Contract Tower,5,2,6,0,13,0,7,17,0,24,5,9,23,0,37,6,0,6,43
04/11/2017,LWB,WV,AEA,EN,Federal Contract Tower,3,0,6,0,9,0,4,14,0,18,3,4,20,0,27,24,0,24,51
04/12/2017,LWB,WV,AEA,EN,Federal Contract Tower,7,3,12,0,22,0,1,26,0,27,7,4,38,0,49,24,0,24,73
04/13/2017,LWB,WV,AEA,EN,Federal Contract Tower,5,13,14,0,32,0,5,23,4,32,5,18,37,4,64,12,0,12,76
04/14/2017,LWB,WV,AEA,EN,Federal Contract Tower,7,5,21,0,33,0,0,9,0,9,7,5,30,0,42,8,0,8,50
04/15/2017,LWB,WV,AEA,EN,Federal Contract Tower,3,2,6,0,11,0,2,15,0,17,3,4,21,0,28,16,0,16,44
04/16/2017,LWB,WV,AEA,EN,Federal Contract Tower,4,15,14,0,33,0,6,7,0,13,4,21,21,0,46,8,0,8,54
04/17/2017,LWB,WV,AEA,EN,Federal Contract Tower,6,11,18,0,35,0,0,4,0,4,6,11,22,0,39,0,0,0,39
04/18/2017,LWB,WV,AEA,EN,Federal Contract Tower,2,0,2,2,6,0,0,16,2,18,2,0,18,4,24,0,0,0,24
04/19/2017,LWB,WV,AEA,EN,Federal Contract Tower,7,12,3,0,22,0,7,14,0,21,7,19,17,0,43,0,0,0,43
04/20/2017,LWB,WV,AEA,EN,Federal Contract Tower,9,6,21,3,39,0,14,12,6,32,9,20,33,9,71,6,8,14,85
04/21/2017,LWB,WV,AEA,EN,Federal Contract Tower,7,3,17,0,27,0,4,10,0,14,7,7,27,0,41,0,0,0,41
04/22/2017,LWB,WV,AEA,EN,Federal Contract Tower,2,4,12,0,18,0,0,8,0,8,2,4,20,0,26,12,0,12,38
04/23/2017,LWB,WV,AEA,EN,Federal Contract Tower,4,6,12,0,22,0,1,2,0,3,4,7,14,0,25,0,0,0,25
04/24/2017,LWB,WV,AEA,EN,Federal Contract Tower,6,4,12,0,22,0,0,0,0,0,6,4,12,0,22,0,0,0,22
04/25/2017,LWB,WV,AEA,EN,Federal Contract Tower,4,6,19,3,32,0,14,2,1,17,4,20,21,4,49,10,0,10,59
04/26/2017,LWB,WV,AEA,EN,Federal Contract Tower,5,5,24,0,34,0,4,34,0,38,5,9,58,0,72,0,0,0,72
04/27/2017,LWB,WV,AEA,EN,Federal Contract Tower,4,17,21,0,42,0,1,0,0,1,4,18,21,0,43,0,0,0,43
04/28/2017,LWB,WV,AEA,EN,Federal Contract Tower,7,18,34,1,60,0,1,18,2,21,7,19,52,3,81,16,0,16,97
04/29/2017,LWB,WV,AEA,EN,Federal Contract Tower,3,1,10,0,14,0,3,17,0,20,3,4,27,0,34,0,0,0,34
04/30/2017,LWB,WV,AEA,EN,Federal Contract Tower,6,15,18,0,39,0,4,3,0,7,6,19,21,0,46,0,0,0,46
05/01/2017,LWB,WV,AEA,EN,Federal Contract Tower,6,7,13,0,26,0,0,2,0,2,6,7,15,0,28,0,0,0,28
05/02/2017,LWB,WV,AEA,EN,Federal Contract Tower,2,5,11,0,18,0,4,5,0,9,2,9,16,0,27,0,0,0,27
05/03/2017,LWB,WV,AEA,EN,Federal Contract Tower,6,1,5,0,12,0,10,13,0,23,6,11,18,0,35,0,0,0,35
05/04/2017,LWB,WV,AEA,EN,Federal Contract Tower,4,1,8,0,13,0,4,2,1,7,4,5,10,1,20,0,0,0,20
05/05/2017,LWB,WV,AEA,EN,Federal Contract Tower,7,2,12,7,28,0,6,0,9,15,7,8,12,16,43,0,12,12,55
05/06/2017,LWB,WV,AEA,EN,Federal Contract Tower,3,5,17,0,25,0,0,0,0,0,3,5,17,0,25,0,0,0,25
05/07/2017,LWB,WV,AEA,EN,Federal Contract Tower,5,12,45,0,62,0,0,6,0,6,5,12,51,0,68,0,0,0,68
05/08/2017,LWB,WV,AEA,EN,Federal Contract Tower,4,12,16,2,34,0,0,3,2,5,4,12,19,4,39,0,0,0,39
05/09/2017,LWB,WV,AEA,EN,Federal Contract Tower,2,3,15,0,20,0,0,6,0,6,2,3,21,0,26,0,0,0,26
05/10/2017,LWB,WV,AEA,EN,Federal Contract Tower,6,0,10,0,16,0,2,6,2,10,6,2,16,2,26,0,0,0,26
05/11/2017,LWB,WV,AEA,EN,Federal Contract Tower,2,8,23,0,33,0,2,10,0,12,2,10,33,0,45,0,0,0,45
05/12/2017,LWB,WV,AEA,EN,Federal Contract Tower,6,3,24,0,33,0,0,0,0,0,6,3,24,0,33,0,0,0,33
05/13/2017,LWB,WV,AEA,EN,Federal Contract Tower,3,0,12,0,15,0,2,2,0,4,3,2,14,0,19,0,0,0,19
05/14/2017,LWB,WV,AEA,EN,Federal Contract Tower,3,10,16,0,29,0,9,12,0,21,3,19,28,0,50,0,0,0,50
05/15/2017,LWB,WV,AEA,EN,Federal Contract Tower,5,7,13,0,25,0,0,6,4,10,5,7,19,4,35,0,0,0,35
05/16/2017,LWB,WV,AEA,EN,Federal Contract Tower,2,5,16,0,23,0,8,12,4,24,2,13,28,4,47,20,0,20,67
05/17/2017,LWB,WV,AEA,EN,Federal Contract Tower,6,10,12,3,31,0,3,18,6,27,6,13,30,9,58,10,32,42,100
05/18/2017,LWB,WV,AEA,EN,Federal Contract Tower,4,9,13,0,26,0,4,6,0,10,4,13,19,0,36,0,0,0,36
05/19/2017,LWB,WV,AEA,EN,Federal Contract Tower,9,10,44,2,65,0,4,6,0,10,9,14,50,2,75,0,0,0,75
05/20/2017,LWB,WV,AEA,EN,Federal Contract Tower,3,16,10,0,29,0,3,8,0,11,3,19,18,0,40,0,0,0,40
05/21/2017,LWB,WV,AEA,EN,Federal Contract Tower,6,32,37,0,75,0,0,1,0,1,6,32,38,0,76,0,0,0,76
05/22/2017,LWB,WV,AEA,EN,Federal Contract Tower,6,23,15,0,44,0,1,2,0,3,6,24,17,0,47,0,0,0,47
05/23/2017,LWB,WV,AEA,EN,Federal Contract Tower,0,13,45,2,60,0,0,0,0,0,0,13,45,2,60,0,0,0,60
05/25/2017,LWB,WV,AEA,EN,Federal Contract Tower,8,16,27,0,51,0,12,5,0,17,8,28,32,0,68,0,0,0,68
05/26/2017,LWB,WV,AEA,EN,Federal Contract Tower,11,9,33,0,53,0,1,2,0,3,11,10,35,0,56,0,0,0,56
05/27/2017,LWB,WV,AEA,EN,Federal Contract Tower,10,17,22,0,49,0,3,11,0,14,10,20,33,0,63,12,0,12,75
05/28/2017,LWB,WV,AEA,EN,Federal Contract Tower,3,1,4,0,8,0,0,0,0,0,3,1,4,0,8,0,0,0,8
05/29/2017,LWB,WV,AEA,EN,Federal Contract Tower,10,11,19,0,40,0,2,10,0,12,10,13,29,0,52,0,0,0,52
05/30/2017,LWB,WV,AEA,EN,Federal Contract Tower,3,20,23,0,46,0,0,11,0,11,3,20,34,0,57,16,0,16,73
05/31/2017,LWB,WV,AEA,EN,Federal Contract Tower,5,3,16,0,24,0,16,13,0,29,5,19,29,0,53,14,0,14,67
06/01/2017,LWB,WV,AEA,EN,Federal Contract Tower,7,9,9,0,25,0,4,26,2,32,7,13,35,2,57,6,0,6,63
06/02/2017,LWB,WV,AEA,EN,Federal Contract Tower,4,13,46,0,63,0,5,23,0,28,4,18,69,0,91,22,0,22,113
06/03/2017,LWB,WV,AEA,EN,Federal Contract Tower,2,7,15,0,24,0,4,21,0,25,2,11,36,0,49,28,0,28,77
06/04/2017,LWB,WV,AEA,EN,Federal Contract Tower,3,10,14,0,27,0,9,13,0,22,3,19,27,0,49,12,0,12,61
06/05/2017,LWB,WV,AEA,EN,Federal Contract Tower,5,18,20,1,44,0,1,0,0,1,5,19,20,1,45,0,0,0,45
06/06/2017,LWB,WV,AEA,EN,Federal Contract Tower,5,7,33,0,45,0,3,17,4,24,5,10,50,4,69,4,0,4,73
06/07/2017,LWB,WV,AEA,EN,Federal Contract Tower,4,7,10,0,21,0,0,13,0,13,4,7,23,0,34,12,0,12,46
06/08/2017,LWB,WV,AEA,EN,Federal Contract Tower,6,11,22,0,39,0,1,13,0,14,6,12,35,0,53,36,0,36,89
06/09/2017,LWB,WV,AEA,EN,Federal Contract Tower,3,6,22,0,31,0,11,8,4,23,3,17,30,4,54,0,0,0,54
06/10/2017,LWB,WV,AEA,EN,Federal Contract Tower,3,4,11,0,18,0,6,23,4,33,3,10,34,4,51,22,0,22,73
06/11/2017,LWB,WV,AEA,EN,Federal Contract Tower,4,7,20,0,31,0,9,10,0,19,4,16,30,0,50,10,0,10,60
06/12/2017,LWB,WV,AEA,EN,Federal Contract Tower,4,6,17,1,28,0,2,32,0,34,4,8,49,1,62,2,0,2,64
06/13/2017,LWB,WV,AEA,EN,Federal Contract Tower,1,6,8,0,15,0,1,9,0,10,1,7,17,0,25,0,0,0,25
06/14/2017,LWB,WV,AEA,EN,Federal Contract Tower,0,22,11,0,33,0,5,13,0,18,0,27,24,0,51,24,0,24,75
06/15/2017,LWB,WV,AEA,EN,Federal Contract Tower,2,16,15,0,33,0,10,22,0,32,2,26,37,0,65,26,0,26,91
06/16/2017,LWB,WV,AEA,EN,Federal Contract Tower,8,8,10,0,26,0,5,1,0,6,8,13,11,0,32,18,0,18,50
06/17/2017,LWB,WV,AEA,EN,Federal Contract Tower,6,19,25,0,50,0,3,3,0,6,6,22,28,0,56,0,0,0,56
06/18/2017,LWB,WV,AEA,EN,Federal Contract Tower,3,31,17,0,51,0,1,10,0,11,3,32,27,0,62,0,0,0,62
06/19/2017,LWB,WV,AEA,EN,Federal Contract Tower,8,16,36,0,60,0,0,2,0,2,8,16,38,0,62,0,0,0,62
06/20/2017,LWB,WV,AEA,EN,Federal Contract Tower,9,12,13,0,34,0,2,16,2,20,9,14,29,2,54,6,0,6,60
06/21/2017,LWB,WV,AEA,EN,Federal Contract Tower,4,24,12,2,42,0,1,29,0,30,4,25,41,2,72,20,0,20,92
06/22/2017,LWB,WV,AEA,EN,Federal Contract Tower,5,37,16,0,58,0,2,28,0,30,5,39,44,0,88,46,0,46,134
06/23/2017,LWB,WV,AEA,EN,Federal Contract Tower,7,21,21,0,49,0,2,1,0,3,7,23,22,0,52,0,0,0,52
06/24/2017,LWB,WV,AEA,EN,Federal Contract Tower,3,7,18,0,28,0,0,2,0,2,3,7,20,0,30,0,0,0,30
06/25/2017,LWB,WV,AEA,EN,Federal Contract Tower,3,29,14,0,46,0,4,10,4,18,3,33,24,4,64,20,0,20,84
06/26/2017,LWB,WV,AEA,EN,Federal Contract Tower,5,18,13,0,36,0,0,8,0,8,5,18,21,0,44,12,0,12,56
06/27/2017,LWB,WV,AEA,EN,Federal Contract Tower,2,11,22,2,37,0,5,27,0,32,2,16,49,2,69,36,0,36,105
06/28/2017,LWB,WV,AEA,EN,Federal Contract Tower,7,17,29,0,53,0,0,47,2,49,7,17,76,2,102,56,0,56,158
06/29/2017,LWB,WV,AEA,EN,Federal Contract Tower,6,11,22,0,39,0,6,7,0,13,6,17,29,0,52,8,0,8,60
06/30/2017,LWB,WV,AEA,EN,Federal Contract Tower,4,12,30,2,48,0,4,0,0,4,4,16,30,2,52,0,0,0,52
07/01/2017,LWB,WV,AEA,EN,Federal Contract Tower,3,15,16,0,34,0,4,0,0,4,3,19,16,0,38,0,0,0,38
07/02/2017,LWB,WV,AEA,EN,Federal Contract Tower,5,8,25,0,38,0,2,26,0,28,5,10,51,0,66,18,0,18,84
07/03/2017,LWB,WV,AEA,EN,Federal Contract Tower,4,33,20,0,57,0,8,11,0,19,4,41,31,0,76,14,0,14,90
07/04/2017,LWB,WV,AEA,EN,Federal Contract Tower,4,21,16,0,41,0,2,0,0,2,4,23,16,0,43,0,0,0,43
07/05/2017,LWB,WV,AEA,EN,Federal Contract Tower,2,28,39,0,69,0,3,1,0,4,2,31,40,0,73,0,0,0,73
07/06/2017,LWB,WV,AEA,EN,Federal Contract Tower,8,11,19,0,38,0,5,13,0,18,8,16,32,0,56,8,0,8,64
07/07/2017,LWB,WV,AEA,EN,Federal Contract Tower,4,11,30,2,47,0,12,5,0,17,4,23,35,2,64,20,0,20,84
07/08/2017,LWB,WV,AEA,EN,Federal Contract Tower,3,14,18,0,35,0,10,0,0,10,3,24,18,0,45,0,0,0,45
07/09/2017,LWB,WV,AEA,EN,Federal Contract Tower,4,53,76,0,133,0,5,13,0,18,4,58,89,0,151,8,0,8,159
07/10/2017,LWB,WV,AEA,EN,Federal Contract Tower,7,22,31,0,60,0,4,5,0,9,7,26,36,0,69,0,0,0,69
07/11/2017,LWB,WV,AEA,EN,Federal Contract Tower,3,17,17,0,37,0,35,30,0,65,3,52,47,0,102,30,0,30,132
07/12/2017,LWB,WV,AEA,EN,Federal Contract Tower,6,5,45,0,56,0,5,17,0,22,6,10,62,0,78,0,0,0,78
07/13/2017,LWB,WV,AEA,EN,Federal Contract Tower,6,21,40,0,67,0,11,22,0,33,6,32,62,0,100,22,0,22,122
07/14/2017,LWB,WV,AEA,EN,Federal Contract Tower,9,21,28,0,58,0,6,4,0,10,9,27,32,0,68,0,0,0,68
07/15/2017,LWB,WV,AEA,EN,Federal Contract Tower,3,22,23,0,48,0,2,29,0,31,3,24,52,0,79,6,0,6,85
07/16/2017,LWB,WV,AEA,EN,Federal Contract Tower,4,11,29,0,44,0,2,12,0,14,4,13,41,0,58,2,0,2,60
07/17/2017,LWB,WV,AEA,EN,Federal Contract Tower,1,7,16,6,30,0,6,19,5,30,1,13,35,11,60,0,20,20,80
07/18/2017,LWB,WV,AEA,EN,Federal Contract Tower,5,16,29,6,56,0,10,9,5,24,5,26,38,11,80,10,12,22,102
07/19/2017,LWB,WV,AEA,EN,Federal Contract Tower,3,6,22,0,31,0,9,13,0,22,3,15,35,0,53,14,0,14,67
07/20/2017,LWB,WV,AEA,EN,Federal Contract Tower,6,17,41,4,68,0,15,28,6,49,6,32,69,10,117,28,0,28,145
07/21/2017,LWB,WV,AEA,EN,Federal Contract Tower,5,18,41,0,64,0,0,1,6,7,5,18,42,6,71,0,0,0,71
07/22/2017,LWB,WV,AEA,EN,Federal Contract Tower,2,12,32,3,49,0,5,2,3,10,2,17,34,6,59,0,0,0,59
07/23/2017,LWB,WV,AEA,EN,Federal Contract Tower,5,29,31,0,65,0,0,3,0,3,5,29,34,0,68,0,0,0,68
07/24/2017,LWB,WV,AEA,EN,Federal Contract Tower,5,8,24,2,39,0,2,0,1,3,5,10,24,3,42,0,0,0,42
07/25/2017,LWB,WV,AEA,EN,Federal Contract Tower,7,14,20,0,41,0,2,21,6,29,7,16,41,6,70,14,10,24,94
07/26/2017,LWB,WV,AEA,EN,Federal Contract Tower,6,4,23,0,33,0,7,1,4,12,6,11,24,4,45,0,0,0,45
07/27/2017,LWB,WV,AEA,EN,Federal Contract Tower,5,40,23,0,68,0,5,15,0,20,5,45,38,0,88,16,0,16,104
07/28/2017,LWB,WV,AEA,EN,Federal Contract Tower,6,13,5,0,24,0,7,0,0,7,6,20,5,0,31,0,0,0,31
07/29/2017,LWB,WV,AEA,EN,Federal Contract Tower,5,9,13,0,27,0,2,1,0,3,5,11,14,0,30,0,0,0,30
07/30/2017,LWB,WV,AEA,EN,Federal Contract Tower,2,25,25,0,52,0,17,23,0,40,2,42,48,0,92,10,0,10,102
07/31/2017,LWB,WV,AEA,EN,Federal Contract Tower,4,4,14,0,22,0,6,12,0,18,4,10,26,0,40,10,0,10,50
08/01/2017,LWB,WV,AEA,EN,Federal Contract Tower,5,21,16,0,42,0,7,14,2,23,5,28,30,2,65,22,0,22,87
08/02/2017,LWB,WV,AEA,EN,Federal Contract Tower,3,7,12,0,22,0,4,4,0,8,3,11,16,0,30,0,0,0,30
08/03/2017,LWB,WV,AEA,EN,Federal Contract Tower,0,13,29,0,42,0,10,27,4,41,0,23,56,4,83,20,12,32,115
08/04/2017,LWB,WV,AEA,EN,Federal Contract Tower,5,16,46,0,67,0,4,5,0,9,5,20,51,0,76,0,0,0,76
08/05/2017,LWB,WV,AEA,EN,Federal Contract Tower,3,16,18,3,40,0,8,13,10,31,3,24,31,13,71,6,0,6,77
08/06/2017,LWB,WV,AEA,EN,Federal Contract Tower,4,15,35,4,58,0,14,9,1,24,4,29,44,5,82,0,0,0,82
08/07/2017,LWB,WV,AEA,EN,Federal Contract Tower,4,3,13,0,20,0,0,0,0,0,4,3,13,0,20,0,0,0,20
08/08/2017,LWB,WV,AEA,EN,Federal Contract Tower,6,20,19,7,52,0,15,5,2,22,6,35,24,9,74,0,0,0,74
08/09/2017,LWB,WV,AEA,EN,Federal Contract Tower,6,8,19,6,39,0,2,15,2,19,6,10,34,8,58,18,0,18,76
08/10/2017,LWB,WV,AEA,EN,Federal Contract Tower,2,31,37,1,71,0,2,7,2,11,2,33,44,3,82,12,0,12,94
08/11/2017,LWB,WV,AEA,EN,Federal Contract Tower,0,22,16,6,44,0,4,6,2,12,0,26,22,8,56,22,12,34,90
08/12/2017,LWB,WV,AEA,EN,Federal Contract Tower,0,9,24,0,33,0,6,0,0,6,0,15,24,0,39,0,0,0,39
08/13/2017,LWB,WV,AEA,EN,Federal Contract Tower,0,13,11,0,24,0,8,24,0,32,0,21,35,0,56,12,0,12,68
08/14/2017,LWB,WV,AEA,EN,Federal Contract Tower,6,15,13,0,34,0,5,0,0,5,6,20,13,0,39,0,0,0,39
08/15/2017,LWB,WV,AEA,EN,Federal Contract Tower,3,6,14,0,23,0,2,0,2,4,3,8,14,2,27,0,0,0,27
08/16/2017,LWB,WV,AEA,EN,Federal Contract Tower,4,15,27,3,49,0,10,12,1,23,4,25,39,4,72,16,0,16,88
08/17/2017,LWB,WV,AEA,EN,Federal Contract Tower,10,5,20,0,35,0,4,20,0,24,10,9,40,0,59,34,0,34,93
08/18/2017,LWB,WV,AEA,EN,Federal Contract Tower,10,13,29,0,52,0,7,16,0,23,10,20,45,0,75,12,0,12,87
08/19/2017,LWB,WV,AEA,EN,Federal Contract Tower,2,15,17,0,34,0,2,14,2,18,2,17,31,2,52,0,0,0,52
08/20/2017,LWB,WV,AEA,EN,Federal Contract Tower,5,12,15,0,32,0,11,13,0,24,5,23,28,0,56,10,0,10,66
08/21/2017,LWB,WV,AEA,EN,Federal Contract Tower,4,9,22,0,35,0,7,34,4,45,4,16,56,4,80,8,0,8,88
08/22/2017,LWB,WV,AEA,EN,Federal Contract Tower,1,14,21,0,36,0,4,29,10,43,1,18,50,10,79,24,0,24,103
08/23/2017,LWB,WV,AEA,EN,Federal Contract Tower,5,7,8,0,20,0,8,9,0,17,5,15,17,0,37,14,0,14,51
08/24/2017,LWB,WV,AEA,EN,Federal Contract Tower,8,9,24,0,41,0,18,36,0,54,8,27,60,0,95,12,0,12,107
08/26/2017,LWB,WV,AEA,EN,Federal Contract Tower,3,28,29,0,60,0,4,10,0,14,3,32,39,0,74,24,0,24,98
08/27/2017,LWB,WV,AEA,EN,Federal Contract Tower,5,20,25,0,50,0,7,14,0,21,5,27,39,0,71,0,0,0,71
08/28/2017,LWB,WV,AEA,EN,Federal Contract Tower,4,11,22,0,37,0,0,17,0,17,4,11,39,0,54,24,0,24,78
08/29/2017,LWB,WV,AEA,EN,Federal Contract Tower,2,9,21,4,36,0,8,9,0,17,2,17,30,4,53,0,0,0,53
08/30/2017,LWB,WV,AEA,EN,Federal Contract Tower,4,21,22,2,49,0,2,0,30,32,4,23,22,32,81,0,0,0,81
08/31/2017,LWB,WV,AEA,EN,Federal Contract Tower,2,3,26,1,32,0,8,6,0,14,2,11,32,1,46,22,0,22,68
09/01/2017,LWB,WV,AEA,EN,Federal Contract Tower,4,13,43,0,60,0,0,1,0,1,4,13,44,0,61,0,0,0,61
09/02/2017,LWB,WV,AEA,EN,Federal Contract Tower,5,10,14,0,29,0,0,1,0,1,5,10,15,0,30,0,0,0,30
09/03/2017,LWB,WV,AEA,EN,Federal Contract Tower,4,10,10,0,24,0,2,38,0,40,4,12,48,0,64,0,0,0,64
09/04/2017,LWB,WV,AEA,EN,Federal Contract Tower,5,17,36,2,60,0,0,43,2,45,5,17,79,4,105,16,0,16,121
09/05/2017,LWB,WV,AEA,EN,Federal Contract Tower,3,7,12,0,22,0,0,0,0,0,3,7,12,0,22,0,0,0,22
09/06/2017,LWB,WV,AEA,EN,Federal Contract Tower,6,15,22,0,43,0,0,0,4,4,6,15,22,4,47,0,0,0,47
09/07/2017,LWB,WV,AEA,EN,Federal Contract Tower,5,50,63,0,118,0,0,24,8,32,5,50,87,8,150,14,0,14,164
09/08/2017,LWB,WV,AEA,EN,Federal Contract Tower,2,32,49,0,83,0,5,18,2,25,2,37,67,2,108,14,0,14,122
09/09/2017,LWB,WV,AEA,EN,Federal Contract Tower,2,18,32,0,52,0,2,20,2,24,2,20,52,2,76,14,0,14,90
09/10/2017,LWB,WV,AEA,EN,Federal Contract Tower,5,15,35,0,55,0,0,13,0,13,5,15,48,0,68,8,0,8,76
09/11/2017,LWB,WV,AEA,EN,Federal Contract Tower,8,8,7,0,23,0,0,0,0,0,8,8,7,0,23,0,0,0,23
09/12/2017,LWB,WV,AEA,EN,Federal Contract Tower,4,4,8,0,16,0,2,0,0,2,4,6,8,0,18,0,0,0,18
09/13/2017,LWB,WV,AEA,EN,Federal Contract Tower,5,9,20,0,34,0,2,4,4,10,5,11,24,4,44,14,0,14,58
09/14/2017,LWB,WV,AEA,EN,Federal Contract Tower,6,21,27,0,54,0,4,0,0,4,6,25,27,0,58,0,0,0,58
09/15/2017,LWB,WV,AEA,EN,Federal Contract Tower,5,23,34,0,62,0,7,4,0,11,5,30,38,0,73,16,0,16,89
09/16/2017,LWB,WV,AEA,EN,Federal Contract Tower,4,4,21,0,29,0,4,21,0,25,4,8,42,0,54,40,0,40,94
09/17/2017,LWB,WV,AEA,EN,Federal Contract Tower,5,22,50,0,77,0,0,9,0,9,5,22,59,0,86,8,0,8,94
09/18/2017,LWB,WV,AEA,EN,Federal Contract Tower,7,11,16,9,43,0,1,6,4,11,7,12,22,13,54,12,22,34,88
09/19/2017,LWB,WV,AEA,EN,Federal Contract Tower,3,14,26,0,43,0,0,10,2,12,3,14,36,2,55,34,0,34,89
09/20/2017,LWB,WV,AEA,EN,Federal Contract Tower,4,8,31,0,43,0,7,6,0,13,4,15,37,0,56,8,0,8,64
09/21/2017,LWB,WV,AEA,EN,Federal Contract Tower,3,6,19,0,28,0,0,5,0,5,3,6,24,0,33,0,0,0,33
09/22/2017,LWB,WV,AEA,EN,Federal Contract Tower,8,16,31,0,55,0,5,15,2,22,8,21,46,2,77,12,0,12,89
09/23/2017,LWB,WV,AEA,EN,Federal Contract Tower,3,6,22,0,31,0,2,19,0,21,3,8,41,0,52,14,0,14,66
09/24/2017,LWB,WV,AEA,EN,Federal Contract Tower,3,17,33,0,53,0,5,15,0,20,3,22,48,0,73,0,0,0,73
09/25/2017,LWB,WV,AEA,EN,Federal Contract Tower,7,10,15,0,32,0,0,9,11,20,7,10,24,11,52,8,0,8,60
09/26/2017,LWB,WV,AEA,EN,Federal Contract Tower,2,5,29,0,36,0,8,9,14,31,2,13,38,14,67,10,16,26,93
09/27/2017,LWB,WV,AEA,EN,Federal Contract Tower,5,7,16,0,28,0,1,3,0,4,5,8,19,0,32,0,0,0,32
09/28/2017,LWB,WV,AEA,EN,Federal Contract Tower,4,9,21,0,34,0,10,0,0,10,4,19,21,0,44,0,0,0,44
09/29/2017,LWB,WV,AEA,EN,Federal Contract Tower,4,4,19,0,27,0,0,16,0,16,4,4,35,0,43,52,0,52,95
09/30/2017,LWB,WV,AEA,EN,Federal Contract Tower,4,22,23,0,49,0,4,14,0,18,4,26,37,0,67,18,0,18,85
10/01/2017,LWB,WV,AEA,EN,Federal Contract Tower,2,16,37,0,55,0,0,0,0,0,2,16,37,0,55,0,0,0,55
10/02/2017,LWB,WV,AEA,EN,Federal Contract Tower,4,7,18,0,29,0,5,9,0,14,4,12,27,0,43,0,0,0,43
10/03/2017,LWB,WV,AEA,EN,Federal Contract Tower,2,19,25,0,46,0,2,21,2,25,2,21,46,2,71,12,0,12,83
10/04/2017,LWB,WV,AEA,EN,Federal Contract Tower,2,11,18,0,31,0,8,11,0,19,2,19,29,0,50,0,0,0,50
10/05/2017,LWB,WV,AEA,EN,Federal Contract Tower,3,16,34,0,53,0,3,9,0,12,3,19,43,0,65,4,0,4,69
10/06/2017,LWB,WV,AEA,EN,Federal Contract Tower,8,13,18,0,39,0,5,11,0,16,8,18,29,0,55,0,0,0,55
10/07/2017,LWB,WV,AEA,EN,Federal Contract Tower,4,2,8,0,14,0,3,34,0,37,4,5,42,0,51,32,0,32,83
10/08/2017,LWB,WV,AEA,EN,Federal Contract Tower,3,8,17,0,28,0,0,0,0,0,3,8,17,0,28,0,0,0,28
10/09/2017,LWB,WV,AEA,EN,Federal Contract Tower,2,10,29,0,41,0,7,2,0,9,2,17,31,0,50,0,0,0,50
10/10/2017,LWB,WV,AEA,EN,Federal Contract Tower,4,15,15,0,34,0,1,4,1,6,4,16,19,1,40,6,0,6,46
10/11/2017,LWB,WV,AEA,EN,Federal Contract Tower,3,18,15,2,38,0,7,2,2,11,3,25,17,4,49,0,0,0,49
10/12/2017,LWB,WV,AEA,EN,Federal Contract Tower,13,17,39,0,69,0,6,4,0,10,13,23,43,0,79,0,0,0,79
10/13/2017,LWB,WV,AEA,EN,Federal Contract Tower,7,13,28,0,48,0,2,3,0,5,7,15,31,0,53,12,0,12,65
10/14/2017,LWB,WV,AEA,EN,Federal Contract Tower,4,22,20,0,46,0,4,9,0,13,4,26,29,0,59,0,0,0,59
10/15/2017,LWB,WV,AEA,EN,Federal Contract Tower,8,20,39,0,67,0,4,10,0,14,8,24,49,0,81,18,0,18,99
10/16/2017,LWB,WV,AEA,EN,Federal Contract Tower,6,8,34,0,48,0,7,11,0,18,6,15,45,0,66,10,0,10,76
10/17/2017,LWB,WV,AEA,EN,Federal Contract Tower,1,5,22,0,28,0,0,9,0,9,1,5,31,0,37,18,0,18,55
10/18/2017,LWB,WV,AEA,EN,Federal Contract Tower,6,11,16,0,33,0,2,19,0,21,6,13,35,0,54,0,0,0,54
10/19/2017,LWB,WV,AEA,EN,Federal Contract Tower,2,4,26,0,32,0,6,20,0,26,2,10,46,0,58,32,0,32,90
10/20/2017,LWB,WV,AEA,EN,Federal Contract Tower,4,11,24,0,39,0,5,18,2,25,4,16,42,2,64,10,0,10,74
10/21/2017,LWB,WV,AEA,EN,Federal Contract Tower,3,5,36,0,44,0,2,41,0,43,3,7,77,0,87,24,0,24,111
10/22/2017,LWB,WV,AEA,EN,Federal Contract Tower,7,11,37,0,55,0,3,28,0,31,7,14,65,0,86,0,0,0,86
10/23/2017,LWB,WV,AEA,EN,Federal Contract Tower,4,4,10,0,18,0,0,0,0,0,4,4,10,0,18,0,0,0,18
10/24/2017,LWB,WV,AEA,EN,Federal Contract Tower,5,4,18,0,27,0,0,2,0,2,5,4,20,0,29,0,0,0,29
10/25/2017,LWB,WV,AEA,EN,Federal Contract Tower,8,13,14,0,35,0,0,0,4,4,8,13,14,4,39,0,0,0,39
10/26/2017,LWB,WV,AEA,EN,Federal Contract Tower,5,1,13,0,19,0,5,14,2,21,5,6,27,2,40,20,0,20,60
10/27/2017,LWB,WV,AEA,EN,Federal Contract Tower,4,2,7,0,13,0,2,9,0,11,4,4,16,0,24,0,0,0,24
10/28/2017,LWB,WV,AEA,EN,Federal Contract Tower,2,6,9,0,17,0,7,1,0,8,2,13,10,0,25,0,0,0,25
10/29/2017,LWB,WV,AEA,EN,Federal Contract Tower,4,7,11,0,22,0,0,0,0,0,4,7,11,0,22,0,0,0,22
10/30/2017,LWB,WV,AEA,EN,Federal Contract Tower,5,4,6,1,16,0,0,2,0,2,5,4,8,1,18,0,0,0,18
10/31/2017,LWB,WV,AEA,EN,Federal Contract Tower,4,3,9,0,16,0,4,21,0,25,4,7,30,0,41,12,0,12,53
11/01/2017,LWB,WV,AEA,EN,Federal Contract Tower,1,7,25,0,33,0,8,16,0,24,1,15,41,0,57,24,0,24,81
11/02/2017,LWB,WV,AEA,EN,Federal Contract Tower,3,9,9,0,21,0,2,2,0,4,3,11,11,0,25,0,0,0,25
11/03/2017,LWB,WV,AEA,EN,Federal Contract Tower,2,17,21,3,43,0,0,2,1,3,2,17,23,4,46,10,0,10,56
11/04/2017,LWB,WV,AEA,EN,Federal Contract Tower,2,2,9,1,14,0,0,0,0,0,2,2,9,1,14,0,0,0,14
11/05/2017,LWB,WV,AEA,EN,Federal Contract Tower,4,20,35,0,59,0,7,1,0,8,4,27,36,0,67,0,0,0,67
11/06/2017,LWB,WV,AEA,EN,Federal Contract Tower,5,6,11,0,22,0,2,0,0,2,5,8,11,0,24,4,0,4,28
11/07/2017,LWB,WV,AEA,EN,Federal Contract Tower,3,5,14,0,22,0,1,0,0,1,3,6,14,0,23,0,0,0,23
11/08/2017,LWB,WV,AEA,EN,Federal Contract Tower,10,10,14,0,34,0,0,1,0,1,10,10,15,0,35,0,0,0,35
11/09/2017,LWB,WV,AEA,EN,Federal Contract Tower,4,6,20,0,30,0,1,1,0,2,4,7,21,0,32,0,0,0,32
11/10/2017,LWB,WV,AEA,EN,Federal Contract Tower,7,3,6,0,16,0,6,0,0,6,7,9,6,0,22,0,0,0,22
11/11/2017,LWB,WV,AEA,EN,Federal Contract Tower,3,1,10,0,14,0,0,17,0,17,3,1,27,0,31,16,0,16,47
11/12/2017,LWB,WV,AEA,EN,Federal Contract Tower,5,4,16,0,25,0,0,0,0,0,5,4,16,0,25,0,0,0,25
11/13/2017,LWB,WV,AEA,EN,Federal Contract Tower,4,1,14,0,19,0,0,1,0,1,4,1,15,0,20,0,0,0,20
11/14/2017,LWB,WV,AEA,EN,Federal Contract Tower,3,9,15,0,27,0,8,29,0,37,3,17,44,0,64,16,0,16,80
11/15/2017,LWB,WV,AEA,EN,Federal Contract Tower,7,13,6,0,26,0,0,3,0,3,7,13,9,0,29,14,0,14,43
11/16/2017,LWB,WV,AEA,EN,Federal Contract Tower,3,3,6,0,12,0,2,7,0,9,3,5,13,0,21,4,0,4,25
11/17/2017,LWB,WV,AEA,EN,Federal Contract Tower,3,5,14,0,22,0,4,25,2,31,3,9,39,2,53,0,0,0,53
11/18/2017,LWB,WV,AEA,EN,Federal Contract Tower,3,9,7,1,20,0,2,1,4,7,3,11,8,5,27,0,14,14,41
11/19/2017,LWB,WV,AEA,EN,Federal Contract Tower,3,8,6,0,17,0,0,0,0,0,3,8,6,0,17,0,0,0,17
11/20/2017,LWB,WV,AEA,EN,Federal Contract Tower,6,6,11,0,23,0,0,0,0,0,6,6,11,0,23,0,0,0,23
11/21/2017,LWB,WV,AEA,EN,Federal Contract Tower,6,26,10,0,42,0,9,19,0,28,6,35,29,0,70,14,0,14,84
11/22/2017,LWB,WV,AEA,EN,Federal Contract Tower,5,24,48,0,77,0,0,4,0,4,5,24,52,0,81,0,0,0,81
11/23/2017,LWB,WV,AEA,EN,Federal Contract Tower,6,4,8,0,18,0,3,7,0,10,6,7,15,0,28,0,0,0,28
11/24/2017,LWB,WV,AEA,EN,Federal Contract Tower,4,10,40,0,54,0,4,37,0,41,4,14,77,0,95,24,0,24,119
11/25/2017,LWB,WV,AEA,EN,Federal Contract Tower,6,27,24,0,57,0,11,5,0,16,6,38,29,0,73,0,0,0,73
11/26/2017,LWB,WV,AEA,EN,Federal Contract Tower,2,45,44,0,91,0,3,9,0,12,2,48,53,0,103,0,0,0,103
11/27/2017,LWB,WV,AEA,EN,Federal Contract Tower,5,8,11,0,24,0,2,18,0,20,5,10,29,0,44,8,0,8,52
11/28/2017,LWB,WV,AEA,EN,Federal Contract Tower,2,2,14,10,28,0,8,7,2,17,2,10,21,12,45,0,10,10,55
11/29/2017,LWB,WV,AEA,EN,Federal Contract Tower,4,2,7,3,16,0,8,8,0,16,4,10,15,3,32,0,0,0,32
11/30/2017,LWB,WV,AEA,EN,Federal Contract Tower,4,1,10,0,15,0,2,4,0,6,4,3,14,0,21,20,0,20,41
12/01/2017,LWB,WV,AEA,EN,Federal Contract Tower,4,10,15,0,29,0,3,36,0,39,4,13,51,0,68,26,0,26,94
12/02/2017,LWB,WV,AEA,EN,Federal Contract Tower,3,3,13,2,21,0,0,15,0,15,3,3,28,2,36,34,0,34,70
12/03/2017,LWB,WV,AEA,EN,Federal Contract Tower,5,9,15,0,29,0,2,15,0,17,5,11,30,0,46,16,0,16,62
12/04/2017,LWB,WV,AEA,EN,Federal Contract Tower,5,0,9,0,14,0,8,4,4,16,5,8,13,4,30,0,0,0,30
12/05/2017,LWB,WV,AEA,EN,Federal Contract Tower,1,1,6,0,8,0,0,0,0,0,1,1,6,0,8,0,0,0,8
12/06/2017,LWB,WV,AEA,EN,Federal Contract Tower,4,7,12,2,25,0,3,18,0,21,4,10,30,2,46,12,0,12,58
12/07/2017,LWB,WV,AEA,EN,Federal Contract Tower,6,1,7,6,20,0,1,7,15,23,6,2,14,21,43,0,36,36,79
12/08/2017,LWB,WV,AEA,EN,Federal Contract Tower,6,5,14,0,25,0,4,2,0,6,6,9,16,0,31,0,0,0,31
12/09/2017,LWB,WV,AEA,EN,Federal Contract Tower,3,3,3,0,9,0,5,5,0,10,3,8,8,0,19,0,0,0,19
12/10/2017,LWB,WV,AEA,EN,Federal Contract Tower,5,4,11,0,20,0,0,2,0,2,5,4,13,0,22,0,0,0,22
12/11/2017,LWB,WV,AEA,EN,Federal Contract Tower,4,3,17,2,26,0,0,10,4,14,4,3,27,6,40,8,11,19,59
12/12/2017,LWB,WV,AEA,EN,Federal Contract Tower,2,2,5,0,9,0,0,0,0,0,2,2,5,0,9,0,0,0,9
12/13/2017,LWB,WV,AEA,EN,Federal Contract Tower,3,2,7,2,14,0,2,2,0,4,3,4,9,2,18,0,0,0,18
12/14/2017,LWB,WV,AEA,EN,Federal Contract Tower,2,6,14,4,26,0,1,2,0,3,2,7,16,4,29,0,0,0,29
12/15/2017,LWB,WV,AEA,EN,Federal Contract Tower,4,7,9,0,20,0,0,2,0,2,4,7,11,0,22,0,0,0,22
12/16/2017,LWB,WV,AEA,EN,Federal Contract Tower,4,4,25,0,33,0,5,22,2,29,4,9,47,2,62,20,0,20,82
12/17/2017,LWB,WV,AEA,EN,Federal Contract Tower,4,1,8,0,13,0,2,2,0,4,4,3,10,0,17,0,0,0,17
12/18/2017,LWB,WV,AEA,EN,Federal Contract Tower,5,5,9,4,23,0,0,1,0,1,5,5,10,4,24,0,0,0,24
12/19/2017,LWB,WV,AEA,EN,Federal Contract Tower,2,4,9,0,15,0,5,1,0,6,2,9,10,0,21,0,0,0,21
12/20/2017,LWB,WV,AEA,EN,Federal Contract Tower,1,9,8,0,18,0,2,15,0,17,1,11,23,0,35,22,0,22,57
12/21/2017,LWB,WV,AEA,EN,Federal Contract Tower,10,6,19,0,35,0,7,34,4,45,10,13,53,4,80,26,0,26,106
12/22/2017,LWB,WV,AEA,EN,Federal Contract Tower,10,13,19,0,42,0,5,12,0,17,10,18,31,0,59,0,0,0,59
12/23/2017,LWB,WV,AEA,EN,Federal Contract Tower,2,2,7,0,11,0,0,0,0,0,2,2,7,0,11,0,0,0,11
12/24/2017,LWB,WV,AEA,EN,Federal Contract Tower,5,5,0,0,10,0,0,0,0,0,5,5,0,0,10,0,0,0,10
12/25/2017,LWB,WV,AEA,EN,Federal Contract Tower,6,0,0,0,6,0,2,0,0,2,6,2,0,0,8,0,0,0,8
12/26/2017,LWB,WV,AEA,EN,Federal Contract Tower,5,6,16,0,27,0,5,6,0,11,5,11,22,0,38,0,0,0,38
12/27/2017,LWB,WV,AEA,EN,Federal Contract Tower,7,1,23,0,31,0,0,0,0,0,7,1,23,0,31,0,0,0,31
12/29/2017,LWB,WV,AEA,EN,Federal Contract Tower,4,22,30,0,56,0,2,23,0,25,4,24,53,0,81,0,0,0,81
12/30/2017,LWB,WV,AEA,EN,Federal Contract Tower,4,12,21,0,37,0,0,0,0,0,4,12,21,0,37,0,0,0,37
12/31/2017,LWB,WV,AEA,EN,Federal Contract Tower,0,3,7,0,10,0,0,11,0,11,0,3,18,0,21,0,0,0,21
01/01/2018,LWB,WV,AEA,EN,Federal Contract Tower,0,8,17,0,25,0,3,4,0,7,0,11,21,0,32,0,0,0,32
01/02/2018,LWB,WV,AEA,EN,Federal Contract Tower,6,9,26,0,41,0,1,0,0,1,6,10,26,0,42,0,0,0,42
01/03/2018,LWB,WV,AEA,EN,Federal Contract Tower,7,8,10,0,25,0,9,3,5,17,7,17,13,5,42,14,10,24,66
01/04/2018,LWB,WV,AEA,EN,Federal Contract Tower,5,0,15,0,20,0,0,0,0,0,5,0,15,0,20,0,0,0,20
01/05/2018,LWB,WV,AEA,EN,Federal Contract Tower,5,4,3,0,12,0,5,0,0,5,5,9,3,0,17,0,0,0,17
01/06/2018,LWB,WV,AEA,EN,Federal Contract Tower,5,8,9,2,24,0,0,0,2,2,5,8,9,4,26,0,10,10,36
01/07/2018,LWB,WV,AEA,EN,Federal Contract Tower,3,4,7,0,14,0,0,6,20,26,3,4,13,20,40,16,16,32,72
01/08/2018,LWB,WV,AEA,EN,Federal Contract Tower,7,1,3,0,11,0,0,0,0,0,7,1,3,0,11,0,0,0,11
01/09/2018,LWB,WV,AEA,EN,Federal Contract Tower,2,7,11,0,20,0,0,0,0,0,2,7,11,0,20,0,0,0,20
01/10/2018,LWB,WV,AEA,EN,Federal Contract Tower,6,3,10,0,19,0,5,14,8,27,6,8,24,8,46,26,0,26,72
01/11/2018,LWB,WV,AEA,EN,Federal Contract Tower,3,3,8,0,14,0,4,0,0,4,3,7,8,0,18,0,0,0,18
01/12/2018,LWB,WV,AEA,EN,Federal Contract Tower,6,2,5,0,13,0,0,0,0,0,6,2,5,0,13,0,0,0,13
01/13/2018,LWB,WV,AEA,EN,Federal Contract Tower,3,4,4,0,11,0,2,0,0,2,3,6,4,0,13,0,0,0,13
01/14/2018,LWB,WV,AEA,EN,Federal Contract Tower,4,7,14,0,25,0,8,4,12,24,4,15,18,12,49,26,28,54,103
01/15/2018,LWB,WV,AEA,EN,Federal Contract Tower,4,4,4,0,12,0,0,0,0,0,4,4,4,0,12,10,0,10,22
01/16/2018,LWB,WV,AEA,EN,Federal Contract Tower,2,4,6,0,12,0,0,4,0,4,2,4,10,0,16,8,0,8,24
01/17/2018,LWB,WV,AEA,EN,Federal Contract Tower,0,1,6,0,7,0,0,0,2,2,0,1,6,2,9,0,4,4,13
01/18/2018,LWB,WV,AEA,EN,Federal Contract Tower,5,0,13,0,18,0,0,3,2,5,5,0,16,2,23,0,0,0,23
01/19/2018,LWB,WV,AEA,EN,Federal Contract Tower,4,1,17,0,22,0,4,7,3,14,4,5,24,3,36,0,0,0,36
01/20/2018,LWB,WV,AEA,EN,Federal Contract Tower,2,1,8,0,11,0,0,4,0,4,2,1,12,0,15,0,0,0,15
01/21/2018,LWB,WV,AEA,EN,Federal Contract Tower,6,2,15,0,23,0,0,4,0,4,6,2,19,0,27,0,0,0,27
01/22/2018,LWB,WV,AEA,EN,Federal Contract Tower,7,1,2,4,14,0,2,0,2,4,7,3,2,6,18,0,8,8,26
01/23/2018,LWB,WV,AEA,EN,Federal Contract Tower,2,8,9,0,19,0,0,0,0,0,2,8,9,0,19,18,4,22,41
01/24/2018,LWB,WV,AEA,EN,Federal Contract Tower,0,2,9,0,11,0,2,2,0,4,0,4,11,0,15,0,0,0,15
01/25/2018,LWB,WV,AEA,EN,Federal Contract Tower,5,1,10,0,16,0,5,14,0,19,5,6,24,0,35,20,0,20,55
01/26/2018,LWB,WV,AEA,EN,Federal Contract Tower,1,1,14,0,16,0,11,18,2,31,1,12,32,2,47,10,0,10,57
01/27/2018,LWB,WV,AEA,EN,Federal Contract Tower,3,0,5,0,8,0,4,1,1,6,3,4,6,1,14,0,0,0,14
01/28/2018,LWB,WV,AEA,EN,Federal Contract Tower,3,6,11,0,20,0,6,0,0,6,3,12,11,0,26,0,0,0,26
01/29/2018,LWB,WV,AEA,EN,Federal Contract Tower,8,4,3,11,26,0,2,0,1,3,8,6,3,12,29,0,0,0,29
01/30/2018,LWB,WV,AEA,EN,Federal Contract Tower,3,9,10,2,24,0,1,0,2,3,3,10,10,4,27,0,0,0,27
01/31/2018,LWB,WV,AEA,EN,Federal Contract Tower,4,6,11,4,25,0,0,19,0,19,4,6,30,4,44,0,0,0,44
02/01/2018,LWB,WV,AEA,EN,Federal Contract Tower,11,8,15,13,47,0,2,40,0,42,11,10,55,13,89,0,0,0,89
02/02/2018,LWB,WV,AEA,EN,Federal Contract Tower,0,0,12,4,16,0,2,0,4,6,0,2,12,8,22,0,0,0,22
02/03/2018,LWB,WV,AEA,EN,Federal Contract Tower,2,0,5,3,10,0,0,8,3,11,2,0,13,6,21,14,0,14,35
02/04/2018,LWB,WV,AEA,EN,Federal Contract Tower,0,0,0,0,0,0,0,0,0,0,0,0,0,0,0,0,0,0,0
02/05/2018,LWB,WV,AEA,EN,Federal Contract Tower,4,4,3,0,11,0,4,4,0,8,4,8,7,0,19,0,0,0,19
02/06/2018,LWB,WV,AEA,EN,Federal Contract Tower,5,3,3,0,11,0,0,0,0,0,5,3,3,0,11,0,0,0,11
02/07/2018,LWB,WV,AEA,EN,Federal Contract Tower,4,6,9,4,23,0,0,0,0,0,4,6,9,4,23,0,0,0,23
02/08/2018,LWB,WV,AEA,EN,Federal Contract Tower,7,3,12,0,22,0,0,15,0,15,7,3,27,0,37,8,0,8,45
02/09/2018,LWB,WV,AEA,EN,Federal Contract Tower,5,0,14,0,19,0,2,29,0,31,5,2,43,0,50,12,0,12,62
02/10/2018,LWB,WV,AEA,EN,Federal Contract Tower,3,0,6,0,9,0,0,0,0,0,3,0,6,0,9,0,0,0,9
02/11/2018,LWB,WV,AEA,EN,Federal Contract Tower,4,7,8,0,19,0,0,2,0,2,4,7,10,0,21,0,0,0,21
02/12/2018,LWB,WV,AEA,EN,Federal Contract Tower,6,1,16,0,23,0,0,12,0,12,6,1,28,0,35,14,0,14,49
02/13/2018,LWB,WV,AEA,EN,Federal Contract Tower,2,1,6,0,9,0,0,3,0,3,2,1,9,0,12,0,0,0,12
02/14/2018,LWB,WV,AEA,EN,Federal Contract Tower,4,8,4,0,16,0,0,0,0,0,4,8,4,0,16,0,0,0,16
02/15/2018,LWB,WV,AEA,EN,Federal Contract Tower,3,6,9,0,18,0,0,0,0,0,3,6,9,0,18,0,0,0,18
02/16/2018,LWB,WV,AEA,EN,Federal Contract Tower,6,4,9,1,20,0,0,0,0,0,6,4,9,1,20,0,0,0,20
02/17/2018,LWB,WV,AEA,EN,Federal Contract Tower,0,6,7,0,13,0,0,0,0,0,0,6,7,0,13,0,0,0,13
02/18/2018,LWB,WV,AEA,EN,Federal Contract Tower,2,7,16,0,25,0,6,5,0,11,2,13,21,0,36,16,0,16,52
02/19/2018,LWB,WV,AEA,EN,Federal Contract Tower,7,2,7,0,16,0,0,0,0,0,7,2,7,0,16,0,0,0,16
02/20/2018,LWB,WV,AEA,EN,Federal Contract Tower,3,2,12,4,21,0,6,6,6,18,3,8,18,10,39,16,16,32,71
02/21/2018,LWB,WV,AEA,EN,Federal Contract Tower,2,4,3,0,9,0,0,2,0,2,2,4,5,0,11,10,0,10,21
02/22/2018,LWB,WV,AEA,EN,Federal Contract Tower,0,2,9,7,18,0,0,2,16,18,0,2,11,23,36,10,34,44,80
02/23/2018,LWB,WV,AEA,EN,Federal Contract Tower,2,5,15,0,22,0,8,18,0,26,2,13,33,0,48,24,0,24,72
02/24/2018,LWB,WV,AEA,EN,Federal Contract Tower,2,9,8,0,19,0,2,2,0,4,2,11,10,0,23,0,0,0,23
02/25/2018,LWB,WV,AEA,EN,Federal Contract Tower,5,11,6,0,22,0,2,5,2,9,5,13,11,2,31,10,12,22,53
02/26/2018,LWB,WV,AEA,EN,Federal Contract Tower,5,6,6,0,17,0,3,20,0,23,5,9,26,0,40,32,0,32,72
02/27/2018,LWB,WV,AEA,EN,Federal Contract Tower,1,4,8,0,13,0,0,48,0,48,1,4,56,0,61,20,0,20,81
02/28/2018,LWB,WV,AEA,EN,Federal Contract Tower,4,6,7,0,17,0,4,4,4,12,4,10,11,4,29,4,0,4,33
03/01/2018,LWB,WV,AEA,EN,Federal Contract Tower,6,2,2,0,10,0,0,0,0,0,6,2,2,0,10,0,0,0,10
03/02/2018,LWB,WV,AEA,EN,Federal Contract Tower,1,9,3,0,13,0,0,0,0,0,1,9,3,0,13,0,0,0,13
03/03/2018,LWB,WV,AEA,EN,Federal Contract Tower,2,2,9,1,14,0,4,2,2,8,2,6,11,3,22,0,12,12,34
03/04/2018,LWB,WV,AEA,EN,Federal Contract Tower,4,5,9,0,18,0,4,11,0,15,4,9,20,0,33,6,0,6,39
03/05/2018,LWB,WV,AEA,EN,Federal Contract Tower,4,1,6,0,11,0,3,11,0,14,4,4,17,0,25,10,0,10,35
03/06/2018,LWB,WV,AEA,EN,Federal Contract Tower,2,4,6,0,12,0,3,2,0,5,2,7,8,0,17,0,0,0,17
03/07/2018,LWB,WV,AEA,EN,Federal Contract Tower,2,2,2,0,6,0,0,0,0,0,2,2,2,0,6,0,0,0,6
03/08/2018,LWB,WV,AEA,EN,Federal Contract Tower,2,3,5,0,10,0,0,0,0,0,2,3,5,0,10,0,0,0,10
03/09/2018,LWB,WV,AEA,EN,Federal Contract Tower,8,4,3,0,15,0,2,8,0,10,8,6,11,0,25,10,0,10,35
03/10/2018,LWB,WV,AEA,EN,Federal Contract Tower,4,5,11,0,20,0,0,0,0,0,4,5,11,0,20,0,0,0,20
03/11/2018,LWB,WV,AEA,EN,Federal Contract Tower,4,0,10,0,14,0,0,5,0,5,4,0,15,0,19,22,0,22,41
03/12/2018,LWB,WV,AEA,EN,Federal Contract Tower,6,0,1,0,7,0,0,0,0,0,6,0,1,0,7,0,0,0,7
03/13/2018,LWB,WV,AEA,EN,Federal Contract Tower,2,0,4,0,6,0,0,3,0,3,2,0,7,0,9,0,0,0,9
03/14/2018,LWB,WV,AEA,EN,Federal Contract Tower,0,0,1,3,4,0,0,1,0,1,0,0,2,3,5,0,0,0,5
03/15/2018,LWB,WV,AEA,EN,Federal Contract Tower,2,4,8,0,14,0,1,11,0,12,2,5,19,0,26,0,0,0,26
03/16/2018,LWB,WV,AEA,EN,Federal Contract Tower,2,4,18,0,24,0,3,5,0,8,2,7,23,0,32,0,0,0,32
03/17/2018,LWB,WV,AEA,EN,Federal Contract Tower,2,2,7,0,11,0,0,0,0,0,2,2,7,0,11,0,0,0,11
03/18/2018,LWB,WV,AEA,EN,Federal Contract Tower,0,7,11,0,18,0,11,22,0,33,0,18,33,0,51,28,0,28,79
03/19/2018,LWB,WV,AEA,EN,Federal Contract Tower,4,2,6,0,12,0,7,12,0,19,4,9,18,0,31,0,0,0,31
03/20/2018,LWB,WV,AEA,EN,Federal Contract Tower,2,2,4,0,8,0,0,0,0,0,2,2,4,0,8,0,0,0,8
03/21/2018,LWB,WV,AEA,EN,Federal Contract Tower,0,0,1,0,1,0,0,0,0,0,0,0,1,0,1,0,0,0,1
03/22/2018,LWB,WV,AEA,EN,Federal Contract Tower,4,3,11,0,18,0,0,0,0,0,4,3,11,0,18,0,0,0,18
03/23/2018,LWB,WV,AEA,EN,Federal Contract Tower,5,2,9,0,16,0,0,21,0,21,5,2,30,0,37,0,0,0,37
03/24/2018,LWB,WV,AEA,EN,Federal Contract Tower,3,1,8,0,12,0,0,19,0,19,3,1,27,0,31,18,0,18,49
03/25/2018,LWB,WV,AEA,EN,Federal Contract Tower,2,2,6,0,10,0,4,7,0,11,2,6,13,0,21,0,0,0,21
03/26/2018,LWB,WV,AEA,EN,Federal Contract Tower,4,3,11,0,18,0,2,9,0,11,4,5,20,0,29,10,0,10,39
03/27/2018,LWB,WV,AEA,EN,Federal Contract Tower,0,1,7,0,8,0,1,1,0,2,0,2,8,0,10,0,0,0,10
03/28/2018,LWB,WV,AEA,EN,Federal Contract Tower,2,7,9,0,18,0,3,2,0,5,2,10,11,0,23,0,0,0,23
03/29/2018,LWB,WV,AEA,EN,Federal Contract Tower,4,10,21,13,48,0,0,15,4,19,4,10,36,17,67,0,16,16,83
03/30/2018,LWB,WV,AEA,EN,Federal Contract Tower,5,5,5,0,15,0,0,0,0,0,5,5,5,0,15,0,0,0,15
03/31/2018,LWB,WV,AEA,EN,Federal Contract Tower,4,2,19,0,25,0,12,48,0,60,4,14,67,0,85,6,0,6,91
04/01/2018,LWB,WV,AEA,EN,Federal Contract Tower,0,5,3,0,8,0,2,4,0,6,0,7,7,0,14,0,0,0,14
04/02/2018,LWB,WV,AEA,EN,Federal Contract Tower,0,4,0,4,8,0,5,6,3,14,0,9,6,7,22,14,0,14,36
04/03/2018,LWB,WV,AEA,EN,Federal Contract Tower,2,0,0,0,2,0,4,2,0,6,2,4,2,0,8,0,0,0,8
04/04/2018,LWB,WV,AEA,EN,Federal Contract Tower,7,0,5,5,17,0,2,1,0,3,7,2,6,5,20,0,0,0,20
04/05/2018,LWB,WV,AEA,EN,Federal Contract Tower,5,4,14,10,33,0,2,35,2,39,5,6,49,12,72,0,0,0,72
04/06/2018,LWB,WV,AEA,EN,Federal Contract Tower,4,1,19,4,28,0,2,15,0,17,4,3,34,4,45,0,0,0,45
04/07/2018,LWB,WV,AEA,EN,Federal Contract Tower,4,2,7,0,13,0,2,0,0,2,4,4,7,0,15,0,0,0,15
04/08/2018,LWB,WV,AEA,EN,Federal Contract Tower,4,7,32,0,43,0,3,23,0,26,4,10,55,0,69,0,0,0,69
04/09/2018,LWB,WV,AEA,EN,Federal Contract Tower,3,8,7,0,18,0,0,0,0,0,3,8,7,0,18,0,0,0,18
04/10/2018,LWB,WV,AEA,EN,Federal Contract Tower,5,4,8,0,17,0,8,25,3,36,5,12,33,3,53,38,0,38,91
04/11/2018,LWB,WV,AEA,EN,Federal Contract Tower,5,8,18,0,31,0,2,36,0,38,5,10,54,0,69,0,0,0,69
04/12/2018,LWB,WV,AEA,EN,Federal Contract Tower,6,12,7,0,25,0,3,12,0,15,6,15,19,0,40,0,0,0,40
04/13/2018,LWB,WV,AEA,EN,Federal Contract Tower,2,13,11,0,26,0,16,102,4,122,2,29,113,4,148,28,12,40,188
04/14/2018,LWB,WV,AEA,EN,Federal Contract Tower,5,2,10,0,17,0,2,46,24,72,5,4,56,24,89,12,38,50,139
04/15/2018,LWB,WV,AEA,EN,Federal Contract Tower,6,0,5,0,11,0,2,1,0,3,6,2,6,0,14,0,0,0,14
04/16/2018,LWB,WV,AEA,EN,Federal Contract Tower,8,12,18,0,38,0,0,2,0,2,8,12,20,0,40,0,0,0,40
04/17/2018,LWB,WV,AEA,EN,Federal Contract Tower,5,4,12,0,21,0,1,6,2,9,5,5,18,2,30,0,0,0,30
04/18/2018,LWB,WV,AEA,EN,Federal Contract Tower,5,3,14,0,22,0,4,17,0,21,5,7,31,0,43,0,0,0,43
04/19/2018,LWB,WV,AEA,EN,Federal Contract Tower,6,7,5,0,18,0,5,0,2,7,6,12,5,2,25,0,0,0,25
04/20/2018,LWB,WV,AEA,EN,Federal Contract Tower,4,10,17,0,31,0,16,57,3,76,4,26,74,3,107,22,0,22,129
04/21/2018,LWB,WV,AEA,EN,Federal Contract Tower,4,10,8,1,23,0,1,61,1,63,4,11,69,2,86,0,0,0,86
04/22/2018,LWB,WV,AEA,EN,Federal Contract Tower,4,13,26,0,43,0,9,18,0,27,4,22,44,0,70,0,0,0,70
04/23/2018,LWB,WV,AEA,EN,Federal Contract Tower,4,2,4,0,10,0,0,2,0,2,4,2,6,0,12,0,0,0,12
04/24/2018,LWB,WV,AEA,EN,Federal Contract Tower,4,5,10,0,19,0,0,2,0,2,4,5,12,0,21,0,0,0,21
04/25/2018,LWB,WV,AEA,EN,Federal Contract Tower,4,2,18,2,26,0,0,2,0,2,4,2,20,2,28,0,0,0,28
04/26/2018,LWB,WV,AEA,EN,Federal Contract Tower,7,10,23,0,40,0,13,16,6,35,7,23,39,6,75,18,8,26,101
04/27/2018,LWB,WV,AEA,EN,Federal Contract Tower,6,13,14,0,33,0,4,9,0,13,6,17,23,0,46,14,0,14,60
04/28/2018,LWB,WV,AEA,EN,Federal Contract Tower,7,3,9,0,19,0,2,8,2,12,7,5,17,2,31,0,0,0,31
04/29/2018,LWB,WV,AEA,EN,Federal Contract Tower,7,23,14,0,44,0,1,18,0,19,7,24,32,0,63,0,0,0,63
04/30/2018,LWB,WV,AEA,EN,Federal Contract Tower,5,3,8,4,20,0,0,15,2,17,5,3,23,6,37,4,2,6,43
05/01/2018,LWB,WV,AEA,EN,Federal Contract Tower,5,5,17,1,28,0,10,13,1,24,5,15,30,2,52,2,0,2,54
05/02/2018,LWB,WV,AEA,EN,Federal Contract Tower,7,9,13,4,33,0,4,4,2,10,7,13,17,6,43,0,8,8,51
05/03/2018,LWB,WV,AEA,EN,Federal Contract Tower,8,10,23,0,41,0,0,0,0,0,8,10,23,0,41,16,0,16,57
05/04/2018,LWB,WV,AEA,EN,Federal Contract Tower,7,12,12,0,31,0,2,2,0,4,7,14,14,0,35,0,0,0,35
05/05/2018,LWB,WV,AEA,EN,Federal Contract Tower,5,6,11,0,22,0,0,0,0,0,5,6,11,0,22,0,0,0,22
05/06/2018,LWB,WV,AEA,EN,Federal Contract Tower,4,38,22,0,64,0,0,4,0,4,4,38,26,0,68,0,0,0,68
05/07/2018,LWB,WV,AEA,EN,Federal Contract Tower,6,8,9,3,26,0,0,9,2,11,6,8,18,5,37,14,14,28,65
05/08/2018,LWB,WV,AEA,EN,Federal Contract Tower,5,12,17,0,34,0,5,7,7,19,5,17,24,7,53,0,0,0,53
05/09/2018,LWB,WV,AEA,EN,Federal Contract Tower,4,13,13,12,42,0,18,6,8,32,4,31,19,20,74,0,28,28,102
05/10/2018,LWB,WV,AEA,EN,Federal Contract Tower,8,0,18,0,26,0,0,6,0,6,8,0,24,0,32,0,0,0,32
05/11/2018,LWB,WV,AEA,EN,Federal Contract Tower,8,18,12,0,38,0,6,9,0,15,8,24,21,0,53,18,0,18,71
05/12/2018,LWB,WV,AEA,EN,Federal Contract Tower,4,2,15,1,22,0,2,5,2,9,4,4,20,3,31,0,0,0,31
05/13/2018,LWB,WV,AEA,EN,Federal Contract Tower,6,11,8,0,25,0,0,3,0,3,6,11,11,0,28,8,0,8,36
05/14/2018,LWB,WV,AEA,EN,Federal Contract Tower,3,3,9,0,15,0,15,15,0,30,3,18,24,0,45,0,0,0,45
05/15/2018,LWB,WV,AEA,EN,Federal Contract Tower,5,3,6,0,14,0,0,4,8,12,5,3,10,8,26,0,14,14,40
05/16/2018,LWB,WV,AEA,EN,Federal Contract Tower,12,6,15,6,39,0,0,0,0,0,12,6,15,6,39,0,0,0,39
05/17/2018,LWB,WV,AEA,EN,Federal Contract Tower,6,3,14,0,23,0,0,0,0,0,6,3,14,0,23,0,0,0,23
05/18/2018,LWB,WV,AEA,EN,Federal Contract Tower,7,0,12,0,19,0,4,0,0,4,7,4,12,0,23,0,0,0,23
05/19/2018,LWB,WV,AEA,EN,Federal Contract Tower,6,0,18,0,24,0,2,1,0,3,6,2,19,0,27,0,0,0,27
05/20/2018,LWB,WV,AEA,EN,Federal Contract Tower,4,8,6,0,18,0,1,2,2,5,4,9,8,2,23,0,16,16,39
05/21/2018,LWB,WV,AEA,EN,Federal Contract Tower,6,5,14,0,25,0,14,2,0,16,6,19,16,0,41,0,0,0,41
05/22/2018,LWB,WV,AEA,EN,Federal Contract Tower,8,18,57,0,83,0,0,0,0,0,8,18,57,0,83,0,0,0,83
05/23/2018,LWB,WV,AEA,EN,Federal Contract Tower,9,28,45,0,82,0,6,5,0,11,9,34,50,0,93,0,0,0,93
05/24/2018,LWB,WV,AEA,EN,Federal Contract Tower,10,25,63,0,98,0,3,8,3,14,10,28,71,3,112,0,0,0,112
05/25/2018,LWB,WV,AEA,EN,Federal Contract Tower,6,20,29,1,56,0,2,27,2,31,6,22,56,3,87,14,0,14,101
05/26/2018,LWB,WV,AEA,EN,Federal Contract Tower,4,5,19,0,28,0,1,11,0,12,4,6,30,0,40,32,0,32,72
05/27/2018,LWB,WV,AEA,EN,Federal Contract Tower,5,8,10,0,23,0,0,3,0,3,5,8,13,0,26,0,0,0,26
05/28/2018,LWB,WV,AEA,EN,Federal Contract Tower,7,14,43,0,64,0,8,21,0,29,7,22,64,0,93,6,0,6,99
05/29/2018,LWB,WV,AEA,EN,Federal Contract Tower,6,14,26,0,46,0,7,1,0,8,6,21,27,0,54,0,0,0,54
05/30/2018,LWB,WV,AEA,EN,Federal Contract Tower,7,4,14,0,25,0,5,1,0,6,7,9,15,0,31,0,0,0,31
05/31/2018,LWB,WV,AEA,EN,Federal Contract Tower,4,14,21,0,39,0,0,1,0,1,4,14,22,0,40,0,0,0,40
06/01/2018,LWB,WV,AEA,EN,Federal Contract Tower,9,36,61,0,106,0,10,14,2,26,9,46,75,2,132,0,0,0,132
06/02/2018,LWB,WV,AEA,EN,Federal Contract Tower,6,12,48,0,66,0,10,2,0,12,6,22,50,0,78,0,0,0,78
06/03/2018,LWB,WV,AEA,EN,Federal Contract Tower,4,4,35,0,43,0,3,4,5,12,4,7,39,5,55,8,10,18,73
06/04/2018,LWB,WV,AEA,EN,Federal Contract Tower,5,6,28,0,39,0,4,5,0,9,5,10,33,0,48,0,0,0,48
06/05/2018,LWB,WV,AEA,EN,Federal Contract Tower,7,15,38,0,60,0,11,16,0,27,7,26,54,0,87,10,0,10,97
06/06/2018,LWB,WV,AEA,EN,Federal Contract Tower,5,15,41,0,61,0,8,21,2,31,5,23,62,2,92,0,0,0,92
06/07/2018,LWB,WV,AEA,EN,Federal Contract Tower,8,12,46,0,66,0,2,20,4,26,8,14,66,4,92,20,0,20,112
06/08/2018,LWB,WV,AEA,EN,Federal Contract Tower,8,23,38,0,69,0,3,24,7,34,8,26,62,7,103,20,0,20,123
06/09/2018,LWB,WV,AEA,EN,Federal Contract Tower,5,8,17,0,30,0,7,10,2,19,5,15,27,2,49,4,0,4,53
06/10/2018,LWB,WV,AEA,EN,Federal Contract Tower,4,9,33,0,46,0,3,5,0,8,4,12,38,0,54,0,0,0,54
06/11/2018,LWB,WV,AEA,EN,Federal Contract Tower,7,18,12,6,43,0,0,0,0,0,7,18,12,6,43,0,0,0,43
06/12/2018,LWB,WV,AEA,EN,Federal Contract Tower,6,20,14,0,40,0,0,2,0,2,6,20,16,0,42,16,0,16,58
06/13/2018,LWB,WV,AEA,EN,Federal Contract Tower,9,11,26,0,46,0,1,5,1,7,9,12,31,1,53,24,0,24,77
06/14/2018,LWB,WV,AEA,EN,Federal Contract Tower,10,12,33,0,55,0,2,11,0,13,10,14,44,0,68,6,0,6,74
06/15/2018,LWB,WV,AEA,EN,Federal Contract Tower,5,16,16,0,37,0,6,23,0,29,5,22,39,0,66,4,0,4,70
06/16/2018,LWB,WV,AEA,EN,Federal Contract Tower,6,12,21,0,39,0,7,25,0,32,6,19,46,0,71,0,0,0,71
06/17/2018,LWB,WV,AEA,EN,Federal Contract Tower,4,18,22,0,44,0,2,19,0,21,4,20,41,0,65,28,0,28,93
06/18/2018,LWB,WV,AEA,EN,Federal Contract Tower,5,8,14,0,27,0,10,20,0,30,5,18,34,0,57,0,0,0,57
06/19/2018,LWB,WV,AEA,EN,Federal Contract Tower,6,15,6,0,27,0,2,6,0,8,6,17,12,0,35,0,0,0,35
06/20/2018,LWB,WV,AEA,EN,Federal Contract Tower,5,11,21,2,39,0,2,8,14,24,5,13,29,16,63,2,10,12,75
06/21/2018,LWB,WV,AEA,EN,Federal Contract Tower,7,12,16,0,35,0,2,2,0,4,7,14,18,0,39,4,0,4,43
06/22/2018,LWB,WV,AEA,EN,Federal Contract Tower,12,13,22,0,47,0,0,2,0,2,12,13,24,0,49,0,0,0,49
06/23/2018,LWB,WV,AEA,EN,Federal Contract Tower,8,17,20,0,45,0,2,2,0,4,8,19,22,0,49,0,0,0,49
06/24/2018,LWB,WV,AEA,EN,Federal Contract Tower,3,24,28,0,55,0,2,0,0,2,3,26,28,0,57,0,0,0,57
06/25/2018,LWB,WV,AEA,EN,Federal Contract Tower,3,7,17,0,27,0,5,2,0,7,3,12,19,0,34,0,0,0,34
06/26/2018,LWB,WV,AEA,EN,Federal Contract Tower,6,18,14,0,38,0,0,0,0,0,6,18,14,0,38,0,0,0,38
06/27/2018,LWB,WV,AEA,EN,Federal Contract Tower,8,5,25,2,40,0,5,6,0,11,8,10,31,2,51,0,0,0,51
06/28/2018,LWB,WV,AEA,EN,Federal Contract Tower,7,10,21,0,38,0,1,16,0,17,7,11,37,0,55,22,0,22,77
06/29/2018,LWB,WV,AEA,EN,Federal Contract Tower,6,18,35,0,59,0,12,31,0,43,6,30,66,0,102,22,0,22,124
06/30/2018,LWB,WV,AEA,EN,Federal Contract Tower,5,21,39,4,69,0,1,32,1,34,5,22,71,5,103,28,0,28,131
07/01/2018,LWB,WV,AEA,EN,Federal Contract Tower,6,16,12,0,34,0,2,21,0,23,6,18,33,0,57,6,0,6,63
07/02/2018,LWB,WV,AEA,EN,Federal Contract Tower,5,41,28,3,77,0,1,19,0,20,5,42,47,3,97,0,0,0,97
07/03/2018,LWB,WV,AEA,EN,Federal Contract Tower,6,18,30,2,56,0,8,12,43,63,6,26,42,45,119,0,0,0,119
07/04/2018,LWB,WV,AEA,EN,Federal Contract Tower,2,8,23,8,41,0,0,25,8,33,2,8,48,16,74,10,0,10,84
07/05/2018,LWB,WV,AEA,EN,Federal Contract Tower,7,7,25,4,43,0,0,9,0,9,7,7,34,4,52,0,0,0,52
07/06/2018,LWB,WV,AEA,EN,Federal Contract Tower,6,16,24,0,46,0,0,14,0,14,6,16,38,0,60,0,0,0,60
07/07/2018,LWB,WV,AEA,EN,Federal Contract Tower,5,15,18,0,38,0,4,19,0,23,5,19,37,0,61,0,0,0,61
07/08/2018,LWB,WV,AEA,EN,Federal Contract Tower,7,59,96,0,162,0,4,63,2,69,7,63,159,2,231,32,0,32,263
07/09/2018,LWB,WV,AEA,EN,Federal Contract Tower,3,30,31,0,64,0,2,10,0,12,3,32,41,0,76,10,0,10,86
07/10/2018,LWB,WV,AEA,EN,Federal Contract Tower,4,9,17,0,30,0,10,11,0,21,4,19,28,0,51,0,0,0,51
07/11/2018,LWB,WV,AEA,EN,Federal Contract Tower,13,5,18,4,40,0,7,7,0,14,13,12,25,4,54,8,0,8,62
07/12/2018,LWB,WV,AEA,EN,Federal Contract Tower,8,15,34,0,57,0,2,26,0,28,8,17,60,0,85,0,0,0,85
07/13/2018,LWB,WV,AEA,EN,Federal Contract Tower,6,24,36,0,66,0,2,13,0,15,6,26,49,0,81,0,0,0,81
07/14/2018,LWB,WV,AEA,EN,Federal Contract Tower,6,10,19,2,37,0,5,13,2,20,6,15,32,4,57,4,0,4,61
07/15/2018,LWB,WV,AEA,EN,Federal Contract Tower,8,16,17,0,41,0,0,12,0,12,8,16,29,0,53,6,0,6,59
07/16/2018,LWB,WV,AEA,EN,Federal Contract Tower,2,10,8,0,20,0,0,1,0,1,2,10,9,0,21,0,0,0,21
07/17/2018,LWB,WV,AEA,EN,Federal Contract Tower,8,4,47,0,59,0,4,8,0,12,8,8,55,0,71,0,0,0,71
07/18/2018,LWB,WV,AEA,EN,Federal Contract Tower,5,11,26,0,42,0,6,8,0,14,5,17,34,0,56,0,0,0,56
07/19/2018,LWB,WV,AEA,EN,Federal Contract Tower,5,25,27,0,57,0,7,16,0,23,5,32,43,0,80,18,0,18,98
07/20/2018,LWB,WV,AEA,EN,Federal Contract Tower,9,17,30,0,56,0,7,14,0,21,9,24,44,0,77,0,0,0,77
07/21/2018,LWB,WV,AEA,EN,Federal Contract Tower,7,18,23,0,48,0,0,6,0,6,7,18,29,0,54,0,0,0,54
07/22/2018,LWB,WV,AEA,EN,Federal Contract Tower,7,18,27,0,52,0,0,7,0,7,7,18,34,0,59,2,0,2,61
07/23/2018,LWB,WV,AEA,EN,Federal Contract Tower,3,19,12,0,34,0,2,1,0,3,3,21,13,0,37,0,0,0,37
07/24/2018,LWB,WV,AEA,EN,Federal Contract Tower,4,9,20,2,35,0,0,12,0,12,4,9,32,2,47,0,0,0,47
07/25/2018,LWB,WV,AEA,EN,Federal Contract Tower,15,37,24,0,76,0,2,0,0,2,15,39,24,0,78,0,0,0,78
07/26/2018,LWB,WV,AEA,EN,Federal Contract Tower,10,19,27,4,60,0,6,14,2,22,10,25,41,6,82,16,0,16,98
07/27/2018,LWB,WV,AEA,EN,Federal Contract Tower,9,21,39,0,69,0,5,13,3,21,9,26,52,3,90,18,0,18,108
07/28/2018,LWB,WV,AEA,EN,Federal Contract Tower,6,27,12,0,45,0,10,30,6,46,6,37,42,6,91,54,0,54,145
07/29/2018,LWB,WV,AEA,EN,Federal Contract Tower,6,17,16,0,39,0,3,9,0,12,6,20,25,0,51,0,0,0,51
07/30/2018,LWB,WV,AEA,EN,Federal Contract Tower,6,6,34,4,50,0,0,3,2,5,6,6,37,6,55,0,8,8,63
07/31/2018,LWB,WV,AEA,EN,Federal Contract Tower,3,26,25,2,56,0,2,1,0,3,3,28,26,2,59,0,8,8,67
08/01/2018,LWB,WV,AEA,EN,Federal Contract Tower,4,16,14,0,34,0,8,2,0,10,4,24,16,0,44,0,0,0,44
08/02/2018,LWB,WV,AEA,EN,Federal Contract Tower,11,9,27,0,47,0,0,0,0,0,11,9,27,0,47,0,0,0,47
08/03/2018,LWB,WV,AEA,EN,Federal Contract Tower,8,13,27,0,48,0,0,0,0,0,8,13,27,0,48,0,0,0,48
08/04/2018,LWB,WV,AEA,EN,Federal Contract Tower,6,17,23,0,46,0,7,31,0,38,6,24,54,0,84,32,0,32,116
08/05/2018,LWB,WV,AEA,EN,Federal Contract Tower,10,22,25,0,57,0,10,21,0,31,10,32,46,0,88,18,0,18,106
08/06/2018,LWB,WV,AEA,EN,Federal Contract Tower,4,15,28,0,47,0,4,11,4,19,4,19,39,4,66,0,0,0,66
08/07/2018,LWB,WV,AEA,EN,Federal Contract Tower,5,13,10,0,28,0,4,6,0,10,5,17,16,0,38,0,0,0,38
08/08/2018,LWB,WV,AEA,EN,Federal Contract Tower,10,21,30,0,61,0,11,15,0,26,10,32,45,0,87,0,0,0,87
08/09/2018,LWB,WV,AEA,EN,Federal Contract Tower,8,25,36,5,74,0,9,19,0,28,8,34,55,5,102,34,0,34,136
08/10/2018,LWB,WV,AEA,EN,Federal Contract Tower,8,21,44,0,73,0,2,12,6,20,8,23,56,6,93,20,0,20,113
08/11/2018,LWB,WV,AEA,EN,Federal Contract Tower,9,13,27,0,49,0,6,22,0,28,9,19,49,0,77,14,0,14,91
08/12/2018,LWB,WV,AEA,EN,Federal Contract Tower,10,33,28,0,71,0,1,3,0,4,10,34,31,0,75,0,0,0,75
08/13/2018,LWB,WV,AEA,EN,Federal Contract Tower,6,4,17,0,27,0,0,0,0,0,6,4,17,0,27,0,0,0,27
08/14/2018,LWB,WV,AEA,EN,Federal Contract Tower,3,25,26,0,54,0,1,11,0,12,3,26,37,0,66,0,0,0,66
08/15/2018,LWB,WV,AEA,EN,Federal Contract Tower,9,13,32,0,54,0,0,19,2,21,9,13,51,2,75,0,0,0,75
08/16/2018,LWB,WV,AEA,EN,Federal Contract Tower,7,24,25,0,56,0,5,4,0,9,7,29,29,0,65,0,0,0,65
08/17/2018,LWB,WV,AEA,EN,Federal Contract Tower,7,22,33,0,62,0,2,7,0,9,7,24,40,0,71,8,0,8,79
08/18/2018,LWB,WV,AEA,EN,Federal Contract Tower,4,16,24,0,44,0,2,8,0,10,4,18,32,0,54,10,0,10,64
08/19/2018,LWB,WV,AEA,EN,Federal Contract Tower,9,18,39,0,66,0,0,2,0,2,9,18,41,0,68,0,0,0,68
08/20/2018,LWB,WV,AEA,EN,Federal Contract Tower,5,11,14,0,30,0,0,19,0,19,5,11,33,0,49,0,0,0,49
08/21/2018,LWB,WV,AEA,EN,Federal Contract Tower,16,4,7,0,27,0,0,0,0,0,16,4,7,0,27,0,0,0,27
08/22/2018,LWB,WV,AEA,EN,Federal Contract Tower,13,10,5,0,28,0,2,1,0,3,13,12,6,0,31,0,0,0,31
08/23/2018,LWB,WV,AEA,EN,Federal Contract Tower,4,10,13,2,29,0,1,23,2,26,4,11,36,4,55,40,0,40,95
08/24/2018,LWB,WV,AEA,EN,Federal Contract Tower,4,19,23,0,46,0,0,18,6,24,4,19,41,6,70,0,0,0,70
08/25/2018,LWB,WV,AEA,EN,Federal Contract Tower,5,7,13,0,25,0,3,17,0,20,5,10,30,0,45,0,0,0,45
08/26/2018,LWB,WV,AEA,EN,Federal Contract Tower,5,25,38,0,68,0,0,4,0,4,5,25,42,0,72,10,0,10,82
08/27/2018,LWB,WV,AEA,EN,Federal Contract Tower,6,13,6,0,25,0,0,8,0,8,6,13,14,0,33,0,0,0,33
08/28/2018,LWB,WV,AEA,EN,Federal Contract Tower,5,15,11,0,31,0,0,0,0,0,5,15,11,0,31,0,0,0,31
08/29/2018,LWB,WV,AEA,EN,Federal Contract Tower,10,21,9,0,40,0,4,4,0,8,10,25,13,0,48,6,0,6,54
08/30/2018,LWB,WV,AEA,EN,Federal Contract Tower,13,22,5,8,48,0,1,4,4,9,13,23,9,12,57,0,12,12,69
08/31/2018,LWB,WV,AEA,EN,Federal Contract Tower,6,16,45,0,67,0,0,8,0,8,6,16,53,0,75,0,0,0,75
09/01/2018,LWB,WV,AEA,EN,Federal Contract Tower,5,8,10,0,23,0,2,20,0,22,5,10,30,0,45,0,0,0,45
09/02/2018,LWB,WV,AEA,EN,Federal Contract Tower,6,25,9,0,40,0,2,3,0,5,6,27,12,0,45,2,0,2,47
09/03/2018,LWB,WV,AEA,EN,Federal Contract Tower,5,26,18,0,49,0,0,32,2,34,5,26,50,2,83,0,0,0,83
09/04/2018,LWB,WV,AEA,EN,Federal Contract Tower,5,3,20,0,28,0,2,49,1,52,5,5,69,1,80,10,4,14,94
09/05/2018,LWB,WV,AEA,EN,Federal Contract Tower,6,21,8,0,35,0,0,10,6,16,6,21,18,6,51,10,14,24,75
09/06/2018,LWB,WV,AEA,EN,Federal Contract Tower,11,28,7,0,46,0,2,4,0,6,11,30,11,0,52,0,0,0,52
09/07/2018,LWB,WV,AEA,EN,Federal Contract Tower,8,17,9,0,34,0,0,7,10,17,8,17,16,10,51,0,0,0,51
09/08/2018,LWB,WV,AEA,EN,Federal Contract Tower,4,9,23,0,36,0,0,6,0,6,4,9,29,0,42,0,0,0,42
09/09/2018,LWB,WV,AEA,EN,Federal Contract Tower,3,33,15,0,51,0,0,1,0,1,3,33,16,0,52,0,0,0,52
09/10/2018,LWB,WV,AEA,EN,Federal Contract Tower,4,18,11,14,47,0,0,15,0,15,4,18,26,14,62,0,0,0,62
09/11/2018,LWB,WV,AEA,EN,Federal Contract Tower,7,21,15,0,43,0,0,8,0,8,7,21,23,0,51,10,0,10,61
09/12/2018,LWB,WV,AEA,EN,Federal Contract Tower,8,12,3,4,27,0,2,0,2,4,8,14,3,6,31,0,0,0,31
09/13/2018,LWB,WV,AEA,EN,Federal Contract Tower,7,18,20,7,52,0,2,13,3,18,7,20,33,10,70,6,0,6,76
09/14/2018,LWB,WV,AEA,EN,Federal Contract Tower,7,29,25,0,61,0,4,0,0,4,7,33,25,0,65,0,0,0,65
09/15/2018,LWB,WV,AEA,EN,Federal Contract Tower,5,2,19,0,26,0,0,0,0,0,5,2,19,0,26,0,0,0,26
09/16/2018,LWB,WV,AEA,EN,Federal Contract Tower,4,17,21,0,42,0,0,0,0,0,4,17,21,0,42,0,0,0,42
09/17/2018,LWB,WV,AEA,EN,Federal Contract Tower,5,0,1,0,6,0,0,1,0,1,5,0,2,0,7,0,0,0,7
09/18/2018,LWB,WV,AEA,EN,Federal Contract Tower,7,6,6,0,19,0,0,6,3,9,7,6,12,3,28,0,0,0,28
09/19/2018,LWB,WV,AEA,EN,Federal Contract Tower,9,24,11,0,44,0,0,19,3,22,9,24,30,3,66,2,0,2,68
09/20/2018,LWB,WV,AEA,EN,Federal Contract Tower,8,35,11,11,65,0,1,19,0,20,8,36,30,11,85,8,0,8,93
09/21/2018,LWB,WV,AEA,EN,Federal Contract Tower,13,52,9,0,74,0,0,11,0,11,13,52,20,0,85,12,0,12,97
09/22/2018,LWB,WV,AEA,EN,Federal Contract Tower,5,14,17,0,36,0,0,5,2,7,5,14,22,2,43,0,0,0,43
09/23/2018,LWB,WV,AEA,EN,Federal Contract Tower,3,12,13,0,28,0,0,0,0,0,3,12,13,0,28,0,0,0,28
09/24/2018,LWB,WV,AEA,EN,Federal Contract Tower,7,3,25,0,35,0,2,0,0,2,7,5,25,0,37,0,0,0,37
09/25/2018,LWB,WV,AEA,EN,Federal Contract Tower,5,23,11,0,39,0,4,1,0,5,5,27,12,0,44,0,0,0,44
09/26/2018,LWB,WV,AEA,EN,Federal Contract Tower,7,10,21,0,38,0,0,6,0,6,7,10,27,0,44,10,0,10,54
09/27/2018,LWB,WV,AEA,EN,Federal Contract Tower,9,54,17,0,80,0,0,0,0,0,9,54,17,0,80,0,0,0,80
09/28/2018,LWB,WV,AEA,EN,Federal Contract Tower,7,20,5,0,32,0,1,9,0,10,7,21,14,0,42,20,0,20,62
09/29/2018,LWB,WV,AEA,EN,Federal Contract Tower,7,21,16,0,44,0,2,13,0,15,7,23,29,0,59,14,0,14,73
09/30/2018,LWB,WV,AEA,EN,Federal Contract Tower,5,38,44,0,87,0,2,8,0,10,5,40,52,0,97,6,0,6,103
10/01/2018,LWB,WV,AEA,EN,Federal Contract Tower,3,12,11,0,26,0,2,14,0,16,3,14,25,0,42,20,0,20,62
10/02/2018,LWB,WV,AEA,EN,Federal Contract Tower,6,12,7,0,25,0,0,6,0,6,6,12,13,0,31,14,0,14,45
10/03/2018,LWB,WV,AEA,EN,Federal Contract Tower,9,15,11,0,35,0,0,6,0,6,9,15,17,0,41,0,0,0,41
10/04/2018,LWB,WV,AEA,EN,Federal Contract Tower,7,28,21,0,56,0,0,24,0,24,7,28,45,0,80,18,0,18,98
10/05/2018,LWB,WV,AEA,EN,Federal Contract Tower,6,39,9,0,54,0,1,3,6,10,6,40,12,6,64,0,0,0,64
10/06/2018,LWB,WV,AEA,EN,Federal Contract Tower,22,21,17,0,60,0,0,8,0,8,22,21,25,0,68,2,0,2,70
10/07/2018,LWB,WV,AEA,EN,Federal Contract Tower,4,15,34,0,53,0,0,11,0,11,4,15,45,0,64,10,0,10,74
10/08/2018,LWB,WV,AEA,EN,Federal Contract Tower,6,14,11,0,31,0,6,9,0,15,6,20,20,0,46,0,0,0,46
10/09/2018,LWB,WV,AEA,EN,Federal Contract Tower,2,7,24,0,33,0,4,7,0,11,2,11,31,0,44,0,0,0,44
10/10/2018,LWB,WV,AEA,EN,Federal Contract Tower,5,25,10,0,40,0,0,1,0,1,5,25,11,0,41,0,0,0,41
10/11/2018,LWB,WV,AEA,EN,Federal Contract Tower,19,25,23,0,67,0,0,1,0,1,19,25,24,0,68,0,0,0,68
10/12/2018,LWB,WV,AEA,EN,Federal Contract Tower,5,30,5,0,40,0,4,25,1,30,5,34,30,1,70,6,0,6,76
10/13/2018,LWB,WV,AEA,EN,Federal Contract Tower,6,15,8,0,29,0,2,9,0,11,6,17,17,0,40,0,0,0,40
10/14/2018,LWB,WV,AEA,EN,Federal Contract Tower,7,61,12,0,80,0,0,1,0,1,7,61,13,0,81,0,0,0,81
10/15/2018,LWB,WV,AEA,EN,Federal Contract Tower,5,12,18,0,35,0,0,4,0,4,5,12,22,0,39,0,0,0,39
10/16/2018,LWB,WV,AEA,EN,Federal Contract Tower,2,7,15,0,24,0,2,10,0,12,2,9,25,0,36,0,0,0,36
10/17/2018,LWB,WV,AEA,EN,Federal Contract Tower,5,10,4,3,22,0,3,4,12,19,5,13,8,15,41,0,52,52,93
10/18/2018,LWB,WV,AEA,EN,Federal Contract Tower,6,18,14,0,38,0,0,15,0,15,6,18,29,0,53,0,0,0,53
10/19/2018,LWB,WV,AEA,EN,Federal Contract Tower,6,18,28,0,52,0,0,47,0,47,6,18,75,0,99,12,0,12,111
10/20/2018,LWB,WV,AEA,EN,Federal Contract Tower,3,19,0,2,24,0,3,2,2,7,3,22,2,4,31,0,2,2,33
10/21/2018,LWB,WV,AEA,EN,Federal Contract Tower,6,13,9,0,28,0,2,3,0,5,6,15,12,0,33,0,0,0,33
10/22/2018,LWB,WV,AEA,EN,Federal Contract Tower,4,1,9,0,14,0,4,2,0,6,4,5,11,0,20,0,0,0,20
10/23/2018,LWB,WV,AEA,EN,Federal Contract Tower,2,3,9,0,14,0,9,9,0,18,2,12,18,0,32,0,0,0,32
10/24/2018,LWB,WV,AEA,EN,Federal Contract Tower,4,2,29,0,35,0,0,16,4,20,4,2,45,4,55,14,0,14,69
10/25/2018,LWB,WV,AEA,EN,Federal Contract Tower,4,8,12,0,24,0,2,22,4,28,4,10,34,4,52,10,0,10,62
10/26/2018,LWB,WV,AEA,EN,Federal Contract Tower,6,6,12,0,24,0,0,0,0,0,6,6,12,0,24,0,0,0,24
10/27/2018,LWB,WV,AEA,EN,Federal Contract Tower,4,13,2,0,19,0,0,0,0,0,4,13,2,0,19,0,0,0,19
10/28/2018,LWB,WV,AEA,EN,Federal Contract Tower,7,27,4,0,38,0,0,0,0,0,7,27,4,0,38,0,0,0,38
10/29/2018,LWB,WV,AEA,EN,Federal Contract Tower,5,25,0,0,30,0,0,6,0,6,5,25,6,0,36,0,0,0,36
10/30/2018,LWB,WV,AEA,EN,Federal Contract Tower,2,4,12,0,18,0,2,16,6,24,2,6,28,6,42,0,0,0,42
10/31/2018,LWB,WV,AEA,EN,Federal Contract Tower,4,10,24,4,42,0,7,21,7,35,4,17,45,11,77,0,16,16,93
11/01/2018,LWB,WV,AEA,EN,Federal Contract Tower,4,16,14,0,34,0,4,7,0,11,4,20,21,0,45,0,0,0,45
11/02/2018,LWB,WV,AEA,EN,Federal Contract Tower,8,32,6,0,46,0,0,0,0,0,8,32,6,0,46,0,0,0,46
11/03/2018,LWB,WV,AEA,EN,Federal Contract Tower,6,10,15,4,35,0,1,16,4,21,6,11,31,8,56,20,4,24,80
11/04/2018,LWB,WV,AEA,EN,Federal Contract Tower,5,6,15,0,26,0,5,21,0,26,5,11,36,0,52,14,0,14,66
11/05/2018,LWB,WV,AEA,EN,Federal Contract Tower,6,10,11,11,38,0,2,4,0,6,6,12,15,11,44,4,0,4,48
11/06/2018,LWB,WV,AEA,EN,Federal Contract Tower,2,3,3,0,8,0,2,0,0,2,2,5,3,0,10,0,0,0,10
11/07/2018,LWB,WV,AEA,EN,Federal Contract Tower,2,4,22,0,28,0,8,8,0,16,2,12,30,0,44,0,0,0,44
11/08/2018,LWB,WV,AEA,EN,Federal Contract Tower,4,6,19,0,29,0,2,7,0,9,4,8,26,0,38,6,0,6,44
11/09/2018,LWB,WV,AEA,EN,Federal Contract Tower,4,9,10,0,23,0,0,0,0,0,4,9,10,0,23,0,0,0,23
11/10/2018,LWB,WV,AEA,EN,Federal Contract Tower,4,4,3,0,11,0,0,14,0,14,4,4,17,0,25,0,0,0,25
11/11/2018,LWB,WV,AEA,EN,Federal Contract Tower,6,14,11,0,31,0,3,21,0,24,6,17,32,0,55,0,0,0,55
11/12/2018,LWB,WV,AEA,EN,Federal Contract Tower,7,8,9,0,24,0,0,2,0,2,7,8,11,0,26,0,0,0,26
11/13/2018,LWB,WV,AEA,EN,Federal Contract Tower,2,6,2,0,10,0,0,0,0,0,2,6,2,0,10,0,0,0,10
11/14/2018,LWB,WV,AEA,EN,Federal Contract Tower,4,4,17,0,25,0,3,27,7,37,4,7,44,7,62,0,0,0,62
11/15/2018,LWB,WV,AEA,EN,Federal Contract Tower,4,2,1,0,7,0,0,0,0,0,4,2,1,0,7,0,0,0,7
11/16/2018,LWB,WV,AEA,EN,Federal Contract Tower,7,17,14,0,38,0,0,2,0,2,7,17,16,0,40,10,0,10,50
11/17/2018,LWB,WV,AEA,EN,Federal Contract Tower,5,4,16,0,25,0,0,27,0,27,5,4,43,0,52,29,0,29,81
11/18/2018,LWB,WV,AEA,EN,Federal Contract Tower,6,4,6,0,16,0,1,16,0,17,6,5,22,0,33,10,0,10,43
11/19/2018,LWB,WV,AEA,EN,Federal Contract Tower,5,17,9,0,31,0,0,6,0,6,5,17,15,0,37,14,0,14,51
11/20/2018,LWB,WV,AEA,EN,Federal Contract Tower,8,26,16,0,50,0,0,2,0,2,8,26,18,0,52,0,0,0,52
11/21/2018,LWB,WV,AEA,EN,Federal Contract Tower,5,14,29,0,48,0,4,5,0,9,5,18,34,0,57,0,0,0,57
11/22/2018,LWB,WV,AEA,EN,Federal Contract Tower,4,3,2,0,9,0,6,0,0,6,4,9,2,0,15,0,0,0,15
11/23/2018,LWB,WV,AEA,EN,Federal Contract Tower,2,4,10,0,16,0,9,6,2,17,2,13,16,2,33,8,10,18,51
11/24/2018,LWB,WV,AEA,EN,Federal Contract Tower,4,23,9,0,36,0,0,0,0,0,4,23,9,0,36,0,0,0,36
11/25/2018,LWB,WV,AEA,EN,Federal Contract Tower,7,45,20,0,72,0,1,14,0,15,7,46,34,0,87,10,0,10,97
11/26/2018,LWB,WV,AEA,EN,Federal Contract Tower,5,25,3,0,33,0,0,0,0,0,5,25,3,0,33,0,0,0,33
11/27/2018,LWB,WV,AEA,EN,Federal Contract Tower,0,9,2,0,11,0,0,0,0,0,0,9,2,0,11,0,0,0,11
11/28/2018,LWB,WV,AEA,EN,Federal Contract Tower,6,10,17,0,33,0,1,1,2,4,6,11,18,2,37,0,0,0,37
11/29/2018,LWB,WV,AEA,EN,Federal Contract Tower,4,4,5,0,13,0,1,9,5,15,4,5,14,5,28,20,18,38,66
11/30/2018,LWB,WV,AEA,EN,Federal Contract Tower,3,12,10,0,25,0,0,0,0,0,3,12,10,0,25,0,0,0,25
12/01/2018,LWB,WV,AEA,EN,Federal Contract Tower,3,5,2,0,10,0,0,0,0,0,3,5,2,0,10,0,0,0,10
12/02/2018,LWB,WV,AEA,EN,Federal Contract Tower,10,14,9,2,35,0,5,25,2,32,10,19,34,4,67,6,0,6,73
12/03/2018,LWB,WV,AEA,EN,Federal Contract Tower,5,4,5,4,18,0,0,13,0,13,5,4,18,4,31,0,10,10,41
12/04/2018,LWB,WV,AEA,EN,Federal Contract Tower,1,17,17,0,35,0,0,5,0,5,1,17,22,0,40,0,0,0,40
12/05/2018,LWB,WV,AEA,EN,Federal Contract Tower,3,6,3,0,12,0,0,2,0,2,3,6,5,0,14,0,0,0,14
12/06/2018,LWB,WV,AEA,EN,Federal Contract Tower,6,6,12,1,25,0,2,12,2,16,6,8,24,3,41,0,0,0,41
12/07/2018,LWB,WV,AEA,EN,Federal Contract Tower,4,2,7,0,13,0,2,12,3,17,4,4,19,3,30,0,8,8,38
12/08/2018,LWB,WV,AEA,EN,Federal Contract Tower,4,6,10,0,20,0,0,12,2,14,4,6,22,2,34,18,0,18,52
12/09/2018,LWB,WV,AEA,EN,Federal Contract Tower,2,1,1,0,4,0,0,0,0,0,2,1,1,0,4,0,0,0,4
12/10/2018,LWB,WV,AEA,EN,Federal Contract Tower,2,5,2,0,9,0,0,6,0,6,2,5,8,0,15,0,0,0,15
12/11/2018,LWB,WV,AEA,EN,Federal Contract Tower,2,14,9,0,25,0,3,5,0,8,2,17,14,0,33,0,0,0,33
12/12/2018,LWB,WV,AEA,EN,Federal Contract Tower,1,13,11,0,25,0,2,7,0,9,1,15,18,0,34,0,0,0,34
12/13/2018,LWB,WV,AEA,EN,Federal Contract Tower,6,10,6,0,22,0,1,10,0,11,6,11,16,0,33,0,0,0,33
12/14/2018,LWB,WV,AEA,EN,Federal Contract Tower,4,10,7,0,21,0,3,0,0,3,4,13,7,0,24,0,0,0,24
12/15/2018,LWB,WV,AEA,EN,Federal Contract Tower,5,13,11,0,29,0,0,0,0,0,5,13,11,0,29,0,0,0,29
12/16/2018,LWB,WV,AEA,EN,Federal Contract Tower,5,11,10,0,26,0,0,0,0,0,5,11,10,0,26,0,0,0,26
12/17/2018,LWB,WV,AEA,EN,Federal Contract Tower,4,2,3,0,9,0,10,7,2,19,4,12,10,2,28,0,0,0,28
12/18/2018,LWB,WV,AEA,EN,Federal Contract Tower,4,2,16,0,22,0,0,23,4,27,4,2,39,4,49,28,0,28,77
12/19/2018,LWB,WV,AEA,EN,Federal Contract Tower,3,16,3,8,30,0,7,12,2,21,3,23,15,10,51,4,6,10,61
12/20/2018,LWB,WV,AEA,EN,Federal Contract Tower,6,10,4,0,20,0,0,1,0,1,6,10,5,0,21,0,0,0,21
12/21/2018,LWB,WV,AEA,EN,Federal Contract Tower,4,6,16,0,26,0,0,0,0,0,4,6,16,0,26,0,0,0,26
12/22/2018,LWB,WV,AEA,EN,Federal Contract Tower,7,5,17,0,29,0,0,0,0,0,7,5,17,0,29,0,0,0,29
12/23/2018,LWB,WV,AEA,EN,Federal Contract Tower,6,8,12,0,26,0,5,2,0,7,6,13,14,0,33,0,0,0,33
12/24/2018,LWB,WV,AEA,EN,Federal Contract Tower,6,1,3,0,10,0,2,9,1,12,6,3,12,1,22,0,0,0,22
12/25/2018,LWB,WV,AEA,EN,Federal Contract Tower,3,2,2,0,7,0,1,1,0,2,3,3,3,0,9,0,0,0,9
12/26/2018,LWB,WV,AEA,EN,Federal Contract Tower,2,21,12,0,35,0,1,20,4,25,2,22,32,4,60,16,4,20,80
12/27/2018,LWB,WV,AEA,EN,Federal Contract Tower,3,19,10,0,32,0,4,5,0,9,3,23,15,0,41,20,0,20,61
12/28/2018,LWB,WV,AEA,EN,Federal Contract Tower,5,11,12,0,28,0,0,2,0,2,5,11,14,0,30,0,0,0,30
12/29/2018,LWB,WV,AEA,EN,Federal Contract Tower,4,13,21,0,38,0,4,15,0,19,4,17,36,0,57,10,0,10,67
12/30/2018,LWB,WV,AEA,EN,Federal Contract Tower,4,4,23,0,31,0,2,13,2,17,4,6,36,2,48,6,0,6,54
12/31/2018,LWB,WV,AEA,EN,Federal Contract Tower,7,1,16,0,24,0,2,0,0,2,7,3,16,0,26,0,0,0,26
01/01/2019,LWB,WV,AEA,EN,Federal Contract Tower,4,7,18,0,29,0,3,2,0,5,4,10,20,0,34,0,0,0,34
01/02/2019,LWB,WV,AEA,EN,Federal Contract Tower,2,3,9,0,14,0,0,1,0,1,2,3,10,0,15,0,0,0,15
01/03/2019,LWB,WV,AEA,EN,Federal Contract Tower,5,3,7,2,17,0,10,2,0,12,5,13,9,2,29,0,0,0,29
01/04/2019,LWB,WV,AEA,EN,Federal Contract Tower,5,0,8,0,13,0,0,0,0,0,5,0,8,0,13,0,0,0,13
01/05/2019,LWB,WV,AEA,EN,Federal Contract Tower,4,0,6,0,10,0,4,2,0,6,4,4,8,0,16,0,0,0,16
01/06/2019,LWB,WV,AEA,EN,Federal Contract Tower,4,0,2,0,6,0,0,12,0,12,4,0,14,0,18,0,0,0,18
01/07/2019,LWB,WV,AEA,EN,Federal Contract Tower,4,0,4,0,8,0,1,4,4,9,4,1,8,4,17,0,12,12,29
01/08/2019,LWB,WV,AEA,EN,Federal Contract Tower,3,4,1,0,8,0,2,8,0,10,3,6,9,0,18,0,0,0,18
01/09/2019,LWB,WV,AEA,EN,Federal Contract Tower,4,1,5,0,10,0,0,4,0,4,4,1,9,0,14,0,0,0,14
01/10/2019,LWB,WV,AEA,EN,Federal Contract Tower,4,2,6,0,12,0,0,0,0,0,4,2,6,0,12,0,0,0,12
01/11/2019,LWB,WV,AEA,EN,Federal Contract Tower,5,4,12,0,21,0,4,10,3,17,5,8,22,3,38,0,20,20,58
01/12/2019,LWB,WV,AEA,EN,Federal Contract Tower,5,0,5,0,10,0,0,0,0,0,5,0,5,0,10,0,0,0,10
01/13/2019,LWB,WV,AEA,EN,Federal Contract Tower,0,0,2,0,2,0,0,0,0,0,0,0,2,0,2,0,0,0,2
01/14/2019,LWB,WV,AEA,EN,Federal Contract Tower,4,0,6,0,10,0,0,2,0,2,4,0,8,0,12,0,0,0,12
01/15/2019,LWB,WV,AEA,EN,Federal Contract Tower,2,1,8,0,11,0,0,0,0,0,2,1,8,0,11,0,0,0,11
01/16/2019,LWB,WV,AEA,EN,Federal Contract Tower,2,4,2,0,8,0,0,2,0,2,2,4,4,0,10,0,0,0,10
01/17/2019,LWB,WV,AEA,EN,Federal Contract Tower,4,0,8,0,12,0,0,0,0,0,4,0,8,0,12,0,0,0,12
01/18/2019,LWB,WV,AEA,EN,Federal Contract Tower,4,2,22,0,28,0,0,1,0,1,4,2,23,0,29,0,0,0,29
01/19/2019,LWB,WV,AEA,EN,Federal Contract Tower,2,3,4,0,9,0,0,0,0,0,2,3,4,0,9,0,0,0,9
01/20/2019,LWB,WV,AEA,EN,Federal Contract Tower,2,0,0,0,2,0,0,0,0,0,2,0,0,0,2,0,0,0,2
01/21/2019,LWB,WV,AEA,EN,Federal Contract Tower,4,2,8,0,14,0,4,6,4,14,4,6,14,4,28,0,0,0,28
01/22/2019,LWB,WV,AEA,EN,Federal Contract Tower,2,2,6,0,10,0,4,11,5,20,2,6,17,5,30,6,10,16,46
01/23/2019,LWB,WV,AEA,EN,Federal Contract Tower,0,2,6,0,8,0,2,1,0,3,0,4,7,0,11,0,0,0,11
01/24/2019,LWB,WV,AEA,EN,Federal Contract Tower,6,8,10,0,24,0,6,2,0,8,6,14,12,0,32,10,0,10,42
01/25/2019,LWB,WV,AEA,EN,Federal Contract Tower,3,3,6,0,12,0,4,13,0,17,3,7,19,0,29,10,0,10,39
01/26/2019,LWB,WV,AEA,EN,Federal Contract Tower,4,0,6,0,10,0,2,3,2,7,4,2,9,2,17,8,0,8,25
01/27/2019,LWB,WV,AEA,EN,Federal Contract Tower,5,5,8,0,18,0,0,0,0,0,5,5,8,0,18,0,0,0,18
01/28/2019,LWB,WV,AEA,EN,Federal Contract Tower,5,2,10,4,21,0,3,23,11,37,5,5,33,15,58,16,6,22,80
01/29/2019,LWB,WV,AEA,EN,Federal Contract Tower,3,0,5,0,8,0,2,0,0,2,3,2,5,0,10,0,0,0,10
01/30/2019,LWB,WV,AEA,EN,Federal Contract Tower,0,0,2,0,2,0,0,0,0,0,0,0,2,0,2,0,0,0,2
01/31/2019,LWB,WV,AEA,EN,Federal Contract Tower,2,4,9,1,16,0,11,6,6,23,2,15,15,7,39,0,0,0,39
02/01/2019,LWB,WV,AEA,EN,Federal Contract Tower,6,5,6,0,17,0,0,0,0,0,6,5,6,0,17,0,0,0,17
02/02/2019,LWB,WV,AEA,EN,Federal Contract Tower,3,0,21,0,24,0,1,25,2,28,3,1,46,2,52,8,0,8,60
02/03/2019,LWB,WV,AEA,EN,Federal Contract Tower,4,2,17,0,23,0,2,14,2,18,4,4,31,2,41,0,0,0,41
02/04/2019,LWB,WV,AEA,EN,Federal Contract Tower,4,0,6,2,12,0,9,17,6,32,4,9,23,8,44,12,0,12,56
02/05/2019,LWB,WV,AEA,EN,Federal Contract Tower,2,4,8,0,14,0,2,8,0,10,2,6,16,0,24,0,14,14,38
02/06/2019,LWB,WV,AEA,EN,Federal Contract Tower,5,4,14,6,29,0,0,0,0,0,5,4,14,6,29,0,0,0,29
02/07/2019,LWB,WV,AEA,EN,Federal Contract Tower,5,5,10,0,20,0,10,1,0,11,5,15,11,0,31,0,0,0,31
02/08/2019,LWB,WV,AEA,EN,Federal Contract Tower,4,1,7,0,12,0,8,16,0,24,4,9,23,0,36,0,0,0,36
02/09/2019,LWB,WV,AEA,EN,Federal Contract Tower,4,0,15,0,19,0,6,27,4,37,4,6,42,4,56,39,4,43,99
02/10/2019,LWB,WV,AEA,EN,Federal Contract Tower,2,6,17,0,25,0,3,6,4,13,2,9,23,4,38,0,18,18,56
02/11/2019,LWB,WV,AEA,EN,Federal Contract Tower,1,1,1,0,3,0,0,0,0,0,1,1,1,0,3,0,0,0,3
02/12/2019,LWB,WV,AEA,EN,Federal Contract Tower,2,2,2,0,6,0,0,0,0,0,2,2,2,0,6,0,0,0,6
02/13/2019,LWB,WV,AEA,EN,Federal Contract Tower,3,4,8,2,17,0,2,0,0,2,3,6,8,2,19,0,0,0,19
02/14/2019,LWB,WV,AEA,EN,Federal Contract Tower,3,0,2,0,5,0,2,9,9,20,3,2,11,9,25,0,16,16,41
02/15/2019,LWB,WV,AEA,EN,Federal Contract Tower,4,4,14,0,22,0,2,10,0,12,4,6,24,0,34,38,0,38,72
02/16/2019,LWB,WV,AEA,EN,Federal Contract Tower,4,6,4,0,14,0,3,7,5,15,4,9,11,5,29,0,0,0,29
02/17/2019,LWB,WV,AEA,EN,Federal Contract Tower,2,2,6,0,10,0,0,0,0,0,2,2,6,0,10,0,0,0,10
02/18/2019,LWB,WV,AEA,EN,Federal Contract Tower,5,4,11,0,20,0,0,3,0,3,5,4,14,0,23,0,0,0,23
02/19/2019,LWB,WV,AEA,EN,Federal Contract Tower,4,0,3,3,10,0,4,14,6,24,4,4,17,9,34,16,14,30,64
02/20/2019,LWB,WV,AEA,EN,Federal Contract Tower,6,1,7,0,14,0,0,0,0,0,6,1,7,0,14,0,0,0,14
02/21/2019,LWB,WV,AEA,EN,Federal Contract Tower,6,18,15,0,39,0,7,2,0,9,6,25,17,0,48,0,0,0,48
02/22/2019,LWB,WV,AEA,EN,Federal Contract Tower,6,3,10,0,19,0,0,0,0,0,6,3,10,0,19,0,0,0,19
02/23/2019,LWB,WV,AEA,EN,Federal Contract Tower,7,2,8,0,17,0,0,0,0,0,7,2,8,0,17,0,0,0,17
02/24/2019,LWB,WV,AEA,EN,Federal Contract Tower,1,2,13,0,16,0,0,0,0,0,1,2,13,0,16,0,0,0,16
02/25/2019,LWB,WV,AEA,EN,Federal Contract Tower,4,0,2,0,6,0,0,1,0,1,4,0,3,0,7,0,0,0,7
02/26/2019,LWB,WV,AEA,EN,Federal Contract Tower,4,0,5,0,9,0,2,17,2,21,4,2,22,2,30,0,0,0,30
02/27/2019,LWB,WV,AEA,EN,Federal Contract Tower,2,0,7,0,9,0,5,12,0,17,2,5,19,0,26,0,0,0,26
02/28/2019,LWB,WV,AEA,EN,Federal Contract Tower,6,0,9,0,15,0,4,7,0,11,6,4,16,0,26,20,0,20,46
03/01/2019,LWB,WV,AEA,EN,Federal Contract Tower,5,4,6,0,15,0,0,0,0,0,5,4,6,0,15,0,0,0,15
03/02/2019,LWB,WV,AEA,EN,Federal Contract Tower,5,2,10,0,17,0,0,0,0,0,5,2,10,0,17,0,0,0,17
03/03/2019,LWB,WV,AEA,EN,Federal Contract Tower,4,1,0,0,5,0,0,0,0,0,4,1,0,0,5,0,0,0,5
03/04/2019,LWB,WV,AEA,EN,Federal Contract Tower,2,2,9,0,13,0,0,0,0,0,2,2,9,0,13,0,0,0,13
03/05/2019,LWB,WV,AEA,EN,Federal Contract Tower,2,0,6,0,8,0,6,4,0,10,2,6,10,0,18,0,0,0,18
03/06/2019,LWB,WV,AEA,EN,Federal Contract Tower,2,4,5,0,11,0,4,3,0,7,2,8,8,0,18,0,0,0,18
03/07/2019,LWB,WV,AEA,EN,Federal Contract Tower,8,0,13,0,21,0,9,8,4,21,8,9,21,4,42,10,0,10,52
03/08/2019,LWB,WV,AEA,EN,Federal Contract Tower,3,0,6,0,9,0,0,1,0,1,3,0,7,0,10,0,0,0,10
03/09/2019,LWB,WV,AEA,EN,Federal Contract Tower,5,9,10,0,24,0,0,0,0,0,5,9,10,0,24,0,0,0,24
03/10/2019,LWB,WV,AEA,EN,Federal Contract Tower,4,0,6,0,10,0,2,4,0,6,4,2,10,0,16,0,0,0,16
03/11/2019,LWB,WV,AEA,EN,Federal Contract Tower,4,0,11,0,15,0,0,5,0,5,4,0,16,0,20,0,0,0,20
03/12/2019,LWB,WV,AEA,EN,Federal Contract Tower,3,0,6,0,9,0,5,28,9,42,3,5,34,9,51,48,0,48,99
03/13/2019,LWB,WV,AEA,EN,Federal Contract Tower,4,0,3,0,7,0,0,7,2,9,4,0,10,2,16,16,0,16,32
03/14/2019,LWB,WV,AEA,EN,Federal Contract Tower,2,0,1,0,3,0,0,2,0,2,2,0,3,0,5,0,0,0,5
03/15/2019,LWB,WV,AEA,EN,Federal Contract Tower,5,0,6,0,11,0,0,4,0,4,5,0,10,0,15,10,0,10,25
03/16/2019,LWB,WV,AEA,EN,Federal Contract Tower,4,0,22,0,26,0,4,6,0,10,4,4,28,0,36,0,0,0,36
03/17/2019,LWB,WV,AEA,EN,Federal Contract Tower,4,0,9,2,15,0,1,0,10,11,4,1,9,12,26,0,0,0,26
03/18/2019,LWB,WV,AEA,EN,Federal Contract Tower,4,0,9,0,13,0,1,4,0,5,4,1,13,0,18,12,0,12,30
03/19/2019,LWB,WV,AEA,EN,Federal Contract Tower,2,0,11,0,13,0,2,11,5,18,2,2,22,5,31,16,14,30,61
03/20/2019,LWB,WV,AEA,EN,Federal Contract Tower,6,2,5,0,13,0,5,2,0,7,6,7,7,0,20,0,0,0,20
03/21/2019,LWB,WV,AEA,EN,Federal Contract Tower,4,6,4,0,14,0,0,2,0,2,4,6,6,0,16,0,0,0,16
03/22/2019,LWB,WV,AEA,EN,Federal Contract Tower,5,3,7,0,15,0,0,0,0,0,5,3,7,0,15,0,0,0,15
03/23/2019,LWB,WV,AEA,EN,Federal Contract Tower,4,2,12,0,18,0,4,15,13,32,4,6,27,13,50,0,0,0,50
03/24/2019,LWB,WV,AEA,EN,Federal Contract Tower,4,2,14,2,22,0,0,19,8,27,4,2,33,10,49,0,0,0,49
03/25/2019,LWB,WV,AEA,EN,Federal Contract Tower,3,1,7,0,11,0,4,5,0,9,3,5,12,0,20,0,0,0,20
03/26/2019,LWB,WV,AEA,EN,Federal Contract Tower,2,0,5,0,7,0,4,13,0,17,2,4,18,0,24,24,0,24,48
03/27/2019,LWB,WV,AEA,EN,Federal Contract Tower,2,6,4,10,22,0,1,10,2,13,2,7,14,12,35,14,16,30,65
03/28/2019,LWB,WV,AEA,EN,Federal Contract Tower,4,4,9,0,17,0,6,14,4,24,4,10,23,4,41,42,0,42,83
03/29/2019,LWB,WV,AEA,EN,Federal Contract Tower,4,3,11,0,18,0,4,6,0,10,4,7,17,0,28,38,0,38,66
03/30/2019,LWB,WV,AEA,EN,Federal Contract Tower,4,0,4,0,8,0,3,8,2,13,4,3,12,2,21,10,0,10,31
03/31/2019,LWB,WV,AEA,EN,Federal Contract Tower,3,0,3,0,6,0,1,2,2,5,3,1,5,2,11,0,0,0,11
04/01/2019,LWB,WV,AEA,EN,Federal Contract Tower,4,0,5,0,9,0,0,7,4,11,4,0,12,4,20,0,0,0,20
04/02/2019,LWB,WV,AEA,EN,Federal Contract Tower,3,4,12,0,19,0,3,11,0,14,3,7,23,0,33,12,0,12,45
04/03/2019,LWB,WV,AEA,EN,Federal Contract Tower,5,4,10,0,19,0,4,6,3,13,5,8,16,3,32,0,4,4,36
04/04/2019,LWB,WV,AEA,EN,Federal Contract Tower,4,3,4,0,11,0,2,6,2,10,4,5,10,2,21,0,0,0,21
04/05/2019,LWB,WV,AEA,EN,Federal Contract Tower,5,10,5,0,20,0,1,1,0,2,5,11,6,0,22,0,0,0,22
04/06/2019,LWB,WV,AEA,EN,Federal Contract Tower,4,1,5,0,10,0,4,16,0,20,4,5,21,0,30,6,0,6,36
04/07/2019,LWB,WV,AEA,EN,Federal Contract Tower,4,1,15,0,20,0,0,6,0,6,4,1,21,0,26,12,0,12,38
04/08/2019,LWB,WV,AEA,EN,Federal Contract Tower,4,0,3,0,7,0,0,1,0,1,4,0,4,0,8,0,0,0,8
04/09/2019,LWB,WV,AEA,EN,Federal Contract Tower,2,4,8,0,14,0,0,3,0,3,2,4,11,0,17,0,0,0,17
04/10/2019,LWB,WV,AEA,EN,Federal Contract Tower,2,7,18,0,27,0,11,30,3,44,2,18,48,3,71,35,2,37,108
04/11/2019,LWB,WV,AEA,EN,Federal Contract Tower,2,4,10,0,16,0,3,16,0,19,2,7,26,0,35,10,0,10,45
04/12/2019,LWB,WV,AEA,EN,Federal Contract Tower,4,3,8,0,15,0,4,0,0,4,4,7,8,0,19,0,0,0,19
04/13/2019,LWB,WV,AEA,EN,Federal Contract Tower,4,0,4,0,8,0,8,11,0,19,4,8,15,0,27,6,0,6,33
04/14/2019,LWB,WV,AEA,EN,Federal Contract Tower,4,0,3,0,7,0,0,0,0,0,4,0,3,0,7,0,0,0,7
04/15/2019,LWB,WV,AEA,EN,Federal Contract Tower,6,3,11,0,20,0,0,0,0,0,6,3,11,0,20,0,0,0,20
04/16/2019,LWB,WV,AEA,EN,Federal Contract Tower,2,4,8,0,14,0,3,14,0,17,2,7,22,0,31,4,0,4,35
04/17/2019,LWB,WV,AEA,EN,Federal Contract Tower,4,8,8,2,22,0,8,6,4,18,4,16,14,6,40,4,14,18,58
04/18/2019,LWB,WV,AEA,EN,Federal Contract Tower,6,11,9,2,28,0,6,6,0,12,6,17,15,2,40,0,0,0,40
04/19/2019,LWB,WV,AEA,EN,Federal Contract Tower,4,4,4,0,12,0,0,1,0,1,4,4,5,0,13,0,0,0,13
04/20/2019,LWB,WV,AEA,EN,Federal Contract Tower,4,3,4,0,11,0,0,4,0,4,4,3,8,0,15,0,0,0,15
04/21/2019,LWB,WV,AEA,EN,Federal Contract Tower,7,12,10,0,29,0,0,4,0,4,7,12,14,0,33,0,0,0,33
04/22/2019,LWB,WV,AEA,EN,Federal Contract Tower,4,6,36,0,46,0,5,20,0,25,4,11,56,0,71,12,0,12,83
04/23/2019,LWB,WV,AEA,EN,Federal Contract Tower,2,3,6,0,11,0,8,9,0,17,2,11,15,0,28,6,0,6,34
04/24/2019,LWB,WV,AEA,EN,Federal Contract Tower,2,2,14,0,18,0,3,5,0,8,2,5,19,0,26,4,0,4,30
04/25/2019,LWB,WV,AEA,EN,Federal Contract Tower,4,14,34,8,60,0,10,9,0,19,4,24,43,8,79,2,0,2,81
04/26/2019,LWB,WV,AEA,EN,Federal Contract Tower,4,7,14,0,25,0,0,0,0,0,4,7,14,0,25,0,0,0,25
04/27/2019,LWB,WV,AEA,EN,Federal Contract Tower,2,0,8,0,10,0,27,4,0,31,2,27,12,0,41,0,0,0,41
04/28/2019,LWB,WV,AEA,EN,Federal Contract Tower,4,12,20,0,36,0,2,2,0,4,4,14,22,0,40,0,0,0,40
04/29/2019,LWB,WV,AEA,EN,Federal Contract Tower,5,3,15,0,23,0,0,3,0,3,5,3,18,0,26,0,0,0,26
04/30/2019,LWB,WV,AEA,EN,Federal Contract Tower,0,6,14,0,20,0,5,9,3,17,0,11,23,3,37,12,0,12,49
05/01/2019,LWB,WV,AEA,EN,Federal Contract Tower,7,15,27,6,55,0,0,5,2,7,7,15,32,8,62,0,44,44,106
05/02/2019,LWB,WV,AEA,EN,Federal Contract Tower,2,6,20,0,28,0,3,2,0,5,2,9,22,0,33,0,0,0,33
05/03/2019,LWB,WV,AEA,EN,Federal Contract Tower,6,14,25,2,47,0,20,9,2,31,6,34,34,4,78,2,20,22,100
05/04/2019,LWB,WV,AEA,EN,Federal Contract Tower,4,5,10,0,19,0,3,0,0,3,4,8,10,0,22,0,0,0,22
05/05/2019,LWB,WV,AEA,EN,Federal Contract Tower,4,17,17,0,38,0,2,0,0,2,4,19,17,0,40,0,0,0,40
05/06/2019,LWB,WV,AEA,EN,Federal Contract Tower,4,5,23,0,32,0,5,18,2,25,4,10,41,2,57,2,0,2,59
05/07/2019,LWB,WV,AEA,EN,Federal Contract Tower,2,2,17,0,21,0,4,5,2,11,2,6,22,2,32,8,0,8,40
05/08/2019,LWB,WV,AEA,EN,Federal Contract Tower,2,15,12,0,29,0,3,2,0,5,2,18,14,0,34,0,0,0,34
05/09/2019,LWB,WV,AEA,EN,Federal Contract Tower,4,8,21,0,33,0,2,3,4,9,4,10,24,4,42,0,0,0,42
05/10/2019,LWB,WV,AEA,EN,Federal Contract Tower,4,10,20,3,37,0,0,5,4,9,4,10,25,7,46,0,0,0,46
05/11/2019,LWB,WV,AEA,EN,Federal Contract Tower,4,2,13,0,19,0,0,0,0,0,4,2,13,0,19,0,0,0,19
05/12/2019,LWB,WV,AEA,EN,Federal Contract Tower,4,13,19,0,36,0,0,0,0,0,4,13,19,0,36,0,0,0,36
05/13/2019,LWB,WV,AEA,EN,Federal Contract Tower,4,12,11,0,27,0,0,0,0,0,4,12,11,0,27,0,0,0,27
05/14/2019,LWB,WV,AEA,EN,Federal Contract Tower,2,5,11,0,18,0,3,3,0,6,2,8,14,0,24,0,0,0,24
05/15/2019,LWB,WV,AEA,EN,Federal Contract Tower,4,6,15,0,25,0,0,13,0,13,4,6,28,0,38,20,0,20,58
05/16/2019,LWB,WV,AEA,EN,Federal Contract Tower,4,6,12,4,26,0,8,8,6,22,4,14,20,10,48,8,0,8,56
05/17/2019,LWB,WV,AEA,EN,Federal Contract Tower,4,8,22,0,34,0,4,2,0,6,4,12,24,0,40,0,0,0,40
05/18/2019,LWB,WV,AEA,EN,Federal Contract Tower,2,2,12,0,16,0,1,20,3,24,2,3,32,3,40,6,0,6,46
05/19/2019,LWB,WV,AEA,EN,Federal Contract Tower,3,11,26,0,40,0,1,10,0,11,3,12,36,0,51,0,0,0,51
05/20/2019,LWB,WV,AEA,EN,Federal Contract Tower,4,8,17,0,29,0,6,8,0,14,4,14,25,0,43,0,0,0,43
05/21/2019,LWB,WV,AEA,EN,Federal Contract Tower,3,13,25,6,47,0,5,9,1,15,3,18,34,7,62,8,0,8,70
05/22/2019,LWB,WV,AEA,EN,Federal Contract Tower,2,10,20,0,32,0,5,12,0,17,2,15,32,0,49,2,0,2,51
05/23/2019,LWB,WV,AEA,EN,Federal Contract Tower,4,21,17,2,44,0,2,0,2,4,4,23,17,4,48,0,10,10,58
05/24/2019,LWB,WV,AEA,EN,Federal Contract Tower,4,28,16,0,48,0,6,3,0,9,4,34,19,0,57,0,0,0,57
05/25/2019,LWB,WV,AEA,EN,Federal Contract Tower,4,9,11,0,24,0,4,7,0,11,4,13,18,0,35,0,0,0,35
05/26/2019,LWB,WV,AEA,EN,Federal Contract Tower,4,4,5,0,13,0,2,6,0,8,4,6,11,0,21,0,0,0,21
05/27/2019,LWB,WV,AEA,EN,Federal Contract Tower,2,28,19,0,49,0,0,9,0,9,2,28,28,0,58,4,0,4,62
05/28/2019,LWB,WV,AEA,EN,Federal Contract Tower,1,14,16,0,31,0,3,2,0,5,1,17,18,0,36,0,0,0,36
05/29/2019,LWB,WV,AEA,EN,Federal Contract Tower,4,5,11,0,20,0,0,2,1,3,4,5,13,1,23,0,0,0,23
05/30/2019,LWB,WV,AEA,EN,Federal Contract Tower,6,7,9,0,22,0,2,2,0,4,6,9,11,0,26,4,0,4,30
05/31/2019,LWB,WV,AEA,EN,Federal Contract Tower,6,0,16,0,22,0,6,9,0,15,6,6,25,0,37,10,0,10,47
06/01/2019,LWB,WV,AEA,EN,Federal Contract Tower,3,4,10,0,17,0,0,5,3,8,3,4,15,3,25,6,0,6,31
06/02/2019,LWB,WV,AEA,EN,Federal Contract Tower,5,1,21,0,27,0,0,6,0,6,5,1,27,0,33,0,0,0,33
06/03/2019,LWB,WV,AEA,EN,Federal Contract Tower,4,9,9,3,25,0,1,7,2,10,4,10,16,5,35,8,22,30,65
06/04/2019,LWB,WV,AEA,EN,Federal Contract Tower,2,1,8,0,11,0,1,5,0,6,2,2,13,0,17,0,0,0,17
06/05/2019,LWB,WV,AEA,EN,Federal Contract Tower,2,5,27,1,35,0,1,0,0,1,2,6,27,1,36,0,0,0,36
06/06/2019,LWB,WV,AEA,EN,Federal Contract Tower,4,8,15,1,28,0,4,2,0,6,4,12,17,1,34,10,0,10,44
06/07/2019,LWB,WV,AEA,EN,Federal Contract Tower,4,16,18,0,38,0,0,0,0,0,4,16,18,0,38,0,0,0,38
06/08/2019,LWB,WV,AEA,EN,Federal Contract Tower,4,3,15,0,22,0,0,0,0,0,4,3,15,0,22,0,0,0,22
06/09/2019,LWB,WV,AEA,EN,Federal Contract Tower,5,22,31,0,58,0,0,1,0,1,5,22,32,0,59,0,0,0,59
06/10/2019,LWB,WV,AEA,EN,Federal Contract Tower,4,10,27,0,41,0,0,0,0,0,4,10,27,0,41,0,0,0,41
06/11/2019,LWB,WV,AEA,EN,Federal Contract Tower,3,14,22,0,39,0,5,15,1,21,3,19,37,1,60,6,0,6,66
06/12/2019,LWB,WV,AEA,EN,Federal Contract Tower,8,22,29,0,59,0,5,5,2,12,8,27,34,2,71,0,10,10,81
06/13/2019,LWB,WV,AEA,EN,Federal Contract Tower,3,4,12,0,19,0,6,3,0,9,3,10,15,0,28,0,0,0,28
06/14/2019,LWB,WV,AEA,EN,Federal Contract Tower,6,6,20,0,32,0,2,4,0,6,6,8,24,0,38,0,0,0,38
06/15/2019,LWB,WV,AEA,EN,Federal Contract Tower,3,8,13,0,24,0,3,8,3,14,3,11,21,3,38,0,0,0,38
06/16/2019,LWB,WV,AEA,EN,Federal Contract Tower,4,10,7,0,21,0,4,4,0,8,4,14,11,0,29,2,0,2,31
06/17/2019,LWB,WV,AEA,EN,Federal Contract Tower,5,9,16,0,30,0,0,1,0,1,5,9,17,0,31,0,0,0,31
06/18/2019,LWB,WV,AEA,EN,Federal Contract Tower,3,1,16,0,20,0,0,2,0,2,3,1,18,0,22,0,0,0,22
06/19/2019,LWB,WV,AEA,EN,Federal Contract Tower,1,13,20,0,34,0,0,0,0,0,1,13,20,0,34,0,0,0,34
06/20/2019,LWB,WV,AEA,EN,Federal Contract Tower,5,3,12,0,20,0,0,0,0,0,5,3,12,0,20,0,0,0,20
06/21/2019,LWB,WV,AEA,EN,Federal Contract Tower,4,9,12,0,25,0,0,3,0,3,4,9,15,0,28,0,0,0,28
06/22/2019,LWB,WV,AEA,EN,Federal Contract Tower,4,7,8,0,19,0,6,3,0,9,4,13,11,0,28,0,0,0,28
06/23/2019,LWB,WV,AEA,EN,Federal Contract Tower,3,0,11,0,14,0,2,7,0,9,3,2,18,0,23,0,0,0,23
06/24/2019,LWB,WV,AEA,EN,Federal Contract Tower,3,9,23,0,35,0,3,7,0,10,3,12,30,0,45,18,0,18,63
06/25/2019,LWB,WV,AEA,EN,Federal Contract Tower,1,5,12,0,18,0,2,6,0,8,1,7,18,0,26,6,0,6,32
06/26/2019,LWB,WV,AEA,EN,Federal Contract Tower,4,6,9,0,19,0,7,6,0,13,4,13,15,0,32,0,0,0,32
06/27/2019,LWB,WV,AEA,EN,Federal Contract Tower,3,10,7,0,20,0,7,16,0,23,3,17,23,0,43,4,0,4,47
06/28/2019,LWB,WV,AEA,EN,Federal Contract Tower,2,9,21,2,34,0,4,21,2,27,2,13,42,4,61,12,0,12,73
06/29/2019,LWB,WV,AEA,EN,Federal Contract Tower,4,13,10,0,27,0,4,6,0,10,4,17,16,0,37,12,0,12,49
06/30/2019,LWB,WV,AEA,EN,Federal Contract Tower,3,4,9,0,16,0,2,1,0,3,3,6,10,0,19,0,0,0,19
07/01/2019,LWB,WV,AEA,EN,Federal Contract Tower,4,6,6,0,16,0,1,25,0,26,4,7,31,0,42,8,0,8,50
07/02/2019,LWB,WV,AEA,EN,Federal Contract Tower,2,3,15,0,20,0,3,5,2,10,2,6,20,2,30,16,0,16,46
07/03/2019,LWB,WV,AEA,EN,Federal Contract Tower,3,5,7,0,15,0,2,4,0,6,3,7,11,0,21,0,0,0,21
07/04/2019,LWB,WV,AEA,EN,Federal Contract Tower,4,5,6,0,15,0,2,4,0,6,4,7,10,0,21,0,0,0,21
07/05/2019,LWB,WV,AEA,EN,Federal Contract Tower,3,1,6,0,10,0,0,8,0,8,3,1,14,0,18,18,0,18,36
07/06/2019,LWB,WV,AEA,EN,Federal Contract Tower,4,7,11,0,22,0,0,8,0,8,4,7,19,0,30,10,0,10,40
07/07/2019,LWB,WV,AEA,EN,Federal Contract Tower,4,11,14,0,29,0,3,2,0,5,4,14,16,0,34,0,0,0,34
07/08/2019,LWB,WV,AEA,EN,Federal Contract Tower,4,6,13,0,23,0,3,7,0,10,4,9,20,0,33,0,0,0,33
07/09/2019,LWB,WV,AEA,EN,Federal Contract Tower,4,1,11,0,16,0,2,4,0,6,4,3,15,0,22,12,0,12,34
07/10/2019,LWB,WV,AEA,EN,Federal Contract Tower,6,2,12,0,20,0,2,7,0,9,6,4,19,0,29,6,0,6,35
07/11/2019,LWB,WV,AEA,EN,Federal Contract Tower,4,7,22,0,33,0,0,1,0,1,4,7,23,0,34,0,0,0,34
07/12/2019,LWB,WV,AEA,EN,Federal Contract Tower,4,13,20,0,37,0,4,6,0,10,4,17,26,0,47,0,0,0,47
07/13/2019,LWB,WV,AEA,EN,Federal Contract Tower,4,4,12,0,20,0,4,8,0,12,4,8,20,0,32,0,0,0,32
07/14/2019,LWB,WV,AEA,EN,Federal Contract Tower,4,3,20,0,27,0,3,16,0,19,4,6,36,0,46,0,0,0,46
07/15/2019,LWB,WV,AEA,EN,Federal Contract Tower,4,5,18,0,27,0,2,1,0,3,4,7,19,0,30,0,0,0,30
07/16/2019,LWB,WV,AEA,EN,Federal Contract Tower,4,9,8,0,21,0,0,10,0,10,4,9,18,0,31,24,0,24,55
07/17/2019,LWB,WV,AEA,EN,Federal Contract Tower,3,4,5,0,12,0,1,3,1,5,3,5,8,1,17,0,0,0,17
07/18/2019,LWB,WV,AEA,EN,Federal Contract Tower,4,10,15,0,29,0,7,8,5,20,4,17,23,5,49,2,0,2,51
07/19/2019,LWB,WV,AEA,EN,Federal Contract Tower,4,6,17,0,27,0,2,6,0,8,4,8,23,0,35,0,0,0,35
07/20/2019,LWB,WV,AEA,EN,Federal Contract Tower,3,4,9,0,16,0,2,16,6,24,3,6,25,6,40,6,0,6,46
07/21/2019,LWB,WV,AEA,EN,Federal Contract Tower,4,12,18,0,34,0,2,8,0,10,4,14,26,0,44,0,0,0,44
07/22/2019,LWB,WV,AEA,EN,Federal Contract Tower,4,9,5,0,18,0,0,0,0,0,4,9,5,0,18,0,0,0,18
07/23/2019,LWB,WV,AEA,EN,Federal Contract Tower,6,7,16,2,31,0,0,0,2,2,6,7,16,4,33,0,0,0,33
07/24/2019,LWB,WV,AEA,EN,Federal Contract Tower,4,14,21,3,42,0,6,10,8,24,4,20,31,11,66,6,20,26,92
07/25/2019,LWB,WV,AEA,EN,Federal Contract Tower,4,10,4,0,18,0,3,31,0,34,4,13,35,0,52,16,0,16,68
07/26/2019,LWB,WV,AEA,EN,Federal Contract Tower,4,9,15,0,28,0,6,8,6,20,4,15,23,6,48,8,0,8,56
07/27/2019,LWB,WV,AEA,EN,Federal Contract Tower,5,14,16,0,35,0,4,15,2,21,5,18,31,2,56,0,0,0,56
07/28/2019,LWB,WV,AEA,EN,Federal Contract Tower,4,11,17,0,32,0,5,16,0,21,4,16,33,0,53,0,0,0,53
07/29/2019,LWB,WV,AEA,EN,Federal Contract Tower,2,8,23,4,37,0,3,10,3,16,2,11,33,7,53,0,10,10,63
07/30/2019,LWB,WV,AEA,EN,Federal Contract Tower,3,3,13,1,20,0,9,3,6,18,3,12,16,7,38,0,0,0,38
07/31/2019,LWB,WV,AEA,EN,Federal Contract Tower,4,4,12,3,23,0,0,4,2,6,4,4,16,5,29,0,20,20,49
08/01/2019,LWB,WV,AEA,EN,Federal Contract Tower,4,2,14,0,20,0,4,5,5,14,4,6,19,5,34,0,0,0,34
08/02/2019,LWB,WV,AEA,EN,Federal Contract Tower,4,4,26,0,34,0,2,12,0,14,4,6,38,0,48,10,0,10,58
08/03/2019,LWB,WV,AEA,EN,Federal Contract Tower,4,3,5,0,12,0,0,10,0,10,4,3,15,0,22,6,0,6,28
08/04/2019,LWB,WV,AEA,EN,Federal Contract Tower,4,8,24,0,36,0,6,10,0,16,4,14,34,0,52,6,0,6,58
08/05/2019,LWB,WV,AEA,EN,Federal Contract Tower,4,4,15,0,23,0,3,12,0,15,4,7,27,0,38,8,0,8,46
08/06/2019,LWB,WV,AEA,EN,Federal Contract Tower,3,10,9,4,26,0,2,10,0,12,3,12,19,4,38,16,0,16,54
08/07/2019,LWB,WV,AEA,EN,Federal Contract Tower,3,3,2,0,8,0,2,5,0,7,3,5,7,0,15,0,0,0,15
08/08/2019,LWB,WV,AEA,EN,Federal Contract Tower,5,10,8,0,23,0,2,12,0,14,5,12,20,0,37,0,0,0,37
08/09/2019,LWB,WV,AEA,EN,Federal Contract Tower,4,12,7,0,23,0,1,3,0,4,4,13,10,0,27,0,0,0,27
08/10/2019,LWB,WV,AEA,EN,Federal Contract Tower,4,7,11,0,22,0,6,9,0,15,4,13,20,0,37,6,0,6,43
08/11/2019,LWB,WV,AEA,EN,Federal Contract Tower,4,6,15,0,25,0,2,22,0,24,4,8,37,0,49,2,0,2,51
08/12/2019,LWB,WV,AEA,EN,Federal Contract Tower,3,9,17,0,29,0,10,18,0,28,3,19,35,0,57,16,0,16,73
08/13/2019,LWB,WV,AEA,EN,Federal Contract Tower,4,3,2,0,9,0,0,0,0,0,4,3,2,0,9,0,0,0,9
08/14/2019,LWB,WV,AEA,EN,Federal Contract Tower,4,11,11,0,26,0,2,9,0,11,4,13,20,0,37,8,0,8,45
08/15/2019,LWB,WV,AEA,EN,Federal Contract Tower,4,2,20,0,26,0,6,10,0,16,4,8,30,0,42,8,0,8,50
08/16/2019,LWB,WV,AEA,EN,Federal Contract Tower,6,5,6,0,17,0,0,10,0,10,6,5,16,0,27,10,0,10,37
08/17/2019,LWB,WV,AEA,EN,Federal Contract Tower,4,5,12,0,21,0,3,18,0,21,4,8,30,0,42,12,0,12,54
08/18/2019,LWB,WV,AEA,EN,Federal Contract Tower,4,3,12,0,19,0,0,18,2,20,4,3,30,2,39,22,0,22,61
08/19/2019,LWB,WV,AEA,EN,Federal Contract Tower,4,3,14,1,22,1,0,13,4,18,5,3,27,5,40,20,4,24,64
08/20/2019,LWB,WV,AEA,EN,Federal Contract Tower,4,7,5,0,16,0,3,7,0,10,4,10,12,0,26,2,0,2,28
08/21/2019,LWB,WV,AEA,EN,Federal Contract Tower,3,5,12,0,20,0,1,12,0,13,3,6,24,0,33,0,0,0,33
08/22/2019,LWB,WV,AEA,EN,Federal Contract Tower,4,5,23,0,32,0,0,16,0,16,4,5,39,0,48,36,0,36,84
08/23/2019,LWB,WV,AEA,EN,Federal Contract Tower,4,6,25,0,35,0,3,5,2,10,4,9,30,2,45,0,0,0,45
08/24/2019,LWB,WV,AEA,EN,Federal Contract Tower,6,8,26,0,40,0,4,0,0,4,6,12,26,0,44,0,0,0,44
08/25/2019,LWB,WV,AEA,EN,Federal Contract Tower,6,10,22,0,38,0,2,12,0,14,6,12,34,0,52,10,0,10,62
08/26/2019,LWB,WV,AEA,EN,Federal Contract Tower,2,2,24,0,28,0,2,5,0,7,2,4,29,0,35,0,0,0,35
08/27/2019,LWB,WV,AEA,EN,Federal Contract Tower,5,12,13,0,30,0,0,0,0,0,5,12,13,0,30,0,0,0,30
08/28/2019,LWB,WV,AEA,EN,Federal Contract Tower,4,4,32,0,40,0,6,6,0,12,4,10,38,0,52,0,0,0,52
08/29/2019,LWB,WV,AEA,EN,Federal Contract Tower,4,12,13,0,29,0,1,37,0,38,4,13,50,0,67,26,0,26,93
08/30/2019,LWB,WV,AEA,EN,Federal Contract Tower,4,15,21,0,40,0,0,18,3,21,4,15,39,3,61,25,18,43,104
08/31/2019,LWB,WV,AEA,EN,Federal Contract Tower,6,16,15,0,37,0,4,25,0,29,6,20,40,0,66,8,0,8,74
09/01/2019,LWB,WV,AEA,EN,Federal Contract Tower,6,7,13,0,26,0,2,11,0,13,6,9,24,0,39,0,0,0,39
09/02/2019,LWB,WV,AEA,EN,Federal Contract Tower,6,8,17,0,31,0,1,39,0,40,6,9,56,0,71,24,0,24,95
09/03/2019,LWB,WV,AEA,EN,Federal Contract Tower,2,5,11,0,18,0,1,39,2,42,2,6,50,2,60,6,0,6,66
09/04/2019,LWB,WV,AEA,EN,Federal Contract Tower,5,1,19,0,25,0,5,9,0,14,5,6,28,0,39,0,0,0,39
09/05/2019,LWB,WV,AEA,EN,Federal Contract Tower,4,14,15,1,34,0,7,8,5,20,4,21,23,6,54,0,0,0,54
09/06/2019,LWB,WV,AEA,EN,Federal Contract Tower,4,4,14,0,22,0,9,3,0,12,4,13,17,0,34,0,0,0,34
09/07/2019,LWB,WV,AEA,EN,Federal Contract Tower,6,6,14,0,26,0,3,7,2,12,6,9,21,2,38,0,0,0,38
09/08/2019,LWB,WV,AEA,EN,Federal Contract Tower,5,0,22,0,27,0,0,14,8,22,5,0,36,8,49,6,0,6,55
09/09/2019,LWB,WV,AEA,EN,Federal Contract Tower,4,14,12,0,30,0,7,17,0,24,4,21,29,0,54,6,0,6,60
09/10/2019,LWB,WV,AEA,EN,Federal Contract Tower,4,12,48,0,64,0,0,18,1,19,4,12,66,1,83,0,0,0,83
09/11/2019,LWB,WV,AEA,EN,Federal Contract Tower,6,9,15,1,31,0,1,10,1,12,6,10,25,2,43,0,0,0,43
09/12/2019,LWB,WV,AEA,EN,Federal Contract Tower,2,10,38,2,52,0,3,29,0,32,2,13,67,2,84,4,0,4,88
09/13/2019,LWB,WV,AEA,EN,Federal Contract Tower,4,13,36,0,53,0,0,10,0,10,4,13,46,0,63,6,0,6,69
09/14/2019,LWB,WV,AEA,EN,Federal Contract Tower,6,4,10,0,20,0,0,3,0,3,6,4,13,0,23,15,0,15,38
09/15/2019,LWB,WV,AEA,EN,Federal Contract Tower,7,20,35,2,64,0,1,11,2,14,7,21,46,4,78,0,0,0,78
09/16/2019,LWB,WV,AEA,EN,Federal Contract Tower,4,1,15,1,21,0,4,11,6,21,4,5,26,7,42,24,0,24,66
09/17/2019,LWB,WV,AEA,EN,Federal Contract Tower,4,8,14,1,27,0,4,7,1,12,4,12,21,2,39,6,0,6,45
09/18/2019,LWB,WV,AEA,EN,Federal Contract Tower,6,8,28,0,42,0,1,4,0,5,6,9,32,0,47,0,0,0,47
09/19/2019,LWB,WV,AEA,EN,Federal Contract Tower,4,5,16,0,25,0,3,5,0,8,4,8,21,0,33,6,0,6,39
09/20/2019,LWB,WV,AEA,EN,Federal Contract Tower,4,3,16,0,23,0,3,32,2,37,4,6,48,2,60,48,0,48,108
09/21/2019,LWB,WV,AEA,EN,Federal Contract Tower,6,2,13,0,21,0,0,23,3,26,6,2,36,3,47,0,0,0,47
09/22/2019,LWB,WV,AEA,EN,Federal Contract Tower,5,25,38,0,68,0,0,12,0,12,5,25,50,0,80,0,0,0,80
09/23/2019,LWB,WV,AEA,EN,Federal Contract Tower,4,0,10,0,14,0,0,5,0,5,4,0,15,0,19,6,0,6,25
09/24/2019,LWB,WV,AEA,EN,Federal Contract Tower,4,4,14,2,24,0,7,5,2,14,4,11,19,4,38,6,8,14,52
09/25/2019,LWB,WV,AEA,EN,Federal Contract Tower,4,12,25,0,41,0,0,21,2,23,4,12,46,2,64,8,0,8,72
09/26/2019,LWB,WV,AEA,EN,Federal Contract Tower,4,6,20,0,30,0,3,3,0,6,4,9,23,0,36,0,0,0,36
09/27/2019,LWB,WV,AEA,EN,Federal Contract Tower,2,5,14,0,21,0,2,12,0,14,2,7,26,0,35,6,0,6,41
09/28/2019,LWB,WV,AEA,EN,Federal Contract Tower,4,2,3,0,9,0,0,2,0,2,4,2,5,0,11,6,0,6,17
09/29/2019,LWB,WV,AEA,EN,Federal Contract Tower,6,7,11,0,24,0,0,10,0,10,6,7,21,0,34,0,0,0,34
09/30/2019,LWB,WV,AEA,EN,Federal Contract Tower,4,2,5,0,11,0,0,0,0,0,4,2,5,0,11,0,0,0,11
10/01/2019,LWB,WV,AEA,EN,Federal Contract Tower,4,11,6,0,21,0,5,12,2,19,4,16,18,2,40,8,0,8,48
10/02/2019,LWB,WV,AEA,EN,Federal Contract Tower,5,2,16,2,25,0,0,5,2,7,5,2,21,4,32,0,10,10,42
10/03/2019,LWB,WV,AEA,EN,Federal Contract Tower,4,6,16,2,28,0,2,11,8,21,4,8,27,10,49,6,6,12,61
10/04/2019,LWB,WV,AEA,EN,Federal Contract Tower,4,7,9,0,20,0,4,17,0,21,4,11,26,0,41,0,0,0,41
10/05/2019,LWB,WV,AEA,EN,Federal Contract Tower,4,4,8,0,16,0,3,2,0,5,4,7,10,0,21,0,0,0,21
10/06/2019,LWB,WV,AEA,EN,Federal Contract Tower,4,7,32,0,43,0,0,2,0,2,4,7,34,0,45,0,0,0,45
10/07/2019,LWB,WV,AEA,EN,Federal Contract Tower,4,5,6,0,15,0,0,0,0,0,4,5,6,0,15,0,0,0,15
10/08/2019,LWB,WV,AEA,EN,Federal Contract Tower,2,3,13,0,18,0,0,0,0,0,2,3,13,0,18,0,0,0,18
10/09/2019,LWB,WV,AEA,EN,Federal Contract Tower,2,5,14,1,22,0,0,10,1,11,2,5,24,2,33,20,28,48,81
10/10/2019,LWB,WV,AEA,EN,Federal Contract Tower,7,15,15,0,37,0,5,4,0,9,7,20,19,0,46,16,0,16,62
10/11/2019,LWB,WV,AEA,EN,Federal Contract Tower,6,7,15,0,28,0,5,15,2,22,6,12,30,2,50,8,0,8,58
10/12/2019,LWB,WV,AEA,EN,Federal Contract Tower,4,13,9,0,26,0,5,7,2,14,4,18,16,2,40,0,0,0,40
10/13/2019,LWB,WV,AEA,EN,Federal Contract Tower,7,17,22,0,46,0,1,7,3,11,7,18,29,3,57,0,0,0,57
10/14/2019,LWB,WV,AEA,EN,Federal Contract Tower,4,11,11,0,26,0,2,10,2,14,4,13,21,2,40,0,0,0,40
10/15/2019,LWB,WV,AEA,EN,Federal Contract Tower,2,1,4,0,7,0,0,0,0,0,2,1,4,0,7,0,0,0,7
10/16/2019,LWB,WV,AEA,EN,Federal Contract Tower,2,12,9,0,23,0,2,0,0,2,2,14,9,0,25,0,0,0,25
10/17/2019,LWB,WV,AEA,EN,Federal Contract Tower,4,8,29,0,41,0,2,3,0,5,4,10,32,0,46,0,0,0,46
10/18/2019,LWB,WV,AEA,EN,Federal Contract Tower,5,5,27,2,39,0,2,25,4,31,5,7,52,6,70,12,24,36,106
10/19/2019,LWB,WV,AEA,EN,Federal Contract Tower,4,6,12,0,22,0,5,31,2,38,4,11,43,2,60,0,0,0,60
10/20/2019,LWB,WV,AEA,EN,Federal Contract Tower,5,20,44,0,69,0,0,2,0,2,5,20,46,0,71,6,0,6,77
10/21/2019,LWB,WV,AEA,EN,Federal Contract Tower,1,6,11,0,18,0,0,0,2,2,1,6,11,2,20,0,18,18,38
10/22/2019,LWB,WV,AEA,EN,Federal Contract Tower,2,4,4,0,10,0,0,0,0,0,2,4,4,0,10,0,0,0,10
10/23/2019,LWB,WV,AEA,EN,Federal Contract Tower,4,0,11,0,15,0,2,9,3,14,4,2,20,3,29,0,2,2,31
10/24/2019,LWB,WV,AEA,EN,Federal Contract Tower,4,4,9,0,17,0,4,15,0,19,4,8,24,0,36,0,0,0,36
10/25/2019,LWB,WV,AEA,EN,Federal Contract Tower,4,2,4,4,14,0,7,0,0,7,4,9,4,4,21,0,0,0,21
10/26/2019,LWB,WV,AEA,EN,Federal Contract Tower,4,1,4,2,11,0,0,0,0,0,4,1,4,2,11,0,0,0,11
10/27/2019,LWB,WV,AEA,EN,Federal Contract Tower,4,3,14,0,21,0,1,0,0,1,4,4,14,0,22,0,0,0,22
10/28/2019,LWB,WV,AEA,EN,Federal Contract Tower,4,2,13,0,19,0,2,19,3,24,4,4,32,3,43,22,0,22,65
10/29/2019,LWB,WV,AEA,EN,Federal Contract Tower,2,7,13,0,22,0,7,7,0,14,2,14,20,0,36,8,0,8,44
10/30/2019,LWB,WV,AEA,EN,Federal Contract Tower,2,3,7,0,12,0,0,1,0,1,2,3,8,0,13,0,0,0,13
10/31/2019,LWB,WV,AEA,EN,Federal Contract Tower,3,1,5,4,13,0,0,0,0,0,3,1,5,4,13,0,0,0,13
11/01/2019,LWB,WV,AEA,EN,Federal Contract Tower,4,4,18,0,26,0,4,10,2,16,4,8,28,2,42,0,0,0,42
11/02/2019,LWB,WV,AEA,EN,Federal Contract Tower,4,0,10,0,14,0,6,10,6,22,4,6,20,6,36,0,0,0,36
11/03/2019,LWB,WV,AEA,EN,Federal Contract Tower,4,1,5,0,10,0,3,20,0,23,4,4,25,0,33,0,0,0,33
11/04/2019,LWB,WV,AEA,EN,Federal Contract Tower,4,5,8,2,19,0,1,15,2,18,4,6,23,4,37,6,20,26,63
11/05/2019,LWB,WV,AEA,EN,Federal Contract Tower,2,2,5,0,9,0,0,6,0,6,2,2,11,0,15,6,0,6,21
11/06/2019,LWB,WV,AEA,EN,Federal Contract Tower,2,1,4,0,7,0,7,9,0,16,2,8,13,0,23,16,0,16,39
11/07/2019,LWB,WV,AEA,EN,Federal Contract Tower,4,2,6,0,12,0,3,0,0,3,4,5,6,0,15,0,0,0,15
11/08/2019,LWB,WV,AEA,EN,Federal Contract Tower,4,0,8,4,16,0,0,9,2,11,4,0,17,6,27,0,0,0,27
11/09/2019,LWB,WV,AEA,EN,Federal Contract Tower,4,0,9,0,13,0,1,13,0,14,4,1,22,0,27,0,0,0,27
11/10/2019,LWB,WV,AEA,EN,Federal Contract Tower,4,4,15,0,23,0,5,6,0,11,4,9,21,0,34,0,0,0,34
11/11/2019,LWB,WV,AEA,EN,Federal Contract Tower,2,4,7,0,13,0,2,10,0,12,2,6,17,0,25,12,0,12,37
11/12/2019,LWB,WV,AEA,EN,Federal Contract Tower,3,1,1,0,5,0,0,2,0,2,3,1,3,0,7,6,0,6,13
11/13/2019,LWB,WV,AEA,EN,Federal Contract Tower,4,1,2,0,7,0,3,0,0,3,4,4,2,0,10,0,0,0,10
11/14/2019,LWB,WV,AEA,EN,Federal Contract Tower,4,0,8,2,14,0,2,4,2,8,4,2,12,4,22,0,16,16,38
11/15/2019,LWB,WV,AEA,EN,Federal Contract Tower,4,0,7,0,11,0,4,10,8,22,4,4,17,8,33,0,2,2,35
11/16/2019,LWB,WV,AEA,EN,Federal Contract Tower,4,0,5,0,9,0,0,11,0,11,4,0,16,0,20,14,0,14,34
11/17/2019,LWB,WV,AEA,EN,Federal Contract Tower,4,0,10,0,14,0,0,10,5,15,4,0,20,5,29,0,10,10,39
11/18/2019,LWB,WV,AEA,EN,Federal Contract Tower,4,3,3,0,10,0,1,2,0,3,4,4,5,0,13,16,0,16,29
11/19/2019,LWB,WV,AEA,EN,Federal Contract Tower,2,0,6,0,8,0,0,3,0,3,2,0,9,0,11,0,0,0,11
11/20/2019,LWB,WV,AEA,EN,Federal Contract Tower,2,4,7,0,13,0,2,2,0,4,2,6,9,0,17,0,0,0,17
11/21/2019,LWB,WV,AEA,EN,Federal Contract Tower,4,2,4,0,10,0,2,15,0,17,4,4,19,0,27,18,0,18,45
11/22/2019,LWB,WV,AEA,EN,Federal Contract Tower,4,3,9,0,16,0,0,1,0,1,4,3,10,0,17,0,0,0,17
11/23/2019,LWB,WV,AEA,EN,Federal Contract Tower,4,3,3,0,10,0,1,0,0,1,4,4,3,0,11,0,0,0,11
11/24/2019,LWB,WV,AEA,EN,Federal Contract Tower,4,5,13,0,22,0,2,5,0,7,4,7,18,0,29,0,0,0,29
11/25/2019,LWB,WV,AEA,EN,Federal Contract Tower,4,6,10,1,21,0,2,13,3,18,4,8,23,4,39,10,18,28,67
11/26/2019,LWB,WV,AEA,EN,Federal Contract Tower,2,8,16,0,26,0,3,8,0,11,2,11,24,0,37,0,0,0,37
11/27/2019,LWB,WV,AEA,EN,Federal Contract Tower,3,23,27,0,53,0,2,0,0,2,3,25,27,0,55,0,0,0,55
11/28/2019,LWB,WV,AEA,EN,Federal Contract Tower,4,1,1,0,6,0,0,1,0,1,4,1,2,0,7,0,0,0,7
11/29/2019,LWB,WV,AEA,EN,Federal Contract Tower,2,3,13,0,18,0,6,5,0,11,2,9,18,0,29,0,0,0,29
12/01/2019,LWB,WV,AEA,EN,Federal Contract Tower,4,28,19,0,51,0,0,0,0,0,4,28,19,0,51,0,0,0,51
12/02/2019,LWB,WV,AEA,EN,Federal Contract Tower,4,3,5,0,12,0,0,0,0,0,4,3,5,0,12,0,0,0,12
12/03/2019,LWB,WV,AEA,EN,Federal Contract Tower,2,4,2,0,8,0,0,0,0,0,2,4,2,0,8,0,0,0,8
12/04/2019,LWB,WV,AEA,EN,Federal Contract Tower,2,6,7,0,15,0,1,3,3,7,2,7,10,3,22,0,12,12,34
12/05/2019,LWB,WV,AEA,EN,Federal Contract Tower,4,0,6,0,10,0,5,6,4,15,4,5,12,4,25,0,0,0,25
12/06/2019,LWB,WV,AEA,EN,Federal Contract Tower,4,3,4,0,11,0,0,0,0,0,4,3,4,0,11,0,0,0,11
12/07/2019,LWB,WV,AEA,EN,Federal Contract Tower,4,0,10,0,14,0,1,0,2,3,4,1,10,2,17,0,0,0,17
12/08/2019,LWB,WV,AEA,EN,Federal Contract Tower,4,2,9,0,15,0,0,4,2,6,4,2,13,2,21,0,0,0,21
12/09/2019,LWB,WV,AEA,EN,Federal Contract Tower,4,1,3,0,8,0,2,0,0,2,4,3,3,0,10,0,0,0,10
12/10/2019,LWB,WV,AEA,EN,Federal Contract Tower,1,1,3,2,7,0,0,0,0,0,1,1,3,2,7,0,0,0,7
12/11/2019,LWB,WV,AEA,EN,Federal Contract Tower,2,4,8,2,16,0,1,1,10,12,2,5,9,12,28,0,10,10,38
12/13/2019,LWB,WV,AEA,EN,Federal Contract Tower,2,2,3,0,7,0,0,0,0,0,2,2,3,0,7,0,0,0,7
12/14/2019,LWB,WV,AEA,EN,Federal Contract Tower,4,0,4,0,8,0,0,0,0,0,4,0,4,0,8,0,0,0,8
12/15/2019,LWB,WV,AEA,EN,Federal Contract Tower,4,2,4,1,11,0,0,0,0,0,4,2,4,1,11,0,0,0,11
12/16/2019,LWB,WV,AEA,EN,Federal Contract Tower,4,1,8,0,13,0,0,0,0,0,4,1,8,0,13,0,0,0,13
12/17/2019,LWB,WV,AEA,EN,Federal Contract Tower,2,2,7,0,11,0,0,0,0,0,2,2,7,0,11,0,0,0,11
12/18/2019,LWB,WV,AEA,EN,Federal Contract Tower,2,0,10,0,12,0,0,3,0,3,2,0,13,0,15,0,0,0,15
12/19/2019,LWB,WV,AEA,EN,Federal Contract Tower,4,5,14,0,23,0,6,7,0,13,4,11,21,0,36,0,0,0,36
12/20/2019,LWB,WV,AEA,EN,Federal Contract Tower,8,4,16,0,28,0,7,16,0,23,8,11,32,0,51,0,0,0,51
12/21/2019,LWB,WV,AEA,EN,Federal Contract Tower,4,3,8,0,15,0,3,8,0,11,4,6,16,0,26,0,0,0,26
12/22/2019,LWB,WV,AEA,EN,Federal Contract Tower,4,4,5,0,13,0,1,8,0,9,4,5,13,0,22,0,0,0,22
12/23/2019,LWB,WV,AEA,EN,Federal Contract Tower,4,4,6,2,16,0,4,1,0,5,4,8,7,2,21,0,0,0,21
12/24/2019,LWB,WV,AEA,EN,Federal Contract Tower,2,4,12,0,18,0,0,6,0,6,2,4,18,0,24,0,0,0,24
12/25/2019,LWB,WV,AEA,EN,Federal Contract Tower,2,1,0,0,3,0,1,2,0,3,2,2,2,0,6,0,0,0,6
12/26/2019,LWB,WV,AEA,EN,Federal Contract Tower,4,3,6,0,13,0,2,13,0,15,4,5,19,0,28,10,0,10,38
12/27/2019,LWB,WV,AEA,EN,Federal Contract Tower,4,1,14,0,19,0,2,2,0,4,4,3,16,0,23,0,0,0,23
12/28/2019,LWB,WV,AEA,EN,Federal Contract Tower,2,4,14,0,20,0,0,11,0,11,2,4,25,0,31,10,0,10,41
12/29/2019,LWB,WV,AEA,EN,Federal Contract Tower,2,17,17,0,36,0,0,0,0,0,2,17,17,0,36,0,0,0,36
12/30/2019,LWB,WV,AEA,EN,Federal Contract Tower,2,1,5,0,8,0,7,1,0,8,2,8,6,0,16,0,0,0,16
12/31/2019,LWB,WV,AEA,EN,Federal Contract Tower,2,2,5,0,9,0,5,2,0,7,2,7,7,0,16,2,0,2,18
01/01/2020,LWB,WV,AEA,EN,Federal Contract Tower,2,5,12,0,19,0,2,1,0,3,2,7,13,0,22,0,0,0,22
01/02/2020,LWB,WV,AEA,EN,Federal Contract Tower,6,9,6,0,21,0,5,10,0,15,6,14,16,0,36,20,0,20,56
01/03/2020,LWB,WV,AEA,EN,Federal Contract Tower,4,2,5,0,11,0,0,0,0,0,4,2,5,0,11,0,0,0,11
01/04/2020,LWB,WV,AEA,EN,Federal Contract Tower,3,1,9,0,13,0,0,0,0,0,3,1,9,0,13,0,0,0,13
01/05/2020,LWB,WV,AEA,EN,Federal Contract Tower,4,1,2,0,7,0,0,3,0,3,4,1,5,0,10,0,0,0,10
01/06/2020,LWB,WV,AEA,EN,Federal Contract Tower,2,0,3,0,5,0,2,4,0,6,2,2,7,0,11,0,0,0,11
01/07/2020,LWB,WV,AEA,EN,Federal Contract Tower,2,0,0,0,2,0,0,0,0,0,2,0,0,0,2,0,0,0,2
01/08/2020,LWB,WV,AEA,EN,Federal Contract Tower,2,0,4,0,6,0,3,0,0,3,2,3,4,0,9,0,0,0,9
01/09/2020,LWB,WV,AEA,EN,Federal Contract Tower,2,2,4,0,8,0,0,10,3,13,2,2,14,3,21,0,0,0,21
01/10/2020,LWB,WV,AEA,EN,Federal Contract Tower,2,0,5,0,7,0,5,2,0,7,2,5,7,0,14,0,0,0,14
01/11/2020,LWB,WV,AEA,EN,Federal Contract Tower,0,0,3,0,3,0,0,0,0,0,0,0,3,0,3,0,0,0,3
01/12/2020,LWB,WV,AEA,EN,Federal Contract Tower,2,3,4,0,9,0,3,7,0,10,2,6,11,0,19,0,0,0,19
01/13/2020,LWB,WV,AEA,EN,Federal Contract Tower,2,0,2,0,4,4,13,2,0,19,6,13,4,0,23,0,0,0,23
01/14/2020,LWB,WV,AEA,EN,Federal Contract Tower,2,0,2,0,4,0,2,0,0,2,2,2,2,0,6,0,0,0,6
01/15/2020,LWB,WV,AEA,EN,Federal Contract Tower,2,0,0,0,2,0,2,0,0,2,2,2,0,0,4,0,0,0,4
01/16/2020,LWB,WV,AEA,EN,Federal Contract Tower,4,0,5,0,9,0,2,2,0,4,4,2,7,0,13,0,0,0,13
01/17/2020,LWB,WV,AEA,EN,Federal Contract Tower,2,0,7,0,9,0,4,6,2,12,2,4,13,2,21,0,0,0,21
01/18/2020,LWB,WV,AEA,EN,Federal Contract Tower,2,0,4,0,6,0,0,0,0,0,2,0,4,0,6,0,0,0,6
01/19/2020,LWB,WV,AEA,EN,Federal Contract Tower,2,0,3,0,5,0,0,3,0,3,2,0,6,0,8,0,0,0,8
01/20/2020,LWB,WV,AEA,EN,Federal Contract Tower,2,2,5,0,9,0,6,2,0,8,2,8,7,0,17,0,0,0,17
01/21/2020,LWB,WV,AEA,EN,Federal Contract Tower,2,0,3,0,5,0,3,2,1,6,2,3,5,1,11,4,0,4,15
01/22/2020,LWB,WV,AEA,EN,Federal Contract Tower,2,2,4,1,9,0,2,16,1,19,2,4,20,2,28,10,16,26,54
01/23/2020,LWB,WV,AEA,EN,Federal Contract Tower,2,0,16,0,18,0,3,5,2,10,2,3,21,2,28,0,0,0,28
01/24/2020,LWB,WV,AEA,EN,Federal Contract Tower,2,0,3,0,5,0,0,0,0,0,2,0,3,0,5,0,0,0,5
01/25/2020,LWB,WV,AEA,EN,Federal Contract Tower,2,0,3,0,5,0,0,0,0,0,2,0,3,0,5,0,0,0,5
01/26/2020,LWB,WV,AEA,EN,Federal Contract Tower,2,5,7,0,14,0,0,0,0,0,2,5,7,0,14,0,0,0,14
01/27/2020,LWB,WV,AEA,EN,Federal Contract Tower,2,0,1,0,3,0,0,2,0,2,2,0,3,0,5,6,0,6,11
01/28/2020,LWB,WV,AEA,EN,Federal Contract Tower,2,0,8,0,10,0,0,2,0,2,2,0,10,0,12,0,0,0,12
01/29/2020,LWB,WV,AEA,EN,Federal Contract Tower,2,0,4,0,6,0,5,2,0,7,2,5,6,0,13,6,0,6,19
01/30/2020,LWB,WV,AEA,EN,Federal Contract Tower,2,0,3,0,5,0,0,0,0,0,2,0,3,0,5,0,0,0,5
01/31/2020,LWB,WV,AEA,EN,Federal Contract Tower,4,0,7,2,13,0,6,0,2,8,4,6,7,4,21,0,2,2,23
02/01/2020,LWB,WV,AEA,EN,Federal Contract Tower,2,0,6,0,8,0,0,0,0,0,2,0,6,0,8,0,0,0,8
02/02/2020,LWB,WV,AEA,EN,Federal Contract Tower,2,0,5,0,7,0,2,8,0,10,2,2,13,0,17,0,0,0,17
02/03/2020,LWB,WV,AEA,EN,Federal Contract Tower,2,0,10,0,12,0,3,19,0,22,2,3,29,0,34,8,0,8,42
02/04/2020,LWB,WV,AEA,EN,Federal Contract Tower,2,0,4,2,8,0,0,0,0,0,2,0,4,2,8,0,4,4,12
02/05/2020,LWB,WV,AEA,EN,Federal Contract Tower,4,0,3,0,7,0,0,0,0,0,4,0,3,0,7,0,0,0,7
02/06/2020,LWB,WV,AEA,EN,Federal Contract Tower,2,0,0,0,2,0,0,0,0,0,2,0,0,0,2,0,0,0,2
02/07/2020,LWB,WV,AEA,EN,Federal Contract Tower,2,2,0,0,4,0,0,0,0,0,2,2,0,0,4,0,0,0,4
02/08/2020,LWB,WV,AEA,EN,Federal Contract Tower,2,3,3,0,8,0,1,4,0,5,2,4,7,0,13,0,0,0,13
02/09/2020,LWB,WV,AEA,EN,Federal Contract Tower,0,0,2,1,3,0,3,15,1,19,0,3,17,2,22,16,0,16,38
02/10/2020,LWB,WV,AEA,EN,Federal Contract Tower,2,0,1,0,3,0,0,0,0,0,2,0,1,0,3,0,0,0,3
02/11/2020,LWB,WV,AEA,EN,Federal Contract Tower,2,0,1,0,3,0,0,0,0,0,2,0,1,0,3,0,0,0,3
02/12/2020,LWB,WV,AEA,EN,Federal Contract Tower,2,2,3,0,7,0,0,0,0,0,2,2,3,0,7,0,0,0,7
02/13/2020,LWB,WV,AEA,EN,Federal Contract Tower,0,0,1,0,1,0,0,0,0,0,0,0,1,0,1,0,0,0,1
02/14/2020,LWB,WV,AEA,EN,Federal Contract Tower,4,1,7,3,15,0,5,2,2,9,4,6,9,5,24,0,0,0,24
02/15/2020,LWB,WV,AEA,EN,Federal Contract Tower,2,2,7,0,11,0,1,16,16,33,2,3,23,16,44,0,28,28,72
02/16/2020,LWB,WV,AEA,EN,Federal Contract Tower,2,0,8,0,10,0,0,0,0,0,2,0,8,0,10,0,0,0,10
02/17/2020,LWB,WV,AEA,EN,Federal Contract Tower,2,0,3,0,5,0,2,23,2,27,2,2,26,2,32,10,0,10,42
02/18/2020,LWB,WV,AEA,EN,Federal Contract Tower,2,2,3,0,7,0,0,0,0,0,2,2,3,0,7,0,0,0,7
02/19/2020,LWB,WV,AEA,EN,Federal Contract Tower,1,0,5,0,6,0,2,2,0,4,1,2,7,0,10,0,0,0,10
02/20/2020,LWB,WV,AEA,EN,Federal Contract Tower,1,2,15,0,18,0,2,0,0,2,1,4,15,0,20,0,0,0,20
02/21/2020,LWB,WV,AEA,EN,Federal Contract Tower,2,2,16,0,20,0,6,11,4,21,2,8,27,4,41,0,0,0,41
02/22/2020,LWB,WV,AEA,EN,Federal Contract Tower,2,0,14,0,16,0,2,19,11,32,2,2,33,11,48,4,0,4,52
02/23/2020,LWB,WV,AEA,EN,Federal Contract Tower,2,2,20,0,24,0,2,15,1,18,2,4,35,1,42,10,0,10,52
02/24/2020,LWB,WV,AEA,EN,Federal Contract Tower,2,2,1,0,5,0,0,0,0,0,2,2,1,0,5,0,0,0,5
02/25/2020,LWB,WV,AEA,EN,Federal Contract Tower,2,0,1,0,3,0,0,0,0,0,2,0,1,0,3,0,0,0,3
02/26/2020,LWB,WV,AEA,EN,Federal Contract Tower,4,2,5,0,11,0,4,0,0,4,4,6,5,0,15,0,0,0,15
02/27/2020,LWB,WV,AEA,EN,Federal Contract Tower,2,1,6,0,9,0,2,0,0,2,2,3,6,0,11,0,0,0,11
02/28/2020,LWB,WV,AEA,EN,Federal Contract Tower,2,0,3,0,5,0,0,2,0,2,2,0,5,0,7,0,0,0,7
02/29/2020,LWB,WV,AEA,EN,Federal Contract Tower,2,2,2,0,6,0,2,2,0,4,2,4,4,0,10,0,0,0,10
03/01/2020,LWB,WV,AEA,EN,Federal Contract Tower,2,1,7,0,10,0,2,8,1,11,2,3,15,1,21,0,0,0,21
03/02/2020,LWB,WV,AEA,EN,Federal Contract Tower,2,0,0,0,2,0,0,1,0,1,2,0,1,0,3,0,0,0,3
03/03/2020,LWB,WV,AEA,EN,Federal Contract Tower,2,0,3,0,5,0,0,0,0,0,2,0,3,0,5,0,0,0,5
03/04/2020,LWB,WV,AEA,EN,Federal Contract Tower,2,0,7,0,9,0,2,4,2,8,2,2,11,2,17,0,16,16,33
03/05/2020,LWB,WV,AEA,EN,Federal Contract Tower,6,0,12,0,18,0,4,9,2,15,6,4,21,2,33,18,4,22,55
03/06/2020,LWB,WV,AEA,EN,Federal Contract Tower,2,3,7,0,12,0,0,0,0,0,2,3,7,0,12,0,0,0,12
03/07/2020,LWB,WV,AEA,EN,Federal Contract Tower,2,1,7,0,10,0,8,2,0,10,2,9,9,0,20,0,0,0,20
03/08/2020,LWB,WV,AEA,EN,Federal Contract Tower,3,4,12,0,19,0,4,18,0,22,3,8,30,0,41,6,0,6,47
03/09/2020,LWB,WV,AEA,EN,Federal Contract Tower,3,0,13,1,17,0,2,12,3,17,3,2,25,4,34,0,10,10,44
03/10/2020,LWB,WV,AEA,EN,Federal Contract Tower,2,2,2,0,6,0,0,0,0,0,2,2,2,0,6,0,0,0,6
03/11/2020,LWB,WV,AEA,EN,Federal Contract Tower,2,0,4,0,6,0,3,4,2,9,2,3,8,2,15,2,0,2,17
03/12/2020,LWB,WV,AEA,EN,Federal Contract Tower,3,0,5,0,8,0,3,9,2,14,3,3,14,2,22,6,0,6,28
03/13/2020,LWB,WV,AEA,EN,Federal Contract Tower,3,3,6,2,14,0,2,2,0,4,3,5,8,2,18,0,0,0,18
03/14/2020,LWB,WV,AEA,EN,Federal Contract Tower,2,0,5,0,7,0,1,9,0,10,2,1,14,0,17,0,0,0,17
03/15/2020,LWB,WV,AEA,EN,Federal Contract Tower,3,0,7,0,10,0,0,0,0,0,3,0,7,0,10,0,0,0,10
03/16/2020,LWB,WV,AEA,EN,Federal Contract Tower,3,0,2,0,5,0,0,0,0,0,3,0,2,0,5,0,0,0,5
03/17/2020,LWB,WV,AEA,EN,Federal Contract Tower,2,0,2,0,4,0,0,0,0,0,2,0,2,0,4,0,0,0,4
03/18/2020,LWB,WV,AEA,EN,Federal Contract Tower,2,2,0,0,4,0,0,0,0,0,2,2,0,0,4,0,0,0,4
03/19/2020,LWB,WV,AEA,EN,Federal Contract Tower,5,2,1,0,8,0,0,2,0,2,5,2,3,0,10,0,0,0,10
03/20/2020,LWB,WV,AEA,EN,Federal Contract Tower,2,0,4,0,6,0,0,0,0,0,2,0,4,0,6,0,0,0,6
03/21/2020,LWB,WV,AEA,EN,Federal Contract Tower,0,0,6,0,6,0,0,2,2,4,0,0,8,2,10,0,0,0,10
03/22/2020,LWB,WV,AEA,EN,Federal Contract Tower,0,1,3,0,4,0,2,16,7,25,0,3,19,7,29,0,0,0,29
03/23/2020,LWB,WV,AEA,EN,Federal Contract Tower,0,0,3,0,3,0,0,2,0,2,0,0,5,0,5,0,0,0,5
03/24/2020,LWB,WV,AEA,EN,Federal Contract Tower,2,0,1,0,3,0,0,2,4,6,2,0,3,4,9,4,0,4,13
03/25/2020,LWB,WV,AEA,EN,Federal Contract Tower,2,0,3,0,5,0,1,1,0,2,2,1,4,0,7,0,0,0,7
03/26/2020,LWB,WV,AEA,EN,Federal Contract Tower,3,0,4,0,7,0,0,15,2,17,3,0,19,2,24,22,0,22,46
03/27/2020,LWB,WV,AEA,EN,Federal Contract Tower,3,0,3,0,6,0,8,4,0,12,3,8,7,0,18,0,0,0,18
03/28/2020,LWB,WV,AEA,EN,Federal Contract Tower,2,0,1,0,3,0,1,2,0,3,2,1,3,0,6,0,0,0,6
03/29/2020,LWB,WV,AEA,EN,Federal Contract Tower,4,0,2,0,6,0,0,0,0,0,4,0,2,0,6,0,0,0,6
03/30/2020,LWB,WV,AEA,EN,Federal Contract Tower,4,0,0,0,4,0,1,0,2,3,4,1,0,2,7,0,0,0,7
03/31/2020,LWB,WV,AEA,EN,Federal Contract Tower,2,0,2,0,4,0,0,1,2,3,2,0,3,2,7,0,2,2,9
04/01/2020,LWB,WV,AEA,EN,Federal Contract Tower,4,0,0,0,4,0,0,0,0,0,4,0,0,0,4,0,0,0,4
04/02/2020,LWB,WV,AEA,EN,Federal Contract Tower,4,0,0,2,6,0,6,2,4,12,4,6,2,6,18,0,0,0,18
04/03/2020,LWB,WV,AEA,EN,Federal Contract Tower,4,0,2,0,6,0,6,4,2,12,4,6,6,2,18,0,0,0,18
04/04/2020,LWB,WV,AEA,EN,Federal Contract Tower,4,0,7,0,11,0,6,11,0,17,4,6,18,0,28,0,0,0,28
04/05/2020,LWB,WV,AEA,EN,Federal Contract Tower,4,0,2,0,6,0,1,10,0,11,4,1,12,0,17,10,0,10,27
04/06/2020,LWB,WV,AEA,EN,Federal Contract Tower,4,0,1,0,5,0,0,0,2,2,4,0,1,2,7,0,0,0,7
04/07/2020,LWB,WV,AEA,EN,Federal Contract Tower,2,0,1,0,3,0,1,0,0,1,2,1,1,0,4,0,0,0,4
04/08/2020,LWB,WV,AEA,EN,Federal Contract Tower,2,0,2,0,4,0,0,0,0,0,2,0,2,0,4,0,0,0,4
04/09/2020,LWB,WV,AEA,EN,Federal Contract Tower,4,0,4,0,8,0,4,4,0,8,4,4,8,0,16,0,0,0,16
04/10/2020,LWB,WV,AEA,EN,Federal Contract Tower,4,0,3,0,7,0,4,0,0,4,4,4,3,0,11,0,0,0,11
04/11/2020,LWB,WV,AEA,EN,Federal Contract Tower,4,0,2,0,6,0,10,5,0,15,4,10,7,0,21,10,0,10,31
04/12/2020,LWB,WV,AEA,EN,Federal Contract Tower,4,0,0,0,4,0,0,2,0,2,4,0,2,0,6,0,0,0,6
04/13/2020,LWB,WV,AEA,EN,Federal Contract Tower,4,0,0,0,4,0,0,0,0,0,4,0,0,0,4,0,0,0,4
04/14/2020,LWB,WV,AEA,EN,Federal Contract Tower,2,0,1,0,3,0,1,7,0,8,2,1,8,0,11,2,0,2,13
04/15/2020,LWB,WV,AEA,EN,Federal Contract Tower,2,0,1,2,5,0,1,2,0,3,2,1,3,2,8,0,0,0,8
04/16/2020,LWB,WV,AEA,EN,Federal Contract Tower,5,0,3,0,8,0,0,10,0,10,5,0,13,0,18,0,0,0,18
04/17/2020,LWB,WV,AEA,EN,Federal Contract Tower,4,0,0,0,4,0,2,3,0,5,4,2,3,0,9,0,0,0,9
04/18/2020,LWB,WV,AEA,EN,Federal Contract Tower,4,0,2,0,6,0,0,0,0,0,4,0,2,0,6,0,0,0,6
04/19/2020,LWB,WV,AEA,EN,Federal Contract Tower,4,0,0,0,4,0,10,12,0,22,4,10,12,0,26,6,0,6,32
04/20/2020,LWB,WV,AEA,EN,Federal Contract Tower,4,0,7,0,11,0,5,7,0,12,4,5,14,0,23,0,0,0,23
04/21/2020,LWB,WV,AEA,EN,Federal Contract Tower,2,0,0,0,2,0,2,0,0,2,2,2,0,0,4,0,0,0,4
04/22/2020,LWB,WV,AEA,EN,Federal Contract Tower,2,0,4,0,6,0,6,4,0,10,2,6,8,0,16,0,0,0,16
04/23/2020,LWB,WV,AEA,EN,Federal Contract Tower,6,1,0,0,7,0,0,0,0,0,6,1,0,0,7,0,0,0,7
04/24/2020,LWB,WV,AEA,EN,Federal Contract Tower,4,1,3,0,8,0,0,0,0,0,4,1,3,0,8,0,0,0,8
04/25/2020,LWB,WV,AEA,EN,Federal Contract Tower,4,0,4,0,8,0,0,0,0,0,4,0,4,0,8,0,0,0,8
04/26/2020,LWB,WV,AEA,EN,Federal Contract Tower,4,0,1,0,5,0,2,0,0,2,4,2,1,0,7,10,0,10,17
04/27/2020,LWB,WV,AEA,EN,Federal Contract Tower,4,0,0,0,4,0,2,4,0,6,4,2,4,0,10,0,0,0,10
04/28/2020,LWB,WV,AEA,EN,Federal Contract Tower,2,0,1,0,3,0,0,1,2,3,2,0,2,2,6,0,0,0,6
04/29/2020,LWB,WV,AEA,EN,Federal Contract Tower,2,0,0,0,2,0,0,0,2,2,2,0,0,2,4,0,0,0,4
04/30/2020,LWB,WV,AEA,EN,Federal Contract Tower,2,0,5,0,7,0,2,0,0,2,2,2,5,0,9,0,0,0,9
05/01/2020,LWB,WV,AEA,EN,Federal Contract Tower,2,0,2,0,4,0,0,2,0,2,2,0,4,0,6,0,0,0,6
05/02/2020,LWB,WV,AEA,EN,Federal Contract Tower,2,0,2,0,4,0,1,18,0,19,2,1,20,0,23,6,0,6,29
05/03/2020,LWB,WV,AEA,EN,Federal Contract Tower,2,0,1,0,3,0,3,1,0,4,2,3,2,0,7,0,0,0,7
05/04/2020,LWB,WV,AEA,EN,Federal Contract Tower,2,0,3,0,5,0,2,7,0,9,2,2,10,0,14,0,0,0,14
05/05/2020,LWB,WV,AEA,EN,Federal Contract Tower,2,0,0,0,2,0,0,2,0,2,2,0,2,0,4,4,0,4,8
05/06/2020,LWB,WV,AEA,EN,Federal Contract Tower,4,2,3,0,9,0,0,0,0,0,4,2,3,0,9,0,0,0,9
05/07/2020,LWB,WV,AEA,EN,Federal Contract Tower,2,0,2,0,4,0,4,6,0,10,2,4,8,0,14,10,0,10,24
05/08/2020,LWB,WV,AEA,EN,Federal Contract Tower,2,0,1,0,3,0,0,0,0,0,2,0,1,0,3,0,0,0,3
05/09/2020,LWB,WV,AEA,EN,Federal Contract Tower,2,2,4,0,8,0,1,1,0,2,2,3,5,0,10,0,0,0,10
05/10/2020,LWB,WV,AEA,EN,Federal Contract Tower,2,0,0,0,2,0,2,4,0,6,2,2,4,0,8,0,0,0,8
05/11/2020,LWB,WV,AEA,EN,Federal Contract Tower,2,0,0,0,2,0,3,0,0,3,2,3,0,0,5,0,0,0,5
05/12/2020,LWB,WV,AEA,EN,Federal Contract Tower,2,0,1,0,3,0,0,2,2,4,2,0,3,2,7,0,0,0,7
05/13/2020,LWB,WV,AEA,EN,Federal Contract Tower,2,0,2,0,4,0,0,9,2,11,2,0,11,2,15,10,0,10,25
05/14/2020,LWB,WV,AEA,EN,Federal Contract Tower,2,0,3,0,5,0,0,4,0,4,2,0,7,0,9,0,0,0,9
05/15/2020,LWB,WV,AEA,EN,Federal Contract Tower,2,0,2,2,6,0,2,5,0,7,2,2,7,2,13,0,0,0,13
05/16/2020,LWB,WV,AEA,EN,Federal Contract Tower,2,0,2,0,4,0,2,12,0,14,2,2,14,0,18,22,0,22,40
05/17/2020,LWB,WV,AEA,EN,Federal Contract Tower,2,1,3,0,6,0,0,0,0,0,2,1,3,0,6,0,0,0,6
05/18/2020,LWB,WV,AEA,EN,Federal Contract Tower,2,3,2,0,7,0,2,2,0,4,2,5,4,0,11,0,0,0,11
05/19/2020,LWB,WV,AEA,EN,Federal Contract Tower,2,0,0,0,2,0,0,0,0,0,2,0,0,0,2,0,0,0,2
05/20/2020,LWB,WV,AEA,EN,Federal Contract Tower,2,2,3,0,7,0,0,0,0,0,2,2,3,0,7,0,0,0,7
05/21/2020,LWB,WV,AEA,EN,Federal Contract Tower,2,0,6,0,8,0,4,0,0,4,2,4,6,0,12,10,0,10,22
05/22/2020,LWB,WV,AEA,EN,Federal Contract Tower,4,2,8,0,14,0,2,5,0,7,4,4,13,0,21,0,0,0,21
05/23/2020,LWB,WV,AEA,EN,Federal Contract Tower,2,4,2,0,8,0,5,9,0,14,2,9,11,0,22,0,0,0,22
05/24/2020,LWB,WV,AEA,EN,Federal Contract Tower,3,1,3,0,7,0,4,6,0,10,3,5,9,0,17,0,0,0,17
05/25/2020,LWB,WV,AEA,EN,Federal Contract Tower,2,2,7,0,11,0,0,2,0,2,2,2,9,0,13,0,0,0,13
05/26/2020,LWB,WV,AEA,EN,Federal Contract Tower,2,1,5,0,8,0,3,2,0,5,2,4,7,0,13,0,0,0,13
05/27/2020,LWB,WV,AEA,EN,Federal Contract Tower,2,0,8,0,10,0,0,0,0,0,2,0,8,0,10,0,0,0,10
05/28/2020,LWB,WV,AEA,EN,Federal Contract Tower,2,7,3,0,12,0,0,2,0,2,2,7,5,0,14,0,0,0,14
05/29/2020,LWB,WV,AEA,EN,Federal Contract Tower,2,2,0,0,4,0,2,7,0,9,2,4,7,0,13,14,0,14,27
05/30/2020,LWB,WV,AEA,EN,Federal Contract Tower,2,1,10,0,13,0,1,21,2,24,2,2,31,2,37,10,0,10,47
05/31/2020,LWB,WV,AEA,EN,Federal Contract Tower,1,2,10,0,13,0,3,24,0,27,1,5,34,0,40,0,0,0,40
06/01/2020,LWB,WV,AEA,EN,Federal Contract Tower,2,2,8,0,12,0,2,15,0,17,2,4,23,0,29,4,8,12,41
06/02/2020,LWB,WV,AEA,EN,Federal Contract Tower,2,1,3,0,6,0,4,4,0,8,2,5,7,0,14,0,0,0,14
06/03/2020,LWB,WV,AEA,EN,Federal Contract Tower,2,1,9,0,12,0,2,4,0,6,2,3,13,0,18,0,0,0,18
06/04/2020,LWB,WV,AEA,EN,Federal Contract Tower,2,1,6,2,11,0,1,6,10,17,2,2,12,12,28,2,10,12,40
06/05/2020,LWB,WV,AEA,EN,Federal Contract Tower,4,1,4,0,9,0,0,0,2,2,4,1,4,2,11,0,0,0,11
06/06/2020,LWB,WV,AEA,EN,Federal Contract Tower,1,0,4,0,5,0,5,3,0,8,1,5,7,0,13,0,0,0,13
06/07/2020,LWB,WV,AEA,EN,Federal Contract Tower,3,3,6,0,12,0,7,14,1,22,3,10,20,1,34,0,0,0,34
06/08/2020,LWB,WV,AEA,EN,Federal Contract Tower,2,1,9,0,12,0,1,13,5,19,2,2,22,5,31,12,0,12,43
06/09/2020,LWB,WV,AEA,EN,Federal Contract Tower,2,1,8,0,11,0,2,9,0,11,2,3,17,0,22,6,0,6,28
06/10/2020,LWB,WV,AEA,EN,Federal Contract Tower,2,4,4,0,10,0,12,0,0,12,2,16,4,0,22,0,0,0,22
06/11/2020,LWB,WV,AEA,EN,Federal Contract Tower,2,7,6,0,15,0,0,3,0,3,2,7,9,0,18,0,0,0,18
06/12/2020,LWB,WV,AEA,EN,Federal Contract Tower,2,8,26,0,36,0,2,25,0,27,2,10,51,0,63,0,0,0,63
06/13/2020,LWB,WV,AEA,EN,Federal Contract Tower,2,5,9,0,16,0,4,17,0,21,2,9,26,0,37,0,0,0,37
06/14/2020,LWB,WV,AEA,EN,Federal Contract Tower,2,7,16,0,25,0,2,0,0,2,2,9,16,0,27,0,0,0,27
06/15/2020,LWB,WV,AEA,EN,Federal Contract Tower,2,5,12,0,19,0,3,1,0,4,2,8,13,0,23,0,0,0,23
06/16/2020,LWB,WV,AEA,EN,Federal Contract Tower,2,7,8,0,17,0,1,0,0,1,2,8,8,0,18,0,0,0,18
06/17/2020,LWB,WV,AEA,EN,Federal Contract Tower,2,4,5,0,11,0,2,0,0,2,2,6,5,0,13,2,0,2,15
06/18/2020,LWB,WV,AEA,EN,Federal Contract Tower,2,5,2,0,9,0,0,0,0,0,2,5,2,0,9,0,0,0,9
06/19/2020,LWB,WV,AEA,EN,Federal Contract Tower,2,0,7,0,9,0,4,8,0,12,2,4,15,0,21,0,0,0,21
06/20/2020,LWB,WV,AEA,EN,Federal Contract Tower,2,0,8,0,10,0,0,5,0,5,2,0,13,0,15,0,0,0,15
06/21/2020,LWB,WV,AEA,EN,Federal Contract Tower,2,8,5,0,15,0,0,2,0,2,2,8,7,0,17,0,0,0,17
06/22/2020,LWB,WV,AEA,EN,Federal Contract Tower,2,3,4,0,9,0,2,6,0,8,2,5,10,0,17,6,0,6,23
06/23/2020,LWB,WV,AEA,EN,Federal Contract Tower,4,7,11,0,22,0,0,3,1,4,4,7,14,1,26,0,0,0,26
06/24/2020,LWB,WV,AEA,EN,Federal Contract Tower,2,5,8,0,15,0,1,19,0,20,2,6,27,0,35,10,0,10,45
06/25/2020,LWB,WV,AEA,EN,Federal Contract Tower,2,1,15,0,18,0,3,6,0,9,2,4,21,0,27,6,0,6,33
06/26/2020,LWB,WV,AEA,EN,Federal Contract Tower,2,4,13,0,19,0,3,8,2,13,2,7,21,2,32,8,2,10,42
06/27/2020,LWB,WV,AEA,EN,Federal Contract Tower,2,8,11,0,21,0,6,3,4,13,2,14,14,4,34,0,0,0,34
06/28/2020,LWB,WV,AEA,EN,Federal Contract Tower,2,3,8,0,13,0,0,1,0,1,2,3,9,0,14,0,0,0,14
06/29/2020,LWB,WV,AEA,EN,Federal Contract Tower,2,6,11,0,19,0,0,1,1,2,2,6,12,1,21,0,0,0,21
06/30/2020,LWB,WV,AEA,EN,Federal Contract Tower,2,10,13,0,25,0,5,10,0,15,2,15,23,0,40,18,0,18,58
07/01/2020,LWB,WV,AEA,EN,Federal Contract Tower,2,2,12,0,16,0,1,6,0,7,2,3,18,0,23,0,0,0,23
07/02/2020,LWB,WV,AEA,EN,Federal Contract Tower,2,3,8,0,13,0,8,17,1,26,2,11,25,1,39,6,0,6,45
07/03/2020,LWB,WV,AEA,EN,Federal Contract Tower,2,6,7,0,15,0,5,14,0,19,2,11,21,0,34,6,0,6,40
07/04/2020,LWB,WV,AEA,EN,Federal Contract Tower,2,7,1,0,10,0,1,7,0,8,2,8,8,0,18,0,0,0,18
07/05/2020,LWB,WV,AEA,EN,Federal Contract Tower,2,9,19,0,30,0,0,11,0,11,2,9,30,0,41,0,0,0,41
07/06/2020,LWB,WV,AEA,EN,Federal Contract Tower,3,5,5,0,13,0,5,1,2,8,3,10,6,2,21,0,0,0,21
07/07/2020,LWB,WV,AEA,EN,Federal Contract Tower,4,4,9,0,17,0,3,5,0,8,4,7,14,0,25,0,0,0,25
07/08/2020,LWB,WV,AEA,EN,Federal Contract Tower,6,1,15,0,22,0,1,4,0,5,6,2,19,0,27,10,0,10,37
07/09/2020,LWB,WV,AEA,EN,Federal Contract Tower,2,4,20,0,26,0,4,10,2,16,2,8,30,2,42,0,0,0,42
07/10/2020,LWB,WV,AEA,EN,Federal Contract Tower,2,6,11,0,19,0,2,16,0,18,2,8,27,0,37,14,0,14,51
07/11/2020,LWB,WV,AEA,EN,Federal Contract Tower,3,4,10,0,17,0,1,1,0,2,3,5,11,0,19,0,0,0,19
07/12/2020,LWB,WV,AEA,EN,Federal Contract Tower,2,5,10,0,17,0,4,4,0,8,2,9,14,0,25,0,0,0,25
07/13/2020,LWB,WV,AEA,EN,Federal Contract Tower,3,1,4,0,8,0,3,5,2,10,3,4,9,2,18,10,0,10,28
07/14/2020,LWB,WV,AEA,EN,Federal Contract Tower,2,2,4,0,8,0,2,25,0,27,2,4,29,0,35,0,0,0,35
07/15/2020,LWB,WV,AEA,EN,Federal Contract Tower,2,7,6,0,15,0,1,11,0,12,2,8,17,0,27,4,0,4,31
07/16/2020,LWB,WV,AEA,EN,Federal Contract Tower,5,3,9,0,17,0,4,3,0,7,5,7,12,0,24,14,0,14,38
07/17/2020,LWB,WV,AEA,EN,Federal Contract Tower,3,2,9,0,14,0,3,12,0,15,3,5,21,0,29,10,0,10,39
07/18/2020,LWB,WV,AEA,EN,Federal Contract Tower,3,7,10,0,20,1,1,25,0,27,4,8,35,0,47,14,0,14,61
07/19/2020,LWB,WV,AEA,EN,Federal Contract Tower,3,9,13,0,25,0,0,9,0,9,3,9,22,0,34,8,0,8,42
07/20/2020,LWB,WV,AEA,EN,Federal Contract Tower,2,8,9,0,19,0,5,9,0,14,2,13,18,0,33,0,0,0,33
07/21/2020,LWB,WV,AEA,EN,Federal Contract Tower,1,4,12,0,17,0,0,10,2,12,1,4,22,2,29,16,7,23,52
07/22/2020,LWB,WV,AEA,EN,Federal Contract Tower,5,6,3,2,16,0,4,7,7,18,5,10,10,9,34,0,14,14,48
07/23/2020,LWB,WV,AEA,EN,Federal Contract Tower,5,7,11,0,23,0,0,3,0,3,5,7,14,0,26,0,0,0,26
07/24/2020,LWB,WV,AEA,EN,Federal Contract Tower,3,6,18,0,27,0,2,12,0,14,3,8,30,0,41,22,0,22,63
07/25/2020,LWB,WV,AEA,EN,Federal Contract Tower,4,2,4,0,10,0,4,25,1,30,4,6,29,1,40,15,0,15,55
07/26/2020,LWB,WV,AEA,EN,Federal Contract Tower,3,9,12,0,24,0,3,6,0,9,3,12,18,0,33,0,0,0,33
07/27/2020,LWB,WV,AEA,EN,Federal Contract Tower,3,4,8,0,15,0,14,6,2,22,3,18,14,2,37,7,0,7,44
07/28/2020,LWB,WV,AEA,EN,Federal Contract Tower,3,3,12,0,18,0,5,9,2,16,3,8,21,2,34,14,0,14,48
07/29/2020,LWB,WV,AEA,EN,Federal Contract Tower,3,8,15,0,26,0,3,12,6,21,3,11,27,6,47,18,0,18,65
07/30/2020,LWB,WV,AEA,EN,Federal Contract Tower,3,2,6,0,11,0,0,5,0,5,3,2,11,0,16,6,0,6,22
07/31/2020,LWB,WV,AEA,EN,Federal Contract Tower,3,5,15,0,23,0,2,1,0,3,3,7,16,0,26,0,0,0,26
08/01/2020,LWB,WV,AEA,EN,Federal Contract Tower,2,3,6,1,12,0,0,6,1,7,2,3,12,2,19,0,0,0,19
08/02/2020,LWB,WV,AEA,EN,Federal Contract Tower,4,4,21,0,29,0,5,0,0,5,4,9,21,0,34,0,0,0,34
08/03/2020,LWB,WV,AEA,EN,Federal Contract Tower,4,7,7,0,18,0,0,0,0,0,4,7,7,0,18,0,0,0,18
08/04/2020,LWB,WV,AEA,EN,Federal Contract Tower,3,2,3,0,8,0,2,6,0,8,3,4,9,0,16,16,0,16,32
08/05/2020,LWB,WV,AEA,EN,Federal Contract Tower,4,6,14,0,24,0,1,5,0,6,4,7,19,0,30,16,0,16,46
08/06/2020,LWB,WV,AEA,EN,Federal Contract Tower,4,2,5,0,11,0,2,1,0,3,4,4,6,0,14,0,0,0,14
08/07/2020,LWB,WV,AEA,EN,Federal Contract Tower,6,4,15,0,25,0,5,3,0,8,6,9,18,0,33,4,0,4,37
08/08/2020,LWB,WV,AEA,EN,Federal Contract Tower,6,7,8,0,21,0,2,10,2,14,6,9,18,2,35,14,0,14,49
08/09/2020,LWB,WV,AEA,EN,Federal Contract Tower,6,7,18,0,31,0,6,5,2,13,6,13,23,2,44,0,20,20,64
08/10/2020,LWB,WV,AEA,EN,Federal Contract Tower,4,5,10,0,19,0,2,20,1,23,4,7,30,1,42,16,16,32,74
08/11/2020,LWB,WV,AEA,EN,Federal Contract Tower,3,1,4,0,8,0,3,10,4,17,3,4,14,4,25,50,64,114,139
08/12/2020,LWB,WV,AEA,EN,Federal Contract Tower,5,6,5,0,16,0,2,13,0,15,5,8,18,0,31,20,0,20,51
08/13/2020,LWB,WV,AEA,EN,Federal Contract Tower,6,8,8,0,22,0,2,2,0,4,6,10,10,0,26,0,0,0,26
08/14/2020,LWB,WV,AEA,EN,Federal Contract Tower,4,11,15,2,32,0,0,3,0,3,4,11,18,2,35,0,0,0,35
08/15/2020,LWB,WV,AEA,EN,Federal Contract Tower,5,3,19,4,31,0,0,0,0,0,5,3,19,4,31,0,0,0,31
08/16/2020,LWB,WV,AEA,EN,Federal Contract Tower,6,17,13,0,36,0,0,1,0,1,6,17,14,0,37,0,0,0,37
08/17/2020,LWB,WV,AEA,EN,Federal Contract Tower,4,8,11,0,23,0,0,8,3,11,4,8,19,3,34,20,0,20,54
08/18/2020,LWB,WV,AEA,EN,Federal Contract Tower,4,7,14,0,25,0,4,5,0,9,4,11,19,0,34,20,0,20,54
08/19/2020,LWB,WV,AEA,EN,Federal Contract Tower,4,5,6,0,15,0,2,10,0,12,4,7,16,0,27,28,0,28,55
08/20/2020,LWB,WV,AEA,EN,Federal Contract Tower,6,9,12,0,27,0,4,11,0,15,6,13,23,0,42,10,0,10,52
08/21/2020,LWB,WV,AEA,EN,Federal Contract Tower,4,7,8,2,21,0,0,3,2,5,4,7,11,4,26,6,0,6,32
08/22/2020,LWB,WV,AEA,EN,Federal Contract Tower,6,3,6,0,15,0,5,4,0,9,6,8,10,0,24,14,0,14,38
08/23/2020,LWB,WV,AEA,EN,Federal Contract Tower,6,1,23,0,30,0,7,1,0,8,6,8,24,0,38,0,0,0,38
08/24/2020,LWB,WV,AEA,EN,Federal Contract Tower,3,3,4,0,10,0,1,2,1,4,3,4,6,1,14,0,0,0,14
08/25/2020,LWB,WV,AEA,EN,Federal Contract Tower,4,6,12,0,22,0,4,6,2,12,4,10,18,2,34,12,0,12,46
08/26/2020,LWB,WV,AEA,EN,Federal Contract Tower,4,6,13,0,23,0,3,24,0,27,4,9,37,0,50,6,0,6,56
08/27/2020,LWB,WV,AEA,EN,Federal Contract Tower,4,0,6,0,10,0,0,4,4,8,4,0,10,4,18,0,0,0,18
08/28/2020,LWB,WV,AEA,EN,Federal Contract Tower,6,4,16,0,26,0,4,70,0,74,6,8,86,0,100,10,0,10,110
08/29/2020,LWB,WV,AEA,EN,Federal Contract Tower,6,6,2,0,14,1,0,0,0,1,7,6,2,0,15,0,0,0,15
08/30/2020,LWB,WV,AEA,EN,Federal Contract Tower,6,4,10,0,20,0,4,15,0,19,6,8,25,0,39,4,0,4,43
08/31/2020,LWB,WV,AEA,EN,Federal Contract Tower,4,3,5,0,12,0,2,0,0,2,4,5,5,0,14,6,0,6,20
09/01/2020,LWB,WV,AEA,EN,Federal Contract Tower,4,1,5,0,10,0,1,2,0,3,4,2,7,0,13,10,0,10,23
09/02/2020,LWB,WV,AEA,EN,Federal Contract Tower,4,4,3,0,11,0,2,1,0,3,4,6,4,0,14,0,0,0,14
09/03/2020,LWB,WV,AEA,EN,Federal Contract Tower,4,3,17,2,26,0,0,1,0,1,4,3,18,2,27,0,0,0,27
09/04/2020,LWB,WV,AEA,EN,Federal Contract Tower,4,3,25,0,32,0,0,14,0,14,4,3,39,0,46,10,0,10,56
09/05/2020,LWB,WV,AEA,EN,Federal Contract Tower,3,3,10,0,16,0,4,29,3,36,3,7,39,3,52,34,0,34,86
09/06/2020,LWB,WV,AEA,EN,Federal Contract Tower,5,0,7,0,12,0,3,26,0,29,5,3,33,0,41,0,0,0,41
09/07/2020,LWB,WV,AEA,EN,Federal Contract Tower,5,15,23,0,43,0,3,28,1,32,5,18,51,1,75,14,0,14,89
09/08/2020,LWB,WV,AEA,EN,Federal Contract Tower,4,9,7,0,20,0,3,10,2,15,4,12,17,2,35,22,0,22,57
09/09/2020,LWB,WV,AEA,EN,Federal Contract Tower,6,2,8,0,16,0,2,10,7,19,6,4,18,7,35,6,0,6,41
09/10/2020,LWB,WV,AEA,EN,Federal Contract Tower,4,4,10,0,18,0,2,1,0,3,4,6,11,0,21,0,0,0,21
09/11/2020,LWB,WV,AEA,EN,Federal Contract Tower,4,10,12,0,26,0,0,4,2,6,4,10,16,2,32,18,0,18,50
09/12/2020,LWB,WV,AEA,EN,Federal Contract Tower,6,3,14,0,23,0,0,6,0,6,6,3,20,0,29,24,0,24,53
09/13/2020,LWB,WV,AEA,EN,Federal Contract Tower,6,7,15,0,28,0,0,0,0,0,6,7,15,0,28,10,0,10,38
09/14/2020,LWB,WV,AEA,EN,Federal Contract Tower,4,4,7,0,15,0,6,14,4,24,4,10,21,4,39,28,0,28,67
09/15/2020,LWB,WV,AEA,EN,Federal Contract Tower,2,2,11,0,15,0,2,3,0,5,2,4,14,0,20,12,0,12,32
09/16/2020,LWB,WV,AEA,EN,Federal Contract Tower,4,3,3,0,10,0,0,15,2,17,4,3,18,2,27,26,0,26,53
09/17/2020,LWB,WV,AEA,EN,Federal Contract Tower,4,9,9,0,22,0,0,0,0,0,4,9,9,0,22,0,0,0,22
09/18/2020,LWB,WV,AEA,EN,Federal Contract Tower,4,6,13,1,24,0,7,10,0,17,4,13,23,1,41,10,0,10,51
09/19/2020,LWB,WV,AEA,EN,Federal Contract Tower,6,0,6,4,16,0,2,23,0,25,6,2,29,4,41,20,0,20,61
09/20/2020,LWB,WV,AEA,EN,Federal Contract Tower,6,14,15,3,38,0,0,19,0,19,6,14,34,3,57,0,0,0,57
09/21/2020,LWB,WV,AEA,EN,Federal Contract Tower,6,3,5,0,14,0,3,20,3,26,6,6,25,3,40,22,4,26,66
09/22/2020,LWB,WV,AEA,EN,Federal Contract Tower,4,6,11,2,23,0,2,9,0,11,4,8,20,2,34,16,0,16,50
09/23/2020,LWB,WV,AEA,EN,Federal Contract Tower,5,9,9,0,23,0,4,13,0,17,5,13,22,0,40,12,0,12,52
09/24/2020,LWB,WV,AEA,EN,Federal Contract Tower,4,10,19,0,33,0,8,3,0,11,4,18,22,0,44,0,0,0,44
09/25/2020,LWB,WV,AEA,EN,Federal Contract Tower,4,10,18,0,32,0,0,0,0,0,4,10,18,0,32,0,0,0,32
09/26/2020,LWB,WV,AEA,EN,Federal Contract Tower,10,7,2,0,19,0,0,14,0,14,10,7,16,0,33,16,0,16,49
09/27/2020,LWB,WV,AEA,EN,Federal Contract Tower,6,10,20,0,36,0,5,1,0,6,6,15,21,0,42,0,0,0,42
09/28/2020,LWB,WV,AEA,EN,Federal Contract Tower,4,9,13,0,26,0,2,2,0,4,4,11,15,0,30,12,0,12,42
09/29/2020,LWB,WV,AEA,EN,Federal Contract Tower,3,5,7,2,17,0,0,0,1,1,3,5,7,3,18,0,0,0,18
09/30/2020,LWB,WV,AEA,EN,Federal Contract Tower,4,0,14,0,18,0,0,13,0,13,4,0,27,0,31,16,0,16,47
10/01/2020,LWB,WV,AEA,EN,Federal Contract Tower,4,8,5,0,17,0,4,7,0,11,4,12,12,0,28,10,0,10,38
10/02/2020,LWB,WV,AEA,EN,Federal Contract Tower,4,11,20,0,35,0,8,12,0,20,4,19,32,0,55,18,0,18,73
10/03/2020,LWB,WV,AEA,EN,Federal Contract Tower,4,8,11,0,23,0,5,3,0,8,4,13,14,0,31,0,0,0,31
10/04/2020,LWB,WV,AEA,EN,Federal Contract Tower,2,7,19,0,28,0,1,9,0,10,2,8,28,0,38,16,0,16,54
10/05/2020,LWB,WV,AEA,EN,Federal Contract Tower,6,7,6,0,19,0,1,2,0,3,6,8,8,0,22,0,0,0,22
10/06/2020,LWB,WV,AEA,EN,Federal Contract Tower,4,7,14,0,25,0,2,6,3,11,4,9,20,3,36,2,8,10,46
10/07/2020,LWB,WV,AEA,EN,Federal Contract Tower,5,2,9,0,16,0,1,4,2,7,5,3,13,2,23,0,6,6,29
10/08/2020,LWB,WV,AEA,EN,Federal Contract Tower,4,8,15,0,27,0,12,9,2,23,4,20,24,2,50,0,0,0,50
10/09/2020,LWB,WV,AEA,EN,Federal Contract Tower,4,10,19,0,33,0,2,11,2,15,4,12,30,2,48,26,0,26,74
10/10/2020,LWB,WV,AEA,EN,Federal Contract Tower,5,11,17,0,33,0,0,0,0,0,5,11,17,0,33,0,0,0,33
10/11/2020,LWB,WV,AEA,EN,Federal Contract Tower,4,7,9,0,20,0,0,0,0,0,4,7,9,0,20,0,0,0,20
10/12/2020,LWB,WV,AEA,EN,Federal Contract Tower,4,11,11,0,26,0,0,0,0,0,4,11,11,0,26,0,0,0,26
10/13/2020,LWB,WV,AEA,EN,Federal Contract Tower,3,6,5,0,14,0,2,5,0,7,3,8,10,0,21,12,0,12,33
10/14/2020,LWB,WV,AEA,EN,Federal Contract Tower,5,8,12,0,25,0,5,17,6,28,5,13,29,6,53,18,0,18,71
10/15/2020,LWB,WV,AEA,EN,Federal Contract Tower,4,11,13,0,28,0,1,10,0,11,4,12,23,0,39,4,0,4,43
10/16/2020,LWB,WV,AEA,EN,Federal Contract Tower,2,13,22,0,37,0,0,5,0,5,2,13,27,0,42,18,0,18,60
10/17/2020,LWB,WV,AEA,EN,Federal Contract Tower,4,5,12,0,21,0,1,19,2,22,4,6,31,2,43,45,0,45,88
10/18/2020,LWB,WV,AEA,EN,Federal Contract Tower,3,11,23,0,37,0,6,9,0,15,3,17,32,0,52,0,0,0,52
10/19/2020,LWB,WV,AEA,EN,Federal Contract Tower,4,5,6,0,15,0,1,3,0,4,4,6,9,0,19,10,0,10,29
10/20/2020,LWB,WV,AEA,EN,Federal Contract Tower,3,1,9,0,13,0,1,20,2,23,3,2,29,2,36,16,0,16,52
10/21/2020,LWB,WV,AEA,EN,Federal Contract Tower,2,1,7,2,12,0,0,13,1,14,2,1,20,3,26,18,0,18,44
10/22/2020,LWB,WV,AEA,EN,Federal Contract Tower,4,0,13,0,17,0,0,6,0,6,4,0,19,0,23,0,0,0,23
10/23/2020,LWB,WV,AEA,EN,Federal Contract Tower,4,6,20,0,30,0,3,12,0,15,4,9,32,0,45,44,0,44,89
10/24/2020,LWB,WV,AEA,EN,Federal Contract Tower,4,2,8,0,14,0,1,0,0,1,4,3,8,0,15,0,0,0,15
10/25/2020,LWB,WV,AEA,EN,Federal Contract Tower,4,27,19,0,50,0,0,0,0,0,4,27,19,0,50,0,0,0,50
10/26/2020,LWB,WV,AEA,EN,Federal Contract Tower,4,0,14,0,18,0,2,6,0,8,4,2,20,0,26,10,0,10,36
10/27/2020,LWB,WV,AEA,EN,Federal Contract Tower,3,6,13,0,22,0,1,10,0,11,3,7,23,0,33,12,0,12,45
10/28/2020,LWB,WV,AEA,EN,Federal Contract Tower,4,2,16,2,24,0,0,0,0,0,4,2,16,2,24,0,44,44,68
10/29/2020,LWB,WV,AEA,EN,Federal Contract Tower,4,1,3,0,8,0,0,0,0,0,4,1,3,0,8,0,0,0,8
10/31/2020,LWB,WV,AEA,EN,Federal Contract Tower,4,7,7,0,18,0,4,7,2,13,4,11,14,2,31,0,0,0,31
11/01/2020,LWB,WV,AEA,EN,Federal Contract Tower,4,9,5,0,18,0,0,0,0,0,4,9,5,0,18,0,0,0,18
11/02/2020,LWB,WV,AEA,EN,Federal Contract Tower,4,4,6,0,14,0,5,1,0,6,4,9,7,0,20,0,0,0,20
11/03/2020,LWB,WV,AEA,EN,Federal Contract Tower,2,0,3,1,6,0,1,10,3,14,2,1,13,4,20,16,4,20,40
11/04/2020,LWB,WV,AEA,EN,Federal Contract Tower,2,0,1,0,3,0,1,24,2,27,2,1,25,2,30,18,0,18,48
11/05/2020,LWB,WV,AEA,EN,Federal Contract Tower,4,8,4,0,16,0,2,11,0,13,4,10,15,0,29,14,0,14,43
11/06/2020,LWB,WV,AEA,EN,Federal Contract Tower,4,3,8,0,15,0,1,25,1,27,4,4,33,1,42,22,0,22,64
11/07/2020,LWB,WV,AEA,EN,Federal Contract Tower,4,2,9,0,15,0,2,8,4,14,4,4,17,4,29,10,0,10,39
11/08/2020,LWB,WV,AEA,EN,Federal Contract Tower,4,3,13,2,22,0,2,15,0,17,4,5,28,2,39,0,0,0,39
11/09/2020,LWB,WV,AEA,EN,Federal Contract Tower,4,3,9,0,16,0,4,21,2,27,4,7,30,2,43,16,0,16,59
11/10/2020,LWB,WV,AEA,EN,Federal Contract Tower,2,3,4,2,11,0,0,19,2,21,2,3,23,4,32,14,4,18,50
11/11/2020,LWB,WV,AEA,EN,Federal Contract Tower,2,4,8,0,14,0,0,0,0,0,2,4,8,0,14,0,0,0,14
11/12/2020,LWB,WV,AEA,EN,Federal Contract Tower,4,0,12,0,16,0,0,4,0,4,4,0,16,0,20,4,0,4,24
11/13/2020,LWB,WV,AEA,EN,Federal Contract Tower,4,4,7,0,15,0,2,2,0,4,4,6,9,0,19,10,0,10,29
11/14/2020,LWB,WV,AEA,EN,Federal Contract Tower,4,0,9,0,13,0,3,31,2,36,4,3,40,2,49,6,0,6,55
11/15/2020,LWB,WV,AEA,EN,Federal Contract Tower,4,2,3,0,9,0,0,0,0,0,4,2,3,0,9,0,0,0,9
11/16/2020,LWB,WV,AEA,EN,Federal Contract Tower,4,4,4,0,12,0,4,8,0,12,4,8,12,0,24,0,0,0,24
11/17/2020,LWB,WV,AEA,EN,Federal Contract Tower,2,6,2,0,10,0,0,0,0,0,2,6,2,0,10,0,0,0,10
11/18/2020,LWB,WV,AEA,EN,Federal Contract Tower,2,5,2,0,9,0,2,8,2,12,2,7,10,2,21,2,8,10,31
11/19/2020,LWB,WV,AEA,EN,Federal Contract Tower,4,2,7,0,13,0,4,12,2,18,4,6,19,2,31,24,0,24,55
11/20/2020,LWB,WV,AEA,EN,Federal Contract Tower,6,3,6,0,15,0,2,9,2,13,6,5,15,2,28,0,0,0,28
11/21/2020,LWB,WV,AEA,EN,Federal Contract Tower,4,9,5,0,18,0,0,11,0,11,4,9,16,0,29,10,0,10,39
11/22/2020,LWB,WV,AEA,EN,Federal Contract Tower,4,4,9,0,17,0,4,4,0,8,4,8,13,0,25,0,0,0,25
11/23/2020,LWB,WV,AEA,EN,Federal Contract Tower,4,2,8,0,14,0,2,0,0,2,4,4,8,0,16,0,0,0,16
11/24/2020,LWB,WV,AEA,EN,Federal Contract Tower,4,1,6,0,11,0,4,12,0,16,4,5,18,0,27,10,0,10,37
11/25/2020,LWB,WV,AEA,EN,Federal Contract Tower,4,5,13,0,22,0,0,0,0,0,4,5,13,0,22,0,0,0,22
11/26/2020,LWB,WV,AEA,EN,Federal Contract Tower,2,0,1,0,3,0,5,1,0,6,2,5,2,0,9,0,0,0,9
11/27/2020,LWB,WV,AEA,EN,Federal Contract Tower,2,3,5,0,10,0,0,2,0,2,2,3,7,0,12,0,0,0,12
11/28/2020,LWB,WV,AEA,EN,Federal Contract Tower,4,2,13,0,19,0,8,13,0,21,4,10,26,0,40,16,0,16,56
11/29/2020,LWB,WV,AEA,EN,Federal Contract Tower,2,8,10,0,20,0,1,20,0,21,2,9,30,0,41,0,0,0,41
11/30/2020,LWB,WV,AEA,EN,Federal Contract Tower,4,1,5,0,10,0,0,0,0,0,4,1,5,0,10,0,0,0,10
12/01/2020,LWB,WV,AEA,EN,Federal Contract Tower,2,6,2,0,10,0,0,0,0,0,2,6,2,0,10,0,0,0,10
12/02/2020,LWB,WV,AEA,EN,Federal Contract Tower,2,2,1,0,5,0,3,1,0,4,2,5,2,0,9,0,0,0,9
12/03/2020,LWB,WV,AEA,EN,Federal Contract Tower,2,2,7,0,11,0,0,24,0,24,2,2,31,0,35,20,0,20,55
12/04/2020,LWB,WV,AEA,EN,Federal Contract Tower,6,2,5,2,15,6,2,2,0,10,12,4,7,2,25,0,0,0,25
12/05/2020,LWB,WV,AEA,EN,Federal Contract Tower,2,3,4,0,9,0,4,0,0,4,2,7,4,0,13,0,0,0,13
12/06/2020,LWB,WV,AEA,EN,Federal Contract Tower,2,2,15,0,19,0,3,15,0,18,2,5,30,0,37,0,0,0,37
12/07/2020,LWB,WV,AEA,EN,Federal Contract Tower,2,2,0,0,4,0,0,0,0,0,2,2,0,0,4,0,0,0,4
12/08/2020,LWB,WV,AEA,EN,Federal Contract Tower,2,0,1,0,3,0,2,0,0,2,2,2,1,0,5,0,0,0,5
12/09/2020,LWB,WV,AEA,EN,Federal Contract Tower,4,0,12,0,16,0,1,0,0,1,4,1,12,0,17,0,0,0,17
12/10/2020,LWB,WV,AEA,EN,Federal Contract Tower,2,2,5,0,9,0,0,9,2,11,2,2,14,2,20,12,0,12,32
12/11/2020,LWB,WV,AEA,EN,Federal Contract Tower,2,5,8,0,15,0,4,13,0,17,2,9,21,0,32,6,0,6,38
12/12/2020,LWB,WV,AEA,EN,Federal Contract Tower,2,0,8,0,10,0,5,8,0,13,2,5,16,0,23,22,0,22,45
12/13/2020,LWB,WV,AEA,EN,Federal Contract Tower,2,2,5,0,9,0,8,2,0,10,2,10,7,0,19,0,0,0,19
12/14/2020,LWB,WV,AEA,EN,Federal Contract Tower,2,2,2,0,6,0,0,0,0,0,2,2,2,0,6,0,0,0,6
12/15/2020,LWB,WV,AEA,EN,Federal Contract Tower,2,3,4,0,9,0,0,12,0,12,2,3,16,0,21,12,0,12,33
12/16/2020,LWB,WV,AEA,EN,Federal Contract Tower,0,0,0,0,0,0,0,0,0,0,0,0,0,0,0,0,0,0,0
12/17/2020,LWB,WV,AEA,EN,Federal Contract Tower,2,5,6,0,13,0,0,0,0,0,2,5,6,0,13,0,0,0,13
12/18/2020,LWB,WV,AEA,EN,Federal Contract Tower,2,5,7,0,14,0,0,0,0,0,2,5,7,0,14,0,0,0,14
12/19/2020,LWB,WV,AEA,EN,Federal Contract Tower,2,5,9,0,16,0,8,5,2,15,2,13,14,2,31,0,0,0,31
12/20/2020,LWB,WV,AEA,EN,Federal Contract Tower,2,3,5,0,10,0,0,2,0,2,2,3,7,0,12,0,0,0,12
12/21/2020,LWB,WV,AEA,EN,Federal Contract Tower,2,0,3,2,7,0,0,8,3,11,2,0,11,5,18,10,26,36,54
12/22/2020,LWB,WV,AEA,EN,Federal Contract Tower,2,4,5,0,11,0,0,2,0,2,2,4,7,0,13,0,0,0,13
12/23/2020,LWB,WV,AEA,EN,Federal Contract Tower,2,2,5,0,9,0,1,23,3,27,2,3,28,3,36,18,4,22,58
12/24/2020,LWB,WV,AEA,EN,Federal Contract Tower,2,0,0,0,2,0,0,0,0,0,2,0,0,0,2,0,0,0,2
12/25/2020,LWB,WV,AEA,EN,Federal Contract Tower,0,0,0,0,0,0,0,0,0,0,0,0,0,0,0,0,0,0,0
12/26/2020,LWB,WV,AEA,EN,Federal Contract Tower,2,0,5,0,7,0,2,1,0,3,2,2,6,0,10,0,0,0,10
12/27/2020,LWB,WV,AEA,EN,Federal Contract Tower,2,6,5,0,13,0,4,10,0,14,2,10,15,0,27,8,0,8,35
12/28/2020,LWB,WV,AEA,EN,Federal Contract Tower,2,0,8,0,10,0,1,0,0,1,2,1,8,0,11,0,0,0,11
12/29/2020,LWB,WV,AEA,EN,Federal Contract Tower,4,0,18,0,22,0,5,20,0,25,4,5,38,0,47,8,0,8,55
12/30/2020,LWB,WV,AEA,EN,Federal Contract Tower,2,1,24,0,27,0,0,10,0,10,2,1,34,0,37,20,0,20,57
12/31/2020,LWB,WV,AEA,EN,Federal Contract Tower,2,2,11,0,15,0,0,1,0,1,2,2,12,0,16,0,0,0,16
01/01/2021,LWB,WV,AEA,EN,Federal Contract Tower,0,0,3,0,3,0,0,0,0,0,0,0,3,0,3,0,0,0,3
01/02/2021,LWB,WV,AEA,EN,Federal Contract Tower,2,0,18,2,22,0,0,7,0,7,2,0,25,2,29,16,0,16,45
01/03/2021,LWB,WV,AEA,EN,Federal Contract Tower,2,1,8,0,11,0,0,0,0,0,2,1,8,0,11,0,0,0,11
01/04/2021,LWB,WV,AEA,EN,Federal Contract Tower,2,0,4,0,6,0,0,1,0,1,2,0,5,0,7,0,0,0,7
01/05/2021,LWB,WV,AEA,EN,Federal Contract Tower,2,0,0,0,2,0,0,2,0,2,2,0,2,0,4,0,0,0,4
01/06/2021,LWB,WV,AEA,EN,Federal Contract Tower,2,3,1,2,8,0,0,1,0,1,2,3,2,2,9,0,0,0,9
01/07/2021,LWB,WV,AEA,EN,Federal Contract Tower,2,0,2,0,4,0,2,11,0,13,2,2,13,0,17,10,0,10,27
01/08/2021,LWB,WV,AEA,EN,Federal Contract Tower,2,3,11,0,16,0,0,3,0,3,2,3,14,0,19,0,0,0,19
01/09/2021,LWB,WV,AEA,EN,Federal Contract Tower,2,1,5,0,8,0,3,9,1,13,2,4,14,1,21,16,4,20,41
01/10/2021,LWB,WV,AEA,EN,Federal Contract Tower,2,1,16,0,19,0,0,47,2,49,2,1,63,2,68,0,0,0,68
01/11/2021,LWB,WV,AEA,EN,Federal Contract Tower,2,2,2,0,6,0,0,0,0,0,2,2,2,0,6,0,0,0,6
01/12/2021,LWB,WV,AEA,EN,Federal Contract Tower,2,0,1,0,3,0,1,8,0,9,2,1,9,0,12,6,0,6,18
01/13/2021,LWB,WV,AEA,EN,Federal Contract Tower,4,2,10,0,16,0,3,8,0,11,4,5,18,0,27,0,0,0,27
01/14/2021,LWB,WV,AEA,EN,Federal Contract Tower,2,2,3,0,7,0,1,17,0,18,2,3,20,0,25,24,0,24,49
01/15/2021,LWB,WV,AEA,EN,Federal Contract Tower,2,1,8,0,11,0,0,0,0,0,2,1,8,0,11,0,0,0,11
01/16/2021,LWB,WV,AEA,EN,Federal Contract Tower,2,2,1,0,5,0,0,0,0,0,2,2,1,0,5,0,0,0,5
01/17/2021,LWB,WV,AEA,EN,Federal Contract Tower,0,1,3,0,4,0,0,0,0,0,0,1,3,0,4,0,0,0,4
01/18/2021,LWB,WV,AEA,EN,Federal Contract Tower,2,0,0,0,2,0,0,0,0,0,2,0,0,0,2,0,0,0,2
01/19/2021,LWB,WV,AEA,EN,Federal Contract Tower,2,0,0,0,2,0,0,3,0,3,2,0,3,0,5,0,0,0,5
01/20/2021,LWB,WV,AEA,EN,Federal Contract Tower,2,0,6,0,8,3,2,4,0,9,5,2,10,0,17,0,0,0,17
01/21/2021,LWB,WV,AEA,EN,Federal Contract Tower,2,2,2,0,6,0,0,0,0,0,2,2,2,0,6,0,0,0,6
01/22/2021,LWB,WV,AEA,EN,Federal Contract Tower,2,0,2,0,4,0,0,0,0,0,2,0,2,0,4,0,0,0,4
01/23/2021,LWB,WV,AEA,EN,Federal Contract Tower,2,2,5,0,9,0,6,24,0,30,2,8,29,0,39,22,0,22,61
01/24/2021,LWB,WV,AEA,EN,Federal Contract Tower,2,0,12,0,14,0,0,3,0,3,2,0,15,0,17,10,0,10,27
01/25/2021,LWB,WV,AEA,EN,Federal Contract Tower,0,0,0,0,0,0,0,0,0,0,0,0,0,0,0,0,0,0,0
01/26/2021,LWB,WV,AEA,EN,Federal Contract Tower,2,0,2,0,4,0,1,6,0,7,2,1,8,0,11,20,0,20,31
01/27/2021,LWB,WV,AEA,EN,Federal Contract Tower,2,2,1,0,5,0,0,8,0,8,2,2,9,0,13,4,0,4,17
01/28/2021,LWB,WV,AEA,EN,Federal Contract Tower,2,0,5,0,7,0,0,0,0,0,2,0,5,0,7,0,0,0,7
01/29/2021,LWB,WV,AEA,EN,Federal Contract Tower,4,2,4,0,10,0,4,4,4,12,4,6,8,4,22,0,0,0,22
01/30/2021,LWB,WV,AEA,EN,Federal Contract Tower,3,5,8,0,16,0,3,13,0,16,3,8,21,0,32,6,0,6,38
01/31/2021,LWB,WV,AEA,EN,Federal Contract Tower,1,0,0,0,1,0,0,0,0,0,1,0,0,0,1,0,0,0,1
02/01/2021,LWB,WV,AEA,EN,Federal Contract Tower,2,0,5,0,7,0,0,0,0,0,2,0,5,0,7,0,0,0,7
02/02/2021,LWB,WV,AEA,EN,Federal Contract Tower,2,1,1,0,4,0,0,0,0,0,2,1,1,0,4,0,0,0,4
02/03/2021,LWB,WV,AEA,EN,Federal Contract Tower,1,1,2,0,4,0,0,5,0,5,1,1,7,0,9,0,0,0,9
02/04/2021,LWB,WV,AEA,EN,Federal Contract Tower,2,5,3,2,12,0,4,10,2,16,2,9,13,4,28,22,0,22,50
02/05/2021,LWB,WV,AEA,EN,Federal Contract Tower,2,4,2,0,8,0,0,2,2,4,2,4,4,2,12,0,16,16,28
02/06/2021,LWB,WV,AEA,EN,Federal Contract Tower,2,0,6,0,8,0,3,9,0,12,2,3,15,0,20,12,0,12,32
02/07/2021,LWB,WV,AEA,EN,Federal Contract Tower,2,0,8,0,10,0,1,1,0,2,2,1,9,0,12,0,0,0,12
02/08/2021,LWB,WV,AEA,EN,Federal Contract Tower,4,2,3,4,13,0,2,11,4,17,4,4,14,8,30,6,0,6,36
02/09/2021,LWB,WV,AEA,EN,Federal Contract Tower,2,0,5,0,7,0,0,5,0,5,2,0,10,0,12,3,0,3,15
02/10/2021,LWB,WV,AEA,EN,Federal Contract Tower,2,0,0,0,2,0,0,0,0,0,2,0,0,0,2,0,0,0,2
02/11/2021,LWB,WV,AEA,EN,Federal Contract Tower,2,1,2,0,5,0,0,0,0,0,2,1,2,0,5,0,0,0,5
02/12/2021,LWB,WV,AEA,EN,Federal Contract Tower,2,1,8,0,11,0,0,0,0,0,2,1,8,0,11,0,0,0,11
02/13/2021,LWB,WV,AEA,EN,Federal Contract Tower,0,0,0,0,0,0,0,0,0,0,0,0,0,0,0,0,0,0,0
02/14/2021,LWB,WV,AEA,EN,Federal Contract Tower,0,0,5,0,5,0,0,0,0,0,0,0,5,0,5,0,0,0,5
02/15/2021,LWB,WV,AEA,EN,Federal Contract Tower,2,0,10,0,12,0,0,0,0,0,2,0,10,0,12,0,0,0,12
02/16/2021,LWB,WV,AEA,EN,Federal Contract Tower,2,0,2,0,4,0,0,0,0,0,2,0,2,0,4,0,0,0,4
02/17/2021,LWB,WV,AEA,EN,Federal Contract Tower,2,2,5,0,9,0,3,24,2,29,2,5,29,2,38,0,0,0,38
02/18/2021,LWB,WV,AEA,EN,Federal Contract Tower,0,0,0,0,0,0,0,0,0,0,0,0,0,0,0,0,0,0,0
02/19/2021,LWB,WV,AEA,EN,Federal Contract Tower,2,2,5,0,9,0,0,2,0,2,2,2,7,0,11,0,0,0,11
02/20/2021,LWB,WV,AEA,EN,Federal Contract Tower,2,0,2,0,4,0,2,6,0,8,2,2,8,0,12,1,0,1,13
02/21/2021,LWB,WV,AEA,EN,Federal Contract Tower,2,0,4,0,6,0,4,13,0,17,2,4,17,0,23,5,0,5,28
02/22/2021,LWB,WV,AEA,EN,Federal Contract Tower,2,4,4,0,10,0,0,0,0,0,2,4,4,0,10,0,0,0,10
02/23/2021,LWB,WV,AEA,EN,Federal Contract Tower,2,0,3,0,5,0,1,2,0,3,2,1,5,0,8,0,0,0,8
02/24/2021,LWB,WV,AEA,EN,Federal Contract Tower,2,2,4,0,8,0,0,10,5,15,2,2,14,5,23,0,25,25,48
02/25/2021,LWB,WV,AEA,EN,Federal Contract Tower,2,0,0,7,9,0,0,12,0,12,2,0,12,7,21,20,10,30,51
02/26/2021,LWB,WV,AEA,EN,Federal Contract Tower,2,5,2,0,9,0,0,2,0,2,2,5,4,0,11,0,0,0,11
02/27/2021,LWB,WV,AEA,EN,Federal Contract Tower,2,1,2,0,5,0,0,0,0,0,2,1,2,0,5,0,0,0,5
02/28/2021,LWB,WV,AEA,EN,Federal Contract Tower,1,5,9,0,15,0,0,0,0,0,1,5,9,0,15,0,0,0,15
03/01/2021,LWB,WV,AEA,EN,Federal Contract Tower,3,1,0,0,4,0,6,0,0,6,3,7,0,0,10,0,0,0,10
03/02/2021,LWB,WV,AEA,EN,Federal Contract Tower,2,0,5,0,7,0,2,23,0,25,2,2,28,0,32,24,0,24,56
03/03/2021,LWB,WV,AEA,EN,Federal Contract Tower,4,3,6,0,13,0,3,7,2,12,4,6,13,2,25,2,0,2,27
03/04/2021,LWB,WV,AEA,EN,Federal Contract Tower,2,0,5,0,7,0,2,3,0,5,2,2,8,0,12,2,0,2,14
03/05/2021,LWB,WV,AEA,EN,Federal Contract Tower,2,1,9,0,12,0,2,6,0,8,2,3,15,0,20,0,0,0,20
03/06/2021,LWB,WV,AEA,EN,Federal Contract Tower,2,4,0,0,6,0,3,16,0,19,2,7,16,0,25,22,0,22,47
03/07/2021,LWB,WV,AEA,EN,Federal Contract Tower,2,2,4,0,8,0,5,6,0,11,2,7,10,0,19,0,0,0,19
03/08/2021,LWB,WV,AEA,EN,Federal Contract Tower,6,6,2,0,14,0,2,18,2,22,6,8,20,2,36,26,6,32,68
03/09/2021,LWB,WV,AEA,EN,Federal Contract Tower,1,0,1,0,2,0,2,10,0,12,1,2,11,0,14,14,0,14,28
03/10/2021,LWB,WV,AEA,EN,Federal Contract Tower,1,0,6,0,7,0,1,9,0,10,1,1,15,0,17,24,0,24,41
03/11/2021,LWB,WV,AEA,EN,Federal Contract Tower,2,1,11,0,14,0,7,3,0,10,2,8,14,0,24,6,0,6,30
03/12/2021,LWB,WV,AEA,EN,Federal Contract Tower,2,6,3,0,11,0,0,0,0,0,2,6,3,0,11,0,0,0,11
03/13/2021,LWB,WV,AEA,EN,Federal Contract Tower,2,0,5,0,7,0,4,16,0,20,2,4,21,0,27,22,0,22,49
03/15/2021,LWB,WV,AEA,EN,Federal Contract Tower,1,0,0,0,1,0,2,9,0,11,1,2,9,0,12,4,0,4,16
03/16/2021,LWB,WV,AEA,EN,Federal Contract Tower,1,5,2,0,8,0,0,3,0,3,1,5,5,0,11,0,0,0,11
03/17/2021,LWB,WV,AEA,EN,Federal Contract Tower,1,2,3,0,6,0,5,14,0,19,1,7,17,0,25,10,0,10,35
03/18/2021,LWB,WV,AEA,EN,Federal Contract Tower,2,2,9,0,13,0,0,0,0,0,2,2,9,0,13,0,0,0,13
03/19/2021,LWB,WV,AEA,EN,Federal Contract Tower,2,4,2,0,8,0,2,4,0,6,2,6,6,0,14,0,0,0,14
03/20/2021,LWB,WV,AEA,EN,Federal Contract Tower,2,1,2,0,5,0,6,19,0,25,2,7,21,0,30,14,0,14,44
03/21/2021,LWB,WV,AEA,EN,Federal Contract Tower,2,0,8,0,10,0,0,12,0,12,2,0,20,0,22,0,0,0,22
03/22/2021,LWB,WV,AEA,EN,Federal Contract Tower,3,2,7,0,12,0,5,22,0,27,3,7,29,0,39,28,0,28,67
03/23/2021,LWB,WV,AEA,EN,Federal Contract Tower,1,2,6,1,10,0,2,3,1,6,1,4,9,2,16,12,0,12,28
03/24/2021,LWB,WV,AEA,EN,Federal Contract Tower,1,4,5,0,10,0,2,2,0,4,1,6,7,0,14,0,0,0,14
03/25/2021,LWB,WV,AEA,EN,Federal Contract Tower,2,4,9,0,15,0,6,0,0,6,2,10,9,0,21,0,0,0,21
03/26/2021,LWB,WV,AEA,EN,Federal Contract Tower,4,3,7,0,14,0,0,1,0,1,4,3,8,0,15,0,0,0,15
03/27/2021,LWB,WV,AEA,EN,Federal Contract Tower,3,0,7,0,10,0,2,16,0,18,3,2,23,0,28,18,0,18,46
03/28/2021,LWB,WV,AEA,EN,Federal Contract Tower,5,5,9,0,19,0,0,0,0,0,5,5,9,0,19,0,0,0,19
03/29/2021,LWB,WV,AEA,EN,Federal Contract Tower,4,0,7,6,17,0,5,10,2,17,4,5,17,8,34,0,14,14,48
03/30/2021,LWB,WV,AEA,EN,Federal Contract Tower,0,2,6,2,10,0,4,10,1,15,0,6,16,3,25,18,24,42,67
03/31/2021,LWB,WV,AEA,EN,Federal Contract Tower,2,1,2,0,5,0,0,0,0,0,2,1,2,0,5,0,0,0,5
04/01/2021,LWB,WV,AEA,EN,Federal Contract Tower,6,3,4,0,13,0,0,0,0,0,6,3,4,0,13,0,0,0,13
04/02/2021,LWB,WV,AEA,EN,Federal Contract Tower,4,2,6,0,12,0,2,2,2,6,4,4,8,2,18,0,6,6,24
04/03/2021,LWB,WV,AEA,EN,Federal Contract Tower,4,0,1,0,5,0,1,40,2,43,4,1,41,2,48,26,12,38,86
04/04/2021,LWB,WV,AEA,EN,Federal Contract Tower,4,4,5,0,13,0,4,7,8,19,4,8,12,8,32,0,52,52,84
04/05/2021,LWB,WV,AEA,EN,Federal Contract Tower,4,0,6,6,16,0,3,7,2,12,4,3,13,8,28,0,8,8,36
04/06/2021,LWB,WV,AEA,EN,Federal Contract Tower,2,0,7,0,9,0,1,6,3,10,2,1,13,3,19,4,8,12,31
04/07/2021,LWB,WV,AEA,EN,Federal Contract Tower,2,1,12,0,15,0,0,16,0,16,2,1,28,0,31,34,0,34,65
04/08/2021,LWB,WV,AEA,EN,Federal Contract Tower,4,10,4,0,18,0,1,0,0,1,4,11,4,0,19,0,0,0,19
04/09/2021,LWB,WV,AEA,EN,Federal Contract Tower,4,0,9,0,13,0,4,5,0,9,4,4,14,0,22,8,0,8,30
04/10/2021,LWB,WV,AEA,EN,Federal Contract Tower,4,0,5,0,9,0,0,2,0,2,4,0,7,0,11,0,0,0,11
04/11/2021,LWB,WV,AEA,EN,Federal Contract Tower,4,12,8,0,24,0,0,8,0,8,4,12,16,0,32,10,0,10,42
04/12/2021,LWB,WV,AEA,EN,Federal Contract Tower,4,3,7,0,14,0,0,3,0,3,4,3,10,0,17,0,0,0,17
04/13/2021,LWB,WV,AEA,EN,Federal Contract Tower,1,1,4,0,6,0,8,9,0,17,1,9,13,0,23,0,0,0,23
04/14/2021,LWB,WV,AEA,EN,Federal Contract Tower,1,0,13,0,14,0,0,3,0,3,1,0,16,0,17,4,0,4,21
04/15/2021,LWB,WV,AEA,EN,Federal Contract Tower,3,4,3,2,12,0,2,0,0,2,3,6,3,2,14,0,0,0,14
04/17/2021,LWB,WV,AEA,EN,Federal Contract Tower,3,3,10,0,16,0,2,16,0,18,3,5,26,0,34,24,0,24,58
04/18/2021,LWB,WV,AEA,EN,Federal Contract Tower,3,4,6,0,13,0,0,1,0,1,3,4,7,0,14,0,0,0,14
04/19/2021,LWB,WV,AEA,EN,Federal Contract Tower,3,2,8,0,13,0,3,6,0,9,3,5,14,0,22,4,0,4,26
04/20/2021,LWB,WV,AEA,EN,Federal Contract Tower,1,3,3,2,9,0,3,10,0,13,1,6,13,2,22,0,6,6,28
04/21/2021,LWB,WV,AEA,EN,Federal Contract Tower,1,1,1,0,3,0,0,2,0,2,1,1,3,0,5,0,0,0,5
04/22/2021,LWB,WV,AEA,EN,Federal Contract Tower,5,6,8,0,19,0,8,3,0,11,5,14,11,0,30,0,0,0,30
04/23/2021,LWB,WV,AEA,EN,Federal Contract Tower,6,2,8,0,16,0,5,19,0,24,6,7,27,0,40,0,0,0,40
04/24/2021,LWB,WV,AEA,EN,Federal Contract Tower,3,4,5,0,12,0,2,7,0,9,3,6,12,0,21,16,0,16,37
04/25/2021,LWB,WV,AEA,EN,Federal Contract Tower,3,1,13,0,17,0,0,2,0,2,3,1,15,0,19,3,0,3,22
04/26/2021,LWB,WV,AEA,EN,Federal Contract Tower,3,7,5,0,15,0,3,16,0,19,3,10,21,0,34,0,0,0,34
04/27/2021,LWB,WV,AEA,EN,Federal Contract Tower,1,3,6,0,10,0,2,6,4,12,1,5,12,4,22,0,0,0,22
04/28/2021,LWB,WV,AEA,EN,Federal Contract Tower,3,1,8,0,12,0,5,15,1,21,3,6,23,1,33,2,0,2,35
04/29/2021,LWB,WV,AEA,EN,Federal Contract Tower,4,8,4,4,20,0,9,2,0,11,4,17,6,4,31,0,0,0,31
04/30/2021,LWB,WV,AEA,EN,Federal Contract Tower,3,7,9,0,19,0,0,3,0,3,3,7,12,0,22,0,0,0,22
05/01/2021,LWB,WV,AEA,EN,Federal Contract Tower,3,4,15,0,22,0,0,19,12,31,3,4,34,12,53,0,0,0,53
05/02/2021,LWB,WV,AEA,EN,Federal Contract Tower,3,5,5,0,13,0,3,11,0,14,3,8,16,0,27,0,0,0,27
05/03/2021,LWB,WV,AEA,EN,Federal Contract Tower,3,3,5,0,11,0,0,1,0,1,3,3,6,0,12,0,0,0,12
05/04/2021,LWB,WV,AEA,EN,Federal Contract Tower,1,1,3,2,7,0,1,1,0,2,1,2,4,2,9,0,0,0,9
05/05/2021,LWB,WV,AEA,EN,Federal Contract Tower,1,4,4,0,9,0,0,0,0,0,1,4,4,0,9,0,0,0,9
05/06/2021,LWB,WV,AEA,EN,Federal Contract Tower,3,7,12,7,29,0,4,15,0,19,3,11,27,7,48,0,14,14,62
05/07/2021,LWB,WV,AEA,EN,Federal Contract Tower,3,1,10,0,14,0,0,6,4,10,3,1,16,4,24,0,0,0,24
05/08/2021,LWB,WV,AEA,EN,Federal Contract Tower,5,3,15,0,23,0,4,10,0,14,5,7,25,0,37,0,0,0,37
05/09/2021,LWB,WV,AEA,EN,Federal Contract Tower,5,6,7,0,18,0,3,1,0,4,5,9,8,0,22,0,0,0,22
05/10/2021,LWB,WV,AEA,EN,Federal Contract Tower,3,1,6,0,10,0,4,10,0,14,3,5,16,0,24,6,0,6,30
05/11/2021,LWB,WV,AEA,EN,Federal Contract Tower,3,2,17,0,22,0,4,14,0,18,3,6,31,0,40,4,0,4,44
05/12/2021,LWB,WV,AEA,EN,Federal Contract Tower,3,2,3,0,8,0,2,12,4,18,3,4,15,4,26,6,0,6,32
05/13/2021,LWB,WV,AEA,EN,Federal Contract Tower,4,21,20,0,45,0,1,8,0,9,4,22,28,0,54,10,0,10,64
05/14/2021,LWB,WV,AEA,EN,Federal Contract Tower,4,4,4,0,12,0,2,9,0,11,4,6,13,0,23,0,0,0,23
05/15/2021,LWB,WV,AEA,EN,Federal Contract Tower,5,3,10,0,18,0,4,20,0,24,5,7,30,0,42,8,0,8,50
05/16/2021,LWB,WV,AEA,EN,Federal Contract Tower,5,16,14,0,35,0,5,1,1,7,5,21,15,1,42,0,0,0,42
05/17/2021,LWB,WV,AEA,EN,Federal Contract Tower,6,4,12,0,22,0,0,0,0,0,6,4,12,0,22,0,0,0,22
05/19/2021,LWB,WV,AEA,EN,Federal Contract Tower,3,6,8,0,17,0,3,21,0,24,3,9,29,0,41,8,0,8,49
05/20/2021,LWB,WV,AEA,EN,Federal Contract Tower,5,9,4,0,18,0,3,6,0,9,5,12,10,0,27,0,6,6,33
05/21/2021,LWB,WV,AEA,EN,Federal Contract Tower,3,4,11,0,18,0,3,15,0,18,3,7,26,0,36,6,0,6,42
05/22/2021,LWB,WV,AEA,EN,Federal Contract Tower,4,6,16,0,26,0,2,9,0,11,4,8,25,0,37,0,0,0,37
05/23/2021,LWB,WV,AEA,EN,Federal Contract Tower,5,14,15,0,34,0,2,10,0,12,5,16,25,0,46,0,0,0,46
05/24/2021,LWB,WV,AEA,EN,Federal Contract Tower,4,10,13,0,27,0,0,10,0,10,4,10,23,0,37,0,0,0,37
05/25/2021,LWB,WV,AEA,EN,Federal Contract Tower,3,7,12,0,22,0,1,8,2,11,3,8,20,2,33,12,0,12,45
05/26/2021,LWB,WV,AEA,EN,Federal Contract Tower,3,14,15,0,32,0,8,12,0,20,3,22,27,0,52,12,0,12,64
05/27/2021,LWB,WV,AEA,EN,Federal Contract Tower,3,12,12,0,27,0,5,15,0,20,3,17,27,0,47,10,0,10,57
05/28/2021,LWB,WV,AEA,EN,Federal Contract Tower,4,17,15,0,36,0,0,5,0,5,4,17,20,0,41,10,0,10,51
05/29/2021,LWB,WV,AEA,EN,Federal Contract Tower,5,7,6,0,18,0,0,0,0,0,5,7,6,0,18,0,0,0,18
05/30/2021,LWB,WV,AEA,EN,Federal Contract Tower,5,9,7,0,21,0,0,1,0,1,5,9,8,0,22,0,0,0,22
05/31/2021,LWB,WV,AEA,EN,Federal Contract Tower,3,11,11,0,25,0,4,11,0,15,3,15,22,0,40,20,0,20,60
06/01/2021,LWB,WV,AEA,EN,Federal Contract Tower,3,5,12,1,21,0,2,7,4,13,3,7,19,5,34,6,14,20,54
06/02/2021,LWB,WV,AEA,EN,Federal Contract Tower,4,7,9,0,20,0,3,11,2,16,4,10,20,2,36,8,0,8,44
06/03/2021,LWB,WV,AEA,EN,Federal Contract Tower,4,10,10,6,30,0,2,0,0,2,4,12,10,6,32,0,14,14,46
06/04/2021,LWB,WV,AEA,EN,Federal Contract Tower,2,11,23,0,36,0,2,2,0,4,2,13,25,0,40,0,0,0,40
06/05/2021,LWB,WV,AEA,EN,Federal Contract Tower,4,4,17,0,25,0,2,6,6,14,4,6,23,6,39,4,0,4,43
06/06/2021,LWB,WV,AEA,EN,Federal Contract Tower,4,14,15,4,37,0,4,16,2,22,4,18,31,6,59,10,0,10,69
06/07/2021,LWB,WV,AEA,EN,Federal Contract Tower,2,9,9,0,20,0,0,1,0,1,2,9,10,0,21,0,0,0,21
06/08/2021,LWB,WV,AEA,EN,Federal Contract Tower,4,7,2,0,13,0,4,2,0,6,4,11,4,0,19,0,0,0,19
06/09/2021,LWB,WV,AEA,EN,Federal Contract Tower,2,1,19,0,22,0,1,6,0,7,2,2,25,0,29,0,0,0,29
06/10/2021,LWB,WV,AEA,EN,Federal Contract Tower,3,15,15,0,33,0,1,6,0,7,3,16,21,0,40,0,0,0,40
06/11/2021,LWB,WV,AEA,EN,Federal Contract Tower,2,6,11,0,19,0,0,0,0,0,2,6,11,0,19,0,0,0,19
06/12/2021,LWB,WV,AEA,EN,Federal Contract Tower,4,8,18,0,30,0,1,3,0,4,4,9,21,0,34,0,0,0,34
06/13/2021,LWB,WV,AEA,EN,Federal Contract Tower,4,13,26,0,43,0,2,5,0,7,4,15,31,0,50,0,0,0,50
06/14/2021,LWB,WV,AEA,EN,Federal Contract Tower,3,7,19,0,29,0,6,9,0,15,3,13,28,0,44,0,0,0,44
06/15/2021,LWB,WV,AEA,EN,Federal Contract Tower,2,10,15,0,27,0,2,8,0,10,2,12,23,0,37,4,0,4,41
06/16/2021,LWB,WV,AEA,EN,Federal Contract Tower,3,11,25,0,39,0,2,14,0,16,3,13,39,0,55,0,0,0,55
06/17/2021,LWB,WV,AEA,EN,Federal Contract Tower,2,7,18,0,27,0,7,18,0,25,2,14,36,0,52,2,0,2,54
06/18/2021,LWB,WV,AEA,EN,Federal Contract Tower,2,7,13,0,22,0,1,8,0,9,2,8,21,0,31,14,0,14,45
06/20/2021,LWB,WV,AEA,EN,Federal Contract Tower,4,10,12,0,26,0,3,4,0,7,4,13,16,0,33,0,0,0,33
06/21/2021,LWB,WV,AEA,EN,Federal Contract Tower,2,6,15,0,23,0,2,1,6,9,2,8,16,6,32,0,0,0,32
06/22/2021,LWB,WV,AEA,EN,Federal Contract Tower,2,5,23,0,30,0,1,1,0,2,2,6,24,0,32,0,0,0,32
06/23/2021,LWB,WV,AEA,EN,Federal Contract Tower,3,4,23,9,39,0,4,23,5,32,3,8,46,14,71,10,0,10,81
06/24/2021,LWB,WV,AEA,EN,Federal Contract Tower,4,9,11,0,24,0,0,14,0,14,4,9,25,0,38,2,0,2,40
06/25/2021,LWB,WV,AEA,EN,Federal Contract Tower,4,0,25,0,29,0,5,15,0,20,4,5,40,0,49,4,0,4,53
06/26/2021,LWB,WV,AEA,EN,Federal Contract Tower,4,2,14,0,20,0,1,8,3,12,4,3,22,3,32,0,14,14,46
06/27/2021,LWB,WV,AEA,EN,Federal Contract Tower,5,3,15,0,23,0,3,4,0,7,5,6,19,0,30,0,0,0,30
06/28/2021,LWB,WV,AEA,EN,Federal Contract Tower,5,9,10,0,24,0,4,3,0,7,5,13,13,0,31,0,0,0,31
06/29/2021,LWB,WV,AEA,EN,Federal Contract Tower,4,1,1,2,8,0,5,21,0,26,4,6,22,2,34,18,0,18,52
06/30/2021,LWB,WV,AEA,EN,Federal Contract Tower,4,10,12,2,28,0,2,4,0,6,4,12,16,2,34,2,0,2,36
07/01/2021,LWB,WV,AEA,EN,Federal Contract Tower,2,13,18,2,35,0,0,3,0,3,2,13,21,2,38,0,0,0,38
07/02/2021,LWB,WV,AEA,EN,Federal Contract Tower,2,14,17,0,33,0,1,5,0,6,2,15,22,0,39,0,0,0,39
07/03/2021,LWB,WV,AEA,EN,Federal Contract Tower,5,0,15,0,20,0,2,12,0,14,5,2,27,0,34,0,0,0,34
07/04/2021,LWB,WV,AEA,EN,Federal Contract Tower,8,0,9,0,17,0,5,6,0,11,8,5,15,0,28,0,0,0,28
07/05/2021,LWB,WV,AEA,EN,Federal Contract Tower,2,11,32,0,45,0,1,8,0,9,2,12,40,0,54,0,0,0,54
07/06/2021,LWB,WV,AEA,EN,Federal Contract Tower,3,10,17,0,30,0,1,17,0,18,3,11,34,0,48,12,0,12,60
07/07/2021,LWB,WV,AEA,EN,Federal Contract Tower,2,7,10,0,19,0,4,7,0,11,2,11,17,0,30,4,0,4,34
07/08/2021,LWB,WV,AEA,EN,Federal Contract Tower,2,1,9,0,12,0,0,3,0,3,2,1,12,0,15,4,0,4,19
07/09/2021,LWB,WV,AEA,EN,Federal Contract Tower,2,3,16,0,21,0,2,0,0,2,2,5,16,0,23,0,0,0,23
07/10/2021,LWB,WV,AEA,EN,Federal Contract Tower,5,3,9,0,17,0,9,4,0,13,5,12,13,0,30,8,0,8,38
07/11/2021,LWB,WV,AEA,EN,Federal Contract Tower,4,6,19,0,29,0,2,1,0,3,4,8,20,0,32,0,0,0,32
07/12/2021,LWB,WV,AEA,EN,Federal Contract Tower,4,4,6,0,14,0,0,4,0,4,4,4,10,0,18,0,0,0,18
07/13/2021,LWB,WV,AEA,EN,Federal Contract Tower,5,7,6,0,18,0,3,8,0,11,5,10,14,0,29,4,0,4,33
07/14/2021,LWB,WV,AEA,EN,Federal Contract Tower,4,12,10,0,26,0,3,8,0,11,4,15,18,0,37,2,0,2,39
07/15/2021,LWB,WV,AEA,EN,Federal Contract Tower,2,6,30,0,38,0,2,32,0,34,2,8,62,0,72,10,0,10,82
07/16/2021,LWB,WV,AEA,EN,Federal Contract Tower,2,10,11,4,27,0,3,12,2,17,2,13,23,6,44,0,0,0,44
07/17/2021,LWB,WV,AEA,EN,Federal Contract Tower,4,5,7,0,16,0,1,10,2,13,4,6,17,2,29,0,0,0,29
07/18/2021,LWB,WV,AEA,EN,Federal Contract Tower,4,10,17,0,31,0,3,6,0,9,4,13,23,0,40,0,0,0,40
07/19/2021,LWB,WV,AEA,EN,Federal Contract Tower,4,8,17,0,29,0,5,2,0,7,4,13,19,0,36,0,0,0,36
07/20/2021,LWB,WV,AEA,EN,Federal Contract Tower,3,11,7,0,21,0,5,4,0,9,3,16,11,0,30,0,0,0,30
07/21/2021,LWB,WV,AEA,EN,Federal Contract Tower,3,3,15,0,21,0,3,4,0,7,3,6,19,0,28,0,0,0,28
07/22/2021,LWB,WV,AEA,EN,Federal Contract Tower,3,7,19,5,34,0,5,0,0,5,3,12,19,5,39,0,0,0,39
07/23/2021,LWB,WV,AEA,EN,Federal Contract Tower,3,11,9,6,29,0,3,7,0,10,3,14,16,6,39,0,10,10,49
07/24/2021,LWB,WV,AEA,EN,Federal Contract Tower,5,8,19,0,32,0,2,8,2,12,5,10,27,2,44,4,0,4,48
07/25/2021,LWB,WV,AEA,EN,Federal Contract Tower,5,9,20,0,34,0,2,7,0,9,5,11,27,0,43,10,0,10,53
07/26/2021,LWB,WV,AEA,EN,Federal Contract Tower,4,9,9,0,22,0,4,0,0,4,4,13,9,0,26,0,0,0,26
07/27/2021,LWB,WV,AEA,EN,Federal Contract Tower,5,9,12,0,26,0,2,1,4,7,5,11,13,4,33,0,0,0,33
07/28/2021,LWB,WV,AEA,EN,Federal Contract Tower,3,7,8,0,18,0,2,7,4,13,3,9,15,4,31,0,0,0,31
07/30/2021,LWB,WV,AEA,EN,Federal Contract Tower,3,12,17,1,33,0,2,14,1,17,3,14,31,2,50,0,4,4,54
07/31/2021,LWB,WV,AEA,EN,Federal Contract Tower,5,6,14,0,25,0,2,9,0,11,5,8,23,0,36,8,0,8,44
08/01/2021,LWB,WV,AEA,EN,Federal Contract Tower,5,19,15,0,39,0,1,8,0,9,5,20,23,0,48,10,0,10,58
08/02/2021,LWB,WV,AEA,EN,Federal Contract Tower,5,7,10,0,22,0,0,6,0,6,5,7,16,0,28,10,0,10,38
08/03/2021,LWB,WV,AEA,EN,Federal Contract Tower,3,5,14,4,26,0,4,2,4,10,3,9,16,8,36,0,0,0,36
08/04/2021,LWB,WV,AEA,EN,Federal Contract Tower,1,7,8,3,19,0,3,18,0,21,1,10,26,3,40,6,0,6,46
08/05/2021,LWB,WV,AEA,EN,Federal Contract Tower,3,8,9,0,20,0,6,15,0,21,3,14,24,0,41,4,0,4,45
08/06/2021,LWB,WV,AEA,EN,Federal Contract Tower,4,5,7,0,16,0,2,6,0,8,4,7,13,0,24,0,0,0,24
08/07/2021,LWB,WV,AEA,EN,Federal Contract Tower,5,3,10,0,18,0,3,11,0,14,5,6,21,0,32,16,0,16,48
08/08/2021,LWB,WV,AEA,EN,Federal Contract Tower,4,16,25,0,45,0,2,5,0,7,4,18,30,0,52,0,0,0,52
08/09/2021,LWB,WV,AEA,EN,Federal Contract Tower,3,3,22,0,28,0,3,22,0,25,3,6,44,0,53,6,0,6,59
08/10/2021,LWB,WV,AEA,EN,Federal Contract Tower,2,4,14,0,20,0,2,6,0,8,2,6,20,0,28,6,0,6,34
08/11/2021,LWB,WV,AEA,EN,Federal Contract Tower,1,6,16,0,23,0,0,13,0,13,1,6,29,0,36,2,0,2,38
08/12/2021,LWB,WV,AEA,EN,Federal Contract Tower,3,6,21,0,30,0,0,14,0,14,3,6,35,0,44,12,0,12,56
08/13/2021,LWB,WV,AEA,EN,Federal Contract Tower,2,4,10,0,16,0,4,3,0,7,2,8,13,0,23,8,0,8,31
08/14/2021,LWB,WV,AEA,EN,Federal Contract Tower,4,0,12,0,16,0,0,0,2,2,4,0,12,2,18,0,0,0,18
08/15/2021,LWB,WV,AEA,EN,Federal Contract Tower,4,15,32,0,51,0,0,0,0,0,4,15,32,0,51,0,0,0,51
08/16/2021,LWB,WV,AEA,EN,Federal Contract Tower,2,10,4,0,16,0,0,5,0,5,2,10,9,0,21,12,0,12,33
08/17/2021,LWB,WV,AEA,EN,Federal Contract Tower,2,7,9,0,18,0,0,0,0,0,2,7,9,0,18,0,0,0,18
08/18/2021,LWB,WV,AEA,EN,Federal Contract Tower,2,13,15,0,30,0,0,3,0,3,2,13,18,0,33,0,0,0,33
08/19/2021,LWB,WV,AEA,EN,Federal Contract Tower,4,4,4,0,12,0,0,6,0,6,4,4,10,0,18,4,0,4,22
08/20/2021,LWB,WV,AEA,EN,Federal Contract Tower,2,17,10,4,33,0,0,4,4,8,2,17,14,8,41,10,8,18,59
08/21/2021,LWB,WV,AEA,EN,Federal Contract Tower,6,11,8,0,25,0,2,11,0,13,6,13,19,0,38,20,0,20,58
08/22/2021,LWB,WV,AEA,EN,Federal Contract Tower,5,19,21,0,45,0,1,18,0,19,5,20,39,0,64,24,0,24,88
08/23/2021,LWB,WV,AEA,EN,Federal Contract Tower,5,9,11,0,25,0,4,2,0,6,5,13,13,0,31,0,0,0,31
08/24/2021,LWB,WV,AEA,EN,Federal Contract Tower,2,3,6,3,14,0,3,6,3,12,2,6,12,6,26,6,4,10,36
08/25/2021,LWB,WV,AEA,EN,Federal Contract Tower,3,2,12,0,17,0,0,7,1,8,3,2,19,1,25,8,0,8,33
08/26/2021,LWB,WV,AEA,EN,Federal Contract Tower,2,19,15,2,38,0,0,6,0,6,2,19,21,2,44,0,0,0,44
08/27/2021,LWB,WV,AEA,EN,Federal Contract Tower,2,10,14,0,26,0,2,5,0,7,2,12,19,0,33,0,0,0,33
08/28/2021,LWB,WV,AEA,EN,Federal Contract Tower,4,7,8,0,19,0,3,13,0,16,4,10,21,0,35,2,0,2,37
08/29/2021,LWB,WV,AEA,EN,Federal Contract Tower,5,10,20,0,35,0,6,28,0,34,5,16,48,0,69,0,0,0,69
08/30/2021,LWB,WV,AEA,EN,Federal Contract Tower,3,17,12,0,32,0,0,0,0,0,3,17,12,0,32,0,0,0,32
08/31/2021,LWB,WV,AEA,EN,Federal Contract Tower,4,0,7,0,11,0,0,6,0,6,4,0,13,0,17,0,0,0,17
09/01/2021,LWB,WV,AEA,EN,Federal Contract Tower,3,15,10,0,28,0,0,0,0,0,3,15,10,0,28,0,0,0,28
09/02/2021,LWB,WV,AEA,EN,Federal Contract Tower,3,5,14,0,22,0,0,64,2,66,3,5,78,2,88,22,14,36,124
09/03/2021,LWB,WV,AEA,EN,Federal Contract Tower,2,20,6,0,28,0,8,15,0,23,2,28,21,0,51,4,0,4,55
09/04/2021,LWB,WV,AEA,EN,Federal Contract Tower,5,2,9,0,16,0,9,8,0,17,5,11,17,0,33,0,0,0,33
09/05/2021,LWB,WV,AEA,EN,Federal Contract Tower,5,4,11,0,20,0,0,2,0,2,5,4,13,0,22,0,0,0,22
09/06/2021,LWB,WV,AEA,EN,Federal Contract Tower,3,11,26,0,40,0,2,9,0,11,3,13,35,0,51,0,0,0,51
09/07/2021,LWB,WV,AEA,EN,Federal Contract Tower,4,11,10,0,25,0,0,17,0,17,4,11,27,0,42,16,0,16,58
09/08/2021,LWB,WV,AEA,EN,Federal Contract Tower,2,8,10,0,20,0,2,0,0,2,2,10,10,0,22,0,0,0,22
09/09/2021,LWB,WV,AEA,EN,Federal Contract Tower,3,5,15,0,23,0,2,0,6,8,3,7,15,6,31,0,10,10,41
09/10/2021,LWB,WV,AEA,EN,Federal Contract Tower,3,4,22,0,29,0,14,18,15,47,3,18,40,15,76,8,10,18,94
09/11/2021,LWB,WV,AEA,EN,Federal Contract Tower,5,5,15,0,25,0,3,14,2,19,5,8,29,2,44,8,0,8,52
09/12/2021,LWB,WV,AEA,EN,Federal Contract Tower,7,4,18,1,30,0,2,7,4,13,7,6,25,5,43,4,18,22,65
09/13/2021,LWB,WV,AEA,EN,Federal Contract Tower,2,3,15,0,20,0,2,4,0,6,2,5,19,0,26,2,0,2,28
09/14/2021,LWB,WV,AEA,EN,Federal Contract Tower,3,4,4,0,11,0,4,8,0,12,3,8,12,0,23,20,0,20,43
09/15/2021,LWB,WV,AEA,EN,Federal Contract Tower,4,4,14,0,22,0,4,13,0,17,4,8,27,0,39,18,0,18,57
09/16/2021,LWB,WV,AEA,EN,Federal Contract Tower,3,4,17,0,24,0,2,4,0,6,3,6,21,0,30,0,0,0,30
09/17/2021,LWB,WV,AEA,EN,Federal Contract Tower,6,15,12,1,34,0,3,4,2,9,6,18,16,3,43,0,14,14,57
09/18/2021,LWB,WV,AEA,EN,Federal Contract Tower,9,4,9,0,22,0,2,6,0,8,9,6,15,0,30,0,0,0,30
09/19/2021,LWB,WV,AEA,EN,Federal Contract Tower,4,14,22,0,40,0,5,10,0,15,4,19,32,0,55,24,0,24,79
09/20/2021,LWB,WV,AEA,EN,Federal Contract Tower,3,6,17,0,26,0,0,0,0,0,3,6,17,0,26,0,0,0,26
09/21/2021,LWB,WV,AEA,EN,Federal Contract Tower,3,5,42,0,50,0,0,0,0,0,3,5,42,0,50,0,0,0,50
09/22/2021,LWB,WV,AEA,EN,Federal Contract Tower,3,6,55,0,64,0,2,4,0,6,3,8,59,0,70,0,0,0,70
09/23/2021,LWB,WV,AEA,EN,Federal Contract Tower,6,21,64,0,91,0,6,4,0,10,6,27,68,0,101,0,0,0,101
09/24/2021,LWB,WV,AEA,EN,Federal Contract Tower,4,7,32,0,43,0,4,41,4,49,4,11,73,4,92,36,4,40,132
09/25/2021,LWB,WV,AEA,EN,Federal Contract Tower,5,9,56,0,70,0,3,24,0,27,5,12,80,0,97,23,0,23,120
09/26/2021,LWB,WV,AEA,EN,Federal Contract Tower,5,12,76,0,93,0,2,17,0,19,5,14,93,0,112,0,0,0,112
09/27/2021,LWB,WV,AEA,EN,Federal Contract Tower,3,9,13,2,27,0,5,4,2,11,3,14,17,4,38,10,10,20,58
09/28/2021,LWB,WV,AEA,EN,Federal Contract Tower,3,3,17,0,23,0,1,11,0,12,3,4,28,0,35,4,0,4,39
09/29/2021,LWB,WV,AEA,EN,Federal Contract Tower,3,13,34,2,52,0,4,17,3,24,3,17,51,5,76,8,18,26,102
09/30/2021,LWB,WV,AEA,EN,Federal Contract Tower,4,9,14,0,27,0,2,11,0,13,4,11,25,0,40,22,0,22,62
10/01/2021,LWB,WV,AEA,EN,Federal Contract Tower,5,12,9,0,26,0,4,10,0,14,5,16,19,0,40,10,0,10,50
10/02/2021,LWB,WV,AEA,EN,Federal Contract Tower,5,9,23,0,37,0,4,20,0,24,5,13,43,0,61,0,0,0,61
10/03/2021,LWB,WV,AEA,EN,Federal Contract Tower,5,13,42,0,60,0,0,4,0,4,5,13,46,0,64,0,0,0,64
10/04/2021,LWB,WV,AEA,EN,Federal Contract Tower,3,5,8,0,16,0,1,3,0,4,3,6,11,0,20,4,0,4,24
10/05/2021,LWB,WV,AEA,EN,Federal Contract Tower,4,14,9,0,27,0,2,2,0,4,4,16,11,0,31,0,0,0,31
10/06/2021,LWB,WV,AEA,EN,Federal Contract Tower,3,8,11,0,22,0,0,0,0,0,3,8,11,0,22,0,0,0,22
10/07/2021,LWB,WV,AEA,EN,Federal Contract Tower,8,23,31,0,62,0,2,0,0,2,8,25,31,0,64,0,0,0,64
10/08/2021,LWB,WV,AEA,EN,Federal Contract Tower,4,15,23,0,42,0,0,3,0,3,4,15,26,0,45,10,0,10,55
10/09/2021,LWB,WV,AEA,EN,Federal Contract Tower,4,13,12,0,29,0,0,0,0,0,4,13,12,0,29,0,0,0,29
10/10/2021,LWB,WV,AEA,EN,Federal Contract Tower,6,11,46,0,63,0,0,10,0,10,6,11,56,0,73,0,0,0,73
10/11/2021,LWB,WV,AEA,EN,Federal Contract Tower,2,9,25,0,36,0,0,3,0,3,2,9,28,0,39,6,0,6,45
10/12/2021,LWB,WV,AEA,EN,Federal Contract Tower,4,4,16,0,24,0,3,3,0,6,4,7,19,0,30,10,0,10,40
10/13/2021,LWB,WV,AEA,EN,Federal Contract Tower,4,5,26,0,35,0,1,10,0,11,4,6,36,0,46,12,0,12,58
10/14/2021,LWB,WV,AEA,EN,Federal Contract Tower,4,18,31,0,53,0,6,7,0,13,4,24,38,0,66,0,0,0,66
10/15/2021,LWB,WV,AEA,EN,Federal Contract Tower,4,3,21,0,28,0,2,6,0,8,4,5,27,0,36,0,0,0,36
10/16/2021,LWB,WV,AEA,EN,Federal Contract Tower,4,6,13,0,23,0,0,0,0,0,4,6,13,0,23,0,0,0,23
10/17/2021,LWB,WV,AEA,EN,Federal Contract Tower,4,27,29,0,60,0,2,6,0,8,4,29,35,0,68,0,0,0,68
10/18/2021,LWB,WV,AEA,EN,Federal Contract Tower,4,18,17,0,39,0,7,16,0,23,4,25,33,0,62,10,0,10,72
10/19/2021,LWB,WV,AEA,EN,Federal Contract Tower,2,5,10,2,19,0,2,13,3,18,2,7,23,5,37,28,6,34,71
10/20/2021,LWB,WV,AEA,EN,Federal Contract Tower,5,13,11,0,29,0,1,10,0,11,5,14,21,0,40,6,0,6,46
10/21/2021,LWB,WV,AEA,EN,Federal Contract Tower,6,6,22,0,34,0,0,6,2,8,6,6,28,2,42,0,0,0,42
10/22/2021,LWB,WV,AEA,EN,Federal Contract Tower,0,9,22,0,31,0,6,13,0,19,0,15,35,0,50,16,0,16,66
10/23/2021,LWB,WV,AEA,EN,Federal Contract Tower,5,12,16,0,33,0,2,22,0,24,5,14,38,0,57,16,0,16,73
10/24/2021,LWB,WV,AEA,EN,Federal Contract Tower,3,12,30,0,45,0,4,14,0,18,3,16,44,0,63,20,0,20,83
10/25/2021,LWB,WV,AEA,EN,Federal Contract Tower,2,7,6,0,15,0,3,4,0,7,2,10,10,0,22,0,0,0,22
10/26/2021,LWB,WV,AEA,EN,Federal Contract Tower,4,8,4,0,16,0,2,1,0,3,4,10,5,0,19,0,0,0,19
10/27/2021,LWB,WV,AEA,EN,Federal Contract Tower,5,7,15,0,27,0,1,12,0,13,5,8,27,0,40,10,0,10,50
10/28/2021,LWB,WV,AEA,EN,Federal Contract Tower,5,8,5,0,18,0,0,1,0,1,5,8,6,0,19,0,0,0,19
10/29/2021,LWB,WV,AEA,EN,Federal Contract Tower,4,14,12,0,30,0,1,0,0,1,4,15,12,0,31,0,0,0,31
10/30/2021,LWB,WV,AEA,EN,Federal Contract Tower,4,3,4,0,11,0,0,0,0,0,4,3,4,0,11,0,0,0,11
10/31/2021,LWB,WV,AEA,EN,Federal Contract Tower,2,17,13,0,32,0,2,2,0,4,2,19,15,0,36,0,0,0,36
11/01/2021,LWB,WV,AEA,EN,Federal Contract Tower,4,2,5,0,11,0,3,22,0,25,4,5,27,0,36,16,0,16,52
11/02/2021,LWB,WV,AEA,EN,Federal Contract Tower,2,12,5,0,19,0,1,0,0,1,2,13,5,0,20,0,0,0,20
11/03/2021,LWB,WV,AEA,EN,Federal Contract Tower,4,3,0,0,7,0,0,10,0,10,4,3,10,0,17,16,0,16,33
11/04/2021,LWB,WV,AEA,EN,Federal Contract Tower,4,5,5,0,14,0,4,3,2,9,4,9,8,2,23,0,0,0,23
11/05/2021,LWB,WV,AEA,EN,Federal Contract Tower,4,0,6,0,10,2,6,2,0,10,6,6,8,0,20,10,0,10,30
11/06/2021,LWB,WV,AEA,EN,Federal Contract Tower,4,4,11,0,19,0,0,9,4,13,4,4,20,4,32,0,6,6,38
11/07/2021,LWB,WV,AEA,EN,Federal Contract Tower,4,2,12,0,18,0,8,26,2,36,4,10,38,2,54,0,0,0,54
11/08/2021,LWB,WV,AEA,EN,Federal Contract Tower,6,4,7,0,17,0,2,17,4,23,6,6,24,4,40,16,0,16,56
11/09/2021,LWB,WV,AEA,EN,Federal Contract Tower,2,0,2,6,10,0,1,13,2,16,2,1,15,8,26,2,6,8,34
11/10/2021,LWB,WV,AEA,EN,Federal Contract Tower,2,4,7,3,16,0,0,10,3,13,2,4,17,6,29,8,10,18,47
11/11/2021,LWB,WV,AEA,EN,Federal Contract Tower,4,9,6,0,19,0,4,3,0,7,4,13,9,0,26,0,0,0,26
11/12/2021,LWB,WV,AEA,EN,Federal Contract Tower,4,4,9,0,17,0,1,10,0,11,4,5,19,0,28,0,0,0,28
11/13/2021,LWB,WV,AEA,EN,Federal Contract Tower,4,1,3,0,8,0,0,1,0,1,4,1,4,0,9,0,0,0,9
11/14/2021,LWB,WV,AEA,EN,Federal Contract Tower,4,10,12,0,26,0,1,1,0,2,4,11,13,0,28,0,0,0,28
11/15/2021,LWB,WV,AEA,EN,Federal Contract Tower,4,0,8,0,12,0,2,0,0,2,4,2,8,0,14,0,0,0,14
11/16/2021,LWB,WV,AEA,EN,Federal Contract Tower,2,0,2,2,6,0,2,6,0,8,2,2,8,2,14,6,8,14,28
11/17/2021,LWB,WV,AEA,EN,Federal Contract Tower,2,1,8,0,11,0,0,8,0,8,2,1,16,0,19,8,0,8,27
11/18/2021,LWB,WV,AEA,EN,Federal Contract Tower,4,1,7,2,14,0,0,1,0,1,4,1,8,2,15,0,0,0,15
11/19/2021,LWB,WV,AEA,EN,Federal Contract Tower,4,4,4,0,12,0,1,4,0,5,4,5,8,0,17,0,0,0,17
11/20/2021,LWB,WV,AEA,EN,Federal Contract Tower,4,0,10,4,18,0,2,16,11,29,4,2,26,15,47,22,12,34,81
11/21/2021,LWB,WV,AEA,EN,Federal Contract Tower,4,2,13,0,19,0,3,0,0,3,4,5,13,0,22,0,0,0,22
11/22/2021,LWB,WV,AEA,EN,Federal Contract Tower,4,2,3,12,21,0,4,0,6,10,4,6,3,18,31,0,16,16,47
11/23/2021,LWB,WV,AEA,EN,Federal Contract Tower,6,10,10,0,26,0,3,6,0,9,6,13,16,0,35,4,0,4,39
11/24/2021,LWB,WV,AEA,EN,Federal Contract Tower,4,7,24,0,35,0,1,20,0,21,4,8,44,0,56,22,0,22,78
11/25/2021,LWB,WV,AEA,EN,Federal Contract Tower,2,9,1,0,12,0,2,1,0,3,2,11,2,0,15,0,0,0,15
11/26/2021,LWB,WV,AEA,EN,Federal Contract Tower,2,7,7,0,16,0,2,0,0,2,2,9,7,0,18,0,0,0,18
11/27/2021,LWB,WV,AEA,EN,Federal Contract Tower,4,6,15,0,25,0,2,8,0,10,4,8,23,0,35,14,0,14,49
11/28/2021,LWB,WV,AEA,EN,Federal Contract Tower,4,15,26,0,45,0,1,1,0,2,4,16,27,0,47,0,0,0,47
11/29/2021,LWB,WV,AEA,EN,Federal Contract Tower,4,3,9,0,16,0,3,3,4,10,4,6,12,4,26,0,0,0,26
11/30/2021,LWB,WV,AEA,EN,Federal Contract Tower,2,3,2,3,10,0,5,3,1,9,2,8,5,4,19,0,2,2,21
12/01/2021,LWB,WV,AEA,EN,Federal Contract Tower,2,2,8,0,12,0,2,16,0,18,2,4,24,0,30,36,0,36,66
12/02/2021,LWB,WV,AEA,EN,Federal Contract Tower,3,3,4,0,10,0,2,1,0,3,3,5,5,0,13,0,0,0,13
12/03/2021,LWB,WV,AEA,EN,Federal Contract Tower,3,7,9,2,21,0,4,15,2,21,3,11,24,4,42,34,0,34,76
12/04/2021,LWB,WV,AEA,EN,Federal Contract Tower,3,4,2,2,11,0,3,7,3,13,3,7,9,5,24,6,6,12,36
12/05/2021,LWB,WV,AEA,EN,Federal Contract Tower,3,1,5,1,10,0,5,2,7,14,3,6,7,8,24,0,0,0,24
12/06/2021,LWB,WV,AEA,EN,Federal Contract Tower,3,3,3,0,9,0,0,1,0,1,3,3,4,0,10,0,0,0,10
12/07/2021,LWB,WV,AEA,EN,Federal Contract Tower,1,2,4,0,7,0,7,9,8,24,1,9,13,8,31,18,6,24,55
12/08/2021,LWB,WV,AEA,EN,Federal Contract Tower,3,0,3,0,6,0,0,0,0,0,3,0,3,0,6,0,0,0,6
12/09/2021,LWB,WV,AEA,EN,Federal Contract Tower,3,0,13,0,16,0,0,19,7,26,3,0,32,7,42,40,16,56,98
12/10/2021,LWB,WV,AEA,EN,Federal Contract Tower,3,4,5,0,12,0,0,0,0,0,3,4,5,0,12,0,0,0,12
12/11/2021,LWB,WV,AEA,EN,Federal Contract Tower,4,0,2,0,6,0,0,0,0,0,4,0,2,0,6,0,0,0,6
12/12/2021,LWB,WV,AEA,EN,Federal Contract Tower,3,7,6,0,16,0,3,7,0,10,3,10,13,0,26,6,0,6,32
12/13/2021,LWB,WV,AEA,EN,Federal Contract Tower,3,2,6,0,11,0,6,12,4,22,3,8,18,4,33,0,4,4,37
12/14/2021,LWB,WV,AEA,EN,Federal Contract Tower,1,0,4,0,5,0,7,26,0,33,1,7,30,0,38,30,0,30,68
12/15/2021,LWB,WV,AEA,EN,Federal Contract Tower,1,1,3,2,7,0,2,15,3,20,1,3,18,5,27,6,18,24,51
12/16/2021,LWB,WV,AEA,EN,Federal Contract Tower,1,0,9,1,11,0,0,2,9,11,1,0,11,10,22,0,10,10,32
12/17/2021,LWB,WV,AEA,EN,Federal Contract Tower,2,0,10,0,12,0,0,0,0,0,2,0,10,0,12,0,0,0,12
12/18/2021,LWB,WV,AEA,EN,Federal Contract Tower,2,0,1,0,3,0,0,0,0,0,2,0,1,0,3,0,0,0,3
12/19/2021,LWB,WV,AEA,EN,Federal Contract Tower,0,0,17,0,17,0,1,2,0,3,0,1,19,0,20,0,0,0,20
12/20/2021,LWB,WV,AEA,EN,Federal Contract Tower,3,2,9,0,14,0,2,11,0,13,3,4,20,0,27,6,0,6,33
12/21/2021,LWB,WV,AEA,EN,Federal Contract Tower,1,2,12,0,15,0,6,13,0,19,1,8,25,0,34,14,0,14,48
12/22/2021,LWB,WV,AEA,EN,Federal Contract Tower,1,9,12,0,22,0,4,2,0,6,1,13,14,0,28,0,0,0,28
12/23/2021,LWB,WV,AEA,EN,Federal Contract Tower,2,4,1,0,7,0,0,15,0,15,2,4,16,0,22,10,0,10,32
12/24/2021,LWB,WV,AEA,EN,Federal Contract Tower,2,2,6,0,10,0,0,0,0,0,2,2,6,0,10,0,0,0,10
12/25/2021,LWB,WV,AEA,EN,Federal Contract Tower,0,0,2,0,2,0,0,0,0,0,0,0,2,0,2,0,0,0,2
12/26/2021,LWB,WV,AEA,EN,Federal Contract Tower,1,5,19,0,25,0,0,4,0,4,1,5,23,0,29,0,0,0,29
12/27/2021,LWB,WV,AEA,EN,Federal Contract Tower,3,3,2,0,8,0,0,0,0,0,3,3,2,0,8,0,0,0,8
12/28/2021,LWB,WV,AEA,EN,Federal Contract Tower,0,12,13,0,25,0,0,4,0,4,0,12,17,0,29,4,0,4,33
12/29/2021,LWB,WV,AEA,EN,Federal Contract Tower,0,5,5,0,10,0,0,0,0,0,0,5,5,0,10,0,0,0,10
12/30/2021,LWB,WV,AEA,EN,Federal Contract Tower,1,6,17,0,24,0,0,0,0,0,1,6,17,0,24,0,0,0,24
12/31/2021,LWB,WV,AEA,EN,Federal Contract Tower,1,5,7,0,13,0,2,5,0,7,1,7,12,0,20,16,0,16,36
01/01/2022,LWB,WV,AEA,EN,Federal Contract Tower,1,6,3,0,10,0,0,2,0,2,1,6,5,0,12,0,0,0,12
01/02/2022,LWB,WV,AEA,EN,Federal Contract Tower,0,5,9,0,14,0,0,0,0,0,0,5,9,0,14,0,0,0,14
01/03/2022,LWB,WV,AEA,EN,Federal Contract Tower,0,1,16,0,17,0,0,0,0,0,0,1,16,0,17,0,0,0,17
01/04/2022,LWB,WV,AEA,EN,Federal Contract Tower,0,0,3,0,3,0,5,25,0,30,0,5,28,0,33,32,0,32,65
01/05/2022,LWB,WV,AEA,EN,Federal Contract Tower,2,3,11,0,16,0,1,4,2,7,2,4,15,2,23,8,0,8,31
01/06/2022,LWB,WV,AEA,EN,Federal Contract Tower,0,0,3,0,3,0,0,0,0,0,0,0,3,0,3,0,0,0,3
01/07/2022,LWB,WV,AEA,EN,Federal Contract Tower,2,0,0,0,2,0,0,0,0,0,2,0,0,0,2,0,0,0,2
01/08/2022,LWB,WV,AEA,EN,Federal Contract Tower,1,2,8,0,11,0,4,9,2,15,1,6,17,2,26,24,0,24,50
01/09/2022,LWB,WV,AEA,EN,Federal Contract Tower,2,0,1,0,3,0,0,0,0,0,2,0,1,0,3,0,0,0,3
01/10/2022,LWB,WV,AEA,EN,Federal Contract Tower,2,0,9,0,11,0,1,6,0,7,2,1,15,0,18,0,0,0,18
01/11/2022,LWB,WV,AEA,EN,Federal Contract Tower,0,2,12,0,14,0,0,9,0,9,0,2,21,0,23,6,0,6,29
01/12/2022,LWB,WV,AEA,EN,Federal Contract Tower,2,3,3,6,14,0,2,4,1,7,2,5,7,7,21,0,0,0,21
01/13/2022,LWB,WV,AEA,EN,Federal Contract Tower,2,2,1,0,5,0,0,7,2,9,2,2,8,2,14,8,0,8,22
01/14/2022,LWB,WV,AEA,EN,Federal Contract Tower,2,2,1,0,5,0,0,1,0,1,2,2,2,0,6,0,0,0,6
01/15/2022,LWB,WV,AEA,EN,Federal Contract Tower,2,1,0,0,3,0,2,4,0,6,2,3,4,0,9,18,0,18,27
01/16/2022,LWB,WV,AEA,EN,Federal Contract Tower,0,0,0,0,0,0,0,0,0,0,0,0,0,0,0,0,0,0,0
01/17/2022,LWB,WV,AEA,EN,Federal Contract Tower,0,0,0,0,0,0,0,0,0,0,0,0,0,0,0,0,0,0,0
01/18/2022,LWB,WV,AEA,EN,Federal Contract Tower,0,0,3,0,3,0,1,1,0,2,0,1,4,0,5,0,0,0,5
01/19/2022,LWB,WV,AEA,EN,Federal Contract Tower,2,4,5,0,11,0,0,3,0,3,2,4,8,0,14,10,0,10,24
01/20/2022,LWB,WV,AEA,EN,Federal Contract Tower,2,2,0,0,4,0,0,1,0,1,2,2,1,0,5,0,0,0,5
01/21/2022,LWB,WV,AEA,EN,Federal Contract Tower,2,2,0,0,4,0,0,3,0,3,2,2,3,0,7,0,0,0,7
01/22/2022,LWB,WV,AEA,EN,Federal Contract Tower,2,0,6,0,8,0,3,10,5,18,2,3,16,5,26,0,0,0,26
01/23/2022,LWB,WV,AEA,EN,Federal Contract Tower,2,0,4,0,6,0,0,1,0,1,2,0,5,0,7,0,0,0,7
01/24/2022,LWB,WV,AEA,EN,Federal Contract Tower,0,0,4,0,4,0,2,1,8,11,0,2,5,8,15,0,6,6,21
01/25/2022,LWB,WV,AEA,EN,Federal Contract Tower,2,0,2,2,6,0,0,4,3,7,2,0,6,5,13,0,4,4,17
01/26/2022,LWB,WV,AEA,EN,Federal Contract Tower,2,1,7,0,10,0,1,6,7,14,2,2,13,7,24,0,0,0,24
01/27/2022,LWB,WV,AEA,EN,Federal Contract Tower,2,0,9,0,11,0,3,12,0,15,2,3,21,0,26,4,0,4,30
01/28/2022,LWB,WV,AEA,EN,Federal Contract Tower,2,2,3,2,9,0,2,0,0,2,2,4,3,2,11,0,0,0,11
01/29/2022,LWB,WV,AEA,EN,Federal Contract Tower,2,0,3,0,5,0,0,3,0,3,2,0,6,0,8,0,0,0,8
01/30/2022,LWB,WV,AEA,EN,Federal Contract Tower,2,0,7,0,9,0,1,3,0,4,2,1,10,0,13,2,0,2,15
01/31/2022,LWB,WV,AEA,EN,Federal Contract Tower,2,2,2,0,6,0,5,9,4,18,2,7,11,4,24,8,0,8,32
02/01/2022,LWB,WV,AEA,EN,Federal Contract Tower,2,1,9,4,16,0,7,2,3,12,2,8,11,7,28,6,4,10,38
02/02/2022,LWB,WV,AEA,EN,Federal Contract Tower,0,0,3,1,4,0,6,1,2,9,0,6,4,3,13,0,24,24,37
02/03/2022,LWB,WV,AEA,EN,Federal Contract Tower,2,2,1,0,5,0,0,0,0,0,2,2,1,0,5,0,0,0,5
02/04/2022,LWB,WV,AEA,EN,Federal Contract Tower,3,0,2,0,5,0,0,0,0,0,3,0,2,0,5,0,0,0,5
02/05/2022,LWB,WV,AEA,EN,Federal Contract Tower,2,0,0,0,2,0,1,4,0,5,2,1,4,0,7,0,0,0,7
02/06/2022,LWB,WV,AEA,EN,Federal Contract Tower,2,0,3,0,5,0,3,17,0,20,2,3,20,0,25,18,0,18,43
02/07/2022,LWB,WV,AEA,EN,Federal Contract Tower,2,0,4,0,6,0,5,0,0,5,2,5,4,0,11,0,0,0,11
02/08/2022,LWB,WV,AEA,EN,Federal Contract Tower,2,1,3,2,8,0,3,2,5,10,2,4,5,7,18,0,32,32,50
02/09/2022,LWB,WV,AEA,EN,Federal Contract Tower,2,0,6,4,12,0,0,3,4,7,2,0,9,8,19,0,6,6,25
02/10/2022,LWB,WV,AEA,EN,Federal Contract Tower,2,2,5,0,9,0,3,3,0,6,2,5,8,0,15,0,0,0,15
02/11/2022,LWB,WV,AEA,EN,Federal Contract Tower,2,1,7,2,12,0,2,3,0,5,2,3,10,2,17,0,4,4,21
02/12/2022,LWB,WV,AEA,EN,Federal Contract Tower,2,0,3,0,5,0,0,2,0,2,2,0,5,0,7,0,0,0,7
02/13/2022,LWB,WV,AEA,EN,Federal Contract Tower,2,2,6,0,10,0,0,1,0,1,2,2,7,0,11,0,0,0,11
02/14/2022,LWB,WV,AEA,EN,Federal Contract Tower,4,0,4,0,8,0,3,0,0,3,4,3,4,0,11,2,0,2,13
02/15/2022,LWB,WV,AEA,EN,Federal Contract Tower,2,0,8,5,15,0,5,17,0,22,2,5,25,5,37,18,0,18,55
02/16/2022,LWB,WV,AEA,EN,Federal Contract Tower,2,0,6,1,9,0,1,7,3,11,2,1,13,4,20,6,10,16,36
02/17/2022,LWB,WV,AEA,EN,Federal Contract Tower,0,1,1,0,2,0,0,0,0,0,0,1,1,0,2,0,0,0,2
02/18/2022,LWB,WV,AEA,EN,Federal Contract Tower,2,0,5,0,7,0,0,1,0,1,2,0,6,0,8,0,0,0,8
02/19/2022,LWB,WV,AEA,EN,Federal Contract Tower,2,4,5,0,11,0,1,2,0,3,2,5,7,0,14,0,0,0,14
02/20/2022,LWB,WV,AEA,EN,Federal Contract Tower,2,1,2,0,5,0,6,8,0,14,2,7,10,0,19,8,0,8,27
02/21/2022,LWB,WV,AEA,EN,Federal Contract Tower,2,2,15,0,19,0,3,27,0,30,2,5,42,0,49,4,0,4,53
02/22/2022,LWB,WV,AEA,EN,Federal Contract Tower,2,2,4,0,8,0,0,0,0,0,2,2,4,0,8,0,0,0,8
02/23/2022,LWB,WV,AEA,EN,Federal Contract Tower,2,0,12,0,14,0,0,2,0,2,2,0,14,0,16,0,0,0,16
02/24/2022,LWB,WV,AEA,EN,Federal Contract Tower,2,0,4,0,6,0,0,0,0,0,2,0,4,0,6,0,0,0,6
02/25/2022,LWB,WV,AEA,EN,Federal Contract Tower,2,2,7,0,11,0,0,0,0,0,2,2,7,0,11,0,0,0,11
02/26/2022,LWB,WV,AEA,EN,Federal Contract Tower,2,2,7,0,11,0,1,12,2,15,2,3,19,2,26,14,0,14,40
02/27/2022,LWB,WV,AEA,EN,Federal Contract Tower,2,0,11,0,13,0,3,12,0,15,2,3,23,0,28,14,0,14,42
02/28/2022,LWB,WV,AEA,EN,Federal Contract Tower,2,0,7,0,9,0,1,17,2,20,2,1,24,2,29,4,0,4,33
03/01/2022,LWB,WV,AEA,EN,Federal Contract Tower,2,0,3,3,8,0,1,5,2,8,2,1,8,5,16,0,4,4,20
03/02/2022,LWB,WV,AEA,EN,Federal Contract Tower,2,2,7,0,11,0,0,0,0,0,2,2,7,0,11,0,0,0,11
03/03/2022,LWB,WV,AEA,EN,Federal Contract Tower,4,0,3,2,9,0,2,2,3,7,4,2,5,5,16,0,0,0,16
03/04/2022,LWB,WV,AEA,EN,Federal Contract Tower,4,0,6,0,10,0,2,13,10,25,4,2,19,10,35,22,0,22,57
03/05/2022,LWB,WV,AEA,EN,Federal Contract Tower,4,4,7,0,15,0,5,6,0,11,4,9,13,0,26,6,0,6,32
03/06/2022,LWB,WV,AEA,EN,Federal Contract Tower,2,0,5,0,7,0,7,3,0,10,2,7,8,0,17,0,0,0,17
03/07/2022,LWB,WV,AEA,EN,Federal Contract Tower,2,0,5,0,7,0,0,1,0,1,2,0,6,0,8,0,0,0,8
03/08/2022,LWB,WV,AEA,EN,Federal Contract Tower,4,2,1,2,9,0,1,10,0,11,4,3,11,2,20,0,0,0,20
03/09/2022,LWB,WV,AEA,EN,Federal Contract Tower,2,2,5,0,9,0,0,0,0,0,2,2,5,0,9,0,0,0,9
03/10/2022,LWB,WV,AEA,EN,Federal Contract Tower,6,1,2,0,9,0,2,3,0,5,6,3,5,0,14,0,0,0,14
03/11/2022,LWB,WV,AEA,EN,Federal Contract Tower,2,2,6,0,10,0,4,6,0,10,2,6,12,0,20,4,0,4,24
03/12/2022,LWB,WV,AEA,EN,Federal Contract Tower,4,0,2,0,6,0,0,0,0,0,4,0,2,0,6,0,0,0,6
03/13/2022,LWB,WV,AEA,EN,Federal Contract Tower,4,6,12,0,22,0,3,4,0,7,4,9,16,0,29,2,0,2,31
03/14/2022,LWB,WV,AEA,EN,Federal Contract Tower,3,0,5,0,8,0,2,12,0,14,3,2,17,0,22,10,0,10,32
03/15/2022,LWB,WV,AEA,EN,Federal Contract Tower,7,2,9,0,18,0,1,11,2,14,7,3,20,2,32,2,0,2,34
03/16/2022,LWB,WV,AEA,EN,Federal Contract Tower,4,0,5,3,12,0,0,4,6,10,4,0,9,9,22,0,0,0,22
03/17/2022,LWB,WV,AEA,EN,Federal Contract Tower,4,2,21,0,27,0,0,4,0,4,4,2,25,0,31,0,0,0,31
03/18/2022,LWB,WV,AEA,EN,Federal Contract Tower,4,0,6,0,10,0,2,6,0,8,4,2,12,0,18,0,0,0,18
03/19/2022,LWB,WV,AEA,EN,Federal Contract Tower,4,1,2,0,7,0,2,2,0,4,4,3,4,0,11,0,0,0,11
03/20/2022,LWB,WV,AEA,EN,Federal Contract Tower,4,0,12,0,16,0,0,3,0,3,4,0,15,0,19,0,0,0,19
03/21/2022,LWB,WV,AEA,EN,Federal Contract Tower,5,1,14,0,20,0,0,18,1,19,5,1,32,1,39,6,0,6,45
03/22/2022,LWB,WV,AEA,EN,Federal Contract Tower,3,2,9,4,18,0,2,12,0,14,3,4,21,4,32,6,10,16,48
03/23/2022,LWB,WV,AEA,EN,Federal Contract Tower,4,0,4,0,8,0,0,0,0,0,4,0,4,0,8,0,0,0,8
03/24/2022,LWB,WV,AEA,EN,Federal Contract Tower,4,4,8,0,16,0,6,11,2,19,4,10,19,2,35,0,0,0,35
03/25/2022,LWB,WV,AEA,EN,Federal Contract Tower,6,1,4,2,13,0,2,5,1,8,6,3,9,3,21,0,4,4,25
03/26/2022,LWB,WV,AEA,EN,Federal Contract Tower,6,2,3,0,11,0,0,0,0,0,6,2,3,0,11,0,0,0,11
03/27/2022,LWB,WV,AEA,EN,Federal Contract Tower,4,2,4,0,10,0,0,0,0,0,4,2,4,0,10,0,0,0,10
03/28/2022,LWB,WV,AEA,EN,Federal Contract Tower,2,3,11,2,18,0,0,5,2,7,2,3,16,4,25,0,4,4,29
03/29/2022,LWB,WV,AEA,EN,Federal Contract Tower,4,2,1,1,8,0,0,13,3,16,4,2,14,4,24,16,12,28,52
03/30/2022,LWB,WV,AEA,EN,Federal Contract Tower,5,0,6,4,15,0,4,0,0,4,5,4,6,4,19,0,0,0,19
03/31/2022,LWB,WV,AEA,EN,Federal Contract Tower,2,5,6,0,13,0,0,1,0,1,2,5,7,0,14,0,0,0,14
04/01/2022,LWB,WV,AEA,EN,Federal Contract Tower,7,2,2,0,11,0,0,2,0,2,7,2,4,0,13,0,0,0,13
04/02/2022,LWB,WV,AEA,EN,Federal Contract Tower,3,1,18,0,22,0,3,28,0,31,3,4,46,0,53,4,0,4,57
04/03/2022,LWB,WV,AEA,EN,Federal Contract Tower,4,7,8,0,19,0,7,3,0,10,4,14,11,0,29,0,0,0,29
04/04/2022,LWB,WV,AEA,EN,Federal Contract Tower,4,0,8,0,12,0,2,8,0,10,4,2,16,0,22,6,0,6,28
04/05/2022,LWB,WV,AEA,EN,Federal Contract Tower,3,2,5,0,10,0,0,0,0,0,3,2,5,0,10,0,0,0,10
04/06/2022,LWB,WV,AEA,EN,Federal Contract Tower,3,5,4,0,12,0,0,8,0,8,3,5,12,0,20,16,0,16,36
04/07/2022,LWB,WV,AEA,EN,Federal Contract Tower,4,3,11,2,20,0,0,8,0,8,4,3,19,2,28,0,0,0,28
04/08/2022,LWB,WV,AEA,EN,Federal Contract Tower,2,6,6,0,14,0,0,3,0,3,2,6,9,0,17,0,0,0,17
04/09/2022,LWB,WV,AEA,EN,Federal Contract Tower,4,0,3,0,7,0,0,0,0,0,4,0,3,0,7,0,0,0,7
04/10/2022,LWB,WV,AEA,EN,Federal Contract Tower,5,7,15,0,27,0,8,11,0,19,5,15,26,0,46,2,0,2,48
04/11/2022,LWB,WV,AEA,EN,Federal Contract Tower,4,4,5,0,13,0,2,13,0,15,4,6,18,0,28,8,0,8,36
04/12/2022,LWB,WV,AEA,EN,Federal Contract Tower,4,2,10,5,21,0,0,7,0,7,4,2,17,5,28,6,14,20,48
04/13/2022,LWB,WV,AEA,EN,Federal Contract Tower,3,4,7,2,16,0,0,4,2,6,3,4,11,4,22,8,6,14,36
04/14/2022,LWB,WV,AEA,EN,Federal Contract Tower,4,12,9,0,25,0,4,0,0,4,4,16,9,0,29,0,0,0,29
04/15/2022,LWB,WV,AEA,EN,Federal Contract Tower,6,4,12,0,22,0,3,22,0,25,6,7,34,0,47,10,0,10,57
04/16/2022,LWB,WV,AEA,EN,Federal Contract Tower,4,4,4,0,12,0,1,7,0,8,4,5,11,0,20,30,0,30,50
04/17/2022,LWB,WV,AEA,EN,Federal Contract Tower,2,6,13,0,21,0,2,21,0,23,2,8,34,0,44,20,0,20,64
04/18/2022,LWB,WV,AEA,EN,Federal Contract Tower,3,8,11,0,22,0,0,0,0,0,3,8,11,0,22,0,0,0,22
04/19/2022,LWB,WV,AEA,EN,Federal Contract Tower,4,8,4,0,16,0,2,2,0,4,4,10,6,0,20,0,0,0,20
04/20/2022,LWB,WV,AEA,EN,Federal Contract Tower,4,5,2,2,13,0,1,30,4,35,4,6,32,6,48,14,10,24,72
04/21/2022,LWB,WV,AEA,EN,Federal Contract Tower,4,2,20,0,26,0,5,0,0,5,4,7,20,0,31,0,0,0,31
04/22/2022,LWB,WV,AEA,EN,Federal Contract Tower,2,2,17,0,21,0,4,27,0,31,2,6,44,0,52,18,0,18,70
04/23/2022,LWB,WV,AEA,EN,Federal Contract Tower,4,4,10,0,18,0,6,27,0,33,4,10,37,0,51,4,0,4,55
04/24/2022,LWB,WV,AEA,EN,Federal Contract Tower,3,0,12,0,15,0,2,17,0,19,3,2,29,0,34,0,0,0,34
04/25/2022,LWB,WV,AEA,EN,Federal Contract Tower,2,3,8,0,13,0,2,8,0,10,2,5,16,0,23,4,0,4,27
04/26/2022,LWB,WV,AEA,EN,Federal Contract Tower,6,3,14,0,23,0,0,0,0,0,6,3,14,0,23,0,0,0,23
04/27/2022,LWB,WV,AEA,EN,Federal Contract Tower,3,0,6,1,10,0,9,9,1,19,3,9,15,2,29,8,0,8,37
04/28/2022,LWB,WV,AEA,EN,Federal Contract Tower,2,6,7,0,15,0,2,7,0,9,2,8,14,0,24,8,0,8,32
04/29/2022,LWB,WV,AEA,EN,Federal Contract Tower,4,6,10,0,20,0,2,14,2,18,4,8,24,2,38,20,0,20,58
04/30/2022,LWB,WV,AEA,EN,Federal Contract Tower,4,3,9,0,16,0,0,0,0,0,4,3,9,0,16,0,0,0,16
05/01/2022,LWB,WV,AEA,EN,Federal Contract Tower,4,9,13,0,26,0,2,2,0,4,4,11,15,0,30,0,0,0,30
05/02/2022,LWB,WV,AEA,EN,Federal Contract Tower,4,2,11,0,17,0,4,14,0,18,4,6,25,0,35,18,0,18,53
05/03/2022,LWB,WV,AEA,EN,Federal Contract Tower,4,0,1,0,5,0,2,2,0,4,4,2,3,0,9,0,0,0,9
05/04/2022,LWB,WV,AEA,EN,Federal Contract Tower,6,1,4,0,11,0,3,2,0,5,6,4,6,0,16,4,0,4,20
05/05/2022,LWB,WV,AEA,EN,Federal Contract Tower,4,6,18,0,28,0,5,16,0,21,4,11,34,0,49,20,0,20,69
05/06/2022,LWB,WV,AEA,EN,Federal Contract Tower,4,4,10,0,18,0,0,0,0,0,4,4,10,0,18,0,0,0,18
05/07/2022,LWB,WV,AEA,EN,Federal Contract Tower,4,0,8,0,12,0,0,0,0,0,4,0,8,0,12,0,0,0,12
05/08/2022,LWB,WV,AEA,EN,Federal Contract Tower,4,8,10,0,22,0,3,3,2,8,4,11,13,2,30,0,0,0,30
05/09/2022,LWB,WV,AEA,EN,Federal Contract Tower,4,5,9,7,25,0,4,13,0,17,4,9,22,7,42,24,8,32,74
05/10/2022,LWB,WV,AEA,EN,Federal Contract Tower,3,4,7,2,16,0,9,13,2,24,3,13,20,4,40,8,2,10,50
05/11/2022,LWB,WV,AEA,EN,Federal Contract Tower,5,7,11,0,23,0,1,17,0,18,5,8,28,0,41,22,16,38,79
05/12/2022,LWB,WV,AEA,EN,Federal Contract Tower,4,5,15,4,28,0,4,11,4,19,4,9,26,8,47,0,8,8,55
05/13/2022,LWB,WV,AEA,EN,Federal Contract Tower,4,3,9,0,16,0,0,3,0,3,4,3,12,0,19,10,0,10,29
05/14/2022,LWB,WV,AEA,EN,Federal Contract Tower,3,2,5,0,10,0,0,0,2,2,3,2,5,2,12,0,0,0,12
05/15/2022,LWB,WV,AEA,EN,Federal Contract Tower,4,5,17,0,26,0,4,1,0,5,4,9,18,0,31,0,0,0,31
05/16/2022,LWB,WV,AEA,EN,Federal Contract Tower,4,7,12,0,23,0,0,0,0,0,4,7,12,0,23,0,0,0,23
05/17/2022,LWB,WV,AEA,EN,Federal Contract Tower,3,7,2,0,12,0,5,7,0,12,3,12,9,0,24,12,0,12,36
05/18/2022,LWB,WV,AEA,EN,Federal Contract Tower,4,12,16,0,32,0,2,10,0,12,4,14,26,0,44,2,0,2,46
05/19/2022,LWB,WV,AEA,EN,Federal Contract Tower,6,6,11,0,23,0,2,2,0,4,6,8,13,0,27,10,0,10,37
05/20/2022,LWB,WV,AEA,EN,Federal Contract Tower,4,8,9,0,21,0,2,10,0,12,4,10,19,0,33,6,0,6,39
05/21/2022,LWB,WV,AEA,EN,Federal Contract Tower,3,1,13,0,17,0,2,12,0,14,3,3,25,0,31,6,0,6,37
05/22/2022,LWB,WV,AEA,EN,Federal Contract Tower,3,6,12,0,21,0,0,4,0,4,3,6,16,0,25,0,0,0,25
05/23/2022,LWB,WV,AEA,EN,Federal Contract Tower,4,5,5,0,14,0,0,0,0,0,4,5,5,0,14,0,0,0,14
05/24/2022,LWB,WV,AEA,EN,Federal Contract Tower,4,4,24,0,32,0,0,2,0,2,4,4,26,0,34,6,0,6,40
05/25/2022,LWB,WV,AEA,EN,Federal Contract Tower,2,5,8,0,15,0,3,2,0,5,2,8,10,0,20,0,0,0,20
05/26/2022,LWB,WV,AEA,EN,Federal Contract Tower,2,8,13,0,23,0,0,0,0,0,2,8,13,0,23,0,0,0,23
05/27/2022,LWB,WV,AEA,EN,Federal Contract Tower,4,14,20,0,38,0,2,0,0,2,4,16,20,0,40,0,0,0,40
05/28/2022,LWB,WV,AEA,EN,Federal Contract Tower,4,6,10,0,20,0,2,4,0,6,4,8,14,0,26,0,0,0,26
05/29/2022,LWB,WV,AEA,EN,Federal Contract Tower,4,5,16,0,25,0,2,9,4,15,4,7,25,4,40,0,2,2,42
05/30/2022,LWB,WV,AEA,EN,Federal Contract Tower,3,4,12,0,19,0,0,9,0,9,3,4,21,0,28,14,0,14,42
05/31/2022,LWB,WV,AEA,EN,Federal Contract Tower,4,8,14,0,26,0,2,9,0,11,4,10,23,0,37,12,0,12,49
06/01/2022,LWB,WV,AEA,EN,Federal Contract Tower,6,8,21,2,37,0,0,8,0,8,6,8,29,2,45,0,0,0,45
06/02/2022,LWB,WV,AEA,EN,Federal Contract Tower,4,10,15,0,29,0,2,11,0,13,4,12,26,0,42,0,0,0,42
06/03/2022,LWB,WV,AEA,EN,Federal Contract Tower,4,9,36,0,49,0,4,22,0,26,4,13,58,0,75,6,0,6,81
06/04/2022,LWB,WV,AEA,EN,Federal Contract Tower,2,7,14,0,23,0,0,26,2,28,2,7,40,2,51,16,0,16,67
06/05/2022,LWB,WV,AEA,EN,Federal Contract Tower,4,1,16,0,21,0,4,14,0,18,4,5,30,0,39,8,0,8,47
06/06/2022,LWB,WV,AEA,EN,Federal Contract Tower,4,12,32,0,48,0,3,17,0,20,4,15,49,0,68,20,0,20,88
06/07/2022,LWB,WV,AEA,EN,Federal Contract Tower,4,3,8,0,15,0,0,7,0,7,4,3,15,0,22,0,0,0,22
06/08/2022,LWB,WV,AEA,EN,Federal Contract Tower,3,3,5,3,14,0,0,1,1,2,3,3,6,4,16,0,6,6,22
06/09/2022,LWB,WV,AEA,EN,Federal Contract Tower,4,4,8,2,18,0,2,1,0,3,4,6,9,2,21,0,6,6,27
06/10/2022,LWB,WV,AEA,EN,Federal Contract Tower,4,1,16,0,21,0,0,21,22,43,4,1,37,22,64,13,0,13,77
06/11/2022,LWB,WV,AEA,EN,Federal Contract Tower,4,2,11,0,17,0,0,7,0,7,4,2,18,0,24,0,0,0,24
06/12/2022,LWB,WV,AEA,EN,Federal Contract Tower,4,9,30,0,43,0,6,7,0,13,4,15,37,0,56,0,0,0,56
06/13/2022,LWB,WV,AEA,EN,Federal Contract Tower,4,2,11,0,17,0,6,8,2,16,4,8,19,2,33,16,0,16,49
06/14/2022,LWB,WV,AEA,EN,Federal Contract Tower,6,4,13,0,23,0,0,4,0,4,6,4,17,0,27,0,0,0,27
06/15/2022,LWB,WV,AEA,EN,Federal Contract Tower,4,10,12,0,26,0,0,3,0,3,4,10,15,0,29,8,0,8,37
06/16/2022,LWB,WV,AEA,EN,Federal Contract Tower,3,8,14,1,26,0,2,19,2,23,3,10,33,3,49,12,0,12,61
06/17/2022,LWB,WV,AEA,EN,Federal Contract Tower,2,6,7,0,15,0,0,5,0,5,2,6,12,0,20,2,0,2,22
06/18/2022,LWB,WV,AEA,EN,Federal Contract Tower,3,17,8,0,28,0,3,6,2,11,3,20,14,2,39,0,0,0,39
06/19/2022,LWB,WV,AEA,EN,Federal Contract Tower,4,13,23,0,40,0,2,5,0,7,4,15,28,0,47,0,0,0,47
06/20/2022,LWB,WV,AEA,EN,Federal Contract Tower,4,5,7,2,18,0,3,5,0,8,4,8,12,2,26,6,0,6,32
06/21/2022,LWB,WV,AEA,EN,Federal Contract Tower,6,2,11,0,19,0,2,12,0,14,6,4,23,0,33,34,0,34,67
06/22/2022,LWB,WV,AEA,EN,Federal Contract Tower,4,8,17,2,31,0,6,5,2,13,4,14,22,4,44,0,14,14,58
06/23/2022,LWB,WV,AEA,EN,Federal Contract Tower,3,20,23,0,46,0,3,6,0,9,3,23,29,0,55,0,0,0,55
06/24/2022,LWB,WV,AEA,EN,Federal Contract Tower,4,11,16,0,31,0,0,16,0,16,4,11,32,0,47,0,0,0,47
06/25/2022,LWB,WV,AEA,EN,Federal Contract Tower,4,7,14,0,25,0,14,14,0,28,4,21,28,0,53,2,0,2,55
06/26/2022,LWB,WV,AEA,EN,Federal Contract Tower,4,15,27,0,46,0,0,0,0,0,4,15,27,0,46,0,0,0,46
06/27/2022,LWB,WV,AEA,EN,Federal Contract Tower,3,3,6,0,12,0,4,3,0,7,3,7,9,0,19,0,0,0,19
06/28/2022,LWB,WV,AEA,EN,Federal Contract Tower,4,14,13,0,31,0,0,18,2,20,4,14,31,2,51,8,0,8,59
06/29/2022,LWB,WV,AEA,EN,Federal Contract Tower,4,5,9,0,18,0,2,4,0,6,4,7,13,0,24,0,0,0,24
06/30/2022,LWB,WV,AEA,EN,Federal Contract Tower,4,7,15,0,26,0,4,12,0,16,4,11,27,0,42,4,0,4,46
07/01/2022,LWB,WV,AEA,EN,Federal Contract Tower,4,10,19,0,33,0,2,14,0,16,4,12,33,0,49,14,0,14,63
07/02/2022,LWB,WV,AEA,EN,Federal Contract Tower,4,3,10,0,17,0,0,0,0,0,4,3,10,0,17,0,0,0,17
07/03/2022,LWB,WV,AEA,EN,Federal Contract Tower,4,2,11,0,17,0,6,7,0,13,4,8,18,0,30,0,0,0,30
07/04/2022,LWB,WV,AEA,EN,Federal Contract Tower,4,4,9,0,17,0,1,8,0,9,4,5,17,0,26,0,0,0,26
07/05/2022,LWB,WV,AEA,EN,Federal Contract Tower,4,11,8,0,23,0,0,5,0,5,4,11,13,0,28,12,0,12,40
07/06/2022,LWB,WV,AEA,EN,Federal Contract Tower,4,7,5,0,16,0,2,3,0,5,4,9,8,0,21,0,0,0,21
07/07/2022,LWB,WV,AEA,EN,Federal Contract Tower,6,9,14,2,31,0,2,10,0,12,6,11,24,2,43,8,6,14,57
07/08/2022,LWB,WV,AEA,EN,Federal Contract Tower,3,10,5,0,18,0,1,6,2,9,3,11,11,2,27,16,0,16,43
07/09/2022,LWB,WV,AEA,EN,Federal Contract Tower,6,0,13,0,19,0,0,2,0,2,6,0,15,0,21,0,0,0,21
07/10/2022,LWB,WV,AEA,EN,Federal Contract Tower,4,4,19,0,27,0,1,1,0,2,4,5,20,0,29,0,0,0,29
07/11/2022,LWB,WV,AEA,EN,Federal Contract Tower,3,3,18,2,26,0,0,21,0,21,3,3,39,2,47,16,0,16,63
07/12/2022,LWB,WV,AEA,EN,Federal Contract Tower,3,4,17,3,27,0,2,4,6,12,3,6,21,9,39,6,4,10,49
07/13/2022,LWB,WV,AEA,EN,Federal Contract Tower,3,13,15,2,33,0,1,7,2,10,3,14,22,4,43,14,6,20,63
07/14/2022,LWB,WV,AEA,EN,Federal Contract Tower,6,2,16,0,24,0,1,17,0,18,6,3,33,0,42,6,0,6,48
07/15/2022,LWB,WV,AEA,EN,Federal Contract Tower,3,4,13,0,20,0,2,20,0,22,3,6,33,0,42,18,0,18,60
07/16/2022,LWB,WV,AEA,EN,Federal Contract Tower,4,5,10,0,19,0,2,19,0,21,4,7,29,0,40,14,0,14,54
07/17/2022,LWB,WV,AEA,EN,Federal Contract Tower,3,13,20,0,36,0,0,4,0,4,3,13,24,0,40,0,0,0,40
07/18/2022,LWB,WV,AEA,EN,Federal Contract Tower,3,3,7,0,13,0,2,2,0,4,3,5,9,0,17,0,0,0,17
07/19/2022,LWB,WV,AEA,EN,Federal Contract Tower,4,5,16,2,27,0,2,12,3,17,4,7,28,5,44,12,14,26,70
07/20/2022,LWB,WV,AEA,EN,Federal Contract Tower,4,6,21,7,38,0,1,11,2,14,4,7,32,9,52,20,8,28,80
07/21/2022,LWB,WV,AEA,EN,Federal Contract Tower,3,1,17,0,21,0,0,13,0,13,3,1,30,0,34,0,0,0,34
07/22/2022,LWB,WV,AEA,EN,Federal Contract Tower,3,3,13,10,29,0,7,15,1,23,3,10,28,11,52,0,6,6,58
07/23/2022,LWB,WV,AEA,EN,Federal Contract Tower,2,7,24,0,33,0,2,15,12,29,2,9,39,12,62,10,0,10,72
07/24/2022,LWB,WV,AEA,EN,Federal Contract Tower,4,8,25,0,37,0,5,12,0,17,4,13,37,0,54,0,0,0,54
07/25/2022,LWB,WV,AEA,EN,Federal Contract Tower,3,4,5,0,12,0,0,1,0,1,3,4,6,0,13,0,0,0,13
07/26/2022,LWB,WV,AEA,EN,Federal Contract Tower,6,11,10,0,27,0,0,3,0,3,6,11,13,0,30,0,0,0,30
07/27/2022,LWB,WV,AEA,EN,Federal Contract Tower,6,7,8,0,21,0,0,1,0,1,6,7,9,0,22,0,0,0,22
07/28/2022,LWB,WV,AEA,EN,Federal Contract Tower,4,13,6,0,23,0,2,0,0,2,4,15,6,0,25,0,0,0,25
07/29/2022,LWB,WV,AEA,EN,Federal Contract Tower,4,3,13,0,20,0,0,1,0,1,4,3,14,0,21,0,0,0,21
07/30/2022,LWB,WV,AEA,EN,Federal Contract Tower,4,12,12,0,28,0,2,9,0,11,4,14,21,0,39,0,0,0,39
07/31/2022,LWB,WV,AEA,EN,Federal Contract Tower,3,3,15,0,21,0,0,8,0,8,3,3,23,0,29,0,0,0,29
08/01/2022,LWB,WV,AEA,EN,Federal Contract Tower,4,5,5,0,14,0,0,0,0,0,4,5,5,0,14,0,0,0,14
08/02/2022,LWB,WV,AEA,EN,Federal Contract Tower,4,1,7,0,12,0,5,0,1,6,4,6,7,1,18,0,0,0,18
08/03/2022,LWB,WV,AEA,EN,Federal Contract Tower,4,7,15,4,30,0,3,10,0,13,4,10,25,4,43,0,10,10,53
08/04/2022,LWB,WV,AEA,EN,Federal Contract Tower,2,3,24,2,31,0,2,4,10,16,2,5,28,12,47,4,0,4,51
08/05/2022,LWB,WV,AEA,EN,Federal Contract Tower,4,6,9,0,19,0,4,6,0,10,4,10,15,0,29,18,0,18,47
08/06/2022,LWB,WV,AEA,EN,Federal Contract Tower,4,0,9,0,13,0,2,9,0,11,4,2,18,0,24,0,0,0,24
08/07/2022,LWB,WV,AEA,EN,Federal Contract Tower,2,5,30,0,37,0,6,2,0,8,2,11,32,0,45,0,0,0,45
08/08/2022,LWB,WV,AEA,EN,Federal Contract Tower,4,5,9,0,18,0,4,11,2,17,4,9,20,2,35,0,0,0,35
08/09/2022,LWB,WV,AEA,EN,Federal Contract Tower,6,1,15,0,22,0,1,11,0,12,6,2,26,0,34,2,0,2,36
08/10/2022,LWB,WV,AEA,EN,Federal Contract Tower,4,5,11,0,20,0,0,4,0,4,4,5,15,0,24,0,0,0,24
08/11/2022,LWB,WV,AEA,EN,Federal Contract Tower,4,1,14,0,19,0,0,5,0,5,4,1,19,0,24,0,0,0,24
08/12/2022,LWB,WV,AEA,EN,Federal Contract Tower,4,1,12,2,19,0,2,24,0,26,4,3,36,2,45,4,14,18,63
08/13/2022,LWB,WV,AEA,EN,Federal Contract Tower,4,5,5,0,14,0,0,40,0,40,4,5,45,0,54,16,0,16,70
08/14/2022,LWB,WV,AEA,EN,Federal Contract Tower,4,5,20,0,29,0,1,5,0,6,4,6,25,0,35,0,0,0,35
08/15/2022,LWB,WV,AEA,EN,Federal Contract Tower,4,3,6,0,13,0,0,1,4,5,4,3,7,4,18,0,0,0,18
08/16/2022,LWB,WV,AEA,EN,Federal Contract Tower,4,2,9,0,15,0,0,2,0,2,4,2,11,0,17,0,0,0,17
08/18/2022,LWB,WV,AEA,EN,Federal Contract Tower,6,2,11,0,19,0,2,6,2,10,6,4,17,2,29,0,0,0,29
08/19/2022,LWB,WV,AEA,EN,Federal Contract Tower,4,9,10,0,23,0,0,14,0,14,4,9,24,0,37,10,0,10,47
08/20/2022,LWB,WV,AEA,EN,Federal Contract Tower,2,3,11,0,16,0,2,25,0,27,2,5,36,0,43,30,0,30,73
08/21/2022,LWB,WV,AEA,EN,Federal Contract Tower,4,12,16,0,32,0,0,0,0,0,4,12,16,0,32,0,0,0,32
08/22/2022,LWB,WV,AEA,EN,Federal Contract Tower,4,3,17,0,24,0,0,7,9,16,4,3,24,9,40,4,0,4,44
08/23/2022,LWB,WV,AEA,EN,Federal Contract Tower,4,4,15,0,23,0,3,9,0,12,4,7,24,0,35,10,0,10,45
08/24/2022,LWB,WV,AEA,EN,Federal Contract Tower,4,3,13,1,21,0,5,7,2,14,4,8,20,3,35,8,14,22,57
08/25/2022,LWB,WV,AEA,EN,Federal Contract Tower,3,5,9,0,17,0,0,34,0,34,3,5,43,0,51,0,0,0,51
08/26/2022,LWB,WV,AEA,EN,Federal Contract Tower,4,5,18,2,29,0,0,52,4,56,4,5,70,6,85,0,10,10,95
08/27/2022,LWB,WV,AEA,EN,Federal Contract Tower,4,5,12,0,21,0,1,19,0,20,4,6,31,0,41,10,0,10,51
08/28/2022,LWB,WV,AEA,EN,Federal Contract Tower,4,4,19,0,27,0,1,5,0,6,4,5,24,0,33,0,0,0,33
08/29/2022,LWB,WV,AEA,EN,Federal Contract Tower,4,5,9,3,21,0,0,8,2,10,4,5,17,5,31,6,10,16,47
08/30/2022,LWB,WV,AEA,EN,Federal Contract Tower,4,6,12,0,22,0,1,1,0,2,4,7,13,0,24,0,0,0,24
08/31/2022,LWB,WV,AEA,EN,Federal Contract Tower,7,7,18,0,32,1,4,15,2,22,8,11,33,2,54,14,0,14,68
09/01/2022,LWB,WV,AEA,EN,Federal Contract Tower,6,3,23,0,32,0,0,14,6,20,6,3,37,6,52,4,0,4,56
09/02/2022,LWB,WV,AEA,EN,Federal Contract Tower,4,16,30,0,50,0,5,18,2,25,4,21,48,2,75,8,0,8,83
09/03/2022,LWB,WV,AEA,EN,Federal Contract Tower,4,5,13,0,22,0,5,18,0,23,4,10,31,0,45,12,0,12,57
09/04/2022,LWB,WV,AEA,EN,Federal Contract Tower,4,1,9,0,14,0,0,9,0,9,4,1,18,0,23,4,0,4,27
09/05/2022,LWB,WV,AEA,EN,Federal Contract Tower,4,12,18,0,34,0,0,0,0,0,4,12,18,0,34,0,0,0,34
09/06/2022,LWB,WV,AEA,EN,Federal Contract Tower,2,4,6,3,15,0,4,5,7,16,2,8,11,10,31,14,4,18,49
09/07/2022,LWB,WV,AEA,EN,Federal Contract Tower,4,15,8,0,27,0,0,4,0,4,4,15,12,0,31,0,0,0,31
09/08/2022,LWB,WV,AEA,EN,Federal Contract Tower,4,7,9,0,20,0,0,9,0,9,4,7,18,0,29,0,0,0,29
09/09/2022,LWB,WV,AEA,EN,Federal Contract Tower,4,5,6,0,15,0,4,16,0,20,4,9,22,0,35,10,0,10,45
09/10/2022,LWB,WV,AEA,EN,Federal Contract Tower,6,6,7,0,19,0,1,6,0,7,6,7,13,0,26,0,0,0,26
09/11/2022,LWB,WV,AEA,EN,Federal Contract Tower,2,14,6,2,24,0,0,0,0,0,2,14,6,2,24,0,0,0,24
09/12/2022,LWB,WV,AEA,EN,Federal Contract Tower,4,5,4,0,13,0,4,0,0,4,4,9,4,0,17,0,0,0,17
09/13/2022,LWB,WV,AEA,EN,Federal Contract Tower,6,10,12,0,28,0,3,7,0,10,6,13,19,0,38,0,0,0,38
09/14/2022,LWB,WV,AEA,EN,Federal Contract Tower,4,3,11,1,19,0,0,5,1,6,4,3,16,2,25,0,0,0,25
09/15/2022,LWB,WV,AEA,EN,Federal Contract Tower,4,10,5,3,22,0,1,21,0,22,4,11,26,3,44,20,0,20,64
09/16/2022,LWB,WV,AEA,EN,Federal Contract Tower,4,10,19,0,33,0,13,15,0,28,4,23,34,0,61,18,0,18,79
09/17/2022,LWB,WV,AEA,EN,Federal Contract Tower,4,7,12,0,23,0,0,12,0,12,4,7,24,0,35,12,0,12,47
09/18/2022,LWB,WV,AEA,EN,Federal Contract Tower,4,8,21,0,33,0,2,21,0,23,4,10,42,0,56,2,0,2,58
09/19/2022,LWB,WV,AEA,EN,Federal Contract Tower,4,13,17,0,34,0,0,14,0,14,4,13,31,0,48,32,0,32,80
09/20/2022,LWB,WV,AEA,EN,Federal Contract Tower,2,4,20,2,28,0,0,16,0,16,2,4,36,2,44,22,6,28,72
09/21/2022,LWB,WV,AEA,EN,Federal Contract Tower,3,10,35,0,48,0,0,14,0,14,3,10,49,0,62,0,0,0,62
09/22/2022,LWB,WV,AEA,EN,Federal Contract Tower,6,8,22,0,36,0,2,6,0,8,6,10,28,0,44,0,0,0,44
09/23/2022,LWB,WV,AEA,EN,Federal Contract Tower,6,2,28,0,36,0,2,26,0,28,6,4,54,0,64,6,0,6,70
09/24/2022,LWB,WV,AEA,EN,Federal Contract Tower,4,3,27,0,34,0,1,13,0,14,4,4,40,0,48,2,0,2,50
09/25/2022,LWB,WV,AEA,EN,Federal Contract Tower,3,4,18,0,25,0,3,6,0,9,3,7,24,0,34,0,0,0,34
09/26/2022,LWB,WV,AEA,EN,Federal Contract Tower,4,12,23,0,39,0,4,4,2,10,4,16,27,2,49,0,0,0,49
09/27/2022,LWB,WV,AEA,EN,Federal Contract Tower,4,9,15,0,28,0,5,6,0,11,4,14,21,0,39,0,0,0,39
09/28/2022,LWB,WV,AEA,EN,Federal Contract Tower,4,5,8,0,17,0,3,7,0,10,4,8,15,0,27,0,0,0,27
09/29/2022,LWB,WV,AEA,EN,Federal Contract Tower,4,2,11,2,19,0,7,14,2,23,4,9,25,4,42,18,0,18,60
09/30/2022,LWB,WV,AEA,EN,Federal Contract Tower,4,5,14,0,23,0,6,4,0,10,4,11,18,0,33,0,0,0,33
10/01/2022,LWB,WV,AEA,EN,Federal Contract Tower,4,8,4,0,16,0,0,0,0,0,4,8,4,0,16,0,0,0,16
10/02/2022,LWB,WV,AEA,EN,Federal Contract Tower,4,3,15,0,22,0,0,0,0,0,4,3,15,0,22,0,0,0,22
10/03/2022,LWB,WV,AEA,EN,Federal Contract Tower,3,2,10,0,15,0,0,6,0,6,3,2,16,0,21,0,0,0,21
10/04/2022,LWB,WV,AEA,EN,Federal Contract Tower,4,9,3,0,16,0,2,2,4,8,4,11,5,4,24,0,0,0,24
10/05/2022,LWB,WV,AEA,EN,Federal Contract Tower,4,3,12,2,21,0,4,14,2,20,4,7,26,4,41,8,18,26,67
10/06/2022,LWB,WV,AEA,EN,Federal Contract Tower,4,17,20,0,41,0,4,22,0,26,4,21,42,0,67,18,0,18,85
10/07/2022,LWB,WV,AEA,EN,Federal Contract Tower,4,7,12,3,26,0,4,13,1,18,4,11,25,4,44,0,6,6,50
10/08/2022,LWB,WV,AEA,EN,Federal Contract Tower,4,6,4,0,14,0,1,9,0,10,4,7,13,0,24,0,0,0,24
10/09/2022,LWB,WV,AEA,EN,Federal Contract Tower,4,14,25,0,43,0,1,24,0,25,4,15,49,0,68,0,0,0,68
10/10/2022,LWB,WV,AEA,EN,Federal Contract Tower,4,8,24,0,36,0,3,17,0,20,4,11,41,0,56,6,0,6,62
10/11/2022,LWB,WV,AEA,EN,Federal Contract Tower,4,6,6,0,16,0,8,22,2,32,4,14,28,2,48,6,0,6,54
10/12/2022,LWB,WV,AEA,EN,Federal Contract Tower,8,7,25,0,40,0,4,17,0,21,8,11,42,0,61,2,0,2,63
10/13/2022,LWB,WV,AEA,EN,Federal Contract Tower,7,8,22,0,37,0,2,1,0,3,7,10,23,0,40,0,0,0,40
10/14/2022,LWB,WV,AEA,EN,Federal Contract Tower,6,9,28,0,43,0,4,18,0,22,6,13,46,0,65,0,0,0,65
10/15/2022,LWB,WV,AEA,EN,Federal Contract Tower,4,8,11,0,23,0,5,19,0,24,4,13,30,0,47,0,0,0,47
10/16/2022,LWB,WV,AEA,EN,Federal Contract Tower,6,3,24,0,33,0,0,6,0,6,6,3,30,0,39,0,0,0,39
10/17/2022,LWB,WV,AEA,EN,Federal Contract Tower,4,8,20,0,32,0,0,3,0,3,4,8,23,0,35,0,0,0,35
10/18/2022,LWB,WV,AEA,EN,Federal Contract Tower,4,2,16,0,22,0,0,4,0,4,4,2,20,0,26,0,0,0,26
10/19/2022,LWB,WV,AEA,EN,Federal Contract Tower,6,9,15,0,30,0,0,1,2,3,6,9,16,2,33,0,0,0,33
10/20/2022,LWB,WV,AEA,EN,Federal Contract Tower,4,10,17,0,31,0,2,6,0,8,4,12,23,0,39,0,0,0,39
10/21/2022,LWB,WV,AEA,EN,Federal Contract Tower,4,8,11,0,23,0,3,34,4,41,4,11,45,4,64,10,10,20,84
10/22/2022,LWB,WV,AEA,EN,Federal Contract Tower,4,4,8,0,16,0,4,15,0,19,4,8,23,0,35,2,0,2,37
10/23/2022,LWB,WV,AEA,EN,Federal Contract Tower,4,5,9,0,18,0,7,18,0,25,4,12,27,0,43,0,0,0,43
10/24/2022,LWB,WV,AEA,EN,Federal Contract Tower,4,3,12,0,19,0,2,22,0,24,4,5,34,0,43,8,0,8,51
10/25/2022,LWB,WV,AEA,EN,Federal Contract Tower,4,3,12,0,19,0,0,9,0,9,4,3,21,0,28,30,0,30,58
10/26/2022,LWB,WV,AEA,EN,Federal Contract Tower,4,0,16,2,22,0,0,0,0,0,4,0,16,2,22,0,44,44,66
10/27/2022,LWB,WV,AEA,EN,Federal Contract Tower,4,9,19,2,34,0,3,17,0,20,4,12,36,2,54,4,0,4,58
10/28/2022,LWB,WV,AEA,EN,Federal Contract Tower,4,5,10,0,19,0,3,16,0,19,4,8,26,0,38,0,0,0,38
10/29/2022,LWB,WV,AEA,EN,Federal Contract Tower,4,2,5,0,11,0,0,9,0,9,4,2,14,0,20,0,0,0,20
10/30/2022,LWB,WV,AEA,EN,Federal Contract Tower,4,4,14,0,22,0,2,2,0,4,4,6,16,0,26,0,0,0,26
10/31/2022,LWB,WV,AEA,EN,Federal Contract Tower,0,6,3,0,9,0,0,0,0,0,0,6,3,0,9,0,0,0,9
11/01/2022,LWB,WV,AEA,EN,Federal Contract Tower,2,4,4,0,10,0,0,0,0,0,2,4,4,0,10,0,0,0,10
11/02/2022,LWB,WV,AEA,EN,Federal Contract Tower,2,2,6,0,10,0,1,4,0,5,2,3,10,0,15,12,0,12,27
11/03/2022,LWB,WV,AEA,EN,Federal Contract Tower,2,3,14,0,19,0,2,11,0,13,2,5,25,0,32,24,0,24,56
11/04/2022,LWB,WV,AEA,EN,Federal Contract Tower,2,9,6,0,17,0,2,10,0,12,2,11,16,0,29,10,0,10,39
11/05/2022,LWB,WV,AEA,EN,Federal Contract Tower,2,8,5,0,15,0,0,1,2,3,2,8,6,2,18,0,0,0,18
11/06/2022,LWB,WV,AEA,EN,Federal Contract Tower,2,4,3,0,9,0,6,2,0,8,2,10,5,0,17,0,0,0,17
11/07/2022,LWB,WV,AEA,EN,Federal Contract Tower,4,5,6,0,15,0,7,11,0,18,4,12,17,0,33,0,0,0,33
11/08/2022,LWB,WV,AEA,EN,Federal Contract Tower,2,0,9,0,11,0,4,19,0,23,2,4,28,0,34,6,0,6,40
11/09/2022,LWB,WV,AEA,EN,Federal Contract Tower,2,7,6,0,15,0,1,11,2,14,2,8,17,2,29,2,0,2,31
11/10/2022,LWB,WV,AEA,EN,Federal Contract Tower,2,3,8,0,13,0,4,0,0,4,2,7,8,0,17,0,0,0,17
11/11/2022,LWB,WV,AEA,EN,Federal Contract Tower,2,5,2,0,9,0,0,0,0,0,2,5,2,0,9,0,0,0,9
11/12/2022,LWB,WV,AEA,EN,Federal Contract Tower,2,2,3,0,7,0,0,3,0,3,2,2,6,0,10,0,0,0,10
11/14/2022,LWB,WV,AEA,EN,Federal Contract Tower,2,4,1,0,7,0,1,4,0,5,2,5,5,0,12,10,0,10,22
11/15/2022,LWB,WV,AEA,EN,Federal Contract Tower,2,4,1,0,7,0,0,0,0,0,2,4,1,0,7,0,0,0,7
11/16/2022,LWB,WV,AEA,EN,Federal Contract Tower,1,1,4,1,7,0,0,0,3,3,1,1,4,4,10,0,0,0,10
11/17/2022,LWB,WV,AEA,EN,Federal Contract Tower,2,0,5,0,7,0,5,3,0,8,2,5,8,0,15,0,0,0,15
11/18/2022,LWB,WV,AEA,EN,Federal Contract Tower,2,1,7,0,10,0,6,15,0,21,2,7,22,0,31,10,0,10,41
11/19/2022,LWB,WV,AEA,EN,Federal Contract Tower,2,4,11,0,17,0,9,10,18,37,2,13,21,18,54,0,8,8,62
11/20/2022,LWB,WV,AEA,EN,Federal Contract Tower,2,2,6,0,10,0,4,4,0,8,2,6,10,0,18,0,0,0,18
11/21/2022,LWB,WV,AEA,EN,Federal Contract Tower,2,3,4,2,11,0,0,12,7,19,2,3,16,9,30,8,4,12,42
11/22/2022,LWB,WV,AEA,EN,Federal Contract Tower,2,4,15,0,21,0,0,10,0,10,2,4,25,0,31,0,0,0,31
11/23/2022,LWB,WV,AEA,EN,Federal Contract Tower,2,12,9,0,23,0,1,10,0,11,2,13,19,0,34,4,0,4,38
11/24/2022,LWB,WV,AEA,EN,Federal Contract Tower,0,0,0,0,0,0,0,6,0,6,0,0,6,0,6,0,0,0,6
11/25/2022,LWB,WV,AEA,EN,Federal Contract Tower,2,5,11,0,18,0,2,0,0,2,2,7,11,0,20,0,0,0,20
11/26/2022,LWB,WV,AEA,EN,Federal Contract Tower,4,4,7,0,15,0,1,9,0,10,4,5,16,0,25,12,0,12,37
11/27/2022,LWB,WV,AEA,EN,Federal Contract Tower,4,14,27,0,45,0,1,3,0,4,4,15,30,0,49,0,0,0,49
11/28/2022,LWB,WV,AEA,EN,Federal Contract Tower,2,5,10,0,17,0,0,4,0,4,2,5,14,0,21,10,0,10,31
11/29/2022,LWB,WV,AEA,EN,Federal Contract Tower,4,5,5,0,14,0,0,10,0,10,4,5,15,0,24,16,0,16,40
11/30/2022,LWB,WV,AEA,EN,Federal Contract Tower,2,0,6,0,8,0,0,0,0,0,2,0,6,0,8,0,0,0,8
12/01/2022,LWB,WV,AEA,EN,Federal Contract Tower,4,7,2,0,13,0,0,2,0,2,4,7,4,0,15,0,0,0,15
12/02/2022,LWB,WV,AEA,EN,Federal Contract Tower,4,3,6,1,14,0,2,11,0,13,4,5,17,1,27,4,0,4,31
12/03/2022,LWB,WV,AEA,EN,Federal Contract Tower,2,5,3,0,10,0,0,0,0,0,2,5,3,0,10,0,0,0,10
12/04/2022,LWB,WV,AEA,EN,Federal Contract Tower,4,6,1,1,12,0,1,12,2,15,4,7,13,3,27,10,0,10,37
12/05/2022,LWB,WV,AEA,EN,Federal Contract Tower,4,2,9,0,15,0,2,9,0,11,4,4,18,0,26,6,0,6,32
12/06/2022,LWB,WV,AEA,EN,Federal Contract Tower,2,3,2,0,7,0,0,0,0,0,2,3,2,0,7,0,0,0,7
12/07/2022,LWB,WV,AEA,EN,Federal Contract Tower,2,1,7,0,10,0,0,0,0,0,2,1,7,0,10,0,0,0,10
12/08/2022,LWB,WV,AEA,EN,Federal Contract Tower,4,4,2,0,10,0,0,0,0,0,4,4,2,0,10,0,0,0,10
12/09/2022,LWB,WV,AEA,EN,Federal Contract Tower,4,6,3,0,13,0,0,0,0,0,4,6,3,0,13,0,0,0,13
12/10/2022,LWB,WV,AEA,EN,Federal Contract Tower,2,2,0,0,4,0,0,0,0,0,2,2,0,0,4,0,0,0,4
12/11/2022,LWB,WV,AEA,EN,Federal Contract Tower,4,3,3,0,10,0,0,0,0,0,4,3,3,0,10,0,0,0,10
12/12/2022,LWB,WV,AEA,EN,Federal Contract Tower,4,4,3,14,25,0,1,0,11,12,4,5,3,25,37,0,10,10,47
12/13/2022,LWB,WV,AEA,EN,Federal Contract Tower,4,0,2,2,8,0,0,4,0,4,4,0,6,2,12,8,0,8,20
12/14/2022,LWB,WV,AEA,EN,Federal Contract Tower,2,1,4,2,9,0,0,0,0,0,2,1,4,2,9,0,24,24,33
12/15/2022,LWB,WV,AEA,EN,Federal Contract Tower,2,2,3,0,7,0,0,0,0,0,2,2,3,0,7,0,0,0,7
12/16/2022,LWB,WV,AEA,EN,Federal Contract Tower,4,3,9,0,16,0,4,2,0,6,4,7,11,0,22,0,0,0,22
12/17/2022,LWB,WV,AEA,EN,Federal Contract Tower,2,4,7,0,13,0,3,2,0,5,2,7,9,0,18,0,0,0,18
12/18/2022,LWB,WV,AEA,EN,Federal Contract Tower,2,3,4,0,9,0,0,0,0,0,2,3,4,0,9,0,0,0,9
12/19/2022,LWB,WV,AEA,EN,Federal Contract Tower,4,0,8,0,12,0,5,12,0,17,4,5,20,0,29,8,0,8,37
12/20/2022,LWB,WV,AEA,EN,Federal Contract Tower,2,0,5,0,7,0,0,10,1,11,2,0,15,1,18,0,0,0,18
12/21/2022,LWB,WV,AEA,EN,Federal Contract Tower,2,3,5,2,12,0,4,20,3,27,2,7,25,5,39,16,0,16,55
12/22/2022,LWB,WV,AEA,EN,Federal Contract Tower,2,6,7,0,15,0,0,0,0,0,2,6,7,0,15,0,0,0,15
12/23/2022,LWB,WV,AEA,EN,Federal Contract Tower,0,0,2,0,2,0,0,0,0,0,0,0,2,0,2,0,0,0,2
12/24/2022,LWB,WV,AEA,EN,Federal Contract Tower,2,0,0,0,2,0,0,0,0,0,2,0,0,0,2,0,0,0,2
12/25/2022,LWB,WV,AEA,EN,Federal Contract Tower,0,2,0,0,2,0,3,2,0,5,0,5,2,0,7,0,0,0,7
12/26/2022,LWB,WV,AEA,EN,Federal Contract Tower,4,4,15,0,23,0,0,9,0,9,4,4,24,0,32,10,0,10,42
12/27/2022,LWB,WV,AEA,EN,Federal Contract Tower,2,3,9,0,14,0,4,6,0,10,2,7,15,0,24,14,0,14,38
12/28/2022,LWB,WV,AEA,EN,Federal Contract Tower,2,4,15,0,21,0,3,11,0,14,2,7,26,0,35,12,0,12,47
12/29/2022,LWB,WV,AEA,EN,Federal Contract Tower,4,9,7,3,23,0,0,21,3,24,4,9,28,6,47,12,10,22,69
12/30/2022,LWB,WV,AEA,EN,Federal Contract Tower,4,5,5,0,14,0,7,21,0,28,4,12,26,0,42,0,0,0,42
12/31/2022,LWB,WV,AEA,EN,Federal Contract Tower,2,5,0,0,7,0,0,0,0,0,2,5,0,0,7,0,0,0,7
01/01/2023,LWB,WV,AEA,EN,Federal Contract Tower,2,0,7,0,9,0,0,2,0,2,2,0,9,0,11,0,0,0,11
01/02/2023,LWB,WV,AEA,EN,Federal Contract Tower,2,9,21,0,32,0,2,13,0,15,2,11,34,0,47,28,0,28,75
01/03/2023,LWB,WV,AEA,EN,Federal Contract Tower,2,1,1,0,4,0,1,0,0,1,2,2,1,0,5,0,0,0,5
01/04/2023,LWB,WV,AEA,EN,Federal Contract Tower,2,2,4,0,8,0,2,0,0,2,2,4,4,0,10,0,0,0,10
01/05/2023,LWB,WV,AEA,EN,Federal Contract Tower,4,0,4,0,8,0,2,15,0,17,4,2,19,0,25,8,0,8,33
01/06/2023,LWB,WV,AEA,EN,Federal Contract Tower,2,2,2,0,6,0,6,0,0,6,2,8,2,0,12,0,0,0,12
01/07/2023,LWB,WV,AEA,EN,Federal Contract Tower,2,0,3,0,5,0,2,13,0,15,2,2,16,0,20,0,0,0,20
01/08/2023,LWB,WV,AEA,EN,Federal Contract Tower,0,0,3,0,3,0,0,0,0,0,0,0,3,0,3,0,0,0,3
01/09/2023,LWB,WV,AEA,EN,Federal Contract Tower,0,0,3,0,3,0,2,3,0,5,0,2,6,0,8,0,0,0,8
01/10/2023,LWB,WV,AEA,EN,Federal Contract Tower,2,0,0,0,2,0,6,11,0,17,2,6,11,0,19,14,0,14,33
01/11/2023,LWB,WV,AEA,EN,Federal Contract Tower,2,1,1,0,4,0,4,6,0,10,2,5,7,0,14,0,0,0,14
01/12/2023,LWB,WV,AEA,EN,Federal Contract Tower,1,4,3,0,8,0,2,0,0,2,1,6,3,0,10,0,0,0,10
01/13/2023,LWB,WV,AEA,EN,Federal Contract Tower,2,2,1,0,5,0,0,0,0,0,2,2,1,0,5,0,0,0,5
01/14/2023,LWB,WV,AEA,EN,Federal Contract Tower,2,2,3,0,7,0,0,0,0,0,2,2,3,0,7,0,0,0,7
01/15/2023,LWB,WV,AEA,EN,Federal Contract Tower,2,0,3,0,5,0,4,3,0,7,2,4,6,0,12,0,0,0,12
01/16/2023,LWB,WV,AEA,EN,Federal Contract Tower,0,1,8,0,9,0,2,19,0,21,0,3,27,0,30,12,0,12,42
01/17/2023,LWB,WV,AEA,EN,Federal Contract Tower,2,0,0,0,2,0,0,0,0,0,2,0,0,0,2,0,0,0,2
01/18/2023,LWB,WV,AEA,EN,Federal Contract Tower,1,0,3,0,4,0,3,10,2,15,1,3,13,2,19,0,0,0,19
01/19/2023,LWB,WV,AEA,EN,Federal Contract Tower,2,1,3,0,6,0,0,0,0,0,2,1,3,0,6,0,0,0,6
01/20/2023,LWB,WV,AEA,EN,Federal Contract Tower,2,2,4,0,8,0,0,4,0,4,2,2,8,0,12,0,0,0,12
01/21/2023,LWB,WV,AEA,EN,Federal Contract Tower,2,0,3,0,5,0,0,2,0,2,2,0,5,0,7,6,0,6,13
01/22/2023,LWB,WV,AEA,EN,Federal Contract Tower,2,0,2,0,4,0,0,0,0,0,2,0,2,0,4,0,0,0,4
01/23/2023,LWB,WV,AEA,EN,Federal Contract Tower,2,2,5,0,9,0,0,0,0,0,2,2,5,0,9,0,0,0,9
01/24/2023,LWB,WV,AEA,EN,Federal Contract Tower,0,2,3,0,5,0,2,4,0,6,0,4,7,0,11,6,0,6,17
01/25/2023,LWB,WV,AEA,EN,Federal Contract Tower,3,2,3,0,8,0,0,0,0,0,3,2,3,0,8,0,0,0,8
01/26/2023,LWB,WV,AEA,EN,Federal Contract Tower,2,4,4,0,10,0,0,0,0,0,2,4,4,0,10,0,0,0,10
01/27/2023,LWB,WV,AEA,EN,Federal Contract Tower,0,2,9,0,11,0,2,6,2,10,0,4,15,2,21,0,0,0,21
01/28/2023,LWB,WV,AEA,EN,Federal Contract Tower,2,0,5,0,7,0,3,14,0,17,2,3,19,0,24,0,0,0,24
01/29/2023,LWB,WV,AEA,EN,Federal Contract Tower,2,2,4,0,8,0,0,0,0,0,2,2,4,0,8,0,0,0,8
01/30/2023,LWB,WV,AEA,EN,Federal Contract Tower,2,2,5,0,9,0,0,0,0,0,2,2,5,0,9,0,0,0,9
01/31/2023,LWB,WV,AEA,EN,Federal Contract Tower,2,0,9,0,11,0,0,0,0,0,2,0,9,0,11,0,0,0,11
02/01/2023,LWB,WV,AEA,EN,Federal Contract Tower,2,2,5,0,9,0,2,6,0,8,2,4,11,0,17,8,0,8,25
02/02/2023,LWB,WV,AEA,EN,Federal Contract Tower,1,2,4,0,7,0,0,0,0,0,1,2,4,0,7,0,0,0,7
02/03/2023,LWB,WV,AEA,EN,Federal Contract Tower,2,9,9,0,20,0,1,1,2,4,2,10,10,2,24,0,0,0,24
02/04/2023,LWB,WV,AEA,EN,Federal Contract Tower,2,0,5,0,7,0,3,7,2,12,2,3,12,2,19,4,0,4,23
02/05/2023,LWB,WV,AEA,EN,Federal Contract Tower,1,6,3,0,10,0,4,2,0,6,1,10,5,0,16,0,0,0,16
02/06/2023,LWB,WV,AEA,EN,Federal Contract Tower,0,1,5,12,18,0,2,4,4,10,0,3,9,16,28,0,12,12,40
02/07/2023,LWB,WV,AEA,EN,Federal Contract Tower,2,0,4,0,6,0,8,7,4,19,2,8,11,4,25,6,0,6,31
02/08/2023,LWB,WV,AEA,EN,Federal Contract Tower,0,2,2,0,4,0,0,2,0,2,0,2,4,0,6,4,0,4,10
02/09/2023,LWB,WV,AEA,EN,Federal Contract Tower,0,0,5,0,5,0,2,1,0,3,0,2,6,0,8,0,0,0,8
02/10/2023,LWB,WV,AEA,EN,Federal Contract Tower,0,2,4,5,11,0,3,2,2,7,0,5,6,7,18,0,0,0,18
02/11/2023,LWB,WV,AEA,EN,Federal Contract Tower,2,0,8,0,10,0,2,13,0,15,2,2,21,0,25,0,0,0,25
02/12/2023,LWB,WV,AEA,EN,Federal Contract Tower,0,0,1,0,1,0,0,0,0,0,0,0,1,0,1,0,0,0,1
02/13/2023,LWB,WV,AEA,EN,Federal Contract Tower,2,6,7,0,15,0,1,7,0,8,2,7,14,0,23,0,0,0,23
02/14/2023,LWB,WV,AEA,EN,Federal Contract Tower,2,1,5,0,8,0,4,9,0,13,2,5,14,0,21,0,0,0,21
02/15/2023,LWB,WV,AEA,EN,Federal Contract Tower,2,0,9,0,11,0,10,4,0,14,2,10,13,0,25,8,0,8,33
02/16/2023,LWB,WV,AEA,EN,Federal Contract Tower,2,2,7,0,11,0,0,0,0,0,2,2,7,0,11,0,0,0,11
02/17/2023,LWB,WV,AEA,EN,Federal Contract Tower,2,0,9,0,11,0,0,0,0,0,2,0,9,0,11,0,0,0,11
02/18/2023,LWB,WV,AEA,EN,Federal Contract Tower,2,4,9,0,15,0,0,21,0,21,2,4,30,0,36,0,0,0,36
02/19/2023,LWB,WV,AEA,EN,Federal Contract Tower,2,1,5,0,8,0,3,1,0,4,2,4,6,0,12,0,0,0,12
02/20/2023,LWB,WV,AEA,EN,Federal Contract Tower,2,0,13,2,17,0,4,4,3,11,2,4,17,5,28,0,0,0,28
02/21/2023,LWB,WV,AEA,EN,Federal Contract Tower,2,2,4,0,8,0,2,2,0,4,2,4,6,0,12,0,0,0,12
02/22/2023,LWB,WV,AEA,EN,Federal Contract Tower,2,0,2,0,4,0,3,0,0,3,2,3,2,0,7,0,0,0,7
02/23/2023,LWB,WV,AEA,EN,Federal Contract Tower,2,2,5,0,9,0,1,4,0,5,2,3,9,0,14,6,0,6,20
02/24/2023,LWB,WV,AEA,EN,Federal Contract Tower,2,1,2,0,5,0,3,8,0,11,2,4,10,0,16,0,0,0,16
02/25/2023,LWB,WV,AEA,EN,Federal Contract Tower,2,0,1,0,3,0,0,0,0,0,2,0,1,0,3,0,0,0,3
02/26/2023,LWB,WV,AEA,EN,Federal Contract Tower,2,1,10,0,13,0,0,4,2,6,2,1,14,2,19,0,0,0,19
02/27/2023,LWB,WV,AEA,EN,Federal Contract Tower,2,3,4,0,9,0,2,3,0,5,2,5,7,0,14,0,0,0,14
02/28/2023,LWB,WV,AEA,EN,Federal Contract Tower,2,2,4,0,8,0,5,6,0,11,2,7,10,0,19,0,0,0,19
03/01/2023,LWB,WV,AEA,EN,Federal Contract Tower,2,1,8,0,11,0,0,20,2,22,2,1,28,2,33,22,0,22,55
03/02/2023,LWB,WV,AEA,EN,Federal Contract Tower,2,2,4,0,8,0,2,3,0,5,2,4,7,0,13,12,0,12,25
03/03/2023,LWB,WV,AEA,EN,Federal Contract Tower,4,0,0,0,4,0,0,0,0,0,4,0,0,0,4,0,0,0,4
03/04/2023,LWB,WV,AEA,EN,Federal Contract Tower,2,0,2,0,4,0,2,3,0,5,2,2,5,0,9,2,0,2,11
03/05/2023,LWB,WV,AEA,EN,Federal Contract Tower,4,0,6,0,10,0,1,10,0,11,4,1,16,0,21,0,0,0,21
03/06/2023,LWB,WV,AEA,EN,Federal Contract Tower,2,0,9,0,11,0,2,9,0,11,2,2,18,0,22,8,0,8,30
03/07/2023,LWB,WV,AEA,EN,Federal Contract Tower,2,2,7,0,11,0,5,2,0,7,2,7,9,0,18,0,0,0,18
03/08/2023,LWB,WV,AEA,EN,Federal Contract Tower,2,0,3,6,11,0,1,10,2,13,2,1,13,8,24,26,4,30,54
03/09/2023,LWB,WV,AEA,EN,Federal Contract Tower,2,0,2,0,4,0,3,29,0,32,2,3,31,0,36,6,0,6,42
03/10/2023,LWB,WV,AEA,EN,Federal Contract Tower,2,1,6,0,9,0,0,0,0,0,2,1,6,0,9,0,0,0,9
03/11/2023,LWB,WV,AEA,EN,Federal Contract Tower,2,2,3,0,7,0,0,1,0,1,2,2,4,0,8,0,0,0,8
03/12/2023,LWB,WV,AEA,EN,Federal Contract Tower,1,0,0,0,1,0,0,0,0,0,1,0,0,0,1,0,0,0,1
03/13/2023,LWB,WV,AEA,EN,Federal Contract Tower,3,0,3,0,6,0,2,2,0,4,3,2,5,0,10,0,0,0,10
03/14/2023,LWB,WV,AEA,EN,Federal Contract Tower,2,1,0,0,3,0,0,0,0,0,2,1,0,0,3,0,0,0,3
03/15/2023,LWB,WV,AEA,EN,Federal Contract Tower,2,0,2,0,4,0,3,4,0,7,2,3,6,0,11,2,0,2,13
03/16/2023,LWB,WV,AEA,EN,Federal Contract Tower,2,0,11,0,13,0,2,5,0,7,2,2,16,0,20,0,0,0,20
03/17/2023,LWB,WV,AEA,EN,Federal Contract Tower,2,2,1,0,5,0,0,0,0,0,2,2,1,0,5,0,0,0,5
03/18/2023,LWB,WV,AEA,EN,Federal Contract Tower,2,0,4,0,6,0,0,12,0,12,2,0,16,0,18,2,0,2,20
03/19/2023,LWB,WV,AEA,EN,Federal Contract Tower,2,6,7,0,15,0,0,1,0,1,2,6,8,0,16,0,0,0,16
03/20/2023,LWB,WV,AEA,EN,Federal Contract Tower,2,2,0,0,4,0,2,10,0,12,2,4,10,0,16,14,0,14,30
03/21/2023,LWB,WV,AEA,EN,Federal Contract Tower,3,2,9,0,14,0,0,20,0,20,3,2,29,0,34,22,0,22,56
03/22/2023,LWB,WV,AEA,EN,Federal Contract Tower,2,1,3,0,6,0,0,8,0,8,2,1,11,0,14,0,0,0,14
03/23/2023,LWB,WV,AEA,EN,Federal Contract Tower,2,0,4,2,8,0,2,2,0,4,2,2,6,2,12,0,8,8,20
03/24/2023,LWB,WV,AEA,EN,Federal Contract Tower,2,0,2,0,4,0,0,2,0,2,2,0,4,0,6,0,0,0,6
03/25/2023,LWB,WV,AEA,EN,Federal Contract Tower,2,0,0,0,2,0,2,3,0,5,2,2,3,0,7,0,0,0,7
03/26/2023,LWB,WV,AEA,EN,Federal Contract Tower,2,0,11,0,13,0,7,15,0,22,2,7,26,0,35,0,0,0,35
03/27/2023,LWB,WV,AEA,EN,Federal Contract Tower,2,2,3,0,7,0,5,0,0,5,2,7,3,0,12,0,0,0,12
03/28/2023,LWB,WV,AEA,EN,Federal Contract Tower,4,0,5,0,9,0,6,12,0,18,4,6,17,0,27,28,0,28,55
03/29/2023,LWB,WV,AEA,EN,Federal Contract Tower,2,0,2,0,4,0,3,9,0,12,2,3,11,0,16,0,0,0,16
03/30/2023,LWB,WV,AEA,EN,Federal Contract Tower,2,7,4,0,13,0,2,18,0,20,2,9,22,0,33,0,0,0,33
03/31/2023,LWB,WV,AEA,EN,Federal Contract Tower,2,8,0,0,10,0,2,1,0,3,2,10,1,0,13,0,0,0,13
04/01/2023,LWB,WV,AEA,EN,Federal Contract Tower,2,0,0,0,2,0,3,0,0,3,2,3,0,0,5,0,0,0,5
04/02/2023,LWB,WV,AEA,EN,Federal Contract Tower,2,1,7,0,10,0,0,6,0,6,2,1,13,0,16,0,0,0,16
04/03/2023,LWB,WV,AEA,EN,Federal Contract Tower,2,0,8,1,11,0,4,17,0,21,2,4,25,1,32,16,0,16,48
04/04/2023,LWB,WV,AEA,EN,Federal Contract Tower,2,1,5,0,8,0,2,4,0,6,2,3,9,0,14,0,0,0,14
04/05/2023,LWB,WV,AEA,EN,Federal Contract Tower,2,4,4,0,10,0,2,0,2,4,2,6,4,2,14,0,0,0,14
04/06/2023,LWB,WV,AEA,EN,Federal Contract Tower,3,5,7,0,15,0,0,3,0,3,3,5,10,0,18,0,0,0,18
04/07/2023,LWB,WV,AEA,EN,Federal Contract Tower,2,2,4,0,8,0,5,0,0,5,2,7,4,0,13,4,0,4,17
04/08/2023,LWB,WV,AEA,EN,Federal Contract Tower,2,1,2,0,5,0,4,12,0,16,2,5,14,0,21,32,0,32,53
04/09/2023,LWB,WV,AEA,EN,Federal Contract Tower,2,6,2,0,10,0,2,1,0,3,2,8,3,0,13,0,0,0,13
04/10/2023,LWB,WV,AEA,EN,Federal Contract Tower,2,5,11,0,18,0,4,11,0,15,2,9,22,0,33,6,0,6,39
04/11/2023,LWB,WV,AEA,EN,Federal Contract Tower,2,1,8,0,11,0,1,20,0,21,2,2,28,0,32,6,0,6,38
04/12/2023,LWB,WV,AEA,EN,Federal Contract Tower,2,5,8,0,15,0,1,25,0,26,2,6,33,0,41,12,0,12,53
04/13/2023,LWB,WV,AEA,EN,Federal Contract Tower,2,7,1,0,10,0,9,18,2,29,2,16,19,2,39,16,0,16,55
04/14/2023,LWB,WV,AEA,EN,Federal Contract Tower,2,4,10,0,16,0,0,2,0,2,2,4,12,0,18,0,0,0,18
04/15/2023,LWB,WV,AEA,EN,Federal Contract Tower,3,3,8,0,14,0,8,3,0,11,3,11,11,0,25,0,0,0,25
04/16/2023,LWB,WV,AEA,EN,Federal Contract Tower,2,6,11,0,19,0,0,0,0,0,2,6,11,0,19,0,0,0,19
04/17/2023,LWB,WV,AEA,EN,Federal Contract Tower,4,4,0,0,8,0,4,0,2,6,4,8,0,2,14,0,6,6,20
04/18/2023,LWB,WV,AEA,EN,Federal Contract Tower,4,2,7,0,13,0,1,2,0,3,4,3,9,0,16,0,0,0,16
04/19/2023,LWB,WV,AEA,EN,Federal Contract Tower,2,3,6,0,11,0,2,23,0,25,2,5,29,0,36,2,0,2,38
04/20/2023,LWB,WV,AEA,EN,Federal Contract Tower,4,2,5,0,11,0,1,8,2,11,4,3,13,2,22,0,10,10,32
04/21/2023,LWB,WV,AEA,EN,Federal Contract Tower,4,7,12,0,23,0,3,9,0,12,4,10,21,0,35,12,0,12,47
04/22/2023,LWB,WV,AEA,EN,Federal Contract Tower,2,5,6,0,13,0,2,1,0,3,2,7,7,0,16,0,0,0,16
04/23/2023,LWB,WV,AEA,EN,Federal Contract Tower,4,10,11,0,25,0,2,6,0,8,4,12,17,0,33,0,0,0,33
04/24/2023,LWB,WV,AEA,EN,Federal Contract Tower,4,4,6,0,14,0,4,22,0,26,4,8,28,0,40,12,0,12,52
04/25/2023,LWB,WV,AEA,EN,Federal Contract Tower,6,4,8,0,18,0,3,9,0,12,6,7,17,0,30,12,0,12,42
04/26/2023,LWB,WV,AEA,EN,Federal Contract Tower,2,3,11,0,16,0,6,9,0,15,2,9,20,0,31,6,0,6,37
04/27/2023,LWB,WV,AEA,EN,Federal Contract Tower,4,9,13,0,26,0,2,7,0,9,4,11,20,0,35,6,0,6,41
04/28/2023,LWB,WV,AEA,EN,Federal Contract Tower,4,3,6,0,13,0,0,0,0,0,4,3,6,0,13,0,0,0,13
04/29/2023,LWB,WV,AEA,EN,Federal Contract Tower,2,4,3,0,9,0,4,10,0,14,2,8,13,0,23,10,0,10,33
04/30/2023,LWB,WV,AEA,EN,Federal Contract Tower,4,7,0,0,11,0,0,2,0,2,4,7,2,0,13,0,0,0,13
05/01/2023,LWB,WV,AEA,EN,Federal Contract Tower,4,3,6,0,13,0,2,0,0,2,4,5,6,0,15,0,0,0,15
05/02/2023,LWB,WV,AEA,EN,Federal Contract Tower,4,2,6,0,12,0,2,0,0,2,4,4,6,0,14,0,0,0,14
05/03/2023,LWB,WV,AEA,EN,Federal Contract Tower,2,2,5,0,9,0,0,18,0,18,2,2,23,0,27,0,0,0,27
05/04/2023,LWB,WV,AEA,EN,Federal Contract Tower,4,8,8,5,25,0,5,10,3,18,4,13,18,8,43,10,0,10,53
05/05/2023,LWB,WV,AEA,EN,Federal Contract Tower,4,4,11,0,19,0,3,29,0,32,4,7,40,0,51,0,0,0,51
05/06/2023,LWB,WV,AEA,EN,Federal Contract Tower,2,0,13,0,15,0,5,20,8,33,2,5,33,8,48,14,0,14,62
05/07/2023,LWB,WV,AEA,EN,Federal Contract Tower,4,10,19,0,33,0,1,7,0,8,4,11,26,0,41,6,0,6,47
05/08/2023,LWB,WV,AEA,EN,Federal Contract Tower,6,4,4,0,14,0,5,2,0,7,6,9,6,0,21,0,0,0,21
05/09/2023,LWB,WV,AEA,EN,Federal Contract Tower,4,3,11,0,18,0,1,0,0,1,4,4,11,0,19,0,0,0,19
05/10/2023,LWB,WV,AEA,EN,Federal Contract Tower,2,6,16,0,24,0,1,19,0,20,2,7,35,0,44,24,0,24,68
05/11/2023,LWB,WV,AEA,EN,Federal Contract Tower,4,5,4,0,13,0,2,19,0,21,4,7,23,0,34,11,0,11,45
05/12/2023,LWB,WV,AEA,EN,Federal Contract Tower,4,1,10,0,15,0,3,1,0,4,4,4,11,0,19,0,0,0,19
05/13/2023,LWB,WV,AEA,EN,Federal Contract Tower,2,2,3,0,7,0,0,2,0,2,2,2,5,0,9,0,0,0,9
05/14/2023,LWB,WV,AEA,EN,Federal Contract Tower,4,4,8,0,16,0,0,6,0,6,4,4,14,0,22,0,0,0,22
05/15/2023,LWB,WV,AEA,EN,Federal Contract Tower,4,8,12,0,24,0,0,0,0,0,4,8,12,0,24,0,0,0,24
05/16/2023,LWB,WV,AEA,EN,Federal Contract Tower,6,7,5,0,18,0,0,0,0,0,6,7,5,0,18,0,0,0,18
05/17/2023,LWB,WV,AEA,EN,Federal Contract Tower,2,13,14,2,31,0,2,6,0,8,2,15,20,2,39,0,12,12,51
05/18/2023,LWB,WV,AEA,EN,Federal Contract Tower,4,11,12,0,27,0,2,2,0,4,4,13,14,0,31,0,0,0,31
05/19/2023,LWB,WV,AEA,EN,Federal Contract Tower,4,2,9,0,15,0,2,10,0,12,4,4,19,0,27,18,0,18,45
05/20/2023,LWB,WV,AEA,EN,Federal Contract Tower,2,6,4,0,12,0,0,2,0,2,2,6,6,0,14,0,0,0,14
05/21/2023,LWB,WV,AEA,EN,Federal Contract Tower,4,19,17,0,40,0,2,23,0,25,4,21,40,0,65,34,0,34,99
05/22/2023,LWB,WV,AEA,EN,Federal Contract Tower,4,4,6,1,15,0,4,7,0,11,4,8,13,1,26,4,8,12,38
05/23/2023,LWB,WV,AEA,EN,Federal Contract Tower,4,4,5,0,13,0,6,11,0,17,4,10,16,0,30,2,0,2,32
05/24/2023,LWB,WV,AEA,EN,Federal Contract Tower,1,2,18,2,23,0,7,27,0,34,1,9,45,2,57,4,14,18,75
05/25/2023,LWB,WV,AEA,EN,Federal Contract Tower,4,10,10,2,26,0,2,3,0,5,4,12,13,2,31,4,10,14,45
05/26/2023,LWB,WV,AEA,EN,Federal Contract Tower,4,9,15,0,28,0,3,15,0,18,4,12,30,0,46,10,0,10,56
05/27/2023,LWB,WV,AEA,EN,Federal Contract Tower,2,2,4,0,8,0,0,13,0,13,2,2,17,0,21,0,0,0,21
05/28/2023,LWB,WV,AEA,EN,Federal Contract Tower,4,3,9,0,16,0,0,0,0,0,4,3,9,0,16,0,0,0,16
05/29/2023,LWB,WV,AEA,EN,Federal Contract Tower,4,4,6,0,14,0,0,0,0,0,4,4,6,0,14,0,0,0,14
05/30/2023,LWB,WV,AEA,EN,Federal Contract Tower,4,14,9,0,27,0,0,3,0,3,4,14,12,0,30,0,0,0,30
05/31/2023,LWB,WV,AEA,EN,Federal Contract Tower,2,1,7,0,10,0,2,3,0,5,2,3,10,0,15,0,0,0,15
06/01/2023,LWB,WV,AEA,EN,Federal Contract Tower,2,18,26,0,46,0,2,3,0,5,2,20,29,0,51,6,0,6,57
06/02/2023,LWB,WV,AEA,EN,Federal Contract Tower,8,11,6,0,25,0,3,6,0,9,8,14,12,0,34,0,0,0,34
06/03/2023,LWB,WV,AEA,EN,Federal Contract Tower,2,7,9,0,18,0,0,11,0,11,2,7,20,0,29,10,0,10,39
06/04/2023,LWB,WV,AEA,EN,Federal Contract Tower,6,7,20,0,33,0,0,1,0,1,6,7,21,0,34,0,0,0,34
06/05/2023,LWB,WV,AEA,EN,Federal Contract Tower,6,7,5,0,18,0,1,12,0,13,6,8,17,0,31,4,0,4,35
06/06/2023,LWB,WV,AEA,EN,Federal Contract Tower,4,3,6,1,14,0,7,9,3,19,4,10,15,4,33,14,10,24,57
06/07/2023,LWB,WV,AEA,EN,Federal Contract Tower,4,5,7,0,16,0,0,5,0,5,4,5,12,0,21,16,0,16,37
06/08/2023,LWB,WV,AEA,EN,Federal Contract Tower,6,7,11,1,25,0,4,0,0,4,6,11,11,1,29,0,0,0,29
06/09/2023,LWB,WV,AEA,EN,Federal Contract Tower,4,0,12,0,16,0,2,6,4,12,4,2,18,4,28,4,0,4,32
06/10/2023,LWB,WV,AEA,EN,Federal Contract Tower,2,3,16,0,21,0,1,14,3,18,2,4,30,3,39,6,0,6,45
06/11/2023,LWB,WV,AEA,EN,Federal Contract Tower,6,2,16,0,24,0,0,2,0,2,6,2,18,0,26,0,0,0,26
06/12/2023,LWB,WV,AEA,EN,Federal Contract Tower,6,9,9,0,24,0,0,0,0,0,6,9,9,0,24,0,0,0,24
06/13/2023,LWB,WV,AEA,EN,Federal Contract Tower,6,6,1,0,13,0,3,3,0,6,6,9,4,0,19,0,0,0,19
06/14/2023,LWB,WV,AEA,EN,Federal Contract Tower,4,8,7,0,19,0,1,1,0,2,4,9,8,0,21,0,0,0,21
06/15/2023,LWB,WV,AEA,EN,Federal Contract Tower,4,7,9,0,20,0,1,2,0,3,4,8,11,0,23,0,0,0,23
06/16/2023,LWB,WV,AEA,EN,Federal Contract Tower,6,10,12,0,28,0,2,0,0,2,6,12,12,0,30,0,0,0,30
06/17/2023,LWB,WV,AEA,EN,Federal Contract Tower,2,6,5,0,13,0,4,9,0,13,2,10,14,0,26,2,0,2,28
06/18/2023,LWB,WV,AEA,EN,Federal Contract Tower,6,10,13,0,29,0,1,8,0,9,6,11,21,0,38,8,0,8,46
06/19/2023,LWB,WV,AEA,EN,Federal Contract Tower,4,8,26,0,38,0,3,3,0,6,4,11,29,0,44,0,0,0,44
06/20/2023,LWB,WV,AEA,EN,Federal Contract Tower,6,3,9,0,18,0,0,2,0,2,6,3,11,0,20,0,0,0,20
06/21/2023,LWB,WV,AEA,EN,Federal Contract Tower,3,8,12,0,23,0,0,1,0,1,3,8,13,0,24,0,0,0,24
06/22/2023,LWB,WV,AEA,EN,Federal Contract Tower,4,5,15,0,24,0,0,0,0,0,4,5,15,0,24,0,0,0,24
06/23/2023,LWB,WV,AEA,EN,Federal Contract Tower,6,4,11,0,21,0,0,0,0,0,6,4,11,0,21,0,0,0,21
06/24/2023,LWB,WV,AEA,EN,Federal Contract Tower,2,6,4,0,12,0,2,2,0,4,2,8,6,0,16,0,0,0,16
06/25/2023,LWB,WV,AEA,EN,Federal Contract Tower,6,6,13,0,25,0,4,2,0,6,6,10,15,0,31,0,0,0,31
06/26/2023,LWB,WV,AEA,EN,Federal Contract Tower,6,3,19,0,28,0,3,4,0,7,6,6,23,0,35,2,0,2,37
06/27/2023,LWB,WV,AEA,EN,Federal Contract Tower,7,4,4,2,17,0,0,2,0,2,7,4,6,2,19,0,0,0,19
06/28/2023,LWB,WV,AEA,EN,Federal Contract Tower,4,1,15,0,20,0,4,4,0,8,4,5,19,0,28,0,0,0,28
06/29/2023,LWB,WV,AEA,EN,Federal Contract Tower,4,7,4,0,15,0,2,6,0,8,4,9,10,0,23,0,0,0,23
06/30/2023,LWB,WV,AEA,EN,Federal Contract Tower,6,8,16,2,32,0,2,4,0,6,6,10,20,2,38,0,0,0,38
07/01/2023,LWB,WV,AEA,EN,Federal Contract Tower,2,4,4,0,10,0,3,2,0,5,2,7,6,0,15,0,0,0,15
07/02/2023,LWB,WV,AEA,EN,Federal Contract Tower,2,3,7,0,12,0,2,0,0,2,2,5,7,0,14,0,0,0,14
07/03/2023,LWB,WV,AEA,EN,Federal Contract Tower,4,6,6,0,16,0,4,2,0,6,4,10,8,0,22,0,0,0,22
07/04/2023,LWB,WV,AEA,EN,Federal Contract Tower,2,4,2,0,8,0,1,6,0,7,2,5,8,0,15,8,0,8,23
07/05/2023,LWB,WV,AEA,EN,Federal Contract Tower,4,4,9,0,17,0,3,8,0,11,4,7,17,0,28,0,0,0,28
07/06/2023,LWB,WV,AEA,EN,Federal Contract Tower,4,9,9,0,22,0,2,9,0,11,4,11,18,0,33,20,0,20,53
07/07/2023,LWB,WV,AEA,EN,Federal Contract Tower,2,3,7,0,12,0,0,3,0,3,2,3,10,0,15,10,0,10,25
07/08/2023,LWB,WV,AEA,EN,Federal Contract Tower,2,1,14,0,17,0,9,10,0,19,2,10,24,0,36,18,0,18,54
07/09/2023,LWB,WV,AEA,EN,Federal Contract Tower,2,7,9,0,18,0,0,0,0,0,2,7,9,0,18,0,0,0,18
07/10/2023,LWB,WV,AEA,EN,Federal Contract Tower,6,2,7,0,15,0,3,12,0,15,6,5,19,0,30,10,0,10,40
07/11/2023,LWB,WV,AEA,EN,Federal Contract Tower,2,4,6,0,12,0,1,15,3,19,2,5,21,3,31,22,0,22,53
07/12/2023,LWB,WV,AEA,EN,Federal Contract Tower,2,8,17,1,28,0,1,10,2,13,2,9,27,3,41,10,14,24,65
07/13/2023,LWB,WV,AEA,EN,Federal Contract Tower,2,13,11,0,26,0,2,9,0,11,2,15,20,0,37,0,0,0,37
07/14/2023,LWB,WV,AEA,EN,Federal Contract Tower,6,12,15,2,35,0,3,6,0,9,6,15,21,2,44,0,0,0,44
07/15/2023,LWB,WV,AEA,EN,Federal Contract Tower,2,5,3,0,10,0,3,2,0,5,2,8,5,0,15,0,0,0,15
07/16/2023,LWB,WV,AEA,EN,Federal Contract Tower,6,12,19,0,37,0,1,4,0,5,6,13,23,0,42,0,0,0,42
07/17/2023,LWB,WV,AEA,EN,Federal Contract Tower,6,3,7,0,16,0,2,3,0,5,6,5,10,0,21,2,0,2,23
07/18/2023,LWB,WV,AEA,EN,Federal Contract Tower,3,5,5,0,13,0,7,13,0,20,3,12,18,0,33,8,0,8,41
07/19/2023,LWB,WV,AEA,EN,Federal Contract Tower,2,2,7,0,11,0,0,5,0,5,2,2,12,0,16,24,0,24,40
07/20/2023,LWB,WV,AEA,EN,Federal Contract Tower,6,7,12,2,27,0,2,5,1,8,6,9,17,3,35,6,0,6,41
07/21/2023,LWB,WV,AEA,EN,Federal Contract Tower,6,8,9,0,23,0,5,4,2,11,6,13,13,2,34,0,0,0,34
07/22/2023,LWB,WV,AEA,EN,Federal Contract Tower,5,2,9,0,16,0,6,8,0,14,5,8,17,0,30,0,0,0,30
07/23/2023,LWB,WV,AEA,EN,Federal Contract Tower,5,10,15,0,30,0,4,16,0,20,5,14,31,0,50,20,0,20,70
07/24/2023,LWB,WV,AEA,EN,Federal Contract Tower,6,4,12,2,24,0,3,11,2,16,6,7,23,4,40,12,0,12,52
07/25/2023,LWB,WV,AEA,EN,Federal Contract Tower,4,6,8,0,18,0,2,8,0,10,4,8,16,0,28,6,0,6,34
07/26/2023,LWB,WV,AEA,EN,Federal Contract Tower,4,4,16,4,28,0,1,14,2,17,4,5,30,6,45,0,6,6,51
07/27/2023,LWB,WV,AEA,EN,Federal Contract Tower,4,5,15,0,24,0,2,7,0,9,4,7,22,0,33,0,0,0,33
07/28/2023,LWB,WV,AEA,EN,Federal Contract Tower,4,10,12,0,26,0,4,10,10,24,4,14,22,10,50,0,0,0,50
07/29/2023,LWB,WV,AEA,EN,Federal Contract Tower,4,5,12,0,21,0,0,0,2,2,4,5,12,2,23,0,0,0,23
07/30/2023,LWB,WV,AEA,EN,Federal Contract Tower,10,12,13,0,35,0,0,10,0,10,10,12,23,0,45,16,0,16,61
07/31/2023,LWB,WV,AEA,EN,Federal Contract Tower,5,14,10,0,29,0,0,10,0,10,5,14,20,0,39,8,0,8,47
08/01/2023,LWB,WV,AEA,EN,Federal Contract Tower,4,29,17,0,50,0,4,10,0,14,4,33,27,0,64,24,0,24,88
08/02/2023,LWB,WV,AEA,EN,Federal Contract Tower,4,10,19,0,33,0,2,16,0,18,4,12,35,0,51,4,0,4,55
08/03/2023,LWB,WV,AEA,EN,Federal Contract Tower,4,9,16,0,29,0,0,0,0,0,4,9,16,0,29,0,0,0,29
08/04/2023,LWB,WV,AEA,EN,Federal Contract Tower,6,12,19,0,37,0,0,9,0,9,6,12,28,0,46,12,0,12,58
08/05/2023,LWB,WV,AEA,EN,Federal Contract Tower,2,2,23,0,27,0,1,16,0,17,2,3,39,0,44,6,0,6,50
08/06/2023,LWB,WV,AEA,EN,Federal Contract Tower,5,55,23,0,83,0,0,9,0,9,5,55,32,0,92,0,0,0,92
08/07/2023,LWB,WV,AEA,EN,Federal Contract Tower,7,16,20,0,43,0,0,1,0,1,7,16,21,0,44,0,0,0,44
08/08/2023,LWB,WV,AEA,EN,Federal Contract Tower,8,6,12,0,26,0,3,6,0,9,8,9,18,0,35,4,0,4,39
08/09/2023,LWB,WV,AEA,EN,Federal Contract Tower,4,9,10,0,23,0,10,12,0,22,4,19,22,0,45,8,0,8,53
08/10/2023,LWB,WV,AEA,EN,Federal Contract Tower,5,4,11,0,20,0,0,2,0,2,5,4,13,0,22,0,0,0,22
08/11/2023,LWB,WV,AEA,EN,Federal Contract Tower,6,8,15,0,29,0,2,20,0,22,6,10,35,0,51,16,0,16,67
08/12/2023,LWB,WV,AEA,EN,Federal Contract Tower,1,1,10,2,14,0,11,16,0,27,1,12,26,2,41,14,0,14,55
08/13/2023,LWB,WV,AEA,EN,Federal Contract Tower,7,8,21,0,36,0,4,14,0,18,7,12,35,0,54,0,0,0,54
08/14/2023,LWB,WV,AEA,EN,Federal Contract Tower,7,7,20,0,34,0,2,0,0,2,7,9,20,0,36,0,0,0,36
08/15/2023,LWB,WV,AEA,EN,Federal Contract Tower,4,5,11,1,21,0,3,1,2,6,4,8,12,3,27,0,10,10,37
08/16/2023,LWB,WV,AEA,EN,Federal Contract Tower,4,2,13,0,19,0,3,2,0,5,4,5,15,0,24,0,0,0,24
08/17/2023,LWB,WV,AEA,EN,Federal Contract Tower,4,8,20,0,32,0,4,18,4,26,4,12,38,4,58,6,0,6,64
08/18/2023,LWB,WV,AEA,EN,Federal Contract Tower,6,9,9,0,24,0,2,6,0,8,6,11,15,0,32,8,0,8,40
08/19/2023,LWB,WV,AEA,EN,Federal Contract Tower,2,12,8,0,22,0,2,9,0,11,2,14,17,0,33,6,0,6,39
08/20/2023,LWB,WV,AEA,EN,Federal Contract Tower,6,4,8,0,18,0,0,16,0,16,6,4,24,0,34,28,0,28,62
08/21/2023,LWB,WV,AEA,EN,Federal Contract Tower,5,14,6,0,25,0,0,12,0,12,5,14,18,0,37,20,0,20,57
08/22/2023,LWB,WV,AEA,EN,Federal Contract Tower,6,3,9,0,18,0,4,6,0,10,6,7,15,0,28,0,0,0,28
08/23/2023,LWB,WV,AEA,EN,Federal Contract Tower,4,1,9,0,14,0,4,40,1,45,4,5,49,1,59,8,4,12,71
08/24/2023,LWB,WV,AEA,EN,Federal Contract Tower,4,3,19,0,26,0,6,13,2,21,4,9,32,2,47,0,0,0,47
08/25/2023,LWB,WV,AEA,EN,Federal Contract Tower,6,11,6,0,23,0,4,27,0,31,6,15,33,0,54,0,0,0,54
08/26/2023,LWB,WV,AEA,EN,Federal Contract Tower,2,4,10,0,16,0,5,9,0,14,2,9,19,0,30,12,0,12,42
08/27/2023,LWB,WV,AEA,EN,Federal Contract Tower,6,5,11,0,22,0,3,0,0,3,6,8,11,0,25,0,0,0,25
08/28/2023,LWB,WV,AEA,EN,Federal Contract Tower,4,6,5,0,15,0,1,0,0,1,4,7,5,0,16,0,0,0,16
08/29/2023,LWB,WV,AEA,EN,Federal Contract Tower,4,5,13,0,22,0,2,1,0,3,4,7,14,0,25,0,0,0,25
08/30/2023,LWB,WV,AEA,EN,Federal Contract Tower,4,5,14,2,25,0,2,7,2,11,4,7,21,4,36,0,8,8,44
08/31/2023,LWB,WV,AEA,EN,Federal Contract Tower,6,11,13,3,33,0,3,11,2,16,6,14,24,5,49,12,0,12,61
