01/01/2000,LWS,ID,ANM,WE,Federal Contract Tower,0,4,0,0,4,0,2,0,0,2,0,6,0,0,6,0,0,0,6
01/02/2000,LWS,ID,ANM,WE,Federal Contract Tower,0,13,3,0,16,0,2,23,0,25,0,15,26,0,41,74,0,74,115
01/03/2000,LWS,ID,ANM,WE,Federal Contract Tower,0,26,7,0,33,0,5,4,0,9,0,31,11,0,42,0,0,0,42
01/04/2000,LWS,ID,ANM,WE,Federal Contract Tower,0,25,6,0,31,0,6,26,0,32,0,31,32,0,63,26,0,26,89
01/05/2000,LWS,ID,ANM,WE,Federal Contract Tower,0,25,6,0,31,0,5,38,6,49,0,30,44,6,80,78,8,86,166
01/06/2000,LWS,ID,ANM,WE,Federal Contract Tower,0,26,7,0,33,0,6,11,10,27,0,32,18,10,60,18,0,18,78
01/07/2000,LWS,ID,ANM,WE,Federal Contract Tower,0,29,7,0,36,0,4,16,0,20,0,33,23,0,56,16,0,16,72
01/08/2000,LWS,ID,ANM,WE,Federal Contract Tower,0,11,2,0,13,0,5,11,0,16,0,16,13,0,29,4,0,4,33
01/09/2000,LWS,ID,ANM,WE,Federal Contract Tower,0,11,3,0,14,0,3,0,0,3,0,14,3,0,17,0,0,0,17
01/10/2000,LWS,ID,ANM,WE,Federal Contract Tower,0,25,6,0,31,0,2,15,0,17,0,27,21,0,48,22,0,22,70
01/11/2000,LWS,ID,ANM,WE,Federal Contract Tower,0,31,9,0,40,2,0,11,0,13,2,31,20,0,53,64,0,64,117
01/12/2000,LWS,ID,ANM,WE,Federal Contract Tower,0,31,8,0,39,0,0,32,0,32,0,31,40,0,71,49,0,49,120
01/13/2000,LWS,ID,ANM,WE,Federal Contract Tower,0,29,8,0,37,2,0,12,0,14,2,29,20,0,51,16,0,16,67
01/14/2000,LWS,ID,ANM,WE,Federal Contract Tower,0,30,8,0,38,0,2,22,0,24,0,32,30,0,62,32,0,32,94
01/15/2000,LWS,ID,ANM,WE,Federal Contract Tower,0,16,3,0,19,0,0,41,0,41,0,16,44,0,60,46,0,46,106
01/16/2000,LWS,ID,ANM,WE,Federal Contract Tower,0,14,2,0,16,0,0,28,0,28,0,14,30,0,44,32,0,32,76
01/17/2000,LWS,ID,ANM,WE,Federal Contract Tower,0,21,5,0,26,0,0,93,0,93,0,21,98,0,119,148,0,148,267
01/18/2000,LWS,ID,ANM,WE,Federal Contract Tower,0,27,5,0,32,0,3,25,0,28,0,30,30,0,60,70,0,70,130
01/19/2000,LWS,ID,ANM,WE,Federal Contract Tower,0,35,8,0,43,2,0,18,0,20,2,35,26,0,63,47,0,47,110
01/20/2000,LWS,ID,ANM,WE,Federal Contract Tower,0,30,8,0,38,0,0,15,4,19,0,30,23,4,57,120,12,132,189
01/21/2000,LWS,ID,ANM,WE,Federal Contract Tower,0,31,8,0,39,0,0,11,0,11,0,31,19,0,50,4,0,4,54
01/22/2000,LWS,ID,ANM,WE,Federal Contract Tower,0,15,5,0,20,0,0,8,2,10,0,15,13,2,30,20,2,22,52
01/23/2000,LWS,ID,ANM,WE,Federal Contract Tower,0,14,3,0,17,0,0,57,2,59,0,14,60,2,76,72,2,74,150
01/24/2000,LWS,ID,ANM,WE,Federal Contract Tower,0,28,7,0,35,0,1,26,0,27,0,29,33,0,62,90,0,90,152
01/25/2000,LWS,ID,ANM,WE,Federal Contract Tower,0,28,8,0,36,0,0,3,0,3,0,28,11,0,39,0,0,0,39
01/26/2000,LWS,ID,ANM,WE,Federal Contract Tower,0,29,8,0,37,0,0,23,0,23,0,29,31,0,60,0,0,0,60
01/27/2000,LWS,ID,ANM,WE,Federal Contract Tower,0,29,7,0,36,0,1,21,0,22,0,30,28,0,58,16,0,16,74
01/28/2000,LWS,ID,ANM,WE,Federal Contract Tower,0,27,7,0,34,0,4,31,0,35,0,31,38,0,69,26,0,26,95
01/29/2000,LWS,ID,ANM,WE,Federal Contract Tower,0,14,3,0,17,0,0,65,0,65,0,14,68,0,82,48,0,48,130
01/30/2000,LWS,ID,ANM,WE,Federal Contract Tower,0,12,2,0,14,0,2,38,1,41,0,14,40,1,55,48,1,49,104
01/31/2000,LWS,ID,ANM,WE,Federal Contract Tower,0,27,7,0,34,0,1,1,0,2,0,28,8,0,36,16,0,16,52
02/01/2000,LWS,ID,ANM,WE,Federal Contract Tower,0,26,8,0,34,0,0,5,0,5,0,26,13,0,39,0,0,0,39
02/02/2000,LWS,ID,ANM,WE,Federal Contract Tower,0,22,2,0,24,0,7,0,0,7,0,29,2,0,31,0,0,0,31
02/03/2000,LWS,ID,ANM,WE,Federal Contract Tower,0,23,7,0,30,0,8,19,0,27,0,31,26,0,57,22,0,22,79
02/04/2000,LWS,ID,ANM,WE,Federal Contract Tower,0,30,9,0,39,0,1,18,0,19,0,31,27,0,58,22,0,22,80
02/05/2000,LWS,ID,ANM,WE,Federal Contract Tower,0,13,4,0,17,0,0,21,0,21,0,13,25,0,38,8,0,8,46
02/06/2000,LWS,ID,ANM,WE,Federal Contract Tower,0,13,4,0,17,0,0,31,0,31,0,13,35,0,48,88,0,88,136
02/07/2000,LWS,ID,ANM,WE,Federal Contract Tower,0,25,7,1,33,0,2,33,3,38,0,27,40,4,71,83,26,109,180
02/08/2000,LWS,ID,ANM,WE,Federal Contract Tower,0,26,7,0,33,0,3,25,0,28,0,29,32,0,61,12,0,12,73
02/09/2000,LWS,ID,ANM,WE,Federal Contract Tower,0,27,8,1,36,0,5,38,1,44,0,32,46,2,80,51,20,71,151
02/10/2000,LWS,ID,ANM,WE,Federal Contract Tower,0,25,7,0,32,0,4,64,0,68,0,29,71,0,100,68,0,68,168
02/11/2000,LWS,ID,ANM,WE,Federal Contract Tower,0,30,8,1,39,0,2,11,1,14,0,32,19,2,53,0,0,0,53
02/12/2000,LWS,ID,ANM,WE,Federal Contract Tower,0,15,4,0,19,2,0,1,0,3,2,15,5,0,22,0,0,0,22
02/13/2000,LWS,ID,ANM,WE,Federal Contract Tower,0,13,3,0,16,0,1,20,0,21,0,14,23,0,37,22,0,22,59
02/14/2000,LWS,ID,ANM,WE,Federal Contract Tower,0,24,2,0,26,2,2,0,0,4,2,26,2,0,30,0,0,0,30
02/15/2000,LWS,ID,ANM,WE,Federal Contract Tower,0,28,7,1,36,0,0,41,1,42,0,28,48,2,78,8,0,8,86
02/16/2000,LWS,ID,ANM,WE,Federal Contract Tower,0,20,6,1,27,2,0,46,0,48,2,20,52,1,75,66,1,67,142
02/17/2000,LWS,ID,ANM,WE,Federal Contract Tower,0,34,9,0,43,0,0,27,0,27,0,34,36,0,70,22,0,22,92
02/18/2000,LWS,ID,ANM,WE,Federal Contract Tower,0,34,9,0,43,0,0,60,0,60,0,34,69,0,103,54,0,54,157
02/19/2000,LWS,ID,ANM,WE,Federal Contract Tower,0,16,4,0,20,0,0,73,0,73,0,16,77,0,93,54,0,54,147
02/20/2000,LWS,ID,ANM,WE,Federal Contract Tower,0,14,4,0,18,0,1,60,0,61,0,15,64,0,79,120,0,120,199
02/21/2000,LWS,ID,ANM,WE,Federal Contract Tower,0,21,6,0,27,0,0,19,2,21,0,21,25,2,48,28,0,28,76
02/22/2000,LWS,ID,ANM,WE,Federal Contract Tower,0,22,6,0,28,0,6,61,0,67,0,28,67,0,95,32,0,32,127
02/23/2000,LWS,ID,ANM,WE,Federal Contract Tower,0,28,9,0,37,0,0,10,0,10,0,28,19,0,47,24,0,24,71
02/24/2000,LWS,ID,ANM,WE,Federal Contract Tower,0,29,9,0,38,0,0,92,0,92,0,29,101,0,130,50,0,50,180
02/25/2000,LWS,ID,ANM,WE,Federal Contract Tower,0,32,9,0,41,0,0,54,0,54,0,32,63,0,95,81,0,81,176
02/26/2000,LWS,ID,ANM,WE,Federal Contract Tower,0,15,4,0,19,0,0,30,0,30,0,15,34,0,49,62,0,62,111
02/27/2000,LWS,ID,ANM,WE,Federal Contract Tower,0,12,3,0,15,0,2,13,0,15,0,14,16,0,30,68,0,68,98
02/28/2000,LWS,ID,ANM,WE,Federal Contract Tower,0,29,8,0,37,0,1,26,0,27,0,30,34,0,64,38,0,38,102
02/29/2000,LWS,ID,ANM,WE,Federal Contract Tower,0,25,7,0,32,0,2,3,0,5,0,27,10,0,37,48,0,48,85
03/01/2000,LWS,ID,ANM,WE,Federal Contract Tower,0,28,10,0,38,0,0,136,1,137,0,28,146,1,175,88,23,111,286
03/02/2000,LWS,ID,ANM,WE,Federal Contract Tower,0,28,11,0,39,0,0,76,0,76,0,28,87,0,115,63,0,63,178
03/03/2000,LWS,ID,ANM,WE,Federal Contract Tower,0,24,8,0,32,0,3,67,0,70,0,27,75,0,102,74,0,74,176
03/04/2000,LWS,ID,ANM,WE,Federal Contract Tower,0,13,4,0,17,0,3,15,0,18,0,16,19,0,35,28,0,28,63
03/05/2000,LWS,ID,ANM,WE,Federal Contract Tower,0,13,6,0,19,0,0,11,0,11,0,13,17,0,30,126,4,130,160
03/06/2000,LWS,ID,ANM,WE,Federal Contract Tower,0,27,8,0,35,0,0,18,0,18,0,27,26,0,53,0,0,0,53
03/07/2000,LWS,ID,ANM,WE,Federal Contract Tower,0,27,7,0,34,0,2,47,0,49,0,29,54,0,83,26,0,26,109
03/08/2000,LWS,ID,ANM,WE,Federal Contract Tower,0,27,8,0,35,0,4,58,0,62,0,31,66,0,97,58,0,58,155
03/09/2000,LWS,ID,ANM,WE,Federal Contract Tower,0,27,8,0,35,0,4,25,0,29,0,31,33,0,64,38,0,38,102
03/10/2000,LWS,ID,ANM,WE,Federal Contract Tower,0,20,6,0,26,0,6,51,0,57,0,26,57,0,83,49,0,49,132
03/11/2000,LWS,ID,ANM,WE,Federal Contract Tower,0,11,3,0,14,0,4,18,0,22,0,15,21,0,36,18,0,18,54
03/12/2000,LWS,ID,ANM,WE,Federal Contract Tower,0,14,4,0,18,0,0,54,0,54,0,14,58,0,72,22,0,22,94
03/13/2000,LWS,ID,ANM,WE,Federal Contract Tower,0,26,7,1,34,0,4,45,0,49,0,30,52,1,83,70,3,73,156
03/14/2000,LWS,ID,ANM,WE,Federal Contract Tower,0,30,8,0,38,0,1,38,0,39,0,31,46,0,77,28,0,28,105
03/15/2000,LWS,ID,ANM,WE,Federal Contract Tower,0,30,9,1,40,0,0,80,3,83,0,30,89,4,123,52,0,52,175
03/16/2000,LWS,ID,ANM,WE,Federal Contract Tower,0,32,10,0,42,0,0,31,0,31,0,32,41,0,73,0,0,0,73
03/17/2000,LWS,ID,ANM,WE,Federal Contract Tower,0,27,7,0,34,0,0,37,2,39,0,27,44,2,73,29,0,29,102
03/18/2000,LWS,ID,ANM,WE,Federal Contract Tower,0,14,3,0,17,0,0,43,0,43,0,14,46,0,60,22,0,22,82
03/19/2000,LWS,ID,ANM,WE,Federal Contract Tower,0,11,2,0,13,0,2,14,0,16,0,13,16,0,29,12,0,12,41
03/20/2000,LWS,ID,ANM,WE,Federal Contract Tower,0,28,7,0,35,0,3,62,0,65,0,31,69,0,100,22,0,22,122
03/21/2000,LWS,ID,ANM,WE,Federal Contract Tower,0,27,7,0,34,0,3,51,0,54,0,30,58,0,88,8,0,8,96
03/22/2000,LWS,ID,ANM,WE,Federal Contract Tower,0,30,9,0,39,0,0,62,0,62,0,30,71,0,101,82,0,82,183
03/23/2000,LWS,ID,ANM,WE,Federal Contract Tower,0,24,6,0,30,0,3,28,1,32,0,27,34,1,62,12,13,25,87
03/24/2000,LWS,ID,ANM,WE,Federal Contract Tower,0,31,8,0,39,0,1,99,0,100,0,32,107,0,139,56,0,56,195
03/25/2000,LWS,ID,ANM,WE,Federal Contract Tower,0,16,4,0,20,0,0,64,0,64,0,16,68,0,84,81,0,81,165
03/26/2000,LWS,ID,ANM,WE,Federal Contract Tower,0,18,5,0,23,0,0,122,0,122,0,18,127,0,145,124,0,124,269
03/27/2000,LWS,ID,ANM,WE,Federal Contract Tower,0,24,7,0,31,0,3,35,0,38,0,27,42,0,69,52,0,52,121
03/28/2000,LWS,ID,ANM,WE,Federal Contract Tower,0,31,8,0,39,0,0,29,2,31,0,31,37,2,70,70,0,70,140
03/29/2000,LWS,ID,ANM,WE,Federal Contract Tower,0,28,7,0,35,0,1,58,0,59,0,29,65,0,94,32,0,32,126
03/30/2000,LWS,ID,ANM,WE,Federal Contract Tower,0,26,7,0,33,0,3,87,0,90,0,29,94,0,123,63,0,63,186
03/31/2000,LWS,ID,ANM,WE,Federal Contract Tower,0,24,6,0,30,0,1,0,0,1,0,25,6,0,31,96,0,96,127
04/01/2000,LWS,ID,ANM,WE,Federal Contract Tower,0,11,3,0,14,0,6,100,0,106,0,17,103,0,120,80,0,80,200
04/02/2000,LWS,ID,ANM,WE,Federal Contract Tower,0,11,3,0,14,0,5,90,0,95,0,16,93,0,109,80,0,80,189
04/03/2000,LWS,ID,ANM,WE,Federal Contract Tower,0,25,7,0,32,0,3,47,0,50,0,28,54,0,82,38,0,38,120
04/04/2000,LWS,ID,ANM,WE,Federal Contract Tower,0,29,6,2,37,0,3,56,0,59,0,32,62,2,96,24,0,24,120
04/05/2000,LWS,ID,ANM,WE,Federal Contract Tower,0,25,7,0,32,0,5,38,0,43,0,30,45,0,75,14,0,14,89
04/06/2000,LWS,ID,ANM,WE,Federal Contract Tower,0,23,7,0,30,0,7,10,0,17,0,30,17,0,47,0,0,0,47
04/07/2000,LWS,ID,ANM,WE,Federal Contract Tower,0,21,6,0,27,0,7,114,0,121,0,28,120,0,148,68,0,68,216
04/08/2000,LWS,ID,ANM,WE,Federal Contract Tower,0,14,4,0,18,0,3,85,0,88,0,17,89,0,106,29,0,29,135
04/09/2000,LWS,ID,ANM,WE,Federal Contract Tower,0,11,3,0,14,0,3,79,0,82,0,14,82,0,96,69,0,69,165
04/10/2000,LWS,ID,ANM,WE,Federal Contract Tower,0,23,6,0,29,0,3,46,0,49,0,26,52,0,78,16,0,16,94
04/11/2000,LWS,ID,ANM,WE,Federal Contract Tower,0,28,8,0,36,0,2,59,0,61,0,30,67,0,97,26,0,26,123
04/12/2000,LWS,ID,ANM,WE,Federal Contract Tower,0,29,8,1,38,2,8,48,19,77,2,37,56,20,115,34,0,34,149
04/13/2000,LWS,ID,ANM,WE,Federal Contract Tower,0,32,7,0,39,0,0,44,0,44,0,32,51,0,83,24,0,24,107
04/14/2000,LWS,ID,ANM,WE,Federal Contract Tower,0,30,7,0,37,2,2,22,0,26,2,32,29,0,63,14,0,14,77
04/15/2000,LWS,ID,ANM,WE,Federal Contract Tower,0,11,2,0,13,0,3,10,0,13,0,14,12,0,26,2,0,2,28
04/16/2000,LWS,ID,ANM,WE,Federal Contract Tower,0,13,3,0,16,0,0,45,0,45,0,13,48,0,61,100,0,100,161
04/17/2000,LWS,ID,ANM,WE,Federal Contract Tower,0,27,7,0,34,0,3,55,0,58,0,30,62,0,92,38,0,38,130
04/18/2000,LWS,ID,ANM,WE,Federal Contract Tower,0,24,7,0,31,0,7,89,6,102,0,31,96,6,133,34,6,40,173
04/19/2000,LWS,ID,ANM,WE,Federal Contract Tower,0,33,6,0,39,0,1,92,0,93,0,34,98,0,132,38,0,38,170
04/20/2000,LWS,ID,ANM,WE,Federal Contract Tower,0,28,8,0,36,0,3,73,32,108,0,31,81,32,144,64,0,64,208
04/21/2000,LWS,ID,ANM,WE,Federal Contract Tower,0,28,7,1,36,0,0,99,0,99,0,28,106,1,135,28,21,49,184
04/22/2000,LWS,ID,ANM,WE,Federal Contract Tower,0,10,5,0,15,0,0,19,0,19,0,10,24,0,34,36,0,36,70
04/23/2000,LWS,ID,ANM,WE,Federal Contract Tower,0,12,3,0,15,0,2,37,0,39,0,14,40,0,54,24,0,24,78
04/24/2000,LWS,ID,ANM,WE,Federal Contract Tower,0,27,7,0,34,0,2,56,0,58,0,29,63,0,92,56,0,56,148
04/25/2000,LWS,ID,ANM,WE,Federal Contract Tower,0,28,8,0,36,0,4,54,10,68,0,32,62,10,104,48,10,58,162
04/26/2000,LWS,ID,ANM,WE,Federal Contract Tower,0,26,7,0,33,0,4,79,18,101,0,30,86,18,134,56,18,74,208
04/27/2000,LWS,ID,ANM,WE,Federal Contract Tower,0,28,8,0,36,0,0,58,26,84,0,28,66,26,120,34,0,34,154
04/28/2000,LWS,ID,ANM,WE,Federal Contract Tower,0,26,7,0,33,0,2,10,2,14,0,28,17,2,47,47,4,51,98
04/29/2000,LWS,ID,ANM,WE,Federal Contract Tower,0,15,4,0,19,0,0,108,0,108,0,15,112,0,127,38,0,38,165
04/30/2000,LWS,ID,ANM,WE,Federal Contract Tower,0,12,3,0,15,0,2,81,0,83,0,14,84,0,98,42,0,42,140
05/01/2000,LWS,ID,ANM,WE,Federal Contract Tower,0,23,6,1,30,0,2,50,3,55,0,25,56,4,85,82,18,100,185
05/02/2000,LWS,ID,ANM,WE,Federal Contract Tower,0,27,7,2,36,0,0,79,0,79,0,27,86,2,115,46,0,46,161
05/03/2000,LWS,ID,ANM,WE,Federal Contract Tower,0,27,6,2,35,0,6,48,2,56,0,33,54,4,91,8,12,20,111
05/04/2000,LWS,ID,ANM,WE,Federal Contract Tower,0,30,8,2,40,0,0,45,8,53,0,30,53,10,93,64,6,70,163
05/05/2000,LWS,ID,ANM,WE,Federal Contract Tower,0,24,5,0,29,0,4,53,0,57,0,28,58,0,86,18,0,18,104
05/06/2000,LWS,ID,ANM,WE,Federal Contract Tower,0,13,3,1,17,0,7,95,1,103,0,20,98,2,120,37,2,39,159
05/07/2000,LWS,ID,ANM,WE,Federal Contract Tower,0,11,3,0,14,0,3,61,0,64,0,14,64,0,78,66,0,66,144
05/08/2000,LWS,ID,ANM,WE,Federal Contract Tower,0,22,5,0,27,0,6,18,0,24,0,28,23,0,51,0,0,0,51
05/09/2000,LWS,ID,ANM,WE,Federal Contract Tower,0,27,6,2,35,0,5,23,4,32,0,32,29,6,67,2,10,12,79
05/10/2000,LWS,ID,ANM,WE,Federal Contract Tower,0,31,8,0,39,0,5,91,0,96,0,36,99,0,135,38,0,38,173
05/11/2000,LWS,ID,ANM,WE,Federal Contract Tower,0,26,7,2,35,0,0,31,0,31,0,26,38,2,66,0,2,2,68
05/12/2000,LWS,ID,ANM,WE,Federal Contract Tower,0,22,5,0,27,0,8,46,0,54,0,30,51,0,81,38,0,38,119
05/13/2000,LWS,ID,ANM,WE,Federal Contract Tower,0,14,4,0,18,0,2,56,0,58,0,16,60,0,76,4,0,4,80
05/14/2000,LWS,ID,ANM,WE,Federal Contract Tower,0,14,4,0,18,0,5,37,0,42,0,19,41,0,60,46,0,46,106
05/15/2000,LWS,ID,ANM,WE,Federal Contract Tower,0,22,6,0,28,0,4,78,2,84,0,26,84,2,112,62,2,64,176
05/16/2000,LWS,ID,ANM,WE,Federal Contract Tower,0,26,6,1,33,0,0,83,1,84,0,26,89,2,117,6,2,8,125
05/17/2000,LWS,ID,ANM,WE,Federal Contract Tower,0,25,5,1,31,0,7,92,3,102,0,32,97,4,133,32,6,38,171
05/18/2000,LWS,ID,ANM,WE,Federal Contract Tower,0,30,7,1,38,0,0,78,1,79,0,30,85,2,117,48,2,50,167
05/19/2000,LWS,ID,ANM,WE,Federal Contract Tower,0,28,7,1,36,0,2,67,5,74,0,30,74,6,110,34,2,36,146
05/20/2000,LWS,ID,ANM,WE,Federal Contract Tower,0,13,3,0,16,0,3,91,0,94,0,16,94,0,110,80,0,80,190
05/21/2000,LWS,ID,ANM,WE,Federal Contract Tower,0,13,3,0,16,0,2,85,0,87,0,15,88,0,103,50,0,50,153
05/22/2000,LWS,ID,ANM,WE,Federal Contract Tower,0,23,5,0,28,0,0,39,0,39,0,23,44,0,67,16,6,22,89
05/23/2000,LWS,ID,ANM,WE,Federal Contract Tower,0,25,6,0,31,0,1,56,0,57,0,26,62,0,88,56,0,56,144
05/24/2000,LWS,ID,ANM,WE,Federal Contract Tower,0,26,6,0,32,0,1,52,0,53,0,27,58,0,85,30,0,30,115
05/25/2000,LWS,ID,ANM,WE,Federal Contract Tower,0,28,8,1,37,0,0,95,3,98,0,28,103,4,135,56,16,72,207
05/26/2000,LWS,ID,ANM,WE,Federal Contract Tower,0,29,7,1,37,0,3,101,1,105,0,32,108,2,142,118,10,128,270
05/27/2000,LWS,ID,ANM,WE,Federal Contract Tower,0,13,3,0,16,0,1,46,0,47,0,14,49,0,63,12,0,12,75
05/28/2000,LWS,ID,ANM,WE,Federal Contract Tower,0,11,3,0,14,0,3,52,0,55,0,14,55,0,69,48,0,48,117
05/29/2000,LWS,ID,ANM,WE,Federal Contract Tower,0,14,4,0,18,0,0,62,0,62,0,14,66,0,80,44,0,44,124
05/30/2000,LWS,ID,ANM,WE,Federal Contract Tower,0,21,6,0,27,0,5,41,0,46,0,26,47,0,73,44,0,44,117
05/31/2000,LWS,ID,ANM,WE,Federal Contract Tower,0,27,6,0,33,0,0,48,0,48,0,27,54,0,81,12,0,12,93
06/01/2000,LWS,ID,ANM,WE,Federal Contract Tower,0,32,9,0,41,0,4,119,0,123,0,36,128,0,164,56,0,56,220
06/02/2000,LWS,ID,ANM,WE,Federal Contract Tower,0,20,5,0,25,0,9,107,0,116,0,29,112,0,141,74,0,74,215
06/03/2000,LWS,ID,ANM,WE,Federal Contract Tower,0,14,4,0,18,0,0,96,0,96,0,14,100,0,114,104,0,104,218
06/04/2000,LWS,ID,ANM,WE,Federal Contract Tower,0,13,4,0,17,0,0,70,0,70,0,13,74,0,87,72,0,72,159
06/05/2000,LWS,ID,ANM,WE,Federal Contract Tower,0,23,6,0,29,0,5,45,0,50,0,28,51,0,79,30,0,30,109
06/06/2000,LWS,ID,ANM,WE,Federal Contract Tower,0,26,8,0,34,0,0,56,0,56,0,26,64,0,90,8,0,8,98
06/07/2000,LWS,ID,ANM,WE,Federal Contract Tower,0,23,7,0,30,0,4,60,0,64,0,27,67,0,94,32,0,32,126
06/08/2000,LWS,ID,ANM,WE,Federal Contract Tower,0,25,7,0,32,0,0,19,0,19,0,25,26,0,51,12,0,12,63
06/09/2000,LWS,ID,ANM,WE,Federal Contract Tower,0,25,7,0,32,0,3,90,0,93,0,28,97,0,125,48,0,48,173
06/10/2000,LWS,ID,ANM,WE,Federal Contract Tower,0,16,5,1,22,0,0,38,1,39,0,16,43,2,61,2,0,2,63
06/11/2000,LWS,ID,ANM,WE,Federal Contract Tower,0,11,3,0,14,0,2,55,0,57,0,13,58,0,71,86,0,86,157
06/12/2000,LWS,ID,ANM,WE,Federal Contract Tower,0,29,9,0,38,0,0,19,0,19,0,29,28,0,57,0,0,0,57
06/13/2000,LWS,ID,ANM,WE,Federal Contract Tower,0,27,8,1,36,0,0,91,3,94,0,27,99,4,130,30,6,36,166
06/14/2000,LWS,ID,ANM,WE,Federal Contract Tower,0,23,6,0,29,0,7,51,0,58,0,30,57,0,87,24,0,24,111
06/15/2000,LWS,ID,ANM,WE,Federal Contract Tower,0,27,7,0,34,0,7,75,0,82,0,34,82,0,116,48,0,48,164
06/16/2000,LWS,ID,ANM,WE,Federal Contract Tower,0,21,6,0,27,0,7,130,0,137,0,28,136,0,164,62,0,62,226
06/17/2000,LWS,ID,ANM,WE,Federal Contract Tower,0,12,3,0,15,0,4,93,0,97,0,16,96,0,112,48,0,48,160
06/18/2000,LWS,ID,ANM,WE,Federal Contract Tower,0,14,2,0,16,0,0,69,0,69,0,14,71,0,85,30,0,30,115
06/19/2000,LWS,ID,ANM,WE,Federal Contract Tower,0,26,7,0,33,2,0,47,0,49,2,26,54,0,82,0,0,0,82
06/20/2000,LWS,ID,ANM,WE,Federal Contract Tower,0,29,8,0,37,0,4,80,4,88,0,33,88,4,125,56,0,56,181
06/21/2000,LWS,ID,ANM,WE,Federal Contract Tower,0,25,7,0,32,2,3,72,2,79,2,28,79,2,111,29,0,29,140
06/22/2000,LWS,ID,ANM,WE,Federal Contract Tower,0,26,7,0,33,0,2,79,1,82,0,28,86,1,115,10,0,10,125
06/23/2000,LWS,ID,ANM,WE,Federal Contract Tower,0,23,6,0,29,0,10,91,0,101,0,33,97,0,130,62,0,62,192
06/24/2000,LWS,ID,ANM,WE,Federal Contract Tower,0,16,4,0,20,0,3,73,0,76,0,19,77,0,96,36,0,36,132
06/25/2000,LWS,ID,ANM,WE,Federal Contract Tower,0,13,3,0,16,0,3,63,0,66,0,16,66,0,82,28,0,28,110
06/26/2000,LWS,ID,ANM,WE,Federal Contract Tower,0,22,6,0,28,0,4,70,2,76,0,26,76,2,104,42,0,42,146
06/27/2000,LWS,ID,ANM,WE,Federal Contract Tower,0,22,6,0,28,0,5,61,0,66,0,27,67,0,94,20,0,20,114
06/28/2000,LWS,ID,ANM,WE,Federal Contract Tower,0,25,7,0,32,0,4,67,0,71,0,29,74,0,103,54,0,54,157
06/29/2000,LWS,ID,ANM,WE,Federal Contract Tower,0,28,7,0,35,0,6,105,2,113,0,34,112,2,148,48,0,48,196
06/30/2000,LWS,ID,ANM,WE,Federal Contract Tower,0,24,6,0,30,0,10,70,4,84,0,34,76,4,114,16,2,18,132
07/01/2000,LWS,ID,ANM,WE,Federal Contract Tower,0,14,3,0,17,0,5,66,0,71,0,19,69,0,88,58,0,58,146
07/02/2000,LWS,ID,ANM,WE,Federal Contract Tower,0,13,2,0,15,0,3,63,0,66,0,16,65,0,81,24,0,24,105
07/03/2000,LWS,ID,ANM,WE,Federal Contract Tower,0,23,5,0,28,0,1,82,0,83,0,24,87,0,111,122,0,122,233
07/04/2000,LWS,ID,ANM,WE,Federal Contract Tower,0,14,3,0,17,0,4,51,0,55,0,18,54,0,72,5,0,5,77
07/05/2000,LWS,ID,ANM,WE,Federal Contract Tower,0,25,5,0,30,0,2,72,0,74,0,27,77,0,104,10,0,10,114
07/06/2000,LWS,ID,ANM,WE,Federal Contract Tower,0,25,5,0,30,0,6,97,0,103,0,31,102,0,133,84,0,84,217
07/07/2000,LWS,ID,ANM,WE,Federal Contract Tower,0,24,5,0,29,0,5,34,0,39,0,29,39,0,68,38,0,38,106
07/08/2000,LWS,ID,ANM,WE,Federal Contract Tower,0,18,3,1,22,0,3,95,1,99,0,21,98,2,121,46,0,46,167
07/09/2000,LWS,ID,ANM,WE,Federal Contract Tower,0,16,3,0,19,0,0,38,0,38,0,16,41,0,57,58,0,58,115
07/10/2000,LWS,ID,ANM,WE,Federal Contract Tower,0,21,4,0,25,0,2,87,0,89,0,23,91,0,114,34,0,34,148
07/11/2000,LWS,ID,ANM,WE,Federal Contract Tower,0,27,5,0,32,0,0,102,0,102,0,27,107,0,134,28,0,28,162
07/12/2000,LWS,ID,ANM,WE,Federal Contract Tower,0,28,6,0,34,0,3,128,0,131,0,31,134,0,165,26,0,26,191
07/13/2000,LWS,ID,ANM,WE,Federal Contract Tower,0,26,5,0,31,0,7,65,0,72,0,33,70,0,103,6,0,6,109
07/14/2000,LWS,ID,ANM,WE,Federal Contract Tower,0,28,5,1,34,0,6,67,1,74,0,34,72,2,108,24,0,24,132
07/15/2000,LWS,ID,ANM,WE,Federal Contract Tower,0,18,2,1,21,0,0,58,1,59,0,18,60,2,80,4,0,4,84
07/16/2000,LWS,ID,ANM,WE,Federal Contract Tower,0,16,3,0,19,0,1,42,0,43,0,17,45,0,62,45,0,45,107
07/17/2000,LWS,ID,ANM,WE,Federal Contract Tower,0,24,4,0,28,0,0,57,4,61,0,24,61,4,89,52,0,52,141
07/18/2000,LWS,ID,ANM,WE,Federal Contract Tower,0,24,5,0,29,0,4,97,0,101,0,28,102,0,130,42,0,42,172
07/19/2000,LWS,ID,ANM,WE,Federal Contract Tower,0,27,5,0,32,0,4,96,0,100,0,31,101,0,132,42,0,42,174
07/20/2000,LWS,ID,ANM,WE,Federal Contract Tower,0,32,6,0,38,0,0,108,0,108,0,32,114,0,146,74,0,74,220
07/21/2000,LWS,ID,ANM,WE,Federal Contract Tower,0,29,5,0,34,0,3,83,0,86,0,32,88,0,120,14,0,14,134
07/22/2000,LWS,ID,ANM,WE,Federal Contract Tower,0,17,3,0,20,0,5,39,0,44,0,22,42,0,64,34,0,34,98
07/23/2000,LWS,ID,ANM,WE,Federal Contract Tower,0,15,3,0,18,0,1,76,0,77,0,16,79,0,95,6,0,6,101
07/24/2000,LWS,ID,ANM,WE,Federal Contract Tower,0,23,5,0,28,0,0,101,0,101,0,23,106,0,129,4,0,4,133
07/25/2000,LWS,ID,ANM,WE,Federal Contract Tower,0,27,6,0,33,0,0,101,4,105,0,27,107,4,138,40,12,52,190
07/26/2000,LWS,ID,ANM,WE,Federal Contract Tower,0,26,5,0,31,0,5,117,6,128,0,31,122,6,159,58,10,68,227
07/27/2000,LWS,ID,ANM,WE,Federal Contract Tower,0,29,5,0,34,0,7,103,0,110,0,36,108,0,144,26,0,26,170
07/28/2000,LWS,ID,ANM,WE,Federal Contract Tower,0,25,5,0,30,0,5,92,0,97,0,30,97,0,127,18,0,18,145
07/29/2000,LWS,ID,ANM,WE,Federal Contract Tower,0,18,3,0,21,0,1,85,0,86,0,19,88,0,107,10,0,10,117
07/30/2000,LWS,ID,ANM,WE,Federal Contract Tower,0,16,3,0,19,0,0,67,0,67,0,16,70,0,86,0,0,0,86
07/31/2000,LWS,ID,ANM,WE,Federal Contract Tower,0,22,4,0,26,0,7,71,0,78,0,29,75,0,104,6,0,6,110
08/01/2000,LWS,ID,ANM,WE,Federal Contract Tower,0,23,5,0,28,0,7,62,0,69,0,30,67,0,97,0,0,0,97
08/02/2000,LWS,ID,ANM,WE,Federal Contract Tower,0,25,5,0,30,0,10,121,6,137,0,35,126,6,167,22,12,34,201
08/03/2000,LWS,ID,ANM,WE,Federal Contract Tower,0,26,5,0,31,0,6,73,0,79,0,32,78,0,110,16,0,16,126
08/04/2000,LWS,ID,ANM,WE,Federal Contract Tower,0,25,5,0,30,0,14,49,0,63,0,39,54,0,93,54,0,54,147
08/05/2000,LWS,ID,ANM,WE,Federal Contract Tower,0,17,4,0,21,0,3,81,0,84,0,20,85,0,105,20,0,20,125
08/06/2000,LWS,ID,ANM,WE,Federal Contract Tower,0,13,3,0,16,0,2,45,0,47,0,15,48,0,63,12,0,12,75
08/07/2000,LWS,ID,ANM,WE,Federal Contract Tower,0,22,4,0,26,0,8,59,0,67,0,30,63,0,93,8,4,12,105
08/08/2000,LWS,ID,ANM,WE,Federal Contract Tower,0,23,5,0,28,2,2,66,0,70,2,25,71,0,98,10,0,10,108
08/09/2000,LWS,ID,ANM,WE,Federal Contract Tower,0,25,5,0,30,0,8,60,0,68,0,33,65,0,98,38,0,38,136
08/10/2000,LWS,ID,ANM,WE,Federal Contract Tower,0,23,5,1,29,2,7,74,0,83,2,30,79,1,112,52,3,55,167
08/11/2000,LWS,ID,ANM,WE,Federal Contract Tower,0,20,4,1,25,0,8,78,1,87,0,28,82,2,112,24,4,28,140
08/12/2000,LWS,ID,ANM,WE,Federal Contract Tower,0,18,4,0,22,0,4,92,0,96,0,22,96,0,118,46,0,46,164
08/13/2000,LWS,ID,ANM,WE,Federal Contract Tower,0,14,3,0,17,0,2,91,0,93,0,16,94,0,110,22,0,22,132
08/14/2000,LWS,ID,ANM,WE,Federal Contract Tower,0,26,5,0,31,0,2,69,0,71,0,28,74,0,102,18,0,18,120
08/15/2000,LWS,ID,ANM,WE,Federal Contract Tower,0,23,5,0,28,0,7,91,0,98,0,30,96,0,126,54,0,54,180
08/16/2000,LWS,ID,ANM,WE,Federal Contract Tower,0,26,6,0,32,0,0,80,0,80,0,26,86,0,112,56,4,60,172
08/17/2000,LWS,ID,ANM,WE,Federal Contract Tower,0,26,5,0,31,0,6,56,2,64,0,32,61,2,95,68,2,70,165
08/18/2000,LWS,ID,ANM,WE,Federal Contract Tower,0,29,6,0,35,0,5,88,2,95,0,34,94,2,130,28,2,30,160
08/19/2000,LWS,ID,ANM,WE,Federal Contract Tower,0,16,3,0,19,0,7,243,0,250,0,23,246,0,269,64,0,64,333
08/20/2000,LWS,ID,ANM,WE,Federal Contract Tower,0,16,4,0,20,0,0,108,0,108,0,16,112,0,128,46,0,46,174
08/21/2000,LWS,ID,ANM,WE,Federal Contract Tower,0,24,5,0,29,0,7,36,0,43,0,31,41,0,72,34,0,34,106
08/22/2000,LWS,ID,ANM,WE,Federal Contract Tower,0,28,6,0,34,0,3,106,0,109,0,31,112,0,143,60,0,60,203
08/23/2000,LWS,ID,ANM,WE,Federal Contract Tower,0,36,7,0,43,0,1,118,6,125,0,37,125,6,168,8,4,12,180
08/24/2000,LWS,ID,ANM,WE,Federal Contract Tower,0,28,6,0,34,0,4,49,1,54,0,32,55,1,88,14,0,14,102
08/25/2000,LWS,ID,ANM,WE,Federal Contract Tower,0,32,6,0,38,0,2,77,4,83,0,34,83,4,121,0,0,0,121
08/26/2000,LWS,ID,ANM,WE,Federal Contract Tower,0,18,4,0,22,0,4,63,1,68,0,22,67,1,90,26,0,26,116
08/27/2000,LWS,ID,ANM,WE,Federal Contract Tower,0,16,4,0,20,0,0,102,0,102,0,16,106,0,122,24,2,26,148
08/28/2000,LWS,ID,ANM,WE,Federal Contract Tower,0,25,5,0,30,0,0,51,0,51,0,25,56,0,81,50,0,50,131
08/29/2000,LWS,ID,ANM,WE,Federal Contract Tower,0,27,6,0,33,0,3,85,0,88,0,30,91,0,121,10,0,10,131
08/30/2000,LWS,ID,ANM,WE,Federal Contract Tower,0,32,7,0,39,0,6,129,0,135,0,38,136,0,174,62,0,62,236
08/31/2000,LWS,ID,ANM,WE,Federal Contract Tower,0,29,6,0,35,0,10,92,0,102,0,39,98,0,137,68,0,68,205
09/01/2000,LWS,ID,ANM,WE,Federal Contract Tower,1,28,7,0,36,1,7,57,0,65,2,35,64,0,101,16,0,16,117
09/02/2000,LWS,ID,ANM,WE,Federal Contract Tower,0,21,5,0,26,0,0,15,0,15,0,21,20,0,41,4,0,4,45
09/03/2000,LWS,ID,ANM,WE,Federal Contract Tower,0,15,3,0,18,0,4,52,0,56,0,19,55,0,74,32,0,32,106
09/04/2000,LWS,ID,ANM,WE,Federal Contract Tower,0,15,3,0,18,0,1,42,0,43,0,16,45,0,61,44,0,44,105
09/05/2000,LWS,ID,ANM,WE,Federal Contract Tower,0,25,6,0,31,0,5,72,0,77,0,30,78,0,108,36,0,36,144
09/06/2000,LWS,ID,ANM,WE,Federal Contract Tower,0,23,6,0,29,0,13,112,0,125,0,36,118,0,154,72,0,72,226
09/07/2000,LWS,ID,ANM,WE,Federal Contract Tower,0,25,6,0,31,0,5,118,2,125,0,30,124,2,156,46,2,48,204
09/08/2000,LWS,ID,ANM,WE,Federal Contract Tower,0,28,7,0,35,0,4,50,0,54,0,32,57,0,89,0,0,0,89
09/09/2000,LWS,ID,ANM,WE,Federal Contract Tower,0,15,4,0,19,0,4,46,0,50,0,19,50,0,69,56,0,56,125
09/10/2000,LWS,ID,ANM,WE,Federal Contract Tower,0,15,4,0,19,0,1,4,0,5,0,16,8,0,24,0,0,0,24
09/11/2000,LWS,ID,ANM,WE,Federal Contract Tower,0,29,7,0,36,0,3,54,0,57,0,32,61,0,93,58,0,58,151
09/12/2000,LWS,ID,ANM,WE,Federal Contract Tower,0,23,6,0,29,0,5,78,0,83,0,28,84,0,112,56,0,56,168
09/13/2000,LWS,ID,ANM,WE,Federal Contract Tower,0,30,7,0,37,0,0,85,0,85,0,30,92,0,122,34,0,34,156
09/14/2000,LWS,ID,ANM,WE,Federal Contract Tower,0,32,8,0,40,2,0,93,0,95,2,32,101,0,135,6,0,6,141
09/15/2000,LWS,ID,ANM,WE,Federal Contract Tower,0,26,6,0,32,2,8,70,0,80,2,34,76,0,112,16,0,16,128
09/16/2000,LWS,ID,ANM,WE,Federal Contract Tower,0,18,5,0,23,3,6,93,0,102,3,24,98,0,125,38,0,38,163
09/17/2000,LWS,ID,ANM,WE,Federal Contract Tower,0,11,3,0,14,0,4,96,0,100,0,15,99,0,114,36,0,36,150
09/18/2000,LWS,ID,ANM,WE,Federal Contract Tower,0,22,5,0,27,0,3,58,0,61,0,25,63,0,88,18,0,18,106
09/19/2000,LWS,ID,ANM,WE,Federal Contract Tower,0,27,6,0,33,0,0,112,0,112,0,27,118,0,145,16,0,16,161
09/20/2000,LWS,ID,ANM,WE,Federal Contract Tower,0,32,8,0,40,0,5,121,0,126,0,37,129,0,166,26,0,26,192
09/21/2000,LWS,ID,ANM,WE,Federal Contract Tower,0,29,9,0,38,0,0,45,0,45,0,29,54,0,83,30,0,30,113
09/22/2000,LWS,ID,ANM,WE,Federal Contract Tower,0,30,7,0,37,0,0,65,0,65,0,30,72,0,102,2,0,2,104
09/23/2000,LWS,ID,ANM,WE,Federal Contract Tower,0,19,4,0,23,0,6,189,0,195,0,25,193,0,218,26,0,26,244
09/24/2000,LWS,ID,ANM,WE,Federal Contract Tower,0,12,3,0,15,0,2,77,0,79,0,14,80,0,94,44,0,44,138
09/25/2000,LWS,ID,ANM,WE,Federal Contract Tower,0,26,6,0,32,0,0,58,3,61,0,26,64,3,93,4,0,4,97
09/26/2000,LWS,ID,ANM,WE,Federal Contract Tower,0,25,6,0,31,0,3,108,2,113,0,28,114,2,144,88,0,88,232
09/27/2000,LWS,ID,ANM,WE,Federal Contract Tower,0,31,8,0,39,0,0,102,0,102,0,31,110,0,141,116,0,116,257
09/28/2000,LWS,ID,ANM,WE,Federal Contract Tower,0,30,7,0,37,0,0,72,0,72,0,30,79,0,109,97,0,97,206
09/29/2000,LWS,ID,ANM,WE,Federal Contract Tower,0,31,8,0,39,2,2,73,2,79,2,33,81,2,118,20,2,22,140
09/30/2000,LWS,ID,ANM,WE,Federal Contract Tower,0,18,5,0,23,1,0,3,0,4,1,18,8,0,27,6,0,6,33
10/01/2000,LWS,ID,ANM,WE,Federal Contract Tower,0,14,5,0,19,0,0,17,0,17,0,14,22,0,36,0,0,0,36
10/02/2000,LWS,ID,ANM,WE,Federal Contract Tower,0,24,8,0,32,0,1,64,0,65,0,25,72,0,97,56,0,56,153
10/03/2000,LWS,ID,ANM,WE,Federal Contract Tower,0,25,9,0,34,0,3,76,0,79,0,28,85,0,113,48,0,48,161
10/04/2000,LWS,ID,ANM,WE,Federal Contract Tower,0,24,8,0,32,0,5,60,0,65,0,29,68,0,97,46,0,46,143
10/05/2000,LWS,ID,ANM,WE,Federal Contract Tower,0,28,9,0,37,0,6,119,0,125,0,34,128,0,162,54,0,54,216
10/06/2000,LWS,ID,ANM,WE,Federal Contract Tower,1,27,9,0,37,0,6,55,4,65,1,33,64,4,102,32,4,36,138
10/07/2000,LWS,ID,ANM,WE,Federal Contract Tower,0,10,3,0,13,0,6,81,0,87,0,16,84,0,100,72,0,72,172
10/08/2000,LWS,ID,ANM,WE,Federal Contract Tower,1,10,4,0,15,0,5,106,0,111,1,15,110,0,126,48,0,48,174
10/09/2000,LWS,ID,ANM,WE,Federal Contract Tower,0,21,7,0,28,0,5,75,0,80,0,26,82,0,108,36,0,36,144
10/10/2000,LWS,ID,ANM,WE,Federal Contract Tower,0,29,10,1,40,0,0,81,1,82,0,29,91,2,122,16,10,26,148
10/11/2000,LWS,ID,ANM,WE,Federal Contract Tower,1,26,9,0,36,1,3,8,0,12,2,29,17,0,48,12,0,12,60
10/12/2000,LWS,ID,ANM,WE,Federal Contract Tower,0,29,8,0,37,0,5,34,0,39,0,34,42,0,76,8,0,8,84
10/13/2000,LWS,ID,ANM,WE,Federal Contract Tower,1,30,9,2,42,4,0,31,0,35,5,30,40,2,77,4,0,4,81
10/14/2000,LWS,ID,ANM,WE,Federal Contract Tower,0,12,4,0,16,0,9,37,0,46,0,21,41,0,62,68,0,68,130
10/15/2000,LWS,ID,ANM,WE,Federal Contract Tower,0,14,5,0,19,0,6,39,0,45,0,20,44,0,64,44,2,46,110
10/16/2000,LWS,ID,ANM,WE,Federal Contract Tower,0,22,6,0,28,0,3,77,0,80,0,25,83,0,108,38,0,38,146
10/17/2000,LWS,ID,ANM,WE,Federal Contract Tower,0,23,6,0,29,0,8,44,0,52,0,31,50,0,81,32,0,32,113
10/18/2000,LWS,ID,ANM,WE,Federal Contract Tower,0,29,8,1,38,0,2,28,3,33,0,31,36,4,71,44,10,54,125
10/19/2000,LWS,ID,ANM,WE,Federal Contract Tower,0,27,8,1,36,0,5,89,5,99,0,32,97,6,135,48,14,62,197
10/20/2000,LWS,ID,ANM,WE,Federal Contract Tower,0,30,9,2,41,4,1,43,0,48,4,31,52,2,89,8,6,14,103
10/21/2000,LWS,ID,ANM,WE,Federal Contract Tower,0,17,6,0,23,4,3,51,0,58,4,20,57,0,81,24,0,24,105
10/22/2000,LWS,ID,ANM,WE,Federal Contract Tower,0,14,5,0,19,0,0,53,0,53,0,14,58,0,72,4,0,4,76
10/23/2000,LWS,ID,ANM,WE,Federal Contract Tower,0,20,7,0,27,0,7,58,0,65,0,27,65,0,92,54,0,54,146
10/24/2000,LWS,ID,ANM,WE,Federal Contract Tower,0,29,9,0,38,0,0,88,2,90,0,29,97,2,128,59,18,77,205
10/25/2000,LWS,ID,ANM,WE,Federal Contract Tower,0,26,9,0,35,0,3,36,2,41,0,29,45,2,76,23,10,33,109
10/26/2000,LWS,ID,ANM,WE,Federal Contract Tower,0,26,10,0,36,0,0,15,0,15,0,26,25,0,51,2,0,2,53
10/27/2000,LWS,ID,ANM,WE,Federal Contract Tower,0,25,8,0,33,2,4,48,0,54,2,29,56,0,87,18,0,18,105
10/28/2000,LWS,ID,ANM,WE,Federal Contract Tower,0,14,4,0,18,0,1,18,0,19,0,15,22,0,37,12,0,12,49
10/29/2000,LWS,ID,ANM,WE,Federal Contract Tower,0,14,6,0,20,0,0,14,0,14,0,14,20,0,34,0,0,0,34
10/30/2000,LWS,ID,ANM,WE,Federal Contract Tower,0,27,9,0,36,0,0,7,8,15,0,27,16,8,51,0,20,20,71
10/31/2000,LWS,ID,ANM,WE,Federal Contract Tower,0,25,8,0,33,0,2,37,4,43,0,27,45,4,76,20,16,36,112
11/01/2000,LWS,ID,ANM,WE,Federal Contract Tower,0,22,8,1,31,0,13,86,3,102,0,35,94,4,133,78,10,88,221
11/02/2000,LWS,ID,ANM,WE,Federal Contract Tower,1,25,9,0,35,0,1,69,0,70,1,26,78,0,105,62,0,62,167
11/03/2000,LWS,ID,ANM,WE,Federal Contract Tower,1,29,12,2,44,2,0,92,6,100,3,29,104,8,144,66,20,86,230
11/04/2000,LWS,ID,ANM,WE,Federal Contract Tower,1,16,4,0,21,3,0,0,2,5,4,16,4,2,26,4,0,4,30
11/05/2000,LWS,ID,ANM,WE,Federal Contract Tower,0,14,6,0,20,0,0,49,2,51,0,14,55,2,71,66,0,66,137
11/06/2000,LWS,ID,ANM,WE,Federal Contract Tower,0,21,8,0,29,0,1,23,4,28,0,22,31,4,57,50,32,82,139
11/07/2000,LWS,ID,ANM,WE,Federal Contract Tower,0,28,11,0,39,0,5,53,6,64,0,33,64,6,103,58,6,64,167
11/08/2000,LWS,ID,ANM,WE,Federal Contract Tower,0,27,10,0,37,0,5,2,0,7,0,32,12,0,44,0,0,0,44
11/09/2000,LWS,ID,ANM,WE,Federal Contract Tower,1,27,11,0,39,1,0,16,2,19,2,27,27,2,58,20,8,28,86
11/10/2000,LWS,ID,ANM,WE,Federal Contract Tower,1,31,13,0,45,3,0,33,0,36,4,31,46,0,81,22,0,22,103
11/11/2000,LWS,ID,ANM,WE,Federal Contract Tower,1,13,6,0,20,1,3,34,0,38,2,16,40,0,58,4,0,4,62
11/12/2000,LWS,ID,ANM,WE,Federal Contract Tower,1,14,6,0,21,1,0,49,0,50,2,14,55,0,71,96,0,96,167
11/13/2000,LWS,ID,ANM,WE,Federal Contract Tower,1,25,10,0,36,0,5,35,0,40,1,30,45,0,76,36,0,36,112
11/14/2000,LWS,ID,ANM,WE,Federal Contract Tower,1,30,12,0,43,0,0,53,2,55,1,30,65,2,98,30,2,32,130
11/15/2000,LWS,ID,ANM,WE,Federal Contract Tower,0,30,11,0,41,0,1,28,2,31,0,31,39,2,72,0,4,4,76
11/16/2000,LWS,ID,ANM,WE,Federal Contract Tower,0,29,12,0,41,0,0,18,0,18,0,29,30,0,59,8,0,8,67
11/17/2000,LWS,ID,ANM,WE,Federal Contract Tower,1,32,11,0,44,1,2,61,0,64,2,34,72,0,108,12,0,12,120
11/18/2000,LWS,ID,ANM,WE,Federal Contract Tower,0,13,5,0,18,0,2,45,0,47,0,15,50,0,65,20,0,20,85
11/19/2000,LWS,ID,ANM,WE,Federal Contract Tower,0,13,5,0,18,0,7,50,0,57,0,20,55,0,75,0,0,0,75
11/20/2000,LWS,ID,ANM,WE,Federal Contract Tower,0,22,9,0,31,0,7,38,0,45,0,29,47,0,76,14,0,14,90
11/21/2000,LWS,ID,ANM,WE,Federal Contract Tower,0,32,11,0,43,0,0,53,0,53,0,32,64,0,96,56,0,56,152
11/22/2000,LWS,ID,ANM,WE,Federal Contract Tower,0,46,18,0,64,0,0,28,0,28,0,46,46,0,92,8,0,8,100
11/23/2000,LWS,ID,ANM,WE,Federal Contract Tower,0,13,5,0,18,0,4,7,0,11,0,17,12,0,29,0,0,0,29
11/24/2000,LWS,ID,ANM,WE,Federal Contract Tower,0,26,9,0,35,0,10,23,0,33,0,36,32,0,68,38,0,38,106
11/25/2000,LWS,ID,ANM,WE,Federal Contract Tower,0,17,6,0,23,0,0,34,0,34,0,17,40,0,57,14,0,14,71
11/26/2000,LWS,ID,ANM,WE,Federal Contract Tower,0,17,6,0,23,0,0,18,0,18,0,17,24,0,41,42,0,42,83
11/27/2000,LWS,ID,ANM,WE,Federal Contract Tower,0,28,9,0,37,0,6,49,0,55,0,34,58,0,92,18,0,18,110
11/28/2000,LWS,ID,ANM,WE,Federal Contract Tower,0,22,8,0,30,0,6,90,0,96,0,28,98,0,126,46,0,46,172
11/29/2000,LWS,ID,ANM,WE,Federal Contract Tower,0,28,10,0,38,0,0,55,0,55,0,28,65,0,93,0,0,0,93
11/30/2000,LWS,ID,ANM,WE,Federal Contract Tower,0,29,10,0,39,0,6,0,0,6,0,35,10,0,45,0,0,0,45
12/01/2000,LWS,ID,ANM,WE,Federal Contract Tower,0,28,9,0,37,0,5,27,0,32,0,33,36,0,69,16,0,16,85
12/02/2000,LWS,ID,ANM,WE,Federal Contract Tower,0,13,5,0,18,0,0,31,0,31,0,13,36,0,49,44,0,44,93
12/03/2000,LWS,ID,ANM,WE,Federal Contract Tower,0,18,7,0,25,0,0,9,0,9,0,18,16,0,34,50,0,50,84
12/04/2000,LWS,ID,ANM,WE,Federal Contract Tower,0,26,9,0,35,0,0,13,0,13,0,26,22,0,48,4,0,4,52
12/05/2000,LWS,ID,ANM,WE,Federal Contract Tower,0,28,11,0,39,0,0,37,0,37,0,28,48,0,76,16,0,16,92
12/06/2000,LWS,ID,ANM,WE,Federal Contract Tower,0,30,13,0,43,0,0,78,0,78,0,30,91,0,121,154,0,154,275
12/07/2000,LWS,ID,ANM,WE,Federal Contract Tower,0,34,12,0,46,0,0,21,0,21,0,34,33,0,67,182,0,182,249
12/08/2000,LWS,ID,ANM,WE,Federal Contract Tower,0,29,9,0,38,0,0,40,2,42,0,29,49,2,80,184,0,184,264
12/09/2000,LWS,ID,ANM,WE,Federal Contract Tower,0,13,5,0,18,0,2,23,0,25,0,15,28,0,43,4,0,4,47
12/10/2000,LWS,ID,ANM,WE,Federal Contract Tower,0,13,5,0,18,0,1,35,0,36,0,14,40,0,54,56,0,56,110
12/11/2000,LWS,ID,ANM,WE,Federal Contract Tower,0,25,9,0,34,0,0,60,0,60,0,25,69,0,94,10,0,10,104
12/12/2000,LWS,ID,ANM,WE,Federal Contract Tower,0,36,13,0,49,0,0,42,0,42,0,36,55,0,91,54,0,54,145
12/13/2000,LWS,ID,ANM,WE,Federal Contract Tower,0,35,10,0,45,0,1,2,0,3,0,36,12,0,48,6,0,6,54
12/14/2000,LWS,ID,ANM,WE,Federal Contract Tower,0,28,7,0,35,0,2,0,0,2,0,30,7,0,37,0,0,0,37
12/15/2000,LWS,ID,ANM,WE,Federal Contract Tower,0,28,8,0,36,0,8,4,0,12,0,36,12,0,48,2,0,2,50
12/16/2000,LWS,ID,ANM,WE,Federal Contract Tower,0,11,2,0,13,0,3,0,0,3,0,14,2,0,16,4,0,4,20
12/17/2000,LWS,ID,ANM,WE,Federal Contract Tower,0,7,2,0,9,0,2,26,0,28,0,9,28,0,37,14,0,14,51
12/18/2000,LWS,ID,ANM,WE,Federal Contract Tower,0,31,9,0,40,0,0,42,2,44,0,31,51,2,84,38,0,38,122
12/19/2000,LWS,ID,ANM,WE,Federal Contract Tower,0,35,10,0,45,0,0,8,2,10,0,35,18,2,55,0,0,0,55
12/20/2000,LWS,ID,ANM,WE,Federal Contract Tower,0,28,8,0,36,0,7,21,0,28,0,35,29,0,64,12,0,12,76
12/21/2000,LWS,ID,ANM,WE,Federal Contract Tower,0,27,7,0,34,0,3,21,0,24,0,30,28,0,58,12,0,12,70
12/22/2000,LWS,ID,ANM,WE,Federal Contract Tower,0,27,3,0,30,0,5,0,0,5,0,32,3,0,35,8,0,8,43
12/23/2000,LWS,ID,ANM,WE,Federal Contract Tower,0,17,5,0,22,0,3,2,0,5,0,20,7,0,27,0,0,0,27
12/24/2000,LWS,ID,ANM,WE,Federal Contract Tower,0,14,4,0,18,0,0,1,0,1,0,14,5,0,19,0,0,0,19
12/25/2000,LWS,ID,ANM,WE,Federal Contract Tower,0,14,3,0,17,0,2,19,0,21,0,16,22,0,38,22,0,22,60
12/26/2000,LWS,ID,ANM,WE,Federal Contract Tower,0,30,8,0,38,0,1,24,0,25,0,31,32,0,63,36,0,36,99
12/27/2000,LWS,ID,ANM,WE,Federal Contract Tower,0,26,7,0,33,0,4,16,0,20,0,30,23,0,53,12,0,12,65
12/28/2000,LWS,ID,ANM,WE,Federal Contract Tower,0,22,3,0,25,0,6,0,0,6,0,28,3,0,31,0,0,0,31
12/29/2000,LWS,ID,ANM,WE,Federal Contract Tower,0,27,7,0,34,0,5,21,0,26,0,32,28,0,60,18,0,18,78
12/30/2000,LWS,ID,ANM,WE,Federal Contract Tower,0,14,2,0,16,0,1,0,0,1,0,15,2,0,17,0,0,0,17
12/31/2000,LWS,ID,ANM,WE,Federal Contract Tower,0,9,2,0,11,0,0,20,0,20,0,9,22,0,31,35,0,35,66
01/01/2001,LWS,ID,ANM,WE,Federal Contract Tower,0,11,4,0,15,0,3,36,0,39,0,14,40,0,54,26,0,26,80
01/02/2001,LWS,ID,ANM,WE,Federal Contract Tower,0,21,8,0,29,0,7,9,0,16,0,28,17,0,45,18,0,18,63
01/03/2001,LWS,ID,ANM,WE,Federal Contract Tower,0,31,10,0,41,0,1,12,0,13,0,32,22,0,54,26,0,26,80
01/04/2001,LWS,ID,ANM,WE,Federal Contract Tower,0,28,10,0,38,0,4,19,0,23,0,32,29,0,61,21,0,21,82
01/05/2001,LWS,ID,ANM,WE,Federal Contract Tower,0,22,8,0,30,0,11,31,0,42,0,33,39,0,72,48,0,48,120
01/06/2001,LWS,ID,ANM,WE,Federal Contract Tower,0,14,4,0,18,0,2,91,0,93,0,16,95,0,111,110,0,110,221
01/07/2001,LWS,ID,ANM,WE,Federal Contract Tower,0,14,5,0,19,0,0,38,0,38,0,14,43,0,57,32,0,32,89
01/08/2001,LWS,ID,ANM,WE,Federal Contract Tower,0,28,9,0,37,0,0,14,2,16,0,28,23,2,53,16,0,16,69
01/09/2001,LWS,ID,ANM,WE,Federal Contract Tower,0,29,8,0,37,0,1,38,0,39,0,30,46,0,76,38,0,38,114
01/10/2001,LWS,ID,ANM,WE,Federal Contract Tower,0,24,6,0,30,0,4,58,0,62,0,28,64,0,92,52,0,52,144
01/11/2001,LWS,ID,ANM,WE,Federal Contract Tower,0,28,8,0,36,0,4,35,0,39,0,32,43,0,75,0,0,0,75
01/12/2001,LWS,ID,ANM,WE,Federal Contract Tower,0,28,6,0,34,0,5,0,0,5,0,33,6,0,39,0,0,0,39
01/13/2001,LWS,ID,ANM,WE,Federal Contract Tower,0,17,3,0,20,0,1,0,0,1,0,18,3,0,21,0,0,0,21
01/14/2001,LWS,ID,ANM,WE,Federal Contract Tower,0,16,1,0,17,0,4,0,0,4,0,20,1,0,21,0,0,0,21
01/15/2001,LWS,ID,ANM,WE,Federal Contract Tower,0,21,5,0,26,0,3,1,0,4,0,24,6,0,30,0,0,0,30
01/16/2001,LWS,ID,ANM,WE,Federal Contract Tower,0,36,9,0,45,0,7,19,0,26,0,43,28,0,71,0,0,0,71
01/17/2001,LWS,ID,ANM,WE,Federal Contract Tower,0,30,8,0,38,0,4,41,0,45,0,34,49,0,83,36,0,36,119
01/18/2001,LWS,ID,ANM,WE,Federal Contract Tower,0,34,8,0,42,0,1,0,0,1,0,35,8,0,43,4,0,4,47
01/19/2001,LWS,ID,ANM,WE,Federal Contract Tower,0,27,7,0,34,0,0,0,0,0,0,27,7,0,34,2,0,2,36
01/20/2001,LWS,ID,ANM,WE,Federal Contract Tower,0,15,4,0,19,0,2,24,0,26,0,17,28,0,45,56,0,56,101
01/21/2001,LWS,ID,ANM,WE,Federal Contract Tower,0,15,5,0,20,0,0,13,0,13,0,15,18,0,33,22,0,22,55
01/22/2001,LWS,ID,ANM,WE,Federal Contract Tower,0,29,9,0,38,0,0,21,3,24,0,29,30,3,62,24,0,24,86
01/23/2001,LWS,ID,ANM,WE,Federal Contract Tower,0,39,11,0,50,0,0,27,2,29,0,39,38,2,79,34,0,34,113
01/24/2001,LWS,ID,ANM,WE,Federal Contract Tower,0,32,8,0,40,0,2,38,0,40,0,34,46,0,80,28,0,28,108
01/25/2001,LWS,ID,ANM,WE,Federal Contract Tower,0,33,10,0,43,0,0,7,0,7,0,33,17,0,50,2,0,2,52
01/26/2001,LWS,ID,ANM,WE,Federal Contract Tower,0,34,10,0,44,0,0,44,0,44,0,34,54,0,88,26,0,26,114
01/27/2001,LWS,ID,ANM,WE,Federal Contract Tower,0,17,6,0,23,0,0,5,0,5,0,17,11,0,28,38,0,38,66
01/28/2001,LWS,ID,ANM,WE,Federal Contract Tower,0,15,3,0,18,0,0,3,0,3,0,15,6,0,21,2,0,2,23
01/29/2001,LWS,ID,ANM,WE,Federal Contract Tower,0,24,6,0,30,0,3,5,0,8,0,27,11,0,38,6,0,6,44
01/30/2001,LWS,ID,ANM,WE,Federal Contract Tower,0,29,7,0,36,0,5,45,0,50,0,34,52,0,86,72,0,72,158
01/31/2001,LWS,ID,ANM,WE,Federal Contract Tower,0,33,8,0,41,0,2,53,0,55,0,35,61,0,96,46,0,46,142
02/01/2001,LWS,ID,ANM,WE,Federal Contract Tower,0,32,9,0,41,0,7,48,0,55,0,39,57,0,96,60,0,60,156
02/02/2001,LWS,ID,ANM,WE,Federal Contract Tower,0,30,9,0,39,0,5,6,0,11,0,35,15,0,50,2,0,2,52
02/03/2001,LWS,ID,ANM,WE,Federal Contract Tower,0,15,4,0,19,0,1,42,0,43,0,16,46,0,62,42,0,42,104
02/04/2001,LWS,ID,ANM,WE,Federal Contract Tower,1,13,3,0,17,1,1,0,0,2,2,14,3,0,19,20,0,20,39
02/05/2001,LWS,ID,ANM,WE,Federal Contract Tower,0,33,9,0,42,0,0,21,0,21,0,33,30,0,63,20,0,20,83
02/06/2001,LWS,ID,ANM,WE,Federal Contract Tower,0,37,13,1,51,0,0,16,3,19,0,37,29,4,70,4,0,4,74
02/07/2001,LWS,ID,ANM,WE,Federal Contract Tower,0,25,7,0,32,2,11,149,0,162,2,36,156,0,194,132,0,132,326
02/08/2001,LWS,ID,ANM,WE,Federal Contract Tower,0,31,9,1,41,0,5,32,1,38,0,36,41,2,79,34,6,40,119
02/09/2001,LWS,ID,ANM,WE,Federal Contract Tower,0,27,1,0,28,0,8,0,0,8,0,35,1,0,36,24,0,24,60
02/10/2001,LWS,ID,ANM,WE,Federal Contract Tower,0,16,4,0,20,0,0,18,0,18,0,16,22,0,38,46,0,46,84
02/11/2001,LWS,ID,ANM,WE,Federal Contract Tower,0,13,5,1,19,0,0,47,1,48,0,13,52,2,67,76,0,76,143
02/12/2001,LWS,ID,ANM,WE,Federal Contract Tower,0,31,8,0,39,0,2,0,0,2,0,33,8,0,41,2,0,2,43
02/13/2001,LWS,ID,ANM,WE,Federal Contract Tower,0,31,9,0,40,0,1,78,0,79,0,32,87,0,119,78,0,78,197
02/14/2001,LWS,ID,ANM,WE,Federal Contract Tower,0,31,9,0,40,0,3,83,0,86,0,34,92,0,126,66,0,66,192
02/15/2001,LWS,ID,ANM,WE,Federal Contract Tower,0,31,7,1,39,0,2,41,1,44,0,33,48,2,83,58,0,58,141
02/16/2001,LWS,ID,ANM,WE,Federal Contract Tower,0,34,8,0,42,0,0,8,0,8,0,34,16,0,50,20,0,20,70
02/17/2001,LWS,ID,ANM,WE,Federal Contract Tower,0,17,4,0,21,0,0,15,0,15,0,17,19,0,36,16,0,16,52
02/18/2001,LWS,ID,ANM,WE,Federal Contract Tower,0,17,4,0,21,0,0,15,0,15,0,17,19,0,36,8,0,8,44
02/19/2001,LWS,ID,ANM,WE,Federal Contract Tower,0,19,5,0,24,0,4,62,0,66,0,23,67,0,90,78,0,78,168
02/20/2001,LWS,ID,ANM,WE,Federal Contract Tower,0,32,9,0,41,0,2,25,0,27,0,34,34,0,68,16,0,16,84
02/21/2001,LWS,ID,ANM,WE,Federal Contract Tower,0,30,8,0,38,0,1,64,0,65,0,31,72,0,103,72,0,72,175
02/22/2001,LWS,ID,ANM,WE,Federal Contract Tower,0,34,9,0,43,0,0,49,0,49,0,34,58,0,92,14,0,14,106
02/23/2001,LWS,ID,ANM,WE,Federal Contract Tower,0,35,9,0,44,0,2,58,0,60,0,37,67,0,104,78,0,78,182
02/24/2001,LWS,ID,ANM,WE,Federal Contract Tower,0,14,4,0,18,0,2,74,0,76,0,16,78,0,94,84,0,84,178
02/25/2001,LWS,ID,ANM,WE,Federal Contract Tower,0,14,3,0,17,0,1,70,0,71,0,15,73,0,88,68,0,68,156
02/26/2001,LWS,ID,ANM,WE,Federal Contract Tower,0,25,7,0,32,0,0,105,0,105,0,25,112,0,137,94,0,94,231
02/27/2001,LWS,ID,ANM,WE,Federal Contract Tower,0,23,6,0,29,0,8,52,0,60,0,31,58,0,89,102,0,102,191
02/28/2001,LWS,ID,ANM,WE,Federal Contract Tower,0,26,7,0,33,0,5,77,2,84,0,31,84,2,117,74,2,76,193
03/01/2001,LWS,ID,ANM,WE,Federal Contract Tower,0,24,8,0,32,0,5,75,0,80,0,29,83,0,112,88,0,88,200
03/02/2001,LWS,ID,ANM,WE,Federal Contract Tower,0,24,8,0,32,0,8,23,0,31,0,32,31,0,63,20,0,20,83
03/03/2001,LWS,ID,ANM,WE,Federal Contract Tower,0,18,7,0,25,0,0,63,0,63,0,18,70,0,88,84,0,84,172
03/04/2001,LWS,ID,ANM,WE,Federal Contract Tower,0,12,6,0,18,0,0,78,0,78,0,12,84,0,96,110,0,110,206
03/05/2001,LWS,ID,ANM,WE,Federal Contract Tower,0,27,9,0,36,0,5,77,0,82,0,32,86,0,118,48,0,48,166
03/06/2001,LWS,ID,ANM,WE,Federal Contract Tower,0,24,8,0,32,0,7,136,0,143,0,31,144,0,175,90,0,90,265
03/07/2001,LWS,ID,ANM,WE,Federal Contract Tower,0,29,9,0,38,0,5,149,0,154,0,34,158,0,192,87,0,87,279
03/08/2001,LWS,ID,ANM,WE,Federal Contract Tower,0,30,10,0,40,0,1,82,0,83,0,31,92,0,123,35,0,35,158
03/09/2001,LWS,ID,ANM,WE,Federal Contract Tower,0,34,11,0,45,0,0,25,0,25,0,34,36,0,70,4,0,4,74
03/10/2001,LWS,ID,ANM,WE,Federal Contract Tower,0,16,6,0,22,0,1,42,0,43,0,17,48,0,65,54,0,54,119
03/11/2001,LWS,ID,ANM,WE,Federal Contract Tower,0,15,6,0,21,0,0,58,0,58,0,15,64,0,79,112,0,112,191
03/12/2001,LWS,ID,ANM,WE,Federal Contract Tower,0,26,7,0,33,0,1,75,0,76,0,27,82,0,109,42,0,42,151
03/13/2001,LWS,ID,ANM,WE,Federal Contract Tower,0,25,7,0,32,0,3,52,0,55,0,28,59,0,87,22,0,22,109
03/14/2001,LWS,ID,ANM,WE,Federal Contract Tower,0,24,7,0,31,0,12,43,0,55,0,36,50,0,86,33,0,33,119
03/15/2001,LWS,ID,ANM,WE,Federal Contract Tower,0,26,8,0,34,0,2,68,0,70,0,28,76,0,104,58,0,58,162
03/16/2001,LWS,ID,ANM,WE,Federal Contract Tower,0,29,9,0,38,0,0,34,0,34,0,29,43,0,72,28,0,28,100
03/17/2001,LWS,ID,ANM,WE,Federal Contract Tower,0,19,5,1,25,0,3,102,0,105,0,22,107,1,130,38,0,38,168
03/18/2001,LWS,ID,ANM,WE,Federal Contract Tower,0,13,3,1,17,0,1,11,0,12,0,14,14,1,29,28,0,28,57
03/19/2001,LWS,ID,ANM,WE,Federal Contract Tower,0,21,6,0,27,0,8,3,0,11,0,29,9,0,38,0,0,0,38
03/20/2001,LWS,ID,ANM,WE,Federal Contract Tower,0,23,7,0,30,0,12,75,0,87,0,35,82,0,117,44,0,44,161
03/21/2001,LWS,ID,ANM,WE,Federal Contract Tower,0,25,7,0,32,0,10,73,0,83,0,35,80,0,115,70,0,70,185
03/22/2001,LWS,ID,ANM,WE,Federal Contract Tower,0,23,7,0,30,0,9,78,0,87,0,32,85,0,117,64,0,64,181
03/23/2001,LWS,ID,ANM,WE,Federal Contract Tower,0,27,7,0,34,0,1,109,0,110,0,28,116,0,144,36,0,36,180
03/24/2001,LWS,ID,ANM,WE,Federal Contract Tower,0,13,3,0,16,0,5,77,0,82,0,18,80,0,98,26,0,26,124
03/25/2001,LWS,ID,ANM,WE,Federal Contract Tower,0,15,4,0,19,0,2,32,0,34,0,17,36,0,53,0,0,0,53
03/26/2001,LWS,ID,ANM,WE,Federal Contract Tower,0,28,8,0,36,0,6,40,2,48,0,34,48,2,84,0,0,0,84
03/27/2001,LWS,ID,ANM,WE,Federal Contract Tower,0,26,7,0,33,0,3,32,0,35,0,29,39,0,68,36,0,36,104
03/28/2001,LWS,ID,ANM,WE,Federal Contract Tower,0,27,7,0,34,0,5,44,0,49,0,32,51,0,83,24,0,24,107
03/29/2001,LWS,ID,ANM,WE,Federal Contract Tower,0,27,7,0,34,0,5,100,0,105,0,32,107,0,139,48,0,48,187
03/30/2001,LWS,ID,ANM,WE,Federal Contract Tower,0,26,7,0,33,0,2,46,2,50,0,28,53,2,83,10,2,12,95
03/31/2001,LWS,ID,ANM,WE,Federal Contract Tower,0,17,4,0,21,0,2,63,0,65,0,19,67,0,86,28,0,28,114
04/01/2001,LWS,ID,ANM,WE,Federal Contract Tower,0,13,6,0,19,0,1,109,0,110,0,14,115,0,129,70,2,72,201
04/02/2001,LWS,ID,ANM,WE,Federal Contract Tower,0,29,7,0,36,0,0,21,0,21,0,29,28,0,57,20,0,20,77
04/03/2001,LWS,ID,ANM,WE,Federal Contract Tower,0,31,15,0,46,0,0,22,0,22,0,31,37,0,68,32,0,32,100
04/04/2001,LWS,ID,ANM,WE,Federal Contract Tower,0,28,8,0,36,0,4,57,0,61,0,32,65,0,97,76,2,78,175
04/05/2001,LWS,ID,ANM,WE,Federal Contract Tower,0,27,6,0,33,0,6,96,0,102,0,33,102,0,135,96,0,96,231
04/06/2001,LWS,ID,ANM,WE,Federal Contract Tower,0,29,4,0,33,0,3,83,0,86,0,32,87,0,119,36,0,36,155
04/07/2001,LWS,ID,ANM,WE,Federal Contract Tower,0,18,3,0,21,0,0,3,0,3,0,18,6,0,24,14,0,14,38
04/08/2001,LWS,ID,ANM,WE,Federal Contract Tower,0,17,0,0,17,0,0,49,0,49,0,17,49,0,66,16,0,16,82
04/09/2001,LWS,ID,ANM,WE,Federal Contract Tower,0,29,4,2,35,0,5,99,0,104,0,34,103,2,139,14,0,14,153
04/10/2001,LWS,ID,ANM,WE,Federal Contract Tower,0,31,28,2,61,0,0,36,0,36,0,31,64,2,97,6,0,6,103
04/11/2001,LWS,ID,ANM,WE,Federal Contract Tower,0,34,14,0,48,0,5,55,0,60,0,39,69,0,108,18,0,18,126
04/12/2001,LWS,ID,ANM,WE,Federal Contract Tower,0,29,6,0,35,0,2,88,0,90,0,31,94,0,125,42,0,42,167
04/13/2001,LWS,ID,ANM,WE,Federal Contract Tower,0,34,9,4,47,0,1,59,0,60,0,35,68,4,107,24,0,24,131
04/14/2001,LWS,ID,ANM,WE,Federal Contract Tower,0,18,2,0,20,0,2,137,0,139,0,20,139,0,159,52,0,52,211
04/15/2001,LWS,ID,ANM,WE,Federal Contract Tower,0,17,4,0,21,0,0,45,0,45,0,17,49,0,66,34,0,34,100
04/16/2001,LWS,ID,ANM,WE,Federal Contract Tower,0,25,7,0,32,0,5,54,0,59,0,30,61,0,91,44,0,44,135
04/17/2001,LWS,ID,ANM,WE,Federal Contract Tower,0,28,2,0,30,0,8,96,0,104,0,36,98,0,134,62,0,62,196
04/18/2001,LWS,ID,ANM,WE,Federal Contract Tower,0,29,15,0,44,0,0,36,0,36,0,29,51,0,80,2,0,2,82
04/19/2001,LWS,ID,ANM,WE,Federal Contract Tower,0,28,12,0,40,0,3,53,2,58,0,31,65,2,98,36,4,40,138
04/20/2001,LWS,ID,ANM,WE,Federal Contract Tower,0,32,14,0,46,0,6,65,0,71,0,38,79,0,117,4,0,4,121
04/21/2001,LWS,ID,ANM,WE,Federal Contract Tower,0,16,3,0,19,0,0,96,0,96,0,16,99,0,115,30,0,30,145
04/22/2001,LWS,ID,ANM,WE,Federal Contract Tower,0,15,7,0,22,0,0,42,0,42,0,15,49,0,64,12,0,12,76
04/23/2001,LWS,ID,ANM,WE,Federal Contract Tower,0,31,10,0,41,0,3,51,0,54,0,34,61,0,95,60,0,60,155
04/24/2001,LWS,ID,ANM,WE,Federal Contract Tower,0,28,10,0,38,0,4,97,0,101,0,32,107,0,139,78,0,78,217
04/25/2001,LWS,ID,ANM,WE,Federal Contract Tower,0,29,7,0,36,0,9,181,0,190,0,38,188,0,226,42,0,42,268
04/26/2001,LWS,ID,ANM,WE,Federal Contract Tower,0,30,6,1,37,0,3,72,1,76,0,33,78,2,113,38,0,38,151
04/27/2001,LWS,ID,ANM,WE,Federal Contract Tower,0,28,10,0,38,0,0,37,0,37,0,28,47,0,75,0,0,0,75
04/28/2001,LWS,ID,ANM,WE,Federal Contract Tower,0,17,4,0,21,0,0,3,0,3,0,17,7,0,24,2,0,2,26
04/29/2001,LWS,ID,ANM,WE,Federal Contract Tower,0,16,8,1,25,0,0,40,0,40,0,16,48,1,65,30,0,30,95
04/30/2001,LWS,ID,ANM,WE,Federal Contract Tower,0,29,7,0,36,0,0,6,0,6,0,29,13,0,42,0,0,0,42
05/01/2001,LWS,ID,ANM,WE,Federal Contract Tower,0,32,14,0,46,0,6,78,0,84,0,38,92,0,130,28,0,28,158
05/02/2001,LWS,ID,ANM,WE,Federal Contract Tower,0,28,4,0,32,0,5,125,0,130,0,33,129,0,162,72,0,72,234
05/03/2001,LWS,ID,ANM,WE,Federal Contract Tower,0,26,11,0,37,0,8,73,0,81,0,34,84,0,118,30,2,32,150
05/04/2001,LWS,ID,ANM,WE,Federal Contract Tower,0,25,11,1,37,0,7,91,1,99,0,32,102,2,136,20,0,20,156
05/05/2001,LWS,ID,ANM,WE,Federal Contract Tower,0,15,0,4,19,0,1,43,0,44,0,16,43,4,63,0,0,0,63
05/06/2001,LWS,ID,ANM,WE,Federal Contract Tower,0,16,7,2,25,0,4,83,0,87,0,20,90,2,112,24,0,24,136
05/07/2001,LWS,ID,ANM,WE,Federal Contract Tower,0,23,3,0,26,0,12,72,0,84,0,35,75,0,110,34,0,34,144
05/08/2001,LWS,ID,ANM,WE,Federal Contract Tower,0,28,8,0,36,0,4,99,0,103,0,32,107,0,139,64,4,68,207
05/09/2001,LWS,ID,ANM,WE,Federal Contract Tower,0,26,12,0,38,0,14,102,2,118,0,40,114,2,156,98,10,108,264
05/10/2001,LWS,ID,ANM,WE,Federal Contract Tower,0,27,8,0,35,0,4,99,0,103,0,31,107,0,138,53,0,53,191
05/11/2001,LWS,ID,ANM,WE,Federal Contract Tower,0,26,3,0,29,0,10,92,0,102,0,36,95,0,131,24,0,24,155
05/12/2001,LWS,ID,ANM,WE,Federal Contract Tower,0,15,6,0,21,0,3,60,0,63,0,18,66,0,84,26,0,26,110
05/13/2001,LWS,ID,ANM,WE,Federal Contract Tower,0,17,2,0,19,0,3,33,0,36,0,20,35,0,55,20,0,20,75
05/14/2001,LWS,ID,ANM,WE,Federal Contract Tower,0,27,5,0,32,0,3,16,0,19,0,30,21,0,51,0,0,0,51
05/15/2001,LWS,ID,ANM,WE,Federal Contract Tower,0,29,13,2,44,0,4,49,0,53,0,33,62,2,97,34,12,46,143
05/16/2001,LWS,ID,ANM,WE,Federal Contract Tower,0,32,5,0,37,0,4,30,0,34,0,36,35,0,71,6,0,6,77
05/17/2001,LWS,ID,ANM,WE,Federal Contract Tower,0,30,9,0,39,0,6,91,0,97,0,36,100,0,136,42,10,52,188
05/18/2001,LWS,ID,ANM,WE,Federal Contract Tower,0,30,4,1,35,0,3,66,1,70,0,33,70,2,105,20,0,20,125
05/19/2001,LWS,ID,ANM,WE,Federal Contract Tower,0,16,5,0,21,0,6,73,2,81,0,22,78,2,102,10,4,14,116
05/20/2001,LWS,ID,ANM,WE,Federal Contract Tower,0,17,3,0,20,0,0,69,1,70,0,17,72,1,90,24,0,24,114
05/21/2001,LWS,ID,ANM,WE,Federal Contract Tower,0,30,3,0,33,0,8,89,0,97,0,38,92,0,130,60,2,62,192
05/22/2001,LWS,ID,ANM,WE,Federal Contract Tower,0,28,10,0,38,0,8,96,0,104,0,36,106,0,142,44,0,44,186
05/23/2001,LWS,ID,ANM,WE,Federal Contract Tower,0,29,8,0,37,0,6,86,0,92,0,35,94,0,129,48,0,48,177
05/24/2001,LWS,ID,ANM,WE,Federal Contract Tower,0,28,7,0,35,0,8,96,0,104,0,36,103,0,139,38,0,38,177
05/25/2001,LWS,ID,ANM,WE,Federal Contract Tower,0,28,4,0,32,0,8,79,9,96,0,36,83,9,128,64,4,68,196
05/26/2001,LWS,ID,ANM,WE,Federal Contract Tower,0,17,3,0,20,0,1,90,0,91,0,18,93,0,111,66,0,66,177
05/27/2001,LWS,ID,ANM,WE,Federal Contract Tower,0,15,1,0,16,0,3,46,0,49,0,18,47,0,65,58,0,58,123
05/28/2001,LWS,ID,ANM,WE,Federal Contract Tower,0,14,2,0,16,0,2,69,0,71,0,16,71,0,87,58,2,60,147
05/29/2001,LWS,ID,ANM,WE,Federal Contract Tower,0,27,9,0,36,0,7,91,0,98,0,34,100,0,134,50,0,50,184
05/30/2001,LWS,ID,ANM,WE,Federal Contract Tower,0,28,8,0,36,0,10,128,0,138,0,38,136,0,174,66,0,66,240
05/31/2001,LWS,ID,ANM,WE,Federal Contract Tower,0,24,2,1,27,0,9,105,1,115,0,33,107,2,142,50,0,50,192
06/01/2001,LWS,ID,ANM,WE,Federal Contract Tower,0,30,10,0,40,0,2,52,0,54,0,32,62,0,94,44,4,48,142
06/02/2001,LWS,ID,ANM,WE,Federal Contract Tower,0,17,6,0,23,0,1,47,0,48,0,18,53,0,71,6,0,6,77
06/03/2001,LWS,ID,ANM,WE,Federal Contract Tower,0,14,7,0,21,0,0,38,0,38,0,14,45,0,59,0,0,0,59
06/04/2001,LWS,ID,ANM,WE,Federal Contract Tower,0,29,16,0,45,0,2,58,0,60,0,31,74,0,105,32,0,32,137
06/05/2001,LWS,ID,ANM,WE,Federal Contract Tower,0,29,12,1,42,0,1,36,1,38,0,30,48,2,80,42,0,42,122
06/06/2001,LWS,ID,ANM,WE,Federal Contract Tower,0,27,4,0,31,0,6,65,0,71,0,33,69,0,102,58,0,58,160
06/07/2001,LWS,ID,ANM,WE,Federal Contract Tower,0,25,14,0,39,0,5,52,0,57,0,30,66,0,96,74,0,74,170
06/08/2001,LWS,ID,ANM,WE,Federal Contract Tower,0,22,3,0,25,0,7,72,0,79,0,29,75,0,104,44,0,44,148
06/09/2001,LWS,ID,ANM,WE,Federal Contract Tower,0,17,6,0,23,0,2,55,0,57,0,19,61,0,80,24,0,24,104
06/10/2001,LWS,ID,ANM,WE,Federal Contract Tower,0,15,7,0,22,0,0,51,0,51,0,15,58,0,73,26,0,26,99
06/11/2001,LWS,ID,ANM,WE,Federal Contract Tower,0,26,5,0,31,0,0,74,0,74,0,26,79,0,105,6,0,6,111
06/12/2001,LWS,ID,ANM,WE,Federal Contract Tower,0,26,12,0,38,0,3,41,0,44,0,29,53,0,82,56,0,56,138
06/13/2001,LWS,ID,ANM,WE,Federal Contract Tower,0,26,11,0,37,1,4,74,0,79,1,30,85,0,116,68,0,68,184
06/14/2001,LWS,ID,ANM,WE,Federal Contract Tower,0,26,8,0,34,0,4,51,0,55,0,30,59,0,89,52,0,52,141
06/15/2001,LWS,ID,ANM,WE,Federal Contract Tower,0,26,1,0,27,0,4,100,0,104,0,30,101,0,131,92,0,92,223
06/16/2001,LWS,ID,ANM,WE,Federal Contract Tower,2,14,5,6,27,0,3,46,1,50,2,17,51,7,77,42,0,42,119
06/17/2001,LWS,ID,ANM,WE,Federal Contract Tower,0,15,2,1,18,0,0,42,0,42,0,15,44,1,60,30,0,30,90
06/18/2001,LWS,ID,ANM,WE,Federal Contract Tower,0,25,9,0,34,0,12,107,2,121,0,37,116,2,155,66,6,72,227
06/19/2001,LWS,ID,ANM,WE,Federal Contract Tower,0,23,12,0,35,0,8,67,2,77,0,31,79,2,112,72,2,74,186
06/20/2001,LWS,ID,ANM,WE,Federal Contract Tower,0,24,11,0,35,0,6,67,0,73,0,30,78,0,108,70,0,70,178
06/21/2001,LWS,ID,ANM,WE,Federal Contract Tower,0,26,9,0,35,0,4,71,0,75,0,30,80,0,110,30,0,30,140
06/22/2001,LWS,ID,ANM,WE,Federal Contract Tower,0,25,4,0,29,0,5,91,0,96,0,30,95,0,125,128,0,128,253
06/23/2001,LWS,ID,ANM,WE,Federal Contract Tower,0,16,1,0,17,0,3,67,0,70,0,19,68,0,87,22,0,22,109
06/24/2001,LWS,ID,ANM,WE,Federal Contract Tower,0,15,6,0,21,0,0,48,0,48,0,15,54,0,69,46,0,46,115
06/25/2001,LWS,ID,ANM,WE,Federal Contract Tower,0,26,15,0,41,0,6,102,0,108,0,32,117,0,149,84,0,84,233
06/26/2001,LWS,ID,ANM,WE,Federal Contract Tower,0,29,14,0,43,0,3,76,1,80,0,32,90,1,123,62,0,62,185
06/27/2001,LWS,ID,ANM,WE,Federal Contract Tower,0,30,11,0,41,0,0,38,0,38,0,30,49,0,79,34,0,34,113
06/28/2001,LWS,ID,ANM,WE,Federal Contract Tower,0,30,6,0,36,0,2,55,0,57,0,32,61,0,93,88,0,88,181
06/29/2001,LWS,ID,ANM,WE,Federal Contract Tower,0,28,8,0,36,0,4,70,0,74,0,32,78,0,110,42,0,42,152
06/30/2001,LWS,ID,ANM,WE,Federal Contract Tower,0,17,1,0,18,0,3,68,0,71,0,20,69,0,89,74,0,74,163
07/01/2001,LWS,ID,ANM,WE,Federal Contract Tower,0,14,4,4,22,0,4,73,0,77,0,18,77,4,99,72,0,72,171
07/02/2001,LWS,ID,ANM,WE,Federal Contract Tower,0,27,3,0,30,0,0,106,0,106,0,27,109,0,136,68,0,68,204
07/03/2001,LWS,ID,ANM,WE,Federal Contract Tower,0,27,4,0,31,0,5,111,0,116,0,32,115,0,147,118,0,118,265
07/04/2001,LWS,ID,ANM,WE,Federal Contract Tower,0,11,1,0,12,0,4,67,0,71,0,15,68,0,83,44,0,44,127
07/05/2001,LWS,ID,ANM,WE,Federal Contract Tower,0,28,6,0,34,0,4,82,0,86,0,32,88,0,120,108,0,108,228
07/06/2001,LWS,ID,ANM,WE,Federal Contract Tower,0,25,2,0,27,0,7,47,1,55,0,32,49,1,82,60,0,60,142
07/07/2001,LWS,ID,ANM,WE,Federal Contract Tower,0,16,4,0,20,0,8,61,0,69,0,24,65,0,89,94,0,94,183
07/08/2001,LWS,ID,ANM,WE,Federal Contract Tower,0,15,2,2,19,0,5,51,0,56,0,20,53,2,75,58,0,58,133
07/09/2001,LWS,ID,ANM,WE,Federal Contract Tower,0,22,5,0,27,0,4,90,0,94,0,26,95,0,121,54,0,54,175
07/10/2001,LWS,ID,ANM,WE,Federal Contract Tower,0,28,4,0,32,0,8,89,0,97,0,36,93,0,129,8,0,8,137
07/11/2001,LWS,ID,ANM,WE,Federal Contract Tower,0,28,10,0,38,0,14,58,0,72,0,42,68,0,110,94,0,94,204
07/12/2001,LWS,ID,ANM,WE,Federal Contract Tower,0,27,1,0,28,0,5,104,0,109,0,32,105,0,137,88,0,88,225
07/13/2001,LWS,ID,ANM,WE,Federal Contract Tower,0,26,9,0,35,0,12,85,0,97,0,38,94,0,132,52,0,52,184
07/14/2001,LWS,ID,ANM,WE,Federal Contract Tower,0,16,4,0,20,0,2,42,0,44,0,18,46,0,64,76,0,76,140
07/15/2001,LWS,ID,ANM,WE,Federal Contract Tower,0,15,3,2,20,0,0,54,0,54,0,15,57,2,74,0,6,6,80
07/16/2001,LWS,ID,ANM,WE,Federal Contract Tower,0,29,6,0,35,0,3,61,0,64,0,32,67,0,99,18,0,18,117
07/17/2001,LWS,ID,ANM,WE,Federal Contract Tower,0,32,7,2,41,0,6,116,0,122,0,38,123,2,163,50,0,50,213
07/18/2001,LWS,ID,ANM,WE,Federal Contract Tower,0,28,6,2,36,0,6,102,0,108,0,34,108,2,144,70,0,70,214
07/19/2001,LWS,ID,ANM,WE,Federal Contract Tower,0,26,1,0,27,0,6,82,0,88,0,32,83,0,115,104,0,104,219
07/20/2001,LWS,ID,ANM,WE,Federal Contract Tower,0,26,8,0,34,0,4,30,0,34,0,30,38,0,68,8,0,8,76
07/21/2001,LWS,ID,ANM,WE,Federal Contract Tower,0,17,10,0,27,0,2,43,0,45,0,19,53,0,72,26,0,26,98
07/22/2001,LWS,ID,ANM,WE,Federal Contract Tower,0,17,11,0,28,0,1,80,0,81,0,18,91,0,109,14,0,14,123
07/23/2001,LWS,ID,ANM,WE,Federal Contract Tower,0,23,11,0,34,0,12,91,0,103,0,35,102,0,137,108,0,108,245
07/24/2001,LWS,ID,ANM,WE,Federal Contract Tower,0,24,5,0,29,0,11,91,0,102,0,35,96,0,131,42,0,42,173
07/25/2001,LWS,ID,ANM,WE,Federal Contract Tower,0,25,5,0,30,0,3,100,0,103,0,28,105,0,133,24,0,24,157
07/26/2001,LWS,ID,ANM,WE,Federal Contract Tower,0,25,6,0,31,0,2,81,0,83,0,27,87,0,114,6,0,6,120
07/27/2001,LWS,ID,ANM,WE,Federal Contract Tower,0,30,7,0,37,0,3,64,0,67,0,33,71,0,104,20,0,20,124
07/28/2001,LWS,ID,ANM,WE,Federal Contract Tower,0,19,3,0,22,0,0,34,0,34,0,19,37,0,56,10,0,10,66
07/29/2001,LWS,ID,ANM,WE,Federal Contract Tower,0,14,4,0,18,0,0,37,0,37,0,14,41,0,55,26,0,26,81
07/30/2001,LWS,ID,ANM,WE,Federal Contract Tower,0,28,13,0,41,0,5,55,0,60,0,33,68,0,101,72,0,72,173
07/31/2001,LWS,ID,ANM,WE,Federal Contract Tower,0,27,9,0,36,0,5,88,8,101,0,32,97,8,137,92,16,108,245
08/01/2001,LWS,ID,ANM,WE,Federal Contract Tower,0,24,5,0,29,0,9,89,8,106,0,33,94,8,135,106,0,106,241
08/02/2001,LWS,ID,ANM,WE,Federal Contract Tower,0,24,4,0,28,0,6,93,0,99,0,30,97,0,127,88,0,88,215
08/03/2001,LWS,ID,ANM,WE,Federal Contract Tower,0,21,11,0,32,0,5,93,0,98,0,26,104,0,130,50,0,50,180
08/04/2001,LWS,ID,ANM,WE,Federal Contract Tower,0,16,10,1,27,0,1,51,0,52,0,17,61,1,79,50,0,50,129
08/05/2001,LWS,ID,ANM,WE,Federal Contract Tower,0,15,5,0,20,0,1,64,1,66,0,16,69,1,86,72,0,72,158
08/06/2001,LWS,ID,ANM,WE,Federal Contract Tower,0,28,7,0,35,0,4,58,0,62,0,32,65,0,97,18,0,18,115
08/07/2001,LWS,ID,ANM,WE,Federal Contract Tower,0,28,3,0,31,0,6,101,0,107,0,34,104,0,138,28,0,28,166
08/08/2001,LWS,ID,ANM,WE,Federal Contract Tower,0,23,5,1,29,0,5,72,1,78,0,28,77,2,107,14,0,14,121
08/09/2001,LWS,ID,ANM,WE,Federal Contract Tower,0,27,5,0,32,0,5,73,0,78,0,32,78,0,110,28,0,28,138
08/10/2001,LWS,ID,ANM,WE,Federal Contract Tower,0,28,1,3,32,0,5,81,1,87,0,33,82,4,119,31,4,35,154
08/11/2001,LWS,ID,ANM,WE,Federal Contract Tower,0,18,3,0,21,0,0,69,0,69,0,18,72,0,90,24,0,24,114
08/12/2001,LWS,ID,ANM,WE,Federal Contract Tower,0,18,1,1,20,0,0,51,1,52,0,18,52,2,72,20,0,20,92
08/13/2001,LWS,ID,ANM,WE,Federal Contract Tower,0,27,7,0,34,0,1,34,0,35,0,28,41,0,69,0,0,0,69
08/14/2001,LWS,ID,ANM,WE,Federal Contract Tower,0,28,5,0,33,0,3,25,0,28,0,31,30,0,61,10,0,10,71
08/15/2001,LWS,ID,ANM,WE,Federal Contract Tower,0,23,12,0,35,0,3,39,0,42,0,26,51,0,77,20,0,20,97
08/16/2001,LWS,ID,ANM,WE,Federal Contract Tower,0,24,8,0,32,0,5,78,0,83,0,29,86,0,115,32,0,32,147
08/17/2001,LWS,ID,ANM,WE,Federal Contract Tower,0,29,4,0,33,0,2,66,0,68,0,31,70,0,101,62,0,62,163
08/18/2001,LWS,ID,ANM,WE,Federal Contract Tower,2,15,2,0,19,0,2,100,0,102,2,17,102,0,121,62,0,62,183
08/19/2001,LWS,ID,ANM,WE,Federal Contract Tower,0,15,7,0,22,0,2,83,0,85,0,17,90,0,107,46,0,46,153
08/20/2001,LWS,ID,ANM,WE,Federal Contract Tower,0,25,12,0,37,0,6,42,0,48,0,31,54,0,85,36,0,36,121
08/21/2001,LWS,ID,ANM,WE,Federal Contract Tower,0,24,7,0,31,0,12,39,0,51,0,36,46,0,82,32,0,32,114
08/22/2001,LWS,ID,ANM,WE,Federal Contract Tower,0,30,5,0,35,0,5,50,0,55,0,35,55,0,90,2,0,2,92
08/23/2001,LWS,ID,ANM,WE,Federal Contract Tower,0,26,8,0,34,0,1,48,0,49,0,27,56,0,83,10,0,10,93
08/24/2001,LWS,ID,ANM,WE,Federal Contract Tower,0,24,6,2,32,0,2,73,2,77,0,26,79,4,109,30,2,32,141
08/25/2001,LWS,ID,ANM,WE,Federal Contract Tower,0,16,3,0,19,0,0,102,0,102,0,16,105,0,121,56,0,56,177
08/26/2001,LWS,ID,ANM,WE,Federal Contract Tower,0,15,5,0,20,0,1,70,0,71,0,16,75,0,91,12,0,12,103
08/27/2001,LWS,ID,ANM,WE,Federal Contract Tower,0,26,2,0,28,0,4,92,0,96,0,30,94,0,124,24,0,24,148
08/28/2001,LWS,ID,ANM,WE,Federal Contract Tower,0,24,10,0,34,0,8,84,0,92,0,32,94,0,126,65,0,65,191
08/29/2001,LWS,ID,ANM,WE,Federal Contract Tower,0,26,9,0,35,0,10,39,0,49,0,36,48,0,84,19,0,19,103
08/30/2001,LWS,ID,ANM,WE,Federal Contract Tower,0,25,7,3,35,0,7,47,1,55,0,32,54,4,90,38,0,38,128
08/31/2001,LWS,ID,ANM,WE,Federal Contract Tower,0,26,6,0,32,0,6,53,0,59,0,32,59,0,91,26,0,26,117
09/01/2001,LWS,ID,ANM,WE,Federal Contract Tower,0,18,3,0,21,0,4,71,0,75,0,22,74,0,96,42,0,42,138
09/02/2001,LWS,ID,ANM,WE,Federal Contract Tower,0,10,3,0,13,0,3,50,0,53,0,13,53,0,66,30,0,30,96
09/03/2001,LWS,ID,ANM,WE,Federal Contract Tower,0,18,1,0,19,0,0,77,0,77,0,18,78,0,96,12,0,12,108
09/04/2001,LWS,ID,ANM,WE,Federal Contract Tower,0,26,10,1,37,0,8,49,2,59,0,34,59,3,96,8,2,10,106
09/05/2001,LWS,ID,ANM,WE,Federal Contract Tower,0,30,9,0,39,0,4,46,3,53,0,34,55,3,92,4,0,4,96
09/06/2001,LWS,ID,ANM,WE,Federal Contract Tower,0,27,9,0,36,0,2,56,0,58,0,29,65,0,94,28,2,30,124
09/07/2001,LWS,ID,ANM,WE,Federal Contract Tower,4,28,8,2,42,0,4,65,0,69,4,32,73,2,111,36,2,38,149
09/08/2001,LWS,ID,ANM,WE,Federal Contract Tower,2,16,6,0,24,0,0,81,0,81,2,16,87,0,105,28,0,28,133
09/09/2001,LWS,ID,ANM,WE,Federal Contract Tower,0,16,5,0,21,0,0,77,0,77,0,16,82,0,98,38,0,38,136
09/10/2001,LWS,ID,ANM,WE,Federal Contract Tower,0,25,5,0,30,0,5,53,0,58,0,30,58,0,88,38,0,38,126
09/11/2001,LWS,ID,ANM,WE,Federal Contract Tower,0,1,0,0,1,0,0,8,0,8,0,1,8,0,9,0,0,0,9
09/12/2001,LWS,ID,ANM,WE,Federal Contract Tower,0,0,0,0,0,0,0,1,0,1,0,0,1,0,1,0,0,0,1
09/13/2001,LWS,ID,ANM,WE,Federal Contract Tower,0,3,0,0,3,0,0,0,0,0,0,3,0,0,3,0,0,0,3
09/14/2001,LWS,ID,ANM,WE,Federal Contract Tower,0,34,5,0,39,0,0,4,0,4,0,34,9,0,43,0,0,0,43
09/15/2001,LWS,ID,ANM,WE,Federal Contract Tower,0,16,7,0,23,0,0,0,0,0,0,16,7,0,23,0,0,0,23
09/16/2001,LWS,ID,ANM,WE,Federal Contract Tower,0,16,6,0,22,0,0,6,0,6,0,16,12,0,28,0,0,0,28
09/17/2001,LWS,ID,ANM,WE,Federal Contract Tower,0,25,19,0,44,0,9,5,0,14,0,34,24,0,58,0,0,0,58
09/18/2001,LWS,ID,ANM,WE,Federal Contract Tower,0,28,21,0,49,0,10,7,0,17,0,38,28,0,66,0,0,0,66
09/19/2001,LWS,ID,ANM,WE,Federal Contract Tower,0,22,13,2,37,0,9,4,0,13,0,31,17,2,50,0,0,0,50
09/20/2001,LWS,ID,ANM,WE,Federal Contract Tower,0,23,11,2,36,0,5,39,0,44,0,28,50,2,80,0,0,0,80
09/21/2001,LWS,ID,ANM,WE,Federal Contract Tower,0,22,10,2,34,0,0,45,0,45,0,22,55,2,79,40,14,54,133
09/22/2001,LWS,ID,ANM,WE,Federal Contract Tower,0,14,4,0,18,0,4,101,0,105,0,18,105,0,123,54,0,54,177
09/23/2001,LWS,ID,ANM,WE,Federal Contract Tower,0,11,6,0,17,0,0,48,0,48,0,11,54,0,65,8,0,8,73
09/24/2001,LWS,ID,ANM,WE,Federal Contract Tower,0,21,6,0,27,0,5,72,0,77,0,26,78,0,104,88,0,88,192
09/25/2001,LWS,ID,ANM,WE,Federal Contract Tower,0,24,8,0,32,0,0,49,0,49,0,24,57,0,81,12,0,12,93
09/26/2001,LWS,ID,ANM,WE,Federal Contract Tower,0,25,7,1,33,0,1,49,0,50,0,26,56,1,83,48,0,48,131
09/27/2001,LWS,ID,ANM,WE,Federal Contract Tower,0,27,14,1,42,0,1,29,2,32,0,28,43,3,74,22,0,22,96
09/28/2001,LWS,ID,ANM,WE,Federal Contract Tower,2,24,3,2,31,0,3,35,0,38,2,27,38,2,69,52,0,52,121
09/29/2001,LWS,ID,ANM,WE,Federal Contract Tower,0,14,3,0,17,0,1,62,0,63,0,15,65,0,80,78,0,78,158
09/30/2001,LWS,ID,ANM,WE,Federal Contract Tower,0,18,6,2,26,0,0,68,0,68,0,18,74,2,94,96,0,96,190
10/01/2001,LWS,ID,ANM,WE,Federal Contract Tower,0,21,4,0,25,0,6,49,0,55,0,27,53,0,80,6,0,6,86
10/02/2001,LWS,ID,ANM,WE,Federal Contract Tower,0,21,8,0,29,0,8,73,0,81,0,29,81,0,110,16,0,16,126
10/03/2001,LWS,ID,ANM,WE,Federal Contract Tower,0,21,3,2,26,0,4,65,0,69,0,25,68,2,95,56,0,56,151
10/04/2001,LWS,ID,ANM,WE,Federal Contract Tower,0,19,7,0,26,0,6,41,0,47,0,25,48,0,73,22,0,22,95
10/05/2001,LWS,ID,ANM,WE,Federal Contract Tower,3,20,4,0,27,0,5,76,0,81,3,25,80,0,108,60,0,60,168
10/06/2001,LWS,ID,ANM,WE,Federal Contract Tower,3,16,0,0,19,0,0,40,0,40,3,16,40,0,59,40,0,40,99
10/07/2001,LWS,ID,ANM,WE,Federal Contract Tower,0,12,5,0,17,0,0,63,0,63,0,12,68,0,80,84,0,84,164
10/08/2001,LWS,ID,ANM,WE,Federal Contract Tower,0,19,14,0,33,0,3,50,0,53,0,22,64,0,86,76,0,76,162
10/09/2001,LWS,ID,ANM,WE,Federal Contract Tower,0,25,8,0,33,0,5,104,0,109,0,30,112,0,142,38,0,38,180
10/10/2001,LWS,ID,ANM,WE,Federal Contract Tower,0,26,7,2,35,0,4,42,0,46,0,30,49,2,81,8,0,8,89
10/11/2001,LWS,ID,ANM,WE,Federal Contract Tower,0,28,6,0,34,0,2,32,0,34,0,30,38,0,68,10,0,10,78
10/12/2001,LWS,ID,ANM,WE,Federal Contract Tower,4,28,7,0,39,0,4,27,0,31,4,32,34,0,70,18,0,18,88
10/13/2001,LWS,ID,ANM,WE,Federal Contract Tower,2,13,8,0,23,0,1,28,0,29,2,14,36,0,52,4,0,4,56
10/14/2001,LWS,ID,ANM,WE,Federal Contract Tower,0,11,3,0,14,0,0,55,0,55,0,11,58,0,69,36,0,36,105
10/15/2001,LWS,ID,ANM,WE,Federal Contract Tower,0,24,10,0,34,0,0,55,0,55,0,24,65,0,89,32,0,32,121
10/16/2001,LWS,ID,ANM,WE,Federal Contract Tower,0,29,3,0,32,0,2,67,0,69,0,31,70,0,101,94,0,94,195
10/17/2001,LWS,ID,ANM,WE,Federal Contract Tower,2,27,8,0,37,0,3,45,2,50,2,30,53,2,87,2,0,2,89
10/18/2001,LWS,ID,ANM,WE,Federal Contract Tower,0,26,10,0,36,0,4,30,0,34,0,30,40,0,70,42,0,42,112
10/19/2001,LWS,ID,ANM,WE,Federal Contract Tower,1,23,10,0,34,0,0,52,0,52,1,23,62,0,86,6,0,6,92
10/20/2001,LWS,ID,ANM,WE,Federal Contract Tower,1,19,5,0,25,0,0,50,0,50,1,19,55,0,75,22,0,22,97
10/21/2001,LWS,ID,ANM,WE,Federal Contract Tower,8,9,5,0,22,0,3,44,2,49,8,12,49,2,71,82,0,82,153
10/22/2001,LWS,ID,ANM,WE,Federal Contract Tower,8,23,12,0,43,0,1,42,0,43,8,24,54,0,86,46,0,46,132
10/23/2001,LWS,ID,ANM,WE,Federal Contract Tower,8,24,9,0,41,0,2,29,0,31,8,26,38,0,72,4,0,4,76
10/24/2001,LWS,ID,ANM,WE,Federal Contract Tower,7,28,11,0,46,0,1,58,0,59,7,29,69,0,105,46,0,46,151
10/25/2001,LWS,ID,ANM,WE,Federal Contract Tower,7,23,18,0,48,0,4,46,0,50,7,27,64,0,98,74,0,74,172
10/26/2001,LWS,ID,ANM,WE,Federal Contract Tower,10,22,7,0,39,0,0,48,0,48,10,22,55,0,87,42,0,42,129
10/27/2001,LWS,ID,ANM,WE,Federal Contract Tower,10,12,5,0,27,0,0,59,0,59,10,12,64,0,86,90,0,90,176
10/28/2001,LWS,ID,ANM,WE,Federal Contract Tower,7,10,2,0,19,0,0,66,2,68,7,10,68,2,87,74,0,74,161
10/29/2001,LWS,ID,ANM,WE,Federal Contract Tower,7,22,7,0,36,0,0,47,0,47,7,22,54,0,83,0,0,0,83
10/30/2001,LWS,ID,ANM,WE,Federal Contract Tower,5,18,8,0,31,0,0,12,0,12,5,18,20,0,43,4,0,4,47
10/31/2001,LWS,ID,ANM,WE,Federal Contract Tower,7,25,8,0,40,0,1,27,6,34,7,26,35,6,74,0,8,8,82
11/01/2001,LWS,ID,ANM,WE,Federal Contract Tower,5,22,8,0,35,0,1,19,0,20,5,23,27,0,55,74,0,74,129
11/02/2001,LWS,ID,ANM,WE,Federal Contract Tower,9,23,8,0,40,0,0,42,0,42,9,23,50,0,82,32,0,32,114
11/03/2001,LWS,ID,ANM,WE,Federal Contract Tower,6,11,4,1,22,1,4,58,1,64,7,15,62,2,86,70,2,72,158
11/04/2001,LWS,ID,ANM,WE,Federal Contract Tower,6,10,3,0,19,0,2,58,0,60,6,12,61,0,79,60,2,62,141
11/05/2001,LWS,ID,ANM,WE,Federal Contract Tower,7,22,6,4,39,0,4,66,0,70,7,26,72,4,109,8,0,8,117
11/06/2001,LWS,ID,ANM,WE,Federal Contract Tower,7,21,10,0,38,0,0,57,0,57,7,21,67,0,95,0,0,0,95
11/07/2001,LWS,ID,ANM,WE,Federal Contract Tower,8,21,13,1,43,0,4,69,3,76,8,25,82,4,119,84,16,100,219
11/08/2001,LWS,ID,ANM,WE,Federal Contract Tower,10,27,11,0,48,0,2,89,0,91,10,29,100,0,139,90,0,90,229
11/09/2001,LWS,ID,ANM,WE,Federal Contract Tower,11,23,6,0,40,0,3,66,0,69,11,26,72,0,109,70,0,70,179
11/10/2001,LWS,ID,ANM,WE,Federal Contract Tower,6,9,5,0,20,0,2,51,0,53,6,11,56,0,73,70,0,70,143
11/11/2001,LWS,ID,ANM,WE,Federal Contract Tower,8,9,4,0,21,0,0,44,0,44,8,9,48,0,65,30,0,30,95
11/12/2001,LWS,ID,ANM,WE,Federal Contract Tower,7,21,5,0,33,0,0,38,0,38,7,21,43,0,71,10,0,10,81
11/13/2001,LWS,ID,ANM,WE,Federal Contract Tower,7,26,11,0,44,0,0,48,0,48,7,26,59,0,92,72,0,72,164
11/14/2001,LWS,ID,ANM,WE,Federal Contract Tower,7,24,4,2,37,0,0,26,0,26,7,24,30,2,63,18,0,18,81
11/15/2001,LWS,ID,ANM,WE,Federal Contract Tower,7,20,8,0,35,0,2,47,0,49,7,22,55,0,84,67,0,67,151
11/16/2001,LWS,ID,ANM,WE,Federal Contract Tower,8,23,8,2,41,0,0,28,0,28,8,23,36,2,69,6,12,18,87
11/17/2001,LWS,ID,ANM,WE,Federal Contract Tower,6,14,4,0,24,0,0,22,0,22,6,14,26,0,46,34,0,34,80
11/18/2001,LWS,ID,ANM,WE,Federal Contract Tower,7,8,4,0,19,0,1,34,0,35,7,9,38,0,54,44,0,44,98
11/19/2001,LWS,ID,ANM,WE,Federal Contract Tower,8,24,6,0,38,0,6,70,0,76,8,30,76,0,114,22,0,22,136
11/20/2001,LWS,ID,ANM,WE,Federal Contract Tower,7,23,6,0,36,0,3,82,0,85,7,26,88,0,121,48,0,48,169
11/21/2001,LWS,ID,ANM,WE,Federal Contract Tower,7,23,5,0,35,0,5,63,0,68,7,28,68,0,103,36,0,36,139
11/22/2001,LWS,ID,ANM,WE,Federal Contract Tower,6,7,4,0,17,0,0,7,0,7,6,7,11,0,24,0,0,0,24
11/23/2001,LWS,ID,ANM,WE,Federal Contract Tower,5,19,2,0,26,0,0,34,0,34,5,19,36,0,60,16,0,16,76
11/24/2001,LWS,ID,ANM,WE,Federal Contract Tower,5,7,4,0,16,0,0,23,0,23,5,7,27,0,39,4,0,4,43
11/25/2001,LWS,ID,ANM,WE,Federal Contract Tower,7,10,5,0,22,0,0,4,0,4,7,10,9,0,26,8,0,8,34
11/26/2001,LWS,ID,ANM,WE,Federal Contract Tower,7,23,4,0,34,0,0,16,0,16,7,23,20,0,50,10,0,10,60
11/27/2001,LWS,ID,ANM,WE,Federal Contract Tower,7,23,11,0,41,0,6,57,0,63,7,29,68,0,104,96,2,98,202
11/28/2001,LWS,ID,ANM,WE,Federal Contract Tower,7,28,7,0,42,0,0,24,0,24,7,28,31,0,66,14,0,14,80
11/29/2001,LWS,ID,ANM,WE,Federal Contract Tower,7,23,4,0,34,0,2,33,0,35,7,25,37,0,69,0,0,0,69
11/30/2001,LWS,ID,ANM,WE,Federal Contract Tower,7,26,6,0,39,0,0,34,0,34,7,26,40,0,73,38,0,38,111
12/01/2001,LWS,ID,ANM,WE,Federal Contract Tower,5,11,4,0,20,1,0,16,0,17,6,11,20,0,37,0,0,0,37
12/02/2001,LWS,ID,ANM,WE,Federal Contract Tower,7,8,0,0,15,0,0,25,0,25,7,8,25,0,40,20,0,20,60
12/03/2001,LWS,ID,ANM,WE,Federal Contract Tower,7,24,6,0,37,0,0,18,0,18,7,24,24,0,55,34,0,34,89
12/04/2001,LWS,ID,ANM,WE,Federal Contract Tower,7,22,8,0,37,0,0,41,0,41,7,22,49,0,78,118,0,118,196
12/05/2001,LWS,ID,ANM,WE,Federal Contract Tower,7,24,13,0,44,0,10,59,0,69,7,34,72,0,113,52,0,52,165
12/06/2001,LWS,ID,ANM,WE,Federal Contract Tower,7,26,7,0,40,0,0,8,0,8,7,26,15,0,48,0,0,0,48
12/07/2001,LWS,ID,ANM,WE,Federal Contract Tower,7,23,4,0,34,0,2,48,0,50,7,25,52,0,84,26,0,26,110
12/08/2001,LWS,ID,ANM,WE,Federal Contract Tower,6,9,1,0,16,0,1,12,0,13,6,10,13,0,29,6,0,6,35
12/09/2001,LWS,ID,ANM,WE,Federal Contract Tower,8,8,7,0,23,0,0,33,0,33,8,8,40,0,56,70,0,70,126
12/10/2001,LWS,ID,ANM,WE,Federal Contract Tower,8,22,5,0,35,0,1,27,0,28,8,23,32,0,63,0,0,0,63
12/11/2001,LWS,ID,ANM,WE,Federal Contract Tower,6,27,11,0,44,0,0,8,0,8,6,27,19,0,52,0,0,0,52
12/12/2001,LWS,ID,ANM,WE,Federal Contract Tower,9,30,12,0,51,0,1,33,0,34,9,31,45,0,85,16,0,16,101
12/13/2001,LWS,ID,ANM,WE,Federal Contract Tower,7,25,2,0,34,0,0,9,0,9,7,25,11,0,43,82,0,82,125
12/14/2001,LWS,ID,ANM,WE,Federal Contract Tower,8,20,3,0,31,0,0,13,0,13,8,20,16,0,44,92,0,92,136
12/15/2001,LWS,ID,ANM,WE,Federal Contract Tower,5,14,2,0,21,0,0,35,0,35,5,14,37,0,56,54,0,54,110
12/16/2001,LWS,ID,ANM,WE,Federal Contract Tower,7,8,2,0,17,0,0,12,0,12,7,8,14,0,29,8,0,8,37
12/17/2001,LWS,ID,ANM,WE,Federal Contract Tower,7,23,4,0,34,0,2,30,0,32,7,25,34,0,66,6,0,6,72
12/18/2001,LWS,ID,ANM,WE,Federal Contract Tower,7,25,9,0,41,0,2,58,0,60,7,27,67,0,101,42,0,42,143
12/19/2001,LWS,ID,ANM,WE,Federal Contract Tower,7,25,1,5,38,0,2,30,0,32,7,27,31,5,70,2,8,10,80
12/20/2001,LWS,ID,ANM,WE,Federal Contract Tower,7,27,10,2,46,0,4,17,2,23,7,31,27,4,69,46,6,52,121
12/21/2001,LWS,ID,ANM,WE,Federal Contract Tower,9,23,7,0,39,0,0,12,0,12,9,23,19,0,51,2,0,2,53
12/22/2001,LWS,ID,ANM,WE,Federal Contract Tower,8,8,1,0,17,0,2,31,0,33,8,10,32,0,50,32,0,32,82
12/23/2001,LWS,ID,ANM,WE,Federal Contract Tower,7,8,0,0,15,0,0,38,0,38,7,8,38,0,53,38,0,38,91
12/24/2001,LWS,ID,ANM,WE,Federal Contract Tower,7,15,2,0,24,0,0,74,0,74,7,15,76,0,98,32,0,32,130
12/25/2001,LWS,ID,ANM,WE,Federal Contract Tower,6,7,0,0,13,0,0,38,0,38,6,7,38,0,51,12,0,12,63
12/26/2001,LWS,ID,ANM,WE,Federal Contract Tower,7,22,5,0,34,0,6,27,2,35,7,28,32,2,69,10,0,10,79
12/27/2001,LWS,ID,ANM,WE,Federal Contract Tower,7,25,1,2,35,0,1,17,0,18,7,26,18,2,53,0,2,2,55
12/28/2001,LWS,ID,ANM,WE,Federal Contract Tower,5,23,0,0,28,0,0,1,0,1,5,23,1,0,29,0,0,0,29
12/29/2001,LWS,ID,ANM,WE,Federal Contract Tower,5,11,4,0,20,0,0,16,0,16,5,11,20,0,36,6,0,6,42
12/30/2001,LWS,ID,ANM,WE,Federal Contract Tower,7,12,3,0,22,0,0,12,0,12,7,12,15,0,34,4,0,4,38
12/31/2001,LWS,ID,ANM,WE,Federal Contract Tower,8,16,0,0,24,0,0,0,0,0,8,16,0,0,24,4,0,4,28
01/01/2002,LWS,ID,ANM,WE,Federal Contract Tower,5,7,0,0,12,0,0,72,0,72,5,7,72,0,84,42,0,42,126
01/02/2002,LWS,ID,ANM,WE,Federal Contract Tower,7,23,11,0,41,0,0,26,0,26,7,23,37,0,67,6,0,6,73
01/03/2002,LWS,ID,ANM,WE,Federal Contract Tower,7,28,4,0,39,0,1,3,0,4,7,29,7,0,43,6,0,6,49
01/04/2002,LWS,ID,ANM,WE,Federal Contract Tower,7,33,6,0,46,0,0,2,0,2,7,33,8,0,48,2,0,2,50
01/05/2002,LWS,ID,ANM,WE,Federal Contract Tower,6,10,3,2,21,0,0,45,0,45,6,10,48,2,66,58,0,58,124
01/06/2002,LWS,ID,ANM,WE,Federal Contract Tower,7,8,2,2,19,0,0,27,0,27,7,8,29,2,46,38,0,38,84
01/07/2002,LWS,ID,ANM,WE,Federal Contract Tower,5,27,5,0,37,0,0,34,0,34,5,27,39,0,71,26,0,26,97
01/08/2002,LWS,ID,ANM,WE,Federal Contract Tower,5,25,9,0,39,0,5,42,0,47,5,30,51,0,86,26,0,26,112
01/09/2002,LWS,ID,ANM,WE,Federal Contract Tower,7,22,7,1,37,0,2,45,1,48,7,24,52,2,85,58,18,76,161
01/10/2002,LWS,ID,ANM,WE,Federal Contract Tower,7,26,6,0,39,0,1,15,0,16,7,27,21,0,55,20,0,20,75
01/11/2002,LWS,ID,ANM,WE,Federal Contract Tower,7,21,11,0,39,0,0,26,0,26,7,21,37,0,65,36,0,36,101
01/12/2002,LWS,ID,ANM,WE,Federal Contract Tower,6,11,1,0,18,0,0,0,0,0,6,11,1,0,18,0,0,0,18
01/13/2002,LWS,ID,ANM,WE,Federal Contract Tower,7,9,1,0,17,0,3,91,0,94,7,12,92,0,111,128,0,128,239
01/14/2002,LWS,ID,ANM,WE,Federal Contract Tower,7,22,8,0,37,0,0,12,0,12,7,22,20,0,49,6,0,6,55
01/15/2002,LWS,ID,ANM,WE,Federal Contract Tower,7,24,14,0,45,0,2,29,0,31,7,26,43,0,76,56,0,56,132
01/16/2002,LWS,ID,ANM,WE,Federal Contract Tower,5,26,8,0,39,0,1,31,0,32,5,27,39,0,71,12,0,12,83
01/17/2002,LWS,ID,ANM,WE,Federal Contract Tower,9,26,6,0,41,0,0,3,0,3,9,26,9,0,44,0,0,0,44
01/18/2002,LWS,ID,ANM,WE,Federal Contract Tower,7,23,3,0,33,0,0,43,0,43,7,23,46,0,76,28,0,28,104
01/19/2002,LWS,ID,ANM,WE,Federal Contract Tower,8,13,4,0,25,0,0,6,0,6,8,13,10,0,31,0,0,0,31
01/20/2002,LWS,ID,ANM,WE,Federal Contract Tower,7,6,1,0,14,0,0,7,0,7,7,6,8,0,21,0,0,0,21
01/21/2002,LWS,ID,ANM,WE,Federal Contract Tower,7,19,3,0,29,0,1,25,0,26,7,20,28,0,55,2,0,2,57
01/22/2002,LWS,ID,ANM,WE,Federal Contract Tower,5,22,7,0,34,0,2,35,0,37,5,24,42,0,71,0,0,0,71
01/23/2002,LWS,ID,ANM,WE,Federal Contract Tower,7,23,3,0,33,0,2,31,0,33,7,25,34,0,66,4,0,4,70
01/24/2002,LWS,ID,ANM,WE,Federal Contract Tower,7,23,9,0,39,0,0,19,0,19,7,23,28,0,58,0,0,0,58
01/25/2002,LWS,ID,ANM,WE,Federal Contract Tower,5,23,5,0,33,0,0,16,0,16,5,23,21,0,49,16,0,16,65
01/26/2002,LWS,ID,ANM,WE,Federal Contract Tower,4,14,2,2,22,0,0,11,0,11,4,14,13,2,33,10,0,10,43
01/27/2002,LWS,ID,ANM,WE,Federal Contract Tower,5,8,1,0,14,0,0,111,0,111,5,8,112,0,125,48,0,48,173
01/28/2002,LWS,ID,ANM,WE,Federal Contract Tower,7,23,9,0,39,0,2,53,2,57,7,25,62,2,96,20,8,28,124
01/29/2002,LWS,ID,ANM,WE,Federal Contract Tower,7,21,12,0,40,0,4,36,0,40,7,25,48,0,80,6,0,6,86
01/30/2002,LWS,ID,ANM,WE,Federal Contract Tower,8,23,8,0,39,1,0,3,0,4,9,23,11,0,43,0,0,0,43
01/31/2002,LWS,ID,ANM,WE,Federal Contract Tower,7,20,4,0,31,0,4,26,0,30,7,24,30,0,61,0,0,0,61
02/01/2002,LWS,ID,ANM,WE,Federal Contract Tower,7,24,9,0,40,0,1,3,0,4,7,25,12,0,44,0,0,0,44
02/02/2002,LWS,ID,ANM,WE,Federal Contract Tower,6,9,3,0,18,0,9,68,0,77,6,18,71,0,95,42,0,42,137
02/03/2002,LWS,ID,ANM,WE,Federal Contract Tower,5,8,4,0,17,2,0,32,0,34,7,8,36,0,51,6,0,6,57
02/04/2002,LWS,ID,ANM,WE,Federal Contract Tower,7,21,12,0,40,0,3,84,0,87,7,24,96,0,127,24,0,24,151
02/05/2002,LWS,ID,ANM,WE,Federal Contract Tower,7,21,6,0,34,0,1,50,0,51,7,22,56,0,85,32,0,32,117
02/06/2002,LWS,ID,ANM,WE,Federal Contract Tower,7,22,6,0,35,0,4,61,2,67,7,26,67,2,102,2,24,26,128
02/07/2002,LWS,ID,ANM,WE,Federal Contract Tower,7,23,6,0,36,0,2,12,0,14,7,25,18,0,50,4,0,4,54
02/08/2002,LWS,ID,ANM,WE,Federal Contract Tower,8,26,1,0,35,0,0,8,0,8,8,26,9,0,43,0,0,0,43
02/09/2002,LWS,ID,ANM,WE,Federal Contract Tower,6,7,7,0,20,0,0,63,0,63,6,7,70,0,83,42,0,42,125
02/10/2002,LWS,ID,ANM,WE,Federal Contract Tower,10,8,2,0,20,0,0,14,0,14,10,8,16,0,34,0,0,0,34
02/11/2002,LWS,ID,ANM,WE,Federal Contract Tower,7,15,1,0,23,0,7,66,0,73,7,22,67,0,96,88,0,88,184
02/12/2002,LWS,ID,ANM,WE,Federal Contract Tower,7,16,9,0,32,0,6,65,0,71,7,22,74,0,103,76,0,76,179
02/13/2002,LWS,ID,ANM,WE,Federal Contract Tower,7,19,0,0,26,0,4,91,0,95,7,23,91,0,121,38,0,38,159
02/14/2002,LWS,ID,ANM,WE,Federal Contract Tower,7,19,7,0,33,0,8,49,0,57,7,27,56,0,90,54,0,54,144
02/15/2002,LWS,ID,ANM,WE,Federal Contract Tower,5,20,10,0,35,0,1,62,0,63,5,21,72,0,98,40,0,40,138
02/16/2002,LWS,ID,ANM,WE,Federal Contract Tower,6,9,4,0,19,0,0,40,0,40,6,9,44,0,59,43,0,43,102
02/17/2002,LWS,ID,ANM,WE,Federal Contract Tower,7,8,0,0,15,0,0,58,0,58,7,8,58,0,73,96,0,96,169
02/18/2002,LWS,ID,ANM,WE,Federal Contract Tower,7,19,1,0,27,0,3,48,0,51,7,22,49,0,78,38,0,38,116
02/19/2002,LWS,ID,ANM,WE,Federal Contract Tower,7,22,7,0,36,0,3,24,0,27,7,25,31,0,63,6,0,6,69
02/20/2002,LWS,ID,ANM,WE,Federal Contract Tower,7,22,2,2,33,0,4,100,0,104,7,26,102,2,137,52,12,64,201
02/21/2002,LWS,ID,ANM,WE,Federal Contract Tower,7,22,4,0,33,0,2,19,0,21,7,24,23,0,54,0,0,0,54
02/22/2002,LWS,ID,ANM,WE,Federal Contract Tower,7,22,4,0,33,0,0,5,0,5,7,22,9,0,38,22,0,22,60
02/23/2002,LWS,ID,ANM,WE,Federal Contract Tower,6,8,3,0,17,0,0,3,0,3,6,8,6,0,20,0,0,0,20
02/24/2002,LWS,ID,ANM,WE,Federal Contract Tower,7,8,5,0,20,0,0,10,0,10,7,8,15,0,30,0,0,0,30
02/25/2002,LWS,ID,ANM,WE,Federal Contract Tower,7,15,5,2,29,0,3,28,0,31,7,18,33,2,60,16,10,26,86
02/26/2002,LWS,ID,ANM,WE,Federal Contract Tower,7,25,9,0,41,0,1,45,0,46,7,26,54,0,87,8,0,8,95
02/27/2002,LWS,ID,ANM,WE,Federal Contract Tower,7,23,3,0,33,0,2,23,0,25,7,25,26,0,58,12,0,12,70
02/28/2002,LWS,ID,ANM,WE,Federal Contract Tower,7,23,2,0,32,0,2,24,0,26,7,25,26,0,58,15,0,15,73
03/01/2002,LWS,ID,ANM,WE,Federal Contract Tower,7,25,3,0,35,0,3,71,0,74,7,28,74,0,109,80,0,80,189
03/02/2002,LWS,ID,ANM,WE,Federal Contract Tower,5,9,5,0,19,0,3,45,2,50,5,12,50,2,69,52,12,64,133
03/03/2002,LWS,ID,ANM,WE,Federal Contract Tower,7,8,1,0,16,0,0,81,0,81,7,8,82,0,97,58,0,58,155
03/04/2002,LWS,ID,ANM,WE,Federal Contract Tower,7,24,3,0,34,0,4,61,0,65,7,28,64,0,99,2,0,2,101
03/05/2002,LWS,ID,ANM,WE,Federal Contract Tower,7,23,7,1,38,0,6,79,1,86,7,29,86,2,124,24,14,38,162
03/06/2002,LWS,ID,ANM,WE,Federal Contract Tower,5,26,9,4,44,0,1,12,0,13,5,27,21,4,57,0,0,0,57
03/07/2002,LWS,ID,ANM,WE,Federal Contract Tower,9,27,5,0,41,0,2,7,0,9,9,29,12,0,50,11,0,11,61
03/08/2002,LWS,ID,ANM,WE,Federal Contract Tower,4,26,4,0,34,0,2,11,0,13,4,28,15,0,47,32,0,32,79
03/09/2002,LWS,ID,ANM,WE,Federal Contract Tower,6,9,3,0,18,0,0,15,0,15,6,9,18,0,33,34,0,34,67
03/10/2002,LWS,ID,ANM,WE,Federal Contract Tower,7,8,4,0,19,0,0,38,0,38,7,8,42,0,57,18,0,18,75
03/11/2002,LWS,ID,ANM,WE,Federal Contract Tower,5,24,3,0,32,0,1,11,0,12,5,25,14,0,44,0,0,0,44
03/12/2002,LWS,ID,ANM,WE,Federal Contract Tower,7,22,7,0,36,0,1,24,0,25,7,23,31,0,61,12,0,12,73
03/13/2002,LWS,ID,ANM,WE,Federal Contract Tower,7,28,2,0,37,0,2,101,0,103,7,30,103,0,140,6,0,6,146
03/14/2002,LWS,ID,ANM,WE,Federal Contract Tower,7,23,13,0,43,0,7,22,0,29,7,30,35,0,72,27,0,27,99
03/15/2002,LWS,ID,ANM,WE,Federal Contract Tower,7,24,0,0,31,0,1,38,0,39,7,25,38,0,70,60,0,60,130
03/16/2002,LWS,ID,ANM,WE,Federal Contract Tower,4,10,4,0,18,0,0,0,0,0,4,10,4,0,18,6,0,6,24
03/17/2002,LWS,ID,ANM,WE,Federal Contract Tower,7,9,1,0,17,0,0,9,0,9,7,9,10,0,26,0,0,0,26
03/18/2002,LWS,ID,ANM,WE,Federal Contract Tower,7,20,4,0,31,0,4,45,0,49,7,24,49,0,80,14,0,14,94
03/19/2002,LWS,ID,ANM,WE,Federal Contract Tower,5,23,10,0,38,0,1,19,0,20,5,24,29,0,58,4,0,4,62
03/20/2002,LWS,ID,ANM,WE,Federal Contract Tower,7,25,9,0,41,0,1,41,0,42,7,26,50,0,83,12,0,12,95
03/21/2002,LWS,ID,ANM,WE,Federal Contract Tower,3,27,5,0,35,0,0,54,0,54,3,27,59,0,89,20,0,20,109
03/22/2002,LWS,ID,ANM,WE,Federal Contract Tower,7,24,11,0,42,0,0,20,0,20,7,24,31,0,62,34,0,34,96
03/23/2002,LWS,ID,ANM,WE,Federal Contract Tower,6,11,3,0,20,0,0,41,0,41,6,11,44,0,61,60,0,60,121
03/24/2002,LWS,ID,ANM,WE,Federal Contract Tower,7,8,3,0,18,0,0,9,0,9,7,8,12,0,27,0,0,0,27
03/25/2002,LWS,ID,ANM,WE,Federal Contract Tower,7,22,3,0,32,0,0,45,0,45,7,22,48,0,77,96,0,96,173
03/26/2002,LWS,ID,ANM,WE,Federal Contract Tower,7,24,6,0,37,0,3,100,0,103,7,27,106,0,140,94,0,94,234
03/27/2002,LWS,ID,ANM,WE,Federal Contract Tower,6,23,6,0,35,1,0,59,2,62,7,23,65,2,97,0,6,6,103
03/28/2002,LWS,ID,ANM,WE,Federal Contract Tower,6,22,14,0,42,1,4,57,0,62,7,26,71,0,104,20,0,20,124
03/29/2002,LWS,ID,ANM,WE,Federal Contract Tower,6,23,2,0,31,0,0,45,0,45,6,23,47,0,76,60,0,60,136
03/30/2002,LWS,ID,ANM,WE,Federal Contract Tower,5,7,4,0,16,0,0,49,0,49,5,7,53,0,65,72,0,72,137
03/31/2002,LWS,ID,ANM,WE,Federal Contract Tower,7,8,1,0,16,0,0,47,0,47,7,8,48,0,63,66,0,66,129
04/01/2002,LWS,ID,ANM,WE,Federal Contract Tower,7,22,2,0,31,0,4,69,0,73,7,26,71,0,104,68,0,68,172
04/02/2002,LWS,ID,ANM,WE,Federal Contract Tower,7,24,10,0,41,0,0,108,0,108,7,24,118,0,149,98,0,98,247
04/03/2002,LWS,ID,ANM,WE,Federal Contract Tower,7,19,2,0,28,0,9,96,0,105,7,28,98,0,133,68,0,68,201
04/04/2002,LWS,ID,ANM,WE,Federal Contract Tower,7,19,10,1,37,0,9,94,1,104,7,28,104,2,141,114,10,124,265
04/05/2002,LWS,ID,ANM,WE,Federal Contract Tower,6,21,14,0,41,1,2,56,0,59,7,23,70,0,100,60,0,60,160
04/06/2002,LWS,ID,ANM,WE,Federal Contract Tower,5,10,4,0,19,0,0,19,0,19,5,10,23,0,38,34,6,40,78
04/07/2002,LWS,ID,ANM,WE,Federal Contract Tower,7,9,0,0,16,0,0,16,0,16,7,9,16,0,32,44,0,44,76
04/08/2002,LWS,ID,ANM,WE,Federal Contract Tower,7,22,3,0,32,0,6,85,0,91,7,28,88,0,123,68,0,68,191
04/09/2002,LWS,ID,ANM,WE,Federal Contract Tower,7,28,19,0,54,0,1,78,0,79,7,29,97,0,133,96,0,96,229
04/10/2002,LWS,ID,ANM,WE,Federal Contract Tower,7,22,6,0,35,0,0,48,2,50,7,22,54,2,85,78,4,82,167
04/11/2002,LWS,ID,ANM,WE,Federal Contract Tower,7,23,4,6,40,0,0,59,4,63,7,23,63,10,103,84,0,84,187
04/12/2002,LWS,ID,ANM,WE,Federal Contract Tower,7,23,2,2,34,0,0,47,0,47,7,23,49,2,81,53,10,63,144
04/13/2002,LWS,ID,ANM,WE,Federal Contract Tower,6,10,5,4,25,0,0,13,2,15,6,10,18,6,40,2,0,2,42
04/14/2002,LWS,ID,ANM,WE,Federal Contract Tower,7,6,7,0,20,0,0,5,0,5,7,6,12,0,25,16,0,16,41
04/15/2002,LWS,ID,ANM,WE,Federal Contract Tower,7,23,1,0,31,0,0,90,0,90,7,23,91,0,121,92,0,92,213
04/16/2002,LWS,ID,ANM,WE,Federal Contract Tower,7,22,12,0,41,0,7,80,0,87,7,29,92,0,128,78,0,78,206
04/17/2002,LWS,ID,ANM,WE,Federal Contract Tower,7,31,14,0,52,0,6,84,0,90,7,37,98,0,142,18,0,18,160
04/18/2002,LWS,ID,ANM,WE,Federal Contract Tower,7,23,9,2,41,0,9,93,0,102,7,32,102,2,143,66,12,78,221
04/19/2002,LWS,ID,ANM,WE,Federal Contract Tower,7,21,3,1,32,0,7,75,1,83,7,28,78,2,115,64,6,70,185
04/20/2002,LWS,ID,ANM,WE,Federal Contract Tower,5,10,2,0,17,0,0,68,0,68,5,10,70,0,85,56,0,56,141
04/21/2002,LWS,ID,ANM,WE,Federal Contract Tower,7,10,0,1,18,0,0,31,1,32,7,10,31,2,50,26,0,26,76
04/22/2002,LWS,ID,ANM,WE,Federal Contract Tower,7,21,7,0,35,0,0,28,0,28,7,21,35,0,63,28,0,28,91
04/23/2002,LWS,ID,ANM,WE,Federal Contract Tower,7,25,7,0,39,0,3,57,0,60,7,28,64,0,99,38,0,38,137
04/24/2002,LWS,ID,ANM,WE,Federal Contract Tower,7,18,5,0,30,0,6,81,0,87,7,24,86,0,117,42,0,42,159
04/25/2002,LWS,ID,ANM,WE,Federal Contract Tower,7,19,10,0,36,0,13,83,2,98,7,32,93,2,134,122,0,122,256
04/26/2002,LWS,ID,ANM,WE,Federal Contract Tower,7,23,6,1,37,0,0,65,1,66,7,23,71,2,103,75,2,77,180
04/27/2002,LWS,ID,ANM,WE,Federal Contract Tower,5,10,4,0,19,0,0,0,0,0,5,10,4,0,19,28,0,28,47
04/28/2002,LWS,ID,ANM,WE,Federal Contract Tower,7,8,3,0,18,0,2,55,0,57,7,10,58,0,75,26,0,26,101
04/29/2002,LWS,ID,ANM,WE,Federal Contract Tower,7,19,7,0,33,0,3,89,0,92,7,22,96,0,125,84,0,84,209
04/30/2002,LWS,ID,ANM,WE,Federal Contract Tower,7,26,9,2,44,0,3,89,0,92,7,29,98,2,136,68,28,96,232
05/01/2002,LWS,ID,ANM,WE,Federal Contract Tower,7,21,7,0,35,0,17,165,0,182,7,38,172,0,217,108,0,108,325
05/02/2002,LWS,ID,ANM,WE,Federal Contract Tower,7,21,1,0,29,0,2,55,2,59,7,23,56,2,88,32,10,42,130
05/03/2002,LWS,ID,ANM,WE,Federal Contract Tower,7,27,5,0,39,0,2,61,0,63,7,29,66,0,102,5,0,5,107
05/04/2002,LWS,ID,ANM,WE,Federal Contract Tower,6,10,1,4,21,0,0,77,4,81,6,10,78,8,102,20,12,32,134
05/05/2002,LWS,ID,ANM,WE,Federal Contract Tower,7,8,7,0,22,0,0,1,0,1,7,8,8,0,23,20,0,20,43
05/06/2002,LWS,ID,ANM,WE,Federal Contract Tower,7,23,2,0,32,0,3,41,0,44,7,26,43,0,76,44,0,44,120
05/07/2002,LWS,ID,ANM,WE,Federal Contract Tower,7,26,5,0,38,0,4,52,0,56,7,30,57,0,94,88,0,88,182
05/08/2002,LWS,ID,ANM,WE,Federal Contract Tower,7,20,4,0,31,0,5,72,2,79,7,25,76,2,110,20,2,22,132
05/09/2002,LWS,ID,ANM,WE,Federal Contract Tower,7,21,8,0,36,0,3,69,0,72,7,24,77,0,108,18,0,18,126
05/10/2002,LWS,ID,ANM,WE,Federal Contract Tower,7,22,4,0,33,0,5,98,0,103,7,27,102,0,136,10,0,10,146
05/11/2002,LWS,ID,ANM,WE,Federal Contract Tower,8,10,1,0,19,0,2,82,0,84,8,12,83,0,103,60,0,60,163
05/12/2002,LWS,ID,ANM,WE,Federal Contract Tower,7,8,0,0,15,0,0,89,0,89,7,8,89,0,104,34,0,34,138
05/13/2002,LWS,ID,ANM,WE,Federal Contract Tower,9,18,3,0,30,0,10,80,0,90,9,28,83,0,120,64,0,64,184
05/14/2002,LWS,ID,ANM,WE,Federal Contract Tower,7,26,8,3,44,0,4,86,1,91,7,30,94,4,135,86,32,118,253
05/15/2002,LWS,ID,ANM,WE,Federal Contract Tower,6,24,1,0,31,0,1,85,2,88,6,25,86,2,119,68,0,68,187
05/16/2002,LWS,ID,ANM,WE,Federal Contract Tower,7,20,3,0,30,0,1,67,1,69,7,21,70,1,99,42,0,42,141
05/17/2002,LWS,ID,ANM,WE,Federal Contract Tower,7,20,10,0,37,0,3,58,1,62,7,23,68,1,99,36,0,36,135
05/18/2002,LWS,ID,ANM,WE,Federal Contract Tower,6,10,3,0,19,0,5,53,0,58,6,15,56,0,77,24,0,24,101
05/19/2002,LWS,ID,ANM,WE,Federal Contract Tower,7,8,4,0,19,0,5,27,0,32,7,13,31,0,51,20,0,20,71
05/20/2002,LWS,ID,ANM,WE,Federal Contract Tower,6,18,6,0,30,0,5,19,0,24,6,23,25,0,54,4,0,4,58
05/21/2002,LWS,ID,ANM,WE,Federal Contract Tower,8,22,7,0,37,0,3,41,0,44,8,25,48,0,81,4,0,4,85
05/22/2002,LWS,ID,ANM,WE,Federal Contract Tower,7,24,13,0,44,0,1,34,0,35,7,25,47,0,79,10,0,10,89
05/23/2002,LWS,ID,ANM,WE,Federal Contract Tower,7,24,1,0,32,0,4,42,0,46,7,28,43,0,78,12,0,12,90
05/24/2002,LWS,ID,ANM,WE,Federal Contract Tower,7,19,4,0,30,0,3,80,5,88,7,22,84,5,118,72,14,86,204
05/25/2002,LWS,ID,ANM,WE,Federal Contract Tower,6,11,2,0,19,0,6,66,2,74,6,17,68,2,93,56,0,56,149
05/26/2002,LWS,ID,ANM,WE,Federal Contract Tower,6,6,3,0,15,0,0,59,0,59,6,6,62,0,74,20,0,20,94
05/27/2002,LWS,ID,ANM,WE,Federal Contract Tower,6,9,6,0,21,1,4,28,0,33,7,13,34,0,54,74,0,74,128
05/28/2002,LWS,ID,ANM,WE,Federal Contract Tower,7,18,5,0,30,0,0,31,0,31,7,18,36,0,61,20,0,20,81
05/29/2002,LWS,ID,ANM,WE,Federal Contract Tower,7,22,5,3,37,0,2,67,0,69,7,24,72,3,106,34,0,34,140
05/30/2002,LWS,ID,ANM,WE,Federal Contract Tower,7,22,9,2,40,0,6,105,0,111,7,28,114,2,151,98,0,98,249
05/31/2002,LWS,ID,ANM,WE,Federal Contract Tower,5,19,9,0,33,0,6,115,2,123,5,25,124,2,156,122,0,122,278
06/01/2002,LWS,ID,ANM,WE,Federal Contract Tower,6,12,4,0,22,0,10,47,0,57,6,22,51,0,79,0,0,0,79
06/02/2002,LWS,ID,ANM,WE,Federal Contract Tower,7,8,6,0,21,0,0,42,2,44,7,8,48,2,65,48,0,48,113
06/03/2002,LWS,ID,ANM,WE,Federal Contract Tower,5,18,4,0,27,0,2,46,0,48,5,20,50,0,75,10,0,10,85
06/04/2002,LWS,ID,ANM,WE,Federal Contract Tower,6,19,11,0,36,0,4,69,0,73,6,23,80,0,109,40,0,40,149
06/05/2002,LWS,ID,ANM,WE,Federal Contract Tower,7,18,7,0,32,0,6,77,0,83,7,24,84,0,115,54,0,54,169
06/06/2002,LWS,ID,ANM,WE,Federal Contract Tower,7,24,6,0,37,0,0,110,0,110,7,24,116,0,147,98,0,98,245
06/07/2002,LWS,ID,ANM,WE,Federal Contract Tower,7,22,1,0,30,0,1,102,4,107,7,23,103,4,137,46,10,56,193
06/08/2002,LWS,ID,ANM,WE,Federal Contract Tower,6,12,4,0,22,0,0,47,0,47,6,12,51,0,69,0,0,0,69
06/09/2002,LWS,ID,ANM,WE,Federal Contract Tower,7,8,2,2,19,0,0,34,0,34,7,8,36,2,53,0,0,0,53
06/10/2002,LWS,ID,ANM,WE,Federal Contract Tower,7,18,7,0,32,0,0,17,0,17,7,18,24,0,49,8,0,8,57
06/11/2002,LWS,ID,ANM,WE,Federal Contract Tower,7,20,10,0,37,0,0,50,0,50,7,20,60,0,87,40,0,40,127
06/12/2002,LWS,ID,ANM,WE,Federal Contract Tower,6,18,2,0,26,0,6,71,0,77,6,24,73,0,103,0,0,0,103
06/13/2002,LWS,ID,ANM,WE,Federal Contract Tower,7,19,7,0,33,0,7,135,0,142,7,26,142,0,175,146,0,146,321
06/14/2002,LWS,ID,ANM,WE,Federal Contract Tower,7,20,2,2,31,0,6,76,0,82,7,26,78,2,113,72,2,74,187
06/15/2002,LWS,ID,ANM,WE,Federal Contract Tower,6,9,1,0,16,0,6,120,0,126,6,15,121,0,142,77,0,77,219
06/16/2002,LWS,ID,ANM,WE,Federal Contract Tower,7,8,1,0,16,0,0,57,0,57,7,8,58,0,73,44,0,44,117
06/17/2002,LWS,ID,ANM,WE,Federal Contract Tower,5,22,2,0,29,0,0,81,0,81,5,22,83,0,110,54,0,54,164
06/18/2002,LWS,ID,ANM,WE,Federal Contract Tower,7,27,5,0,39,0,1,25,0,26,7,28,30,0,65,12,0,12,77
06/19/2002,LWS,ID,ANM,WE,Federal Contract Tower,7,19,3,0,29,0,3,53,0,56,7,22,56,0,85,24,0,24,109
06/20/2002,LWS,ID,ANM,WE,Federal Contract Tower,7,21,6,0,34,0,3,108,0,111,7,24,114,0,145,128,0,128,273
06/21/2002,LWS,ID,ANM,WE,Federal Contract Tower,7,20,4,0,31,0,6,104,0,110,7,26,108,0,141,82,0,82,223
06/22/2002,LWS,ID,ANM,WE,Federal Contract Tower,6,11,1,0,18,0,0,97,0,97,6,11,98,0,115,48,0,48,163
06/23/2002,LWS,ID,ANM,WE,Federal Contract Tower,7,11,2,0,20,0,2,104,0,106,7,13,106,0,126,32,0,32,158
06/24/2002,LWS,ID,ANM,WE,Federal Contract Tower,7,17,12,1,37,0,5,81,1,87,7,22,93,2,124,54,0,54,178
06/25/2002,LWS,ID,ANM,WE,Federal Contract Tower,6,19,5,0,30,0,3,93,0,96,6,22,98,0,126,64,0,64,190
06/26/2002,LWS,ID,ANM,WE,Federal Contract Tower,7,24,6,0,37,0,4,39,0,43,7,28,45,0,80,2,0,2,82
06/27/2002,LWS,ID,ANM,WE,Federal Contract Tower,7,11,23,0,41,0,17,101,0,118,7,28,124,0,159,68,0,68,227
06/28/2002,LWS,ID,ANM,WE,Federal Contract Tower,7,22,2,0,31,0,1,96,0,97,7,23,98,0,128,66,0,66,194
06/29/2002,LWS,ID,ANM,WE,Federal Contract Tower,7,11,12,0,30,0,0,26,0,26,7,11,38,0,56,6,0,6,62
06/30/2002,LWS,ID,ANM,WE,Federal Contract Tower,7,9,2,0,18,0,3,61,0,64,7,12,63,0,82,22,0,22,104
07/01/2002,LWS,ID,ANM,WE,Federal Contract Tower,7,22,6,0,35,0,4,61,0,65,7,26,67,0,100,68,0,68,168
07/02/2002,LWS,ID,ANM,WE,Federal Contract Tower,5,20,2,0,27,0,2,87,0,89,5,22,89,0,116,28,0,28,144
07/03/2002,LWS,ID,ANM,WE,Federal Contract Tower,7,24,6,0,37,0,4,90,0,94,7,28,96,0,131,62,0,62,193
07/04/2002,LWS,ID,ANM,WE,Federal Contract Tower,6,9,0,0,15,0,0,82,0,82,6,9,82,0,97,36,0,36,133
07/05/2002,LWS,ID,ANM,WE,Federal Contract Tower,6,17,1,0,24,0,7,112,0,119,6,24,113,0,143,72,0,72,215
07/06/2002,LWS,ID,ANM,WE,Federal Contract Tower,7,10,2,0,19,0,3,76,0,79,7,13,78,0,98,42,0,42,140
07/07/2002,LWS,ID,ANM,WE,Federal Contract Tower,7,9,3,0,19,0,1,87,0,88,7,10,90,0,107,4,0,4,111
07/08/2002,LWS,ID,ANM,WE,Federal Contract Tower,7,22,8,0,37,0,2,51,0,53,7,24,59,0,90,12,0,12,102
07/09/2002,LWS,ID,ANM,WE,Federal Contract Tower,4,19,6,0,29,0,5,67,0,72,4,24,73,0,101,54,0,54,155
07/10/2002,LWS,ID,ANM,WE,Federal Contract Tower,7,19,11,0,37,0,3,68,0,71,7,22,79,0,108,14,0,14,122
07/11/2002,LWS,ID,ANM,WE,Federal Contract Tower,7,20,6,0,33,0,7,99,0,106,7,27,105,0,139,58,6,64,203
07/12/2002,LWS,ID,ANM,WE,Federal Contract Tower,6,21,1,4,32,1,0,88,1,90,7,21,89,5,122,26,12,38,160
07/13/2002,LWS,ID,ANM,WE,Federal Contract Tower,7,11,1,0,19,0,2,31,0,33,7,13,32,0,52,8,0,8,60
07/14/2002,LWS,ID,ANM,WE,Federal Contract Tower,5,12,3,0,20,0,0,44,0,44,5,12,47,0,64,20,0,20,84
07/15/2002,LWS,ID,ANM,WE,Federal Contract Tower,7,20,1,0,28,0,4,47,0,51,7,24,48,0,79,50,0,50,129
07/16/2002,LWS,ID,ANM,WE,Federal Contract Tower,7,17,4,0,28,0,11,76,0,87,7,28,80,0,115,86,0,86,201
07/17/2002,LWS,ID,ANM,WE,Federal Contract Tower,5,20,2,0,27,0,3,56,0,59,5,23,58,0,86,24,0,24,110
07/18/2002,LWS,ID,ANM,WE,Federal Contract Tower,7,22,5,0,34,0,2,97,0,99,7,24,102,0,133,88,0,88,221
07/19/2002,LWS,ID,ANM,WE,Federal Contract Tower,7,23,5,0,35,0,3,104,0,107,7,26,109,0,142,32,0,32,174
07/20/2002,LWS,ID,ANM,WE,Federal Contract Tower,7,12,3,4,26,0,3,139,0,142,7,15,142,4,168,96,0,96,264
07/21/2002,LWS,ID,ANM,WE,Federal Contract Tower,5,9,1,0,15,0,0,146,0,146,5,9,147,0,161,24,0,24,185
07/22/2002,LWS,ID,ANM,WE,Federal Contract Tower,7,21,14,0,42,0,1,49,0,50,7,22,63,0,92,22,0,22,114
07/23/2002,LWS,ID,ANM,WE,Federal Contract Tower,7,21,5,0,33,0,2,67,0,69,7,23,72,0,102,18,0,18,120
07/24/2002,LWS,ID,ANM,WE,Federal Contract Tower,7,21,4,0,32,0,6,62,0,68,7,27,66,0,100,47,0,47,147
07/25/2002,LWS,ID,ANM,WE,Federal Contract Tower,7,20,3,0,30,0,4,64,0,68,7,24,67,0,98,22,0,22,120
07/26/2002,LWS,ID,ANM,WE,Federal Contract Tower,5,24,5,0,34,0,2,89,0,91,5,26,94,0,125,24,0,24,149
07/27/2002,LWS,ID,ANM,WE,Federal Contract Tower,6,9,0,0,15,1,0,56,0,57,7,9,56,0,72,12,0,12,84
07/28/2002,LWS,ID,ANM,WE,Federal Contract Tower,5,10,5,0,20,0,2,83,0,85,5,12,88,0,105,16,0,16,121
07/29/2002,LWS,ID,ANM,WE,Federal Contract Tower,7,22,1,0,30,0,4,66,2,72,7,26,67,2,102,78,4,82,184
07/30/2002,LWS,ID,ANM,WE,Federal Contract Tower,6,22,6,0,34,0,3,50,0,53,6,25,56,0,87,10,0,10,97
07/31/2002,LWS,ID,ANM,WE,Federal Contract Tower,6,21,5,0,32,1,3,63,0,67,7,24,68,0,99,74,0,74,173
08/01/2002,LWS,ID,ANM,WE,Federal Contract Tower,7,20,4,0,31,0,7,66,0,73,7,27,70,0,104,18,0,18,122
08/02/2002,LWS,ID,ANM,WE,Federal Contract Tower,7,19,9,0,35,0,5,95,0,100,7,24,104,0,135,28,0,28,163
08/03/2002,LWS,ID,ANM,WE,Federal Contract Tower,7,8,5,0,20,0,4,79,0,83,7,12,84,0,103,32,0,32,135
08/04/2002,LWS,ID,ANM,WE,Federal Contract Tower,7,8,1,0,16,0,0,73,0,73,7,8,74,0,89,12,0,12,101
08/05/2002,LWS,ID,ANM,WE,Federal Contract Tower,7,21,3,2,33,0,4,109,0,113,7,25,112,2,146,42,0,42,188
08/06/2002,LWS,ID,ANM,WE,Federal Contract Tower,7,22,6,0,35,0,1,44,0,45,7,23,50,0,80,6,0,6,86
08/07/2002,LWS,ID,ANM,WE,Federal Contract Tower,7,21,7,2,37,0,3,63,0,66,7,24,70,2,103,42,10,52,155
08/08/2002,LWS,ID,ANM,WE,Federal Contract Tower,7,21,3,0,31,0,7,57,2,66,7,28,60,2,97,12,0,12,109
08/09/2002,LWS,ID,ANM,WE,Federal Contract Tower,7,24,3,2,36,0,5,106,2,113,7,29,109,4,149,18,0,18,167
08/10/2002,LWS,ID,ANM,WE,Federal Contract Tower,7,8,1,0,16,0,4,91,0,95,7,12,92,0,111,28,0,28,139
08/11/2002,LWS,ID,ANM,WE,Federal Contract Tower,5,9,2,0,16,0,0,135,0,135,5,9,137,0,151,48,0,48,199
08/12/2002,LWS,ID,ANM,WE,Federal Contract Tower,7,20,8,0,35,0,2,112,0,114,7,22,120,0,149,58,0,58,207
08/13/2002,LWS,ID,ANM,WE,Federal Contract Tower,6,19,6,0,31,1,6,91,2,100,7,25,97,2,131,48,0,48,179
08/14/2002,LWS,ID,ANM,WE,Federal Contract Tower,7,21,9,0,37,0,4,84,0,88,7,25,93,0,125,90,0,90,215
08/15/2002,LWS,ID,ANM,WE,Federal Contract Tower,7,20,7,0,34,0,7,66,0,73,7,27,73,0,107,38,0,38,145
08/16/2002,LWS,ID,ANM,WE,Federal Contract Tower,7,20,9,0,36,0,8,75,4,87,7,28,84,4,123,36,0,36,159
08/17/2002,LWS,ID,ANM,WE,Federal Contract Tower,7,10,5,0,22,0,0,54,0,54,7,10,59,0,76,26,0,26,102
08/18/2002,LWS,ID,ANM,WE,Federal Contract Tower,7,9,7,0,23,0,2,64,0,66,7,11,71,0,89,60,0,60,149
08/19/2002,LWS,ID,ANM,WE,Federal Contract Tower,7,20,6,0,33,0,8,66,0,74,7,28,72,0,107,44,0,44,151
08/20/2002,LWS,ID,ANM,WE,Federal Contract Tower,7,22,10,0,39,0,10,43,5,58,7,32,53,5,97,55,4,59,156
08/21/2002,LWS,ID,ANM,WE,Federal Contract Tower,7,26,11,0,44,0,6,59,2,67,7,32,70,2,111,50,0,50,161
08/22/2002,LWS,ID,ANM,WE,Federal Contract Tower,7,26,10,0,43,0,5,54,2,61,7,31,64,2,104,10,0,10,114
08/23/2002,LWS,ID,ANM,WE,Federal Contract Tower,5,26,9,0,40,0,5,126,0,131,5,31,135,0,171,24,0,24,195
08/24/2002,LWS,ID,ANM,WE,Federal Contract Tower,7,9,2,0,18,0,0,41,0,41,7,9,43,0,59,106,0,106,165
08/25/2002,LWS,ID,ANM,WE,Federal Contract Tower,6,9,4,0,19,0,3,74,0,77,6,12,78,0,96,76,0,76,172
08/26/2002,LWS,ID,ANM,WE,Federal Contract Tower,5,21,7,0,33,0,6,111,0,117,5,27,118,0,150,62,0,62,212
08/27/2002,LWS,ID,ANM,WE,Federal Contract Tower,7,22,8,0,37,0,9,28,0,37,7,31,36,0,74,40,0,40,114
08/28/2002,LWS,ID,ANM,WE,Federal Contract Tower,7,25,13,0,45,0,1,36,0,37,7,26,49,0,82,64,0,64,146
08/29/2002,LWS,ID,ANM,WE,Federal Contract Tower,7,23,4,0,34,0,7,46,0,53,7,30,50,0,87,22,0,22,109
08/30/2002,LWS,ID,ANM,WE,Federal Contract Tower,7,18,3,0,28,0,6,84,0,90,7,24,87,0,118,34,0,34,152
08/31/2002,LWS,ID,ANM,WE,Federal Contract Tower,5,12,5,0,22,0,2,80,0,82,5,14,85,0,104,64,0,64,168
09/01/2002,LWS,ID,ANM,WE,Federal Contract Tower,1,12,1,0,14,0,2,62,0,64,1,14,63,0,78,78,0,78,156
09/02/2002,LWS,ID,ANM,WE,Federal Contract Tower,0,15,9,0,24,0,3,73,0,76,0,18,82,0,100,80,0,80,180
09/03/2002,LWS,ID,ANM,WE,Federal Contract Tower,0,32,9,0,41,0,4,28,0,32,0,36,37,0,73,64,0,64,137
09/04/2002,LWS,ID,ANM,WE,Federal Contract Tower,0,29,3,0,32,0,2,50,0,52,0,31,53,0,84,40,0,40,124
09/05/2002,LWS,ID,ANM,WE,Federal Contract Tower,0,34,12,0,46,0,2,85,0,87,0,36,97,0,133,64,0,64,197
09/06/2002,LWS,ID,ANM,WE,Federal Contract Tower,0,29,4,0,33,0,5,104,0,109,0,34,108,0,142,52,0,52,194
09/07/2002,LWS,ID,ANM,WE,Federal Contract Tower,0,17,6,6,29,0,2,67,3,72,0,19,73,9,101,82,10,92,193
09/08/2002,LWS,ID,ANM,WE,Federal Contract Tower,0,16,8,1,25,0,2,109,0,111,0,18,117,1,136,66,0,66,202
09/09/2002,LWS,ID,ANM,WE,Federal Contract Tower,0,30,9,0,39,0,0,51,0,51,0,30,60,0,90,38,0,38,128
09/10/2002,LWS,ID,ANM,WE,Federal Contract Tower,0,26,4,0,30,0,7,67,0,74,0,33,71,0,104,56,2,58,162
09/11/2002,LWS,ID,ANM,WE,Federal Contract Tower,0,27,2,0,29,0,8,61,0,69,0,35,63,0,98,64,0,64,162
09/12/2002,LWS,ID,ANM,WE,Federal Contract Tower,0,27,8,0,35,0,5,53,0,58,0,32,61,0,93,42,0,42,135
09/13/2002,LWS,ID,ANM,WE,Federal Contract Tower,2,29,12,0,43,0,4,49,0,53,2,33,61,0,96,42,0,42,138
09/14/2002,LWS,ID,ANM,WE,Federal Contract Tower,1,15,4,0,20,0,2,64,0,66,1,17,68,0,86,56,0,56,142
09/15/2002,LWS,ID,ANM,WE,Federal Contract Tower,0,13,1,0,14,0,2,47,0,49,0,15,48,0,63,26,0,26,89
09/16/2002,LWS,ID,ANM,WE,Federal Contract Tower,0,29,5,0,34,0,3,24,0,27,0,32,29,0,61,8,0,8,69
09/17/2002,LWS,ID,ANM,WE,Federal Contract Tower,0,32,13,0,45,0,5,38,0,43,0,37,51,0,88,8,0,8,96
09/18/2002,LWS,ID,ANM,WE,Federal Contract Tower,0,38,7,0,45,0,4,64,0,68,0,42,71,0,113,44,0,44,157
09/19/2002,LWS,ID,ANM,WE,Federal Contract Tower,0,26,5,0,31,0,5,80,0,85,0,31,85,0,116,76,0,76,192
09/20/2002,LWS,ID,ANM,WE,Federal Contract Tower,2,31,2,1,36,0,5,55,1,61,2,36,57,2,97,24,0,24,121
09/21/2002,LWS,ID,ANM,WE,Federal Contract Tower,2,12,7,0,21,0,0,131,0,131,2,12,138,0,152,64,0,64,216
09/22/2002,LWS,ID,ANM,WE,Federal Contract Tower,0,14,4,0,18,0,2,84,0,86,0,16,88,0,104,24,0,24,128
09/23/2002,LWS,ID,ANM,WE,Federal Contract Tower,0,29,1,0,30,0,0,71,0,71,0,29,72,0,101,38,0,38,139
09/24/2002,LWS,ID,ANM,WE,Federal Contract Tower,0,26,5,0,31,0,9,48,0,57,0,35,53,0,88,32,0,32,120
09/25/2002,LWS,ID,ANM,WE,Federal Contract Tower,0,28,0,2,30,0,2,70,0,72,0,30,70,2,102,20,0,20,122
09/26/2002,LWS,ID,ANM,WE,Federal Contract Tower,0,26,8,0,34,0,6,56,0,62,0,32,64,0,96,20,0,20,116
09/27/2002,LWS,ID,ANM,WE,Federal Contract Tower,2,26,9,0,37,0,8,30,0,38,2,34,39,0,75,24,0,24,99
09/28/2002,LWS,ID,ANM,WE,Federal Contract Tower,1,14,6,0,21,1,0,74,0,75,2,14,80,0,96,80,0,80,176
09/29/2002,LWS,ID,ANM,WE,Federal Contract Tower,0,14,3,0,17,0,1,46,0,47,0,15,49,0,64,0,0,0,64
09/30/2002,LWS,ID,ANM,WE,Federal Contract Tower,0,33,8,0,41,0,0,33,0,33,0,33,41,0,74,4,0,4,78
10/01/2002,LWS,ID,ANM,WE,Federal Contract Tower,0,29,8,0,37,0,4,81,0,85,0,33,89,0,122,54,0,54,176
10/02/2002,LWS,ID,ANM,WE,Federal Contract Tower,0,29,8,0,37,0,4,85,0,89,0,33,93,0,126,62,0,62,188
10/03/2002,LWS,ID,ANM,WE,Federal Contract Tower,0,31,17,0,48,0,0,32,0,32,0,31,49,0,80,24,0,24,104
10/04/2002,LWS,ID,ANM,WE,Federal Contract Tower,2,36,11,0,49,0,0,28,0,28,2,36,39,0,77,18,0,18,95
10/05/2002,LWS,ID,ANM,WE,Federal Contract Tower,2,19,9,0,30,0,0,70,0,70,2,19,79,0,100,48,0,48,148
10/06/2002,LWS,ID,ANM,WE,Federal Contract Tower,2,9,8,0,19,0,0,60,0,60,2,9,68,0,79,42,0,42,121
10/07/2002,LWS,ID,ANM,WE,Federal Contract Tower,0,27,0,0,27,0,8,60,0,68,0,35,60,0,95,74,0,74,169
10/08/2002,LWS,ID,ANM,WE,Federal Contract Tower,0,24,13,0,37,0,13,55,0,68,0,37,68,0,105,64,0,64,169
10/09/2002,LWS,ID,ANM,WE,Federal Contract Tower,0,31,13,0,44,0,6,64,4,74,0,37,77,4,118,40,16,56,174
10/10/2002,LWS,ID,ANM,WE,Federal Contract Tower,0,29,5,0,34,0,8,50,0,58,0,37,55,0,92,0,0,0,92
10/11/2002,LWS,ID,ANM,WE,Federal Contract Tower,4,32,2,0,38,0,0,90,0,90,4,32,92,0,128,44,0,44,172
10/12/2002,LWS,ID,ANM,WE,Federal Contract Tower,1,14,1,0,16,0,2,67,0,69,1,16,68,0,85,42,0,42,127
10/13/2002,LWS,ID,ANM,WE,Federal Contract Tower,0,13,6,0,19,1,0,73,0,74,1,13,79,0,93,56,0,56,149
10/14/2002,LWS,ID,ANM,WE,Federal Contract Tower,0,25,4,0,29,0,0,84,0,84,0,25,88,0,113,48,0,48,161
10/15/2002,LWS,ID,ANM,WE,Federal Contract Tower,0,28,1,0,29,0,6,77,0,83,0,34,78,0,112,28,0,28,140
10/16/2002,LWS,ID,ANM,WE,Federal Contract Tower,0,22,7,0,29,0,8,51,0,59,0,30,58,0,88,28,0,28,116
10/17/2002,LWS,ID,ANM,WE,Federal Contract Tower,0,27,7,2,36,0,4,31,0,35,0,31,38,2,71,16,0,16,87
10/18/2002,LWS,ID,ANM,WE,Federal Contract Tower,0,28,5,2,35,0,5,59,0,64,0,33,64,2,99,38,0,38,137
10/19/2002,LWS,ID,ANM,WE,Federal Contract Tower,0,15,3,0,18,0,9,57,0,66,0,24,60,0,84,28,0,28,112
10/20/2002,LWS,ID,ANM,WE,Federal Contract Tower,0,14,2,1,17,0,0,87,1,88,0,14,89,2,105,102,0,102,207
10/21/2002,LWS,ID,ANM,WE,Federal Contract Tower,0,29,5,0,34,0,6,68,0,74,0,35,73,0,108,54,0,54,162
10/22/2002,LWS,ID,ANM,WE,Federal Contract Tower,0,28,9,0,37,0,5,88,0,93,0,33,97,0,130,64,0,64,194
10/23/2002,LWS,ID,ANM,WE,Federal Contract Tower,0,29,10,0,39,0,3,66,0,69,0,32,76,0,108,26,0,26,134
10/24/2002,LWS,ID,ANM,WE,Federal Contract Tower,0,30,8,0,38,0,3,37,0,40,0,33,45,0,78,16,0,16,94
10/25/2002,LWS,ID,ANM,WE,Federal Contract Tower,3,28,5,0,36,0,2,63,0,65,3,30,68,0,101,36,0,36,137
10/26/2002,LWS,ID,ANM,WE,Federal Contract Tower,1,14,8,0,23,0,0,80,0,80,1,14,88,0,103,32,0,32,135
10/27/2002,LWS,ID,ANM,WE,Federal Contract Tower,2,16,7,0,25,0,0,72,0,72,2,16,79,0,97,48,0,48,145
10/28/2002,LWS,ID,ANM,WE,Federal Contract Tower,0,29,0,0,29,0,2,29,0,31,0,31,29,0,60,14,0,14,74
10/29/2002,LWS,ID,ANM,WE,Federal Contract Tower,0,30,7,0,37,0,0,13,0,13,0,30,20,0,50,4,0,4,54
10/30/2002,LWS,ID,ANM,WE,Federal Contract Tower,0,32,5,0,37,0,2,21,0,23,0,34,26,0,60,2,0,2,62
10/31/2002,LWS,ID,ANM,WE,Federal Contract Tower,0,29,1,0,30,0,2,53,0,55,0,31,54,0,85,26,0,26,111
11/01/2002,LWS,ID,ANM,WE,Federal Contract Tower,4,31,5,0,40,0,11,46,0,57,4,42,51,0,97,32,0,32,129
11/02/2002,LWS,ID,ANM,WE,Federal Contract Tower,2,15,5,0,22,0,0,62,0,62,2,15,67,0,84,44,0,44,128
11/03/2002,LWS,ID,ANM,WE,Federal Contract Tower,0,15,2,0,17,0,0,56,0,56,0,15,58,0,73,24,0,24,97
11/04/2002,LWS,ID,ANM,WE,Federal Contract Tower,0,30,6,0,36,0,0,112,0,112,0,30,118,0,148,44,0,44,192
11/05/2002,LWS,ID,ANM,WE,Federal Contract Tower,0,32,2,0,34,0,2,59,0,61,0,34,61,0,95,10,0,10,105
11/06/2002,LWS,ID,ANM,WE,Federal Contract Tower,0,33,2,0,35,0,0,42,0,42,0,33,44,0,77,44,0,44,121
11/07/2002,LWS,ID,ANM,WE,Federal Contract Tower,0,31,6,0,37,0,4,14,0,18,0,35,20,0,55,6,0,6,61
11/08/2002,LWS,ID,ANM,WE,Federal Contract Tower,4,34,5,0,43,0,9,16,0,25,4,43,21,0,68,0,0,0,68
11/09/2002,LWS,ID,ANM,WE,Federal Contract Tower,2,17,0,0,19,0,0,16,0,16,2,17,16,0,35,10,0,10,45
11/10/2002,LWS,ID,ANM,WE,Federal Contract Tower,0,15,2,0,17,0,0,26,0,26,0,15,28,0,43,4,0,4,47
11/11/2002,LWS,ID,ANM,WE,Federal Contract Tower,0,26,6,0,32,0,0,48,0,48,0,26,54,0,80,94,0,94,174
11/12/2002,LWS,ID,ANM,WE,Federal Contract Tower,0,35,10,0,45,0,1,32,0,33,0,36,42,0,78,36,0,36,114
11/13/2002,LWS,ID,ANM,WE,Federal Contract Tower,0,32,4,0,36,0,1,47,0,48,0,33,51,0,84,50,0,50,134
11/14/2002,LWS,ID,ANM,WE,Federal Contract Tower,0,32,1,0,33,0,4,7,0,11,0,36,8,0,44,0,0,0,44
11/15/2002,LWS,ID,ANM,WE,Federal Contract Tower,1,33,1,0,35,0,10,43,0,53,1,43,44,0,88,22,0,22,110
11/16/2002,LWS,ID,ANM,WE,Federal Contract Tower,1,10,6,2,19,0,11,8,0,19,1,21,14,2,38,12,0,12,50
11/17/2002,LWS,ID,ANM,WE,Federal Contract Tower,0,13,6,0,19,0,8,21,7,36,0,21,27,7,55,22,0,22,77
11/18/2002,LWS,ID,ANM,WE,Federal Contract Tower,0,30,3,0,33,0,4,21,0,25,0,34,24,0,58,10,0,10,68
11/19/2002,LWS,ID,ANM,WE,Federal Contract Tower,0,33,14,0,47,0,7,28,0,35,0,40,42,0,82,30,0,30,112
11/20/2002,LWS,ID,ANM,WE,Federal Contract Tower,0,33,8,0,41,0,7,37,0,44,0,40,45,0,85,36,0,36,121
11/21/2002,LWS,ID,ANM,WE,Federal Contract Tower,0,33,3,0,36,0,6,38,2,46,0,39,41,2,82,46,0,46,128
11/22/2002,LWS,ID,ANM,WE,Federal Contract Tower,3,35,4,0,42,0,9,19,0,28,3,44,23,0,70,40,0,40,110
11/23/2002,LWS,ID,ANM,WE,Federal Contract Tower,2,22,5,0,29,0,0,33,0,33,2,22,38,0,62,56,0,56,118
11/24/2002,LWS,ID,ANM,WE,Federal Contract Tower,1,14,5,0,20,0,0,28,0,28,1,14,33,0,48,46,0,46,94
11/25/2002,LWS,ID,ANM,WE,Federal Contract Tower,0,29,4,0,33,0,1,63,0,64,0,30,67,0,97,98,0,98,195
11/26/2002,LWS,ID,ANM,WE,Federal Contract Tower,0,31,7,0,38,0,3,40,0,43,0,34,47,0,81,28,0,28,109
11/27/2002,LWS,ID,ANM,WE,Federal Contract Tower,0,32,10,1,43,0,0,20,1,21,0,32,30,2,64,14,0,14,78
11/28/2002,LWS,ID,ANM,WE,Federal Contract Tower,0,13,3,0,16,0,0,12,0,12,0,13,15,0,28,6,0,6,34
11/29/2002,LWS,ID,ANM,WE,Federal Contract Tower,0,36,7,0,43,0,0,17,0,17,0,36,24,0,60,4,0,4,64
11/30/2002,LWS,ID,ANM,WE,Federal Contract Tower,0,17,3,0,20,0,0,1,0,1,0,17,4,0,21,0,0,0,21
12/01/2002,LWS,ID,ANM,WE,Federal Contract Tower,0,19,7,0,26,0,0,0,0,0,0,19,7,0,26,0,0,0,26
12/02/2002,LWS,ID,ANM,WE,Federal Contract Tower,0,35,5,2,42,0,0,1,0,1,0,35,6,2,43,0,0,0,43
12/03/2002,LWS,ID,ANM,WE,Federal Contract Tower,0,33,9,0,42,0,0,4,0,4,0,33,13,0,46,0,0,0,46
12/04/2002,LWS,ID,ANM,WE,Federal Contract Tower,0,33,8,0,41,0,0,9,0,9,0,33,17,0,50,2,0,2,52
12/05/2002,LWS,ID,ANM,WE,Federal Contract Tower,0,40,9,0,49,0,0,17,0,17,0,40,26,0,66,4,0,4,70
12/06/2002,LWS,ID,ANM,WE,Federal Contract Tower,2,34,16,0,52,0,0,0,0,0,2,34,16,0,52,16,0,16,68
12/07/2002,LWS,ID,ANM,WE,Federal Contract Tower,0,17,0,0,17,0,0,0,0,0,0,17,0,0,17,0,0,0,17
12/08/2002,LWS,ID,ANM,WE,Federal Contract Tower,0,18,5,0,23,0,0,32,0,32,0,18,37,0,55,52,0,52,107
12/09/2002,LWS,ID,ANM,WE,Federal Contract Tower,0,28,6,0,34,0,0,23,0,23,0,28,29,0,57,26,0,26,83
12/10/2002,LWS,ID,ANM,WE,Federal Contract Tower,0,34,12,0,46,0,3,22,0,25,0,37,34,0,71,4,0,4,75
12/11/2002,LWS,ID,ANM,WE,Federal Contract Tower,0,32,4,1,37,0,6,12,1,19,0,38,16,2,56,14,0,14,70
12/12/2002,LWS,ID,ANM,WE,Federal Contract Tower,0,38,7,0,45,0,5,22,0,27,0,43,29,0,72,12,0,12,84
12/13/2002,LWS,ID,ANM,WE,Federal Contract Tower,0,34,8,0,42,0,7,15,0,22,0,41,23,0,64,0,0,0,64
12/14/2002,LWS,ID,ANM,WE,Federal Contract Tower,0,17,3,0,20,0,5,13,0,18,0,22,16,0,38,0,0,0,38
12/15/2002,LWS,ID,ANM,WE,Federal Contract Tower,0,14,0,0,14,0,0,64,0,64,0,14,64,0,78,52,0,52,130
12/16/2002,LWS,ID,ANM,WE,Federal Contract Tower,0,31,2,0,33,0,3,13,0,16,0,34,15,0,49,0,0,0,49
12/17/2002,LWS,ID,ANM,WE,Federal Contract Tower,0,32,10,0,42,0,2,45,0,47,0,34,55,0,89,34,0,34,123
12/18/2002,LWS,ID,ANM,WE,Federal Contract Tower,0,33,2,6,41,0,9,49,0,58,0,42,51,6,99,8,0,8,107
12/19/2002,LWS,ID,ANM,WE,Federal Contract Tower,0,30,6,0,36,0,7,18,0,25,0,37,24,0,61,2,0,2,63
12/20/2002,LWS,ID,ANM,WE,Federal Contract Tower,0,30,10,2,42,0,7,51,2,60,0,37,61,4,102,72,0,72,174
12/21/2002,LWS,ID,ANM,WE,Federal Contract Tower,0,21,3,0,24,0,3,15,0,18,0,24,18,0,42,10,0,10,52
12/22/2002,LWS,ID,ANM,WE,Federal Contract Tower,0,18,5,0,23,0,2,22,0,24,0,20,27,0,47,0,0,0,47
12/23/2002,LWS,ID,ANM,WE,Federal Contract Tower,0,28,6,0,34,0,0,24,0,24,0,28,30,0,58,4,0,4,62
12/24/2002,LWS,ID,ANM,WE,Federal Contract Tower,0,27,0,0,27,0,0,58,0,58,0,27,58,0,85,8,0,8,93
12/25/2002,LWS,ID,ANM,WE,Federal Contract Tower,0,12,1,0,13,0,0,17,0,17,0,12,18,0,30,0,0,0,30
12/26/2002,LWS,ID,ANM,WE,Federal Contract Tower,0,30,5,0,35,0,3,14,0,17,0,33,19,0,52,4,0,4,56
12/27/2002,LWS,ID,ANM,WE,Federal Contract Tower,0,28,0,0,28,0,0,6,0,6,0,28,6,0,34,0,0,0,34
12/28/2002,LWS,ID,ANM,WE,Federal Contract Tower,0,20,0,0,20,0,0,8,0,8,0,20,8,0,28,16,0,16,44
12/29/2002,LWS,ID,ANM,WE,Federal Contract Tower,0,16,3,0,19,0,0,6,0,6,0,16,9,0,25,8,0,8,33
12/30/2002,LWS,ID,ANM,WE,Federal Contract Tower,0,30,0,0,30,0,4,0,0,4,0,34,0,0,34,0,0,0,34
12/31/2002,LWS,ID,ANM,WE,Federal Contract Tower,0,28,0,0,28,0,6,20,0,26,0,34,20,0,54,4,0,4,58
01/01/2003,LWS,ID,ANM,WE,Federal Contract Tower,0,10,4,0,14,0,1,26,0,27,0,11,30,0,41,25,0,25,66
01/02/2003,LWS,ID,ANM,WE,Federal Contract Tower,0,29,0,2,31,0,1,31,0,32,0,30,31,2,63,22,4,26,89
01/03/2003,LWS,ID,ANM,WE,Federal Contract Tower,0,34,0,0,34,0,0,52,0,52,0,34,52,0,86,24,0,24,110
01/04/2003,LWS,ID,ANM,WE,Federal Contract Tower,0,18,5,0,23,0,0,24,0,24,0,18,29,0,47,28,0,28,75
01/05/2003,LWS,ID,ANM,WE,Federal Contract Tower,0,18,1,0,19,0,0,80,0,80,0,18,81,0,99,118,0,118,217
01/06/2003,LWS,ID,ANM,WE,Federal Contract Tower,0,26,10,2,38,0,10,51,0,61,0,36,61,2,99,202,18,220,319
01/07/2003,LWS,ID,ANM,WE,Federal Contract Tower,0,29,8,0,37,0,8,73,0,81,0,37,81,0,118,234,0,234,352
01/08/2003,LWS,ID,ANM,WE,Federal Contract Tower,0,39,8,0,47,0,0,0,0,0,0,39,8,0,47,110,0,110,157
01/09/2003,LWS,ID,ANM,WE,Federal Contract Tower,0,33,6,0,39,0,0,72,0,72,0,33,78,0,111,238,0,238,349
01/10/2003,LWS,ID,ANM,WE,Federal Contract Tower,0,34,12,2,48,0,4,40,0,44,0,38,52,2,92,52,0,52,144
01/11/2003,LWS,ID,ANM,WE,Federal Contract Tower,0,19,2,0,21,0,7,32,0,39,0,26,34,0,60,22,0,22,82
01/12/2003,LWS,ID,ANM,WE,Federal Contract Tower,0,12,3,2,17,0,0,29,0,29,0,12,32,2,46,38,0,38,84
01/13/2003,LWS,ID,ANM,WE,Federal Contract Tower,0,29,5,0,34,0,0,32,0,32,0,29,37,0,66,16,0,16,82
01/14/2003,LWS,ID,ANM,WE,Federal Contract Tower,0,39,5,0,44,0,0,9,0,9,0,39,14,0,53,8,0,8,61
01/15/2003,LWS,ID,ANM,WE,Federal Contract Tower,0,33,6,0,39,0,1,20,0,21,0,34,26,0,60,46,0,46,106
01/16/2003,LWS,ID,ANM,WE,Federal Contract Tower,0,34,7,0,41,0,5,12,0,17,0,39,19,0,58,24,0,24,82
01/17/2003,LWS,ID,ANM,WE,Federal Contract Tower,0,36,9,0,45,0,6,7,0,13,0,42,16,0,58,22,0,22,80
01/18/2003,LWS,ID,ANM,WE,Federal Contract Tower,2,18,12,0,32,0,0,36,0,36,2,18,48,0,68,48,0,48,116
01/19/2003,LWS,ID,ANM,WE,Federal Contract Tower,0,18,1,0,19,0,0,63,0,63,0,18,64,0,82,68,0,68,150
01/20/2003,LWS,ID,ANM,WE,Federal Contract Tower,0,29,4,0,33,0,4,72,0,76,0,33,76,0,109,74,0,74,183
01/21/2003,LWS,ID,ANM,WE,Federal Contract Tower,0,37,6,0,43,0,0,13,0,13,0,37,19,0,56,2,0,2,58
01/22/2003,LWS,ID,ANM,WE,Federal Contract Tower,0,31,1,0,32,0,2,10,0,12,0,33,11,0,44,16,0,16,60
01/23/2003,LWS,ID,ANM,WE,Federal Contract Tower,0,28,10,0,38,0,0,10,0,10,0,28,20,0,48,26,0,26,74
01/24/2003,LWS,ID,ANM,WE,Federal Contract Tower,0,29,3,0,32,0,7,17,0,24,0,36,20,0,56,0,0,0,56
01/25/2003,LWS,ID,ANM,WE,Federal Contract Tower,0,21,9,0,30,0,0,53,0,53,0,21,62,0,83,40,0,40,123
01/26/2003,LWS,ID,ANM,WE,Federal Contract Tower,0,19,2,0,21,0,0,2,0,2,0,19,4,0,23,0,0,0,23
01/27/2003,LWS,ID,ANM,WE,Federal Contract Tower,0,29,4,0,33,0,3,37,0,40,0,32,41,0,73,94,0,94,167
01/28/2003,LWS,ID,ANM,WE,Federal Contract Tower,0,30,5,0,35,0,8,43,0,51,0,38,48,0,86,102,0,102,188
01/29/2003,LWS,ID,ANM,WE,Federal Contract Tower,0,31,3,0,34,0,2,25,0,27,0,33,28,0,61,16,0,16,77
01/30/2003,LWS,ID,ANM,WE,Federal Contract Tower,0,34,2,0,36,0,16,18,0,34,0,50,20,0,70,24,0,24,94
01/31/2003,LWS,ID,ANM,WE,Federal Contract Tower,0,32,11,0,43,0,0,16,0,16,0,32,27,0,59,0,0,0,59
02/01/2003,LWS,ID,ANM,WE,Federal Contract Tower,0,17,9,0,26,0,3,41,0,44,0,20,50,0,70,60,0,60,130
02/02/2003,LWS,ID,ANM,WE,Federal Contract Tower,0,12,4,0,16,0,0,60,0,60,0,12,64,0,76,82,0,82,158
02/03/2003,LWS,ID,ANM,WE,Federal Contract Tower,0,32,3,0,35,0,1,39,0,40,0,33,42,0,75,16,0,16,91
02/04/2003,LWS,ID,ANM,WE,Federal Contract Tower,0,29,8,0,37,0,6,25,0,31,0,35,33,0,68,22,0,22,90
02/05/2003,LWS,ID,ANM,WE,Federal Contract Tower,0,28,8,0,36,0,3,41,0,44,0,31,49,0,80,36,0,36,116
02/06/2003,LWS,ID,ANM,WE,Federal Contract Tower,0,29,4,0,33,0,4,18,0,22,0,33,22,0,55,10,0,10,65
02/07/2003,LWS,ID,ANM,WE,Federal Contract Tower,0,31,6,0,37,0,0,50,0,50,0,31,56,0,87,18,0,18,105
02/08/2003,LWS,ID,ANM,WE,Federal Contract Tower,0,14,7,0,21,0,6,43,0,49,0,20,50,0,70,22,0,22,92
02/09/2003,LWS,ID,ANM,WE,Federal Contract Tower,0,12,1,0,13,0,6,73,0,79,0,18,74,0,92,106,0,106,198
02/10/2003,LWS,ID,ANM,WE,Federal Contract Tower,0,28,2,0,30,0,8,54,0,62,0,36,56,0,92,72,0,72,164
02/11/2003,LWS,ID,ANM,WE,Federal Contract Tower,0,26,5,0,31,0,9,112,0,121,0,35,117,0,152,104,0,104,256
02/12/2003,LWS,ID,ANM,WE,Federal Contract Tower,0,25,2,0,27,0,6,89,0,95,0,31,91,0,122,16,0,16,138
02/13/2003,LWS,ID,ANM,WE,Federal Contract Tower,0,29,11,0,40,0,4,29,0,33,0,33,40,0,73,20,0,20,93
02/14/2003,LWS,ID,ANM,WE,Federal Contract Tower,0,36,2,0,38,0,0,26,0,26,0,36,28,0,64,24,0,24,88
02/15/2003,LWS,ID,ANM,WE,Federal Contract Tower,0,15,10,0,25,0,9,59,0,68,0,24,69,0,93,54,0,54,147
02/16/2003,LWS,ID,ANM,WE,Federal Contract Tower,0,12,2,0,14,0,18,58,0,76,0,30,60,0,90,42,0,42,132
02/17/2003,LWS,ID,ANM,WE,Federal Contract Tower,0,23,2,0,25,0,0,34,0,34,0,23,36,0,59,0,0,0,59
02/18/2003,LWS,ID,ANM,WE,Federal Contract Tower,0,31,9,0,40,0,3,24,0,27,0,34,33,0,67,6,0,6,73
02/19/2003,LWS,ID,ANM,WE,Federal Contract Tower,0,31,2,0,33,0,0,30,0,30,0,31,32,0,63,14,0,14,77
02/20/2003,LWS,ID,ANM,WE,Federal Contract Tower,0,31,7,0,38,0,1,14,1,16,0,32,21,1,54,10,2,12,66
02/21/2003,LWS,ID,ANM,WE,Federal Contract Tower,0,27,4,0,31,0,5,24,1,30,0,32,28,1,61,0,0,0,61
02/22/2003,LWS,ID,ANM,WE,Federal Contract Tower,0,14,3,0,17,0,8,27,0,35,0,22,30,0,52,8,0,8,60
02/23/2003,LWS,ID,ANM,WE,Federal Contract Tower,0,13,9,0,22,0,13,55,0,68,0,26,64,0,90,38,0,38,128
02/24/2003,LWS,ID,ANM,WE,Federal Contract Tower,0,26,4,0,30,0,10,70,0,80,0,36,74,0,110,66,0,66,176
02/25/2003,LWS,ID,ANM,WE,Federal Contract Tower,0,25,4,0,29,0,12,73,0,85,0,37,77,0,114,30,0,30,144
02/26/2003,LWS,ID,ANM,WE,Federal Contract Tower,1,25,5,0,31,1,10,64,0,75,2,35,69,0,106,32,0,32,138
02/27/2003,LWS,ID,ANM,WE,Federal Contract Tower,0,28,2,4,34,0,3,35,0,38,0,31,37,4,72,12,0,12,84
02/28/2003,LWS,ID,ANM,WE,Federal Contract Tower,0,31,6,0,37,1,0,23,0,24,1,31,29,0,61,18,0,18,79
03/01/2003,LWS,ID,ANM,WE,Federal Contract Tower,0,14,6,0,20,0,11,20,0,31,0,25,26,0,51,0,0,0,51
03/02/2003,LWS,ID,ANM,WE,Federal Contract Tower,0,12,0,0,12,0,0,64,2,66,0,12,64,2,78,98,0,98,176
03/03/2003,LWS,ID,ANM,WE,Federal Contract Tower,0,34,7,0,41,0,2,49,0,51,0,36,56,0,92,34,0,34,126
03/04/2003,LWS,ID,ANM,WE,Federal Contract Tower,0,29,7,0,36,0,1,38,0,39,0,30,45,0,75,30,0,30,105
03/05/2003,LWS,ID,ANM,WE,Federal Contract Tower,0,28,2,0,30,0,4,13,0,17,0,32,15,0,47,6,0,6,53
03/06/2003,LWS,ID,ANM,WE,Federal Contract Tower,0,31,5,0,36,0,5,8,0,13,0,36,13,0,49,0,0,0,49
03/07/2003,LWS,ID,ANM,WE,Federal Contract Tower,0,34,0,0,34,0,0,4,0,4,0,34,4,0,38,0,0,0,38
03/08/2003,LWS,ID,ANM,WE,Federal Contract Tower,0,14,1,0,15,0,0,2,0,2,0,14,3,0,17,2,0,2,19
03/09/2003,LWS,ID,ANM,WE,Federal Contract Tower,0,12,1,0,13,0,0,18,0,18,0,12,19,0,31,8,0,8,39
03/10/2003,LWS,ID,ANM,WE,Federal Contract Tower,0,28,5,0,33,0,2,40,0,42,0,30,45,0,75,52,0,52,127
03/11/2003,LWS,ID,ANM,WE,Federal Contract Tower,0,29,5,0,34,0,7,80,0,87,0,36,85,0,121,40,0,40,161
03/12/2003,LWS,ID,ANM,WE,Federal Contract Tower,0,28,8,0,36,0,7,40,0,47,0,35,48,0,83,50,0,50,133
03/13/2003,LWS,ID,ANM,WE,Federal Contract Tower,0,28,5,0,33,0,3,42,0,45,0,31,47,0,78,10,0,10,88
03/14/2003,LWS,ID,ANM,WE,Federal Contract Tower,0,29,1,0,30,0,1,37,0,38,0,30,38,0,68,8,0,8,76
03/15/2003,LWS,ID,ANM,WE,Federal Contract Tower,0,14,3,0,17,0,0,41,0,41,0,14,44,0,58,28,0,28,86
03/16/2003,LWS,ID,ANM,WE,Federal Contract Tower,0,15,1,0,16,0,0,58,0,58,0,15,59,0,74,68,0,68,142
03/17/2003,LWS,ID,ANM,WE,Federal Contract Tower,0,27,4,0,31,0,2,79,0,81,0,29,83,0,112,64,0,64,176
03/18/2003,LWS,ID,ANM,WE,Federal Contract Tower,0,28,7,1,36,0,8,96,1,105,0,36,103,2,141,128,18,146,287
03/19/2003,LWS,ID,ANM,WE,Federal Contract Tower,0,29,10,2,41,0,6,67,0,73,0,35,77,2,114,34,0,34,148
03/20/2003,LWS,ID,ANM,WE,Federal Contract Tower,0,26,5,0,31,0,5,30,0,35,0,31,35,0,66,14,0,14,80
03/21/2003,LWS,ID,ANM,WE,Federal Contract Tower,0,29,10,0,39,0,2,33,0,35,0,31,43,0,74,14,0,14,88
03/22/2003,LWS,ID,ANM,WE,Federal Contract Tower,0,17,1,0,18,0,4,27,0,31,0,21,28,0,49,26,0,26,75
03/23/2003,LWS,ID,ANM,WE,Federal Contract Tower,0,14,3,0,17,0,3,23,0,26,0,17,26,0,43,16,0,16,59
03/24/2003,LWS,ID,ANM,WE,Federal Contract Tower,0,25,3,4,32,0,1,41,0,42,0,26,44,4,74,38,0,38,112
03/25/2003,LWS,ID,ANM,WE,Federal Contract Tower,0,27,9,0,36,0,7,41,0,48,0,34,50,0,84,10,0,10,94
03/26/2003,LWS,ID,ANM,WE,Federal Contract Tower,0,26,3,1,30,0,4,17,1,22,0,30,20,2,52,12,6,18,70
03/27/2003,LWS,ID,ANM,WE,Federal Contract Tower,0,27,5,0,32,0,1,33,0,34,0,28,38,0,66,20,0,20,86
03/28/2003,LWS,ID,ANM,WE,Federal Contract Tower,0,26,7,0,33,0,2,57,0,59,0,28,64,0,92,52,0,52,144
03/29/2003,LWS,ID,ANM,WE,Federal Contract Tower,0,14,5,0,19,0,5,67,0,72,0,19,72,0,91,34,0,34,125
03/30/2003,LWS,ID,ANM,WE,Federal Contract Tower,0,12,0,0,12,0,2,68,0,70,0,14,68,0,82,64,0,64,146
03/31/2003,LWS,ID,ANM,WE,Federal Contract Tower,0,26,2,0,28,0,2,40,0,42,0,28,42,0,70,44,0,44,114
04/01/2003,LWS,ID,ANM,WE,Federal Contract Tower,0,29,7,0,36,0,9,57,0,66,0,38,64,0,102,34,0,34,136
04/02/2003,LWS,ID,ANM,WE,Federal Contract Tower,0,31,3,2,36,0,3,27,2,32,0,34,30,4,68,4,26,30,98
04/03/2003,LWS,ID,ANM,WE,Federal Contract Tower,0,25,14,0,39,0,4,37,0,41,0,29,51,0,80,32,0,32,112
04/04/2003,LWS,ID,ANM,WE,Federal Contract Tower,0,29,4,0,33,0,5,63,0,68,0,34,67,0,101,28,0,28,129
04/05/2003,LWS,ID,ANM,WE,Federal Contract Tower,0,15,8,0,23,0,0,44,0,44,0,15,52,0,67,18,0,18,85
04/06/2003,LWS,ID,ANM,WE,Federal Contract Tower,0,12,4,0,16,0,0,54,0,54,0,12,58,0,70,36,0,36,106
04/07/2003,LWS,ID,ANM,WE,Federal Contract Tower,0,24,9,0,33,0,4,83,0,87,0,28,92,0,120,88,0,88,208
04/08/2003,LWS,ID,ANM,WE,Federal Contract Tower,0,25,5,0,30,0,3,63,0,66,0,28,68,0,96,36,0,36,132
04/09/2003,LWS,ID,ANM,WE,Federal Contract Tower,0,25,2,0,27,0,4,33,0,37,0,29,35,0,64,12,0,12,76
04/10/2003,LWS,ID,ANM,WE,Federal Contract Tower,0,26,7,0,33,0,2,50,0,52,0,28,57,0,85,38,0,38,123
04/11/2003,LWS,ID,ANM,WE,Federal Contract Tower,0,24,6,0,30,0,2,42,0,44,0,26,48,0,74,42,0,42,116
04/12/2003,LWS,ID,ANM,WE,Federal Contract Tower,0,12,6,0,18,0,0,38,0,38,0,12,44,0,56,18,0,18,74
04/13/2003,LWS,ID,ANM,WE,Federal Contract Tower,0,13,1,0,14,0,1,66,0,67,0,14,67,0,81,36,0,36,117
04/14/2003,LWS,ID,ANM,WE,Federal Contract Tower,0,28,7,0,35,0,10,80,0,90,0,38,87,0,125,82,0,82,207
04/15/2003,LWS,ID,ANM,WE,Federal Contract Tower,0,26,9,0,35,0,6,73,0,79,0,32,82,0,114,38,0,38,152
04/16/2003,LWS,ID,ANM,WE,Federal Contract Tower,0,30,5,0,35,0,6,81,0,87,0,36,86,0,122,36,0,36,158
04/17/2003,LWS,ID,ANM,WE,Federal Contract Tower,0,24,2,0,26,0,4,40,0,44,0,28,42,0,70,42,0,42,112
04/18/2003,LWS,ID,ANM,WE,Federal Contract Tower,0,28,2,0,30,0,5,36,0,41,0,33,38,0,71,48,0,48,119
04/19/2003,LWS,ID,ANM,WE,Federal Contract Tower,0,12,2,0,14,0,0,95,0,95,0,12,97,0,109,72,0,72,181
04/20/2003,LWS,ID,ANM,WE,Federal Contract Tower,0,9,7,0,16,0,0,61,0,61,0,9,68,0,77,34,0,34,111
04/21/2003,LWS,ID,ANM,WE,Federal Contract Tower,0,24,3,0,27,0,4,95,0,99,0,28,98,0,126,56,0,56,182
04/22/2003,LWS,ID,ANM,WE,Federal Contract Tower,0,26,14,0,40,0,8,77,0,85,0,34,91,0,125,62,0,62,187
04/23/2003,LWS,ID,ANM,WE,Federal Contract Tower,0,24,1,3,28,0,4,87,1,92,0,28,88,4,120,142,34,176,296
04/24/2003,LWS,ID,ANM,WE,Federal Contract Tower,0,25,13,0,38,0,8,49,0,57,0,33,62,0,95,34,0,34,129
04/25/2003,LWS,ID,ANM,WE,Federal Contract Tower,0,29,5,0,34,0,4,66,0,70,0,33,71,0,104,64,0,64,168
04/26/2003,LWS,ID,ANM,WE,Federal Contract Tower,0,14,3,0,17,0,0,9,0,9,0,14,12,0,26,0,0,0,26
04/27/2003,LWS,ID,ANM,WE,Federal Contract Tower,0,12,0,0,12,0,0,82,0,82,0,12,82,0,94,68,0,68,162
04/28/2003,LWS,ID,ANM,WE,Federal Contract Tower,0,24,7,0,31,0,4,107,0,111,0,28,114,0,142,88,0,88,230
04/29/2003,LWS,ID,ANM,WE,Federal Contract Tower,0,20,4,0,24,0,8,87,0,95,0,28,91,0,119,52,0,52,171
04/30/2003,LWS,ID,ANM,WE,Federal Contract Tower,0,24,4,0,28,0,8,61,0,69,0,32,65,0,97,28,0,28,125
05/01/2003,LWS,ID,ANM,WE,Federal Contract Tower,0,28,7,0,35,0,9,77,0,86,0,37,84,0,121,32,0,32,153
05/02/2003,LWS,ID,ANM,WE,Federal Contract Tower,0,21,5,0,26,0,8,27,0,35,0,29,32,0,61,68,0,68,129
05/03/2003,LWS,ID,ANM,WE,Federal Contract Tower,2,10,2,3,17,0,2,61,1,64,2,12,63,4,81,18,12,30,111
05/04/2003,LWS,ID,ANM,WE,Federal Contract Tower,0,16,6,2,24,0,0,52,0,52,0,16,58,2,76,42,0,42,118
05/05/2003,LWS,ID,ANM,WE,Federal Contract Tower,2,26,4,0,32,0,4,58,0,62,2,30,62,0,94,8,0,8,102
05/06/2003,LWS,ID,ANM,WE,Federal Contract Tower,0,23,8,0,31,0,5,48,0,53,0,28,56,0,84,26,0,26,110
05/07/2003,LWS,ID,ANM,WE,Federal Contract Tower,0,27,4,0,31,0,9,94,2,105,0,36,98,2,136,32,0,32,168
05/08/2003,LWS,ID,ANM,WE,Federal Contract Tower,0,26,4,0,30,0,4,36,0,40,0,30,40,0,70,14,0,14,84
05/09/2003,LWS,ID,ANM,WE,Federal Contract Tower,0,27,6,0,33,0,5,91,0,96,0,32,97,0,129,62,0,62,191
05/10/2003,LWS,ID,ANM,WE,Federal Contract Tower,0,12,3,0,15,0,2,131,0,133,0,14,134,0,148,46,0,46,194
05/11/2003,LWS,ID,ANM,WE,Federal Contract Tower,0,14,2,0,16,0,0,56,0,56,0,14,58,0,72,38,0,38,110
05/12/2003,LWS,ID,ANM,WE,Federal Contract Tower,0,31,5,0,36,0,3,51,0,54,0,34,56,0,90,6,0,6,96
05/13/2003,LWS,ID,ANM,WE,Federal Contract Tower,0,22,6,0,28,0,2,102,2,106,0,24,108,2,134,38,0,38,172
05/14/2003,LWS,ID,ANM,WE,Federal Contract Tower,0,27,4,1,32,0,11,94,3,108,0,38,98,4,140,52,0,52,192
05/15/2003,LWS,ID,ANM,WE,Federal Contract Tower,0,23,10,0,33,0,10,66,0,76,0,33,76,0,109,12,0,12,121
05/16/2003,LWS,ID,ANM,WE,Federal Contract Tower,0,21,7,2,30,0,11,74,0,85,0,32,81,2,115,32,4,36,151
05/17/2003,LWS,ID,ANM,WE,Federal Contract Tower,0,14,1,0,15,0,0,191,0,191,0,14,192,0,206,28,0,28,234
05/18/2003,LWS,ID,ANM,WE,Federal Contract Tower,0,12,5,0,17,0,0,50,0,50,0,12,55,0,67,24,0,24,91
05/19/2003,LWS,ID,ANM,WE,Federal Contract Tower,0,24,7,0,31,0,4,90,0,94,0,28,97,0,125,32,0,32,157
05/20/2003,LWS,ID,ANM,WE,Federal Contract Tower,0,21,4,0,25,0,9,80,0,89,0,30,84,0,114,38,0,38,152
05/21/2003,LWS,ID,ANM,WE,Federal Contract Tower,0,20,6,0,26,0,4,72,0,76,0,24,78,0,102,44,0,44,146
05/22/2003,LWS,ID,ANM,WE,Federal Contract Tower,0,20,10,0,30,0,8,82,2,92,0,28,92,2,122,58,12,70,192
05/23/2003,LWS,ID,ANM,WE,Federal Contract Tower,0,20,8,0,28,0,10,95,0,105,0,30,103,0,133,52,0,52,185
05/24/2003,LWS,ID,ANM,WE,Federal Contract Tower,0,11,2,0,13,0,0,90,0,90,0,11,92,0,103,14,0,14,117
05/25/2003,LWS,ID,ANM,WE,Federal Contract Tower,0,9,4,0,13,0,0,70,0,70,0,9,74,0,83,38,0,38,121
05/26/2003,LWS,ID,ANM,WE,Federal Contract Tower,0,15,3,0,18,0,0,85,0,85,0,15,88,0,103,18,0,18,121
05/27/2003,LWS,ID,ANM,WE,Federal Contract Tower,0,23,11,1,35,0,8,85,7,100,0,31,96,8,135,36,0,36,171
05/28/2003,LWS,ID,ANM,WE,Federal Contract Tower,0,26,6,0,32,0,6,86,0,92,0,32,92,0,124,14,0,14,138
05/29/2003,LWS,ID,ANM,WE,Federal Contract Tower,0,23,7,0,30,0,15,111,0,126,0,38,118,0,156,52,0,52,208
05/30/2003,LWS,ID,ANM,WE,Federal Contract Tower,0,24,4,2,30,0,9,28,0,37,0,33,32,2,67,40,0,40,107
05/31/2003,LWS,ID,ANM,WE,Federal Contract Tower,0,12,3,0,15,0,0,78,2,80,0,12,81,2,95,22,0,22,117
06/01/2003,LWS,ID,ANM,WE,Federal Contract Tower,0,12,6,0,18,0,0,82,0,82,0,12,88,0,100,78,0,78,178
06/02/2003,LWS,ID,ANM,WE,Federal Contract Tower,0,25,0,0,25,0,1,108,0,109,0,26,108,0,134,68,0,68,202
06/03/2003,LWS,ID,ANM,WE,Federal Contract Tower,0,25,7,0,32,0,12,117,0,129,0,37,124,0,161,28,0,28,189
06/04/2003,LWS,ID,ANM,WE,Federal Contract Tower,0,26,1,0,27,0,16,121,0,137,0,42,122,0,164,18,0,18,182
06/05/2003,LWS,ID,ANM,WE,Federal Contract Tower,0,24,4,0,28,0,11,98,0,109,0,35,102,0,137,62,0,62,199
06/06/2003,LWS,ID,ANM,WE,Federal Contract Tower,0,26,11,0,37,0,6,85,0,91,0,32,96,0,128,46,0,46,174
06/07/2003,LWS,ID,ANM,WE,Federal Contract Tower,0,11,2,0,13,0,5,79,0,84,0,16,81,0,97,34,0,34,131
06/08/2003,LWS,ID,ANM,WE,Federal Contract Tower,0,10,2,0,12,0,0,86,0,86,0,10,88,0,98,28,0,28,126
06/09/2003,LWS,ID,ANM,WE,Federal Contract Tower,0,24,3,0,27,0,0,92,0,92,0,24,95,0,119,42,0,42,161
06/10/2003,LWS,ID,ANM,WE,Federal Contract Tower,0,21,11,0,32,0,6,71,0,77,0,27,82,0,109,26,0,26,135
06/11/2003,LWS,ID,ANM,WE,Federal Contract Tower,0,21,4,0,25,0,6,90,0,96,0,27,94,0,121,54,0,54,175
06/12/2003,LWS,ID,ANM,WE,Federal Contract Tower,0,19,4,0,23,0,16,77,0,93,0,35,81,0,116,38,0,38,154
06/13/2003,LWS,ID,ANM,WE,Federal Contract Tower,0,24,0,0,24,0,5,33,0,38,0,29,33,0,62,18,0,18,80
06/14/2003,LWS,ID,ANM,WE,Federal Contract Tower,0,10,3,0,13,0,0,93,0,93,0,10,96,0,106,48,0,48,154
06/15/2003,LWS,ID,ANM,WE,Federal Contract Tower,0,10,1,4,15,0,2,107,0,109,0,12,108,4,124,42,0,42,166
06/16/2003,LWS,ID,ANM,WE,Federal Contract Tower,0,22,7,0,29,0,12,91,0,103,0,34,98,0,132,58,0,58,190
06/17/2003,LWS,ID,ANM,WE,Federal Contract Tower,0,19,6,0,25,0,9,100,0,109,0,28,106,0,134,24,0,24,158
06/18/2003,LWS,ID,ANM,WE,Federal Contract Tower,0,24,4,0,28,0,8,78,2,88,0,32,82,2,116,26,16,42,158
06/19/2003,LWS,ID,ANM,WE,Federal Contract Tower,0,21,5,0,26,0,14,71,2,87,0,35,76,2,113,56,4,60,173
06/20/2003,LWS,ID,ANM,WE,Federal Contract Tower,0,23,9,0,32,0,6,59,0,65,0,29,68,0,97,18,0,18,115
06/21/2003,LWS,ID,ANM,WE,Federal Contract Tower,0,12,1,0,13,0,2,41,2,45,0,14,42,2,58,28,0,28,86
06/22/2003,LWS,ID,ANM,WE,Federal Contract Tower,0,14,4,0,18,0,0,85,0,85,0,14,89,0,103,34,0,34,137
06/23/2003,LWS,ID,ANM,WE,Federal Contract Tower,0,23,6,0,29,0,5,87,0,92,0,28,93,0,121,72,0,72,193
06/24/2003,LWS,ID,ANM,WE,Federal Contract Tower,0,23,8,0,31,0,6,79,0,85,0,29,87,0,116,52,0,52,168
06/25/2003,LWS,ID,ANM,WE,Federal Contract Tower,0,22,11,0,33,0,7,87,0,94,0,29,98,0,127,46,0,46,173
06/26/2003,LWS,ID,ANM,WE,Federal Contract Tower,0,21,6,0,27,0,6,53,0,59,0,27,59,0,86,14,0,14,100
06/27/2003,LWS,ID,ANM,WE,Federal Contract Tower,0,24,11,0,35,0,8,74,0,82,0,32,85,0,117,38,0,38,155
06/28/2003,LWS,ID,ANM,WE,Federal Contract Tower,0,13,4,0,17,0,4,59,0,63,0,17,63,0,80,2,0,2,82
06/29/2003,LWS,ID,ANM,WE,Federal Contract Tower,0,11,7,0,18,0,0,76,0,76,0,11,83,0,94,8,0,8,102
06/30/2003,LWS,ID,ANM,WE,Federal Contract Tower,0,22,4,0,26,0,4,72,0,76,0,26,76,0,102,12,0,12,114
07/01/2003,LWS,ID,ANM,WE,Federal Contract Tower,0,24,7,0,31,0,10,100,0,110,0,34,107,0,141,26,0,26,167
07/02/2003,LWS,ID,ANM,WE,Federal Contract Tower,0,26,4,0,30,0,10,88,0,98,0,36,92,0,128,48,0,48,176
07/03/2003,LWS,ID,ANM,WE,Federal Contract Tower,0,22,5,0,27,0,9,132,2,143,0,31,137,2,170,50,4,54,224
07/04/2003,LWS,ID,ANM,WE,Federal Contract Tower,0,8,4,0,12,0,2,55,0,57,0,10,59,0,69,18,0,18,87
07/05/2003,LWS,ID,ANM,WE,Federal Contract Tower,0,12,3,0,15,0,1,28,0,29,0,13,31,0,44,8,0,8,52
07/06/2003,LWS,ID,ANM,WE,Federal Contract Tower,0,11,2,0,13,0,4,69,0,73,0,15,71,0,86,28,0,28,114
07/07/2003,LWS,ID,ANM,WE,Federal Contract Tower,0,22,7,0,29,0,4,89,0,93,0,26,96,0,122,38,0,38,160
07/08/2003,LWS,ID,ANM,WE,Federal Contract Tower,0,27,15,0,42,0,9,143,0,152,0,36,158,0,194,86,0,86,280
07/09/2003,LWS,ID,ANM,WE,Federal Contract Tower,0,32,2,0,34,0,10,124,0,134,0,42,126,0,168,84,0,84,252
07/10/2003,LWS,ID,ANM,WE,Federal Contract Tower,0,26,6,0,32,0,16,64,0,80,0,42,70,0,112,38,0,38,150
07/11/2003,LWS,ID,ANM,WE,Federal Contract Tower,0,22,4,0,26,0,14,88,0,102,0,36,92,0,128,52,0,52,180
07/12/2003,LWS,ID,ANM,WE,Federal Contract Tower,0,11,2,0,13,0,5,54,0,59,0,16,56,0,72,48,0,48,120
07/13/2003,LWS,ID,ANM,WE,Federal Contract Tower,0,12,5,0,17,0,2,73,0,75,0,14,78,0,92,32,0,32,124
07/14/2003,LWS,ID,ANM,WE,Federal Contract Tower,0,21,2,0,23,0,17,134,0,151,0,38,136,0,174,92,0,92,266
07/15/2003,LWS,ID,ANM,WE,Federal Contract Tower,0,23,3,0,26,0,16,149,0,165,0,39,152,0,191,88,0,88,279
07/16/2003,LWS,ID,ANM,WE,Federal Contract Tower,0,20,10,0,30,0,17,102,0,119,0,37,112,0,149,134,0,134,283
07/17/2003,LWS,ID,ANM,WE,Federal Contract Tower,0,24,8,0,32,0,13,93,0,106,0,37,101,0,138,42,0,42,180
07/18/2003,LWS,ID,ANM,WE,Federal Contract Tower,0,21,2,0,23,0,17,75,0,92,0,38,77,0,115,56,0,56,171
07/19/2003,LWS,ID,ANM,WE,Federal Contract Tower,0,12,0,0,12,0,4,38,0,42,0,16,38,0,54,4,0,4,58
07/20/2003,LWS,ID,ANM,WE,Federal Contract Tower,0,8,2,0,10,0,0,87,0,87,0,8,89,0,97,32,0,32,129
07/21/2003,LWS,ID,ANM,WE,Federal Contract Tower,1,22,3,0,26,0,10,91,0,101,1,32,94,0,127,28,0,28,155
07/22/2003,LWS,ID,ANM,WE,Federal Contract Tower,1,25,2,0,28,0,13,124,0,137,1,38,126,0,165,42,0,42,207
07/23/2003,LWS,ID,ANM,WE,Federal Contract Tower,0,26,7,0,33,0,6,100,0,106,0,32,107,0,139,98,0,98,237
07/24/2003,LWS,ID,ANM,WE,Federal Contract Tower,2,22,5,0,29,0,14,58,0,72,2,36,63,0,101,58,0,58,159
07/25/2003,LWS,ID,ANM,WE,Federal Contract Tower,0,20,7,0,27,0,14,62,1,77,0,34,69,1,104,40,4,44,148
07/26/2003,LWS,ID,ANM,WE,Federal Contract Tower,0,10,3,0,13,0,4,60,0,64,0,14,63,0,77,54,0,54,131
07/27/2003,LWS,ID,ANM,WE,Federal Contract Tower,2,12,5,0,19,0,4,83,0,87,2,16,88,0,106,48,0,48,154
07/28/2003,LWS,ID,ANM,WE,Federal Contract Tower,0,24,3,0,27,0,12,96,0,108,0,36,99,0,135,32,0,32,167
07/29/2003,LWS,ID,ANM,WE,Federal Contract Tower,0,20,1,0,21,0,14,111,0,125,0,34,112,0,146,72,0,72,218
07/30/2003,LWS,ID,ANM,WE,Federal Contract Tower,0,22,3,0,25,0,10,91,0,101,0,32,94,0,126,88,0,88,214
07/31/2003,LWS,ID,ANM,WE,Federal Contract Tower,0,28,3,0,31,0,10,77,0,87,0,38,80,0,118,44,0,44,162
08/01/2003,LWS,ID,ANM,WE,Federal Contract Tower,0,22,3,0,25,0,11,85,0,96,0,33,88,0,121,48,0,48,169
08/02/2003,LWS,ID,ANM,WE,Federal Contract Tower,0,9,3,0,12,0,8,69,0,77,0,17,72,0,89,84,6,90,179
08/03/2003,LWS,ID,ANM,WE,Federal Contract Tower,0,11,10,0,21,0,3,82,0,85,0,14,92,0,106,52,0,52,158
08/04/2003,LWS,ID,ANM,WE,Federal Contract Tower,0,21,7,0,28,0,14,82,0,96,0,35,89,0,124,72,0,72,196
08/05/2003,LWS,ID,ANM,WE,Federal Contract Tower,0,18,9,0,27,0,22,73,0,95,0,40,82,0,122,64,0,64,186
08/06/2003,LWS,ID,ANM,WE,Federal Contract Tower,0,21,5,0,26,0,13,69,1,83,0,34,74,1,109,42,0,42,151
08/07/2003,LWS,ID,ANM,WE,Federal Contract Tower,0,22,9,0,31,0,17,65,6,88,0,39,74,6,119,18,0,18,137
08/08/2003,LWS,ID,ANM,WE,Federal Contract Tower,2,20,5,0,27,0,11,45,3,59,2,31,50,3,86,14,0,14,100
08/09/2003,LWS,ID,ANM,WE,Federal Contract Tower,0,16,0,0,16,0,1,53,0,54,0,17,53,0,70,16,0,16,86
08/10/2003,LWS,ID,ANM,WE,Federal Contract Tower,0,10,4,0,14,0,0,72,0,72,0,10,76,0,86,32,0,32,118
08/11/2003,LWS,ID,ANM,WE,Federal Contract Tower,0,25,5,0,30,0,11,98,0,109,0,36,103,0,139,38,0,38,177
08/12/2003,LWS,ID,ANM,WE,Federal Contract Tower,0,26,5,0,31,0,12,77,2,91,0,38,82,2,122,8,0,8,130
08/13/2003,LWS,ID,ANM,WE,Federal Contract Tower,0,22,4,0,26,0,10,85,2,97,0,32,89,2,123,52,0,52,175
08/14/2003,LWS,ID,ANM,WE,Federal Contract Tower,0,21,2,0,23,0,8,38,0,46,0,29,40,0,69,8,0,8,77
08/15/2003,LWS,ID,ANM,WE,Federal Contract Tower,0,23,11,0,34,0,8,35,0,43,0,31,46,0,77,18,0,18,95
08/16/2003,LWS,ID,ANM,WE,Federal Contract Tower,0,11,3,0,14,0,3,35,0,38,0,14,38,0,52,50,0,50,102
08/17/2003,LWS,ID,ANM,WE,Federal Contract Tower,0,12,2,0,14,0,2,86,0,88,0,14,88,0,102,24,0,24,126
08/18/2003,LWS,ID,ANM,WE,Federal Contract Tower,3,25,1,0,29,0,10,95,0,105,3,35,96,0,134,28,0,28,162
08/19/2003,LWS,ID,ANM,WE,Federal Contract Tower,0,24,3,0,27,1,18,126,4,149,1,42,129,4,176,78,0,78,254
08/20/2003,LWS,ID,ANM,WE,Federal Contract Tower,0,20,7,0,27,0,17,127,0,144,0,37,134,0,171,92,0,92,263
08/21/2003,LWS,ID,ANM,WE,Federal Contract Tower,0,18,4,0,22,0,15,50,0,65,0,33,54,0,87,16,0,16,103
08/22/2003,LWS,ID,ANM,WE,Federal Contract Tower,0,24,4,0,28,0,10,20,0,30,0,34,24,0,58,34,0,34,92
08/23/2003,LWS,ID,ANM,WE,Federal Contract Tower,0,12,2,0,14,0,5,38,0,43,0,17,40,0,57,16,0,16,73
08/24/2003,LWS,ID,ANM,WE,Federal Contract Tower,0,10,5,0,15,0,2,71,0,73,0,12,76,0,88,42,0,42,130
08/25/2003,LWS,ID,ANM,WE,Federal Contract Tower,0,22,4,0,26,0,6,93,0,99,0,28,97,0,125,58,2,60,185
08/26/2003,LWS,ID,ANM,WE,Federal Contract Tower,0,22,6,0,28,0,10,99,0,109,0,32,105,0,137,82,0,82,219
08/27/2003,LWS,ID,ANM,WE,Federal Contract Tower,0,21,2,0,23,0,8,95,0,103,0,29,97,0,126,52,0,52,178
08/28/2003,LWS,ID,ANM,WE,Federal Contract Tower,0,23,6,0,29,0,15,72,2,89,0,38,78,2,118,54,2,56,174
08/29/2003,LWS,ID,ANM,WE,Federal Contract Tower,2,23,1,0,26,0,13,53,0,66,2,36,54,0,92,42,0,42,134
08/30/2003,LWS,ID,ANM,WE,Federal Contract Tower,0,11,3,0,14,0,4,38,0,42,0,15,41,0,56,28,0,28,84
08/31/2003,LWS,ID,ANM,WE,Federal Contract Tower,0,9,0,0,9,0,0,39,0,39,0,9,39,0,48,22,0,22,70
09/01/2003,LWS,ID,ANM,WE,Federal Contract Tower,0,14,6,0,20,0,0,86,0,86,0,14,92,0,106,12,0,12,118
09/02/2003,LWS,ID,ANM,WE,Federal Contract Tower,2,24,6,0,32,0,12,81,0,93,2,36,87,0,125,38,0,38,163
09/03/2003,LWS,ID,ANM,WE,Federal Contract Tower,2,18,8,0,28,0,10,75,0,85,2,28,83,0,113,54,0,54,167
09/04/2003,LWS,ID,ANM,WE,Federal Contract Tower,0,23,6,0,29,0,13,42,2,57,0,36,48,2,86,2,6,8,94
09/05/2003,LWS,ID,ANM,WE,Federal Contract Tower,0,21,6,0,27,0,7,38,0,45,0,28,44,0,72,33,0,33,105
09/06/2003,LWS,ID,ANM,WE,Federal Contract Tower,0,12,7,0,19,0,3,30,2,35,0,15,37,2,54,9,18,27,81
09/07/2003,LWS,ID,ANM,WE,Federal Contract Tower,0,12,4,0,16,0,0,80,0,80,0,12,84,0,96,38,0,38,134
09/08/2003,LWS,ID,ANM,WE,Federal Contract Tower,0,32,10,0,42,0,2,54,0,56,0,34,64,0,98,46,0,46,144
09/09/2003,LWS,ID,ANM,WE,Federal Contract Tower,0,24,8,0,32,0,10,81,0,91,0,34,89,0,123,52,0,52,175
09/10/2003,LWS,ID,ANM,WE,Federal Contract Tower,0,31,2,0,33,0,7,80,0,87,0,38,82,0,120,26,0,26,146
09/11/2003,LWS,ID,ANM,WE,Federal Contract Tower,0,27,7,0,34,0,5,28,2,35,0,32,35,2,69,10,2,12,81
09/12/2003,LWS,ID,ANM,WE,Federal Contract Tower,2,30,9,0,41,0,9,31,0,40,2,39,40,0,81,12,0,12,93
09/13/2003,LWS,ID,ANM,WE,Federal Contract Tower,2,11,2,0,15,0,3,41,2,46,2,14,43,2,61,46,0,46,107
09/14/2003,LWS,ID,ANM,WE,Federal Contract Tower,0,14,1,0,15,0,3,77,0,80,0,17,78,0,95,62,0,62,157
09/15/2003,LWS,ID,ANM,WE,Federal Contract Tower,0,27,3,0,30,0,9,52,0,61,0,36,55,0,91,11,0,11,102
09/16/2003,LWS,ID,ANM,WE,Federal Contract Tower,0,20,10,0,30,0,9,66,0,75,0,29,76,0,105,28,0,28,133
09/17/2003,LWS,ID,ANM,WE,Federal Contract Tower,0,28,3,0,31,0,14,91,0,105,0,42,94,0,136,68,0,68,204
09/18/2003,LWS,ID,ANM,WE,Federal Contract Tower,0,26,2,0,28,0,12,60,2,74,0,38,62,2,102,38,0,38,140
09/19/2003,LWS,ID,ANM,WE,Federal Contract Tower,2,25,3,1,31,0,9,25,0,34,2,34,28,1,65,30,0,30,95
09/20/2003,LWS,ID,ANM,WE,Federal Contract Tower,2,14,6,0,22,0,8,42,0,50,2,22,48,0,72,43,0,43,115
09/21/2003,LWS,ID,ANM,WE,Federal Contract Tower,0,15,3,0,18,0,0,79,0,79,0,15,82,0,97,72,0,72,169
09/22/2003,LWS,ID,ANM,WE,Federal Contract Tower,0,27,2,0,29,0,12,51,0,63,0,39,53,0,92,48,0,48,140
09/23/2003,LWS,ID,ANM,WE,Federal Contract Tower,0,28,7,2,37,0,10,161,0,171,0,38,168,2,208,126,0,126,334
09/24/2003,LWS,ID,ANM,WE,Federal Contract Tower,0,23,4,0,27,0,11,78,0,89,0,34,82,0,116,78,0,78,194
09/25/2003,LWS,ID,ANM,WE,Federal Contract Tower,0,21,4,0,25,0,6,67,0,73,0,27,71,0,98,42,0,42,140
09/26/2003,LWS,ID,ANM,WE,Federal Contract Tower,2,24,2,0,28,0,8,28,0,36,2,32,30,0,64,34,0,34,98
09/27/2003,LWS,ID,ANM,WE,Federal Contract Tower,2,12,2,0,16,0,5,80,4,89,2,17,82,4,105,43,0,43,148
09/28/2003,LWS,ID,ANM,WE,Federal Contract Tower,0,14,1,0,15,0,0,83,4,87,0,14,84,4,102,38,0,38,140
09/29/2003,LWS,ID,ANM,WE,Federal Contract Tower,0,26,1,0,27,0,4,71,0,75,0,30,72,0,102,22,0,22,124
09/30/2003,LWS,ID,ANM,WE,Federal Contract Tower,0,27,5,0,32,0,8,88,0,96,0,35,93,0,128,54,0,54,182
10/01/2003,LWS,ID,ANM,WE,Federal Contract Tower,0,21,4,0,25,0,21,93,0,114,0,42,97,0,139,94,0,94,233
10/02/2003,LWS,ID,ANM,WE,Federal Contract Tower,0,27,6,0,33,0,12,42,2,56,0,39,48,2,89,36,0,36,125
10/03/2003,LWS,ID,ANM,WE,Federal Contract Tower,2,26,6,0,34,1,12,43,0,56,3,38,49,0,90,37,0,37,127
10/04/2003,LWS,ID,ANM,WE,Federal Contract Tower,1,11,3,0,15,0,7,48,0,55,1,18,51,0,70,14,0,14,84
10/05/2003,LWS,ID,ANM,WE,Federal Contract Tower,0,12,3,0,15,0,6,61,0,67,0,18,64,0,82,36,0,36,118
10/06/2003,LWS,ID,ANM,WE,Federal Contract Tower,0,21,4,0,25,0,9,74,0,83,0,30,78,0,108,38,0,38,146
10/07/2003,LWS,ID,ANM,WE,Federal Contract Tower,0,25,5,0,30,0,13,81,1,95,0,38,86,1,125,26,0,26,151
10/08/2003,LWS,ID,ANM,WE,Federal Contract Tower,0,28,6,0,34,0,8,86,1,95,0,36,92,1,129,38,0,38,167
10/09/2003,LWS,ID,ANM,WE,Federal Contract Tower,0,26,5,0,31,0,8,42,2,52,0,34,47,2,83,22,0,22,105
10/10/2003,LWS,ID,ANM,WE,Federal Contract Tower,2,23,5,0,30,2,8,20,0,30,4,31,25,0,60,49,0,49,109
10/11/2003,LWS,ID,ANM,WE,Federal Contract Tower,1,11,3,0,15,0,4,32,0,36,1,15,35,0,51,18,0,18,69
10/12/2003,LWS,ID,ANM,WE,Federal Contract Tower,0,19,4,0,23,0,0,72,0,72,0,19,76,0,95,24,0,24,119
10/13/2003,LWS,ID,ANM,WE,Federal Contract Tower,0,18,4,0,22,0,16,41,0,57,0,34,45,0,79,34,0,34,113
10/14/2003,LWS,ID,ANM,WE,Federal Contract Tower,0,24,5,0,29,0,10,47,0,57,0,34,52,0,86,22,0,22,108
10/15/2003,LWS,ID,ANM,WE,Federal Contract Tower,0,25,6,0,31,0,7,38,0,45,0,32,44,0,76,0,0,0,76
10/16/2003,LWS,ID,ANM,WE,Federal Contract Tower,0,18,4,0,22,0,10,51,0,61,0,28,55,0,83,56,0,56,139
10/17/2003,LWS,ID,ANM,WE,Federal Contract Tower,1,23,4,0,28,1,13,31,0,45,2,36,35,0,73,56,0,56,129
10/18/2003,LWS,ID,ANM,WE,Federal Contract Tower,0,15,3,0,18,2,1,45,4,52,2,16,48,4,70,22,0,22,92
10/19/2003,LWS,ID,ANM,WE,Federal Contract Tower,0,13,3,0,16,1,0,59,0,60,1,13,62,0,76,72,0,72,148
10/20/2003,LWS,ID,ANM,WE,Federal Contract Tower,0,19,4,0,23,0,11,75,0,86,0,30,79,0,109,34,0,34,143
10/21/2003,LWS,ID,ANM,WE,Federal Contract Tower,0,23,5,0,28,0,12,67,0,79,0,35,72,0,107,38,0,38,145
10/22/2003,LWS,ID,ANM,WE,Federal Contract Tower,0,21,4,0,25,0,14,80,0,94,0,35,84,0,119,66,0,66,185
10/23/2003,LWS,ID,ANM,WE,Federal Contract Tower,0,26,5,0,31,0,8,27,0,35,0,34,32,0,66,0,0,0,66
10/24/2003,LWS,ID,ANM,WE,Federal Contract Tower,1,25,5,0,31,3,14,56,2,75,4,39,61,2,106,42,6,48,154
10/25/2003,LWS,ID,ANM,WE,Federal Contract Tower,0,14,3,0,17,1,0,62,0,63,1,14,65,0,80,42,0,42,122
10/26/2003,LWS,ID,ANM,WE,Federal Contract Tower,0,12,3,0,15,2,0,70,0,72,2,12,73,0,87,56,0,56,143
10/27/2003,LWS,ID,ANM,WE,Federal Contract Tower,1,22,4,0,27,1,7,64,0,72,2,29,68,0,99,16,0,16,115
10/28/2003,LWS,ID,ANM,WE,Federal Contract Tower,1,25,5,0,31,1,0,15,0,16,2,25,20,0,47,14,0,14,61
10/29/2003,LWS,ID,ANM,WE,Federal Contract Tower,1,31,6,0,38,2,4,31,0,37,3,35,37,0,75,22,0,22,97
10/30/2003,LWS,ID,ANM,WE,Federal Contract Tower,1,27,6,0,34,1,10,37,0,48,2,37,43,0,82,0,0,0,82
10/31/2003,LWS,ID,ANM,WE,Federal Contract Tower,1,25,5,0,31,4,1,37,0,42,5,26,42,0,73,38,0,38,111
11/01/2003,LWS,ID,ANM,WE,Federal Contract Tower,2,13,4,0,19,0,4,21,2,27,2,17,25,2,46,24,0,24,70
11/02/2003,LWS,ID,ANM,WE,Federal Contract Tower,2,14,3,0,19,0,4,26,0,30,2,18,29,0,49,16,0,16,65
11/03/2003,LWS,ID,ANM,WE,Federal Contract Tower,2,20,5,0,27,0,4,11,0,15,2,24,16,0,42,20,0,20,62
11/04/2003,LWS,ID,ANM,WE,Federal Contract Tower,2,20,5,0,27,0,12,73,0,85,2,32,78,0,112,72,0,72,184
11/05/2003,LWS,ID,ANM,WE,Federal Contract Tower,1,26,6,0,33,0,9,86,0,95,1,35,92,0,128,56,0,56,184
11/06/2003,LWS,ID,ANM,WE,Federal Contract Tower,3,22,6,0,31,0,14,70,0,84,3,36,76,0,115,32,0,32,147
11/07/2003,LWS,ID,ANM,WE,Federal Contract Tower,4,25,6,0,35,0,9,44,2,55,4,34,50,2,90,50,0,50,140
11/08/2003,LWS,ID,ANM,WE,Federal Contract Tower,2,9,2,0,13,0,4,49,0,53,2,13,51,0,66,38,0,38,104
11/09/2003,LWS,ID,ANM,WE,Federal Contract Tower,2,12,4,0,18,0,0,75,2,77,2,12,79,2,95,14,0,14,109
11/10/2003,LWS,ID,ANM,WE,Federal Contract Tower,2,21,5,0,28,0,6,23,0,29,2,27,28,0,57,80,0,80,137
11/11/2003,LWS,ID,ANM,WE,Federal Contract Tower,2,17,4,0,23,0,9,25,0,34,2,26,29,0,57,0,0,0,57
11/12/2003,LWS,ID,ANM,WE,Federal Contract Tower,2,21,5,0,28,0,4,74,0,78,2,25,79,0,106,42,0,42,148
11/13/2003,LWS,ID,ANM,WE,Federal Contract Tower,2,26,6,0,34,0,7,53,0,60,2,33,59,0,94,38,0,38,132
11/14/2003,LWS,ID,ANM,WE,Federal Contract Tower,4,26,7,0,37,2,7,20,0,29,6,33,27,0,66,36,0,36,102
11/15/2003,LWS,ID,ANM,WE,Federal Contract Tower,1,12,3,0,16,3,0,11,0,14,4,12,14,0,30,6,0,6,36
11/16/2003,LWS,ID,ANM,WE,Federal Contract Tower,0,11,2,0,13,0,5,6,0,11,0,16,8,0,24,40,0,40,64
11/17/2003,LWS,ID,ANM,WE,Federal Contract Tower,2,24,5,1,32,0,5,6,7,18,2,29,11,8,50,4,4,8,58
11/18/2003,LWS,ID,ANM,WE,Federal Contract Tower,2,25,5,0,32,0,0,41,0,41,2,25,46,0,73,0,0,0,73
11/19/2003,LWS,ID,ANM,WE,Federal Contract Tower,2,24,5,0,31,0,18,33,0,51,2,42,38,0,82,0,0,0,82
11/20/2003,LWS,ID,ANM,WE,Federal Contract Tower,2,24,6,0,32,0,14,76,0,90,2,38,82,0,122,32,0,32,154
11/21/2003,LWS,ID,ANM,WE,Federal Contract Tower,2,23,6,0,31,4,10,14,0,28,6,33,20,0,59,52,0,52,111
11/22/2003,LWS,ID,ANM,WE,Federal Contract Tower,1,11,3,0,15,2,3,33,0,38,3,14,36,0,53,16,0,16,69
11/23/2003,LWS,ID,ANM,WE,Federal Contract Tower,1,10,3,0,14,1,0,26,0,27,2,10,29,0,41,34,0,34,75
11/24/2003,LWS,ID,ANM,WE,Federal Contract Tower,2,22,5,0,29,1,8,4,0,13,3,30,9,0,42,2,0,2,44
11/25/2003,LWS,ID,ANM,WE,Federal Contract Tower,2,30,7,0,39,0,2,27,0,29,2,32,34,0,68,4,0,4,72
11/26/2003,LWS,ID,ANM,WE,Federal Contract Tower,2,25,6,0,33,0,9,26,0,35,2,34,32,0,68,26,0,26,94
11/27/2003,LWS,ID,ANM,WE,Federal Contract Tower,1,8,2,0,11,2,1,32,0,35,3,9,34,0,46,32,0,32,78
11/28/2003,LWS,ID,ANM,WE,Federal Contract Tower,2,22,5,0,29,1,4,14,0,19,3,26,19,0,48,0,0,0,48
11/29/2003,LWS,ID,ANM,WE,Federal Contract Tower,1,14,4,0,19,1,4,1,0,6,2,18,5,0,25,0,0,0,25
11/30/2003,LWS,ID,ANM,WE,Federal Contract Tower,2,14,4,0,20,3,0,36,0,39,5,14,40,0,59,49,0,49,108
12/01/2003,LWS,ID,ANM,WE,Federal Contract Tower,2,31,6,0,39,0,0,32,0,32,2,31,38,0,71,0,0,0,71
12/02/2003,LWS,ID,ANM,WE,Federal Contract Tower,3,32,6,0,41,0,0,42,0,42,3,32,48,0,83,34,0,34,117
12/03/2003,LWS,ID,ANM,WE,Federal Contract Tower,3,26,5,0,34,0,2,34,4,40,3,28,39,4,74,28,0,28,102
12/04/2003,LWS,ID,ANM,WE,Federal Contract Tower,3,23,5,0,31,1,15,21,2,39,4,38,26,2,70,32,6,38,108
12/05/2003,LWS,ID,ANM,WE,Federal Contract Tower,2,24,5,0,31,0,14,12,0,26,2,38,17,0,57,20,0,20,77
12/06/2003,LWS,ID,ANM,WE,Federal Contract Tower,2,10,2,0,14,0,1,17,0,18,2,11,19,0,32,8,0,8,40
12/07/2003,LWS,ID,ANM,WE,Federal Contract Tower,2,10,2,0,14,0,0,2,0,2,2,10,4,0,16,8,0,8,24
12/08/2003,LWS,ID,ANM,WE,Federal Contract Tower,2,30,5,0,37,0,7,29,0,36,2,37,34,0,73,2,0,2,75
12/09/2003,LWS,ID,ANM,WE,Federal Contract Tower,3,27,5,0,35,0,8,24,0,32,3,35,29,0,67,20,0,20,87
12/10/2003,LWS,ID,ANM,WE,Federal Contract Tower,2,25,2,0,29,0,4,0,0,4,2,29,2,0,33,0,0,0,33
12/11/2003,LWS,ID,ANM,WE,Federal Contract Tower,3,30,6,0,39,0,6,6,2,14,3,36,12,2,53,12,0,12,65
12/12/2003,LWS,ID,ANM,WE,Federal Contract Tower,2,21,4,0,27,0,9,4,0,13,2,30,8,0,40,10,0,10,50
12/13/2003,LWS,ID,ANM,WE,Federal Contract Tower,2,10,1,0,13,0,3,1,0,4,2,13,2,0,17,4,0,4,21
12/14/2003,LWS,ID,ANM,WE,Federal Contract Tower,1,11,2,0,14,2,0,28,0,30,3,11,30,0,44,29,0,29,73
12/15/2003,LWS,ID,ANM,WE,Federal Contract Tower,2,26,5,0,33,0,10,47,0,57,2,36,52,0,90,50,0,50,140
12/16/2003,LWS,ID,ANM,WE,Federal Contract Tower,2,27,4,1,34,0,12,163,3,178,2,39,167,4,212,122,0,122,334
12/17/2003,LWS,ID,ANM,WE,Federal Contract Tower,2,21,3,0,26,0,15,109,0,124,2,36,112,0,150,192,0,192,342
12/18/2003,LWS,ID,ANM,WE,Federal Contract Tower,2,25,4,0,31,0,3,34,0,37,2,28,38,0,68,116,0,116,184
12/19/2003,LWS,ID,ANM,WE,Federal Contract Tower,2,24,4,0,30,0,5,26,0,31,2,29,30,0,61,10,0,10,71
12/20/2003,LWS,ID,ANM,WE,Federal Contract Tower,2,17,2,0,21,0,4,1,0,5,2,21,3,0,26,20,0,20,46
12/21/2003,LWS,ID,ANM,WE,Federal Contract Tower,1,16,3,0,20,1,0,4,0,5,2,16,7,0,25,0,0,0,25
12/22/2003,LWS,ID,ANM,WE,Federal Contract Tower,2,25,5,0,32,0,2,47,0,49,2,27,52,0,81,22,0,22,103
12/23/2003,LWS,ID,ANM,WE,Federal Contract Tower,2,24,4,0,30,0,10,52,0,62,2,34,56,0,92,26,0,26,118
12/24/2003,LWS,ID,ANM,WE,Federal Contract Tower,2,20,3,0,25,1,9,31,0,41,3,29,34,0,66,22,0,22,88
12/25/2003,LWS,ID,ANM,WE,Federal Contract Tower,1,9,0,0,10,2,0,0,0,2,3,9,0,0,12,0,0,0,12
12/26/2003,LWS,ID,ANM,WE,Federal Contract Tower,2,20,3,0,25,0,8,32,0,40,2,28,35,0,65,9,0,9,74
12/27/2003,LWS,ID,ANM,WE,Federal Contract Tower,2,17,3,0,22,0,0,24,0,24,2,17,27,0,46,56,0,56,102
12/28/2003,LWS,ID,ANM,WE,Federal Contract Tower,1,14,3,0,18,2,0,21,0,23,3,14,24,0,41,40,0,40,81
12/29/2003,LWS,ID,ANM,WE,Federal Contract Tower,1,18,4,0,23,2,6,4,0,12,3,24,8,0,35,0,0,0,35
12/30/2003,LWS,ID,ANM,WE,Federal Contract Tower,2,24,4,0,30,1,3,13,2,19,3,27,17,2,49,18,0,18,67
12/31/2003,LWS,ID,ANM,WE,Federal Contract Tower,2,21,4,0,27,1,4,1,0,6,3,25,5,0,33,0,0,0,33
01/01/2004,LWS,ID,ANM,WE,Federal Contract Tower,1,4,0,0,5,2,0,0,0,2,3,4,0,0,7,0,0,0,7
01/02/2004,LWS,ID,ANM,WE,Federal Contract Tower,2,22,3,0,27,0,4,5,0,9,2,26,8,0,36,18,0,18,54
01/03/2004,LWS,ID,ANM,WE,Federal Contract Tower,1,9,0,0,10,0,2,0,0,2,1,11,0,0,12,0,0,0,12
01/04/2004,LWS,ID,ANM,WE,Federal Contract Tower,1,9,1,0,11,1,0,0,0,1,2,9,1,0,12,0,0,0,12
01/05/2004,LWS,ID,ANM,WE,Federal Contract Tower,3,25,4,1,33,0,3,15,3,21,3,28,19,4,54,0,4,4,58
01/06/2004,LWS,ID,ANM,WE,Federal Contract Tower,0,17,3,0,20,0,9,1,0,10,0,26,4,0,30,0,0,0,30
01/07/2004,LWS,ID,ANM,WE,Federal Contract Tower,0,14,3,0,17,0,5,1,0,6,0,19,4,0,23,0,0,0,23
01/08/2004,LWS,ID,ANM,WE,Federal Contract Tower,2,23,3,0,28,0,6,5,0,11,2,29,8,0,39,3,0,3,42
01/09/2004,LWS,ID,ANM,WE,Federal Contract Tower,2,23,4,0,29,0,10,1,0,11,2,33,5,0,40,4,0,4,44
01/10/2004,LWS,ID,ANM,WE,Federal Contract Tower,2,14,2,0,18,0,2,34,0,36,2,16,36,0,54,74,0,74,128
01/11/2004,LWS,ID,ANM,WE,Federal Contract Tower,2,11,2,0,15,0,3,34,0,37,2,14,36,0,52,36,0,36,88
01/12/2004,LWS,ID,ANM,WE,Federal Contract Tower,2,26,4,0,32,0,6,54,0,60,2,32,58,0,92,44,0,44,136
01/13/2004,LWS,ID,ANM,WE,Federal Contract Tower,2,24,4,0,30,0,8,58,0,66,2,32,62,0,96,6,0,6,102
01/14/2004,LWS,ID,ANM,WE,Federal Contract Tower,2,24,3,0,29,0,11,41,0,52,2,35,44,0,81,24,0,24,105
01/15/2004,LWS,ID,ANM,WE,Federal Contract Tower,2,26,4,0,32,0,6,5,0,11,2,32,9,0,43,4,0,4,47
01/16/2004,LWS,ID,ANM,WE,Federal Contract Tower,2,25,3,0,30,1,8,0,0,9,3,33,3,0,39,0,0,0,39
01/17/2004,LWS,ID,ANM,WE,Federal Contract Tower,1,15,3,0,19,1,0,20,0,21,2,15,23,0,40,6,0,6,46
01/18/2004,LWS,ID,ANM,WE,Federal Contract Tower,1,12,3,0,16,1,0,49,0,50,2,12,52,0,66,56,0,56,122
01/19/2004,LWS,ID,ANM,WE,Federal Contract Tower,1,16,2,0,19,1,6,56,0,63,2,22,58,0,82,58,0,58,140
01/20/2004,LWS,ID,ANM,WE,Federal Contract Tower,2,28,5,0,35,0,0,28,0,28,2,28,33,0,63,14,0,14,77
01/21/2004,LWS,ID,ANM,WE,Federal Contract Tower,2,31,5,0,38,0,2,12,0,14,2,33,17,0,52,22,0,22,74
01/22/2004,LWS,ID,ANM,WE,Federal Contract Tower,2,30,5,0,37,0,7,15,0,22,2,37,20,0,59,0,0,0,59
01/23/2004,LWS,ID,ANM,WE,Federal Contract Tower,2,23,1,0,26,1,2,0,0,3,3,25,1,0,29,2,0,2,31
01/24/2004,LWS,ID,ANM,WE,Federal Contract Tower,1,15,2,0,18,1,1,3,0,5,2,16,5,0,23,4,0,4,27
01/25/2004,LWS,ID,ANM,WE,Federal Contract Tower,0,8,2,0,10,2,0,19,0,21,2,8,21,0,31,34,0,34,65
01/26/2004,LWS,ID,ANM,WE,Federal Contract Tower,2,24,4,0,30,0,8,34,0,42,2,32,38,0,72,4,0,4,76
01/27/2004,LWS,ID,ANM,WE,Federal Contract Tower,2,28,5,0,35,0,0,49,4,53,2,28,54,4,88,0,0,0,88
01/28/2004,LWS,ID,ANM,WE,Federal Contract Tower,2,32,5,0,39,0,13,18,0,31,2,45,23,0,70,0,0,0,70
01/29/2004,LWS,ID,ANM,WE,Federal Contract Tower,2,24,3,0,29,0,8,5,0,13,2,32,8,0,42,17,0,17,59
01/30/2004,LWS,ID,ANM,WE,Federal Contract Tower,2,23,2,0,27,0,8,0,0,8,2,31,2,0,35,0,0,0,35
01/31/2004,LWS,ID,ANM,WE,Federal Contract Tower,2,16,3,0,21,0,0,37,0,37,2,16,40,0,58,58,0,58,116
02/01/2004,LWS,ID,ANM,WE,Federal Contract Tower,1,15,5,0,21,2,2,27,0,31,3,17,32,0,52,26,0,26,78
02/02/2004,LWS,ID,ANM,WE,Federal Contract Tower,1,21,6,0,28,1,7,30,0,38,2,28,36,0,66,22,0,22,88
02/03/2004,LWS,ID,ANM,WE,Federal Contract Tower,2,28,9,0,39,0,2,20,0,22,2,30,29,0,61,24,0,24,85
02/04/2004,LWS,ID,ANM,WE,Federal Contract Tower,2,28,10,0,40,5,0,5,0,10,7,28,15,0,50,0,0,0,50
02/05/2004,LWS,ID,ANM,WE,Federal Contract Tower,2,32,11,0,45,0,3,21,0,24,2,35,32,0,69,10,0,10,79
02/06/2004,LWS,ID,ANM,WE,Federal Contract Tower,2,25,8,0,35,1,12,11,0,24,3,37,19,0,59,0,0,0,59
02/07/2004,LWS,ID,ANM,WE,Federal Contract Tower,1,11,5,0,17,3,0,7,0,10,4,11,12,0,27,10,0,10,37
02/08/2004,LWS,ID,ANM,WE,Federal Contract Tower,0,8,3,0,11,0,4,39,0,43,0,12,42,0,54,74,0,74,128
02/09/2004,LWS,ID,ANM,WE,Federal Contract Tower,0,28,9,0,37,0,4,39,2,45,0,32,48,2,82,36,2,38,120
02/10/2004,LWS,ID,ANM,WE,Federal Contract Tower,0,19,7,0,26,0,17,56,0,73,0,36,63,0,99,50,0,50,149
02/11/2004,LWS,ID,ANM,WE,Federal Contract Tower,0,18,7,0,25,0,13,21,0,34,0,31,28,0,59,46,0,46,105
02/12/2004,LWS,ID,ANM,WE,Federal Contract Tower,0,17,6,0,23,0,11,21,0,32,0,28,27,0,55,16,0,16,71
02/13/2004,LWS,ID,ANM,WE,Federal Contract Tower,0,17,6,0,23,0,13,25,2,40,0,30,31,2,63,6,10,16,79
02/14/2004,LWS,ID,ANM,WE,Federal Contract Tower,0,8,3,0,11,0,0,15,0,15,0,8,18,0,26,0,0,0,26
02/15/2004,LWS,ID,ANM,WE,Federal Contract Tower,0,7,2,0,9,0,1,32,0,33,0,8,34,0,42,56,0,56,98
02/16/2004,LWS,ID,ANM,WE,Federal Contract Tower,0,19,5,0,24,0,2,23,0,25,0,21,28,0,49,24,0,24,73
02/17/2004,LWS,ID,ANM,WE,Federal Contract Tower,0,24,7,0,31,0,2,25,0,27,0,26,32,0,58,18,0,18,76
02/18/2004,LWS,ID,ANM,WE,Federal Contract Tower,0,29,8,0,37,0,8,34,0,42,0,37,42,0,79,0,0,0,79
02/19/2004,LWS,ID,ANM,WE,Federal Contract Tower,0,24,7,0,31,0,6,32,0,38,0,30,39,0,69,18,0,18,87
02/20/2004,LWS,ID,ANM,WE,Federal Contract Tower,0,22,6,0,28,0,9,52,0,61,0,31,58,0,89,44,0,44,133
02/21/2004,LWS,ID,ANM,WE,Federal Contract Tower,0,8,2,0,10,0,0,50,0,50,0,8,52,0,60,58,0,58,118
02/22/2004,LWS,ID,ANM,WE,Federal Contract Tower,0,7,2,0,9,0,0,57,0,57,0,7,59,0,66,56,0,56,122
02/23/2004,LWS,ID,ANM,WE,Federal Contract Tower,0,23,8,0,31,0,5,83,0,88,0,28,91,0,119,134,0,134,253
02/24/2004,LWS,ID,ANM,WE,Federal Contract Tower,0,24,8,0,32,0,3,43,0,46,0,27,51,0,78,28,0,28,106
02/25/2004,LWS,ID,ANM,WE,Federal Contract Tower,0,23,8,0,31,0,9,49,2,60,0,32,57,2,91,8,0,8,99
02/26/2004,LWS,ID,ANM,WE,Federal Contract Tower,0,27,9,0,36,0,18,46,0,64,0,45,55,0,100,48,0,48,148
02/27/2004,LWS,ID,ANM,WE,Federal Contract Tower,0,20,7,0,27,0,6,61,0,67,0,26,68,0,94,16,0,16,110
02/28/2004,LWS,ID,ANM,WE,Federal Contract Tower,0,12,4,0,16,0,0,32,0,32,0,12,36,0,48,34,0,34,82
02/29/2004,LWS,ID,ANM,WE,Federal Contract Tower,0,13,4,0,17,0,1,61,0,62,0,14,65,0,79,42,0,42,121
03/01/2004,LWS,ID,ANM,WE,Federal Contract Tower,0,22,4,0,26,0,7,72,0,79,0,29,76,0,105,32,0,32,137
03/02/2004,LWS,ID,ANM,WE,Federal Contract Tower,1,24,5,0,30,1,14,72,0,87,2,38,77,0,117,65,0,65,182
03/03/2004,LWS,ID,ANM,WE,Federal Contract Tower,0,24,5,0,29,0,4,44,0,48,0,28,49,0,77,20,0,20,97
03/04/2004,LWS,ID,ANM,WE,Federal Contract Tower,0,22,4,0,26,0,3,12,0,15,0,25,16,0,41,4,0,4,45
03/05/2004,LWS,ID,ANM,WE,Federal Contract Tower,1,27,6,0,34,3,0,7,2,12,4,27,13,2,46,0,12,12,58
03/06/2004,LWS,ID,ANM,WE,Federal Contract Tower,0,9,2,0,11,0,0,24,0,24,0,9,26,0,35,22,0,22,57
03/07/2004,LWS,ID,ANM,WE,Federal Contract Tower,0,7,2,0,9,0,0,22,0,22,0,7,24,0,31,18,0,18,49
03/08/2004,LWS,ID,ANM,WE,Federal Contract Tower,0,22,5,0,27,0,12,104,0,116,0,34,109,0,143,74,0,74,217
03/09/2004,LWS,ID,ANM,WE,Federal Contract Tower,0,18,5,0,23,0,16,84,0,100,0,34,89,0,123,72,0,72,195
03/10/2004,LWS,ID,ANM,WE,Federal Contract Tower,0,21,5,0,26,0,11,65,0,76,0,32,70,0,102,68,0,68,170
03/11/2004,LWS,ID,ANM,WE,Federal Contract Tower,0,32,7,0,39,0,2,28,0,30,0,34,35,0,69,44,0,44,113
03/12/2004,LWS,ID,ANM,WE,Federal Contract Tower,0,23,5,0,28,0,11,32,0,43,0,34,37,0,71,14,0,14,85
03/13/2004,LWS,ID,ANM,WE,Federal Contract Tower,0,9,3,0,12,0,0,47,0,47,0,9,50,0,59,44,0,44,103
03/14/2004,LWS,ID,ANM,WE,Federal Contract Tower,0,8,1,0,9,0,2,71,0,73,0,10,72,0,82,68,0,68,150
03/15/2004,LWS,ID,ANM,WE,Federal Contract Tower,0,22,4,0,26,0,6,82,0,88,0,28,86,0,114,54,0,54,168
03/16/2004,LWS,ID,ANM,WE,Federal Contract Tower,0,23,5,0,28,0,11,74,0,85,0,34,79,0,113,28,0,28,141
03/17/2004,LWS,ID,ANM,WE,Federal Contract Tower,0,25,5,0,30,0,10,58,0,68,0,35,63,0,98,28,0,28,126
03/18/2004,LWS,ID,ANM,WE,Federal Contract Tower,0,24,5,0,29,0,10,29,4,43,0,34,34,4,72,0,0,0,72
03/19/2004,LWS,ID,ANM,WE,Federal Contract Tower,0,24,4,0,28,0,4,25,0,29,0,28,29,0,57,6,0,6,63
03/20/2004,LWS,ID,ANM,WE,Federal Contract Tower,0,11,2,0,13,0,0,43,0,43,0,11,45,0,56,44,0,44,100
03/21/2004,LWS,ID,ANM,WE,Federal Contract Tower,0,12,2,0,14,0,0,73,0,73,0,12,75,0,87,36,0,36,123
03/22/2004,LWS,ID,ANM,WE,Federal Contract Tower,0,22,4,0,26,0,4,64,0,68,0,26,68,0,94,28,0,28,122
03/23/2004,LWS,ID,ANM,WE,Federal Contract Tower,0,24,4,0,28,0,10,80,0,90,0,34,84,0,118,16,0,16,134
03/24/2004,LWS,ID,ANM,WE,Federal Contract Tower,0,19,4,0,23,0,8,48,0,56,0,27,52,0,79,24,0,24,103
03/25/2004,LWS,ID,ANM,WE,Federal Contract Tower,0,22,4,0,26,0,11,29,0,40,0,33,33,0,66,20,0,20,86
03/26/2004,LWS,ID,ANM,WE,Federal Contract Tower,0,18,3,0,21,0,11,21,2,34,0,29,24,2,55,12,0,12,67
03/27/2004,LWS,ID,ANM,WE,Federal Contract Tower,0,11,2,0,13,0,0,5,0,5,0,11,7,0,18,0,0,0,18
03/28/2004,LWS,ID,ANM,WE,Federal Contract Tower,0,9,1,0,10,0,1,71,0,72,0,10,72,0,82,54,0,54,136
03/29/2004,LWS,ID,ANM,WE,Federal Contract Tower,0,20,4,0,24,0,4,64,2,70,0,24,68,2,94,28,2,30,124
03/30/2004,LWS,ID,ANM,WE,Federal Contract Tower,0,24,4,0,28,0,4,85,0,89,0,28,89,0,117,34,0,34,151
03/31/2004,LWS,ID,ANM,WE,Federal Contract Tower,0,27,5,0,32,0,3,25,0,28,0,30,30,0,60,70,0,70,130
04/01/2004,LWS,ID,ANM,WE,Federal Contract Tower,0,20,5,0,25,0,8,64,0,72,0,28,69,0,97,52,0,52,149
04/02/2004,LWS,ID,ANM,WE,Federal Contract Tower,0,20,5,0,25,0,6,59,0,65,0,26,64,0,90,44,0,44,134
04/03/2004,LWS,ID,ANM,WE,Federal Contract Tower,0,10,2,0,12,0,0,72,0,72,0,10,74,0,84,32,0,32,116
04/04/2004,LWS,ID,ANM,WE,Federal Contract Tower,1,9,2,0,12,1,0,47,0,48,2,9,49,0,60,8,0,8,68
04/05/2004,LWS,ID,ANM,WE,Federal Contract Tower,0,17,5,0,22,0,4,44,0,48,0,21,49,0,70,18,0,18,88
04/06/2004,LWS,ID,ANM,WE,Federal Contract Tower,0,16,5,0,21,0,12,109,0,121,0,28,114,0,142,72,0,72,214
04/07/2004,LWS,ID,ANM,WE,Federal Contract Tower,0,20,5,0,25,2,10,47,0,59,2,30,52,0,84,17,0,17,101
04/08/2004,LWS,ID,ANM,WE,Federal Contract Tower,0,17,5,0,22,0,11,38,0,49,0,28,43,0,71,20,0,20,91
04/09/2004,LWS,ID,ANM,WE,Federal Contract Tower,0,16,5,0,21,0,9,37,0,46,0,25,42,0,67,6,0,6,73
04/10/2004,LWS,ID,ANM,WE,Federal Contract Tower,0,7,2,0,9,0,3,85,0,88,0,10,87,0,97,38,0,38,135
04/11/2004,LWS,ID,ANM,WE,Federal Contract Tower,0,4,2,0,6,0,2,56,0,58,0,6,58,0,64,24,0,24,88
04/12/2004,LWS,ID,ANM,WE,Federal Contract Tower,0,16,5,0,21,0,16,84,0,100,0,32,89,0,121,34,0,34,155
04/13/2004,LWS,ID,ANM,WE,Federal Contract Tower,0,25,7,0,32,0,13,121,0,134,0,38,128,0,166,28,0,28,194
04/14/2004,LWS,ID,ANM,WE,Federal Contract Tower,0,20,4,0,24,0,21,26,0,47,0,41,30,0,71,24,0,24,95
04/15/2004,LWS,ID,ANM,WE,Federal Contract Tower,0,27,6,0,33,0,3,12,0,15,0,30,18,0,48,4,0,4,52
04/16/2004,LWS,ID,ANM,WE,Federal Contract Tower,0,25,5,0,30,0,4,37,0,41,0,29,42,0,71,0,0,0,71
04/17/2004,LWS,ID,ANM,WE,Federal Contract Tower,0,12,4,0,16,0,0,31,0,31,0,12,35,0,47,36,0,36,83
04/18/2004,LWS,ID,ANM,WE,Federal Contract Tower,0,9,2,0,11,0,0,66,2,68,0,9,68,2,79,38,0,38,117
04/19/2004,LWS,ID,ANM,WE,Federal Contract Tower,0,21,5,0,26,0,5,84,0,89,0,26,89,0,115,126,0,126,241
04/20/2004,LWS,ID,ANM,WE,Federal Contract Tower,0,28,6,0,34,0,8,66,0,74,0,36,72,0,108,74,0,74,182
04/21/2004,LWS,ID,ANM,WE,Federal Contract Tower,0,21,4,0,25,0,8,55,0,63,0,29,59,0,88,26,0,26,114
04/22/2004,LWS,ID,ANM,WE,Federal Contract Tower,0,23,5,0,28,0,12,57,0,69,0,35,62,0,97,8,0,8,105
04/23/2004,LWS,ID,ANM,WE,Federal Contract Tower,0,23,5,0,28,0,7,61,0,68,0,30,66,0,96,30,0,30,126
04/24/2004,LWS,ID,ANM,WE,Federal Contract Tower,0,11,2,0,13,0,0,104,1,105,0,11,106,1,118,40,0,40,158
04/25/2004,LWS,ID,ANM,WE,Federal Contract Tower,0,11,2,0,13,0,0,86,1,87,0,11,88,1,100,84,0,84,184
04/26/2004,LWS,ID,ANM,WE,Federal Contract Tower,0,23,5,0,28,0,5,92,2,99,0,28,97,2,127,88,0,88,215
04/27/2004,LWS,ID,ANM,WE,Federal Contract Tower,0,25,6,0,31,0,5,41,0,46,0,30,47,0,77,4,0,4,81
04/28/2004,LWS,ID,ANM,WE,Federal Contract Tower,0,30,7,0,37,0,9,44,2,55,0,39,51,2,92,46,0,46,138
04/29/2004,LWS,ID,ANM,WE,Federal Contract Tower,0,23,5,0,28,0,11,79,0,90,0,34,84,0,118,18,0,18,136
04/30/2004,LWS,ID,ANM,WE,Federal Contract Tower,0,21,5,0,26,0,9,72,2,83,0,30,77,2,109,17,2,19,128
05/01/2004,LWS,ID,ANM,WE,Federal Contract Tower,0,7,2,0,9,0,5,92,2,99,0,12,94,2,108,25,0,25,133
05/02/2004,LWS,ID,ANM,WE,Federal Contract Tower,0,4,2,0,6,0,5,36,0,41,0,9,38,0,47,38,0,38,85
05/03/2004,LWS,ID,ANM,WE,Federal Contract Tower,0,16,6,0,22,0,16,67,0,83,0,32,73,0,105,70,0,70,175
05/04/2004,LWS,ID,ANM,WE,Federal Contract Tower,0,20,8,0,28,0,8,70,0,78,0,28,78,0,106,8,0,8,114
05/05/2004,LWS,ID,ANM,WE,Federal Contract Tower,0,23,8,0,31,0,9,68,0,77,0,32,76,0,108,48,0,48,156
05/06/2004,LWS,ID,ANM,WE,Federal Contract Tower,0,23,7,0,30,0,13,50,0,63,0,36,57,0,93,4,0,4,97
05/07/2004,LWS,ID,ANM,WE,Federal Contract Tower,0,22,7,0,29,0,14,71,0,85,0,36,78,0,114,6,0,6,120
05/08/2004,LWS,ID,ANM,WE,Federal Contract Tower,0,9,3,0,12,0,1,24,0,25,0,10,27,0,37,22,0,22,59
05/09/2004,LWS,ID,ANM,WE,Federal Contract Tower,0,11,4,0,15,0,3,54,0,57,0,14,58,0,72,26,0,26,98
05/10/2004,LWS,ID,ANM,WE,Federal Contract Tower,0,22,7,1,30,0,3,71,1,75,0,25,78,2,105,52,0,52,157
05/11/2004,LWS,ID,ANM,WE,Federal Contract Tower,0,27,11,0,38,0,0,13,0,13,0,27,24,0,51,16,0,16,67
05/12/2004,LWS,ID,ANM,WE,Federal Contract Tower,0,23,8,1,32,0,9,29,1,39,0,32,37,2,71,44,0,44,115
05/13/2004,LWS,ID,ANM,WE,Federal Contract Tower,0,27,8,0,35,0,9,94,0,103,0,36,102,0,138,58,0,58,196
05/14/2004,LWS,ID,ANM,WE,Federal Contract Tower,0,25,7,1,33,0,13,119,3,135,0,38,126,4,168,86,0,86,254
05/15/2004,LWS,ID,ANM,WE,Federal Contract Tower,0,10,4,0,14,0,0,193,6,199,0,10,197,6,213,28,2,30,243
05/16/2004,LWS,ID,ANM,WE,Federal Contract Tower,0,9,5,0,14,0,0,32,0,32,0,9,37,0,46,16,0,16,62
05/17/2004,LWS,ID,ANM,WE,Federal Contract Tower,0,25,8,0,33,0,5,32,0,37,0,30,40,0,70,6,0,6,76
05/18/2004,LWS,ID,ANM,WE,Federal Contract Tower,0,21,6,0,27,0,5,40,0,45,0,26,46,0,72,16,0,16,88
05/19/2004,LWS,ID,ANM,WE,Federal Contract Tower,0,21,6,0,27,2,20,27,0,49,2,41,33,0,76,26,0,26,102
05/20/2004,LWS,ID,ANM,WE,Federal Contract Tower,0,24,7,0,31,0,10,15,0,25,0,34,22,0,56,6,0,6,62
05/21/2004,LWS,ID,ANM,WE,Federal Contract Tower,0,24,8,0,32,0,9,50,0,59,0,33,58,0,91,26,0,26,117
05/22/2004,LWS,ID,ANM,WE,Federal Contract Tower,0,10,3,0,13,0,0,18,0,18,0,10,21,0,31,4,0,4,35
05/23/2004,LWS,ID,ANM,WE,Federal Contract Tower,0,11,3,0,14,0,0,28,2,30,0,11,31,2,44,6,0,6,50
05/24/2004,LWS,ID,ANM,WE,Federal Contract Tower,0,30,10,0,40,0,8,69,0,77,0,38,79,0,117,38,0,38,155
05/25/2004,LWS,ID,ANM,WE,Federal Contract Tower,0,21,6,0,27,2,9,61,2,74,2,30,67,2,101,70,8,78,179
05/26/2004,LWS,ID,ANM,WE,Federal Contract Tower,0,23,7,0,30,0,7,14,0,21,0,30,21,0,51,6,0,6,57
05/27/2004,LWS,ID,ANM,WE,Federal Contract Tower,0,25,8,0,33,0,4,12,0,16,0,29,20,0,49,10,0,10,59
05/28/2004,LWS,ID,ANM,WE,Federal Contract Tower,0,29,9,0,38,2,0,23,0,25,2,29,32,0,63,10,0,10,73
05/29/2004,LWS,ID,ANM,WE,Federal Contract Tower,0,9,3,0,12,0,2,12,0,14,0,11,15,0,26,8,0,8,34
05/30/2004,LWS,ID,ANM,WE,Federal Contract Tower,0,5,1,0,6,0,1,4,0,5,0,6,5,0,11,4,0,4,15
05/31/2004,LWS,ID,ANM,WE,Federal Contract Tower,0,11,4,0,15,0,0,32,0,32,0,11,36,0,47,41,0,41,88
06/01/2004,LWS,ID,ANM,WE,Federal Contract Tower,0,17,5,0,22,0,14,47,0,61,0,31,52,0,83,6,0,6,89
06/02/2004,LWS,ID,ANM,WE,Federal Contract Tower,0,19,5,0,24,0,17,80,0,97,0,36,85,0,121,72,0,72,193
06/03/2004,LWS,ID,ANM,WE,Federal Contract Tower,0,22,6,0,28,0,6,50,0,56,0,28,56,0,84,22,0,22,106
06/04/2004,LWS,ID,ANM,WE,Federal Contract Tower,0,16,4,0,20,0,17,41,0,58,0,33,45,0,78,21,0,21,99
06/05/2004,LWS,ID,ANM,WE,Federal Contract Tower,0,11,3,0,14,0,0,33,0,33,0,11,36,0,47,2,0,2,49
06/06/2004,LWS,ID,ANM,WE,Federal Contract Tower,0,9,3,0,12,0,5,56,0,61,0,14,59,0,73,12,0,12,85
06/07/2004,LWS,ID,ANM,WE,Federal Contract Tower,0,24,6,0,30,0,7,48,0,55,0,31,54,0,85,74,0,74,159
06/08/2004,LWS,ID,ANM,WE,Federal Contract Tower,0,29,8,0,37,0,0,64,0,64,0,29,72,0,101,38,0,38,139
06/09/2004,LWS,ID,ANM,WE,Federal Contract Tower,0,26,6,0,32,0,10,47,0,57,0,36,53,0,89,48,0,48,137
06/10/2004,LWS,ID,ANM,WE,Federal Contract Tower,0,29,7,0,36,0,1,16,0,17,0,30,23,0,53,0,0,0,53
06/11/2004,LWS,ID,ANM,WE,Federal Contract Tower,0,22,5,1,28,0,15,45,9,69,0,37,50,10,97,22,0,22,119
06/12/2004,LWS,ID,ANM,WE,Federal Contract Tower,0,15,3,0,18,0,2,76,0,78,0,17,79,0,96,18,0,18,114
06/13/2004,LWS,ID,ANM,WE,Federal Contract Tower,0,8,2,0,10,0,1,74,0,75,0,9,76,0,85,22,0,22,107
06/14/2004,LWS,ID,ANM,WE,Federal Contract Tower,0,21,5,1,27,0,9,73,5,87,0,30,78,6,114,34,0,34,148
06/15/2004,LWS,ID,ANM,WE,Federal Contract Tower,0,22,5,0,27,0,10,71,0,81,0,32,76,0,108,28,0,28,136
06/16/2004,LWS,ID,ANM,WE,Federal Contract Tower,0,27,5,0,32,0,15,97,0,112,0,42,102,0,144,104,0,104,248
06/17/2004,LWS,ID,ANM,WE,Federal Contract Tower,0,23,5,0,28,0,7,65,0,72,0,30,70,0,100,14,0,14,114
06/18/2004,LWS,ID,ANM,WE,Federal Contract Tower,0,24,5,0,29,0,11,66,0,77,0,35,71,0,106,2,0,2,108
06/19/2004,LWS,ID,ANM,WE,Federal Contract Tower,0,10,2,0,12,0,2,49,0,51,0,12,51,0,63,32,0,32,95
06/20/2004,LWS,ID,ANM,WE,Federal Contract Tower,0,10,2,0,12,0,2,72,0,74,0,12,74,0,86,52,0,52,138
06/21/2004,LWS,ID,ANM,WE,Federal Contract Tower,0,27,6,0,33,0,5,101,0,106,0,32,107,0,139,178,0,178,317
06/22/2004,LWS,ID,ANM,WE,Federal Contract Tower,0,27,5,0,32,0,17,113,0,130,0,44,118,0,162,84,0,84,246
06/23/2004,LWS,ID,ANM,WE,Federal Contract Tower,0,21,4,0,25,0,16,99,0,115,0,37,103,0,140,60,0,60,200
06/24/2004,LWS,ID,ANM,WE,Federal Contract Tower,0,23,5,0,28,0,13,49,0,62,0,36,54,0,90,6,0,6,96
06/25/2004,LWS,ID,ANM,WE,Federal Contract Tower,0,26,5,0,31,0,11,42,4,57,0,37,47,4,88,18,0,18,106
06/26/2004,LWS,ID,ANM,WE,Federal Contract Tower,0,9,2,0,11,0,2,50,0,52,0,11,52,0,63,60,0,60,123
06/27/2004,LWS,ID,ANM,WE,Federal Contract Tower,0,12,2,0,14,0,4,69,0,73,0,16,71,0,87,28,0,28,115
06/28/2004,LWS,ID,ANM,WE,Federal Contract Tower,0,20,4,0,24,0,12,90,0,102,0,32,94,0,126,46,0,46,172
06/29/2004,LWS,ID,ANM,WE,Federal Contract Tower,0,24,5,0,29,0,14,86,2,102,0,38,91,2,131,38,0,38,169
06/30/2004,LWS,ID,ANM,WE,Federal Contract Tower,0,21,4,0,25,0,15,75,6,96,0,36,79,6,121,52,0,52,173
07/01/2004,LWS,ID,ANM,WE,Federal Contract Tower,0,22,4,0,26,0,13,70,0,83,0,35,74,0,109,48,0,48,157
07/02/2004,LWS,ID,ANM,WE,Federal Contract Tower,0,19,4,0,23,0,14,45,0,59,0,33,49,0,82,26,0,26,108
07/03/2004,LWS,ID,ANM,WE,Federal Contract Tower,1,16,3,0,20,3,0,65,2,70,4,16,68,2,90,24,0,24,114
07/04/2004,LWS,ID,ANM,WE,Federal Contract Tower,0,9,2,0,11,0,3,32,0,35,0,12,34,0,46,6,0,6,52
07/05/2004,LWS,ID,ANM,WE,Federal Contract Tower,0,13,4,0,17,0,6,83,0,89,0,19,87,0,106,8,0,8,114
07/06/2004,LWS,ID,ANM,WE,Federal Contract Tower,0,23,6,0,29,0,7,66,0,73,0,30,72,0,102,14,0,14,116
07/07/2004,LWS,ID,ANM,WE,Federal Contract Tower,0,23,6,0,29,0,11,59,6,76,0,34,65,6,105,24,0,24,129
07/08/2004,LWS,ID,ANM,WE,Federal Contract Tower,0,22,5,0,27,0,13,52,0,65,0,35,57,0,92,18,0,18,110
07/09/2004,LWS,ID,ANM,WE,Federal Contract Tower,0,20,5,0,25,0,14,57,0,71,0,34,62,0,96,20,0,20,116
07/10/2004,LWS,ID,ANM,WE,Federal Contract Tower,0,10,3,0,13,0,4,34,0,38,0,14,37,0,51,20,0,20,71
07/11/2004,LWS,ID,ANM,WE,Federal Contract Tower,0,13,3,0,16,0,2,48,0,50,0,15,51,0,66,24,0,24,90
07/12/2004,LWS,ID,ANM,WE,Federal Contract Tower,0,22,6,0,28,0,11,36,0,47,0,33,42,0,75,18,0,18,93
07/13/2004,LWS,ID,ANM,WE,Federal Contract Tower,0,28,7,0,35,0,10,61,0,71,0,38,68,0,106,58,0,58,164
07/14/2004,LWS,ID,ANM,WE,Federal Contract Tower,0,27,7,0,34,0,9,91,5,105,0,36,98,5,139,82,0,82,221
07/15/2004,LWS,ID,ANM,WE,Federal Contract Tower,0,27,6,1,34,0,6,69,2,77,0,33,75,3,111,58,0,58,169
07/16/2004,LWS,ID,ANM,WE,Federal Contract Tower,0,27,6,0,33,0,7,81,1,89,0,34,87,1,122,36,0,36,158
07/17/2004,LWS,ID,ANM,WE,Federal Contract Tower,0,11,2,0,13,0,5,84,0,89,0,16,86,0,102,32,0,32,134
07/18/2004,LWS,ID,ANM,WE,Federal Contract Tower,0,10,2,0,12,0,1,37,0,38,0,11,39,0,50,50,0,50,100
07/19/2004,LWS,ID,ANM,WE,Federal Contract Tower,0,23,5,0,28,0,7,37,0,44,0,30,42,0,72,10,0,10,82
07/20/2004,LWS,ID,ANM,WE,Federal Contract Tower,0,22,4,0,26,0,15,38,0,53,0,37,42,0,79,14,0,14,93
07/21/2004,LWS,ID,ANM,WE,Federal Contract Tower,0,27,5,0,32,0,15,107,0,122,0,42,112,0,154,52,0,52,206
07/22/2004,LWS,ID,ANM,WE,Federal Contract Tower,0,18,3,0,21,0,16,48,0,64,0,34,51,0,85,48,0,48,133
07/23/2004,LWS,ID,ANM,WE,Federal Contract Tower,0,31,7,0,38,0,7,87,0,94,0,38,94,0,132,36,0,36,168
07/24/2004,LWS,ID,ANM,WE,Federal Contract Tower,0,15,3,0,18,0,2,55,0,57,0,17,58,0,75,42,0,42,117
07/25/2004,LWS,ID,ANM,WE,Federal Contract Tower,0,12,2,0,14,0,0,52,0,52,0,12,54,0,66,12,0,12,78
07/26/2004,LWS,ID,ANM,WE,Federal Contract Tower,0,27,5,0,32,0,5,84,0,89,0,32,89,0,121,26,0,26,147
07/27/2004,LWS,ID,ANM,WE,Federal Contract Tower,0,28,6,0,34,0,11,76,0,87,0,39,82,0,121,18,0,18,139
07/28/2004,LWS,ID,ANM,WE,Federal Contract Tower,0,21,4,0,25,0,20,65,0,85,0,41,69,0,110,12,0,12,122
07/29/2004,LWS,ID,ANM,WE,Federal Contract Tower,0,23,5,0,28,0,9,53,0,62,0,32,58,0,90,2,0,2,92
07/30/2004,LWS,ID,ANM,WE,Federal Contract Tower,0,24,5,0,29,0,11,50,0,61,0,35,55,0,90,38,0,38,128
07/31/2004,LWS,ID,ANM,WE,Federal Contract Tower,0,14,2,0,16,0,3,33,0,36,0,17,35,0,52,34,0,34,86
08/01/2004,LWS,ID,ANM,WE,Federal Contract Tower,0,14,2,0,16,0,0,45,0,45,0,14,47,0,61,88,0,88,149
08/02/2004,LWS,ID,ANM,WE,Federal Contract Tower,0,20,5,0,25,0,10,53,0,63,0,30,58,0,88,54,0,54,142
08/03/2004,LWS,ID,ANM,WE,Federal Contract Tower,0,23,5,0,28,0,6,40,0,46,0,29,45,0,74,44,0,44,118
08/04/2004,LWS,ID,ANM,WE,Federal Contract Tower,0,22,5,0,27,0,14,84,0,98,0,36,89,0,125,68,0,68,193
08/05/2004,LWS,ID,ANM,WE,Federal Contract Tower,0,29,6,0,35,0,13,59,0,72,0,42,65,0,107,10,0,10,117
08/06/2004,LWS,ID,ANM,WE,Federal Contract Tower,0,21,5,0,26,0,11,45,0,56,0,32,50,0,82,10,0,10,92
08/07/2004,LWS,ID,ANM,WE,Federal Contract Tower,0,15,4,0,19,0,0,41,0,41,0,15,45,0,60,42,0,42,102
08/08/2004,LWS,ID,ANM,WE,Federal Contract Tower,0,8,3,0,11,2,0,55,0,57,2,8,58,0,68,64,0,64,132
08/09/2004,LWS,ID,ANM,WE,Federal Contract Tower,0,24,5,0,29,0,12,81,0,93,0,36,86,0,122,46,0,46,168
08/10/2004,LWS,ID,ANM,WE,Federal Contract Tower,0,24,5,0,29,0,14,83,0,97,0,38,88,0,126,54,0,54,180
08/11/2004,LWS,ID,ANM,WE,Federal Contract Tower,0,18,4,0,22,0,11,60,0,71,0,29,64,0,93,18,0,18,111
08/12/2004,LWS,ID,ANM,WE,Federal Contract Tower,0,22,5,0,27,0,11,65,0,76,0,33,70,0,103,44,0,44,147
08/13/2004,LWS,ID,ANM,WE,Federal Contract Tower,0,19,5,0,24,0,14,39,0,53,0,33,44,0,77,0,0,0,77
08/14/2004,LWS,ID,ANM,WE,Federal Contract Tower,0,12,3,0,15,0,6,30,0,36,0,18,33,0,51,6,0,6,57
08/15/2004,LWS,ID,ANM,WE,Federal Contract Tower,0,9,1,0,10,0,8,37,0,45,0,17,38,0,55,10,0,10,65
08/16/2004,LWS,ID,ANM,WE,Federal Contract Tower,0,27,5,0,32,0,11,81,0,92,0,38,86,0,124,22,0,22,146
08/17/2004,LWS,ID,ANM,WE,Federal Contract Tower,0,25,4,0,29,0,22,82,0,104,0,47,86,0,133,18,0,18,151
08/18/2004,LWS,ID,ANM,WE,Federal Contract Tower,0,25,4,0,29,0,6,36,0,42,0,31,40,0,71,30,0,30,101
08/19/2004,LWS,ID,ANM,WE,Federal Contract Tower,0,24,4,0,28,0,11,39,0,50,0,35,43,0,78,2,0,2,80
08/20/2004,LWS,ID,ANM,WE,Federal Contract Tower,0,16,3,0,19,0,12,32,0,44,0,28,35,0,63,15,0,15,78
08/21/2004,LWS,ID,ANM,WE,Federal Contract Tower,0,12,2,0,14,0,5,43,0,48,0,17,45,0,62,12,0,12,74
08/22/2004,LWS,ID,ANM,WE,Federal Contract Tower,0,13,2,0,15,0,0,12,0,12,0,13,14,0,27,6,0,6,33
08/23/2004,LWS,ID,ANM,WE,Federal Contract Tower,0,30,5,0,35,0,4,77,2,83,0,34,82,2,118,26,4,30,148
08/24/2004,LWS,ID,ANM,WE,Federal Contract Tower,0,32,6,0,38,0,0,22,0,22,0,32,28,0,60,2,0,2,62
08/25/2004,LWS,ID,ANM,WE,Federal Contract Tower,0,26,5,0,31,0,10,0,0,10,0,36,5,0,41,0,0,0,41
08/26/2004,LWS,ID,ANM,WE,Federal Contract Tower,0,31,6,0,37,0,5,27,0,32,0,36,33,0,69,12,0,12,81
08/27/2004,LWS,ID,ANM,WE,Federal Contract Tower,0,25,4,0,29,0,6,31,0,37,0,31,35,0,66,14,0,14,80
08/28/2004,LWS,ID,ANM,WE,Federal Contract Tower,0,15,3,0,18,0,5,36,2,43,0,20,39,2,61,4,0,4,65
08/29/2004,LWS,ID,ANM,WE,Federal Contract Tower,0,12,2,0,14,0,2,71,0,73,0,14,73,0,87,27,0,27,114
08/30/2004,LWS,ID,ANM,WE,Federal Contract Tower,0,23,4,0,27,0,10,47,0,57,0,33,51,0,84,10,0,10,94
08/31/2004,LWS,ID,ANM,WE,Federal Contract Tower,0,24,4,0,28,0,15,49,0,64,0,39,53,0,92,8,0,8,100
09/01/2004,LWS,ID,ANM,WE,Federal Contract Tower,0,27,6,0,33,0,15,35,0,50,0,42,41,0,83,2,0,2,85
09/02/2004,LWS,ID,ANM,WE,Federal Contract Tower,0,24,5,0,29,0,7,22,2,31,0,31,27,2,60,18,0,18,78
09/03/2004,LWS,ID,ANM,WE,Federal Contract Tower,0,24,5,0,29,0,5,81,0,86,0,29,86,0,115,12,0,12,127
09/04/2004,LWS,ID,ANM,WE,Federal Contract Tower,0,11,3,0,14,0,7,47,0,54,0,18,50,0,68,0,0,0,68
09/05/2004,LWS,ID,ANM,WE,Federal Contract Tower,0,9,2,0,11,0,5,86,0,91,0,14,88,0,102,24,0,24,126
09/06/2004,LWS,ID,ANM,WE,Federal Contract Tower,0,13,3,0,16,0,0,41,0,41,0,13,44,0,57,48,0,48,105
09/07/2004,LWS,ID,ANM,WE,Federal Contract Tower,0,19,4,0,23,0,19,69,0,88,0,38,73,0,111,42,0,42,153
09/08/2004,LWS,ID,ANM,WE,Federal Contract Tower,0,20,4,0,24,0,22,105,0,127,0,42,109,0,151,88,0,88,239
09/09/2004,LWS,ID,ANM,WE,Federal Contract Tower,0,22,4,0,26,0,10,38,0,48,0,32,42,0,74,20,0,20,94
09/10/2004,LWS,ID,ANM,WE,Federal Contract Tower,0,22,5,0,27,0,8,60,0,68,0,30,65,0,95,0,0,0,95
09/11/2004,LWS,ID,ANM,WE,Federal Contract Tower,0,18,3,1,22,0,1,14,1,16,0,19,17,2,38,0,0,0,38
09/12/2004,LWS,ID,ANM,WE,Federal Contract Tower,0,14,2,0,16,0,0,22,0,22,0,14,24,0,38,0,0,0,38
09/13/2004,LWS,ID,ANM,WE,Federal Contract Tower,0,27,5,1,33,0,1,33,1,35,0,28,38,2,68,26,0,26,94
09/14/2004,LWS,ID,ANM,WE,Federal Contract Tower,0,28,5,1,34,0,11,38,1,50,0,39,43,2,84,32,0,32,116
09/15/2004,LWS,ID,ANM,WE,Federal Contract Tower,0,29,5,0,34,0,8,23,0,31,0,37,28,0,65,12,0,12,77
09/16/2004,LWS,ID,ANM,WE,Federal Contract Tower,0,28,4,0,32,0,10,63,0,73,0,38,67,0,105,34,0,34,139
09/17/2004,LWS,ID,ANM,WE,Federal Contract Tower,0,24,4,0,28,0,12,55,0,67,0,36,59,0,95,8,0,8,103
09/18/2004,LWS,ID,ANM,WE,Federal Contract Tower,0,14,3,0,17,0,0,29,0,29,0,14,32,0,46,0,0,0,46
09/19/2004,LWS,ID,ANM,WE,Federal Contract Tower,0,14,2,0,16,0,1,56,0,57,0,15,58,0,73,34,0,34,107
09/20/2004,LWS,ID,ANM,WE,Federal Contract Tower,0,26,4,0,30,0,6,33,0,39,0,32,37,0,69,4,0,4,73
09/21/2004,LWS,ID,ANM,WE,Federal Contract Tower,0,26,4,0,30,0,14,42,0,56,0,40,46,0,86,2,0,2,88
09/22/2004,LWS,ID,ANM,WE,Federal Contract Tower,0,26,4,0,30,0,10,37,0,47,0,36,41,0,77,0,0,0,77
09/23/2004,LWS,ID,ANM,WE,Federal Contract Tower,0,28,5,0,33,0,7,19,0,26,0,35,24,0,59,16,0,16,75
09/24/2004,LWS,ID,ANM,WE,Federal Contract Tower,0,28,5,0,33,0,15,92,0,107,0,43,97,0,140,38,0,38,178
09/25/2004,LWS,ID,ANM,WE,Federal Contract Tower,0,16,3,0,19,0,0,103,0,103,0,16,106,0,122,24,0,24,146
09/26/2004,LWS,ID,ANM,WE,Federal Contract Tower,0,12,1,0,13,0,2,91,0,93,0,14,92,0,106,32,0,32,138
09/27/2004,LWS,ID,ANM,WE,Federal Contract Tower,0,26,4,0,30,0,13,83,0,96,0,39,87,0,126,38,0,38,164
09/28/2004,LWS,ID,ANM,WE,Federal Contract Tower,0,28,4,0,32,0,16,92,0,108,0,44,96,0,140,28,0,28,168
09/29/2004,LWS,ID,ANM,WE,Federal Contract Tower,0,28,4,0,32,0,9,61,0,70,0,37,65,0,102,42,0,42,144
09/30/2004,LWS,ID,ANM,WE,Federal Contract Tower,0,23,3,0,26,0,14,45,0,59,0,37,48,0,85,2,0,2,87
10/01/2004,LWS,ID,ANM,WE,Federal Contract Tower,0,24,2,0,26,0,13,46,0,59,0,37,48,0,85,2,0,2,87
10/02/2004,LWS,ID,ANM,WE,Federal Contract Tower,0,14,5,0,19,0,0,49,0,49,0,14,54,0,68,8,0,8,76
10/03/2004,LWS,ID,ANM,WE,Federal Contract Tower,0,15,0,0,15,0,3,79,0,82,0,18,79,0,97,56,0,56,153
10/04/2004,LWS,ID,ANM,WE,Federal Contract Tower,0,28,1,0,29,0,10,75,0,85,0,38,76,0,114,22,0,22,136
10/05/2004,LWS,ID,ANM,WE,Federal Contract Tower,0,27,4,0,31,0,16,77,0,93,0,43,81,0,124,8,0,8,132
10/06/2004,LWS,ID,ANM,WE,Federal Contract Tower,0,32,4,0,36,0,6,72,0,78,0,38,76,0,114,24,0,24,138
10/07/2004,LWS,ID,ANM,WE,Federal Contract Tower,0,29,3,0,32,0,5,23,0,28,0,34,26,0,60,8,0,8,68
10/08/2004,LWS,ID,ANM,WE,Federal Contract Tower,0,27,4,0,31,0,12,37,0,49,0,39,41,0,80,12,0,12,92
10/09/2004,LWS,ID,ANM,WE,Federal Contract Tower,0,18,6,0,24,0,0,11,0,11,0,18,17,0,35,6,0,6,41
10/10/2004,LWS,ID,ANM,WE,Federal Contract Tower,0,15,8,0,23,0,0,60,0,60,0,15,68,0,83,16,0,16,99
10/11/2004,LWS,ID,ANM,WE,Federal Contract Tower,0,24,6,0,30,0,1,29,0,30,0,25,35,0,60,6,0,6,66
10/12/2004,LWS,ID,ANM,WE,Federal Contract Tower,0,27,6,0,33,0,8,78,0,86,0,35,84,0,119,28,0,28,147
10/13/2004,LWS,ID,ANM,WE,Federal Contract Tower,0,29,4,0,33,0,13,92,0,105,0,42,96,0,138,54,0,54,192
10/14/2004,LWS,ID,ANM,WE,Federal Contract Tower,0,27,4,0,31,0,10,37,0,47,0,37,41,0,78,0,0,0,78
10/15/2004,LWS,ID,ANM,WE,Federal Contract Tower,0,26,5,0,31,0,8,34,0,42,0,34,39,0,73,5,0,5,78
10/16/2004,LWS,ID,ANM,WE,Federal Contract Tower,0,17,1,0,18,0,0,28,0,28,0,17,29,0,46,23,0,23,69
10/17/2004,LWS,ID,ANM,WE,Federal Contract Tower,0,14,7,0,21,0,0,32,0,32,0,14,39,0,53,2,0,2,55
10/18/2004,LWS,ID,ANM,WE,Federal Contract Tower,0,30,3,0,33,0,1,6,0,7,0,31,9,0,40,0,0,0,40
10/19/2004,LWS,ID,ANM,WE,Federal Contract Tower,0,29,2,0,31,0,19,39,0,58,0,48,41,0,89,14,0,14,103
10/20/2004,LWS,ID,ANM,WE,Federal Contract Tower,0,31,13,0,44,0,10,31,0,41,0,41,44,0,85,0,0,0,85
10/21/2004,LWS,ID,ANM,WE,Federal Contract Tower,0,30,8,0,38,0,4,6,0,10,0,34,14,0,48,0,0,0,48
10/22/2004,LWS,ID,ANM,WE,Federal Contract Tower,0,27,3,0,30,0,10,7,0,17,0,37,10,0,47,0,0,0,47
10/23/2004,LWS,ID,ANM,WE,Federal Contract Tower,0,17,6,0,23,0,0,22,0,22,0,17,28,0,45,12,0,12,57
10/24/2004,LWS,ID,ANM,WE,Federal Contract Tower,0,14,4,0,18,0,0,55,0,55,0,14,59,0,73,72,0,72,145
10/25/2004,LWS,ID,ANM,WE,Federal Contract Tower,0,26,1,0,27,0,5,44,0,49,0,31,45,0,76,64,0,64,140
10/26/2004,LWS,ID,ANM,WE,Federal Contract Tower,0,28,5,0,33,0,8,67,0,75,0,36,72,0,108,56,0,56,164
10/27/2004,LWS,ID,ANM,WE,Federal Contract Tower,0,31,4,0,35,0,9,69,0,78,0,40,73,0,113,36,0,36,149
10/28/2004,LWS,ID,ANM,WE,Federal Contract Tower,0,31,6,0,37,0,6,34,0,40,0,37,40,0,77,24,0,24,101
10/29/2004,LWS,ID,ANM,WE,Federal Contract Tower,0,28,1,0,29,0,1,8,0,9,0,29,9,0,38,0,0,0,38
10/30/2004,LWS,ID,ANM,WE,Federal Contract Tower,0,14,2,0,16,0,0,10,0,10,0,14,12,0,26,0,0,0,26
10/31/2004,LWS,ID,ANM,WE,Federal Contract Tower,0,13,7,0,20,0,0,12,0,12,0,13,19,0,32,2,0,2,34
11/01/2004,LWS,ID,ANM,WE,Federal Contract Tower,0,28,2,0,30,0,8,62,0,70,0,36,64,0,100,2,0,2,102
11/02/2004,LWS,ID,ANM,WE,Federal Contract Tower,0,29,2,0,31,0,5,26,0,31,0,34,28,0,62,0,0,0,62
11/03/2004,LWS,ID,ANM,WE,Federal Contract Tower,0,30,3,0,33,0,4,58,0,62,0,34,61,0,95,18,0,18,113
11/04/2004,LWS,ID,ANM,WE,Federal Contract Tower,0,28,2,0,30,0,10,25,0,35,0,38,27,0,65,4,0,4,69
11/05/2004,LWS,ID,ANM,WE,Federal Contract Tower,0,29,4,0,33,0,8,56,0,64,0,37,60,0,97,56,0,56,153
11/06/2004,LWS,ID,ANM,WE,Federal Contract Tower,0,15,3,0,18,0,0,21,0,21,0,15,24,0,39,20,0,20,59
11/07/2004,LWS,ID,ANM,WE,Federal Contract Tower,2,20,2,0,24,0,2,56,0,58,2,22,58,0,82,46,0,46,128
11/08/2004,LWS,ID,ANM,WE,Federal Contract Tower,0,29,10,0,39,0,10,69,0,79,0,39,79,0,118,33,0,33,151
11/09/2004,LWS,ID,ANM,WE,Federal Contract Tower,2,30,4,0,36,0,5,12,0,17,2,35,16,0,53,40,0,40,93
11/10/2004,LWS,ID,ANM,WE,Federal Contract Tower,0,29,12,0,41,0,2,11,0,13,0,31,23,0,54,0,0,0,54
11/11/2004,LWS,ID,ANM,WE,Federal Contract Tower,0,24,13,0,37,0,1,10,0,11,0,25,23,0,48,2,0,2,50
11/12/2004,LWS,ID,ANM,WE,Federal Contract Tower,4,29,9,0,42,0,5,30,0,35,4,34,39,0,77,0,0,0,77
11/13/2004,LWS,ID,ANM,WE,Federal Contract Tower,0,19,5,0,24,0,0,33,0,33,0,19,38,0,57,28,0,28,85
11/14/2004,LWS,ID,ANM,WE,Federal Contract Tower,0,13,2,0,15,0,0,33,0,33,0,13,35,0,48,62,0,62,110
11/15/2004,LWS,ID,ANM,WE,Federal Contract Tower,0,29,4,0,33,0,2,46,0,48,0,31,50,0,81,18,0,18,99
11/16/2004,LWS,ID,ANM,WE,Federal Contract Tower,0,32,9,0,41,0,10,31,0,41,0,42,40,0,82,0,0,0,82
11/17/2004,LWS,ID,ANM,WE,Federal Contract Tower,0,32,11,0,43,0,3,8,0,11,0,35,19,0,54,2,0,2,56
11/18/2004,LWS,ID,ANM,WE,Federal Contract Tower,3,28,4,0,35,0,6,14,0,20,3,34,18,0,55,0,0,0,55
11/19/2004,LWS,ID,ANM,WE,Federal Contract Tower,2,28,3,0,33,0,8,74,0,82,2,36,77,0,115,28,0,28,143
11/20/2004,LWS,ID,ANM,WE,Federal Contract Tower,2,18,4,0,24,0,3,82,0,85,2,21,86,0,109,62,0,62,171
11/21/2004,LWS,ID,ANM,WE,Federal Contract Tower,0,14,2,0,16,0,4,74,0,78,0,18,76,0,94,92,0,92,186
11/22/2004,LWS,ID,ANM,WE,Federal Contract Tower,0,31,5,0,36,0,5,32,0,37,0,36,37,0,73,28,0,28,101
11/23/2004,LWS,ID,ANM,WE,Federal Contract Tower,0,31,8,0,39,0,7,76,0,83,0,38,84,0,122,14,0,14,136
11/24/2004,LWS,ID,ANM,WE,Federal Contract Tower,0,31,1,0,32,0,1,2,0,3,0,32,3,0,35,0,0,0,35
11/25/2004,LWS,ID,ANM,WE,Federal Contract Tower,0,8,0,0,8,0,0,5,0,5,0,8,5,0,13,4,0,4,17
11/26/2004,LWS,ID,ANM,WE,Federal Contract Tower,0,22,0,0,22,0,3,21,0,24,0,25,21,0,46,30,0,30,76
11/27/2004,LWS,ID,ANM,WE,Federal Contract Tower,0,21,1,0,22,0,0,0,0,0,0,21,1,0,22,0,0,0,22
11/28/2004,LWS,ID,ANM,WE,Federal Contract Tower,0,16,5,0,21,0,0,67,0,67,0,16,72,0,88,96,0,96,184
11/29/2004,LWS,ID,ANM,WE,Federal Contract Tower,0,27,2,0,29,0,3,22,0,25,0,30,24,0,54,6,0,6,60
11/30/2004,LWS,ID,ANM,WE,Federal Contract Tower,0,31,7,0,38,0,0,5,0,5,0,31,12,0,43,0,0,0,43
12/01/2004,LWS,ID,ANM,WE,Federal Contract Tower,0,28,6,0,34,0,0,0,0,0,0,28,6,0,34,0,0,0,34
12/02/2004,LWS,ID,ANM,WE,Federal Contract Tower,0,27,9,0,36,0,0,0,0,0,0,27,9,0,36,8,0,8,44
12/03/2004,LWS,ID,ANM,WE,Federal Contract Tower,0,27,6,0,33,0,14,21,0,35,0,41,27,0,68,26,0,26,94
12/04/2004,LWS,ID,ANM,WE,Federal Contract Tower,0,13,3,0,16,0,1,0,0,1,0,14,3,0,17,4,0,4,21
12/05/2004,LWS,ID,ANM,WE,Federal Contract Tower,0,15,0,0,15,0,0,4,0,4,0,15,4,0,19,4,0,4,23
12/06/2004,LWS,ID,ANM,WE,Federal Contract Tower,0,32,5,0,37,0,0,28,0,28,0,32,33,0,65,36,0,36,101
12/07/2004,LWS,ID,ANM,WE,Federal Contract Tower,0,32,5,0,37,0,0,19,0,19,0,32,24,0,56,26,0,26,82
12/08/2004,LWS,ID,ANM,WE,Federal Contract Tower,0,35,2,0,37,0,5,19,0,24,0,40,21,0,61,0,0,0,61
12/09/2004,LWS,ID,ANM,WE,Federal Contract Tower,0,28,6,0,34,0,4,16,0,20,0,32,22,0,54,8,0,8,62
12/10/2004,LWS,ID,ANM,WE,Federal Contract Tower,0,27,3,0,30,0,11,7,0,18,0,38,10,0,48,36,0,36,84
12/11/2004,LWS,ID,ANM,WE,Federal Contract Tower,0,15,4,0,19,0,0,8,0,8,0,15,12,0,27,6,0,6,33
12/12/2004,LWS,ID,ANM,WE,Federal Contract Tower,0,16,12,0,28,0,0,26,0,26,0,16,38,0,54,28,0,28,82
12/13/2004,LWS,ID,ANM,WE,Federal Contract Tower,0,28,1,0,29,0,2,27,0,29,0,30,28,0,58,58,0,58,116
12/14/2004,LWS,ID,ANM,WE,Federal Contract Tower,0,30,9,0,39,0,3,15,0,18,0,33,24,0,57,10,0,10,67
12/15/2004,LWS,ID,ANM,WE,Federal Contract Tower,0,34,10,0,44,0,11,54,0,65,0,45,64,0,109,94,0,94,203
12/16/2004,LWS,ID,ANM,WE,Federal Contract Tower,0,33,7,0,40,0,9,93,0,102,0,42,100,0,142,206,0,206,348
12/17/2004,LWS,ID,ANM,WE,Federal Contract Tower,0,29,11,0,40,0,7,46,0,53,0,36,57,0,93,140,0,140,233
12/18/2004,LWS,ID,ANM,WE,Federal Contract Tower,0,19,5,0,24,0,0,11,0,11,0,19,16,0,35,30,0,30,65
12/19/2004,LWS,ID,ANM,WE,Federal Contract Tower,0,13,2,0,15,0,0,24,0,24,0,13,26,0,39,22,0,22,61
12/20/2004,LWS,ID,ANM,WE,Federal Contract Tower,0,25,4,0,29,0,13,72,0,85,0,38,76,0,114,62,0,62,176
12/21/2004,LWS,ID,ANM,WE,Federal Contract Tower,0,32,6,0,38,0,6,18,0,24,0,38,24,0,62,8,0,8,70
12/22/2004,LWS,ID,ANM,WE,Federal Contract Tower,0,30,5,2,37,0,10,16,0,26,0,40,21,2,63,6,0,6,69
12/23/2004,LWS,ID,ANM,WE,Federal Contract Tower,0,29,9,0,38,0,8,21,0,29,0,37,30,0,67,40,0,40,107
12/24/2004,LWS,ID,ANM,WE,Federal Contract Tower,0,23,1,0,24,0,10,12,0,22,0,33,13,0,46,0,0,0,46
12/25/2004,LWS,ID,ANM,WE,Federal Contract Tower,0,10,0,0,10,0,0,4,0,4,0,10,4,0,14,4,0,4,18
12/26/2004,LWS,ID,ANM,WE,Federal Contract Tower,0,13,2,0,15,0,0,30,0,30,0,13,32,0,45,38,0,38,83
12/27/2004,LWS,ID,ANM,WE,Federal Contract Tower,0,25,4,0,29,0,7,37,0,44,0,32,41,0,73,46,0,46,119
12/28/2004,LWS,ID,ANM,WE,Federal Contract Tower,0,32,2,0,34,0,3,40,0,43,0,35,42,0,77,8,0,8,85
12/29/2004,LWS,ID,ANM,WE,Federal Contract Tower,0,27,4,2,33,0,3,5,2,10,0,30,9,4,43,4,0,4,47
12/30/2004,LWS,ID,ANM,WE,Federal Contract Tower,0,21,2,0,23,0,0,0,0,0,0,21,2,0,23,4,0,4,27
12/31/2004,LWS,ID,ANM,WE,Federal Contract Tower,0,24,2,0,26,0,0,0,0,0,0,24,2,0,26,0,0,0,26
01/01/2005,LWS,ID,ANM,WE,Federal Contract Tower,0,9,2,0,11,0,0,0,0,0,0,9,2,0,11,0,0,0,11
01/02/2005,LWS,ID,ANM,WE,Federal Contract Tower,0,17,5,0,22,0,0,0,0,0,0,17,5,0,22,0,0,0,22
01/03/2005,LWS,ID,ANM,WE,Federal Contract Tower,0,26,3,0,29,0,0,9,0,9,0,26,12,0,38,14,0,14,52
01/04/2005,LWS,ID,ANM,WE,Federal Contract Tower,0,28,8,0,36,0,2,29,0,31,0,30,37,0,67,42,0,42,109
01/05/2005,LWS,ID,ANM,WE,Federal Contract Tower,0,32,7,0,39,0,3,17,0,20,0,35,24,0,59,4,0,4,63
01/06/2005,LWS,ID,ANM,WE,Federal Contract Tower,0,27,14,0,41,0,4,12,0,16,0,31,26,0,57,0,0,0,57
01/07/2005,LWS,ID,ANM,WE,Federal Contract Tower,0,32,0,1,33,0,5,14,9,28,0,37,14,10,61,0,8,8,69
01/08/2005,LWS,ID,ANM,WE,Federal Contract Tower,0,13,4,0,17,0,1,24,0,25,0,14,28,0,42,8,0,8,50
01/09/2005,LWS,ID,ANM,WE,Federal Contract Tower,0,17,1,0,18,0,1,8,0,9,0,18,9,0,27,0,0,0,27
01/10/2005,LWS,ID,ANM,WE,Federal Contract Tower,0,31,5,0,36,0,0,0,0,0,0,31,5,0,36,2,0,2,38
01/11/2005,LWS,ID,ANM,WE,Federal Contract Tower,0,29,6,0,35,0,0,6,0,6,0,29,12,0,41,2,0,2,43
01/12/2005,LWS,ID,ANM,WE,Federal Contract Tower,0,28,5,0,33,0,6,14,0,20,0,34,19,0,53,4,0,4,57
01/13/2005,LWS,ID,ANM,WE,Federal Contract Tower,0,25,10,0,35,0,4,13,0,17,0,29,23,0,52,6,0,6,58
01/14/2005,LWS,ID,ANM,WE,Federal Contract Tower,0,29,5,0,34,0,7,33,0,40,0,36,38,0,74,2,0,2,76
01/15/2005,LWS,ID,ANM,WE,Federal Contract Tower,0,16,0,0,16,0,3,52,0,55,0,19,52,0,71,12,0,12,83
01/16/2005,LWS,ID,ANM,WE,Federal Contract Tower,0,15,2,0,17,0,0,2,0,2,0,15,4,0,19,24,0,24,43
01/17/2005,LWS,ID,ANM,WE,Federal Contract Tower,0,19,2,0,21,0,2,9,0,11,0,21,11,0,32,0,0,0,32
01/18/2005,LWS,ID,ANM,WE,Federal Contract Tower,0,33,6,0,39,0,0,1,0,1,0,33,7,0,40,2,0,2,42
01/19/2005,LWS,ID,ANM,WE,Federal Contract Tower,0,26,7,2,35,0,6,41,0,47,0,32,48,2,82,34,2,36,118
01/20/2005,LWS,ID,ANM,WE,Federal Contract Tower,0,30,8,0,38,0,6,30,0,36,0,36,38,0,74,42,0,42,116
01/21/2005,LWS,ID,ANM,WE,Federal Contract Tower,0,28,11,0,39,0,22,61,0,83,0,50,72,0,122,46,0,46,168
01/22/2005,LWS,ID,ANM,WE,Federal Contract Tower,0,14,2,0,16,0,2,60,0,62,0,16,62,0,78,36,0,36,114
01/23/2005,LWS,ID,ANM,WE,Federal Contract Tower,0,19,3,0,22,0,0,44,0,44,0,19,47,0,66,52,0,52,118
01/24/2005,LWS,ID,ANM,WE,Federal Contract Tower,0,33,5,0,38,0,6,53,0,59,0,39,58,0,97,48,0,48,145
01/25/2005,LWS,ID,ANM,WE,Federal Contract Tower,0,30,4,0,34,0,9,24,0,33,0,39,28,0,67,26,0,26,93
01/26/2005,LWS,ID,ANM,WE,Federal Contract Tower,0,26,5,0,31,0,9,27,0,36,0,35,32,0,67,120,0,120,187
01/27/2005,LWS,ID,ANM,WE,Federal Contract Tower,0,32,4,0,36,0,0,4,0,4,0,32,8,0,40,0,0,0,40
01/28/2005,LWS,ID,ANM,WE,Federal Contract Tower,0,28,5,0,33,0,12,47,0,59,0,40,52,0,92,34,0,34,126
01/29/2005,LWS,ID,ANM,WE,Federal Contract Tower,0,7,2,0,9,0,1,13,0,14,0,8,15,0,23,10,0,10,33
01/30/2005,LWS,ID,ANM,WE,Federal Contract Tower,0,19,1,0,20,0,0,69,0,69,0,19,70,0,89,82,0,82,171
01/31/2005,LWS,ID,ANM,WE,Federal Contract Tower,0,32,3,0,35,0,6,58,0,64,0,38,61,0,99,10,0,10,109
02/01/2005,LWS,ID,ANM,WE,Federal Contract Tower,0,33,8,0,41,0,3,14,0,17,0,36,22,0,58,34,0,34,92
02/02/2005,LWS,ID,ANM,WE,Federal Contract Tower,0,26,6,0,32,0,15,75,0,90,0,41,81,0,122,64,0,64,186
02/03/2005,LWS,ID,ANM,WE,Federal Contract Tower,0,32,7,2,41,0,6,70,2,78,0,38,77,4,119,14,44,58,177
02/04/2005,LWS,ID,ANM,WE,Federal Contract Tower,0,32,2,0,34,0,7,27,0,34,0,39,29,0,68,34,0,34,102
02/05/2005,LWS,ID,ANM,WE,Federal Contract Tower,0,18,2,0,20,0,3,17,0,20,0,21,19,0,40,52,0,52,92
02/06/2005,LWS,ID,ANM,WE,Federal Contract Tower,0,19,0,0,19,0,0,32,0,32,0,19,32,0,51,72,0,72,123
02/07/2005,LWS,ID,ANM,WE,Federal Contract Tower,0,33,1,0,34,0,6,47,0,53,0,39,48,0,87,38,0,38,125
02/08/2005,LWS,ID,ANM,WE,Federal Contract Tower,0,35,8,0,43,0,7,28,0,35,0,42,36,0,78,22,0,22,100
02/09/2005,LWS,ID,ANM,WE,Federal Contract Tower,0,32,1,0,33,0,6,67,2,75,0,38,68,2,108,32,12,44,152
02/10/2005,LWS,ID,ANM,WE,Federal Contract Tower,0,30,4,2,36,0,6,49,0,55,0,36,53,2,91,28,2,30,121
02/11/2005,LWS,ID,ANM,WE,Federal Contract Tower,0,30,6,0,36,0,6,83,0,89,0,36,89,0,125,34,0,34,159
02/12/2005,LWS,ID,ANM,WE,Federal Contract Tower,0,16,3,0,19,0,4,20,0,24,0,20,23,0,43,14,0,14,57
02/13/2005,LWS,ID,ANM,WE,Federal Contract Tower,0,20,1,0,21,0,2,23,0,25,0,22,24,0,46,0,0,0,46
02/14/2005,LWS,ID,ANM,WE,Federal Contract Tower,0,32,5,0,37,0,2,32,0,34,0,34,37,0,71,12,0,12,83
02/15/2005,LWS,ID,ANM,WE,Federal Contract Tower,0,35,9,0,44,0,9,54,0,63,0,44,63,0,107,26,0,26,133
02/16/2005,LWS,ID,ANM,WE,Federal Contract Tower,0,30,3,0,33,0,17,49,0,66,0,47,52,0,99,48,0,48,147
02/17/2005,LWS,ID,ANM,WE,Federal Contract Tower,0,31,12,0,43,0,10,42,2,54,0,41,54,2,97,6,0,6,103
02/18/2005,LWS,ID,ANM,WE,Federal Contract Tower,0,28,10,0,38,0,7,35,0,42,0,35,45,0,80,14,0,14,94
02/19/2005,LWS,ID,ANM,WE,Federal Contract Tower,0,15,2,0,17,0,3,37,0,40,0,18,39,0,57,48,0,48,105
02/20/2005,LWS,ID,ANM,WE,Federal Contract Tower,0,18,6,0,24,0,0,22,0,22,0,18,28,0,46,32,0,32,78
02/21/2005,LWS,ID,ANM,WE,Federal Contract Tower,0,30,1,0,31,0,8,82,0,90,0,38,83,0,121,88,0,88,209
02/22/2005,LWS,ID,ANM,WE,Federal Contract Tower,0,33,9,0,42,0,6,80,0,86,0,39,89,0,128,52,0,52,180
02/23/2005,LWS,ID,ANM,WE,Federal Contract Tower,0,29,3,0,32,0,12,71,0,83,0,41,74,0,115,56,0,56,171
02/24/2005,LWS,ID,ANM,WE,Federal Contract Tower,0,30,13,2,45,0,11,100,0,111,0,41,113,2,156,48,0,48,204
02/25/2005,LWS,ID,ANM,WE,Federal Contract Tower,0,32,5,0,37,0,2,88,0,90,0,34,93,0,127,32,0,32,159
02/26/2005,LWS,ID,ANM,WE,Federal Contract Tower,0,17,3,0,20,0,0,73,0,73,0,17,76,0,93,38,0,38,131
02/27/2005,LWS,ID,ANM,WE,Federal Contract Tower,0,21,1,0,22,0,0,71,0,71,0,21,72,0,93,68,0,68,161
02/28/2005,LWS,ID,ANM,WE,Federal Contract Tower,0,34,5,0,39,0,8,102,0,110,0,42,107,0,149,22,0,22,171
03/01/2005,LWS,ID,ANM,WE,Federal Contract Tower,0,33,2,2,37,0,9,75,0,84,0,42,77,2,121,76,6,82,203
03/02/2005,LWS,ID,ANM,WE,Federal Contract Tower,0,30,4,0,34,0,3,49,0,52,0,33,53,0,86,58,0,58,144
03/03/2005,LWS,ID,ANM,WE,Federal Contract Tower,0,33,3,2,38,0,5,43,0,48,0,38,46,2,86,36,2,38,124
03/04/2005,LWS,ID,ANM,WE,Federal Contract Tower,0,29,4,0,33,0,3,33,0,36,0,32,37,0,69,10,0,10,79
03/05/2005,LWS,ID,ANM,WE,Federal Contract Tower,0,19,4,2,25,0,1,67,0,68,0,20,71,2,93,64,2,66,159
03/06/2005,LWS,ID,ANM,WE,Federal Contract Tower,0,19,1,2,22,0,0,57,0,57,0,19,58,2,79,36,12,48,127
03/07/2005,LWS,ID,ANM,WE,Federal Contract Tower,0,30,3,0,33,0,7,86,0,93,0,37,89,0,126,22,0,22,148
03/08/2005,LWS,ID,ANM,WE,Federal Contract Tower,0,31,8,0,39,0,8,91,0,99,0,39,99,0,138,38,0,38,176
03/09/2005,LWS,ID,ANM,WE,Federal Contract Tower,0,32,3,0,35,0,16,104,0,120,0,48,107,0,155,56,0,56,211
03/10/2005,LWS,ID,ANM,WE,Federal Contract Tower,0,30,4,0,34,0,9,39,0,48,0,39,43,0,82,36,0,36,118
03/11/2005,LWS,ID,ANM,WE,Federal Contract Tower,0,31,4,0,35,0,7,44,0,51,0,38,48,0,86,10,0,10,96
03/12/2005,LWS,ID,ANM,WE,Federal Contract Tower,1,19,3,0,23,0,4,65,0,69,1,23,68,0,92,100,0,100,192
03/13/2005,LWS,ID,ANM,WE,Federal Contract Tower,1,19,4,0,24,0,0,78,0,78,1,19,82,0,102,96,0,96,198
03/14/2005,LWS,ID,ANM,WE,Federal Contract Tower,0,33,8,0,41,0,5,79,0,84,0,38,87,0,125,48,0,48,173
03/15/2005,LWS,ID,ANM,WE,Federal Contract Tower,0,30,7,0,37,0,8,62,0,70,0,38,69,0,107,30,0,30,137
03/16/2005,LWS,ID,ANM,WE,Federal Contract Tower,1,31,2,0,34,0,9,13,0,22,1,40,15,0,56,0,0,0,56
03/17/2005,LWS,ID,ANM,WE,Federal Contract Tower,1,31,5,0,37,0,9,6,0,15,1,40,11,0,52,22,2,24,76
03/18/2005,LWS,ID,ANM,WE,Federal Contract Tower,0,32,1,0,33,0,2,14,0,16,0,34,15,0,49,30,0,30,79
03/19/2005,LWS,ID,ANM,WE,Federal Contract Tower,1,17,4,0,22,0,3,32,0,35,1,20,36,0,57,56,0,56,113
03/20/2005,LWS,ID,ANM,WE,Federal Contract Tower,0,20,1,0,21,0,0,33,0,33,0,20,34,0,54,28,0,28,82
03/21/2005,LWS,ID,ANM,WE,Federal Contract Tower,0,32,5,0,37,0,6,80,0,86,0,38,85,0,123,64,0,64,187
03/22/2005,LWS,ID,ANM,WE,Federal Contract Tower,0,32,8,0,40,0,3,32,0,35,0,35,40,0,75,38,0,38,113
03/23/2005,LWS,ID,ANM,WE,Federal Contract Tower,0,33,6,2,41,0,0,19,2,21,0,33,25,4,62,16,2,18,80
03/24/2005,LWS,ID,ANM,WE,Federal Contract Tower,0,33,3,0,36,0,6,20,0,26,0,39,23,0,62,28,0,28,90
03/25/2005,LWS,ID,ANM,WE,Federal Contract Tower,0,32,6,0,38,0,0,31,2,33,0,32,37,2,71,30,0,30,101
03/26/2005,LWS,ID,ANM,WE,Federal Contract Tower,0,20,4,0,24,0,0,15,0,15,0,20,19,0,39,24,0,24,63
03/27/2005,LWS,ID,ANM,WE,Federal Contract Tower,0,19,2,0,21,0,0,5,0,5,0,19,7,0,26,0,0,0,26
03/28/2005,LWS,ID,ANM,WE,Federal Contract Tower,0,33,2,0,35,0,3,36,0,39,0,36,38,0,74,0,0,0,74
03/29/2005,LWS,ID,ANM,WE,Federal Contract Tower,0,32,2,0,34,0,2,9,0,11,0,34,11,0,45,22,0,22,67
03/30/2005,LWS,ID,ANM,WE,Federal Contract Tower,0,33,9,0,42,0,9,44,0,53,0,42,53,0,95,42,0,42,137
03/31/2005,LWS,ID,ANM,WE,Federal Contract Tower,0,39,5,3,47,0,1,73,1,75,0,40,78,4,122,22,0,22,144
04/01/2005,LWS,ID,ANM,WE,Federal Contract Tower,0,33,1,0,34,0,1,12,0,13,0,34,13,0,47,2,0,2,49
04/02/2005,LWS,ID,ANM,WE,Federal Contract Tower,0,18,6,0,24,0,1,34,0,35,0,19,40,0,59,14,0,14,73
04/03/2005,LWS,ID,ANM,WE,Federal Contract Tower,0,19,0,0,19,0,0,9,0,9,0,19,9,0,28,22,0,22,50
04/04/2005,LWS,ID,ANM,WE,Federal Contract Tower,0,36,4,0,40,0,6,32,0,38,0,42,36,0,78,24,0,24,102
04/05/2005,LWS,ID,ANM,WE,Federal Contract Tower,0,35,6,1,42,0,6,78,1,85,0,41,84,2,127,38,2,40,167
04/06/2005,LWS,ID,ANM,WE,Federal Contract Tower,0,34,3,0,37,0,16,102,0,118,0,50,105,0,155,66,0,66,221
04/07/2005,LWS,ID,ANM,WE,Federal Contract Tower,0,34,2,0,36,0,3,24,0,27,0,37,26,0,63,0,0,0,63
04/08/2005,LWS,ID,ANM,WE,Federal Contract Tower,0,34,9,0,43,0,3,26,0,29,0,37,35,0,72,30,0,30,102
04/09/2005,LWS,ID,ANM,WE,Federal Contract Tower,0,18,3,0,21,0,1,26,0,27,0,19,29,0,48,32,0,32,80
04/10/2005,LWS,ID,ANM,WE,Federal Contract Tower,0,18,2,0,20,0,0,45,0,45,0,18,47,0,65,54,0,54,119
04/11/2005,LWS,ID,ANM,WE,Federal Contract Tower,0,30,4,0,34,0,4,48,0,52,0,34,52,0,86,8,0,8,94
04/12/2005,LWS,ID,ANM,WE,Federal Contract Tower,0,30,4,0,34,0,1,27,0,28,0,31,31,0,62,12,0,12,74
04/13/2005,LWS,ID,ANM,WE,Federal Contract Tower,0,32,13,0,45,0,3,25,0,28,0,35,38,0,73,10,0,10,83
04/14/2005,LWS,ID,ANM,WE,Federal Contract Tower,0,33,3,0,36,0,5,19,0,24,0,38,22,0,60,8,0,8,68
04/15/2005,LWS,ID,ANM,WE,Federal Contract Tower,0,32,6,0,38,0,2,53,0,55,0,34,59,0,93,12,4,16,109
04/16/2005,LWS,ID,ANM,WE,Federal Contract Tower,0,18,2,0,20,0,0,27,0,27,0,18,29,0,47,26,0,26,73
04/17/2005,LWS,ID,ANM,WE,Federal Contract Tower,0,21,4,0,25,0,0,60,0,60,0,21,64,0,85,68,0,68,153
04/18/2005,LWS,ID,ANM,WE,Federal Contract Tower,0,33,6,0,39,0,5,73,0,78,0,38,79,0,117,62,0,62,179
04/19/2005,LWS,ID,ANM,WE,Federal Contract Tower,0,32,5,0,37,0,6,79,2,87,0,38,84,2,124,34,0,34,158
04/20/2005,LWS,ID,ANM,WE,Federal Contract Tower,0,34,8,4,46,0,14,74,0,88,0,48,82,4,134,42,8,50,184
04/21/2005,LWS,ID,ANM,WE,Federal Contract Tower,0,33,4,2,39,0,8,47,0,55,0,41,51,2,94,36,0,36,130
04/22/2005,LWS,ID,ANM,WE,Federal Contract Tower,0,28,7,2,37,0,7,51,0,58,0,35,58,2,95,8,0,8,103
04/23/2005,LWS,ID,ANM,WE,Federal Contract Tower,0,19,4,0,23,0,1,44,0,45,0,20,48,0,68,20,20,40,108
04/24/2005,LWS,ID,ANM,WE,Federal Contract Tower,0,19,7,0,26,0,0,43,0,43,0,19,50,0,69,30,0,30,99
04/25/2005,LWS,ID,ANM,WE,Federal Contract Tower,0,31,5,2,38,0,5,31,2,38,0,36,36,4,76,6,14,20,96
04/26/2005,LWS,ID,ANM,WE,Federal Contract Tower,0,34,11,1,46,0,9,81,1,91,0,43,92,2,137,68,2,70,207
04/27/2005,LWS,ID,ANM,WE,Federal Contract Tower,0,32,2,1,35,0,12,53,0,65,0,44,55,1,100,16,0,16,116
04/28/2005,LWS,ID,ANM,WE,Federal Contract Tower,0,33,10,0,43,0,4,57,2,63,0,37,67,2,106,12,6,18,124
04/29/2005,LWS,ID,ANM,WE,Federal Contract Tower,0,33,6,2,41,0,5,28,0,33,0,38,34,2,74,28,0,28,102
04/30/2005,LWS,ID,ANM,WE,Federal Contract Tower,0,16,9,0,25,0,0,99,0,99,0,16,108,0,124,62,0,62,186
05/01/2005,LWS,ID,ANM,WE,Federal Contract Tower,0,17,2,0,19,0,0,60,0,60,0,17,62,0,79,78,0,78,157
05/02/2005,LWS,ID,ANM,WE,Federal Contract Tower,0,32,7,0,39,0,12,82,0,94,0,44,89,0,133,56,0,56,189
05/03/2005,LWS,ID,ANM,WE,Federal Contract Tower,1,32,5,0,38,0,12,21,0,33,1,44,26,0,71,42,0,42,113
05/04/2005,LWS,ID,ANM,WE,Federal Contract Tower,1,36,6,0,43,0,4,23,0,27,1,40,29,0,70,6,0,6,76
05/05/2005,LWS,ID,ANM,WE,Federal Contract Tower,0,36,3,4,43,0,2,27,0,29,0,38,30,4,72,12,24,36,108
05/06/2005,LWS,ID,ANM,WE,Federal Contract Tower,0,40,2,0,42,0,2,36,0,38,0,42,38,0,80,14,0,14,94
05/07/2005,LWS,ID,ANM,WE,Federal Contract Tower,1,20,4,0,25,0,0,132,0,132,1,20,136,0,157,26,0,26,183
05/08/2005,LWS,ID,ANM,WE,Federal Contract Tower,1,19,3,0,23,0,0,46,0,46,1,19,49,0,69,4,0,4,73
05/09/2005,LWS,ID,ANM,WE,Federal Contract Tower,0,34,2,0,36,0,4,32,0,36,0,38,34,0,72,34,0,34,106
05/10/2005,LWS,ID,ANM,WE,Federal Contract Tower,0,40,5,6,51,0,4,33,0,37,0,44,38,6,88,32,6,38,126
05/11/2005,LWS,ID,ANM,WE,Federal Contract Tower,0,30,10,2,42,0,8,78,0,86,0,38,88,2,128,78,6,84,212
05/12/2005,LWS,ID,ANM,WE,Federal Contract Tower,0,32,9,0,41,0,6,48,0,54,0,38,57,0,95,40,0,40,135
05/13/2005,LWS,ID,ANM,WE,Federal Contract Tower,0,31,6,0,37,0,5,54,0,59,0,36,60,0,96,24,0,24,120
05/14/2005,LWS,ID,ANM,WE,Federal Contract Tower,0,19,6,0,25,0,0,24,2,26,0,19,30,2,51,18,0,18,69
05/15/2005,LWS,ID,ANM,WE,Federal Contract Tower,0,19,1,0,20,0,0,16,0,16,0,19,17,0,36,16,0,16,52
05/16/2005,LWS,ID,ANM,WE,Federal Contract Tower,0,31,11,0,42,0,3,17,0,20,0,34,28,0,62,12,0,12,74
05/17/2005,LWS,ID,ANM,WE,Federal Contract Tower,0,33,6,2,41,0,11,66,0,77,0,44,72,2,118,38,14,52,170
05/18/2005,LWS,ID,ANM,WE,Federal Contract Tower,0,31,7,0,38,0,8,26,2,36,0,39,33,2,74,8,2,10,84
05/19/2005,LWS,ID,ANM,WE,Federal Contract Tower,0,31,7,0,38,0,4,33,0,37,0,35,40,0,75,10,0,10,85
05/20/2005,LWS,ID,ANM,WE,Federal Contract Tower,0,34,7,0,41,0,3,25,0,28,0,37,32,0,69,8,0,8,77
05/21/2005,LWS,ID,ANM,WE,Federal Contract Tower,0,18,7,0,25,0,0,50,0,50,0,18,57,0,75,22,0,22,97
05/22/2005,LWS,ID,ANM,WE,Federal Contract Tower,0,19,2,0,21,0,0,15,0,15,0,19,17,0,36,2,0,2,38
05/23/2005,LWS,ID,ANM,WE,Federal Contract Tower,0,32,7,0,39,0,5,57,0,62,0,37,64,0,101,14,0,14,115
05/24/2005,LWS,ID,ANM,WE,Federal Contract Tower,0,35,8,2,45,0,10,62,0,72,0,45,70,2,117,8,0,8,125
05/25/2005,LWS,ID,ANM,WE,Federal Contract Tower,0,32,13,0,45,0,12,82,0,94,0,44,95,0,139,52,0,52,191
05/26/2005,LWS,ID,ANM,WE,Federal Contract Tower,0,38,11,0,49,0,5,71,0,76,0,43,82,0,125,2,0,2,127
05/27/2005,LWS,ID,ANM,WE,Federal Contract Tower,0,28,6,0,34,0,0,100,0,100,0,28,106,0,134,44,0,44,178
05/28/2005,LWS,ID,ANM,WE,Federal Contract Tower,0,19,3,0,22,0,0,73,0,73,0,19,76,0,95,22,0,22,117
05/29/2005,LWS,ID,ANM,WE,Federal Contract Tower,0,14,4,0,18,0,0,79,0,79,0,14,83,0,97,24,0,24,121
05/30/2005,LWS,ID,ANM,WE,Federal Contract Tower,0,20,2,0,22,0,2,94,0,96,0,22,96,0,118,58,0,58,176
05/31/2005,LWS,ID,ANM,WE,Federal Contract Tower,0,38,3,0,41,0,6,94,0,100,0,44,97,0,141,4,0,4,145
06/01/2005,LWS,ID,ANM,WE,Federal Contract Tower,0,33,8,0,41,0,13,66,0,79,0,46,74,0,120,34,0,34,154
06/02/2005,LWS,ID,ANM,WE,Federal Contract Tower,0,34,5,0,39,0,4,29,0,33,0,38,34,0,72,34,0,34,106
06/03/2005,LWS,ID,ANM,WE,Federal Contract Tower,0,32,7,0,39,0,2,30,0,32,0,34,37,0,71,4,0,4,75
06/04/2005,LWS,ID,ANM,WE,Federal Contract Tower,0,18,6,0,24,0,0,90,0,90,0,18,96,0,114,38,0,38,152
06/05/2005,LWS,ID,ANM,WE,Federal Contract Tower,0,21,3,0,24,0,0,49,0,49,0,21,52,0,73,14,0,14,87
06/06/2005,LWS,ID,ANM,WE,Federal Contract Tower,0,36,6,0,42,0,6,102,0,108,0,42,108,0,150,22,0,22,172
06/07/2005,LWS,ID,ANM,WE,Federal Contract Tower,0,34,7,2,43,0,11,54,0,65,0,45,61,2,108,12,0,12,120
06/08/2005,LWS,ID,ANM,WE,Federal Contract Tower,0,34,12,5,51,0,5,51,1,57,0,39,63,6,108,24,12,36,144
06/09/2005,LWS,ID,ANM,WE,Federal Contract Tower,0,30,9,0,39,0,4,29,0,33,0,34,38,0,72,28,2,30,102
06/10/2005,LWS,ID,ANM,WE,Federal Contract Tower,0,33,11,0,44,0,6,86,0,92,0,39,97,0,136,78,0,78,214
06/11/2005,LWS,ID,ANM,WE,Federal Contract Tower,0,19,0,0,19,0,0,83,0,83,0,19,83,0,102,76,0,76,178
06/12/2005,LWS,ID,ANM,WE,Federal Contract Tower,0,18,5,0,23,0,0,73,0,73,0,18,78,0,96,22,0,22,118
06/13/2005,LWS,ID,ANM,WE,Federal Contract Tower,0,31,8,0,39,0,8,126,0,134,0,39,134,0,173,54,0,54,227
06/14/2005,LWS,ID,ANM,WE,Federal Contract Tower,0,37,11,0,48,0,15,85,0,100,0,52,96,0,148,68,0,68,216
06/15/2005,LWS,ID,ANM,WE,Federal Contract Tower,0,34,4,0,38,0,6,93,0,99,0,40,97,0,137,32,0,32,169
06/16/2005,LWS,ID,ANM,WE,Federal Contract Tower,0,27,4,0,31,0,4,37,4,45,0,31,41,4,76,12,2,14,90
06/17/2005,LWS,ID,ANM,WE,Federal Contract Tower,0,31,1,0,32,0,4,20,0,24,0,35,21,0,56,36,0,36,92
06/18/2005,LWS,ID,ANM,WE,Federal Contract Tower,0,17,7,0,24,0,2,35,0,37,0,19,42,0,61,20,0,20,81
06/19/2005,LWS,ID,ANM,WE,Federal Contract Tower,0,17,4,0,21,0,0,49,0,49,0,17,53,0,70,18,0,18,88
06/20/2005,LWS,ID,ANM,WE,Federal Contract Tower,0,30,1,0,31,0,6,82,0,88,0,36,83,0,119,14,0,14,133
06/21/2005,LWS,ID,ANM,WE,Federal Contract Tower,0,28,14,0,42,0,28,114,0,142,0,56,128,0,184,68,0,68,252
06/22/2005,LWS,ID,ANM,WE,Federal Contract Tower,0,33,3,0,36,0,9,80,4,93,0,42,83,4,129,36,0,36,165
06/23/2005,LWS,ID,ANM,WE,Federal Contract Tower,0,27,3,0,30,0,8,70,2,80,0,35,73,2,110,22,4,26,136
06/24/2005,LWS,ID,ANM,WE,Federal Contract Tower,0,29,7,0,36,0,4,35,0,39,0,33,42,0,75,20,0,20,95
06/25/2005,LWS,ID,ANM,WE,Federal Contract Tower,0,20,6,0,26,0,0,44,0,44,0,20,50,0,70,42,0,42,112
06/26/2005,LWS,ID,ANM,WE,Federal Contract Tower,0,17,3,0,20,0,4,47,0,51,0,21,50,0,71,32,0,32,103
06/27/2005,LWS,ID,ANM,WE,Federal Contract Tower,0,30,9,0,39,0,2,12,0,14,0,32,21,0,53,24,0,24,77
06/28/2005,LWS,ID,ANM,WE,Federal Contract Tower,0,31,8,1,40,0,15,45,1,61,0,46,53,2,101,4,18,22,123
06/29/2005,LWS,ID,ANM,WE,Federal Contract Tower,0,30,4,0,34,0,19,67,0,86,0,49,71,0,120,54,0,54,174
06/30/2005,LWS,ID,ANM,WE,Federal Contract Tower,0,28,10,0,38,0,7,45,0,52,0,35,55,0,90,32,0,32,122
07/01/2005,LWS,ID,ANM,WE,Federal Contract Tower,0,29,8,0,37,0,6,49,0,55,0,35,57,0,92,16,0,16,108
07/02/2005,LWS,ID,ANM,WE,Federal Contract Tower,0,21,3,0,24,0,0,73,0,73,0,21,76,0,97,4,0,4,101
07/03/2005,LWS,ID,ANM,WE,Federal Contract Tower,0,17,6,0,23,0,0,76,0,76,0,17,82,0,99,26,0,26,125
07/04/2005,LWS,ID,ANM,WE,Federal Contract Tower,0,14,0,0,14,0,0,58,0,58,0,14,58,0,72,44,0,44,116
07/05/2005,LWS,ID,ANM,WE,Federal Contract Tower,0,32,5,0,37,0,17,88,0,105,0,49,93,0,142,72,0,72,214
07/06/2005,LWS,ID,ANM,WE,Federal Contract Tower,0,30,6,1,37,0,10,35,3,48,0,40,41,4,85,24,0,24,109
07/07/2005,LWS,ID,ANM,WE,Federal Contract Tower,0,31,8,2,41,0,8,53,0,61,0,39,61,2,102,12,12,24,126
07/08/2005,LWS,ID,ANM,WE,Federal Contract Tower,0,28,14,0,42,0,5,51,0,56,0,33,65,0,98,12,0,12,110
07/09/2005,LWS,ID,ANM,WE,Federal Contract Tower,0,22,5,2,29,0,0,19,0,19,0,22,24,2,48,10,12,22,70
07/10/2005,LWS,ID,ANM,WE,Federal Contract Tower,0,17,6,4,27,0,0,26,0,26,0,17,32,4,53,14,10,24,77
07/11/2005,LWS,ID,ANM,WE,Federal Contract Tower,0,29,4,0,33,0,6,54,0,60,0,35,58,0,93,18,0,18,111
07/12/2005,LWS,ID,ANM,WE,Federal Contract Tower,0,29,4,0,33,0,12,50,0,62,0,41,54,0,95,46,0,46,141
07/13/2005,LWS,ID,ANM,WE,Federal Contract Tower,0,31,5,0,36,0,6,40,2,48,0,37,45,2,84,20,2,22,106
07/14/2005,LWS,ID,ANM,WE,Federal Contract Tower,0,32,9,0,41,0,5,42,0,47,0,37,51,0,88,24,0,24,112
07/15/2005,LWS,ID,ANM,WE,Federal Contract Tower,0,28,8,0,36,0,4,44,4,52,0,32,52,4,88,0,0,0,88
07/16/2005,LWS,ID,ANM,WE,Federal Contract Tower,0,20,0,0,20,0,1,24,4,29,0,21,24,4,49,4,0,4,53
07/17/2005,LWS,ID,ANM,WE,Federal Contract Tower,0,17,1,0,18,0,0,35,0,35,0,17,36,0,53,42,0,42,95
07/18/2005,LWS,ID,ANM,WE,Federal Contract Tower,0,30,5,0,35,0,4,61,6,71,0,34,66,6,106,36,0,36,142
07/19/2005,LWS,ID,ANM,WE,Federal Contract Tower,0,27,5,0,32,0,8,77,0,85,0,35,82,0,117,22,0,22,139
07/20/2005,LWS,ID,ANM,WE,Federal Contract Tower,0,34,9,0,43,0,4,72,0,76,0,38,81,0,119,24,0,24,143
07/21/2005,LWS,ID,ANM,WE,Federal Contract Tower,0,30,10,0,40,0,2,43,0,45,0,32,53,0,85,28,0,28,113
07/22/2005,LWS,ID,ANM,WE,Federal Contract Tower,0,28,7,0,35,0,6,40,0,46,0,34,47,0,81,16,0,16,97
07/23/2005,LWS,ID,ANM,WE,Federal Contract Tower,0,20,10,0,30,0,0,83,0,83,0,20,93,0,113,14,0,14,127
07/24/2005,LWS,ID,ANM,WE,Federal Contract Tower,0,17,1,0,18,0,0,52,0,52,0,17,53,0,70,14,0,14,84
07/25/2005,LWS,ID,ANM,WE,Federal Contract Tower,0,34,1,0,35,0,4,90,0,94,0,38,91,0,129,26,0,26,155
07/26/2005,LWS,ID,ANM,WE,Federal Contract Tower,0,30,7,0,37,0,11,90,0,101,0,41,97,0,138,56,0,56,194
07/27/2005,LWS,ID,ANM,WE,Federal Contract Tower,0,27,7,0,34,0,16,70,0,86,0,43,77,0,120,44,0,44,164
07/28/2005,LWS,ID,ANM,WE,Federal Contract Tower,0,30,2,0,32,0,7,45,0,52,0,37,47,0,84,18,0,18,102
07/29/2005,LWS,ID,ANM,WE,Federal Contract Tower,0,29,7,0,36,0,9,42,0,51,0,38,49,0,87,8,0,8,95
07/30/2005,LWS,ID,ANM,WE,Federal Contract Tower,0,25,5,0,30,0,1,39,0,40,0,26,44,0,70,20,0,20,90
07/31/2005,LWS,ID,ANM,WE,Federal Contract Tower,0,17,4,0,21,0,2,82,0,84,0,19,86,0,105,34,0,34,139
08/01/2005,LWS,ID,ANM,WE,Federal Contract Tower,0,27,4,0,31,0,5,51,2,58,0,32,55,2,89,0,0,0,89
08/02/2005,LWS,ID,ANM,WE,Federal Contract Tower,0,34,8,0,42,0,3,30,0,33,0,37,38,0,75,2,0,2,77
08/03/2005,LWS,ID,ANM,WE,Federal Contract Tower,0,28,3,0,31,0,4,42,0,46,0,32,45,0,77,20,0,20,97
08/04/2005,LWS,ID,ANM,WE,Federal Contract Tower,0,31,0,0,31,0,9,53,0,62,0,40,53,0,93,20,0,20,113
08/05/2005,LWS,ID,ANM,WE,Federal Contract Tower,0,29,4,0,33,0,6,44,0,50,0,35,48,0,83,14,0,14,97
08/06/2005,LWS,ID,ANM,WE,Federal Contract Tower,0,21,12,0,33,0,0,70,0,70,0,21,82,0,103,18,0,18,121
08/07/2005,LWS,ID,ANM,WE,Federal Contract Tower,0,16,7,0,23,0,4,80,0,84,0,20,87,0,107,52,0,52,159
08/08/2005,LWS,ID,ANM,WE,Federal Contract Tower,0,27,8,0,35,0,7,81,0,88,0,34,89,0,123,38,0,38,161
08/09/2005,LWS,ID,ANM,WE,Federal Contract Tower,0,33,16,0,49,0,11,142,0,153,0,44,158,0,202,12,0,12,214
08/10/2005,LWS,ID,ANM,WE,Federal Contract Tower,0,29,14,2,45,0,17,115,2,134,0,46,129,4,179,18,0,18,197
08/11/2005,LWS,ID,ANM,WE,Federal Contract Tower,0,32,11,0,43,0,0,65,0,65,0,32,76,0,108,30,0,30,138
08/12/2005,LWS,ID,ANM,WE,Federal Contract Tower,2,31,8,0,41,0,0,41,0,41,2,31,49,0,82,18,0,18,100
08/13/2005,LWS,ID,ANM,WE,Federal Contract Tower,0,20,17,0,37,0,1,39,0,40,0,21,56,0,77,16,0,16,93
08/14/2005,LWS,ID,ANM,WE,Federal Contract Tower,0,17,13,0,30,0,0,61,0,61,0,17,74,0,91,32,0,32,123
08/15/2005,LWS,ID,ANM,WE,Federal Contract Tower,0,30,2,0,32,0,6,56,0,62,0,36,58,0,94,46,0,46,140
08/16/2005,LWS,ID,ANM,WE,Federal Contract Tower,0,30,12,0,42,0,5,55,0,60,0,35,67,0,102,44,0,44,146
08/17/2005,LWS,ID,ANM,WE,Federal Contract Tower,2,29,6,0,37,0,2,36,4,42,2,31,42,4,79,42,18,60,139
08/18/2005,LWS,ID,ANM,WE,Federal Contract Tower,0,31,12,3,46,0,0,43,0,43,0,31,55,3,89,30,26,56,145
08/19/2005,LWS,ID,ANM,WE,Federal Contract Tower,0,32,8,0,40,0,3,50,0,53,0,35,58,0,93,24,0,24,117
08/20/2005,LWS,ID,ANM,WE,Federal Contract Tower,0,22,9,0,31,0,0,17,0,17,0,22,26,0,48,52,0,52,100
08/21/2005,LWS,ID,ANM,WE,Federal Contract Tower,0,17,10,0,27,0,0,64,0,64,0,17,74,0,91,34,0,34,125
08/22/2005,LWS,ID,ANM,WE,Federal Contract Tower,0,28,2,0,30,0,2,85,0,87,0,30,87,0,117,62,0,62,179
08/23/2005,LWS,ID,ANM,WE,Federal Contract Tower,0,31,7,0,38,0,5,66,0,71,0,36,73,0,109,38,0,38,147
08/24/2005,LWS,ID,ANM,WE,Federal Contract Tower,1,28,13,0,42,0,3,41,0,44,1,31,54,0,86,10,0,10,96
08/25/2005,LWS,ID,ANM,WE,Federal Contract Tower,0,29,6,0,35,0,9,32,0,41,0,38,38,0,76,36,0,36,112
08/26/2005,LWS,ID,ANM,WE,Federal Contract Tower,0,29,6,1,36,0,8,54,3,65,0,37,60,4,101,10,0,10,111
08/27/2005,LWS,ID,ANM,WE,Federal Contract Tower,2,21,8,0,31,0,2,49,0,51,2,23,57,0,82,28,0,28,110
08/28/2005,LWS,ID,ANM,WE,Federal Contract Tower,0,17,3,0,20,0,4,54,0,58,0,21,57,0,78,58,0,58,136
08/29/2005,LWS,ID,ANM,WE,Federal Contract Tower,0,37,5,0,42,0,0,80,0,80,0,37,85,0,122,0,0,0,122
08/30/2005,LWS,ID,ANM,WE,Federal Contract Tower,0,30,4,0,34,0,6,65,0,71,0,36,69,0,105,46,0,46,151
08/31/2005,LWS,ID,ANM,WE,Federal Contract Tower,0,32,6,0,38,0,4,61,0,65,0,36,67,0,103,52,0,52,155
09/01/2005,LWS,ID,ANM,WE,Federal Contract Tower,0,30,3,0,33,0,0,39,0,39,0,30,42,0,72,8,0,8,80
09/02/2005,LWS,ID,ANM,WE,Federal Contract Tower,0,26,8,0,34,0,6,31,0,37,0,32,39,0,71,10,0,10,81
09/03/2005,LWS,ID,ANM,WE,Federal Contract Tower,0,19,3,0,22,0,2,30,0,32,0,21,33,0,54,32,0,32,86
09/04/2005,LWS,ID,ANM,WE,Federal Contract Tower,0,13,2,0,15,0,0,37,0,37,0,13,39,0,52,28,0,28,80
09/05/2005,LWS,ID,ANM,WE,Federal Contract Tower,0,18,5,0,23,0,4,67,0,71,0,22,72,0,94,48,0,48,142
09/06/2005,LWS,ID,ANM,WE,Federal Contract Tower,0,29,2,0,31,0,4,80,0,84,0,33,82,0,115,22,0,22,137
09/07/2005,LWS,ID,ANM,WE,Federal Contract Tower,0,27,1,0,28,0,9,83,0,92,0,36,84,0,120,50,0,50,170
09/08/2005,LWS,ID,ANM,WE,Federal Contract Tower,0,34,6,2,42,0,5,30,0,35,0,39,36,2,77,10,20,30,107
09/09/2005,LWS,ID,ANM,WE,Federal Contract Tower,0,27,4,0,31,0,4,26,0,30,0,31,30,0,61,4,0,4,65
09/10/2005,LWS,ID,ANM,WE,Federal Contract Tower,0,21,2,2,25,0,0,30,0,30,0,21,32,2,55,50,20,70,125
09/11/2005,LWS,ID,ANM,WE,Federal Contract Tower,0,17,3,0,20,0,3,55,0,58,0,20,58,0,78,34,0,34,112
09/12/2005,LWS,ID,ANM,WE,Federal Contract Tower,0,32,3,0,35,0,8,34,0,42,0,40,37,0,77,6,0,6,83
09/13/2005,LWS,ID,ANM,WE,Federal Contract Tower,0,27,6,0,33,0,5,63,0,68,0,32,69,0,101,22,0,22,123
09/14/2005,LWS,ID,ANM,WE,Federal Contract Tower,0,29,13,2,44,0,27,71,0,98,0,56,84,2,142,42,36,78,220
09/15/2005,LWS,ID,ANM,WE,Federal Contract Tower,0,29,15,0,44,0,6,48,0,54,0,35,63,0,98,26,0,26,124
09/16/2005,LWS,ID,ANM,WE,Federal Contract Tower,0,32,9,0,41,0,4,29,0,33,0,36,38,0,74,28,0,28,102
09/17/2005,LWS,ID,ANM,WE,Federal Contract Tower,0,16,3,0,19,0,0,35,0,35,0,16,38,0,54,0,0,0,54
09/18/2005,LWS,ID,ANM,WE,Federal Contract Tower,0,17,3,0,20,0,1,57,0,58,0,18,60,0,78,18,0,18,96
09/19/2005,LWS,ID,ANM,WE,Federal Contract Tower,0,28,7,0,35,0,11,90,0,101,0,39,97,0,136,32,0,32,168
09/20/2005,LWS,ID,ANM,WE,Federal Contract Tower,0,29,2,3,34,0,6,62,1,69,0,35,64,4,103,12,6,18,121
09/21/2005,LWS,ID,ANM,WE,Federal Contract Tower,0,28,11,2,41,0,4,23,0,27,0,32,34,2,68,34,44,78,146
09/22/2005,LWS,ID,ANM,WE,Federal Contract Tower,0,30,6,0,36,0,10,37,2,49,0,40,43,2,85,14,0,14,99
09/23/2005,LWS,ID,ANM,WE,Federal Contract Tower,0,26,9,0,35,0,10,29,2,41,0,36,38,2,76,44,0,44,120
09/24/2005,LWS,ID,ANM,WE,Federal Contract Tower,0,15,4,0,19,0,0,68,0,68,0,15,72,0,87,36,0,36,123
09/25/2005,LWS,ID,ANM,WE,Federal Contract Tower,0,17,2,0,19,0,0,89,0,89,0,17,91,0,108,58,0,58,166
09/26/2005,LWS,ID,ANM,WE,Federal Contract Tower,0,28,6,2,36,0,9,30,0,39,0,37,36,2,75,32,0,32,107
09/27/2005,LWS,ID,ANM,WE,Federal Contract Tower,0,30,2,0,32,0,6,127,0,133,0,36,129,0,165,74,0,74,239
09/28/2005,LWS,ID,ANM,WE,Federal Contract Tower,0,27,7,0,34,0,7,65,0,72,0,34,72,0,106,72,0,72,178
09/29/2005,LWS,ID,ANM,WE,Federal Contract Tower,0,31,6,2,39,0,3,32,0,35,0,34,38,2,74,40,6,46,120
09/30/2005,LWS,ID,ANM,WE,Federal Contract Tower,0,33,8,0,41,0,5,8,0,13,0,38,16,0,54,18,0,18,72
10/01/2005,LWS,ID,ANM,WE,Federal Contract Tower,0,17,1,0,18,0,0,10,0,10,0,17,11,0,28,2,0,2,30
10/02/2005,LWS,ID,ANM,WE,Federal Contract Tower,0,17,2,0,19,0,0,46,0,46,0,17,48,0,65,64,0,64,129
10/03/2005,LWS,ID,ANM,WE,Federal Contract Tower,0,31,7,0,38,0,0,10,0,10,0,31,17,0,48,8,0,8,56
10/04/2005,LWS,ID,ANM,WE,Federal Contract Tower,0,33,7,0,40,0,4,76,0,80,0,37,83,0,120,48,0,48,168
10/05/2005,LWS,ID,ANM,WE,Federal Contract Tower,0,32,6,0,38,0,2,66,0,68,0,34,72,0,106,66,0,66,172
10/06/2005,LWS,ID,ANM,WE,Federal Contract Tower,0,31,6,1,38,0,16,54,1,71,0,47,60,2,109,36,2,38,147
10/07/2005,LWS,ID,ANM,WE,Federal Contract Tower,2,35,7,0,44,0,9,22,0,31,2,44,29,0,75,44,0,44,119
10/08/2005,LWS,ID,ANM,WE,Federal Contract Tower,2,21,6,0,29,0,0,51,0,51,2,21,57,0,80,62,0,62,142
10/09/2005,LWS,ID,ANM,WE,Federal Contract Tower,0,16,7,2,25,0,2,52,0,54,0,18,59,2,79,76,0,76,155
10/10/2005,LWS,ID,ANM,WE,Federal Contract Tower,0,25,9,3,37,0,12,54,0,66,0,37,63,3,103,46,0,46,149
10/11/2005,LWS,ID,ANM,WE,Federal Contract Tower,0,31,10,0,41,0,2,42,2,46,0,33,52,2,87,52,0,52,139
10/12/2005,LWS,ID,ANM,WE,Federal Contract Tower,0,29,8,0,37,0,3,33,1,37,0,32,41,1,74,18,0,18,92
10/13/2005,LWS,ID,ANM,WE,Federal Contract Tower,0,31,8,0,39,0,2,28,2,32,0,33,36,2,71,16,0,16,87
10/14/2005,LWS,ID,ANM,WE,Federal Contract Tower,0,29,8,0,37,0,6,74,0,80,0,35,82,0,117,42,0,42,159
10/15/2005,LWS,ID,ANM,WE,Federal Contract Tower,0,18,1,0,19,0,0,41,0,41,0,18,42,0,60,72,0,72,132
10/16/2005,LWS,ID,ANM,WE,Federal Contract Tower,0,17,3,0,20,0,0,61,0,61,0,17,64,0,81,46,0,46,127
10/17/2005,LWS,ID,ANM,WE,Federal Contract Tower,0,28,8,0,36,0,4,53,0,57,0,32,61,0,93,22,0,22,115
10/18/2005,LWS,ID,ANM,WE,Federal Contract Tower,0,27,7,0,34,0,6,52,2,60,0,33,59,2,94,18,0,18,112
10/19/2005,LWS,ID,ANM,WE,Federal Contract Tower,4,29,4,2,39,0,2,14,0,16,4,31,18,2,55,2,14,16,71
10/20/2005,LWS,ID,ANM,WE,Federal Contract Tower,1,31,10,0,42,0,6,17,0,23,1,37,27,0,65,0,0,0,65
10/21/2005,LWS,ID,ANM,WE,Federal Contract Tower,0,30,3,0,33,0,7,46,0,53,0,37,49,0,86,28,0,28,114
10/22/2005,LWS,ID,ANM,WE,Federal Contract Tower,1,16,0,0,17,0,1,109,0,110,1,17,109,0,127,40,0,40,167
10/23/2005,LWS,ID,ANM,WE,Federal Contract Tower,0,19,5,0,24,0,0,77,0,77,0,19,82,0,101,34,0,34,135
10/24/2005,LWS,ID,ANM,WE,Federal Contract Tower,0,32,5,0,37,0,7,73,0,80,0,39,78,0,117,12,4,16,133
10/25/2005,LWS,ID,ANM,WE,Federal Contract Tower,0,32,2,0,34,0,11,70,0,81,0,43,72,0,115,38,0,38,153
10/26/2005,LWS,ID,ANM,WE,Federal Contract Tower,0,30,6,0,36,0,4,15,1,20,0,34,21,1,56,22,0,22,78
10/27/2005,LWS,ID,ANM,WE,Federal Contract Tower,0,35,10,0,45,0,7,22,0,29,0,42,32,0,74,14,0,14,88
10/28/2005,LWS,ID,ANM,WE,Federal Contract Tower,0,34,7,0,41,0,2,12,0,14,0,36,19,0,55,8,0,8,63
10/29/2005,LWS,ID,ANM,WE,Federal Contract Tower,0,12,4,0,16,0,0,3,0,3,0,12,7,0,19,0,0,0,19
10/30/2005,LWS,ID,ANM,WE,Federal Contract Tower,0,18,6,0,24,0,0,38,0,38,0,18,44,0,62,26,0,26,88
10/31/2005,LWS,ID,ANM,WE,Federal Contract Tower,0,27,2,0,29,0,0,7,0,7,0,27,9,0,36,0,0,0,36
11/01/2005,LWS,ID,ANM,WE,Federal Contract Tower,0,31,9,0,40,0,3,32,0,35,0,34,41,0,75,2,0,2,77
11/02/2005,LWS,ID,ANM,WE,Federal Contract Tower,0,27,9,0,36,0,11,43,0,54,0,38,52,0,90,26,0,26,116
11/03/2005,LWS,ID,ANM,WE,Federal Contract Tower,0,31,3,1,35,0,0,22,0,22,0,31,25,1,57,12,8,20,77
11/04/2005,LWS,ID,ANM,WE,Federal Contract Tower,2,28,6,0,36,0,1,15,0,16,2,29,21,0,52,2,0,2,54
11/05/2005,LWS,ID,ANM,WE,Federal Contract Tower,2,18,2,0,22,0,3,6,0,9,2,21,8,0,31,18,0,18,49
11/06/2005,LWS,ID,ANM,WE,Federal Contract Tower,0,15,5,0,20,0,0,17,0,17,0,15,22,0,37,68,0,68,105
11/07/2005,LWS,ID,ANM,WE,Federal Contract Tower,0,32,8,0,40,0,4,7,0,11,0,36,15,0,51,2,0,2,53
11/08/2005,LWS,ID,ANM,WE,Federal Contract Tower,0,31,9,0,40,0,0,15,0,15,0,31,24,0,55,28,0,28,83
11/09/2005,LWS,ID,ANM,WE,Federal Contract Tower,0,31,5,0,36,0,0,24,0,24,0,31,29,0,60,38,0,38,98
11/10/2005,LWS,ID,ANM,WE,Federal Contract Tower,0,28,5,0,33,0,4,42,0,46,0,32,47,0,79,22,0,22,101
11/11/2005,LWS,ID,ANM,WE,Federal Contract Tower,3,23,11,0,37,0,2,41,2,45,3,25,52,2,82,46,0,46,128
11/12/2005,LWS,ID,ANM,WE,Federal Contract Tower,2,21,3,0,26,0,5,35,2,42,2,26,38,2,68,52,0,52,120
11/13/2005,LWS,ID,ANM,WE,Federal Contract Tower,2,16,7,0,25,0,0,6,0,6,2,16,13,0,31,6,0,6,37
11/14/2005,LWS,ID,ANM,WE,Federal Contract Tower,1,26,3,0,30,0,2,29,0,31,1,28,32,0,61,40,0,40,101
11/15/2005,LWS,ID,ANM,WE,Federal Contract Tower,0,35,5,2,42,0,2,39,16,57,0,37,44,18,99,20,86,106,205
11/16/2005,LWS,ID,ANM,WE,Federal Contract Tower,2,33,10,0,45,0,0,32,0,32,2,33,42,0,77,20,0,20,97
11/17/2005,LWS,ID,ANM,WE,Federal Contract Tower,0,28,13,0,41,0,10,71,0,81,0,38,84,0,122,12,0,12,134
11/18/2005,LWS,ID,ANM,WE,Federal Contract Tower,0,30,8,0,38,0,2,24,0,26,0,32,32,0,64,6,0,6,70
11/19/2005,LWS,ID,ANM,WE,Federal Contract Tower,0,17,2,2,21,0,0,4,0,4,0,17,6,2,25,0,6,6,31
11/20/2005,LWS,ID,ANM,WE,Federal Contract Tower,0,17,9,0,26,0,2,16,0,18,0,19,25,0,44,10,0,10,54
11/21/2005,LWS,ID,ANM,WE,Federal Contract Tower,0,30,4,0,34,0,0,8,0,8,0,30,12,0,42,2,0,2,44
11/22/2005,LWS,ID,ANM,WE,Federal Contract Tower,0,30,21,0,51,0,0,8,0,8,0,30,29,0,59,6,0,6,65
11/23/2005,LWS,ID,ANM,WE,Federal Contract Tower,0,30,7,0,37,0,0,5,0,5,0,30,12,0,42,0,0,0,42
11/24/2005,LWS,ID,ANM,WE,Federal Contract Tower,0,14,4,0,18,0,0,5,0,5,0,14,9,0,23,8,0,8,31
11/25/2005,LWS,ID,ANM,WE,Federal Contract Tower,2,25,0,0,27,0,0,19,0,19,2,25,19,0,46,10,0,10,56
11/26/2005,LWS,ID,ANM,WE,Federal Contract Tower,0,23,1,0,24,0,2,15,0,17,0,25,16,0,41,4,0,4,45
11/27/2005,LWS,ID,ANM,WE,Federal Contract Tower,0,19,3,0,22,0,2,57,0,59,0,21,60,0,81,64,0,64,145
11/28/2005,LWS,ID,ANM,WE,Federal Contract Tower,0,30,2,0,32,0,2,32,0,34,0,32,34,0,66,26,0,26,92
11/29/2005,LWS,ID,ANM,WE,Federal Contract Tower,0,31,9,0,40,0,2,13,0,15,0,33,22,0,55,36,0,36,91
11/30/2005,LWS,ID,ANM,WE,Federal Contract Tower,0,34,5,0,39,0,10,11,0,21,0,44,16,0,60,6,0,6,66
12/01/2005,LWS,ID,ANM,WE,Federal Contract Tower,0,29,7,0,36,0,1,4,0,5,0,30,11,0,41,18,0,18,59
12/02/2005,LWS,ID,ANM,WE,Federal Contract Tower,0,32,7,0,39,0,2,3,0,5,0,34,10,0,44,0,0,0,44
12/03/2005,LWS,ID,ANM,WE,Federal Contract Tower,0,21,4,2,27,0,0,0,2,2,0,21,4,4,29,0,0,0,29
12/04/2005,LWS,ID,ANM,WE,Federal Contract Tower,0,20,10,2,32,0,0,15,0,15,0,20,25,2,47,34,0,34,81
12/05/2005,LWS,ID,ANM,WE,Federal Contract Tower,0,35,10,0,45,0,6,44,0,50,0,41,54,0,95,194,0,194,289
12/06/2005,LWS,ID,ANM,WE,Federal Contract Tower,0,29,11,0,40,0,3,28,0,31,0,32,39,0,71,114,0,114,185
12/07/2005,LWS,ID,ANM,WE,Federal Contract Tower,0,28,0,2,30,0,3,32,0,35,0,31,32,2,65,116,10,126,191
12/08/2005,LWS,ID,ANM,WE,Federal Contract Tower,0,31,3,0,34,0,1,35,0,36,0,32,38,0,70,80,0,80,150
12/09/2005,LWS,ID,ANM,WE,Federal Contract Tower,0,32,0,1,33,0,3,21,1,25,0,35,21,2,58,26,12,38,96
12/10/2005,LWS,ID,ANM,WE,Federal Contract Tower,0,18,7,0,25,0,1,41,0,42,0,19,48,0,67,24,0,24,91
12/11/2005,LWS,ID,ANM,WE,Federal Contract Tower,0,19,0,0,19,0,0,27,0,27,0,19,27,0,46,38,0,38,84
12/12/2005,LWS,ID,ANM,WE,Federal Contract Tower,0,28,2,0,30,0,1,31,0,32,0,29,33,0,62,20,0,20,82
12/13/2005,LWS,ID,ANM,WE,Federal Contract Tower,0,33,15,0,48,0,0,3,0,3,0,33,18,0,51,0,0,0,51
12/14/2005,LWS,ID,ANM,WE,Federal Contract Tower,0,35,8,0,43,0,0,3,0,3,0,35,11,0,46,12,0,12,58
12/15/2005,LWS,ID,ANM,WE,Federal Contract Tower,0,28,11,0,39,0,0,0,0,0,0,28,11,0,39,0,0,0,39
12/16/2005,LWS,ID,ANM,WE,Federal Contract Tower,0,35,5,0,40,0,0,0,0,0,0,35,5,0,40,0,0,0,40
12/17/2005,LWS,ID,ANM,WE,Federal Contract Tower,0,27,5,0,32,0,0,24,0,24,0,27,29,0,56,20,0,20,76
12/18/2005,LWS,ID,ANM,WE,Federal Contract Tower,0,15,4,0,19,0,0,12,0,12,0,15,16,0,31,10,0,10,41
12/19/2005,LWS,ID,ANM,WE,Federal Contract Tower,0,29,1,0,30,0,4,20,0,24,0,33,21,0,54,12,0,12,66
12/20/2005,LWS,ID,ANM,WE,Federal Contract Tower,2,31,4,0,37,0,0,12,0,12,2,31,16,0,49,4,0,4,53
12/21/2005,LWS,ID,ANM,WE,Federal Contract Tower,0,31,5,2,38,0,6,13,0,19,0,37,18,2,57,34,4,38,95
12/22/2005,LWS,ID,ANM,WE,Federal Contract Tower,0,30,7,0,37,0,5,8,0,13,0,35,15,0,50,2,0,2,52
12/23/2005,LWS,ID,ANM,WE,Federal Contract Tower,0,31,5,0,36,0,3,20,0,23,0,34,25,0,59,8,0,8,67
12/24/2005,LWS,ID,ANM,WE,Federal Contract Tower,0,14,0,0,14,0,2,8,0,10,0,16,8,0,24,0,0,0,24
12/25/2005,LWS,ID,ANM,WE,Federal Contract Tower,0,12,0,0,12,0,0,2,0,2,0,12,2,0,14,0,0,0,14
12/26/2005,LWS,ID,ANM,WE,Federal Contract Tower,2,17,1,0,20,0,2,17,0,19,2,19,18,0,39,20,0,20,59
12/27/2005,LWS,ID,ANM,WE,Federal Contract Tower,0,27,6,0,33,0,2,6,0,8,0,29,12,0,41,16,0,16,57
12/28/2005,LWS,ID,ANM,WE,Federal Contract Tower,0,29,8,2,39,0,0,1,0,1,0,29,9,2,40,0,24,24,64
12/29/2005,LWS,ID,ANM,WE,Federal Contract Tower,2,29,0,0,31,0,10,22,0,32,2,39,22,0,63,20,0,20,83
12/30/2005,LWS,ID,ANM,WE,Federal Contract Tower,0,29,0,2,31,0,1,0,0,1,0,30,0,2,32,2,14,16,48
12/31/2005,LWS,ID,ANM,WE,Federal Contract Tower,0,18,0,0,18,0,0,3,0,3,0,18,3,0,21,2,0,2,23
01/01/2006,LWS,ID,ANM,WE,Federal Contract Tower,0,11,1,0,12,0,0,16,0,16,0,11,17,0,28,34,0,34,62
01/02/2006,LWS,ID,ANM,WE,Federal Contract Tower,0,15,1,0,16,0,1,27,0,28,0,16,28,0,44,4,0,4,48
01/03/2006,LWS,ID,ANM,WE,Federal Contract Tower,0,13,0,0,13,0,4,0,0,4,0,17,0,0,17,0,0,0,17
01/04/2006,LWS,ID,ANM,WE,Federal Contract Tower,0,27,0,0,27,0,2,38,0,40,0,29,38,0,67,34,0,34,101
01/05/2006,LWS,ID,ANM,WE,Federal Contract Tower,0,31,8,0,39,0,10,30,0,40,0,41,38,0,79,8,0,8,87
01/06/2006,LWS,ID,ANM,WE,Federal Contract Tower,0,27,3,0,30,0,4,16,0,20,0,31,19,0,50,28,0,28,78
01/07/2006,LWS,ID,ANM,WE,Federal Contract Tower,0,19,0,0,19,0,0,11,0,11,0,19,11,0,30,22,0,22,52
01/08/2006,LWS,ID,ANM,WE,Federal Contract Tower,0,15,3,0,18,0,1,46,0,47,0,16,49,0,65,88,0,88,153
01/09/2006,LWS,ID,ANM,WE,Federal Contract Tower,0,28,4,0,32,0,2,26,0,28,0,30,30,0,60,14,0,14,74
01/10/2006,LWS,ID,ANM,WE,Federal Contract Tower,0,28,2,0,30,0,4,7,0,11,0,32,9,0,41,16,0,16,57
01/11/2006,LWS,ID,ANM,WE,Federal Contract Tower,0,31,1,0,32,0,7,25,0,32,0,38,26,0,64,60,0,60,124
01/12/2006,LWS,ID,ANM,WE,Federal Contract Tower,0,31,7,0,38,0,11,24,0,35,0,42,31,0,73,0,0,0,73
01/13/2006,LWS,ID,ANM,WE,Federal Contract Tower,0,28,2,0,30,0,3,6,0,9,0,31,8,0,39,0,0,0,39
01/14/2006,LWS,ID,ANM,WE,Federal Contract Tower,0,17,1,0,18,0,0,4,0,4,0,17,5,0,22,0,0,0,22
01/15/2006,LWS,ID,ANM,WE,Federal Contract Tower,0,15,3,0,18,0,3,41,0,44,0,18,44,0,62,68,0,68,130
01/16/2006,LWS,ID,ANM,WE,Federal Contract Tower,0,22,3,0,25,0,0,7,0,7,0,22,10,0,32,8,0,8,40
01/17/2006,LWS,ID,ANM,WE,Federal Contract Tower,0,31,5,2,38,0,2,4,2,8,0,33,9,4,46,0,8,8,54
01/18/2006,LWS,ID,ANM,WE,Federal Contract Tower,0,32,5,0,37,0,2,13,0,15,0,34,18,0,52,22,0,22,74
01/19/2006,LWS,ID,ANM,WE,Federal Contract Tower,0,29,3,0,32,0,0,8,0,8,0,29,11,0,40,0,0,0,40
01/20/2006,LWS,ID,ANM,WE,Federal Contract Tower,0,32,4,0,36,0,0,4,0,4,0,32,8,0,40,0,0,0,40
01/21/2006,LWS,ID,ANM,WE,Federal Contract Tower,0,16,6,0,22,0,0,30,0,30,0,16,36,0,52,14,0,14,66
01/22/2006,LWS,ID,ANM,WE,Federal Contract Tower,0,15,2,0,17,0,0,20,2,22,0,15,22,2,39,46,2,48,87
01/23/2006,LWS,ID,ANM,WE,Federal Contract Tower,0,27,1,0,28,0,5,45,0,50,0,32,46,0,78,40,0,40,118
01/24/2006,LWS,ID,ANM,WE,Federal Contract Tower,0,29,6,0,35,0,1,33,0,34,0,30,39,0,69,36,0,36,105
01/25/2006,LWS,ID,ANM,WE,Federal Contract Tower,0,26,0,0,26,0,4,32,0,36,0,30,32,0,62,0,0,0,62
01/26/2006,LWS,ID,ANM,WE,Federal Contract Tower,0,30,6,0,36,0,2,20,0,22,0,32,26,0,58,10,0,10,68
01/27/2006,LWS,ID,ANM,WE,Federal Contract Tower,0,30,2,0,32,0,6,1,0,7,0,36,3,0,39,14,0,14,53
01/28/2006,LWS,ID,ANM,WE,Federal Contract Tower,0,17,0,0,17,0,0,1,0,1,0,17,1,0,18,8,0,8,26
01/29/2006,LWS,ID,ANM,WE,Federal Contract Tower,0,19,2,0,21,0,1,12,0,13,0,20,14,0,34,28,0,28,62
01/30/2006,LWS,ID,ANM,WE,Federal Contract Tower,0,28,4,2,34,0,5,17,0,22,0,33,21,2,56,0,4,4,60
01/31/2006,LWS,ID,ANM,WE,Federal Contract Tower,0,29,3,0,32,0,7,25,0,32,0,36,28,0,64,38,0,38,102
02/01/2006,LWS,ID,ANM,WE,Federal Contract Tower,0,30,4,2,36,0,10,6,0,16,0,40,10,2,52,8,6,14,66
02/02/2006,LWS,ID,ANM,WE,Federal Contract Tower,0,28,10,0,38,0,6,7,0,13,0,34,17,0,51,8,0,8,59
02/03/2006,LWS,ID,ANM,WE,Federal Contract Tower,0,23,10,0,33,0,7,31,0,38,0,30,41,0,71,14,0,14,85
02/04/2006,LWS,ID,ANM,WE,Federal Contract Tower,0,16,0,0,16,0,1,0,0,1,0,17,0,0,17,0,0,0,17
02/05/2006,LWS,ID,ANM,WE,Federal Contract Tower,0,15,1,0,16,0,1,15,0,16,0,16,16,0,32,8,0,8,40
02/06/2006,LWS,ID,ANM,WE,Federal Contract Tower,0,28,9,0,37,0,4,37,0,41,0,32,46,0,78,0,0,0,78
02/07/2006,LWS,ID,ANM,WE,Federal Contract Tower,0,30,7,0,37,0,4,55,0,59,0,34,62,0,96,34,0,34,130
02/08/2006,LWS,ID,ANM,WE,Federal Contract Tower,0,31,5,0,36,0,6,73,0,79,0,37,78,0,115,48,0,48,163
02/09/2006,LWS,ID,ANM,WE,Federal Contract Tower,0,30,5,0,35,0,8,45,0,53,0,38,50,0,88,0,0,0,88
02/10/2006,LWS,ID,ANM,WE,Federal Contract Tower,0,28,2,0,30,0,2,50,0,52,0,30,52,0,82,74,0,74,156
02/11/2006,LWS,ID,ANM,WE,Federal Contract Tower,0,17,4,0,21,0,5,66,0,71,0,22,70,0,92,46,0,46,138
02/12/2006,LWS,ID,ANM,WE,Federal Contract Tower,0,15,2,0,17,0,7,50,0,57,0,22,52,0,74,6,0,6,80
02/13/2006,LWS,ID,ANM,WE,Federal Contract Tower,0,28,3,2,33,0,0,36,0,36,0,28,39,2,69,8,18,26,95
02/14/2006,LWS,ID,ANM,WE,Federal Contract Tower,0,26,1,2,29,0,4,41,0,45,0,30,42,2,74,36,12,48,122
02/15/2006,LWS,ID,ANM,WE,Federal Contract Tower,2,30,4,0,36,0,11,62,0,73,2,41,66,0,109,26,0,26,135
02/16/2006,LWS,ID,ANM,WE,Federal Contract Tower,0,37,1,0,38,0,2,4,0,6,0,39,5,0,44,0,0,0,44
02/17/2006,LWS,ID,ANM,WE,Federal Contract Tower,0,26,4,0,30,0,11,12,0,23,0,37,16,0,53,0,0,0,53
02/18/2006,LWS,ID,ANM,WE,Federal Contract Tower,0,17,1,0,18,0,2,45,0,47,0,19,46,0,65,18,0,18,83
02/19/2006,LWS,ID,ANM,WE,Federal Contract Tower,0,15,2,0,17,0,3,17,0,20,0,18,19,0,37,24,0,24,61
02/20/2006,LWS,ID,ANM,WE,Federal Contract Tower,0,21,4,0,25,0,1,41,0,42,0,22,45,0,67,54,0,54,121
02/21/2006,LWS,ID,ANM,WE,Federal Contract Tower,0,28,5,0,33,0,3,17,0,20,0,31,22,0,53,14,0,14,67
02/22/2006,LWS,ID,ANM,WE,Federal Contract Tower,0,27,2,0,29,0,3,17,0,20,0,30,19,0,49,10,0,10,59
02/23/2006,LWS,ID,ANM,WE,Federal Contract Tower,0,35,1,0,36,0,5,5,0,10,0,40,6,0,46,16,0,16,62
02/24/2006,LWS,ID,ANM,WE,Federal Contract Tower,0,25,6,0,31,0,18,38,0,56,0,43,44,0,87,18,0,18,105
02/25/2006,LWS,ID,ANM,WE,Federal Contract Tower,0,19,6,0,25,0,0,36,0,36,0,19,42,0,61,50,0,50,111
02/26/2006,LWS,ID,ANM,WE,Federal Contract Tower,0,18,1,0,19,0,0,23,0,23,0,18,24,0,42,26,0,26,68
02/27/2006,LWS,ID,ANM,WE,Federal Contract Tower,0,27,5,0,32,0,4,22,0,26,0,31,27,0,58,14,0,14,72
02/28/2006,LWS,ID,ANM,WE,Federal Contract Tower,0,35,11,0,46,0,0,12,0,12,0,35,23,0,58,4,0,4,62
03/01/2006,LWS,ID,ANM,WE,Federal Contract Tower,0,28,8,0,36,0,7,68,0,75,0,35,76,0,111,30,0,30,141
03/02/2006,LWS,ID,ANM,WE,Federal Contract Tower,0,28,8,2,38,0,7,28,0,35,0,35,36,2,73,8,16,24,97
03/03/2006,LWS,ID,ANM,WE,Federal Contract Tower,0,29,6,0,35,0,10,47,0,57,0,39,53,0,92,38,0,38,130
03/04/2006,LWS,ID,ANM,WE,Federal Contract Tower,0,17,0,0,17,0,1,17,0,18,0,18,17,0,35,22,0,22,57
03/05/2006,LWS,ID,ANM,WE,Federal Contract Tower,0,15,2,0,17,0,0,32,0,32,0,15,34,0,49,42,0,42,91
03/06/2006,LWS,ID,ANM,WE,Federal Contract Tower,0,30,1,0,31,0,3,17,0,20,0,33,18,0,51,4,0,4,55
03/07/2006,LWS,ID,ANM,WE,Federal Contract Tower,0,27,5,2,34,0,7,24,0,31,0,34,29,2,65,38,26,64,129
03/08/2006,LWS,ID,ANM,WE,Federal Contract Tower,0,32,7,0,39,0,4,34,0,38,0,36,41,0,77,38,0,38,115
03/09/2006,LWS,ID,ANM,WE,Federal Contract Tower,0,28,8,0,36,0,5,15,0,20,0,33,23,0,56,2,0,2,58
03/10/2006,LWS,ID,ANM,WE,Federal Contract Tower,0,26,4,0,30,0,5,25,0,30,0,31,29,0,60,20,0,20,80
03/11/2006,LWS,ID,ANM,WE,Federal Contract Tower,0,17,1,0,18,0,1,16,0,17,0,18,17,0,35,24,0,24,59
03/12/2006,LWS,ID,ANM,WE,Federal Contract Tower,0,15,6,0,21,0,0,42,0,42,0,15,48,0,63,26,0,26,89
03/13/2006,LWS,ID,ANM,WE,Federal Contract Tower,0,27,6,0,33,0,1,47,0,48,0,28,53,0,81,16,0,16,97
03/14/2006,LWS,ID,ANM,WE,Federal Contract Tower,0,31,7,0,38,0,3,18,0,21,0,34,25,0,59,22,0,22,81
03/15/2006,LWS,ID,ANM,WE,Federal Contract Tower,0,28,6,0,34,0,1,20,0,21,0,29,26,0,55,0,2,2,57
03/16/2006,LWS,ID,ANM,WE,Federal Contract Tower,0,28,6,0,34,0,4,9,0,13,0,32,15,0,47,6,0,6,53
03/17/2006,LWS,ID,ANM,WE,Federal Contract Tower,0,34,6,0,40,0,6,9,0,15,0,40,15,0,55,8,0,8,63
03/18/2006,LWS,ID,ANM,WE,Federal Contract Tower,0,21,2,0,23,0,0,10,0,10,0,21,12,0,33,14,0,14,47
03/19/2006,LWS,ID,ANM,WE,Federal Contract Tower,0,14,4,0,18,0,0,45,0,45,0,14,49,0,63,40,0,40,103
03/20/2006,LWS,ID,ANM,WE,Federal Contract Tower,0,27,11,0,38,0,1,43,0,44,0,28,54,0,82,42,0,42,124
03/21/2006,LWS,ID,ANM,WE,Federal Contract Tower,0,29,12,2,43,0,16,64,0,80,0,45,76,2,123,36,0,36,159
03/22/2006,LWS,ID,ANM,WE,Federal Contract Tower,0,31,3,2,36,0,21,36,0,57,0,52,39,2,93,28,0,28,121
03/23/2006,LWS,ID,ANM,WE,Federal Contract Tower,0,26,2,0,28,0,6,34,0,40,0,32,36,0,68,36,0,36,104
03/24/2006,LWS,ID,ANM,WE,Federal Contract Tower,0,30,5,0,35,0,1,10,0,11,0,31,15,0,46,2,0,2,48
03/25/2006,LWS,ID,ANM,WE,Federal Contract Tower,0,19,2,0,21,0,0,0,0,0,0,19,2,0,21,0,0,0,21
03/26/2006,LWS,ID,ANM,WE,Federal Contract Tower,0,15,5,0,20,0,0,20,0,20,0,15,25,0,40,24,0,24,64
03/27/2006,LWS,ID,ANM,WE,Federal Contract Tower,0,28,9,0,37,0,5,37,0,42,0,33,46,0,79,32,0,32,111
03/28/2006,LWS,ID,ANM,WE,Federal Contract Tower,0,31,6,0,37,0,0,23,0,23,0,31,29,0,60,22,0,22,82
03/29/2006,LWS,ID,ANM,WE,Federal Contract Tower,0,31,4,0,35,0,3,15,0,18,0,34,19,0,53,34,0,34,87
03/30/2006,LWS,ID,ANM,WE,Federal Contract Tower,0,27,3,2,32,0,5,33,2,40,0,32,36,4,72,24,22,46,118
03/31/2006,LWS,ID,ANM,WE,Federal Contract Tower,0,25,9,0,34,0,5,29,2,36,0,30,38,2,70,16,0,16,86
04/01/2006,LWS,ID,ANM,WE,Federal Contract Tower,0,16,4,4,24,0,0,12,0,12,0,16,16,4,36,40,0,40,76
04/02/2006,LWS,ID,ANM,WE,Federal Contract Tower,0,15,4,0,19,0,0,20,0,20,0,15,24,0,39,44,0,44,83
04/03/2006,LWS,ID,ANM,WE,Federal Contract Tower,0,29,8,0,37,0,6,34,0,40,0,35,42,0,77,48,0,48,125
04/04/2006,LWS,ID,ANM,WE,Federal Contract Tower,0,33,6,0,39,0,3,19,0,22,0,36,25,0,61,0,0,0,61
04/05/2006,LWS,ID,ANM,WE,Federal Contract Tower,0,30,5,0,35,0,0,5,0,5,0,30,10,0,40,0,0,0,40
04/06/2006,LWS,ID,ANM,WE,Federal Contract Tower,0,31,10,0,41,0,2,28,0,30,0,33,38,0,71,40,0,40,111
04/07/2006,LWS,ID,ANM,WE,Federal Contract Tower,0,30,9,0,39,0,2,63,0,65,0,32,72,0,104,18,0,18,122
04/08/2006,LWS,ID,ANM,WE,Federal Contract Tower,0,20,3,0,23,0,0,10,0,10,0,20,13,0,33,28,0,28,61
04/09/2006,LWS,ID,ANM,WE,Federal Contract Tower,0,19,6,0,25,0,2,33,0,35,0,21,39,0,60,76,0,76,136
04/10/2006,LWS,ID,ANM,WE,Federal Contract Tower,0,32,13,2,47,0,4,35,0,39,0,36,48,2,86,8,12,20,106
04/11/2006,LWS,ID,ANM,WE,Federal Contract Tower,0,27,7,0,34,0,6,45,0,51,0,33,52,0,85,28,0,28,113
04/12/2006,LWS,ID,ANM,WE,Federal Contract Tower,0,30,5,0,35,0,4,26,0,30,0,34,31,0,65,36,0,36,101
04/13/2006,LWS,ID,ANM,WE,Federal Contract Tower,0,30,3,0,33,0,3,17,0,20,0,33,20,0,53,8,0,8,61
04/14/2006,LWS,ID,ANM,WE,Federal Contract Tower,0,31,7,0,38,0,2,39,0,41,0,33,46,0,79,8,0,8,87
04/15/2006,LWS,ID,ANM,WE,Federal Contract Tower,0,21,0,0,21,0,0,3,0,3,0,21,3,0,24,0,0,0,24
04/16/2006,LWS,ID,ANM,WE,Federal Contract Tower,0,12,3,0,15,0,0,13,0,13,0,12,16,0,28,4,0,4,32
04/17/2006,LWS,ID,ANM,WE,Federal Contract Tower,0,29,6,2,37,0,5,33,0,38,0,34,39,2,75,56,8,64,139
04/18/2006,LWS,ID,ANM,WE,Federal Contract Tower,0,32,9,2,43,0,2,80,0,82,0,34,89,2,125,52,12,64,189
04/19/2006,LWS,ID,ANM,WE,Federal Contract Tower,0,34,12,0,46,0,5,54,0,59,0,39,66,0,105,38,0,38,143
04/20/2006,LWS,ID,ANM,WE,Federal Contract Tower,0,30,8,0,38,0,2,70,0,72,0,32,78,0,110,40,0,40,150
04/21/2006,LWS,ID,ANM,WE,Federal Contract Tower,0,27,7,2,36,0,4,47,0,51,0,31,54,2,87,32,4,36,123
04/22/2006,LWS,ID,ANM,WE,Federal Contract Tower,0,19,3,0,22,0,0,43,0,43,0,19,46,0,65,46,0,46,111
04/23/2006,LWS,ID,ANM,WE,Federal Contract Tower,0,16,2,2,20,0,2,60,0,62,0,18,62,2,82,18,2,20,102
04/24/2006,LWS,ID,ANM,WE,Federal Contract Tower,0,30,2,0,32,0,4,77,0,81,0,34,79,0,113,88,0,88,201
04/25/2006,LWS,ID,ANM,WE,Federal Contract Tower,0,30,7,0,37,0,2,29,0,31,0,32,36,0,68,46,0,46,114
04/26/2006,LWS,ID,ANM,WE,Federal Contract Tower,0,30,5,0,35,0,4,53,0,57,0,34,58,0,92,36,0,36,128
04/27/2006,LWS,ID,ANM,WE,Federal Contract Tower,0,27,5,0,32,0,5,51,0,56,0,32,56,0,88,46,0,46,134
04/28/2006,LWS,ID,ANM,WE,Federal Contract Tower,0,25,5,0,30,0,11,91,0,102,0,36,96,0,132,44,0,44,176
04/29/2006,LWS,ID,ANM,WE,Federal Contract Tower,0,18,4,0,22,0,1,97,0,98,0,19,101,0,120,40,0,40,160
04/30/2006,LWS,ID,ANM,WE,Federal Contract Tower,0,16,4,0,20,0,5,79,0,84,0,21,83,0,104,52,0,52,156
05/01/2006,LWS,ID,ANM,WE,Federal Contract Tower,0,27,3,0,30,0,7,36,0,43,0,34,39,0,73,0,0,0,73
05/02/2006,LWS,ID,ANM,WE,Federal Contract Tower,0,30,2,2,34,0,5,72,0,77,0,35,74,2,111,32,2,34,145
05/03/2006,LWS,ID,ANM,WE,Federal Contract Tower,0,26,5,0,31,0,6,44,0,50,0,32,49,0,81,48,0,48,129
05/04/2006,LWS,ID,ANM,WE,Federal Contract Tower,0,29,3,0,32,0,2,42,0,44,0,31,45,0,76,38,0,38,114
05/05/2006,LWS,ID,ANM,WE,Federal Contract Tower,0,27,9,0,36,0,4,39,0,43,0,31,48,0,79,12,0,12,91
05/06/2006,LWS,ID,ANM,WE,Federal Contract Tower,0,19,1,0,20,0,0,55,0,55,0,19,56,0,75,28,0,28,103
05/07/2006,LWS,ID,ANM,WE,Federal Contract Tower,0,18,3,0,21,0,0,5,0,5,0,18,8,0,26,0,0,0,26
05/08/2006,LWS,ID,ANM,WE,Federal Contract Tower,0,30,9,2,41,0,1,21,0,22,0,31,30,2,63,26,10,36,99
05/09/2006,LWS,ID,ANM,WE,Federal Contract Tower,0,31,10,0,41,0,7,35,0,42,0,38,45,0,83,32,0,32,115
05/10/2006,LWS,ID,ANM,WE,Federal Contract Tower,0,31,2,0,33,0,9,38,0,47,0,40,40,0,80,42,0,42,122
05/11/2006,LWS,ID,ANM,WE,Federal Contract Tower,0,29,5,0,34,0,10,31,0,41,0,39,36,0,75,12,0,12,87
05/12/2006,LWS,ID,ANM,WE,Federal Contract Tower,0,27,4,0,31,0,8,51,0,59,0,35,55,0,90,28,0,28,118
05/13/2006,LWS,ID,ANM,WE,Federal Contract Tower,0,19,2,0,21,0,0,29,1,30,0,19,31,1,51,18,0,18,69
05/14/2006,LWS,ID,ANM,WE,Federal Contract Tower,0,16,3,0,19,0,0,34,0,34,0,16,37,0,53,30,0,30,83
05/15/2006,LWS,ID,ANM,WE,Federal Contract Tower,0,27,9,0,36,0,1,26,10,37,0,28,35,10,73,24,10,34,107
05/16/2006,LWS,ID,ANM,WE,Federal Contract Tower,0,31,9,0,40,0,6,73,0,79,0,37,82,0,119,60,0,60,179
05/17/2006,LWS,ID,ANM,WE,Federal Contract Tower,0,28,8,0,36,0,4,30,0,34,0,32,38,0,70,32,0,32,102
05/18/2006,LWS,ID,ANM,WE,Federal Contract Tower,0,26,12,0,38,0,13,61,0,74,0,39,73,0,112,16,0,16,128
05/19/2006,LWS,ID,ANM,WE,Federal Contract Tower,0,31,9,0,40,0,4,48,0,52,0,35,57,0,92,20,0,20,112
05/20/2006,LWS,ID,ANM,WE,Federal Contract Tower,0,20,8,0,28,0,0,9,0,9,0,20,17,0,37,22,0,22,59
05/21/2006,LWS,ID,ANM,WE,Federal Contract Tower,0,18,0,0,18,0,0,39,0,39,0,18,39,0,57,2,0,2,59
05/22/2006,LWS,ID,ANM,WE,Federal Contract Tower,0,30,11,0,41,0,6,19,8,33,0,36,30,8,74,10,4,14,88
05/23/2006,LWS,ID,ANM,WE,Federal Contract Tower,0,29,9,0,38,0,4,34,0,38,0,33,43,0,76,10,0,10,86
05/24/2006,LWS,ID,ANM,WE,Federal Contract Tower,0,32,6,0,38,0,1,23,2,26,0,33,29,2,64,22,0,22,86
05/25/2006,LWS,ID,ANM,WE,Federal Contract Tower,0,34,17,0,51,0,11,17,0,28,0,45,34,0,79,8,0,8,87
05/26/2006,LWS,ID,ANM,WE,Federal Contract Tower,0,32,9,0,41,0,2,16,0,18,0,34,25,0,59,10,0,10,69
05/27/2006,LWS,ID,ANM,WE,Federal Contract Tower,0,19,2,0,21,0,1,9,0,10,0,20,11,0,31,12,0,12,43
05/28/2006,LWS,ID,ANM,WE,Federal Contract Tower,0,14,0,0,14,0,2,12,0,14,0,16,12,0,28,38,0,38,66
05/29/2006,LWS,ID,ANM,WE,Federal Contract Tower,0,18,3,0,21,0,0,48,0,48,0,18,51,0,69,74,0,74,143
05/30/2006,LWS,ID,ANM,WE,Federal Contract Tower,0,30,12,0,42,0,8,45,4,57,0,38,57,4,99,60,2,62,161
05/31/2006,LWS,ID,ANM,WE,Federal Contract Tower,0,29,3,3,35,0,12,43,0,55,0,41,46,3,90,28,0,28,118
06/01/2006,LWS,ID,ANM,WE,Federal Contract Tower,0,29,8,2,39,0,3,28,0,31,0,32,36,2,70,14,14,28,98
06/02/2006,LWS,ID,ANM,WE,Federal Contract Tower,0,29,9,3,41,0,2,50,1,53,0,31,59,4,94,0,0,0,94
06/03/2006,LWS,ID,ANM,WE,Federal Contract Tower,0,19,5,4,28,0,1,19,2,22,0,20,24,6,50,22,0,22,72
06/04/2006,LWS,ID,ANM,WE,Federal Contract Tower,0,16,3,0,19,0,1,1,0,2,0,17,4,0,21,22,0,22,43
06/05/2006,LWS,ID,ANM,WE,Federal Contract Tower,0,30,6,0,36,0,3,39,12,54,0,33,45,12,90,22,16,38,128
06/06/2006,LWS,ID,ANM,WE,Federal Contract Tower,0,29,8,0,37,0,4,84,0,88,0,33,92,0,125,72,0,72,197
06/07/2006,LWS,ID,ANM,WE,Federal Contract Tower,0,28,11,0,39,0,4,21,0,25,0,32,32,0,64,10,0,10,74
06/08/2006,LWS,ID,ANM,WE,Federal Contract Tower,0,32,5,2,39,0,2,12,0,14,0,34,17,2,53,6,0,6,59
06/09/2006,LWS,ID,ANM,WE,Federal Contract Tower,0,30,5,0,35,0,5,49,2,56,0,35,54,2,91,14,0,14,105
06/10/2006,LWS,ID,ANM,WE,Federal Contract Tower,0,21,4,0,25,0,0,20,0,20,0,21,24,0,45,26,0,26,71
06/11/2006,LWS,ID,ANM,WE,Federal Contract Tower,0,15,9,0,24,0,1,41,0,42,0,16,50,0,66,40,0,40,106
06/12/2006,LWS,ID,ANM,WE,Federal Contract Tower,0,27,8,0,35,0,8,12,0,20,0,35,20,0,55,6,0,6,61
06/13/2006,LWS,ID,ANM,WE,Federal Contract Tower,0,28,5,0,33,0,3,27,0,30,0,31,32,0,63,30,0,30,93
06/14/2006,LWS,ID,ANM,WE,Federal Contract Tower,0,33,7,2,42,0,2,7,0,9,0,35,14,2,51,18,0,18,69
06/15/2006,LWS,ID,ANM,WE,Federal Contract Tower,0,30,11,0,41,0,5,28,0,33,0,35,39,0,74,56,0,56,130
06/16/2006,LWS,ID,ANM,WE,Federal Contract Tower,0,29,7,0,36,0,6,85,0,91,0,35,92,0,127,26,0,26,153
06/17/2006,LWS,ID,ANM,WE,Federal Contract Tower,0,18,7,0,25,0,1,29,0,30,0,19,36,0,55,10,0,10,65
06/18/2006,LWS,ID,ANM,WE,Federal Contract Tower,0,16,5,0,21,0,0,32,0,32,0,16,37,0,53,8,0,8,61
06/19/2006,LWS,ID,ANM,WE,Federal Contract Tower,0,28,8,0,36,0,5,43,0,48,0,33,51,0,84,28,0,28,112
06/20/2006,LWS,ID,ANM,WE,Federal Contract Tower,0,29,14,0,43,0,2,75,0,77,0,31,89,0,120,32,0,32,152
06/21/2006,LWS,ID,ANM,WE,Federal Contract Tower,0,30,5,3,38,0,6,53,1,60,0,36,58,4,98,22,14,36,134
06/22/2006,LWS,ID,ANM,WE,Federal Contract Tower,0,30,3,0,33,0,10,41,0,51,0,40,44,0,84,32,0,32,116
06/23/2006,LWS,ID,ANM,WE,Federal Contract Tower,0,34,2,0,36,0,2,63,0,65,0,36,65,0,101,50,0,50,151
06/24/2006,LWS,ID,ANM,WE,Federal Contract Tower,0,17,0,0,17,0,0,48,2,50,0,17,48,2,67,46,0,46,113
06/25/2006,LWS,ID,ANM,WE,Federal Contract Tower,0,14,1,0,15,0,0,50,0,50,0,14,51,0,65,2,0,2,67
06/26/2006,LWS,ID,ANM,WE,Federal Contract Tower,0,25,0,1,26,0,3,32,1,36,0,28,32,2,62,4,0,4,66
06/27/2006,LWS,ID,ANM,WE,Federal Contract Tower,0,27,5,0,32,0,8,65,0,73,0,35,70,0,105,14,0,14,119
06/28/2006,LWS,ID,ANM,WE,Federal Contract Tower,0,28,5,0,33,0,10,47,0,57,0,38,52,0,90,26,2,28,118
06/29/2006,LWS,ID,ANM,WE,Federal Contract Tower,0,28,10,0,38,0,2,34,0,36,0,30,44,0,74,16,0,16,90
06/30/2006,LWS,ID,ANM,WE,Federal Contract Tower,0,28,2,0,30,0,9,89,0,98,0,37,91,0,128,24,0,24,152
07/01/2006,LWS,ID,ANM,WE,Federal Contract Tower,0,21,1,0,22,0,0,50,0,50,0,21,51,0,72,30,0,30,102
07/02/2006,LWS,ID,ANM,WE,Federal Contract Tower,0,14,2,0,16,0,0,32,0,32,0,14,34,0,48,2,0,2,50
07/03/2006,LWS,ID,ANM,WE,Federal Contract Tower,0,26,1,0,27,0,4,35,0,39,0,30,36,0,66,0,0,0,66
07/04/2006,LWS,ID,ANM,WE,Federal Contract Tower,0,16,0,0,16,0,3,35,0,38,0,19,35,0,54,32,0,32,86
07/05/2006,LWS,ID,ANM,WE,Federal Contract Tower,0,25,11,0,36,0,7,33,0,40,0,32,44,0,76,4,0,4,80
07/06/2006,LWS,ID,ANM,WE,Federal Contract Tower,0,30,2,0,32,0,5,22,0,27,0,35,24,0,59,10,0,10,69
07/07/2006,LWS,ID,ANM,WE,Federal Contract Tower,0,30,4,2,36,0,1,62,0,63,0,31,66,2,99,0,8,8,107
07/08/2006,LWS,ID,ANM,WE,Federal Contract Tower,0,20,9,2,31,0,2,58,2,62,0,22,67,4,93,30,30,60,153
07/09/2006,LWS,ID,ANM,WE,Federal Contract Tower,0,12,7,0,19,0,0,52,0,52,0,12,59,0,71,16,0,16,87
07/10/2006,LWS,ID,ANM,WE,Federal Contract Tower,0,28,1,0,29,0,7,45,0,52,0,35,46,0,81,26,0,26,107
07/11/2006,LWS,ID,ANM,WE,Federal Contract Tower,0,32,9,0,41,0,4,28,0,32,0,36,37,0,73,48,0,48,121
07/12/2006,LWS,ID,ANM,WE,Federal Contract Tower,0,28,1,0,29,0,8,34,0,42,0,36,35,0,71,60,0,60,131
07/13/2006,LWS,ID,ANM,WE,Federal Contract Tower,0,25,2,0,27,0,5,48,0,53,0,30,50,0,80,14,0,14,94
07/14/2006,LWS,ID,ANM,WE,Federal Contract Tower,0,28,7,0,35,0,4,40,0,44,0,32,47,0,79,10,8,18,97
07/15/2006,LWS,ID,ANM,WE,Federal Contract Tower,0,18,0,0,18,0,1,93,0,94,0,19,93,0,112,106,0,106,218
07/16/2006,LWS,ID,ANM,WE,Federal Contract Tower,0,15,1,2,18,0,0,41,0,41,0,15,42,2,59,22,0,22,81
07/17/2006,LWS,ID,ANM,WE,Federal Contract Tower,0,29,2,0,31,0,2,39,0,41,0,31,41,0,72,12,0,12,84
07/18/2006,LWS,ID,ANM,WE,Federal Contract Tower,0,23,15,0,38,0,4,49,0,53,0,27,64,0,91,62,0,62,153
07/19/2006,LWS,ID,ANM,WE,Federal Contract Tower,0,30,6,3,39,0,4,50,3,57,0,34,56,6,96,14,38,52,148
07/20/2006,LWS,ID,ANM,WE,Federal Contract Tower,0,28,6,0,34,0,4,52,6,62,0,32,58,6,96,46,0,46,142
07/21/2006,LWS,ID,ANM,WE,Federal Contract Tower,0,27,3,2,32,0,8,63,4,75,0,35,66,6,107,68,14,82,189
07/22/2006,LWS,ID,ANM,WE,Federal Contract Tower,0,17,0,0,17,0,4,46,2,52,0,21,46,2,69,26,0,26,95
07/23/2006,LWS,ID,ANM,WE,Federal Contract Tower,0,14,6,0,20,0,0,78,0,78,0,14,84,0,98,36,0,36,134
07/24/2006,LWS,ID,ANM,WE,Federal Contract Tower,0,25,3,0,28,0,2,45,0,47,0,27,48,0,75,28,0,28,103
07/25/2006,LWS,ID,ANM,WE,Federal Contract Tower,2,29,11,0,42,0,13,67,0,80,2,42,78,0,122,24,0,24,146
07/26/2006,LWS,ID,ANM,WE,Federal Contract Tower,0,32,5,0,37,0,6,43,0,49,0,38,48,0,86,8,0,8,94
07/27/2006,LWS,ID,ANM,WE,Federal Contract Tower,0,28,6,0,34,0,9,66,0,75,0,37,72,0,109,38,4,42,151
07/28/2006,LWS,ID,ANM,WE,Federal Contract Tower,0,32,2,0,34,0,3,58,0,61,0,35,60,0,95,26,0,26,121
07/29/2006,LWS,ID,ANM,WE,Federal Contract Tower,0,17,2,0,19,0,0,46,0,46,0,17,48,0,65,22,0,22,87
07/30/2006,LWS,ID,ANM,WE,Federal Contract Tower,0,16,4,0,20,0,0,43,0,43,0,16,47,0,63,12,0,12,75
07/31/2006,LWS,ID,ANM,WE,Federal Contract Tower,0,28,3,4,35,0,8,37,0,45,0,36,40,4,80,14,6,20,100
08/01/2006,LWS,ID,ANM,WE,Federal Contract Tower,0,30,6,0,36,0,4,65,0,69,0,34,71,0,105,44,0,44,149
08/02/2006,LWS,ID,ANM,WE,Federal Contract Tower,0,31,14,0,45,0,8,56,0,64,0,39,70,0,109,14,0,14,123
08/03/2006,LWS,ID,ANM,WE,Federal Contract Tower,0,30,4,0,34,0,5,40,0,45,0,35,44,0,79,0,0,0,79
08/04/2006,LWS,ID,ANM,WE,Federal Contract Tower,0,28,3,0,31,0,3,26,0,29,0,31,29,0,60,30,0,30,90
08/05/2006,LWS,ID,ANM,WE,Federal Contract Tower,0,18,2,0,20,0,0,44,0,44,0,18,46,0,64,28,0,28,92
08/06/2006,LWS,ID,ANM,WE,Federal Contract Tower,0,15,1,0,16,0,2,63,0,65,0,17,64,0,81,24,0,24,105
08/07/2006,LWS,ID,ANM,WE,Federal Contract Tower,0,27,6,0,33,0,6,68,0,74,0,33,74,0,107,16,0,16,123
08/08/2006,LWS,ID,ANM,WE,Federal Contract Tower,0,32,3,0,35,0,7,46,0,53,0,39,49,0,88,16,0,16,104
08/09/2006,LWS,ID,ANM,WE,Federal Contract Tower,0,29,8,2,39,0,3,50,2,55,0,32,58,4,94,40,0,40,134
08/10/2006,LWS,ID,ANM,WE,Federal Contract Tower,0,26,7,0,33,0,5,17,0,22,0,31,24,0,55,36,0,36,91
08/11/2006,LWS,ID,ANM,WE,Federal Contract Tower,0,29,3,0,32,0,3,33,0,36,0,32,36,0,68,6,0,6,74
08/12/2006,LWS,ID,ANM,WE,Federal Contract Tower,0,18,2,0,20,0,1,28,0,29,0,19,30,0,49,12,0,12,61
08/13/2006,LWS,ID,ANM,WE,Federal Contract Tower,0,14,0,0,14,0,0,37,0,37,0,14,37,0,51,24,0,24,75
08/14/2006,LWS,ID,ANM,WE,Federal Contract Tower,0,28,0,0,28,0,5,53,0,58,0,33,53,0,86,10,0,10,96
08/15/2006,LWS,ID,ANM,WE,Federal Contract Tower,0,30,2,0,32,0,3,61,0,64,0,33,63,0,96,6,0,6,102
08/16/2006,LWS,ID,ANM,WE,Federal Contract Tower,0,31,8,0,39,0,0,30,0,30,0,31,38,0,69,0,0,0,69
08/17/2006,LWS,ID,ANM,WE,Federal Contract Tower,2,29,4,0,35,0,4,63,0,67,2,33,67,0,102,34,0,34,136
08/18/2006,LWS,ID,ANM,WE,Federal Contract Tower,0,28,3,0,31,0,4,62,0,66,0,32,65,0,97,6,0,6,103
08/19/2006,LWS,ID,ANM,WE,Federal Contract Tower,0,18,6,0,24,0,0,33,0,33,0,18,39,0,57,20,0,20,77
08/20/2006,LWS,ID,ANM,WE,Federal Contract Tower,0,14,2,0,16,0,0,58,0,58,0,14,60,0,74,28,0,28,102
08/21/2006,LWS,ID,ANM,WE,Federal Contract Tower,0,30,6,0,36,0,4,73,4,81,0,34,79,4,117,4,0,4,121
08/22/2006,LWS,ID,ANM,WE,Federal Contract Tower,0,29,2,0,31,0,2,29,2,33,0,31,31,2,64,0,0,0,64
08/23/2006,LWS,ID,ANM,WE,Federal Contract Tower,0,29,6,0,35,0,10,30,0,40,0,39,36,0,75,0,0,0,75
08/24/2006,LWS,ID,ANM,WE,Federal Contract Tower,0,33,5,0,38,0,1,31,0,32,0,34,36,0,70,32,0,32,102
08/25/2006,LWS,ID,ANM,WE,Federal Contract Tower,0,31,4,0,35,0,0,44,8,52,0,31,48,8,87,8,0,8,95
08/26/2006,LWS,ID,ANM,WE,Federal Contract Tower,0,19,3,0,22,0,0,41,0,41,0,19,44,0,63,38,0,38,101
08/27/2006,LWS,ID,ANM,WE,Federal Contract Tower,0,14,8,2,24,0,0,66,0,66,0,14,74,2,90,26,0,26,116
08/28/2006,LWS,ID,ANM,WE,Federal Contract Tower,0,29,2,0,31,0,7,65,0,72,0,36,67,0,103,20,0,20,123
08/29/2006,LWS,ID,ANM,WE,Federal Contract Tower,0,29,4,0,33,0,3,22,0,25,0,32,26,0,58,8,0,8,66
08/30/2006,LWS,ID,ANM,WE,Federal Contract Tower,0,29,11,0,40,0,3,45,0,48,0,32,56,0,88,24,0,24,112
08/31/2006,LWS,ID,ANM,WE,Federal Contract Tower,0,30,5,0,35,0,2,47,0,49,0,32,52,0,84,18,0,18,102
09/01/2006,LWS,ID,ANM,WE,Federal Contract Tower,0,27,13,2,42,0,1,24,0,25,0,28,37,2,67,4,16,20,87
09/02/2006,LWS,ID,ANM,WE,Federal Contract Tower,0,16,0,0,16,0,2,33,0,35,0,18,33,0,51,2,0,2,53
09/03/2006,LWS,ID,ANM,WE,Federal Contract Tower,0,15,4,0,19,0,0,38,0,38,0,15,42,0,57,22,0,22,79
09/04/2006,LWS,ID,ANM,WE,Federal Contract Tower,0,16,2,0,18,0,2,52,0,54,0,18,54,0,72,0,0,0,72
09/05/2006,LWS,ID,ANM,WE,Federal Contract Tower,0,28,4,0,32,0,9,41,0,50,0,37,45,0,82,4,0,4,86
09/06/2006,LWS,ID,ANM,WE,Federal Contract Tower,0,30,9,0,39,0,2,33,4,39,0,32,42,4,78,2,0,2,80
09/07/2006,LWS,ID,ANM,WE,Federal Contract Tower,0,32,4,0,36,0,1,34,0,35,0,33,38,0,71,0,0,0,71
09/08/2006,LWS,ID,ANM,WE,Federal Contract Tower,0,29,1,0,30,0,3,45,0,48,0,32,46,0,78,19,0,19,97
09/09/2006,LWS,ID,ANM,WE,Federal Contract Tower,0,18,2,0,20,0,0,50,2,52,0,18,52,2,72,42,0,42,114
09/10/2006,LWS,ID,ANM,WE,Federal Contract Tower,0,16,3,0,19,0,0,45,0,45,0,16,48,0,64,24,0,24,88
09/11/2006,LWS,ID,ANM,WE,Federal Contract Tower,0,27,2,0,29,0,4,44,0,48,0,31,46,0,77,2,0,2,79
09/12/2006,LWS,ID,ANM,WE,Federal Contract Tower,0,29,8,0,37,0,2,43,0,45,0,31,51,0,82,6,0,6,88
09/13/2006,LWS,ID,ANM,WE,Federal Contract Tower,0,30,9,0,39,0,0,36,0,36,0,30,45,0,75,6,0,6,81
09/14/2006,LWS,ID,ANM,WE,Federal Contract Tower,0,34,6,1,41,0,1,34,1,36,0,35,40,2,77,2,0,2,79
09/15/2006,LWS,ID,ANM,WE,Federal Contract Tower,1,29,11,1,42,0,6,18,1,25,1,35,29,2,67,0,0,0,67
09/16/2006,LWS,ID,ANM,WE,Federal Contract Tower,1,21,2,0,24,0,1,38,0,39,1,22,40,0,63,24,0,24,87
09/17/2006,LWS,ID,ANM,WE,Federal Contract Tower,0,13,7,0,20,0,0,45,1,46,0,13,52,1,66,56,0,56,122
09/18/2006,LWS,ID,ANM,WE,Federal Contract Tower,0,32,3,0,35,0,4,48,0,52,0,36,51,0,87,42,0,42,129
09/19/2006,LWS,ID,ANM,WE,Federal Contract Tower,0,29,2,0,31,0,3,11,0,14,0,32,13,0,45,4,0,4,49
09/20/2006,LWS,ID,ANM,WE,Federal Contract Tower,0,33,6,0,39,0,4,21,0,25,0,37,27,0,64,6,0,6,70
09/21/2006,LWS,ID,ANM,WE,Federal Contract Tower,0,33,3,0,36,0,0,7,0,7,0,33,10,0,43,0,0,0,43
09/22/2006,LWS,ID,ANM,WE,Federal Contract Tower,0,28,8,0,36,0,3,41,0,44,0,31,49,0,80,18,0,18,98
09/23/2006,LWS,ID,ANM,WE,Federal Contract Tower,0,19,1,0,20,0,2,48,0,50,0,21,49,0,70,28,0,28,98
09/24/2006,LWS,ID,ANM,WE,Federal Contract Tower,0,15,1,0,16,0,0,64,0,64,0,15,65,0,80,36,0,36,116
09/25/2006,LWS,ID,ANM,WE,Federal Contract Tower,0,27,3,0,30,0,2,51,0,53,0,29,54,0,83,2,0,2,85
09/26/2006,LWS,ID,ANM,WE,Federal Contract Tower,0,29,5,0,34,0,3,41,0,44,0,32,46,0,78,26,0,26,104
09/27/2006,LWS,ID,ANM,WE,Federal Contract Tower,0,29,5,0,34,0,7,63,0,70,0,36,68,0,104,24,0,24,128
09/28/2006,LWS,ID,ANM,WE,Federal Contract Tower,0,28,2,0,30,0,10,91,0,101,0,38,93,0,131,52,0,52,183
09/29/2006,LWS,ID,ANM,WE,Federal Contract Tower,2,26,5,0,33,0,12,58,0,70,2,38,63,0,103,46,0,46,149
09/30/2006,LWS,ID,ANM,WE,Federal Contract Tower,2,18,1,0,21,0,1,68,0,69,2,19,69,0,90,20,0,20,110
10/01/2006,LWS,ID,ANM,WE,Federal Contract Tower,0,16,7,0,23,0,7,66,0,73,0,23,73,0,96,26,0,26,122
10/02/2006,LWS,ID,ANM,WE,Federal Contract Tower,0,30,4,2,36,0,13,58,0,71,0,43,62,2,107,22,0,22,129
10/03/2006,LWS,ID,ANM,WE,Federal Contract Tower,0,29,5,0,34,0,7,29,0,36,0,36,34,0,70,14,0,14,84
10/04/2006,LWS,ID,ANM,WE,Federal Contract Tower,0,32,14,2,48,0,4,37,2,43,0,36,51,4,91,16,14,30,121
10/05/2006,LWS,ID,ANM,WE,Federal Contract Tower,0,29,10,0,39,0,5,49,0,54,0,34,59,0,93,48,0,48,141
10/06/2006,LWS,ID,ANM,WE,Federal Contract Tower,0,24,5,0,29,0,4,26,0,30,0,28,31,0,59,0,0,0,59
10/07/2006,LWS,ID,ANM,WE,Federal Contract Tower,0,18,0,0,18,0,2,64,0,66,0,20,64,0,84,34,0,34,118
10/08/2006,LWS,ID,ANM,WE,Federal Contract Tower,0,14,3,0,17,0,1,29,0,30,0,15,32,0,47,4,0,4,51
10/09/2006,LWS,ID,ANM,WE,Federal Contract Tower,0,22,4,0,26,0,2,49,0,51,0,24,53,0,77,8,0,8,85
10/10/2006,LWS,ID,ANM,WE,Federal Contract Tower,0,29,4,0,33,0,4,39,0,43,0,33,43,0,76,40,0,40,116
10/11/2006,LWS,ID,ANM,WE,Federal Contract Tower,0,32,5,0,37,0,5,49,2,56,0,37,54,2,93,28,0,28,121
10/12/2006,LWS,ID,ANM,WE,Federal Contract Tower,0,27,7,0,34,0,11,89,0,100,0,38,96,0,134,32,0,32,166
10/13/2006,LWS,ID,ANM,WE,Federal Contract Tower,1,27,2,0,30,0,3,41,0,44,1,30,43,0,74,54,0,54,128
10/14/2006,LWS,ID,ANM,WE,Federal Contract Tower,1,17,1,0,19,0,3,56,0,59,1,20,57,0,78,68,0,68,146
10/15/2006,LWS,ID,ANM,WE,Federal Contract Tower,0,14,2,0,16,0,1,29,0,30,0,15,31,0,46,8,0,8,54
10/16/2006,LWS,ID,ANM,WE,Federal Contract Tower,0,31,9,2,42,0,0,28,0,28,0,31,37,2,70,16,2,18,88
10/17/2006,LWS,ID,ANM,WE,Federal Contract Tower,0,31,3,0,34,0,3,21,0,24,0,34,24,0,58,6,0,6,64
10/18/2006,LWS,ID,ANM,WE,Federal Contract Tower,0,29,8,0,37,0,6,49,2,57,0,35,57,2,94,10,2,12,106
10/19/2006,LWS,ID,ANM,WE,Federal Contract Tower,0,34,10,0,44,0,4,18,0,22,0,38,28,0,66,8,0,8,74
10/20/2006,LWS,ID,ANM,WE,Federal Contract Tower,3,28,4,3,38,0,4,73,1,78,3,32,77,4,116,122,6,128,244
10/21/2006,LWS,ID,ANM,WE,Federal Contract Tower,2,19,2,0,23,0,2,52,0,54,2,21,54,0,77,70,0,70,147
10/22/2006,LWS,ID,ANM,WE,Federal Contract Tower,0,15,4,0,19,0,0,42,0,42,0,15,46,0,61,20,0,20,81
10/23/2006,LWS,ID,ANM,WE,Federal Contract Tower,0,26,0,0,26,0,6,76,0,82,0,32,76,0,108,50,0,50,158
10/24/2006,LWS,ID,ANM,WE,Federal Contract Tower,0,30,3,2,35,0,2,34,0,36,0,32,37,2,71,12,6,18,89
10/25/2006,LWS,ID,ANM,WE,Federal Contract Tower,1,24,9,0,34,0,10,72,0,82,1,34,81,0,116,18,0,18,134
10/26/2006,LWS,ID,ANM,WE,Federal Contract Tower,1,28,10,0,39,0,4,39,2,45,1,32,49,2,84,24,0,24,108
10/27/2006,LWS,ID,ANM,WE,Federal Contract Tower,0,28,11,2,41,0,8,69,0,77,0,36,80,2,118,32,0,32,150
10/28/2006,LWS,ID,ANM,WE,Federal Contract Tower,0,20,4,0,24,0,0,57,0,57,0,20,61,0,81,4,0,4,85
10/29/2006,LWS,ID,ANM,WE,Federal Contract Tower,2,12,5,0,19,0,2,26,0,28,2,14,31,0,47,6,0,6,53
10/30/2006,LWS,ID,ANM,WE,Federal Contract Tower,0,26,6,0,32,0,8,43,0,51,0,34,49,0,83,6,6,12,95
10/31/2006,LWS,ID,ANM,WE,Federal Contract Tower,0,26,3,2,31,0,6,34,2,42,0,32,37,4,73,0,0,0,73
11/01/2006,LWS,ID,ANM,WE,Federal Contract Tower,0,29,13,0,42,0,6,45,0,51,0,35,58,0,93,34,0,34,127
11/02/2006,LWS,ID,ANM,WE,Federal Contract Tower,0,33,10,0,43,0,1,12,0,13,0,34,22,0,56,6,0,6,62
11/03/2006,LWS,ID,ANM,WE,Federal Contract Tower,3,27,6,0,36,0,5,42,0,47,3,32,48,0,83,34,0,34,117
11/04/2006,LWS,ID,ANM,WE,Federal Contract Tower,3,17,2,0,22,0,0,22,0,22,3,17,24,0,44,0,0,0,44
11/05/2006,LWS,ID,ANM,WE,Federal Contract Tower,0,11,4,0,15,0,4,14,0,18,0,15,18,0,33,16,0,16,49
11/06/2006,LWS,ID,ANM,WE,Federal Contract Tower,0,27,6,0,33,0,0,4,0,4,0,27,10,0,37,0,0,0,37
11/07/2006,LWS,ID,ANM,WE,Federal Contract Tower,0,29,1,0,30,0,1,0,0,1,0,30,1,0,31,0,0,0,31
11/08/2006,LWS,ID,ANM,WE,Federal Contract Tower,0,29,8,0,37,0,13,51,0,64,0,42,59,0,101,18,0,18,119
11/09/2006,LWS,ID,ANM,WE,Federal Contract Tower,0,29,3,2,34,0,3,11,0,14,0,32,14,2,48,0,8,8,56
11/10/2006,LWS,ID,ANM,WE,Federal Contract Tower,0,24,5,0,29,0,6,18,0,24,0,30,23,0,53,6,0,6,59
11/11/2006,LWS,ID,ANM,WE,Federal Contract Tower,0,15,1,2,18,0,0,11,0,11,0,15,12,2,29,2,0,2,31
11/12/2006,LWS,ID,ANM,WE,Federal Contract Tower,0,14,2,0,16,0,0,28,0,28,0,14,30,0,44,24,0,24,68
11/13/2006,LWS,ID,ANM,WE,Federal Contract Tower,0,32,2,0,34,0,6,21,0,27,0,38,23,0,61,14,0,14,75
11/14/2006,LWS,ID,ANM,WE,Federal Contract Tower,0,35,10,0,45,0,1,13,0,14,0,36,23,0,59,8,0,8,67
11/15/2006,LWS,ID,ANM,WE,Federal Contract Tower,0,25,5,2,32,0,1,14,0,15,0,26,19,2,47,14,0,14,61
11/16/2006,LWS,ID,ANM,WE,Federal Contract Tower,2,30,10,0,42,0,3,0,0,3,2,33,10,0,45,12,0,12,57
11/17/2006,LWS,ID,ANM,WE,Federal Contract Tower,2,25,9,2,38,0,6,70,0,76,2,31,79,2,114,86,4,90,204
11/18/2006,LWS,ID,ANM,WE,Federal Contract Tower,2,19,7,0,28,0,0,62,0,62,2,19,69,0,90,52,0,52,142
11/19/2006,LWS,ID,ANM,WE,Federal Contract Tower,0,11,5,0,16,0,0,27,0,27,0,11,32,0,43,52,0,52,95
11/20/2006,LWS,ID,ANM,WE,Federal Contract Tower,0,27,8,0,35,0,5,3,0,8,0,32,11,0,43,24,0,24,67
11/21/2006,LWS,ID,ANM,WE,Federal Contract Tower,0,29,9,0,38,0,4,36,0,40,0,33,45,0,78,62,0,62,140
11/22/2006,LWS,ID,ANM,WE,Federal Contract Tower,0,34,11,0,45,0,4,13,0,17,0,38,24,0,62,0,46,46,108
11/23/2006,LWS,ID,ANM,WE,Federal Contract Tower,0,10,4,0,14,0,0,14,0,14,0,10,18,0,28,28,0,28,56
11/24/2006,LWS,ID,ANM,WE,Federal Contract Tower,0,23,4,0,27,0,1,19,0,20,0,24,23,0,47,0,0,0,47
11/25/2006,LWS,ID,ANM,WE,Federal Contract Tower,0,19,5,0,24,0,0,23,0,23,0,19,28,0,47,4,0,4,51
11/26/2006,LWS,ID,ANM,WE,Federal Contract Tower,0,15,6,0,21,0,0,17,0,17,0,15,23,0,38,36,0,36,74
11/27/2006,LWS,ID,ANM,WE,Federal Contract Tower,0,33,8,0,41,0,5,30,0,35,0,38,38,0,76,0,0,0,76
11/28/2006,LWS,ID,ANM,WE,Federal Contract Tower,0,28,5,0,33,0,0,15,0,15,0,28,20,0,48,4,0,4,52
11/29/2006,LWS,ID,ANM,WE,Federal Contract Tower,0,30,8,0,38,0,5,33,0,38,0,35,41,0,76,8,0,8,84
11/30/2006,LWS,ID,ANM,WE,Federal Contract Tower,0,29,2,0,31,0,0,6,0,6,0,29,8,0,37,28,0,28,65
12/01/2006,LWS,ID,ANM,WE,Federal Contract Tower,0,34,4,2,40,0,0,15,0,15,0,34,19,2,55,32,0,32,87
12/02/2006,LWS,ID,ANM,WE,Federal Contract Tower,0,20,3,0,23,0,1,13,0,14,0,21,16,0,37,22,0,22,59
12/03/2006,LWS,ID,ANM,WE,Federal Contract Tower,0,12,1,2,15,0,1,40,0,41,0,13,41,2,56,26,0,26,82
12/04/2006,LWS,ID,ANM,WE,Federal Contract Tower,0,28,5,0,33,0,6,60,0,66,0,34,65,0,99,162,0,162,261
12/05/2006,LWS,ID,ANM,WE,Federal Contract Tower,0,30,2,2,34,0,3,56,0,59,0,33,58,2,93,112,4,116,209
12/06/2006,LWS,ID,ANM,WE,Federal Contract Tower,0,30,10,0,40,0,7,57,0,64,0,37,67,0,104,194,0,194,298
12/07/2006,LWS,ID,ANM,WE,Federal Contract Tower,0,30,11,0,41,0,2,66,0,68,0,32,77,0,109,186,0,186,295
12/08/2006,LWS,ID,ANM,WE,Federal Contract Tower,0,31,2,0,33,0,5,36,0,41,0,36,38,0,74,124,0,124,198
12/09/2006,LWS,ID,ANM,WE,Federal Contract Tower,0,19,0,0,19,0,2,15,0,17,0,21,15,0,36,48,0,48,84
12/10/2006,LWS,ID,ANM,WE,Federal Contract Tower,0,14,5,2,21,0,2,16,0,18,0,16,21,2,39,0,0,0,39
12/11/2006,LWS,ID,ANM,WE,Federal Contract Tower,0,26,9,0,35,0,8,23,0,31,0,34,32,0,66,20,0,20,86
12/12/2006,LWS,ID,ANM,WE,Federal Contract Tower,0,34,7,0,41,0,6,14,0,20,0,40,21,0,61,8,0,8,69
12/13/2006,LWS,ID,ANM,WE,Federal Contract Tower,0,30,3,2,35,0,2,5,0,7,0,32,8,2,42,0,0,0,42
12/14/2006,LWS,ID,ANM,WE,Federal Contract Tower,0,33,9,0,42,0,0,1,0,1,0,33,10,0,43,0,0,0,43
12/15/2006,LWS,ID,ANM,WE,Federal Contract Tower,0,24,2,2,28,0,2,10,0,12,0,26,12,2,40,0,8,8,48
12/16/2006,LWS,ID,ANM,WE,Federal Contract Tower,0,17,0,0,17,0,4,55,0,59,0,21,55,0,76,52,0,52,128
12/17/2006,LWS,ID,ANM,WE,Federal Contract Tower,0,12,3,0,15,0,0,33,0,33,0,12,36,0,48,44,0,44,92
12/18/2006,LWS,ID,ANM,WE,Federal Contract Tower,0,25,9,0,34,0,10,53,0,63,0,35,62,0,97,68,0,68,165
12/19/2006,LWS,ID,ANM,WE,Federal Contract Tower,0,28,14,0,42,0,6,44,0,50,0,34,58,0,92,28,0,28,120
12/20/2006,LWS,ID,ANM,WE,Federal Contract Tower,0,25,8,0,33,0,3,51,2,56,0,28,59,2,89,60,22,82,171
12/21/2006,LWS,ID,ANM,WE,Federal Contract Tower,0,29,10,0,39,0,5,19,0,24,0,34,29,0,63,22,0,22,85
12/22/2006,LWS,ID,ANM,WE,Federal Contract Tower,0,29,8,0,37,0,1,2,0,3,0,30,10,0,40,2,0,2,42
12/23/2006,LWS,ID,ANM,WE,Federal Contract Tower,0,23,3,0,26,0,1,8,0,9,0,24,11,0,35,18,0,18,53
12/24/2006,LWS,ID,ANM,WE,Federal Contract Tower,0,9,2,0,11,0,2,32,0,34,0,11,34,0,45,10,0,10,55
12/25/2006,LWS,ID,ANM,WE,Federal Contract Tower,0,10,0,0,10,0,0,4,0,4,0,10,4,0,14,8,0,8,22
12/26/2006,LWS,ID,ANM,WE,Federal Contract Tower,0,33,3,0,36,0,0,0,0,0,0,33,3,0,36,0,0,0,36
12/27/2006,LWS,ID,ANM,WE,Federal Contract Tower,0,32,5,0,37,0,4,6,0,10,0,36,11,0,47,6,0,6,53
12/28/2006,LWS,ID,ANM,WE,Federal Contract Tower,0,29,1,0,30,0,7,77,0,84,0,36,78,0,114,52,0,52,166
12/29/2006,LWS,ID,ANM,WE,Federal Contract Tower,0,23,1,0,24,0,9,37,0,46,0,32,38,0,70,50,0,50,120
12/30/2006,LWS,ID,ANM,WE,Federal Contract Tower,0,20,1,0,21,0,2,41,0,43,0,22,42,0,64,52,0,52,116
12/31/2006,LWS,ID,ANM,WE,Federal Contract Tower,0,13,1,0,14,0,0,6,0,6,0,13,7,0,20,30,0,30,50
01/01/2007,LWS,ID,ANM,WE,Federal Contract Tower,0,10,0,0,10,0,0,10,0,10,0,10,10,0,20,32,0,32,52
01/02/2007,LWS,ID,ANM,WE,Federal Contract Tower,0,27,0,0,27,0,0,16,0,16,0,27,16,0,43,10,0,10,53
01/03/2007,LWS,ID,ANM,WE,Federal Contract Tower,0,31,5,0,36,0,0,10,0,10,0,31,15,0,46,12,0,12,58
01/04/2007,LWS,ID,ANM,WE,Federal Contract Tower,0,25,4,0,29,0,2,8,0,10,0,27,12,0,39,0,0,0,39
01/05/2007,LWS,ID,ANM,WE,Federal Contract Tower,0,33,3,3,39,0,1,32,2,35,0,34,35,5,74,8,4,12,86
01/06/2007,LWS,ID,ANM,WE,Federal Contract Tower,0,18,4,0,22,0,0,9,1,10,0,18,13,1,32,6,0,6,38
01/07/2007,LWS,ID,ANM,WE,Federal Contract Tower,0,13,3,0,16,0,0,5,0,5,0,13,8,0,21,0,0,0,21
01/08/2007,LWS,ID,ANM,WE,Federal Contract Tower,0,26,4,2,32,0,3,74,0,77,0,29,78,2,109,22,0,22,131
01/09/2007,LWS,ID,ANM,WE,Federal Contract Tower,0,29,2,0,31,0,4,21,1,26,0,33,23,1,57,40,0,40,97
01/10/2007,LWS,ID,ANM,WE,Federal Contract Tower,0,28,5,1,34,0,6,16,2,24,0,34,21,3,58,16,0,16,74
01/11/2007,LWS,ID,ANM,WE,Federal Contract Tower,0,28,4,0,32,0,5,4,0,9,0,33,8,0,41,0,0,0,41
01/12/2007,LWS,ID,ANM,WE,Federal Contract Tower,0,26,2,0,28,0,4,29,0,33,0,30,31,0,61,6,0,6,67
01/13/2007,LWS,ID,ANM,WE,Federal Contract Tower,0,17,1,0,18,0,3,10,0,13,0,20,11,0,31,14,0,14,45
01/14/2007,LWS,ID,ANM,WE,Federal Contract Tower,0,15,2,0,17,0,0,14,0,14,0,15,16,0,31,18,0,18,49
01/15/2007,LWS,ID,ANM,WE,Federal Contract Tower,0,22,6,0,28,0,3,22,0,25,0,25,28,0,53,6,0,6,59
01/16/2007,LWS,ID,ANM,WE,Federal Contract Tower,0,27,4,0,31,0,4,11,0,15,0,31,15,0,46,4,0,4,50
01/17/2007,LWS,ID,ANM,WE,Federal Contract Tower,0,31,11,4,46,0,2,19,0,21,0,33,30,4,67,0,30,30,97
01/18/2007,LWS,ID,ANM,WE,Federal Contract Tower,0,29,6,0,35,0,0,6,0,6,0,29,12,0,41,38,0,38,79
01/19/2007,LWS,ID,ANM,WE,Federal Contract Tower,0,27,2,0,29,0,5,9,0,14,0,32,11,0,43,4,0,4,47
01/20/2007,LWS,ID,ANM,WE,Federal Contract Tower,0,19,0,0,19,0,2,9,0,11,0,21,9,0,30,16,0,16,46
01/21/2007,LWS,ID,ANM,WE,Federal Contract Tower,0,13,1,0,14,0,0,16,0,16,0,13,17,0,30,28,0,28,58
01/22/2007,LWS,ID,ANM,WE,Federal Contract Tower,0,26,5,0,31,0,12,31,0,43,0,38,36,0,74,32,0,32,106
01/23/2007,LWS,ID,ANM,WE,Federal Contract Tower,0,27,7,0,34,0,6,45,0,51,0,33,52,0,85,26,0,26,111
01/24/2007,LWS,ID,ANM,WE,Federal Contract Tower,2,31,3,0,36,0,10,18,0,28,2,41,21,0,64,14,0,14,78
01/25/2007,LWS,ID,ANM,WE,Federal Contract Tower,0,34,3,0,37,0,3,31,0,34,0,37,34,0,71,0,0,0,71
01/26/2007,LWS,ID,ANM,WE,Federal Contract Tower,0,31,1,0,32,0,0,0,0,0,0,31,1,0,32,2,0,2,34
01/27/2007,LWS,ID,ANM,WE,Federal Contract Tower,0,18,4,0,22,0,0,17,0,17,0,18,21,0,39,44,0,44,83
01/28/2007,LWS,ID,ANM,WE,Federal Contract Tower,0,12,5,0,17,0,0,23,0,23,0,12,28,0,40,56,0,56,96
01/29/2007,LWS,ID,ANM,WE,Federal Contract Tower,0,28,6,0,34,0,2,5,0,7,0,30,11,0,41,0,0,0,41
01/30/2007,LWS,ID,ANM,WE,Federal Contract Tower,0,32,7,0,39,0,1,9,0,10,0,33,16,0,49,10,0,10,59
01/31/2007,LWS,ID,ANM,WE,Federal Contract Tower,0,34,10,0,44,0,2,8,0,10,0,36,18,0,54,0,0,0,54
02/01/2007,LWS,ID,ANM,WE,Federal Contract Tower,0,33,7,0,40,0,2,17,0,19,0,35,24,0,59,2,0,2,61
02/02/2007,LWS,ID,ANM,WE,Federal Contract Tower,0,25,3,0,28,0,6,35,0,41,0,31,38,0,69,26,0,26,95
02/03/2007,LWS,ID,ANM,WE,Federal Contract Tower,0,16,4,0,20,0,3,23,0,26,0,19,27,0,46,20,0,20,66
02/04/2007,LWS,ID,ANM,WE,Federal Contract Tower,0,11,3,0,14,0,0,9,0,9,0,11,12,0,23,26,0,26,49
02/05/2007,LWS,ID,ANM,WE,Federal Contract Tower,0,32,6,0,38,0,8,22,0,30,0,40,28,0,68,38,0,38,106
02/06/2007,LWS,ID,ANM,WE,Federal Contract Tower,0,33,6,0,39,0,1,21,0,22,0,34,27,0,61,12,0,12,73
02/07/2007,LWS,ID,ANM,WE,Federal Contract Tower,0,36,11,0,47,0,2,13,0,15,0,38,24,0,62,16,0,16,78
02/08/2007,LWS,ID,ANM,WE,Federal Contract Tower,0,32,7,0,39,0,2,10,0,12,0,34,17,0,51,14,0,14,65
02/09/2007,LWS,ID,ANM,WE,Federal Contract Tower,0,34,2,2,38,0,0,10,0,10,0,34,12,2,48,0,0,0,48
02/10/2007,LWS,ID,ANM,WE,Federal Contract Tower,0,18,3,0,21,0,0,16,0,16,0,18,19,0,37,16,0,16,53
02/11/2007,LWS,ID,ANM,WE,Federal Contract Tower,0,14,1,2,17,0,0,0,0,0,0,14,1,2,17,0,0,0,17
02/12/2007,LWS,ID,ANM,WE,Federal Contract Tower,0,25,3,0,28,0,3,10,0,13,0,28,13,0,41,16,0,16,57
02/13/2007,LWS,ID,ANM,WE,Federal Contract Tower,0,30,7,0,37,0,1,4,0,5,0,31,11,0,42,0,0,0,42
02/14/2007,LWS,ID,ANM,WE,Federal Contract Tower,0,38,13,0,51,0,8,11,0,19,0,46,24,0,70,36,0,36,106
02/15/2007,LWS,ID,ANM,WE,Federal Contract Tower,0,33,13,0,46,0,2,14,0,16,0,35,27,0,62,14,0,14,76
02/16/2007,LWS,ID,ANM,WE,Federal Contract Tower,0,26,7,2,35,0,11,65,0,76,0,37,72,2,111,18,10,28,139
02/17/2007,LWS,ID,ANM,WE,Federal Contract Tower,0,16,2,0,18,0,0,70,0,70,0,16,72,0,88,34,0,34,122
02/18/2007,LWS,ID,ANM,WE,Federal Contract Tower,0,13,1,0,14,0,0,8,0,8,0,13,9,0,22,0,0,0,22
02/19/2007,LWS,ID,ANM,WE,Federal Contract Tower,0,24,8,0,32,0,3,8,0,11,0,27,16,0,43,0,0,0,43
02/20/2007,LWS,ID,ANM,WE,Federal Contract Tower,0,30,6,2,38,0,1,8,0,9,0,31,14,2,47,6,24,30,77
02/21/2007,LWS,ID,ANM,WE,Federal Contract Tower,0,26,5,0,31,0,4,47,0,51,0,30,52,0,82,12,0,12,94
02/22/2007,LWS,ID,ANM,WE,Federal Contract Tower,0,33,7,0,40,0,2,12,0,14,0,35,19,0,54,16,0,16,70
02/23/2007,LWS,ID,ANM,WE,Federal Contract Tower,0,29,2,0,31,0,6,25,2,33,0,35,27,2,64,28,0,28,92
02/24/2007,LWS,ID,ANM,WE,Federal Contract Tower,0,18,2,0,20,0,0,28,0,28,0,18,30,0,48,36,0,36,84
02/25/2007,LWS,ID,ANM,WE,Federal Contract Tower,0,14,2,0,16,0,2,23,0,25,0,16,25,0,41,56,0,56,97
02/26/2007,LWS,ID,ANM,WE,Federal Contract Tower,0,28,3,0,31,0,3,23,0,26,0,31,26,0,57,4,0,4,61
02/27/2007,LWS,ID,ANM,WE,Federal Contract Tower,0,31,8,0,39,0,2,2,0,4,0,33,10,0,43,2,0,2,45
02/28/2007,LWS,ID,ANM,WE,Federal Contract Tower,0,31,10,0,41,0,12,21,0,33,0,43,31,0,74,16,0,16,90
03/01/2007,LWS,ID,ANM,WE,Federal Contract Tower,0,28,4,2,34,0,6,28,0,34,0,34,32,2,68,54,2,56,124
03/02/2007,LWS,ID,ANM,WE,Federal Contract Tower,0,28,8,0,36,0,0,30,0,30,0,28,38,0,66,68,0,68,134
03/03/2007,LWS,ID,ANM,WE,Federal Contract Tower,0,18,2,0,20,0,2,16,0,18,0,20,18,0,38,12,0,12,50
03/04/2007,LWS,ID,ANM,WE,Federal Contract Tower,0,13,7,0,20,0,0,26,0,26,0,13,33,0,46,0,0,0,46
03/05/2007,LWS,ID,ANM,WE,Federal Contract Tower,0,26,0,0,26,0,9,154,2,165,0,35,154,2,191,54,0,54,245
03/06/2007,LWS,ID,ANM,WE,Federal Contract Tower,0,30,4,0,34,0,8,90,0,98,0,38,94,0,132,50,0,50,182
03/07/2007,LWS,ID,ANM,WE,Federal Contract Tower,0,27,5,0,32,0,9,38,0,47,0,36,43,0,79,18,0,18,97
03/08/2007,LWS,ID,ANM,WE,Federal Contract Tower,0,28,6,0,34,0,1,44,0,45,0,29,50,0,79,46,0,46,125
03/09/2007,LWS,ID,ANM,WE,Federal Contract Tower,0,29,2,0,31,0,5,21,0,26,0,34,23,0,57,26,0,26,83
03/10/2007,LWS,ID,ANM,WE,Federal Contract Tower,0,13,4,0,17,0,3,31,0,34,0,16,35,0,51,24,0,24,75
03/11/2007,LWS,ID,ANM,WE,Federal Contract Tower,0,13,0,0,13,0,1,11,0,12,0,14,11,0,25,0,0,0,25
03/12/2007,LWS,ID,ANM,WE,Federal Contract Tower,0,28,5,0,33,0,4,19,0,23,0,32,24,0,56,4,0,4,60
03/13/2007,LWS,ID,ANM,WE,Federal Contract Tower,2,27,6,0,35,0,5,43,0,48,2,32,49,0,83,64,0,64,147
03/14/2007,LWS,ID,ANM,WE,Federal Contract Tower,0,24,11,0,35,0,4,35,0,39,0,28,46,0,74,22,0,22,96
03/15/2007,LWS,ID,ANM,WE,Federal Contract Tower,0,25,6,0,31,0,4,25,0,29,0,29,31,0,60,8,0,8,68
03/16/2007,LWS,ID,ANM,WE,Federal Contract Tower,0,26,4,0,30,0,6,46,0,52,0,32,50,0,82,10,0,10,92
03/17/2007,LWS,ID,ANM,WE,Federal Contract Tower,2,15,4,0,21,0,7,78,0,85,2,22,82,0,106,52,0,52,158
03/18/2007,LWS,ID,ANM,WE,Federal Contract Tower,0,12,16,0,28,0,4,24,0,28,0,16,40,0,56,34,0,34,90
03/19/2007,LWS,ID,ANM,WE,Federal Contract Tower,0,29,8,0,37,0,8,31,0,39,0,37,39,0,76,42,0,42,118
03/20/2007,LWS,ID,ANM,WE,Federal Contract Tower,0,30,4,0,34,0,0,4,0,4,0,30,8,0,38,0,0,0,38
03/21/2007,LWS,ID,ANM,WE,Federal Contract Tower,0,28,7,0,35,0,20,46,0,66,0,48,53,0,101,56,0,56,157
03/22/2007,LWS,ID,ANM,WE,Federal Contract Tower,0,27,8,0,35,0,2,50,0,52,0,29,58,0,87,22,0,22,109
03/23/2007,LWS,ID,ANM,WE,Federal Contract Tower,0,26,5,0,31,0,3,57,0,60,0,29,62,0,91,80,0,80,171
03/24/2007,LWS,ID,ANM,WE,Federal Contract Tower,0,16,2,2,20,0,0,36,2,38,0,16,38,4,58,38,0,38,96
03/25/2007,LWS,ID,ANM,WE,Federal Contract Tower,0,13,0,0,13,0,0,6,0,6,0,13,6,0,19,0,0,0,19
03/26/2007,LWS,ID,ANM,WE,Federal Contract Tower,0,27,4,0,31,0,18,46,0,64,0,45,50,0,95,46,0,46,141
03/27/2007,LWS,ID,ANM,WE,Federal Contract Tower,0,38,8,0,46,0,0,4,0,4,0,38,12,0,50,10,0,10,60
03/28/2007,LWS,ID,ANM,WE,Federal Contract Tower,0,29,6,0,35,0,7,38,0,45,0,36,44,0,80,12,0,12,92
03/29/2007,LWS,ID,ANM,WE,Federal Contract Tower,0,29,10,0,39,0,2,48,0,50,0,31,58,0,89,44,0,44,133
03/30/2007,LWS,ID,ANM,WE,Federal Contract Tower,0,27,4,0,31,0,12,28,0,40,0,39,32,0,71,12,0,12,83
03/31/2007,LWS,ID,ANM,WE,Federal Contract Tower,0,15,1,0,16,0,4,40,0,44,0,19,41,0,60,60,0,60,120
04/01/2007,LWS,ID,ANM,WE,Federal Contract Tower,0,15,4,0,19,0,2,32,0,34,0,17,36,0,53,14,0,14,67
04/02/2007,LWS,ID,ANM,WE,Federal Contract Tower,0,27,7,2,36,0,12,34,0,46,0,39,41,2,82,28,56,84,166
04/03/2007,LWS,ID,ANM,WE,Federal Contract Tower,0,25,5,1,31,0,12,36,3,51,0,37,41,4,82,30,14,44,126
04/04/2007,LWS,ID,ANM,WE,Federal Contract Tower,0,31,5,3,39,0,5,10,0,15,0,36,15,3,54,10,14,24,78
04/05/2007,LWS,ID,ANM,WE,Federal Contract Tower,0,24,10,0,34,0,12,46,0,58,0,36,56,0,92,88,0,88,180
04/06/2007,LWS,ID,ANM,WE,Federal Contract Tower,0,25,7,2,34,0,2,51,0,53,0,27,58,2,87,38,10,48,135
04/07/2007,LWS,ID,ANM,WE,Federal Contract Tower,0,14,1,0,15,0,1,102,0,103,0,15,103,0,118,34,0,34,152
04/08/2007,LWS,ID,ANM,WE,Federal Contract Tower,0,13,2,0,15,0,1,23,0,24,0,14,25,0,39,28,0,28,67
04/09/2007,LWS,ID,ANM,WE,Federal Contract Tower,0,28,0,0,28,0,4,10,0,14,0,32,10,0,42,0,0,0,42
04/10/2007,LWS,ID,ANM,WE,Federal Contract Tower,0,29,14,2,45,0,7,17,0,24,0,36,31,2,69,2,12,14,83
04/11/2007,LWS,ID,ANM,WE,Federal Contract Tower,0,26,4,0,30,0,0,62,0,62,0,26,66,0,92,44,0,44,136
04/12/2007,LWS,ID,ANM,WE,Federal Contract Tower,0,29,6,0,35,0,4,18,0,22,0,33,24,0,57,10,0,10,67
04/13/2007,LWS,ID,ANM,WE,Federal Contract Tower,0,26,3,2,31,0,4,71,0,75,0,30,74,2,106,46,0,46,152
04/14/2007,LWS,ID,ANM,WE,Federal Contract Tower,0,19,6,0,25,0,3,25,0,28,0,22,31,0,53,12,0,12,65
04/15/2007,LWS,ID,ANM,WE,Federal Contract Tower,0,14,3,2,19,0,0,41,0,41,0,14,44,2,60,38,0,38,98
04/16/2007,LWS,ID,ANM,WE,Federal Contract Tower,0,27,3,0,30,0,9,52,0,61,0,36,55,0,91,58,0,58,149
04/17/2007,LWS,ID,ANM,WE,Federal Contract Tower,0,29,6,2,37,0,2,42,0,44,0,31,48,2,81,38,24,62,143
04/18/2007,LWS,ID,ANM,WE,Federal Contract Tower,0,37,10,2,49,0,7,18,0,25,0,44,28,2,74,4,14,18,92
04/19/2007,LWS,ID,ANM,WE,Federal Contract Tower,0,28,14,0,42,0,9,37,0,46,0,37,51,0,88,62,0,62,150
04/20/2007,LWS,ID,ANM,WE,Federal Contract Tower,0,25,0,0,25,0,3,34,0,37,0,28,34,0,62,20,0,20,82
04/21/2007,LWS,ID,ANM,WE,Federal Contract Tower,0,17,3,0,20,0,5,34,0,39,0,22,37,0,59,18,0,18,77
04/22/2007,LWS,ID,ANM,WE,Federal Contract Tower,0,14,3,0,17,0,0,10,2,12,0,14,13,2,29,0,0,0,29
04/23/2007,LWS,ID,ANM,WE,Federal Contract Tower,0,27,10,0,37,0,9,60,0,69,0,36,70,0,106,16,0,16,122
04/24/2007,LWS,ID,ANM,WE,Federal Contract Tower,0,29,7,0,36,0,3,40,0,43,0,32,47,0,79,84,0,84,163
04/25/2007,LWS,ID,ANM,WE,Federal Contract Tower,0,29,17,0,46,0,7,32,0,39,0,36,49,0,85,22,0,22,107
04/26/2007,LWS,ID,ANM,WE,Federal Contract Tower,0,29,9,0,38,0,5,33,0,38,0,34,42,0,76,38,0,38,114
04/27/2007,LWS,ID,ANM,WE,Federal Contract Tower,0,26,10,0,36,0,8,87,0,95,0,34,97,0,131,24,0,24,155
04/28/2007,LWS,ID,ANM,WE,Federal Contract Tower,0,17,2,0,19,0,0,61,0,61,0,17,63,0,80,26,0,26,106
04/29/2007,LWS,ID,ANM,WE,Federal Contract Tower,0,13,3,0,16,0,0,37,0,37,0,13,40,0,53,6,0,6,59
04/30/2007,LWS,ID,ANM,WE,Federal Contract Tower,0,28,2,0,30,0,12,31,0,43,0,40,33,0,73,6,0,6,79
05/01/2007,LWS,ID,ANM,WE,Federal Contract Tower,0,27,8,0,35,0,8,49,0,57,0,35,57,0,92,30,0,30,122
05/02/2007,LWS,ID,ANM,WE,Federal Contract Tower,0,27,8,0,35,0,4,14,0,18,0,31,22,0,53,0,0,0,53
05/03/2007,LWS,ID,ANM,WE,Federal Contract Tower,0,27,7,0,34,0,5,51,0,56,0,32,58,0,90,28,0,28,118
05/04/2007,LWS,ID,ANM,WE,Federal Contract Tower,0,27,10,0,37,0,7,42,0,49,0,34,52,0,86,24,0,24,110
05/05/2007,LWS,ID,ANM,WE,Federal Contract Tower,0,17,2,2,21,0,1,49,0,50,0,18,51,2,71,52,0,52,123
05/06/2007,LWS,ID,ANM,WE,Federal Contract Tower,0,14,0,0,14,0,0,35,0,35,0,14,35,0,49,92,0,92,141
05/07/2007,LWS,ID,ANM,WE,Federal Contract Tower,0,28,1,0,29,0,3,70,0,73,0,31,71,0,102,43,0,43,145
05/08/2007,LWS,ID,ANM,WE,Federal Contract Tower,0,27,3,0,30,0,6,37,0,43,0,33,40,0,73,40,0,40,113
05/09/2007,LWS,ID,ANM,WE,Federal Contract Tower,0,26,9,0,35,0,10,72,0,82,0,36,81,0,117,14,0,14,131
05/10/2007,LWS,ID,ANM,WE,Federal Contract Tower,0,29,8,0,37,0,5,62,0,67,0,34,70,0,104,48,0,48,152
05/11/2007,LWS,ID,ANM,WE,Federal Contract Tower,0,23,9,0,32,0,9,48,0,57,0,32,57,0,89,46,0,46,135
05/12/2007,LWS,ID,ANM,WE,Federal Contract Tower,0,16,4,0,20,0,2,35,0,37,0,18,39,0,57,16,0,16,73
05/13/2007,LWS,ID,ANM,WE,Federal Contract Tower,0,14,0,0,14,0,2,46,0,48,0,16,46,0,62,6,0,6,68
05/14/2007,LWS,ID,ANM,WE,Federal Contract Tower,0,27,9,0,36,0,8,53,0,61,0,35,62,0,97,62,0,62,159
05/15/2007,LWS,ID,ANM,WE,Federal Contract Tower,0,31,5,0,36,0,9,88,0,97,0,40,93,0,133,24,0,24,157
05/16/2007,LWS,ID,ANM,WE,Federal Contract Tower,2,22,13,2,39,0,9,61,0,70,2,31,74,2,109,16,16,32,141
05/17/2007,LWS,ID,ANM,WE,Federal Contract Tower,0,29,5,0,34,0,2,37,0,39,0,31,42,0,73,24,0,24,97
05/18/2007,LWS,ID,ANM,WE,Federal Contract Tower,0,28,7,2,37,0,13,57,0,70,0,41,64,2,107,24,0,24,131
05/19/2007,LWS,ID,ANM,WE,Federal Contract Tower,0,16,9,0,25,0,2,33,0,35,0,18,42,0,60,18,0,18,78
05/20/2007,LWS,ID,ANM,WE,Federal Contract Tower,0,16,11,2,29,0,0,9,0,9,0,16,20,2,38,0,0,0,38
05/21/2007,LWS,ID,ANM,WE,Federal Contract Tower,0,30,0,0,30,0,1,35,2,38,0,31,35,2,68,26,0,26,94
05/22/2007,LWS,ID,ANM,WE,Federal Contract Tower,0,30,10,0,40,0,4,25,0,29,0,34,35,0,69,6,0,6,75
05/23/2007,LWS,ID,ANM,WE,Federal Contract Tower,0,25,13,0,38,0,10,33,0,43,0,35,46,0,81,10,0,10,91
05/24/2007,LWS,ID,ANM,WE,Federal Contract Tower,0,31,19,0,50,0,1,46,0,47,0,32,65,0,97,2,0,2,99
05/25/2007,LWS,ID,ANM,WE,Federal Contract Tower,0,23,7,0,30,0,12,43,0,55,0,35,50,0,85,22,0,22,107
05/26/2007,LWS,ID,ANM,WE,Federal Contract Tower,0,17,3,0,20,0,0,69,0,69,0,17,72,0,89,10,0,10,99
05/27/2007,LWS,ID,ANM,WE,Federal Contract Tower,0,14,1,0,15,0,1,6,0,7,0,15,7,0,22,0,0,0,22
05/28/2007,LWS,ID,ANM,WE,Federal Contract Tower,0,16,5,0,21,0,0,6,0,6,0,16,11,0,27,4,0,4,31
05/29/2007,LWS,ID,ANM,WE,Federal Contract Tower,0,27,7,0,34,0,6,60,0,66,0,33,67,0,100,36,0,36,136
05/30/2007,LWS,ID,ANM,WE,Federal Contract Tower,0,28,3,0,31,0,11,79,0,90,0,39,82,0,121,48,0,48,169
05/31/2007,LWS,ID,ANM,WE,Federal Contract Tower,0,30,12,0,42,0,7,68,0,75,0,37,80,0,117,0,0,0,117
06/01/2007,LWS,ID,ANM,WE,Federal Contract Tower,0,27,5,0,32,0,5,42,0,47,0,32,47,0,79,14,0,14,93
06/02/2007,LWS,ID,ANM,WE,Federal Contract Tower,0,16,5,1,22,0,1,33,1,35,0,17,38,2,57,0,10,10,67
06/03/2007,LWS,ID,ANM,WE,Federal Contract Tower,0,14,1,5,20,0,0,30,1,31,0,14,31,6,51,0,18,18,69
06/04/2007,LWS,ID,ANM,WE,Federal Contract Tower,0,28,7,0,35,0,7,38,0,45,0,35,45,0,80,0,0,0,80
06/05/2007,LWS,ID,ANM,WE,Federal Contract Tower,0,32,7,0,39,0,0,2,0,2,0,32,9,0,41,0,0,0,41
06/06/2007,LWS,ID,ANM,WE,Federal Contract Tower,0,30,14,0,44,0,3,25,0,28,0,33,39,0,72,6,0,6,78
06/07/2007,LWS,ID,ANM,WE,Federal Contract Tower,0,29,6,0,35,0,7,37,1,45,0,36,43,1,80,14,0,14,94
06/08/2007,LWS,ID,ANM,WE,Federal Contract Tower,0,25,2,0,27,0,7,54,2,63,0,32,56,2,90,34,0,34,124
06/09/2007,LWS,ID,ANM,WE,Federal Contract Tower,0,20,0,0,20,0,1,29,0,30,0,21,29,0,50,8,0,8,58
06/10/2007,LWS,ID,ANM,WE,Federal Contract Tower,0,16,4,0,20,0,0,5,0,5,0,16,9,0,25,4,0,4,29
06/11/2007,LWS,ID,ANM,WE,Federal Contract Tower,0,24,8,0,32,0,8,33,0,41,0,32,41,0,73,16,0,16,89
06/12/2007,LWS,ID,ANM,WE,Federal Contract Tower,0,29,5,0,34,0,17,33,0,50,0,46,38,0,84,28,0,28,112
06/13/2007,LWS,ID,ANM,WE,Federal Contract Tower,0,33,12,0,45,0,12,53,2,67,0,45,65,2,112,16,0,16,128
06/14/2007,LWS,ID,ANM,WE,Federal Contract Tower,0,28,6,2,36,0,8,48,0,56,0,36,54,2,92,14,28,42,134
06/15/2007,LWS,ID,ANM,WE,Federal Contract Tower,0,25,13,0,38,0,5,39,0,44,0,30,52,0,82,4,0,4,86
06/16/2007,LWS,ID,ANM,WE,Federal Contract Tower,0,19,3,4,26,0,3,26,0,29,0,22,29,4,55,42,46,88,143
06/17/2007,LWS,ID,ANM,WE,Federal Contract Tower,0,14,4,0,18,0,1,17,5,23,0,15,21,5,41,22,10,32,73
06/18/2007,LWS,ID,ANM,WE,Federal Contract Tower,0,25,6,0,31,0,9,24,6,39,0,34,30,6,70,28,0,28,98
06/19/2007,LWS,ID,ANM,WE,Federal Contract Tower,0,28,4,0,32,0,8,43,0,51,0,36,47,0,83,14,0,14,97
06/20/2007,LWS,ID,ANM,WE,Federal Contract Tower,0,32,5,0,37,0,7,64,0,71,0,39,69,0,108,28,0,28,136
06/21/2007,LWS,ID,ANM,WE,Federal Contract Tower,0,26,4,0,30,0,2,40,0,42,0,28,44,0,72,14,0,14,86
06/22/2007,LWS,ID,ANM,WE,Federal Contract Tower,0,24,1,0,25,0,6,47,0,53,0,30,48,0,78,0,0,0,78
06/23/2007,LWS,ID,ANM,WE,Federal Contract Tower,0,18,2,0,20,0,0,47,0,47,0,18,49,0,67,36,0,36,103
06/24/2007,LWS,ID,ANM,WE,Federal Contract Tower,0,14,5,0,19,0,0,55,0,55,0,14,60,0,74,10,0,10,84
06/25/2007,LWS,ID,ANM,WE,Federal Contract Tower,0,28,7,2,37,0,10,43,0,53,0,38,50,2,90,44,6,50,140
06/26/2007,LWS,ID,ANM,WE,Federal Contract Tower,0,27,3,0,30,0,8,67,0,75,0,35,70,0,105,20,0,20,125
06/27/2007,LWS,ID,ANM,WE,Federal Contract Tower,0,28,13,0,41,0,11,66,0,77,0,39,79,0,118,8,0,8,126
06/28/2007,LWS,ID,ANM,WE,Federal Contract Tower,0,28,6,0,34,0,10,52,0,62,0,38,58,0,96,22,0,22,118
06/29/2007,LWS,ID,ANM,WE,Federal Contract Tower,0,24,3,0,27,0,4,65,0,69,0,28,68,0,96,4,0,4,100
06/30/2007,LWS,ID,ANM,WE,Federal Contract Tower,0,22,2,0,24,0,3,54,0,57,0,25,56,0,81,8,0,8,89
07/01/2007,LWS,ID,ANM,WE,Federal Contract Tower,0,14,7,0,21,0,0,38,0,38,0,14,45,0,59,28,0,28,87
07/02/2007,LWS,ID,ANM,WE,Federal Contract Tower,0,27,4,0,31,0,8,27,0,35,0,35,31,0,66,8,0,8,74
07/03/2007,LWS,ID,ANM,WE,Federal Contract Tower,0,24,2,0,26,0,12,81,0,93,0,36,83,0,119,38,0,38,157
07/04/2007,LWS,ID,ANM,WE,Federal Contract Tower,0,12,0,0,12,0,2,42,0,44,0,14,42,0,56,32,0,32,88
07/05/2007,LWS,ID,ANM,WE,Federal Contract Tower,0,29,3,0,32,0,6,47,0,53,0,35,50,0,85,10,0,10,95
07/06/2007,LWS,ID,ANM,WE,Federal Contract Tower,0,26,3,0,29,0,10,46,0,56,0,36,49,0,85,10,0,10,95
07/07/2007,LWS,ID,ANM,WE,Federal Contract Tower,0,20,0,2,22,0,5,69,0,74,0,25,69,2,96,56,8,64,160
07/08/2007,LWS,ID,ANM,WE,Federal Contract Tower,0,14,3,0,17,0,1,62,0,63,0,15,65,0,80,40,0,40,120
07/09/2007,LWS,ID,ANM,WE,Federal Contract Tower,0,27,9,0,36,0,13,44,0,57,0,40,53,0,93,16,0,16,109
07/10/2007,LWS,ID,ANM,WE,Federal Contract Tower,0,29,7,0,36,0,9,79,0,88,0,38,86,0,124,12,0,12,136
07/11/2007,LWS,ID,ANM,WE,Federal Contract Tower,0,27,12,0,39,0,11,55,0,66,0,38,67,0,105,34,0,34,139
07/12/2007,LWS,ID,ANM,WE,Federal Contract Tower,0,27,3,0,30,0,7,68,0,75,0,34,71,0,105,42,0,42,147
07/13/2007,LWS,ID,ANM,WE,Federal Contract Tower,0,29,3,0,32,0,2,57,0,59,0,31,60,0,91,0,0,0,91
07/14/2007,LWS,ID,ANM,WE,Federal Contract Tower,0,17,1,0,18,0,2,51,0,53,0,19,52,0,71,18,0,18,89
07/15/2007,LWS,ID,ANM,WE,Federal Contract Tower,0,14,7,0,21,0,2,43,0,45,0,16,50,0,66,22,0,22,88
07/16/2007,LWS,ID,ANM,WE,Federal Contract Tower,0,27,8,2,37,0,9,36,0,45,0,36,44,2,82,4,32,36,118
07/17/2007,LWS,ID,ANM,WE,Federal Contract Tower,0,28,8,0,36,0,9,39,0,48,0,37,47,0,84,74,0,74,158
07/18/2007,LWS,ID,ANM,WE,Federal Contract Tower,0,30,6,0,36,0,6,82,0,88,0,36,88,0,124,22,0,22,146
07/19/2007,LWS,ID,ANM,WE,Federal Contract Tower,0,30,10,0,40,0,4,48,0,52,0,34,58,0,92,14,0,14,106
07/20/2007,LWS,ID,ANM,WE,Federal Contract Tower,0,25,3,0,28,0,4,32,0,36,0,29,35,0,64,10,0,10,74
07/21/2007,LWS,ID,ANM,WE,Federal Contract Tower,0,17,3,0,20,0,10,123,0,133,0,27,126,0,153,86,0,86,239
07/22/2007,LWS,ID,ANM,WE,Federal Contract Tower,0,19,3,0,22,0,2,42,0,44,0,21,45,0,66,0,0,0,66
07/23/2007,LWS,ID,ANM,WE,Federal Contract Tower,0,23,1,0,24,0,5,52,0,57,0,28,53,0,81,54,0,54,135
07/24/2007,LWS,ID,ANM,WE,Federal Contract Tower,0,29,3,0,32,0,4,81,0,85,0,33,84,0,117,8,0,8,125
07/25/2007,LWS,ID,ANM,WE,Federal Contract Tower,2,30,9,0,41,0,6,38,0,44,2,36,47,0,85,10,0,10,95
07/26/2007,LWS,ID,ANM,WE,Federal Contract Tower,2,25,6,0,33,0,14,61,0,75,2,39,67,0,108,48,0,48,156
07/27/2007,LWS,ID,ANM,WE,Federal Contract Tower,0,26,2,0,28,0,6,32,0,38,0,32,34,0,66,12,0,12,78
07/28/2007,LWS,ID,ANM,WE,Federal Contract Tower,0,14,0,0,14,0,1,42,0,43,0,15,42,0,57,18,0,18,75
07/29/2007,LWS,ID,ANM,WE,Federal Contract Tower,0,14,5,0,19,0,0,34,0,34,0,14,39,0,53,12,0,12,65
07/30/2007,LWS,ID,ANM,WE,Federal Contract Tower,0,26,7,0,33,0,12,52,0,64,0,38,59,0,97,22,0,22,119
07/31/2007,LWS,ID,ANM,WE,Federal Contract Tower,0,32,5,0,37,0,9,113,2,124,0,41,118,2,161,24,4,28,189
08/01/2007,LWS,ID,ANM,WE,Federal Contract Tower,0,31,14,0,45,0,13,58,0,71,0,44,72,0,116,28,1,29,145
08/02/2007,LWS,ID,ANM,WE,Federal Contract Tower,0,32,2,0,34,0,9,44,0,53,0,41,46,0,87,26,0,26,113
08/03/2007,LWS,ID,ANM,WE,Federal Contract Tower,0,26,8,1,35,0,11,38,6,55,0,37,46,7,90,14,0,14,104
08/04/2007,LWS,ID,ANM,WE,Federal Contract Tower,0,18,5,0,23,0,0,95,0,95,0,18,100,0,118,14,0,14,132
08/05/2007,LWS,ID,ANM,WE,Federal Contract Tower,0,15,2,2,19,0,7,77,2,86,0,22,79,4,105,12,0,12,117
08/06/2007,LWS,ID,ANM,WE,Federal Contract Tower,0,26,6,0,32,0,8,61,2,71,0,34,67,2,103,6,0,6,109
08/07/2007,LWS,ID,ANM,WE,Federal Contract Tower,0,29,4,0,33,0,15,53,0,68,0,44,57,0,101,8,0,8,109
08/08/2007,LWS,ID,ANM,WE,Federal Contract Tower,0,31,9,0,40,0,9,40,0,49,0,40,49,0,89,18,0,18,107
08/09/2007,LWS,ID,ANM,WE,Federal Contract Tower,0,28,5,0,33,0,7,56,0,63,0,35,61,0,96,42,0,42,138
08/10/2007,LWS,ID,ANM,WE,Federal Contract Tower,2,26,1,0,29,0,7,60,2,69,2,33,61,2,98,8,0,8,106
08/11/2007,LWS,ID,ANM,WE,Federal Contract Tower,0,15,1,0,16,0,2,30,0,32,0,17,31,0,48,34,0,34,82
08/12/2007,LWS,ID,ANM,WE,Federal Contract Tower,0,15,3,0,18,0,0,46,0,46,0,15,49,0,64,14,0,14,78
08/13/2007,LWS,ID,ANM,WE,Federal Contract Tower,0,29,6,0,35,0,12,51,0,63,0,41,57,0,98,28,0,28,126
08/14/2007,LWS,ID,ANM,WE,Federal Contract Tower,0,30,8,0,38,0,7,69,2,78,0,37,77,2,116,32,0,32,148
08/15/2007,LWS,ID,ANM,WE,Federal Contract Tower,0,25,10,0,35,0,11,72,2,85,0,36,82,2,120,40,0,40,160
08/16/2007,LWS,ID,ANM,WE,Federal Contract Tower,0,23,8,0,31,0,13,35,0,48,0,36,43,0,79,0,8,8,87
08/17/2007,LWS,ID,ANM,WE,Federal Contract Tower,0,24,5,0,29,0,19,67,2,88,0,43,72,2,117,12,0,12,129
08/18/2007,LWS,ID,ANM,WE,Federal Contract Tower,0,19,5,0,24,0,2,79,2,83,0,21,84,2,107,20,0,20,127
08/19/2007,LWS,ID,ANM,WE,Federal Contract Tower,0,17,5,0,22,0,0,29,0,29,0,17,34,0,51,0,0,0,51
08/20/2007,LWS,ID,ANM,WE,Federal Contract Tower,0,29,5,0,34,0,9,50,0,59,0,38,55,0,93,2,0,2,95
08/21/2007,LWS,ID,ANM,WE,Federal Contract Tower,0,26,10,0,36,0,11,41,2,54,0,37,51,2,90,0,0,0,90
08/22/2007,LWS,ID,ANM,WE,Federal Contract Tower,0,28,9,0,37,0,14,59,0,73,0,42,68,0,110,32,0,32,142
08/23/2007,LWS,ID,ANM,WE,Federal Contract Tower,2,28,4,0,34,0,11,62,0,73,2,39,66,0,107,14,0,14,121
08/24/2007,LWS,ID,ANM,WE,Federal Contract Tower,0,31,6,0,37,0,5,78,2,85,0,36,84,2,122,2,4,6,128
08/25/2007,LWS,ID,ANM,WE,Federal Contract Tower,0,17,2,0,19,0,3,73,0,76,0,20,75,0,95,18,0,18,113
08/26/2007,LWS,ID,ANM,WE,Federal Contract Tower,0,15,6,0,21,0,2,86,0,88,0,17,92,0,109,12,0,12,121
08/27/2007,LWS,ID,ANM,WE,Federal Contract Tower,0,28,1,0,29,0,5,40,2,47,0,33,41,2,76,40,0,40,116
08/28/2007,LWS,ID,ANM,WE,Federal Contract Tower,0,26,2,0,28,0,9,47,0,56,0,35,49,0,84,26,0,26,110
08/29/2007,LWS,ID,ANM,WE,Federal Contract Tower,4,29,6,0,39,0,10,56,1,67,4,39,62,1,106,50,0,50,156
08/30/2007,LWS,ID,ANM,WE,Federal Contract Tower,0,31,3,0,34,0,9,66,1,76,0,40,69,1,110,26,0,26,136
08/31/2007,LWS,ID,ANM,WE,Federal Contract Tower,2,26,7,0,35,0,14,53,0,67,2,40,60,0,102,38,0,38,140
09/01/2007,LWS,ID,ANM,WE,Federal Contract Tower,2,17,5,0,24,0,4,63,0,67,2,21,68,0,91,34,0,34,125
09/02/2007,LWS,ID,ANM,WE,Federal Contract Tower,0,14,4,0,18,0,8,63,0,71,0,22,67,0,89,40,0,40,129
09/03/2007,LWS,ID,ANM,WE,Federal Contract Tower,0,16,3,0,19,0,2,33,0,35,0,18,36,0,54,16,0,16,70
09/04/2007,LWS,ID,ANM,WE,Federal Contract Tower,0,26,9,0,35,0,6,35,0,41,0,32,44,0,76,20,0,20,96
09/05/2007,LWS,ID,ANM,WE,Federal Contract Tower,0,27,11,0,38,0,6,60,0,66,0,33,71,0,104,16,0,16,120
09/06/2007,LWS,ID,ANM,WE,Federal Contract Tower,0,30,11,0,41,0,10,98,0,108,0,40,109,0,149,40,0,40,189
09/07/2007,LWS,ID,ANM,WE,Federal Contract Tower,0,26,4,0,30,0,9,42,0,51,0,35,46,0,81,20,0,20,101
09/08/2007,LWS,ID,ANM,WE,Federal Contract Tower,0,16,2,2,20,0,1,38,2,41,0,17,40,4,61,4,32,36,97
09/09/2007,LWS,ID,ANM,WE,Federal Contract Tower,0,16,5,8,29,0,0,65,2,67,0,16,70,10,96,14,0,14,110
09/10/2007,LWS,ID,ANM,WE,Federal Contract Tower,0,31,1,0,32,0,5,48,2,55,0,36,49,2,87,32,2,34,121
09/11/2007,LWS,ID,ANM,WE,Federal Contract Tower,0,31,4,2,37,0,5,45,0,50,0,36,49,2,87,12,12,24,111
09/12/2007,LWS,ID,ANM,WE,Federal Contract Tower,0,27,7,2,36,0,7,45,0,52,0,34,52,2,88,72,0,72,160
09/13/2007,LWS,ID,ANM,WE,Federal Contract Tower,0,27,9,0,36,0,9,68,0,77,0,36,77,0,113,76,0,76,189
09/14/2007,LWS,ID,ANM,WE,Federal Contract Tower,0,31,8,0,39,0,10,99,0,109,0,41,107,0,148,72,0,72,220
09/15/2007,LWS,ID,ANM,WE,Federal Contract Tower,0,17,0,0,17,0,1,67,0,68,0,18,67,0,85,28,0,28,113
09/16/2007,LWS,ID,ANM,WE,Federal Contract Tower,0,15,1,0,16,0,0,37,0,37,0,15,38,0,53,2,0,2,55
09/17/2007,LWS,ID,ANM,WE,Federal Contract Tower,0,30,3,0,33,0,8,55,2,65,0,38,58,2,98,12,0,12,110
09/18/2007,LWS,ID,ANM,WE,Federal Contract Tower,0,27,2,0,29,0,8,49,2,59,0,35,51,2,88,12,0,12,100
09/19/2007,LWS,ID,ANM,WE,Federal Contract Tower,0,30,7,0,37,0,12,37,0,49,0,42,44,0,86,26,2,28,114
09/20/2007,LWS,ID,ANM,WE,Federal Contract Tower,0,29,2,0,31,0,14,49,1,64,0,43,51,1,95,10,0,10,105
09/21/2007,LWS,ID,ANM,WE,Federal Contract Tower,3,32,8,2,45,0,9,56,2,67,3,41,64,4,112,42,14,56,168
09/22/2007,LWS,ID,ANM,WE,Federal Contract Tower,1,16,6,0,23,0,0,32,0,32,1,16,38,0,55,78,0,78,133
09/23/2007,LWS,ID,ANM,WE,Federal Contract Tower,0,17,2,0,19,0,0,22,0,22,0,17,24,0,41,4,0,4,45
09/24/2007,LWS,ID,ANM,WE,Federal Contract Tower,0,26,2,0,28,0,5,40,0,45,0,31,42,0,73,0,0,0,73
09/25/2007,LWS,ID,ANM,WE,Federal Contract Tower,0,28,8,0,36,0,6,39,0,45,0,34,47,0,81,46,0,46,127
09/26/2007,LWS,ID,ANM,WE,Federal Contract Tower,0,32,9,0,41,0,14,111,0,125,0,46,120,0,166,36,0,36,202
09/27/2007,LWS,ID,ANM,WE,Federal Contract Tower,0,31,3,0,34,0,8,53,0,61,0,39,56,0,95,32,0,32,127
09/28/2007,LWS,ID,ANM,WE,Federal Contract Tower,0,28,10,0,38,0,6,59,0,65,0,34,69,0,103,30,0,30,133
09/29/2007,LWS,ID,ANM,WE,Federal Contract Tower,3,16,4,0,23,0,1,72,0,73,3,17,76,0,96,32,0,32,128
09/30/2007,LWS,ID,ANM,WE,Federal Contract Tower,0,17,5,0,22,0,0,16,0,16,0,17,21,0,38,2,0,2,40
10/01/2007,LWS,ID,ANM,WE,Federal Contract Tower,0,28,5,0,33,0,3,11,1,15,0,31,16,1,48,18,0,18,66
10/02/2007,LWS,ID,ANM,WE,Federal Contract Tower,0,31,4,0,35,0,7,26,3,36,0,38,30,3,71,28,0,28,99
10/03/2007,LWS,ID,ANM,WE,Federal Contract Tower,0,30,12,0,42,0,5,28,0,33,0,35,40,0,75,50,0,50,125
10/04/2007,LWS,ID,ANM,WE,Federal Contract Tower,0,31,7,0,38,0,5,18,0,23,0,36,25,0,61,0,0,0,61
10/05/2007,LWS,ID,ANM,WE,Federal Contract Tower,4,30,5,0,39,0,9,27,0,36,4,39,32,0,75,4,0,4,79
10/06/2007,LWS,ID,ANM,WE,Federal Contract Tower,2,16,4,0,22,0,4,36,0,40,2,20,40,0,62,20,0,20,82
10/07/2007,LWS,ID,ANM,WE,Federal Contract Tower,0,15,2,0,17,0,0,8,0,8,0,15,10,0,25,8,0,8,33
10/08/2007,LWS,ID,ANM,WE,Federal Contract Tower,0,25,11,0,36,0,7,15,0,22,0,32,26,0,58,32,0,32,90
10/09/2007,LWS,ID,ANM,WE,Federal Contract Tower,0,29,6,0,35,0,7,112,2,121,0,36,118,2,156,74,0,74,230
10/10/2007,LWS,ID,ANM,WE,Federal Contract Tower,0,31,6,0,37,0,7,45,0,52,0,38,51,0,89,20,0,20,109
10/11/2007,LWS,ID,ANM,WE,Federal Contract Tower,0,32,3,0,35,0,4,61,0,65,0,36,64,0,100,18,0,18,118
10/12/2007,LWS,ID,ANM,WE,Federal Contract Tower,2,31,8,0,41,0,9,45,0,54,2,40,53,0,95,28,0,28,123
10/13/2007,LWS,ID,ANM,WE,Federal Contract Tower,2,17,1,0,20,0,3,82,2,87,2,20,83,2,107,90,2,92,199
10/14/2007,LWS,ID,ANM,WE,Federal Contract Tower,0,17,3,0,20,0,2,55,0,57,0,19,58,0,77,16,0,16,93
10/15/2007,LWS,ID,ANM,WE,Federal Contract Tower,0,28,4,0,32,0,4,30,0,34,0,32,34,0,66,46,0,46,112
10/16/2007,LWS,ID,ANM,WE,Federal Contract Tower,0,32,6,2,40,0,9,21,0,30,0,41,27,2,70,40,0,40,110
10/17/2007,LWS,ID,ANM,WE,Federal Contract Tower,0,33,8,2,43,0,2,6,0,8,0,35,14,2,51,0,0,0,51
10/18/2007,LWS,ID,ANM,WE,Federal Contract Tower,0,30,16,0,46,0,5,12,0,17,0,35,28,0,63,10,0,10,73
10/19/2007,LWS,ID,ANM,WE,Federal Contract Tower,0,29,7,0,36,0,6,5,0,11,0,35,12,0,47,2,0,2,49
10/20/2007,LWS,ID,ANM,WE,Federal Contract Tower,0,18,3,0,21,0,0,11,0,11,0,18,14,0,32,14,0,14,46
10/21/2007,LWS,ID,ANM,WE,Federal Contract Tower,0,15,2,0,17,0,0,16,0,16,0,15,18,0,33,44,0,44,77
10/22/2007,LWS,ID,ANM,WE,Federal Contract Tower,0,26,7,0,33,0,2,52,0,54,0,28,59,0,87,56,0,56,143
10/23/2007,LWS,ID,ANM,WE,Federal Contract Tower,0,29,6,0,35,0,5,64,0,69,0,34,70,0,104,26,0,26,130
10/24/2007,LWS,ID,ANM,WE,Federal Contract Tower,0,27,3,0,30,0,6,36,0,42,0,33,39,0,72,16,0,16,88
10/25/2007,LWS,ID,ANM,WE,Federal Contract Tower,0,26,8,0,34,0,7,68,0,75,0,33,76,0,109,12,0,12,121
10/26/2007,LWS,ID,ANM,WE,Federal Contract Tower,0,29,1,0,30,0,5,86,0,91,0,34,87,0,121,34,0,34,155
10/27/2007,LWS,ID,ANM,WE,Federal Contract Tower,0,16,5,0,21,0,0,83,0,83,0,16,88,0,104,38,0,38,142
10/28/2007,LWS,ID,ANM,WE,Federal Contract Tower,0,15,3,0,18,0,0,74,0,74,0,15,77,0,92,46,0,46,138
10/29/2007,LWS,ID,ANM,WE,Federal Contract Tower,0,28,9,0,37,0,4,40,0,44,0,32,49,0,81,20,0,20,101
10/30/2007,LWS,ID,ANM,WE,Federal Contract Tower,0,27,7,0,34,0,7,79,2,88,0,34,86,2,122,72,12,84,206
10/31/2007,LWS,ID,ANM,WE,Federal Contract Tower,0,28,8,0,36,0,6,66,0,72,0,34,74,0,108,68,0,68,176
11/01/2007,LWS,ID,ANM,WE,Federal Contract Tower,0,28,5,0,33,0,4,48,0,52,0,32,53,0,85,22,0,22,107
11/02/2007,LWS,ID,ANM,WE,Federal Contract Tower,2,27,4,0,33,0,7,50,2,59,2,34,54,2,92,44,0,44,136
11/03/2007,LWS,ID,ANM,WE,Federal Contract Tower,2,15,1,0,18,0,1,32,0,33,2,16,33,0,51,10,0,10,61
11/04/2007,LWS,ID,ANM,WE,Federal Contract Tower,1,14,5,0,20,0,0,24,0,24,1,14,29,0,44,38,0,38,82
11/05/2007,LWS,ID,ANM,WE,Federal Contract Tower,0,30,4,0,34,0,3,74,0,77,0,33,78,0,111,6,0,6,117
11/06/2007,LWS,ID,ANM,WE,Federal Contract Tower,0,30,0,1,31,0,6,81,3,90,0,36,81,4,121,44,0,44,165
11/07/2007,LWS,ID,ANM,WE,Federal Contract Tower,0,28,6,0,34,0,5,76,0,81,0,33,82,0,115,10,0,10,125
11/08/2007,LWS,ID,ANM,WE,Federal Contract Tower,0,32,6,0,38,0,5,34,0,39,0,37,40,0,77,54,0,54,131
11/09/2007,LWS,ID,ANM,WE,Federal Contract Tower,2,28,5,0,35,0,9,84,0,93,2,37,89,0,128,62,0,62,190
11/10/2007,LWS,ID,ANM,WE,Federal Contract Tower,2,17,3,0,22,0,0,28,0,28,2,17,31,0,50,32,0,32,82
11/11/2007,LWS,ID,ANM,WE,Federal Contract Tower,0,14,3,0,17,0,1,24,0,25,0,15,27,0,42,14,0,14,56
11/12/2007,LWS,ID,ANM,WE,Federal Contract Tower,0,22,8,2,32,0,4,8,2,14,0,26,16,4,46,0,0,0,46
11/13/2007,LWS,ID,ANM,WE,Federal Contract Tower,0,30,9,2,41,0,4,20,0,24,0,34,29,2,65,8,0,8,73
11/14/2007,LWS,ID,ANM,WE,Federal Contract Tower,0,28,5,2,35,0,25,46,0,71,0,53,51,2,106,14,20,34,140
11/15/2007,LWS,ID,ANM,WE,Federal Contract Tower,0,30,9,0,39,0,3,38,0,41,0,33,47,0,80,54,0,54,134
11/16/2007,LWS,ID,ANM,WE,Federal Contract Tower,0,27,6,0,33,0,6,32,0,38,0,33,38,0,71,32,0,32,103
11/17/2007,LWS,ID,ANM,WE,Federal Contract Tower,2,13,6,0,21,0,0,8,0,8,2,13,14,0,29,0,0,0,29
11/18/2007,LWS,ID,ANM,WE,Federal Contract Tower,0,15,3,0,18,0,0,0,0,0,0,15,3,0,18,0,0,0,18
11/19/2007,LWS,ID,ANM,WE,Federal Contract Tower,0,32,10,0,42,0,0,5,0,5,0,32,15,0,47,26,0,26,73
11/20/2007,LWS,ID,ANM,WE,Federal Contract Tower,0,36,8,0,44,0,0,3,0,3,0,36,11,0,47,0,0,0,47
11/21/2007,LWS,ID,ANM,WE,Federal Contract Tower,0,31,4,0,35,0,14,33,0,47,0,45,37,0,82,54,0,54,136
11/22/2007,LWS,ID,ANM,WE,Federal Contract Tower,0,10,2,0,12,0,0,5,0,5,0,10,7,0,17,10,0,10,27
11/23/2007,LWS,ID,ANM,WE,Federal Contract Tower,0,26,0,0,26,0,5,58,0,63,0,31,58,0,89,30,0,30,119
11/24/2007,LWS,ID,ANM,WE,Federal Contract Tower,0,19,6,0,25,0,1,52,0,53,0,20,58,0,78,20,0,20,98
11/25/2007,LWS,ID,ANM,WE,Federal Contract Tower,0,15,9,0,24,0,0,3,0,3,0,15,12,0,27,8,0,8,35
11/26/2007,LWS,ID,ANM,WE,Federal Contract Tower,0,29,3,0,32,0,2,34,0,36,0,31,37,0,68,22,0,22,90
11/27/2007,LWS,ID,ANM,WE,Federal Contract Tower,0,31,7,0,38,0,9,20,0,29,0,40,27,0,67,50,0,50,117
11/28/2007,LWS,ID,ANM,WE,Federal Contract Tower,2,30,9,0,41,0,9,40,0,49,2,39,49,0,90,62,0,62,152
11/29/2007,LWS,ID,ANM,WE,Federal Contract Tower,0,33,4,0,37,0,0,0,0,0,0,33,4,0,37,0,0,0,37
11/30/2007,LWS,ID,ANM,WE,Federal Contract Tower,0,38,8,0,46,0,0,0,0,0,0,38,8,0,46,0,0,0,46
12/01/2007,LWS,ID,ANM,WE,Federal Contract Tower,4,14,4,2,24,0,0,1,0,1,4,14,5,2,25,0,0,0,25
12/02/2007,LWS,ID,ANM,WE,Federal Contract Tower,0,14,3,0,17,0,0,7,0,7,0,14,10,0,24,10,0,10,34
12/03/2007,LWS,ID,ANM,WE,Federal Contract Tower,0,35,5,0,40,0,5,6,0,11,0,40,11,0,51,14,0,14,65
12/04/2007,LWS,ID,ANM,WE,Federal Contract Tower,0,29,2,0,31,0,7,24,0,31,0,36,26,0,62,32,0,32,94
12/05/2007,LWS,ID,ANM,WE,Federal Contract Tower,0,30,4,0,34,0,14,36,0,50,0,44,40,0,84,38,0,38,122
12/06/2007,LWS,ID,ANM,WE,Federal Contract Tower,0,33,14,0,47,0,4,4,0,8,0,37,18,0,55,6,0,6,61
12/07/2007,LWS,ID,ANM,WE,Federal Contract Tower,0,30,9,0,39,0,1,10,0,11,0,31,19,0,50,22,0,22,72
12/08/2007,LWS,ID,ANM,WE,Federal Contract Tower,0,15,2,0,17,0,2,30,0,32,0,17,32,0,49,24,0,24,73
12/09/2007,LWS,ID,ANM,WE,Federal Contract Tower,0,15,6,0,21,0,0,39,0,39,0,15,45,0,60,86,0,86,146
12/10/2007,LWS,ID,ANM,WE,Federal Contract Tower,0,28,13,0,41,0,0,2,0,2,0,28,15,0,43,0,0,0,43
12/11/2007,LWS,ID,ANM,WE,Federal Contract Tower,0,30,9,0,39,0,8,12,0,20,0,38,21,0,59,102,0,102,161
12/12/2007,LWS,ID,ANM,WE,Federal Contract Tower,4,32,12,0,48,0,5,22,0,27,4,37,34,0,75,264,0,264,339
12/13/2007,LWS,ID,ANM,WE,Federal Contract Tower,0,39,18,0,57,0,0,9,0,9,0,39,27,0,66,108,0,108,174
12/14/2007,LWS,ID,ANM,WE,Federal Contract Tower,0,33,8,0,41,0,7,29,0,36,0,40,37,0,77,92,0,92,169
12/15/2007,LWS,ID,ANM,WE,Federal Contract Tower,0,18,1,0,19,0,2,6,0,8,0,20,7,0,27,8,0,8,35
12/16/2007,LWS,ID,ANM,WE,Federal Contract Tower,0,16,5,0,21,0,0,34,0,34,0,16,39,0,55,40,0,40,95
12/17/2007,LWS,ID,ANM,WE,Federal Contract Tower,0,31,0,0,31,0,6,28,0,34,0,37,28,0,65,6,0,6,71
12/18/2007,LWS,ID,ANM,WE,Federal Contract Tower,0,32,6,2,40,0,5,35,0,40,0,37,41,2,80,2,18,20,100
12/19/2007,LWS,ID,ANM,WE,Federal Contract Tower,0,31,6,0,37,0,6,12,0,18,0,37,18,0,55,20,0,20,75
12/20/2007,LWS,ID,ANM,WE,Federal Contract Tower,0,33,4,0,37,0,2,28,0,30,0,35,32,0,67,2,0,2,69
12/21/2007,LWS,ID,ANM,WE,Federal Contract Tower,0,29,3,0,32,0,4,26,0,30,0,33,29,0,62,26,0,26,88
12/22/2007,LWS,ID,ANM,WE,Federal Contract Tower,0,19,1,0,20,0,2,33,0,35,0,21,34,0,55,42,0,42,97
12/23/2007,LWS,ID,ANM,WE,Federal Contract Tower,0,17,0,0,17,0,0,0,0,0,0,17,0,0,17,0,0,0,17
12/24/2007,LWS,ID,ANM,WE,Federal Contract Tower,0,25,0,0,25,0,5,12,0,17,0,30,12,0,42,2,0,2,44
12/25/2007,LWS,ID,ANM,WE,Federal Contract Tower,0,14,1,0,15,0,0,14,0,14,0,14,15,0,29,6,0,6,35
12/26/2007,LWS,ID,ANM,WE,Federal Contract Tower,0,34,5,0,39,0,0,9,0,9,0,34,14,0,48,14,0,14,62
12/27/2007,LWS,ID,ANM,WE,Federal Contract Tower,0,33,2,0,35,0,6,15,0,21,0,39,17,0,56,22,0,22,78
12/28/2007,LWS,ID,ANM,WE,Federal Contract Tower,0,32,4,0,36,0,0,3,0,3,0,32,7,0,39,12,0,12,51
12/29/2007,LWS,ID,ANM,WE,Federal Contract Tower,0,18,1,0,19,0,3,27,0,30,0,21,28,0,49,36,0,36,85
12/30/2007,LWS,ID,ANM,WE,Federal Contract Tower,0,19,2,0,21,0,0,0,0,0,0,19,2,0,21,0,0,0,21
12/31/2007,LWS,ID,ANM,WE,Federal Contract Tower,0,25,2,0,27,0,5,28,0,33,0,30,30,0,60,64,0,64,124
01/01/2008,LWS,ID,ANM,WE,Federal Contract Tower,0,13,3,0,16,0,0,34,0,34,0,13,37,0,50,36,0,36,86
01/02/2008,LWS,ID,ANM,WE,Federal Contract Tower,0,33,2,0,35,0,9,24,2,35,0,42,26,2,70,34,0,34,104
01/03/2008,LWS,ID,ANM,WE,Federal Contract Tower,0,31,3,0,34,0,2,10,0,12,0,33,13,0,46,0,0,0,46
01/04/2008,LWS,ID,ANM,WE,Federal Contract Tower,0,29,3,0,32,0,5,2,0,7,0,34,5,0,39,0,0,0,39
01/05/2008,LWS,ID,ANM,WE,Federal Contract Tower,2,14,1,0,17,0,6,3,0,9,2,20,4,0,26,4,0,4,30
01/06/2008,LWS,ID,ANM,WE,Federal Contract Tower,0,13,2,0,15,0,0,21,0,21,0,13,23,0,36,8,0,8,44
01/07/2008,LWS,ID,ANM,WE,Federal Contract Tower,0,35,12,0,47,0,12,14,0,26,0,47,26,0,73,4,0,4,77
01/08/2008,LWS,ID,ANM,WE,Federal Contract Tower,0,29,5,0,34,0,4,0,0,4,0,33,5,0,38,0,0,0,38
01/09/2008,LWS,ID,ANM,WE,Federal Contract Tower,0,34,6,0,40,0,3,17,0,20,0,37,23,0,60,30,0,30,90
01/10/2008,LWS,ID,ANM,WE,Federal Contract Tower,0,29,0,0,29,0,7,0,0,7,0,36,0,0,36,0,0,0,36
01/11/2008,LWS,ID,ANM,WE,Federal Contract Tower,0,32,6,0,38,0,5,24,0,29,0,37,30,0,67,14,0,14,81
01/12/2008,LWS,ID,ANM,WE,Federal Contract Tower,0,16,1,0,17,0,0,18,0,18,0,16,19,0,35,10,0,10,45
01/13/2008,LWS,ID,ANM,WE,Federal Contract Tower,0,18,3,0,21,0,0,45,0,45,0,18,48,0,66,62,0,62,128
01/14/2008,LWS,ID,ANM,WE,Federal Contract Tower,0,29,5,0,34,0,5,13,0,18,0,34,18,0,52,2,0,2,54
01/15/2008,LWS,ID,ANM,WE,Federal Contract Tower,0,28,7,0,35,0,6,18,0,24,0,34,25,0,59,0,0,0,59
01/16/2008,LWS,ID,ANM,WE,Federal Contract Tower,0,30,5,0,35,0,8,39,0,47,0,38,44,0,82,18,0,18,100
01/17/2008,LWS,ID,ANM,WE,Federal Contract Tower,0,29,2,0,31,0,5,29,0,34,0,34,31,0,65,26,0,26,91
01/18/2008,LWS,ID,ANM,WE,Federal Contract Tower,0,27,7,0,34,0,4,15,0,19,0,31,22,0,53,38,0,38,91
01/19/2008,LWS,ID,ANM,WE,Federal Contract Tower,2,12,3,0,17,0,4,3,0,7,2,16,6,0,24,16,0,16,40
01/20/2008,LWS,ID,ANM,WE,Federal Contract Tower,0,14,2,0,16,0,2,1,0,3,0,16,3,0,19,0,0,0,19
01/21/2008,LWS,ID,ANM,WE,Federal Contract Tower,0,21,2,0,23,0,2,36,0,38,0,23,38,0,61,34,0,34,95
01/22/2008,LWS,ID,ANM,WE,Federal Contract Tower,0,28,3,0,31,0,4,43,0,47,0,32,46,0,78,24,0,24,102
01/23/2008,LWS,ID,ANM,WE,Federal Contract Tower,0,24,5,0,29,0,8,33,0,41,0,32,38,0,70,10,0,10,80
01/24/2008,LWS,ID,ANM,WE,Federal Contract Tower,0,30,1,0,31,0,4,31,0,35,0,34,32,0,66,22,0,22,88
01/25/2008,LWS,ID,ANM,WE,Federal Contract Tower,4,29,0,0,33,0,1,15,0,16,4,30,15,0,49,10,0,10,59
01/26/2008,LWS,ID,ANM,WE,Federal Contract Tower,0,12,1,0,13,0,3,1,0,4,0,15,2,0,17,0,0,0,17
01/27/2008,LWS,ID,ANM,WE,Federal Contract Tower,0,10,5,0,15,0,0,0,0,0,0,10,5,0,15,0,0,0,15
01/28/2008,LWS,ID,ANM,WE,Federal Contract Tower,2,33,0,0,35,0,10,0,0,10,2,43,0,0,45,0,0,0,45
01/29/2008,LWS,ID,ANM,WE,Federal Contract Tower,0,30,1,0,31,0,0,0,0,0,0,30,1,0,31,0,0,0,31
01/30/2008,LWS,ID,ANM,WE,Federal Contract Tower,0,32,5,1,38,0,12,4,1,17,0,44,9,2,55,0,14,14,69
01/31/2008,LWS,ID,ANM,WE,Federal Contract Tower,0,29,6,0,35,0,2,1,0,3,0,31,7,0,38,0,0,0,38
02/01/2008,LWS,ID,ANM,WE,Federal Contract Tower,0,32,1,0,33,0,4,5,0,9,0,36,6,0,42,4,0,4,46
02/02/2008,LWS,ID,ANM,WE,Federal Contract Tower,0,14,2,0,16,0,2,18,0,20,0,16,20,0,36,22,0,22,58
02/03/2008,LWS,ID,ANM,WE,Federal Contract Tower,0,16,3,0,19,0,1,0,0,1,0,17,3,0,20,0,0,0,20
02/04/2008,LWS,ID,ANM,WE,Federal Contract Tower,0,32,9,0,41,0,5,13,0,18,0,37,22,0,59,48,0,48,107
02/05/2008,LWS,ID,ANM,WE,Federal Contract Tower,0,25,7,0,32,0,3,0,0,3,0,28,7,0,35,0,0,0,35
02/06/2008,LWS,ID,ANM,WE,Federal Contract Tower,0,28,5,0,33,0,5,9,0,14,0,33,14,0,47,6,0,6,53
02/07/2008,LWS,ID,ANM,WE,Federal Contract Tower,0,30,3,0,33,0,2,0,0,2,0,32,3,0,35,0,0,0,35
02/08/2008,LWS,ID,ANM,WE,Federal Contract Tower,0,27,5,0,32,0,4,9,0,13,0,31,14,0,45,6,0,6,51
02/09/2008,LWS,ID,ANM,WE,Federal Contract Tower,0,15,0,0,15,0,1,16,0,17,0,16,16,0,32,28,0,28,60
02/10/2008,LWS,ID,ANM,WE,Federal Contract Tower,0,14,8,0,22,0,0,3,0,3,0,14,11,0,25,0,0,0,25
02/11/2008,LWS,ID,ANM,WE,Federal Contract Tower,0,31,4,0,35,0,5,25,0,30,0,36,29,0,65,0,0,0,65
02/12/2008,LWS,ID,ANM,WE,Federal Contract Tower,0,31,6,0,37,0,9,38,0,47,0,40,44,0,84,8,0,8,92
02/13/2008,LWS,ID,ANM,WE,Federal Contract Tower,0,24,6,0,30,0,6,24,0,30,0,30,30,0,60,2,0,2,62
02/14/2008,LWS,ID,ANM,WE,Federal Contract Tower,0,29,8,2,39,0,14,57,0,71,0,43,65,2,110,24,4,28,138
02/15/2008,LWS,ID,ANM,WE,Federal Contract Tower,0,29,8,0,37,0,5,46,2,53,0,34,54,2,90,58,0,58,148
02/16/2008,LWS,ID,ANM,WE,Federal Contract Tower,0,13,0,0,13,0,2,28,0,30,0,15,28,0,43,40,0,40,83
02/17/2008,LWS,ID,ANM,WE,Federal Contract Tower,0,12,1,0,13,0,0,39,0,39,0,12,40,0,52,34,0,34,86
02/18/2008,LWS,ID,ANM,WE,Federal Contract Tower,0,20,4,0,24,0,4,54,4,62,0,24,58,4,86,38,0,38,124
02/19/2008,LWS,ID,ANM,WE,Federal Contract Tower,0,26,0,0,26,0,6,32,0,38,0,32,32,0,64,44,0,44,108
02/20/2008,LWS,ID,ANM,WE,Federal Contract Tower,0,32,8,0,40,0,8,50,0,58,0,40,58,0,98,54,0,54,152
02/21/2008,LWS,ID,ANM,WE,Federal Contract Tower,0,28,6,0,34,0,5,50,0,55,0,33,56,0,89,48,0,48,137
02/22/2008,LWS,ID,ANM,WE,Federal Contract Tower,0,32,4,0,36,0,7,22,0,29,0,39,26,0,65,18,0,18,83
02/23/2008,LWS,ID,ANM,WE,Federal Contract Tower,0,11,2,0,13,0,0,70,0,70,0,11,72,0,83,92,0,92,175
02/24/2008,LWS,ID,ANM,WE,Federal Contract Tower,0,14,2,0,16,0,0,4,0,4,0,14,6,0,20,10,0,10,30
02/25/2008,LWS,ID,ANM,WE,Federal Contract Tower,0,36,5,0,41,0,4,16,0,20,0,40,21,0,61,14,0,14,75
02/26/2008,LWS,ID,ANM,WE,Federal Contract Tower,0,28,2,0,30,0,9,54,0,63,0,37,56,0,93,22,0,22,115
02/27/2008,LWS,ID,ANM,WE,Federal Contract Tower,0,30,3,0,33,0,8,36,0,44,0,38,39,0,77,16,0,16,93
02/28/2008,LWS,ID,ANM,WE,Federal Contract Tower,0,33,2,0,35,0,5,48,2,55,0,38,50,2,90,58,0,58,148
02/29/2008,LWS,ID,ANM,WE,Federal Contract Tower,0,25,3,0,28,0,9,69,0,78,0,34,72,0,106,6,0,6,112
03/01/2008,LWS,ID,ANM,WE,Federal Contract Tower,0,9,3,0,12,0,4,2,0,6,0,13,5,0,18,0,0,0,18
03/02/2008,LWS,ID,ANM,WE,Federal Contract Tower,0,14,1,0,15,0,0,47,0,47,0,14,48,0,62,24,0,24,86
03/03/2008,LWS,ID,ANM,WE,Federal Contract Tower,0,27,6,0,33,0,8,8,0,16,0,35,14,0,49,4,0,4,53
03/04/2008,LWS,ID,ANM,WE,Federal Contract Tower,0,25,4,0,29,0,4,34,0,38,0,29,38,0,67,28,0,28,95
03/05/2008,LWS,ID,ANM,WE,Federal Contract Tower,0,23,4,0,27,0,14,92,0,106,0,37,96,0,133,80,0,80,213
03/06/2008,LWS,ID,ANM,WE,Federal Contract Tower,0,24,5,0,29,0,9,78,0,87,0,33,83,0,116,46,0,46,162
03/07/2008,LWS,ID,ANM,WE,Federal Contract Tower,0,26,6,0,32,0,7,46,0,53,0,33,52,0,85,60,0,60,145
03/08/2008,LWS,ID,ANM,WE,Federal Contract Tower,0,15,2,0,17,0,0,19,0,19,0,15,21,0,36,58,0,58,94
03/09/2008,LWS,ID,ANM,WE,Federal Contract Tower,0,16,2,0,18,0,1,42,0,43,0,17,44,0,61,26,0,26,87
03/10/2008,LWS,ID,ANM,WE,Federal Contract Tower,0,27,9,0,36,0,8,35,0,43,0,35,44,0,79,14,0,14,93
03/11/2008,LWS,ID,ANM,WE,Federal Contract Tower,0,27,2,0,29,0,10,9,0,19,0,37,11,0,48,8,0,8,56
03/12/2008,LWS,ID,ANM,WE,Federal Contract Tower,0,27,5,0,32,0,3,55,0,58,0,30,60,0,90,66,0,66,156
03/13/2008,LWS,ID,ANM,WE,Federal Contract Tower,0,29,7,2,38,0,0,0,0,0,0,29,7,2,38,0,0,0,38
03/14/2008,LWS,ID,ANM,WE,Federal Contract Tower,0,28,6,0,34,0,8,24,1,33,0,36,30,1,67,22,0,22,89
03/15/2008,LWS,ID,ANM,WE,Federal Contract Tower,0,12,6,0,18,0,2,4,0,6,0,14,10,0,24,0,0,0,24
03/16/2008,LWS,ID,ANM,WE,Federal Contract Tower,0,16,3,2,21,0,1,20,1,22,0,17,23,3,43,2,0,2,45
03/17/2008,LWS,ID,ANM,WE,Federal Contract Tower,0,25,7,0,32,0,6,43,0,49,0,31,50,0,81,92,0,92,173
03/18/2008,LWS,ID,ANM,WE,Federal Contract Tower,0,29,2,0,31,0,12,55,0,67,0,41,57,0,98,10,0,10,108
03/19/2008,LWS,ID,ANM,WE,Federal Contract Tower,0,29,8,0,37,0,10,67,0,77,0,39,75,0,114,48,0,48,162
03/20/2008,LWS,ID,ANM,WE,Federal Contract Tower,0,31,3,0,34,0,2,24,0,26,0,33,27,0,60,26,0,26,86
03/21/2008,LWS,ID,ANM,WE,Federal Contract Tower,0,23,5,1,29,0,11,10,1,22,0,34,15,2,51,16,0,16,67
03/22/2008,LWS,ID,ANM,WE,Federal Contract Tower,0,13,1,0,14,0,6,69,0,75,0,19,70,0,89,42,0,42,131
03/23/2008,LWS,ID,ANM,WE,Federal Contract Tower,0,14,0,0,14,0,0,13,0,13,0,14,13,0,27,30,0,30,57
03/24/2008,LWS,ID,ANM,WE,Federal Contract Tower,0,30,5,2,37,0,8,17,0,25,0,38,22,2,62,0,0,0,62
03/25/2008,LWS,ID,ANM,WE,Federal Contract Tower,2,27,5,0,34,0,9,60,0,69,2,36,65,0,103,42,0,42,145
03/26/2008,LWS,ID,ANM,WE,Federal Contract Tower,0,27,3,0,30,0,6,25,0,31,0,33,28,0,61,8,0,8,69
03/27/2008,LWS,ID,ANM,WE,Federal Contract Tower,0,29,6,0,35,0,5,18,2,25,0,34,24,2,60,4,0,4,64
03/28/2008,LWS,ID,ANM,WE,Federal Contract Tower,2,25,3,0,30,0,10,21,3,34,2,35,24,3,64,30,0,30,94
03/29/2008,LWS,ID,ANM,WE,Federal Contract Tower,0,16,2,0,18,0,1,6,1,8,0,17,8,1,26,0,0,0,26
03/30/2008,LWS,ID,ANM,WE,Federal Contract Tower,0,14,2,0,16,0,0,28,0,28,0,14,30,0,44,4,0,4,48
03/31/2008,LWS,ID,ANM,WE,Federal Contract Tower,2,28,7,0,37,0,6,30,0,36,2,34,37,0,73,14,0,14,87
04/01/2008,LWS,ID,ANM,WE,Federal Contract Tower,0,27,1,0,28,0,10,53,0,63,0,37,54,0,91,60,0,60,151
04/02/2008,LWS,ID,ANM,WE,Federal Contract Tower,0,28,6,0,34,0,5,53,0,58,0,33,59,0,92,56,0,56,148
04/03/2008,LWS,ID,ANM,WE,Federal Contract Tower,0,27,3,0,30,0,5,46,0,51,0,32,49,0,81,40,0,40,121
04/04/2008,LWS,ID,ANM,WE,Federal Contract Tower,4,28,2,0,34,0,5,15,6,26,4,33,17,6,60,48,0,48,108
04/05/2008,LWS,ID,ANM,WE,Federal Contract Tower,0,11,2,0,13,0,2,26,0,28,0,13,28,0,41,50,0,50,91
04/06/2008,LWS,ID,ANM,WE,Federal Contract Tower,6,7,3,0,16,0,0,12,0,12,6,7,15,0,28,16,0,16,44
04/07/2008,LWS,ID,ANM,WE,Federal Contract Tower,9,16,7,0,32,0,4,10,0,14,9,20,17,0,46,6,0,6,52
04/08/2008,LWS,ID,ANM,WE,Federal Contract Tower,9,14,7,0,30,0,3,23,0,26,9,17,30,0,56,0,0,0,56
04/09/2008,LWS,ID,ANM,WE,Federal Contract Tower,9,13,4,0,26,0,10,37,0,47,9,23,41,0,73,12,0,12,85
04/10/2008,LWS,ID,ANM,WE,Federal Contract Tower,10,11,5,2,28,0,8,36,2,46,10,19,41,4,74,30,0,30,104
04/11/2008,LWS,ID,ANM,WE,Federal Contract Tower,9,13,2,0,24,0,8,51,0,59,9,21,53,0,83,18,0,18,101
04/12/2008,LWS,ID,ANM,WE,Federal Contract Tower,6,4,2,0,12,0,1,45,0,46,6,5,47,0,58,24,0,24,82
04/13/2008,LWS,ID,ANM,WE,Federal Contract Tower,7,4,4,0,15,0,1,59,1,61,7,5,63,1,76,12,0,12,88
04/14/2008,LWS,ID,ANM,WE,Federal Contract Tower,9,15,10,0,34,0,7,23,0,30,9,22,33,0,64,28,0,28,92
04/15/2008,LWS,ID,ANM,WE,Federal Contract Tower,8,12,5,2,27,0,12,59,0,71,8,24,64,2,98,40,12,52,150
04/16/2008,LWS,ID,ANM,WE,Federal Contract Tower,9,14,18,0,41,0,11,55,0,66,9,25,73,0,107,154,0,154,261
04/17/2008,LWS,ID,ANM,WE,Federal Contract Tower,9,15,3,0,27,0,10,55,0,65,9,25,58,0,92,62,0,62,154
04/18/2008,LWS,ID,ANM,WE,Federal Contract Tower,9,11,6,0,26,0,11,21,0,32,9,22,27,0,58,28,0,28,86
04/19/2008,LWS,ID,ANM,WE,Federal Contract Tower,6,6,5,0,17,0,0,10,0,10,6,6,15,0,27,24,0,24,51
04/20/2008,LWS,ID,ANM,WE,Federal Contract Tower,7,6,19,0,32,0,0,0,0,0,7,6,19,0,32,12,0,12,44
04/21/2008,LWS,ID,ANM,WE,Federal Contract Tower,9,19,4,0,32,0,11,17,0,28,9,30,21,0,60,8,0,8,68
04/22/2008,LWS,ID,ANM,WE,Federal Contract Tower,8,13,1,0,22,0,11,58,0,69,8,24,59,0,91,34,0,34,125
04/23/2008,LWS,ID,ANM,WE,Federal Contract Tower,9,16,3,0,28,3,5,7,0,15,12,21,10,0,43,2,0,2,45
04/24/2008,LWS,ID,ANM,WE,Federal Contract Tower,9,20,6,0,35,0,2,26,0,28,9,22,32,0,63,28,0,28,91
04/25/2008,LWS,ID,ANM,WE,Federal Contract Tower,6,13,5,0,24,0,4,18,0,22,6,17,23,0,46,22,0,22,68
04/26/2008,LWS,ID,ANM,WE,Federal Contract Tower,6,4,3,0,13,0,1,94,0,95,6,5,97,0,108,74,0,74,182
04/27/2008,LWS,ID,ANM,WE,Federal Contract Tower,7,4,1,0,12,0,0,37,0,37,7,4,38,0,49,18,0,18,67
04/28/2008,LWS,ID,ANM,WE,Federal Contract Tower,9,14,6,0,29,0,10,58,0,68,9,24,64,0,97,58,0,58,155
04/29/2008,LWS,ID,ANM,WE,Federal Contract Tower,9,14,4,0,27,0,2,11,0,13,9,16,15,0,40,28,0,28,68
04/30/2008,LWS,ID,ANM,WE,Federal Contract Tower,9,16,7,0,32,0,6,25,3,34,9,22,32,3,66,62,0,62,128
05/01/2008,LWS,ID,ANM,WE,Federal Contract Tower,9,16,4,0,29,0,8,68,0,76,9,24,72,0,105,62,0,62,167
05/02/2008,LWS,ID,ANM,WE,Federal Contract Tower,9,12,2,0,23,0,12,74,0,86,9,24,76,0,109,84,0,84,193
05/03/2008,LWS,ID,ANM,WE,Federal Contract Tower,6,5,0,0,11,0,10,62,0,72,6,15,62,0,83,98,0,98,181
05/04/2008,LWS,ID,ANM,WE,Federal Contract Tower,6,4,0,0,10,0,0,42,0,42,6,4,42,0,52,28,0,28,80
05/05/2008,LWS,ID,ANM,WE,Federal Contract Tower,8,14,1,0,23,0,3,47,0,50,8,17,48,0,73,6,0,6,79
05/06/2008,LWS,ID,ANM,WE,Federal Contract Tower,9,12,4,0,25,0,5,32,0,37,9,17,36,0,62,28,0,28,90
05/07/2008,LWS,ID,ANM,WE,Federal Contract Tower,9,14,7,0,30,0,15,40,0,55,9,29,47,0,85,22,0,22,107
05/08/2008,LWS,ID,ANM,WE,Federal Contract Tower,9,12,7,0,28,0,11,42,0,53,9,23,49,0,81,32,0,32,113
05/09/2008,LWS,ID,ANM,WE,Federal Contract Tower,9,13,7,0,29,0,10,47,0,57,9,23,54,0,86,32,0,32,118
05/10/2008,LWS,ID,ANM,WE,Federal Contract Tower,6,4,4,0,14,0,1,36,0,37,6,5,40,0,51,14,0,14,65
05/11/2008,LWS,ID,ANM,WE,Federal Contract Tower,7,4,4,0,15,0,0,19,0,19,7,4,23,0,34,20,0,20,54
05/12/2008,LWS,ID,ANM,WE,Federal Contract Tower,9,14,5,0,28,0,2,31,0,33,9,16,36,0,61,20,0,20,81
05/13/2008,LWS,ID,ANM,WE,Federal Contract Tower,8,14,2,0,24,1,2,49,0,52,9,16,51,0,76,50,0,50,126
05/14/2008,LWS,ID,ANM,WE,Federal Contract Tower,9,17,5,0,31,0,1,18,0,19,9,18,23,0,50,4,0,4,54
05/15/2008,LWS,ID,ANM,WE,Federal Contract Tower,8,13,11,0,32,7,15,86,3,111,15,28,97,3,143,70,0,70,213
05/16/2008,LWS,ID,ANM,WE,Federal Contract Tower,8,19,8,0,35,0,2,45,0,47,8,21,53,0,82,34,0,34,116
05/17/2008,LWS,ID,ANM,WE,Federal Contract Tower,6,4,0,0,10,0,1,39,0,40,6,5,39,0,50,46,0,46,96
05/18/2008,LWS,ID,ANM,WE,Federal Contract Tower,4,4,3,0,11,0,0,43,2,45,4,4,46,2,56,16,0,16,72
05/19/2008,LWS,ID,ANM,WE,Federal Contract Tower,9,12,2,0,23,0,5,48,1,54,9,17,50,1,77,100,0,100,177
05/20/2008,LWS,ID,ANM,WE,Federal Contract Tower,9,14,9,0,32,0,5,26,0,31,9,19,35,0,63,106,0,106,169
05/21/2008,LWS,ID,ANM,WE,Federal Contract Tower,9,15,9,0,33,0,5,32,2,39,9,20,41,2,72,54,0,54,126
05/22/2008,LWS,ID,ANM,WE,Federal Contract Tower,9,18,4,0,31,0,1,33,0,34,9,19,37,0,65,62,0,62,127
05/23/2008,LWS,ID,ANM,WE,Federal Contract Tower,8,16,3,0,27,0,3,25,3,31,8,19,28,3,58,32,2,34,92
05/24/2008,LWS,ID,ANM,WE,Federal Contract Tower,6,5,1,0,12,0,0,26,0,26,6,5,27,0,38,74,0,74,112
05/25/2008,LWS,ID,ANM,WE,Federal Contract Tower,6,2,0,1,9,0,6,11,0,17,6,8,11,1,26,20,2,22,48
05/26/2008,LWS,ID,ANM,WE,Federal Contract Tower,8,4,5,0,17,0,0,44,0,44,8,4,49,0,61,64,0,64,125
05/27/2008,LWS,ID,ANM,WE,Federal Contract Tower,9,16,3,0,28,0,8,46,1,55,9,24,49,1,83,90,0,90,173
05/28/2008,LWS,ID,ANM,WE,Federal Contract Tower,8,12,5,0,25,0,12,36,0,48,8,24,41,0,73,14,0,14,87
05/29/2008,LWS,ID,ANM,WE,Federal Contract Tower,9,16,12,0,37,0,2,12,0,14,9,18,24,0,51,22,0,22,73
05/30/2008,LWS,ID,ANM,WE,Federal Contract Tower,9,17,5,0,31,0,6,24,0,30,9,23,29,0,61,50,0,50,111
05/31/2008,LWS,ID,ANM,WE,Federal Contract Tower,5,5,4,0,14,0,0,29,0,29,5,5,33,0,43,18,0,18,61
06/01/2008,LWS,ID,ANM,WE,Federal Contract Tower,7,6,5,0,18,0,1,12,0,13,7,7,17,0,31,0,0,0,31
06/02/2008,LWS,ID,ANM,WE,Federal Contract Tower,11,14,3,0,28,0,7,38,0,45,11,21,41,0,73,52,0,52,125
06/03/2008,LWS,ID,ANM,WE,Federal Contract Tower,7,14,10,0,31,0,3,11,0,14,7,17,21,0,45,38,0,38,83
06/04/2008,LWS,ID,ANM,WE,Federal Contract Tower,9,16,60,2,87,0,0,0,0,0,9,16,60,2,87,36,0,36,123
06/05/2008,LWS,ID,ANM,WE,Federal Contract Tower,9,14,8,2,33,0,5,42,0,47,9,19,50,2,80,56,0,56,136
06/06/2008,LWS,ID,ANM,WE,Federal Contract Tower,9,15,9,0,33,0,7,0,0,7,9,22,9,0,40,18,0,18,58
06/07/2008,LWS,ID,ANM,WE,Federal Contract Tower,6,6,1,0,13,0,1,13,0,14,6,7,14,0,27,26,0,26,53
06/08/2008,LWS,ID,ANM,WE,Federal Contract Tower,7,4,1,0,12,0,0,58,0,58,7,4,59,0,70,92,0,92,162
06/09/2008,LWS,ID,ANM,WE,Federal Contract Tower,9,17,64,0,90,0,0,0,0,0,9,17,64,0,90,56,0,56,146
06/10/2008,LWS,ID,ANM,WE,Federal Contract Tower,13,14,6,0,33,0,2,14,0,16,13,16,20,0,49,4,0,4,53
06/11/2008,LWS,ID,ANM,WE,Federal Contract Tower,9,16,5,0,30,0,5,20,0,25,9,21,25,0,55,26,0,26,81
06/12/2008,LWS,ID,ANM,WE,Federal Contract Tower,9,14,4,0,27,0,20,46,2,68,9,34,50,2,95,36,0,36,131
06/13/2008,LWS,ID,ANM,WE,Federal Contract Tower,9,13,1,0,23,0,5,66,0,71,9,18,67,0,94,34,0,34,128
06/14/2008,LWS,ID,ANM,WE,Federal Contract Tower,7,6,0,0,13,0,1,64,0,65,7,7,64,0,78,34,0,34,112
06/15/2008,LWS,ID,ANM,WE,Federal Contract Tower,7,4,1,0,12,0,0,67,0,67,7,4,68,0,79,38,0,38,117
06/16/2008,LWS,ID,ANM,WE,Federal Contract Tower,7,17,1,0,25,0,2,62,0,64,7,19,63,0,89,54,0,54,143
06/17/2008,LWS,ID,ANM,WE,Federal Contract Tower,8,15,10,0,33,1,6,51,0,58,9,21,61,0,91,28,0,28,119
06/18/2008,LWS,ID,ANM,WE,Federal Contract Tower,8,12,1,0,21,0,15,41,0,56,8,27,42,0,77,4,0,4,81
06/19/2008,LWS,ID,ANM,WE,Federal Contract Tower,9,13,0,0,22,0,7,31,2,40,9,20,31,2,62,6,0,6,68
06/20/2008,LWS,ID,ANM,WE,Federal Contract Tower,9,16,0,2,27,0,4,64,2,70,9,20,64,4,97,4,0,4,101
06/21/2008,LWS,ID,ANM,WE,Federal Contract Tower,5,8,3,0,16,0,1,29,0,30,5,9,32,0,46,16,2,18,64
06/22/2008,LWS,ID,ANM,WE,Federal Contract Tower,7,4,3,0,14,0,0,24,2,26,7,4,27,2,40,6,0,6,46
06/23/2008,LWS,ID,ANM,WE,Federal Contract Tower,9,11,6,0,26,0,6,41,0,47,9,17,47,0,73,58,0,58,131
06/24/2008,LWS,ID,ANM,WE,Federal Contract Tower,9,11,9,0,29,0,9,51,0,60,9,20,60,0,89,56,0,56,145
06/25/2008,LWS,ID,ANM,WE,Federal Contract Tower,9,13,2,0,24,0,9,42,0,51,9,22,44,0,75,34,0,34,109
06/26/2008,LWS,ID,ANM,WE,Federal Contract Tower,7,19,4,2,32,0,6,82,0,88,7,25,86,2,120,26,4,30,150
06/27/2008,LWS,ID,ANM,WE,Federal Contract Tower,9,14,4,0,27,0,7,49,0,56,9,21,53,0,83,22,0,22,105
06/28/2008,LWS,ID,ANM,WE,Federal Contract Tower,7,7,2,0,16,0,0,58,0,58,7,7,60,0,74,48,0,48,122
06/29/2008,LWS,ID,ANM,WE,Federal Contract Tower,7,6,4,0,17,0,0,24,0,24,7,6,28,0,41,16,0,16,57
06/30/2008,LWS,ID,ANM,WE,Federal Contract Tower,7,15,3,0,25,0,2,35,2,39,7,17,38,2,64,20,0,20,84
07/01/2008,LWS,ID,ANM,WE,Federal Contract Tower,9,12,2,0,23,0,3,28,0,31,9,15,30,0,54,10,0,10,64
07/02/2008,LWS,ID,ANM,WE,Federal Contract Tower,9,13,5,0,27,0,3,62,0,65,9,16,67,0,92,24,0,24,116
07/03/2008,LWS,ID,ANM,WE,Federal Contract Tower,9,13,5,0,27,0,9,32,0,41,9,22,37,0,68,28,0,28,96
07/04/2008,LWS,ID,ANM,WE,Federal Contract Tower,4,4,0,0,8,0,6,22,0,28,4,10,22,0,36,18,0,18,54
07/05/2008,LWS,ID,ANM,WE,Federal Contract Tower,6,7,2,0,15,0,0,74,0,74,6,7,76,0,89,40,0,40,129
07/06/2008,LWS,ID,ANM,WE,Federal Contract Tower,7,4,5,0,16,0,0,59,0,59,7,4,64,0,75,12,0,12,87
07/07/2008,LWS,ID,ANM,WE,Federal Contract Tower,9,12,4,0,25,0,3,58,0,61,9,15,62,0,86,36,0,36,122
07/08/2008,LWS,ID,ANM,WE,Federal Contract Tower,9,10,3,0,22,0,10,53,0,63,9,20,56,0,85,28,14,42,127
07/09/2008,LWS,ID,ANM,WE,Federal Contract Tower,9,13,2,0,24,0,5,44,0,49,9,18,46,0,73,28,0,28,101
07/10/2008,LWS,ID,ANM,WE,Federal Contract Tower,9,13,6,0,28,0,7,47,0,54,9,20,53,0,82,12,0,12,94
07/11/2008,LWS,ID,ANM,WE,Federal Contract Tower,9,15,2,0,26,0,5,46,0,51,9,20,48,0,77,0,0,0,77
07/12/2008,LWS,ID,ANM,WE,Federal Contract Tower,7,7,5,1,20,0,3,71,2,76,7,10,76,3,96,6,0,6,102
07/13/2008,LWS,ID,ANM,WE,Federal Contract Tower,7,5,2,0,14,0,0,58,0,58,7,5,60,0,72,20,0,20,92
07/14/2008,LWS,ID,ANM,WE,Federal Contract Tower,9,13,4,0,26,0,2,64,0,66,9,15,68,0,92,0,0,0,92
07/15/2008,LWS,ID,ANM,WE,Federal Contract Tower,9,11,4,0,24,0,6,39,0,45,9,17,43,0,69,10,0,10,79
07/16/2008,LWS,ID,ANM,WE,Federal Contract Tower,9,16,5,0,30,0,6,69,0,75,9,22,74,0,105,32,0,32,137
07/17/2008,LWS,ID,ANM,WE,Federal Contract Tower,9,14,9,0,32,0,2,32,2,36,9,16,41,2,68,10,10,20,88
07/18/2008,LWS,ID,ANM,WE,Federal Contract Tower,9,13,2,0,24,0,3,27,0,30,9,16,29,0,54,12,0,12,66
07/19/2008,LWS,ID,ANM,WE,Federal Contract Tower,7,6,3,0,16,0,1,23,0,24,7,7,26,0,40,46,0,46,86
07/20/2008,LWS,ID,ANM,WE,Federal Contract Tower,7,4,0,0,11,0,4,35,0,39,7,8,35,0,50,34,0,34,84
07/21/2008,LWS,ID,ANM,WE,Federal Contract Tower,8,11,3,0,22,0,5,52,0,57,8,16,55,0,79,36,0,36,115
07/22/2008,LWS,ID,ANM,WE,Federal Contract Tower,9,11,7,0,27,0,4,23,0,27,9,15,30,0,54,26,0,26,80
07/23/2008,LWS,ID,ANM,WE,Federal Contract Tower,9,14,6,0,29,0,12,60,0,72,9,26,66,0,101,84,0,84,185
07/24/2008,LWS,ID,ANM,WE,Federal Contract Tower,9,12,2,0,23,0,8,79,2,89,9,20,81,2,112,46,6,52,164
07/25/2008,LWS,ID,ANM,WE,Federal Contract Tower,8,12,2,0,22,0,7,45,0,52,8,19,47,0,74,8,0,8,82
07/26/2008,LWS,ID,ANM,WE,Federal Contract Tower,7,6,3,0,16,0,5,35,0,40,7,11,38,0,56,30,0,30,86
07/27/2008,LWS,ID,ANM,WE,Federal Contract Tower,7,4,0,0,11,0,0,56,0,56,7,4,56,0,67,2,0,2,69
07/28/2008,LWS,ID,ANM,WE,Federal Contract Tower,9,12,7,0,28,0,8,43,0,51,9,20,50,0,79,8,0,8,87
07/29/2008,LWS,ID,ANM,WE,Federal Contract Tower,9,11,2,0,22,0,8,70,0,78,9,19,72,0,100,12,0,12,112
07/30/2008,LWS,ID,ANM,WE,Federal Contract Tower,9,13,9,0,31,0,2,69,9,80,9,15,78,9,111,32,0,32,143
07/31/2008,LWS,ID,ANM,WE,Federal Contract Tower,8,11,9,0,28,0,19,92,11,122,8,30,101,11,150,40,0,40,190
08/01/2008,LWS,ID,ANM,WE,Federal Contract Tower,8,11,6,0,25,0,6,43,7,56,8,17,49,7,81,38,0,38,119
08/02/2008,LWS,ID,ANM,WE,Federal Contract Tower,7,8,2,0,17,0,1,40,0,41,7,9,42,0,58,62,2,64,122
08/03/2008,LWS,ID,ANM,WE,Federal Contract Tower,6,4,4,0,14,0,0,36,0,36,6,4,40,0,50,0,0,0,50
08/04/2008,LWS,ID,ANM,WE,Federal Contract Tower,9,11,12,0,32,0,7,38,0,45,9,18,50,0,77,8,0,8,85
08/05/2008,LWS,ID,ANM,WE,Federal Contract Tower,9,8,9,0,26,0,9,45,0,54,9,17,54,0,80,2,0,2,82
08/06/2008,LWS,ID,ANM,WE,Federal Contract Tower,9,11,7,0,27,0,13,35,2,50,9,24,42,2,77,6,0,6,83
08/07/2008,LWS,ID,ANM,WE,Federal Contract Tower,9,12,3,0,24,0,17,85,0,102,9,29,88,0,126,24,0,24,150
08/08/2008,LWS,ID,ANM,WE,Federal Contract Tower,8,11,6,0,25,0,13,55,0,68,8,24,61,0,93,26,0,26,119
08/09/2008,LWS,ID,ANM,WE,Federal Contract Tower,7,8,1,0,16,0,5,40,0,45,7,13,41,0,61,2,0,2,63
08/10/2008,LWS,ID,ANM,WE,Federal Contract Tower,7,4,1,0,12,0,0,35,0,35,7,4,36,0,47,6,0,6,53
08/11/2008,LWS,ID,ANM,WE,Federal Contract Tower,9,11,1,0,21,0,2,36,0,38,9,13,37,0,59,24,0,24,83
08/12/2008,LWS,ID,ANM,WE,Federal Contract Tower,9,10,3,0,22,0,4,43,0,47,9,14,46,0,69,12,0,12,81
08/13/2008,LWS,ID,ANM,WE,Federal Contract Tower,9,12,4,0,25,0,9,70,0,79,9,21,74,0,104,22,0,22,126
08/14/2008,LWS,ID,ANM,WE,Federal Contract Tower,9,11,6,0,26,0,10,75,0,85,9,21,81,0,111,40,0,40,151
08/15/2008,LWS,ID,ANM,WE,Federal Contract Tower,8,10,3,0,21,0,19,35,0,54,8,29,38,0,75,42,0,42,117
08/16/2008,LWS,ID,ANM,WE,Federal Contract Tower,7,5,2,0,14,0,2,38,0,40,7,7,40,0,54,6,0,6,60
08/17/2008,LWS,ID,ANM,WE,Federal Contract Tower,7,4,3,0,14,0,2,23,2,27,7,6,26,2,41,10,0,10,51
08/18/2008,LWS,ID,ANM,WE,Federal Contract Tower,9,10,7,0,26,0,3,51,0,54,9,13,58,0,80,10,0,10,90
08/19/2008,LWS,ID,ANM,WE,Federal Contract Tower,9,21,4,0,34,0,11,33,0,44,9,32,37,0,78,6,0,6,84
08/20/2008,LWS,ID,ANM,WE,Federal Contract Tower,7,10,11,0,28,0,2,23,0,25,7,12,34,0,53,0,0,0,53
08/21/2008,LWS,ID,ANM,WE,Federal Contract Tower,8,12,7,0,27,0,10,29,0,39,8,22,36,0,66,16,0,16,82
08/22/2008,LWS,ID,ANM,WE,Federal Contract Tower,9,14,4,0,27,0,13,97,0,110,9,27,101,0,137,8,0,8,145
08/23/2008,LWS,ID,ANM,WE,Federal Contract Tower,7,7,0,0,14,0,3,90,2,95,7,10,90,2,109,28,4,32,141
08/24/2008,LWS,ID,ANM,WE,Federal Contract Tower,6,5,2,0,13,0,0,41,0,41,6,5,43,0,54,4,0,4,58
08/25/2008,LWS,ID,ANM,WE,Federal Contract Tower,7,12,1,0,20,0,4,36,0,40,7,16,37,0,60,10,0,10,70
08/26/2008,LWS,ID,ANM,WE,Federal Contract Tower,7,13,3,0,23,0,5,69,2,76,7,18,72,2,99,48,26,74,173
08/27/2008,LWS,ID,ANM,WE,Federal Contract Tower,7,12,8,0,27,0,6,30,0,36,7,18,38,0,63,20,0,20,83
08/28/2008,LWS,ID,ANM,WE,Federal Contract Tower,7,13,7,0,27,0,5,46,0,51,7,18,53,0,78,18,0,18,96
08/29/2008,LWS,ID,ANM,WE,Federal Contract Tower,7,13,2,0,22,0,2,45,0,47,7,15,47,0,69,12,0,12,81
08/30/2008,LWS,ID,ANM,WE,Federal Contract Tower,6,6,6,0,18,0,1,38,0,39,6,7,44,0,57,8,0,8,65
08/31/2008,LWS,ID,ANM,WE,Federal Contract Tower,5,2,1,0,8,0,0,21,0,21,5,2,22,0,29,0,0,0,29
09/01/2008,LWS,ID,ANM,WE,Federal Contract Tower,7,4,4,0,15,0,0,50,0,50,7,4,54,0,65,22,0,22,87
09/02/2008,LWS,ID,ANM,WE,Federal Contract Tower,6,13,5,0,24,1,4,25,0,30,7,17,30,0,54,0,0,0,54
09/03/2008,LWS,ID,ANM,WE,Federal Contract Tower,7,13,3,0,23,0,8,53,0,61,7,21,56,0,84,8,0,8,92
09/04/2008,LWS,ID,ANM,WE,Federal Contract Tower,6,15,6,0,27,0,6,55,0,61,6,21,61,0,88,26,0,26,114
09/05/2008,LWS,ID,ANM,WE,Federal Contract Tower,8,14,2,0,24,0,2,31,0,33,8,16,33,0,57,0,0,0,57
09/06/2008,LWS,ID,ANM,WE,Federal Contract Tower,6,5,4,0,15,0,1,41,0,42,6,6,45,0,57,10,0,10,67
09/07/2008,LWS,ID,ANM,WE,Federal Contract Tower,7,4,0,0,11,0,0,45,0,45,7,4,45,0,56,54,0,54,110
09/08/2008,LWS,ID,ANM,WE,Federal Contract Tower,8,14,6,0,28,0,2,70,0,72,8,16,76,0,100,22,0,22,122
09/09/2008,LWS,ID,ANM,WE,Federal Contract Tower,7,14,5,0,26,0,2,54,0,56,7,16,59,0,82,36,0,36,118
09/10/2008,LWS,ID,ANM,WE,Federal Contract Tower,6,13,6,2,27,0,5,51,0,56,6,18,57,2,83,51,0,51,134
09/11/2008,LWS,ID,ANM,WE,Federal Contract Tower,7,13,7,0,27,0,11,80,2,93,7,24,87,2,120,10,0,10,130
09/12/2008,LWS,ID,ANM,WE,Federal Contract Tower,8,14,6,0,28,0,3,43,0,46,8,17,49,0,74,0,0,0,74
09/13/2008,LWS,ID,ANM,WE,Federal Contract Tower,7,4,1,0,12,0,2,125,0,127,7,6,126,0,139,126,0,126,265
09/14/2008,LWS,ID,ANM,WE,Federal Contract Tower,7,4,2,0,13,0,0,66,0,66,7,4,68,0,79,8,0,8,87
09/15/2008,LWS,ID,ANM,WE,Federal Contract Tower,7,14,5,0,26,0,4,65,0,69,7,18,70,0,95,0,0,0,95
09/16/2008,LWS,ID,ANM,WE,Federal Contract Tower,7,12,4,0,23,0,8,31,0,39,7,20,35,0,62,22,0,22,84
09/17/2008,LWS,ID,ANM,WE,Federal Contract Tower,7,16,7,0,30,0,2,45,0,47,7,18,52,0,77,2,0,2,79
09/18/2008,LWS,ID,ANM,WE,Federal Contract Tower,7,13,5,0,25,0,2,38,0,40,7,15,43,0,65,12,0,12,77
09/19/2008,LWS,ID,ANM,WE,Federal Contract Tower,7,14,2,0,23,0,8,51,0,59,7,22,53,0,82,0,0,0,82
09/20/2008,LWS,ID,ANM,WE,Federal Contract Tower,6,7,3,0,16,0,0,14,0,14,6,7,17,0,30,6,0,6,36
09/21/2008,LWS,ID,ANM,WE,Federal Contract Tower,7,5,0,0,12,0,0,10,0,10,7,5,10,0,22,0,0,0,22
09/22/2008,LWS,ID,ANM,WE,Federal Contract Tower,7,12,4,0,23,0,3,39,0,42,7,15,43,0,65,6,0,6,71
09/23/2008,LWS,ID,ANM,WE,Federal Contract Tower,7,12,5,0,24,0,4,47,0,51,7,16,52,0,75,12,0,12,87
09/24/2008,LWS,ID,ANM,WE,Federal Contract Tower,5,13,10,0,28,0,6,62,0,68,5,19,72,0,96,8,0,8,104
09/25/2008,LWS,ID,ANM,WE,Federal Contract Tower,7,13,7,0,27,0,1,52,0,53,7,14,59,0,80,16,0,16,96
09/26/2008,LWS,ID,ANM,WE,Federal Contract Tower,8,13,2,0,23,0,3,57,0,60,8,16,59,0,83,10,0,10,93
09/27/2008,LWS,ID,ANM,WE,Federal Contract Tower,7,7,1,0,15,0,7,64,0,71,7,14,65,0,86,44,0,44,130
09/28/2008,LWS,ID,ANM,WE,Federal Contract Tower,7,4,1,0,12,0,0,68,0,68,7,4,69,0,80,88,0,88,168
09/29/2008,LWS,ID,ANM,WE,Federal Contract Tower,7,12,5,3,27,0,8,66,7,81,7,20,71,10,108,8,8,16,124
09/30/2008,LWS,ID,ANM,WE,Federal Contract Tower,7,13,4,0,24,0,6,57,0,63,7,19,61,0,87,26,0,26,113
10/01/2008,LWS,ID,ANM,WE,Federal Contract Tower,5,15,8,2,30,1,2,51,0,54,6,17,59,2,84,12,22,34,118
10/02/2008,LWS,ID,ANM,WE,Federal Contract Tower,7,13,11,0,31,0,3,22,0,25,7,16,33,0,56,6,0,6,62
10/03/2008,LWS,ID,ANM,WE,Federal Contract Tower,7,15,10,0,32,0,2,39,0,41,7,17,49,0,73,16,0,16,89
10/04/2008,LWS,ID,ANM,WE,Federal Contract Tower,6,6,3,0,15,0,0,21,0,21,6,6,24,0,36,18,0,18,54
10/05/2008,LWS,ID,ANM,WE,Federal Contract Tower,6,6,2,0,14,0,0,21,0,21,6,6,23,0,35,18,0,18,53
10/06/2008,LWS,ID,ANM,WE,Federal Contract Tower,7,11,6,0,24,0,10,47,0,57,7,21,53,0,81,20,0,20,101
10/07/2008,LWS,ID,ANM,WE,Federal Contract Tower,7,14,3,0,24,0,2,6,0,8,7,16,9,0,32,0,0,0,32
10/08/2008,LWS,ID,ANM,WE,Federal Contract Tower,7,13,4,0,24,0,3,47,2,52,7,16,51,2,76,24,0,24,100
10/09/2008,LWS,ID,ANM,WE,Federal Contract Tower,9,17,7,0,33,0,4,20,0,24,9,21,27,0,57,8,0,8,65
10/10/2008,LWS,ID,ANM,WE,Federal Contract Tower,7,14,0,0,21,0,2,28,0,30,7,16,28,0,51,40,0,40,91
10/11/2008,LWS,ID,ANM,WE,Federal Contract Tower,6,6,0,0,12,0,2,31,0,33,6,8,31,0,45,28,0,28,73
10/12/2008,LWS,ID,ANM,WE,Federal Contract Tower,8,8,0,0,16,0,0,35,0,35,8,8,35,0,51,6,0,6,57
10/13/2008,LWS,ID,ANM,WE,Federal Contract Tower,7,6,6,0,19,0,1,37,0,38,7,7,43,0,57,28,0,28,85
10/14/2008,LWS,ID,ANM,WE,Federal Contract Tower,7,13,3,0,23,0,2,33,0,35,7,15,36,0,58,22,0,22,80
10/15/2008,LWS,ID,ANM,WE,Federal Contract Tower,6,13,4,2,25,0,4,65,2,71,6,17,69,4,96,18,6,24,120
10/16/2008,LWS,ID,ANM,WE,Federal Contract Tower,9,13,7,0,29,0,2,55,0,57,9,15,62,0,86,22,0,22,108
10/17/2008,LWS,ID,ANM,WE,Federal Contract Tower,8,14,7,0,29,0,2,27,6,35,8,16,34,6,64,16,0,16,80
10/18/2008,LWS,ID,ANM,WE,Federal Contract Tower,8,6,3,0,17,0,0,23,4,27,8,6,26,4,44,14,0,14,58
10/19/2008,LWS,ID,ANM,WE,Federal Contract Tower,7,4,5,0,16,0,0,44,6,50,7,4,49,6,66,12,0,12,78
10/20/2008,LWS,ID,ANM,WE,Federal Contract Tower,7,12,2,0,21,0,4,27,0,31,7,16,29,0,52,6,0,6,58
10/21/2008,LWS,ID,ANM,WE,Federal Contract Tower,7,14,3,0,24,0,3,36,0,39,7,17,39,0,63,0,0,0,63
10/22/2008,LWS,ID,ANM,WE,Federal Contract Tower,7,14,5,0,26,0,3,57,2,62,7,17,62,2,88,34,2,36,124
10/23/2008,LWS,ID,ANM,WE,Federal Contract Tower,7,13,10,0,30,0,13,55,0,68,7,26,65,0,98,20,0,20,118
10/24/2008,LWS,ID,ANM,WE,Federal Contract Tower,6,16,5,0,27,0,3,36,0,39,6,19,41,0,66,56,0,56,122
10/25/2008,LWS,ID,ANM,WE,Federal Contract Tower,6,8,1,0,15,0,1,26,2,29,6,9,27,2,44,32,0,32,76
10/26/2008,LWS,ID,ANM,WE,Federal Contract Tower,7,5,3,0,15,0,1,57,0,58,7,6,60,0,73,32,0,32,105
10/27/2008,LWS,ID,ANM,WE,Federal Contract Tower,7,12,4,0,23,0,3,58,0,61,7,15,62,0,84,36,0,36,120
10/28/2008,LWS,ID,ANM,WE,Federal Contract Tower,6,13,0,0,19,0,3,27,0,30,6,16,27,0,49,2,0,2,51
10/29/2008,LWS,ID,ANM,WE,Federal Contract Tower,7,13,7,0,27,0,8,45,0,53,7,21,52,0,80,14,0,14,94
10/30/2008,LWS,ID,ANM,WE,Federal Contract Tower,7,13,4,0,24,0,3,51,0,54,7,16,55,0,78,48,0,48,126
10/31/2008,LWS,ID,ANM,WE,Federal Contract Tower,7,16,2,4,29,0,5,22,0,27,7,21,24,4,56,64,0,64,120
11/01/2008,LWS,ID,ANM,WE,Federal Contract Tower,6,9,5,0,20,0,0,40,0,40,6,9,45,0,60,10,0,10,70
11/02/2008,LWS,ID,ANM,WE,Federal Contract Tower,7,6,1,0,14,0,0,34,0,34,7,6,35,0,48,32,0,32,80
11/03/2008,LWS,ID,ANM,WE,Federal Contract Tower,7,13,5,0,25,0,5,40,0,45,7,18,45,0,70,4,0,4,74
11/04/2008,LWS,ID,ANM,WE,Federal Contract Tower,6,18,2,0,26,1,2,8,0,11,7,20,10,0,37,0,0,0,37
11/05/2008,LWS,ID,ANM,WE,Federal Contract Tower,7,14,10,0,31,0,1,51,0,52,7,15,61,0,83,28,0,28,111
11/06/2008,LWS,ID,ANM,WE,Federal Contract Tower,7,14,6,0,27,0,1,15,0,16,7,15,21,0,43,14,0,14,57
11/07/2008,LWS,ID,ANM,WE,Federal Contract Tower,8,16,6,0,30,1,3,9,0,13,9,19,15,0,43,4,0,4,47
11/08/2008,LWS,ID,ANM,WE,Federal Contract Tower,8,5,1,2,16,0,1,6,0,7,8,6,7,2,23,20,8,28,51
11/09/2008,LWS,ID,ANM,WE,Federal Contract Tower,7,6,3,0,16,0,0,0,0,0,7,6,3,0,16,0,0,0,16
11/10/2008,LWS,ID,ANM,WE,Federal Contract Tower,6,14,1,0,21,0,2,10,0,12,6,16,11,0,33,0,0,0,33
11/11/2008,LWS,ID,ANM,WE,Federal Contract Tower,7,12,3,2,24,0,4,2,0,6,7,16,5,2,30,0,0,0,30
11/12/2008,LWS,ID,ANM,WE,Federal Contract Tower,7,14,3,0,24,0,2,1,0,3,7,16,4,0,27,0,0,0,27
11/13/2008,LWS,ID,ANM,WE,Federal Contract Tower,7,13,5,0,25,0,4,23,0,27,7,17,28,0,52,6,0,6,58
11/14/2008,LWS,ID,ANM,WE,Federal Contract Tower,7,14,11,0,32,0,5,39,0,44,7,19,50,0,76,4,0,4,80
11/15/2008,LWS,ID,ANM,WE,Federal Contract Tower,5,5,2,0,12,0,1,37,0,38,5,6,39,0,50,44,0,44,94
11/16/2008,LWS,ID,ANM,WE,Federal Contract Tower,7,4,1,0,12,0,0,31,0,31,7,4,32,0,43,68,0,68,111
11/17/2008,LWS,ID,ANM,WE,Federal Contract Tower,7,11,1,0,19,0,3,40,0,43,7,14,41,0,62,110,0,110,172
11/18/2008,LWS,ID,ANM,WE,Federal Contract Tower,6,13,3,0,22,0,2,60,0,62,6,15,63,0,84,50,0,50,134
11/19/2008,LWS,ID,ANM,WE,Federal Contract Tower,7,14,4,2,27,0,1,56,0,57,7,15,60,2,84,28,0,28,112
11/20/2008,LWS,ID,ANM,WE,Federal Contract Tower,7,15,5,2,29,0,0,31,0,31,7,15,36,2,60,0,0,0,60
11/21/2008,LWS,ID,ANM,WE,Federal Contract Tower,7,14,6,0,27,0,4,55,0,59,7,18,61,0,86,60,0,60,146
11/22/2008,LWS,ID,ANM,WE,Federal Contract Tower,6,6,5,0,17,0,1,12,0,13,6,7,17,0,30,84,0,84,114
11/23/2008,LWS,ID,ANM,WE,Federal Contract Tower,7,4,1,0,12,0,0,15,0,15,7,4,16,0,27,24,0,24,51
11/24/2008,LWS,ID,ANM,WE,Federal Contract Tower,7,12,7,0,26,0,2,45,0,47,7,14,52,0,73,20,0,20,93
11/25/2008,LWS,ID,ANM,WE,Federal Contract Tower,7,12,6,0,25,0,2,37,0,39,7,14,43,0,64,14,0,14,78
11/26/2008,LWS,ID,ANM,WE,Federal Contract Tower,7,22,7,0,36,0,1,15,0,16,7,23,22,0,52,8,0,8,60
11/27/2008,LWS,ID,ANM,WE,Federal Contract Tower,5,4,2,0,11,0,0,5,0,5,5,4,7,0,16,0,0,0,16
11/28/2008,LWS,ID,ANM,WE,Federal Contract Tower,3,14,5,0,22,0,8,9,0,17,3,22,14,0,39,34,0,34,73
11/29/2008,LWS,ID,ANM,WE,Federal Contract Tower,7,9,8,0,24,0,0,0,0,0,7,9,8,0,24,0,0,0,24
11/30/2008,LWS,ID,ANM,WE,Federal Contract Tower,7,4,51,0,62,0,0,0,0,0,7,4,51,0,62,0,0,0,62
12/01/2008,LWS,ID,ANM,WE,Federal Contract Tower,11,13,1,0,25,0,5,45,2,52,11,18,46,2,77,50,0,50,127
12/02/2008,LWS,ID,ANM,WE,Federal Contract Tower,7,14,5,0,26,0,5,34,0,39,7,19,39,0,65,168,0,168,233
12/03/2008,LWS,ID,ANM,WE,Federal Contract Tower,7,14,4,0,25,0,6,64,0,70,7,20,68,0,95,192,0,192,287
12/04/2008,LWS,ID,ANM,WE,Federal Contract Tower,9,13,5,0,27,0,9,46,0,55,9,22,51,0,82,112,0,112,194
12/05/2008,LWS,ID,ANM,WE,Federal Contract Tower,7,12,4,0,23,0,4,19,0,23,7,16,23,0,46,94,0,94,140
12/06/2008,LWS,ID,ANM,WE,Federal Contract Tower,6,6,2,4,18,0,2,23,0,25,6,8,25,4,43,26,22,48,91
12/07/2008,LWS,ID,ANM,WE,Federal Contract Tower,8,6,4,0,18,0,0,4,0,4,8,6,8,0,22,0,0,0,22
12/08/2008,LWS,ID,ANM,WE,Federal Contract Tower,7,16,6,0,29,0,4,18,0,22,7,20,24,0,51,0,0,0,51
12/09/2008,LWS,ID,ANM,WE,Federal Contract Tower,7,17,1,0,25,0,2,27,0,29,7,19,28,0,54,0,0,0,54
12/10/2008,LWS,ID,ANM,WE,Federal Contract Tower,7,15,5,0,27,0,12,39,0,51,7,27,44,0,78,2,0,2,80
12/11/2008,LWS,ID,ANM,WE,Federal Contract Tower,7,13,10,0,30,0,12,38,0,50,7,25,48,0,80,0,0,0,80
12/12/2008,LWS,ID,ANM,WE,Federal Contract Tower,7,15,3,0,25,0,1,7,1,9,7,16,10,1,34,22,0,22,56
12/13/2008,LWS,ID,ANM,WE,Federal Contract Tower,6,12,0,0,18,0,0,2,0,2,6,12,2,0,20,0,0,0,20
12/14/2008,LWS,ID,ANM,WE,Federal Contract Tower,7,8,0,0,15,0,0,2,0,2,7,8,2,0,17,0,0,0,17
12/15/2008,LWS,ID,ANM,WE,Federal Contract Tower,7,15,8,0,30,0,12,4,3,19,7,27,12,3,49,0,0,0,49
12/16/2008,LWS,ID,ANM,WE,Federal Contract Tower,7,15,0,0,22,0,4,6,0,10,7,19,6,0,32,0,0,0,32
12/17/2008,LWS,ID,ANM,WE,Federal Contract Tower,6,17,6,0,29,0,2,7,0,9,6,19,13,0,38,0,0,0,38
12/18/2008,LWS,ID,ANM,WE,Federal Contract Tower,7,8,3,0,18,0,0,2,0,2,7,8,5,0,20,0,0,0,20
12/19/2008,LWS,ID,ANM,WE,Federal Contract Tower,7,17,4,0,28,0,0,0,0,0,7,17,4,0,28,0,0,0,28
12/20/2008,LWS,ID,ANM,WE,Federal Contract Tower,4,8,6,0,18,0,1,12,0,13,4,9,18,0,31,2,0,2,33
12/21/2008,LWS,ID,ANM,WE,Federal Contract Tower,2,4,0,0,6,0,0,0,0,0,2,4,0,0,6,0,0,0,6
12/22/2008,LWS,ID,ANM,WE,Federal Contract Tower,4,18,10,0,32,0,0,2,0,2,4,18,12,0,34,8,0,8,42
12/23/2008,LWS,ID,ANM,WE,Federal Contract Tower,3,15,2,0,20,0,0,0,0,0,3,15,2,0,20,0,0,0,20
12/24/2008,LWS,ID,ANM,WE,Federal Contract Tower,6,15,0,0,21,0,11,7,0,18,6,26,7,0,39,6,0,6,45
12/25/2008,LWS,ID,ANM,WE,Federal Contract Tower,6,4,0,0,10,0,0,2,0,2,6,4,2,0,12,0,0,0,12
12/26/2008,LWS,ID,ANM,WE,Federal Contract Tower,7,16,4,0,27,0,0,6,0,6,7,16,10,0,33,4,0,4,37
12/27/2008,LWS,ID,ANM,WE,Federal Contract Tower,3,7,0,0,10,0,0,0,0,0,3,7,0,0,10,0,0,0,10
12/28/2008,LWS,ID,ANM,WE,Federal Contract Tower,7,5,0,0,12,0,0,0,0,0,7,5,0,0,12,0,0,0,12
12/29/2008,LWS,ID,ANM,WE,Federal Contract Tower,7,11,0,0,18,0,2,0,0,2,7,13,0,0,20,0,0,0,20
12/30/2008,LWS,ID,ANM,WE,Federal Contract Tower,7,15,3,0,25,0,3,35,0,38,7,18,38,0,63,34,0,34,97
12/31/2008,LWS,ID,ANM,WE,Federal Contract Tower,3,13,1,0,17,0,1,2,0,3,3,14,3,0,20,0,0,0,20
01/01/2009,LWS,ID,ANM,WE,Federal Contract Tower,5,4,0,0,9,0,0,0,0,0,5,4,0,0,9,0,0,0,9
01/02/2009,LWS,ID,ANM,WE,Federal Contract Tower,6,18,0,0,24,0,1,0,0,1,6,19,0,0,25,0,0,0,25
01/03/2009,LWS,ID,ANM,WE,Federal Contract Tower,7,7,2,0,16,0,1,10,0,11,7,8,12,0,27,20,0,20,47
01/04/2009,LWS,ID,ANM,WE,Federal Contract Tower,8,7,2,0,17,0,0,15,0,15,8,7,17,0,32,16,0,16,48
01/05/2009,LWS,ID,ANM,WE,Federal Contract Tower,7,14,6,0,27,0,0,0,0,0,7,14,6,0,27,0,0,0,27
01/06/2009,LWS,ID,ANM,WE,Federal Contract Tower,7,13,0,0,20,0,0,6,0,6,7,13,6,0,26,0,0,0,26
01/07/2009,LWS,ID,ANM,WE,Federal Contract Tower,7,15,5,0,27,0,3,28,0,31,7,18,33,0,58,16,0,16,74
01/08/2009,LWS,ID,ANM,WE,Federal Contract Tower,6,15,5,0,26,0,5,4,0,9,6,20,9,0,35,2,0,2,37
01/09/2009,LWS,ID,ANM,WE,Federal Contract Tower,8,14,7,0,29,0,10,31,0,41,8,24,38,0,70,0,0,0,70
01/10/2009,LWS,ID,ANM,WE,Federal Contract Tower,6,4,8,0,18,0,0,13,0,13,6,4,21,0,31,22,0,22,53
01/11/2009,LWS,ID,ANM,WE,Federal Contract Tower,7,3,8,0,18,0,0,3,0,3,7,3,11,0,21,0,0,0,21
01/12/2009,LWS,ID,ANM,WE,Federal Contract Tower,7,13,2,0,22,0,1,4,0,5,7,14,6,0,27,12,0,12,39
01/13/2009,LWS,ID,ANM,WE,Federal Contract Tower,5,12,6,0,23,0,0,0,0,0,5,12,6,0,23,0,0,0,23
01/14/2009,LWS,ID,ANM,WE,Federal Contract Tower,6,11,14,0,31,0,0,0,0,0,6,11,14,0,31,0,0,0,31
01/15/2009,LWS,ID,ANM,WE,Federal Contract Tower,7,15,5,0,27,0,1,7,0,8,7,16,12,0,35,10,0,10,45
01/16/2009,LWS,ID,ANM,WE,Federal Contract Tower,6,18,4,0,28,0,0,0,0,0,6,18,4,0,28,0,0,0,28
01/17/2009,LWS,ID,ANM,WE,Federal Contract Tower,9,6,1,0,16,0,0,4,0,4,9,6,5,0,20,14,0,14,34
01/18/2009,LWS,ID,ANM,WE,Federal Contract Tower,6,2,2,0,10,0,0,4,0,4,6,2,6,0,14,0,0,0,14
01/19/2009,LWS,ID,ANM,WE,Federal Contract Tower,7,12,5,0,24,0,0,6,0,6,7,12,11,0,30,8,0,8,38
01/20/2009,LWS,ID,ANM,WE,Federal Contract Tower,7,15,0,0,22,0,0,1,0,1,7,15,1,0,23,0,0,0,23
01/21/2009,LWS,ID,ANM,WE,Federal Contract Tower,8,16,12,0,36,0,0,1,0,1,8,16,13,0,37,0,0,0,37
01/22/2009,LWS,ID,ANM,WE,Federal Contract Tower,8,21,10,0,39,0,0,5,0,5,8,21,15,0,44,8,0,8,52
01/23/2009,LWS,ID,ANM,WE,Federal Contract Tower,7,14,0,0,21,0,0,2,0,2,7,14,2,0,23,0,0,0,23
01/24/2009,LWS,ID,ANM,WE,Federal Contract Tower,6,4,3,0,13,0,0,0,0,0,6,4,3,0,13,0,0,0,13
01/25/2009,LWS,ID,ANM,WE,Federal Contract Tower,7,6,2,0,15,0,0,2,0,2,7,6,4,0,17,0,0,0,17
01/26/2009,LWS,ID,ANM,WE,Federal Contract Tower,7,11,4,0,22,0,3,45,0,48,7,14,49,0,70,2,0,2,72
01/27/2009,LWS,ID,ANM,WE,Federal Contract Tower,7,15,4,0,26,0,3,4,0,7,7,18,8,0,33,2,0,2,35
01/28/2009,LWS,ID,ANM,WE,Federal Contract Tower,7,13,4,0,24,0,7,39,0,46,7,20,43,0,70,0,0,0,70
01/29/2009,LWS,ID,ANM,WE,Federal Contract Tower,7,14,14,0,35,0,1,58,0,59,7,15,72,0,94,14,0,14,108
01/30/2009,LWS,ID,ANM,WE,Federal Contract Tower,5,14,4,0,23,0,4,19,2,25,5,18,23,2,48,14,0,14,62
01/31/2009,LWS,ID,ANM,WE,Federal Contract Tower,5,3,0,0,8,0,1,14,0,15,5,4,14,0,23,2,0,2,25
02/01/2009,LWS,ID,ANM,WE,Federal Contract Tower,7,4,1,0,12,0,2,8,0,10,7,6,9,0,22,2,0,2,24
02/02/2009,LWS,ID,ANM,WE,Federal Contract Tower,8,12,2,0,22,0,6,28,0,34,8,18,30,0,56,8,0,8,64
02/03/2009,LWS,ID,ANM,WE,Federal Contract Tower,7,11,2,0,20,0,8,41,0,49,7,19,43,0,69,54,0,54,123
02/04/2009,LWS,ID,ANM,WE,Federal Contract Tower,7,12,5,0,24,0,8,20,0,28,7,20,25,0,52,14,0,14,66
02/05/2009,LWS,ID,ANM,WE,Federal Contract Tower,7,13,4,0,24,0,2,24,2,28,7,15,28,2,52,6,4,10,62
02/06/2009,LWS,ID,ANM,WE,Federal Contract Tower,7,21,1,0,29,0,1,27,0,28,7,22,28,0,57,34,0,34,91
02/07/2009,LWS,ID,ANM,WE,Federal Contract Tower,5,6,5,0,16,0,0,87,0,87,5,6,92,0,103,88,0,88,191
02/08/2009,LWS,ID,ANM,WE,Federal Contract Tower,6,4,0,0,10,0,0,42,0,42,6,4,42,0,52,12,0,12,64
02/09/2009,LWS,ID,ANM,WE,Federal Contract Tower,7,16,1,0,24,0,0,10,0,10,7,16,11,0,34,4,0,4,38
02/10/2009,LWS,ID,ANM,WE,Federal Contract Tower,7,14,2,0,23,0,4,51,0,55,7,18,53,0,78,36,0,36,114
02/11/2009,LWS,ID,ANM,WE,Federal Contract Tower,8,12,3,0,23,0,2,11,0,13,8,14,14,0,36,2,0,2,38
02/12/2009,LWS,ID,ANM,WE,Federal Contract Tower,7,14,4,3,28,0,6,21,0,27,7,20,25,3,55,42,4,46,101
02/13/2009,LWS,ID,ANM,WE,Federal Contract Tower,7,14,6,0,27,0,2,40,0,42,7,16,46,0,69,50,0,50,119
02/14/2009,LWS,ID,ANM,WE,Federal Contract Tower,6,3,0,0,9,0,1,22,0,23,6,4,22,0,32,26,0,26,58
02/15/2009,LWS,ID,ANM,WE,Federal Contract Tower,7,4,1,0,12,0,0,16,0,16,7,4,17,0,28,26,0,26,54
02/16/2009,LWS,ID,ANM,WE,Federal Contract Tower,6,6,9,0,21,0,1,29,0,30,6,7,38,0,51,4,0,4,55
02/17/2009,LWS,ID,ANM,WE,Federal Contract Tower,7,17,12,2,38,0,9,12,0,21,7,26,24,2,59,12,2,14,73
02/18/2009,LWS,ID,ANM,WE,Federal Contract Tower,7,14,9,0,30,0,3,18,0,21,7,17,27,0,51,2,0,2,53
02/19/2009,LWS,ID,ANM,WE,Federal Contract Tower,7,16,5,0,28,0,4,37,0,41,7,20,42,0,69,30,0,30,99
02/20/2009,LWS,ID,ANM,WE,Federal Contract Tower,7,20,10,0,37,0,0,2,0,2,7,20,12,0,39,0,0,0,39
02/21/2009,LWS,ID,ANM,WE,Federal Contract Tower,6,5,0,0,11,0,0,48,3,51,6,5,48,3,62,38,0,38,100
02/22/2009,LWS,ID,ANM,WE,Federal Contract Tower,7,4,1,2,14,0,0,14,1,15,7,4,15,3,29,14,2,16,45
02/23/2009,LWS,ID,ANM,WE,Federal Contract Tower,6,14,1,0,21,0,3,38,0,41,6,17,39,0,62,12,0,12,74
02/24/2009,LWS,ID,ANM,WE,Federal Contract Tower,8,12,6,0,26,0,2,3,0,5,8,14,9,0,31,0,0,0,31
02/25/2009,LWS,ID,ANM,WE,Federal Contract Tower,7,14,6,0,27,0,3,33,0,36,7,17,39,0,63,0,0,0,63
02/26/2009,LWS,ID,ANM,WE,Federal Contract Tower,6,17,9,0,32,0,8,2,0,10,6,25,11,0,42,4,0,4,46
02/27/2009,LWS,ID,ANM,WE,Federal Contract Tower,7,12,4,0,23,0,6,92,0,98,7,18,96,0,121,24,0,24,145
02/28/2009,LWS,ID,ANM,WE,Federal Contract Tower,6,3,3,0,12,0,1,26,0,27,6,4,29,0,39,34,0,34,73
03/01/2009,LWS,ID,ANM,WE,Federal Contract Tower,7,4,4,0,15,0,0,11,0,11,7,4,15,0,26,22,0,22,48
03/02/2009,LWS,ID,ANM,WE,Federal Contract Tower,7,12,5,0,24,0,1,89,0,90,7,13,94,0,114,72,0,72,186
03/03/2009,LWS,ID,ANM,WE,Federal Contract Tower,7,10,2,0,19,0,3,53,0,56,7,13,55,0,75,6,0,6,81
03/04/2009,LWS,ID,ANM,WE,Federal Contract Tower,5,13,10,1,29,0,13,62,1,76,5,26,72,2,105,28,8,36,141
03/05/2009,LWS,ID,ANM,WE,Federal Contract Tower,7,16,1,0,24,0,2,6,0,8,7,18,7,0,32,42,0,42,74
03/06/2009,LWS,ID,ANM,WE,Federal Contract Tower,7,12,8,0,27,0,4,25,0,29,7,16,33,0,56,0,0,0,56
03/07/2009,LWS,ID,ANM,WE,Federal Contract Tower,6,4,3,1,14,0,0,24,1,25,6,4,27,2,39,4,8,12,51
03/08/2009,LWS,ID,ANM,WE,Federal Contract Tower,7,6,1,0,14,0,0,14,0,14,7,6,15,0,28,4,0,4,32
03/09/2009,LWS,ID,ANM,WE,Federal Contract Tower,7,13,4,0,24,0,1,27,0,28,7,14,31,0,52,0,0,0,52
03/10/2009,LWS,ID,ANM,WE,Federal Contract Tower,7,11,6,0,24,0,3,8,0,11,7,14,14,0,35,8,0,8,43
03/11/2009,LWS,ID,ANM,WE,Federal Contract Tower,7,12,6,0,25,0,7,86,0,93,7,19,92,0,118,20,0,20,138
03/12/2009,LWS,ID,ANM,WE,Federal Contract Tower,7,14,8,0,29,0,2,44,2,48,7,16,52,2,77,16,0,16,93
03/13/2009,LWS,ID,ANM,WE,Federal Contract Tower,7,12,3,0,22,0,4,19,0,23,7,16,22,0,45,20,0,20,65
03/14/2009,LWS,ID,ANM,WE,Federal Contract Tower,5,3,0,0,8,0,0,23,0,23,5,3,23,0,31,14,0,14,45
03/15/2009,LWS,ID,ANM,WE,Federal Contract Tower,7,5,1,0,13,0,1,4,0,5,7,6,5,0,18,16,0,16,34
03/16/2009,LWS,ID,ANM,WE,Federal Contract Tower,7,12,2,0,21,0,2,6,0,8,7,14,8,0,29,4,0,4,33
03/17/2009,LWS,ID,ANM,WE,Federal Contract Tower,7,13,1,0,21,0,5,22,0,27,7,18,23,0,48,38,0,38,86
03/18/2009,LWS,ID,ANM,WE,Federal Contract Tower,7,15,12,0,34,0,4,31,0,35,7,19,43,0,69,28,0,28,97
03/19/2009,LWS,ID,ANM,WE,Federal Contract Tower,6,12,6,0,24,0,5,32,0,37,6,17,38,0,61,20,0,20,81
03/20/2009,LWS,ID,ANM,WE,Federal Contract Tower,7,13,12,0,32,0,3,21,0,24,7,16,33,0,56,0,0,0,56
03/21/2009,LWS,ID,ANM,WE,Federal Contract Tower,6,6,1,0,13,0,3,41,0,44,6,9,42,0,57,32,0,32,89
03/22/2009,LWS,ID,ANM,WE,Federal Contract Tower,6,8,8,0,22,0,1,7,0,8,6,9,15,0,30,0,0,0,30
03/23/2009,LWS,ID,ANM,WE,Federal Contract Tower,7,12,2,0,21,0,2,37,0,39,7,14,39,0,60,8,0,8,68
03/24/2009,LWS,ID,ANM,WE,Federal Contract Tower,7,13,2,0,22,0,1,10,0,11,7,14,12,0,33,22,0,22,55
03/25/2009,LWS,ID,ANM,WE,Federal Contract Tower,7,15,4,0,26,0,1,0,0,1,7,16,4,0,27,0,0,0,27
03/26/2009,LWS,ID,ANM,WE,Federal Contract Tower,7,14,3,0,24,0,3,43,1,47,7,17,46,1,71,68,0,68,139
03/27/2009,LWS,ID,ANM,WE,Federal Contract Tower,7,11,3,1,22,0,4,24,7,35,7,15,27,8,57,12,2,14,71
03/28/2009,LWS,ID,ANM,WE,Federal Contract Tower,6,5,6,0,17,0,1,3,2,6,6,6,9,2,23,0,0,0,23
03/29/2009,LWS,ID,ANM,WE,Federal Contract Tower,7,3,3,0,13,0,0,0,0,0,7,3,3,0,13,0,0,0,13
03/30/2009,LWS,ID,ANM,WE,Federal Contract Tower,7,14,7,0,28,0,4,43,0,47,7,18,50,0,75,14,0,14,89
03/31/2009,LWS,ID,ANM,WE,Federal Contract Tower,7,19,3,0,29,0,2,6,0,8,7,21,9,0,37,2,0,2,39
04/01/2009,LWS,ID,ANM,WE,Federal Contract Tower,7,14,5,0,26,0,5,14,0,19,7,19,19,0,45,2,0,2,47
04/02/2009,LWS,ID,ANM,WE,Federal Contract Tower,7,14,4,0,25,0,2,11,0,13,7,16,15,0,38,0,0,0,38
04/03/2009,LWS,ID,ANM,WE,Federal Contract Tower,7,17,4,0,28,0,3,7,0,10,7,20,11,0,38,8,0,8,46
04/04/2009,LWS,ID,ANM,WE,Federal Contract Tower,6,3,4,2,15,0,1,63,2,66,6,4,67,4,81,22,10,32,113
04/05/2009,LWS,ID,ANM,WE,Federal Contract Tower,7,4,1,0,12,0,0,52,0,52,7,4,53,0,64,22,0,22,86
04/06/2009,LWS,ID,ANM,WE,Federal Contract Tower,7,12,3,0,22,0,4,43,0,47,7,16,46,0,69,40,0,40,109
04/07/2009,LWS,ID,ANM,WE,Federal Contract Tower,7,12,4,0,23,0,10,83,0,93,7,22,87,0,116,48,0,48,164
04/08/2009,LWS,ID,ANM,WE,Federal Contract Tower,7,13,4,0,24,0,4,52,0,56,7,17,56,0,80,46,0,46,126
04/09/2009,LWS,ID,ANM,WE,Federal Contract Tower,7,13,8,0,28,0,5,38,0,43,7,18,46,0,71,6,0,6,77
04/10/2009,LWS,ID,ANM,WE,Federal Contract Tower,7,13,6,0,26,0,3,29,0,32,7,16,35,0,58,96,0,96,154
04/11/2009,LWS,ID,ANM,WE,Federal Contract Tower,6,3,6,0,15,0,1,8,0,9,6,4,14,0,24,6,0,6,30
04/12/2009,LWS,ID,ANM,WE,Federal Contract Tower,7,6,4,0,17,0,0,18,0,18,7,6,22,0,35,10,0,10,45
04/13/2009,LWS,ID,ANM,WE,Federal Contract Tower,7,14,3,0,24,0,4,18,0,22,7,18,21,0,46,0,0,0,46
04/14/2009,LWS,ID,ANM,WE,Federal Contract Tower,7,14,8,0,29,0,4,25,0,29,7,18,33,0,58,36,0,36,94
04/15/2009,LWS,ID,ANM,WE,Federal Contract Tower,7,13,12,0,32,0,8,36,0,44,7,21,48,0,76,24,0,24,100
04/16/2009,LWS,ID,ANM,WE,Federal Contract Tower,9,14,8,0,31,0,2,64,0,66,9,16,72,0,97,60,0,60,157
04/17/2009,LWS,ID,ANM,WE,Federal Contract Tower,7,15,4,0,26,0,7,25,0,32,7,22,29,0,58,16,0,16,74
04/18/2009,LWS,ID,ANM,WE,Federal Contract Tower,6,4,3,0,13,0,0,66,1,67,6,4,69,1,80,20,0,20,100
04/19/2009,LWS,ID,ANM,WE,Federal Contract Tower,9,4,1,0,14,0,0,46,0,46,9,4,47,0,60,12,0,12,72
04/20/2009,LWS,ID,ANM,WE,Federal Contract Tower,7,12,6,0,25,0,6,61,0,67,7,18,67,0,92,34,0,34,126
04/21/2009,LWS,ID,ANM,WE,Federal Contract Tower,7,13,5,0,25,0,6,55,0,61,7,19,60,0,86,36,0,36,122
04/22/2009,LWS,ID,ANM,WE,Federal Contract Tower,7,13,4,0,24,0,5,55,0,60,7,18,59,0,84,12,0,12,96
04/23/2009,LWS,ID,ANM,WE,Federal Contract Tower,7,15,8,0,30,0,5,26,2,33,7,20,34,2,63,12,0,12,75
04/24/2009,LWS,ID,ANM,WE,Federal Contract Tower,7,12,7,0,26,0,3,39,0,42,7,15,46,0,68,22,0,22,90
04/25/2009,LWS,ID,ANM,WE,Federal Contract Tower,6,4,2,0,12,2,0,23,0,25,8,4,25,0,37,8,0,8,45
04/26/2009,LWS,ID,ANM,WE,Federal Contract Tower,7,6,5,0,18,0,0,51,0,51,7,6,56,0,69,36,0,36,105
04/27/2009,LWS,ID,ANM,WE,Federal Contract Tower,7,14,3,0,24,0,2,70,0,72,7,16,73,0,96,30,0,30,126
04/28/2009,LWS,ID,ANM,WE,Federal Contract Tower,7,16,0,0,23,0,1,2,0,3,7,17,2,0,26,0,0,0,26
04/29/2009,LWS,ID,ANM,WE,Federal Contract Tower,7,15,9,0,31,0,5,30,0,35,7,20,39,0,66,32,0,32,98
04/30/2009,LWS,ID,ANM,WE,Federal Contract Tower,6,14,9,0,29,1,2,35,0,38,7,16,44,0,67,26,0,26,93
05/01/2009,LWS,ID,ANM,WE,Federal Contract Tower,7,14,3,0,24,0,3,46,0,49,7,17,49,0,73,28,0,28,101
05/02/2009,LWS,ID,ANM,WE,Federal Contract Tower,5,3,1,0,9,0,1,35,0,36,5,4,36,0,45,14,0,14,59
05/03/2009,LWS,ID,ANM,WE,Federal Contract Tower,7,4,3,1,15,0,0,23,0,23,7,4,26,1,38,2,0,2,40
05/04/2009,LWS,ID,ANM,WE,Federal Contract Tower,7,12,10,0,29,0,2,44,0,46,7,14,54,0,75,58,0,58,133
05/05/2009,LWS,ID,ANM,WE,Federal Contract Tower,7,14,7,0,28,0,2,4,0,6,7,16,11,0,34,0,0,0,34
05/06/2009,LWS,ID,ANM,WE,Federal Contract Tower,7,14,6,3,30,0,4,27,1,32,7,18,33,4,62,8,0,8,70
05/07/2009,LWS,ID,ANM,WE,Federal Contract Tower,7,14,4,0,25,0,4,15,0,19,7,18,19,0,44,0,0,0,44
05/08/2009,LWS,ID,ANM,WE,Federal Contract Tower,7,16,5,0,28,0,8,19,0,27,7,24,24,0,55,0,0,0,55
05/09/2009,LWS,ID,ANM,WE,Federal Contract Tower,6,3,3,0,12,0,1,60,0,61,6,4,63,0,73,28,0,28,101
05/10/2009,LWS,ID,ANM,WE,Federal Contract Tower,7,4,4,0,15,0,0,37,0,37,7,4,41,0,52,26,0,26,78
05/11/2009,LWS,ID,ANM,WE,Federal Contract Tower,7,12,5,0,24,0,5,54,2,61,7,17,59,2,85,76,2,78,163
05/12/2009,LWS,ID,ANM,WE,Federal Contract Tower,7,12,3,0,22,0,2,3,0,5,7,14,6,0,27,0,0,0,27
05/13/2009,LWS,ID,ANM,WE,Federal Contract Tower,6,16,8,0,30,0,7,61,0,68,6,23,69,0,98,32,0,32,130
05/14/2009,LWS,ID,ANM,WE,Federal Contract Tower,9,13,5,0,27,0,4,17,0,21,9,17,22,0,48,10,0,10,58
05/15/2009,LWS,ID,ANM,WE,Federal Contract Tower,6,13,6,0,25,0,3,71,0,74,6,16,77,0,99,62,0,62,161
05/16/2009,LWS,ID,ANM,WE,Federal Contract Tower,6,3,4,0,13,0,2,79,0,81,6,5,83,0,94,82,0,82,176
05/17/2009,LWS,ID,ANM,WE,Federal Contract Tower,8,4,6,0,18,0,0,48,0,48,8,4,54,0,66,58,0,58,124
05/18/2009,LWS,ID,ANM,WE,Federal Contract Tower,6,12,0,0,18,0,1,46,0,47,6,13,46,0,65,48,0,48,113
05/19/2009,LWS,ID,ANM,WE,Federal Contract Tower,7,12,2,0,21,0,6,13,0,19,7,18,15,0,40,0,0,0,40
05/20/2009,LWS,ID,ANM,WE,Federal Contract Tower,7,19,6,0,32,0,5,63,0,68,7,24,69,0,100,108,0,108,208
05/21/2009,LWS,ID,ANM,WE,Federal Contract Tower,7,12,4,2,25,0,5,71,0,76,7,17,75,2,101,56,0,56,157
05/22/2009,LWS,ID,ANM,WE,Federal Contract Tower,7,14,6,0,27,0,6,86,0,92,7,20,92,0,119,62,0,62,181
05/23/2009,LWS,ID,ANM,WE,Federal Contract Tower,5,3,2,0,10,0,1,46,0,47,5,4,48,0,57,20,0,20,77
05/24/2009,LWS,ID,ANM,WE,Federal Contract Tower,7,2,2,0,11,0,0,38,0,38,7,2,40,0,49,18,0,18,67
05/25/2009,LWS,ID,ANM,WE,Federal Contract Tower,7,4,5,0,16,0,4,38,0,42,7,8,43,0,58,54,0,54,112
05/26/2009,LWS,ID,ANM,WE,Federal Contract Tower,7,14,2,0,23,0,4,48,0,52,7,18,50,0,75,88,0,88,163
05/27/2009,LWS,ID,ANM,WE,Federal Contract Tower,8,13,2,0,23,0,3,66,2,71,8,16,68,2,94,66,2,68,162
05/28/2009,LWS,ID,ANM,WE,Federal Contract Tower,6,12,7,0,25,0,12,64,0,76,6,24,71,0,101,96,0,96,197
05/29/2009,LWS,ID,ANM,WE,Federal Contract Tower,7,14,2,3,26,0,4,73,1,78,7,18,75,4,104,26,2,28,132
05/30/2009,LWS,ID,ANM,WE,Federal Contract Tower,6,4,2,0,12,0,0,38,2,40,6,4,40,2,52,0,2,2,54
05/31/2009,LWS,ID,ANM,WE,Federal Contract Tower,7,4,1,0,12,0,0,26,0,26,7,4,27,0,38,2,0,2,40
06/01/2009,LWS,ID,ANM,WE,Federal Contract Tower,7,11,5,2,25,0,4,49,0,53,7,15,54,2,78,54,24,78,156
06/02/2009,LWS,ID,ANM,WE,Federal Contract Tower,7,12,3,0,22,0,10,47,0,57,7,22,50,0,79,30,0,30,109
06/03/2009,LWS,ID,ANM,WE,Federal Contract Tower,7,13,6,0,26,0,4,50,0,54,7,17,56,0,80,50,0,50,130
06/04/2009,LWS,ID,ANM,WE,Federal Contract Tower,7,12,5,0,24,0,5,41,2,48,7,17,46,2,72,58,0,58,130
06/05/2009,LWS,ID,ANM,WE,Federal Contract Tower,7,11,2,0,20,0,5,28,0,33,7,16,30,0,53,26,0,26,79
06/06/2009,LWS,ID,ANM,WE,Federal Contract Tower,6,3,2,0,11,0,1,22,0,23,6,4,24,0,34,6,0,6,40
06/07/2009,LWS,ID,ANM,WE,Federal Contract Tower,7,3,2,0,12,0,0,37,0,37,7,3,39,0,49,56,0,56,105
06/08/2009,LWS,ID,ANM,WE,Federal Contract Tower,7,11,5,0,23,0,3,24,0,27,7,14,29,0,50,20,0,20,70
06/09/2009,LWS,ID,ANM,WE,Federal Contract Tower,7,11,0,0,18,0,5,64,2,71,7,16,64,2,89,66,2,68,157
06/10/2009,LWS,ID,ANM,WE,Federal Contract Tower,7,11,5,2,25,0,26,75,0,101,7,37,80,2,126,38,54,92,218
06/11/2009,LWS,ID,ANM,WE,Federal Contract Tower,7,15,4,0,26,0,10,32,0,42,7,25,36,0,68,36,0,36,104
06/12/2009,LWS,ID,ANM,WE,Federal Contract Tower,7,12,4,0,23,0,2,63,0,65,7,14,67,0,88,44,0,44,132
06/13/2009,LWS,ID,ANM,WE,Federal Contract Tower,8,2,0,0,10,0,2,32,0,34,8,4,32,0,44,28,0,28,72
06/14/2009,LWS,ID,ANM,WE,Federal Contract Tower,6,5,4,0,15,0,0,29,0,29,6,5,33,0,44,56,0,56,100
06/15/2009,LWS,ID,ANM,WE,Federal Contract Tower,7,12,4,0,23,0,4,40,0,44,7,16,44,0,67,28,0,28,95
06/16/2009,LWS,ID,ANM,WE,Federal Contract Tower,7,11,7,0,25,0,2,61,0,63,7,13,68,0,88,62,0,62,150
06/17/2009,LWS,ID,ANM,WE,Federal Contract Tower,9,13,8,0,30,0,6,82,2,90,9,19,90,2,120,64,8,72,192
06/18/2009,LWS,ID,ANM,WE,Federal Contract Tower,7,13,4,0,24,0,2,43,0,45,7,15,47,0,69,32,0,32,101
06/19/2009,LWS,ID,ANM,WE,Federal Contract Tower,7,18,2,0,27,0,1,17,0,18,7,19,19,0,45,30,0,30,75
06/20/2009,LWS,ID,ANM,WE,Federal Contract Tower,6,3,3,0,12,0,0,33,0,33,6,3,36,0,45,42,0,42,87
06/21/2009,LWS,ID,ANM,WE,Federal Contract Tower,7,5,2,0,14,0,0,30,0,30,7,5,32,0,44,0,0,0,44
06/22/2009,LWS,ID,ANM,WE,Federal Contract Tower,7,11,10,0,28,0,3,72,0,75,7,14,82,0,103,32,0,32,135
06/23/2009,LWS,ID,ANM,WE,Federal Contract Tower,7,11,3,0,21,0,4,48,0,52,7,15,51,0,73,46,0,46,119
06/24/2009,LWS,ID,ANM,WE,Federal Contract Tower,7,14,10,4,35,0,5,63,0,68,7,19,73,4,103,30,56,86,189
06/25/2009,LWS,ID,ANM,WE,Federal Contract Tower,6,12,2,0,20,0,3,50,0,53,6,15,52,0,73,8,0,8,81
06/26/2009,LWS,ID,ANM,WE,Federal Contract Tower,7,13,0,0,20,0,14,48,0,62,7,27,48,0,82,36,0,36,118
06/27/2009,LWS,ID,ANM,WE,Federal Contract Tower,7,2,1,0,10,0,4,46,0,50,7,6,47,0,60,12,0,12,72
06/28/2009,LWS,ID,ANM,WE,Federal Contract Tower,7,3,2,0,12,0,0,42,0,42,7,3,44,0,54,14,0,14,68
06/29/2009,LWS,ID,ANM,WE,Federal Contract Tower,7,11,2,0,20,0,4,19,0,23,7,15,21,0,43,2,0,2,45
06/30/2009,LWS,ID,ANM,WE,Federal Contract Tower,7,13,6,0,26,0,3,57,0,60,7,16,63,0,86,34,0,34,120
07/01/2009,LWS,ID,ANM,WE,Federal Contract Tower,7,13,5,0,25,0,6,44,0,50,7,19,49,0,75,12,0,12,87
07/02/2009,LWS,ID,ANM,WE,Federal Contract Tower,7,15,0,0,22,0,1,42,0,43,7,16,42,0,65,2,0,2,67
07/03/2009,LWS,ID,ANM,WE,Federal Contract Tower,7,11,3,0,21,0,2,47,0,49,7,13,50,0,70,26,0,26,96
07/04/2009,LWS,ID,ANM,WE,Federal Contract Tower,6,1,2,0,9,0,4,106,0,110,6,5,108,0,119,6,0,6,125
07/05/2009,LWS,ID,ANM,WE,Federal Contract Tower,7,3,1,0,11,0,0,37,0,37,7,3,38,0,48,8,0,8,56
07/06/2009,LWS,ID,ANM,WE,Federal Contract Tower,7,13,5,0,25,0,0,34,0,34,7,13,39,0,59,0,0,0,59
07/07/2009,LWS,ID,ANM,WE,Federal Contract Tower,7,11,3,2,23,0,6,50,0,56,7,17,53,2,79,36,44,80,159
07/08/2009,LWS,ID,ANM,WE,Federal Contract Tower,7,13,2,0,22,0,8,48,0,56,7,21,50,0,78,22,0,22,100
07/09/2009,LWS,ID,ANM,WE,Federal Contract Tower,7,14,7,2,30,0,7,62,1,70,7,21,69,3,100,74,6,80,180
07/10/2009,LWS,ID,ANM,WE,Federal Contract Tower,7,13,3,0,23,0,4,35,0,39,7,17,38,0,62,30,0,30,92
07/11/2009,LWS,ID,ANM,WE,Federal Contract Tower,6,4,3,0,13,0,2,22,0,24,6,6,25,0,37,22,0,22,59
07/12/2009,LWS,ID,ANM,WE,Federal Contract Tower,7,3,4,0,14,0,0,15,0,15,7,3,19,0,29,0,0,0,29
07/13/2009,LWS,ID,ANM,WE,Federal Contract Tower,7,11,1,0,19,0,2,11,0,13,7,13,12,0,32,12,0,12,44
07/14/2009,LWS,ID,ANM,WE,Federal Contract Tower,7,9,4,0,20,0,4,44,0,48,7,13,48,0,68,24,0,24,92
07/15/2009,LWS,ID,ANM,WE,Federal Contract Tower,9,12,4,0,25,0,3,48,0,51,9,15,52,0,76,16,0,16,92
07/16/2009,LWS,ID,ANM,WE,Federal Contract Tower,7,14,5,0,26,0,8,55,0,63,7,22,60,0,89,16,0,16,105
07/17/2009,LWS,ID,ANM,WE,Federal Contract Tower,7,11,0,0,18,0,4,44,0,48,7,15,44,0,66,20,0,20,86
07/18/2009,LWS,ID,ANM,WE,Federal Contract Tower,8,3,0,0,11,0,1,50,0,51,8,4,50,0,62,18,0,18,80
07/19/2009,LWS,ID,ANM,WE,Federal Contract Tower,7,5,2,2,16,0,0,43,0,43,7,5,45,2,59,20,16,36,95
07/20/2009,LWS,ID,ANM,WE,Federal Contract Tower,7,10,4,0,21,0,2,63,0,65,7,12,67,0,86,28,0,28,114
07/21/2009,LWS,ID,ANM,WE,Federal Contract Tower,7,11,2,2,22,0,2,44,6,52,7,13,46,8,74,52,0,52,126
07/22/2009,LWS,ID,ANM,WE,Federal Contract Tower,7,9,8,0,24,0,7,48,0,55,7,16,56,0,79,28,0,28,107
07/23/2009,LWS,ID,ANM,WE,Federal Contract Tower,7,11,10,2,30,0,8,51,10,69,7,19,61,12,99,18,0,18,117
07/24/2009,LWS,ID,ANM,WE,Federal Contract Tower,7,6,8,0,21,0,10,48,2,60,7,16,56,2,81,24,0,24,105
07/25/2009,LWS,ID,ANM,WE,Federal Contract Tower,6,3,1,0,10,0,0,56,0,56,6,3,57,0,66,0,0,0,66
07/26/2009,LWS,ID,ANM,WE,Federal Contract Tower,9,5,4,0,18,0,0,42,0,42,9,5,46,0,60,14,0,14,74
07/27/2009,LWS,ID,ANM,WE,Federal Contract Tower,7,12,3,2,24,0,7,48,2,57,7,19,51,4,81,28,28,56,137
07/28/2009,LWS,ID,ANM,WE,Federal Contract Tower,7,11,6,2,26,0,5,36,0,41,7,16,42,2,67,22,22,44,111
07/29/2009,LWS,ID,ANM,WE,Federal Contract Tower,9,14,6,0,29,0,6,44,0,50,9,20,50,0,79,22,0,22,101
07/30/2009,LWS,ID,ANM,WE,Federal Contract Tower,6,12,10,0,28,0,4,48,1,53,6,16,58,1,81,2,0,2,83
07/31/2009,LWS,ID,ANM,WE,Federal Contract Tower,7,11,3,1,22,0,3,33,2,38,7,14,36,3,60,6,0,6,66
08/01/2009,LWS,ID,ANM,WE,Federal Contract Tower,6,2,5,0,13,0,1,44,0,45,6,3,49,0,58,24,0,24,82
08/02/2009,LWS,ID,ANM,WE,Federal Contract Tower,7,3,3,0,13,0,2,48,3,53,7,5,51,3,66,24,0,24,90
08/03/2009,LWS,ID,ANM,WE,Federal Contract Tower,7,10,8,0,25,0,3,42,0,45,7,13,50,0,70,2,0,2,72
08/04/2009,LWS,ID,ANM,WE,Federal Contract Tower,7,9,1,2,19,0,6,45,0,51,7,15,46,2,70,2,8,10,80
08/05/2009,LWS,ID,ANM,WE,Federal Contract Tower,7,12,7,0,26,0,8,46,0,54,7,20,53,0,80,26,0,26,106
08/06/2009,LWS,ID,ANM,WE,Federal Contract Tower,7,12,1,2,22,0,5,37,0,42,7,17,38,2,64,6,20,26,90
08/07/2009,LWS,ID,ANM,WE,Federal Contract Tower,7,13,7,0,27,0,2,11,0,13,7,15,18,0,40,0,0,0,40
08/08/2009,LWS,ID,ANM,WE,Federal Contract Tower,6,4,6,0,16,0,2,35,0,37,6,6,41,0,53,18,0,18,71
08/09/2009,LWS,ID,ANM,WE,Federal Contract Tower,7,3,0,0,10,0,0,30,0,30,7,3,30,0,40,34,0,34,74
08/10/2009,LWS,ID,ANM,WE,Federal Contract Tower,6,10,2,4,22,0,4,37,0,41,6,14,39,4,63,36,38,74,137
08/11/2009,LWS,ID,ANM,WE,Federal Contract Tower,7,10,7,0,24,0,3,44,0,47,7,13,51,0,71,36,0,36,107
08/12/2009,LWS,ID,ANM,WE,Federal Contract Tower,7,13,10,1,31,0,3,29,1,33,7,16,39,2,64,24,0,24,88
08/13/2009,LWS,ID,ANM,WE,Federal Contract Tower,6,13,4,0,23,0,6,22,2,30,6,19,26,2,53,2,0,2,55
08/14/2009,LWS,ID,ANM,WE,Federal Contract Tower,7,13,10,0,30,0,3,22,0,25,7,16,32,0,55,12,0,12,67
08/15/2009,LWS,ID,ANM,WE,Federal Contract Tower,6,3,3,0,12,0,0,23,0,23,6,3,26,0,35,28,0,28,63
08/16/2009,LWS,ID,ANM,WE,Federal Contract Tower,6,3,1,0,10,0,2,27,0,29,6,5,28,0,39,16,0,16,55
08/17/2009,LWS,ID,ANM,WE,Federal Contract Tower,6,10,4,0,20,0,2,37,0,39,6,12,41,0,59,6,0,6,65
08/18/2009,LWS,ID,ANM,WE,Federal Contract Tower,7,9,0,2,18,0,5,43,0,48,7,14,43,2,66,30,8,38,104
08/19/2009,LWS,ID,ANM,WE,Federal Contract Tower,7,9,4,2,22,0,14,34,0,48,7,23,38,2,70,10,14,24,94
08/20/2009,LWS,ID,ANM,WE,Federal Contract Tower,9,14,2,0,25,0,9,43,0,52,9,23,45,0,77,0,0,0,77
08/21/2009,LWS,ID,ANM,WE,Federal Contract Tower,7,10,0,0,17,0,13,43,3,59,7,23,43,3,76,0,2,2,78
08/22/2009,LWS,ID,ANM,WE,Federal Contract Tower,8,3,1,0,12,0,1,42,0,43,8,4,43,0,55,10,0,10,65
08/23/2009,LWS,ID,ANM,WE,Federal Contract Tower,7,8,3,0,18,0,0,40,0,40,7,8,43,0,58,24,0,24,82
08/24/2009,LWS,ID,ANM,WE,Federal Contract Tower,7,14,4,0,25,0,2,39,4,45,7,16,43,4,70,14,0,14,84
08/25/2009,LWS,ID,ANM,WE,Federal Contract Tower,7,13,8,0,28,0,6,52,2,60,7,19,60,2,88,40,0,40,128
08/26/2009,LWS,ID,ANM,WE,Federal Contract Tower,9,11,5,1,26,0,3,35,0,38,9,14,40,1,64,32,0,32,96
08/27/2009,LWS,ID,ANM,WE,Federal Contract Tower,6,14,7,0,27,1,5,46,0,52,7,19,53,0,79,18,0,18,97
08/28/2009,LWS,ID,ANM,WE,Federal Contract Tower,7,15,2,0,24,0,4,30,0,34,7,19,32,0,58,4,0,4,62
08/29/2009,LWS,ID,ANM,WE,Federal Contract Tower,6,2,3,0,11,0,6,19,0,25,6,8,22,0,36,2,0,2,38
08/30/2009,LWS,ID,ANM,WE,Federal Contract Tower,7,3,2,0,12,0,2,31,2,35,7,5,33,2,47,22,4,26,73
08/31/2009,LWS,ID,ANM,WE,Federal Contract Tower,7,11,3,0,21,0,3,31,0,34,7,14,34,0,55,16,0,16,71
09/01/2009,LWS,ID,ANM,WE,Federal Contract Tower,7,10,5,2,24,0,8,39,0,47,7,18,44,2,71,14,0,14,85
09/02/2009,LWS,ID,ANM,WE,Federal Contract Tower,5,12,7,0,24,0,9,44,0,53,5,21,51,0,77,8,0,8,85
09/03/2009,LWS,ID,ANM,WE,Federal Contract Tower,7,13,4,0,24,0,2,21,0,23,7,15,25,0,47,0,0,0,47
09/04/2009,LWS,ID,ANM,WE,Federal Contract Tower,10,13,7,2,32,0,5,49,0,54,10,18,56,2,86,10,10,20,106
09/05/2009,LWS,ID,ANM,WE,Federal Contract Tower,7,4,1,0,12,0,1,29,0,30,7,5,30,0,42,0,0,0,42
09/06/2009,LWS,ID,ANM,WE,Federal Contract Tower,6,4,0,0,10,0,0,12,0,12,6,4,12,0,22,0,0,0,22
09/07/2009,LWS,ID,ANM,WE,Federal Contract Tower,7,4,10,0,21,0,0,53,0,53,7,4,63,0,74,0,0,0,74
09/08/2009,LWS,ID,ANM,WE,Federal Contract Tower,7,11,3,0,21,0,5,34,0,39,7,16,37,0,60,12,0,12,72
09/09/2009,LWS,ID,ANM,WE,Federal Contract Tower,7,12,6,0,25,0,3,39,0,42,7,15,45,0,67,6,0,6,73
09/10/2009,LWS,ID,ANM,WE,Federal Contract Tower,9,14,0,2,25,0,4,27,0,31,9,18,27,2,56,8,0,8,64
09/11/2009,LWS,ID,ANM,WE,Federal Contract Tower,7,13,2,0,22,0,3,52,0,55,7,16,54,0,77,18,0,18,95
09/12/2009,LWS,ID,ANM,WE,Federal Contract Tower,6,4,3,0,13,0,0,36,2,38,6,4,39,2,51,32,0,32,83
09/13/2009,LWS,ID,ANM,WE,Federal Contract Tower,9,4,0,0,13,0,0,31,0,31,9,4,31,0,44,0,0,0,44
09/14/2009,LWS,ID,ANM,WE,Federal Contract Tower,7,11,2,14,34,0,1,23,0,24,7,12,25,14,58,0,2,2,60
09/15/2009,LWS,ID,ANM,WE,Federal Contract Tower,7,12,6,0,25,0,2,25,2,29,7,14,31,2,54,6,0,6,60
09/16/2009,LWS,ID,ANM,WE,Federal Contract Tower,7,12,4,2,25,0,6,34,0,40,7,18,38,2,65,12,0,12,77
09/17/2009,LWS,ID,ANM,WE,Federal Contract Tower,7,13,4,2,26,0,3,55,2,60,7,16,59,4,86,0,0,0,86
09/18/2009,LWS,ID,ANM,WE,Federal Contract Tower,9,13,3,0,25,0,2,45,0,47,9,15,48,0,72,10,0,10,82
09/19/2009,LWS,ID,ANM,WE,Federal Contract Tower,7,3,0,0,10,0,4,60,0,64,7,7,60,0,74,20,2,22,96
09/20/2009,LWS,ID,ANM,WE,Federal Contract Tower,7,6,1,0,14,0,0,38,0,38,7,6,39,0,52,14,0,14,66
09/21/2009,LWS,ID,ANM,WE,Federal Contract Tower,6,12,2,1,21,1,1,33,3,38,7,13,35,4,59,10,0,10,69
09/22/2009,LWS,ID,ANM,WE,Federal Contract Tower,7,11,0,0,18,0,4,38,0,42,7,15,38,0,60,6,0,6,66
09/23/2009,LWS,ID,ANM,WE,Federal Contract Tower,7,11,5,0,23,0,5,52,0,57,7,16,57,0,80,6,0,6,86
09/24/2009,LWS,ID,ANM,WE,Federal Contract Tower,7,12,7,0,26,0,4,28,0,32,7,16,35,0,58,0,0,0,58
09/25/2009,LWS,ID,ANM,WE,Federal Contract Tower,9,12,2,0,23,0,4,48,0,52,9,16,50,0,75,34,0,34,109
09/26/2009,LWS,ID,ANM,WE,Federal Contract Tower,6,4,3,0,13,0,0,99,0,99,6,4,102,0,112,40,0,40,152
09/27/2009,LWS,ID,ANM,WE,Federal Contract Tower,7,4,3,0,14,0,0,49,2,51,7,4,52,2,65,22,0,22,87
09/28/2009,LWS,ID,ANM,WE,Federal Contract Tower,7,11,7,0,25,0,5,44,0,49,7,16,51,0,74,36,0,36,110
09/29/2009,LWS,ID,ANM,WE,Federal Contract Tower,5,11,6,0,22,0,3,29,0,32,5,14,35,0,54,12,0,12,66
09/30/2009,LWS,ID,ANM,WE,Federal Contract Tower,6,15,9,0,30,0,6,41,0,47,6,21,50,0,77,50,0,50,127
10/01/2009,LWS,ID,ANM,WE,Federal Contract Tower,7,13,6,0,26,0,7,28,0,35,7,20,34,0,61,28,0,28,89
10/02/2009,LWS,ID,ANM,WE,Federal Contract Tower,7,13,2,0,22,0,2,9,2,13,7,15,11,2,35,26,0,26,61
10/03/2009,LWS,ID,ANM,WE,Federal Contract Tower,6,4,4,0,14,0,0,7,0,7,6,4,11,0,21,8,0,8,29
10/04/2009,LWS,ID,ANM,WE,Federal Contract Tower,7,4,0,0,11,0,0,6,0,6,7,4,6,0,17,0,0,0,17
10/05/2009,LWS,ID,ANM,WE,Federal Contract Tower,7,11,2,0,20,0,5,42,0,47,7,16,44,0,67,96,0,96,163
10/06/2009,LWS,ID,ANM,WE,Federal Contract Tower,7,11,2,2,22,0,9,43,0,52,7,20,45,2,74,48,12,60,134
10/07/2009,LWS,ID,ANM,WE,Federal Contract Tower,7,11,5,0,23,0,5,34,2,41,7,16,39,2,64,30,0,30,94
10/08/2009,LWS,ID,ANM,WE,Federal Contract Tower,7,13,4,0,24,0,3,54,0,57,7,16,58,0,81,36,0,36,117
10/09/2009,LWS,ID,ANM,WE,Federal Contract Tower,12,13,6,1,32,0,3,24,0,27,12,16,30,1,59,30,0,30,89
10/10/2009,LWS,ID,ANM,WE,Federal Contract Tower,10,4,0,0,14,0,0,67,1,68,10,4,67,1,82,72,0,72,154
10/11/2009,LWS,ID,ANM,WE,Federal Contract Tower,7,3,3,0,13,0,0,33,0,33,7,3,36,0,46,2,0,2,48
10/12/2009,LWS,ID,ANM,WE,Federal Contract Tower,7,6,7,0,20,0,2,73,0,75,7,8,80,0,95,94,0,94,189
10/13/2009,LWS,ID,ANM,WE,Federal Contract Tower,7,13,4,0,24,0,5,28,0,33,7,18,32,0,57,54,0,54,111
10/14/2009,LWS,ID,ANM,WE,Federal Contract Tower,9,14,10,0,33,0,2,7,1,10,9,16,17,1,43,6,0,6,49
10/15/2009,LWS,ID,ANM,WE,Federal Contract Tower,7,14,8,0,29,0,6,31,1,38,7,20,39,1,67,140,0,140,207
10/16/2009,LWS,ID,ANM,WE,Federal Contract Tower,7,11,2,0,20,0,4,23,2,29,7,15,25,2,49,180,0,180,229
10/17/2009,LWS,ID,ANM,WE,Federal Contract Tower,6,3,1,0,10,0,1,22,0,23,6,4,23,0,33,26,0,26,59
10/18/2009,LWS,ID,ANM,WE,Federal Contract Tower,7,4,0,0,11,0,0,22,0,22,7,4,22,0,33,66,0,66,99
10/19/2009,LWS,ID,ANM,WE,Federal Contract Tower,7,12,6,0,25,0,5,26,0,31,7,17,32,0,56,70,0,70,126
10/20/2009,LWS,ID,ANM,WE,Federal Contract Tower,9,18,6,0,33,0,6,39,0,45,9,24,45,0,78,86,0,86,164
10/21/2009,LWS,ID,ANM,WE,Federal Contract Tower,7,14,10,0,31,0,2,33,0,35,7,16,43,0,66,36,0,36,102
10/22/2009,LWS,ID,ANM,WE,Federal Contract Tower,7,14,8,0,29,0,6,78,2,86,7,20,86,2,115,140,0,140,255
10/23/2009,LWS,ID,ANM,WE,Federal Contract Tower,9,17,4,0,30,0,1,5,0,6,9,18,9,0,36,0,0,0,36
10/24/2009,LWS,ID,ANM,WE,Federal Contract Tower,8,3,1,0,12,0,1,36,0,37,8,4,37,0,49,20,0,20,69
10/25/2009,LWS,ID,ANM,WE,Federal Contract Tower,7,6,7,0,20,0,9,16,0,25,7,15,23,0,45,0,0,0,45
10/26/2009,LWS,ID,ANM,WE,Federal Contract Tower,7,14,2,0,23,0,2,4,0,6,7,16,6,0,29,0,0,0,29
10/27/2009,LWS,ID,ANM,WE,Federal Contract Tower,7,14,8,3,32,0,1,27,3,31,7,15,35,6,63,24,28,52,115
10/28/2009,LWS,ID,ANM,WE,Federal Contract Tower,7,13,8,0,28,0,8,46,2,56,7,21,54,2,84,124,0,124,208
10/29/2009,LWS,ID,ANM,WE,Federal Contract Tower,7,17,1,0,25,0,2,29,0,31,7,19,30,0,56,50,0,50,106
10/30/2009,LWS,ID,ANM,WE,Federal Contract Tower,10,13,4,0,27,0,2,16,0,18,10,15,20,0,45,10,0,10,55
10/31/2009,LWS,ID,ANM,WE,Federal Contract Tower,7,4,0,0,11,0,0,9,0,9,7,4,9,0,20,14,0,14,34
11/01/2009,LWS,ID,ANM,WE,Federal Contract Tower,9,4,0,0,13,0,2,21,0,23,9,6,21,0,36,0,0,0,36
11/02/2009,LWS,ID,ANM,WE,Federal Contract Tower,6,11,4,0,21,0,4,37,0,41,6,15,41,0,62,40,0,40,102
11/03/2009,LWS,ID,ANM,WE,Federal Contract Tower,7,11,6,3,27,0,2,54,2,58,7,13,60,5,85,20,16,36,121
11/04/2009,LWS,ID,ANM,WE,Federal Contract Tower,9,14,5,0,28,0,3,67,1,71,9,17,72,1,99,34,0,34,133
11/05/2009,LWS,ID,ANM,WE,Federal Contract Tower,7,12,11,0,30,0,7,48,0,55,7,19,59,0,85,52,0,52,137
11/06/2009,LWS,ID,ANM,WE,Federal Contract Tower,8,14,6,0,28,0,2,2,0,4,8,16,8,0,32,0,0,0,32
11/07/2009,LWS,ID,ANM,WE,Federal Contract Tower,6,3,1,0,10,0,1,27,0,28,6,4,28,0,38,104,0,104,142
11/08/2009,LWS,ID,ANM,WE,Federal Contract Tower,7,4,7,0,18,0,0,7,0,7,7,4,14,0,25,40,0,40,65
11/09/2009,LWS,ID,ANM,WE,Federal Contract Tower,7,12,4,0,23,0,4,31,0,35,7,16,35,0,58,26,0,26,84
11/10/2009,LWS,ID,ANM,WE,Federal Contract Tower,7,12,0,0,19,0,8,16,0,24,7,20,16,0,43,20,0,20,63
11/11/2009,LWS,ID,ANM,WE,Federal Contract Tower,6,15,8,2,31,0,1,7,0,8,6,16,15,2,39,0,0,0,39
11/12/2009,LWS,ID,ANM,WE,Federal Contract Tower,6,15,3,0,24,0,2,4,0,6,6,17,7,0,30,0,0,0,30
11/13/2009,LWS,ID,ANM,WE,Federal Contract Tower,9,15,7,0,31,0,3,9,0,12,9,18,16,0,43,4,0,4,47
11/14/2009,LWS,ID,ANM,WE,Federal Contract Tower,6,3,1,0,10,0,1,24,0,25,6,4,25,0,35,22,0,22,57
11/15/2009,LWS,ID,ANM,WE,Federal Contract Tower,7,3,5,0,15,0,0,2,0,2,7,3,7,0,17,0,0,0,17
11/16/2009,LWS,ID,ANM,WE,Federal Contract Tower,5,12,5,0,22,0,2,19,0,21,5,14,24,0,43,14,0,14,57
11/17/2009,LWS,ID,ANM,WE,Federal Contract Tower,7,12,5,0,24,0,5,30,0,35,7,17,35,0,59,20,0,20,79
11/18/2009,LWS,ID,ANM,WE,Federal Contract Tower,9,13,9,0,31,0,5,44,0,49,9,18,53,0,80,24,0,24,104
11/19/2009,LWS,ID,ANM,WE,Federal Contract Tower,7,16,7,5,35,0,2,26,1,29,7,18,33,6,64,20,30,50,114
11/20/2009,LWS,ID,ANM,WE,Federal Contract Tower,7,16,7,0,30,0,10,14,0,24,7,26,21,0,54,16,0,16,70
11/21/2009,LWS,ID,ANM,WE,Federal Contract Tower,8,2,1,0,11,0,1,19,10,30,8,3,20,10,41,28,0,28,69
11/22/2009,LWS,ID,ANM,WE,Federal Contract Tower,7,3,7,0,17,0,0,0,0,0,7,3,7,0,17,8,0,8,25
11/23/2009,LWS,ID,ANM,WE,Federal Contract Tower,7,10,5,0,22,0,2,50,1,53,7,12,55,1,75,52,0,52,127
11/24/2009,LWS,ID,ANM,WE,Federal Contract Tower,7,12,4,0,23,0,5,34,0,39,7,17,38,0,62,16,0,16,78
11/25/2009,LWS,ID,ANM,WE,Federal Contract Tower,5,14,4,0,23,0,7,48,0,55,5,21,52,0,78,16,0,16,94
11/26/2009,LWS,ID,ANM,WE,Federal Contract Tower,4,3,2,0,9,0,0,3,0,3,4,3,5,0,12,0,0,0,12
11/27/2009,LWS,ID,ANM,WE,Federal Contract Tower,5,14,5,0,24,0,0,3,0,3,5,14,8,0,27,0,0,0,27
11/28/2009,LWS,ID,ANM,WE,Federal Contract Tower,7,5,3,0,15,0,1,35,1,37,7,6,38,1,52,30,0,30,82
11/29/2009,LWS,ID,ANM,WE,Federal Contract Tower,7,6,3,0,16,0,0,40,0,40,7,6,43,0,56,46,0,46,102
11/30/2009,LWS,ID,ANM,WE,Federal Contract Tower,7,13,3,0,23,0,2,7,0,9,7,15,10,0,32,10,0,10,42
12/01/2009,LWS,ID,ANM,WE,Federal Contract Tower,7,12,5,2,26,0,2,38,0,40,7,14,43,2,66,34,0,34,100
12/02/2009,LWS,ID,ANM,WE,Federal Contract Tower,7,13,5,0,25,0,3,20,0,23,7,16,25,0,48,8,0,8,56
12/03/2009,LWS,ID,ANM,WE,Federal Contract Tower,7,14,8,0,29,0,1,24,0,25,7,15,32,0,54,24,0,24,78
12/04/2009,LWS,ID,ANM,WE,Federal Contract Tower,7,15,3,0,25,0,1,6,0,7,7,16,9,0,32,22,0,22,54
12/05/2009,LWS,ID,ANM,WE,Federal Contract Tower,6,4,1,0,11,0,0,14,0,14,6,4,15,0,25,14,0,14,39
12/06/2009,LWS,ID,ANM,WE,Federal Contract Tower,7,3,1,0,11,0,1,2,0,3,7,4,3,0,14,0,0,0,14
12/07/2009,LWS,ID,ANM,WE,Federal Contract Tower,7,13,6,2,28,0,2,31,0,33,7,15,37,2,61,128,4,132,193
12/08/2009,LWS,ID,ANM,WE,Federal Contract Tower,7,12,7,0,26,0,6,40,0,46,7,18,47,0,72,156,0,156,228
12/09/2009,LWS,ID,ANM,WE,Federal Contract Tower,7,12,5,0,24,0,9,56,0,65,7,21,61,0,89,216,0,216,305
12/10/2009,LWS,ID,ANM,WE,Federal Contract Tower,7,12,0,0,19,0,3,36,0,39,7,15,36,0,58,220,0,220,278
12/11/2009,LWS,ID,ANM,WE,Federal Contract Tower,7,15,0,0,22,0,3,21,0,24,7,18,21,0,46,16,0,16,62
12/12/2009,LWS,ID,ANM,WE,Federal Contract Tower,6,7,2,0,15,0,0,8,0,8,6,7,10,0,23,0,0,0,23
12/13/2009,LWS,ID,ANM,WE,Federal Contract Tower,7,4,0,2,13,0,0,9,2,11,7,4,9,4,24,0,0,0,24
12/14/2009,LWS,ID,ANM,WE,Federal Contract Tower,7,13,5,0,25,0,0,1,0,1,7,13,6,0,26,0,0,0,26
12/15/2009,LWS,ID,ANM,WE,Federal Contract Tower,7,12,12,0,31,0,0,2,0,2,7,12,14,0,33,6,0,6,39
12/16/2009,LWS,ID,ANM,WE,Federal Contract Tower,7,14,8,0,29,0,2,20,0,22,7,16,28,0,51,20,0,20,71
12/17/2009,LWS,ID,ANM,WE,Federal Contract Tower,5,13,7,1,26,0,6,36,1,43,5,19,43,2,69,28,0,28,97
12/18/2009,LWS,ID,ANM,WE,Federal Contract Tower,7,16,2,0,25,0,2,10,0,12,7,18,12,0,37,26,0,26,63
12/19/2009,LWS,ID,ANM,WE,Federal Contract Tower,7,9,1,0,17,0,0,7,0,7,7,9,8,0,24,14,0,14,38
12/20/2009,LWS,ID,ANM,WE,Federal Contract Tower,8,5,2,0,15,0,0,4,0,4,8,5,6,0,19,12,0,12,31
12/21/2009,LWS,ID,ANM,WE,Federal Contract Tower,7,14,4,0,25,0,1,3,0,4,7,15,7,0,29,4,0,4,33
12/22/2009,LWS,ID,ANM,WE,Federal Contract Tower,7,15,5,0,27,0,6,21,0,27,7,21,26,0,54,44,0,44,98
12/23/2009,LWS,ID,ANM,WE,Federal Contract Tower,9,18,5,0,32,0,7,43,0,50,9,25,48,0,82,30,0,30,112
12/24/2009,LWS,ID,ANM,WE,Federal Contract Tower,6,9,4,0,19,0,6,40,0,46,6,15,44,0,65,90,0,90,155
12/25/2009,LWS,ID,ANM,WE,Federal Contract Tower,10,2,0,0,12,0,0,4,0,4,10,2,4,0,16,8,0,8,24
12/26/2009,LWS,ID,ANM,WE,Federal Contract Tower,7,4,1,0,12,0,0,31,0,31,7,4,32,0,43,44,0,44,87
12/27/2009,LWS,ID,ANM,WE,Federal Contract Tower,7,3,0,0,10,0,0,21,0,21,7,3,21,0,31,26,0,26,57
12/28/2009,LWS,ID,ANM,WE,Federal Contract Tower,7,15,0,0,22,0,2,27,0,29,7,17,27,0,51,30,0,30,81
12/29/2009,LWS,ID,ANM,WE,Federal Contract Tower,7,15,4,0,26,0,7,20,0,27,7,22,24,0,53,50,0,50,103
12/30/2009,LWS,ID,ANM,WE,Federal Contract Tower,9,17,2,0,28,0,5,2,0,7,9,22,4,0,35,38,0,38,73
12/31/2009,LWS,ID,ANM,WE,Federal Contract Tower,7,13,2,0,22,0,2,1,0,3,7,15,3,0,25,0,0,0,25
01/01/2010,LWS,ID,ANM,WE,Federal Contract Tower,5,2,0,0,7,0,0,8,0,8,5,2,8,0,15,8,0,8,23
01/02/2010,LWS,ID,ANM,WE,Federal Contract Tower,7,5,2,0,14,0,2,18,2,22,7,7,20,2,36,20,0,20,56
01/03/2010,LWS,ID,ANM,WE,Federal Contract Tower,7,3,2,0,12,0,0,5,0,5,7,3,7,0,17,10,0,10,27
01/04/2010,LWS,ID,ANM,WE,Federal Contract Tower,7,13,4,0,24,0,1,6,0,7,7,14,10,0,31,10,0,10,41
01/05/2010,LWS,ID,ANM,WE,Federal Contract Tower,7,14,3,0,24,0,0,0,0,0,7,14,3,0,24,0,0,0,24
01/06/2010,LWS,ID,ANM,WE,Federal Contract Tower,7,14,4,0,25,0,7,31,0,38,7,21,35,0,63,32,0,32,95
01/07/2010,LWS,ID,ANM,WE,Federal Contract Tower,6,11,3,0,20,0,17,64,0,81,6,28,67,0,101,44,0,44,145
01/08/2010,LWS,ID,ANM,WE,Federal Contract Tower,6,12,4,0,22,0,8,26,0,34,6,20,30,0,56,20,0,20,76
01/09/2010,LWS,ID,ANM,WE,Federal Contract Tower,6,3,1,0,10,0,0,2,0,2,6,3,3,0,12,4,0,4,16
01/10/2010,LWS,ID,ANM,WE,Federal Contract Tower,7,3,7,0,17,0,0,28,0,28,7,3,35,0,45,58,0,58,103
01/11/2010,LWS,ID,ANM,WE,Federal Contract Tower,7,11,1,0,19,0,4,25,0,29,7,15,26,0,48,8,0,8,56
01/12/2010,LWS,ID,ANM,WE,Federal Contract Tower,7,12,5,0,24,0,3,10,0,13,7,15,15,0,37,0,0,0,37
01/13/2010,LWS,ID,ANM,WE,Federal Contract Tower,7,14,6,0,27,0,1,13,0,14,7,15,19,0,41,10,0,10,51
01/14/2010,LWS,ID,ANM,WE,Federal Contract Tower,7,12,6,1,26,0,12,46,1,59,7,24,52,2,85,28,0,28,113
01/15/2010,LWS,ID,ANM,WE,Federal Contract Tower,6,13,4,0,23,0,3,36,0,39,6,16,40,0,62,42,0,42,104
01/16/2010,LWS,ID,ANM,WE,Federal Contract Tower,6,4,4,0,14,0,0,11,0,11,6,4,15,0,25,24,0,24,49
01/17/2010,LWS,ID,ANM,WE,Federal Contract Tower,7,1,3,0,11,0,0,14,0,14,7,1,17,0,25,22,0,22,47
01/18/2010,LWS,ID,ANM,WE,Federal Contract Tower,7,5,3,0,15,0,2,17,0,19,7,7,20,0,34,38,0,38,72
01/19/2010,LWS,ID,ANM,WE,Federal Contract Tower,7,10,5,0,22,0,13,33,0,46,7,23,38,0,68,28,0,28,96
01/20/2010,LWS,ID,ANM,WE,Federal Contract Tower,7,12,2,0,21,0,7,24,0,31,7,19,26,0,52,28,0,28,80
01/21/2010,LWS,ID,ANM,WE,Federal Contract Tower,7,12,3,0,22,0,10,51,0,61,7,22,54,0,83,80,0,80,163
01/22/2010,LWS,ID,ANM,WE,Federal Contract Tower,7,12,1,1,21,0,3,13,1,17,7,15,14,2,38,4,0,4,42
01/23/2010,LWS,ID,ANM,WE,Federal Contract Tower,6,8,1,0,15,0,0,0,0,0,6,8,1,0,15,0,0,0,15
01/24/2010,LWS,ID,ANM,WE,Federal Contract Tower,9,5,5,0,19,0,0,15,0,15,9,5,20,0,34,26,0,26,60
01/25/2010,LWS,ID,ANM,WE,Federal Contract Tower,7,12,4,0,23,0,2,14,0,16,7,14,18,0,39,42,0,42,81
01/26/2010,LWS,ID,ANM,WE,Federal Contract Tower,7,12,7,0,26,0,0,3,0,3,7,12,10,0,29,0,0,0,29
01/27/2010,LWS,ID,ANM,WE,Federal Contract Tower,7,16,16,0,39,0,0,19,0,19,7,16,35,0,58,0,0,0,58
01/28/2010,LWS,ID,ANM,WE,Federal Contract Tower,9,14,5,0,28,0,8,31,0,39,9,22,36,0,67,28,0,28,95
01/29/2010,LWS,ID,ANM,WE,Federal Contract Tower,7,12,0,0,19,0,10,33,0,43,7,22,33,0,62,76,0,76,138
01/30/2010,LWS,ID,ANM,WE,Federal Contract Tower,6,4,3,0,13,0,0,28,0,28,6,4,31,0,41,12,0,12,53
01/31/2010,LWS,ID,ANM,WE,Federal Contract Tower,7,3,4,0,14,0,0,0,0,0,7,3,4,0,14,0,0,0,14
02/01/2010,LWS,ID,ANM,WE,Federal Contract Tower,7,9,4,0,20,0,5,26,0,31,7,14,30,0,51,12,0,12,63
02/02/2010,LWS,ID,ANM,WE,Federal Contract Tower,7,13,4,0,24,0,3,24,0,27,7,16,28,0,51,28,0,28,79
02/03/2010,LWS,ID,ANM,WE,Federal Contract Tower,7,14,7,0,28,0,6,33,0,39,7,20,40,0,67,30,0,30,97
02/04/2010,LWS,ID,ANM,WE,Federal Contract Tower,9,11,2,0,22,0,9,44,0,53,9,20,46,0,75,36,0,36,111
02/05/2010,LWS,ID,ANM,WE,Federal Contract Tower,7,13,7,0,27,0,6,17,0,23,7,19,24,0,50,28,0,28,78
02/06/2010,LWS,ID,ANM,WE,Federal Contract Tower,6,3,0,0,9,0,1,30,0,31,6,4,30,0,40,44,0,44,84
02/07/2010,LWS,ID,ANM,WE,Federal Contract Tower,9,7,2,0,18,0,0,5,0,5,9,7,7,0,23,0,0,0,23
02/08/2010,LWS,ID,ANM,WE,Federal Contract Tower,7,11,3,0,21,0,2,27,0,29,7,13,30,0,50,28,0,28,78
02/09/2010,LWS,ID,ANM,WE,Federal Contract Tower,9,11,8,0,28,0,3,39,0,42,9,14,47,0,70,44,0,44,114
02/10/2010,LWS,ID,ANM,WE,Federal Contract Tower,6,14,9,0,29,0,1,44,0,45,6,15,53,0,74,40,0,40,114
02/11/2010,LWS,ID,ANM,WE,Federal Contract Tower,7,16,4,0,27,0,2,20,0,22,7,18,24,0,49,24,0,24,73
02/12/2010,LWS,ID,ANM,WE,Federal Contract Tower,7,12,7,2,28,0,2,16,0,18,7,14,23,2,46,16,8,24,70
02/13/2010,LWS,ID,ANM,WE,Federal Contract Tower,6,4,0,0,10,0,2,51,0,53,6,6,51,0,63,102,0,102,165
02/14/2010,LWS,ID,ANM,WE,Federal Contract Tower,7,0,0,0,7,0,0,11,0,11,7,0,11,0,18,26,0,26,44
02/15/2010,LWS,ID,ANM,WE,Federal Contract Tower,7,10,4,0,21,0,1,29,0,30,7,11,33,0,51,14,0,14,65
02/16/2010,LWS,ID,ANM,WE,Federal Contract Tower,7,10,5,0,22,0,3,6,0,9,7,13,11,0,31,0,0,0,31
02/17/2010,LWS,ID,ANM,WE,Federal Contract Tower,7,16,9,0,32,0,2,68,0,70,7,18,77,0,102,62,0,62,164
02/18/2010,LWS,ID,ANM,WE,Federal Contract Tower,8,12,8,0,28,0,6,55,0,61,8,18,63,0,89,42,0,42,131
02/19/2010,LWS,ID,ANM,WE,Federal Contract Tower,7,11,2,0,20,0,9,62,0,71,7,20,64,0,91,52,0,52,143
02/20/2010,LWS,ID,ANM,WE,Federal Contract Tower,6,1,1,0,8,0,1,85,0,86,6,2,86,0,94,20,0,20,114
02/21/2010,LWS,ID,ANM,WE,Federal Contract Tower,7,2,4,0,13,0,0,49,0,49,7,2,53,0,62,44,0,44,106
02/22/2010,LWS,ID,ANM,WE,Federal Contract Tower,7,12,3,0,22,0,3,41,0,44,7,15,44,0,66,34,0,34,100
02/23/2010,LWS,ID,ANM,WE,Federal Contract Tower,7,9,4,0,20,0,5,59,0,64,7,14,63,0,84,24,0,24,108
02/24/2010,LWS,ID,ANM,WE,Federal Contract Tower,7,12,4,2,25,0,2,22,0,24,7,14,26,2,49,4,4,8,57
02/25/2010,LWS,ID,ANM,WE,Federal Contract Tower,7,13,4,0,24,0,8,91,2,101,7,21,95,2,125,38,0,38,163
02/26/2010,LWS,ID,ANM,WE,Federal Contract Tower,7,12,4,0,23,0,2,21,0,23,7,14,25,0,46,30,0,30,76
02/27/2010,LWS,ID,ANM,WE,Federal Contract Tower,6,3,3,0,12,0,0,67,2,69,6,3,70,2,81,62,0,62,143
02/28/2010,LWS,ID,ANM,WE,Federal Contract Tower,7,2,1,0,10,0,0,49,2,51,7,2,50,2,61,40,0,40,101
03/01/2010,LWS,ID,ANM,WE,Federal Contract Tower,7,11,4,0,22,0,6,82,0,88,7,17,86,0,110,42,0,42,152
03/02/2010,LWS,ID,ANM,WE,Federal Contract Tower,7,12,4,0,23,0,2,77,0,79,7,14,81,0,102,100,0,100,202
03/03/2010,LWS,ID,ANM,WE,Federal Contract Tower,7,13,2,0,22,0,4,52,0,56,7,17,54,0,78,36,0,36,114
03/04/2010,LWS,ID,ANM,WE,Federal Contract Tower,7,17,3,0,27,0,4,34,0,38,7,21,37,0,65,22,0,22,87
03/05/2010,LWS,ID,ANM,WE,Federal Contract Tower,8,10,5,0,23,0,7,53,0,60,8,17,58,0,83,144,0,144,227
03/06/2010,LWS,ID,ANM,WE,Federal Contract Tower,6,3,0,0,9,2,0,59,0,61,8,3,59,0,70,42,0,42,112
03/07/2010,LWS,ID,ANM,WE,Federal Contract Tower,7,3,0,0,10,0,0,59,0,59,7,3,59,0,69,24,0,24,93
03/08/2010,LWS,ID,ANM,WE,Federal Contract Tower,7,11,0,0,18,0,2,11,0,13,7,13,11,0,31,18,0,18,49
03/09/2010,LWS,ID,ANM,WE,Federal Contract Tower,7,12,3,4,26,0,3,23,0,26,7,15,26,4,52,24,0,24,76
03/10/2010,LWS,ID,ANM,WE,Federal Contract Tower,7,11,4,2,24,0,5,30,0,35,7,16,34,2,59,26,30,56,115
03/11/2010,LWS,ID,ANM,WE,Federal Contract Tower,9,14,5,0,28,0,6,9,0,15,9,20,14,0,43,6,0,6,49
03/12/2010,LWS,ID,ANM,WE,Federal Contract Tower,7,13,2,0,22,0,1,16,0,17,7,14,18,0,39,10,0,10,49
03/13/2010,LWS,ID,ANM,WE,Federal Contract Tower,5,1,1,0,7,0,1,20,0,21,5,2,21,0,28,34,0,34,62
03/14/2010,LWS,ID,ANM,WE,Federal Contract Tower,9,3,2,0,14,0,0,34,0,34,9,3,36,0,48,12,0,12,60
03/15/2010,LWS,ID,ANM,WE,Federal Contract Tower,7,8,3,0,18,0,4,69,0,73,7,12,72,0,91,30,0,30,121
03/16/2010,LWS,ID,ANM,WE,Federal Contract Tower,7,11,7,2,27,0,4,63,3,70,7,15,70,5,97,20,0,20,117
03/17/2010,LWS,ID,ANM,WE,Federal Contract Tower,7,11,7,0,25,0,9,52,3,64,7,20,59,3,89,38,0,38,127
03/18/2010,LWS,ID,ANM,WE,Federal Contract Tower,7,12,8,0,27,0,2,71,0,73,7,14,79,0,100,56,0,56,156
03/19/2010,LWS,ID,ANM,WE,Federal Contract Tower,7,7,1,0,15,0,7,44,2,53,7,14,45,2,68,46,0,46,114
03/20/2010,LWS,ID,ANM,WE,Federal Contract Tower,6,2,3,0,11,0,0,69,0,69,6,2,72,0,80,72,0,72,152
03/21/2010,LWS,ID,ANM,WE,Federal Contract Tower,7,4,1,0,12,0,0,11,0,11,7,4,12,0,23,16,0,16,39
03/22/2010,LWS,ID,ANM,WE,Federal Contract Tower,9,13,0,2,24,0,5,31,0,36,9,18,31,2,60,54,2,56,116
03/23/2010,LWS,ID,ANM,WE,Federal Contract Tower,7,10,4,2,23,0,8,76,1,85,7,18,80,3,108,34,26,60,168
03/24/2010,LWS,ID,ANM,WE,Federal Contract Tower,7,13,11,2,33,0,6,66,4,76,7,19,77,6,109,92,14,106,215
03/25/2010,LWS,ID,ANM,WE,Federal Contract Tower,9,12,5,0,26,0,2,18,0,20,9,14,23,0,46,12,0,12,58
03/26/2010,LWS,ID,ANM,WE,Federal Contract Tower,5,13,3,0,21,0,2,20,0,22,5,15,23,0,43,6,0,6,49
03/27/2010,LWS,ID,ANM,WE,Federal Contract Tower,6,1,3,0,10,0,2,58,2,62,6,3,61,2,72,52,0,52,124
03/28/2010,LWS,ID,ANM,WE,Federal Contract Tower,7,3,0,0,10,0,0,12,0,12,7,3,12,0,22,6,0,6,28
03/29/2010,LWS,ID,ANM,WE,Federal Contract Tower,5,10,5,0,20,0,2,2,0,4,5,12,7,0,24,0,0,0,24
03/30/2010,LWS,ID,ANM,WE,Federal Contract Tower,7,9,6,0,22,0,3,14,0,17,7,12,20,0,39,2,0,2,41
03/31/2010,LWS,ID,ANM,WE,Federal Contract Tower,7,7,5,0,19,0,11,29,0,40,7,18,34,0,59,12,0,12,71
04/01/2010,LWS,ID,ANM,WE,Federal Contract Tower,7,10,3,0,20,0,4,65,0,69,7,14,68,0,89,26,0,26,115
04/02/2010,LWS,ID,ANM,WE,Federal Contract Tower,7,11,2,0,20,0,4,11,0,15,7,15,13,0,35,0,0,0,35
04/03/2010,LWS,ID,ANM,WE,Federal Contract Tower,6,4,1,0,11,0,0,9,0,9,6,4,10,0,20,0,0,0,20
04/04/2010,LWS,ID,ANM,WE,Federal Contract Tower,7,3,3,0,13,0,0,38,0,38,7,3,41,0,51,84,0,84,135
04/05/2010,LWS,ID,ANM,WE,Federal Contract Tower,7,12,3,0,22,0,1,32,0,33,7,13,35,0,55,30,0,30,85
04/06/2010,LWS,ID,ANM,WE,Federal Contract Tower,7,11,9,0,27,0,4,16,2,22,7,15,25,2,49,0,0,0,49
04/07/2010,LWS,ID,ANM,WE,Federal Contract Tower,6,9,7,1,23,0,11,69,1,81,6,20,76,2,104,20,0,20,124
04/08/2010,LWS,ID,ANM,WE,Federal Contract Tower,7,11,2,0,20,0,2,0,0,2,7,13,2,0,22,0,0,0,22
04/09/2010,LWS,ID,ANM,WE,Federal Contract Tower,7,6,7,0,20,0,8,19,12,39,7,14,26,12,59,6,0,6,65
04/10/2010,LWS,ID,ANM,WE,Federal Contract Tower,6,2,6,0,14,0,0,51,4,55,6,2,57,4,69,26,4,30,99
04/11/2010,LWS,ID,ANM,WE,Federal Contract Tower,6,3,3,0,12,0,2,28,2,32,6,5,31,2,44,38,4,42,86
04/12/2010,LWS,ID,ANM,WE,Federal Contract Tower,7,7,5,0,19,0,1,28,0,29,7,8,33,0,48,14,0,14,62
04/13/2010,LWS,ID,ANM,WE,Federal Contract Tower,7,11,2,0,20,0,3,28,0,31,7,14,30,0,51,40,0,40,91
04/14/2010,LWS,ID,ANM,WE,Federal Contract Tower,7,8,5,0,20,0,8,60,0,68,7,16,65,0,88,64,0,64,152
04/15/2010,LWS,ID,ANM,WE,Federal Contract Tower,7,9,0,0,16,0,2,107,2,111,7,11,107,2,127,84,0,84,211
04/16/2010,LWS,ID,ANM,WE,Federal Contract Tower,7,11,4,0,22,0,3,75,0,78,7,14,79,0,100,52,0,52,152
04/17/2010,LWS,ID,ANM,WE,Federal Contract Tower,6,2,2,0,10,0,1,39,0,40,6,3,41,0,50,42,0,42,92
04/18/2010,LWS,ID,ANM,WE,Federal Contract Tower,7,3,0,0,10,0,0,52,0,52,7,3,52,0,62,50,0,50,112
04/19/2010,LWS,ID,ANM,WE,Federal Contract Tower,7,7,3,0,17,0,3,82,2,87,7,10,85,2,104,44,0,44,148
04/20/2010,LWS,ID,ANM,WE,Federal Contract Tower,6,7,6,0,19,0,3,81,0,84,6,10,87,0,103,38,0,38,141
04/21/2010,LWS,ID,ANM,WE,Federal Contract Tower,7,13,10,0,30,0,0,29,0,29,7,13,39,0,59,12,0,12,71
04/22/2010,LWS,ID,ANM,WE,Federal Contract Tower,7,8,5,0,20,0,0,46,0,46,7,8,51,0,66,14,0,14,80
04/23/2010,LWS,ID,ANM,WE,Federal Contract Tower,7,8,0,0,15,0,2,59,2,63,7,10,59,2,78,22,0,22,100
04/24/2010,LWS,ID,ANM,WE,Federal Contract Tower,6,2,0,0,8,0,1,31,0,32,6,3,31,0,40,4,0,4,44
04/25/2010,LWS,ID,ANM,WE,Federal Contract Tower,7,2,0,0,9,0,0,62,2,64,7,2,62,2,73,14,0,14,87
04/26/2010,LWS,ID,ANM,WE,Federal Contract Tower,7,7,5,4,23,0,2,46,2,50,7,9,51,6,73,60,10,70,143
04/27/2010,LWS,ID,ANM,WE,Federal Contract Tower,6,8,6,0,20,0,2,25,0,27,6,10,31,0,47,6,0,6,53
04/28/2010,LWS,ID,ANM,WE,Federal Contract Tower,6,10,6,0,22,0,3,19,0,22,6,13,25,0,44,2,0,2,46
04/29/2010,LWS,ID,ANM,WE,Federal Contract Tower,6,13,7,0,26,0,0,17,0,17,6,13,24,0,43,6,0,6,49
04/30/2010,LWS,ID,ANM,WE,Federal Contract Tower,6,8,0,0,14,0,3,17,1,21,6,11,17,1,35,14,0,14,49
05/01/2010,LWS,ID,ANM,WE,Federal Contract Tower,6,3,0,0,9,0,0,12,0,12,6,3,12,0,21,126,0,126,147
05/02/2010,LWS,ID,ANM,WE,Federal Contract Tower,8,3,4,0,15,0,0,52,1,53,8,3,56,1,68,38,0,38,106
05/03/2010,LWS,ID,ANM,WE,Federal Contract Tower,6,5,0,0,11,0,2,4,0,6,6,7,4,0,17,0,0,0,17
05/04/2010,LWS,ID,ANM,WE,Federal Contract Tower,7,9,4,0,20,0,3,16,0,19,7,12,20,0,39,24,0,24,63
05/05/2010,LWS,ID,ANM,WE,Federal Contract Tower,7,9,7,0,23,0,6,38,0,44,7,15,45,0,67,46,0,46,113
05/06/2010,LWS,ID,ANM,WE,Federal Contract Tower,9,8,1,2,20,0,1,17,0,18,9,9,18,2,38,10,0,10,48
05/07/2010,LWS,ID,ANM,WE,Federal Contract Tower,7,9,3,0,19,0,8,52,0,60,7,17,55,0,79,30,0,30,109
05/08/2010,LWS,ID,ANM,WE,Federal Contract Tower,6,7,0,0,13,0,0,29,0,29,6,7,29,0,42,38,0,38,80
05/09/2010,LWS,ID,ANM,WE,Federal Contract Tower,7,3,0,0,10,0,0,48,0,48,7,3,48,0,58,4,0,4,62
05/10/2010,LWS,ID,ANM,WE,Federal Contract Tower,7,6,8,0,21,0,2,47,2,51,7,8,55,2,72,42,0,42,114
05/11/2010,LWS,ID,ANM,WE,Federal Contract Tower,7,9,3,0,19,0,2,29,0,31,7,11,32,0,50,40,0,40,90
05/12/2010,LWS,ID,ANM,WE,Federal Contract Tower,7,8,5,0,20,0,6,46,0,52,7,14,51,0,72,38,0,38,110
05/13/2010,LWS,ID,ANM,WE,Federal Contract Tower,7,8,3,0,18,0,8,58,0,66,7,16,61,0,84,38,0,38,122
05/14/2010,LWS,ID,ANM,WE,Federal Contract Tower,7,8,1,0,16,0,12,56,0,68,7,20,57,0,84,34,0,34,118
05/15/2010,LWS,ID,ANM,WE,Federal Contract Tower,6,2,2,0,10,0,6,124,0,130,6,8,126,0,140,40,0,40,180
05/16/2010,LWS,ID,ANM,WE,Federal Contract Tower,7,3,1,0,11,0,2,41,0,43,7,5,42,0,54,22,0,22,76
05/17/2010,LWS,ID,ANM,WE,Federal Contract Tower,7,7,2,0,16,0,6,28,0,34,7,13,30,0,50,8,0,8,58
05/18/2010,LWS,ID,ANM,WE,Federal Contract Tower,7,11,4,0,22,0,4,16,0,20,7,15,20,0,42,0,0,0,42
05/19/2010,LWS,ID,ANM,WE,Federal Contract Tower,6,9,4,0,19,0,1,57,0,58,6,10,61,0,77,8,0,8,85
05/20/2010,LWS,ID,ANM,WE,Federal Contract Tower,6,10,5,0,21,0,2,33,2,37,6,12,38,2,58,6,14,20,78
05/21/2010,LWS,ID,ANM,WE,Federal Contract Tower,7,6,6,0,19,0,8,29,0,37,7,14,35,0,56,30,0,30,86
05/22/2010,LWS,ID,ANM,WE,Federal Contract Tower,6,3,1,0,10,0,2,12,0,14,6,5,13,0,24,52,0,52,76
05/23/2010,LWS,ID,ANM,WE,Federal Contract Tower,7,2,0,0,9,0,0,21,0,21,7,2,21,0,30,34,0,34,64
05/24/2010,LWS,ID,ANM,WE,Federal Contract Tower,7,6,6,0,19,0,10,76,0,86,7,16,82,0,105,34,2,36,141
05/25/2010,LWS,ID,ANM,WE,Federal Contract Tower,7,8,3,0,18,0,11,90,0,101,7,19,93,0,119,60,0,60,179
05/26/2010,LWS,ID,ANM,WE,Federal Contract Tower,7,8,7,0,22,0,7,43,0,50,7,15,50,0,72,32,0,32,104
05/27/2010,LWS,ID,ANM,WE,Federal Contract Tower,6,14,12,0,32,0,1,9,1,11,6,15,21,1,43,22,0,22,65
05/28/2010,LWS,ID,ANM,WE,Federal Contract Tower,7,9,8,0,24,0,2,26,0,28,7,11,34,0,52,10,0,10,62
05/29/2010,LWS,ID,ANM,WE,Federal Contract Tower,5,2,2,0,9,0,4,44,0,48,5,6,46,0,57,24,0,24,81
05/30/2010,LWS,ID,ANM,WE,Federal Contract Tower,2,1,3,0,6,0,0,36,3,39,2,1,39,3,45,22,2,24,69
05/31/2010,LWS,ID,ANM,WE,Federal Contract Tower,7,3,4,0,14,0,2,21,0,23,7,5,25,0,37,44,0,44,81
06/01/2010,LWS,ID,ANM,WE,Federal Contract Tower,7,8,5,0,20,0,3,18,0,21,7,11,23,0,41,0,0,0,41
06/02/2010,LWS,ID,ANM,WE,Federal Contract Tower,9,8,5,0,22,0,0,0,0,0,9,8,5,0,22,0,0,0,22
06/03/2010,LWS,ID,ANM,WE,Federal Contract Tower,7,10,11,0,28,0,1,79,0,80,7,11,90,0,108,28,0,28,136
06/04/2010,LWS,ID,ANM,WE,Federal Contract Tower,6,9,3,0,18,0,3,8,0,11,6,12,11,0,29,2,0,2,31
06/05/2010,LWS,ID,ANM,WE,Federal Contract Tower,6,3,2,0,11,0,4,76,0,80,6,7,78,0,91,68,0,68,159
06/06/2010,LWS,ID,ANM,WE,Federal Contract Tower,7,2,2,0,11,0,0,15,0,15,7,2,17,0,26,6,0,6,32
06/07/2010,LWS,ID,ANM,WE,Federal Contract Tower,7,6,8,0,21,0,3,56,0,59,7,9,64,0,80,50,0,50,130
06/08/2010,LWS,ID,ANM,WE,Federal Contract Tower,9,9,4,0,22,0,7,103,2,112,9,16,107,2,134,82,0,82,216
06/09/2010,LWS,ID,ANM,WE,Federal Contract Tower,7,9,10,0,26,0,0,15,2,17,7,9,25,2,43,6,0,6,49
06/10/2010,LWS,ID,ANM,WE,Federal Contract Tower,8,9,7,0,24,0,16,87,0,103,8,25,94,0,127,6,0,6,133
06/11/2010,LWS,ID,ANM,WE,Federal Contract Tower,7,11,7,0,25,0,3,47,0,50,7,14,54,0,75,42,0,42,117
06/12/2010,LWS,ID,ANM,WE,Federal Contract Tower,6,4,0,0,10,0,1,71,0,72,6,5,71,0,82,48,0,48,130
06/13/2010,LWS,ID,ANM,WE,Federal Contract Tower,7,4,0,0,11,0,0,54,2,56,7,4,54,2,67,14,0,14,81
06/14/2010,LWS,ID,ANM,WE,Federal Contract Tower,7,8,7,0,22,0,6,73,0,79,7,14,80,0,101,18,0,18,119
06/15/2010,LWS,ID,ANM,WE,Federal Contract Tower,7,11,5,0,23,0,5,91,0,96,7,16,96,0,119,42,0,42,161
06/16/2010,LWS,ID,ANM,WE,Federal Contract Tower,9,10,6,0,25,0,0,35,0,35,9,10,41,0,60,0,0,0,60
06/17/2010,LWS,ID,ANM,WE,Federal Contract Tower,7,9,15,0,31,0,7,55,0,62,7,16,70,0,93,32,0,32,125
06/18/2010,LWS,ID,ANM,WE,Federal Contract Tower,7,9,3,2,21,0,10,70,0,80,7,19,73,2,101,28,0,28,129
06/19/2010,LWS,ID,ANM,WE,Federal Contract Tower,4,4,1,0,9,0,1,56,2,59,4,5,57,2,68,20,0,20,88
06/20/2010,LWS,ID,ANM,WE,Federal Contract Tower,7,6,2,0,15,0,0,27,0,27,7,6,29,0,42,2,0,2,44
06/21/2010,LWS,ID,ANM,WE,Federal Contract Tower,6,12,12,0,30,0,2,44,2,48,6,14,56,2,78,70,0,70,148
06/22/2010,LWS,ID,ANM,WE,Federal Contract Tower,7,9,3,0,19,0,4,92,0,96,7,13,95,0,115,40,0,40,155
06/23/2010,LWS,ID,ANM,WE,Federal Contract Tower,7,9,8,0,24,0,11,99,2,112,7,20,107,2,136,40,0,40,176
06/24/2010,LWS,ID,ANM,WE,Federal Contract Tower,7,9,5,0,21,0,6,121,0,127,7,15,126,0,148,22,0,22,170
06/25/2010,LWS,ID,ANM,WE,Federal Contract Tower,7,11,9,0,27,0,4,53,0,57,7,15,62,0,84,14,0,14,98
06/26/2010,LWS,ID,ANM,WE,Federal Contract Tower,3,3,3,0,9,0,8,78,0,86,3,11,81,0,95,18,0,18,113
06/27/2010,LWS,ID,ANM,WE,Federal Contract Tower,6,6,4,0,16,0,1,79,0,80,6,7,83,0,96,26,0,26,122
06/28/2010,LWS,ID,ANM,WE,Federal Contract Tower,3,10,5,0,18,0,5,28,0,33,3,15,33,0,51,6,0,6,57
06/29/2010,LWS,ID,ANM,WE,Federal Contract Tower,7,10,4,2,23,0,2,67,0,69,7,12,71,2,92,32,0,32,124
06/30/2010,LWS,ID,ANM,WE,Federal Contract Tower,7,11,12,0,30,0,9,74,0,83,7,20,86,0,113,6,0,6,119
07/01/2010,LWS,ID,ANM,WE,Federal Contract Tower,6,9,9,0,24,0,2,56,0,58,6,11,65,0,82,0,0,0,82
07/02/2010,LWS,ID,ANM,WE,Federal Contract Tower,7,10,4,0,21,0,3,21,0,24,7,13,25,0,45,22,0,22,67
07/03/2010,LWS,ID,ANM,WE,Federal Contract Tower,4,5,4,0,13,0,2,62,0,64,4,7,66,0,77,24,0,24,101
07/04/2010,LWS,ID,ANM,WE,Federal Contract Tower,4,2,1,0,7,0,9,45,0,54,4,11,46,0,61,24,0,24,85
07/05/2010,LWS,ID,ANM,WE,Federal Contract Tower,6,2,5,0,13,0,2,42,1,45,6,4,47,1,58,24,0,24,82
07/06/2010,LWS,ID,ANM,WE,Federal Contract Tower,7,9,11,0,27,0,2,36,0,38,7,11,47,0,65,30,0,30,95
07/07/2010,LWS,ID,ANM,WE,Federal Contract Tower,7,10,6,0,23,0,6,62,0,68,7,16,68,0,91,44,0,44,135
07/08/2010,LWS,ID,ANM,WE,Federal Contract Tower,7,10,5,0,22,0,9,73,2,84,7,19,78,2,106,40,0,40,146
07/09/2010,LWS,ID,ANM,WE,Federal Contract Tower,7,10,5,0,22,0,4,44,0,48,7,14,49,0,70,24,0,24,94
07/10/2010,LWS,ID,ANM,WE,Federal Contract Tower,4,5,2,0,11,0,0,32,2,34,4,5,34,2,45,8,0,8,53
07/11/2010,LWS,ID,ANM,WE,Federal Contract Tower,7,4,3,0,14,0,0,56,2,58,7,4,59,2,72,6,0,6,78
07/12/2010,LWS,ID,ANM,WE,Federal Contract Tower,8,9,2,0,19,0,8,35,0,43,8,17,37,0,62,10,0,10,72
07/13/2010,LWS,ID,ANM,WE,Federal Contract Tower,7,9,8,0,24,0,4,73,0,77,7,13,81,0,101,32,0,32,133
07/14/2010,LWS,ID,ANM,WE,Federal Contract Tower,7,13,11,0,31,0,6,47,0,53,7,19,58,0,84,34,0,34,118
07/15/2010,LWS,ID,ANM,WE,Federal Contract Tower,7,9,9,0,25,0,2,82,2,86,7,11,91,2,111,44,2,46,157
07/16/2010,LWS,ID,ANM,WE,Federal Contract Tower,7,9,5,0,21,0,3,63,4,70,7,12,68,4,91,28,0,28,119
07/17/2010,LWS,ID,ANM,WE,Federal Contract Tower,4,4,0,1,9,0,1,41,3,45,4,5,41,4,54,14,0,14,68
07/18/2010,LWS,ID,ANM,WE,Federal Contract Tower,7,5,5,0,17,0,1,47,2,50,7,6,52,2,67,42,0,42,109
07/19/2010,LWS,ID,ANM,WE,Federal Contract Tower,7,8,4,0,19,0,2,39,0,41,7,10,43,0,60,16,0,16,76
07/20/2010,LWS,ID,ANM,WE,Federal Contract Tower,7,10,1,0,18,0,8,63,0,71,7,18,64,0,89,14,0,14,103
07/21/2010,LWS,ID,ANM,WE,Federal Contract Tower,7,8,4,0,19,0,13,73,0,86,7,21,77,0,105,28,0,28,133
07/22/2010,LWS,ID,ANM,WE,Federal Contract Tower,7,12,8,0,27,0,2,53,0,55,7,14,61,0,82,12,0,12,94
07/23/2010,LWS,ID,ANM,WE,Federal Contract Tower,7,12,7,0,26,0,6,49,2,57,7,18,56,2,83,14,0,14,97
07/24/2010,LWS,ID,ANM,WE,Federal Contract Tower,3,4,4,0,11,0,4,43,0,47,3,8,47,0,58,0,0,0,58
07/25/2010,LWS,ID,ANM,WE,Federal Contract Tower,6,4,4,0,14,0,1,34,0,35,6,5,38,0,49,24,0,24,73
07/26/2010,LWS,ID,ANM,WE,Federal Contract Tower,8,8,2,0,18,0,6,32,0,38,8,14,34,0,56,8,0,8,64
07/27/2010,LWS,ID,ANM,WE,Federal Contract Tower,5,11,6,0,22,0,4,44,0,48,5,15,50,0,70,32,0,32,102
07/28/2010,LWS,ID,ANM,WE,Federal Contract Tower,7,12,7,0,26,0,8,59,2,69,7,20,66,2,95,24,0,24,119
07/29/2010,LWS,ID,ANM,WE,Federal Contract Tower,7,10,3,0,20,0,8,54,6,68,7,18,57,6,88,30,0,30,118
07/30/2010,LWS,ID,ANM,WE,Federal Contract Tower,7,9,5,0,21,0,5,30,2,37,7,14,35,2,58,34,0,34,92
07/31/2010,LWS,ID,ANM,WE,Federal Contract Tower,4,6,3,0,13,0,2,42,7,51,4,8,45,7,64,6,0,6,70
08/01/2010,LWS,ID,ANM,WE,Federal Contract Tower,7,4,5,0,16,0,4,54,0,58,7,8,59,0,74,16,0,16,90
08/02/2010,LWS,ID,ANM,WE,Federal Contract Tower,7,8,13,0,28,0,6,49,8,63,7,14,62,8,91,16,0,16,107
08/03/2010,LWS,ID,ANM,WE,Federal Contract Tower,7,9,0,0,16,0,4,58,6,68,7,13,58,6,84,20,0,20,104
08/04/2010,LWS,ID,ANM,WE,Federal Contract Tower,9,10,12,0,31,0,5,94,9,108,9,15,106,9,139,70,0,70,209
08/05/2010,LWS,ID,ANM,WE,Federal Contract Tower,7,9,5,0,21,0,9,52,0,61,7,18,57,0,82,20,0,20,102
08/06/2010,LWS,ID,ANM,WE,Federal Contract Tower,7,10,6,0,23,0,9,50,2,61,7,19,56,2,84,54,0,54,138
08/07/2010,LWS,ID,ANM,WE,Federal Contract Tower,6,5,0,0,11,0,2,54,0,56,6,7,54,0,67,34,0,34,101
08/08/2010,LWS,ID,ANM,WE,Federal Contract Tower,7,5,1,0,13,0,0,56,0,56,7,5,57,0,69,70,0,70,139
08/09/2010,LWS,ID,ANM,WE,Federal Contract Tower,7,8,6,0,21,0,4,37,0,41,7,12,43,0,62,0,0,0,62
08/10/2010,LWS,ID,ANM,WE,Federal Contract Tower,9,9,6,0,24,0,3,36,0,39,9,12,42,0,63,34,0,34,97
08/11/2010,LWS,ID,ANM,WE,Federal Contract Tower,7,10,13,0,30,0,4,58,0,62,7,14,71,0,92,70,0,70,162
08/12/2010,LWS,ID,ANM,WE,Federal Contract Tower,7,12,3,0,22,0,3,51,0,54,7,15,54,0,76,46,0,46,122
08/13/2010,LWS,ID,ANM,WE,Federal Contract Tower,8,10,4,0,22,0,12,47,0,59,8,22,51,0,81,28,0,28,109
08/14/2010,LWS,ID,ANM,WE,Federal Contract Tower,4,5,4,0,13,0,0,58,0,58,4,5,62,0,71,34,0,34,105
08/15/2010,LWS,ID,ANM,WE,Federal Contract Tower,7,6,9,0,22,0,4,38,2,44,7,10,47,2,66,26,0,26,92
08/16/2010,LWS,ID,ANM,WE,Federal Contract Tower,7,9,4,0,20,0,6,29,0,35,7,15,33,0,55,4,0,4,59
08/17/2010,LWS,ID,ANM,WE,Federal Contract Tower,7,12,3,0,22,0,3,31,0,34,7,15,34,0,56,32,0,32,88
08/18/2010,LWS,ID,ANM,WE,Federal Contract Tower,7,13,10,0,30,0,12,43,0,55,7,25,53,0,85,16,0,16,101
08/19/2010,LWS,ID,ANM,WE,Federal Contract Tower,7,11,8,0,26,0,11,75,0,86,7,22,83,0,112,66,0,66,178
08/20/2010,LWS,ID,ANM,WE,Federal Contract Tower,7,11,2,0,20,0,5,35,2,42,7,16,37,2,62,44,0,44,106
08/21/2010,LWS,ID,ANM,WE,Federal Contract Tower,4,3,0,0,7,0,9,41,0,50,4,12,41,0,57,28,0,28,85
08/22/2010,LWS,ID,ANM,WE,Federal Contract Tower,7,10,2,0,19,0,5,17,12,34,7,15,19,12,53,0,0,0,53
08/23/2010,LWS,ID,ANM,WE,Federal Contract Tower,7,9,5,0,21,0,3,72,2,77,7,12,77,2,98,52,0,52,150
08/24/2010,LWS,ID,ANM,WE,Federal Contract Tower,5,12,3,0,20,0,2,64,0,66,5,14,67,0,86,14,0,14,100
08/25/2010,LWS,ID,ANM,WE,Federal Contract Tower,5,10,6,0,21,0,2,61,0,63,5,12,67,0,84,12,0,12,96
08/26/2010,LWS,ID,ANM,WE,Federal Contract Tower,7,11,3,0,21,0,3,28,2,33,7,14,31,2,54,14,0,14,68
08/27/2010,LWS,ID,ANM,WE,Federal Contract Tower,7,14,1,0,22,0,5,56,0,61,7,19,57,0,83,20,0,20,103
08/28/2010,LWS,ID,ANM,WE,Federal Contract Tower,4,7,3,0,14,0,1,24,0,25,4,8,27,0,39,24,0,24,63
08/29/2010,LWS,ID,ANM,WE,Federal Contract Tower,7,5,1,0,13,0,0,47,0,47,7,5,48,0,60,18,0,18,78
08/30/2010,LWS,ID,ANM,WE,Federal Contract Tower,7,8,5,0,20,0,6,50,0,56,7,14,55,0,76,26,0,26,102
08/31/2010,LWS,ID,ANM,WE,Federal Contract Tower,7,10,5,0,22,0,4,49,0,53,7,14,54,0,75,50,0,50,125
09/01/2010,LWS,ID,ANM,WE,Federal Contract Tower,9,14,7,0,30,0,2,26,2,30,9,16,33,2,60,0,0,0,60
09/02/2010,LWS,ID,ANM,WE,Federal Contract Tower,8,8,3,0,19,0,12,51,0,63,8,20,54,0,82,42,0,42,124
09/03/2010,LWS,ID,ANM,WE,Federal Contract Tower,9,9,2,0,20,0,5,45,0,50,9,14,47,0,70,30,0,30,100
09/04/2010,LWS,ID,ANM,WE,Federal Contract Tower,4,4,6,0,14,0,2,33,0,35,4,6,39,0,49,16,0,16,65
09/05/2010,LWS,ID,ANM,WE,Federal Contract Tower,4,2,2,0,8,0,0,16,0,16,4,2,18,0,24,0,0,0,24
09/06/2010,LWS,ID,ANM,WE,Federal Contract Tower,7,5,3,0,15,0,3,49,1,53,7,8,52,1,68,22,0,22,90
09/07/2010,LWS,ID,ANM,WE,Federal Contract Tower,7,8,7,0,22,0,7,46,0,53,7,15,53,0,75,32,0,32,107
09/08/2010,LWS,ID,ANM,WE,Federal Contract Tower,7,10,14,0,31,0,7,27,0,34,7,17,41,0,65,0,0,0,65
09/09/2010,LWS,ID,ANM,WE,Federal Contract Tower,7,7,13,0,27,0,4,21,0,25,7,11,34,0,52,6,0,6,58
09/10/2010,LWS,ID,ANM,WE,Federal Contract Tower,9,8,4,0,21,0,4,41,0,45,9,12,45,0,66,96,0,96,162
09/11/2010,LWS,ID,ANM,WE,Federal Contract Tower,6,6,6,0,18,0,4,41,0,45,6,10,47,0,63,32,0,32,95
09/12/2010,LWS,ID,ANM,WE,Federal Contract Tower,7,3,1,0,11,0,0,47,0,47,7,3,48,0,58,60,0,60,118
09/13/2010,LWS,ID,ANM,WE,Federal Contract Tower,7,6,0,0,13,0,16,57,0,73,7,22,57,0,86,64,0,64,150
09/14/2010,LWS,ID,ANM,WE,Federal Contract Tower,7,8,0,0,15,0,6,45,0,51,7,14,45,0,66,30,0,30,96
09/15/2010,LWS,ID,ANM,WE,Federal Contract Tower,7,8,9,0,24,0,9,51,0,60,7,17,60,0,84,48,0,48,132
09/16/2010,LWS,ID,ANM,WE,Federal Contract Tower,7,7,2,0,16,0,2,32,2,36,7,9,34,2,52,18,0,18,70
09/17/2010,LWS,ID,ANM,WE,Federal Contract Tower,10,8,8,0,26,0,7,27,0,34,10,15,35,0,60,20,0,20,80
09/18/2010,LWS,ID,ANM,WE,Federal Contract Tower,4,5,0,0,9,0,1,28,2,31,4,6,28,2,40,50,0,50,90
09/19/2010,LWS,ID,ANM,WE,Federal Contract Tower,7,5,7,0,19,0,0,4,0,4,7,5,11,0,23,38,0,38,61
09/20/2010,LWS,ID,ANM,WE,Federal Contract Tower,7,7,4,0,18,0,4,26,0,30,7,11,30,0,48,26,0,26,74
09/21/2010,LWS,ID,ANM,WE,Federal Contract Tower,7,10,11,0,28,0,4,61,0,65,7,14,72,0,93,32,0,32,125
09/22/2010,LWS,ID,ANM,WE,Federal Contract Tower,7,9,4,0,20,0,10,51,0,61,7,19,55,0,81,18,0,18,99
09/23/2010,LWS,ID,ANM,WE,Federal Contract Tower,7,9,5,0,21,0,3,47,0,50,7,12,52,0,71,24,0,24,95
09/24/2010,LWS,ID,ANM,WE,Federal Contract Tower,11,10,11,0,32,0,5,50,0,55,11,15,61,0,87,44,0,44,131
09/25/2010,LWS,ID,ANM,WE,Federal Contract Tower,8,4,5,0,17,0,3,124,0,127,8,7,129,0,144,108,0,108,252
09/26/2010,LWS,ID,ANM,WE,Federal Contract Tower,7,2,1,0,10,0,4,52,0,56,7,6,53,0,66,54,0,54,120
09/27/2010,LWS,ID,ANM,WE,Federal Contract Tower,7,7,5,0,19,0,8,54,0,62,7,15,59,0,81,34,0,34,115
09/28/2010,LWS,ID,ANM,WE,Federal Contract Tower,7,9,5,0,21,0,10,44,0,54,7,19,49,0,75,22,0,22,97
09/29/2010,LWS,ID,ANM,WE,Federal Contract Tower,8,10,5,0,23,0,2,62,0,64,8,12,67,0,87,28,0,28,115
09/30/2010,LWS,ID,ANM,WE,Federal Contract Tower,7,9,8,0,24,0,9,71,0,80,7,18,79,0,104,20,0,20,124
10/01/2010,LWS,ID,ANM,WE,Federal Contract Tower,9,7,3,0,19,0,4,43,0,47,9,11,46,0,66,8,0,8,74
10/02/2010,LWS,ID,ANM,WE,Federal Contract Tower,7,5,4,4,20,0,8,73,0,81,7,13,77,4,101,56,0,56,157
10/03/2010,LWS,ID,ANM,WE,Federal Contract Tower,8,2,3,0,13,0,1,42,0,43,8,3,45,0,56,6,0,6,62
10/04/2010,LWS,ID,ANM,WE,Federal Contract Tower,7,8,2,0,17,0,0,23,0,23,7,8,25,0,40,18,0,18,58
10/05/2010,LWS,ID,ANM,WE,Federal Contract Tower,7,8,6,0,21,0,12,43,1,56,7,20,49,1,77,30,0,30,107
10/06/2010,LWS,ID,ANM,WE,Federal Contract Tower,9,7,7,0,23,0,6,74,0,80,9,13,81,0,103,64,0,64,167
10/07/2010,LWS,ID,ANM,WE,Federal Contract Tower,7,9,2,0,18,0,2,24,0,26,7,11,26,0,44,0,0,0,44
10/08/2010,LWS,ID,ANM,WE,Federal Contract Tower,9,11,8,0,28,0,4,26,1,31,9,15,34,1,59,40,0,40,99
10/09/2010,LWS,ID,ANM,WE,Federal Contract Tower,6,5,1,0,12,0,2,36,1,39,6,7,37,1,51,48,0,48,99
10/10/2010,LWS,ID,ANM,WE,Federal Contract Tower,7,2,4,0,13,0,1,23,0,24,7,3,27,0,37,54,0,54,91
10/11/2010,LWS,ID,ANM,WE,Federal Contract Tower,7,7,5,0,19,0,1,43,0,44,7,8,48,0,63,52,0,52,115
10/12/2010,LWS,ID,ANM,WE,Federal Contract Tower,7,9,6,1,23,0,5,48,1,54,7,14,54,2,77,36,0,36,113
10/13/2010,LWS,ID,ANM,WE,Federal Contract Tower,7,9,7,0,23,0,6,80,0,86,7,15,87,0,109,52,0,52,161
10/14/2010,LWS,ID,ANM,WE,Federal Contract Tower,7,8,7,0,22,0,6,45,0,51,7,14,52,0,73,2,0,2,75
10/15/2010,LWS,ID,ANM,WE,Federal Contract Tower,12,7,6,0,25,0,4,33,0,37,12,11,39,0,62,14,0,14,76
10/16/2010,LWS,ID,ANM,WE,Federal Contract Tower,5,4,2,0,11,0,4,36,0,40,5,8,38,0,51,18,0,18,69
10/17/2010,LWS,ID,ANM,WE,Federal Contract Tower,7,2,1,0,10,0,0,44,0,44,7,2,45,0,54,46,0,46,100
10/18/2010,LWS,ID,ANM,WE,Federal Contract Tower,7,6,9,0,22,0,3,71,0,74,7,9,80,0,96,24,0,24,120
10/19/2010,LWS,ID,ANM,WE,Federal Contract Tower,7,10,9,0,26,0,5,61,0,66,7,15,70,0,92,14,0,14,106
10/20/2010,LWS,ID,ANM,WE,Federal Contract Tower,7,9,10,0,26,0,13,59,1,73,7,22,69,1,99,44,0,44,143
10/21/2010,LWS,ID,ANM,WE,Federal Contract Tower,7,8,5,0,20,0,5,62,0,67,7,13,67,0,87,16,0,16,103
10/22/2010,LWS,ID,ANM,WE,Federal Contract Tower,8,8,1,0,17,0,5,60,0,65,8,13,61,0,82,64,0,64,146
10/23/2010,LWS,ID,ANM,WE,Federal Contract Tower,5,7,7,0,19,0,0,9,0,9,5,7,16,0,28,34,0,34,62
10/24/2010,LWS,ID,ANM,WE,Federal Contract Tower,3,4,4,0,11,0,0,6,0,6,3,4,10,0,17,6,0,6,23
10/25/2010,LWS,ID,ANM,WE,Federal Contract Tower,7,6,5,0,18,0,0,20,0,20,7,6,25,0,38,10,0,10,48
10/26/2010,LWS,ID,ANM,WE,Federal Contract Tower,7,10,3,0,20,0,2,21,0,23,7,12,24,0,43,12,0,12,55
10/27/2010,LWS,ID,ANM,WE,Federal Contract Tower,7,8,5,0,20,0,6,44,0,50,7,14,49,0,70,62,0,62,132
10/28/2010,LWS,ID,ANM,WE,Federal Contract Tower,7,7,10,0,24,0,3,43,0,46,7,10,53,0,70,42,0,42,112
10/29/2010,LWS,ID,ANM,WE,Federal Contract Tower,9,13,10,0,32,0,1,5,1,7,9,14,15,1,39,10,0,10,49
10/30/2010,LWS,ID,ANM,WE,Federal Contract Tower,4,5,5,0,14,0,4,17,2,23,4,9,22,2,37,12,0,12,49
10/31/2010,LWS,ID,ANM,WE,Federal Contract Tower,9,2,5,0,16,0,0,11,1,12,9,2,16,1,28,38,0,38,66
11/01/2010,LWS,ID,ANM,WE,Federal Contract Tower,7,9,5,0,21,0,3,24,0,27,7,12,29,0,48,0,0,0,48
11/02/2010,LWS,ID,ANM,WE,Federal Contract Tower,6,9,6,0,21,1,3,30,0,34,7,12,36,0,55,42,0,42,97
11/03/2010,LWS,ID,ANM,WE,Federal Contract Tower,7,8,6,0,21,0,6,76,0,82,7,14,82,0,103,90,0,90,193
11/04/2010,LWS,ID,ANM,WE,Federal Contract Tower,8,10,6,0,24,0,2,31,2,35,8,12,37,2,59,18,0,18,77
11/05/2010,LWS,ID,ANM,WE,Federal Contract Tower,9,9,6,0,24,0,4,66,0,70,9,13,72,0,94,30,0,30,124
11/06/2010,LWS,ID,ANM,WE,Federal Contract Tower,6,2,4,0,12,0,5,41,0,46,6,7,45,0,58,62,0,62,120
11/07/2010,LWS,ID,ANM,WE,Federal Contract Tower,7,2,6,0,15,0,0,6,0,6,7,2,12,0,21,28,0,28,49
11/08/2010,LWS,ID,ANM,WE,Federal Contract Tower,7,8,5,0,20,0,3,19,0,22,7,11,24,0,42,14,0,14,56
11/09/2010,LWS,ID,ANM,WE,Federal Contract Tower,7,10,1,0,18,0,3,36,0,39,7,13,37,0,57,60,0,60,117
11/10/2010,LWS,ID,ANM,WE,Federal Contract Tower,7,12,6,0,25,0,4,32,0,36,7,16,38,0,61,54,0,54,115
11/11/2010,LWS,ID,ANM,WE,Federal Contract Tower,7,7,2,2,18,0,3,62,0,65,7,10,64,2,83,90,0,90,173
11/12/2010,LWS,ID,ANM,WE,Federal Contract Tower,7,10,7,0,24,0,2,36,0,38,7,12,43,0,62,60,0,60,122
11/13/2010,LWS,ID,ANM,WE,Federal Contract Tower,5,5,1,0,11,0,0,3,0,3,5,5,4,0,14,0,0,0,14
11/14/2010,LWS,ID,ANM,WE,Federal Contract Tower,7,4,5,0,16,0,0,1,0,1,7,4,6,0,17,0,0,0,17
11/15/2010,LWS,ID,ANM,WE,Federal Contract Tower,7,8,1,0,16,0,2,22,0,24,7,10,23,0,40,6,0,6,46
11/16/2010,LWS,ID,ANM,WE,Federal Contract Tower,7,11,3,0,21,0,6,23,0,29,7,17,26,0,50,0,0,0,50
11/17/2010,LWS,ID,ANM,WE,Federal Contract Tower,7,8,12,1,28,0,12,52,1,65,7,20,64,2,93,88,0,88,181
11/18/2010,LWS,ID,ANM,WE,Federal Contract Tower,7,8,7,0,22,0,5,22,0,27,7,13,29,0,49,62,0,62,111
11/19/2010,LWS,ID,ANM,WE,Federal Contract Tower,9,8,10,0,27,0,2,32,0,34,9,10,42,0,61,16,0,16,77
11/20/2010,LWS,ID,ANM,WE,Federal Contract Tower,8,7,3,1,19,0,3,28,3,34,8,10,31,4,53,64,18,82,135
11/21/2010,LWS,ID,ANM,WE,Federal Contract Tower,6,3,13,0,22,0,0,4,0,4,6,3,17,0,26,0,0,0,26
11/22/2010,LWS,ID,ANM,WE,Federal Contract Tower,7,12,5,0,24,0,0,3,0,3,7,12,8,0,27,0,0,0,27
11/23/2010,LWS,ID,ANM,WE,Federal Contract Tower,7,13,0,0,20,0,1,8,0,9,7,14,8,0,29,0,0,0,29
11/24/2010,LWS,ID,ANM,WE,Federal Contract Tower,5,8,5,0,18,0,11,24,0,35,5,19,29,0,53,0,0,0,53
11/25/2010,LWS,ID,ANM,WE,Federal Contract Tower,4,1,2,0,7,0,0,2,0,2,4,1,4,0,9,4,0,4,13
11/26/2010,LWS,ID,ANM,WE,Federal Contract Tower,7,7,0,0,14,0,4,5,0,9,7,11,5,0,23,4,0,4,27
11/27/2010,LWS,ID,ANM,WE,Federal Contract Tower,7,8,0,0,15,0,0,0,0,0,7,8,0,0,15,0,0,0,15
11/28/2010,LWS,ID,ANM,WE,Federal Contract Tower,8,3,12,0,23,0,0,0,0,0,8,3,12,0,23,0,0,0,23
11/29/2010,LWS,ID,ANM,WE,Federal Contract Tower,7,9,9,0,25,0,5,32,0,37,7,14,41,0,62,12,0,12,74
11/30/2010,LWS,ID,ANM,WE,Federal Contract Tower,7,7,7,2,23,0,0,0,0,0,7,7,7,2,23,0,0,0,23
12/01/2010,LWS,ID,ANM,WE,Federal Contract Tower,7,10,8,0,25,0,0,5,0,5,7,10,13,0,30,0,0,0,30
12/02/2010,LWS,ID,ANM,WE,Federal Contract Tower,8,14,7,0,29,0,0,0,0,0,8,14,7,0,29,0,0,0,29
12/03/2010,LWS,ID,ANM,WE,Federal Contract Tower,10,8,6,4,28,0,3,17,2,22,10,11,23,6,50,46,8,54,104
12/04/2010,LWS,ID,ANM,WE,Federal Contract Tower,6,5,3,0,14,0,3,21,0,24,6,8,24,0,38,10,0,10,48
12/05/2010,LWS,ID,ANM,WE,Federal Contract Tower,7,2,6,0,15,0,2,19,0,21,7,4,25,0,36,32,0,32,68
12/06/2010,LWS,ID,ANM,WE,Federal Contract Tower,7,9,7,0,23,0,0,8,0,8,7,9,15,0,31,0,0,0,31
12/07/2010,LWS,ID,ANM,WE,Federal Contract Tower,7,10,3,0,20,0,9,45,0,54,7,19,48,0,74,102,0,102,176
12/08/2010,LWS,ID,ANM,WE,Federal Contract Tower,7,10,8,0,25,0,2,51,0,53,7,12,59,0,78,122,0,122,200
12/09/2010,LWS,ID,ANM,WE,Federal Contract Tower,7,7,10,0,24,0,4,39,0,43,7,11,49,0,67,96,0,96,163
12/10/2010,LWS,ID,ANM,WE,Federal Contract Tower,7,10,8,0,25,0,2,39,0,41,7,12,47,0,66,128,0,128,194
12/11/2010,LWS,ID,ANM,WE,Federal Contract Tower,4,3,1,0,8,0,0,13,0,13,4,3,14,0,21,16,0,16,37
12/12/2010,LWS,ID,ANM,WE,Federal Contract Tower,7,2,3,0,12,0,0,7,0,7,7,2,10,0,19,10,0,10,29
12/13/2010,LWS,ID,ANM,WE,Federal Contract Tower,7,6,5,0,18,0,2,51,0,53,7,8,56,0,71,264,0,264,335
12/14/2010,LWS,ID,ANM,WE,Federal Contract Tower,7,9,1,0,17,0,2,30,0,32,7,11,31,0,49,144,0,144,193
12/15/2010,LWS,ID,ANM,WE,Federal Contract Tower,7,9,5,6,27,0,5,59,0,64,7,14,64,6,91,258,0,258,349
12/16/2010,LWS,ID,ANM,WE,Federal Contract Tower,7,7,10,0,24,0,4,38,0,42,7,11,48,0,66,136,0,136,202
12/17/2010,LWS,ID,ANM,WE,Federal Contract Tower,7,9,11,0,27,0,7,41,0,48,7,16,52,0,75,32,0,32,107
12/18/2010,LWS,ID,ANM,WE,Federal Contract Tower,7,6,3,0,16,0,0,20,0,20,7,6,23,0,36,36,0,36,72
12/19/2010,LWS,ID,ANM,WE,Federal Contract Tower,7,5,6,0,18,0,4,6,0,10,7,9,12,0,28,14,0,14,42
12/20/2010,LWS,ID,ANM,WE,Federal Contract Tower,7,8,5,0,20,0,4,6,0,10,7,12,11,0,30,0,0,0,30
12/21/2010,LWS,ID,ANM,WE,Federal Contract Tower,7,11,3,0,21,0,3,31,0,34,7,14,34,0,55,32,0,32,87
12/22/2010,LWS,ID,ANM,WE,Federal Contract Tower,7,9,3,0,19,0,6,11,0,17,7,15,14,0,36,28,0,28,64
12/23/2010,LWS,ID,ANM,WE,Federal Contract Tower,7,9,5,0,21,0,2,13,0,15,7,11,18,0,36,16,0,16,52
12/24/2010,LWS,ID,ANM,WE,Federal Contract Tower,8,7,0,0,15,0,4,11,0,15,8,11,11,0,30,10,0,10,40
12/25/2010,LWS,ID,ANM,WE,Federal Contract Tower,5,2,0,0,7,0,1,6,0,7,5,3,6,0,14,12,0,12,26
12/26/2010,LWS,ID,ANM,WE,Federal Contract Tower,8,2,4,0,14,0,1,6,0,7,8,3,10,0,21,14,0,14,35
12/27/2010,LWS,ID,ANM,WE,Federal Contract Tower,7,7,2,4,20,0,2,11,0,13,7,9,13,4,33,16,0,16,49
12/28/2010,LWS,ID,ANM,WE,Federal Contract Tower,7,10,0,0,17,0,0,0,0,0,7,10,0,0,17,0,0,0,17
12/29/2010,LWS,ID,ANM,WE,Federal Contract Tower,7,9,3,0,19,0,2,0,0,2,7,11,3,0,21,0,0,0,21
12/30/2010,LWS,ID,ANM,WE,Federal Contract Tower,7,13,4,0,24,0,4,2,0,6,7,17,6,0,30,0,0,0,30
12/31/2010,LWS,ID,ANM,WE,Federal Contract Tower,4,8,0,0,12,0,2,24,0,26,4,10,24,0,38,0,0,0,38
01/01/2011,LWS,ID,ANM,WE,Federal Contract Tower,4,2,1,0,7,0,1,20,0,21,4,3,21,0,28,12,0,12,40
01/02/2011,LWS,ID,ANM,WE,Federal Contract Tower,7,4,6,0,17,0,2,16,0,18,7,6,22,0,35,0,0,0,35
01/03/2011,LWS,ID,ANM,WE,Federal Contract Tower,7,9,11,0,27,0,4,14,0,18,7,13,25,0,45,2,0,2,47
01/04/2011,LWS,ID,ANM,WE,Federal Contract Tower,7,8,4,0,19,0,3,21,0,24,7,11,25,0,43,4,0,4,47
01/05/2011,LWS,ID,ANM,WE,Federal Contract Tower,7,9,6,0,22,0,3,22,0,25,7,12,28,0,47,10,0,10,57
01/06/2011,LWS,ID,ANM,WE,Federal Contract Tower,7,12,6,2,27,0,2,11,1,14,7,14,17,3,41,0,24,24,65
01/07/2011,LWS,ID,ANM,WE,Federal Contract Tower,7,10,4,2,23,0,7,12,0,19,7,17,16,2,42,54,28,82,124
01/08/2011,LWS,ID,ANM,WE,Federal Contract Tower,5,4,2,0,11,0,1,17,0,18,5,5,19,0,29,22,0,22,51
01/09/2011,LWS,ID,ANM,WE,Federal Contract Tower,6,2,5,0,13,0,0,27,0,27,6,2,32,0,40,34,0,34,74
01/10/2011,LWS,ID,ANM,WE,Federal Contract Tower,7,6,2,0,15,0,2,18,0,20,7,8,20,0,35,0,0,0,35
01/11/2011,LWS,ID,ANM,WE,Federal Contract Tower,7,10,11,0,28,0,2,18,2,22,7,12,29,2,50,0,0,0,50
01/12/2011,LWS,ID,ANM,WE,Federal Contract Tower,7,8,3,0,18,0,0,2,0,2,7,8,5,0,20,0,0,0,20
01/13/2011,LWS,ID,ANM,WE,Federal Contract Tower,7,6,2,0,15,0,5,0,0,5,7,11,2,0,20,0,0,0,20
01/14/2011,LWS,ID,ANM,WE,Federal Contract Tower,7,8,5,0,20,0,3,6,0,9,7,11,11,0,29,54,0,54,83
01/15/2011,LWS,ID,ANM,WE,Federal Contract Tower,4,2,3,0,9,0,1,36,0,37,4,3,39,0,46,94,0,94,140
01/16/2011,LWS,ID,ANM,WE,Federal Contract Tower,7,0,2,0,9,0,0,1,0,1,7,0,3,0,10,0,0,0,10
01/17/2011,LWS,ID,ANM,WE,Federal Contract Tower,7,4,5,0,16,0,2,3,0,5,7,6,8,0,21,0,0,0,21
01/18/2011,LWS,ID,ANM,WE,Federal Contract Tower,7,9,2,0,18,0,3,29,0,32,7,12,31,0,50,68,0,68,118
01/19/2011,LWS,ID,ANM,WE,Federal Contract Tower,9,8,4,0,21,0,5,47,0,52,9,13,51,0,73,102,0,102,175
01/20/2011,LWS,ID,ANM,WE,Federal Contract Tower,7,9,7,0,23,0,3,29,0,32,7,12,36,0,55,16,0,16,71
01/21/2011,LWS,ID,ANM,WE,Federal Contract Tower,7,13,6,0,26,0,3,6,0,9,7,16,12,0,35,30,0,30,65
01/22/2011,LWS,ID,ANM,WE,Federal Contract Tower,6,4,0,0,10,0,2,39,0,41,6,6,39,0,51,64,0,64,115
01/23/2011,LWS,ID,ANM,WE,Federal Contract Tower,7,2,4,0,13,0,0,42,0,42,7,2,46,0,55,26,0,26,81
01/24/2011,LWS,ID,ANM,WE,Federal Contract Tower,7,9,3,0,19,0,4,3,0,7,7,13,6,0,26,0,0,0,26
01/25/2011,LWS,ID,ANM,WE,Federal Contract Tower,7,13,9,3,32,0,2,27,2,31,7,15,36,5,63,72,26,98,161
01/26/2011,LWS,ID,ANM,WE,Federal Contract Tower,7,9,4,0,20,0,4,24,0,28,7,13,28,0,48,18,0,18,66
01/27/2011,LWS,ID,ANM,WE,Federal Contract Tower,7,7,15,0,29,0,3,28,0,31,7,10,43,0,60,18,0,18,78
01/28/2011,LWS,ID,ANM,WE,Federal Contract Tower,6,10,6,0,22,0,2,14,0,16,6,12,20,0,38,2,0,2,40
01/29/2011,LWS,ID,ANM,WE,Federal Contract Tower,5,4,2,0,11,0,1,9,0,10,5,5,11,0,21,18,0,18,39
01/30/2011,LWS,ID,ANM,WE,Federal Contract Tower,9,3,0,0,12,0,0,5,0,5,9,3,5,0,17,4,0,4,21
01/31/2011,LWS,ID,ANM,WE,Federal Contract Tower,6,6,4,0,16,0,5,15,0,20,6,11,19,0,36,6,0,6,42
02/01/2011,LWS,ID,ANM,WE,Federal Contract Tower,7,12,10,0,29,0,8,45,0,53,7,20,55,0,82,40,0,40,122
02/02/2011,LWS,ID,ANM,WE,Federal Contract Tower,7,7,3,2,19,0,8,44,1,53,7,15,47,3,72,18,32,50,122
02/03/2011,LWS,ID,ANM,WE,Federal Contract Tower,7,7,4,2,20,0,13,38,0,51,7,20,42,2,71,12,16,28,99
02/04/2011,LWS,ID,ANM,WE,Federal Contract Tower,7,8,5,0,20,0,1,14,0,15,7,9,19,0,35,36,0,36,71
02/05/2011,LWS,ID,ANM,WE,Federal Contract Tower,5,2,8,0,15,0,7,46,0,53,5,9,54,0,68,70,0,70,138
02/06/2011,LWS,ID,ANM,WE,Federal Contract Tower,6,4,0,0,10,0,0,4,0,4,6,4,4,0,14,0,0,0,14
02/07/2011,LWS,ID,ANM,WE,Federal Contract Tower,7,10,3,0,20,0,4,4,0,8,7,14,7,0,28,0,0,0,28
02/08/2011,LWS,ID,ANM,WE,Federal Contract Tower,7,11,14,0,32,0,0,9,0,9,7,11,23,0,41,16,0,16,57
02/09/2011,LWS,ID,ANM,WE,Federal Contract Tower,6,10,12,0,28,0,3,33,0,36,6,13,45,0,64,72,0,72,136
02/10/2011,LWS,ID,ANM,WE,Federal Contract Tower,7,8,6,2,23,0,6,64,0,70,7,14,70,2,93,32,4,36,129
02/11/2011,LWS,ID,ANM,WE,Federal Contract Tower,7,10,8,0,25,0,3,46,0,49,7,13,54,0,74,16,0,16,90
02/12/2011,LWS,ID,ANM,WE,Federal Contract Tower,4,4,3,0,11,0,1,2,0,3,4,5,5,0,14,2,0,2,16
02/13/2011,LWS,ID,ANM,WE,Federal Contract Tower,7,2,1,0,10,0,5,27,0,32,7,7,28,0,42,44,0,44,86
02/14/2011,LWS,ID,ANM,WE,Federal Contract Tower,7,9,4,0,20,0,6,25,0,31,7,15,29,0,51,0,0,0,51
02/15/2011,LWS,ID,ANM,WE,Federal Contract Tower,7,9,8,0,24,0,1,3,0,4,7,10,11,0,28,0,0,0,28
02/16/2011,LWS,ID,ANM,WE,Federal Contract Tower,7,8,16,0,31,0,1,16,0,17,7,9,32,0,48,2,0,2,50
02/17/2011,LWS,ID,ANM,WE,Federal Contract Tower,7,11,8,0,26,0,0,24,1,25,7,11,32,1,51,8,0,8,59
02/18/2011,LWS,ID,ANM,WE,Federal Contract Tower,7,11,11,0,29,0,0,1,0,1,7,11,12,0,30,0,0,0,30
02/19/2011,LWS,ID,ANM,WE,Federal Contract Tower,4,2,3,0,9,0,0,30,1,31,4,2,33,1,40,60,0,60,100
02/20/2011,LWS,ID,ANM,WE,Federal Contract Tower,7,0,0,0,7,0,1,22,2,25,7,1,22,2,32,32,0,32,64
02/21/2011,LWS,ID,ANM,WE,Federal Contract Tower,7,6,14,0,27,0,1,52,0,53,7,7,66,0,80,110,0,110,190
02/22/2011,LWS,ID,ANM,WE,Federal Contract Tower,7,8,2,0,17,0,1,19,0,20,7,9,21,0,37,22,0,22,59
02/23/2011,LWS,ID,ANM,WE,Federal Contract Tower,5,9,2,0,16,0,8,10,0,18,5,17,12,0,34,0,0,0,34
02/24/2011,LWS,ID,ANM,WE,Federal Contract Tower,7,13,10,0,30,0,2,6,0,8,7,15,16,0,38,16,0,16,54
02/25/2011,LWS,ID,ANM,WE,Federal Contract Tower,7,7,6,0,20,0,11,13,0,24,7,18,19,0,44,8,0,8,52
02/26/2011,LWS,ID,ANM,WE,Federal Contract Tower,4,2,2,0,8,0,2,19,0,21,4,4,21,0,29,32,0,32,61
02/27/2011,LWS,ID,ANM,WE,Federal Contract Tower,7,6,3,0,16,0,2,4,0,6,7,8,7,0,22,0,0,0,22
02/28/2011,LWS,ID,ANM,WE,Federal Contract Tower,8,10,5,2,25,0,0,3,0,3,8,10,8,2,28,0,0,0,28
03/01/2011,LWS,ID,ANM,WE,Federal Contract Tower,7,10,3,0,20,0,3,12,0,15,7,13,15,0,35,34,0,34,69
03/02/2011,LWS,ID,ANM,WE,Federal Contract Tower,7,10,2,0,19,0,2,20,0,22,7,12,22,0,41,32,0,32,73
03/03/2011,LWS,ID,ANM,WE,Federal Contract Tower,7,10,7,0,24,0,3,39,0,42,7,13,46,0,66,22,0,22,88
03/04/2011,LWS,ID,ANM,WE,Federal Contract Tower,7,7,7,4,25,0,3,30,0,33,7,10,37,4,58,14,0,14,72
03/05/2011,LWS,ID,ANM,WE,Federal Contract Tower,4,1,3,0,8,0,4,26,0,30,4,5,29,0,38,66,0,66,104
03/06/2011,LWS,ID,ANM,WE,Federal Contract Tower,7,2,0,3,12,0,1,32,4,37,7,3,32,7,49,14,2,16,65
03/07/2011,LWS,ID,ANM,WE,Federal Contract Tower,7,7,6,6,26,0,2,34,0,36,7,9,40,6,62,28,16,44,106
03/08/2011,LWS,ID,ANM,WE,Federal Contract Tower,7,8,12,0,27,0,2,36,0,38,7,10,48,0,65,40,0,40,105
03/09/2011,LWS,ID,ANM,WE,Federal Contract Tower,7,9,8,0,24,0,0,22,0,22,7,9,30,0,46,16,0,16,62
03/10/2011,LWS,ID,ANM,WE,Federal Contract Tower,9,11,1,2,23,0,5,10,0,15,9,16,11,2,38,10,0,10,48
03/11/2011,LWS,ID,ANM,WE,Federal Contract Tower,7,10,10,0,27,0,3,44,0,47,7,13,54,0,74,42,0,42,116
03/12/2011,LWS,ID,ANM,WE,Federal Contract Tower,4,2,4,0,10,0,1,27,0,28,4,3,31,0,38,38,0,38,76
03/13/2011,LWS,ID,ANM,WE,Federal Contract Tower,7,2,1,0,10,0,0,9,0,9,7,2,10,0,19,24,0,24,43
03/14/2011,LWS,ID,ANM,WE,Federal Contract Tower,7,7,3,2,19,0,3,31,0,34,7,10,34,2,53,12,30,42,95
03/15/2011,LWS,ID,ANM,WE,Federal Contract Tower,7,10,4,2,23,0,1,20,0,21,7,11,24,2,44,20,0,20,64
03/16/2011,LWS,ID,ANM,WE,Federal Contract Tower,7,7,0,0,14,0,8,72,0,80,7,15,72,0,94,36,0,36,130
03/17/2011,LWS,ID,ANM,WE,Federal Contract Tower,7,10,6,0,23,0,3,50,0,53,7,13,56,0,76,28,0,28,104
03/18/2011,LWS,ID,ANM,WE,Federal Contract Tower,7,8,1,0,16,0,3,57,0,60,7,11,58,0,76,8,0,8,84
03/19/2011,LWS,ID,ANM,WE,Federal Contract Tower,4,1,0,0,5,0,2,14,0,16,4,3,14,0,21,16,0,16,37
03/20/2011,LWS,ID,ANM,WE,Federal Contract Tower,7,2,3,0,12,0,2,21,0,23,7,4,24,0,35,18,0,18,53
03/21/2011,LWS,ID,ANM,WE,Federal Contract Tower,7,10,4,0,21,0,2,4,0,6,7,12,8,0,27,0,0,0,27
03/22/2011,LWS,ID,ANM,WE,Federal Contract Tower,7,10,8,2,27,0,3,77,0,80,7,13,85,2,107,48,4,52,159
03/23/2011,LWS,ID,ANM,WE,Federal Contract Tower,9,9,7,0,25,0,8,102,0,110,9,17,109,0,135,126,0,126,261
03/24/2011,LWS,ID,ANM,WE,Federal Contract Tower,7,7,8,0,22,0,4,64,0,68,7,11,72,0,90,30,0,30,120
03/25/2011,LWS,ID,ANM,WE,Federal Contract Tower,8,10,3,0,21,0,3,39,0,42,8,13,42,0,63,44,0,44,107
03/26/2011,LWS,ID,ANM,WE,Federal Contract Tower,5,3,2,0,10,0,7,33,0,40,5,10,35,0,50,54,0,54,104
03/27/2011,LWS,ID,ANM,WE,Federal Contract Tower,7,2,7,0,16,0,1,11,0,12,7,3,18,0,28,6,0,6,34
03/28/2011,LWS,ID,ANM,WE,Federal Contract Tower,7,6,4,0,17,0,5,30,2,37,7,11,34,2,54,10,0,10,64
03/29/2011,LWS,ID,ANM,WE,Federal Contract Tower,7,12,7,0,26,0,0,27,0,27,7,12,34,0,53,40,0,40,93
03/30/2011,LWS,ID,ANM,WE,Federal Contract Tower,7,11,6,0,24,0,1,10,0,11,7,12,16,0,35,0,0,0,35
03/31/2011,LWS,ID,ANM,WE,Federal Contract Tower,7,9,12,4,32,0,4,7,0,11,7,13,19,4,43,0,0,0,43
04/01/2011,LWS,ID,ANM,WE,Federal Contract Tower,6,9,2,0,17,0,3,81,8,92,6,12,83,8,109,34,0,34,143
04/02/2011,LWS,ID,ANM,WE,Federal Contract Tower,4,4,1,0,9,0,0,0,0,0,4,4,1,0,9,0,0,0,9
04/03/2011,LWS,ID,ANM,WE,Federal Contract Tower,7,2,0,0,9,0,0,27,0,27,7,2,27,0,36,6,0,6,42
04/04/2011,LWS,ID,ANM,WE,Federal Contract Tower,7,8,0,2,17,0,1,11,0,12,7,9,11,2,29,0,0,0,29
04/05/2011,LWS,ID,ANM,WE,Federal Contract Tower,7,12,11,0,30,0,1,14,0,15,7,13,25,0,45,6,0,6,51
04/06/2011,LWS,ID,ANM,WE,Federal Contract Tower,7,10,6,0,23,0,3,19,0,22,7,13,25,0,45,42,0,42,87
04/07/2011,LWS,ID,ANM,WE,Federal Contract Tower,7,10,15,2,34,0,2,50,0,52,7,12,65,2,86,36,0,36,122
04/08/2011,LWS,ID,ANM,WE,Federal Contract Tower,6,10,6,0,22,0,10,58,2,70,6,20,64,2,92,52,0,52,144
04/09/2011,LWS,ID,ANM,WE,Federal Contract Tower,4,1,1,0,6,0,2,42,0,44,4,3,43,0,50,60,0,60,110
04/10/2011,LWS,ID,ANM,WE,Federal Contract Tower,7,2,3,0,12,0,3,14,0,17,7,5,17,0,29,14,0,14,43
04/11/2011,LWS,ID,ANM,WE,Federal Contract Tower,7,7,0,0,14,0,2,2,0,4,7,9,2,0,18,0,0,0,18
04/12/2011,LWS,ID,ANM,WE,Federal Contract Tower,7,9,10,0,26,0,10,103,0,113,7,19,113,0,139,80,0,80,219
04/13/2011,LWS,ID,ANM,WE,Federal Contract Tower,7,16,5,0,28,0,2,18,0,20,7,18,23,0,48,36,0,36,84
04/14/2011,LWS,ID,ANM,WE,Federal Contract Tower,7,7,6,0,20,0,3,18,0,21,7,10,24,0,41,24,0,24,65
04/15/2011,LWS,ID,ANM,WE,Federal Contract Tower,7,8,6,0,21,0,3,33,0,36,7,11,39,0,57,34,0,34,91
04/16/2011,LWS,ID,ANM,WE,Federal Contract Tower,4,3,4,2,13,0,2,28,10,40,4,5,32,12,53,64,0,64,117
04/17/2011,LWS,ID,ANM,WE,Federal Contract Tower,5,1,2,0,8,0,1,14,0,15,5,2,16,0,23,6,0,6,29
04/18/2011,LWS,ID,ANM,WE,Federal Contract Tower,7,12,8,0,27,0,4,26,0,30,7,16,34,0,57,2,0,2,59
04/19/2011,LWS,ID,ANM,WE,Federal Contract Tower,7,10,6,0,23,0,4,42,0,46,7,14,48,0,69,58,0,58,127
04/20/2011,LWS,ID,ANM,WE,Federal Contract Tower,7,8,12,0,27,0,3,48,0,51,7,11,60,0,78,42,0,42,120
04/21/2011,LWS,ID,ANM,WE,Federal Contract Tower,7,9,9,0,25,0,4,6,0,10,7,13,15,0,35,2,0,2,37
04/22/2011,LWS,ID,ANM,WE,Federal Contract Tower,7,8,8,0,23,0,2,54,2,58,7,10,62,2,81,36,0,36,117
04/23/2011,LWS,ID,ANM,WE,Federal Contract Tower,4,3,2,0,9,0,0,70,0,70,4,3,72,0,79,54,0,54,133
04/24/2011,LWS,ID,ANM,WE,Federal Contract Tower,7,2,3,0,12,0,0,13,0,13,7,2,16,0,25,0,0,0,25
04/25/2011,LWS,ID,ANM,WE,Federal Contract Tower,7,6,4,3,20,0,2,10,7,19,7,8,14,10,39,10,0,10,49
04/26/2011,LWS,ID,ANM,WE,Federal Contract Tower,7,13,8,0,28,0,3,46,0,49,7,16,54,0,77,46,0,46,123
04/27/2011,LWS,ID,ANM,WE,Federal Contract Tower,7,8,9,0,24,0,1,40,0,41,7,9,49,0,65,50,0,50,115
04/28/2011,LWS,ID,ANM,WE,Federal Contract Tower,7,8,4,0,19,0,2,35,2,39,7,10,39,2,58,4,0,4,62
04/29/2011,LWS,ID,ANM,WE,Federal Contract Tower,7,11,5,0,23,0,8,20,0,28,7,19,25,0,51,22,0,22,73
04/30/2011,LWS,ID,ANM,WE,Federal Contract Tower,4,2,1,0,7,0,2,61,12,75,4,4,62,12,82,104,0,104,186
05/01/2011,LWS,ID,ANM,WE,Federal Contract Tower,7,4,4,0,15,0,1,52,0,53,7,5,56,0,68,44,0,44,112
05/02/2011,LWS,ID,ANM,WE,Federal Contract Tower,7,12,0,0,19,0,2,41,0,43,7,14,41,0,62,22,0,22,84
05/03/2011,LWS,ID,ANM,WE,Federal Contract Tower,7,11,5,0,23,0,4,48,0,52,7,15,53,0,75,40,0,40,115
05/04/2011,LWS,ID,ANM,WE,Federal Contract Tower,7,7,13,0,27,0,12,111,0,123,7,19,124,0,150,96,0,96,246
05/05/2011,LWS,ID,ANM,WE,Federal Contract Tower,7,8,1,0,16,0,2,50,0,52,7,10,51,0,68,50,0,50,118
05/06/2011,LWS,ID,ANM,WE,Federal Contract Tower,9,8,13,0,30,0,7,34,0,41,9,15,47,0,71,0,0,0,71
05/07/2011,LWS,ID,ANM,WE,Federal Contract Tower,4,1,1,0,6,0,4,16,0,20,4,5,17,0,26,22,0,22,48
05/08/2011,LWS,ID,ANM,WE,Federal Contract Tower,7,3,1,0,11,0,0,8,0,8,7,3,9,0,19,0,0,0,19
05/09/2011,LWS,ID,ANM,WE,Federal Contract Tower,9,6,13,0,28,0,1,20,0,21,9,7,33,0,49,24,0,24,73
05/10/2011,LWS,ID,ANM,WE,Federal Contract Tower,7,9,3,2,21,0,7,59,2,68,7,16,62,4,89,48,2,50,139
05/11/2011,LWS,ID,ANM,WE,Federal Contract Tower,7,8,6,0,21,0,8,76,2,86,7,16,82,2,107,120,0,120,227
05/12/2011,LWS,ID,ANM,WE,Federal Contract Tower,7,9,7,0,23,0,4,37,0,41,7,13,44,0,64,6,0,6,70
05/13/2011,LWS,ID,ANM,WE,Federal Contract Tower,7,7,3,0,17,0,4,53,0,57,7,11,56,0,74,14,0,14,88
05/14/2011,LWS,ID,ANM,WE,Federal Contract Tower,4,2,4,0,10,0,4,11,0,15,4,6,15,0,25,6,0,6,31
05/15/2011,LWS,ID,ANM,WE,Federal Contract Tower,7,4,4,0,15,0,4,9,0,13,7,8,13,0,28,4,0,4,32
05/16/2011,LWS,ID,ANM,WE,Federal Contract Tower,7,8,2,2,19,0,3,19,0,22,7,11,21,2,41,44,26,70,111
05/17/2011,LWS,ID,ANM,WE,Federal Contract Tower,7,10,7,2,26,0,5,36,0,41,7,15,43,2,67,50,0,50,117
05/18/2011,LWS,ID,ANM,WE,Federal Contract Tower,7,8,5,0,20,0,2,37,2,41,7,10,42,2,61,30,0,30,91
05/19/2011,LWS,ID,ANM,WE,Federal Contract Tower,7,6,10,2,25,0,11,56,0,67,7,17,66,2,92,72,0,72,164
05/20/2011,LWS,ID,ANM,WE,Federal Contract Tower,7,8,7,0,22,0,1,69,0,70,7,9,76,0,92,44,0,44,136
05/21/2011,LWS,ID,ANM,WE,Federal Contract Tower,4,3,0,0,7,0,2,96,0,98,4,5,96,0,105,30,0,30,135
05/22/2011,LWS,ID,ANM,WE,Federal Contract Tower,7,2,2,0,11,0,0,7,0,7,7,2,9,0,18,14,0,14,32
05/23/2011,LWS,ID,ANM,WE,Federal Contract Tower,7,7,3,0,17,0,5,47,0,52,7,12,50,0,69,6,0,6,75
05/24/2011,LWS,ID,ANM,WE,Federal Contract Tower,7,11,9,0,27,0,5,32,0,37,7,16,41,0,64,64,0,64,128
05/25/2011,LWS,ID,ANM,WE,Federal Contract Tower,7,9,5,0,21,0,19,89,0,108,7,28,94,0,129,50,0,50,179
05/26/2011,LWS,ID,ANM,WE,Federal Contract Tower,7,9,8,0,24,0,6,27,0,33,7,15,35,0,57,28,0,28,85
05/27/2011,LWS,ID,ANM,WE,Federal Contract Tower,7,8,10,0,25,0,3,52,2,57,7,11,62,2,82,74,0,74,156
05/28/2011,LWS,ID,ANM,WE,Federal Contract Tower,3,3,5,0,11,1,2,105,0,108,4,5,110,0,119,146,0,146,265
05/29/2011,LWS,ID,ANM,WE,Federal Contract Tower,7,3,2,0,12,0,1,95,0,96,7,4,97,0,108,8,0,8,116
05/30/2011,LWS,ID,ANM,WE,Federal Contract Tower,7,4,5,0,16,0,1,124,0,125,7,5,129,0,141,74,0,74,215
05/31/2011,LWS,ID,ANM,WE,Federal Contract Tower,7,8,9,0,24,0,5,33,0,38,7,13,42,0,62,44,0,44,106
06/01/2011,LWS,ID,ANM,WE,Federal Contract Tower,7,11,16,0,34,0,0,43,0,43,7,11,59,0,77,48,0,48,125
06/02/2011,LWS,ID,ANM,WE,Federal Contract Tower,7,13,6,0,26,0,3,18,0,21,7,16,24,0,47,0,0,0,47
06/03/2011,LWS,ID,ANM,WE,Federal Contract Tower,7,8,7,0,22,0,7,97,1,105,7,15,104,1,127,26,0,26,153
06/04/2011,LWS,ID,ANM,WE,Federal Contract Tower,4,3,3,0,10,0,4,102,0,106,4,7,105,0,116,78,0,78,194
06/05/2011,LWS,ID,ANM,WE,Federal Contract Tower,7,4,0,0,11,0,0,100,0,100,7,4,100,0,111,26,0,26,137
06/06/2011,LWS,ID,ANM,WE,Federal Contract Tower,7,7,6,0,20,0,4,40,0,44,7,11,46,0,64,14,0,14,78
06/07/2011,LWS,ID,ANM,WE,Federal Contract Tower,5,9,6,0,20,0,10,34,0,44,5,19,40,0,64,54,0,54,118
06/08/2011,LWS,ID,ANM,WE,Federal Contract Tower,5,10,4,0,19,0,11,71,0,82,5,21,75,0,101,28,0,28,129
06/09/2011,LWS,ID,ANM,WE,Federal Contract Tower,5,7,4,0,16,0,7,98,4,109,5,14,102,4,125,66,0,66,191
06/10/2011,LWS,ID,ANM,WE,Federal Contract Tower,5,8,2,0,15,0,9,64,8,81,5,17,66,8,96,60,0,60,156
06/11/2011,LWS,ID,ANM,WE,Federal Contract Tower,3,4,7,0,14,0,1,46,0,47,3,5,53,0,61,50,0,50,111
06/12/2011,LWS,ID,ANM,WE,Federal Contract Tower,5,2,1,0,8,0,3,35,0,38,5,5,36,0,46,26,0,26,72
06/13/2011,LWS,ID,ANM,WE,Federal Contract Tower,5,10,3,0,18,0,2,24,0,26,5,12,27,0,44,8,0,8,52
06/14/2011,LWS,ID,ANM,WE,Federal Contract Tower,5,7,3,4,19,0,10,79,0,89,5,17,82,4,108,68,16,84,192
06/15/2011,LWS,ID,ANM,WE,Federal Contract Tower,5,8,11,0,24,0,3,64,0,67,5,11,75,0,91,2,0,2,93
06/16/2011,LWS,ID,ANM,WE,Federal Contract Tower,5,8,8,2,23,0,5,85,0,90,5,13,93,2,113,52,6,58,171
06/17/2011,LWS,ID,ANM,WE,Federal Contract Tower,5,10,0,0,15,0,2,74,2,78,5,12,74,2,93,26,0,26,119
06/18/2011,LWS,ID,ANM,WE,Federal Contract Tower,3,3,2,0,8,0,6,51,0,57,3,9,53,0,65,24,0,24,89
06/19/2011,LWS,ID,ANM,WE,Federal Contract Tower,5,2,0,0,7,0,3,24,0,27,5,5,24,0,34,48,0,48,82
06/20/2011,LWS,ID,ANM,WE,Federal Contract Tower,5,6,2,0,13,0,3,72,0,75,5,9,74,0,88,12,0,12,100
06/21/2011,LWS,ID,ANM,WE,Federal Contract Tower,5,7,3,0,15,0,3,86,0,89,5,10,89,0,104,56,0,56,160
06/22/2011,LWS,ID,ANM,WE,Federal Contract Tower,5,8,3,0,16,0,2,98,2,102,5,10,101,2,118,46,0,46,164
06/23/2011,LWS,ID,ANM,WE,Federal Contract Tower,5,8,5,2,20,0,4,74,0,78,5,12,79,2,98,24,8,32,130
06/24/2011,LWS,ID,ANM,WE,Federal Contract Tower,5,8,9,0,22,0,5,92,0,97,5,13,101,0,119,78,0,78,197
06/25/2011,LWS,ID,ANM,WE,Federal Contract Tower,3,3,4,0,10,0,1,57,0,58,3,4,61,0,68,48,0,48,116
06/26/2011,LWS,ID,ANM,WE,Federal Contract Tower,5,2,5,0,12,0,7,67,0,74,5,9,72,0,86,44,0,44,130
06/27/2011,LWS,ID,ANM,WE,Federal Contract Tower,5,6,3,0,14,0,2,81,0,83,5,8,84,0,97,32,0,32,129
06/28/2011,LWS,ID,ANM,WE,Federal Contract Tower,5,8,12,0,25,0,13,72,0,85,5,21,84,0,110,26,0,26,136
06/29/2011,LWS,ID,ANM,WE,Federal Contract Tower,5,9,4,0,18,0,3,86,0,89,5,12,90,0,107,64,0,64,171
06/30/2011,LWS,ID,ANM,WE,Federal Contract Tower,7,6,3,4,20,0,7,56,2,65,7,13,59,6,85,12,0,12,97
07/01/2011,LWS,ID,ANM,WE,Federal Contract Tower,5,8,2,0,15,0,6,81,0,87,5,14,83,0,102,18,0,18,120
07/02/2011,LWS,ID,ANM,WE,Federal Contract Tower,3,3,0,0,6,0,3,76,0,79,3,6,76,0,85,28,0,28,113
07/03/2011,LWS,ID,ANM,WE,Federal Contract Tower,5,2,0,0,7,0,3,27,0,30,5,5,27,0,37,24,0,24,61
07/04/2011,LWS,ID,ANM,WE,Federal Contract Tower,5,2,0,0,7,0,9,80,0,89,5,11,80,0,96,18,0,18,114
07/05/2011,LWS,ID,ANM,WE,Federal Contract Tower,5,9,7,2,23,0,1,76,0,77,5,10,83,2,100,22,8,30,130
07/06/2011,LWS,ID,ANM,WE,Federal Contract Tower,5,8,7,0,20,0,1,88,0,89,5,9,95,0,109,28,0,28,137
07/07/2011,LWS,ID,ANM,WE,Federal Contract Tower,5,5,4,0,14,0,10,81,0,91,5,15,85,0,105,8,0,8,113
07/08/2011,LWS,ID,ANM,WE,Federal Contract Tower,5,8,3,0,16,0,3,42,0,45,5,11,45,0,61,8,0,8,69
07/09/2011,LWS,ID,ANM,WE,Federal Contract Tower,3,3,2,0,8,0,4,70,0,74,3,7,72,0,82,8,0,8,90
07/10/2011,LWS,ID,ANM,WE,Federal Contract Tower,5,2,0,0,7,0,3,43,2,48,5,5,43,2,55,16,0,16,71
07/11/2011,LWS,ID,ANM,WE,Federal Contract Tower,5,6,5,0,16,0,4,30,2,36,5,10,35,2,52,16,0,16,68
07/12/2011,LWS,ID,ANM,WE,Federal Contract Tower,5,10,6,0,21,0,9,80,0,89,5,19,86,0,110,48,0,48,158
07/13/2011,LWS,ID,ANM,WE,Federal Contract Tower,5,9,8,0,22,0,5,61,0,66,5,14,69,0,88,46,0,46,134
07/14/2011,LWS,ID,ANM,WE,Federal Contract Tower,5,8,5,0,18,0,2,52,0,54,5,10,57,0,72,54,0,54,126
07/15/2011,LWS,ID,ANM,WE,Federal Contract Tower,5,10,4,0,19,0,5,55,0,60,5,15,59,0,79,54,0,54,133
07/16/2011,LWS,ID,ANM,WE,Federal Contract Tower,3,4,0,0,7,0,1,60,0,61,3,5,60,0,68,32,0,32,100
07/17/2011,LWS,ID,ANM,WE,Federal Contract Tower,5,2,2,4,13,0,1,24,4,29,5,3,26,8,42,20,14,34,76
07/18/2011,LWS,ID,ANM,WE,Federal Contract Tower,5,7,5,0,17,0,4,59,0,63,5,11,64,0,80,22,2,24,104
07/19/2011,LWS,ID,ANM,WE,Federal Contract Tower,5,9,8,0,22,0,3,59,2,64,5,12,67,2,86,8,0,8,94
07/20/2011,LWS,ID,ANM,WE,Federal Contract Tower,5,8,5,2,20,0,11,80,0,91,5,19,85,2,111,46,14,60,171
07/21/2011,LWS,ID,ANM,WE,Federal Contract Tower,5,7,6,0,18,0,5,39,0,44,5,12,45,0,62,12,0,12,74
07/22/2011,LWS,ID,ANM,WE,Federal Contract Tower,7,9,3,0,19,0,2,39,2,43,7,11,42,2,62,18,4,22,84
07/23/2011,LWS,ID,ANM,WE,Federal Contract Tower,3,4,1,0,8,0,1,158,1,160,3,5,159,1,168,40,4,44,212
07/24/2011,LWS,ID,ANM,WE,Federal Contract Tower,7,2,2,0,11,0,2,43,1,46,7,4,45,1,57,28,0,28,85
07/25/2011,LWS,ID,ANM,WE,Federal Contract Tower,5,9,4,0,18,0,3,29,3,35,5,12,33,3,53,6,0,6,59
07/26/2011,LWS,ID,ANM,WE,Federal Contract Tower,5,6,4,0,15,0,5,82,1,88,5,11,86,1,103,66,0,66,169
07/27/2011,LWS,ID,ANM,WE,Federal Contract Tower,5,6,8,0,19,0,6,61,0,67,5,12,69,0,86,14,0,14,100
07/28/2011,LWS,ID,ANM,WE,Federal Contract Tower,5,6,2,0,13,0,7,65,0,72,5,13,67,0,85,42,0,42,127
07/29/2011,LWS,ID,ANM,WE,Federal Contract Tower,5,10,8,0,23,0,4,42,0,46,5,14,50,0,69,28,0,28,97
07/30/2011,LWS,ID,ANM,WE,Federal Contract Tower,3,4,1,0,8,0,2,60,0,62,3,6,61,0,70,22,0,22,92
07/31/2011,LWS,ID,ANM,WE,Federal Contract Tower,5,2,6,0,13,0,3,22,0,25,5,5,28,0,38,0,0,0,38
08/01/2011,LWS,ID,ANM,WE,Federal Contract Tower,5,6,5,0,16,0,5,32,4,41,5,11,37,4,57,20,0,20,77
08/02/2011,LWS,ID,ANM,WE,Federal Contract Tower,5,10,3,0,18,0,4,53,6,63,5,14,56,6,81,52,0,52,133
08/03/2011,LWS,ID,ANM,WE,Federal Contract Tower,5,8,4,10,27,0,6,74,2,82,5,14,78,12,109,48,0,48,157
08/04/2011,LWS,ID,ANM,WE,Federal Contract Tower,5,8,5,1,19,0,4,69,0,73,5,12,74,1,92,12,0,12,104
08/05/2011,LWS,ID,ANM,WE,Federal Contract Tower,6,7,2,0,15,0,10,28,0,38,6,17,30,0,53,28,0,28,81
08/06/2011,LWS,ID,ANM,WE,Federal Contract Tower,3,4,5,0,12,0,2,65,0,67,3,6,70,0,79,34,0,34,113
08/07/2011,LWS,ID,ANM,WE,Federal Contract Tower,5,2,3,0,10,0,7,56,0,63,5,9,59,0,73,58,0,58,131
08/08/2011,LWS,ID,ANM,WE,Federal Contract Tower,5,5,5,0,15,0,11,57,1,69,5,16,62,1,84,14,2,16,100
08/09/2011,LWS,ID,ANM,WE,Federal Contract Tower,5,8,8,0,21,0,3,82,0,85,5,11,90,0,106,40,0,40,146
08/10/2011,LWS,ID,ANM,WE,Federal Contract Tower,5,10,5,2,22,0,2,58,0,60,5,12,63,2,82,48,0,48,130
08/11/2011,LWS,ID,ANM,WE,Federal Contract Tower,5,7,6,0,18,0,5,71,0,76,5,12,77,0,94,70,0,70,164
08/12/2011,LWS,ID,ANM,WE,Federal Contract Tower,5,6,4,2,17,0,5,37,0,42,5,11,41,2,59,26,0,26,85
08/13/2011,LWS,ID,ANM,WE,Federal Contract Tower,3,5,0,2,10,0,9,26,0,35,3,14,26,2,45,32,0,32,77
08/14/2011,LWS,ID,ANM,WE,Federal Contract Tower,7,3,1,0,11,0,1,19,0,20,7,4,20,0,31,16,0,16,47
08/15/2011,LWS,ID,ANM,WE,Federal Contract Tower,5,7,3,0,15,0,2,30,0,32,5,9,33,0,47,10,0,10,57
08/16/2011,LWS,ID,ANM,WE,Federal Contract Tower,5,9,5,4,23,0,5,39,2,46,5,14,44,6,69,8,34,42,111
08/17/2011,LWS,ID,ANM,WE,Federal Contract Tower,5,8,1,0,14,0,3,34,0,37,5,11,35,0,51,32,0,32,83
08/18/2011,LWS,ID,ANM,WE,Federal Contract Tower,7,8,9,0,24,0,2,45,0,47,7,10,54,0,71,50,0,50,121
08/19/2011,LWS,ID,ANM,WE,Federal Contract Tower,5,8,2,0,15,0,3,48,1,52,5,11,50,1,67,54,0,54,121
08/20/2011,LWS,ID,ANM,WE,Federal Contract Tower,3,4,0,0,7,0,3,44,4,51,3,7,44,4,58,28,0,28,86
08/21/2011,LWS,ID,ANM,WE,Federal Contract Tower,5,2,1,0,8,0,2,34,0,36,5,4,35,0,44,28,0,28,72
08/22/2011,LWS,ID,ANM,WE,Federal Contract Tower,5,6,5,0,16,0,4,12,2,18,5,10,17,2,34,0,0,0,34
08/23/2011,LWS,ID,ANM,WE,Federal Contract Tower,5,10,5,2,22,0,4,59,1,64,5,14,64,3,86,50,12,62,148
08/24/2011,LWS,ID,ANM,WE,Federal Contract Tower,5,7,2,0,14,0,8,53,2,63,5,15,55,2,77,28,0,28,105
08/25/2011,LWS,ID,ANM,WE,Federal Contract Tower,5,8,5,0,18,0,3,52,2,57,5,11,57,2,75,14,0,14,89
08/26/2011,LWS,ID,ANM,WE,Federal Contract Tower,5,8,8,0,21,0,4,38,2,44,5,12,46,2,65,24,0,24,89
08/27/2011,LWS,ID,ANM,WE,Federal Contract Tower,3,4,1,0,8,0,7,33,0,40,3,11,34,0,48,40,0,40,88
08/28/2011,LWS,ID,ANM,WE,Federal Contract Tower,5,2,2,0,9,0,0,55,0,55,5,2,57,0,64,42,0,42,106
08/29/2011,LWS,ID,ANM,WE,Federal Contract Tower,5,6,1,0,12,0,7,38,0,45,5,13,39,0,57,18,0,18,75
08/30/2011,LWS,ID,ANM,WE,Federal Contract Tower,5,10,3,0,18,0,9,53,0,62,5,19,56,0,80,32,0,32,112
08/31/2011,LWS,ID,ANM,WE,Federal Contract Tower,6,12,4,0,22,0,5,50,0,55,6,17,54,0,77,18,0,18,95
09/01/2011,LWS,ID,ANM,WE,Federal Contract Tower,5,8,11,0,24,0,5,66,2,73,5,13,77,2,97,10,22,32,129
09/02/2011,LWS,ID,ANM,WE,Federal Contract Tower,5,9,4,2,20,0,5,43,2,50,5,14,47,4,70,14,12,26,96
09/03/2011,LWS,ID,ANM,WE,Federal Contract Tower,4,5,0,0,9,0,2,84,0,86,4,7,84,0,95,116,0,116,211
09/04/2011,LWS,ID,ANM,WE,Federal Contract Tower,3,4,2,0,9,0,0,42,1,43,3,4,44,1,52,26,0,26,78
09/05/2011,LWS,ID,ANM,WE,Federal Contract Tower,5,3,4,0,12,0,1,85,0,86,5,4,89,0,98,94,0,94,192
09/06/2011,LWS,ID,ANM,WE,Federal Contract Tower,7,8,5,0,20,0,8,53,0,61,7,16,58,0,81,14,0,14,95
09/07/2011,LWS,ID,ANM,WE,Federal Contract Tower,5,9,17,0,31,0,8,47,0,55,5,17,64,0,86,6,0,6,92
09/08/2011,LWS,ID,ANM,WE,Federal Contract Tower,5,8,7,0,20,0,1,40,1,42,5,9,47,1,62,38,0,38,100
09/09/2011,LWS,ID,ANM,WE,Federal Contract Tower,11,7,2,2,22,0,4,35,0,39,11,11,37,2,61,20,2,22,83
09/10/2011,LWS,ID,ANM,WE,Federal Contract Tower,5,3,2,0,10,0,3,35,0,38,5,6,37,0,48,6,0,6,54
09/11/2011,LWS,ID,ANM,WE,Federal Contract Tower,5,3,2,0,10,0,1,36,0,37,5,4,38,0,47,26,0,26,73
09/12/2011,LWS,ID,ANM,WE,Federal Contract Tower,5,7,2,0,14,0,3,31,0,34,5,10,33,0,48,0,0,0,48
09/13/2011,LWS,ID,ANM,WE,Federal Contract Tower,5,7,6,2,20,0,4,43,12,59,5,11,49,14,79,0,0,0,79
09/14/2011,LWS,ID,ANM,WE,Federal Contract Tower,5,9,5,0,19,0,9,38,0,47,5,18,43,0,66,4,0,4,70
09/15/2011,LWS,ID,ANM,WE,Federal Contract Tower,7,7,11,3,28,0,4,37,1,42,7,11,48,4,70,20,0,20,90
09/16/2011,LWS,ID,ANM,WE,Federal Contract Tower,9,7,6,0,22,0,6,22,4,32,9,13,28,4,54,56,10,66,120
09/17/2011,LWS,ID,ANM,WE,Federal Contract Tower,3,3,2,0,8,0,4,49,0,53,3,7,51,0,61,22,0,22,83
09/18/2011,LWS,ID,ANM,WE,Federal Contract Tower,5,3,5,0,13,0,0,26,0,26,5,3,31,0,39,2,0,2,41
09/19/2011,LWS,ID,ANM,WE,Federal Contract Tower,5,6,6,0,17,0,4,19,2,25,5,10,25,2,42,2,0,2,44
09/20/2011,LWS,ID,ANM,WE,Federal Contract Tower,5,5,7,0,17,0,5,69,0,74,5,10,76,0,91,114,0,114,205
09/21/2011,LWS,ID,ANM,WE,Federal Contract Tower,5,9,9,4,27,0,4,53,2,59,5,13,62,6,86,48,16,64,150
09/22/2011,LWS,ID,ANM,WE,Federal Contract Tower,5,8,6,2,21,0,5,87,1,93,5,13,93,3,114,82,0,82,196
09/23/2011,LWS,ID,ANM,WE,Federal Contract Tower,6,8,4,0,18,0,3,49,1,53,6,11,53,1,71,56,0,56,127
09/24/2011,LWS,ID,ANM,WE,Federal Contract Tower,3,6,0,0,9,0,5,36,1,42,3,11,36,1,51,44,0,44,95
09/25/2011,LWS,ID,ANM,WE,Federal Contract Tower,5,4,4,0,13,0,0,17,0,17,5,4,21,0,30,6,0,6,36
09/26/2011,LWS,ID,ANM,WE,Federal Contract Tower,4,7,0,0,11,0,1,21,0,22,4,8,21,0,33,4,0,4,37
09/27/2011,LWS,ID,ANM,WE,Federal Contract Tower,5,8,9,0,22,0,7,31,0,38,5,15,40,0,60,8,0,8,68
09/28/2011,LWS,ID,ANM,WE,Federal Contract Tower,5,9,11,0,25,0,2,77,4,83,5,11,88,4,108,46,0,46,154
09/29/2011,LWS,ID,ANM,WE,Federal Contract Tower,7,7,8,0,22,0,6,56,0,62,7,13,64,0,84,24,0,24,108
09/30/2011,LWS,ID,ANM,WE,Federal Contract Tower,5,7,5,0,17,0,6,58,0,64,5,13,63,0,81,48,0,48,129
10/01/2011,LWS,ID,ANM,WE,Federal Contract Tower,3,3,3,0,9,0,2,53,0,55,3,5,56,0,64,52,15,67,131
10/02/2011,LWS,ID,ANM,WE,Federal Contract Tower,5,4,3,0,12,0,1,63,0,64,5,5,66,0,76,46,0,46,122
10/03/2011,LWS,ID,ANM,WE,Federal Contract Tower,5,7,5,0,17,0,5,33,0,38,5,12,38,0,55,2,0,2,57
10/04/2011,LWS,ID,ANM,WE,Federal Contract Tower,5,9,11,0,25,0,3,21,0,24,5,12,32,0,49,30,0,30,79
10/05/2011,LWS,ID,ANM,WE,Federal Contract Tower,5,14,6,0,25,0,2,44,0,46,5,16,50,0,71,82,0,82,153
10/06/2011,LWS,ID,ANM,WE,Federal Contract Tower,5,18,8,0,31,0,2,7,0,9,5,20,15,0,40,8,0,8,48
10/07/2011,LWS,ID,ANM,WE,Federal Contract Tower,6,8,4,0,18,0,6,35,0,41,6,14,39,0,59,82,0,82,141
10/08/2011,LWS,ID,ANM,WE,Federal Contract Tower,4,2,1,0,7,0,2,46,0,48,4,4,47,0,55,78,0,78,133
10/09/2011,LWS,ID,ANM,WE,Federal Contract Tower,5,4,5,0,14,0,1,21,0,22,5,5,26,0,36,6,0,6,42
10/10/2011,LWS,ID,ANM,WE,Federal Contract Tower,5,7,3,0,15,0,3,24,0,27,5,10,27,0,42,32,0,32,74
10/11/2011,LWS,ID,ANM,WE,Federal Contract Tower,5,8,4,0,17,0,8,14,0,22,5,16,18,0,39,0,0,0,39
10/12/2011,LWS,ID,ANM,WE,Federal Contract Tower,7,14,7,0,28,0,3,73,0,76,7,17,80,0,104,164,0,164,268
10/13/2011,LWS,ID,ANM,WE,Federal Contract Tower,4,7,11,0,22,0,3,64,0,67,4,10,75,0,89,78,0,78,167
10/14/2011,LWS,ID,ANM,WE,Federal Contract Tower,6,7,6,0,19,0,4,36,0,40,6,11,42,0,59,26,0,26,85
10/15/2011,LWS,ID,ANM,WE,Federal Contract Tower,5,4,5,0,14,0,0,11,0,11,5,4,16,0,25,38,0,38,63
10/16/2011,LWS,ID,ANM,WE,Federal Contract Tower,5,3,3,0,11,0,2,8,0,10,5,5,11,0,21,20,0,20,41
10/17/2011,LWS,ID,ANM,WE,Federal Contract Tower,5,6,7,0,18,0,4,31,0,35,5,10,38,0,53,2,0,2,55
10/18/2011,LWS,ID,ANM,WE,Federal Contract Tower,5,12,8,0,25,0,6,67,0,73,5,18,75,0,98,86,0,86,184
10/19/2011,LWS,ID,ANM,WE,Federal Contract Tower,5,8,9,0,22,0,7,48,0,55,5,15,57,0,77,60,0,60,137
10/20/2011,LWS,ID,ANM,WE,Federal Contract Tower,5,9,3,0,17,0,3,47,0,50,5,12,50,0,67,64,0,64,131
10/21/2011,LWS,ID,ANM,WE,Federal Contract Tower,7,8,9,2,26,0,2,35,3,40,7,10,44,5,66,62,0,62,128
10/22/2011,LWS,ID,ANM,WE,Federal Contract Tower,3,4,5,0,12,0,0,18,1,19,3,4,23,1,31,102,0,102,133
10/23/2011,LWS,ID,ANM,WE,Federal Contract Tower,5,4,4,0,13,0,0,36,0,36,5,4,40,0,49,42,0,42,91
10/24/2011,LWS,ID,ANM,WE,Federal Contract Tower,8,5,7,0,20,0,11,11,0,22,8,16,18,0,42,16,0,16,58
10/25/2011,LWS,ID,ANM,WE,Federal Contract Tower,5,8,7,0,20,0,3,40,0,43,5,11,47,0,63,42,0,42,105
10/26/2011,LWS,ID,ANM,WE,Federal Contract Tower,5,9,14,1,29,0,8,74,3,85,5,17,88,4,114,56,0,56,170
10/27/2011,LWS,ID,ANM,WE,Federal Contract Tower,5,7,6,0,18,0,14,58,0,72,5,21,64,0,90,62,0,62,152
10/28/2011,LWS,ID,ANM,WE,Federal Contract Tower,5,10,11,0,26,0,3,25,0,28,5,13,36,0,54,14,0,14,68
10/29/2011,LWS,ID,ANM,WE,Federal Contract Tower,5,3,10,0,18,0,1,29,0,30,5,4,39,0,48,46,0,46,94
10/30/2011,LWS,ID,ANM,WE,Federal Contract Tower,5,4,5,0,14,0,2,46,0,48,5,6,51,0,62,82,0,82,144
10/31/2011,LWS,ID,ANM,WE,Federal Contract Tower,5,7,2,0,14,0,7,27,0,34,5,14,29,0,48,2,0,2,50
11/01/2011,LWS,ID,ANM,WE,Federal Contract Tower,5,7,2,0,14,0,5,65,0,70,5,12,67,0,84,104,0,104,188
11/02/2011,LWS,ID,ANM,WE,Federal Contract Tower,5,9,11,0,25,0,2,33,0,35,5,11,44,0,60,66,0,66,126
11/03/2011,LWS,ID,ANM,WE,Federal Contract Tower,5,8,8,0,21,0,6,25,0,31,5,14,33,0,52,46,0,46,98
11/04/2011,LWS,ID,ANM,WE,Federal Contract Tower,8,14,5,0,27,0,0,11,0,11,8,14,16,0,38,78,0,78,116
11/05/2011,LWS,ID,ANM,WE,Federal Contract Tower,5,5,4,0,14,0,1,45,0,46,5,6,49,0,60,96,0,96,156
11/06/2011,LWS,ID,ANM,WE,Federal Contract Tower,5,2,7,0,14,0,0,24,0,24,5,2,31,0,38,60,0,60,98
11/07/2011,LWS,ID,ANM,WE,Federal Contract Tower,5,6,9,0,20,0,2,21,2,25,5,8,30,2,45,12,0,12,57
11/08/2011,LWS,ID,ANM,WE,Federal Contract Tower,5,14,8,0,27,0,3,34,0,37,5,17,42,0,64,48,0,48,112
11/09/2011,LWS,ID,ANM,WE,Federal Contract Tower,4,10,13,0,27,0,2,48,2,52,4,12,61,2,79,34,0,34,113
11/10/2011,LWS,ID,ANM,WE,Federal Contract Tower,5,8,13,0,26,0,6,99,4,109,5,14,112,4,135,124,2,126,261
11/11/2011,LWS,ID,ANM,WE,Federal Contract Tower,8,12,3,1,24,0,2,16,0,18,8,14,19,1,42,26,0,26,68
11/12/2011,LWS,ID,ANM,WE,Federal Contract Tower,3,4,3,0,10,0,1,10,0,11,3,5,13,0,21,48,0,48,69
11/13/2011,LWS,ID,ANM,WE,Federal Contract Tower,5,4,4,0,13,0,1,7,0,8,5,5,11,0,21,6,0,6,27
11/14/2011,LWS,ID,ANM,WE,Federal Contract Tower,5,13,9,0,27,0,1,8,0,9,5,14,17,0,36,0,0,0,36
11/15/2011,LWS,ID,ANM,WE,Federal Contract Tower,5,9,8,0,22,0,2,33,0,35,5,11,41,0,57,12,0,12,69
11/16/2011,LWS,ID,ANM,WE,Federal Contract Tower,5,9,9,0,23,0,4,12,0,16,5,13,21,0,39,38,0,38,77
11/17/2011,LWS,ID,ANM,WE,Federal Contract Tower,5,9,10,0,24,0,3,7,0,10,5,12,17,0,34,22,0,22,56
11/18/2011,LWS,ID,ANM,WE,Federal Contract Tower,5,14,10,0,29,0,0,4,0,4,5,14,14,0,33,0,0,0,33
11/19/2011,LWS,ID,ANM,WE,Federal Contract Tower,2,9,0,0,11,0,1,9,0,10,2,10,9,0,21,16,0,16,37
11/20/2011,LWS,ID,ANM,WE,Federal Contract Tower,8,6,3,0,17,0,2,14,0,16,8,8,17,0,33,86,0,86,119
11/21/2011,LWS,ID,ANM,WE,Federal Contract Tower,5,8,4,0,17,0,4,18,0,22,5,12,22,0,39,72,0,72,111
11/22/2011,LWS,ID,ANM,WE,Federal Contract Tower,6,10,11,5,32,0,2,20,0,22,6,12,31,5,54,76,38,114,168
11/23/2011,LWS,ID,ANM,WE,Federal Contract Tower,5,8,5,0,18,0,5,8,0,13,5,13,13,0,31,18,0,18,49
11/24/2011,LWS,ID,ANM,WE,Federal Contract Tower,3,1,2,0,6,0,0,10,0,10,3,1,12,0,16,14,0,14,30
11/25/2011,LWS,ID,ANM,WE,Federal Contract Tower,5,9,1,0,15,0,4,7,0,11,5,13,8,0,26,10,0,10,36
11/26/2011,LWS,ID,ANM,WE,Federal Contract Tower,4,4,3,0,11,0,2,15,0,17,4,6,18,0,28,12,0,12,40
11/27/2011,LWS,ID,ANM,WE,Federal Contract Tower,7,4,4,0,15,0,1,12,2,15,7,5,16,2,30,10,0,10,40
11/28/2011,LWS,ID,ANM,WE,Federal Contract Tower,5,6,3,0,14,0,1,33,0,34,5,7,36,0,48,36,0,36,84
11/29/2011,LWS,ID,ANM,WE,Federal Contract Tower,5,8,11,0,24,0,12,43,0,55,5,20,54,0,79,34,0,34,113
11/30/2011,LWS,ID,ANM,WE,Federal Contract Tower,5,9,7,0,21,0,2,39,0,41,5,11,46,0,62,122,0,122,184
12/01/2011,LWS,ID,ANM,WE,Federal Contract Tower,5,10,6,0,21,0,6,43,0,49,5,16,49,0,70,92,0,92,162
12/02/2011,LWS,ID,ANM,WE,Federal Contract Tower,4,5,5,0,14,0,8,56,0,64,4,13,61,0,78,54,0,54,132
12/03/2011,LWS,ID,ANM,WE,Federal Contract Tower,5,2,0,0,7,0,2,25,0,27,5,4,25,0,34,92,0,92,126
12/04/2011,LWS,ID,ANM,WE,Federal Contract Tower,5,2,0,0,7,0,2,25,0,27,5,4,25,0,34,24,0,24,58
12/05/2011,LWS,ID,ANM,WE,Federal Contract Tower,5,7,6,0,18,0,2,57,0,59,5,9,63,0,77,154,0,154,231
12/06/2011,LWS,ID,ANM,WE,Federal Contract Tower,5,12,5,0,22,0,5,67,0,72,5,17,72,0,94,210,0,210,304
12/07/2011,LWS,ID,ANM,WE,Federal Contract Tower,7,8,10,0,25,0,5,38,0,43,7,13,48,0,68,174,0,174,242
12/08/2011,LWS,ID,ANM,WE,Federal Contract Tower,5,8,10,0,23,0,5,26,2,33,5,13,36,2,56,104,0,104,160
12/09/2011,LWS,ID,ANM,WE,Federal Contract Tower,5,9,3,2,19,0,0,2,0,2,5,9,5,2,21,0,0,0,21
12/10/2011,LWS,ID,ANM,WE,Federal Contract Tower,2,2,4,0,8,0,1,33,2,36,2,3,37,2,44,92,0,92,136
12/11/2011,LWS,ID,ANM,WE,Federal Contract Tower,5,2,4,0,11,0,0,1,0,1,5,2,5,0,12,0,0,0,12
12/12/2011,LWS,ID,ANM,WE,Federal Contract Tower,5,9,3,2,19,0,1,3,0,4,5,10,6,2,23,0,0,0,23
12/13/2011,LWS,ID,ANM,WE,Federal Contract Tower,5,12,19,0,36,0,11,20,0,31,5,23,39,0,67,38,0,38,105
12/14/2011,LWS,ID,ANM,WE,Federal Contract Tower,5,8,5,0,18,0,7,25,0,32,5,15,30,0,50,24,0,24,74
12/15/2011,LWS,ID,ANM,WE,Federal Contract Tower,5,14,6,0,25,0,2,1,0,3,5,16,7,0,28,0,0,0,28
12/16/2011,LWS,ID,ANM,WE,Federal Contract Tower,5,13,3,0,21,0,2,3,0,5,5,15,6,0,26,0,0,0,26
12/17/2011,LWS,ID,ANM,WE,Federal Contract Tower,5,6,2,0,13,0,0,27,0,27,5,6,29,0,40,10,0,10,50
12/18/2011,LWS,ID,ANM,WE,Federal Contract Tower,7,5,1,0,13,0,1,11,0,12,7,6,12,0,25,2,0,2,27
12/19/2011,LWS,ID,ANM,WE,Federal Contract Tower,5,12,7,0,24,0,0,2,0,2,5,12,9,0,26,0,0,0,26
12/20/2011,LWS,ID,ANM,WE,Federal Contract Tower,5,14,3,2,24,0,6,13,0,19,5,20,16,2,43,4,0,4,47
12/21/2011,LWS,ID,ANM,WE,Federal Contract Tower,5,7,7,0,19,0,6,54,0,60,5,13,61,0,79,92,0,92,171
12/22/2011,LWS,ID,ANM,WE,Federal Contract Tower,5,9,8,0,22,0,8,64,0,72,5,17,72,0,94,80,0,80,174
12/23/2011,LWS,ID,ANM,WE,Federal Contract Tower,5,6,3,0,14,0,11,30,0,41,5,17,33,0,55,14,0,14,69
12/24/2011,LWS,ID,ANM,WE,Federal Contract Tower,5,4,1,0,10,0,1,8,0,9,5,5,9,0,19,20,0,20,39
12/25/2011,LWS,ID,ANM,WE,Federal Contract Tower,3,3,0,0,6,0,0,2,0,2,3,3,2,0,8,0,0,0,8
12/26/2011,LWS,ID,ANM,WE,Federal Contract Tower,5,3,0,0,8,0,2,20,0,22,5,5,20,0,30,40,0,40,70
12/27/2011,LWS,ID,ANM,WE,Federal Contract Tower,5,7,0,0,12,0,5,10,0,15,5,12,10,0,27,62,0,62,89
12/28/2011,LWS,ID,ANM,WE,Federal Contract Tower,5,8,6,0,19,0,6,2,0,8,5,14,8,0,27,0,0,0,27
12/29/2011,LWS,ID,ANM,WE,Federal Contract Tower,5,8,3,2,18,0,4,9,0,13,5,12,12,2,31,46,0,46,77
12/30/2011,LWS,ID,ANM,WE,Federal Contract Tower,5,13,0,0,18,0,5,8,0,13,5,18,8,0,31,6,0,6,37
12/31/2011,LWS,ID,ANM,WE,Federal Contract Tower,5,3,0,0,8,0,3,28,0,31,5,6,28,0,39,18,0,18,57
01/01/2012,LWS,ID,ANM,WE,Federal Contract Tower,5,0,0,0,5,0,2,13,0,15,5,2,13,0,20,10,0,10,30
01/02/2012,LWS,ID,ANM,WE,Federal Contract Tower,5,3,2,0,10,0,0,30,0,30,5,3,32,0,40,42,0,42,82
01/03/2012,LWS,ID,ANM,WE,Federal Contract Tower,5,8,2,1,16,0,3,29,1,33,5,11,31,2,49,56,0,56,105
01/04/2012,LWS,ID,ANM,WE,Federal Contract Tower,5,10,6,0,21,0,2,41,0,43,5,12,47,0,64,14,0,14,78
01/05/2012,LWS,ID,ANM,WE,Federal Contract Tower,4,9,4,0,17,0,5,15,0,20,4,14,19,0,37,0,0,0,37
01/06/2012,LWS,ID,ANM,WE,Federal Contract Tower,3,7,2,4,16,0,5,29,0,34,3,12,31,4,50,26,0,26,76
01/07/2012,LWS,ID,ANM,WE,Federal Contract Tower,3,2,6,0,11,0,0,32,0,32,3,2,38,0,43,54,0,54,97
01/08/2012,LWS,ID,ANM,WE,Federal Contract Tower,5,3,1,0,9,0,3,19,2,24,5,6,20,2,33,10,0,10,43
01/09/2012,LWS,ID,ANM,WE,Federal Contract Tower,5,7,3,0,15,0,2,23,0,25,5,9,26,0,40,68,0,68,108
01/10/2012,LWS,ID,ANM,WE,Federal Contract Tower,5,8,8,0,21,0,3,19,0,22,5,11,27,0,43,0,0,0,43
01/11/2012,LWS,ID,ANM,WE,Federal Contract Tower,5,6,9,0,20,0,8,44,0,52,5,14,53,0,72,62,0,62,134
01/12/2012,LWS,ID,ANM,WE,Federal Contract Tower,5,6,5,0,16,0,9,23,0,32,5,15,28,0,48,14,0,14,62
01/13/2012,LWS,ID,ANM,WE,Federal Contract Tower,5,6,6,0,17,0,6,37,0,43,5,12,43,0,60,22,0,22,82
01/14/2012,LWS,ID,ANM,WE,Federal Contract Tower,3,6,0,0,9,0,4,20,0,24,3,10,20,0,33,52,0,52,85
01/15/2012,LWS,ID,ANM,WE,Federal Contract Tower,5,2,1,0,8,0,0,7,0,7,5,2,8,0,15,4,0,4,19
01/16/2012,LWS,ID,ANM,WE,Federal Contract Tower,5,5,4,0,14,0,0,4,0,4,5,5,8,0,18,0,0,0,18
01/17/2012,LWS,ID,ANM,WE,Federal Contract Tower,5,9,3,0,17,0,0,0,0,0,5,9,3,0,17,0,0,0,17
01/18/2012,LWS,ID,ANM,WE,Federal Contract Tower,1,4,0,0,5,0,0,0,0,0,1,4,0,0,5,0,0,0,5
01/19/2012,LWS,ID,ANM,WE,Federal Contract Tower,3,13,1,0,17,0,0,0,0,0,3,13,1,0,17,0,0,0,17
01/20/2012,LWS,ID,ANM,WE,Federal Contract Tower,5,12,3,0,20,0,2,2,0,4,5,14,5,0,24,2,0,2,26
01/21/2012,LWS,ID,ANM,WE,Federal Contract Tower,3,8,0,0,11,0,2,6,0,8,3,10,6,0,19,12,0,12,31
01/22/2012,LWS,ID,ANM,WE,Federal Contract Tower,5,5,5,0,15,0,0,13,0,13,5,5,18,0,28,26,0,26,54
01/23/2012,LWS,ID,ANM,WE,Federal Contract Tower,7,10,1,0,18,0,2,21,0,23,7,12,22,0,41,46,0,46,87
01/24/2012,LWS,ID,ANM,WE,Federal Contract Tower,7,9,5,0,21,0,5,12,0,17,7,14,17,0,38,18,0,18,56
01/25/2012,LWS,ID,ANM,WE,Federal Contract Tower,5,10,4,0,19,0,8,6,0,14,5,18,10,0,33,0,0,0,33
01/26/2012,LWS,ID,ANM,WE,Federal Contract Tower,5,8,9,2,24,0,4,6,0,10,5,12,15,2,34,0,0,0,34
01/27/2012,LWS,ID,ANM,WE,Federal Contract Tower,7,6,1,0,14,0,5,43,2,50,7,11,44,2,64,56,0,56,120
01/28/2012,LWS,ID,ANM,WE,Federal Contract Tower,3,5,5,0,13,0,1,15,0,16,3,6,20,0,29,20,0,20,49
01/29/2012,LWS,ID,ANM,WE,Federal Contract Tower,5,4,3,0,12,0,1,4,0,5,5,5,7,0,17,20,0,20,37
01/30/2012,LWS,ID,ANM,WE,Federal Contract Tower,5,6,10,0,21,0,5,18,0,23,5,11,28,0,44,34,0,34,78
01/31/2012,LWS,ID,ANM,WE,Federal Contract Tower,5,7,4,0,16,0,5,40,0,45,5,12,44,0,61,124,0,124,185
02/01/2012,LWS,ID,ANM,WE,Federal Contract Tower,5,9,4,0,18,0,7,6,0,13,5,16,10,0,31,0,0,0,31
02/02/2012,LWS,ID,ANM,WE,Federal Contract Tower,5,6,6,0,17,0,14,52,0,66,5,20,58,0,83,80,0,80,163
02/03/2012,LWS,ID,ANM,WE,Federal Contract Tower,5,8,2,0,15,0,4,39,0,43,5,12,41,0,58,98,0,98,156
02/04/2012,LWS,ID,ANM,WE,Federal Contract Tower,3,6,0,0,9,0,0,38,0,38,3,6,38,0,47,34,0,34,81
02/05/2012,LWS,ID,ANM,WE,Federal Contract Tower,5,4,0,0,9,0,0,24,0,24,5,4,24,0,33,14,0,14,47
02/06/2012,LWS,ID,ANM,WE,Federal Contract Tower,5,5,1,0,11,0,4,22,0,26,5,9,23,0,37,44,0,44,81
02/07/2012,LWS,ID,ANM,WE,Federal Contract Tower,5,8,5,0,18,0,8,41,0,49,5,16,46,0,67,54,0,54,121
02/08/2012,LWS,ID,ANM,WE,Federal Contract Tower,5,8,6,0,19,0,6,57,0,63,5,14,63,0,82,56,0,56,138
02/09/2012,LWS,ID,ANM,WE,Federal Contract Tower,5,11,8,0,24,0,4,9,0,13,5,15,17,0,37,26,0,26,63
02/10/2012,LWS,ID,ANM,WE,Federal Contract Tower,5,7,4,2,18,0,4,15,0,19,5,11,19,2,37,8,0,8,45
02/11/2012,LWS,ID,ANM,WE,Federal Contract Tower,3,6,0,0,9,0,0,0,0,0,3,6,0,0,9,0,0,0,9
02/12/2012,LWS,ID,ANM,WE,Federal Contract Tower,5,5,1,0,11,0,0,7,0,7,5,5,8,0,18,10,0,10,28
02/13/2012,LWS,ID,ANM,WE,Federal Contract Tower,5,6,6,0,17,0,4,14,0,18,5,10,20,0,35,0,0,0,35
02/14/2012,LWS,ID,ANM,WE,Federal Contract Tower,5,11,3,0,19,0,23,32,0,55,5,34,35,0,74,64,0,64,138
02/15/2012,LWS,ID,ANM,WE,Federal Contract Tower,5,9,3,0,17,0,9,16,0,25,5,18,19,0,42,52,0,52,94
02/16/2012,LWS,ID,ANM,WE,Federal Contract Tower,6,7,6,0,19,0,10,17,0,27,6,17,23,0,46,0,0,0,46
02/17/2012,LWS,ID,ANM,WE,Federal Contract Tower,5,10,3,0,18,0,4,24,0,28,5,14,27,0,46,14,0,14,60
02/18/2012,LWS,ID,ANM,WE,Federal Contract Tower,3,6,1,0,10,0,2,11,0,13,3,8,12,0,23,22,0,22,45
02/19/2012,LWS,ID,ANM,WE,Federal Contract Tower,5,4,3,0,12,0,3,6,0,9,5,7,9,0,21,6,0,6,27
02/20/2012,LWS,ID,ANM,WE,Federal Contract Tower,5,7,1,0,13,0,3,25,0,28,5,10,26,0,41,62,0,62,103
02/21/2012,LWS,ID,ANM,WE,Federal Contract Tower,5,9,1,0,15,0,6,5,0,11,5,15,6,0,26,0,0,0,26
02/22/2012,LWS,ID,ANM,WE,Federal Contract Tower,5,8,9,0,22,0,3,0,0,3,5,11,9,0,25,0,0,0,25
02/23/2012,LWS,ID,ANM,WE,Federal Contract Tower,5,9,12,0,26,0,5,58,3,66,5,14,70,3,92,66,0,66,158
02/24/2012,LWS,ID,ANM,WE,Federal Contract Tower,5,7,4,0,16,0,4,24,0,28,5,11,28,0,44,14,0,14,58
02/25/2012,LWS,ID,ANM,WE,Federal Contract Tower,3,5,1,0,9,0,0,0,0,0,3,5,1,0,9,0,0,0,9
02/26/2012,LWS,ID,ANM,WE,Federal Contract Tower,5,2,2,0,9,0,0,12,0,12,5,2,14,0,21,14,0,14,35
02/27/2012,LWS,ID,ANM,WE,Federal Contract Tower,5,12,2,0,19,0,3,18,0,21,5,15,20,0,40,6,0,6,46
02/28/2012,LWS,ID,ANM,WE,Federal Contract Tower,5,8,5,0,18,0,12,42,0,54,5,20,47,0,72,50,0,50,122
02/29/2012,LWS,ID,ANM,WE,Federal Contract Tower,5,9,7,0,21,0,9,18,0,27,5,18,25,0,48,18,0,18,66
03/01/2012,LWS,ID,ANM,WE,Federal Contract Tower,5,11,7,0,23,0,3,14,0,17,5,14,21,0,40,6,0,6,46
03/02/2012,LWS,ID,ANM,WE,Federal Contract Tower,5,7,5,0,17,0,3,23,0,26,5,10,28,0,43,20,0,20,63
03/03/2012,LWS,ID,ANM,WE,Federal Contract Tower,4,3,1,0,8,0,5,24,2,31,4,8,25,2,39,22,0,22,61
03/04/2012,LWS,ID,ANM,WE,Federal Contract Tower,5,4,3,0,12,0,0,52,0,52,5,4,55,0,64,52,0,52,116
03/05/2012,LWS,ID,ANM,WE,Federal Contract Tower,7,6,3,0,16,0,10,27,0,37,7,16,30,0,53,36,0,36,89
03/06/2012,LWS,ID,ANM,WE,Federal Contract Tower,5,9,6,0,20,0,1,26,0,27,5,10,32,0,47,34,0,34,81
03/07/2012,LWS,ID,ANM,WE,Federal Contract Tower,7,9,5,0,21,0,3,43,4,50,7,12,48,4,71,28,0,28,99
03/08/2012,LWS,ID,ANM,WE,Federal Contract Tower,7,6,4,0,17,0,5,35,0,40,7,11,39,0,57,56,0,56,113
03/09/2012,LWS,ID,ANM,WE,Federal Contract Tower,4,9,3,0,16,0,5,36,0,41,4,14,39,0,57,36,0,36,93
03/10/2012,LWS,ID,ANM,WE,Federal Contract Tower,2,3,2,0,7,0,0,31,0,31,2,3,33,0,38,68,0,68,106
03/11/2012,LWS,ID,ANM,WE,Federal Contract Tower,5,9,1,0,15,0,0,7,0,7,5,9,8,0,22,0,0,0,22
03/12/2012,LWS,ID,ANM,WE,Federal Contract Tower,5,8,0,0,13,0,2,6,0,8,5,10,6,0,21,20,0,20,41
03/13/2012,LWS,ID,ANM,WE,Federal Contract Tower,5,8,3,0,16,0,0,4,0,4,5,8,7,0,20,0,0,0,20
03/14/2012,LWS,ID,ANM,WE,Federal Contract Tower,5,9,6,0,20,0,5,17,0,22,5,14,23,0,42,22,0,22,64
03/15/2012,LWS,ID,ANM,WE,Federal Contract Tower,5,7,13,0,25,0,8,26,0,34,5,15,39,0,59,12,0,12,71
03/16/2012,LWS,ID,ANM,WE,Federal Contract Tower,5,10,3,0,18,0,8,46,0,54,5,18,49,0,72,6,0,6,78
03/17/2012,LWS,ID,ANM,WE,Federal Contract Tower,3,1,1,0,5,0,2,20,0,22,3,3,21,0,27,0,0,0,27
03/18/2012,LWS,ID,ANM,WE,Federal Contract Tower,5,2,4,0,11,0,2,16,0,18,5,4,20,0,29,38,0,38,67
03/19/2012,LWS,ID,ANM,WE,Federal Contract Tower,5,5,2,0,12,0,4,70,0,74,5,9,72,0,86,26,0,26,112
03/20/2012,LWS,ID,ANM,WE,Federal Contract Tower,5,12,5,0,22,0,1,4,0,5,5,13,9,0,27,0,0,0,27
03/21/2012,LWS,ID,ANM,WE,Federal Contract Tower,5,10,12,0,27,0,0,3,0,3,5,10,15,0,30,40,0,40,70
03/22/2012,LWS,ID,ANM,WE,Federal Contract Tower,5,10,11,0,26,0,0,10,0,10,5,10,21,0,36,108,0,108,144
03/23/2012,LWS,ID,ANM,WE,Federal Contract Tower,5,11,6,0,22,0,3,24,0,27,5,14,30,0,49,72,0,72,121
03/24/2012,LWS,ID,ANM,WE,Federal Contract Tower,3,3,2,0,8,0,1,86,0,87,3,4,88,0,95,104,0,104,199
03/25/2012,LWS,ID,ANM,WE,Federal Contract Tower,5,3,3,0,11,0,0,33,0,33,5,3,36,0,44,26,0,26,70
03/26/2012,LWS,ID,ANM,WE,Federal Contract Tower,5,7,8,0,20,0,13,8,0,21,5,20,16,0,41,16,0,16,57
03/27/2012,LWS,ID,ANM,WE,Federal Contract Tower,7,8,8,0,23,0,5,71,0,76,7,13,79,0,99,70,0,70,169
03/28/2012,LWS,ID,ANM,WE,Federal Contract Tower,5,10,5,0,20,0,1,12,0,13,5,11,17,0,33,0,0,0,33
03/29/2012,LWS,ID,ANM,WE,Federal Contract Tower,5,12,9,4,30,0,1,91,0,92,5,13,100,4,122,72,0,72,194
03/30/2012,LWS,ID,ANM,WE,Federal Contract Tower,5,12,9,0,26,0,4,6,0,10,5,16,15,0,36,0,0,0,36
03/31/2012,LWS,ID,ANM,WE,Federal Contract Tower,3,1,1,0,5,0,2,22,0,24,3,3,23,0,29,94,0,94,123
04/01/2012,LWS,ID,ANM,WE,Federal Contract Tower,5,5,0,0,10,0,3,0,0,3,5,8,0,0,13,0,0,0,13
04/02/2012,LWS,ID,ANM,WE,Federal Contract Tower,5,8,0,0,13,0,13,38,0,51,5,21,38,0,64,56,0,56,120
04/03/2012,LWS,ID,ANM,WE,Federal Contract Tower,4,10,5,0,19,0,7,30,2,39,4,17,35,2,58,28,0,28,86
04/04/2012,LWS,ID,ANM,WE,Federal Contract Tower,5,8,5,0,18,0,0,3,0,3,5,8,8,0,21,2,0,2,23
04/05/2012,LWS,ID,ANM,WE,Federal Contract Tower,5,11,4,1,21,0,2,12,1,15,5,13,16,2,36,22,0,22,58
04/06/2012,LWS,ID,ANM,WE,Federal Contract Tower,5,12,5,0,22,0,4,17,0,21,5,16,22,0,43,6,0,6,49
04/07/2012,LWS,ID,ANM,WE,Federal Contract Tower,3,2,0,0,5,0,4,44,0,48,3,6,44,0,53,68,0,68,121
04/08/2012,LWS,ID,ANM,WE,Federal Contract Tower,5,0,3,0,8,0,0,16,0,16,5,0,19,0,24,22,0,22,46
04/09/2012,LWS,ID,ANM,WE,Federal Contract Tower,5,5,2,0,12,0,5,88,0,93,5,10,90,0,105,66,0,66,171
04/10/2012,LWS,ID,ANM,WE,Federal Contract Tower,5,12,10,0,27,0,3,52,0,55,5,15,62,0,82,6,0,6,88
04/11/2012,LWS,ID,ANM,WE,Federal Contract Tower,5,9,8,0,22,0,2,53,0,55,5,11,61,0,77,64,0,64,141
04/12/2012,LWS,ID,ANM,WE,Federal Contract Tower,5,8,11,0,24,0,5,65,0,70,5,13,76,0,94,16,0,16,110
04/13/2012,LWS,ID,ANM,WE,Federal Contract Tower,5,7,5,0,17,0,5,28,0,33,5,12,33,0,50,6,0,6,56
04/14/2012,LWS,ID,ANM,WE,Federal Contract Tower,2,3,0,2,7,0,4,50,4,58,2,7,50,6,65,80,10,90,155
04/15/2012,LWS,ID,ANM,WE,Federal Contract Tower,5,2,6,0,13,0,3,31,0,34,5,5,37,0,47,4,0,4,51
04/16/2012,LWS,ID,ANM,WE,Federal Contract Tower,5,11,7,6,29,0,1,13,0,14,5,12,20,6,43,0,8,8,51
04/17/2012,LWS,ID,ANM,WE,Federal Contract Tower,5,13,3,0,21,0,5,24,0,29,5,18,27,0,50,4,0,4,54
04/18/2012,LWS,ID,ANM,WE,Federal Contract Tower,5,9,12,4,30,0,3,32,0,35,5,12,44,4,65,6,0,6,71
04/19/2012,LWS,ID,ANM,WE,Federal Contract Tower,4,8,15,0,27,0,9,72,0,81,4,17,87,0,108,28,0,28,136
04/20/2012,LWS,ID,ANM,WE,Federal Contract Tower,5,8,8,0,21,0,2,36,0,38,5,10,44,0,59,38,0,38,97
04/21/2012,LWS,ID,ANM,WE,Federal Contract Tower,5,1,3,0,9,0,3,66,0,69,5,4,69,0,78,18,0,18,96
04/22/2012,LWS,ID,ANM,WE,Federal Contract Tower,5,2,1,0,8,0,0,52,3,55,5,2,53,3,63,22,2,24,87
04/23/2012,LWS,ID,ANM,WE,Federal Contract Tower,5,6,4,0,15,0,3,49,0,52,5,9,53,0,67,74,0,74,141
04/24/2012,LWS,ID,ANM,WE,Federal Contract Tower,5,10,4,0,19,0,1,33,0,34,5,11,37,0,53,28,0,28,81
04/25/2012,LWS,ID,ANM,WE,Federal Contract Tower,6,7,9,0,22,0,4,56,0,60,6,11,65,0,82,64,0,64,146
04/26/2012,LWS,ID,ANM,WE,Federal Contract Tower,5,13,11,0,29,0,3,1,0,4,5,16,12,0,33,0,0,0,33
04/27/2012,LWS,ID,ANM,WE,Federal Contract Tower,7,7,2,0,16,0,4,24,0,28,7,11,26,0,44,16,0,16,60
04/28/2012,LWS,ID,ANM,WE,Federal Contract Tower,3,4,3,0,10,0,1,36,0,37,3,5,39,0,47,66,0,66,113
04/29/2012,LWS,ID,ANM,WE,Federal Contract Tower,4,2,2,0,8,0,0,55,0,55,4,2,57,0,63,14,0,14,77
04/30/2012,LWS,ID,ANM,WE,Federal Contract Tower,7,5,0,2,14,0,3,2,0,5,7,8,2,2,19,0,0,0,19
05/01/2012,LWS,ID,ANM,WE,Federal Contract Tower,5,9,1,0,15,0,1,51,0,52,5,10,52,0,67,32,0,32,99
05/02/2012,LWS,ID,ANM,WE,Federal Contract Tower,5,9,8,0,22,0,5,49,0,54,5,14,57,0,76,10,0,10,86
05/03/2012,LWS,ID,ANM,WE,Federal Contract Tower,5,9,6,0,20,0,12,9,0,21,5,21,15,0,41,0,0,0,41
05/04/2012,LWS,ID,ANM,WE,Federal Contract Tower,5,9,5,0,19,0,5,31,0,36,5,14,36,0,55,34,0,34,89
05/05/2012,LWS,ID,ANM,WE,Federal Contract Tower,2,2,5,0,9,0,1,23,0,24,2,3,28,0,33,36,0,36,69
05/06/2012,LWS,ID,ANM,WE,Federal Contract Tower,4,2,3,0,9,0,0,57,0,57,4,2,60,0,66,36,0,36,102
05/07/2012,LWS,ID,ANM,WE,Federal Contract Tower,5,5,1,0,11,0,5,42,0,47,5,10,43,0,58,12,2,14,72
05/08/2012,LWS,ID,ANM,WE,Federal Contract Tower,5,9,2,2,18,0,6,39,4,49,5,15,41,6,67,28,10,38,105
05/09/2012,LWS,ID,ANM,WE,Federal Contract Tower,5,8,7,0,20,0,7,62,0,69,5,15,69,0,89,10,0,10,99
05/10/2012,LWS,ID,ANM,WE,Federal Contract Tower,5,10,6,0,21,0,14,63,0,77,5,24,69,0,98,30,0,30,128
05/11/2012,LWS,ID,ANM,WE,Federal Contract Tower,5,9,6,0,20,0,6,53,0,59,5,15,59,0,79,26,0,26,105
05/12/2012,LWS,ID,ANM,WE,Federal Contract Tower,3,3,0,0,6,0,5,63,0,68,3,8,63,0,74,18,0,18,92
05/13/2012,LWS,ID,ANM,WE,Federal Contract Tower,4,2,0,0,6,0,0,27,0,27,4,2,27,0,33,12,0,12,45
05/14/2012,LWS,ID,ANM,WE,Federal Contract Tower,5,7,5,0,17,0,3,42,0,45,5,10,47,0,62,18,0,18,80
05/15/2012,LWS,ID,ANM,WE,Federal Contract Tower,5,7,6,0,18,0,5,54,0,59,5,12,60,0,77,26,0,26,103
05/16/2012,LWS,ID,ANM,WE,Federal Contract Tower,5,5,10,0,20,0,8,44,0,52,5,13,54,0,72,16,0,16,88
05/17/2012,LWS,ID,ANM,WE,Federal Contract Tower,5,8,11,0,24,0,7,34,0,41,5,15,45,0,65,0,0,0,65
05/18/2012,LWS,ID,ANM,WE,Federal Contract Tower,5,7,3,0,15,0,2,30,0,32,5,9,33,0,47,24,0,24,71
05/19/2012,LWS,ID,ANM,WE,Federal Contract Tower,3,2,0,0,5,0,1,73,0,74,3,3,73,0,79,66,0,66,145
05/20/2012,LWS,ID,ANM,WE,Federal Contract Tower,5,2,1,0,8,0,0,22,0,22,5,2,23,0,30,16,0,16,46
05/21/2012,LWS,ID,ANM,WE,Federal Contract Tower,5,5,1,0,11,0,5,12,0,17,5,10,13,0,28,2,0,2,30
05/22/2012,LWS,ID,ANM,WE,Federal Contract Tower,5,9,2,0,16,0,2,30,4,36,5,11,32,4,52,0,4,4,56
05/23/2012,LWS,ID,ANM,WE,Federal Contract Tower,5,8,12,0,25,0,4,29,0,33,5,12,41,0,58,20,0,20,78
05/24/2012,LWS,ID,ANM,WE,Federal Contract Tower,5,8,11,0,24,0,4,52,0,56,5,12,63,0,80,54,0,54,134
05/25/2012,LWS,ID,ANM,WE,Federal Contract Tower,5,6,12,0,23,0,11,19,0,30,5,17,31,0,53,4,0,4,57
05/26/2012,LWS,ID,ANM,WE,Federal Contract Tower,3,2,4,0,9,0,3,26,0,29,3,5,30,0,38,16,0,16,54
05/27/2012,LWS,ID,ANM,WE,Federal Contract Tower,3,1,1,0,5,0,3,31,0,34,3,4,32,0,39,14,0,14,53
05/28/2012,LWS,ID,ANM,WE,Federal Contract Tower,3,3,8,0,14,0,0,57,0,57,3,3,65,0,71,28,0,28,99
05/29/2012,LWS,ID,ANM,WE,Federal Contract Tower,8,7,7,0,22,0,6,58,2,66,8,13,65,2,88,20,4,24,112
05/30/2012,LWS,ID,ANM,WE,Federal Contract Tower,5,7,4,0,16,0,4,51,0,55,5,11,55,0,71,54,0,54,125
05/31/2012,LWS,ID,ANM,WE,Federal Contract Tower,4,6,14,0,24,0,11,33,0,44,4,17,47,0,68,12,0,12,80
06/01/2012,LWS,ID,ANM,WE,Federal Contract Tower,5,7,6,0,18,0,10,63,0,73,5,17,69,0,91,10,0,10,101
06/02/2012,LWS,ID,ANM,WE,Federal Contract Tower,3,6,8,0,17,0,3,31,0,34,3,9,39,0,51,36,0,36,87
06/03/2012,LWS,ID,ANM,WE,Federal Contract Tower,4,3,4,0,11,0,1,64,0,65,4,4,68,0,76,30,0,30,106
06/04/2012,LWS,ID,ANM,WE,Federal Contract Tower,5,6,5,0,16,0,8,37,0,45,5,14,42,0,61,2,0,2,63
06/05/2012,LWS,ID,ANM,WE,Federal Contract Tower,5,10,4,0,19,0,4,4,0,8,5,14,8,0,27,0,0,0,27
06/06/2012,LWS,ID,ANM,WE,Federal Contract Tower,5,8,10,0,23,0,6,49,0,55,5,14,59,0,78,58,0,58,136
06/07/2012,LWS,ID,ANM,WE,Federal Contract Tower,5,5,8,0,18,0,8,53,0,61,5,13,61,0,79,4,0,4,83
06/08/2012,LWS,ID,ANM,WE,Federal Contract Tower,5,9,6,0,20,0,7,5,0,12,5,16,11,0,32,4,0,4,36
06/09/2012,LWS,ID,ANM,WE,Federal Contract Tower,3,4,2,0,9,0,0,33,0,33,3,4,35,0,42,8,0,8,50
06/10/2012,LWS,ID,ANM,WE,Federal Contract Tower,4,4,1,0,9,0,4,19,0,23,4,8,20,0,32,6,0,6,38
06/11/2012,LWS,ID,ANM,WE,Federal Contract Tower,5,3,5,0,13,0,4,66,1,71,5,7,71,1,84,10,0,10,94
06/12/2012,LWS,ID,ANM,WE,Federal Contract Tower,5,6,1,0,12,0,6,63,0,69,5,12,64,0,81,18,0,18,99
06/13/2012,LWS,ID,ANM,WE,Federal Contract Tower,7,8,14,0,29,0,10,91,0,101,7,18,105,0,130,62,0,62,192
06/14/2012,LWS,ID,ANM,WE,Federal Contract Tower,5,8,2,0,15,0,6,75,2,83,5,14,77,2,98,38,6,44,142
06/15/2012,LWS,ID,ANM,WE,Federal Contract Tower,5,2,7,0,14,0,9,67,2,78,5,11,74,2,92,16,0,16,108
06/16/2012,LWS,ID,ANM,WE,Federal Contract Tower,6,2,0,0,8,0,3,65,0,68,6,5,65,0,76,20,0,20,96
06/17/2012,LWS,ID,ANM,WE,Federal Contract Tower,4,2,6,0,12,0,0,30,0,30,4,2,36,0,42,22,0,22,64
06/18/2012,LWS,ID,ANM,WE,Federal Contract Tower,5,5,6,0,16,0,9,23,0,32,5,14,29,0,48,0,0,0,48
06/19/2012,LWS,ID,ANM,WE,Federal Contract Tower,7,5,4,0,16,0,6,79,0,85,7,11,83,0,101,52,0,52,153
06/20/2012,LWS,ID,ANM,WE,Federal Contract Tower,5,7,9,2,23,0,8,133,0,141,5,15,142,2,164,120,4,124,288
06/21/2012,LWS,ID,ANM,WE,Federal Contract Tower,5,6,12,0,23,0,9,83,0,92,5,15,95,0,115,22,0,22,137
06/22/2012,LWS,ID,ANM,WE,Federal Contract Tower,5,7,6,0,18,0,9,37,0,46,5,16,43,0,64,24,0,24,88
06/23/2012,LWS,ID,ANM,WE,Federal Contract Tower,3,4,2,0,9,0,1,55,0,56,3,5,57,0,65,14,0,14,79
06/24/2012,LWS,ID,ANM,WE,Federal Contract Tower,4,2,2,0,8,0,1,30,0,31,4,3,32,0,39,14,0,14,53
06/25/2012,LWS,ID,ANM,WE,Federal Contract Tower,4,5,2,4,15,0,3,55,5,63,4,8,57,9,78,8,0,8,86
06/26/2012,LWS,ID,ANM,WE,Federal Contract Tower,5,7,2,1,15,0,2,1,1,4,5,9,3,2,19,0,0,0,19
06/27/2012,LWS,ID,ANM,WE,Federal Contract Tower,5,10,6,0,21,0,11,80,0,91,5,21,86,0,112,8,0,8,120
06/28/2012,LWS,ID,ANM,WE,Federal Contract Tower,4,5,2,1,12,0,5,57,5,67,4,10,59,6,79,10,0,10,89
06/29/2012,LWS,ID,ANM,WE,Federal Contract Tower,6,5,3,0,14,0,5,48,0,53,6,10,51,0,67,26,0,26,93
06/30/2012,LWS,ID,ANM,WE,Federal Contract Tower,2,3,4,0,9,0,1,53,0,54,2,4,57,0,63,12,0,12,75
07/01/2012,LWS,ID,ANM,WE,Federal Contract Tower,4,2,2,0,8,0,0,10,0,10,4,2,12,0,18,8,0,8,26
07/02/2012,LWS,ID,ANM,WE,Federal Contract Tower,5,4,6,0,15,0,2,66,0,68,5,6,72,0,83,6,0,6,89
07/03/2012,LWS,ID,ANM,WE,Federal Contract Tower,4,6,7,0,17,0,8,53,0,61,4,14,60,0,78,18,0,18,96
07/04/2012,LWS,ID,ANM,WE,Federal Contract Tower,3,2,2,0,7,0,4,93,0,97,3,6,95,0,104,64,0,64,168
07/05/2012,LWS,ID,ANM,WE,Federal Contract Tower,5,5,2,0,12,0,8,76,0,84,5,13,78,0,96,28,2,30,126
07/06/2012,LWS,ID,ANM,WE,Federal Contract Tower,5,6,2,0,13,0,7,45,0,52,5,13,47,0,65,40,0,40,105
07/07/2012,LWS,ID,ANM,WE,Federal Contract Tower,3,3,0,0,6,0,3,43,0,46,3,6,43,0,52,8,0,8,60
07/08/2012,LWS,ID,ANM,WE,Federal Contract Tower,3,2,2,0,7,0,1,36,0,37,3,3,38,0,44,0,0,0,44
07/09/2012,LWS,ID,ANM,WE,Federal Contract Tower,5,5,4,0,14,0,2,49,0,51,5,7,53,0,65,0,0,0,65
07/10/2012,LWS,ID,ANM,WE,Federal Contract Tower,5,6,8,0,19,0,4,69,0,73,5,10,77,0,92,20,0,20,112
07/11/2012,LWS,ID,ANM,WE,Federal Contract Tower,5,6,11,0,22,0,9,56,0,65,5,15,67,0,87,26,0,26,113
07/12/2012,LWS,ID,ANM,WE,Federal Contract Tower,5,6,10,0,21,0,12,44,0,56,5,18,54,0,77,12,0,12,89
07/13/2012,LWS,ID,ANM,WE,Federal Contract Tower,5,5,7,0,17,0,6,44,0,50,5,11,51,0,67,0,0,0,67
07/14/2012,LWS,ID,ANM,WE,Federal Contract Tower,3,4,0,0,7,0,0,29,0,29,3,4,29,0,36,2,0,2,38
07/15/2012,LWS,ID,ANM,WE,Federal Contract Tower,4,2,2,0,8,0,0,19,0,19,4,2,21,0,27,8,0,8,35
07/16/2012,LWS,ID,ANM,WE,Federal Contract Tower,5,4,4,0,13,0,3,23,0,26,5,7,27,0,39,14,0,14,53
07/17/2012,LWS,ID,ANM,WE,Federal Contract Tower,5,5,3,0,13,0,5,34,0,39,5,10,37,0,52,2,0,2,54
07/18/2012,LWS,ID,ANM,WE,Federal Contract Tower,5,6,8,2,21,0,10,91,2,103,5,16,99,4,124,18,4,22,146
07/19/2012,LWS,ID,ANM,WE,Federal Contract Tower,5,5,5,0,15,0,10,76,0,86,5,15,81,0,101,26,0,26,127
07/20/2012,LWS,ID,ANM,WE,Federal Contract Tower,5,8,7,0,20,0,10,35,0,45,5,18,42,0,65,30,0,30,95
07/21/2012,LWS,ID,ANM,WE,Federal Contract Tower,3,3,1,0,7,0,3,84,0,87,3,6,85,0,94,70,0,70,164
07/22/2012,LWS,ID,ANM,WE,Federal Contract Tower,4,2,3,0,9,0,3,54,0,57,4,5,57,0,66,26,0,26,92
07/23/2012,LWS,ID,ANM,WE,Federal Contract Tower,5,4,7,0,16,0,10,75,3,88,5,14,82,3,104,20,0,20,124
07/24/2012,LWS,ID,ANM,WE,Federal Contract Tower,4,7,6,0,17,0,7,46,8,61,4,14,52,8,78,18,0,18,96
07/25/2012,LWS,ID,ANM,WE,Federal Contract Tower,5,5,5,0,15,0,8,43,0,51,5,13,48,0,66,12,0,12,78
07/26/2012,LWS,ID,ANM,WE,Federal Contract Tower,5,5,0,0,10,0,12,47,0,59,5,17,47,0,69,10,0,10,79
07/27/2012,LWS,ID,ANM,WE,Federal Contract Tower,5,5,0,0,10,0,10,52,0,62,5,15,52,0,72,28,0,28,100
07/28/2012,LWS,ID,ANM,WE,Federal Contract Tower,2,5,3,0,10,0,9,68,2,79,2,14,71,2,89,56,0,56,145
07/29/2012,LWS,ID,ANM,WE,Federal Contract Tower,4,2,4,0,10,0,0,50,0,50,4,2,54,0,60,12,0,12,72
07/30/2012,LWS,ID,ANM,WE,Federal Contract Tower,5,4,5,0,14,0,5,67,5,77,5,9,72,5,91,32,0,32,123
07/31/2012,LWS,ID,ANM,WE,Federal Contract Tower,5,4,3,0,12,0,8,73,0,81,5,12,76,0,93,46,0,46,139
08/01/2012,LWS,ID,ANM,WE,Federal Contract Tower,5,5,6,0,16,0,10,60,0,70,5,15,66,0,86,2,0,2,88
08/02/2012,LWS,ID,ANM,WE,Federal Contract Tower,4,10,9,0,23,0,12,62,0,74,4,22,71,0,97,0,0,0,97
08/03/2012,LWS,ID,ANM,WE,Federal Contract Tower,5,6,3,0,14,0,10,43,0,53,5,16,46,0,67,12,0,12,79
08/04/2012,LWS,ID,ANM,WE,Federal Contract Tower,3,3,4,0,10,0,6,75,0,81,3,9,79,0,91,20,0,20,111
08/05/2012,LWS,ID,ANM,WE,Federal Contract Tower,4,3,4,0,11,0,0,46,0,46,4,3,50,0,57,2,0,2,59
08/06/2012,LWS,ID,ANM,WE,Federal Contract Tower,5,4,1,0,10,0,2,26,0,28,5,6,27,0,38,6,0,6,44
08/07/2012,LWS,ID,ANM,WE,Federal Contract Tower,5,7,3,0,15,0,7,32,0,39,5,14,35,0,54,0,0,0,54
08/08/2012,LWS,ID,ANM,WE,Federal Contract Tower,5,6,3,0,14,0,4,27,0,31,5,10,30,0,45,10,0,10,55
08/09/2012,LWS,ID,ANM,WE,Federal Contract Tower,5,5,6,0,16,0,8,41,0,49,5,13,47,0,65,12,0,12,77
08/10/2012,LWS,ID,ANM,WE,Federal Contract Tower,5,7,4,1,17,0,4,66,0,70,5,11,70,1,87,10,0,10,97
08/11/2012,LWS,ID,ANM,WE,Federal Contract Tower,2,2,0,0,4,0,9,112,1,122,2,11,112,1,126,56,0,56,182
08/12/2012,LWS,ID,ANM,WE,Federal Contract Tower,4,2,1,1,8,0,2,66,0,68,4,4,67,1,76,12,12,24,100
08/13/2012,LWS,ID,ANM,WE,Federal Contract Tower,5,7,1,0,13,0,9,37,0,46,5,16,38,0,59,28,0,28,87
08/14/2012,LWS,ID,ANM,WE,Federal Contract Tower,5,8,5,0,18,0,7,37,0,44,5,15,42,0,62,6,0,6,68
08/15/2012,LWS,ID,ANM,WE,Federal Contract Tower,5,9,12,0,26,0,5,36,0,41,5,14,48,0,67,10,0,10,77
08/16/2012,LWS,ID,ANM,WE,Federal Contract Tower,5,6,10,0,21,0,4,34,2,40,5,10,44,2,61,18,2,20,81
08/17/2012,LWS,ID,ANM,WE,Federal Contract Tower,5,5,1,0,11,0,6,25,0,31,5,11,26,0,42,18,0,18,60
08/18/2012,LWS,ID,ANM,WE,Federal Contract Tower,3,3,1,0,7,0,2,30,0,32,3,5,31,0,39,24,0,24,63
08/19/2012,LWS,ID,ANM,WE,Federal Contract Tower,4,2,3,0,9,0,0,25,2,27,4,2,28,2,36,8,0,8,44
08/20/2012,LWS,ID,ANM,WE,Federal Contract Tower,5,5,4,0,14,0,3,25,0,28,5,8,29,0,42,22,0,22,64
08/21/2012,LWS,ID,ANM,WE,Federal Contract Tower,5,8,6,0,19,0,21,51,0,72,5,29,57,0,91,12,0,12,103
08/22/2012,LWS,ID,ANM,WE,Federal Contract Tower,7,8,6,0,21,0,6,54,0,60,7,14,60,0,81,0,0,0,81
08/23/2012,LWS,ID,ANM,WE,Federal Contract Tower,5,5,0,0,10,0,8,45,0,53,5,13,45,0,63,4,0,4,67
08/24/2012,LWS,ID,ANM,WE,Federal Contract Tower,5,5,7,0,17,0,4,50,0,54,5,9,57,0,71,16,0,16,87
08/25/2012,LWS,ID,ANM,WE,Federal Contract Tower,4,1,0,0,5,0,5,50,0,55,4,6,50,0,60,24,0,24,84
08/26/2012,LWS,ID,ANM,WE,Federal Contract Tower,4,2,2,0,8,0,0,21,0,21,4,2,23,0,29,0,0,0,29
08/27/2012,LWS,ID,ANM,WE,Federal Contract Tower,5,4,9,0,18,0,6,52,0,58,5,10,61,0,76,0,0,0,76
08/28/2012,LWS,ID,ANM,WE,Federal Contract Tower,5,9,4,4,22,0,6,39,0,45,5,15,43,4,67,14,0,14,81
08/29/2012,LWS,ID,ANM,WE,Federal Contract Tower,6,9,7,2,24,1,8,30,0,39,7,17,37,2,63,8,6,14,77
08/30/2012,LWS,ID,ANM,WE,Federal Contract Tower,7,10,5,2,24,0,9,54,0,63,7,19,59,2,87,22,0,22,109
08/31/2012,LWS,ID,ANM,WE,Federal Contract Tower,4,5,6,0,15,0,9,52,0,61,4,14,58,0,76,44,0,44,120
09/01/2012,LWS,ID,ANM,WE,Federal Contract Tower,0,4,1,0,5,0,3,36,0,39,0,7,37,0,44,14,0,14,58
09/02/2012,LWS,ID,ANM,WE,Federal Contract Tower,0,4,6,0,10,0,7,9,0,16,0,11,15,0,26,12,0,12,38
09/03/2012,LWS,ID,ANM,WE,Federal Contract Tower,5,3,8,0,16,0,1,18,0,19,5,4,26,0,35,12,0,12,47
09/04/2012,LWS,ID,ANM,WE,Federal Contract Tower,5,6,5,0,16,0,7,37,0,44,5,13,42,0,60,12,0,12,72
09/05/2012,LWS,ID,ANM,WE,Federal Contract Tower,1,8,14,1,24,0,4,37,1,42,1,12,51,2,66,0,0,0,66
09/06/2012,LWS,ID,ANM,WE,Federal Contract Tower,5,6,4,0,15,0,8,45,0,53,5,14,49,0,68,0,0,0,68
09/07/2012,LWS,ID,ANM,WE,Federal Contract Tower,6,5,8,0,19,0,5,53,0,58,6,10,61,0,77,56,0,56,133
09/08/2012,LWS,ID,ANM,WE,Federal Contract Tower,3,2,1,2,8,0,1,36,0,37,3,3,37,2,45,8,0,8,53
09/09/2012,LWS,ID,ANM,WE,Federal Contract Tower,4,2,4,0,10,0,5,28,0,33,4,7,32,0,43,6,0,6,49
09/10/2012,LWS,ID,ANM,WE,Federal Contract Tower,5,4,1,0,10,0,3,23,0,26,5,7,24,0,36,16,0,16,52
09/11/2012,LWS,ID,ANM,WE,Federal Contract Tower,5,7,6,0,18,0,11,42,0,53,5,18,48,0,71,12,0,12,83
09/12/2012,LWS,ID,ANM,WE,Federal Contract Tower,5,5,4,0,14,0,7,37,0,44,5,12,41,0,58,2,0,2,60
09/13/2012,LWS,ID,ANM,WE,Federal Contract Tower,7,10,10,0,27,0,9,70,0,79,7,19,80,0,106,12,0,12,118
09/14/2012,LWS,ID,ANM,WE,Federal Contract Tower,9,23,20,0,52,0,0,0,0,0,9,23,20,0,52,0,0,0,52
09/15/2012,LWS,ID,ANM,WE,Federal Contract Tower,3,3,4,0,10,0,2,0,0,2,3,5,4,0,12,2,0,2,14
09/16/2012,LWS,ID,ANM,WE,Federal Contract Tower,4,3,6,0,13,0,0,16,0,16,4,3,22,0,29,0,0,0,29
09/17/2012,LWS,ID,ANM,WE,Federal Contract Tower,5,4,6,0,15,0,4,30,0,34,5,8,36,0,49,28,0,28,77
09/18/2012,LWS,ID,ANM,WE,Federal Contract Tower,4,8,0,0,12,0,6,37,0,43,4,14,37,0,55,0,0,0,55
09/19/2012,LWS,ID,ANM,WE,Federal Contract Tower,5,8,9,0,22,0,4,24,0,28,5,12,33,0,50,20,0,20,70
09/20/2012,LWS,ID,ANM,WE,Federal Contract Tower,5,5,6,0,16,0,5,34,0,39,5,10,40,0,55,0,0,0,55
09/21/2012,LWS,ID,ANM,WE,Federal Contract Tower,5,8,11,2,26,0,2,4,0,6,5,10,15,2,32,2,0,2,34
09/22/2012,LWS,ID,ANM,WE,Federal Contract Tower,7,11,12,0,30,0,0,1,0,1,7,11,13,0,31,10,0,10,41
09/23/2012,LWS,ID,ANM,WE,Federal Contract Tower,4,5,3,0,12,0,0,13,0,13,4,5,16,0,25,50,0,50,75
09/24/2012,LWS,ID,ANM,WE,Federal Contract Tower,5,4,7,0,16,0,6,27,2,35,5,10,34,2,51,0,0,0,51
09/25/2012,LWS,ID,ANM,WE,Federal Contract Tower,7,7,4,0,18,0,5,21,0,26,7,12,25,0,44,0,0,0,44
09/26/2012,LWS,ID,ANM,WE,Federal Contract Tower,5,6,7,0,18,0,6,42,0,48,5,12,49,0,66,34,0,34,100
09/27/2012,LWS,ID,ANM,WE,Federal Contract Tower,7,5,7,0,19,0,6,91,2,99,7,11,98,2,118,24,2,26,144
09/28/2012,LWS,ID,ANM,WE,Federal Contract Tower,6,8,10,0,24,0,2,33,0,35,6,10,43,0,59,36,0,36,95
09/29/2012,LWS,ID,ANM,WE,Federal Contract Tower,3,1,3,0,7,0,2,33,0,35,3,3,36,0,42,40,0,40,82
09/30/2012,LWS,ID,ANM,WE,Federal Contract Tower,4,2,3,0,9,0,0,25,0,25,4,2,28,0,34,28,0,28,62
10/01/2012,LWS,ID,ANM,WE,Federal Contract Tower,5,4,3,0,12,0,4,43,0,47,5,8,46,0,59,34,0,34,93
10/02/2012,LWS,ID,ANM,WE,Federal Contract Tower,5,9,4,0,18,0,6,34,0,40,5,15,38,0,58,24,0,24,82
10/03/2012,LWS,ID,ANM,WE,Federal Contract Tower,5,8,6,0,19,0,8,29,0,37,5,16,35,0,56,20,0,20,76
10/04/2012,LWS,ID,ANM,WE,Federal Contract Tower,5,5,6,0,16,0,15,46,0,61,5,20,52,0,77,20,0,20,97
10/05/2012,LWS,ID,ANM,WE,Federal Contract Tower,8,8,0,0,16,0,14,36,0,50,8,22,36,0,66,28,0,28,94
10/06/2012,LWS,ID,ANM,WE,Federal Contract Tower,4,3,3,0,10,0,0,82,0,82,4,3,85,0,92,10,0,10,102
10/07/2012,LWS,ID,ANM,WE,Federal Contract Tower,4,3,5,0,12,0,4,30,0,34,4,7,35,0,46,10,0,10,56
10/08/2012,LWS,ID,ANM,WE,Federal Contract Tower,2,4,2,0,8,0,7,34,0,41,2,11,36,0,49,24,0,24,73
10/09/2012,LWS,ID,ANM,WE,Federal Contract Tower,5,6,4,0,15,0,7,39,2,48,5,13,43,2,63,32,0,32,95
10/10/2012,LWS,ID,ANM,WE,Federal Contract Tower,7,7,5,0,19,0,6,31,2,39,7,13,36,2,58,28,0,28,86
10/11/2012,LWS,ID,ANM,WE,Federal Contract Tower,5,5,9,0,19,0,10,35,0,45,5,15,44,0,64,40,0,40,104
10/12/2012,LWS,ID,ANM,WE,Federal Contract Tower,7,8,9,0,24,0,6,30,0,36,7,14,39,0,60,10,0,10,70
10/13/2012,LWS,ID,ANM,WE,Federal Contract Tower,5,5,2,0,12,0,2,15,0,17,5,7,17,0,29,16,0,16,45
10/14/2012,LWS,ID,ANM,WE,Federal Contract Tower,4,3,7,0,14,0,4,23,0,27,4,7,30,0,41,2,0,2,43
10/15/2012,LWS,ID,ANM,WE,Federal Contract Tower,4,6,5,0,15,0,2,11,0,13,4,8,16,0,28,0,0,0,28
10/16/2012,LWS,ID,ANM,WE,Federal Contract Tower,5,9,4,0,18,0,3,2,0,5,5,12,6,0,23,0,0,0,23
10/17/2012,LWS,ID,ANM,WE,Federal Contract Tower,5,5,6,0,16,0,10,53,0,63,5,15,59,0,79,8,0,8,87
10/18/2012,LWS,ID,ANM,WE,Federal Contract Tower,4,3,6,0,13,0,15,29,0,44,4,18,35,0,57,20,0,20,77
10/19/2012,LWS,ID,ANM,WE,Federal Contract Tower,7,4,8,0,19,0,7,23,0,30,7,11,31,0,49,18,0,18,67
10/20/2012,LWS,ID,ANM,WE,Federal Contract Tower,3,3,4,0,10,0,5,7,0,12,3,8,11,0,22,0,0,0,22
10/21/2012,LWS,ID,ANM,WE,Federal Contract Tower,4,3,6,0,13,0,0,28,0,28,4,3,34,0,41,28,0,28,69
10/22/2012,LWS,ID,ANM,WE,Federal Contract Tower,5,6,5,0,16,0,2,12,0,14,5,8,17,0,30,12,0,12,42
10/23/2012,LWS,ID,ANM,WE,Federal Contract Tower,5,9,4,0,18,0,2,3,0,5,5,11,7,0,23,0,0,0,23
10/24/2012,LWS,ID,ANM,WE,Federal Contract Tower,5,6,10,0,21,0,4,22,0,26,5,10,32,0,47,0,0,0,47
10/25/2012,LWS,ID,ANM,WE,Federal Contract Tower,5,8,10,0,23,0,3,6,0,9,5,11,16,0,32,0,0,0,32
10/26/2012,LWS,ID,ANM,WE,Federal Contract Tower,5,10,6,1,22,0,5,20,1,26,5,15,26,2,48,6,0,6,54
10/27/2012,LWS,ID,ANM,WE,Federal Contract Tower,3,6,6,0,15,0,1,14,0,15,3,7,20,0,30,12,0,12,42
10/28/2012,LWS,ID,ANM,WE,Federal Contract Tower,4,3,6,0,13,0,0,6,0,6,4,3,12,0,19,0,0,0,19
10/29/2012,LWS,ID,ANM,WE,Federal Contract Tower,6,4,5,0,15,0,5,13,0,18,6,9,18,0,33,8,6,14,47
10/30/2012,LWS,ID,ANM,WE,Federal Contract Tower,5,7,10,0,22,0,5,14,0,19,5,12,24,0,41,12,0,12,53
10/31/2012,LWS,ID,ANM,WE,Federal Contract Tower,5,7,4,0,16,0,4,21,0,25,5,11,25,0,41,18,0,18,59
11/01/2012,LWS,ID,ANM,WE,Federal Contract Tower,4,6,7,0,17,0,9,11,0,20,4,15,18,0,37,6,0,6,43
11/02/2012,LWS,ID,ANM,WE,Federal Contract Tower,6,6,6,0,18,0,4,15,0,19,6,10,21,0,37,4,0,4,41
11/03/2012,LWS,ID,ANM,WE,Federal Contract Tower,4,5,5,0,14,0,0,16,0,16,4,5,21,0,30,22,0,22,52
11/04/2012,LWS,ID,ANM,WE,Federal Contract Tower,4,4,5,0,13,0,2,14,0,16,4,6,19,0,29,10,0,10,39
11/05/2012,LWS,ID,ANM,WE,Federal Contract Tower,5,5,8,0,18,0,2,20,0,22,5,7,28,0,40,22,0,22,62
11/06/2012,LWS,ID,ANM,WE,Federal Contract Tower,4,5,4,0,13,0,8,27,0,35,4,13,31,0,48,24,0,24,72
11/07/2012,LWS,ID,ANM,WE,Federal Contract Tower,5,6,8,2,21,0,4,29,0,33,5,10,37,2,54,8,0,8,62
11/08/2012,LWS,ID,ANM,WE,Federal Contract Tower,5,8,13,2,28,0,1,5,0,6,5,9,18,2,34,0,0,0,34
11/09/2012,LWS,ID,ANM,WE,Federal Contract Tower,9,10,1,2,22,0,5,29,0,34,9,15,30,2,56,22,0,22,78
11/10/2012,LWS,ID,ANM,WE,Federal Contract Tower,3,3,3,2,11,0,2,10,0,12,3,5,13,2,23,14,0,14,37
11/11/2012,LWS,ID,ANM,WE,Federal Contract Tower,4,3,10,0,17,0,0,35,0,35,4,3,45,0,52,38,0,38,90
11/12/2012,LWS,ID,ANM,WE,Federal Contract Tower,5,8,6,0,19,0,0,6,2,8,5,8,12,2,27,6,0,6,33
11/13/2012,LWS,ID,ANM,WE,Federal Contract Tower,5,7,13,0,25,0,7,15,0,22,5,14,28,0,47,28,0,28,75
11/14/2012,LWS,ID,ANM,WE,Federal Contract Tower,5,11,12,2,30,0,5,21,0,26,5,16,33,2,56,24,0,24,80
11/15/2012,LWS,ID,ANM,WE,Federal Contract Tower,5,9,16,5,35,0,3,33,0,36,5,12,49,5,71,36,0,36,107
11/16/2012,LWS,ID,ANM,WE,Federal Contract Tower,9,6,12,0,27,0,7,34,0,41,9,13,46,0,68,40,0,40,108
11/17/2012,LWS,ID,ANM,WE,Federal Contract Tower,7,3,5,0,15,0,2,20,0,22,7,5,25,0,37,18,0,18,55
11/18/2012,LWS,ID,ANM,WE,Federal Contract Tower,4,4,1,0,9,0,2,20,0,22,4,6,21,0,31,18,0,18,49
11/19/2012,LWS,ID,ANM,WE,Federal Contract Tower,5,4,3,0,12,0,4,9,0,13,5,8,12,0,25,0,0,0,25
11/20/2012,LWS,ID,ANM,WE,Federal Contract Tower,5,8,15,4,32,0,5,2,0,7,5,13,17,4,39,0,0,0,39
11/21/2012,LWS,ID,ANM,WE,Federal Contract Tower,5,8,8,0,21,0,4,9,0,13,5,12,17,0,34,4,0,4,38
11/22/2012,LWS,ID,ANM,WE,Federal Contract Tower,3,1,4,0,8,0,0,12,0,12,3,1,16,0,20,34,0,34,54
11/23/2012,LWS,ID,ANM,WE,Federal Contract Tower,4,4,2,0,10,0,4,12,0,16,4,8,14,0,26,2,0,2,28
11/24/2012,LWS,ID,ANM,WE,Federal Contract Tower,5,6,10,0,21,0,0,10,0,10,5,6,20,0,31,20,0,20,51
11/25/2012,LWS,ID,ANM,WE,Federal Contract Tower,4,2,9,0,15,0,0,7,0,7,4,2,16,0,22,18,0,18,40
11/26/2012,LWS,ID,ANM,WE,Federal Contract Tower,7,7,7,0,21,0,4,28,0,32,7,11,35,0,53,10,0,10,63
11/27/2012,LWS,ID,ANM,WE,Federal Contract Tower,5,5,4,1,15,0,11,25,1,37,5,16,29,2,52,20,0,20,72
11/28/2012,LWS,ID,ANM,WE,Federal Contract Tower,5,6,16,0,27,0,5,51,0,56,5,11,67,0,83,32,0,32,115
11/29/2012,LWS,ID,ANM,WE,Federal Contract Tower,7,7,10,0,24,0,9,20,0,29,7,16,30,0,53,14,0,14,67
11/30/2012,LWS,ID,ANM,WE,Federal Contract Tower,5,6,4,0,15,0,5,40,0,45,5,11,44,0,60,28,0,28,88
12/01/2012,LWS,ID,ANM,WE,Federal Contract Tower,3,4,4,0,11,0,3,10,0,13,3,7,14,0,24,24,0,24,48
12/02/2012,LWS,ID,ANM,WE,Federal Contract Tower,4,6,2,0,12,0,0,2,0,2,4,6,4,0,14,0,0,0,14
12/03/2012,LWS,ID,ANM,WE,Federal Contract Tower,5,4,2,0,11,0,2,18,0,20,5,6,20,0,31,18,0,18,49
12/04/2012,LWS,ID,ANM,WE,Federal Contract Tower,5,5,6,4,20,0,4,12,0,16,5,9,18,4,36,104,0,104,140
12/05/2012,LWS,ID,ANM,WE,Federal Contract Tower,5,5,6,0,16,0,4,60,0,64,5,9,66,0,80,146,0,146,226
12/06/2012,LWS,ID,ANM,WE,Federal Contract Tower,5,6,16,2,29,0,3,39,0,42,5,9,55,2,71,66,0,66,137
12/07/2012,LWS,ID,ANM,WE,Federal Contract Tower,5,7,4,0,16,0,2,20,0,22,5,9,24,0,38,88,0,88,126
12/08/2012,LWS,ID,ANM,WE,Federal Contract Tower,3,4,2,0,9,0,1,34,0,35,3,5,36,0,44,14,0,14,58
12/09/2012,LWS,ID,ANM,WE,Federal Contract Tower,4,5,4,0,13,0,0,8,0,8,4,5,12,0,21,36,0,36,57
12/10/2012,LWS,ID,ANM,WE,Federal Contract Tower,5,8,40,0,53,0,1,3,0,4,5,9,43,0,57,78,0,78,135
12/11/2012,LWS,ID,ANM,WE,Federal Contract Tower,4,5,14,4,27,0,4,33,1,38,4,9,47,5,65,132,26,158,223
12/12/2012,LWS,ID,ANM,WE,Federal Contract Tower,5,6,8,0,19,0,2,53,0,55,5,8,61,0,74,214,0,214,288
12/13/2012,LWS,ID,ANM,WE,Federal Contract Tower,5,8,15,0,28,0,1,21,0,22,5,9,36,0,50,108,0,108,158
12/14/2012,LWS,ID,ANM,WE,Federal Contract Tower,5,10,11,0,26,0,2,16,0,18,5,12,27,0,44,88,0,88,132
12/15/2012,LWS,ID,ANM,WE,Federal Contract Tower,3,8,3,0,14,0,0,22,0,22,3,8,25,0,36,18,0,18,54
12/16/2012,LWS,ID,ANM,WE,Federal Contract Tower,4,5,8,0,17,0,2,18,0,20,4,7,26,0,37,6,0,6,43
12/17/2012,LWS,ID,ANM,WE,Federal Contract Tower,5,6,6,0,17,0,2,0,0,2,5,8,6,0,19,0,0,0,19
12/18/2012,LWS,ID,ANM,WE,Federal Contract Tower,4,8,2,0,14,0,6,24,0,30,4,14,26,0,44,2,0,2,46
12/19/2012,LWS,ID,ANM,WE,Federal Contract Tower,5,7,8,4,24,0,3,19,0,22,5,10,27,4,46,14,0,14,60
12/20/2012,LWS,ID,ANM,WE,Federal Contract Tower,5,6,10,0,21,0,3,3,0,6,5,9,13,0,27,6,0,6,33
12/21/2012,LWS,ID,ANM,WE,Federal Contract Tower,5,7,9,0,21,0,6,6,0,12,5,13,15,0,33,0,0,0,33
12/22/2012,LWS,ID,ANM,WE,Federal Contract Tower,3,5,2,0,10,0,0,8,0,8,3,5,10,0,18,16,0,16,34
12/23/2012,LWS,ID,ANM,WE,Federal Contract Tower,4,3,1,0,8,0,0,21,0,21,4,3,22,0,29,16,0,16,45
12/24/2012,LWS,ID,ANM,WE,Federal Contract Tower,7,5,0,0,12,0,1,2,0,3,7,6,2,0,15,6,0,6,21
12/25/2012,LWS,ID,ANM,WE,Federal Contract Tower,2,3,7,0,12,0,1,1,0,2,2,4,8,0,14,0,0,0,14
12/26/2012,LWS,ID,ANM,WE,Federal Contract Tower,5,6,8,0,19,0,5,4,0,9,5,11,12,0,28,0,0,0,28
12/27/2012,LWS,ID,ANM,WE,Federal Contract Tower,7,14,12,0,33,0,0,0,0,0,7,14,12,0,33,0,0,0,33
12/28/2012,LWS,ID,ANM,WE,Federal Contract Tower,5,7,4,0,16,0,2,11,0,13,5,9,15,0,29,44,0,44,73
12/29/2012,LWS,ID,ANM,WE,Federal Contract Tower,3,5,1,0,9,0,1,10,0,11,3,6,11,0,20,20,0,20,40
12/30/2012,LWS,ID,ANM,WE,Federal Contract Tower,4,6,9,0,19,0,2,2,0,4,4,8,11,0,23,0,0,0,23
12/31/2012,LWS,ID,ANM,WE,Federal Contract Tower,5,6,4,0,15,0,2,16,0,18,5,8,20,0,33,0,0,0,33
01/01/2013,LWS,ID,ANM,WE,Federal Contract Tower,5,6,1,0,12,0,1,2,0,3,5,7,3,0,15,0,0,0,15
01/02/2013,LWS,ID,ANM,WE,Federal Contract Tower,5,7,5,2,19,0,10,12,0,22,5,17,17,2,41,10,0,10,51
01/03/2013,LWS,ID,ANM,WE,Federal Contract Tower,5,6,7,2,20,0,5,39,0,44,5,11,46,2,64,38,0,38,102
01/04/2013,LWS,ID,ANM,WE,Federal Contract Tower,5,12,11,0,28,0,10,57,0,67,5,22,68,0,95,36,0,36,131
01/05/2013,LWS,ID,ANM,WE,Federal Contract Tower,4,3,3,0,10,0,2,32,0,34,4,5,35,0,44,40,0,40,84
01/06/2013,LWS,ID,ANM,WE,Federal Contract Tower,4,4,2,2,12,0,0,19,0,19,4,4,21,2,31,28,10,38,69
01/07/2013,LWS,ID,ANM,WE,Federal Contract Tower,5,5,1,0,11,0,2,3,0,5,5,7,4,0,16,0,0,0,16
01/08/2013,LWS,ID,ANM,WE,Federal Contract Tower,5,5,11,0,21,0,4,6,0,10,5,9,17,0,31,18,0,18,49
01/09/2013,LWS,ID,ANM,WE,Federal Contract Tower,5,11,11,0,27,0,1,10,0,11,5,12,21,0,38,14,0,14,52
01/10/2013,LWS,ID,ANM,WE,Federal Contract Tower,5,9,7,0,21,0,2,13,0,15,5,11,20,0,36,20,0,20,56
01/11/2013,LWS,ID,ANM,WE,Federal Contract Tower,5,11,8,0,24,0,0,15,0,15,5,11,23,0,39,12,0,12,51
01/12/2013,LWS,ID,ANM,WE,Federal Contract Tower,3,6,2,0,11,0,0,5,0,5,3,6,7,0,16,2,0,2,18
01/13/2013,LWS,ID,ANM,WE,Federal Contract Tower,4,5,10,0,19,0,0,7,0,7,4,5,17,0,26,0,0,0,26
01/14/2013,LWS,ID,ANM,WE,Federal Contract Tower,5,8,2,0,15,0,2,2,0,4,5,10,4,0,19,0,0,0,19
01/15/2013,LWS,ID,ANM,WE,Federal Contract Tower,5,6,9,0,20,0,4,8,0,12,5,10,17,0,32,0,0,0,32
01/16/2013,LWS,ID,ANM,WE,Federal Contract Tower,5,13,4,0,22,0,2,17,0,19,5,15,21,0,41,18,0,18,59
01/17/2013,LWS,ID,ANM,WE,Federal Contract Tower,4,5,8,0,17,0,7,18,0,25,4,12,26,0,42,2,0,2,44
01/18/2013,LWS,ID,ANM,WE,Federal Contract Tower,4,6,4,2,16,0,13,16,0,29,4,19,20,2,45,16,0,16,61
01/19/2013,LWS,ID,ANM,WE,Federal Contract Tower,3,2,2,0,7,0,1,24,0,25,3,3,26,0,32,12,0,12,44
01/20/2013,LWS,ID,ANM,WE,Federal Contract Tower,3,3,6,0,12,0,0,68,0,68,3,3,74,0,80,50,0,50,130
01/21/2013,LWS,ID,ANM,WE,Federal Contract Tower,5,7,3,0,15,0,2,20,0,22,5,9,23,0,37,30,0,30,67
01/22/2013,LWS,ID,ANM,WE,Federal Contract Tower,7,6,2,0,15,0,6,20,0,26,7,12,22,0,41,0,0,0,41
01/23/2013,LWS,ID,ANM,WE,Federal Contract Tower,5,10,11,0,26,0,2,16,0,18,5,12,27,0,44,10,0,10,54
01/24/2013,LWS,ID,ANM,WE,Federal Contract Tower,5,4,14,6,29,0,4,28,0,32,5,8,42,6,61,18,0,18,79
01/25/2013,LWS,ID,ANM,WE,Federal Contract Tower,5,8,6,0,19,0,4,18,0,22,5,12,24,0,41,58,0,58,99
01/26/2013,LWS,ID,ANM,WE,Federal Contract Tower,3,5,2,0,10,0,0,2,0,2,3,5,4,0,12,24,0,24,36
01/27/2013,LWS,ID,ANM,WE,Federal Contract Tower,6,4,3,0,13,0,0,13,0,13,6,4,16,0,26,6,0,6,32
01/28/2013,LWS,ID,ANM,WE,Federal Contract Tower,5,8,2,0,15,0,1,2,0,3,5,9,4,0,18,0,0,0,18
01/29/2013,LWS,ID,ANM,WE,Federal Contract Tower,5,10,4,0,19,0,2,8,0,10,5,12,12,0,29,14,0,14,43
01/30/2013,LWS,ID,ANM,WE,Federal Contract Tower,7,6,7,4,24,0,5,40,0,45,7,11,47,4,69,34,28,62,131
01/31/2013,LWS,ID,ANM,WE,Federal Contract Tower,6,6,10,0,22,0,4,16,0,20,6,10,26,0,42,48,0,48,90
02/01/2013,LWS,ID,ANM,WE,Federal Contract Tower,5,9,3,0,17,0,2,46,2,50,5,11,49,2,67,62,0,62,129
02/02/2013,LWS,ID,ANM,WE,Federal Contract Tower,4,4,2,0,10,0,1,48,0,49,4,5,50,0,59,28,0,28,87
02/03/2013,LWS,ID,ANM,WE,Federal Contract Tower,6,6,2,0,14,0,0,29,0,29,6,6,31,0,43,34,0,34,77
02/04/2013,LWS,ID,ANM,WE,Federal Contract Tower,5,5,6,0,16,0,4,47,0,51,5,9,53,0,67,38,0,38,105
02/05/2013,LWS,ID,ANM,WE,Federal Contract Tower,5,5,5,0,15,0,4,25,0,29,5,9,30,0,44,20,0,20,64
02/06/2013,LWS,ID,ANM,WE,Federal Contract Tower,5,10,8,0,23,0,8,65,0,73,5,18,73,0,96,48,0,48,144
02/07/2013,LWS,ID,ANM,WE,Federal Contract Tower,5,8,8,2,23,0,3,10,0,13,5,11,18,2,36,6,0,6,42
02/08/2013,LWS,ID,ANM,WE,Federal Contract Tower,5,8,10,4,27,0,1,11,0,12,5,9,21,4,39,4,0,4,43
02/09/2013,LWS,ID,ANM,WE,Federal Contract Tower,3,4,2,0,9,0,2,30,0,32,3,6,32,0,41,26,0,26,67
02/10/2013,LWS,ID,ANM,WE,Federal Contract Tower,4,3,6,2,15,0,0,29,0,29,4,3,35,2,44,18,0,18,62
02/11/2013,LWS,ID,ANM,WE,Federal Contract Tower,7,2,7,0,16,0,3,19,0,22,7,5,26,0,38,2,0,2,40
02/12/2013,LWS,ID,ANM,WE,Federal Contract Tower,5,7,9,4,25,0,8,33,0,41,5,15,42,4,66,18,0,18,84
02/13/2013,LWS,ID,ANM,WE,Federal Contract Tower,5,12,10,0,27,0,4,31,0,35,5,16,41,0,62,32,0,32,94
02/14/2013,LWS,ID,ANM,WE,Federal Contract Tower,5,7,7,1,20,0,9,29,0,38,5,16,36,1,58,18,22,40,98
02/15/2013,LWS,ID,ANM,WE,Federal Contract Tower,5,5,2,0,12,0,3,30,0,33,5,8,32,0,45,54,0,54,99
02/16/2013,LWS,ID,ANM,WE,Federal Contract Tower,3,3,3,0,9,0,1,28,0,29,3,4,31,0,38,50,0,50,88
02/17/2013,LWS,ID,ANM,WE,Federal Contract Tower,4,3,2,0,9,0,0,18,0,18,4,3,20,0,27,44,0,44,71
02/18/2013,LWS,ID,ANM,WE,Federal Contract Tower,5,5,3,0,13,0,3,32,0,35,5,8,35,0,48,74,0,74,122
02/19/2013,LWS,ID,ANM,WE,Federal Contract Tower,5,7,8,0,20,0,2,1,0,3,5,9,9,0,23,0,0,0,23
02/20/2013,LWS,ID,ANM,WE,Federal Contract Tower,5,8,11,0,24,0,4,115,2,121,5,12,126,2,145,72,6,78,223
02/21/2013,LWS,ID,ANM,WE,Federal Contract Tower,4,9,7,2,22,0,3,77,6,86,4,12,84,8,108,38,0,38,146
02/22/2013,LWS,ID,ANM,WE,Federal Contract Tower,4,12,5,0,21,0,2,13,0,15,4,14,18,0,36,8,0,8,44
02/23/2013,LWS,ID,ANM,WE,Federal Contract Tower,3,3,7,0,13,0,1,2,0,3,3,4,9,0,16,0,0,0,16
02/24/2013,LWS,ID,ANM,WE,Federal Contract Tower,4,6,4,0,14,0,3,37,0,40,4,9,41,0,54,30,0,30,84
02/25/2013,LWS,ID,ANM,WE,Federal Contract Tower,7,5,1,0,13,0,3,9,0,12,7,8,10,0,25,10,0,10,35
02/26/2013,LWS,ID,ANM,WE,Federal Contract Tower,5,5,6,0,16,0,3,104,0,107,5,8,110,0,123,36,0,36,159
02/27/2013,LWS,ID,ANM,WE,Federal Contract Tower,5,6,16,0,27,0,5,45,2,52,5,11,61,2,79,12,2,14,93
02/28/2013,LWS,ID,ANM,WE,Federal Contract Tower,4,13,10,0,27,0,0,2,0,2,4,13,12,0,29,16,0,16,45
03/01/2013,LWS,ID,ANM,WE,Federal Contract Tower,4,6,5,2,17,0,5,53,0,58,4,11,58,2,75,38,6,44,119
03/02/2013,LWS,ID,ANM,WE,Federal Contract Tower,3,6,3,2,14,0,1,24,0,25,3,7,27,2,39,18,0,18,57
03/03/2013,LWS,ID,ANM,WE,Federal Contract Tower,4,2,3,0,9,0,0,3,0,3,4,2,6,0,12,2,0,2,14
03/04/2013,LWS,ID,ANM,WE,Federal Contract Tower,5,5,8,1,19,0,5,44,1,50,5,10,52,2,69,14,28,42,111
03/05/2013,LWS,ID,ANM,WE,Federal Contract Tower,5,8,4,0,17,0,5,18,2,25,5,13,22,2,42,6,0,6,48
03/06/2013,LWS,ID,ANM,WE,Federal Contract Tower,5,6,6,0,17,0,8,14,0,22,5,14,20,0,39,24,0,24,63
03/07/2013,LWS,ID,ANM,WE,Federal Contract Tower,6,7,10,0,23,0,5,39,0,44,6,12,49,0,67,18,0,18,85
03/08/2013,LWS,ID,ANM,WE,Federal Contract Tower,5,5,2,0,12,0,5,31,0,36,5,10,33,0,48,16,0,16,64
03/09/2013,LWS,ID,ANM,WE,Federal Contract Tower,2,2,5,0,9,0,4,50,0,54,2,6,55,0,63,50,0,50,113
03/10/2013,LWS,ID,ANM,WE,Federal Contract Tower,6,3,6,0,15,0,1,38,0,39,6,4,44,0,54,42,0,42,96
03/11/2013,LWS,ID,ANM,WE,Federal Contract Tower,5,5,7,0,17,0,4,16,0,20,5,9,23,0,37,20,0,20,57
03/12/2013,LWS,ID,ANM,WE,Federal Contract Tower,5,8,8,0,21,0,6,35,0,41,5,14,43,0,62,48,0,48,110
03/13/2013,LWS,ID,ANM,WE,Federal Contract Tower,5,6,7,0,18,0,6,51,0,57,5,12,58,0,75,48,0,48,123
03/14/2013,LWS,ID,ANM,WE,Federal Contract Tower,5,9,10,0,24,0,7,38,0,45,5,16,48,0,69,6,0,6,75
03/15/2013,LWS,ID,ANM,WE,Federal Contract Tower,5,8,6,1,20,0,4,32,1,37,5,12,38,2,57,20,0,20,77
03/16/2013,LWS,ID,ANM,WE,Federal Contract Tower,3,3,7,0,13,0,1,22,0,23,3,4,29,0,36,20,0,20,56
03/17/2013,LWS,ID,ANM,WE,Federal Contract Tower,4,5,6,0,15,0,2,5,0,7,4,7,11,0,22,0,0,0,22
03/18/2013,LWS,ID,ANM,WE,Federal Contract Tower,5,6,3,0,14,0,4,14,2,20,5,10,17,2,34,14,0,14,48
03/19/2013,LWS,ID,ANM,WE,Federal Contract Tower,4,7,9,0,20,0,6,41,0,47,4,13,50,0,67,38,0,38,105
03/20/2013,LWS,ID,ANM,WE,Federal Contract Tower,5,6,8,0,19,0,7,49,0,56,5,13,57,0,75,54,10,64,139
03/21/2013,LWS,ID,ANM,WE,Federal Contract Tower,6,7,7,4,24,1,6,14,0,21,7,13,21,4,45,2,0,2,47
03/22/2013,LWS,ID,ANM,WE,Federal Contract Tower,4,10,5,2,21,0,6,17,0,23,4,16,22,2,44,32,6,38,82
03/23/2013,LWS,ID,ANM,WE,Federal Contract Tower,3,5,3,0,11,0,1,33,0,34,3,6,36,0,45,40,0,40,85
03/24/2013,LWS,ID,ANM,WE,Federal Contract Tower,6,3,4,0,13,0,3,31,0,34,6,6,35,0,47,4,0,4,51
03/25/2013,LWS,ID,ANM,WE,Federal Contract Tower,5,5,2,0,12,0,6,45,0,51,5,11,47,0,63,48,0,48,111
03/26/2013,LWS,ID,ANM,WE,Federal Contract Tower,5,11,3,0,19,0,4,64,0,68,5,15,67,0,87,84,0,84,171
03/27/2013,LWS,ID,ANM,WE,Federal Contract Tower,5,7,6,2,20,0,7,67,0,74,5,14,73,2,94,66,0,66,160
03/28/2013,LWS,ID,ANM,WE,Federal Contract Tower,4,6,8,0,18,0,7,64,0,71,4,13,72,0,89,38,0,38,127
03/29/2013,LWS,ID,ANM,WE,Federal Contract Tower,4,6,4,0,14,0,7,25,0,32,4,13,29,0,46,90,0,90,136
03/30/2013,LWS,ID,ANM,WE,Federal Contract Tower,5,2,0,0,7,0,3,65,0,68,5,5,65,0,75,56,4,60,135
03/31/2013,LWS,ID,ANM,WE,Federal Contract Tower,2,5,6,0,13,0,2,47,0,49,2,7,53,0,62,30,0,30,92
04/01/2013,LWS,ID,ANM,WE,Federal Contract Tower,5,4,4,0,13,0,6,52,0,58,5,10,56,0,71,38,0,38,109
04/02/2013,LWS,ID,ANM,WE,Federal Contract Tower,7,6,6,0,19,0,4,46,0,50,7,10,52,0,69,76,0,76,145
04/03/2013,LWS,ID,ANM,WE,Federal Contract Tower,5,7,3,2,17,0,8,46,0,54,5,15,49,2,71,40,14,54,125
04/04/2013,LWS,ID,ANM,WE,Federal Contract Tower,5,8,8,0,21,0,5,20,0,25,5,13,28,0,46,68,0,68,114
04/05/2013,LWS,ID,ANM,WE,Federal Contract Tower,4,6,13,0,23,0,8,15,0,23,4,14,28,0,46,24,0,24,70
04/06/2013,LWS,ID,ANM,WE,Federal Contract Tower,3,4,5,0,12,0,1,11,0,12,3,5,16,0,24,34,0,34,58
04/07/2013,LWS,ID,ANM,WE,Federal Contract Tower,4,5,8,4,21,0,2,11,0,13,4,7,19,4,34,56,0,56,90
04/08/2013,LWS,ID,ANM,WE,Federal Contract Tower,5,4,3,0,12,0,2,26,0,28,5,6,29,0,40,46,0,46,86
04/09/2013,LWS,ID,ANM,WE,Federal Contract Tower,5,6,8,0,19,0,4,66,0,70,5,10,74,0,89,66,0,66,155
04/10/2013,LWS,ID,ANM,WE,Federal Contract Tower,5,6,8,0,19,0,6,35,0,41,5,12,43,0,60,42,0,42,102
04/11/2013,LWS,ID,ANM,WE,Federal Contract Tower,5,6,11,0,22,0,7,68,0,75,5,13,79,0,97,20,0,20,117
04/12/2013,LWS,ID,ANM,WE,Federal Contract Tower,5,5,4,0,14,0,5,36,0,41,5,10,40,0,55,4,0,4,59
04/13/2013,LWS,ID,ANM,WE,Federal Contract Tower,3,3,3,0,9,0,9,2,0,11,3,12,5,0,20,0,0,0,20
04/14/2013,LWS,ID,ANM,WE,Federal Contract Tower,4,2,4,0,10,0,0,12,0,12,4,2,16,0,22,8,0,8,30
04/15/2013,LWS,ID,ANM,WE,Federal Contract Tower,5,6,8,0,19,0,2,21,0,23,5,8,29,0,42,36,0,36,78
04/16/2013,LWS,ID,ANM,WE,Federal Contract Tower,4,8,9,0,21,0,4,48,0,52,4,12,57,0,73,26,0,26,99
04/17/2013,LWS,ID,ANM,WE,Federal Contract Tower,5,8,11,2,26,0,11,71,0,82,5,19,82,2,108,84,10,94,202
04/18/2013,LWS,ID,ANM,WE,Federal Contract Tower,5,7,10,2,24,0,5,36,2,43,5,12,46,4,67,46,0,46,113
04/19/2013,LWS,ID,ANM,WE,Federal Contract Tower,5,13,11,0,29,0,1,3,0,4,5,14,14,0,33,0,0,0,33
04/20/2013,LWS,ID,ANM,WE,Federal Contract Tower,2,3,5,0,10,0,3,9,0,12,2,6,14,0,22,14,0,14,36
04/21/2013,LWS,ID,ANM,WE,Federal Contract Tower,6,3,4,0,13,0,4,12,0,16,6,7,16,0,29,20,0,20,49
04/22/2013,LWS,ID,ANM,WE,Federal Contract Tower,5,5,7,7,24,0,5,43,0,48,5,10,50,7,72,26,0,26,98
04/23/2013,LWS,ID,ANM,WE,Federal Contract Tower,5,10,10,0,25,0,7,56,0,63,5,17,66,0,88,68,0,68,156
04/24/2013,LWS,ID,ANM,WE,Federal Contract Tower,5,6,9,0,20,0,6,112,0,118,5,12,121,0,138,46,0,46,184
04/25/2013,LWS,ID,ANM,WE,Federal Contract Tower,7,6,6,0,19,0,8,75,0,83,7,14,81,0,102,36,0,36,138
04/26/2013,LWS,ID,ANM,WE,Federal Contract Tower,4,5,4,0,13,0,7,54,0,61,4,12,58,0,74,16,0,16,90
04/27/2013,LWS,ID,ANM,WE,Federal Contract Tower,3,3,2,0,8,0,3,38,0,41,3,6,40,0,49,54,0,54,103
04/28/2013,LWS,ID,ANM,WE,Federal Contract Tower,2,2,2,0,6,0,2,13,0,15,2,4,15,0,21,0,0,0,21
04/29/2013,LWS,ID,ANM,WE,Federal Contract Tower,5,5,3,0,13,0,1,7,0,8,5,6,10,0,21,0,0,0,21
04/30/2013,LWS,ID,ANM,WE,Federal Contract Tower,5,7,4,0,16,0,4,21,0,25,5,11,25,0,41,22,0,22,63
05/01/2013,LWS,ID,ANM,WE,Federal Contract Tower,5,5,7,0,17,0,6,71,0,77,5,11,78,0,94,20,0,20,114
05/02/2013,LWS,ID,ANM,WE,Federal Contract Tower,4,7,6,0,17,1,4,91,0,96,5,11,97,0,113,60,0,60,173
05/03/2013,LWS,ID,ANM,WE,Federal Contract Tower,5,7,2,0,14,0,5,47,0,52,5,12,49,0,66,14,0,14,80
05/04/2013,LWS,ID,ANM,WE,Federal Contract Tower,2,3,0,0,5,0,3,83,0,86,2,6,83,0,91,40,0,40,131
05/05/2013,LWS,ID,ANM,WE,Federal Contract Tower,4,3,7,0,14,0,2,22,0,24,4,5,29,0,38,2,0,2,40
05/06/2013,LWS,ID,ANM,WE,Federal Contract Tower,5,7,3,0,15,0,4,35,0,39,5,11,38,0,54,18,0,18,72
05/07/2013,LWS,ID,ANM,WE,Federal Contract Tower,4,9,1,0,14,0,8,39,0,47,4,17,40,0,61,38,0,38,99
05/08/2013,LWS,ID,ANM,WE,Federal Contract Tower,5,8,8,0,21,0,4,56,0,60,5,12,64,0,81,12,0,12,93
05/09/2013,LWS,ID,ANM,WE,Federal Contract Tower,5,9,2,0,16,0,6,48,0,54,5,15,50,0,70,70,0,70,140
05/10/2013,LWS,ID,ANM,WE,Federal Contract Tower,5,8,5,0,18,0,12,44,0,56,5,20,49,0,74,10,0,10,84
05/11/2013,LWS,ID,ANM,WE,Federal Contract Tower,3,2,2,0,7,0,4,43,0,47,3,6,45,0,54,14,0,14,68
05/12/2013,LWS,ID,ANM,WE,Federal Contract Tower,4,3,0,0,7,0,0,25,0,25,4,3,25,0,32,0,0,0,32
05/13/2013,LWS,ID,ANM,WE,Federal Contract Tower,5,5,0,0,10,0,5,17,0,22,5,10,17,0,32,32,8,40,72
05/14/2013,LWS,ID,ANM,WE,Federal Contract Tower,5,6,9,0,20,0,4,61,0,65,5,10,70,0,85,34,0,34,119
05/15/2013,LWS,ID,ANM,WE,Federal Contract Tower,4,7,9,2,22,0,6,57,2,65,4,13,66,4,87,44,0,44,131
05/16/2013,LWS,ID,ANM,WE,Federal Contract Tower,5,7,14,0,26,0,6,37,0,43,5,13,51,0,69,68,0,68,137
05/17/2013,LWS,ID,ANM,WE,Federal Contract Tower,5,6,4,0,15,0,8,35,0,43,5,14,39,0,58,6,0,6,64
05/18/2013,LWS,ID,ANM,WE,Federal Contract Tower,3,6,1,0,10,0,2,29,0,31,3,8,30,0,41,4,0,4,45
05/19/2013,LWS,ID,ANM,WE,Federal Contract Tower,4,4,3,0,11,0,2,17,0,19,4,6,20,0,30,30,0,30,60
05/20/2013,LWS,ID,ANM,WE,Federal Contract Tower,5,6,2,0,13,0,6,35,0,41,5,12,37,0,54,14,6,20,74
05/21/2013,LWS,ID,ANM,WE,Federal Contract Tower,5,6,3,0,14,0,5,13,0,18,5,11,16,0,32,20,0,20,52
05/22/2013,LWS,ID,ANM,WE,Federal Contract Tower,5,7,5,0,17,0,3,13,0,16,5,10,18,0,33,6,0,6,39
05/23/2013,LWS,ID,ANM,WE,Federal Contract Tower,5,9,8,0,22,0,9,47,0,56,5,18,55,0,78,54,0,54,132
05/24/2013,LWS,ID,ANM,WE,Federal Contract Tower,5,6,9,0,20,0,5,22,0,27,5,11,31,0,47,14,0,14,61
05/25/2013,LWS,ID,ANM,WE,Federal Contract Tower,3,3,0,0,6,0,5,68,0,73,3,8,68,0,79,14,0,14,93
05/26/2013,LWS,ID,ANM,WE,Federal Contract Tower,4,2,3,0,9,0,7,16,0,23,4,9,19,0,32,20,0,20,52
05/27/2013,LWS,ID,ANM,WE,Federal Contract Tower,4,3,4,0,11,0,4,33,0,37,4,7,37,0,48,14,0,14,62
05/28/2013,LWS,ID,ANM,WE,Federal Contract Tower,5,6,8,4,23,0,4,44,0,48,5,10,52,4,71,12,0,12,83
05/29/2013,LWS,ID,ANM,WE,Federal Contract Tower,5,7,11,0,23,0,5,42,0,47,5,12,53,0,70,0,0,0,70
05/30/2013,LWS,ID,ANM,WE,Federal Contract Tower,4,7,7,0,18,0,5,48,0,53,4,12,55,0,71,24,0,24,95
05/31/2013,LWS,ID,ANM,WE,Federal Contract Tower,5,6,3,0,14,0,7,47,5,59,5,13,50,5,73,30,0,30,103
06/01/2013,LWS,ID,ANM,WE,Federal Contract Tower,2,3,7,0,12,0,2,43,8,53,2,5,50,8,65,34,0,34,99
06/02/2013,LWS,ID,ANM,WE,Federal Contract Tower,4,2,2,1,9,0,7,12,0,19,4,9,14,1,28,4,0,4,32
06/03/2013,LWS,ID,ANM,WE,Federal Contract Tower,7,5,1,1,14,0,2,35,1,38,7,7,36,2,52,6,0,6,58
06/04/2013,LWS,ID,ANM,WE,Federal Contract Tower,5,7,4,5,21,0,6,54,1,61,5,13,58,6,82,26,0,26,108
06/05/2013,LWS,ID,ANM,WE,Federal Contract Tower,7,7,7,1,22,0,6,69,1,76,7,13,76,2,98,38,0,38,136
06/06/2013,LWS,ID,ANM,WE,Federal Contract Tower,6,6,10,0,22,0,2,70,0,72,6,8,80,0,94,8,0,8,102
06/07/2013,LWS,ID,ANM,WE,Federal Contract Tower,5,7,5,0,17,0,8,44,0,52,5,15,49,0,69,18,0,18,87
06/08/2013,LWS,ID,ANM,WE,Federal Contract Tower,5,1,2,0,8,0,4,57,0,61,5,5,59,0,69,28,0,28,97
06/09/2013,LWS,ID,ANM,WE,Federal Contract Tower,4,3,5,0,12,0,5,42,0,47,4,8,47,0,59,0,0,0,59
06/10/2013,LWS,ID,ANM,WE,Federal Contract Tower,4,4,1,0,9,0,7,59,0,66,4,11,60,0,75,12,0,12,87
06/11/2013,LWS,ID,ANM,WE,Federal Contract Tower,5,6,4,0,15,0,5,66,2,73,5,11,70,2,88,30,2,32,120
06/12/2013,LWS,ID,ANM,WE,Federal Contract Tower,5,5,5,0,15,0,11,91,0,102,5,16,96,0,117,36,0,36,153
06/13/2013,LWS,ID,ANM,WE,Federal Contract Tower,5,9,7,2,23,0,4,53,0,57,5,13,60,2,80,80,0,80,160
06/14/2013,LWS,ID,ANM,WE,Federal Contract Tower,5,6,10,0,21,0,6,58,0,64,5,12,68,0,85,46,0,46,131
06/15/2013,LWS,ID,ANM,WE,Federal Contract Tower,3,6,0,4,13,0,2,50,0,52,3,8,50,4,65,0,0,0,65
06/16/2013,LWS,ID,ANM,WE,Federal Contract Tower,4,3,2,0,9,0,3,23,0,26,4,6,25,0,35,0,0,0,35
06/17/2013,LWS,ID,ANM,WE,Federal Contract Tower,4,4,6,0,14,0,2,47,0,49,4,6,53,0,63,38,0,38,101
06/18/2013,LWS,ID,ANM,WE,Federal Contract Tower,4,5,5,2,16,0,13,39,0,52,4,18,44,2,68,40,12,52,120
06/19/2013,LWS,ID,ANM,WE,Federal Contract Tower,5,7,13,0,25,0,3,12,0,15,5,10,25,0,40,0,0,0,40
06/20/2013,LWS,ID,ANM,WE,Federal Contract Tower,5,9,15,0,29,0,8,43,0,51,5,17,58,0,80,2,0,2,82
06/21/2013,LWS,ID,ANM,WE,Federal Contract Tower,5,7,14,0,26,0,3,30,0,33,5,10,44,0,59,14,0,14,73
06/22/2013,LWS,ID,ANM,WE,Federal Contract Tower,2,4,5,0,11,0,6,65,0,71,2,10,70,0,82,66,0,66,148
06/23/2013,LWS,ID,ANM,WE,Federal Contract Tower,4,2,2,0,8,0,2,27,2,31,4,4,29,2,39,14,0,14,53
06/24/2013,LWS,ID,ANM,WE,Federal Contract Tower,5,9,10,0,24,0,2,7,0,9,5,11,17,0,33,4,0,4,37
06/25/2013,LWS,ID,ANM,WE,Federal Contract Tower,5,8,7,2,22,0,6,19,0,25,5,14,26,2,47,0,0,0,47
06/26/2013,LWS,ID,ANM,WE,Federal Contract Tower,5,6,10,0,21,0,6,31,0,37,5,12,41,0,58,38,0,38,96
06/27/2013,LWS,ID,ANM,WE,Federal Contract Tower,5,9,6,0,20,0,4,40,2,46,5,13,46,2,66,64,0,64,130
06/28/2013,LWS,ID,ANM,WE,Federal Contract Tower,5,5,6,0,16,0,5,53,0,58,5,10,59,0,74,42,0,42,116
06/29/2013,LWS,ID,ANM,WE,Federal Contract Tower,3,3,0,0,6,0,2,27,0,29,3,5,27,0,35,10,0,10,45
06/30/2013,LWS,ID,ANM,WE,Federal Contract Tower,4,3,2,0,9,0,0,23,0,23,4,3,25,0,32,0,0,0,32
07/01/2013,LWS,ID,ANM,WE,Federal Contract Tower,5,7,6,0,18,0,1,36,0,37,5,8,42,0,55,18,0,18,73
07/02/2013,LWS,ID,ANM,WE,Federal Contract Tower,5,6,6,0,17,0,9,69,0,78,5,15,75,0,95,70,0,70,165
07/03/2013,LWS,ID,ANM,WE,Federal Contract Tower,5,6,5,0,16,0,7,53,0,60,5,13,58,0,76,42,0,42,118
07/04/2013,LWS,ID,ANM,WE,Federal Contract Tower,3,2,3,0,8,0,7,25,0,32,3,9,28,0,40,8,0,8,48
07/05/2013,LWS,ID,ANM,WE,Federal Contract Tower,5,6,2,0,13,0,8,36,2,46,5,14,38,2,59,32,0,32,91
07/06/2013,LWS,ID,ANM,WE,Federal Contract Tower,3,5,3,0,11,0,5,41,0,46,3,10,44,0,57,42,0,42,99
07/07/2013,LWS,ID,ANM,WE,Federal Contract Tower,4,2,3,0,9,0,5,32,0,37,4,7,35,0,46,6,0,6,52
07/08/2013,LWS,ID,ANM,WE,Federal Contract Tower,5,4,1,2,12,0,7,40,0,47,5,11,41,2,59,16,0,16,75
07/09/2013,LWS,ID,ANM,WE,Federal Contract Tower,4,8,6,0,18,0,9,113,0,122,4,17,119,0,140,18,0,18,158
07/10/2013,LWS,ID,ANM,WE,Federal Contract Tower,5,5,4,2,16,0,12,49,0,61,5,17,53,2,77,70,16,86,163
07/11/2013,LWS,ID,ANM,WE,Federal Contract Tower,5,5,5,0,15,0,5,39,0,44,5,10,44,0,59,46,0,46,105
07/12/2013,LWS,ID,ANM,WE,Federal Contract Tower,5,5,8,2,20,0,7,38,6,51,5,12,46,8,71,28,14,42,113
07/13/2013,LWS,ID,ANM,WE,Federal Contract Tower,3,4,0,2,9,0,7,48,0,55,3,11,48,2,64,18,0,18,82
07/14/2013,LWS,ID,ANM,WE,Federal Contract Tower,4,2,3,0,9,0,18,25,0,43,4,20,28,0,52,14,0,14,66
07/15/2013,LWS,ID,ANM,WE,Federal Contract Tower,5,4,5,0,14,0,7,29,2,38,5,11,34,2,52,6,4,10,62
07/16/2013,LWS,ID,ANM,WE,Federal Contract Tower,5,5,3,0,13,0,14,41,0,55,5,19,44,0,68,42,0,42,110
07/17/2013,LWS,ID,ANM,WE,Federal Contract Tower,6,6,5,0,17,0,5,44,0,49,6,11,49,0,66,56,0,56,122
07/18/2013,LWS,ID,ANM,WE,Federal Contract Tower,5,6,6,0,17,0,11,46,0,57,5,17,52,0,74,14,0,14,88
07/19/2013,LWS,ID,ANM,WE,Federal Contract Tower,5,6,3,0,14,0,6,62,0,68,5,12,65,0,82,10,0,10,92
07/20/2013,LWS,ID,ANM,WE,Federal Contract Tower,5,4,0,0,9,0,13,41,0,54,5,17,41,0,63,22,0,22,85
07/21/2013,LWS,ID,ANM,WE,Federal Contract Tower,4,2,3,0,9,0,8,48,0,56,4,10,51,0,65,28,0,28,93
07/22/2013,LWS,ID,ANM,WE,Federal Contract Tower,5,6,4,0,15,0,4,36,0,40,5,10,40,0,55,8,0,8,63
07/23/2013,LWS,ID,ANM,WE,Federal Contract Tower,5,6,2,0,13,0,6,36,0,42,5,12,38,0,55,22,0,22,77
07/24/2013,LWS,ID,ANM,WE,Federal Contract Tower,5,6,5,0,16,0,4,52,0,56,5,10,57,0,72,32,0,32,104
07/25/2013,LWS,ID,ANM,WE,Federal Contract Tower,5,6,7,0,18,0,7,39,0,46,5,13,46,0,64,14,0,14,78
07/26/2013,LWS,ID,ANM,WE,Federal Contract Tower,5,7,7,0,19,0,11,28,2,41,5,18,35,2,60,14,0,14,74
07/27/2013,LWS,ID,ANM,WE,Federal Contract Tower,3,4,5,0,12,0,4,29,2,35,3,8,34,2,47,46,0,46,93
07/28/2013,LWS,ID,ANM,WE,Federal Contract Tower,4,5,5,0,14,0,8,32,0,40,4,13,37,0,54,0,0,0,54
07/29/2013,LWS,ID,ANM,WE,Federal Contract Tower,5,4,6,0,15,0,6,29,2,37,5,10,35,2,52,14,0,14,66
07/30/2013,LWS,ID,ANM,WE,Federal Contract Tower,5,7,0,0,12,0,10,41,0,51,5,17,41,0,63,42,0,42,105
07/31/2013,LWS,ID,ANM,WE,Federal Contract Tower,5,6,6,0,17,0,4,39,0,43,5,10,45,0,60,28,0,28,88
08/01/2013,LWS,ID,ANM,WE,Federal Contract Tower,8,10,1,0,19,0,5,19,0,24,8,15,20,0,43,22,0,22,65
08/02/2013,LWS,ID,ANM,WE,Federal Contract Tower,5,5,8,0,18,0,5,30,2,37,5,10,38,2,55,36,0,36,91
08/03/2013,LWS,ID,ANM,WE,Federal Contract Tower,3,5,2,0,10,0,0,39,0,39,3,5,41,0,49,12,0,12,61
08/04/2013,LWS,ID,ANM,WE,Federal Contract Tower,6,2,5,0,13,0,4,28,0,32,6,6,33,0,45,6,0,6,51
08/05/2013,LWS,ID,ANM,WE,Federal Contract Tower,5,5,8,0,18,0,16,42,0,58,5,21,50,0,76,6,0,6,82
08/06/2013,LWS,ID,ANM,WE,Federal Contract Tower,4,5,7,0,16,0,14,69,0,83,4,19,76,0,99,14,0,14,113
08/07/2013,LWS,ID,ANM,WE,Federal Contract Tower,5,5,11,0,21,0,5,19,0,24,5,10,30,0,45,8,0,8,53
08/08/2013,LWS,ID,ANM,WE,Federal Contract Tower,4,6,10,0,20,0,6,30,0,36,4,12,40,0,56,22,0,22,78
08/09/2013,LWS,ID,ANM,WE,Federal Contract Tower,4,5,6,0,15,0,4,35,0,39,4,9,41,0,54,12,0,12,66
08/10/2013,LWS,ID,ANM,WE,Federal Contract Tower,2,5,2,0,9,0,2,49,0,51,2,7,51,0,60,50,0,50,110
08/11/2013,LWS,ID,ANM,WE,Federal Contract Tower,4,2,3,0,9,0,4,23,0,27,4,6,26,0,36,2,0,2,38
08/12/2013,LWS,ID,ANM,WE,Federal Contract Tower,4,4,2,2,12,0,5,30,0,35,4,9,32,2,47,0,0,0,47
08/13/2013,LWS,ID,ANM,WE,Federal Contract Tower,4,6,6,0,16,0,13,32,0,45,4,19,38,0,61,28,0,28,89
08/14/2013,LWS,ID,ANM,WE,Federal Contract Tower,5,5,5,0,15,0,5,38,0,43,5,10,43,0,58,24,0,24,82
08/15/2013,LWS,ID,ANM,WE,Federal Contract Tower,5,8,6,0,19,0,5,38,0,43,5,13,44,0,62,24,0,24,86
08/16/2013,LWS,ID,ANM,WE,Federal Contract Tower,5,5,10,0,20,0,5,33,0,38,5,10,43,0,58,4,0,4,62
08/17/2013,LWS,ID,ANM,WE,Federal Contract Tower,3,7,2,0,12,0,6,35,3,44,3,13,37,3,56,6,4,10,66
08/18/2013,LWS,ID,ANM,WE,Federal Contract Tower,4,2,3,0,9,0,2,37,0,39,4,4,40,0,48,6,0,6,54
08/19/2013,LWS,ID,ANM,WE,Federal Contract Tower,5,6,2,0,13,0,10,37,0,47,5,16,39,0,60,14,0,14,74
08/20/2013,LWS,ID,ANM,WE,Federal Contract Tower,5,5,7,0,17,0,8,40,0,48,5,13,47,0,65,50,0,50,115
08/21/2013,LWS,ID,ANM,WE,Federal Contract Tower,4,4,9,0,17,0,13,31,0,44,4,17,40,0,61,26,0,26,87
08/22/2013,LWS,ID,ANM,WE,Federal Contract Tower,5,5,13,0,23,0,8,33,0,41,5,13,46,0,64,12,0,12,76
08/23/2013,LWS,ID,ANM,WE,Federal Contract Tower,4,8,3,0,15,0,4,45,0,49,4,12,48,0,64,18,0,18,82
08/24/2013,LWS,ID,ANM,WE,Federal Contract Tower,3,4,4,0,11,0,2,32,0,34,3,6,36,0,45,18,0,18,63
08/25/2013,LWS,ID,ANM,WE,Federal Contract Tower,4,2,7,0,13,0,0,34,0,34,4,2,41,0,47,8,0,8,55
08/26/2013,LWS,ID,ANM,WE,Federal Contract Tower,5,5,2,0,12,0,8,34,0,42,5,13,36,0,54,40,0,40,94
08/27/2013,LWS,ID,ANM,WE,Federal Contract Tower,5,8,3,0,16,0,7,37,0,44,5,15,40,0,60,24,0,24,84
08/28/2013,LWS,ID,ANM,WE,Federal Contract Tower,5,8,8,0,21,0,6,40,2,48,5,14,48,2,69,36,0,36,105
08/29/2013,LWS,ID,ANM,WE,Federal Contract Tower,7,9,7,0,23,0,5,40,0,45,7,14,47,0,68,2,0,2,70
08/30/2013,LWS,ID,ANM,WE,Federal Contract Tower,6,8,3,0,17,0,9,40,0,49,6,17,43,0,66,6,0,6,72
08/31/2013,LWS,ID,ANM,WE,Federal Contract Tower,3,3,1,0,7,0,4,34,0,38,3,7,35,0,45,6,0,6,51
09/01/2013,LWS,ID,ANM,WE,Federal Contract Tower,4,5,5,0,14,0,3,35,0,38,4,8,40,0,52,8,0,8,60
09/02/2013,LWS,ID,ANM,WE,Federal Contract Tower,4,2,6,0,12,0,2,15,0,17,4,4,21,0,29,12,0,12,41
09/03/2013,LWS,ID,ANM,WE,Federal Contract Tower,5,6,2,0,13,0,8,42,0,50,5,14,44,0,63,20,0,20,83
09/04/2013,LWS,ID,ANM,WE,Federal Contract Tower,5,7,18,2,32,0,10,40,0,50,5,17,58,2,82,28,4,32,114
09/05/2013,LWS,ID,ANM,WE,Federal Contract Tower,5,6,6,0,17,0,4,42,0,46,5,10,48,0,63,24,0,24,87
09/06/2013,LWS,ID,ANM,WE,Federal Contract Tower,8,8,10,0,26,0,15,39,2,56,8,23,49,2,82,72,0,72,154
09/07/2013,LWS,ID,ANM,WE,Federal Contract Tower,2,1,3,0,6,0,1,42,0,43,2,2,45,0,49,16,0,16,65
09/08/2013,LWS,ID,ANM,WE,Federal Contract Tower,4,4,7,0,15,0,2,39,2,43,4,6,46,2,58,28,0,28,86
09/09/2013,LWS,ID,ANM,WE,Federal Contract Tower,5,4,5,1,15,0,6,28,1,35,5,10,33,2,50,10,0,10,60
09/10/2013,LWS,ID,ANM,WE,Federal Contract Tower,4,8,2,0,14,0,7,37,0,44,4,15,39,0,58,68,0,68,126
09/11/2013,LWS,ID,ANM,WE,Federal Contract Tower,4,7,6,0,17,0,6,55,2,63,4,13,61,2,80,52,0,52,132
09/12/2013,LWS,ID,ANM,WE,Federal Contract Tower,5,8,3,0,16,0,5,39,0,44,5,13,42,0,60,30,0,30,90
09/13/2013,LWS,ID,ANM,WE,Federal Contract Tower,6,7,0,0,13,0,7,42,0,49,6,14,42,0,62,22,0,22,84
09/14/2013,LWS,ID,ANM,WE,Federal Contract Tower,4,3,0,2,9,0,10,43,0,53,4,13,43,2,62,16,0,16,78
09/15/2013,LWS,ID,ANM,WE,Federal Contract Tower,4,2,4,0,10,0,1,23,0,24,4,3,27,0,34,6,0,6,40
09/16/2013,LWS,ID,ANM,WE,Federal Contract Tower,5,4,2,2,13,0,1,25,0,26,5,5,27,2,39,8,0,8,47
09/17/2013,LWS,ID,ANM,WE,Federal Contract Tower,5,9,3,0,17,0,5,38,0,43,5,14,41,0,60,32,0,32,92
09/18/2013,LWS,ID,ANM,WE,Federal Contract Tower,4,8,4,0,16,0,5,20,0,25,4,13,24,0,41,24,0,24,65
09/19/2013,LWS,ID,ANM,WE,Federal Contract Tower,5,12,3,1,21,0,5,55,1,61,5,17,58,2,82,70,24,94,176
09/20/2013,LWS,ID,ANM,WE,Federal Contract Tower,5,9,8,0,22,0,6,50,0,56,5,15,58,0,78,36,0,36,114
09/21/2013,LWS,ID,ANM,WE,Federal Contract Tower,3,3,3,0,9,0,2,26,0,28,3,5,29,0,37,18,0,18,55
09/22/2013,LWS,ID,ANM,WE,Federal Contract Tower,4,3,0,0,7,0,0,36,0,36,4,3,36,0,43,30,0,30,73
09/23/2013,LWS,ID,ANM,WE,Federal Contract Tower,4,7,2,0,13,0,8,14,0,22,4,15,16,0,35,6,0,6,41
09/24/2013,LWS,ID,ANM,WE,Federal Contract Tower,5,9,8,0,22,0,6,10,0,16,5,15,18,0,38,14,0,14,52
09/25/2013,LWS,ID,ANM,WE,Federal Contract Tower,5,14,5,0,24,0,2,39,0,41,5,16,44,0,65,10,0,10,75
09/26/2013,LWS,ID,ANM,WE,Federal Contract Tower,5,8,6,2,21,0,7,60,0,67,5,15,66,2,88,18,0,18,106
09/27/2013,LWS,ID,ANM,WE,Federal Contract Tower,6,7,6,0,19,0,5,20,0,25,6,12,26,0,44,32,0,32,76
09/28/2013,LWS,ID,ANM,WE,Federal Contract Tower,4,4,1,0,9,0,3,6,0,9,4,7,7,0,18,8,0,8,26
09/29/2013,LWS,ID,ANM,WE,Federal Contract Tower,4,4,1,0,9,0,2,0,0,2,4,6,1,0,11,0,0,0,11
09/30/2013,LWS,ID,ANM,WE,Federal Contract Tower,5,4,5,0,14,0,3,7,0,10,5,7,12,0,24,0,0,0,24
10/01/2013,LWS,ID,ANM,WE,Federal Contract Tower,5,9,4,0,18,0,7,34,0,41,5,16,38,0,59,22,0,22,81
10/02/2013,LWS,ID,ANM,WE,Federal Contract Tower,5,9,6,0,20,0,4,58,0,62,5,13,64,0,82,38,0,38,120
10/03/2013,LWS,ID,ANM,WE,Federal Contract Tower,5,6,6,0,17,0,4,36,0,40,5,10,42,0,57,42,0,42,99
10/04/2013,LWS,ID,ANM,WE,Federal Contract Tower,6,6,3,0,15,0,2,54,0,56,6,8,57,0,71,58,0,58,129
10/05/2013,LWS,ID,ANM,WE,Federal Contract Tower,6,4,0,0,10,0,3,63,0,66,6,7,63,0,76,6,0,6,82
10/06/2013,LWS,ID,ANM,WE,Federal Contract Tower,4,4,5,0,13,0,0,39,0,39,4,4,44,0,52,8,0,8,60
10/07/2013,LWS,ID,ANM,WE,Federal Contract Tower,5,5,2,0,12,0,5,17,0,22,5,10,19,0,34,6,0,6,40
10/08/2013,LWS,ID,ANM,WE,Federal Contract Tower,7,8,10,0,25,0,5,11,0,16,7,13,21,0,41,0,0,0,41
10/09/2013,LWS,ID,ANM,WE,Federal Contract Tower,4,8,5,0,17,0,1,34,0,35,4,9,39,0,52,28,0,28,80
10/10/2013,LWS,ID,ANM,WE,Federal Contract Tower,5,5,7,0,17,0,5,63,0,68,5,10,70,0,85,24,0,24,109
10/11/2013,LWS,ID,ANM,WE,Federal Contract Tower,6,7,6,0,19,0,5,31,2,38,6,12,37,2,57,10,0,10,67
10/12/2013,LWS,ID,ANM,WE,Federal Contract Tower,3,8,6,0,17,0,3,22,0,25,3,11,28,0,42,26,0,26,68
10/13/2013,LWS,ID,ANM,WE,Federal Contract Tower,4,3,5,0,12,0,2,20,0,22,4,5,25,0,34,14,0,14,48
10/14/2013,LWS,ID,ANM,WE,Federal Contract Tower,5,9,2,0,16,0,9,39,0,48,5,18,41,0,64,4,0,4,68
10/15/2013,LWS,ID,ANM,WE,Federal Contract Tower,5,7,7,0,19,0,5,62,0,67,5,12,69,0,86,24,0,24,110
10/16/2013,LWS,ID,ANM,WE,Federal Contract Tower,5,8,4,0,17,0,3,54,0,57,5,11,58,0,74,12,0,12,86
10/17/2013,LWS,ID,ANM,WE,Federal Contract Tower,5,5,12,2,24,0,9,61,0,70,5,14,73,2,94,34,18,52,146
10/18/2013,LWS,ID,ANM,WE,Federal Contract Tower,5,8,2,0,15,0,6,30,0,36,5,14,32,0,51,4,0,4,55
10/19/2013,LWS,ID,ANM,WE,Federal Contract Tower,3,4,1,0,8,0,2,45,0,47,3,6,46,0,55,20,0,20,75
10/20/2013,LWS,ID,ANM,WE,Federal Contract Tower,4,2,3,0,9,0,1,24,0,25,4,3,27,0,34,22,0,22,56
10/21/2013,LWS,ID,ANM,WE,Federal Contract Tower,5,8,5,0,18,0,3,31,0,34,5,11,36,0,52,0,0,0,52
10/22/2013,LWS,ID,ANM,WE,Federal Contract Tower,4,6,8,0,18,0,6,32,0,38,4,12,40,0,56,10,0,10,66
10/23/2013,LWS,ID,ANM,WE,Federal Contract Tower,8,9,12,0,29,0,11,41,0,52,8,20,53,0,81,10,0,10,91
10/24/2013,LWS,ID,ANM,WE,Federal Contract Tower,5,7,14,0,26,0,8,44,0,52,5,15,58,0,78,32,0,32,110
10/25/2013,LWS,ID,ANM,WE,Federal Contract Tower,7,7,5,0,19,0,7,43,0,50,7,14,48,0,69,32,0,32,101
10/26/2013,LWS,ID,ANM,WE,Federal Contract Tower,3,4,4,0,11,0,1,59,0,60,3,5,63,0,71,38,2,40,111
10/27/2013,LWS,ID,ANM,WE,Federal Contract Tower,4,5,4,0,13,0,2,43,0,45,4,7,47,0,58,18,0,18,76
10/28/2013,LWS,ID,ANM,WE,Federal Contract Tower,5,5,8,0,18,0,4,9,0,13,5,9,17,0,31,0,0,0,31
10/29/2013,LWS,ID,ANM,WE,Federal Contract Tower,5,7,7,0,19,0,4,56,0,60,5,11,63,0,79,16,0,16,95
10/30/2013,LWS,ID,ANM,WE,Federal Contract Tower,7,6,12,0,25,0,7,43,0,50,7,13,55,0,75,16,0,16,91
10/31/2013,LWS,ID,ANM,WE,Federal Contract Tower,6,8,4,0,18,0,4,23,0,27,6,12,27,0,45,44,0,44,89
11/01/2013,LWS,ID,ANM,WE,Federal Contract Tower,6,9,6,0,21,0,8,26,0,34,6,17,32,0,55,14,0,14,69
11/02/2013,LWS,ID,ANM,WE,Federal Contract Tower,4,4,5,0,13,0,0,6,0,6,4,4,11,0,19,16,0,16,35
11/03/2013,LWS,ID,ANM,WE,Federal Contract Tower,4,3,5,0,12,0,2,5,0,7,4,5,10,0,19,0,0,0,19
11/04/2013,LWS,ID,ANM,WE,Federal Contract Tower,5,8,3,0,16,0,6,23,0,29,5,14,26,0,45,52,0,52,97
11/05/2013,LWS,ID,ANM,WE,Federal Contract Tower,5,5,12,0,22,0,14,15,0,29,5,19,27,0,51,28,0,28,79
11/06/2013,LWS,ID,ANM,WE,Federal Contract Tower,5,6,9,0,20,0,2,39,0,41,5,8,48,0,61,46,0,46,107
11/07/2013,LWS,ID,ANM,WE,Federal Contract Tower,5,10,14,0,29,0,3,14,0,17,5,13,28,0,46,0,0,0,46
11/08/2013,LWS,ID,ANM,WE,Federal Contract Tower,7,5,4,0,16,0,7,20,0,27,7,12,24,0,43,46,0,46,89
11/09/2013,LWS,ID,ANM,WE,Federal Contract Tower,7,5,2,0,14,0,11,24,0,35,7,16,26,0,49,40,0,40,89
11/10/2013,LWS,ID,ANM,WE,Federal Contract Tower,4,7,6,0,17,0,1,29,0,30,4,8,35,0,47,28,0,28,75
11/11/2013,LWS,ID,ANM,WE,Federal Contract Tower,4,5,8,0,17,0,6,44,0,50,4,11,52,0,67,44,0,44,111
11/12/2013,LWS,ID,ANM,WE,Federal Contract Tower,5,5,8,0,18,0,2,50,0,52,5,7,58,0,70,24,0,24,94
11/13/2013,LWS,ID,ANM,WE,Federal Contract Tower,3,0,4,0,7,0,0,0,0,0,3,0,4,0,7,0,0,0,7
11/14/2013,LWS,ID,ANM,WE,Federal Contract Tower,4,10,7,0,21,0,2,3,0,5,4,12,10,0,26,14,0,14,40
11/15/2013,LWS,ID,ANM,WE,Federal Contract Tower,5,6,4,0,15,0,2,11,0,13,5,8,15,0,28,0,0,0,28
11/16/2013,LWS,ID,ANM,WE,Federal Contract Tower,7,3,0,0,10,0,0,7,0,7,7,3,7,0,17,0,0,0,17
11/17/2013,LWS,ID,ANM,WE,Federal Contract Tower,4,2,3,0,9,0,3,13,0,16,4,5,16,0,25,24,0,24,49
11/18/2013,LWS,ID,ANM,WE,Federal Contract Tower,5,4,5,9,23,0,8,27,1,36,5,12,32,10,59,12,0,12,71
11/19/2013,LWS,ID,ANM,WE,Federal Contract Tower,5,4,5,0,14,0,3,18,0,21,5,7,23,0,35,0,0,0,35
11/20/2013,LWS,ID,ANM,WE,Federal Contract Tower,5,6,11,0,22,0,7,45,0,52,5,13,56,0,74,22,0,22,96
11/21/2013,LWS,ID,ANM,WE,Federal Contract Tower,4,5,7,0,16,0,14,50,0,64,4,19,57,0,80,58,0,58,138
11/22/2013,LWS,ID,ANM,WE,Federal Contract Tower,7,6,5,0,18,0,6,47,0,53,7,12,52,0,71,70,0,70,141
11/23/2013,LWS,ID,ANM,WE,Federal Contract Tower,5,3,1,2,11,0,3,39,0,42,5,6,40,2,53,30,2,32,85
11/24/2013,LWS,ID,ANM,WE,Federal Contract Tower,4,3,2,0,9,0,2,27,0,29,4,5,29,0,38,10,0,10,48
11/25/2013,LWS,ID,ANM,WE,Federal Contract Tower,5,3,3,0,11,0,10,50,0,60,5,13,53,0,71,90,0,90,161
11/26/2013,LWS,ID,ANM,WE,Federal Contract Tower,5,8,9,0,22,0,3,45,0,48,5,11,54,0,70,42,0,42,112
11/27/2013,LWS,ID,ANM,WE,Federal Contract Tower,3,0,2,0,5,0,0,0,0,0,3,0,2,0,5,0,0,0,5
11/28/2013,LWS,ID,ANM,WE,Federal Contract Tower,2,3,0,0,5,0,0,0,0,0,2,3,0,0,5,0,0,0,5
11/29/2013,LWS,ID,ANM,WE,Federal Contract Tower,6,4,2,0,12,0,0,0,0,0,6,4,2,0,12,0,0,0,12
11/30/2013,LWS,ID,ANM,WE,Federal Contract Tower,7,4,1,0,12,0,0,5,0,5,7,4,6,0,17,24,0,24,41
12/01/2013,LWS,ID,ANM,WE,Federal Contract Tower,4,4,1,0,9,0,0,0,0,0,4,4,1,0,9,0,0,0,9
12/02/2013,LWS,ID,ANM,WE,Federal Contract Tower,5,6,2,4,17,0,2,18,0,20,5,8,20,4,37,54,12,66,103
12/03/2013,LWS,ID,ANM,WE,Federal Contract Tower,7,7,6,0,20,0,1,31,0,32,7,8,37,0,52,40,0,40,92
12/04/2013,LWS,ID,ANM,WE,Federal Contract Tower,5,7,19,2,33,0,4,75,0,79,5,11,94,2,112,122,0,122,234
12/05/2013,LWS,ID,ANM,WE,Federal Contract Tower,5,7,8,0,20,0,6,50,0,56,5,13,58,0,76,96,0,96,172
12/06/2013,LWS,ID,ANM,WE,Federal Contract Tower,5,11,8,0,24,0,3,29,0,32,5,14,37,0,56,94,0,94,150
12/07/2013,LWS,ID,ANM,WE,Federal Contract Tower,6,4,0,0,10,0,2,31,0,33,6,6,31,0,43,46,0,46,89
12/08/2013,LWS,ID,ANM,WE,Federal Contract Tower,4,2,6,0,12,0,0,1,0,1,4,2,7,0,13,0,0,0,13
12/09/2013,LWS,ID,ANM,WE,Federal Contract Tower,5,4,2,0,11,0,4,29,0,33,5,8,31,0,44,96,0,96,140
12/10/2013,LWS,ID,ANM,WE,Federal Contract Tower,4,10,8,2,24,0,3,94,0,97,4,13,102,2,121,122,0,122,243
12/11/2013,LWS,ID,ANM,WE,Federal Contract Tower,7,6,7,0,20,0,8,62,0,70,7,14,69,0,90,182,0,182,272
12/12/2013,LWS,ID,ANM,WE,Federal Contract Tower,5,8,2,2,17,0,7,27,0,34,5,15,29,2,51,130,0,130,181
12/13/2013,LWS,ID,ANM,WE,Federal Contract Tower,5,5,3,0,13,0,4,13,0,17,5,9,16,0,30,150,0,150,180
12/14/2013,LWS,ID,ANM,WE,Federal Contract Tower,5,2,0,0,7,0,1,27,0,28,5,3,27,0,35,42,0,42,77
12/15/2013,LWS,ID,ANM,WE,Federal Contract Tower,4,2,6,0,12,0,0,24,0,24,4,2,30,0,36,26,0,26,62
12/16/2013,LWS,ID,ANM,WE,Federal Contract Tower,5,6,9,0,20,0,2,13,0,15,5,8,22,0,35,12,0,12,47
12/17/2013,LWS,ID,ANM,WE,Federal Contract Tower,5,4,9,0,18,0,3,51,0,54,5,7,60,0,72,26,0,26,98
12/18/2013,LWS,ID,ANM,WE,Federal Contract Tower,5,8,5,0,18,0,3,31,0,34,5,11,36,0,52,34,0,34,86
12/19/2013,LWS,ID,ANM,WE,Federal Contract Tower,5,4,7,0,16,0,2,56,0,58,5,6,63,0,74,64,0,64,138
12/20/2013,LWS,ID,ANM,WE,Federal Contract Tower,5,8,7,0,20,0,1,6,0,7,5,9,13,0,27,20,0,20,47
12/21/2013,LWS,ID,ANM,WE,Federal Contract Tower,9,13,0,0,22,0,0,1,0,1,9,13,1,0,23,0,0,0,23
12/22/2013,LWS,ID,ANM,WE,Federal Contract Tower,9,3,2,0,14,0,0,0,0,0,9,3,2,0,14,0,0,0,14
12/23/2013,LWS,ID,ANM,WE,Federal Contract Tower,4,7,3,0,14,0,1,0,0,1,4,8,3,0,15,0,0,0,15
12/24/2013,LWS,ID,ANM,WE,Federal Contract Tower,5,7,0,0,12,0,8,56,0,64,5,15,56,0,76,38,0,38,114
12/25/2013,LWS,ID,ANM,WE,Federal Contract Tower,3,6,0,0,9,0,0,4,0,4,3,6,4,0,13,0,0,0,13
12/26/2013,LWS,ID,ANM,WE,Federal Contract Tower,5,10,0,0,15,0,7,15,0,22,5,17,15,0,37,6,0,6,43
12/27/2013,LWS,ID,ANM,WE,Federal Contract Tower,5,4,6,0,15,0,5,16,0,21,5,9,22,0,36,14,0,14,50
12/28/2013,LWS,ID,ANM,WE,Federal Contract Tower,5,5,2,0,12,0,0,12,0,12,5,5,14,0,24,20,0,20,44
12/29/2013,LWS,ID,ANM,WE,Federal Contract Tower,5,6,1,0,12,0,3,2,0,5,5,9,3,0,17,14,0,14,31
12/30/2013,LWS,ID,ANM,WE,Federal Contract Tower,5,5,2,0,12,0,9,19,0,28,5,14,21,0,40,32,0,32,72
12/31/2013,LWS,ID,ANM,WE,Federal Contract Tower,4,6,2,0,12,0,5,25,0,30,4,11,27,0,42,16,0,16,58
01/01/2014,LWS,ID,ANM,WE,Federal Contract Tower,0,0,2,0,2,0,0,0,0,0,0,0,2,0,2,0,0,0,2
01/02/2014,LWS,ID,ANM,WE,Federal Contract Tower,5,7,7,0,19,0,5,19,0,24,5,12,26,0,43,4,0,4,47
01/03/2014,LWS,ID,ANM,WE,Federal Contract Tower,5,7,4,0,16,0,7,22,0,29,5,14,26,0,45,32,0,32,77
01/04/2014,LWS,ID,ANM,WE,Federal Contract Tower,5,3,4,0,12,0,1,40,0,41,5,4,44,0,53,42,0,42,95
01/05/2014,LWS,ID,ANM,WE,Federal Contract Tower,5,2,2,0,9,0,2,31,0,33,5,4,33,0,42,36,0,36,78
01/06/2014,LWS,ID,ANM,WE,Federal Contract Tower,4,4,3,0,11,0,4,18,0,22,4,8,21,0,33,56,0,56,89
01/07/2014,LWS,ID,ANM,WE,Federal Contract Tower,4,5,4,4,17,0,23,32,0,55,4,28,36,4,72,32,44,76,148
01/08/2014,LWS,ID,ANM,WE,Federal Contract Tower,4,6,7,0,17,0,5,5,0,10,4,11,12,0,27,32,0,32,59
01/09/2014,LWS,ID,ANM,WE,Federal Contract Tower,4,10,12,0,26,0,5,23,0,28,4,15,35,0,54,14,0,14,68
01/10/2014,LWS,ID,ANM,WE,Federal Contract Tower,4,5,3,0,12,0,3,9,0,12,4,8,12,0,24,46,0,46,70
01/11/2014,LWS,ID,ANM,WE,Federal Contract Tower,4,2,1,0,7,0,1,2,0,3,4,3,3,0,10,2,0,2,12
01/12/2014,LWS,ID,ANM,WE,Federal Contract Tower,4,2,6,0,12,0,0,0,0,0,4,2,6,0,12,0,0,0,12
01/13/2014,LWS,ID,ANM,WE,Federal Contract Tower,4,5,8,0,17,0,3,7,0,10,4,8,15,0,27,16,0,16,43
01/14/2014,LWS,ID,ANM,WE,Federal Contract Tower,4,6,5,0,15,0,6,28,0,34,4,12,33,0,49,6,0,6,55
01/15/2014,LWS,ID,ANM,WE,Federal Contract Tower,4,7,2,0,13,0,4,49,0,53,4,11,51,0,66,10,0,10,76
01/16/2014,LWS,ID,ANM,WE,Federal Contract Tower,4,9,8,0,21,0,5,44,0,49,4,14,52,0,70,30,0,30,100
01/17/2014,LWS,ID,ANM,WE,Federal Contract Tower,4,7,1,0,12,0,0,20,0,20,4,7,21,0,32,46,0,46,78
01/18/2014,LWS,ID,ANM,WE,Federal Contract Tower,4,4,3,0,11,0,0,6,0,6,4,4,9,0,17,2,0,2,19
01/19/2014,LWS,ID,ANM,WE,Federal Contract Tower,2,6,2,0,10,0,0,2,0,2,2,6,4,0,12,4,0,4,16
01/20/2014,LWS,ID,ANM,WE,Federal Contract Tower,6,5,9,2,22,0,0,0,0,0,6,5,9,2,22,0,0,0,22
01/21/2014,LWS,ID,ANM,WE,Federal Contract Tower,2,9,12,2,25,0,0,0,0,0,2,9,12,2,25,0,0,0,25
01/22/2014,LWS,ID,ANM,WE,Federal Contract Tower,4,9,9,0,22,0,0,10,0,10,4,9,19,0,32,0,0,0,32
01/23/2014,LWS,ID,ANM,WE,Federal Contract Tower,4,13,3,8,28,0,0,14,0,14,4,13,17,8,42,42,0,42,84
01/24/2014,LWS,ID,ANM,WE,Federal Contract Tower,4,8,5,0,17,0,4,23,0,27,4,12,28,0,44,44,0,44,88
01/25/2014,LWS,ID,ANM,WE,Federal Contract Tower,4,3,3,0,10,0,0,12,0,12,4,3,15,0,22,20,0,20,42
01/26/2014,LWS,ID,ANM,WE,Federal Contract Tower,4,9,3,0,16,0,0,3,0,3,4,9,6,0,19,0,0,0,19
01/27/2014,LWS,ID,ANM,WE,Federal Contract Tower,4,5,9,0,18,0,0,10,0,10,4,5,19,0,28,34,0,34,62
01/28/2014,LWS,ID,ANM,WE,Federal Contract Tower,6,10,8,0,24,0,1,17,0,18,6,11,25,0,42,10,0,10,52
01/29/2014,LWS,ID,ANM,WE,Federal Contract Tower,4,7,6,0,17,0,2,13,0,15,4,9,19,0,32,6,0,6,38
01/30/2014,LWS,ID,ANM,WE,Federal Contract Tower,4,6,12,0,22,0,19,24,0,43,4,25,36,0,65,22,0,22,87
01/31/2014,LWS,ID,ANM,WE,Federal Contract Tower,9,9,12,0,30,0,0,17,0,17,9,9,29,0,47,6,0,6,53
02/01/2014,LWS,ID,ANM,WE,Federal Contract Tower,4,3,4,0,11,0,1,36,0,37,4,4,40,0,48,66,0,66,114
02/02/2014,LWS,ID,ANM,WE,Federal Contract Tower,6,5,3,0,14,0,0,21,0,21,6,5,24,0,35,30,0,30,65
02/03/2014,LWS,ID,ANM,WE,Federal Contract Tower,4,7,7,0,18,0,0,14,0,14,4,7,21,0,32,0,0,0,32
02/04/2014,LWS,ID,ANM,WE,Federal Contract Tower,4,7,4,0,15,0,4,17,0,21,4,11,21,0,36,60,0,60,96
02/05/2014,LWS,ID,ANM,WE,Federal Contract Tower,4,7,6,0,17,0,4,5,0,9,4,11,11,0,26,0,0,0,26
02/06/2014,LWS,ID,ANM,WE,Federal Contract Tower,6,11,6,0,23,0,3,33,0,36,6,14,39,0,59,0,0,0,59
02/07/2014,LWS,ID,ANM,WE,Federal Contract Tower,4,4,9,0,17,0,3,8,0,11,4,7,17,0,28,22,0,22,50
02/08/2014,LWS,ID,ANM,WE,Federal Contract Tower,5,8,1,0,14,0,0,0,0,0,5,8,1,0,14,0,0,0,14
02/09/2014,LWS,ID,ANM,WE,Federal Contract Tower,4,3,2,0,9,0,1,1,0,2,4,4,3,0,11,2,0,2,13
02/10/2014,LWS,ID,ANM,WE,Federal Contract Tower,4,7,9,0,20,0,2,2,0,4,4,9,11,0,24,0,0,0,24
02/11/2014,LWS,ID,ANM,WE,Federal Contract Tower,4,11,9,0,24,0,7,22,0,29,4,18,31,0,53,16,0,16,69
02/12/2014,LWS,ID,ANM,WE,Federal Contract Tower,4,8,6,0,18,0,4,46,0,50,4,12,52,0,68,88,0,88,156
02/13/2014,LWS,ID,ANM,WE,Federal Contract Tower,4,9,11,0,24,0,11,30,0,41,4,20,41,0,65,62,0,62,127
02/14/2014,LWS,ID,ANM,WE,Federal Contract Tower,4,6,5,0,15,0,1,18,0,19,4,7,23,0,34,56,0,56,90
02/15/2014,LWS,ID,ANM,WE,Federal Contract Tower,4,4,2,0,10,0,1,30,0,31,4,5,32,0,41,84,0,84,125
02/16/2014,LWS,ID,ANM,WE,Federal Contract Tower,2,3,0,0,5,0,0,0,0,0,2,3,0,0,5,0,0,0,5
02/17/2014,LWS,ID,ANM,WE,Federal Contract Tower,4,5,8,0,17,0,2,7,0,9,4,7,15,0,26,0,0,0,26
02/18/2014,LWS,ID,ANM,WE,Federal Contract Tower,4,6,2,0,12,0,5,33,0,38,4,11,35,0,50,48,0,48,98
02/19/2014,LWS,ID,ANM,WE,Federal Contract Tower,4,13,3,0,20,0,8,18,0,26,4,21,21,0,46,0,0,0,46
02/20/2014,LWS,ID,ANM,WE,Federal Contract Tower,4,8,8,0,20,0,7,14,0,21,4,15,22,0,41,12,0,12,53
02/21/2014,LWS,ID,ANM,WE,Federal Contract Tower,4,6,5,0,15,0,2,24,0,26,4,8,29,0,41,20,0,20,61
02/22/2014,LWS,ID,ANM,WE,Federal Contract Tower,4,3,6,0,13,0,2,13,0,15,4,5,19,0,28,10,0,10,38
02/23/2014,LWS,ID,ANM,WE,Federal Contract Tower,4,3,3,0,10,0,0,0,0,0,4,3,3,0,10,0,0,0,10
02/24/2014,LWS,ID,ANM,WE,Federal Contract Tower,4,6,6,0,16,0,1,0,0,1,4,7,6,0,17,0,0,0,17
02/25/2014,LWS,ID,ANM,WE,Federal Contract Tower,3,11,7,0,21,0,0,18,0,18,3,11,25,0,39,32,0,32,71
02/26/2014,LWS,ID,ANM,WE,Federal Contract Tower,5,7,9,0,21,0,10,30,0,40,5,17,39,0,61,54,0,54,115
02/27/2014,LWS,ID,ANM,WE,Federal Contract Tower,5,9,15,0,29,0,0,4,0,4,5,9,19,0,33,6,0,6,39
02/28/2014,LWS,ID,ANM,WE,Federal Contract Tower,4,8,11,0,23,0,0,8,0,8,4,8,19,0,31,24,0,24,55
03/01/2014,LWS,ID,ANM,WE,Federal Contract Tower,4,4,5,0,13,0,0,12,0,12,4,4,17,0,25,36,0,36,61
03/02/2014,LWS,ID,ANM,WE,Federal Contract Tower,4,2,5,0,11,0,0,3,0,3,4,2,8,0,14,2,0,2,16
03/03/2014,LWS,ID,ANM,WE,Federal Contract Tower,6,7,2,0,15,0,3,4,0,7,6,10,6,0,22,18,0,18,40
03/04/2014,LWS,ID,ANM,WE,Federal Contract Tower,5,7,3,2,17,0,2,20,0,22,5,9,23,2,39,14,0,14,53
03/05/2014,LWS,ID,ANM,WE,Federal Contract Tower,4,10,5,17,36,0,6,13,1,20,4,16,18,18,56,0,10,10,66
03/06/2014,LWS,ID,ANM,WE,Federal Contract Tower,4,7,7,0,18,0,8,20,0,28,4,15,27,0,46,10,0,10,56
03/07/2014,LWS,ID,ANM,WE,Federal Contract Tower,4,8,6,0,18,0,11,73,0,84,4,19,79,0,102,84,0,84,186
03/08/2014,LWS,ID,ANM,WE,Federal Contract Tower,4,2,8,0,14,0,4,26,0,30,4,6,34,0,44,90,0,90,134
03/09/2014,LWS,ID,ANM,WE,Federal Contract Tower,4,2,3,2,11,0,0,4,0,4,4,2,7,2,15,4,16,20,35
03/10/2014,LWS,ID,ANM,WE,Federal Contract Tower,4,4,5,2,15,0,2,6,0,8,4,6,11,2,23,14,16,30,53
03/11/2014,LWS,ID,ANM,WE,Federal Contract Tower,4,8,0,14,26,0,5,57,0,62,4,13,57,14,88,124,0,124,212
03/12/2014,LWS,ID,ANM,WE,Federal Contract Tower,4,8,3,0,15,0,9,102,0,111,4,17,105,0,126,20,0,20,146
03/13/2014,LWS,ID,ANM,WE,Federal Contract Tower,6,7,5,0,18,0,3,77,0,80,6,10,82,0,98,45,0,45,143
03/14/2014,LWS,ID,ANM,WE,Federal Contract Tower,4,9,6,0,19,0,10,13,0,23,4,19,19,0,42,0,0,0,42
03/15/2014,LWS,ID,ANM,WE,Federal Contract Tower,2,2,6,0,10,0,4,58,0,62,2,6,64,0,72,22,0,22,94
03/16/2014,LWS,ID,ANM,WE,Federal Contract Tower,6,4,0,0,10,0,6,11,0,17,6,10,11,0,27,6,0,6,33
03/17/2014,LWS,ID,ANM,WE,Federal Contract Tower,4,5,2,0,11,0,2,1,0,3,4,7,3,0,14,0,0,0,14
03/18/2014,LWS,ID,ANM,WE,Federal Contract Tower,4,14,4,0,22,0,4,81,0,85,4,18,85,0,107,42,0,42,149
03/19/2014,LWS,ID,ANM,WE,Federal Contract Tower,4,4,7,0,15,0,7,64,0,71,4,11,71,0,86,26,0,26,112
03/20/2014,LWS,ID,ANM,WE,Federal Contract Tower,4,11,7,0,22,0,3,56,0,59,4,14,63,0,81,0,0,0,81
03/21/2014,LWS,ID,ANM,WE,Federal Contract Tower,4,7,4,0,15,0,4,58,0,62,4,11,62,0,77,50,0,50,127
03/22/2014,LWS,ID,ANM,WE,Federal Contract Tower,2,2,5,0,9,0,5,58,0,63,2,7,63,0,72,28,0,28,100
03/23/2014,LWS,ID,ANM,WE,Federal Contract Tower,4,2,5,0,11,0,2,63,0,65,4,4,68,0,76,44,0,44,120
03/24/2014,LWS,ID,ANM,WE,Federal Contract Tower,4,5,3,0,12,0,9,99,0,108,4,14,102,0,120,84,0,84,204
03/25/2014,LWS,ID,ANM,WE,Federal Contract Tower,4,8,3,2,17,0,2,55,2,59,4,10,58,4,76,12,0,12,88
03/26/2014,LWS,ID,ANM,WE,Federal Contract Tower,4,12,5,0,21,0,5,74,0,79,4,17,79,0,100,68,0,68,168
03/27/2014,LWS,ID,ANM,WE,Federal Contract Tower,4,11,3,0,18,0,6,21,0,27,4,17,24,0,45,30,0,30,75
03/28/2014,LWS,ID,ANM,WE,Federal Contract Tower,4,14,7,0,25,0,4,10,0,14,4,18,17,0,39,20,0,20,59
03/29/2014,LWS,ID,ANM,WE,Federal Contract Tower,2,4,2,0,8,0,2,15,0,17,2,6,17,0,25,18,0,18,43
03/30/2014,LWS,ID,ANM,WE,Federal Contract Tower,4,4,1,0,9,0,0,9,0,9,4,4,10,0,18,2,0,2,20
03/31/2014,LWS,ID,ANM,WE,Federal Contract Tower,4,7,5,0,16,0,2,57,0,59,4,9,62,0,75,6,0,6,81
04/01/2014,LWS,ID,ANM,WE,Federal Contract Tower,4,8,3,1,16,0,12,50,3,65,4,20,53,4,81,46,0,46,127
04/02/2014,LWS,ID,ANM,WE,Federal Contract Tower,4,6,11,0,21,0,10,46,2,58,4,16,57,2,79,66,0,66,145
04/03/2014,LWS,ID,ANM,WE,Federal Contract Tower,6,5,6,0,17,0,6,24,0,30,6,11,30,0,47,34,0,34,81
04/04/2014,LWS,ID,ANM,WE,Federal Contract Tower,4,11,10,0,25,0,8,15,0,23,4,19,25,0,48,36,0,36,84
04/05/2014,LWS,ID,ANM,WE,Federal Contract Tower,2,3,3,0,8,0,5,59,0,64,2,8,62,0,72,8,0,8,80
04/06/2014,LWS,ID,ANM,WE,Federal Contract Tower,4,2,2,0,8,0,2,18,0,20,4,4,20,0,28,22,0,22,50
04/07/2014,LWS,ID,ANM,WE,Federal Contract Tower,4,4,7,0,15,0,3,56,3,62,4,7,63,3,77,24,2,26,103
04/08/2014,LWS,ID,ANM,WE,Federal Contract Tower,4,6,14,6,30,0,8,71,0,79,4,14,85,6,109,6,0,6,115
04/09/2014,LWS,ID,ANM,WE,Federal Contract Tower,4,8,8,0,20,0,8,49,0,57,4,16,57,0,77,18,0,18,95
04/10/2014,LWS,ID,ANM,WE,Federal Contract Tower,4,5,4,2,15,0,7,65,0,72,4,12,69,2,87,50,0,50,137
04/11/2014,LWS,ID,ANM,WE,Federal Contract Tower,4,6,8,0,18,0,4,55,0,59,4,10,63,0,77,44,0,44,121
04/12/2014,LWS,ID,ANM,WE,Federal Contract Tower,2,8,3,0,13,0,0,59,0,59,2,8,62,0,72,64,0,64,136
04/13/2014,LWS,ID,ANM,WE,Federal Contract Tower,4,2,1,0,7,0,0,38,0,38,4,2,39,0,45,12,0,12,57
04/14/2014,LWS,ID,ANM,WE,Federal Contract Tower,4,4,11,0,19,0,3,55,0,58,4,7,66,0,77,32,0,32,109
04/15/2014,LWS,ID,ANM,WE,Federal Contract Tower,4,8,12,0,24,0,2,22,0,24,4,10,34,0,48,2,0,2,50
04/16/2014,LWS,ID,ANM,WE,Federal Contract Tower,4,7,15,0,26,0,3,37,0,40,4,10,52,0,66,26,0,26,92
04/17/2014,LWS,ID,ANM,WE,Federal Contract Tower,4,7,7,0,18,0,3,8,0,11,4,10,15,0,29,48,0,48,77
04/18/2014,LWS,ID,ANM,WE,Federal Contract Tower,4,9,12,0,25,0,5,14,0,19,4,14,26,0,44,12,0,12,56
04/19/2014,LWS,ID,ANM,WE,Federal Contract Tower,2,2,5,0,9,0,5,48,2,55,2,7,53,2,64,24,2,26,90
04/20/2014,LWS,ID,ANM,WE,Federal Contract Tower,4,2,3,0,9,0,3,30,0,33,4,5,33,0,42,16,0,16,58
04/21/2014,LWS,ID,ANM,WE,Federal Contract Tower,4,6,11,0,21,0,7,37,3,47,4,13,48,3,68,36,2,38,106
04/22/2014,LWS,ID,ANM,WE,Federal Contract Tower,4,10,5,0,19,0,10,2,0,12,4,20,7,0,31,14,0,14,45
04/23/2014,LWS,ID,ANM,WE,Federal Contract Tower,4,9,6,0,19,0,4,31,0,35,4,13,37,0,54,60,0,60,114
04/24/2014,LWS,ID,ANM,WE,Federal Contract Tower,4,8,4,0,16,0,2,3,0,5,4,10,7,0,21,2,0,2,23
04/25/2014,LWS,ID,ANM,WE,Federal Contract Tower,4,10,2,0,16,0,2,18,0,20,4,12,20,0,36,82,0,82,118
04/26/2014,LWS,ID,ANM,WE,Federal Contract Tower,2,1,0,0,3,0,1,100,0,101,2,2,100,0,104,130,0,130,234
04/27/2014,LWS,ID,ANM,WE,Federal Contract Tower,6,4,2,0,12,0,0,19,0,19,6,4,21,0,31,62,0,62,93
04/28/2014,LWS,ID,ANM,WE,Federal Contract Tower,4,4,2,1,11,0,10,61,0,71,4,14,63,1,82,64,0,64,146
04/29/2014,LWS,ID,ANM,WE,Federal Contract Tower,4,6,3,2,15,0,11,39,0,50,4,17,42,2,65,34,0,34,99
04/30/2014,LWS,ID,ANM,WE,Federal Contract Tower,6,5,6,0,17,0,14,70,0,84,6,19,76,0,101,50,0,50,151
05/01/2014,LWS,ID,ANM,WE,Federal Contract Tower,4,7,17,0,28,0,9,55,0,64,4,16,72,0,92,10,0,10,102
05/02/2014,LWS,ID,ANM,WE,Federal Contract Tower,4,6,5,0,15,0,7,30,0,37,4,13,35,0,52,36,0,36,88
05/03/2014,LWS,ID,ANM,WE,Federal Contract Tower,2,4,6,0,12,0,2,39,13,54,2,6,45,13,66,14,0,14,80
05/04/2014,LWS,ID,ANM,WE,Federal Contract Tower,4,2,6,0,12,0,2,4,1,7,4,4,10,1,19,0,0,0,19
05/05/2014,LWS,ID,ANM,WE,Federal Contract Tower,4,5,7,0,16,0,2,19,0,21,4,7,26,0,37,0,0,0,37
05/06/2014,LWS,ID,ANM,WE,Federal Contract Tower,4,7,8,0,19,0,5,59,0,64,4,12,67,0,83,52,0,52,135
05/07/2014,LWS,ID,ANM,WE,Federal Contract Tower,4,8,8,0,20,0,4,67,0,71,4,12,75,0,91,64,0,64,155
05/08/2014,LWS,ID,ANM,WE,Federal Contract Tower,4,11,4,4,23,0,6,52,0,58,4,17,56,4,81,58,26,84,165
05/09/2014,LWS,ID,ANM,WE,Federal Contract Tower,4,7,5,0,16,0,4,17,0,21,4,11,22,0,37,46,0,46,83
05/10/2014,LWS,ID,ANM,WE,Federal Contract Tower,2,2,4,0,8,0,3,60,0,63,2,5,64,0,71,78,0,78,149
05/11/2014,LWS,ID,ANM,WE,Federal Contract Tower,4,3,1,0,8,0,4,43,0,47,4,7,44,0,55,14,0,14,69
05/12/2014,LWS,ID,ANM,WE,Federal Contract Tower,4,4,8,0,16,0,15,74,2,91,4,19,82,2,107,48,0,48,155
05/13/2014,LWS,ID,ANM,WE,Federal Contract Tower,4,10,6,4,24,0,0,0,0,0,4,10,6,4,24,78,0,78,102
05/14/2014,LWS,ID,ANM,WE,Federal Contract Tower,4,5,11,0,20,0,7,82,0,89,4,12,93,0,109,84,0,84,193
05/15/2014,LWS,ID,ANM,WE,Federal Contract Tower,4,6,8,0,18,0,6,52,0,58,4,12,60,0,76,42,0,42,118
05/16/2014,LWS,ID,ANM,WE,Federal Contract Tower,4,6,6,4,20,0,4,43,0,47,4,10,49,4,67,14,0,14,81
05/17/2014,LWS,ID,ANM,WE,Federal Contract Tower,2,5,3,2,12,0,4,57,0,61,2,9,60,2,73,76,4,80,153
05/18/2014,LWS,ID,ANM,WE,Federal Contract Tower,4,3,3,0,10,0,2,17,0,19,4,5,20,0,29,0,0,0,29
05/19/2014,LWS,ID,ANM,WE,Federal Contract Tower,4,6,5,0,15,0,5,40,0,45,4,11,45,0,60,18,0,18,78
05/20/2014,LWS,ID,ANM,WE,Federal Contract Tower,4,9,1,0,14,0,8,51,0,59,4,17,52,0,73,24,0,24,97
05/21/2014,LWS,ID,ANM,WE,Federal Contract Tower,4,6,10,0,20,0,2,57,0,59,4,8,67,0,79,44,0,44,123
05/22/2014,LWS,ID,ANM,WE,Federal Contract Tower,4,5,9,0,18,0,10,84,0,94,4,15,93,0,112,20,0,20,132
05/23/2014,LWS,ID,ANM,WE,Federal Contract Tower,4,7,4,0,15,0,5,51,1,57,4,12,55,1,72,28,0,28,100
05/24/2014,LWS,ID,ANM,WE,Federal Contract Tower,2,4,1,0,7,0,4,38,0,42,2,8,39,0,49,68,0,68,117
05/25/2014,LWS,ID,ANM,WE,Federal Contract Tower,4,2,2,0,8,0,5,47,0,52,4,7,49,0,60,44,0,44,104
05/26/2014,LWS,ID,ANM,WE,Federal Contract Tower,4,3,5,0,12,0,1,45,0,46,4,4,50,0,58,50,0,50,108
05/27/2014,LWS,ID,ANM,WE,Federal Contract Tower,4,5,8,0,17,0,7,62,0,69,4,12,70,0,86,28,0,28,114
05/28/2014,LWS,ID,ANM,WE,Federal Contract Tower,4,7,6,0,17,0,7,36,0,43,4,14,42,0,60,8,0,8,68
05/29/2014,LWS,ID,ANM,WE,Federal Contract Tower,4,13,16,2,35,0,5,56,2,63,4,18,72,4,98,24,6,30,128
05/30/2014,LWS,ID,ANM,WE,Federal Contract Tower,4,6,5,2,17,0,4,68,0,72,4,10,73,2,89,96,0,96,185
05/31/2014,LWS,ID,ANM,WE,Federal Contract Tower,2,2,2,0,6,0,2,39,0,41,2,4,41,0,47,6,0,6,53
06/01/2014,LWS,ID,ANM,WE,Federal Contract Tower,4,2,4,0,10,0,3,38,0,41,4,5,42,0,51,62,0,62,113
06/02/2014,LWS,ID,ANM,WE,Federal Contract Tower,4,4,1,0,9,0,22,22,0,44,4,26,23,0,53,18,0,18,71
06/03/2014,LWS,ID,ANM,WE,Federal Contract Tower,4,7,1,8,20,0,8,29,8,45,4,15,30,16,65,28,0,28,93
06/04/2014,LWS,ID,ANM,WE,Federal Contract Tower,4,9,3,0,16,0,8,99,0,107,4,17,102,0,123,78,0,78,201
06/05/2014,LWS,ID,ANM,WE,Federal Contract Tower,4,8,5,0,17,0,8,88,0,96,4,16,93,0,113,64,0,64,177
06/06/2014,LWS,ID,ANM,WE,Federal Contract Tower,4,7,7,9,27,0,5,49,3,57,4,12,56,12,84,34,0,34,118
06/07/2014,LWS,ID,ANM,WE,Federal Contract Tower,2,3,0,0,5,0,3,73,0,76,2,6,73,0,81,82,0,82,163
06/08/2014,LWS,ID,ANM,WE,Federal Contract Tower,4,2,3,0,9,0,9,35,0,44,4,11,38,0,53,12,0,12,65
06/09/2014,LWS,ID,ANM,WE,Federal Contract Tower,4,9,7,0,20,0,10,67,0,77,4,19,74,0,97,4,0,4,101
06/10/2014,LWS,ID,ANM,WE,Federal Contract Tower,4,6,5,0,15,0,15,60,0,75,4,21,65,0,90,40,0,40,130
06/11/2014,LWS,ID,ANM,WE,Federal Contract Tower,4,6,10,0,20,0,12,73,0,85,4,18,83,0,105,30,0,30,135
06/12/2014,LWS,ID,ANM,WE,Federal Contract Tower,4,9,8,0,21,0,4,33,0,37,4,13,41,0,58,32,0,32,90
06/13/2014,LWS,ID,ANM,WE,Federal Contract Tower,4,8,8,0,20,0,1,37,0,38,4,9,45,0,58,32,0,32,90
06/14/2014,LWS,ID,ANM,WE,Federal Contract Tower,4,7,8,0,19,0,0,7,0,7,4,7,15,0,26,12,0,12,38
06/15/2014,LWS,ID,ANM,WE,Federal Contract Tower,4,4,5,0,13,0,0,18,0,18,4,4,23,0,31,30,0,30,61
06/16/2014,LWS,ID,ANM,WE,Federal Contract Tower,4,4,4,0,12,0,6,19,0,25,4,10,23,0,37,6,0,6,43
06/17/2014,LWS,ID,ANM,WE,Federal Contract Tower,4,7,14,4,29,0,3,31,0,34,4,10,45,4,63,0,10,10,73
06/18/2014,LWS,ID,ANM,WE,Federal Contract Tower,4,8,11,0,23,0,7,67,0,74,4,15,78,0,97,28,0,28,125
06/19/2014,LWS,ID,ANM,WE,Federal Contract Tower,4,7,1,0,12,0,5,71,0,76,4,12,72,0,88,70,0,70,158
06/20/2014,LWS,ID,ANM,WE,Federal Contract Tower,4,7,3,0,14,0,7,67,2,76,4,14,70,2,90,50,0,50,140
06/21/2014,LWS,ID,ANM,WE,Federal Contract Tower,2,5,3,0,10,0,7,69,0,76,2,12,72,0,86,54,0,54,140
06/22/2014,LWS,ID,ANM,WE,Federal Contract Tower,4,3,5,0,12,0,1,60,0,61,4,4,65,0,73,32,0,32,105
06/23/2014,LWS,ID,ANM,WE,Federal Contract Tower,4,4,4,0,12,0,7,43,0,50,4,11,47,0,62,28,0,28,90
06/24/2014,LWS,ID,ANM,WE,Federal Contract Tower,4,8,6,0,18,0,4,35,0,39,4,12,41,0,57,16,0,16,73
06/25/2014,LWS,ID,ANM,WE,Federal Contract Tower,4,6,6,0,16,0,7,55,0,62,4,13,61,0,78,38,0,38,116
06/26/2014,LWS,ID,ANM,WE,Federal Contract Tower,4,8,8,0,20,0,11,22,0,33,4,19,30,0,53,18,0,18,71
06/27/2014,LWS,ID,ANM,WE,Federal Contract Tower,4,5,6,0,15,0,5,12,0,17,4,10,18,0,32,34,0,34,66
06/28/2014,LWS,ID,ANM,WE,Federal Contract Tower,4,4,9,0,17,0,4,29,0,33,4,8,38,0,50,64,0,64,114
06/29/2014,LWS,ID,ANM,WE,Federal Contract Tower,2,5,3,2,12,0,4,15,0,19,2,9,18,2,31,36,0,36,67
06/30/2014,LWS,ID,ANM,WE,Federal Contract Tower,4,5,9,0,18,0,2,72,0,74,4,7,81,0,92,38,0,38,130
07/01/2014,LWS,ID,ANM,WE,Federal Contract Tower,4,8,5,10,27,0,2,84,0,86,4,10,89,10,113,22,22,44,157
07/02/2014,LWS,ID,ANM,WE,Federal Contract Tower,6,4,7,0,17,0,19,89,0,108,6,23,96,0,125,88,0,88,213
07/03/2014,LWS,ID,ANM,WE,Federal Contract Tower,4,6,4,0,14,0,11,85,0,96,4,17,89,0,110,0,0,0,110
07/04/2014,LWS,ID,ANM,WE,Federal Contract Tower,4,2,2,0,8,0,6,49,0,55,4,8,51,0,63,42,0,42,105
07/05/2014,LWS,ID,ANM,WE,Federal Contract Tower,6,6,0,0,12,0,0,33,0,33,6,6,33,0,45,4,0,4,49
07/06/2014,LWS,ID,ANM,WE,Federal Contract Tower,4,4,1,0,9,0,4,25,0,29,4,8,26,0,38,20,0,20,58
07/07/2014,LWS,ID,ANM,WE,Federal Contract Tower,0,11,3,0,14,0,1,41,0,42,0,12,44,0,56,34,0,34,90
07/08/2014,LWS,ID,ANM,WE,Federal Contract Tower,4,11,2,1,18,0,15,57,2,74,4,26,59,3,92,82,0,82,174
07/09/2014,LWS,ID,ANM,WE,Federal Contract Tower,4,9,10,0,23,0,3,43,4,50,4,12,53,4,73,0,0,0,73
07/10/2014,LWS,ID,ANM,WE,Federal Contract Tower,4,11,10,0,25,0,5,52,2,59,4,16,62,2,84,36,0,36,120
07/11/2014,LWS,ID,ANM,WE,Federal Contract Tower,4,4,4,0,12,0,7,44,0,51,4,11,48,0,63,0,0,0,63
07/12/2014,LWS,ID,ANM,WE,Federal Contract Tower,4,2,3,0,9,0,15,55,0,70,4,17,58,0,79,0,0,0,79
07/13/2014,LWS,ID,ANM,WE,Federal Contract Tower,4,5,0,0,9,0,1,13,0,14,4,6,13,0,23,0,0,0,23
07/14/2014,LWS,ID,ANM,WE,Federal Contract Tower,4,2,1,0,7,0,8,25,0,33,4,10,26,0,40,26,0,26,66
07/15/2014,LWS,ID,ANM,WE,Federal Contract Tower,2,3,6,0,11,0,2,53,0,55,2,5,59,0,66,56,0,56,122
07/16/2014,LWS,ID,ANM,WE,Federal Contract Tower,5,3,7,0,15,0,8,53,0,61,5,11,60,0,76,14,0,14,90
07/17/2014,LWS,ID,ANM,WE,Federal Contract Tower,4,5,4,0,13,0,4,44,2,50,4,9,48,2,63,54,0,54,117
07/18/2014,LWS,ID,ANM,WE,Federal Contract Tower,4,3,3,0,10,0,6,32,0,38,4,9,35,0,48,30,0,30,78
07/19/2014,LWS,ID,ANM,WE,Federal Contract Tower,4,2,2,0,8,0,6,45,0,51,4,8,47,0,59,6,0,6,65
07/20/2014,LWS,ID,ANM,WE,Federal Contract Tower,4,0,8,0,12,0,9,34,0,43,4,9,42,0,55,8,0,8,63
07/21/2014,LWS,ID,ANM,WE,Federal Contract Tower,4,2,3,0,9,0,3,30,0,33,4,5,33,0,42,4,0,4,46
07/22/2014,LWS,ID,ANM,WE,Federal Contract Tower,4,4,15,0,23,0,5,46,0,51,4,9,61,0,74,18,0,18,92
07/23/2014,LWS,ID,ANM,WE,Federal Contract Tower,4,2,5,0,11,0,9,45,0,54,4,11,50,0,65,8,0,8,73
07/24/2014,LWS,ID,ANM,WE,Federal Contract Tower,4,1,9,0,14,0,7,35,0,42,4,8,44,0,56,12,0,12,68
07/25/2014,LWS,ID,ANM,WE,Federal Contract Tower,4,3,5,0,12,0,4,59,0,63,4,7,64,0,75,42,0,42,117
07/26/2014,LWS,ID,ANM,WE,Federal Contract Tower,6,1,0,0,7,0,5,55,0,60,6,6,55,0,67,12,0,12,79
07/27/2014,LWS,ID,ANM,WE,Federal Contract Tower,4,0,2,0,6,0,6,15,0,21,4,6,17,0,27,8,0,8,35
07/28/2014,LWS,ID,ANM,WE,Federal Contract Tower,4,4,1,0,9,0,6,31,0,37,4,10,32,0,46,32,0,32,78
07/29/2014,LWS,ID,ANM,WE,Federal Contract Tower,4,6,3,0,13,0,4,57,0,61,4,10,60,0,74,32,0,32,106
07/30/2014,LWS,ID,ANM,WE,Federal Contract Tower,4,7,5,2,18,0,8,57,0,65,4,15,62,2,83,22,0,22,105
07/31/2014,LWS,ID,ANM,WE,Federal Contract Tower,4,7,6,0,17,0,5,41,0,46,4,12,47,0,63,14,0,14,77
08/01/2014,LWS,ID,ANM,WE,Federal Contract Tower,4,7,4,0,15,0,6,51,0,57,4,13,55,0,72,34,0,34,106
08/02/2014,LWS,ID,ANM,WE,Federal Contract Tower,4,4,2,0,10,0,2,37,0,39,4,6,39,0,49,10,0,10,59
08/03/2014,LWS,ID,ANM,WE,Federal Contract Tower,4,1,2,0,7,0,3,21,0,24,4,4,23,0,31,18,0,18,49
08/04/2014,LWS,ID,ANM,WE,Federal Contract Tower,4,4,4,0,12,0,3,49,0,52,4,7,53,0,64,26,0,26,90
08/05/2014,LWS,ID,ANM,WE,Federal Contract Tower,4,9,7,0,20,0,10,31,0,41,4,19,38,0,61,22,0,22,83
08/06/2014,LWS,ID,ANM,WE,Federal Contract Tower,4,8,4,4,20,0,9,39,0,48,4,17,43,4,68,22,12,34,102
08/07/2014,LWS,ID,ANM,WE,Federal Contract Tower,4,6,5,0,15,0,7,61,0,68,4,13,66,0,83,26,0,26,109
08/08/2014,LWS,ID,ANM,WE,Federal Contract Tower,4,6,4,0,14,0,10,62,0,72,4,16,66,0,86,24,0,24,110
08/09/2014,LWS,ID,ANM,WE,Federal Contract Tower,4,3,4,0,11,0,10,47,0,57,4,13,51,0,68,6,0,6,74
08/10/2014,LWS,ID,ANM,WE,Federal Contract Tower,4,3,5,0,12,0,4,45,0,49,4,7,50,0,61,12,0,12,73
08/11/2014,LWS,ID,ANM,WE,Federal Contract Tower,8,2,2,0,12,0,1,26,0,27,8,3,28,0,39,0,0,0,39
08/12/2014,LWS,ID,ANM,WE,Federal Contract Tower,4,6,2,0,12,0,8,59,0,67,4,14,61,0,79,60,0,60,139
08/13/2014,LWS,ID,ANM,WE,Federal Contract Tower,4,9,10,0,23,0,9,48,0,57,4,18,58,0,80,68,0,68,148
08/14/2014,LWS,ID,ANM,WE,Federal Contract Tower,4,6,4,0,14,0,5,43,0,48,4,11,47,0,62,16,0,16,78
08/15/2014,LWS,ID,ANM,WE,Federal Contract Tower,4,7,10,0,21,0,3,33,0,36,4,10,43,0,57,59,0,59,116
08/16/2014,LWS,ID,ANM,WE,Federal Contract Tower,4,4,2,0,10,0,3,39,0,42,4,7,41,0,52,20,0,20,72
08/17/2014,LWS,ID,ANM,WE,Federal Contract Tower,4,5,0,0,9,0,4,29,0,33,4,9,29,0,42,6,0,6,48
08/18/2014,LWS,ID,ANM,WE,Federal Contract Tower,4,5,4,0,13,0,4,40,0,44,4,9,44,0,57,18,0,18,75
08/19/2014,LWS,ID,ANM,WE,Federal Contract Tower,4,7,8,0,19,0,11,41,0,52,4,18,49,0,71,22,0,22,93
08/20/2014,LWS,ID,ANM,WE,Federal Contract Tower,6,8,7,0,21,0,4,24,2,30,6,12,31,2,51,14,0,14,65
08/21/2014,LWS,ID,ANM,WE,Federal Contract Tower,4,6,8,0,18,0,15,44,2,61,4,21,52,2,79,18,0,18,97
08/22/2014,LWS,ID,ANM,WE,Federal Contract Tower,4,7,2,0,13,0,9,28,0,37,4,16,30,0,50,42,0,42,92
08/23/2014,LWS,ID,ANM,WE,Federal Contract Tower,6,0,3,0,9,0,6,35,0,41,6,6,38,0,50,36,0,36,86
08/24/2014,LWS,ID,ANM,WE,Federal Contract Tower,1,3,2,0,6,0,0,33,0,33,1,3,35,0,39,4,0,4,43
08/25/2014,LWS,ID,ANM,WE,Federal Contract Tower,5,8,6,0,19,0,9,37,0,46,5,17,43,0,65,70,0,70,135
08/26/2014,LWS,ID,ANM,WE,Federal Contract Tower,4,8,4,0,16,0,5,61,0,66,4,13,65,0,82,62,0,62,144
08/27/2014,LWS,ID,ANM,WE,Federal Contract Tower,4,8,5,0,17,0,3,66,0,69,4,11,71,0,86,66,0,66,152
08/28/2014,LWS,ID,ANM,WE,Federal Contract Tower,4,7,5,0,16,0,4,50,0,54,4,11,55,0,70,28,0,28,98
08/29/2014,LWS,ID,ANM,WE,Federal Contract Tower,6,5,7,0,18,0,11,60,0,71,6,16,67,0,89,38,0,38,127
08/30/2014,LWS,ID,ANM,WE,Federal Contract Tower,5,2,2,0,9,0,5,64,0,69,5,7,66,0,78,20,0,20,98
08/31/2014,LWS,ID,ANM,WE,Federal Contract Tower,4,3,2,0,9,0,5,27,0,32,4,8,29,0,41,0,0,0,41
09/01/2014,LWS,ID,ANM,WE,Federal Contract Tower,4,5,7,0,16,0,10,47,0,57,4,15,54,0,73,6,0,6,79
09/02/2014,LWS,ID,ANM,WE,Federal Contract Tower,4,6,10,0,20,0,7,66,0,73,4,13,76,0,93,58,0,58,151
09/03/2014,LWS,ID,ANM,WE,Federal Contract Tower,4,10,8,0,22,0,5,21,0,26,4,15,29,0,48,0,0,0,48
09/04/2014,LWS,ID,ANM,WE,Federal Contract Tower,6,10,8,0,24,0,5,43,0,48,6,15,51,0,72,24,0,24,96
09/05/2014,LWS,ID,ANM,WE,Federal Contract Tower,6,10,5,0,21,0,7,45,0,52,6,17,50,0,73,20,0,20,93
09/06/2014,LWS,ID,ANM,WE,Federal Contract Tower,4,3,0,0,7,0,10,36,0,46,4,13,36,0,53,28,0,28,81
09/07/2014,LWS,ID,ANM,WE,Federal Contract Tower,4,6,1,0,11,0,7,43,0,50,4,13,44,0,61,16,0,16,77
09/08/2014,LWS,ID,ANM,WE,Federal Contract Tower,4,6,5,0,15,0,7,19,2,28,4,13,24,2,43,12,0,12,55
09/09/2014,LWS,ID,ANM,WE,Federal Contract Tower,4,7,3,0,14,0,7,46,0,53,4,14,49,0,67,42,0,42,109
09/10/2014,LWS,ID,ANM,WE,Federal Contract Tower,4,6,4,0,14,0,4,62,0,66,4,10,66,0,80,0,0,0,80
09/11/2014,LWS,ID,ANM,WE,Federal Contract Tower,4,7,7,2,20,0,10,53,0,63,4,17,60,2,83,26,0,26,109
09/12/2014,LWS,ID,ANM,WE,Federal Contract Tower,5,8,3,4,20,0,6,47,0,53,5,14,50,4,73,12,0,12,85
09/13/2014,LWS,ID,ANM,WE,Federal Contract Tower,5,1,1,0,7,0,13,62,0,75,5,14,63,0,82,22,0,22,104
09/14/2014,LWS,ID,ANM,WE,Federal Contract Tower,4,9,1,0,14,0,13,47,0,60,4,22,48,0,74,4,0,4,78
09/15/2014,LWS,ID,ANM,WE,Federal Contract Tower,4,7,7,0,18,0,5,24,0,29,4,12,31,0,47,8,0,8,55
09/16/2014,LWS,ID,ANM,WE,Federal Contract Tower,4,6,4,2,16,0,4,23,0,27,4,10,27,2,43,0,0,0,43
09/17/2014,LWS,ID,ANM,WE,Federal Contract Tower,4,6,6,2,18,0,9,52,2,63,4,15,58,4,81,62,0,62,143
09/18/2014,LWS,ID,ANM,WE,Federal Contract Tower,4,10,8,0,22,0,8,53,0,61,4,18,61,0,83,16,0,16,99
09/19/2014,LWS,ID,ANM,WE,Federal Contract Tower,6,6,6,1,19,0,6,62,1,69,6,12,68,2,88,6,0,6,94
09/20/2014,LWS,ID,ANM,WE,Federal Contract Tower,4,1,1,2,8,0,12,287,2,301,4,13,288,4,309,104,28,132,441
09/21/2014,LWS,ID,ANM,WE,Federal Contract Tower,4,3,5,0,12,0,5,53,0,58,4,8,58,0,70,2,0,2,72
09/22/2014,LWS,ID,ANM,WE,Federal Contract Tower,4,5,3,2,14,0,5,27,0,32,4,10,30,2,46,6,0,6,52
09/23/2014,LWS,ID,ANM,WE,Federal Contract Tower,4,8,0,4,16,0,5,56,0,61,4,13,56,4,77,62,0,62,139
09/24/2014,LWS,ID,ANM,WE,Federal Contract Tower,4,7,12,0,23,0,3,39,0,42,4,10,51,0,65,2,0,2,67
09/25/2014,LWS,ID,ANM,WE,Federal Contract Tower,6,5,6,0,17,0,5,29,0,34,6,10,35,0,51,22,0,22,73
09/26/2014,LWS,ID,ANM,WE,Federal Contract Tower,5,7,6,0,18,0,4,37,0,41,5,11,43,0,59,16,0,16,75
09/27/2014,LWS,ID,ANM,WE,Federal Contract Tower,5,1,2,0,8,0,1,41,0,42,5,2,43,0,50,24,0,24,74
09/28/2014,LWS,ID,ANM,WE,Federal Contract Tower,6,3,6,0,15,0,4,40,0,44,6,7,46,0,59,21,0,21,80
09/29/2014,LWS,ID,ANM,WE,Federal Contract Tower,6,6,3,0,15,0,2,27,0,29,6,8,30,0,44,8,0,8,52
09/30/2014,LWS,ID,ANM,WE,Federal Contract Tower,4,9,5,0,18,0,3,22,0,25,4,12,27,0,43,0,0,0,43
10/01/2014,LWS,ID,ANM,WE,Federal Contract Tower,4,6,11,0,21,0,3,54,0,57,4,9,65,0,78,16,0,16,94
10/02/2014,LWS,ID,ANM,WE,Federal Contract Tower,6,6,3,0,15,0,7,29,0,36,6,13,32,0,51,50,0,50,101
10/03/2014,LWS,ID,ANM,WE,Federal Contract Tower,8,6,4,0,18,0,2,45,0,47,8,8,49,0,65,4,0,4,69
10/04/2014,LWS,ID,ANM,WE,Federal Contract Tower,4,3,2,0,9,0,2,40,0,42,4,5,42,0,51,52,0,52,103
10/05/2014,LWS,ID,ANM,WE,Federal Contract Tower,4,5,4,0,13,0,5,42,0,47,4,10,46,0,60,14,0,14,74
10/06/2014,LWS,ID,ANM,WE,Federal Contract Tower,4,5,3,0,12,0,0,71,0,71,4,5,74,0,83,34,0,34,117
10/07/2014,LWS,ID,ANM,WE,Federal Contract Tower,4,7,0,1,12,0,2,41,1,44,4,9,41,2,56,52,0,52,108
10/08/2014,LWS,ID,ANM,WE,Federal Contract Tower,4,7,6,0,17,0,3,68,0,71,4,10,74,0,88,110,0,110,198
10/09/2014,LWS,ID,ANM,WE,Federal Contract Tower,6,6,6,0,18,0,7,78,0,85,6,13,84,0,103,24,0,24,127
10/10/2014,LWS,ID,ANM,WE,Federal Contract Tower,4,10,7,0,21,0,6,41,0,47,4,16,48,0,68,36,0,36,104
10/11/2014,LWS,ID,ANM,WE,Federal Contract Tower,4,2,3,0,9,0,2,34,0,36,4,4,37,0,45,30,0,30,75
10/12/2014,LWS,ID,ANM,WE,Federal Contract Tower,4,3,11,0,18,0,2,36,0,38,4,5,47,0,56,14,0,14,70
10/13/2014,LWS,ID,ANM,WE,Federal Contract Tower,4,6,4,0,14,0,6,46,0,52,4,12,50,0,66,6,0,6,72
10/14/2014,LWS,ID,ANM,WE,Federal Contract Tower,4,7,2,0,13,0,8,67,0,75,4,15,69,0,88,38,0,38,126
10/15/2014,LWS,ID,ANM,WE,Federal Contract Tower,4,8,11,0,23,0,7,42,0,49,4,15,53,0,72,14,0,14,86
10/16/2014,LWS,ID,ANM,WE,Federal Contract Tower,4,9,6,0,19,0,5,32,0,37,4,14,38,0,56,18,0,18,74
10/17/2014,LWS,ID,ANM,WE,Federal Contract Tower,5,7,10,0,22,0,1,29,0,30,5,8,39,0,52,24,0,24,76
10/18/2014,LWS,ID,ANM,WE,Federal Contract Tower,5,4,1,0,10,0,0,38,0,38,5,4,39,0,48,22,0,22,70
10/19/2014,LWS,ID,ANM,WE,Federal Contract Tower,4,2,4,0,10,0,3,43,0,46,4,5,47,0,56,36,0,36,92
10/20/2014,LWS,ID,ANM,WE,Federal Contract Tower,4,4,3,0,11,0,3,53,2,58,4,7,56,2,69,68,0,68,137
10/21/2014,LWS,ID,ANM,WE,Federal Contract Tower,4,6,4,0,14,0,6,30,0,36,4,12,34,0,50,16,0,16,66
10/22/2014,LWS,ID,ANM,WE,Federal Contract Tower,4,7,7,0,18,0,1,45,0,46,4,8,52,0,64,16,0,16,80
10/23/2014,LWS,ID,ANM,WE,Federal Contract Tower,4,10,9,0,23,0,2,11,0,13,4,12,20,0,36,0,0,0,36
10/24/2014,LWS,ID,ANM,WE,Federal Contract Tower,6,6,9,0,21,0,4,15,0,19,6,10,24,0,40,4,0,4,44
10/25/2014,LWS,ID,ANM,WE,Federal Contract Tower,6,2,5,0,13,0,0,27,0,27,6,2,32,0,40,0,0,0,40
10/26/2014,LWS,ID,ANM,WE,Federal Contract Tower,4,2,7,0,13,0,2,28,0,30,4,4,35,0,43,18,0,18,61
10/27/2014,LWS,ID,ANM,WE,Federal Contract Tower,4,6,6,0,16,0,9,38,0,47,4,15,44,0,63,20,0,20,83
10/28/2014,LWS,ID,ANM,WE,Federal Contract Tower,4,8,5,6,23,0,3,37,2,42,4,11,42,8,65,20,4,24,89
10/29/2014,LWS,ID,ANM,WE,Federal Contract Tower,4,10,3,0,17,0,4,40,0,44,4,14,43,0,61,68,0,68,129
10/30/2014,LWS,ID,ANM,WE,Federal Contract Tower,4,12,5,0,21,0,3,25,0,28,4,15,30,0,49,28,0,28,77
10/31/2014,LWS,ID,ANM,WE,Federal Contract Tower,7,9,5,2,23,0,4,27,0,31,7,13,32,2,54,24,2,26,80
11/01/2014,LWS,ID,ANM,WE,Federal Contract Tower,6,3,18,0,27,0,0,7,0,7,6,3,25,0,34,8,0,8,42
11/02/2014,LWS,ID,ANM,WE,Federal Contract Tower,4,4,3,0,11,0,2,37,0,39,4,6,40,0,50,8,0,8,58
11/03/2014,LWS,ID,ANM,WE,Federal Contract Tower,4,4,6,0,14,0,5,8,0,13,4,9,14,0,27,48,0,48,75
11/04/2014,LWS,ID,ANM,WE,Federal Contract Tower,4,9,10,0,23,0,3,16,0,19,4,12,26,0,42,0,0,0,42
11/05/2014,LWS,ID,ANM,WE,Federal Contract Tower,4,6,6,2,18,0,4,31,2,37,4,10,37,4,55,46,4,50,105
11/06/2014,LWS,ID,ANM,WE,Federal Contract Tower,4,5,11,0,20,0,5,32,0,37,4,10,43,0,57,12,0,12,69
11/07/2014,LWS,ID,ANM,WE,Federal Contract Tower,6,7,0,0,13,0,5,50,0,55,6,12,50,0,68,56,0,56,124
11/08/2014,LWS,ID,ANM,WE,Federal Contract Tower,4,1,2,0,7,0,2,60,0,62,4,3,62,0,69,32,0,32,101
11/09/2014,LWS,ID,ANM,WE,Federal Contract Tower,4,2,6,0,12,0,2,8,0,10,4,4,14,0,22,0,0,0,22
11/10/2014,LWS,ID,ANM,WE,Federal Contract Tower,4,7,3,0,14,0,5,34,0,39,4,12,37,0,53,36,0,36,89
11/11/2014,LWS,ID,ANM,WE,Federal Contract Tower,4,7,1,0,12,0,3,16,0,19,4,10,17,0,31,0,0,0,31
11/12/2014,LWS,ID,ANM,WE,Federal Contract Tower,4,5,3,0,12,0,3,32,0,35,4,8,35,0,47,40,0,40,87
11/13/2014,LWS,ID,ANM,WE,Federal Contract Tower,5,7,5,0,17,0,6,23,0,29,5,13,28,0,46,14,0,14,60
11/14/2014,LWS,ID,ANM,WE,Federal Contract Tower,4,9,9,0,22,0,2,10,0,12,4,11,19,0,34,38,0,38,72
11/15/2014,LWS,ID,ANM,WE,Federal Contract Tower,6,1,4,0,11,0,2,30,0,32,6,3,34,0,43,68,0,68,111
11/16/2014,LWS,ID,ANM,WE,Federal Contract Tower,4,4,7,0,15,0,1,37,0,38,4,5,44,0,53,24,0,24,77
11/17/2014,LWS,ID,ANM,WE,Federal Contract Tower,4,5,6,0,15,0,4,32,0,36,4,9,38,0,51,36,0,36,87
11/18/2014,LWS,ID,ANM,WE,Federal Contract Tower,3,7,6,0,16,0,2,66,0,68,3,9,72,0,84,74,0,74,158
11/19/2014,LWS,ID,ANM,WE,Federal Contract Tower,4,5,6,0,15,0,7,69,0,76,4,12,75,0,91,64,0,64,155
11/20/2014,LWS,ID,ANM,WE,Federal Contract Tower,4,6,5,0,15,0,2,7,0,9,4,8,12,0,24,10,0,10,34
11/21/2014,LWS,ID,ANM,WE,Federal Contract Tower,4,6,7,0,17,0,2,21,2,25,4,8,28,2,42,6,0,6,48
11/22/2014,LWS,ID,ANM,WE,Federal Contract Tower,6,1,2,0,9,0,1,12,0,13,6,2,14,0,22,2,0,2,24
11/23/2014,LWS,ID,ANM,WE,Federal Contract Tower,3,10,10,0,23,0,2,1,0,3,3,12,11,0,26,0,0,0,26
11/24/2014,LWS,ID,ANM,WE,Federal Contract Tower,4,8,5,0,17,0,2,42,0,44,4,10,47,0,61,30,0,30,91
11/25/2014,LWS,ID,ANM,WE,Federal Contract Tower,4,14,13,0,31,0,0,1,0,1,4,14,14,0,32,0,0,0,32
11/26/2014,LWS,ID,ANM,WE,Federal Contract Tower,4,6,8,0,18,0,4,16,0,20,4,10,24,0,38,20,0,20,58
11/27/2014,LWS,ID,ANM,WE,Federal Contract Tower,2,3,3,0,8,0,2,5,0,7,2,5,8,0,15,0,0,0,15
11/28/2014,LWS,ID,ANM,WE,Federal Contract Tower,8,5,5,0,18,0,6,12,0,18,8,11,17,0,36,0,0,0,36
11/29/2014,LWS,ID,ANM,WE,Federal Contract Tower,4,3,0,0,7,0,0,0,0,0,4,3,0,0,7,0,0,0,7
11/30/2014,LWS,ID,ANM,WE,Federal Contract Tower,4,4,4,0,12,0,2,21,0,23,4,6,25,0,35,2,0,2,37
12/01/2014,LWS,ID,ANM,WE,Federal Contract Tower,4,9,6,2,21,0,4,57,0,61,4,13,63,2,82,38,12,50,132
12/02/2014,LWS,ID,ANM,WE,Federal Contract Tower,4,7,9,0,20,0,2,41,0,43,4,9,50,0,63,154,0,154,217
12/03/2014,LWS,ID,ANM,WE,Federal Contract Tower,4,10,10,2,26,0,1,7,0,8,4,11,17,2,34,24,0,24,58
12/04/2014,LWS,ID,ANM,WE,Federal Contract Tower,4,9,9,0,22,0,0,15,0,15,4,9,24,0,37,48,0,48,85
12/05/2014,LWS,ID,ANM,WE,Federal Contract Tower,5,10,3,4,22,0,2,11,0,13,5,12,14,4,35,30,0,30,65
12/06/2014,LWS,ID,ANM,WE,Federal Contract Tower,4,4,0,0,8,0,0,28,0,28,4,4,28,0,36,70,0,70,106
12/07/2014,LWS,ID,ANM,WE,Federal Contract Tower,4,3,3,0,10,0,0,0,0,0,4,3,3,0,10,0,0,0,10
12/08/2014,LWS,ID,ANM,WE,Federal Contract Tower,6,11,3,0,20,0,2,60,0,62,6,13,63,0,82,178,0,178,260
12/09/2014,LWS,ID,ANM,WE,Federal Contract Tower,4,7,10,0,21,0,4,39,0,43,4,11,49,0,64,146,0,146,210
12/10/2014,LWS,ID,ANM,WE,Federal Contract Tower,4,7,7,0,18,0,4,22,0,26,4,11,29,0,44,134,0,134,178
12/11/2014,LWS,ID,ANM,WE,Federal Contract Tower,4,4,5,0,13,0,3,12,2,17,4,7,17,2,30,76,0,76,106
12/12/2014,LWS,ID,ANM,WE,Federal Contract Tower,4,6,11,0,21,0,3,8,0,11,4,9,19,0,32,4,0,4,36
12/13/2014,LWS,ID,ANM,WE,Federal Contract Tower,3,5,7,0,15,0,1,38,0,39,3,6,45,0,54,62,0,62,116
12/14/2014,LWS,ID,ANM,WE,Federal Contract Tower,4,0,5,0,9,0,0,0,0,0,4,0,5,0,9,0,0,0,9
12/15/2014,LWS,ID,ANM,WE,Federal Contract Tower,4,9,5,0,18,0,2,27,0,29,4,11,32,0,47,80,0,80,127
12/16/2014,LWS,ID,ANM,WE,Federal Contract Tower,4,6,6,0,16,0,5,30,0,35,4,11,36,0,51,42,0,42,93
12/17/2014,LWS,ID,ANM,WE,Federal Contract Tower,4,6,3,0,13,0,7,50,2,59,4,13,53,2,72,60,0,60,132
12/18/2014,LWS,ID,ANM,WE,Federal Contract Tower,4,5,9,0,18,0,4,30,0,34,4,9,39,0,52,44,0,44,96
12/19/2014,LWS,ID,ANM,WE,Federal Contract Tower,3,6,3,0,12,0,4,1,0,5,3,10,4,0,17,0,0,0,17
12/20/2014,LWS,ID,ANM,WE,Federal Contract Tower,4,5,1,0,10,0,1,7,0,8,4,6,8,0,18,20,0,20,38
12/21/2014,LWS,ID,ANM,WE,Federal Contract Tower,4,2,0,0,6,0,2,1,0,3,4,4,1,0,9,0,0,0,9
12/22/2014,LWS,ID,ANM,WE,Federal Contract Tower,4,6,6,0,16,0,5,18,0,23,4,11,24,0,39,2,0,2,41
12/23/2014,LWS,ID,ANM,WE,Federal Contract Tower,4,6,8,0,18,0,4,27,0,31,4,10,35,0,49,52,0,52,101
12/24/2014,LWS,ID,ANM,WE,Federal Contract Tower,6,12,2,0,20,0,2,0,0,2,6,14,2,0,22,0,0,0,22
12/25/2014,LWS,ID,ANM,WE,Federal Contract Tower,2,2,1,0,5,0,4,9,0,13,2,6,10,0,18,8,0,8,26
12/26/2014,LWS,ID,ANM,WE,Federal Contract Tower,4,10,2,0,16,0,6,13,0,19,4,16,15,0,35,38,0,38,73
12/27/2014,LWS,ID,ANM,WE,Federal Contract Tower,4,2,0,0,6,0,1,7,0,8,4,3,7,0,14,12,0,12,26
12/28/2014,LWS,ID,ANM,WE,Federal Contract Tower,4,6,3,0,13,0,0,7,0,7,4,6,10,0,20,12,0,12,32
12/29/2014,LWS,ID,ANM,WE,Federal Contract Tower,4,7,17,2,30,0,6,18,0,24,4,13,35,2,54,22,0,22,76
12/30/2014,LWS,ID,ANM,WE,Federal Contract Tower,7,6,5,0,18,0,3,10,0,13,7,9,15,0,31,26,0,26,57
12/31/2014,LWS,ID,ANM,WE,Federal Contract Tower,4,7,4,0,15,0,4,13,4,21,4,11,17,4,36,20,0,20,56
01/01/2015,LWS,ID,ANM,WE,Federal Contract Tower,2,2,3,0,7,0,0,12,0,12,2,2,15,0,19,2,0,2,21
01/02/2015,LWS,ID,ANM,WE,Federal Contract Tower,4,7,9,0,20,0,8,11,0,19,4,15,20,0,39,12,0,12,51
01/03/2015,LWS,ID,ANM,WE,Federal Contract Tower,4,5,3,0,12,0,2,22,0,24,4,7,25,0,36,26,0,26,62
01/04/2015,LWS,ID,ANM,WE,Federal Contract Tower,4,3,1,0,8,0,0,0,0,0,4,3,1,0,8,0,0,0,8
01/05/2015,LWS,ID,ANM,WE,Federal Contract Tower,4,7,3,4,18,0,2,16,0,18,4,9,19,4,36,24,8,32,68
01/06/2015,LWS,ID,ANM,WE,Federal Contract Tower,4,6,7,4,21,0,6,18,2,26,4,12,25,6,47,4,14,18,65
01/07/2015,LWS,ID,ANM,WE,Federal Contract Tower,4,6,8,0,18,0,2,21,0,23,4,8,29,0,41,32,0,32,73
01/08/2015,LWS,ID,ANM,WE,Federal Contract Tower,4,5,1,0,10,0,0,3,0,3,4,5,4,0,13,0,0,0,13
01/09/2015,LWS,ID,ANM,WE,Federal Contract Tower,6,8,2,0,16,0,0,6,0,6,6,8,8,0,22,8,0,8,30
01/10/2015,LWS,ID,ANM,WE,Federal Contract Tower,4,4,11,0,19,0,0,0,0,0,4,4,11,0,19,0,0,0,19
01/11/2015,LWS,ID,ANM,WE,Federal Contract Tower,4,2,0,0,6,0,0,4,0,4,4,2,4,0,10,74,0,74,84
01/12/2015,LWS,ID,ANM,WE,Federal Contract Tower,7,5,4,0,16,0,0,9,0,9,7,5,13,0,25,42,0,42,67
01/13/2015,LWS,ID,ANM,WE,Federal Contract Tower,4,5,1,2,12,0,3,8,0,11,4,8,9,2,23,12,0,12,35
01/14/2015,LWS,ID,ANM,WE,Federal Contract Tower,4,12,9,0,25,0,3,40,0,43,4,15,49,0,68,50,0,50,118
01/15/2015,LWS,ID,ANM,WE,Federal Contract Tower,4,8,4,2,18,0,5,21,6,32,4,13,25,8,50,16,14,30,80
01/16/2015,LWS,ID,ANM,WE,Federal Contract Tower,4,8,5,0,17,0,4,9,0,13,4,12,14,0,30,0,0,0,30
01/17/2015,LWS,ID,ANM,WE,Federal Contract Tower,4,3,2,0,9,0,0,31,0,31,4,3,33,0,40,28,0,28,68
01/18/2015,LWS,ID,ANM,WE,Federal Contract Tower,4,5,1,0,10,0,1,5,0,6,4,6,6,0,16,14,0,14,30
01/19/2015,LWS,ID,ANM,WE,Federal Contract Tower,4,7,4,0,15,0,3,12,0,15,4,10,16,0,30,2,0,2,32
01/20/2015,LWS,ID,ANM,WE,Federal Contract Tower,2,4,7,0,13,0,2,3,0,5,2,6,10,0,18,0,0,0,18
01/21/2015,LWS,ID,ANM,WE,Federal Contract Tower,4,8,7,0,19,0,8,7,0,15,4,16,14,0,34,24,0,24,58
01/22/2015,LWS,ID,ANM,WE,Federal Contract Tower,4,6,10,0,20,0,15,15,0,30,4,21,25,0,50,28,0,28,78
01/23/2015,LWS,ID,ANM,WE,Federal Contract Tower,4,7,5,0,16,0,2,22,0,24,4,9,27,0,40,0,0,0,40
01/24/2015,LWS,ID,ANM,WE,Federal Contract Tower,4,2,8,0,14,0,0,31,0,31,4,2,39,0,45,98,0,98,143
01/25/2015,LWS,ID,ANM,WE,Federal Contract Tower,4,3,10,0,17,0,3,28,0,31,4,6,38,0,48,36,0,36,84
01/26/2015,LWS,ID,ANM,WE,Federal Contract Tower,6,5,1,0,12,0,2,13,0,15,6,7,14,0,27,26,0,26,53
01/27/2015,LWS,ID,ANM,WE,Federal Contract Tower,4,7,5,0,16,0,2,39,0,41,4,9,44,0,57,108,0,108,165
01/28/2015,LWS,ID,ANM,WE,Federal Contract Tower,4,15,6,0,25,0,2,5,0,7,4,17,11,0,32,0,0,0,32
01/29/2015,LWS,ID,ANM,WE,Federal Contract Tower,7,11,11,0,29,0,1,10,0,11,7,12,21,0,40,38,0,38,78
01/30/2015,LWS,ID,ANM,WE,Federal Contract Tower,4,7,12,0,23,0,0,2,0,2,4,7,14,0,25,0,0,0,25
01/31/2015,LWS,ID,ANM,WE,Federal Contract Tower,4,5,6,1,16,0,0,13,9,22,4,5,19,10,38,30,24,54,92
02/01/2015,LWS,ID,ANM,WE,Federal Contract Tower,6,4,1,0,11,0,0,4,1,5,6,4,5,1,16,2,0,2,18
02/02/2015,LWS,ID,ANM,WE,Federal Contract Tower,4,7,4,0,15,0,3,4,0,7,4,10,8,0,22,0,0,0,22
02/03/2015,LWS,ID,ANM,WE,Federal Contract Tower,4,4,7,2,17,0,2,15,0,17,4,6,22,2,34,16,0,16,50
02/04/2015,LWS,ID,ANM,WE,Federal Contract Tower,6,7,6,4,23,0,1,5,0,6,6,8,11,4,29,4,0,4,33
02/05/2015,LWS,ID,ANM,WE,Federal Contract Tower,6,5,3,0,14,0,2,17,0,19,6,7,20,0,33,12,0,12,45
02/06/2015,LWS,ID,ANM,WE,Federal Contract Tower,4,8,3,0,15,0,3,15,0,18,4,11,18,0,33,16,0,16,49
02/07/2015,LWS,ID,ANM,WE,Federal Contract Tower,6,2,4,0,12,0,4,12,0,16,6,6,16,0,28,22,0,22,50
02/08/2015,LWS,ID,ANM,WE,Federal Contract Tower,4,3,8,0,15,0,2,8,0,10,4,5,16,0,25,8,0,8,33
02/09/2015,LWS,ID,ANM,WE,Federal Contract Tower,4,7,5,0,16,0,2,19,0,21,4,9,24,0,37,16,0,16,53
02/10/2015,LWS,ID,ANM,WE,Federal Contract Tower,4,5,6,0,15,0,4,45,0,49,4,9,51,0,64,38,0,38,102
02/11/2015,LWS,ID,ANM,WE,Federal Contract Tower,4,7,10,2,23,0,2,40,0,42,4,9,50,2,65,38,10,48,113
02/12/2015,LWS,ID,ANM,WE,Federal Contract Tower,4,7,10,0,21,0,7,39,0,46,4,14,49,0,67,40,0,40,107
02/13/2015,LWS,ID,ANM,WE,Federal Contract Tower,4,6,2,0,12,0,4,39,0,43,4,10,41,0,55,94,0,94,149
02/14/2015,LWS,ID,ANM,WE,Federal Contract Tower,5,2,4,0,11,0,0,88,0,88,5,2,92,0,99,90,0,90,189
02/15/2015,LWS,ID,ANM,WE,Federal Contract Tower,6,4,2,0,12,0,0,42,0,42,6,4,44,0,54,18,0,18,72
02/16/2015,LWS,ID,ANM,WE,Federal Contract Tower,4,6,2,0,12,0,4,68,3,75,4,10,70,3,87,34,0,34,121
02/17/2015,LWS,ID,ANM,WE,Federal Contract Tower,4,2,3,0,9,0,4,45,0,49,4,6,48,0,58,56,0,56,114
02/18/2015,LWS,ID,ANM,WE,Federal Contract Tower,4,7,10,0,21,0,9,65,0,74,4,16,75,0,95,60,0,60,155
02/19/2015,LWS,ID,ANM,WE,Federal Contract Tower,4,5,7,0,16,0,7,25,0,32,4,12,32,0,48,26,0,26,74
02/20/2015,LWS,ID,ANM,WE,Federal Contract Tower,5,6,3,0,14,0,4,19,0,23,5,10,22,0,37,38,0,38,75
02/21/2015,LWS,ID,ANM,WE,Federal Contract Tower,4,4,4,0,12,0,0,39,0,39,4,4,43,0,51,66,0,66,117
02/22/2015,LWS,ID,ANM,WE,Federal Contract Tower,4,3,1,0,8,0,2,51,0,53,4,5,52,0,61,120,0,120,181
02/23/2015,LWS,ID,ANM,WE,Federal Contract Tower,6,4,4,0,14,0,3,46,0,49,6,7,50,0,63,42,0,42,105
02/24/2015,LWS,ID,ANM,WE,Federal Contract Tower,4,6,0,0,10,0,6,32,0,38,4,12,32,0,48,14,0,14,62
02/25/2015,LWS,ID,ANM,WE,Federal Contract Tower,4,5,3,0,12,0,19,60,0,79,4,24,63,0,91,70,0,70,161
02/26/2015,LWS,ID,ANM,WE,Federal Contract Tower,4,6,5,0,15,0,5,33,0,38,4,11,38,0,53,66,0,66,119
02/27/2015,LWS,ID,ANM,WE,Federal Contract Tower,4,6,3,0,13,0,10,28,0,38,4,16,31,0,51,60,0,60,111
02/28/2015,LWS,ID,ANM,WE,Federal Contract Tower,4,1,2,0,7,0,3,48,0,51,4,4,50,0,58,134,0,134,192
03/01/2015,LWS,ID,ANM,WE,Federal Contract Tower,4,3,2,0,9,0,0,48,0,48,4,3,50,0,57,26,10,36,93
03/02/2015,LWS,ID,ANM,WE,Federal Contract Tower,4,8,5,0,17,0,4,31,0,35,4,12,36,0,52,22,0,22,74
03/03/2015,LWS,ID,ANM,WE,Federal Contract Tower,4,4,4,1,13,0,2,31,3,36,4,6,35,4,49,6,6,12,61
03/04/2015,LWS,ID,ANM,WE,Federal Contract Tower,4,4,4,2,14,0,6,41,0,47,4,10,45,2,61,34,10,44,105
03/05/2015,LWS,ID,ANM,WE,Federal Contract Tower,4,5,3,0,12,0,5,44,2,51,4,10,47,2,63,32,0,32,95
03/06/2015,LWS,ID,ANM,WE,Federal Contract Tower,4,9,8,0,21,0,9,63,0,72,4,18,71,0,93,56,0,56,149
03/07/2015,LWS,ID,ANM,WE,Federal Contract Tower,4,2,4,0,10,0,7,123,0,130,4,9,127,0,140,122,0,122,262
03/08/2015,LWS,ID,ANM,WE,Federal Contract Tower,4,3,2,0,9,0,2,31,0,33,4,5,33,0,42,68,0,68,110
03/09/2015,LWS,ID,ANM,WE,Federal Contract Tower,4,4,1,0,9,0,9,60,1,70,4,13,61,1,79,0,0,0,79
03/10/2015,LWS,ID,ANM,WE,Federal Contract Tower,4,4,2,2,12,0,4,52,2,58,4,8,54,4,70,52,14,66,136
03/11/2015,LWS,ID,ANM,WE,Federal Contract Tower,4,6,5,0,15,0,7,36,0,43,4,13,41,0,58,102,0,102,160
03/12/2015,LWS,ID,ANM,WE,Federal Contract Tower,4,6,4,0,14,0,8,32,2,42,4,14,36,2,56,54,0,54,110
03/13/2015,LWS,ID,ANM,WE,Federal Contract Tower,4,6,3,8,21,0,8,44,0,52,4,14,47,8,73,130,0,130,203
03/14/2015,LWS,ID,ANM,WE,Federal Contract Tower,2,5,5,0,12,0,3,30,0,33,2,8,35,0,45,30,0,30,75
03/15/2015,LWS,ID,ANM,WE,Federal Contract Tower,6,7,3,2,18,0,0,0,0,0,6,7,3,2,18,0,0,0,18
03/16/2015,LWS,ID,ANM,WE,Federal Contract Tower,4,10,0,0,14,0,3,35,0,38,4,13,35,0,52,28,0,28,80
03/17/2015,LWS,ID,ANM,WE,Federal Contract Tower,4,7,6,1,18,0,4,14,1,19,4,11,20,2,37,0,12,12,49
03/18/2015,LWS,ID,ANM,WE,Federal Contract Tower,4,3,4,0,11,0,4,20,0,24,4,7,24,0,35,14,0,14,49
03/19/2015,LWS,ID,ANM,WE,Federal Contract Tower,6,7,4,2,19,0,5,36,0,41,6,12,40,2,60,92,6,98,158
03/20/2015,LWS,ID,ANM,WE,Federal Contract Tower,4,7,2,0,13,0,4,57,0,61,4,11,59,0,74,132,0,132,206
03/21/2015,LWS,ID,ANM,WE,Federal Contract Tower,2,2,4,0,8,0,3,30,0,33,2,5,34,0,41,56,0,56,97
03/22/2015,LWS,ID,ANM,WE,Federal Contract Tower,4,2,3,0,9,0,3,23,0,26,4,5,26,0,35,50,0,50,85
03/23/2015,LWS,ID,ANM,WE,Federal Contract Tower,4,4,0,2,10,0,2,4,0,6,4,6,4,2,16,8,0,8,24
03/24/2015,LWS,ID,ANM,WE,Federal Contract Tower,4,8,5,1,18,0,7,16,1,24,4,15,21,2,42,30,0,30,72
03/25/2015,LWS,ID,ANM,WE,Federal Contract Tower,4,6,6,2,18,0,2,30,0,32,4,8,36,2,50,62,4,66,116
03/26/2015,LWS,ID,ANM,WE,Federal Contract Tower,4,5,7,0,16,0,3,54,0,57,4,8,61,0,73,76,0,76,149
03/27/2015,LWS,ID,ANM,WE,Federal Contract Tower,4,6,7,0,17,0,3,54,0,57,4,9,61,0,74,44,0,44,118
03/28/2015,LWS,ID,ANM,WE,Federal Contract Tower,2,1,1,0,4,0,1,9,0,10,2,2,10,0,14,0,0,0,14
03/29/2015,LWS,ID,ANM,WE,Federal Contract Tower,4,2,6,0,12,0,2,50,0,52,4,4,56,0,64,48,0,48,112
03/30/2015,LWS,ID,ANM,WE,Federal Contract Tower,6,2,1,0,9,0,3,106,0,109,6,5,107,0,118,14,0,14,132
03/31/2015,LWS,ID,ANM,WE,Federal Contract Tower,4,4,2,2,12,0,2,59,0,61,4,6,61,2,73,26,0,26,99
04/01/2015,LWS,ID,ANM,WE,Federal Contract Tower,4,6,10,0,20,0,2,37,0,39,4,8,47,0,59,0,0,0,59
04/02/2015,LWS,ID,ANM,WE,Federal Contract Tower,4,5,7,0,16,0,5,39,0,44,4,10,46,0,60,42,0,42,102
04/03/2015,LWS,ID,ANM,WE,Federal Contract Tower,4,6,3,0,13,0,3,33,2,38,4,9,36,2,51,56,0,56,107
04/04/2015,LWS,ID,ANM,WE,Federal Contract Tower,2,2,1,0,5,0,3,12,0,15,2,5,13,0,20,8,0,8,28
04/05/2015,LWS,ID,ANM,WE,Federal Contract Tower,4,3,1,0,8,0,0,7,0,7,4,3,8,0,15,6,0,6,21
04/06/2015,LWS,ID,ANM,WE,Federal Contract Tower,4,6,4,0,14,0,5,16,0,21,4,11,20,0,35,28,0,28,63
04/07/2015,LWS,ID,ANM,WE,Federal Contract Tower,4,5,4,0,13,0,2,43,0,45,4,7,47,0,58,44,0,44,102
04/08/2015,LWS,ID,ANM,WE,Federal Contract Tower,4,5,8,0,17,0,10,24,0,34,4,15,32,0,51,16,0,16,67
04/09/2015,LWS,ID,ANM,WE,Federal Contract Tower,6,5,9,2,22,0,4,29,0,33,6,9,38,2,55,22,0,22,77
04/10/2015,LWS,ID,ANM,WE,Federal Contract Tower,4,7,6,1,18,0,7,41,0,48,4,14,47,1,66,62,0,62,128
04/11/2015,LWS,ID,ANM,WE,Federal Contract Tower,2,2,0,0,4,0,1,4,0,5,2,3,4,0,9,4,0,4,13
04/12/2015,LWS,ID,ANM,WE,Federal Contract Tower,6,3,6,0,15,0,1,24,0,25,6,4,30,0,40,34,0,34,74
04/13/2015,LWS,ID,ANM,WE,Federal Contract Tower,4,6,5,0,15,0,4,39,0,43,4,10,44,0,58,36,0,36,94
04/14/2015,LWS,ID,ANM,WE,Federal Contract Tower,4,3,4,0,11,0,4,19,0,23,4,7,23,0,34,22,0,22,56
04/15/2015,LWS,ID,ANM,WE,Federal Contract Tower,4,7,10,0,21,0,3,62,0,65,4,10,72,0,86,64,0,64,150
04/16/2015,LWS,ID,ANM,WE,Federal Contract Tower,4,10,6,0,20,0,4,42,0,46,4,14,48,0,66,24,0,24,90
04/17/2015,LWS,ID,ANM,WE,Federal Contract Tower,4,7,2,0,13,0,6,45,0,51,4,13,47,0,64,136,0,136,200
04/18/2015,LWS,ID,ANM,WE,Federal Contract Tower,2,1,0,2,5,0,3,96,0,99,2,4,96,2,104,70,12,82,186
04/19/2015,LWS,ID,ANM,WE,Federal Contract Tower,4,3,0,0,7,0,4,57,2,63,4,7,57,2,70,14,0,14,84
04/20/2015,LWS,ID,ANM,WE,Federal Contract Tower,4,6,2,1,13,0,5,49,1,55,4,11,51,2,68,48,0,48,116
04/21/2015,LWS,ID,ANM,WE,Federal Contract Tower,4,6,10,0,20,0,6,69,0,75,4,12,79,0,95,30,12,42,137
04/22/2015,LWS,ID,ANM,WE,Federal Contract Tower,4,6,9,0,19,0,2,27,0,29,4,8,36,0,48,12,0,12,60
04/23/2015,LWS,ID,ANM,WE,Federal Contract Tower,4,7,16,0,27,0,4,49,0,53,4,11,65,0,80,54,0,54,134
04/24/2015,LWS,ID,ANM,WE,Federal Contract Tower,4,9,9,0,22,0,2,34,0,36,4,11,43,0,58,46,0,46,104
04/25/2015,LWS,ID,ANM,WE,Federal Contract Tower,2,4,6,0,12,0,4,37,0,41,2,8,43,0,53,0,0,0,53
04/26/2015,LWS,ID,ANM,WE,Federal Contract Tower,4,2,6,2,14,0,0,29,0,29,4,2,35,2,43,24,0,24,67
04/27/2015,LWS,ID,ANM,WE,Federal Contract Tower,4,6,5,0,15,0,2,30,4,36,4,8,35,4,51,12,0,12,63
04/28/2015,LWS,ID,ANM,WE,Federal Contract Tower,4,5,5,0,14,0,5,81,1,87,4,10,86,1,101,42,0,42,143
04/29/2015,LWS,ID,ANM,WE,Federal Contract Tower,4,5,5,0,14,0,8,43,0,51,4,13,48,0,65,10,0,10,75
04/30/2015,LWS,ID,ANM,WE,Federal Contract Tower,4,7,7,1,19,0,5,55,1,61,4,12,62,2,80,64,0,64,144
05/01/2015,LWS,ID,ANM,WE,Federal Contract Tower,4,10,3,2,19,0,4,44,2,50,4,14,47,4,69,126,0,126,195
05/02/2015,LWS,ID,ANM,WE,Federal Contract Tower,2,3,4,0,9,0,1,27,0,28,2,4,31,0,37,20,0,20,57
05/03/2015,LWS,ID,ANM,WE,Federal Contract Tower,4,3,2,0,9,0,0,36,0,36,4,3,38,0,45,42,0,42,87
05/04/2015,LWS,ID,ANM,WE,Federal Contract Tower,4,6,3,0,13,0,3,23,0,26,4,9,26,0,39,22,0,22,61
05/05/2015,LWS,ID,ANM,WE,Federal Contract Tower,4,4,11,0,19,0,3,62,0,65,4,7,73,0,84,66,0,66,150
05/06/2015,LWS,ID,ANM,WE,Federal Contract Tower,4,4,8,2,18,0,6,44,0,50,4,10,52,2,68,40,4,44,112
05/07/2015,LWS,ID,ANM,WE,Federal Contract Tower,4,7,7,0,18,0,11,84,0,95,4,18,91,0,113,34,0,34,147
05/08/2015,LWS,ID,ANM,WE,Federal Contract Tower,4,5,8,0,17,0,5,56,0,61,4,10,64,0,78,88,0,88,166
05/09/2015,LWS,ID,ANM,WE,Federal Contract Tower,2,2,3,0,7,0,3,91,0,94,2,5,94,0,101,236,0,236,337
05/10/2015,LWS,ID,ANM,WE,Federal Contract Tower,4,3,5,0,12,0,2,28,0,30,4,5,33,0,42,0,0,0,42
05/11/2015,LWS,ID,ANM,WE,Federal Contract Tower,4,4,4,0,12,0,7,39,0,46,4,11,43,0,58,18,0,18,76
05/12/2015,LWS,ID,ANM,WE,Federal Contract Tower,4,7,5,0,16,0,2,47,0,49,4,9,52,0,65,130,0,130,195
05/13/2015,LWS,ID,ANM,WE,Federal Contract Tower,4,5,5,0,14,0,3,9,0,12,4,8,14,0,26,24,0,24,50
05/14/2015,LWS,ID,ANM,WE,Federal Contract Tower,4,8,5,0,17,0,3,54,2,59,4,11,59,2,76,54,0,54,130
05/15/2015,LWS,ID,ANM,WE,Federal Contract Tower,4,6,9,2,21,0,3,28,0,31,4,9,37,2,52,20,0,20,72
05/16/2015,LWS,ID,ANM,WE,Federal Contract Tower,2,4,3,0,9,0,3,10,0,13,2,7,13,0,22,6,0,6,28
05/17/2015,LWS,ID,ANM,WE,Federal Contract Tower,4,5,6,0,15,0,2,9,0,11,4,7,15,0,26,0,0,0,26
05/18/2015,LWS,ID,ANM,WE,Federal Contract Tower,4,7,5,0,16,0,2,47,0,49,4,9,52,0,65,48,0,48,113
05/19/2015,LWS,ID,ANM,WE,Federal Contract Tower,4,7,9,0,20,0,5,62,0,67,4,12,71,0,87,46,0,46,133
05/20/2015,LWS,ID,ANM,WE,Federal Contract Tower,4,6,11,0,21,0,13,73,0,86,4,19,84,0,107,84,0,84,191
05/21/2015,LWS,ID,ANM,WE,Federal Contract Tower,4,5,7,0,16,0,2,59,0,61,4,7,66,0,77,28,2,30,107
05/22/2015,LWS,ID,ANM,WE,Federal Contract Tower,5,5,7,0,17,0,2,50,0,52,5,7,57,0,69,66,0,66,135
05/23/2015,LWS,ID,ANM,WE,Federal Contract Tower,2,2,5,0,9,0,5,38,0,43,2,7,43,0,52,16,0,16,68
05/24/2015,LWS,ID,ANM,WE,Federal Contract Tower,4,5,2,0,11,0,2,39,0,41,4,7,41,0,52,16,0,16,68
05/25/2015,LWS,ID,ANM,WE,Federal Contract Tower,4,4,4,0,12,0,5,46,0,51,4,9,50,0,63,36,0,36,99
05/26/2015,LWS,ID,ANM,WE,Federal Contract Tower,4,4,4,4,16,0,2,21,0,23,4,6,25,4,39,14,0,14,53
05/27/2015,LWS,ID,ANM,WE,Federal Contract Tower,4,3,4,0,11,0,3,62,0,65,4,6,66,0,76,60,0,60,136
05/28/2015,LWS,ID,ANM,WE,Federal Contract Tower,4,6,6,1,17,0,7,34,1,42,4,13,40,2,59,36,2,38,97
05/29/2015,LWS,ID,ANM,WE,Federal Contract Tower,4,5,2,3,14,0,4,35,3,42,4,9,37,6,56,34,0,34,90
05/30/2015,LWS,ID,ANM,WE,Federal Contract Tower,2,1,2,0,5,0,4,42,0,46,2,5,44,0,51,20,0,20,71
05/31/2015,LWS,ID,ANM,WE,Federal Contract Tower,4,2,4,0,10,0,0,19,0,19,4,2,23,0,29,20,0,20,49
06/01/2015,LWS,ID,ANM,WE,Federal Contract Tower,2,6,1,0,9,0,2,16,0,18,2,8,17,0,27,0,0,0,27
06/02/2015,LWS,ID,ANM,WE,Federal Contract Tower,3,7,3,0,13,0,3,33,0,36,3,10,36,0,49,44,0,44,93
06/03/2015,LWS,ID,ANM,WE,Federal Contract Tower,4,5,7,4,20,0,5,9,6,20,4,10,16,10,40,96,10,106,146
06/04/2015,LWS,ID,ANM,WE,Federal Contract Tower,4,6,2,0,12,0,3,94,0,97,4,9,96,0,109,98,0,98,207
06/05/2015,LWS,ID,ANM,WE,Federal Contract Tower,4,8,2,1,15,0,9,49,1,59,4,17,51,2,74,38,0,38,112
06/06/2015,LWS,ID,ANM,WE,Federal Contract Tower,2,2,1,0,5,0,5,137,0,142,2,7,138,0,147,118,0,118,265
06/07/2015,LWS,ID,ANM,WE,Federal Contract Tower,4,3,0,0,7,0,1,60,0,61,4,4,60,0,68,22,0,22,90
06/08/2015,LWS,ID,ANM,WE,Federal Contract Tower,4,6,4,0,14,0,5,103,0,108,4,11,107,0,122,160,0,160,282
06/09/2015,LWS,ID,ANM,WE,Federal Contract Tower,4,5,2,0,11,0,3,44,0,47,4,8,46,0,58,50,0,50,108
06/10/2015,LWS,ID,ANM,WE,Federal Contract Tower,4,6,4,0,14,0,4,80,0,84,4,10,84,0,98,88,0,88,186
06/11/2015,LWS,ID,ANM,WE,Federal Contract Tower,4,8,4,0,16,0,8,92,0,100,4,16,96,0,116,32,0,32,148
06/12/2015,LWS,ID,ANM,WE,Federal Contract Tower,4,6,5,0,15,0,14,31,0,45,4,20,36,0,60,42,0,42,102
06/13/2015,LWS,ID,ANM,WE,Federal Contract Tower,4,2,5,0,11,0,5,43,0,48,4,7,48,0,59,32,0,32,91
06/14/2015,LWS,ID,ANM,WE,Federal Contract Tower,4,2,0,0,6,0,1,27,0,28,4,3,27,0,34,6,0,6,40
06/15/2015,LWS,ID,ANM,WE,Federal Contract Tower,6,5,5,0,16,0,2,41,2,45,6,7,46,2,61,6,0,6,67
06/16/2015,LWS,ID,ANM,WE,Federal Contract Tower,4,6,3,0,13,0,4,53,0,57,4,10,56,0,70,20,0,20,90
06/17/2015,LWS,ID,ANM,WE,Federal Contract Tower,4,8,5,0,17,0,10,124,0,134,4,18,129,0,151,42,0,42,193
06/18/2015,LWS,ID,ANM,WE,Federal Contract Tower,6,6,11,0,23,0,8,88,0,96,6,14,99,0,119,70,0,70,189
06/19/2015,LWS,ID,ANM,WE,Federal Contract Tower,4,10,1,0,15,0,4,26,0,30,4,14,27,0,45,14,0,14,59
06/20/2015,LWS,ID,ANM,WE,Federal Contract Tower,4,4,1,1,10,0,7,50,0,57,4,11,51,1,67,28,0,28,95
06/21/2015,LWS,ID,ANM,WE,Federal Contract Tower,4,0,2,0,6,0,2,40,0,42,4,2,42,0,48,14,0,14,62
06/22/2015,LWS,ID,ANM,WE,Federal Contract Tower,4,5,1,1,11,0,5,39,0,44,4,10,40,1,55,32,0,32,87
06/23/2015,LWS,ID,ANM,WE,Federal Contract Tower,4,8,12,0,24,0,2,44,0,46,4,10,56,0,70,30,0,30,100
06/24/2015,LWS,ID,ANM,WE,Federal Contract Tower,4,7,6,0,17,0,6,32,0,38,4,13,38,0,55,40,0,40,95
06/25/2015,LWS,ID,ANM,WE,Federal Contract Tower,4,5,4,0,13,0,11,70,0,81,4,16,74,0,94,32,0,32,126
06/26/2015,LWS,ID,ANM,WE,Federal Contract Tower,4,12,3,0,19,0,2,63,0,65,4,14,66,0,84,68,0,68,152
06/27/2015,LWS,ID,ANM,WE,Federal Contract Tower,4,3,3,0,10,0,3,30,0,33,4,6,33,0,43,12,0,12,55
06/28/2015,LWS,ID,ANM,WE,Federal Contract Tower,4,2,2,0,8,0,2,19,0,21,4,4,21,0,29,8,0,8,37
06/29/2015,LWS,ID,ANM,WE,Federal Contract Tower,4,7,3,0,14,0,4,27,0,31,4,11,30,0,45,14,0,14,59
06/30/2015,LWS,ID,ANM,WE,Federal Contract Tower,4,13,6,0,23,0,5,18,0,23,4,18,24,0,46,4,0,4,50
07/01/2015,LWS,ID,ANM,WE,Federal Contract Tower,5,7,3,2,17,0,10,115,0,125,5,17,118,2,142,0,0,0,142
07/02/2015,LWS,ID,ANM,WE,Federal Contract Tower,4,6,5,0,15,0,5,58,0,63,4,11,63,0,78,30,0,30,108
07/03/2015,LWS,ID,ANM,WE,Federal Contract Tower,4,11,3,0,18,0,14,34,0,48,4,25,37,0,66,12,0,12,78
07/04/2015,LWS,ID,ANM,WE,Federal Contract Tower,3,4,0,0,7,0,10,44,0,54,3,14,44,0,61,0,0,0,61
07/05/2015,LWS,ID,ANM,WE,Federal Contract Tower,4,6,0,0,10,0,0,24,0,24,4,6,24,0,34,0,0,0,34
07/06/2015,LWS,ID,ANM,WE,Federal Contract Tower,4,4,8,0,16,0,5,43,0,48,4,9,51,0,64,8,0,8,72
07/07/2015,LWS,ID,ANM,WE,Federal Contract Tower,4,6,3,0,13,0,2,66,0,68,4,8,69,0,81,52,0,52,133
07/08/2015,LWS,ID,ANM,WE,Federal Contract Tower,4,7,3,0,14,0,12,93,7,112,4,19,96,7,126,8,0,8,134
07/09/2015,LWS,ID,ANM,WE,Federal Contract Tower,4,6,11,0,21,0,4,33,0,37,4,10,44,0,58,32,0,32,90
07/10/2015,LWS,ID,ANM,WE,Federal Contract Tower,4,5,4,0,13,0,4,30,3,37,4,9,34,3,50,88,0,88,138
07/11/2015,LWS,ID,ANM,WE,Federal Contract Tower,4,3,4,0,11,0,1,18,1,20,4,4,22,1,31,36,0,36,67
07/12/2015,LWS,ID,ANM,WE,Federal Contract Tower,4,3,1,0,8,0,6,31,0,37,4,9,32,0,45,52,0,52,97
07/13/2015,LWS,ID,ANM,WE,Federal Contract Tower,4,6,9,0,19,0,8,31,0,39,4,14,40,0,58,56,0,56,114
07/14/2015,LWS,ID,ANM,WE,Federal Contract Tower,4,13,9,0,26,0,6,40,0,46,4,19,49,0,72,26,0,26,98
07/15/2015,LWS,ID,ANM,WE,Federal Contract Tower,4,8,8,0,20,0,7,61,0,68,4,15,69,0,88,50,0,50,138
07/16/2015,LWS,ID,ANM,WE,Federal Contract Tower,4,5,8,2,19,0,4,133,0,137,4,9,141,2,156,82,0,82,238
07/17/2015,LWS,ID,ANM,WE,Federal Contract Tower,4,16,8,3,31,0,18,90,1,109,4,34,98,4,140,10,12,22,162
07/18/2015,LWS,ID,ANM,WE,Federal Contract Tower,4,2,0,0,6,0,6,82,0,88,4,8,82,0,94,28,0,28,122
07/19/2015,LWS,ID,ANM,WE,Federal Contract Tower,4,2,2,0,8,0,6,37,0,43,4,8,39,0,51,30,0,30,81
07/20/2015,LWS,ID,ANM,WE,Federal Contract Tower,4,4,7,2,17,0,4,23,0,27,4,8,30,2,44,0,6,6,50
07/21/2015,LWS,ID,ANM,WE,Federal Contract Tower,4,5,3,0,12,0,4,35,0,39,4,9,38,0,51,50,0,50,101
07/22/2015,LWS,ID,ANM,WE,Federal Contract Tower,4,5,8,4,21,0,12,75,6,93,4,17,83,10,114,156,0,156,270
07/23/2015,LWS,ID,ANM,WE,Federal Contract Tower,4,5,2,2,13,0,5,47,0,52,4,10,49,2,65,104,8,112,177
07/24/2015,LWS,ID,ANM,WE,Federal Contract Tower,6,6,3,0,15,0,4,54,0,58,6,10,57,0,73,14,0,14,87
07/25/2015,LWS,ID,ANM,WE,Federal Contract Tower,4,2,3,0,9,0,0,7,0,7,4,2,10,0,16,28,0,28,44
07/26/2015,LWS,ID,ANM,WE,Federal Contract Tower,4,3,1,0,8,0,4,32,0,36,4,7,33,0,44,10,0,10,54
07/27/2015,LWS,ID,ANM,WE,Federal Contract Tower,4,6,4,0,14,0,4,37,0,41,4,10,41,0,55,18,0,18,73
07/28/2015,LWS,ID,ANM,WE,Federal Contract Tower,4,6,4,0,14,0,7,58,0,65,4,13,62,0,79,68,0,68,147
07/29/2015,LWS,ID,ANM,WE,Federal Contract Tower,4,7,5,0,16,0,4,26,0,30,4,11,31,0,46,8,0,8,54
07/30/2015,LWS,ID,ANM,WE,Federal Contract Tower,4,6,1,0,11,0,3,39,0,42,4,9,40,0,53,20,0,20,73
07/31/2015,LWS,ID,ANM,WE,Federal Contract Tower,4,5,3,0,12,0,5,32,0,37,4,10,35,0,49,18,0,18,67
08/01/2015,LWS,ID,ANM,WE,Federal Contract Tower,4,4,1,0,9,0,2,60,0,62,4,6,61,0,71,76,0,76,147
08/02/2015,LWS,ID,ANM,WE,Federal Contract Tower,4,2,6,0,12,0,0,39,0,39,4,2,45,0,51,0,0,0,51
08/03/2015,LWS,ID,ANM,WE,Federal Contract Tower,4,5,7,0,16,0,2,64,0,66,4,7,71,0,82,0,0,0,82
08/04/2015,LWS,ID,ANM,WE,Federal Contract Tower,4,5,4,0,13,0,5,42,0,47,4,10,46,0,60,12,0,12,72
08/05/2015,LWS,ID,ANM,WE,Federal Contract Tower,4,6,4,2,16,0,11,40,0,51,4,17,44,2,67,64,4,68,135
08/06/2015,LWS,ID,ANM,WE,Federal Contract Tower,4,5,5,2,16,0,6,57,0,63,4,11,62,2,79,8,0,8,87
08/07/2015,LWS,ID,ANM,WE,Federal Contract Tower,4,8,5,0,17,0,13,91,0,104,4,21,96,0,121,80,0,80,201
08/08/2015,LWS,ID,ANM,WE,Federal Contract Tower,4,4,1,0,9,0,2,71,0,73,4,6,72,0,82,4,0,4,86
08/09/2015,LWS,ID,ANM,WE,Federal Contract Tower,4,2,0,0,6,0,0,53,0,53,4,2,53,0,59,4,0,4,63
08/10/2015,LWS,ID,ANM,WE,Federal Contract Tower,4,5,4,0,13,0,1,49,0,50,4,6,53,0,63,18,0,18,81
08/11/2015,LWS,ID,ANM,WE,Federal Contract Tower,4,6,5,0,15,0,3,30,0,33,4,9,35,0,48,32,0,32,80
08/12/2015,LWS,ID,ANM,WE,Federal Contract Tower,4,5,4,0,13,0,11,53,0,64,4,16,57,0,77,2,0,2,79
08/13/2015,LWS,ID,ANM,WE,Federal Contract Tower,4,9,11,0,24,0,8,46,1,55,4,17,57,1,79,32,0,32,111
08/14/2015,LWS,ID,ANM,WE,Federal Contract Tower,2,5,2,0,9,0,7,40,0,47,2,12,42,0,56,24,0,24,80
08/15/2015,LWS,ID,ANM,WE,Federal Contract Tower,4,4,3,0,11,0,0,62,1,63,4,4,65,1,74,36,0,36,110
08/16/2015,LWS,ID,ANM,WE,Federal Contract Tower,4,2,2,0,8,0,7,69,5,81,4,9,71,5,89,22,2,24,113
08/17/2015,LWS,ID,ANM,WE,Federal Contract Tower,5,5,5,0,15,0,4,42,2,48,5,9,47,2,63,12,0,12,75
08/18/2015,LWS,ID,ANM,WE,Federal Contract Tower,6,6,3,2,17,0,1,15,2,18,6,7,18,4,35,24,8,32,67
08/19/2015,LWS,ID,ANM,WE,Federal Contract Tower,7,10,6,0,23,0,7,50,2,59,7,17,56,2,82,44,0,44,126
08/20/2015,LWS,ID,ANM,WE,Federal Contract Tower,6,10,2,0,18,0,10,49,6,65,6,20,51,6,83,30,0,30,113
08/21/2015,LWS,ID,ANM,WE,Federal Contract Tower,10,14,11,0,35,0,3,21,0,24,10,17,32,0,59,16,0,16,75
08/22/2015,LWS,ID,ANM,WE,Federal Contract Tower,4,3,3,2,12,0,0,24,2,26,4,3,27,4,38,52,0,52,90
08/23/2015,LWS,ID,ANM,WE,Federal Contract Tower,5,3,14,0,22,0,0,0,0,0,5,3,14,0,22,0,0,0,22
08/24/2015,LWS,ID,ANM,WE,Federal Contract Tower,7,6,9,2,24,0,1,18,0,19,7,7,27,2,43,10,0,10,53
08/25/2015,LWS,ID,ANM,WE,Federal Contract Tower,5,10,6,0,21,2,0,12,0,14,7,10,18,0,35,0,0,0,35
08/26/2015,LWS,ID,ANM,WE,Federal Contract Tower,11,19,13,0,43,0,0,7,1,8,11,19,20,1,51,20,0,20,71
08/27/2015,LWS,ID,ANM,WE,Federal Contract Tower,5,13,4,1,23,0,7,19,3,29,5,20,23,4,52,2,0,2,54
08/28/2015,LWS,ID,ANM,WE,Federal Contract Tower,5,10,7,0,22,0,4,27,1,32,5,14,34,1,54,44,0,44,98
08/29/2015,LWS,ID,ANM,WE,Federal Contract Tower,5,2,1,0,8,0,0,3,0,3,5,2,4,0,11,0,0,0,11
08/30/2015,LWS,ID,ANM,WE,Federal Contract Tower,4,5,4,1,14,0,0,11,1,12,4,5,15,2,26,0,0,0,26
08/31/2015,LWS,ID,ANM,WE,Federal Contract Tower,5,5,7,0,17,0,8,60,2,70,5,13,67,2,87,42,0,42,129
09/01/2015,LWS,ID,ANM,WE,Federal Contract Tower,7,3,6,0,16,0,9,79,0,88,7,12,85,0,104,54,0,54,158
09/02/2015,LWS,ID,ANM,WE,Federal Contract Tower,8,6,5,0,19,0,5,30,0,35,8,11,35,0,54,36,0,36,90
09/03/2015,LWS,ID,ANM,WE,Federal Contract Tower,7,9,8,0,24,0,8,34,0,42,7,17,42,0,66,42,0,42,108
09/04/2015,LWS,ID,ANM,WE,Federal Contract Tower,5,8,3,0,16,0,6,39,0,45,5,14,42,0,61,38,0,38,99
09/05/2015,LWS,ID,ANM,WE,Federal Contract Tower,6,4,3,0,13,0,0,10,0,10,6,4,13,0,23,0,0,0,23
09/06/2015,LWS,ID,ANM,WE,Federal Contract Tower,4,3,3,0,10,0,10,36,0,46,4,13,39,0,56,42,0,42,98
09/07/2015,LWS,ID,ANM,WE,Federal Contract Tower,5,2,3,0,10,0,2,35,0,37,5,4,38,0,47,2,0,2,49
09/08/2015,LWS,ID,ANM,WE,Federal Contract Tower,7,4,4,0,15,0,4,45,2,51,7,8,49,2,66,30,0,30,96
09/09/2015,LWS,ID,ANM,WE,Federal Contract Tower,5,4,6,0,15,0,9,74,0,83,5,13,80,0,98,28,0,28,126
09/10/2015,LWS,ID,ANM,WE,Federal Contract Tower,5,8,5,0,18,0,11,68,0,79,5,19,73,0,97,62,0,62,159
09/11/2015,LWS,ID,ANM,WE,Federal Contract Tower,5,8,8,0,21,0,7,36,0,43,5,15,44,0,64,32,0,32,96
09/12/2015,LWS,ID,ANM,WE,Federal Contract Tower,3,1,1,0,5,0,2,27,0,29,3,3,28,0,34,34,0,34,68
09/13/2015,LWS,ID,ANM,WE,Federal Contract Tower,5,2,6,0,13,0,3,69,0,72,5,5,75,0,85,10,0,10,95
09/14/2015,LWS,ID,ANM,WE,Federal Contract Tower,5,7,6,0,18,0,6,37,0,43,5,13,43,0,61,2,0,2,63
09/15/2015,LWS,ID,ANM,WE,Federal Contract Tower,5,8,4,0,17,0,4,23,0,27,5,12,27,0,44,2,0,2,46
09/16/2015,LWS,ID,ANM,WE,Federal Contract Tower,5,7,6,0,18,0,1,26,0,27,5,8,32,0,45,46,0,46,91
09/17/2015,LWS,ID,ANM,WE,Federal Contract Tower,5,9,5,0,19,0,4,14,0,18,5,13,19,0,37,0,0,0,37
09/18/2015,LWS,ID,ANM,WE,Federal Contract Tower,5,9,5,0,19,0,4,14,0,18,5,13,19,0,37,0,0,0,37
09/19/2015,LWS,ID,ANM,WE,Federal Contract Tower,4,1,3,0,8,0,4,52,0,56,4,5,55,0,64,30,0,30,94
09/20/2015,LWS,ID,ANM,WE,Federal Contract Tower,5,5,0,0,10,0,6,46,0,52,5,11,46,0,62,24,0,24,86
09/21/2015,LWS,ID,ANM,WE,Federal Contract Tower,5,6,8,0,19,0,2,24,0,26,5,8,32,0,45,0,0,0,45
09/22/2015,LWS,ID,ANM,WE,Federal Contract Tower,5,6,0,0,11,0,10,46,0,56,5,16,46,0,67,38,0,38,105
09/23/2015,LWS,ID,ANM,WE,Federal Contract Tower,5,8,11,6,30,0,5,70,2,77,5,13,81,8,107,66,8,74,181
09/24/2015,LWS,ID,ANM,WE,Federal Contract Tower,6,5,4,1,16,0,2,31,1,34,6,7,35,2,50,64,0,64,114
09/25/2015,LWS,ID,ANM,WE,Federal Contract Tower,6,8,2,0,16,0,3,31,0,34,6,11,33,0,50,54,0,54,104
09/26/2015,LWS,ID,ANM,WE,Federal Contract Tower,3,1,1,0,5,0,7,35,0,42,3,8,36,0,47,46,0,46,93
09/27/2015,LWS,ID,ANM,WE,Federal Contract Tower,5,2,4,0,11,0,0,56,0,56,5,2,60,0,67,18,0,18,85
09/28/2015,LWS,ID,ANM,WE,Federal Contract Tower,5,6,2,0,13,0,2,70,0,72,5,8,72,0,85,10,0,10,95
09/29/2015,LWS,ID,ANM,WE,Federal Contract Tower,5,6,2,0,13,0,2,39,0,41,5,8,41,0,54,18,0,18,72
09/30/2015,LWS,ID,ANM,WE,Federal Contract Tower,5,7,1,0,13,0,6,54,0,60,5,13,55,0,73,10,0,10,83
10/01/2015,LWS,ID,ANM,WE,Federal Contract Tower,5,5,4,0,14,0,10,62,0,72,5,15,66,0,86,74,0,74,160
10/02/2015,LWS,ID,ANM,WE,Federal Contract Tower,5,7,8,0,20,0,7,42,0,49,5,14,50,0,69,24,0,24,93
10/03/2015,LWS,ID,ANM,WE,Federal Contract Tower,3,2,5,0,10,0,0,40,0,40,3,2,45,0,50,24,0,24,74
10/04/2015,LWS,ID,ANM,WE,Federal Contract Tower,6,2,4,0,12,0,3,40,0,43,6,5,44,0,55,26,0,26,81
10/05/2015,LWS,ID,ANM,WE,Federal Contract Tower,5,5,5,2,17,0,7,35,0,42,5,12,40,2,59,22,6,28,87
10/06/2015,LWS,ID,ANM,WE,Federal Contract Tower,5,8,6,1,20,0,7,57,1,65,5,15,63,2,85,50,0,50,135
10/07/2015,LWS,ID,ANM,WE,Federal Contract Tower,5,4,8,0,17,0,6,34,0,40,5,10,42,0,57,32,0,32,89
10/08/2015,LWS,ID,ANM,WE,Federal Contract Tower,5,10,9,0,24,0,2,28,0,30,5,12,37,0,54,20,0,20,74
10/09/2015,LWS,ID,ANM,WE,Federal Contract Tower,5,5,4,0,14,0,2,46,0,48,5,7,50,0,62,60,0,60,122
10/10/2015,LWS,ID,ANM,WE,Federal Contract Tower,4,1,3,0,8,0,1,31,0,32,4,2,34,0,40,18,0,18,58
10/11/2015,LWS,ID,ANM,WE,Federal Contract Tower,5,3,4,0,12,0,1,24,0,25,5,4,28,0,37,0,0,0,37
10/12/2015,LWS,ID,ANM,WE,Federal Contract Tower,5,3,2,0,10,0,12,51,0,63,5,15,53,0,73,30,0,30,103
10/13/2015,LWS,ID,ANM,WE,Federal Contract Tower,5,7,4,0,16,0,5,40,0,45,5,12,44,0,61,42,0,42,103
10/14/2015,LWS,ID,ANM,WE,Federal Contract Tower,5,8,7,0,20,0,3,46,4,53,5,11,53,4,73,54,0,54,127
10/15/2015,LWS,ID,ANM,WE,Federal Contract Tower,7,9,7,0,23,0,2,52,0,54,7,11,59,0,77,48,0,48,125
10/16/2015,LWS,ID,ANM,WE,Federal Contract Tower,5,6,3,0,14,0,6,31,0,37,5,12,34,0,51,28,0,28,79
10/17/2015,LWS,ID,ANM,WE,Federal Contract Tower,2,1,3,0,6,0,1,50,0,51,2,2,53,0,57,68,0,68,125
10/18/2015,LWS,ID,ANM,WE,Federal Contract Tower,5,4,9,0,18,0,0,14,0,14,5,4,23,0,32,20,0,20,52
10/19/2015,LWS,ID,ANM,WE,Federal Contract Tower,8,6,5,0,19,0,3,39,0,42,8,9,44,0,61,6,0,6,67
10/20/2015,LWS,ID,ANM,WE,Federal Contract Tower,5,6,16,0,27,0,8,47,0,55,5,14,63,0,82,12,0,12,94
10/21/2015,LWS,ID,ANM,WE,Federal Contract Tower,5,7,4,0,16,0,4,34,0,38,5,11,38,0,54,36,0,36,90
10/22/2015,LWS,ID,ANM,WE,Federal Contract Tower,5,18,5,0,28,0,3,28,0,31,5,21,33,0,59,10,0,10,69
10/23/2015,LWS,ID,ANM,WE,Federal Contract Tower,6,6,13,0,25,0,6,39,0,45,6,12,52,0,70,30,0,30,100
10/24/2015,LWS,ID,ANM,WE,Federal Contract Tower,4,1,0,0,5,0,1,38,0,39,4,2,38,0,44,118,0,118,162
10/25/2015,LWS,ID,ANM,WE,Federal Contract Tower,5,3,9,0,17,0,0,71,0,71,5,3,80,0,88,62,0,62,150
10/26/2015,LWS,ID,ANM,WE,Federal Contract Tower,5,4,4,0,13,0,7,22,0,29,5,11,26,0,42,24,0,24,66
10/27/2015,LWS,ID,ANM,WE,Federal Contract Tower,5,9,10,0,24,0,18,79,0,97,5,27,89,0,121,80,0,80,201
10/28/2015,LWS,ID,ANM,WE,Federal Contract Tower,5,8,7,0,20,0,10,63,0,73,5,18,70,0,93,122,0,122,215
10/29/2015,LWS,ID,ANM,WE,Federal Contract Tower,6,6,9,0,21,0,4,17,0,21,6,10,26,0,42,170,0,170,212
10/30/2015,LWS,ID,ANM,WE,Federal Contract Tower,8,8,5,0,21,0,4,13,0,17,8,12,18,0,38,80,0,80,118
10/31/2015,LWS,ID,ANM,WE,Federal Contract Tower,3,3,7,0,13,0,0,10,0,10,3,3,17,0,23,18,0,18,41
11/01/2015,LWS,ID,ANM,WE,Federal Contract Tower,5,3,3,0,11,0,0,6,0,6,5,3,9,0,17,12,0,12,29
11/02/2015,LWS,ID,ANM,WE,Federal Contract Tower,5,4,1,0,10,0,3,13,2,18,5,7,14,2,28,2,0,2,30
11/03/2015,LWS,ID,ANM,WE,Federal Contract Tower,5,8,4,0,17,0,4,38,0,42,5,12,42,0,59,60,0,60,119
11/04/2015,LWS,ID,ANM,WE,Federal Contract Tower,4,6,5,2,17,0,5,33,0,38,4,11,38,2,55,22,0,22,77
11/05/2015,LWS,ID,ANM,WE,Federal Contract Tower,5,6,17,0,28,0,3,9,0,12,5,9,26,0,40,10,0,10,50
11/06/2015,LWS,ID,ANM,WE,Federal Contract Tower,8,6,6,0,20,0,3,14,0,17,8,9,20,0,37,18,0,18,55
11/07/2015,LWS,ID,ANM,WE,Federal Contract Tower,7,2,1,0,10,0,3,17,0,20,7,5,18,0,30,6,0,6,36
11/08/2015,LWS,ID,ANM,WE,Federal Contract Tower,5,5,2,0,12,0,3,20,0,23,5,8,22,0,35,32,0,32,67
11/09/2015,LWS,ID,ANM,WE,Federal Contract Tower,5,4,1,0,10,0,2,6,0,8,5,6,7,0,18,0,0,0,18
11/10/2015,LWS,ID,ANM,WE,Federal Contract Tower,6,6,10,0,22,0,5,68,0,73,6,11,78,0,95,94,0,94,189
11/11/2015,LWS,ID,ANM,WE,Federal Contract Tower,5,9,4,0,18,0,7,16,0,23,5,16,20,0,41,0,0,0,41
11/12/2015,LWS,ID,ANM,WE,Federal Contract Tower,5,5,8,0,18,0,12,67,0,79,5,17,75,0,97,24,0,24,121
11/13/2015,LWS,ID,ANM,WE,Federal Contract Tower,6,8,2,0,16,0,3,1,0,4,6,11,3,0,20,0,0,0,20
11/14/2015,LWS,ID,ANM,WE,Federal Contract Tower,6,9,2,0,17,0,2,18,0,20,6,11,20,0,37,30,0,30,67
11/15/2015,LWS,ID,ANM,WE,Federal Contract Tower,4,3,4,0,11,0,0,12,0,12,4,3,16,0,23,6,0,6,29
11/16/2015,LWS,ID,ANM,WE,Federal Contract Tower,5,4,1,0,10,0,4,50,0,54,5,8,51,0,64,0,0,0,64
11/17/2015,LWS,ID,ANM,WE,Federal Contract Tower,3,6,4,0,13,0,2,0,0,2,3,8,4,0,15,0,0,0,15
11/18/2015,LWS,ID,ANM,WE,Federal Contract Tower,5,8,12,1,26,0,9,39,1,49,5,17,51,2,75,8,0,8,83
11/19/2015,LWS,ID,ANM,WE,Federal Contract Tower,5,8,11,0,24,0,0,7,0,7,5,8,18,0,31,16,0,16,47
11/20/2015,LWS,ID,ANM,WE,Federal Contract Tower,7,6,3,0,16,0,4,56,0,60,7,10,59,0,76,48,0,48,124
11/21/2015,LWS,ID,ANM,WE,Federal Contract Tower,5,1,4,0,10,0,1,40,0,41,5,2,44,0,51,86,0,86,137
11/22/2015,LWS,ID,ANM,WE,Federal Contract Tower,5,2,3,0,10,0,4,33,0,37,5,6,36,0,47,48,0,48,95
11/23/2015,LWS,ID,ANM,WE,Federal Contract Tower,5,5,5,0,15,0,2,43,0,45,5,7,48,0,60,30,0,30,90
11/24/2015,LWS,ID,ANM,WE,Federal Contract Tower,5,9,9,0,23,0,3,0,0,3,5,12,9,0,26,0,0,0,26
11/25/2015,LWS,ID,ANM,WE,Federal Contract Tower,5,7,6,0,18,0,1,17,0,18,5,8,23,0,36,22,0,22,58
11/26/2015,LWS,ID,ANM,WE,Federal Contract Tower,6,2,0,0,8,0,2,7,0,9,6,4,7,0,17,8,0,8,25
11/27/2015,LWS,ID,ANM,WE,Federal Contract Tower,8,6,4,0,18,0,8,25,0,33,8,14,29,0,51,6,0,6,57
11/28/2015,LWS,ID,ANM,WE,Federal Contract Tower,9,3,5,0,17,0,0,0,0,0,9,3,5,0,17,0,0,0,17
11/29/2015,LWS,ID,ANM,WE,Federal Contract Tower,8,6,3,0,17,0,2,4,0,6,8,8,7,0,23,0,0,0,23
11/30/2015,LWS,ID,ANM,WE,Federal Contract Tower,5,4,6,5,20,0,5,57,0,62,5,9,63,5,82,66,0,66,148
12/01/2015,LWS,ID,ANM,WE,Federal Contract Tower,5,6,3,0,14,0,5,62,0,67,5,11,65,0,81,92,0,92,173
12/02/2015,LWS,ID,ANM,WE,Federal Contract Tower,5,6,1,0,12,0,2,16,0,18,5,8,17,0,30,48,0,48,78
12/03/2015,LWS,ID,ANM,WE,Federal Contract Tower,5,5,6,0,16,0,3,16,0,19,5,8,22,0,35,48,0,48,83
12/04/2015,LWS,ID,ANM,WE,Federal Contract Tower,5,7,8,0,20,0,3,13,0,16,5,10,21,0,36,76,0,76,112
12/05/2015,LWS,ID,ANM,WE,Federal Contract Tower,4,3,0,0,7,0,9,28,0,37,4,12,28,0,44,128,0,128,172
12/06/2015,LWS,ID,ANM,WE,Federal Contract Tower,4,3,6,0,13,0,0,8,0,8,4,3,14,0,21,28,0,28,49
12/07/2015,LWS,ID,ANM,WE,Federal Contract Tower,5,9,4,0,18,0,3,93,0,96,5,12,97,0,114,140,0,140,254
12/08/2015,LWS,ID,ANM,WE,Federal Contract Tower,5,7,2,0,14,0,4,29,0,33,5,11,31,0,47,132,0,132,179
12/09/2015,LWS,ID,ANM,WE,Federal Contract Tower,5,6,5,0,16,0,2,21,0,23,5,8,26,0,39,92,0,92,131
12/10/2015,LWS,ID,ANM,WE,Federal Contract Tower,5,8,9,0,22,0,2,36,0,38,5,10,45,0,60,118,0,118,178
12/11/2015,LWS,ID,ANM,WE,Federal Contract Tower,4,5,2,0,11,0,6,35,0,41,4,11,37,0,52,122,0,122,174
12/12/2015,LWS,ID,ANM,WE,Federal Contract Tower,4,4,5,0,13,0,0,3,0,3,4,4,8,0,16,6,0,6,22
12/13/2015,LWS,ID,ANM,WE,Federal Contract Tower,5,5,5,0,15,0,0,2,0,2,5,5,7,0,17,0,0,0,17
12/14/2015,LWS,ID,ANM,WE,Federal Contract Tower,6,7,4,0,17,0,3,5,0,8,6,10,9,0,25,0,0,0,25
12/15/2015,LWS,ID,ANM,WE,Federal Contract Tower,4,4,9,6,23,0,8,48,2,58,4,12,57,8,81,58,0,58,139
12/16/2015,LWS,ID,ANM,WE,Federal Contract Tower,5,6,8,0,19,0,2,4,0,6,5,8,12,0,25,30,0,30,55
12/17/2015,LWS,ID,ANM,WE,Federal Contract Tower,4,7,7,2,20,0,5,10,0,15,4,12,17,2,35,12,10,22,57
12/18/2015,LWS,ID,ANM,WE,Federal Contract Tower,5,6,3,0,14,0,3,10,0,13,5,9,13,0,27,8,0,8,35
12/19/2015,LWS,ID,ANM,WE,Federal Contract Tower,5,6,5,0,16,0,0,1,0,1,5,6,6,0,17,8,0,8,25
12/20/2015,LWS,ID,ANM,WE,Federal Contract Tower,5,3,6,0,14,0,2,1,0,3,5,5,7,0,17,0,0,0,17
12/21/2015,LWS,ID,ANM,WE,Federal Contract Tower,5,6,3,0,14,0,0,1,0,1,5,6,4,0,15,0,0,0,15
12/22/2015,LWS,ID,ANM,WE,Federal Contract Tower,4,5,8,0,17,0,2,29,0,31,4,7,37,0,48,32,0,32,80
12/23/2015,LWS,ID,ANM,WE,Federal Contract Tower,5,10,2,0,17,0,2,9,0,11,5,12,11,0,28,10,0,10,38
12/24/2015,LWS,ID,ANM,WE,Federal Contract Tower,6,9,6,0,21,0,8,3,0,11,6,17,9,0,32,0,0,0,32
12/25/2015,LWS,ID,ANM,WE,Federal Contract Tower,4,3,1,0,8,0,0,2,0,2,4,3,3,0,10,0,0,0,10
12/26/2015,LWS,ID,ANM,WE,Federal Contract Tower,5,5,2,0,12,0,0,24,0,24,5,5,26,0,36,20,0,20,56
12/27/2015,LWS,ID,ANM,WE,Federal Contract Tower,7,2,5,0,14,0,1,7,0,8,7,3,12,0,22,6,0,6,28
12/28/2015,LWS,ID,ANM,WE,Federal Contract Tower,5,5,3,4,17,0,2,2,0,4,5,7,5,4,21,12,0,12,33
12/29/2015,LWS,ID,ANM,WE,Federal Contract Tower,5,11,5,0,21,0,0,0,0,0,5,11,5,0,21,0,0,0,21
12/30/2015,LWS,ID,ANM,WE,Federal Contract Tower,4,7,6,0,17,0,0,6,0,6,4,7,12,0,23,0,0,0,23
12/31/2015,LWS,ID,ANM,WE,Federal Contract Tower,5,6,4,0,15,0,3,6,0,9,5,9,10,0,24,2,0,2,26
01/01/2016,LWS,ID,ANM,WE,Federal Contract Tower,4,2,1,0,7,0,0,9,0,9,4,2,10,0,16,1,0,1,17
01/02/2016,LWS,ID,ANM,WE,Federal Contract Tower,5,8,11,0,24,0,0,29,0,29,5,8,40,0,53,34,0,34,87
01/03/2016,LWS,ID,ANM,WE,Federal Contract Tower,4,5,1,0,10,0,6,3,0,9,4,11,4,0,19,10,0,10,29
01/04/2016,LWS,ID,ANM,WE,Federal Contract Tower,4,5,2,0,11,0,6,19,0,25,4,11,21,0,36,16,0,16,52
01/05/2016,LWS,ID,ANM,WE,Federal Contract Tower,5,8,4,0,17,0,3,31,0,34,5,11,35,0,51,35,0,35,86
01/06/2016,LWS,ID,ANM,WE,Federal Contract Tower,4,10,4,0,18,0,9,27,0,36,4,19,31,0,54,12,0,12,66
01/07/2016,LWS,ID,ANM,WE,Federal Contract Tower,7,12,16,0,35,0,0,8,0,8,7,12,24,0,43,4,0,4,47
01/08/2016,LWS,ID,ANM,WE,Federal Contract Tower,5,8,3,0,16,0,0,2,0,2,5,8,5,0,18,0,0,0,18
01/09/2016,LWS,ID,ANM,WE,Federal Contract Tower,4,6,1,0,11,0,0,9,0,9,4,6,10,0,20,20,0,20,40
01/10/2016,LWS,ID,ANM,WE,Federal Contract Tower,5,2,8,0,15,0,0,2,0,2,5,2,10,0,17,0,0,0,17
01/11/2016,LWS,ID,ANM,WE,Federal Contract Tower,5,8,0,0,13,0,3,32,0,35,5,11,32,0,48,28,0,28,76
01/12/2016,LWS,ID,ANM,WE,Federal Contract Tower,5,6,10,0,21,0,10,25,0,35,5,16,35,0,56,30,0,30,86
01/13/2016,LWS,ID,ANM,WE,Federal Contract Tower,5,6,4,0,15,0,3,7,0,10,5,9,11,0,25,0,0,0,25
01/14/2016,LWS,ID,ANM,WE,Federal Contract Tower,4,5,7,0,16,0,2,34,0,36,4,7,41,0,52,44,0,44,96
01/15/2016,LWS,ID,ANM,WE,Federal Contract Tower,5,8,5,0,18,0,1,6,0,7,5,9,11,0,25,16,0,16,41
01/16/2016,LWS,ID,ANM,WE,Federal Contract Tower,4,6,1,0,11,0,0,0,0,0,4,6,1,0,11,0,0,0,11
01/17/2016,LWS,ID,ANM,WE,Federal Contract Tower,5,6,2,0,13,0,0,2,0,2,5,6,4,0,15,0,0,0,15
01/18/2016,LWS,ID,ANM,WE,Federal Contract Tower,5,5,3,0,13,0,2,24,0,26,5,7,27,0,39,14,0,14,53
01/19/2016,LWS,ID,ANM,WE,Federal Contract Tower,4,3,7,0,14,0,3,49,0,52,4,6,56,0,66,174,0,174,240
01/20/2016,LWS,ID,ANM,WE,Federal Contract Tower,5,1,1,0,7,0,10,16,0,26,5,11,17,0,33,78,0,78,111
01/21/2016,LWS,ID,ANM,WE,Federal Contract Tower,5,6,12,0,23,0,5,16,0,21,5,11,28,0,44,6,0,6,50
01/22/2016,LWS,ID,ANM,WE,Federal Contract Tower,6,7,5,0,18,0,2,15,0,17,6,9,20,0,35,26,0,26,61
01/23/2016,LWS,ID,ANM,WE,Federal Contract Tower,4,4,2,0,10,0,0,20,0,20,4,4,22,0,30,80,0,80,110
01/24/2016,LWS,ID,ANM,WE,Federal Contract Tower,5,2,1,0,8,0,4,22,0,26,5,6,23,0,34,70,0,70,104
01/25/2016,LWS,ID,ANM,WE,Federal Contract Tower,9,4,5,0,18,0,0,25,0,25,9,4,30,0,43,50,0,50,93
01/26/2016,LWS,ID,ANM,WE,Federal Contract Tower,5,4,2,0,11,0,6,22,0,28,5,10,24,0,39,4,0,4,43
01/27/2016,LWS,ID,ANM,WE,Federal Contract Tower,5,3,7,0,15,0,4,16,0,20,5,7,23,0,35,6,0,6,41
01/28/2016,LWS,ID,ANM,WE,Federal Contract Tower,7,3,8,0,18,0,3,7,0,10,7,6,15,0,28,0,0,0,28
01/29/2016,LWS,ID,ANM,WE,Federal Contract Tower,5,9,6,0,20,0,2,8,0,10,5,11,14,0,30,2,0,2,32
01/30/2016,LWS,ID,ANM,WE,Federal Contract Tower,6,4,2,0,12,0,0,44,0,44,6,4,46,0,56,138,0,138,194
01/31/2016,LWS,ID,ANM,WE,Federal Contract Tower,5,3,8,0,16,0,0,43,0,43,5,3,51,0,59,52,0,52,111
02/01/2016,LWS,ID,ANM,WE,Federal Contract Tower,5,8,6,0,19,0,2,8,0,10,5,10,14,0,29,10,0,10,39
02/02/2016,LWS,ID,ANM,WE,Federal Contract Tower,6,11,6,8,31,0,6,18,0,24,6,17,24,8,55,12,16,28,83
02/03/2016,LWS,ID,ANM,WE,Federal Contract Tower,5,8,4,0,17,0,5,37,0,42,5,13,41,0,59,54,0,54,113
02/04/2016,LWS,ID,ANM,WE,Federal Contract Tower,5,8,13,0,26,0,5,14,0,19,5,13,27,0,45,10,6,16,61
02/05/2016,LWS,ID,ANM,WE,Federal Contract Tower,5,5,7,0,17,0,4,16,0,20,5,9,23,0,37,12,0,12,49
02/06/2016,LWS,ID,ANM,WE,Federal Contract Tower,6,3,3,0,12,0,0,24,0,24,6,3,27,0,36,22,0,22,58
02/07/2016,LWS,ID,ANM,WE,Federal Contract Tower,5,2,1,0,8,0,3,29,0,32,5,5,30,0,40,74,0,74,114
02/08/2016,LWS,ID,ANM,WE,Federal Contract Tower,4,5,0,0,9,0,3,35,0,38,4,8,35,0,47,36,0,36,83
02/09/2016,LWS,ID,ANM,WE,Federal Contract Tower,4,5,3,0,12,0,4,28,0,32,4,9,31,0,44,16,0,16,60
02/10/2016,LWS,ID,ANM,WE,Federal Contract Tower,5,6,7,0,18,0,1,41,0,42,5,7,48,0,60,14,0,14,74
02/11/2016,LWS,ID,ANM,WE,Federal Contract Tower,5,5,4,0,14,0,6,25,0,31,5,11,29,0,45,24,0,24,69
02/12/2016,LWS,ID,ANM,WE,Federal Contract Tower,5,8,5,0,18,0,6,26,0,32,5,14,31,0,50,24,0,24,74
02/13/2016,LWS,ID,ANM,WE,Federal Contract Tower,5,3,2,0,10,0,3,30,0,33,5,6,32,0,43,72,0,72,115
02/14/2016,LWS,ID,ANM,WE,Federal Contract Tower,7,0,3,0,10,0,2,3,0,5,7,2,6,0,15,0,0,0,15
02/15/2016,LWS,ID,ANM,WE,Federal Contract Tower,5,9,4,0,18,0,0,14,0,14,5,9,18,0,32,44,0,44,76
02/16/2016,LWS,ID,ANM,WE,Federal Contract Tower,5,6,2,0,13,0,5,38,0,43,5,11,40,0,56,12,0,12,68
02/17/2016,LWS,ID,ANM,WE,Federal Contract Tower,7,6,2,0,15,0,4,36,0,40,7,10,38,0,55,22,0,22,77
02/18/2016,LWS,ID,ANM,WE,Federal Contract Tower,7,9,7,0,23,0,4,20,0,24,7,13,27,0,47,12,0,12,59
02/19/2016,LWS,ID,ANM,WE,Federal Contract Tower,4,9,5,0,18,0,6,23,0,29,4,15,28,0,47,30,0,30,77
02/20/2016,LWS,ID,ANM,WE,Federal Contract Tower,4,3,0,0,7,0,3,45,0,48,4,6,45,0,55,30,0,30,85
02/21/2016,LWS,ID,ANM,WE,Federal Contract Tower,5,3,2,0,10,0,2,27,0,29,5,5,29,0,39,32,0,32,71
02/22/2016,LWS,ID,ANM,WE,Federal Contract Tower,5,6,5,0,16,0,2,29,0,31,5,8,34,0,47,18,0,18,65
02/23/2016,LWS,ID,ANM,WE,Federal Contract Tower,4,7,4,2,17,0,7,36,0,43,4,14,40,2,60,42,6,48,108
02/24/2016,LWS,ID,ANM,WE,Federal Contract Tower,4,9,9,0,22,0,6,43,0,49,4,15,52,0,71,22,0,22,93
02/25/2016,LWS,ID,ANM,WE,Federal Contract Tower,5,4,13,0,22,0,4,93,0,97,5,8,106,0,119,50,0,50,169
02/26/2016,LWS,ID,ANM,WE,Federal Contract Tower,5,7,7,0,19,0,5,73,0,78,5,12,80,0,97,44,0,44,141
02/27/2016,LWS,ID,ANM,WE,Federal Contract Tower,5,4,2,0,11,0,3,18,0,21,5,7,20,0,32,60,0,60,92
02/28/2016,LWS,ID,ANM,WE,Federal Contract Tower,5,3,3,0,11,0,4,20,0,24,5,7,23,0,35,6,0,6,41
02/29/2016,LWS,ID,ANM,WE,Federal Contract Tower,7,5,4,0,16,0,3,27,0,30,7,8,31,0,46,22,0,22,68
03/01/2016,LWS,ID,ANM,WE,Federal Contract Tower,5,5,3,0,13,0,4,16,0,20,5,9,19,0,33,20,0,20,53
03/02/2016,LWS,ID,ANM,WE,Federal Contract Tower,5,6,5,0,16,0,9,35,0,44,5,15,40,0,60,50,0,50,110
03/03/2016,LWS,ID,ANM,WE,Federal Contract Tower,7,6,8,0,21,0,1,21,0,22,7,7,29,0,43,50,0,50,93
03/04/2016,LWS,ID,ANM,WE,Federal Contract Tower,5,7,2,0,14,0,2,39,0,41,5,9,41,0,55,86,0,86,141
03/05/2016,LWS,ID,ANM,WE,Federal Contract Tower,5,4,0,0,9,0,1,16,0,17,5,5,16,0,26,32,0,32,58
03/06/2016,LWS,ID,ANM,WE,Federal Contract Tower,5,2,0,0,7,0,1,2,0,3,5,3,2,0,10,0,0,0,10
03/07/2016,LWS,ID,ANM,WE,Federal Contract Tower,4,4,2,0,10,0,4,17,0,21,4,8,19,0,31,10,0,10,41
03/08/2016,LWS,ID,ANM,WE,Federal Contract Tower,4,8,9,0,21,0,5,42,0,47,4,13,51,0,68,40,0,40,108
03/09/2016,LWS,ID,ANM,WE,Federal Contract Tower,5,7,10,0,22,0,4,31,1,36,5,11,41,1,58,14,0,14,72
03/10/2016,LWS,ID,ANM,WE,Federal Contract Tower,5,7,7,1,20,0,1,12,0,13,5,8,19,1,33,6,0,6,39
03/11/2016,LWS,ID,ANM,WE,Federal Contract Tower,5,5,0,0,10,0,4,9,0,13,5,9,9,0,23,20,0,20,43
03/12/2016,LWS,ID,ANM,WE,Federal Contract Tower,5,4,2,0,11,0,1,12,0,13,5,5,14,0,24,20,0,20,44
03/13/2016,LWS,ID,ANM,WE,Federal Contract Tower,5,7,1,0,13,0,0,10,0,10,5,7,11,0,23,0,0,0,23
03/14/2016,LWS,ID,ANM,WE,Federal Contract Tower,5,5,7,0,17,0,3,6,0,9,5,8,13,0,26,0,0,0,26
03/15/2016,LWS,ID,ANM,WE,Federal Contract Tower,5,6,7,0,18,0,2,45,0,47,5,8,52,0,65,26,0,26,91
03/16/2016,LWS,ID,ANM,WE,Federal Contract Tower,5,8,6,0,19,0,12,30,0,42,5,20,36,0,61,38,0,38,99
03/17/2016,LWS,ID,ANM,WE,Federal Contract Tower,5,5,15,0,25,0,3,34,0,37,5,8,49,0,62,6,0,6,68
03/18/2016,LWS,ID,ANM,WE,Federal Contract Tower,5,7,5,0,17,0,1,50,0,51,5,8,55,0,68,50,0,50,118
03/19/2016,LWS,ID,ANM,WE,Federal Contract Tower,3,3,3,0,9,0,1,40,0,41,3,4,43,0,50,40,0,40,90
03/20/2016,LWS,ID,ANM,WE,Federal Contract Tower,5,4,3,0,12,0,2,27,0,29,5,6,30,0,41,66,0,66,107
03/21/2016,LWS,ID,ANM,WE,Federal Contract Tower,5,5,2,0,12,0,3,24,0,27,5,8,26,0,39,42,0,42,81
03/22/2016,LWS,ID,ANM,WE,Federal Contract Tower,5,8,4,0,17,0,3,3,0,6,5,11,7,0,23,6,0,6,29
03/23/2016,LWS,ID,ANM,WE,Federal Contract Tower,5,5,4,0,14,0,6,50,0,56,5,11,54,0,70,34,0,34,104
03/24/2016,LWS,ID,ANM,WE,Federal Contract Tower,5,4,11,0,20,0,7,17,0,24,5,11,28,0,44,0,0,0,44
03/25/2016,LWS,ID,ANM,WE,Federal Contract Tower,5,8,2,0,15,0,5,16,0,21,5,13,18,0,36,20,0,20,56
03/26/2016,LWS,ID,ANM,WE,Federal Contract Tower,3,3,0,0,6,0,1,49,0,50,3,4,49,0,56,52,0,52,108
03/27/2016,LWS,ID,ANM,WE,Federal Contract Tower,5,4,1,0,10,0,2,10,0,12,5,6,11,0,22,0,0,0,22
03/28/2016,LWS,ID,ANM,WE,Federal Contract Tower,3,6,0,0,9,0,3,23,2,28,3,9,23,2,37,14,0,14,51
03/29/2016,LWS,ID,ANM,WE,Federal Contract Tower,5,6,10,0,21,0,7,34,0,41,5,13,44,0,62,22,0,22,84
03/30/2016,LWS,ID,ANM,WE,Federal Contract Tower,5,5,4,0,14,0,9,62,0,71,5,14,66,0,85,56,0,56,141
03/31/2016,LWS,ID,ANM,WE,Federal Contract Tower,7,5,7,0,19,0,3,55,4,62,7,8,62,4,81,54,2,56,137
04/01/2016,LWS,ID,ANM,WE,Federal Contract Tower,5,5,8,0,18,0,4,70,0,74,5,9,78,0,92,86,0,86,178
04/02/2016,LWS,ID,ANM,WE,Federal Contract Tower,3,3,3,0,9,0,6,64,0,70,3,9,67,0,79,54,0,54,133
04/03/2016,LWS,ID,ANM,WE,Federal Contract Tower,5,2,2,0,9,0,4,43,0,47,5,6,45,0,56,78,0,78,134
04/04/2016,LWS,ID,ANM,WE,Federal Contract Tower,5,5,6,0,16,0,2,22,0,24,5,7,28,0,40,4,0,4,44
04/05/2016,LWS,ID,ANM,WE,Federal Contract Tower,4,6,6,0,16,0,5,35,0,40,4,11,41,0,56,40,0,40,96
04/06/2016,LWS,ID,ANM,WE,Federal Contract Tower,5,7,1,0,13,0,6,61,0,67,5,13,62,0,80,122,0,122,202
04/07/2016,LWS,ID,ANM,WE,Federal Contract Tower,5,5,8,0,18,0,3,49,0,52,5,8,57,0,70,100,0,100,170
04/08/2016,LWS,ID,ANM,WE,Federal Contract Tower,5,7,0,0,12,0,3,49,0,52,5,10,49,0,64,112,0,112,176
04/09/2016,LWS,ID,ANM,WE,Federal Contract Tower,3,3,1,0,7,0,2,31,0,33,3,5,32,0,40,32,0,32,72
04/10/2016,LWS,ID,ANM,WE,Federal Contract Tower,5,4,3,0,12,0,6,54,0,60,5,10,57,0,72,54,0,54,126
04/11/2016,LWS,ID,ANM,WE,Federal Contract Tower,5,5,2,0,12,0,2,48,0,50,5,7,50,0,62,22,0,22,84
04/12/2016,LWS,ID,ANM,WE,Federal Contract Tower,5,8,6,0,19,0,4,30,0,34,5,12,36,0,53,36,0,36,89
04/13/2016,LWS,ID,ANM,WE,Federal Contract Tower,5,7,1,0,13,0,7,42,0,49,5,14,43,0,62,42,0,42,104
04/14/2016,LWS,ID,ANM,WE,Federal Contract Tower,5,7,8,2,22,0,1,9,0,10,5,8,17,2,32,12,0,12,44
04/15/2016,LWS,ID,ANM,WE,Federal Contract Tower,5,11,1,0,17,0,3,17,0,20,5,14,18,0,37,44,0,44,81
04/16/2016,LWS,ID,ANM,WE,Federal Contract Tower,2,3,1,0,6,0,5,46,0,51,2,8,47,0,57,62,0,62,119
04/17/2016,LWS,ID,ANM,WE,Federal Contract Tower,5,3,2,0,10,0,3,25,0,28,5,6,27,0,38,6,0,6,44
04/18/2016,LWS,ID,ANM,WE,Federal Contract Tower,5,8,7,0,20,0,7,53,0,60,5,15,60,0,80,104,16,120,200
04/19/2016,LWS,ID,ANM,WE,Federal Contract Tower,5,9,3,0,17,0,6,53,0,59,5,15,56,0,76,60,0,60,136
04/20/2016,LWS,ID,ANM,WE,Federal Contract Tower,7,8,11,0,26,0,7,57,0,64,7,15,68,0,90,14,0,14,104
04/21/2016,LWS,ID,ANM,WE,Federal Contract Tower,5,5,6,0,16,0,0,0,0,0,5,5,6,0,16,52,0,52,68
04/22/2016,LWS,ID,ANM,WE,Federal Contract Tower,4,4,1,0,9,0,0,0,0,0,4,4,1,0,9,16,0,16,25
04/23/2016,LWS,ID,ANM,WE,Federal Contract Tower,4,2,0,0,6,0,0,0,0,0,4,2,0,0,6,0,0,0,6
04/24/2016,LWS,ID,ANM,WE,Federal Contract Tower,7,2,2,0,11,0,0,0,0,0,7,2,2,0,11,18,0,18,29
04/25/2016,LWS,ID,ANM,WE,Federal Contract Tower,5,6,7,2,20,0,6,38,4,48,5,12,45,6,68,22,14,36,104
04/26/2016,LWS,ID,ANM,WE,Federal Contract Tower,5,6,9,0,20,0,5,40,0,45,5,11,49,0,65,20,0,20,85
04/27/2016,LWS,ID,ANM,WE,Federal Contract Tower,7,8,13,0,28,0,6,59,0,65,7,14,72,0,93,48,0,48,141
04/28/2016,LWS,ID,ANM,WE,Federal Contract Tower,7,4,9,0,20,0,0,0,0,0,7,4,9,0,20,0,0,0,20
04/29/2016,LWS,ID,ANM,WE,Federal Contract Tower,4,10,11,0,25,0,1,1,0,2,4,11,12,0,27,0,0,0,27
04/30/2016,LWS,ID,ANM,WE,Federal Contract Tower,5,4,7,0,16,0,2,11,0,13,5,6,18,0,29,0,2,2,31
05/01/2016,LWS,ID,ANM,WE,Federal Contract Tower,4,3,2,0,9,0,2,17,0,19,4,5,19,0,28,2,0,2,30
05/02/2016,LWS,ID,ANM,WE,Federal Contract Tower,5,6,3,0,14,0,6,29,0,35,5,12,32,0,49,16,0,16,65
05/03/2016,LWS,ID,ANM,WE,Federal Contract Tower,5,7,20,0,32,0,13,79,2,94,5,20,99,2,126,34,0,34,160
05/04/2016,LWS,ID,ANM,WE,Federal Contract Tower,4,6,3,0,13,0,21,81,0,102,4,27,84,0,115,94,0,94,209
05/05/2016,LWS,ID,ANM,WE,Federal Contract Tower,5,6,5,0,16,0,0,0,0,0,5,6,5,0,16,42,0,42,58
05/06/2016,LWS,ID,ANM,WE,Federal Contract Tower,5,7,4,0,16,0,0,3,0,3,5,7,7,0,19,24,0,24,43
05/07/2016,LWS,ID,ANM,WE,Federal Contract Tower,3,1,2,0,6,0,2,90,0,92,3,3,92,0,98,0,0,0,98
05/08/2016,LWS,ID,ANM,WE,Federal Contract Tower,5,3,2,0,10,0,1,22,0,23,5,4,24,0,33,8,0,8,41
05/09/2016,LWS,ID,ANM,WE,Federal Contract Tower,5,5,3,0,13,0,0,0,0,0,5,5,3,0,13,0,0,0,13
05/10/2016,LWS,ID,ANM,WE,Federal Contract Tower,5,7,3,0,15,0,3,84,0,87,5,10,87,0,102,26,0,26,128
05/11/2016,LWS,ID,ANM,WE,Federal Contract Tower,5,7,1,0,13,0,8,73,0,81,5,15,74,0,94,18,0,18,112
05/12/2016,LWS,ID,ANM,WE,Federal Contract Tower,5,7,5,0,17,0,4,62,0,66,5,11,67,0,83,20,0,20,103
05/13/2016,LWS,ID,ANM,WE,Federal Contract Tower,5,8,3,0,16,0,2,50,0,52,5,10,53,0,68,72,0,72,140
05/14/2016,LWS,ID,ANM,WE,Federal Contract Tower,3,4,0,0,7,0,4,53,0,57,3,8,53,0,64,54,0,54,118
05/15/2016,LWS,ID,ANM,WE,Federal Contract Tower,5,2,5,0,12,0,0,1,0,1,5,2,6,0,13,0,0,0,13
05/16/2016,LWS,ID,ANM,WE,Federal Contract Tower,5,8,10,0,23,0,5,60,0,65,5,13,70,0,88,0,0,0,88
05/17/2016,LWS,ID,ANM,WE,Federal Contract Tower,5,5,8,0,18,0,9,122,0,131,5,14,130,0,149,60,0,60,209
05/18/2016,LWS,ID,ANM,WE,Federal Contract Tower,5,10,9,0,24,0,7,66,0,73,5,17,75,0,97,18,0,18,115
05/19/2016,LWS,ID,ANM,WE,Federal Contract Tower,5,6,10,0,21,0,6,44,0,50,5,12,54,0,71,16,0,16,87
05/20/2016,LWS,ID,ANM,WE,Federal Contract Tower,5,6,2,0,13,0,2,46,0,48,5,8,48,0,61,24,0,24,85
05/21/2016,LWS,ID,ANM,WE,Federal Contract Tower,3,5,6,0,14,0,0,25,0,25,3,5,31,0,39,46,0,46,85
05/22/2016,LWS,ID,ANM,WE,Federal Contract Tower,5,3,6,0,14,0,1,21,0,22,5,4,27,0,36,14,2,16,52
05/23/2016,LWS,ID,ANM,WE,Federal Contract Tower,5,6,6,12,29,0,7,76,16,99,5,13,82,28,128,14,0,14,142
05/24/2016,LWS,ID,ANM,WE,Federal Contract Tower,5,5,10,0,20,0,8,48,0,56,5,13,58,0,76,8,0,8,84
05/25/2016,LWS,ID,ANM,WE,Federal Contract Tower,4,6,5,0,15,0,11,88,0,99,4,17,93,0,114,28,0,28,142
05/26/2016,LWS,ID,ANM,WE,Federal Contract Tower,5,6,6,0,17,0,4,55,0,59,5,10,61,0,76,18,0,18,94
05/27/2016,LWS,ID,ANM,WE,Federal Contract Tower,4,7,10,0,21,0,7,33,0,40,4,14,43,0,61,4,0,4,65
05/28/2016,LWS,ID,ANM,WE,Federal Contract Tower,3,1,1,0,5,0,0,48,0,48,3,1,49,0,53,0,0,0,53
05/29/2016,LWS,ID,ANM,WE,Federal Contract Tower,3,1,0,0,4,0,2,24,0,26,3,3,24,0,30,0,0,0,30
05/30/2016,LWS,ID,ANM,WE,Federal Contract Tower,5,3,5,0,13,0,0,47,0,47,5,3,52,0,60,26,0,26,86
05/31/2016,LWS,ID,ANM,WE,Federal Contract Tower,5,5,5,0,15,0,20,86,0,106,5,25,91,0,121,34,0,34,155
06/01/2016,LWS,ID,ANM,WE,Federal Contract Tower,5,7,6,0,18,0,1,62,2,65,5,8,68,2,83,18,8,26,109
06/02/2016,LWS,ID,ANM,WE,Federal Contract Tower,5,6,2,0,13,0,6,51,0,57,5,12,53,0,70,6,0,6,76
06/03/2016,LWS,ID,ANM,WE,Federal Contract Tower,5,5,4,0,14,0,0,0,0,0,5,5,4,0,14,38,0,38,52
06/04/2016,LWS,ID,ANM,WE,Federal Contract Tower,3,3,3,0,9,4,63,0,0,67,7,66,3,0,76,26,0,26,102
06/05/2016,LWS,ID,ANM,WE,Federal Contract Tower,4,2,0,0,6,0,2,41,0,43,4,4,41,0,49,2,0,2,51
06/06/2016,LWS,ID,ANM,WE,Federal Contract Tower,5,6,6,0,17,0,0,0,0,0,5,6,6,0,17,42,0,42,59
06/07/2016,LWS,ID,ANM,WE,Federal Contract Tower,4,7,4,0,15,0,5,50,6,61,4,12,54,6,76,32,0,32,108
06/08/2016,LWS,ID,ANM,WE,Federal Contract Tower,5,6,10,0,21,0,7,33,0,40,5,13,43,0,61,0,0,0,61
06/09/2016,LWS,ID,ANM,WE,Federal Contract Tower,5,6,9,0,20,0,8,39,0,47,5,14,48,0,67,24,0,24,91
06/10/2016,LWS,ID,ANM,WE,Federal Contract Tower,7,5,4,0,16,0,8,16,0,24,7,13,20,0,40,38,0,38,78
06/11/2016,LWS,ID,ANM,WE,Federal Contract Tower,4,3,1,0,8,0,3,26,0,29,4,6,27,0,37,12,0,12,49
06/12/2016,LWS,ID,ANM,WE,Federal Contract Tower,4,2,1,0,7,0,0,37,0,37,4,2,38,0,44,16,0,16,60
06/13/2016,LWS,ID,ANM,WE,Federal Contract Tower,4,5,5,0,14,0,2,68,0,70,4,7,73,0,84,18,0,18,102
06/14/2016,LWS,ID,ANM,WE,Federal Contract Tower,5,7,2,0,14,0,1,48,0,49,5,8,50,0,63,16,0,16,79
06/15/2016,LWS,ID,ANM,WE,Federal Contract Tower,5,5,2,0,12,0,8,82,0,90,5,13,84,0,102,24,0,24,126
06/16/2016,LWS,ID,ANM,WE,Federal Contract Tower,5,4,8,0,17,0,2,20,0,22,5,6,28,0,39,12,0,12,51
06/17/2016,LWS,ID,ANM,WE,Federal Contract Tower,5,8,6,0,19,0,3,50,0,53,5,11,56,0,72,78,0,78,150
06/18/2016,LWS,ID,ANM,WE,Federal Contract Tower,4,3,4,0,11,0,0,27,0,27,4,3,31,0,38,8,0,8,46
06/19/2016,LWS,ID,ANM,WE,Federal Contract Tower,5,2,2,0,9,0,6,51,0,57,5,8,53,0,66,24,0,24,90
06/20/2016,LWS,ID,ANM,WE,Federal Contract Tower,5,5,0,0,10,0,8,58,0,66,5,13,58,0,76,10,0,10,86
06/21/2016,LWS,ID,ANM,WE,Federal Contract Tower,5,6,5,0,16,0,7,55,0,62,5,13,60,0,78,46,0,46,124
06/22/2016,LWS,ID,ANM,WE,Federal Contract Tower,5,8,3,0,16,0,13,58,0,71,5,21,61,0,87,46,0,46,133
06/23/2016,LWS,ID,ANM,WE,Federal Contract Tower,5,5,5,0,15,0,3,56,0,59,5,8,61,0,74,44,0,44,118
06/24/2016,LWS,ID,ANM,WE,Federal Contract Tower,5,8,7,0,20,0,4,16,0,20,5,12,23,0,40,0,0,0,40
06/25/2016,LWS,ID,ANM,WE,Federal Contract Tower,3,3,2,0,8,0,1,51,0,52,3,4,53,0,60,40,0,40,100
06/26/2016,LWS,ID,ANM,WE,Federal Contract Tower,5,2,2,0,9,0,1,61,0,62,5,3,63,0,71,2,0,2,73
06/27/2016,LWS,ID,ANM,WE,Federal Contract Tower,5,6,2,0,13,0,4,88,2,94,5,10,90,2,107,48,0,48,155
06/28/2016,LWS,ID,ANM,WE,Federal Contract Tower,5,7,3,0,15,0,12,60,0,72,5,19,63,0,87,4,0,4,91
06/29/2016,LWS,ID,ANM,WE,Federal Contract Tower,5,5,0,0,10,0,7,50,0,57,5,12,50,0,67,22,0,22,89
06/30/2016,LWS,ID,ANM,WE,Federal Contract Tower,5,6,8,0,19,0,4,45,0,49,5,10,53,0,68,16,0,16,84
07/01/2016,LWS,ID,ANM,WE,Federal Contract Tower,4,6,2,0,12,0,8,30,0,38,4,14,32,0,50,20,0,20,70
07/02/2016,LWS,ID,ANM,WE,Federal Contract Tower,4,3,2,0,9,0,9,57,0,66,4,12,59,0,75,44,0,44,119
07/03/2016,LWS,ID,ANM,WE,Federal Contract Tower,7,2,2,0,11,0,0,0,0,0,7,2,2,0,11,12,0,12,23
07/04/2016,LWS,ID,ANM,WE,Federal Contract Tower,4,2,2,0,8,0,6,38,0,44,4,8,40,0,52,6,0,6,58
07/05/2016,LWS,ID,ANM,WE,Federal Contract Tower,5,5,4,0,14,0,10,39,0,49,5,15,43,0,63,0,0,0,63
07/06/2016,LWS,ID,ANM,WE,Federal Contract Tower,6,6,8,3,23,0,4,48,1,53,6,10,56,4,76,4,14,18,94
07/07/2016,LWS,ID,ANM,WE,Federal Contract Tower,5,6,8,2,21,0,7,42,0,49,5,13,50,2,70,34,4,38,108
07/08/2016,LWS,ID,ANM,WE,Federal Contract Tower,5,8,11,1,25,0,0,19,1,20,5,8,30,2,45,6,0,6,51
07/09/2016,LWS,ID,ANM,WE,Federal Contract Tower,4,3,0,0,7,0,0,16,0,16,4,3,16,0,23,20,0,20,43
07/10/2016,LWS,ID,ANM,WE,Federal Contract Tower,5,3,4,0,12,0,5,0,0,5,5,8,4,0,17,0,0,0,17
07/11/2016,LWS,ID,ANM,WE,Federal Contract Tower,5,4,4,0,13,0,10,32,0,42,5,14,36,0,55,8,0,8,63
07/12/2016,LWS,ID,ANM,WE,Federal Contract Tower,5,8,3,0,16,0,12,38,0,50,5,20,41,0,66,16,0,16,82
07/13/2016,LWS,ID,ANM,WE,Federal Contract Tower,4,8,9,0,21,0,9,61,0,70,4,17,70,0,91,14,0,14,105
07/14/2016,LWS,ID,ANM,WE,Federal Contract Tower,5,6,7,0,18,0,10,32,0,42,5,16,39,0,60,38,0,38,98
07/15/2016,LWS,ID,ANM,WE,Federal Contract Tower,5,7,6,0,18,0,13,30,0,43,5,20,36,0,61,26,0,26,87
07/16/2016,LWS,ID,ANM,WE,Federal Contract Tower,4,4,4,0,12,0,7,20,0,27,4,11,24,0,39,6,0,6,45
07/17/2016,LWS,ID,ANM,WE,Federal Contract Tower,5,2,3,0,10,0,4,34,0,38,5,6,37,0,48,2,0,2,50
07/18/2016,LWS,ID,ANM,WE,Federal Contract Tower,5,4,5,0,14,0,3,53,0,56,5,7,58,0,70,2,0,2,72
07/19/2016,LWS,ID,ANM,WE,Federal Contract Tower,5,8,4,0,17,0,6,51,0,57,5,14,55,0,74,56,0,56,130
07/20/2016,LWS,ID,ANM,WE,Federal Contract Tower,4,4,5,0,13,0,12,56,6,74,4,16,61,6,87,44,0,44,131
07/21/2016,LWS,ID,ANM,WE,Federal Contract Tower,5,8,4,0,17,0,0,0,0,0,5,8,4,0,17,32,0,32,49
07/22/2016,LWS,ID,ANM,WE,Federal Contract Tower,4,6,5,0,15,0,7,30,0,37,4,13,35,0,52,10,0,10,62
07/23/2016,LWS,ID,ANM,WE,Federal Contract Tower,4,4,7,0,15,0,2,32,0,34,4,6,39,0,49,26,0,26,75
07/24/2016,LWS,ID,ANM,WE,Federal Contract Tower,7,2,6,0,15,0,4,71,0,75,7,6,77,0,90,38,0,38,128
07/25/2016,LWS,ID,ANM,WE,Federal Contract Tower,5,7,3,0,15,0,11,23,0,34,5,18,26,0,49,20,0,20,69
07/26/2016,LWS,ID,ANM,WE,Federal Contract Tower,5,5,6,0,16,0,5,48,0,53,5,10,54,0,69,56,0,56,125
07/27/2016,LWS,ID,ANM,WE,Federal Contract Tower,5,4,7,2,18,0,11,83,0,94,5,15,90,2,112,104,0,104,216
07/28/2016,LWS,ID,ANM,WE,Federal Contract Tower,8,5,4,0,17,0,11,193,0,204,8,16,197,0,221,36,0,36,257
07/29/2016,LWS,ID,ANM,WE,Federal Contract Tower,5,6,9,0,20,0,10,38,0,48,5,16,47,0,68,22,0,22,90
07/30/2016,LWS,ID,ANM,WE,Federal Contract Tower,4,1,2,0,7,0,2,52,0,54,4,3,54,0,61,42,0,42,103
07/31/2016,LWS,ID,ANM,WE,Federal Contract Tower,5,2,10,0,17,0,5,56,0,61,5,7,66,0,78,34,0,34,112
08/01/2016,LWS,ID,ANM,WE,Federal Contract Tower,5,4,4,0,13,0,11,76,0,87,5,15,80,0,100,12,0,12,112
08/02/2016,LWS,ID,ANM,WE,Federal Contract Tower,4,6,2,0,12,0,6,55,0,61,4,12,57,0,73,70,0,70,143
08/03/2016,LWS,ID,ANM,WE,Federal Contract Tower,5,6,7,0,18,0,0,0,0,0,5,6,7,0,18,22,0,22,40
08/04/2016,LWS,ID,ANM,WE,Federal Contract Tower,5,6,5,0,16,0,4,133,0,137,5,10,138,0,153,24,0,24,177
08/05/2016,LWS,ID,ANM,WE,Federal Contract Tower,4,7,7,0,18,0,7,31,2,40,4,14,38,2,58,8,0,8,66
08/06/2016,LWS,ID,ANM,WE,Federal Contract Tower,4,3,5,2,14,0,1,22,0,23,4,4,27,2,37,26,0,26,63
08/07/2016,LWS,ID,ANM,WE,Federal Contract Tower,5,2,0,0,7,0,0,0,0,0,5,2,0,0,7,0,0,0,7
08/08/2016,LWS,ID,ANM,WE,Federal Contract Tower,5,5,5,0,15,0,2,17,0,19,5,7,22,0,34,8,0,8,42
08/09/2016,LWS,ID,ANM,WE,Federal Contract Tower,5,5,14,0,24,0,6,11,0,17,5,11,25,0,41,0,0,0,41
08/10/2016,LWS,ID,ANM,WE,Federal Contract Tower,5,7,16,0,28,0,5,51,0,56,5,12,67,0,84,10,0,10,94
08/11/2016,LWS,ID,ANM,WE,Federal Contract Tower,5,5,8,0,18,0,9,62,0,71,5,14,70,0,89,40,0,40,129
08/12/2016,LWS,ID,ANM,WE,Federal Contract Tower,6,4,6,0,16,0,8,44,0,52,6,12,50,0,68,20,0,20,88
08/13/2016,LWS,ID,ANM,WE,Federal Contract Tower,4,5,2,0,11,0,3,62,0,65,4,8,64,0,76,18,0,18,94
08/14/2016,LWS,ID,ANM,WE,Federal Contract Tower,5,3,2,0,10,0,0,31,0,31,5,3,33,0,41,50,0,50,91
08/15/2016,LWS,ID,ANM,WE,Federal Contract Tower,5,4,6,0,15,0,3,56,0,59,5,7,62,0,74,50,0,50,124
08/16/2016,LWS,ID,ANM,WE,Federal Contract Tower,5,7,9,0,21,0,10,54,2,66,5,17,63,2,87,16,0,16,103
08/17/2016,LWS,ID,ANM,WE,Federal Contract Tower,5,7,9,0,21,0,17,56,2,75,5,24,65,2,96,142,0,142,238
08/18/2016,LWS,ID,ANM,WE,Federal Contract Tower,5,7,7,0,19,0,14,71,0,85,5,21,78,0,104,32,0,32,136
08/19/2016,LWS,ID,ANM,WE,Federal Contract Tower,4,6,6,0,16,0,7,47,0,54,4,13,53,0,70,60,0,60,130
08/20/2016,LWS,ID,ANM,WE,Federal Contract Tower,4,3,3,0,10,0,2,41,0,43,4,5,44,0,53,20,0,20,73
08/21/2016,LWS,ID,ANM,WE,Federal Contract Tower,4,2,2,0,8,0,2,38,0,40,4,4,40,0,48,56,0,56,104
08/22/2016,LWS,ID,ANM,WE,Federal Contract Tower,5,5,4,0,14,0,2,45,0,47,5,7,49,0,61,0,0,0,61
08/23/2016,LWS,ID,ANM,WE,Federal Contract Tower,5,7,4,2,18,0,6,57,0,63,5,13,61,2,81,14,20,34,115
08/24/2016,LWS,ID,ANM,WE,Federal Contract Tower,5,7,7,2,21,0,4,54,3,61,5,11,61,5,82,32,16,48,130
08/25/2016,LWS,ID,ANM,WE,Federal Contract Tower,5,12,1,0,18,0,4,48,0,52,5,16,49,0,70,20,0,20,90
08/26/2016,LWS,ID,ANM,WE,Federal Contract Tower,5,6,10,0,21,0,6,38,0,44,5,12,48,0,65,38,0,38,103
08/27/2016,LWS,ID,ANM,WE,Federal Contract Tower,4,5,4,0,13,0,1,66,0,67,4,6,70,0,80,28,0,28,108
08/28/2016,LWS,ID,ANM,WE,Federal Contract Tower,5,4,0,0,9,0,5,55,0,60,5,9,55,0,69,6,0,6,75
08/29/2016,LWS,ID,ANM,WE,Federal Contract Tower,5,7,2,0,14,0,5,55,0,60,5,12,57,0,74,20,0,20,94
08/30/2016,LWS,ID,ANM,WE,Federal Contract Tower,4,4,9,0,17,0,5,39,0,44,4,9,48,0,61,10,0,10,71
08/31/2016,LWS,ID,ANM,WE,Federal Contract Tower,4,5,13,0,22,0,5,35,0,40,4,10,48,0,62,22,0,22,84
09/01/2016,LWS,ID,ANM,WE,Federal Contract Tower,5,10,6,0,21,0,6,27,0,33,5,16,33,0,54,14,0,14,68
09/02/2016,LWS,ID,ANM,WE,Federal Contract Tower,7,6,3,0,16,0,0,13,0,13,7,6,16,0,29,6,0,6,35
09/03/2016,LWS,ID,ANM,WE,Federal Contract Tower,4,3,5,0,12,1,4,27,0,32,5,7,32,0,44,0,0,0,44
09/04/2016,LWS,ID,ANM,WE,Federal Contract Tower,5,3,0,0,8,0,8,10,0,18,5,11,10,0,26,0,0,0,26
09/05/2016,LWS,ID,ANM,WE,Federal Contract Tower,3,2,1,0,6,0,8,40,0,48,3,10,41,0,54,64,0,64,118
09/07/2016,LWS,ID,ANM,WE,Federal Contract Tower,4,8,14,0,26,0,2,48,0,50,4,10,62,0,76,38,0,38,114
09/08/2016,LWS,ID,ANM,WE,Federal Contract Tower,6,4,7,0,17,0,4,27,4,35,6,8,34,4,52,0,0,0,52
09/09/2016,LWS,ID,ANM,WE,Federal Contract Tower,5,6,5,0,16,0,2,40,0,42,5,8,45,0,58,14,0,14,72
09/10/2016,LWS,ID,ANM,WE,Federal Contract Tower,4,5,2,0,11,0,2,18,0,20,4,7,20,0,31,6,0,6,37
09/11/2016,LWS,ID,ANM,WE,Federal Contract Tower,7,2,4,0,13,0,3,22,0,25,7,5,26,0,38,0,0,0,38
09/12/2016,LWS,ID,ANM,WE,Federal Contract Tower,5,5,1,0,11,0,11,47,0,58,5,16,48,0,69,34,0,34,103
09/13/2016,LWS,ID,ANM,WE,Federal Contract Tower,4,6,8,0,18,0,6,20,0,26,4,12,28,0,44,0,0,0,44
09/14/2016,LWS,ID,ANM,WE,Federal Contract Tower,4,4,5,0,13,0,8,56,0,64,4,12,61,0,77,36,0,36,113
09/15/2016,LWS,ID,ANM,WE,Federal Contract Tower,5,6,7,0,18,0,9,51,0,60,5,15,58,0,78,42,0,42,120
09/16/2016,LWS,ID,ANM,WE,Federal Contract Tower,5,7,6,0,18,0,10,32,0,42,5,17,38,0,60,44,0,44,104
09/17/2016,LWS,ID,ANM,WE,Federal Contract Tower,4,3,0,0,7,0,3,26,0,29,4,6,26,0,36,0,0,0,36
09/18/2016,LWS,ID,ANM,WE,Federal Contract Tower,5,2,2,0,9,0,0,11,0,11,5,2,13,0,20,0,0,0,20
09/19/2016,LWS,ID,ANM,WE,Federal Contract Tower,4,5,6,2,17,0,2,29,0,31,4,7,35,2,48,4,0,4,52
09/20/2016,LWS,ID,ANM,WE,Federal Contract Tower,3,5,9,2,19,0,7,44,0,51,3,12,53,2,70,8,4,12,82
09/21/2016,LWS,ID,ANM,WE,Federal Contract Tower,4,8,3,0,15,0,6,29,0,35,4,14,32,0,50,4,0,4,54
09/22/2016,LWS,ID,ANM,WE,Federal Contract Tower,5,4,3,0,12,0,5,25,2,32,5,9,28,2,44,0,0,0,44
09/23/2016,LWS,ID,ANM,WE,Federal Contract Tower,7,4,1,0,12,0,11,42,0,53,7,15,43,0,65,22,0,22,87
09/24/2016,LWS,ID,ANM,WE,Federal Contract Tower,4,3,0,0,7,0,11,47,0,58,4,14,47,0,65,38,0,38,103
09/25/2016,LWS,ID,ANM,WE,Federal Contract Tower,5,3,3,0,11,0,5,53,0,58,5,8,56,0,69,18,0,18,87
09/26/2016,LWS,ID,ANM,WE,Federal Contract Tower,4,5,0,0,9,0,8,32,0,40,4,13,32,0,49,10,0,10,59
09/27/2016,LWS,ID,ANM,WE,Federal Contract Tower,4,6,5,0,15,0,3,52,0,55,4,9,57,0,70,8,0,8,78
09/28/2016,LWS,ID,ANM,WE,Federal Contract Tower,4,7,4,2,17,0,5,51,0,56,4,12,55,2,73,16,0,16,89
09/29/2016,LWS,ID,ANM,WE,Federal Contract Tower,5,6,11,0,22,0,4,57,0,61,5,10,68,0,83,0,0,0,83
09/30/2016,LWS,ID,ANM,WE,Federal Contract Tower,7,6,2,0,15,0,2,39,0,41,7,8,41,0,56,0,0,0,56
10/01/2016,LWS,ID,ANM,WE,Federal Contract Tower,4,6,2,0,12,0,2,20,0,22,4,8,22,0,34,14,0,14,48
10/02/2016,LWS,ID,ANM,WE,Federal Contract Tower,5,4,0,0,9,0,2,18,0,20,5,6,18,0,29,4,0,4,33
10/03/2016,LWS,ID,ANM,WE,Federal Contract Tower,5,6,5,0,16,0,6,25,0,31,5,12,30,0,47,0,0,0,47
10/04/2016,LWS,ID,ANM,WE,Federal Contract Tower,3,5,2,0,10,0,3,19,0,22,3,8,21,0,32,0,0,0,32
10/05/2016,LWS,ID,ANM,WE,Federal Contract Tower,4,6,4,2,16,0,5,17,0,22,4,11,21,2,38,2,8,10,48
10/06/2016,LWS,ID,ANM,WE,Federal Contract Tower,6,7,8,0,21,0,4,31,0,35,6,11,39,0,56,4,0,4,60
10/07/2016,LWS,ID,ANM,WE,Federal Contract Tower,6,14,12,0,32,0,6,6,0,12,6,20,18,0,44,0,0,0,44
10/08/2016,LWS,ID,ANM,WE,Federal Contract Tower,4,6,0,0,10,0,3,19,0,22,4,9,19,0,32,0,0,0,32
10/09/2016,LWS,ID,ANM,WE,Federal Contract Tower,5,6,7,0,18,0,0,4,0,4,5,6,11,0,22,0,0,0,22
10/10/2016,LWS,ID,ANM,WE,Federal Contract Tower,5,5,5,0,15,0,6,16,0,22,5,11,21,0,37,0,0,0,37
10/11/2016,LWS,ID,ANM,WE,Federal Contract Tower,4,4,5,0,13,0,12,49,0,61,4,16,54,0,74,14,0,14,88
10/12/2016,LWS,ID,ANM,WE,Federal Contract Tower,8,6,11,0,25,0,4,67,0,71,8,10,78,0,96,36,0,36,132
10/13/2016,LWS,ID,ANM,WE,Federal Contract Tower,5,5,8,4,22,0,2,14,0,16,5,7,22,4,38,26,0,26,64
10/14/2016,LWS,ID,ANM,WE,Federal Contract Tower,8,6,4,0,18,0,2,9,0,11,8,8,13,0,29,10,0,10,39
10/15/2016,LWS,ID,ANM,WE,Federal Contract Tower,3,5,0,0,8,0,5,10,0,15,3,10,10,0,23,0,0,0,23
10/16/2016,LWS,ID,ANM,WE,Federal Contract Tower,5,2,1,0,8,0,6,5,0,11,5,8,6,0,19,0,0,0,19
10/17/2016,LWS,ID,ANM,WE,Federal Contract Tower,5,8,5,0,18,0,5,17,0,22,5,13,22,0,40,2,0,2,42
10/18/2016,LWS,ID,ANM,WE,Federal Contract Tower,4,6,11,1,22,0,1,21,1,23,4,7,32,2,45,0,0,0,45
10/19/2016,LWS,ID,ANM,WE,Federal Contract Tower,4,6,4,0,14,0,3,37,0,40,4,9,41,0,54,26,0,26,80
10/20/2016,LWS,ID,ANM,WE,Federal Contract Tower,5,5,1,9,20,0,4,16,0,20,5,9,17,9,40,4,0,4,44
10/21/2016,LWS,ID,ANM,WE,Federal Contract Tower,7,5,9,0,21,0,2,18,0,20,7,7,27,0,41,38,0,38,79
10/22/2016,LWS,ID,ANM,WE,Federal Contract Tower,4,6,1,0,11,0,0,12,0,12,4,6,13,0,23,0,0,0,23
10/23/2016,LWS,ID,ANM,WE,Federal Contract Tower,5,4,6,0,15,0,2,26,0,28,5,6,32,0,43,10,0,10,53
10/24/2016,LWS,ID,ANM,WE,Federal Contract Tower,5,7,5,0,17,0,6,20,0,26,5,13,25,0,43,2,0,2,45
10/25/2016,LWS,ID,ANM,WE,Federal Contract Tower,4,6,9,0,19,0,4,41,0,45,4,10,50,0,64,40,0,40,104
10/26/2016,LWS,ID,ANM,WE,Federal Contract Tower,4,7,7,0,18,0,7,9,0,16,4,14,16,0,34,4,0,4,38
10/27/2016,LWS,ID,ANM,WE,Federal Contract Tower,5,10,12,0,27,0,2,7,0,9,5,12,19,0,36,2,0,2,38
10/28/2016,LWS,ID,ANM,WE,Federal Contract Tower,5,8,6,0,19,0,3,13,0,16,5,11,19,0,35,32,0,32,67
10/29/2016,LWS,ID,ANM,WE,Federal Contract Tower,4,7,2,0,13,0,0,17,0,17,4,7,19,0,30,22,0,22,52
10/30/2016,LWS,ID,ANM,WE,Federal Contract Tower,5,4,6,0,15,0,1,11,0,12,5,5,17,0,27,6,0,6,33
10/31/2016,LWS,ID,ANM,WE,Federal Contract Tower,4,6,2,0,12,0,5,7,0,12,4,11,9,0,24,0,0,0,24
11/01/2016,LWS,ID,ANM,WE,Federal Contract Tower,4,8,4,0,16,0,8,33,2,43,4,16,37,2,59,10,0,10,69
11/02/2016,LWS,ID,ANM,WE,Federal Contract Tower,4,7,6,0,17,0,1,35,0,36,4,8,41,0,53,10,0,10,63
11/03/2016,LWS,ID,ANM,WE,Federal Contract Tower,5,5,2,0,12,0,3,50,0,53,5,8,52,0,65,16,0,16,81
11/04/2016,LWS,ID,ANM,WE,Federal Contract Tower,8,4,2,0,14,0,4,38,0,42,8,8,40,0,56,28,0,28,84
11/05/2016,LWS,ID,ANM,WE,Federal Contract Tower,6,4,2,0,12,0,2,36,10,48,6,6,38,10,60,0,0,0,60
11/06/2016,LWS,ID,ANM,WE,Federal Contract Tower,5,2,4,0,11,0,0,23,0,23,5,2,27,0,34,0,0,0,34
11/07/2016,LWS,ID,ANM,WE,Federal Contract Tower,5,5,6,0,16,0,2,35,0,37,5,7,41,0,53,16,0,16,69
11/08/2016,LWS,ID,ANM,WE,Federal Contract Tower,3,7,5,0,15,0,10,22,0,32,3,17,27,0,47,2,0,2,49
11/09/2016,LWS,ID,ANM,WE,Federal Contract Tower,3,8,4,0,15,0,3,52,0,55,3,11,56,0,70,6,0,6,76
11/10/2016,LWS,ID,ANM,WE,Federal Contract Tower,5,4,13,0,22,0,5,30,0,35,5,9,43,0,57,44,0,44,101
11/11/2016,LWS,ID,ANM,WE,Federal Contract Tower,9,6,7,0,22,0,4,46,0,50,9,10,53,0,72,39,0,39,111
11/12/2016,LWS,ID,ANM,WE,Federal Contract Tower,6,3,1,0,10,0,6,33,0,39,6,9,34,0,49,12,0,12,61
11/13/2016,LWS,ID,ANM,WE,Federal Contract Tower,5,2,10,0,17,0,4,24,0,28,5,6,34,0,45,0,0,0,45
11/14/2016,LWS,ID,ANM,WE,Federal Contract Tower,4,5,7,0,16,0,1,16,0,17,4,6,23,0,33,0,0,0,33
11/15/2016,LWS,ID,ANM,WE,Federal Contract Tower,4,6,9,2,21,0,4,8,0,12,4,10,17,2,33,2,16,18,51
11/16/2016,LWS,ID,ANM,WE,Federal Contract Tower,3,6,7,0,16,0,3,17,0,20,3,9,24,0,36,10,0,10,46
11/17/2016,LWS,ID,ANM,WE,Federal Contract Tower,5,4,7,0,16,0,2,19,0,21,5,6,26,0,37,2,0,2,39
11/18/2016,LWS,ID,ANM,WE,Federal Contract Tower,5,5,4,0,14,0,1,19,0,20,5,6,23,0,34,14,0,14,48
11/19/2016,LWS,ID,ANM,WE,Federal Contract Tower,4,4,4,0,12,0,0,22,0,22,4,4,26,0,34,18,0,18,52
11/20/2016,LWS,ID,ANM,WE,Federal Contract Tower,5,4,7,0,16,0,0,17,0,17,5,4,24,0,33,6,0,6,39
11/21/2016,LWS,ID,ANM,WE,Federal Contract Tower,5,6,2,2,15,0,2,12,0,14,5,8,14,2,29,2,10,12,41
11/22/2016,LWS,ID,ANM,WE,Federal Contract Tower,4,5,13,0,22,0,2,17,0,19,4,7,30,0,41,22,0,22,63
11/23/2016,LWS,ID,ANM,WE,Federal Contract Tower,4,7,7,0,18,0,4,6,7,17,4,11,13,7,35,20,0,20,55
11/24/2016,LWS,ID,ANM,WE,Federal Contract Tower,4,2,0,0,6,0,0,5,0,5,4,2,5,0,11,6,0,6,17
11/25/2016,LWS,ID,ANM,WE,Federal Contract Tower,9,10,5,0,24,0,2,7,0,9,9,12,12,0,33,12,0,12,45
11/26/2016,LWS,ID,ANM,WE,Federal Contract Tower,7,2,1,0,10,0,4,26,0,30,7,6,27,0,40,22,0,22,62
11/27/2016,LWS,ID,ANM,WE,Federal Contract Tower,5,5,9,0,19,0,5,30,0,35,5,10,39,0,54,18,0,18,72
11/28/2016,LWS,ID,ANM,WE,Federal Contract Tower,5,5,8,0,18,0,2,17,0,19,5,7,25,0,37,12,0,12,49
11/29/2016,LWS,ID,ANM,WE,Federal Contract Tower,6,7,10,0,23,0,5,64,0,69,6,12,74,0,92,86,0,86,178
11/30/2016,LWS,ID,ANM,WE,Federal Contract Tower,4,6,3,0,13,0,2,10,0,12,4,8,13,0,25,18,0,18,43
12/01/2016,LWS,ID,ANM,WE,Federal Contract Tower,4,6,7,0,17,0,3,19,0,22,4,9,26,0,39,62,0,62,101
12/02/2016,LWS,ID,ANM,WE,Federal Contract Tower,6,6,5,0,17,0,2,23,0,25,6,8,28,0,42,94,0,94,136
12/03/2016,LWS,ID,ANM,WE,Federal Contract Tower,7,5,1,0,13,0,2,21,0,23,7,7,22,0,36,48,0,48,84
12/04/2016,LWS,ID,ANM,WE,Federal Contract Tower,4,2,3,2,11,0,0,1,0,1,4,2,4,2,12,0,0,0,12
12/05/2016,LWS,ID,ANM,WE,Federal Contract Tower,5,5,4,0,14,0,2,46,0,48,5,7,50,0,62,240,0,240,302
12/06/2016,LWS,ID,ANM,WE,Federal Contract Tower,4,6,12,0,22,0,1,13,0,14,4,7,25,0,36,102,0,102,138
12/07/2016,LWS,ID,ANM,WE,Federal Contract Tower,4,5,11,0,20,0,2,81,0,83,4,7,92,0,103,210,0,210,313
12/08/2016,LWS,ID,ANM,WE,Federal Contract Tower,5,5,9,0,19,0,2,15,0,17,5,7,24,0,36,60,0,60,96
12/09/2016,LWS,ID,ANM,WE,Federal Contract Tower,7,5,6,0,18,0,1,3,0,4,7,6,9,0,22,66,0,66,88
12/10/2016,LWS,ID,ANM,WE,Federal Contract Tower,4,5,0,0,9,0,0,0,0,0,4,5,0,0,9,0,0,0,9
12/11/2016,LWS,ID,ANM,WE,Federal Contract Tower,5,3,3,0,11,0,0,0,0,0,5,3,3,0,11,0,0,0,11
12/12/2016,LWS,ID,ANM,WE,Federal Contract Tower,5,5,4,0,14,0,0,1,0,1,5,5,5,0,15,0,0,0,15
12/13/2016,LWS,ID,ANM,WE,Federal Contract Tower,4,12,8,0,24,0,0,4,2,6,4,12,12,2,30,0,0,0,30
12/14/2016,LWS,ID,ANM,WE,Federal Contract Tower,4,10,10,0,24,0,1,7,0,8,4,11,17,0,32,0,0,0,32
12/15/2016,LWS,ID,ANM,WE,Federal Contract Tower,5,5,2,0,12,0,0,0,0,0,5,5,2,0,12,0,0,0,12
12/16/2016,LWS,ID,ANM,WE,Federal Contract Tower,5,6,5,0,16,0,0,0,0,0,5,6,5,0,16,0,0,0,16
12/17/2016,LWS,ID,ANM,WE,Federal Contract Tower,4,10,4,2,20,0,1,8,0,9,4,11,12,2,29,0,0,0,29
12/18/2016,LWS,ID,ANM,WE,Federal Contract Tower,5,5,2,0,12,0,0,0,0,0,5,5,2,0,12,0,0,0,12
12/19/2016,LWS,ID,ANM,WE,Federal Contract Tower,0,5,4,2,11,0,5,0,0,5,0,10,4,2,16,0,4,4,20
12/20/2016,LWS,ID,ANM,WE,Federal Contract Tower,4,7,2,0,13,0,2,2,0,4,4,9,4,0,17,0,0,0,17
12/21/2016,LWS,ID,ANM,WE,Federal Contract Tower,3,5,6,0,14,0,11,27,0,38,3,16,33,0,52,0,0,0,52
12/22/2016,LWS,ID,ANM,WE,Federal Contract Tower,5,6,7,0,18,0,1,6,0,7,5,7,13,0,25,0,0,0,25
12/23/2016,LWS,ID,ANM,WE,Federal Contract Tower,5,10,1,0,16,0,0,8,0,8,5,10,9,0,24,2,0,2,26
12/24/2016,LWS,ID,ANM,WE,Federal Contract Tower,3,9,1,0,13,0,2,0,0,2,3,11,1,0,15,0,0,0,15
12/25/2016,LWS,ID,ANM,WE,Federal Contract Tower,4,2,0,0,6,0,0,0,0,0,4,2,0,0,6,0,0,0,6
12/26/2016,LWS,ID,ANM,WE,Federal Contract Tower,5,2,1,0,8,0,0,0,0,0,5,2,1,0,8,2,0,2,10
12/27/2016,LWS,ID,ANM,WE,Federal Contract Tower,4,10,0,0,14,0,0,0,0,0,4,10,0,0,14,0,0,0,14
12/28/2016,LWS,ID,ANM,WE,Federal Contract Tower,4,4,3,0,11,0,2,11,0,13,4,6,14,0,24,0,0,0,24
12/29/2016,LWS,ID,ANM,WE,Federal Contract Tower,5,7,4,0,16,0,2,6,0,8,5,9,10,0,24,0,0,0,24
12/30/2016,LWS,ID,ANM,WE,Federal Contract Tower,5,6,2,0,13,0,1,6,0,7,5,7,8,0,20,0,0,0,20
12/31/2016,LWS,ID,ANM,WE,Federal Contract Tower,4,4,5,0,13,0,11,20,0,31,4,15,25,0,44,24,0,24,68
01/01/2017,LWS,ID,ANM,WE,Federal Contract Tower,3,3,2,0,8,0,2,0,0,2,3,5,2,0,10,0,0,0,10
01/02/2017,LWS,ID,ANM,WE,Federal Contract Tower,6,4,4,0,14,0,4,10,0,14,6,8,14,0,28,0,0,0,28
01/03/2017,LWS,ID,ANM,WE,Federal Contract Tower,4,4,3,0,11,0,6,11,0,17,4,10,14,0,28,4,0,4,32
01/04/2017,LWS,ID,ANM,WE,Federal Contract Tower,4,5,7,0,16,0,7,35,2,44,4,12,42,2,60,6,2,8,68
01/05/2017,LWS,ID,ANM,WE,Federal Contract Tower,5,14,2,0,21,0,5,19,0,24,5,19,21,0,45,2,0,2,47
01/06/2017,LWS,ID,ANM,WE,Federal Contract Tower,4,6,4,0,14,0,3,24,0,27,4,9,28,0,41,6,0,6,47
01/07/2017,LWS,ID,ANM,WE,Federal Contract Tower,4,2,2,0,8,0,3,12,0,15,4,5,14,0,23,0,0,0,23
01/08/2017,LWS,ID,ANM,WE,Federal Contract Tower,5,2,3,0,10,0,0,4,0,4,5,2,7,0,14,0,0,0,14
01/09/2017,LWS,ID,ANM,WE,Federal Contract Tower,6,8,1,0,15,0,0,0,0,0,6,8,1,0,15,0,0,0,15
01/10/2017,LWS,ID,ANM,WE,Federal Contract Tower,3,12,0,0,15,0,0,0,0,0,3,12,0,0,15,0,0,0,15
01/11/2017,LWS,ID,ANM,WE,Federal Contract Tower,6,7,4,0,17,0,0,4,0,4,6,7,8,0,21,14,0,14,35
01/12/2017,LWS,ID,ANM,WE,Federal Contract Tower,5,6,16,0,27,0,0,8,0,8,5,6,24,0,35,0,0,0,35
01/13/2017,LWS,ID,ANM,WE,Federal Contract Tower,5,13,3,0,21,0,0,2,0,2,5,13,5,0,23,0,0,0,23
01/14/2017,LWS,ID,ANM,WE,Federal Contract Tower,4,7,8,0,19,0,1,2,0,3,4,8,10,0,22,0,0,0,22
01/15/2017,LWS,ID,ANM,WE,Federal Contract Tower,3,4,4,0,11,0,0,0,0,0,3,4,4,0,11,0,0,0,11
01/16/2017,LWS,ID,ANM,WE,Federal Contract Tower,5,5,8,0,18,0,3,11,0,14,5,8,19,0,32,2,0,2,34
01/17/2017,LWS,ID,ANM,WE,Federal Contract Tower,3,4,2,0,9,0,5,2,0,7,3,9,4,0,16,0,0,0,16
01/18/2017,LWS,ID,ANM,WE,Federal Contract Tower,3,5,1,0,9,0,5,3,0,8,3,10,4,0,17,2,0,2,19
01/19/2017,LWS,ID,ANM,WE,Federal Contract Tower,6,4,6,0,16,0,1,7,0,8,6,5,13,0,24,6,0,6,30
01/20/2017,LWS,ID,ANM,WE,Federal Contract Tower,5,9,1,0,15,0,1,14,2,17,5,10,15,2,32,28,0,28,60
01/21/2017,LWS,ID,ANM,WE,Federal Contract Tower,4,4,5,0,13,0,2,14,0,16,4,6,19,0,29,14,0,14,43
01/22/2017,LWS,ID,ANM,WE,Federal Contract Tower,4,5,2,0,11,0,0,2,0,2,4,5,4,0,13,0,0,0,13
01/23/2017,LWS,ID,ANM,WE,Federal Contract Tower,5,6,1,0,12,0,1,4,0,5,5,7,5,0,17,0,0,0,17
01/24/2017,LWS,ID,ANM,WE,Federal Contract Tower,4,5,9,4,22,0,3,4,0,7,4,8,13,4,29,16,0,16,45
01/25/2017,LWS,ID,ANM,WE,Federal Contract Tower,3,4,5,0,12,0,2,4,0,6,3,6,9,0,18,0,0,0,18
01/26/2017,LWS,ID,ANM,WE,Federal Contract Tower,5,6,9,0,20,0,2,4,0,6,5,8,13,0,26,0,0,0,26
01/27/2017,LWS,ID,ANM,WE,Federal Contract Tower,5,5,2,0,12,0,4,26,0,30,5,9,28,0,42,34,0,34,76
01/28/2017,LWS,ID,ANM,WE,Federal Contract Tower,4,1,0,0,5,0,0,26,0,26,4,1,26,0,31,54,0,54,85
01/29/2017,LWS,ID,ANM,WE,Federal Contract Tower,7,2,4,0,13,0,7,21,0,28,7,9,25,0,41,18,0,18,59
01/30/2017,LWS,ID,ANM,WE,Federal Contract Tower,5,9,0,0,14,0,4,5,0,9,5,13,5,0,23,0,0,0,23
01/31/2017,LWS,ID,ANM,WE,Federal Contract Tower,4,9,10,4,27,0,1,0,0,1,4,10,10,4,28,0,0,0,28
02/01/2017,LWS,ID,ANM,WE,Federal Contract Tower,6,6,9,0,21,0,1,7,0,8,6,7,16,0,29,8,0,8,37
02/02/2017,LWS,ID,ANM,WE,Federal Contract Tower,5,6,7,0,18,0,7,13,0,20,5,13,20,0,38,6,0,6,44
02/03/2017,LWS,ID,ANM,WE,Federal Contract Tower,5,6,3,0,14,0,1,4,0,5,5,7,7,0,19,0,0,0,19
02/04/2017,LWS,ID,ANM,WE,Federal Contract Tower,3,5,2,0,10,0,0,6,0,6,3,5,8,0,16,0,0,0,16
02/05/2017,LWS,ID,ANM,WE,Federal Contract Tower,3,3,1,0,7,0,0,8,0,8,3,3,9,0,15,0,0,0,15
02/06/2017,LWS,ID,ANM,WE,Federal Contract Tower,5,7,2,0,14,0,7,3,0,10,5,14,5,0,24,0,0,0,24
02/07/2017,LWS,ID,ANM,WE,Federal Contract Tower,4,4,9,0,17,0,5,7,0,12,4,9,16,0,29,6,0,6,35
02/08/2017,LWS,ID,ANM,WE,Federal Contract Tower,5,7,2,0,14,0,0,0,0,0,5,7,2,0,14,0,0,0,14
02/09/2017,LWS,ID,ANM,WE,Federal Contract Tower,5,8,3,0,16,0,3,3,0,6,5,11,6,0,22,14,0,14,36
02/10/2017,LWS,ID,ANM,WE,Federal Contract Tower,5,6,3,0,14,0,4,20,0,24,5,10,23,0,38,24,0,24,62
02/11/2017,LWS,ID,ANM,WE,Federal Contract Tower,3,4,0,0,7,0,5,52,0,57,3,9,52,0,64,38,0,38,102
02/12/2017,LWS,ID,ANM,WE,Federal Contract Tower,5,2,6,0,13,0,2,56,0,58,5,4,62,0,71,52,0,52,123
02/13/2017,LWS,ID,ANM,WE,Federal Contract Tower,5,5,4,0,14,0,6,45,0,51,5,11,49,0,65,48,0,48,113
02/14/2017,LWS,ID,ANM,WE,Federal Contract Tower,4,5,5,0,14,0,4,38,0,42,4,9,43,0,56,24,0,24,80
02/15/2017,LWS,ID,ANM,WE,Federal Contract Tower,4,4,5,1,14,0,2,8,0,10,4,6,13,1,24,0,0,0,24
02/16/2017,LWS,ID,ANM,WE,Federal Contract Tower,6,8,8,0,22,0,3,6,0,9,6,11,14,0,31,24,0,24,55
02/17/2017,LWS,ID,ANM,WE,Federal Contract Tower,5,6,4,0,15,0,3,16,0,19,5,9,20,0,34,14,0,14,48
02/18/2017,LWS,ID,ANM,WE,Federal Contract Tower,8,3,2,0,13,0,2,4,0,6,8,5,6,0,19,6,0,6,25
02/19/2017,LWS,ID,ANM,WE,Federal Contract Tower,5,4,1,0,10,0,4,4,0,8,5,8,5,0,18,8,8,16,34
02/20/2017,LWS,ID,ANM,WE,Federal Contract Tower,5,5,5,0,15,0,2,1,0,3,5,7,6,0,18,0,0,0,18
02/21/2017,LWS,ID,ANM,WE,Federal Contract Tower,4,3,2,0,9,0,5,2,0,7,4,8,4,0,16,6,0,6,22
02/22/2017,LWS,ID,ANM,WE,Federal Contract Tower,6,6,6,0,18,0,1,20,0,21,6,7,26,0,39,62,0,62,101
02/23/2017,LWS,ID,ANM,WE,Federal Contract Tower,5,8,13,0,26,0,4,26,0,30,5,12,39,0,56,46,0,46,102
02/24/2017,LWS,ID,ANM,WE,Federal Contract Tower,5,6,4,0,15,0,1,28,0,29,5,7,32,0,44,18,0,18,62
02/25/2017,LWS,ID,ANM,WE,Federal Contract Tower,3,1,1,0,5,0,3,35,0,38,3,4,36,0,43,18,0,18,61
02/26/2017,LWS,ID,ANM,WE,Federal Contract Tower,4,2,2,0,8,0,0,2,0,2,4,2,4,0,10,0,0,0,10
02/27/2017,LWS,ID,ANM,WE,Federal Contract Tower,5,8,4,0,17,0,4,2,0,6,5,12,6,0,23,0,0,0,23
02/28/2017,LWS,ID,ANM,WE,Federal Contract Tower,4,5,3,0,12,0,0,1,0,1,4,5,4,0,13,20,0,20,33
03/01/2017,LWS,ID,ANM,WE,Federal Contract Tower,4,4,9,0,17,0,4,32,0,36,4,8,41,0,53,26,0,26,79
03/02/2017,LWS,ID,ANM,WE,Federal Contract Tower,5,7,3,0,15,0,6,34,0,40,5,13,37,0,55,20,0,20,75
03/03/2017,LWS,ID,ANM,WE,Federal Contract Tower,5,7,5,0,17,0,14,34,0,48,5,21,39,0,65,28,0,28,93
03/04/2017,LWS,ID,ANM,WE,Federal Contract Tower,4,3,3,0,10,0,0,1,0,1,4,3,4,0,11,10,0,10,21
03/05/2017,LWS,ID,ANM,WE,Federal Contract Tower,5,5,1,0,11,0,1,13,0,14,5,6,14,0,25,16,0,16,41
03/06/2017,LWS,ID,ANM,WE,Federal Contract Tower,5,9,5,0,19,0,1,14,0,15,5,10,19,0,34,8,0,8,42
03/07/2017,LWS,ID,ANM,WE,Federal Contract Tower,4,6,6,0,16,0,2,2,0,4,4,8,8,0,20,8,0,8,28
03/08/2017,LWS,ID,ANM,WE,Federal Contract Tower,4,4,4,2,14,0,3,10,0,13,4,7,14,2,27,22,6,28,55
03/09/2017,LWS,ID,ANM,WE,Federal Contract Tower,5,9,5,0,19,0,0,0,0,0,5,9,5,0,19,0,0,0,19
03/10/2017,LWS,ID,ANM,WE,Federal Contract Tower,5,5,3,0,13,0,4,29,0,33,5,9,32,0,46,32,0,32,78
03/11/2017,LWS,ID,ANM,WE,Federal Contract Tower,4,2,7,0,13,0,3,33,0,36,4,5,40,0,49,58,0,58,107
03/12/2017,LWS,ID,ANM,WE,Federal Contract Tower,6,2,3,0,11,0,5,43,0,48,6,7,46,0,59,24,0,24,83
03/13/2017,LWS,ID,ANM,WE,Federal Contract Tower,8,7,1,0,16,0,4,26,0,30,8,11,27,0,46,4,0,4,50
03/14/2017,LWS,ID,ANM,WE,Federal Contract Tower,6,3,6,0,15,0,3,2,2,7,6,6,8,2,22,0,0,0,22
03/15/2017,LWS,ID,ANM,WE,Federal Contract Tower,6,6,7,0,19,0,9,17,0,26,6,15,24,0,45,0,0,0,45
03/16/2017,LWS,ID,ANM,WE,Federal Contract Tower,8,6,4,0,18,0,11,55,0,66,8,17,59,0,84,8,0,8,92
03/17/2017,LWS,ID,ANM,WE,Federal Contract Tower,6,6,2,0,14,0,9,48,0,57,6,15,50,0,71,12,0,12,83
03/18/2017,LWS,ID,ANM,WE,Federal Contract Tower,4,2,3,0,9,0,1,6,0,7,4,3,9,0,16,12,0,12,28
03/19/2017,LWS,ID,ANM,WE,Federal Contract Tower,6,2,7,0,15,0,1,25,0,26,6,3,32,0,41,0,0,0,41
03/20/2017,LWS,ID,ANM,WE,Federal Contract Tower,5,5,4,0,14,0,5,33,0,38,5,10,37,0,52,14,0,14,66
03/21/2017,LWS,ID,ANM,WE,Federal Contract Tower,4,11,14,0,29,0,3,18,0,21,4,14,32,0,50,2,0,2,52
03/22/2017,LWS,ID,ANM,WE,Federal Contract Tower,6,9,13,0,28,0,0,12,0,12,6,9,25,0,40,0,0,0,40
03/23/2017,LWS,ID,ANM,WE,Federal Contract Tower,5,5,6,0,16,0,8,34,0,42,5,13,40,0,58,46,0,46,104
03/24/2017,LWS,ID,ANM,WE,Federal Contract Tower,6,6,1,0,13,0,5,18,0,23,6,11,19,0,36,6,0,6,42
03/25/2017,LWS,ID,ANM,WE,Federal Contract Tower,4,2,0,0,6,0,2,16,0,18,4,4,16,0,24,22,0,22,46
03/26/2017,LWS,ID,ANM,WE,Federal Contract Tower,6,4,2,0,12,0,8,30,0,38,6,12,32,0,50,6,0,6,56
03/27/2017,LWS,ID,ANM,WE,Federal Contract Tower,6,6,7,0,19,0,1,15,0,16,6,7,22,0,35,4,0,4,39
03/28/2017,LWS,ID,ANM,WE,Federal Contract Tower,5,6,5,0,16,0,3,36,0,39,5,9,41,0,55,10,0,10,65
03/29/2017,LWS,ID,ANM,WE,Federal Contract Tower,6,5,2,0,13,0,1,9,0,10,6,6,11,0,23,12,0,12,35
03/30/2017,LWS,ID,ANM,WE,Federal Contract Tower,6,6,9,0,21,0,4,41,0,45,6,10,50,0,66,4,0,4,70
03/31/2017,LWS,ID,ANM,WE,Federal Contract Tower,4,5,8,0,17,0,6,61,0,67,4,11,69,0,84,48,0,48,132
04/01/2017,LWS,ID,ANM,WE,Federal Contract Tower,4,5,4,1,14,0,7,46,3,56,4,12,50,4,70,18,0,18,88
04/02/2017,LWS,ID,ANM,WE,Federal Contract Tower,6,2,4,0,12,0,0,3,0,3,6,2,7,0,15,0,0,0,15
04/03/2017,LWS,ID,ANM,WE,Federal Contract Tower,6,5,3,0,14,0,0,89,0,89,6,5,92,0,103,48,0,48,151
04/04/2017,LWS,ID,ANM,WE,Federal Contract Tower,6,6,8,0,20,0,10,130,0,140,6,16,138,0,160,56,0,56,216
04/05/2017,LWS,ID,ANM,WE,Federal Contract Tower,5,8,2,4,19,0,4,34,0,38,5,12,36,4,57,36,0,36,93
04/06/2017,LWS,ID,ANM,WE,Federal Contract Tower,6,6,6,0,18,0,2,59,0,61,6,8,65,0,79,18,0,18,97
04/07/2017,LWS,ID,ANM,WE,Federal Contract Tower,6,6,4,0,16,0,4,14,0,18,6,10,18,0,34,14,0,14,48
04/08/2017,LWS,ID,ANM,WE,Federal Contract Tower,4,8,3,0,15,0,0,9,0,9,4,8,12,0,24,22,0,22,46
04/09/2017,LWS,ID,ANM,WE,Federal Contract Tower,3,4,1,0,8,0,10,31,0,41,3,14,32,0,49,22,0,22,71
04/10/2017,LWS,ID,ANM,WE,Federal Contract Tower,7,6,3,0,16,0,6,16,0,22,7,12,19,0,38,0,0,0,38
04/11/2017,LWS,ID,ANM,WE,Federal Contract Tower,6,6,6,0,18,0,1,55,0,56,6,7,61,0,74,20,0,20,94
04/12/2017,LWS,ID,ANM,WE,Federal Contract Tower,6,6,3,0,15,0,5,40,0,45,6,11,43,0,60,32,0,32,92
04/13/2017,LWS,ID,ANM,WE,Federal Contract Tower,5,7,11,0,23,0,2,13,0,15,5,9,24,0,38,22,0,22,60
04/14/2017,LWS,ID,ANM,WE,Federal Contract Tower,6,7,3,0,16,0,2,47,0,49,6,9,50,0,65,48,0,48,113
04/15/2017,LWS,ID,ANM,WE,Federal Contract Tower,4,7,2,0,13,0,6,35,4,45,4,13,37,4,58,60,0,60,118
04/16/2017,LWS,ID,ANM,WE,Federal Contract Tower,6,4,1,0,11,0,4,26,0,30,6,8,27,0,41,12,0,12,53
04/17/2017,LWS,ID,ANM,WE,Federal Contract Tower,6,6,8,0,20,0,2,32,0,34,6,8,40,0,54,20,0,20,74
04/18/2017,LWS,ID,ANM,WE,Federal Contract Tower,6,7,8,0,21,0,28,37,0,65,6,35,45,0,86,6,0,6,92
04/19/2017,LWS,ID,ANM,WE,Federal Contract Tower,6,10,7,2,25,0,11,42,0,53,6,21,49,2,78,38,0,38,116
04/20/2017,LWS,ID,ANM,WE,Federal Contract Tower,4,8,8,0,20,0,4,35,0,39,4,12,43,0,59,18,0,18,77
04/21/2017,LWS,ID,ANM,WE,Federal Contract Tower,5,6,4,0,15,0,4,66,0,70,5,10,70,0,85,106,0,106,191
04/22/2017,LWS,ID,ANM,WE,Federal Contract Tower,3,5,0,0,8,0,6,42,0,48,3,11,42,0,56,48,0,48,104
04/23/2017,LWS,ID,ANM,WE,Federal Contract Tower,6,2,2,0,10,0,5,6,0,11,6,7,8,0,21,2,0,2,23
04/24/2017,LWS,ID,ANM,WE,Federal Contract Tower,6,5,5,0,16,0,10,20,0,30,6,15,25,0,46,14,0,14,60
04/25/2017,LWS,ID,ANM,WE,Federal Contract Tower,5,10,7,0,22,0,4,30,0,34,5,14,37,0,56,18,0,18,74
04/26/2017,LWS,ID,ANM,WE,Federal Contract Tower,6,8,6,0,20,0,2,30,0,32,6,10,36,0,52,8,0,8,60
04/27/2017,LWS,ID,ANM,WE,Federal Contract Tower,5,8,10,0,23,0,4,28,0,32,5,12,38,0,55,0,0,0,55
04/28/2017,LWS,ID,ANM,WE,Federal Contract Tower,6,6,14,0,26,0,6,77,0,83,6,12,91,0,109,68,0,68,177
04/29/2017,LWS,ID,ANM,WE,Federal Contract Tower,3,4,3,0,10,0,1,80,0,81,3,5,83,0,91,62,0,62,153
04/30/2017,LWS,ID,ANM,WE,Federal Contract Tower,6,2,6,0,14,0,2,0,0,2,6,4,6,0,16,0,0,0,16
05/01/2017,LWS,ID,ANM,WE,Federal Contract Tower,4,6,3,0,13,0,8,50,2,60,4,14,53,2,73,6,0,6,79
05/02/2017,LWS,ID,ANM,WE,Federal Contract Tower,6,6,7,0,19,0,3,67,0,70,6,9,74,0,89,76,0,76,165
05/03/2017,LWS,ID,ANM,WE,Federal Contract Tower,6,9,7,0,22,0,6,88,0,94,6,15,95,0,116,50,0,50,166
05/04/2017,LWS,ID,ANM,WE,Federal Contract Tower,5,5,5,0,15,0,5,39,0,44,5,10,44,0,59,28,0,28,87
05/05/2017,LWS,ID,ANM,WE,Federal Contract Tower,5,6,0,0,11,0,3,40,0,43,5,9,40,0,54,14,0,14,68
05/06/2017,LWS,ID,ANM,WE,Federal Contract Tower,3,8,0,0,11,0,7,28,0,35,3,15,28,0,46,38,0,38,84
05/07/2017,LWS,ID,ANM,WE,Federal Contract Tower,8,2,3,0,13,0,6,61,0,67,8,8,64,0,80,72,0,72,152
05/08/2017,LWS,ID,ANM,WE,Federal Contract Tower,6,8,1,0,15,0,16,46,0,62,6,24,47,0,77,6,0,6,83
05/09/2017,LWS,ID,ANM,WE,Federal Contract Tower,6,7,8,0,21,0,2,45,2,49,6,9,53,2,70,76,0,76,146
05/10/2017,LWS,ID,ANM,WE,Federal Contract Tower,7,7,2,0,16,0,8,75,0,83,7,15,77,0,99,28,0,28,127
05/11/2017,LWS,ID,ANM,WE,Federal Contract Tower,7,10,9,0,26,0,8,45,0,53,7,18,54,0,79,62,0,62,141
05/12/2017,LWS,ID,ANM,WE,Federal Contract Tower,6,6,2,0,14,0,0,10,0,10,6,6,12,0,24,22,0,22,46
05/13/2017,LWS,ID,ANM,WE,Federal Contract Tower,4,5,9,0,18,0,1,5,0,6,4,6,14,0,24,18,0,18,42
05/14/2017,LWS,ID,ANM,WE,Federal Contract Tower,6,2,2,0,10,0,3,9,0,12,6,5,11,0,22,2,0,2,24
05/15/2017,LWS,ID,ANM,WE,Federal Contract Tower,6,6,5,1,18,0,6,39,1,46,6,12,44,2,64,14,0,14,78
05/16/2017,LWS,ID,ANM,WE,Federal Contract Tower,6,6,20,0,32,0,2,4,0,6,6,8,24,0,38,0,0,0,38
05/17/2017,LWS,ID,ANM,WE,Federal Contract Tower,6,10,6,0,22,0,3,9,0,12,6,13,15,0,34,6,0,6,40
05/18/2017,LWS,ID,ANM,WE,Federal Contract Tower,6,6,13,0,25,0,4,70,0,74,6,10,83,0,99,10,0,10,109
05/19/2017,LWS,ID,ANM,WE,Federal Contract Tower,6,5,4,0,15,0,2,87,0,89,6,7,91,0,104,48,0,48,152
05/20/2017,LWS,ID,ANM,WE,Federal Contract Tower,4,5,0,0,9,0,0,63,0,63,4,5,63,0,72,18,0,18,90
05/21/2017,LWS,ID,ANM,WE,Federal Contract Tower,4,2,3,0,9,0,6,91,0,97,4,8,94,0,106,86,0,86,192
05/22/2017,LWS,ID,ANM,WE,Federal Contract Tower,6,7,5,7,25,0,11,77,2,90,6,18,82,9,115,40,14,54,169
05/23/2017,LWS,ID,ANM,WE,Federal Contract Tower,4,5,12,0,21,0,12,85,0,97,4,17,97,0,118,76,0,76,194
05/24/2017,LWS,ID,ANM,WE,Federal Contract Tower,5,5,5,2,17,0,4,35,0,39,5,9,40,2,56,32,0,32,88
05/25/2017,LWS,ID,ANM,WE,Federal Contract Tower,6,6,8,1,21,0,3,106,0,109,6,9,114,1,130,72,0,72,202
05/26/2017,LWS,ID,ANM,WE,Federal Contract Tower,5,5,5,0,15,0,12,94,0,106,5,17,99,0,121,120,0,120,241
05/27/2017,LWS,ID,ANM,WE,Federal Contract Tower,4,3,0,0,7,0,4,82,0,86,4,7,82,0,93,40,0,40,133
05/28/2017,LWS,ID,ANM,WE,Federal Contract Tower,3,1,0,0,4,0,4,57,0,61,3,5,57,0,65,46,0,46,111
05/29/2017,LWS,ID,ANM,WE,Federal Contract Tower,5,2,2,0,9,0,2,123,0,125,5,4,125,0,134,24,0,24,158
05/30/2017,LWS,ID,ANM,WE,Federal Contract Tower,6,5,5,0,16,0,5,75,0,80,6,10,80,0,96,40,0,40,136
05/31/2017,LWS,ID,ANM,WE,Federal Contract Tower,6,5,5,0,16,0,6,68,0,74,6,11,73,0,90,58,0,58,148
06/01/2017,LWS,ID,ANM,WE,Federal Contract Tower,5,8,13,0,26,0,15,46,0,61,5,23,59,0,87,26,0,26,113
06/02/2017,LWS,ID,ANM,WE,Federal Contract Tower,6,11,3,0,20,0,6,84,0,90,6,17,87,0,110,32,0,32,142
06/03/2017,LWS,ID,ANM,WE,Federal Contract Tower,4,6,4,0,14,0,5,88,0,93,4,11,92,0,107,42,0,42,149
06/04/2017,LWS,ID,ANM,WE,Federal Contract Tower,6,2,3,0,11,0,2,8,0,10,6,4,11,0,21,0,0,0,21
06/05/2017,LWS,ID,ANM,WE,Federal Contract Tower,5,4,5,0,14,0,0,27,0,27,5,4,32,0,41,16,0,16,57
06/06/2017,LWS,ID,ANM,WE,Federal Contract Tower,3,6,9,0,18,0,8,86,0,94,3,14,95,0,112,44,0,44,156
06/07/2017,LWS,ID,ANM,WE,Federal Contract Tower,3,7,7,4,21,0,7,72,0,79,3,14,79,4,100,78,0,78,178
06/08/2017,LWS,ID,ANM,WE,Federal Contract Tower,2,8,4,0,14,0,4,37,0,41,2,12,41,0,55,18,0,18,73
06/09/2017,LWS,ID,ANM,WE,Federal Contract Tower,5,8,7,0,20,0,3,26,0,29,5,11,33,0,49,20,0,20,69
06/10/2017,LWS,ID,ANM,WE,Federal Contract Tower,3,4,2,0,9,0,3,47,0,50,3,7,49,0,59,8,0,8,67
06/11/2017,LWS,ID,ANM,WE,Federal Contract Tower,6,3,2,0,11,0,2,55,0,57,6,5,57,0,68,28,0,28,96
06/12/2017,LWS,ID,ANM,WE,Federal Contract Tower,6,7,3,0,16,0,5,49,1,55,6,12,52,1,71,6,0,6,77
06/13/2017,LWS,ID,ANM,WE,Federal Contract Tower,6,8,9,0,23,0,9,70,6,85,6,17,79,6,108,22,42,64,172
06/14/2017,LWS,ID,ANM,WE,Federal Contract Tower,6,8,3,6,23,0,9,95,2,106,6,17,98,8,129,48,0,48,177
06/15/2017,LWS,ID,ANM,WE,Federal Contract Tower,6,5,16,0,27,0,5,35,0,40,6,10,51,0,67,26,0,26,93
06/16/2017,LWS,ID,ANM,WE,Federal Contract Tower,6,14,12,0,32,0,9,13,0,22,6,23,25,0,54,34,0,34,88
06/17/2017,LWS,ID,ANM,WE,Federal Contract Tower,4,4,6,1,15,0,3,61,1,65,4,7,67,2,80,64,0,64,144
06/18/2017,LWS,ID,ANM,WE,Federal Contract Tower,6,2,2,0,10,0,3,48,0,51,6,5,50,0,61,18,0,18,79
06/19/2017,LWS,ID,ANM,WE,Federal Contract Tower,4,5,2,0,11,0,10,71,0,81,4,15,73,0,92,28,0,28,120
06/20/2017,LWS,ID,ANM,WE,Federal Contract Tower,6,7,8,0,21,0,5,67,0,72,6,12,75,0,93,26,0,26,119
06/21/2017,LWS,ID,ANM,WE,Federal Contract Tower,4,7,5,0,16,0,7,62,0,69,4,14,67,0,85,22,0,22,107
06/22/2017,LWS,ID,ANM,WE,Federal Contract Tower,5,6,5,0,16,0,3,49,0,52,5,9,54,0,68,84,0,84,152
06/23/2017,LWS,ID,ANM,WE,Federal Contract Tower,6,5,1,2,14,0,6,41,0,47,6,11,42,2,61,72,0,72,133
06/24/2017,LWS,ID,ANM,WE,Federal Contract Tower,5,4,2,0,11,0,6,71,8,85,5,10,73,8,96,42,0,42,138
06/25/2017,LWS,ID,ANM,WE,Federal Contract Tower,6,2,3,0,11,0,0,54,2,56,6,2,57,2,67,58,0,58,125
06/26/2017,LWS,ID,ANM,WE,Federal Contract Tower,6,4,6,0,16,0,4,61,0,65,6,8,67,0,81,22,0,22,103
06/27/2017,LWS,ID,ANM,WE,Federal Contract Tower,6,6,7,0,19,0,1,69,0,70,6,7,76,0,89,14,0,14,103
06/28/2017,LWS,ID,ANM,WE,Federal Contract Tower,5,9,2,0,16,0,7,77,0,84,5,16,79,0,100,30,0,30,130
06/29/2017,LWS,ID,ANM,WE,Federal Contract Tower,5,5,5,0,15,0,9,78,2,89,5,14,83,2,104,40,16,56,160
06/30/2017,LWS,ID,ANM,WE,Federal Contract Tower,6,6,3,0,15,0,12,77,6,95,6,18,80,6,110,52,0,52,162
07/01/2017,LWS,ID,ANM,WE,Federal Contract Tower,3,3,2,0,8,0,3,96,0,99,3,6,98,0,107,74,0,74,181
07/02/2017,LWS,ID,ANM,WE,Federal Contract Tower,3,2,4,0,9,0,2,69,0,71,3,4,73,0,80,34,0,34,114
07/03/2017,LWS,ID,ANM,WE,Federal Contract Tower,6,8,0,0,14,0,9,148,0,157,6,17,148,0,171,70,0,70,241
07/04/2017,LWS,ID,ANM,WE,Federal Contract Tower,6,4,1,0,11,0,0,185,0,185,6,4,186,0,196,124,0,124,320
07/05/2017,LWS,ID,ANM,WE,Federal Contract Tower,5,12,5,1,23,0,10,104,1,115,5,22,109,2,138,52,10,62,200
07/06/2017,LWS,ID,ANM,WE,Federal Contract Tower,5,9,3,0,17,0,7,52,0,59,5,16,55,0,76,0,0,0,76
07/07/2017,LWS,ID,ANM,WE,Federal Contract Tower,5,9,3,0,17,0,0,0,0,0,5,9,3,0,17,0,0,0,17
07/08/2017,LWS,ID,ANM,WE,Federal Contract Tower,3,6,0,0,9,0,1,7,0,8,3,7,7,0,17,42,0,42,59
07/09/2017,LWS,ID,ANM,WE,Federal Contract Tower,5,4,3,0,12,0,0,28,0,28,5,4,31,0,40,8,0,8,48
07/10/2017,LWS,ID,ANM,WE,Federal Contract Tower,6,7,1,0,14,0,7,28,0,35,6,14,29,0,49,7,0,7,56
07/11/2017,LWS,ID,ANM,WE,Federal Contract Tower,6,10,7,0,23,0,12,47,0,59,6,22,54,0,82,40,0,40,122
07/12/2017,LWS,ID,ANM,WE,Federal Contract Tower,6,11,6,0,23,0,7,75,0,82,6,18,81,0,105,34,0,34,139
07/13/2017,LWS,ID,ANM,WE,Federal Contract Tower,6,11,2,0,19,0,3,27,0,30,6,14,29,0,49,22,0,22,71
07/14/2017,LWS,ID,ANM,WE,Federal Contract Tower,3,8,2,0,13,0,5,44,2,51,3,13,46,2,64,38,0,38,102
07/15/2017,LWS,ID,ANM,WE,Federal Contract Tower,3,9,1,0,13,0,26,108,0,134,3,35,109,0,147,8,0,8,155
07/16/2017,LWS,ID,ANM,WE,Federal Contract Tower,6,5,4,0,15,0,11,108,0,119,6,16,112,0,134,0,0,0,134
07/17/2017,LWS,ID,ANM,WE,Federal Contract Tower,5,6,1,0,12,0,5,81,0,86,5,11,82,0,98,0,0,0,98
07/18/2017,LWS,ID,ANM,WE,Federal Contract Tower,6,8,7,0,21,0,29,61,0,90,6,37,68,0,111,0,0,0,111
07/19/2017,LWS,ID,ANM,WE,Federal Contract Tower,5,9,4,0,18,0,9,42,0,51,5,18,46,0,69,22,0,22,91
07/20/2017,LWS,ID,ANM,WE,Federal Contract Tower,6,9,15,0,30,0,17,52,0,69,6,26,67,0,99,8,0,8,107
07/21/2017,LWS,ID,ANM,WE,Federal Contract Tower,5,9,3,2,19,0,6,44,2,52,5,15,47,4,71,12,0,12,83
07/22/2017,LWS,ID,ANM,WE,Federal Contract Tower,3,7,1,0,11,0,4,28,0,32,3,11,29,0,43,8,0,8,51
07/23/2017,LWS,ID,ANM,WE,Federal Contract Tower,5,4,2,0,11,0,6,55,0,61,5,10,57,0,72,60,0,60,132
07/24/2017,LWS,ID,ANM,WE,Federal Contract Tower,5,8,1,0,14,0,8,38,0,46,5,16,39,0,60,6,0,6,66
07/25/2017,LWS,ID,ANM,WE,Federal Contract Tower,5,10,7,0,22,0,7,55,0,62,5,17,62,0,84,0,0,0,84
07/26/2017,LWS,ID,ANM,WE,Federal Contract Tower,5,11,8,0,24,0,21,79,0,100,5,32,87,0,124,28,0,28,152
07/27/2017,LWS,ID,ANM,WE,Federal Contract Tower,6,11,0,0,17,0,14,49,0,63,6,25,49,0,80,8,0,8,88
07/28/2017,LWS,ID,ANM,WE,Federal Contract Tower,5,12,3,0,20,0,14,50,0,64,5,26,53,0,84,8,0,8,92
07/29/2017,LWS,ID,ANM,WE,Federal Contract Tower,3,6,2,0,11,0,2,28,0,30,3,8,30,0,41,0,0,0,41
07/30/2017,LWS,ID,ANM,WE,Federal Contract Tower,6,8,2,0,16,0,0,34,0,34,6,8,36,0,50,38,0,38,88
07/31/2017,LWS,ID,ANM,WE,Federal Contract Tower,3,6,3,1,13,0,7,54,1,62,3,13,57,2,75,62,0,62,137
08/01/2017,LWS,ID,ANM,WE,Federal Contract Tower,6,9,6,0,21,0,10,37,0,47,6,19,43,0,68,12,0,12,80
08/02/2017,LWS,ID,ANM,WE,Federal Contract Tower,3,12,9,0,24,0,13,50,0,63,3,25,59,0,87,44,0,44,131
08/03/2017,LWS,ID,ANM,WE,Federal Contract Tower,6,10,13,0,29,0,7,31,0,38,6,17,44,0,67,8,0,8,75
08/04/2017,LWS,ID,ANM,WE,Federal Contract Tower,3,9,6,0,18,0,5,13,0,18,3,14,19,0,36,16,0,16,52
08/05/2017,LWS,ID,ANM,WE,Federal Contract Tower,3,7,16,0,26,0,0,11,0,11,3,7,27,0,37,12,0,12,49
08/06/2017,LWS,ID,ANM,WE,Federal Contract Tower,2,5,5,0,12,0,0,24,0,24,2,5,29,0,36,4,0,4,40
08/07/2017,LWS,ID,ANM,WE,Federal Contract Tower,3,8,1,0,12,0,9,26,0,35,3,17,27,0,47,6,0,6,53
08/08/2017,LWS,ID,ANM,WE,Federal Contract Tower,4,8,1,0,13,0,14,28,0,42,4,22,29,0,55,6,0,6,61
08/09/2017,LWS,ID,ANM,WE,Federal Contract Tower,4,7,11,0,22,0,9,29,0,38,4,16,40,0,60,24,0,24,84
08/10/2017,LWS,ID,ANM,WE,Federal Contract Tower,4,12,7,0,23,0,10,52,2,64,4,22,59,2,87,4,0,4,91
08/11/2017,LWS,ID,ANM,WE,Federal Contract Tower,3,14,9,0,26,0,6,34,0,40,3,20,43,0,66,28,0,28,94
08/12/2017,LWS,ID,ANM,WE,Federal Contract Tower,3,7,5,0,15,0,4,34,0,38,3,11,39,0,53,38,0,38,91
08/13/2017,LWS,ID,ANM,WE,Federal Contract Tower,1,5,2,0,8,0,6,59,0,65,1,11,61,0,73,62,0,62,135
08/14/2017,LWS,ID,ANM,WE,Federal Contract Tower,4,9,1,0,14,0,5,33,0,38,4,14,34,0,52,10,0,10,62
08/15/2017,LWS,ID,ANM,WE,Federal Contract Tower,4,8,7,2,21,0,7,51,0,58,4,15,58,2,79,26,4,30,109
08/16/2017,LWS,ID,ANM,WE,Federal Contract Tower,3,11,9,0,23,0,4,50,0,54,3,15,59,0,77,24,0,24,101
08/17/2017,LWS,ID,ANM,WE,Federal Contract Tower,4,10,3,0,17,0,2,37,0,39,4,12,40,0,56,16,0,16,72
08/18/2017,LWS,ID,ANM,WE,Federal Contract Tower,4,10,8,0,22,0,7,38,0,45,4,17,46,0,67,28,0,28,95
08/19/2017,LWS,ID,ANM,WE,Federal Contract Tower,4,5,6,0,15,0,5,39,0,44,4,10,45,0,59,6,0,6,65
08/20/2017,LWS,ID,ANM,WE,Federal Contract Tower,4,4,1,0,9,0,0,3,0,3,4,4,4,0,12,0,0,0,12
08/21/2017,LWS,ID,ANM,WE,Federal Contract Tower,7,6,4,0,17,0,2,52,0,54,7,8,56,0,71,0,0,0,71
08/22/2017,LWS,ID,ANM,WE,Federal Contract Tower,3,6,6,0,15,0,7,46,0,53,3,13,52,0,68,0,0,0,68
08/23/2017,LWS,ID,ANM,WE,Federal Contract Tower,3,10,5,0,18,0,7,88,2,97,3,17,93,2,115,90,0,90,205
08/24/2017,LWS,ID,ANM,WE,Federal Contract Tower,4,8,11,0,23,0,6,30,0,36,4,14,41,0,59,28,0,28,87
08/25/2017,LWS,ID,ANM,WE,Federal Contract Tower,4,7,6,0,17,0,8,39,0,47,4,15,45,0,64,6,2,8,72
08/26/2017,LWS,ID,ANM,WE,Federal Contract Tower,4,4,4,0,12,0,0,35,0,35,4,4,39,0,47,22,0,22,69
08/27/2017,LWS,ID,ANM,WE,Federal Contract Tower,3,4,3,0,10,0,8,57,0,65,3,12,60,0,75,24,0,24,99
08/28/2017,LWS,ID,ANM,WE,Federal Contract Tower,4,8,3,0,15,0,4,41,0,45,4,12,44,0,60,34,0,34,94
08/29/2017,LWS,ID,ANM,WE,Federal Contract Tower,4,10,6,0,20,0,2,25,0,27,4,12,31,0,47,20,0,20,67
08/30/2017,LWS,ID,ANM,WE,Federal Contract Tower,5,9,6,0,20,0,2,55,0,57,5,11,61,0,77,8,0,8,85
08/31/2017,LWS,ID,ANM,WE,Federal Contract Tower,3,7,7,0,17,0,5,38,0,43,3,12,45,0,60,14,0,14,74
09/01/2017,LWS,ID,ANM,WE,Federal Contract Tower,4,11,3,0,18,0,6,47,0,53,4,17,50,0,71,38,0,38,109
09/02/2017,LWS,ID,ANM,WE,Federal Contract Tower,4,5,5,0,14,0,0,33,0,33,4,5,38,0,47,44,0,44,91
09/03/2017,LWS,ID,ANM,WE,Federal Contract Tower,3,1,4,0,8,0,4,40,0,44,3,5,44,0,52,22,0,22,74
09/04/2017,LWS,ID,ANM,WE,Federal Contract Tower,5,4,7,0,16,0,8,59,0,67,5,12,66,0,83,38,0,38,121
09/05/2017,LWS,ID,ANM,WE,Federal Contract Tower,5,13,7,0,25,0,2,9,0,11,5,15,16,0,36,0,0,0,36
09/06/2017,LWS,ID,ANM,WE,Federal Contract Tower,5,22,7,0,34,0,0,0,0,0,5,22,7,0,34,0,0,0,34
09/07/2017,LWS,ID,ANM,WE,Federal Contract Tower,6,11,17,0,34,0,0,0,0,0,6,11,17,0,34,0,0,0,34
09/08/2017,LWS,ID,ANM,WE,Federal Contract Tower,9,14,7,0,30,0,0,3,0,3,9,14,10,0,33,0,0,0,33
09/09/2017,LWS,ID,ANM,WE,Federal Contract Tower,4,5,1,1,11,0,4,20,0,24,4,9,21,1,35,38,0,38,73
09/10/2017,LWS,ID,ANM,WE,Federal Contract Tower,4,4,0,0,8,0,0,0,0,0,4,4,0,0,8,16,0,16,24
09/11/2017,LWS,ID,ANM,WE,Federal Contract Tower,5,7,7,0,19,0,6,42,0,48,5,13,49,0,67,26,0,26,93
09/12/2017,LWS,ID,ANM,WE,Federal Contract Tower,5,10,6,0,21,0,7,22,0,29,5,17,28,0,50,18,0,18,68
09/13/2017,LWS,ID,ANM,WE,Federal Contract Tower,4,9,8,0,21,0,3,36,0,39,4,12,44,0,60,8,0,8,68
09/14/2017,LWS,ID,ANM,WE,Federal Contract Tower,7,7,19,0,33,0,6,36,0,42,7,13,55,0,75,16,0,16,91
09/15/2017,LWS,ID,ANM,WE,Federal Contract Tower,5,6,2,0,13,0,10,35,0,45,5,16,37,0,58,62,0,62,120
09/16/2017,LWS,ID,ANM,WE,Federal Contract Tower,3,5,3,0,11,0,8,26,0,34,3,13,29,0,45,24,0,24,69
09/17/2017,LWS,ID,ANM,WE,Federal Contract Tower,7,6,3,0,16,0,2,24,0,26,7,8,27,0,42,2,0,2,44
09/18/2017,LWS,ID,ANM,WE,Federal Contract Tower,3,7,7,0,17,0,3,10,0,13,3,10,17,0,30,0,0,0,30
09/19/2017,LWS,ID,ANM,WE,Federal Contract Tower,5,8,6,0,19,0,1,14,0,15,5,9,20,0,34,6,0,6,40
09/20/2017,LWS,ID,ANM,WE,Federal Contract Tower,5,11,10,0,26,0,2,12,0,14,5,13,22,0,40,0,0,0,40
09/21/2017,LWS,ID,ANM,WE,Federal Contract Tower,3,10,3,0,16,0,4,19,0,23,3,14,22,0,39,22,0,22,61
09/22/2017,LWS,ID,ANM,WE,Federal Contract Tower,8,10,3,0,21,0,6,30,0,36,8,16,33,0,57,10,0,10,67
09/23/2017,LWS,ID,ANM,WE,Federal Contract Tower,4,7,2,0,13,0,9,36,0,45,4,16,38,0,58,10,0,10,68
09/24/2017,LWS,ID,ANM,WE,Federal Contract Tower,5,4,2,0,11,0,2,28,0,30,5,6,30,0,41,26,0,26,67
09/25/2017,LWS,ID,ANM,WE,Federal Contract Tower,5,9,2,0,16,0,3,46,0,49,5,12,48,0,65,14,0,14,79
09/26/2017,LWS,ID,ANM,WE,Federal Contract Tower,5,16,4,0,25,0,5,44,0,49,5,21,48,0,74,22,0,22,96
09/27/2017,LWS,ID,ANM,WE,Federal Contract Tower,5,11,5,0,21,0,3,55,0,58,5,14,60,0,79,28,0,28,107
09/28/2017,LWS,ID,ANM,WE,Federal Contract Tower,7,8,8,0,23,0,4,45,2,51,7,12,53,2,74,48,0,48,122
09/29/2017,LWS,ID,ANM,WE,Federal Contract Tower,5,6,9,0,20,0,5,42,0,47,5,11,51,0,67,38,0,38,105
09/30/2017,LWS,ID,ANM,WE,Federal Contract Tower,3,7,3,0,13,0,8,55,0,63,3,15,58,0,76,24,0,24,100
10/01/2017,LWS,ID,ANM,WE,Federal Contract Tower,5,2,1,0,8,0,6,15,0,21,5,8,16,0,29,12,0,12,41
10/02/2017,LWS,ID,ANM,WE,Federal Contract Tower,5,6,3,0,14,0,8,25,0,33,5,14,28,0,47,10,0,10,57
10/03/2017,LWS,ID,ANM,WE,Federal Contract Tower,4,5,1,0,10,0,6,26,0,32,4,11,27,0,42,12,0,12,54
10/04/2017,LWS,ID,ANM,WE,Federal Contract Tower,5,5,8,0,18,0,5,39,0,44,5,10,47,0,62,12,0,12,74
10/05/2017,LWS,ID,ANM,WE,Federal Contract Tower,5,5,7,0,17,0,4,58,0,62,5,9,65,0,79,72,0,72,151
10/06/2017,LWS,ID,ANM,WE,Federal Contract Tower,7,5,3,0,15,0,4,47,0,51,7,9,50,0,66,60,0,60,126
10/07/2017,LWS,ID,ANM,WE,Federal Contract Tower,4,6,1,0,11,0,4,15,0,19,4,10,16,0,30,2,0,2,32
10/08/2017,LWS,ID,ANM,WE,Federal Contract Tower,5,4,9,0,18,0,6,50,0,56,5,10,59,0,74,12,0,12,86
10/09/2017,LWS,ID,ANM,WE,Federal Contract Tower,5,9,0,0,14,0,16,57,0,73,5,25,57,0,87,34,0,34,121
10/10/2017,LWS,ID,ANM,WE,Federal Contract Tower,5,7,4,0,16,0,7,21,0,28,5,14,25,0,44,16,0,16,60
10/11/2017,LWS,ID,ANM,WE,Federal Contract Tower,5,12,5,0,22,0,8,46,0,54,5,20,51,0,76,4,0,4,80
10/12/2017,LWS,ID,ANM,WE,Federal Contract Tower,7,7,8,0,22,0,4,14,0,18,7,11,22,0,40,18,0,18,58
10/13/2017,LWS,ID,ANM,WE,Federal Contract Tower,7,8,4,0,19,0,3,5,0,8,7,11,9,0,27,22,0,22,49
10/14/2017,LWS,ID,ANM,WE,Federal Contract Tower,3,5,1,0,9,0,3,25,0,28,3,8,26,0,37,28,0,28,65
10/15/2017,LWS,ID,ANM,WE,Federal Contract Tower,7,6,0,0,13,0,0,17,0,17,7,6,17,0,30,8,0,8,38
10/16/2017,LWS,ID,ANM,WE,Federal Contract Tower,5,6,4,0,15,0,4,61,0,65,5,10,65,0,80,62,0,62,142
10/17/2017,LWS,ID,ANM,WE,Federal Contract Tower,5,10,10,0,25,0,6,18,2,26,5,16,28,2,51,6,0,6,57
10/18/2017,LWS,ID,ANM,WE,Federal Contract Tower,5,7,7,0,19,0,7,19,0,26,5,14,26,0,45,4,0,4,49
10/19/2017,LWS,ID,ANM,WE,Federal Contract Tower,5,13,2,0,20,0,9,13,0,22,5,22,15,0,42,18,0,18,60
10/20/2017,LWS,ID,ANM,WE,Federal Contract Tower,7,9,4,0,20,0,3,11,0,14,7,12,15,0,34,36,0,36,70
10/21/2017,LWS,ID,ANM,WE,Federal Contract Tower,5,5,6,0,16,0,0,8,0,8,5,5,14,0,24,8,0,8,32
10/22/2017,LWS,ID,ANM,WE,Federal Contract Tower,5,2,4,0,11,0,4,3,0,7,5,6,7,0,18,0,0,0,18
10/23/2017,LWS,ID,ANM,WE,Federal Contract Tower,5,5,3,0,13,0,5,34,0,39,5,10,37,0,52,36,0,36,88
10/24/2017,LWS,ID,ANM,WE,Federal Contract Tower,3,6,1,4,14,0,3,44,0,47,3,9,45,4,61,32,0,32,93
10/25/2017,LWS,ID,ANM,WE,Federal Contract Tower,6,6,6,0,18,0,7,27,0,34,6,13,33,0,52,78,0,78,130
10/26/2017,LWS,ID,ANM,WE,Federal Contract Tower,4,11,7,0,22,0,3,29,0,32,4,14,36,0,54,90,0,90,144
10/27/2017,LWS,ID,ANM,WE,Federal Contract Tower,5,8,4,2,19,0,7,46,0,53,5,15,50,2,72,150,0,150,222
10/28/2017,LWS,ID,ANM,WE,Federal Contract Tower,4,5,4,0,13,0,0,31,0,31,4,5,35,0,44,26,0,26,70
10/29/2017,LWS,ID,ANM,WE,Federal Contract Tower,5,6,6,0,17,0,0,29,0,29,5,6,35,0,46,0,0,0,46
10/30/2017,LWS,ID,ANM,WE,Federal Contract Tower,5,8,2,0,15,0,8,61,0,69,5,16,63,0,84,46,0,46,130
10/31/2017,LWS,ID,ANM,WE,Federal Contract Tower,8,8,2,0,18,0,2,60,0,62,8,10,62,0,80,50,0,50,130
11/01/2017,LWS,ID,ANM,WE,Federal Contract Tower,6,9,6,0,21,0,3,27,2,32,6,12,33,2,53,20,0,20,73
11/02/2017,LWS,ID,ANM,WE,Federal Contract Tower,5,7,7,2,21,0,1,14,2,17,5,8,21,4,38,12,32,44,82
11/03/2017,LWS,ID,ANM,WE,Federal Contract Tower,7,11,10,0,28,0,2,22,0,24,7,13,32,0,52,32,0,32,84
11/04/2017,LWS,ID,ANM,WE,Federal Contract Tower,6,7,4,0,17,0,0,5,0,5,6,7,9,0,22,0,0,0,22
11/05/2017,LWS,ID,ANM,WE,Federal Contract Tower,3,7,8,0,18,0,0,14,0,14,3,7,22,0,32,16,0,16,48
11/06/2017,LWS,ID,ANM,WE,Federal Contract Tower,5,6,1,0,12,0,2,20,0,22,5,8,21,0,34,0,0,0,34
11/07/2017,LWS,ID,ANM,WE,Federal Contract Tower,5,7,4,0,16,0,4,33,0,37,5,11,37,0,53,16,0,16,69
11/08/2017,LWS,ID,ANM,WE,Federal Contract Tower,5,10,5,0,20,0,6,43,0,49,5,16,48,0,69,6,0,6,75
11/09/2017,LWS,ID,ANM,WE,Federal Contract Tower,5,6,6,6,23,0,13,22,0,35,5,19,28,6,58,36,38,74,132
11/10/2017,LWS,ID,ANM,WE,Federal Contract Tower,5,6,4,0,15,0,3,5,0,8,5,9,9,0,23,4,0,4,27
11/11/2017,LWS,ID,ANM,WE,Federal Contract Tower,3,2,3,0,8,0,0,75,0,75,3,2,78,0,83,146,0,146,229
11/12/2017,LWS,ID,ANM,WE,Federal Contract Tower,5,4,4,0,13,0,0,63,0,63,5,4,67,0,76,84,0,84,160
11/13/2017,LWS,ID,ANM,WE,Federal Contract Tower,5,5,5,0,15,0,3,39,0,42,5,8,44,0,57,80,0,80,137
11/14/2017,LWS,ID,ANM,WE,Federal Contract Tower,5,5,10,0,20,0,3,75,0,78,5,8,85,0,98,20,0,20,118
11/15/2017,LWS,ID,ANM,WE,Federal Contract Tower,5,6,5,0,16,0,6,35,0,41,5,12,40,0,57,24,0,24,81
11/16/2017,LWS,ID,ANM,WE,Federal Contract Tower,7,5,4,0,16,0,10,24,0,34,7,15,28,0,50,18,0,18,68
11/17/2017,LWS,ID,ANM,WE,Federal Contract Tower,5,8,7,0,20,0,8,24,0,32,5,16,31,0,52,16,0,16,68
11/18/2017,LWS,ID,ANM,WE,Federal Contract Tower,5,3,0,0,8,0,0,37,0,37,5,3,37,0,45,6,0,6,51
11/19/2017,LWS,ID,ANM,WE,Federal Contract Tower,5,2,2,0,9,0,0,39,0,39,5,2,41,0,48,28,0,28,76
11/20/2017,LWS,ID,ANM,WE,Federal Contract Tower,5,6,6,0,17,0,2,3,0,5,5,8,9,0,22,0,0,0,22
11/21/2017,LWS,ID,ANM,WE,Federal Contract Tower,5,10,7,0,22,0,2,8,0,10,5,12,15,0,32,0,0,0,32
11/22/2017,LWS,ID,ANM,WE,Federal Contract Tower,5,7,7,0,19,0,5,8,0,13,5,12,15,0,32,12,0,12,44
11/23/2017,LWS,ID,ANM,WE,Federal Contract Tower,5,8,5,0,18,0,1,6,0,7,5,9,11,0,25,6,0,6,31
11/24/2017,LWS,ID,ANM,WE,Federal Contract Tower,7,8,2,0,17,0,6,45,0,51,7,14,47,0,68,32,0,32,100
11/25/2017,LWS,ID,ANM,WE,Federal Contract Tower,4,3,2,0,9,0,0,29,0,29,4,3,31,0,38,26,0,26,64
11/26/2017,LWS,ID,ANM,WE,Federal Contract Tower,5,4,6,0,15,0,1,9,0,10,5,5,15,0,25,10,0,10,35
11/27/2017,LWS,ID,ANM,WE,Federal Contract Tower,5,5,5,0,15,0,6,30,0,36,5,11,35,0,51,12,0,12,63
11/28/2017,LWS,ID,ANM,WE,Federal Contract Tower,5,6,10,0,21,0,7,21,0,28,5,13,31,0,49,48,0,48,97
11/29/2017,LWS,ID,ANM,WE,Federal Contract Tower,5,6,6,0,17,0,4,41,0,45,5,10,47,0,62,44,0,44,106
11/30/2017,LWS,ID,ANM,WE,Federal Contract Tower,5,7,7,0,19,0,0,0,0,0,5,7,7,0,19,24,0,24,43
12/01/2017,LWS,ID,ANM,WE,Federal Contract Tower,7,11,3,0,21,0,13,52,0,65,7,24,55,0,86,88,0,88,174
12/02/2017,LWS,ID,ANM,WE,Federal Contract Tower,4,5,1,0,10,0,0,18,0,18,4,5,19,0,28,8,0,8,36
12/03/2017,LWS,ID,ANM,WE,Federal Contract Tower,5,4,3,0,12,0,0,8,0,8,5,4,11,0,20,14,0,14,34
12/04/2017,LWS,ID,ANM,WE,Federal Contract Tower,5,9,2,0,16,0,2,46,0,48,5,11,48,0,64,128,0,128,192
12/05/2017,LWS,ID,ANM,WE,Federal Contract Tower,5,8,4,0,17,0,9,61,0,70,5,17,65,0,87,168,0,168,255
12/06/2017,LWS,ID,ANM,WE,Federal Contract Tower,5,6,4,0,15,0,4,51,0,55,5,10,55,0,70,178,0,178,248
12/07/2017,LWS,ID,ANM,WE,Federal Contract Tower,6,6,9,0,21,0,2,11,0,13,6,8,20,0,34,88,0,88,122
12/08/2017,LWS,ID,ANM,WE,Federal Contract Tower,5,6,8,0,19,0,0,2,0,2,5,6,10,0,21,26,0,26,47
12/09/2017,LWS,ID,ANM,WE,Federal Contract Tower,3,3,8,0,14,0,2,2,0,4,3,5,10,0,18,0,0,0,18
12/10/2017,LWS,ID,ANM,WE,Federal Contract Tower,5,2,7,0,14,0,0,11,0,11,5,2,18,0,25,0,0,0,25
12/11/2017,LWS,ID,ANM,WE,Federal Contract Tower,5,5,4,0,14,0,0,3,0,3,5,5,7,0,17,0,0,0,17
12/12/2017,LWS,ID,ANM,WE,Federal Contract Tower,5,7,13,0,25,0,4,10,0,14,5,11,23,0,39,22,0,22,61
12/13/2017,LWS,ID,ANM,WE,Federal Contract Tower,6,6,6,0,18,0,0,1,0,1,6,6,7,0,19,0,0,0,19
12/14/2017,LWS,ID,ANM,WE,Federal Contract Tower,4,9,6,0,19,0,0,4,0,4,4,9,10,0,23,2,0,2,25
12/15/2017,LWS,ID,ANM,WE,Federal Contract Tower,5,7,4,0,16,0,0,3,0,3,5,7,7,0,19,16,0,16,35
12/16/2017,LWS,ID,ANM,WE,Federal Contract Tower,3,8,11,1,23,0,0,0,0,0,3,8,11,1,23,0,0,0,23
12/17/2017,LWS,ID,ANM,WE,Federal Contract Tower,5,5,3,0,13,0,0,1,0,1,5,5,4,0,14,1,0,1,15
12/18/2017,LWS,ID,ANM,WE,Federal Contract Tower,5,9,4,0,18,0,0,10,0,10,5,9,14,0,28,0,0,0,28
12/19/2017,LWS,ID,ANM,WE,Federal Contract Tower,5,12,5,0,22,0,1,8,0,9,5,13,13,0,31,4,0,4,35
12/21/2017,LWS,ID,ANM,WE,Federal Contract Tower,5,7,12,0,24,0,8,37,0,45,5,15,49,0,69,10,0,10,79
12/22/2017,LWS,ID,ANM,WE,Federal Contract Tower,4,6,2,0,12,0,0,0,0,0,4,6,2,0,12,0,0,0,12
12/23/2017,LWS,ID,ANM,WE,Federal Contract Tower,5,3,6,0,14,0,2,19,0,21,5,5,25,0,35,0,0,0,35
12/25/2017,LWS,ID,ANM,WE,Federal Contract Tower,5,5,2,0,12,0,0,0,0,0,5,5,2,0,12,0,0,0,12
12/26/2017,LWS,ID,ANM,WE,Federal Contract Tower,5,9,8,0,22,0,1,10,0,11,5,10,18,0,33,22,0,22,55
12/27/2017,LWS,ID,ANM,WE,Federal Contract Tower,5,6,3,0,14,0,0,5,0,5,5,6,8,0,19,0,0,0,19
12/28/2017,LWS,ID,ANM,WE,Federal Contract Tower,6,9,4,0,19,0,0,0,0,0,6,9,4,0,19,8,0,8,27
12/29/2017,LWS,ID,ANM,WE,Federal Contract Tower,9,3,1,0,13,0,0,0,0,0,9,3,1,0,13,0,0,0,13
12/30/2017,LWS,ID,ANM,WE,Federal Contract Tower,3,5,1,0,9,0,1,12,0,13,3,6,13,0,22,40,0,40,62
12/31/2017,LWS,ID,ANM,WE,Federal Contract Tower,7,3,3,0,13,0,0,0,0,0,7,3,3,0,13,0,0,0,13
01/01/2018,LWS,ID,ANM,WE,Federal Contract Tower,3,6,4,0,13,0,0,3,0,3,3,6,7,0,16,0,0,0,16
01/02/2018,LWS,ID,ANM,WE,Federal Contract Tower,5,10,6,0,21,0,0,5,0,5,5,10,11,0,26,0,0,0,26
01/03/2018,LWS,ID,ANM,WE,Federal Contract Tower,5,8,4,0,17,0,1,9,0,10,5,9,13,0,27,16,0,16,43
01/04/2018,LWS,ID,ANM,WE,Federal Contract Tower,5,9,3,2,19,0,2,3,0,5,5,11,6,2,24,4,0,4,28
01/05/2018,LWS,ID,ANM,WE,Federal Contract Tower,5,9,1,0,15,0,1,6,0,7,5,10,7,0,22,16,0,16,38
01/06/2018,LWS,ID,ANM,WE,Federal Contract Tower,3,5,0,0,8,0,0,0,0,0,3,5,0,0,8,0,0,0,8
01/07/2018,LWS,ID,ANM,WE,Federal Contract Tower,5,4,3,0,12,0,1,12,0,13,5,5,15,0,25,26,0,26,51
01/08/2018,LWS,ID,ANM,WE,Federal Contract Tower,5,8,4,0,17,0,2,16,0,18,5,10,20,0,35,52,0,52,87
01/09/2018,LWS,ID,ANM,WE,Federal Contract Tower,5,4,5,0,14,0,2,8,0,10,5,6,13,0,24,16,0,16,40
01/10/2018,LWS,ID,ANM,WE,Federal Contract Tower,5,4,17,0,26,0,14,26,0,40,5,18,43,0,66,20,0,20,86
01/11/2018,LWS,ID,ANM,WE,Federal Contract Tower,6,10,0,0,16,0,0,1,0,1,6,10,1,0,17,0,0,0,17
01/12/2018,LWS,ID,ANM,WE,Federal Contract Tower,4,4,4,0,12,0,7,17,0,24,4,11,21,0,36,8,0,8,44
01/13/2018,LWS,ID,ANM,WE,Federal Contract Tower,3,3,6,0,12,0,0,33,0,33,3,3,39,0,45,40,0,40,85
01/14/2018,LWS,ID,ANM,WE,Federal Contract Tower,6,5,9,0,20,0,0,28,0,28,6,5,37,0,48,18,0,18,66
01/15/2018,LWS,ID,ANM,WE,Federal Contract Tower,5,6,5,0,16,0,3,45,0,48,5,9,50,0,64,60,0,60,124
01/16/2018,LWS,ID,ANM,WE,Federal Contract Tower,5,6,5,0,16,0,6,12,0,18,5,12,17,0,34,4,0,4,38
01/17/2018,LWS,ID,ANM,WE,Federal Contract Tower,5,7,5,0,17,0,11,32,0,43,5,18,37,0,60,14,0,14,74
01/18/2018,LWS,ID,ANM,WE,Federal Contract Tower,5,6,9,0,20,0,1,3,0,4,5,7,12,0,24,0,0,0,24
01/19/2018,LWS,ID,ANM,WE,Federal Contract Tower,5,14,10,0,29,0,0,11,0,11,5,14,21,0,40,50,0,50,90
01/20/2018,LWS,ID,ANM,WE,Federal Contract Tower,3,6,2,0,11,0,1,11,0,12,3,7,13,0,23,52,0,52,75
01/21/2018,LWS,ID,ANM,WE,Federal Contract Tower,5,2,2,0,9,0,1,13,0,14,5,3,15,0,23,34,0,34,57
01/22/2018,LWS,ID,ANM,WE,Federal Contract Tower,5,6,5,0,16,0,5,18,0,23,5,11,23,0,39,62,0,62,101
01/23/2018,LWS,ID,ANM,WE,Federal Contract Tower,5,7,4,0,16,0,3,11,0,14,5,10,15,0,30,2,0,2,32
01/24/2018,LWS,ID,ANM,WE,Federal Contract Tower,5,6,8,0,19,0,4,26,0,30,5,10,34,0,49,26,0,26,75
01/25/2018,LWS,ID,ANM,WE,Federal Contract Tower,5,7,11,4,27,0,2,25,0,27,5,9,36,4,54,70,0,70,124
01/26/2018,LWS,ID,ANM,WE,Federal Contract Tower,4,6,3,0,13,0,0,8,0,8,4,6,11,0,21,12,0,12,33
01/27/2018,LWS,ID,ANM,WE,Federal Contract Tower,5,3,1,2,11,0,6,5,0,11,5,9,6,2,22,10,0,10,32
01/28/2018,LWS,ID,ANM,WE,Federal Contract Tower,5,5,2,0,12,0,0,3,0,3,5,5,5,0,15,4,0,4,19
01/29/2018,LWS,ID,ANM,WE,Federal Contract Tower,5,8,3,2,18,0,2,8,2,12,5,10,11,4,30,0,0,0,30
01/30/2018,LWS,ID,ANM,WE,Federal Contract Tower,6,3,7,0,16,0,6,5,0,11,6,9,12,0,27,8,0,8,35
01/31/2018,LWS,ID,ANM,WE,Federal Contract Tower,5,4,4,0,13,0,10,29,0,39,5,14,33,0,52,40,0,40,92
02/01/2018,LWS,ID,ANM,WE,Federal Contract Tower,5,8,1,0,14,0,3,16,0,19,5,11,17,0,33,0,0,0,33
02/02/2018,LWS,ID,ANM,WE,Federal Contract Tower,5,10,2,0,17,0,0,0,0,0,5,10,2,0,17,4,0,4,21
02/03/2018,LWS,ID,ANM,WE,Federal Contract Tower,3,2,6,0,11,0,0,0,0,0,3,2,6,0,11,26,0,26,37
02/04/2018,LWS,ID,ANM,WE,Federal Contract Tower,5,4,6,0,15,0,0,1,0,1,5,4,7,0,16,0,0,0,16
02/05/2018,LWS,ID,ANM,WE,Federal Contract Tower,5,8,3,0,16,0,7,11,0,18,5,15,14,0,34,24,0,24,58
02/06/2018,LWS,ID,ANM,WE,Federal Contract Tower,5,4,1,1,11,0,9,36,1,46,5,13,37,2,57,40,2,42,99
02/07/2018,LWS,ID,ANM,WE,Federal Contract Tower,5,6,2,0,13,0,2,51,0,53,5,8,53,0,66,26,0,26,92
02/08/2018,LWS,ID,ANM,WE,Federal Contract Tower,5,5,8,2,20,0,4,22,0,26,5,9,30,2,46,8,2,10,56
02/09/2018,LWS,ID,ANM,WE,Federal Contract Tower,7,4,0,0,11,0,9,25,0,34,7,13,25,0,45,38,0,38,83
02/10/2018,LWS,ID,ANM,WE,Federal Contract Tower,3,3,1,0,7,0,0,0,0,0,3,3,1,0,7,34,0,34,41
02/11/2018,LWS,ID,ANM,WE,Federal Contract Tower,5,2,1,0,8,0,5,28,0,33,5,7,29,0,41,54,0,54,95
02/12/2018,LWS,ID,ANM,WE,Federal Contract Tower,9,5,7,0,21,0,5,41,0,46,9,10,48,0,67,12,0,12,79
02/13/2018,LWS,ID,ANM,WE,Federal Contract Tower,5,5,3,0,13,0,5,35,2,42,5,10,38,2,55,32,0,32,87
02/14/2018,LWS,ID,ANM,WE,Federal Contract Tower,5,16,6,0,27,0,0,0,0,0,5,16,6,0,27,0,0,0,27
02/15/2018,LWS,ID,ANM,WE,Federal Contract Tower,7,9,7,0,23,0,3,22,0,25,7,12,29,0,48,58,0,58,106
02/16/2018,LWS,ID,ANM,WE,Federal Contract Tower,5,10,7,0,22,0,4,12,0,16,5,14,19,0,38,12,0,12,50
02/17/2018,LWS,ID,ANM,WE,Federal Contract Tower,3,5,8,0,16,0,0,0,0,0,3,5,8,0,16,0,0,0,16
02/18/2018,LWS,ID,ANM,WE,Federal Contract Tower,5,3,2,0,10,0,0,0,0,0,5,3,2,0,10,24,0,24,34
02/19/2018,LWS,ID,ANM,WE,Federal Contract Tower,5,6,1,0,12,0,6,3,0,9,5,12,4,0,21,0,0,0,21
02/20/2018,LWS,ID,ANM,WE,Federal Contract Tower,5,6,5,0,16,0,4,27,0,31,5,10,32,0,47,28,0,28,75
02/21/2018,LWS,ID,ANM,WE,Federal Contract Tower,5,8,5,2,20,0,5,48,0,53,5,13,53,2,73,30,0,30,103
02/22/2018,LWS,ID,ANM,WE,Federal Contract Tower,4,6,10,0,20,0,2,5,0,7,4,8,15,0,27,8,0,8,35
02/23/2018,LWS,ID,ANM,WE,Federal Contract Tower,4,6,3,0,13,0,2,20,0,22,4,8,23,0,35,14,0,14,49
02/24/2018,LWS,ID,ANM,WE,Federal Contract Tower,3,5,4,0,12,0,0,0,0,0,3,5,4,0,12,0,0,0,12
02/25/2018,LWS,ID,ANM,WE,Federal Contract Tower,5,5,7,0,17,0,1,0,0,1,5,6,7,0,18,0,0,0,18
02/26/2018,LWS,ID,ANM,WE,Federal Contract Tower,5,6,5,0,16,0,2,34,0,36,5,8,39,0,52,30,0,30,82
02/27/2018,LWS,ID,ANM,WE,Federal Contract Tower,5,9,10,0,24,0,3,13,0,16,5,12,23,0,40,0,0,0,40
02/28/2018,LWS,ID,ANM,WE,Federal Contract Tower,5,6,8,0,19,0,4,29,0,33,5,10,37,0,52,18,0,18,70
03/01/2018,LWS,ID,ANM,WE,Federal Contract Tower,5,6,3,0,14,0,6,4,0,10,5,12,7,0,24,0,0,0,24
03/02/2018,LWS,ID,ANM,WE,Federal Contract Tower,5,8,3,0,16,0,5,15,0,20,5,13,18,0,36,0,0,0,36
03/03/2018,LWS,ID,ANM,WE,Federal Contract Tower,3,3,2,0,8,0,2,29,4,35,3,5,31,4,43,62,0,62,105
03/04/2018,LWS,ID,ANM,WE,Federal Contract Tower,5,2,3,0,10,0,0,23,0,23,5,2,26,0,33,34,0,34,67
03/05/2018,LWS,ID,ANM,WE,Federal Contract Tower,5,6,1,0,12,0,1,27,0,28,5,7,28,0,40,70,0,70,110
03/06/2018,LWS,ID,ANM,WE,Federal Contract Tower,5,3,5,0,13,0,5,70,0,75,5,8,75,0,88,184,0,184,272
03/07/2018,LWS,ID,ANM,WE,Federal Contract Tower,5,6,6,0,17,0,6,65,0,71,5,12,71,0,88,172,0,172,260
03/08/2018,LWS,ID,ANM,WE,Federal Contract Tower,5,9,3,0,17,0,3,18,0,21,5,12,21,0,38,54,0,54,92
03/09/2018,LWS,ID,ANM,WE,Federal Contract Tower,7,5,6,0,18,0,6,14,0,20,7,11,20,0,38,14,0,14,52
03/10/2018,LWS,ID,ANM,WE,Federal Contract Tower,3,3,2,0,8,0,2,43,0,45,3,5,45,0,53,48,0,48,101
03/11/2018,LWS,ID,ANM,WE,Federal Contract Tower,6,3,3,0,12,0,4,68,0,72,6,7,71,0,84,30,0,30,114
03/12/2018,LWS,ID,ANM,WE,Federal Contract Tower,8,3,0,0,11,0,7,69,0,76,8,10,69,0,87,112,0,112,199
03/13/2018,LWS,ID,ANM,WE,Federal Contract Tower,3,8,7,0,18,0,7,66,0,73,3,15,73,0,91,54,0,54,145
03/14/2018,LWS,ID,ANM,WE,Federal Contract Tower,4,14,10,0,28,0,4,5,0,9,4,18,15,0,37,2,0,2,39
03/15/2018,LWS,ID,ANM,WE,Federal Contract Tower,6,9,7,0,22,0,5,47,0,52,6,14,54,0,74,24,0,24,98
03/16/2018,LWS,ID,ANM,WE,Federal Contract Tower,6,6,11,0,23,0,6,64,2,72,6,12,75,2,95,48,0,48,143
03/17/2018,LWS,ID,ANM,WE,Federal Contract Tower,5,4,3,0,12,0,0,4,0,4,5,4,7,0,16,0,0,0,16
03/18/2018,LWS,ID,ANM,WE,Federal Contract Tower,6,2,8,0,16,0,4,23,0,27,6,6,31,0,43,4,0,4,47
03/19/2018,LWS,ID,ANM,WE,Federal Contract Tower,6,4,5,0,15,0,2,61,0,63,6,6,66,0,78,8,0,8,86
03/20/2018,LWS,ID,ANM,WE,Federal Contract Tower,4,8,3,0,15,0,2,77,0,79,4,10,80,0,94,20,0,20,114
03/21/2018,LWS,ID,ANM,WE,Federal Contract Tower,4,5,8,0,17,0,7,53,0,60,4,12,61,0,77,12,0,12,89
03/22/2018,LWS,ID,ANM,WE,Federal Contract Tower,6,7,10,0,23,0,8,25,0,33,6,15,35,0,56,0,0,0,56
03/23/2018,LWS,ID,ANM,WE,Federal Contract Tower,6,11,10,0,27,0,3,45,0,48,6,14,55,0,75,26,0,26,101
03/24/2018,LWS,ID,ANM,WE,Federal Contract Tower,4,3,5,0,12,0,2,5,0,7,4,5,10,0,19,6,0,6,25
03/25/2018,LWS,ID,ANM,WE,Federal Contract Tower,6,2,6,0,14,0,2,35,0,37,6,4,41,0,51,42,0,42,93
03/26/2018,LWS,ID,ANM,WE,Federal Contract Tower,6,7,3,0,16,0,7,58,0,65,6,14,61,0,81,26,0,26,107
03/27/2018,LWS,ID,ANM,WE,Federal Contract Tower,3,6,4,0,13,0,7,39,0,46,3,13,43,0,59,40,0,40,99
03/28/2018,LWS,ID,ANM,WE,Federal Contract Tower,6,6,2,0,14,0,2,29,0,31,6,8,31,0,45,28,0,28,73
03/29/2018,LWS,ID,ANM,WE,Federal Contract Tower,5,8,8,0,21,0,4,42,0,46,5,12,50,0,67,40,0,40,107
03/30/2018,LWS,ID,ANM,WE,Federal Contract Tower,6,4,1,0,11,0,3,35,0,38,6,7,36,0,49,24,0,24,73
03/31/2018,LWS,ID,ANM,WE,Federal Contract Tower,4,3,1,0,8,0,0,46,0,46,4,3,47,0,54,50,0,50,104
04/01/2018,LWS,ID,ANM,WE,Federal Contract Tower,5,2,0,0,7,0,2,13,0,15,5,4,13,0,22,0,0,0,22
04/02/2018,LWS,ID,ANM,WE,Federal Contract Tower,6,6,2,0,14,0,6,9,0,15,6,12,11,0,29,8,0,8,37
04/03/2018,LWS,ID,ANM,WE,Federal Contract Tower,4,6,6,0,16,0,7,33,0,40,4,13,39,0,56,22,0,22,78
04/04/2018,LWS,ID,ANM,WE,Federal Contract Tower,4,9,3,0,16,0,3,2,0,5,4,12,5,0,21,0,0,0,21
04/05/2018,LWS,ID,ANM,WE,Federal Contract Tower,6,7,2,0,15,0,0,5,0,5,6,7,7,0,20,0,0,0,20
04/06/2018,LWS,ID,ANM,WE,Federal Contract Tower,9,8,5,0,22,0,0,20,0,20,9,8,25,0,42,0,0,0,42
04/07/2018,LWS,ID,ANM,WE,Federal Contract Tower,4,3,2,0,9,0,4,3,0,7,4,7,5,0,16,0,0,0,16
04/08/2018,LWS,ID,ANM,WE,Federal Contract Tower,5,6,6,0,17,0,4,3,0,7,5,10,9,0,24,0,0,0,24
04/09/2018,LWS,ID,ANM,WE,Federal Contract Tower,8,4,6,0,18,0,1,50,0,51,8,5,56,0,69,20,0,20,89
04/10/2018,LWS,ID,ANM,WE,Federal Contract Tower,4,4,4,0,12,0,5,15,0,20,4,9,19,0,32,2,0,2,34
04/11/2018,LWS,ID,ANM,WE,Federal Contract Tower,4,5,4,0,13,0,3,30,2,35,4,8,34,2,48,6,0,6,54
04/12/2018,LWS,ID,ANM,WE,Federal Contract Tower,6,8,8,0,22,0,2,3,0,5,6,10,11,0,27,0,0,0,27
04/13/2018,LWS,ID,ANM,WE,Federal Contract Tower,6,5,9,0,20,0,4,34,0,38,6,9,43,0,58,18,0,18,76
04/14/2018,LWS,ID,ANM,WE,Federal Contract Tower,3,3,9,0,15,0,3,21,0,24,3,6,30,0,39,36,0,36,75
04/15/2018,LWS,ID,ANM,WE,Federal Contract Tower,5,2,5,0,12,0,2,12,0,14,5,4,17,0,26,0,0,0,26
04/16/2018,LWS,ID,ANM,WE,Federal Contract Tower,6,3,3,0,12,0,5,5,0,10,6,8,8,0,22,16,0,16,38
04/17/2018,LWS,ID,ANM,WE,Federal Contract Tower,3,6,4,0,13,0,2,11,0,13,3,8,15,0,26,0,0,0,26
04/18/2018,LWS,ID,ANM,WE,Federal Contract Tower,4,7,14,0,25,0,3,40,0,43,4,10,54,0,68,18,0,18,86
04/19/2018,LWS,ID,ANM,WE,Federal Contract Tower,5,6,12,0,23,0,1,46,0,47,5,7,58,0,70,46,0,46,116
04/20/2018,LWS,ID,ANM,WE,Federal Contract Tower,6,5,7,0,18,0,7,49,0,56,6,12,56,0,74,48,0,48,122
04/21/2018,LWS,ID,ANM,WE,Federal Contract Tower,3,1,1,0,5,0,2,22,0,24,3,3,23,0,29,0,0,0,29
04/22/2018,LWS,ID,ANM,WE,Federal Contract Tower,6,2,4,0,12,0,1,73,0,74,6,3,77,0,86,70,0,70,156
04/23/2018,LWS,ID,ANM,WE,Federal Contract Tower,6,5,7,0,18,0,12,47,0,59,6,17,54,0,77,54,0,54,131
04/24/2018,LWS,ID,ANM,WE,Federal Contract Tower,4,5,3,0,12,0,5,77,0,82,4,10,80,0,94,88,0,88,182
04/25/2018,LWS,ID,ANM,WE,Federal Contract Tower,3,5,10,0,18,0,14,69,0,83,3,19,79,0,101,32,0,32,133
04/26/2018,LWS,ID,ANM,WE,Federal Contract Tower,6,6,5,0,17,0,12,50,0,62,6,18,55,0,79,54,0,54,133
04/27/2018,LWS,ID,ANM,WE,Federal Contract Tower,5,5,9,0,19,0,2,34,0,36,5,7,43,0,55,18,0,18,73
04/28/2018,LWS,ID,ANM,WE,Federal Contract Tower,4,4,1,0,9,0,1,14,0,15,4,5,15,0,24,44,0,44,68
04/29/2018,LWS,ID,ANM,WE,Federal Contract Tower,6,2,2,0,10,0,0,17,0,17,6,2,19,0,27,42,0,42,69
04/30/2018,LWS,ID,ANM,WE,Federal Contract Tower,6,6,3,0,15,0,6,44,0,50,6,12,47,0,65,50,0,50,115
05/01/2018,LWS,ID,ANM,WE,Federal Contract Tower,3,6,5,0,14,0,4,37,0,41,3,10,42,0,55,18,0,18,73
05/02/2018,LWS,ID,ANM,WE,Federal Contract Tower,4,6,4,0,14,0,4,65,8,77,4,10,69,8,91,2,0,2,93
05/03/2018,LWS,ID,ANM,WE,Federal Contract Tower,6,5,4,0,15,0,3,62,2,67,6,8,66,2,82,50,0,50,132
05/04/2018,LWS,ID,ANM,WE,Federal Contract Tower,5,8,3,0,16,0,5,39,0,44,5,13,42,0,60,44,0,44,104
05/05/2018,LWS,ID,ANM,WE,Federal Contract Tower,4,3,0,0,7,0,7,70,0,77,4,10,70,0,84,30,0,30,114
05/06/2018,LWS,ID,ANM,WE,Federal Contract Tower,6,3,3,0,12,0,0,10,0,10,6,3,13,0,22,0,0,0,22
05/07/2018,LWS,ID,ANM,WE,Federal Contract Tower,6,10,4,0,20,0,5,9,0,14,6,15,13,0,34,6,0,6,40
05/08/2018,LWS,ID,ANM,WE,Federal Contract Tower,3,6,4,0,13,0,2,42,0,44,3,8,46,0,57,34,0,34,91
05/09/2018,LWS,ID,ANM,WE,Federal Contract Tower,3,7,7,0,17,0,4,17,0,21,3,11,24,0,38,0,0,0,38
05/10/2018,LWS,ID,ANM,WE,Federal Contract Tower,6,6,12,0,24,0,6,33,0,39,6,12,45,0,63,28,0,28,91
05/11/2018,LWS,ID,ANM,WE,Federal Contract Tower,5,12,15,0,32,0,1,14,0,15,5,13,29,0,47,50,0,50,97
05/12/2018,LWS,ID,ANM,WE,Federal Contract Tower,4,4,1,0,9,0,3,26,0,29,4,7,27,0,38,54,0,54,92
05/13/2018,LWS,ID,ANM,WE,Federal Contract Tower,6,3,2,0,11,0,0,41,0,41,6,3,43,0,52,24,0,24,76
05/14/2018,LWS,ID,ANM,WE,Federal Contract Tower,6,6,10,0,22,0,4,59,0,63,6,10,69,0,85,24,0,24,109
05/15/2018,LWS,ID,ANM,WE,Federal Contract Tower,3,5,11,0,19,0,6,97,2,105,3,11,108,2,124,120,0,120,244
05/16/2018,LWS,ID,ANM,WE,Federal Contract Tower,3,6,7,1,17,0,5,24,1,30,3,11,31,2,47,24,0,24,71
05/17/2018,LWS,ID,ANM,WE,Federal Contract Tower,6,9,12,0,27,0,1,32,0,33,6,10,44,0,60,64,0,64,124
05/18/2018,LWS,ID,ANM,WE,Federal Contract Tower,6,6,10,0,22,0,1,18,0,19,6,7,28,0,41,18,0,18,59
05/19/2018,LWS,ID,ANM,WE,Federal Contract Tower,4,4,3,0,11,0,0,57,0,57,4,4,60,0,68,56,0,56,124
05/20/2018,LWS,ID,ANM,WE,Federal Contract Tower,5,2,2,0,9,0,4,33,0,37,5,6,35,0,46,42,0,42,88
05/21/2018,LWS,ID,ANM,WE,Federal Contract Tower,5,7,2,0,14,0,5,72,0,77,5,12,74,0,91,14,0,14,105
05/22/2018,LWS,ID,ANM,WE,Federal Contract Tower,5,5,4,1,15,0,3,76,1,80,5,8,80,2,95,60,0,60,155
05/23/2018,LWS,ID,ANM,WE,Federal Contract Tower,5,4,4,0,13,0,4,42,0,46,5,8,46,0,59,10,0,10,69
05/24/2018,LWS,ID,ANM,WE,Federal Contract Tower,5,6,8,0,19,0,4,69,2,75,5,10,77,2,94,6,0,6,100
05/25/2018,LWS,ID,ANM,WE,Federal Contract Tower,5,4,7,0,16,0,5,77,0,82,5,9,84,0,98,12,0,12,110
05/26/2018,LWS,ID,ANM,WE,Federal Contract Tower,2,3,0,0,5,0,2,13,0,15,2,5,13,0,20,16,0,16,36
05/27/2018,LWS,ID,ANM,WE,Federal Contract Tower,5,2,1,0,8,0,4,28,0,32,5,6,29,0,40,18,0,18,58
05/28/2018,LWS,ID,ANM,WE,Federal Contract Tower,5,2,3,0,10,0,0,67,0,67,5,2,70,0,77,32,0,32,109
05/29/2018,LWS,ID,ANM,WE,Federal Contract Tower,5,5,12,0,22,0,1,59,0,60,5,6,71,0,82,12,0,12,94
05/30/2018,LWS,ID,ANM,WE,Federal Contract Tower,5,6,3,0,14,0,6,89,0,95,5,12,92,0,109,14,0,14,123
05/31/2018,LWS,ID,ANM,WE,Federal Contract Tower,5,7,7,0,19,0,3,51,0,54,5,10,58,0,73,0,0,0,73
06/01/2018,LWS,ID,ANM,WE,Federal Contract Tower,5,5,3,0,13,0,3,31,0,34,5,8,34,0,47,22,0,22,69
06/02/2018,LWS,ID,ANM,WE,Federal Contract Tower,2,2,7,0,11,0,2,103,0,105,2,4,110,0,116,16,0,16,132
06/03/2018,LWS,ID,ANM,WE,Federal Contract Tower,5,2,1,0,8,0,3,73,0,76,5,5,74,0,84,46,0,46,130
06/04/2018,LWS,ID,ANM,WE,Federal Contract Tower,5,5,3,0,13,0,4,65,0,69,5,9,68,0,82,6,0,6,88
06/05/2018,LWS,ID,ANM,WE,Federal Contract Tower,5,5,3,0,13,0,11,76,0,87,5,16,79,0,100,52,0,52,152
06/06/2018,LWS,ID,ANM,WE,Federal Contract Tower,5,5,6,0,16,0,3,56,0,59,5,8,62,0,75,36,0,36,111
06/07/2018,LWS,ID,ANM,WE,Federal Contract Tower,4,4,2,0,10,0,4,67,0,71,4,8,69,0,81,6,0,6,87
06/08/2018,LWS,ID,ANM,WE,Federal Contract Tower,5,5,2,0,12,0,7,48,0,55,5,12,50,0,67,34,0,34,101
06/09/2018,LWS,ID,ANM,WE,Federal Contract Tower,2,5,4,0,11,0,0,1,0,1,2,5,5,0,12,0,0,0,12
06/10/2018,LWS,ID,ANM,WE,Federal Contract Tower,5,2,2,0,9,0,0,26,0,26,5,2,28,0,35,24,0,24,59
06/11/2018,LWS,ID,ANM,WE,Federal Contract Tower,6,6,10,0,22,0,7,25,0,32,6,13,35,0,54,8,0,8,62
06/12/2018,LWS,ID,ANM,WE,Federal Contract Tower,5,6,2,0,13,0,11,87,0,98,5,17,89,0,111,54,0,54,165
06/13/2018,LWS,ID,ANM,WE,Federal Contract Tower,4,6,9,0,19,0,6,89,0,95,4,12,98,0,114,20,0,20,134
06/14/2018,LWS,ID,ANM,WE,Federal Contract Tower,7,5,9,0,21,0,4,64,0,68,7,9,73,0,89,16,0,16,105
06/15/2018,LWS,ID,ANM,WE,Federal Contract Tower,5,4,2,0,11,0,4,66,0,70,5,8,68,0,81,16,0,16,97
06/16/2018,LWS,ID,ANM,WE,Federal Contract Tower,2,2,5,0,9,0,59,0,0,59,2,61,5,0,68,28,0,28,96
06/17/2018,LWS,ID,ANM,WE,Federal Contract Tower,6,3,3,0,12,1,2,35,0,38,7,5,38,0,50,2,0,2,52
06/18/2018,LWS,ID,ANM,WE,Federal Contract Tower,5,5,9,0,19,0,4,21,0,25,5,9,30,0,44,8,0,8,52
06/19/2018,LWS,ID,ANM,WE,Federal Contract Tower,5,6,15,0,26,0,2,30,0,32,5,8,45,0,58,0,0,0,58
06/20/2018,LWS,ID,ANM,WE,Federal Contract Tower,5,5,8,0,18,0,6,97,0,103,5,11,105,0,121,38,0,38,159
06/21/2018,LWS,ID,ANM,WE,Federal Contract Tower,5,8,6,0,19,0,2,18,0,20,5,10,24,0,39,4,0,4,43
06/22/2018,LWS,ID,ANM,WE,Federal Contract Tower,5,5,2,0,12,0,3,59,0,62,5,8,61,0,74,20,0,20,94
06/23/2018,LWS,ID,ANM,WE,Federal Contract Tower,2,1,4,0,7,0,3,61,0,64,2,4,65,0,71,6,0,6,77
06/24/2018,LWS,ID,ANM,WE,Federal Contract Tower,5,2,0,0,7,0,0,39,0,39,5,2,39,0,46,44,0,44,90
06/25/2018,LWS,ID,ANM,WE,Federal Contract Tower,5,6,3,0,14,0,8,36,0,44,5,14,39,0,58,2,0,2,60
06/26/2018,LWS,ID,ANM,WE,Federal Contract Tower,5,3,7,0,15,0,6,70,0,76,5,9,77,0,91,32,0,32,123
06/27/2018,LWS,ID,ANM,WE,Federal Contract Tower,5,5,1,4,15,0,5,62,0,67,5,10,63,4,82,36,0,36,118
06/28/2018,LWS,ID,ANM,WE,Federal Contract Tower,5,5,6,0,16,0,5,87,0,92,5,10,93,0,108,16,0,16,124
06/29/2018,LWS,ID,ANM,WE,Federal Contract Tower,3,6,3,0,12,0,5,95,0,100,3,11,98,0,112,28,0,28,140
06/30/2018,LWS,ID,ANM,WE,Federal Contract Tower,2,3,1,0,6,0,7,265,0,272,2,10,266,0,278,276,0,276,554
07/01/2018,LWS,ID,ANM,WE,Federal Contract Tower,5,5,7,0,17,0,6,101,0,107,5,11,108,0,124,74,0,74,198
07/02/2018,LWS,ID,ANM,WE,Federal Contract Tower,5,8,4,0,17,0,6,37,0,43,5,14,41,0,60,8,0,8,68
07/03/2018,LWS,ID,ANM,WE,Federal Contract Tower,5,9,8,0,22,0,7,66,0,73,5,16,74,0,95,6,0,6,101
07/04/2018,LWS,ID,ANM,WE,Federal Contract Tower,7,4,1,0,12,0,6,42,0,48,7,10,43,0,60,18,0,18,78
07/05/2018,LWS,ID,ANM,WE,Federal Contract Tower,6,8,5,0,19,0,9,59,0,68,6,17,64,0,87,2,0,2,89
07/06/2018,LWS,ID,ANM,WE,Federal Contract Tower,5,9,5,0,19,0,4,39,0,43,5,13,44,0,62,40,0,40,102
07/07/2018,LWS,ID,ANM,WE,Federal Contract Tower,3,5,3,0,11,0,1,50,0,51,3,6,53,0,62,6,0,6,68
07/08/2018,LWS,ID,ANM,WE,Federal Contract Tower,4,2,10,0,16,0,0,50,0,50,4,2,60,0,66,26,0,26,92
07/09/2018,LWS,ID,ANM,WE,Federal Contract Tower,5,4,5,0,14,0,8,50,0,58,5,12,55,0,72,2,0,2,74
07/10/2018,LWS,ID,ANM,WE,Federal Contract Tower,5,3,3,0,11,0,10,50,0,60,5,13,53,0,71,6,0,6,77
07/11/2018,LWS,ID,ANM,WE,Federal Contract Tower,5,5,4,0,14,0,5,71,0,76,5,10,75,0,90,44,0,44,134
07/12/2018,LWS,ID,ANM,WE,Federal Contract Tower,6,5,3,0,14,0,5,77,0,82,6,10,80,0,96,30,0,30,126
07/13/2018,LWS,ID,ANM,WE,Federal Contract Tower,5,10,5,0,20,0,8,41,0,49,5,18,46,0,69,44,0,44,113
07/14/2018,LWS,ID,ANM,WE,Federal Contract Tower,2,3,1,0,6,0,4,30,0,34,2,7,31,0,40,8,0,8,48
07/15/2018,LWS,ID,ANM,WE,Federal Contract Tower,7,2,6,0,15,0,7,43,0,50,7,9,49,0,65,18,0,18,83
07/16/2018,LWS,ID,ANM,WE,Federal Contract Tower,5,6,1,0,12,0,7,64,0,71,5,13,65,0,83,8,0,8,91
07/17/2018,LWS,ID,ANM,WE,Federal Contract Tower,5,6,14,0,25,0,22,61,0,83,5,28,75,0,108,26,0,26,134
07/18/2018,LWS,ID,ANM,WE,Federal Contract Tower,5,6,6,0,17,0,2,31,0,33,5,8,37,0,50,4,0,4,54
07/19/2018,LWS,ID,ANM,WE,Federal Contract Tower,5,8,11,0,24,0,1,83,0,84,5,9,94,0,108,14,0,14,122
07/20/2018,LWS,ID,ANM,WE,Federal Contract Tower,5,6,8,0,19,0,18,56,0,74,5,24,64,0,93,8,0,8,101
07/21/2018,LWS,ID,ANM,WE,Federal Contract Tower,2,5,3,0,10,0,1,43,0,44,2,6,46,0,54,34,0,34,88
07/22/2018,LWS,ID,ANM,WE,Federal Contract Tower,5,2,4,0,11,0,2,69,0,71,5,4,73,0,82,58,0,58,140
07/23/2018,LWS,ID,ANM,WE,Federal Contract Tower,5,7,8,0,20,0,8,39,0,47,5,15,47,0,67,0,0,0,67
07/24/2018,LWS,ID,ANM,WE,Federal Contract Tower,5,6,4,0,15,0,7,44,0,51,5,13,48,0,66,22,0,22,88
07/25/2018,LWS,ID,ANM,WE,Federal Contract Tower,5,7,11,0,23,0,13,38,0,51,5,20,49,0,74,32,0,32,106
07/26/2018,LWS,ID,ANM,WE,Federal Contract Tower,5,7,10,0,22,0,32,63,0,95,5,39,73,0,117,26,0,26,143
07/27/2018,LWS,ID,ANM,WE,Federal Contract Tower,3,6,4,0,13,0,7,44,0,51,3,13,48,0,64,0,0,0,64
07/28/2018,LWS,ID,ANM,WE,Federal Contract Tower,2,4,4,0,10,0,9,62,0,71,2,13,66,0,81,16,0,16,97
07/29/2018,LWS,ID,ANM,WE,Federal Contract Tower,5,4,2,0,11,0,3,68,0,71,5,7,70,0,82,12,0,12,94
07/30/2018,LWS,ID,ANM,WE,Federal Contract Tower,5,7,2,0,14,0,4,57,0,61,5,11,59,0,75,6,0,6,81
07/31/2018,LWS,ID,ANM,WE,Federal Contract Tower,5,6,0,0,11,0,2,33,0,35,5,8,33,0,46,20,0,20,66
08/01/2018,LWS,ID,ANM,WE,Federal Contract Tower,5,5,4,0,14,0,5,34,0,39,5,10,38,0,53,2,0,2,55
08/02/2018,LWS,ID,ANM,WE,Federal Contract Tower,5,5,4,0,14,0,12,71,0,83,5,17,75,0,97,14,0,14,111
08/03/2018,LWS,ID,ANM,WE,Federal Contract Tower,5,6,11,0,22,0,2,30,0,32,5,8,41,0,54,40,0,40,94
08/04/2018,LWS,ID,ANM,WE,Federal Contract Tower,2,5,0,0,7,0,1,75,0,76,2,6,75,0,83,58,0,58,141
08/05/2018,LWS,ID,ANM,WE,Federal Contract Tower,4,2,8,0,14,0,8,82,0,90,4,10,90,0,104,42,0,42,146
08/06/2018,LWS,ID,ANM,WE,Federal Contract Tower,5,5,8,0,18,0,7,41,0,48,5,12,49,0,66,6,0,6,72
08/07/2018,LWS,ID,ANM,WE,Federal Contract Tower,5,6,8,0,19,0,2,36,0,38,5,8,44,0,57,20,0,20,77
08/08/2018,LWS,ID,ANM,WE,Federal Contract Tower,5,7,2,0,14,0,4,61,0,65,5,11,63,0,79,6,0,6,85
08/09/2018,LWS,ID,ANM,WE,Federal Contract Tower,5,5,5,0,15,0,8,41,0,49,5,13,46,0,64,4,0,4,68
08/10/2018,LWS,ID,ANM,WE,Federal Contract Tower,5,8,1,0,14,0,5,35,0,40,5,13,36,0,54,0,0,0,54
08/11/2018,LWS,ID,ANM,WE,Federal Contract Tower,2,3,6,0,11,0,7,26,0,33,2,10,32,0,44,4,0,4,48
08/12/2018,LWS,ID,ANM,WE,Federal Contract Tower,5,2,3,0,10,0,3,23,0,26,5,5,26,0,36,0,0,0,36
08/13/2018,LWS,ID,ANM,WE,Federal Contract Tower,5,8,7,0,20,0,4,55,0,59,5,12,62,0,79,22,0,22,101
08/14/2018,LWS,ID,ANM,WE,Federal Contract Tower,5,10,8,0,23,0,0,30,0,30,5,10,38,0,53,0,0,0,53
08/15/2018,LWS,ID,ANM,WE,Federal Contract Tower,5,8,17,0,30,0,1,36,0,37,5,9,53,0,67,38,0,38,105
08/16/2018,LWS,ID,ANM,WE,Federal Contract Tower,5,7,17,0,29,0,2,40,0,42,5,9,57,0,71,26,0,26,97
08/17/2018,LWS,ID,ANM,WE,Federal Contract Tower,7,8,5,0,20,0,3,35,0,38,7,11,40,0,58,2,0,2,60
08/18/2018,LWS,ID,ANM,WE,Federal Contract Tower,2,7,1,0,10,0,7,44,0,51,2,14,45,0,61,28,0,28,89
08/19/2018,LWS,ID,ANM,WE,Federal Contract Tower,4,3,5,0,12,0,0,37,0,37,4,3,42,0,49,22,0,22,71
08/20/2018,LWS,ID,ANM,WE,Federal Contract Tower,5,11,8,0,24,0,2,5,0,7,5,13,13,0,31,0,0,0,31
08/21/2018,LWS,ID,ANM,WE,Federal Contract Tower,3,9,3,0,15,0,8,36,0,44,3,17,39,0,59,12,0,12,71
08/22/2018,LWS,ID,ANM,WE,Federal Contract Tower,5,12,13,0,30,0,9,40,0,49,5,21,53,0,79,8,0,8,87
08/23/2018,LWS,ID,ANM,WE,Federal Contract Tower,5,11,12,0,28,0,1,21,0,22,5,12,33,0,50,2,0,2,52
08/24/2018,LWS,ID,ANM,WE,Federal Contract Tower,5,7,4,0,16,0,3,36,0,39,5,10,40,0,55,28,0,28,83
08/25/2018,LWS,ID,ANM,WE,Federal Contract Tower,2,4,2,0,8,0,3,19,0,22,2,7,21,0,30,20,0,20,50
08/26/2018,LWS,ID,ANM,WE,Federal Contract Tower,0,2,5,0,7,0,3,30,0,33,0,5,35,0,40,22,0,22,62
08/27/2018,LWS,ID,ANM,WE,Federal Contract Tower,0,5,11,0,16,0,6,28,0,34,0,11,39,0,50,2,0,2,52
08/28/2018,LWS,ID,ANM,WE,Federal Contract Tower,0,8,9,0,17,0,8,43,0,51,0,16,52,0,68,28,0,28,96
08/29/2018,LWS,ID,ANM,WE,Federal Contract Tower,0,7,7,0,14,0,4,73,0,77,0,11,80,0,91,50,0,50,141
08/30/2018,LWS,ID,ANM,WE,Federal Contract Tower,0,7,8,0,15,0,3,30,0,33,0,10,38,0,48,0,0,0,48
08/31/2018,LWS,ID,ANM,WE,Federal Contract Tower,2,6,5,0,13,0,5,36,0,41,2,11,41,0,54,20,0,20,74
09/01/2018,LWS,ID,ANM,WE,Federal Contract Tower,0,3,4,0,7,0,1,65,0,66,0,4,69,0,73,44,0,44,117
09/02/2018,LWS,ID,ANM,WE,Federal Contract Tower,0,3,2,0,5,0,2,43,0,45,0,5,45,0,50,48,0,48,98
09/03/2018,LWS,ID,ANM,WE,Federal Contract Tower,0,2,5,0,7,0,6,39,0,45,0,8,44,0,52,20,0,20,72
09/04/2018,LWS,ID,ANM,WE,Federal Contract Tower,0,6,12,0,18,0,3,47,0,50,0,9,59,0,68,46,0,46,114
09/05/2018,LWS,ID,ANM,WE,Federal Contract Tower,0,14,6,0,20,0,2,55,0,57,0,16,61,0,77,42,0,42,119
09/06/2018,LWS,ID,ANM,WE,Federal Contract Tower,0,10,3,0,13,0,10,65,1,76,0,20,68,1,89,50,0,50,139
09/07/2018,LWS,ID,ANM,WE,Federal Contract Tower,1,10,2,0,13,0,4,49,1,54,1,14,51,1,67,18,0,18,85
09/08/2018,LWS,ID,ANM,WE,Federal Contract Tower,0,2,2,0,4,0,7,38,0,45,0,9,40,0,49,28,0,28,77
09/09/2018,LWS,ID,ANM,WE,Federal Contract Tower,0,2,2,0,4,0,3,43,0,46,0,5,45,0,50,18,0,18,68
09/10/2018,LWS,ID,ANM,WE,Federal Contract Tower,0,4,9,0,13,0,1,21,2,24,0,5,30,2,37,0,0,0,37
09/11/2018,LWS,ID,ANM,WE,Federal Contract Tower,0,7,3,0,10,0,6,22,0,28,0,13,25,0,38,0,0,0,38
09/12/2018,LWS,ID,ANM,WE,Federal Contract Tower,0,8,3,0,11,0,6,47,0,53,0,14,50,0,64,34,0,34,98
09/13/2018,LWS,ID,ANM,WE,Federal Contract Tower,0,8,6,0,14,0,6,21,2,29,0,14,27,2,43,30,0,30,73
09/14/2018,LWS,ID,ANM,WE,Federal Contract Tower,0,6,5,0,11,0,4,67,0,71,0,10,72,0,82,44,0,44,126
09/15/2018,LWS,ID,ANM,WE,Federal Contract Tower,0,2,2,0,4,0,3,41,2,46,0,5,43,2,50,22,0,22,72
09/16/2018,LWS,ID,ANM,WE,Federal Contract Tower,2,3,3,0,8,0,2,30,0,32,2,5,33,0,40,18,0,18,58
09/17/2018,LWS,ID,ANM,WE,Federal Contract Tower,0,8,7,0,15,0,6,35,0,41,0,14,42,0,56,10,0,10,66
09/18/2018,LWS,ID,ANM,WE,Federal Contract Tower,0,8,9,0,17,0,6,29,0,35,0,14,38,0,52,0,0,0,52
09/19/2018,LWS,ID,ANM,WE,Federal Contract Tower,0,7,4,0,11,0,8,38,0,46,0,15,42,0,57,0,0,0,57
09/20/2018,LWS,ID,ANM,WE,Federal Contract Tower,0,10,1,0,11,0,9,36,2,47,0,19,37,2,58,6,0,6,64
09/21/2018,LWS,ID,ANM,WE,Federal Contract Tower,2,7,3,0,12,0,4,49,0,53,2,11,52,0,65,56,0,56,121
09/22/2018,LWS,ID,ANM,WE,Federal Contract Tower,0,3,1,0,4,0,5,17,0,22,0,8,18,0,26,10,0,10,36
09/23/2018,LWS,ID,ANM,WE,Federal Contract Tower,0,2,5,0,7,0,1,50,0,51,0,3,55,0,58,16,0,16,74
09/24/2018,LWS,ID,ANM,WE,Federal Contract Tower,0,6,9,0,15,0,9,35,0,44,0,15,44,0,59,22,0,22,81
09/25/2018,LWS,ID,ANM,WE,Federal Contract Tower,0,10,10,0,20,0,5,32,0,37,0,15,42,0,57,40,0,40,97
09/26/2018,LWS,ID,ANM,WE,Federal Contract Tower,0,9,14,0,23,0,7,41,0,48,0,16,55,0,71,8,0,8,79
09/27/2018,LWS,ID,ANM,WE,Federal Contract Tower,0,7,9,4,20,0,2,44,0,46,0,9,53,4,66,16,40,56,122
09/28/2018,LWS,ID,ANM,WE,Federal Contract Tower,2,7,6,0,15,0,3,48,0,51,2,10,54,0,66,32,0,32,98
09/29/2018,LWS,ID,ANM,WE,Federal Contract Tower,0,3,2,0,5,0,0,50,0,50,0,3,52,0,55,86,0,86,141
09/30/2018,LWS,ID,ANM,WE,Federal Contract Tower,0,2,2,0,4,0,2,36,0,38,0,4,38,0,42,46,0,46,88
10/01/2018,LWS,ID,ANM,WE,Federal Contract Tower,0,7,1,0,8,0,3,23,0,26,0,10,24,0,34,10,0,10,44
10/02/2018,LWS,ID,ANM,WE,Federal Contract Tower,0,8,6,0,14,0,5,31,0,36,0,13,37,0,50,26,0,26,76
10/03/2018,LWS,ID,ANM,WE,Federal Contract Tower,0,6,5,0,11,0,5,47,0,52,0,11,52,0,63,2,0,2,65
10/04/2018,LWS,ID,ANM,WE,Federal Contract Tower,0,8,11,0,19,0,4,26,0,30,0,12,37,0,49,0,0,0,49
10/05/2018,LWS,ID,ANM,WE,Federal Contract Tower,2,10,2,0,14,0,5,34,0,39,2,15,36,0,53,36,0,36,89
10/06/2018,LWS,ID,ANM,WE,Federal Contract Tower,2,11,1,0,14,0,2,7,0,9,2,13,8,0,23,16,0,16,39
10/07/2018,LWS,ID,ANM,WE,Federal Contract Tower,0,4,7,0,11,0,2,26,0,28,0,6,33,0,39,2,0,2,41
10/08/2018,LWS,ID,ANM,WE,Federal Contract Tower,0,7,5,0,12,0,4,39,2,45,0,11,44,2,57,34,0,34,91
10/09/2018,LWS,ID,ANM,WE,Federal Contract Tower,0,10,13,0,23,0,2,5,2,9,0,12,18,2,32,4,0,4,36
10/10/2018,LWS,ID,ANM,WE,Federal Contract Tower,0,6,6,0,12,0,8,24,0,32,0,14,30,0,44,14,0,14,58
10/11/2018,LWS,ID,ANM,WE,Federal Contract Tower,0,7,4,2,13,0,9,44,0,53,0,16,48,2,66,28,0,28,94
10/12/2018,LWS,ID,ANM,WE,Federal Contract Tower,2,8,8,0,18,0,5,41,0,46,2,13,49,0,64,0,0,0,64
10/13/2018,LWS,ID,ANM,WE,Federal Contract Tower,2,5,2,0,9,0,7,21,0,28,2,12,23,0,37,30,0,30,67
10/14/2018,LWS,ID,ANM,WE,Federal Contract Tower,2,6,4,0,12,0,2,29,0,31,2,8,33,0,43,0,0,0,43
10/15/2018,LWS,ID,ANM,WE,Federal Contract Tower,0,7,7,4,18,0,9,31,0,40,0,16,38,4,58,4,0,4,62
10/16/2018,LWS,ID,ANM,WE,Federal Contract Tower,0,8,6,0,14,0,5,48,0,53,0,13,54,0,67,46,0,46,113
10/17/2018,LWS,ID,ANM,WE,Federal Contract Tower,0,6,4,0,10,0,33,77,0,110,0,39,81,0,120,74,0,74,194
10/18/2018,LWS,ID,ANM,WE,Federal Contract Tower,2,8,10,0,20,0,6,35,0,41,2,14,45,0,61,26,0,26,87
10/19/2018,LWS,ID,ANM,WE,Federal Contract Tower,4,8,4,0,16,0,9,41,0,50,4,17,45,0,66,56,0,56,122
10/20/2018,LWS,ID,ANM,WE,Federal Contract Tower,3,7,5,0,15,0,5,75,0,80,3,12,80,0,95,64,0,64,159
10/21/2018,LWS,ID,ANM,WE,Federal Contract Tower,0,4,4,0,8,0,2,28,0,30,0,6,32,0,38,20,0,20,58
10/22/2018,LWS,ID,ANM,WE,Federal Contract Tower,0,11,7,0,18,0,3,19,2,24,0,14,26,2,42,8,0,8,50
10/23/2018,LWS,ID,ANM,WE,Federal Contract Tower,0,6,5,0,11,0,3,18,2,23,0,9,23,2,34,6,0,6,40
10/24/2018,LWS,ID,ANM,WE,Federal Contract Tower,0,10,3,0,13,0,2,17,0,19,0,12,20,0,32,4,0,4,36
10/25/2018,LWS,ID,ANM,WE,Federal Contract Tower,0,8,7,0,15,0,4,24,0,28,0,12,31,0,43,8,0,8,51
10/26/2018,LWS,ID,ANM,WE,Federal Contract Tower,0,9,5,0,14,0,7,14,0,21,0,16,19,0,35,0,0,0,35
10/27/2018,LWS,ID,ANM,WE,Federal Contract Tower,0,8,3,0,11,0,1,37,0,38,0,9,40,0,49,34,0,34,83
10/28/2018,LWS,ID,ANM,WE,Federal Contract Tower,0,5,4,0,9,0,0,7,0,7,0,5,11,0,16,0,0,0,16
10/29/2018,LWS,ID,ANM,WE,Federal Contract Tower,0,8,5,0,13,0,11,14,0,25,0,19,19,0,38,4,0,4,42
10/30/2018,LWS,ID,ANM,WE,Federal Contract Tower,0,6,0,0,6,0,7,40,0,47,0,13,40,0,53,36,0,36,89
10/31/2018,LWS,ID,ANM,WE,Federal Contract Tower,0,10,5,0,15,0,7,16,0,23,0,17,21,0,38,16,0,16,54
11/01/2018,LWS,ID,ANM,WE,Federal Contract Tower,0,9,6,0,15,0,4,9,0,13,0,13,15,0,28,6,0,6,34
11/02/2018,LWS,ID,ANM,WE,Federal Contract Tower,3,9,6,0,18,0,5,4,0,9,3,14,10,0,27,0,0,0,27
11/03/2018,LWS,ID,ANM,WE,Federal Contract Tower,1,4,2,0,7,0,3,23,0,26,1,7,25,0,33,16,4,20,53
11/04/2018,LWS,ID,ANM,WE,Federal Contract Tower,0,4,4,0,8,0,0,7,0,7,0,4,11,0,15,0,0,0,15
11/05/2018,LWS,ID,ANM,WE,Federal Contract Tower,0,6,2,0,8,0,12,19,0,31,0,18,21,0,39,0,0,0,39
11/06/2018,LWS,ID,ANM,WE,Federal Contract Tower,0,7,4,0,11,0,6,25,0,31,0,13,29,0,42,16,0,16,58
11/07/2018,LWS,ID,ANM,WE,Federal Contract Tower,0,7,6,0,13,0,2,21,0,23,0,9,27,0,36,18,0,18,54
11/08/2018,LWS,ID,ANM,WE,Federal Contract Tower,0,12,5,0,17,0,4,47,0,51,0,16,52,0,68,40,0,40,108
11/09/2018,LWS,ID,ANM,WE,Federal Contract Tower,0,7,4,0,11,0,3,17,0,20,0,10,21,0,31,36,0,36,67
11/10/2018,LWS,ID,ANM,WE,Federal Contract Tower,0,7,2,0,9,0,2,56,0,58,0,9,58,0,67,94,0,94,161
11/11/2018,LWS,ID,ANM,WE,Federal Contract Tower,0,7,6,0,13,0,6,21,0,27,0,13,27,0,40,6,0,6,46
11/12/2018,LWS,ID,ANM,WE,Federal Contract Tower,0,9,7,0,16,0,3,19,0,22,0,12,26,0,38,10,0,10,48
11/13/2018,LWS,ID,ANM,WE,Federal Contract Tower,0,8,9,0,17,0,15,35,0,50,0,23,44,0,67,30,0,30,97
11/14/2018,LWS,ID,ANM,WE,Federal Contract Tower,0,9,9,2,20,0,8,28,0,36,0,17,37,2,56,16,0,16,72
11/15/2018,LWS,ID,ANM,WE,Federal Contract Tower,2,8,10,0,20,0,3,27,0,30,2,11,37,0,50,0,0,0,50
11/16/2018,LWS,ID,ANM,WE,Federal Contract Tower,3,8,5,0,16,0,3,28,0,31,3,11,33,0,47,48,0,48,95
11/17/2018,LWS,ID,ANM,WE,Federal Contract Tower,2,5,4,0,11,0,14,13,0,27,2,19,17,0,38,14,0,14,52
11/18/2018,LWS,ID,ANM,WE,Federal Contract Tower,2,4,3,0,9,0,2,16,0,18,2,6,19,0,27,18,0,18,45
11/19/2018,LWS,ID,ANM,WE,Federal Contract Tower,0,7,10,0,17,0,4,23,0,27,0,11,33,0,44,40,0,40,84
11/20/2018,LWS,ID,ANM,WE,Federal Contract Tower,0,5,1,0,6,0,7,32,0,39,0,12,33,0,45,28,0,28,73
11/21/2018,LWS,ID,ANM,WE,Federal Contract Tower,0,5,7,0,12,0,3,12,0,15,0,8,19,0,27,4,0,4,31
11/22/2018,LWS,ID,ANM,WE,Federal Contract Tower,0,3,0,0,3,0,0,3,0,3,0,3,3,0,6,0,0,0,6
11/23/2018,LWS,ID,ANM,WE,Federal Contract Tower,0,6,2,0,8,0,3,1,0,4,0,9,3,0,12,24,0,24,36
11/24/2018,LWS,ID,ANM,WE,Federal Contract Tower,0,6,3,0,9,0,0,11,0,11,0,6,14,0,20,0,0,0,20
11/25/2018,LWS,ID,ANM,WE,Federal Contract Tower,0,4,2,0,6,0,0,21,0,21,0,4,23,0,27,4,0,4,31
11/26/2018,LWS,ID,ANM,WE,Federal Contract Tower,0,8,6,0,14,0,8,29,0,37,0,16,35,0,51,56,0,56,107
11/27/2018,LWS,ID,ANM,WE,Federal Contract Tower,0,10,1,0,11,0,3,8,0,11,0,13,9,0,22,22,0,22,44
11/28/2018,LWS,ID,ANM,WE,Federal Contract Tower,0,6,2,0,8,0,3,27,0,30,0,9,29,0,38,52,0,52,90
11/29/2018,LWS,ID,ANM,WE,Federal Contract Tower,0,6,15,0,21,0,3,45,0,48,0,9,60,0,69,38,0,38,107
11/30/2018,LWS,ID,ANM,WE,Federal Contract Tower,0,10,4,0,14,0,0,0,0,0,0,10,4,0,14,0,0,0,14
12/01/2018,LWS,ID,ANM,WE,Federal Contract Tower,0,7,2,0,9,0,0,0,0,0,0,7,2,0,9,0,0,0,9
12/02/2018,LWS,ID,ANM,WE,Federal Contract Tower,0,4,2,0,6,0,0,4,0,4,0,4,6,0,10,0,0,0,10
12/03/2018,LWS,ID,ANM,WE,Federal Contract Tower,0,10,4,0,14,0,0,36,0,36,0,10,40,0,50,172,0,172,222
12/04/2018,LWS,ID,ANM,WE,Federal Contract Tower,0,6,14,0,20,0,1,63,0,64,0,7,77,0,84,196,0,196,280
12/05/2018,LWS,ID,ANM,WE,Federal Contract Tower,0,9,5,0,14,0,4,55,0,59,0,13,60,0,73,164,0,164,237
12/06/2018,LWS,ID,ANM,WE,Federal Contract Tower,0,6,8,0,14,0,4,18,0,22,0,10,26,0,36,12,0,12,48
12/07/2018,LWS,ID,ANM,WE,Federal Contract Tower,0,5,6,0,11,0,4,31,0,35,0,9,37,0,46,36,0,36,82
12/08/2018,LWS,ID,ANM,WE,Federal Contract Tower,0,4,2,0,6,0,3,7,0,10,0,7,9,0,16,10,0,10,26
12/09/2018,LWS,ID,ANM,WE,Federal Contract Tower,0,2,6,0,8,0,1,17,0,18,0,3,23,0,26,24,0,24,50
12/10/2018,LWS,ID,ANM,WE,Federal Contract Tower,0,6,5,0,11,0,1,2,0,3,0,7,7,0,14,0,0,0,14
12/11/2018,LWS,ID,ANM,WE,Federal Contract Tower,0,8,3,0,11,0,2,7,0,9,0,10,10,0,20,0,0,0,20
12/12/2018,LWS,ID,ANM,WE,Federal Contract Tower,0,6,7,0,13,0,1,13,0,14,0,7,20,0,27,12,0,12,39
12/13/2018,LWS,ID,ANM,WE,Federal Contract Tower,0,5,7,0,12,0,5,7,0,12,0,10,14,0,24,8,0,8,32
12/14/2018,LWS,ID,ANM,WE,Federal Contract Tower,0,4,3,0,7,0,6,11,0,17,0,10,14,0,24,2,0,2,26
12/15/2018,LWS,ID,ANM,WE,Federal Contract Tower,0,5,5,2,12,0,1,16,0,17,0,6,21,2,29,8,0,8,37
12/16/2018,LWS,ID,ANM,WE,Federal Contract Tower,0,2,1,0,3,0,0,5,0,5,0,2,6,0,8,0,0,0,8
12/17/2018,LWS,ID,ANM,WE,Federal Contract Tower,0,8,8,0,16,0,1,23,0,24,0,9,31,0,40,0,0,0,40
12/18/2018,LWS,ID,ANM,WE,Federal Contract Tower,0,10,6,0,16,0,2,4,0,6,0,12,10,0,22,8,0,8,30
12/19/2018,LWS,ID,ANM,WE,Federal Contract Tower,0,7,2,0,9,0,3,14,0,17,0,10,16,0,26,14,0,14,40
12/20/2018,LWS,ID,ANM,WE,Federal Contract Tower,0,7,9,0,16,0,4,7,0,11,0,11,16,0,27,0,0,0,27
12/21/2018,LWS,ID,ANM,WE,Federal Contract Tower,0,6,7,0,13,0,2,12,0,14,0,8,19,0,27,10,0,10,37
12/22/2018,LWS,ID,ANM,WE,Federal Contract Tower,0,6,2,0,8,0,0,27,0,27,0,6,29,0,35,30,0,30,65
12/23/2018,LWS,ID,ANM,WE,Federal Contract Tower,2,6,6,0,14,0,0,3,0,3,2,6,9,0,17,2,0,2,19
12/24/2018,LWS,ID,ANM,WE,Federal Contract Tower,0,10,1,0,11,0,1,3,0,4,0,11,4,0,15,0,0,0,15
12/25/2018,LWS,ID,ANM,WE,Federal Contract Tower,0,7,0,0,7,0,0,0,0,0,0,7,0,0,7,0,0,0,7
12/26/2018,LWS,ID,ANM,WE,Federal Contract Tower,2,9,5,0,16,0,4,8,0,12,2,13,13,0,28,12,0,12,40
12/27/2018,LWS,ID,ANM,WE,Federal Contract Tower,0,11,8,0,19,0,0,2,0,2,0,11,10,0,21,0,0,0,21
12/28/2018,LWS,ID,ANM,WE,Federal Contract Tower,0,10,1,0,11,0,1,6,0,7,0,11,7,0,18,0,0,0,18
12/29/2018,LWS,ID,ANM,WE,Federal Contract Tower,0,4,3,0,7,0,4,8,0,12,0,8,11,0,19,0,0,0,19
12/30/2018,LWS,ID,ANM,WE,Federal Contract Tower,0,4,6,0,10,0,4,7,0,11,0,8,13,0,21,0,0,0,21
12/31/2018,LWS,ID,ANM,WE,Federal Contract Tower,0,10,3,0,13,0,2,37,0,39,0,12,40,0,52,26,0,26,78
01/01/2019,LWS,ID,ANM,WE,Federal Contract Tower,0,4,2,0,6,0,1,28,0,29,0,5,30,0,35,0,0,0,35
01/02/2019,LWS,ID,ANM,WE,Federal Contract Tower,0,7,6,1,14,0,2,8,1,11,0,9,14,2,25,0,0,0,25
01/03/2019,LWS,ID,ANM,WE,Federal Contract Tower,0,10,9,0,19,0,1,3,0,4,0,11,12,0,23,4,0,4,27
01/04/2019,LWS,ID,ANM,WE,Federal Contract Tower,0,10,4,0,14,0,5,10,0,15,0,15,14,0,29,4,0,4,33
01/05/2019,LWS,ID,ANM,WE,Federal Contract Tower,0,5,2,0,7,0,1,29,0,30,0,6,31,0,37,0,0,0,37
01/06/2019,LWS,ID,ANM,WE,Federal Contract Tower,0,2,3,0,5,0,0,10,0,10,0,2,13,0,15,0,0,0,15
01/07/2019,LWS,ID,ANM,WE,Federal Contract Tower,0,6,5,0,11,0,3,22,0,25,0,9,27,0,36,20,0,20,56
01/08/2019,LWS,ID,ANM,WE,Federal Contract Tower,0,9,6,2,17,0,2,14,0,16,0,11,20,2,33,4,0,4,37
01/09/2019,LWS,ID,ANM,WE,Federal Contract Tower,0,8,1,2,11,0,7,13,0,20,0,15,14,2,31,0,0,0,31
01/10/2019,LWS,ID,ANM,WE,Federal Contract Tower,0,8,11,0,19,0,1,27,0,28,0,9,38,0,47,22,0,22,69
01/11/2019,LWS,ID,ANM,WE,Federal Contract Tower,0,6,4,0,10,0,1,22,0,23,0,7,26,0,33,6,0,6,39
01/12/2019,LWS,ID,ANM,WE,Federal Contract Tower,0,4,5,0,9,0,0,36,0,36,0,4,41,0,45,50,0,50,95
01/13/2019,LWS,ID,ANM,WE,Federal Contract Tower,0,4,4,0,8,0,0,56,0,56,0,4,60,0,64,32,0,32,96
01/14/2019,LWS,ID,ANM,WE,Federal Contract Tower,0,8,14,0,22,0,3,23,0,26,0,11,37,0,48,40,0,40,88
01/15/2019,LWS,ID,ANM,WE,Federal Contract Tower,0,8,2,0,10,0,4,9,0,13,0,12,11,0,23,16,0,16,39
01/16/2019,LWS,ID,ANM,WE,Federal Contract Tower,0,5,4,0,9,0,3,35,0,38,0,8,39,0,47,24,0,24,71
01/17/2019,LWS,ID,ANM,WE,Federal Contract Tower,0,6,9,0,15,0,1,9,0,10,0,7,18,0,25,36,0,36,61
01/18/2019,LWS,ID,ANM,WE,Federal Contract Tower,0,8,10,0,18,0,10,17,0,27,0,18,27,0,45,22,0,22,67
01/19/2019,LWS,ID,ANM,WE,Federal Contract Tower,0,4,0,0,4,0,0,0,0,0,0,4,0,0,4,0,0,0,4
01/20/2019,LWS,ID,ANM,WE,Federal Contract Tower,0,5,3,0,8,0,0,2,0,2,0,5,5,0,10,14,0,14,24
01/21/2019,LWS,ID,ANM,WE,Federal Contract Tower,0,10,4,0,14,0,3,8,0,11,0,13,12,0,25,12,0,12,37
01/22/2019,LWS,ID,ANM,WE,Federal Contract Tower,0,6,4,0,10,0,1,9,0,10,0,7,13,0,20,6,0,6,26
01/23/2019,LWS,ID,ANM,WE,Federal Contract Tower,0,6,9,0,15,0,4,6,0,10,0,10,15,0,25,20,0,20,45
01/24/2019,LWS,ID,ANM,WE,Federal Contract Tower,0,8,7,0,15,0,2,15,0,17,0,10,22,0,32,16,0,16,48
01/25/2019,LWS,ID,ANM,WE,Federal Contract Tower,0,11,11,0,22,0,1,3,0,4,0,12,14,0,26,6,0,6,32
01/26/2019,LWS,ID,ANM,WE,Federal Contract Tower,0,4,0,0,4,0,0,30,0,30,0,4,30,0,34,34,0,34,68
01/27/2019,LWS,ID,ANM,WE,Federal Contract Tower,0,4,5,0,9,0,1,19,0,20,0,5,24,0,29,16,0,16,45
01/28/2019,LWS,ID,ANM,WE,Federal Contract Tower,0,6,7,0,13,0,2,4,0,6,0,8,11,0,19,10,0,10,29
01/29/2019,LWS,ID,ANM,WE,Federal Contract Tower,0,6,11,0,17,0,1,10,0,11,0,7,21,0,28,0,0,0,28
01/30/2019,LWS,ID,ANM,WE,Federal Contract Tower,0,10,9,0,19,0,1,14,0,15,0,11,23,0,34,0,0,0,34
01/31/2019,LWS,ID,ANM,WE,Federal Contract Tower,0,7,20,0,27,0,4,16,0,20,0,11,36,0,47,8,0,8,55
02/01/2019,LWS,ID,ANM,WE,Federal Contract Tower,0,10,1,3,14,0,14,7,1,22,0,24,8,4,36,38,4,42,78
02/02/2019,LWS,ID,ANM,WE,Federal Contract Tower,0,7,2,0,9,0,0,25,0,25,0,7,27,0,34,30,0,30,64
02/03/2019,LWS,ID,ANM,WE,Federal Contract Tower,0,5,1,0,6,0,0,0,0,0,0,5,1,0,6,0,0,0,6
02/04/2019,LWS,ID,ANM,WE,Federal Contract Tower,0,7,9,0,16,0,0,0,0,0,0,7,9,0,16,0,0,0,16
02/05/2019,LWS,ID,ANM,WE,Federal Contract Tower,0,8,7,0,15,0,0,0,0,0,0,8,7,0,15,0,0,0,15
02/06/2019,LWS,ID,ANM,WE,Federal Contract Tower,0,5,4,0,9,0,5,21,0,26,0,10,25,0,35,2,0,2,37
02/07/2019,LWS,ID,ANM,WE,Federal Contract Tower,2,7,7,2,18,0,5,28,0,33,2,12,35,2,51,34,0,34,85
02/08/2019,LWS,ID,ANM,WE,Federal Contract Tower,0,8,8,0,16,0,2,9,0,11,0,10,17,0,27,16,0,16,43
02/09/2019,LWS,ID,ANM,WE,Federal Contract Tower,0,3,0,0,3,0,2,10,0,12,0,5,10,0,15,28,0,28,43
02/10/2019,LWS,ID,ANM,WE,Federal Contract Tower,0,2,2,0,4,0,0,0,0,0,0,2,2,0,4,0,0,0,4
02/11/2019,LWS,ID,ANM,WE,Federal Contract Tower,0,6,2,0,8,0,0,0,0,0,0,6,2,0,8,0,0,0,8
02/12/2019,LWS,ID,ANM,WE,Federal Contract Tower,0,6,3,0,9,0,0,9,0,9,0,6,12,0,18,10,0,10,28
02/13/2019,LWS,ID,ANM,WE,Federal Contract Tower,2,7,9,0,18,0,0,0,0,0,2,7,9,0,18,0,0,0,18
02/14/2019,LWS,ID,ANM,WE,Federal Contract Tower,0,7,15,0,22,0,1,2,0,3,0,8,17,0,25,0,0,0,25
02/15/2019,LWS,ID,ANM,WE,Federal Contract Tower,0,8,7,0,15,0,0,3,0,3,0,8,10,0,18,0,0,0,18
02/16/2019,LWS,ID,ANM,WE,Federal Contract Tower,2,5,7,0,14,0,0,1,0,1,2,5,8,0,15,0,0,0,15
02/17/2019,LWS,ID,ANM,WE,Federal Contract Tower,0,4,10,0,14,0,0,4,0,4,0,4,14,0,18,0,0,0,18
02/18/2019,LWS,ID,ANM,WE,Federal Contract Tower,0,6,6,0,12,0,0,8,0,8,0,6,14,0,20,0,0,0,20
02/19/2019,LWS,ID,ANM,WE,Federal Contract Tower,0,6,9,0,15,0,0,3,0,3,0,6,12,0,18,8,0,8,26
02/20/2019,LWS,ID,ANM,WE,Federal Contract Tower,0,8,8,0,16,0,0,0,0,0,0,8,8,0,16,0,0,0,16
02/21/2019,LWS,ID,ANM,WE,Federal Contract Tower,0,9,21,0,30,0,1,13,0,14,0,10,34,0,44,14,0,14,58
02/22/2019,LWS,ID,ANM,WE,Federal Contract Tower,0,8,4,0,12,0,5,15,0,20,0,13,19,0,32,12,0,12,44
02/23/2019,LWS,ID,ANM,WE,Federal Contract Tower,0,3,3,0,6,0,0,4,0,4,0,3,7,0,10,0,0,0,10
02/24/2019,LWS,ID,ANM,WE,Federal Contract Tower,0,2,2,0,4,0,0,0,0,0,0,2,2,0,4,0,0,0,4
02/25/2019,LWS,ID,ANM,WE,Federal Contract Tower,0,6,12,0,18,0,0,0,0,0,0,6,12,0,18,0,0,0,18
02/26/2019,LWS,ID,ANM,WE,Federal Contract Tower,0,6,5,0,11,0,2,19,0,21,0,8,24,0,32,90,0,90,122
02/27/2019,LWS,ID,ANM,WE,Federal Contract Tower,0,8,5,0,13,0,0,0,0,0,0,8,5,0,13,0,0,0,13
02/28/2019,LWS,ID,ANM,WE,Federal Contract Tower,0,8,7,0,15,0,2,8,0,10,0,10,15,0,25,0,0,0,25
03/01/2019,LWS,ID,ANM,WE,Federal Contract Tower,0,6,4,0,10,0,0,11,0,11,0,6,15,0,21,4,0,4,25
03/02/2019,LWS,ID,ANM,WE,Federal Contract Tower,0,5,8,0,13,0,0,4,0,4,0,5,12,0,17,2,0,2,19
03/03/2019,LWS,ID,ANM,WE,Federal Contract Tower,2,7,1,0,10,0,1,29,2,32,2,8,30,2,42,22,0,22,64
03/04/2019,LWS,ID,ANM,WE,Federal Contract Tower,0,8,6,0,14,0,1,18,0,19,0,9,24,0,33,8,0,8,41
03/05/2019,LWS,ID,ANM,WE,Federal Contract Tower,0,6,5,0,11,0,6,23,0,29,0,12,28,0,40,2,0,2,42
03/06/2019,LWS,ID,ANM,WE,Federal Contract Tower,0,10,2,0,12,0,0,3,0,3,0,10,5,0,15,0,0,0,15
03/07/2019,LWS,ID,ANM,WE,Federal Contract Tower,0,15,7,0,22,0,2,17,0,19,0,17,24,0,41,2,0,2,43
03/08/2019,LWS,ID,ANM,WE,Federal Contract Tower,2,8,4,0,14,0,0,5,0,5,2,8,9,0,19,0,0,0,19
03/09/2019,LWS,ID,ANM,WE,Federal Contract Tower,0,4,3,0,7,0,2,33,0,35,0,6,36,0,42,58,0,58,100
03/10/2019,LWS,ID,ANM,WE,Federal Contract Tower,0,4,1,0,5,0,0,38,0,38,0,4,39,0,43,48,0,48,91
03/11/2019,LWS,ID,ANM,WE,Federal Contract Tower,0,7,9,0,16,0,2,14,0,16,0,9,23,0,32,0,0,0,32
03/12/2019,LWS,ID,ANM,WE,Federal Contract Tower,0,8,12,0,20,0,1,1,0,2,0,9,13,0,22,0,0,0,22
03/13/2019,LWS,ID,ANM,WE,Federal Contract Tower,0,5,9,0,14,0,2,40,0,42,0,7,49,0,56,12,0,12,68
03/14/2019,LWS,ID,ANM,WE,Federal Contract Tower,0,7,8,0,15,0,2,35,0,37,0,9,43,0,52,8,0,8,60
03/15/2019,LWS,ID,ANM,WE,Federal Contract Tower,0,8,2,0,10,0,3,32,0,35,0,11,34,0,45,54,0,54,99
03/16/2019,LWS,ID,ANM,WE,Federal Contract Tower,0,3,1,0,4,0,2,40,0,42,0,5,41,0,46,84,0,84,130
03/17/2019,LWS,ID,ANM,WE,Federal Contract Tower,0,4,4,0,8,0,0,35,0,35,0,4,39,0,43,46,0,46,89
03/18/2019,LWS,ID,ANM,WE,Federal Contract Tower,0,8,1,0,9,0,4,28,0,32,0,12,29,0,41,24,0,24,65
03/19/2019,LWS,ID,ANM,WE,Federal Contract Tower,0,4,10,0,14,0,4,45,0,49,0,8,55,0,63,72,0,72,135
03/21/2019,LWS,ID,ANM,WE,Federal Contract Tower,0,8,8,0,16,0,2,37,0,39,0,10,45,0,55,4,0,4,59
03/22/2019,LWS,ID,ANM,WE,Federal Contract Tower,0,6,4,0,10,0,5,44,0,49,0,11,48,0,59,44,0,44,103
03/23/2019,LWS,ID,ANM,WE,Federal Contract Tower,0,5,3,0,8,0,2,20,0,22,0,7,23,0,30,32,0,32,62
03/24/2019,LWS,ID,ANM,WE,Federal Contract Tower,0,4,6,0,10,0,0,2,0,2,0,4,8,0,12,0,0,0,12
03/25/2019,LWS,ID,ANM,WE,Federal Contract Tower,0,7,5,0,12,0,6,22,0,28,0,13,27,0,40,6,0,6,46
03/26/2019,LWS,ID,ANM,WE,Federal Contract Tower,0,5,2,0,7,0,2,9,0,11,0,7,11,0,18,12,0,12,30
03/27/2019,LWS,ID,ANM,WE,Federal Contract Tower,0,5,1,0,6,0,4,10,0,14,0,9,11,0,20,4,0,4,24
03/28/2019,LWS,ID,ANM,WE,Federal Contract Tower,0,8,15,0,23,0,2,7,0,9,0,10,22,0,32,0,0,0,32
03/29/2019,LWS,ID,ANM,WE,Federal Contract Tower,0,8,9,0,17,0,3,9,0,12,0,11,18,0,29,34,0,34,63
03/30/2019,LWS,ID,ANM,WE,Federal Contract Tower,0,5,5,0,10,0,0,34,0,34,0,5,39,0,44,8,0,8,52
03/31/2019,LWS,ID,ANM,WE,Federal Contract Tower,0,4,2,0,6,0,1,39,0,40,0,5,41,0,46,20,0,20,66
04/01/2019,LWS,ID,ANM,WE,Federal Contract Tower,0,7,13,0,20,0,10,77,0,87,0,17,90,0,107,26,0,26,133
04/02/2019,LWS,ID,ANM,WE,Federal Contract Tower,0,6,2,0,8,0,3,67,0,70,0,9,69,0,78,4,0,4,82
04/03/2019,LWS,ID,ANM,WE,Federal Contract Tower,0,8,6,0,14,0,0,10,0,10,0,8,16,0,24,0,0,0,24
04/04/2019,LWS,ID,ANM,WE,Federal Contract Tower,0,7,9,0,16,0,2,43,2,47,0,9,52,2,63,2,0,2,65
04/05/2019,LWS,ID,ANM,WE,Federal Contract Tower,0,10,8,0,18,0,1,27,0,28,0,11,35,0,46,32,0,32,78
04/06/2019,LWS,ID,ANM,WE,Federal Contract Tower,0,5,4,0,9,0,0,20,0,20,0,5,24,0,29,56,0,56,85
04/07/2019,LWS,ID,ANM,WE,Federal Contract Tower,2,4,6,0,12,0,0,1,0,1,2,4,7,0,13,0,0,0,13
04/08/2019,LWS,ID,ANM,WE,Federal Contract Tower,0,9,5,0,14,0,0,10,0,10,0,9,15,0,24,32,0,32,56
04/09/2019,LWS,ID,ANM,WE,Federal Contract Tower,0,6,3,0,9,0,1,9,0,10,0,7,12,0,19,0,0,0,19
04/10/2019,LWS,ID,ANM,WE,Federal Contract Tower,0,5,11,1,17,0,2,17,1,20,0,7,28,2,37,4,0,4,41
04/11/2019,LWS,ID,ANM,WE,Federal Contract Tower,2,8,7,0,17,0,0,10,0,10,2,8,17,0,27,16,0,16,43
04/12/2019,LWS,ID,ANM,WE,Federal Contract Tower,0,9,6,0,15,0,1,17,0,18,0,10,23,0,33,28,0,28,61
04/13/2019,LWS,ID,ANM,WE,Federal Contract Tower,0,8,5,0,13,0,1,26,0,27,0,9,31,0,40,74,0,74,114
04/14/2019,LWS,ID,ANM,WE,Federal Contract Tower,0,4,3,0,7,0,0,6,0,6,0,4,9,0,13,20,0,20,33
04/15/2019,LWS,ID,ANM,WE,Federal Contract Tower,0,7,10,0,17,0,1,56,0,57,0,8,66,0,74,2,0,2,76
04/16/2019,LWS,ID,ANM,WE,Federal Contract Tower,0,8,7,0,15,0,2,38,4,44,0,10,45,4,59,14,0,14,73
04/17/2019,LWS,ID,ANM,WE,Federal Contract Tower,0,8,10,0,18,0,2,39,2,43,0,10,49,2,61,8,0,8,69
04/18/2019,LWS,ID,ANM,WE,Federal Contract Tower,0,10,11,0,21,0,1,89,0,90,0,11,100,0,111,44,0,44,155
04/19/2019,LWS,ID,ANM,WE,Federal Contract Tower,0,9,6,0,15,0,3,71,0,74,0,12,77,0,89,36,0,36,125
04/20/2019,LWS,ID,ANM,WE,Federal Contract Tower,0,6,0,0,6,0,0,13,0,13,0,6,13,0,19,48,0,48,67
04/21/2019,LWS,ID,ANM,WE,Federal Contract Tower,2,5,4,0,11,0,2,18,0,20,2,7,22,0,31,0,0,0,31
04/22/2019,LWS,ID,ANM,WE,Federal Contract Tower,0,9,6,0,15,0,6,75,0,81,0,15,81,0,96,34,0,34,130
04/23/2019,LWS,ID,ANM,WE,Federal Contract Tower,0,6,9,0,15,0,3,62,0,65,0,9,71,0,80,40,0,40,120
04/24/2019,LWS,ID,ANM,WE,Federal Contract Tower,0,7,7,0,14,0,2,35,2,39,0,9,42,2,53,2,0,2,55
04/25/2019,LWS,ID,ANM,WE,Federal Contract Tower,0,7,8,0,15,0,9,77,0,86,0,16,85,0,101,28,0,28,129
04/26/2019,LWS,ID,ANM,WE,Federal Contract Tower,0,8,3,0,11,0,3,30,0,33,0,11,33,0,44,6,0,6,50
04/27/2019,LWS,ID,ANM,WE,Federal Contract Tower,0,4,1,0,5,0,3,24,0,27,0,7,25,0,32,14,0,14,46
04/28/2019,LWS,ID,ANM,WE,Federal Contract Tower,0,4,1,0,5,0,2,38,0,40,0,6,39,0,45,76,0,76,121
04/29/2019,LWS,ID,ANM,WE,Federal Contract Tower,0,7,4,0,11,0,7,58,0,65,0,14,62,0,76,76,0,76,152
04/30/2019,LWS,ID,ANM,WE,Federal Contract Tower,0,7,7,0,14,0,3,59,0,62,0,10,66,0,76,54,0,54,130
05/01/2019,LWS,ID,ANM,WE,Federal Contract Tower,0,8,11,0,19,0,6,29,0,35,0,14,40,0,54,34,0,34,88
05/02/2019,LWS,ID,ANM,WE,Federal Contract Tower,0,6,3,0,9,0,6,55,2,63,0,12,58,2,72,26,0,26,98
05/03/2019,LWS,ID,ANM,WE,Federal Contract Tower,0,9,2,0,11,0,0,0,0,0,0,9,2,0,11,42,0,42,53
05/04/2019,LWS,ID,ANM,WE,Federal Contract Tower,0,4,2,0,6,0,2,79,0,81,0,6,81,0,87,46,0,46,133
05/05/2019,LWS,ID,ANM,WE,Federal Contract Tower,0,5,3,0,8,0,1,28,0,29,0,6,31,0,37,4,0,4,41
05/06/2019,LWS,ID,ANM,WE,Federal Contract Tower,0,8,3,0,11,0,4,59,0,63,0,12,62,0,74,24,0,24,98
05/07/2019,LWS,ID,ANM,WE,Federal Contract Tower,0,5,7,0,12,0,3,42,0,45,0,8,49,0,57,12,0,12,69
05/08/2019,LWS,ID,ANM,WE,Federal Contract Tower,0,6,5,0,11,0,8,27,0,35,0,14,32,0,46,2,0,2,48
05/09/2019,LWS,ID,ANM,WE,Federal Contract Tower,0,10,16,0,26,0,5,43,0,48,0,15,59,0,74,10,0,10,84
05/10/2019,LWS,ID,ANM,WE,Federal Contract Tower,0,10,2,0,12,0,4,56,0,60,0,14,58,0,72,22,0,22,94
05/11/2019,LWS,ID,ANM,WE,Federal Contract Tower,0,7,3,0,10,0,0,36,0,36,0,7,39,0,46,76,0,76,122
05/12/2019,LWS,ID,ANM,WE,Federal Contract Tower,0,4,2,0,6,0,0,34,0,34,0,4,36,0,40,22,0,22,62
05/13/2019,LWS,ID,ANM,WE,Federal Contract Tower,0,5,9,0,14,0,16,55,0,71,0,21,64,0,85,16,0,16,101
05/14/2019,LWS,ID,ANM,WE,Federal Contract Tower,0,8,15,0,23,0,2,37,0,39,0,10,52,0,62,42,0,42,104
05/15/2019,LWS,ID,ANM,WE,Federal Contract Tower,0,6,8,0,14,0,0,26,2,28,0,6,34,2,42,18,0,18,60
05/16/2019,LWS,ID,ANM,WE,Federal Contract Tower,0,8,8,0,16,0,2,28,0,30,0,10,36,0,46,20,0,20,66
05/17/2019,LWS,ID,ANM,WE,Federal Contract Tower,0,8,8,0,16,0,0,4,0,4,0,8,12,0,20,0,0,0,20
05/18/2019,LWS,ID,ANM,WE,Federal Contract Tower,0,3,4,0,7,0,2,32,1,35,0,5,36,1,42,30,0,30,72
05/19/2019,LWS,ID,ANM,WE,Federal Contract Tower,0,4,3,0,7,0,0,20,0,20,0,4,23,0,27,24,0,24,51
05/20/2019,LWS,ID,ANM,WE,Federal Contract Tower,0,8,6,0,14,0,2,46,0,48,0,10,52,0,62,42,0,42,104
05/21/2019,LWS,ID,ANM,WE,Federal Contract Tower,0,5,16,0,21,0,7,21,0,28,0,12,37,0,49,24,0,24,73
05/22/2019,LWS,ID,ANM,WE,Federal Contract Tower,0,6,7,0,13,0,3,37,0,40,0,9,44,0,53,12,0,12,65
05/23/2019,LWS,ID,ANM,WE,Federal Contract Tower,0,8,14,0,22,0,1,62,0,63,0,9,76,0,85,34,0,34,119
05/24/2019,LWS,ID,ANM,WE,Federal Contract Tower,0,8,18,0,26,0,2,14,0,16,0,10,32,0,42,18,0,18,60
05/25/2019,LWS,ID,ANM,WE,Federal Contract Tower,0,5,0,0,5,0,4,32,4,40,0,9,32,4,45,90,0,90,135
05/26/2019,LWS,ID,ANM,WE,Federal Contract Tower,0,5,7,0,12,0,0,9,0,9,0,5,16,0,21,0,0,0,21
05/27/2019,LWS,ID,ANM,WE,Federal Contract Tower,0,4,4,0,8,0,0,53,0,53,0,4,57,0,61,48,0,48,109
05/28/2019,LWS,ID,ANM,WE,Federal Contract Tower,0,6,4,2,12,0,4,45,0,49,0,10,49,2,61,54,10,64,125
05/29/2019,LWS,ID,ANM,WE,Federal Contract Tower,0,7,8,0,15,0,1,75,0,76,0,8,83,0,91,6,0,6,97
05/30/2019,LWS,ID,ANM,WE,Federal Contract Tower,0,9,14,0,23,0,1,60,2,63,0,10,74,2,86,50,0,50,136
05/31/2019,LWS,ID,ANM,WE,Federal Contract Tower,0,9,4,0,13,0,3,40,0,43,0,12,44,0,56,20,0,20,76
06/01/2019,LWS,ID,ANM,WE,Federal Contract Tower,0,5,2,0,7,0,0,46,0,46,0,5,48,0,53,10,0,10,63
06/02/2019,LWS,ID,ANM,WE,Federal Contract Tower,0,6,4,0,10,0,0,39,0,39,0,6,43,0,49,0,0,0,49
06/03/2019,LWS,ID,ANM,WE,Federal Contract Tower,0,8,12,0,20,0,2,53,0,55,0,10,65,0,75,46,0,46,121
06/04/2019,LWS,ID,ANM,WE,Federal Contract Tower,0,5,5,0,10,0,4,73,0,77,0,9,78,0,87,8,0,8,95
06/05/2019,LWS,ID,ANM,WE,Federal Contract Tower,0,6,6,0,12,0,1,64,0,65,0,7,70,0,77,22,0,22,99
06/06/2019,LWS,ID,ANM,WE,Federal Contract Tower,0,10,19,0,29,0,1,20,0,21,0,11,39,0,50,12,0,12,62
06/07/2019,LWS,ID,ANM,WE,Federal Contract Tower,0,10,2,0,12,0,1,37,0,38,0,11,39,0,50,24,0,24,74
06/08/2019,LWS,ID,ANM,WE,Federal Contract Tower,0,6,4,0,10,0,1,26,0,27,0,7,30,0,37,28,0,28,65
06/09/2019,LWS,ID,ANM,WE,Federal Contract Tower,0,4,3,0,7,0,2,32,0,34,0,6,35,0,41,32,0,32,73
06/10/2019,LWS,ID,ANM,WE,Federal Contract Tower,0,8,3,0,11,0,2,63,0,65,0,10,66,0,76,38,0,38,114
06/11/2019,LWS,ID,ANM,WE,Federal Contract Tower,0,7,5,0,12,0,2,62,2,66,0,9,67,2,78,20,0,20,98
06/12/2019,LWS,ID,ANM,WE,Federal Contract Tower,0,7,9,0,16,0,1,35,0,36,0,8,44,0,52,6,0,6,58
06/13/2019,LWS,ID,ANM,WE,Federal Contract Tower,0,7,8,0,15,0,1,81,0,82,0,8,89,0,97,48,0,48,145
06/14/2019,LWS,ID,ANM,WE,Federal Contract Tower,0,7,2,0,9,0,3,66,0,69,0,10,68,0,78,40,0,40,118
06/15/2019,LWS,ID,ANM,WE,Federal Contract Tower,0,7,3,0,10,0,2,44,2,48,0,9,47,2,58,6,0,6,64
06/16/2019,LWS,ID,ANM,WE,Federal Contract Tower,0,5,1,0,6,0,0,38,0,38,0,5,39,0,44,2,0,2,46
06/17/2019,LWS,ID,ANM,WE,Federal Contract Tower,0,9,3,0,12,0,1,49,0,50,0,10,52,0,62,50,0,50,112
06/18/2019,LWS,ID,ANM,WE,Federal Contract Tower,0,8,7,0,15,0,1,55,0,56,0,9,62,0,71,34,0,34,105
06/19/2019,LWS,ID,ANM,WE,Federal Contract Tower,0,9,3,0,12,0,3,22,0,25,0,12,25,0,37,8,0,8,45
06/20/2019,LWS,ID,ANM,WE,Federal Contract Tower,0,9,10,0,19,0,2,21,0,23,0,11,31,0,42,0,0,0,42
06/21/2019,LWS,ID,ANM,WE,Federal Contract Tower,0,7,7,0,14,0,2,31,0,33,0,9,38,0,47,52,0,52,99
06/22/2019,LWS,ID,ANM,WE,Federal Contract Tower,0,7,3,0,10,0,1,54,0,55,0,8,57,0,65,82,0,82,147
06/23/2019,LWS,ID,ANM,WE,Federal Contract Tower,0,6,6,0,12,0,0,28,0,28,0,6,34,0,40,72,0,72,112
06/24/2019,LWS,ID,ANM,WE,Federal Contract Tower,0,7,7,0,14,0,1,54,0,55,0,8,61,0,69,68,0,68,137
06/25/2019,LWS,ID,ANM,WE,Federal Contract Tower,0,7,6,0,13,0,1,38,0,39,0,8,44,0,52,44,0,44,96
06/26/2019,LWS,ID,ANM,WE,Federal Contract Tower,0,8,0,0,8,0,0,59,0,59,0,8,59,0,67,50,0,50,117
06/27/2019,LWS,ID,ANM,WE,Federal Contract Tower,0,7,11,0,18,0,6,47,4,57,0,13,58,4,75,50,0,50,125
06/28/2019,LWS,ID,ANM,WE,Federal Contract Tower,0,8,5,0,13,0,0,108,3,111,0,8,113,3,124,114,2,116,240
06/29/2019,LWS,ID,ANM,WE,Federal Contract Tower,0,5,2,0,7,0,4,307,0,311,0,9,309,0,318,258,0,258,576
06/30/2019,LWS,ID,ANM,WE,Federal Contract Tower,0,4,1,1,6,0,2,75,1,78,0,6,76,2,84,56,0,56,140
07/01/2019,LWS,ID,ANM,WE,Federal Contract Tower,0,8,2,0,10,0,3,27,0,30,0,11,29,0,40,0,42,42,82
07/02/2019,LWS,ID,ANM,WE,Federal Contract Tower,0,9,6,0,15,0,3,26,0,29,0,12,32,0,44,16,0,16,60
07/03/2019,LWS,ID,ANM,WE,Federal Contract Tower,0,6,6,0,12,0,2,46,0,48,0,8,52,0,60,30,0,30,90
07/04/2019,LWS,ID,ANM,WE,Federal Contract Tower,0,5,4,0,9,0,0,38,0,38,0,5,42,0,47,10,0,10,57
07/05/2019,LWS,ID,ANM,WE,Federal Contract Tower,0,9,4,0,13,0,2,20,0,22,0,11,24,0,35,0,0,0,35
07/06/2019,LWS,ID,ANM,WE,Federal Contract Tower,0,7,3,0,10,0,1,32,0,33,0,8,35,0,43,22,0,22,65
07/07/2019,LWS,ID,ANM,WE,Federal Contract Tower,0,4,4,0,8,0,0,32,0,32,0,4,36,0,40,68,0,68,108
07/08/2019,LWS,ID,ANM,WE,Federal Contract Tower,0,6,5,0,11,0,5,18,0,23,0,11,23,0,34,0,0,0,34
07/09/2019,LWS,ID,ANM,WE,Federal Contract Tower,0,10,10,0,20,0,4,48,0,52,0,14,58,0,72,46,0,46,118
07/10/2019,LWS,ID,ANM,WE,Federal Contract Tower,0,9,6,0,15,0,2,44,2,48,0,11,50,2,63,16,0,16,79
07/11/2019,LWS,ID,ANM,WE,Federal Contract Tower,0,8,8,0,16,0,3,75,0,78,0,11,83,0,94,4,0,4,98
07/12/2019,LWS,ID,ANM,WE,Federal Contract Tower,0,8,5,0,13,0,1,38,0,39,0,9,43,0,52,26,0,26,78
07/13/2019,LWS,ID,ANM,WE,Federal Contract Tower,0,7,4,0,11,0,2,41,0,43,0,9,45,0,54,32,0,32,86
07/14/2019,LWS,ID,ANM,WE,Federal Contract Tower,2,4,3,0,9,0,3,48,0,51,2,7,51,0,60,26,0,26,86
07/15/2019,LWS,ID,ANM,WE,Federal Contract Tower,0,8,8,0,16,0,2,38,0,40,0,10,46,0,56,12,0,12,68
07/16/2019,LWS,ID,ANM,WE,Federal Contract Tower,0,7,8,0,15,0,3,40,0,43,0,10,48,0,58,56,0,56,114
07/17/2019,LWS,ID,ANM,WE,Federal Contract Tower,0,9,8,0,17,0,2,22,0,24,0,11,30,0,41,0,0,0,41
07/18/2019,LWS,ID,ANM,WE,Federal Contract Tower,2,8,7,0,17,0,4,36,0,40,2,12,43,0,57,22,0,22,79
07/19/2019,LWS,ID,ANM,WE,Federal Contract Tower,0,8,1,0,9,0,2,41,0,43,0,10,42,0,52,38,0,38,90
07/20/2019,LWS,ID,ANM,WE,Federal Contract Tower,0,10,5,0,15,0,3,50,0,53,0,13,55,0,68,14,0,14,82
07/21/2019,LWS,ID,ANM,WE,Federal Contract Tower,0,4,1,0,5,0,0,37,0,37,0,4,38,0,42,26,0,26,68
07/22/2019,LWS,ID,ANM,WE,Federal Contract Tower,0,8,7,0,15,0,2,45,0,47,0,10,52,0,62,42,0,42,104
07/23/2019,LWS,ID,ANM,WE,Federal Contract Tower,0,7,3,0,10,0,3,45,0,48,0,10,48,0,58,38,0,38,96
07/24/2019,LWS,ID,ANM,WE,Federal Contract Tower,0,8,1,0,9,0,5,39,0,44,0,13,40,0,53,24,0,24,77
07/25/2019,LWS,ID,ANM,WE,Federal Contract Tower,0,7,5,0,12,0,5,37,0,42,0,12,42,0,54,12,0,12,66
07/26/2019,LWS,ID,ANM,WE,Federal Contract Tower,0,8,2,0,10,0,7,43,0,50,0,15,45,0,60,18,0,18,78
07/27/2019,LWS,ID,ANM,WE,Federal Contract Tower,0,7,2,0,9,0,0,37,0,37,0,7,39,0,46,14,0,14,60
07/28/2019,LWS,ID,ANM,WE,Federal Contract Tower,0,4,3,0,7,0,4,57,0,61,0,8,60,0,68,16,0,16,84
07/29/2019,LWS,ID,ANM,WE,Federal Contract Tower,0,8,6,0,14,0,8,45,0,53,0,16,51,0,67,0,0,0,67
07/30/2019,LWS,ID,ANM,WE,Federal Contract Tower,0,7,9,0,16,0,5,46,0,51,0,12,55,0,67,2,0,2,69
07/31/2019,LWS,ID,ANM,WE,Federal Contract Tower,0,9,1,0,10,0,1,27,0,28,0,10,28,0,38,28,0,28,66
08/01/2019,LWS,ID,ANM,WE,Federal Contract Tower,0,10,11,0,21,0,3,54,0,57,0,13,65,0,78,68,0,68,146
08/02/2019,LWS,ID,ANM,WE,Federal Contract Tower,0,7,2,0,9,0,3,33,0,36,0,10,35,0,45,50,0,50,95
08/03/2019,LWS,ID,ANM,WE,Federal Contract Tower,0,9,4,0,13,0,6,45,0,51,0,15,49,0,64,4,0,4,68
08/04/2019,LWS,ID,ANM,WE,Federal Contract Tower,0,5,4,0,9,0,2,20,0,22,0,7,24,0,31,0,0,0,31
08/05/2019,LWS,ID,ANM,WE,Federal Contract Tower,0,7,4,0,11,0,12,60,0,72,0,19,64,0,83,28,0,28,111
08/06/2019,LWS,ID,ANM,WE,Federal Contract Tower,0,10,0,0,10,0,6,45,0,51,0,16,45,0,61,42,0,42,103
08/07/2019,LWS,ID,ANM,WE,Federal Contract Tower,0,12,10,0,22,0,7,36,2,45,0,19,46,2,67,36,0,36,103
08/08/2019,LWS,ID,ANM,WE,Federal Contract Tower,0,8,12,0,20,0,2,29,0,31,0,10,41,0,51,10,0,10,61
08/09/2019,LWS,ID,ANM,WE,Federal Contract Tower,0,7,4,0,11,0,4,44,0,48,0,11,48,0,59,54,0,54,113
08/10/2019,LWS,ID,ANM,WE,Federal Contract Tower,0,9,5,0,14,0,4,52,0,56,0,13,57,0,70,38,0,38,108
08/11/2019,LWS,ID,ANM,WE,Federal Contract Tower,0,4,2,0,6,0,0,29,0,29,0,4,31,0,35,2,0,2,37
08/12/2019,LWS,ID,ANM,WE,Federal Contract Tower,0,7,11,0,18,0,7,70,0,77,0,14,81,0,95,70,0,70,165
08/13/2019,LWS,ID,ANM,WE,Federal Contract Tower,0,7,2,0,9,0,1,43,0,44,0,8,45,0,53,0,0,0,53
08/14/2019,LWS,ID,ANM,WE,Federal Contract Tower,0,8,4,0,12,0,0,47,3,50,0,8,51,3,62,76,0,76,138
08/15/2019,LWS,ID,ANM,WE,Federal Contract Tower,2,6,7,0,15,0,7,60,0,67,2,13,67,0,82,60,0,60,142
08/16/2019,LWS,ID,ANM,WE,Federal Contract Tower,0,7,1,0,8,0,4,42,0,46,0,11,43,0,54,20,0,20,74
08/17/2019,LWS,ID,ANM,WE,Federal Contract Tower,0,6,2,0,8,0,7,36,0,43,0,13,38,0,51,12,0,12,63
08/18/2019,LWS,ID,ANM,WE,Federal Contract Tower,0,4,0,0,4,0,4,43,0,47,0,8,43,0,51,38,0,38,89
08/19/2019,LWS,ID,ANM,WE,Federal Contract Tower,0,7,5,2,14,0,6,56,0,62,0,13,61,2,76,26,0,26,102
08/20/2019,LWS,ID,ANM,WE,Federal Contract Tower,0,7,5,0,12,0,6,33,0,39,0,13,38,0,51,22,0,22,73
08/21/2019,LWS,ID,ANM,WE,Federal Contract Tower,2,8,9,4,23,0,0,35,0,35,2,8,44,4,58,20,0,20,78
08/22/2019,LWS,ID,ANM,WE,Federal Contract Tower,0,8,8,0,16,0,2,43,0,45,0,10,51,0,61,38,0,38,99
08/23/2019,LWS,ID,ANM,WE,Federal Contract Tower,0,7,1,0,8,0,2,52,0,54,0,9,53,0,62,2,0,2,64
08/24/2019,LWS,ID,ANM,WE,Federal Contract Tower,2,5,2,0,9,0,9,35,0,44,2,14,37,0,53,4,0,4,57
08/25/2019,LWS,ID,ANM,WE,Federal Contract Tower,0,4,9,0,13,0,0,40,0,40,0,4,49,0,53,42,0,42,95
08/26/2019,LWS,ID,ANM,WE,Federal Contract Tower,0,7,12,0,19,0,10,70,0,80,0,17,82,0,99,38,0,38,137
08/27/2019,LWS,ID,ANM,WE,Federal Contract Tower,0,6,4,0,10,0,3,33,0,36,0,9,37,0,46,6,0,6,52
08/28/2019,LWS,ID,ANM,WE,Federal Contract Tower,0,8,8,1,17,0,6,51,0,57,0,14,59,1,74,44,0,44,118
08/29/2019,LWS,ID,ANM,WE,Federal Contract Tower,0,7,12,0,19,0,3,37,0,40,0,10,49,0,59,12,0,12,71
08/30/2019,LWS,ID,ANM,WE,Federal Contract Tower,3,6,6,0,15,0,4,54,0,58,3,10,60,0,73,18,0,18,91
08/31/2019,LWS,ID,ANM,WE,Federal Contract Tower,0,6,3,0,9,0,8,22,0,30,0,14,25,0,39,34,0,34,73
09/01/2019,LWS,ID,ANM,WE,Federal Contract Tower,0,5,5,0,10,0,0,28,0,28,0,5,33,0,38,54,0,54,92
09/02/2019,LWS,ID,ANM,WE,Federal Contract Tower,0,4,6,0,10,0,0,35,0,35,0,4,41,0,45,62,0,62,107
09/03/2019,LWS,ID,ANM,WE,Federal Contract Tower,0,9,5,0,14,0,3,37,0,40,0,12,42,0,54,6,0,6,60
09/04/2019,LWS,ID,ANM,WE,Federal Contract Tower,0,8,3,0,11,0,9,28,0,37,0,17,31,0,48,18,0,18,66
09/05/2019,LWS,ID,ANM,WE,Federal Contract Tower,0,7,8,0,15,0,7,36,0,43,0,14,44,0,58,4,0,4,62
09/06/2019,LWS,ID,ANM,WE,Federal Contract Tower,0,7,7,0,14,0,4,18,0,22,0,11,25,0,36,18,0,18,54
09/07/2019,LWS,ID,ANM,WE,Federal Contract Tower,0,6,4,0,10,0,6,30,1,37,0,12,34,1,47,18,0,18,65
09/08/2019,LWS,ID,ANM,WE,Federal Contract Tower,0,4,19,0,23,0,2,11,0,13,0,6,30,0,36,18,0,18,54
09/09/2019,LWS,ID,ANM,WE,Federal Contract Tower,0,7,5,0,12,0,1,15,0,16,0,8,20,0,28,12,0,12,40
09/10/2019,LWS,ID,ANM,WE,Federal Contract Tower,0,10,12,0,22,0,2,37,0,39,0,12,49,0,61,16,0,16,77
09/11/2019,LWS,ID,ANM,WE,Federal Contract Tower,0,6,11,2,19,0,3,42,4,49,0,9,53,6,68,34,4,38,106
09/12/2019,LWS,ID,ANM,WE,Federal Contract Tower,4,12,7,0,23,0,7,54,0,61,4,19,61,0,84,28,0,28,112
09/13/2019,LWS,ID,ANM,WE,Federal Contract Tower,2,6,9,0,17,0,3,42,0,45,2,9,51,0,62,18,0,18,80
09/14/2019,LWS,ID,ANM,WE,Federal Contract Tower,1,5,6,0,12,0,6,50,0,56,1,11,56,0,68,72,0,72,140
09/15/2019,LWS,ID,ANM,WE,Federal Contract Tower,2,4,6,0,12,0,6,16,0,22,2,10,22,0,34,64,0,64,98
09/16/2019,LWS,ID,ANM,WE,Federal Contract Tower,0,6,9,0,15,0,5,21,0,26,0,11,30,0,41,24,0,24,65
09/17/2019,LWS,ID,ANM,WE,Federal Contract Tower,0,7,6,0,13,0,6,23,0,29,0,13,29,0,42,14,0,14,56
09/18/2019,LWS,ID,ANM,WE,Federal Contract Tower,0,9,5,0,14,0,4,10,0,14,0,13,15,0,28,8,0,8,36
09/19/2019,LWS,ID,ANM,WE,Federal Contract Tower,0,7,12,0,19,0,1,34,0,35,0,8,46,0,54,40,0,40,94
09/20/2019,LWS,ID,ANM,WE,Federal Contract Tower,2,10,23,1,36,0,4,44,0,48,2,14,67,1,84,10,0,10,94
09/21/2019,LWS,ID,ANM,WE,Federal Contract Tower,0,8,2,0,10,0,5,47,0,52,0,13,49,0,62,30,0,30,92
09/22/2019,LWS,ID,ANM,WE,Federal Contract Tower,0,4,7,0,11,0,1,30,0,31,0,5,37,0,42,10,0,10,52
09/23/2019,LWS,ID,ANM,WE,Federal Contract Tower,0,8,10,0,18,0,0,0,0,0,0,8,10,0,18,0,0,0,18
09/24/2019,LWS,ID,ANM,WE,Federal Contract Tower,1,6,8,0,15,1,4,26,0,31,2,10,34,0,46,10,0,10,56
09/25/2019,LWS,ID,ANM,WE,Federal Contract Tower,0,8,10,0,18,0,2,47,0,49,0,10,57,0,67,22,0,22,89
09/26/2019,LWS,ID,ANM,WE,Federal Contract Tower,0,7,8,0,15,0,5,11,0,16,0,12,19,0,31,12,0,12,43
09/27/2019,LWS,ID,ANM,WE,Federal Contract Tower,4,7,17,0,28,0,3,32,0,35,4,10,49,0,63,40,0,40,103
09/28/2019,LWS,ID,ANM,WE,Federal Contract Tower,3,6,6,0,15,0,0,0,0,0,3,6,6,0,15,0,0,0,15
09/29/2019,LWS,ID,ANM,WE,Federal Contract Tower,0,6,10,0,16,0,1,13,0,14,0,7,23,0,30,56,0,56,86
09/30/2019,LWS,ID,ANM,WE,Federal Contract Tower,0,8,2,0,10,0,6,31,0,37,0,14,33,0,47,2,0,2,49
10/01/2019,LWS,ID,ANM,WE,Federal Contract Tower,0,7,11,0,18,0,0,0,0,0,0,7,11,0,18,10,0,10,28
10/02/2019,LWS,ID,ANM,WE,Federal Contract Tower,0,9,15,0,24,0,5,48,0,53,0,14,63,0,77,28,0,28,105
10/03/2019,LWS,ID,ANM,WE,Federal Contract Tower,0,9,14,1,24,0,2,23,1,26,0,11,37,2,50,18,0,18,68
10/04/2019,LWS,ID,ANM,WE,Federal Contract Tower,0,8,7,0,15,0,2,27,0,29,0,10,34,0,44,36,0,36,80
10/05/2019,LWS,ID,ANM,WE,Federal Contract Tower,0,6,7,0,13,0,8,24,0,32,0,14,31,0,45,14,0,14,59
10/06/2019,LWS,ID,ANM,WE,Federal Contract Tower,0,4,10,0,14,0,5,78,0,83,0,9,88,0,97,72,0,72,169
10/07/2019,LWS,ID,ANM,WE,Federal Contract Tower,0,7,11,0,18,0,2,27,0,29,0,9,38,0,47,40,0,40,87
10/08/2019,LWS,ID,ANM,WE,Federal Contract Tower,0,8,6,0,14,0,2,14,0,16,0,10,20,0,30,0,0,0,30
10/09/2019,LWS,ID,ANM,WE,Federal Contract Tower,0,10,10,0,20,0,2,16,0,18,0,12,26,0,38,0,0,0,38
10/10/2019,LWS,ID,ANM,WE,Federal Contract Tower,0,7,11,0,18,0,4,49,0,53,0,11,60,0,71,24,0,24,95
10/11/2019,LWS,ID,ANM,WE,Federal Contract Tower,0,6,12,0,18,0,6,54,0,60,0,12,66,0,78,0,0,0,78
10/12/2019,LWS,ID,ANM,WE,Federal Contract Tower,0,5,2,0,7,0,2,25,0,27,0,7,27,0,34,28,0,28,62
10/13/2019,LWS,ID,ANM,WE,Federal Contract Tower,2,4,7,0,13,0,4,30,0,34,2,8,37,0,47,0,0,0,47
10/14/2019,LWS,ID,ANM,WE,Federal Contract Tower,0,5,6,0,11,0,0,30,0,30,0,5,36,0,41,48,0,48,89
10/15/2019,LWS,ID,ANM,WE,Federal Contract Tower,0,5,2,0,7,0,10,26,0,36,0,15,28,0,43,2,0,2,45
10/16/2019,LWS,ID,ANM,WE,Federal Contract Tower,0,5,9,0,14,0,3,34,0,37,0,8,43,0,51,14,0,14,65
10/17/2019,LWS,ID,ANM,WE,Federal Contract Tower,2,6,12,0,20,0,0,8,0,8,2,6,20,0,28,22,0,22,50
10/18/2019,LWS,ID,ANM,WE,Federal Contract Tower,3,6,13,0,22,0,4,19,0,23,3,10,32,0,45,20,0,20,65
10/19/2019,LWS,ID,ANM,WE,Federal Contract Tower,3,10,4,0,17,0,0,3,0,3,3,10,7,0,20,18,0,18,38
10/20/2019,LWS,ID,ANM,WE,Federal Contract Tower,0,4,7,0,11,0,3,23,0,26,0,7,30,0,37,8,0,8,45
10/21/2019,LWS,ID,ANM,WE,Federal Contract Tower,2,8,8,0,18,0,0,14,0,14,2,8,22,0,32,10,0,10,42
10/22/2019,LWS,ID,ANM,WE,Federal Contract Tower,0,8,5,0,13,0,0,17,0,17,0,8,22,0,30,18,0,18,48
10/23/2019,LWS,ID,ANM,WE,Federal Contract Tower,0,6,5,0,11,0,4,36,0,40,0,10,41,0,51,24,0,24,75
10/24/2019,LWS,ID,ANM,WE,Federal Contract Tower,2,9,12,0,23,0,5,44,2,51,2,14,56,2,74,30,0,30,104
10/25/2019,LWS,ID,ANM,WE,Federal Contract Tower,0,7,4,0,11,0,6,29,0,35,0,13,33,0,46,34,0,34,80
10/26/2019,LWS,ID,ANM,WE,Federal Contract Tower,0,7,3,0,10,0,3,34,0,37,0,10,37,0,47,30,0,30,77
10/27/2019,LWS,ID,ANM,WE,Federal Contract Tower,0,8,6,0,14,0,1,70,0,71,0,9,76,0,85,70,0,70,155
10/28/2019,LWS,ID,ANM,WE,Federal Contract Tower,0,6,5,0,11,0,6,26,0,32,0,12,31,0,43,14,0,14,57
10/29/2019,LWS,ID,ANM,WE,Federal Contract Tower,0,7,2,0,9,0,0,28,0,28,0,7,30,0,37,56,0,56,93
10/30/2019,LWS,ID,ANM,WE,Federal Contract Tower,0,7,11,0,18,0,2,35,0,37,0,9,46,0,55,35,0,35,90
10/31/2019,LWS,ID,ANM,WE,Federal Contract Tower,0,7,6,0,13,0,7,24,0,31,0,14,30,0,44,16,0,16,60
11/01/2019,LWS,ID,ANM,WE,Federal Contract Tower,1,7,1,0,9,0,7,35,0,42,1,14,36,0,51,68,0,68,119
11/02/2019,LWS,ID,ANM,WE,Federal Contract Tower,1,9,0,0,10,0,3,53,0,56,1,12,53,0,66,52,0,52,118
11/03/2019,LWS,ID,ANM,WE,Federal Contract Tower,0,4,4,0,8,0,4,57,0,61,0,8,61,0,69,70,0,70,139
11/05/2019,LWS,ID,ANM,WE,Federal Contract Tower,0,11,5,0,16,0,6,35,0,41,0,17,40,0,57,48,0,48,105
11/06/2019,LWS,ID,ANM,WE,Federal Contract Tower,0,9,7,0,16,0,0,0,0,0,0,9,7,0,16,130,0,130,146
11/07/2019,LWS,ID,ANM,WE,Federal Contract Tower,0,9,13,0,22,0,4,22,2,28,0,13,35,2,50,26,0,26,76
11/08/2019,LWS,ID,ANM,WE,Federal Contract Tower,0,7,6,0,13,0,4,45,0,49,0,11,51,0,62,38,0,38,100
11/09/2019,LWS,ID,ANM,WE,Federal Contract Tower,0,8,4,0,12,0,4,42,0,46,0,12,46,0,58,46,0,46,104
11/10/2019,LWS,ID,ANM,WE,Federal Contract Tower,0,5,6,0,11,0,0,46,0,46,0,5,52,0,57,38,0,38,95
11/11/2019,LWS,ID,ANM,WE,Federal Contract Tower,0,6,7,0,13,0,6,14,0,20,0,12,21,0,33,0,0,0,33
11/12/2019,LWS,ID,ANM,WE,Federal Contract Tower,0,9,12,0,21,0,2,30,0,32,0,11,42,0,53,12,0,12,65
11/13/2019,LWS,ID,ANM,WE,Federal Contract Tower,0,10,14,0,24,0,1,19,0,20,0,11,33,0,44,14,0,14,58
11/14/2019,LWS,ID,ANM,WE,Federal Contract Tower,2,9,15,2,28,0,2,16,0,18,2,11,31,2,46,22,4,26,72
11/15/2019,LWS,ID,ANM,WE,Federal Contract Tower,3,9,17,0,29,0,0,2,0,2,3,9,19,0,31,0,0,0,31
11/16/2019,LWS,ID,ANM,WE,Federal Contract Tower,3,12,9,0,24,0,0,12,0,12,3,12,21,0,36,20,0,20,56
11/17/2019,LWS,ID,ANM,WE,Federal Contract Tower,2,5,7,0,14,0,0,10,0,10,2,5,17,0,24,18,0,18,42
11/18/2019,LWS,ID,ANM,WE,Federal Contract Tower,0,5,5,0,10,0,0,0,0,0,0,5,5,0,10,0,0,0,10
11/19/2019,LWS,ID,ANM,WE,Federal Contract Tower,0,12,7,0,19,0,1,27,0,28,0,13,34,0,47,27,0,27,74
11/20/2019,LWS,ID,ANM,WE,Federal Contract Tower,0,10,9,2,21,0,0,22,0,22,0,10,31,2,43,32,16,48,91
11/21/2019,LWS,ID,ANM,WE,Federal Contract Tower,0,8,7,0,15,0,1,37,0,38,0,9,44,0,53,48,0,48,101
11/22/2019,LWS,ID,ANM,WE,Federal Contract Tower,2,8,9,0,19,0,0,8,0,8,2,8,17,0,27,14,0,14,41
11/23/2019,LWS,ID,ANM,WE,Federal Contract Tower,1,7,2,0,10,0,0,6,0,6,1,7,8,0,16,26,0,26,42
11/24/2019,LWS,ID,ANM,WE,Federal Contract Tower,1,5,0,0,6,0,2,11,0,13,1,7,11,0,19,0,0,0,19
11/25/2019,LWS,ID,ANM,WE,Federal Contract Tower,0,8,9,0,17,0,1,34,0,35,0,9,43,0,52,38,0,38,90
11/26/2019,LWS,ID,ANM,WE,Federal Contract Tower,0,9,6,0,15,0,4,23,0,27,0,13,29,0,42,22,0,22,64
11/27/2019,LWS,ID,ANM,WE,Federal Contract Tower,0,8,12,0,20,0,3,7,0,10,0,11,19,0,30,0,0,0,30
11/28/2019,LWS,ID,ANM,WE,Federal Contract Tower,0,2,0,0,2,0,0,12,0,12,0,2,12,0,14,0,0,0,14
11/29/2019,LWS,ID,ANM,WE,Federal Contract Tower,0,8,7,0,15,0,0,9,0,9,0,8,16,0,24,16,0,16,40
11/30/2019,LWS,ID,ANM,WE,Federal Contract Tower,0,5,1,0,6,0,3,63,0,66,0,8,64,0,72,30,0,30,102
12/01/2019,LWS,ID,ANM,WE,Federal Contract Tower,0,4,7,0,11,0,0,19,0,19,0,4,26,0,30,10,0,10,40
12/02/2019,LWS,ID,ANM,WE,Federal Contract Tower,0,12,3,2,17,0,4,26,0,30,0,16,29,2,47,28,0,28,75
12/03/2019,LWS,ID,ANM,WE,Federal Contract Tower,0,10,7,0,17,0,3,20,0,23,0,13,27,0,40,64,0,64,104
12/04/2019,LWS,ID,ANM,WE,Federal Contract Tower,0,10,11,0,21,0,6,25,0,31,0,16,36,0,52,86,0,86,138
12/05/2019,LWS,ID,ANM,WE,Federal Contract Tower,0,10,13,0,23,0,5,39,0,44,0,15,52,0,67,20,0,20,87
12/06/2019,LWS,ID,ANM,WE,Federal Contract Tower,0,9,10,0,19,0,2,17,0,19,0,11,27,0,38,28,0,28,66
12/07/2019,LWS,ID,ANM,WE,Federal Contract Tower,0,9,0,0,9,0,2,26,0,28,0,11,26,0,37,2,0,2,39
12/08/2019,LWS,ID,ANM,WE,Federal Contract Tower,0,6,8,0,14,0,0,2,0,2,0,6,10,0,16,0,0,0,16
12/09/2019,LWS,ID,ANM,WE,Federal Contract Tower,0,8,13,0,21,0,0,0,0,0,0,8,13,0,21,0,0,0,21
12/10/2019,LWS,ID,ANM,WE,Federal Contract Tower,0,10,11,0,21,0,2,31,0,33,0,12,42,0,54,82,0,82,136
12/11/2019,LWS,ID,ANM,WE,Federal Contract Tower,0,9,15,0,24,0,0,0,0,0,0,9,15,0,24,4,0,4,28
12/12/2019,LWS,ID,ANM,WE,Federal Contract Tower,0,12,14,0,26,0,5,28,0,33,0,17,42,0,59,44,0,44,103
12/13/2019,LWS,ID,ANM,WE,Federal Contract Tower,0,9,3,0,12,0,1,24,0,25,0,10,27,0,37,36,0,36,73
12/14/2019,LWS,ID,ANM,WE,Federal Contract Tower,0,9,5,0,14,0,2,9,0,11,0,11,14,0,25,22,0,22,47
12/15/2019,LWS,ID,ANM,WE,Federal Contract Tower,0,5,2,0,7,0,0,0,0,0,0,5,2,0,7,8,0,8,15
12/16/2019,LWS,ID,ANM,WE,Federal Contract Tower,0,9,4,0,13,0,2,23,0,25,0,11,27,0,38,10,0,10,48
12/17/2019,LWS,ID,ANM,WE,Federal Contract Tower,0,9,5,0,14,0,1,19,0,20,0,10,24,0,34,0,0,0,34
12/18/2019,LWS,ID,ANM,WE,Federal Contract Tower,0,9,4,0,13,0,6,17,0,23,0,15,21,0,36,4,0,4,40
12/19/2019,LWS,ID,ANM,WE,Federal Contract Tower,0,8,6,0,14,0,0,2,0,2,0,8,8,0,16,0,0,0,16
12/20/2019,LWS,ID,ANM,WE,Federal Contract Tower,0,8,3,0,11,0,3,8,0,11,0,11,11,0,22,16,0,16,38
12/21/2019,LWS,ID,ANM,WE,Federal Contract Tower,0,9,2,0,11,0,3,33,0,36,0,12,35,0,47,32,0,32,79
12/22/2019,LWS,ID,ANM,WE,Federal Contract Tower,0,5,1,0,6,0,2,32,0,34,0,7,33,0,40,36,0,36,76
12/23/2019,LWS,ID,ANM,WE,Federal Contract Tower,0,9,13,0,22,0,0,0,0,0,0,9,13,0,22,0,0,0,22
12/24/2019,LWS,ID,ANM,WE,Federal Contract Tower,3,7,7,0,17,0,0,3,0,3,3,7,10,0,20,0,0,0,20
12/25/2019,LWS,ID,ANM,WE,Federal Contract Tower,0,4,5,0,9,0,0,15,0,15,0,4,20,0,24,18,0,18,42
12/26/2019,LWS,ID,ANM,WE,Federal Contract Tower,0,9,6,0,15,0,2,15,0,17,0,11,21,0,32,6,0,6,38
12/27/2019,LWS,ID,ANM,WE,Federal Contract Tower,4,7,12,0,23,0,2,6,0,8,4,9,18,0,31,6,0,6,37
12/28/2019,LWS,ID,ANM,WE,Federal Contract Tower,0,7,5,0,12,0,2,10,0,12,0,9,15,0,24,2,0,2,26
12/29/2019,LWS,ID,ANM,WE,Federal Contract Tower,0,8,7,0,15,0,0,8,0,8,0,8,15,0,23,8,0,8,31
12/30/2019,LWS,ID,ANM,WE,Federal Contract Tower,0,9,8,0,17,0,2,9,0,11,0,11,17,0,28,6,0,6,34
12/31/2019,LWS,ID,ANM,WE,Federal Contract Tower,0,10,0,0,10,0,2,0,0,2,0,12,0,0,12,0,0,0,12
01/01/2020,LWS,ID,ANM,WE,Federal Contract Tower,0,6,1,0,7,0,1,11,0,12,0,7,12,0,19,0,0,0,19
01/02/2020,LWS,ID,ANM,WE,Federal Contract Tower,0,12,7,0,19,0,0,0,0,0,0,12,7,0,19,4,0,4,23
01/03/2020,LWS,ID,ANM,WE,Federal Contract Tower,0,9,2,0,11,0,3,5,0,8,0,12,7,0,19,0,0,0,19
01/04/2020,LWS,ID,ANM,WE,Federal Contract Tower,0,4,1,0,5,0,5,2,0,7,0,9,3,0,12,0,0,0,12
01/05/2020,LWS,ID,ANM,WE,Federal Contract Tower,0,3,2,0,5,0,0,35,0,35,0,3,37,0,40,74,0,74,114
01/06/2020,LWS,ID,ANM,WE,Federal Contract Tower,0,7,5,0,12,0,0,12,0,12,0,7,17,0,24,0,0,0,24
01/07/2020,LWS,ID,ANM,WE,Federal Contract Tower,2,6,8,0,16,0,3,24,0,27,2,9,32,0,43,16,0,16,59
01/08/2020,LWS,ID,ANM,WE,Federal Contract Tower,0,5,6,0,11,0,2,11,0,13,0,7,17,0,24,8,0,8,32
01/09/2020,LWS,ID,ANM,WE,Federal Contract Tower,0,7,9,0,16,0,0,28,0,28,0,7,37,0,44,18,0,18,62
01/10/2020,LWS,ID,ANM,WE,Federal Contract Tower,0,5,8,0,13,0,1,9,0,10,0,6,17,0,23,0,0,0,23
01/11/2020,LWS,ID,ANM,WE,Federal Contract Tower,0,5,0,0,5,0,0,0,0,0,0,5,0,0,5,0,0,0,5
01/12/2020,LWS,ID,ANM,WE,Federal Contract Tower,0,2,3,0,5,0,0,4,0,4,0,2,7,0,9,28,0,28,37
01/13/2020,LWS,ID,ANM,WE,Federal Contract Tower,0,7,4,0,11,0,0,21,0,21,0,7,25,0,32,0,0,0,32
01/14/2020,LWS,ID,ANM,WE,Federal Contract Tower,0,0,0,0,0,0,0,0,0,0,0,0,0,0,0,0,0,0,0
01/15/2020,LWS,ID,ANM,WE,Federal Contract Tower,0,5,6,0,11,0,3,11,0,14,0,8,17,0,25,10,0,10,35
01/16/2020,LWS,ID,ANM,WE,Federal Contract Tower,0,6,12,0,18,0,3,9,0,12,0,9,21,0,30,0,0,0,30
01/17/2020,LWS,ID,ANM,WE,Federal Contract Tower,0,8,2,0,10,0,4,11,0,15,0,12,13,0,25,16,0,16,41
01/18/2020,LWS,ID,ANM,WE,Federal Contract Tower,0,5,1,0,6,0,1,2,0,3,0,6,3,0,9,0,0,0,9
01/19/2020,LWS,ID,ANM,WE,Federal Contract Tower,0,3,3,0,6,0,3,13,0,16,0,6,16,0,22,6,0,6,28
01/20/2020,LWS,ID,ANM,WE,Federal Contract Tower,0,6,2,0,8,0,2,20,0,22,0,8,22,0,30,8,0,8,38
01/21/2020,LWS,ID,ANM,WE,Federal Contract Tower,0,7,9,0,16,0,7,1,0,8,0,14,10,0,24,0,0,0,24
01/22/2020,LWS,ID,ANM,WE,Federal Contract Tower,0,6,2,0,8,0,2,16,0,18,0,8,18,0,26,24,0,24,50
01/23/2020,LWS,ID,ANM,WE,Federal Contract Tower,0,5,9,0,14,0,0,11,0,11,0,5,20,0,25,4,0,4,29
01/24/2020,LWS,ID,ANM,WE,Federal Contract Tower,0,5,7,0,12,0,6,28,0,34,0,11,35,0,46,44,0,44,90
01/25/2020,LWS,ID,ANM,WE,Federal Contract Tower,0,5,3,0,8,0,0,11,0,11,0,5,14,0,19,48,0,48,67
01/26/2020,LWS,ID,ANM,WE,Federal Contract Tower,0,2,5,0,7,0,0,8,0,8,0,2,13,0,15,22,0,22,37
01/27/2020,LWS,ID,ANM,WE,Federal Contract Tower,0,6,10,0,16,0,5,4,0,9,0,11,14,0,25,8,0,8,33
01/28/2020,LWS,ID,ANM,WE,Federal Contract Tower,0,7,6,0,13,0,0,4,0,4,0,7,10,0,17,40,0,40,57
01/29/2020,LWS,ID,ANM,WE,Federal Contract Tower,0,6,11,0,17,0,0,0,0,0,0,6,11,0,17,0,0,0,17
01/30/2020,LWS,ID,ANM,WE,Federal Contract Tower,0,6,8,0,14,0,0,15,0,15,0,6,23,0,29,0,0,0,29
01/31/2020,LWS,ID,ANM,WE,Federal Contract Tower,0,6,5,0,11,0,2,9,0,11,0,8,14,0,22,4,0,4,26
02/01/2020,LWS,ID,ANM,WE,Federal Contract Tower,0,5,4,0,9,0,3,0,0,3,0,8,4,0,12,0,0,0,12
02/02/2020,LWS,ID,ANM,WE,Federal Contract Tower,0,3,5,0,8,0,5,24,0,29,0,8,29,0,37,24,0,24,61
02/03/2020,LWS,ID,ANM,WE,Federal Contract Tower,0,6,6,0,12,0,2,33,0,35,0,8,39,0,47,36,0,36,83
02/04/2020,LWS,ID,ANM,WE,Federal Contract Tower,0,6,3,0,9,0,2,11,0,13,0,8,14,0,22,22,0,22,44
02/05/2020,LWS,ID,ANM,WE,Federal Contract Tower,0,6,6,0,12,0,0,0,0,0,0,6,6,0,12,0,0,0,12
02/06/2020,LWS,ID,ANM,WE,Federal Contract Tower,0,4,13,0,17,0,0,0,0,0,0,4,13,0,17,0,0,0,17
02/07/2020,LWS,ID,ANM,WE,Federal Contract Tower,0,8,10,0,18,0,0,0,0,0,0,8,10,0,18,0,0,0,18
02/08/2020,LWS,ID,ANM,WE,Federal Contract Tower,0,7,1,0,8,0,6,19,0,25,0,13,20,0,33,28,0,28,61
02/09/2020,LWS,ID,ANM,WE,Federal Contract Tower,0,2,4,0,6,0,1,43,0,44,0,3,47,0,50,40,0,40,90
02/10/2020,LWS,ID,ANM,WE,Federal Contract Tower,0,5,13,0,18,0,8,30,0,38,0,13,43,0,56,22,0,22,78
02/11/2020,LWS,ID,ANM,WE,Federal Contract Tower,0,6,4,0,10,0,0,21,0,21,0,6,25,0,31,16,0,16,47
02/12/2020,LWS,ID,ANM,WE,Federal Contract Tower,0,5,6,0,11,0,4,41,0,45,0,9,47,0,56,54,0,54,110
02/13/2020,LWS,ID,ANM,WE,Federal Contract Tower,2,6,14,0,22,0,3,25,0,28,2,9,39,0,50,10,0,10,60
02/14/2020,LWS,ID,ANM,WE,Federal Contract Tower,0,6,7,0,13,0,2,10,0,12,0,8,17,0,25,8,0,8,33
02/15/2020,LWS,ID,ANM,WE,Federal Contract Tower,0,3,5,0,8,0,0,13,0,13,0,3,18,0,21,36,0,36,57
02/16/2020,LWS,ID,ANM,WE,Federal Contract Tower,2,3,1,0,6,0,3,1,0,4,2,6,2,0,10,0,0,0,10
02/17/2020,LWS,ID,ANM,WE,Federal Contract Tower,0,8,3,0,11,0,3,16,0,19,0,11,19,0,30,22,0,22,52
02/18/2020,LWS,ID,ANM,WE,Federal Contract Tower,0,5,13,0,18,0,12,84,2,98,0,17,97,2,116,30,0,30,146
02/19/2020,LWS,ID,ANM,WE,Federal Contract Tower,0,4,3,0,7,0,3,115,0,118,0,7,118,0,125,66,0,66,191
02/20/2020,LWS,ID,ANM,WE,Federal Contract Tower,0,5,3,0,8,0,4,78,0,82,0,9,81,0,90,44,0,44,134
02/21/2020,LWS,ID,ANM,WE,Federal Contract Tower,0,5,3,0,8,0,1,90,0,91,0,6,93,0,99,72,0,72,171
02/22/2020,LWS,ID,ANM,WE,Federal Contract Tower,0,4,1,0,5,0,4,72,0,76,0,8,73,0,81,74,0,74,155
02/23/2020,LWS,ID,ANM,WE,Federal Contract Tower,0,5,1,0,6,0,1,6,0,7,0,6,7,0,13,0,0,0,13
02/24/2020,LWS,ID,ANM,WE,Federal Contract Tower,0,6,3,0,9,0,7,11,0,18,0,13,14,0,27,0,0,0,27
02/25/2020,LWS,ID,ANM,WE,Federal Contract Tower,0,5,5,0,10,0,1,58,0,59,0,6,63,0,69,78,0,78,147
02/26/2020,LWS,ID,ANM,WE,Federal Contract Tower,0,6,8,0,14,0,6,63,2,71,0,12,71,2,85,50,0,50,135
02/27/2020,LWS,ID,ANM,WE,Federal Contract Tower,0,5,7,0,12,0,6,81,0,87,0,11,88,0,99,64,0,64,163
02/28/2020,LWS,ID,ANM,WE,Federal Contract Tower,0,6,5,0,11,0,5,40,0,45,0,11,45,0,56,44,0,44,100
02/29/2020,LWS,ID,ANM,WE,Federal Contract Tower,0,4,2,0,6,0,1,28,0,29,0,5,30,0,35,16,0,16,51
03/01/2020,LWS,ID,ANM,WE,Federal Contract Tower,0,2,1,0,3,0,2,40,0,42,0,4,41,0,45,22,0,22,67
03/02/2020,LWS,ID,ANM,WE,Federal Contract Tower,0,5,8,0,13,0,2,33,0,35,0,7,41,0,48,38,0,38,86
03/03/2020,LWS,ID,ANM,WE,Federal Contract Tower,0,5,3,0,8,0,0,0,0,0,0,5,3,0,8,164,0,164,172
03/04/2020,LWS,ID,ANM,WE,Federal Contract Tower,0,5,10,0,15,0,1,17,0,18,0,6,27,0,33,44,0,44,77
03/05/2020,LWS,ID,ANM,WE,Federal Contract Tower,0,4,6,1,11,0,3,52,0,55,0,7,58,1,66,64,0,64,130
03/06/2020,LWS,ID,ANM,WE,Federal Contract Tower,0,5,6,1,12,0,4,31,0,35,0,9,37,1,47,42,2,44,91
03/07/2020,LWS,ID,ANM,WE,Federal Contract Tower,0,4,9,0,13,0,2,2,0,4,0,6,11,0,17,0,0,0,17
03/08/2020,LWS,ID,ANM,WE,Federal Contract Tower,0,2,1,0,3,0,3,18,0,21,0,5,19,0,24,26,0,26,50
03/09/2020,LWS,ID,ANM,WE,Federal Contract Tower,0,5,0,0,5,0,4,45,0,49,0,9,45,0,54,0,0,0,54
03/10/2020,LWS,ID,ANM,WE,Federal Contract Tower,0,5,5,0,10,0,6,22,2,30,0,11,27,2,40,10,0,10,50
03/11/2020,LWS,ID,ANM,WE,Federal Contract Tower,0,6,3,0,9,0,5,19,0,24,0,11,22,0,33,0,0,0,33
03/12/2020,LWS,ID,ANM,WE,Federal Contract Tower,2,8,7,0,17,0,5,43,0,48,2,13,50,0,65,110,0,110,175
03/13/2020,LWS,ID,ANM,WE,Federal Contract Tower,0,7,2,0,9,0,1,32,0,33,0,8,34,0,42,34,0,34,76
03/14/2020,LWS,ID,ANM,WE,Federal Contract Tower,0,5,3,0,8,0,0,0,0,0,0,5,3,0,8,0,0,0,8
03/15/2020,LWS,ID,ANM,WE,Federal Contract Tower,2,4,1,0,7,0,0,19,0,19,2,4,20,0,26,48,0,48,74
03/16/2020,LWS,ID,ANM,WE,Federal Contract Tower,0,8,8,0,16,0,8,33,0,41,0,16,41,0,57,66,0,66,123
03/17/2020,LWS,ID,ANM,WE,Federal Contract Tower,0,6,6,0,12,0,5,15,0,20,0,11,21,0,32,16,0,16,48
03/18/2020,LWS,ID,ANM,WE,Federal Contract Tower,0,4,3,0,7,0,1,41,0,42,0,5,44,0,49,74,0,74,123
03/19/2020,LWS,ID,ANM,WE,Federal Contract Tower,0,6,4,0,10,0,3,62,0,65,0,9,66,0,75,92,0,92,167
03/20/2020,LWS,ID,ANM,WE,Federal Contract Tower,0,5,3,0,8,0,1,49,0,50,0,6,52,0,58,58,0,58,116
03/21/2020,LWS,ID,ANM,WE,Federal Contract Tower,0,5,1,0,6,0,3,54,0,57,0,8,55,0,63,26,0,26,89
03/22/2020,LWS,ID,ANM,WE,Federal Contract Tower,0,4,2,0,6,0,0,30,0,30,0,4,32,0,36,52,0,52,88
03/23/2020,LWS,ID,ANM,WE,Federal Contract Tower,0,6,1,0,7,0,6,3,0,9,0,12,4,0,16,0,0,0,16
03/24/2020,LWS,ID,ANM,WE,Federal Contract Tower,0,5,2,0,7,0,2,33,0,35,0,7,35,0,42,33,0,33,75
03/25/2020,LWS,ID,ANM,WE,Federal Contract Tower,0,8,8,0,16,0,0,2,0,2,0,8,10,0,18,2,0,2,20
03/26/2020,LWS,ID,ANM,WE,Federal Contract Tower,0,6,1,0,7,0,0,9,0,9,0,6,10,0,16,0,2,2,18
03/27/2020,LWS,ID,ANM,WE,Federal Contract Tower,0,6,1,0,7,0,0,8,0,8,0,6,9,0,15,20,0,20,35
03/28/2020,LWS,ID,ANM,WE,Federal Contract Tower,0,5,2,0,7,0,2,24,0,26,0,7,26,0,33,44,0,44,77
03/29/2020,LWS,ID,ANM,WE,Federal Contract Tower,0,4,2,0,6,0,4,5,0,9,0,8,7,0,15,4,0,4,19
03/30/2020,LWS,ID,ANM,WE,Federal Contract Tower,0,8,1,0,9,0,0,10,0,10,0,8,11,0,19,6,0,6,25
03/31/2020,LWS,ID,ANM,WE,Federal Contract Tower,0,5,1,0,6,0,5,4,0,9,0,10,5,0,15,0,0,0,15
04/01/2020,LWS,ID,ANM,WE,Federal Contract Tower,0,8,4,0,12,0,17,19,0,36,0,25,23,0,48,16,0,16,64
04/02/2020,LWS,ID,ANM,WE,Federal Contract Tower,0,6,3,0,9,0,1,12,0,13,0,7,15,0,22,16,0,16,38
04/03/2020,LWS,ID,ANM,WE,Federal Contract Tower,0,5,0,0,5,0,3,35,0,38,0,8,35,0,43,28,0,28,71
04/04/2020,LWS,ID,ANM,WE,Federal Contract Tower,0,4,0,0,4,0,2,45,0,47,0,6,45,0,51,16,0,16,67
04/05/2020,LWS,ID,ANM,WE,Federal Contract Tower,0,2,4,0,6,0,0,6,0,6,0,2,10,0,12,26,0,26,38
04/06/2020,LWS,ID,ANM,WE,Federal Contract Tower,0,3,0,0,3,0,3,16,0,19,0,6,16,0,22,4,0,4,26
04/07/2020,LWS,ID,ANM,WE,Federal Contract Tower,0,6,0,0,6,0,0,35,0,35,0,6,35,0,41,52,0,52,93
04/08/2020,LWS,ID,ANM,WE,Federal Contract Tower,0,4,3,0,7,0,4,35,0,39,0,8,38,0,46,2,0,2,48
04/09/2020,LWS,ID,ANM,WE,Federal Contract Tower,0,6,7,0,13,0,0,31,0,31,0,6,38,0,44,8,0,8,52
04/10/2020,LWS,ID,ANM,WE,Federal Contract Tower,0,4,3,0,7,0,4,46,0,50,0,8,49,0,57,20,0,20,77
04/11/2020,LWS,ID,ANM,WE,Federal Contract Tower,0,4,2,0,6,0,5,3,0,8,0,9,5,0,14,10,0,10,24
04/12/2020,LWS,ID,ANM,WE,Federal Contract Tower,0,2,0,0,2,0,0,55,0,55,0,2,55,0,57,10,0,10,67
04/13/2020,LWS,ID,ANM,WE,Federal Contract Tower,0,6,1,0,7,0,5,26,0,31,0,11,27,0,38,8,0,8,46
04/14/2020,LWS,ID,ANM,WE,Federal Contract Tower,0,5,2,0,7,0,4,29,0,33,0,9,31,0,40,18,0,18,58
04/15/2020,LWS,ID,ANM,WE,Federal Contract Tower,0,5,5,0,10,0,0,9,0,9,0,5,14,0,19,18,0,18,37
04/16/2020,LWS,ID,ANM,WE,Federal Contract Tower,0,11,8,0,19,0,4,47,0,51,0,15,55,0,70,22,0,22,92
04/17/2020,LWS,ID,ANM,WE,Federal Contract Tower,0,4,2,0,6,0,2,32,0,34,0,6,34,0,40,4,0,4,44
04/18/2020,LWS,ID,ANM,WE,Federal Contract Tower,0,4,2,0,6,0,0,27,0,27,0,4,29,0,33,22,0,22,55
04/19/2020,LWS,ID,ANM,WE,Federal Contract Tower,0,2,0,0,2,0,1,33,0,34,0,3,33,0,36,16,0,16,52
04/20/2020,LWS,ID,ANM,WE,Federal Contract Tower,0,4,1,0,5,0,0,41,0,41,0,4,42,0,46,10,0,10,56
04/21/2020,LWS,ID,ANM,WE,Federal Contract Tower,0,8,4,0,12,0,5,15,0,20,0,13,19,0,32,0,0,0,32
04/22/2020,LWS,ID,ANM,WE,Federal Contract Tower,0,6,4,0,10,0,0,8,0,8,0,6,12,0,18,20,0,20,38
04/23/2020,LWS,ID,ANM,WE,Federal Contract Tower,0,7,2,0,9,0,1,0,0,1,0,8,2,0,10,0,0,0,10
04/24/2020,LWS,ID,ANM,WE,Federal Contract Tower,0,4,6,0,10,0,1,50,0,51,0,5,56,0,61,10,0,10,71
04/25/2020,LWS,ID,ANM,WE,Federal Contract Tower,0,3,0,0,3,0,4,14,0,18,0,7,14,0,21,0,0,0,21
04/26/2020,LWS,ID,ANM,WE,Federal Contract Tower,0,4,0,0,4,0,2,41,0,43,0,6,41,0,47,60,0,60,107
04/27/2020,LWS,ID,ANM,WE,Federal Contract Tower,0,5,2,0,7,0,0,0,0,0,0,5,2,0,7,4,0,4,11
04/28/2020,LWS,ID,ANM,WE,Federal Contract Tower,0,5,0,0,5,0,3,56,0,59,0,8,56,0,64,88,0,88,152
04/29/2020,LWS,ID,ANM,WE,Federal Contract Tower,0,5,2,0,7,0,3,24,0,27,0,8,26,0,34,16,0,16,50
04/30/2020,LWS,ID,ANM,WE,Federal Contract Tower,0,4,6,0,10,0,2,19,0,21,0,6,25,0,31,48,0,48,79
05/01/2020,LWS,ID,ANM,WE,Federal Contract Tower,0,5,2,0,7,0,1,35,0,36,0,6,37,0,43,54,0,54,97
05/02/2020,LWS,ID,ANM,WE,Federal Contract Tower,0,2,4,0,6,0,1,19,0,20,0,3,23,0,26,14,0,14,40
05/03/2020,LWS,ID,ANM,WE,Federal Contract Tower,0,4,4,0,8,0,2,16,0,18,0,6,20,0,26,8,0,8,34
05/04/2020,LWS,ID,ANM,WE,Federal Contract Tower,0,4,0,0,4,0,5,36,0,41,0,9,36,0,45,42,0,42,87
05/05/2020,LWS,ID,ANM,WE,Federal Contract Tower,0,4,7,1,12,0,7,50,1,58,0,11,57,2,70,50,0,50,120
05/06/2020,LWS,ID,ANM,WE,Federal Contract Tower,0,8,9,0,17,0,1,5,0,6,0,9,14,0,23,4,0,4,27
05/07/2020,LWS,ID,ANM,WE,Federal Contract Tower,0,6,7,0,13,0,9,42,0,51,0,15,49,0,64,68,0,68,132
05/08/2020,LWS,ID,ANM,WE,Federal Contract Tower,0,4,4,0,8,0,1,70,0,71,0,5,74,0,79,70,0,70,149
05/09/2020,LWS,ID,ANM,WE,Federal Contract Tower,0,0,0,0,0,0,6,36,0,42,0,6,36,0,42,32,0,32,74
05/10/2020,LWS,ID,ANM,WE,Federal Contract Tower,0,2,1,0,3,0,3,26,0,29,0,5,27,0,32,24,0,24,56
05/11/2020,LWS,ID,ANM,WE,Federal Contract Tower,0,6,0,0,6,0,3,40,0,43,0,9,40,0,49,28,0,28,77
05/12/2020,LWS,ID,ANM,WE,Federal Contract Tower,0,4,3,0,7,0,3,4,0,7,0,7,7,0,14,16,0,16,30
05/13/2020,LWS,ID,ANM,WE,Federal Contract Tower,0,6,8,0,14,0,1,20,0,21,0,7,28,0,35,10,0,10,45
05/14/2020,LWS,ID,ANM,WE,Federal Contract Tower,0,5,3,0,8,0,1,20,0,21,0,6,23,0,29,66,0,66,95
05/15/2020,LWS,ID,ANM,WE,Federal Contract Tower,0,5,5,0,10,0,1,55,0,56,0,6,60,0,66,16,0,16,82
05/16/2020,LWS,ID,ANM,WE,Federal Contract Tower,0,2,0,0,2,0,6,97,0,103,0,8,97,0,105,18,0,18,123
05/17/2020,LWS,ID,ANM,WE,Federal Contract Tower,0,2,4,0,6,0,2,26,0,28,0,4,30,0,34,10,0,10,44
05/18/2020,LWS,ID,ANM,WE,Federal Contract Tower,0,5,1,0,6,0,5,11,0,16,0,10,12,0,22,22,0,22,44
05/19/2020,LWS,ID,ANM,WE,Federal Contract Tower,0,4,11,0,15,0,2,8,0,10,0,6,19,0,25,14,0,14,39
05/20/2020,LWS,ID,ANM,WE,Federal Contract Tower,0,8,11,0,19,0,0,4,0,4,0,8,15,0,23,0,0,0,23
05/21/2020,LWS,ID,ANM,WE,Federal Contract Tower,0,5,6,0,11,0,7,9,0,16,0,12,15,0,27,6,0,6,33
05/22/2020,LWS,ID,ANM,WE,Federal Contract Tower,0,6,6,0,12,0,0,39,0,39,0,6,45,0,51,12,0,12,63
05/23/2020,LWS,ID,ANM,WE,Federal Contract Tower,0,1,1,0,2,0,1,56,0,57,0,2,57,0,59,64,0,64,123
05/24/2020,LWS,ID,ANM,WE,Federal Contract Tower,0,2,0,0,2,0,2,47,0,49,0,4,47,0,51,10,0,10,61
05/25/2020,LWS,ID,ANM,WE,Federal Contract Tower,0,2,3,0,5,0,5,48,0,53,0,7,51,0,58,14,0,14,72
05/26/2020,LWS,ID,ANM,WE,Federal Contract Tower,0,4,6,0,10,0,2,76,0,78,0,6,82,0,88,2,0,2,90
05/27/2020,LWS,ID,ANM,WE,Federal Contract Tower,0,5,9,2,16,0,3,74,0,77,0,8,83,2,93,6,0,6,99
05/28/2020,LWS,ID,ANM,WE,Federal Contract Tower,0,5,9,0,14,0,1,65,2,68,0,6,74,2,82,18,0,18,100
05/29/2020,LWS,ID,ANM,WE,Federal Contract Tower,0,6,0,0,6,0,0,34,0,34,0,6,34,0,40,30,0,30,70
05/30/2020,LWS,ID,ANM,WE,Federal Contract Tower,0,1,0,0,1,0,1,14,0,15,0,2,14,0,16,22,0,22,38
05/31/2020,LWS,ID,ANM,WE,Federal Contract Tower,0,2,0,0,2,0,2,18,0,20,0,4,18,0,22,28,0,28,50
06/01/2020,LWS,ID,ANM,WE,Federal Contract Tower,0,6,6,0,12,0,4,32,0,36,0,10,38,0,48,18,0,18,66
06/02/2020,LWS,ID,ANM,WE,Federal Contract Tower,0,5,5,0,10,0,2,69,0,71,0,7,74,0,81,18,0,18,99
06/03/2020,LWS,ID,ANM,WE,Federal Contract Tower,0,6,8,0,14,0,2,72,0,74,0,8,80,0,88,48,0,48,136
06/04/2020,LWS,ID,ANM,WE,Federal Contract Tower,0,5,11,0,16,0,4,67,0,71,0,9,78,0,87,16,0,16,103
06/05/2020,LWS,ID,ANM,WE,Federal Contract Tower,0,5,4,0,9,0,0,45,0,45,0,5,49,0,54,34,0,34,88
06/06/2020,LWS,ID,ANM,WE,Federal Contract Tower,0,3,5,0,8,0,6,30,0,36,0,9,35,0,44,66,0,66,110
06/07/2020,LWS,ID,ANM,WE,Federal Contract Tower,0,3,1,2,6,0,2,30,0,32,0,5,31,2,38,22,0,22,60
06/08/2020,LWS,ID,ANM,WE,Federal Contract Tower,0,5,5,0,10,0,3,50,0,53,0,8,55,0,63,0,0,0,63
06/09/2020,LWS,ID,ANM,WE,Federal Contract Tower,2,4,2,0,8,0,2,39,0,41,2,6,41,0,49,16,0,16,65
06/10/2020,LWS,ID,ANM,WE,Federal Contract Tower,0,6,8,0,14,0,7,72,2,81,0,13,80,2,95,14,0,14,109
06/11/2020,LWS,ID,ANM,WE,Federal Contract Tower,0,6,8,0,14,0,5,65,0,70,0,11,73,0,84,6,0,6,90
06/12/2020,LWS,ID,ANM,WE,Federal Contract Tower,2,3,4,0,9,0,3,60,0,63,2,6,64,0,72,20,0,20,92
06/13/2020,LWS,ID,ANM,WE,Federal Contract Tower,0,7,5,2,14,0,0,3,0,3,0,7,8,2,17,0,0,0,17
06/14/2020,LWS,ID,ANM,WE,Federal Contract Tower,0,5,7,0,12,0,0,21,0,21,0,5,28,0,33,10,0,10,43
06/15/2020,LWS,ID,ANM,WE,Federal Contract Tower,2,4,2,0,8,0,0,3,0,3,2,4,5,0,11,0,0,0,11
06/16/2020,LWS,ID,ANM,WE,Federal Contract Tower,0,5,5,0,10,0,3,20,0,23,0,8,25,0,33,18,0,18,51
06/17/2020,LWS,ID,ANM,WE,Federal Contract Tower,0,5,5,0,10,0,2,49,4,55,0,7,54,4,65,30,0,30,95
06/18/2020,LWS,ID,ANM,WE,Federal Contract Tower,0,5,12,0,17,0,4,75,0,79,0,9,87,0,96,38,0,38,134
06/19/2020,LWS,ID,ANM,WE,Federal Contract Tower,0,7,3,0,10,0,1,73,0,74,0,8,76,0,84,36,0,36,120
06/20/2020,LWS,ID,ANM,WE,Federal Contract Tower,0,3,4,0,7,0,5,29,0,34,0,8,33,0,41,30,0,30,71
06/21/2020,LWS,ID,ANM,WE,Federal Contract Tower,2,0,9,0,11,0,5,42,0,47,2,5,51,0,58,54,0,54,112
06/22/2020,LWS,ID,ANM,WE,Federal Contract Tower,0,6,4,0,10,0,5,71,0,76,0,11,75,0,86,30,0,30,116
06/23/2020,LWS,ID,ANM,WE,Federal Contract Tower,0,6,0,0,6,0,9,61,2,72,0,15,61,2,78,18,0,18,96
06/24/2020,LWS,ID,ANM,WE,Federal Contract Tower,0,5,3,0,8,0,5,40,0,45,0,10,43,0,53,0,0,0,53
06/25/2020,LWS,ID,ANM,WE,Federal Contract Tower,0,6,2,0,8,0,10,66,0,76,0,16,68,0,84,8,0,8,92
06/26/2020,LWS,ID,ANM,WE,Federal Contract Tower,2,4,5,0,11,0,2,122,0,124,2,6,127,0,135,98,0,98,233
06/27/2020,LWS,ID,ANM,WE,Federal Contract Tower,0,2,0,0,2,0,6,51,0,57,0,8,51,0,59,26,0,26,85
06/28/2020,LWS,ID,ANM,WE,Federal Contract Tower,0,2,6,0,8,0,0,36,0,36,0,2,42,0,44,42,0,42,86
06/29/2020,LWS,ID,ANM,WE,Federal Contract Tower,0,7,7,0,14,0,0,28,0,28,0,7,35,0,42,10,0,10,52
06/30/2020,LWS,ID,ANM,WE,Federal Contract Tower,0,6,9,0,15,0,6,41,0,47,0,12,50,0,62,72,0,72,134
07/01/2020,LWS,ID,ANM,WE,Federal Contract Tower,2,3,10,0,15,0,5,53,0,58,2,8,63,0,73,14,0,14,87
07/02/2020,LWS,ID,ANM,WE,Federal Contract Tower,3,4,5,0,12,0,6,52,0,58,3,10,57,0,70,52,0,52,122
07/03/2020,LWS,ID,ANM,WE,Federal Contract Tower,0,5,3,0,8,0,4,67,0,71,0,9,70,0,79,120,0,120,199
07/04/2020,LWS,ID,ANM,WE,Federal Contract Tower,0,4,4,0,8,0,1,40,0,41,0,5,44,0,49,16,0,16,65
07/05/2020,LWS,ID,ANM,WE,Federal Contract Tower,2,2,4,0,8,0,0,54,0,54,2,2,58,0,62,56,0,56,118
07/06/2020,LWS,ID,ANM,WE,Federal Contract Tower,0,8,6,0,14,0,7,47,0,54,0,15,53,0,68,56,0,56,124
07/07/2020,LWS,ID,ANM,WE,Federal Contract Tower,0,6,2,0,8,0,3,23,0,26,0,9,25,0,34,0,0,0,34
07/08/2020,LWS,ID,ANM,WE,Federal Contract Tower,0,8,2,0,10,0,6,49,0,55,0,14,51,0,65,60,0,60,125
07/09/2020,LWS,ID,ANM,WE,Federal Contract Tower,2,7,5,0,14,0,4,49,0,53,2,11,54,0,67,48,0,48,115
07/10/2020,LWS,ID,ANM,WE,Federal Contract Tower,0,8,4,0,12,0,3,47,0,50,0,11,51,0,62,70,0,70,132
07/11/2020,LWS,ID,ANM,WE,Federal Contract Tower,0,7,4,0,11,0,5,51,0,56,0,12,55,0,67,48,0,48,115
07/12/2020,LWS,ID,ANM,WE,Federal Contract Tower,0,5,3,0,8,0,2,55,0,57,0,7,58,0,65,58,0,58,123
07/13/2020,LWS,ID,ANM,WE,Federal Contract Tower,0,7,4,2,13,0,2,62,0,64,0,9,66,2,77,12,24,36,113
07/14/2020,LWS,ID,ANM,WE,Federal Contract Tower,0,7,5,0,12,0,2,32,0,34,0,9,37,0,46,24,0,24,70
07/15/2020,LWS,ID,ANM,WE,Federal Contract Tower,0,6,4,0,10,0,9,36,0,45,0,15,40,0,55,46,0,46,101
07/16/2020,LWS,ID,ANM,WE,Federal Contract Tower,0,9,9,0,18,0,8,40,0,48,0,17,49,0,66,18,0,18,84
07/17/2020,LWS,ID,ANM,WE,Federal Contract Tower,1,8,4,0,13,0,6,52,0,58,1,14,56,0,71,64,0,64,135
07/18/2020,LWS,ID,ANM,WE,Federal Contract Tower,3,3,3,0,9,0,4,57,0,61,3,7,60,0,70,58,0,58,128
07/19/2020,LWS,ID,ANM,WE,Federal Contract Tower,0,4,1,0,5,0,5,42,0,47,0,9,43,0,52,64,0,64,116
07/20/2020,LWS,ID,ANM,WE,Federal Contract Tower,0,8,2,0,10,0,2,20,0,22,0,10,22,0,32,10,0,10,42
07/21/2020,LWS,ID,ANM,WE,Federal Contract Tower,0,8,8,0,16,0,1,20,0,21,0,9,28,0,37,6,0,6,43
07/22/2020,LWS,ID,ANM,WE,Federal Contract Tower,0,8,5,4,17,0,6,26,0,32,0,14,31,4,49,20,0,20,69
07/23/2020,LWS,ID,ANM,WE,Federal Contract Tower,0,9,6,0,15,0,9,43,2,54,0,18,49,2,69,14,0,14,83
07/24/2020,LWS,ID,ANM,WE,Federal Contract Tower,0,8,2,0,10,0,3,38,0,41,0,11,40,0,51,0,0,0,51
07/25/2020,LWS,ID,ANM,WE,Federal Contract Tower,0,6,5,0,11,0,5,44,0,49,0,11,49,0,60,8,0,8,68
07/26/2020,LWS,ID,ANM,WE,Federal Contract Tower,0,5,5,0,10,0,3,73,0,76,0,8,78,0,86,64,0,64,150
07/27/2020,LWS,ID,ANM,WE,Federal Contract Tower,0,7,3,0,10,0,7,59,0,66,0,14,62,0,76,78,0,78,154
07/28/2020,LWS,ID,ANM,WE,Federal Contract Tower,1,7,0,0,8,0,1,35,0,36,1,8,35,0,44,34,0,34,78
07/29/2020,LWS,ID,ANM,WE,Federal Contract Tower,0,8,7,0,15,0,7,26,0,33,0,15,33,0,48,24,0,24,72
07/30/2020,LWS,ID,ANM,WE,Federal Contract Tower,2,5,10,8,25,0,8,46,0,54,2,13,56,8,79,44,0,44,123
07/31/2020,LWS,ID,ANM,WE,Federal Contract Tower,0,8,0,0,8,0,2,37,0,39,0,10,37,0,47,12,0,12,59
08/01/2020,LWS,ID,ANM,WE,Federal Contract Tower,0,5,4,0,9,0,4,29,2,35,0,9,33,2,44,28,0,28,72
08/02/2020,LWS,ID,ANM,WE,Federal Contract Tower,0,6,9,0,15,0,5,34,1,40,0,11,43,1,55,30,0,30,85
08/03/2020,LWS,ID,ANM,WE,Federal Contract Tower,0,10,1,0,11,0,3,28,0,31,0,13,29,0,42,22,0,22,64
08/04/2020,LWS,ID,ANM,WE,Federal Contract Tower,0,10,2,0,12,0,0,21,0,21,0,10,23,0,33,16,0,16,49
08/05/2020,LWS,ID,ANM,WE,Federal Contract Tower,0,13,3,0,16,0,4,28,0,32,0,17,31,0,48,26,0,26,74
08/06/2020,LWS,ID,ANM,WE,Federal Contract Tower,1,10,6,0,17,0,2,13,0,15,1,12,19,0,32,12,0,12,44
08/07/2020,LWS,ID,ANM,WE,Federal Contract Tower,1,9,6,0,16,0,7,56,0,63,1,16,62,0,79,10,0,10,89
08/08/2020,LWS,ID,ANM,WE,Federal Contract Tower,0,6,1,0,7,0,4,48,0,52,0,10,49,0,59,28,0,28,87
08/09/2020,LWS,ID,ANM,WE,Federal Contract Tower,0,6,1,0,7,0,2,44,0,46,0,8,45,0,53,16,0,16,69
08/10/2020,LWS,ID,ANM,WE,Federal Contract Tower,0,14,1,0,15,0,3,51,0,54,0,17,52,0,69,0,0,0,69
08/11/2020,LWS,ID,ANM,WE,Federal Contract Tower,0,12,4,0,16,0,3,83,2,88,0,15,87,2,104,2,0,2,106
08/12/2020,LWS,ID,ANM,WE,Federal Contract Tower,0,9,7,0,16,0,7,32,0,39,0,16,39,0,55,6,0,6,61
08/13/2020,LWS,ID,ANM,WE,Federal Contract Tower,0,8,5,0,13,0,7,49,0,56,0,15,54,0,69,72,0,72,141
08/14/2020,LWS,ID,ANM,WE,Federal Contract Tower,0,10,11,0,21,0,3,24,0,27,0,13,35,0,48,8,0,8,56
08/15/2020,LWS,ID,ANM,WE,Federal Contract Tower,0,6,7,0,13,0,12,40,0,52,0,18,47,0,65,16,0,16,81
08/16/2020,LWS,ID,ANM,WE,Federal Contract Tower,0,6,4,2,12,0,4,47,0,51,0,10,51,2,63,48,6,54,117
08/17/2020,LWS,ID,ANM,WE,Federal Contract Tower,0,10,7,0,17,0,5,36,0,41,0,15,43,0,58,0,0,0,58
08/18/2020,LWS,ID,ANM,WE,Federal Contract Tower,0,9,7,2,18,0,7,62,4,73,0,16,69,6,91,16,0,16,107
08/19/2020,LWS,ID,ANM,WE,Federal Contract Tower,0,10,6,0,16,0,0,46,0,46,0,10,52,0,62,10,0,10,72
08/20/2020,LWS,ID,ANM,WE,Federal Contract Tower,0,11,8,0,19,0,4,35,0,39,0,15,43,0,58,54,0,54,112
08/21/2020,LWS,ID,ANM,WE,Federal Contract Tower,0,10,4,0,14,0,4,39,0,43,0,14,43,0,57,22,0,22,79
08/22/2020,LWS,ID,ANM,WE,Federal Contract Tower,0,5,5,1,11,0,4,19,1,24,0,9,24,2,35,0,0,0,35
08/23/2020,LWS,ID,ANM,WE,Federal Contract Tower,0,6,2,0,8,0,5,48,0,53,0,11,50,0,61,68,0,68,129
08/24/2020,LWS,ID,ANM,WE,Federal Contract Tower,0,14,5,0,19,0,5,31,0,36,0,19,36,0,55,6,0,6,61
08/25/2020,LWS,ID,ANM,WE,Federal Contract Tower,0,9,3,0,12,0,2,35,0,37,0,11,38,0,49,36,0,36,85
08/26/2020,LWS,ID,ANM,WE,Federal Contract Tower,0,9,7,0,16,0,1,27,0,28,0,10,34,0,44,0,0,0,44
08/27/2020,LWS,ID,ANM,WE,Federal Contract Tower,0,9,6,0,15,0,2,36,0,38,0,11,42,0,53,36,0,36,89
08/28/2020,LWS,ID,ANM,WE,Federal Contract Tower,0,8,8,0,16,0,7,59,0,66,0,15,67,0,82,24,0,24,106
08/29/2020,LWS,ID,ANM,WE,Federal Contract Tower,0,6,4,0,10,0,0,41,0,41,0,6,45,0,51,32,0,32,83
08/30/2020,LWS,ID,ANM,WE,Federal Contract Tower,0,8,5,0,13,0,1,43,0,44,0,9,48,0,57,22,0,22,79
08/31/2020,LWS,ID,ANM,WE,Federal Contract Tower,0,10,0,4,14,0,5,19,0,24,0,15,19,4,38,28,0,28,66
09/01/2020,LWS,ID,ANM,WE,Federal Contract Tower,0,9,5,0,14,0,9,47,0,56,0,18,52,0,70,32,0,32,102
09/02/2020,LWS,ID,ANM,WE,Federal Contract Tower,0,10,11,0,21,0,6,34,2,42,0,16,45,2,63,10,0,10,73
09/03/2020,LWS,ID,ANM,WE,Federal Contract Tower,0,10,2,0,12,0,2,60,0,62,0,12,62,0,74,38,0,38,112
09/04/2020,LWS,ID,ANM,WE,Federal Contract Tower,0,10,1,0,11,0,5,48,0,53,0,15,49,0,64,60,0,60,124
09/05/2020,LWS,ID,ANM,WE,Federal Contract Tower,0,5,6,0,11,0,11,40,0,51,0,16,46,0,62,26,0,26,88
09/06/2020,LWS,ID,ANM,WE,Federal Contract Tower,0,8,6,0,14,0,5,20,0,25,0,13,26,0,39,30,0,30,69
09/07/2020,LWS,ID,ANM,WE,Federal Contract Tower,0,6,3,0,9,0,0,13,0,13,0,6,16,0,22,0,0,0,22
09/08/2020,LWS,ID,ANM,WE,Federal Contract Tower,0,7,4,0,11,0,1,30,0,31,0,8,34,0,42,24,0,24,66
09/09/2020,LWS,ID,ANM,WE,Federal Contract Tower,1,8,4,0,13,0,4,35,0,39,1,12,39,0,52,30,0,30,82
09/10/2020,LWS,ID,ANM,WE,Federal Contract Tower,1,7,5,0,13,0,7,48,0,55,1,14,53,0,68,62,0,62,130
09/11/2020,LWS,ID,ANM,WE,Federal Contract Tower,0,8,8,0,16,0,3,68,0,71,0,11,76,0,87,74,0,74,161
09/12/2020,LWS,ID,ANM,WE,Federal Contract Tower,0,7,4,0,11,0,0,30,0,30,0,7,34,0,41,48,0,48,89
09/13/2020,LWS,ID,ANM,WE,Federal Contract Tower,2,2,5,0,9,0,0,1,0,1,2,2,6,0,10,0,0,0,10
09/14/2020,LWS,ID,ANM,WE,Federal Contract Tower,0,6,4,2,12,0,0,0,0,0,0,6,4,2,12,0,0,0,12
09/15/2020,LWS,ID,ANM,WE,Federal Contract Tower,0,6,11,0,17,0,0,0,0,0,0,6,11,0,17,0,0,0,17
09/16/2020,LWS,ID,ANM,WE,Federal Contract Tower,0,8,4,0,12,0,0,0,0,0,0,8,4,0,12,0,0,0,12
09/17/2020,LWS,ID,ANM,WE,Federal Contract Tower,1,8,10,0,19,0,0,0,0,0,1,8,10,0,19,0,0,0,19
09/18/2020,LWS,ID,ANM,WE,Federal Contract Tower,2,19,6,0,27,0,0,0,0,0,2,19,6,0,27,0,0,0,27
09/19/2020,LWS,ID,ANM,WE,Federal Contract Tower,0,6,1,0,7,0,1,30,0,31,0,7,31,0,38,22,0,22,60
09/20/2020,LWS,ID,ANM,WE,Federal Contract Tower,0,6,4,0,10,0,5,45,0,50,0,11,49,0,60,50,0,50,110
09/21/2020,LWS,ID,ANM,WE,Federal Contract Tower,0,12,4,0,16,0,4,44,0,48,0,16,48,0,64,40,0,40,104
09/22/2020,LWS,ID,ANM,WE,Federal Contract Tower,0,8,3,2,13,0,9,35,6,50,0,17,38,8,63,18,0,18,81
09/23/2020,LWS,ID,ANM,WE,Federal Contract Tower,0,7,4,4,15,0,5,31,0,36,0,12,35,4,51,38,0,38,89
09/24/2020,LWS,ID,ANM,WE,Federal Contract Tower,1,9,7,0,17,0,3,17,0,20,1,12,24,0,37,0,0,0,37
09/25/2020,LWS,ID,ANM,WE,Federal Contract Tower,2,6,3,0,11,0,4,14,0,18,2,10,17,0,29,6,0,6,35
09/26/2020,LWS,ID,ANM,WE,Federal Contract Tower,1,3,8,0,12,0,8,27,0,35,1,11,35,0,47,22,0,22,69
09/27/2020,LWS,ID,ANM,WE,Federal Contract Tower,0,5,4,0,9,0,3,40,0,43,0,8,44,0,52,84,0,84,136
09/28/2020,LWS,ID,ANM,WE,Federal Contract Tower,0,8,9,0,17,0,5,41,0,46,0,13,50,0,63,14,0,14,77
09/29/2020,LWS,ID,ANM,WE,Federal Contract Tower,0,8,10,0,18,0,3,51,1,55,0,11,61,1,73,12,0,12,85
09/30/2020,LWS,ID,ANM,WE,Federal Contract Tower,1,7,5,0,13,0,7,45,0,52,1,14,50,0,65,12,0,12,77
10/01/2020,LWS,ID,ANM,WE,Federal Contract Tower,1,5,5,0,11,0,3,31,0,34,1,8,36,0,45,62,0,62,107
10/02/2020,LWS,ID,ANM,WE,Federal Contract Tower,0,7,10,0,17,0,5,28,0,33,0,12,38,0,50,0,0,0,50
10/03/2020,LWS,ID,ANM,WE,Federal Contract Tower,0,8,2,0,10,0,2,42,0,44,0,10,44,0,54,20,0,20,74
10/04/2020,LWS,ID,ANM,WE,Federal Contract Tower,0,4,0,0,4,0,4,43,1,48,0,8,43,1,52,54,0,54,106
10/05/2020,LWS,ID,ANM,WE,Federal Contract Tower,2,7,2,0,11,0,4,25,0,29,2,11,27,0,40,54,0,54,94
10/06/2020,LWS,ID,ANM,WE,Federal Contract Tower,3,5,8,0,16,0,5,47,0,52,3,10,55,0,68,2,0,2,70
10/07/2020,LWS,ID,ANM,WE,Federal Contract Tower,4,5,2,0,11,0,5,41,0,46,4,10,43,0,57,4,0,4,61
10/08/2020,LWS,ID,ANM,WE,Federal Contract Tower,3,5,8,0,16,0,7,40,0,47,3,12,48,0,63,42,0,42,105
10/09/2020,LWS,ID,ANM,WE,Federal Contract Tower,0,8,10,0,18,0,5,68,0,73,0,13,78,0,91,32,0,32,123
10/10/2020,LWS,ID,ANM,WE,Federal Contract Tower,0,9,3,0,12,0,4,7,0,11,0,13,10,0,23,36,0,36,59
10/11/2020,LWS,ID,ANM,WE,Federal Contract Tower,3,2,15,0,20,0,1,4,0,5,3,3,19,0,25,24,0,24,49
10/12/2020,LWS,ID,ANM,WE,Federal Contract Tower,1,6,6,0,13,0,2,13,0,15,1,8,19,0,28,0,0,0,28
10/13/2020,LWS,ID,ANM,WE,Federal Contract Tower,0,9,6,0,15,0,0,0,0,0,0,9,6,0,15,0,0,0,15
10/14/2020,LWS,ID,ANM,WE,Federal Contract Tower,0,7,4,0,11,0,3,17,0,20,0,10,21,0,31,0,0,0,31
10/15/2020,LWS,ID,ANM,WE,Federal Contract Tower,0,7,6,0,13,0,4,59,0,63,0,11,65,0,76,44,0,44,120
10/16/2020,LWS,ID,ANM,WE,Federal Contract Tower,1,7,2,0,10,0,4,55,0,59,1,11,57,0,69,52,0,52,121
10/17/2020,LWS,ID,ANM,WE,Federal Contract Tower,2,3,9,0,14,0,5,26,0,31,2,8,35,0,45,18,0,18,63
10/18/2020,LWS,ID,ANM,WE,Federal Contract Tower,1,3,8,0,12,0,3,24,0,27,1,6,32,0,39,46,0,46,85
10/19/2020,LWS,ID,ANM,WE,Federal Contract Tower,1,7,3,0,11,0,4,24,2,30,1,11,27,2,41,28,0,28,69
10/20/2020,LWS,ID,ANM,WE,Federal Contract Tower,3,6,9,0,18,0,8,45,0,53,3,14,54,0,71,24,0,24,95
10/21/2020,LWS,ID,ANM,WE,Federal Contract Tower,0,9,3,0,12,0,0,16,0,16,0,9,19,0,28,16,0,16,44
10/22/2020,LWS,ID,ANM,WE,Federal Contract Tower,1,10,9,0,20,0,2,19,0,21,1,12,28,0,41,12,0,12,53
10/23/2020,LWS,ID,ANM,WE,Federal Contract Tower,3,7,7,0,17,0,0,10,0,10,3,7,17,0,27,14,0,14,41
10/24/2020,LWS,ID,ANM,WE,Federal Contract Tower,0,9,6,0,15,0,0,13,0,13,0,9,19,0,28,6,0,6,34
10/25/2020,LWS,ID,ANM,WE,Federal Contract Tower,0,4,3,0,7,0,2,36,0,38,0,6,39,0,45,0,0,0,45
10/26/2020,LWS,ID,ANM,WE,Federal Contract Tower,0,8,3,0,11,0,4,44,0,48,0,12,47,0,59,40,0,40,99
10/27/2020,LWS,ID,ANM,WE,Federal Contract Tower,0,7,2,0,9,0,7,36,0,43,0,14,38,0,52,38,0,38,90
10/29/2020,LWS,ID,ANM,WE,Federal Contract Tower,0,11,3,2,16,0,7,55,0,62,0,18,58,2,78,12,0,12,90
10/30/2020,LWS,ID,ANM,WE,Federal Contract Tower,0,8,3,0,11,0,6,15,0,21,0,14,18,0,32,42,0,42,74
10/31/2020,LWS,ID,ANM,WE,Federal Contract Tower,0,5,0,0,5,0,6,68,0,74,0,11,68,0,79,52,0,52,131
11/01/2020,LWS,ID,ANM,WE,Federal Contract Tower,0,4,4,0,8,0,4,39,0,43,0,8,43,0,51,108,0,108,159
11/02/2020,LWS,ID,ANM,WE,Federal Contract Tower,0,8,8,0,16,0,2,61,0,63,0,10,69,0,79,34,0,34,113
11/03/2020,LWS,ID,ANM,WE,Federal Contract Tower,0,8,11,0,19,0,6,41,0,47,0,14,52,0,66,44,0,44,110
11/04/2020,LWS,ID,ANM,WE,Federal Contract Tower,0,0,0,0,0,0,4,10,0,14,0,4,10,0,14,4,0,4,18
11/05/2020,LWS,ID,ANM,WE,Federal Contract Tower,0,8,7,0,15,0,5,13,0,18,0,13,20,0,33,24,0,24,57
11/06/2020,LWS,ID,ANM,WE,Federal Contract Tower,0,9,3,0,12,0,2,10,0,12,0,11,13,0,24,28,0,28,52
11/07/2020,LWS,ID,ANM,WE,Federal Contract Tower,0,6,1,0,7,0,1,1,0,2,0,7,2,0,9,18,0,18,27
11/08/2020,LWS,ID,ANM,WE,Federal Contract Tower,2,2,3,0,7,0,0,0,0,0,2,2,3,0,7,0,0,0,7
11/09/2020,LWS,ID,ANM,WE,Federal Contract Tower,0,7,6,0,13,0,3,42,0,45,0,10,48,0,58,42,0,42,100
11/10/2020,LWS,ID,ANM,WE,Federal Contract Tower,0,10,10,0,20,0,0,6,0,6,0,10,16,0,26,0,0,0,26
11/11/2020,LWS,ID,ANM,WE,Federal Contract Tower,0,8,12,0,20,0,2,34,0,36,0,10,46,0,56,56,0,56,112
11/12/2020,LWS,ID,ANM,WE,Federal Contract Tower,0,8,8,1,17,0,10,20,3,33,0,18,28,4,50,26,0,26,76
11/13/2020,LWS,ID,ANM,WE,Federal Contract Tower,0,8,7,0,15,0,2,5,0,7,0,10,12,0,22,16,0,16,38
11/14/2020,LWS,ID,ANM,WE,Federal Contract Tower,0,4,1,0,5,0,2,8,0,10,0,6,9,0,15,22,0,22,37
11/15/2020,LWS,ID,ANM,WE,Federal Contract Tower,0,5,6,0,11,0,0,4,0,4,0,5,10,0,15,30,0,30,45
11/16/2020,LWS,ID,ANM,WE,Federal Contract Tower,0,9,5,0,14,0,2,11,0,13,0,11,16,0,27,16,0,16,43
11/17/2020,LWS,ID,ANM,WE,Federal Contract Tower,1,5,3,0,9,0,3,13,0,16,1,8,16,0,25,16,0,16,41
11/18/2020,LWS,ID,ANM,WE,Federal Contract Tower,1,9,8,0,18,0,0,11,0,11,1,9,19,0,29,0,0,0,29
11/19/2020,LWS,ID,ANM,WE,Federal Contract Tower,0,8,15,0,23,0,0,14,0,14,0,8,29,0,37,18,0,18,55
11/20/2020,LWS,ID,ANM,WE,Federal Contract Tower,5,5,9,0,19,0,2,50,0,52,5,7,59,0,71,16,0,16,87
11/21/2020,LWS,ID,ANM,WE,Federal Contract Tower,6,3,1,0,10,0,3,76,0,79,6,6,77,0,89,94,0,94,183
11/22/2020,LWS,ID,ANM,WE,Federal Contract Tower,6,1,3,0,10,0,3,26,0,29,6,4,29,0,39,40,0,40,79
11/23/2020,LWS,ID,ANM,WE,Federal Contract Tower,6,4,4,0,14,0,0,8,0,8,6,4,12,0,22,38,0,38,60
11/24/2020,LWS,ID,ANM,WE,Federal Contract Tower,6,3,10,0,19,0,3,34,0,37,6,6,44,0,56,54,0,54,110
11/25/2020,LWS,ID,ANM,WE,Federal Contract Tower,6,4,7,0,17,0,0,9,0,9,6,4,16,0,26,6,0,6,32
11/27/2020,LWS,ID,ANM,WE,Federal Contract Tower,7,3,3,0,13,0,2,10,0,12,7,5,13,0,25,58,0,58,83
11/28/2020,LWS,ID,ANM,WE,Federal Contract Tower,6,2,0,0,8,0,2,8,0,10,6,4,8,0,18,8,0,8,26
11/29/2020,LWS,ID,ANM,WE,Federal Contract Tower,6,0,9,0,15,0,5,27,0,32,6,5,36,0,47,58,0,58,105
11/30/2020,LWS,ID,ANM,WE,Federal Contract Tower,6,6,2,0,14,0,7,3,0,10,6,13,5,0,24,0,0,0,24
12/01/2020,LWS,ID,ANM,WE,Federal Contract Tower,5,4,3,4,16,0,10,31,0,41,5,14,34,4,57,96,0,96,153
12/02/2020,LWS,ID,ANM,WE,Federal Contract Tower,0,8,4,0,12,0,5,33,0,38,0,13,37,0,50,82,0,82,132
12/03/2020,LWS,ID,ANM,WE,Federal Contract Tower,0,8,2,0,10,0,2,43,0,45,0,10,45,0,55,62,0,62,117
12/04/2020,LWS,ID,ANM,WE,Federal Contract Tower,0,7,6,0,13,0,0,35,0,35,0,7,41,0,48,38,0,38,86
12/05/2020,LWS,ID,ANM,WE,Federal Contract Tower,0,6,2,0,8,0,0,39,0,39,0,6,41,0,47,54,0,54,101
12/06/2020,LWS,ID,ANM,WE,Federal Contract Tower,0,4,6,0,10,0,0,39,0,39,0,4,45,0,49,18,0,18,67
12/07/2020,LWS,ID,ANM,WE,Federal Contract Tower,0,8,4,0,12,0,6,54,0,60,0,14,58,0,72,28,0,28,100
12/08/2020,LWS,ID,ANM,WE,Federal Contract Tower,0,6,9,0,15,0,4,49,0,53,0,10,58,0,68,188,0,188,256
12/09/2020,LWS,ID,ANM,WE,Federal Contract Tower,0,8,12,0,20,0,8,26,0,34,0,16,38,0,54,126,0,126,180
12/10/2020,LWS,ID,ANM,WE,Federal Contract Tower,0,8,9,0,17,0,1,14,0,15,0,9,23,0,32,0,0,0,32
12/11/2020,LWS,ID,ANM,WE,Federal Contract Tower,0,8,7,0,15,0,0,2,0,2,0,8,9,0,17,0,0,0,17
12/12/2020,LWS,ID,ANM,WE,Federal Contract Tower,0,9,8,0,17,0,0,16,0,16,0,9,24,0,33,68,0,68,101
12/13/2020,LWS,ID,ANM,WE,Federal Contract Tower,0,10,9,0,19,0,0,1,0,1,0,10,10,0,20,0,0,0,20
12/14/2020,LWS,ID,ANM,WE,Federal Contract Tower,1,8,5,0,14,0,0,0,0,0,1,8,5,0,14,0,0,0,14
12/15/2020,LWS,ID,ANM,WE,Federal Contract Tower,1,9,10,0,20,0,0,0,0,0,1,9,10,0,20,14,0,14,34
12/16/2020,LWS,ID,ANM,WE,Federal Contract Tower,0,11,4,0,15,0,2,30,0,32,0,13,34,0,47,44,0,44,91
12/17/2020,LWS,ID,ANM,WE,Federal Contract Tower,0,10,15,0,25,0,2,16,0,18,0,12,31,0,43,50,0,50,93
12/18/2020,LWS,ID,ANM,WE,Federal Contract Tower,0,10,5,0,15,0,4,17,0,21,0,14,22,0,36,26,0,26,62
12/19/2020,LWS,ID,ANM,WE,Federal Contract Tower,0,10,3,0,13,0,8,22,0,30,0,18,25,0,43,74,0,74,117
12/20/2020,LWS,ID,ANM,WE,Federal Contract Tower,0,6,1,0,7,0,2,0,0,2,0,8,1,0,9,0,0,0,9
12/21/2020,LWS,ID,ANM,WE,Federal Contract Tower,0,9,4,0,13,0,3,32,0,35,0,12,36,0,48,66,0,66,114
12/22/2020,LWS,ID,ANM,WE,Federal Contract Tower,0,11,8,1,20,0,4,6,5,15,0,15,14,6,35,0,0,0,35
12/23/2020,LWS,ID,ANM,WE,Federal Contract Tower,0,8,3,0,11,0,2,50,0,52,0,10,53,0,63,34,0,34,97
12/24/2020,LWS,ID,ANM,WE,Federal Contract Tower,0,7,0,0,7,0,5,32,0,37,0,12,32,0,44,36,0,36,80
12/25/2020,LWS,ID,ANM,WE,Federal Contract Tower,0,3,0,0,3,0,5,5,0,10,0,8,5,0,13,0,0,0,13
12/26/2020,LWS,ID,ANM,WE,Federal Contract Tower,0,8,2,0,10,0,0,4,0,4,0,8,6,0,14,20,0,20,34
12/27/2020,LWS,ID,ANM,WE,Federal Contract Tower,0,5,3,0,8,0,0,0,0,0,0,5,3,0,8,0,0,0,8
12/28/2020,LWS,ID,ANM,WE,Federal Contract Tower,0,15,1,0,16,0,0,0,0,0,0,15,1,0,16,0,0,0,16
12/29/2020,LWS,ID,ANM,WE,Federal Contract Tower,0,10,9,0,19,0,2,7,0,9,0,12,16,0,28,48,0,48,76
12/30/2020,LWS,ID,ANM,WE,Federal Contract Tower,0,10,3,0,13,0,0,2,0,2,0,10,5,0,15,0,0,0,15
12/31/2020,LWS,ID,ANM,WE,Federal Contract Tower,0,8,5,0,13,0,0,4,0,4,0,8,9,0,17,24,0,24,41
01/01/2021,LWS,ID,ANM,WE,Federal Contract Tower,0,2,4,0,6,0,5,29,0,34,0,7,33,0,40,6,0,6,46
01/02/2021,LWS,ID,ANM,WE,Federal Contract Tower,0,8,2,0,10,0,4,10,0,14,0,12,12,0,24,4,0,4,28
01/03/2021,LWS,ID,ANM,WE,Federal Contract Tower,0,6,11,0,17,0,6,26,0,32,0,12,37,0,49,14,0,14,63
01/04/2021,LWS,ID,ANM,WE,Federal Contract Tower,0,8,2,0,10,0,0,20,0,20,0,8,22,0,30,30,0,30,60
01/05/2021,LWS,ID,ANM,WE,Federal Contract Tower,0,7,5,0,12,0,6,35,2,43,0,13,40,2,55,48,0,48,103
01/06/2021,LWS,ID,ANM,WE,Federal Contract Tower,0,8,11,0,19,0,1,23,0,24,0,9,34,0,43,24,0,24,67
01/07/2021,LWS,ID,ANM,WE,Federal Contract Tower,1,8,11,0,20,0,0,1,0,1,1,8,12,0,21,0,0,0,21
01/08/2021,LWS,ID,ANM,WE,Federal Contract Tower,0,10,3,0,13,0,2,23,0,25,0,12,26,0,38,68,0,68,106
01/09/2021,LWS,ID,ANM,WE,Federal Contract Tower,0,3,2,0,5,0,0,15,0,15,0,3,17,0,20,78,0,78,98
01/10/2021,LWS,ID,ANM,WE,Federal Contract Tower,0,5,4,0,9,0,2,29,0,31,0,7,33,0,40,36,0,36,76
01/11/2021,LWS,ID,ANM,WE,Federal Contract Tower,0,11,3,2,16,0,2,31,0,33,0,13,34,2,49,40,0,40,89
01/12/2021,LWS,ID,ANM,WE,Federal Contract Tower,0,7,5,0,12,0,2,1,0,3,0,9,6,0,15,4,0,4,19
01/13/2021,LWS,ID,ANM,WE,Federal Contract Tower,0,4,4,0,8,0,3,0,0,3,0,7,4,0,11,0,0,0,11
01/14/2021,LWS,ID,ANM,WE,Federal Contract Tower,0,8,8,0,16,0,7,48,0,55,0,15,56,0,71,24,0,24,95
01/15/2021,LWS,ID,ANM,WE,Federal Contract Tower,0,8,7,0,15,0,1,6,0,7,0,9,13,0,22,0,0,0,22
01/16/2021,LWS,ID,ANM,WE,Federal Contract Tower,0,5,2,0,7,0,0,0,0,0,0,5,2,0,7,0,0,0,7
01/17/2021,LWS,ID,ANM,WE,Federal Contract Tower,0,3,4,0,7,0,0,13,0,13,0,3,17,0,20,48,0,48,68
01/18/2021,LWS,ID,ANM,WE,Federal Contract Tower,0,9,3,0,12,0,0,21,0,21,0,9,24,0,33,64,0,64,97
01/19/2021,LWS,ID,ANM,WE,Federal Contract Tower,0,8,10,0,18,0,5,19,0,24,0,13,29,0,42,52,0,52,94
01/20/2021,LWS,ID,ANM,WE,Federal Contract Tower,0,7,8,0,15,0,2,44,6,52,0,9,52,6,67,68,0,68,135
01/21/2021,LWS,ID,ANM,WE,Federal Contract Tower,0,9,7,0,16,0,0,5,0,5,0,9,12,0,21,14,0,14,35
01/22/2021,LWS,ID,ANM,WE,Federal Contract Tower,0,11,12,0,23,0,6,7,0,13,0,17,19,0,36,18,0,18,54
01/23/2021,LWS,ID,ANM,WE,Federal Contract Tower,0,3,5,0,8,0,4,50,0,54,0,7,55,0,62,54,0,54,116
01/24/2021,LWS,ID,ANM,WE,Federal Contract Tower,0,5,1,0,6,0,2,46,0,48,0,7,47,0,54,130,0,130,184
01/25/2021,LWS,ID,ANM,WE,Federal Contract Tower,0,9,11,0,20,0,0,2,0,2,0,9,13,0,22,0,0,0,22
01/26/2021,LWS,ID,ANM,WE,Federal Contract Tower,1,8,12,0,21,0,0,10,2,12,1,8,22,2,33,20,0,20,53
01/27/2021,LWS,ID,ANM,WE,Federal Contract Tower,1,5,9,0,15,0,3,15,0,18,1,8,24,0,33,54,0,54,87
01/28/2021,LWS,ID,ANM,WE,Federal Contract Tower,0,8,3,0,11,0,7,32,0,39,0,15,35,0,50,96,0,96,146
01/29/2021,LWS,ID,ANM,WE,Federal Contract Tower,1,8,6,0,15,0,0,9,0,9,1,8,15,0,24,16,0,16,40
01/30/2021,LWS,ID,ANM,WE,Federal Contract Tower,0,3,0,0,3,0,5,50,0,55,0,8,50,0,58,90,0,90,148
01/31/2021,LWS,ID,ANM,WE,Federal Contract Tower,0,4,1,0,5,0,2,48,0,50,0,6,49,0,55,34,0,34,89
02/01/2021,LWS,ID,ANM,WE,Federal Contract Tower,0,9,4,0,13,0,6,36,0,42,0,15,40,0,55,28,0,28,83
02/02/2021,LWS,ID,ANM,WE,Federal Contract Tower,0,7,3,0,10,0,5,23,0,28,0,12,26,0,38,4,0,4,42
02/03/2021,LWS,ID,ANM,WE,Federal Contract Tower,0,7,9,0,16,0,0,2,0,2,0,7,11,0,18,0,0,0,18
02/04/2021,LWS,ID,ANM,WE,Federal Contract Tower,0,8,11,0,19,0,1,23,0,24,0,9,34,0,43,36,0,36,79
02/05/2021,LWS,ID,ANM,WE,Federal Contract Tower,0,8,3,0,11,0,3,9,0,12,0,11,12,0,23,0,0,0,23
02/06/2021,LWS,ID,ANM,WE,Federal Contract Tower,0,3,2,0,5,0,2,16,0,18,0,5,18,0,23,56,0,56,79
02/07/2021,LWS,ID,ANM,WE,Federal Contract Tower,0,3,5,0,8,0,0,19,0,19,0,3,24,0,27,0,0,0,27
02/08/2021,LWS,ID,ANM,WE,Federal Contract Tower,0,11,6,0,17,0,0,11,0,11,0,11,17,0,28,12,0,12,40
02/09/2021,LWS,ID,ANM,WE,Federal Contract Tower,0,7,4,0,11,0,0,10,0,10,0,7,14,0,21,40,0,40,61
02/10/2021,LWS,ID,ANM,WE,Federal Contract Tower,0,7,11,0,18,0,0,32,0,32,0,7,43,0,50,62,0,62,112
02/11/2021,LWS,ID,ANM,WE,Federal Contract Tower,0,7,6,0,13,0,2,25,0,27,0,9,31,0,40,20,0,20,60
02/12/2021,LWS,ID,ANM,WE,Federal Contract Tower,0,9,4,0,13,0,0,0,0,0,0,9,4,0,13,0,0,0,13
02/13/2021,LWS,ID,ANM,WE,Federal Contract Tower,1,8,3,0,12,0,0,0,0,0,1,8,3,0,12,0,0,0,12
02/14/2021,LWS,ID,ANM,WE,Federal Contract Tower,0,3,6,0,9,0,0,0,0,0,0,3,6,0,9,0,0,0,9
02/15/2021,LWS,ID,ANM,WE,Federal Contract Tower,0,9,3,0,12,0,0,0,0,0,0,9,3,0,12,0,0,0,12
02/16/2021,LWS,ID,ANM,WE,Federal Contract Tower,0,7,5,0,12,0,0,0,0,0,0,7,5,0,12,0,0,0,12
02/17/2021,LWS,ID,ANM,WE,Federal Contract Tower,0,7,12,0,19,0,4,10,0,14,0,11,22,0,33,36,0,36,69
02/18/2021,LWS,ID,ANM,WE,Federal Contract Tower,0,10,5,0,15,0,5,18,0,23,0,15,23,0,38,42,0,42,80
02/19/2021,LWS,ID,ANM,WE,Federal Contract Tower,0,9,14,0,23,0,0,1,0,1,0,9,15,0,24,0,0,0,24
02/20/2021,LWS,ID,ANM,WE,Federal Contract Tower,0,5,1,0,6,0,0,20,0,20,0,5,21,0,26,42,0,42,68
02/21/2021,LWS,ID,ANM,WE,Federal Contract Tower,0,5,2,0,7,0,2,2,0,4,0,7,4,0,11,18,0,18,29
02/22/2021,LWS,ID,ANM,WE,Federal Contract Tower,0,8,6,0,14,0,0,1,0,1,0,8,7,0,15,0,0,0,15
02/23/2021,LWS,ID,ANM,WE,Federal Contract Tower,0,8,2,0,10,0,0,19,0,19,0,8,21,0,29,20,0,20,49
02/24/2021,LWS,ID,ANM,WE,Federal Contract Tower,0,10,9,0,19,0,2,30,0,32,0,12,39,0,51,32,0,32,83
02/25/2021,LWS,ID,ANM,WE,Federal Contract Tower,0,9,13,0,22,0,2,0,0,2,0,11,13,0,24,0,0,0,24
02/26/2021,LWS,ID,ANM,WE,Federal Contract Tower,0,9,2,0,11,0,0,0,0,0,0,9,2,0,11,0,0,0,11
02/27/2021,LWS,ID,ANM,WE,Federal Contract Tower,0,3,4,0,7,0,0,15,0,15,0,3,19,0,22,42,0,42,64
02/28/2021,LWS,ID,ANM,WE,Federal Contract Tower,0,5,3,0,8,0,0,12,0,12,0,5,15,0,20,36,0,36,56
03/01/2021,LWS,ID,ANM,WE,Federal Contract Tower,0,8,6,0,14,0,4,20,0,24,0,12,26,0,38,46,0,46,84
03/03/2021,LWS,ID,ANM,WE,Federal Contract Tower,0,5,3,0,8,0,6,50,0,56,0,11,53,0,64,124,0,124,188
03/04/2021,LWS,ID,ANM,WE,Federal Contract Tower,0,8,12,0,20,0,3,86,0,89,0,11,98,0,109,74,0,74,183
03/05/2021,LWS,ID,ANM,WE,Federal Contract Tower,0,8,2,0,10,0,9,79,0,88,0,17,81,0,98,46,0,46,144
03/06/2021,LWS,ID,ANM,WE,Federal Contract Tower,0,3,2,0,5,0,0,13,0,13,0,3,15,0,18,60,0,60,78
03/07/2021,LWS,ID,ANM,WE,Federal Contract Tower,0,5,2,0,7,0,7,32,0,39,0,12,34,0,46,36,0,36,82
03/08/2021,LWS,ID,ANM,WE,Federal Contract Tower,0,9,5,0,14,0,8,25,0,33,0,17,30,0,47,46,0,46,93
03/09/2021,LWS,ID,ANM,WE,Federal Contract Tower,0,8,3,0,11,0,2,73,0,75,0,10,76,0,86,70,0,70,156
03/10/2021,LWS,ID,ANM,WE,Federal Contract Tower,0,8,4,0,12,0,6,58,0,64,0,14,62,0,76,70,0,70,146
03/11/2021,LWS,ID,ANM,WE,Federal Contract Tower,0,9,8,0,17,0,5,78,0,83,0,14,86,0,100,54,0,54,154
03/12/2021,LWS,ID,ANM,WE,Federal Contract Tower,0,13,6,0,19,0,3,64,0,67,0,16,70,0,86,64,0,64,150
03/13/2021,LWS,ID,ANM,WE,Federal Contract Tower,0,3,5,0,8,0,0,75,0,75,0,3,80,0,83,72,0,72,155
03/14/2021,LWS,ID,ANM,WE,Federal Contract Tower,0,8,5,0,13,0,4,64,0,68,0,12,69,0,81,30,0,30,111
03/15/2021,LWS,ID,ANM,WE,Federal Contract Tower,0,10,10,0,20,0,3,72,0,75,0,13,82,0,95,104,0,104,199
03/16/2021,LWS,ID,ANM,WE,Federal Contract Tower,0,6,11,0,17,0,6,89,2,97,0,12,100,2,114,50,0,50,164
03/17/2021,LWS,ID,ANM,WE,Federal Contract Tower,0,6,14,0,20,0,3,81,2,86,0,9,95,2,106,94,2,96,202
03/18/2021,LWS,ID,ANM,WE,Federal Contract Tower,0,8,7,2,17,0,1,62,0,63,0,9,69,2,80,86,0,86,166
03/19/2021,LWS,ID,ANM,WE,Federal Contract Tower,0,9,6,0,15,0,2,30,0,32,0,11,36,0,47,54,0,54,101
03/20/2021,LWS,ID,ANM,WE,Federal Contract Tower,0,3,4,0,7,0,2,13,0,15,0,5,17,0,22,44,0,44,66
03/21/2021,LWS,ID,ANM,WE,Federal Contract Tower,0,5,4,0,9,0,4,39,0,43,0,9,43,0,52,68,0,68,120
03/22/2021,LWS,ID,ANM,WE,Federal Contract Tower,0,9,1,2,12,0,2,19,2,23,0,11,20,4,35,48,24,72,107
03/23/2021,LWS,ID,ANM,WE,Federal Contract Tower,0,6,11,0,17,0,7,76,0,83,0,13,87,0,100,60,0,60,160
03/24/2021,LWS,ID,ANM,WE,Federal Contract Tower,1,6,8,0,15,0,0,13,0,13,1,6,21,0,28,76,0,76,104
03/25/2021,LWS,ID,ANM,WE,Federal Contract Tower,0,9,6,0,15,0,1,10,0,11,0,10,16,0,26,58,0,58,84
03/26/2021,LWS,ID,ANM,WE,Federal Contract Tower,1,7,3,0,11,0,3,82,0,85,1,10,85,0,96,90,0,90,186
03/27/2021,LWS,ID,ANM,WE,Federal Contract Tower,3,1,8,0,12,0,5,95,0,100,3,6,103,0,112,88,0,88,200
03/28/2021,LWS,ID,ANM,WE,Federal Contract Tower,3,2,5,0,10,0,0,13,0,13,3,2,18,0,23,12,0,12,35
03/29/2021,LWS,ID,ANM,WE,Federal Contract Tower,0,7,11,0,18,0,9,8,0,17,0,16,19,0,35,0,0,0,35
03/30/2021,LWS,ID,ANM,WE,Federal Contract Tower,0,6,5,0,11,0,4,44,0,48,0,10,49,0,59,38,0,38,97
03/31/2021,LWS,ID,ANM,WE,Federal Contract Tower,0,6,8,0,14,0,5,51,0,56,0,11,59,0,70,34,0,34,104
04/01/2021,LWS,ID,ANM,WE,Federal Contract Tower,0,8,17,0,25,0,7,41,0,48,0,15,58,0,73,42,0,42,115
04/02/2021,LWS,ID,ANM,WE,Federal Contract Tower,0,8,6,0,14,0,7,50,0,57,0,15,56,0,71,100,0,100,171
04/03/2021,LWS,ID,ANM,WE,Federal Contract Tower,0,3,6,0,9,0,5,49,0,54,0,8,55,0,63,62,0,62,125
04/04/2021,LWS,ID,ANM,WE,Federal Contract Tower,0,5,0,0,5,0,0,15,0,15,0,5,15,0,20,16,0,16,36
04/05/2021,LWS,ID,ANM,WE,Federal Contract Tower,0,9,5,0,14,0,4,32,2,38,0,13,37,2,52,22,18,40,92
04/06/2021,LWS,ID,ANM,WE,Federal Contract Tower,0,6,9,0,15,0,3,79,0,82,0,9,88,0,97,34,0,34,131
04/07/2021,LWS,ID,ANM,WE,Federal Contract Tower,0,6,10,0,16,0,5,48,0,53,0,11,58,0,69,6,0,6,75
04/08/2021,LWS,ID,ANM,WE,Federal Contract Tower,0,9,5,0,14,0,0,3,0,3,0,9,8,0,17,0,0,0,17
04/09/2021,LWS,ID,ANM,WE,Federal Contract Tower,0,8,3,0,11,0,5,41,0,46,0,13,44,0,57,14,0,14,71
04/10/2021,LWS,ID,ANM,WE,Federal Contract Tower,0,7,0,0,7,0,3,5,0,8,0,10,5,0,15,0,0,0,15
04/11/2021,LWS,ID,ANM,WE,Federal Contract Tower,0,5,5,0,10,0,6,43,0,49,0,11,48,0,59,48,0,48,107
04/12/2021,LWS,ID,ANM,WE,Federal Contract Tower,0,8,4,0,12,0,4,43,0,47,0,12,47,0,59,26,0,26,85
04/13/2021,LWS,ID,ANM,WE,Federal Contract Tower,0,6,2,0,8,0,2,4,0,6,0,8,6,0,14,0,0,0,14
04/14/2021,LWS,ID,ANM,WE,Federal Contract Tower,0,5,4,0,9,0,4,30,2,36,0,9,34,2,45,32,0,32,77
04/16/2021,LWS,ID,ANM,WE,Federal Contract Tower,0,10,7,0,17,0,2,64,0,66,0,12,71,0,83,94,0,94,177
04/17/2021,LWS,ID,ANM,WE,Federal Contract Tower,0,3,1,0,4,0,6,104,0,110,0,9,105,0,114,96,0,96,210
04/18/2021,LWS,ID,ANM,WE,Federal Contract Tower,0,5,4,0,9,0,5,33,0,38,0,10,37,0,47,50,0,50,97
04/19/2021,LWS,ID,ANM,WE,Federal Contract Tower,0,9,2,0,11,0,0,46,0,46,0,9,48,0,57,44,0,44,101
04/20/2021,LWS,ID,ANM,WE,Federal Contract Tower,0,7,9,2,18,0,1,60,0,61,0,8,69,2,79,104,0,104,183
04/21/2021,LWS,ID,ANM,WE,Federal Contract Tower,0,6,12,0,18,0,9,51,0,60,0,15,63,0,78,96,0,96,174
04/22/2021,LWS,ID,ANM,WE,Federal Contract Tower,0,11,9,0,20,0,0,27,4,31,0,11,36,4,51,30,0,30,81
04/23/2021,LWS,ID,ANM,WE,Federal Contract Tower,0,9,3,0,12,0,2,41,0,43,0,11,44,0,55,24,0,24,79
04/24/2021,LWS,ID,ANM,WE,Federal Contract Tower,1,5,4,1,11,0,0,7,0,7,1,5,11,1,18,20,0,20,38
04/25/2021,LWS,ID,ANM,WE,Federal Contract Tower,0,7,3,0,10,0,0,11,0,11,0,7,14,0,21,40,0,40,61
04/26/2021,LWS,ID,ANM,WE,Federal Contract Tower,0,11,4,0,15,0,4,24,0,28,0,15,28,0,43,66,0,66,109
04/27/2021,LWS,ID,ANM,WE,Federal Contract Tower,0,6,10,0,16,0,7,58,0,65,0,13,68,0,81,118,0,118,199
04/28/2021,LWS,ID,ANM,WE,Federal Contract Tower,0,6,12,0,18,0,9,28,0,37,0,15,40,0,55,84,0,84,139
04/29/2021,LWS,ID,ANM,WE,Federal Contract Tower,0,8,3,0,11,0,8,60,0,68,0,16,63,0,79,110,0,110,189
04/30/2021,LWS,ID,ANM,WE,Federal Contract Tower,0,9,2,0,11,0,2,35,0,37,0,11,37,0,48,138,0,138,186
05/01/2021,LWS,ID,ANM,WE,Federal Contract Tower,0,3,9,0,12,0,3,24,0,27,0,6,33,0,39,22,0,22,61
05/02/2021,LWS,ID,ANM,WE,Federal Contract Tower,0,5,2,0,7,0,2,42,0,44,0,7,44,0,51,24,0,24,75
05/03/2021,LWS,ID,ANM,WE,Federal Contract Tower,0,10,0,0,10,0,8,68,0,76,0,18,68,0,86,72,0,72,158
05/04/2021,LWS,ID,ANM,WE,Federal Contract Tower,0,8,4,0,12,0,25,30,0,55,0,33,34,0,67,72,0,72,139
05/05/2021,LWS,ID,ANM,WE,Federal Contract Tower,0,8,9,0,17,0,7,54,0,61,0,15,63,0,78,26,0,26,104
05/06/2021,LWS,ID,ANM,WE,Federal Contract Tower,0,10,3,0,13,0,6,31,0,37,0,16,34,0,50,22,0,22,72
05/07/2021,LWS,ID,ANM,WE,Federal Contract Tower,0,11,6,0,17,0,9,19,0,28,0,20,25,0,45,20,0,20,65
05/08/2021,LWS,ID,ANM,WE,Federal Contract Tower,0,3,4,0,7,0,3,36,0,39,0,6,40,0,46,32,0,32,78
05/09/2021,LWS,ID,ANM,WE,Federal Contract Tower,0,5,3,0,8,0,3,32,0,35,0,8,35,0,43,40,0,40,83
05/10/2021,LWS,ID,ANM,WE,Federal Contract Tower,0,7,2,0,9,0,10,46,0,56,0,17,48,0,65,66,0,66,131
05/11/2021,LWS,ID,ANM,WE,Federal Contract Tower,0,8,3,0,11,0,9,41,0,50,0,17,44,0,61,70,0,70,131
05/12/2021,LWS,ID,ANM,WE,Federal Contract Tower,0,7,6,0,13,0,7,68,4,79,0,14,74,4,92,52,0,52,144
05/13/2021,LWS,ID,ANM,WE,Federal Contract Tower,0,9,5,0,14,0,12,57,0,69,0,21,62,0,83,78,0,78,161
05/14/2021,LWS,ID,ANM,WE,Federal Contract Tower,0,7,3,0,10,0,5,103,0,108,0,12,106,0,118,62,0,62,180
05/15/2021,LWS,ID,ANM,WE,Federal Contract Tower,0,3,4,0,7,0,6,101,0,107,0,9,105,0,114,34,0,34,148
05/16/2021,LWS,ID,ANM,WE,Federal Contract Tower,0,5,2,0,7,0,0,56,0,56,0,5,58,0,63,42,0,42,105
05/17/2021,LWS,ID,ANM,WE,Federal Contract Tower,0,9,4,0,13,0,9,55,0,64,0,18,59,0,77,38,0,38,115
05/18/2021,LWS,ID,ANM,WE,Federal Contract Tower,0,8,9,0,17,0,3,23,0,26,0,11,32,0,43,14,0,14,57
05/19/2021,LWS,ID,ANM,WE,Federal Contract Tower,0,7,11,0,18,0,7,41,0,48,0,14,52,0,66,20,0,20,86
05/20/2021,LWS,ID,ANM,WE,Federal Contract Tower,0,11,8,0,19,0,0,6,0,6,0,11,14,0,25,20,0,20,45
05/21/2021,LWS,ID,ANM,WE,Federal Contract Tower,0,9,12,0,21,0,3,35,0,38,0,12,47,0,59,78,0,78,137
05/22/2021,LWS,ID,ANM,WE,Federal Contract Tower,0,3,3,0,6,0,2,17,0,19,0,5,20,0,25,38,0,38,63
05/23/2021,LWS,ID,ANM,WE,Federal Contract Tower,0,5,1,0,6,0,1,24,0,25,0,6,25,0,31,48,0,48,79
05/24/2021,LWS,ID,ANM,WE,Federal Contract Tower,0,9,9,1,19,0,2,36,3,41,0,11,45,4,60,20,0,20,80
05/25/2021,LWS,ID,ANM,WE,Federal Contract Tower,0,7,9,0,16,0,2,37,3,42,0,9,46,3,58,42,0,42,100
05/26/2021,LWS,ID,ANM,WE,Federal Contract Tower,0,7,10,0,17,0,4,72,1,77,0,11,82,1,94,74,0,74,168
05/27/2021,LWS,ID,ANM,WE,Federal Contract Tower,0,10,10,0,20,0,7,48,0,55,0,17,58,0,75,88,0,88,163
05/28/2021,LWS,ID,ANM,WE,Federal Contract Tower,0,9,8,0,17,0,4,75,0,79,0,13,83,0,96,84,0,84,180
05/29/2021,LWS,ID,ANM,WE,Federal Contract Tower,0,5,4,0,9,0,7,101,0,108,0,12,105,0,117,84,0,84,201
05/30/2021,LWS,ID,ANM,WE,Federal Contract Tower,0,4,1,0,5,0,3,94,0,97,0,7,95,0,102,74,0,74,176
05/31/2021,LWS,ID,ANM,WE,Federal Contract Tower,0,6,4,0,10,0,6,73,0,79,0,12,77,0,89,40,0,40,129
06/01/2021,LWS,ID,ANM,WE,Federal Contract Tower,0,7,11,0,18,0,4,68,0,72,0,11,79,0,90,4,0,4,94
06/02/2021,LWS,ID,ANM,WE,Federal Contract Tower,0,6,4,0,10,0,8,53,0,61,0,14,57,0,71,36,0,36,107
06/03/2021,LWS,ID,ANM,WE,Federal Contract Tower,0,8,8,0,16,0,6,49,1,56,0,14,57,1,72,30,12,42,114
06/04/2021,LWS,ID,ANM,WE,Federal Contract Tower,0,13,3,0,16,0,8,59,0,67,0,21,62,0,83,24,0,24,107
06/05/2021,LWS,ID,ANM,WE,Federal Contract Tower,0,5,3,0,8,0,8,31,0,39,0,13,34,0,47,28,0,28,75
06/06/2021,LWS,ID,ANM,WE,Federal Contract Tower,0,5,2,0,7,0,9,63,0,72,0,14,65,0,79,60,0,60,139
06/07/2021,LWS,ID,ANM,WE,Federal Contract Tower,0,8,3,0,11,0,2,74,0,76,0,10,77,0,87,34,0,34,121
06/08/2021,LWS,ID,ANM,WE,Federal Contract Tower,0,8,5,0,13,0,6,37,0,43,0,14,42,0,56,24,0,24,80
06/09/2021,LWS,ID,ANM,WE,Federal Contract Tower,0,9,9,0,18,0,2,56,0,58,0,11,65,0,76,20,0,20,96
06/10/2021,LWS,ID,ANM,WE,Federal Contract Tower,2,6,2,0,10,0,6,19,0,25,2,12,21,0,35,18,0,18,53
06/11/2021,LWS,ID,ANM,WE,Federal Contract Tower,0,8,8,0,16,0,5,34,0,39,0,13,42,0,55,0,0,0,55
06/12/2021,LWS,ID,ANM,WE,Federal Contract Tower,0,7,5,0,12,0,4,71,0,75,0,11,76,0,87,48,0,48,135
06/13/2021,LWS,ID,ANM,WE,Federal Contract Tower,0,5,1,0,6,0,4,48,0,52,0,9,49,0,58,42,0,42,100
06/14/2021,LWS,ID,ANM,WE,Federal Contract Tower,0,13,1,0,14,0,3,57,2,62,0,16,58,2,76,36,0,36,112
06/15/2021,LWS,ID,ANM,WE,Federal Contract Tower,0,8,15,0,23,0,4,28,0,32,0,12,43,0,55,40,0,40,95
06/16/2021,LWS,ID,ANM,WE,Federal Contract Tower,0,10,14,0,24,0,7,84,0,91,0,17,98,0,115,66,0,66,181
06/17/2021,LWS,ID,ANM,WE,Federal Contract Tower,0,10,7,0,17,0,4,75,2,81,0,14,82,2,98,48,0,48,146
06/18/2021,LWS,ID,ANM,WE,Federal Contract Tower,0,13,10,0,23,0,8,98,0,106,0,21,108,0,129,48,0,48,177
06/19/2021,LWS,ID,ANM,WE,Federal Contract Tower,0,5,2,0,7,0,3,35,0,38,0,8,37,0,45,46,0,46,91
06/20/2021,LWS,ID,ANM,WE,Federal Contract Tower,0,5,3,0,8,0,4,32,0,36,0,9,35,0,44,44,0,44,88
06/21/2021,LWS,ID,ANM,WE,Federal Contract Tower,0,9,3,0,12,0,2,47,2,51,0,11,50,2,63,30,0,30,93
06/22/2021,LWS,ID,ANM,WE,Federal Contract Tower,0,8,4,0,12,0,1,39,0,40,0,9,43,0,52,22,0,22,74
06/23/2021,LWS,ID,ANM,WE,Federal Contract Tower,0,12,11,0,23,0,0,26,0,26,0,12,37,0,49,16,0,16,65
06/24/2021,LWS,ID,ANM,WE,Federal Contract Tower,0,10,7,0,17,0,2,53,2,57,0,12,60,2,74,84,0,84,158
06/25/2021,LWS,ID,ANM,WE,Federal Contract Tower,0,10,6,0,16,0,3,48,0,51,0,13,54,0,67,68,0,68,135
06/26/2021,LWS,ID,ANM,WE,Federal Contract Tower,0,5,1,0,6,0,10,35,0,45,0,15,36,0,51,60,0,60,111
06/27/2021,LWS,ID,ANM,WE,Federal Contract Tower,0,6,5,0,11,0,5,31,0,36,0,11,36,0,47,4,0,4,51
06/28/2021,LWS,ID,ANM,WE,Federal Contract Tower,0,10,6,0,16,0,3,35,1,39,0,13,41,1,55,10,0,10,65
06/29/2021,LWS,ID,ANM,WE,Federal Contract Tower,0,9,7,0,16,0,1,14,0,15,0,10,21,0,31,10,0,10,41
06/30/2021,LWS,ID,ANM,WE,Federal Contract Tower,0,8,8,0,16,0,2,32,0,34,0,10,40,0,50,32,0,32,82
07/01/2021,LWS,ID,ANM,WE,Federal Contract Tower,0,10,3,0,13,0,2,44,0,46,0,12,47,0,59,22,0,22,81
07/02/2021,LWS,ID,ANM,WE,Federal Contract Tower,0,9,5,0,14,0,7,43,0,50,0,16,48,0,64,38,0,38,102
07/03/2021,LWS,ID,ANM,WE,Federal Contract Tower,0,5,2,0,7,0,4,31,0,35,0,9,33,0,42,20,0,20,62
07/04/2021,LWS,ID,ANM,WE,Federal Contract Tower,0,5,2,0,7,0,8,23,0,31,0,13,25,0,38,28,0,28,66
07/05/2021,LWS,ID,ANM,WE,Federal Contract Tower,0,5,0,0,5,0,6,17,0,23,0,11,17,0,28,0,0,0,28
07/06/2021,LWS,ID,ANM,WE,Federal Contract Tower,0,9,7,0,16,0,15,28,0,43,0,24,35,0,59,4,0,4,63
07/07/2021,LWS,ID,ANM,WE,Federal Contract Tower,0,8,7,0,15,0,4,101,0,105,0,12,108,0,120,0,0,0,120
07/08/2021,LWS,ID,ANM,WE,Federal Contract Tower,0,9,7,0,16,0,4,82,0,86,0,13,89,0,102,40,0,40,142
07/09/2021,LWS,ID,ANM,WE,Federal Contract Tower,0,9,6,0,15,0,2,95,0,97,0,11,101,0,112,28,0,28,140
07/10/2021,LWS,ID,ANM,WE,Federal Contract Tower,0,5,6,0,11,0,3,67,0,70,0,8,73,0,81,8,0,8,89
07/11/2021,LWS,ID,ANM,WE,Federal Contract Tower,0,5,6,0,11,0,8,77,0,85,0,13,83,0,96,10,0,10,106
07/12/2021,LWS,ID,ANM,WE,Federal Contract Tower,0,10,15,0,25,0,0,87,2,89,0,10,102,2,114,16,0,16,130
07/13/2021,LWS,ID,ANM,WE,Federal Contract Tower,0,8,10,0,18,0,1,89,6,96,0,9,99,6,114,12,0,12,126
07/14/2021,LWS,ID,ANM,WE,Federal Contract Tower,0,10,13,0,23,0,5,58,4,67,0,15,71,4,90,20,0,20,110
07/15/2021,LWS,ID,ANM,WE,Federal Contract Tower,0,9,2,0,11,0,3,76,2,81,0,12,78,2,92,12,0,12,104
07/16/2021,LWS,ID,ANM,WE,Federal Contract Tower,0,11,3,0,14,0,5,33,2,40,0,16,36,2,54,26,0,26,80
07/17/2021,LWS,ID,ANM,WE,Federal Contract Tower,0,6,4,0,10,0,6,50,0,56,0,12,54,0,66,40,0,40,106
07/18/2021,LWS,ID,ANM,WE,Federal Contract Tower,0,5,6,0,11,0,3,59,0,62,0,8,65,0,73,46,0,46,119
07/19/2021,LWS,ID,ANM,WE,Federal Contract Tower,0,12,11,0,23,0,4,20,0,24,0,16,31,0,47,2,0,2,49
07/20/2021,LWS,ID,ANM,WE,Federal Contract Tower,0,9,9,0,18,0,5,56,0,61,0,14,65,0,79,44,0,44,123
07/21/2021,LWS,ID,ANM,WE,Federal Contract Tower,0,9,23,0,32,0,2,81,7,90,0,11,104,7,122,8,0,8,130
07/22/2021,LWS,ID,ANM,WE,Federal Contract Tower,0,10,14,0,24,0,8,119,3,130,0,18,133,3,154,36,0,36,190
07/23/2021,LWS,ID,ANM,WE,Federal Contract Tower,0,9,7,0,16,0,3,57,4,64,0,12,64,4,80,22,0,22,102
07/24/2021,LWS,ID,ANM,WE,Federal Contract Tower,0,6,7,0,13,0,4,32,4,40,0,10,39,4,53,48,0,48,101
07/25/2021,LWS,ID,ANM,WE,Federal Contract Tower,0,5,12,0,17,0,1,54,5,60,0,6,66,5,77,30,0,30,107
07/26/2021,LWS,ID,ANM,WE,Federal Contract Tower,0,10,3,0,13,0,4,36,4,44,0,14,39,4,57,18,0,18,75
07/27/2021,LWS,ID,ANM,WE,Federal Contract Tower,0,8,11,0,19,0,6,28,0,34,0,14,39,0,53,0,0,0,53
07/28/2021,LWS,ID,ANM,WE,Federal Contract Tower,0,10,4,0,14,0,4,49,4,57,0,14,53,4,71,44,0,44,115
07/29/2021,LWS,ID,ANM,WE,Federal Contract Tower,0,9,13,0,22,0,1,54,3,58,0,10,67,3,80,20,0,20,100
07/30/2021,LWS,ID,ANM,WE,Federal Contract Tower,0,10,7,0,17,0,11,28,1,40,0,21,35,1,57,30,0,30,87
07/31/2021,LWS,ID,ANM,WE,Federal Contract Tower,0,7,11,0,18,0,2,10,0,12,0,9,21,0,30,6,0,6,36
08/01/2021,LWS,ID,ANM,WE,Federal Contract Tower,0,7,8,0,15,0,0,27,0,27,0,7,35,0,42,28,0,28,70
08/02/2021,LWS,ID,ANM,WE,Federal Contract Tower,0,9,14,0,23,0,0,36,0,36,0,9,50,0,59,14,0,14,73
08/03/2021,LWS,ID,ANM,WE,Federal Contract Tower,1,8,11,0,20,0,0,24,4,28,1,8,35,4,48,34,0,34,82
08/04/2021,LWS,ID,ANM,WE,Federal Contract Tower,0,9,3,0,12,0,0,32,0,32,0,9,35,0,44,2,0,2,46
08/05/2021,LWS,ID,ANM,WE,Federal Contract Tower,0,9,4,0,13,0,0,35,0,35,0,9,39,0,48,22,0,22,70
08/06/2021,LWS,ID,ANM,WE,Federal Contract Tower,0,8,3,0,11,0,9,25,0,34,0,17,28,0,45,40,0,40,85
08/07/2021,LWS,ID,ANM,WE,Federal Contract Tower,0,5,2,0,7,0,1,33,0,34,0,6,35,0,41,6,0,6,47
08/08/2021,LWS,ID,ANM,WE,Federal Contract Tower,0,5,7,1,13,0,3,21,3,27,0,8,28,4,40,2,0,2,42
08/09/2021,LWS,ID,ANM,WE,Federal Contract Tower,0,8,6,0,14,0,3,51,0,54,0,11,57,0,68,44,0,44,112
08/10/2021,LWS,ID,ANM,WE,Federal Contract Tower,0,8,8,0,16,0,6,39,0,45,0,14,47,0,61,18,0,18,79
08/11/2021,LWS,ID,ANM,WE,Federal Contract Tower,0,8,13,0,21,0,1,45,0,46,0,9,58,0,67,12,0,12,79
08/12/2021,LWS,ID,ANM,WE,Federal Contract Tower,0,10,12,0,22,0,1,41,0,42,0,11,53,0,64,4,0,4,68
08/13/2021,LWS,ID,ANM,WE,Federal Contract Tower,0,10,7,0,17,0,1,0,0,1,0,11,7,0,18,0,0,0,18
08/14/2021,LWS,ID,ANM,WE,Federal Contract Tower,0,5,3,0,8,0,0,6,0,6,0,5,9,0,14,6,0,6,20
08/15/2021,LWS,ID,ANM,WE,Federal Contract Tower,0,6,5,0,11,0,4,11,0,15,0,10,16,0,26,20,0,20,46
08/16/2021,LWS,ID,ANM,WE,Federal Contract Tower,0,11,6,0,17,0,13,33,0,46,0,24,39,0,63,38,0,38,101
08/17/2021,LWS,ID,ANM,WE,Federal Contract Tower,0,10,5,0,15,0,3,15,0,18,0,13,20,0,33,10,0,10,43
08/18/2021,LWS,ID,ANM,WE,Federal Contract Tower,0,10,11,0,21,0,4,30,0,34,0,14,41,0,55,18,0,18,73
08/19/2021,LWS,ID,ANM,WE,Federal Contract Tower,0,9,11,0,20,0,3,40,0,43,0,12,51,0,63,16,0,16,79
08/20/2021,LWS,ID,ANM,WE,Federal Contract Tower,0,9,7,0,16,0,2,31,0,33,0,11,38,0,49,24,0,24,73
08/21/2021,LWS,ID,ANM,WE,Federal Contract Tower,0,5,14,0,19,0,4,9,0,13,0,9,23,0,32,52,0,52,84
08/22/2021,LWS,ID,ANM,WE,Federal Contract Tower,0,5,4,0,9,0,4,28,0,32,0,9,32,0,41,34,0,34,75
08/23/2021,LWS,ID,ANM,WE,Federal Contract Tower,0,8,5,0,13,0,3,29,0,32,0,11,34,0,45,32,0,32,77
08/24/2021,LWS,ID,ANM,WE,Federal Contract Tower,0,9,10,0,19,0,5,46,0,51,0,14,56,0,70,4,0,4,74
08/25/2021,LWS,ID,ANM,WE,Federal Contract Tower,0,7,12,0,19,0,2,60,0,62,0,9,72,0,81,4,0,4,85
08/26/2021,LWS,ID,ANM,WE,Federal Contract Tower,0,9,2,0,11,0,4,46,0,50,0,13,48,0,61,28,0,28,89
08/27/2021,LWS,ID,ANM,WE,Federal Contract Tower,0,11,5,0,16,0,0,19,0,19,0,11,24,0,35,54,0,54,89
08/28/2021,LWS,ID,ANM,WE,Federal Contract Tower,0,7,3,0,10,0,5,42,0,47,0,12,45,0,57,18,0,18,75
08/29/2021,LWS,ID,ANM,WE,Federal Contract Tower,0,7,7,0,14,0,2,39,0,41,0,9,46,0,55,38,0,38,93
08/30/2021,LWS,ID,ANM,WE,Federal Contract Tower,0,8,4,0,12,0,6,30,0,36,0,14,34,0,48,6,0,6,54
08/31/2021,LWS,ID,ANM,WE,Federal Contract Tower,0,9,8,0,17,0,5,29,2,36,0,14,37,2,53,20,0,20,73
09/01/2021,LWS,ID,ANM,WE,Federal Contract Tower,0,11,9,0,20,0,0,42,0,42,0,11,51,0,62,76,0,76,138
09/02/2021,LWS,ID,ANM,WE,Federal Contract Tower,0,8,3,0,11,0,7,49,0,56,0,15,52,0,67,22,0,22,89
09/03/2021,LWS,ID,ANM,WE,Federal Contract Tower,0,9,6,0,15,0,1,43,0,44,0,10,49,0,59,26,0,26,85
09/04/2021,LWS,ID,ANM,WE,Federal Contract Tower,0,7,12,0,19,0,4,38,0,42,0,11,50,0,61,70,0,70,131
09/05/2021,LWS,ID,ANM,WE,Federal Contract Tower,0,6,4,0,10,0,3,16,0,19,0,9,20,0,29,8,0,8,37
09/06/2021,LWS,ID,ANM,WE,Federal Contract Tower,0,5,6,0,11,0,6,29,0,35,0,11,35,0,46,32,0,32,78
09/07/2021,LWS,ID,ANM,WE,Federal Contract Tower,0,9,4,0,13,0,4,48,0,52,0,13,52,0,65,28,0,28,93
09/08/2021,LWS,ID,ANM,WE,Federal Contract Tower,0,9,15,0,24,0,4,54,2,60,0,13,69,2,84,24,0,24,108
09/09/2021,LWS,ID,ANM,WE,Federal Contract Tower,0,10,11,0,21,0,1,25,0,26,0,11,36,0,47,48,0,48,95
09/10/2021,LWS,ID,ANM,WE,Federal Contract Tower,0,9,7,0,16,0,3,9,0,12,0,12,16,0,28,2,0,2,30
09/11/2021,LWS,ID,ANM,WE,Federal Contract Tower,0,5,7,0,12,0,6,73,0,79,0,11,80,0,91,68,0,68,159
09/12/2021,LWS,ID,ANM,WE,Federal Contract Tower,0,5,3,0,8,0,2,39,0,41,0,7,42,0,49,22,0,22,71
09/13/2021,LWS,ID,ANM,WE,Federal Contract Tower,0,8,4,0,12,0,9,58,0,67,0,17,62,0,79,20,0,20,99
09/14/2021,LWS,ID,ANM,WE,Federal Contract Tower,0,9,3,0,12,0,8,42,0,50,0,17,45,0,62,22,0,22,84
09/15/2021,LWS,ID,ANM,WE,Federal Contract Tower,0,11,13,0,24,0,4,11,0,15,0,15,24,0,39,22,0,22,61
09/16/2021,LWS,ID,ANM,WE,Federal Contract Tower,0,8,9,0,17,0,3,54,0,57,0,11,63,0,74,10,0,10,84
09/17/2021,LWS,ID,ANM,WE,Federal Contract Tower,1,10,5,0,16,0,5,17,0,22,1,15,22,0,38,20,0,20,58
09/18/2021,LWS,ID,ANM,WE,Federal Contract Tower,0,8,10,0,18,0,2,1,0,3,0,10,11,0,21,0,0,0,21
09/19/2021,LWS,ID,ANM,WE,Federal Contract Tower,1,4,7,0,12,0,3,5,0,8,1,7,12,0,20,0,0,0,20
09/20/2021,LWS,ID,ANM,WE,Federal Contract Tower,0,12,2,0,14,0,0,25,0,25,0,12,27,0,39,4,0,4,43
09/21/2021,LWS,ID,ANM,WE,Federal Contract Tower,0,9,4,0,13,0,2,31,2,35,0,11,35,2,48,30,0,30,78
09/22/2021,LWS,ID,ANM,WE,Federal Contract Tower,0,11,3,0,14,0,7,24,2,33,0,18,27,2,47,2,0,2,49
09/23/2021,LWS,ID,ANM,WE,Federal Contract Tower,0,8,4,0,12,0,2,30,0,32,0,10,34,0,44,58,0,58,102
09/24/2021,LWS,ID,ANM,WE,Federal Contract Tower,0,8,3,0,11,0,6,35,0,41,0,14,38,0,52,18,0,18,70
09/25/2021,LWS,ID,ANM,WE,Federal Contract Tower,0,4,1,0,5,0,2,61,0,63,0,6,62,0,68,28,0,28,96
09/26/2021,LWS,ID,ANM,WE,Federal Contract Tower,0,5,3,0,8,0,6,47,0,53,0,11,50,0,61,28,0,28,89
09/27/2021,LWS,ID,ANM,WE,Federal Contract Tower,0,7,2,0,9,0,0,19,0,19,0,7,21,0,28,16,0,16,44
09/28/2021,LWS,ID,ANM,WE,Federal Contract Tower,0,6,6,2,14,0,5,12,2,19,0,11,18,4,33,36,0,36,69
09/29/2021,LWS,ID,ANM,WE,Federal Contract Tower,0,6,7,0,13,0,11,32,0,43,0,17,39,0,56,10,0,10,66
09/30/2021,LWS,ID,ANM,WE,Federal Contract Tower,0,3,2,0,5,0,7,31,0,38,0,10,33,0,43,22,0,22,65
10/01/2021,LWS,ID,ANM,WE,Federal Contract Tower,0,6,14,0,20,0,2,47,1,50,0,8,61,1,70,42,0,42,112
10/02/2021,LWS,ID,ANM,WE,Federal Contract Tower,0,3,3,1,7,0,3,34,0,37,0,6,37,1,44,34,0,34,78
10/03/2021,LWS,ID,ANM,WE,Federal Contract Tower,0,7,4,0,11,0,4,45,0,49,0,11,49,0,60,36,0,36,96
10/04/2021,LWS,ID,ANM,WE,Federal Contract Tower,0,9,7,0,16,0,9,63,0,72,0,18,70,0,88,26,0,26,114
10/05/2021,LWS,ID,ANM,WE,Federal Contract Tower,0,10,5,0,15,0,22,52,0,74,0,32,57,0,89,36,0,36,125
10/06/2021,LWS,ID,ANM,WE,Federal Contract Tower,0,10,6,0,16,0,3,24,0,27,0,13,30,0,43,6,0,6,49
10/07/2021,LWS,ID,ANM,WE,Federal Contract Tower,0,8,7,0,15,0,5,34,0,39,0,13,41,0,54,20,0,20,74
10/08/2021,LWS,ID,ANM,WE,Federal Contract Tower,3,8,6,0,17,0,10,42,0,52,3,18,48,0,69,52,0,52,121
10/09/2021,LWS,ID,ANM,WE,Federal Contract Tower,1,5,2,0,8,0,3,62,0,65,1,8,64,0,73,48,0,48,121
10/10/2021,LWS,ID,ANM,WE,Federal Contract Tower,0,7,11,0,18,0,1,11,0,12,0,8,22,0,30,12,0,12,42
10/11/2021,LWS,ID,ANM,WE,Federal Contract Tower,0,9,5,0,14,0,3,33,0,36,0,12,38,0,50,68,0,68,118
10/12/2021,LWS,ID,ANM,WE,Federal Contract Tower,0,10,6,0,16,0,4,55,2,61,0,14,61,2,77,104,0,104,181
10/13/2021,LWS,ID,ANM,WE,Federal Contract Tower,0,12,9,0,21,0,3,13,0,16,0,15,22,0,37,34,0,34,71
10/14/2021,LWS,ID,ANM,WE,Federal Contract Tower,0,10,12,0,22,0,6,18,0,24,0,16,30,0,46,0,0,0,46
10/15/2021,LWS,ID,ANM,WE,Federal Contract Tower,2,9,11,0,22,0,3,45,0,48,2,12,56,0,70,42,0,42,112
10/16/2021,LWS,ID,ANM,WE,Federal Contract Tower,0,6,1,0,7,0,11,54,0,65,0,17,55,0,72,26,0,26,98
10/17/2021,LWS,ID,ANM,WE,Federal Contract Tower,0,7,7,0,14,0,4,51,0,55,0,11,58,0,69,34,0,34,103
10/18/2021,LWS,ID,ANM,WE,Federal Contract Tower,0,8,8,0,16,0,3,52,0,55,0,11,60,0,71,70,0,70,141
10/19/2021,LWS,ID,ANM,WE,Federal Contract Tower,0,10,10,0,20,0,3,49,0,52,0,13,59,0,72,48,0,48,120
10/20/2021,LWS,ID,ANM,WE,Federal Contract Tower,0,11,6,0,17,0,4,16,0,20,0,15,22,0,37,12,0,12,49
10/21/2021,LWS,ID,ANM,WE,Federal Contract Tower,0,7,12,0,19,0,4,30,0,34,0,11,42,0,53,42,0,42,95
10/22/2021,LWS,ID,ANM,WE,Federal Contract Tower,0,8,9,0,17,0,3,6,0,9,0,11,15,0,26,8,0,8,34
10/23/2021,LWS,ID,ANM,WE,Federal Contract Tower,0,8,4,0,12,0,3,19,0,22,0,11,23,0,34,4,0,4,38
10/24/2021,LWS,ID,ANM,WE,Federal Contract Tower,0,7,19,0,26,0,0,5,0,5,0,7,24,0,31,38,0,38,69
10/25/2021,LWS,ID,ANM,WE,Federal Contract Tower,0,14,7,0,21,0,2,10,0,12,0,16,17,0,33,26,0,26,59
10/26/2021,LWS,ID,ANM,WE,Federal Contract Tower,0,10,8,0,18,0,2,9,2,13,0,12,17,2,31,12,0,12,43
10/27/2021,LWS,ID,ANM,WE,Federal Contract Tower,0,11,11,0,22,0,7,26,0,33,0,18,37,0,55,28,0,28,83
10/28/2021,LWS,ID,ANM,WE,Federal Contract Tower,0,10,14,0,24,0,0,11,2,13,0,10,25,2,37,20,0,20,57
10/29/2021,LWS,ID,ANM,WE,Federal Contract Tower,0,10,5,0,15,0,5,2,0,7,0,15,7,0,22,16,0,16,38
10/30/2021,LWS,ID,ANM,WE,Federal Contract Tower,0,7,5,0,12,0,0,13,0,13,0,7,18,0,25,34,0,34,59
11/01/2021,LWS,ID,ANM,WE,Federal Contract Tower,0,8,6,0,14,0,2,41,0,43,0,10,47,0,57,34,0,34,91
11/02/2021,LWS,ID,ANM,WE,Federal Contract Tower,0,12,12,0,24,0,2,22,0,24,0,14,34,0,48,18,0,18,66
11/03/2021,LWS,ID,ANM,WE,Federal Contract Tower,0,8,9,0,17,0,9,22,0,31,0,17,31,0,48,22,0,22,70
11/04/2021,LWS,ID,ANM,WE,Federal Contract Tower,0,8,11,0,19,0,2,5,0,7,0,10,16,0,26,18,0,18,44
11/05/2021,LWS,ID,ANM,WE,Federal Contract Tower,0,9,2,0,11,0,4,31,0,35,0,13,33,0,46,46,0,46,92
11/06/2021,LWS,ID,ANM,WE,Federal Contract Tower,0,10,12,0,22,0,0,14,0,14,0,10,26,0,36,4,0,4,40
11/07/2021,LWS,ID,ANM,WE,Federal Contract Tower,0,5,1,0,6,0,2,10,0,12,0,7,11,0,18,0,0,0,18
11/08/2021,LWS,ID,ANM,WE,Federal Contract Tower,0,11,4,0,15,0,4,30,0,34,0,15,34,0,49,28,0,28,77
11/09/2021,LWS,ID,ANM,WE,Federal Contract Tower,0,12,2,0,14,0,2,4,0,6,0,14,6,0,20,6,0,6,26
11/10/2021,LWS,ID,ANM,WE,Federal Contract Tower,0,8,3,0,11,0,0,50,1,51,0,8,53,1,62,58,0,58,120
11/11/2021,LWS,ID,ANM,WE,Federal Contract Tower,0,11,12,0,23,0,0,5,0,5,0,11,17,0,28,22,0,22,50
11/12/2021,LWS,ID,ANM,WE,Federal Contract Tower,0,11,9,0,20,0,0,0,0,0,0,11,9,0,20,0,0,0,20
11/13/2021,LWS,ID,ANM,WE,Federal Contract Tower,0,8,1,0,9,0,0,30,0,30,0,8,31,0,39,0,0,0,39
11/14/2021,LWS,ID,ANM,WE,Federal Contract Tower,0,5,7,0,12,0,4,12,0,16,0,9,19,0,28,4,0,4,32
11/15/2021,LWS,ID,ANM,WE,Federal Contract Tower,0,5,4,0,9,0,2,4,0,6,0,7,8,0,15,0,0,0,15
11/16/2021,LWS,ID,ANM,WE,Federal Contract Tower,0,10,12,0,22,0,3,15,0,18,0,13,27,0,40,4,0,4,44
11/17/2021,LWS,ID,ANM,WE,Federal Contract Tower,0,10,3,0,13,0,5,35,2,42,0,15,38,2,55,38,0,38,93
11/18/2021,LWS,ID,ANM,WE,Federal Contract Tower,2,13,13,0,28,0,19,20,0,39,2,32,33,0,67,20,0,20,87
11/19/2021,LWS,ID,ANM,WE,Federal Contract Tower,1,9,6,0,16,0,0,0,0,0,1,9,6,0,16,0,0,0,16
11/20/2021,LWS,ID,ANM,WE,Federal Contract Tower,0,7,4,0,11,0,0,23,0,23,0,7,27,0,34,26,0,26,60
11/21/2021,LWS,ID,ANM,WE,Federal Contract Tower,0,7,8,0,15,0,2,47,0,49,0,9,55,0,64,40,0,40,104
11/22/2021,LWS,ID,ANM,WE,Federal Contract Tower,0,11,4,0,15,0,5,36,0,41,0,16,40,0,56,12,0,12,68
11/23/2021,LWS,ID,ANM,WE,Federal Contract Tower,0,11,13,0,24,0,0,1,0,1,0,11,14,0,25,0,0,0,25
11/24/2021,LWS,ID,ANM,WE,Federal Contract Tower,0,11,7,0,18,0,4,28,0,32,0,15,35,0,50,28,0,28,78
11/25/2021,LWS,ID,ANM,WE,Federal Contract Tower,0,8,0,0,8,0,0,0,0,0,0,8,0,0,8,0,0,0,8
11/26/2021,LWS,ID,ANM,WE,Federal Contract Tower,0,10,0,0,10,0,4,5,0,9,0,14,5,0,19,0,0,0,19
11/27/2021,LWS,ID,ANM,WE,Federal Contract Tower,0,10,0,0,10,0,0,11,0,11,0,10,11,0,21,30,0,30,51
11/28/2021,LWS,ID,ANM,WE,Federal Contract Tower,0,8,3,0,11,0,10,11,0,21,0,18,14,0,32,0,0,0,32
11/29/2021,LWS,ID,ANM,WE,Federal Contract Tower,0,12,3,0,15,0,3,5,0,8,0,15,8,0,23,0,0,0,23
11/30/2021,LWS,ID,ANM,WE,Federal Contract Tower,0,8,8,0,16,0,3,10,0,13,0,11,18,0,29,0,0,0,29
12/02/2021,LWS,ID,ANM,WE,Federal Contract Tower,0,7,13,0,20,0,9,20,0,29,0,16,33,0,49,20,0,20,69
12/03/2021,LWS,ID,ANM,WE,Federal Contract Tower,0,12,3,0,15,0,1,24,0,25,0,13,27,0,40,54,0,54,94
12/04/2021,LWS,ID,ANM,WE,Federal Contract Tower,0,4,12,0,16,0,2,14,0,16,0,6,26,0,32,10,0,10,42
12/05/2021,LWS,ID,ANM,WE,Federal Contract Tower,0,6,3,0,9,0,3,33,0,36,0,9,36,0,45,78,0,78,123
12/06/2021,LWS,ID,ANM,WE,Federal Contract Tower,0,11,6,0,17,0,0,0,0,0,0,11,6,0,17,0,0,0,17
12/07/2021,LWS,ID,ANM,WE,Federal Contract Tower,0,9,9,0,18,0,0,1,0,1,0,9,10,0,19,0,0,0,19
12/08/2021,LWS,ID,ANM,WE,Federal Contract Tower,0,12,5,4,21,0,3,13,0,16,0,15,18,4,37,42,0,42,79
12/09/2021,LWS,ID,ANM,WE,Federal Contract Tower,0,8,9,0,17,0,1,26,0,27,0,9,35,0,44,34,0,34,78
12/10/2021,LWS,ID,ANM,WE,Federal Contract Tower,0,16,5,0,21,0,0,12,0,12,0,16,17,0,33,60,0,60,93
12/11/2021,LWS,ID,ANM,WE,Federal Contract Tower,0,6,3,0,9,0,1,0,0,1,0,7,3,0,10,0,0,0,10
12/13/2021,LWS,ID,ANM,WE,Federal Contract Tower,0,10,12,0,22,0,12,5,0,17,0,22,17,0,39,22,0,22,61
12/14/2021,LWS,ID,ANM,WE,Federal Contract Tower,0,12,13,0,25,0,8,10,0,18,0,20,23,0,43,6,0,6,49
12/15/2021,LWS,ID,ANM,WE,Federal Contract Tower,0,8,9,0,17,0,4,16,0,20,0,12,25,0,37,42,0,42,79
12/16/2021,LWS,ID,ANM,WE,Federal Contract Tower,0,11,9,0,20,0,0,2,0,2,0,11,11,0,22,0,0,0,22
12/17/2021,LWS,ID,ANM,WE,Federal Contract Tower,0,14,5,0,19,0,6,34,0,40,0,20,39,0,59,18,0,18,77
12/18/2021,LWS,ID,ANM,WE,Federal Contract Tower,0,9,3,0,12,0,0,6,0,6,0,9,9,0,18,2,0,2,20
12/19/2021,LWS,ID,ANM,WE,Federal Contract Tower,0,5,5,0,10,0,0,0,0,0,0,5,5,0,10,0,0,0,10
12/20/2021,LWS,ID,ANM,WE,Federal Contract Tower,0,11,7,0,18,0,0,1,0,1,0,11,8,0,19,0,0,0,19
12/21/2021,LWS,ID,ANM,WE,Federal Contract Tower,0,10,6,0,16,0,0,0,0,0,0,10,6,0,16,0,0,0,16
12/22/2021,LWS,ID,ANM,WE,Federal Contract Tower,0,10,4,0,14,0,1,12,2,15,0,11,16,2,29,24,0,24,53
12/23/2021,LWS,ID,ANM,WE,Federal Contract Tower,0,9,1,0,10,0,3,2,0,5,0,12,3,0,15,10,0,10,25
12/24/2021,LWS,ID,ANM,WE,Federal Contract Tower,0,10,6,0,16,0,1,6,0,7,0,11,12,0,23,20,0,20,43
12/25/2021,LWS,ID,ANM,WE,Federal Contract Tower,0,5,2,0,7,0,2,2,0,4,0,7,4,0,11,0,0,0,11
12/26/2021,LWS,ID,ANM,WE,Federal Contract Tower,0,7,5,0,12,0,0,2,0,2,0,7,7,0,14,12,0,12,26
12/27/2021,LWS,ID,ANM,WE,Federal Contract Tower,0,14,5,0,19,0,0,0,0,0,0,14,5,0,19,0,0,0,19
12/28/2021,LWS,ID,ANM,WE,Federal Contract Tower,0,9,5,0,14,0,0,1,0,1,0,9,6,0,15,0,0,0,15
12/29/2021,LWS,ID,ANM,WE,Federal Contract Tower,0,12,1,0,13,0,0,2,0,2,0,12,3,0,15,0,0,0,15
12/30/2021,LWS,ID,ANM,WE,Federal Contract Tower,0,6,0,0,6,0,0,0,0,0,0,6,0,0,6,0,0,0,6
12/31/2021,LWS,ID,ANM,WE,Federal Contract Tower,0,9,1,0,10,0,0,1,0,1,0,9,2,0,11,0,0,0,11
01/01/2022,LWS,ID,ANM,WE,Federal Contract Tower,0,6,1,0,7,0,8,12,0,20,0,14,13,0,27,0,0,0,27
01/02/2022,LWS,ID,ANM,WE,Federal Contract Tower,0,4,1,0,5,0,4,2,0,6,0,8,3,0,11,0,0,0,11
01/03/2022,LWS,ID,ANM,WE,Federal Contract Tower,0,11,9,0,20,0,0,2,0,2,0,11,11,0,22,4,0,4,26
01/04/2022,LWS,ID,ANM,WE,Federal Contract Tower,0,13,10,0,23,0,0,1,0,1,0,13,11,0,24,0,0,0,24
01/05/2022,LWS,ID,ANM,WE,Federal Contract Tower,0,7,5,0,12,0,1,0,0,1,0,8,5,0,13,0,0,0,13
01/06/2022,LWS,ID,ANM,WE,Federal Contract Tower,0,6,1,0,7,0,0,0,0,0,0,6,1,0,7,0,0,0,7
01/07/2022,LWS,ID,ANM,WE,Federal Contract Tower,0,12,5,0,17,0,3,4,0,7,0,15,9,0,24,4,0,4,28
01/08/2022,LWS,ID,ANM,WE,Federal Contract Tower,0,7,3,0,10,0,3,22,0,25,0,10,25,0,35,84,0,84,119
01/09/2022,LWS,ID,ANM,WE,Federal Contract Tower,0,5,4,0,9,0,5,17,0,22,0,10,21,0,31,32,0,32,63
01/10/2022,LWS,ID,ANM,WE,Federal Contract Tower,0,11,10,0,21,0,8,31,0,39,0,19,41,0,60,12,0,12,72
01/11/2022,LWS,ID,ANM,WE,Federal Contract Tower,0,9,6,0,15,0,0,3,0,3,0,9,9,0,18,0,0,0,18
01/12/2022,LWS,ID,ANM,WE,Federal Contract Tower,0,12,14,0,26,0,0,12,0,12,0,12,26,0,38,4,0,4,42
01/13/2022,LWS,ID,ANM,WE,Federal Contract Tower,0,10,13,0,23,0,0,18,0,18,0,10,31,0,41,18,0,18,59
01/14/2022,LWS,ID,ANM,WE,Federal Contract Tower,0,10,10,0,20,0,5,35,0,40,0,15,45,0,60,78,0,78,138
01/15/2022,LWS,ID,ANM,WE,Federal Contract Tower,0,10,0,0,10,0,4,50,0,54,0,14,50,0,64,84,0,84,148
01/16/2022,LWS,ID,ANM,WE,Federal Contract Tower,0,7,6,0,13,0,2,30,0,32,0,9,36,0,45,50,0,50,95
01/17/2022,LWS,ID,ANM,WE,Federal Contract Tower,0,6,1,0,7,0,3,16,0,19,0,9,17,0,26,16,0,16,42
01/18/2022,LWS,ID,ANM,WE,Federal Contract Tower,0,8,4,0,12,0,0,12,0,12,0,8,16,0,24,6,0,6,30
01/19/2022,LWS,ID,ANM,WE,Federal Contract Tower,0,8,11,0,19,0,3,19,0,22,0,11,30,0,41,52,0,52,93
01/20/2022,LWS,ID,ANM,WE,Federal Contract Tower,0,9,9,0,18,0,1,7,0,8,0,10,16,0,26,30,0,30,56
01/21/2022,LWS,ID,ANM,WE,Federal Contract Tower,0,8,5,0,13,0,7,37,0,44,0,15,42,0,57,20,0,20,77
01/22/2022,LWS,ID,ANM,WE,Federal Contract Tower,0,4,4,0,8,0,0,0,0,0,0,4,4,0,8,0,0,0,8
01/23/2022,LWS,ID,ANM,WE,Federal Contract Tower,0,8,0,0,8,0,1,35,0,36,0,9,35,0,44,46,0,46,90
01/24/2022,LWS,ID,ANM,WE,Federal Contract Tower,0,14,10,0,24,0,0,6,0,6,0,14,16,0,30,16,0,16,46
01/25/2022,LWS,ID,ANM,WE,Federal Contract Tower,0,10,11,0,21,0,2,17,0,19,0,12,28,0,40,42,0,42,82
01/26/2022,LWS,ID,ANM,WE,Federal Contract Tower,0,11,8,0,19,0,7,7,0,14,0,18,15,0,33,24,0,24,57
01/27/2022,LWS,ID,ANM,WE,Federal Contract Tower,0,13,11,0,24,0,2,14,0,16,0,15,25,0,40,36,0,36,76
01/28/2022,LWS,ID,ANM,WE,Federal Contract Tower,0,9,1,0,10,0,1,36,0,37,0,10,37,0,47,84,0,84,131
01/29/2022,LWS,ID,ANM,WE,Federal Contract Tower,0,5,2,0,7,0,0,38,0,38,0,5,40,0,45,32,0,32,77
01/30/2022,LWS,ID,ANM,WE,Federal Contract Tower,0,6,4,0,10,0,2,14,0,16,0,8,18,0,26,58,0,58,84
01/31/2022,LWS,ID,ANM,WE,Federal Contract Tower,0,9,4,0,13,0,5,0,0,5,0,14,4,0,18,0,0,0,18
02/01/2022,LWS,ID,ANM,WE,Federal Contract Tower,0,8,4,0,12,0,0,6,0,6,0,8,10,0,18,6,0,6,24
02/02/2022,LWS,ID,ANM,WE,Federal Contract Tower,0,12,10,0,22,0,0,11,2,13,0,12,21,2,35,18,0,18,53
02/03/2022,LWS,ID,ANM,WE,Federal Contract Tower,0,10,7,0,17,0,1,1,0,2,0,11,8,0,19,12,0,12,31
02/04/2022,LWS,ID,ANM,WE,Federal Contract Tower,0,9,3,0,12,0,2,0,0,2,0,11,3,0,14,0,0,0,14
02/05/2022,LWS,ID,ANM,WE,Federal Contract Tower,0,5,4,0,9,0,0,38,0,38,0,5,42,0,47,84,0,84,131
02/06/2022,LWS,ID,ANM,WE,Federal Contract Tower,0,4,4,0,8,0,2,48,0,50,0,6,52,0,58,54,0,54,112
02/07/2022,LWS,ID,ANM,WE,Federal Contract Tower,0,10,7,0,17,0,6,14,0,20,0,16,21,0,37,20,0,20,57
02/08/2022,LWS,ID,ANM,WE,Federal Contract Tower,0,7,9,0,16,0,4,15,0,19,0,11,24,0,35,4,0,4,39
02/09/2022,LWS,ID,ANM,WE,Federal Contract Tower,0,11,12,2,25,0,11,32,0,43,0,22,44,2,68,40,8,48,116
02/10/2022,LWS,ID,ANM,WE,Federal Contract Tower,0,9,4,0,13,0,3,27,0,30,0,12,31,0,43,26,0,26,69
02/11/2022,LWS,ID,ANM,WE,Federal Contract Tower,0,9,4,0,13,0,2,44,0,46,0,11,48,0,59,60,0,60,119
02/12/2022,LWS,ID,ANM,WE,Federal Contract Tower,0,5,2,0,7,0,3,33,0,36,0,8,35,0,43,22,0,22,65
02/13/2022,LWS,ID,ANM,WE,Federal Contract Tower,0,5,3,0,8,0,4,48,0,52,0,9,51,0,60,68,0,68,128
02/14/2022,LWS,ID,ANM,WE,Federal Contract Tower,0,8,4,0,12,0,0,7,0,7,0,8,11,0,19,18,0,18,37
02/15/2022,LWS,ID,ANM,WE,Federal Contract Tower,0,9,4,0,13,0,2,28,0,30,0,11,32,0,43,28,0,28,71
02/16/2022,LWS,ID,ANM,WE,Federal Contract Tower,0,6,8,0,14,0,7,21,0,28,0,13,29,0,42,6,0,6,48
02/17/2022,LWS,ID,ANM,WE,Federal Contract Tower,0,8,11,0,19,0,5,41,0,46,0,13,52,0,65,42,0,42,107
02/18/2022,LWS,ID,ANM,WE,Federal Contract Tower,0,7,7,0,14,0,8,90,0,98,0,15,97,0,112,42,0,42,154
02/19/2022,LWS,ID,ANM,WE,Federal Contract Tower,0,5,3,0,8,0,2,55,0,57,0,7,58,0,65,68,0,68,133
02/20/2022,LWS,ID,ANM,WE,Federal Contract Tower,0,5,3,0,8,0,5,7,0,12,0,10,10,0,20,10,0,10,30
02/21/2022,LWS,ID,ANM,WE,Federal Contract Tower,0,9,1,0,10,0,1,2,0,3,0,10,3,0,13,0,0,0,13
02/22/2022,LWS,ID,ANM,WE,Federal Contract Tower,0,8,6,1,15,0,4,16,1,21,0,12,22,2,36,8,18,26,62
02/23/2022,LWS,ID,ANM,WE,Federal Contract Tower,0,13,5,0,18,0,2,62,0,64,0,15,67,0,82,34,0,34,116
02/24/2022,LWS,ID,ANM,WE,Federal Contract Tower,0,15,9,0,24,0,13,4,0,17,0,28,13,0,41,0,0,0,41
02/25/2022,LWS,ID,ANM,WE,Federal Contract Tower,0,8,10,0,18,0,9,27,0,36,0,17,37,0,54,36,0,36,90
02/26/2022,LWS,ID,ANM,WE,Federal Contract Tower,0,7,1,0,8,0,4,43,0,47,0,11,44,0,55,36,0,36,91
02/27/2022,LWS,ID,ANM,WE,Federal Contract Tower,0,4,2,0,6,0,0,6,0,6,0,4,8,0,12,30,0,30,42
02/28/2022,LWS,ID,ANM,WE,Federal Contract Tower,0,7,6,0,13,0,1,0,0,1,0,8,6,0,14,0,0,0,14
03/01/2022,LWS,ID,ANM,WE,Federal Contract Tower,0,7,4,0,11,0,0,27,0,27,0,7,31,0,38,10,0,10,48
03/02/2022,LWS,ID,ANM,WE,Federal Contract Tower,0,10,0,0,10,0,0,6,0,6,0,10,6,0,16,20,0,20,36
03/03/2022,LWS,ID,ANM,WE,Federal Contract Tower,0,12,14,0,26,0,0,0,0,0,0,12,14,0,26,0,0,0,26
03/04/2022,LWS,ID,ANM,WE,Federal Contract Tower,0,10,4,0,14,0,2,24,0,26,0,12,28,0,40,18,0,18,58
03/05/2022,LWS,ID,ANM,WE,Federal Contract Tower,0,4,1,0,5,0,3,117,0,120,0,7,118,0,125,84,0,84,209
03/06/2022,LWS,ID,ANM,WE,Federal Contract Tower,0,5,1,0,6,0,2,82,0,84,0,7,83,0,90,180,0,180,270
03/07/2022,LWS,ID,ANM,WE,Federal Contract Tower,0,10,0,0,10,0,2,81,0,83,0,12,81,0,93,50,0,50,143
03/08/2022,LWS,ID,ANM,WE,Federal Contract Tower,0,9,4,0,13,0,2,14,0,16,0,11,18,0,29,52,0,52,81
03/09/2022,LWS,ID,ANM,WE,Federal Contract Tower,0,11,5,0,16,0,6,60,0,66,0,17,65,0,82,22,0,22,104
03/10/2022,LWS,ID,ANM,WE,Federal Contract Tower,0,8,7,0,15,0,4,44,2,50,0,12,51,2,65,42,0,42,107
03/11/2022,LWS,ID,ANM,WE,Federal Contract Tower,0,12,4,0,16,0,3,37,0,40,0,15,41,0,56,38,0,38,94
03/12/2022,LWS,ID,ANM,WE,Federal Contract Tower,0,5,3,0,8,0,0,30,0,30,0,5,33,0,38,34,0,34,72
03/13/2022,LWS,ID,ANM,WE,Federal Contract Tower,0,6,4,0,10,0,3,11,0,14,0,9,15,0,24,2,0,2,26
03/14/2022,LWS,ID,ANM,WE,Federal Contract Tower,0,8,2,0,10,0,6,10,0,16,0,14,12,0,26,4,0,4,30
03/15/2022,LWS,ID,ANM,WE,Federal Contract Tower,0,9,10,0,19,0,3,12,0,15,0,12,22,0,34,0,0,0,34
03/16/2022,LWS,ID,ANM,WE,Federal Contract Tower,0,10,5,0,15,0,3,7,0,10,0,13,12,0,25,46,0,46,71
03/17/2022,LWS,ID,ANM,WE,Federal Contract Tower,0,7,7,0,14,0,4,33,0,37,0,11,40,0,51,34,0,34,85
03/18/2022,LWS,ID,ANM,WE,Federal Contract Tower,0,7,7,0,14,0,6,60,2,68,0,13,67,2,82,78,0,78,160
03/19/2022,LWS,ID,ANM,WE,Federal Contract Tower,0,4,0,0,4,0,5,23,0,28,0,9,23,0,32,30,0,30,62
03/20/2022,LWS,ID,ANM,WE,Federal Contract Tower,0,6,1,0,7,0,12,39,0,51,0,18,40,0,58,36,0,36,94
03/21/2022,LWS,ID,ANM,WE,Federal Contract Tower,0,9,0,0,9,0,0,50,0,50,0,9,50,0,59,30,0,30,89
03/22/2022,LWS,ID,ANM,WE,Federal Contract Tower,0,16,8,0,24,0,2,56,0,58,0,18,64,0,82,36,0,36,118
03/23/2022,LWS,ID,ANM,WE,Federal Contract Tower,0,8,8,0,16,0,4,63,2,69,0,12,71,2,85,20,0,20,105
03/24/2022,LWS,ID,ANM,WE,Federal Contract Tower,0,8,4,0,12,0,5,69,0,74,0,13,73,0,86,46,0,46,132
03/25/2022,LWS,ID,ANM,WE,Federal Contract Tower,0,8,1,0,9,0,6,70,0,76,0,14,71,0,85,80,0,80,165
03/26/2022,LWS,ID,ANM,WE,Federal Contract Tower,0,4,4,0,8,0,1,41,0,42,0,5,45,0,50,40,0,40,90
03/27/2022,LWS,ID,ANM,WE,Federal Contract Tower,0,5,1,0,6,0,2,42,0,44,0,7,43,0,50,46,0,46,96
03/28/2022,LWS,ID,ANM,WE,Federal Contract Tower,0,8,4,0,12,0,1,12,0,13,0,9,16,0,25,44,0,44,69
03/29/2022,LWS,ID,ANM,WE,Federal Contract Tower,0,6,6,2,14,0,1,29,0,30,0,7,35,2,44,68,0,68,112
03/30/2022,LWS,ID,ANM,WE,Federal Contract Tower,0,8,5,0,13,0,2,17,2,21,0,10,22,2,34,26,0,26,60
03/31/2022,LWS,ID,ANM,WE,Federal Contract Tower,0,7,6,0,13,0,3,25,0,28,0,10,31,0,41,20,0,20,61
04/01/2022,LWS,ID,ANM,WE,Federal Contract Tower,0,7,3,0,10,0,6,51,2,59,0,13,54,2,69,70,0,70,139
04/02/2022,LWS,ID,ANM,WE,Federal Contract Tower,0,5,0,0,5,0,0,9,0,9,0,5,9,0,14,0,0,0,14
04/03/2022,LWS,ID,ANM,WE,Federal Contract Tower,0,3,3,0,6,0,4,41,0,45,0,7,44,0,51,20,0,20,71
04/04/2022,LWS,ID,ANM,WE,Federal Contract Tower,0,4,4,0,8,0,0,0,0,0,0,4,4,0,8,0,0,0,8
04/05/2022,LWS,ID,ANM,WE,Federal Contract Tower,0,8,7,0,15,0,4,13,0,17,0,12,20,0,32,2,0,2,34
04/06/2022,LWS,ID,ANM,WE,Federal Contract Tower,0,8,8,0,16,0,13,79,0,92,0,21,87,0,108,22,0,22,130
04/07/2022,LWS,ID,ANM,WE,Federal Contract Tower,0,8,11,0,19,0,8,61,0,69,0,16,72,0,88,56,0,56,144
04/08/2022,LWS,ID,ANM,WE,Federal Contract Tower,0,6,3,0,9,0,6,10,0,16,0,12,13,0,25,12,0,12,37
04/09/2022,LWS,ID,ANM,WE,Federal Contract Tower,0,5,4,0,9,0,8,15,0,23,0,13,19,0,32,36,0,36,68
04/10/2022,LWS,ID,ANM,WE,Federal Contract Tower,0,7,4,0,11,0,1,7,0,8,0,8,11,0,19,8,0,8,27
04/11/2022,LWS,ID,ANM,WE,Federal Contract Tower,0,9,5,0,14,0,0,3,0,3,0,9,8,0,17,0,0,0,17
04/12/2022,LWS,ID,ANM,WE,Federal Contract Tower,0,10,13,0,23,0,0,4,0,4,0,10,17,0,27,10,0,10,37
04/13/2022,LWS,ID,ANM,WE,Federal Contract Tower,0,8,12,0,20,0,2,14,0,16,0,10,26,0,36,24,0,24,60
04/14/2022,LWS,ID,ANM,WE,Federal Contract Tower,0,8,9,0,17,0,3,2,0,5,0,11,11,0,22,0,0,0,22
04/15/2022,LWS,ID,ANM,WE,Federal Contract Tower,0,10,4,0,14,0,2,20,2,24,0,12,24,2,38,14,0,14,52
04/16/2022,LWS,ID,ANM,WE,Federal Contract Tower,0,6,2,0,8,0,4,4,0,8,0,10,6,0,16,28,0,28,44
04/17/2022,LWS,ID,ANM,WE,Federal Contract Tower,0,5,2,0,7,0,7,26,0,33,0,12,28,0,40,6,0,6,46
04/18/2022,LWS,ID,ANM,WE,Federal Contract Tower,0,9,7,0,16,0,4,34,0,38,0,13,41,0,54,56,0,56,110
04/19/2022,LWS,ID,ANM,WE,Federal Contract Tower,0,7,8,2,17,0,1,20,0,21,0,8,28,2,38,40,0,40,78
04/20/2022,LWS,ID,ANM,WE,Federal Contract Tower,0,7,15,0,22,0,4,32,0,36,0,11,47,0,58,46,0,46,104
04/21/2022,LWS,ID,ANM,WE,Federal Contract Tower,0,11,7,0,18,0,3,22,0,25,0,14,29,0,43,74,0,74,117
04/22/2022,LWS,ID,ANM,WE,Federal Contract Tower,0,10,6,0,16,0,7,45,0,52,0,17,51,0,68,46,0,46,114
04/23/2022,LWS,ID,ANM,WE,Federal Contract Tower,0,4,1,0,5,0,3,49,0,52,0,7,50,0,57,74,0,74,131
04/24/2022,LWS,ID,ANM,WE,Federal Contract Tower,0,5,3,0,8,0,2,51,0,53,0,7,54,0,61,106,0,106,167
04/25/2022,LWS,ID,ANM,WE,Federal Contract Tower,0,8,5,0,13,0,10,52,0,62,0,18,57,0,75,24,0,24,99
04/26/2022,LWS,ID,ANM,WE,Federal Contract Tower,0,11,5,0,16,0,4,21,0,25,0,15,26,0,41,32,0,32,73
04/27/2022,LWS,ID,ANM,WE,Federal Contract Tower,0,13,2,0,15,0,5,50,0,55,0,18,52,0,70,118,0,118,188
04/28/2022,LWS,ID,ANM,WE,Federal Contract Tower,0,11,8,0,19,0,3,30,0,33,0,14,38,0,52,72,0,72,124
04/29/2022,LWS,ID,ANM,WE,Federal Contract Tower,0,7,4,0,11,0,6,33,0,39,0,13,37,0,50,34,0,34,84
04/30/2022,LWS,ID,ANM,WE,Federal Contract Tower,0,7,6,0,13,0,0,8,0,8,0,7,14,0,21,28,0,28,49
05/01/2022,LWS,ID,ANM,WE,Federal Contract Tower,0,4,6,0,10,0,2,18,0,20,0,6,24,0,30,16,0,16,46
05/02/2022,LWS,ID,ANM,WE,Federal Contract Tower,0,9,2,0,11,0,2,11,0,13,0,11,13,0,24,22,0,22,46
05/03/2022,LWS,ID,ANM,WE,Federal Contract Tower,0,12,7,0,19,0,1,35,0,36,0,13,42,0,55,62,0,62,117
05/04/2022,LWS,ID,ANM,WE,Federal Contract Tower,0,10,2,0,12,0,9,46,0,55,0,19,48,0,67,62,0,62,129
05/05/2022,LWS,ID,ANM,WE,Federal Contract Tower,0,7,0,0,7,0,1,12,0,13,0,8,12,0,20,22,0,22,42
05/06/2022,LWS,ID,ANM,WE,Federal Contract Tower,0,9,1,0,10,0,0,4,0,4,0,9,5,0,14,0,0,0,14
05/07/2022,LWS,ID,ANM,WE,Federal Contract Tower,0,6,1,0,7,0,2,1,0,3,0,8,2,0,10,0,0,0,10
05/08/2022,LWS,ID,ANM,WE,Federal Contract Tower,0,5,2,0,7,0,7,15,0,22,0,12,17,0,29,68,0,68,97
05/09/2022,LWS,ID,ANM,WE,Federal Contract Tower,0,8,7,0,15,0,3,27,0,30,0,11,34,0,45,0,0,0,45
05/10/2022,LWS,ID,ANM,WE,Federal Contract Tower,0,7,5,0,12,0,5,30,0,35,0,12,35,0,47,20,0,20,67
05/11/2022,LWS,ID,ANM,WE,Federal Contract Tower,0,6,10,0,16,0,4,37,0,41,0,10,47,0,57,14,0,14,71
05/12/2022,LWS,ID,ANM,WE,Federal Contract Tower,0,9,1,0,10,0,2,18,0,20,0,11,19,0,30,4,0,4,34
05/13/2022,LWS,ID,ANM,WE,Federal Contract Tower,0,8,3,0,11,0,3,71,0,74,0,11,74,0,85,4,0,4,89
05/14/2022,LWS,ID,ANM,WE,Federal Contract Tower,0,6,2,0,8,0,1,6,0,7,0,7,8,0,15,0,0,0,15
05/15/2022,LWS,ID,ANM,WE,Federal Contract Tower,0,9,4,0,13,0,9,43,0,52,0,18,47,0,65,68,0,68,133
05/16/2022,LWS,ID,ANM,WE,Federal Contract Tower,0,7,10,0,17,0,3,44,0,47,0,10,54,0,64,58,0,58,122
05/17/2022,LWS,ID,ANM,WE,Federal Contract Tower,0,9,13,0,22,0,4,64,0,68,0,13,77,0,90,34,0,34,124
05/18/2022,LWS,ID,ANM,WE,Federal Contract Tower,0,8,6,0,14,0,2,16,0,18,0,10,22,0,32,6,0,6,38
05/19/2022,LWS,ID,ANM,WE,Federal Contract Tower,0,10,6,0,16,0,4,8,0,12,0,14,14,0,28,2,0,2,30
05/20/2022,LWS,ID,ANM,WE,Federal Contract Tower,0,6,8,0,14,0,5,38,0,43,0,11,46,0,57,24,0,24,81
05/21/2022,LWS,ID,ANM,WE,Federal Contract Tower,0,5,3,0,8,0,4,29,0,33,0,9,32,0,41,44,0,44,85
05/22/2022,LWS,ID,ANM,WE,Federal Contract Tower,0,4,3,0,7,0,0,42,0,42,0,4,45,0,49,48,0,48,97
05/23/2022,LWS,ID,ANM,WE,Federal Contract Tower,0,7,3,0,10,0,9,52,0,61,0,16,55,0,71,38,0,38,109
05/24/2022,LWS,ID,ANM,WE,Federal Contract Tower,0,8,9,0,17,0,3,52,1,56,0,11,61,1,73,60,0,60,133
05/25/2022,LWS,ID,ANM,WE,Federal Contract Tower,0,7,8,0,15,0,4,41,0,45,0,11,49,0,60,104,0,104,164
05/26/2022,LWS,ID,ANM,WE,Federal Contract Tower,0,8,4,0,12,0,5,114,0,119,0,13,118,0,131,136,0,136,267
05/27/2022,LWS,ID,ANM,WE,Federal Contract Tower,0,10,11,0,21,0,2,22,0,24,0,12,33,0,45,58,0,58,103
05/28/2022,LWS,ID,ANM,WE,Federal Contract Tower,0,7,3,0,10,0,5,23,0,28,0,12,26,0,38,52,0,52,90
05/29/2022,LWS,ID,ANM,WE,Federal Contract Tower,0,9,2,0,11,0,2,55,0,57,0,11,57,0,68,8,0,8,76
05/30/2022,LWS,ID,ANM,WE,Federal Contract Tower,0,6,2,0,8,0,1,33,0,34,0,7,35,0,42,2,0,2,44
05/31/2022,LWS,ID,ANM,WE,Federal Contract Tower,0,12,6,0,18,0,5,80,2,87,0,17,86,2,105,64,0,64,169
06/01/2022,LWS,ID,ANM,WE,Federal Contract Tower,0,12,5,0,17,0,4,100,0,104,0,16,105,0,121,78,0,78,199
06/02/2022,LWS,ID,ANM,WE,Federal Contract Tower,0,10,4,0,14,0,0,84,1,85,0,10,88,1,99,36,0,36,135
06/03/2022,LWS,ID,ANM,WE,Federal Contract Tower,0,13,3,0,16,0,2,14,0,16,0,15,17,0,32,0,0,0,32
06/04/2022,LWS,ID,ANM,WE,Federal Contract Tower,0,16,2,0,18,0,2,4,0,6,0,18,6,0,24,18,0,18,42
06/05/2022,LWS,ID,ANM,WE,Federal Contract Tower,0,13,2,0,15,0,1,15,0,16,0,14,17,0,31,22,0,22,53
06/06/2022,LWS,ID,ANM,WE,Federal Contract Tower,0,11,6,0,17,0,3,42,0,45,0,14,48,0,62,14,0,14,76
06/07/2022,LWS,ID,ANM,WE,Federal Contract Tower,0,9,7,0,16,0,4,125,0,129,0,13,132,0,145,58,0,58,203
06/08/2022,LWS,ID,ANM,WE,Federal Contract Tower,0,11,5,0,16,0,3,120,0,123,0,14,125,0,139,54,0,54,193
06/09/2022,LWS,ID,ANM,WE,Federal Contract Tower,0,10,4,0,14,0,4,74,0,78,0,14,78,0,92,54,0,54,146
06/10/2022,LWS,ID,ANM,WE,Federal Contract Tower,0,11,7,0,18,0,1,12,0,13,0,12,19,0,31,0,0,0,31
06/11/2022,LWS,ID,ANM,WE,Federal Contract Tower,0,8,1,0,9,0,2,7,0,9,0,10,8,0,18,8,0,8,26
06/12/2022,LWS,ID,ANM,WE,Federal Contract Tower,2,7,5,0,14,0,2,10,0,12,2,9,15,0,26,18,0,18,44
06/13/2022,LWS,ID,ANM,WE,Federal Contract Tower,0,12,4,0,16,0,0,6,4,10,0,12,10,4,26,24,0,24,50
06/14/2022,LWS,ID,ANM,WE,Federal Contract Tower,0,11,11,0,22,0,1,31,2,34,0,12,42,2,56,2,0,2,58
06/15/2022,LWS,ID,ANM,WE,Federal Contract Tower,0,10,6,0,16,0,5,154,0,159,0,15,160,0,175,112,0,112,287
06/16/2022,LWS,ID,ANM,WE,Federal Contract Tower,0,8,4,0,12,0,13,75,0,88,0,21,79,0,100,40,0,40,140
06/17/2022,LWS,ID,ANM,WE,Federal Contract Tower,0,10,7,0,17,0,6,101,0,107,0,16,108,0,124,78,0,78,202
06/18/2022,LWS,ID,ANM,WE,Federal Contract Tower,0,11,7,0,18,0,4,10,0,14,0,15,17,0,32,4,0,4,36
06/19/2022,LWS,ID,ANM,WE,Federal Contract Tower,0,10,4,0,14,0,1,96,0,97,0,11,100,0,111,82,0,82,193
06/20/2022,LWS,ID,ANM,WE,Federal Contract Tower,0,12,9,0,21,0,3,74,0,77,0,15,83,0,98,34,0,34,132
06/21/2022,LWS,ID,ANM,WE,Federal Contract Tower,0,9,15,0,24,0,9,139,0,148,0,18,154,0,172,82,0,82,254
06/22/2022,LWS,ID,ANM,WE,Federal Contract Tower,0,8,5,0,13,0,6,88,0,94,0,14,93,0,107,50,0,50,157
06/23/2022,LWS,ID,ANM,WE,Federal Contract Tower,0,11,3,0,14,0,7,91,2,100,0,18,94,2,114,40,0,40,154
06/24/2022,LWS,ID,ANM,WE,Federal Contract Tower,0,12,0,0,12,0,3,82,0,85,0,15,82,0,97,12,0,12,109
06/25/2022,LWS,ID,ANM,WE,Federal Contract Tower,0,6,1,0,7,0,6,104,0,110,0,12,105,0,117,56,0,56,173
06/27/2022,LWS,ID,ANM,WE,Federal Contract Tower,0,10,5,0,15,0,10,50,0,60,0,20,55,0,75,56,0,56,131
06/28/2022,LWS,ID,ANM,WE,Federal Contract Tower,0,9,7,0,16,0,0,0,0,0,0,9,7,0,16,30,0,30,46
06/29/2022,LWS,ID,ANM,WE,Federal Contract Tower,0,6,3,0,9,0,6,60,0,66,0,12,63,0,75,38,0,38,113
06/30/2022,LWS,ID,ANM,WE,Federal Contract Tower,0,11,5,0,16,0,12,55,0,67,0,23,60,0,83,42,0,42,125
07/01/2022,LWS,ID,ANM,WE,Federal Contract Tower,0,11,6,0,17,0,8,68,0,76,0,19,74,0,93,12,0,12,105
07/02/2022,LWS,ID,ANM,WE,Federal Contract Tower,0,6,3,0,9,0,3,45,0,48,0,9,48,0,57,44,0,44,101
07/03/2022,LWS,ID,ANM,WE,Federal Contract Tower,0,8,2,0,10,0,7,33,0,40,0,15,35,0,50,28,0,28,78
07/04/2022,LWS,ID,ANM,WE,Federal Contract Tower,0,6,3,0,9,0,3,18,0,21,0,9,21,0,30,4,0,4,34
07/05/2022,LWS,ID,ANM,WE,Federal Contract Tower,2,13,3,0,18,0,4,34,0,38,2,17,37,0,56,24,0,24,80
07/06/2022,LWS,ID,ANM,WE,Federal Contract Tower,0,10,5,0,15,0,6,33,0,39,0,16,38,0,54,28,0,28,82
07/07/2022,LWS,ID,ANM,WE,Federal Contract Tower,0,9,3,0,12,0,1,23,0,24,0,10,26,0,36,8,0,8,44
07/08/2022,LWS,ID,ANM,WE,Federal Contract Tower,0,11,3,0,14,0,1,38,0,39,0,12,41,0,53,22,0,22,75
07/09/2022,LWS,ID,ANM,WE,Federal Contract Tower,0,8,6,0,14,0,5,54,0,59,0,13,60,0,73,28,0,28,101
07/10/2022,LWS,ID,ANM,WE,Federal Contract Tower,0,9,3,0,12,0,5,43,2,50,0,14,46,2,62,38,0,38,100
07/11/2022,LWS,ID,ANM,WE,Federal Contract Tower,0,9,1,0,10,0,4,30,0,34,0,13,31,0,44,42,0,42,86
07/12/2022,LWS,ID,ANM,WE,Federal Contract Tower,0,7,5,0,12,0,9,39,0,48,0,16,44,0,60,20,0,20,80
07/13/2022,LWS,ID,ANM,WE,Federal Contract Tower,0,9,3,0,12,0,3,31,0,34,0,12,34,0,46,32,0,32,78
07/14/2022,LWS,ID,ANM,WE,Federal Contract Tower,0,10,5,0,15,0,9,36,0,45,0,19,41,0,60,36,0,36,96
07/15/2022,LWS,ID,ANM,WE,Federal Contract Tower,0,13,3,0,16,0,11,20,0,31,0,24,23,0,47,18,0,18,65
07/16/2022,LWS,ID,ANM,WE,Federal Contract Tower,0,6,5,0,11,0,8,51,0,59,0,14,56,0,70,14,0,14,84
07/17/2022,LWS,ID,ANM,WE,Federal Contract Tower,0,6,8,0,14,0,5,43,0,48,0,11,51,0,62,54,0,54,116
07/18/2022,LWS,ID,ANM,WE,Federal Contract Tower,0,9,7,0,16,0,2,54,0,56,0,11,61,0,72,28,0,28,100
07/19/2022,LWS,ID,ANM,WE,Federal Contract Tower,0,12,4,0,16,0,6,39,0,45,0,18,43,0,61,14,0,14,75
07/20/2022,LWS,ID,ANM,WE,Federal Contract Tower,0,10,8,0,18,0,8,63,0,71,0,18,71,0,89,74,0,74,163
07/21/2022,LWS,ID,ANM,WE,Federal Contract Tower,0,11,6,0,17,0,4,44,0,48,0,15,50,0,65,30,0,30,95
07/22/2022,LWS,ID,ANM,WE,Federal Contract Tower,0,10,4,0,14,0,7,38,0,45,0,17,42,0,59,36,0,36,95
07/23/2022,LWS,ID,ANM,WE,Federal Contract Tower,0,7,3,0,10,0,6,44,0,50,0,13,47,0,60,30,0,30,90
07/24/2022,LWS,ID,ANM,WE,Federal Contract Tower,0,6,5,0,11,0,10,41,0,51,0,16,46,0,62,52,0,52,114
07/25/2022,LWS,ID,ANM,WE,Federal Contract Tower,0,13,2,0,15,0,11,36,2,49,0,24,38,2,64,32,0,32,96
07/26/2022,LWS,ID,ANM,WE,Federal Contract Tower,0,10,8,0,18,0,4,32,0,36,0,14,40,0,54,42,0,42,96
07/27/2022,LWS,ID,ANM,WE,Federal Contract Tower,0,12,6,0,18,0,5,31,0,36,0,17,37,0,54,18,0,18,72
07/28/2022,LWS,ID,ANM,WE,Federal Contract Tower,0,10,8,0,18,0,8,35,2,45,0,18,43,2,63,52,0,52,115
07/29/2022,LWS,ID,ANM,WE,Federal Contract Tower,0,15,9,0,24,0,6,21,0,27,0,21,30,0,51,4,0,4,55
07/30/2022,LWS,ID,ANM,WE,Federal Contract Tower,0,6,2,0,8,0,3,31,2,36,0,9,33,2,44,16,6,22,66
07/31/2022,LWS,ID,ANM,WE,Federal Contract Tower,0,9,5,0,14,0,5,21,0,26,0,14,26,0,40,28,0,28,68
08/01/2022,LWS,ID,ANM,WE,Federal Contract Tower,0,9,5,0,14,0,8,11,0,19,0,17,16,0,33,4,0,4,37
08/02/2022,LWS,ID,ANM,WE,Federal Contract Tower,0,9,6,0,15,0,12,19,0,31,0,21,25,0,46,58,0,58,104
08/03/2022,LWS,ID,ANM,WE,Federal Contract Tower,0,10,5,0,15,0,13,25,0,38,0,23,30,0,53,46,0,46,99
08/04/2022,LWS,ID,ANM,WE,Federal Contract Tower,0,10,5,0,15,0,4,28,0,32,0,14,33,0,47,30,0,30,77
08/05/2022,LWS,ID,ANM,WE,Federal Contract Tower,0,9,10,0,19,0,2,48,0,50,0,11,58,0,69,10,0,10,79
08/06/2022,LWS,ID,ANM,WE,Federal Contract Tower,0,6,14,0,20,0,4,57,0,61,0,10,71,0,81,38,0,38,119
08/07/2022,LWS,ID,ANM,WE,Federal Contract Tower,0,6,2,0,8,0,6,40,0,46,0,12,42,0,54,54,0,54,108
08/08/2022,LWS,ID,ANM,WE,Federal Contract Tower,0,9,2,0,11,0,1,23,0,24,0,10,25,0,35,42,0,42,77
08/09/2022,LWS,ID,ANM,WE,Federal Contract Tower,2,11,6,0,19,0,2,20,0,22,2,13,26,0,41,14,0,14,55
08/10/2022,LWS,ID,ANM,WE,Federal Contract Tower,0,12,2,0,14,0,4,33,0,37,0,16,35,0,51,28,0,28,79
08/11/2022,LWS,ID,ANM,WE,Federal Contract Tower,0,10,4,0,14,0,6,17,0,23,0,16,21,0,37,20,0,20,57
08/12/2022,LWS,ID,ANM,WE,Federal Contract Tower,0,10,5,0,15,0,2,26,0,28,0,12,31,0,43,24,0,24,67
08/13/2022,LWS,ID,ANM,WE,Federal Contract Tower,0,6,5,0,11,0,3,47,0,50,0,9,52,0,61,32,0,32,93
08/14/2022,LWS,ID,ANM,WE,Federal Contract Tower,0,8,2,0,10,0,4,45,0,49,0,12,47,0,59,38,0,38,97
08/15/2022,LWS,ID,ANM,WE,Federal Contract Tower,0,6,4,0,10,0,11,39,0,50,0,17,43,0,60,96,0,96,156
08/16/2022,LWS,ID,ANM,WE,Federal Contract Tower,0,10,3,0,13,0,6,31,0,37,0,16,34,0,50,58,0,58,108
08/17/2022,LWS,ID,ANM,WE,Federal Contract Tower,0,10,10,0,20,0,2,33,0,35,0,12,43,0,55,22,0,22,77
08/18/2022,LWS,ID,ANM,WE,Federal Contract Tower,0,8,9,0,17,0,5,35,2,42,0,13,44,2,59,42,0,42,101
08/19/2022,LWS,ID,ANM,WE,Federal Contract Tower,0,11,8,0,19,0,0,0,0,0,0,11,8,0,19,26,0,26,45
08/20/2022,LWS,ID,ANM,WE,Federal Contract Tower,0,7,2,0,9,0,4,31,0,35,0,11,33,0,44,12,0,12,56
08/21/2022,LWS,ID,ANM,WE,Federal Contract Tower,0,7,6,0,13,0,2,44,0,46,0,9,50,0,59,18,0,18,77
08/22/2022,LWS,ID,ANM,WE,Federal Contract Tower,0,10,4,0,14,0,5,9,0,14,0,15,13,0,28,16,0,16,44
08/23/2022,LWS,ID,ANM,WE,Federal Contract Tower,0,6,2,0,8,0,3,46,0,49,0,9,48,0,57,46,0,46,103
08/24/2022,LWS,ID,ANM,WE,Federal Contract Tower,0,10,5,0,15,0,7,50,0,57,0,17,55,0,72,36,0,36,108
08/25/2022,LWS,ID,ANM,WE,Federal Contract Tower,0,10,17,0,27,0,2,57,0,59,0,12,74,0,86,28,0,28,114
08/26/2022,LWS,ID,ANM,WE,Federal Contract Tower,0,10,3,0,13,0,3,45,0,48,0,13,48,0,61,62,0,62,123
08/27/2022,LWS,ID,ANM,WE,Federal Contract Tower,0,5,4,0,9,0,6,15,0,21,0,11,19,0,30,24,0,24,54
08/28/2022,LWS,ID,ANM,WE,Federal Contract Tower,0,5,2,0,7,0,3,47,0,50,0,8,49,0,57,24,0,24,81
08/29/2022,LWS,ID,ANM,WE,Federal Contract Tower,0,8,3,0,11,0,4,34,0,38,0,12,37,0,49,20,0,20,69
08/30/2022,LWS,ID,ANM,WE,Federal Contract Tower,0,11,2,0,13,0,5,49,0,54,0,16,51,0,67,40,0,40,107
08/31/2022,LWS,ID,ANM,WE,Federal Contract Tower,0,10,2,0,12,0,4,40,0,44,0,14,42,0,56,86,0,86,142
09/01/2022,LWS,ID,ANM,WE,Federal Contract Tower,0,7,4,0,11,0,5,41,0,46,0,12,45,0,57,72,0,72,129
09/02/2022,LWS,ID,ANM,WE,Federal Contract Tower,2,4,5,0,11,0,6,30,0,36,2,10,35,0,47,58,0,58,105
09/03/2022,LWS,ID,ANM,WE,Federal Contract Tower,0,6,3,0,9,0,3,24,0,27,0,9,27,0,36,60,0,60,96
09/04/2022,LWS,ID,ANM,WE,Federal Contract Tower,0,7,4,0,11,0,7,36,0,43,0,14,40,0,54,60,0,60,114
09/05/2022,LWS,ID,ANM,WE,Federal Contract Tower,0,6,7,0,13,0,4,53,0,57,0,10,60,0,70,68,0,68,138
09/06/2022,LWS,ID,ANM,WE,Federal Contract Tower,0,16,3,0,19,0,0,37,0,37,0,16,40,0,56,18,0,18,74
09/07/2022,LWS,ID,ANM,WE,Federal Contract Tower,0,10,8,0,18,0,2,26,0,28,0,12,34,0,46,34,0,34,80
09/08/2022,LWS,ID,ANM,WE,Federal Contract Tower,0,12,7,0,19,0,2,42,0,44,0,14,49,0,63,68,0,68,131
09/09/2022,LWS,ID,ANM,WE,Federal Contract Tower,0,8,10,0,18,0,2,49,0,51,0,10,59,0,69,20,0,20,89
09/10/2022,LWS,ID,ANM,WE,Federal Contract Tower,0,9,15,0,24,0,0,56,0,56,0,9,71,0,80,44,0,44,124
09/11/2022,LWS,ID,ANM,WE,Federal Contract Tower,0,8,12,0,20,0,0,2,0,2,0,8,14,0,22,0,0,0,22
09/12/2022,LWS,ID,ANM,WE,Federal Contract Tower,0,14,19,0,33,0,0,0,0,0,0,14,19,0,33,0,0,0,33
09/13/2022,LWS,ID,ANM,WE,Federal Contract Tower,0,12,16,0,28,0,0,3,0,3,0,12,19,0,31,0,0,0,31
09/14/2022,LWS,ID,ANM,WE,Federal Contract Tower,0,12,7,0,19,0,0,32,0,32,0,12,39,0,51,22,0,22,73
09/15/2022,LWS,ID,ANM,WE,Federal Contract Tower,0,10,14,0,24,0,3,24,0,27,0,13,38,0,51,20,0,20,71
09/16/2022,LWS,ID,ANM,WE,Federal Contract Tower,0,13,4,0,17,0,1,27,0,28,0,14,31,0,45,30,0,30,75
09/17/2022,LWS,ID,ANM,WE,Federal Contract Tower,0,9,0,0,9,0,2,27,0,29,0,11,27,0,38,32,0,32,70
09/18/2022,LWS,ID,ANM,WE,Federal Contract Tower,0,11,8,0,19,0,1,16,0,17,0,12,24,0,36,34,0,34,70
09/19/2022,LWS,ID,ANM,WE,Federal Contract Tower,0,9,1,0,10,0,4,38,0,42,0,13,39,0,52,76,0,76,128
09/20/2022,LWS,ID,ANM,WE,Federal Contract Tower,0,8,3,0,11,0,6,23,0,29,0,14,26,0,40,24,0,24,64
09/21/2022,LWS,ID,ANM,WE,Federal Contract Tower,0,12,10,2,24,0,3,23,2,28,0,15,33,4,52,4,0,4,56
09/22/2022,LWS,ID,ANM,WE,Federal Contract Tower,0,11,11,0,22,0,1,10,0,11,0,12,21,0,33,4,0,4,37
09/23/2022,LWS,ID,ANM,WE,Federal Contract Tower,2,10,5,0,17,0,9,42,2,53,2,19,47,2,70,28,0,28,98
09/24/2022,LWS,ID,ANM,WE,Federal Contract Tower,0,6,6,0,12,0,5,53,0,58,0,11,59,0,70,22,0,22,92
09/25/2022,LWS,ID,ANM,WE,Federal Contract Tower,0,6,7,0,13,0,16,40,0,56,0,22,47,0,69,22,0,22,91
09/26/2022,LWS,ID,ANM,WE,Federal Contract Tower,0,9,5,0,14,0,3,49,0,52,0,12,54,0,66,22,0,22,88
09/27/2022,LWS,ID,ANM,WE,Federal Contract Tower,0,11,9,0,20,0,5,45,0,50,0,16,54,0,70,78,0,78,148
09/28/2022,LWS,ID,ANM,WE,Federal Contract Tower,0,11,11,0,22,0,4,35,0,39,0,15,46,0,61,46,0,46,107
09/29/2022,LWS,ID,ANM,WE,Federal Contract Tower,0,14,13,0,27,0,0,2,0,2,0,14,15,0,29,0,0,0,29
09/30/2022,LWS,ID,ANM,WE,Federal Contract Tower,2,11,10,0,23,0,1,27,0,28,2,12,37,0,51,48,0,48,99
10/01/2022,LWS,ID,ANM,WE,Federal Contract Tower,0,6,4,0,10,0,0,0,0,0,0,6,4,0,10,18,0,18,28
10/02/2022,LWS,ID,ANM,WE,Federal Contract Tower,0,6,4,0,10,0,2,40,0,42,0,8,44,0,52,68,0,68,120
10/03/2022,LWS,ID,ANM,WE,Federal Contract Tower,0,10,5,1,16,0,2,40,1,43,0,12,45,2,59,68,2,70,129
10/04/2022,LWS,ID,ANM,WE,Federal Contract Tower,0,10,13,0,23,0,4,33,0,37,0,14,46,0,60,4,0,4,64
10/05/2022,LWS,ID,ANM,WE,Federal Contract Tower,0,11,7,0,18,0,4,51,0,55,0,15,58,0,73,70,0,70,143
10/06/2022,LWS,ID,ANM,WE,Federal Contract Tower,2,9,13,0,24,0,13,43,0,56,2,22,56,0,80,34,0,34,114
10/07/2022,LWS,ID,ANM,WE,Federal Contract Tower,2,9,7,0,18,0,1,46,0,47,2,10,53,0,65,52,0,52,117
10/08/2022,LWS,ID,ANM,WE,Federal Contract Tower,2,7,2,0,11,0,5,59,0,64,2,12,61,0,75,24,0,24,99
10/09/2022,LWS,ID,ANM,WE,Federal Contract Tower,2,5,4,0,11,0,1,54,0,55,2,6,58,0,66,14,0,14,80
10/10/2022,LWS,ID,ANM,WE,Federal Contract Tower,2,6,4,0,12,0,4,29,0,33,2,10,33,0,45,68,0,68,113
10/11/2022,LWS,ID,ANM,WE,Federal Contract Tower,2,7,4,0,13,0,2,31,0,33,2,9,35,0,46,8,0,8,54
10/12/2022,LWS,ID,ANM,WE,Federal Contract Tower,2,7,2,0,11,0,4,50,0,54,2,11,52,0,65,30,0,30,95
10/13/2022,LWS,ID,ANM,WE,Federal Contract Tower,2,5,1,0,8,0,9,32,0,41,2,14,33,0,49,14,0,14,63
10/14/2022,LWS,ID,ANM,WE,Federal Contract Tower,2,6,2,0,10,0,4,23,0,27,2,10,25,0,37,50,0,50,87
10/15/2022,LWS,ID,ANM,WE,Federal Contract Tower,2,4,10,0,16,0,0,40,0,40,2,4,50,0,56,60,0,60,116
10/16/2022,LWS,ID,ANM,WE,Federal Contract Tower,2,3,1,0,6,0,0,0,0,0,2,3,1,0,6,8,0,8,14
10/17/2022,LWS,ID,ANM,WE,Federal Contract Tower,2,6,7,0,15,0,2,37,0,39,2,8,44,0,54,34,0,34,88
10/18/2022,LWS,ID,ANM,WE,Federal Contract Tower,2,5,7,0,14,0,3,51,0,54,2,8,58,0,68,14,0,14,82
10/19/2022,LWS,ID,ANM,WE,Federal Contract Tower,2,5,13,0,20,0,12,42,0,54,2,17,55,0,74,28,0,28,102
10/20/2022,LWS,ID,ANM,WE,Federal Contract Tower,2,7,8,0,17,0,6,40,0,46,2,13,48,0,63,8,0,8,71
10/21/2022,LWS,ID,ANM,WE,Federal Contract Tower,2,11,6,0,19,0,0,5,2,7,2,11,11,2,26,52,0,52,78
10/22/2022,LWS,ID,ANM,WE,Federal Contract Tower,2,7,1,0,10,0,0,0,0,0,2,7,1,0,10,28,0,28,38
10/23/2022,LWS,ID,ANM,WE,Federal Contract Tower,2,3,6,0,11,0,5,28,0,33,2,8,34,0,44,20,0,20,64
10/24/2022,LWS,ID,ANM,WE,Federal Contract Tower,2,9,4,0,15,0,2,2,0,4,2,11,6,0,19,0,0,0,19
10/25/2022,LWS,ID,ANM,WE,Federal Contract Tower,2,8,11,0,21,0,2,21,0,23,2,10,32,0,44,34,0,34,78
10/26/2022,LWS,ID,ANM,WE,Federal Contract Tower,4,7,12,0,23,0,2,12,0,14,4,9,24,0,37,66,0,66,103
10/27/2022,LWS,ID,ANM,WE,Federal Contract Tower,2,5,13,0,20,0,8,34,0,42,2,13,47,0,62,12,0,12,74
10/28/2022,LWS,ID,ANM,WE,Federal Contract Tower,2,5,5,0,12,0,3,16,2,21,2,8,21,2,33,16,0,16,49
10/29/2022,LWS,ID,ANM,WE,Federal Contract Tower,2,7,3,0,12,0,1,23,0,24,2,8,26,0,36,30,0,30,66
10/30/2022,LWS,ID,ANM,WE,Federal Contract Tower,2,6,5,0,13,0,0,0,0,0,2,6,5,0,13,14,0,14,27
10/31/2022,LWS,ID,ANM,WE,Federal Contract Tower,2,7,9,0,18,0,3,9,0,12,2,10,18,0,30,6,0,6,36
11/01/2022,LWS,ID,ANM,WE,Federal Contract Tower,2,9,10,0,21,0,0,1,0,1,2,9,11,0,22,0,0,0,22
11/02/2022,LWS,ID,ANM,WE,Federal Contract Tower,2,9,4,0,15,0,0,0,0,0,2,9,4,0,15,10,0,10,25
11/03/2022,LWS,ID,ANM,WE,Federal Contract Tower,2,6,10,0,18,0,7,6,0,13,2,13,16,0,31,22,0,22,53
11/04/2022,LWS,ID,ANM,WE,Federal Contract Tower,2,7,6,0,15,0,0,0,0,0,2,7,6,0,15,0,0,0,15
11/05/2022,LWS,ID,ANM,WE,Federal Contract Tower,2,2,3,0,7,0,2,2,0,4,2,4,5,0,11,0,0,0,11
11/06/2022,LWS,ID,ANM,WE,Federal Contract Tower,2,3,11,0,16,0,3,11,0,14,2,6,22,0,30,0,0,0,30
11/07/2022,LWS,ID,ANM,WE,Federal Contract Tower,2,8,4,0,14,0,1,14,0,15,2,9,18,0,29,12,0,12,41
11/08/2022,LWS,ID,ANM,WE,Federal Contract Tower,2,6,1,0,9,0,2,29,0,31,2,8,30,0,40,12,0,12,52
11/09/2022,LWS,ID,ANM,WE,Federal Contract Tower,2,6,8,0,16,0,3,21,0,24,2,9,29,0,40,2,0,2,42
11/10/2022,LWS,ID,ANM,WE,Federal Contract Tower,2,6,5,0,13,0,4,43,0,47,2,10,48,0,60,46,0,46,106
11/11/2022,LWS,ID,ANM,WE,Federal Contract Tower,4,6,5,0,15,0,2,28,0,30,4,8,33,0,45,56,0,56,101
11/12/2022,LWS,ID,ANM,WE,Federal Contract Tower,4,4,1,0,9,0,3,38,0,41,4,7,39,0,50,90,0,90,140
11/13/2022,LWS,ID,ANM,WE,Federal Contract Tower,2,5,10,0,17,0,0,19,0,19,2,5,29,0,36,26,0,26,62
11/14/2022,LWS,ID,ANM,WE,Federal Contract Tower,2,7,9,0,18,0,3,12,0,15,2,10,21,0,33,14,0,14,47
11/15/2022,LWS,ID,ANM,WE,Federal Contract Tower,2,10,9,0,21,0,6,21,0,27,2,16,30,0,48,14,0,14,62
11/16/2022,LWS,ID,ANM,WE,Federal Contract Tower,2,8,7,0,17,0,0,0,0,0,2,8,7,0,17,0,0,0,17
11/17/2022,LWS,ID,ANM,WE,Federal Contract Tower,2,9,15,0,26,0,1,22,0,23,2,10,37,0,49,76,0,76,125
11/18/2022,LWS,ID,ANM,WE,Federal Contract Tower,2,7,8,0,17,0,2,20,0,22,2,9,28,0,39,8,0,8,47
11/19/2022,LWS,ID,ANM,WE,Federal Contract Tower,2,2,4,0,8,0,0,31,0,31,2,2,35,0,39,32,0,32,71
11/20/2022,LWS,ID,ANM,WE,Federal Contract Tower,2,2,3,0,7,0,8,24,0,32,2,10,27,0,39,98,0,98,137
11/21/2022,LWS,ID,ANM,WE,Federal Contract Tower,2,5,6,0,13,0,9,25,0,34,2,14,31,0,47,26,0,26,73
11/22/2022,LWS,ID,ANM,WE,Federal Contract Tower,2,6,1,0,9,0,1,2,0,3,2,7,3,0,12,0,0,0,12
11/23/2022,LWS,ID,ANM,WE,Federal Contract Tower,2,10,8,0,20,0,0,34,0,34,2,10,42,0,54,84,0,84,138
11/24/2022,LWS,ID,ANM,WE,Federal Contract Tower,2,4,4,0,10,0,0,6,0,6,2,4,10,0,16,0,0,0,16
11/25/2022,LWS,ID,ANM,WE,Federal Contract Tower,4,7,5,0,16,0,2,10,0,12,4,9,15,0,28,10,0,10,38
11/26/2022,LWS,ID,ANM,WE,Federal Contract Tower,2,4,1,0,7,0,0,29,0,29,2,4,30,0,36,50,0,50,86
11/27/2022,LWS,ID,ANM,WE,Federal Contract Tower,2,6,0,0,8,0,1,2,0,3,2,7,2,0,11,0,0,0,11
11/28/2022,LWS,ID,ANM,WE,Federal Contract Tower,7,7,5,0,19,0,0,7,0,7,7,7,12,0,26,0,0,0,26
11/29/2022,LWS,ID,ANM,WE,Federal Contract Tower,2,6,7,6,21,0,0,9,0,9,2,6,16,6,30,4,0,4,34
11/30/2022,LWS,ID,ANM,WE,Federal Contract Tower,2,7,11,0,20,0,2,11,0,13,2,9,22,0,33,0,0,0,33
12/01/2022,LWS,ID,ANM,WE,Federal Contract Tower,2,9,6,0,17,0,1,10,0,11,2,10,16,0,28,2,0,2,30
12/02/2022,LWS,ID,ANM,WE,Federal Contract Tower,2,7,9,0,18,0,6,8,0,14,2,13,17,0,32,0,0,0,32
12/03/2022,LWS,ID,ANM,WE,Federal Contract Tower,2,2,5,0,9,0,9,21,0,30,2,11,26,0,39,26,0,26,65
12/04/2022,LWS,ID,ANM,WE,Federal Contract Tower,2,3,5,0,10,0,0,0,0,0,2,3,5,0,10,0,0,0,10
12/05/2022,LWS,ID,ANM,WE,Federal Contract Tower,2,8,4,0,14,0,0,3,0,3,2,8,7,0,17,20,0,20,37
12/06/2022,LWS,ID,ANM,WE,Federal Contract Tower,2,6,10,0,18,0,1,22,0,23,2,7,32,0,41,80,0,80,121
12/07/2022,LWS,ID,ANM,WE,Federal Contract Tower,4,5,3,0,12,0,0,0,0,0,4,5,3,0,12,0,0,0,12
12/08/2022,LWS,ID,ANM,WE,Federal Contract Tower,2,9,9,0,20,0,4,18,0,22,2,13,27,0,42,10,0,10,52
12/09/2022,LWS,ID,ANM,WE,Federal Contract Tower,2,8,1,0,11,0,3,6,0,9,2,11,7,0,20,14,0,14,34
12/10/2022,LWS,ID,ANM,WE,Federal Contract Tower,2,3,2,0,7,0,2,7,0,9,2,5,9,0,16,52,0,52,68
12/11/2022,LWS,ID,ANM,WE,Federal Contract Tower,4,0,6,0,10,0,2,9,0,11,4,2,15,0,21,42,0,42,63
12/12/2022,LWS,ID,ANM,WE,Federal Contract Tower,4,9,10,0,23,0,0,0,0,0,4,9,10,0,23,0,0,0,23
12/13/2022,LWS,ID,ANM,WE,Federal Contract Tower,2,20,14,0,36,0,1,8,0,9,2,21,22,0,45,0,0,0,45
12/14/2022,LWS,ID,ANM,WE,Federal Contract Tower,2,6,3,0,11,0,0,0,0,0,2,6,3,0,11,0,0,0,11
12/15/2022,LWS,ID,ANM,WE,Federal Contract Tower,2,12,11,0,25,0,0,3,0,3,2,12,14,0,28,2,0,2,30
12/16/2022,LWS,ID,ANM,WE,Federal Contract Tower,2,11,7,0,20,0,3,10,0,13,2,14,17,0,33,54,0,54,87
12/17/2022,LWS,ID,ANM,WE,Federal Contract Tower,2,5,0,0,7,0,0,16,0,16,2,5,16,0,23,4,0,4,27
12/18/2022,LWS,ID,ANM,WE,Federal Contract Tower,2,4,5,0,11,0,0,5,0,5,2,4,10,0,16,8,0,8,24
12/19/2022,LWS,ID,ANM,WE,Federal Contract Tower,4,2,3,0,9,0,0,0,0,0,4,2,3,0,9,4,0,4,13
12/20/2022,LWS,ID,ANM,WE,Federal Contract Tower,2,11,3,0,16,0,0,6,0,6,2,11,9,0,22,2,0,2,24
12/21/2022,LWS,ID,ANM,WE,Federal Contract Tower,2,10,8,0,20,0,6,11,0,17,2,16,19,0,37,20,0,20,57
12/22/2022,LWS,ID,ANM,WE,Federal Contract Tower,2,8,4,0,14,0,1,6,0,7,2,9,10,0,21,0,0,0,21
12/23/2022,LWS,ID,ANM,WE,Federal Contract Tower,2,3,2,0,7,0,0,0,0,0,2,3,2,0,7,0,0,0,7
12/24/2022,LWS,ID,ANM,WE,Federal Contract Tower,2,7,1,0,10,0,0,0,0,0,2,7,1,0,10,0,0,0,10
12/25/2022,LWS,ID,ANM,WE,Federal Contract Tower,2,4,0,0,6,0,0,0,0,0,2,4,0,0,6,0,0,0,6
12/26/2022,LWS,ID,ANM,WE,Federal Contract Tower,2,6,5,0,13,0,0,7,0,7,2,6,12,0,20,0,0,0,20
12/27/2022,LWS,ID,ANM,WE,Federal Contract Tower,2,7,2,0,11,0,2,8,0,10,2,9,10,0,21,30,0,30,51
12/28/2022,LWS,ID,ANM,WE,Federal Contract Tower,2,9,1,0,12,0,1,12,0,13,2,10,13,0,25,38,0,38,63
12/29/2022,LWS,ID,ANM,WE,Federal Contract Tower,2,9,2,0,13,0,0,24,0,24,2,9,26,0,37,36,0,36,73
12/30/2022,LWS,ID,ANM,WE,Federal Contract Tower,2,5,2,0,9,0,0,15,0,15,2,5,17,0,24,18,0,18,42
01/01/2023,LWS,ID,ANM,WE,Federal Contract Tower,2,2,3,0,7,0,0,11,0,11,2,2,14,0,18,0,0,0,18
01/02/2023,LWS,ID,ANM,WE,Federal Contract Tower,2,6,5,0,13,0,0,20,0,20,2,6,25,0,33,60,0,60,93
01/03/2023,LWS,ID,ANM,WE,Federal Contract Tower,2,9,4,0,15,0,1,8,0,9,2,10,12,0,24,10,0,10,34
01/04/2023,LWS,ID,ANM,WE,Federal Contract Tower,2,5,6,0,13,0,6,32,0,38,2,11,38,0,51,20,0,20,71
01/05/2023,LWS,ID,ANM,WE,Federal Contract Tower,2,6,8,0,16,0,7,18,0,25,2,13,26,0,41,16,0,16,57
01/06/2023,LWS,ID,ANM,WE,Federal Contract Tower,2,7,3,0,12,0,3,30,0,33,2,10,33,0,45,42,0,42,87
01/07/2023,LWS,ID,ANM,WE,Federal Contract Tower,2,5,0,0,7,0,3,37,0,40,2,8,37,0,47,36,0,36,83
01/08/2023,LWS,ID,ANM,WE,Federal Contract Tower,2,7,0,0,9,0,0,14,0,14,2,7,14,0,23,34,0,34,57
01/09/2023,LWS,ID,ANM,WE,Federal Contract Tower,2,7,1,0,10,0,0,2,0,2,2,7,3,0,12,6,0,6,18
01/10/2023,LWS,ID,ANM,WE,Federal Contract Tower,4,6,9,0,19,0,0,8,0,8,4,6,17,0,27,26,0,26,53
01/11/2023,LWS,ID,ANM,WE,Federal Contract Tower,2,12,9,0,23,0,0,11,0,11,2,12,20,0,34,32,0,32,66
01/12/2023,LWS,ID,ANM,WE,Federal Contract Tower,2,4,4,0,10,0,3,0,0,3,2,7,4,0,13,14,0,14,27
01/13/2023,LWS,ID,ANM,WE,Federal Contract Tower,2,5,9,0,16,0,2,18,0,20,2,7,27,0,36,76,0,76,112
01/14/2023,LWS,ID,ANM,WE,Federal Contract Tower,2,3,3,0,8,0,0,0,0,0,2,3,3,0,8,50,0,50,58
01/15/2023,LWS,ID,ANM,WE,Federal Contract Tower,2,11,3,0,16,0,1,32,0,33,2,12,35,0,49,38,0,38,87
01/16/2023,LWS,ID,ANM,WE,Federal Contract Tower,2,8,1,0,11,0,0,15,0,15,2,8,16,0,26,84,0,84,110
01/17/2023,LWS,ID,ANM,WE,Federal Contract Tower,2,4,12,0,18,0,0,7,0,7,2,4,19,0,25,12,0,12,37
01/18/2023,LWS,ID,ANM,WE,Federal Contract Tower,2,8,4,0,14,0,0,6,0,6,2,8,10,0,20,20,0,20,40
01/19/2023,LWS,ID,ANM,WE,Federal Contract Tower,2,10,4,0,16,0,3,26,0,29,2,13,30,0,45,42,0,42,87
01/20/2023,LWS,ID,ANM,WE,Federal Contract Tower,2,6,3,0,11,0,0,0,0,0,2,6,3,0,11,44,0,44,55
01/21/2023,LWS,ID,ANM,WE,Federal Contract Tower,2,3,3,0,8,0,0,33,0,33,2,3,36,0,41,68,0,68,109
01/22/2023,LWS,ID,ANM,WE,Federal Contract Tower,2,4,0,0,6,0,0,7,0,7,2,4,7,0,13,26,0,26,39
01/23/2023,LWS,ID,ANM,WE,Federal Contract Tower,2,6,1,0,9,0,1,18,0,19,2,7,19,0,28,2,0,2,30
01/24/2023,LWS,ID,ANM,WE,Federal Contract Tower,2,10,9,0,21,0,3,18,0,21,2,13,27,0,42,20,0,20,62
01/25/2023,LWS,ID,ANM,WE,Federal Contract Tower,2,8,5,0,15,0,1,6,0,7,2,9,11,0,22,20,0,20,42
01/26/2023,LWS,ID,ANM,WE,Federal Contract Tower,2,7,3,0,12,0,5,11,0,16,2,12,14,0,28,24,0,24,52
01/27/2023,LWS,ID,ANM,WE,Federal Contract Tower,2,8,4,0,14,0,1,1,0,2,2,9,5,0,16,52,0,52,68
01/28/2023,LWS,ID,ANM,WE,Federal Contract Tower,2,4,5,0,11,0,0,2,0,2,2,4,7,0,13,0,0,0,13
01/29/2023,LWS,ID,ANM,WE,Federal Contract Tower,2,2,3,0,7,0,2,23,0,25,2,4,26,0,32,56,0,56,88
01/30/2023,LWS,ID,ANM,WE,Federal Contract Tower,2,5,0,0,7,0,0,32,0,32,2,5,32,0,39,40,0,40,79
01/31/2023,LWS,ID,ANM,WE,Federal Contract Tower,2,7,6,0,15,0,2,1,0,3,2,9,7,0,18,2,0,2,20
02/01/2023,LWS,ID,ANM,WE,Federal Contract Tower,2,6,2,0,10,0,8,13,0,21,2,14,15,0,31,4,0,4,35
02/02/2023,LWS,ID,ANM,WE,Federal Contract Tower,2,6,9,0,17,0,5,27,0,32,2,11,36,0,49,0,0,0,49
02/03/2023,LWS,ID,ANM,WE,Federal Contract Tower,2,5,1,0,8,0,2,8,2,12,2,7,9,2,20,0,0,0,20
02/04/2023,LWS,ID,ANM,WE,Federal Contract Tower,2,6,2,0,10,0,0,24,0,24,2,6,26,0,34,82,0,82,116
02/05/2023,LWS,ID,ANM,WE,Federal Contract Tower,2,5,2,0,9,0,0,5,0,5,2,5,7,0,14,38,0,38,52
02/06/2023,LWS,ID,ANM,WE,Federal Contract Tower,2,8,6,0,16,0,1,24,0,25,2,9,30,0,41,52,0,52,93
02/07/2023,LWS,ID,ANM,WE,Federal Contract Tower,2,6,6,0,14,0,1,3,0,4,2,7,9,0,18,4,0,4,22
02/08/2023,LWS,ID,ANM,WE,Federal Contract Tower,2,7,5,0,14,0,1,19,0,20,2,8,24,0,34,62,0,62,96
02/09/2023,LWS,ID,ANM,WE,Federal Contract Tower,2,7,2,0,11,0,0,29,0,29,2,7,31,0,40,16,0,16,56
02/10/2023,LWS,ID,ANM,WE,Federal Contract Tower,2,6,4,0,12,0,7,30,0,37,2,13,34,0,49,26,0,26,75
02/11/2023,LWS,ID,ANM,WE,Federal Contract Tower,2,3,5,0,10,0,2,44,0,46,2,5,49,0,56,82,0,82,138
02/12/2023,LWS,ID,ANM,WE,Federal Contract Tower,2,5,2,0,9,0,8,35,0,43,2,13,37,0,52,26,0,26,78
02/13/2023,LWS,ID,ANM,WE,Federal Contract Tower,2,6,4,0,12,0,2,0,0,2,2,8,4,0,14,0,0,0,14
02/14/2023,LWS,ID,ANM,WE,Federal Contract Tower,2,9,4,0,15,0,4,23,0,27,2,13,27,0,42,32,0,32,74
02/15/2023,LWS,ID,ANM,WE,Federal Contract Tower,2,7,10,0,19,0,4,33,0,37,2,11,43,0,56,70,0,70,126
02/16/2023,LWS,ID,ANM,WE,Federal Contract Tower,2,5,5,0,12,0,9,30,0,39,2,14,35,0,51,0,0,0,51
02/17/2023,LWS,ID,ANM,WE,Federal Contract Tower,2,5,5,0,12,0,3,33,0,36,2,8,38,0,48,52,0,52,100
02/18/2023,LWS,ID,ANM,WE,Federal Contract Tower,2,4,1,0,7,0,0,50,0,50,2,4,51,0,57,30,0,30,87
02/19/2023,LWS,ID,ANM,WE,Federal Contract Tower,2,4,2,0,8,0,7,54,0,61,2,11,56,0,69,68,0,68,137
02/20/2023,LWS,ID,ANM,WE,Federal Contract Tower,2,8,1,0,11,0,5,7,0,12,2,13,8,0,23,26,0,26,49
02/21/2023,LWS,ID,ANM,WE,Federal Contract Tower,2,13,3,0,18,0,0,1,0,1,2,13,4,0,19,0,0,0,19
02/22/2023,LWS,ID,ANM,WE,Federal Contract Tower,2,9,5,0,16,0,3,1,0,4,2,12,6,0,20,0,0,0,20
02/23/2023,LWS,ID,ANM,WE,Federal Contract Tower,2,7,8,0,17,0,1,2,0,3,2,8,10,0,20,10,0,10,30
02/24/2023,LWS,ID,ANM,WE,Federal Contract Tower,2,7,9,0,18,0,4,18,2,24,2,11,27,2,42,100,0,100,142
02/25/2023,LWS,ID,ANM,WE,Federal Contract Tower,2,2,5,0,9,0,1,25,0,26,2,3,30,0,35,58,0,58,93
02/26/2023,LWS,ID,ANM,WE,Federal Contract Tower,2,4,5,0,11,0,0,1,0,1,2,4,6,0,12,0,0,0,12
02/27/2023,LWS,ID,ANM,WE,Federal Contract Tower,2,7,3,0,12,0,1,43,0,44,2,8,46,0,56,30,0,30,86
02/28/2023,LWS,ID,ANM,WE,Federal Contract Tower,2,6,13,0,21,0,1,34,0,35,2,7,47,0,56,20,0,20,76
03/01/2023,LWS,ID,ANM,WE,Federal Contract Tower,2,6,7,0,15,0,3,61,0,64,2,9,68,0,79,64,0,64,143
03/02/2023,LWS,ID,ANM,WE,Federal Contract Tower,2,11,5,0,18,0,0,5,0,5,2,11,10,0,23,14,0,14,37
03/03/2023,LWS,ID,ANM,WE,Federal Contract Tower,2,7,6,0,15,0,4,27,0,31,2,11,33,0,46,42,0,42,88
03/04/2023,LWS,ID,ANM,WE,Federal Contract Tower,2,6,9,0,17,0,5,105,0,110,2,11,114,0,127,54,0,54,181
03/05/2023,LWS,ID,ANM,WE,Federal Contract Tower,2,5,4,0,11,0,2,17,0,19,2,7,21,0,30,10,0,10,40
03/06/2023,LWS,ID,ANM,WE,Federal Contract Tower,2,7,5,0,14,0,0,14,0,14,2,7,19,0,28,10,0,10,38
03/07/2023,LWS,ID,ANM,WE,Federal Contract Tower,2,5,12,0,19,0,3,126,0,129,2,8,138,0,148,28,0,28,176
03/08/2023,LWS,ID,ANM,WE,Federal Contract Tower,2,8,9,0,19,0,0,149,0,149,2,8,158,0,168,46,0,46,214
03/09/2023,LWS,ID,ANM,WE,Federal Contract Tower,2,4,4,0,10,0,0,44,0,44,2,4,48,0,54,28,0,28,82
03/10/2023,LWS,ID,ANM,WE,Federal Contract Tower,2,12,5,0,19,0,0,3,0,3,2,12,8,0,22,8,0,8,30
03/11/2023,LWS,ID,ANM,WE,Federal Contract Tower,2,3,4,0,9,0,3,35,0,38,2,6,39,0,47,42,0,42,89
03/12/2023,LWS,ID,ANM,WE,Federal Contract Tower,2,3,1,0,6,0,0,44,0,44,2,3,45,0,50,26,0,26,76
03/13/2023,LWS,ID,ANM,WE,Federal Contract Tower,2,7,5,0,14,0,3,15,0,18,2,10,20,0,32,64,0,64,96
03/14/2023,LWS,ID,ANM,WE,Federal Contract Tower,2,7,5,0,14,0,0,41,0,41,2,7,46,0,55,46,0,46,101
03/15/2023,LWS,ID,ANM,WE,Federal Contract Tower,2,5,7,0,14,0,9,12,0,21,2,14,19,0,35,52,0,52,87
03/16/2023,LWS,ID,ANM,WE,Federal Contract Tower,2,7,5,0,14,0,4,54,2,60,2,11,59,2,74,40,2,42,116
03/17/2023,LWS,ID,ANM,WE,Federal Contract Tower,2,7,6,0,15,0,2,55,0,57,2,9,61,0,72,40,0,40,112
03/18/2023,LWS,ID,ANM,WE,Federal Contract Tower,2,2,4,0,8,0,7,58,0,65,2,9,62,0,73,42,0,42,115
03/19/2023,LWS,ID,ANM,WE,Federal Contract Tower,2,4,0,0,6,0,5,35,0,40,2,9,35,0,46,8,0,8,54
03/20/2023,LWS,ID,ANM,WE,Federal Contract Tower,2,6,1,0,9,0,0,1,0,1,2,6,2,0,10,0,0,0,10
03/21/2023,LWS,ID,ANM,WE,Federal Contract Tower,2,14,8,0,24,0,0,40,0,40,2,14,48,0,64,46,0,46,110
03/22/2023,LWS,ID,ANM,WE,Federal Contract Tower,2,5,10,0,17,0,1,66,0,67,2,6,76,0,84,128,0,128,212
03/23/2023,LWS,ID,ANM,WE,Federal Contract Tower,2,7,10,0,19,0,2,25,0,27,2,9,35,0,46,16,0,16,62
03/24/2023,LWS,ID,ANM,WE,Federal Contract Tower,2,6,8,0,16,0,1,14,0,15,2,7,22,0,31,26,0,26,57
03/25/2023,LWS,ID,ANM,WE,Federal Contract Tower,2,2,8,0,12,0,4,18,0,22,2,6,26,0,34,18,0,18,52
03/26/2023,LWS,ID,ANM,WE,Federal Contract Tower,2,2,1,0,5,0,4,7,0,11,2,6,8,0,16,24,0,24,40
03/27/2023,LWS,ID,ANM,WE,Federal Contract Tower,2,4,1,0,7,0,3,33,0,36,2,7,34,0,43,34,0,34,77
03/28/2023,LWS,ID,ANM,WE,Federal Contract Tower,2,6,2,0,10,0,2,30,0,32,2,8,32,0,42,48,0,48,90
03/29/2023,LWS,ID,ANM,WE,Federal Contract Tower,2,9,2,0,13,0,0,17,0,17,2,9,19,0,30,24,0,24,54
03/30/2023,LWS,ID,ANM,WE,Federal Contract Tower,2,6,9,0,17,0,0,21,0,21,2,6,30,0,38,44,0,44,82
03/31/2023,LWS,ID,ANM,WE,Federal Contract Tower,2,7,2,0,11,0,1,12,0,13,2,8,14,0,24,20,0,20,44
04/01/2023,LWS,ID,ANM,WE,Federal Contract Tower,2,4,3,0,9,0,3,5,0,8,2,7,8,0,17,0,0,0,17
04/02/2023,LWS,ID,ANM,WE,Federal Contract Tower,2,3,3,0,8,0,0,13,0,13,2,3,16,0,21,16,0,16,37
04/03/2023,LWS,ID,ANM,WE,Federal Contract Tower,2,15,5,0,22,0,0,2,0,2,2,15,7,0,24,10,0,10,34
04/04/2023,LWS,ID,ANM,WE,Federal Contract Tower,2,10,7,0,19,0,2,22,0,24,2,12,29,0,43,46,0,46,89
04/05/2023,LWS,ID,ANM,WE,Federal Contract Tower,2,4,11,0,17,0,6,47,0,53,2,10,58,0,70,30,0,30,100
04/06/2023,LWS,ID,ANM,WE,Federal Contract Tower,2,6,5,0,13,0,4,23,0,27,2,10,28,0,40,48,0,48,88
04/07/2023,LWS,ID,ANM,WE,Federal Contract Tower,2,7,11,0,20,0,2,11,0,13,2,9,22,0,33,90,0,90,123
04/08/2023,LWS,ID,ANM,WE,Federal Contract Tower,2,3,1,0,6,0,0,25,0,25,2,3,26,0,31,80,0,80,111
04/09/2023,LWS,ID,ANM,WE,Federal Contract Tower,2,2,1,0,5,0,2,19,0,21,2,4,20,0,26,36,0,36,62
04/10/2023,LWS,ID,ANM,WE,Federal Contract Tower,2,4,5,0,11,2,8,26,0,36,4,12,31,0,47,42,0,42,89
04/11/2023,LWS,ID,ANM,WE,Federal Contract Tower,4,8,9,0,21,0,2,4,0,6,4,10,13,0,27,0,0,0,27
04/12/2023,LWS,ID,ANM,WE,Federal Contract Tower,2,10,10,0,22,0,1,23,0,24,2,11,33,0,46,20,0,20,66
04/13/2023,LWS,ID,ANM,WE,Federal Contract Tower,2,7,4,0,13,0,1,45,0,46,2,8,49,0,59,60,0,60,119
04/14/2023,LWS,ID,ANM,WE,Federal Contract Tower,2,5,8,0,15,0,5,39,0,44,2,10,47,0,59,64,0,64,123
04/15/2023,LWS,ID,ANM,WE,Federal Contract Tower,2,4,2,0,8,0,6,53,0,59,2,10,55,0,67,80,0,80,147
04/16/2023,LWS,ID,ANM,WE,Federal Contract Tower,2,4,2,0,8,0,2,27,0,29,2,6,29,0,37,54,0,54,91
04/17/2023,LWS,ID,ANM,WE,Federal Contract Tower,2,6,5,0,13,0,3,39,0,42,2,9,44,0,55,68,0,68,123
04/18/2023,LWS,ID,ANM,WE,Federal Contract Tower,2,7,7,2,18,0,3,17,2,22,2,10,24,4,40,52,12,64,104
04/19/2023,LWS,ID,ANM,WE,Federal Contract Tower,2,5,9,0,16,0,12,28,0,40,2,17,37,0,56,98,0,98,154
04/20/2023,LWS,ID,ANM,WE,Federal Contract Tower,2,5,12,0,19,0,0,0,0,0,2,5,12,0,19,50,0,50,69
04/21/2023,LWS,ID,ANM,WE,Federal Contract Tower,2,8,8,0,18,0,2,12,0,14,2,10,20,0,32,2,0,2,34
04/22/2023,LWS,ID,ANM,WE,Federal Contract Tower,2,4,5,0,11,0,8,53,0,61,2,12,58,0,72,14,0,14,86
04/23/2023,LWS,ID,ANM,WE,Federal Contract Tower,2,3,5,0,10,0,1,29,0,30,2,4,34,0,40,28,0,28,68
04/24/2023,LWS,ID,ANM,WE,Federal Contract Tower,2,8,2,4,16,0,4,30,0,34,2,12,32,4,50,54,0,54,104
04/25/2023,LWS,ID,ANM,WE,Federal Contract Tower,2,5,0,0,7,0,6,45,0,51,2,11,45,0,58,66,0,66,124
04/26/2023,LWS,ID,ANM,WE,Federal Contract Tower,2,6,2,0,10,0,10,42,0,52,2,16,44,0,62,66,0,66,128
04/27/2023,LWS,ID,ANM,WE,Federal Contract Tower,2,5,8,0,15,0,6,55,0,61,2,11,63,0,76,94,0,94,170
04/28/2023,LWS,ID,ANM,WE,Federal Contract Tower,2,6,1,0,9,0,3,68,2,73,2,9,69,2,82,82,0,82,164
04/29/2023,LWS,ID,ANM,WE,Federal Contract Tower,2,2,5,0,9,0,4,47,4,55,2,6,52,4,64,86,0,86,150
04/30/2023,LWS,ID,ANM,WE,Federal Contract Tower,2,4,9,0,15,0,6,54,0,60,2,10,63,0,75,58,0,58,133
05/01/2023,LWS,ID,ANM,WE,Federal Contract Tower,2,8,0,0,10,0,4,72,2,78,2,12,72,2,88,20,0,20,108
05/02/2023,LWS,ID,ANM,WE,Federal Contract Tower,2,7,11,0,20,0,5,43,0,48,2,12,54,0,68,24,0,24,92
05/03/2023,LWS,ID,ANM,WE,Federal Contract Tower,2,6,3,0,11,0,8,67,0,75,2,14,70,0,86,64,0,64,150
05/04/2023,LWS,ID,ANM,WE,Federal Contract Tower,2,6,7,1,16,0,4,30,0,34,2,10,37,1,50,50,0,50,100
05/05/2023,LWS,ID,ANM,WE,Federal Contract Tower,2,6,4,0,12,0,1,4,0,5,2,7,8,0,17,0,0,0,17
05/06/2023,LWS,ID,ANM,WE,Federal Contract Tower,2,5,10,1,18,0,2,15,0,17,2,7,25,1,35,10,0,10,45
05/07/2023,LWS,ID,ANM,WE,Federal Contract Tower,2,3,9,0,14,0,4,39,0,43,2,7,48,0,57,66,0,66,123
05/08/2023,LWS,ID,ANM,WE,Federal Contract Tower,2,6,1,0,9,0,6,20,0,26,2,12,21,0,35,38,0,38,73
05/09/2023,LWS,ID,ANM,WE,Federal Contract Tower,2,8,5,0,15,0,2,7,0,9,2,10,12,0,24,14,0,14,38
05/10/2023,LWS,ID,ANM,WE,Federal Contract Tower,2,6,6,0,14,0,3,61,0,64,2,9,67,0,78,118,0,118,196
05/11/2023,LWS,ID,ANM,WE,Federal Contract Tower,2,8,5,0,15,0,6,80,0,86,2,14,85,0,101,82,0,82,183
05/12/2023,LWS,ID,ANM,WE,Federal Contract Tower,2,5,7,0,14,0,6,67,0,73,2,11,74,0,87,54,0,54,141
05/13/2023,LWS,ID,ANM,WE,Federal Contract Tower,2,4,1,2,9,0,2,37,0,39,2,6,38,2,48,8,0,8,56
05/14/2023,LWS,ID,ANM,WE,Federal Contract Tower,2,4,0,0,6,0,2,20,0,22,2,6,20,0,28,0,0,0,28
05/15/2023,LWS,ID,ANM,WE,Federal Contract Tower,2,6,1,0,9,0,4,27,0,31,2,10,28,0,40,34,0,34,74
05/16/2023,LWS,ID,ANM,WE,Federal Contract Tower,2,4,7,0,13,0,3,31,1,35,2,7,38,1,48,64,0,64,112
05/17/2023,LWS,ID,ANM,WE,Federal Contract Tower,2,6,5,0,13,0,6,39,0,45,2,12,44,0,58,102,0,102,160
05/18/2023,LWS,ID,ANM,WE,Federal Contract Tower,2,5,8,0,15,0,9,36,0,45,2,14,44,0,60,76,0,76,136
05/19/2023,LWS,ID,ANM,WE,Federal Contract Tower,2,7,11,0,20,0,3,71,2,76,2,10,82,2,96,54,0,54,150
05/20/2023,LWS,ID,ANM,WE,Federal Contract Tower,2,2,6,0,10,0,5,46,0,51,2,7,52,0,61,10,0,10,71
05/21/2023,LWS,ID,ANM,WE,Federal Contract Tower,2,2,3,0,7,0,3,24,0,27,2,5,27,0,34,14,0,14,48
05/22/2023,LWS,ID,ANM,WE,Federal Contract Tower,2,4,5,2,13,0,6,41,0,47,2,10,46,2,60,72,0,72,132
05/23/2023,LWS,ID,ANM,WE,Federal Contract Tower,2,6,6,0,14,0,5,48,0,53,2,11,54,0,67,76,0,76,143
05/24/2023,LWS,ID,ANM,WE,Federal Contract Tower,2,6,5,0,13,0,10,36,0,46,2,16,41,0,59,62,0,62,121
05/25/2023,LWS,ID,ANM,WE,Federal Contract Tower,2,6,6,0,14,0,5,77,2,84,2,11,83,2,98,36,0,36,134
05/26/2023,LWS,ID,ANM,WE,Federal Contract Tower,2,6,4,0,12,0,7,56,0,63,2,13,60,0,75,54,0,54,129
05/27/2023,LWS,ID,ANM,WE,Federal Contract Tower,2,4,0,0,6,0,3,6,0,9,2,7,6,0,15,38,0,38,53
05/28/2023,LWS,ID,ANM,WE,Federal Contract Tower,2,4,0,0,6,0,2,79,0,81,2,6,79,0,87,48,0,48,135
05/29/2023,LWS,ID,ANM,WE,Federal Contract Tower,2,3,0,0,5,0,4,52,0,56,2,7,52,0,61,106,0,106,167
05/30/2023,LWS,ID,ANM,WE,Federal Contract Tower,2,9,10,0,21,0,2,37,0,39,2,11,47,0,60,22,0,22,82
05/31/2023,LWS,ID,ANM,WE,Federal Contract Tower,2,6,6,0,14,0,4,72,2,78,2,10,78,2,92,86,0,86,178
06/01/2023,LWS,ID,ANM,WE,Federal Contract Tower,2,5,2,0,9,0,8,40,0,48,2,13,42,0,57,24,0,24,81
06/02/2023,LWS,ID,ANM,WE,Federal Contract Tower,2,5,8,0,15,0,3,62,0,65,2,8,70,0,80,62,0,62,142
06/03/2023,LWS,ID,ANM,WE,Federal Contract Tower,2,3,4,0,9,0,4,47,0,51,2,7,51,0,60,52,0,52,112
06/04/2023,LWS,ID,ANM,WE,Federal Contract Tower,2,3,5,0,10,0,7,25,0,32,2,10,30,0,42,18,0,18,60
06/05/2023,LWS,ID,ANM,WE,Federal Contract Tower,2,4,4,0,10,0,7,41,0,48,2,11,45,0,58,46,0,46,104
06/06/2023,LWS,ID,ANM,WE,Federal Contract Tower,2,7,6,4,19,0,14,59,0,73,2,21,65,4,92,46,8,54,146
06/07/2023,LWS,ID,ANM,WE,Federal Contract Tower,2,6,6,0,14,0,5,71,0,76,2,11,77,0,90,66,0,66,156
06/08/2023,LWS,ID,ANM,WE,Federal Contract Tower,2,7,3,0,12,0,4,39,0,43,2,11,42,0,55,30,0,30,85
06/09/2023,LWS,ID,ANM,WE,Federal Contract Tower,2,7,4,0,13,0,0,23,0,23,2,7,27,0,36,42,0,42,78
06/10/2023,LWS,ID,ANM,WE,Federal Contract Tower,2,3,6,0,11,0,4,22,0,26,2,7,28,0,37,60,0,60,97
06/11/2023,LWS,ID,ANM,WE,Federal Contract Tower,2,3,7,0,12,0,5,41,0,46,2,8,48,0,58,58,0,58,116
06/12/2023,LWS,ID,ANM,WE,Federal Contract Tower,2,6,5,0,13,0,4,70,0,74,2,10,75,0,87,36,0,36,123
06/13/2023,LWS,ID,ANM,WE,Federal Contract Tower,2,5,5,0,12,0,5,53,0,58,2,10,58,0,70,102,0,102,172
06/14/2023,LWS,ID,ANM,WE,Federal Contract Tower,2,7,6,0,15,0,4,30,0,34,2,11,36,0,49,14,0,14,63
06/15/2023,LWS,ID,ANM,WE,Federal Contract Tower,2,6,3,0,11,0,3,76,2,81,2,9,79,2,92,70,0,70,162
06/16/2023,LWS,ID,ANM,WE,Federal Contract Tower,2,5,10,0,17,0,6,61,0,67,2,11,71,0,84,58,0,58,142
06/17/2023,LWS,ID,ANM,WE,Federal Contract Tower,2,4,9,0,15,0,3,73,0,76,2,7,82,0,91,44,0,44,135
06/18/2023,LWS,ID,ANM,WE,Federal Contract Tower,2,7,3,0,12,0,5,18,0,23,2,12,21,0,35,2,0,2,37
06/19/2023,LWS,ID,ANM,WE,Federal Contract Tower,2,10,6,0,18,0,14,53,0,67,2,24,59,0,85,56,0,56,141
06/20/2023,LWS,ID,ANM,WE,Federal Contract Tower,2,7,3,2,14,0,5,43,0,48,2,12,46,2,62,28,0,28,90
06/21/2023,LWS,ID,ANM,WE,Federal Contract Tower,2,4,5,0,11,0,4,47,0,51,2,8,52,0,62,94,0,94,156
06/22/2023,LWS,ID,ANM,WE,Federal Contract Tower,2,7,11,0,20,0,5,60,0,65,2,12,71,0,85,60,0,60,145
06/23/2023,LWS,ID,ANM,WE,Federal Contract Tower,2,9,1,0,12,0,5,49,0,54,2,14,50,0,66,30,0,30,96
06/24/2023,LWS,ID,ANM,WE,Federal Contract Tower,2,2,2,0,6,0,3,23,0,26,2,5,25,0,32,28,0,28,60
06/25/2023,LWS,ID,ANM,WE,Federal Contract Tower,2,4,3,0,9,0,2,30,0,32,2,6,33,0,41,22,0,22,63
06/26/2023,LWS,ID,ANM,WE,Federal Contract Tower,2,8,3,0,13,0,2,31,0,33,2,10,34,0,46,34,0,34,80
06/27/2023,LWS,ID,ANM,WE,Federal Contract Tower,2,6,7,0,15,0,1,25,0,26,2,7,32,0,41,28,0,28,69
06/28/2023,LWS,ID,ANM,WE,Federal Contract Tower,2,7,5,0,14,0,8,42,0,50,2,15,47,0,64,22,0,22,86
06/29/2023,LWS,ID,ANM,WE,Federal Contract Tower,2,7,6,0,15,0,7,72,0,79,2,14,78,0,94,42,0,42,136
06/30/2023,LWS,ID,ANM,WE,Federal Contract Tower,2,6,6,0,14,0,5,117,2,124,2,11,123,2,138,50,4,54,192
07/01/2023,LWS,ID,ANM,WE,Federal Contract Tower,2,4,8,0,14,0,3,127,5,135,2,7,135,5,149,114,4,118,267
07/02/2023,LWS,ID,ANM,WE,Federal Contract Tower,2,5,9,0,16,0,0,65,0,65,2,5,74,0,81,32,0,32,113
07/03/2023,LWS,ID,ANM,WE,Federal Contract Tower,2,5,3,0,10,0,6,46,1,53,2,11,49,1,63,60,4,64,127
07/04/2023,LWS,ID,ANM,WE,Federal Contract Tower,2,5,0,0,7,0,3,38,0,41,2,8,38,0,48,4,0,4,52
07/05/2023,LWS,ID,ANM,WE,Federal Contract Tower,2,6,3,0,11,0,10,40,0,50,2,16,43,0,61,26,0,26,87
07/06/2023,LWS,ID,ANM,WE,Federal Contract Tower,2,5,8,0,15,0,4,47,1,52,2,9,55,1,67,42,2,44,111
07/07/2023,LWS,ID,ANM,WE,Federal Contract Tower,2,8,3,0,13,0,4,47,0,51,2,12,50,0,64,48,0,48,112
07/08/2023,LWS,ID,ANM,WE,Federal Contract Tower,2,5,3,0,10,0,6,33,0,39,2,11,36,0,49,6,0,6,55
07/09/2023,LWS,ID,ANM,WE,Federal Contract Tower,2,6,2,0,10,0,2,48,0,50,2,8,50,0,60,54,0,54,114
07/10/2023,LWS,ID,ANM,WE,Federal Contract Tower,2,6,1,0,9,0,4,27,0,31,2,10,28,0,40,74,0,74,114
07/11/2023,LWS,ID,ANM,WE,Federal Contract Tower,3,8,5,0,16,0,5,36,0,41,3,13,41,0,57,42,0,42,99
07/12/2023,LWS,ID,ANM,WE,Federal Contract Tower,2,6,6,0,14,0,6,46,0,52,2,12,52,0,66,24,0,24,90
07/13/2023,LWS,ID,ANM,WE,Federal Contract Tower,2,8,1,0,11,0,11,37,0,48,2,19,38,0,59,46,0,46,105
07/14/2023,LWS,ID,ANM,WE,Federal Contract Tower,2,5,4,0,11,0,3,37,0,40,2,8,41,0,51,50,0,50,101
07/15/2023,LWS,ID,ANM,WE,Federal Contract Tower,2,4,1,0,7,0,4,19,0,23,2,8,20,0,30,12,0,12,42
07/17/2023,LWS,ID,ANM,WE,Federal Contract Tower,2,6,3,0,11,0,10,29,0,39,2,16,32,0,50,0,8,8,58
07/18/2023,LWS,ID,ANM,WE,Federal Contract Tower,2,5,6,0,13,0,12,47,1,60,2,17,53,1,73,14,0,14,87
07/19/2023,LWS,ID,ANM,WE,Federal Contract Tower,2,5,7,0,14,0,12,29,0,41,2,17,36,0,55,34,0,34,89
07/20/2023,LWS,ID,ANM,WE,Federal Contract Tower,2,4,4,0,10,0,13,39,0,52,2,17,43,0,62,18,0,18,80
07/21/2023,LWS,ID,ANM,WE,Federal Contract Tower,2,5,6,0,13,0,16,47,0,63,2,21,53,0,76,50,0,50,126
07/22/2023,LWS,ID,ANM,WE,Federal Contract Tower,2,3,3,0,8,0,9,40,0,49,2,12,43,0,57,24,0,24,81
07/23/2023,LWS,ID,ANM,WE,Federal Contract Tower,2,2,4,0,8,0,6,32,0,38,2,8,36,0,46,10,0,10,56
07/24/2023,LWS,ID,ANM,WE,Federal Contract Tower,2,7,2,0,11,0,6,30,0,36,2,13,32,0,47,38,0,38,85
07/25/2023,LWS,ID,ANM,WE,Federal Contract Tower,2,5,4,0,11,0,14,32,0,46,2,19,36,0,57,10,0,10,67
07/26/2023,LWS,ID,ANM,WE,Federal Contract Tower,2,6,5,0,13,0,14,35,0,49,2,20,40,0,62,32,0,32,94
07/27/2023,LWS,ID,ANM,WE,Federal Contract Tower,2,6,4,0,12,0,2,41,2,45,2,8,45,2,57,16,0,16,73
07/28/2023,LWS,ID,ANM,WE,Federal Contract Tower,3,10,5,0,18,0,7,39,0,46,3,17,44,0,64,22,0,22,86
07/29/2023,LWS,ID,ANM,WE,Federal Contract Tower,2,3,3,0,8,0,5,32,0,37,2,8,35,0,45,80,0,80,125
07/30/2023,LWS,ID,ANM,WE,Federal Contract Tower,2,6,5,0,13,0,9,52,0,61,2,15,57,0,74,32,0,32,106
07/31/2023,LWS,ID,ANM,WE,Federal Contract Tower,2,7,7,0,16,0,4,21,0,25,2,11,28,0,41,10,0,10,51
08/01/2023,LWS,ID,ANM,WE,Federal Contract Tower,2,8,8,0,18,0,6,25,0,31,2,14,33,0,49,36,0,36,85
08/02/2023,LWS,ID,ANM,WE,Federal Contract Tower,2,7,5,0,14,0,30,27,0,57,2,37,32,0,71,48,0,48,119
08/03/2023,LWS,ID,ANM,WE,Federal Contract Tower,2,7,5,0,14,0,1,1,0,2,2,8,6,0,16,26,0,26,42
08/04/2023,LWS,ID,ANM,WE,Federal Contract Tower,2,4,6,0,12,0,10,31,0,41,2,14,37,0,53,50,0,50,103
08/05/2023,LWS,ID,ANM,WE,Federal Contract Tower,2,4,3,0,9,0,6,22,0,28,2,10,25,0,37,54,0,54,91
08/06/2023,LWS,ID,ANM,WE,Federal Contract Tower,2,7,2,0,11,0,4,34,0,38,2,11,36,0,49,48,0,48,97
08/07/2023,LWS,ID,ANM,WE,Federal Contract Tower,2,6,9,0,17,0,6,11,0,17,2,12,20,0,34,0,0,0,34
08/08/2023,LWS,ID,ANM,WE,Federal Contract Tower,2,5,8,2,17,0,4,24,0,28,2,9,32,2,45,0,0,0,45
08/09/2023,LWS,ID,ANM,WE,Federal Contract Tower,2,3,7,0,12,0,6,27,0,33,2,9,34,0,45,22,0,22,67
08/10/2023,LWS,ID,ANM,WE,Federal Contract Tower,2,7,7,0,16,0,5,35,0,40,2,12,42,0,56,58,0,58,114
08/11/2023,LWS,ID,ANM,WE,Federal Contract Tower,2,6,7,0,15,0,8,47,0,55,2,14,54,0,70,48,0,48,118
08/12/2023,LWS,ID,ANM,WE,Federal Contract Tower,2,2,4,0,8,0,4,43,0,47,2,6,47,0,55,48,0,48,103
08/13/2023,LWS,ID,ANM,WE,Federal Contract Tower,2,3,2,0,7,0,7,36,0,43,2,10,38,0,50,64,0,64,114
08/14/2023,LWS,ID,ANM,WE,Federal Contract Tower,4,7,8,0,19,0,10,36,0,46,4,17,44,0,65,6,0,6,71
08/15/2023,LWS,ID,ANM,WE,Federal Contract Tower,4,4,3,0,11,0,7,14,0,21,4,11,17,0,32,10,0,10,42
08/16/2023,LWS,ID,ANM,WE,Federal Contract Tower,2,7,4,0,13,0,10,21,0,31,2,17,25,0,44,12,0,12,56
08/17/2023,LWS,ID,ANM,WE,Federal Contract Tower,4,3,12,0,19,0,4,26,0,30,4,7,38,0,49,28,0,28,77
08/18/2023,LWS,ID,ANM,WE,Federal Contract Tower,4,3,9,0,16,0,10,22,0,32,4,13,31,0,48,6,0,6,54
08/19/2023,LWS,ID,ANM,WE,Federal Contract Tower,4,4,4,0,12,0,0,36,0,36,4,4,40,0,48,158,0,158,206
08/20/2023,LWS,ID,ANM,WE,Federal Contract Tower,2,4,8,0,14,0,0,13,0,13,2,4,21,0,27,60,0,60,87
08/21/2023,LWS,ID,ANM,WE,Federal Contract Tower,3,8,7,0,18,0,4,4,0,8,3,12,11,0,26,10,0,10,36
08/22/2023,LWS,ID,ANM,WE,Federal Contract Tower,2,11,13,0,26,0,0,3,0,3,2,11,16,0,29,0,0,0,29
08/23/2023,LWS,ID,ANM,WE,Federal Contract Tower,2,7,4,0,13,0,3,35,0,38,2,10,39,0,51,30,0,30,81
08/24/2023,LWS,ID,ANM,WE,Federal Contract Tower,4,3,6,0,13,0,5,34,0,39,4,8,40,0,52,28,0,28,80
08/25/2023,LWS,ID,ANM,WE,Federal Contract Tower,3,11,8,0,22,0,8,22,0,30,3,19,30,0,52,12,0,12,64
08/26/2023,LWS,ID,ANM,WE,Federal Contract Tower,2,3,7,2,14,0,3,31,0,34,2,6,38,2,48,14,0,14,62
08/27/2023,LWS,ID,ANM,WE,Federal Contract Tower,2,5,5,0,12,0,3,41,0,44,2,8,46,0,56,18,0,18,74
08/28/2023,LWS,ID,ANM,WE,Federal Contract Tower,2,7,9,0,18,0,1,24,0,25,2,8,33,0,43,10,0,10,53
08/29/2023,LWS,ID,ANM,WE,Federal Contract Tower,1,7,5,0,13,0,5,26,0,31,1,12,31,0,44,6,0,6,50
08/30/2023,LWS,ID,ANM,WE,Federal Contract Tower,2,6,8,0,16,0,2,17,4,23,2,8,25,4,39,14,0,14,53
08/31/2023,LWS,ID,ANM,WE,Federal Contract Tower,2,5,8,0,15,0,4,50,0,54,2,9,58,0,69,54,0,54,123
