01/01/2000,LYH,VA,AEA,EN,Federal Contract Tower,0,14,7,0,21,0,1,4,0,5,0,15,11,0,26,4,0,4,30
01/02/2000,LYH,VA,AEA,EN,Federal Contract Tower,0,31,13,0,44,0,4,18,0,22,0,35,31,0,66,22,0,22,88
01/03/2000,LYH,VA,AEA,EN,Federal Contract Tower,0,36,17,0,53,0,0,9,2,11,0,36,26,2,64,10,6,16,80
01/04/2000,LYH,VA,AEA,EN,Federal Contract Tower,0,30,8,0,38,0,5,0,0,5,0,35,8,0,43,0,0,0,43
01/05/2000,LYH,VA,AEA,EN,Federal Contract Tower,0,35,19,0,54,0,0,44,0,44,0,35,63,0,98,26,0,26,124
01/06/2000,LYH,VA,AEA,EN,Federal Contract Tower,0,34,17,0,51,0,0,50,0,50,0,34,67,0,101,58,0,58,159
01/07/2000,LYH,VA,AEA,EN,Federal Contract Tower,0,36,17,0,53,0,0,27,0,27,0,36,44,0,80,2,0,2,82
01/08/2000,LYH,VA,AEA,EN,Federal Contract Tower,0,24,9,0,33,0,7,55,0,62,0,31,64,0,95,54,0,54,149
01/09/2000,LYH,VA,AEA,EN,Federal Contract Tower,0,25,4,0,29,0,10,0,0,10,0,35,4,0,39,8,0,8,47
01/10/2000,LYH,VA,AEA,EN,Federal Contract Tower,0,35,14,0,49,0,1,11,0,12,0,36,25,0,61,10,0,10,71
01/11/2000,LYH,VA,AEA,EN,Federal Contract Tower,0,37,15,0,52,0,1,15,0,16,0,38,30,0,68,10,0,10,78
01/12/2000,LYH,VA,AEA,EN,Federal Contract Tower,0,35,15,0,50,0,0,79,0,79,0,35,94,0,129,86,0,86,215
01/13/2000,LYH,VA,AEA,EN,Federal Contract Tower,0,24,12,0,36,0,0,16,0,16,0,24,28,0,52,8,0,8,60
01/14/2000,LYH,VA,AEA,EN,Federal Contract Tower,0,34,14,0,48,0,3,27,0,30,0,37,41,0,78,18,0,18,96
01/15/2000,LYH,VA,AEA,EN,Federal Contract Tower,0,29,12,0,41,0,0,60,0,60,0,29,72,0,101,50,0,50,151
01/16/2000,LYH,VA,AEA,EN,Federal Contract Tower,0,30,12,0,42,0,2,13,0,15,0,32,25,0,57,0,0,0,57
01/17/2000,LYH,VA,AEA,EN,Federal Contract Tower,0,36,14,0,50,0,0,55,0,55,0,36,69,0,105,100,0,100,205
01/18/2000,LYH,VA,AEA,EN,Federal Contract Tower,0,20,5,0,25,0,19,0,2,21,0,39,5,2,46,0,0,0,46
01/19/2000,LYH,VA,AEA,EN,Federal Contract Tower,0,41,20,0,61,0,0,39,2,41,0,41,59,2,102,40,2,42,144
01/20/2000,LYH,VA,AEA,EN,Federal Contract Tower,0,31,7,0,38,0,6,0,0,6,0,37,7,0,44,2,0,2,46
01/21/2000,LYH,VA,AEA,EN,Federal Contract Tower,0,38,15,0,53,0,0,12,0,12,0,38,27,0,65,20,0,20,85
01/22/2000,LYH,VA,AEA,EN,Federal Contract Tower,0,20,7,0,27,0,5,51,0,56,0,25,58,0,83,74,0,74,157
01/23/2000,LYH,VA,AEA,EN,Federal Contract Tower,0,22,5,0,27,0,3,0,0,3,0,25,5,0,30,0,0,0,30
01/24/2000,LYH,VA,AEA,EN,Federal Contract Tower,0,32,12,0,44,0,0,12,0,12,0,32,24,0,56,30,0,30,86
01/25/2000,LYH,VA,AEA,EN,Federal Contract Tower,0,8,3,0,11,0,0,5,0,5,0,8,8,0,16,0,0,0,16
01/26/2000,LYH,VA,AEA,EN,Federal Contract Tower,0,38,16,0,54,0,0,12,0,12,0,38,28,0,66,2,0,2,68
01/27/2000,LYH,VA,AEA,EN,Federal Contract Tower,0,35,14,0,49,0,4,17,2,23,0,39,31,2,72,4,2,6,78
01/28/2000,LYH,VA,AEA,EN,Federal Contract Tower,0,33,12,0,45,0,2,52,0,54,0,35,64,0,99,66,0,66,165
01/29/2000,LYH,VA,AEA,EN,Federal Contract Tower,0,21,9,0,30,0,0,71,0,71,0,21,80,0,101,150,0,150,251
01/30/2000,LYH,VA,AEA,EN,Federal Contract Tower,0,4,0,0,4,0,1,0,0,1,0,5,0,0,5,0,0,0,5
01/31/2000,LYH,VA,AEA,EN,Federal Contract Tower,0,34,15,0,49,0,0,8,2,10,0,34,23,2,59,8,20,28,87
02/01/2000,LYH,VA,AEA,EN,Federal Contract Tower,0,40,20,1,61,0,2,10,1,13,0,42,30,2,74,14,0,14,88
02/02/2000,LYH,VA,AEA,EN,Federal Contract Tower,0,39,22,2,63,0,0,23,4,27,0,39,45,6,90,36,14,50,140
02/03/2000,LYH,VA,AEA,EN,Federal Contract Tower,0,40,18,2,60,0,0,34,2,36,0,40,52,4,96,56,10,66,162
02/04/2000,LYH,VA,AEA,EN,Federal Contract Tower,0,38,18,0,56,0,5,42,0,47,0,43,60,0,103,44,0,44,147
02/05/2000,LYH,VA,AEA,EN,Federal Contract Tower,0,31,16,2,49,0,0,82,2,84,0,31,98,4,133,32,0,32,165
02/06/2000,LYH,VA,AEA,EN,Federal Contract Tower,0,29,13,0,42,0,3,82,0,85,0,32,95,0,127,128,0,128,255
02/07/2000,LYH,VA,AEA,EN,Federal Contract Tower,0,31,14,2,47,0,5,44,0,49,0,36,58,2,96,32,0,32,128
02/08/2000,LYH,VA,AEA,EN,Federal Contract Tower,0,34,15,2,51,0,3,42,0,45,0,37,57,2,96,26,2,28,124
02/09/2000,LYH,VA,AEA,EN,Federal Contract Tower,0,39,18,0,57,0,2,44,0,46,0,41,62,0,103,10,0,10,113
02/10/2000,LYH,VA,AEA,EN,Federal Contract Tower,0,39,18,0,57,0,0,44,0,44,0,39,62,0,101,2,0,2,103
02/11/2000,LYH,VA,AEA,EN,Federal Contract Tower,0,38,20,2,60,0,0,30,6,36,0,38,50,8,96,42,6,48,144
02/12/2000,LYH,VA,AEA,EN,Federal Contract Tower,0,21,5,0,26,0,6,0,0,6,0,27,5,0,32,0,0,0,32
02/13/2000,LYH,VA,AEA,EN,Federal Contract Tower,0,34,12,2,48,0,4,0,0,4,0,38,12,2,52,0,0,0,52
02/14/2000,LYH,VA,AEA,EN,Federal Contract Tower,0,36,16,2,54,0,2,8,2,12,0,38,24,4,66,0,10,10,76
02/15/2000,LYH,VA,AEA,EN,Federal Contract Tower,0,36,20,2,58,0,0,50,7,57,0,36,70,9,115,62,18,80,195
02/16/2000,LYH,VA,AEA,EN,Federal Contract Tower,0,36,17,0,53,0,1,50,0,51,0,37,67,0,104,16,0,16,120
02/17/2000,LYH,VA,AEA,EN,Federal Contract Tower,0,38,17,2,57,0,0,58,0,58,0,38,75,2,115,44,6,50,165
02/18/2000,LYH,VA,AEA,EN,Federal Contract Tower,0,17,8,0,25,0,13,8,0,21,0,30,16,0,46,0,0,0,46
02/19/2000,LYH,VA,AEA,EN,Federal Contract Tower,0,30,14,1,45,0,0,36,9,45,0,30,50,10,90,24,0,24,114
02/20/2000,LYH,VA,AEA,EN,Federal Contract Tower,0,29,13,0,42,0,7,38,0,45,0,36,51,0,87,48,0,48,135
02/21/2000,LYH,VA,AEA,EN,Federal Contract Tower,0,40,20,0,60,0,0,74,0,74,0,40,94,0,134,42,0,42,176
02/22/2000,LYH,VA,AEA,EN,Federal Contract Tower,0,37,17,0,54,0,1,51,0,52,0,38,68,0,106,32,0,32,138
02/23/2000,LYH,VA,AEA,EN,Federal Contract Tower,0,39,21,1,61,0,0,49,1,50,0,39,70,2,111,58,14,72,183
02/24/2000,LYH,VA,AEA,EN,Federal Contract Tower,0,34,15,1,50,0,1,55,7,63,0,35,70,8,113,86,0,86,199
02/25/2000,LYH,VA,AEA,EN,Federal Contract Tower,0,40,18,1,59,0,0,90,1,91,0,40,108,2,150,92,2,94,244
02/26/2000,LYH,VA,AEA,EN,Federal Contract Tower,0,28,15,1,44,0,0,83,1,84,0,28,98,2,128,78,0,78,206
02/27/2000,LYH,VA,AEA,EN,Federal Contract Tower,0,32,14,0,46,0,2,9,0,11,0,34,23,0,57,0,0,0,57
02/28/2000,LYH,VA,AEA,EN,Federal Contract Tower,0,34,15,0,49,0,3,35,0,38,0,37,50,0,87,2,0,2,89
02/29/2000,LYH,VA,AEA,EN,Federal Contract Tower,0,39,19,1,59,0,0,53,6,59,0,39,72,7,118,22,8,30,148
03/01/2000,LYH,VA,AEA,EN,Federal Contract Tower,0,37,23,0,60,0,5,30,0,35,0,42,53,0,95,8,0,8,103
03/02/2000,LYH,VA,AEA,EN,Federal Contract Tower,0,37,23,0,60,0,0,36,0,36,0,37,59,0,96,18,0,18,114
03/03/2000,LYH,VA,AEA,EN,Federal Contract Tower,0,46,29,1,76,0,0,68,1,69,0,46,97,2,145,110,0,110,255
03/04/2000,LYH,VA,AEA,EN,Federal Contract Tower,0,23,13,0,36,0,9,67,0,76,0,32,80,0,112,186,0,186,298
03/05/2000,LYH,VA,AEA,EN,Federal Contract Tower,0,34,21,1,56,0,1,60,3,64,0,35,81,4,120,64,0,64,184
03/06/2000,LYH,VA,AEA,EN,Federal Contract Tower,0,29,17,0,46,0,10,67,0,77,0,39,84,0,123,104,0,104,227
03/07/2000,LYH,VA,AEA,EN,Federal Contract Tower,0,42,26,1,69,0,0,80,3,83,0,42,106,4,152,50,6,56,208
03/08/2000,LYH,VA,AEA,EN,Federal Contract Tower,0,41,27,0,68,0,0,77,0,77,0,41,104,0,145,42,0,42,187
03/09/2000,LYH,VA,AEA,EN,Federal Contract Tower,0,34,21,1,56,0,0,44,1,45,0,34,65,2,101,24,0,24,125
03/10/2000,LYH,VA,AEA,EN,Federal Contract Tower,0,39,24,1,64,0,0,79,7,86,0,39,103,8,150,98,0,98,248
03/11/2000,LYH,VA,AEA,EN,Federal Contract Tower,0,22,13,0,35,0,4,17,0,21,0,26,30,0,56,34,0,34,90
03/12/2000,LYH,VA,AEA,EN,Federal Contract Tower,0,32,21,0,53,0,0,22,0,22,0,32,43,0,75,2,0,2,77
03/13/2000,LYH,VA,AEA,EN,Federal Contract Tower,0,31,19,0,50,0,5,46,0,51,0,36,65,0,101,74,0,74,175
03/14/2000,LYH,VA,AEA,EN,Federal Contract Tower,0,29,17,1,47,0,7,64,3,74,0,36,81,4,121,60,0,60,181
03/15/2000,LYH,VA,AEA,EN,Federal Contract Tower,0,41,25,0,66,0,2,90,0,92,0,43,115,0,158,80,0,80,238
03/16/2000,LYH,VA,AEA,EN,Federal Contract Tower,0,37,23,0,60,0,0,21,0,21,0,37,44,0,81,34,0,34,115
03/17/2000,LYH,VA,AEA,EN,Federal Contract Tower,0,41,23,0,64,0,3,31,0,34,0,44,54,0,98,8,0,8,106
03/18/2000,LYH,VA,AEA,EN,Federal Contract Tower,0,27,16,0,43,0,0,71,0,71,0,27,87,0,114,58,0,58,172
03/19/2000,LYH,VA,AEA,EN,Federal Contract Tower,0,35,23,0,58,0,0,30,0,30,0,35,53,0,88,14,0,14,102
03/20/2000,LYH,VA,AEA,EN,Federal Contract Tower,0,30,6,0,36,0,11,0,0,11,0,41,6,0,47,0,0,0,47
03/21/2000,LYH,VA,AEA,EN,Federal Contract Tower,0,35,20,0,55,0,1,12,0,13,0,36,32,0,68,2,0,2,70
03/22/2000,LYH,VA,AEA,EN,Federal Contract Tower,0,40,27,0,67,0,0,39,0,39,0,40,66,0,106,34,0,34,140
03/23/2000,LYH,VA,AEA,EN,Federal Contract Tower,0,41,25,0,66,0,0,66,2,68,0,41,91,2,134,34,0,34,168
03/24/2000,LYH,VA,AEA,EN,Federal Contract Tower,0,38,24,0,62,0,0,124,2,126,0,38,148,2,188,80,0,80,268
03/25/2000,LYH,VA,AEA,EN,Federal Contract Tower,0,25,21,0,46,0,0,70,0,70,0,25,91,0,116,72,0,72,188
03/26/2000,LYH,VA,AEA,EN,Federal Contract Tower,0,34,21,0,55,0,0,55,2,57,0,34,76,2,112,10,0,10,122
03/27/2000,LYH,VA,AEA,EN,Federal Contract Tower,0,36,22,0,58,0,0,19,0,19,0,36,41,0,77,10,0,10,87
03/28/2000,LYH,VA,AEA,EN,Federal Contract Tower,0,43,26,0,69,0,0,11,0,11,0,43,37,0,80,10,0,10,90
03/29/2000,LYH,VA,AEA,EN,Federal Contract Tower,0,35,20,0,55,0,0,74,4,78,0,35,94,4,133,40,0,40,173
03/30/2000,LYH,VA,AEA,EN,Federal Contract Tower,0,36,23,0,59,0,0,65,0,65,0,36,88,0,124,82,0,82,206
03/31/2000,LYH,VA,AEA,EN,Federal Contract Tower,0,43,27,0,70,0,0,82,0,82,0,43,109,0,152,64,0,64,216
04/01/2000,LYH,VA,AEA,EN,Federal Contract Tower,0,24,14,2,40,0,8,90,0,98,0,32,104,2,138,86,0,86,224
04/02/2000,LYH,VA,AEA,EN,Federal Contract Tower,0,30,19,0,49,0,5,5,0,10,0,35,24,0,59,0,0,0,59
04/03/2000,LYH,VA,AEA,EN,Federal Contract Tower,0,36,23,0,59,0,0,4,0,4,0,36,27,0,63,26,0,26,89
04/04/2000,LYH,VA,AEA,EN,Federal Contract Tower,0,35,22,0,57,0,4,6,0,10,0,39,28,0,67,6,0,6,73
04/05/2000,LYH,VA,AEA,EN,Federal Contract Tower,0,45,28,3,76,0,7,32,1,40,0,52,60,4,116,40,0,40,156
04/06/2000,LYH,VA,AEA,EN,Federal Contract Tower,0,39,24,3,66,0,0,50,6,56,0,39,74,9,122,34,0,34,156
04/07/2000,LYH,VA,AEA,EN,Federal Contract Tower,0,38,24,2,64,0,2,73,1,76,0,40,97,3,140,102,0,102,242
04/08/2000,LYH,VA,AEA,EN,Federal Contract Tower,0,18,6,1,25,0,7,0,3,10,0,25,6,4,35,2,0,2,37
04/09/2000,LYH,VA,AEA,EN,Federal Contract Tower,0,24,15,0,39,0,5,19,0,24,0,29,34,0,63,8,0,8,71
04/10/2000,LYH,VA,AEA,EN,Federal Contract Tower,0,39,28,2,69,0,0,94,0,94,0,39,122,2,163,50,4,54,217
04/11/2000,LYH,VA,AEA,EN,Federal Contract Tower,0,44,26,0,70,0,0,56,0,56,0,44,82,0,126,56,0,56,182
04/12/2000,LYH,VA,AEA,EN,Federal Contract Tower,0,37,28,3,68,0,0,58,3,61,0,37,86,6,129,102,2,104,233
04/13/2000,LYH,VA,AEA,EN,Federal Contract Tower,0,41,26,2,69,0,0,40,0,40,0,41,66,2,109,42,2,44,153
04/14/2000,LYH,VA,AEA,EN,Federal Contract Tower,0,31,19,2,52,0,10,36,12,58,0,41,55,14,110,0,0,0,110
04/15/2000,LYH,VA,AEA,EN,Federal Contract Tower,0,26,16,1,43,0,3,0,0,3,0,29,16,1,46,0,0,0,46
04/16/2000,LYH,VA,AEA,EN,Federal Contract Tower,0,34,20,2,56,0,0,60,0,60,0,34,80,2,116,72,0,72,188
04/17/2000,LYH,VA,AEA,EN,Federal Contract Tower,0,29,17,0,46,0,1,0,0,1,0,30,17,0,47,10,0,10,57
04/18/2000,LYH,VA,AEA,EN,Federal Contract Tower,0,40,24,0,64,0,1,1,0,2,0,41,25,0,66,12,0,12,78
04/19/2000,LYH,VA,AEA,EN,Federal Contract Tower,0,42,30,0,72,0,0,88,0,88,0,42,118,0,160,78,0,78,238
04/20/2000,LYH,VA,AEA,EN,Federal Contract Tower,0,40,24,0,64,0,0,78,0,78,0,40,102,0,142,78,0,78,220
04/21/2000,LYH,VA,AEA,EN,Federal Contract Tower,0,29,17,0,46,0,4,10,0,14,0,33,27,0,60,30,0,30,90
04/22/2000,LYH,VA,AEA,EN,Federal Contract Tower,0,28,18,0,46,0,0,52,0,52,0,28,70,0,98,98,0,98,196
04/23/2000,LYH,VA,AEA,EN,Federal Contract Tower,0,26,15,1,42,0,5,48,1,54,0,31,63,2,96,66,0,66,162
04/24/2000,LYH,VA,AEA,EN,Federal Contract Tower,0,36,22,1,59,0,2,33,7,42,0,38,55,8,101,64,12,76,177
04/25/2000,LYH,VA,AEA,EN,Federal Contract Tower,0,33,16,0,49,0,9,0,0,9,0,42,16,0,58,2,0,2,60
04/26/2000,LYH,VA,AEA,EN,Federal Contract Tower,0,40,30,2,72,0,0,32,0,32,0,40,62,2,104,42,0,42,146
04/27/2000,LYH,VA,AEA,EN,Federal Contract Tower,0,39,25,0,64,0,0,57,0,57,0,39,82,0,121,50,0,50,171
04/28/2000,LYH,VA,AEA,EN,Federal Contract Tower,0,41,35,2,78,0,0,6,17,23,0,41,41,19,101,4,16,20,121
04/29/2000,LYH,VA,AEA,EN,Federal Contract Tower,0,26,16,0,42,0,5,42,0,47,0,31,58,0,89,48,0,48,137
04/30/2000,LYH,VA,AEA,EN,Federal Contract Tower,0,32,22,1,55,0,0,64,11,75,0,32,86,12,130,74,2,76,206
05/01/2000,LYH,VA,AEA,EN,Federal Contract Tower,0,30,18,0,48,0,6,45,0,51,0,36,63,0,99,70,0,70,169
05/02/2000,LYH,VA,AEA,EN,Federal Contract Tower,0,36,22,1,59,0,1,46,1,48,0,37,68,2,107,50,0,50,157
05/03/2000,LYH,VA,AEA,EN,Federal Contract Tower,0,35,23,0,58,0,0,87,0,87,0,35,110,0,145,36,0,36,181
05/04/2000,LYH,VA,AEA,EN,Federal Contract Tower,0,37,22,1,60,0,2,59,5,66,0,39,81,6,126,52,6,58,184
05/05/2000,LYH,VA,AEA,EN,Federal Contract Tower,0,39,26,2,67,0,0,63,6,69,0,39,89,8,136,106,2,108,244
05/06/2000,LYH,VA,AEA,EN,Federal Contract Tower,0,26,15,0,41,0,3,81,0,84,0,29,96,0,125,66,0,66,191
05/07/2000,LYH,VA,AEA,EN,Federal Contract Tower,0,34,21,0,55,0,0,41,0,41,0,34,62,0,96,60,0,60,156
05/08/2000,LYH,VA,AEA,EN,Federal Contract Tower,0,33,20,1,54,0,3,53,1,57,0,36,73,2,111,90,0,90,201
05/09/2000,LYH,VA,AEA,EN,Federal Contract Tower,0,42,25,0,67,0,1,50,0,51,0,43,75,0,118,50,0,50,168
05/10/2000,LYH,VA,AEA,EN,Federal Contract Tower,0,31,19,1,51,0,6,24,1,31,0,37,43,2,82,32,0,32,114
05/11/2000,LYH,VA,AEA,EN,Federal Contract Tower,0,39,26,1,66,0,0,126,3,129,0,39,152,4,195,150,0,150,345
05/12/2000,LYH,VA,AEA,EN,Federal Contract Tower,0,40,24,0,64,0,2,93,0,95,0,42,117,0,159,62,0,62,221
05/13/2000,LYH,VA,AEA,EN,Federal Contract Tower,0,24,19,0,43,0,0,74,0,74,0,24,93,0,117,62,0,62,179
05/14/2000,LYH,VA,AEA,EN,Federal Contract Tower,0,31,18,0,49,0,4,59,0,63,0,35,77,0,112,58,0,58,170
05/15/2000,LYH,VA,AEA,EN,Federal Contract Tower,0,32,19,1,52,0,4,50,1,55,0,36,69,2,107,76,4,80,187
05/16/2000,LYH,VA,AEA,EN,Federal Contract Tower,0,37,21,1,59,0,10,62,1,73,0,47,83,2,132,90,0,90,222
05/17/2000,LYH,VA,AEA,EN,Federal Contract Tower,0,43,24,0,67,0,1,40,0,41,0,44,64,0,108,32,0,32,140
05/18/2000,LYH,VA,AEA,EN,Federal Contract Tower,0,38,25,1,64,0,0,44,1,45,0,38,69,2,109,32,2,34,143
05/19/2000,LYH,VA,AEA,EN,Federal Contract Tower,0,38,26,1,65,0,0,45,5,50,0,38,71,6,115,68,0,68,183
05/20/2000,LYH,VA,AEA,EN,Federal Contract Tower,0,25,16,0,41,0,0,50,0,50,0,25,66,0,91,34,0,34,125
05/21/2000,LYH,VA,AEA,EN,Federal Contract Tower,0,30,16,0,46,0,4,24,0,28,0,34,40,0,74,44,0,44,118
05/22/2000,LYH,VA,AEA,EN,Federal Contract Tower,0,37,21,1,59,0,0,30,3,33,0,37,51,4,92,26,0,26,118
05/23/2000,LYH,VA,AEA,EN,Federal Contract Tower,0,40,24,0,64,0,0,40,0,40,0,40,64,0,104,52,2,54,158
05/24/2000,LYH,VA,AEA,EN,Federal Contract Tower,0,39,23,0,62,0,1,69,8,78,0,40,92,8,140,80,0,80,220
05/25/2000,LYH,VA,AEA,EN,Federal Contract Tower,0,43,25,0,68,0,2,65,2,69,0,45,90,2,137,32,0,32,169
05/26/2000,LYH,VA,AEA,EN,Federal Contract Tower,0,43,31,1,75,0,0,119,1,120,0,43,150,2,195,64,0,64,259
05/27/2000,LYH,VA,AEA,EN,Federal Contract Tower,0,22,15,0,37,0,0,38,0,38,0,22,53,0,75,40,0,40,115
05/28/2000,LYH,VA,AEA,EN,Federal Contract Tower,0,24,14,0,38,0,0,0,0,0,0,24,14,0,38,0,0,0,38
05/29/2000,LYH,VA,AEA,EN,Federal Contract Tower,0,32,21,0,53,0,0,28,2,30,0,32,49,2,83,20,0,20,103
05/30/2000,LYH,VA,AEA,EN,Federal Contract Tower,0,37,22,0,59,0,3,27,4,34,0,40,49,4,93,60,0,60,153
05/31/2000,LYH,VA,AEA,EN,Federal Contract Tower,0,42,25,0,67,0,3,61,0,64,0,45,86,0,131,80,0,80,211
06/01/2000,LYH,VA,AEA,EN,Federal Contract Tower,0,40,25,0,65,0,0,63,0,63,0,40,88,0,128,64,0,64,192
06/02/2000,LYH,VA,AEA,EN,Federal Contract Tower,0,37,27,2,66,0,0,74,8,82,0,37,101,10,148,48,4,52,200
06/03/2000,LYH,VA,AEA,EN,Federal Contract Tower,0,29,25,0,54,0,0,65,0,65,0,29,90,0,119,30,0,30,149
06/04/2000,LYH,VA,AEA,EN,Federal Contract Tower,0,31,21,0,52,0,0,112,0,112,0,31,133,0,164,32,0,32,196
06/05/2000,LYH,VA,AEA,EN,Federal Contract Tower,0,31,20,1,52,0,4,8,3,15,0,35,28,4,67,34,0,34,101
06/06/2000,LYH,VA,AEA,EN,Federal Contract Tower,0,38,24,2,64,0,6,17,4,27,0,44,41,6,91,14,0,14,105
06/07/2000,LYH,VA,AEA,EN,Federal Contract Tower,0,42,26,2,70,0,4,87,0,91,0,46,113,2,161,90,4,94,255
06/08/2000,LYH,VA,AEA,EN,Federal Contract Tower,0,40,25,2,67,0,3,53,4,60,0,43,78,6,127,44,6,50,177
06/09/2000,LYH,VA,AEA,EN,Federal Contract Tower,0,34,21,1,56,0,6,88,10,104,0,40,109,11,160,56,4,60,220
06/10/2000,LYH,VA,AEA,EN,Federal Contract Tower,0,20,12,0,32,0,6,58,0,64,0,26,70,0,96,66,0,66,162
06/11/2000,LYH,VA,AEA,EN,Federal Contract Tower,0,31,19,0,50,0,7,75,0,82,0,38,94,0,132,100,0,100,232
06/12/2000,LYH,VA,AEA,EN,Federal Contract Tower,0,32,20,1,53,0,6,34,3,43,0,38,54,4,96,120,0,120,216
06/13/2000,LYH,VA,AEA,EN,Federal Contract Tower,0,33,21,0,54,0,9,21,0,30,0,42,42,0,84,80,0,80,164
06/14/2000,LYH,VA,AEA,EN,Federal Contract Tower,0,35,22,2,59,0,0,4,6,10,0,35,26,8,69,0,0,0,69
06/15/2000,LYH,VA,AEA,EN,Federal Contract Tower,0,33,23,0,56,0,0,38,0,38,0,33,61,0,94,38,0,38,132
06/16/2000,LYH,VA,AEA,EN,Federal Contract Tower,0,28,17,0,45,0,9,17,0,26,0,37,34,0,71,30,0,30,101
06/17/2000,LYH,VA,AEA,EN,Federal Contract Tower,0,21,13,2,36,0,0,54,4,58,0,21,67,6,94,100,0,100,194
06/18/2000,LYH,VA,AEA,EN,Federal Contract Tower,0,24,14,2,40,0,7,12,4,23,0,31,26,6,63,10,0,10,73
06/19/2000,LYH,VA,AEA,EN,Federal Contract Tower,0,35,20,0,55,0,5,44,0,49,0,40,64,0,104,48,0,48,152
06/20/2000,LYH,VA,AEA,EN,Federal Contract Tower,0,36,23,0,59,0,0,94,0,94,0,36,117,0,153,98,0,98,251
06/21/2000,LYH,VA,AEA,EN,Federal Contract Tower,0,35,20,0,55,0,1,14,0,15,0,36,34,0,70,28,0,28,98
06/22/2000,LYH,VA,AEA,EN,Federal Contract Tower,0,40,23,3,66,0,6,51,4,61,0,46,74,7,127,58,2,60,187
06/23/2000,LYH,VA,AEA,EN,Federal Contract Tower,0,40,29,2,71,0,0,103,0,103,0,40,132,2,174,144,4,148,322
06/24/2000,LYH,VA,AEA,EN,Federal Contract Tower,0,26,19,2,47,0,0,99,0,99,0,26,118,2,146,142,0,142,288
06/25/2000,LYH,VA,AEA,EN,Federal Contract Tower,0,29,18,2,49,0,0,40,0,40,0,29,58,2,89,44,0,44,133
06/26/2000,LYH,VA,AEA,EN,Federal Contract Tower,0,31,19,2,52,0,0,35,8,43,0,31,54,10,95,26,0,26,121
06/27/2000,LYH,VA,AEA,EN,Federal Contract Tower,0,31,18,2,51,0,7,41,0,48,0,38,59,2,99,32,10,42,141
06/28/2000,LYH,VA,AEA,EN,Federal Contract Tower,0,39,22,0,61,0,4,2,0,6,0,43,24,0,67,6,0,6,73
06/29/2000,LYH,VA,AEA,EN,Federal Contract Tower,0,39,26,0,65,0,0,54,0,54,0,39,80,0,119,76,0,76,195
06/30/2000,LYH,VA,AEA,EN,Federal Contract Tower,0,36,25,2,63,0,0,107,0,107,0,36,132,2,170,198,0,198,368
07/01/2000,LYH,VA,AEA,EN,Federal Contract Tower,0,24,15,2,41,0,1,71,0,72,0,25,86,2,113,46,0,46,159
07/02/2000,LYH,VA,AEA,EN,Federal Contract Tower,0,26,15,0,41,0,5,71,0,76,0,31,86,0,117,92,0,92,209
07/03/2000,LYH,VA,AEA,EN,Federal Contract Tower,0,22,13,0,35,0,2,59,0,61,0,24,72,0,96,130,0,130,226
07/04/2000,LYH,VA,AEA,EN,Federal Contract Tower,0,22,14,0,36,0,0,32,0,32,0,22,46,0,68,32,0,32,100
07/05/2000,LYH,VA,AEA,EN,Federal Contract Tower,0,36,22,2,60,0,4,23,0,27,0,40,45,2,87,24,0,24,111
07/06/2000,LYH,VA,AEA,EN,Federal Contract Tower,0,38,24,2,64,0,0,68,0,68,0,38,92,2,132,44,0,44,176
07/07/2000,LYH,VA,AEA,EN,Federal Contract Tower,0,35,21,2,58,0,3,82,0,85,0,38,103,2,143,76,0,76,219
07/08/2000,LYH,VA,AEA,EN,Federal Contract Tower,0,27,18,2,47,0,0,96,2,98,0,27,114,4,145,84,10,94,239
07/09/2000,LYH,VA,AEA,EN,Federal Contract Tower,0,25,15,2,42,0,3,51,0,54,0,28,66,2,96,42,0,42,138
07/10/2000,LYH,VA,AEA,EN,Federal Contract Tower,0,28,16,0,44,0,9,36,0,45,0,37,52,0,89,70,0,70,159
07/11/2000,LYH,VA,AEA,EN,Federal Contract Tower,0,28,17,0,45,0,8,20,0,28,0,36,37,0,73,30,0,30,103
07/12/2000,LYH,VA,AEA,EN,Federal Contract Tower,0,36,24,2,62,0,0,44,2,46,0,36,68,4,108,68,8,76,184
07/13/2000,LYH,VA,AEA,EN,Federal Contract Tower,0,41,33,2,76,0,0,56,0,56,0,41,89,2,132,122,2,124,256
07/14/2000,LYH,VA,AEA,EN,Federal Contract Tower,0,37,23,2,62,0,3,48,3,54,0,40,71,5,116,130,0,130,246
07/15/2000,LYH,VA,AEA,EN,Federal Contract Tower,0,25,17,2,44,0,0,70,4,74,0,25,87,6,118,80,2,82,200
07/16/2000,LYH,VA,AEA,EN,Federal Contract Tower,0,35,23,3,61,0,0,67,1,68,0,35,90,4,129,68,2,70,199
07/17/2000,LYH,VA,AEA,EN,Federal Contract Tower,0,39,24,2,65,0,0,74,2,76,0,39,98,4,141,50,0,50,191
07/18/2000,LYH,VA,AEA,EN,Federal Contract Tower,0,34,20,1,55,0,3,57,1,61,0,37,77,2,116,150,4,154,270
07/19/2000,LYH,VA,AEA,EN,Federal Contract Tower,0,29,16,1,46,0,14,13,1,28,0,43,29,2,74,50,0,50,124
07/20/2000,LYH,VA,AEA,EN,Federal Contract Tower,0,38,28,2,68,0,0,28,2,30,0,38,56,4,98,60,0,60,158
07/21/2000,LYH,VA,AEA,EN,Federal Contract Tower,0,36,22,1,59,0,3,71,5,79,0,39,93,6,138,108,0,108,246
07/22/2000,LYH,VA,AEA,EN,Federal Contract Tower,0,28,16,0,44,0,0,63,0,63,0,28,79,0,107,50,0,50,157
07/23/2000,LYH,VA,AEA,EN,Federal Contract Tower,0,30,18,1,49,0,2,34,1,37,0,32,52,2,86,10,0,10,96
07/24/2000,LYH,VA,AEA,EN,Federal Contract Tower,0,29,11,1,41,0,9,0,1,10,0,38,11,2,51,0,0,0,51
07/25/2000,LYH,VA,AEA,EN,Federal Contract Tower,0,44,30,2,76,0,0,29,6,35,0,44,59,8,111,0,0,0,111
07/26/2000,LYH,VA,AEA,EN,Federal Contract Tower,0,33,20,0,53,0,9,28,0,37,0,42,48,0,90,80,0,80,170
07/27/2000,LYH,VA,AEA,EN,Federal Contract Tower,0,39,30,0,69,0,0,85,0,85,0,39,115,0,154,88,0,88,242
07/28/2000,LYH,VA,AEA,EN,Federal Contract Tower,0,31,20,1,52,0,0,47,9,56,0,31,67,10,108,76,8,84,192
07/29/2000,LYH,VA,AEA,EN,Federal Contract Tower,0,12,8,0,20,0,0,33,2,35,0,12,41,2,55,22,0,22,77
07/30/2000,LYH,VA,AEA,EN,Federal Contract Tower,0,22,13,1,36,0,6,9,5,20,0,28,22,6,56,36,0,36,92
07/31/2000,LYH,VA,AEA,EN,Federal Contract Tower,0,35,21,1,57,0,0,12,3,15,0,35,33,4,72,32,0,32,104
08/01/2000,LYH,VA,AEA,EN,Federal Contract Tower,0,29,23,1,53,0,0,19,1,20,0,29,42,2,73,40,0,40,113
08/02/2000,LYH,VA,AEA,EN,Federal Contract Tower,0,32,24,2,58,0,0,0,7,7,0,32,24,9,65,0,28,28,93
08/03/2000,LYH,VA,AEA,EN,Federal Contract Tower,0,32,25,0,57,0,2,34,0,36,0,34,59,0,93,40,0,40,133
08/04/2000,LYH,VA,AEA,EN,Federal Contract Tower,0,35,27,2,64,0,4,64,2,70,0,39,91,4,134,66,4,70,204
08/05/2000,LYH,VA,AEA,EN,Federal Contract Tower,0,8,11,1,20,0,0,62,5,67,0,8,73,6,87,72,0,72,159
08/06/2000,LYH,VA,AEA,EN,Federal Contract Tower,0,20,18,2,40,0,0,23,0,23,0,20,41,2,63,30,0,30,93
08/07/2000,LYH,VA,AEA,EN,Federal Contract Tower,0,33,27,2,62,0,3,48,2,53,0,36,75,4,115,106,16,122,237
08/08/2000,LYH,VA,AEA,EN,Federal Contract Tower,0,35,28,2,65,0,7,67,0,74,0,42,95,2,139,46,0,46,185
08/09/2000,LYH,VA,AEA,EN,Federal Contract Tower,0,33,26,0,59,0,0,24,0,24,0,33,50,0,83,44,0,44,127
08/10/2000,LYH,VA,AEA,EN,Federal Contract Tower,0,33,27,0,60,0,2,92,0,94,0,35,119,0,154,80,0,80,234
08/11/2000,LYH,VA,AEA,EN,Federal Contract Tower,0,36,28,2,66,0,3,81,0,84,0,39,109,2,150,114,28,142,292
08/12/2000,LYH,VA,AEA,EN,Federal Contract Tower,0,8,14,0,22,0,0,79,0,79,0,8,93,0,101,40,0,40,141
08/13/2000,LYH,VA,AEA,EN,Federal Contract Tower,0,22,20,2,44,0,0,42,0,42,0,22,62,2,86,50,0,50,136
08/14/2000,LYH,VA,AEA,EN,Federal Contract Tower,0,30,25,2,57,0,4,65,2,71,0,34,90,4,128,82,4,86,214
08/15/2000,LYH,VA,AEA,EN,Federal Contract Tower,0,34,27,0,61,0,1,73,0,74,0,35,100,0,135,74,0,74,209
08/16/2000,LYH,VA,AEA,EN,Federal Contract Tower,0,38,31,0,69,2,0,58,0,60,2,38,89,0,129,18,0,18,147
08/17/2000,LYH,VA,AEA,EN,Federal Contract Tower,0,34,27,2,63,0,0,107,0,107,0,34,134,2,170,102,0,102,272
08/18/2000,LYH,VA,AEA,EN,Federal Contract Tower,0,27,19,0,46,2,7,17,0,26,2,34,36,0,72,20,0,20,92
08/19/2000,LYH,VA,AEA,EN,Federal Contract Tower,0,9,12,1,22,0,0,76,5,81,0,9,88,6,103,90,8,98,201
08/20/2000,LYH,VA,AEA,EN,Federal Contract Tower,0,23,21,0,44,0,0,57,0,57,0,23,78,0,101,52,0,52,153
08/21/2000,LYH,VA,AEA,EN,Federal Contract Tower,0,30,23,0,53,0,7,41,0,48,0,37,64,0,101,52,0,52,153
08/22/2000,LYH,VA,AEA,EN,Federal Contract Tower,0,38,30,2,70,0,0,60,0,60,0,38,90,2,130,52,0,52,182
08/23/2000,LYH,VA,AEA,EN,Federal Contract Tower,0,34,26,1,61,0,5,40,1,46,0,39,66,2,107,38,0,38,145
08/24/2000,LYH,VA,AEA,EN,Federal Contract Tower,0,32,27,0,59,0,0,40,0,40,0,32,67,0,99,8,0,8,107
08/25/2000,LYH,VA,AEA,EN,Federal Contract Tower,0,35,28,2,65,0,0,24,4,28,0,35,52,6,93,46,12,58,151
08/26/2000,LYH,VA,AEA,EN,Federal Contract Tower,0,14,13,0,27,0,0,50,0,50,0,14,63,0,77,10,0,10,87
08/27/2000,LYH,VA,AEA,EN,Federal Contract Tower,0,16,12,0,28,0,4,20,0,24,0,20,32,0,52,28,0,28,80
08/28/2000,LYH,VA,AEA,EN,Federal Contract Tower,0,23,18,0,41,0,10,8,0,18,0,33,26,0,59,10,0,10,69
08/29/2000,LYH,VA,AEA,EN,Federal Contract Tower,0,39,30,2,71,0,0,24,4,28,0,39,54,6,99,44,6,50,149
08/30/2000,LYH,VA,AEA,EN,Federal Contract Tower,0,35,27,0,62,0,3,3,0,6,0,38,30,0,68,0,0,0,68
08/31/2000,LYH,VA,AEA,EN,Federal Contract Tower,0,41,32,0,73,0,0,11,0,11,0,41,43,0,84,40,0,40,124
09/01/2000,LYH,VA,AEA,EN,Federal Contract Tower,0,34,24,0,58,0,3,15,0,18,0,37,39,0,76,16,0,16,92
09/02/2000,LYH,VA,AEA,EN,Federal Contract Tower,0,19,14,0,33,0,1,16,0,17,0,20,30,0,50,64,0,64,114
09/03/2000,LYH,VA,AEA,EN,Federal Contract Tower,0,16,12,0,28,0,5,1,0,6,0,21,13,0,34,16,0,16,50
09/04/2000,LYH,VA,AEA,EN,Federal Contract Tower,0,26,17,0,43,0,4,9,0,13,0,30,26,0,56,60,0,60,116
09/05/2000,LYH,VA,AEA,EN,Federal Contract Tower,0,16,12,0,28,0,17,16,0,33,0,33,28,0,61,0,0,0,61
09/06/2000,LYH,VA,AEA,EN,Federal Contract Tower,0,39,32,2,73,0,0,43,10,53,0,39,75,12,126,56,0,56,182
09/07/2000,LYH,VA,AEA,EN,Federal Contract Tower,0,34,33,2,69,0,0,97,2,99,0,34,130,4,168,50,0,50,218
09/08/2000,LYH,VA,AEA,EN,Federal Contract Tower,0,40,28,2,70,0,0,76,0,76,0,40,104,2,146,86,0,86,232
09/09/2000,LYH,VA,AEA,EN,Federal Contract Tower,0,27,19,0,46,0,0,201,0,201,0,27,220,0,247,58,0,58,305
09/10/2000,LYH,VA,AEA,EN,Federal Contract Tower,0,26,17,0,43,0,2,117,0,119,0,28,134,0,162,22,0,22,184
09/11/2000,LYH,VA,AEA,EN,Federal Contract Tower,0,34,30,2,66,0,0,32,4,36,0,34,62,6,102,42,14,56,158
09/12/2000,LYH,VA,AEA,EN,Federal Contract Tower,0,34,26,2,62,0,0,51,4,55,0,34,77,6,117,60,0,60,177
09/13/2000,LYH,VA,AEA,EN,Federal Contract Tower,0,35,27,2,64,0,0,61,6,67,0,35,88,8,131,60,0,60,191
09/14/2000,LYH,VA,AEA,EN,Federal Contract Tower,0,36,25,2,63,0,4,18,10,32,0,40,43,12,95,40,0,40,135
09/15/2000,LYH,VA,AEA,EN,Federal Contract Tower,0,36,23,2,61,0,1,40,2,43,0,37,63,4,104,50,2,52,156
09/16/2000,LYH,VA,AEA,EN,Federal Contract Tower,0,26,20,1,47,0,0,110,1,111,0,26,130,2,158,60,0,60,218
09/17/2000,LYH,VA,AEA,EN,Federal Contract Tower,0,25,18,0,43,0,4,129,0,133,0,29,147,0,176,52,0,52,228
09/18/2000,LYH,VA,AEA,EN,Federal Contract Tower,0,33,23,1,57,0,5,53,1,59,0,38,76,2,116,64,0,64,180
09/19/2000,LYH,VA,AEA,EN,Federal Contract Tower,0,34,23,0,57,0,5,44,0,49,0,39,67,0,106,68,0,68,174
09/20/2000,LYH,VA,AEA,EN,Federal Contract Tower,0,28,18,1,47,0,6,58,1,65,0,34,76,2,112,80,0,80,192
09/21/2000,LYH,VA,AEA,EN,Federal Contract Tower,0,37,25,1,63,0,4,47,1,52,0,41,72,2,115,28,0,28,143
09/22/2000,LYH,VA,AEA,EN,Federal Contract Tower,0,36,25,0,61,0,0,64,0,64,0,36,89,0,125,70,0,70,195
09/23/2000,LYH,VA,AEA,EN,Federal Contract Tower,0,21,14,0,35,0,4,0,0,4,0,25,14,0,39,2,0,2,41
09/24/2000,LYH,VA,AEA,EN,Federal Contract Tower,0,29,20,0,49,0,0,35,0,35,0,29,55,0,84,32,0,32,116
09/25/2000,LYH,VA,AEA,EN,Federal Contract Tower,0,37,18,0,55,0,8,0,0,8,0,45,18,0,63,0,0,0,63
09/26/2000,LYH,VA,AEA,EN,Federal Contract Tower,0,39,27,1,67,0,0,32,1,33,0,39,59,2,100,84,0,84,184
09/27/2000,LYH,VA,AEA,EN,Federal Contract Tower,0,37,28,1,66,0,0,88,1,89,0,37,116,2,155,32,0,32,187
09/28/2000,LYH,VA,AEA,EN,Federal Contract Tower,0,38,26,0,64,0,0,68,0,68,0,38,94,0,132,40,0,40,172
09/29/2000,LYH,VA,AEA,EN,Federal Contract Tower,0,37,30,1,68,0,0,47,11,58,0,37,77,12,126,30,0,30,156
09/30/2000,LYH,VA,AEA,EN,Federal Contract Tower,0,27,24,0,51,0,0,63,0,63,0,27,87,0,114,166,0,166,280
10/01/2000,LYH,VA,AEA,EN,Federal Contract Tower,0,29,22,1,52,0,0,117,6,123,0,29,139,7,175,126,2,128,303
10/02/2000,LYH,VA,AEA,EN,Federal Contract Tower,0,36,22,0,58,0,0,85,0,85,0,36,107,0,143,122,0,122,265
10/03/2000,LYH,VA,AEA,EN,Federal Contract Tower,0,31,20,1,52,0,0,77,3,80,0,31,97,4,132,72,2,74,206
10/04/2000,LYH,VA,AEA,EN,Federal Contract Tower,0,37,28,1,66,0,0,71,4,75,0,37,99,5,141,56,8,64,205
10/05/2000,LYH,VA,AEA,EN,Federal Contract Tower,0,41,25,2,68,0,2,65,1,68,0,43,90,3,136,98,2,100,236
10/06/2000,LYH,VA,AEA,EN,Federal Contract Tower,0,33,19,2,54,2,9,31,2,44,2,42,50,4,98,86,0,86,184
10/07/2000,LYH,VA,AEA,EN,Federal Contract Tower,0,18,11,1,30,0,7,82,9,98,0,25,93,10,128,70,0,70,198
10/08/2000,LYH,VA,AEA,EN,Federal Contract Tower,0,22,13,0,35,2,6,44,0,52,2,28,57,0,87,24,0,24,111
10/09/2000,LYH,VA,AEA,EN,Federal Contract Tower,0,30,17,0,47,0,7,38,0,45,0,37,55,0,92,70,0,70,162
10/10/2000,LYH,VA,AEA,EN,Federal Contract Tower,0,37,22,2,61,0,5,59,0,64,0,42,81,2,125,30,0,30,155
10/11/2000,LYH,VA,AEA,EN,Federal Contract Tower,0,36,21,2,59,0,1,98,6,105,0,37,119,8,164,92,0,92,256
10/12/2000,LYH,VA,AEA,EN,Federal Contract Tower,0,41,26,1,68,0,0,114,0,114,0,41,140,1,182,72,2,74,256
10/13/2000,LYH,VA,AEA,EN,Federal Contract Tower,0,34,24,2,60,0,0,69,0,69,0,34,93,2,129,92,0,92,221
10/14/2000,LYH,VA,AEA,EN,Federal Contract Tower,0,22,14,0,36,0,6,64,0,70,0,28,78,0,106,24,0,24,130
10/15/2000,LYH,VA,AEA,EN,Federal Contract Tower,0,34,20,0,54,0,2,80,0,82,0,36,100,0,136,32,0,32,168
10/16/2000,LYH,VA,AEA,EN,Federal Contract Tower,0,31,19,0,50,0,5,44,0,49,0,36,63,0,99,16,0,16,115
10/17/2000,LYH,VA,AEA,EN,Federal Contract Tower,0,39,27,2,68,0,0,20,2,22,0,39,47,4,90,40,0,40,130
10/18/2000,LYH,VA,AEA,EN,Federal Contract Tower,0,35,21,2,58,0,0,14,2,16,0,35,35,4,74,78,0,78,152
10/19/2000,LYH,VA,AEA,EN,Federal Contract Tower,0,33,19,1,53,0,5,76,3,84,0,38,95,4,137,142,0,142,279
10/20/2000,LYH,VA,AEA,EN,Federal Contract Tower,0,39,27,0,66,0,0,73,0,73,0,39,100,0,139,108,0,108,247
10/21/2000,LYH,VA,AEA,EN,Federal Contract Tower,0,25,15,0,40,0,0,73,4,77,0,25,88,4,117,40,0,40,157
10/22/2000,LYH,VA,AEA,EN,Federal Contract Tower,0,27,16,1,44,0,2,50,1,53,0,29,66,2,97,30,0,30,127
10/23/2000,LYH,VA,AEA,EN,Federal Contract Tower,0,35,20,1,56,0,3,74,1,78,0,38,94,2,134,150,4,154,288
10/24/2000,LYH,VA,AEA,EN,Federal Contract Tower,0,31,18,0,49,0,5,61,0,66,0,36,79,0,115,110,0,110,225
10/25/2000,LYH,VA,AEA,EN,Federal Contract Tower,0,33,19,0,52,0,1,69,0,70,0,34,88,0,122,74,0,74,196
10/26/2000,LYH,VA,AEA,EN,Federal Contract Tower,0,43,32,0,75,0,0,79,0,79,0,43,111,0,154,86,0,86,240
10/27/2000,LYH,VA,AEA,EN,Federal Contract Tower,0,45,29,0,74,0,0,73,0,73,0,45,102,0,147,130,0,130,277
10/28/2000,LYH,VA,AEA,EN,Federal Contract Tower,0,27,16,1,44,0,0,32,1,33,0,27,48,2,77,24,2,26,103
10/29/2000,LYH,VA,AEA,EN,Federal Contract Tower,0,34,19,0,53,0,3,89,0,92,0,37,108,0,145,72,0,72,217
10/30/2000,LYH,VA,AEA,EN,Federal Contract Tower,0,34,20,0,54,0,3,87,0,90,0,37,107,0,144,70,0,70,214
10/31/2000,LYH,VA,AEA,EN,Federal Contract Tower,0,38,27,1,66,0,0,110,3,113,0,38,137,4,179,102,18,120,299
11/01/2000,LYH,VA,AEA,EN,Federal Contract Tower,0,37,22,0,59,0,0,88,0,88,0,37,110,0,147,162,0,162,309
11/02/2000,LYH,VA,AEA,EN,Federal Contract Tower,0,37,23,1,61,0,0,109,3,112,0,37,132,4,173,160,2,162,335
11/03/2000,LYH,VA,AEA,EN,Federal Contract Tower,1,40,23,1,65,1,0,52,0,53,2,40,75,1,118,112,0,112,230
11/04/2000,LYH,VA,AEA,EN,Federal Contract Tower,0,25,23,1,49,0,0,56,3,59,0,25,79,4,108,66,0,66,174
11/05/2000,LYH,VA,AEA,EN,Federal Contract Tower,0,27,20,0,47,2,0,79,0,81,2,27,99,0,128,90,0,90,218
11/06/2000,LYH,VA,AEA,EN,Federal Contract Tower,0,33,20,0,53,0,3,51,0,54,0,36,71,0,107,148,0,148,255
11/07/2000,LYH,VA,AEA,EN,Federal Contract Tower,0,31,19,1,51,0,5,48,3,56,0,36,67,4,107,100,0,100,207
11/08/2000,LYH,VA,AEA,EN,Federal Contract Tower,0,29,19,0,48,0,0,31,0,31,0,29,50,0,79,40,0,40,119
11/09/2000,LYH,VA,AEA,EN,Federal Contract Tower,0,31,10,0,41,0,10,0,0,10,0,41,10,0,51,0,0,0,51
11/10/2000,LYH,VA,AEA,EN,Federal Contract Tower,0,32,20,1,53,0,6,21,5,32,0,38,41,6,85,32,4,36,121
11/11/2000,LYH,VA,AEA,EN,Federal Contract Tower,0,25,17,1,43,0,0,70,1,71,0,25,87,2,114,54,0,54,168
11/12/2000,LYH,VA,AEA,EN,Federal Contract Tower,0,32,22,0,54,0,0,130,0,130,0,32,152,0,184,86,0,86,270
11/13/2000,LYH,VA,AEA,EN,Federal Contract Tower,0,39,30,2,71,0,0,64,4,68,0,39,94,6,139,156,2,158,297
11/14/2000,LYH,VA,AEA,EN,Federal Contract Tower,0,37,22,2,61,0,2,39,0,41,0,39,61,2,102,24,2,26,128
11/15/2000,LYH,VA,AEA,EN,Federal Contract Tower,0,34,19,1,54,0,4,73,5,82,0,38,92,6,136,52,8,60,196
11/16/2000,LYH,VA,AEA,EN,Federal Contract Tower,0,35,20,0,55,0,4,63,0,67,0,39,83,0,122,90,0,90,212
11/17/2000,LYH,VA,AEA,EN,Federal Contract Tower,0,33,19,1,53,0,4,25,13,42,0,37,44,14,95,34,0,34,129
11/18/2000,LYH,VA,AEA,EN,Federal Contract Tower,0,26,17,1,44,0,0,88,5,93,0,26,105,6,137,130,0,130,267
11/19/2000,LYH,VA,AEA,EN,Federal Contract Tower,0,28,16,0,44,0,2,12,0,14,0,30,28,0,58,60,0,60,118
11/20/2000,LYH,VA,AEA,EN,Federal Contract Tower,0,31,18,0,49,0,5,29,0,34,0,36,47,0,83,30,0,30,113
11/21/2000,LYH,VA,AEA,EN,Federal Contract Tower,0,29,17,0,46,0,0,32,0,32,0,29,49,0,78,32,0,32,110
11/22/2000,LYH,VA,AEA,EN,Federal Contract Tower,0,38,22,0,60,0,0,52,0,52,0,38,74,0,112,56,0,56,168
11/23/2000,LYH,VA,AEA,EN,Federal Contract Tower,0,15,8,0,23,0,5,35,0,40,0,20,43,0,63,30,0,30,93
11/24/2000,LYH,VA,AEA,EN,Federal Contract Tower,0,17,14,0,31,0,0,79,0,79,0,17,93,0,110,50,0,50,160
11/25/2000,LYH,VA,AEA,EN,Federal Contract Tower,0,17,3,0,20,0,7,0,0,7,0,24,3,0,27,0,0,0,27
11/26/2000,LYH,VA,AEA,EN,Federal Contract Tower,0,33,20,0,53,0,2,17,0,19,0,35,37,0,72,8,0,8,80
11/27/2000,LYH,VA,AEA,EN,Federal Contract Tower,0,44,25,0,69,0,1,50,0,51,0,45,75,0,120,42,0,42,162
11/28/2000,LYH,VA,AEA,EN,Federal Contract Tower,0,36,22,0,58,0,0,55,0,55,0,36,77,0,113,76,0,76,189
11/29/2000,LYH,VA,AEA,EN,Federal Contract Tower,0,38,21,1,60,0,1,47,2,50,0,39,68,3,110,136,4,140,250
11/30/2000,LYH,VA,AEA,EN,Federal Contract Tower,0,37,21,0,58,0,4,38,0,42,0,41,59,0,100,50,0,50,150
12/01/2000,LYH,VA,AEA,EN,Federal Contract Tower,0,37,22,0,59,0,0,91,0,91,0,37,113,0,150,130,0,130,280
12/02/2000,LYH,VA,AEA,EN,Federal Contract Tower,0,23,12,0,35,0,0,8,7,15,0,23,20,7,50,0,0,0,50
12/03/2000,LYH,VA,AEA,EN,Federal Contract Tower,0,19,10,0,29,0,8,11,5,24,0,27,21,5,53,36,0,36,89
12/04/2000,LYH,VA,AEA,EN,Federal Contract Tower,0,41,20,1,62,0,3,68,4,75,0,44,88,5,137,138,0,138,275
12/05/2000,LYH,VA,AEA,EN,Federal Contract Tower,0,34,17,0,51,0,1,28,0,29,0,35,45,0,80,4,0,4,84
12/06/2000,LYH,VA,AEA,EN,Federal Contract Tower,0,37,19,1,57,0,0,79,3,82,0,37,98,4,139,102,0,102,241
12/07/2000,LYH,VA,AEA,EN,Federal Contract Tower,0,43,22,0,65,0,0,34,0,34,0,43,56,0,99,8,0,8,107
12/08/2000,LYH,VA,AEA,EN,Federal Contract Tower,0,57,33,0,90,0,0,59,0,59,0,57,92,0,149,84,0,84,233
12/09/2000,LYH,VA,AEA,EN,Federal Contract Tower,0,25,15,0,40,0,0,105,0,105,0,25,120,0,145,152,0,152,297
12/10/2000,LYH,VA,AEA,EN,Federal Contract Tower,0,23,5,0,28,0,7,0,0,7,0,30,5,0,35,0,0,0,35
12/11/2000,LYH,VA,AEA,EN,Federal Contract Tower,0,32,16,0,48,0,7,5,0,12,0,39,21,0,60,34,0,34,94
12/12/2000,LYH,VA,AEA,EN,Federal Contract Tower,0,32,15,0,47,0,6,16,0,22,0,38,31,0,69,64,0,64,133
12/13/2000,LYH,VA,AEA,EN,Federal Contract Tower,0,36,26,0,62,0,0,60,0,60,0,36,86,0,122,54,0,54,176
12/14/2000,LYH,VA,AEA,EN,Federal Contract Tower,0,38,19,0,57,0,6,26,0,32,0,44,45,0,89,42,0,42,131
12/15/2000,LYH,VA,AEA,EN,Federal Contract Tower,0,38,20,0,58,0,0,19,0,19,0,38,39,0,77,70,0,70,147
12/16/2000,LYH,VA,AEA,EN,Federal Contract Tower,0,20,5,0,25,0,6,0,0,6,0,26,5,0,31,0,0,0,31
12/17/2000,LYH,VA,AEA,EN,Federal Contract Tower,0,13,6,0,19,0,2,0,0,2,0,15,6,0,21,0,0,0,21
12/18/2000,LYH,VA,AEA,EN,Federal Contract Tower,0,37,17,0,54,0,3,63,3,69,0,40,80,3,123,60,0,60,183
12/19/2000,LYH,VA,AEA,EN,Federal Contract Tower,0,20,9,0,29,0,18,1,0,19,0,38,10,0,48,0,0,0,48
12/20/2000,LYH,VA,AEA,EN,Federal Contract Tower,0,34,21,0,55,0,0,38,4,42,0,34,59,4,97,10,4,14,111
12/21/2000,LYH,VA,AEA,EN,Federal Contract Tower,0,35,18,0,53,0,0,41,4,45,0,35,59,4,98,34,4,38,136
12/22/2000,LYH,VA,AEA,EN,Federal Contract Tower,0,36,20,0,56,0,0,36,0,36,0,36,56,0,92,24,0,24,116
12/23/2000,LYH,VA,AEA,EN,Federal Contract Tower,0,25,13,0,38,0,0,44,2,46,0,25,57,2,84,14,4,18,102
12/24/2000,LYH,VA,AEA,EN,Federal Contract Tower,0,17,8,0,25,0,2,25,0,27,0,19,33,0,52,10,0,10,62
12/25/2000,LYH,VA,AEA,EN,Federal Contract Tower,0,17,7,0,24,0,3,6,0,9,0,20,13,0,33,0,0,0,33
12/26/2000,LYH,VA,AEA,EN,Federal Contract Tower,0,40,19,0,59,0,0,47,0,47,0,40,66,0,106,86,0,86,192
12/27/2000,LYH,VA,AEA,EN,Federal Contract Tower,0,34,16,0,50,0,0,35,0,35,0,34,51,0,85,38,0,38,123
12/28/2000,LYH,VA,AEA,EN,Federal Contract Tower,0,29,13,0,42,0,4,41,0,45,0,33,54,0,87,32,0,32,119
12/29/2000,LYH,VA,AEA,EN,Federal Contract Tower,0,41,22,0,63,0,0,65,0,65,0,41,87,0,128,80,0,80,208
12/30/2000,LYH,VA,AEA,EN,Federal Contract Tower,0,23,10,0,33,0,3,1,0,4,0,26,11,0,37,4,0,4,41
12/31/2000,LYH,VA,AEA,EN,Federal Contract Tower,0,13,6,0,19,0,5,1,0,6,0,18,7,0,25,12,0,12,37
01/01/2001,LYH,VA,AEA,EN,Federal Contract Tower,0,20,16,0,36,0,0,45,0,45,0,20,61,0,81,84,0,84,165
01/02/2001,LYH,VA,AEA,EN,Federal Contract Tower,0,46,28,0,74,0,18,17,0,35,0,64,45,0,109,46,0,46,155
01/03/2001,LYH,VA,AEA,EN,Federal Contract Tower,0,38,22,0,60,0,17,22,0,39,0,55,44,0,99,30,0,30,129
01/04/2001,LYH,VA,AEA,EN,Federal Contract Tower,0,35,21,1,57,0,5,25,5,35,0,40,46,6,92,32,0,32,124
01/05/2001,LYH,VA,AEA,EN,Federal Contract Tower,0,33,19,1,53,0,9,21,1,31,0,42,40,2,84,52,0,52,136
01/06/2001,LYH,VA,AEA,EN,Federal Contract Tower,0,31,23,2,56,0,0,58,2,60,0,31,81,4,116,66,0,66,182
01/07/2001,LYH,VA,AEA,EN,Federal Contract Tower,0,31,23,2,56,0,0,48,0,48,0,31,71,2,104,96,0,96,200
01/08/2001,LYH,VA,AEA,EN,Federal Contract Tower,0,24,3,0,27,0,16,0,0,16,0,40,3,0,43,0,0,0,43
01/09/2001,LYH,VA,AEA,EN,Federal Contract Tower,0,40,27,2,69,0,0,28,3,31,0,40,55,5,100,40,0,40,140
01/10/2001,LYH,VA,AEA,EN,Federal Contract Tower,0,33,19,0,52,0,4,21,0,25,0,37,40,0,77,0,0,0,77
01/11/2001,LYH,VA,AEA,EN,Federal Contract Tower,0,34,19,2,55,0,5,42,8,55,0,39,61,10,110,50,0,50,160
01/12/2001,LYH,VA,AEA,EN,Federal Contract Tower,0,38,22,0,60,0,2,75,0,77,0,40,97,0,137,70,0,70,207
01/13/2001,LYH,VA,AEA,EN,Federal Contract Tower,0,28,23,0,51,0,0,127,0,127,0,28,150,0,178,120,0,120,298
01/14/2001,LYH,VA,AEA,EN,Federal Contract Tower,0,25,19,2,46,0,0,29,0,29,0,25,48,2,75,20,0,20,95
01/15/2001,LYH,VA,AEA,EN,Federal Contract Tower,0,36,20,0,56,0,0,61,0,61,0,36,81,0,117,60,0,60,177
01/16/2001,LYH,VA,AEA,EN,Federal Contract Tower,0,43,25,2,70,0,0,48,2,50,0,43,73,4,120,76,0,76,196
01/17/2001,LYH,VA,AEA,EN,Federal Contract Tower,0,38,33,0,71,0,0,58,0,58,0,38,91,0,129,50,0,50,179
01/18/2001,LYH,VA,AEA,EN,Federal Contract Tower,0,18,10,0,28,0,17,5,0,22,0,35,15,0,50,0,0,0,50
01/19/2001,LYH,VA,AEA,EN,Federal Contract Tower,0,14,7,0,21,0,21,0,0,21,0,35,7,0,42,0,0,0,42
01/20/2001,LYH,VA,AEA,EN,Federal Contract Tower,0,20,2,0,22,0,9,0,0,9,0,29,2,0,31,0,0,0,31
01/21/2001,LYH,VA,AEA,EN,Federal Contract Tower,0,20,13,0,33,0,0,35,4,39,0,20,48,4,72,50,8,58,130
01/22/2001,LYH,VA,AEA,EN,Federal Contract Tower,0,27,16,0,43,0,9,25,0,34,0,36,41,0,77,30,0,30,107
01/23/2001,LYH,VA,AEA,EN,Federal Contract Tower,0,37,21,0,58,0,0,53,0,53,0,37,74,0,111,60,0,60,171
01/24/2001,LYH,VA,AEA,EN,Federal Contract Tower,0,36,26,1,63,0,0,78,1,79,0,36,104,2,142,66,0,66,208
01/25/2001,LYH,VA,AEA,EN,Federal Contract Tower,0,38,21,0,59,0,0,17,0,17,0,38,38,0,76,36,0,36,112
01/26/2001,LYH,VA,AEA,EN,Federal Contract Tower,0,37,21,1,59,0,1,61,3,65,0,38,82,4,124,48,4,52,176
01/27/2001,LYH,VA,AEA,EN,Federal Contract Tower,0,29,17,0,46,0,2,16,0,18,0,31,33,0,64,10,0,10,74
01/28/2001,LYH,VA,AEA,EN,Federal Contract Tower,0,27,15,0,42,0,3,80,0,83,0,30,95,0,125,62,0,62,187
01/29/2001,LYH,VA,AEA,EN,Federal Contract Tower,0,40,23,1,64,0,0,33,5,38,0,40,56,6,102,62,0,62,164
01/30/2001,LYH,VA,AEA,EN,Federal Contract Tower,0,33,17,0,50,0,6,0,0,6,0,39,17,0,56,0,0,0,56
01/31/2001,LYH,VA,AEA,EN,Federal Contract Tower,0,42,32,1,75,0,0,54,8,62,0,42,86,9,137,68,0,68,205
02/01/2001,LYH,VA,AEA,EN,Federal Contract Tower,0,35,31,2,68,0,0,77,0,77,0,35,108,2,145,38,0,38,183
02/02/2001,LYH,VA,AEA,EN,Federal Contract Tower,0,38,28,2,68,0,0,22,0,22,0,38,50,2,90,40,2,42,132
02/03/2001,LYH,VA,AEA,EN,Federal Contract Tower,0,24,20,0,44,0,0,131,0,131,0,24,151,0,175,112,0,112,287
02/04/2001,LYH,VA,AEA,EN,Federal Contract Tower,0,23,16,0,39,0,4,56,0,60,0,27,72,0,99,80,0,80,179
02/05/2001,LYH,VA,AEA,EN,Federal Contract Tower,0,43,28,3,74,0,0,28,9,37,0,43,56,12,111,24,12,36,147
02/06/2001,LYH,VA,AEA,EN,Federal Contract Tower,0,36,23,2,61,0,1,29,2,32,0,37,52,4,93,44,6,50,143
02/07/2001,LYH,VA,AEA,EN,Federal Contract Tower,0,44,37,3,84,0,0,111,3,114,0,44,148,6,198,138,8,146,344
02/08/2001,LYH,VA,AEA,EN,Federal Contract Tower,0,39,29,0,68,0,0,62,0,62,0,39,91,0,130,116,0,116,246
02/09/2001,LYH,VA,AEA,EN,Federal Contract Tower,0,26,16,0,42,0,11,26,0,37,0,37,42,0,79,10,0,10,89
02/10/2001,LYH,VA,AEA,EN,Federal Contract Tower,0,28,23,2,53,0,0,90,6,96,0,28,113,8,149,80,0,80,229
02/11/2001,LYH,VA,AEA,EN,Federal Contract Tower,0,21,13,0,34,0,4,16,0,20,0,25,29,0,54,60,0,60,114
02/12/2001,LYH,VA,AEA,EN,Federal Contract Tower,0,23,2,2,27,0,13,0,0,13,0,36,2,2,40,2,0,2,42
02/13/2001,LYH,VA,AEA,EN,Federal Contract Tower,0,36,24,2,62,0,2,43,0,45,0,38,67,2,107,88,2,90,197
02/14/2001,LYH,VA,AEA,EN,Federal Contract Tower,0,30,10,2,42,0,9,0,0,9,0,39,10,2,51,4,2,6,57
02/15/2001,LYH,VA,AEA,EN,Federal Contract Tower,0,38,27,0,65,0,0,34,0,34,0,38,61,0,99,44,0,44,143
02/16/2001,LYH,VA,AEA,EN,Federal Contract Tower,0,38,24,0,62,0,2,0,0,2,0,40,24,0,64,0,0,0,64
02/17/2001,LYH,VA,AEA,EN,Federal Contract Tower,0,28,22,1,51,0,0,110,5,115,0,28,132,6,166,86,2,88,254
02/18/2001,LYH,VA,AEA,EN,Federal Contract Tower,0,31,20,0,51,0,0,69,0,69,0,31,89,0,120,68,0,68,188
02/19/2001,LYH,VA,AEA,EN,Federal Contract Tower,0,28,17,1,46,0,6,48,1,55,0,34,65,2,101,66,0,66,167
02/20/2001,LYH,VA,AEA,EN,Federal Contract Tower,0,38,25,1,64,0,0,62,5,67,0,38,87,6,131,60,0,60,191
02/21/2001,LYH,VA,AEA,EN,Federal Contract Tower,0,35,23,1,59,0,6,31,1,38,0,41,54,2,97,12,0,12,109
02/22/2001,LYH,VA,AEA,EN,Federal Contract Tower,0,27,7,0,34,0,11,0,0,11,0,38,7,0,45,0,0,0,45
02/23/2001,LYH,VA,AEA,EN,Federal Contract Tower,0,38,26,0,64,0,0,92,0,92,0,38,118,0,156,92,0,92,248
02/24/2001,LYH,VA,AEA,EN,Federal Contract Tower,0,30,18,0,48,0,1,75,0,76,0,31,93,0,124,70,0,70,194
02/25/2001,LYH,VA,AEA,EN,Federal Contract Tower,0,25,8,0,33,0,8,0,0,8,0,33,8,0,41,0,0,0,41
02/26/2001,LYH,VA,AEA,EN,Federal Contract Tower,0,41,28,2,71,0,0,62,2,64,0,41,90,4,135,134,2,136,271
02/27/2001,LYH,VA,AEA,EN,Federal Contract Tower,0,40,29,2,71,0,0,86,2,88,0,40,115,4,159,140,0,140,299
02/28/2001,LYH,VA,AEA,EN,Federal Contract Tower,0,45,31,2,78,0,0,43,6,49,0,45,74,8,127,50,10,60,187
03/01/2001,LYH,VA,AEA,EN,Federal Contract Tower,0,37,25,1,63,0,0,48,1,49,0,37,73,2,112,82,0,82,194
03/02/2001,LYH,VA,AEA,EN,Federal Contract Tower,0,41,28,0,69,0,0,35,0,35,0,41,63,0,104,12,0,12,116
03/03/2001,LYH,VA,AEA,EN,Federal Contract Tower,0,29,18,1,48,0,0,54,1,55,0,29,72,2,103,54,0,54,157
03/04/2001,LYH,VA,AEA,EN,Federal Contract Tower,0,11,6,0,17,0,19,0,0,19,0,30,6,0,36,0,0,0,36
03/05/2001,LYH,VA,AEA,EN,Federal Contract Tower,0,32,16,0,48,0,8,0,0,8,0,40,16,0,56,6,0,6,62
03/06/2001,LYH,VA,AEA,EN,Federal Contract Tower,0,35,22,0,57,0,5,7,0,12,0,40,29,0,69,12,0,12,81
03/07/2001,LYH,VA,AEA,EN,Federal Contract Tower,0,38,31,0,69,0,0,55,0,55,0,38,86,0,124,36,4,40,164
03/08/2001,LYH,VA,AEA,EN,Federal Contract Tower,0,45,33,2,80,0,0,96,4,100,0,45,129,6,180,112,0,112,292
03/09/2001,LYH,VA,AEA,EN,Federal Contract Tower,0,39,28,2,69,0,0,49,0,49,0,39,77,2,118,44,0,44,162
03/10/2001,LYH,VA,AEA,EN,Federal Contract Tower,0,24,16,0,40,0,4,85,0,89,0,28,101,0,129,112,0,112,241
03/11/2001,LYH,VA,AEA,EN,Federal Contract Tower,0,28,19,1,48,0,0,44,35,79,0,28,63,36,127,22,0,22,149
03/12/2001,LYH,VA,AEA,EN,Federal Contract Tower,0,37,23,0,60,0,5,37,0,42,0,42,60,0,102,142,0,142,244
03/13/2001,LYH,VA,AEA,EN,Federal Contract Tower,0,32,20,1,53,0,5,50,5,60,0,37,70,6,113,0,8,8,121
03/14/2001,LYH,VA,AEA,EN,Federal Contract Tower,0,38,24,0,62,0,1,36,0,37,0,39,60,0,99,48,0,48,147
03/15/2001,LYH,VA,AEA,EN,Federal Contract Tower,0,21,14,0,35,0,12,10,0,22,0,33,24,0,57,30,0,30,87
03/16/2001,LYH,VA,AEA,EN,Federal Contract Tower,0,24,15,0,39,0,21,19,0,40,0,45,34,0,79,0,0,0,79
03/17/2001,LYH,VA,AEA,EN,Federal Contract Tower,0,25,16,0,41,0,2,43,0,45,0,27,59,0,86,24,0,24,110
03/18/2001,LYH,VA,AEA,EN,Federal Contract Tower,0,24,16,0,40,0,9,31,0,40,0,33,47,0,80,38,0,38,118
03/19/2001,LYH,VA,AEA,EN,Federal Contract Tower,0,35,22,0,57,0,9,57,0,66,0,44,79,0,123,36,0,36,159
03/20/2001,LYH,VA,AEA,EN,Federal Contract Tower,0,27,18,0,45,0,0,33,0,33,0,27,51,0,78,10,0,10,88
03/21/2001,LYH,VA,AEA,EN,Federal Contract Tower,0,39,26,0,65,0,0,3,0,3,0,39,29,0,68,0,0,0,68
03/22/2001,LYH,VA,AEA,EN,Federal Contract Tower,0,39,28,1,68,0,0,29,1,30,0,39,57,2,98,22,0,22,120
03/23/2001,LYH,VA,AEA,EN,Federal Contract Tower,0,31,19,0,50,0,8,38,2,48,0,39,57,2,98,50,0,50,148
03/24/2001,LYH,VA,AEA,EN,Federal Contract Tower,0,27,19,0,46,0,0,35,0,35,0,27,54,0,81,50,0,50,131
03/25/2001,LYH,VA,AEA,EN,Federal Contract Tower,0,27,17,0,44,0,2,59,0,61,0,29,76,0,105,76,0,76,181
03/26/2001,LYH,VA,AEA,EN,Federal Contract Tower,0,38,25,0,63,0,0,38,2,40,0,38,63,2,103,24,0,24,127
03/27/2001,LYH,VA,AEA,EN,Federal Contract Tower,0,42,26,0,68,0,0,58,4,62,0,42,84,4,130,72,0,72,202
03/28/2001,LYH,VA,AEA,EN,Federal Contract Tower,0,39,28,1,68,0,0,93,3,96,0,39,121,4,164,40,0,40,204
03/29/2001,LYH,VA,AEA,EN,Federal Contract Tower,0,29,8,0,37,0,8,0,2,10,0,37,8,2,47,0,0,0,47
03/30/2001,LYH,VA,AEA,EN,Federal Contract Tower,0,40,28,0,68,0,0,56,5,61,0,40,84,5,129,84,12,96,225
03/31/2001,LYH,VA,AEA,EN,Federal Contract Tower,0,28,17,0,45,0,0,17,0,17,0,28,34,0,62,44,0,44,106
04/01/2001,LYH,VA,AEA,EN,Federal Contract Tower,0,23,14,0,37,0,1,3,0,4,0,24,17,0,41,0,0,0,41
04/02/2001,LYH,VA,AEA,EN,Federal Contract Tower,0,41,23,0,64,0,1,62,0,63,0,42,85,0,127,52,0,52,179
04/03/2001,LYH,VA,AEA,EN,Federal Contract Tower,0,38,31,0,69,0,0,10,0,10,0,38,41,0,79,10,0,10,89
04/04/2001,LYH,VA,AEA,EN,Federal Contract Tower,0,43,39,4,86,0,1,106,1,108,0,44,145,5,194,86,0,86,280
04/05/2001,LYH,VA,AEA,EN,Federal Contract Tower,0,39,46,0,85,0,1,55,0,56,0,40,101,0,141,74,2,76,217
04/06/2001,LYH,VA,AEA,EN,Federal Contract Tower,0,37,40,0,77,0,1,34,2,37,0,38,74,2,114,64,0,64,178
04/07/2001,LYH,VA,AEA,EN,Federal Contract Tower,0,24,11,0,35,0,1,89,0,90,0,25,100,0,125,122,0,122,247
04/08/2001,LYH,VA,AEA,EN,Federal Contract Tower,0,29,19,0,48,0,1,47,0,48,0,30,66,0,96,30,0,30,126
04/09/2001,LYH,VA,AEA,EN,Federal Contract Tower,0,42,20,2,64,0,1,85,0,86,0,43,105,2,150,40,10,50,200
04/10/2001,LYH,VA,AEA,EN,Federal Contract Tower,0,41,28,0,69,0,1,59,0,60,0,42,87,0,129,50,0,50,179
04/11/2001,LYH,VA,AEA,EN,Federal Contract Tower,0,44,19,0,63,0,1,0,0,1,0,45,19,0,64,0,0,0,64
04/12/2001,LYH,VA,AEA,EN,Federal Contract Tower,0,37,24,2,63,0,1,28,0,29,0,38,52,2,92,12,2,14,106
04/13/2001,LYH,VA,AEA,EN,Federal Contract Tower,0,37,38,0,75,0,1,42,0,43,0,38,80,0,118,24,0,24,142
04/14/2001,LYH,VA,AEA,EN,Federal Contract Tower,0,28,21,2,51,0,0,89,0,89,0,28,110,2,140,70,2,72,212
04/15/2001,LYH,VA,AEA,EN,Federal Contract Tower,0,27,24,0,51,0,0,36,0,36,0,27,60,0,87,26,0,26,113
04/16/2001,LYH,VA,AEA,EN,Federal Contract Tower,0,38,19,6,63,0,0,29,10,39,0,38,48,16,102,28,42,70,172
04/17/2001,LYH,VA,AEA,EN,Federal Contract Tower,0,41,20,0,61,0,0,37,4,41,0,41,57,4,102,40,0,40,142
04/18/2001,LYH,VA,AEA,EN,Federal Contract Tower,0,42,25,4,71,0,0,17,6,23,0,42,42,10,94,20,0,20,114
04/19/2001,LYH,VA,AEA,EN,Federal Contract Tower,0,42,26,1,69,0,0,98,5,103,0,42,124,6,172,48,2,50,222
04/20/2001,LYH,VA,AEA,EN,Federal Contract Tower,0,40,28,0,68,0,0,58,0,58,0,40,86,0,126,40,0,40,166
04/21/2001,LYH,VA,AEA,EN,Federal Contract Tower,0,30,22,1,53,0,0,68,3,71,0,30,90,4,124,28,4,32,156
04/22/2001,LYH,VA,AEA,EN,Federal Contract Tower,0,28,15,4,47,0,0,89,0,89,0,28,104,4,136,42,8,50,186
04/23/2001,LYH,VA,AEA,EN,Federal Contract Tower,0,38,20,5,63,0,0,80,1,81,0,38,100,6,144,108,6,114,258
04/24/2001,LYH,VA,AEA,EN,Federal Contract Tower,0,43,30,0,73,0,0,47,2,49,0,43,77,2,122,50,0,50,172
04/25/2001,LYH,VA,AEA,EN,Federal Contract Tower,0,39,26,0,65,0,0,61,0,61,0,39,87,0,126,90,0,90,216
04/26/2001,LYH,VA,AEA,EN,Federal Contract Tower,0,40,15,3,58,0,0,84,1,85,0,40,99,4,143,72,12,84,227
04/27/2001,LYH,VA,AEA,EN,Federal Contract Tower,0,39,25,0,64,0,0,76,0,76,0,39,101,0,140,58,0,58,198
04/28/2001,LYH,VA,AEA,EN,Federal Contract Tower,0,32,19,0,51,0,0,101,0,101,0,32,120,0,152,56,0,56,208
04/29/2001,LYH,VA,AEA,EN,Federal Contract Tower,0,31,18,2,51,0,0,73,0,73,0,31,91,2,124,22,0,22,146
04/30/2001,LYH,VA,AEA,EN,Federal Contract Tower,0,42,36,2,80,0,5,62,0,67,0,47,98,2,147,126,0,126,273
05/01/2001,LYH,VA,AEA,EN,Federal Contract Tower,0,44,36,6,86,0,1,53,0,54,0,45,89,6,140,76,0,76,216
05/02/2001,LYH,VA,AEA,EN,Federal Contract Tower,0,37,35,3,75,0,1,70,1,72,0,38,105,4,147,64,2,66,213
05/03/2001,LYH,VA,AEA,EN,Federal Contract Tower,0,36,26,4,66,0,3,51,0,54,0,39,77,4,120,44,0,44,164
05/04/2001,LYH,VA,AEA,EN,Federal Contract Tower,0,38,23,2,63,0,1,85,0,86,0,39,108,2,149,90,2,92,241
05/05/2001,LYH,VA,AEA,EN,Federal Contract Tower,0,31,16,0,47,0,1,43,0,44,0,32,59,0,91,60,0,60,151
05/06/2001,LYH,VA,AEA,EN,Federal Contract Tower,0,29,24,1,54,0,1,32,0,33,0,30,56,1,87,6,0,6,93
05/07/2001,LYH,VA,AEA,EN,Federal Contract Tower,0,45,13,3,61,0,1,47,0,48,0,46,60,3,109,30,0,30,139
05/08/2001,LYH,VA,AEA,EN,Federal Contract Tower,0,39,28,3,70,0,0,72,1,73,0,39,100,4,143,94,0,94,237
05/09/2001,LYH,VA,AEA,EN,Federal Contract Tower,0,44,25,2,71,0,0,44,0,44,0,44,69,2,115,38,2,40,155
05/10/2001,LYH,VA,AEA,EN,Federal Contract Tower,0,38,27,5,70,0,0,83,8,91,0,38,110,13,161,54,22,76,237
05/11/2001,LYH,VA,AEA,EN,Federal Contract Tower,0,41,37,13,91,0,0,88,9,97,0,41,125,22,188,50,10,60,248
05/12/2001,LYH,VA,AEA,EN,Federal Contract Tower,0,30,15,0,45,0,0,42,0,42,0,30,57,0,87,20,0,20,107
05/13/2001,LYH,VA,AEA,EN,Federal Contract Tower,0,29,20,2,51,0,0,77,12,89,0,29,97,14,140,30,10,40,180
05/14/2001,LYH,VA,AEA,EN,Federal Contract Tower,0,38,13,2,53,0,0,46,0,46,0,38,59,2,99,38,0,38,137
05/15/2001,LYH,VA,AEA,EN,Federal Contract Tower,0,40,23,4,67,0,0,32,0,32,0,40,55,4,99,16,0,16,115
05/16/2001,LYH,VA,AEA,EN,Federal Contract Tower,0,43,9,4,56,0,0,40,0,40,0,43,49,4,96,32,8,40,136
05/17/2001,LYH,VA,AEA,EN,Federal Contract Tower,0,43,24,5,72,0,0,0,0,0,0,43,24,5,72,0,0,0,72
05/18/2001,LYH,VA,AEA,EN,Federal Contract Tower,0,38,16,5,59,0,0,26,8,34,0,38,42,13,93,10,0,10,103
05/19/2001,LYH,VA,AEA,EN,Federal Contract Tower,0,24,19,4,47,0,0,36,0,36,0,24,55,4,83,50,0,50,133
05/20/2001,LYH,VA,AEA,EN,Federal Contract Tower,0,28,18,5,51,0,0,1,0,1,0,28,19,5,52,0,0,0,52
05/21/2001,LYH,VA,AEA,EN,Federal Contract Tower,0,42,10,0,52,0,0,0,0,0,0,42,10,0,52,0,0,0,52
05/22/2001,LYH,VA,AEA,EN,Federal Contract Tower,0,32,10,0,42,0,0,6,12,18,0,32,16,12,60,10,0,10,70
05/23/2001,LYH,VA,AEA,EN,Federal Contract Tower,0,40,32,0,72,0,0,126,6,132,0,40,158,6,204,66,0,66,270
05/24/2001,LYH,VA,AEA,EN,Federal Contract Tower,0,41,19,4,64,0,0,59,0,59,0,41,78,4,123,40,10,50,173
05/25/2001,LYH,VA,AEA,EN,Federal Contract Tower,0,38,21,2,61,0,0,0,0,0,0,38,21,2,61,0,0,0,61
05/26/2001,LYH,VA,AEA,EN,Federal Contract Tower,0,24,19,0,43,0,0,23,0,23,0,24,42,0,66,20,0,20,86
05/27/2001,LYH,VA,AEA,EN,Federal Contract Tower,0,22,6,0,28,0,0,15,0,15,0,22,21,0,43,8,0,8,51
05/28/2001,LYH,VA,AEA,EN,Federal Contract Tower,0,29,14,0,43,0,0,31,0,31,0,29,45,0,74,12,0,12,86
05/29/2001,LYH,VA,AEA,EN,Federal Contract Tower,0,42,30,0,72,0,1,65,0,66,0,43,95,0,138,74,0,74,212
05/30/2001,LYH,VA,AEA,EN,Federal Contract Tower,0,41,21,0,62,0,0,66,2,68,0,41,87,2,130,60,0,60,190
05/31/2001,LYH,VA,AEA,EN,Federal Contract Tower,0,38,24,0,62,0,0,88,2,90,0,38,112,2,152,58,2,60,212
06/01/2001,LYH,VA,AEA,EN,Federal Contract Tower,0,43,11,0,54,0,0,1,0,1,0,43,12,0,55,0,0,0,55
06/02/2001,LYH,VA,AEA,EN,Federal Contract Tower,0,30,11,0,41,0,0,71,0,71,0,30,82,0,112,66,0,66,178
06/03/2001,LYH,VA,AEA,EN,Federal Contract Tower,0,28,10,0,38,0,0,73,0,73,0,28,83,0,111,0,0,0,111
06/04/2001,LYH,VA,AEA,EN,Federal Contract Tower,0,38,27,0,65,0,0,84,2,86,0,38,111,2,151,100,0,100,251
06/05/2001,LYH,VA,AEA,EN,Federal Contract Tower,0,36,22,3,61,0,0,59,2,61,0,36,81,5,122,54,6,60,182
06/06/2001,LYH,VA,AEA,EN,Federal Contract Tower,0,43,32,7,82,0,0,41,19,60,0,43,73,26,142,36,4,40,182
06/07/2001,LYH,VA,AEA,EN,Federal Contract Tower,0,38,18,3,59,0,0,53,2,55,0,38,71,5,114,40,0,40,154
06/08/2001,LYH,VA,AEA,EN,Federal Contract Tower,0,40,39,2,81,0,0,68,5,73,0,40,107,7,154,40,0,40,194
06/09/2001,LYH,VA,AEA,EN,Federal Contract Tower,0,29,24,1,54,0,0,124,1,125,0,29,148,2,179,44,0,44,223
06/10/2001,LYH,VA,AEA,EN,Federal Contract Tower,0,31,18,1,50,0,0,109,1,110,0,31,127,2,160,56,0,56,216
06/11/2001,LYH,VA,AEA,EN,Federal Contract Tower,0,39,17,0,56,0,0,69,4,73,0,39,86,4,129,120,0,120,249
06/12/2001,LYH,VA,AEA,EN,Federal Contract Tower,0,40,21,0,61,0,0,98,0,98,0,40,119,0,159,82,0,82,241
06/13/2001,LYH,VA,AEA,EN,Federal Contract Tower,0,37,18,0,55,0,0,36,0,36,0,37,54,0,91,46,0,46,137
06/14/2001,LYH,VA,AEA,EN,Federal Contract Tower,0,39,39,3,81,0,0,23,0,23,0,39,62,3,104,10,4,14,118
06/15/2001,LYH,VA,AEA,EN,Federal Contract Tower,0,44,17,2,63,0,0,22,0,22,0,44,39,2,85,32,0,32,117
06/16/2001,LYH,VA,AEA,EN,Federal Contract Tower,0,26,26,0,52,0,2,56,0,58,0,28,82,0,110,26,0,26,136
06/17/2001,LYH,VA,AEA,EN,Federal Contract Tower,0,27,22,0,49,0,0,61,0,61,0,27,83,0,110,38,0,38,148
06/18/2001,LYH,VA,AEA,EN,Federal Contract Tower,0,46,23,4,73,0,0,116,0,116,0,46,139,4,189,132,12,144,333
06/19/2001,LYH,VA,AEA,EN,Federal Contract Tower,0,46,35,4,85,0,0,65,0,65,0,46,100,4,150,80,4,84,234
06/20/2001,LYH,VA,AEA,EN,Federal Contract Tower,0,43,42,0,85,0,0,64,0,64,0,43,106,0,149,100,0,100,249
06/21/2001,LYH,VA,AEA,EN,Federal Contract Tower,0,43,24,1,68,0,2,65,1,68,0,45,89,2,136,126,0,126,262
06/22/2001,LYH,VA,AEA,EN,Federal Contract Tower,0,36,23,0,59,0,0,22,0,22,0,36,45,0,81,24,0,24,105
06/23/2001,LYH,VA,AEA,EN,Federal Contract Tower,0,30,22,0,52,0,0,32,0,32,0,30,54,0,84,48,2,50,134
06/24/2001,LYH,VA,AEA,EN,Federal Contract Tower,0,30,13,0,43,0,0,53,0,53,0,30,66,0,96,30,0,30,126
06/25/2001,LYH,VA,AEA,EN,Federal Contract Tower,0,45,27,0,72,0,0,57,0,57,0,45,84,0,129,102,0,102,231
06/26/2001,LYH,VA,AEA,EN,Federal Contract Tower,0,39,33,2,74,0,0,56,0,56,0,39,89,2,130,82,0,82,212
06/27/2001,LYH,VA,AEA,EN,Federal Contract Tower,0,42,36,3,81,0,0,60,2,62,0,42,96,5,143,90,0,90,233
06/28/2001,LYH,VA,AEA,EN,Federal Contract Tower,0,41,25,2,68,0,0,64,0,64,0,41,89,2,132,72,8,80,212
06/29/2001,LYH,VA,AEA,EN,Federal Contract Tower,0,41,26,0,67,0,0,41,0,41,0,41,67,0,108,84,4,88,196
06/30/2001,LYH,VA,AEA,EN,Federal Contract Tower,0,28,9,0,37,0,0,38,0,38,0,28,47,0,75,66,0,66,141
07/01/2001,LYH,VA,AEA,EN,Federal Contract Tower,0,24,3,0,27,0,0,40,6,46,0,24,43,6,73,26,0,26,99
07/02/2001,LYH,VA,AEA,EN,Federal Contract Tower,0,36,37,0,73,0,0,77,0,77,0,36,114,0,150,110,0,110,260
07/03/2001,LYH,VA,AEA,EN,Federal Contract Tower,0,38,36,2,76,0,0,50,0,50,0,38,86,2,126,140,0,140,266
07/04/2001,LYH,VA,AEA,EN,Federal Contract Tower,0,22,5,0,27,0,0,24,0,24,0,22,29,0,51,48,0,48,99
07/05/2001,LYH,VA,AEA,EN,Federal Contract Tower,0,36,22,0,58,0,0,112,0,112,0,36,134,0,170,88,0,88,258
07/06/2001,LYH,VA,AEA,EN,Federal Contract Tower,0,33,17,5,55,0,0,93,3,96,0,33,110,8,151,92,8,100,251
07/07/2001,LYH,VA,AEA,EN,Federal Contract Tower,0,29,18,0,47,0,0,65,0,65,0,29,83,0,112,10,0,10,122
07/08/2001,LYH,VA,AEA,EN,Federal Contract Tower,0,28,14,0,42,0,0,16,0,16,0,28,30,0,58,6,0,6,64
07/09/2001,LYH,VA,AEA,EN,Federal Contract Tower,0,46,40,2,88,0,0,39,0,39,0,46,79,2,127,62,0,62,189
07/10/2001,LYH,VA,AEA,EN,Federal Contract Tower,0,40,52,0,92,0,0,69,0,69,0,40,121,0,161,60,0,60,221
07/11/2001,LYH,VA,AEA,EN,Federal Contract Tower,0,41,38,2,81,0,0,53,0,53,0,41,91,2,134,100,0,100,234
07/12/2001,LYH,VA,AEA,EN,Federal Contract Tower,0,36,40,0,76,0,0,82,6,88,0,36,122,6,164,58,2,60,224
07/13/2001,LYH,VA,AEA,EN,Federal Contract Tower,0,45,28,3,76,0,0,82,5,87,0,45,110,8,163,88,2,90,253
07/14/2001,LYH,VA,AEA,EN,Federal Contract Tower,0,32,3,0,35,0,0,57,2,59,0,32,60,2,94,46,0,46,140
07/15/2001,LYH,VA,AEA,EN,Federal Contract Tower,0,31,19,3,53,0,0,61,2,63,0,31,80,5,116,48,2,50,166
07/16/2001,LYH,VA,AEA,EN,Federal Contract Tower,0,45,16,0,61,0,0,82,0,82,0,45,98,0,143,74,0,74,217
07/17/2001,LYH,VA,AEA,EN,Federal Contract Tower,0,39,26,4,69,0,0,43,2,45,0,39,69,6,114,80,10,90,204
07/18/2001,LYH,VA,AEA,EN,Federal Contract Tower,0,39,33,0,72,0,0,14,0,14,0,39,47,0,86,16,2,18,104
07/19/2001,LYH,VA,AEA,EN,Federal Contract Tower,0,41,27,0,68,0,0,15,6,21,0,41,42,6,89,62,0,62,151
07/20/2001,LYH,VA,AEA,EN,Federal Contract Tower,0,46,31,9,86,0,0,104,2,106,0,46,135,11,192,94,20,114,306
07/21/2001,LYH,VA,AEA,EN,Federal Contract Tower,0,31,15,1,47,0,0,90,1,91,0,31,105,2,138,66,0,66,204
07/22/2001,LYH,VA,AEA,EN,Federal Contract Tower,0,27,8,1,36,0,0,94,3,97,0,27,102,4,133,58,0,58,191
07/23/2001,LYH,VA,AEA,EN,Federal Contract Tower,0,41,16,1,58,0,0,34,3,37,0,41,50,4,95,52,4,56,151
07/24/2001,LYH,VA,AEA,EN,Federal Contract Tower,0,43,16,2,61,0,2,31,0,33,0,45,47,2,94,82,4,86,180
07/25/2001,LYH,VA,AEA,EN,Federal Contract Tower,0,45,17,0,62,0,0,7,0,7,0,45,24,0,69,16,0,16,85
07/26/2001,LYH,VA,AEA,EN,Federal Contract Tower,0,47,16,0,63,0,0,2,0,2,0,47,18,0,65,0,0,0,65
07/27/2001,LYH,VA,AEA,EN,Federal Contract Tower,0,37,44,2,83,0,0,31,0,31,0,37,75,2,114,100,0,100,214
07/28/2001,LYH,VA,AEA,EN,Federal Contract Tower,0,32,23,0,55,0,0,13,0,13,0,32,36,0,68,6,0,6,74
07/29/2001,LYH,VA,AEA,EN,Federal Contract Tower,0,27,14,4,45,0,0,0,0,0,0,27,14,4,45,0,0,0,45
07/30/2001,LYH,VA,AEA,EN,Federal Contract Tower,0,44,36,4,84,0,0,27,4,31,0,44,63,8,115,90,0,90,205
07/31/2001,LYH,VA,AEA,EN,Federal Contract Tower,0,41,27,0,68,0,0,63,0,63,0,41,90,0,131,90,0,90,221
08/01/2001,LYH,VA,AEA,EN,Federal Contract Tower,0,42,43,0,85,0,0,73,6,79,0,42,116,6,164,142,0,142,306
08/02/2001,LYH,VA,AEA,EN,Federal Contract Tower,0,42,31,1,74,0,0,86,3,89,0,42,117,4,163,204,4,208,371
08/03/2001,LYH,VA,AEA,EN,Federal Contract Tower,0,40,38,0,78,0,0,96,2,98,0,40,134,2,176,140,0,140,316
08/04/2001,LYH,VA,AEA,EN,Federal Contract Tower,0,27,32,0,59,0,0,30,0,30,0,27,62,0,89,50,0,50,139
08/05/2001,LYH,VA,AEA,EN,Federal Contract Tower,0,27,22,0,49,0,0,16,0,16,0,27,38,0,65,4,0,4,69
08/06/2001,LYH,VA,AEA,EN,Federal Contract Tower,0,42,25,1,68,0,0,67,1,68,0,42,92,2,136,60,0,60,196
08/07/2001,LYH,VA,AEA,EN,Federal Contract Tower,0,43,33,0,76,0,0,61,0,61,0,43,94,0,137,80,0,80,217
08/08/2001,LYH,VA,AEA,EN,Federal Contract Tower,0,39,37,0,76,0,0,56,4,60,0,39,93,4,136,54,0,54,190
08/09/2001,LYH,VA,AEA,EN,Federal Contract Tower,0,38,38,0,76,0,0,31,0,31,0,38,69,0,107,34,0,34,141
08/10/2001,LYH,VA,AEA,EN,Federal Contract Tower,0,40,20,2,62,0,0,38,4,42,0,40,58,6,104,60,2,62,166
08/11/2001,LYH,VA,AEA,EN,Federal Contract Tower,0,23,13,2,38,0,0,20,0,20,0,23,33,2,58,44,0,44,102
08/12/2001,LYH,VA,AEA,EN,Federal Contract Tower,0,30,20,0,50,0,0,8,0,8,0,30,28,0,58,24,0,24,82
08/13/2001,LYH,VA,AEA,EN,Federal Contract Tower,0,34,24,0,58,0,0,20,4,24,0,34,44,4,82,34,0,34,116
08/14/2001,LYH,VA,AEA,EN,Federal Contract Tower,0,42,42,0,84,0,0,70,8,78,0,42,112,8,162,80,0,80,242
08/15/2001,LYH,VA,AEA,EN,Federal Contract Tower,0,38,34,1,73,0,0,112,9,121,0,38,146,10,194,54,0,54,248
08/16/2001,LYH,VA,AEA,EN,Federal Contract Tower,0,37,41,1,79,0,0,81,0,81,0,37,122,1,160,134,0,134,294
08/17/2001,LYH,VA,AEA,EN,Federal Contract Tower,0,38,31,0,69,0,0,36,0,36,0,38,67,0,105,118,0,118,223
08/18/2001,LYH,VA,AEA,EN,Federal Contract Tower,0,27,22,0,49,0,0,57,0,57,0,27,79,0,106,62,0,62,168
08/19/2001,LYH,VA,AEA,EN,Federal Contract Tower,0,32,17,0,49,0,0,11,2,13,0,32,28,2,62,50,0,50,112
08/20/2001,LYH,VA,AEA,EN,Federal Contract Tower,0,45,24,5,74,0,0,70,0,70,0,45,94,5,144,64,0,64,208
08/21/2001,LYH,VA,AEA,EN,Federal Contract Tower,0,41,24,0,65,0,0,113,0,113,0,41,137,0,178,90,0,90,268
08/22/2001,LYH,VA,AEA,EN,Federal Contract Tower,0,41,25,0,66,0,0,87,0,87,0,41,112,0,153,80,0,80,233
08/23/2001,LYH,VA,AEA,EN,Federal Contract Tower,0,40,18,3,61,0,0,54,0,54,0,40,72,3,115,32,4,36,151
08/24/2001,LYH,VA,AEA,EN,Federal Contract Tower,0,40,21,10,71,0,0,50,0,50,0,40,71,10,121,80,10,90,211
08/25/2001,LYH,VA,AEA,EN,Federal Contract Tower,0,30,40,0,70,0,0,47,0,47,0,30,87,0,117,72,0,72,189
08/26/2001,LYH,VA,AEA,EN,Federal Contract Tower,0,30,9,8,47,0,0,57,0,57,0,30,66,8,104,2,6,8,112
08/27/2001,LYH,VA,AEA,EN,Federal Contract Tower,0,43,20,0,63,0,0,34,0,34,0,43,54,0,97,54,0,54,151
08/28/2001,LYH,VA,AEA,EN,Federal Contract Tower,0,41,19,0,60,0,0,76,2,78,0,41,95,2,138,96,0,96,234
08/29/2001,LYH,VA,AEA,EN,Federal Contract Tower,0,45,28,4,77,0,0,34,0,34,0,45,62,4,111,28,2,30,141
08/30/2001,LYH,VA,AEA,EN,Federal Contract Tower,0,41,24,2,67,0,0,30,0,30,0,41,54,2,97,44,0,44,141
08/31/2001,LYH,VA,AEA,EN,Federal Contract Tower,0,39,33,0,72,0,0,68,2,70,0,39,101,2,142,70,0,70,212
09/01/2001,LYH,VA,AEA,EN,Federal Contract Tower,0,24,20,0,44,0,0,26,0,26,0,24,46,0,70,38,0,38,108
09/02/2001,LYH,VA,AEA,EN,Federal Contract Tower,0,24,11,1,36,0,0,38,1,39,0,24,49,2,75,16,0,16,91
09/03/2001,LYH,VA,AEA,EN,Federal Contract Tower,0,29,20,0,49,0,0,23,0,23,0,29,43,0,72,20,0,20,92
09/04/2001,LYH,VA,AEA,EN,Federal Contract Tower,0,43,40,2,85,0,0,48,0,48,0,43,88,2,133,90,0,90,223
09/05/2001,LYH,VA,AEA,EN,Federal Contract Tower,0,45,38,7,90,0,0,62,1,63,0,45,100,8,153,52,14,66,219
09/06/2001,LYH,VA,AEA,EN,Federal Contract Tower,0,42,20,1,63,0,0,78,1,79,0,42,98,2,142,70,0,70,212
09/07/2001,LYH,VA,AEA,EN,Federal Contract Tower,0,43,15,1,59,0,0,63,7,70,0,43,78,8,129,60,0,60,189
09/08/2001,LYH,VA,AEA,EN,Federal Contract Tower,0,31,9,0,40,0,1,118,2,121,0,32,127,2,161,40,0,40,201
09/09/2001,LYH,VA,AEA,EN,Federal Contract Tower,0,31,19,0,50,0,0,55,2,57,0,31,74,2,107,4,0,4,111
09/10/2001,LYH,VA,AEA,EN,Federal Contract Tower,0,42,18,0,60,0,0,21,0,21,0,42,39,0,81,12,0,12,93
09/11/2001,LYH,VA,AEA,EN,Federal Contract Tower,0,7,4,1,12,0,0,3,3,6,0,7,7,4,18,0,0,0,18
09/12/2001,LYH,VA,AEA,EN,Federal Contract Tower,0,0,0,0,0,0,0,2,0,2,0,0,2,0,2,0,0,0,2
09/13/2001,LYH,VA,AEA,EN,Federal Contract Tower,0,4,2,1,7,0,3,0,1,4,0,7,2,2,11,0,0,0,11
09/14/2001,LYH,VA,AEA,EN,Federal Contract Tower,0,38,2,0,40,0,0,2,2,4,0,38,4,2,44,0,0,0,44
09/15/2001,LYH,VA,AEA,EN,Federal Contract Tower,0,28,34,0,62,0,0,2,0,2,0,28,36,0,64,0,0,0,64
09/16/2001,LYH,VA,AEA,EN,Federal Contract Tower,0,24,9,1,34,0,7,0,3,10,0,31,9,4,44,0,0,0,44
09/17/2001,LYH,VA,AEA,EN,Federal Contract Tower,0,37,28,4,69,0,0,1,0,1,0,37,29,4,70,0,0,0,70
09/18/2001,LYH,VA,AEA,EN,Federal Contract Tower,0,34,31,2,67,0,0,0,0,0,0,34,31,2,67,0,0,0,67
09/19/2001,LYH,VA,AEA,EN,Federal Contract Tower,0,30,51,8,89,0,0,0,4,4,0,30,51,12,93,0,0,0,93
09/20/2001,LYH,VA,AEA,EN,Federal Contract Tower,0,31,18,0,49,0,0,1,0,1,0,31,19,0,50,0,0,0,50
09/21/2001,LYH,VA,AEA,EN,Federal Contract Tower,0,40,66,4,110,0,0,30,0,30,0,40,96,4,140,10,0,10,150
09/22/2001,LYH,VA,AEA,EN,Federal Contract Tower,0,24,32,0,56,0,0,34,0,34,0,24,66,0,90,20,0,20,110
09/23/2001,LYH,VA,AEA,EN,Federal Contract Tower,0,23,30,0,53,0,0,31,0,31,0,23,61,0,84,12,0,12,96
09/24/2001,LYH,VA,AEA,EN,Federal Contract Tower,0,31,9,0,40,0,0,3,0,3,0,31,12,0,43,0,0,0,43
09/25/2001,LYH,VA,AEA,EN,Federal Contract Tower,0,33,19,2,54,0,0,45,2,47,0,33,64,4,101,70,0,70,171
09/26/2001,LYH,VA,AEA,EN,Federal Contract Tower,0,34,31,10,75,0,0,64,0,64,0,34,95,10,139,38,0,38,177
09/27/2001,LYH,VA,AEA,EN,Federal Contract Tower,0,36,29,2,67,0,0,59,2,61,0,36,88,4,128,56,0,56,184
09/28/2001,LYH,VA,AEA,EN,Federal Contract Tower,0,31,30,4,65,0,0,83,0,83,0,31,113,4,148,80,0,80,228
09/29/2001,LYH,VA,AEA,EN,Federal Contract Tower,0,25,23,0,48,0,0,66,0,66,0,25,89,0,114,50,0,50,164
09/30/2001,LYH,VA,AEA,EN,Federal Contract Tower,0,27,19,4,50,0,0,38,0,38,0,27,57,4,88,10,0,10,98
10/01/2001,LYH,VA,AEA,EN,Federal Contract Tower,0,30,22,0,52,0,1,39,0,40,0,31,61,0,92,60,0,60,152
10/02/2001,LYH,VA,AEA,EN,Federal Contract Tower,0,30,31,0,61,0,1,51,0,52,0,31,82,0,113,50,0,50,163
10/03/2001,LYH,VA,AEA,EN,Federal Contract Tower,0,33,30,0,63,0,0,92,0,92,0,33,122,0,155,120,0,120,275
10/04/2001,LYH,VA,AEA,EN,Federal Contract Tower,0,34,26,0,60,0,1,43,0,44,0,35,69,0,104,78,0,78,182
10/05/2001,LYH,VA,AEA,EN,Federal Contract Tower,0,33,43,0,76,0,1,39,0,40,0,34,82,0,116,34,0,34,150
10/06/2001,LYH,VA,AEA,EN,Federal Contract Tower,0,22,20,2,44,0,1,18,0,19,0,23,38,2,63,10,0,10,73
10/07/2001,LYH,VA,AEA,EN,Federal Contract Tower,0,20,32,0,52,0,1,50,0,51,0,21,82,0,103,16,0,16,119
10/08/2001,LYH,VA,AEA,EN,Federal Contract Tower,0,28,28,2,58,0,1,68,2,71,0,29,96,4,129,72,0,72,201
10/09/2001,LYH,VA,AEA,EN,Federal Contract Tower,0,37,19,7,63,0,0,48,0,48,0,37,67,7,111,30,4,34,145
10/10/2001,LYH,VA,AEA,EN,Federal Contract Tower,0,35,30,0,65,0,0,80,0,80,0,35,110,0,145,54,0,54,199
10/11/2001,LYH,VA,AEA,EN,Federal Contract Tower,0,32,18,0,50,0,0,45,2,47,0,32,63,2,97,16,6,22,119
10/12/2001,LYH,VA,AEA,EN,Federal Contract Tower,0,26,23,6,55,0,0,56,0,56,0,26,79,6,111,50,0,50,161
10/13/2001,LYH,VA,AEA,EN,Federal Contract Tower,0,20,13,0,33,0,0,35,0,35,0,20,48,0,68,32,0,32,100
10/14/2001,LYH,VA,AEA,EN,Federal Contract Tower,0,20,12,2,34,0,0,0,0,0,0,20,12,2,34,0,0,0,34
10/15/2001,LYH,VA,AEA,EN,Federal Contract Tower,0,32,28,4,64,0,0,60,4,64,0,32,88,8,128,38,2,40,168
10/16/2001,LYH,VA,AEA,EN,Federal Contract Tower,0,30,27,0,57,0,3,32,0,35,0,33,59,0,92,20,0,20,112
10/17/2001,LYH,VA,AEA,EN,Federal Contract Tower,0,31,13,0,44,0,0,25,0,25,0,31,38,0,69,20,0,20,89
10/18/2001,LYH,VA,AEA,EN,Federal Contract Tower,0,30,20,0,50,0,0,45,0,45,0,30,65,0,95,30,0,30,125
10/19/2001,LYH,VA,AEA,EN,Federal Contract Tower,0,28,31,0,59,0,0,81,0,81,0,28,112,0,140,62,0,62,202
10/20/2001,LYH,VA,AEA,EN,Federal Contract Tower,0,25,25,0,50,0,0,112,0,112,0,25,137,0,162,48,0,48,210
10/21/2001,LYH,VA,AEA,EN,Federal Contract Tower,0,22,16,0,38,0,0,78,0,78,0,22,94,0,116,40,0,40,156
10/22/2001,LYH,VA,AEA,EN,Federal Contract Tower,0,32,20,4,56,0,0,58,5,63,0,32,78,9,119,50,20,70,189
10/23/2001,LYH,VA,AEA,EN,Federal Contract Tower,0,36,17,2,55,0,0,41,0,41,0,36,58,2,96,50,6,56,152
10/24/2001,LYH,VA,AEA,EN,Federal Contract Tower,0,32,29,5,66,0,0,50,1,51,0,32,79,6,117,40,10,50,167
10/25/2001,LYH,VA,AEA,EN,Federal Contract Tower,0,38,12,0,50,0,0,16,0,16,0,38,28,0,66,2,0,2,68
10/26/2001,LYH,VA,AEA,EN,Federal Contract Tower,0,31,12,2,45,0,0,20,6,26,0,31,32,8,71,0,4,4,75
10/27/2001,LYH,VA,AEA,EN,Federal Contract Tower,0,21,13,0,34,0,0,14,0,14,0,21,27,0,48,0,0,0,48
10/28/2001,LYH,VA,AEA,EN,Federal Contract Tower,0,23,28,2,53,0,0,77,0,77,0,23,105,2,130,64,0,64,194
10/29/2001,LYH,VA,AEA,EN,Federal Contract Tower,0,31,21,0,52,0,0,86,0,86,0,31,107,0,138,116,0,116,254
10/30/2001,LYH,VA,AEA,EN,Federal Contract Tower,0,36,14,0,50,0,0,50,0,50,0,36,64,0,100,38,0,38,138
10/31/2001,LYH,VA,AEA,EN,Federal Contract Tower,0,29,0,0,29,0,0,2,0,2,0,29,2,0,31,0,0,0,31
11/01/2001,LYH,VA,AEA,EN,Federal Contract Tower,0,31,5,4,40,0,0,0,1,1,0,31,5,5,41,0,8,8,49
11/02/2001,LYH,VA,AEA,EN,Federal Contract Tower,0,35,11,2,48,0,0,5,1,6,0,35,16,3,54,0,4,4,58
11/03/2001,LYH,VA,AEA,EN,Federal Contract Tower,0,12,0,0,12,0,0,2,6,8,0,12,2,6,20,0,0,0,20
11/04/2001,LYH,VA,AEA,EN,Federal Contract Tower,0,20,1,3,24,0,0,5,2,7,0,20,6,5,31,0,0,0,31
11/05/2001,LYH,VA,AEA,EN,Federal Contract Tower,0,34,0,3,37,0,0,2,1,3,0,34,2,4,40,0,10,10,50
11/06/2001,LYH,VA,AEA,EN,Federal Contract Tower,0,35,0,4,39,0,0,4,0,4,0,35,4,4,43,0,14,14,57
11/07/2001,LYH,VA,AEA,EN,Federal Contract Tower,0,27,12,0,39,0,0,51,0,51,0,27,63,0,90,66,0,66,156
11/08/2001,LYH,VA,AEA,EN,Federal Contract Tower,0,33,17,0,50,0,0,64,0,64,0,33,81,0,114,42,0,42,156
11/09/2001,LYH,VA,AEA,EN,Federal Contract Tower,0,30,21,0,51,0,0,41,4,45,0,30,62,4,96,44,0,44,140
11/10/2001,LYH,VA,AEA,EN,Federal Contract Tower,0,14,19,0,33,0,0,64,0,64,0,14,83,0,97,58,0,58,155
11/11/2001,LYH,VA,AEA,EN,Federal Contract Tower,0,12,21,0,33,0,0,23,0,23,0,12,44,0,56,0,0,0,56
11/12/2001,LYH,VA,AEA,EN,Federal Contract Tower,0,28,13,1,42,0,0,48,3,51,0,28,61,4,93,74,0,74,167
11/13/2001,LYH,VA,AEA,EN,Federal Contract Tower,0,30,27,0,57,0,1,54,0,55,0,31,81,0,112,98,0,98,210
11/14/2001,LYH,VA,AEA,EN,Federal Contract Tower,0,30,41,0,71,0,0,57,0,57,0,30,98,0,128,38,0,38,166
11/15/2001,LYH,VA,AEA,EN,Federal Contract Tower,0,32,48,0,80,0,0,48,0,48,0,32,96,0,128,112,0,112,240
11/16/2001,LYH,VA,AEA,EN,Federal Contract Tower,0,27,25,2,54,0,0,31,1,32,0,27,56,3,86,78,2,80,166
11/17/2001,LYH,VA,AEA,EN,Federal Contract Tower,0,15,30,0,45,0,0,66,0,66,0,15,96,0,111,84,0,84,195
11/18/2001,LYH,VA,AEA,EN,Federal Contract Tower,0,20,12,0,32,0,0,30,0,30,0,20,42,0,62,2,0,2,64
11/19/2001,LYH,VA,AEA,EN,Federal Contract Tower,0,33,32,2,67,0,0,37,2,39,0,33,69,4,106,10,0,10,116
11/20/2001,LYH,VA,AEA,EN,Federal Contract Tower,0,28,29,0,57,0,0,44,0,44,0,28,73,0,101,30,0,30,131
11/21/2001,LYH,VA,AEA,EN,Federal Contract Tower,0,34,21,0,55,0,0,73,0,73,0,34,94,0,128,70,0,70,198
11/22/2001,LYH,VA,AEA,EN,Federal Contract Tower,0,15,9,0,24,0,0,48,0,48,0,15,57,0,72,10,0,10,82
11/23/2001,LYH,VA,AEA,EN,Federal Contract Tower,0,10,15,0,25,0,0,72,0,72,0,10,87,0,97,4,0,4,101
11/24/2001,LYH,VA,AEA,EN,Federal Contract Tower,0,16,14,0,30,0,0,0,0,0,0,16,14,0,30,0,0,0,30
11/25/2001,LYH,VA,AEA,EN,Federal Contract Tower,0,21,26,0,47,0,0,14,0,14,0,21,40,0,61,0,0,0,61
11/26/2001,LYH,VA,AEA,EN,Federal Contract Tower,0,26,12,0,38,0,0,20,0,20,0,26,32,0,58,40,0,40,98
11/27/2001,LYH,VA,AEA,EN,Federal Contract Tower,0,27,16,0,43,0,0,4,0,4,0,27,20,0,47,0,0,0,47
11/28/2001,LYH,VA,AEA,EN,Federal Contract Tower,0,24,36,2,62,0,4,53,0,57,0,28,89,2,119,98,0,98,217
11/29/2001,LYH,VA,AEA,EN,Federal Contract Tower,0,31,26,14,71,0,0,11,0,11,0,31,37,14,82,24,10,34,116
11/30/2001,LYH,VA,AEA,EN,Federal Contract Tower,0,34,24,0,58,0,0,1,0,1,0,34,25,0,59,0,0,0,59
12/01/2001,LYH,VA,AEA,EN,Federal Contract Tower,0,20,21,2,43,0,0,63,0,63,0,20,84,2,106,34,0,34,140
12/02/2001,LYH,VA,AEA,EN,Federal Contract Tower,0,14,31,0,45,0,0,61,0,61,0,14,92,0,106,70,0,70,176
12/03/2001,LYH,VA,AEA,EN,Federal Contract Tower,0,29,12,3,44,0,0,34,0,34,0,29,46,3,78,40,0,40,118
12/04/2001,LYH,VA,AEA,EN,Federal Contract Tower,0,36,8,0,44,0,0,39,0,39,0,36,47,0,83,20,0,20,103
12/05/2001,LYH,VA,AEA,EN,Federal Contract Tower,0,32,28,0,60,0,0,56,0,56,0,32,84,0,116,90,0,90,206
12/06/2001,LYH,VA,AEA,EN,Federal Contract Tower,0,43,26,0,69,0,1,48,0,49,0,44,74,0,118,46,0,46,164
12/07/2001,LYH,VA,AEA,EN,Federal Contract Tower,0,28,23,0,51,0,1,39,2,42,0,29,62,2,93,66,0,66,159
12/08/2001,LYH,VA,AEA,EN,Federal Contract Tower,0,19,10,0,29,0,0,0,0,0,0,19,10,0,29,0,0,0,29
12/09/2001,LYH,VA,AEA,EN,Federal Contract Tower,0,14,18,0,32,0,0,44,2,46,0,14,62,2,78,80,0,80,158
12/10/2001,LYH,VA,AEA,EN,Federal Contract Tower,0,33,21,2,56,0,0,32,0,32,0,33,53,2,88,46,0,46,134
12/11/2001,LYH,VA,AEA,EN,Federal Contract Tower,0,31,23,0,54,0,0,0,0,0,0,31,23,0,54,0,0,0,54
12/12/2001,LYH,VA,AEA,EN,Federal Contract Tower,0,53,32,8,93,0,0,0,0,0,0,53,32,8,93,0,0,0,93
12/13/2001,LYH,VA,AEA,EN,Federal Contract Tower,0,31,16,0,47,0,0,1,0,1,0,31,17,0,48,4,0,4,52
12/14/2001,LYH,VA,AEA,EN,Federal Contract Tower,0,33,10,3,46,0,0,2,0,2,0,33,12,3,48,0,2,2,50
12/15/2001,LYH,VA,AEA,EN,Federal Contract Tower,0,17,14,0,31,0,0,51,0,51,0,17,65,0,82,62,0,62,144
12/16/2001,LYH,VA,AEA,EN,Federal Contract Tower,0,22,17,0,39,0,0,60,0,60,0,22,77,0,99,10,0,10,109
12/17/2001,LYH,VA,AEA,EN,Federal Contract Tower,0,34,9,0,43,0,0,8,0,8,0,34,17,0,51,0,0,0,51
12/18/2001,LYH,VA,AEA,EN,Federal Contract Tower,0,28,8,6,42,0,0,19,0,19,0,28,27,6,61,4,0,4,65
12/19/2001,LYH,VA,AEA,EN,Federal Contract Tower,0,39,27,0,66,0,0,63,0,63,0,39,90,0,129,60,0,60,189
12/20/2001,LYH,VA,AEA,EN,Federal Contract Tower,0,32,25,0,57,0,0,34,0,34,0,32,59,0,91,20,0,20,111
12/21/2001,LYH,VA,AEA,EN,Federal Contract Tower,0,26,14,0,40,0,0,43,0,43,0,26,57,0,83,10,0,10,93
12/22/2001,LYH,VA,AEA,EN,Federal Contract Tower,0,19,18,0,37,0,0,86,6,92,0,19,104,6,129,38,0,38,167
12/23/2001,LYH,VA,AEA,EN,Federal Contract Tower,0,13,4,0,17,0,0,14,0,14,0,13,18,0,31,12,0,12,43
12/24/2001,LYH,VA,AEA,EN,Federal Contract Tower,0,21,15,0,36,0,0,17,0,17,0,21,32,0,53,12,0,12,65
12/25/2001,LYH,VA,AEA,EN,Federal Contract Tower,0,18,4,0,22,0,0,14,0,14,0,18,18,0,36,0,0,0,36
12/26/2001,LYH,VA,AEA,EN,Federal Contract Tower,0,26,20,0,46,0,0,34,0,34,0,26,54,0,80,30,0,30,110
12/27/2001,LYH,VA,AEA,EN,Federal Contract Tower,0,26,12,0,38,0,0,40,0,40,0,26,52,0,78,10,0,10,88
12/28/2001,LYH,VA,AEA,EN,Federal Contract Tower,0,24,25,2,51,0,0,54,0,54,0,24,79,2,105,40,0,40,145
12/29/2001,LYH,VA,AEA,EN,Federal Contract Tower,0,19,10,0,29,0,0,36,0,36,0,19,46,0,65,20,0,20,85
12/30/2001,LYH,VA,AEA,EN,Federal Contract Tower,0,19,14,0,33,0,0,31,0,31,0,19,45,0,64,0,0,0,64
12/31/2001,LYH,VA,AEA,EN,Federal Contract Tower,0,22,16,0,38,0,0,43,0,43,0,22,59,0,81,12,0,12,93
01/01/2002,LYH,VA,AEA,EN,Federal Contract Tower,0,14,5,0,19,0,0,45,0,45,0,14,50,0,64,10,2,12,76
01/02/2002,LYH,VA,AEA,EN,Federal Contract Tower,0,22,21,6,49,0,0,47,0,47,0,22,68,6,96,68,6,74,170
01/03/2002,LYH,VA,AEA,EN,Federal Contract Tower,0,21,6,2,29,0,0,7,0,7,0,21,13,2,36,0,0,0,36
01/04/2002,LYH,VA,AEA,EN,Federal Contract Tower,0,25,10,0,35,0,0,46,0,46,0,25,56,0,81,68,0,68,149
01/05/2002,LYH,VA,AEA,EN,Federal Contract Tower,0,17,18,0,35,0,0,65,0,65,0,17,83,0,100,114,0,114,214
01/06/2002,LYH,VA,AEA,EN,Federal Contract Tower,0,13,2,0,15,0,0,0,0,0,0,13,2,0,15,0,0,0,15
01/07/2002,LYH,VA,AEA,EN,Federal Contract Tower,0,37,5,0,42,0,0,10,0,10,0,37,15,0,52,0,0,0,52
01/08/2002,LYH,VA,AEA,EN,Federal Contract Tower,0,26,23,2,51,0,0,48,0,48,0,26,71,2,99,32,0,32,131
01/09/2002,LYH,VA,AEA,EN,Federal Contract Tower,0,30,8,3,41,0,0,49,4,53,0,30,57,7,94,18,4,22,116
01/10/2002,LYH,VA,AEA,EN,Federal Contract Tower,0,34,27,0,61,0,0,31,0,31,0,34,58,0,92,10,0,10,102
01/11/2002,LYH,VA,AEA,EN,Federal Contract Tower,0,27,7,4,38,0,0,14,4,18,0,27,21,8,56,2,0,2,58
01/12/2002,LYH,VA,AEA,EN,Federal Contract Tower,0,16,13,0,29,0,0,95,0,95,0,16,108,0,124,34,0,34,158
01/13/2002,LYH,VA,AEA,EN,Federal Contract Tower,0,14,9,2,25,0,0,9,2,11,0,14,18,4,36,2,0,2,38
01/14/2002,LYH,VA,AEA,EN,Federal Contract Tower,0,28,8,0,36,0,0,37,2,39,0,28,45,2,75,14,0,14,89
01/15/2002,LYH,VA,AEA,EN,Federal Contract Tower,0,22,15,0,37,0,0,28,0,28,0,22,43,0,65,40,0,40,105
01/16/2002,LYH,VA,AEA,EN,Federal Contract Tower,0,29,21,2,52,0,0,71,0,71,0,29,92,2,123,28,2,30,153
01/17/2002,LYH,VA,AEA,EN,Federal Contract Tower,0,29,10,0,39,0,0,39,0,39,0,29,49,0,78,32,0,32,110
01/18/2002,LYH,VA,AEA,EN,Federal Contract Tower,0,22,15,2,39,0,0,33,2,35,0,22,48,4,74,24,0,24,98
01/19/2002,LYH,VA,AEA,EN,Federal Contract Tower,0,7,0,0,7,0,0,0,0,0,0,7,0,0,7,0,0,0,7
01/20/2002,LYH,VA,AEA,EN,Federal Contract Tower,0,15,9,0,24,0,0,31,0,31,0,15,40,0,55,30,0,30,85
01/21/2002,LYH,VA,AEA,EN,Federal Contract Tower,0,36,27,0,63,0,0,30,2,32,0,36,57,2,95,40,0,40,135
01/22/2002,LYH,VA,AEA,EN,Federal Contract Tower,0,30,17,0,47,0,0,49,0,49,0,30,66,0,96,70,0,70,166
01/23/2002,LYH,VA,AEA,EN,Federal Contract Tower,0,30,10,0,40,0,0,0,0,0,0,30,10,0,40,0,0,0,40
01/24/2002,LYH,VA,AEA,EN,Federal Contract Tower,0,27,12,0,39,0,0,13,0,13,0,27,25,0,52,4,0,4,56
01/25/2002,LYH,VA,AEA,EN,Federal Contract Tower,0,26,33,1,60,0,0,54,1,55,0,26,87,2,115,74,0,74,189
01/26/2002,LYH,VA,AEA,EN,Federal Contract Tower,0,17,24,0,41,0,0,84,6,90,0,17,108,6,131,80,0,80,211
01/27/2002,LYH,VA,AEA,EN,Federal Contract Tower,0,21,12,0,33,0,0,89,4,93,0,21,101,4,126,42,0,42,168
01/28/2002,LYH,VA,AEA,EN,Federal Contract Tower,0,29,12,1,42,0,0,62,1,63,0,29,74,2,105,26,0,26,131
01/29/2002,LYH,VA,AEA,EN,Federal Contract Tower,0,29,14,0,43,0,0,55,2,57,0,29,69,2,100,50,0,50,150
01/30/2002,LYH,VA,AEA,EN,Federal Contract Tower,0,28,16,0,44,0,0,56,0,56,0,28,72,0,100,50,0,50,150
01/31/2002,LYH,VA,AEA,EN,Federal Contract Tower,0,31,26,0,57,0,2,0,0,2,0,33,26,0,59,0,0,0,59
02/01/2002,LYH,VA,AEA,EN,Federal Contract Tower,0,21,12,0,33,0,1,4,0,5,0,22,16,0,38,0,0,0,38
02/02/2002,LYH,VA,AEA,EN,Federal Contract Tower,0,17,21,0,38,0,1,59,5,65,0,18,80,5,103,46,0,46,149
02/03/2002,LYH,VA,AEA,EN,Federal Contract Tower,0,14,19,0,33,0,1,29,0,30,0,15,48,0,63,20,0,20,83
02/04/2002,LYH,VA,AEA,EN,Federal Contract Tower,0,29,11,0,40,0,1,7,0,8,0,30,18,0,48,0,0,0,48
02/05/2002,LYH,VA,AEA,EN,Federal Contract Tower,0,27,13,1,41,0,1,40,1,42,0,28,53,2,83,16,0,16,99
02/06/2002,LYH,VA,AEA,EN,Federal Contract Tower,0,29,15,0,44,0,1,43,0,44,0,30,58,0,88,40,0,40,128
02/07/2002,LYH,VA,AEA,EN,Federal Contract Tower,0,30,27,0,57,0,1,7,0,8,0,31,34,0,65,12,0,12,77
02/08/2002,LYH,VA,AEA,EN,Federal Contract Tower,0,22,17,2,41,0,5,96,0,101,0,27,113,2,142,90,0,90,232
02/09/2002,LYH,VA,AEA,EN,Federal Contract Tower,0,16,17,0,33,0,0,104,2,106,0,16,121,2,139,68,0,68,207
02/10/2002,LYH,VA,AEA,EN,Federal Contract Tower,0,20,12,0,32,0,0,0,0,0,0,20,12,0,32,0,0,0,32
02/11/2002,LYH,VA,AEA,EN,Federal Contract Tower,0,27,9,0,36,0,0,5,0,5,0,27,14,0,41,0,0,0,41
02/12/2002,LYH,VA,AEA,EN,Federal Contract Tower,0,20,19,0,39,0,2,42,0,44,0,22,61,0,83,46,0,46,129
02/13/2002,LYH,VA,AEA,EN,Federal Contract Tower,0,25,21,0,46,0,0,52,0,52,0,25,73,0,98,50,0,50,148
02/14/2002,LYH,VA,AEA,EN,Federal Contract Tower,0,30,7,0,37,0,0,57,0,57,0,30,64,0,94,80,0,80,174
02/15/2002,LYH,VA,AEA,EN,Federal Contract Tower,0,24,26,0,50,0,0,66,4,70,0,24,92,4,120,40,0,40,160
02/16/2002,LYH,VA,AEA,EN,Federal Contract Tower,0,17,17,0,34,0,0,69,0,69,0,17,86,0,103,10,0,10,113
02/17/2002,LYH,VA,AEA,EN,Federal Contract Tower,0,16,7,0,23,0,0,8,0,8,0,16,15,0,31,0,0,0,31
02/18/2002,LYH,VA,AEA,EN,Federal Contract Tower,0,24,13,0,37,0,0,59,2,61,0,24,72,2,98,16,0,16,114
02/19/2002,LYH,VA,AEA,EN,Federal Contract Tower,0,36,26,0,62,0,0,53,2,55,0,36,79,2,117,58,0,58,175
02/20/2002,LYH,VA,AEA,EN,Federal Contract Tower,0,25,23,0,48,0,0,16,0,16,0,25,39,0,64,10,0,10,74
02/21/2002,LYH,VA,AEA,EN,Federal Contract Tower,0,35,18,6,59,0,0,31,0,31,0,35,49,6,90,4,6,10,100
02/22/2002,LYH,VA,AEA,EN,Federal Contract Tower,0,28,20,0,48,0,0,53,2,55,0,28,73,2,103,42,0,42,145
02/23/2002,LYH,VA,AEA,EN,Federal Contract Tower,0,14,25,0,39,0,0,67,0,67,0,14,92,0,106,54,0,54,160
02/24/2002,LYH,VA,AEA,EN,Federal Contract Tower,0,14,18,0,32,0,0,62,0,62,0,14,80,0,94,28,0,28,122
02/25/2002,LYH,VA,AEA,EN,Federal Contract Tower,0,26,11,0,37,0,4,51,2,57,0,30,62,2,94,30,0,30,124
02/26/2002,LYH,VA,AEA,EN,Federal Contract Tower,0,27,16,0,43,0,0,24,0,24,0,27,40,0,67,62,0,62,129
02/27/2002,LYH,VA,AEA,EN,Federal Contract Tower,0,28,13,0,41,0,0,13,0,13,0,28,26,0,54,0,0,0,54
02/28/2002,LYH,VA,AEA,EN,Federal Contract Tower,0,30,26,0,56,0,0,46,4,50,0,30,72,4,106,52,4,56,162
03/01/2002,LYH,VA,AEA,EN,Federal Contract Tower,0,24,24,0,48,0,0,54,0,54,0,24,78,0,102,54,0,54,156
03/02/2002,LYH,VA,AEA,EN,Federal Contract Tower,0,18,8,0,26,0,0,0,0,0,0,18,8,0,26,0,0,0,26
03/03/2002,LYH,VA,AEA,EN,Federal Contract Tower,0,21,7,0,28,0,0,10,0,10,0,21,17,0,38,30,0,30,68
03/04/2002,LYH,VA,AEA,EN,Federal Contract Tower,0,26,18,0,44,0,0,21,0,21,0,26,39,0,65,0,0,0,65
03/05/2002,LYH,VA,AEA,EN,Federal Contract Tower,0,29,24,0,53,0,0,25,0,25,0,29,49,0,78,50,0,50,128
03/06/2002,LYH,VA,AEA,EN,Federal Contract Tower,0,31,18,0,49,0,0,94,2,96,0,31,112,2,145,146,0,146,291
03/07/2002,LYH,VA,AEA,EN,Federal Contract Tower,0,26,21,0,47,0,0,92,0,92,0,26,113,0,139,128,0,128,267
03/08/2002,LYH,VA,AEA,EN,Federal Contract Tower,0,28,14,2,44,0,0,72,0,72,0,28,86,2,116,50,0,50,166
03/09/2002,LYH,VA,AEA,EN,Federal Contract Tower,0,15,7,0,22,0,0,4,0,4,0,15,11,0,26,0,0,0,26
03/10/2002,LYH,VA,AEA,EN,Federal Contract Tower,0,14,5,0,19,0,0,13,0,13,0,14,18,0,32,0,0,0,32
03/11/2002,LYH,VA,AEA,EN,Federal Contract Tower,0,28,8,0,36,0,0,52,0,52,0,28,60,0,88,60,0,60,148
03/12/2002,LYH,VA,AEA,EN,Federal Contract Tower,0,29,17,0,46,0,0,4,0,4,0,29,21,0,50,4,0,4,54
03/13/2002,LYH,VA,AEA,EN,Federal Contract Tower,0,19,27,0,46,0,0,3,0,3,0,19,30,0,49,6,0,6,55
03/14/2002,LYH,VA,AEA,EN,Federal Contract Tower,0,25,32,0,57,0,0,64,4,68,0,25,96,4,125,50,0,50,175
03/15/2002,LYH,VA,AEA,EN,Federal Contract Tower,0,27,30,0,57,0,0,50,0,50,0,27,80,0,107,110,0,110,217
03/16/2002,LYH,VA,AEA,EN,Federal Contract Tower,2,17,12,0,31,0,0,61,0,61,2,17,73,0,92,20,0,20,112
03/17/2002,LYH,VA,AEA,EN,Federal Contract Tower,0,15,11,0,26,0,0,0,0,0,0,15,11,0,26,0,0,0,26
03/18/2002,LYH,VA,AEA,EN,Federal Contract Tower,0,30,20,0,50,0,0,23,0,23,0,30,43,0,73,50,0,50,123
03/19/2002,LYH,VA,AEA,EN,Federal Contract Tower,0,22,10,0,32,0,0,5,0,5,0,22,15,0,37,0,0,0,37
03/20/2002,LYH,VA,AEA,EN,Federal Contract Tower,0,31,11,0,42,0,0,5,0,5,0,31,16,0,47,0,0,0,47
03/21/2002,LYH,VA,AEA,EN,Federal Contract Tower,0,29,18,2,49,0,0,37,0,37,0,29,55,2,86,36,0,36,122
03/22/2002,LYH,VA,AEA,EN,Federal Contract Tower,0,28,7,0,35,0,0,57,0,57,0,28,64,0,92,52,0,52,144
03/23/2002,LYH,VA,AEA,EN,Federal Contract Tower,0,14,8,0,22,0,0,57,12,69,0,14,65,12,91,24,0,24,115
03/24/2002,LYH,VA,AEA,EN,Federal Contract Tower,0,14,22,0,36,0,0,76,0,76,0,14,98,0,112,40,0,40,152
03/25/2002,LYH,VA,AEA,EN,Federal Contract Tower,0,27,19,0,46,0,0,55,0,55,0,27,74,0,101,70,0,70,171
03/26/2002,LYH,VA,AEA,EN,Federal Contract Tower,0,31,13,0,44,0,0,0,0,0,0,31,13,0,44,0,0,0,44
03/27/2002,LYH,VA,AEA,EN,Federal Contract Tower,0,25,30,2,57,0,0,42,4,46,0,25,72,6,103,60,0,60,163
03/28/2002,LYH,VA,AEA,EN,Federal Contract Tower,0,28,15,0,43,0,2,102,4,108,0,30,117,4,151,118,0,118,269
03/29/2002,LYH,VA,AEA,EN,Federal Contract Tower,0,24,18,0,42,0,1,64,0,65,0,25,82,0,107,66,0,66,173
03/30/2002,LYH,VA,AEA,EN,Federal Contract Tower,0,14,21,0,35,0,0,65,0,65,0,14,86,0,100,68,0,68,168
03/31/2002,LYH,VA,AEA,EN,Federal Contract Tower,0,14,7,0,21,0,0,1,0,1,0,14,8,0,22,2,0,2,24
04/01/2002,LYH,VA,AEA,EN,Federal Contract Tower,0,31,38,0,69,0,0,49,0,49,0,31,87,0,118,74,0,74,192
04/02/2002,LYH,VA,AEA,EN,Federal Contract Tower,0,27,27,0,54,0,0,66,0,66,0,27,93,0,120,40,0,40,160
04/03/2002,LYH,VA,AEA,EN,Federal Contract Tower,0,31,12,0,43,0,0,42,0,42,0,31,54,0,85,80,0,80,165
04/04/2002,LYH,VA,AEA,EN,Federal Contract Tower,0,35,8,1,44,0,0,68,3,71,0,35,76,4,115,82,2,84,199
04/05/2002,LYH,VA,AEA,EN,Federal Contract Tower,0,36,33,1,70,0,0,88,1,89,0,36,121,2,159,102,0,102,261
04/06/2002,LYH,VA,AEA,EN,Federal Contract Tower,0,21,12,0,33,0,0,86,2,88,0,21,98,2,121,24,0,24,145
04/07/2002,LYH,VA,AEA,EN,Federal Contract Tower,0,23,20,0,43,0,0,69,0,69,0,23,89,0,112,30,0,30,142
04/08/2002,LYH,VA,AEA,EN,Federal Contract Tower,0,35,8,2,45,0,0,30,0,30,0,35,38,2,75,50,0,50,125
04/09/2002,LYH,VA,AEA,EN,Federal Contract Tower,0,35,13,0,48,0,0,11,0,11,0,35,24,0,59,0,0,0,59
04/10/2002,LYH,VA,AEA,EN,Federal Contract Tower,0,33,25,0,58,0,0,62,2,64,0,33,87,2,122,64,0,64,186
04/11/2002,LYH,VA,AEA,EN,Federal Contract Tower,0,39,29,2,70,0,0,52,7,59,0,39,81,9,129,54,6,60,189
04/12/2002,LYH,VA,AEA,EN,Federal Contract Tower,0,29,24,5,58,0,0,0,0,0,0,29,24,5,58,0,2,2,60
04/13/2002,LYH,VA,AEA,EN,Federal Contract Tower,0,21,16,0,37,0,0,35,0,35,0,21,51,0,72,30,0,30,102
04/14/2002,LYH,VA,AEA,EN,Federal Contract Tower,0,22,12,0,34,0,0,23,0,23,0,22,35,0,57,32,0,32,89
04/15/2002,LYH,VA,AEA,EN,Federal Contract Tower,0,28,14,0,42,0,0,52,0,52,0,28,66,0,94,96,0,96,190
04/16/2002,LYH,VA,AEA,EN,Federal Contract Tower,0,36,18,0,54,0,0,89,0,89,0,36,107,0,143,80,2,82,225
04/17/2002,LYH,VA,AEA,EN,Federal Contract Tower,0,36,27,0,63,0,0,23,0,23,0,36,50,0,86,52,0,52,138
04/18/2002,LYH,VA,AEA,EN,Federal Contract Tower,0,32,13,1,46,0,0,61,1,62,0,32,74,2,108,80,0,80,188
04/19/2002,LYH,VA,AEA,EN,Federal Contract Tower,0,32,42,2,76,0,0,46,1,47,0,32,88,3,123,68,2,70,193
04/20/2002,LYH,VA,AEA,EN,Federal Contract Tower,0,21,17,0,38,0,0,53,0,53,0,21,70,0,91,22,0,22,113
04/21/2002,LYH,VA,AEA,EN,Federal Contract Tower,0,21,14,1,36,0,0,6,0,6,0,21,20,1,42,0,0,0,42
04/22/2002,LYH,VA,AEA,EN,Federal Contract Tower,0,33,11,2,46,0,2,26,0,28,0,35,37,2,74,32,4,36,110
04/23/2002,LYH,VA,AEA,EN,Federal Contract Tower,0,33,31,2,66,0,2,90,0,92,0,35,121,2,158,96,0,96,254
04/24/2002,LYH,VA,AEA,EN,Federal Contract Tower,0,30,17,0,47,0,0,92,0,92,0,30,109,0,139,86,0,86,225
04/25/2002,LYH,VA,AEA,EN,Federal Contract Tower,0,27,22,3,52,0,0,15,10,25,0,27,37,13,77,0,14,14,91
04/26/2002,LYH,VA,AEA,EN,Federal Contract Tower,0,34,44,0,78,0,0,91,0,91,0,34,135,0,169,80,0,80,249
04/27/2002,LYH,VA,AEA,EN,Federal Contract Tower,0,17,9,0,26,0,0,66,0,66,0,17,75,0,92,16,0,16,108
04/28/2002,LYH,VA,AEA,EN,Federal Contract Tower,0,16,9,0,25,0,0,33,0,33,0,16,42,0,58,0,0,0,58
04/29/2002,LYH,VA,AEA,EN,Federal Contract Tower,0,32,15,0,47,0,0,32,2,34,0,32,47,2,81,10,0,10,91
04/30/2002,LYH,VA,AEA,EN,Federal Contract Tower,0,31,26,0,57,0,0,84,0,84,0,31,110,0,141,80,0,80,221
05/01/2002,LYH,VA,AEA,EN,Federal Contract Tower,0,36,21,1,58,0,0,74,1,75,0,36,95,2,133,80,6,86,219
05/02/2002,LYH,VA,AEA,EN,Federal Contract Tower,0,29,21,0,50,0,0,9,0,9,0,29,30,0,59,0,0,0,59
05/03/2002,LYH,VA,AEA,EN,Federal Contract Tower,0,35,33,2,70,0,0,65,4,69,0,35,98,6,139,100,0,100,239
05/04/2002,LYH,VA,AEA,EN,Federal Contract Tower,0,16,11,0,27,0,0,17,0,17,0,16,28,0,44,30,0,30,74
05/05/2002,LYH,VA,AEA,EN,Federal Contract Tower,0,24,36,2,62,0,0,100,6,106,0,24,136,8,168,70,0,70,238
05/06/2002,LYH,VA,AEA,EN,Federal Contract Tower,0,36,37,3,76,0,0,54,2,56,0,36,91,5,132,80,0,80,212
05/07/2002,LYH,VA,AEA,EN,Federal Contract Tower,0,34,35,0,69,0,0,24,0,24,0,34,59,0,93,44,0,44,137
05/08/2002,LYH,VA,AEA,EN,Federal Contract Tower,0,35,24,0,59,0,0,52,0,52,0,35,76,0,111,60,0,60,171
05/09/2002,LYH,VA,AEA,EN,Federal Contract Tower,0,33,10,0,43,0,0,5,0,5,0,33,15,0,48,2,0,2,50
05/10/2002,LYH,VA,AEA,EN,Federal Contract Tower,0,27,35,0,62,0,0,83,2,85,0,27,118,2,147,70,0,70,217
05/11/2002,LYH,VA,AEA,EN,Federal Contract Tower,0,28,21,0,49,0,0,48,0,48,0,28,69,0,97,34,0,34,131
05/12/2002,LYH,VA,AEA,EN,Federal Contract Tower,0,19,8,0,27,0,0,19,0,19,0,19,27,0,46,0,0,0,46
05/13/2002,LYH,VA,AEA,EN,Federal Contract Tower,0,32,13,0,45,0,0,9,0,9,0,32,22,0,54,10,0,10,64
05/14/2002,LYH,VA,AEA,EN,Federal Contract Tower,0,33,28,0,61,0,0,13,2,15,0,33,41,2,76,20,0,20,96
05/15/2002,LYH,VA,AEA,EN,Federal Contract Tower,0,36,25,1,62,0,0,99,4,103,0,36,124,5,165,118,6,124,289
05/16/2002,LYH,VA,AEA,EN,Federal Contract Tower,0,30,20,3,53,0,0,75,3,78,0,30,95,6,131,68,0,68,199
05/17/2002,LYH,VA,AEA,EN,Federal Contract Tower,0,31,26,0,57,0,0,28,2,30,0,31,54,2,87,38,0,38,125
05/18/2002,LYH,VA,AEA,EN,Federal Contract Tower,0,28,15,0,43,0,0,9,0,9,0,28,24,0,52,6,0,6,58
05/19/2002,LYH,VA,AEA,EN,Federal Contract Tower,0,23,43,0,66,0,0,54,10,64,0,23,97,10,130,12,0,12,142
05/20/2002,LYH,VA,AEA,EN,Federal Contract Tower,0,36,40,0,76,0,0,40,0,40,0,36,80,0,116,114,0,114,230
05/21/2002,LYH,VA,AEA,EN,Federal Contract Tower,0,32,20,0,52,0,0,50,0,50,0,32,70,0,102,46,0,46,148
05/22/2002,LYH,VA,AEA,EN,Federal Contract Tower,0,33,36,8,77,0,0,130,2,132,0,33,166,10,209,118,12,130,339
05/23/2002,LYH,VA,AEA,EN,Federal Contract Tower,0,29,17,2,48,0,1,81,0,82,0,30,98,2,130,62,2,64,194
05/24/2002,LYH,VA,AEA,EN,Federal Contract Tower,0,30,27,4,61,0,2,59,0,61,0,32,86,4,122,60,0,60,182
05/25/2002,LYH,VA,AEA,EN,Federal Contract Tower,0,22,8,0,30,0,0,46,0,46,0,22,54,0,76,24,0,24,100
05/26/2002,LYH,VA,AEA,EN,Federal Contract Tower,0,20,9,0,29,0,0,40,0,40,0,20,49,0,69,38,0,38,107
05/27/2002,LYH,VA,AEA,EN,Federal Contract Tower,0,22,19,2,43,0,0,34,0,34,0,22,53,2,77,30,8,38,115
05/28/2002,LYH,VA,AEA,EN,Federal Contract Tower,0,34,22,0,56,0,0,52,4,56,0,34,74,4,112,82,0,82,194
05/29/2002,LYH,VA,AEA,EN,Federal Contract Tower,0,35,34,0,69,0,0,58,4,62,0,35,92,4,131,130,0,130,261
05/30/2002,LYH,VA,AEA,EN,Federal Contract Tower,0,31,22,4,57,0,0,42,0,42,0,31,64,4,99,68,8,76,175
05/31/2002,LYH,VA,AEA,EN,Federal Contract Tower,0,28,29,1,58,0,1,58,1,60,0,29,87,2,118,68,0,68,186
06/01/2002,LYH,VA,AEA,EN,Federal Contract Tower,0,21,9,0,30,0,0,43,4,47,0,21,52,4,77,2,0,2,79
06/02/2002,LYH,VA,AEA,EN,Federal Contract Tower,0,22,9,3,34,0,0,101,5,106,0,22,110,8,140,38,0,38,178
06/03/2002,LYH,VA,AEA,EN,Federal Contract Tower,0,34,9,0,43,0,0,53,0,53,0,34,62,0,96,22,0,22,118
06/04/2002,LYH,VA,AEA,EN,Federal Contract Tower,0,35,23,0,58,0,0,29,0,29,0,35,52,0,87,20,0,20,107
06/05/2002,LYH,VA,AEA,EN,Federal Contract Tower,0,39,19,5,63,0,0,64,0,64,0,39,83,5,127,14,0,14,141
06/06/2002,LYH,VA,AEA,EN,Federal Contract Tower,0,29,14,0,43,0,0,45,0,45,0,29,59,0,88,30,0,30,118
06/07/2002,LYH,VA,AEA,EN,Federal Contract Tower,0,35,35,0,70,0,0,53,2,55,0,35,88,2,125,74,0,74,199
06/08/2002,LYH,VA,AEA,EN,Federal Contract Tower,0,19,37,2,58,0,2,97,0,99,0,21,134,2,157,88,0,88,245
06/09/2002,LYH,VA,AEA,EN,Federal Contract Tower,0,21,40,0,61,0,0,65,0,65,0,21,105,0,126,34,0,34,160
06/10/2002,LYH,VA,AEA,EN,Federal Contract Tower,0,31,14,3,48,0,2,57,4,63,0,33,71,7,111,56,4,60,171
06/11/2002,LYH,VA,AEA,EN,Federal Contract Tower,0,34,43,4,81,0,0,64,4,68,0,34,107,8,149,58,10,68,217
06/12/2002,LYH,VA,AEA,EN,Federal Contract Tower,0,34,25,10,69,0,0,52,0,52,0,34,77,10,121,60,0,60,181
06/13/2002,LYH,VA,AEA,EN,Federal Contract Tower,0,31,19,0,50,0,0,32,2,34,0,31,51,2,84,70,0,70,154
06/14/2002,LYH,VA,AEA,EN,Federal Contract Tower,0,30,37,2,69,0,0,24,0,24,0,30,61,2,93,50,0,50,143
06/15/2002,LYH,VA,AEA,EN,Federal Contract Tower,0,20,18,0,38,0,0,79,0,79,0,20,97,0,117,68,0,68,185
06/16/2002,LYH,VA,AEA,EN,Federal Contract Tower,0,19,19,2,40,0,2,39,0,41,0,21,58,2,81,0,0,0,81
06/17/2002,LYH,VA,AEA,EN,Federal Contract Tower,0,36,25,0,61,0,2,57,0,59,0,38,82,0,120,92,0,92,212
06/18/2002,LYH,VA,AEA,EN,Federal Contract Tower,0,35,28,0,63,0,0,67,2,69,0,35,95,2,132,44,0,44,176
06/19/2002,LYH,VA,AEA,EN,Federal Contract Tower,0,33,23,2,58,0,0,40,0,40,0,33,63,2,98,50,0,50,148
06/20/2002,LYH,VA,AEA,EN,Federal Contract Tower,0,30,57,0,87,0,0,63,0,63,0,30,120,0,150,104,0,104,254
06/21/2002,LYH,VA,AEA,EN,Federal Contract Tower,0,31,30,5,66,0,0,68,1,69,0,31,98,6,135,84,10,94,229
06/22/2002,LYH,VA,AEA,EN,Federal Contract Tower,0,20,8,0,28,0,0,64,0,64,0,20,72,0,92,22,0,22,114
06/23/2002,LYH,VA,AEA,EN,Federal Contract Tower,0,18,42,1,61,0,0,36,1,37,0,18,78,2,98,62,0,62,160
06/24/2002,LYH,VA,AEA,EN,Federal Contract Tower,0,38,18,0,56,0,0,66,2,68,0,38,84,2,124,152,0,152,276
06/25/2002,LYH,VA,AEA,EN,Federal Contract Tower,0,33,36,0,69,0,0,47,2,49,0,33,83,2,118,104,0,104,222
06/26/2002,LYH,VA,AEA,EN,Federal Contract Tower,0,33,40,1,74,0,0,51,1,52,0,33,91,2,126,86,0,86,212
06/27/2002,LYH,VA,AEA,EN,Federal Contract Tower,0,34,25,0,59,0,0,27,2,29,0,34,52,2,88,60,0,60,148
06/28/2002,LYH,VA,AEA,EN,Federal Contract Tower,0,36,31,2,69,0,0,25,2,27,0,36,56,4,96,60,0,60,156
06/29/2002,LYH,VA,AEA,EN,Federal Contract Tower,0,22,19,0,41,0,0,63,10,73,0,22,82,10,114,78,0,78,192
06/30/2002,LYH,VA,AEA,EN,Federal Contract Tower,0,21,16,0,37,0,0,56,0,56,0,21,72,0,93,26,0,26,119
07/01/2002,LYH,VA,AEA,EN,Federal Contract Tower,0,37,18,0,55,0,0,62,4,66,0,37,80,4,121,110,0,110,231
07/02/2002,LYH,VA,AEA,EN,Federal Contract Tower,0,32,15,0,47,0,0,38,4,42,0,32,53,4,89,20,0,20,109
07/03/2002,LYH,VA,AEA,EN,Federal Contract Tower,0,34,29,0,63,0,0,38,0,38,0,34,67,0,101,32,0,32,133
07/04/2002,LYH,VA,AEA,EN,Federal Contract Tower,0,21,21,0,42,0,0,45,0,45,0,21,66,0,87,32,0,32,119
07/05/2002,LYH,VA,AEA,EN,Federal Contract Tower,0,18,27,0,45,0,0,49,0,49,0,18,76,0,94,50,0,50,144
07/06/2002,LYH,VA,AEA,EN,Federal Contract Tower,0,22,15,0,37,0,0,80,0,80,0,22,95,0,117,60,0,60,177
07/07/2002,LYH,VA,AEA,EN,Federal Contract Tower,0,22,16,0,38,0,0,58,0,58,0,22,74,0,96,20,0,20,116
07/08/2002,LYH,VA,AEA,EN,Federal Contract Tower,0,32,7,0,39,0,0,34,0,34,0,32,41,0,73,30,0,30,103
07/09/2002,LYH,VA,AEA,EN,Federal Contract Tower,0,33,14,0,47,0,0,38,0,38,0,33,52,0,85,80,0,80,165
07/10/2002,LYH,VA,AEA,EN,Federal Contract Tower,0,36,15,0,51,0,1,30,8,39,0,37,45,8,90,70,0,70,160
07/11/2002,LYH,VA,AEA,EN,Federal Contract Tower,0,27,20,3,50,0,0,40,9,49,0,27,60,12,99,48,20,68,167
07/12/2002,LYH,VA,AEA,EN,Federal Contract Tower,0,28,19,2,49,0,0,82,2,84,0,28,101,4,133,68,8,76,209
07/13/2002,LYH,VA,AEA,EN,Federal Contract Tower,0,19,22,0,41,0,0,50,6,56,0,19,72,6,97,20,0,20,117
07/14/2002,LYH,VA,AEA,EN,Federal Contract Tower,0,21,29,3,53,0,0,0,0,0,0,21,29,3,53,0,0,0,53
07/15/2002,LYH,VA,AEA,EN,Federal Contract Tower,0,35,36,4,75,0,0,53,0,53,0,35,89,4,128,92,0,92,220
07/16/2002,LYH,VA,AEA,EN,Federal Contract Tower,0,35,53,0,88,0,0,16,0,16,0,35,69,0,104,44,0,44,148
07/17/2002,LYH,VA,AEA,EN,Federal Contract Tower,0,33,42,0,75,0,0,54,0,54,0,33,96,0,129,100,0,100,229
07/18/2002,LYH,VA,AEA,EN,Federal Contract Tower,0,33,28,9,70,0,0,35,1,36,0,33,63,10,106,64,2,66,172
07/19/2002,LYH,VA,AEA,EN,Federal Contract Tower,0,31,33,0,64,0,0,37,0,37,0,31,70,0,101,24,0,24,125
07/20/2002,LYH,VA,AEA,EN,Federal Contract Tower,0,20,22,0,42,0,0,73,0,73,0,20,95,0,115,64,0,64,179
07/21/2002,LYH,VA,AEA,EN,Federal Contract Tower,0,19,36,0,55,0,0,39,0,39,0,19,75,0,94,30,0,30,124
07/22/2002,LYH,VA,AEA,EN,Federal Contract Tower,0,32,32,0,64,0,0,28,0,28,0,32,60,0,92,50,0,50,142
07/23/2002,LYH,VA,AEA,EN,Federal Contract Tower,0,29,31,5,65,0,0,19,2,21,0,29,50,7,86,10,0,10,96
07/24/2002,LYH,VA,AEA,EN,Federal Contract Tower,0,34,38,2,74,0,0,36,2,38,0,34,74,4,112,40,0,40,152
07/25/2002,LYH,VA,AEA,EN,Federal Contract Tower,0,42,40,2,84,0,1,3,0,4,0,43,43,2,88,0,0,0,88
07/26/2002,LYH,VA,AEA,EN,Federal Contract Tower,0,36,17,0,53,0,0,4,1,5,0,36,21,1,58,0,0,0,58
07/27/2002,LYH,VA,AEA,EN,Federal Contract Tower,0,19,32,0,51,0,0,37,1,38,0,19,69,1,89,40,0,40,129
07/28/2002,LYH,VA,AEA,EN,Federal Contract Tower,0,17,10,0,27,0,0,52,4,56,0,17,62,4,83,14,0,14,97
07/29/2002,LYH,VA,AEA,EN,Federal Contract Tower,0,25,30,0,55,0,0,78,0,78,0,25,108,0,133,92,0,92,225
07/30/2002,LYH,VA,AEA,EN,Federal Contract Tower,0,34,29,0,63,0,0,54,0,54,0,34,83,0,117,28,0,28,145
07/31/2002,LYH,VA,AEA,EN,Federal Contract Tower,0,30,21,0,51,0,1,77,0,78,0,31,98,0,129,82,0,82,211
08/01/2002,LYH,VA,AEA,EN,Federal Contract Tower,0,38,27,2,67,0,0,45,0,45,0,38,72,2,112,32,8,40,152
08/02/2002,LYH,VA,AEA,EN,Federal Contract Tower,0,34,32,0,66,0,0,41,2,43,0,34,73,2,109,110,0,110,219
08/03/2002,LYH,VA,AEA,EN,Federal Contract Tower,0,24,19,2,45,0,0,39,2,41,0,24,58,4,86,42,2,44,130
08/04/2002,LYH,VA,AEA,EN,Federal Contract Tower,0,19,14,2,35,0,0,61,4,65,0,19,75,6,100,70,0,70,170
08/05/2002,LYH,VA,AEA,EN,Federal Contract Tower,0,33,20,2,55,0,0,59,0,59,0,33,79,2,114,72,0,72,186
08/06/2002,LYH,VA,AEA,EN,Federal Contract Tower,0,34,32,0,66,0,0,53,0,53,0,34,85,0,119,40,0,40,159
08/07/2002,LYH,VA,AEA,EN,Federal Contract Tower,0,33,38,0,71,0,0,85,4,89,0,33,123,4,160,84,0,84,244
08/08/2002,LYH,VA,AEA,EN,Federal Contract Tower,0,27,25,0,52,0,0,56,0,56,0,27,81,0,108,60,0,60,168
08/09/2002,LYH,VA,AEA,EN,Federal Contract Tower,0,25,26,4,55,0,0,70,6,76,0,25,96,10,131,30,0,30,161
08/10/2002,LYH,VA,AEA,EN,Federal Contract Tower,0,18,7,2,27,0,2,52,0,54,0,20,59,2,81,58,0,58,139
08/11/2002,LYH,VA,AEA,EN,Federal Contract Tower,0,19,6,0,25,0,1,38,0,39,0,20,44,0,64,34,0,34,98
08/12/2002,LYH,VA,AEA,EN,Federal Contract Tower,0,28,23,2,53,0,0,50,0,50,0,28,73,2,103,76,0,76,179
08/13/2002,LYH,VA,AEA,EN,Federal Contract Tower,0,30,27,0,57,0,0,40,0,40,0,30,67,0,97,42,0,42,139
08/14/2002,LYH,VA,AEA,EN,Federal Contract Tower,0,33,24,4,61,0,0,52,2,54,0,33,76,6,115,24,14,38,153
08/15/2002,LYH,VA,AEA,EN,Federal Contract Tower,0,27,23,1,51,0,0,46,1,47,0,27,69,2,98,60,0,60,158
08/16/2002,LYH,VA,AEA,EN,Federal Contract Tower,0,25,42,0,67,0,0,52,4,56,0,25,94,4,123,40,0,40,163
08/17/2002,LYH,VA,AEA,EN,Federal Contract Tower,0,17,10,0,27,0,0,58,2,60,0,17,68,2,87,14,0,14,101
08/18/2002,LYH,VA,AEA,EN,Federal Contract Tower,0,18,14,0,32,0,0,34,0,34,0,18,48,0,66,14,0,14,80
08/19/2002,LYH,VA,AEA,EN,Federal Contract Tower,0,32,21,0,53,0,0,39,4,43,0,32,60,4,96,50,0,50,146
08/20/2002,LYH,VA,AEA,EN,Federal Contract Tower,0,34,26,0,60,0,2,56,0,58,0,36,82,0,118,58,0,58,176
08/21/2002,LYH,VA,AEA,EN,Federal Contract Tower,0,28,27,3,58,0,0,51,3,54,0,28,78,6,112,92,0,92,204
08/22/2002,LYH,VA,AEA,EN,Federal Contract Tower,0,23,23,7,53,0,0,41,0,41,0,23,64,7,94,70,10,80,174
08/23/2002,LYH,VA,AEA,EN,Federal Contract Tower,0,22,27,4,53,0,0,62,0,62,0,22,89,4,115,50,4,54,169
08/24/2002,LYH,VA,AEA,EN,Federal Contract Tower,0,20,26,0,46,0,0,59,0,59,0,20,85,0,105,40,0,40,145
08/25/2002,LYH,VA,AEA,EN,Federal Contract Tower,0,16,16,0,32,0,0,62,4,66,0,16,78,4,98,46,0,46,144
08/26/2002,LYH,VA,AEA,EN,Federal Contract Tower,0,24,17,0,41,0,0,19,10,29,0,24,36,10,70,24,0,24,94
08/27/2002,LYH,VA,AEA,EN,Federal Contract Tower,0,30,20,6,56,0,0,22,3,25,0,30,42,9,81,20,0,20,101
08/28/2002,LYH,VA,AEA,EN,Federal Contract Tower,0,28,19,0,47,0,0,0,0,0,0,28,19,0,47,0,0,0,47
08/29/2002,LYH,VA,AEA,EN,Federal Contract Tower,0,29,49,0,78,0,0,17,0,17,0,29,66,0,95,38,0,38,133
08/30/2002,LYH,VA,AEA,EN,Federal Contract Tower,0,27,42,0,69,0,0,18,0,18,0,27,60,0,87,30,0,30,117
08/31/2002,LYH,VA,AEA,EN,Federal Contract Tower,0,19,42,0,61,0,0,24,0,24,0,19,66,0,85,42,0,42,127
09/01/2002,LYH,VA,AEA,EN,Federal Contract Tower,0,16,19,0,35,0,0,13,0,13,0,16,32,0,48,28,0,28,76
09/02/2002,LYH,VA,AEA,EN,Federal Contract Tower,0,13,25,0,38,0,0,44,4,48,0,13,69,4,86,60,0,60,146
09/03/2002,LYH,VA,AEA,EN,Federal Contract Tower,0,26,30,0,56,0,0,51,0,51,0,26,81,0,107,60,0,60,167
09/04/2002,LYH,VA,AEA,EN,Federal Contract Tower,0,22,29,0,51,0,0,51,0,51,0,22,80,0,102,96,0,96,198
09/05/2002,LYH,VA,AEA,EN,Federal Contract Tower,0,25,21,0,46,0,2,109,0,111,0,27,130,0,157,54,0,54,211
09/06/2002,LYH,VA,AEA,EN,Federal Contract Tower,0,29,26,0,55,0,0,84,2,86,0,29,110,2,141,98,0,98,239
09/07/2002,LYH,VA,AEA,EN,Federal Contract Tower,0,22,55,0,77,0,0,59,4,63,0,22,114,4,140,46,0,46,186
09/08/2002,LYH,VA,AEA,EN,Federal Contract Tower,0,16,26,1,43,0,0,58,1,59,0,16,84,2,102,68,0,68,170
09/09/2002,LYH,VA,AEA,EN,Federal Contract Tower,0,30,24,1,55,0,0,62,1,63,0,30,86,2,118,48,0,48,166
09/10/2002,LYH,VA,AEA,EN,Federal Contract Tower,0,28,40,2,70,0,0,49,0,49,0,28,89,2,119,80,20,100,219
09/11/2002,LYH,VA,AEA,EN,Federal Contract Tower,0,21,13,0,34,0,0,52,0,52,0,21,65,0,86,40,0,40,126
09/12/2002,LYH,VA,AEA,EN,Federal Contract Tower,0,27,20,0,47,0,0,67,0,67,0,27,87,0,114,46,0,46,160
09/13/2002,LYH,VA,AEA,EN,Federal Contract Tower,0,28,23,1,52,0,1,74,3,78,0,29,97,4,130,76,0,76,206
09/14/2002,LYH,VA,AEA,EN,Federal Contract Tower,0,15,31,0,46,0,0,49,10,59,0,15,80,10,105,2,0,2,107
09/15/2002,LYH,VA,AEA,EN,Federal Contract Tower,0,23,9,0,32,0,0,18,0,18,0,23,27,0,50,0,0,0,50
09/16/2002,LYH,VA,AEA,EN,Federal Contract Tower,0,23,20,1,44,0,0,22,2,24,0,23,42,3,68,40,0,40,108
09/17/2002,LYH,VA,AEA,EN,Federal Contract Tower,0,22,32,5,59,0,0,35,22,57,0,22,67,27,116,74,4,78,194
09/18/2002,LYH,VA,AEA,EN,Federal Contract Tower,0,30,28,0,58,0,0,42,3,45,0,30,70,3,103,114,0,114,217
09/19/2002,LYH,VA,AEA,EN,Federal Contract Tower,0,24,24,0,48,0,0,19,1,20,0,24,43,1,68,16,0,16,84
09/20/2002,LYH,VA,AEA,EN,Federal Contract Tower,0,27,39,2,68,0,0,57,4,61,0,27,96,6,129,80,0,80,209
09/21/2002,LYH,VA,AEA,EN,Federal Contract Tower,0,17,15,0,32,0,0,65,2,67,0,17,80,2,99,4,0,4,103
09/22/2002,LYH,VA,AEA,EN,Federal Contract Tower,0,15,20,0,35,0,0,9,2,11,0,15,29,2,46,4,0,4,50
09/23/2002,LYH,VA,AEA,EN,Federal Contract Tower,0,36,31,4,71,0,0,57,3,60,0,36,88,7,131,74,6,80,211
09/24/2002,LYH,VA,AEA,EN,Federal Contract Tower,0,29,17,0,46,0,0,66,0,66,0,29,83,0,112,26,0,26,138
09/25/2002,LYH,VA,AEA,EN,Federal Contract Tower,0,33,30,5,68,0,0,41,2,43,0,33,71,7,111,64,0,64,175
09/26/2002,LYH,VA,AEA,EN,Federal Contract Tower,0,24,16,2,42,0,0,0,0,0,0,24,16,2,42,0,0,0,42
09/27/2002,LYH,VA,AEA,EN,Federal Contract Tower,0,27,19,2,48,0,0,7,0,7,0,27,26,2,55,0,0,0,55
09/28/2002,LYH,VA,AEA,EN,Federal Contract Tower,0,20,20,0,40,0,2,55,2,59,0,22,75,2,99,78,0,78,177
09/29/2002,LYH,VA,AEA,EN,Federal Contract Tower,0,19,22,0,41,0,0,75,0,75,0,19,97,0,116,50,0,50,166
09/30/2002,LYH,VA,AEA,EN,Federal Contract Tower,0,26,35,0,61,0,0,42,0,42,0,26,77,0,103,50,0,50,153
10/01/2002,LYH,VA,AEA,EN,Federal Contract Tower,0,32,32,0,64,0,0,61,4,65,0,32,93,4,129,56,0,56,185
10/02/2002,LYH,VA,AEA,EN,Federal Contract Tower,0,31,28,0,59,0,0,49,2,51,0,31,77,2,110,128,2,130,240
10/03/2002,LYH,VA,AEA,EN,Federal Contract Tower,0,31,19,0,50,0,0,59,0,59,0,31,78,0,109,50,0,50,159
10/04/2002,LYH,VA,AEA,EN,Federal Contract Tower,0,31,25,0,56,0,0,37,0,37,0,31,62,0,93,30,0,30,123
10/05/2002,LYH,VA,AEA,EN,Federal Contract Tower,0,15,15,0,30,0,0,57,2,59,0,15,72,2,89,40,0,40,129
10/06/2002,LYH,VA,AEA,EN,Federal Contract Tower,0,21,29,0,50,0,0,55,2,57,0,21,84,2,107,50,0,50,157
10/07/2002,LYH,VA,AEA,EN,Federal Contract Tower,0,24,32,0,56,0,0,60,0,60,0,24,92,0,116,82,0,82,198
10/08/2002,LYH,VA,AEA,EN,Federal Contract Tower,0,30,38,1,69,0,0,59,1,60,0,30,97,2,129,38,0,38,167
10/09/2002,LYH,VA,AEA,EN,Federal Contract Tower,0,22,32,3,57,0,0,34,0,34,0,22,66,3,91,60,4,64,155
10/10/2002,LYH,VA,AEA,EN,Federal Contract Tower,0,32,23,0,55,0,0,16,0,16,0,32,39,0,71,20,0,20,91
10/11/2002,LYH,VA,AEA,EN,Federal Contract Tower,0,23,24,0,47,0,0,0,0,0,0,23,24,0,47,0,0,0,47
10/12/2002,LYH,VA,AEA,EN,Federal Contract Tower,0,17,13,0,30,0,0,85,0,85,0,17,98,0,115,44,0,44,159
10/13/2002,LYH,VA,AEA,EN,Federal Contract Tower,0,22,18,0,40,0,0,52,0,52,0,22,70,0,92,20,0,20,112
10/14/2002,LYH,VA,AEA,EN,Federal Contract Tower,0,25,30,0,55,0,0,74,4,78,0,25,104,4,133,76,0,76,209
10/15/2002,LYH,VA,AEA,EN,Federal Contract Tower,0,22,29,0,51,0,0,29,2,31,0,22,58,2,82,30,2,32,114
10/16/2002,LYH,VA,AEA,EN,Federal Contract Tower,0,25,17,0,42,0,0,17,0,17,0,25,34,0,59,10,0,10,69
10/17/2002,LYH,VA,AEA,EN,Federal Contract Tower,0,22,36,2,60,0,0,62,2,64,0,22,98,4,124,80,0,80,204
10/18/2002,LYH,VA,AEA,EN,Federal Contract Tower,0,23,34,0,57,0,0,76,0,76,0,23,110,0,133,70,0,70,203
10/19/2002,LYH,VA,AEA,EN,Federal Contract Tower,0,16,28,2,46,0,0,162,2,164,0,16,190,4,210,54,0,54,264
10/20/2002,LYH,VA,AEA,EN,Federal Contract Tower,0,15,33,0,48,0,0,72,0,72,0,15,105,0,120,32,0,32,152
10/21/2002,LYH,VA,AEA,EN,Federal Contract Tower,0,26,14,2,42,0,0,9,1,10,0,26,23,3,52,2,0,2,54
10/22/2002,LYH,VA,AEA,EN,Federal Contract Tower,0,28,39,1,68,0,0,61,7,68,0,28,100,8,136,90,0,90,226
10/23/2002,LYH,VA,AEA,EN,Federal Contract Tower,0,31,35,4,70,0,0,92,7,99,0,31,127,11,169,90,2,92,261
10/24/2002,LYH,VA,AEA,EN,Federal Contract Tower,0,26,19,0,45,0,1,19,0,20,0,27,38,0,65,20,0,20,85
10/25/2002,LYH,VA,AEA,EN,Federal Contract Tower,0,42,34,0,76,0,0,0,0,0,0,42,34,0,76,2,0,2,78
10/26/2002,LYH,VA,AEA,EN,Federal Contract Tower,0,15,30,0,45,0,0,40,2,42,0,15,70,2,87,44,0,44,131
10/27/2002,LYH,VA,AEA,EN,Federal Contract Tower,0,22,34,0,56,0,0,65,0,65,0,22,99,0,121,74,0,74,195
10/28/2002,LYH,VA,AEA,EN,Federal Contract Tower,0,22,8,4,34,0,0,0,0,0,0,22,8,4,34,0,0,0,34
10/29/2002,LYH,VA,AEA,EN,Federal Contract Tower,0,19,9,0,28,0,0,0,0,0,0,19,9,0,28,0,0,0,28
10/30/2002,LYH,VA,AEA,EN,Federal Contract Tower,0,22,33,0,55,0,0,2,0,2,0,22,35,0,57,0,0,0,57
10/31/2002,LYH,VA,AEA,EN,Federal Contract Tower,0,27,38,0,65,0,0,75,0,75,0,27,113,0,140,84,0,84,224
11/01/2002,LYH,VA,AEA,EN,Federal Contract Tower,0,27,31,4,62,0,0,56,3,59,0,27,87,7,121,50,70,120,241
11/02/2002,LYH,VA,AEA,EN,Federal Contract Tower,0,13,39,0,52,0,0,52,2,54,0,13,91,2,106,44,0,44,150
11/03/2002,LYH,VA,AEA,EN,Federal Contract Tower,0,18,0,0,18,0,0,0,86,86,0,18,0,86,104,40,0,40,144
11/04/2002,LYH,VA,AEA,EN,Federal Contract Tower,0,29,11,2,42,0,0,28,0,28,0,29,39,2,70,4,0,4,74
11/05/2002,LYH,VA,AEA,EN,Federal Contract Tower,0,26,23,0,49,0,0,5,2,7,0,26,28,2,56,10,0,10,66
11/06/2002,LYH,VA,AEA,EN,Federal Contract Tower,0,25,21,1,47,0,0,23,1,24,0,25,44,2,71,40,0,40,111
11/07/2002,LYH,VA,AEA,EN,Federal Contract Tower,0,25,28,0,53,0,1,53,0,54,0,26,81,0,107,52,0,52,159
11/08/2002,LYH,VA,AEA,EN,Federal Contract Tower,0,22,33,0,55,0,1,94,0,95,0,23,127,0,150,54,0,54,204
11/09/2002,LYH,VA,AEA,EN,Federal Contract Tower,0,18,21,2,41,0,0,59,2,61,0,18,80,4,102,32,0,32,134
11/10/2002,LYH,VA,AEA,EN,Federal Contract Tower,0,19,22,0,41,0,0,17,0,17,0,19,39,0,58,6,0,6,64
11/11/2002,LYH,VA,AEA,EN,Federal Contract Tower,0,25,16,2,43,0,0,37,2,39,0,25,53,4,82,50,0,50,132
11/12/2002,LYH,VA,AEA,EN,Federal Contract Tower,0,22,15,1,38,0,0,0,0,0,0,22,15,1,38,2,0,2,40
11/13/2002,LYH,VA,AEA,EN,Federal Contract Tower,0,36,40,1,77,0,0,35,5,40,0,36,75,6,117,70,0,70,187
11/14/2002,LYH,VA,AEA,EN,Federal Contract Tower,0,25,21,2,48,0,0,95,2,97,0,25,116,4,145,150,2,152,297
11/15/2002,LYH,VA,AEA,EN,Federal Contract Tower,0,25,14,0,39,0,0,60,0,60,0,25,74,0,99,90,0,90,189
11/16/2002,LYH,VA,AEA,EN,Federal Contract Tower,0,17,1,0,18,0,0,0,0,0,0,17,1,0,18,0,0,0,18
11/17/2002,LYH,VA,AEA,EN,Federal Contract Tower,0,16,19,0,35,0,0,3,0,3,0,16,22,0,38,0,0,0,38
11/18/2002,LYH,VA,AEA,EN,Federal Contract Tower,0,30,23,2,55,0,0,63,0,63,0,30,86,2,118,52,0,52,170
11/19/2002,LYH,VA,AEA,EN,Federal Contract Tower,0,27,43,0,70,0,0,60,2,62,0,27,103,2,132,70,0,70,202
11/20/2002,LYH,VA,AEA,EN,Federal Contract Tower,0,32,46,0,78,0,0,73,4,77,0,32,119,4,155,90,0,90,245
11/21/2002,LYH,VA,AEA,EN,Federal Contract Tower,0,26,28,0,54,0,0,0,0,0,0,26,28,0,54,0,0,0,54
11/22/2002,LYH,VA,AEA,EN,Federal Contract Tower,0,26,35,0,61,0,0,24,0,24,0,26,59,0,85,10,0,10,95
11/23/2002,LYH,VA,AEA,EN,Federal Contract Tower,0,19,14,0,33,0,0,44,2,46,0,19,58,2,79,34,0,34,113
11/24/2002,LYH,VA,AEA,EN,Federal Contract Tower,0,16,21,0,37,0,0,89,0,89,0,16,110,0,126,32,0,32,158
11/25/2002,LYH,VA,AEA,EN,Federal Contract Tower,0,27,10,0,37,0,0,66,0,66,0,27,76,0,103,42,0,42,145
11/26/2002,LYH,VA,AEA,EN,Federal Contract Tower,0,26,24,5,55,0,0,36,5,41,0,26,60,10,96,46,4,50,146
11/27/2002,LYH,VA,AEA,EN,Federal Contract Tower,0,23,29,4,56,0,0,21,0,21,0,23,50,4,77,14,10,24,101
11/28/2002,LYH,VA,AEA,EN,Federal Contract Tower,0,12,9,0,21,0,0,15,0,15,0,12,24,0,36,4,0,4,40
11/29/2002,LYH,VA,AEA,EN,Federal Contract Tower,0,11,5,0,16,0,0,26,0,26,0,11,31,0,42,4,0,4,46
11/30/2002,LYH,VA,AEA,EN,Federal Contract Tower,0,16,9,0,25,0,1,25,0,26,0,17,34,0,51,12,0,12,63
12/01/2002,LYH,VA,AEA,EN,Federal Contract Tower,0,21,21,0,42,0,0,26,0,26,0,21,47,0,68,12,0,12,80
12/02/2002,LYH,VA,AEA,EN,Federal Contract Tower,0,27,16,0,43,0,0,30,4,34,0,27,46,4,77,22,0,22,99
12/03/2002,LYH,VA,AEA,EN,Federal Contract Tower,0,30,20,0,50,0,1,55,0,56,0,31,75,0,106,32,0,32,138
12/04/2002,LYH,VA,AEA,EN,Federal Contract Tower,0,26,16,0,42,0,0,23,0,23,0,26,39,0,65,0,0,0,65
12/05/2002,LYH,VA,AEA,EN,Federal Contract Tower,0,11,4,0,15,0,0,0,0,0,0,11,4,0,15,0,0,0,15
12/06/2002,LYH,VA,AEA,EN,Federal Contract Tower,0,28,23,0,51,0,0,21,2,23,0,28,44,2,74,16,0,16,90
12/07/2002,LYH,VA,AEA,EN,Federal Contract Tower,0,23,16,0,39,0,0,45,0,45,0,23,61,0,84,50,0,50,134
12/08/2002,LYH,VA,AEA,EN,Federal Contract Tower,0,18,16,0,34,0,0,43,0,43,0,18,59,0,77,20,0,20,97
12/09/2002,LYH,VA,AEA,EN,Federal Contract Tower,0,26,33,0,59,0,0,45,2,47,0,26,78,2,106,90,0,90,196
12/10/2002,LYH,VA,AEA,EN,Federal Contract Tower,0,37,15,0,52,0,0,18,2,20,0,37,33,2,72,30,0,30,102
12/11/2002,LYH,VA,AEA,EN,Federal Contract Tower,0,24,8,3,35,0,0,1,0,1,0,24,9,3,36,0,4,4,40
12/12/2002,LYH,VA,AEA,EN,Federal Contract Tower,0,30,25,0,55,0,0,50,0,50,0,30,75,0,105,54,0,54,159
12/13/2002,LYH,VA,AEA,EN,Federal Contract Tower,0,34,23,0,57,0,0,0,0,0,0,34,23,0,57,0,0,0,57
12/14/2002,LYH,VA,AEA,EN,Federal Contract Tower,0,19,11,0,30,0,0,17,2,19,0,19,28,2,49,0,0,0,49
12/15/2002,LYH,VA,AEA,EN,Federal Contract Tower,0,14,19,0,33,0,0,48,0,48,0,14,67,0,81,10,0,10,91
12/16/2002,LYH,VA,AEA,EN,Federal Contract Tower,0,22,33,4,59,0,0,26,2,28,0,22,59,6,87,30,30,60,147
12/17/2002,LYH,VA,AEA,EN,Federal Contract Tower,0,32,23,0,55,0,0,51,0,51,0,32,74,0,106,30,0,30,136
12/18/2002,LYH,VA,AEA,EN,Federal Contract Tower,0,29,31,2,62,0,2,39,0,41,0,31,70,2,103,74,0,74,177
12/19/2002,LYH,VA,AEA,EN,Federal Contract Tower,0,31,22,2,55,0,0,8,0,8,0,31,30,2,63,44,0,44,107
12/20/2002,LYH,VA,AEA,EN,Federal Contract Tower,0,28,14,0,42,0,0,21,0,21,0,28,35,0,63,20,0,20,83
12/21/2002,LYH,VA,AEA,EN,Federal Contract Tower,0,17,14,0,31,0,0,28,0,28,0,17,42,0,59,10,0,10,69
12/22/2002,LYH,VA,AEA,EN,Federal Contract Tower,0,15,14,0,29,0,0,36,4,40,0,15,50,4,69,10,0,10,79
12/23/2002,LYH,VA,AEA,EN,Federal Contract Tower,0,21,22,6,49,0,0,57,8,65,0,21,79,14,114,60,0,60,174
12/24/2002,LYH,VA,AEA,EN,Federal Contract Tower,0,19,7,0,26,0,0,1,0,1,0,19,8,0,27,0,0,0,27
12/25/2002,LYH,VA,AEA,EN,Federal Contract Tower,0,11,1,0,12,0,0,0,0,0,0,11,1,0,12,0,0,0,12
12/26/2002,LYH,VA,AEA,EN,Federal Contract Tower,0,22,8,2,32,0,0,31,0,31,0,22,39,2,63,14,0,14,77
12/27/2002,LYH,VA,AEA,EN,Federal Contract Tower,0,23,14,0,37,0,2,78,2,82,0,25,92,2,119,36,0,36,155
12/28/2002,LYH,VA,AEA,EN,Federal Contract Tower,0,16,19,0,35,0,0,79,0,79,0,16,98,0,114,54,0,54,168
12/29/2002,LYH,VA,AEA,EN,Federal Contract Tower,0,15,17,0,32,0,0,51,0,51,0,15,68,0,83,42,0,42,125
12/30/2002,LYH,VA,AEA,EN,Federal Contract Tower,0,25,16,0,41,0,0,41,0,41,0,25,57,0,82,34,0,34,116
12/31/2002,LYH,VA,AEA,EN,Federal Contract Tower,0,18,17,0,35,0,0,38,0,38,0,18,55,0,73,50,0,50,123
01/01/2003,LYH,VA,AEA,EN,Federal Contract Tower,0,13,2,0,15,0,1,0,0,1,0,14,2,0,16,0,0,0,16
01/02/2003,LYH,VA,AEA,EN,Federal Contract Tower,0,28,20,0,48,0,2,0,0,2,0,30,20,0,50,0,0,0,50
01/03/2003,LYH,VA,AEA,EN,Federal Contract Tower,0,21,8,2,31,0,3,1,0,4,0,24,9,2,35,0,0,0,35
01/04/2003,LYH,VA,AEA,EN,Federal Contract Tower,0,15,15,0,30,0,2,38,0,40,0,17,53,0,70,28,0,28,98
01/05/2003,LYH,VA,AEA,EN,Federal Contract Tower,0,18,11,0,29,0,2,12,10,24,0,20,23,10,53,10,0,10,63
01/06/2003,LYH,VA,AEA,EN,Federal Contract Tower,0,23,18,1,42,0,2,16,3,21,0,25,34,4,63,20,0,20,83
01/07/2003,LYH,VA,AEA,EN,Federal Contract Tower,0,25,25,0,50,0,2,34,0,36,0,27,59,0,86,40,0,40,126
01/08/2003,LYH,VA,AEA,EN,Federal Contract Tower,0,22,14,0,36,0,2,11,0,13,0,24,25,0,49,20,0,20,69
01/09/2003,LYH,VA,AEA,EN,Federal Contract Tower,0,23,11,2,36,0,2,20,0,22,0,25,31,2,58,6,2,8,66
01/10/2003,LYH,VA,AEA,EN,Federal Contract Tower,0,18,21,2,41,0,2,20,2,24,0,20,41,4,65,30,0,30,95
01/11/2003,LYH,VA,AEA,EN,Federal Contract Tower,0,13,30,0,43,0,2,62,0,64,0,15,92,0,107,44,0,44,151
01/12/2003,LYH,VA,AEA,EN,Federal Contract Tower,0,12,23,2,37,0,2,55,2,59,0,14,78,4,96,14,0,14,110
01/13/2003,LYH,VA,AEA,EN,Federal Contract Tower,0,29,23,3,55,0,2,42,0,44,0,31,65,3,99,28,4,32,131
01/14/2003,LYH,VA,AEA,EN,Federal Contract Tower,0,35,17,0,52,0,1,32,0,33,0,36,49,0,85,22,0,22,107
01/15/2003,LYH,VA,AEA,EN,Federal Contract Tower,0,31,40,0,71,0,0,33,0,33,0,31,73,0,104,20,0,20,124
01/16/2003,LYH,VA,AEA,EN,Federal Contract Tower,0,31,18,0,49,0,0,37,0,37,0,31,55,0,86,20,0,20,106
01/17/2003,LYH,VA,AEA,EN,Federal Contract Tower,0,25,8,0,33,0,0,12,2,14,0,25,20,2,47,0,0,0,47
01/18/2003,LYH,VA,AEA,EN,Federal Contract Tower,0,16,18,0,34,0,0,50,0,50,0,16,68,0,84,30,0,30,114
01/19/2003,LYH,VA,AEA,EN,Federal Contract Tower,0,14,13,0,27,0,0,14,0,14,0,14,27,0,41,2,0,2,43
01/20/2003,LYH,VA,AEA,EN,Federal Contract Tower,0,30,19,0,49,0,0,20,2,22,0,30,39,2,71,28,0,28,99
01/21/2003,LYH,VA,AEA,EN,Federal Contract Tower,0,28,23,0,51,0,0,26,2,28,0,28,49,2,79,0,0,0,79
01/22/2003,LYH,VA,AEA,EN,Federal Contract Tower,0,33,47,0,80,0,0,42,0,42,0,33,89,0,122,34,0,34,156
01/23/2003,LYH,VA,AEA,EN,Federal Contract Tower,0,31,4,0,35,0,0,0,0,0,0,31,4,0,35,0,0,0,35
01/24/2003,LYH,VA,AEA,EN,Federal Contract Tower,0,29,15,0,44,0,0,33,0,33,0,29,48,0,77,30,0,30,107
01/25/2003,LYH,VA,AEA,EN,Federal Contract Tower,0,17,13,0,30,0,0,83,0,83,0,17,96,0,113,54,0,54,167
01/26/2003,LYH,VA,AEA,EN,Federal Contract Tower,0,17,10,0,27,0,0,24,0,24,0,17,34,0,51,30,0,30,81
01/27/2003,LYH,VA,AEA,EN,Federal Contract Tower,0,29,11,3,43,0,0,41,3,44,0,29,52,6,87,80,0,80,167
01/28/2003,LYH,VA,AEA,EN,Federal Contract Tower,0,32,17,3,52,0,0,28,1,29,0,32,45,4,81,16,4,20,101
01/29/2003,LYH,VA,AEA,EN,Federal Contract Tower,0,29,14,0,43,0,0,16,0,16,0,29,30,0,59,68,0,68,127
01/30/2003,LYH,VA,AEA,EN,Federal Contract Tower,0,24,12,0,36,0,0,0,0,0,0,24,12,0,36,0,0,0,36
01/31/2003,LYH,VA,AEA,EN,Federal Contract Tower,0,26,7,0,33,0,0,0,0,0,0,26,7,0,33,0,0,0,33
02/01/2003,LYH,VA,AEA,EN,Federal Contract Tower,0,16,18,0,34,0,0,36,0,36,0,16,54,0,70,10,0,10,80
02/02/2003,LYH,VA,AEA,EN,Federal Contract Tower,0,16,14,0,30,0,0,56,0,56,0,16,70,0,86,58,0,58,144
02/03/2003,LYH,VA,AEA,EN,Federal Contract Tower,0,32,29,0,61,0,1,51,0,52,0,33,80,0,113,62,0,62,175
02/04/2003,LYH,VA,AEA,EN,Federal Contract Tower,0,23,7,0,30,0,0,11,0,11,0,23,18,0,41,4,0,4,45
02/05/2003,LYH,VA,AEA,EN,Federal Contract Tower,0,26,16,0,42,0,0,46,1,47,0,26,62,1,89,52,0,52,141
02/06/2003,LYH,VA,AEA,EN,Federal Contract Tower,0,33,15,8,56,0,0,48,5,53,0,33,63,13,109,6,10,16,125
02/07/2003,LYH,VA,AEA,EN,Federal Contract Tower,0,28,25,0,53,0,0,8,1,9,0,28,33,1,62,50,0,50,112
02/08/2003,LYH,VA,AEA,EN,Federal Contract Tower,0,16,13,0,29,0,0,66,0,66,0,16,79,0,95,54,0,54,149
02/09/2003,LYH,VA,AEA,EN,Federal Contract Tower,0,20,19,0,39,0,0,53,0,53,0,20,72,0,92,6,0,6,98
02/10/2003,LYH,VA,AEA,EN,Federal Contract Tower,0,22,5,0,27,0,0,2,0,2,0,22,7,0,29,10,0,10,39
02/11/2003,LYH,VA,AEA,EN,Federal Contract Tower,0,26,30,0,56,0,0,33,2,35,0,26,63,2,91,10,0,10,101
02/12/2003,LYH,VA,AEA,EN,Federal Contract Tower,0,18,21,0,39,0,0,10,8,18,0,18,31,8,57,0,0,0,57
02/13/2003,LYH,VA,AEA,EN,Federal Contract Tower,0,25,32,0,57,0,0,18,6,24,0,25,50,6,81,10,0,10,91
02/14/2003,LYH,VA,AEA,EN,Federal Contract Tower,0,36,12,0,48,0,0,23,0,23,0,36,35,0,71,20,0,20,91
02/15/2003,LYH,VA,AEA,EN,Federal Contract Tower,0,17,4,0,21,0,0,0,0,0,0,17,4,0,21,0,0,0,21
02/16/2003,LYH,VA,AEA,EN,Federal Contract Tower,0,1,0,0,1,0,0,0,0,0,0,1,0,0,1,0,0,0,1
02/17/2003,LYH,VA,AEA,EN,Federal Contract Tower,0,15,10,0,25,0,0,0,0,0,0,15,10,0,25,0,0,0,25
02/18/2003,LYH,VA,AEA,EN,Federal Contract Tower,0,24,14,0,38,0,0,20,10,30,0,24,34,10,68,0,2,2,70
02/19/2003,LYH,VA,AEA,EN,Federal Contract Tower,0,28,22,0,50,0,0,41,0,41,0,28,63,0,91,60,0,60,151
02/20/2003,LYH,VA,AEA,EN,Federal Contract Tower,0,26,20,2,48,0,0,41,0,41,0,26,61,2,89,34,4,38,127
02/21/2003,LYH,VA,AEA,EN,Federal Contract Tower,0,30,12,0,42,0,0,3,0,3,0,30,15,0,45,6,0,6,51
02/22/2003,LYH,VA,AEA,EN,Federal Contract Tower,0,20,3,0,23,0,0,0,0,0,0,20,3,0,23,0,0,0,23
02/23/2003,LYH,VA,AEA,EN,Federal Contract Tower,2,14,8,2,26,0,0,3,2,5,2,14,11,4,31,10,0,10,41
02/24/2003,LYH,VA,AEA,EN,Federal Contract Tower,0,27,34,0,61,0,0,35,0,35,0,27,69,0,96,20,0,20,116
02/25/2003,LYH,VA,AEA,EN,Federal Contract Tower,0,33,28,1,62,0,0,28,1,29,0,33,56,2,91,52,0,52,143
02/26/2003,LYH,VA,AEA,EN,Federal Contract Tower,0,25,5,0,30,0,0,2,0,2,0,25,7,0,32,0,0,0,32
02/27/2003,LYH,VA,AEA,EN,Federal Contract Tower,0,2,2,0,4,0,0,0,0,0,0,2,2,0,4,0,0,0,4
02/28/2003,LYH,VA,AEA,EN,Federal Contract Tower,0,17,6,0,23,0,0,0,0,0,0,17,6,0,23,0,0,0,23
03/01/2003,LYH,VA,AEA,EN,Federal Contract Tower,0,13,6,2,21,0,0,0,2,2,0,13,6,4,23,0,0,0,23
03/02/2003,LYH,VA,AEA,EN,Federal Contract Tower,0,15,21,0,36,0,0,19,0,19,0,15,40,0,55,14,0,14,69
03/03/2003,LYH,VA,AEA,EN,Federal Contract Tower,0,31,40,0,71,0,0,94,0,94,0,31,134,0,165,70,0,70,235
03/04/2003,LYH,VA,AEA,EN,Federal Contract Tower,0,25,24,2,51,0,0,47,2,49,0,25,71,4,100,40,10,50,150
03/05/2003,LYH,VA,AEA,EN,Federal Contract Tower,0,20,33,2,55,0,0,45,1,46,0,20,78,3,101,80,0,80,181
03/06/2003,LYH,VA,AEA,EN,Federal Contract Tower,0,21,17,0,38,0,1,12,0,13,0,22,29,0,51,18,0,18,69
03/07/2003,LYH,VA,AEA,EN,Federal Contract Tower,0,28,21,0,49,0,0,54,0,54,0,28,75,0,103,102,0,102,205
03/08/2003,LYH,VA,AEA,EN,Federal Contract Tower,0,18,26,0,44,0,0,125,0,125,0,18,151,0,169,66,0,66,235
03/09/2003,LYH,VA,AEA,EN,Federal Contract Tower,0,18,9,0,27,0,0,21,0,21,0,18,30,0,48,0,0,0,48
03/10/2003,LYH,VA,AEA,EN,Federal Contract Tower,0,32,14,2,48,0,0,71,6,77,0,32,85,8,125,60,0,60,185
03/11/2003,LYH,VA,AEA,EN,Federal Contract Tower,0,19,24,0,43,0,1,46,2,49,0,20,70,2,92,56,0,56,148
03/12/2003,LYH,VA,AEA,EN,Federal Contract Tower,0,28,31,0,59,0,0,81,0,81,0,28,112,0,140,90,0,90,230
03/13/2003,LYH,VA,AEA,EN,Federal Contract Tower,0,28,20,2,50,0,0,40,2,42,0,28,60,4,92,22,20,42,134
03/14/2003,LYH,VA,AEA,EN,Federal Contract Tower,0,25,30,2,57,0,0,67,5,72,0,25,97,7,129,60,10,70,199
03/15/2003,LYH,VA,AEA,EN,Federal Contract Tower,0,14,26,0,40,0,0,76,0,76,0,14,102,0,116,90,0,90,206
03/16/2003,LYH,VA,AEA,EN,Federal Contract Tower,0,14,9,0,23,0,1,6,0,7,0,15,15,0,30,12,0,12,42
03/17/2003,LYH,VA,AEA,EN,Federal Contract Tower,0,26,35,3,64,0,0,55,7,62,0,26,90,10,126,24,8,32,158
03/18/2003,LYH,VA,AEA,EN,Federal Contract Tower,0,24,23,7,54,0,0,7,1,8,0,24,30,8,62,16,0,16,78
03/19/2003,LYH,VA,AEA,EN,Federal Contract Tower,0,25,31,0,56,0,0,5,0,5,0,25,36,0,61,0,0,0,61
03/20/2003,LYH,VA,AEA,EN,Federal Contract Tower,0,26,4,2,32,0,0,0,0,0,0,26,4,2,32,0,0,0,32
03/21/2003,LYH,VA,AEA,EN,Federal Contract Tower,0,26,36,4,66,0,0,28,0,28,0,26,64,4,94,10,0,10,104
03/22/2003,LYH,VA,AEA,EN,Federal Contract Tower,0,15,13,1,29,0,0,57,1,58,0,15,70,2,87,20,0,20,107
03/23/2003,LYH,VA,AEA,EN,Federal Contract Tower,0,18,29,3,50,0,1,89,1,91,0,19,118,4,141,58,0,58,199
03/24/2003,LYH,VA,AEA,EN,Federal Contract Tower,0,22,23,0,45,0,0,71,0,71,0,22,94,0,116,54,0,54,170
03/25/2003,LYH,VA,AEA,EN,Federal Contract Tower,0,32,24,0,56,0,1,64,0,65,0,33,88,0,121,30,0,30,151
03/26/2003,LYH,VA,AEA,EN,Federal Contract Tower,0,27,18,8,53,0,0,19,3,22,0,27,37,11,75,14,16,30,105
03/27/2003,LYH,VA,AEA,EN,Federal Contract Tower,0,25,23,0,48,0,0,102,1,103,0,25,125,1,151,74,0,74,225
03/28/2003,LYH,VA,AEA,EN,Federal Contract Tower,0,26,35,1,62,0,0,34,1,35,0,26,69,2,97,80,0,80,177
03/29/2003,LYH,VA,AEA,EN,Federal Contract Tower,0,13,20,0,33,0,0,6,0,6,0,13,26,0,39,4,0,4,43
03/30/2003,LYH,VA,AEA,EN,Federal Contract Tower,2,14,2,0,18,0,1,0,0,1,2,15,2,0,19,0,0,0,19
03/31/2003,LYH,VA,AEA,EN,Federal Contract Tower,0,30,19,0,49,0,1,41,4,46,0,31,60,4,95,2,0,2,97
04/01/2003,LYH,VA,AEA,EN,Federal Contract Tower,0,23,21,0,44,0,2,39,0,41,0,25,60,0,85,52,0,52,137
04/02/2003,LYH,VA,AEA,EN,Federal Contract Tower,0,29,15,2,46,0,0,46,6,52,0,29,61,8,98,46,0,46,144
04/03/2003,LYH,VA,AEA,EN,Federal Contract Tower,0,27,35,2,64,0,0,56,0,56,0,27,91,2,120,70,0,70,190
04/04/2003,LYH,VA,AEA,EN,Federal Contract Tower,0,26,17,4,47,0,0,51,0,51,0,26,68,4,98,50,0,50,148
04/05/2003,LYH,VA,AEA,EN,Federal Contract Tower,0,16,9,0,25,0,0,36,0,36,0,16,45,0,61,46,0,46,107
04/06/2003,LYH,VA,AEA,EN,Federal Contract Tower,0,18,29,1,48,0,0,77,3,80,0,18,106,4,128,26,0,26,154
04/07/2003,LYH,VA,AEA,EN,Federal Contract Tower,0,21,13,0,34,0,0,0,0,0,0,21,13,0,34,0,0,0,34
04/08/2003,LYH,VA,AEA,EN,Federal Contract Tower,0,19,34,0,53,0,0,0,0,0,0,19,34,0,53,0,0,0,53
04/09/2003,LYH,VA,AEA,EN,Federal Contract Tower,0,20,27,0,47,0,1,0,0,1,0,21,27,0,48,0,0,0,48
04/10/2003,LYH,VA,AEA,EN,Federal Contract Tower,0,22,16,0,38,0,0,3,0,3,0,22,19,0,41,0,0,0,41
04/11/2003,LYH,VA,AEA,EN,Federal Contract Tower,0,17,26,0,43,0,0,16,6,22,0,17,42,6,65,40,0,40,105
04/12/2003,LYH,VA,AEA,EN,Federal Contract Tower,0,16,25,0,41,0,0,86,2,88,0,16,111,2,129,42,0,42,171
04/13/2003,LYH,VA,AEA,EN,Federal Contract Tower,0,20,21,3,44,0,0,100,9,109,0,20,121,12,153,34,0,34,187
04/14/2003,LYH,VA,AEA,EN,Federal Contract Tower,0,25,18,0,43,0,0,69,0,69,0,25,87,0,112,130,0,130,242
04/15/2003,LYH,VA,AEA,EN,Federal Contract Tower,0,28,25,0,53,0,0,55,0,55,0,28,80,0,108,40,0,40,148
04/16/2003,LYH,VA,AEA,EN,Federal Contract Tower,0,22,21,6,49,0,2,55,6,63,0,24,76,12,112,34,10,44,156
04/17/2003,LYH,VA,AEA,EN,Federal Contract Tower,0,25,23,2,50,0,0,29,0,29,0,25,52,2,79,30,0,30,109
04/18/2003,LYH,VA,AEA,EN,Federal Contract Tower,0,14,16,0,30,0,0,1,0,1,0,14,17,0,31,0,0,0,31
04/19/2003,LYH,VA,AEA,EN,Federal Contract Tower,0,15,18,0,33,0,0,0,0,0,0,15,18,0,33,0,0,0,33
04/20/2003,LYH,VA,AEA,EN,Federal Contract Tower,0,16,25,0,41,0,0,44,0,44,0,16,69,0,85,14,0,14,99
04/21/2003,LYH,VA,AEA,EN,Federal Contract Tower,0,29,44,0,73,0,0,4,0,4,0,29,48,0,77,24,0,24,101
04/22/2003,LYH,VA,AEA,EN,Federal Contract Tower,0,30,25,2,57,0,0,40,0,40,0,30,65,2,97,50,0,50,147
04/23/2003,LYH,VA,AEA,EN,Federal Contract Tower,0,27,20,4,51,0,0,60,2,62,0,27,80,6,113,50,0,50,163
04/24/2003,LYH,VA,AEA,EN,Federal Contract Tower,0,32,24,2,58,0,0,60,2,62,0,32,84,4,120,50,0,50,170
04/25/2003,LYH,VA,AEA,EN,Federal Contract Tower,0,25,21,1,47,0,0,4,1,5,0,25,25,2,52,0,0,0,52
04/26/2003,LYH,VA,AEA,EN,Federal Contract Tower,2,21,13,0,36,0,0,6,0,6,2,21,19,0,42,12,0,12,54
04/27/2003,LYH,VA,AEA,EN,Federal Contract Tower,4,13,42,2,61,0,0,80,0,80,4,13,122,2,141,52,0,52,193
04/28/2003,LYH,VA,AEA,EN,Federal Contract Tower,0,27,22,4,53,0,0,94,0,94,0,27,116,4,147,130,4,134,281
04/29/2003,LYH,VA,AEA,EN,Federal Contract Tower,0,22,52,0,74,0,0,49,4,53,0,22,101,4,127,50,2,52,179
04/30/2003,LYH,VA,AEA,EN,Federal Contract Tower,0,23,20,0,43,0,0,60,0,60,0,23,80,0,103,100,0,100,203
05/01/2003,LYH,VA,AEA,EN,Federal Contract Tower,0,24,40,0,64,0,0,30,0,30,0,24,70,0,94,56,0,56,150
05/02/2003,LYH,VA,AEA,EN,Federal Contract Tower,0,34,22,0,56,0,0,76,0,76,0,34,98,0,132,120,0,120,252
05/03/2003,LYH,VA,AEA,EN,Federal Contract Tower,1,13,8,0,22,0,2,22,0,24,1,15,30,0,46,24,0,24,70
05/04/2003,LYH,VA,AEA,EN,Federal Contract Tower,3,17,18,0,38,0,0,36,2,38,3,17,54,2,76,46,0,46,122
05/05/2003,LYH,VA,AEA,EN,Federal Contract Tower,0,25,14,0,39,0,0,6,0,6,0,25,20,0,45,10,0,10,55
05/06/2003,LYH,VA,AEA,EN,Federal Contract Tower,0,28,34,0,62,0,0,44,0,44,0,28,78,0,106,60,0,60,166
05/07/2003,LYH,VA,AEA,EN,Federal Contract Tower,0,30,18,0,48,0,0,39,0,39,0,30,57,0,87,50,0,50,137
05/08/2003,LYH,VA,AEA,EN,Federal Contract Tower,0,30,50,0,80,0,0,50,0,50,0,30,100,0,130,40,0,40,170
05/09/2003,LYH,VA,AEA,EN,Federal Contract Tower,0,23,49,0,72,0,0,36,0,36,0,23,85,0,108,50,0,50,158
05/10/2003,LYH,VA,AEA,EN,Federal Contract Tower,0,18,21,0,39,0,0,1,0,1,0,18,22,0,40,0,0,0,40
05/11/2003,LYH,VA,AEA,EN,Federal Contract Tower,0,18,9,0,27,0,0,11,0,11,0,18,20,0,38,0,0,0,38
05/12/2003,LYH,VA,AEA,EN,Federal Contract Tower,0,25,6,4,35,0,0,26,0,26,0,25,32,4,61,2,8,10,71
05/13/2003,LYH,VA,AEA,EN,Federal Contract Tower,0,27,17,2,46,0,0,25,0,25,0,27,42,2,71,24,6,30,101
05/14/2003,LYH,VA,AEA,EN,Federal Contract Tower,0,30,26,2,58,0,0,92,2,94,0,30,118,4,152,152,0,152,304
05/15/2003,LYH,VA,AEA,EN,Federal Contract Tower,0,28,20,0,48,0,0,52,0,52,0,28,72,0,100,80,0,80,180
05/16/2003,LYH,VA,AEA,EN,Federal Contract Tower,0,28,43,0,71,0,0,29,0,29,0,28,72,0,100,70,0,70,170
05/17/2003,LYH,VA,AEA,EN,Federal Contract Tower,0,17,6,0,23,0,0,0,0,0,0,17,6,0,23,0,0,0,23
05/18/2003,LYH,VA,AEA,EN,Federal Contract Tower,0,21,14,4,39,0,0,0,0,0,0,21,14,4,39,2,0,2,41
05/19/2003,LYH,VA,AEA,EN,Federal Contract Tower,0,27,25,3,55,0,2,39,2,43,0,29,64,5,98,68,2,70,168
05/20/2003,LYH,VA,AEA,EN,Federal Contract Tower,0,25,19,0,44,0,3,87,4,94,0,28,106,4,138,106,0,106,244
05/21/2003,LYH,VA,AEA,EN,Federal Contract Tower,0,35,15,2,52,0,0,3,0,3,0,35,18,2,55,2,0,2,57
05/22/2003,LYH,VA,AEA,EN,Federal Contract Tower,0,29,32,0,61,0,0,6,0,6,0,29,38,0,67,34,0,34,101
05/23/2003,LYH,VA,AEA,EN,Federal Contract Tower,0,30,23,0,53,0,0,0,0,0,0,30,23,0,53,0,0,0,53
05/24/2003,LYH,VA,AEA,EN,Federal Contract Tower,0,14,18,0,32,0,0,34,0,34,0,14,52,0,66,68,0,68,134
05/25/2003,LYH,VA,AEA,EN,Federal Contract Tower,0,13,26,0,39,0,5,11,0,16,0,18,37,0,55,8,0,8,63
05/26/2003,LYH,VA,AEA,EN,Federal Contract Tower,0,16,20,0,36,0,0,35,6,41,0,16,55,6,77,60,0,60,137
05/27/2003,LYH,VA,AEA,EN,Federal Contract Tower,0,21,27,0,48,0,0,4,0,4,0,21,31,0,52,0,0,0,52
05/28/2003,LYH,VA,AEA,EN,Federal Contract Tower,0,26,36,0,62,0,0,79,0,79,0,26,115,0,141,142,0,142,283
05/29/2003,LYH,VA,AEA,EN,Federal Contract Tower,0,32,19,0,51,0,0,7,0,7,0,32,26,0,58,16,0,16,74
05/30/2003,LYH,VA,AEA,EN,Federal Contract Tower,0,27,32,0,59,0,0,88,0,88,0,27,120,0,147,140,0,140,287
05/31/2003,LYH,VA,AEA,EN,Federal Contract Tower,0,13,8,0,21,0,0,8,0,8,0,13,16,0,29,0,0,0,29
06/01/2003,LYH,VA,AEA,EN,Federal Contract Tower,0,15,12,0,27,0,0,29,0,29,0,15,41,0,56,0,0,0,56
06/02/2003,LYH,VA,AEA,EN,Federal Contract Tower,0,25,29,0,54,0,0,102,2,104,0,25,131,2,158,80,0,80,238
06/03/2003,LYH,VA,AEA,EN,Federal Contract Tower,0,23,30,0,53,0,0,17,0,17,0,23,47,0,70,40,0,40,110
06/04/2003,LYH,VA,AEA,EN,Federal Contract Tower,0,25,35,2,62,0,0,12,0,12,0,25,47,2,74,2,0,2,76
06/05/2003,LYH,VA,AEA,EN,Federal Contract Tower,0,26,32,6,64,0,0,55,0,55,0,26,87,6,119,88,0,88,207
06/06/2003,LYH,VA,AEA,EN,Federal Contract Tower,0,29,34,0,63,0,0,138,0,138,0,29,172,0,201,140,0,140,341
06/07/2003,LYH,VA,AEA,EN,Federal Contract Tower,0,23,10,0,33,0,0,1,0,1,0,23,11,0,34,0,0,0,34
06/08/2003,LYH,VA,AEA,EN,Federal Contract Tower,0,18,15,2,35,0,0,7,0,7,0,18,22,2,42,0,0,0,42
06/09/2003,LYH,VA,AEA,EN,Federal Contract Tower,0,24,12,0,36,0,0,60,4,64,0,24,72,4,100,82,0,82,182
06/10/2003,LYH,VA,AEA,EN,Federal Contract Tower,0,21,28,3,52,0,0,84,0,84,0,21,112,3,136,126,14,140,276
06/11/2003,LYH,VA,AEA,EN,Federal Contract Tower,0,25,27,0,52,0,1,51,0,52,0,26,78,0,104,82,0,82,186
06/12/2003,LYH,VA,AEA,EN,Federal Contract Tower,0,24,16,4,44,0,0,5,0,5,0,24,21,4,49,20,0,20,69
06/13/2003,LYH,VA,AEA,EN,Federal Contract Tower,0,24,17,0,41,0,0,13,2,15,0,24,30,2,56,8,0,8,64
06/14/2003,LYH,VA,AEA,EN,Federal Contract Tower,0,16,12,0,28,0,0,34,0,34,0,16,46,0,62,40,0,40,102
06/15/2003,LYH,VA,AEA,EN,Federal Contract Tower,0,13,14,0,27,0,0,5,0,5,0,13,19,0,32,14,0,14,46
06/16/2003,LYH,VA,AEA,EN,Federal Contract Tower,0,26,32,4,62,0,0,5,0,5,0,26,37,4,67,0,0,0,67
06/17/2003,LYH,VA,AEA,EN,Federal Contract Tower,0,21,11,2,34,0,0,0,0,0,0,21,11,2,34,0,0,0,34
06/18/2003,LYH,VA,AEA,EN,Federal Contract Tower,0,25,33,2,60,0,0,7,0,7,0,25,40,2,67,22,0,22,89
06/19/2003,LYH,VA,AEA,EN,Federal Contract Tower,0,21,23,0,44,0,0,27,0,27,0,21,50,0,71,14,0,14,85
06/20/2003,LYH,VA,AEA,EN,Federal Contract Tower,0,23,17,3,43,0,0,45,1,46,0,23,62,4,89,30,0,30,119
06/21/2003,LYH,VA,AEA,EN,Federal Contract Tower,0,17,36,0,53,0,0,49,5,54,0,17,85,5,107,56,0,56,163
06/22/2003,LYH,VA,AEA,EN,Federal Contract Tower,0,20,29,2,51,0,0,38,5,43,0,20,67,7,94,34,0,34,128
06/23/2003,LYH,VA,AEA,EN,Federal Contract Tower,0,27,21,2,50,0,0,79,0,79,0,27,100,2,129,70,0,70,199
06/24/2003,LYH,VA,AEA,EN,Federal Contract Tower,0,28,22,0,50,0,0,93,4,97,0,28,115,4,147,102,0,102,249
06/25/2003,LYH,VA,AEA,EN,Federal Contract Tower,0,21,20,3,44,0,0,53,6,59,0,21,73,9,103,80,0,80,183
06/26/2003,LYH,VA,AEA,EN,Federal Contract Tower,0,25,35,0,60,0,0,54,0,54,0,25,89,0,114,62,0,62,176
06/27/2003,LYH,VA,AEA,EN,Federal Contract Tower,0,24,23,0,47,0,0,56,0,56,0,24,79,0,103,76,0,76,179
06/28/2003,LYH,VA,AEA,EN,Federal Contract Tower,0,16,21,0,37,0,0,45,0,45,0,16,66,0,82,40,0,40,122
06/29/2003,LYH,VA,AEA,EN,Federal Contract Tower,0,17,20,0,37,0,0,42,0,42,0,17,62,0,79,34,0,34,113
06/30/2003,LYH,VA,AEA,EN,Federal Contract Tower,0,24,15,0,39,0,0,47,0,47,0,24,62,0,86,118,0,118,204
07/01/2003,LYH,VA,AEA,EN,Federal Contract Tower,0,21,27,0,48,0,0,21,0,21,0,21,48,0,69,28,0,28,97
07/02/2003,LYH,VA,AEA,EN,Federal Contract Tower,0,21,8,0,29,0,0,0,0,0,0,21,8,0,29,0,0,0,29
07/03/2003,LYH,VA,AEA,EN,Federal Contract Tower,0,21,26,0,47,0,0,15,0,15,0,21,41,0,62,40,0,40,102
07/04/2003,LYH,VA,AEA,EN,Federal Contract Tower,0,12,15,0,27,0,0,45,0,45,0,12,60,0,72,10,0,10,82
07/05/2003,LYH,VA,AEA,EN,Federal Contract Tower,0,16,9,0,25,0,0,58,0,58,0,16,67,0,83,24,0,24,107
07/06/2003,LYH,VA,AEA,EN,Federal Contract Tower,0,15,29,0,44,0,0,24,0,24,0,15,53,0,68,40,0,40,108
07/07/2003,LYH,VA,AEA,EN,Federal Contract Tower,0,27,34,0,61,0,0,32,0,32,0,27,66,0,93,50,0,50,143
07/08/2003,LYH,VA,AEA,EN,Federal Contract Tower,0,26,18,0,44,0,0,49,0,49,0,26,67,0,93,52,0,52,145
07/09/2003,LYH,VA,AEA,EN,Federal Contract Tower,0,28,27,0,55,0,0,26,0,26,0,28,53,0,81,50,0,50,131
07/10/2003,LYH,VA,AEA,EN,Federal Contract Tower,0,22,30,0,52,0,0,27,0,27,0,22,57,0,79,50,0,50,129
07/11/2003,LYH,VA,AEA,EN,Federal Contract Tower,0,26,16,0,42,0,0,44,2,46,0,26,60,2,88,50,0,50,138
07/12/2003,LYH,VA,AEA,EN,Federal Contract Tower,0,13,22,0,35,0,0,44,0,44,0,13,66,0,79,30,0,30,109
07/13/2003,LYH,VA,AEA,EN,Federal Contract Tower,0,19,22,0,41,0,0,46,0,46,0,19,68,0,87,20,0,20,107
07/14/2003,LYH,VA,AEA,EN,Federal Contract Tower,0,25,25,0,50,0,0,36,4,40,0,25,61,4,90,48,0,48,138
07/15/2003,LYH,VA,AEA,EN,Federal Contract Tower,0,24,34,6,64,0,0,49,0,49,0,24,83,6,113,58,10,68,181
07/16/2003,LYH,VA,AEA,EN,Federal Contract Tower,0,24,24,0,48,0,0,38,0,38,0,24,62,0,86,44,0,44,130
07/17/2003,LYH,VA,AEA,EN,Federal Contract Tower,0,28,29,3,60,0,0,82,1,83,0,28,111,4,143,134,0,134,277
07/18/2003,LYH,VA,AEA,EN,Federal Contract Tower,0,21,36,2,59,0,0,53,0,53,0,21,89,2,112,70,0,70,182
07/19/2003,LYH,VA,AEA,EN,Federal Contract Tower,0,19,32,0,51,0,0,53,2,55,0,19,85,2,106,60,0,60,166
07/20/2003,LYH,VA,AEA,EN,Federal Contract Tower,0,19,13,0,32,0,3,50,6,59,0,22,63,6,91,32,0,32,123
07/21/2003,LYH,VA,AEA,EN,Federal Contract Tower,0,27,22,0,49,0,2,21,4,27,0,29,43,4,76,14,0,14,90
07/22/2003,LYH,VA,AEA,EN,Federal Contract Tower,0,19,14,0,33,0,2,24,0,26,0,21,38,0,59,34,0,34,93
07/23/2003,LYH,VA,AEA,EN,Federal Contract Tower,0,25,25,3,53,0,0,26,1,27,0,25,51,4,80,22,10,32,112
07/24/2003,LYH,VA,AEA,EN,Federal Contract Tower,0,28,23,0,51,0,0,75,2,77,0,28,98,2,128,84,6,90,218
07/25/2003,LYH,VA,AEA,EN,Federal Contract Tower,0,23,28,9,60,0,0,55,3,58,0,23,83,12,118,52,10,62,180
07/26/2003,LYH,VA,AEA,EN,Federal Contract Tower,0,16,16,0,32,0,0,68,0,68,0,16,84,0,100,40,0,40,140
07/27/2003,LYH,VA,AEA,EN,Federal Contract Tower,0,13,17,0,30,0,0,25,4,29,0,13,42,4,59,50,0,50,109
07/28/2003,LYH,VA,AEA,EN,Federal Contract Tower,0,24,14,0,38,0,0,36,4,40,0,24,50,4,78,60,0,60,138
07/29/2003,LYH,VA,AEA,EN,Federal Contract Tower,0,28,16,0,44,0,0,13,0,13,0,28,29,0,57,30,0,30,87
07/30/2003,LYH,VA,AEA,EN,Federal Contract Tower,0,33,39,0,72,0,1,20,2,23,0,34,59,2,95,70,0,70,165
07/31/2003,LYH,VA,AEA,EN,Federal Contract Tower,0,35,27,2,64,0,0,3,0,3,0,35,30,2,67,0,0,0,67
08/01/2003,LYH,VA,AEA,EN,Federal Contract Tower,0,30,26,0,56,0,0,7,2,9,0,30,33,2,65,4,0,4,69
08/02/2003,LYH,VA,AEA,EN,Federal Contract Tower,0,16,21,0,37,0,0,16,0,16,0,16,37,0,53,14,0,14,67
08/03/2003,LYH,VA,AEA,EN,Federal Contract Tower,0,19,8,0,27,0,0,10,0,10,0,19,18,0,37,10,0,10,47
08/04/2003,LYH,VA,AEA,EN,Federal Contract Tower,0,23,24,1,48,0,0,27,9,36,0,23,51,10,84,20,0,20,104
08/05/2003,LYH,VA,AEA,EN,Federal Contract Tower,0,23,28,0,51,0,0,33,0,33,0,23,61,0,84,80,0,80,164
08/06/2003,LYH,VA,AEA,EN,Federal Contract Tower,0,23,27,0,50,0,0,39,1,40,0,23,66,1,90,66,0,66,156
08/07/2003,LYH,VA,AEA,EN,Federal Contract Tower,0,21,13,1,35,0,0,10,5,15,0,21,23,6,50,26,10,36,86
08/08/2003,LYH,VA,AEA,EN,Federal Contract Tower,0,27,14,2,43,0,0,8,3,11,0,27,22,5,54,6,0,6,60
08/09/2003,LYH,VA,AEA,EN,Federal Contract Tower,0,16,14,0,30,0,0,8,0,8,0,16,22,0,38,42,0,42,80
08/10/2003,LYH,VA,AEA,EN,Federal Contract Tower,0,15,23,0,38,0,0,21,0,21,0,15,44,0,59,30,0,30,89
08/11/2003,LYH,VA,AEA,EN,Federal Contract Tower,0,18,39,0,57,0,0,41,0,41,0,18,80,0,98,90,0,90,188
08/12/2003,LYH,VA,AEA,EN,Federal Contract Tower,0,32,41,0,73,0,0,19,0,19,0,32,60,0,92,32,0,32,124
08/13/2003,LYH,VA,AEA,EN,Federal Contract Tower,0,25,27,0,52,0,0,24,2,26,0,25,51,2,78,60,0,60,138
08/14/2003,LYH,VA,AEA,EN,Federal Contract Tower,0,21,33,0,54,0,1,64,2,67,0,22,97,2,121,84,0,84,205
08/15/2003,LYH,VA,AEA,EN,Federal Contract Tower,0,26,26,0,52,0,0,44,2,46,0,26,70,2,98,78,0,78,176
08/16/2003,LYH,VA,AEA,EN,Federal Contract Tower,0,18,16,0,34,0,0,20,2,22,0,18,36,2,56,14,0,14,70
08/17/2003,LYH,VA,AEA,EN,Federal Contract Tower,0,17,19,0,36,0,0,60,0,60,0,17,79,0,96,34,0,34,130
08/18/2003,LYH,VA,AEA,EN,Federal Contract Tower,0,26,32,0,58,0,0,44,6,50,0,26,76,6,108,30,0,30,138
08/19/2003,LYH,VA,AEA,EN,Federal Contract Tower,0,29,29,0,58,0,0,37,4,41,0,29,66,4,99,32,0,32,131
08/20/2003,LYH,VA,AEA,EN,Federal Contract Tower,0,31,24,0,55,0,0,46,18,64,0,31,70,18,119,60,60,120,239
08/21/2003,LYH,VA,AEA,EN,Federal Contract Tower,0,25,20,0,45,0,0,46,4,50,0,25,66,4,95,56,0,56,151
08/22/2003,LYH,VA,AEA,EN,Federal Contract Tower,0,30,41,0,71,0,1,45,2,48,0,31,86,2,119,60,0,60,179
08/23/2003,LYH,VA,AEA,EN,Federal Contract Tower,0,17,12,0,29,0,0,45,0,45,0,17,57,0,74,12,0,12,86
08/24/2003,LYH,VA,AEA,EN,Federal Contract Tower,0,17,27,0,44,0,0,90,0,90,0,17,117,0,134,30,0,30,164
08/25/2003,LYH,VA,AEA,EN,Federal Contract Tower,0,34,21,0,55,0,0,60,0,60,0,34,81,0,115,24,0,24,139
08/26/2003,LYH,VA,AEA,EN,Federal Contract Tower,0,30,41,0,71,0,0,51,0,51,0,30,92,0,122,32,0,32,154
08/27/2003,LYH,VA,AEA,EN,Federal Contract Tower,0,33,29,2,64,0,0,56,0,56,0,33,85,2,120,70,0,70,190
08/28/2003,LYH,VA,AEA,EN,Federal Contract Tower,0,31,27,0,58,0,0,41,0,41,0,31,68,0,99,20,0,20,119
08/29/2003,LYH,VA,AEA,EN,Federal Contract Tower,0,24,31,0,55,0,0,16,0,16,0,24,47,0,71,30,0,30,101
08/30/2003,LYH,VA,AEA,EN,Federal Contract Tower,0,16,23,0,39,0,0,38,0,38,0,16,61,0,77,14,0,14,91
08/31/2003,LYH,VA,AEA,EN,Federal Contract Tower,0,13,11,0,24,0,0,0,0,0,0,13,11,0,24,0,0,0,24
09/01/2003,LYH,VA,AEA,EN,Federal Contract Tower,0,16,25,0,41,0,0,31,0,31,0,16,56,0,72,18,0,18,90
09/02/2003,LYH,VA,AEA,EN,Federal Contract Tower,0,30,15,0,45,0,0,37,0,37,0,30,52,0,82,24,0,24,106
09/03/2003,LYH,VA,AEA,EN,Federal Contract Tower,0,28,17,5,50,0,0,18,0,18,0,28,35,5,68,0,0,0,68
09/04/2003,LYH,VA,AEA,EN,Federal Contract Tower,0,31,14,5,50,0,0,6,1,7,0,31,20,6,57,20,0,20,77
09/05/2003,LYH,VA,AEA,EN,Federal Contract Tower,0,23,42,0,65,0,0,68,0,68,0,23,110,0,133,60,0,60,193
09/06/2003,LYH,VA,AEA,EN,Federal Contract Tower,0,14,24,0,38,0,0,49,4,53,0,14,73,4,91,40,0,40,131
09/07/2003,LYH,VA,AEA,EN,Federal Contract Tower,0,17,20,0,37,0,0,62,2,64,0,17,82,2,101,34,0,34,135
09/08/2003,LYH,VA,AEA,EN,Federal Contract Tower,0,32,35,3,70,0,0,43,1,44,0,32,78,4,114,72,10,82,196
09/09/2003,LYH,VA,AEA,EN,Federal Contract Tower,0,25,27,0,52,0,0,46,0,46,0,25,73,0,98,80,0,80,178
09/10/2003,LYH,VA,AEA,EN,Federal Contract Tower,0,32,34,0,66,0,0,67,0,67,0,32,101,0,133,58,0,58,191
09/11/2003,LYH,VA,AEA,EN,Federal Contract Tower,0,29,17,9,55,0,0,82,11,93,0,29,99,20,148,24,14,38,186
09/12/2003,LYH,VA,AEA,EN,Federal Contract Tower,0,33,25,4,62,0,0,7,0,7,0,33,32,4,69,8,2,10,79
09/13/2003,LYH,VA,AEA,EN,Federal Contract Tower,0,21,6,0,27,0,0,0,0,0,0,21,6,0,27,0,0,0,27
09/14/2003,LYH,VA,AEA,EN,Federal Contract Tower,0,25,11,2,38,0,2,41,2,45,0,27,52,4,83,0,0,0,83
09/15/2003,LYH,VA,AEA,EN,Federal Contract Tower,0,38,28,4,70,0,1,30,0,31,0,39,58,4,101,30,2,32,133
09/16/2003,LYH,VA,AEA,EN,Federal Contract Tower,0,31,41,4,76,0,3,66,2,71,0,34,107,6,147,28,2,30,177
09/17/2003,LYH,VA,AEA,EN,Federal Contract Tower,0,33,28,7,68,0,0,65,6,71,0,33,93,13,139,24,4,28,167
09/18/2003,LYH,VA,AEA,EN,Federal Contract Tower,0,14,5,0,19,0,0,0,0,0,0,14,5,0,19,0,0,0,19
09/19/2003,LYH,VA,AEA,EN,Federal Contract Tower,0,27,11,0,38,0,0,32,12,44,0,27,43,12,82,40,0,40,122
09/20/2003,LYH,VA,AEA,EN,Federal Contract Tower,0,17,26,0,43,0,0,97,0,97,0,17,123,0,140,72,0,72,212
09/21/2003,LYH,VA,AEA,EN,Federal Contract Tower,0,18,33,0,51,0,0,82,0,82,0,18,115,0,133,36,0,36,169
09/22/2003,LYH,VA,AEA,EN,Federal Contract Tower,0,32,30,0,62,0,0,12,0,12,0,32,42,0,74,10,0,10,84
09/23/2003,LYH,VA,AEA,EN,Federal Contract Tower,0,37,25,0,62,0,0,68,0,68,0,37,93,0,130,70,0,70,200
09/24/2003,LYH,VA,AEA,EN,Federal Contract Tower,0,28,30,0,58,0,1,72,0,73,0,29,102,0,131,164,0,164,295
09/25/2003,LYH,VA,AEA,EN,Federal Contract Tower,0,35,28,0,63,0,0,56,0,56,0,35,84,0,119,42,0,42,161
09/26/2003,LYH,VA,AEA,EN,Federal Contract Tower,0,30,35,0,65,0,0,63,0,63,0,30,98,0,128,70,0,70,198
09/27/2003,LYH,VA,AEA,EN,Federal Contract Tower,2,17,22,0,41,0,0,73,0,73,2,17,95,0,114,60,0,60,174
09/28/2003,LYH,VA,AEA,EN,Federal Contract Tower,0,20,21,0,41,0,0,73,4,77,0,20,94,4,118,66,0,66,184
09/29/2003,LYH,VA,AEA,EN,Federal Contract Tower,0,34,26,0,60,0,0,59,4,63,0,34,85,4,123,50,0,50,173
09/30/2003,LYH,VA,AEA,EN,Federal Contract Tower,0,34,23,0,57,0,0,73,2,75,0,34,96,2,132,90,0,90,222
10/01/2003,LYH,VA,AEA,EN,Federal Contract Tower,0,27,43,0,70,0,0,39,0,39,0,27,82,0,109,42,0,42,151
10/02/2003,LYH,VA,AEA,EN,Federal Contract Tower,0,30,31,1,62,0,0,56,0,56,0,30,87,1,118,84,0,84,202
10/03/2003,LYH,VA,AEA,EN,Federal Contract Tower,0,29,22,0,51,0,1,72,1,74,0,30,94,1,125,56,0,56,181
10/04/2003,LYH,VA,AEA,EN,Federal Contract Tower,0,20,13,0,33,0,0,48,4,52,0,20,61,4,85,100,0,100,185
10/05/2003,LYH,VA,AEA,EN,Federal Contract Tower,0,17,32,0,49,0,0,54,0,54,0,17,86,0,103,60,0,60,163
10/06/2003,LYH,VA,AEA,EN,Federal Contract Tower,0,30,25,0,55,0,0,78,0,78,0,30,103,0,133,120,0,120,253
10/07/2003,LYH,VA,AEA,EN,Federal Contract Tower,0,34,54,0,88,0,0,41,0,41,0,34,95,0,129,92,0,92,221
10/08/2003,LYH,VA,AEA,EN,Federal Contract Tower,2,37,43,4,86,0,0,62,0,62,2,37,105,4,148,120,0,120,268
10/09/2003,LYH,VA,AEA,EN,Federal Contract Tower,0,27,19,0,46,0,2,18,0,20,0,29,37,0,66,52,0,52,118
10/10/2003,LYH,VA,AEA,EN,Federal Contract Tower,0,28,30,3,61,0,0,39,1,40,0,28,69,4,101,100,10,110,211
10/11/2003,LYH,VA,AEA,EN,Federal Contract Tower,0,16,15,0,31,0,0,17,0,17,0,16,32,0,48,0,0,0,48
10/12/2003,LYH,VA,AEA,EN,Federal Contract Tower,0,20,42,1,63,0,0,37,3,40,0,20,79,4,103,52,0,52,155
10/13/2003,LYH,VA,AEA,EN,Federal Contract Tower,0,25,52,0,77,0,0,102,0,102,0,25,154,0,179,120,0,120,299
10/14/2003,LYH,VA,AEA,EN,Federal Contract Tower,0,25,18,0,43,0,0,5,0,5,0,25,23,0,48,32,0,32,80
10/15/2003,LYH,VA,AEA,EN,Federal Contract Tower,0,36,26,0,62,0,0,14,2,16,0,36,40,2,78,20,0,20,98
10/16/2003,LYH,VA,AEA,EN,Federal Contract Tower,0,31,24,4,59,0,1,64,4,69,0,32,88,8,128,52,0,52,180
10/17/2003,LYH,VA,AEA,EN,Federal Contract Tower,0,21,37,6,64,0,1,71,1,73,0,22,108,7,137,94,30,124,261
10/18/2003,LYH,VA,AEA,EN,Federal Contract Tower,0,18,30,0,48,0,0,110,0,110,0,18,140,0,158,36,0,36,194
10/19/2003,LYH,VA,AEA,EN,Federal Contract Tower,0,18,16,2,36,0,0,80,0,80,0,18,96,2,116,32,0,32,148
10/20/2003,LYH,VA,AEA,EN,Federal Contract Tower,0,29,18,8,55,0,0,70,2,72,0,29,88,10,127,34,8,42,169
10/21/2003,LYH,VA,AEA,EN,Federal Contract Tower,0,30,18,4,52,0,0,32,0,32,0,30,50,4,84,14,4,18,102
10/22/2003,LYH,VA,AEA,EN,Federal Contract Tower,0,28,43,4,75,0,0,89,0,89,0,28,132,4,164,40,4,44,208
10/23/2003,LYH,VA,AEA,EN,Federal Contract Tower,0,31,30,9,70,0,0,61,6,67,0,31,91,15,137,80,10,90,227
10/24/2003,LYH,VA,AEA,EN,Federal Contract Tower,0,28,24,0,52,0,0,59,0,59,0,28,83,0,111,90,0,90,201
10/25/2003,LYH,VA,AEA,EN,Federal Contract Tower,0,16,39,0,55,0,0,66,0,66,0,16,105,0,121,70,0,70,191
10/26/2003,LYH,VA,AEA,EN,Federal Contract Tower,0,23,21,0,44,0,0,0,0,0,0,23,21,0,44,0,0,0,44
10/27/2003,LYH,VA,AEA,EN,Federal Contract Tower,0,33,8,0,41,0,0,8,0,8,0,33,16,0,49,20,0,20,69
10/28/2003,LYH,VA,AEA,EN,Federal Contract Tower,0,33,48,0,81,0,0,13,0,13,0,33,61,0,94,50,0,50,144
10/29/2003,LYH,VA,AEA,EN,Federal Contract Tower,0,28,29,4,61,0,0,34,0,34,0,28,63,4,95,70,6,76,171
10/30/2003,LYH,VA,AEA,EN,Federal Contract Tower,0,29,30,0,59,0,0,80,0,80,0,29,110,0,139,170,0,170,309
10/31/2003,LYH,VA,AEA,EN,Federal Contract Tower,0,26,30,0,56,0,0,58,0,58,0,26,88,0,114,60,0,60,174
11/01/2003,LYH,VA,AEA,EN,Federal Contract Tower,0,17,28,0,45,0,0,83,0,83,0,17,111,0,128,110,0,110,238
11/02/2003,LYH,VA,AEA,EN,Federal Contract Tower,0,19,19,0,38,0,0,92,2,94,0,19,111,2,132,44,0,44,176
11/03/2003,LYH,VA,AEA,EN,Federal Contract Tower,0,32,15,2,49,0,5,82,2,89,0,37,97,4,138,86,0,86,224
11/04/2003,LYH,VA,AEA,EN,Federal Contract Tower,0,31,36,0,67,0,0,71,2,73,0,31,107,2,140,94,0,94,234
11/05/2003,LYH,VA,AEA,EN,Federal Contract Tower,0,36,20,0,56,0,0,12,4,16,0,36,32,4,72,4,0,4,76
11/06/2003,LYH,VA,AEA,EN,Federal Contract Tower,0,36,11,4,51,0,0,0,0,0,0,36,11,4,51,0,0,0,51
11/07/2003,LYH,VA,AEA,EN,Federal Contract Tower,0,30,22,3,55,0,0,62,3,65,0,30,84,6,120,120,0,120,240
11/08/2003,LYH,VA,AEA,EN,Federal Contract Tower,0,24,11,0,35,0,0,65,0,65,0,24,76,0,100,96,0,96,196
11/09/2003,LYH,VA,AEA,EN,Federal Contract Tower,0,19,23,0,42,0,0,45,4,49,0,19,68,4,91,46,0,46,137
11/10/2003,LYH,VA,AEA,EN,Federal Contract Tower,1,29,19,1,50,0,0,67,1,68,1,29,86,2,118,100,0,100,218
11/11/2003,LYH,VA,AEA,EN,Federal Contract Tower,0,25,27,0,52,0,4,55,0,59,0,29,82,0,111,112,0,112,223
11/12/2003,LYH,VA,AEA,EN,Federal Contract Tower,0,30,16,0,46,0,0,23,0,23,0,30,39,0,69,46,0,46,115
11/13/2003,LYH,VA,AEA,EN,Federal Contract Tower,0,31,12,2,45,0,0,11,0,11,0,31,23,2,56,0,2,2,58
11/14/2003,LYH,VA,AEA,EN,Federal Contract Tower,0,33,52,0,85,0,0,53,2,55,0,33,105,2,140,60,0,60,200
11/15/2003,LYH,VA,AEA,EN,Federal Contract Tower,1,14,12,0,27,0,0,20,0,20,1,14,32,0,47,0,0,0,47
11/16/2003,LYH,VA,AEA,EN,Federal Contract Tower,0,22,26,0,48,0,0,12,0,12,0,22,38,0,60,24,0,24,84
11/17/2003,LYH,VA,AEA,EN,Federal Contract Tower,0,29,22,0,51,0,0,68,4,72,0,29,90,4,123,80,0,80,203
11/18/2003,LYH,VA,AEA,EN,Federal Contract Tower,0,29,16,0,45,0,0,1,0,1,0,29,17,0,46,0,0,0,46
11/19/2003,LYH,VA,AEA,EN,Federal Contract Tower,0,34,25,0,59,0,0,0,0,0,0,34,25,0,59,0,0,0,59
11/20/2003,LYH,VA,AEA,EN,Federal Contract Tower,0,27,18,8,53,0,0,65,6,71,0,27,83,14,124,86,20,106,230
11/21/2003,LYH,VA,AEA,EN,Federal Contract Tower,0,27,34,1,62,0,0,85,1,86,0,27,119,2,148,64,0,64,212
11/22/2003,LYH,VA,AEA,EN,Federal Contract Tower,0,19,14,4,37,0,2,79,0,81,0,21,93,4,118,92,10,102,220
11/23/2003,LYH,VA,AEA,EN,Federal Contract Tower,0,18,23,0,41,0,0,84,0,84,0,18,107,0,125,40,0,40,165
11/24/2003,LYH,VA,AEA,EN,Federal Contract Tower,0,33,34,0,67,0,0,19,2,21,0,33,53,2,88,60,0,60,148
11/25/2003,LYH,VA,AEA,EN,Federal Contract Tower,0,30,37,2,69,0,0,85,2,87,0,30,122,4,156,100,10,110,266
11/26/2003,LYH,VA,AEA,EN,Federal Contract Tower,0,28,42,4,74,0,0,90,0,90,0,28,132,4,164,110,0,110,274
11/27/2003,LYH,VA,AEA,EN,Federal Contract Tower,0,15,9,0,24,0,0,14,0,14,0,15,23,0,38,0,0,0,38
11/28/2003,LYH,VA,AEA,EN,Federal Contract Tower,0,18,9,0,27,0,0,0,0,0,0,18,9,0,27,0,0,0,27
11/29/2003,LYH,VA,AEA,EN,Federal Contract Tower,0,16,14,0,30,0,0,24,0,24,0,16,38,0,54,2,0,2,56
11/30/2003,LYH,VA,AEA,EN,Federal Contract Tower,0,23,25,0,48,0,0,29,0,29,0,23,54,0,77,10,0,10,87
12/01/2003,LYH,VA,AEA,EN,Federal Contract Tower,0,33,6,0,39,0,0,14,0,14,0,33,20,0,53,20,0,20,73
12/02/2003,LYH,VA,AEA,EN,Federal Contract Tower,0,34,26,0,60,0,0,41,2,43,0,34,67,2,103,52,0,52,155
12/03/2003,LYH,VA,AEA,EN,Federal Contract Tower,0,28,48,2,78,0,0,73,0,73,0,28,121,2,151,120,0,120,271
12/04/2003,LYH,VA,AEA,EN,Federal Contract Tower,0,28,4,0,32,0,0,5,0,5,0,28,9,0,37,0,0,0,37
12/05/2003,LYH,VA,AEA,EN,Federal Contract Tower,0,29,8,0,37,0,0,0,0,0,0,29,8,0,37,0,0,0,37
12/06/2003,LYH,VA,AEA,EN,Federal Contract Tower,0,15,9,0,24,0,0,19,4,23,0,15,28,4,47,34,0,34,81
12/07/2003,LYH,VA,AEA,EN,Federal Contract Tower,0,21,14,0,35,0,0,39,0,39,0,21,53,0,74,100,0,100,174
12/08/2003,LYH,VA,AEA,EN,Federal Contract Tower,0,35,15,0,50,0,0,71,0,71,0,35,86,0,121,104,0,104,225
12/09/2003,LYH,VA,AEA,EN,Federal Contract Tower,0,29,21,0,50,0,0,61,6,67,0,29,82,6,117,140,0,140,257
12/10/2003,LYH,VA,AEA,EN,Federal Contract Tower,0,41,14,6,61,0,0,24,0,24,0,41,38,6,85,32,8,40,125
12/11/2003,LYH,VA,AEA,EN,Federal Contract Tower,0,32,14,1,47,0,0,23,1,24,0,32,37,2,71,0,0,0,71
12/12/2003,LYH,VA,AEA,EN,Federal Contract Tower,0,29,28,0,57,0,0,80,0,80,0,29,108,0,137,104,0,104,241
12/13/2003,LYH,VA,AEA,EN,Federal Contract Tower,0,14,19,0,33,0,0,75,8,83,0,14,94,8,116,78,0,78,194
12/14/2003,LYH,VA,AEA,EN,Federal Contract Tower,0,12,3,0,15,0,0,2,0,2,0,12,5,0,17,0,0,0,17
12/15/2003,LYH,VA,AEA,EN,Federal Contract Tower,0,35,18,1,54,0,0,41,9,50,0,35,59,10,104,48,0,48,152
12/16/2003,LYH,VA,AEA,EN,Federal Contract Tower,0,32,21,0,53,0,0,54,0,54,0,32,75,0,107,56,0,56,163
12/17/2003,LYH,VA,AEA,EN,Federal Contract Tower,0,28,16,0,44,0,0,5,0,5,0,28,21,0,49,0,0,0,49
12/18/2003,LYH,VA,AEA,EN,Federal Contract Tower,0,34,35,0,69,0,0,57,0,57,0,34,92,0,126,40,0,40,166
12/19/2003,LYH,VA,AEA,EN,Federal Contract Tower,0,32,23,2,57,0,0,32,6,38,0,32,55,8,95,20,0,20,115
12/20/2003,LYH,VA,AEA,EN,Federal Contract Tower,0,16,12,0,28,0,0,40,0,40,0,16,52,0,68,12,0,12,80
12/21/2003,LYH,VA,AEA,EN,Federal Contract Tower,0,16,23,0,39,0,0,56,6,62,0,16,79,6,101,40,0,40,141
12/22/2003,LYH,VA,AEA,EN,Federal Contract Tower,0,29,31,6,66,0,0,55,2,57,0,29,86,8,123,28,4,32,155
12/23/2003,LYH,VA,AEA,EN,Federal Contract Tower,0,28,11,3,42,0,0,66,0,66,0,28,77,3,108,6,4,10,118
12/24/2003,LYH,VA,AEA,EN,Federal Contract Tower,0,17,15,0,32,0,0,17,0,17,0,17,32,0,49,10,0,10,59
12/25/2003,LYH,VA,AEA,EN,Federal Contract Tower,0,12,6,0,18,0,0,9,0,9,0,12,15,0,27,0,2,2,29
12/26/2003,LYH,VA,AEA,EN,Federal Contract Tower,0,25,10,0,35,0,0,42,6,48,0,25,52,6,83,30,0,30,113
12/27/2003,LYH,VA,AEA,EN,Federal Contract Tower,0,17,21,0,38,0,0,50,0,50,0,17,71,0,88,80,0,80,168
12/28/2003,LYH,VA,AEA,EN,Federal Contract Tower,0,19,18,0,37,0,3,55,0,58,0,22,73,0,95,50,0,50,145
12/29/2003,LYH,VA,AEA,EN,Federal Contract Tower,0,28,8,0,36,0,2,39,0,41,0,30,47,0,77,52,0,52,129
12/30/2003,LYH,VA,AEA,EN,Federal Contract Tower,0,27,17,4,48,0,3,29,0,32,0,30,46,4,80,30,0,30,110
12/31/2003,LYH,VA,AEA,EN,Federal Contract Tower,0,19,17,0,36,0,0,93,0,93,0,19,110,0,129,66,0,66,195
01/01/2004,LYH,VA,AEA,EN,Federal Contract Tower,0,14,26,0,40,0,0,64,0,64,0,14,90,0,104,70,0,70,174
01/02/2004,LYH,VA,AEA,EN,Federal Contract Tower,0,22,16,0,38,0,0,10,0,10,0,22,26,0,48,0,0,0,48
01/03/2004,LYH,VA,AEA,EN,Federal Contract Tower,0,13,18,0,31,0,0,65,0,65,0,13,83,0,96,36,0,36,132
01/04/2004,LYH,VA,AEA,EN,Federal Contract Tower,0,15,30,0,45,0,3,28,0,31,0,18,58,0,76,40,0,40,116
01/05/2004,LYH,VA,AEA,EN,Federal Contract Tower,0,29,16,0,45,0,0,0,0,0,0,29,16,0,45,0,0,0,45
01/06/2004,LYH,VA,AEA,EN,Federal Contract Tower,0,24,11,0,35,0,2,14,2,18,0,26,25,2,53,10,0,10,63
01/07/2004,LYH,VA,AEA,EN,Federal Contract Tower,0,27,22,0,49,0,0,23,2,25,0,27,45,2,74,20,0,20,94
01/08/2004,LYH,VA,AEA,EN,Federal Contract Tower,0,26,27,0,53,0,0,42,2,44,0,26,69,2,97,80,0,80,177
01/09/2004,LYH,VA,AEA,EN,Federal Contract Tower,0,33,9,0,42,0,0,0,0,0,0,33,9,0,42,0,0,0,42
01/10/2004,LYH,VA,AEA,EN,Federal Contract Tower,0,15,9,0,24,0,0,44,0,44,0,15,53,0,68,36,0,36,104
01/11/2004,LYH,VA,AEA,EN,Federal Contract Tower,0,16,19,5,40,0,0,71,5,76,0,16,90,10,116,78,0,78,194
01/12/2004,LYH,VA,AEA,EN,Federal Contract Tower,0,30,7,0,37,0,0,24,4,28,0,30,31,4,65,30,0,30,95
01/13/2004,LYH,VA,AEA,EN,Federal Contract Tower,0,25,20,0,45,0,0,30,4,34,0,25,50,4,79,20,0,20,99
01/14/2004,LYH,VA,AEA,EN,Federal Contract Tower,0,33,22,0,55,0,0,51,4,55,0,33,73,4,110,60,0,60,170
01/15/2004,LYH,VA,AEA,EN,Federal Contract Tower,0,28,11,0,39,0,0,10,2,12,0,28,21,2,51,0,0,0,51
01/16/2004,LYH,VA,AEA,EN,Federal Contract Tower,0,29,30,0,59,0,0,71,1,72,0,29,101,1,131,78,0,78,209
01/17/2004,LYH,VA,AEA,EN,Federal Contract Tower,0,15,27,10,52,0,0,75,0,75,0,15,102,10,127,80,12,92,219
01/18/2004,LYH,VA,AEA,EN,Federal Contract Tower,0,15,10,0,25,0,0,3,0,3,0,15,13,0,28,0,0,0,28
01/19/2004,LYH,VA,AEA,EN,Federal Contract Tower,0,21,18,0,39,0,0,40,2,42,0,21,58,2,81,40,0,40,121
01/20/2004,LYH,VA,AEA,EN,Federal Contract Tower,0,30,22,0,52,0,0,78,0,78,0,30,100,0,130,100,0,100,230
01/21/2004,LYH,VA,AEA,EN,Federal Contract Tower,0,33,36,0,69,0,0,49,0,49,0,33,85,0,118,94,0,94,212
01/22/2004,LYH,VA,AEA,EN,Federal Contract Tower,0,23,10,1,34,0,5,22,1,28,0,28,32,2,62,40,0,40,102
01/23/2004,LYH,VA,AEA,EN,Federal Contract Tower,0,27,31,0,58,0,0,53,3,56,0,27,84,3,114,92,0,92,206
01/24/2004,LYH,VA,AEA,EN,Federal Contract Tower,0,22,32,0,54,0,0,41,0,41,0,22,73,0,95,60,0,60,155
01/25/2004,LYH,VA,AEA,EN,Federal Contract Tower,0,8,0,0,8,0,0,0,0,0,0,8,0,0,8,0,0,0,8
01/26/2004,LYH,VA,AEA,EN,Federal Contract Tower,0,15,0,0,15,0,0,0,0,0,0,15,0,0,15,0,0,0,15
01/27/2004,LYH,VA,AEA,EN,Federal Contract Tower,0,19,5,0,24,0,0,0,0,0,0,19,5,0,24,0,0,0,24
01/28/2004,LYH,VA,AEA,EN,Federal Contract Tower,0,26,10,0,36,0,0,6,0,6,0,26,16,0,42,0,0,0,42
01/29/2004,LYH,VA,AEA,EN,Federal Contract Tower,0,29,15,0,44,0,0,32,0,32,0,29,47,0,76,12,0,12,88
01/30/2004,LYH,VA,AEA,EN,Federal Contract Tower,0,26,13,0,39,0,0,13,0,13,0,26,26,0,52,12,0,12,64
01/31/2004,LYH,VA,AEA,EN,Federal Contract Tower,0,19,11,2,32,0,0,48,2,50,0,19,59,4,82,38,2,40,122
02/01/2004,LYH,VA,AEA,EN,Federal Contract Tower,0,15,47,0,62,0,0,42,0,42,0,15,89,0,104,90,0,90,194
02/02/2004,LYH,VA,AEA,EN,Federal Contract Tower,0,34,21,0,55,0,0,51,0,51,0,34,72,0,106,90,0,90,196
02/03/2004,LYH,VA,AEA,EN,Federal Contract Tower,0,30,20,0,50,0,0,30,0,30,0,30,50,0,80,70,0,70,150
02/04/2004,LYH,VA,AEA,EN,Federal Contract Tower,0,29,52,0,81,0,0,105,0,105,0,29,157,0,186,90,0,90,276
02/05/2004,LYH,VA,AEA,EN,Federal Contract Tower,0,30,29,0,59,0,0,48,0,48,0,30,77,0,107,70,0,70,177
02/06/2004,LYH,VA,AEA,EN,Federal Contract Tower,0,21,10,0,31,0,0,0,0,0,0,21,10,0,31,0,0,0,31
02/07/2004,LYH,VA,AEA,EN,Federal Contract Tower,0,13,8,0,21,0,0,12,10,22,0,13,20,10,43,4,0,4,47
02/08/2004,LYH,VA,AEA,EN,Federal Contract Tower,0,18,35,0,53,0,0,82,0,82,0,18,117,0,135,78,0,78,213
02/09/2004,LYH,VA,AEA,EN,Federal Contract Tower,0,29,26,0,55,0,0,55,4,59,0,29,81,4,114,50,0,50,164
02/10/2004,LYH,VA,AEA,EN,Federal Contract Tower,0,30,24,3,57,0,0,46,2,48,0,30,70,5,105,72,0,72,177
02/11/2004,LYH,VA,AEA,EN,Federal Contract Tower,0,32,28,2,62,0,0,56,0,56,0,32,84,2,118,98,0,98,216
02/12/2004,LYH,VA,AEA,EN,Federal Contract Tower,0,33,13,0,46,0,0,8,0,8,0,33,21,0,54,30,0,30,84
02/13/2004,LYH,VA,AEA,EN,Federal Contract Tower,0,32,31,0,63,0,0,80,6,86,0,32,111,6,149,120,0,120,269
02/14/2004,LYH,VA,AEA,EN,Federal Contract Tower,0,17,20,0,37,0,0,61,2,63,0,17,81,2,100,90,0,90,190
02/15/2004,LYH,VA,AEA,EN,Federal Contract Tower,0,14,15,0,29,0,0,18,0,18,0,14,33,0,47,42,0,42,89
02/16/2004,LYH,VA,AEA,EN,Federal Contract Tower,0,21,14,0,35,0,0,35,0,35,0,21,49,0,70,80,0,80,150
02/17/2004,LYH,VA,AEA,EN,Federal Contract Tower,0,36,15,0,51,0,0,18,0,18,0,36,33,0,69,94,0,94,163
02/18/2004,LYH,VA,AEA,EN,Federal Contract Tower,0,29,31,0,60,0,0,68,6,74,0,29,99,6,134,90,0,90,224
02/19/2004,LYH,VA,AEA,EN,Federal Contract Tower,0,30,14,3,47,0,0,73,3,76,0,30,87,6,123,80,0,80,203
02/20/2004,LYH,VA,AEA,EN,Federal Contract Tower,0,29,27,0,56,0,0,41,0,41,0,29,68,0,97,50,0,50,147
02/21/2004,LYH,VA,AEA,EN,Federal Contract Tower,0,19,8,0,27,0,0,16,0,16,0,19,24,0,43,4,0,4,47
02/22/2004,LYH,VA,AEA,EN,Federal Contract Tower,0,16,14,2,32,0,0,59,0,59,0,16,73,2,91,50,0,50,141
02/23/2004,LYH,VA,AEA,EN,Federal Contract Tower,0,29,33,0,62,0,0,77,0,77,0,29,110,0,139,120,0,120,259
02/24/2004,LYH,VA,AEA,EN,Federal Contract Tower,0,26,27,0,53,0,0,39,0,39,0,26,66,0,92,110,0,110,202
02/25/2004,LYH,VA,AEA,EN,Federal Contract Tower,0,25,44,4,73,0,0,58,3,61,0,25,102,7,134,128,2,130,264
02/26/2004,LYH,VA,AEA,EN,Federal Contract Tower,0,22,33,0,55,0,0,39,0,39,0,22,72,0,94,70,0,70,164
02/27/2004,LYH,VA,AEA,EN,Federal Contract Tower,0,28,11,2,41,0,0,34,10,44,0,28,45,12,85,26,2,28,113
02/28/2004,LYH,VA,AEA,EN,Federal Contract Tower,0,15,24,0,39,0,0,112,0,112,0,15,136,0,151,114,0,114,265
02/29/2004,LYH,VA,AEA,EN,Federal Contract Tower,0,16,23,0,39,0,0,86,3,89,0,16,109,3,128,60,0,60,188
03/01/2004,LYH,VA,AEA,EN,Federal Contract Tower,0,29,8,0,37,0,0,31,7,38,0,29,39,7,75,50,0,50,125
03/02/2004,LYH,VA,AEA,EN,Federal Contract Tower,0,37,19,0,56,0,0,15,0,15,0,37,34,0,71,42,0,42,113
03/03/2004,LYH,VA,AEA,EN,Federal Contract Tower,0,33,33,0,66,0,0,104,6,110,0,33,137,6,176,126,0,126,302
03/04/2004,LYH,VA,AEA,EN,Federal Contract Tower,0,28,44,0,72,0,0,60,4,64,0,28,104,4,136,120,0,120,256
03/05/2004,LYH,VA,AEA,EN,Federal Contract Tower,0,29,25,3,57,0,0,35,8,43,0,29,60,11,100,30,0,30,130
03/06/2004,LYH,VA,AEA,EN,Federal Contract Tower,0,17,14,0,31,0,0,12,5,17,0,17,26,5,48,26,0,26,74
03/07/2004,LYH,VA,AEA,EN,Federal Contract Tower,0,18,22,0,40,0,0,72,0,72,0,18,94,0,112,42,0,42,154
03/08/2004,LYH,VA,AEA,EN,Federal Contract Tower,0,39,16,0,55,0,0,10,0,10,0,39,26,0,65,0,0,0,65
03/09/2004,LYH,VA,AEA,EN,Federal Contract Tower,0,23,36,0,59,0,0,70,0,70,0,23,106,0,129,120,0,120,249
03/10/2004,LYH,VA,AEA,EN,Federal Contract Tower,0,30,40,0,70,0,0,32,0,32,0,30,72,0,102,104,0,104,206
03/11/2004,LYH,VA,AEA,EN,Federal Contract Tower,0,34,59,0,93,0,0,87,2,89,0,34,146,2,182,122,0,122,304
03/12/2004,LYH,VA,AEA,EN,Federal Contract Tower,0,34,20,0,54,0,0,33,0,33,0,34,53,0,87,20,0,20,107
03/13/2004,LYH,VA,AEA,EN,Federal Contract Tower,0,17,36,0,53,0,0,79,0,79,0,17,115,0,132,80,0,80,212
03/14/2004,LYH,VA,AEA,EN,Federal Contract Tower,0,14,15,0,29,0,0,29,0,29,0,14,44,0,58,16,0,16,74
03/15/2004,LYH,VA,AEA,EN,Federal Contract Tower,0,34,25,2,61,0,0,81,0,81,0,34,106,2,142,130,0,130,272
03/16/2004,LYH,VA,AEA,EN,Federal Contract Tower,0,36,15,0,51,0,0,0,0,0,0,36,15,0,51,0,0,0,51
03/17/2004,LYH,VA,AEA,EN,Federal Contract Tower,0,35,17,0,52,0,0,30,2,32,0,35,47,2,84,90,0,90,174
03/18/2004,LYH,VA,AEA,EN,Federal Contract Tower,0,25,21,0,46,0,0,29,2,31,0,25,50,2,77,72,0,72,149
03/19/2004,LYH,VA,AEA,EN,Federal Contract Tower,0,29,23,12,64,0,0,57,2,59,0,29,80,14,123,20,10,30,153
03/20/2004,LYH,VA,AEA,EN,Federal Contract Tower,0,19,13,0,32,0,0,36,0,36,0,19,49,0,68,32,0,32,100
03/21/2004,LYH,VA,AEA,EN,Federal Contract Tower,0,18,8,0,26,0,0,12,0,12,0,18,20,0,38,2,0,2,40
03/22/2004,LYH,VA,AEA,EN,Federal Contract Tower,0,30,42,0,72,0,0,25,0,25,0,30,67,0,97,70,0,70,167
03/23/2004,LYH,VA,AEA,EN,Federal Contract Tower,0,31,39,0,70,0,0,80,0,80,0,31,119,0,150,120,0,120,270
03/24/2004,LYH,VA,AEA,EN,Federal Contract Tower,0,32,30,0,62,0,0,86,0,86,0,32,116,0,148,100,0,100,248
03/25/2004,LYH,VA,AEA,EN,Federal Contract Tower,0,29,43,0,72,0,0,57,2,59,0,29,100,2,131,96,0,96,227
03/26/2004,LYH,VA,AEA,EN,Federal Contract Tower,0,28,34,0,62,0,0,84,2,86,0,28,118,2,148,148,0,148,296
03/27/2004,LYH,VA,AEA,EN,Federal Contract Tower,0,14,26,0,40,0,0,35,2,37,0,14,61,2,77,28,0,28,105
03/28/2004,LYH,VA,AEA,EN,Federal Contract Tower,0,20,29,0,49,0,0,51,0,51,0,20,80,0,100,30,0,30,130
03/29/2004,LYH,VA,AEA,EN,Federal Contract Tower,0,35,23,0,58,0,0,84,10,94,0,35,107,10,152,150,0,150,302
03/30/2004,LYH,VA,AEA,EN,Federal Contract Tower,0,28,26,0,54,0,0,1,2,3,0,28,27,2,57,4,0,4,61
03/31/2004,LYH,VA,AEA,EN,Federal Contract Tower,0,28,18,0,46,0,0,0,0,0,0,28,18,0,46,0,0,0,46
04/01/2004,LYH,VA,AEA,EN,Federal Contract Tower,0,33,18,1,52,0,0,16,3,19,0,33,34,4,71,10,0,10,81
04/02/2004,LYH,VA,AEA,EN,Federal Contract Tower,0,38,36,0,74,0,0,39,0,39,0,38,75,0,113,114,0,114,227
04/03/2004,LYH,VA,AEA,EN,Federal Contract Tower,0,15,25,0,40,0,0,36,4,40,0,15,61,4,80,16,0,16,96
04/04/2004,LYH,VA,AEA,EN,Federal Contract Tower,0,17,9,2,28,0,0,13,2,15,0,17,22,4,43,0,0,0,43
04/05/2004,LYH,VA,AEA,EN,Federal Contract Tower,0,29,14,0,43,0,0,55,0,55,0,29,69,0,98,0,0,0,98
04/06/2004,LYH,VA,AEA,EN,Federal Contract Tower,0,29,31,0,60,0,0,93,8,101,0,29,124,8,161,140,2,142,303
04/07/2004,LYH,VA,AEA,EN,Federal Contract Tower,0,38,56,0,94,0,0,86,0,86,0,38,142,0,180,172,0,172,352
04/08/2004,LYH,VA,AEA,EN,Federal Contract Tower,0,28,37,0,65,0,0,59,0,59,0,28,96,0,124,160,0,160,284
04/09/2004,LYH,VA,AEA,EN,Federal Contract Tower,0,28,27,0,55,0,0,100,0,100,0,28,127,0,155,110,0,110,265
04/10/2004,LYH,VA,AEA,EN,Federal Contract Tower,0,17,23,0,40,0,0,64,0,64,0,17,87,0,104,70,0,70,174
04/11/2004,LYH,VA,AEA,EN,Federal Contract Tower,0,16,17,0,33,0,0,1,0,1,0,16,18,0,34,0,0,0,34
04/12/2004,LYH,VA,AEA,EN,Federal Contract Tower,0,31,9,0,40,0,0,0,0,0,0,31,9,0,40,0,0,0,40
04/13/2004,LYH,VA,AEA,EN,Federal Contract Tower,0,31,5,0,36,0,0,5,0,5,0,31,10,0,41,0,0,0,41
04/14/2004,LYH,VA,AEA,EN,Federal Contract Tower,0,34,36,0,70,0,0,5,0,5,0,34,41,0,75,0,0,0,75
04/15/2004,LYH,VA,AEA,EN,Federal Contract Tower,0,26,28,1,55,0,0,77,7,84,0,26,105,8,139,60,0,60,199
04/16/2004,LYH,VA,AEA,EN,Federal Contract Tower,0,29,43,2,74,0,0,106,4,110,0,29,149,6,184,174,0,174,358
04/17/2004,LYH,VA,AEA,EN,Federal Contract Tower,0,17,21,0,38,0,0,62,0,62,0,17,83,0,100,92,0,92,192
04/18/2004,LYH,VA,AEA,EN,Federal Contract Tower,0,18,29,0,47,0,0,83,4,87,0,18,112,4,134,62,0,62,196
04/19/2004,LYH,VA,AEA,EN,Federal Contract Tower,0,29,24,3,56,0,0,73,3,76,0,29,97,6,132,76,6,82,214
04/20/2004,LYH,VA,AEA,EN,Federal Contract Tower,0,39,31,0,70,0,0,77,2,79,0,39,108,2,149,178,10,188,337
04/21/2004,LYH,VA,AEA,EN,Federal Contract Tower,0,38,23,4,65,0,0,45,6,51,0,38,68,10,116,98,0,98,214
04/22/2004,LYH,VA,AEA,EN,Federal Contract Tower,0,40,36,0,76,0,0,54,4,58,0,40,90,4,134,100,0,100,234
04/23/2004,LYH,VA,AEA,EN,Federal Contract Tower,0,34,8,2,44,0,0,45,2,47,0,34,53,4,91,100,0,100,191
04/24/2004,LYH,VA,AEA,EN,Federal Contract Tower,0,16,17,0,33,0,0,94,2,96,0,16,111,2,129,120,0,120,249
04/25/2004,LYH,VA,AEA,EN,Federal Contract Tower,2,19,27,1,49,0,0,12,1,13,2,19,39,2,62,0,0,0,62
04/26/2004,LYH,VA,AEA,EN,Federal Contract Tower,0,29,14,0,43,0,0,13,0,13,0,29,27,0,56,20,0,20,76
04/27/2004,LYH,VA,AEA,EN,Federal Contract Tower,0,25,25,2,52,0,0,43,7,50,0,25,68,9,102,60,0,60,162
04/28/2004,LYH,VA,AEA,EN,Federal Contract Tower,0,34,40,2,76,0,0,117,3,120,0,34,157,5,196,174,14,188,384
04/29/2004,LYH,VA,AEA,EN,Federal Contract Tower,0,30,45,0,75,0,0,85,0,85,0,30,130,0,160,160,0,160,320
04/30/2004,LYH,VA,AEA,EN,Federal Contract Tower,0,38,40,2,80,0,0,50,0,50,0,38,90,2,130,192,0,192,322
05/01/2004,LYH,VA,AEA,EN,Federal Contract Tower,0,18,11,0,29,0,0,2,0,2,0,18,13,0,31,0,0,0,31
05/02/2004,LYH,VA,AEA,EN,Federal Contract Tower,0,21,3,0,24,0,0,1,0,1,0,21,4,0,25,0,0,0,25
05/03/2004,LYH,VA,AEA,EN,Federal Contract Tower,0,31,19,2,52,0,0,42,1,43,0,31,61,3,95,70,0,70,165
05/04/2004,LYH,VA,AEA,EN,Federal Contract Tower,0,28,30,2,60,0,0,113,13,126,0,28,143,15,186,128,2,130,316
05/05/2004,LYH,VA,AEA,EN,Federal Contract Tower,0,32,29,3,64,0,0,83,4,87,0,32,112,7,151,132,0,132,283
05/06/2004,LYH,VA,AEA,EN,Federal Contract Tower,0,30,41,1,72,0,0,117,9,126,0,30,158,10,198,104,0,104,302
05/07/2004,LYH,VA,AEA,EN,Federal Contract Tower,0,26,40,0,66,0,0,115,0,115,0,26,155,0,181,100,0,100,281
05/08/2004,LYH,VA,AEA,EN,Federal Contract Tower,0,20,34,0,54,0,0,29,0,29,0,20,63,0,83,30,0,30,113
05/09/2004,LYH,VA,AEA,EN,Federal Contract Tower,0,22,33,0,55,0,0,59,4,63,0,22,92,4,118,54,0,54,172
05/10/2004,LYH,VA,AEA,EN,Federal Contract Tower,0,29,27,0,56,0,0,68,6,74,0,29,95,6,130,100,0,100,230
05/11/2004,LYH,VA,AEA,EN,Federal Contract Tower,0,27,30,3,60,0,0,64,2,66,0,27,94,5,126,60,4,64,190
05/12/2004,LYH,VA,AEA,EN,Federal Contract Tower,0,29,27,0,56,0,0,46,4,50,0,29,73,4,106,76,0,76,182
05/13/2004,LYH,VA,AEA,EN,Federal Contract Tower,0,27,28,0,55,0,0,28,2,30,0,27,56,2,85,20,0,20,105
05/14/2004,LYH,VA,AEA,EN,Federal Contract Tower,0,27,32,1,60,0,0,55,5,60,0,27,87,6,120,92,0,92,212
05/15/2004,LYH,VA,AEA,EN,Federal Contract Tower,0,17,27,0,44,0,0,48,4,52,0,17,75,4,96,30,0,30,126
05/16/2004,LYH,VA,AEA,EN,Federal Contract Tower,0,18,23,0,41,0,0,18,28,46,0,18,41,28,87,60,0,60,147
05/17/2004,LYH,VA,AEA,EN,Federal Contract Tower,0,30,27,2,59,0,0,37,0,37,0,30,64,2,96,54,0,54,150
05/18/2004,LYH,VA,AEA,EN,Federal Contract Tower,0,37,19,0,56,0,0,36,6,42,0,37,55,6,98,62,0,62,160
05/19/2004,LYH,VA,AEA,EN,Federal Contract Tower,0,26,32,0,58,0,0,28,2,30,0,26,60,2,88,42,0,42,130
05/20/2004,LYH,VA,AEA,EN,Federal Contract Tower,0,27,24,0,51,0,0,67,0,67,0,27,91,0,118,64,0,64,182
05/21/2004,LYH,VA,AEA,EN,Federal Contract Tower,0,27,16,0,43,0,0,37,0,37,0,27,53,0,80,80,0,80,160
05/22/2004,LYH,VA,AEA,EN,Federal Contract Tower,0,22,29,0,51,0,0,82,0,82,0,22,111,0,133,52,0,52,185
05/23/2004,LYH,VA,AEA,EN,Federal Contract Tower,0,20,25,0,45,0,0,57,2,59,0,20,82,2,104,36,0,36,140
05/24/2004,LYH,VA,AEA,EN,Federal Contract Tower,0,36,34,0,70,0,0,47,0,47,0,36,81,0,117,110,0,110,227
05/25/2004,LYH,VA,AEA,EN,Federal Contract Tower,0,27,34,0,61,0,0,50,0,50,0,27,84,0,111,60,0,60,171
05/26/2004,LYH,VA,AEA,EN,Federal Contract Tower,0,34,18,0,52,0,0,38,0,38,0,34,56,0,90,60,0,60,150
05/27/2004,LYH,VA,AEA,EN,Federal Contract Tower,0,32,29,0,61,0,0,58,0,58,0,32,87,0,119,66,0,66,185
05/28/2004,LYH,VA,AEA,EN,Federal Contract Tower,0,26,27,0,53,0,0,28,0,28,0,26,55,0,81,60,0,60,141
05/29/2004,LYH,VA,AEA,EN,Federal Contract Tower,0,17,21,0,38,0,0,84,0,84,0,17,105,0,122,68,0,68,190
05/30/2004,LYH,VA,AEA,EN,Federal Contract Tower,0,19,13,0,32,0,0,0,0,0,0,19,13,0,32,0,0,0,32
05/31/2004,LYH,VA,AEA,EN,Federal Contract Tower,0,21,11,0,32,0,0,18,0,18,0,21,29,0,50,0,0,0,50
06/01/2004,LYH,VA,AEA,EN,Federal Contract Tower,0,28,25,2,55,0,0,56,0,56,0,28,81,2,111,26,0,26,137
06/02/2004,LYH,VA,AEA,EN,Federal Contract Tower,0,36,50,3,89,0,0,32,0,32,0,36,82,3,121,50,10,60,181
06/03/2004,LYH,VA,AEA,EN,Federal Contract Tower,0,36,20,0,56,0,0,45,0,45,0,36,65,0,101,70,0,70,171
06/04/2004,LYH,VA,AEA,EN,Federal Contract Tower,0,31,19,0,50,0,0,8,0,8,0,31,27,0,58,70,0,70,128
06/05/2004,LYH,VA,AEA,EN,Federal Contract Tower,0,20,33,0,53,0,0,25,0,25,0,20,58,0,78,64,0,64,142
06/06/2004,LYH,VA,AEA,EN,Federal Contract Tower,0,21,27,0,48,0,0,71,0,71,0,21,98,0,119,50,0,50,169
06/07/2004,LYH,VA,AEA,EN,Federal Contract Tower,0,23,23,0,46,0,0,16,0,16,0,23,39,0,62,8,0,8,70
06/08/2004,LYH,VA,AEA,EN,Federal Contract Tower,0,34,32,2,68,0,0,27,0,27,0,34,59,2,95,52,0,52,147
06/09/2004,LYH,VA,AEA,EN,Federal Contract Tower,0,26,39,0,65,0,0,74,0,74,0,26,113,0,139,100,0,100,239
06/10/2004,LYH,VA,AEA,EN,Federal Contract Tower,0,30,18,0,48,0,0,36,0,36,0,30,54,0,84,60,0,60,144
06/11/2004,LYH,VA,AEA,EN,Federal Contract Tower,0,24,25,0,49,0,0,50,0,50,0,24,75,0,99,60,0,60,159
06/12/2004,LYH,VA,AEA,EN,Federal Contract Tower,0,16,18,1,35,0,0,35,0,35,0,16,53,1,70,10,0,10,80
06/13/2004,LYH,VA,AEA,EN,Federal Contract Tower,0,21,8,0,29,0,0,25,0,25,0,21,33,0,54,38,0,38,92
06/14/2004,LYH,VA,AEA,EN,Federal Contract Tower,0,28,27,0,55,0,0,12,4,16,0,28,39,4,71,32,0,32,103
06/15/2004,LYH,VA,AEA,EN,Federal Contract Tower,0,28,37,0,65,0,0,14,0,14,0,28,51,0,79,34,0,34,113
06/16/2004,LYH,VA,AEA,EN,Federal Contract Tower,0,32,53,5,90,0,0,38,0,38,0,32,91,5,128,36,4,40,168
06/17/2004,LYH,VA,AEA,EN,Federal Contract Tower,0,24,46,6,76,0,0,47,0,47,0,24,93,6,123,120,0,120,243
06/18/2004,LYH,VA,AEA,EN,Federal Contract Tower,0,32,17,10,59,0,0,83,0,83,0,32,100,10,142,44,6,50,192
06/19/2004,LYH,VA,AEA,EN,Federal Contract Tower,0,16,29,0,45,0,0,87,0,87,0,16,116,0,132,32,0,32,164
06/20/2004,LYH,VA,AEA,EN,Federal Contract Tower,0,20,18,4,42,0,0,69,0,69,0,20,87,4,111,54,0,54,165
06/21/2004,LYH,VA,AEA,EN,Federal Contract Tower,0,22,37,0,59,0,0,71,4,75,0,22,108,4,134,110,0,110,244
06/22/2004,LYH,VA,AEA,EN,Federal Contract Tower,0,32,20,0,52,0,0,40,0,40,0,32,60,0,92,70,0,70,162
06/23/2004,LYH,VA,AEA,EN,Federal Contract Tower,0,26,30,0,56,0,0,37,2,39,0,26,67,2,95,72,0,72,167
06/24/2004,LYH,VA,AEA,EN,Federal Contract Tower,0,30,43,5,78,0,0,68,0,68,0,30,111,5,146,134,2,136,282
06/25/2004,LYH,VA,AEA,EN,Federal Contract Tower,0,29,28,0,57,0,0,11,2,13,0,29,39,2,70,40,0,40,110
06/26/2004,LYH,VA,AEA,EN,Federal Contract Tower,0,20,24,0,44,0,0,49,0,49,0,20,73,0,93,20,0,20,113
06/27/2004,LYH,VA,AEA,EN,Federal Contract Tower,0,17,25,1,43,0,0,72,1,73,0,17,97,2,116,68,0,68,184
06/28/2004,LYH,VA,AEA,EN,Federal Contract Tower,0,25,45,0,70,0,0,54,0,54,0,25,99,0,124,30,0,30,154
06/29/2004,LYH,VA,AEA,EN,Federal Contract Tower,0,28,34,0,62,0,0,57,0,57,0,28,91,0,119,110,0,110,229
06/30/2004,LYH,VA,AEA,EN,Federal Contract Tower,0,27,41,0,68,0,0,68,0,68,0,27,109,0,136,104,0,104,240
07/01/2004,LYH,VA,AEA,EN,Federal Contract Tower,0,28,24,2,54,0,0,37,0,37,0,28,61,2,91,58,20,78,169
07/02/2004,LYH,VA,AEA,EN,Federal Contract Tower,0,28,37,0,65,0,0,66,0,66,0,28,103,0,131,102,0,102,233
07/03/2004,LYH,VA,AEA,EN,Federal Contract Tower,0,14,17,0,31,0,0,41,0,41,0,14,58,0,72,84,0,84,156
07/04/2004,LYH,VA,AEA,EN,Federal Contract Tower,0,14,4,0,18,0,0,12,0,12,0,14,16,0,30,24,0,24,54
07/05/2004,LYH,VA,AEA,EN,Federal Contract Tower,0,17,24,0,41,0,0,67,0,67,0,17,91,0,108,112,0,112,220
07/06/2004,LYH,VA,AEA,EN,Federal Contract Tower,0,24,30,0,54,0,0,68,0,68,0,24,98,0,122,90,0,90,212
07/07/2004,LYH,VA,AEA,EN,Federal Contract Tower,0,27,29,0,56,0,0,54,0,54,0,27,83,0,110,64,0,64,174
07/08/2004,LYH,VA,AEA,EN,Federal Contract Tower,0,32,30,0,62,0,0,55,4,59,0,32,85,4,121,76,2,78,199
07/09/2004,LYH,VA,AEA,EN,Federal Contract Tower,0,27,30,4,61,0,0,60,6,66,0,27,90,10,127,30,4,34,161
07/10/2004,LYH,VA,AEA,EN,Federal Contract Tower,0,16,18,0,34,0,0,36,8,44,0,16,54,8,78,18,2,20,98
07/11/2004,LYH,VA,AEA,EN,Federal Contract Tower,0,19,51,4,74,0,0,29,0,29,0,19,80,4,103,18,2,20,123
07/12/2004,LYH,VA,AEA,EN,Federal Contract Tower,0,32,16,5,53,0,0,16,2,18,0,32,32,7,71,70,4,74,145
07/13/2004,LYH,VA,AEA,EN,Federal Contract Tower,0,34,50,0,84,0,0,51,0,51,0,34,101,0,135,60,0,60,195
07/14/2004,LYH,VA,AEA,EN,Federal Contract Tower,0,25,20,0,45,0,0,30,0,30,0,25,50,0,75,80,0,80,155
07/15/2004,LYH,VA,AEA,EN,Federal Contract Tower,0,25,21,0,46,0,0,52,0,52,0,25,73,0,98,110,0,110,208
07/16/2004,LYH,VA,AEA,EN,Federal Contract Tower,0,24,31,0,55,0,0,46,0,46,0,24,77,0,101,68,0,68,169
07/17/2004,LYH,VA,AEA,EN,Federal Contract Tower,0,11,11,0,22,0,0,59,0,59,0,11,70,0,81,32,0,32,113
07/18/2004,LYH,VA,AEA,EN,Federal Contract Tower,0,23,20,4,47,0,0,5,0,5,0,23,25,4,52,10,14,24,76
07/19/2004,LYH,VA,AEA,EN,Federal Contract Tower,0,30,28,2,60,0,0,38,3,41,0,30,66,5,101,100,0,100,201
07/20/2004,LYH,VA,AEA,EN,Federal Contract Tower,0,31,35,0,66,0,0,67,0,67,0,31,102,0,133,90,0,90,223
07/21/2004,LYH,VA,AEA,EN,Federal Contract Tower,0,32,40,0,72,0,0,60,0,60,0,32,100,0,132,110,0,110,242
07/22/2004,LYH,VA,AEA,EN,Federal Contract Tower,0,29,26,0,55,0,0,39,2,41,0,29,65,2,96,60,0,60,156
07/23/2004,LYH,VA,AEA,EN,Federal Contract Tower,0,23,23,5,51,0,0,31,1,32,0,23,54,6,83,80,10,90,173
07/24/2004,LYH,VA,AEA,EN,Federal Contract Tower,0,17,28,0,45,0,0,43,0,43,0,17,71,0,88,18,0,18,106
07/25/2004,LYH,VA,AEA,EN,Federal Contract Tower,0,22,26,3,51,0,0,0,1,1,0,22,26,4,52,0,0,0,52
07/26/2004,LYH,VA,AEA,EN,Federal Contract Tower,0,28,26,0,54,0,0,4,0,4,0,28,30,0,58,0,0,0,58
07/27/2004,LYH,VA,AEA,EN,Federal Contract Tower,0,23,23,0,46,0,0,3,0,3,0,23,26,0,49,0,0,0,49
07/28/2004,LYH,VA,AEA,EN,Federal Contract Tower,0,26,23,3,52,0,0,37,0,37,0,26,60,3,89,46,4,50,139
07/29/2004,LYH,VA,AEA,EN,Federal Contract Tower,0,26,28,2,56,0,0,38,2,40,0,26,66,4,96,60,0,60,156
07/30/2004,LYH,VA,AEA,EN,Federal Contract Tower,0,24,30,0,54,0,0,38,4,42,0,24,68,4,96,80,0,80,176
07/31/2004,LYH,VA,AEA,EN,Federal Contract Tower,0,11,7,0,18,0,0,27,4,31,0,11,34,4,49,24,0,24,73
08/01/2004,LYH,VA,AEA,EN,Federal Contract Tower,0,16,17,0,33,0,0,16,0,16,0,16,33,0,49,16,0,16,65
08/02/2004,LYH,VA,AEA,EN,Federal Contract Tower,0,27,14,3,44,0,0,10,1,11,0,27,24,4,55,2,0,2,57
08/03/2004,LYH,VA,AEA,EN,Federal Contract Tower,0,26,30,0,56,0,0,62,2,64,0,26,92,2,120,70,10,80,200
08/04/2004,LYH,VA,AEA,EN,Federal Contract Tower,0,35,35,2,72,0,0,78,0,78,0,35,113,2,150,50,0,50,200
08/05/2004,LYH,VA,AEA,EN,Federal Contract Tower,0,27,27,0,54,0,0,7,5,12,0,27,34,5,66,0,0,0,66
08/06/2004,LYH,VA,AEA,EN,Federal Contract Tower,0,29,41,0,70,0,0,92,8,100,0,29,133,8,170,88,12,100,270
08/07/2004,LYH,VA,AEA,EN,Federal Contract Tower,0,13,18,0,31,0,0,69,4,73,0,13,87,4,104,38,0,38,142
08/08/2004,LYH,VA,AEA,EN,Federal Contract Tower,0,19,20,0,39,0,0,71,2,73,0,19,91,2,112,58,0,58,170
08/09/2004,LYH,VA,AEA,EN,Federal Contract Tower,0,24,12,0,36,0,0,70,4,74,0,24,82,4,110,110,0,110,220
08/10/2004,LYH,VA,AEA,EN,Federal Contract Tower,0,32,29,0,61,0,0,61,0,61,0,32,90,0,122,52,0,52,174
08/11/2004,LYH,VA,AEA,EN,Federal Contract Tower,0,28,20,0,48,0,0,42,0,42,0,28,62,0,90,40,0,40,130
08/12/2004,LYH,VA,AEA,EN,Federal Contract Tower,0,27,11,0,38,0,0,11,0,11,0,27,22,0,49,60,0,60,109
08/13/2004,LYH,VA,AEA,EN,Federal Contract Tower,0,31,13,5,49,0,0,25,3,28,0,31,38,8,77,34,2,36,113
08/14/2004,LYH,VA,AEA,EN,Federal Contract Tower,0,11,6,0,17,0,0,1,0,1,0,11,7,0,18,0,0,0,18
08/15/2004,LYH,VA,AEA,EN,Federal Contract Tower,0,20,22,0,42,0,0,18,0,18,0,20,40,0,60,60,0,60,120
08/16/2004,LYH,VA,AEA,EN,Federal Contract Tower,0,26,25,0,51,0,0,71,0,71,0,26,96,0,122,118,0,118,240
08/17/2004,LYH,VA,AEA,EN,Federal Contract Tower,0,26,47,0,73,0,0,42,0,42,0,26,89,0,115,108,0,108,223
08/18/2004,LYH,VA,AEA,EN,Federal Contract Tower,0,30,37,0,67,0,0,54,0,54,0,30,91,0,121,70,0,70,191
08/19/2004,LYH,VA,AEA,EN,Federal Contract Tower,0,30,30,0,60,0,0,56,0,56,0,30,86,0,116,110,0,110,226
08/20/2004,LYH,VA,AEA,EN,Federal Contract Tower,0,25,35,3,63,0,0,36,6,42,0,25,71,9,105,78,2,80,185
08/21/2004,LYH,VA,AEA,EN,Federal Contract Tower,0,10,9,0,19,0,0,19,4,23,0,10,28,4,42,10,0,10,52
08/22/2004,LYH,VA,AEA,EN,Federal Contract Tower,0,17,29,0,46,0,0,53,0,53,0,17,82,0,99,50,0,50,149
08/23/2004,LYH,VA,AEA,EN,Federal Contract Tower,0,23,30,0,53,0,0,86,6,92,0,23,116,6,145,140,0,140,285
08/24/2004,LYH,VA,AEA,EN,Federal Contract Tower,0,26,32,0,58,0,0,49,4,53,0,26,81,4,111,96,0,96,207
08/25/2004,LYH,VA,AEA,EN,Federal Contract Tower,0,34,29,0,63,0,0,51,10,61,0,34,80,10,124,50,0,50,174
08/26/2004,LYH,VA,AEA,EN,Federal Contract Tower,0,23,19,0,42,0,0,43,9,52,0,23,62,9,94,36,4,40,134
08/27/2004,LYH,VA,AEA,EN,Federal Contract Tower,0,25,73,19,117,0,0,61,0,61,0,25,134,19,178,80,32,112,290
08/28/2004,LYH,VA,AEA,EN,Federal Contract Tower,0,11,42,0,53,0,0,27,0,27,0,11,69,0,80,50,0,50,130
08/29/2004,LYH,VA,AEA,EN,Federal Contract Tower,2,19,10,0,31,0,0,41,2,43,2,19,51,2,74,90,0,90,164
08/30/2004,LYH,VA,AEA,EN,Federal Contract Tower,0,31,7,0,38,0,0,15,0,15,0,31,22,0,53,50,0,50,103
08/31/2004,LYH,VA,AEA,EN,Federal Contract Tower,0,31,24,0,55,0,0,87,2,89,0,31,111,2,144,84,0,84,228
09/01/2004,LYH,VA,AEA,EN,Federal Contract Tower,0,26,32,1,59,0,0,91,4,95,0,26,123,5,154,82,10,92,246
09/02/2004,LYH,VA,AEA,EN,Federal Contract Tower,0,27,28,1,56,0,0,67,2,69,0,27,95,3,125,70,4,74,199
09/03/2004,LYH,VA,AEA,EN,Federal Contract Tower,0,29,31,1,61,0,2,75,1,78,0,31,106,2,139,80,0,80,219
09/04/2004,LYH,VA,AEA,EN,Federal Contract Tower,0,11,33,0,44,0,0,40,0,40,0,11,73,0,84,70,0,70,154
09/05/2004,LYH,VA,AEA,EN,Federal Contract Tower,0,15,16,0,31,0,0,33,0,33,0,15,49,0,64,8,0,8,72
09/06/2004,LYH,VA,AEA,EN,Federal Contract Tower,0,11,6,0,17,0,8,0,0,8,0,19,6,0,25,0,0,0,25
09/07/2004,LYH,VA,AEA,EN,Federal Contract Tower,0,16,7,1,24,0,11,0,0,11,0,27,7,1,35,0,0,0,35
09/08/2004,LYH,VA,AEA,EN,Federal Contract Tower,0,19,6,1,26,0,12,0,2,14,0,31,6,3,40,0,0,0,40
09/09/2004,LYH,VA,AEA,EN,Federal Contract Tower,0,24,29,0,53,0,0,49,0,49,0,24,78,0,102,50,0,50,152
09/10/2004,LYH,VA,AEA,EN,Federal Contract Tower,0,26,26,1,53,0,6,77,1,84,0,32,103,2,137,108,0,108,245
09/11/2004,LYH,VA,AEA,EN,Federal Contract Tower,0,11,12,0,23,0,0,144,0,144,0,11,156,0,167,82,0,82,249
09/12/2004,LYH,VA,AEA,EN,Federal Contract Tower,0,27,38,0,65,0,0,52,0,52,0,27,90,0,117,50,0,50,167
09/13/2004,LYH,VA,AEA,EN,Federal Contract Tower,0,34,40,0,74,0,0,44,0,44,0,34,84,0,118,150,0,150,268
09/14/2004,LYH,VA,AEA,EN,Federal Contract Tower,0,27,28,0,55,0,0,57,0,57,0,27,85,0,112,78,0,78,190
09/15/2004,LYH,VA,AEA,EN,Federal Contract Tower,0,32,33,0,65,0,0,63,0,63,0,32,96,0,128,124,0,124,252
09/16/2004,LYH,VA,AEA,EN,Federal Contract Tower,0,20,20,0,40,0,0,6,0,6,0,20,26,0,46,0,0,0,46
09/17/2004,LYH,VA,AEA,EN,Federal Contract Tower,0,14,8,0,22,0,8,0,0,8,0,22,8,0,30,6,0,6,36
09/18/2004,LYH,VA,AEA,EN,Federal Contract Tower,0,10,10,0,20,0,2,6,0,8,0,12,16,0,28,6,0,6,34
09/19/2004,LYH,VA,AEA,EN,Federal Contract Tower,0,16,16,0,32,0,3,85,0,88,0,19,101,0,120,64,0,64,184
09/20/2004,LYH,VA,AEA,EN,Federal Contract Tower,0,30,31,0,61,0,2,90,6,98,0,32,121,6,159,92,12,104,263
09/21/2004,LYH,VA,AEA,EN,Federal Contract Tower,0,30,30,0,60,0,1,127,0,128,0,31,157,0,188,136,0,136,324
09/22/2004,LYH,VA,AEA,EN,Federal Contract Tower,0,34,43,0,77,0,0,87,0,87,0,34,130,0,164,132,0,132,296
09/23/2004,LYH,VA,AEA,EN,Federal Contract Tower,0,27,29,0,56,0,0,94,0,94,0,27,123,0,150,130,0,130,280
09/24/2004,LYH,VA,AEA,EN,Federal Contract Tower,0,26,31,0,57,0,0,102,2,104,0,26,133,2,161,150,0,150,311
09/25/2004,LYH,VA,AEA,EN,Federal Contract Tower,0,11,16,0,27,0,0,80,0,80,0,11,96,0,107,194,0,194,301
09/26/2004,LYH,VA,AEA,EN,Federal Contract Tower,0,24,24,0,48,0,2,58,0,60,0,26,82,0,108,10,0,10,118
09/27/2004,LYH,VA,AEA,EN,Federal Contract Tower,0,22,17,0,39,0,5,0,0,5,0,27,17,0,44,0,0,0,44
09/28/2004,LYH,VA,AEA,EN,Federal Contract Tower,0,17,7,0,24,0,11,0,0,11,0,28,7,0,35,0,0,0,35
09/29/2004,LYH,VA,AEA,EN,Federal Contract Tower,0,34,42,0,76,0,0,50,0,50,0,34,92,0,126,142,0,142,268
09/30/2004,LYH,VA,AEA,EN,Federal Contract Tower,0,28,29,0,57,0,6,32,2,40,0,34,61,2,97,130,0,130,227
10/01/2004,LYH,VA,AEA,EN,Federal Contract Tower,0,27,44,0,71,0,0,21,0,21,0,27,65,0,92,40,0,40,132
10/02/2004,LYH,VA,AEA,EN,Federal Contract Tower,0,14,17,0,31,0,0,25,0,25,0,14,42,0,56,30,0,30,86
10/03/2004,LYH,VA,AEA,EN,Federal Contract Tower,0,18,28,0,46,0,0,37,0,37,0,18,65,0,83,48,0,48,131
10/04/2004,LYH,VA,AEA,EN,Federal Contract Tower,0,22,21,0,43,0,0,86,0,86,0,22,107,0,129,148,0,148,277
10/05/2004,LYH,VA,AEA,EN,Federal Contract Tower,0,22,26,0,48,0,0,91,0,91,0,22,117,0,139,114,0,114,253
10/06/2004,LYH,VA,AEA,EN,Federal Contract Tower,0,26,44,2,72,0,0,92,0,92,0,26,136,2,164,140,0,140,304
10/07/2004,LYH,VA,AEA,EN,Federal Contract Tower,2,34,26,0,62,0,0,92,0,92,2,34,118,0,154,156,0,156,310
10/08/2004,LYH,VA,AEA,EN,Federal Contract Tower,0,23,29,0,52,0,0,80,0,80,0,23,109,0,132,120,0,120,252
10/09/2004,LYH,VA,AEA,EN,Federal Contract Tower,0,9,15,0,24,0,0,64,2,66,0,9,79,2,90,66,0,66,156
10/10/2004,LYH,VA,AEA,EN,Federal Contract Tower,0,17,13,0,30,0,0,57,0,57,0,17,70,0,87,58,0,58,145
10/11/2004,LYH,VA,AEA,EN,Federal Contract Tower,0,19,15,0,34,0,0,74,0,74,0,19,89,0,108,130,0,130,238
10/12/2004,LYH,VA,AEA,EN,Federal Contract Tower,0,23,20,0,43,0,0,78,0,78,0,23,98,0,121,108,0,108,229
10/13/2004,LYH,VA,AEA,EN,Federal Contract Tower,0,34,38,4,76,0,0,0,0,0,0,34,38,4,76,2,0,2,78
10/14/2004,LYH,VA,AEA,EN,Federal Contract Tower,0,32,23,0,55,0,0,36,0,36,0,32,59,0,91,100,0,100,191
10/15/2004,LYH,VA,AEA,EN,Federal Contract Tower,0,22,23,2,47,0,0,29,6,35,0,22,52,8,82,20,0,20,102
10/16/2004,LYH,VA,AEA,EN,Federal Contract Tower,0,16,15,0,31,0,0,45,0,45,0,16,60,0,76,32,0,32,108
10/17/2004,LYH,VA,AEA,EN,Federal Contract Tower,0,18,22,0,40,0,0,53,0,53,0,18,75,0,93,30,0,30,123
10/18/2004,LYH,VA,AEA,EN,Federal Contract Tower,0,28,22,0,50,0,0,74,0,74,0,28,96,0,124,180,0,180,304
10/19/2004,LYH,VA,AEA,EN,Federal Contract Tower,0,29,20,2,51,0,0,0,0,0,0,29,20,2,51,0,0,0,51
10/20/2004,LYH,VA,AEA,EN,Federal Contract Tower,2,35,52,0,89,0,0,3,0,3,2,35,55,0,92,0,0,0,92
10/21/2004,LYH,VA,AEA,EN,Federal Contract Tower,0,23,38,3,64,0,0,0,0,0,0,23,38,3,64,0,0,0,64
10/22/2004,LYH,VA,AEA,EN,Federal Contract Tower,0,23,42,14,79,0,0,0,0,0,0,23,42,14,79,0,0,0,79
10/23/2004,LYH,VA,AEA,EN,Federal Contract Tower,0,13,27,2,42,0,0,144,0,144,0,13,171,2,186,250,0,250,436
10/24/2004,LYH,VA,AEA,EN,Federal Contract Tower,0,25,26,0,51,0,0,0,0,0,0,25,26,0,51,0,0,0,51
10/25/2004,LYH,VA,AEA,EN,Federal Contract Tower,0,29,28,0,57,0,0,49,0,49,0,29,77,0,106,100,0,100,206
10/26/2004,LYH,VA,AEA,EN,Federal Contract Tower,0,28,32,2,62,0,0,72,0,72,0,28,104,2,134,176,2,178,312
10/27/2004,LYH,VA,AEA,EN,Federal Contract Tower,0,25,35,2,62,0,0,6,0,6,0,25,41,2,68,0,0,0,68
10/28/2004,LYH,VA,AEA,EN,Federal Contract Tower,2,38,33,6,79,0,0,6,2,8,2,38,39,8,87,0,0,0,87
10/29/2004,LYH,VA,AEA,EN,Federal Contract Tower,0,20,31,0,51,0,0,13,0,13,0,20,44,0,64,80,0,80,144
10/30/2004,LYH,VA,AEA,EN,Federal Contract Tower,0,8,6,2,16,0,0,40,2,42,0,8,46,4,58,100,0,100,158
10/31/2004,LYH,VA,AEA,EN,Federal Contract Tower,0,16,16,0,32,0,0,58,2,60,0,16,74,2,92,52,0,52,144
11/01/2004,LYH,VA,AEA,EN,Federal Contract Tower,0,27,24,4,55,0,0,94,2,96,0,27,118,6,151,218,2,220,371
11/02/2004,LYH,VA,AEA,EN,Federal Contract Tower,0,26,27,0,53,0,0,45,2,47,0,26,72,2,100,70,0,70,170
11/03/2004,LYH,VA,AEA,EN,Federal Contract Tower,0,23,11,3,37,0,0,64,2,66,0,23,75,5,103,130,0,130,233
11/04/2004,LYH,VA,AEA,EN,Federal Contract Tower,0,24,7,0,31,0,0,1,0,1,0,24,8,0,32,0,0,0,32
11/05/2004,LYH,VA,AEA,EN,Federal Contract Tower,0,28,21,2,51,0,0,59,0,59,0,28,80,2,110,116,22,138,248
11/06/2004,LYH,VA,AEA,EN,Federal Contract Tower,0,14,15,0,29,0,0,94,0,94,0,14,109,0,123,96,0,96,219
11/07/2004,LYH,VA,AEA,EN,Federal Contract Tower,0,16,18,0,34,0,0,80,0,80,0,16,98,0,114,60,0,60,174
11/08/2004,LYH,VA,AEA,EN,Federal Contract Tower,0,27,37,0,64,0,0,49,0,49,0,27,86,0,113,140,0,140,253
11/09/2004,LYH,VA,AEA,EN,Federal Contract Tower,0,25,15,0,40,0,0,52,2,54,0,25,67,2,94,174,0,174,268
11/10/2004,LYH,VA,AEA,EN,Federal Contract Tower,0,26,23,2,51,0,0,122,4,126,0,26,145,6,177,226,4,230,407
11/11/2004,LYH,VA,AEA,EN,Federal Contract Tower,0,20,27,0,47,0,0,62,4,66,0,20,89,4,113,192,0,192,305
11/12/2004,LYH,VA,AEA,EN,Federal Contract Tower,0,28,13,0,41,0,0,0,0,0,0,28,13,0,41,0,0,0,41
11/13/2004,LYH,VA,AEA,EN,Federal Contract Tower,0,16,11,2,29,0,0,45,0,45,0,16,56,2,74,62,0,62,136
11/14/2004,LYH,VA,AEA,EN,Federal Contract Tower,0,18,21,1,40,0,0,62,1,63,0,18,83,2,103,80,0,80,183
11/15/2004,LYH,VA,AEA,EN,Federal Contract Tower,0,24,21,2,47,0,0,119,0,119,0,24,140,2,166,146,0,146,312
11/16/2004,LYH,VA,AEA,EN,Federal Contract Tower,0,25,22,1,48,0,0,73,1,74,0,25,95,2,122,134,0,134,256
11/17/2004,LYH,VA,AEA,EN,Federal Contract Tower,0,49,38,4,91,0,0,97,0,97,0,49,135,4,188,196,4,200,388
11/18/2004,LYH,VA,AEA,EN,Federal Contract Tower,0,22,26,0,48,0,0,88,0,88,0,22,114,0,136,190,0,190,326
11/19/2004,LYH,VA,AEA,EN,Federal Contract Tower,0,24,26,0,50,0,0,34,18,52,0,24,60,18,102,70,0,70,172
11/20/2004,LYH,VA,AEA,EN,Federal Contract Tower,0,13,17,0,30,0,0,0,0,0,0,13,17,0,30,0,0,0,30
11/21/2004,LYH,VA,AEA,EN,Federal Contract Tower,0,16,21,0,37,0,0,73,12,85,0,16,94,12,122,90,0,90,212
11/22/2004,LYH,VA,AEA,EN,Federal Contract Tower,0,28,43,0,71,0,0,17,0,17,0,28,60,0,88,82,0,82,170
11/23/2004,LYH,VA,AEA,EN,Federal Contract Tower,0,25,9,0,34,0,0,0,0,0,0,25,9,0,34,0,0,0,34
11/24/2004,LYH,VA,AEA,EN,Federal Contract Tower,0,33,11,0,44,0,0,1,0,1,0,33,12,0,45,0,0,0,45
11/25/2004,LYH,VA,AEA,EN,Federal Contract Tower,0,14,7,0,21,0,0,6,0,6,0,14,13,0,27,0,0,0,27
11/26/2004,LYH,VA,AEA,EN,Federal Contract Tower,0,17,8,0,25,0,0,60,0,60,0,17,68,0,85,20,0,20,105
11/27/2004,LYH,VA,AEA,EN,Federal Contract Tower,0,17,17,0,34,0,0,43,0,43,0,17,60,0,77,42,0,42,119
11/28/2004,LYH,VA,AEA,EN,Federal Contract Tower,0,18,19,0,37,0,0,18,0,18,0,18,37,0,55,0,0,0,55
11/29/2004,LYH,VA,AEA,EN,Federal Contract Tower,0,22,31,0,53,0,0,55,0,55,0,22,86,0,108,114,0,114,222
11/30/2004,LYH,VA,AEA,EN,Federal Contract Tower,0,20,35,2,57,0,0,44,0,44,0,20,79,2,101,104,0,104,205
12/01/2004,LYH,VA,AEA,EN,Federal Contract Tower,0,32,24,0,56,0,0,4,4,8,0,32,28,4,64,20,0,20,84
12/02/2004,LYH,VA,AEA,EN,Federal Contract Tower,0,38,21,0,59,0,0,60,2,62,0,38,81,2,121,160,0,160,281
12/03/2004,LYH,VA,AEA,EN,Federal Contract Tower,0,29,24,0,53,0,0,73,0,73,0,29,97,0,126,120,0,120,246
12/04/2004,LYH,VA,AEA,EN,Federal Contract Tower,0,22,24,0,46,0,0,66,0,66,0,22,90,0,112,182,0,182,294
12/05/2004,LYH,VA,AEA,EN,Federal Contract Tower,0,16,20,0,36,0,0,48,0,48,0,16,68,0,84,98,0,98,182
12/06/2004,LYH,VA,AEA,EN,Federal Contract Tower,0,24,30,0,54,0,0,5,0,5,0,24,35,0,59,0,0,0,59
12/07/2004,LYH,VA,AEA,EN,Federal Contract Tower,0,17,18,0,35,0,0,4,0,4,0,17,22,0,39,0,0,0,39
12/08/2004,LYH,VA,AEA,EN,Federal Contract Tower,0,30,39,0,69,0,0,88,0,88,0,30,127,0,157,122,0,122,279
12/09/2004,LYH,VA,AEA,EN,Federal Contract Tower,0,25,34,0,59,0,2,13,0,15,0,27,47,0,74,44,0,44,118
12/10/2004,LYH,VA,AEA,EN,Federal Contract Tower,0,28,7,0,35,0,0,0,0,0,0,28,7,0,35,0,0,0,35
12/11/2004,LYH,VA,AEA,EN,Federal Contract Tower,2,11,18,0,31,0,0,24,0,24,2,11,42,0,55,30,0,30,85
12/12/2004,LYH,VA,AEA,EN,Federal Contract Tower,0,20,19,0,39,0,0,27,3,30,0,20,46,3,69,30,0,30,99
12/13/2004,LYH,VA,AEA,EN,Federal Contract Tower,0,20,20,0,40,0,0,13,0,13,0,20,33,0,53,10,0,10,63
12/14/2004,LYH,VA,AEA,EN,Federal Contract Tower,0,25,14,0,39,0,0,55,0,55,0,25,69,0,94,50,0,50,144
12/15/2004,LYH,VA,AEA,EN,Federal Contract Tower,0,24,37,2,63,0,0,45,0,45,0,24,82,2,108,132,0,132,240
12/16/2004,LYH,VA,AEA,EN,Federal Contract Tower,0,30,43,0,73,0,0,70,0,70,0,30,113,0,143,102,0,102,245
12/17/2004,LYH,VA,AEA,EN,Federal Contract Tower,0,22,28,0,50,0,0,103,0,103,0,22,131,0,153,70,0,70,223
12/18/2004,LYH,VA,AEA,EN,Federal Contract Tower,0,13,14,0,27,0,0,122,0,122,0,13,136,0,149,28,0,28,177
12/19/2004,LYH,VA,AEA,EN,Federal Contract Tower,0,14,6,0,20,0,0,6,0,6,0,14,12,0,26,12,0,12,38
12/20/2004,LYH,VA,AEA,EN,Federal Contract Tower,0,20,11,0,31,0,0,20,0,20,0,20,31,0,51,0,0,0,51
12/21/2004,LYH,VA,AEA,EN,Federal Contract Tower,0,22,35,0,57,0,0,53,0,53,0,22,88,0,110,90,0,90,200
12/22/2004,LYH,VA,AEA,EN,Federal Contract Tower,0,19,23,4,46,0,0,55,0,55,0,19,78,4,101,50,0,50,151
12/23/2004,LYH,VA,AEA,EN,Federal Contract Tower,0,16,2,0,18,0,0,3,0,3,0,16,5,0,21,0,0,0,21
12/24/2004,LYH,VA,AEA,EN,Federal Contract Tower,0,17,18,0,35,0,0,42,0,42,0,17,60,0,77,24,0,24,101
12/25/2004,LYH,VA,AEA,EN,Federal Contract Tower,2,10,3,0,15,0,0,8,0,8,2,10,11,0,23,2,0,2,25
12/26/2004,LYH,VA,AEA,EN,Federal Contract Tower,0,10,27,0,37,0,0,21,0,21,0,10,48,0,58,24,0,24,82
12/27/2004,LYH,VA,AEA,EN,Federal Contract Tower,0,20,21,2,43,0,0,35,0,35,0,20,56,2,78,20,10,30,108
12/28/2004,LYH,VA,AEA,EN,Federal Contract Tower,0,23,29,0,52,0,0,29,0,29,0,23,58,0,81,40,0,40,121
12/29/2004,LYH,VA,AEA,EN,Federal Contract Tower,0,20,25,2,47,0,0,82,2,84,0,20,107,4,131,50,4,54,185
12/30/2004,LYH,VA,AEA,EN,Federal Contract Tower,0,19,22,6,47,0,0,46,2,48,0,19,68,8,95,52,12,64,159
12/31/2004,LYH,VA,AEA,EN,Federal Contract Tower,0,14,15,0,29,0,0,56,0,56,0,14,71,0,85,70,0,70,155
01/01/2005,LYH,VA,AEA,EN,Federal Contract Tower,0,13,10,0,23,0,0,40,0,40,0,13,50,0,63,30,0,30,93
01/02/2005,LYH,VA,AEA,EN,Federal Contract Tower,0,15,12,0,27,0,0,21,0,21,0,15,33,0,48,10,0,10,58
01/03/2005,LYH,VA,AEA,EN,Federal Contract Tower,0,19,8,0,27,0,0,35,0,35,0,19,43,0,62,24,0,24,86
01/04/2005,LYH,VA,AEA,EN,Federal Contract Tower,0,19,25,0,44,0,0,33,0,33,0,19,58,0,77,6,0,6,83
01/05/2005,LYH,VA,AEA,EN,Federal Contract Tower,0,27,29,0,56,0,0,16,0,16,0,27,45,0,72,56,0,56,128
01/06/2005,LYH,VA,AEA,EN,Federal Contract Tower,0,22,21,0,43,0,0,4,0,4,0,22,25,0,47,0,0,0,47
01/07/2005,LYH,VA,AEA,EN,Federal Contract Tower,0,21,13,3,37,0,0,42,1,43,0,21,55,4,80,50,12,62,142
01/08/2005,LYH,VA,AEA,EN,Federal Contract Tower,2,10,10,0,22,0,0,6,0,6,2,10,16,0,28,10,0,10,38
01/09/2005,LYH,VA,AEA,EN,Federal Contract Tower,2,13,11,2,28,0,0,61,0,61,2,13,72,2,89,82,20,102,191
01/10/2005,LYH,VA,AEA,EN,Federal Contract Tower,0,24,15,0,39,0,0,71,4,75,0,24,86,4,114,72,0,72,186
01/11/2005,LYH,VA,AEA,EN,Federal Contract Tower,0,27,15,0,42,0,0,38,0,38,0,27,53,0,80,52,0,52,132
01/12/2005,LYH,VA,AEA,EN,Federal Contract Tower,0,26,16,0,42,0,0,31,0,31,0,26,47,0,73,42,0,42,115
01/13/2005,LYH,VA,AEA,EN,Federal Contract Tower,0,6,5,0,11,0,11,11,0,22,0,17,16,0,33,10,0,10,43
01/14/2005,LYH,VA,AEA,EN,Federal Contract Tower,0,24,4,0,28,0,0,0,0,0,0,24,4,0,28,30,0,30,58
01/15/2005,LYH,VA,AEA,EN,Federal Contract Tower,0,12,16,0,28,0,0,75,18,93,0,12,91,18,121,114,0,114,235
01/16/2005,LYH,VA,AEA,EN,Federal Contract Tower,0,14,11,0,25,0,0,40,8,48,0,14,51,8,73,76,0,76,149
01/17/2005,LYH,VA,AEA,EN,Federal Contract Tower,0,27,11,0,38,0,0,27,0,27,0,27,38,0,65,16,0,16,81
01/18/2005,LYH,VA,AEA,EN,Federal Contract Tower,0,24,21,0,45,0,0,41,0,41,0,24,62,0,86,24,0,24,110
01/19/2005,LYH,VA,AEA,EN,Federal Contract Tower,0,1,0,0,1,0,21,28,0,49,0,22,28,0,50,20,0,20,70
01/20/2005,LYH,VA,AEA,EN,Federal Contract Tower,0,4,1,0,5,0,18,46,0,64,0,22,47,0,69,100,0,100,169
01/21/2005,LYH,VA,AEA,EN,Federal Contract Tower,2,25,21,0,48,0,0,22,0,22,2,25,43,0,70,20,0,20,90
01/22/2005,LYH,VA,AEA,EN,Federal Contract Tower,0,7,0,0,7,0,0,3,0,3,0,7,3,0,10,20,0,20,30
01/23/2005,LYH,VA,AEA,EN,Federal Contract Tower,2,12,4,0,18,0,0,2,4,6,2,12,6,4,24,0,0,0,24
01/24/2005,LYH,VA,AEA,EN,Federal Contract Tower,0,23,10,0,33,0,0,13,0,13,0,23,23,0,46,12,0,12,58
01/25/2005,LYH,VA,AEA,EN,Federal Contract Tower,0,33,18,1,52,0,0,27,1,28,0,33,45,2,80,26,0,26,106
01/26/2005,LYH,VA,AEA,EN,Federal Contract Tower,0,30,34,3,67,0,0,54,1,55,0,30,88,4,122,60,0,60,182
01/27/2005,LYH,VA,AEA,EN,Federal Contract Tower,0,20,25,0,45,0,0,45,4,49,0,20,70,4,94,90,0,90,184
01/28/2005,LYH,VA,AEA,EN,Federal Contract Tower,2,23,25,2,52,0,0,44,2,46,2,23,69,4,98,114,6,120,218
01/29/2005,LYH,VA,AEA,EN,Federal Contract Tower,0,9,7,0,16,0,0,22,0,22,0,9,29,0,38,30,0,30,68
01/30/2005,LYH,VA,AEA,EN,Federal Contract Tower,0,8,3,0,11,0,1,1,0,2,0,9,4,0,13,0,0,0,13
01/31/2005,LYH,VA,AEA,EN,Federal Contract Tower,0,15,30,0,45,0,0,70,0,70,0,15,100,0,115,160,0,160,275
02/01/2005,LYH,VA,AEA,EN,Federal Contract Tower,0,22,23,0,45,0,0,77,2,79,0,22,100,2,124,150,2,152,276
02/02/2005,LYH,VA,AEA,EN,Federal Contract Tower,2,21,29,0,52,0,0,79,0,79,2,21,108,0,131,180,0,180,311
02/03/2005,LYH,VA,AEA,EN,Federal Contract Tower,0,24,14,0,38,0,0,1,0,1,0,24,15,0,39,0,0,0,39
02/04/2005,LYH,VA,AEA,EN,Federal Contract Tower,0,20,19,2,41,0,0,39,1,40,0,20,58,3,81,84,0,84,165
02/05/2005,LYH,VA,AEA,EN,Federal Contract Tower,0,13,16,0,29,0,0,90,2,92,0,13,106,2,121,80,0,80,201
02/06/2005,LYH,VA,AEA,EN,Federal Contract Tower,2,11,24,0,37,0,0,79,0,79,2,11,103,0,116,72,0,72,188
02/07/2005,LYH,VA,AEA,EN,Federal Contract Tower,0,22,28,0,50,0,0,75,0,75,0,22,103,0,125,220,0,220,345
02/08/2005,LYH,VA,AEA,EN,Federal Contract Tower,0,25,28,0,53,0,0,37,0,37,0,25,65,0,90,102,0,102,192
02/09/2005,LYH,VA,AEA,EN,Federal Contract Tower,0,21,25,0,46,0,0,60,0,60,0,21,85,0,106,200,0,200,306
02/10/2005,LYH,VA,AEA,EN,Federal Contract Tower,0,21,18,0,39,0,0,12,0,12,0,21,30,0,51,24,0,24,75
02/11/2005,LYH,VA,AEA,EN,Federal Contract Tower,0,21,24,2,47,0,0,51,3,54,0,21,75,5,101,88,0,88,189
02/12/2005,LYH,VA,AEA,EN,Federal Contract Tower,0,9,16,0,25,0,0,25,0,25,0,9,41,0,50,40,0,40,90
02/13/2005,LYH,VA,AEA,EN,Federal Contract Tower,0,15,23,0,38,0,0,52,0,52,0,15,75,0,90,42,0,42,132
02/14/2005,LYH,VA,AEA,EN,Federal Contract Tower,4,23,30,2,59,0,0,0,0,0,4,23,30,2,59,0,2,2,61
02/15/2005,LYH,VA,AEA,EN,Federal Contract Tower,2,21,30,0,53,0,0,66,2,68,2,21,96,2,121,160,6,166,287
02/16/2005,LYH,VA,AEA,EN,Federal Contract Tower,0,23,48,0,71,0,0,57,0,57,0,23,105,0,128,76,0,76,204
02/17/2005,LYH,VA,AEA,EN,Federal Contract Tower,0,26,20,0,46,0,0,34,0,34,0,26,54,0,80,22,0,22,102
02/18/2005,LYH,VA,AEA,EN,Federal Contract Tower,0,18,11,0,29,0,0,43,0,43,0,18,54,0,72,34,0,34,106
02/19/2005,LYH,VA,AEA,EN,Federal Contract Tower,0,13,27,0,40,0,0,158,0,158,0,13,185,0,198,88,0,88,286
02/20/2005,LYH,VA,AEA,EN,Federal Contract Tower,0,13,4,0,17,0,0,15,2,17,0,13,19,2,34,40,0,40,74
02/21/2005,LYH,VA,AEA,EN,Federal Contract Tower,2,15,27,0,44,0,0,28,2,30,2,15,55,2,74,94,0,94,168
02/22/2005,LYH,VA,AEA,EN,Federal Contract Tower,2,25,28,0,55,0,0,54,0,54,2,25,82,0,109,180,0,180,289
02/23/2005,LYH,VA,AEA,EN,Federal Contract Tower,0,27,25,0,52,0,0,120,0,120,0,27,145,0,172,200,0,200,372
02/24/2005,LYH,VA,AEA,EN,Federal Contract Tower,0,18,1,0,19,0,0,0,0,0,0,18,1,0,19,0,0,0,19
02/25/2005,LYH,VA,AEA,EN,Federal Contract Tower,0,26,29,8,63,0,0,41,4,45,0,26,70,12,108,60,6,66,174
02/26/2005,LYH,VA,AEA,EN,Federal Contract Tower,0,13,26,5,44,0,0,98,3,101,0,13,124,8,145,110,8,118,263
02/27/2005,LYH,VA,AEA,EN,Federal Contract Tower,2,18,26,0,46,0,0,34,0,34,2,18,60,0,80,70,0,70,150
02/28/2005,LYH,VA,AEA,EN,Federal Contract Tower,0,9,0,0,9,0,0,0,0,0,0,9,0,0,9,0,0,0,9
03/01/2005,LYH,VA,AEA,EN,Federal Contract Tower,0,24,9,0,33,0,0,11,0,11,0,24,20,0,44,0,6,6,50
03/02/2005,LYH,VA,AEA,EN,Federal Contract Tower,0,24,15,2,41,0,0,16,2,18,0,24,31,4,59,16,0,16,75
03/03/2005,LYH,VA,AEA,EN,Federal Contract Tower,0,22,20,3,45,0,0,64,1,65,0,22,84,4,110,122,18,140,250
03/04/2005,LYH,VA,AEA,EN,Federal Contract Tower,0,24,24,0,48,0,0,78,0,78,0,24,102,0,126,140,0,140,266
03/05/2005,LYH,VA,AEA,EN,Federal Contract Tower,0,10,2,0,12,0,0,0,0,0,0,10,2,0,12,0,0,0,12
03/06/2005,LYH,VA,AEA,EN,Federal Contract Tower,0,13,26,0,39,0,0,55,0,55,0,13,81,0,94,40,0,40,134
03/07/2005,LYH,VA,AEA,EN,Federal Contract Tower,0,20,35,0,55,0,0,28,3,31,0,20,63,3,86,118,2,120,206
03/08/2005,LYH,VA,AEA,EN,Federal Contract Tower,0,26,15,0,41,0,0,1,0,1,0,26,16,0,42,0,0,0,42
03/09/2005,LYH,VA,AEA,EN,Federal Contract Tower,0,17,43,2,62,0,0,74,0,74,0,17,117,2,136,98,0,98,234
03/10/2005,LYH,VA,AEA,EN,Federal Contract Tower,0,19,27,0,46,0,0,40,2,42,0,19,67,2,88,80,0,80,168
03/11/2005,LYH,VA,AEA,EN,Federal Contract Tower,0,21,15,0,36,0,0,20,2,22,0,21,35,2,58,10,0,10,68
03/12/2005,LYH,VA,AEA,EN,Federal Contract Tower,0,12,6,0,18,0,0,8,0,8,0,12,14,0,26,0,0,0,26
03/13/2005,LYH,VA,AEA,EN,Federal Contract Tower,0,15,17,2,34,0,0,44,0,44,0,15,61,2,78,24,0,24,102
03/14/2005,LYH,VA,AEA,EN,Federal Contract Tower,0,20,23,3,46,0,0,21,0,21,0,20,44,3,67,52,4,56,123
03/15/2005,LYH,VA,AEA,EN,Federal Contract Tower,2,22,35,2,61,0,0,84,2,86,2,22,119,4,147,90,0,90,237
03/16/2005,LYH,VA,AEA,EN,Federal Contract Tower,0,16,12,0,28,0,0,5,0,5,0,16,17,0,33,30,0,30,63
03/17/2005,LYH,VA,AEA,EN,Federal Contract Tower,0,21,6,0,27,0,0,7,0,7,0,21,13,0,34,0,0,0,34
03/18/2005,LYH,VA,AEA,EN,Federal Contract Tower,0,22,33,0,55,0,0,59,8,67,0,22,92,8,122,80,0,80,202
03/19/2005,LYH,VA,AEA,EN,Federal Contract Tower,0,13,17,4,34,0,0,60,10,70,0,13,77,14,104,30,0,30,134
03/20/2005,LYH,VA,AEA,EN,Federal Contract Tower,0,18,15,0,33,0,0,40,0,40,0,18,55,0,73,16,0,16,89
03/21/2005,LYH,VA,AEA,EN,Federal Contract Tower,2,22,23,3,50,0,0,87,3,90,2,22,110,6,140,162,6,168,308
03/22/2005,LYH,VA,AEA,EN,Federal Contract Tower,0,27,16,0,43,0,0,78,0,78,0,27,94,0,121,202,0,202,323
03/23/2005,LYH,VA,AEA,EN,Federal Contract Tower,0,20,12,0,32,0,0,8,0,8,0,20,20,0,40,22,0,22,62
03/24/2005,LYH,VA,AEA,EN,Federal Contract Tower,0,25,33,0,58,0,0,60,0,60,0,25,93,0,118,140,0,140,258
03/25/2005,LYH,VA,AEA,EN,Federal Contract Tower,0,21,27,2,50,0,0,0,0,0,0,21,27,2,50,0,0,0,50
03/26/2005,LYH,VA,AEA,EN,Federal Contract Tower,0,0,0,0,0,0,14,19,2,35,0,14,19,2,35,0,0,0,35
03/27/2005,LYH,VA,AEA,EN,Federal Contract Tower,0,15,4,0,19,0,0,0,0,0,0,15,4,0,19,0,0,0,19
03/28/2005,LYH,VA,AEA,EN,Federal Contract Tower,0,25,12,0,37,0,0,2,0,2,0,25,14,0,39,0,0,0,39
03/29/2005,LYH,VA,AEA,EN,Federal Contract Tower,0,23,37,4,64,0,0,75,14,89,0,23,112,18,153,98,0,98,251
03/30/2005,LYH,VA,AEA,EN,Federal Contract Tower,0,26,34,0,60,0,0,107,0,107,0,26,141,0,167,286,0,286,453
03/31/2005,LYH,VA,AEA,EN,Federal Contract Tower,0,16,17,0,33,0,0,11,0,11,0,16,28,0,44,42,0,42,86
04/01/2005,LYH,VA,AEA,EN,Federal Contract Tower,0,17,20,0,37,0,0,43,0,43,0,17,63,0,80,248,0,248,328
04/02/2005,LYH,VA,AEA,EN,Federal Contract Tower,2,9,10,0,21,0,0,7,0,7,2,9,17,0,28,20,0,20,48
04/03/2005,LYH,VA,AEA,EN,Federal Contract Tower,2,13,6,0,21,0,0,3,0,3,2,13,9,0,24,0,0,0,24
04/04/2005,LYH,VA,AEA,EN,Federal Contract Tower,0,21,26,4,51,0,0,52,1,53,0,21,78,5,104,60,0,60,164
04/05/2005,LYH,VA,AEA,EN,Federal Contract Tower,0,19,36,1,56,0,0,117,0,117,0,19,153,1,173,180,0,180,353
04/06/2005,LYH,VA,AEA,EN,Federal Contract Tower,0,22,21,2,45,0,3,110,0,113,0,25,131,2,158,240,0,240,398
04/07/2005,LYH,VA,AEA,EN,Federal Contract Tower,0,15,24,0,39,0,11,15,0,26,0,26,39,0,65,54,0,54,119
04/08/2005,LYH,VA,AEA,EN,Federal Contract Tower,0,19,24,0,43,0,0,4,0,4,0,19,28,0,47,14,0,14,61
04/09/2005,LYH,VA,AEA,EN,Federal Contract Tower,0,11,23,0,34,0,0,96,0,96,0,11,119,0,130,126,0,126,256
04/10/2005,LYH,VA,AEA,EN,Federal Contract Tower,0,13,29,0,42,0,0,108,0,108,0,13,137,0,150,186,0,186,336
04/11/2005,LYH,VA,AEA,EN,Federal Contract Tower,0,16,20,0,36,0,6,94,0,100,0,22,114,0,136,292,0,292,428
04/12/2005,LYH,VA,AEA,EN,Federal Contract Tower,0,19,13,2,34,0,2,27,2,31,0,21,40,4,65,48,0,48,113
04/13/2005,LYH,VA,AEA,EN,Federal Contract Tower,0,29,24,3,56,0,0,21,4,25,0,29,45,7,81,58,2,60,141
04/14/2005,LYH,VA,AEA,EN,Federal Contract Tower,0,26,25,9,60,0,0,67,6,73,0,26,92,15,133,132,14,146,279
04/15/2005,LYH,VA,AEA,EN,Federal Contract Tower,0,23,32,0,55,0,3,45,0,48,0,26,77,0,103,12,0,12,115
04/16/2005,LYH,VA,AEA,EN,Federal Contract Tower,0,15,16,2,33,0,0,53,0,53,0,15,69,2,86,88,0,88,174
04/17/2005,LYH,VA,AEA,EN,Federal Contract Tower,2,11,17,0,30,0,0,99,2,101,2,11,116,2,131,116,0,116,247
04/18/2005,LYH,VA,AEA,EN,Federal Contract Tower,0,23,31,0,54,0,1,119,0,120,0,24,150,0,174,284,0,284,458
04/19/2005,LYH,VA,AEA,EN,Federal Contract Tower,0,19,32,0,51,0,2,89,4,95,0,21,121,4,146,214,0,214,360
04/20/2005,LYH,VA,AEA,EN,Federal Contract Tower,0,21,29,0,50,0,3,88,0,91,0,24,117,0,141,262,0,262,403
04/21/2005,LYH,VA,AEA,EN,Federal Contract Tower,2,22,44,0,68,0,1,46,0,47,2,23,90,0,115,104,0,104,219
04/22/2005,LYH,VA,AEA,EN,Federal Contract Tower,2,21,11,0,34,0,0,2,0,2,2,21,13,0,36,0,0,0,36
04/23/2005,LYH,VA,AEA,EN,Federal Contract Tower,0,13,11,0,24,0,0,13,0,13,0,13,24,0,37,8,0,8,45
04/24/2005,LYH,VA,AEA,EN,Federal Contract Tower,0,13,11,0,24,0,0,19,0,19,0,13,30,0,43,24,0,24,67
04/25/2005,LYH,VA,AEA,EN,Federal Contract Tower,0,20,13,0,33,0,0,47,0,47,0,20,60,0,80,46,0,46,126
04/26/2005,LYH,VA,AEA,EN,Federal Contract Tower,0,21,15,2,38,0,0,36,0,36,0,21,51,2,74,64,0,64,138
04/27/2005,LYH,VA,AEA,EN,Federal Contract Tower,0,18,38,2,58,0,1,54,0,55,0,19,92,2,113,132,0,132,245
04/28/2005,LYH,VA,AEA,EN,Federal Contract Tower,0,19,25,1,45,0,0,72,1,73,0,19,97,2,118,138,0,138,256
04/29/2005,LYH,VA,AEA,EN,Federal Contract Tower,0,20,18,0,38,0,0,17,0,17,0,20,35,0,55,12,0,12,67
04/30/2005,LYH,VA,AEA,EN,Federal Contract Tower,0,10,14,0,24,0,0,17,0,17,0,10,31,0,41,6,0,6,47
05/01/2005,LYH,VA,AEA,EN,Federal Contract Tower,0,13,29,0,42,0,0,46,0,46,0,13,75,0,88,38,0,38,126
05/02/2005,LYH,VA,AEA,EN,Federal Contract Tower,0,19,23,0,42,0,0,46,0,46,0,19,69,0,88,122,0,122,210
05/03/2005,LYH,VA,AEA,EN,Federal Contract Tower,0,21,31,1,53,0,0,79,0,79,0,21,110,1,132,192,0,192,324
05/04/2005,LYH,VA,AEA,EN,Federal Contract Tower,0,21,44,6,71,0,0,128,6,134,0,21,172,12,205,306,2,308,513
05/05/2005,LYH,VA,AEA,EN,Federal Contract Tower,0,25,14,0,39,0,0,27,7,34,0,25,41,7,73,86,0,86,159
05/06/2005,LYH,VA,AEA,EN,Federal Contract Tower,0,27,19,1,47,0,0,41,0,41,0,27,60,1,88,74,0,74,162
05/07/2005,LYH,VA,AEA,EN,Federal Contract Tower,0,12,25,0,37,0,0,71,0,71,0,12,96,0,108,20,0,20,128
05/08/2005,LYH,VA,AEA,EN,Federal Contract Tower,0,17,8,0,25,0,0,71,0,71,0,17,79,0,96,56,0,56,152
05/09/2005,LYH,VA,AEA,EN,Federal Contract Tower,0,27,13,0,40,0,0,96,0,96,0,27,109,0,136,116,0,116,252
05/10/2005,LYH,VA,AEA,EN,Federal Contract Tower,0,24,24,2,50,0,0,64,0,64,0,24,88,2,114,122,0,122,236
05/11/2005,LYH,VA,AEA,EN,Federal Contract Tower,0,26,30,0,56,0,0,58,0,58,0,26,88,0,114,138,0,138,252
05/12/2005,LYH,VA,AEA,EN,Federal Contract Tower,0,18,41,0,59,0,5,35,5,45,0,23,76,5,104,56,0,56,160
05/13/2005,LYH,VA,AEA,EN,Federal Contract Tower,0,20,27,0,47,0,0,53,0,53,0,20,80,0,100,88,0,88,188
05/14/2005,LYH,VA,AEA,EN,Federal Contract Tower,0,9,25,0,34,0,0,6,0,6,0,9,31,0,40,6,0,6,46
05/15/2005,LYH,VA,AEA,EN,Federal Contract Tower,0,16,26,0,42,0,0,10,3,13,0,16,36,3,55,10,0,10,65
05/16/2005,LYH,VA,AEA,EN,Federal Contract Tower,0,19,41,2,62,0,0,97,0,97,0,19,138,2,159,132,10,142,301
05/17/2005,LYH,VA,AEA,EN,Federal Contract Tower,0,22,35,4,61,0,0,84,0,84,0,22,119,4,145,90,0,90,235
05/18/2005,LYH,VA,AEA,EN,Federal Contract Tower,0,19,30,2,51,0,0,59,0,59,0,19,89,2,110,106,0,106,216
05/19/2005,LYH,VA,AEA,EN,Federal Contract Tower,0,25,21,0,46,0,0,0,0,0,0,25,21,0,46,0,0,0,46
05/20/2005,LYH,VA,AEA,EN,Federal Contract Tower,0,21,20,0,41,0,0,15,0,15,0,21,35,0,56,16,0,16,72
05/21/2005,LYH,VA,AEA,EN,Federal Contract Tower,0,11,27,2,40,0,0,65,0,65,0,11,92,2,105,50,0,50,155
05/22/2005,LYH,VA,AEA,EN,Federal Contract Tower,0,20,22,0,42,0,0,54,0,54,0,20,76,0,96,48,0,48,144
05/23/2005,LYH,VA,AEA,EN,Federal Contract Tower,0,22,24,0,46,0,0,33,0,33,0,22,57,0,79,64,0,64,143
05/24/2005,LYH,VA,AEA,EN,Federal Contract Tower,0,20,20,0,40,0,0,37,0,37,0,20,57,0,77,44,0,44,121
05/25/2005,LYH,VA,AEA,EN,Federal Contract Tower,0,24,30,0,54,0,0,36,0,36,0,24,66,0,90,66,0,66,156
05/26/2005,LYH,VA,AEA,EN,Federal Contract Tower,0,22,41,0,63,0,0,74,2,76,0,22,115,2,139,72,0,72,211
05/27/2005,LYH,VA,AEA,EN,Federal Contract Tower,0,21,25,0,46,0,0,57,0,57,0,21,82,0,103,112,0,112,215
05/28/2005,LYH,VA,AEA,EN,Federal Contract Tower,0,9,14,0,23,0,0,39,0,39,0,9,53,0,62,34,0,34,96
05/29/2005,LYH,VA,AEA,EN,Federal Contract Tower,0,17,19,0,36,0,0,34,0,34,0,17,53,0,70,16,0,16,86
05/30/2005,LYH,VA,AEA,EN,Federal Contract Tower,0,19,11,0,30,0,0,40,0,40,0,19,51,0,70,68,0,68,138
05/31/2005,LYH,VA,AEA,EN,Federal Contract Tower,0,26,18,0,44,0,0,36,2,38,0,26,54,2,82,16,0,16,98
06/01/2005,LYH,VA,AEA,EN,Federal Contract Tower,0,21,18,0,39,0,0,33,0,33,0,21,51,0,72,30,0,30,102
06/02/2005,LYH,VA,AEA,EN,Federal Contract Tower,0,20,18,0,38,0,0,0,0,0,0,20,18,0,38,0,0,0,38
06/03/2005,LYH,VA,AEA,EN,Federal Contract Tower,0,23,22,6,51,0,0,7,2,9,0,23,29,8,60,34,2,36,96
06/04/2005,LYH,VA,AEA,EN,Federal Contract Tower,0,11,30,0,41,0,0,27,0,27,0,11,57,0,68,32,0,32,100
06/05/2005,LYH,VA,AEA,EN,Federal Contract Tower,0,17,18,0,35,0,0,92,0,92,0,17,110,0,127,54,0,54,181
06/06/2005,LYH,VA,AEA,EN,Federal Contract Tower,0,27,22,2,51,0,0,39,3,42,0,27,61,5,93,60,0,60,153
06/07/2005,LYH,VA,AEA,EN,Federal Contract Tower,0,28,21,0,49,0,0,69,0,69,0,28,90,0,118,90,0,90,208
06/08/2005,LYH,VA,AEA,EN,Federal Contract Tower,0,22,39,4,65,0,0,48,0,48,0,22,87,4,113,56,0,56,169
06/09/2005,LYH,VA,AEA,EN,Federal Contract Tower,0,23,33,0,56,0,0,16,0,16,0,23,49,0,72,24,0,24,96
06/10/2005,LYH,VA,AEA,EN,Federal Contract Tower,0,22,32,4,58,0,0,20,1,21,0,22,52,5,79,34,0,34,113
06/11/2005,LYH,VA,AEA,EN,Federal Contract Tower,0,12,24,2,38,0,0,49,6,55,0,12,73,8,93,60,0,60,153
06/12/2005,LYH,VA,AEA,EN,Federal Contract Tower,0,19,28,0,47,0,0,28,0,28,0,19,56,0,75,10,0,10,85
06/13/2005,LYH,VA,AEA,EN,Federal Contract Tower,0,23,35,0,58,0,0,30,2,32,0,23,65,2,90,10,0,10,100
06/14/2005,LYH,VA,AEA,EN,Federal Contract Tower,0,23,23,0,46,0,0,53,2,55,0,23,76,2,101,58,6,64,165
06/15/2005,LYH,VA,AEA,EN,Federal Contract Tower,0,32,33,0,65,0,0,66,0,66,0,32,99,0,131,36,0,36,167
06/16/2005,LYH,VA,AEA,EN,Federal Contract Tower,0,24,20,2,46,0,0,30,0,30,0,24,50,2,76,30,0,30,106
06/17/2005,LYH,VA,AEA,EN,Federal Contract Tower,0,20,22,1,43,0,0,48,0,48,0,20,70,1,91,76,2,78,169
06/18/2005,LYH,VA,AEA,EN,Federal Contract Tower,0,13,26,0,39,0,0,49,0,49,0,13,75,0,88,24,0,24,112
06/19/2005,LYH,VA,AEA,EN,Federal Contract Tower,0,13,16,0,29,0,0,20,0,20,0,13,36,0,49,10,0,10,59
06/20/2005,LYH,VA,AEA,EN,Federal Contract Tower,0,19,25,0,44,0,0,37,0,37,0,19,62,0,81,20,0,20,101
06/21/2005,LYH,VA,AEA,EN,Federal Contract Tower,0,27,22,0,49,0,0,63,0,63,0,27,85,0,112,84,0,84,196
06/22/2005,LYH,VA,AEA,EN,Federal Contract Tower,0,22,25,0,47,0,0,52,0,52,0,22,77,0,99,86,0,86,185
06/23/2005,LYH,VA,AEA,EN,Federal Contract Tower,0,20,36,0,56,0,0,68,2,70,0,20,104,2,126,112,2,114,240
06/24/2005,LYH,VA,AEA,EN,Federal Contract Tower,0,19,40,0,59,0,0,56,2,58,0,19,96,2,117,42,0,42,159
06/25/2005,LYH,VA,AEA,EN,Federal Contract Tower,0,9,32,0,41,0,0,52,0,52,0,9,84,0,93,34,0,34,127
06/26/2005,LYH,VA,AEA,EN,Federal Contract Tower,0,16,41,1,58,0,0,50,0,50,0,16,91,1,108,0,2,2,110
06/27/2005,LYH,VA,AEA,EN,Federal Contract Tower,0,27,36,0,63,0,0,47,0,47,0,27,83,0,110,28,0,28,138
06/28/2005,LYH,VA,AEA,EN,Federal Contract Tower,0,20,23,0,43,0,0,39,0,39,0,20,62,0,82,104,0,104,186
06/29/2005,LYH,VA,AEA,EN,Federal Contract Tower,0,20,43,0,63,0,0,22,0,22,0,20,65,0,85,40,0,40,125
06/30/2005,LYH,VA,AEA,EN,Federal Contract Tower,0,23,26,0,49,0,0,70,0,70,0,23,96,0,119,98,0,98,217
07/01/2005,LYH,VA,AEA,EN,Federal Contract Tower,0,20,28,0,48,0,0,37,0,37,0,20,65,0,85,24,0,24,109
07/02/2005,LYH,VA,AEA,EN,Federal Contract Tower,0,13,26,0,39,0,0,49,0,49,0,13,75,0,88,14,0,14,102
07/03/2005,LYH,VA,AEA,EN,Federal Contract Tower,0,11,18,0,29,0,1,12,0,13,0,12,30,0,42,0,0,0,42
07/04/2005,LYH,VA,AEA,EN,Federal Contract Tower,0,17,10,2,29,0,0,11,2,13,0,17,21,4,42,12,0,12,54
07/05/2005,LYH,VA,AEA,EN,Federal Contract Tower,0,20,26,0,46,0,0,34,0,34,0,20,60,0,80,72,0,72,152
07/06/2005,LYH,VA,AEA,EN,Federal Contract Tower,0,23,31,0,54,0,0,52,4,56,0,23,83,4,110,60,0,60,170
07/07/2005,LYH,VA,AEA,EN,Federal Contract Tower,0,20,20,0,40,0,0,0,3,3,0,20,20,3,43,0,0,0,43
07/08/2005,LYH,VA,AEA,EN,Federal Contract Tower,0,22,19,18,59,0,0,45,0,45,0,22,64,18,104,0,0,0,104
07/09/2005,LYH,VA,AEA,EN,Federal Contract Tower,0,9,17,2,28,0,0,53,0,53,0,9,70,2,81,24,0,24,105
07/10/2005,LYH,VA,AEA,EN,Federal Contract Tower,0,16,12,0,28,0,0,29,4,33,0,16,41,4,61,4,0,4,65
07/11/2005,LYH,VA,AEA,EN,Federal Contract Tower,0,18,23,0,41,0,0,52,0,52,0,18,75,0,93,82,0,82,175
07/12/2005,LYH,VA,AEA,EN,Federal Contract Tower,0,20,15,0,35,0,0,13,2,15,0,20,28,2,50,38,0,38,88
07/13/2005,LYH,VA,AEA,EN,Federal Contract Tower,0,23,30,0,53,0,0,35,1,36,0,23,65,1,89,56,0,56,145
07/14/2005,LYH,VA,AEA,EN,Federal Contract Tower,0,19,15,0,34,0,0,4,0,4,0,19,19,0,38,10,0,10,48
07/15/2005,LYH,VA,AEA,EN,Federal Contract Tower,0,24,18,0,42,0,0,7,1,8,0,24,25,1,50,6,0,6,56
07/16/2005,LYH,VA,AEA,EN,Federal Contract Tower,0,13,18,0,31,0,0,16,1,17,0,13,34,1,48,12,0,12,60
07/17/2005,LYH,VA,AEA,EN,Federal Contract Tower,0,12,27,0,39,0,0,15,0,15,0,12,42,0,54,18,0,18,72
07/18/2005,LYH,VA,AEA,EN,Federal Contract Tower,0,20,23,0,43,0,0,57,0,57,0,20,80,0,100,78,0,78,178
07/19/2005,LYH,VA,AEA,EN,Federal Contract Tower,0,24,16,0,40,0,0,44,0,44,0,24,60,0,84,62,0,62,146
07/20/2005,LYH,VA,AEA,EN,Federal Contract Tower,0,30,22,2,54,0,0,80,0,80,0,30,102,2,134,88,6,94,228
07/21/2005,LYH,VA,AEA,EN,Federal Contract Tower,0,18,31,2,51,0,0,40,0,40,0,18,71,2,91,40,0,40,131
07/22/2005,LYH,VA,AEA,EN,Federal Contract Tower,0,18,38,0,56,0,0,32,0,32,0,18,70,0,88,10,0,10,98
07/23/2005,LYH,VA,AEA,EN,Federal Contract Tower,0,13,33,0,46,0,0,63,3,66,0,13,96,3,112,28,0,28,140
07/24/2005,LYH,VA,AEA,EN,Federal Contract Tower,0,19,10,2,31,0,0,49,0,49,0,19,59,2,80,66,2,68,148
07/25/2005,LYH,VA,AEA,EN,Federal Contract Tower,0,22,26,0,48,0,0,27,2,29,0,22,53,2,77,24,0,24,101
07/26/2005,LYH,VA,AEA,EN,Federal Contract Tower,0,26,22,2,50,0,0,50,2,52,0,26,72,4,102,4,8,12,114
07/27/2005,LYH,VA,AEA,EN,Federal Contract Tower,0,26,49,0,75,0,0,27,0,27,0,26,76,0,102,14,0,14,116
07/28/2005,LYH,VA,AEA,EN,Federal Contract Tower,0,23,35,0,58,0,0,27,4,31,0,23,62,4,89,20,0,20,109
07/29/2005,LYH,VA,AEA,EN,Federal Contract Tower,0,21,21,0,42,0,0,7,2,9,0,21,28,2,51,0,0,0,51
07/30/2005,LYH,VA,AEA,EN,Federal Contract Tower,0,8,17,0,25,0,0,7,0,7,0,8,24,0,32,0,0,0,32
07/31/2005,LYH,VA,AEA,EN,Federal Contract Tower,0,15,30,0,45,0,0,15,2,17,0,15,45,2,62,62,0,62,124
08/01/2005,LYH,VA,AEA,EN,Federal Contract Tower,0,22,20,2,44,0,0,45,0,45,0,22,65,2,89,42,0,42,131
08/02/2005,LYH,VA,AEA,EN,Federal Contract Tower,0,20,38,5,63,0,0,70,0,70,0,20,108,5,133,44,4,48,181
08/03/2005,LYH,VA,AEA,EN,Federal Contract Tower,0,23,32,2,57,0,0,74,0,74,0,23,106,2,131,72,0,72,203
08/04/2005,LYH,VA,AEA,EN,Federal Contract Tower,0,18,25,4,47,0,0,55,0,55,0,18,80,4,102,66,0,66,168
08/05/2005,LYH,VA,AEA,EN,Federal Contract Tower,0,21,20,0,41,0,0,31,0,31,0,21,51,0,72,36,0,36,108
08/06/2005,LYH,VA,AEA,EN,Federal Contract Tower,0,10,20,0,30,0,0,23,0,23,0,10,43,0,53,44,0,44,97
08/07/2005,LYH,VA,AEA,EN,Federal Contract Tower,0,12,25,0,37,0,0,27,0,27,0,12,52,0,64,36,0,36,100
08/08/2005,LYH,VA,AEA,EN,Federal Contract Tower,0,27,22,0,49,0,0,33,0,33,0,27,55,0,82,12,2,14,96
08/09/2005,LYH,VA,AEA,EN,Federal Contract Tower,0,24,27,4,55,0,0,17,0,17,0,24,44,4,72,0,0,0,72
08/10/2005,LYH,VA,AEA,EN,Federal Contract Tower,0,21,33,8,62,0,0,36,0,36,0,21,69,8,98,36,4,40,138
08/11/2005,LYH,VA,AEA,EN,Federal Contract Tower,0,29,21,2,52,0,0,39,0,39,0,29,60,2,91,44,0,44,135
08/12/2005,LYH,VA,AEA,EN,Federal Contract Tower,0,20,31,4,55,0,0,49,1,50,0,20,80,5,105,30,4,34,139
08/13/2005,LYH,VA,AEA,EN,Federal Contract Tower,0,10,12,2,24,0,0,32,2,34,0,10,44,4,58,18,2,20,78
08/14/2005,LYH,VA,AEA,EN,Federal Contract Tower,0,16,12,4,32,0,0,40,0,40,0,16,52,4,72,16,2,18,90
08/15/2005,LYH,VA,AEA,EN,Federal Contract Tower,0,22,22,2,46,0,0,43,2,45,0,22,65,4,91,26,0,26,117
08/16/2005,LYH,VA,AEA,EN,Federal Contract Tower,0,21,19,0,40,0,0,22,0,22,0,21,41,0,62,14,0,14,76
08/17/2005,LYH,VA,AEA,EN,Federal Contract Tower,0,25,39,0,64,0,0,56,0,56,0,25,95,0,120,52,0,52,172
08/18/2005,LYH,VA,AEA,EN,Federal Contract Tower,0,25,27,0,52,0,0,29,1,30,0,25,56,1,82,24,0,24,106
08/19/2005,LYH,VA,AEA,EN,Federal Contract Tower,0,23,29,0,52,0,0,29,0,29,0,23,58,0,81,40,0,40,121
08/20/2005,LYH,VA,AEA,EN,Federal Contract Tower,0,10,14,0,24,0,0,50,0,50,0,10,64,0,74,50,0,50,124
08/21/2005,LYH,VA,AEA,EN,Federal Contract Tower,0,15,13,0,28,0,0,61,0,61,0,15,74,0,89,82,0,82,171
08/22/2005,LYH,VA,AEA,EN,Federal Contract Tower,0,23,21,2,46,0,0,56,2,58,0,23,77,4,104,36,0,36,140
08/23/2005,LYH,VA,AEA,EN,Federal Contract Tower,0,23,37,0,60,0,0,49,0,49,0,23,86,0,109,60,0,60,169
08/24/2005,LYH,VA,AEA,EN,Federal Contract Tower,0,20,13,0,33,0,0,40,1,41,0,20,53,1,74,84,0,84,158
08/25/2005,LYH,VA,AEA,EN,Federal Contract Tower,0,23,27,1,51,0,0,53,7,60,0,23,80,8,111,40,0,40,151
08/26/2005,LYH,VA,AEA,EN,Federal Contract Tower,0,19,32,1,52,0,0,38,1,39,0,19,70,2,91,62,0,62,153
08/27/2005,LYH,VA,AEA,EN,Federal Contract Tower,0,9,29,0,38,0,0,9,0,9,0,9,38,0,47,0,0,0,47
08/28/2005,LYH,VA,AEA,EN,Federal Contract Tower,0,15,15,0,30,0,0,25,0,25,0,15,40,0,55,12,0,12,67
08/29/2005,LYH,VA,AEA,EN,Federal Contract Tower,0,25,21,3,49,0,0,27,0,27,0,25,48,3,76,30,2,32,108
08/30/2005,LYH,VA,AEA,EN,Federal Contract Tower,0,24,16,0,40,0,0,6,0,6,0,24,22,0,46,0,0,0,46
08/31/2005,LYH,VA,AEA,EN,Federal Contract Tower,0,26,26,0,52,0,0,34,2,36,0,26,60,2,88,20,0,20,108
09/01/2005,LYH,VA,AEA,EN,Federal Contract Tower,0,28,33,0,61,0,0,113,2,115,0,28,146,2,176,42,0,42,218
09/02/2005,LYH,VA,AEA,EN,Federal Contract Tower,0,21,28,0,49,0,0,86,0,86,0,21,114,0,135,100,0,100,235
09/03/2005,LYH,VA,AEA,EN,Federal Contract Tower,0,11,13,0,24,0,0,67,0,67,0,11,80,0,91,50,0,50,141
09/04/2005,LYH,VA,AEA,EN,Federal Contract Tower,0,11,22,2,35,0,0,50,2,52,0,11,72,4,87,26,0,26,113
09/05/2005,LYH,VA,AEA,EN,Federal Contract Tower,0,14,12,0,26,0,0,87,0,87,0,14,99,0,113,68,0,68,181
09/06/2005,LYH,VA,AEA,EN,Federal Contract Tower,0,22,12,0,34,0,0,41,4,45,0,22,53,4,79,40,0,40,119
09/07/2005,LYH,VA,AEA,EN,Federal Contract Tower,0,19,21,0,40,0,0,91,0,91,0,19,112,0,131,98,0,98,229
09/08/2005,LYH,VA,AEA,EN,Federal Contract Tower,0,21,22,0,43,0,0,85,0,85,0,21,107,0,128,130,0,130,258
09/09/2005,LYH,VA,AEA,EN,Federal Contract Tower,0,23,39,1,63,0,0,55,3,58,0,23,94,4,121,70,0,70,191
09/10/2005,LYH,VA,AEA,EN,Federal Contract Tower,0,16,22,0,38,0,0,181,0,181,0,16,203,0,219,80,0,80,299
09/11/2005,LYH,VA,AEA,EN,Federal Contract Tower,0,15,13,3,31,0,0,117,2,119,0,15,130,5,150,48,0,48,198
09/12/2005,LYH,VA,AEA,EN,Federal Contract Tower,0,24,17,2,43,0,0,84,3,87,0,24,101,5,130,100,0,100,230
09/13/2005,LYH,VA,AEA,EN,Federal Contract Tower,0,21,38,0,59,0,0,63,8,71,0,21,101,8,130,78,0,78,208
09/14/2005,LYH,VA,AEA,EN,Federal Contract Tower,0,28,30,0,58,0,0,50,0,50,0,28,80,0,108,120,0,120,228
09/15/2005,LYH,VA,AEA,EN,Federal Contract Tower,0,16,24,0,40,0,7,71,6,84,0,23,95,6,124,66,0,66,190
09/16/2005,LYH,VA,AEA,EN,Federal Contract Tower,0,23,29,4,56,0,0,64,1,65,0,23,93,5,121,76,10,86,207
09/17/2005,LYH,VA,AEA,EN,Federal Contract Tower,0,16,15,0,31,0,0,90,1,91,0,16,105,1,122,46,0,46,168
09/18/2005,LYH,VA,AEA,EN,Federal Contract Tower,0,18,22,0,40,0,0,50,1,51,0,18,72,1,91,28,0,28,119
09/19/2005,LYH,VA,AEA,EN,Federal Contract Tower,0,24,24,0,48,0,0,49,0,49,0,24,73,0,97,52,0,52,149
09/20/2005,LYH,VA,AEA,EN,Federal Contract Tower,0,25,24,6,55,0,0,59,0,59,0,25,83,6,114,90,0,90,204
09/21/2005,LYH,VA,AEA,EN,Federal Contract Tower,0,18,40,1,59,0,0,80,5,85,0,18,120,6,144,102,0,102,246
09/22/2005,LYH,VA,AEA,EN,Federal Contract Tower,0,26,40,0,66,0,2,66,6,74,0,28,106,6,140,102,0,102,242
09/23/2005,LYH,VA,AEA,EN,Federal Contract Tower,0,18,28,0,46,0,0,70,6,76,0,18,98,6,122,84,0,84,206
09/24/2005,LYH,VA,AEA,EN,Federal Contract Tower,0,19,21,0,40,0,0,32,1,33,0,19,53,1,73,84,0,84,157
09/25/2005,LYH,VA,AEA,EN,Federal Contract Tower,0,12,25,0,37,0,0,13,4,17,0,12,38,4,54,30,0,30,84
09/26/2005,LYH,VA,AEA,EN,Federal Contract Tower,0,26,13,0,39,0,0,20,0,20,0,26,33,0,59,48,0,48,107
09/27/2005,LYH,VA,AEA,EN,Federal Contract Tower,0,23,34,2,59,0,0,102,1,103,0,23,136,3,162,126,0,126,288
09/28/2005,LYH,VA,AEA,EN,Federal Contract Tower,0,19,28,0,47,0,0,122,0,122,0,19,150,0,169,170,0,170,339
09/29/2005,LYH,VA,AEA,EN,Federal Contract Tower,0,21,19,2,42,0,0,43,4,47,0,21,62,6,89,124,0,124,213
09/30/2005,LYH,VA,AEA,EN,Federal Contract Tower,0,24,31,1,56,0,3,116,0,119,0,27,147,1,175,154,0,154,329
10/01/2005,LYH,VA,AEA,EN,Federal Contract Tower,0,11,19,0,30,0,0,82,0,82,0,11,101,0,112,72,0,72,184
10/02/2005,LYH,VA,AEA,EN,Federal Contract Tower,0,18,30,0,48,0,0,57,0,57,0,18,87,0,105,60,0,60,165
10/03/2005,LYH,VA,AEA,EN,Federal Contract Tower,0,20,38,3,61,0,0,88,1,89,0,20,126,4,150,194,14,208,358
10/04/2005,LYH,VA,AEA,EN,Federal Contract Tower,0,26,33,0,59,0,0,64,0,64,0,26,97,0,123,136,0,136,259
10/05/2005,LYH,VA,AEA,EN,Federal Contract Tower,0,25,45,4,74,0,0,0,0,0,0,25,45,4,74,0,0,0,74
10/06/2005,LYH,VA,AEA,EN,Federal Contract Tower,0,24,24,0,48,0,0,9,0,9,0,24,33,0,57,24,0,24,81
10/07/2005,LYH,VA,AEA,EN,Federal Contract Tower,0,23,17,0,40,0,0,0,0,0,0,23,17,0,40,0,0,0,40
10/08/2005,LYH,VA,AEA,EN,Federal Contract Tower,0,15,10,0,25,0,0,3,0,3,0,15,13,0,28,0,0,0,28
10/09/2005,LYH,VA,AEA,EN,Federal Contract Tower,0,14,29,2,45,0,0,3,0,3,0,14,32,2,48,28,0,28,76
10/10/2005,LYH,VA,AEA,EN,Federal Contract Tower,0,19,36,0,55,0,0,9,0,9,0,19,45,0,64,0,0,0,64
10/11/2005,LYH,VA,AEA,EN,Federal Contract Tower,0,17,37,0,54,0,0,10,0,10,0,17,47,0,64,6,0,6,70
10/12/2005,LYH,VA,AEA,EN,Federal Contract Tower,0,23,47,0,70,0,0,31,0,31,0,23,78,0,101,62,0,62,163
10/13/2005,LYH,VA,AEA,EN,Federal Contract Tower,0,20,41,18,79,0,0,81,2,83,0,20,122,20,162,188,34,222,384
10/14/2005,LYH,VA,AEA,EN,Federal Contract Tower,0,21,47,2,70,0,0,64,0,64,0,21,111,2,134,174,0,174,308
10/15/2005,LYH,VA,AEA,EN,Federal Contract Tower,0,14,22,2,38,0,0,56,10,66,0,14,78,12,104,34,0,34,138
10/16/2005,LYH,VA,AEA,EN,Federal Contract Tower,0,17,18,3,38,0,0,53,5,58,0,17,71,8,96,26,0,26,122
10/17/2005,LYH,VA,AEA,EN,Federal Contract Tower,0,18,52,0,70,0,1,80,2,83,0,19,132,2,153,138,0,138,291
10/18/2005,LYH,VA,AEA,EN,Federal Contract Tower,0,19,41,0,60,0,1,71,7,79,0,20,112,7,139,122,4,126,265
10/19/2005,LYH,VA,AEA,EN,Federal Contract Tower,0,26,52,0,78,0,0,75,0,75,0,26,127,0,153,136,0,136,289
10/20/2005,LYH,VA,AEA,EN,Federal Contract Tower,0,22,47,0,69,0,0,99,0,99,0,22,146,0,168,276,0,276,444
10/21/2005,LYH,VA,AEA,EN,Federal Contract Tower,0,20,25,6,51,0,0,0,0,0,0,20,25,6,51,0,0,0,51
10/22/2005,LYH,VA,AEA,EN,Federal Contract Tower,0,12,24,0,36,0,0,6,0,6,0,12,30,0,42,6,0,6,48
10/23/2005,LYH,VA,AEA,EN,Federal Contract Tower,0,14,34,0,48,0,0,79,2,81,0,14,113,2,129,102,0,102,231
10/24/2005,LYH,VA,AEA,EN,Federal Contract Tower,0,18,37,2,57,0,0,32,6,38,0,18,69,8,95,112,0,112,207
10/25/2005,LYH,VA,AEA,EN,Federal Contract Tower,0,23,11,0,34,0,0,60,0,60,0,23,71,0,94,78,0,78,172
10/26/2005,LYH,VA,AEA,EN,Federal Contract Tower,0,25,43,1,69,0,0,114,1,115,0,25,157,2,184,236,0,236,420
10/27/2005,LYH,VA,AEA,EN,Federal Contract Tower,0,25,25,0,50,0,0,121,6,127,0,25,146,6,177,102,0,102,279
10/28/2005,LYH,VA,AEA,EN,Federal Contract Tower,0,20,26,0,46,0,0,92,0,92,0,20,118,0,138,294,0,294,432
10/29/2005,LYH,VA,AEA,EN,Federal Contract Tower,0,13,22,0,35,0,0,97,0,97,0,13,119,0,132,162,0,162,294
10/30/2005,LYH,VA,AEA,EN,Federal Contract Tower,0,14,27,0,41,0,0,122,0,122,0,14,149,0,163,86,0,86,249
10/31/2005,LYH,VA,AEA,EN,Federal Contract Tower,0,21,41,0,62,0,0,85,0,85,0,21,126,0,147,172,0,172,319
11/01/2005,LYH,VA,AEA,EN,Federal Contract Tower,0,23,18,4,45,0,0,89,0,89,0,23,107,4,134,182,10,192,326
11/02/2005,LYH,VA,AEA,EN,Federal Contract Tower,0,28,40,0,68,0,0,83,0,83,0,28,123,0,151,174,0,174,325
11/03/2005,LYH,VA,AEA,EN,Federal Contract Tower,0,31,23,1,55,0,0,68,1,69,0,31,91,2,124,142,0,142,266
11/04/2005,LYH,VA,AEA,EN,Federal Contract Tower,0,26,41,0,67,0,0,82,0,82,0,26,123,0,149,130,0,130,279
11/05/2005,LYH,VA,AEA,EN,Federal Contract Tower,0,20,33,0,53,0,0,96,0,96,0,20,129,0,149,144,0,144,293
11/06/2005,LYH,VA,AEA,EN,Federal Contract Tower,0,13,13,1,27,0,0,17,1,18,0,13,30,2,45,8,0,8,53
11/07/2005,LYH,VA,AEA,EN,Federal Contract Tower,0,20,27,0,47,0,0,89,2,91,0,20,116,2,138,182,0,182,320
11/08/2005,LYH,VA,AEA,EN,Federal Contract Tower,0,20,24,0,44,0,0,90,2,92,0,20,114,2,136,140,0,140,276
11/09/2005,LYH,VA,AEA,EN,Federal Contract Tower,0,26,31,0,57,0,0,87,0,87,0,26,118,0,144,114,0,114,258
11/10/2005,LYH,VA,AEA,EN,Federal Contract Tower,0,19,21,0,40,0,0,35,6,41,0,19,56,6,81,18,0,18,99
11/11/2005,LYH,VA,AEA,EN,Federal Contract Tower,0,19,52,0,71,0,0,95,0,95,0,19,147,0,166,88,0,88,254
11/12/2005,LYH,VA,AEA,EN,Federal Contract Tower,0,11,21,0,32,0,0,96,0,96,0,11,117,0,128,36,0,36,164
11/13/2005,LYH,VA,AEA,EN,Federal Contract Tower,0,15,20,0,35,0,0,40,0,40,0,15,60,0,75,20,0,20,95
11/14/2005,LYH,VA,AEA,EN,Federal Contract Tower,0,30,29,0,59,0,0,59,0,59,0,30,88,0,118,140,0,140,258
11/15/2005,LYH,VA,AEA,EN,Federal Contract Tower,0,25,37,1,63,0,0,16,0,16,0,25,53,1,79,42,6,48,127
11/16/2005,LYH,VA,AEA,EN,Federal Contract Tower,0,24,17,1,42,0,0,15,1,16,0,24,32,2,58,4,0,4,62
11/17/2005,LYH,VA,AEA,EN,Federal Contract Tower,0,24,22,0,46,0,0,109,0,109,0,24,131,0,155,80,0,80,235
11/18/2005,LYH,VA,AEA,EN,Federal Contract Tower,0,18,28,1,47,0,0,80,1,81,0,18,108,2,128,164,12,176,304
11/19/2005,LYH,VA,AEA,EN,Federal Contract Tower,0,12,27,0,39,0,0,60,0,60,0,12,87,0,99,124,0,124,223
11/20/2005,LYH,VA,AEA,EN,Federal Contract Tower,0,16,21,5,42,0,0,87,1,88,0,16,108,6,130,84,0,84,214
11/21/2005,LYH,VA,AEA,EN,Federal Contract Tower,0,26,8,0,34,0,0,4,0,4,0,26,12,0,38,0,0,0,38
11/22/2005,LYH,VA,AEA,EN,Federal Contract Tower,0,23,16,0,39,0,0,8,0,8,0,23,24,0,47,6,0,6,53
11/23/2005,LYH,VA,AEA,EN,Federal Contract Tower,0,20,31,2,53,0,0,44,0,44,0,20,75,2,97,20,0,20,117
11/24/2005,LYH,VA,AEA,EN,Federal Contract Tower,0,10,3,0,13,0,0,1,0,1,0,10,4,0,14,0,0,0,14
11/25/2005,LYH,VA,AEA,EN,Federal Contract Tower,0,23,24,0,47,0,0,32,0,32,0,23,56,0,79,36,0,36,115
11/26/2005,LYH,VA,AEA,EN,Federal Contract Tower,0,12,16,0,28,0,0,32,0,32,0,12,48,0,60,12,0,12,72
11/27/2005,LYH,VA,AEA,EN,Federal Contract Tower,0,16,34,0,50,0,0,12,0,12,0,16,46,0,62,8,0,8,70
11/28/2005,LYH,VA,AEA,EN,Federal Contract Tower,0,33,14,0,47,0,0,0,0,0,0,33,14,0,47,0,0,0,47
11/29/2005,LYH,VA,AEA,EN,Federal Contract Tower,0,33,20,0,53,0,0,1,0,1,0,33,21,0,54,0,0,0,54
11/30/2005,LYH,VA,AEA,EN,Federal Contract Tower,0,26,60,0,86,0,0,86,0,86,0,26,146,0,172,124,0,124,296
12/01/2005,LYH,VA,AEA,EN,Federal Contract Tower,0,26,36,1,63,0,0,43,2,45,0,26,79,3,108,128,0,128,236
12/02/2005,LYH,VA,AEA,EN,Federal Contract Tower,0,22,14,3,39,0,0,18,4,22,0,22,32,7,61,20,2,22,83
12/03/2005,LYH,VA,AEA,EN,Federal Contract Tower,0,13,20,0,33,0,0,54,0,54,0,13,74,0,87,102,0,102,189
12/04/2005,LYH,VA,AEA,EN,Federal Contract Tower,0,21,17,1,39,0,0,23,1,24,0,21,40,2,63,42,0,42,105
12/05/2005,LYH,VA,AEA,EN,Federal Contract Tower,0,30,9,1,40,0,0,0,0,0,0,30,9,1,40,0,0,0,40
12/06/2005,LYH,VA,AEA,EN,Federal Contract Tower,0,24,23,1,48,0,1,33,0,34,0,25,56,1,82,46,0,46,128
12/07/2005,LYH,VA,AEA,EN,Federal Contract Tower,0,28,33,2,63,0,0,81,0,81,0,28,114,2,144,158,0,158,302
12/08/2005,LYH,VA,AEA,EN,Federal Contract Tower,0,23,23,0,46,0,0,55,0,55,0,23,78,0,101,118,0,118,219
12/09/2005,LYH,VA,AEA,EN,Federal Contract Tower,0,18,7,0,25,0,0,30,0,30,0,18,37,0,55,34,0,34,89
12/10/2005,LYH,VA,AEA,EN,Federal Contract Tower,0,12,34,0,46,0,0,60,0,60,0,12,94,0,106,32,0,32,138
12/11/2005,LYH,VA,AEA,EN,Federal Contract Tower,0,17,6,0,23,0,0,16,0,16,0,17,22,0,39,4,0,4,43
12/12/2005,LYH,VA,AEA,EN,Federal Contract Tower,0,23,24,0,47,0,0,42,0,42,0,23,66,0,89,70,0,70,159
12/13/2005,LYH,VA,AEA,EN,Federal Contract Tower,0,26,22,0,48,0,0,57,0,57,0,26,79,0,105,86,0,86,191
12/14/2005,LYH,VA,AEA,EN,Federal Contract Tower,0,24,25,0,49,0,0,58,0,58,0,24,83,0,107,60,0,60,167
12/15/2005,LYH,VA,AEA,EN,Federal Contract Tower,0,10,2,0,12,0,0,0,0,0,0,10,2,0,12,0,0,0,12
12/16/2005,LYH,VA,AEA,EN,Federal Contract Tower,0,20,25,0,45,0,0,33,0,33,0,20,58,0,78,48,0,48,126
12/17/2005,LYH,VA,AEA,EN,Federal Contract Tower,0,13,30,0,43,0,0,57,0,57,0,13,87,0,100,0,60,60,160
12/18/2005,LYH,VA,AEA,EN,Federal Contract Tower,0,15,7,0,22,0,0,27,0,27,0,15,34,0,49,0,0,0,49
12/19/2005,LYH,VA,AEA,EN,Federal Contract Tower,0,21,23,0,44,0,0,39,0,39,0,21,62,0,83,4,0,4,87
12/20/2005,LYH,VA,AEA,EN,Federal Contract Tower,0,25,15,4,44,0,0,37,2,39,0,25,52,6,83,20,28,48,131
12/21/2005,LYH,VA,AEA,EN,Federal Contract Tower,0,24,21,0,45,0,0,47,4,51,0,24,68,4,96,42,0,42,138
12/22/2005,LYH,VA,AEA,EN,Federal Contract Tower,0,20,23,0,43,0,0,30,0,30,0,20,53,0,73,10,0,10,83
12/23/2005,LYH,VA,AEA,EN,Federal Contract Tower,0,18,21,0,39,0,0,53,0,53,0,18,74,0,92,40,0,40,132
12/24/2005,LYH,VA,AEA,EN,Federal Contract Tower,0,11,14,0,25,0,0,45,0,45,0,11,59,0,70,12,0,12,82
12/25/2005,LYH,VA,AEA,EN,Federal Contract Tower,0,17,1,0,18,0,0,0,0,0,0,17,1,0,18,0,0,0,18
12/26/2005,LYH,VA,AEA,EN,Federal Contract Tower,0,13,12,0,25,0,0,15,0,15,0,13,27,0,40,2,0,2,42
12/27/2005,LYH,VA,AEA,EN,Federal Contract Tower,0,18,11,0,29,0,0,43,0,43,0,18,54,0,72,8,0,8,80
12/28/2005,LYH,VA,AEA,EN,Federal Contract Tower,0,17,21,0,38,0,0,30,0,30,0,17,51,0,68,26,0,26,94
12/29/2005,LYH,VA,AEA,EN,Federal Contract Tower,0,20,20,0,40,0,0,14,0,14,0,20,34,0,54,10,0,10,64
12/30/2005,LYH,VA,AEA,EN,Federal Contract Tower,0,18,47,0,65,0,0,75,0,75,0,18,122,0,140,38,0,38,178
12/31/2005,LYH,VA,AEA,EN,Federal Contract Tower,0,11,18,0,29,0,0,16,0,16,0,11,34,0,45,0,0,0,45
01/01/2006,LYH,VA,AEA,EN,Federal Contract Tower,0,13,16,0,29,0,0,45,0,45,0,13,61,0,74,14,0,14,88
01/02/2006,LYH,VA,AEA,EN,Federal Contract Tower,0,19,4,0,23,0,0,0,0,0,0,19,4,0,23,0,0,0,23
01/03/2006,LYH,VA,AEA,EN,Federal Contract Tower,0,15,16,0,31,0,0,8,0,8,0,15,24,0,39,4,0,4,43
01/04/2006,LYH,VA,AEA,EN,Federal Contract Tower,0,21,33,0,54,0,0,4,0,4,0,21,37,0,58,6,0,6,64
01/05/2006,LYH,VA,AEA,EN,Federal Contract Tower,0,23,21,0,44,0,0,46,0,46,0,23,67,0,90,28,0,28,118
01/06/2006,LYH,VA,AEA,EN,Federal Contract Tower,0,26,27,2,55,0,0,28,0,28,0,26,55,2,83,0,4,4,87
01/07/2006,LYH,VA,AEA,EN,Federal Contract Tower,0,14,20,0,34,0,0,39,0,39,0,14,59,0,73,26,0,26,99
01/08/2006,LYH,VA,AEA,EN,Federal Contract Tower,0,15,8,0,23,0,0,58,6,64,0,15,66,6,87,12,0,12,99
01/09/2006,LYH,VA,AEA,EN,Federal Contract Tower,0,22,19,0,41,0,0,32,0,32,0,22,51,0,73,38,0,38,111
01/10/2006,LYH,VA,AEA,EN,Federal Contract Tower,0,25,10,0,35,0,0,37,0,37,0,25,47,0,72,32,2,34,106
01/11/2006,LYH,VA,AEA,EN,Federal Contract Tower,0,21,19,4,44,0,0,0,0,0,0,21,19,4,44,0,0,0,44
01/12/2006,LYH,VA,AEA,EN,Federal Contract Tower,0,19,32,0,51,0,0,68,0,68,0,19,100,0,119,118,0,118,237
01/13/2006,LYH,VA,AEA,EN,Federal Contract Tower,0,11,15,4,30,0,0,5,0,5,0,11,20,4,35,0,0,0,35
01/14/2006,LYH,VA,AEA,EN,Federal Contract Tower,0,12,2,0,14,0,0,5,0,5,0,12,7,0,19,0,0,0,19
01/15/2006,LYH,VA,AEA,EN,Federal Contract Tower,0,11,20,0,31,0,0,11,0,11,0,11,31,0,42,10,0,10,52
01/16/2006,LYH,VA,AEA,EN,Federal Contract Tower,0,15,12,0,27,0,0,70,0,70,0,15,82,0,97,46,0,46,143
01/17/2006,LYH,VA,AEA,EN,Federal Contract Tower,0,23,18,0,41,0,0,7,0,7,0,23,25,0,48,54,0,54,102
01/18/2006,LYH,VA,AEA,EN,Federal Contract Tower,0,19,8,0,27,0,0,0,0,0,0,19,8,0,27,0,0,0,27
01/19/2006,LYH,VA,AEA,EN,Federal Contract Tower,0,24,29,0,53,0,0,69,4,73,0,24,98,4,126,100,0,100,226
01/20/2006,LYH,VA,AEA,EN,Federal Contract Tower,0,18,25,0,43,0,0,65,1,66,0,18,90,1,109,116,0,116,225
01/21/2006,LYH,VA,AEA,EN,Federal Contract Tower,0,13,15,2,30,0,0,16,0,16,0,13,31,2,46,14,0,14,60
01/22/2006,LYH,VA,AEA,EN,Federal Contract Tower,0,14,11,3,28,0,0,23,1,24,0,14,34,4,52,4,6,10,62
01/23/2006,LYH,VA,AEA,EN,Federal Contract Tower,0,22,18,0,40,0,0,0,0,0,0,22,18,0,40,0,0,0,40
01/24/2006,LYH,VA,AEA,EN,Federal Contract Tower,0,23,28,0,51,0,0,29,6,35,0,23,57,6,86,68,0,68,154
01/25/2006,LYH,VA,AEA,EN,Federal Contract Tower,0,16,18,0,34,0,0,12,2,14,0,16,30,2,48,6,0,6,54
01/26/2006,LYH,VA,AEA,EN,Federal Contract Tower,0,18,24,1,43,0,0,24,3,27,0,18,48,4,70,30,0,30,100
01/27/2006,LYH,VA,AEA,EN,Federal Contract Tower,0,21,50,1,72,0,0,129,2,131,0,21,179,3,203,242,0,242,445
01/28/2006,LYH,VA,AEA,EN,Federal Contract Tower,0,16,13,0,29,0,0,98,0,98,0,16,111,0,127,254,0,254,381
01/29/2006,LYH,VA,AEA,EN,Federal Contract Tower,0,16,19,0,35,0,0,6,7,13,0,16,25,7,48,4,0,4,52
01/30/2006,LYH,VA,AEA,EN,Federal Contract Tower,0,20,37,0,57,0,0,99,10,109,0,20,136,10,166,156,0,156,322
01/31/2006,LYH,VA,AEA,EN,Federal Contract Tower,0,17,12,0,29,0,0,6,0,6,0,17,18,0,35,14,0,14,49
02/01/2006,LYH,VA,AEA,EN,Federal Contract Tower,0,28,43,0,71,0,0,130,0,130,0,28,173,0,201,186,0,186,387
02/02/2006,LYH,VA,AEA,EN,Federal Contract Tower,0,18,26,0,44,0,0,95,0,95,0,18,121,0,139,114,0,114,253
02/03/2006,LYH,VA,AEA,EN,Federal Contract Tower,0,24,36,0,60,0,0,102,0,102,0,24,138,0,162,78,0,78,240
02/04/2006,LYH,VA,AEA,EN,Federal Contract Tower,0,15,2,0,17,0,0,0,0,0,0,15,2,0,17,0,0,0,17
02/05/2006,LYH,VA,AEA,EN,Federal Contract Tower,0,17,17,0,34,0,0,6,0,6,0,17,23,0,40,0,0,0,40
02/06/2006,LYH,VA,AEA,EN,Federal Contract Tower,0,15,30,0,45,0,0,49,0,49,0,15,79,0,94,38,0,38,132
02/07/2006,LYH,VA,AEA,EN,Federal Contract Tower,0,25,26,0,51,0,1,70,0,71,0,26,96,0,122,88,0,88,210
02/08/2006,LYH,VA,AEA,EN,Federal Contract Tower,0,23,58,0,81,0,0,107,0,107,0,23,165,0,188,130,0,130,318
02/09/2006,LYH,VA,AEA,EN,Federal Contract Tower,0,21,24,0,45,0,0,58,0,58,0,21,82,0,103,100,0,100,203
02/10/2006,LYH,VA,AEA,EN,Federal Contract Tower,0,23,40,0,63,0,0,82,0,82,0,23,122,0,145,152,0,152,297
02/11/2006,LYH,VA,AEA,EN,Federal Contract Tower,0,16,2,0,18,0,0,0,0,0,0,16,2,0,18,0,0,0,18
02/12/2006,LYH,VA,AEA,EN,Federal Contract Tower,0,14,4,0,18,0,0,4,0,4,0,14,8,0,22,2,0,2,24
02/13/2006,LYH,VA,AEA,EN,Federal Contract Tower,0,24,34,0,58,0,0,89,0,89,0,24,123,0,147,128,0,128,275
02/14/2006,LYH,VA,AEA,EN,Federal Contract Tower,0,21,20,0,41,0,0,85,0,85,0,21,105,0,126,154,0,154,280
02/15/2006,LYH,VA,AEA,EN,Federal Contract Tower,0,23,25,2,50,0,0,94,0,94,0,23,119,2,144,156,0,156,300
02/16/2006,LYH,VA,AEA,EN,Federal Contract Tower,0,28,37,0,65,0,0,79,0,79,0,28,116,0,144,94,0,94,238
02/17/2006,LYH,VA,AEA,EN,Federal Contract Tower,0,24,10,0,34,0,0,27,0,27,0,24,37,0,61,20,0,20,81
02/18/2006,LYH,VA,AEA,EN,Federal Contract Tower,0,7,3,0,10,0,0,7,0,7,0,7,10,0,17,4,0,4,21
02/19/2006,LYH,VA,AEA,EN,Federal Contract Tower,0,14,18,0,32,0,0,58,0,58,0,14,76,0,90,56,0,56,146
02/20/2006,LYH,VA,AEA,EN,Federal Contract Tower,0,18,18,0,36,0,0,61,0,61,0,18,79,0,97,122,0,122,219
02/21/2006,LYH,VA,AEA,EN,Federal Contract Tower,0,18,22,2,42,0,0,64,0,64,0,18,86,2,106,120,10,130,236
02/22/2006,LYH,VA,AEA,EN,Federal Contract Tower,0,18,19,0,37,0,0,6,0,6,0,18,25,0,43,40,0,40,83
02/23/2006,LYH,VA,AEA,EN,Federal Contract Tower,0,27,24,0,51,0,0,59,0,59,0,27,83,0,110,4,0,4,114
02/24/2006,LYH,VA,AEA,EN,Federal Contract Tower,0,23,33,0,56,0,0,74,2,76,0,23,107,2,132,88,0,88,220
02/25/2006,LYH,VA,AEA,EN,Federal Contract Tower,0,17,19,0,36,0,0,79,0,79,0,17,98,0,115,68,0,68,183
02/26/2006,LYH,VA,AEA,EN,Federal Contract Tower,0,15,13,0,28,0,0,28,0,28,0,15,41,0,56,4,0,4,60
02/27/2006,LYH,VA,AEA,EN,Federal Contract Tower,0,20,11,0,31,0,0,33,0,33,0,20,44,0,64,28,0,28,92
02/28/2006,LYH,VA,AEA,EN,Federal Contract Tower,0,20,14,0,34,0,0,74,2,76,0,20,88,2,110,138,0,138,248
03/01/2006,LYH,VA,AEA,EN,Federal Contract Tower,0,22,43,0,65,0,0,107,0,107,0,22,150,0,172,202,0,202,374
03/02/2006,LYH,VA,AEA,EN,Federal Contract Tower,0,20,11,2,33,0,0,36,0,36,0,20,47,2,69,68,4,72,141
03/03/2006,LYH,VA,AEA,EN,Federal Contract Tower,0,21,26,0,47,0,0,70,2,72,0,21,96,2,119,78,0,78,197
03/04/2006,LYH,VA,AEA,EN,Federal Contract Tower,0,12,13,0,25,0,0,72,0,72,0,12,85,0,97,128,0,128,225
03/05/2006,LYH,VA,AEA,EN,Federal Contract Tower,0,12,19,4,35,0,0,90,0,90,0,12,109,4,125,122,0,122,247
03/06/2006,LYH,VA,AEA,EN,Federal Contract Tower,0,18,16,2,36,0,0,1,0,1,0,18,17,2,37,0,0,0,37
03/07/2006,LYH,VA,AEA,EN,Federal Contract Tower,0,24,37,0,61,0,0,56,0,56,0,24,93,0,117,136,0,136,253
03/08/2006,LYH,VA,AEA,EN,Federal Contract Tower,0,25,43,0,68,0,0,100,0,100,0,25,143,0,168,164,0,164,332
03/09/2006,LYH,VA,AEA,EN,Federal Contract Tower,0,19,22,0,41,0,0,33,0,33,0,19,55,0,74,34,0,34,108
03/10/2006,LYH,VA,AEA,EN,Federal Contract Tower,0,22,26,0,48,0,0,37,0,37,0,22,63,0,85,14,0,14,99
03/11/2006,LYH,VA,AEA,EN,Federal Contract Tower,0,9,21,0,30,0,0,96,2,98,0,9,117,2,128,44,0,44,172
03/12/2006,LYH,VA,AEA,EN,Federal Contract Tower,0,15,13,0,28,0,0,24,1,25,0,15,37,1,53,20,0,20,73
03/13/2006,LYH,VA,AEA,EN,Federal Contract Tower,0,18,20,0,38,0,0,14,0,14,0,18,34,0,52,6,0,6,58
03/14/2006,LYH,VA,AEA,EN,Federal Contract Tower,0,19,17,0,36,0,0,10,0,10,0,19,27,0,46,2,0,2,48
03/15/2006,LYH,VA,AEA,EN,Federal Contract Tower,0,18,18,0,36,0,0,16,0,16,0,18,34,0,52,2,0,2,54
03/16/2006,LYH,VA,AEA,EN,Federal Contract Tower,0,23,29,2,54,0,0,58,4,62,0,23,87,6,116,44,4,48,164
03/17/2006,LYH,VA,AEA,EN,Federal Contract Tower,0,23,25,3,51,0,0,57,0,57,0,23,82,3,108,50,10,60,168
03/18/2006,LYH,VA,AEA,EN,Federal Contract Tower,0,11,13,0,24,0,0,37,0,37,0,11,50,0,61,34,0,34,95
03/19/2006,LYH,VA,AEA,EN,Federal Contract Tower,0,22,14,0,36,0,0,48,0,48,0,22,62,0,84,34,0,34,118
03/20/2006,LYH,VA,AEA,EN,Federal Contract Tower,0,29,28,2,59,0,0,63,0,63,0,29,91,2,122,132,0,132,254
03/21/2006,LYH,VA,AEA,EN,Federal Contract Tower,0,22,8,0,30,0,0,0,0,0,0,22,8,0,30,0,0,0,30
03/22/2006,LYH,VA,AEA,EN,Federal Contract Tower,0,24,40,0,64,0,0,39,0,39,0,24,79,0,103,8,12,20,123
03/23/2006,LYH,VA,AEA,EN,Federal Contract Tower,0,21,35,0,56,0,0,126,0,126,0,21,161,0,182,204,0,204,386
03/24/2006,LYH,VA,AEA,EN,Federal Contract Tower,0,20,29,2,51,0,0,52,0,52,0,20,81,2,103,94,2,96,199
03/25/2006,LYH,VA,AEA,EN,Federal Contract Tower,0,15,8,0,23,0,0,0,0,0,0,15,8,0,23,0,0,0,23
03/26/2006,LYH,VA,AEA,EN,Federal Contract Tower,0,16,41,0,57,0,0,60,0,60,0,16,101,0,117,84,0,84,201
03/27/2006,LYH,VA,AEA,EN,Federal Contract Tower,0,21,42,0,63,0,0,95,0,95,0,21,137,0,158,48,0,48,206
03/28/2006,LYH,VA,AEA,EN,Federal Contract Tower,0,23,25,2,50,0,0,50,4,54,0,23,75,6,104,58,0,58,162
03/29/2006,LYH,VA,AEA,EN,Federal Contract Tower,0,25,22,0,47,0,0,96,0,96,0,25,118,0,143,172,0,172,315
03/30/2006,LYH,VA,AEA,EN,Federal Contract Tower,0,19,26,2,47,0,0,82,4,86,0,19,108,6,133,104,14,118,251
03/31/2006,LYH,VA,AEA,EN,Federal Contract Tower,0,17,47,0,64,0,0,51,2,53,0,17,98,2,117,58,0,58,175
04/01/2006,LYH,VA,AEA,EN,Federal Contract Tower,0,19,12,0,31,0,0,33,0,33,0,19,45,0,64,34,0,34,98
04/02/2006,LYH,VA,AEA,EN,Federal Contract Tower,0,16,36,2,54,0,0,66,1,67,0,16,102,3,121,114,2,116,237
04/03/2006,LYH,VA,AEA,EN,Federal Contract Tower,0,21,26,0,47,0,0,23,0,23,0,21,49,0,70,44,0,44,114
04/04/2006,LYH,VA,AEA,EN,Federal Contract Tower,0,15,25,4,44,0,0,29,0,29,0,15,54,4,73,22,0,22,95
04/05/2006,LYH,VA,AEA,EN,Federal Contract Tower,0,15,32,0,47,0,2,27,0,29,0,17,59,0,76,24,0,24,100
04/06/2006,LYH,VA,AEA,EN,Federal Contract Tower,0,19,37,0,56,0,0,79,0,79,0,19,116,0,135,190,0,190,325
04/07/2006,LYH,VA,AEA,EN,Federal Contract Tower,0,18,26,4,48,0,0,52,4,56,0,18,78,8,104,102,0,102,206
04/08/2006,LYH,VA,AEA,EN,Federal Contract Tower,0,12,23,0,35,0,0,9,0,9,0,12,32,0,44,12,0,12,56
04/09/2006,LYH,VA,AEA,EN,Federal Contract Tower,0,14,24,0,38,0,0,93,0,93,0,14,117,0,131,148,0,148,279
04/10/2006,LYH,VA,AEA,EN,Federal Contract Tower,0,19,30,2,51,0,0,92,1,93,0,19,122,3,144,216,0,216,360
04/11/2006,LYH,VA,AEA,EN,Federal Contract Tower,0,20,45,0,65,0,0,97,0,97,0,20,142,0,162,200,0,200,362
04/12/2006,LYH,VA,AEA,EN,Federal Contract Tower,0,18,43,0,61,0,0,90,2,92,0,18,133,2,153,134,0,134,287
04/13/2006,LYH,VA,AEA,EN,Federal Contract Tower,0,22,52,0,74,0,0,73,0,73,0,22,125,0,147,74,0,74,221
04/14/2006,LYH,VA,AEA,EN,Federal Contract Tower,0,22,40,0,62,0,0,32,0,32,0,22,72,0,94,58,0,58,152
04/15/2006,LYH,VA,AEA,EN,Federal Contract Tower,0,12,28,0,40,0,0,54,2,56,0,12,82,2,96,40,0,40,136
04/16/2006,LYH,VA,AEA,EN,Federal Contract Tower,0,12,16,0,28,0,0,26,2,28,0,12,42,2,56,12,0,12,68
04/17/2006,LYH,VA,AEA,EN,Federal Contract Tower,0,20,25,0,45,0,0,16,6,22,0,20,41,6,67,4,0,4,71
04/18/2006,LYH,VA,AEA,EN,Federal Contract Tower,0,21,26,0,47,0,0,92,0,92,0,21,118,0,139,124,0,124,263
04/19/2006,LYH,VA,AEA,EN,Federal Contract Tower,0,23,37,0,60,0,0,85,0,85,0,23,122,0,145,162,0,162,307
04/20/2006,LYH,VA,AEA,EN,Federal Contract Tower,0,20,72,2,94,0,0,108,1,109,0,20,180,3,203,132,22,154,357
04/21/2006,LYH,VA,AEA,EN,Federal Contract Tower,0,25,19,9,53,0,0,29,0,29,0,25,48,9,82,38,0,38,120
04/22/2006,LYH,VA,AEA,EN,Federal Contract Tower,0,14,12,0,26,0,0,0,0,0,0,14,12,0,26,0,0,0,26
04/23/2006,LYH,VA,AEA,EN,Federal Contract Tower,0,16,25,0,41,0,0,37,0,37,0,16,62,0,78,48,0,48,126
04/24/2006,LYH,VA,AEA,EN,Federal Contract Tower,0,17,45,0,62,0,0,64,0,64,0,17,109,0,126,80,0,80,206
04/25/2006,LYH,VA,AEA,EN,Federal Contract Tower,0,22,0,0,22,0,0,104,2,106,0,22,104,2,128,124,0,124,252
04/26/2006,LYH,VA,AEA,EN,Federal Contract Tower,0,22,47,0,69,0,0,17,0,17,0,22,64,0,86,32,0,32,118
04/27/2006,LYH,VA,AEA,EN,Federal Contract Tower,0,21,42,5,68,0,0,89,3,92,0,21,131,8,160,96,10,106,266
04/28/2006,LYH,VA,AEA,EN,Federal Contract Tower,0,19,55,0,74,0,0,93,0,93,0,19,148,0,167,146,0,146,313
04/29/2006,LYH,VA,AEA,EN,Federal Contract Tower,0,14,26,0,40,0,0,82,0,82,0,14,108,0,122,78,0,78,200
04/30/2006,LYH,VA,AEA,EN,Federal Contract Tower,0,13,17,0,30,0,0,57,0,57,0,13,74,0,87,42,0,42,129
05/01/2006,LYH,VA,AEA,EN,Federal Contract Tower,0,20,26,2,48,0,0,83,0,83,0,20,109,2,131,118,4,122,253
05/02/2006,LYH,VA,AEA,EN,Federal Contract Tower,0,14,24,0,38,0,0,81,0,81,0,14,105,0,119,134,0,134,253
05/03/2006,LYH,VA,AEA,EN,Federal Contract Tower,0,20,30,0,50,0,0,46,4,50,0,20,76,4,100,64,0,64,164
05/04/2006,LYH,VA,AEA,EN,Federal Contract Tower,0,22,34,2,58,0,0,84,0,84,0,22,118,2,142,166,0,166,308
05/05/2006,LYH,VA,AEA,EN,Federal Contract Tower,0,19,43,0,62,0,0,54,12,66,0,19,97,12,128,50,0,50,178
05/06/2006,LYH,VA,AEA,EN,Federal Contract Tower,0,11,29,0,40,0,0,50,0,50,0,11,79,0,90,74,0,74,164
05/07/2006,LYH,VA,AEA,EN,Federal Contract Tower,0,14,15,0,29,0,0,15,0,15,0,14,30,0,44,12,0,12,56
05/08/2006,LYH,VA,AEA,EN,Federal Contract Tower,0,18,19,2,39,0,0,23,0,23,0,18,42,2,62,2,0,2,64
05/09/2006,LYH,VA,AEA,EN,Federal Contract Tower,0,18,34,0,52,0,0,83,0,83,0,18,117,0,135,116,0,116,251
05/10/2006,LYH,VA,AEA,EN,Federal Contract Tower,0,19,46,0,65,0,0,103,0,103,0,19,149,0,168,108,0,108,276
05/11/2006,LYH,VA,AEA,EN,Federal Contract Tower,0,23,16,6,45,0,0,1,0,1,0,23,17,6,46,10,0,10,56
05/12/2006,LYH,VA,AEA,EN,Federal Contract Tower,0,27,33,0,60,0,0,66,0,66,0,27,99,0,126,144,2,146,272
05/13/2006,LYH,VA,AEA,EN,Federal Contract Tower,0,14,26,0,40,0,0,90,0,90,0,14,116,0,130,146,0,146,276
05/14/2006,LYH,VA,AEA,EN,Federal Contract Tower,0,16,13,2,31,0,0,14,2,16,0,16,27,4,47,10,0,10,57
05/15/2006,LYH,VA,AEA,EN,Federal Contract Tower,0,24,45,8,77,0,0,66,2,68,0,24,111,10,145,56,20,76,221
05/16/2006,LYH,VA,AEA,EN,Federal Contract Tower,0,15,24,0,39,0,0,66,0,66,0,15,90,0,105,74,0,74,179
05/17/2006,LYH,VA,AEA,EN,Federal Contract Tower,0,18,47,0,65,0,0,82,0,82,0,18,129,0,147,66,0,66,213
05/18/2006,LYH,VA,AEA,EN,Federal Contract Tower,0,21,31,0,52,0,0,45,6,51,0,21,76,6,103,44,0,44,147
05/19/2006,LYH,VA,AEA,EN,Federal Contract Tower,0,21,22,5,48,0,0,20,2,22,0,21,42,7,70,40,6,46,116
05/20/2006,LYH,VA,AEA,EN,Federal Contract Tower,0,11,19,0,30,0,0,35,0,35,0,11,54,0,65,62,0,62,127
05/21/2006,LYH,VA,AEA,EN,Federal Contract Tower,0,16,16,0,32,0,0,23,0,23,0,16,39,0,55,16,0,16,71
05/22/2006,LYH,VA,AEA,EN,Federal Contract Tower,0,19,51,0,70,0,0,77,0,77,0,19,128,0,147,114,0,114,261
05/23/2006,LYH,VA,AEA,EN,Federal Contract Tower,0,17,27,2,46,0,3,82,4,89,0,20,109,6,135,126,2,128,263
05/24/2006,LYH,VA,AEA,EN,Federal Contract Tower,0,18,30,0,48,0,0,103,0,103,0,18,133,0,151,146,0,146,297
05/25/2006,LYH,VA,AEA,EN,Federal Contract Tower,0,19,24,0,43,0,0,67,4,71,0,19,91,4,114,104,0,104,218
05/26/2006,LYH,VA,AEA,EN,Federal Contract Tower,0,19,19,0,38,0,0,29,0,29,0,19,48,0,67,50,0,50,117
05/27/2006,LYH,VA,AEA,EN,Federal Contract Tower,0,13,22,0,35,0,0,64,0,64,0,13,86,0,99,26,0,26,125
05/28/2006,LYH,VA,AEA,EN,Federal Contract Tower,0,14,14,0,28,0,0,38,0,38,0,14,52,0,66,34,0,34,100
05/29/2006,LYH,VA,AEA,EN,Federal Contract Tower,0,12,18,0,30,0,0,82,0,82,0,12,100,0,112,30,0,30,142
05/30/2006,LYH,VA,AEA,EN,Federal Contract Tower,0,18,21,3,42,0,0,52,1,53,0,18,73,4,95,132,2,134,229
05/31/2006,LYH,VA,AEA,EN,Federal Contract Tower,0,18,22,0,40,0,0,6,0,6,0,18,28,0,46,12,0,12,58
06/01/2006,LYH,VA,AEA,EN,Federal Contract Tower,0,20,21,0,41,0,0,56,0,56,0,20,77,0,97,252,0,252,349
06/02/2006,LYH,VA,AEA,EN,Federal Contract Tower,0,18,15,0,33,0,0,27,0,27,0,18,42,0,60,104,0,104,164
06/03/2006,LYH,VA,AEA,EN,Federal Contract Tower,0,11,14,0,25,0,0,32,1,33,0,11,46,1,58,4,0,4,62
06/04/2006,LYH,VA,AEA,EN,Federal Contract Tower,0,14,22,0,36,0,0,152,0,152,0,14,174,0,188,52,0,52,240
06/05/2006,LYH,VA,AEA,EN,Federal Contract Tower,0,19,21,0,40,0,0,80,0,80,0,19,101,0,120,172,0,172,292
06/06/2006,LYH,VA,AEA,EN,Federal Contract Tower,0,17,12,6,35,0,0,75,2,77,0,17,87,8,112,166,0,166,278
06/07/2006,LYH,VA,AEA,EN,Federal Contract Tower,0,19,32,3,54,0,0,68,9,77,0,19,100,12,131,174,0,174,305
06/08/2006,LYH,VA,AEA,EN,Federal Contract Tower,0,18,31,2,51,0,0,60,0,60,0,18,91,2,111,132,0,132,243
06/09/2006,LYH,VA,AEA,EN,Federal Contract Tower,0,17,38,0,55,0,0,79,4,83,0,17,117,4,138,156,0,156,294
06/10/2006,LYH,VA,AEA,EN,Federal Contract Tower,0,13,21,0,34,0,0,47,0,47,0,13,68,0,81,66,0,66,147
06/11/2006,LYH,VA,AEA,EN,Federal Contract Tower,0,16,16,0,32,0,0,20,4,24,0,16,36,4,56,42,0,42,98
06/12/2006,LYH,VA,AEA,EN,Federal Contract Tower,0,16,27,0,43,0,0,27,6,33,0,16,54,6,76,72,0,72,148
06/13/2006,LYH,VA,AEA,EN,Federal Contract Tower,0,18,38,0,56,0,0,83,0,83,0,18,121,0,139,306,0,306,445
06/14/2006,LYH,VA,AEA,EN,Federal Contract Tower,0,21,28,0,49,0,0,17,0,17,0,21,45,0,66,12,0,12,78
06/15/2006,LYH,VA,AEA,EN,Federal Contract Tower,0,22,18,0,40,0,0,84,2,86,0,22,102,2,126,174,0,174,300
06/16/2006,LYH,VA,AEA,EN,Federal Contract Tower,0,17,23,6,46,0,0,76,0,76,0,17,99,6,122,98,0,98,220
06/17/2006,LYH,VA,AEA,EN,Federal Contract Tower,0,11,20,2,33,0,0,58,0,58,0,11,78,2,91,34,0,34,125
06/18/2006,LYH,VA,AEA,EN,Federal Contract Tower,0,12,15,0,27,0,0,26,3,29,0,12,41,3,56,2,0,2,58
06/19/2006,LYH,VA,AEA,EN,Federal Contract Tower,0,20,18,0,38,0,0,51,2,53,0,20,69,2,91,114,0,114,205
06/20/2006,LYH,VA,AEA,EN,Federal Contract Tower,0,21,23,0,44,0,0,81,0,81,0,21,104,0,125,200,0,200,325
06/21/2006,LYH,VA,AEA,EN,Federal Contract Tower,0,29,33,0,62,0,0,83,0,83,0,29,116,0,145,202,0,202,347
06/22/2006,LYH,VA,AEA,EN,Federal Contract Tower,0,19,22,2,43,0,0,61,2,63,0,19,83,4,106,186,0,186,292
06/23/2006,LYH,VA,AEA,EN,Federal Contract Tower,0,15,25,0,40,0,0,40,0,40,0,15,65,0,80,76,0,76,156
06/24/2006,LYH,VA,AEA,EN,Federal Contract Tower,0,12,11,0,23,0,0,25,0,25,0,12,36,0,48,54,0,54,102
06/25/2006,LYH,VA,AEA,EN,Federal Contract Tower,0,15,11,0,26,0,0,2,0,2,0,15,13,0,28,0,0,0,28
06/26/2006,LYH,VA,AEA,EN,Federal Contract Tower,0,16,19,6,41,0,0,9,0,9,0,16,28,6,50,100,0,100,150
06/27/2006,LYH,VA,AEA,EN,Federal Contract Tower,0,26,7,0,33,0,0,1,0,1,0,26,8,0,34,8,0,8,42
06/28/2006,LYH,VA,AEA,EN,Federal Contract Tower,0,18,21,0,39,0,0,69,0,69,0,18,90,0,108,184,0,184,292
06/29/2006,LYH,VA,AEA,EN,Federal Contract Tower,0,20,36,0,56,0,0,65,0,65,0,20,101,0,121,140,0,140,261
06/30/2006,LYH,VA,AEA,EN,Federal Contract Tower,0,21,47,0,68,0,0,100,0,100,0,21,147,0,168,178,0,178,346
07/01/2006,LYH,VA,AEA,EN,Federal Contract Tower,0,10,21,0,31,0,0,40,2,42,0,10,61,2,73,46,2,48,121
07/02/2006,LYH,VA,AEA,EN,Federal Contract Tower,0,17,24,0,41,0,0,42,4,46,0,17,66,4,87,32,0,32,119
07/03/2006,LYH,VA,AEA,EN,Federal Contract Tower,0,13,17,0,30,0,0,62,0,62,0,13,79,0,92,98,0,98,190
07/04/2006,LYH,VA,AEA,EN,Federal Contract Tower,0,12,12,2,26,0,0,37,0,37,0,12,49,2,63,28,0,28,91
07/05/2006,LYH,VA,AEA,EN,Federal Contract Tower,0,20,10,0,30,0,0,18,0,18,0,20,28,0,48,42,0,42,90
07/06/2006,LYH,VA,AEA,EN,Federal Contract Tower,0,18,27,0,45,0,0,57,0,57,0,18,84,0,102,96,0,96,198
07/07/2006,LYH,VA,AEA,EN,Federal Contract Tower,0,17,24,0,41,0,0,71,0,71,0,17,95,0,112,178,0,178,290
07/08/2006,LYH,VA,AEA,EN,Federal Contract Tower,0,15,13,0,28,0,0,72,0,72,0,15,85,0,100,138,0,138,238
07/09/2006,LYH,VA,AEA,EN,Federal Contract Tower,0,12,9,0,21,0,0,34,0,34,0,12,43,0,55,6,0,6,61
07/10/2006,LYH,VA,AEA,EN,Federal Contract Tower,0,21,35,0,56,0,0,59,0,59,0,21,94,0,115,208,0,208,323
07/11/2006,LYH,VA,AEA,EN,Federal Contract Tower,0,23,34,2,59,0,0,79,1,80,0,23,113,3,139,212,0,212,351
07/12/2006,LYH,VA,AEA,EN,Federal Contract Tower,0,19,36,0,55,0,1,58,0,59,0,20,94,0,114,172,0,172,286
07/13/2006,LYH,VA,AEA,EN,Federal Contract Tower,0,22,25,0,47,0,0,44,0,44,0,22,69,0,91,98,0,98,189
07/14/2006,LYH,VA,AEA,EN,Federal Contract Tower,0,19,32,2,53,0,0,41,0,41,0,19,73,2,94,122,0,122,216
07/15/2006,LYH,VA,AEA,EN,Federal Contract Tower,0,12,14,0,26,0,0,46,0,46,0,12,60,0,72,60,0,60,132
07/16/2006,LYH,VA,AEA,EN,Federal Contract Tower,0,15,13,0,28,0,0,50,0,50,0,15,63,0,78,36,0,36,114
07/17/2006,LYH,VA,AEA,EN,Federal Contract Tower,0,17,33,2,52,0,0,73,0,73,0,17,106,2,125,108,0,108,233
07/18/2006,LYH,VA,AEA,EN,Federal Contract Tower,0,20,43,0,63,0,0,67,0,67,0,20,110,0,130,168,0,168,298
07/19/2006,LYH,VA,AEA,EN,Federal Contract Tower,0,25,29,2,56,0,0,51,0,51,0,25,80,2,107,124,0,124,231
07/20/2006,LYH,VA,AEA,EN,Federal Contract Tower,0,22,40,0,62,0,0,73,0,73,0,22,113,0,135,150,0,150,285
07/21/2006,LYH,VA,AEA,EN,Federal Contract Tower,0,18,25,0,43,0,0,23,0,23,0,18,48,0,66,96,0,96,162
07/22/2006,LYH,VA,AEA,EN,Federal Contract Tower,0,10,16,0,26,0,0,38,0,38,0,10,54,0,64,90,0,90,154
07/23/2006,LYH,VA,AEA,EN,Federal Contract Tower,0,15,30,0,45,0,0,32,4,36,0,15,62,4,81,42,0,42,123
07/24/2006,LYH,VA,AEA,EN,Federal Contract Tower,0,27,50,0,77,0,0,73,6,79,0,27,123,6,156,140,0,140,296
07/25/2006,LYH,VA,AEA,EN,Federal Contract Tower,0,23,77,0,100,0,0,11,0,11,0,23,88,0,111,8,0,8,119
07/26/2006,LYH,VA,AEA,EN,Federal Contract Tower,0,19,27,1,47,0,0,56,5,61,0,19,83,6,108,120,0,120,228
07/27/2006,LYH,VA,AEA,EN,Federal Contract Tower,0,18,25,4,47,0,0,62,4,66,0,18,87,8,113,94,2,96,209
07/28/2006,LYH,VA,AEA,EN,Federal Contract Tower,0,16,37,2,55,0,0,44,1,45,0,16,81,3,100,34,0,34,134
07/29/2006,LYH,VA,AEA,EN,Federal Contract Tower,0,16,14,0,30,0,0,51,0,51,0,16,65,0,81,46,0,46,127
07/30/2006,LYH,VA,AEA,EN,Federal Contract Tower,0,15,17,2,34,0,0,37,3,40,0,15,54,5,74,2,0,2,76
07/31/2006,LYH,VA,AEA,EN,Federal Contract Tower,0,18,34,6,58,0,0,49,0,49,0,18,83,6,107,86,0,86,193
08/01/2006,LYH,VA,AEA,EN,Federal Contract Tower,0,18,22,0,40,0,0,43,4,47,0,18,65,4,87,138,0,138,225
08/02/2006,LYH,VA,AEA,EN,Federal Contract Tower,0,18,23,0,41,0,0,53,0,53,0,18,76,0,94,102,0,102,196
08/03/2006,LYH,VA,AEA,EN,Federal Contract Tower,0,17,27,0,44,0,0,35,0,35,0,17,62,0,79,86,0,86,165
08/04/2006,LYH,VA,AEA,EN,Federal Contract Tower,0,18,35,0,53,0,0,67,6,73,0,18,102,6,126,62,0,62,188
08/05/2006,LYH,VA,AEA,EN,Federal Contract Tower,0,10,8,0,18,0,0,53,0,53,0,10,61,0,71,68,0,68,139
08/06/2006,LYH,VA,AEA,EN,Federal Contract Tower,0,14,12,0,26,0,0,30,0,30,0,14,42,0,56,26,0,26,82
08/07/2006,LYH,VA,AEA,EN,Federal Contract Tower,0,21,26,0,47,0,0,29,0,29,0,21,55,0,76,82,0,82,158
08/08/2006,LYH,VA,AEA,EN,Federal Contract Tower,0,19,34,0,53,0,0,31,0,31,0,19,65,0,84,96,0,96,180
08/09/2006,LYH,VA,AEA,EN,Federal Contract Tower,0,20,42,0,62,0,0,72,0,72,0,20,114,0,134,94,0,94,228
08/10/2006,LYH,VA,AEA,EN,Federal Contract Tower,0,22,41,0,63,0,0,19,0,19,0,22,60,0,82,40,0,40,122
08/11/2006,LYH,VA,AEA,EN,Federal Contract Tower,0,22,40,2,64,0,0,36,0,36,0,22,76,2,100,36,0,36,136
08/12/2006,LYH,VA,AEA,EN,Federal Contract Tower,0,10,20,0,30,0,0,76,0,76,0,10,96,0,106,76,0,76,182
08/13/2006,LYH,VA,AEA,EN,Federal Contract Tower,0,16,21,0,37,0,0,68,0,68,0,16,89,0,105,30,0,30,135
08/14/2006,LYH,VA,AEA,EN,Federal Contract Tower,0,22,21,2,45,0,0,53,3,56,0,22,74,5,101,78,2,80,181
08/15/2006,LYH,VA,AEA,EN,Federal Contract Tower,0,17,24,1,42,0,0,24,0,24,0,17,48,1,66,68,0,68,134
08/16/2006,LYH,VA,AEA,EN,Federal Contract Tower,0,19,38,0,57,0,0,60,6,66,0,19,98,6,123,78,0,78,201
08/17/2006,LYH,VA,AEA,EN,Federal Contract Tower,0,20,34,0,54,0,0,70,0,70,0,20,104,0,124,118,0,118,242
08/18/2006,LYH,VA,AEA,EN,Federal Contract Tower,0,19,20,3,42,0,0,81,5,86,0,19,101,8,128,154,4,158,286
08/19/2006,LYH,VA,AEA,EN,Federal Contract Tower,0,11,16,0,27,0,0,47,0,47,0,11,63,0,74,18,0,18,92
08/20/2006,LYH,VA,AEA,EN,Federal Contract Tower,0,15,17,0,32,0,0,31,0,31,0,15,48,0,63,6,0,6,69
08/21/2006,LYH,VA,AEA,EN,Federal Contract Tower,0,21,24,0,45,0,0,61,0,61,0,21,85,0,106,86,0,86,192
08/22/2006,LYH,VA,AEA,EN,Federal Contract Tower,0,20,28,0,48,0,0,66,0,66,0,20,94,0,114,98,0,98,212
08/23/2006,LYH,VA,AEA,EN,Federal Contract Tower,0,20,29,0,49,0,0,67,0,67,0,20,96,0,116,82,0,82,198
08/24/2006,LYH,VA,AEA,EN,Federal Contract Tower,0,19,49,0,68,0,0,63,0,63,0,19,112,0,131,100,0,100,231
08/25/2006,LYH,VA,AEA,EN,Federal Contract Tower,0,19,27,0,46,0,0,72,2,74,0,19,99,2,120,86,0,86,206
08/26/2006,LYH,VA,AEA,EN,Federal Contract Tower,0,16,12,0,28,0,0,76,0,76,0,16,88,0,104,26,0,26,130
08/27/2006,LYH,VA,AEA,EN,Federal Contract Tower,0,14,13,0,27,0,0,31,2,33,0,14,44,2,60,18,0,18,78
08/28/2006,LYH,VA,AEA,EN,Federal Contract Tower,0,21,33,0,54,0,0,52,0,52,0,21,85,0,106,120,0,120,226
08/29/2006,LYH,VA,AEA,EN,Federal Contract Tower,0,19,32,0,51,0,0,51,0,51,0,19,83,0,102,74,0,74,176
08/30/2006,LYH,VA,AEA,EN,Federal Contract Tower,0,30,24,2,56,0,0,27,5,32,0,30,51,7,88,30,0,30,118
08/31/2006,LYH,VA,AEA,EN,Federal Contract Tower,0,17,28,0,45,0,0,4,0,4,0,17,32,0,49,0,0,0,49
09/01/2006,LYH,VA,AEA,EN,Federal Contract Tower,0,16,5,0,21,0,0,0,0,0,0,16,5,0,21,0,0,0,21
09/02/2006,LYH,VA,AEA,EN,Federal Contract Tower,0,8,11,0,19,0,0,46,0,46,0,8,57,0,65,34,0,34,99
09/03/2006,LYH,VA,AEA,EN,Federal Contract Tower,0,7,19,0,26,0,0,43,0,43,0,7,62,0,69,48,0,48,117
09/04/2006,LYH,VA,AEA,EN,Federal Contract Tower,0,11,29,0,40,0,0,11,0,11,0,11,40,0,51,6,0,6,57
09/05/2006,LYH,VA,AEA,EN,Federal Contract Tower,0,22,25,0,47,0,0,30,0,30,0,22,55,0,77,42,0,42,119
09/06/2006,LYH,VA,AEA,EN,Federal Contract Tower,0,20,46,7,73,0,0,66,0,66,0,20,112,7,139,86,0,86,225
09/07/2006,LYH,VA,AEA,EN,Federal Contract Tower,0,16,28,1,45,0,0,94,1,95,0,16,122,2,140,112,0,112,252
09/08/2006,LYH,VA,AEA,EN,Federal Contract Tower,0,25,29,0,54,0,0,48,0,48,0,25,77,0,102,86,0,86,188
09/09/2006,LYH,VA,AEA,EN,Federal Contract Tower,0,16,34,0,50,0,0,51,1,52,0,16,85,1,102,164,0,164,266
09/10/2006,LYH,VA,AEA,EN,Federal Contract Tower,0,17,31,2,50,0,0,73,0,73,0,17,104,2,123,92,0,92,215
09/11/2006,LYH,VA,AEA,EN,Federal Contract Tower,0,18,22,2,42,0,0,28,0,28,0,18,50,2,70,34,0,34,104
09/12/2006,LYH,VA,AEA,EN,Federal Contract Tower,0,24,40,0,64,0,0,42,0,42,0,24,82,0,106,120,0,120,226
09/13/2006,LYH,VA,AEA,EN,Federal Contract Tower,0,24,32,0,56,0,0,0,0,0,0,24,32,0,56,0,0,0,56
09/14/2006,LYH,VA,AEA,EN,Federal Contract Tower,0,24,27,2,53,0,0,36,0,36,0,24,63,2,89,104,0,104,193
09/15/2006,LYH,VA,AEA,EN,Federal Contract Tower,0,22,46,13,81,0,0,89,4,93,0,22,135,17,174,160,4,164,338
09/16/2006,LYH,VA,AEA,EN,Federal Contract Tower,0,12,19,0,31,0,0,86,0,86,0,12,105,0,117,68,0,68,185
09/17/2006,LYH,VA,AEA,EN,Federal Contract Tower,0,14,22,1,37,0,0,72,3,75,0,14,94,4,112,80,0,80,192
09/18/2006,LYH,VA,AEA,EN,Federal Contract Tower,0,21,24,2,47,0,0,95,0,95,0,21,119,2,142,146,0,146,288
09/19/2006,LYH,VA,AEA,EN,Federal Contract Tower,0,20,26,0,46,0,0,38,0,38,0,20,64,0,84,76,0,76,160
09/20/2006,LYH,VA,AEA,EN,Federal Contract Tower,0,24,19,0,43,0,0,136,0,136,0,24,155,0,179,148,0,148,327
09/21/2006,LYH,VA,AEA,EN,Federal Contract Tower,0,20,31,0,51,0,0,110,0,110,0,20,141,0,161,210,0,210,371
09/22/2006,LYH,VA,AEA,EN,Federal Contract Tower,0,23,43,7,73,0,0,105,0,105,0,23,148,7,178,232,20,252,430
09/23/2006,LYH,VA,AEA,EN,Federal Contract Tower,0,11,23,0,34,0,0,29,0,29,0,11,52,0,63,32,0,32,95
09/24/2006,LYH,VA,AEA,EN,Federal Contract Tower,0,17,16,0,33,0,0,5,0,5,0,17,21,0,38,12,0,12,50
09/25/2006,LYH,VA,AEA,EN,Federal Contract Tower,0,24,23,0,47,0,0,107,0,107,0,24,130,0,154,140,0,140,294
09/26/2006,LYH,VA,AEA,EN,Federal Contract Tower,0,18,27,2,47,0,0,99,0,99,0,18,126,2,146,132,0,132,278
09/27/2006,LYH,VA,AEA,EN,Federal Contract Tower,0,24,29,0,53,0,0,118,2,120,0,24,147,2,173,262,2,264,437
09/28/2006,LYH,VA,AEA,EN,Federal Contract Tower,0,16,21,2,39,0,0,23,2,25,0,16,44,4,64,80,4,84,148
09/29/2006,LYH,VA,AEA,EN,Federal Contract Tower,0,19,29,1,49,0,0,89,4,93,0,19,118,5,142,200,0,200,342
09/30/2006,LYH,VA,AEA,EN,Federal Contract Tower,0,13,27,0,40,0,0,108,0,108,0,13,135,0,148,74,0,74,222
10/01/2006,LYH,VA,AEA,EN,Federal Contract Tower,0,16,21,2,39,0,0,44,3,47,0,16,65,5,86,68,0,68,154
10/02/2006,LYH,VA,AEA,EN,Federal Contract Tower,0,23,39,0,62,0,0,122,0,122,0,23,161,0,184,208,0,208,392
10/03/2006,LYH,VA,AEA,EN,Federal Contract Tower,0,21,27,3,51,0,0,90,1,91,0,21,117,4,142,156,0,156,298
10/04/2006,LYH,VA,AEA,EN,Federal Contract Tower,0,20,27,0,47,0,0,104,0,104,0,20,131,0,151,242,0,242,393
10/05/2006,LYH,VA,AEA,EN,Federal Contract Tower,0,17,48,2,67,0,0,65,0,65,0,17,113,2,132,200,0,200,332
10/06/2006,LYH,VA,AEA,EN,Federal Contract Tower,0,17,14,2,33,0,0,0,0,0,0,17,14,2,33,0,0,0,33
10/07/2006,LYH,VA,AEA,EN,Federal Contract Tower,0,11,3,0,14,0,0,0,1,1,0,11,3,1,15,0,0,0,15
10/08/2006,LYH,VA,AEA,EN,Federal Contract Tower,0,14,25,0,39,0,0,25,0,25,0,14,50,0,64,42,0,42,106
10/09/2006,LYH,VA,AEA,EN,Federal Contract Tower,0,22,24,1,47,0,0,109,0,109,0,22,133,1,156,244,0,244,400
10/10/2006,LYH,VA,AEA,EN,Federal Contract Tower,0,21,38,0,59,0,0,96,0,96,0,21,134,0,155,196,0,196,351
10/11/2006,LYH,VA,AEA,EN,Federal Contract Tower,0,20,31,3,54,0,0,52,0,52,0,20,83,3,106,210,4,214,320
10/12/2006,LYH,VA,AEA,EN,Federal Contract Tower,0,24,44,1,69,0,0,63,4,67,0,24,107,5,136,72,4,76,212
10/13/2006,LYH,VA,AEA,EN,Federal Contract Tower,0,18,42,3,63,0,0,93,0,93,0,18,135,3,156,164,2,166,322
10/14/2006,LYH,VA,AEA,EN,Federal Contract Tower,0,10,25,0,35,0,0,47,0,47,0,10,72,0,82,0,42,42,124
10/15/2006,LYH,VA,AEA,EN,Federal Contract Tower,0,17,23,5,45,0,0,66,5,71,0,17,89,10,116,86,0,86,202
10/16/2006,LYH,VA,AEA,EN,Federal Contract Tower,0,22,19,4,45,0,0,97,0,97,0,22,116,4,142,208,0,208,350
10/17/2006,LYH,VA,AEA,EN,Federal Contract Tower,0,22,12,0,34,0,0,0,0,0,0,22,12,0,34,0,0,0,34
10/18/2006,LYH,VA,AEA,EN,Federal Contract Tower,0,26,44,5,75,0,0,109,0,109,0,26,153,5,184,220,0,220,404
10/19/2006,LYH,VA,AEA,EN,Federal Contract Tower,0,23,44,0,67,0,0,83,14,97,0,23,127,14,164,96,0,96,260
10/20/2006,LYH,VA,AEA,EN,Federal Contract Tower,0,20,19,3,42,0,0,27,7,34,0,20,46,10,76,6,0,6,82
10/21/2006,LYH,VA,AEA,EN,Federal Contract Tower,0,16,24,0,40,0,0,152,0,152,0,16,176,0,192,236,0,236,428
10/22/2006,LYH,VA,AEA,EN,Federal Contract Tower,0,12,21,1,34,0,0,18,7,25,0,12,39,8,59,18,0,18,77
10/23/2006,LYH,VA,AEA,EN,Federal Contract Tower,0,27,20,0,47,0,0,67,0,67,0,27,87,0,114,102,0,102,216
10/24/2006,LYH,VA,AEA,EN,Federal Contract Tower,0,22,23,0,45,0,0,55,0,55,0,22,78,0,100,36,0,36,136
10/25/2006,LYH,VA,AEA,EN,Federal Contract Tower,0,22,42,0,64,0,0,88,0,88,0,22,130,0,152,108,0,108,260
10/26/2006,LYH,VA,AEA,EN,Federal Contract Tower,0,20,34,0,54,0,0,73,0,73,0,20,107,0,127,184,0,184,311
10/27/2006,LYH,VA,AEA,EN,Federal Contract Tower,0,22,31,0,53,0,0,0,0,0,0,22,31,0,53,0,0,0,53
10/28/2006,LYH,VA,AEA,EN,Federal Contract Tower,0,17,5,0,22,0,0,11,0,11,0,17,16,0,33,0,0,0,33
10/29/2006,LYH,VA,AEA,EN,Federal Contract Tower,0,15,16,0,31,0,0,16,0,16,0,15,32,0,47,6,0,6,53
10/30/2006,LYH,VA,AEA,EN,Federal Contract Tower,0,21,42,1,64,0,0,115,1,116,0,21,157,2,180,204,0,204,384
10/31/2006,LYH,VA,AEA,EN,Federal Contract Tower,0,20,37,0,57,0,0,112,4,116,0,20,149,4,173,198,0,198,371
11/01/2006,LYH,VA,AEA,EN,Federal Contract Tower,0,21,27,0,48,0,0,80,2,82,0,21,107,2,130,188,0,188,318
11/02/2006,LYH,VA,AEA,EN,Federal Contract Tower,0,26,27,2,55,0,0,81,2,83,0,26,108,4,138,132,20,152,290
11/03/2006,LYH,VA,AEA,EN,Federal Contract Tower,0,20,28,0,48,0,0,96,0,96,0,20,124,0,144,76,0,76,220
11/04/2006,LYH,VA,AEA,EN,Federal Contract Tower,0,14,20,0,34,0,0,98,0,98,0,14,118,0,132,104,0,104,236
11/05/2006,LYH,VA,AEA,EN,Federal Contract Tower,0,14,24,5,43,0,0,89,0,89,0,14,113,5,132,68,4,72,204
11/06/2006,LYH,VA,AEA,EN,Federal Contract Tower,0,18,32,0,50,0,0,98,0,98,0,18,130,0,148,116,0,116,264
11/07/2006,LYH,VA,AEA,EN,Federal Contract Tower,0,22,38,0,60,0,0,0,0,0,0,22,38,0,60,0,0,0,60
11/08/2006,LYH,VA,AEA,EN,Federal Contract Tower,0,21,28,0,49,0,0,3,0,3,0,21,31,0,52,0,0,0,52
11/09/2006,LYH,VA,AEA,EN,Federal Contract Tower,0,25,28,6,59,0,0,100,0,100,0,25,128,6,159,208,0,208,367
11/10/2006,LYH,VA,AEA,EN,Federal Contract Tower,0,23,31,0,54,0,0,126,0,126,0,23,157,0,180,258,0,258,438
11/11/2006,LYH,VA,AEA,EN,Federal Contract Tower,0,14,17,0,31,0,0,62,0,62,0,14,79,0,93,128,0,128,221
11/12/2006,LYH,VA,AEA,EN,Federal Contract Tower,0,15,14,2,31,0,0,2,0,2,0,15,16,2,33,0,0,0,33
11/13/2006,LYH,VA,AEA,EN,Federal Contract Tower,0,20,30,2,52,0,0,97,0,97,0,20,127,2,149,296,0,296,445
11/14/2006,LYH,VA,AEA,EN,Federal Contract Tower,0,21,26,0,47,0,0,91,0,91,0,21,117,0,138,156,0,156,294
11/15/2006,LYH,VA,AEA,EN,Federal Contract Tower,0,22,32,0,54,0,0,13,0,13,0,22,45,0,67,32,0,32,99
11/16/2006,LYH,VA,AEA,EN,Federal Contract Tower,0,20,10,0,30,0,0,6,0,6,0,20,16,0,36,16,0,16,52
11/17/2006,LYH,VA,AEA,EN,Federal Contract Tower,0,29,36,2,67,0,0,85,2,87,0,29,121,4,154,136,0,136,290
11/18/2006,LYH,VA,AEA,EN,Federal Contract Tower,0,13,21,0,34,0,0,86,0,86,0,13,107,0,120,100,0,100,220
11/19/2006,LYH,VA,AEA,EN,Federal Contract Tower,0,12,14,0,26,0,0,43,2,45,0,12,57,2,71,24,0,24,95
11/20/2006,LYH,VA,AEA,EN,Federal Contract Tower,0,20,20,0,40,0,0,37,4,41,0,20,57,4,81,88,0,88,169
11/21/2006,LYH,VA,AEA,EN,Federal Contract Tower,0,17,18,0,35,0,0,40,0,40,0,17,58,0,75,22,0,22,97
11/22/2006,LYH,VA,AEA,EN,Federal Contract Tower,0,21,14,5,40,0,0,4,0,4,0,21,18,5,44,0,6,6,50
11/23/2006,LYH,VA,AEA,EN,Federal Contract Tower,0,12,6,0,18,0,0,15,0,15,0,12,21,0,33,0,0,0,33
11/24/2006,LYH,VA,AEA,EN,Federal Contract Tower,0,13,9,0,22,0,0,46,0,46,0,13,55,0,68,24,0,24,92
11/25/2006,LYH,VA,AEA,EN,Federal Contract Tower,0,15,13,0,28,0,0,60,4,64,0,15,73,4,92,66,0,66,158
11/26/2006,LYH,VA,AEA,EN,Federal Contract Tower,0,19,24,0,43,0,0,81,0,81,0,19,105,0,124,16,0,16,140
11/27/2006,LYH,VA,AEA,EN,Federal Contract Tower,0,23,28,0,51,0,0,96,0,96,0,23,124,0,147,172,0,172,319
11/28/2006,LYH,VA,AEA,EN,Federal Contract Tower,0,17,34,6,57,0,0,91,0,91,0,17,125,6,148,186,6,192,340
11/29/2006,LYH,VA,AEA,EN,Federal Contract Tower,0,26,48,0,74,0,0,65,0,65,0,26,113,0,139,164,0,164,303
11/30/2006,LYH,VA,AEA,EN,Federal Contract Tower,0,23,46,2,71,0,0,38,0,38,0,23,84,2,109,152,0,152,261
12/01/2006,LYH,VA,AEA,EN,Federal Contract Tower,0,19,11,0,30,0,0,3,0,3,0,19,14,0,33,0,0,0,33
12/02/2006,LYH,VA,AEA,EN,Federal Contract Tower,0,10,32,0,42,0,0,83,0,83,0,10,115,0,125,92,0,92,217
12/03/2006,LYH,VA,AEA,EN,Federal Contract Tower,0,14,26,2,42,0,0,79,0,79,0,14,105,2,121,84,4,88,209
12/04/2006,LYH,VA,AEA,EN,Federal Contract Tower,0,20,37,3,60,0,1,101,1,103,0,21,138,4,163,206,0,206,369
12/05/2006,LYH,VA,AEA,EN,Federal Contract Tower,0,24,45,0,69,0,0,78,0,78,0,24,123,0,147,172,0,172,319
12/06/2006,LYH,VA,AEA,EN,Federal Contract Tower,0,18,42,0,60,0,0,78,0,78,0,18,120,0,138,128,0,128,266
12/07/2006,LYH,VA,AEA,EN,Federal Contract Tower,0,23,18,2,43,0,0,47,1,48,0,23,65,3,91,72,2,74,165
12/08/2006,LYH,VA,AEA,EN,Federal Contract Tower,0,22,47,1,70,0,0,68,0,68,0,22,115,1,138,124,0,124,262
12/09/2006,LYH,VA,AEA,EN,Federal Contract Tower,0,9,18,0,27,0,0,80,0,80,0,9,98,0,107,60,0,60,167
12/10/2006,LYH,VA,AEA,EN,Federal Contract Tower,0,17,12,0,29,0,0,68,1,69,0,17,80,1,98,66,0,66,164
12/11/2006,LYH,VA,AEA,EN,Federal Contract Tower,0,19,28,0,47,0,0,99,0,99,0,19,127,0,146,120,0,120,266
12/12/2006,LYH,VA,AEA,EN,Federal Contract Tower,0,24,31,0,55,0,0,112,1,113,0,24,143,1,168,214,0,214,382
12/13/2006,LYH,VA,AEA,EN,Federal Contract Tower,0,29,40,6,75,0,0,64,0,64,0,29,104,6,139,130,18,148,287
12/14/2006,LYH,VA,AEA,EN,Federal Contract Tower,0,18,28,4,50,0,0,89,0,89,0,18,117,4,139,82,4,86,225
12/15/2006,LYH,VA,AEA,EN,Federal Contract Tower,0,19,35,0,54,0,0,70,0,70,0,19,105,0,124,18,0,18,142
12/16/2006,LYH,VA,AEA,EN,Federal Contract Tower,0,16,21,0,37,0,0,120,0,120,0,16,141,0,157,96,0,96,253
12/17/2006,LYH,VA,AEA,EN,Federal Contract Tower,0,13,18,0,31,0,0,57,0,57,0,13,75,0,88,44,0,44,132
12/18/2006,LYH,VA,AEA,EN,Federal Contract Tower,0,23,20,0,43,0,0,82,0,82,0,23,102,0,125,88,0,88,213
12/19/2006,LYH,VA,AEA,EN,Federal Contract Tower,0,19,23,2,44,0,0,51,0,51,0,19,74,2,95,80,0,80,175
12/20/2006,LYH,VA,AEA,EN,Federal Contract Tower,0,20,20,0,40,0,0,62,8,70,0,20,82,8,110,92,0,92,202
12/21/2006,LYH,VA,AEA,EN,Federal Contract Tower,0,21,20,0,41,0,0,46,0,46,0,21,66,0,87,74,0,74,161
12/22/2006,LYH,VA,AEA,EN,Federal Contract Tower,0,20,17,0,37,0,0,2,0,2,0,20,19,0,39,0,0,0,39
12/23/2006,LYH,VA,AEA,EN,Federal Contract Tower,0,11,8,0,19,0,0,29,0,29,0,11,37,0,48,36,0,36,84
12/24/2006,LYH,VA,AEA,EN,Federal Contract Tower,0,8,12,0,20,0,0,31,0,31,0,8,43,0,51,0,0,0,51
12/25/2006,LYH,VA,AEA,EN,Federal Contract Tower,0,14,5,0,19,0,0,0,0,0,0,14,5,0,19,0,0,0,19
12/26/2006,LYH,VA,AEA,EN,Federal Contract Tower,0,20,12,0,32,0,0,27,0,27,0,20,39,0,59,54,0,54,113
12/27/2006,LYH,VA,AEA,EN,Federal Contract Tower,0,20,23,0,43,0,0,43,2,45,0,20,66,2,88,52,0,52,140
12/28/2006,LYH,VA,AEA,EN,Federal Contract Tower,0,19,20,0,39,0,0,50,2,52,0,19,70,2,91,52,0,52,143
12/29/2006,LYH,VA,AEA,EN,Federal Contract Tower,0,20,25,0,45,0,0,76,0,76,0,20,101,0,121,66,0,66,187
12/30/2006,LYH,VA,AEA,EN,Federal Contract Tower,0,12,14,0,26,0,0,22,0,22,0,12,36,0,48,18,0,18,66
12/31/2006,LYH,VA,AEA,EN,Federal Contract Tower,0,10,5,0,15,0,0,0,0,0,0,10,5,0,15,0,0,0,15
01/01/2007,LYH,VA,AEA,EN,Federal Contract Tower,0,15,14,0,29,0,0,2,0,2,0,15,16,0,31,0,0,0,31
01/02/2007,LYH,VA,AEA,EN,Federal Contract Tower,0,20,15,0,35,0,0,38,0,38,0,20,53,0,73,8,0,8,81
01/03/2007,LYH,VA,AEA,EN,Federal Contract Tower,0,22,9,0,31,0,0,56,1,57,0,22,65,1,88,66,0,66,154
01/04/2007,LYH,VA,AEA,EN,Federal Contract Tower,0,19,23,0,42,0,0,43,0,43,0,19,66,0,85,36,0,36,121
01/05/2007,LYH,VA,AEA,EN,Federal Contract Tower,0,12,8,0,20,0,0,0,0,0,0,12,8,0,20,0,0,0,20
01/06/2007,LYH,VA,AEA,EN,Federal Contract Tower,0,10,23,0,33,0,0,31,7,38,0,10,54,7,71,20,0,20,91
01/07/2007,LYH,VA,AEA,EN,Federal Contract Tower,0,12,12,0,24,0,0,11,0,11,0,12,23,0,35,12,0,12,47
01/08/2007,LYH,VA,AEA,EN,Federal Contract Tower,0,20,18,0,38,0,0,17,0,17,0,20,35,0,55,4,0,4,59
01/09/2007,LYH,VA,AEA,EN,Federal Contract Tower,0,25,19,0,44,0,0,23,0,23,0,25,42,0,67,22,0,22,89
01/10/2007,LYH,VA,AEA,EN,Federal Contract Tower,0,28,29,0,57,0,0,49,2,51,0,28,78,2,108,30,0,30,138
01/11/2007,LYH,VA,AEA,EN,Federal Contract Tower,0,21,14,0,35,0,0,33,0,33,0,21,47,0,68,16,0,16,84
01/12/2007,LYH,VA,AEA,EN,Federal Contract Tower,0,17,18,0,35,0,0,22,1,23,0,17,40,1,58,12,0,12,70
01/13/2007,LYH,VA,AEA,EN,Federal Contract Tower,0,10,8,0,18,0,0,41,0,41,0,10,49,0,59,60,0,60,119
01/14/2007,LYH,VA,AEA,EN,Federal Contract Tower,0,12,14,0,26,0,0,57,0,57,0,12,71,0,83,14,0,14,97
01/15/2007,LYH,VA,AEA,EN,Federal Contract Tower,0,15,20,0,35,0,0,21,0,21,0,15,41,0,56,56,0,56,112
01/16/2007,LYH,VA,AEA,EN,Federal Contract Tower,0,20,13,2,35,0,0,14,1,15,0,20,27,3,50,6,0,6,56
01/17/2007,LYH,VA,AEA,EN,Federal Contract Tower,0,23,29,4,56,0,0,46,4,50,0,23,75,8,106,102,8,110,216
01/18/2007,LYH,VA,AEA,EN,Federal Contract Tower,0,17,9,0,26,0,0,9,0,9,0,17,18,0,35,12,0,12,47
01/19/2007,LYH,VA,AEA,EN,Federal Contract Tower,0,18,15,0,33,0,0,19,2,21,0,18,34,2,54,8,0,8,62
01/20/2007,LYH,VA,AEA,EN,Federal Contract Tower,0,13,10,0,23,0,0,20,0,20,0,13,30,0,43,26,0,26,69
01/21/2007,LYH,VA,AEA,EN,Federal Contract Tower,0,8,3,0,11,0,0,1,0,1,0,8,4,0,12,0,0,0,12
01/22/2007,LYH,VA,AEA,EN,Federal Contract Tower,0,25,10,0,35,0,0,1,0,1,0,25,11,0,36,2,0,2,38
01/23/2007,LYH,VA,AEA,EN,Federal Contract Tower,0,23,29,0,52,0,0,34,4,38,0,23,63,4,90,70,0,70,160
01/24/2007,LYH,VA,AEA,EN,Federal Contract Tower,0,24,30,0,54,0,0,56,4,60,0,24,86,4,114,114,0,114,228
01/25/2007,LYH,VA,AEA,EN,Federal Contract Tower,0,20,17,0,37,0,0,17,0,17,0,20,34,0,54,2,0,2,56
01/26/2007,LYH,VA,AEA,EN,Federal Contract Tower,0,20,20,0,40,0,0,93,0,93,0,20,113,0,133,58,0,58,191
01/27/2007,LYH,VA,AEA,EN,Federal Contract Tower,0,14,27,0,41,0,0,71,0,71,0,14,98,0,112,24,0,24,136
01/28/2007,LYH,VA,AEA,EN,Federal Contract Tower,0,17,9,0,26,0,0,23,0,23,0,17,32,0,49,8,0,8,57
01/29/2007,LYH,VA,AEA,EN,Federal Contract Tower,0,20,24,2,46,0,0,54,0,54,0,20,78,2,100,70,0,70,170
01/30/2007,LYH,VA,AEA,EN,Federal Contract Tower,0,26,17,0,43,0,0,55,2,57,0,26,72,2,100,82,0,82,182
01/31/2007,LYH,VA,AEA,EN,Federal Contract Tower,0,21,37,2,60,0,0,100,0,100,0,21,137,2,160,134,0,134,294
02/01/2007,LYH,VA,AEA,EN,Federal Contract Tower,0,15,6,0,21,0,0,5,0,5,0,15,11,0,26,2,0,2,28
02/02/2007,LYH,VA,AEA,EN,Federal Contract Tower,0,18,16,0,34,0,0,8,0,8,0,18,24,0,42,0,0,0,42
02/03/2007,LYH,VA,AEA,EN,Federal Contract Tower,0,10,8,0,18,0,0,32,0,32,0,10,40,0,50,24,0,24,74
02/04/2007,LYH,VA,AEA,EN,Federal Contract Tower,0,13,12,0,25,0,0,13,0,13,0,13,25,0,38,0,0,0,38
02/05/2007,LYH,VA,AEA,EN,Federal Contract Tower,0,20,11,0,31,0,0,18,0,18,0,20,29,0,49,14,0,14,63
02/06/2007,LYH,VA,AEA,EN,Federal Contract Tower,0,21,33,0,54,0,0,53,0,53,0,21,86,0,107,78,0,78,185
02/07/2007,LYH,VA,AEA,EN,Federal Contract Tower,0,24,12,1,37,0,0,15,1,16,0,24,27,2,53,18,0,18,71
02/08/2007,LYH,VA,AEA,EN,Federal Contract Tower,0,31,21,0,52,0,0,53,5,58,0,31,74,5,110,14,0,14,124
02/09/2007,LYH,VA,AEA,EN,Federal Contract Tower,0,24,28,1,53,0,0,101,1,102,0,24,129,2,155,216,0,216,371
02/10/2007,LYH,VA,AEA,EN,Federal Contract Tower,0,19,17,0,36,0,0,109,0,109,0,19,126,0,145,88,0,88,233
02/11/2007,LYH,VA,AEA,EN,Federal Contract Tower,0,15,18,0,33,0,0,53,0,53,0,15,71,0,86,126,0,126,212
02/12/2007,LYH,VA,AEA,EN,Federal Contract Tower,0,25,35,0,60,0,0,95,0,95,0,25,130,0,155,146,0,146,301
02/13/2007,LYH,VA,AEA,EN,Federal Contract Tower,0,14,12,0,26,0,0,1,0,1,0,14,13,0,27,0,0,0,27
02/14/2007,LYH,VA,AEA,EN,Federal Contract Tower,0,14,5,1,20,0,0,7,1,8,0,14,12,2,28,0,0,0,28
02/15/2007,LYH,VA,AEA,EN,Federal Contract Tower,0,24,24,0,48,0,0,74,0,74,0,24,98,0,122,100,0,100,222
02/16/2007,LYH,VA,AEA,EN,Federal Contract Tower,0,25,33,4,62,0,0,79,2,81,0,25,112,6,143,78,10,88,231
02/17/2007,LYH,VA,AEA,EN,Federal Contract Tower,0,9,16,0,25,0,0,30,0,30,0,9,46,0,55,80,0,80,135
02/18/2007,LYH,VA,AEA,EN,Federal Contract Tower,0,12,0,0,12,12,0,0,0,12,12,12,0,0,24,4,0,4,28
02/19/2007,LYH,VA,AEA,EN,Federal Contract Tower,0,17,36,0,53,0,0,73,0,73,0,17,109,0,126,200,0,200,326
02/20/2007,LYH,VA,AEA,EN,Federal Contract Tower,0,19,22,0,41,0,0,51,0,51,0,19,73,0,92,152,0,152,244
02/21/2007,LYH,VA,AEA,EN,Federal Contract Tower,0,27,32,5,64,0,0,80,0,80,0,27,112,5,144,126,26,152,296
02/22/2007,LYH,VA,AEA,EN,Federal Contract Tower,0,30,13,1,44,0,0,10,0,10,0,30,23,1,54,4,0,4,58
02/23/2007,LYH,VA,AEA,EN,Federal Contract Tower,0,17,20,0,37,0,0,31,0,31,0,17,51,0,68,14,0,14,82
02/24/2007,LYH,VA,AEA,EN,Federal Contract Tower,0,12,36,0,48,0,0,117,0,117,0,12,153,0,165,230,0,230,395
02/25/2007,LYH,VA,AEA,EN,Federal Contract Tower,0,13,9,0,22,0,0,0,0,0,0,13,9,0,22,0,0,0,22
02/26/2007,LYH,VA,AEA,EN,Federal Contract Tower,0,22,43,0,65,0,0,116,10,126,0,22,159,10,191,240,0,240,431
02/27/2007,LYH,VA,AEA,EN,Federal Contract Tower,0,22,25,0,47,0,0,86,0,86,0,22,111,0,133,146,0,146,279
02/28/2007,LYH,VA,AEA,EN,Federal Contract Tower,0,20,37,0,57,0,0,144,0,144,0,20,181,0,201,226,0,226,427
03/01/2007,LYH,VA,AEA,EN,Federal Contract Tower,0,16,38,0,54,0,0,30,0,30,0,16,68,0,84,94,0,94,178
03/02/2007,LYH,VA,AEA,EN,Federal Contract Tower,0,17,11,0,28,0,0,21,0,21,0,17,32,0,49,0,0,0,49
03/03/2007,LYH,VA,AEA,EN,Federal Contract Tower,0,11,6,0,17,0,0,27,0,27,0,11,33,0,44,26,0,26,70
03/04/2007,LYH,VA,AEA,EN,Federal Contract Tower,0,16,14,0,30,0,0,26,3,29,0,16,40,3,59,10,0,10,69
03/05/2007,LYH,VA,AEA,EN,Federal Contract Tower,0,18,22,0,40,0,0,23,0,23,0,18,45,0,63,22,0,22,85
03/06/2007,LYH,VA,AEA,EN,Federal Contract Tower,0,20,32,0,52,0,0,66,0,66,0,20,98,0,118,106,0,106,224
03/07/2007,LYH,VA,AEA,EN,Federal Contract Tower,0,24,28,3,55,0,0,74,3,77,0,24,102,6,132,150,2,152,284
03/08/2007,LYH,VA,AEA,EN,Federal Contract Tower,0,26,48,4,78,0,0,87,0,87,0,26,135,4,165,144,8,152,317
03/09/2007,LYH,VA,AEA,EN,Federal Contract Tower,0,21,32,0,53,0,0,79,3,82,0,21,111,3,135,146,0,146,281
03/10/2007,LYH,VA,AEA,EN,Federal Contract Tower,0,9,24,0,33,0,0,63,0,63,0,9,87,0,96,82,0,82,178
03/11/2007,LYH,VA,AEA,EN,Federal Contract Tower,0,16,24,0,40,0,0,60,0,60,0,16,84,0,100,56,0,56,156
03/12/2007,LYH,VA,AEA,EN,Federal Contract Tower,0,23,26,0,49,0,0,68,0,68,0,23,94,0,117,122,0,122,239
03/13/2007,LYH,VA,AEA,EN,Federal Contract Tower,0,21,29,0,50,0,0,94,0,94,0,21,123,0,144,134,0,134,278
03/14/2007,LYH,VA,AEA,EN,Federal Contract Tower,0,22,26,2,50,0,0,58,4,62,0,22,84,6,112,80,0,80,192
03/15/2007,LYH,VA,AEA,EN,Federal Contract Tower,0,18,21,2,41,0,0,39,0,39,0,18,60,2,80,52,0,52,132
03/16/2007,LYH,VA,AEA,EN,Federal Contract Tower,0,23,17,0,40,0,0,0,0,0,0,23,17,0,40,0,0,0,40
03/17/2007,LYH,VA,AEA,EN,Federal Contract Tower,0,12,15,0,27,0,0,11,0,11,0,12,26,0,38,18,0,18,56
03/18/2007,LYH,VA,AEA,EN,Federal Contract Tower,0,12,10,0,22,0,0,28,4,32,0,12,38,4,54,48,0,48,102
03/19/2007,LYH,VA,AEA,EN,Federal Contract Tower,0,21,19,0,40,0,0,53,0,53,0,21,72,0,93,110,0,110,203
03/20/2007,LYH,VA,AEA,EN,Federal Contract Tower,0,19,17,5,41,0,0,92,0,92,0,19,109,5,133,164,14,178,311
03/21/2007,LYH,VA,AEA,EN,Federal Contract Tower,0,26,34,0,60,0,0,67,4,71,0,26,101,4,131,152,0,152,283
03/22/2007,LYH,VA,AEA,EN,Federal Contract Tower,0,17,15,12,44,0,0,26,5,31,0,17,41,17,75,58,4,62,137
03/23/2007,LYH,VA,AEA,EN,Federal Contract Tower,0,17,34,0,51,0,0,87,0,87,0,17,121,0,138,122,0,122,260
03/24/2007,LYH,VA,AEA,EN,Federal Contract Tower,0,10,12,0,22,0,0,83,0,83,0,10,95,0,105,118,0,118,223
03/25/2007,LYH,VA,AEA,EN,Federal Contract Tower,0,12,36,0,48,0,0,94,4,98,0,12,130,4,146,88,0,88,234
03/26/2007,LYH,VA,AEA,EN,Federal Contract Tower,0,20,28,2,50,0,0,64,4,68,0,20,92,6,118,124,12,136,254
03/27/2007,LYH,VA,AEA,EN,Federal Contract Tower,0,17,28,0,45,0,0,78,0,78,0,17,106,0,123,258,0,258,381
03/28/2007,LYH,VA,AEA,EN,Federal Contract Tower,0,21,37,3,61,0,0,43,1,44,0,21,80,4,105,88,8,96,201
03/29/2007,LYH,VA,AEA,EN,Federal Contract Tower,0,18,32,0,50,0,0,59,0,59,0,18,91,0,109,120,0,120,229
03/30/2007,LYH,VA,AEA,EN,Federal Contract Tower,0,20,34,3,57,0,0,99,1,100,0,20,133,4,157,68,0,68,225
03/31/2007,LYH,VA,AEA,EN,Federal Contract Tower,0,14,30,0,44,0,0,54,0,54,0,14,84,0,98,52,0,52,150
04/01/2007,LYH,VA,AEA,EN,Federal Contract Tower,0,11,24,0,35,0,0,13,2,15,0,11,37,2,50,28,0,28,78
04/02/2007,LYH,VA,AEA,EN,Federal Contract Tower,0,20,24,0,44,0,0,66,4,70,0,20,90,4,114,70,0,70,184
04/03/2007,LYH,VA,AEA,EN,Federal Contract Tower,0,20,29,1,50,0,0,97,1,98,0,20,126,2,148,210,0,210,358
04/04/2007,LYH,VA,AEA,EN,Federal Contract Tower,0,22,15,4,41,0,0,19,0,19,0,22,34,4,60,8,2,10,70
04/05/2007,LYH,VA,AEA,EN,Federal Contract Tower,0,19,28,0,47,0,0,43,2,45,0,19,71,2,92,52,0,52,144
04/06/2007,LYH,VA,AEA,EN,Federal Contract Tower,0,16,44,0,60,0,0,87,0,87,0,16,131,0,147,94,0,94,241
04/07/2007,LYH,VA,AEA,EN,Federal Contract Tower,0,12,15,0,27,0,0,10,0,10,0,12,25,0,37,10,0,10,47
04/08/2007,LYH,VA,AEA,EN,Federal Contract Tower,0,11,6,0,17,0,0,19,0,19,0,11,25,0,36,18,0,18,54
04/09/2007,LYH,VA,AEA,EN,Federal Contract Tower,0,25,23,0,48,0,0,65,0,65,0,25,88,0,113,82,0,82,195
04/10/2007,LYH,VA,AEA,EN,Federal Contract Tower,0,20,17,0,37,0,0,108,5,113,0,20,125,5,150,218,0,218,368
04/11/2007,LYH,VA,AEA,EN,Federal Contract Tower,0,26,17,0,43,0,0,14,0,14,0,26,31,0,57,6,0,6,63
04/12/2007,LYH,VA,AEA,EN,Federal Contract Tower,0,28,18,8,54,0,0,20,4,24,0,28,38,12,78,6,8,14,92
04/13/2007,LYH,VA,AEA,EN,Federal Contract Tower,0,21,28,0,49,0,0,80,1,81,0,21,108,1,130,94,0,94,224
04/14/2007,LYH,VA,AEA,EN,Federal Contract Tower,0,10,26,0,36,0,0,23,0,23,0,10,49,0,59,46,0,46,105
04/15/2007,LYH,VA,AEA,EN,Federal Contract Tower,0,15,6,0,21,0,0,0,0,0,0,15,6,0,21,0,0,0,21
04/16/2007,LYH,VA,AEA,EN,Federal Contract Tower,0,24,11,0,35,0,0,4,0,4,0,24,15,0,39,0,0,0,39
04/17/2007,LYH,VA,AEA,EN,Federal Contract Tower,0,23,13,0,36,0,0,16,2,18,0,23,29,2,54,6,0,6,60
04/18/2007,LYH,VA,AEA,EN,Federal Contract Tower,0,17,51,0,68,0,0,111,0,111,0,17,162,0,179,202,0,202,381
04/19/2007,LYH,VA,AEA,EN,Federal Contract Tower,0,22,41,0,63,0,0,53,1,54,0,22,94,1,117,192,0,192,309
04/20/2007,LYH,VA,AEA,EN,Federal Contract Tower,0,23,28,5,56,0,0,127,3,130,0,23,155,8,186,136,18,154,340
04/21/2007,LYH,VA,AEA,EN,Federal Contract Tower,0,11,17,0,28,0,0,103,1,104,0,11,120,1,132,188,0,188,320
04/22/2007,LYH,VA,AEA,EN,Federal Contract Tower,0,18,39,0,57,0,0,85,0,85,0,18,124,0,142,78,0,78,220
04/23/2007,LYH,VA,AEA,EN,Federal Contract Tower,0,20,34,0,54,0,0,72,0,72,0,20,106,0,126,88,0,88,214
04/24/2007,LYH,VA,AEA,EN,Federal Contract Tower,0,24,36,0,60,0,0,85,2,87,0,24,121,2,147,126,0,126,273
04/25/2007,LYH,VA,AEA,EN,Federal Contract Tower,0,20,30,0,50,0,0,52,0,52,0,20,82,0,102,70,0,70,172
04/26/2007,LYH,VA,AEA,EN,Federal Contract Tower,0,30,41,3,74,0,0,28,0,28,0,30,69,3,102,48,4,52,154
04/27/2007,LYH,VA,AEA,EN,Federal Contract Tower,0,21,21,0,42,0,0,25,0,25,0,21,46,0,67,6,0,6,73
04/28/2007,LYH,VA,AEA,EN,Federal Contract Tower,0,16,19,0,35,0,0,71,0,71,0,16,90,0,106,74,0,74,180
04/29/2007,LYH,VA,AEA,EN,Federal Contract Tower,0,15,13,0,28,0,0,46,0,46,0,15,59,0,74,8,0,8,82
04/30/2007,LYH,VA,AEA,EN,Federal Contract Tower,0,22,23,0,45,0,1,94,0,95,0,23,117,0,140,82,0,82,222
05/01/2007,LYH,VA,AEA,EN,Federal Contract Tower,0,19,22,0,41,0,0,71,0,71,0,19,93,0,112,150,0,150,262
05/02/2007,LYH,VA,AEA,EN,Federal Contract Tower,0,27,35,4,66,0,0,43,3,46,0,27,78,7,112,60,0,60,172
05/03/2007,LYH,VA,AEA,EN,Federal Contract Tower,0,26,44,0,70,0,0,5,0,5,0,26,49,0,75,20,0,20,95
05/04/2007,LYH,VA,AEA,EN,Federal Contract Tower,0,20,63,0,83,0,0,39,0,39,0,20,102,0,122,56,0,56,178
05/05/2007,LYH,VA,AEA,EN,Federal Contract Tower,0,15,10,0,25,0,0,52,0,52,0,15,62,0,77,90,0,90,167
05/06/2007,LYH,VA,AEA,EN,Federal Contract Tower,0,9,10,1,20,0,0,20,3,23,0,9,30,4,43,0,0,0,43
05/07/2007,LYH,VA,AEA,EN,Federal Contract Tower,0,21,18,0,39,0,0,52,0,52,0,21,70,0,91,52,0,52,143
05/08/2007,LYH,VA,AEA,EN,Federal Contract Tower,0,19,31,4,54,0,0,109,0,109,0,19,140,4,163,194,12,206,369
05/09/2007,LYH,VA,AEA,EN,Federal Contract Tower,0,21,38,0,59,0,0,27,0,27,0,21,65,0,86,104,0,104,190
05/10/2007,LYH,VA,AEA,EN,Federal Contract Tower,0,18,36,0,54,0,0,48,0,48,0,18,84,0,102,72,0,72,174
05/11/2007,LYH,VA,AEA,EN,Federal Contract Tower,0,20,24,8,52,0,0,76,0,76,0,20,100,8,128,70,18,88,216
05/12/2007,LYH,VA,AEA,EN,Federal Contract Tower,0,15,16,0,31,0,0,31,6,37,0,15,47,6,68,32,0,32,100
05/13/2007,LYH,VA,AEA,EN,Federal Contract Tower,0,12,20,0,32,0,0,17,0,17,0,12,37,0,49,26,0,26,75
05/14/2007,LYH,VA,AEA,EN,Federal Contract Tower,0,21,31,3,55,0,0,130,8,138,0,21,161,11,193,136,4,140,333
05/15/2007,LYH,VA,AEA,EN,Federal Contract Tower,0,14,15,0,29,0,3,61,1,65,0,17,76,1,94,64,0,64,158
05/16/2007,LYH,VA,AEA,EN,Federal Contract Tower,0,17,21,0,38,0,0,26,2,28,0,17,47,2,66,38,2,40,106
05/17/2007,LYH,VA,AEA,EN,Federal Contract Tower,0,19,29,0,48,0,0,68,0,68,0,19,97,0,116,70,0,70,186
05/18/2007,LYH,VA,AEA,EN,Federal Contract Tower,0,20,28,0,48,0,0,31,0,31,0,20,59,0,79,38,0,38,117
05/19/2007,LYH,VA,AEA,EN,Federal Contract Tower,0,16,19,2,37,0,0,71,0,71,0,16,90,2,108,98,0,98,206
05/20/2007,LYH,VA,AEA,EN,Federal Contract Tower,0,15,24,0,39,0,0,20,0,20,0,15,44,0,59,0,0,0,59
05/21/2007,LYH,VA,AEA,EN,Federal Contract Tower,0,23,31,6,60,0,0,76,0,76,0,23,107,6,136,170,2,172,308
05/22/2007,LYH,VA,AEA,EN,Federal Contract Tower,0,37,58,0,95,0,0,52,0,52,0,37,110,0,147,30,0,30,177
05/23/2007,LYH,VA,AEA,EN,Federal Contract Tower,0,21,41,4,66,0,0,54,0,54,0,21,95,4,120,96,0,96,216
05/24/2007,LYH,VA,AEA,EN,Federal Contract Tower,0,22,33,4,59,0,0,94,15,109,0,22,127,19,168,68,2,70,238
05/25/2007,LYH,VA,AEA,EN,Federal Contract Tower,0,17,17,0,34,0,0,60,3,63,0,17,77,3,97,58,0,58,155
05/26/2007,LYH,VA,AEA,EN,Federal Contract Tower,0,15,20,0,35,0,0,43,0,43,0,15,63,0,78,22,0,22,100
05/27/2007,LYH,VA,AEA,EN,Federal Contract Tower,0,11,18,0,29,0,0,22,4,26,0,11,40,4,55,26,0,26,81
05/28/2007,LYH,VA,AEA,EN,Federal Contract Tower,0,17,20,0,37,0,0,51,0,51,0,17,71,0,88,30,0,30,118
05/29/2007,LYH,VA,AEA,EN,Federal Contract Tower,0,21,21,0,42,0,0,70,0,70,0,21,91,0,112,120,0,120,232
05/30/2007,LYH,VA,AEA,EN,Federal Contract Tower,0,21,34,0,55,0,0,85,0,85,0,21,119,0,140,146,0,146,286
05/31/2007,LYH,VA,AEA,EN,Federal Contract Tower,0,18,36,0,54,0,0,77,0,77,0,18,113,0,131,78,0,78,209
06/01/2007,LYH,VA,AEA,EN,Federal Contract Tower,0,18,37,0,55,0,0,54,0,54,0,18,91,0,109,50,0,50,159
06/02/2007,LYH,VA,AEA,EN,Federal Contract Tower,0,4,9,0,13,0,0,31,0,31,0,4,40,0,44,40,0,40,84
06/03/2007,LYH,VA,AEA,EN,Federal Contract Tower,0,9,4,0,13,0,0,0,0,0,0,9,4,0,13,0,0,0,13
06/04/2007,LYH,VA,AEA,EN,Federal Contract Tower,0,21,28,2,51,0,0,83,0,83,0,21,111,2,134,142,2,144,278
06/05/2007,LYH,VA,AEA,EN,Federal Contract Tower,0,22,26,0,48,0,0,64,6,70,0,22,90,6,118,50,0,50,168
06/06/2007,LYH,VA,AEA,EN,Federal Contract Tower,0,25,37,0,62,0,0,90,2,92,0,25,127,2,154,116,0,116,270
06/07/2007,LYH,VA,AEA,EN,Federal Contract Tower,0,24,19,0,43,0,0,84,0,84,0,24,103,0,127,62,0,62,189
06/08/2007,LYH,VA,AEA,EN,Federal Contract Tower,0,19,24,0,43,0,0,62,0,62,0,19,86,0,105,80,0,80,185
06/09/2007,LYH,VA,AEA,EN,Federal Contract Tower,0,6,16,0,22,0,0,32,0,32,0,6,48,0,54,46,0,46,100
06/10/2007,LYH,VA,AEA,EN,Federal Contract Tower,0,9,17,0,26,0,0,102,0,102,0,9,119,0,128,36,0,36,164
06/11/2007,LYH,VA,AEA,EN,Federal Contract Tower,0,28,23,0,51,0,0,69,6,75,0,28,92,6,126,124,0,124,250
06/12/2007,LYH,VA,AEA,EN,Federal Contract Tower,0,20,36,0,56,0,0,75,0,75,0,20,111,0,131,74,0,74,205
06/13/2007,LYH,VA,AEA,EN,Federal Contract Tower,0,17,14,0,31,0,0,48,0,48,0,17,62,0,79,54,0,54,133
06/14/2007,LYH,VA,AEA,EN,Federal Contract Tower,0,23,19,3,45,0,0,0,0,0,0,23,19,3,45,0,0,0,45
06/15/2007,LYH,VA,AEA,EN,Federal Contract Tower,0,20,28,2,50,0,0,19,7,26,0,20,47,9,76,58,0,58,134
06/16/2007,LYH,VA,AEA,EN,Federal Contract Tower,0,3,16,0,19,0,0,27,2,29,0,3,43,2,48,0,0,0,48
06/17/2007,LYH,VA,AEA,EN,Federal Contract Tower,0,14,13,0,27,0,0,59,0,59,0,14,72,0,86,48,0,48,134
06/18/2007,LYH,VA,AEA,EN,Federal Contract Tower,0,25,32,0,57,0,0,76,0,76,0,25,108,0,133,98,0,98,231
06/19/2007,LYH,VA,AEA,EN,Federal Contract Tower,0,25,38,0,63,0,0,80,0,80,0,25,118,0,143,50,0,50,193
06/20/2007,LYH,VA,AEA,EN,Federal Contract Tower,0,21,16,6,43,0,0,50,0,50,0,21,66,6,93,92,0,92,185
06/21/2007,LYH,VA,AEA,EN,Federal Contract Tower,0,21,47,4,72,0,0,133,2,135,0,21,180,6,207,188,0,188,395
06/22/2007,LYH,VA,AEA,EN,Federal Contract Tower,0,20,28,0,48,0,0,72,0,72,0,20,100,0,120,124,0,124,244
06/23/2007,LYH,VA,AEA,EN,Federal Contract Tower,0,3,17,0,20,0,0,60,0,60,0,3,77,0,80,76,0,76,156
06/24/2007,LYH,VA,AEA,EN,Federal Contract Tower,0,11,23,0,34,0,0,29,2,31,0,11,52,2,65,34,0,34,99
06/25/2007,LYH,VA,AEA,EN,Federal Contract Tower,0,27,24,0,51,0,0,64,0,64,0,27,88,0,115,130,0,130,245
06/26/2007,LYH,VA,AEA,EN,Federal Contract Tower,0,23,22,2,47,0,0,56,3,59,0,23,78,5,106,62,0,62,168
06/27/2007,LYH,VA,AEA,EN,Federal Contract Tower,0,19,19,5,43,0,0,42,4,46,0,19,61,9,89,74,10,84,173
06/28/2007,LYH,VA,AEA,EN,Federal Contract Tower,0,22,28,4,54,0,0,42,0,42,0,22,70,4,96,90,0,90,186
06/29/2007,LYH,VA,AEA,EN,Federal Contract Tower,0,21,10,0,31,0,0,42,0,42,0,21,52,0,73,70,0,70,143
06/30/2007,LYH,VA,AEA,EN,Federal Contract Tower,0,6,21,0,27,0,0,45,0,45,0,6,66,0,72,26,0,26,98
07/01/2007,LYH,VA,AEA,EN,Federal Contract Tower,0,9,23,0,32,0,0,32,0,32,0,9,55,0,64,12,0,12,76
07/02/2007,LYH,VA,AEA,EN,Federal Contract Tower,0,17,13,1,31,0,0,64,1,65,0,17,77,2,96,76,2,78,174
07/03/2007,LYH,VA,AEA,EN,Federal Contract Tower,0,19,18,0,37,0,0,70,0,70,0,19,88,0,107,170,0,170,277
07/04/2007,LYH,VA,AEA,EN,Federal Contract Tower,0,6,13,0,19,0,0,37,0,37,0,6,50,0,56,42,0,42,98
07/05/2007,LYH,VA,AEA,EN,Federal Contract Tower,0,24,20,0,44,0,0,62,4,66,0,24,82,4,110,30,0,30,140
07/06/2007,LYH,VA,AEA,EN,Federal Contract Tower,0,19,38,5,62,0,0,63,1,64,0,19,101,6,126,84,0,84,210
07/07/2007,LYH,VA,AEA,EN,Federal Contract Tower,0,3,23,0,26,0,0,76,0,76,0,3,99,0,102,62,0,62,164
07/08/2007,LYH,VA,AEA,EN,Federal Contract Tower,0,8,11,0,19,0,0,45,4,49,0,8,56,4,68,74,0,74,142
07/09/2007,LYH,VA,AEA,EN,Federal Contract Tower,0,15,25,2,42,0,0,47,0,47,0,15,72,2,89,120,0,120,209
07/10/2007,LYH,VA,AEA,EN,Federal Contract Tower,0,29,20,0,49,0,0,28,0,28,0,29,48,0,77,38,0,38,115
07/11/2007,LYH,VA,AEA,EN,Federal Contract Tower,0,20,19,0,39,0,0,27,0,27,0,20,46,0,66,34,0,34,100
07/12/2007,LYH,VA,AEA,EN,Federal Contract Tower,0,16,18,0,34,0,0,73,0,73,0,16,91,0,107,50,0,50,157
07/13/2007,LYH,VA,AEA,EN,Federal Contract Tower,0,20,10,2,32,0,0,47,0,47,0,20,57,2,79,42,0,42,121
07/14/2007,LYH,VA,AEA,EN,Federal Contract Tower,0,7,16,0,23,0,0,67,0,67,0,7,83,0,90,68,0,68,158
07/15/2007,LYH,VA,AEA,EN,Federal Contract Tower,0,9,9,2,20,0,0,38,0,38,0,9,47,2,58,30,0,30,88
07/16/2007,LYH,VA,AEA,EN,Federal Contract Tower,0,23,14,0,37,0,0,19,0,19,0,23,33,0,56,36,0,36,92
07/17/2007,LYH,VA,AEA,EN,Federal Contract Tower,0,19,24,0,43,0,0,51,6,57,0,19,75,6,100,78,4,82,182
07/18/2007,LYH,VA,AEA,EN,Federal Contract Tower,0,26,27,0,53,0,0,49,2,51,0,26,76,2,104,62,0,62,166
07/19/2007,LYH,VA,AEA,EN,Federal Contract Tower,0,18,31,0,49,0,0,58,7,65,0,18,89,7,114,88,0,88,202
07/20/2007,LYH,VA,AEA,EN,Federal Contract Tower,0,19,32,4,55,0,0,53,1,54,0,19,85,5,109,50,0,50,159
07/21/2007,LYH,VA,AEA,EN,Federal Contract Tower,0,5,20,0,25,0,0,42,0,42,0,5,62,0,67,8,0,8,75
07/22/2007,LYH,VA,AEA,EN,Federal Contract Tower,0,8,15,0,23,0,0,31,4,35,0,8,46,4,58,24,0,24,82
07/23/2007,LYH,VA,AEA,EN,Federal Contract Tower,0,20,14,0,34,0,0,50,0,50,0,20,64,0,84,74,0,74,158
07/24/2007,LYH,VA,AEA,EN,Federal Contract Tower,0,22,27,0,49,0,0,33,0,33,0,22,60,0,82,30,0,30,112
07/25/2007,LYH,VA,AEA,EN,Federal Contract Tower,0,25,35,0,60,0,0,15,0,15,0,25,50,0,75,2,0,2,77
07/26/2007,LYH,VA,AEA,EN,Federal Contract Tower,0,17,37,0,54,0,0,32,0,32,0,17,69,0,86,30,0,30,116
07/27/2007,LYH,VA,AEA,EN,Federal Contract Tower,0,17,24,0,41,0,0,38,2,40,0,17,62,2,81,32,0,32,113
07/28/2007,LYH,VA,AEA,EN,Federal Contract Tower,0,10,14,0,24,0,0,15,0,15,0,10,29,0,39,50,0,50,89
07/29/2007,LYH,VA,AEA,EN,Federal Contract Tower,0,10,10,1,21,0,0,28,0,28,0,10,38,1,49,26,0,26,75
07/30/2007,LYH,VA,AEA,EN,Federal Contract Tower,0,17,21,0,38,0,0,12,6,18,0,17,33,6,56,26,0,26,82
07/31/2007,LYH,VA,AEA,EN,Federal Contract Tower,0,16,17,2,35,0,0,45,6,51,0,16,62,8,86,38,0,38,124
08/01/2007,LYH,VA,AEA,EN,Federal Contract Tower,0,23,32,0,55,0,0,72,2,74,0,23,104,2,129,82,0,82,211
08/02/2007,LYH,VA,AEA,EN,Federal Contract Tower,0,20,29,4,53,0,0,51,6,57,0,20,80,10,110,98,4,102,212
08/03/2007,LYH,VA,AEA,EN,Federal Contract Tower,0,25,33,0,58,0,0,34,0,34,0,25,67,0,92,38,0,38,130
08/04/2007,LYH,VA,AEA,EN,Federal Contract Tower,0,9,19,2,30,0,0,29,0,29,0,9,48,2,59,24,0,24,83
08/05/2007,LYH,VA,AEA,EN,Federal Contract Tower,0,12,11,0,23,0,0,21,0,21,0,12,32,0,44,0,0,0,44
08/06/2007,LYH,VA,AEA,EN,Federal Contract Tower,0,19,40,0,59,0,0,82,0,82,0,19,122,0,141,100,0,100,241
08/07/2007,LYH,VA,AEA,EN,Federal Contract Tower,0,20,14,0,34,0,0,36,6,42,0,20,50,6,76,78,0,78,154
08/08/2007,LYH,VA,AEA,EN,Federal Contract Tower,0,22,10,4,36,0,0,50,0,50,0,22,60,4,86,14,4,18,104
08/09/2007,LYH,VA,AEA,EN,Federal Contract Tower,0,25,12,5,42,0,0,33,3,36,0,25,45,8,78,16,0,16,94
08/10/2007,LYH,VA,AEA,EN,Federal Contract Tower,0,21,16,1,38,0,0,25,0,25,0,21,41,1,63,2,0,2,65
08/11/2007,LYH,VA,AEA,EN,Federal Contract Tower,0,6,17,0,23,0,0,33,0,33,0,6,50,0,56,14,0,14,70
08/12/2007,LYH,VA,AEA,EN,Federal Contract Tower,0,10,6,0,16,0,0,61,0,61,0,10,67,0,77,6,0,6,83
08/13/2007,LYH,VA,AEA,EN,Federal Contract Tower,0,23,30,0,53,0,0,31,0,31,0,23,61,0,84,18,0,18,102
08/14/2007,LYH,VA,AEA,EN,Federal Contract Tower,0,15,22,3,40,0,0,56,2,58,0,15,78,5,98,62,0,62,160
08/15/2007,LYH,VA,AEA,EN,Federal Contract Tower,0,23,38,0,61,0,0,56,2,58,0,23,94,2,119,72,0,72,191
08/16/2007,LYH,VA,AEA,EN,Federal Contract Tower,0,23,31,2,56,0,0,39,0,39,0,23,70,2,95,30,0,30,125
08/17/2007,LYH,VA,AEA,EN,Federal Contract Tower,0,16,27,0,43,0,0,42,0,42,0,16,69,0,85,50,0,50,135
08/18/2007,LYH,VA,AEA,EN,Federal Contract Tower,0,7,15,0,22,0,0,55,0,55,0,7,70,0,77,36,0,36,113
08/19/2007,LYH,VA,AEA,EN,Federal Contract Tower,0,14,18,0,32,0,0,46,0,46,0,14,64,0,78,50,0,50,128
08/20/2007,LYH,VA,AEA,EN,Federal Contract Tower,0,27,33,0,60,0,0,5,0,5,0,27,38,0,65,44,0,44,109
08/21/2007,LYH,VA,AEA,EN,Federal Contract Tower,0,20,26,0,46,0,0,26,0,26,0,20,52,0,72,8,0,8,80
08/22/2007,LYH,VA,AEA,EN,Federal Contract Tower,0,30,44,2,76,0,0,23,1,24,0,30,67,3,100,36,6,42,142
08/23/2007,LYH,VA,AEA,EN,Federal Contract Tower,0,22,21,4,47,0,0,4,11,15,0,22,25,15,62,30,0,30,92
08/24/2007,LYH,VA,AEA,EN,Federal Contract Tower,0,24,24,2,50,0,0,40,2,42,0,24,64,4,92,28,0,28,120
08/25/2007,LYH,VA,AEA,EN,Federal Contract Tower,0,11,16,0,27,0,0,73,0,73,0,11,89,0,100,94,0,94,194
08/26/2007,LYH,VA,AEA,EN,Federal Contract Tower,0,18,28,0,46,0,0,19,0,19,0,18,47,0,65,16,0,16,81
08/27/2007,LYH,VA,AEA,EN,Federal Contract Tower,0,22,44,0,66,0,0,55,2,57,0,22,99,2,123,70,0,70,193
08/28/2007,LYH,VA,AEA,EN,Federal Contract Tower,0,24,25,4,53,0,0,56,2,58,0,24,81,6,111,98,0,98,209
08/29/2007,LYH,VA,AEA,EN,Federal Contract Tower,0,19,33,0,52,0,0,47,2,49,0,19,80,2,101,72,0,72,173
08/30/2007,LYH,VA,AEA,EN,Federal Contract Tower,0,23,28,0,51,0,0,81,6,87,0,23,109,6,138,110,0,110,248
08/31/2007,LYH,VA,AEA,EN,Federal Contract Tower,0,19,34,4,57,0,0,50,8,58,0,19,84,12,115,42,0,42,157
09/01/2007,LYH,VA,AEA,EN,Federal Contract Tower,0,7,10,0,17,0,0,52,0,52,0,7,62,0,69,66,0,66,135
09/02/2007,LYH,VA,AEA,EN,Federal Contract Tower,0,7,14,0,21,0,0,45,2,47,0,7,59,2,68,26,2,28,96
09/03/2007,LYH,VA,AEA,EN,Federal Contract Tower,0,16,12,0,28,0,0,48,2,50,0,16,60,2,78,30,2,32,110
09/04/2007,LYH,VA,AEA,EN,Federal Contract Tower,0,16,24,0,40,0,0,72,10,82,0,16,96,10,122,82,0,82,204
09/05/2007,LYH,VA,AEA,EN,Federal Contract Tower,0,26,15,4,45,0,0,72,2,74,0,26,87,6,119,64,6,70,189
09/06/2007,LYH,VA,AEA,EN,Federal Contract Tower,0,22,22,1,45,0,0,91,1,92,0,22,113,2,137,78,0,78,215
09/07/2007,LYH,VA,AEA,EN,Federal Contract Tower,0,17,47,1,65,0,0,77,1,78,0,17,124,2,143,72,0,72,215
09/08/2007,LYH,VA,AEA,EN,Federal Contract Tower,0,11,29,0,40,0,0,76,0,76,0,11,105,0,116,26,0,26,142
09/09/2007,LYH,VA,AEA,EN,Federal Contract Tower,0,10,24,0,34,0,0,50,4,54,0,10,74,4,88,46,2,48,136
09/10/2007,LYH,VA,AEA,EN,Federal Contract Tower,0,16,21,0,37,0,0,79,4,83,0,16,100,4,120,106,0,106,226
09/11/2007,LYH,VA,AEA,EN,Federal Contract Tower,0,19,28,2,49,0,0,62,5,67,0,19,90,7,116,106,0,106,222
09/12/2007,LYH,VA,AEA,EN,Federal Contract Tower,0,22,25,0,47,0,0,86,4,90,0,22,111,4,137,102,0,102,239
09/13/2007,LYH,VA,AEA,EN,Federal Contract Tower,0,17,51,0,68,0,0,60,6,66,0,17,111,6,134,70,0,70,204
09/14/2007,LYH,VA,AEA,EN,Federal Contract Tower,0,15,26,3,44,0,1,31,3,35,0,16,57,6,79,28,0,28,107
09/15/2007,LYH,VA,AEA,EN,Federal Contract Tower,0,7,11,0,18,0,0,49,0,49,0,7,60,0,67,116,0,116,183
09/16/2007,LYH,VA,AEA,EN,Federal Contract Tower,0,14,24,3,41,0,0,87,0,87,0,14,111,3,128,64,0,64,192
09/17/2007,LYH,VA,AEA,EN,Federal Contract Tower,0,18,14,0,32,0,0,107,0,107,0,18,121,0,139,144,0,144,283
09/18/2007,LYH,VA,AEA,EN,Federal Contract Tower,0,18,25,0,43,0,0,103,0,103,0,18,128,0,146,116,0,116,262
09/19/2007,LYH,VA,AEA,EN,Federal Contract Tower,0,28,20,1,49,0,0,83,0,83,0,28,103,1,132,80,0,80,212
09/20/2007,LYH,VA,AEA,EN,Federal Contract Tower,0,19,19,0,38,0,0,66,0,66,0,19,85,0,104,66,0,66,170
09/21/2007,LYH,VA,AEA,EN,Federal Contract Tower,0,20,60,0,80,0,0,45,0,45,0,20,105,0,125,36,0,36,161
09/22/2007,LYH,VA,AEA,EN,Federal Contract Tower,0,9,15,2,26,0,0,38,0,38,0,9,53,2,64,66,0,66,130
09/23/2007,LYH,VA,AEA,EN,Federal Contract Tower,0,16,24,0,40,0,0,43,0,43,0,16,67,0,83,30,0,30,113
09/24/2007,LYH,VA,AEA,EN,Federal Contract Tower,0,18,17,0,35,0,0,97,0,97,0,18,114,0,132,90,0,90,222
09/25/2007,LYH,VA,AEA,EN,Federal Contract Tower,0,16,41,0,57,0,0,89,4,93,0,16,130,4,150,100,0,100,250
09/26/2007,LYH,VA,AEA,EN,Federal Contract Tower,0,21,17,0,38,0,0,64,1,65,0,21,81,1,103,86,0,86,189
09/27/2007,LYH,VA,AEA,EN,Federal Contract Tower,0,21,25,0,46,0,0,76,0,76,0,21,101,0,122,70,0,70,192
09/28/2007,LYH,VA,AEA,EN,Federal Contract Tower,0,20,32,2,54,0,0,44,4,48,0,20,76,6,102,72,0,72,174
09/29/2007,LYH,VA,AEA,EN,Federal Contract Tower,0,11,18,0,29,0,0,34,2,36,0,11,52,2,65,92,0,92,157
09/30/2007,LYH,VA,AEA,EN,Federal Contract Tower,0,20,19,2,41,0,0,65,0,65,0,20,84,2,106,34,0,34,140
10/01/2007,LYH,VA,AEA,EN,Federal Contract Tower,0,23,21,1,45,0,0,79,5,84,0,23,100,6,129,122,0,122,251
10/02/2007,LYH,VA,AEA,EN,Federal Contract Tower,0,20,24,1,45,0,0,51,2,53,0,20,75,3,98,88,0,88,186
10/03/2007,LYH,VA,AEA,EN,Federal Contract Tower,0,25,33,5,63,0,0,52,4,56,0,25,85,9,119,88,8,96,215
10/04/2007,LYH,VA,AEA,EN,Federal Contract Tower,0,22,33,0,55,0,0,48,5,53,0,22,81,5,108,92,0,92,200
10/05/2007,LYH,VA,AEA,EN,Federal Contract Tower,2,20,52,2,76,0,0,46,0,46,2,20,98,2,122,66,0,66,188
10/06/2007,LYH,VA,AEA,EN,Federal Contract Tower,0,9,26,0,35,0,0,46,2,48,0,9,72,2,83,16,0,16,99
10/07/2007,LYH,VA,AEA,EN,Federal Contract Tower,0,14,43,0,57,0,0,73,0,73,0,14,116,0,130,46,0,46,176
10/08/2007,LYH,VA,AEA,EN,Federal Contract Tower,0,22,27,0,49,0,0,68,0,68,0,22,95,0,117,114,0,114,231
10/09/2007,LYH,VA,AEA,EN,Federal Contract Tower,0,21,19,0,40,0,0,75,2,77,0,21,94,2,117,88,0,88,205
10/10/2007,LYH,VA,AEA,EN,Federal Contract Tower,0,20,34,0,54,0,0,100,0,100,0,20,134,0,154,130,0,130,284
10/11/2007,LYH,VA,AEA,EN,Federal Contract Tower,0,0,0,0,0,0,23,80,8,111,0,23,80,8,111,44,2,46,157
10/12/2007,LYH,VA,AEA,EN,Federal Contract Tower,0,17,37,0,54,0,0,59,0,59,0,17,96,0,113,72,0,72,185
10/13/2007,LYH,VA,AEA,EN,Federal Contract Tower,0,10,18,0,28,0,0,105,9,114,0,10,123,9,142,256,0,256,398
10/14/2007,LYH,VA,AEA,EN,Federal Contract Tower,0,14,21,1,36,0,0,62,0,62,0,14,83,1,98,48,0,48,146
10/15/2007,LYH,VA,AEA,EN,Federal Contract Tower,0,17,39,0,56,0,0,59,2,61,0,17,98,2,117,92,0,92,209
10/16/2007,LYH,VA,AEA,EN,Federal Contract Tower,0,16,22,0,38,0,0,63,2,65,0,16,85,2,103,104,0,104,207
10/17/2007,LYH,VA,AEA,EN,Federal Contract Tower,0,22,15,0,37,0,0,102,2,104,0,22,117,2,141,184,0,184,325
10/18/2007,LYH,VA,AEA,EN,Federal Contract Tower,0,21,28,4,53,0,0,119,5,124,0,21,147,9,177,288,4,292,469
10/19/2007,LYH,VA,AEA,EN,Federal Contract Tower,0,24,10,0,34,0,0,3,2,5,0,24,13,2,39,14,0,14,53
10/20/2007,LYH,VA,AEA,EN,Federal Contract Tower,0,13,12,0,25,0,0,82,2,84,0,13,94,2,109,66,0,66,175
10/21/2007,LYH,VA,AEA,EN,Federal Contract Tower,0,17,13,0,30,0,0,43,0,43,0,17,56,0,73,2,0,2,75
10/22/2007,LYH,VA,AEA,EN,Federal Contract Tower,0,22,20,0,42,0,0,68,0,68,0,22,88,0,110,108,0,108,218
10/23/2007,LYH,VA,AEA,EN,Federal Contract Tower,0,12,29,0,41,0,0,23,0,23,0,12,52,0,64,52,0,52,116
10/24/2007,LYH,VA,AEA,EN,Federal Contract Tower,0,23,26,0,49,0,0,0,0,0,0,23,26,0,49,0,0,0,49
10/25/2007,LYH,VA,AEA,EN,Federal Contract Tower,0,18,25,0,43,0,0,0,0,0,0,18,25,0,43,0,0,0,43
10/26/2007,LYH,VA,AEA,EN,Federal Contract Tower,0,23,25,0,48,0,0,0,0,0,0,23,25,0,48,0,0,0,48
10/27/2007,LYH,VA,AEA,EN,Federal Contract Tower,0,13,32,0,45,0,0,25,0,25,0,13,57,0,70,24,0,24,94
10/28/2007,LYH,VA,AEA,EN,Federal Contract Tower,0,20,33,0,53,0,0,20,0,20,0,20,53,0,73,6,0,6,79
10/29/2007,LYH,VA,AEA,EN,Federal Contract Tower,0,13,21,0,34,0,0,59,0,59,0,13,80,0,93,124,0,124,217
10/30/2007,LYH,VA,AEA,EN,Federal Contract Tower,0,20,31,0,51,0,0,67,0,67,0,20,98,0,118,114,0,114,232
10/31/2007,LYH,VA,AEA,EN,Federal Contract Tower,0,17,29,0,46,0,0,49,0,49,0,17,78,0,95,148,0,148,243
11/01/2007,LYH,VA,AEA,EN,Federal Contract Tower,0,17,33,0,50,0,0,83,0,83,0,17,116,0,133,78,0,78,211
11/02/2007,LYH,VA,AEA,EN,Federal Contract Tower,0,19,55,2,76,0,0,42,0,42,0,19,97,2,118,72,10,82,200
11/03/2007,LYH,VA,AEA,EN,Federal Contract Tower,0,7,15,0,22,0,0,29,0,29,0,7,44,0,51,20,0,20,71
11/04/2007,LYH,VA,AEA,EN,Federal Contract Tower,0,11,17,0,28,0,0,47,2,49,0,11,64,2,77,6,0,6,83
11/05/2007,LYH,VA,AEA,EN,Federal Contract Tower,0,25,30,0,55,0,0,63,0,63,0,25,93,0,118,136,0,136,254
11/06/2007,LYH,VA,AEA,EN,Federal Contract Tower,0,18,25,0,43,0,0,14,1,15,0,18,39,1,58,6,0,6,64
11/07/2007,LYH,VA,AEA,EN,Federal Contract Tower,0,23,33,0,56,0,0,60,0,60,0,23,93,0,116,72,0,72,188
11/08/2007,LYH,VA,AEA,EN,Federal Contract Tower,0,23,32,4,59,0,0,70,0,70,0,23,102,4,129,66,0,66,195
11/09/2007,LYH,VA,AEA,EN,Federal Contract Tower,0,24,27,0,51,0,0,54,2,56,0,24,81,2,107,58,0,58,165
11/10/2007,LYH,VA,AEA,EN,Federal Contract Tower,0,13,25,0,38,0,0,43,0,43,0,13,68,0,81,74,0,74,155
11/11/2007,LYH,VA,AEA,EN,Federal Contract Tower,0,17,19,0,36,0,0,48,0,48,0,17,67,0,84,58,0,58,142
11/12/2007,LYH,VA,AEA,EN,Federal Contract Tower,0,15,24,0,39,0,0,58,1,59,0,15,82,1,98,162,0,162,260
11/13/2007,LYH,VA,AEA,EN,Federal Contract Tower,0,19,34,2,55,0,0,76,6,82,0,19,110,8,137,144,6,150,287
11/14/2007,LYH,VA,AEA,EN,Federal Contract Tower,0,18,24,0,42,0,0,63,2,65,0,18,87,2,107,102,0,102,209
11/15/2007,LYH,VA,AEA,EN,Federal Contract Tower,0,16,21,2,39,0,0,19,0,19,0,16,40,2,58,18,54,72,130
11/16/2007,LYH,VA,AEA,EN,Federal Contract Tower,0,19,31,0,50,0,0,63,0,63,0,19,94,0,113,64,0,64,177
11/17/2007,LYH,VA,AEA,EN,Federal Contract Tower,0,13,34,0,47,0,0,48,0,48,0,13,82,0,95,82,0,82,177
11/18/2007,LYH,VA,AEA,EN,Federal Contract Tower,0,14,28,0,42,0,0,37,0,37,0,14,65,0,79,36,0,36,115
11/19/2007,LYH,VA,AEA,EN,Federal Contract Tower,0,17,17,0,34,0,0,31,0,31,0,17,48,0,65,22,0,22,87
11/20/2007,LYH,VA,AEA,EN,Federal Contract Tower,0,16,25,1,42,0,0,26,2,28,0,16,51,3,70,32,2,34,104
11/21/2007,LYH,VA,AEA,EN,Federal Contract Tower,0,20,11,0,31,0,0,39,0,39,0,20,50,0,70,10,0,10,80
11/22/2007,LYH,VA,AEA,EN,Federal Contract Tower,0,7,6,0,13,0,0,0,0,0,0,7,6,0,13,0,0,0,13
11/23/2007,LYH,VA,AEA,EN,Federal Contract Tower,0,9,12,0,21,0,0,25,0,25,0,9,37,0,46,8,0,8,54
11/24/2007,LYH,VA,AEA,EN,Federal Contract Tower,0,10,12,0,22,0,0,49,0,49,0,10,61,0,71,12,0,12,83
11/25/2007,LYH,VA,AEA,EN,Federal Contract Tower,0,16,16,0,32,0,0,16,0,16,0,16,32,0,48,0,0,0,48
11/26/2007,LYH,VA,AEA,EN,Federal Contract Tower,0,20,9,0,29,0,0,0,0,0,0,20,9,0,29,0,0,0,29
11/27/2007,LYH,VA,AEA,EN,Federal Contract Tower,0,21,41,0,62,0,0,60,0,60,0,21,101,0,122,30,0,30,152
11/28/2007,LYH,VA,AEA,EN,Federal Contract Tower,0,21,28,0,49,0,0,72,0,72,0,21,100,0,121,92,0,92,213
11/29/2007,LYH,VA,AEA,EN,Federal Contract Tower,0,18,36,0,54,0,0,54,0,54,0,18,90,0,108,80,0,80,188
11/30/2007,LYH,VA,AEA,EN,Federal Contract Tower,0,16,35,4,55,0,0,93,0,93,0,16,128,4,148,164,10,174,322
12/01/2007,LYH,VA,AEA,EN,Federal Contract Tower,0,11,16,2,29,0,0,55,0,55,0,11,71,2,84,54,0,54,138
12/02/2007,LYH,VA,AEA,EN,Federal Contract Tower,0,12,11,0,23,0,0,18,0,18,0,12,29,0,41,26,0,26,67
12/03/2007,LYH,VA,AEA,EN,Federal Contract Tower,0,19,8,0,27,0,0,2,0,2,0,19,10,0,29,0,0,0,29
12/04/2007,LYH,VA,AEA,EN,Federal Contract Tower,0,19,30,0,49,0,0,43,0,43,0,19,73,0,92,64,0,64,156
12/05/2007,LYH,VA,AEA,EN,Federal Contract Tower,0,16,18,0,34,0,0,10,0,10,0,16,28,0,44,16,0,16,60
12/06/2007,LYH,VA,AEA,EN,Federal Contract Tower,0,17,24,0,41,0,0,60,0,60,0,17,84,0,101,80,0,80,181
12/07/2007,LYH,VA,AEA,EN,Federal Contract Tower,0,21,18,0,39,0,0,31,0,31,0,21,49,0,70,84,0,84,154
12/08/2007,LYH,VA,AEA,EN,Federal Contract Tower,0,9,26,0,35,0,0,57,0,57,0,9,83,0,92,68,0,68,160
12/09/2007,LYH,VA,AEA,EN,Federal Contract Tower,0,12,10,0,22,0,0,23,0,23,0,12,33,0,45,30,0,30,75
12/10/2007,LYH,VA,AEA,EN,Federal Contract Tower,0,18,24,0,42,0,0,47,0,47,0,18,71,0,89,68,0,68,157
12/11/2007,LYH,VA,AEA,EN,Federal Contract Tower,0,18,28,0,46,0,0,45,0,45,0,18,73,0,91,78,0,78,169
12/12/2007,LYH,VA,AEA,EN,Federal Contract Tower,0,16,44,0,60,0,0,48,2,50,0,16,92,2,110,64,0,64,174
12/13/2007,LYH,VA,AEA,EN,Federal Contract Tower,0,18,25,0,43,0,0,21,0,21,0,18,46,0,64,56,0,56,120
12/14/2007,LYH,VA,AEA,EN,Federal Contract Tower,0,22,36,0,58,0,0,97,0,97,0,22,133,0,155,140,0,140,295
12/15/2007,LYH,VA,AEA,EN,Federal Contract Tower,0,10,15,0,25,0,0,9,0,9,0,10,24,0,34,22,0,22,56
12/16/2007,LYH,VA,AEA,EN,Federal Contract Tower,0,17,2,0,19,0,0,0,0,0,0,17,2,0,19,0,0,0,19
12/17/2007,LYH,VA,AEA,EN,Federal Contract Tower,0,21,17,2,40,0,0,22,0,22,0,21,39,2,62,20,6,26,88
12/18/2007,LYH,VA,AEA,EN,Federal Contract Tower,0,18,44,0,62,0,0,44,2,46,0,18,88,2,108,100,0,100,208
12/19/2007,LYH,VA,AEA,EN,Federal Contract Tower,0,17,21,0,38,0,0,30,0,30,0,17,51,0,68,64,0,64,132
12/20/2007,LYH,VA,AEA,EN,Federal Contract Tower,0,16,28,2,46,0,0,48,0,48,0,16,76,2,94,56,0,56,150
12/21/2007,LYH,VA,AEA,EN,Federal Contract Tower,0,14,14,0,28,0,0,13,4,17,0,14,27,4,45,12,2,14,59
12/22/2007,LYH,VA,AEA,EN,Federal Contract Tower,0,8,18,0,26,0,0,0,0,0,0,8,18,0,26,0,0,0,26
12/23/2007,LYH,VA,AEA,EN,Federal Contract Tower,0,11,0,0,11,0,0,2,0,2,0,11,2,0,13,0,0,0,13
12/24/2007,LYH,VA,AEA,EN,Federal Contract Tower,0,11,21,0,32,0,0,16,0,16,0,11,37,0,48,12,0,12,60
12/25/2007,LYH,VA,AEA,EN,Federal Contract Tower,0,10,6,0,16,0,0,10,0,10,0,10,16,0,26,0,0,0,26
12/26/2007,LYH,VA,AEA,EN,Federal Contract Tower,0,15,18,0,33,0,0,15,0,15,0,15,33,0,48,22,0,22,70
12/27/2007,LYH,VA,AEA,EN,Federal Contract Tower,0,19,31,0,50,0,0,32,0,32,0,19,63,0,82,90,0,90,172
12/28/2007,LYH,VA,AEA,EN,Federal Contract Tower,0,16,31,2,49,0,0,11,0,11,0,16,42,2,60,16,0,16,76
12/29/2007,LYH,VA,AEA,EN,Federal Contract Tower,0,7,14,0,21,0,0,21,0,21,0,7,35,0,42,20,0,20,62
12/30/2007,LYH,VA,AEA,EN,Federal Contract Tower,0,11,3,0,14,0,0,0,0,0,0,11,3,0,14,0,0,0,14
12/31/2007,LYH,VA,AEA,EN,Federal Contract Tower,1,15,14,0,30,0,0,48,0,48,1,15,62,0,78,26,0,26,104
01/01/2008,LYH,VA,AEA,EN,Federal Contract Tower,0,10,2,0,12,0,0,9,0,9,0,10,11,0,21,0,0,0,21
01/02/2008,LYH,VA,AEA,EN,Federal Contract Tower,0,14,9,0,23,0,0,1,0,1,0,14,10,0,24,2,0,2,26
01/03/2008,LYH,VA,AEA,EN,Federal Contract Tower,0,18,16,0,34,0,0,23,2,25,0,18,39,2,59,16,0,16,75
01/04/2008,LYH,VA,AEA,EN,Federal Contract Tower,0,13,19,0,32,0,0,29,0,29,0,13,48,0,61,8,0,8,69
01/05/2008,LYH,VA,AEA,EN,Federal Contract Tower,0,7,17,0,24,0,0,46,0,46,0,7,63,0,70,60,0,60,130
01/06/2008,LYH,VA,AEA,EN,Federal Contract Tower,0,8,17,0,25,0,0,20,0,20,0,8,37,0,45,44,0,44,89
01/07/2008,LYH,VA,AEA,EN,Federal Contract Tower,0,15,14,0,29,0,0,70,0,70,0,15,84,0,99,60,0,60,159
01/08/2008,LYH,VA,AEA,EN,Federal Contract Tower,0,17,16,4,37,0,0,24,0,24,0,17,40,4,61,16,4,20,81
01/09/2008,LYH,VA,AEA,EN,Federal Contract Tower,0,23,16,0,39,0,0,37,2,39,0,23,53,2,78,66,0,66,144
01/10/2008,LYH,VA,AEA,EN,Federal Contract Tower,0,27,40,2,69,0,0,29,4,33,0,27,69,6,102,20,0,20,122
01/11/2008,LYH,VA,AEA,EN,Federal Contract Tower,0,21,26,1,48,0,0,7,0,7,0,21,33,1,55,0,0,0,55
01/12/2008,LYH,VA,AEA,EN,Federal Contract Tower,0,9,33,0,42,0,0,63,0,63,0,9,96,0,105,52,0,52,157
01/13/2008,LYH,VA,AEA,EN,Federal Contract Tower,0,16,10,0,26,0,0,8,0,8,0,16,18,0,34,0,0,0,34
01/14/2008,LYH,VA,AEA,EN,Federal Contract Tower,0,24,17,1,42,0,0,32,0,32,0,24,49,1,74,52,0,52,126
01/15/2008,LYH,VA,AEA,EN,Federal Contract Tower,0,18,13,4,35,0,0,14,3,17,0,18,27,7,52,6,32,38,90
01/16/2008,LYH,VA,AEA,EN,Federal Contract Tower,0,23,39,0,62,0,0,63,2,65,0,23,102,2,127,80,0,80,207
01/17/2008,LYH,VA,AEA,EN,Federal Contract Tower,0,13,0,0,13,0,0,0,0,0,0,13,0,0,13,0,0,0,13
01/18/2008,LYH,VA,AEA,EN,Federal Contract Tower,0,20,24,0,44,0,0,36,0,36,0,20,60,0,80,84,0,84,164
01/19/2008,LYH,VA,AEA,EN,Federal Contract Tower,0,6,13,0,19,0,0,13,0,13,0,6,26,0,32,20,0,20,52
01/20/2008,LYH,VA,AEA,EN,Federal Contract Tower,0,17,15,0,32,0,0,2,0,2,0,17,17,0,34,0,0,0,34
01/21/2008,LYH,VA,AEA,EN,Federal Contract Tower,0,16,21,0,37,0,0,47,2,49,0,16,68,2,86,60,0,60,146
01/22/2008,LYH,VA,AEA,EN,Federal Contract Tower,0,20,9,0,29,0,0,8,0,8,0,20,17,0,37,14,0,14,51
01/23/2008,LYH,VA,AEA,EN,Federal Contract Tower,0,19,29,0,48,0,0,105,0,105,0,19,134,0,153,100,0,100,253
01/24/2008,LYH,VA,AEA,EN,Federal Contract Tower,0,17,6,0,23,0,0,31,5,36,0,17,37,5,59,62,0,62,121
01/25/2008,LYH,VA,AEA,EN,Federal Contract Tower,0,20,27,2,49,0,0,68,3,71,0,20,95,5,120,114,0,114,234
01/26/2008,LYH,VA,AEA,EN,Federal Contract Tower,0,7,19,0,26,0,0,42,0,42,0,7,61,0,68,72,0,72,140
01/27/2008,LYH,VA,AEA,EN,Federal Contract Tower,0,15,18,0,33,0,0,37,0,37,0,15,55,0,70,28,0,28,98
01/28/2008,LYH,VA,AEA,EN,Federal Contract Tower,0,19,25,0,44,0,0,100,0,100,0,19,125,0,144,74,0,74,218
01/29/2008,LYH,VA,AEA,EN,Federal Contract Tower,0,25,13,0,38,0,0,63,1,64,0,25,76,1,102,58,0,58,160
01/30/2008,LYH,VA,AEA,EN,Federal Contract Tower,0,19,10,0,29,0,0,13,0,13,0,19,23,0,42,20,0,20,62
01/31/2008,LYH,VA,AEA,EN,Federal Contract Tower,0,21,21,0,42,0,0,98,2,100,0,21,119,2,142,112,0,112,254
02/01/2008,LYH,VA,AEA,EN,Federal Contract Tower,0,14,5,5,24,0,0,0,0,0,0,14,5,5,24,0,0,0,24
02/02/2008,LYH,VA,AEA,EN,Federal Contract Tower,0,8,23,2,33,0,0,98,0,98,0,8,121,2,131,126,0,126,257
02/03/2008,LYH,VA,AEA,EN,Federal Contract Tower,0,11,26,0,37,0,0,44,0,44,0,11,70,0,81,12,0,12,93
02/04/2008,LYH,VA,AEA,EN,Federal Contract Tower,0,18,45,0,63,0,0,60,2,62,0,18,105,2,125,86,0,86,211
02/05/2008,LYH,VA,AEA,EN,Federal Contract Tower,0,19,20,0,39,0,0,68,0,68,0,19,88,0,107,80,0,80,187
02/06/2008,LYH,VA,AEA,EN,Federal Contract Tower,0,24,20,0,44,0,0,6,0,6,0,24,26,0,50,0,0,0,50
02/07/2008,LYH,VA,AEA,EN,Federal Contract Tower,0,21,22,8,51,0,0,71,4,75,0,21,93,12,126,84,8,92,218
02/08/2008,LYH,VA,AEA,EN,Federal Contract Tower,0,21,24,0,45,0,0,99,10,109,0,21,123,10,154,86,0,86,240
02/09/2008,LYH,VA,AEA,EN,Federal Contract Tower,0,12,19,0,31,0,0,59,0,59,0,12,78,0,90,38,0,38,128
02/10/2008,LYH,VA,AEA,EN,Federal Contract Tower,0,23,3,0,26,0,0,1,1,2,0,23,4,1,28,0,0,0,28
02/11/2008,LYH,VA,AEA,EN,Federal Contract Tower,0,22,23,0,45,0,0,87,1,88,0,22,110,1,133,66,0,66,199
02/12/2008,LYH,VA,AEA,EN,Federal Contract Tower,0,10,12,0,22,0,0,19,0,19,0,10,31,0,41,106,0,106,147
02/13/2008,LYH,VA,AEA,EN,Federal Contract Tower,0,25,12,0,37,0,0,17,0,17,0,25,29,0,54,16,0,16,70
02/14/2008,LYH,VA,AEA,EN,Federal Contract Tower,0,20,27,1,48,0,0,126,1,127,0,20,153,2,175,138,0,138,313
02/15/2008,LYH,VA,AEA,EN,Federal Contract Tower,0,18,24,0,42,0,1,117,0,118,0,19,141,0,160,116,0,116,276
02/16/2008,LYH,VA,AEA,EN,Federal Contract Tower,0,8,29,0,37,0,0,90,2,92,0,8,119,2,129,120,0,120,249
02/17/2008,LYH,VA,AEA,EN,Federal Contract Tower,0,11,12,0,23,0,0,2,0,2,0,11,14,0,25,0,0,0,25
02/18/2008,LYH,VA,AEA,EN,Federal Contract Tower,0,23,21,0,44,0,0,32,0,32,0,23,53,0,76,84,0,84,160
02/19/2008,LYH,VA,AEA,EN,Federal Contract Tower,0,21,14,0,35,0,0,26,0,26,0,21,40,0,61,8,0,8,69
02/20/2008,LYH,VA,AEA,EN,Federal Contract Tower,0,21,25,0,46,0,0,35,0,35,0,21,60,0,81,52,0,52,133
02/21/2008,LYH,VA,AEA,EN,Federal Contract Tower,0,21,28,0,49,0,0,60,0,60,0,21,88,0,109,126,0,126,235
02/22/2008,LYH,VA,AEA,EN,Federal Contract Tower,0,18,0,0,18,0,0,0,0,0,0,18,0,0,18,0,0,0,18
02/23/2008,LYH,VA,AEA,EN,Federal Contract Tower,0,9,12,0,21,0,0,9,0,9,0,9,21,0,30,10,0,10,40
02/24/2008,LYH,VA,AEA,EN,Federal Contract Tower,0,13,14,0,27,0,0,5,0,5,0,13,19,0,32,30,0,30,62
02/25/2008,LYH,VA,AEA,EN,Federal Contract Tower,0,25,38,0,63,0,0,80,1,81,0,25,118,1,144,122,0,122,266
02/26/2008,LYH,VA,AEA,EN,Federal Contract Tower,0,26,25,4,55,0,0,13,0,13,0,26,38,4,68,12,0,12,80
02/27/2008,LYH,VA,AEA,EN,Federal Contract Tower,0,19,15,3,37,0,0,25,6,31,0,19,40,9,68,6,12,18,86
02/28/2008,LYH,VA,AEA,EN,Federal Contract Tower,0,25,24,0,49,0,1,88,2,91,0,26,112,2,140,66,0,66,206
02/29/2008,LYH,VA,AEA,EN,Federal Contract Tower,0,17,31,1,49,0,0,69,3,72,0,17,100,4,121,68,0,68,189
03/01/2008,LYH,VA,AEA,EN,Federal Contract Tower,0,7,10,0,17,0,0,18,0,18,0,7,28,0,35,18,0,18,53
03/02/2008,LYH,VA,AEA,EN,Federal Contract Tower,0,16,30,0,46,0,0,66,6,72,0,16,96,6,118,30,0,30,148
03/03/2008,LYH,VA,AEA,EN,Federal Contract Tower,0,15,26,1,42,0,0,74,1,75,0,15,100,2,117,40,2,42,159
03/04/2008,LYH,VA,AEA,EN,Federal Contract Tower,0,12,29,0,41,0,0,0,0,0,0,12,29,0,41,6,0,6,47
03/05/2008,LYH,VA,AEA,EN,Federal Contract Tower,0,26,30,0,56,0,0,80,2,82,0,26,110,2,138,82,2,84,222
03/06/2008,LYH,VA,AEA,EN,Federal Contract Tower,0,23,33,0,56,0,0,155,3,158,0,23,188,3,214,166,0,166,380
03/07/2008,LYH,VA,AEA,EN,Federal Contract Tower,0,24,13,0,37,0,0,12,0,12,0,24,25,0,49,28,0,28,77
03/08/2008,LYH,VA,AEA,EN,Federal Contract Tower,0,7,3,0,10,0,0,2,0,2,0,7,5,0,12,2,0,2,14
03/09/2008,LYH,VA,AEA,EN,Federal Contract Tower,0,15,17,2,34,0,0,45,0,45,0,15,62,2,79,16,0,16,95
03/10/2008,LYH,VA,AEA,EN,Federal Contract Tower,0,26,26,0,52,0,0,126,2,128,0,26,152,2,180,146,0,146,326
03/11/2008,LYH,VA,AEA,EN,Federal Contract Tower,0,13,39,0,52,0,0,104,0,104,0,13,143,0,156,112,0,112,268
03/12/2008,LYH,VA,AEA,EN,Federal Contract Tower,0,27,21,0,48,0,0,55,6,61,0,27,76,6,109,28,0,28,137
03/13/2008,LYH,VA,AEA,EN,Federal Contract Tower,0,20,13,6,39,0,0,78,2,80,0,20,91,8,119,118,2,120,239
03/14/2008,LYH,VA,AEA,EN,Federal Contract Tower,0,27,17,0,44,0,0,42,0,42,0,27,59,0,86,32,0,32,118
03/15/2008,LYH,VA,AEA,EN,Federal Contract Tower,0,5,13,1,19,0,0,29,1,30,0,5,42,2,49,18,0,18,67
03/16/2008,LYH,VA,AEA,EN,Federal Contract Tower,0,15,10,0,25,0,0,18,5,23,0,15,28,5,48,2,0,2,50
03/17/2008,LYH,VA,AEA,EN,Federal Contract Tower,0,20,29,0,49,0,0,74,1,75,0,20,103,1,124,44,0,44,168
03/18/2008,LYH,VA,AEA,EN,Federal Contract Tower,0,15,24,4,43,0,0,35,0,35,0,15,59,4,78,60,0,60,138
03/19/2008,LYH,VA,AEA,EN,Federal Contract Tower,0,17,12,0,29,0,0,0,0,0,0,17,12,0,29,0,0,0,29
03/20/2008,LYH,VA,AEA,EN,Federal Contract Tower,0,18,14,0,32,0,0,23,0,23,0,18,37,0,55,0,0,0,55
03/21/2008,LYH,VA,AEA,EN,Federal Contract Tower,0,16,19,3,38,0,0,55,6,61,0,16,74,9,99,50,4,54,153
03/22/2008,LYH,VA,AEA,EN,Federal Contract Tower,0,8,19,8,35,0,0,22,1,23,0,8,41,9,58,34,0,34,92
03/23/2008,LYH,VA,AEA,EN,Federal Contract Tower,0,15,7,0,22,0,0,26,0,26,0,15,33,0,48,6,0,6,54
03/24/2008,LYH,VA,AEA,EN,Federal Contract Tower,0,15,11,0,26,0,0,11,0,11,0,15,22,0,37,0,0,0,37
03/25/2008,LYH,VA,AEA,EN,Federal Contract Tower,0,13,28,2,43,0,0,53,0,53,0,13,81,2,96,180,0,180,276
03/26/2008,LYH,VA,AEA,EN,Federal Contract Tower,0,26,21,1,48,0,0,66,1,67,0,26,87,2,115,62,0,62,177
03/27/2008,LYH,VA,AEA,EN,Federal Contract Tower,0,19,15,0,34,0,0,93,0,93,0,19,108,0,127,198,0,198,325
03/28/2008,LYH,VA,AEA,EN,Federal Contract Tower,0,19,25,0,44,0,0,67,0,67,0,19,92,0,111,82,0,82,193
03/29/2008,LYH,VA,AEA,EN,Federal Contract Tower,0,10,36,0,46,0,0,94,0,94,0,10,130,0,140,138,0,138,278
03/30/2008,LYH,VA,AEA,EN,Federal Contract Tower,0,21,16,0,37,0,0,0,0,0,0,21,16,0,37,0,0,0,37
03/31/2008,LYH,VA,AEA,EN,Federal Contract Tower,0,4,2,0,6,0,20,2,2,24,0,24,4,2,30,0,0,0,30
04/01/2008,LYH,VA,AEA,EN,Federal Contract Tower,0,18,20,0,38,0,0,10,2,12,0,18,30,2,50,4,0,4,54
04/02/2008,LYH,VA,AEA,EN,Federal Contract Tower,0,26,30,1,57,0,0,123,0,123,0,26,153,1,180,88,0,88,268
04/03/2008,LYH,VA,AEA,EN,Federal Contract Tower,0,18,16,6,40,0,0,44,0,44,0,18,60,6,84,82,4,86,170
04/04/2008,LYH,VA,AEA,EN,Federal Contract Tower,0,21,29,0,50,0,0,17,0,17,0,21,46,0,67,2,0,2,69
04/05/2008,LYH,VA,AEA,EN,Federal Contract Tower,0,11,15,0,26,0,0,21,0,21,0,11,36,0,47,70,0,70,117
04/06/2008,LYH,VA,AEA,EN,Federal Contract Tower,0,11,34,0,45,0,0,7,0,7,0,11,41,0,52,20,0,20,72
04/07/2008,LYH,VA,AEA,EN,Federal Contract Tower,0,18,52,0,70,0,0,22,0,22,0,18,74,0,92,46,0,46,138
04/08/2008,LYH,VA,AEA,EN,Federal Contract Tower,0,19,26,6,51,0,0,20,0,20,0,19,46,6,71,90,0,90,161
04/09/2008,LYH,VA,AEA,EN,Federal Contract Tower,0,25,34,0,59,0,0,47,0,47,0,25,81,0,106,120,0,120,226
04/10/2008,LYH,VA,AEA,EN,Federal Contract Tower,0,24,38,0,62,0,0,112,2,114,0,24,150,2,176,214,0,214,390
04/11/2008,LYH,VA,AEA,EN,Federal Contract Tower,0,19,29,1,49,0,0,45,8,53,0,19,74,9,102,52,0,52,154
04/12/2008,LYH,VA,AEA,EN,Federal Contract Tower,0,8,11,0,19,0,0,30,0,30,0,8,41,0,49,46,0,46,95
04/13/2008,LYH,VA,AEA,EN,Federal Contract Tower,0,18,12,0,30,0,0,23,0,23,0,18,35,0,53,26,0,26,79
04/14/2008,LYH,VA,AEA,EN,Federal Contract Tower,0,16,26,0,42,0,0,101,4,105,0,16,127,4,147,128,0,128,275
04/15/2008,LYH,VA,AEA,EN,Federal Contract Tower,0,14,28,0,42,0,0,67,0,67,0,14,95,0,109,138,0,138,247
04/16/2008,LYH,VA,AEA,EN,Federal Contract Tower,0,16,34,0,50,0,0,129,2,131,0,16,163,2,181,188,0,188,369
04/17/2008,LYH,VA,AEA,EN,Federal Contract Tower,0,19,34,0,53,0,0,157,0,157,0,19,191,0,210,214,0,214,424
04/18/2008,LYH,VA,AEA,EN,Federal Contract Tower,0,15,28,0,43,0,0,128,1,129,0,15,156,1,172,138,0,138,310
04/19/2008,LYH,VA,AEA,EN,Federal Contract Tower,0,11,19,0,30,0,0,52,1,53,0,11,71,1,83,34,0,34,117
04/20/2008,LYH,VA,AEA,EN,Federal Contract Tower,0,12,18,0,30,0,0,8,0,8,0,12,26,0,38,4,0,4,42
04/21/2008,LYH,VA,AEA,EN,Federal Contract Tower,0,18,25,2,45,0,0,8,0,8,0,18,33,2,53,0,0,0,53
04/22/2008,LYH,VA,AEA,EN,Federal Contract Tower,0,17,51,0,68,0,0,16,0,16,0,17,67,0,84,10,0,10,94
04/23/2008,LYH,VA,AEA,EN,Federal Contract Tower,0,20,34,1,55,0,0,56,2,58,0,20,90,3,113,132,0,132,245
04/24/2008,LYH,VA,AEA,EN,Federal Contract Tower,0,25,27,0,52,0,0,77,0,77,0,25,104,0,129,146,0,146,275
04/25/2008,LYH,VA,AEA,EN,Federal Contract Tower,0,21,34,0,55,0,0,68,0,68,0,21,102,0,123,72,0,72,195
04/26/2008,LYH,VA,AEA,EN,Federal Contract Tower,0,11,16,0,27,0,0,45,2,47,0,11,61,2,74,90,0,90,164
04/27/2008,LYH,VA,AEA,EN,Federal Contract Tower,0,18,15,0,33,0,0,19,0,19,0,18,34,0,52,30,0,30,82
04/28/2008,LYH,VA,AEA,EN,Federal Contract Tower,0,16,8,2,26,0,0,13,0,13,0,16,21,2,39,36,0,36,75
04/29/2008,LYH,VA,AEA,EN,Federal Contract Tower,0,19,46,0,65,0,0,70,8,78,0,19,116,8,143,30,0,30,173
04/30/2008,LYH,VA,AEA,EN,Federal Contract Tower,0,21,37,1,59,0,0,143,2,145,0,21,180,3,204,160,0,160,364
05/01/2008,LYH,VA,AEA,EN,Federal Contract Tower,0,22,49,0,71,0,0,122,0,122,0,22,171,0,193,198,0,198,391
05/02/2008,LYH,VA,AEA,EN,Federal Contract Tower,0,17,27,0,44,0,0,67,2,69,0,17,94,2,113,74,0,74,187
05/03/2008,LYH,VA,AEA,EN,Federal Contract Tower,0,13,10,0,23,0,0,55,6,61,0,13,65,6,84,22,0,22,106
05/04/2008,LYH,VA,AEA,EN,Federal Contract Tower,0,13,42,0,55,0,0,71,6,77,0,13,113,6,132,46,0,46,178
05/05/2008,LYH,VA,AEA,EN,Federal Contract Tower,0,28,40,0,68,0,0,130,0,130,0,28,170,0,198,152,0,152,350
05/06/2008,LYH,VA,AEA,EN,Federal Contract Tower,0,14,48,2,64,0,0,129,0,129,0,14,177,2,193,140,6,146,339
05/07/2008,LYH,VA,AEA,EN,Federal Contract Tower,0,21,51,0,72,0,0,100,0,100,0,21,151,0,172,56,0,56,228
05/08/2008,LYH,VA,AEA,EN,Federal Contract Tower,0,24,35,0,59,0,0,39,2,41,0,24,74,2,100,16,0,16,116
05/09/2008,LYH,VA,AEA,EN,Federal Contract Tower,0,19,34,0,53,0,0,40,2,42,0,19,74,2,95,24,0,24,119
05/10/2008,LYH,VA,AEA,EN,Federal Contract Tower,0,9,34,0,43,0,0,54,6,60,0,9,88,6,103,34,0,34,137
05/11/2008,LYH,VA,AEA,EN,Federal Contract Tower,0,14,26,0,40,0,0,6,0,6,0,14,32,0,46,6,0,6,52
05/12/2008,LYH,VA,AEA,EN,Federal Contract Tower,0,29,33,2,64,0,0,58,0,58,0,29,91,2,122,12,0,12,134
05/13/2008,LYH,VA,AEA,EN,Federal Contract Tower,0,28,64,0,92,0,0,160,6,166,0,28,224,6,258,148,0,148,406
05/14/2008,LYH,VA,AEA,EN,Federal Contract Tower,0,22,42,0,64,0,0,135,2,137,0,22,177,2,201,156,0,156,357
05/15/2008,LYH,VA,AEA,EN,Federal Contract Tower,0,27,30,0,57,0,0,94,1,95,0,27,124,1,152,162,0,162,314
05/16/2008,LYH,VA,AEA,EN,Federal Contract Tower,0,18,28,0,46,0,0,48,0,48,0,18,76,0,94,10,0,10,104
05/17/2008,LYH,VA,AEA,EN,Federal Contract Tower,0,9,12,0,21,0,0,81,0,81,0,9,93,0,102,70,0,70,172
05/18/2008,LYH,VA,AEA,EN,Federal Contract Tower,0,15,11,0,26,0,0,43,2,45,0,15,54,2,71,14,0,14,85
05/19/2008,LYH,VA,AEA,EN,Federal Contract Tower,0,20,24,0,44,0,0,117,2,119,0,20,141,2,163,70,0,70,233
05/20/2008,LYH,VA,AEA,EN,Federal Contract Tower,0,20,33,0,53,0,0,68,4,72,0,20,101,4,125,66,0,66,191
05/21/2008,LYH,VA,AEA,EN,Federal Contract Tower,0,23,42,0,65,0,0,106,8,114,0,23,148,8,179,96,0,96,275
05/22/2008,LYH,VA,AEA,EN,Federal Contract Tower,0,17,26,6,49,0,0,141,0,141,0,17,167,6,190,132,0,132,322
05/23/2008,LYH,VA,AEA,EN,Federal Contract Tower,0,19,30,1,50,0,0,156,3,159,0,19,186,4,209,196,0,196,405
05/24/2008,LYH,VA,AEA,EN,Federal Contract Tower,0,7,18,0,25,0,0,80,2,82,0,7,98,2,107,16,0,16,123
05/25/2008,LYH,VA,AEA,EN,Federal Contract Tower,0,7,17,3,27,0,0,67,3,70,0,7,84,6,97,28,0,28,125
05/26/2008,LYH,VA,AEA,EN,Federal Contract Tower,0,12,25,0,37,0,1,115,0,116,0,13,140,0,153,144,0,144,297
05/27/2008,LYH,VA,AEA,EN,Federal Contract Tower,0,21,27,0,48,0,1,100,0,101,0,22,127,0,149,126,0,126,275
05/28/2008,LYH,VA,AEA,EN,Federal Contract Tower,0,24,33,0,57,0,0,54,2,56,0,24,87,2,113,36,0,36,149
05/29/2008,LYH,VA,AEA,EN,Federal Contract Tower,0,19,26,0,45,0,0,138,0,138,0,19,164,0,183,136,0,136,319
05/30/2008,LYH,VA,AEA,EN,Federal Contract Tower,0,20,25,0,45,0,0,108,0,108,0,20,133,0,153,130,0,130,283
05/31/2008,LYH,VA,AEA,EN,Federal Contract Tower,0,8,15,0,23,0,0,41,4,45,0,8,56,4,68,18,0,18,86
06/01/2008,LYH,VA,AEA,EN,Federal Contract Tower,0,12,12,0,24,0,0,139,4,143,0,12,151,4,167,38,0,38,205
06/02/2008,LYH,VA,AEA,EN,Federal Contract Tower,0,18,23,0,41,0,0,101,2,103,0,18,124,2,144,72,0,72,216
06/03/2008,LYH,VA,AEA,EN,Federal Contract Tower,0,16,11,0,27,0,0,78,2,80,0,16,89,2,107,76,0,76,183
06/04/2008,LYH,VA,AEA,EN,Federal Contract Tower,0,18,18,5,41,0,0,69,0,69,0,18,87,5,110,46,0,46,156
06/05/2008,LYH,VA,AEA,EN,Federal Contract Tower,0,27,47,1,75,0,0,123,4,127,0,27,170,5,202,178,0,178,380
06/06/2008,LYH,VA,AEA,EN,Federal Contract Tower,0,20,31,0,51,0,0,133,6,139,0,20,164,6,190,184,0,184,374
06/07/2008,LYH,VA,AEA,EN,Federal Contract Tower,0,14,10,0,24,0,0,86,0,86,0,14,96,0,110,106,0,106,216
06/08/2008,LYH,VA,AEA,EN,Federal Contract Tower,0,12,20,0,32,0,0,63,2,65,0,12,83,2,97,14,0,14,111
06/09/2008,LYH,VA,AEA,EN,Federal Contract Tower,0,22,16,0,38,0,0,89,0,89,0,22,105,0,127,102,0,102,229
06/10/2008,LYH,VA,AEA,EN,Federal Contract Tower,0,19,22,0,41,0,0,69,2,71,0,19,91,2,112,100,0,100,212
06/11/2008,LYH,VA,AEA,EN,Federal Contract Tower,0,25,18,4,47,0,0,119,1,120,0,25,137,5,167,122,14,136,303
06/12/2008,LYH,VA,AEA,EN,Federal Contract Tower,0,19,33,4,56,0,0,107,0,107,0,19,140,4,163,168,4,172,335
06/13/2008,LYH,VA,AEA,EN,Federal Contract Tower,0,19,30,3,52,0,0,67,1,68,0,19,97,4,120,50,0,50,170
06/14/2008,LYH,VA,AEA,EN,Federal Contract Tower,0,10,10,2,22,0,0,60,4,64,0,10,70,6,86,8,0,8,94
06/15/2008,LYH,VA,AEA,EN,Federal Contract Tower,0,13,8,0,21,0,0,46,0,46,0,13,54,0,67,0,0,0,67
06/16/2008,LYH,VA,AEA,EN,Federal Contract Tower,0,23,28,4,55,0,0,98,4,102,0,23,126,8,157,78,0,78,235
06/17/2008,LYH,VA,AEA,EN,Federal Contract Tower,0,23,19,0,42,0,0,110,4,114,0,23,129,4,156,36,0,36,192
06/18/2008,LYH,VA,AEA,EN,Federal Contract Tower,0,27,30,4,61,0,0,102,0,102,0,27,132,4,163,172,0,172,335
06/19/2008,LYH,VA,AEA,EN,Federal Contract Tower,0,20,31,0,51,0,0,103,4,107,0,20,134,4,158,50,0,50,208
06/20/2008,LYH,VA,AEA,EN,Federal Contract Tower,0,20,28,0,48,0,0,113,0,113,0,20,141,0,161,98,0,98,259
06/21/2008,LYH,VA,AEA,EN,Federal Contract Tower,0,14,14,0,28,0,0,74,0,74,0,14,88,0,102,26,0,26,128
06/22/2008,LYH,VA,AEA,EN,Federal Contract Tower,0,13,19,0,32,0,0,50,0,50,0,13,69,0,82,2,0,2,84
06/23/2008,LYH,VA,AEA,EN,Federal Contract Tower,0,17,21,2,40,0,0,66,0,66,0,17,87,2,106,26,0,26,132
06/24/2008,LYH,VA,AEA,EN,Federal Contract Tower,0,27,43,0,70,0,0,113,2,115,0,27,156,2,185,80,0,80,265
06/25/2008,LYH,VA,AEA,EN,Federal Contract Tower,0,22,23,0,45,0,0,123,2,125,0,22,146,2,170,110,0,110,280
06/26/2008,LYH,VA,AEA,EN,Federal Contract Tower,0,24,21,0,45,0,0,95,4,99,0,24,116,4,144,104,0,104,248
06/27/2008,LYH,VA,AEA,EN,Federal Contract Tower,0,22,21,0,43,0,0,86,0,86,0,22,107,0,129,78,0,78,207
06/28/2008,LYH,VA,AEA,EN,Federal Contract Tower,0,11,10,0,21,0,0,77,2,79,0,11,87,2,100,70,0,70,170
06/29/2008,LYH,VA,AEA,EN,Federal Contract Tower,0,10,13,2,25,0,0,41,0,41,0,10,54,2,66,2,0,2,68
06/30/2008,LYH,VA,AEA,EN,Federal Contract Tower,0,18,27,0,45,0,0,73,2,75,0,18,100,2,120,74,0,74,194
07/01/2008,LYH,VA,AEA,EN,Federal Contract Tower,0,20,28,2,50,0,0,93,12,105,0,20,121,14,155,158,0,158,313
07/02/2008,LYH,VA,AEA,EN,Federal Contract Tower,0,16,29,2,47,0,0,125,0,125,0,16,154,2,172,118,0,118,290
07/03/2008,LYH,VA,AEA,EN,Federal Contract Tower,0,18,24,9,51,0,0,71,0,71,0,18,95,9,122,72,8,80,202
07/04/2008,LYH,VA,AEA,EN,Federal Contract Tower,0,7,7,0,14,0,0,67,2,69,0,7,74,2,83,22,0,22,105
07/05/2008,LYH,VA,AEA,EN,Federal Contract Tower,0,12,8,0,20,0,0,28,4,32,0,12,36,4,52,8,0,8,60
07/06/2008,LYH,VA,AEA,EN,Federal Contract Tower,0,11,20,0,31,0,0,25,2,27,0,11,45,2,58,8,0,8,66
07/07/2008,LYH,VA,AEA,EN,Federal Contract Tower,0,13,17,1,31,0,0,52,2,54,0,13,69,3,85,44,0,44,129
07/08/2008,LYH,VA,AEA,EN,Federal Contract Tower,0,19,12,0,31,0,0,59,0,59,0,19,71,0,90,4,0,4,94
07/09/2008,LYH,VA,AEA,EN,Federal Contract Tower,0,16,16,0,32,0,0,69,2,71,0,16,85,2,103,36,0,36,139
07/10/2008,LYH,VA,AEA,EN,Federal Contract Tower,0,17,29,0,46,0,0,73,0,73,0,17,102,0,119,88,0,88,207
07/11/2008,LYH,VA,AEA,EN,Federal Contract Tower,0,17,22,1,40,0,0,75,3,78,0,17,97,4,118,16,0,16,134
07/12/2008,LYH,VA,AEA,EN,Federal Contract Tower,0,9,12,0,21,0,0,67,2,69,0,9,79,2,90,38,0,38,128
07/13/2008,LYH,VA,AEA,EN,Federal Contract Tower,0,7,10,1,18,0,0,58,3,61,0,7,68,4,79,12,0,12,91
07/14/2008,LYH,VA,AEA,EN,Federal Contract Tower,0,20,25,1,46,0,0,106,3,109,0,20,131,4,155,94,0,94,249
07/15/2008,LYH,VA,AEA,EN,Federal Contract Tower,0,17,34,0,51,0,0,103,0,103,0,17,137,0,154,54,0,54,208
07/16/2008,LYH,VA,AEA,EN,Federal Contract Tower,0,16,34,0,50,0,0,88,0,88,0,16,122,0,138,64,0,64,202
07/17/2008,LYH,VA,AEA,EN,Federal Contract Tower,0,23,20,0,43,0,0,92,0,92,0,23,112,0,135,70,0,70,205
07/18/2008,LYH,VA,AEA,EN,Federal Contract Tower,0,16,28,4,48,0,0,86,2,88,0,16,114,6,136,70,0,70,206
07/19/2008,LYH,VA,AEA,EN,Federal Contract Tower,0,7,27,0,34,0,0,79,2,81,0,7,106,2,115,14,0,14,129
07/20/2008,LYH,VA,AEA,EN,Federal Contract Tower,0,12,17,1,30,0,0,85,4,89,0,12,102,5,119,18,0,18,137
07/21/2008,LYH,VA,AEA,EN,Federal Contract Tower,0,23,26,2,51,0,0,101,4,105,0,23,127,6,156,106,14,120,276
07/22/2008,LYH,VA,AEA,EN,Federal Contract Tower,0,10,22,6,38,0,0,81,8,89,0,10,103,14,127,80,12,92,219
07/23/2008,LYH,VA,AEA,EN,Federal Contract Tower,0,13,22,0,35,0,0,85,4,89,0,13,107,4,124,84,0,84,208
07/24/2008,LYH,VA,AEA,EN,Federal Contract Tower,0,17,28,0,45,0,0,142,4,146,0,17,170,4,191,172,0,172,363
07/25/2008,LYH,VA,AEA,EN,Federal Contract Tower,0,17,23,1,41,0,0,118,3,121,0,17,141,4,162,106,0,106,268
07/26/2008,LYH,VA,AEA,EN,Federal Contract Tower,0,11,19,0,30,0,0,83,0,83,0,11,102,0,113,52,0,52,165
07/27/2008,LYH,VA,AEA,EN,Federal Contract Tower,0,15,22,2,39,0,0,83,3,86,0,15,105,5,125,50,0,50,175
07/28/2008,LYH,VA,AEA,EN,Federal Contract Tower,0,20,20,9,49,0,0,64,2,66,0,20,84,11,115,70,22,92,207
07/29/2008,LYH,VA,AEA,EN,Federal Contract Tower,0,11,33,0,44,0,0,58,2,60,0,11,91,2,104,42,0,42,146
07/30/2008,LYH,VA,AEA,EN,Federal Contract Tower,0,22,21,0,43,0,0,63,0,63,0,22,84,0,106,26,0,26,132
07/31/2008,LYH,VA,AEA,EN,Federal Contract Tower,0,22,20,0,42,0,0,78,2,80,0,22,98,2,122,40,0,40,162
08/01/2008,LYH,VA,AEA,EN,Federal Contract Tower,0,15,28,0,43,0,0,93,2,95,0,15,121,2,138,100,0,100,238
08/02/2008,LYH,VA,AEA,EN,Federal Contract Tower,0,7,4,0,11,0,0,59,4,63,0,7,63,4,74,40,0,40,114
08/03/2008,LYH,VA,AEA,EN,Federal Contract Tower,0,13,23,0,36,0,0,96,4,100,0,13,119,4,136,98,0,98,234
08/04/2008,LYH,VA,AEA,EN,Federal Contract Tower,0,18,24,0,42,0,0,84,0,84,0,18,108,0,126,66,0,66,192
08/05/2008,LYH,VA,AEA,EN,Federal Contract Tower,0,19,27,0,46,0,0,74,2,76,0,19,101,2,122,54,0,54,176
08/06/2008,LYH,VA,AEA,EN,Federal Contract Tower,0,21,28,0,49,0,0,92,2,94,0,21,120,2,143,34,0,34,177
08/07/2008,LYH,VA,AEA,EN,Federal Contract Tower,0,21,14,2,37,0,95,3,0,98,0,116,17,2,135,76,2,78,213
08/08/2008,LYH,VA,AEA,EN,Federal Contract Tower,0,20,23,2,45,0,0,96,2,98,0,20,119,4,143,58,0,58,201
08/09/2008,LYH,VA,AEA,EN,Federal Contract Tower,0,8,16,0,24,0,0,112,2,114,0,8,128,2,138,70,0,70,208
08/10/2008,LYH,VA,AEA,EN,Federal Contract Tower,0,13,25,1,39,0,0,49,2,51,0,13,74,3,90,34,0,34,124
08/11/2008,LYH,VA,AEA,EN,Federal Contract Tower,0,22,13,0,35,0,0,83,2,85,0,22,96,2,120,46,0,46,166
08/12/2008,LYH,VA,AEA,EN,Federal Contract Tower,0,14,20,1,35,0,0,113,2,115,0,14,133,3,150,66,0,66,216
08/13/2008,LYH,VA,AEA,EN,Federal Contract Tower,0,18,20,0,38,0,0,70,0,70,0,18,90,0,108,112,0,112,220
08/14/2008,LYH,VA,AEA,EN,Federal Contract Tower,0,14,26,4,44,0,0,76,0,76,0,14,102,4,120,56,0,56,176
08/15/2008,LYH,VA,AEA,EN,Federal Contract Tower,0,23,22,2,47,0,0,105,0,105,0,23,127,2,152,84,0,84,236
08/16/2008,LYH,VA,AEA,EN,Federal Contract Tower,0,7,9,0,16,0,0,91,2,93,0,7,100,2,109,28,0,28,137
08/17/2008,LYH,VA,AEA,EN,Federal Contract Tower,0,10,22,0,32,0,0,87,0,87,0,10,109,0,119,60,0,60,179
08/18/2008,LYH,VA,AEA,EN,Federal Contract Tower,0,21,20,0,41,0,0,70,4,74,0,21,90,4,115,80,0,80,195
08/19/2008,LYH,VA,AEA,EN,Federal Contract Tower,0,20,21,0,41,0,0,97,2,99,0,20,118,2,140,98,0,98,238
08/20/2008,LYH,VA,AEA,EN,Federal Contract Tower,0,21,38,1,60,0,0,140,1,141,0,21,178,2,201,114,0,114,315
08/21/2008,LYH,VA,AEA,EN,Federal Contract Tower,0,19,28,0,47,0,0,78,2,80,0,19,106,2,127,104,0,104,231
08/22/2008,LYH,VA,AEA,EN,Federal Contract Tower,0,17,14,0,31,0,0,115,4,119,0,17,129,4,150,148,0,148,298
08/23/2008,LYH,VA,AEA,EN,Federal Contract Tower,0,10,26,8,44,0,0,41,2,43,0,10,67,10,87,80,8,88,175
08/24/2008,LYH,VA,AEA,EN,Federal Contract Tower,0,12,8,0,20,0,0,71,2,73,0,12,79,2,93,64,0,64,157
08/25/2008,LYH,VA,AEA,EN,Federal Contract Tower,0,16,24,2,42,0,0,141,6,147,0,16,165,8,189,186,12,198,387
08/26/2008,LYH,VA,AEA,EN,Federal Contract Tower,0,15,31,8,54,0,0,69,6,75,0,15,100,14,129,84,10,94,223
08/27/2008,LYH,VA,AEA,EN,Federal Contract Tower,0,25,10,0,35,0,0,0,0,0,0,25,10,0,35,0,0,0,35
08/28/2008,LYH,VA,AEA,EN,Federal Contract Tower,0,15,16,1,32,0,0,3,1,4,0,15,19,2,36,0,0,0,36
08/29/2008,LYH,VA,AEA,EN,Federal Contract Tower,0,12,50,0,62,0,0,80,4,84,0,12,130,4,146,100,0,100,246
08/30/2008,LYH,VA,AEA,EN,Federal Contract Tower,0,11,16,3,30,0,0,70,2,72,0,11,86,5,102,26,4,30,132
08/31/2008,LYH,VA,AEA,EN,Federal Contract Tower,0,13,27,6,46,0,0,42,0,42,0,13,69,6,88,14,0,14,102
09/01/2008,LYH,VA,AEA,EN,Federal Contract Tower,0,14,40,2,56,0,0,92,0,92,0,14,132,2,148,120,0,120,268
09/02/2008,LYH,VA,AEA,EN,Federal Contract Tower,0,14,15,0,29,0,0,132,6,138,0,14,147,6,167,88,0,88,255
09/03/2008,LYH,VA,AEA,EN,Federal Contract Tower,0,19,22,4,45,0,0,128,5,133,0,19,150,9,178,104,0,104,282
09/04/2008,LYH,VA,AEA,EN,Federal Contract Tower,0,19,14,0,33,0,0,92,0,92,0,19,106,0,125,60,0,60,185
09/05/2008,LYH,VA,AEA,EN,Federal Contract Tower,0,14,14,0,28,0,0,80,0,80,0,14,94,0,108,120,0,120,228
09/06/2008,LYH,VA,AEA,EN,Federal Contract Tower,0,4,3,0,7,0,0,12,2,14,0,4,15,2,21,0,0,0,21
09/07/2008,LYH,VA,AEA,EN,Federal Contract Tower,0,10,31,4,45,0,0,102,0,102,0,10,133,4,147,62,0,62,209
09/08/2008,LYH,VA,AEA,EN,Federal Contract Tower,0,17,15,9,41,0,0,129,0,129,0,17,144,9,170,146,4,150,320
09/09/2008,LYH,VA,AEA,EN,Federal Contract Tower,0,24,12,0,36,0,0,71,2,73,0,24,83,2,109,114,0,114,223
09/10/2008,LYH,VA,AEA,EN,Federal Contract Tower,0,19,34,0,53,0,0,61,0,61,0,19,95,0,114,98,0,98,212
09/11/2008,LYH,VA,AEA,EN,Federal Contract Tower,0,18,19,2,39,0,0,5,0,5,0,18,24,2,44,0,0,0,44
09/12/2008,LYH,VA,AEA,EN,Federal Contract Tower,0,14,21,2,37,0,0,35,2,37,0,14,56,4,74,30,0,30,104
09/13/2008,LYH,VA,AEA,EN,Federal Contract Tower,0,4,16,0,20,0,0,92,4,96,0,4,108,4,116,108,0,108,224
09/14/2008,LYH,VA,AEA,EN,Federal Contract Tower,0,11,20,6,37,0,0,62,0,62,0,11,82,6,99,72,4,76,175
09/15/2008,LYH,VA,AEA,EN,Federal Contract Tower,0,18,18,2,38,0,0,121,0,121,0,18,139,2,159,222,0,222,381
09/16/2008,LYH,VA,AEA,EN,Federal Contract Tower,0,14,20,0,34,0,0,90,4,94,0,14,110,4,128,104,0,104,232
09/17/2008,LYH,VA,AEA,EN,Federal Contract Tower,0,21,26,0,47,0,0,93,0,93,0,21,119,0,140,136,0,136,276
09/18/2008,LYH,VA,AEA,EN,Federal Contract Tower,0,22,17,3,42,0,0,96,6,102,0,22,113,9,144,102,0,102,246
09/19/2008,LYH,VA,AEA,EN,Federal Contract Tower,0,15,23,0,38,0,0,111,0,111,0,15,134,0,149,190,0,190,339
09/20/2008,LYH,VA,AEA,EN,Federal Contract Tower,0,6,17,2,25,0,0,82,0,82,0,6,99,2,107,14,0,14,121
09/21/2008,LYH,VA,AEA,EN,Federal Contract Tower,0,14,13,4,31,0,0,89,1,90,0,14,102,5,121,62,0,62,183
09/22/2008,LYH,VA,AEA,EN,Federal Contract Tower,0,18,16,1,35,0,0,111,1,112,0,18,127,2,147,136,0,136,283
09/23/2008,LYH,VA,AEA,EN,Federal Contract Tower,0,20,26,8,54,0,0,59,3,62,0,20,85,11,116,32,0,32,148
09/24/2008,LYH,VA,AEA,EN,Federal Contract Tower,0,14,19,2,35,0,0,85,4,89,0,14,104,6,124,90,14,104,228
09/25/2008,LYH,VA,AEA,EN,Federal Contract Tower,0,21,16,2,39,0,0,11,2,13,0,21,27,4,52,6,0,6,58
09/26/2008,LYH,VA,AEA,EN,Federal Contract Tower,0,17,13,2,32,0,0,0,0,0,0,17,13,2,32,0,0,0,32
09/27/2008,LYH,VA,AEA,EN,Federal Contract Tower,0,6,14,0,20,0,0,9,0,9,0,6,23,0,29,20,0,20,49
09/28/2008,LYH,VA,AEA,EN,Federal Contract Tower,0,13,14,0,27,0,0,26,0,26,0,13,40,0,53,16,0,16,69
09/29/2008,LYH,VA,AEA,EN,Federal Contract Tower,0,14,20,0,34,0,0,105,0,105,0,14,125,0,139,148,0,148,287
09/30/2008,LYH,VA,AEA,EN,Federal Contract Tower,0,15,25,0,40,0,0,113,2,115,0,15,138,2,155,82,0,82,237
10/01/2008,LYH,VA,AEA,EN,Federal Contract Tower,0,19,30,0,49,0,0,150,0,150,0,19,180,0,199,222,0,222,421
10/02/2008,LYH,VA,AEA,EN,Federal Contract Tower,0,16,26,0,42,0,0,107,0,107,0,16,133,0,149,172,0,172,321
10/03/2008,LYH,VA,AEA,EN,Federal Contract Tower,0,19,31,1,51,0,0,149,7,156,0,19,180,8,207,230,0,230,437
10/04/2008,LYH,VA,AEA,EN,Federal Contract Tower,0,5,11,0,16,0,0,82,0,82,0,5,93,0,98,92,0,92,190
10/05/2008,LYH,VA,AEA,EN,Federal Contract Tower,0,13,24,1,38,0,0,85,7,92,0,13,109,8,130,58,0,58,188
10/06/2008,LYH,VA,AEA,EN,Federal Contract Tower,0,21,22,2,45,0,0,121,0,121,0,21,143,2,166,154,0,154,320
10/07/2008,LYH,VA,AEA,EN,Federal Contract Tower,0,18,12,2,32,0,0,104,4,108,0,18,116,6,140,106,4,110,250
10/08/2008,LYH,VA,AEA,EN,Federal Contract Tower,0,15,17,0,32,0,0,89,2,91,0,15,106,2,123,146,0,146,269
10/09/2008,LYH,VA,AEA,EN,Federal Contract Tower,0,23,31,2,56,0,0,62,2,64,0,23,93,4,120,98,0,98,218
10/10/2008,LYH,VA,AEA,EN,Federal Contract Tower,1,29,37,0,67,0,0,116,1,117,1,29,153,1,184,130,0,130,314
10/11/2008,LYH,VA,AEA,EN,Federal Contract Tower,1,7,17,0,25,0,0,60,0,60,1,7,77,0,85,36,0,36,121
10/12/2008,LYH,VA,AEA,EN,Federal Contract Tower,0,18,15,0,33,0,0,85,0,85,0,18,100,0,118,104,0,104,222
10/13/2008,LYH,VA,AEA,EN,Federal Contract Tower,0,13,24,0,37,0,0,137,2,139,0,13,161,2,176,124,0,124,300
10/14/2008,LYH,VA,AEA,EN,Federal Contract Tower,0,12,32,0,44,0,0,155,4,159,0,12,187,4,203,130,0,130,333
10/15/2008,LYH,VA,AEA,EN,Federal Contract Tower,0,15,32,2,49,0,0,123,1,124,0,15,155,3,173,166,18,184,357
10/16/2008,LYH,VA,AEA,EN,Federal Contract Tower,0,16,30,14,60,0,0,106,2,108,0,16,136,16,168,114,0,114,282
10/17/2008,LYH,VA,AEA,EN,Federal Contract Tower,1,13,40,4,58,0,0,0,0,0,1,13,40,4,58,0,0,0,58
10/18/2008,LYH,VA,AEA,EN,Federal Contract Tower,1,9,18,2,30,0,0,75,0,75,1,9,93,2,105,86,0,86,191
10/19/2008,LYH,VA,AEA,EN,Federal Contract Tower,0,17,14,0,31,0,0,82,0,82,0,17,96,0,113,104,0,104,217
10/20/2008,LYH,VA,AEA,EN,Federal Contract Tower,0,17,29,2,48,0,1,146,6,153,0,18,175,8,201,124,2,126,327
10/21/2008,LYH,VA,AEA,EN,Federal Contract Tower,0,12,22,0,34,0,0,99,2,101,0,12,121,2,135,46,0,46,181
10/22/2008,LYH,VA,AEA,EN,Federal Contract Tower,0,24,27,0,51,0,0,131,2,133,0,24,158,2,184,170,0,170,354
10/23/2008,LYH,VA,AEA,EN,Federal Contract Tower,0,20,28,2,50,0,0,108,0,108,0,20,136,2,158,110,0,110,268
10/24/2008,LYH,VA,AEA,EN,Federal Contract Tower,1,17,29,1,48,0,0,84,0,84,1,17,113,1,132,100,0,100,232
10/25/2008,LYH,VA,AEA,EN,Federal Contract Tower,0,10,16,0,26,0,0,6,0,6,0,10,22,0,32,0,0,0,32
10/26/2008,LYH,VA,AEA,EN,Federal Contract Tower,0,15,13,0,28,0,0,121,2,123,0,15,134,2,151,168,0,168,319
10/27/2008,LYH,VA,AEA,EN,Federal Contract Tower,0,17,20,1,38,0,0,82,1,83,0,17,102,2,121,116,0,116,237
10/28/2008,LYH,VA,AEA,EN,Federal Contract Tower,0,11,8,0,19,0,0,59,2,61,0,11,67,2,80,14,0,14,94
10/29/2008,LYH,VA,AEA,EN,Federal Contract Tower,0,17,18,0,35,0,0,83,4,87,0,17,101,4,122,42,0,42,164
10/30/2008,LYH,VA,AEA,EN,Federal Contract Tower,0,26,14,0,40,0,0,196,4,200,0,26,210,4,240,204,0,204,444
10/31/2008,LYH,VA,AEA,EN,Federal Contract Tower,0,18,16,2,36,0,0,199,2,201,0,18,215,4,237,264,0,264,501
11/01/2008,LYH,VA,AEA,EN,Federal Contract Tower,0,4,15,0,19,0,0,112,4,116,0,4,127,4,135,68,0,68,203
11/02/2008,LYH,VA,AEA,EN,Federal Contract Tower,0,10,15,0,25,0,0,92,2,94,0,10,107,2,119,48,0,48,167
11/03/2008,LYH,VA,AEA,EN,Federal Contract Tower,0,16,35,0,51,0,0,86,4,90,0,16,121,4,141,116,0,116,257
11/04/2008,LYH,VA,AEA,EN,Federal Contract Tower,0,13,29,0,42,0,0,0,0,0,0,13,29,0,42,0,0,0,42
11/05/2008,LYH,VA,AEA,EN,Federal Contract Tower,0,22,23,0,45,0,0,55,2,57,0,22,78,2,102,22,0,22,124
11/06/2008,LYH,VA,AEA,EN,Federal Contract Tower,0,16,30,0,46,0,0,129,4,133,0,16,159,4,179,138,0,138,317
11/07/2008,LYH,VA,AEA,EN,Federal Contract Tower,0,16,25,6,47,0,0,129,2,131,0,16,154,8,178,156,6,162,340
11/08/2008,LYH,VA,AEA,EN,Federal Contract Tower,0,11,23,0,34,0,0,107,0,107,0,11,130,0,141,110,0,110,251
11/09/2008,LYH,VA,AEA,EN,Federal Contract Tower,0,11,18,0,29,0,0,78,0,78,0,11,96,0,107,50,0,50,157
11/10/2008,LYH,VA,AEA,EN,Federal Contract Tower,0,14,27,0,41,0,0,123,0,123,0,14,150,0,164,200,0,200,364
11/11/2008,LYH,VA,AEA,EN,Federal Contract Tower,0,21,19,2,42,0,0,128,4,132,0,21,147,6,174,134,0,134,308
11/12/2008,LYH,VA,AEA,EN,Federal Contract Tower,0,17,27,0,44,0,0,101,2,103,0,17,128,2,147,138,0,138,285
11/13/2008,LYH,VA,AEA,EN,Federal Contract Tower,0,18,12,0,30,0,0,0,0,0,0,18,12,0,30,0,0,0,30
11/14/2008,LYH,VA,AEA,EN,Federal Contract Tower,0,16,7,2,25,0,0,0,0,0,0,16,7,2,25,0,0,0,25
11/15/2008,LYH,VA,AEA,EN,Federal Contract Tower,0,7,2,4,13,0,0,5,0,5,0,7,7,4,18,2,0,2,20
11/16/2008,LYH,VA,AEA,EN,Federal Contract Tower,0,16,15,2,33,0,0,68,10,78,0,16,83,12,111,10,0,10,121
11/17/2008,LYH,VA,AEA,EN,Federal Contract Tower,0,17,35,7,59,0,0,113,5,118,0,17,148,12,177,182,0,182,359
11/18/2008,LYH,VA,AEA,EN,Federal Contract Tower,0,17,16,0,33,0,0,61,0,61,0,17,77,0,94,64,0,64,158
11/19/2008,LYH,VA,AEA,EN,Federal Contract Tower,0,11,34,4,49,0,0,112,0,112,0,11,146,4,161,130,16,146,307
11/20/2008,LYH,VA,AEA,EN,Federal Contract Tower,0,15,36,7,58,0,0,124,6,130,0,15,160,13,188,90,26,116,304
11/21/2008,LYH,VA,AEA,EN,Federal Contract Tower,0,17,19,2,38,0,0,55,1,56,0,17,74,3,94,16,8,24,118
11/22/2008,LYH,VA,AEA,EN,Federal Contract Tower,0,12,20,0,32,0,0,92,2,94,0,12,112,2,126,82,0,82,208
11/23/2008,LYH,VA,AEA,EN,Federal Contract Tower,0,11,18,3,32,0,0,78,4,82,0,11,96,7,114,26,2,28,142
11/24/2008,LYH,VA,AEA,EN,Federal Contract Tower,0,10,21,1,32,0,0,55,3,58,0,10,76,4,90,50,0,50,140
11/25/2008,LYH,VA,AEA,EN,Federal Contract Tower,0,15,10,5,30,0,0,54,7,61,0,15,64,12,91,18,16,34,125
11/26/2008,LYH,VA,AEA,EN,Federal Contract Tower,0,11,30,0,41,0,0,83,0,83,0,11,113,0,124,112,0,112,236
11/27/2008,LYH,VA,AEA,EN,Federal Contract Tower,0,5,4,0,9,0,0,37,0,37,0,5,41,0,46,6,0,6,52
11/28/2008,LYH,VA,AEA,EN,Federal Contract Tower,0,11,10,0,21,0,0,73,0,73,0,11,83,0,94,34,0,34,128
11/29/2008,LYH,VA,AEA,EN,Federal Contract Tower,0,11,35,2,48,0,0,80,1,81,0,11,115,3,129,8,0,8,137
11/30/2008,LYH,VA,AEA,EN,Federal Contract Tower,0,12,17,0,29,0,0,0,0,0,0,12,17,0,29,0,0,0,29
12/01/2008,LYH,VA,AEA,EN,Federal Contract Tower,0,19,12,0,31,0,0,32,0,32,0,19,44,0,63,10,0,10,73
12/02/2008,LYH,VA,AEA,EN,Federal Contract Tower,0,12,34,5,51,0,0,121,4,125,0,12,155,9,176,180,4,184,360
12/03/2008,LYH,VA,AEA,EN,Federal Contract Tower,0,17,28,0,45,0,0,107,0,107,0,17,135,0,152,142,0,142,294
12/04/2008,LYH,VA,AEA,EN,Federal Contract Tower,0,20,13,0,33,0,0,93,1,94,0,20,106,1,127,114,0,114,241
12/05/2008,LYH,VA,AEA,EN,Federal Contract Tower,0,14,31,0,45,0,0,122,0,122,0,14,153,0,167,88,0,88,255
12/06/2008,LYH,VA,AEA,EN,Federal Contract Tower,0,10,10,0,20,0,0,63,0,63,0,10,73,0,83,44,0,44,127
12/07/2008,LYH,VA,AEA,EN,Federal Contract Tower,0,15,6,0,21,0,0,45,0,45,0,15,51,0,66,10,0,10,76
12/08/2008,LYH,VA,AEA,EN,Federal Contract Tower,0,10,19,0,29,0,0,95,0,95,0,10,114,0,124,102,0,102,226
12/09/2008,LYH,VA,AEA,EN,Federal Contract Tower,0,14,18,0,32,0,0,78,0,78,0,14,96,0,110,104,0,104,214
12/10/2008,LYH,VA,AEA,EN,Federal Contract Tower,0,18,30,0,48,0,0,3,0,3,0,18,33,0,51,12,0,12,63
12/11/2008,LYH,VA,AEA,EN,Federal Contract Tower,0,21,2,0,23,0,0,0,0,0,0,21,2,0,23,0,0,0,23
12/12/2008,LYH,VA,AEA,EN,Federal Contract Tower,0,14,21,5,40,0,0,68,8,76,0,14,89,13,116,6,0,6,122
12/13/2008,LYH,VA,AEA,EN,Federal Contract Tower,0,6,4,1,11,0,0,80,3,83,0,6,84,4,94,82,0,82,176
12/14/2008,LYH,VA,AEA,EN,Federal Contract Tower,0,20,11,4,35,0,0,65,6,71,0,20,76,10,106,42,0,42,148
12/15/2008,LYH,VA,AEA,EN,Federal Contract Tower,0,17,17,0,34,0,0,39,0,39,0,17,56,0,73,50,0,50,123
12/16/2008,LYH,VA,AEA,EN,Federal Contract Tower,0,18,3,0,21,0,0,0,0,0,0,18,3,0,21,0,0,0,21
12/17/2008,LYH,VA,AEA,EN,Federal Contract Tower,0,23,3,0,26,0,0,4,0,4,0,23,7,0,30,0,0,0,30
12/18/2008,LYH,VA,AEA,EN,Federal Contract Tower,0,14,9,0,23,0,0,0,0,0,0,14,9,0,23,0,0,0,23
12/19/2008,LYH,VA,AEA,EN,Federal Contract Tower,0,16,1,0,17,0,0,1,0,1,0,16,2,0,18,0,0,0,18
12/20/2008,LYH,VA,AEA,EN,Federal Contract Tower,0,10,12,0,22,0,0,0,0,0,0,10,12,0,22,0,0,0,22
12/21/2008,LYH,VA,AEA,EN,Federal Contract Tower,0,7,2,0,9,0,0,13,2,15,0,7,15,2,24,0,0,0,24
12/22/2008,LYH,VA,AEA,EN,Federal Contract Tower,0,11,6,6,23,0,0,58,12,70,0,11,64,18,93,78,48,126,219
12/23/2008,LYH,VA,AEA,EN,Federal Contract Tower,0,11,13,0,24,0,0,118,8,126,0,11,131,8,150,104,0,104,254
12/24/2008,LYH,VA,AEA,EN,Federal Contract Tower,0,11,12,0,23,0,0,16,2,18,0,11,28,2,41,0,0,0,41
12/25/2008,LYH,VA,AEA,EN,Federal Contract Tower,0,10,3,0,13,0,0,43,0,43,0,10,46,0,56,4,0,4,60
12/26/2008,LYH,VA,AEA,EN,Federal Contract Tower,0,13,14,0,27,0,0,32,6,38,0,13,46,6,65,6,0,6,71
12/27/2008,LYH,VA,AEA,EN,Federal Contract Tower,0,8,22,0,30,0,0,13,0,13,0,8,35,0,43,2,0,2,45
12/28/2008,LYH,VA,AEA,EN,Federal Contract Tower,0,9,8,0,17,0,0,20,0,20,0,9,28,0,37,24,0,24,61
12/29/2008,LYH,VA,AEA,EN,Federal Contract Tower,0,8,19,6,33,0,0,95,2,97,0,8,114,8,130,40,8,48,178
12/30/2008,LYH,VA,AEA,EN,Federal Contract Tower,0,12,17,0,29,0,0,67,2,69,0,12,84,2,98,24,0,24,122
12/31/2008,LYH,VA,AEA,EN,Federal Contract Tower,0,9,2,0,11,0,0,20,2,22,0,9,22,2,33,8,0,8,41
01/01/2009,LYH,VA,AEA,EN,Federal Contract Tower,0,8,15,0,23,0,0,49,0,49,0,8,64,0,72,14,0,14,86
01/02/2009,LYH,VA,AEA,EN,Federal Contract Tower,0,11,11,0,22,0,0,52,2,54,0,11,63,2,76,20,0,20,96
01/03/2009,LYH,VA,AEA,EN,Federal Contract Tower,0,7,28,0,35,0,0,91,2,93,0,7,119,2,128,86,0,86,214
01/04/2009,LYH,VA,AEA,EN,Federal Contract Tower,0,12,6,0,18,0,0,43,0,43,0,12,49,0,61,38,0,38,99
01/05/2009,LYH,VA,AEA,EN,Federal Contract Tower,0,11,6,0,17,0,0,34,0,34,0,11,40,0,51,50,0,50,101
01/06/2009,LYH,VA,AEA,EN,Federal Contract Tower,0,13,0,0,13,0,0,7,0,7,0,13,7,0,20,8,0,8,28
01/07/2009,LYH,VA,AEA,EN,Federal Contract Tower,0,12,7,0,19,0,0,3,0,3,0,12,10,0,22,0,0,0,22
01/08/2009,LYH,VA,AEA,EN,Federal Contract Tower,0,12,14,0,26,0,0,54,0,54,0,12,68,0,80,38,0,38,118
01/09/2009,LYH,VA,AEA,EN,Federal Contract Tower,0,11,15,2,28,0,0,103,2,105,0,11,118,4,133,48,4,52,185
01/10/2009,LYH,VA,AEA,EN,Federal Contract Tower,0,6,12,0,18,0,0,70,2,72,0,6,82,2,90,34,0,34,124
01/11/2009,LYH,VA,AEA,EN,Federal Contract Tower,0,11,13,0,24,0,0,88,3,91,0,11,101,3,115,42,0,42,157
01/12/2009,LYH,VA,AEA,EN,Federal Contract Tower,0,17,17,0,34,0,0,95,4,99,0,17,112,4,133,42,0,42,175
01/13/2009,LYH,VA,AEA,EN,Federal Contract Tower,0,14,11,0,25,0,0,94,7,101,0,14,105,7,126,58,0,58,184
01/14/2009,LYH,VA,AEA,EN,Federal Contract Tower,0,16,18,0,34,0,0,112,4,116,0,16,130,4,150,96,2,98,248
01/15/2009,LYH,VA,AEA,EN,Federal Contract Tower,0,12,25,0,37,0,0,88,5,93,0,12,113,5,130,48,0,48,178
01/16/2009,LYH,VA,AEA,EN,Federal Contract Tower,0,13,19,0,32,0,0,113,17,130,0,13,132,17,162,184,0,184,346
01/17/2009,LYH,VA,AEA,EN,Federal Contract Tower,0,5,21,0,26,0,0,107,8,115,0,5,128,8,141,66,0,66,207
01/18/2009,LYH,VA,AEA,EN,Federal Contract Tower,0,10,13,0,23,0,0,60,11,71,0,10,73,11,94,6,0,6,100
01/19/2009,LYH,VA,AEA,EN,Federal Contract Tower,0,15,17,0,32,0,0,85,0,85,0,15,102,0,117,166,0,166,283
01/20/2009,LYH,VA,AEA,EN,Federal Contract Tower,0,15,18,0,33,0,0,117,3,120,0,15,135,3,153,102,0,102,255
01/21/2009,LYH,VA,AEA,EN,Federal Contract Tower,0,17,27,0,44,0,3,136,4,143,0,20,163,4,187,192,0,192,379
01/22/2009,LYH,VA,AEA,EN,Federal Contract Tower,0,19,28,0,47,0,0,166,14,180,0,19,194,14,227,216,0,216,443
01/23/2009,LYH,VA,AEA,EN,Federal Contract Tower,0,18,33,3,54,0,0,163,3,166,0,18,196,6,220,214,2,216,436
01/24/2009,LYH,VA,AEA,EN,Federal Contract Tower,0,6,31,0,37,0,0,108,4,112,0,6,139,4,149,122,0,122,271
01/25/2009,LYH,VA,AEA,EN,Federal Contract Tower,0,12,16,0,28,0,0,86,0,86,0,12,102,0,114,18,0,18,132
01/26/2009,LYH,VA,AEA,EN,Federal Contract Tower,0,11,16,0,27,0,0,119,0,119,0,11,135,0,146,104,0,104,250
01/27/2009,LYH,VA,AEA,EN,Federal Contract Tower,0,9,2,0,11,0,0,0,0,0,0,9,2,0,11,0,0,0,11
01/28/2009,LYH,VA,AEA,EN,Federal Contract Tower,0,13,3,0,16,0,0,0,0,0,0,13,3,0,16,0,0,0,16
01/29/2009,LYH,VA,AEA,EN,Federal Contract Tower,0,14,15,0,29,0,0,174,4,178,0,14,189,4,207,148,10,158,365
01/30/2009,LYH,VA,AEA,EN,Federal Contract Tower,0,14,30,1,45,0,0,130,3,133,0,14,160,4,178,38,0,38,216
01/31/2009,LYH,VA,AEA,EN,Federal Contract Tower,0,14,16,0,30,0,0,107,0,107,0,14,123,0,137,54,0,54,191
02/01/2009,LYH,VA,AEA,EN,Federal Contract Tower,0,11,12,0,23,0,0,66,0,66,0,11,78,0,89,28,0,28,117
02/02/2009,LYH,VA,AEA,EN,Federal Contract Tower,0,14,14,2,30,0,0,125,2,127,0,14,139,4,157,132,10,142,299
02/03/2009,LYH,VA,AEA,EN,Federal Contract Tower,0,13,16,0,29,0,0,130,4,134,0,13,146,4,163,112,0,112,275
02/04/2009,LYH,VA,AEA,EN,Federal Contract Tower,0,16,30,0,46,0,0,157,4,161,0,16,187,4,207,116,0,116,323
02/05/2009,LYH,VA,AEA,EN,Federal Contract Tower,0,14,13,0,27,0,0,145,2,147,0,14,158,2,174,166,0,166,340
02/06/2009,LYH,VA,AEA,EN,Federal Contract Tower,0,15,29,0,44,0,0,175,8,183,0,15,204,8,227,166,0,166,393
02/07/2009,LYH,VA,AEA,EN,Federal Contract Tower,0,9,16,0,25,0,0,106,0,106,0,9,122,0,131,56,0,56,187
02/08/2009,LYH,VA,AEA,EN,Federal Contract Tower,0,13,6,0,19,0,0,76,4,80,0,13,82,4,99,32,0,32,131
02/09/2009,LYH,VA,AEA,EN,Federal Contract Tower,0,19,14,0,33,0,0,135,6,141,0,19,149,6,174,214,0,214,388
02/10/2009,LYH,VA,AEA,EN,Federal Contract Tower,0,11,23,0,34,0,0,131,4,135,0,11,154,4,169,232,0,232,401
02/11/2009,LYH,VA,AEA,EN,Federal Contract Tower,0,16,20,0,36,0,0,79,2,81,0,16,99,2,117,60,0,60,177
02/12/2009,LYH,VA,AEA,EN,Federal Contract Tower,2,17,6,0,25,0,0,33,2,35,2,17,39,2,60,0,0,0,60
02/13/2009,LYH,VA,AEA,EN,Federal Contract Tower,0,19,21,1,41,0,0,77,1,78,0,19,98,2,119,48,0,48,167
02/14/2009,LYH,VA,AEA,EN,Federal Contract Tower,0,13,8,0,21,0,0,95,4,99,0,13,103,4,120,64,0,64,184
02/15/2009,LYH,VA,AEA,EN,Federal Contract Tower,0,11,11,0,22,0,0,80,2,82,0,11,91,2,104,26,0,26,130
02/16/2009,LYH,VA,AEA,EN,Federal Contract Tower,0,11,31,0,42,0,0,107,2,109,0,11,138,2,151,158,0,158,309
02/17/2009,LYH,VA,AEA,EN,Federal Contract Tower,0,13,43,4,60,0,0,176,10,186,0,13,219,14,246,160,6,166,412
02/18/2009,LYH,VA,AEA,EN,Federal Contract Tower,0,16,10,0,26,0,0,23,2,25,0,16,33,2,51,0,0,0,51
02/19/2009,LYH,VA,AEA,EN,Federal Contract Tower,0,18,20,2,40,0,0,78,0,78,0,18,98,2,118,36,0,36,154
02/20/2009,LYH,VA,AEA,EN,Federal Contract Tower,0,17,15,0,32,0,0,126,4,130,0,17,141,4,162,108,0,108,270
02/21/2009,LYH,VA,AEA,EN,Federal Contract Tower,0,6,8,0,14,0,0,118,4,122,0,6,126,4,136,84,0,84,220
02/22/2009,LYH,VA,AEA,EN,Federal Contract Tower,0,16,4,0,20,0,0,56,4,60,0,16,60,4,80,24,0,24,104
02/23/2009,LYH,VA,AEA,EN,Federal Contract Tower,0,18,26,9,53,0,0,138,13,151,0,18,164,22,204,172,0,172,376
02/24/2009,LYH,VA,AEA,EN,Federal Contract Tower,0,20,27,0,47,0,0,166,0,166,0,20,193,0,213,206,0,206,419
02/25/2009,LYH,VA,AEA,EN,Federal Contract Tower,0,23,40,0,63,0,0,169,4,173,0,23,209,4,236,228,0,228,464
02/26/2009,LYH,VA,AEA,EN,Federal Contract Tower,0,17,25,7,49,0,0,128,8,136,0,17,153,15,185,198,12,210,395
02/27/2009,LYH,VA,AEA,EN,Federal Contract Tower,0,16,29,0,45,0,0,55,4,59,0,16,84,4,104,60,0,60,164
02/28/2009,LYH,VA,AEA,EN,Federal Contract Tower,0,9,9,0,18,0,0,27,0,27,0,9,36,0,45,0,0,0,45
03/01/2009,LYH,VA,AEA,EN,Federal Contract Tower,0,10,2,0,12,0,0,0,0,0,0,10,2,0,12,0,0,0,12
03/02/2009,LYH,VA,AEA,EN,Federal Contract Tower,0,11,9,0,20,0,0,31,0,31,0,11,40,0,51,10,0,10,61
03/03/2009,LYH,VA,AEA,EN,Federal Contract Tower,0,15,20,0,35,0,0,104,2,106,0,15,124,2,141,206,0,206,347
03/04/2009,LYH,VA,AEA,EN,Federal Contract Tower,0,19,13,0,32,0,0,134,3,137,0,19,147,3,169,216,0,216,385
03/05/2009,LYH,VA,AEA,EN,Federal Contract Tower,0,14,26,0,40,0,0,122,4,126,0,14,148,4,166,214,0,214,380
03/06/2009,LYH,VA,AEA,EN,Federal Contract Tower,0,15,17,0,32,0,0,105,4,109,0,15,122,4,141,98,0,98,239
03/07/2009,LYH,VA,AEA,EN,Federal Contract Tower,0,9,19,0,28,0,0,135,4,139,0,9,154,4,167,124,0,124,291
03/08/2009,LYH,VA,AEA,EN,Federal Contract Tower,0,14,3,0,17,0,0,101,0,101,0,14,104,0,118,56,0,56,174
03/09/2009,LYH,VA,AEA,EN,Federal Contract Tower,0,18,9,0,27,0,0,82,0,82,0,18,91,0,109,46,0,46,155
03/10/2009,LYH,VA,AEA,EN,Federal Contract Tower,0,10,9,0,19,0,0,110,2,112,0,10,119,2,131,262,0,262,393
03/11/2009,LYH,VA,AEA,EN,Federal Contract Tower,0,14,20,0,34,0,0,55,4,59,0,14,75,4,93,30,0,30,123
03/12/2009,LYH,VA,AEA,EN,Federal Contract Tower,0,14,31,2,47,0,0,125,4,129,0,14,156,6,176,162,0,162,338
03/13/2009,LYH,VA,AEA,EN,Federal Contract Tower,0,15,7,0,22,0,0,0,0,0,0,15,7,0,22,0,0,0,22
03/14/2009,LYH,VA,AEA,EN,Federal Contract Tower,0,8,5,0,13,0,0,0,0,0,0,8,5,0,13,0,0,0,13
03/15/2009,LYH,VA,AEA,EN,Federal Contract Tower,0,15,5,0,20,0,0,0,0,0,0,15,5,0,20,0,0,0,20
03/16/2009,LYH,VA,AEA,EN,Federal Contract Tower,0,14,11,0,25,0,0,0,0,0,0,14,11,0,25,0,0,0,25
03/17/2009,LYH,VA,AEA,EN,Federal Contract Tower,0,15,14,0,29,0,0,35,0,35,0,15,49,0,64,84,0,84,148
03/18/2009,LYH,VA,AEA,EN,Federal Contract Tower,0,18,42,0,60,0,0,197,6,203,0,18,239,6,263,258,0,258,521
03/19/2009,LYH,VA,AEA,EN,Federal Contract Tower,0,19,27,0,46,0,0,131,4,135,0,19,158,4,181,198,0,198,379
03/20/2009,LYH,VA,AEA,EN,Federal Contract Tower,2,16,52,0,70,0,0,193,4,197,2,16,245,4,267,300,0,300,567
03/21/2009,LYH,VA,AEA,EN,Federal Contract Tower,0,6,17,0,23,0,0,113,2,115,0,6,130,2,138,140,0,140,278
03/22/2009,LYH,VA,AEA,EN,Federal Contract Tower,0,15,20,0,35,0,0,98,0,98,0,15,118,0,133,60,0,60,193
03/23/2009,LYH,VA,AEA,EN,Federal Contract Tower,2,13,36,0,51,0,0,151,4,155,2,13,187,4,206,214,0,214,420
03/24/2009,LYH,VA,AEA,EN,Federal Contract Tower,0,10,18,0,28,0,0,156,4,160,0,10,174,4,188,264,0,264,452
03/25/2009,LYH,VA,AEA,EN,Federal Contract Tower,0,17,18,2,37,0,0,85,4,89,0,17,103,6,126,122,10,132,258
03/26/2009,LYH,VA,AEA,EN,Federal Contract Tower,0,12,6,0,18,0,0,0,0,0,0,12,6,0,18,0,0,0,18
03/27/2009,LYH,VA,AEA,EN,Federal Contract Tower,0,13,31,0,44,0,0,52,0,52,0,13,83,0,96,36,0,36,132
03/28/2009,LYH,VA,AEA,EN,Federal Contract Tower,0,15,11,0,26,0,0,2,2,4,0,15,13,2,30,2,0,2,32
03/29/2009,LYH,VA,AEA,EN,Federal Contract Tower,0,15,11,2,28,0,0,13,0,13,0,15,24,2,41,0,0,0,41
03/30/2009,LYH,VA,AEA,EN,Federal Contract Tower,0,15,27,2,44,0,0,135,2,137,0,15,162,4,181,140,18,158,339
03/31/2009,LYH,VA,AEA,EN,Federal Contract Tower,0,8,27,0,35,0,0,179,6,185,0,8,206,6,220,308,0,308,528
04/01/2009,LYH,VA,AEA,EN,Federal Contract Tower,0,16,25,0,41,0,0,0,0,0,0,16,25,0,41,0,0,0,41
04/02/2009,LYH,VA,AEA,EN,Federal Contract Tower,0,13,0,0,13,0,0,0,0,0,0,13,0,0,13,0,0,0,13
04/03/2009,LYH,VA,AEA,EN,Federal Contract Tower,0,15,10,0,25,0,0,9,0,9,0,15,19,0,34,0,0,0,34
04/04/2009,LYH,VA,AEA,EN,Federal Contract Tower,0,8,16,0,24,0,0,79,4,83,0,8,95,4,107,60,54,114,221
04/05/2009,LYH,VA,AEA,EN,Federal Contract Tower,0,18,24,0,42,0,0,100,3,103,0,18,124,3,145,96,0,96,241
04/06/2009,LYH,VA,AEA,EN,Federal Contract Tower,0,18,20,61,99,0,0,66,6,72,0,18,86,67,171,30,0,30,201
04/07/2009,LYH,VA,AEA,EN,Federal Contract Tower,0,13,4,2,19,0,0,79,6,85,0,13,83,8,104,50,0,50,154
04/08/2009,LYH,VA,AEA,EN,Federal Contract Tower,0,19,21,0,40,0,0,127,0,127,0,19,148,0,167,240,0,240,407
04/09/2009,LYH,VA,AEA,EN,Federal Contract Tower,0,15,23,4,42,0,0,121,6,127,0,15,144,10,169,246,14,260,429
04/10/2009,LYH,VA,AEA,EN,Federal Contract Tower,0,16,19,0,35,0,0,94,0,94,0,16,113,0,129,154,0,154,283
04/11/2009,LYH,VA,AEA,EN,Federal Contract Tower,0,8,6,0,14,0,0,65,2,67,0,8,71,2,81,12,0,12,93
04/12/2009,LYH,VA,AEA,EN,Federal Contract Tower,0,15,13,0,28,0,0,86,4,90,0,15,99,4,118,54,0,54,172
04/13/2009,LYH,VA,AEA,EN,Federal Contract Tower,0,15,20,0,35,0,0,121,2,123,0,15,141,2,158,122,0,122,280
04/14/2009,LYH,VA,AEA,EN,Federal Contract Tower,0,19,10,0,29,0,0,21,0,21,0,19,31,0,50,8,0,8,58
04/15/2009,LYH,VA,AEA,EN,Federal Contract Tower,0,18,45,2,65,0,0,75,2,77,0,18,120,4,142,140,8,148,290
04/16/2009,LYH,VA,AEA,EN,Federal Contract Tower,0,22,27,0,49,0,0,138,3,141,0,22,165,3,190,184,2,186,376
04/17/2009,LYH,VA,AEA,EN,Federal Contract Tower,0,20,17,3,40,0,0,148,2,150,0,20,165,5,190,192,0,192,382
04/18/2009,LYH,VA,AEA,EN,Federal Contract Tower,0,9,15,0,24,0,0,139,4,143,0,9,154,4,167,106,0,106,273
04/19/2009,LYH,VA,AEA,EN,Federal Contract Tower,0,18,31,0,49,0,0,85,2,87,0,18,116,2,136,60,0,60,196
04/20/2009,LYH,VA,AEA,EN,Federal Contract Tower,0,13,5,0,18,0,0,6,0,6,0,13,11,0,24,2,0,2,26
04/21/2009,LYH,VA,AEA,EN,Federal Contract Tower,0,16,21,0,37,0,0,87,6,93,0,16,108,6,130,96,0,96,226
04/22/2009,LYH,VA,AEA,EN,Federal Contract Tower,0,21,12,4,37,0,0,101,0,101,0,21,113,4,138,58,0,58,196
04/23/2009,LYH,VA,AEA,EN,Federal Contract Tower,0,16,19,0,35,0,0,138,4,142,0,16,157,4,177,180,0,180,357
04/24/2009,LYH,VA,AEA,EN,Federal Contract Tower,0,19,21,0,40,0,0,145,4,149,0,19,166,4,189,128,0,128,317
04/25/2009,LYH,VA,AEA,EN,Federal Contract Tower,0,8,23,0,31,0,0,125,4,129,0,8,148,4,160,200,0,200,360
04/26/2009,LYH,VA,AEA,EN,Federal Contract Tower,0,16,14,0,30,0,0,99,0,99,0,16,113,0,129,102,0,102,231
04/27/2009,LYH,VA,AEA,EN,Federal Contract Tower,0,17,18,0,35,0,0,99,0,99,0,17,117,0,134,128,0,128,262
04/28/2009,LYH,VA,AEA,EN,Federal Contract Tower,0,22,16,0,38,0,0,124,4,128,0,22,140,4,166,162,0,162,328
04/29/2009,LYH,VA,AEA,EN,Federal Contract Tower,0,16,26,1,43,0,0,65,1,66,0,16,91,2,109,126,0,126,235
04/30/2009,LYH,VA,AEA,EN,Federal Contract Tower,0,22,47,0,69,0,0,53,4,57,0,22,100,4,126,42,0,42,168
05/01/2009,LYH,VA,AEA,EN,Federal Contract Tower,0,20,19,12,51,0,0,63,2,65,0,20,82,14,116,36,10,46,162
05/02/2009,LYH,VA,AEA,EN,Federal Contract Tower,0,18,22,0,40,0,0,68,2,70,0,18,90,2,110,72,0,72,182
05/03/2009,LYH,VA,AEA,EN,Federal Contract Tower,0,13,2,0,15,0,0,0,0,0,0,13,2,0,15,0,0,0,15
05/04/2009,LYH,VA,AEA,EN,Federal Contract Tower,0,15,5,0,20,0,0,14,0,14,0,15,19,0,34,30,0,30,64
05/05/2009,LYH,VA,AEA,EN,Federal Contract Tower,0,12,11,0,23,0,0,20,2,22,0,12,31,2,45,24,0,24,69
05/06/2009,LYH,VA,AEA,EN,Federal Contract Tower,0,22,17,0,39,0,0,0,0,0,0,22,17,0,39,0,0,0,39
05/07/2009,LYH,VA,AEA,EN,Federal Contract Tower,0,24,43,2,69,0,0,107,4,111,0,24,150,6,180,98,10,108,288
05/08/2009,LYH,VA,AEA,EN,Federal Contract Tower,0,17,27,2,46,0,0,114,2,116,0,17,141,4,162,140,0,140,302
05/09/2009,LYH,VA,AEA,EN,Federal Contract Tower,0,13,19,2,34,0,0,68,2,70,0,13,87,4,104,46,0,46,150
05/10/2009,LYH,VA,AEA,EN,Federal Contract Tower,0,16,19,0,35,0,0,91,2,93,0,16,110,2,128,44,0,44,172
05/11/2009,LYH,VA,AEA,EN,Federal Contract Tower,0,16,25,0,41,0,0,57,4,61,0,16,82,4,102,132,0,132,234
05/12/2009,LYH,VA,AEA,EN,Federal Contract Tower,0,11,28,0,39,0,0,169,2,171,0,11,197,2,210,220,2,222,432
05/13/2009,LYH,VA,AEA,EN,Federal Contract Tower,0,18,28,0,46,0,0,177,4,181,0,18,205,4,227,176,0,176,403
05/14/2009,LYH,VA,AEA,EN,Federal Contract Tower,0,18,34,0,52,0,0,107,0,107,0,18,141,0,159,174,0,174,333
05/15/2009,LYH,VA,AEA,EN,Federal Contract Tower,0,17,28,2,47,0,0,61,2,63,0,17,89,4,110,108,0,108,218
05/16/2009,LYH,VA,AEA,EN,Federal Contract Tower,0,8,15,0,23,0,0,48,0,48,0,8,63,0,71,48,0,48,119
05/17/2009,LYH,VA,AEA,EN,Federal Contract Tower,0,10,15,8,33,0,0,11,1,12,0,10,26,9,45,0,10,10,55
05/18/2009,LYH,VA,AEA,EN,Federal Contract Tower,0,15,18,0,33,0,0,129,4,133,0,15,147,4,166,102,0,102,268
05/19/2009,LYH,VA,AEA,EN,Federal Contract Tower,0,15,44,6,65,0,0,167,4,171,0,15,211,10,236,162,10,172,408
05/20/2009,LYH,VA,AEA,EN,Federal Contract Tower,0,16,42,3,61,0,0,147,11,158,0,16,189,14,219,180,4,184,403
05/21/2009,LYH,VA,AEA,EN,Federal Contract Tower,0,20,21,3,44,0,0,129,4,133,0,20,150,7,177,118,0,118,295
05/22/2009,LYH,VA,AEA,EN,Federal Contract Tower,0,14,41,8,63,0,0,153,2,155,0,14,194,10,218,158,0,158,376
05/23/2009,LYH,VA,AEA,EN,Federal Contract Tower,0,10,13,0,23,0,0,74,0,74,0,10,87,0,97,30,0,30,127
05/24/2009,LYH,VA,AEA,EN,Federal Contract Tower,0,9,6,4,19,0,0,48,0,48,0,9,54,4,67,6,0,6,73
05/25/2009,LYH,VA,AEA,EN,Federal Contract Tower,0,12,14,0,26,0,0,54,6,60,0,12,68,6,86,40,0,40,126
05/26/2009,LYH,VA,AEA,EN,Federal Contract Tower,0,9,16,2,27,0,0,25,2,27,0,9,41,4,54,8,0,8,62
05/27/2009,LYH,VA,AEA,EN,Federal Contract Tower,0,17,12,0,29,0,0,30,0,30,0,17,42,0,59,26,0,26,85
05/28/2009,LYH,VA,AEA,EN,Federal Contract Tower,0,17,13,3,33,0,0,58,3,61,0,17,71,6,94,72,8,80,174
05/29/2009,LYH,VA,AEA,EN,Federal Contract Tower,0,22,19,3,44,0,0,115,6,121,0,22,134,9,165,116,0,116,281
05/30/2009,LYH,VA,AEA,EN,Federal Contract Tower,0,10,22,2,34,0,0,125,0,125,0,10,147,2,159,98,0,98,257
05/31/2009,LYH,VA,AEA,EN,Federal Contract Tower,0,14,18,0,32,0,0,82,4,86,0,14,100,4,118,76,0,76,194
06/01/2009,LYH,VA,AEA,EN,Federal Contract Tower,0,15,22,1,38,0,0,142,8,150,0,15,164,9,188,172,0,172,360
06/02/2009,LYH,VA,AEA,EN,Federal Contract Tower,0,14,23,0,37,0,0,160,4,164,0,14,183,4,201,228,0,228,429
06/03/2009,LYH,VA,AEA,EN,Federal Contract Tower,0,19,26,0,45,0,0,103,4,107,0,19,129,4,152,102,0,102,254
06/04/2009,LYH,VA,AEA,EN,Federal Contract Tower,0,16,19,0,35,0,4,0,0,4,0,20,19,0,39,0,0,0,39
06/05/2009,LYH,VA,AEA,EN,Federal Contract Tower,0,24,15,0,39,0,0,0,0,0,0,24,15,0,39,0,0,0,39
06/06/2009,LYH,VA,AEA,EN,Federal Contract Tower,0,14,23,0,37,0,0,105,8,113,0,14,128,8,150,68,0,68,218
06/07/2009,LYH,VA,AEA,EN,Federal Contract Tower,0,18,21,0,39,0,0,105,4,109,0,18,126,4,148,46,0,46,194
06/08/2009,LYH,VA,AEA,EN,Federal Contract Tower,0,16,20,3,39,0,0,144,5,149,0,16,164,8,188,112,0,112,300
06/09/2009,LYH,VA,AEA,EN,Federal Contract Tower,0,15,23,1,39,0,0,105,2,107,0,15,128,3,146,150,0,150,296
06/10/2009,LYH,VA,AEA,EN,Federal Contract Tower,0,17,30,0,47,0,0,115,2,117,0,17,145,2,164,182,0,182,346
06/11/2009,LYH,VA,AEA,EN,Federal Contract Tower,0,15,34,1,50,0,0,24,4,28,0,15,58,5,78,52,0,52,130
06/12/2009,LYH,VA,AEA,EN,Federal Contract Tower,0,15,24,3,42,0,0,115,0,115,0,15,139,3,157,72,2,74,231
06/13/2009,LYH,VA,AEA,EN,Federal Contract Tower,0,13,12,0,25,0,0,76,10,86,0,13,88,10,111,24,0,24,135
06/14/2009,LYH,VA,AEA,EN,Federal Contract Tower,0,17,22,2,41,0,0,97,14,111,0,17,119,16,152,34,0,34,186
06/15/2009,LYH,VA,AEA,EN,Federal Contract Tower,0,21,32,0,53,0,0,32,0,32,0,21,64,0,85,26,0,26,111
06/16/2009,LYH,VA,AEA,EN,Federal Contract Tower,0,22,52,0,74,0,0,53,0,53,0,22,105,0,127,50,0,50,177
06/17/2009,LYH,VA,AEA,EN,Federal Contract Tower,0,20,16,0,36,0,0,0,0,0,0,20,16,0,36,0,0,0,36
06/18/2009,LYH,VA,AEA,EN,Federal Contract Tower,0,20,24,0,44,0,0,111,6,117,0,20,135,6,161,162,0,162,323
06/19/2009,LYH,VA,AEA,EN,Federal Contract Tower,0,18,24,2,44,0,0,107,8,115,0,18,131,10,159,106,0,106,265
06/20/2009,LYH,VA,AEA,EN,Federal Contract Tower,0,16,23,0,39,0,0,121,4,125,0,16,144,4,164,124,0,124,288
06/21/2009,LYH,VA,AEA,EN,Federal Contract Tower,0,13,19,3,35,0,0,69,6,75,0,13,88,9,110,64,0,64,174
06/22/2009,LYH,VA,AEA,EN,Federal Contract Tower,0,17,21,0,38,0,0,115,2,117,0,17,136,2,155,126,0,126,281
06/23/2009,LYH,VA,AEA,EN,Federal Contract Tower,0,16,30,0,46,0,0,163,2,165,0,16,193,2,211,230,0,230,441
06/24/2009,LYH,VA,AEA,EN,Federal Contract Tower,0,19,18,2,39,0,0,132,2,134,0,19,150,4,173,126,0,126,299
06/25/2009,LYH,VA,AEA,EN,Federal Contract Tower,0,21,16,0,37,0,0,124,4,128,0,21,140,4,165,170,0,170,335
06/26/2009,LYH,VA,AEA,EN,Federal Contract Tower,0,16,19,2,37,0,0,111,4,115,0,16,130,6,152,90,2,92,244
06/27/2009,LYH,VA,AEA,EN,Federal Contract Tower,0,16,14,0,30,0,0,119,4,123,0,16,133,4,153,106,0,106,259
06/28/2009,LYH,VA,AEA,EN,Federal Contract Tower,0,14,19,4,37,0,0,87,4,91,0,14,106,8,128,30,0,30,158
06/29/2009,LYH,VA,AEA,EN,Federal Contract Tower,0,22,12,0,34,0,0,103,0,103,0,22,115,0,137,46,0,46,183
06/30/2009,LYH,VA,AEA,EN,Federal Contract Tower,0,13,25,0,38,0,0,109,2,111,0,13,134,2,149,100,0,100,249
07/01/2009,LYH,VA,AEA,EN,Federal Contract Tower,0,19,26,2,47,0,0,86,4,90,0,19,112,6,137,88,0,88,225
07/02/2009,LYH,VA,AEA,EN,Federal Contract Tower,0,18,29,0,47,0,0,141,4,145,0,18,170,4,192,164,0,164,356
07/03/2009,LYH,VA,AEA,EN,Federal Contract Tower,0,15,23,0,38,0,0,124,5,129,0,15,147,5,167,88,0,88,255
07/04/2009,LYH,VA,AEA,EN,Federal Contract Tower,0,11,1,0,12,0,0,90,2,92,0,11,91,2,104,20,0,20,124
07/05/2009,LYH,VA,AEA,EN,Federal Contract Tower,0,11,23,0,34,0,0,0,0,0,0,11,23,0,34,0,0,0,34
07/06/2009,LYH,VA,AEA,EN,Federal Contract Tower,0,17,26,0,43,0,0,107,0,107,0,17,133,0,150,124,0,124,274
07/07/2009,LYH,VA,AEA,EN,Federal Contract Tower,0,15,18,0,33,0,0,122,4,126,0,15,140,4,159,68,0,68,227
07/08/2009,LYH,VA,AEA,EN,Federal Contract Tower,0,16,30,0,46,0,0,142,6,148,0,16,172,6,194,128,0,128,322
07/09/2009,LYH,VA,AEA,EN,Federal Contract Tower,0,18,13,2,33,0,0,110,4,114,0,18,123,6,147,110,0,110,257
07/10/2009,LYH,VA,AEA,EN,Federal Contract Tower,0,15,26,3,44,0,0,56,7,63,0,15,82,10,107,26,0,26,133
07/11/2009,LYH,VA,AEA,EN,Federal Contract Tower,0,15,8,0,23,0,0,94,4,98,0,15,102,4,121,64,0,64,185
07/12/2009,LYH,VA,AEA,EN,Federal Contract Tower,0,14,13,0,27,0,0,78,0,78,0,14,91,0,105,18,0,18,123
07/13/2009,LYH,VA,AEA,EN,Federal Contract Tower,0,17,16,0,33,0,0,119,4,123,0,17,135,4,156,96,0,96,252
07/14/2009,LYH,VA,AEA,EN,Federal Contract Tower,0,17,30,0,47,0,0,141,8,149,0,17,171,8,196,152,0,152,348
07/15/2009,LYH,VA,AEA,EN,Federal Contract Tower,0,19,27,5,51,0,0,139,4,143,0,19,166,9,194,144,4,148,342
07/16/2009,LYH,VA,AEA,EN,Federal Contract Tower,0,22,25,0,47,0,0,106,4,110,0,22,131,4,157,72,0,72,229
07/17/2009,LYH,VA,AEA,EN,Federal Contract Tower,0,17,12,2,31,0,0,68,8,76,0,17,80,10,107,56,0,56,163
07/18/2009,LYH,VA,AEA,EN,Federal Contract Tower,2,15,11,0,28,0,2,99,0,101,2,17,110,0,129,44,0,44,173
07/19/2009,LYH,VA,AEA,EN,Federal Contract Tower,0,15,21,2,38,0,0,88,0,88,0,15,109,2,126,2,0,2,128
07/20/2009,LYH,VA,AEA,EN,Federal Contract Tower,0,20,5,0,25,0,0,25,0,25,0,20,30,0,50,0,0,0,50
07/21/2009,LYH,VA,AEA,EN,Federal Contract Tower,0,18,34,2,54,0,0,126,4,130,0,18,160,6,184,122,0,122,306
07/22/2009,LYH,VA,AEA,EN,Federal Contract Tower,0,16,27,0,43,0,0,100,2,102,0,16,127,2,145,80,0,80,225
07/23/2009,LYH,VA,AEA,EN,Federal Contract Tower,0,18,27,5,50,0,0,77,11,88,0,18,104,16,138,80,0,80,218
07/24/2009,LYH,VA,AEA,EN,Federal Contract Tower,0,15,23,0,38,0,0,130,4,134,0,15,153,4,172,76,0,76,248
07/25/2009,LYH,VA,AEA,EN,Federal Contract Tower,0,15,12,0,27,0,0,101,2,103,0,15,113,2,130,26,0,26,156
07/26/2009,LYH,VA,AEA,EN,Federal Contract Tower,0,15,6,1,22,0,0,68,5,73,0,15,74,6,95,16,0,16,111
07/27/2009,LYH,VA,AEA,EN,Federal Contract Tower,0,14,21,0,35,0,0,107,0,107,0,14,128,0,142,76,0,76,218
07/28/2009,LYH,VA,AEA,EN,Federal Contract Tower,0,12,21,2,35,0,0,82,5,87,0,12,103,7,122,66,0,66,188
07/29/2009,LYH,VA,AEA,EN,Federal Contract Tower,0,14,28,0,42,0,0,43,2,45,0,14,71,2,87,6,0,6,93
07/30/2009,LYH,VA,AEA,EN,Federal Contract Tower,0,17,24,0,41,0,0,100,2,102,0,17,124,2,143,106,0,106,249
07/31/2009,LYH,VA,AEA,EN,Federal Contract Tower,0,15,12,2,29,0,0,41,0,41,0,15,53,2,70,22,0,22,92
08/01/2009,LYH,VA,AEA,EN,Federal Contract Tower,0,11,16,0,27,0,0,77,4,81,0,11,93,4,108,44,0,44,152
08/02/2009,LYH,VA,AEA,EN,Federal Contract Tower,0,15,15,6,36,0,0,42,4,46,0,15,57,10,82,14,0,14,96
08/03/2009,LYH,VA,AEA,EN,Federal Contract Tower,0,16,28,3,47,0,0,116,5,121,0,16,144,8,168,134,6,140,308
08/04/2009,LYH,VA,AEA,EN,Federal Contract Tower,0,18,22,0,40,0,0,118,4,122,0,18,140,4,162,180,0,180,342
08/05/2009,LYH,VA,AEA,EN,Federal Contract Tower,0,19,35,0,54,0,0,106,4,110,0,19,141,4,164,142,0,142,306
08/06/2009,LYH,VA,AEA,EN,Federal Contract Tower,0,22,27,2,51,0,0,78,20,98,0,22,105,22,149,90,22,112,261
08/07/2009,LYH,VA,AEA,EN,Federal Contract Tower,0,18,21,0,39,0,0,97,0,97,0,18,118,0,136,58,0,58,194
08/08/2009,LYH,VA,AEA,EN,Federal Contract Tower,0,15,20,0,35,0,0,72,2,74,0,15,92,2,109,48,0,48,157
08/09/2009,LYH,VA,AEA,EN,Federal Contract Tower,0,14,16,0,30,0,0,73,3,76,0,14,89,3,106,10,0,10,116
08/10/2009,LYH,VA,AEA,EN,Federal Contract Tower,0,15,21,1,37,0,0,94,0,94,0,15,115,1,131,106,0,106,237
08/11/2009,LYH,VA,AEA,EN,Federal Contract Tower,0,15,14,0,29,0,0,69,0,69,0,15,83,0,98,32,0,32,130
08/12/2009,LYH,VA,AEA,EN,Federal Contract Tower,0,11,15,0,26,0,0,57,3,60,0,11,72,3,86,22,0,22,108
08/13/2009,LYH,VA,AEA,EN,Federal Contract Tower,0,23,27,0,50,0,0,100,4,104,0,23,127,4,154,52,0,52,206
08/14/2009,LYH,VA,AEA,EN,Federal Contract Tower,0,15,23,0,38,0,0,109,2,111,0,15,132,2,149,46,0,46,195
08/15/2009,LYH,VA,AEA,EN,Federal Contract Tower,0,12,21,0,33,0,0,92,4,96,0,12,113,4,129,74,0,74,203
08/16/2009,LYH,VA,AEA,EN,Federal Contract Tower,0,14,16,0,30,0,0,139,5,144,0,14,155,5,174,80,0,80,254
08/17/2009,LYH,VA,AEA,EN,Federal Contract Tower,0,16,18,2,36,0,0,135,4,139,0,16,153,6,175,180,0,180,355
08/18/2009,LYH,VA,AEA,EN,Federal Contract Tower,0,24,19,0,43,0,0,116,2,118,0,24,135,2,161,158,0,158,319
08/19/2009,LYH,VA,AEA,EN,Federal Contract Tower,0,13,33,0,46,0,0,93,0,93,0,13,126,0,139,54,0,54,193
08/20/2009,LYH,VA,AEA,EN,Federal Contract Tower,0,17,14,2,33,0,0,121,4,125,0,17,135,6,158,86,0,86,244
08/21/2009,LYH,VA,AEA,EN,Federal Contract Tower,0,13,18,0,31,0,0,95,2,97,0,13,113,2,128,64,0,64,192
08/22/2009,LYH,VA,AEA,EN,Federal Contract Tower,0,12,12,0,24,0,0,56,6,62,0,12,68,6,86,50,0,50,136
08/23/2009,LYH,VA,AEA,EN,Federal Contract Tower,0,13,8,0,21,0,0,85,0,85,0,13,93,0,106,50,0,50,156
08/24/2009,LYH,VA,AEA,EN,Federal Contract Tower,0,16,20,2,38,0,0,97,6,103,0,16,117,8,141,98,0,98,239
08/25/2009,LYH,VA,AEA,EN,Federal Contract Tower,0,11,25,0,36,0,0,101,4,105,0,11,126,4,141,90,0,90,231
08/26/2009,LYH,VA,AEA,EN,Federal Contract Tower,0,19,26,4,49,0,0,117,6,123,0,19,143,10,172,150,10,160,332
08/27/2009,LYH,VA,AEA,EN,Federal Contract Tower,0,21,29,0,50,0,0,146,7,153,0,21,175,7,203,150,0,150,353
08/28/2009,LYH,VA,AEA,EN,Federal Contract Tower,0,15,22,2,39,0,0,75,11,86,0,15,97,13,125,100,0,100,225
08/29/2009,LYH,VA,AEA,EN,Federal Contract Tower,0,11,12,0,23,0,0,75,3,78,0,11,87,3,101,22,0,22,123
08/30/2009,LYH,VA,AEA,EN,Federal Contract Tower,0,17,5,0,22,0,0,87,4,91,0,17,92,4,113,38,0,38,151
08/31/2009,LYH,VA,AEA,EN,Federal Contract Tower,0,16,14,0,30,0,0,90,0,90,0,16,104,0,120,104,14,118,238
09/01/2009,LYH,VA,AEA,EN,Federal Contract Tower,0,14,30,2,46,0,0,110,2,112,0,14,140,4,158,98,12,110,268
09/02/2009,LYH,VA,AEA,EN,Federal Contract Tower,0,14,28,0,42,0,0,170,4,174,0,14,198,4,216,158,0,158,374
09/03/2009,LYH,VA,AEA,EN,Federal Contract Tower,0,20,26,0,46,0,0,164,6,170,0,20,190,6,216,222,0,222,438
09/04/2009,LYH,VA,AEA,EN,Federal Contract Tower,0,17,42,0,59,0,0,146,2,148,0,17,188,2,207,160,0,160,367
09/05/2009,LYH,VA,AEA,EN,Federal Contract Tower,0,11,18,0,29,0,0,101,0,101,0,11,119,0,130,78,0,78,208
09/06/2009,LYH,VA,AEA,EN,Federal Contract Tower,0,10,18,0,28,0,0,78,0,78,0,10,96,0,106,18,0,18,124
09/07/2009,LYH,VA,AEA,EN,Federal Contract Tower,0,12,33,0,45,0,0,76,2,78,0,12,109,2,123,104,0,104,227
09/08/2009,LYH,VA,AEA,EN,Federal Contract Tower,0,17,21,0,38,0,0,52,3,55,0,17,73,3,93,26,0,26,119
09/09/2009,LYH,VA,AEA,EN,Federal Contract Tower,0,12,35,10,57,0,0,156,5,161,0,12,191,15,218,162,10,172,390
09/10/2009,LYH,VA,AEA,EN,Federal Contract Tower,0,21,34,0,55,0,0,53,0,53,0,21,87,0,108,20,0,20,128
09/11/2009,LYH,VA,AEA,EN,Federal Contract Tower,0,15,21,0,36,0,0,157,0,157,0,15,178,0,193,208,0,208,401
09/12/2009,LYH,VA,AEA,EN,Federal Contract Tower,0,11,15,0,26,0,0,100,0,100,0,11,115,0,126,150,0,150,276
09/13/2009,LYH,VA,AEA,EN,Federal Contract Tower,0,19,26,0,45,0,1,94,1,96,0,20,120,1,141,26,0,26,167
09/14/2009,LYH,VA,AEA,EN,Federal Contract Tower,0,22,26,0,48,0,0,164,4,168,0,22,190,4,216,136,0,136,352
09/15/2009,LYH,VA,AEA,EN,Federal Contract Tower,0,17,25,0,42,0,0,156,6,162,0,17,181,6,204,170,2,172,376
09/16/2009,LYH,VA,AEA,EN,Federal Contract Tower,0,15,30,6,51,0,0,121,5,126,0,15,151,11,177,172,10,182,359
09/17/2009,LYH,VA,AEA,EN,Federal Contract Tower,0,21,36,0,57,0,0,0,0,0,0,21,36,0,57,0,0,0,57
09/18/2009,LYH,VA,AEA,EN,Federal Contract Tower,0,20,38,0,58,0,0,23,0,23,0,20,61,0,81,4,0,4,85
09/19/2009,LYH,VA,AEA,EN,Federal Contract Tower,0,9,17,0,26,0,0,77,0,77,0,9,94,0,103,46,0,46,149
09/20/2009,LYH,VA,AEA,EN,Federal Contract Tower,0,16,20,2,38,0,0,49,2,51,0,16,69,4,89,70,0,70,159
09/21/2009,LYH,VA,AEA,EN,Federal Contract Tower,0,17,43,0,60,0,0,128,4,132,0,17,171,4,192,180,0,180,372
09/22/2009,LYH,VA,AEA,EN,Federal Contract Tower,0,15,25,3,43,0,0,15,0,15,0,15,40,3,58,22,0,22,80
09/23/2009,LYH,VA,AEA,EN,Federal Contract Tower,0,15,33,0,48,0,0,60,2,62,0,15,93,2,110,76,0,76,186
09/24/2009,LYH,VA,AEA,EN,Federal Contract Tower,0,17,30,0,47,0,0,135,4,139,0,17,165,4,186,200,0,200,386
09/25/2009,LYH,VA,AEA,EN,Federal Contract Tower,0,23,52,0,75,0,0,20,0,20,0,23,72,0,95,28,0,28,123
09/26/2009,LYH,VA,AEA,EN,Federal Contract Tower,0,15,16,0,31,0,0,6,0,6,0,15,22,0,37,0,0,0,37
09/27/2009,LYH,VA,AEA,EN,Federal Contract Tower,0,17,25,0,42,0,0,89,4,93,0,17,114,4,135,98,0,98,233
09/28/2009,LYH,VA,AEA,EN,Federal Contract Tower,0,20,20,0,40,0,0,149,2,151,0,20,169,2,191,178,0,178,369
09/29/2009,LYH,VA,AEA,EN,Federal Contract Tower,0,20,12,0,32,0,0,128,4,132,0,20,140,4,164,134,0,134,298
09/30/2009,LYH,VA,AEA,EN,Federal Contract Tower,0,20,51,2,73,0,0,152,0,152,0,20,203,2,225,224,0,224,449
10/01/2009,LYH,VA,AEA,EN,Federal Contract Tower,0,17,24,3,44,0,0,145,1,146,0,17,169,4,190,188,6,194,384
10/02/2009,LYH,VA,AEA,EN,Federal Contract Tower,0,18,24,11,53,0,0,116,1,117,0,18,140,12,170,150,0,150,320
10/03/2009,LYH,VA,AEA,EN,Federal Contract Tower,0,10,19,0,29,0,0,84,4,88,0,10,103,4,117,106,0,106,223
10/04/2009,LYH,VA,AEA,EN,Federal Contract Tower,0,12,15,4,31,0,0,91,8,99,0,12,106,12,130,52,0,52,182
10/05/2009,LYH,VA,AEA,EN,Federal Contract Tower,0,28,32,0,60,0,0,145,2,147,0,28,177,2,207,184,0,184,391
10/06/2009,LYH,VA,AEA,EN,Federal Contract Tower,0,15,56,7,78,0,0,104,3,107,0,15,160,10,185,94,10,104,289
10/07/2009,LYH,VA,AEA,EN,Federal Contract Tower,0,19,16,0,35,0,0,62,0,62,0,19,78,0,97,22,0,22,119
10/08/2009,LYH,VA,AEA,EN,Federal Contract Tower,0,27,31,0,58,0,0,113,4,117,0,27,144,4,175,94,0,94,269
10/09/2009,LYH,VA,AEA,EN,Federal Contract Tower,0,30,26,0,56,0,0,82,0,82,0,30,108,0,138,44,0,44,182
10/10/2009,LYH,VA,AEA,EN,Federal Contract Tower,0,11,10,0,21,0,0,79,4,83,0,11,89,4,104,58,0,58,162
10/11/2009,LYH,VA,AEA,EN,Federal Contract Tower,0,19,15,0,34,0,0,100,2,102,0,19,115,2,136,38,0,38,174
10/12/2009,LYH,VA,AEA,EN,Federal Contract Tower,0,16,26,0,42,0,0,101,0,101,0,16,127,0,143,140,0,140,283
10/13/2009,LYH,VA,AEA,EN,Federal Contract Tower,0,17,33,1,51,0,0,117,6,123,0,17,150,7,174,124,0,124,298
10/14/2009,LYH,VA,AEA,EN,Federal Contract Tower,0,17,26,0,43,0,0,45,0,45,0,17,71,0,88,34,0,34,122
10/15/2009,LYH,VA,AEA,EN,Federal Contract Tower,0,15,16,0,31,0,0,0,0,0,0,15,16,0,31,0,0,0,31
10/16/2009,LYH,VA,AEA,EN,Federal Contract Tower,0,18,34,0,52,0,0,34,2,36,0,18,68,2,88,46,0,46,134
10/17/2009,LYH,VA,AEA,EN,Federal Contract Tower,0,10,18,2,30,0,0,115,0,115,0,10,133,2,145,90,0,90,235
10/18/2009,LYH,VA,AEA,EN,Federal Contract Tower,0,13,10,0,23,0,0,49,2,51,0,13,59,2,74,44,0,44,118
10/19/2009,LYH,VA,AEA,EN,Federal Contract Tower,0,16,25,0,41,0,0,118,0,118,0,16,143,0,159,84,0,84,243
10/20/2009,LYH,VA,AEA,EN,Federal Contract Tower,0,20,31,0,51,0,0,155,2,157,0,20,186,2,208,114,0,114,322
10/21/2009,LYH,VA,AEA,EN,Federal Contract Tower,0,13,40,2,55,0,0,157,2,159,0,13,197,4,214,182,0,182,396
10/22/2009,LYH,VA,AEA,EN,Federal Contract Tower,0,17,22,5,44,0,0,135,4,139,0,17,157,9,183,134,10,144,327
10/23/2009,LYH,VA,AEA,EN,Federal Contract Tower,0,16,43,2,61,0,0,60,2,62,0,16,103,4,123,72,0,72,195
10/24/2009,LYH,VA,AEA,EN,Federal Contract Tower,0,11,5,0,16,0,0,5,1,6,0,11,10,1,22,0,0,0,22
10/25/2009,LYH,VA,AEA,EN,Federal Contract Tower,0,17,21,0,38,0,0,93,8,101,0,17,114,8,139,110,0,110,249
10/26/2009,LYH,VA,AEA,EN,Federal Contract Tower,0,23,28,2,53,0,0,144,0,144,0,23,172,2,197,124,0,124,321
10/27/2009,LYH,VA,AEA,EN,Federal Contract Tower,0,16,29,2,47,0,0,42,0,42,0,16,71,2,89,144,0,144,233
10/28/2009,LYH,VA,AEA,EN,Federal Contract Tower,0,17,21,0,38,0,0,109,4,113,0,17,130,4,151,122,0,122,273
10/29/2009,LYH,VA,AEA,EN,Federal Contract Tower,0,27,29,4,60,0,0,142,4,146,0,27,171,8,206,152,0,152,358
10/30/2009,LYH,VA,AEA,EN,Federal Contract Tower,0,15,35,13,63,0,0,25,0,25,0,15,60,13,88,38,2,40,128
10/31/2009,LYH,VA,AEA,EN,Federal Contract Tower,0,8,11,0,19,0,0,0,0,0,0,8,11,0,19,0,0,0,19
11/01/2009,LYH,VA,AEA,EN,Federal Contract Tower,0,12,7,2,21,0,0,13,4,17,0,12,20,6,38,0,0,0,38
11/02/2009,LYH,VA,AEA,EN,Federal Contract Tower,0,13,22,0,35,0,0,149,4,153,0,13,171,4,188,194,0,194,382
11/03/2009,LYH,VA,AEA,EN,Federal Contract Tower,0,14,21,2,37,0,0,158,6,164,0,14,179,8,201,170,0,170,371
11/04/2009,LYH,VA,AEA,EN,Federal Contract Tower,0,17,26,0,43,0,0,135,2,137,0,17,161,2,180,124,0,124,304
11/05/2009,LYH,VA,AEA,EN,Federal Contract Tower,0,19,22,2,43,0,0,105,1,106,0,19,127,3,149,58,0,58,207
11/06/2009,LYH,VA,AEA,EN,Federal Contract Tower,0,15,29,0,44,0,0,119,0,119,0,15,148,0,163,110,0,110,273
11/07/2009,LYH,VA,AEA,EN,Federal Contract Tower,0,9,12,1,22,0,0,97,0,97,0,9,109,1,119,60,0,60,179
11/08/2009,LYH,VA,AEA,EN,Federal Contract Tower,0,15,25,0,40,0,0,101,0,101,0,15,126,0,141,54,0,54,195
11/09/2009,LYH,VA,AEA,EN,Federal Contract Tower,0,14,30,0,44,0,0,116,2,118,0,14,146,2,162,128,0,128,290
11/10/2009,LYH,VA,AEA,EN,Federal Contract Tower,0,16,19,0,35,0,0,95,4,99,0,16,114,4,134,84,0,84,218
11/11/2009,LYH,VA,AEA,EN,Federal Contract Tower,0,10,5,0,15,0,0,0,0,0,0,10,5,0,15,0,0,0,15
11/12/2009,LYH,VA,AEA,EN,Federal Contract Tower,0,19,4,1,24,0,0,0,0,0,0,19,4,1,24,0,0,0,24
11/13/2009,LYH,VA,AEA,EN,Federal Contract Tower,0,20,28,0,48,0,0,13,2,15,0,20,41,2,63,0,0,0,63
11/14/2009,LYH,VA,AEA,EN,Federal Contract Tower,0,8,16,0,24,0,0,101,2,103,0,8,117,2,127,94,8,102,229
11/15/2009,LYH,VA,AEA,EN,Federal Contract Tower,0,18,20,0,38,0,0,88,4,92,0,18,108,4,130,84,0,84,214
11/16/2009,LYH,VA,AEA,EN,Federal Contract Tower,0,13,27,0,40,0,0,163,2,165,0,13,190,2,205,232,0,232,437
11/17/2009,LYH,VA,AEA,EN,Federal Contract Tower,0,16,32,0,48,0,0,128,2,130,0,16,160,2,178,198,0,198,376
11/18/2009,LYH,VA,AEA,EN,Federal Contract Tower,0,16,47,3,66,0,0,0,0,0,0,16,47,3,66,0,0,0,66
11/19/2009,LYH,VA,AEA,EN,Federal Contract Tower,0,16,7,0,23,0,0,0,0,0,0,16,7,0,23,0,0,0,23
11/20/2009,LYH,VA,AEA,EN,Federal Contract Tower,0,20,34,0,54,0,0,136,0,136,0,20,170,0,190,92,0,92,282
11/21/2009,LYH,VA,AEA,EN,Federal Contract Tower,2,6,43,2,53,0,0,141,0,141,2,6,184,2,194,74,0,74,268
11/22/2009,LYH,VA,AEA,EN,Federal Contract Tower,0,11,16,0,27,0,0,73,2,75,0,11,89,2,102,36,0,36,138
11/23/2009,LYH,VA,AEA,EN,Federal Contract Tower,0,10,9,2,21,0,0,0,0,0,0,10,9,2,21,0,0,0,21
11/24/2009,LYH,VA,AEA,EN,Federal Contract Tower,0,15,33,0,48,0,0,75,2,77,0,15,108,2,125,108,0,108,233
11/25/2009,LYH,VA,AEA,EN,Federal Contract Tower,0,15,24,0,39,0,0,13,0,13,0,15,37,0,52,14,0,14,66
11/26/2009,LYH,VA,AEA,EN,Federal Contract Tower,0,5,5,0,10,0,0,11,0,11,0,5,16,0,21,14,0,14,35
11/27/2009,LYH,VA,AEA,EN,Federal Contract Tower,0,8,5,5,18,0,0,10,0,10,0,8,15,5,28,0,0,0,28
11/28/2009,LYH,VA,AEA,EN,Federal Contract Tower,0,13,21,0,34,0,0,66,4,70,0,13,87,4,104,24,0,24,128
11/29/2009,LYH,VA,AEA,EN,Federal Contract Tower,0,20,16,0,36,0,0,85,0,85,0,20,101,0,121,88,0,88,209
11/30/2009,LYH,VA,AEA,EN,Federal Contract Tower,0,12,10,0,22,0,0,65,0,65,0,12,75,0,87,58,0,58,145
12/01/2009,LYH,VA,AEA,EN,Federal Contract Tower,0,12,17,2,31,0,0,130,2,132,0,12,147,4,163,176,0,176,339
12/02/2009,LYH,VA,AEA,EN,Federal Contract Tower,0,24,9,0,33,0,0,8,0,8,0,24,17,0,41,28,0,28,69
12/03/2009,LYH,VA,AEA,EN,Federal Contract Tower,0,14,21,0,35,0,0,115,4,119,0,14,136,4,154,100,0,100,254
12/04/2009,LYH,VA,AEA,EN,Federal Contract Tower,0,14,23,0,37,0,0,128,2,130,0,14,151,2,167,180,0,180,347
12/05/2009,LYH,VA,AEA,EN,Federal Contract Tower,0,7,3,0,10,0,0,0,0,0,0,7,3,0,10,0,0,0,10
12/06/2009,LYH,VA,AEA,EN,Federal Contract Tower,0,16,13,1,30,0,0,97,3,100,0,16,110,4,130,12,0,12,142
12/07/2009,LYH,VA,AEA,EN,Federal Contract Tower,0,16,21,0,37,0,2,129,30,161,0,18,150,30,198,102,0,102,300
12/08/2009,LYH,VA,AEA,EN,Federal Contract Tower,0,11,19,1,31,0,0,61,4,65,0,11,80,5,96,84,0,84,180
12/09/2009,LYH,VA,AEA,EN,Federal Contract Tower,0,16,8,2,26,0,0,0,0,0,0,16,8,2,26,0,0,0,26
12/10/2009,LYH,VA,AEA,EN,Federal Contract Tower,0,16,11,1,28,0,0,99,4,103,0,16,110,5,131,48,0,48,179
12/11/2009,LYH,VA,AEA,EN,Federal Contract Tower,0,12,28,1,41,0,0,139,5,144,0,12,167,6,185,174,0,174,359
12/12/2009,LYH,VA,AEA,EN,Federal Contract Tower,0,9,18,0,27,0,0,127,3,130,0,9,145,3,157,170,0,170,327
12/13/2009,LYH,VA,AEA,EN,Federal Contract Tower,0,17,5,1,23,0,0,0,0,0,0,17,5,1,23,0,0,0,23
12/14/2009,LYH,VA,AEA,EN,Federal Contract Tower,2,10,33,1,46,0,0,113,2,115,2,10,146,3,161,116,0,116,277
12/15/2009,LYH,VA,AEA,EN,Federal Contract Tower,0,12,41,3,56,0,0,91,4,95,0,12,132,7,151,62,36,98,249
12/16/2009,LYH,VA,AEA,EN,Federal Contract Tower,0,14,17,0,31,0,0,122,4,126,0,14,139,4,157,122,0,122,279
12/17/2009,LYH,VA,AEA,EN,Federal Contract Tower,0,12,36,0,48,0,0,117,2,119,0,12,153,2,167,106,0,106,273
12/18/2009,LYH,VA,AEA,EN,Federal Contract Tower,0,8,16,0,24,0,0,36,0,36,0,8,52,0,60,16,0,16,76
12/19/2009,LYH,VA,AEA,EN,Federal Contract Tower,0,0,0,0,0,0,0,0,0,0,0,0,0,0,0,0,0,0,0
12/20/2009,LYH,VA,AEA,EN,Federal Contract Tower,0,9,3,0,12,0,0,3,0,3,0,9,6,0,15,0,0,0,15
12/21/2009,LYH,VA,AEA,EN,Federal Contract Tower,0,15,21,0,36,0,0,51,2,53,0,15,72,2,89,36,0,36,125
12/22/2009,LYH,VA,AEA,EN,Federal Contract Tower,0,14,45,0,59,0,0,77,2,79,0,14,122,2,138,14,0,14,152
12/23/2009,LYH,VA,AEA,EN,Federal Contract Tower,0,10,29,0,39,0,0,72,4,76,0,10,101,4,115,30,0,30,145
12/24/2009,LYH,VA,AEA,EN,Federal Contract Tower,0,8,8,0,16,0,0,70,4,74,0,8,78,4,90,66,0,66,156
12/25/2009,LYH,VA,AEA,EN,Federal Contract Tower,0,9,0,0,9,0,0,0,0,0,0,9,0,0,9,0,0,0,9
12/26/2009,LYH,VA,AEA,EN,Federal Contract Tower,0,7,7,0,14,0,0,46,0,46,0,7,53,0,60,52,0,52,112
12/27/2009,LYH,VA,AEA,EN,Federal Contract Tower,0,12,12,0,24,0,0,64,0,64,0,12,76,0,88,14,0,14,102
12/28/2009,LYH,VA,AEA,EN,Federal Contract Tower,0,10,7,0,17,0,0,81,4,85,0,10,88,4,102,18,0,18,120
12/29/2009,LYH,VA,AEA,EN,Federal Contract Tower,0,9,8,0,17,0,0,94,2,96,0,9,102,2,113,32,0,32,145
12/30/2009,LYH,VA,AEA,EN,Federal Contract Tower,0,8,10,0,18,0,0,115,4,119,0,8,125,4,137,74,0,74,211
12/31/2009,LYH,VA,AEA,EN,Federal Contract Tower,0,11,3,0,14,0,0,12,0,12,0,11,15,0,26,0,0,0,26
01/01/2010,LYH,VA,AEA,EN,Federal Contract Tower,0,9,4,0,13,0,0,41,0,41,0,9,45,0,54,0,0,0,54
01/02/2010,LYH,VA,AEA,EN,Federal Contract Tower,0,9,5,0,14,0,0,18,0,18,0,9,23,0,32,0,0,0,32
01/03/2010,LYH,VA,AEA,EN,Federal Contract Tower,0,8,14,0,22,0,0,51,0,51,0,8,65,0,73,0,0,0,73
01/04/2010,LYH,VA,AEA,EN,Federal Contract Tower,0,12,16,0,28,0,0,88,4,92,0,12,104,4,120,26,0,26,146
01/05/2010,LYH,VA,AEA,EN,Federal Contract Tower,0,18,9,0,27,0,0,94,4,98,0,18,103,4,125,22,0,22,147
01/06/2010,LYH,VA,AEA,EN,Federal Contract Tower,0,15,12,0,27,0,0,88,1,89,0,15,100,1,116,48,0,48,164
01/07/2010,LYH,VA,AEA,EN,Federal Contract Tower,0,11,14,9,34,0,0,107,4,111,0,11,121,13,145,94,16,110,255
01/08/2010,LYH,VA,AEA,EN,Federal Contract Tower,0,16,12,2,30,0,0,57,2,59,0,16,69,4,89,20,0,20,109
01/09/2010,LYH,VA,AEA,EN,Federal Contract Tower,0,7,20,0,27,0,0,75,0,75,0,7,95,0,102,30,0,30,132
01/10/2010,LYH,VA,AEA,EN,Federal Contract Tower,0,12,5,2,19,0,0,98,4,102,0,12,103,6,121,24,0,24,145
01/11/2010,LYH,VA,AEA,EN,Federal Contract Tower,0,16,19,0,35,0,0,111,4,115,0,16,130,4,150,76,0,76,226
01/12/2010,LYH,VA,AEA,EN,Federal Contract Tower,0,14,22,0,36,0,0,114,0,114,0,14,136,0,150,144,0,144,294
01/13/2010,LYH,VA,AEA,EN,Federal Contract Tower,0,16,20,0,36,0,0,114,2,116,0,16,134,2,152,132,0,132,284
01/14/2010,LYH,VA,AEA,EN,Federal Contract Tower,0,13,25,3,41,0,0,111,0,111,0,13,136,3,152,102,10,112,264
01/15/2010,LYH,VA,AEA,EN,Federal Contract Tower,0,16,26,0,42,0,0,101,2,103,0,16,127,2,145,44,0,44,189
01/16/2010,LYH,VA,AEA,EN,Federal Contract Tower,0,8,17,0,25,0,0,97,2,99,0,8,114,2,124,56,0,56,180
01/17/2010,LYH,VA,AEA,EN,Federal Contract Tower,0,12,3,0,15,0,0,0,0,0,0,12,3,0,15,0,0,0,15
01/18/2010,LYH,VA,AEA,EN,Federal Contract Tower,0,15,22,0,37,0,0,115,4,119,0,15,137,4,156,86,0,86,242
01/19/2010,LYH,VA,AEA,EN,Federal Contract Tower,0,11,29,0,40,0,0,122,2,124,0,11,151,2,164,126,0,126,290
01/20/2010,LYH,VA,AEA,EN,Federal Contract Tower,0,16,21,1,38,0,0,70,0,70,0,16,91,1,108,54,0,54,162
01/21/2010,LYH,VA,AEA,EN,Federal Contract Tower,0,18,10,0,28,0,0,17,0,17,0,18,27,0,45,0,0,0,45
01/22/2010,LYH,VA,AEA,EN,Federal Contract Tower,0,10,3,0,13,0,0,0,0,0,0,10,3,0,13,0,0,0,13
01/23/2010,LYH,VA,AEA,EN,Federal Contract Tower,0,11,24,3,38,0,0,98,4,102,0,11,122,7,140,90,0,90,230
01/24/2010,LYH,VA,AEA,EN,Federal Contract Tower,0,11,0,0,11,0,0,0,0,0,0,11,0,0,11,0,0,0,11
01/25/2010,LYH,VA,AEA,EN,Federal Contract Tower,0,22,25,0,47,0,0,119,0,119,0,22,144,0,166,108,0,108,274
01/26/2010,LYH,VA,AEA,EN,Federal Contract Tower,0,14,26,0,40,0,0,102,0,102,0,14,128,0,142,88,0,88,230
01/27/2010,LYH,VA,AEA,EN,Federal Contract Tower,0,12,31,8,51,0,0,145,0,145,0,12,176,8,196,152,0,152,348
01/28/2010,LYH,VA,AEA,EN,Federal Contract Tower,0,18,11,0,29,0,0,83,0,83,0,18,94,0,112,42,0,42,154
01/29/2010,LYH,VA,AEA,EN,Federal Contract Tower,0,16,13,0,29,0,0,121,2,123,0,16,134,2,152,98,0,98,250
01/30/2010,LYH,VA,AEA,EN,Federal Contract Tower,0,0,0,0,0,0,0,0,0,0,0,0,0,0,0,0,0,0,0
01/31/2010,LYH,VA,AEA,EN,Federal Contract Tower,0,11,3,0,14,0,0,26,2,28,0,11,29,2,42,2,0,2,44
02/01/2010,LYH,VA,AEA,EN,Federal Contract Tower,0,14,22,0,36,0,0,97,0,97,0,14,119,0,133,146,0,146,279
02/02/2010,LYH,VA,AEA,EN,Federal Contract Tower,0,17,1,0,18,0,0,0,0,0,0,17,1,0,18,34,0,34,52
02/03/2010,LYH,VA,AEA,EN,Federal Contract Tower,0,13,23,0,36,0,0,88,0,88,0,13,111,0,124,120,0,120,244
02/04/2010,LYH,VA,AEA,EN,Federal Contract Tower,0,22,33,0,55,0,0,144,2,146,0,22,177,2,201,76,0,76,277
02/05/2010,LYH,VA,AEA,EN,Federal Contract Tower,0,6,1,0,7,0,0,0,0,0,0,6,1,0,7,0,0,0,7
02/06/2010,LYH,VA,AEA,EN,Federal Contract Tower,0,3,0,0,3,0,0,0,0,0,0,3,0,0,3,0,0,0,3
02/07/2010,LYH,VA,AEA,EN,Federal Contract Tower,0,9,12,0,21,0,0,55,0,55,0,9,67,0,76,0,0,0,76
02/08/2010,LYH,VA,AEA,EN,Federal Contract Tower,0,17,17,0,34,0,0,119,2,121,0,17,136,2,155,158,0,158,313
02/09/2010,LYH,VA,AEA,EN,Federal Contract Tower,0,18,2,0,20,0,0,30,2,32,0,18,32,2,52,0,0,0,52
02/10/2010,LYH,VA,AEA,EN,Federal Contract Tower,0,12,4,0,16,0,0,5,0,5,0,12,9,0,21,0,0,0,21
02/11/2010,LYH,VA,AEA,EN,Federal Contract Tower,0,17,20,0,37,0,0,124,4,128,0,17,144,4,165,130,6,136,301
02/12/2010,LYH,VA,AEA,EN,Federal Contract Tower,0,15,20,0,35,0,0,149,4,153,0,15,169,4,188,166,0,166,354
02/13/2010,LYH,VA,AEA,EN,Federal Contract Tower,0,11,12,0,23,0,0,98,0,98,0,11,110,0,121,90,0,90,211
02/14/2010,LYH,VA,AEA,EN,Federal Contract Tower,0,10,14,0,24,0,0,67,0,67,0,10,81,0,91,40,0,40,131
02/15/2010,LYH,VA,AEA,EN,Federal Contract Tower,0,13,9,0,22,0,0,27,0,27,0,13,36,0,49,22,0,22,71
02/16/2010,LYH,VA,AEA,EN,Federal Contract Tower,0,11,6,0,17,0,0,67,2,69,0,11,73,2,86,18,0,18,104
02/17/2010,LYH,VA,AEA,EN,Federal Contract Tower,0,21,36,0,57,0,0,143,4,147,0,21,179,4,204,142,0,142,346
02/18/2010,LYH,VA,AEA,EN,Federal Contract Tower,0,22,19,0,41,0,0,137,4,141,0,22,156,4,182,172,0,172,354
02/19/2010,LYH,VA,AEA,EN,Federal Contract Tower,0,16,27,13,56,0,0,135,3,138,0,16,162,16,194,122,0,122,316
02/20/2010,LYH,VA,AEA,EN,Federal Contract Tower,0,12,19,1,32,0,0,147,7,154,0,12,166,8,186,166,0,166,352
02/21/2010,LYH,VA,AEA,EN,Federal Contract Tower,0,14,25,0,39,0,0,117,2,119,0,14,142,2,158,106,0,106,264
02/22/2010,LYH,VA,AEA,EN,Federal Contract Tower,0,16,5,0,21,0,0,20,0,20,0,16,25,0,41,0,0,0,41
02/23/2010,LYH,VA,AEA,EN,Federal Contract Tower,0,17,16,0,33,0,0,76,2,78,0,17,92,2,111,72,0,72,183
02/24/2010,LYH,VA,AEA,EN,Federal Contract Tower,0,14,17,0,31,0,0,41,0,41,0,14,58,0,72,20,0,20,92
02/25/2010,LYH,VA,AEA,EN,Federal Contract Tower,0,16,10,9,35,0,0,95,1,96,0,16,105,10,131,34,20,54,185
02/26/2010,LYH,VA,AEA,EN,Federal Contract Tower,0,12,6,2,20,0,0,49,4,53,0,12,55,6,73,6,0,6,79
02/27/2010,LYH,VA,AEA,EN,Federal Contract Tower,0,11,10,6,27,0,0,85,0,85,0,11,95,6,112,78,0,78,190
02/28/2010,LYH,VA,AEA,EN,Federal Contract Tower,0,13,12,3,28,0,0,79,8,87,0,13,91,11,115,36,4,40,155
03/01/2010,LYH,VA,AEA,EN,Federal Contract Tower,0,16,40,0,56,0,0,160,4,164,0,16,200,4,220,144,0,144,364
03/02/2010,LYH,VA,AEA,EN,Federal Contract Tower,0,7,9,0,16,0,0,58,0,58,0,7,67,0,74,82,0,82,156
03/03/2010,LYH,VA,AEA,EN,Federal Contract Tower,0,15,21,0,36,0,0,128,2,130,0,15,149,2,166,216,0,216,382
03/04/2010,LYH,VA,AEA,EN,Federal Contract Tower,0,17,22,0,39,0,0,137,2,139,0,17,159,2,178,106,0,106,284
03/05/2010,LYH,VA,AEA,EN,Federal Contract Tower,0,21,36,1,58,0,0,140,11,151,0,21,176,12,209,192,0,192,401
03/06/2010,LYH,VA,AEA,EN,Federal Contract Tower,0,13,24,4,41,0,0,127,1,128,0,13,151,5,169,142,0,142,311
03/07/2010,LYH,VA,AEA,EN,Federal Contract Tower,0,11,12,0,23,0,0,127,4,131,0,11,139,4,154,58,0,58,212
03/08/2010,LYH,VA,AEA,EN,Federal Contract Tower,0,20,22,1,43,0,0,167,2,169,0,20,189,3,212,130,18,148,360
03/09/2010,LYH,VA,AEA,EN,Federal Contract Tower,0,15,23,0,38,0,0,163,5,168,0,15,186,5,206,174,0,174,380
03/10/2010,LYH,VA,AEA,EN,Federal Contract Tower,0,15,31,0,46,0,0,162,4,166,0,15,193,4,212,200,0,200,412
03/11/2010,LYH,VA,AEA,EN,Federal Contract Tower,0,16,23,12,51,0,0,67,0,67,0,16,90,12,118,134,12,146,264
03/12/2010,LYH,VA,AEA,EN,Federal Contract Tower,0,11,29,0,40,0,0,0,0,0,0,11,29,0,40,0,0,0,40
03/13/2010,LYH,VA,AEA,EN,Federal Contract Tower,0,15,17,0,32,0,0,51,2,53,0,15,68,2,85,10,0,10,95
03/14/2010,LYH,VA,AEA,EN,Federal Contract Tower,0,16,31,0,47,0,0,82,2,84,0,16,113,2,131,24,0,24,155
03/15/2010,LYH,VA,AEA,EN,Federal Contract Tower,0,18,21,0,39,0,0,139,5,144,0,18,160,5,183,126,2,128,311
03/16/2010,LYH,VA,AEA,EN,Federal Contract Tower,0,10,14,4,28,0,0,108,4,112,0,10,122,8,140,78,8,86,226
03/17/2010,LYH,VA,AEA,EN,Federal Contract Tower,0,14,45,0,59,0,0,128,2,130,0,14,173,2,189,96,0,96,285
03/18/2010,LYH,VA,AEA,EN,Federal Contract Tower,0,17,22,0,39,0,0,120,2,122,0,17,142,2,161,74,0,74,235
03/19/2010,LYH,VA,AEA,EN,Federal Contract Tower,0,19,29,4,52,0,0,112,0,112,0,19,141,4,164,92,0,92,256
03/20/2010,LYH,VA,AEA,EN,Federal Contract Tower,0,11,21,0,32,0,0,124,2,126,0,11,145,2,158,62,0,62,220
03/21/2010,LYH,VA,AEA,EN,Federal Contract Tower,0,15,18,0,33,0,0,108,4,112,0,15,126,4,145,56,0,56,201
03/22/2010,LYH,VA,AEA,EN,Federal Contract Tower,0,20,13,2,35,0,0,85,2,87,0,20,98,4,122,74,6,80,202
03/23/2010,LYH,VA,AEA,EN,Federal Contract Tower,0,16,12,0,28,0,0,79,0,79,0,16,91,0,107,34,0,34,141
03/24/2010,LYH,VA,AEA,EN,Federal Contract Tower,0,25,24,0,49,0,0,127,0,127,0,25,151,0,176,170,0,170,346
03/25/2010,LYH,VA,AEA,EN,Federal Contract Tower,0,15,28,0,43,0,0,144,0,144,0,15,172,0,187,134,0,134,321
03/26/2010,LYH,VA,AEA,EN,Federal Contract Tower,0,14,18,0,32,0,0,56,2,58,0,14,74,2,90,128,0,128,218
03/27/2010,LYH,VA,AEA,EN,Federal Contract Tower,0,20,21,0,41,0,0,149,2,151,0,20,170,2,192,174,0,174,366
03/28/2010,LYH,VA,AEA,EN,Federal Contract Tower,0,13,8,0,21,0,0,0,0,0,0,13,8,0,21,0,0,0,21
03/29/2010,LYH,VA,AEA,EN,Federal Contract Tower,0,13,54,1,68,0,0,87,1,88,0,13,141,2,156,58,0,58,214
03/30/2010,LYH,VA,AEA,EN,Federal Contract Tower,0,11,24,0,35,0,0,110,2,112,0,11,134,2,147,112,0,112,259
03/31/2010,LYH,VA,AEA,EN,Federal Contract Tower,0,13,37,0,50,0,0,169,2,171,0,13,206,2,221,142,0,142,363
04/01/2010,LYH,VA,AEA,EN,Federal Contract Tower,0,22,25,2,49,0,0,157,2,159,0,22,182,4,208,220,0,220,428
04/02/2010,LYH,VA,AEA,EN,Federal Contract Tower,0,18,26,2,46,0,0,168,4,172,0,18,194,6,218,216,12,228,446
04/03/2010,LYH,VA,AEA,EN,Federal Contract Tower,0,13,20,0,33,0,0,112,4,116,0,13,132,4,149,56,0,56,205
04/04/2010,LYH,VA,AEA,EN,Federal Contract Tower,0,13,10,0,23,0,0,85,2,87,0,13,95,2,110,26,0,26,136
04/05/2010,LYH,VA,AEA,EN,Federal Contract Tower,0,16,21,0,37,0,0,96,0,96,0,16,117,0,133,30,0,30,163
04/06/2010,LYH,VA,AEA,EN,Federal Contract Tower,0,14,16,2,32,0,0,108,0,108,0,14,124,2,140,46,0,46,186
04/07/2010,LYH,VA,AEA,EN,Federal Contract Tower,0,14,17,0,31,0,0,137,2,139,0,14,154,2,170,78,0,78,248
04/08/2010,LYH,VA,AEA,EN,Federal Contract Tower,0,18,12,3,33,0,0,85,2,87,0,18,97,5,120,22,6,28,148
04/09/2010,LYH,VA,AEA,EN,Federal Contract Tower,0,18,25,0,43,0,0,140,6,146,0,18,165,6,189,76,0,76,265
04/10/2010,LYH,VA,AEA,EN,Federal Contract Tower,0,11,26,0,37,0,0,133,4,137,0,11,159,4,174,98,0,98,272
04/11/2010,LYH,VA,AEA,EN,Federal Contract Tower,0,16,29,0,45,0,0,122,4,126,0,16,151,4,171,70,0,70,241
04/12/2010,LYH,VA,AEA,EN,Federal Contract Tower,0,22,24,0,46,0,0,132,0,132,0,22,156,0,178,122,0,122,300
04/13/2010,LYH,VA,AEA,EN,Federal Contract Tower,0,13,16,13,42,0,0,145,3,148,0,13,161,16,190,218,12,230,420
04/14/2010,LYH,VA,AEA,EN,Federal Contract Tower,0,19,55,0,74,0,0,135,2,137,0,19,190,2,211,216,0,216,427
04/15/2010,LYH,VA,AEA,EN,Federal Contract Tower,0,21,33,0,54,0,0,148,3,151,0,21,181,3,205,150,0,150,355
04/16/2010,LYH,VA,AEA,EN,Federal Contract Tower,0,15,37,0,52,0,0,158,2,160,0,15,195,2,212,154,0,154,366
04/17/2010,LYH,VA,AEA,EN,Federal Contract Tower,0,16,13,1,30,0,0,70,4,74,0,16,83,5,104,96,0,96,200
04/18/2010,LYH,VA,AEA,EN,Federal Contract Tower,0,13,14,0,27,0,0,78,0,78,0,13,92,0,105,76,0,76,181
04/19/2010,LYH,VA,AEA,EN,Federal Contract Tower,0,20,20,0,40,0,0,137,2,139,0,20,157,2,179,132,0,132,311
04/20/2010,LYH,VA,AEA,EN,Federal Contract Tower,0,13,27,0,40,0,0,164,5,169,0,13,191,5,209,212,0,212,421
04/21/2010,LYH,VA,AEA,EN,Federal Contract Tower,0,19,35,3,57,0,0,90,2,92,0,19,125,5,149,152,2,154,303
04/22/2010,LYH,VA,AEA,EN,Federal Contract Tower,0,20,27,0,47,0,0,158,0,158,0,20,185,0,205,224,0,224,429
04/23/2010,LYH,VA,AEA,EN,Federal Contract Tower,0,14,35,8,57,0,0,142,2,144,0,14,177,10,201,188,0,188,389
04/24/2010,LYH,VA,AEA,EN,Federal Contract Tower,0,11,15,0,26,0,0,57,0,57,0,11,72,0,83,146,0,146,229
04/25/2010,LYH,VA,AEA,EN,Federal Contract Tower,0,17,7,2,26,0,0,24,0,24,0,17,31,2,50,46,0,46,96
04/26/2010,LYH,VA,AEA,EN,Federal Contract Tower,0,17,29,0,46,0,0,109,1,110,0,17,138,1,156,84,0,84,240
04/27/2010,LYH,VA,AEA,EN,Federal Contract Tower,0,12,29,0,41,0,0,144,6,150,0,12,173,6,191,212,0,212,403
04/28/2010,LYH,VA,AEA,EN,Federal Contract Tower,0,16,25,0,41,0,0,138,4,142,0,16,163,4,183,140,2,142,325
04/29/2010,LYH,VA,AEA,EN,Federal Contract Tower,0,18,38,5,61,0,0,168,9,177,0,18,206,14,238,222,0,222,460
04/30/2010,LYH,VA,AEA,EN,Federal Contract Tower,0,20,27,0,47,0,0,164,2,166,0,20,191,2,213,104,0,104,317
05/01/2010,LYH,VA,AEA,EN,Federal Contract Tower,0,13,11,0,24,0,0,81,0,81,0,13,92,0,105,34,0,34,139
05/02/2010,LYH,VA,AEA,EN,Federal Contract Tower,0,16,9,0,25,0,0,72,2,74,0,16,81,2,99,40,0,40,139
05/03/2010,LYH,VA,AEA,EN,Federal Contract Tower,0,21,4,2,27,0,0,28,0,28,0,21,32,2,55,0,0,0,55
05/04/2010,LYH,VA,AEA,EN,Federal Contract Tower,0,15,20,2,37,0,0,138,0,138,0,15,158,2,175,144,0,144,319
05/05/2010,LYH,VA,AEA,EN,Federal Contract Tower,0,16,37,0,53,0,0,140,2,142,0,16,177,2,195,158,4,162,357
05/06/2010,LYH,VA,AEA,EN,Federal Contract Tower,0,17,34,0,51,0,0,133,0,133,0,17,167,0,184,152,0,152,336
05/07/2010,LYH,VA,AEA,EN,Federal Contract Tower,0,15,23,3,41,0,0,125,3,128,0,15,148,6,169,176,10,186,355
05/08/2010,LYH,VA,AEA,EN,Federal Contract Tower,0,9,5,0,14,0,0,59,6,65,0,9,64,6,79,76,0,76,155
05/09/2010,LYH,VA,AEA,EN,Federal Contract Tower,0,17,14,0,31,0,0,93,4,97,0,17,107,4,128,82,0,82,210
05/10/2010,LYH,VA,AEA,EN,Federal Contract Tower,0,19,29,0,48,0,0,187,6,193,0,19,216,6,241,304,0,304,545
05/11/2010,LYH,VA,AEA,EN,Federal Contract Tower,0,14,27,4,45,0,0,70,2,72,0,14,97,6,117,76,4,80,197
05/12/2010,LYH,VA,AEA,EN,Federal Contract Tower,0,23,17,0,40,0,0,85,0,85,0,23,102,0,125,146,0,146,271
05/13/2010,LYH,VA,AEA,EN,Federal Contract Tower,0,27,23,0,50,0,0,0,0,0,0,27,23,0,50,0,0,0,50
05/14/2010,LYH,VA,AEA,EN,Federal Contract Tower,0,18,14,2,34,0,0,70,0,70,0,18,84,2,104,116,4,120,224
05/15/2010,LYH,VA,AEA,EN,Federal Contract Tower,0,15,32,0,47,0,0,114,2,116,0,15,146,2,163,108,0,108,271
05/16/2010,LYH,VA,AEA,EN,Federal Contract Tower,0,15,20,0,35,0,0,103,0,103,0,15,123,0,138,26,0,26,164
05/17/2010,LYH,VA,AEA,EN,Federal Contract Tower,0,20,19,0,39,0,0,11,2,13,0,20,30,2,52,2,0,2,54
05/18/2010,LYH,VA,AEA,EN,Federal Contract Tower,0,14,29,0,43,0,0,21,0,21,0,14,50,0,64,28,0,28,92
05/19/2010,LYH,VA,AEA,EN,Federal Contract Tower,0,21,20,0,41,0,0,61,0,61,0,21,81,0,102,80,0,80,182
05/20/2010,LYH,VA,AEA,EN,Federal Contract Tower,0,21,28,0,49,0,0,143,4,147,0,21,171,4,196,122,0,122,318
05/21/2010,LYH,VA,AEA,EN,Federal Contract Tower,0,16,22,0,38,0,0,150,4,154,0,16,172,4,192,80,0,80,272
05/22/2010,LYH,VA,AEA,EN,Federal Contract Tower,0,15,11,2,28,0,0,66,0,66,0,15,77,2,94,40,0,40,134
05/23/2010,LYH,VA,AEA,EN,Federal Contract Tower,0,18,18,0,36,0,0,58,0,58,0,18,76,0,94,30,0,30,124
05/24/2010,LYH,VA,AEA,EN,Federal Contract Tower,0,15,45,0,60,0,0,32,0,32,0,15,77,0,92,36,0,36,128
05/25/2010,LYH,VA,AEA,EN,Federal Contract Tower,0,19,33,3,55,0,0,96,0,96,0,19,129,3,151,132,0,132,283
05/26/2010,LYH,VA,AEA,EN,Federal Contract Tower,0,31,23,5,59,0,0,135,2,137,0,31,158,7,196,126,0,126,322
05/27/2010,LYH,VA,AEA,EN,Federal Contract Tower,0,14,47,2,63,0,0,143,5,148,0,14,190,7,211,128,4,132,343
05/28/2010,LYH,VA,AEA,EN,Federal Contract Tower,0,12,31,0,43,0,0,100,2,102,0,12,131,2,145,130,0,130,275
05/29/2010,LYH,VA,AEA,EN,Federal Contract Tower,0,12,16,0,28,0,0,37,6,43,0,12,53,6,71,32,0,32,103
05/30/2010,LYH,VA,AEA,EN,Federal Contract Tower,0,10,28,0,38,0,0,87,4,91,0,10,115,4,129,72,0,72,201
05/31/2010,LYH,VA,AEA,EN,Federal Contract Tower,0,12,27,0,39,0,0,87,1,88,0,12,114,1,127,76,0,76,203
06/01/2010,LYH,VA,AEA,EN,Federal Contract Tower,0,18,7,0,25,0,0,104,0,104,0,18,111,0,129,72,0,72,201
06/02/2010,LYH,VA,AEA,EN,Federal Contract Tower,0,12,38,0,50,0,0,129,2,131,0,12,167,2,181,106,0,106,287
06/03/2010,LYH,VA,AEA,EN,Federal Contract Tower,0,22,29,0,51,0,0,154,8,162,0,22,183,8,213,186,0,186,399
06/04/2010,LYH,VA,AEA,EN,Federal Contract Tower,0,13,24,0,37,0,0,116,0,116,0,13,140,0,153,110,0,110,263
06/05/2010,LYH,VA,AEA,EN,Federal Contract Tower,0,11,17,0,28,0,0,84,0,84,0,11,101,0,112,64,0,64,176
06/06/2010,LYH,VA,AEA,EN,Federal Contract Tower,0,14,9,4,27,0,0,59,16,75,0,14,68,20,102,20,0,20,122
06/07/2010,LYH,VA,AEA,EN,Federal Contract Tower,0,17,35,3,55,0,0,164,2,166,0,17,199,5,221,172,10,182,403
06/08/2010,LYH,VA,AEA,EN,Federal Contract Tower,0,15,25,0,40,0,0,150,4,154,0,15,175,4,194,140,0,140,334
06/09/2010,LYH,VA,AEA,EN,Federal Contract Tower,0,16,28,2,46,0,0,107,2,109,0,16,135,4,155,58,0,58,213
06/10/2010,LYH,VA,AEA,EN,Federal Contract Tower,0,16,32,0,48,0,0,158,0,158,0,16,190,0,206,160,0,160,366
06/11/2010,LYH,VA,AEA,EN,Federal Contract Tower,0,18,33,2,53,0,0,142,2,144,0,18,175,4,197,154,0,154,351
06/12/2010,LYH,VA,AEA,EN,Federal Contract Tower,0,14,13,0,27,0,0,106,2,108,0,14,119,2,135,58,0,58,193
06/13/2010,LYH,VA,AEA,EN,Federal Contract Tower,0,16,12,0,28,0,0,62,4,66,0,16,74,4,94,20,0,20,114
06/14/2010,LYH,VA,AEA,EN,Federal Contract Tower,0,21,19,2,42,0,0,118,2,120,0,21,137,4,162,116,0,116,278
06/15/2010,LYH,VA,AEA,EN,Federal Contract Tower,0,16,13,2,31,0,0,127,2,129,0,16,140,4,160,134,0,134,294
06/16/2010,LYH,VA,AEA,EN,Federal Contract Tower,0,21,24,2,47,0,0,65,0,65,0,21,89,2,112,92,0,92,204
06/17/2010,LYH,VA,AEA,EN,Federal Contract Tower,0,20,20,4,44,0,0,154,7,161,0,20,174,11,205,126,6,132,337
06/18/2010,LYH,VA,AEA,EN,Federal Contract Tower,0,19,29,4,52,0,0,137,0,137,0,19,166,4,189,98,2,100,289
06/19/2010,LYH,VA,AEA,EN,Federal Contract Tower,0,11,11,0,22,0,0,113,0,113,0,11,124,0,135,58,0,58,193
06/20/2010,LYH,VA,AEA,EN,Federal Contract Tower,0,13,16,6,35,0,0,102,0,102,0,13,118,6,137,68,0,68,205
06/21/2010,LYH,VA,AEA,EN,Federal Contract Tower,0,21,16,5,42,0,0,135,6,141,0,21,151,11,183,110,20,130,313
06/22/2010,LYH,VA,AEA,EN,Federal Contract Tower,0,15,18,2,35,0,0,129,2,131,0,15,147,4,166,164,0,164,330
06/23/2010,LYH,VA,AEA,EN,Federal Contract Tower,0,21,51,2,74,0,0,141,4,145,0,21,192,6,219,236,4,240,459
06/24/2010,LYH,VA,AEA,EN,Federal Contract Tower,0,28,40,0,68,0,0,129,2,131,0,28,169,2,199,86,0,86,285
06/25/2010,LYH,VA,AEA,EN,Federal Contract Tower,0,19,21,0,40,0,0,98,2,100,0,19,119,2,140,56,0,56,196
06/26/2010,LYH,VA,AEA,EN,Federal Contract Tower,0,14,24,2,40,0,0,117,4,121,0,14,141,6,161,76,0,76,237
06/27/2010,LYH,VA,AEA,EN,Federal Contract Tower,0,17,13,3,33,0,0,101,0,101,0,17,114,3,134,40,0,40,174
06/28/2010,LYH,VA,AEA,EN,Federal Contract Tower,0,15,29,1,45,0,0,120,4,124,0,15,149,5,169,92,0,92,261
06/29/2010,LYH,VA,AEA,EN,Federal Contract Tower,0,12,28,0,40,0,6,123,2,131,0,18,151,2,171,118,0,118,289
06/30/2010,LYH,VA,AEA,EN,Federal Contract Tower,0,20,20,0,40,0,0,106,2,108,0,20,126,2,148,128,0,128,276
07/01/2010,LYH,VA,AEA,EN,Federal Contract Tower,0,20,35,0,55,0,0,136,2,138,0,20,171,2,193,110,0,110,303
07/02/2010,LYH,VA,AEA,EN,Federal Contract Tower,0,14,22,0,36,0,2,118,0,120,0,16,140,0,156,98,0,98,254
07/03/2010,LYH,VA,AEA,EN,Federal Contract Tower,0,12,11,0,23,0,0,87,2,89,0,12,98,2,112,26,0,26,138
07/04/2010,LYH,VA,AEA,EN,Federal Contract Tower,0,10,3,0,13,0,2,73,2,77,0,12,76,2,90,30,0,30,120
07/05/2010,LYH,VA,AEA,EN,Federal Contract Tower,0,18,28,0,46,0,9,118,0,127,0,27,146,0,173,66,0,66,239
07/06/2010,LYH,VA,AEA,EN,Federal Contract Tower,0,17,13,3,33,0,1,138,6,145,0,18,151,9,178,174,10,184,362
07/07/2010,LYH,VA,AEA,EN,Federal Contract Tower,0,16,18,2,36,0,4,109,1,114,0,20,127,3,150,134,10,144,294
07/08/2010,LYH,VA,AEA,EN,Federal Contract Tower,0,15,16,6,37,0,0,97,0,97,0,15,113,6,134,56,0,56,190
07/09/2010,LYH,VA,AEA,EN,Federal Contract Tower,0,15,11,2,28,0,1,78,1,80,0,16,89,3,108,82,4,86,194
07/10/2010,LYH,VA,AEA,EN,Federal Contract Tower,0,13,8,0,21,0,0,72,5,77,0,13,80,5,98,32,0,32,130
07/11/2010,LYH,VA,AEA,EN,Federal Contract Tower,0,12,14,0,26,0,0,91,11,102,0,12,105,11,128,100,0,100,228
07/12/2010,LYH,VA,AEA,EN,Federal Contract Tower,0,14,7,0,21,0,0,67,2,69,0,14,74,2,90,46,0,46,136
07/13/2010,LYH,VA,AEA,EN,Federal Contract Tower,0,12,17,0,29,0,2,46,0,48,0,14,63,0,77,16,0,16,93
07/14/2010,LYH,VA,AEA,EN,Federal Contract Tower,0,14,40,6,60,0,0,121,0,121,0,14,161,6,181,82,0,82,263
07/15/2010,LYH,VA,AEA,EN,Federal Contract Tower,0,19,20,5,44,0,2,101,0,103,0,21,121,5,147,62,10,72,219
07/16/2010,LYH,VA,AEA,EN,Federal Contract Tower,0,16,16,4,36,0,1,98,4,103,0,17,114,8,139,76,6,82,221
07/17/2010,LYH,VA,AEA,EN,Federal Contract Tower,0,11,4,0,15,0,2,87,0,89,0,13,91,0,104,42,0,42,146
07/18/2010,LYH,VA,AEA,EN,Federal Contract Tower,0,14,15,2,31,0,3,88,0,91,0,17,103,2,122,24,0,24,146
07/19/2010,LYH,VA,AEA,EN,Federal Contract Tower,0,14,12,0,26,0,0,84,0,84,0,14,96,0,110,58,0,58,168
07/20/2010,LYH,VA,AEA,EN,Federal Contract Tower,0,17,15,0,32,0,3,121,2,126,0,20,136,2,158,92,0,92,250
07/21/2010,LYH,VA,AEA,EN,Federal Contract Tower,0,14,16,0,30,0,0,107,0,107,0,14,123,0,137,48,0,48,185
07/22/2010,LYH,VA,AEA,EN,Federal Contract Tower,0,17,23,2,42,0,0,114,1,115,0,17,137,3,157,88,0,88,245
07/23/2010,LYH,VA,AEA,EN,Federal Contract Tower,0,12,19,0,31,0,0,109,2,111,0,12,128,2,142,90,0,90,232
07/24/2010,LYH,VA,AEA,EN,Federal Contract Tower,0,11,30,0,41,0,0,93,2,95,0,11,123,2,136,48,0,48,184
07/25/2010,LYH,VA,AEA,EN,Federal Contract Tower,0,13,26,0,39,0,2,94,4,100,0,15,120,4,139,24,0,24,163
07/26/2010,LYH,VA,AEA,EN,Federal Contract Tower,0,18,21,0,39,0,1,87,2,90,0,19,108,2,129,32,0,32,161
07/27/2010,LYH,VA,AEA,EN,Federal Contract Tower,0,18,31,4,53,0,0,15,0,15,0,18,46,4,68,50,0,50,118
07/28/2010,LYH,VA,AEA,EN,Federal Contract Tower,0,16,29,0,45,0,1,95,0,96,0,17,124,0,141,74,0,74,215
07/29/2010,LYH,VA,AEA,EN,Federal Contract Tower,0,18,20,2,40,0,0,95,2,97,0,18,115,4,137,50,0,50,187
07/30/2010,LYH,VA,AEA,EN,Federal Contract Tower,0,20,25,0,45,0,0,134,6,140,0,20,159,6,185,108,0,108,293
07/31/2010,LYH,VA,AEA,EN,Federal Contract Tower,0,17,17,2,36,0,2,103,0,105,0,19,120,2,141,70,0,70,211
08/01/2010,LYH,VA,AEA,EN,Federal Contract Tower,0,15,11,0,26,0,0,44,4,48,0,15,55,4,74,26,0,26,100
08/02/2010,LYH,VA,AEA,EN,Federal Contract Tower,0,20,19,2,41,0,1,35,0,36,0,21,54,2,77,44,0,44,121
08/03/2010,LYH,VA,AEA,EN,Federal Contract Tower,0,11,23,0,34,0,5,76,4,85,0,16,99,4,119,114,0,114,233
08/04/2010,LYH,VA,AEA,EN,Federal Contract Tower,0,20,14,0,34,0,4,77,0,81,0,24,91,0,115,52,0,52,167
08/05/2010,LYH,VA,AEA,EN,Federal Contract Tower,0,12,15,0,27,0,0,83,0,83,0,12,98,0,110,48,0,48,158
08/06/2010,LYH,VA,AEA,EN,Federal Contract Tower,0,14,24,2,40,0,0,123,4,127,0,14,147,6,167,126,0,126,293
08/07/2010,LYH,VA,AEA,EN,Federal Contract Tower,0,12,13,0,25,0,4,103,4,111,0,16,116,4,136,108,0,108,244
08/08/2010,LYH,VA,AEA,EN,Federal Contract Tower,0,16,20,0,36,0,2,59,0,61,0,18,79,0,97,36,0,36,133
08/09/2010,LYH,VA,AEA,EN,Federal Contract Tower,0,15,13,0,28,0,4,101,4,109,0,19,114,4,137,84,0,84,221
08/10/2010,LYH,VA,AEA,EN,Federal Contract Tower,0,16,7,3,26,0,0,124,8,132,0,16,131,11,158,48,26,74,232
08/11/2010,LYH,VA,AEA,EN,Federal Contract Tower,0,19,9,1,29,0,1,81,0,82,0,20,90,1,111,42,0,42,153
08/12/2010,LYH,VA,AEA,EN,Federal Contract Tower,0,19,10,0,29,0,2,85,2,89,0,21,95,2,118,78,0,78,196
08/13/2010,LYH,VA,AEA,EN,Federal Contract Tower,0,17,14,6,37,0,4,50,0,54,0,21,64,6,91,14,0,14,105
08/14/2010,LYH,VA,AEA,EN,Federal Contract Tower,0,11,11,2,24,0,9,26,0,35,0,20,37,2,59,0,0,0,59
08/15/2010,LYH,VA,AEA,EN,Federal Contract Tower,0,17,8,1,26,0,0,29,7,36,0,17,37,8,62,8,0,8,70
08/16/2010,LYH,VA,AEA,EN,Federal Contract Tower,0,19,16,0,35,0,1,54,6,61,0,20,70,6,96,22,0,22,118
08/17/2010,LYH,VA,AEA,EN,Federal Contract Tower,0,17,14,7,38,0,0,114,4,118,0,17,128,11,156,64,0,64,220
08/18/2010,LYH,VA,AEA,EN,Federal Contract Tower,0,19,9,0,28,0,1,38,0,39,0,20,47,0,67,0,0,0,67
08/19/2010,LYH,VA,AEA,EN,Federal Contract Tower,0,19,21,0,40,0,0,2,0,2,0,19,23,0,42,0,0,0,42
08/20/2010,LYH,VA,AEA,EN,Federal Contract Tower,0,18,28,2,48,0,3,139,6,148,0,21,167,8,196,88,0,88,284
08/21/2010,LYH,VA,AEA,EN,Federal Contract Tower,0,9,10,0,19,0,0,101,7,108,0,9,111,7,127,76,0,76,203
08/22/2010,LYH,VA,AEA,EN,Federal Contract Tower,0,14,12,2,28,0,2,62,2,66,0,16,74,4,94,32,0,32,126
08/23/2010,LYH,VA,AEA,EN,Federal Contract Tower,0,17,20,0,37,0,0,118,8,126,0,17,138,8,163,116,0,116,279
08/24/2010,LYH,VA,AEA,EN,Federal Contract Tower,0,15,24,0,39,0,0,0,0,0,0,15,24,0,39,10,0,10,49
08/25/2010,LYH,VA,AEA,EN,Federal Contract Tower,0,29,45,4,78,0,1,91,7,99,0,30,136,11,177,64,20,84,261
08/26/2010,LYH,VA,AEA,EN,Federal Contract Tower,0,20,23,0,43,0,2,106,4,112,0,22,129,4,155,98,0,98,253
08/27/2010,LYH,VA,AEA,EN,Federal Contract Tower,0,14,33,0,47,0,3,135,5,143,0,17,168,5,190,136,0,136,326
08/28/2010,LYH,VA,AEA,EN,Federal Contract Tower,0,13,15,0,28,0,1,109,4,114,0,14,124,4,142,84,0,84,226
08/29/2010,LYH,VA,AEA,EN,Federal Contract Tower,0,17,25,0,42,0,3,125,8,136,0,20,150,8,178,94,0,94,272
08/30/2010,LYH,VA,AEA,EN,Federal Contract Tower,0,19,20,0,39,0,2,159,2,163,0,21,179,2,202,164,0,164,366
08/31/2010,LYH,VA,AEA,EN,Federal Contract Tower,0,15,18,0,33,0,2,116,3,121,0,17,134,3,154,224,0,224,378
09/01/2010,LYH,VA,AEA,EN,Federal Contract Tower,0,15,21,2,38,0,4,154,6,164,0,19,175,8,202,124,2,126,328
09/02/2010,LYH,VA,AEA,EN,Federal Contract Tower,0,18,20,0,38,0,0,139,0,139,0,18,159,0,177,124,0,124,301
09/03/2010,LYH,VA,AEA,EN,Federal Contract Tower,0,13,26,0,39,0,2,180,0,182,0,15,206,0,221,130,0,130,351
09/04/2010,LYH,VA,AEA,EN,Federal Contract Tower,0,13,14,0,27,0,4,95,4,103,0,17,109,4,130,68,0,68,198
09/05/2010,LYH,VA,AEA,EN,Federal Contract Tower,0,9,11,0,20,0,1,81,2,84,0,10,92,2,104,38,0,38,142
09/06/2010,LYH,VA,AEA,EN,Federal Contract Tower,0,12,25,0,37,0,0,111,2,113,0,12,136,2,150,146,0,146,296
09/07/2010,LYH,VA,AEA,EN,Federal Contract Tower,0,12,13,0,25,0,1,111,0,112,0,13,124,0,137,80,0,80,217
09/08/2010,LYH,VA,AEA,EN,Federal Contract Tower,0,15,29,5,49,0,0,139,7,146,0,15,168,12,195,62,0,62,257
09/09/2010,LYH,VA,AEA,EN,Federal Contract Tower,0,18,23,9,50,0,1,116,1,118,0,19,139,10,168,56,28,84,252
09/10/2010,LYH,VA,AEA,EN,Federal Contract Tower,2,13,23,0,38,0,2,152,4,158,2,15,175,4,196,122,2,124,320
09/11/2010,LYH,VA,AEA,EN,Federal Contract Tower,0,9,16,0,25,0,6,99,0,105,0,15,115,0,130,74,0,74,204
09/12/2010,LYH,VA,AEA,EN,Federal Contract Tower,0,16,10,0,26,0,6,64,2,72,0,22,74,2,98,36,0,36,134
09/13/2010,LYH,VA,AEA,EN,Federal Contract Tower,0,14,9,0,23,0,7,145,0,152,0,21,154,0,175,170,0,170,345
09/14/2010,LYH,VA,AEA,EN,Federal Contract Tower,0,11,14,3,28,0,2,107,1,110,0,13,121,4,138,88,0,88,226
09/15/2010,LYH,VA,AEA,EN,Federal Contract Tower,0,17,19,7,43,0,0,148,7,155,0,17,167,14,198,122,18,140,338
09/16/2010,LYH,VA,AEA,EN,Federal Contract Tower,0,16,11,0,27,0,11,113,0,124,0,27,124,0,151,40,0,40,191
09/17/2010,LYH,VA,AEA,EN,Federal Contract Tower,0,19,31,0,50,0,3,134,4,141,0,22,165,4,191,108,10,118,309
09/18/2010,LYH,VA,AEA,EN,Federal Contract Tower,0,9,24,2,35,0,10,126,0,136,0,19,150,2,171,82,0,82,253
09/19/2010,LYH,VA,AEA,EN,Federal Contract Tower,0,15,13,0,28,0,2,109,0,111,0,17,122,0,139,46,0,46,185
09/20/2010,LYH,VA,AEA,EN,Federal Contract Tower,0,15,15,2,32,0,1,140,4,145,0,16,155,6,177,134,0,134,311
09/21/2010,LYH,VA,AEA,EN,Federal Contract Tower,0,13,15,4,32,0,0,134,4,138,0,13,149,8,170,128,0,128,298
09/22/2010,LYH,VA,AEA,EN,Federal Contract Tower,0,12,17,2,31,0,1,95,0,96,0,13,112,2,127,106,0,106,233
09/23/2010,LYH,VA,AEA,EN,Federal Contract Tower,0,16,31,6,53,0,8,176,0,184,0,24,207,6,237,148,0,148,385
09/24/2010,LYH,VA,AEA,EN,Federal Contract Tower,0,18,23,0,41,0,2,156,4,162,0,20,179,4,203,204,0,204,407
09/25/2010,LYH,VA,AEA,EN,Federal Contract Tower,0,11,21,0,32,0,4,121,4,129,0,15,142,4,161,100,0,100,261
09/26/2010,LYH,VA,AEA,EN,Federal Contract Tower,0,16,27,0,43,0,0,59,2,61,0,16,86,2,104,0,0,0,104
09/27/2010,LYH,VA,AEA,EN,Federal Contract Tower,0,15,45,0,60,0,0,0,0,0,0,15,45,0,60,0,0,0,60
09/28/2010,LYH,VA,AEA,EN,Federal Contract Tower,0,17,27,2,46,0,0,95,0,95,0,17,122,2,141,104,20,124,265
09/29/2010,LYH,VA,AEA,EN,Federal Contract Tower,0,21,41,4,66,0,0,24,0,24,0,21,65,4,90,16,0,16,106
09/30/2010,LYH,VA,AEA,EN,Federal Contract Tower,0,12,25,4,41,0,2,37,0,39,0,14,62,4,80,72,0,72,152
10/01/2010,LYH,VA,AEA,EN,Federal Contract Tower,0,12,15,5,32,0,0,132,16,148,0,12,147,21,180,74,0,74,254
10/02/2010,LYH,VA,AEA,EN,Federal Contract Tower,0,8,11,0,19,0,1,95,0,96,0,9,106,0,115,120,0,120,235
10/03/2010,LYH,VA,AEA,EN,Federal Contract Tower,0,16,24,0,40,0,0,72,0,72,0,16,96,0,112,6,0,6,118
10/04/2010,LYH,VA,AEA,EN,Federal Contract Tower,0,18,17,0,35,0,1,103,2,106,0,19,120,2,141,154,0,154,295
10/05/2010,LYH,VA,AEA,EN,Federal Contract Tower,0,13,11,0,24,0,6,137,2,145,0,19,148,2,169,138,0,138,307
10/06/2010,LYH,VA,AEA,EN,Federal Contract Tower,0,18,20,0,38,0,2,128,4,134,0,20,148,4,172,154,0,154,326
10/07/2010,LYH,VA,AEA,EN,Federal Contract Tower,2,21,18,0,41,0,2,144,0,146,2,23,162,0,187,166,0,166,353
10/08/2010,LYH,VA,AEA,EN,Federal Contract Tower,0,20,29,0,49,0,2,186,2,190,0,22,215,2,239,264,0,264,503
10/09/2010,LYH,VA,AEA,EN,Federal Contract Tower,0,13,15,0,28,0,0,103,0,103,0,13,118,0,131,92,0,92,223
10/10/2010,LYH,VA,AEA,EN,Federal Contract Tower,0,18,20,0,38,0,5,98,0,103,0,23,118,0,141,52,0,52,193
10/11/2010,LYH,VA,AEA,EN,Federal Contract Tower,0,20,29,0,49,0,0,147,2,149,0,20,176,2,198,150,0,150,348
10/12/2010,LYH,VA,AEA,EN,Federal Contract Tower,0,17,9,3,29,0,4,142,4,150,0,21,151,7,179,132,0,132,311
10/13/2010,LYH,VA,AEA,EN,Federal Contract Tower,0,22,43,3,68,0,1,130,5,136,0,23,173,8,204,168,2,170,374
10/14/2010,LYH,VA,AEA,EN,Federal Contract Tower,0,17,12,8,37,0,2,61,0,63,0,19,73,8,100,46,0,46,146
10/15/2010,LYH,VA,AEA,EN,Federal Contract Tower,0,20,12,0,32,0,2,82,2,86,0,22,94,2,118,78,0,78,196
10/16/2010,LYH,VA,AEA,EN,Federal Contract Tower,0,9,11,0,20,0,2,68,0,70,0,11,79,0,90,6,0,6,96
10/17/2010,LYH,VA,AEA,EN,Federal Contract Tower,0,19,31,0,50,0,0,0,0,0,0,19,31,0,50,40,0,40,90
10/18/2010,LYH,VA,AEA,EN,Federal Contract Tower,0,19,49,4,72,0,5,140,6,151,0,24,189,10,223,162,0,162,385
10/19/2010,LYH,VA,AEA,EN,Federal Contract Tower,0,17,32,6,55,0,2,152,8,162,0,19,184,14,217,220,40,260,477
10/20/2010,LYH,VA,AEA,EN,Federal Contract Tower,0,17,57,4,78,0,0,16,0,16,0,17,73,4,94,6,0,6,100
10/21/2010,LYH,VA,AEA,EN,Federal Contract Tower,0,22,14,6,42,0,3,110,2,115,0,25,124,8,157,138,6,144,301
10/22/2010,LYH,VA,AEA,EN,Federal Contract Tower,0,18,37,5,60,0,0,147,0,147,0,18,184,5,207,222,16,238,445
10/23/2010,LYH,VA,AEA,EN,Federal Contract Tower,0,11,12,0,23,0,3,138,2,143,0,14,150,2,166,196,0,196,362
10/24/2010,LYH,VA,AEA,EN,Federal Contract Tower,0,16,15,0,31,0,4,116,2,122,0,20,131,2,153,222,0,222,375
10/25/2010,LYH,VA,AEA,EN,Federal Contract Tower,0,17,26,0,43,0,2,62,0,64,0,19,88,0,107,106,0,106,213
10/26/2010,LYH,VA,AEA,EN,Federal Contract Tower,0,15,20,0,35,0,0,55,2,57,0,15,75,2,92,100,0,100,192
10/27/2010,LYH,VA,AEA,EN,Federal Contract Tower,0,24,27,5,56,0,0,36,0,36,0,24,63,5,92,28,0,28,120
10/28/2010,LYH,VA,AEA,EN,Federal Contract Tower,0,18,26,0,44,0,2,138,0,140,0,20,164,0,184,118,0,118,302
10/29/2010,LYH,VA,AEA,EN,Federal Contract Tower,0,17,22,2,41,0,4,121,2,127,0,21,143,4,168,92,14,106,274
10/30/2010,LYH,VA,AEA,EN,Federal Contract Tower,0,11,23,0,34,0,0,114,2,116,0,11,137,2,150,116,0,116,266
10/31/2010,LYH,VA,AEA,EN,Federal Contract Tower,0,13,28,0,41,0,0,94,0,94,0,13,122,0,135,90,0,90,225
11/01/2010,LYH,VA,AEA,EN,Federal Contract Tower,0,16,42,7,65,0,0,153,2,155,0,16,195,9,220,128,6,134,354
11/02/2010,LYH,VA,AEA,EN,Federal Contract Tower,0,11,24,3,38,0,1,151,0,152,0,12,175,3,190,226,2,228,418
11/03/2010,LYH,VA,AEA,EN,Federal Contract Tower,0,21,35,3,59,0,0,133,4,137,0,21,168,7,196,168,8,176,372
11/04/2010,LYH,VA,AEA,EN,Federal Contract Tower,0,18,20,0,38,0,0,66,0,66,0,18,86,0,104,104,0,104,208
11/05/2010,LYH,VA,AEA,EN,Federal Contract Tower,0,14,32,6,52,0,0,123,2,125,0,14,155,8,177,126,28,154,331
11/06/2010,LYH,VA,AEA,EN,Federal Contract Tower,0,9,16,0,25,0,0,112,2,114,0,9,128,2,139,180,0,180,319
11/07/2010,LYH,VA,AEA,EN,Federal Contract Tower,0,13,14,0,27,0,6,89,4,99,0,19,103,4,126,118,0,118,244
11/08/2010,LYH,VA,AEA,EN,Federal Contract Tower,0,18,33,0,51,0,0,123,2,125,0,18,156,2,176,136,0,136,312
11/09/2010,LYH,VA,AEA,EN,Federal Contract Tower,0,18,12,0,30,0,5,149,6,160,0,23,161,6,190,172,0,172,362
11/10/2010,LYH,VA,AEA,EN,Federal Contract Tower,0,16,20,0,36,0,2,135,0,137,0,18,155,0,173,198,0,198,371
11/11/2010,LYH,VA,AEA,EN,Federal Contract Tower,0,15,24,0,39,0,0,165,4,169,0,15,189,4,208,252,0,252,460
11/12/2010,LYH,VA,AEA,EN,Federal Contract Tower,0,17,29,0,46,0,3,169,0,172,0,20,198,0,218,262,0,262,480
11/13/2010,LYH,VA,AEA,EN,Federal Contract Tower,0,9,20,0,29,0,0,114,2,116,0,9,134,2,145,150,0,150,295
11/14/2010,LYH,VA,AEA,EN,Federal Contract Tower,0,13,21,0,34,0,4,94,0,98,0,17,115,0,132,82,0,82,214
11/15/2010,LYH,VA,AEA,EN,Federal Contract Tower,0,16,26,0,42,0,0,122,0,122,0,16,148,0,164,148,0,148,312
11/16/2010,LYH,VA,AEA,EN,Federal Contract Tower,0,25,19,2,46,0,0,0,0,0,0,25,19,2,46,0,0,0,46
11/17/2010,LYH,VA,AEA,EN,Federal Contract Tower,0,12,11,0,23,0,4,109,0,113,0,16,120,0,136,132,0,132,268
11/18/2010,LYH,VA,AEA,EN,Federal Contract Tower,0,13,39,0,52,0,4,148,0,152,0,17,187,0,204,204,0,204,408
11/19/2010,LYH,VA,AEA,EN,Federal Contract Tower,1,17,33,4,55,0,1,184,0,185,1,18,217,4,240,250,0,250,490
11/20/2010,LYH,VA,AEA,EN,Federal Contract Tower,1,10,14,0,25,0,5,92,0,97,1,15,106,0,122,88,0,88,210
11/21/2010,LYH,VA,AEA,EN,Federal Contract Tower,0,11,16,0,27,0,2,78,0,80,0,13,94,0,107,40,0,40,147
11/22/2010,LYH,VA,AEA,EN,Federal Contract Tower,0,12,22,6,40,0,0,121,2,123,0,12,143,8,163,170,8,178,341
11/23/2010,LYH,VA,AEA,EN,Federal Contract Tower,0,15,15,0,30,0,4,79,2,85,0,19,94,2,115,100,0,100,215
11/24/2010,LYH,VA,AEA,EN,Federal Contract Tower,0,12,39,3,54,0,2,121,2,125,0,14,160,5,179,68,2,70,249
11/25/2010,LYH,VA,AEA,EN,Federal Contract Tower,0,4,3,0,7,0,0,0,0,0,0,4,3,0,7,0,0,0,7
11/26/2010,LYH,VA,AEA,EN,Federal Contract Tower,0,12,7,0,19,0,8,29,0,37,0,20,36,0,56,0,0,0,56
11/27/2010,LYH,VA,AEA,EN,Federal Contract Tower,0,17,15,0,32,0,3,50,0,53,0,20,65,0,85,0,0,0,85
11/28/2010,LYH,VA,AEA,EN,Federal Contract Tower,0,15,22,0,37,0,4,77,0,81,0,19,99,0,118,42,0,42,160
11/29/2010,LYH,VA,AEA,EN,Federal Contract Tower,0,14,27,0,41,0,3,137,1,141,0,17,164,1,182,146,0,146,328
11/30/2010,LYH,VA,AEA,EN,Federal Contract Tower,0,18,7,0,25,0,0,0,0,0,0,18,7,0,25,0,0,0,25
12/01/2010,LYH,VA,AEA,EN,Federal Contract Tower,0,29,21,2,52,0,0,30,2,32,0,29,51,4,84,10,10,20,104
12/02/2010,LYH,VA,AEA,EN,Federal Contract Tower,0,19,28,0,47,0,1,163,0,164,0,20,191,0,211,200,0,200,411
12/03/2010,LYH,VA,AEA,EN,Federal Contract Tower,0,16,23,9,48,0,2,184,6,192,0,18,207,15,240,258,0,258,498
12/04/2010,LYH,VA,AEA,EN,Federal Contract Tower,0,11,11,3,25,0,2,57,5,64,0,13,68,8,89,70,0,70,159
12/05/2010,LYH,VA,AEA,EN,Federal Contract Tower,0,11,13,0,24,0,4,28,0,32,0,15,41,0,56,0,0,0,56
12/06/2010,LYH,VA,AEA,EN,Federal Contract Tower,0,20,10,2,32,0,3,29,0,32,0,23,39,2,64,6,0,6,70
12/07/2010,LYH,VA,AEA,EN,Federal Contract Tower,0,13,11,2,26,0,0,82,2,84,0,13,93,4,110,100,0,100,210
12/08/2010,LYH,VA,AEA,EN,Federal Contract Tower,0,15,31,2,48,0,1,160,0,161,0,16,191,2,209,278,2,280,489
12/09/2010,LYH,VA,AEA,EN,Federal Contract Tower,0,17,34,0,51,0,2,134,4,140,0,19,168,4,191,176,0,176,367
12/10/2010,LYH,VA,AEA,EN,Federal Contract Tower,0,20,50,1,71,0,0,155,6,161,0,20,205,7,232,266,2,268,500
12/11/2010,LYH,VA,AEA,EN,Federal Contract Tower,0,9,10,0,19,0,1,100,4,105,0,10,110,4,124,170,0,170,294
12/12/2010,LYH,VA,AEA,EN,Federal Contract Tower,0,11,8,0,19,0,0,0,0,0,0,11,8,0,19,0,0,0,19
12/13/2010,LYH,VA,AEA,EN,Federal Contract Tower,0,13,17,2,32,0,1,58,0,59,0,14,75,2,91,46,0,46,137
12/14/2010,LYH,VA,AEA,EN,Federal Contract Tower,0,14,8,0,22,0,2,44,2,48,0,16,52,2,70,16,0,16,86
12/15/2010,LYH,VA,AEA,EN,Federal Contract Tower,0,22,24,1,47,0,0,149,0,149,0,22,173,1,196,168,0,168,364
12/16/2010,LYH,VA,AEA,EN,Federal Contract Tower,0,10,2,0,12,0,0,0,0,0,0,10,2,0,12,0,0,0,12
12/17/2010,LYH,VA,AEA,EN,Federal Contract Tower,0,11,19,0,30,0,2,61,0,63,0,13,80,0,93,100,0,100,193
12/18/2010,LYH,VA,AEA,EN,Federal Contract Tower,0,7,9,1,17,0,2,59,1,62,0,9,68,2,79,56,0,56,135
12/19/2010,LYH,VA,AEA,EN,Federal Contract Tower,0,11,15,0,26,0,2,52,0,54,0,13,67,0,80,124,0,124,204
12/20/2010,LYH,VA,AEA,EN,Federal Contract Tower,0,18,8,0,26,0,0,77,0,77,0,18,85,0,103,58,0,58,161
12/21/2010,LYH,VA,AEA,EN,Federal Contract Tower,0,13,14,0,27,0,2,83,2,87,0,15,97,2,114,94,0,94,208
12/22/2010,LYH,VA,AEA,EN,Federal Contract Tower,0,11,8,0,19,0,2,52,4,58,0,13,60,4,77,56,4,60,137
12/23/2010,LYH,VA,AEA,EN,Federal Contract Tower,0,12,7,4,23,0,1,50,4,55,0,13,57,8,78,38,32,70,148
12/24/2010,LYH,VA,AEA,EN,Federal Contract Tower,0,8,10,0,18,0,1,40,0,41,0,9,50,0,59,12,0,12,71
12/25/2010,LYH,VA,AEA,EN,Federal Contract Tower,0,12,2,0,14,0,0,0,0,0,0,12,2,0,14,0,0,0,14
12/26/2010,LYH,VA,AEA,EN,Federal Contract Tower,0,12,4,0,16,0,0,10,0,10,0,12,14,0,26,0,0,0,26
12/27/2010,LYH,VA,AEA,EN,Federal Contract Tower,0,13,4,0,17,0,4,51,2,57,0,17,55,2,74,30,0,30,104
12/28/2010,LYH,VA,AEA,EN,Federal Contract Tower,0,17,14,0,31,0,2,70,2,74,0,19,84,2,105,50,0,50,155
12/29/2010,LYH,VA,AEA,EN,Federal Contract Tower,0,13,10,1,24,0,3,73,8,84,0,16,83,9,108,80,0,80,188
12/30/2010,LYH,VA,AEA,EN,Federal Contract Tower,0,14,12,2,28,0,4,70,0,74,0,18,82,2,102,78,0,78,180
12/31/2010,LYH,VA,AEA,EN,Federal Contract Tower,0,11,12,0,23,0,1,97,0,98,0,12,109,0,121,60,0,60,181
01/01/2011,LYH,VA,AEA,EN,Federal Contract Tower,0,6,6,0,12,0,0,0,0,0,0,6,6,0,12,0,0,0,12
01/02/2011,LYH,VA,AEA,EN,Federal Contract Tower,0,13,6,0,19,0,0,19,0,19,0,13,25,0,38,0,0,0,38
01/03/2011,LYH,VA,AEA,EN,Federal Contract Tower,0,13,33,6,52,0,2,103,2,107,0,15,136,8,159,130,20,150,309
01/04/2011,LYH,VA,AEA,EN,Federal Contract Tower,0,14,7,8,29,0,3,90,10,103,0,17,97,18,132,92,16,108,240
01/05/2011,LYH,VA,AEA,EN,Federal Contract Tower,0,12,24,5,41,0,0,78,4,82,0,12,102,9,123,52,6,58,181
01/06/2011,LYH,VA,AEA,EN,Federal Contract Tower,0,10,7,5,22,0,0,81,0,81,0,10,88,5,103,82,20,102,205
01/07/2011,LYH,VA,AEA,EN,Federal Contract Tower,0,10,1,3,14,0,1,37,7,45,0,11,38,10,59,46,0,46,105
01/08/2011,LYH,VA,AEA,EN,Federal Contract Tower,0,8,7,0,15,0,1,15,0,16,0,9,22,0,31,0,0,0,31
01/09/2011,LYH,VA,AEA,EN,Federal Contract Tower,0,8,13,4,25,0,5,54,2,61,0,13,67,6,86,12,2,14,100
01/10/2011,LYH,VA,AEA,EN,Federal Contract Tower,0,12,15,0,27,0,4,103,4,111,0,16,118,4,138,124,0,124,262
01/11/2011,LYH,VA,AEA,EN,Federal Contract Tower,0,5,1,0,6,0,0,0,0,0,0,5,1,0,6,0,0,0,6
01/12/2011,LYH,VA,AEA,EN,Federal Contract Tower,0,12,5,0,17,0,0,56,4,60,0,12,61,4,77,34,0,34,111
01/13/2011,LYH,VA,AEA,EN,Federal Contract Tower,0,11,18,3,32,0,3,86,7,96,0,14,104,10,128,96,22,118,246
01/14/2011,LYH,VA,AEA,EN,Federal Contract Tower,0,12,33,0,45,0,2,109,0,111,0,14,142,0,156,94,0,94,250
01/15/2011,LYH,VA,AEA,EN,Federal Contract Tower,0,6,10,1,17,0,0,88,0,88,0,6,98,1,105,82,2,84,189
01/16/2011,LYH,VA,AEA,EN,Federal Contract Tower,0,10,21,0,31,0,0,83,0,83,0,10,104,0,114,60,0,60,174
01/17/2011,LYH,VA,AEA,EN,Federal Contract Tower,0,12,5,0,17,0,0,61,0,61,0,12,66,0,78,134,0,134,212
01/18/2011,LYH,VA,AEA,EN,Federal Contract Tower,0,12,4,1,17,0,0,14,0,14,0,12,18,1,31,14,0,14,45
01/19/2011,LYH,VA,AEA,EN,Federal Contract Tower,0,16,16,3,35,0,0,97,2,99,0,16,113,5,134,68,12,80,214
01/20/2011,LYH,VA,AEA,EN,Federal Contract Tower,0,13,12,2,27,0,4,115,7,126,0,17,127,9,153,114,10,124,277
01/21/2011,LYH,VA,AEA,EN,Federal Contract Tower,0,10,28,0,38,0,2,103,0,105,0,12,131,0,143,48,0,48,191
01/22/2011,LYH,VA,AEA,EN,Federal Contract Tower,0,6,14,0,20,0,0,103,0,103,0,6,117,0,123,200,0,200,323
01/23/2011,LYH,VA,AEA,EN,Federal Contract Tower,0,10,21,0,31,0,4,75,0,79,0,14,96,0,110,58,0,58,168
01/24/2011,LYH,VA,AEA,EN,Federal Contract Tower,0,16,23,0,39,0,1,101,0,102,0,17,124,0,141,112,0,112,253
01/25/2011,LYH,VA,AEA,EN,Federal Contract Tower,0,14,13,3,30,0,1,106,6,113,0,15,119,9,143,106,0,106,249
01/26/2011,LYH,VA,AEA,EN,Federal Contract Tower,0,8,7,0,15,0,0,0,0,0,0,8,7,0,15,0,0,0,15
01/27/2011,LYH,VA,AEA,EN,Federal Contract Tower,0,14,15,0,29,0,0,91,6,97,0,14,106,6,126,90,0,90,216
01/28/2011,LYH,VA,AEA,EN,Federal Contract Tower,0,12,18,0,30,0,0,78,2,80,0,12,96,2,110,74,0,74,184
01/29/2011,LYH,VA,AEA,EN,Federal Contract Tower,0,10,27,0,37,0,0,113,0,113,0,10,140,0,150,122,0,122,272
01/30/2011,LYH,VA,AEA,EN,Federal Contract Tower,0,10,25,1,36,0,2,126,5,133,0,12,151,6,169,68,0,68,237
01/31/2011,LYH,VA,AEA,EN,Federal Contract Tower,0,17,12,0,29,0,3,87,0,90,0,20,99,0,119,158,0,158,277
02/01/2011,LYH,VA,AEA,EN,Federal Contract Tower,0,10,11,0,21,0,0,38,2,40,0,10,49,2,61,72,0,72,133
02/02/2011,LYH,VA,AEA,EN,Federal Contract Tower,0,12,11,4,27,0,0,46,0,46,0,12,57,4,73,24,0,24,97
02/03/2011,LYH,VA,AEA,EN,Federal Contract Tower,0,12,22,0,34,0,1,102,2,105,0,13,124,2,139,112,2,114,253
02/04/2011,LYH,VA,AEA,EN,Federal Contract Tower,0,10,23,0,33,0,0,95,0,95,0,10,118,0,128,130,0,130,258
02/05/2011,LYH,VA,AEA,EN,Federal Contract Tower,0,6,0,0,6,0,0,0,0,0,0,6,0,0,6,0,0,0,6
02/06/2011,LYH,VA,AEA,EN,Federal Contract Tower,0,8,13,0,21,0,1,83,4,88,0,9,96,4,109,62,0,62,171
02/07/2011,LYH,VA,AEA,EN,Federal Contract Tower,0,14,19,0,33,0,0,137,0,137,0,14,156,0,170,162,0,162,332
02/08/2011,LYH,VA,AEA,EN,Federal Contract Tower,0,13,27,2,42,0,3,115,2,120,0,16,142,4,162,82,0,82,244
02/09/2011,LYH,VA,AEA,EN,Federal Contract Tower,0,18,43,0,61,0,0,155,0,155,0,18,198,0,216,168,0,168,384
02/10/2011,LYH,VA,AEA,EN,Federal Contract Tower,0,17,18,2,37,0,2,131,2,135,0,19,149,4,172,168,0,168,340
02/11/2011,LYH,VA,AEA,EN,Federal Contract Tower,0,18,28,1,47,0,2,160,7,169,0,20,188,8,216,130,4,134,350
02/12/2011,LYH,VA,AEA,EN,Federal Contract Tower,0,8,6,0,14,0,2,53,4,59,0,10,59,4,73,52,4,56,129
02/13/2011,LYH,VA,AEA,EN,Federal Contract Tower,0,14,11,0,25,0,2,49,0,51,0,16,60,0,76,44,0,44,120
02/14/2011,LYH,VA,AEA,EN,Federal Contract Tower,0,14,5,0,19,0,0,38,0,38,0,14,43,0,57,42,0,42,99
02/15/2011,LYH,VA,AEA,EN,Federal Contract Tower,0,14,19,0,33,0,0,128,6,134,0,14,147,6,167,182,24,206,373
02/16/2011,LYH,VA,AEA,EN,Federal Contract Tower,0,13,27,2,42,0,0,158,2,160,0,13,185,4,202,202,0,202,404
02/17/2011,LYH,VA,AEA,EN,Federal Contract Tower,0,11,30,0,41,0,0,140,4,144,0,11,170,4,185,182,0,182,367
02/18/2011,LYH,VA,AEA,EN,Federal Contract Tower,0,10,46,0,56,0,0,161,2,163,0,10,207,2,219,194,0,194,413
02/19/2011,LYH,VA,AEA,EN,Federal Contract Tower,0,7,10,0,17,0,0,32,0,32,0,7,42,0,49,10,0,10,59
02/20/2011,LYH,VA,AEA,EN,Federal Contract Tower,0,9,20,0,29,0,0,88,0,88,0,9,108,0,117,70,0,70,187
02/21/2011,LYH,VA,AEA,EN,Federal Contract Tower,0,12,29,4,45,0,1,104,4,109,0,13,133,8,154,88,0,88,242
02/22/2011,LYH,VA,AEA,EN,Federal Contract Tower,0,13,10,0,23,0,3,61,2,66,0,16,71,2,89,134,0,134,223
02/23/2011,LYH,VA,AEA,EN,Federal Contract Tower,0,12,12,2,26,0,1,115,3,119,0,13,127,5,145,240,12,252,397
02/24/2011,LYH,VA,AEA,EN,Federal Contract Tower,0,14,32,0,46,0,0,45,2,47,0,14,77,2,93,78,0,78,171
02/25/2011,LYH,VA,AEA,EN,Federal Contract Tower,0,13,22,0,35,0,0,14,0,14,0,13,36,0,49,22,0,22,71
02/26/2011,LYH,VA,AEA,EN,Federal Contract Tower,0,10,21,0,31,0,6,105,4,115,0,16,126,4,146,120,0,120,266
02/27/2011,LYH,VA,AEA,EN,Federal Contract Tower,0,13,19,0,32,0,0,74,2,76,0,13,93,2,108,62,0,62,170
02/28/2011,LYH,VA,AEA,EN,Federal Contract Tower,0,17,5,0,22,0,4,43,0,47,0,21,48,0,69,38,0,38,107
03/01/2011,LYH,VA,AEA,EN,Federal Contract Tower,0,12,40,0,52,0,0,187,6,193,0,12,227,6,245,274,0,274,519
03/02/2011,LYH,VA,AEA,EN,Federal Contract Tower,0,13,31,3,47,0,0,148,6,154,0,13,179,9,201,180,12,192,393
03/03/2011,LYH,VA,AEA,EN,Federal Contract Tower,0,13,20,1,34,0,0,115,3,118,0,13,135,4,152,162,14,176,328
03/04/2011,LYH,VA,AEA,EN,Federal Contract Tower,0,14,37,4,55,0,0,156,0,156,0,14,193,4,211,216,4,220,431
03/05/2011,LYH,VA,AEA,EN,Federal Contract Tower,0,8,20,2,30,0,2,31,0,33,0,10,51,2,63,70,0,70,133
03/06/2011,LYH,VA,AEA,EN,Federal Contract Tower,0,10,10,0,20,0,0,0,0,0,0,10,10,0,20,0,0,0,20
03/07/2011,LYH,VA,AEA,EN,Federal Contract Tower,0,14,29,0,43,0,0,118,0,118,0,14,147,0,161,178,0,178,339
03/08/2011,LYH,VA,AEA,EN,Federal Contract Tower,0,12,19,12,43,0,0,174,4,178,0,12,193,16,221,258,14,272,493
03/09/2011,LYH,VA,AEA,EN,Federal Contract Tower,0,14,14,0,28,0,0,4,0,4,0,14,18,0,32,6,0,6,38
03/10/2011,LYH,VA,AEA,EN,Federal Contract Tower,0,11,46,0,57,0,0,0,0,0,0,11,46,0,57,0,0,0,57
03/11/2011,LYH,VA,AEA,EN,Federal Contract Tower,0,12,23,0,35,0,1,101,0,102,0,13,124,0,137,54,0,54,191
03/12/2011,LYH,VA,AEA,EN,Federal Contract Tower,0,10,12,2,24,0,1,111,8,120,0,11,123,10,144,70,0,70,214
03/13/2011,LYH,VA,AEA,EN,Federal Contract Tower,0,11,20,0,31,0,2,90,4,96,0,13,110,4,127,42,0,42,169
03/14/2011,LYH,VA,AEA,EN,Federal Contract Tower,0,12,22,3,37,0,0,139,2,141,0,12,161,5,178,174,2,176,354
03/15/2011,LYH,VA,AEA,EN,Federal Contract Tower,0,15,11,0,26,0,2,81,2,85,0,17,92,2,111,116,0,116,227
03/16/2011,LYH,VA,AEA,EN,Federal Contract Tower,0,10,23,0,33,0,4,88,0,92,0,14,111,0,125,118,0,118,243
03/17/2011,LYH,VA,AEA,EN,Federal Contract Tower,0,11,13,0,24,0,1,107,0,108,0,12,120,0,132,132,0,132,264
03/18/2011,LYH,VA,AEA,EN,Federal Contract Tower,0,12,11,5,28,0,4,135,4,143,0,16,146,9,171,102,4,106,277
03/19/2011,LYH,VA,AEA,EN,Federal Contract Tower,0,12,14,1,27,0,3,106,1,110,0,15,120,2,137,64,0,64,201
03/20/2011,LYH,VA,AEA,EN,Federal Contract Tower,0,11,24,0,35,0,2,79,0,81,0,13,103,0,116,20,0,20,136
03/21/2011,LYH,VA,AEA,EN,Federal Contract Tower,0,13,17,0,30,0,0,124,0,124,0,13,141,0,154,144,0,144,298
03/22/2011,LYH,VA,AEA,EN,Federal Contract Tower,0,15,25,2,42,0,0,153,3,156,0,15,178,5,198,188,0,188,386
03/23/2011,LYH,VA,AEA,EN,Federal Contract Tower,0,11,20,2,33,0,0,101,2,103,0,11,121,4,136,174,2,176,312
03/24/2011,LYH,VA,AEA,EN,Federal Contract Tower,0,13,25,4,42,0,1,109,4,114,0,14,134,8,156,30,6,36,192
03/25/2011,LYH,VA,AEA,EN,Federal Contract Tower,0,12,46,2,60,0,0,197,2,199,0,12,243,4,259,294,0,294,553
03/26/2011,LYH,VA,AEA,EN,Federal Contract Tower,0,10,13,0,23,0,0,88,2,90,0,10,101,2,113,102,0,102,215
03/27/2011,LYH,VA,AEA,EN,Federal Contract Tower,0,12,3,0,15,0,2,2,0,4,0,14,5,0,19,0,0,0,19
03/28/2011,LYH,VA,AEA,EN,Federal Contract Tower,0,13,22,0,35,0,2,98,0,100,0,15,120,0,135,180,0,180,315
03/29/2011,LYH,VA,AEA,EN,Federal Contract Tower,0,12,23,0,35,0,2,180,4,186,0,14,203,4,221,256,0,256,477
03/30/2011,LYH,VA,AEA,EN,Federal Contract Tower,0,10,14,0,24,0,0,26,2,28,0,10,40,2,52,30,0,30,82
03/31/2011,LYH,VA,AEA,EN,Federal Contract Tower,0,12,15,0,27,0,0,3,0,3,0,12,18,0,30,0,0,0,30
04/01/2011,LYH,VA,AEA,EN,Federal Contract Tower,0,14,35,0,49,0,0,128,6,134,0,14,163,6,183,98,0,98,281
04/02/2011,LYH,VA,AEA,EN,Federal Contract Tower,0,9,11,0,20,0,2,53,1,56,0,11,64,1,76,14,0,14,90
04/03/2011,LYH,VA,AEA,EN,Federal Contract Tower,0,10,26,1,37,0,0,105,3,108,0,10,131,4,145,88,0,88,233
04/04/2011,LYH,VA,AEA,EN,Federal Contract Tower,0,12,10,0,22,0,5,82,2,89,0,17,92,2,111,110,0,110,221
04/05/2011,LYH,VA,AEA,EN,Federal Contract Tower,0,13,9,0,22,0,4,54,1,59,0,17,63,1,81,8,0,8,89
04/06/2011,LYH,VA,AEA,EN,Federal Contract Tower,0,12,39,2,53,0,0,187,6,193,0,12,226,8,246,210,0,210,456
04/07/2011,LYH,VA,AEA,EN,Federal Contract Tower,0,11,28,3,42,0,1,201,3,205,0,12,229,6,247,430,0,430,677
04/08/2011,LYH,VA,AEA,EN,Federal Contract Tower,0,14,50,4,68,0,1,93,0,94,0,15,143,4,162,254,0,254,416
04/09/2011,LYH,VA,AEA,EN,Federal Contract Tower,0,14,12,0,26,0,0,0,0,0,0,14,12,0,26,0,0,0,26
04/10/2011,LYH,VA,AEA,EN,Federal Contract Tower,0,11,23,0,34,0,2,48,2,52,0,13,71,2,86,72,0,72,158
04/11/2011,LYH,VA,AEA,EN,Federal Contract Tower,0,15,36,0,51,0,0,75,0,75,0,15,111,0,126,98,0,98,224
04/12/2011,LYH,VA,AEA,EN,Federal Contract Tower,0,10,18,0,28,0,6,79,2,87,0,16,97,2,115,238,0,238,353
04/13/2011,LYH,VA,AEA,EN,Federal Contract Tower,0,16,32,6,54,0,4,168,6,178,0,20,200,12,232,258,14,272,504
04/14/2011,LYH,VA,AEA,EN,Federal Contract Tower,0,13,29,2,44,0,4,158,7,169,0,17,187,9,213,356,4,360,573
04/15/2011,LYH,VA,AEA,EN,Federal Contract Tower,0,12,33,4,49,0,1,153,0,154,0,13,186,4,203,222,0,222,425
04/16/2011,LYH,VA,AEA,EN,Federal Contract Tower,0,11,4,0,15,0,2,0,0,2,0,13,4,0,17,0,0,0,17
04/17/2011,LYH,VA,AEA,EN,Federal Contract Tower,0,11,16,0,27,0,0,62,3,65,0,11,78,3,92,28,0,28,120
04/18/2011,LYH,VA,AEA,EN,Federal Contract Tower,0,12,31,2,45,0,0,122,0,122,0,12,153,2,167,146,0,146,313
04/19/2011,LYH,VA,AEA,EN,Federal Contract Tower,0,12,31,0,43,0,1,158,2,161,0,13,189,2,204,282,0,282,486
04/20/2011,LYH,VA,AEA,EN,Federal Contract Tower,0,14,31,0,45,0,2,123,0,125,0,16,154,0,170,136,0,136,306
04/21/2011,LYH,VA,AEA,EN,Federal Contract Tower,0,13,36,0,49,0,1,185,0,186,0,14,221,0,235,412,0,412,647
04/22/2011,LYH,VA,AEA,EN,Federal Contract Tower,0,9,18,0,27,0,0,99,0,99,0,9,117,0,126,202,0,202,328
04/23/2011,LYH,VA,AEA,EN,Federal Contract Tower,0,8,12,0,20,0,3,38,0,41,0,11,50,0,61,68,0,68,129
04/24/2011,LYH,VA,AEA,EN,Federal Contract Tower,0,10,3,0,13,0,3,48,1,52,0,13,51,1,65,30,0,30,95
04/25/2011,LYH,VA,AEA,EN,Federal Contract Tower,0,14,34,0,48,0,2,131,0,133,0,16,165,0,181,98,0,98,279
04/26/2011,LYH,VA,AEA,EN,Federal Contract Tower,0,11,15,0,26,0,0,79,0,79,0,11,94,0,105,190,0,190,295
04/27/2011,LYH,VA,AEA,EN,Federal Contract Tower,0,12,40,0,52,0,1,26,0,27,0,13,66,0,79,20,0,20,99
04/28/2011,LYH,VA,AEA,EN,Federal Contract Tower,0,13,20,0,33,0,0,88,6,94,0,13,108,6,127,124,0,124,251
04/29/2011,LYH,VA,AEA,EN,Federal Contract Tower,0,12,64,4,80,0,1,176,4,181,0,13,240,8,261,236,0,236,497
04/30/2011,LYH,VA,AEA,EN,Federal Contract Tower,0,11,40,0,51,0,2,182,4,188,0,13,222,4,239,330,0,330,569
05/01/2011,LYH,VA,AEA,EN,Federal Contract Tower,0,11,18,0,29,0,0,66,2,68,0,11,84,2,97,134,0,134,231
05/02/2011,LYH,VA,AEA,EN,Federal Contract Tower,0,11,41,0,52,0,2,159,0,161,0,13,200,0,213,206,0,206,419
05/03/2011,LYH,VA,AEA,EN,Federal Contract Tower,0,13,27,6,46,0,0,80,2,82,0,13,107,8,128,84,26,110,238
05/04/2011,LYH,VA,AEA,EN,Federal Contract Tower,0,14,40,7,61,0,1,155,2,158,0,15,195,9,219,228,4,232,451
05/05/2011,LYH,VA,AEA,EN,Federal Contract Tower,0,22,24,0,46,0,1,184,2,187,0,23,208,2,233,376,0,376,609
05/06/2011,LYH,VA,AEA,EN,Federal Contract Tower,0,11,51,0,62,0,0,122,0,122,0,11,173,0,184,180,0,180,364
05/07/2011,LYH,VA,AEA,EN,Federal Contract Tower,0,12,20,0,32,0,1,104,2,107,0,13,124,2,139,156,0,156,295
05/08/2011,LYH,VA,AEA,EN,Federal Contract Tower,0,9,12,0,21,0,0,63,0,63,0,9,75,0,84,66,0,66,150
05/09/2011,LYH,VA,AEA,EN,Federal Contract Tower,0,10,37,0,47,0,4,131,0,135,0,14,168,0,182,254,0,254,436
05/10/2011,LYH,VA,AEA,EN,Federal Contract Tower,0,10,20,0,30,0,1,130,6,137,0,11,150,6,167,172,0,172,339
05/11/2011,LYH,VA,AEA,EN,Federal Contract Tower,0,12,47,0,59,0,0,138,2,140,0,12,185,2,199,238,0,238,437
05/12/2011,LYH,VA,AEA,EN,Federal Contract Tower,0,14,49,1,64,0,0,29,0,29,0,14,78,1,93,0,0,0,93
05/13/2011,LYH,VA,AEA,EN,Federal Contract Tower,0,13,28,0,41,0,0,0,0,0,0,13,28,0,41,0,0,0,41
05/14/2011,LYH,VA,AEA,EN,Federal Contract Tower,0,13,22,0,35,0,0,0,0,0,0,13,22,0,35,0,0,0,35
05/15/2011,LYH,VA,AEA,EN,Federal Contract Tower,0,12,9,0,21,0,3,9,0,12,0,15,18,0,33,0,0,0,33
05/16/2011,LYH,VA,AEA,EN,Federal Contract Tower,0,12,25,0,37,0,0,58,0,58,0,12,83,0,95,80,0,80,175
05/17/2011,LYH,VA,AEA,EN,Federal Contract Tower,0,12,18,0,30,0,1,39,0,40,0,13,57,0,70,48,0,48,118
05/18/2011,LYH,VA,AEA,EN,Federal Contract Tower,0,15,18,8,41,0,0,82,18,100,0,15,100,26,141,88,2,90,231
05/19/2011,LYH,VA,AEA,EN,Federal Contract Tower,0,15,15,10,40,0,3,21,0,24,0,18,36,10,64,6,0,6,70
05/20/2011,LYH,VA,AEA,EN,Federal Contract Tower,0,15,16,2,33,0,2,88,2,92,0,17,104,4,125,16,2,18,143
05/21/2011,LYH,VA,AEA,EN,Federal Contract Tower,0,11,6,1,18,0,0,130,4,134,0,11,136,5,152,20,2,22,174
05/22/2011,LYH,VA,AEA,EN,Federal Contract Tower,0,10,8,2,20,0,0,126,0,126,0,10,134,2,146,14,0,14,160
05/23/2011,LYH,VA,AEA,EN,Federal Contract Tower,0,12,12,0,24,0,2,69,3,74,0,14,81,3,98,64,0,64,162
05/24/2011,LYH,VA,AEA,EN,Federal Contract Tower,0,10,17,1,28,0,4,148,5,157,0,14,165,6,185,140,0,140,325
05/25/2011,LYH,VA,AEA,EN,Federal Contract Tower,0,11,32,5,48,0,2,163,6,171,0,13,195,11,219,242,8,250,469
05/26/2011,LYH,VA,AEA,EN,Federal Contract Tower,0,8,12,0,20,0,0,115,0,115,0,8,127,0,135,178,2,180,315
05/27/2011,LYH,VA,AEA,EN,Federal Contract Tower,0,7,14,0,21,0,0,81,0,81,0,7,95,0,102,160,0,160,262
05/28/2011,LYH,VA,AEA,EN,Federal Contract Tower,0,12,3,0,15,0,0,34,0,34,0,12,37,0,49,30,0,30,79
05/29/2011,LYH,VA,AEA,EN,Federal Contract Tower,0,10,7,0,17,0,4,38,0,42,0,14,45,0,59,10,0,10,69
05/30/2011,LYH,VA,AEA,EN,Federal Contract Tower,0,10,14,0,24,0,0,68,1,69,0,10,82,1,93,26,0,26,119
05/31/2011,LYH,VA,AEA,EN,Federal Contract Tower,0,13,31,0,44,0,0,133,2,135,0,13,164,2,179,142,0,142,321
06/01/2011,LYH,VA,AEA,EN,Federal Contract Tower,0,10,27,0,37,0,0,133,2,135,0,10,160,2,172,202,0,202,374
06/02/2011,LYH,VA,AEA,EN,Federal Contract Tower,0,14,32,2,48,0,0,150,4,154,0,14,182,6,202,206,14,220,422
06/03/2011,LYH,VA,AEA,EN,Federal Contract Tower,0,12,40,6,58,0,0,171,8,179,0,12,211,14,237,200,0,200,437
06/04/2011,LYH,VA,AEA,EN,Federal Contract Tower,0,8,12,0,20,0,2,91,0,93,0,10,103,0,113,66,0,66,179
06/05/2011,LYH,VA,AEA,EN,Federal Contract Tower,0,8,14,4,26,0,2,50,3,55,0,10,64,7,81,32,0,32,113
06/06/2011,LYH,VA,AEA,EN,Federal Contract Tower,0,5,42,2,49,0,0,125,2,127,0,5,167,4,176,200,0,200,376
06/07/2011,LYH,VA,AEA,EN,Federal Contract Tower,0,10,28,7,45,0,2,127,8,137,0,12,155,15,182,218,0,218,400
06/08/2011,LYH,VA,AEA,EN,Federal Contract Tower,0,12,25,0,37,0,0,152,2,154,0,12,177,2,191,312,0,312,503
06/09/2011,LYH,VA,AEA,EN,Federal Contract Tower,0,10,19,0,29,0,2,110,5,117,0,12,129,5,146,192,0,192,338
06/10/2011,LYH,VA,AEA,EN,Federal Contract Tower,0,11,28,2,41,0,4,118,3,125,0,15,146,5,166,104,0,104,270
06/11/2011,LYH,VA,AEA,EN,Federal Contract Tower,0,7,9,0,16,0,2,59,6,67,0,9,68,6,83,56,0,56,139
06/12/2011,LYH,VA,AEA,EN,Federal Contract Tower,0,13,16,2,31,0,0,52,0,52,0,13,68,2,83,30,0,30,113
06/13/2011,LYH,VA,AEA,EN,Federal Contract Tower,0,11,34,0,45,0,4,150,1,155,0,15,184,1,200,258,0,258,458
06/14/2011,LYH,VA,AEA,EN,Federal Contract Tower,0,12,35,0,47,0,4,158,0,162,0,16,193,0,209,218,0,218,427
06/15/2011,LYH,VA,AEA,EN,Federal Contract Tower,0,9,13,0,22,0,0,136,31,167,0,9,149,31,189,144,0,144,333
06/16/2011,LYH,VA,AEA,EN,Federal Contract Tower,0,12,20,0,32,0,0,134,4,138,0,12,154,4,170,172,0,172,342
06/17/2011,LYH,VA,AEA,EN,Federal Contract Tower,0,10,25,2,37,0,0,118,2,120,0,10,143,4,157,170,0,170,327
06/18/2011,LYH,VA,AEA,EN,Federal Contract Tower,0,7,13,0,20,0,2,68,0,70,0,9,81,0,90,40,0,40,130
06/19/2011,LYH,VA,AEA,EN,Federal Contract Tower,0,12,22,0,34,0,2,50,0,52,0,14,72,0,86,54,0,54,140
06/20/2011,LYH,VA,AEA,EN,Federal Contract Tower,0,10,36,2,48,0,2,130,3,135,0,12,166,5,183,132,0,132,315
06/21/2011,LYH,VA,AEA,EN,Federal Contract Tower,0,10,42,0,52,0,0,101,2,103,0,10,143,2,155,100,0,100,255
06/22/2011,LYH,VA,AEA,EN,Federal Contract Tower,0,12,43,0,55,0,1,154,4,159,0,13,197,4,214,174,0,174,388
06/23/2011,LYH,VA,AEA,EN,Federal Contract Tower,0,13,28,0,41,0,6,109,2,117,0,19,137,2,158,112,0,112,270
06/24/2011,LYH,VA,AEA,EN,Federal Contract Tower,0,12,28,1,41,0,0,117,3,120,0,12,145,4,161,184,8,192,353
06/25/2011,LYH,VA,AEA,EN,Federal Contract Tower,0,10,19,0,29,0,0,105,0,105,0,10,124,0,134,102,0,102,236
06/26/2011,LYH,VA,AEA,EN,Federal Contract Tower,0,10,10,0,20,0,4,66,0,70,0,14,76,0,90,58,0,58,148
06/27/2011,LYH,VA,AEA,EN,Federal Contract Tower,0,11,35,0,46,0,0,89,0,89,0,11,124,0,135,168,0,168,303
06/28/2011,LYH,VA,AEA,EN,Federal Contract Tower,0,7,28,4,39,0,2,112,8,122,0,9,140,12,161,158,0,158,319
06/29/2011,LYH,VA,AEA,EN,Federal Contract Tower,0,11,54,0,65,0,4,143,4,151,0,15,197,4,216,204,0,204,420
06/30/2011,LYH,VA,AEA,EN,Federal Contract Tower,0,10,50,2,62,0,2,149,8,159,0,12,199,10,221,164,4,168,389
07/01/2011,LYH,VA,AEA,EN,Federal Contract Tower,0,10,26,0,36,0,3,121,0,124,0,13,147,0,160,100,0,100,260
07/02/2011,LYH,VA,AEA,EN,Federal Contract Tower,0,8,11,0,19,0,4,82,4,90,0,12,93,4,109,58,0,58,167
07/03/2011,LYH,VA,AEA,EN,Federal Contract Tower,0,8,8,0,16,0,0,31,2,33,0,8,39,2,49,6,0,6,55
07/04/2011,LYH,VA,AEA,EN,Federal Contract Tower,0,8,9,0,17,0,1,22,0,23,0,9,31,0,40,32,0,32,72
07/05/2011,LYH,VA,AEA,EN,Federal Contract Tower,0,9,28,2,39,0,0,103,2,105,0,9,131,4,144,90,20,110,254
07/06/2011,LYH,VA,AEA,EN,Federal Contract Tower,0,9,23,0,32,0,0,110,4,114,0,9,133,4,146,174,0,174,320
07/07/2011,LYH,VA,AEA,EN,Federal Contract Tower,0,10,26,0,36,0,1,115,8,124,0,11,141,8,160,156,0,156,316
07/08/2011,LYH,VA,AEA,EN,Federal Contract Tower,0,10,12,2,24,0,0,60,2,62,0,10,72,4,86,92,0,92,178
07/09/2011,LYH,VA,AEA,EN,Federal Contract Tower,0,8,9,0,17,0,4,62,0,66,0,12,71,0,83,92,0,92,175
07/10/2011,LYH,VA,AEA,EN,Federal Contract Tower,0,10,23,0,33,0,1,55,0,56,0,11,78,0,89,34,0,34,123
07/11/2011,LYH,VA,AEA,EN,Federal Contract Tower,0,10,24,2,36,0,1,97,4,102,0,11,121,6,138,120,6,126,264
07/12/2011,LYH,VA,AEA,EN,Federal Contract Tower,0,11,21,0,32,0,0,134,2,136,0,11,155,2,168,140,0,140,308
07/13/2011,LYH,VA,AEA,EN,Federal Contract Tower,0,10,14,0,24,0,1,93,6,100,0,11,107,6,124,142,0,142,266
07/14/2011,LYH,VA,AEA,EN,Federal Contract Tower,0,9,28,2,39,0,2,118,0,120,0,11,146,2,159,160,0,160,319
07/15/2011,LYH,VA,AEA,EN,Federal Contract Tower,0,13,22,0,35,0,0,115,0,115,0,13,137,0,150,100,0,100,250
07/16/2011,LYH,VA,AEA,EN,Federal Contract Tower,0,8,30,0,38,0,0,61,4,65,0,8,91,4,103,32,2,34,137
07/17/2011,LYH,VA,AEA,EN,Federal Contract Tower,1,10,16,0,27,0,1,75,0,76,1,11,91,0,103,40,0,40,143
07/18/2011,LYH,VA,AEA,EN,Federal Contract Tower,0,12,20,0,32,0,0,84,2,86,0,12,104,2,118,64,0,64,182
07/19/2011,LYH,VA,AEA,EN,Federal Contract Tower,0,11,22,0,33,0,5,81,0,86,0,16,103,0,119,104,0,104,223
07/20/2011,LYH,VA,AEA,EN,Federal Contract Tower,1,11,57,1,70,0,6,134,2,142,1,17,191,3,212,168,0,168,380
07/21/2011,LYH,VA,AEA,EN,Federal Contract Tower,0,10,25,3,38,0,3,114,5,122,0,13,139,8,160,150,4,154,314
07/22/2011,LYH,VA,AEA,EN,Federal Contract Tower,0,11,35,0,46,0,4,95,8,107,0,15,130,8,153,88,4,92,245
07/23/2011,LYH,VA,AEA,EN,Federal Contract Tower,0,8,6,0,14,0,3,62,4,69,0,11,68,4,83,30,0,30,113
07/24/2011,LYH,VA,AEA,EN,Federal Contract Tower,0,7,17,0,24,0,0,48,2,50,0,7,65,2,74,22,0,22,96
07/25/2011,LYH,VA,AEA,EN,Federal Contract Tower,0,10,13,0,23,0,0,91,4,95,0,10,104,4,118,66,0,66,184
07/26/2011,LYH,VA,AEA,EN,Federal Contract Tower,0,12,18,4,34,0,0,121,9,130,0,12,139,13,164,166,16,182,346
07/27/2011,LYH,VA,AEA,EN,Federal Contract Tower,0,12,27,0,39,0,0,104,10,114,0,12,131,10,153,146,0,146,299
07/28/2011,LYH,VA,AEA,EN,Federal Contract Tower,0,12,18,2,32,0,0,108,7,115,0,12,126,9,147,130,0,130,277
07/29/2011,LYH,VA,AEA,EN,Federal Contract Tower,0,11,11,3,25,0,0,91,4,95,0,11,102,7,120,64,4,68,188
07/30/2011,LYH,VA,AEA,EN,Federal Contract Tower,0,11,22,0,33,0,0,73,2,75,0,11,95,2,108,16,0,16,124
07/31/2011,LYH,VA,AEA,EN,Federal Contract Tower,0,12,25,2,39,0,0,9,0,9,0,12,34,2,48,0,0,0,48
08/01/2011,LYH,VA,AEA,EN,Federal Contract Tower,0,11,11,0,22,0,1,95,13,109,0,12,106,13,131,126,0,126,257
08/02/2011,LYH,VA,AEA,EN,Federal Contract Tower,0,10,22,0,32,0,4,108,6,118,0,14,130,6,150,146,0,146,296
08/03/2011,LYH,VA,AEA,EN,Federal Contract Tower,1,16,22,2,41,0,0,102,6,108,1,16,124,8,149,176,6,182,331
08/04/2011,LYH,VA,AEA,EN,Federal Contract Tower,0,12,25,1,38,0,4,123,3,130,0,16,148,4,168,172,0,172,340
08/05/2011,LYH,VA,AEA,EN,Federal Contract Tower,0,12,20,5,37,0,0,54,0,54,0,12,74,5,91,56,0,56,147
08/06/2011,LYH,VA,AEA,EN,Federal Contract Tower,0,11,3,2,16,0,0,9,0,9,0,11,12,2,25,26,0,26,51
08/07/2011,LYH,VA,AEA,EN,Federal Contract Tower,0,8,10,0,18,0,0,43,0,43,0,8,53,0,61,24,0,24,85
08/08/2011,LYH,VA,AEA,EN,Federal Contract Tower,0,13,17,2,32,0,6,113,8,127,0,19,130,10,159,156,6,162,321
08/09/2011,LYH,VA,AEA,EN,Federal Contract Tower,0,12,25,2,39,0,0,107,4,111,0,12,132,6,150,170,10,180,330
08/10/2011,LYH,VA,AEA,EN,Federal Contract Tower,0,17,22,20,59,0,3,102,10,115,0,20,124,30,174,104,8,112,286
08/11/2011,LYH,VA,AEA,EN,Federal Contract Tower,0,9,21,4,34,0,1,101,2,104,0,10,122,6,138,130,8,138,276
08/12/2011,LYH,VA,AEA,EN,Federal Contract Tower,0,13,18,9,40,0,2,83,2,87,0,15,101,11,127,130,4,134,261
08/13/2011,LYH,VA,AEA,EN,Federal Contract Tower,0,9,11,0,20,0,2,11,0,13,0,11,22,0,33,22,0,22,55
08/14/2011,LYH,VA,AEA,EN,Federal Contract Tower,0,12,5,0,17,0,0,34,0,34,0,12,39,0,51,38,0,38,89
08/15/2011,LYH,VA,AEA,EN,Federal Contract Tower,0,11,10,0,21,0,4,75,0,79,0,15,85,0,100,106,0,106,206
08/16/2011,LYH,VA,AEA,EN,Federal Contract Tower,0,11,19,2,32,0,0,104,4,108,0,11,123,6,140,132,0,132,272
08/17/2011,LYH,VA,AEA,EN,Federal Contract Tower,0,11,36,8,55,0,2,98,3,103,0,13,134,11,158,160,14,174,332
08/18/2011,LYH,VA,AEA,EN,Federal Contract Tower,0,12,16,1,29,0,0,74,0,74,0,12,90,1,103,108,0,108,211
08/19/2011,LYH,VA,AEA,EN,Federal Contract Tower,0,10,17,2,29,0,1,75,0,76,0,11,92,2,105,34,0,34,139
08/20/2011,LYH,VA,AEA,EN,Federal Contract Tower,0,8,14,0,22,0,2,90,0,92,0,10,104,0,114,124,0,124,238
08/21/2011,LYH,VA,AEA,EN,Federal Contract Tower,0,10,10,1,21,0,2,46,5,53,0,12,56,6,74,22,0,22,96
08/22/2011,LYH,VA,AEA,EN,Federal Contract Tower,0,8,17,0,25,0,3,94,0,97,0,11,111,0,122,90,0,90,212
08/23/2011,LYH,VA,AEA,EN,Federal Contract Tower,0,10,29,0,39,0,0,89,3,92,0,10,118,3,131,128,0,128,259
08/24/2011,LYH,VA,AEA,EN,Federal Contract Tower,0,12,26,3,41,0,1,125,4,130,0,13,151,7,171,136,6,142,313
08/25/2011,LYH,VA,AEA,EN,Federal Contract Tower,0,12,11,2,25,0,1,86,10,97,0,13,97,12,122,98,0,98,220
08/26/2011,LYH,VA,AEA,EN,Federal Contract Tower,0,10,27,0,37,0,3,80,2,85,0,13,107,2,122,98,2,100,222
08/27/2011,LYH,VA,AEA,EN,Federal Contract Tower,0,8,4,0,12,0,0,0,0,0,0,8,4,0,12,0,0,0,12
08/28/2011,LYH,VA,AEA,EN,Federal Contract Tower,0,9,10,0,19,0,2,42,14,58,0,11,52,14,77,0,0,0,77
08/29/2011,LYH,VA,AEA,EN,Federal Contract Tower,0,9,34,1,44,0,4,114,5,123,0,13,148,6,167,126,0,126,293
08/30/2011,LYH,VA,AEA,EN,Federal Contract Tower,0,13,26,0,39,0,0,145,8,153,0,13,171,8,192,194,0,194,386
08/31/2011,LYH,VA,AEA,EN,Federal Contract Tower,0,10,32,1,43,0,2,151,3,156,0,12,183,4,199,240,0,240,439
09/01/2011,LYH,VA,AEA,EN,Federal Contract Tower,0,11,24,0,35,0,0,132,13,145,0,11,156,13,180,142,0,142,322
09/02/2011,LYH,VA,AEA,EN,Federal Contract Tower,0,11,47,1,59,0,2,104,1,107,0,13,151,2,166,178,0,178,344
09/03/2011,LYH,VA,AEA,EN,Federal Contract Tower,0,8,11,0,19,0,0,54,1,55,0,8,65,1,74,104,0,104,178
09/04/2011,LYH,VA,AEA,EN,Federal Contract Tower,0,10,12,0,22,0,2,49,0,51,0,12,61,0,73,60,0,60,133
09/05/2011,LYH,VA,AEA,EN,Federal Contract Tower,0,6,23,0,29,0,0,41,0,41,0,6,64,0,70,32,0,32,102
09/06/2011,LYH,VA,AEA,EN,Federal Contract Tower,0,9,7,0,16,0,0,0,0,0,0,9,7,0,16,0,0,0,16
09/07/2011,LYH,VA,AEA,EN,Federal Contract Tower,0,9,40,0,49,0,2,61,2,65,0,11,101,2,114,102,0,102,216
09/08/2011,LYH,VA,AEA,EN,Federal Contract Tower,0,10,53,0,63,0,3,105,2,110,0,13,158,2,173,182,0,182,355
09/09/2011,LYH,VA,AEA,EN,Federal Contract Tower,0,10,29,1,40,0,0,91,2,93,0,10,120,3,133,140,0,140,273
09/10/2011,LYH,VA,AEA,EN,Federal Contract Tower,0,9,14,0,23,0,6,84,0,90,0,15,98,0,113,98,0,98,211
09/11/2011,LYH,VA,AEA,EN,Federal Contract Tower,0,12,12,3,27,0,4,89,5,98,0,16,101,8,125,70,0,70,195
09/12/2011,LYH,VA,AEA,EN,Federal Contract Tower,0,13,23,0,36,0,4,100,6,110,0,17,123,6,146,118,4,122,268
09/13/2011,LYH,VA,AEA,EN,Federal Contract Tower,0,9,38,2,49,0,0,151,3,154,0,9,189,5,203,296,12,308,511
09/14/2011,LYH,VA,AEA,EN,Federal Contract Tower,0,11,34,2,47,0,2,156,5,163,0,13,190,7,210,164,12,176,386
09/15/2011,LYH,VA,AEA,EN,Federal Contract Tower,0,14,17,2,33,0,2,94,9,105,0,16,111,11,138,122,6,128,266
09/16/2011,LYH,VA,AEA,EN,Federal Contract Tower,0,13,34,0,47,0,3,129,4,136,0,16,163,4,183,152,0,152,335
09/17/2011,LYH,VA,AEA,EN,Federal Contract Tower,0,9,7,0,16,0,1,63,4,68,0,10,70,4,84,112,0,112,196
09/18/2011,LYH,VA,AEA,EN,Federal Contract Tower,0,12,21,2,35,0,0,47,0,47,0,12,68,2,82,68,0,68,150
09/19/2011,LYH,VA,AEA,EN,Federal Contract Tower,0,10,60,0,70,0,1,78,4,83,0,11,138,4,153,110,0,110,263
09/20/2011,LYH,VA,AEA,EN,Federal Contract Tower,0,10,29,3,42,0,0,129,5,134,0,10,158,8,176,154,14,168,344
09/21/2011,LYH,VA,AEA,EN,Federal Contract Tower,0,9,66,0,75,0,0,56,2,58,0,9,122,2,133,122,0,122,255
09/22/2011,LYH,VA,AEA,EN,Federal Contract Tower,0,9,25,0,34,0,3,41,8,52,0,12,66,8,86,50,0,50,136
09/23/2011,LYH,VA,AEA,EN,Federal Contract Tower,2,9,33,2,46,0,1,22,0,23,2,10,55,2,69,20,0,20,89
09/24/2011,LYH,VA,AEA,EN,Federal Contract Tower,2,12,22,0,36,0,1,22,0,23,2,13,44,0,59,16,0,16,75
09/25/2011,LYH,VA,AEA,EN,Federal Contract Tower,0,13,15,4,32,0,0,8,0,8,0,13,23,4,40,0,0,0,40
09/26/2011,LYH,VA,AEA,EN,Federal Contract Tower,0,11,45,0,56,0,2,58,0,60,0,13,103,0,116,108,0,108,224
09/27/2011,LYH,VA,AEA,EN,Federal Contract Tower,0,9,33,0,42,0,6,88,2,96,0,15,121,2,138,144,0,144,282
09/28/2011,LYH,VA,AEA,EN,Federal Contract Tower,0,13,44,0,57,0,0,97,2,99,0,13,141,2,156,212,0,212,368
09/29/2011,LYH,VA,AEA,EN,Federal Contract Tower,0,14,26,4,44,0,7,141,2,150,0,21,167,6,194,236,0,236,430
09/30/2011,LYH,VA,AEA,EN,Federal Contract Tower,0,10,25,2,37,0,4,119,0,123,0,14,144,2,160,122,0,122,282
10/01/2011,LYH,VA,AEA,EN,Federal Contract Tower,0,9,8,0,17,0,2,61,0,63,0,11,69,0,80,46,0,46,126
10/02/2011,LYH,VA,AEA,EN,Federal Contract Tower,0,15,11,0,26,0,0,39,0,39,0,15,50,0,65,0,0,0,65
10/03/2011,LYH,VA,AEA,EN,Federal Contract Tower,0,11,29,0,40,0,0,148,0,148,0,11,177,0,188,252,0,252,440
10/04/2011,LYH,VA,AEA,EN,Federal Contract Tower,0,13,27,0,40,0,3,162,4,169,0,16,189,4,209,284,0,284,493
10/05/2011,LYH,VA,AEA,EN,Federal Contract Tower,0,12,24,4,40,0,3,149,7,159,0,15,173,11,199,216,12,228,427
10/06/2011,LYH,VA,AEA,EN,Federal Contract Tower,0,14,29,0,43,0,10,114,2,126,0,24,143,2,169,140,0,140,309
10/07/2011,LYH,VA,AEA,EN,Federal Contract Tower,0,11,32,5,48,0,2,97,8,107,0,13,129,13,155,130,2,132,287
10/08/2011,LYH,VA,AEA,EN,Federal Contract Tower,0,11,9,3,23,0,3,73,3,79,0,14,82,6,102,76,0,76,178
10/09/2011,LYH,VA,AEA,EN,Federal Contract Tower,0,11,23,0,34,0,1,75,0,76,0,12,98,0,110,52,0,52,162
10/10/2011,LYH,VA,AEA,EN,Federal Contract Tower,0,11,26,0,37,0,4,165,0,169,0,15,191,0,206,266,0,266,472
10/11/2011,LYH,VA,AEA,EN,Federal Contract Tower,0,9,21,0,30,0,6,141,3,150,0,15,162,3,180,324,0,324,504
10/12/2011,LYH,VA,AEA,EN,Federal Contract Tower,0,15,47,0,62,0,0,0,0,0,0,15,47,0,62,0,0,0,62
10/13/2011,LYH,VA,AEA,EN,Federal Contract Tower,0,9,16,9,34,0,3,17,3,23,0,12,33,12,57,24,14,38,95
10/14/2011,LYH,VA,AEA,EN,Federal Contract Tower,0,12,25,0,37,0,3,55,2,60,0,15,80,2,97,48,24,72,169
10/15/2011,LYH,VA,AEA,EN,Federal Contract Tower,0,11,14,2,27,0,3,83,0,86,0,14,97,2,113,44,0,44,157
10/16/2011,LYH,VA,AEA,EN,Federal Contract Tower,0,13,18,0,31,0,2,92,0,94,0,15,110,0,125,110,0,110,235
10/17/2011,LYH,VA,AEA,EN,Federal Contract Tower,0,9,33,5,47,0,3,149,0,152,0,12,182,5,199,246,8,254,453
10/18/2011,LYH,VA,AEA,EN,Federal Contract Tower,0,13,20,2,35,0,3,160,2,165,0,16,180,4,200,228,0,228,428
10/19/2011,LYH,VA,AEA,EN,Federal Contract Tower,0,13,35,2,50,0,0,0,0,0,0,13,35,2,50,0,0,0,50
10/20/2011,LYH,VA,AEA,EN,Federal Contract Tower,0,13,22,0,35,0,0,97,2,99,0,13,119,2,134,116,0,116,250
10/21/2011,LYH,VA,AEA,EN,Federal Contract Tower,0,10,43,5,58,0,2,169,2,173,0,12,212,7,231,202,20,222,453
10/22/2011,LYH,VA,AEA,EN,Federal Contract Tower,0,11,20,0,31,0,3,94,0,97,0,14,114,0,128,142,0,142,270
10/23/2011,LYH,VA,AEA,EN,Federal Contract Tower,0,14,8,0,22,0,0,82,2,84,0,14,90,2,106,64,0,64,170
10/24/2011,LYH,VA,AEA,EN,Federal Contract Tower,0,12,23,0,35,0,0,150,0,150,0,12,173,0,185,334,0,334,519
10/25/2011,LYH,VA,AEA,EN,Federal Contract Tower,0,9,8,0,17,0,0,140,5,145,0,9,148,5,162,340,0,340,502
10/26/2011,LYH,VA,AEA,EN,Federal Contract Tower,0,16,13,3,32,0,3,147,4,154,0,19,160,7,186,184,0,184,370
10/27/2011,LYH,VA,AEA,EN,Federal Contract Tower,0,16,17,2,35,0,4,83,2,89,0,20,100,4,124,116,0,116,240
10/28/2011,LYH,VA,AEA,EN,Federal Contract Tower,0,12,18,0,30,0,2,23,2,27,0,14,41,2,57,10,0,10,67
10/29/2011,LYH,VA,AEA,EN,Federal Contract Tower,0,11,4,0,15,0,0,17,0,17,0,11,21,0,32,10,0,10,42
10/30/2011,LYH,VA,AEA,EN,Federal Contract Tower,0,13,17,0,30,0,2,102,0,104,0,15,119,0,134,156,0,156,290
10/31/2011,LYH,VA,AEA,EN,Federal Contract Tower,0,11,24,9,44,0,0,144,2,146,0,11,168,11,190,270,14,284,474
11/01/2011,LYH,VA,AEA,EN,Federal Contract Tower,0,12,24,1,37,0,8,164,7,179,0,20,188,8,216,356,12,368,584
11/02/2011,LYH,VA,AEA,EN,Federal Contract Tower,0,11,18,2,31,0,0,155,2,157,0,11,173,4,188,128,2,130,318
11/03/2011,LYH,VA,AEA,EN,Federal Contract Tower,0,11,13,0,24,0,2,162,4,168,0,13,175,4,192,304,0,304,496
11/04/2011,LYH,VA,AEA,EN,Federal Contract Tower,0,11,24,0,35,0,0,83,0,83,0,11,107,0,118,156,0,156,274
11/05/2011,LYH,VA,AEA,EN,Federal Contract Tower,0,10,12,0,22,0,0,111,0,111,0,10,123,0,133,116,0,116,249
11/06/2011,LYH,VA,AEA,EN,Federal Contract Tower,0,16,24,0,40,0,0,75,0,75,0,16,99,0,115,60,0,60,175
11/07/2011,LYH,VA,AEA,EN,Federal Contract Tower,0,13,18,0,31,0,2,125,0,127,0,15,143,0,158,178,0,178,336
11/08/2011,LYH,VA,AEA,EN,Federal Contract Tower,0,10,9,3,22,0,2,127,6,135,0,12,136,9,157,268,0,268,425
11/09/2011,LYH,VA,AEA,EN,Federal Contract Tower,0,12,26,1,39,0,1,132,10,143,0,13,158,11,182,220,0,220,402
11/10/2011,LYH,VA,AEA,EN,Federal Contract Tower,0,12,32,4,48,0,2,153,2,157,0,14,185,6,205,250,4,254,459
11/11/2011,LYH,VA,AEA,EN,Federal Contract Tower,0,12,43,0,55,0,2,127,12,141,0,14,170,12,196,184,0,184,380
11/12/2011,LYH,VA,AEA,EN,Federal Contract Tower,0,12,23,0,35,0,0,92,2,94,0,12,115,2,129,90,0,90,219
11/13/2011,LYH,VA,AEA,EN,Federal Contract Tower,0,18,19,2,39,0,1,56,2,59,0,19,75,4,98,14,0,14,112
11/14/2011,LYH,VA,AEA,EN,Federal Contract Tower,0,11,26,2,39,0,4,107,0,111,0,15,133,2,150,162,2,164,314
11/15/2011,LYH,VA,AEA,EN,Federal Contract Tower,0,10,17,0,27,0,1,140,3,144,0,11,157,3,171,326,0,326,497
11/16/2011,LYH,VA,AEA,EN,Federal Contract Tower,0,17,38,1,56,0,0,0,1,1,0,17,38,2,57,0,0,0,57
11/17/2011,LYH,VA,AEA,EN,Federal Contract Tower,0,18,10,0,28,0,1,73,2,76,0,19,83,2,104,78,0,78,182
11/18/2011,LYH,VA,AEA,EN,Federal Contract Tower,2,15,31,4,52,0,2,147,0,149,2,17,178,4,201,296,0,296,497
11/19/2011,LYH,VA,AEA,EN,Federal Contract Tower,1,11,14,0,26,0,0,71,4,75,1,11,85,4,101,94,0,94,195
11/20/2011,LYH,VA,AEA,EN,Federal Contract Tower,0,11,7,0,18,0,1,91,4,96,0,12,98,4,114,148,0,148,262
11/21/2011,LYH,VA,AEA,EN,Federal Contract Tower,0,11,24,0,35,0,3,103,0,106,0,14,127,0,141,216,0,216,357
11/22/2011,LYH,VA,AEA,EN,Federal Contract Tower,0,18,2,0,20,0,0,0,0,0,0,18,2,0,20,0,0,0,20
11/23/2011,LYH,VA,AEA,EN,Federal Contract Tower,0,12,23,0,35,0,3,46,4,53,0,15,69,4,88,36,0,36,124
11/24/2011,LYH,VA,AEA,EN,Federal Contract Tower,0,5,5,0,10,0,1,41,0,42,0,6,46,0,52,0,0,0,52
11/25/2011,LYH,VA,AEA,EN,Federal Contract Tower,0,12,13,0,25,0,3,61,4,68,0,15,74,4,93,58,0,58,151
11/26/2011,LYH,VA,AEA,EN,Federal Contract Tower,0,14,16,0,30,0,6,84,0,90,0,20,100,0,120,44,0,44,164
11/27/2011,LYH,VA,AEA,EN,Federal Contract Tower,0,16,16,0,32,4,39,2,0,45,4,55,18,0,77,0,0,0,77
11/28/2011,LYH,VA,AEA,EN,Federal Contract Tower,0,11,34,0,45,0,0,59,0,59,0,11,93,0,104,96,0,96,200
11/29/2011,LYH,VA,AEA,EN,Federal Contract Tower,0,11,17,6,34,0,0,50,4,54,0,11,67,10,88,64,0,64,152
11/30/2011,LYH,VA,AEA,EN,Federal Contract Tower,0,11,34,0,45,0,4,134,4,142,0,15,168,4,187,182,0,182,369
12/01/2011,LYH,VA,AEA,EN,Federal Contract Tower,0,10,28,0,38,0,2,167,2,171,0,12,195,2,209,284,0,284,493
12/02/2011,LYH,VA,AEA,EN,Federal Contract Tower,0,12,26,2,40,0,3,157,4,164,0,15,183,6,204,312,16,328,532
12/03/2011,LYH,VA,AEA,EN,Federal Contract Tower,0,12,7,0,19,0,6,106,0,112,0,18,113,0,131,212,0,212,343
12/04/2011,LYH,VA,AEA,EN,Federal Contract Tower,0,12,13,0,25,0,2,78,0,80,0,14,91,0,105,64,0,64,169
12/05/2011,LYH,VA,AEA,EN,Federal Contract Tower,0,12,31,0,43,0,0,95,0,95,0,12,126,0,138,140,0,140,278
12/06/2011,LYH,VA,AEA,EN,Federal Contract Tower,0,14,50,0,64,0,0,0,0,0,0,14,50,0,64,0,0,0,64
12/07/2011,LYH,VA,AEA,EN,Federal Contract Tower,0,9,29,0,38,0,1,0,0,1,0,10,29,0,39,0,0,0,39
12/08/2011,LYH,VA,AEA,EN,Federal Contract Tower,0,17,21,4,42,0,4,145,4,153,0,21,166,8,195,318,10,328,523
12/09/2011,LYH,VA,AEA,EN,Federal Contract Tower,0,12,32,10,54,0,2,155,2,159,0,14,187,12,213,288,20,308,521
12/10/2011,LYH,VA,AEA,EN,Federal Contract Tower,0,9,13,0,22,0,2,121,0,123,0,11,134,0,145,240,0,240,385
12/11/2011,LYH,VA,AEA,EN,Federal Contract Tower,0,12,13,0,25,0,6,71,0,77,0,18,84,0,102,60,0,60,162
12/12/2011,LYH,VA,AEA,EN,Federal Contract Tower,0,14,24,1,39,0,0,126,6,132,0,14,150,7,171,352,4,356,527
12/13/2011,LYH,VA,AEA,EN,Federal Contract Tower,0,12,18,9,39,0,0,139,9,148,0,12,157,18,187,190,22,212,399
12/14/2011,LYH,VA,AEA,EN,Federal Contract Tower,0,19,36,0,55,0,2,144,2,148,0,21,180,2,203,210,0,210,413
12/15/2011,LYH,VA,AEA,EN,Federal Contract Tower,0,13,31,7,51,0,0,119,6,125,0,13,150,13,176,146,30,176,352
12/16/2011,LYH,VA,AEA,EN,Federal Contract Tower,0,12,21,0,33,0,0,64,2,66,0,12,85,2,99,148,0,148,247
12/17/2011,LYH,VA,AEA,EN,Federal Contract Tower,0,7,16,0,23,0,4,78,0,82,0,11,94,0,105,76,0,76,181
12/18/2011,LYH,VA,AEA,EN,Federal Contract Tower,0,11,21,0,32,0,1,71,0,72,0,12,92,0,104,54,0,54,158
12/19/2011,LYH,VA,AEA,EN,Federal Contract Tower,0,12,19,2,33,0,2,107,2,111,0,14,126,4,144,178,0,178,322
12/20/2011,LYH,VA,AEA,EN,Federal Contract Tower,0,11,28,2,41,0,2,97,4,103,0,13,125,6,144,92,0,92,236
12/21/2011,LYH,VA,AEA,EN,Federal Contract Tower,0,9,16,4,29,0,0,13,2,15,0,9,29,6,44,16,0,16,60
12/22/2011,LYH,VA,AEA,EN,Federal Contract Tower,0,9,22,4,35,0,0,55,1,56,0,9,77,5,91,110,16,126,217
12/23/2011,LYH,VA,AEA,EN,Federal Contract Tower,0,12,14,0,26,0,0,41,2,43,0,12,55,2,69,22,0,22,91
12/24/2011,LYH,VA,AEA,EN,Federal Contract Tower,0,11,6,0,17,0,0,38,0,38,0,11,44,0,55,16,0,16,71
12/25/2011,LYH,VA,AEA,EN,Federal Contract Tower,0,9,4,0,13,0,1,27,0,28,0,10,31,0,41,10,0,10,51
12/26/2011,LYH,VA,AEA,EN,Federal Contract Tower,0,12,11,0,23,0,3,85,0,88,0,15,96,0,111,30,0,30,141
12/27/2011,LYH,VA,AEA,EN,Federal Contract Tower,0,10,8,0,18,0,3,4,0,7,0,13,12,0,25,6,0,6,31
12/28/2011,LYH,VA,AEA,EN,Federal Contract Tower,0,11,9,0,20,0,4,57,0,61,0,15,66,0,81,30,0,30,111
12/29/2011,LYH,VA,AEA,EN,Federal Contract Tower,0,10,7,0,17,0,4,87,2,93,0,14,94,2,110,66,0,66,176
12/30/2011,LYH,VA,AEA,EN,Federal Contract Tower,0,12,18,0,30,0,7,63,0,70,0,19,81,0,100,86,0,86,186
12/31/2011,LYH,VA,AEA,EN,Federal Contract Tower,0,7,14,0,21,0,0,47,0,47,0,7,61,0,68,32,0,32,100
01/01/2012,LYH,VA,AEA,EN,Federal Contract Tower,0,13,4,0,17,0,2,18,0,20,0,15,22,0,37,0,0,0,37
01/02/2012,LYH,VA,AEA,EN,Federal Contract Tower,0,10,5,0,15,0,7,28,0,35,0,17,33,0,50,20,0,20,70
01/03/2012,LYH,VA,AEA,EN,Federal Contract Tower,0,9,9,2,20,0,4,42,2,48,0,13,51,4,68,0,0,0,68
01/04/2012,LYH,VA,AEA,EN,Federal Contract Tower,0,15,10,0,25,0,2,94,4,100,0,17,104,4,125,134,0,134,259
01/05/2012,LYH,VA,AEA,EN,Federal Contract Tower,0,20,19,0,39,0,2,105,2,109,0,22,124,2,148,150,0,150,298
01/06/2012,LYH,VA,AEA,EN,Federal Contract Tower,0,13,20,0,33,0,6,102,0,108,0,19,122,0,141,60,0,60,201
01/07/2012,LYH,VA,AEA,EN,Federal Contract Tower,0,9,14,1,24,0,5,76,7,88,0,14,90,8,112,86,0,86,198
01/08/2012,LYH,VA,AEA,EN,Federal Contract Tower,0,11,3,0,14,0,8,84,0,92,0,19,87,0,106,50,0,50,156
01/09/2012,LYH,VA,AEA,EN,Federal Contract Tower,0,9,14,0,23,0,0,4,0,4,0,9,18,0,27,0,0,0,27
01/10/2012,LYH,VA,AEA,EN,Federal Contract Tower,0,13,9,0,22,0,1,106,4,111,0,14,115,4,133,246,0,246,379
01/11/2012,LYH,VA,AEA,EN,Federal Contract Tower,0,12,15,0,27,0,0,15,2,17,0,12,30,2,44,0,0,0,44
01/12/2012,LYH,VA,AEA,EN,Federal Contract Tower,0,12,14,0,26,0,0,64,4,68,0,12,78,4,94,72,0,72,166
01/13/2012,LYH,VA,AEA,EN,Federal Contract Tower,0,13,15,1,29,0,1,30,3,34,0,14,45,4,63,2,2,4,67
01/14/2012,LYH,VA,AEA,EN,Federal Contract Tower,0,8,7,0,15,0,0,62,2,64,0,8,69,2,79,66,0,66,145
01/15/2012,LYH,VA,AEA,EN,Federal Contract Tower,0,13,12,0,25,0,2,40,0,42,0,15,52,0,67,20,0,20,87
01/16/2012,LYH,VA,AEA,EN,Federal Contract Tower,0,13,22,0,35,0,4,103,2,109,0,17,125,2,144,146,0,146,290
01/17/2012,LYH,VA,AEA,EN,Federal Contract Tower,0,12,7,0,19,0,4,48,2,54,0,16,55,2,73,70,0,70,143
01/18/2012,LYH,VA,AEA,EN,Federal Contract Tower,0,15,16,2,33,0,0,116,4,120,0,15,132,6,153,206,0,206,359
01/19/2012,LYH,VA,AEA,EN,Federal Contract Tower,0,11,26,0,37,0,1,157,4,162,0,12,183,4,199,262,0,262,461
01/20/2012,LYH,VA,AEA,EN,Federal Contract Tower,0,10,20,2,32,0,4,138,5,147,0,14,158,7,179,238,0,238,417
01/21/2012,LYH,VA,AEA,EN,Federal Contract Tower,0,11,0,0,11,0,0,0,0,0,0,11,0,0,11,0,0,0,11
01/22/2012,LYH,VA,AEA,EN,Federal Contract Tower,0,11,4,4,19,0,0,0,0,0,0,11,4,4,19,0,0,0,19
01/23/2012,LYH,VA,AEA,EN,Federal Contract Tower,0,12,10,0,22,0,0,0,0,0,0,12,10,0,22,0,0,0,22
01/24/2012,LYH,VA,AEA,EN,Federal Contract Tower,0,16,15,5,36,0,2,170,10,182,0,18,185,15,218,294,0,294,512
01/25/2012,LYH,VA,AEA,EN,Federal Contract Tower,0,15,16,1,32,0,1,81,3,85,0,16,97,4,117,115,0,115,232
01/26/2012,LYH,VA,AEA,EN,Federal Contract Tower,0,14,22,2,38,0,6,101,2,109,0,20,123,4,147,214,14,228,375
01/27/2012,LYH,VA,AEA,EN,Federal Contract Tower,0,17,11,6,34,0,0,74,0,74,0,17,85,6,108,58,0,58,166
01/28/2012,LYH,VA,AEA,EN,Federal Contract Tower,0,11,15,2,28,0,2,105,2,109,0,13,120,4,137,140,0,140,277
01/29/2012,LYH,VA,AEA,EN,Federal Contract Tower,0,16,5,8,29,0,9,65,4,78,0,25,70,12,107,34,0,34,141
01/30/2012,LYH,VA,AEA,EN,Federal Contract Tower,0,14,7,2,23,0,5,154,0,159,0,19,161,2,182,254,0,254,436
01/31/2012,LYH,VA,AEA,EN,Federal Contract Tower,0,11,22,2,35,0,1,148,4,153,0,12,170,6,188,232,0,232,420
02/01/2012,LYH,VA,AEA,EN,Federal Contract Tower,0,14,8,0,22,0,2,151,4,157,0,16,159,4,179,226,0,226,405
02/02/2012,LYH,VA,AEA,EN,Federal Contract Tower,0,18,31,1,50,0,6,116,3,125,0,24,147,4,175,96,0,96,271
02/03/2012,LYH,VA,AEA,EN,Federal Contract Tower,0,11,23,4,38,0,2,169,0,171,0,13,192,4,209,320,10,330,539
02/04/2012,LYH,VA,AEA,EN,Federal Contract Tower,0,14,8,0,22,0,3,75,1,79,0,17,83,1,101,82,0,82,183
02/05/2012,LYH,VA,AEA,EN,Federal Contract Tower,0,12,5,0,17,0,0,0,0,0,0,12,5,0,17,0,0,0,17
02/06/2012,LYH,VA,AEA,EN,Federal Contract Tower,0,13,18,2,33,0,2,143,0,145,0,15,161,2,178,204,0,204,382
02/07/2012,LYH,VA,AEA,EN,Federal Contract Tower,0,15,17,1,33,0,3,175,4,182,0,18,192,5,215,290,2,292,507
02/08/2012,LYH,VA,AEA,EN,Federal Contract Tower,0,23,14,0,37,0,1,55,6,62,0,24,69,6,99,110,0,110,209
02/09/2012,LYH,VA,AEA,EN,Federal Contract Tower,0,20,23,0,43,0,2,161,4,167,0,22,184,4,210,254,0,254,464
02/10/2012,LYH,VA,AEA,EN,Federal Contract Tower,0,17,18,3,38,0,8,182,3,193,0,25,200,6,231,386,0,386,617
02/11/2012,LYH,VA,AEA,EN,Federal Contract Tower,0,13,4,0,17,0,0,5,4,9,0,13,9,4,26,0,0,0,26
02/12/2012,LYH,VA,AEA,EN,Federal Contract Tower,0,10,12,0,22,0,2,54,0,56,0,12,66,0,78,52,0,52,130
02/13/2012,LYH,VA,AEA,EN,Federal Contract Tower,0,14,16,1,31,0,2,100,1,103,0,16,116,2,134,166,1,167,301
02/14/2012,LYH,VA,AEA,EN,Federal Contract Tower,0,15,10,3,28,0,5,143,5,153,0,20,153,8,181,228,6,234,415
02/15/2012,LYH,VA,AEA,EN,Federal Contract Tower,0,17,25,0,42,0,0,153,4,157,0,17,178,4,199,308,0,308,507
02/16/2012,LYH,VA,AEA,EN,Federal Contract Tower,0,14,11,2,27,0,0,36,3,39,0,14,47,5,66,50,6,56,122
02/17/2012,LYH,VA,AEA,EN,Federal Contract Tower,0,19,27,0,46,0,4,154,4,162,0,23,181,4,208,342,0,342,550
02/18/2012,LYH,VA,AEA,EN,Federal Contract Tower,0,8,29,0,37,0,7,101,1,109,0,15,130,1,146,134,0,134,280
02/19/2012,LYH,VA,AEA,EN,Federal Contract Tower,0,11,1,0,12,0,0,0,0,0,0,11,1,0,12,0,0,0,12
02/20/2012,LYH,VA,AEA,EN,Federal Contract Tower,0,13,13,0,26,0,2,81,0,83,0,15,94,0,109,132,0,132,241
02/21/2012,LYH,VA,AEA,EN,Federal Contract Tower,0,14,25,5,44,0,0,157,6,163,0,14,182,11,207,160,20,180,387
02/22/2012,LYH,VA,AEA,EN,Federal Contract Tower,0,13,33,0,46,0,4,114,4,122,0,17,147,4,168,122,0,122,290
02/23/2012,LYH,VA,AEA,EN,Federal Contract Tower,0,16,21,0,37,0,4,160,4,168,0,20,181,4,205,320,0,320,525
02/24/2012,LYH,VA,AEA,EN,Federal Contract Tower,0,17,9,1,27,0,2,30,1,33,0,19,39,2,60,24,0,24,84
02/25/2012,LYH,VA,AEA,EN,Federal Contract Tower,0,10,6,0,16,0,2,14,0,16,0,12,20,0,32,0,0,0,32
02/26/2012,LYH,VA,AEA,EN,Federal Contract Tower,0,12,21,0,33,0,2,85,0,87,0,14,106,0,120,68,0,68,188
02/27/2012,LYH,VA,AEA,EN,Federal Contract Tower,0,14,24,0,38,0,0,165,4,169,0,14,189,4,207,394,0,394,601
02/28/2012,LYH,VA,AEA,EN,Federal Contract Tower,0,12,34,0,46,0,0,184,6,190,0,12,218,6,236,392,0,392,628
02/29/2012,LYH,VA,AEA,EN,Federal Contract Tower,0,15,7,0,22,0,0,23,1,24,0,15,30,1,46,54,0,54,100
03/01/2012,LYH,VA,AEA,EN,Federal Contract Tower,0,11,17,2,30,0,0,117,4,121,0,11,134,6,151,120,0,120,271
03/02/2012,LYH,VA,AEA,EN,Federal Contract Tower,0,12,37,2,51,0,0,79,0,79,0,12,116,2,130,216,0,216,346
03/03/2012,LYH,VA,AEA,EN,Federal Contract Tower,0,8,4,0,12,0,0,69,2,71,0,8,73,2,83,114,2,116,199
03/04/2012,LYH,VA,AEA,EN,Federal Contract Tower,0,12,10,0,22,0,1,46,1,48,0,13,56,1,70,50,0,50,120
03/05/2012,LYH,VA,AEA,EN,Federal Contract Tower,0,20,8,0,28,0,2,32,0,34,0,22,40,0,62,40,0,40,102
03/06/2012,LYH,VA,AEA,EN,Federal Contract Tower,0,18,25,2,45,0,4,185,8,197,0,22,210,10,242,448,4,452,694
03/07/2012,LYH,VA,AEA,EN,Federal Contract Tower,0,11,42,4,57,0,0,110,6,116,0,11,152,10,173,210,8,218,391
03/08/2012,LYH,VA,AEA,EN,Federal Contract Tower,0,16,9,0,25,0,0,66,3,69,0,16,75,3,94,16,0,16,110
03/09/2012,LYH,VA,AEA,EN,Federal Contract Tower,0,10,14,8,32,0,0,120,6,126,0,10,134,14,158,200,6,206,364
03/10/2012,LYH,VA,AEA,EN,Federal Contract Tower,0,11,32,0,43,0,4,131,4,139,0,15,163,4,182,108,0,108,290
03/11/2012,LYH,VA,AEA,EN,Federal Contract Tower,0,13,25,6,44,0,2,65,3,70,0,15,90,9,114,54,0,54,168
03/12/2012,LYH,VA,AEA,EN,Federal Contract Tower,0,12,25,2,39,0,4,120,4,128,0,16,145,6,167,154,10,164,331
03/13/2012,LYH,VA,AEA,EN,Federal Contract Tower,0,12,23,3,38,0,0,120,7,127,0,12,143,10,165,218,20,238,403
03/14/2012,LYH,VA,AEA,EN,Federal Contract Tower,0,11,23,0,34,0,6,162,12,180,0,17,185,12,214,312,0,312,526
03/15/2012,LYH,VA,AEA,EN,Federal Contract Tower,0,15,19,2,36,0,2,101,9,112,0,17,120,11,148,212,0,212,360
03/16/2012,LYH,VA,AEA,EN,Federal Contract Tower,2,12,23,1,38,0,0,121,11,132,2,12,144,12,170,254,0,254,424
03/17/2012,LYH,VA,AEA,EN,Federal Contract Tower,0,8,18,0,26,0,2,93,5,100,0,10,111,5,126,110,0,110,236
03/18/2012,LYH,VA,AEA,EN,Federal Contract Tower,2,17,15,0,34,0,0,45,2,47,2,17,60,2,81,58,0,58,139
03/19/2012,LYH,VA,AEA,EN,Federal Contract Tower,0,16,16,0,32,0,2,103,6,111,0,18,119,6,143,288,0,288,431
03/20/2012,LYH,VA,AEA,EN,Federal Contract Tower,0,10,21,4,35,0,1,113,4,118,0,11,134,8,153,330,8,338,491
03/21/2012,LYH,VA,AEA,EN,Federal Contract Tower,0,15,20,0,35,0,4,82,4,90,0,19,102,4,125,176,0,176,301
03/22/2012,LYH,VA,AEA,EN,Federal Contract Tower,0,14,33,0,47,0,3,147,8,158,0,17,180,8,205,214,0,214,419
03/23/2012,LYH,VA,AEA,EN,Federal Contract Tower,0,12,29,0,41,0,4,183,18,205,0,16,212,18,246,354,0,354,600
03/24/2012,LYH,VA,AEA,EN,Federal Contract Tower,0,9,6,0,15,0,0,19,0,19,0,9,25,0,34,36,0,36,70
03/25/2012,LYH,VA,AEA,EN,Federal Contract Tower,0,13,12,2,27,0,0,9,0,9,0,13,21,2,36,0,0,0,36
03/26/2012,LYH,VA,AEA,EN,Federal Contract Tower,0,10,21,2,33,0,5,111,4,120,0,15,132,6,153,170,0,170,323
03/27/2012,LYH,VA,AEA,EN,Federal Contract Tower,0,16,32,0,48,0,4,185,4,193,0,20,217,4,241,352,0,352,593
03/28/2012,LYH,VA,AEA,EN,Federal Contract Tower,0,21,25,0,46,0,0,120,4,124,0,21,145,4,170,160,0,160,330
03/29/2012,LYH,VA,AEA,EN,Federal Contract Tower,0,20,25,5,50,0,0,143,6,149,0,20,168,11,199,208,4,212,411
03/30/2012,LYH,VA,AEA,EN,Federal Contract Tower,0,20,43,0,63,0,3,190,0,193,0,23,233,0,256,342,0,342,598
03/31/2012,LYH,VA,AEA,EN,Federal Contract Tower,0,11,19,0,30,0,1,105,2,108,0,12,124,2,138,176,0,176,314
04/01/2012,LYH,VA,AEA,EN,Federal Contract Tower,0,13,22,0,35,0,0,75,0,75,0,13,97,0,110,50,0,50,160
04/02/2012,LYH,VA,AEA,EN,Federal Contract Tower,0,13,13,0,26,0,3,130,8,141,0,16,143,8,167,304,0,304,471
04/03/2012,LYH,VA,AEA,EN,Federal Contract Tower,0,16,14,7,37,0,158,6,0,164,0,174,20,7,201,392,8,400,601
04/04/2012,LYH,VA,AEA,EN,Federal Contract Tower,0,13,10,2,25,0,3,92,4,99,0,16,102,6,124,164,18,182,306
04/05/2012,LYH,VA,AEA,EN,Federal Contract Tower,0,12,13,2,27,0,2,140,4,146,0,14,153,6,173,292,0,292,465
04/06/2012,LYH,VA,AEA,EN,Federal Contract Tower,0,11,27,7,45,0,1,145,2,148,0,12,172,9,193,170,12,182,375
04/07/2012,LYH,VA,AEA,EN,Federal Contract Tower,0,9,17,0,26,0,2,106,2,110,0,11,123,2,136,138,0,138,274
04/08/2012,LYH,VA,AEA,EN,Federal Contract Tower,0,10,10,0,20,0,4,60,4,68,0,14,70,4,88,18,0,18,106
04/09/2012,LYH,VA,AEA,EN,Federal Contract Tower,0,18,9,0,27,0,97,4,0,101,0,115,13,0,128,108,0,108,236
04/10/2012,LYH,VA,AEA,EN,Federal Contract Tower,0,10,12,0,22,0,2,85,4,91,0,12,97,4,113,62,0,62,175
04/11/2012,LYH,VA,AEA,EN,Federal Contract Tower,0,16,23,2,41,0,4,128,5,137,0,20,151,7,178,200,0,200,378
04/12/2012,LYH,VA,AEA,EN,Federal Contract Tower,0,13,25,1,39,0,4,183,5,192,0,17,208,6,231,314,0,314,545
04/13/2012,LYH,VA,AEA,EN,Federal Contract Tower,0,19,30,2,51,0,1,181,6,188,0,20,211,8,239,330,10,340,579
04/14/2012,LYH,VA,AEA,EN,Federal Contract Tower,0,8,14,3,25,0,2,121,8,131,0,10,135,11,156,118,2,120,276
04/15/2012,LYH,VA,AEA,EN,Federal Contract Tower,0,14,18,0,32,0,4,70,2,76,0,18,88,2,108,32,0,32,140
04/16/2012,LYH,VA,AEA,EN,Federal Contract Tower,0,25,24,0,49,0,0,145,4,149,0,25,169,4,198,196,0,196,394
04/17/2012,LYH,VA,AEA,EN,Federal Contract Tower,0,13,26,2,41,0,2,193,9,204,0,15,219,11,245,378,0,378,623
04/18/2012,LYH,VA,AEA,EN,Federal Contract Tower,0,16,27,2,45,0,0,30,3,33,0,16,57,5,78,0,0,0,78
04/19/2012,LYH,VA,AEA,EN,Federal Contract Tower,0,20,40,4,64,0,2,134,7,143,0,22,174,11,207,394,4,398,605
04/20/2012,LYH,VA,AEA,EN,Federal Contract Tower,0,16,31,0,47,0,0,176,4,180,0,16,207,4,227,392,0,392,619
04/21/2012,LYH,VA,AEA,EN,Federal Contract Tower,0,11,11,0,22,0,2,67,2,71,0,13,78,2,93,168,0,168,261
04/22/2012,LYH,VA,AEA,EN,Federal Contract Tower,0,12,11,0,23,0,0,1,0,1,0,12,12,0,24,0,0,0,24
04/23/2012,LYH,VA,AEA,EN,Federal Contract Tower,0,14,17,4,35,0,4,49,6,59,0,18,66,10,94,62,0,62,156
04/24/2012,LYH,VA,AEA,EN,Federal Contract Tower,0,15,23,12,50,0,1,132,5,138,0,16,155,17,188,144,14,158,346
04/25/2012,LYH,VA,AEA,EN,Federal Contract Tower,0,16,22,0,38,0,6,163,4,173,0,22,185,4,211,354,0,354,565
04/26/2012,LYH,VA,AEA,EN,Federal Contract Tower,0,11,18,0,29,0,0,62,2,64,0,11,80,2,93,72,0,72,165
04/27/2012,LYH,VA,AEA,EN,Federal Contract Tower,0,12,33,4,49,0,7,161,4,172,0,19,194,8,221,420,0,420,641
04/28/2012,LYH,VA,AEA,EN,Federal Contract Tower,0,11,17,0,28,0,1,75,4,80,0,12,92,4,108,170,0,170,278
04/29/2012,LYH,VA,AEA,EN,Federal Contract Tower,0,15,16,6,37,0,1,54,0,55,0,16,70,6,92,30,0,30,122
04/30/2012,LYH,VA,AEA,EN,Federal Contract Tower,0,14,27,0,41,0,0,0,0,0,0,14,27,0,41,0,0,0,41
05/01/2012,LYH,VA,AEA,EN,Federal Contract Tower,0,9,34,0,43,0,7,99,6,112,0,16,133,6,155,238,0,238,393
05/02/2012,LYH,VA,AEA,EN,Federal Contract Tower,0,13,28,3,44,0,5,134,3,142,0,18,162,6,186,332,0,332,518
05/03/2012,LYH,VA,AEA,EN,Federal Contract Tower,0,16,20,2,38,0,3,86,8,97,0,19,106,10,135,220,0,220,355
05/04/2012,LYH,VA,AEA,EN,Federal Contract Tower,0,13,15,0,28,0,134,4,0,138,0,147,19,0,166,344,0,344,510
05/05/2012,LYH,VA,AEA,EN,Federal Contract Tower,0,17,13,0,30,0,3,47,0,50,0,20,60,0,80,60,0,60,140
05/06/2012,LYH,VA,AEA,EN,Federal Contract Tower,0,10,10,1,21,0,3,38,1,42,0,13,48,2,63,78,0,78,141
05/07/2012,LYH,VA,AEA,EN,Federal Contract Tower,0,14,20,3,37,0,5,125,5,135,0,19,145,8,172,290,18,308,480
05/08/2012,LYH,VA,AEA,EN,Federal Contract Tower,0,14,49,8,71,0,4,60,2,66,0,18,109,10,137,96,0,96,233
05/09/2012,LYH,VA,AEA,EN,Federal Contract Tower,0,12,25,0,37,0,2,85,4,91,0,14,110,4,128,172,0,172,300
05/10/2012,LYH,VA,AEA,EN,Federal Contract Tower,0,14,42,2,58,0,8,165,8,181,0,22,207,10,239,206,20,226,465
05/11/2012,LYH,VA,AEA,EN,Federal Contract Tower,0,17,16,0,33,0,2,138,2,142,0,19,154,2,175,244,0,244,419
05/12/2012,LYH,VA,AEA,EN,Federal Contract Tower,0,13,28,0,41,0,3,128,0,131,0,16,156,0,172,50,0,50,222
05/13/2012,LYH,VA,AEA,EN,Federal Contract Tower,0,14,11,1,26,0,8,54,1,63,0,22,65,2,89,32,0,32,121
05/14/2012,LYH,VA,AEA,EN,Federal Contract Tower,0,11,16,0,27,0,0,3,0,3,0,11,19,0,30,10,0,10,40
05/15/2012,LYH,VA,AEA,EN,Federal Contract Tower,0,13,28,0,41,0,0,77,5,82,0,13,105,5,123,178,0,178,301
05/16/2012,LYH,VA,AEA,EN,Federal Contract Tower,0,18,19,0,37,0,0,144,4,148,0,18,163,4,185,380,0,380,565
05/17/2012,LYH,VA,AEA,EN,Federal Contract Tower,0,13,15,4,32,0,4,146,7,157,0,17,161,11,189,346,0,346,535
05/18/2012,LYH,VA,AEA,EN,Federal Contract Tower,0,16,26,6,48,0,1,152,4,157,0,17,178,10,205,334,14,348,553
05/19/2012,LYH,VA,AEA,EN,Federal Contract Tower,0,13,13,0,26,0,4,134,2,140,0,17,147,2,166,262,0,262,428
05/20/2012,LYH,VA,AEA,EN,Federal Contract Tower,0,14,9,0,23,0,2,61,4,67,0,16,70,4,90,72,0,72,162
05/21/2012,LYH,VA,AEA,EN,Federal Contract Tower,0,15,12,5,32,0,2,116,4,122,0,17,128,9,154,256,16,272,426
05/22/2012,LYH,VA,AEA,EN,Federal Contract Tower,0,14,19,8,41,0,2,107,5,114,0,16,126,13,155,286,2,288,443
05/23/2012,LYH,VA,AEA,EN,Federal Contract Tower,0,16,31,0,47,0,6,56,4,66,0,22,87,4,113,86,4,90,203
05/24/2012,LYH,VA,AEA,EN,Federal Contract Tower,0,17,42,3,62,0,4,61,2,67,0,21,103,5,129,52,0,52,181
05/25/2012,LYH,VA,AEA,EN,Federal Contract Tower,0,12,52,6,70,0,4,180,2,186,0,16,232,8,256,330,8,338,594
05/26/2012,LYH,VA,AEA,EN,Federal Contract Tower,0,9,12,1,22,0,5,85,0,90,0,14,97,1,112,108,0,108,220
05/27/2012,LYH,VA,AEA,EN,Federal Contract Tower,0,16,6,0,22,0,4,69,6,79,0,20,75,6,101,38,12,50,151
05/28/2012,LYH,VA,AEA,EN,Federal Contract Tower,0,12,27,0,39,0,4,80,4,88,0,16,107,4,127,124,0,124,251
05/29/2012,LYH,VA,AEA,EN,Federal Contract Tower,0,13,27,2,42,0,2,56,6,64,0,15,83,8,106,102,14,116,222
05/30/2012,LYH,VA,AEA,EN,Federal Contract Tower,0,13,27,4,44,0,4,179,4,187,0,17,206,8,231,292,0,292,523
05/31/2012,LYH,VA,AEA,EN,Federal Contract Tower,0,13,28,1,42,0,2,180,5,187,0,15,208,6,229,196,8,204,433
06/01/2012,LYH,VA,AEA,EN,Federal Contract Tower,0,12,18,2,32,0,1,12,0,13,0,13,30,2,45,22,0,22,67
06/02/2012,LYH,VA,AEA,EN,Federal Contract Tower,0,9,6,0,15,0,5,86,2,93,0,14,92,2,108,84,0,84,192
06/03/2012,LYH,VA,AEA,EN,Federal Contract Tower,0,12,21,0,33,0,4,81,2,87,0,16,102,2,120,64,0,64,184
06/04/2012,LYH,VA,AEA,EN,Federal Contract Tower,0,18,16,0,34,0,6,150,4,160,0,24,166,4,194,320,0,320,514
06/05/2012,LYH,VA,AEA,EN,Federal Contract Tower,0,14,23,3,40,0,2,126,5,133,0,16,149,8,173,268,0,268,441
06/06/2012,LYH,VA,AEA,EN,Federal Contract Tower,0,16,44,2,62,0,0,79,2,81,0,16,123,4,143,126,0,126,269
06/07/2012,LYH,VA,AEA,EN,Federal Contract Tower,0,12,30,2,44,0,4,184,8,196,0,16,214,10,240,356,2,358,598
06/08/2012,LYH,VA,AEA,EN,Federal Contract Tower,0,13,29,1,43,0,2,157,2,161,0,15,186,3,204,292,0,292,496
06/09/2012,LYH,VA,AEA,EN,Federal Contract Tower,0,10,11,0,21,0,2,120,0,122,0,12,131,0,143,96,0,96,239
06/10/2012,LYH,VA,AEA,EN,Federal Contract Tower,0,13,8,1,22,0,4,74,0,78,0,17,82,1,100,36,0,36,136
06/11/2012,LYH,VA,AEA,EN,Federal Contract Tower,0,17,34,0,51,0,0,21,0,21,0,17,55,0,72,0,0,0,72
06/12/2012,LYH,VA,AEA,EN,Federal Contract Tower,0,15,48,0,63,0,0,38,0,38,0,15,86,0,101,74,0,74,175
06/13/2012,LYH,VA,AEA,EN,Federal Contract Tower,0,13,24,0,37,0,2,179,6,187,0,15,203,6,224,330,2,332,556
06/14/2012,LYH,VA,AEA,EN,Federal Contract Tower,0,15,19,5,39,0,2,146,11,159,0,17,165,16,198,336,4,340,538
06/15/2012,LYH,VA,AEA,EN,Federal Contract Tower,0,12,19,0,31,0,2,148,2,152,0,14,167,2,183,272,0,272,455
06/16/2012,LYH,VA,AEA,EN,Federal Contract Tower,0,11,19,0,30,0,7,127,4,138,0,18,146,4,168,122,0,122,290
06/17/2012,LYH,VA,AEA,EN,Federal Contract Tower,0,11,12,0,23,0,5,74,5,84,0,16,86,5,107,78,0,78,185
06/18/2012,LYH,VA,AEA,EN,Federal Contract Tower,0,17,17,4,38,0,0,75,4,79,0,17,92,8,117,170,0,170,287
06/19/2012,LYH,VA,AEA,EN,Federal Contract Tower,0,24,16,1,41,0,8,120,4,132,0,32,136,5,173,200,0,200,373
06/20/2012,LYH,VA,AEA,EN,Federal Contract Tower,0,13,20,2,35,0,4,153,6,163,0,17,173,8,198,226,8,234,432
06/21/2012,LYH,VA,AEA,EN,Federal Contract Tower,0,17,23,0,40,0,0,141,0,141,0,17,164,0,181,266,0,266,447
06/22/2012,LYH,VA,AEA,EN,Federal Contract Tower,0,12,9,9,30,0,0,101,9,110,0,12,110,18,140,212,28,240,380
06/23/2012,LYH,VA,AEA,EN,Federal Contract Tower,0,12,18,0,30,0,0,114,0,114,0,12,132,0,144,118,0,118,262
06/24/2012,LYH,VA,AEA,EN,Federal Contract Tower,0,10,16,2,28,0,4,62,0,66,0,14,78,2,94,20,0,20,114
06/25/2012,LYH,VA,AEA,EN,Federal Contract Tower,0,11,17,6,34,0,2,102,5,109,0,13,119,11,143,170,6,176,319
06/26/2012,LYH,VA,AEA,EN,Federal Contract Tower,0,12,22,2,36,0,5,186,4,195,0,17,208,6,231,280,0,280,511
06/27/2012,LYH,VA,AEA,EN,Federal Contract Tower,0,19,22,4,45,0,3,167,6,176,0,22,189,10,221,290,0,290,511
06/28/2012,LYH,VA,AEA,EN,Federal Contract Tower,0,15,28,13,56,0,2,161,6,169,0,17,189,19,225,270,0,270,495
06/29/2012,LYH,VA,AEA,EN,Federal Contract Tower,0,17,23,0,40,0,0,113,4,117,0,17,136,4,157,168,0,168,325
06/30/2012,LYH,VA,AEA,EN,Federal Contract Tower,0,12,19,0,31,0,2,85,4,91,0,14,104,4,122,80,0,80,202
07/01/2012,LYH,VA,AEA,EN,Federal Contract Tower,0,9,26,0,35,0,0,54,0,54,0,9,80,0,89,12,0,12,101
07/02/2012,LYH,VA,AEA,EN,Federal Contract Tower,0,12,21,0,33,0,0,98,6,104,0,12,119,6,137,146,0,146,283
07/03/2012,LYH,VA,AEA,EN,Federal Contract Tower,0,10,12,2,24,0,3,93,4,100,0,13,105,6,124,138,0,138,262
07/04/2012,LYH,VA,AEA,EN,Federal Contract Tower,0,12,13,3,28,0,3,78,0,81,0,15,91,3,109,42,0,42,151
07/05/2012,LYH,VA,AEA,EN,Federal Contract Tower,0,10,18,1,29,0,2,120,6,128,0,12,138,7,157,166,0,166,323
07/06/2012,LYH,VA,AEA,EN,Federal Contract Tower,0,15,18,1,34,0,4,114,4,122,0,19,132,5,156,92,0,92,248
07/07/2012,LYH,VA,AEA,EN,Federal Contract Tower,0,9,15,5,29,0,2,93,8,103,0,11,108,13,132,76,0,76,208
07/08/2012,LYH,VA,AEA,EN,Federal Contract Tower,0,9,8,6,23,0,0,33,2,35,0,9,41,8,58,22,0,22,80
07/09/2012,LYH,VA,AEA,EN,Federal Contract Tower,0,16,15,0,31,0,0,87,5,92,0,16,102,5,123,156,0,156,279
07/10/2012,LYH,VA,AEA,EN,Federal Contract Tower,0,10,28,1,39,0,3,99,2,104,0,13,127,3,143,138,0,138,281
07/11/2012,LYH,VA,AEA,EN,Federal Contract Tower,0,15,40,3,58,0,7,135,6,148,0,22,175,9,206,196,0,196,402
07/12/2012,LYH,VA,AEA,EN,Federal Contract Tower,0,13,25,1,39,0,1,120,9,130,0,14,145,10,169,280,0,280,449
07/13/2012,LYH,VA,AEA,EN,Federal Contract Tower,0,12,24,23,59,0,0,123,11,134,0,12,147,34,193,192,12,204,397
07/14/2012,LYH,VA,AEA,EN,Federal Contract Tower,0,7,13,1,21,0,0,31,5,36,0,7,44,6,57,50,0,50,107
07/15/2012,LYH,VA,AEA,EN,Federal Contract Tower,0,14,8,2,24,0,4,48,2,54,0,18,56,4,78,14,0,14,92
07/16/2012,LYH,VA,AEA,EN,Federal Contract Tower,0,14,21,1,36,0,3,111,10,124,0,17,132,11,160,176,0,176,336
07/17/2012,LYH,VA,AEA,EN,Federal Contract Tower,0,17,17,3,37,0,2,137,6,145,0,19,154,9,182,230,0,230,412
07/18/2012,LYH,VA,AEA,EN,Federal Contract Tower,0,22,15,2,39,0,3,93,10,106,0,25,108,12,145,84,0,84,229
07/19/2012,LYH,VA,AEA,EN,Federal Contract Tower,0,7,22,2,31,0,0,115,9,124,0,7,137,11,155,150,0,150,305
07/20/2012,LYH,VA,AEA,EN,Federal Contract Tower,0,11,19,0,30,0,2,93,4,99,0,13,112,4,129,96,0,96,225
07/21/2012,LYH,VA,AEA,EN,Federal Contract Tower,0,10,14,1,25,0,3,92,3,98,0,13,106,4,123,93,0,93,216
07/22/2012,LYH,VA,AEA,EN,Federal Contract Tower,0,11,15,0,26,0,0,28,0,28,0,11,43,0,54,40,0,40,94
07/23/2012,LYH,VA,AEA,EN,Federal Contract Tower,0,12,7,2,21,0,0,80,6,86,0,12,87,8,107,108,6,114,221
07/24/2012,LYH,VA,AEA,EN,Federal Contract Tower,0,14,9,0,23,0,1,90,4,95,0,15,99,4,118,130,0,130,248
07/25/2012,LYH,VA,AEA,EN,Federal Contract Tower,0,13,33,0,46,0,4,146,6,156,0,17,179,6,202,214,0,214,416
07/26/2012,LYH,VA,AEA,EN,Federal Contract Tower,0,13,17,0,30,0,3,129,4,136,0,16,146,4,166,232,0,232,398
07/27/2012,LYH,VA,AEA,EN,Federal Contract Tower,0,11,16,0,27,0,2,84,5,91,0,13,100,5,118,160,0,160,278
07/28/2012,LYH,VA,AEA,EN,Federal Contract Tower,0,10,12,0,22,0,8,80,0,88,0,18,92,0,110,120,0,120,230
07/29/2012,LYH,VA,AEA,EN,Federal Contract Tower,0,16,24,0,40,0,4,76,4,84,0,20,100,4,124,34,0,34,158
07/30/2012,LYH,VA,AEA,EN,Federal Contract Tower,0,15,13,0,28,0,3,91,0,94,0,18,104,0,122,152,0,152,274
07/31/2012,LYH,VA,AEA,EN,Federal Contract Tower,0,13,32,4,49,0,0,69,5,74,0,13,101,9,123,154,0,154,277
08/01/2012,LYH,VA,AEA,EN,Federal Contract Tower,0,14,29,5,48,0,0,91,15,106,0,14,120,20,154,220,28,248,402
08/02/2012,LYH,VA,AEA,EN,Federal Contract Tower,0,11,23,2,36,0,3,84,2,89,0,14,107,4,125,128,0,128,253
08/03/2012,LYH,VA,AEA,EN,Federal Contract Tower,0,11,29,2,42,0,5,78,3,86,0,16,107,5,128,144,0,144,272
08/04/2012,LYH,VA,AEA,EN,Federal Contract Tower,0,6,4,0,10,0,2,50,0,52,0,8,54,0,62,54,0,54,116
08/05/2012,LYH,VA,AEA,EN,Federal Contract Tower,0,8,16,0,24,0,1,32,0,33,0,9,48,0,57,36,0,36,93
08/06/2012,LYH,VA,AEA,EN,Federal Contract Tower,0,12,16,0,28,0,0,101,4,105,0,12,117,4,133,140,0,140,273
08/07/2012,LYH,VA,AEA,EN,Federal Contract Tower,0,10,19,3,32,0,1,74,6,81,0,11,93,9,113,122,0,122,235
08/08/2012,LYH,VA,AEA,EN,Federal Contract Tower,0,10,18,2,30,0,0,114,6,120,0,10,132,8,150,196,0,196,346
08/09/2012,LYH,VA,AEA,EN,Federal Contract Tower,0,16,14,3,33,0,0,144,5,149,0,16,158,8,182,186,2,188,370
08/10/2012,LYH,VA,AEA,EN,Federal Contract Tower,0,9,14,2,25,0,6,23,0,29,0,15,37,2,54,22,0,22,76
08/11/2012,LYH,VA,AEA,EN,Federal Contract Tower,0,6,12,0,18,0,4,79,4,87,0,10,91,4,105,118,0,118,223
08/12/2012,LYH,VA,AEA,EN,Federal Contract Tower,0,11,21,1,33,0,1,80,0,81,0,12,101,1,114,90,0,90,204
08/13/2012,LYH,VA,AEA,EN,Federal Contract Tower,0,16,17,4,37,0,4,132,4,140,0,20,149,8,177,262,10,272,449
08/14/2012,LYH,VA,AEA,EN,Federal Contract Tower,0,14,7,7,28,0,4,93,11,108,0,18,100,18,136,100,24,124,260
08/15/2012,LYH,VA,AEA,EN,Federal Contract Tower,1,16,17,0,34,0,2,59,0,61,1,18,76,0,95,78,0,78,173
08/16/2012,LYH,VA,AEA,EN,Federal Contract Tower,1,18,34,2,55,0,1,107,9,117,1,19,141,11,172,92,0,92,264
08/17/2012,LYH,VA,AEA,EN,Federal Contract Tower,0,16,25,9,50,0,3,113,3,119,0,19,138,12,169,120,6,126,295
08/18/2012,LYH,VA,AEA,EN,Federal Contract Tower,0,12,14,0,26,0,1,76,0,77,0,13,90,0,103,86,0,86,189
08/19/2012,LYH,VA,AEA,EN,Federal Contract Tower,0,12,10,0,22,0,4,4,0,8,0,16,14,0,30,0,0,0,30
08/20/2012,LYH,VA,AEA,EN,Federal Contract Tower,0,13,24,4,41,0,0,42,0,42,0,13,66,4,83,46,0,46,129
08/21/2012,LYH,VA,AEA,EN,Federal Contract Tower,0,10,18,3,31,0,4,75,9,88,0,14,93,12,119,90,0,90,209
08/22/2012,LYH,VA,AEA,EN,Federal Contract Tower,0,12,50,0,62,0,2,112,11,125,0,14,162,11,187,124,0,124,311
08/23/2012,LYH,VA,AEA,EN,Federal Contract Tower,0,11,18,0,29,0,4,97,5,106,0,15,115,5,135,126,0,126,261
08/24/2012,LYH,VA,AEA,EN,Federal Contract Tower,0,12,34,0,46,0,5,109,0,114,0,17,143,0,160,130,0,130,290
08/25/2012,LYH,VA,AEA,EN,Federal Contract Tower,0,11,19,5,35,0,2,45,4,51,0,13,64,9,86,70,0,70,156
08/26/2012,LYH,VA,AEA,EN,Federal Contract Tower,0,13,10,0,23,0,2,26,0,28,0,15,36,0,51,18,0,18,69
08/27/2012,LYH,VA,AEA,EN,Federal Contract Tower,0,11,25,6,42,0,0,132,2,134,0,11,157,8,176,192,4,196,372
08/28/2012,LYH,VA,AEA,EN,Federal Contract Tower,0,14,28,2,44,0,5,138,4,147,0,19,166,6,191,218,0,218,409
08/29/2012,LYH,VA,AEA,EN,Federal Contract Tower,2,15,33,0,50,0,0,164,6,170,2,15,197,6,220,140,0,140,360
08/30/2012,LYH,VA,AEA,EN,Federal Contract Tower,0,13,19,5,37,0,0,161,3,164,0,13,180,8,201,272,8,280,481
08/31/2012,LYH,VA,AEA,EN,Federal Contract Tower,0,12,34,0,46,0,7,120,2,129,0,19,154,2,175,162,0,162,337
09/01/2012,LYH,VA,AEA,EN,Federal Contract Tower,0,7,14,0,21,0,4,78,0,82,0,11,92,0,103,118,0,118,221
09/02/2012,LYH,VA,AEA,EN,Federal Contract Tower,0,12,10,0,22,0,3,41,0,44,0,15,51,0,66,12,0,12,78
09/03/2012,LYH,VA,AEA,EN,Federal Contract Tower,0,11,13,0,24,0,0,1,0,1,0,11,14,0,25,0,0,0,25
09/04/2012,LYH,VA,AEA,EN,Federal Contract Tower,0,9,27,4,40,0,3,29,5,37,0,12,56,9,77,44,10,54,131
09/05/2012,LYH,VA,AEA,EN,Federal Contract Tower,0,19,21,0,40,0,2,51,1,54,0,21,72,1,94,168,0,168,262
09/06/2012,LYH,VA,AEA,EN,Federal Contract Tower,0,19,28,0,47,0,2,97,4,103,0,21,125,4,150,202,0,202,352
09/07/2012,LYH,VA,AEA,EN,Federal Contract Tower,0,14,26,5,45,0,6,149,8,163,0,20,175,13,208,190,0,190,398
09/08/2012,LYH,VA,AEA,EN,Federal Contract Tower,0,10,12,0,22,0,6,52,2,60,0,16,64,2,82,160,0,160,242
09/09/2012,LYH,VA,AEA,EN,Federal Contract Tower,0,16,25,1,42,0,1,65,1,67,0,17,90,2,109,54,0,54,163
09/10/2012,LYH,VA,AEA,EN,Federal Contract Tower,0,15,17,0,32,0,2,149,4,155,0,17,166,4,187,196,0,196,383
09/11/2012,LYH,VA,AEA,EN,Federal Contract Tower,0,11,34,2,47,0,0,186,10,196,0,11,220,12,243,252,0,252,495
09/12/2012,LYH,VA,AEA,EN,Federal Contract Tower,0,18,25,2,45,0,4,193,4,201,0,22,218,6,246,256,0,256,502
09/13/2012,LYH,VA,AEA,EN,Federal Contract Tower,0,12,26,0,38,0,0,162,5,167,0,12,188,5,205,228,0,228,433
09/14/2012,LYH,VA,AEA,EN,Federal Contract Tower,2,15,23,2,42,0,1,159,4,164,2,16,182,6,206,226,2,228,434
09/15/2012,LYH,VA,AEA,EN,Federal Contract Tower,0,9,13,0,22,0,1,83,2,86,0,10,96,2,108,60,0,60,168
09/16/2012,LYH,VA,AEA,EN,Federal Contract Tower,0,16,23,2,41,0,2,37,0,39,0,18,60,2,80,38,0,38,118
09/17/2012,LYH,VA,AEA,EN,Federal Contract Tower,0,17,66,0,83,0,0,1,0,1,0,17,67,0,84,0,0,0,84
09/18/2012,LYH,VA,AEA,EN,Federal Contract Tower,0,15,11,0,26,0,0,0,0,0,0,15,11,0,26,0,0,0,26
09/19/2012,LYH,VA,AEA,EN,Federal Contract Tower,0,19,16,3,38,0,0,123,5,128,0,19,139,8,166,156,0,156,322
09/20/2012,LYH,VA,AEA,EN,Federal Contract Tower,0,19,20,0,39,0,4,164,4,172,0,23,184,4,211,234,0,234,445
09/21/2012,LYH,VA,AEA,EN,Federal Contract Tower,0,14,27,0,41,0,2,133,4,139,0,16,160,4,180,194,0,194,374
09/22/2012,LYH,VA,AEA,EN,Federal Contract Tower,3,9,11,0,23,0,4,66,0,70,3,13,77,0,93,38,0,38,131
09/23/2012,LYH,VA,AEA,EN,Federal Contract Tower,0,15,9,0,24,0,2,64,0,66,0,17,73,0,90,42,0,42,132
09/24/2012,LYH,VA,AEA,EN,Federal Contract Tower,0,13,24,2,39,0,4,145,2,151,0,17,169,4,190,248,0,248,438
09/25/2012,LYH,VA,AEA,EN,Federal Contract Tower,0,15,26,4,45,0,2,177,6,185,0,17,203,10,230,386,0,386,616
09/26/2012,LYH,VA,AEA,EN,Federal Contract Tower,0,19,32,0,51,0,4,136,6,146,0,23,168,6,197,300,0,300,497
09/27/2012,LYH,VA,AEA,EN,Federal Contract Tower,0,15,13,2,30,0,3,130,4,137,0,18,143,6,167,358,12,370,537
09/28/2012,LYH,VA,AEA,EN,Federal Contract Tower,0,13,22,1,36,0,6,112,4,122,0,19,134,5,158,246,0,246,404
09/29/2012,LYH,VA,AEA,EN,Federal Contract Tower,0,11,9,0,20,0,5,84,3,92,0,16,93,3,112,410,0,410,522
09/30/2012,LYH,VA,AEA,EN,Federal Contract Tower,0,12,12,0,24,0,0,63,0,63,0,12,75,0,87,112,0,112,199
10/01/2012,LYH,VA,AEA,EN,Federal Contract Tower,0,15,39,9,63,0,0,68,4,72,0,15,107,13,135,96,12,108,243
10/02/2012,LYH,VA,AEA,EN,Federal Contract Tower,0,13,10,0,23,0,0,0,0,0,0,13,10,0,23,0,0,0,23
10/03/2012,LYH,VA,AEA,EN,Federal Contract Tower,0,17,29,1,47,0,1,93,4,98,0,18,122,5,145,208,0,208,353
10/04/2012,LYH,VA,AEA,EN,Federal Contract Tower,0,17,24,0,41,0,0,166,4,170,0,17,190,4,211,184,0,184,395
10/05/2012,LYH,VA,AEA,EN,Federal Contract Tower,0,14,27,3,44,0,1,167,4,172,0,15,194,7,216,248,0,248,464
10/06/2012,LYH,VA,AEA,EN,Federal Contract Tower,0,13,13,0,26,0,4,90,2,96,0,17,103,2,122,238,0,238,360
10/07/2012,LYH,VA,AEA,EN,Federal Contract Tower,0,17,16,1,34,0,2,24,0,26,0,19,40,1,60,84,0,84,144
10/08/2012,LYH,VA,AEA,EN,Federal Contract Tower,0,18,32,0,50,0,5,90,0,95,0,23,122,0,145,242,0,242,387
10/09/2012,LYH,VA,AEA,EN,Federal Contract Tower,0,13,24,10,47,0,0,123,4,127,0,13,147,14,174,364,24,388,562
10/10/2012,LYH,VA,AEA,EN,Federal Contract Tower,0,12,22,1,35,0,3,84,4,91,0,15,106,5,126,136,0,136,262
10/11/2012,LYH,VA,AEA,EN,Federal Contract Tower,0,12,21,3,36,0,3,130,4,137,0,15,151,7,173,162,4,166,339
10/12/2012,LYH,VA,AEA,EN,Federal Contract Tower,0,13,19,0,32,0,2,119,15,136,0,15,138,15,168,108,0,108,276
10/13/2012,LYH,VA,AEA,EN,Federal Contract Tower,0,6,12,2,20,0,3,109,2,114,0,9,121,4,134,138,0,138,272
10/14/2012,LYH,VA,AEA,EN,Federal Contract Tower,0,16,17,1,34,0,5,67,6,78,0,21,84,7,112,16,0,16,128
10/15/2012,LYH,VA,AEA,EN,Federal Contract Tower,0,14,25,0,39,0,2,43,0,45,0,16,68,0,84,70,0,70,154
10/16/2012,LYH,VA,AEA,EN,Federal Contract Tower,0,12,21,5,38,0,4,129,4,137,0,16,150,9,175,224,0,224,399
10/17/2012,LYH,VA,AEA,EN,Federal Contract Tower,0,18,24,2,44,0,158,3,0,161,0,176,27,2,205,312,0,312,517
10/18/2012,LYH,VA,AEA,EN,Federal Contract Tower,1,14,29,2,46,0,0,102,4,106,1,14,131,6,152,206,6,212,364
10/19/2012,LYH,VA,AEA,EN,Federal Contract Tower,0,18,21,4,43,0,0,133,2,135,0,18,154,6,178,244,0,244,422
10/20/2012,LYH,VA,AEA,EN,Federal Contract Tower,0,10,10,0,20,0,1,101,0,102,0,11,111,0,122,80,0,80,202
10/21/2012,LYH,VA,AEA,EN,Federal Contract Tower,0,14,22,4,40,0,0,69,0,69,0,14,91,4,109,94,0,94,203
10/22/2012,LYH,VA,AEA,EN,Federal Contract Tower,0,15,12,2,29,0,2,141,4,147,0,17,153,6,176,224,6,230,406
10/23/2012,LYH,VA,AEA,EN,Federal Contract Tower,0,12,21,7,40,0,2,130,8,140,0,14,151,15,180,292,14,306,486
10/24/2012,LYH,VA,AEA,EN,Federal Contract Tower,0,12,24,5,41,0,0,140,4,144,0,12,164,9,185,234,2,236,421
10/25/2012,LYH,VA,AEA,EN,Federal Contract Tower,0,13,25,0,38,0,0,178,8,186,0,13,203,8,224,292,0,292,516
10/26/2012,LYH,VA,AEA,EN,Federal Contract Tower,1,10,57,5,73,0,2,53,0,55,1,12,110,5,128,104,0,104,232
10/27/2012,LYH,VA,AEA,EN,Federal Contract Tower,0,7,11,5,23,0,1,12,0,13,0,8,23,5,36,22,0,22,58
10/28/2012,LYH,VA,AEA,EN,Federal Contract Tower,0,11,13,0,24,0,4,12,2,18,0,15,25,2,42,0,0,0,42
10/29/2012,LYH,VA,AEA,EN,Federal Contract Tower,0,12,7,0,19,0,0,6,0,6,0,12,13,0,25,20,0,20,45
10/30/2012,LYH,VA,AEA,EN,Federal Contract Tower,0,10,2,0,12,0,0,4,0,4,0,10,6,0,16,0,0,0,16
10/31/2012,LYH,VA,AEA,EN,Federal Contract Tower,0,12,24,0,36,0,5,111,6,122,0,17,135,6,158,110,0,110,268
11/01/2012,LYH,VA,AEA,EN,Federal Contract Tower,0,15,27,0,42,0,4,139,4,147,0,19,166,4,189,228,0,228,417
11/02/2012,LYH,VA,AEA,EN,Federal Contract Tower,0,14,36,2,52,0,0,145,4,149,0,14,181,6,201,202,2,204,405
11/03/2012,LYH,VA,AEA,EN,Federal Contract Tower,0,7,20,3,30,0,3,122,6,131,0,10,142,9,161,190,0,190,351
11/04/2012,LYH,VA,AEA,EN,Federal Contract Tower,0,10,12,2,24,0,0,41,0,41,0,10,53,2,65,70,0,70,135
11/05/2012,LYH,VA,AEA,EN,Federal Contract Tower,4,16,27,10,57,0,2,122,6,130,4,18,149,16,187,186,18,204,391
11/06/2012,LYH,VA,AEA,EN,Federal Contract Tower,0,13,29,0,42,0,2,133,4,139,0,15,162,4,181,322,0,322,503
11/07/2012,LYH,VA,AEA,EN,Federal Contract Tower,0,16,26,0,42,0,1,146,2,149,0,17,172,2,191,202,0,202,393
11/08/2012,LYH,VA,AEA,EN,Federal Contract Tower,0,21,21,0,42,0,1,145,4,150,0,22,166,4,192,156,0,156,348
11/09/2012,LYH,VA,AEA,EN,Federal Contract Tower,1,19,54,0,74,0,1,162,2,165,1,20,216,2,239,202,0,202,441
11/10/2012,LYH,VA,AEA,EN,Federal Contract Tower,2,13,20,0,35,0,6,88,4,98,2,19,108,4,133,82,0,82,215
11/11/2012,LYH,VA,AEA,EN,Federal Contract Tower,0,14,21,2,37,0,1,79,0,80,0,15,100,2,117,78,0,78,195
11/12/2012,LYH,VA,AEA,EN,Federal Contract Tower,0,19,29,0,48,0,1,84,4,89,0,20,113,4,137,124,0,124,261
11/13/2012,LYH,VA,AEA,EN,Federal Contract Tower,0,16,24,2,42,0,0,122,5,127,0,16,146,7,169,258,0,258,427
11/14/2012,LYH,VA,AEA,EN,Federal Contract Tower,0,18,31,3,52,0,0,136,6,142,0,18,167,9,194,248,0,248,442
11/15/2012,LYH,VA,AEA,EN,Federal Contract Tower,0,11,12,5,28,0,0,127,9,136,0,11,139,14,164,246,0,246,410
11/16/2012,LYH,VA,AEA,EN,Federal Contract Tower,0,12,31,5,48,0,0,130,4,134,0,12,161,9,182,160,8,168,350
11/17/2012,LYH,VA,AEA,EN,Federal Contract Tower,0,11,20,0,31,0,5,70,0,75,0,16,90,0,106,64,0,64,170
11/18/2012,LYH,VA,AEA,EN,Federal Contract Tower,0,15,7,0,22,0,0,32,0,32,0,15,39,0,54,24,0,24,78
11/19/2012,LYH,VA,AEA,EN,Federal Contract Tower,0,15,9,4,28,0,0,68,6,74,0,15,77,10,102,90,10,100,202
11/20/2012,LYH,VA,AEA,EN,Federal Contract Tower,0,15,29,1,45,0,3,124,2,129,0,18,153,3,174,150,0,150,324
11/21/2012,LYH,VA,AEA,EN,Federal Contract Tower,0,12,17,2,31,0,6,66,2,74,0,18,83,4,105,30,2,32,137
11/22/2012,LYH,VA,AEA,EN,Federal Contract Tower,0,9,4,0,13,0,2,32,0,34,0,11,36,0,47,0,0,0,47
11/23/2012,LYH,VA,AEA,EN,Federal Contract Tower,0,10,6,0,16,0,4,52,4,60,0,14,58,4,76,20,0,20,96
11/24/2012,LYH,VA,AEA,EN,Federal Contract Tower,0,13,8,0,21,0,4,46,0,50,0,17,54,0,71,20,0,20,91
11/25/2012,LYH,VA,AEA,EN,Federal Contract Tower,0,15,14,0,29,0,0,33,0,33,0,15,47,0,62,4,0,4,66
11/26/2012,LYH,VA,AEA,EN,Federal Contract Tower,0,17,11,0,28,0,9,122,2,133,0,26,133,2,161,208,0,208,369
11/27/2012,LYH,VA,AEA,EN,Federal Contract Tower,0,8,11,4,23,0,4,49,0,53,0,12,60,4,76,32,0,32,108
11/28/2012,LYH,VA,AEA,EN,Federal Contract Tower,0,12,44,2,58,0,1,140,9,150,0,13,184,11,208,282,0,282,490
11/29/2012,LYH,VA,AEA,EN,Federal Contract Tower,0,13,20,0,33,0,4,153,4,161,0,17,173,4,194,282,0,282,476
11/30/2012,LYH,VA,AEA,EN,Federal Contract Tower,0,14,32,2,48,0,1,104,4,109,0,15,136,6,157,141,1,142,299
12/01/2012,LYH,VA,AEA,EN,Federal Contract Tower,0,12,20,0,32,0,8,138,1,147,0,20,158,1,179,248,0,248,427
12/02/2012,LYH,VA,AEA,EN,Federal Contract Tower,0,11,17,0,28,0,2,50,1,53,0,13,67,1,81,14,0,14,95
12/03/2012,LYH,VA,AEA,EN,Federal Contract Tower,0,11,27,1,39,0,7,109,6,122,0,18,136,7,161,116,0,116,277
12/04/2012,LYH,VA,AEA,EN,Federal Contract Tower,0,16,22,5,43,0,0,157,8,165,0,16,179,13,208,222,6,228,436
12/05/2012,LYH,VA,AEA,EN,Federal Contract Tower,0,14,35,2,51,0,0,118,5,123,0,14,153,7,174,162,2,164,338
12/06/2012,LYH,VA,AEA,EN,Federal Contract Tower,0,15,33,3,51,0,2,142,4,148,0,17,175,7,199,338,0,338,537
12/07/2012,LYH,VA,AEA,EN,Federal Contract Tower,0,16,36,2,54,0,0,40,0,40,0,16,76,2,94,90,0,90,184
12/08/2012,LYH,VA,AEA,EN,Federal Contract Tower,0,12,14,0,26,0,4,80,0,84,0,16,94,0,110,126,0,126,236
12/09/2012,LYH,VA,AEA,EN,Federal Contract Tower,0,18,17,4,39,0,2,14,0,16,0,20,31,4,55,0,0,0,55
12/10/2012,LYH,VA,AEA,EN,Federal Contract Tower,0,13,27,1,41,0,1,12,0,13,0,14,39,1,54,32,0,32,86
12/11/2012,LYH,VA,AEA,EN,Federal Contract Tower,0,12,35,4,51,0,5,130,7,142,0,17,165,11,193,262,2,264,457
12/12/2012,LYH,VA,AEA,EN,Federal Contract Tower,0,19,31,4,54,0,4,118,4,126,0,23,149,8,180,230,0,230,410
12/13/2012,LYH,VA,AEA,EN,Federal Contract Tower,0,19,38,7,64,0,4,119,5,128,0,23,157,12,192,178,0,178,370
12/14/2012,LYH,VA,AEA,EN,Federal Contract Tower,0,17,22,0,39,0,0,148,4,152,0,17,170,4,191,206,0,206,397
12/15/2012,LYH,VA,AEA,EN,Federal Contract Tower,0,12,16,2,30,0,5,80,4,89,0,17,96,6,119,94,4,98,217
12/16/2012,LYH,VA,AEA,EN,Federal Contract Tower,0,12,7,0,19,0,0,2,0,2,0,12,9,0,21,0,0,0,21
12/17/2012,LYH,VA,AEA,EN,Federal Contract Tower,0,9,11,0,20,0,2,22,1,25,0,11,33,1,45,16,0,16,61
12/18/2012,LYH,VA,AEA,EN,Federal Contract Tower,0,16,6,9,31,0,1,63,4,68,0,17,69,13,99,84,2,86,185
12/19/2012,LYH,VA,AEA,EN,Federal Contract Tower,0,12,22,1,35,0,6,87,4,97,0,18,109,5,132,130,0,130,262
12/20/2012,LYH,VA,AEA,EN,Federal Contract Tower,0,16,9,0,25,0,52,3,0,55,0,68,12,0,80,140,0,140,220
12/21/2012,LYH,VA,AEA,EN,Federal Contract Tower,0,13,1,2,16,0,2,12,4,18,0,15,13,6,34,0,4,4,38
12/22/2012,LYH,VA,AEA,EN,Federal Contract Tower,0,8,3,0,11,0,4,16,0,20,0,12,19,0,31,20,0,20,51
12/23/2012,LYH,VA,AEA,EN,Federal Contract Tower,0,12,9,2,23,0,0,36,0,36,0,12,45,2,59,18,2,20,79
12/24/2012,LYH,VA,AEA,EN,Federal Contract Tower,0,14,0,0,14,0,0,0,0,0,0,14,0,0,14,0,0,0,14
12/25/2012,LYH,VA,AEA,EN,Federal Contract Tower,0,14,6,0,20,0,0,12,0,12,0,14,18,0,32,30,0,30,62
12/26/2012,LYH,VA,AEA,EN,Federal Contract Tower,0,6,2,0,8,0,0,0,0,0,0,6,2,0,8,0,0,0,8
12/27/2012,LYH,VA,AEA,EN,Federal Contract Tower,0,10,6,16,32,0,3,27,2,32,0,13,33,18,64,4,6,10,74
12/28/2012,LYH,VA,AEA,EN,Federal Contract Tower,0,13,10,2,25,0,4,68,2,74,0,17,78,4,99,32,0,32,131
12/29/2012,LYH,VA,AEA,EN,Federal Contract Tower,0,8,5,2,15,0,0,4,0,4,0,8,9,2,19,0,2,2,21
12/30/2012,LYH,VA,AEA,EN,Federal Contract Tower,0,11,4,2,17,0,8,20,0,28,0,19,24,2,45,12,0,12,57
12/31/2012,LYH,VA,AEA,EN,Federal Contract Tower,0,10,3,0,13,0,4,35,0,39,0,14,38,0,52,22,0,22,74
01/01/2013,LYH,VA,AEA,EN,Federal Contract Tower,0,11,2,0,13,0,4,17,0,21,0,15,19,0,34,0,0,0,34
01/02/2013,LYH,VA,AEA,EN,Federal Contract Tower,0,13,9,0,22,0,3,41,0,44,0,16,50,0,66,28,0,28,94
01/03/2013,LYH,VA,AEA,EN,Federal Contract Tower,0,15,7,3,25,0,6,85,4,95,0,21,92,7,120,184,0,184,304
01/04/2013,LYH,VA,AEA,EN,Federal Contract Tower,0,8,20,0,28,0,6,121,0,127,0,14,141,0,155,156,0,156,311
01/05/2013,LYH,VA,AEA,EN,Federal Contract Tower,0,8,19,1,28,0,6,90,2,98,0,14,109,3,126,202,0,202,328
01/06/2013,LYH,VA,AEA,EN,Federal Contract Tower,0,12,6,0,18,0,4,41,0,45,0,16,47,0,63,34,0,34,97
01/07/2013,LYH,VA,AEA,EN,Federal Contract Tower,0,13,12,0,25,0,0,84,0,84,0,13,96,0,109,156,0,156,265
01/08/2013,LYH,VA,AEA,EN,Federal Contract Tower,0,10,27,6,43,0,6,91,4,101,0,16,118,10,144,84,28,112,256
01/09/2013,LYH,VA,AEA,EN,Federal Contract Tower,0,12,12,0,24,0,8,97,5,110,0,20,109,5,134,134,0,134,268
01/10/2013,LYH,VA,AEA,EN,Federal Contract Tower,0,15,10,1,26,0,2,89,4,95,0,17,99,5,121,110,12,122,243
01/11/2013,LYH,VA,AEA,EN,Federal Contract Tower,0,15,11,0,26,0,2,0,0,2,0,17,11,0,28,0,0,0,28
01/12/2013,LYH,VA,AEA,EN,Federal Contract Tower,0,11,11,0,22,0,0,67,4,71,0,11,78,4,93,74,0,74,167
01/13/2013,LYH,VA,AEA,EN,Federal Contract Tower,0,11,10,0,21,0,1,23,0,24,0,12,33,0,45,6,0,6,51
01/14/2013,LYH,VA,AEA,EN,Federal Contract Tower,0,16,8,0,24,0,0,11,0,11,0,16,19,0,35,12,0,12,47
01/15/2013,LYH,VA,AEA,EN,Federal Contract Tower,0,11,17,0,28,0,0,0,0,0,0,11,17,0,28,0,0,0,28
01/16/2013,LYH,VA,AEA,EN,Federal Contract Tower,0,22,18,0,40,0,0,0,0,0,0,22,18,0,40,0,0,0,40
01/17/2013,LYH,VA,AEA,EN,Federal Contract Tower,0,13,5,0,18,0,0,15,1,16,0,13,20,1,34,10,0,10,44
01/18/2013,LYH,VA,AEA,EN,Federal Contract Tower,0,17,24,0,41,0,0,91,1,92,0,17,115,1,133,96,0,96,229
01/19/2013,LYH,VA,AEA,EN,Federal Contract Tower,0,8,7,0,15,0,1,89,4,94,0,9,96,4,109,154,8,162,271
01/20/2013,LYH,VA,AEA,EN,Federal Contract Tower,0,10,10,0,20,0,2,55,0,57,0,12,65,0,77,12,0,12,89
01/21/2013,LYH,VA,AEA,EN,Federal Contract Tower,0,10,13,0,23,0,0,1,0,1,0,10,14,0,24,98,0,98,122
01/22/2013,LYH,VA,AEA,EN,Federal Contract Tower,0,14,25,2,41,0,3,100,8,111,0,17,125,10,152,106,0,106,258
01/23/2013,LYH,VA,AEA,EN,Federal Contract Tower,0,17,17,0,34,0,4,155,2,161,0,21,172,2,195,220,0,220,415
01/24/2013,LYH,VA,AEA,EN,Federal Contract Tower,0,18,14,0,32,0,7,45,2,54,0,25,59,2,86,22,0,22,108
01/25/2013,LYH,VA,AEA,EN,Federal Contract Tower,0,8,10,0,18,0,0,39,0,39,0,8,49,0,57,60,0,60,117
01/26/2013,LYH,VA,AEA,EN,Federal Contract Tower,0,11,5,0,16,0,2,75,0,77,0,13,80,0,93,70,0,70,163
01/27/2013,LYH,VA,AEA,EN,Federal Contract Tower,0,13,5,0,18,0,2,38,6,46,0,15,43,6,64,38,0,38,102
01/28/2013,LYH,VA,AEA,EN,Federal Contract Tower,0,16,15,1,32,0,2,83,2,87,0,18,98,3,119,136,0,136,255
01/29/2013,LYH,VA,AEA,EN,Federal Contract Tower,0,15,37,7,59,0,1,178,3,182,0,16,215,10,241,230,0,230,471
01/30/2013,LYH,VA,AEA,EN,Federal Contract Tower,0,14,9,6,29,0,2,19,8,29,0,16,28,14,58,0,26,26,84
01/31/2013,LYH,VA,AEA,EN,Federal Contract Tower,0,12,8,0,20,0,3,47,4,54,0,15,55,4,74,30,0,30,104
02/01/2013,LYH,VA,AEA,EN,Federal Contract Tower,0,13,9,2,24,0,0,50,2,52,0,13,59,4,76,24,0,24,100
02/02/2013,LYH,VA,AEA,EN,Federal Contract Tower,0,9,13,0,22,0,1,49,0,50,0,10,62,0,72,76,0,76,148
02/03/2013,LYH,VA,AEA,EN,Federal Contract Tower,0,12,5,0,17,0,0,32,2,34,0,12,37,2,51,24,0,24,75
02/04/2013,LYH,VA,AEA,EN,Federal Contract Tower,0,11,20,2,33,0,2,163,4,169,0,13,183,6,202,282,12,294,496
02/05/2013,LYH,VA,AEA,EN,Federal Contract Tower,0,11,29,0,40,0,0,156,4,160,0,11,185,4,200,230,0,230,430
02/06/2013,LYH,VA,AEA,EN,Federal Contract Tower,0,23,19,1,43,0,0,171,6,177,0,23,190,7,220,250,0,250,470
02/07/2013,LYH,VA,AEA,EN,Federal Contract Tower,0,17,11,0,28,0,0,71,4,75,0,17,82,4,103,290,0,290,393
02/08/2013,LYH,VA,AEA,EN,Federal Contract Tower,0,17,13,0,30,0,4,78,1,83,0,21,91,1,113,150,0,150,263
02/09/2013,LYH,VA,AEA,EN,Federal Contract Tower,0,10,8,2,20,0,7,121,4,132,0,17,129,6,152,168,12,180,332
02/10/2013,LYH,VA,AEA,EN,Federal Contract Tower,0,14,20,1,35,0,1,81,0,82,0,15,101,1,117,90,0,90,207
02/11/2013,LYH,VA,AEA,EN,Federal Contract Tower,0,14,18,0,32,0,2,43,0,45,0,16,61,0,77,100,0,100,177
02/12/2013,LYH,VA,AEA,EN,Federal Contract Tower,0,16,31,5,52,0,9,153,6,168,0,25,184,11,220,326,4,330,550
02/13/2013,LYH,VA,AEA,EN,Federal Contract Tower,0,13,22,2,37,0,0,28,0,28,0,13,50,2,65,70,0,70,135
02/14/2013,LYH,VA,AEA,EN,Federal Contract Tower,0,14,33,3,50,0,2,141,4,147,0,16,174,7,197,252,0,252,449
02/15/2013,LYH,VA,AEA,EN,Federal Contract Tower,0,15,20,0,35,0,0,151,3,154,0,15,171,3,189,276,0,276,465
02/16/2013,LYH,VA,AEA,EN,Federal Contract Tower,0,5,14,0,19,0,0,28,0,28,0,5,42,0,47,74,0,74,121
02/17/2013,LYH,VA,AEA,EN,Federal Contract Tower,0,11,10,2,23,0,2,36,0,38,0,13,46,2,61,24,0,24,85
02/18/2013,LYH,VA,AEA,EN,Federal Contract Tower,0,9,33,2,44,0,0,141,0,141,0,9,174,2,185,234,0,234,419
02/19/2013,LYH,VA,AEA,EN,Federal Contract Tower,0,17,4,4,25,0,0,29,0,29,0,17,33,4,54,56,0,56,110
02/20/2013,LYH,VA,AEA,EN,Federal Contract Tower,0,16,7,0,23,0,8,111,4,123,0,24,118,4,146,158,0,158,304
02/21/2013,LYH,VA,AEA,EN,Federal Contract Tower,0,12,32,8,52,0,2,211,4,217,0,14,243,12,269,278,0,278,547
02/22/2013,LYH,VA,AEA,EN,Federal Contract Tower,0,10,1,0,11,0,0,46,0,46,0,10,47,0,57,158,0,158,215
02/23/2013,LYH,VA,AEA,EN,Federal Contract Tower,0,12,11,0,23,0,2,51,0,53,0,14,62,0,76,122,0,122,198
02/24/2013,LYH,VA,AEA,EN,Federal Contract Tower,0,15,19,0,34,0,4,59,0,63,0,19,78,0,97,58,0,58,155
02/25/2013,LYH,VA,AEA,EN,Federal Contract Tower,0,13,50,2,65,0,8,205,3,216,0,21,255,5,281,426,0,426,707
02/26/2013,LYH,VA,AEA,EN,Federal Contract Tower,0,12,3,0,15,0,0,15,2,17,0,12,18,2,32,18,0,18,50
02/27/2013,LYH,VA,AEA,EN,Federal Contract Tower,0,20,20,2,42,0,0,107,4,111,0,20,127,6,153,250,0,250,403
02/28/2013,LYH,VA,AEA,EN,Federal Contract Tower,0,18,26,0,44,0,4,150,4,158,0,22,176,4,202,198,0,198,400
03/01/2013,LYH,VA,AEA,EN,Federal Contract Tower,0,10,40,2,52,0,2,164,3,169,0,12,204,5,221,368,2,370,591
03/02/2013,LYH,VA,AEA,EN,Federal Contract Tower,0,7,23,0,30,0,0,105,4,109,0,7,128,4,139,196,0,196,335
03/03/2013,LYH,VA,AEA,EN,Federal Contract Tower,0,14,11,0,25,0,3,54,2,59,0,17,65,2,84,14,0,14,98
03/04/2013,LYH,VA,AEA,EN,Federal Contract Tower,0,13,33,8,54,0,5,153,4,162,0,18,186,12,216,316,24,340,556
03/05/2013,LYH,VA,AEA,EN,Federal Contract Tower,0,10,5,0,15,0,1,76,4,81,0,11,81,4,96,250,0,250,346
03/06/2013,LYH,VA,AEA,EN,Federal Contract Tower,0,10,4,0,14,0,0,2,0,2,0,10,6,0,16,0,0,0,16
03/07/2013,LYH,VA,AEA,EN,Federal Contract Tower,0,11,26,0,37,0,7,148,2,157,0,18,174,2,194,96,0,96,290
03/08/2013,LYH,VA,AEA,EN,Federal Contract Tower,0,20,17,11,48,0,4,115,5,124,0,24,132,16,172,152,16,168,340
03/09/2013,LYH,VA,AEA,EN,Federal Contract Tower,0,8,27,0,35,0,0,151,0,151,0,8,178,0,186,238,0,238,424
03/10/2013,LYH,VA,AEA,EN,Federal Contract Tower,0,13,9,3,25,0,4,85,2,91,0,17,94,5,116,132,0,132,248
03/11/2013,LYH,VA,AEA,EN,Federal Contract Tower,0,14,29,25,68,0,2,114,8,124,0,16,143,33,192,228,42,270,462
03/12/2013,LYH,VA,AEA,EN,Federal Contract Tower,0,12,18,19,49,0,6,49,4,59,0,18,67,23,108,76,22,98,206
03/13/2013,LYH,VA,AEA,EN,Federal Contract Tower,0,20,14,4,38,0,0,97,10,107,0,20,111,14,145,92,8,100,245
03/14/2013,LYH,VA,AEA,EN,Federal Contract Tower,0,12,21,3,36,0,7,124,12,143,0,19,145,15,179,166,14,180,359
03/15/2013,LYH,VA,AEA,EN,Federal Contract Tower,0,13,21,10,44,0,0,132,4,136,0,13,153,14,180,218,8,226,406
03/16/2013,LYH,VA,AEA,EN,Federal Contract Tower,0,9,15,0,24,0,2,86,0,88,0,11,101,0,112,96,0,96,208
03/17/2013,LYH,VA,AEA,EN,Federal Contract Tower,0,12,6,0,18,0,1,17,0,18,0,13,23,0,36,10,0,10,46
03/18/2013,LYH,VA,AEA,EN,Federal Contract Tower,3,13,8,0,24,0,0,0,0,0,3,13,8,0,24,0,0,0,24
03/19/2013,LYH,VA,AEA,EN,Federal Contract Tower,1,18,9,2,30,0,6,62,5,73,1,24,71,7,103,66,0,66,169
03/20/2013,LYH,VA,AEA,EN,Federal Contract Tower,3,16,25,3,47,0,1,169,10,180,3,17,194,13,227,298,0,298,525
03/21/2013,LYH,VA,AEA,EN,Federal Contract Tower,0,14,21,0,35,0,4,118,4,126,0,18,139,4,161,100,0,100,261
03/22/2013,LYH,VA,AEA,EN,Federal Contract Tower,0,15,32,1,48,0,2,172,3,177,0,17,204,4,225,284,0,284,509
03/23/2013,LYH,VA,AEA,EN,Federal Contract Tower,0,11,19,3,33,0,10,156,4,170,0,21,175,7,203,392,0,392,595
03/24/2013,LYH,VA,AEA,EN,Federal Contract Tower,0,12,1,0,13,0,0,9,0,9,0,12,10,0,22,4,0,4,26
03/25/2013,LYH,VA,AEA,EN,Federal Contract Tower,2,20,3,4,29,0,0,6,0,6,2,20,9,4,35,26,0,26,61
03/26/2013,LYH,VA,AEA,EN,Federal Contract Tower,1,12,20,3,36,0,5,138,6,149,1,17,158,9,185,414,0,414,599
03/27/2013,LYH,VA,AEA,EN,Federal Contract Tower,1,18,17,2,38,0,4,116,6,126,1,22,133,8,164,162,0,162,326
03/28/2013,LYH,VA,AEA,EN,Federal Contract Tower,0,22,18,3,43,0,1,175,10,186,0,23,193,13,229,276,32,308,537
03/29/2013,LYH,VA,AEA,EN,Federal Contract Tower,0,15,22,2,39,0,2,200,6,208,0,17,222,8,247,432,8,440,687
03/30/2013,LYH,VA,AEA,EN,Federal Contract Tower,0,10,12,0,22,0,0,109,0,109,0,10,121,0,131,218,0,218,349
03/31/2013,LYH,VA,AEA,EN,Federal Contract Tower,0,13,11,5,29,0,2,14,0,16,0,15,25,5,45,2,0,2,47
04/01/2013,LYH,VA,AEA,EN,Federal Contract Tower,0,12,9,0,21,0,1,79,4,84,0,13,88,4,105,110,0,110,215
04/02/2013,LYH,VA,AEA,EN,Federal Contract Tower,0,13,23,3,39,0,4,142,7,153,0,17,165,10,192,316,0,316,508
04/03/2013,LYH,VA,AEA,EN,Federal Contract Tower,0,22,17,1,40,0,2,185,6,193,0,24,202,7,233,410,6,416,649
04/04/2013,LYH,VA,AEA,EN,Federal Contract Tower,0,20,19,18,57,0,3,103,6,112,0,23,122,24,169,276,16,292,461
04/05/2013,LYH,VA,AEA,EN,Federal Contract Tower,0,18,23,0,41,0,1,131,4,136,0,19,154,4,177,468,2,470,647
04/06/2013,LYH,VA,AEA,EN,Federal Contract Tower,0,11,20,0,31,0,2,141,4,147,0,13,161,4,178,355,0,355,533
04/07/2013,LYH,VA,AEA,EN,Federal Contract Tower,0,12,13,2,27,0,2,70,4,76,0,14,83,6,103,100,0,100,203
04/08/2013,LYH,VA,AEA,EN,Federal Contract Tower,0,16,22,4,42,0,2,165,6,173,0,18,187,10,215,412,8,420,635
04/09/2013,LYH,VA,AEA,EN,Federal Contract Tower,0,11,31,4,46,0,3,180,7,190,0,14,211,11,236,366,0,366,602
04/10/2013,LYH,VA,AEA,EN,Federal Contract Tower,0,17,22,0,39,0,5,176,3,184,0,22,198,3,223,360,0,360,583
04/11/2013,LYH,VA,AEA,EN,Federal Contract Tower,0,19,26,3,48,0,7,121,7,135,0,26,147,10,183,214,14,228,411
04/12/2013,LYH,VA,AEA,EN,Federal Contract Tower,0,20,19,0,39,0,0,77,6,83,0,20,96,6,122,106,16,122,244
04/13/2013,LYH,VA,AEA,EN,Federal Contract Tower,0,11,12,0,23,0,2,125,3,130,0,13,137,3,153,168,0,168,321
04/14/2013,LYH,VA,AEA,EN,Federal Contract Tower,0,18,20,0,38,0,4,98,2,104,0,22,118,2,142,46,0,46,188
04/15/2013,LYH,VA,AEA,EN,Federal Contract Tower,0,18,74,0,92,0,0,77,0,77,0,18,151,0,169,256,0,256,425
04/16/2013,LYH,VA,AEA,EN,Federal Contract Tower,0,19,67,6,92,0,3,83,0,86,0,22,150,6,178,296,0,296,474
04/17/2013,LYH,VA,AEA,EN,Federal Contract Tower,0,23,16,3,42,0,3,133,8,144,0,26,149,11,186,308,0,308,494
04/18/2013,LYH,VA,AEA,EN,Federal Contract Tower,0,23,50,0,73,0,8,141,6,155,0,31,191,6,228,392,0,392,620
04/19/2013,LYH,VA,AEA,EN,Federal Contract Tower,0,18,19,0,37,0,0,41,0,41,0,18,60,0,78,126,0,126,204
04/20/2013,LYH,VA,AEA,EN,Federal Contract Tower,0,10,7,0,17,0,4,104,0,108,0,14,111,0,125,186,0,186,311
04/21/2013,LYH,VA,AEA,EN,Federal Contract Tower,0,12,12,0,24,0,1,68,0,69,0,13,80,0,93,26,0,26,119
04/22/2013,LYH,VA,AEA,EN,Federal Contract Tower,0,22,28,1,51,0,1,160,11,172,0,23,188,12,223,270,0,270,493
04/23/2013,LYH,VA,AEA,EN,Federal Contract Tower,0,14,39,1,54,0,7,181,13,201,0,21,220,14,255,292,6,298,553
04/24/2013,LYH,VA,AEA,EN,Federal Contract Tower,0,15,23,0,38,0,3,102,7,112,0,18,125,7,150,242,4,246,396
04/25/2013,LYH,VA,AEA,EN,Federal Contract Tower,0,15,23,0,38,0,4,171,4,179,0,19,194,4,217,442,0,442,659
04/26/2013,LYH,VA,AEA,EN,Federal Contract Tower,0,11,20,0,31,0,8,148,4,160,0,19,168,4,191,350,0,350,541
04/27/2013,LYH,VA,AEA,EN,Federal Contract Tower,0,13,25,0,38,0,3,148,4,155,0,16,173,4,193,252,0,252,445
04/28/2013,LYH,VA,AEA,EN,Federal Contract Tower,0,17,9,0,26,0,2,5,0,7,0,19,14,0,33,0,0,0,33
04/29/2013,LYH,VA,AEA,EN,Federal Contract Tower,0,18,35,4,57,0,8,49,0,57,0,26,84,4,114,154,2,156,270
04/30/2013,LYH,VA,AEA,EN,Federal Contract Tower,0,18,60,2,80,0,1,58,4,63,0,19,118,6,143,174,0,174,317
05/01/2013,LYH,VA,AEA,EN,Federal Contract Tower,0,18,59,2,79,0,3,87,4,94,0,21,146,6,173,284,0,284,457
05/02/2013,LYH,VA,AEA,EN,Federal Contract Tower,0,20,26,2,48,0,3,130,6,139,0,23,156,8,187,312,0,312,499
05/03/2013,LYH,VA,AEA,EN,Federal Contract Tower,0,10,25,0,35,0,5,101,3,109,0,15,126,3,144,192,0,192,336
05/04/2013,LYH,VA,AEA,EN,Federal Contract Tower,0,16,11,0,27,0,0,83,6,89,0,16,94,6,116,234,18,252,368
05/05/2013,LYH,VA,AEA,EN,Federal Contract Tower,0,12,9,0,21,0,0,107,4,111,0,12,116,4,132,96,10,106,238
05/06/2013,LYH,VA,AEA,EN,Federal Contract Tower,0,21,10,0,31,0,0,0,0,0,0,21,10,0,31,0,0,0,31
05/07/2013,LYH,VA,AEA,EN,Federal Contract Tower,0,14,4,6,24,0,2,3,8,13,0,16,7,14,37,8,10,18,55
05/08/2013,LYH,VA,AEA,EN,Federal Contract Tower,0,18,22,0,40,0,0,6,0,6,0,18,28,0,46,60,0,60,106
05/09/2013,LYH,VA,AEA,EN,Federal Contract Tower,2,11,21,1,35,0,2,165,9,176,2,13,186,10,211,260,0,260,471
05/10/2013,LYH,VA,AEA,EN,Federal Contract Tower,6,13,19,2,40,0,2,146,5,153,6,15,165,7,193,254,0,254,447
05/11/2013,LYH,VA,AEA,EN,Federal Contract Tower,2,16,5,2,25,0,2,58,4,64,2,18,63,6,89,48,10,58,147
05/12/2013,LYH,VA,AEA,EN,Federal Contract Tower,4,13,8,0,25,0,2,61,2,65,4,15,69,2,90,46,0,46,136
05/13/2013,LYH,VA,AEA,EN,Federal Contract Tower,1,19,20,2,42,0,0,137,4,141,1,19,157,6,183,294,0,294,477
05/14/2013,LYH,VA,AEA,EN,Federal Contract Tower,0,16,22,2,40,0,4,159,8,171,0,20,181,10,211,536,0,536,747
05/15/2013,LYH,VA,AEA,EN,Federal Contract Tower,0,13,32,1,46,0,6,136,6,148,0,19,168,7,194,274,0,274,468
05/16/2013,LYH,VA,AEA,EN,Federal Contract Tower,0,17,27,2,46,0,6,143,8,157,0,23,170,10,203,220,10,230,433
05/17/2013,LYH,VA,AEA,EN,Federal Contract Tower,0,21,21,8,50,0,6,119,4,129,0,27,140,12,179,224,10,234,413
05/18/2013,LYH,VA,AEA,EN,Federal Contract Tower,0,9,29,0,38,0,0,7,0,7,0,9,36,0,45,4,0,4,49
05/19/2013,LYH,VA,AEA,EN,Federal Contract Tower,0,22,8,0,30,0,0,0,0,0,0,22,8,0,30,0,0,0,30
05/20/2013,LYH,VA,AEA,EN,Federal Contract Tower,0,12,27,0,39,0,3,61,0,64,0,15,88,0,103,152,0,152,255
05/21/2013,LYH,VA,AEA,EN,Federal Contract Tower,0,20,35,2,57,0,7,123,4,134,0,27,158,6,191,292,8,300,491
05/22/2013,LYH,VA,AEA,EN,Federal Contract Tower,0,16,36,0,52,0,6,100,4,110,0,22,136,4,162,268,0,268,430
05/23/2013,LYH,VA,AEA,EN,Federal Contract Tower,0,11,25,2,38,0,6,134,4,144,0,17,159,6,182,314,0,314,496
05/24/2013,LYH,VA,AEA,EN,Federal Contract Tower,0,18,17,2,37,0,4,139,4,147,0,22,156,6,184,174,0,174,358
05/25/2013,LYH,VA,AEA,EN,Federal Contract Tower,0,10,10,0,20,0,1,123,0,124,0,11,133,0,144,186,0,186,330
05/26/2013,LYH,VA,AEA,EN,Federal Contract Tower,0,13,9,0,22,0,4,106,0,110,0,17,115,0,132,104,0,104,236
05/27/2013,LYH,VA,AEA,EN,Federal Contract Tower,0,12,15,0,27,0,3,113,0,116,0,15,128,0,143,210,0,210,353
05/28/2013,LYH,VA,AEA,EN,Federal Contract Tower,0,13,10,0,23,0,3,135,4,142,0,16,145,4,165,154,0,154,319
05/29/2013,LYH,VA,AEA,EN,Federal Contract Tower,0,15,13,11,39,0,5,163,8,176,0,20,176,19,215,246,14,260,475
05/30/2013,LYH,VA,AEA,EN,Federal Contract Tower,0,14,19,5,38,0,5,164,4,173,0,19,183,9,211,276,4,280,491
05/31/2013,LYH,VA,AEA,EN,Federal Contract Tower,0,17,25,15,57,0,0,162,8,170,0,17,187,23,227,274,16,290,517
06/01/2013,LYH,VA,AEA,EN,Federal Contract Tower,0,9,16,0,25,0,1,126,4,131,0,10,142,4,156,158,0,158,314
06/02/2013,LYH,VA,AEA,EN,Federal Contract Tower,0,15,6,6,27,0,4,19,6,29,0,19,25,12,56,20,8,28,84
06/03/2013,LYH,VA,AEA,EN,Federal Contract Tower,0,18,29,2,49,0,4,80,4,88,0,22,109,6,137,184,0,184,321
06/04/2013,LYH,VA,AEA,EN,Federal Contract Tower,0,17,30,0,47,0,4,146,12,162,0,21,176,12,209,284,0,284,493
06/05/2013,LYH,VA,AEA,EN,Federal Contract Tower,0,20,29,0,49,0,3,164,8,175,0,23,193,8,224,306,0,306,530
06/06/2013,LYH,VA,AEA,EN,Federal Contract Tower,0,15,18,4,37,0,0,0,0,0,0,15,18,4,37,0,4,4,41
06/07/2013,LYH,VA,AEA,EN,Federal Contract Tower,0,13,8,0,21,0,0,11,2,13,0,13,19,2,34,6,0,6,40
06/08/2013,LYH,VA,AEA,EN,Federal Contract Tower,0,10,21,2,33,0,6,78,4,88,0,16,99,6,121,170,0,170,291
06/09/2013,LYH,VA,AEA,EN,Federal Contract Tower,0,11,11,0,22,0,1,50,2,53,0,12,61,2,75,26,0,26,101
06/10/2013,LYH,VA,AEA,EN,Federal Contract Tower,0,17,4,0,21,0,0,0,0,0,0,17,4,0,21,0,0,0,21
06/11/2013,LYH,VA,AEA,EN,Federal Contract Tower,0,18,21,4,43,0,7,171,13,191,0,25,192,17,234,266,28,294,528
06/12/2013,LYH,VA,AEA,EN,Federal Contract Tower,0,19,21,2,42,0,8,189,4,201,0,27,210,6,243,424,0,424,667
06/13/2013,LYH,VA,AEA,EN,Federal Contract Tower,0,15,7,0,22,0,2,69,4,75,0,17,76,4,97,94,0,94,191
06/14/2013,LYH,VA,AEA,EN,Federal Contract Tower,0,13,32,0,45,0,5,163,4,172,0,18,195,4,217,336,0,336,553
06/15/2013,LYH,VA,AEA,EN,Federal Contract Tower,0,8,15,0,23,0,1,80,0,81,0,9,95,0,104,96,0,96,200
06/16/2013,LYH,VA,AEA,EN,Federal Contract Tower,0,12,10,0,22,0,4,51,0,55,0,16,61,0,77,24,0,24,101
06/17/2013,LYH,VA,AEA,EN,Federal Contract Tower,0,16,22,0,38,0,7,117,10,134,0,23,139,10,172,154,0,154,326
06/18/2013,LYH,VA,AEA,EN,Federal Contract Tower,0,9,17,0,26,0,1,16,2,19,0,10,33,2,45,8,0,8,53
06/19/2013,LYH,VA,AEA,EN,Federal Contract Tower,0,12,26,0,38,0,6,152,2,160,0,18,178,2,198,322,0,322,520
06/20/2013,LYH,VA,AEA,EN,Federal Contract Tower,0,16,24,0,40,0,5,130,8,143,0,21,154,8,183,250,6,256,439
06/21/2013,LYH,VA,AEA,EN,Federal Contract Tower,0,14,26,1,41,0,0,138,4,142,0,14,164,5,183,308,4,312,495
06/22/2013,LYH,VA,AEA,EN,Federal Contract Tower,0,10,13,0,23,0,0,39,0,39,0,10,52,0,62,44,0,44,106
06/23/2013,LYH,VA,AEA,EN,Federal Contract Tower,0,8,23,1,32,0,5,40,0,45,0,13,63,1,77,30,0,30,107
06/24/2013,LYH,VA,AEA,EN,Federal Contract Tower,0,15,13,2,30,0,2,90,2,94,0,17,103,4,124,144,0,144,268
06/25/2013,LYH,VA,AEA,EN,Federal Contract Tower,0,19,25,9,53,0,7,148,10,165,0,26,173,19,218,242,6,248,466
06/26/2013,LYH,VA,AEA,EN,Federal Contract Tower,0,17,21,0,38,0,7,115,4,126,0,24,136,4,164,262,0,262,426
06/27/2013,LYH,VA,AEA,EN,Federal Contract Tower,0,14,16,0,30,0,6,101,8,115,0,20,117,8,145,274,0,274,419
06/28/2013,LYH,VA,AEA,EN,Federal Contract Tower,0,13,21,6,40,0,2,117,10,129,0,15,138,16,169,270,0,270,439
06/29/2013,LYH,VA,AEA,EN,Federal Contract Tower,0,13,21,0,34,0,9,172,3,184,0,22,193,3,218,74,0,74,292
06/30/2013,LYH,VA,AEA,EN,Federal Contract Tower,0,12,10,8,30,0,2,25,0,27,0,14,35,8,57,18,0,18,75
07/01/2013,LYH,VA,AEA,EN,Federal Contract Tower,0,16,18,1,35,0,3,86,4,93,0,19,104,5,128,163,1,164,292
07/02/2013,LYH,VA,AEA,EN,Federal Contract Tower,0,16,13,0,29,0,0,0,0,0,0,16,13,0,29,0,0,0,29
07/03/2013,LYH,VA,AEA,EN,Federal Contract Tower,0,12,20,0,32,0,0,1,0,1,0,12,21,0,33,0,0,0,33
07/04/2013,LYH,VA,AEA,EN,Federal Contract Tower,0,9,7,0,16,0,2,11,0,13,0,11,18,0,29,12,0,12,41
07/05/2013,LYH,VA,AEA,EN,Federal Contract Tower,0,8,3,0,11,0,0,35,0,35,0,8,38,0,46,22,0,22,68
07/06/2013,LYH,VA,AEA,EN,Federal Contract Tower,0,11,11,0,22,0,1,52,0,53,0,12,63,0,75,84,0,84,159
07/07/2013,LYH,VA,AEA,EN,Federal Contract Tower,0,12,6,0,18,0,0,28,0,28,0,12,34,0,46,20,0,20,66
07/08/2013,LYH,VA,AEA,EN,Federal Contract Tower,0,11,17,4,32,0,12,107,8,127,0,23,124,12,159,244,0,244,403
07/09/2013,LYH,VA,AEA,EN,Federal Contract Tower,0,17,16,0,33,0,7,137,10,154,0,24,153,10,187,320,6,326,513
07/10/2013,LYH,VA,AEA,EN,Federal Contract Tower,0,12,25,6,43,0,0,65,2,67,0,12,90,8,110,192,8,200,310
07/11/2013,LYH,VA,AEA,EN,Federal Contract Tower,0,12,16,6,34,0,0,60,3,63,0,12,76,9,97,182,0,182,279
07/12/2013,LYH,VA,AEA,EN,Federal Contract Tower,0,23,35,0,58,0,9,63,0,72,0,32,98,0,130,130,0,130,260
07/13/2013,LYH,VA,AEA,EN,Federal Contract Tower,0,10,14,0,24,0,2,39,2,43,0,12,53,2,67,52,0,52,119
07/14/2013,LYH,VA,AEA,EN,Federal Contract Tower,0,16,15,0,31,0,10,37,0,47,0,26,52,0,78,70,0,70,148
07/15/2013,LYH,VA,AEA,EN,Federal Contract Tower,0,20,11,0,31,0,2,113,4,119,0,22,124,4,150,208,8,216,366
07/16/2013,LYH,VA,AEA,EN,Federal Contract Tower,0,17,22,2,41,0,10,124,10,144,0,27,146,12,185,196,0,196,381
07/17/2013,LYH,VA,AEA,EN,Federal Contract Tower,0,12,19,7,38,0,2,120,4,126,0,14,139,11,164,200,24,224,388
07/18/2013,LYH,VA,AEA,EN,Federal Contract Tower,0,11,23,0,34,0,3,133,6,142,0,14,156,6,176,242,0,242,418
07/19/2013,LYH,VA,AEA,EN,Federal Contract Tower,0,12,20,0,32,0,1,140,4,145,0,13,160,4,177,220,0,220,397
07/20/2013,LYH,VA,AEA,EN,Federal Contract Tower,0,11,12,0,23,0,2,78,0,80,0,13,90,0,103,114,0,114,217
07/21/2013,LYH,VA,AEA,EN,Federal Contract Tower,0,9,4,0,13,0,0,43,6,49,0,9,47,6,62,40,0,40,102
07/22/2013,LYH,VA,AEA,EN,Federal Contract Tower,0,10,20,0,30,0,2,50,4,56,0,12,70,4,86,108,0,108,194
07/23/2013,LYH,VA,AEA,EN,Federal Contract Tower,0,14,23,8,45,0,3,143,4,150,0,17,166,12,195,370,4,374,569
07/24/2013,LYH,VA,AEA,EN,Federal Contract Tower,0,12,22,6,40,0,0,145,4,149,0,12,167,10,189,144,0,144,333
07/25/2013,LYH,VA,AEA,EN,Federal Contract Tower,0,16,24,0,40,0,2,145,4,151,0,18,169,4,191,236,0,236,427
07/26/2013,LYH,VA,AEA,EN,Federal Contract Tower,0,17,34,0,51,0,4,134,4,142,0,21,168,4,193,252,0,252,445
07/27/2013,LYH,VA,AEA,EN,Federal Contract Tower,0,5,19,0,24,0,2,29,0,31,0,7,48,0,55,32,0,32,87
07/28/2013,LYH,VA,AEA,EN,Federal Contract Tower,0,17,14,0,31,0,2,65,0,67,0,19,79,0,98,86,0,86,184
07/29/2013,LYH,VA,AEA,EN,Federal Contract Tower,0,14,20,1,35,0,0,130,4,134,0,14,150,5,169,262,0,262,431
07/30/2013,LYH,VA,AEA,EN,Federal Contract Tower,0,15,26,0,41,0,4,115,6,125,0,19,141,6,166,260,0,260,426
07/31/2013,LYH,VA,AEA,EN,Federal Contract Tower,0,15,28,0,43,0,4,113,4,121,0,19,141,4,164,140,0,140,304
08/01/2013,LYH,VA,AEA,EN,Federal Contract Tower,0,14,8,1,23,0,2,65,4,71,0,16,73,5,94,110,24,134,228
08/02/2013,LYH,VA,AEA,EN,Federal Contract Tower,0,11,14,0,25,0,5,149,6,160,0,16,163,6,185,154,0,154,339
08/03/2013,LYH,VA,AEA,EN,Federal Contract Tower,0,11,27,6,44,0,4,107,2,113,0,15,134,8,157,76,20,96,253
08/04/2013,LYH,VA,AEA,EN,Federal Contract Tower,0,11,12,0,23,0,0,63,0,63,0,11,75,0,86,30,0,30,116
08/05/2013,LYH,VA,AEA,EN,Federal Contract Tower,0,13,9,3,25,0,0,119,8,127,0,13,128,11,152,180,6,186,338
08/06/2013,LYH,VA,AEA,EN,Federal Contract Tower,0,13,16,0,29,0,1,50,2,53,0,14,66,2,82,172,0,172,254
08/07/2013,LYH,VA,AEA,EN,Federal Contract Tower,0,8,12,0,20,0,2,70,4,76,0,10,82,4,96,138,0,138,234
08/08/2013,LYH,VA,AEA,EN,Federal Contract Tower,0,10,14,0,24,0,3,59,2,64,0,13,73,2,88,118,0,118,206
08/09/2013,LYH,VA,AEA,EN,Federal Contract Tower,0,15,21,2,38,0,2,90,4,96,0,17,111,6,134,162,10,172,306
08/10/2013,LYH,VA,AEA,EN,Federal Contract Tower,0,9,19,0,28,0,1,63,1,65,0,10,82,1,93,126,0,126,219
08/11/2013,LYH,VA,AEA,EN,Federal Contract Tower,0,15,16,6,37,0,1,16,0,17,0,16,32,6,54,28,0,28,82
08/12/2013,LYH,VA,AEA,EN,Federal Contract Tower,0,11,20,1,32,0,2,100,2,104,0,13,120,3,136,154,0,154,290
08/13/2013,LYH,VA,AEA,EN,Federal Contract Tower,0,12,9,0,21,0,2,42,4,48,0,14,51,4,69,38,0,38,107
08/14/2013,LYH,VA,AEA,EN,Federal Contract Tower,0,11,18,5,34,0,11,142,12,165,0,22,160,17,199,144,0,144,343
08/15/2013,LYH,VA,AEA,EN,Federal Contract Tower,0,14,34,2,50,0,5,152,6,163,0,19,186,8,213,262,20,282,495
08/16/2013,LYH,VA,AEA,EN,Federal Contract Tower,0,15,13,0,28,0,3,124,0,127,0,18,137,0,155,252,0,252,407
08/17/2013,LYH,VA,AEA,EN,Federal Contract Tower,0,9,17,2,28,0,0,50,0,50,0,9,67,2,78,74,0,74,152
08/18/2013,LYH,VA,AEA,EN,Federal Contract Tower,0,15,8,0,23,0,0,0,0,0,0,15,8,0,23,0,0,0,23
08/19/2013,LYH,VA,AEA,EN,Federal Contract Tower,0,11,24,8,43,0,0,24,0,24,0,11,48,8,67,32,0,32,99
08/20/2013,LYH,VA,AEA,EN,Federal Contract Tower,0,20,16,4,40,0,0,71,0,71,0,20,87,4,111,152,8,160,271
08/21/2013,LYH,VA,AEA,EN,Federal Contract Tower,0,14,22,0,36,0,2,85,8,95,0,16,107,8,131,198,0,198,329
08/22/2013,LYH,VA,AEA,EN,Federal Contract Tower,0,12,12,1,25,0,5,110,3,118,0,17,122,4,143,172,0,172,315
08/23/2013,LYH,VA,AEA,EN,Federal Contract Tower,0,14,9,6,29,0,0,60,4,64,0,14,69,10,93,118,0,118,211
08/24/2013,LYH,VA,AEA,EN,Federal Contract Tower,0,11,19,4,34,0,1,109,4,114,0,12,128,8,148,142,18,160,308
08/25/2013,LYH,VA,AEA,EN,Federal Contract Tower,0,12,19,0,31,0,3,74,0,77,0,15,93,0,108,70,0,70,178
08/26/2013,LYH,VA,AEA,EN,Federal Contract Tower,0,14,14,2,30,0,4,173,6,183,0,18,187,8,213,336,2,338,551
08/27/2013,LYH,VA,AEA,EN,Federal Contract Tower,0,16,18,2,36,0,4,145,10,159,0,20,163,12,195,234,6,240,435
08/28/2013,LYH,VA,AEA,EN,Federal Contract Tower,2,19,32,1,54,0,2,74,6,82,2,21,106,7,136,134,0,134,270
08/29/2013,LYH,VA,AEA,EN,Federal Contract Tower,0,16,23,0,39,0,1,93,2,96,0,17,116,2,135,214,0,214,349
08/30/2013,LYH,VA,AEA,EN,Federal Contract Tower,0,12,34,0,46,0,0,91,4,95,0,12,125,4,141,188,0,188,329
08/31/2013,LYH,VA,AEA,EN,Federal Contract Tower,0,9,7,0,16,0,0,65,4,69,0,9,72,4,85,114,0,114,199
09/01/2013,LYH,VA,AEA,EN,Federal Contract Tower,0,7,10,0,17,0,48,2,0,50,0,55,12,0,67,30,0,30,97
09/02/2013,LYH,VA,AEA,EN,Federal Contract Tower,0,12,20,0,32,0,0,159,0,159,0,12,179,0,191,321,0,321,512
09/03/2013,LYH,VA,AEA,EN,Federal Contract Tower,0,10,38,0,48,0,2,159,3,164,0,12,197,3,212,306,0,306,518
09/04/2013,LYH,VA,AEA,EN,Federal Contract Tower,0,17,19,0,36,0,4,143,0,147,0,21,162,0,183,314,0,314,497
09/05/2013,LYH,VA,AEA,EN,Federal Contract Tower,0,17,16,10,43,0,3,169,4,176,0,20,185,14,219,304,16,320,539
09/06/2013,LYH,VA,AEA,EN,Federal Contract Tower,0,16,14,1,31,0,1,157,2,160,0,17,171,3,191,298,0,298,489
09/07/2013,LYH,VA,AEA,EN,Federal Contract Tower,0,10,9,0,19,0,4,109,0,113,0,14,118,0,132,196,0,196,328
09/08/2013,LYH,VA,AEA,EN,Federal Contract Tower,0,11,7,0,18,0,1,82,3,86,0,12,89,3,104,48,0,48,152
09/09/2013,LYH,VA,AEA,EN,Federal Contract Tower,0,13,23,3,39,0,3,142,5,150,0,16,165,8,189,292,16,308,497
09/10/2013,LYH,VA,AEA,EN,Federal Contract Tower,0,12,19,4,35,0,8,150,6,164,0,20,169,10,199,252,2,254,453
09/11/2013,LYH,VA,AEA,EN,Federal Contract Tower,0,16,19,0,35,0,2,145,5,152,0,18,164,5,187,256,0,256,443
09/12/2013,LYH,VA,AEA,EN,Federal Contract Tower,0,17,14,2,33,0,5,144,11,160,0,22,158,13,193,240,18,258,451
09/13/2013,LYH,VA,AEA,EN,Federal Contract Tower,0,14,24,0,38,0,3,173,4,180,0,17,197,4,218,292,0,292,510
09/14/2013,LYH,VA,AEA,EN,Federal Contract Tower,0,8,10,0,18,0,1,155,2,158,0,9,165,2,176,174,0,174,350
09/15/2013,LYH,VA,AEA,EN,Federal Contract Tower,0,12,10,0,22,0,1,82,0,83,0,13,92,0,105,102,0,102,207
09/16/2013,LYH,VA,AEA,EN,Federal Contract Tower,0,11,16,0,27,0,1,161,0,162,0,12,177,0,189,310,0,310,499
09/17/2013,LYH,VA,AEA,EN,Federal Contract Tower,0,11,27,2,40,0,3,150,4,157,0,14,177,6,197,204,0,204,401
09/18/2013,LYH,VA,AEA,EN,Federal Contract Tower,0,23,19,2,44,0,0,162,6,168,0,23,181,8,212,330,0,330,542
09/19/2013,LYH,VA,AEA,EN,Federal Contract Tower,0,12,29,2,43,0,2,186,8,196,0,14,215,10,239,320,4,324,563
09/20/2013,LYH,VA,AEA,EN,Federal Contract Tower,0,10,49,3,62,0,0,54,4,58,0,10,103,7,120,140,0,140,260
09/21/2013,LYH,VA,AEA,EN,Federal Contract Tower,0,9,19,0,28,0,0,0,0,0,0,9,19,0,28,0,0,0,28
09/22/2013,LYH,VA,AEA,EN,Federal Contract Tower,0,16,20,0,36,0,6,74,0,80,0,22,94,0,116,30,0,30,146
09/23/2013,LYH,VA,AEA,EN,Federal Contract Tower,0,16,20,5,41,0,4,148,3,155,0,20,168,8,196,428,0,428,624
09/24/2013,LYH,VA,AEA,EN,Federal Contract Tower,0,12,18,1,31,0,1,175,9,185,0,13,193,10,216,324,30,354,570
09/25/2013,LYH,VA,AEA,EN,Federal Contract Tower,0,23,23,0,46,0,1,162,6,169,0,24,185,6,215,422,0,422,637
09/26/2013,LYH,VA,AEA,EN,Federal Contract Tower,0,19,30,1,50,0,2,179,6,187,0,21,209,7,237,372,0,372,609
09/27/2013,LYH,VA,AEA,EN,Federal Contract Tower,0,13,23,9,45,0,2,172,4,178,0,15,195,13,223,240,0,240,463
09/28/2013,LYH,VA,AEA,EN,Federal Contract Tower,0,10,15,0,25,0,1,116,1,118,0,11,131,1,143,226,0,226,369
09/29/2013,LYH,VA,AEA,EN,Federal Contract Tower,0,17,15,0,32,0,5,78,0,83,0,22,93,0,115,104,0,104,219
09/30/2013,LYH,VA,AEA,EN,Federal Contract Tower,0,14,15,0,29,0,2,157,4,163,0,16,172,4,192,366,0,366,558
10/01/2013,LYH,VA,AEA,EN,Federal Contract Tower,0,11,11,0,22,0,4,175,4,183,0,15,186,4,205,328,0,328,533
10/02/2013,LYH,VA,AEA,EN,Federal Contract Tower,0,19,10,1,30,0,4,177,4,185,0,23,187,5,215,326,2,328,543
10/03/2013,LYH,VA,AEA,EN,Federal Contract Tower,0,30,24,4,58,0,3,211,10,224,0,33,235,14,282,388,6,394,676
10/04/2013,LYH,VA,AEA,EN,Federal Contract Tower,0,18,35,0,53,0,2,157,0,159,0,20,192,0,212,284,0,284,496
10/05/2013,LYH,VA,AEA,EN,Federal Contract Tower,0,11,11,0,22,0,5,113,0,118,0,16,124,0,140,192,0,192,332
10/06/2013,LYH,VA,AEA,EN,Federal Contract Tower,0,13,6,0,19,0,1,60,0,61,0,14,66,0,80,10,0,10,90
10/07/2013,LYH,VA,AEA,EN,Federal Contract Tower,0,14,13,0,27,0,0,56,0,56,0,14,69,0,83,124,0,124,207
10/08/2013,LYH,VA,AEA,EN,Federal Contract Tower,0,17,30,0,47,0,1,156,4,161,0,18,186,4,208,272,0,272,480
10/09/2013,LYH,VA,AEA,EN,Federal Contract Tower,0,17,36,6,59,0,1,160,6,167,0,18,196,12,226,370,14,384,610
10/10/2013,LYH,VA,AEA,EN,Federal Contract Tower,0,16,65,0,81,0,4,2,0,6,0,20,67,0,87,4,0,4,91
10/11/2013,LYH,VA,AEA,EN,Federal Contract Tower,0,16,38,0,54,0,2,131,3,136,0,18,169,3,190,372,0,372,562
10/12/2013,LYH,VA,AEA,EN,Federal Contract Tower,0,9,23,0,32,0,0,0,0,0,0,9,23,0,32,0,0,0,32
10/13/2013,LYH,VA,AEA,EN,Federal Contract Tower,0,12,9,0,21,0,0,0,0,0,0,12,9,0,21,0,0,0,21
10/14/2013,LYH,VA,AEA,EN,Federal Contract Tower,0,20,59,0,79,0,4,54,0,58,0,24,113,0,137,98,0,98,235
10/15/2013,LYH,VA,AEA,EN,Federal Contract Tower,0,15,23,3,41,0,6,148,6,160,0,21,171,9,201,356,16,372,573
10/16/2013,LYH,VA,AEA,EN,Federal Contract Tower,0,11,50,1,62,0,3,184,11,198,0,14,234,12,260,414,0,414,674
10/17/2013,LYH,VA,AEA,EN,Federal Contract Tower,0,18,31,2,51,0,2,145,4,151,0,20,176,6,202,298,0,298,500
10/18/2013,LYH,VA,AEA,EN,Federal Contract Tower,1,11,38,4,54,0,4,200,0,204,1,15,238,4,258,320,0,320,578
10/19/2013,LYH,VA,AEA,EN,Federal Contract Tower,1,17,20,0,38,0,2,47,0,49,1,19,67,0,87,164,0,164,251
10/20/2013,LYH,VA,AEA,EN,Federal Contract Tower,0,13,15,0,28,0,1,48,0,49,0,14,63,0,77,24,0,24,101
10/21/2013,LYH,VA,AEA,EN,Federal Contract Tower,0,9,18,2,29,0,0,168,4,172,0,9,186,6,201,304,0,304,505
10/22/2013,LYH,VA,AEA,EN,Federal Contract Tower,0,19,20,2,41,0,5,180,4,189,0,24,200,6,230,270,0,270,500
10/23/2013,LYH,VA,AEA,EN,Federal Contract Tower,0,13,32,12,57,0,2,101,7,110,0,15,133,19,167,146,20,166,333
10/24/2013,LYH,VA,AEA,EN,Federal Contract Tower,0,21,20,4,45,0,4,176,8,188,0,25,196,12,233,228,10,238,471
10/25/2013,LYH,VA,AEA,EN,Federal Contract Tower,2,19,20,1,42,0,3,190,3,196,2,22,210,4,238,272,0,272,510
10/26/2013,LYH,VA,AEA,EN,Federal Contract Tower,0,12,11,0,23,0,2,145,0,147,0,14,156,0,170,320,0,320,490
10/27/2013,LYH,VA,AEA,EN,Federal Contract Tower,0,13,11,0,24,0,2,60,0,62,0,15,71,0,86,62,0,62,148
10/28/2013,LYH,VA,AEA,EN,Federal Contract Tower,0,13,10,2,25,0,0,194,4,198,0,13,204,6,223,348,2,350,573
10/29/2013,LYH,VA,AEA,EN,Federal Contract Tower,0,16,43,3,62,0,4,185,5,194,0,20,228,8,256,340,2,342,598
10/30/2013,LYH,VA,AEA,EN,Federal Contract Tower,0,18,33,0,51,0,0,98,0,98,0,18,131,0,149,164,0,164,313
10/31/2013,LYH,VA,AEA,EN,Federal Contract Tower,0,15,20,0,35,0,4,152,4,160,0,19,172,4,195,336,0,336,531
11/01/2013,LYH,VA,AEA,EN,Federal Contract Tower,0,13,26,4,43,0,1,117,6,124,0,14,143,10,167,264,0,264,431
11/02/2013,LYH,VA,AEA,EN,Federal Contract Tower,0,9,20,0,29,0,2,146,8,156,0,11,166,8,185,206,0,206,391
11/03/2013,LYH,VA,AEA,EN,Federal Contract Tower,0,15,13,0,28,0,0,52,0,52,0,15,65,0,80,62,0,62,142
11/04/2013,LYH,VA,AEA,EN,Federal Contract Tower,0,13,33,0,46,0,0,181,6,187,0,13,214,6,233,322,0,322,555
11/05/2013,LYH,VA,AEA,EN,Federal Contract Tower,0,15,26,8,49,0,2,150,8,160,0,17,176,16,209,436,0,436,645
11/06/2013,LYH,VA,AEA,EN,Federal Contract Tower,0,13,30,2,45,0,1,180,2,183,0,14,210,4,228,328,0,328,556
11/07/2013,LYH,VA,AEA,EN,Federal Contract Tower,0,17,16,4,37,0,5,155,6,166,0,22,171,10,203,294,14,308,511
11/08/2013,LYH,VA,AEA,EN,Federal Contract Tower,0,21,20,0,41,0,7,176,6,189,0,28,196,6,230,376,0,376,606
11/09/2013,LYH,VA,AEA,EN,Federal Contract Tower,0,12,18,0,30,0,2,150,4,156,0,14,168,4,186,208,0,208,394
11/10/2013,LYH,VA,AEA,EN,Federal Contract Tower,0,12,8,0,20,0,2,51,0,53,0,14,59,0,73,36,0,36,109
11/11/2013,LYH,VA,AEA,EN,Federal Contract Tower,0,9,28,0,37,0,6,208,7,221,0,15,236,7,258,350,8,358,616
11/12/2013,LYH,VA,AEA,EN,Federal Contract Tower,0,9,14,3,26,0,3,132,1,136,0,12,146,4,162,290,0,290,452
11/13/2013,LYH,VA,AEA,EN,Federal Contract Tower,0,17,23,0,40,0,1,156,7,164,0,18,179,7,204,394,0,394,598
11/14/2013,LYH,VA,AEA,EN,Federal Contract Tower,0,19,15,4,38,0,4,190,6,200,0,23,205,10,238,460,0,460,698
11/15/2013,LYH,VA,AEA,EN,Federal Contract Tower,0,15,28,0,43,0,2,153,8,163,0,17,181,8,206,304,0,304,510
11/16/2013,LYH,VA,AEA,EN,Federal Contract Tower,0,11,11,2,24,0,0,0,0,0,0,11,11,2,24,0,0,0,24
11/17/2013,LYH,VA,AEA,EN,Federal Contract Tower,0,10,8,0,18,0,0,0,0,0,0,10,8,0,18,0,0,0,18
11/18/2013,LYH,VA,AEA,EN,Federal Contract Tower,0,13,22,3,38,0,8,141,5,154,0,21,163,8,192,170,0,170,362
11/19/2013,LYH,VA,AEA,EN,Federal Contract Tower,0,13,31,12,56,0,3,213,2,218,0,16,244,14,274,396,4,400,674
11/20/2013,LYH,VA,AEA,EN,Federal Contract Tower,0,16,24,7,47,0,4,152,2,158,0,20,176,9,205,348,8,356,561
11/21/2013,LYH,VA,AEA,EN,Federal Contract Tower,0,19,20,0,39,0,1,101,4,106,0,20,121,4,145,404,0,404,549
11/22/2013,LYH,VA,AEA,EN,Federal Contract Tower,0,22,25,3,50,0,2,108,3,113,0,24,133,6,163,228,0,228,391
11/23/2013,LYH,VA,AEA,EN,Federal Contract Tower,0,10,17,0,27,0,2,71,0,73,0,12,88,0,100,164,0,164,264
11/24/2013,LYH,VA,AEA,EN,Federal Contract Tower,0,12,13,0,25,0,1,36,0,37,0,13,49,0,62,10,0,10,72
11/25/2013,LYH,VA,AEA,EN,Federal Contract Tower,0,17,20,1,38,0,4,150,6,160,0,21,170,7,198,232,0,232,430
11/26/2013,LYH,VA,AEA,EN,Federal Contract Tower,0,20,9,0,29,0,0,0,0,0,0,20,9,0,29,0,0,0,29
11/27/2013,LYH,VA,AEA,EN,Federal Contract Tower,0,12,2,0,14,0,3,0,0,3,0,15,2,0,17,0,0,0,17
11/28/2013,LYH,VA,AEA,EN,Federal Contract Tower,0,5,2,0,7,0,0,28,0,28,0,5,30,0,35,12,0,12,47
11/29/2013,LYH,VA,AEA,EN,Federal Contract Tower,0,12,9,0,21,0,8,64,0,72,0,20,73,0,93,40,0,40,133
11/30/2013,LYH,VA,AEA,EN,Federal Contract Tower,0,12,7,0,19,0,0,61,0,61,0,12,68,0,80,76,0,76,156
12/01/2013,LYH,VA,AEA,EN,Federal Contract Tower,2,15,22,2,41,0,6,59,2,67,2,21,81,4,108,38,2,40,148
12/02/2013,LYH,VA,AEA,EN,Federal Contract Tower,0,16,14,0,30,0,0,130,0,130,0,16,144,0,160,316,0,316,476
12/03/2013,LYH,VA,AEA,EN,Federal Contract Tower,0,15,19,2,36,0,4,177,4,185,0,19,196,6,221,402,2,404,625
12/04/2013,LYH,VA,AEA,EN,Federal Contract Tower,0,20,32,0,52,0,1,64,4,69,0,21,96,4,121,204,4,208,329
12/05/2013,LYH,VA,AEA,EN,Federal Contract Tower,0,20,47,6,73,0,0,12,0,12,0,20,59,6,85,42,0,42,127
12/06/2013,LYH,VA,AEA,EN,Federal Contract Tower,0,10,33,0,43,0,0,27,0,27,0,10,60,0,70,26,0,26,96
12/07/2013,LYH,VA,AEA,EN,Federal Contract Tower,0,9,18,0,27,0,0,15,0,15,0,9,33,0,42,24,0,24,66
12/08/2013,LYH,VA,AEA,EN,Federal Contract Tower,0,9,0,0,9,0,0,0,0,0,0,9,0,0,9,0,0,0,9
12/09/2013,LYH,VA,AEA,EN,Federal Contract Tower,0,9,6,0,15,0,0,0,0,0,0,9,6,0,15,0,0,0,15
12/10/2013,LYH,VA,AEA,EN,Federal Contract Tower,0,10,10,0,20,0,2,46,0,48,0,12,56,0,68,96,0,96,164
12/11/2013,LYH,VA,AEA,EN,Federal Contract Tower,0,21,29,3,53,0,0,170,2,172,0,21,199,5,225,312,0,312,537
12/12/2013,LYH,VA,AEA,EN,Federal Contract Tower,0,15,31,8,54,0,1,180,10,191,0,16,211,18,245,356,16,372,617
12/13/2013,LYH,VA,AEA,EN,Federal Contract Tower,0,17,39,2,58,0,6,205,4,215,0,23,244,6,273,282,0,282,555
12/14/2013,LYH,VA,AEA,EN,Federal Contract Tower,0,11,0,0,11,0,0,0,0,0,0,11,0,0,11,0,0,0,11
12/15/2013,LYH,VA,AEA,EN,Federal Contract Tower,0,15,10,0,25,0,0,61,6,67,0,15,71,6,92,70,0,70,162
12/16/2013,LYH,VA,AEA,EN,Federal Contract Tower,0,18,28,0,46,0,2,141,9,152,0,20,169,9,198,218,0,218,416
12/17/2013,LYH,VA,AEA,EN,Federal Contract Tower,0,21,23,0,44,0,4,124,4,132,0,25,147,4,176,222,0,222,398
12/18/2013,LYH,VA,AEA,EN,Federal Contract Tower,0,17,19,2,38,0,3,121,4,128,0,20,140,6,166,156,2,158,324
12/19/2013,LYH,VA,AEA,EN,Federal Contract Tower,0,18,23,2,43,0,4,141,7,152,0,22,164,9,195,178,4,182,377
12/20/2013,LYH,VA,AEA,EN,Federal Contract Tower,0,11,15,0,26,0,3,109,2,114,0,14,124,2,140,140,0,140,280
12/21/2013,LYH,VA,AEA,EN,Federal Contract Tower,0,13,16,0,29,0,4,56,4,64,0,17,72,4,93,42,0,42,135
12/22/2013,LYH,VA,AEA,EN,Federal Contract Tower,0,12,2,0,14,0,1,0,0,1,0,13,2,0,15,0,0,0,15
12/23/2013,LYH,VA,AEA,EN,Federal Contract Tower,0,10,9,9,28,0,3,17,3,23,0,13,26,12,51,8,14,22,73
12/24/2013,LYH,VA,AEA,EN,Federal Contract Tower,0,9,4,0,13,0,7,19,0,26,0,16,23,0,39,8,0,8,47
12/25/2013,LYH,VA,AEA,EN,Federal Contract Tower,0,8,1,0,9,0,8,30,0,38,0,16,31,0,47,8,0,8,55
12/26/2013,LYH,VA,AEA,EN,Federal Contract Tower,0,9,16,0,25,0,3,55,2,60,0,12,71,2,85,34,0,34,119
12/27/2013,LYH,VA,AEA,EN,Federal Contract Tower,0,10,11,16,37,0,3,90,2,95,0,13,101,18,132,94,0,94,226
12/28/2013,LYH,VA,AEA,EN,Federal Contract Tower,0,9,21,0,30,0,0,81,0,81,0,9,102,0,111,66,0,66,177
12/29/2013,LYH,VA,AEA,EN,Federal Contract Tower,0,12,4,0,16,0,0,2,0,2,0,12,6,0,18,0,0,0,18
12/30/2013,LYH,VA,AEA,EN,Federal Contract Tower,0,10,13,11,34,0,3,74,6,83,0,13,87,17,117,30,20,50,167
12/31/2013,LYH,VA,AEA,EN,Federal Contract Tower,0,10,11,0,21,0,6,39,0,45,0,16,50,0,66,48,0,48,114
01/01/2014,LYH,VA,AEA,EN,Federal Contract Tower,0,12,19,0,31,0,0,70,2,72,0,12,89,2,103,46,0,46,149
01/02/2014,LYH,VA,AEA,EN,Federal Contract Tower,0,8,10,0,18,0,0,30,0,30,0,8,40,0,48,26,0,26,74
01/03/2014,LYH,VA,AEA,EN,Federal Contract Tower,0,12,7,0,19,0,4,43,0,47,0,16,50,0,66,28,0,28,94
01/04/2014,LYH,VA,AEA,EN,Federal Contract Tower,0,13,6,0,19,0,2,77,4,83,0,15,83,4,102,92,0,92,194
01/05/2014,LYH,VA,AEA,EN,Federal Contract Tower,0,10,8,0,18,0,0,0,0,0,0,10,8,0,18,0,0,0,18
01/06/2014,LYH,VA,AEA,EN,Federal Contract Tower,0,12,2,0,14,0,2,22,0,24,0,14,24,0,38,30,0,30,68
01/07/2014,LYH,VA,AEA,EN,Federal Contract Tower,0,9,7,2,18,0,4,46,0,50,0,13,53,2,68,24,2,26,94
01/08/2014,LYH,VA,AEA,EN,Federal Contract Tower,0,16,27,4,47,0,0,138,4,142,0,16,165,8,189,184,12,196,385
01/09/2014,LYH,VA,AEA,EN,Federal Contract Tower,0,13,17,0,30,0,8,114,8,130,0,21,131,8,160,174,0,174,334
01/10/2014,LYH,VA,AEA,EN,Federal Contract Tower,0,12,1,0,13,0,0,0,0,0,0,12,1,0,13,0,0,0,13
01/11/2014,LYH,VA,AEA,EN,Federal Contract Tower,0,15,2,0,17,0,2,0,0,2,0,17,2,0,19,0,0,0,19
01/12/2014,LYH,VA,AEA,EN,Federal Contract Tower,0,12,11,2,25,0,2,54,0,56,0,14,65,2,81,38,0,38,119
01/13/2014,LYH,VA,AEA,EN,Federal Contract Tower,0,16,24,12,52,0,4,139,0,143,0,20,163,12,195,214,10,224,419
01/14/2014,LYH,VA,AEA,EN,Federal Contract Tower,0,11,21,3,35,0,2,91,0,93,0,13,112,3,128,186,0,186,314
01/15/2014,LYH,VA,AEA,EN,Federal Contract Tower,0,14,16,2,32,0,2,130,4,136,0,16,146,6,168,240,10,250,418
01/16/2014,LYH,VA,AEA,EN,Federal Contract Tower,0,16,23,9,48,0,4,180,10,194,0,20,203,19,242,328,8,336,578
01/17/2014,LYH,VA,AEA,EN,Federal Contract Tower,0,14,33,6,53,0,0,158,4,162,0,14,191,10,215,318,12,330,545
01/18/2014,LYH,VA,AEA,EN,Federal Contract Tower,0,12,19,0,31,0,8,95,2,105,0,20,114,2,136,184,0,184,320
01/19/2014,LYH,VA,AEA,EN,Federal Contract Tower,0,16,4,2,22,0,2,43,0,45,0,18,47,2,67,20,0,20,87
01/20/2014,LYH,VA,AEA,EN,Federal Contract Tower,0,18,28,0,46,0,0,170,4,174,0,18,198,4,220,300,0,300,520
01/21/2014,LYH,VA,AEA,EN,Federal Contract Tower,0,9,1,0,10,0,1,30,0,31,0,10,31,0,41,100,0,100,141
01/22/2014,LYH,VA,AEA,EN,Federal Contract Tower,0,15,22,1,38,0,1,110,5,116,0,16,132,6,154,214,0,214,368
01/23/2014,LYH,VA,AEA,EN,Federal Contract Tower,0,25,13,2,40,0,5,107,8,120,0,30,120,10,160,204,2,206,366
01/24/2014,LYH,VA,AEA,EN,Federal Contract Tower,0,11,36,4,51,0,4,165,6,175,0,15,201,10,226,312,0,312,538
01/25/2014,LYH,VA,AEA,EN,Federal Contract Tower,0,11,9,0,20,0,0,100,0,100,0,11,109,0,120,150,0,150,270
01/26/2014,LYH,VA,AEA,EN,Federal Contract Tower,0,14,6,0,20,0,4,60,4,68,0,18,66,4,88,32,2,34,122
01/27/2014,LYH,VA,AEA,EN,Federal Contract Tower,0,19,33,5,57,0,7,148,5,160,0,26,181,10,217,200,0,200,417
01/28/2014,LYH,VA,AEA,EN,Federal Contract Tower,0,8,6,2,16,0,0,56,0,56,0,8,62,2,72,156,0,156,228
01/29/2014,LYH,VA,AEA,EN,Federal Contract Tower,0,11,8,0,19,0,4,143,2,149,0,15,151,2,168,312,0,312,480
01/30/2014,LYH,VA,AEA,EN,Federal Contract Tower,0,23,17,0,40,0,3,171,4,178,0,26,188,4,218,484,2,486,704
01/31/2014,LYH,VA,AEA,EN,Federal Contract Tower,0,23,19,0,42,0,3,170,4,177,0,26,189,4,219,354,0,354,573
02/01/2014,LYH,VA,AEA,EN,Federal Contract Tower,0,10,21,8,39,0,1,148,2,151,0,11,169,10,190,242,0,242,432
02/02/2014,LYH,VA,AEA,EN,Federal Contract Tower,0,14,7,0,21,0,3,45,0,48,0,17,52,0,69,50,0,50,119
02/03/2014,LYH,VA,AEA,EN,Federal Contract Tower,0,14,7,0,21,0,0,26,0,26,0,14,33,0,47,82,0,82,129
02/04/2014,LYH,VA,AEA,EN,Federal Contract Tower,0,14,5,2,21,0,2,115,4,121,0,16,120,6,142,440,0,440,582
02/05/2014,LYH,VA,AEA,EN,Federal Contract Tower,0,16,8,0,24,0,0,36,0,36,0,16,44,0,60,56,0,56,116
02/06/2014,LYH,VA,AEA,EN,Federal Contract Tower,0,13,17,7,37,0,4,175,6,185,0,17,192,13,222,372,0,372,594
02/07/2014,LYH,VA,AEA,EN,Federal Contract Tower,0,14,38,2,54,0,2,216,10,228,0,16,254,12,282,412,0,412,694
02/08/2014,LYH,VA,AEA,EN,Federal Contract Tower,0,11,17,2,30,0,2,111,2,115,0,13,128,4,145,296,0,296,441
02/09/2014,LYH,VA,AEA,EN,Federal Contract Tower,0,10,2,0,12,0,3,35,2,40,0,13,37,2,52,50,0,50,102
02/10/2014,LYH,VA,AEA,EN,Federal Contract Tower,0,15,25,2,42,0,0,133,4,137,0,15,158,6,179,296,0,296,475
02/11/2014,LYH,VA,AEA,EN,Federal Contract Tower,0,16,25,1,42,0,3,166,4,173,0,19,191,5,215,282,0,282,497
02/12/2014,LYH,VA,AEA,EN,Federal Contract Tower,0,8,18,0,26,0,2,114,4,120,0,10,132,4,146,216,0,216,362
02/13/2014,LYH,VA,AEA,EN,Federal Contract Tower,0,0,0,0,0,0,0,0,0,0,0,0,0,0,0,0,0,0,0
02/14/2014,LYH,VA,AEA,EN,Federal Contract Tower,0,20,4,0,24,0,0,15,0,15,0,20,19,0,39,0,0,0,39
02/15/2014,LYH,VA,AEA,EN,Federal Contract Tower,0,9,6,0,15,0,3,21,0,24,0,12,27,0,39,30,0,30,69
02/16/2014,LYH,VA,AEA,EN,Federal Contract Tower,0,9,11,0,20,0,2,66,6,74,0,11,77,6,94,110,0,110,204
02/17/2014,LYH,VA,AEA,EN,Federal Contract Tower,0,19,24,6,49,0,0,149,6,155,0,19,173,12,204,320,2,322,526
02/18/2014,LYH,VA,AEA,EN,Federal Contract Tower,0,22,20,2,44,0,3,162,8,173,0,25,182,10,217,436,0,436,653
02/19/2014,LYH,VA,AEA,EN,Federal Contract Tower,0,25,24,0,49,0,2,87,4,93,0,27,111,4,142,130,0,130,272
02/20/2014,LYH,VA,AEA,EN,Federal Contract Tower,0,17,34,2,53,0,2,167,4,173,0,19,201,6,226,312,2,314,540
02/21/2014,LYH,VA,AEA,EN,Federal Contract Tower,0,10,14,1,25,0,4,65,2,71,0,14,79,3,96,146,0,146,242
02/22/2014,LYH,VA,AEA,EN,Federal Contract Tower,0,10,24,0,34,0,8,161,5,174,0,18,185,5,208,220,0,220,428
02/23/2014,LYH,VA,AEA,EN,Federal Contract Tower,0,10,8,0,18,0,1,60,2,63,0,11,68,2,81,102,4,106,187
02/24/2014,LYH,VA,AEA,EN,Federal Contract Tower,0,19,24,2,45,0,2,112,6,120,0,21,136,8,165,122,2,124,289
02/25/2014,LYH,VA,AEA,EN,Federal Contract Tower,0,14,20,0,34,0,9,181,4,194,0,23,201,4,228,338,0,338,566
02/26/2014,LYH,VA,AEA,EN,Federal Contract Tower,0,19,24,2,45,0,5,173,4,182,0,24,197,6,227,302,0,302,529
02/27/2014,LYH,VA,AEA,EN,Federal Contract Tower,0,13,13,2,28,0,7,133,8,148,0,20,146,10,176,202,12,214,390
02/28/2014,LYH,VA,AEA,EN,Federal Contract Tower,0,18,33,5,56,0,6,184,6,196,0,24,217,11,252,310,12,322,574
03/01/2014,LYH,VA,AEA,EN,Federal Contract Tower,0,14,8,0,22,0,3,145,0,148,0,17,153,0,170,282,0,282,452
03/02/2014,LYH,VA,AEA,EN,Federal Contract Tower,0,10,5,0,15,0,8,47,0,55,0,18,52,0,70,96,0,96,166
03/03/2014,LYH,VA,AEA,EN,Federal Contract Tower,0,10,0,0,10,0,2,0,0,2,0,12,0,0,12,0,0,0,12
03/04/2014,LYH,VA,AEA,EN,Federal Contract Tower,0,19,15,0,34,0,8,148,4,160,0,27,163,4,194,314,0,314,508
03/05/2014,LYH,VA,AEA,EN,Federal Contract Tower,0,17,25,2,44,0,2,190,4,196,0,19,215,6,240,386,0,386,626
03/06/2014,LYH,VA,AEA,EN,Federal Contract Tower,0,21,19,5,45,0,0,147,7,154,0,21,166,12,199,204,0,204,403
03/07/2014,LYH,VA,AEA,EN,Federal Contract Tower,0,18,12,0,30,0,0,43,0,43,0,18,55,0,73,66,0,66,139
03/08/2014,LYH,VA,AEA,EN,Federal Contract Tower,0,16,18,0,34,0,2,140,4,146,0,18,158,4,180,224,0,224,404
03/09/2014,LYH,VA,AEA,EN,Federal Contract Tower,0,12,13,0,25,0,2,75,0,77,0,14,88,0,102,68,0,68,170
03/10/2014,LYH,VA,AEA,EN,Federal Contract Tower,0,13,21,5,39,0,0,137,19,156,0,13,158,24,195,252,26,278,473
03/11/2014,LYH,VA,AEA,EN,Federal Contract Tower,0,13,13,6,32,0,3,161,6,170,0,16,174,12,202,328,8,336,538
03/12/2014,LYH,VA,AEA,EN,Federal Contract Tower,0,10,38,0,48,0,2,37,0,39,0,12,75,0,87,94,0,94,181
03/13/2014,LYH,VA,AEA,EN,Federal Contract Tower,0,16,13,0,29,0,0,29,4,33,0,16,42,4,62,4,0,4,66
03/14/2014,LYH,VA,AEA,EN,Federal Contract Tower,0,11,19,4,34,0,4,127,2,133,0,15,146,6,167,278,2,280,447
03/15/2014,LYH,VA,AEA,EN,Federal Contract Tower,0,13,5,0,18,0,3,86,0,89,0,16,91,0,107,158,0,158,265
03/16/2014,LYH,VA,AEA,EN,Federal Contract Tower,0,12,4,0,16,0,0,15,0,15,0,12,19,0,31,0,0,0,31
03/17/2014,LYH,VA,AEA,EN,Federal Contract Tower,0,4,4,0,8,0,0,0,0,0,0,4,4,0,8,0,0,0,8
03/18/2014,LYH,VA,AEA,EN,Federal Contract Tower,0,5,3,0,8,0,0,9,0,9,0,5,12,0,17,60,0,60,77
03/19/2014,LYH,VA,AEA,EN,Federal Contract Tower,0,13,31,0,44,0,0,0,0,0,0,13,31,0,44,0,0,0,44
03/20/2014,LYH,VA,AEA,EN,Federal Contract Tower,0,19,11,0,30,0,3,164,2,169,0,22,175,2,199,302,0,302,501
03/21/2014,LYH,VA,AEA,EN,Federal Contract Tower,0,16,24,0,40,0,4,191,10,205,0,20,215,10,245,422,0,422,667
03/22/2014,LYH,VA,AEA,EN,Federal Contract Tower,0,11,17,0,28,0,7,132,0,139,0,18,149,0,167,318,0,318,485
03/23/2014,LYH,VA,AEA,EN,Federal Contract Tower,0,12,3,0,15,0,0,9,0,9,0,12,12,0,24,0,0,0,24
03/24/2014,LYH,VA,AEA,EN,Federal Contract Tower,1,11,20,0,32,0,5,211,4,220,1,16,231,4,252,450,0,450,702
03/25/2014,LYH,VA,AEA,EN,Federal Contract Tower,0,9,3,0,12,0,0,1,0,1,0,9,4,0,13,0,0,0,13
03/26/2014,LYH,VA,AEA,EN,Federal Contract Tower,2,21,26,2,51,0,6,175,2,183,2,27,201,4,234,376,2,378,612
03/27/2014,LYH,VA,AEA,EN,Federal Contract Tower,0,15,28,3,46,0,0,208,6,214,0,15,236,9,260,450,0,450,710
03/28/2014,LYH,VA,AEA,EN,Federal Contract Tower,0,21,38,5,64,0,2,100,4,106,0,23,138,9,170,328,0,328,498
03/29/2014,LYH,VA,AEA,EN,Federal Contract Tower,0,0,9,0,9,0,0,0,0,0,0,0,9,0,9,0,0,0,9
03/30/2014,LYH,VA,AEA,EN,Federal Contract Tower,0,11,2,0,13,0,0,3,0,3,0,11,5,0,16,0,0,0,16
03/31/2014,LYH,VA,AEA,EN,Federal Contract Tower,0,14,18,0,32,0,0,180,0,180,0,14,198,0,212,340,0,340,552
04/01/2014,LYH,VA,AEA,EN,Federal Contract Tower,0,13,22,0,35,0,9,184,4,197,0,22,206,4,232,334,0,334,566
04/02/2014,LYH,VA,AEA,EN,Federal Contract Tower,0,20,20,4,44,0,6,212,2,220,0,26,232,6,264,458,0,458,722
04/03/2014,LYH,VA,AEA,EN,Federal Contract Tower,0,13,20,2,35,0,2,159,6,167,0,15,179,8,202,414,0,414,616
04/04/2014,LYH,VA,AEA,EN,Federal Contract Tower,0,14,25,9,48,0,0,148,6,154,0,14,173,15,202,384,32,416,618
04/05/2014,LYH,VA,AEA,EN,Federal Contract Tower,0,9,13,0,22,0,7,143,4,154,0,16,156,4,176,210,0,210,386
04/06/2014,LYH,VA,AEA,EN,Federal Contract Tower,0,8,21,4,33,0,4,74,2,80,0,12,95,6,113,120,0,120,233
04/07/2014,LYH,VA,AEA,EN,Federal Contract Tower,0,18,27,0,45,0,0,0,0,0,0,18,27,0,45,0,0,0,45
04/08/2014,LYH,VA,AEA,EN,Federal Contract Tower,0,18,30,4,52,0,0,189,4,193,0,18,219,8,245,340,6,346,591
04/09/2014,LYH,VA,AEA,EN,Federal Contract Tower,0,25,25,0,50,0,2,182,2,186,0,27,207,2,236,334,0,334,570
04/10/2014,LYH,VA,AEA,EN,Federal Contract Tower,0,19,24,4,47,0,4,192,8,204,0,23,216,12,251,342,0,342,593
04/11/2014,LYH,VA,AEA,EN,Federal Contract Tower,0,19,21,0,40,0,4,169,0,173,0,23,190,0,213,374,0,374,587
04/12/2014,LYH,VA,AEA,EN,Federal Contract Tower,0,15,19,6,40,0,4,153,0,157,0,19,172,6,197,382,0,382,579
04/13/2014,LYH,VA,AEA,EN,Federal Contract Tower,0,15,11,0,26,0,4,78,0,82,0,19,89,0,108,180,0,180,288
04/14/2014,LYH,VA,AEA,EN,Federal Contract Tower,0,15,49,0,64,0,2,91,2,95,0,17,140,2,159,224,0,224,383
04/15/2014,LYH,VA,AEA,EN,Federal Contract Tower,2,13,14,18,47,0,0,0,0,0,2,13,14,18,47,0,0,0,47
04/16/2014,LYH,VA,AEA,EN,Federal Contract Tower,0,13,25,5,43,0,4,179,4,187,0,17,204,9,230,416,0,416,646
04/17/2014,LYH,VA,AEA,EN,Federal Contract Tower,0,15,24,2,41,0,3,189,4,196,0,18,213,6,237,388,0,388,625
04/18/2014,LYH,VA,AEA,EN,Federal Contract Tower,0,17,18,4,39,0,4,137,2,143,0,21,155,6,182,390,0,390,572
04/19/2014,LYH,VA,AEA,EN,Federal Contract Tower,0,15,14,0,29,0,0,83,0,83,0,15,97,0,112,144,0,144,256
04/20/2014,LYH,VA,AEA,EN,Federal Contract Tower,0,10,12,0,22,0,3,51,0,54,0,13,63,0,76,50,0,50,126
04/21/2014,LYH,VA,AEA,EN,Federal Contract Tower,0,12,26,0,38,0,2,189,5,196,0,14,215,5,234,364,0,364,598
04/22/2014,LYH,VA,AEA,EN,Federal Contract Tower,0,17,21,0,38,0,4,158,3,165,0,21,179,3,203,350,0,350,553
04/23/2014,LYH,VA,AEA,EN,Federal Contract Tower,0,14,18,5,37,0,4,160,5,169,0,18,178,10,206,346,8,354,560
04/24/2014,LYH,VA,AEA,EN,Federal Contract Tower,0,22,27,8,57,0,5,200,5,210,0,27,227,13,267,434,10,444,711
04/25/2014,LYH,VA,AEA,EN,Federal Contract Tower,0,20,54,0,74,0,2,15,0,17,0,22,69,0,91,28,0,28,119
04/26/2014,LYH,VA,AEA,EN,Federal Contract Tower,0,14,20,0,34,0,3,142,7,152,0,17,162,7,186,212,0,212,398
04/27/2014,LYH,VA,AEA,EN,Federal Contract Tower,0,17,11,14,42,0,2,101,2,105,0,19,112,16,147,116,8,124,271
04/28/2014,LYH,VA,AEA,EN,Federal Contract Tower,0,13,20,14,47,0,0,70,4,74,0,13,90,18,121,180,24,204,325
04/29/2014,LYH,VA,AEA,EN,Federal Contract Tower,0,23,13,0,36,0,0,0,0,0,0,23,13,0,36,0,0,0,36
04/30/2014,LYH,VA,AEA,EN,Federal Contract Tower,0,16,10,0,26,0,0,0,0,0,0,16,10,0,26,0,0,0,26
05/01/2014,LYH,VA,AEA,EN,Federal Contract Tower,0,18,41,4,63,0,1,231,4,236,0,19,272,8,299,424,0,424,723
05/02/2014,LYH,VA,AEA,EN,Federal Contract Tower,0,14,45,0,59,0,2,246,0,248,0,16,291,0,307,414,0,414,721
05/03/2014,LYH,VA,AEA,EN,Federal Contract Tower,0,12,24,1,37,0,8,171,23,202,0,20,195,24,239,288,32,320,559
05/04/2014,LYH,VA,AEA,EN,Federal Contract Tower,0,10,10,1,21,0,0,42,0,42,0,10,52,1,63,4,0,4,67
05/05/2014,LYH,VA,AEA,EN,Federal Contract Tower,0,14,19,0,33,0,3,140,0,143,0,17,159,0,176,346,0,346,522
05/06/2014,LYH,VA,AEA,EN,Federal Contract Tower,0,17,40,3,60,0,3,208,7,218,0,20,248,10,278,530,0,530,808
05/07/2014,LYH,VA,AEA,EN,Federal Contract Tower,0,17,31,0,48,0,5,192,7,204,0,22,223,7,252,378,0,378,630
05/08/2014,LYH,VA,AEA,EN,Federal Contract Tower,1,13,16,0,30,0,4,170,0,174,1,17,186,0,204,272,0,272,476
05/09/2014,LYH,VA,AEA,EN,Federal Contract Tower,2,15,21,2,40,0,8,167,4,179,2,23,188,6,219,404,10,414,633
05/10/2014,LYH,VA,AEA,EN,Federal Contract Tower,0,12,10,0,22,0,3,40,0,43,0,15,50,0,65,6,0,6,71
05/11/2014,LYH,VA,AEA,EN,Federal Contract Tower,0,9,11,0,20,0,2,100,0,102,0,11,111,0,122,102,0,102,224
05/12/2014,LYH,VA,AEA,EN,Federal Contract Tower,0,16,15,0,31,0,0,137,4,141,0,16,152,4,172,214,0,214,386
05/13/2014,LYH,VA,AEA,EN,Federal Contract Tower,0,14,26,0,40,0,1,156,4,161,0,15,182,4,201,308,0,308,509
05/14/2014,LYH,VA,AEA,EN,Federal Contract Tower,0,15,30,0,45,0,0,6,0,6,0,15,36,0,51,0,0,0,51
05/15/2014,LYH,VA,AEA,EN,Federal Contract Tower,0,12,4,0,16,0,0,0,0,0,0,12,4,0,16,0,0,0,16
05/16/2014,LYH,VA,AEA,EN,Federal Contract Tower,0,16,30,8,54,0,3,155,0,158,0,19,185,8,212,284,0,284,496
05/17/2014,LYH,VA,AEA,EN,Federal Contract Tower,0,12,7,0,19,0,3,91,2,96,0,15,98,2,115,130,0,130,245
05/18/2014,LYH,VA,AEA,EN,Federal Contract Tower,0,11,10,0,21,0,2,107,0,109,0,13,117,0,130,162,0,162,292
05/19/2014,LYH,VA,AEA,EN,Federal Contract Tower,0,12,21,4,37,0,6,195,2,203,0,18,216,6,240,256,0,256,496
05/20/2014,LYH,VA,AEA,EN,Federal Contract Tower,0,17,24,3,44,0,7,181,6,194,0,24,205,9,238,154,2,156,394
05/21/2014,LYH,VA,AEA,EN,Federal Contract Tower,0,23,30,0,53,0,2,172,6,180,0,25,202,6,233,242,0,242,475
05/22/2014,LYH,VA,AEA,EN,Federal Contract Tower,0,13,17,4,34,0,3,188,2,193,0,16,205,6,227,214,2,216,443
05/23/2014,LYH,VA,AEA,EN,Federal Contract Tower,0,14,13,0,27,0,1,148,0,149,0,15,161,0,176,172,0,172,348
05/24/2014,LYH,VA,AEA,EN,Federal Contract Tower,0,10,12,0,22,0,4,164,0,168,0,14,176,0,190,68,0,68,258
05/25/2014,LYH,VA,AEA,EN,Federal Contract Tower,0,7,11,0,18,0,1,56,0,57,0,8,67,0,75,20,0,20,95
05/26/2014,LYH,VA,AEA,EN,Federal Contract Tower,0,15,19,0,34,0,4,154,0,158,0,19,173,0,192,206,0,206,398
05/27/2014,LYH,VA,AEA,EN,Federal Contract Tower,0,12,10,0,22,0,5,139,4,148,0,17,149,4,170,108,0,108,278
05/28/2014,LYH,VA,AEA,EN,Federal Contract Tower,0,21,12,0,33,0,6,134,2,142,0,27,146,2,175,250,0,250,425
05/29/2014,LYH,VA,AEA,EN,Federal Contract Tower,0,21,31,0,52,0,0,0,0,0,0,21,31,0,52,0,0,0,52
05/30/2014,LYH,VA,AEA,EN,Federal Contract Tower,0,17,41,0,58,0,4,32,0,36,0,21,73,0,94,100,0,100,194
05/31/2014,LYH,VA,AEA,EN,Federal Contract Tower,0,18,15,0,33,0,5,127,0,132,0,23,142,0,165,172,0,172,337
06/01/2014,LYH,VA,AEA,EN,Federal Contract Tower,0,12,12,0,24,0,5,87,0,92,0,17,99,0,116,148,0,148,264
06/02/2014,LYH,VA,AEA,EN,Federal Contract Tower,0,13,18,5,36,0,3,204,6,213,0,16,222,11,249,318,0,318,567
06/03/2014,LYH,VA,AEA,EN,Federal Contract Tower,0,10,28,0,38,0,7,206,6,219,0,17,234,6,257,402,0,402,659
06/04/2014,LYH,VA,AEA,EN,Federal Contract Tower,0,16,12,4,32,0,4,119,2,125,0,20,131,6,157,220,12,232,389
06/05/2014,LYH,VA,AEA,EN,Federal Contract Tower,0,15,30,4,49,0,1,124,2,127,0,16,154,6,176,214,6,220,396
06/06/2014,LYH,VA,AEA,EN,Federal Contract Tower,0,12,34,9,55,0,1,169,14,184,0,13,203,23,239,274,14,288,527
06/07/2014,LYH,VA,AEA,EN,Federal Contract Tower,0,9,18,2,29,0,4,91,2,97,0,13,109,4,126,148,0,148,274
06/08/2014,LYH,VA,AEA,EN,Federal Contract Tower,0,14,15,0,29,0,0,25,0,25,0,14,40,0,54,4,0,4,58
06/09/2014,LYH,VA,AEA,EN,Federal Contract Tower,0,11,29,4,44,0,7,121,3,131,0,18,150,7,175,218,0,218,393
06/10/2014,LYH,VA,AEA,EN,Federal Contract Tower,0,11,22,0,33,0,4,129,4,137,0,15,151,4,170,246,0,246,416
06/11/2014,LYH,VA,AEA,EN,Federal Contract Tower,0,18,23,6,47,0,2,85,4,91,0,20,108,10,138,104,0,104,242
06/12/2014,LYH,VA,AEA,EN,Federal Contract Tower,0,17,33,0,50,0,0,59,0,59,0,17,92,0,109,202,0,202,311
06/13/2014,LYH,VA,AEA,EN,Federal Contract Tower,0,12,15,5,32,0,2,131,4,137,0,14,146,9,169,214,6,220,389
06/14/2014,LYH,VA,AEA,EN,Federal Contract Tower,0,13,24,0,37,0,2,119,4,125,0,15,143,4,162,196,0,196,358
06/15/2014,LYH,VA,AEA,EN,Federal Contract Tower,0,10,10,2,22,0,0,59,8,67,0,10,69,10,89,12,0,12,101
06/16/2014,LYH,VA,AEA,EN,Federal Contract Tower,0,14,23,0,37,0,1,150,6,157,0,15,173,6,194,266,0,266,460
06/17/2014,LYH,VA,AEA,EN,Federal Contract Tower,0,20,24,3,47,0,3,186,8,197,0,23,210,11,244,200,4,204,448
06/18/2014,LYH,VA,AEA,EN,Federal Contract Tower,0,16,27,2,45,0,3,159,12,174,0,19,186,14,219,248,0,248,467
06/19/2014,LYH,VA,AEA,EN,Federal Contract Tower,0,13,16,0,29,0,4,84,0,88,0,17,100,0,117,118,0,118,235
06/20/2014,LYH,VA,AEA,EN,Federal Contract Tower,0,18,26,0,44,0,1,66,0,67,0,19,92,0,111,72,0,72,183
06/21/2014,LYH,VA,AEA,EN,Federal Contract Tower,0,11,10,0,21,0,0,20,0,20,0,11,30,0,41,0,0,0,41
06/22/2014,LYH,VA,AEA,EN,Federal Contract Tower,0,16,16,2,34,0,4,22,0,26,0,20,38,2,60,6,0,6,66
06/23/2014,LYH,VA,AEA,EN,Federal Contract Tower,0,12,26,7,45,0,1,125,6,132,0,13,151,13,177,214,14,228,405
06/24/2014,LYH,VA,AEA,EN,Federal Contract Tower,0,15,17,2,34,0,7,84,2,93,0,22,101,4,127,172,0,172,299
06/25/2014,LYH,VA,AEA,EN,Federal Contract Tower,0,14,20,0,34,0,4,81,4,89,0,18,101,4,123,106,2,108,231
06/26/2014,LYH,VA,AEA,EN,Federal Contract Tower,0,24,22,1,47,0,6,148,6,160,0,30,170,7,207,138,0,138,345
06/27/2014,LYH,VA,AEA,EN,Federal Contract Tower,0,16,22,0,38,0,3,144,8,155,0,19,166,8,193,190,0,190,383
06/28/2014,LYH,VA,AEA,EN,Federal Contract Tower,0,13,12,2,27,0,2,42,0,44,0,15,54,2,71,76,0,76,147
06/29/2014,LYH,VA,AEA,EN,Federal Contract Tower,0,8,23,0,31,0,2,77,0,79,0,10,100,0,110,90,0,90,200
06/30/2014,LYH,VA,AEA,EN,Federal Contract Tower,0,15,17,2,34,0,2,143,0,145,0,17,160,2,179,204,0,204,383
07/01/2014,LYH,VA,AEA,EN,Federal Contract Tower,0,16,17,9,42,0,3,150,2,155,0,19,167,11,197,194,6,200,397
07/02/2014,LYH,VA,AEA,EN,Federal Contract Tower,0,18,17,3,38,0,7,132,6,145,0,25,149,9,183,196,0,196,379
07/03/2014,LYH,VA,AEA,EN,Federal Contract Tower,0,15,17,2,34,0,0,52,4,56,0,15,69,6,90,50,0,50,140
07/04/2014,LYH,VA,AEA,EN,Federal Contract Tower,0,8,14,0,22,0,4,67,0,71,0,12,81,0,93,56,0,56,149
07/05/2014,LYH,VA,AEA,EN,Federal Contract Tower,0,9,14,0,23,0,0,87,0,87,0,9,101,0,110,98,0,98,208
07/06/2014,LYH,VA,AEA,EN,Federal Contract Tower,0,14,12,0,26,0,5,137,0,142,0,19,149,0,168,104,0,104,272
07/07/2014,LYH,VA,AEA,EN,Federal Contract Tower,0,15,23,0,38,0,5,160,4,169,0,20,183,4,207,242,0,242,449
07/08/2014,LYH,VA,AEA,EN,Federal Contract Tower,0,13,18,2,33,0,4,120,4,128,0,17,138,6,161,242,10,252,413
07/09/2014,LYH,VA,AEA,EN,Federal Contract Tower,0,12,9,1,22,0,0,91,6,97,0,12,100,7,119,212,0,212,331
07/10/2014,LYH,VA,AEA,EN,Federal Contract Tower,0,14,37,0,51,0,2,122,2,126,0,16,159,2,177,176,0,176,353
07/11/2014,LYH,VA,AEA,EN,Federal Contract Tower,0,11,12,0,23,0,2,159,8,169,0,13,171,8,192,396,0,396,588
07/12/2014,LYH,VA,AEA,EN,Federal Contract Tower,0,10,18,0,28,0,0,97,0,97,0,10,115,0,125,126,0,126,251
07/13/2014,LYH,VA,AEA,EN,Federal Contract Tower,0,15,6,0,21,0,1,49,2,52,0,16,55,2,73,70,2,72,145
07/14/2014,LYH,VA,AEA,EN,Federal Contract Tower,0,13,17,2,32,0,0,89,2,91,0,13,106,4,123,130,0,130,253
07/15/2014,LYH,VA,AEA,EN,Federal Contract Tower,0,16,22,5,43,0,4,108,8,120,0,20,130,13,163,124,0,124,287
07/16/2014,LYH,VA,AEA,EN,Federal Contract Tower,0,15,30,8,53,0,7,151,6,164,0,22,181,14,217,198,20,218,435
07/17/2014,LYH,VA,AEA,EN,Federal Contract Tower,0,21,27,2,50,0,9,132,2,143,0,30,159,4,193,174,0,174,367
07/18/2014,LYH,VA,AEA,EN,Federal Contract Tower,0,11,15,0,26,0,0,135,0,135,0,11,150,0,161,236,0,236,397
07/19/2014,LYH,VA,AEA,EN,Federal Contract Tower,0,11,23,0,34,0,0,74,0,74,0,11,97,0,108,82,0,82,190
07/20/2014,LYH,VA,AEA,EN,Federal Contract Tower,0,12,17,0,29,0,6,37,0,43,0,18,54,0,72,66,0,66,138
07/21/2014,LYH,VA,AEA,EN,Federal Contract Tower,0,13,20,8,41,0,0,7,0,7,0,13,27,8,48,20,0,20,68
07/22/2014,LYH,VA,AEA,EN,Federal Contract Tower,0,14,24,0,38,0,5,103,4,112,0,19,127,4,150,224,0,224,374
07/23/2014,LYH,VA,AEA,EN,Federal Contract Tower,0,18,3,1,22,0,5,116,4,125,0,23,119,5,147,122,0,122,269
07/24/2014,LYH,VA,AEA,EN,Federal Contract Tower,0,19,29,0,48,0,2,37,2,41,0,21,66,2,89,52,0,52,141
07/25/2014,LYH,VA,AEA,EN,Federal Contract Tower,0,17,30,0,47,0,4,129,0,133,0,21,159,0,180,250,0,250,430
07/26/2014,LYH,VA,AEA,EN,Federal Contract Tower,0,9,10,2,21,0,0,75,0,75,0,9,85,2,96,134,0,134,230
07/27/2014,LYH,VA,AEA,EN,Federal Contract Tower,0,12,9,0,21,0,4,15,0,19,0,16,24,0,40,0,0,0,40
07/28/2014,LYH,VA,AEA,EN,Federal Contract Tower,0,14,18,0,32,0,0,111,4,115,0,14,129,4,147,198,0,198,345
07/29/2014,LYH,VA,AEA,EN,Federal Contract Tower,0,20,17,2,39,0,4,140,15,159,0,24,157,17,198,240,0,240,438
07/30/2014,LYH,VA,AEA,EN,Federal Contract Tower,0,23,19,0,42,0,6,163,13,182,0,29,182,13,224,192,0,192,416
07/31/2014,LYH,VA,AEA,EN,Federal Contract Tower,0,15,23,7,45,0,4,121,9,134,0,19,144,16,179,162,0,162,341
08/01/2014,LYH,VA,AEA,EN,Federal Contract Tower,0,12,18,0,30,0,1,7,0,8,0,13,25,0,38,20,0,20,58
08/02/2014,LYH,VA,AEA,EN,Federal Contract Tower,0,10,19,0,29,0,2,30,0,32,0,12,49,0,61,50,0,50,111
08/03/2014,LYH,VA,AEA,EN,Federal Contract Tower,0,15,9,0,24,0,4,46,0,50,0,19,55,0,74,14,0,14,88
08/04/2014,LYH,VA,AEA,EN,Federal Contract Tower,0,14,16,9,39,0,0,100,12,112,0,14,116,21,151,100,14,114,265
08/05/2014,LYH,VA,AEA,EN,Federal Contract Tower,0,13,29,0,42,0,6,138,6,150,0,19,167,6,192,204,0,204,396
08/06/2014,LYH,VA,AEA,EN,Federal Contract Tower,0,18,23,2,43,0,6,124,4,134,0,24,147,6,177,118,0,118,295
08/07/2014,LYH,VA,AEA,EN,Federal Contract Tower,0,15,6,0,21,0,1,94,4,99,0,16,100,4,120,144,0,144,264
08/08/2014,LYH,VA,AEA,EN,Federal Contract Tower,0,11,20,8,39,0,0,68,12,80,0,11,88,20,119,130,16,146,265
08/09/2014,LYH,VA,AEA,EN,Federal Contract Tower,0,14,7,0,21,0,0,0,0,0,0,14,7,0,21,0,0,0,21
08/10/2014,LYH,VA,AEA,EN,Federal Contract Tower,0,16,13,0,29,0,0,7,0,7,0,16,20,0,36,6,0,6,42
08/11/2014,LYH,VA,AEA,EN,Federal Contract Tower,0,11,24,0,35,0,0,39,3,42,0,11,63,3,77,66,0,66,143
08/12/2014,LYH,VA,AEA,EN,Federal Contract Tower,0,16,10,2,28,0,0,19,0,19,0,16,29,2,47,26,0,26,73
08/13/2014,LYH,VA,AEA,EN,Federal Contract Tower,0,16,37,3,56,0,1,184,23,208,0,17,221,26,264,254,8,262,526
08/14/2014,LYH,VA,AEA,EN,Federal Contract Tower,0,16,14,3,33,0,0,142,2,144,0,16,156,5,177,242,0,242,419
08/15/2014,LYH,VA,AEA,EN,Federal Contract Tower,0,16,30,8,54,0,2,141,32,175,0,18,171,40,229,184,68,252,481
08/16/2014,LYH,VA,AEA,EN,Federal Contract Tower,0,9,26,0,35,0,107,0,0,107,0,116,26,0,142,186,0,186,328
08/17/2014,LYH,VA,AEA,EN,Federal Contract Tower,0,14,12,0,26,0,3,42,0,45,0,17,54,0,71,48,0,48,119
08/18/2014,LYH,VA,AEA,EN,Federal Contract Tower,0,15,28,0,43,0,0,39,0,39,0,15,67,0,82,90,0,90,172
08/19/2014,LYH,VA,AEA,EN,Federal Contract Tower,0,12,34,0,46,0,2,70,4,76,0,14,104,4,122,130,2,132,254
08/20/2014,LYH,VA,AEA,EN,Federal Contract Tower,0,16,26,2,44,0,3,70,3,76,0,19,96,5,120,140,0,140,260
08/21/2014,LYH,VA,AEA,EN,Federal Contract Tower,0,17,11,0,28,0,1,79,4,84,0,18,90,4,112,176,0,176,288
08/22/2014,LYH,VA,AEA,EN,Federal Contract Tower,0,11,32,1,44,0,3,125,4,132,0,14,157,5,176,228,0,228,404
08/23/2014,LYH,VA,AEA,EN,Federal Contract Tower,0,10,18,8,36,0,0,0,0,0,0,10,18,8,36,0,0,0,36
08/24/2014,LYH,VA,AEA,EN,Federal Contract Tower,0,8,15,0,23,0,4,9,0,13,0,12,24,0,36,0,0,0,36
08/25/2014,LYH,VA,AEA,EN,Federal Contract Tower,0,20,33,0,53,0,4,202,4,210,0,24,235,4,263,282,0,282,545
08/26/2014,LYH,VA,AEA,EN,Federal Contract Tower,0,21,36,1,58,0,4,210,3,217,0,25,246,4,275,274,0,274,549
08/27/2014,LYH,VA,AEA,EN,Federal Contract Tower,0,19,25,2,46,0,1,225,6,232,0,20,250,8,278,296,4,300,578
08/28/2014,LYH,VA,AEA,EN,Federal Contract Tower,0,13,30,0,43,0,5,180,8,193,0,18,210,8,236,296,10,306,542
08/29/2014,LYH,VA,AEA,EN,Federal Contract Tower,0,18,39,0,57,0,1,188,4,193,0,19,227,4,250,276,0,276,526
08/30/2014,LYH,VA,AEA,EN,Federal Contract Tower,0,8,35,0,43,0,1,42,0,43,0,9,77,0,86,98,0,98,184
08/31/2014,LYH,VA,AEA,EN,Federal Contract Tower,0,8,10,0,18,0,4,36,1,41,0,12,46,1,59,4,4,8,67
09/01/2014,LYH,VA,AEA,EN,Federal Contract Tower,0,11,25,1,37,0,4,203,0,207,0,15,228,1,244,294,6,300,544
09/02/2014,LYH,VA,AEA,EN,Federal Contract Tower,0,14,17,2,33,0,4,187,3,194,0,18,204,5,227,294,0,294,521
09/03/2014,LYH,VA,AEA,EN,Federal Contract Tower,0,17,41,2,60,0,2,235,4,241,0,19,276,6,301,342,0,342,643
09/04/2014,LYH,VA,AEA,EN,Federal Contract Tower,0,17,53,0,70,0,0,49,4,53,0,17,102,4,123,128,0,128,251
09/05/2014,LYH,VA,AEA,EN,Federal Contract Tower,0,21,38,7,66,0,4,164,2,170,0,25,202,9,236,206,10,216,452
09/06/2014,LYH,VA,AEA,EN,Federal Contract Tower,0,10,12,2,24,0,4,119,0,123,0,14,131,2,147,112,0,112,259
09/07/2014,LYH,VA,AEA,EN,Federal Contract Tower,0,9,4,2,15,0,2,43,2,47,0,11,47,4,62,34,12,46,108
09/08/2014,LYH,VA,AEA,EN,Federal Contract Tower,0,19,59,4,82,0,0,73,0,73,0,19,132,4,155,150,0,150,305
09/09/2014,LYH,VA,AEA,EN,Federal Contract Tower,0,21,83,1,105,0,3,67,1,71,0,24,150,2,176,180,0,180,356
09/10/2014,LYH,VA,AEA,EN,Federal Contract Tower,0,21,57,6,84,0,2,169,6,177,0,23,226,12,261,310,30,340,601
09/11/2014,LYH,VA,AEA,EN,Federal Contract Tower,0,16,17,4,37,0,3,184,4,191,0,19,201,8,228,196,40,236,464
09/12/2014,LYH,VA,AEA,EN,Federal Contract Tower,0,18,69,2,89,0,2,125,4,131,0,20,194,6,220,208,2,210,430
09/13/2014,LYH,VA,AEA,EN,Federal Contract Tower,0,10,16,0,26,0,0,10,0,10,0,10,26,0,36,6,0,6,42
09/14/2014,LYH,VA,AEA,EN,Federal Contract Tower,0,9,20,0,29,0,2,52,0,54,0,11,72,0,83,100,0,100,183
09/15/2014,LYH,VA,AEA,EN,Federal Contract Tower,0,13,29,0,42,0,2,200,4,206,0,15,229,4,248,360,0,360,608
09/16/2014,LYH,VA,AEA,EN,Federal Contract Tower,0,17,18,1,36,0,3,224,4,231,0,20,242,5,267,206,0,206,473
09/17/2014,LYH,VA,AEA,EN,Federal Contract Tower,0,15,24,1,40,0,4,236,4,244,0,19,260,5,284,300,0,300,584
09/18/2014,LYH,VA,AEA,EN,Federal Contract Tower,0,19,52,0,71,0,2,228,4,234,0,21,280,4,305,242,0,242,547
09/19/2014,LYH,VA,AEA,EN,Federal Contract Tower,0,21,76,4,101,0,2,67,2,71,0,23,143,6,172,64,8,72,244
09/20/2014,LYH,VA,AEA,EN,Federal Contract Tower,0,12,25,0,37,0,3,187,2,192,0,15,212,2,229,202,0,202,431
09/21/2014,LYH,VA,AEA,EN,Federal Contract Tower,0,12,5,0,17,0,1,49,0,50,0,13,54,0,67,16,0,16,83
09/22/2014,LYH,VA,AEA,EN,Federal Contract Tower,0,20,33,0,53,0,1,225,0,226,0,21,258,0,279,188,0,188,467
09/23/2014,LYH,VA,AEA,EN,Federal Contract Tower,0,20,32,3,55,0,3,195,6,204,0,23,227,9,259,156,0,156,415
09/24/2014,LYH,VA,AEA,EN,Federal Contract Tower,0,17,37,6,60,0,0,65,2,67,0,17,102,8,127,68,0,68,195
09/25/2014,LYH,VA,AEA,EN,Federal Contract Tower,0,18,58,0,76,0,2,98,2,102,0,20,156,2,178,70,0,70,248
09/26/2014,LYH,VA,AEA,EN,Federal Contract Tower,2,15,63,9,89,0,0,174,2,176,2,15,237,11,265,114,10,124,389
09/27/2014,LYH,VA,AEA,EN,Federal Contract Tower,1,11,29,1,42,0,1,183,5,189,1,12,212,6,231,128,2,130,361
09/28/2014,LYH,VA,AEA,EN,Federal Contract Tower,0,13,11,0,24,0,6,59,4,69,0,19,70,4,93,20,0,20,113
09/29/2014,LYH,VA,AEA,EN,Federal Contract Tower,0,13,25,0,38,0,0,196,4,200,0,13,221,4,238,126,0,126,364
09/30/2014,LYH,VA,AEA,EN,Federal Contract Tower,0,15,33,0,48,0,3,178,3,184,0,18,211,3,232,162,0,162,394
10/01/2014,LYH,VA,AEA,EN,Federal Contract Tower,0,16,51,0,67,0,2,125,3,130,0,18,176,3,197,152,0,152,349
10/02/2014,LYH,VA,AEA,EN,Federal Contract Tower,0,18,47,0,65,0,8,118,2,128,0,26,165,2,193,124,2,126,319
10/03/2014,LYH,VA,AEA,EN,Federal Contract Tower,0,12,17,0,29,0,2,64,0,66,0,14,81,0,95,56,0,56,151
10/04/2014,LYH,VA,AEA,EN,Federal Contract Tower,0,14,17,0,31,0,5,108,5,118,0,19,125,5,149,128,0,128,277
10/05/2014,LYH,VA,AEA,EN,Federal Contract Tower,0,15,12,0,27,0,4,98,0,102,0,19,110,0,129,104,0,104,233
10/06/2014,LYH,VA,AEA,EN,Federal Contract Tower,0,17,34,0,51,0,0,201,4,205,0,17,235,4,256,230,0,230,486
10/07/2014,LYH,VA,AEA,EN,Federal Contract Tower,0,17,21,2,40,0,1,136,4,141,0,18,157,6,181,170,0,170,351
10/08/2014,LYH,VA,AEA,EN,Federal Contract Tower,0,23,28,4,55,0,2,246,3,251,0,25,274,7,306,230,0,230,536
10/09/2014,LYH,VA,AEA,EN,Federal Contract Tower,0,11,33,2,46,0,3,177,2,182,0,14,210,4,228,232,0,232,460
10/10/2014,LYH,VA,AEA,EN,Federal Contract Tower,0,11,11,2,24,0,0,67,0,67,0,11,78,2,91,136,0,136,227
10/11/2014,LYH,VA,AEA,EN,Federal Contract Tower,0,10,5,0,15,0,0,0,0,0,0,10,5,0,15,0,0,0,15
10/12/2014,LYH,VA,AEA,EN,Federal Contract Tower,0,18,17,0,35,0,0,0,0,0,0,18,17,0,35,0,0,0,35
10/13/2014,LYH,VA,AEA,EN,Federal Contract Tower,0,17,16,2,35,0,0,0,0,0,0,17,16,2,35,0,0,0,35
10/14/2014,LYH,VA,AEA,EN,Federal Contract Tower,0,16,17,0,33,0,2,2,0,4,0,18,19,0,37,14,0,14,51
10/15/2014,LYH,VA,AEA,EN,Federal Contract Tower,0,18,50,0,68,0,0,67,0,67,0,18,117,0,135,182,0,182,317
10/16/2014,LYH,VA,AEA,EN,Federal Contract Tower,0,17,39,0,56,0,0,236,0,236,0,17,275,0,292,342,0,342,634
10/17/2014,LYH,VA,AEA,EN,Federal Contract Tower,0,11,33,14,58,0,4,231,4,239,0,15,264,18,297,386,0,386,683
10/18/2014,LYH,VA,AEA,EN,Federal Contract Tower,0,10,22,1,33,0,1,109,0,110,0,11,131,1,143,144,0,144,287
10/19/2014,LYH,VA,AEA,EN,Federal Contract Tower,0,12,17,0,29,0,4,54,4,62,0,16,71,4,91,50,0,50,141
10/20/2014,LYH,VA,AEA,EN,Federal Contract Tower,0,14,46,2,62,0,7,215,10,232,0,21,261,12,294,416,6,422,716
10/21/2014,LYH,VA,AEA,EN,Federal Contract Tower,0,13,26,0,39,0,2,205,3,210,0,15,231,3,249,366,0,366,615
10/22/2014,LYH,VA,AEA,EN,Federal Contract Tower,0,14,26,11,51,0,4,129,4,137,0,18,155,15,188,136,12,148,336
10/23/2014,LYH,VA,AEA,EN,Federal Contract Tower,0,14,26,0,40,0,3,172,2,177,0,17,198,2,217,226,0,226,443
10/24/2014,LYH,VA,AEA,EN,Federal Contract Tower,0,11,41,2,54,0,4,221,4,229,0,15,262,6,283,422,2,424,707
10/25/2014,LYH,VA,AEA,EN,Federal Contract Tower,0,13,17,0,30,0,6,125,0,131,0,19,142,0,161,244,0,244,405
10/26/2014,LYH,VA,AEA,EN,Federal Contract Tower,0,10,14,6,30,0,2,80,0,82,0,12,94,6,112,104,0,104,216
10/27/2014,LYH,VA,AEA,EN,Federal Contract Tower,0,13,24,2,39,0,0,181,5,186,0,13,205,7,225,248,16,264,489
10/28/2014,LYH,VA,AEA,EN,Federal Contract Tower,0,12,31,2,45,0,6,196,6,208,0,18,227,8,253,302,2,304,557
10/29/2014,LYH,VA,AEA,EN,Federal Contract Tower,0,10,29,7,46,0,4,158,50,212,0,14,187,57,258,248,38,286,544
10/30/2014,LYH,VA,AEA,EN,Federal Contract Tower,0,17,27,0,44,0,0,202,4,206,0,17,229,4,250,408,0,408,658
10/31/2014,LYH,VA,AEA,EN,Federal Contract Tower,0,13,38,4,55,0,0,145,0,145,0,13,183,4,200,260,0,260,460
11/01/2014,LYH,VA,AEA,EN,Federal Contract Tower,0,12,15,0,27,0,0,30,0,30,0,12,45,0,57,32,0,32,89
11/02/2014,LYH,VA,AEA,EN,Federal Contract Tower,0,13,14,1,28,0,0,30,3,33,0,13,44,4,61,26,0,26,87
11/03/2014,LYH,VA,AEA,EN,Federal Contract Tower,0,14,39,0,53,0,3,189,0,192,0,17,228,0,245,316,0,316,561
11/04/2014,LYH,VA,AEA,EN,Federal Contract Tower,0,14,31,0,45,0,12,189,5,206,0,26,220,5,251,326,0,326,577
11/05/2014,LYH,VA,AEA,EN,Federal Contract Tower,0,21,36,2,59,0,4,158,2,164,0,25,194,4,223,280,2,282,505
11/06/2014,LYH,VA,AEA,EN,Federal Contract Tower,0,23,11,0,34,0,0,92,2,94,0,23,103,2,128,150,0,150,278
11/07/2014,LYH,VA,AEA,EN,Federal Contract Tower,0,19,28,0,47,0,3,82,0,85,0,22,110,0,132,82,0,82,214
11/08/2014,LYH,VA,AEA,EN,Federal Contract Tower,0,17,30,0,47,0,7,160,17,184,0,24,190,17,231,162,0,162,393
11/09/2014,LYH,VA,AEA,EN,Federal Contract Tower,0,9,18,5,32,0,6,52,5,63,0,15,70,10,95,44,6,50,145
11/10/2014,LYH,VA,AEA,EN,Federal Contract Tower,0,20,42,1,63,0,3,200,2,205,0,23,242,3,268,286,0,286,554
11/11/2014,LYH,VA,AEA,EN,Federal Contract Tower,0,13,23,2,38,0,0,162,4,166,0,13,185,6,204,232,0,232,436
11/12/2014,LYH,VA,AEA,EN,Federal Contract Tower,0,17,38,4,59,0,3,192,6,201,0,20,230,10,260,260,0,260,520
11/13/2014,LYH,VA,AEA,EN,Federal Contract Tower,0,18,30,2,50,0,0,177,4,181,0,18,207,6,231,422,0,422,653
11/14/2014,LYH,VA,AEA,EN,Federal Contract Tower,0,22,32,0,54,0,2,183,4,189,0,24,215,4,243,300,0,300,543
11/15/2014,LYH,VA,AEA,EN,Federal Contract Tower,0,12,17,0,29,0,0,159,6,165,0,12,176,6,194,336,0,336,530
11/16/2014,LYH,VA,AEA,EN,Federal Contract Tower,0,18,5,0,23,0,2,39,0,41,0,20,44,0,64,54,0,54,118
11/17/2014,LYH,VA,AEA,EN,Federal Contract Tower,0,20,5,0,25,0,0,1,0,1,0,20,6,0,26,0,0,0,26
11/18/2014,LYH,VA,AEA,EN,Federal Contract Tower,0,17,18,0,35,0,4,89,2,95,0,21,107,2,130,136,0,136,266
11/19/2014,LYH,VA,AEA,EN,Federal Contract Tower,0,16,39,0,55,0,2,183,4,189,0,18,222,4,244,314,0,314,558
11/20/2014,LYH,VA,AEA,EN,Federal Contract Tower,0,11,25,2,38,0,5,132,6,143,0,16,157,8,181,122,0,122,303
11/21/2014,LYH,VA,AEA,EN,Federal Contract Tower,2,15,30,0,47,0,3,159,4,166,2,18,189,4,213,206,0,206,419
11/23/2014,LYH,VA,AEA,EN,Federal Contract Tower,0,9,18,0,27,0,1,25,0,26,0,10,43,0,53,10,0,10,63
11/24/2014,LYH,VA,AEA,EN,Federal Contract Tower,0,12,13,0,25,0,4,29,0,33,0,16,42,0,58,26,0,26,84
11/25/2014,LYH,VA,AEA,EN,Federal Contract Tower,0,13,18,2,33,0,0,104,2,106,0,13,122,4,139,166,0,166,305
11/26/2014,LYH,VA,AEA,EN,Federal Contract Tower,0,10,3,0,13,0,0,0,0,0,0,10,3,0,13,0,0,0,13
11/27/2014,LYH,VA,AEA,EN,Federal Contract Tower,0,5,3,0,8,0,1,1,0,2,0,6,4,0,10,0,0,0,10
11/28/2014,LYH,VA,AEA,EN,Federal Contract Tower,0,12,4,0,16,0,2,56,2,60,0,14,60,2,76,100,0,100,176
11/29/2014,LYH,VA,AEA,EN,Federal Contract Tower,0,14,7,0,21,0,3,67,4,74,0,17,74,4,95,48,0,48,143
11/30/2014,LYH,VA,AEA,EN,Federal Contract Tower,0,13,9,0,22,0,2,38,0,40,0,15,47,0,62,26,0,26,88
12/01/2014,LYH,VA,AEA,EN,Federal Contract Tower,0,17,46,0,63,0,1,162,4,167,0,18,208,4,230,202,0,202,432
12/02/2014,LYH,VA,AEA,EN,Federal Contract Tower,0,17,8,0,25,0,0,0,0,0,0,17,8,0,25,0,0,0,25
12/03/2014,LYH,VA,AEA,EN,Federal Contract Tower,0,16,36,4,56,0,5,75,0,80,0,21,111,4,136,82,0,82,218
12/04/2014,LYH,VA,AEA,EN,Federal Contract Tower,0,22,33,9,64,0,2,158,10,170,0,24,191,19,234,266,0,266,500
12/05/2014,LYH,VA,AEA,EN,Federal Contract Tower,0,16,6,4,26,0,0,5,0,5,0,16,11,4,31,12,2,14,45
12/06/2014,LYH,VA,AEA,EN,Federal Contract Tower,0,14,4,0,18,0,0,1,0,1,0,14,5,0,19,0,0,0,19
12/07/2014,LYH,VA,AEA,EN,Federal Contract Tower,0,13,30,0,43,0,6,64,0,70,0,19,94,0,113,114,0,114,227
12/08/2014,LYH,VA,AEA,EN,Federal Contract Tower,0,14,12,0,26,0,2,89,2,93,0,16,101,2,119,220,0,220,339
12/09/2014,LYH,VA,AEA,EN,Federal Contract Tower,0,14,26,6,46,0,5,115,5,125,0,19,141,11,171,296,38,334,505
12/10/2014,LYH,VA,AEA,EN,Federal Contract Tower,0,15,10,0,25,0,2,115,0,117,0,17,125,0,142,90,0,90,232
12/11/2014,LYH,VA,AEA,EN,Federal Contract Tower,0,13,15,0,28,0,0,153,2,155,0,13,168,2,183,160,0,160,343
12/12/2014,LYH,VA,AEA,EN,Federal Contract Tower,0,16,17,12,45,0,3,99,4,106,0,19,116,16,151,174,22,196,347
12/13/2014,LYH,VA,AEA,EN,Federal Contract Tower,0,10,34,2,46,0,2,89,2,93,0,12,123,4,139,184,0,184,323
12/14/2014,LYH,VA,AEA,EN,Federal Contract Tower,0,8,21,0,29,0,0,46,0,46,0,8,67,0,75,20,0,20,95
12/15/2014,LYH,VA,AEA,EN,Federal Contract Tower,0,12,16,6,34,0,3,138,4,145,0,15,154,10,179,246,8,254,433
12/16/2014,LYH,VA,AEA,EN,Federal Contract Tower,1,9,19,2,31,0,0,0,0,0,1,9,19,2,31,0,0,0,31
12/17/2014,LYH,VA,AEA,EN,Federal Contract Tower,0,17,14,1,32,0,5,93,1,99,0,22,107,2,131,158,0,158,289
12/18/2014,LYH,VA,AEA,EN,Federal Contract Tower,0,14,15,2,31,0,4,98,4,106,0,18,113,6,137,286,0,286,423
12/19/2014,LYH,VA,AEA,EN,Federal Contract Tower,1,16,7,2,26,0,2,75,2,79,1,18,82,4,105,144,0,144,249
12/20/2014,LYH,VA,AEA,EN,Federal Contract Tower,0,13,3,0,16,0,3,22,0,25,0,16,25,0,41,24,0,24,65
12/21/2014,LYH,VA,AEA,EN,Federal Contract Tower,0,8,9,0,17,0,2,32,2,36,0,10,41,2,53,18,0,18,71
12/22/2014,LYH,VA,AEA,EN,Federal Contract Tower,0,14,1,2,17,0,0,0,0,0,0,14,1,2,17,0,0,0,17
12/23/2014,LYH,VA,AEA,EN,Federal Contract Tower,0,8,3,0,11,0,0,0,0,0,0,8,3,0,11,0,0,0,11
12/24/2014,LYH,VA,AEA,EN,Federal Contract Tower,0,7,0,0,7,0,0,0,0,0,0,7,0,0,7,0,0,0,7
12/25/2014,LYH,VA,AEA,EN,Federal Contract Tower,0,15,3,0,18,0,0,6,0,6,0,15,9,0,24,0,0,0,24
12/26/2014,LYH,VA,AEA,EN,Federal Contract Tower,0,12,4,0,16,0,3,28,2,33,0,15,32,2,49,50,0,50,99
12/27/2014,LYH,VA,AEA,EN,Federal Contract Tower,0,11,8,0,19,0,8,35,0,43,0,19,43,0,62,10,0,10,72
12/28/2014,LYH,VA,AEA,EN,Federal Contract Tower,0,10,3,0,13,0,0,8,0,8,0,10,11,0,21,0,0,0,21
12/29/2014,LYH,VA,AEA,EN,Federal Contract Tower,0,14,4,0,18,0,0,0,0,0,0,14,4,0,18,0,0,0,18
12/30/2014,LYH,VA,AEA,EN,Federal Contract Tower,0,15,5,0,20,0,0,50,4,54,0,15,55,4,74,48,0,48,122
12/31/2014,LYH,VA,AEA,EN,Federal Contract Tower,0,11,8,1,20,0,1,73,1,75,0,12,81,2,95,82,0,82,177
01/01/2015,LYH,VA,AEA,EN,Federal Contract Tower,0,12,6,0,18,0,4,14,2,20,0,16,20,2,38,0,0,0,38
01/02/2015,LYH,VA,AEA,EN,Federal Contract Tower,0,12,14,1,27,0,2,55,2,59,0,14,69,3,86,58,0,58,144
01/03/2015,LYH,VA,AEA,EN,Federal Contract Tower,0,14,2,0,16,0,0,0,0,0,0,14,2,0,16,0,0,0,16
01/04/2015,LYH,VA,AEA,EN,Federal Contract Tower,0,10,5,0,15,0,0,0,0,0,0,10,5,0,15,0,0,0,15
01/05/2015,LYH,VA,AEA,EN,Federal Contract Tower,0,12,14,6,32,0,4,63,2,69,0,16,77,8,101,56,4,60,161
01/06/2015,LYH,VA,AEA,EN,Federal Contract Tower,0,10,12,0,22,0,1,74,1,76,0,11,86,1,98,84,0,84,182
01/07/2015,LYH,VA,AEA,EN,Federal Contract Tower,0,12,4,0,16,0,2,8,0,10,0,14,12,0,26,0,0,0,26
01/08/2015,LYH,VA,AEA,EN,Federal Contract Tower,0,12,14,0,26,0,0,60,2,62,0,12,74,2,88,42,0,42,130
01/09/2015,LYH,VA,AEA,EN,Federal Contract Tower,0,13,16,4,33,0,6,76,4,86,0,19,92,8,119,78,0,78,197
01/10/2015,LYH,VA,AEA,EN,Federal Contract Tower,0,10,13,3,26,0,1,96,4,101,0,11,109,7,127,140,4,144,271
01/11/2015,LYH,VA,AEA,EN,Federal Contract Tower,0,8,6,0,14,0,8,48,0,56,0,16,54,0,70,98,0,98,168
01/12/2015,LYH,VA,AEA,EN,Federal Contract Tower,0,10,2,0,12,0,0,0,0,0,0,10,2,0,12,0,0,0,12
01/13/2015,LYH,VA,AEA,EN,Federal Contract Tower,0,12,9,0,21,0,0,41,0,41,0,12,50,0,62,98,0,98,160
01/14/2015,LYH,VA,AEA,EN,Federal Contract Tower,0,12,8,2,22,0,0,0,0,0,0,12,8,2,22,0,0,0,22
01/15/2015,LYH,VA,AEA,EN,Federal Contract Tower,0,13,32,0,45,0,2,121,2,125,0,15,153,2,170,198,2,200,370
01/16/2015,LYH,VA,AEA,EN,Federal Contract Tower,0,10,37,0,47,0,1,163,4,168,0,11,200,4,215,228,0,228,443
01/17/2015,LYH,VA,AEA,EN,Federal Contract Tower,0,11,42,0,53,0,2,154,0,156,0,13,196,0,209,262,0,262,471
01/18/2015,LYH,VA,AEA,EN,Federal Contract Tower,0,11,2,0,13,0,1,26,0,27,0,12,28,0,40,64,0,64,104
01/19/2015,LYH,VA,AEA,EN,Federal Contract Tower,0,12,37,0,49,0,4,229,14,247,0,16,266,14,296,342,0,342,638
01/20/2015,LYH,VA,AEA,EN,Federal Contract Tower,0,11,43,8,62,0,3,184,6,193,0,14,227,14,255,264,14,278,533
01/21/2015,LYH,VA,AEA,EN,Federal Contract Tower,0,17,21,0,38,0,2,159,4,165,0,19,180,4,203,302,0,302,505
01/22/2015,LYH,VA,AEA,EN,Federal Contract Tower,0,13,43,0,56,0,5,186,6,197,0,18,229,6,253,350,0,350,603
01/23/2015,LYH,VA,AEA,EN,Federal Contract Tower,0,15,12,1,28,0,0,63,2,65,0,15,75,3,93,96,0,96,189
01/24/2015,LYH,VA,AEA,EN,Federal Contract Tower,0,9,3,0,12,0,0,12,6,18,0,9,15,6,30,4,0,4,34
01/25/2015,LYH,VA,AEA,EN,Federal Contract Tower,0,14,9,0,23,0,0,59,1,60,0,14,68,1,83,42,0,42,125
01/26/2015,LYH,VA,AEA,EN,Federal Contract Tower,0,9,1,2,12,0,0,0,0,0,0,9,1,2,12,0,0,0,12
01/27/2015,LYH,VA,AEA,EN,Federal Contract Tower,0,13,35,0,48,0,3,181,4,188,0,16,216,4,236,224,0,224,460
01/28/2015,LYH,VA,AEA,EN,Federal Contract Tower,2,12,37,0,51,0,10,192,8,210,2,22,229,8,261,296,0,296,557
01/29/2015,LYH,VA,AEA,EN,Federal Contract Tower,0,14,16,1,31,0,0,164,3,167,0,14,180,4,198,244,2,246,444
01/30/2015,LYH,VA,AEA,EN,Federal Contract Tower,0,13,5,2,20,0,1,22,0,23,0,14,27,2,43,0,0,0,43
01/31/2015,LYH,VA,AEA,EN,Federal Contract Tower,0,11,35,0,46,0,1,164,4,169,0,12,199,4,215,204,2,206,421
02/01/2015,LYH,VA,AEA,EN,Federal Contract Tower,0,5,3,0,8,0,0,12,0,12,0,5,15,0,20,0,0,0,20
02/02/2015,LYH,VA,AEA,EN,Federal Contract Tower,0,13,4,7,24,0,1,14,2,17,0,14,18,9,41,30,6,36,77
02/03/2015,LYH,VA,AEA,EN,Federal Contract Tower,0,12,31,2,45,0,7,228,4,239,0,19,259,6,284,358,2,360,644
02/04/2015,LYH,VA,AEA,EN,Federal Contract Tower,0,17,22,0,39,0,0,206,4,210,0,17,228,4,249,248,0,248,497
02/05/2015,LYH,VA,AEA,EN,Federal Contract Tower,0,18,7,3,28,0,2,8,0,10,0,20,15,3,38,0,0,0,38
02/06/2015,LYH,VA,AEA,EN,Federal Contract Tower,0,17,28,0,45,0,0,182,4,186,0,17,210,4,231,262,0,262,493
02/07/2015,LYH,VA,AEA,EN,Federal Contract Tower,0,14,29,4,47,0,3,127,4,134,0,17,156,8,181,140,4,144,325
02/08/2015,LYH,VA,AEA,EN,Federal Contract Tower,0,12,11,0,23,0,5,20,0,25,0,17,31,0,48,0,0,0,48
02/09/2015,LYH,VA,AEA,EN,Federal Contract Tower,0,12,20,0,32,0,2,111,2,115,0,14,131,2,147,164,0,164,311
02/10/2015,LYH,VA,AEA,EN,Federal Contract Tower,0,15,11,0,26,0,1,73,4,78,0,16,84,4,104,178,0,178,282
02/11/2015,LYH,VA,AEA,EN,Federal Contract Tower,0,16,38,0,54,0,4,242,4,250,0,20,280,4,304,286,0,286,590
02/12/2015,LYH,VA,AEA,EN,Federal Contract Tower,0,12,11,0,23,0,4,108,2,114,0,16,119,2,137,96,0,96,233
02/13/2015,LYH,VA,AEA,EN,Federal Contract Tower,0,15,31,3,49,0,0,223,8,231,0,15,254,11,280,232,0,232,512
02/14/2015,LYH,VA,AEA,EN,Federal Contract Tower,0,9,7,0,16,0,2,33,0,35,0,11,40,0,51,18,0,18,69
02/15/2015,LYH,VA,AEA,EN,Federal Contract Tower,0,11,4,0,15,0,0,2,0,2,0,11,6,0,17,0,0,0,17
02/16/2015,LYH,VA,AEA,EN,Federal Contract Tower,0,8,3,0,11,0,0,0,0,0,0,8,3,0,11,0,0,0,11
02/17/2015,LYH,VA,AEA,EN,Federal Contract Tower,0,3,8,0,11,0,6,5,0,11,0,9,13,0,22,2,0,2,24
02/18/2015,LYH,VA,AEA,EN,Federal Contract Tower,0,17,1,0,18,0,2,8,17,27,0,19,9,17,45,28,0,28,73
02/19/2015,LYH,VA,AEA,EN,Federal Contract Tower,0,18,7,2,27,0,1,57,0,58,0,19,64,2,85,56,0,56,141
02/20/2015,LYH,VA,AEA,EN,Federal Contract Tower,0,17,19,0,36,0,0,142,2,144,0,17,161,2,180,226,0,226,406
02/21/2015,LYH,VA,AEA,EN,Federal Contract Tower,0,4,0,0,4,0,0,0,0,0,0,4,0,0,4,0,0,0,4
02/22/2015,LYH,VA,AEA,EN,Federal Contract Tower,0,11,3,0,14,0,3,4,0,7,0,14,7,0,21,0,0,0,21
02/23/2015,LYH,VA,AEA,EN,Federal Contract Tower,0,11,18,0,29,0,2,138,2,142,0,13,156,2,171,286,0,286,457
02/24/2015,LYH,VA,AEA,EN,Federal Contract Tower,0,13,22,0,35,0,1,165,3,169,0,14,187,3,204,244,0,244,448
02/25/2015,LYH,VA,AEA,EN,Federal Contract Tower,0,12,21,2,35,0,0,165,6,171,0,12,186,8,206,278,0,278,484
02/26/2015,LYH,VA,AEA,EN,Federal Contract Tower,0,13,0,0,13,0,0,0,0,0,0,13,0,0,13,0,0,0,13
02/27/2015,LYH,VA,AEA,EN,Federal Contract Tower,0,13,36,3,52,0,225,2,0,227,0,238,38,3,279,340,0,340,619
02/28/2015,LYH,VA,AEA,EN,Federal Contract Tower,0,10,8,0,18,0,2,115,0,117,0,12,123,0,135,272,0,272,407
03/01/2015,LYH,VA,AEA,EN,Federal Contract Tower,0,10,4,0,14,0,0,0,0,0,0,10,4,0,14,0,0,0,14
03/02/2015,LYH,VA,AEA,EN,Federal Contract Tower,0,17,31,6,54,0,0,113,0,113,0,17,144,6,167,172,2,174,341
03/03/2015,LYH,VA,AEA,EN,Federal Contract Tower,0,18,8,0,26,0,0,2,0,2,0,18,10,0,28,30,0,30,58
03/04/2015,LYH,VA,AEA,EN,Federal Contract Tower,0,17,31,2,50,0,2,45,0,47,0,19,76,2,97,58,0,58,155
03/05/2015,LYH,VA,AEA,EN,Federal Contract Tower,0,13,0,0,13,0,0,0,0,0,0,13,0,0,13,0,0,0,13
03/06/2015,LYH,VA,AEA,EN,Federal Contract Tower,0,15,27,2,44,0,2,142,0,144,0,17,169,2,188,198,0,198,386
03/07/2015,LYH,VA,AEA,EN,Federal Contract Tower,0,10,14,2,26,0,0,118,1,119,0,10,132,3,145,172,0,172,317
03/08/2015,LYH,VA,AEA,EN,Federal Contract Tower,0,9,5,0,14,0,2,34,0,36,0,11,39,0,50,8,0,8,58
03/09/2015,LYH,VA,AEA,EN,Federal Contract Tower,0,12,19,1,32,0,2,152,2,156,0,14,171,3,188,134,0,134,322
03/10/2015,LYH,VA,AEA,EN,Federal Contract Tower,0,13,20,0,33,0,0,52,0,52,0,13,72,0,85,130,0,130,215
03/11/2015,LYH,VA,AEA,EN,Federal Contract Tower,0,18,25,0,43,0,4,53,2,59,0,22,78,2,102,192,0,192,294
03/12/2015,LYH,VA,AEA,EN,Federal Contract Tower,0,10,33,2,45,0,8,166,3,177,0,18,199,5,222,222,0,222,444
03/13/2015,LYH,VA,AEA,EN,Federal Contract Tower,0,11,26,2,39,0,1,107,2,110,0,12,133,4,149,208,0,208,357
03/14/2015,LYH,VA,AEA,EN,Federal Contract Tower,0,13,1,0,14,0,0,2,0,2,0,13,3,0,16,0,0,0,16
03/15/2015,LYH,VA,AEA,EN,Federal Contract Tower,0,11,13,0,24,0,2,36,0,38,0,13,49,0,62,2,0,2,64
03/16/2015,LYH,VA,AEA,EN,Federal Contract Tower,0,8,20,0,28,0,0,165,3,168,0,8,185,3,196,146,0,146,342
03/17/2015,LYH,VA,AEA,EN,Federal Contract Tower,0,16,26,4,46,0,5,113,1,119,0,21,139,5,165,118,0,118,283
03/18/2015,LYH,VA,AEA,EN,Federal Contract Tower,0,17,16,0,33,0,6,182,6,194,0,23,198,6,227,304,0,304,531
03/19/2015,LYH,VA,AEA,EN,Federal Contract Tower,0,12,16,2,30,0,1,121,2,124,0,13,137,4,154,222,0,222,376
03/20/2015,LYH,VA,AEA,EN,Federal Contract Tower,0,14,8,0,22,0,0,14,0,14,0,14,22,0,36,28,0,28,64
03/21/2015,LYH,VA,AEA,EN,Federal Contract Tower,0,11,21,0,32,0,9,142,1,152,0,20,163,1,184,192,0,192,376
03/22/2015,LYH,VA,AEA,EN,Federal Contract Tower,0,11,22,0,33,0,3,69,1,73,0,14,91,1,106,100,0,100,206
03/23/2015,LYH,VA,AEA,EN,Federal Contract Tower,0,14,33,2,49,0,0,159,2,161,0,14,192,4,210,230,0,230,440
03/24/2015,LYH,VA,AEA,EN,Federal Contract Tower,0,11,26,0,37,0,0,180,2,182,0,11,206,2,219,332,0,332,551
03/25/2015,LYH,VA,AEA,EN,Federal Contract Tower,0,12,28,0,40,0,5,78,0,83,0,17,106,0,123,208,0,208,331
03/26/2015,LYH,VA,AEA,EN,Federal Contract Tower,0,11,34,1,46,0,1,69,1,71,0,12,103,2,117,122,0,122,239
03/27/2015,LYH,VA,AEA,EN,Federal Contract Tower,0,10,16,2,28,0,0,30,0,30,0,10,46,2,58,56,0,56,114
03/28/2015,LYH,VA,AEA,EN,Federal Contract Tower,0,12,22,0,34,0,2,109,2,113,0,14,131,2,147,110,0,110,257
03/29/2015,LYH,VA,AEA,EN,Federal Contract Tower,0,14,20,0,34,0,0,43,0,43,0,14,63,0,77,18,0,18,95
03/30/2015,LYH,VA,AEA,EN,Federal Contract Tower,0,11,16,2,29,0,0,109,0,109,0,11,125,2,138,120,0,120,258
03/31/2015,LYH,VA,AEA,EN,Federal Contract Tower,0,9,25,0,34,0,4,117,2,123,0,13,142,2,157,122,0,122,279
04/01/2015,LYH,VA,AEA,EN,Federal Contract Tower,0,16,47,5,68,0,3,228,7,238,0,19,275,12,306,302,8,310,616
04/02/2015,LYH,VA,AEA,EN,Federal Contract Tower,0,14,19,0,33,0,9,77,0,86,0,23,96,0,119,74,0,74,193
04/03/2015,LYH,VA,AEA,EN,Federal Contract Tower,0,11,31,0,42,0,2,70,0,72,0,13,101,0,114,180,0,180,294
04/04/2015,LYH,VA,AEA,EN,Federal Contract Tower,0,8,3,0,11,0,1,32,0,33,0,9,35,0,44,4,0,4,48
04/05/2015,LYH,VA,AEA,EN,Federal Contract Tower,0,12,10,2,24,0,2,9,0,11,0,14,19,2,35,12,0,12,47
04/06/2015,LYH,VA,AEA,EN,Federal Contract Tower,0,8,25,0,33,0,0,126,2,128,0,8,151,2,161,170,0,170,331
04/07/2015,LYH,VA,AEA,EN,Federal Contract Tower,0,9,56,4,69,0,2,48,0,50,0,11,104,4,119,124,0,124,243
04/08/2015,LYH,VA,AEA,EN,Federal Contract Tower,0,12,31,2,45,0,0,82,4,86,0,12,113,6,131,138,0,138,269
04/09/2015,LYH,VA,AEA,EN,Federal Contract Tower,0,25,21,0,46,0,0,0,0,0,0,25,21,0,46,0,0,0,46
04/10/2015,LYH,VA,AEA,EN,Federal Contract Tower,0,17,9,0,26,0,2,38,1,41,0,19,47,1,67,90,0,90,157
04/11/2015,LYH,VA,AEA,EN,Federal Contract Tower,0,10,29,0,39,0,5,175,6,186,0,15,204,6,225,266,0,266,491
04/12/2015,LYH,VA,AEA,EN,Federal Contract Tower,0,11,21,0,32,0,1,42,0,43,0,12,63,0,75,60,0,60,135
04/13/2015,LYH,VA,AEA,EN,Federal Contract Tower,0,14,46,0,60,0,3,195,0,198,0,17,241,0,258,318,0,318,576
04/14/2015,LYH,VA,AEA,EN,Federal Contract Tower,0,9,33,0,42,0,0,2,0,2,0,9,35,0,44,2,0,2,46
04/15/2015,LYH,VA,AEA,EN,Federal Contract Tower,0,21,53,0,74,0,4,144,0,148,0,25,197,0,222,304,0,304,526
04/16/2015,LYH,VA,AEA,EN,Federal Contract Tower,0,15,40,3,58,0,0,170,3,173,0,15,210,6,231,328,0,328,559
04/17/2015,LYH,VA,AEA,EN,Federal Contract Tower,0,12,51,3,66,0,0,122,4,126,0,12,173,7,192,188,0,188,380
04/18/2015,LYH,VA,AEA,EN,Federal Contract Tower,0,13,26,0,39,0,6,156,5,167,0,19,182,5,206,218,0,218,424
04/19/2015,LYH,VA,AEA,EN,Federal Contract Tower,0,9,8,0,17,0,0,1,10,11,0,9,9,10,28,0,0,0,28
04/20/2015,LYH,VA,AEA,EN,Federal Contract Tower,0,11,40,6,57,0,0,38,3,41,0,11,78,9,98,94,0,94,192
04/21/2015,LYH,VA,AEA,EN,Federal Contract Tower,0,11,26,0,37,0,3,169,2,174,0,14,195,2,211,284,0,284,495
04/22/2015,LYH,VA,AEA,EN,Federal Contract Tower,0,12,20,0,32,0,6,95,0,101,0,18,115,0,133,168,0,168,301
04/23/2015,LYH,VA,AEA,EN,Federal Contract Tower,0,12,20,0,32,0,2,118,2,122,0,14,138,2,154,100,0,100,254
04/24/2015,LYH,VA,AEA,EN,Federal Contract Tower,0,13,35,0,48,0,2,195,0,197,0,15,230,0,245,308,0,308,553
04/25/2015,LYH,VA,AEA,EN,Federal Contract Tower,0,9,18,0,27,0,2,45,0,47,0,11,63,0,74,80,0,80,154
04/26/2015,LYH,VA,AEA,EN,Federal Contract Tower,0,11,17,0,28,0,2,16,0,18,0,13,33,0,46,8,0,8,54
04/27/2015,LYH,VA,AEA,EN,Federal Contract Tower,0,10,28,6,44,0,7,180,4,191,0,17,208,10,235,382,4,386,621
04/28/2015,LYH,VA,AEA,EN,Federal Contract Tower,0,12,38,0,50,0,4,233,2,239,0,16,271,2,289,398,0,398,687
04/29/2015,LYH,VA,AEA,EN,Federal Contract Tower,0,13,36,4,53,0,3,219,6,228,0,16,255,10,281,338,12,350,631
04/30/2015,LYH,VA,AEA,EN,Federal Contract Tower,0,16,23,0,39,0,0,111,2,113,0,16,134,2,152,200,0,200,352
05/01/2015,LYH,VA,AEA,EN,Federal Contract Tower,0,13,27,0,40,0,0,45,0,45,0,13,72,0,85,116,0,116,201
05/02/2015,LYH,VA,AEA,EN,Federal Contract Tower,0,10,40,0,50,0,2,184,4,190,0,12,224,4,240,274,0,274,514
05/03/2015,LYH,VA,AEA,EN,Federal Contract Tower,0,15,11,0,26,0,0,53,2,55,0,15,64,2,81,46,0,46,127
05/04/2015,LYH,VA,AEA,EN,Federal Contract Tower,0,12,28,6,46,0,0,198,6,204,0,12,226,12,250,322,4,326,576
05/05/2015,LYH,VA,AEA,EN,Federal Contract Tower,0,10,28,0,38,0,5,196,2,203,0,15,224,2,241,340,0,340,581
05/06/2015,LYH,VA,AEA,EN,Federal Contract Tower,0,15,20,2,37,0,0,127,6,133,0,15,147,8,170,318,0,318,488
05/07/2015,LYH,VA,AEA,EN,Federal Contract Tower,2,18,36,2,58,0,1,108,3,112,2,19,144,5,170,196,0,196,366
05/08/2015,LYH,VA,AEA,EN,Federal Contract Tower,4,17,32,4,57,0,2,147,2,151,4,19,179,6,208,208,0,208,416
05/09/2015,LYH,VA,AEA,EN,Federal Contract Tower,0,14,25,0,39,0,6,30,0,36,0,20,55,0,75,50,0,50,125
05/10/2015,LYH,VA,AEA,EN,Federal Contract Tower,4,9,13,0,26,0,0,20,0,20,4,9,33,0,46,0,0,0,46
05/11/2015,LYH,VA,AEA,EN,Federal Contract Tower,4,7,61,0,72,0,4,82,0,86,4,11,143,0,158,178,0,178,336
05/12/2015,LYH,VA,AEA,EN,Federal Contract Tower,0,13,30,0,43,0,0,106,4,110,0,13,136,4,153,232,0,232,385
05/13/2015,LYH,VA,AEA,EN,Federal Contract Tower,0,15,31,0,46,0,1,149,3,153,0,16,180,3,199,268,0,268,467
05/14/2015,LYH,VA,AEA,EN,Federal Contract Tower,0,22,39,2,63,0,3,157,4,164,0,25,196,6,227,280,0,280,507
05/15/2015,LYH,VA,AEA,EN,Federal Contract Tower,0,10,28,0,38,0,0,163,4,167,0,10,191,4,205,212,0,212,417
05/16/2015,LYH,VA,AEA,EN,Federal Contract Tower,0,9,8,0,17,0,0,46,2,48,0,9,54,2,65,58,0,58,123
05/17/2015,LYH,VA,AEA,EN,Federal Contract Tower,0,12,11,0,23,0,5,24,0,29,0,17,35,0,52,4,0,4,56
05/18/2015,LYH,VA,AEA,EN,Federal Contract Tower,0,14,27,4,45,0,2,105,4,111,0,16,132,8,156,196,0,196,352
05/19/2015,LYH,VA,AEA,EN,Federal Contract Tower,0,10,26,0,36,0,9,152,2,163,0,19,178,2,199,284,0,284,483
05/20/2015,LYH,VA,AEA,EN,Federal Contract Tower,0,15,28,0,43,0,0,142,1,143,0,15,170,1,186,280,0,280,466
05/21/2015,LYH,VA,AEA,EN,Federal Contract Tower,0,12,17,0,29,0,0,0,0,0,0,12,17,0,29,0,0,0,29
05/22/2015,LYH,VA,AEA,EN,Federal Contract Tower,0,13,26,0,39,0,0,143,0,143,0,13,169,0,182,222,0,222,404
05/23/2015,LYH,VA,AEA,EN,Federal Contract Tower,0,9,14,0,23,0,8,82,0,90,0,17,96,0,113,168,0,168,281
05/24/2015,LYH,VA,AEA,EN,Federal Contract Tower,0,11,7,0,18,0,0,35,0,35,0,11,42,0,53,2,0,2,55
05/25/2015,LYH,VA,AEA,EN,Federal Contract Tower,0,9,9,0,18,0,3,75,0,78,0,12,84,0,96,104,0,104,200
05/26/2015,LYH,VA,AEA,EN,Federal Contract Tower,0,14,33,0,47,0,3,124,4,131,0,17,157,4,178,282,0,282,460
05/27/2015,LYH,VA,AEA,EN,Federal Contract Tower,0,12,36,0,48,0,3,134,2,139,0,15,170,2,187,306,0,306,493
05/28/2015,LYH,VA,AEA,EN,Federal Contract Tower,0,15,27,0,42,0,6,126,0,132,0,21,153,0,174,228,0,228,402
05/29/2015,LYH,VA,AEA,EN,Federal Contract Tower,0,13,28,0,41,0,3,87,0,90,0,16,115,0,131,262,0,262,393
05/30/2015,LYH,VA,AEA,EN,Federal Contract Tower,0,12,10,0,22,0,0,178,0,178,0,12,188,0,200,66,0,66,266
05/31/2015,LYH,VA,AEA,EN,Federal Contract Tower,0,14,9,2,25,0,0,50,4,54,0,14,59,6,79,38,0,38,117
06/01/2015,LYH,VA,AEA,EN,Federal Contract Tower,0,14,10,2,26,0,1,78,4,83,0,15,88,6,109,150,4,154,263
06/02/2015,LYH,VA,AEA,EN,Federal Contract Tower,0,19,41,6,66,0,0,5,0,5,0,19,46,6,71,18,0,18,89
06/03/2015,LYH,VA,AEA,EN,Federal Contract Tower,0,16,32,10,58,0,0,0,0,0,0,16,32,10,58,0,0,0,58
06/04/2015,LYH,VA,AEA,EN,Federal Contract Tower,0,15,12,0,27,0,0,0,0,0,0,15,12,0,27,0,0,0,27
06/05/2015,LYH,VA,AEA,EN,Federal Contract Tower,0,16,63,3,82,0,0,70,2,72,0,16,133,5,154,172,14,186,340
06/06/2015,LYH,VA,AEA,EN,Federal Contract Tower,0,13,33,0,46,0,2,103,0,105,0,15,136,0,151,164,0,164,315
06/07/2015,LYH,VA,AEA,EN,Federal Contract Tower,0,17,20,0,37,0,4,38,0,42,0,21,58,0,79,48,0,48,127
06/08/2015,LYH,VA,AEA,EN,Federal Contract Tower,0,10,22,0,32,0,2,58,2,62,0,12,80,2,94,106,0,106,200
06/09/2015,LYH,VA,AEA,EN,Federal Contract Tower,0,16,27,4,47,0,4,131,4,139,0,20,158,8,186,262,0,262,448
06/10/2015,LYH,VA,AEA,EN,Federal Contract Tower,0,15,18,2,35,0,2,193,2,197,0,17,211,4,232,324,0,324,556
06/11/2015,LYH,VA,AEA,EN,Federal Contract Tower,0,13,21,7,41,0,3,153,5,161,0,16,174,12,202,318,10,328,530
06/12/2015,LYH,VA,AEA,EN,Federal Contract Tower,0,11,21,7,39,0,4,100,2,106,0,15,121,9,145,184,0,184,329
06/13/2015,LYH,VA,AEA,EN,Federal Contract Tower,0,12,12,1,25,0,0,201,1,202,0,12,213,2,227,80,0,80,307
06/14/2015,LYH,VA,AEA,EN,Federal Contract Tower,0,10,10,1,21,0,1,30,1,32,0,11,40,2,53,0,0,0,53
06/15/2015,LYH,VA,AEA,EN,Federal Contract Tower,0,16,19,0,35,0,6,157,2,165,0,22,176,2,200,270,0,270,470
06/16/2015,LYH,VA,AEA,EN,Federal Contract Tower,0,17,31,0,48,0,5,140,2,147,0,22,171,2,195,206,0,206,401
06/17/2015,LYH,VA,AEA,EN,Federal Contract Tower,0,23,31,0,54,0,3,135,1,139,0,26,166,1,193,174,0,174,367
06/18/2015,LYH,VA,AEA,EN,Federal Contract Tower,0,18,39,0,57,0,1,111,0,112,0,19,150,0,169,166,0,166,335
06/19/2015,LYH,VA,AEA,EN,Federal Contract Tower,0,13,33,0,46,0,1,105,4,110,0,14,138,4,156,218,4,222,378
06/20/2015,LYH,VA,AEA,EN,Federal Contract Tower,0,14,14,0,28,0,0,54,0,54,0,14,68,0,82,80,0,80,162
06/21/2015,LYH,VA,AEA,EN,Federal Contract Tower,0,12,6,0,18,0,1,43,0,44,0,13,49,0,62,18,0,18,80
06/22/2015,LYH,VA,AEA,EN,Federal Contract Tower,0,18,16,3,37,0,4,129,2,135,0,22,145,5,172,190,2,192,364
06/23/2015,LYH,VA,AEA,EN,Federal Contract Tower,2,12,16,0,30,0,6,100,2,108,2,18,116,2,138,142,0,142,280
06/24/2015,LYH,VA,AEA,EN,Federal Contract Tower,0,13,35,2,50,0,4,140,4,148,0,17,175,6,198,192,0,192,390
06/25/2015,LYH,VA,AEA,EN,Federal Contract Tower,0,13,27,0,40,0,0,129,2,131,0,13,156,2,171,250,0,250,421
06/26/2015,LYH,VA,AEA,EN,Federal Contract Tower,0,13,17,0,30,0,2,42,0,44,0,15,59,0,74,96,0,96,170
06/27/2015,LYH,VA,AEA,EN,Federal Contract Tower,0,13,6,0,19,0,0,0,0,0,0,13,6,0,19,0,0,0,19
06/28/2015,LYH,VA,AEA,EN,Federal Contract Tower,0,10,9,2,21,0,2,21,0,23,0,12,30,2,44,4,0,4,48
06/29/2015,LYH,VA,AEA,EN,Federal Contract Tower,0,14,26,0,40,0,4,139,0,143,0,18,165,0,183,216,0,216,399
06/30/2015,LYH,VA,AEA,EN,Federal Contract Tower,0,9,32,0,41,0,4,115,4,123,0,13,147,4,164,182,0,182,346
07/01/2015,LYH,VA,AEA,EN,Federal Contract Tower,0,21,31,10,62,0,7,144,6,157,0,28,175,16,219,192,22,214,433
07/02/2015,LYH,VA,AEA,EN,Federal Contract Tower,0,8,21,0,29,0,0,59,2,61,0,8,80,2,90,212,0,212,302
07/03/2015,LYH,VA,AEA,EN,Federal Contract Tower,0,9,38,0,47,0,2,29,0,31,0,11,67,0,78,104,0,104,182
07/04/2015,LYH,VA,AEA,EN,Federal Contract Tower,0,10,4,0,14,0,1,14,0,15,0,11,18,0,29,4,0,4,33
07/05/2015,LYH,VA,AEA,EN,Federal Contract Tower,0,8,9,0,17,0,0,4,0,4,0,8,13,0,21,0,0,0,21
07/06/2015,LYH,VA,AEA,EN,Federal Contract Tower,0,13,26,0,39,0,0,4,0,4,0,13,30,0,43,0,0,0,43
07/07/2015,LYH,VA,AEA,EN,Federal Contract Tower,0,12,32,3,47,0,1,137,5,143,0,13,169,8,190,256,0,256,446
07/08/2015,LYH,VA,AEA,EN,Federal Contract Tower,0,12,22,4,38,0,5,124,2,131,0,17,146,6,169,224,2,226,395
07/09/2015,LYH,VA,AEA,EN,Federal Contract Tower,0,9,18,5,32,0,5,118,2,125,0,14,136,7,157,224,0,224,381
07/10/2015,LYH,VA,AEA,EN,Federal Contract Tower,0,21,19,2,42,0,3,122,5,130,0,24,141,7,172,172,0,172,344
07/11/2015,LYH,VA,AEA,EN,Federal Contract Tower,0,12,25,0,37,0,2,34,0,36,0,14,59,0,73,64,0,64,137
07/12/2015,LYH,VA,AEA,EN,Federal Contract Tower,0,12,16,2,30,0,0,65,0,65,0,12,81,2,95,60,10,70,165
07/13/2015,LYH,VA,AEA,EN,Federal Contract Tower,0,11,16,0,27,0,0,23,0,23,0,11,39,0,50,66,0,66,116
07/14/2015,LYH,VA,AEA,EN,Federal Contract Tower,0,10,22,0,32,0,0,124,3,127,0,10,146,3,159,222,0,222,381
07/15/2015,LYH,VA,AEA,EN,Federal Contract Tower,0,14,43,7,64,0,3,106,0,109,0,17,149,7,173,146,0,146,319
07/16/2015,LYH,VA,AEA,EN,Federal Contract Tower,0,14,36,0,50,0,2,144,0,146,0,16,180,0,196,178,0,178,374
07/17/2015,LYH,VA,AEA,EN,Federal Contract Tower,0,18,27,10,55,0,3,49,0,52,0,21,76,10,107,112,0,112,219
07/18/2015,LYH,VA,AEA,EN,Federal Contract Tower,0,12,9,0,21,0,3,66,0,69,0,15,75,0,90,96,0,96,186
07/19/2015,LYH,VA,AEA,EN,Federal Contract Tower,0,11,9,0,20,0,0,39,0,39,0,11,48,0,59,20,0,20,79
07/20/2015,LYH,VA,AEA,EN,Federal Contract Tower,0,10,24,0,34,0,5,103,4,112,0,15,127,4,146,168,0,168,314
07/21/2015,LYH,VA,AEA,EN,Federal Contract Tower,0,9,21,0,30,0,4,65,2,71,0,13,86,2,101,146,0,146,247
07/22/2015,LYH,VA,AEA,EN,Federal Contract Tower,0,17,37,1,55,0,4,102,11,117,0,21,139,12,172,122,2,124,296
07/23/2015,LYH,VA,AEA,EN,Federal Contract Tower,0,16,28,0,44,0,6,105,2,113,0,22,133,2,157,192,0,192,349
07/24/2015,LYH,VA,AEA,EN,Federal Contract Tower,0,11,27,0,38,0,7,94,2,103,0,18,121,2,141,264,0,264,405
07/25/2015,LYH,VA,AEA,EN,Federal Contract Tower,0,11,6,0,17,0,2,62,2,66,0,13,68,2,83,152,0,152,235
07/26/2015,LYH,VA,AEA,EN,Federal Contract Tower,0,10,10,0,20,0,7,43,0,50,0,17,53,0,70,34,0,34,104
07/27/2015,LYH,VA,AEA,EN,Federal Contract Tower,0,15,12,0,27,0,1,91,2,94,0,16,103,2,121,196,0,196,317
07/28/2015,LYH,VA,AEA,EN,Federal Contract Tower,0,12,20,0,32,0,0,30,4,34,0,12,50,4,66,44,0,44,110
07/29/2015,LYH,VA,AEA,EN,Federal Contract Tower,0,15,27,4,46,0,2,57,4,63,0,17,84,8,109,124,8,132,241
07/30/2015,LYH,VA,AEA,EN,Federal Contract Tower,0,15,15,8,38,0,0,113,2,115,0,15,128,10,153,170,0,170,323
07/31/2015,LYH,VA,AEA,EN,Federal Contract Tower,0,14,22,2,38,0,7,130,0,137,0,21,152,2,175,168,10,178,353
08/01/2015,LYH,VA,AEA,EN,Federal Contract Tower,0,12,7,0,19,0,8,57,0,65,0,20,64,0,84,160,0,160,244
08/02/2015,LYH,VA,AEA,EN,Federal Contract Tower,0,13,3,0,16,0,3,33,0,36,0,16,36,0,52,0,0,0,52
08/03/2015,LYH,VA,AEA,EN,Federal Contract Tower,0,14,14,0,28,0,8,88,0,96,0,22,102,0,124,162,0,162,286
08/04/2015,LYH,VA,AEA,EN,Federal Contract Tower,0,12,22,0,34,0,6,108,14,128,0,18,130,14,162,144,0,144,306
08/05/2015,LYH,VA,AEA,EN,Federal Contract Tower,0,10,28,1,39,0,8,115,0,123,0,18,143,1,162,154,2,156,318
08/06/2015,LYH,VA,AEA,EN,Federal Contract Tower,0,19,9,6,34,0,2,87,2,91,0,21,96,8,125,148,4,152,277
08/07/2015,LYH,VA,AEA,EN,Federal Contract Tower,0,15,17,0,32,0,0,0,0,0,0,15,17,0,32,0,0,0,32
08/08/2015,LYH,VA,AEA,EN,Federal Contract Tower,0,13,6,0,19,0,4,69,4,77,0,17,75,4,96,124,0,124,220
08/09/2015,LYH,VA,AEA,EN,Federal Contract Tower,0,14,29,0,43,0,0,54,0,54,0,14,83,0,97,44,0,44,141
08/10/2015,LYH,VA,AEA,EN,Federal Contract Tower,0,12,15,0,27,0,0,15,3,18,0,12,30,3,45,0,0,0,45
08/11/2015,LYH,VA,AEA,EN,Federal Contract Tower,0,11,15,0,26,0,0,51,0,51,0,11,66,0,77,82,0,82,159
08/12/2015,LYH,VA,AEA,EN,Federal Contract Tower,0,12,14,0,26,0,2,136,0,138,0,14,150,0,164,152,0,152,316
08/13/2015,LYH,VA,AEA,EN,Federal Contract Tower,0,16,27,1,44,0,3,130,2,135,0,19,157,3,179,210,0,210,389
08/14/2015,LYH,VA,AEA,EN,Federal Contract Tower,0,14,22,0,36,0,4,142,0,146,0,18,164,0,182,214,0,214,396
08/15/2015,LYH,VA,AEA,EN,Federal Contract Tower,0,10,13,0,23,0,2,80,0,82,0,12,93,0,105,178,0,178,283
08/16/2015,LYH,VA,AEA,EN,Federal Contract Tower,0,11,12,4,27,0,1,35,1,37,0,12,47,5,64,70,0,70,134
08/17/2015,LYH,VA,AEA,EN,Federal Contract Tower,0,12,25,0,37,0,5,118,0,123,0,17,143,0,160,238,0,238,398
08/18/2015,LYH,VA,AEA,EN,Federal Contract Tower,0,13,15,1,29,0,2,78,4,84,0,15,93,5,113,180,0,180,293
08/19/2015,LYH,VA,AEA,EN,Federal Contract Tower,0,18,17,3,38,0,4,25,0,29,0,22,42,3,67,48,0,48,115
08/20/2015,LYH,VA,AEA,EN,Federal Contract Tower,0,15,23,2,40,0,0,25,2,27,0,15,48,4,67,116,0,116,183
08/21/2015,LYH,VA,AEA,EN,Federal Contract Tower,0,13,28,5,46,0,5,123,3,131,0,18,151,8,177,180,4,184,361
08/22/2015,LYH,VA,AEA,EN,Federal Contract Tower,0,15,25,0,40,0,2,88,0,90,0,17,113,0,130,136,0,136,266
08/23/2015,LYH,VA,AEA,EN,Federal Contract Tower,0,10,10,0,20,0,2,49,0,51,0,12,59,0,71,16,0,16,87
08/24/2015,LYH,VA,AEA,EN,Federal Contract Tower,0,15,23,2,40,0,4,99,4,107,0,19,122,6,147,200,0,200,347
08/25/2015,LYH,VA,AEA,EN,Federal Contract Tower,0,19,13,4,36,0,7,107,12,126,0,26,120,16,162,138,58,196,358
08/26/2015,LYH,VA,AEA,EN,Federal Contract Tower,0,15,30,0,45,0,5,155,2,162,0,20,185,2,207,208,0,208,415
08/27/2015,LYH,VA,AEA,EN,Federal Contract Tower,0,12,28,1,41,0,3,154,6,163,0,15,182,7,204,228,0,228,432
08/28/2015,LYH,VA,AEA,EN,Federal Contract Tower,0,12,15,2,29,0,3,159,0,162,0,15,174,2,191,222,0,222,413
08/29/2015,LYH,VA,AEA,EN,Federal Contract Tower,0,16,27,0,43,0,2,124,0,126,0,18,151,0,169,188,0,188,357
08/30/2015,LYH,VA,AEA,EN,Federal Contract Tower,0,13,6,0,19,0,0,44,0,44,0,13,50,0,63,22,0,22,85
08/31/2015,LYH,VA,AEA,EN,Federal Contract Tower,0,12,22,0,34,0,3,140,4,147,0,15,162,4,181,232,0,232,413
09/01/2015,LYH,VA,AEA,EN,Federal Contract Tower,0,11,21,0,32,0,5,170,2,177,0,16,191,2,209,242,0,242,451
09/02/2015,LYH,VA,AEA,EN,Federal Contract Tower,0,12,17,0,29,0,4,124,2,130,0,16,141,2,159,144,0,144,303
09/03/2015,LYH,VA,AEA,EN,Federal Contract Tower,0,18,39,10,67,0,6,137,6,149,0,24,176,16,216,222,8,230,446
09/04/2015,LYH,VA,AEA,EN,Federal Contract Tower,0,14,26,0,40,0,6,106,2,114,0,20,132,2,154,176,0,176,330
09/05/2015,LYH,VA,AEA,EN,Federal Contract Tower,0,11,15,0,26,0,0,0,0,0,0,11,15,0,26,32,0,32,58
09/06/2015,LYH,VA,AEA,EN,Federal Contract Tower,0,7,7,0,14,0,0,27,0,27,0,7,34,0,41,10,0,10,51
09/07/2015,LYH,VA,AEA,EN,Federal Contract Tower,0,9,18,0,27,0,1,120,0,121,0,10,138,0,148,206,0,206,354
09/08/2015,LYH,VA,AEA,EN,Federal Contract Tower,0,12,39,4,55,0,2,207,0,209,0,14,246,4,264,280,0,280,544
09/09/2015,LYH,VA,AEA,EN,Federal Contract Tower,0,17,23,0,40,0,3,113,3,119,0,20,136,3,159,160,0,160,319
09/10/2015,LYH,VA,AEA,EN,Federal Contract Tower,0,12,22,0,34,0,0,41,0,41,0,12,63,0,75,54,0,54,129
09/11/2015,LYH,VA,AEA,EN,Federal Contract Tower,0,19,46,2,67,0,5,202,0,207,0,24,248,2,274,294,0,294,568
09/12/2015,LYH,VA,AEA,EN,Federal Contract Tower,0,13,15,0,28,0,0,7,0,7,0,13,22,0,35,6,0,6,41
09/13/2015,LYH,VA,AEA,EN,Federal Contract Tower,0,14,13,2,29,0,2,47,0,49,0,16,60,2,78,28,0,28,106
09/14/2015,LYH,VA,AEA,EN,Federal Contract Tower,0,19,32,2,53,0,1,204,0,205,0,20,236,2,258,282,0,282,540
09/15/2015,LYH,VA,AEA,EN,Federal Contract Tower,0,17,27,0,44,0,5,215,3,223,0,22,242,3,267,276,0,276,543
09/16/2015,LYH,VA,AEA,EN,Federal Contract Tower,0,12,10,0,22,0,1,179,0,180,0,13,189,0,202,272,0,272,474
09/17/2015,LYH,VA,AEA,EN,Federal Contract Tower,0,20,20,4,44,0,4,184,0,188,0,24,204,4,232,210,0,210,442
09/18/2015,LYH,VA,AEA,EN,Federal Contract Tower,2,18,25,0,45,0,3,165,2,170,2,21,190,2,215,270,0,270,485
09/19/2015,LYH,VA,AEA,EN,Federal Contract Tower,1,13,7,0,21,0,3,93,0,96,1,16,100,0,117,4,0,4,121
09/20/2015,LYH,VA,AEA,EN,Federal Contract Tower,0,13,20,0,33,0,4,60,0,64,0,17,80,0,97,48,0,48,145
09/21/2015,LYH,VA,AEA,EN,Federal Contract Tower,0,12,48,0,60,0,0,5,0,5,0,12,53,0,65,22,0,22,87
09/23/2015,LYH,VA,AEA,EN,Federal Contract Tower,0,15,23,6,44,0,4,187,0,191,0,19,210,6,235,260,0,260,495
09/24/2015,LYH,VA,AEA,EN,Federal Contract Tower,0,14,32,10,56,0,2,187,15,204,0,16,219,25,260,188,32,220,480
09/25/2015,LYH,VA,AEA,EN,Federal Contract Tower,1,15,45,1,62,0,0,0,0,0,1,15,45,1,62,0,0,0,62
09/26/2015,LYH,VA,AEA,EN,Federal Contract Tower,0,15,10,0,25,0,0,0,0,0,0,15,10,0,25,0,0,0,25
09/27/2015,LYH,VA,AEA,EN,Federal Contract Tower,1,10,12,0,23,0,0,0,0,0,1,10,12,0,23,0,0,0,23
09/28/2015,LYH,VA,AEA,EN,Federal Contract Tower,0,15,19,0,34,0,0,2,0,2,0,15,21,0,36,0,0,0,36
09/29/2015,LYH,VA,AEA,EN,Federal Contract Tower,0,17,5,0,22,0,0,0,0,0,0,17,5,0,22,0,0,0,22
09/30/2015,LYH,VA,AEA,EN,Federal Contract Tower,1,15,30,8,54,0,2,158,13,173,1,17,188,21,227,298,20,318,545
10/01/2015,LYH,VA,AEA,EN,Federal Contract Tower,0,14,65,0,79,0,0,0,0,0,0,14,65,0,79,0,0,0,79
10/02/2015,LYH,VA,AEA,EN,Federal Contract Tower,1,18,4,0,23,0,0,0,0,0,1,18,4,0,23,0,0,0,23
10/03/2015,LYH,VA,AEA,EN,Federal Contract Tower,0,16,0,0,16,0,0,0,0,0,0,16,0,0,16,0,0,0,16
10/04/2015,LYH,VA,AEA,EN,Federal Contract Tower,0,7,3,0,10,0,0,0,0,0,0,7,3,0,10,0,0,0,10
10/05/2015,LYH,VA,AEA,EN,Federal Contract Tower,0,13,42,0,55,0,0,121,0,121,0,13,163,0,176,268,0,268,444
10/06/2015,LYH,VA,AEA,EN,Federal Contract Tower,0,17,22,0,39,0,0,195,0,195,0,17,217,0,234,328,0,328,562
10/07/2015,LYH,VA,AEA,EN,Federal Contract Tower,0,23,29,0,52,0,3,229,0,232,0,26,258,0,284,272,0,272,556
10/08/2015,LYH,VA,AEA,EN,Federal Contract Tower,0,20,34,10,64,0,2,179,2,183,0,22,213,12,247,308,4,312,559
10/09/2015,LYH,VA,AEA,EN,Federal Contract Tower,0,12,26,0,38,0,1,111,2,114,0,13,137,2,152,150,0,150,302
10/10/2015,LYH,VA,AEA,EN,Federal Contract Tower,0,13,26,0,39,0,4,52,2,58,0,17,78,2,97,50,0,50,147
10/11/2015,LYH,VA,AEA,EN,Federal Contract Tower,0,9,17,0,26,0,5,65,0,70,0,14,82,0,96,136,0,136,232
10/12/2015,LYH,VA,AEA,EN,Federal Contract Tower,0,14,23,2,39,0,0,175,0,175,0,14,198,2,214,334,6,340,554
10/13/2015,LYH,VA,AEA,EN,Federal Contract Tower,0,21,26,0,47,0,2,167,1,170,0,23,193,1,217,310,0,310,527
10/14/2015,LYH,VA,AEA,EN,Federal Contract Tower,0,14,35,0,49,0,4,167,14,185,0,18,202,14,234,290,0,290,524
10/15/2015,LYH,VA,AEA,EN,Federal Contract Tower,0,13,31,3,47,0,9,205,3,217,0,22,236,6,264,220,0,220,484
10/16/2015,LYH,VA,AEA,EN,Federal Contract Tower,2,17,20,0,39,0,3,112,0,115,2,20,132,0,154,270,0,270,424
10/17/2015,LYH,VA,AEA,EN,Federal Contract Tower,2,8,9,0,19,0,3,120,1,124,2,11,129,1,143,100,0,100,243
10/18/2015,LYH,VA,AEA,EN,Federal Contract Tower,0,18,17,0,35,0,2,73,0,75,0,20,90,0,110,6,0,6,116
10/20/2015,LYH,VA,AEA,EN,Federal Contract Tower,0,17,28,2,47,0,2,198,0,200,0,19,226,2,247,252,0,252,499
10/21/2015,LYH,VA,AEA,EN,Federal Contract Tower,0,16,23,7,46,0,0,138,0,138,0,16,161,7,184,230,0,230,414
10/22/2015,LYH,VA,AEA,EN,Federal Contract Tower,0,17,36,2,55,0,6,190,0,196,0,23,226,2,251,280,0,280,531
10/23/2015,LYH,VA,AEA,EN,Federal Contract Tower,0,15,36,0,51,0,4,171,26,201,0,19,207,26,252,276,0,276,528
10/24/2015,LYH,VA,AEA,EN,Federal Contract Tower,0,12,26,0,38,0,7,88,0,95,0,19,114,0,133,188,0,188,321
10/25/2015,LYH,VA,AEA,EN,Federal Contract Tower,0,10,23,0,33,0,1,34,8,43,0,11,57,8,76,48,0,48,124
10/26/2015,LYH,VA,AEA,EN,Federal Contract Tower,0,12,38,4,54,0,6,137,4,147,0,18,175,8,201,296,4,300,501
10/27/2015,LYH,VA,AEA,EN,Federal Contract Tower,0,14,34,0,48,0,0,8,0,8,0,14,42,0,56,4,0,4,60
10/28/2015,LYH,VA,AEA,EN,Federal Contract Tower,0,12,36,0,48,0,0,0,0,0,0,12,36,0,48,0,0,0,48
10/29/2015,LYH,VA,AEA,EN,Federal Contract Tower,0,22,29,0,51,0,0,183,2,185,0,22,212,2,236,310,0,310,546
10/30/2015,LYH,VA,AEA,EN,Federal Contract Tower,0,21,16,3,40,0,8,223,7,238,0,29,239,10,278,310,0,310,588
10/31/2015,LYH,VA,AEA,EN,Federal Contract Tower,0,11,12,0,23,0,0,94,0,94,0,11,106,0,117,190,0,190,307
11/01/2015,LYH,VA,AEA,EN,Federal Contract Tower,0,10,8,0,18,0,7,21,0,28,0,17,29,0,46,6,0,6,52
11/02/2015,LYH,VA,AEA,EN,Federal Contract Tower,0,28,40,0,68,0,0,54,0,54,0,28,94,0,122,130,0,130,252
11/03/2015,LYH,VA,AEA,EN,Federal Contract Tower,0,14,33,11,58,0,2,176,3,181,0,16,209,14,239,350,14,364,603
11/04/2015,LYH,VA,AEA,EN,Federal Contract Tower,0,18,40,2,60,0,2,160,0,162,0,20,200,2,222,280,0,280,502
11/05/2015,LYH,VA,AEA,EN,Federal Contract Tower,0,19,30,3,52,0,4,178,2,184,0,23,208,5,236,366,0,366,602
11/06/2015,LYH,VA,AEA,EN,Federal Contract Tower,0,17,48,9,74,0,6,89,6,101,0,23,137,15,175,110,18,128,303
11/07/2015,LYH,VA,AEA,EN,Federal Contract Tower,0,11,50,2,63,0,1,26,0,27,0,12,76,2,90,94,0,94,184
11/08/2015,LYH,VA,AEA,EN,Federal Contract Tower,0,11,18,0,29,0,2,39,0,41,0,13,57,0,70,48,0,48,118
11/09/2015,LYH,VA,AEA,EN,Federal Contract Tower,0,13,18,2,33,0,0,0,0,0,0,13,18,2,33,0,0,0,33
11/10/2015,LYH,VA,AEA,EN,Federal Contract Tower,0,15,33,0,48,0,4,88,0,92,0,19,121,0,140,164,0,164,304
11/11/2015,LYH,VA,AEA,EN,Federal Contract Tower,0,21,47,4,72,0,0,203,0,203,0,21,250,4,275,264,4,268,543
11/12/2015,LYH,VA,AEA,EN,Federal Contract Tower,0,13,39,2,54,0,2,160,4,166,0,15,199,6,220,294,2,296,516
11/13/2015,LYH,VA,AEA,EN,Federal Contract Tower,2,13,7,0,22,0,0,65,5,70,2,13,72,5,92,64,0,64,156
11/14/2015,LYH,VA,AEA,EN,Federal Contract Tower,2,14,27,0,43,0,2,104,0,106,2,16,131,0,149,146,0,146,295
11/15/2015,LYH,VA,AEA,EN,Federal Contract Tower,0,14,14,0,28,0,0,47,0,47,0,14,61,0,75,88,0,88,163
11/16/2015,LYH,VA,AEA,EN,Federal Contract Tower,0,14,38,0,52,0,7,187,6,200,0,21,225,6,252,342,0,342,594
11/17/2015,LYH,VA,AEA,EN,Federal Contract Tower,0,14,38,2,54,0,4,173,2,179,0,18,211,4,233,316,0,316,549
11/18/2015,LYH,VA,AEA,EN,Federal Contract Tower,0,17,44,0,61,0,1,8,0,9,0,18,52,0,70,28,0,28,98
11/19/2015,LYH,VA,AEA,EN,Federal Contract Tower,0,12,27,0,39,0,3,41,0,44,0,15,68,0,83,124,0,124,207
11/20/2015,LYH,VA,AEA,EN,Federal Contract Tower,0,13,50,10,73,0,2,209,9,220,0,15,259,19,293,286,8,294,587
11/21/2015,LYH,VA,AEA,EN,Federal Contract Tower,0,9,20,0,29,0,0,109,4,113,0,9,129,4,142,134,0,134,276
11/22/2015,LYH,VA,AEA,EN,Federal Contract Tower,0,15,12,0,27,0,1,35,0,36,0,16,47,0,63,4,0,4,67
11/23/2015,LYH,VA,AEA,EN,Federal Contract Tower,0,16,24,0,40,0,0,130,0,130,0,16,154,0,170,140,0,140,310
11/24/2015,LYH,VA,AEA,EN,Federal Contract Tower,0,10,23,0,33,0,4,146,1,151,0,14,169,1,184,252,0,252,436
11/25/2015,LYH,VA,AEA,EN,Federal Contract Tower,0,11,10,0,21,0,4,74,0,78,0,15,84,0,99,52,0,52,151
11/26/2015,LYH,VA,AEA,EN,Federal Contract Tower,0,7,5,0,12,0,4,20,0,24,0,11,25,0,36,0,0,0,36
11/27/2015,LYH,VA,AEA,EN,Federal Contract Tower,0,12,7,0,19,0,6,39,0,45,0,18,46,0,64,4,0,4,68
11/28/2015,LYH,VA,AEA,EN,Federal Contract Tower,0,10,9,0,19,0,3,26,0,29,0,13,35,0,48,4,0,4,52
11/29/2015,LYH,VA,AEA,EN,Federal Contract Tower,0,14,11,0,25,0,0,0,0,0,0,14,11,0,25,0,0,0,25
11/30/2015,LYH,VA,AEA,EN,Federal Contract Tower,0,25,8,3,36,0,0,0,0,0,0,25,8,3,36,0,0,0,36
12/01/2015,LYH,VA,AEA,EN,Federal Contract Tower,0,12,4,1,17,0,0,0,0,0,0,12,4,1,17,0,0,0,17
12/02/2015,LYH,VA,AEA,EN,Federal Contract Tower,0,16,10,1,27,0,1,0,0,1,0,17,10,1,28,0,0,0,28
12/03/2015,LYH,VA,AEA,EN,Federal Contract Tower,0,20,41,1,62,0,2,201,7,210,0,22,242,8,272,360,2,362,634
12/04/2015,LYH,VA,AEA,EN,Federal Contract Tower,0,12,34,0,46,0,1,208,18,227,0,13,242,18,273,418,4,422,695
12/05/2015,LYH,VA,AEA,EN,Federal Contract Tower,0,9,29,0,38,0,115,0,0,115,0,124,29,0,153,212,0,212,365
12/06/2015,LYH,VA,AEA,EN,Federal Contract Tower,0,10,4,0,14,0,10,47,6,63,0,20,51,6,77,34,0,34,111
12/07/2015,LYH,VA,AEA,EN,Federal Contract Tower,0,14,43,0,57,0,4,212,6,222,0,18,255,6,279,418,0,418,697
12/08/2015,LYH,VA,AEA,EN,Federal Contract Tower,0,13,39,0,52,0,3,207,2,212,0,16,246,2,264,568,2,570,834
12/09/2015,LYH,VA,AEA,EN,Federal Contract Tower,0,13,28,0,41,0,1,112,0,113,0,14,140,0,154,186,0,186,340
12/10/2015,LYH,VA,AEA,EN,Federal Contract Tower,0,21,28,1,50,0,4,191,4,199,0,25,219,5,249,404,0,404,653
12/11/2015,LYH,VA,AEA,EN,Federal Contract Tower,0,12,35,0,47,0,2,207,0,209,0,14,242,0,256,382,0,382,638
12/12/2015,LYH,VA,AEA,EN,Federal Contract Tower,0,8,18,0,26,0,5,170,3,178,0,13,188,3,204,296,0,296,500
12/13/2015,LYH,VA,AEA,EN,Federal Contract Tower,0,11,7,2,20,0,4,47,0,51,0,15,54,2,71,26,0,26,97
12/14/2015,LYH,VA,AEA,EN,Federal Contract Tower,0,22,14,0,36,0,0,0,0,0,0,22,14,0,36,0,0,0,36
12/15/2015,LYH,VA,AEA,EN,Federal Contract Tower,0,10,34,0,44,0,5,159,2,166,0,15,193,2,210,290,0,290,500
12/16/2015,LYH,VA,AEA,EN,Federal Contract Tower,0,16,39,0,55,0,0,221,1,222,0,16,260,1,277,304,0,304,581
12/17/2015,LYH,VA,AEA,EN,Federal Contract Tower,0,22,5,0,27,0,0,0,0,0,0,22,5,0,27,0,0,0,27
12/18/2015,LYH,VA,AEA,EN,Federal Contract Tower,0,13,21,0,34,0,4,75,2,81,0,17,96,2,115,108,0,108,223
12/19/2015,LYH,VA,AEA,EN,Federal Contract Tower,0,14,8,0,22,0,4,55,0,59,0,18,63,0,81,60,0,60,141
12/20/2015,LYH,VA,AEA,EN,Federal Contract Tower,0,10,4,0,14,0,9,40,0,49,0,19,44,0,63,26,0,26,89
12/21/2015,LYH,VA,AEA,EN,Federal Contract Tower,0,11,27,2,40,0,2,61,2,65,0,13,88,4,105,82,0,82,187
12/22/2015,LYH,VA,AEA,EN,Federal Contract Tower,0,11,5,5,21,0,0,0,0,0,0,11,5,5,21,0,0,0,21
12/23/2015,LYH,VA,AEA,EN,Federal Contract Tower,0,7,3,0,10,0,0,0,0,0,0,7,3,0,10,0,0,0,10
12/24/2015,LYH,VA,AEA,EN,Federal Contract Tower,0,10,4,0,14,0,0,0,0,0,0,10,4,0,14,0,0,0,14
12/25/2015,LYH,VA,AEA,EN,Federal Contract Tower,0,14,2,0,16,0,0,0,0,0,0,14,2,0,16,0,0,0,16
12/26/2015,LYH,VA,AEA,EN,Federal Contract Tower,0,11,9,0,20,0,0,0,0,0,0,11,9,0,20,0,0,0,20
12/27/2015,LYH,VA,AEA,EN,Federal Contract Tower,0,10,3,0,13,0,0,11,0,11,0,10,14,0,24,0,0,0,24
12/28/2015,LYH,VA,AEA,EN,Federal Contract Tower,0,9,3,0,12,0,0,0,0,0,0,9,3,0,12,0,0,0,12
12/29/2015,LYH,VA,AEA,EN,Federal Contract Tower,0,12,10,8,30,0,0,12,0,12,0,12,22,8,42,16,12,28,70
12/30/2015,LYH,VA,AEA,EN,Federal Contract Tower,0,7,2,0,9,0,0,0,0,0,0,7,2,0,9,0,0,0,9
12/31/2015,LYH,VA,AEA,EN,Federal Contract Tower,0,15,10,0,25,0,2,54,0,56,0,17,64,0,81,76,0,76,157
01/01/2016,LYH,VA,AEA,EN,Federal Contract Tower,0,11,3,0,14,0,1,23,0,24,0,12,26,0,38,22,0,22,60
01/02/2016,LYH,VA,AEA,EN,Federal Contract Tower,0,13,8,0,21,0,0,61,0,61,0,13,69,0,82,8,0,8,90
01/03/2016,LYH,VA,AEA,EN,Federal Contract Tower,0,12,16,0,28,0,4,33,0,37,0,16,49,0,65,48,0,48,113
01/04/2016,LYH,VA,AEA,EN,Federal Contract Tower,0,10,12,0,22,0,1,58,0,59,0,11,70,0,81,102,0,102,183
01/05/2016,LYH,VA,AEA,EN,Federal Contract Tower,0,12,22,0,34,0,94,6,0,100,0,106,28,0,134,188,0,188,322
01/06/2016,LYH,VA,AEA,EN,Federal Contract Tower,0,15,23,3,41,0,10,128,14,152,0,25,151,17,193,230,0,230,423
01/07/2016,LYH,VA,AEA,EN,Federal Contract Tower,0,10,12,10,32,0,1,62,13,76,0,11,74,23,108,110,18,128,236
01/08/2016,LYH,VA,AEA,EN,Federal Contract Tower,0,12,6,0,18,0,0,0,0,0,0,12,6,0,18,0,0,0,18
01/09/2016,LYH,VA,AEA,EN,Federal Contract Tower,0,11,3,0,14,0,0,0,0,0,0,11,3,0,14,0,0,0,14
01/10/2016,LYH,VA,AEA,EN,Federal Contract Tower,0,13,6,0,19,0,2,13,0,15,0,15,19,0,34,0,0,0,34
01/11/2016,LYH,VA,AEA,EN,Federal Contract Tower,0,11,16,2,29,0,1,87,2,90,0,12,103,4,119,138,0,138,257
01/12/2016,LYH,VA,AEA,EN,Federal Contract Tower,0,15,10,0,25,0,2,32,0,34,0,17,42,0,59,66,0,66,125
01/13/2016,LYH,VA,AEA,EN,Federal Contract Tower,0,16,18,0,34,0,4,90,1,95,0,20,108,1,129,142,0,142,271
01/14/2016,LYH,VA,AEA,EN,Federal Contract Tower,0,11,26,0,37,0,3,107,2,112,0,14,133,2,149,178,0,178,327
01/15/2016,LYH,VA,AEA,EN,Federal Contract Tower,0,10,12,0,22,0,0,75,0,75,0,10,87,0,97,132,0,132,229
01/16/2016,LYH,VA,AEA,EN,Federal Contract Tower,0,10,11,0,21,0,4,76,0,80,0,14,87,0,101,110,0,110,211
01/17/2016,LYH,VA,AEA,EN,Federal Contract Tower,0,10,4,0,14,0,0,14,0,14,0,10,18,0,28,32,0,32,60
01/18/2016,LYH,VA,AEA,EN,Federal Contract Tower,2,11,11,0,24,0,3,77,0,80,2,14,88,0,104,100,0,100,204
01/19/2016,LYH,VA,AEA,EN,Federal Contract Tower,0,12,15,0,27,0,3,99,2,104,0,15,114,2,131,130,0,130,261
01/20/2016,LYH,VA,AEA,EN,Federal Contract Tower,0,16,18,2,36,0,1,71,0,72,0,17,89,2,108,106,0,106,214
01/21/2016,LYH,VA,AEA,EN,Federal Contract Tower,0,15,39,3,57,0,5,136,1,142,0,20,175,4,199,326,4,330,529
01/22/2016,LYH,VA,AEA,EN,Federal Contract Tower,0,1,0,0,1,0,0,0,0,0,0,1,0,0,1,0,0,0,1
01/24/2016,LYH,VA,AEA,EN,Federal Contract Tower,0,6,2,0,8,0,2,8,0,10,0,8,10,0,18,0,0,0,18
01/25/2016,LYH,VA,AEA,EN,Federal Contract Tower,0,13,25,0,38,0,2,123,0,125,0,15,148,0,163,266,0,266,429
01/26/2016,LYH,VA,AEA,EN,Federal Contract Tower,0,12,18,2,32,0,3,124,0,127,0,15,142,2,159,278,0,278,437
01/27/2016,LYH,VA,AEA,EN,Federal Contract Tower,0,12,40,0,52,0,4,155,2,161,0,16,195,2,213,292,0,292,505
01/28/2016,LYH,VA,AEA,EN,Federal Contract Tower,0,17,44,0,61,0,10,118,0,128,0,27,162,0,189,228,0,228,417
01/29/2016,LYH,VA,AEA,EN,Federal Contract Tower,0,15,24,2,41,0,5,114,2,121,0,20,138,4,162,142,2,144,306
01/30/2016,LYH,VA,AEA,EN,Federal Contract Tower,0,15,38,0,53,0,2,136,0,138,0,17,174,0,191,188,0,188,379
01/31/2016,LYH,VA,AEA,EN,Federal Contract Tower,0,9,6,0,15,0,3,46,0,49,0,12,52,0,64,58,0,58,122
02/01/2016,LYH,VA,AEA,EN,Federal Contract Tower,0,11,33,0,44,0,4,133,0,137,0,15,166,0,181,286,0,286,467
02/02/2016,LYH,VA,AEA,EN,Federal Contract Tower,0,14,42,0,56,0,0,130,0,130,0,14,172,0,186,238,0,238,424
02/03/2016,LYH,VA,AEA,EN,Federal Contract Tower,0,11,7,0,18,0,0,0,0,0,0,11,7,0,18,0,0,0,18
02/04/2016,LYH,VA,AEA,EN,Federal Contract Tower,0,10,38,0,48,0,0,195,0,195,0,10,233,0,243,376,0,376,619
02/05/2016,LYH,VA,AEA,EN,Federal Contract Tower,0,15,50,0,65,0,0,150,0,150,0,15,200,0,215,234,0,234,449
02/06/2016,LYH,VA,AEA,EN,Federal Contract Tower,0,13,37,0,50,0,0,126,0,126,0,13,163,0,176,250,0,250,426
02/07/2016,LYH,VA,AEA,EN,Federal Contract Tower,0,13,8,0,21,0,0,32,0,32,0,13,40,0,53,28,0,28,81
02/08/2016,LYH,VA,AEA,EN,Federal Contract Tower,0,18,16,0,34,0,3,103,0,106,0,21,119,0,140,150,0,150,290
02/09/2016,LYH,VA,AEA,EN,Federal Contract Tower,0,10,25,1,36,0,1,138,1,140,0,11,163,2,176,204,0,204,380
02/10/2016,LYH,VA,AEA,EN,Federal Contract Tower,0,17,40,0,57,0,6,118,2,126,0,23,158,2,183,174,0,174,357
02/11/2016,LYH,VA,AEA,EN,Federal Contract Tower,0,12,54,2,68,0,3,127,4,134,0,15,181,6,202,224,0,224,426
02/12/2016,LYH,VA,AEA,EN,Federal Contract Tower,0,12,32,2,46,0,0,144,0,144,0,12,176,2,190,226,0,226,416
02/13/2016,LYH,VA,AEA,EN,Federal Contract Tower,0,10,7,0,17,0,4,26,0,30,0,14,33,0,47,2,0,2,49
02/14/2016,LYH,VA,AEA,EN,Federal Contract Tower,0,14,5,0,19,0,1,24,1,26,0,15,29,1,45,6,0,6,51
02/15/2016,LYH,VA,AEA,EN,Federal Contract Tower,0,0,0,0,0,0,0,0,0,0,0,0,0,0,0,0,0,0,0
02/16/2016,LYH,VA,AEA,EN,Federal Contract Tower,0,8,37,2,47,0,0,113,2,115,0,8,150,4,162,194,6,200,362
02/17/2016,LYH,VA,AEA,EN,Federal Contract Tower,0,11,54,3,68,0,1,193,16,210,0,12,247,19,278,260,0,260,538
02/18/2016,LYH,VA,AEA,EN,Federal Contract Tower,0,15,54,2,71,0,8,228,5,241,0,23,282,7,312,348,0,348,660
02/19/2016,LYH,VA,AEA,EN,Federal Contract Tower,0,14,57,0,71,0,3,183,0,186,0,17,240,0,257,236,0,236,493
02/20/2016,LYH,VA,AEA,EN,Federal Contract Tower,0,12,44,0,56,0,7,134,0,141,0,19,178,0,197,190,0,190,387
02/21/2016,LYH,VA,AEA,EN,Federal Contract Tower,0,14,17,0,31,0,0,12,0,12,0,14,29,0,43,24,0,24,67
02/22/2016,LYH,VA,AEA,EN,Federal Contract Tower,0,13,28,10,51,0,0,7,0,7,0,13,35,10,58,28,0,28,86
02/23/2016,LYH,VA,AEA,EN,Federal Contract Tower,0,13,5,0,18,0,0,0,0,0,0,13,5,0,18,0,0,0,18
02/24/2016,LYH,VA,AEA,EN,Federal Contract Tower,0,20,11,0,31,0,2,3,0,5,0,22,14,0,36,0,0,0,36
02/25/2016,LYH,VA,AEA,EN,Federal Contract Tower,0,17,8,0,25,0,2,21,8,31,0,19,29,8,56,0,0,0,56
02/26/2016,LYH,VA,AEA,EN,Federal Contract Tower,0,14,31,0,45,0,1,183,0,184,0,15,214,0,229,182,0,182,411
02/27/2016,LYH,VA,AEA,EN,Federal Contract Tower,0,12,43,0,55,0,0,197,2,199,0,12,240,2,254,314,0,314,568
02/28/2016,LYH,VA,AEA,EN,Federal Contract Tower,0,11,11,0,22,0,0,50,0,50,0,11,61,0,72,34,0,34,106
02/29/2016,LYH,VA,AEA,EN,Federal Contract Tower,0,13,38,2,53,0,8,113,0,121,0,21,151,2,174,246,0,246,420
03/01/2016,LYH,VA,AEA,EN,Federal Contract Tower,0,16,26,0,42,0,0,195,2,197,0,16,221,2,239,360,0,360,599
03/02/2016,LYH,VA,AEA,EN,Federal Contract Tower,0,20,11,0,31,0,0,105,0,105,0,20,116,0,136,198,0,198,334
03/03/2016,LYH,VA,AEA,EN,Federal Contract Tower,0,17,42,8,67,0,0,155,0,155,0,17,197,8,222,342,0,342,564
03/04/2016,LYH,VA,AEA,EN,Federal Contract Tower,0,15,32,0,47,0,0,149,0,149,0,15,181,0,196,288,0,288,484
03/05/2016,LYH,VA,AEA,EN,Federal Contract Tower,0,9,13,0,22,0,2,138,0,140,0,11,151,0,162,322,0,322,484
03/06/2016,LYH,VA,AEA,EN,Federal Contract Tower,0,9,14,0,23,0,5,57,6,68,0,14,71,6,91,30,0,30,121
03/07/2016,LYH,VA,AEA,EN,Federal Contract Tower,0,14,52,0,66,0,2,191,0,193,0,16,243,0,259,456,0,456,715
03/08/2016,LYH,VA,AEA,EN,Federal Contract Tower,0,12,38,0,50,0,10,191,2,203,0,22,229,2,253,412,0,412,665
03/09/2016,LYH,VA,AEA,EN,Federal Contract Tower,0,18,36,1,55,0,2,165,3,170,0,20,201,4,225,322,0,322,547
03/10/2016,LYH,VA,AEA,EN,Federal Contract Tower,0,17,38,0,55,0,4,125,0,129,0,21,163,0,184,218,0,218,402
03/11/2016,LYH,VA,AEA,EN,Federal Contract Tower,0,17,40,0,57,0,6,168,2,176,0,23,208,2,233,336,0,336,569
03/12/2016,LYH,VA,AEA,EN,Federal Contract Tower,0,7,25,0,32,0,2,52,0,54,0,9,77,0,86,72,0,72,158
03/13/2016,LYH,VA,AEA,EN,Federal Contract Tower,0,9,17,1,27,0,8,24,1,33,0,17,41,2,60,10,8,18,78
03/14/2016,LYH,VA,AEA,EN,Federal Contract Tower,0,11,10,0,21,0,0,0,0,0,0,11,10,0,21,0,0,0,21
03/15/2016,LYH,VA,AEA,EN,Federal Contract Tower,0,13,26,4,43,0,0,112,6,118,0,13,138,10,161,288,4,292,453
03/16/2016,LYH,VA,AEA,EN,Federal Contract Tower,0,16,28,1,45,0,4,101,2,107,0,20,129,3,152,214,0,214,366
03/17/2016,LYH,VA,AEA,EN,Federal Contract Tower,0,12,29,1,42,0,5,123,3,131,0,17,152,4,173,142,0,142,315
03/18/2016,LYH,VA,AEA,EN,Federal Contract Tower,0,12,41,3,56,0,1,122,3,126,0,13,163,6,182,176,4,180,362
03/19/2016,LYH,VA,AEA,EN,Federal Contract Tower,0,11,7,0,18,0,0,19,0,19,0,11,26,0,37,42,0,42,79
03/20/2016,LYH,VA,AEA,EN,Federal Contract Tower,0,13,7,0,20,0,0,2,0,2,0,13,9,0,22,0,0,0,22
03/21/2016,LYH,VA,AEA,EN,Federal Contract Tower,2,14,21,1,38,0,1,113,2,116,2,15,134,3,154,160,0,160,314
03/22/2016,LYH,VA,AEA,EN,Federal Contract Tower,0,14,29,0,43,0,5,162,0,167,0,19,191,0,210,468,0,468,678
03/23/2016,LYH,VA,AEA,EN,Federal Contract Tower,0,14,23,0,37,0,1,170,2,173,0,15,193,2,210,382,0,382,592
03/24/2016,LYH,VA,AEA,EN,Federal Contract Tower,0,12,18,0,30,0,3,148,2,153,0,15,166,2,183,268,0,268,451
03/25/2016,LYH,VA,AEA,EN,Federal Contract Tower,0,15,68,0,83,0,0,139,0,139,0,15,207,0,222,374,0,374,596
03/26/2016,LYH,VA,AEA,EN,Federal Contract Tower,0,11,46,0,57,0,3,138,2,143,0,14,184,2,200,360,0,360,560
03/27/2016,LYH,VA,AEA,EN,Federal Contract Tower,0,9,20,0,29,0,0,6,0,6,0,9,26,0,35,0,0,0,35
03/28/2016,LYH,VA,AEA,EN,Federal Contract Tower,0,13,18,8,39,0,4,33,0,37,0,17,51,8,76,48,18,66,142
03/29/2016,LYH,VA,AEA,EN,Federal Contract Tower,0,15,38,0,53,0,4,189,0,193,0,19,227,0,246,404,0,404,650
03/30/2016,LYH,VA,AEA,EN,Federal Contract Tower,0,13,43,0,56,0,2,172,4,178,0,15,215,4,234,264,0,264,498
03/31/2016,LYH,VA,AEA,EN,Federal Contract Tower,0,15,10,0,25,0,0,60,0,60,0,15,70,0,85,182,0,182,267
04/01/2016,LYH,VA,AEA,EN,Federal Contract Tower,0,19,20,0,39,0,4,54,8,66,0,23,74,8,105,142,0,142,247
04/02/2016,LYH,VA,AEA,EN,Federal Contract Tower,0,10,16,2,28,0,2,100,0,102,0,12,116,2,130,160,0,160,290
04/03/2016,LYH,VA,AEA,EN,Federal Contract Tower,0,15,10,0,25,0,5,35,0,40,0,20,45,0,65,56,0,56,121
04/04/2016,LYH,VA,AEA,EN,Federal Contract Tower,0,15,31,1,47,0,1,146,0,147,0,16,177,1,194,230,0,230,424
04/05/2016,LYH,VA,AEA,EN,Federal Contract Tower,0,13,37,1,51,0,1,196,4,201,0,14,233,5,252,334,0,334,586
04/06/2016,LYH,VA,AEA,EN,Federal Contract Tower,0,14,43,0,57,0,1,176,2,179,0,15,219,2,236,274,0,274,510
04/07/2016,LYH,VA,AEA,EN,Federal Contract Tower,0,13,18,0,31,0,1,62,4,67,0,14,80,4,98,106,4,110,208
04/08/2016,LYH,VA,AEA,EN,Federal Contract Tower,0,18,27,0,45,0,4,157,0,161,0,22,184,0,206,396,0,396,602
04/09/2016,LYH,VA,AEA,EN,Federal Contract Tower,0,11,7,0,18,0,0,21,0,21,0,11,28,0,39,50,0,50,89
04/10/2016,LYH,VA,AEA,EN,Federal Contract Tower,0,13,17,0,30,0,6,132,0,138,0,19,149,0,168,272,0,272,440
04/11/2016,LYH,VA,AEA,EN,Federal Contract Tower,0,16,18,0,34,0,7,79,0,86,0,23,97,0,120,178,0,178,298
04/12/2016,LYH,VA,AEA,EN,Federal Contract Tower,0,15,56,0,71,0,8,117,0,125,0,23,173,0,196,320,0,320,516
04/13/2016,LYH,VA,AEA,EN,Federal Contract Tower,0,17,33,0,50,0,3,218,0,221,0,20,251,0,271,392,0,392,663
04/14/2016,LYH,VA,AEA,EN,Federal Contract Tower,0,16,32,7,55,0,2,198,1,201,0,18,230,8,256,446,0,446,702
04/15/2016,LYH,VA,AEA,EN,Federal Contract Tower,0,16,52,0,68,0,7,194,0,201,0,23,246,0,269,388,0,388,657
04/16/2016,LYH,VA,AEA,EN,Federal Contract Tower,0,11,25,0,36,0,1,131,2,134,0,12,156,2,170,340,0,340,510
04/17/2016,LYH,VA,AEA,EN,Federal Contract Tower,0,13,26,0,39,0,7,100,2,109,0,20,126,2,148,140,0,140,288
04/18/2016,LYH,VA,AEA,EN,Federal Contract Tower,0,14,41,0,55,0,5,220,0,225,0,19,261,0,280,418,0,418,698
04/19/2016,LYH,VA,AEA,EN,Federal Contract Tower,0,14,32,0,46,0,2,152,0,154,0,16,184,0,200,322,0,322,522
04/20/2016,LYH,VA,AEA,EN,Federal Contract Tower,0,13,23,3,39,0,6,174,3,183,0,19,197,6,222,238,12,250,472
04/21/2016,LYH,VA,AEA,EN,Federal Contract Tower,0,20,38,0,58,0,8,157,0,165,0,28,195,0,223,288,0,288,511
04/22/2016,LYH,VA,AEA,EN,Federal Contract Tower,0,23,40,0,63,0,6,52,0,58,0,29,92,0,121,114,0,114,235
04/23/2016,LYH,VA,AEA,EN,Federal Contract Tower,0,17,35,0,52,0,2,94,0,96,0,19,129,0,148,190,0,190,338
04/24/2016,LYH,VA,AEA,EN,Federal Contract Tower,0,15,20,0,35,0,1,80,0,81,0,16,100,0,116,106,0,106,222
04/25/2016,LYH,VA,AEA,EN,Federal Contract Tower,0,12,41,0,53,0,1,200,2,203,0,13,241,2,256,314,0,314,570
04/26/2016,LYH,VA,AEA,EN,Federal Contract Tower,0,18,35,0,53,0,6,131,0,137,0,24,166,0,190,272,0,272,462
04/27/2016,LYH,VA,AEA,EN,Federal Contract Tower,0,18,25,0,43,0,4,115,2,121,0,22,140,2,164,258,0,258,422
04/28/2016,LYH,VA,AEA,EN,Federal Contract Tower,0,14,24,0,38,0,0,0,0,0,0,14,24,0,38,0,0,0,38
04/29/2016,LYH,VA,AEA,EN,Federal Contract Tower,0,15,52,0,67,0,0,56,0,56,0,15,108,0,123,134,0,134,257
04/30/2016,LYH,VA,AEA,EN,Federal Contract Tower,0,16,24,0,40,0,0,2,0,2,0,16,26,0,42,0,0,0,42
05/01/2016,LYH,VA,AEA,EN,Federal Contract Tower,0,9,17,0,26,0,1,31,0,32,0,10,48,0,58,108,0,108,166
05/02/2016,LYH,VA,AEA,EN,Federal Contract Tower,0,12,23,0,35,0,1,116,0,117,0,13,139,0,152,208,0,208,360
05/03/2016,LYH,VA,AEA,EN,Federal Contract Tower,0,12,19,0,31,0,0,77,0,77,0,12,96,0,108,212,0,212,320
05/04/2016,LYH,VA,AEA,EN,Federal Contract Tower,0,15,40,0,55,0,0,178,0,178,0,15,218,0,233,374,0,374,607
05/05/2016,LYH,VA,AEA,EN,Federal Contract Tower,0,12,14,0,26,0,0,0,0,0,0,12,14,0,26,0,0,0,26
05/06/2016,LYH,VA,AEA,EN,Federal Contract Tower,0,12,54,0,66,0,0,45,0,45,0,12,99,0,111,142,0,142,253
05/07/2016,LYH,VA,AEA,EN,Federal Contract Tower,0,14,28,0,42,0,9,119,0,128,0,23,147,0,170,192,0,192,362
05/08/2016,LYH,VA,AEA,EN,Federal Contract Tower,0,9,20,0,29,0,0,49,0,49,0,9,69,0,78,12,0,12,90
05/09/2016,LYH,VA,AEA,EN,Federal Contract Tower,0,14,30,1,45,0,4,202,0,206,0,18,232,1,251,356,0,356,607
05/10/2016,LYH,VA,AEA,EN,Federal Contract Tower,0,13,57,0,70,0,0,22,0,22,0,13,79,0,92,46,0,46,138
05/11/2016,LYH,VA,AEA,EN,Federal Contract Tower,0,15,29,0,44,0,0,14,0,14,0,15,43,0,58,12,0,12,70
05/12/2016,LYH,VA,AEA,EN,Federal Contract Tower,0,12,39,1,52,0,1,2,1,4,0,13,41,2,56,4,0,4,60
05/13/2016,LYH,VA,AEA,EN,Federal Contract Tower,0,20,38,4,62,0,0,98,0,98,0,20,136,4,160,112,4,116,276
05/14/2016,LYH,VA,AEA,EN,Federal Contract Tower,0,11,26,0,37,0,4,59,2,65,0,15,85,2,102,22,0,22,124
05/15/2016,LYH,VA,AEA,EN,Federal Contract Tower,0,12,19,0,31,0,2,38,0,40,0,14,57,0,71,28,0,28,99
05/16/2016,LYH,VA,AEA,EN,Federal Contract Tower,0,12,37,1,50,0,5,234,0,239,0,17,271,1,289,406,0,406,695
05/17/2016,LYH,VA,AEA,EN,Federal Contract Tower,0,20,53,0,73,0,0,2,0,2,0,20,55,0,75,10,0,10,85
05/18/2016,LYH,VA,AEA,EN,Federal Contract Tower,0,16,33,7,56,0,3,64,0,67,0,19,97,7,123,188,0,188,311
05/19/2016,LYH,VA,AEA,EN,Federal Contract Tower,0,19,13,10,42,0,2,34,0,36,0,21,47,10,78,22,0,22,100
05/20/2016,LYH,VA,AEA,EN,Federal Contract Tower,0,13,11,2,26,0,0,36,1,37,0,13,47,3,63,6,0,6,69
05/21/2016,LYH,VA,AEA,EN,Federal Contract Tower,0,5,4,0,9,0,2,22,0,24,0,7,26,0,33,2,0,2,35
05/22/2016,LYH,VA,AEA,EN,Federal Contract Tower,0,9,9,14,32,0,0,57,16,73,0,9,66,30,105,136,0,136,241
05/23/2016,LYH,VA,AEA,EN,Federal Contract Tower,0,13,32,4,49,0,6,110,0,116,0,19,142,4,165,268,0,268,433
05/24/2016,LYH,VA,AEA,EN,Federal Contract Tower,0,9,36,3,48,0,0,265,0,265,0,9,301,3,313,432,0,432,745
05/25/2016,LYH,VA,AEA,EN,Federal Contract Tower,0,11,38,0,49,0,1,237,0,238,0,12,275,0,287,400,0,400,687
05/26/2016,LYH,VA,AEA,EN,Federal Contract Tower,0,13,23,0,36,0,1,176,1,178,0,14,199,1,214,286,0,286,500
05/27/2016,LYH,VA,AEA,EN,Federal Contract Tower,0,11,18,0,29,0,1,140,0,141,0,12,158,0,170,276,0,276,446
05/28/2016,LYH,VA,AEA,EN,Federal Contract Tower,0,11,14,0,25,0,2,88,0,90,0,13,102,0,115,196,0,196,311
05/29/2016,LYH,VA,AEA,EN,Federal Contract Tower,0,11,12,0,23,0,4,26,0,30,0,15,38,0,53,54,0,54,107
05/30/2016,LYH,VA,AEA,EN,Federal Contract Tower,0,14,24,0,38,0,0,71,0,71,0,14,95,0,109,188,0,188,297
05/31/2016,LYH,VA,AEA,EN,Federal Contract Tower,0,7,34,4,45,0,0,172,3,175,0,7,206,7,220,332,8,340,560
06/01/2016,LYH,VA,AEA,EN,Federal Contract Tower,0,12,32,0,44,0,1,207,2,210,0,13,239,2,254,274,0,274,528
06/02/2016,LYH,VA,AEA,EN,Federal Contract Tower,0,14,40,2,56,0,4,89,0,93,0,18,129,2,149,178,0,178,327
06/03/2016,LYH,VA,AEA,EN,Federal Contract Tower,0,9,21,2,32,0,1,89,0,90,0,10,110,2,122,238,0,238,360
06/04/2016,LYH,VA,AEA,EN,Federal Contract Tower,0,14,17,1,32,0,1,54,0,55,0,15,71,1,87,152,0,152,239
06/05/2016,LYH,VA,AEA,EN,Federal Contract Tower,0,12,10,0,22,0,0,20,0,20,0,12,30,0,42,2,0,2,44
06/06/2016,LYH,VA,AEA,EN,Federal Contract Tower,0,15,40,0,55,0,0,171,0,171,0,15,211,0,226,280,0,280,506
06/07/2016,LYH,VA,AEA,EN,Federal Contract Tower,0,13,25,1,39,0,1,180,0,181,0,14,205,1,220,362,0,362,582
06/08/2016,LYH,VA,AEA,EN,Federal Contract Tower,0,22,17,6,45,0,0,134,2,136,0,22,151,8,181,186,0,186,367
06/09/2016,LYH,VA,AEA,EN,Federal Contract Tower,2,13,42,9,66,0,5,161,14,180,2,18,203,23,246,230,20,250,496
06/10/2016,LYH,VA,AEA,EN,Federal Contract Tower,0,11,44,2,57,0,0,163,3,166,0,11,207,5,223,246,2,248,471
06/11/2016,LYH,VA,AEA,EN,Federal Contract Tower,0,12,27,3,42,0,2,154,5,161,0,14,181,8,203,254,10,264,467
06/12/2016,LYH,VA,AEA,EN,Federal Contract Tower,0,15,8,0,23,0,5,45,4,54,0,20,53,4,77,28,0,28,105
06/13/2016,LYH,VA,AEA,EN,Federal Contract Tower,0,12,23,4,39,0,4,139,1,144,0,16,162,5,183,312,16,328,511
06/14/2016,LYH,VA,AEA,EN,Federal Contract Tower,0,25,25,0,50,0,0,146,0,146,0,25,171,0,196,174,2,176,372
06/15/2016,LYH,VA,AEA,EN,Federal Contract Tower,0,17,38,0,55,0,0,86,0,86,0,17,124,0,141,178,0,178,319
06/16/2016,LYH,VA,AEA,EN,Federal Contract Tower,0,13,20,0,33,0,2,111,2,115,0,15,131,2,148,200,2,202,350
06/17/2016,LYH,VA,AEA,EN,Federal Contract Tower,0,14,26,2,42,0,3,5,0,8,0,17,31,2,50,26,0,26,76
06/18/2016,LYH,VA,AEA,EN,Federal Contract Tower,0,13,28,0,41,0,2,113,0,115,0,15,141,0,156,216,0,216,372
06/19/2016,LYH,VA,AEA,EN,Federal Contract Tower,0,9,8,0,17,0,3,70,0,73,0,12,78,0,90,104,0,104,194
06/20/2016,LYH,VA,AEA,EN,Federal Contract Tower,0,11,17,3,31,0,2,153,2,157,0,13,170,5,188,224,0,224,412
06/21/2016,LYH,VA,AEA,EN,Federal Contract Tower,0,13,13,0,26,0,3,69,0,72,0,16,82,0,98,130,0,130,228
06/22/2016,LYH,VA,AEA,EN,Federal Contract Tower,0,11,24,0,35,0,2,147,0,149,0,13,171,0,184,312,0,312,496
06/23/2016,LYH,VA,AEA,EN,Federal Contract Tower,0,14,8,0,22,0,0,0,0,0,0,14,8,0,22,0,0,0,22
06/24/2016,LYH,VA,AEA,EN,Federal Contract Tower,0,16,40,0,56,0,4,76,0,80,0,20,116,0,136,156,0,156,292
06/25/2016,LYH,VA,AEA,EN,Federal Contract Tower,0,10,20,1,31,0,5,54,0,59,0,15,74,1,90,186,0,186,276
06/26/2016,LYH,VA,AEA,EN,Federal Contract Tower,0,17,9,0,26,0,0,43,0,43,0,17,52,0,69,36,0,36,105
06/27/2016,LYH,VA,AEA,EN,Federal Contract Tower,0,15,26,0,41,0,0,75,0,75,0,15,101,0,116,260,0,260,376
06/28/2016,LYH,VA,AEA,EN,Federal Contract Tower,0,12,23,0,35,0,0,144,1,145,0,12,167,1,180,354,0,354,534
06/29/2016,LYH,VA,AEA,EN,Federal Contract Tower,0,15,38,3,56,0,1,174,0,175,0,16,212,3,231,350,0,350,581
06/30/2016,LYH,VA,AEA,EN,Federal Contract Tower,0,12,30,0,42,0,4,147,3,154,0,16,177,3,196,294,0,294,490
07/01/2016,LYH,VA,AEA,EN,Federal Contract Tower,0,13,20,2,35,0,3,84,0,87,0,16,104,2,122,148,0,148,270
07/02/2016,LYH,VA,AEA,EN,Federal Contract Tower,0,9,19,1,29,0,0,75,0,75,0,9,94,1,104,92,0,92,196
07/03/2016,LYH,VA,AEA,EN,Federal Contract Tower,0,10,7,0,17,0,0,0,0,0,0,10,7,0,17,0,0,0,17
07/04/2016,LYH,VA,AEA,EN,Federal Contract Tower,0,10,4,0,14,0,0,0,0,0,0,10,4,0,14,0,0,0,14
07/05/2016,LYH,VA,AEA,EN,Federal Contract Tower,2,11,23,2,38,0,2,79,0,81,2,13,102,2,119,182,0,182,301
07/06/2016,LYH,VA,AEA,EN,Federal Contract Tower,0,11,23,2,36,0,2,107,0,109,0,13,130,2,145,242,2,244,389
07/07/2016,LYH,VA,AEA,EN,Federal Contract Tower,0,11,14,0,25,0,1,107,0,108,0,12,121,0,133,280,0,280,413
07/08/2016,LYH,VA,AEA,EN,Federal Contract Tower,0,11,19,2,32,0,0,124,0,124,0,11,143,2,156,194,0,194,350
07/09/2016,LYH,VA,AEA,EN,Federal Contract Tower,0,10,17,0,27,0,0,141,0,141,0,10,158,0,168,212,0,212,380
07/10/2016,LYH,VA,AEA,EN,Federal Contract Tower,0,12,29,0,41,0,3,52,0,55,0,15,81,0,96,40,0,40,136
07/11/2016,LYH,VA,AEA,EN,Federal Contract Tower,0,10,27,0,37,0,2,119,2,123,0,12,146,2,160,174,2,176,336
07/13/2016,LYH,VA,AEA,EN,Federal Contract Tower,0,18,19,0,37,0,6,126,2,134,0,24,145,2,171,190,0,190,361
07/14/2016,LYH,VA,AEA,EN,Federal Contract Tower,0,15,20,0,35,0,1,100,0,101,0,16,120,0,136,234,0,234,370
07/15/2016,LYH,VA,AEA,EN,Federal Contract Tower,0,13,33,4,50,0,2,123,0,125,0,15,156,4,175,220,0,220,395
07/16/2016,LYH,VA,AEA,EN,Federal Contract Tower,0,9,13,0,22,0,2,129,2,133,0,11,142,2,155,190,0,190,345
07/17/2016,LYH,VA,AEA,EN,Federal Contract Tower,0,11,20,0,31,0,1,53,0,54,0,12,73,0,85,10,0,10,95
07/18/2016,LYH,VA,AEA,EN,Federal Contract Tower,0,16,20,0,36,0,11,131,0,142,0,27,151,0,178,204,0,204,382
07/19/2016,LYH,VA,AEA,EN,Federal Contract Tower,0,14,18,4,36,0,18,116,0,134,0,32,134,4,170,122,0,122,292
07/20/2016,LYH,VA,AEA,EN,Federal Contract Tower,0,17,32,4,53,0,19,130,0,149,0,36,162,4,202,264,8,272,474
07/21/2016,LYH,VA,AEA,EN,Federal Contract Tower,0,19,22,3,44,0,5,120,0,125,0,24,142,3,169,206,0,206,375
07/22/2016,LYH,VA,AEA,EN,Federal Contract Tower,0,14,19,0,33,0,8,123,0,131,0,22,142,0,164,224,0,224,388
07/23/2016,LYH,VA,AEA,EN,Federal Contract Tower,0,11,20,0,31,0,5,78,0,83,0,16,98,0,114,106,0,106,220
07/24/2016,LYH,VA,AEA,EN,Federal Contract Tower,0,11,9,0,20,0,5,16,0,21,0,16,25,0,41,4,0,4,45
07/25/2016,LYH,VA,AEA,EN,Federal Contract Tower,0,10,15,0,25,0,6,105,2,113,0,16,120,2,138,140,2,142,280
07/26/2016,LYH,VA,AEA,EN,Federal Contract Tower,0,17,22,4,43,0,2,97,1,100,0,19,119,5,143,174,6,180,323
07/27/2016,LYH,VA,AEA,EN,Federal Contract Tower,0,16,20,0,36,0,5,93,0,98,0,21,113,0,134,184,0,184,318
07/28/2016,LYH,VA,AEA,EN,Federal Contract Tower,0,12,13,0,25,0,0,82,0,82,0,12,95,0,107,194,0,194,301
07/29/2016,LYH,VA,AEA,EN,Federal Contract Tower,0,20,35,4,59,0,0,87,2,89,0,20,122,6,148,198,6,204,352
07/30/2016,LYH,VA,AEA,EN,Federal Contract Tower,0,11,16,0,27,0,0,65,0,65,0,11,81,0,92,120,0,120,212
07/31/2016,LYH,VA,AEA,EN,Federal Contract Tower,0,15,11,0,26,0,0,32,0,32,0,15,43,0,58,32,0,32,90
08/01/2016,LYH,VA,AEA,EN,Federal Contract Tower,0,10,20,4,34,0,4,127,0,131,0,14,147,4,165,262,16,278,443
08/02/2016,LYH,VA,AEA,EN,Federal Contract Tower,0,20,22,0,42,0,8,129,11,148,0,28,151,11,190,270,0,270,460
08/03/2016,LYH,VA,AEA,EN,Federal Contract Tower,0,16,15,0,31,0,0,42,0,42,0,16,57,0,73,116,0,116,189
08/04/2016,LYH,VA,AEA,EN,Federal Contract Tower,0,14,36,0,50,0,7,53,0,60,0,21,89,0,110,62,0,62,172
08/05/2016,LYH,VA,AEA,EN,Federal Contract Tower,0,16,18,0,34,0,0,15,0,15,0,16,33,0,49,40,0,40,89
08/06/2016,LYH,VA,AEA,EN,Federal Contract Tower,0,10,8,4,22,0,0,40,2,42,0,10,48,6,64,8,0,8,72
08/07/2016,LYH,VA,AEA,EN,Federal Contract Tower,0,10,16,0,26,0,4,70,2,76,0,14,86,2,102,82,0,82,184
08/08/2016,LYH,VA,AEA,EN,Federal Contract Tower,0,13,14,6,33,0,0,29,0,29,0,13,43,6,62,118,0,118,180
08/09/2016,LYH,VA,AEA,EN,Federal Contract Tower,0,14,13,0,27,0,0,2,0,2,0,14,15,0,29,0,0,0,29
08/10/2016,LYH,VA,AEA,EN,Federal Contract Tower,0,12,38,0,50,0,2,84,2,88,0,14,122,2,138,140,2,142,280
08/11/2016,LYH,VA,AEA,EN,Federal Contract Tower,0,14,28,0,42,0,0,149,0,149,0,14,177,0,191,188,0,188,379
08/12/2016,LYH,VA,AEA,EN,Federal Contract Tower,0,11,30,0,41,0,2,156,7,165,0,13,186,7,206,154,0,154,360
08/13/2016,LYH,VA,AEA,EN,Federal Contract Tower,0,13,24,0,37,0,2,90,0,92,0,15,114,0,129,134,0,134,263
08/14/2016,LYH,VA,AEA,EN,Federal Contract Tower,0,14,19,3,36,0,1,43,1,45,0,15,62,4,81,12,0,12,93
08/15/2016,LYH,VA,AEA,EN,Federal Contract Tower,0,19,17,0,36,0,8,93,0,101,0,27,110,0,137,230,0,230,367
08/16/2016,LYH,VA,AEA,EN,Federal Contract Tower,0,13,35,0,48,0,0,73,0,73,0,13,108,0,121,156,0,156,277
08/17/2016,LYH,VA,AEA,EN,Federal Contract Tower,0,14,15,0,29,0,1,87,0,88,0,15,102,0,117,138,0,138,255
08/18/2016,LYH,VA,AEA,EN,Federal Contract Tower,0,13,28,0,41,0,5,99,0,104,0,18,127,0,145,158,0,158,303
08/19/2016,LYH,VA,AEA,EN,Federal Contract Tower,0,19,28,0,47,0,0,0,0,0,0,19,28,0,47,122,0,122,169
08/20/2016,LYH,VA,AEA,EN,Federal Contract Tower,0,9,20,6,35,0,3,60,0,63,0,12,80,6,98,58,0,58,156
08/21/2016,LYH,VA,AEA,EN,Federal Contract Tower,0,11,14,0,25,0,0,31,0,31,0,11,45,0,56,80,0,80,136
08/22/2016,LYH,VA,AEA,EN,Federal Contract Tower,0,11,16,0,27,0,3,92,0,95,0,14,108,0,122,236,0,236,358
08/23/2016,LYH,VA,AEA,EN,Federal Contract Tower,0,11,14,0,25,0,0,77,4,81,0,11,91,4,106,74,4,78,184
08/24/2016,LYH,VA,AEA,EN,Federal Contract Tower,0,12,23,0,35,0,2,78,0,80,0,14,101,0,115,142,0,142,257
08/25/2016,LYH,VA,AEA,EN,Federal Contract Tower,2,18,21,0,41,0,3,89,1,93,2,21,110,1,134,104,0,104,238
08/26/2016,LYH,VA,AEA,EN,Federal Contract Tower,2,9,16,0,27,0,3,71,1,75,2,12,87,1,102,110,0,110,212
08/27/2016,LYH,VA,AEA,EN,Federal Contract Tower,0,10,10,0,20,0,5,75,0,80,0,15,85,0,100,24,0,24,124
08/28/2016,LYH,VA,AEA,EN,Federal Contract Tower,2,10,7,5,24,0,0,77,4,81,2,10,84,9,105,44,4,48,153
08/29/2016,LYH,VA,AEA,EN,Federal Contract Tower,2,14,21,4,41,0,4,115,4,123,2,18,136,8,164,148,0,148,312
08/30/2016,LYH,VA,AEA,EN,Federal Contract Tower,2,13,14,0,29,0,0,71,0,71,2,13,85,0,100,102,0,102,202
08/31/2016,LYH,VA,AEA,EN,Federal Contract Tower,2,21,23,0,46,0,2,81,0,83,2,23,104,0,129,94,0,94,223
09/01/2016,LYH,VA,AEA,EN,Federal Contract Tower,2,12,11,9,34,0,4,58,0,62,2,16,69,9,96,144,0,144,240
09/02/2016,LYH,VA,AEA,EN,Federal Contract Tower,2,14,13,0,29,0,2,73,0,75,2,16,86,0,104,122,0,122,226
09/03/2016,LYH,VA,AEA,EN,Federal Contract Tower,0,8,6,0,14,0,0,23,0,23,0,8,29,0,37,0,0,0,37
09/04/2016,LYH,VA,AEA,EN,Federal Contract Tower,2,9,12,0,23,0,0,47,0,47,2,9,59,0,70,8,0,8,78
09/05/2016,LYH,VA,AEA,EN,Federal Contract Tower,2,13,7,0,22,0,0,119,0,119,2,13,126,0,141,206,0,206,347
09/06/2016,LYH,VA,AEA,EN,Federal Contract Tower,2,8,24,2,36,0,1,100,2,103,2,9,124,4,139,82,0,82,221
09/07/2016,LYH,VA,AEA,EN,Federal Contract Tower,2,17,27,1,47,0,3,110,0,113,2,20,137,1,160,168,0,168,328
09/08/2016,LYH,VA,AEA,EN,Federal Contract Tower,4,7,10,0,21,0,2,113,5,120,4,9,123,5,141,202,0,202,343
09/09/2016,LYH,VA,AEA,EN,Federal Contract Tower,3,11,25,6,45,0,2,148,0,150,3,13,173,6,195,216,6,222,417
09/10/2016,LYH,VA,AEA,EN,Federal Contract Tower,0,9,20,0,29,0,5,88,2,95,0,14,108,2,124,70,4,74,198
09/11/2016,LYH,VA,AEA,EN,Federal Contract Tower,3,12,10,0,25,0,0,38,0,38,3,12,48,0,63,8,0,8,71
09/12/2016,LYH,VA,AEA,EN,Federal Contract Tower,2,12,24,0,38,0,2,140,0,142,2,14,164,0,180,144,0,144,324
09/13/2016,LYH,VA,AEA,EN,Federal Contract Tower,4,8,42,3,57,0,1,92,0,93,4,9,134,3,150,110,2,112,262
09/14/2016,LYH,VA,AEA,EN,Federal Contract Tower,2,10,27,0,39,0,6,146,2,154,2,16,173,2,193,232,10,242,435
09/15/2016,LYH,VA,AEA,EN,Federal Contract Tower,4,11,74,0,89,0,3,68,0,71,4,14,142,0,160,158,0,158,318
09/16/2016,LYH,VA,AEA,EN,Federal Contract Tower,4,14,54,0,72,0,0,42,0,42,4,14,96,0,114,114,0,114,228
09/17/2016,LYH,VA,AEA,EN,Federal Contract Tower,0,12,36,0,48,0,4,37,0,41,0,16,73,0,89,118,0,118,207
09/18/2016,LYH,VA,AEA,EN,Federal Contract Tower,2,13,8,2,25,0,0,13,10,23,2,13,21,12,48,10,0,10,58
09/19/2016,LYH,VA,AEA,EN,Federal Contract Tower,2,7,24,2,35,0,0,20,0,20,2,7,44,2,55,76,0,76,131
09/20/2016,LYH,VA,AEA,EN,Federal Contract Tower,2,10,41,4,57,0,4,106,2,112,2,14,147,6,169,242,0,242,411
09/21/2016,LYH,VA,AEA,EN,Federal Contract Tower,4,11,41,0,56,0,2,47,0,49,4,13,88,0,105,170,0,170,275
09/22/2016,LYH,VA,AEA,EN,Federal Contract Tower,2,12,48,1,63,0,3,86,0,89,2,15,134,1,152,160,0,160,312
09/23/2016,LYH,VA,AEA,EN,Federal Contract Tower,2,18,22,0,42,0,0,106,5,111,2,18,128,5,153,143,0,143,296
09/24/2016,LYH,VA,AEA,EN,Federal Contract Tower,0,15,13,0,28,0,4,59,0,63,0,19,72,0,91,90,0,90,181
09/25/2016,LYH,VA,AEA,EN,Federal Contract Tower,2,10,22,0,34,0,0,20,0,20,2,10,42,0,54,6,0,6,60
09/26/2016,LYH,VA,AEA,EN,Federal Contract Tower,2,12,27,0,41,0,0,11,0,11,2,12,38,0,52,46,0,46,98
09/27/2016,LYH,VA,AEA,EN,Federal Contract Tower,2,16,21,3,42,0,0,19,2,21,2,16,40,5,63,38,0,38,101
09/28/2016,LYH,VA,AEA,EN,Federal Contract Tower,2,15,16,4,37,0,2,27,0,29,2,17,43,4,66,58,0,58,124
09/29/2016,LYH,VA,AEA,EN,Federal Contract Tower,2,17,12,0,31,0,0,5,0,5,2,17,17,0,36,12,0,12,48
09/30/2016,LYH,VA,AEA,EN,Federal Contract Tower,0,21,22,0,43,0,0,0,0,0,0,21,22,0,43,0,0,0,43
10/01/2016,LYH,VA,AEA,EN,Federal Contract Tower,0,11,9,0,20,0,0,21,0,21,0,11,30,0,41,42,0,42,83
10/02/2016,LYH,VA,AEA,EN,Federal Contract Tower,2,11,24,0,37,0,0,31,0,31,2,11,55,0,68,16,0,16,84
10/03/2016,LYH,VA,AEA,EN,Federal Contract Tower,2,14,8,1,25,0,2,64,0,66,2,16,72,1,91,50,0,50,141
10/04/2016,LYH,VA,AEA,EN,Federal Contract Tower,2,14,15,7,38,0,4,55,1,60,2,18,70,8,98,116,10,126,224
10/05/2016,LYH,VA,AEA,EN,Federal Contract Tower,2,18,31,0,51,0,4,44,0,48,2,22,75,0,99,52,0,52,151
10/06/2016,LYH,VA,AEA,EN,Federal Contract Tower,1,16,21,4,42,0,0,44,0,44,1,16,65,4,86,98,2,100,186
10/07/2016,LYH,VA,AEA,EN,Federal Contract Tower,2,13,10,0,25,0,0,0,0,0,2,13,10,0,25,0,0,0,25
10/08/2016,LYH,VA,AEA,EN,Federal Contract Tower,3,10,9,0,22,0,0,0,0,0,3,10,9,0,22,0,0,0,22
10/09/2016,LYH,VA,AEA,EN,Federal Contract Tower,2,8,15,0,25,0,0,38,0,38,2,8,53,0,63,0,0,0,63
10/10/2016,LYH,VA,AEA,EN,Federal Contract Tower,2,15,23,2,42,0,1,116,0,117,2,16,139,2,159,208,0,208,367
10/11/2016,LYH,VA,AEA,EN,Federal Contract Tower,3,12,27,5,47,0,7,159,0,166,3,19,186,5,213,284,4,288,501
10/12/2016,LYH,VA,AEA,EN,Federal Contract Tower,1,12,34,2,49,0,0,180,0,180,1,12,214,2,229,310,0,310,539
10/13/2016,LYH,VA,AEA,EN,Federal Contract Tower,2,15,21,4,42,0,0,163,2,165,2,15,184,6,207,182,26,208,415
10/14/2016,LYH,VA,AEA,EN,Federal Contract Tower,4,18,33,3,58,0,0,187,0,187,4,18,220,3,245,454,0,454,699
10/15/2016,LYH,VA,AEA,EN,Federal Contract Tower,2,8,33,0,43,0,0,126,0,126,2,8,159,0,169,106,0,106,275
10/16/2016,LYH,VA,AEA,EN,Federal Contract Tower,2,12,26,0,40,0,2,78,0,80,2,14,104,0,120,80,0,80,200
10/17/2016,LYH,VA,AEA,EN,Federal Contract Tower,2,8,21,10,41,0,1,157,0,158,2,9,178,10,199,232,0,232,431
10/18/2016,LYH,VA,AEA,EN,Federal Contract Tower,2,11,33,2,48,0,0,192,0,192,2,11,225,2,240,248,0,248,488
10/19/2016,LYH,VA,AEA,EN,Federal Contract Tower,2,13,26,2,43,0,0,152,0,152,2,13,178,2,195,380,0,380,575
10/20/2016,LYH,VA,AEA,EN,Federal Contract Tower,2,20,24,0,46,0,0,175,0,175,2,20,199,0,221,272,0,272,493
10/21/2016,LYH,VA,AEA,EN,Federal Contract Tower,3,19,25,1,48,0,2,47,3,52,3,21,72,4,100,80,0,80,180
10/22/2016,LYH,VA,AEA,EN,Federal Contract Tower,0,14,15,0,29,0,0,43,0,43,0,14,58,0,72,12,0,12,84
10/23/2016,LYH,VA,AEA,EN,Federal Contract Tower,2,9,9,0,20,0,7,55,0,62,2,16,64,0,82,22,0,22,104
10/24/2016,LYH,VA,AEA,EN,Federal Contract Tower,2,9,25,6,42,0,0,164,0,164,2,9,189,6,206,262,0,262,468
10/25/2016,LYH,VA,AEA,EN,Federal Contract Tower,2,12,31,0,45,0,0,186,2,188,2,12,217,2,233,314,2,316,549
10/26/2016,LYH,VA,AEA,EN,Federal Contract Tower,2,13,24,4,43,0,0,195,0,195,2,13,219,4,238,346,4,350,588
10/27/2016,LYH,VA,AEA,EN,Federal Contract Tower,4,15,16,0,35,0,0,117,2,119,4,15,133,2,154,288,10,298,452
10/28/2016,LYH,VA,AEA,EN,Federal Contract Tower,2,16,32,3,53,0,0,131,0,131,2,16,163,3,184,192,0,192,376
10/29/2016,LYH,VA,AEA,EN,Federal Contract Tower,2,12,23,5,42,0,4,112,0,116,2,16,135,5,158,82,0,82,240
10/30/2016,LYH,VA,AEA,EN,Federal Contract Tower,2,13,10,0,25,0,6,60,2,68,2,19,70,2,93,52,0,52,145
10/31/2016,LYH,VA,AEA,EN,Federal Contract Tower,2,12,27,11,52,0,3,139,2,144,2,15,166,13,196,326,2,328,524
11/01/2016,LYH,VA,AEA,EN,Federal Contract Tower,2,14,43,9,68,0,0,9,3,12,2,14,52,12,80,6,2,8,88
11/02/2016,LYH,VA,AEA,EN,Federal Contract Tower,2,18,30,0,50,0,4,131,0,135,2,22,161,0,185,266,0,266,451
11/03/2016,LYH,VA,AEA,EN,Federal Contract Tower,2,17,27,3,49,0,5,160,4,169,2,22,187,7,218,322,0,322,540
11/04/2016,LYH,VA,AEA,EN,Federal Contract Tower,2,14,21,8,45,0,2,140,0,142,2,16,161,8,187,200,0,200,387
11/05/2016,LYH,VA,AEA,EN,Federal Contract Tower,2,10,21,0,33,0,0,83,0,83,2,10,104,0,116,80,0,80,196
11/06/2016,LYH,VA,AEA,EN,Federal Contract Tower,2,13,17,0,32,0,6,96,2,104,2,19,113,2,136,124,0,124,260
11/07/2016,LYH,VA,AEA,EN,Federal Contract Tower,2,11,40,0,53,0,4,123,0,127,2,15,163,0,180,232,0,232,412
11/08/2016,LYH,VA,AEA,EN,Federal Contract Tower,2,11,12,0,25,0,4,117,0,121,2,15,129,0,146,296,0,296,442
11/09/2016,LYH,VA,AEA,EN,Federal Contract Tower,2,12,33,2,49,0,2,115,0,117,2,14,148,2,166,192,0,192,358
11/10/2016,LYH,VA,AEA,EN,Federal Contract Tower,2,10,33,2,47,0,3,176,1,180,2,13,209,3,227,246,0,246,473
11/11/2016,LYH,VA,AEA,EN,Federal Contract Tower,2,16,21,6,45,0,0,157,0,157,2,16,178,6,202,278,4,282,484
11/12/2016,LYH,VA,AEA,EN,Federal Contract Tower,2,10,31,0,43,0,0,139,0,139,2,10,170,0,182,150,0,150,332
11/13/2016,LYH,VA,AEA,EN,Federal Contract Tower,2,11,31,0,44,0,7,79,0,86,2,18,110,0,130,114,0,114,244
11/14/2016,LYH,VA,AEA,EN,Federal Contract Tower,2,17,40,2,61,0,1,118,2,121,2,18,158,4,182,288,0,288,470
11/15/2016,LYH,VA,AEA,EN,Federal Contract Tower,3,8,25,3,39,0,0,161,1,162,3,8,186,4,201,240,0,240,441
11/16/2016,LYH,VA,AEA,EN,Federal Contract Tower,3,13,23,1,40,0,0,122,1,123,3,13,145,2,163,178,0,178,341
11/17/2016,LYH,VA,AEA,EN,Federal Contract Tower,2,15,23,0,40,0,0,120,0,120,2,15,143,0,160,188,0,188,348
11/18/2016,LYH,VA,AEA,EN,Federal Contract Tower,2,17,24,0,43,0,0,98,0,98,2,17,122,0,141,154,0,154,295
11/19/2016,LYH,VA,AEA,EN,Federal Contract Tower,3,9,13,0,25,0,0,42,0,42,3,9,55,0,67,48,0,48,115
11/20/2016,LYH,VA,AEA,EN,Federal Contract Tower,2,12,12,2,28,0,2,15,0,17,2,14,27,2,45,0,0,0,45
11/21/2016,LYH,VA,AEA,EN,Federal Contract Tower,2,10,20,0,32,0,1,57,0,58,2,11,77,0,90,52,0,52,142
11/22/2016,LYH,VA,AEA,EN,Federal Contract Tower,2,12,12,0,26,0,0,117,0,117,2,12,129,0,143,144,0,144,287
11/23/2016,LYH,VA,AEA,EN,Federal Contract Tower,2,9,20,0,31,0,1,61,0,62,2,10,81,0,93,54,0,54,147
11/24/2016,LYH,VA,AEA,EN,Federal Contract Tower,1,4,2,0,7,0,6,26,0,32,1,10,28,0,39,0,0,0,39
11/25/2016,LYH,VA,AEA,EN,Federal Contract Tower,2,7,9,0,18,0,4,26,0,30,2,11,35,0,48,64,0,64,112
11/26/2016,LYH,VA,AEA,EN,Federal Contract Tower,3,9,13,0,25,0,4,16,0,20,3,13,29,0,45,6,0,6,51
11/27/2016,LYH,VA,AEA,EN,Federal Contract Tower,2,14,26,0,42,0,2,42,0,44,2,16,68,0,86,4,0,4,90
11/28/2016,LYH,VA,AEA,EN,Federal Contract Tower,2,16,22,4,44,0,0,127,2,129,2,16,149,6,173,252,0,252,425
11/29/2016,LYH,VA,AEA,EN,Federal Contract Tower,2,11,16,0,29,0,0,1,0,1,2,11,17,0,30,0,0,0,30
11/30/2016,LYH,VA,AEA,EN,Federal Contract Tower,0,20,23,0,43,0,0,25,0,25,0,20,48,0,68,126,0,126,194
12/01/2016,LYH,VA,AEA,EN,Federal Contract Tower,2,11,24,0,37,0,2,162,0,164,2,13,186,0,201,214,2,216,417
12/02/2016,LYH,VA,AEA,EN,Federal Contract Tower,2,10,39,0,51,0,0,210,6,216,2,10,249,6,267,274,0,274,541
12/03/2016,LYH,VA,AEA,EN,Federal Contract Tower,2,8,30,0,40,0,4,166,0,170,2,12,196,0,210,304,0,304,514
12/04/2016,LYH,VA,AEA,EN,Federal Contract Tower,2,16,11,0,29,0,1,22,0,23,2,17,33,0,52,36,0,36,88
12/05/2016,LYH,VA,AEA,EN,Federal Contract Tower,2,10,21,0,33,0,0,108,4,112,2,10,129,4,145,260,6,266,411
12/06/2016,LYH,VA,AEA,EN,Federal Contract Tower,2,13,3,0,18,0,0,0,0,0,2,13,3,0,18,0,0,0,18
12/07/2016,LYH,VA,AEA,EN,Federal Contract Tower,2,9,16,0,27,0,2,143,6,151,2,11,159,6,178,236,6,242,420
12/09/2016,LYH,VA,AEA,EN,Federal Contract Tower,2,10,18,0,30,0,0,125,2,127,2,10,143,2,157,278,0,278,435
12/10/2016,LYH,VA,AEA,EN,Federal Contract Tower,2,9,26,0,37,0,1,123,6,130,2,10,149,6,167,260,10,270,437
12/11/2016,LYH,VA,AEA,EN,Federal Contract Tower,2,11,7,0,20,0,1,87,0,88,2,12,94,0,108,222,0,222,330
12/12/2016,LYH,VA,AEA,EN,Federal Contract Tower,2,8,16,0,26,0,0,33,0,33,2,8,49,0,59,68,0,68,127
12/13/2016,LYH,VA,AEA,EN,Federal Contract Tower,2,11,21,0,34,0,0,108,0,108,2,11,129,0,142,286,0,286,428
12/14/2016,LYH,VA,AEA,EN,Federal Contract Tower,4,9,30,0,43,0,2,130,0,132,4,11,160,0,175,226,0,226,401
12/15/2016,LYH,VA,AEA,EN,Federal Contract Tower,2,13,9,5,29,0,2,24,2,28,2,15,33,7,57,0,12,12,69
12/16/2016,LYH,VA,AEA,EN,Federal Contract Tower,2,11,22,2,37,0,4,118,2,124,2,15,140,4,161,240,0,240,401
12/17/2016,LYH,VA,AEA,EN,Federal Contract Tower,0,10,0,0,10,0,4,4,0,8,0,14,4,0,18,4,0,4,22
12/18/2016,LYH,VA,AEA,EN,Federal Contract Tower,2,10,10,0,22,0,0,6,0,6,2,10,16,0,28,10,0,10,38
12/19/2016,LYH,VA,AEA,EN,Federal Contract Tower,2,10,19,2,33,0,2,57,1,60,2,12,76,3,93,74,0,74,167
12/20/2016,LYH,VA,AEA,EN,Federal Contract Tower,2,11,11,0,24,0,0,76,0,76,2,11,87,0,100,106,0,106,206
12/21/2016,LYH,VA,AEA,EN,Federal Contract Tower,2,13,16,0,31,0,0,51,0,51,2,13,67,0,82,56,0,56,138
12/22/2016,LYH,VA,AEA,EN,Federal Contract Tower,2,9,13,0,24,0,4,40,2,46,2,13,53,2,70,74,0,74,144
12/23/2016,LYH,VA,AEA,EN,Federal Contract Tower,2,9,14,1,26,0,0,50,1,51,2,9,64,2,77,18,0,18,95
12/24/2016,LYH,VA,AEA,EN,Federal Contract Tower,2,7,2,0,11,0,0,2,0,2,2,7,4,0,13,0,0,0,13
12/25/2016,LYH,VA,AEA,EN,Federal Contract Tower,2,8,1,0,11,0,0,0,0,0,2,8,1,0,11,0,0,0,11
12/26/2016,LYH,VA,AEA,EN,Federal Contract Tower,2,17,8,0,27,0,0,0,0,0,2,17,8,0,27,0,0,0,27
12/28/2016,LYH,VA,AEA,EN,Federal Contract Tower,2,9,4,0,15,0,0,65,0,65,2,9,69,0,80,82,0,82,162
12/29/2016,LYH,VA,AEA,EN,Federal Contract Tower,0,11,3,0,14,0,1,13,0,14,0,12,16,0,28,2,0,2,30
12/30/2016,LYH,VA,AEA,EN,Federal Contract Tower,2,10,10,0,22,0,0,14,0,14,2,10,24,0,36,4,0,4,40
12/31/2016,LYH,VA,AEA,EN,Federal Contract Tower,0,8,4,0,12,0,0,19,0,19,0,8,23,0,31,42,0,42,73
01/01/2017,LYH,VA,AEA,EN,Federal Contract Tower,2,5,13,0,20,0,0,2,0,2,2,5,15,0,22,0,0,0,22
01/02/2017,LYH,VA,AEA,EN,Federal Contract Tower,2,9,0,0,11,0,0,0,0,0,2,9,0,0,11,0,0,0,11
01/03/2017,LYH,VA,AEA,EN,Federal Contract Tower,2,8,3,0,13,0,0,0,0,0,2,8,3,0,13,0,0,0,13
01/04/2017,LYH,VA,AEA,EN,Federal Contract Tower,0,12,14,2,28,0,2,46,0,48,0,14,60,2,76,116,0,116,192
01/05/2017,LYH,VA,AEA,EN,Federal Contract Tower,2,8,20,0,30,0,0,76,0,76,2,8,96,0,106,138,0,138,244
01/06/2017,LYH,VA,AEA,EN,Federal Contract Tower,2,7,10,0,19,0,0,21,0,21,2,7,31,0,40,8,0,8,48
01/07/2017,LYH,VA,AEA,EN,Federal Contract Tower,0,4,0,0,4,0,2,0,0,2,0,6,0,0,6,0,0,0,6
01/08/2017,LYH,VA,AEA,EN,Federal Contract Tower,2,9,5,0,16,0,6,9,0,15,2,15,14,0,31,4,0,4,35
01/09/2017,LYH,VA,AEA,EN,Federal Contract Tower,3,11,12,14,40,0,3,34,2,39,3,14,46,16,79,38,0,38,117
01/10/2017,LYH,VA,AEA,EN,Federal Contract Tower,0,13,13,0,26,0,0,36,0,36,0,13,49,0,62,52,0,52,114
01/11/2017,LYH,VA,AEA,EN,Federal Contract Tower,2,11,19,0,32,0,4,44,0,48,2,15,63,0,80,32,0,32,112
01/12/2017,LYH,VA,AEA,EN,Federal Contract Tower,2,16,18,0,36,0,0,56,2,58,2,16,74,2,94,26,0,26,120
01/13/2017,LYH,VA,AEA,EN,Federal Contract Tower,2,11,28,10,51,0,2,74,0,76,2,13,102,10,127,72,0,72,199
01/14/2017,LYH,VA,AEA,EN,Federal Contract Tower,2,12,7,0,21,0,0,7,0,7,2,12,14,0,28,2,0,2,30
01/15/2017,LYH,VA,AEA,EN,Federal Contract Tower,2,10,13,0,25,0,2,19,0,21,2,12,32,0,46,22,0,22,68
01/16/2017,LYH,VA,AEA,EN,Federal Contract Tower,3,10,3,0,16,0,0,11,0,11,3,10,14,0,27,2,0,2,29
01/17/2017,LYH,VA,AEA,EN,Federal Contract Tower,3,14,8,0,25,0,0,0,0,0,3,14,8,0,25,0,0,0,25
01/18/2017,LYH,VA,AEA,EN,Federal Contract Tower,2,16,16,3,37,0,0,90,4,94,2,16,106,7,131,132,0,132,263
01/19/2017,LYH,VA,AEA,EN,Federal Contract Tower,3,16,16,7,42,0,2,88,2,92,3,18,104,9,134,130,4,134,268
01/20/2017,LYH,VA,AEA,EN,Federal Contract Tower,3,11,22,0,36,0,0,1,0,1,3,11,23,0,37,0,0,0,37
01/21/2017,LYH,VA,AEA,EN,Federal Contract Tower,2,10,6,0,18,0,0,0,0,0,2,10,6,0,18,0,0,0,18
01/22/2017,LYH,VA,AEA,EN,Federal Contract Tower,2,8,2,0,12,0,0,0,0,0,2,8,2,0,12,0,0,0,12
01/23/2017,LYH,VA,AEA,EN,Federal Contract Tower,3,11,4,0,18,0,2,2,0,4,3,13,6,0,22,0,0,0,22
01/24/2017,LYH,VA,AEA,EN,Federal Contract Tower,3,7,12,6,28,0,1,82,2,85,3,8,94,8,113,66,0,66,179
01/25/2017,LYH,VA,AEA,EN,Federal Contract Tower,2,10,27,6,45,0,0,190,4,194,2,10,217,10,239,250,2,252,491
01/26/2017,LYH,VA,AEA,EN,Federal Contract Tower,3,22,19,0,44,0,1,41,0,42,3,23,60,0,86,34,0,34,120
01/27/2017,LYH,VA,AEA,EN,Federal Contract Tower,2,14,37,6,59,0,3,164,1,168,2,17,201,7,227,138,14,152,379
01/28/2017,LYH,VA,AEA,EN,Federal Contract Tower,2,9,30,0,41,0,2,131,0,133,2,11,161,0,174,158,0,158,332
01/29/2017,LYH,VA,AEA,EN,Federal Contract Tower,3,12,6,4,25,0,0,42,0,42,3,12,48,4,67,70,2,72,139
01/30/2017,LYH,VA,AEA,EN,Federal Contract Tower,3,10,33,0,46,0,1,127,0,128,3,11,160,0,174,144,0,144,318
01/31/2017,LYH,VA,AEA,EN,Federal Contract Tower,3,11,18,0,32,0,0,70,0,70,3,11,88,0,102,66,0,66,168
02/01/2017,LYH,VA,AEA,EN,Federal Contract Tower,3,16,46,1,66,0,1,153,1,155,3,17,199,2,221,244,0,244,465
02/02/2017,LYH,VA,AEA,EN,Federal Contract Tower,0,17,20,2,39,0,3,128,2,133,0,20,148,4,172,184,8,192,364
02/03/2017,LYH,VA,AEA,EN,Federal Contract Tower,2,11,40,2,55,0,3,191,0,194,2,14,231,2,249,320,0,320,569
02/04/2017,LYH,VA,AEA,EN,Federal Contract Tower,2,10,25,0,37,0,2,114,1,117,2,12,139,1,154,186,0,186,340
02/05/2017,LYH,VA,AEA,EN,Federal Contract Tower,0,7,3,0,10,0,3,15,0,18,0,10,18,0,28,30,0,30,58
02/06/2017,LYH,VA,AEA,EN,Federal Contract Tower,3,10,37,0,50,0,0,187,1,188,3,10,224,1,238,320,0,320,558
02/07/2017,LYH,VA,AEA,EN,Federal Contract Tower,3,7,13,0,23,0,0,68,6,74,3,7,81,6,97,18,0,18,115
02/08/2017,LYH,VA,AEA,EN,Federal Contract Tower,3,11,59,3,76,0,3,126,0,129,3,14,185,3,205,256,0,256,461
02/09/2017,LYH,VA,AEA,EN,Federal Contract Tower,2,9,6,0,17,0,6,5,0,11,2,15,11,0,28,0,0,0,28
02/10/2017,LYH,VA,AEA,EN,Federal Contract Tower,2,15,59,0,76,0,0,177,0,177,2,15,236,0,253,322,0,322,575
02/11/2017,LYH,VA,AEA,EN,Federal Contract Tower,2,15,26,0,43,0,2,119,8,129,2,17,145,8,172,170,0,170,342
02/12/2017,LYH,VA,AEA,EN,Federal Contract Tower,2,10,6,0,18,0,1,8,0,9,2,11,14,0,27,0,0,0,27
02/13/2017,LYH,VA,AEA,EN,Federal Contract Tower,3,10,9,1,23,0,0,0,0,0,3,10,9,1,23,24,0,24,47
02/14/2017,LYH,VA,AEA,EN,Federal Contract Tower,4,11,36,0,51,0,1,129,1,131,4,12,165,1,182,200,0,200,382
02/15/2017,LYH,VA,AEA,EN,Federal Contract Tower,2,17,23,0,42,0,2,41,0,43,2,19,64,0,85,90,0,90,175
02/16/2017,LYH,VA,AEA,EN,Federal Contract Tower,2,12,28,0,42,0,0,51,0,51,2,12,79,0,93,62,0,62,155
02/17/2017,LYH,VA,AEA,EN,Federal Contract Tower,2,14,52,3,71,0,4,198,11,213,2,18,250,14,284,362,14,376,660
02/18/2017,LYH,VA,AEA,EN,Federal Contract Tower,2,7,32,0,41,0,6,143,6,155,2,13,175,6,196,252,0,252,448
02/19/2017,LYH,VA,AEA,EN,Federal Contract Tower,2,11,14,0,27,0,5,66,0,71,2,16,80,0,98,72,0,72,170
02/20/2017,LYH,VA,AEA,EN,Federal Contract Tower,2,17,36,0,55,0,2,219,0,221,2,19,255,0,276,346,0,346,622
02/21/2017,LYH,VA,AEA,EN,Federal Contract Tower,3,13,31,0,47,0,0,142,0,142,3,13,173,0,189,200,0,200,389
02/22/2017,LYH,VA,AEA,EN,Federal Contract Tower,3,27,40,0,70,0,0,0,0,0,3,27,40,0,70,30,0,30,100
02/23/2017,LYH,VA,AEA,EN,Federal Contract Tower,0,15,34,0,49,0,1,148,0,149,0,16,182,0,198,232,0,232,430
02/24/2017,LYH,VA,AEA,EN,Federal Contract Tower,2,15,37,2,56,0,1,176,0,177,2,16,213,2,233,262,4,266,499
02/25/2017,LYH,VA,AEA,EN,Federal Contract Tower,2,13,7,0,22,0,1,17,0,18,2,14,24,0,40,34,0,34,74
02/26/2017,LYH,VA,AEA,EN,Federal Contract Tower,2,13,13,0,28,0,1,56,0,57,2,14,69,0,85,48,0,48,133
02/27/2017,LYH,VA,AEA,EN,Federal Contract Tower,3,11,23,0,37,0,3,142,0,145,3,14,165,0,182,290,0,290,472
02/28/2017,LYH,VA,AEA,EN,Federal Contract Tower,2,11,22,0,35,0,0,106,2,108,2,11,128,2,143,206,0,206,349
03/01/2017,LYH,VA,AEA,EN,Federal Contract Tower,2,11,10,0,23,0,0,2,0,2,2,11,12,0,25,12,0,12,37
03/02/2017,LYH,VA,AEA,EN,Federal Contract Tower,2,11,22,2,37,0,4,71,2,77,2,15,93,4,114,112,0,112,226
03/03/2017,LYH,VA,AEA,EN,Federal Contract Tower,2,13,15,0,30,0,0,67,0,67,2,13,82,0,97,90,0,90,187
03/04/2017,LYH,VA,AEA,EN,Federal Contract Tower,2,6,23,0,31,0,4,102,0,106,2,10,125,0,137,132,0,132,269
03/05/2017,LYH,VA,AEA,EN,Federal Contract Tower,2,9,19,0,30,0,0,49,0,49,2,9,68,0,79,106,0,106,185
03/06/2017,LYH,VA,AEA,EN,Federal Contract Tower,3,12,34,0,49,0,0,169,0,169,3,12,203,0,218,314,0,314,532
03/07/2017,LYH,VA,AEA,EN,Federal Contract Tower,2,12,10,0,24,0,1,30,0,31,2,13,40,0,55,78,0,78,133
03/08/2017,LYH,VA,AEA,EN,Federal Contract Tower,2,11,41,1,55,0,0,92,0,92,2,11,133,1,147,154,0,154,301
03/09/2017,LYH,VA,AEA,EN,Federal Contract Tower,2,16,23,0,41,0,4,126,0,130,2,20,149,0,171,252,0,252,423
03/10/2017,LYH,VA,AEA,EN,Federal Contract Tower,3,15,14,1,33,0,5,16,0,21,3,20,30,1,54,4,0,4,58
03/11/2017,LYH,VA,AEA,EN,Federal Contract Tower,2,8,17,0,27,0,0,97,0,97,2,8,114,0,124,146,0,146,270
03/12/2017,LYH,VA,AEA,EN,Federal Contract Tower,4,13,15,0,32,0,0,40,0,40,4,13,55,0,72,22,0,22,94
03/14/2017,LYH,VA,AEA,EN,Federal Contract Tower,2,8,6,0,16,0,4,2,0,6,2,12,8,0,22,10,0,10,32
03/15/2017,LYH,VA,AEA,EN,Federal Contract Tower,2,12,5,0,19,0,2,9,2,13,2,14,14,2,32,0,0,0,32
03/16/2017,LYH,VA,AEA,EN,Federal Contract Tower,2,14,21,0,37,0,0,82,2,84,2,14,103,2,121,74,0,74,195
03/17/2017,LYH,VA,AEA,EN,Federal Contract Tower,2,12,22,0,36,0,1,108,0,109,2,13,130,0,145,168,0,168,313
03/18/2017,LYH,VA,AEA,EN,Federal Contract Tower,2,15,10,0,27,0,4,45,2,51,2,19,55,2,78,62,0,62,140
03/19/2017,LYH,VA,AEA,EN,Federal Contract Tower,3,7,4,0,14,0,19,2,0,21,3,26,6,0,35,0,0,0,35
03/20/2017,LYH,VA,AEA,EN,Federal Contract Tower,3,10,29,3,45,0,2,165,1,168,3,12,194,4,213,298,0,298,511
03/21/2017,LYH,VA,AEA,EN,Federal Contract Tower,2,13,41,0,56,0,2,169,0,171,2,15,210,0,227,290,0,290,517
03/22/2017,LYH,VA,AEA,EN,Federal Contract Tower,2,13,29,0,44,0,0,133,2,135,2,13,162,2,179,158,0,158,337
03/23/2017,LYH,VA,AEA,EN,Federal Contract Tower,2,19,33,2,56,0,7,200,0,207,2,26,233,2,263,336,0,336,599
03/24/2017,LYH,VA,AEA,EN,Federal Contract Tower,2,14,36,0,52,0,2,155,0,157,2,16,191,0,209,194,0,194,403
03/25/2017,LYH,VA,AEA,EN,Federal Contract Tower,2,7,23,0,32,0,3,101,0,104,2,10,124,0,136,166,0,166,302
03/26/2017,LYH,VA,AEA,EN,Federal Contract Tower,0,13,14,0,27,0,0,5,0,5,0,13,19,0,32,20,0,20,52
03/27/2017,LYH,VA,AEA,EN,Federal Contract Tower,2,13,68,0,83,0,7,105,0,112,2,20,173,0,195,138,0,138,333
03/28/2017,LYH,VA,AEA,EN,Federal Contract Tower,3,10,29,0,42,0,0,35,0,35,3,10,64,0,77,76,0,76,153
03/29/2017,LYH,VA,AEA,EN,Federal Contract Tower,2,17,46,2,67,0,4,200,6,210,2,21,246,8,277,298,0,298,575
03/30/2017,LYH,VA,AEA,EN,Federal Contract Tower,2,12,52,2,68,0,4,140,5,149,2,16,192,7,217,278,0,278,495
03/31/2017,LYH,VA,AEA,EN,Federal Contract Tower,2,21,14,0,37,0,0,38,0,38,2,21,52,0,75,102,0,102,177
04/01/2017,LYH,VA,AEA,EN,Federal Contract Tower,4,10,28,4,46,0,5,79,4,88,4,15,107,8,134,72,0,72,206
04/02/2017,LYH,VA,AEA,EN,Federal Contract Tower,3,9,12,0,24,0,4,75,0,79,3,13,87,0,103,74,0,74,177
04/03/2017,LYH,VA,AEA,EN,Federal Contract Tower,2,11,24,1,38,0,0,17,0,17,2,11,41,1,55,46,0,46,101
04/04/2017,LYH,VA,AEA,EN,Federal Contract Tower,2,14,22,4,42,0,2,90,2,94,2,16,112,6,136,192,4,196,332
04/05/2017,LYH,VA,AEA,EN,Federal Contract Tower,2,11,38,0,51,0,0,162,2,164,2,11,200,2,215,318,0,318,533
04/06/2017,LYH,VA,AEA,EN,Federal Contract Tower,3,15,10,1,29,0,3,8,1,12,3,18,18,2,41,0,0,0,41
04/07/2017,LYH,VA,AEA,EN,Federal Contract Tower,3,14,5,8,30,0,2,17,0,19,3,16,22,8,49,28,0,28,77
04/08/2017,LYH,VA,AEA,EN,Federal Contract Tower,2,13,24,0,39,0,2,108,0,110,2,15,132,0,149,224,0,224,373
04/09/2017,LYH,VA,AEA,EN,Federal Contract Tower,2,12,11,0,25,0,0,86,0,86,2,12,97,0,111,110,0,110,221
04/10/2017,LYH,VA,AEA,EN,Federal Contract Tower,2,10,31,0,43,0,6,195,0,201,2,16,226,0,244,336,0,336,580
04/11/2017,LYH,VA,AEA,EN,Federal Contract Tower,2,12,38,0,52,0,3,175,10,188,2,15,213,10,240,306,6,312,552
04/12/2017,LYH,VA,AEA,EN,Federal Contract Tower,2,10,33,0,45,0,1,175,0,176,2,11,208,0,221,222,0,222,443
04/13/2017,LYH,VA,AEA,EN,Federal Contract Tower,2,19,44,0,65,0,3,155,0,158,2,22,199,0,223,230,0,230,453
04/14/2017,LYH,VA,AEA,EN,Federal Contract Tower,2,9,35,2,48,0,0,152,0,152,2,9,187,2,200,296,0,296,496
04/15/2017,LYH,VA,AEA,EN,Federal Contract Tower,2,10,11,1,24,0,0,56,1,57,2,10,67,2,81,60,4,64,145
04/16/2017,LYH,VA,AEA,EN,Federal Contract Tower,2,9,9,2,22,0,5,29,0,34,2,14,38,2,56,8,0,8,64
04/17/2017,LYH,VA,AEA,EN,Federal Contract Tower,2,17,33,4,56,0,2,79,4,85,2,19,112,8,141,170,2,172,313
04/18/2017,LYH,VA,AEA,EN,Federal Contract Tower,2,9,28,0,39,0,2,144,2,148,2,11,172,2,187,244,0,244,431
04/19/2017,LYH,VA,AEA,EN,Federal Contract Tower,3,13,53,2,71,0,0,5,0,5,3,13,58,2,76,0,0,0,76
04/20/2017,LYH,VA,AEA,EN,Federal Contract Tower,2,25,28,0,55,0,0,83,2,85,2,25,111,2,140,188,0,188,328
04/21/2017,LYH,VA,AEA,EN,Federal Contract Tower,0,11,33,0,44,0,3,137,0,140,0,14,170,0,184,180,0,180,364
04/22/2017,LYH,VA,AEA,EN,Federal Contract Tower,3,11,15,0,29,0,0,1,0,1,3,11,16,0,30,0,0,0,30
04/23/2017,LYH,VA,AEA,EN,Federal Contract Tower,2,12,8,0,22,0,2,7,0,9,2,14,15,0,31,146,0,146,177
04/24/2017,LYH,VA,AEA,EN,Federal Contract Tower,2,11,13,0,26,0,0,0,0,0,2,11,13,0,26,0,0,0,26
04/25/2017,LYH,VA,AEA,EN,Federal Contract Tower,3,12,20,0,35,0,0,2,0,2,3,12,22,0,37,18,0,18,55
04/26/2017,LYH,VA,AEA,EN,Federal Contract Tower,2,14,25,0,41,0,2,199,4,205,2,16,224,4,246,276,0,276,522
04/27/2017,LYH,VA,AEA,EN,Federal Contract Tower,2,20,17,2,41,0,0,109,0,109,2,20,126,2,150,62,0,62,212
04/28/2017,LYH,VA,AEA,EN,Federal Contract Tower,2,19,40,0,61,0,2,217,0,219,2,21,257,0,280,424,0,424,704
04/29/2017,LYH,VA,AEA,EN,Federal Contract Tower,2,12,27,5,46,0,2,127,0,129,2,14,154,5,175,148,2,150,325
04/30/2017,LYH,VA,AEA,EN,Federal Contract Tower,2,13,24,0,39,0,2,127,0,129,2,15,151,0,168,142,0,142,310
05/01/2017,LYH,VA,AEA,EN,Federal Contract Tower,2,7,20,2,31,0,0,4,0,4,2,7,24,2,35,20,0,20,55
05/02/2017,LYH,VA,AEA,EN,Federal Contract Tower,3,13,12,0,28,0,0,55,4,59,3,13,67,4,87,80,0,80,167
05/03/2017,LYH,VA,AEA,EN,Federal Contract Tower,2,10,26,6,44,0,1,172,7,180,2,11,198,13,224,222,2,224,448
05/04/2017,LYH,VA,AEA,EN,Federal Contract Tower,2,13,33,2,50,0,3,99,0,102,2,16,132,2,152,188,0,188,340
05/05/2017,LYH,VA,AEA,EN,Federal Contract Tower,0,32,19,3,54,0,2,52,0,54,0,34,71,3,108,70,0,70,178
05/06/2017,LYH,VA,AEA,EN,Federal Contract Tower,0,17,20,0,37,0,2,35,0,37,0,19,55,0,74,56,0,56,130
05/07/2017,LYH,VA,AEA,EN,Federal Contract Tower,0,17,14,0,31,0,2,59,2,63,0,19,73,2,94,86,0,86,180
05/08/2017,LYH,VA,AEA,EN,Federal Contract Tower,0,13,20,0,33,0,0,127,0,127,0,13,147,0,160,234,0,234,394
05/09/2017,LYH,VA,AEA,EN,Federal Contract Tower,0,15,29,0,44,0,0,112,0,112,0,15,141,0,156,290,0,290,446
05/10/2017,LYH,VA,AEA,EN,Federal Contract Tower,0,10,25,3,38,0,0,80,4,84,0,10,105,7,122,150,0,150,272
05/11/2017,LYH,VA,AEA,EN,Federal Contract Tower,0,11,27,0,38,0,0,35,0,35,0,11,62,0,73,54,0,54,127
05/12/2017,LYH,VA,AEA,EN,Federal Contract Tower,0,23,34,4,61,0,0,0,0,0,0,23,34,4,61,0,0,0,61
05/13/2017,LYH,VA,AEA,EN,Federal Contract Tower,0,16,18,5,39,0,0,13,0,13,0,16,31,5,52,0,0,0,52
05/14/2017,LYH,VA,AEA,EN,Federal Contract Tower,0,15,7,7,29,0,0,32,3,35,0,15,39,10,64,72,4,76,140
05/15/2017,LYH,VA,AEA,EN,Federal Contract Tower,0,12,28,2,42,0,0,144,0,144,0,12,172,2,186,214,14,228,414
05/16/2017,LYH,VA,AEA,EN,Federal Contract Tower,0,14,33,0,47,0,0,133,0,133,0,14,166,0,180,186,0,186,366
05/17/2017,LYH,VA,AEA,EN,Federal Contract Tower,0,16,21,0,37,0,0,125,0,125,0,16,146,0,162,212,0,212,374
05/18/2017,LYH,VA,AEA,EN,Federal Contract Tower,0,17,23,2,42,0,2,129,4,135,0,19,152,6,177,270,0,270,447
05/19/2017,LYH,VA,AEA,EN,Federal Contract Tower,0,12,16,2,30,0,2,68,2,72,0,14,84,4,102,46,0,46,148
05/20/2017,LYH,VA,AEA,EN,Federal Contract Tower,0,13,15,1,29,0,0,43,0,43,0,13,58,1,72,76,0,76,148
05/21/2017,LYH,VA,AEA,EN,Federal Contract Tower,0,12,8,0,20,0,0,0,0,0,0,12,8,0,20,0,0,0,20
05/22/2017,LYH,VA,AEA,EN,Federal Contract Tower,0,11,16,2,29,0,0,68,0,68,0,11,84,2,97,218,0,218,315
05/23/2017,LYH,VA,AEA,EN,Federal Contract Tower,0,13,31,2,46,0,0,4,0,4,0,13,35,2,50,20,0,20,70
05/24/2017,LYH,VA,AEA,EN,Federal Contract Tower,0,11,17,6,34,0,0,0,0,0,0,11,17,6,34,0,0,0,34
05/25/2017,LYH,VA,AEA,EN,Federal Contract Tower,0,18,31,2,51,0,0,60,2,62,0,18,91,4,113,134,12,146,259
05/26/2017,LYH,VA,AEA,EN,Federal Contract Tower,0,14,24,2,40,0,0,112,6,118,0,14,136,8,158,94,0,94,252
05/27/2017,LYH,VA,AEA,EN,Federal Contract Tower,0,11,10,0,21,0,0,46,0,46,0,11,56,0,67,52,0,52,119
05/28/2017,LYH,VA,AEA,EN,Federal Contract Tower,0,10,13,0,23,0,0,1,0,1,0,10,14,0,24,0,0,0,24
05/29/2017,LYH,VA,AEA,EN,Federal Contract Tower,0,10,4,0,14,0,0,27,0,27,0,10,31,0,41,6,0,6,47
05/30/2017,LYH,VA,AEA,EN,Federal Contract Tower,0,12,30,0,42,0,1,143,0,144,0,13,173,0,186,288,0,288,474
05/31/2017,LYH,VA,AEA,EN,Federal Contract Tower,0,16,20,0,36,0,0,144,0,144,0,16,164,0,180,300,0,300,480
06/01/2017,LYH,VA,AEA,EN,Federal Contract Tower,0,16,29,2,47,0,0,162,4,166,0,16,191,6,213,264,0,264,477
06/02/2017,LYH,VA,AEA,EN,Federal Contract Tower,1,14,21,3,39,0,1,154,6,161,1,15,175,9,200,214,0,214,414
06/03/2017,LYH,VA,AEA,EN,Federal Contract Tower,0,10,19,0,29,0,4,206,0,210,0,14,225,0,239,82,0,82,321
06/04/2017,LYH,VA,AEA,EN,Federal Contract Tower,2,12,12,0,26,0,0,33,0,33,2,12,45,0,59,20,0,20,79
06/05/2017,LYH,VA,AEA,EN,Federal Contract Tower,0,14,27,1,42,0,0,32,1,33,0,14,59,2,75,94,0,94,169
06/06/2017,LYH,VA,AEA,EN,Federal Contract Tower,0,12,47,0,59,0,2,151,0,153,0,14,198,0,212,386,0,386,598
06/07/2017,LYH,VA,AEA,EN,Federal Contract Tower,0,21,15,1,37,0,2,71,2,75,0,23,86,3,112,164,0,164,276
06/08/2017,LYH,VA,AEA,EN,Federal Contract Tower,0,12,42,2,56,0,2,125,8,135,0,14,167,10,191,246,0,246,437
06/09/2017,LYH,VA,AEA,EN,Federal Contract Tower,0,12,25,8,45,0,5,161,2,168,0,17,186,10,213,132,2,134,347
06/10/2017,LYH,VA,AEA,EN,Federal Contract Tower,0,10,14,0,24,0,3,64,0,67,0,13,78,0,91,66,0,66,157
06/11/2017,LYH,VA,AEA,EN,Federal Contract Tower,0,8,10,0,18,0,4,57,1,62,0,12,67,1,80,40,0,40,120
06/12/2017,LYH,VA,AEA,EN,Federal Contract Tower,0,13,15,0,28,0,6,128,4,138,0,19,143,4,166,246,0,246,412
06/13/2017,LYH,VA,AEA,EN,Federal Contract Tower,0,13,5,0,18,0,122,2,0,124,0,135,7,0,142,226,0,226,368
06/14/2017,LYH,VA,AEA,EN,Federal Contract Tower,0,14,9,2,25,0,0,132,0,132,0,14,141,2,157,212,0,212,369
06/15/2017,LYH,VA,AEA,EN,Federal Contract Tower,0,11,20,5,36,0,0,84,0,84,0,11,104,5,120,108,0,108,228
06/17/2017,LYH,VA,AEA,EN,Federal Contract Tower,0,10,14,0,24,0,2,9,0,11,0,12,23,0,35,0,0,0,35
06/18/2017,LYH,VA,AEA,EN,Federal Contract Tower,0,13,14,4,31,0,2,38,0,40,0,15,52,4,71,14,0,14,85
06/19/2017,LYH,VA,AEA,EN,Federal Contract Tower,0,8,23,0,31,0,0,46,0,46,0,8,69,0,77,102,0,102,179
06/21/2017,LYH,VA,AEA,EN,Federal Contract Tower,0,14,35,4,53,0,0,164,6,170,0,14,199,10,223,348,0,348,571
06/22/2017,LYH,VA,AEA,EN,Federal Contract Tower,0,16,21,0,37,0,0,146,0,146,0,16,167,0,183,266,0,266,449
06/23/2017,LYH,VA,AEA,EN,Federal Contract Tower,0,15,36,6,57,0,3,71,4,78,0,18,107,10,135,174,0,174,309
06/24/2017,LYH,VA,AEA,EN,Federal Contract Tower,0,9,18,0,27,0,0,145,0,145,0,9,163,0,172,212,0,212,384
06/25/2017,LYH,VA,AEA,EN,Federal Contract Tower,0,13,29,0,42,0,8,153,2,163,0,21,182,2,205,100,0,100,305
06/26/2017,LYH,VA,AEA,EN,Federal Contract Tower,0,15,10,2,27,0,1,172,0,173,0,16,182,2,200,310,0,310,510
06/27/2017,LYH,VA,AEA,EN,Federal Contract Tower,0,14,24,0,38,0,1,176,0,177,0,15,200,0,215,344,0,344,559
06/28/2017,LYH,VA,AEA,EN,Federal Contract Tower,0,17,25,0,42,0,0,208,2,210,0,17,233,2,252,348,0,348,600
06/29/2017,LYH,VA,AEA,EN,Federal Contract Tower,0,12,15,4,31,0,0,152,0,152,0,12,167,4,183,272,0,272,455
06/30/2017,LYH,VA,AEA,EN,Federal Contract Tower,0,12,13,0,25,0,0,91,0,91,0,12,104,0,116,176,0,176,292
07/01/2017,LYH,VA,AEA,EN,Federal Contract Tower,0,11,12,0,23,0,6,41,0,47,0,17,53,0,70,94,0,94,164
07/02/2017,LYH,VA,AEA,EN,Federal Contract Tower,0,10,13,0,23,0,0,31,0,31,0,10,44,0,54,24,0,24,78
07/03/2017,LYH,VA,AEA,EN,Federal Contract Tower,0,8,16,2,26,0,2,96,0,98,0,10,112,2,124,112,0,112,236
07/04/2017,LYH,VA,AEA,EN,Federal Contract Tower,0,12,5,0,17,0,1,23,0,24,0,13,28,0,41,4,0,4,45
07/05/2017,LYH,VA,AEA,EN,Federal Contract Tower,0,12,26,0,38,0,0,13,0,13,0,12,39,0,51,66,0,66,117
07/06/2017,LYH,VA,AEA,EN,Federal Contract Tower,0,15,18,4,37,0,0,74,1,75,0,15,92,5,112,134,0,134,246
07/07/2017,LYH,VA,AEA,EN,Federal Contract Tower,0,9,24,2,35,0,2,113,0,115,0,11,137,2,150,170,0,170,320
07/08/2017,LYH,VA,AEA,EN,Federal Contract Tower,2,10,23,0,35,0,1,66,1,68,2,11,89,1,103,80,2,82,185
07/09/2017,LYH,VA,AEA,EN,Federal Contract Tower,0,12,8,0,20,0,2,72,4,78,0,14,80,4,98,62,6,68,166
07/10/2017,LYH,VA,AEA,EN,Federal Contract Tower,0,15,12,5,32,0,4,132,0,136,0,19,144,5,168,162,0,162,330
07/11/2017,LYH,VA,AEA,EN,Federal Contract Tower,0,15,17,3,35,0,0,131,0,131,0,15,148,3,166,150,0,150,316
07/12/2017,LYH,VA,AEA,EN,Federal Contract Tower,0,18,33,9,60,0,0,125,2,127,0,18,158,11,187,188,4,192,379
07/13/2017,LYH,VA,AEA,EN,Federal Contract Tower,0,16,17,0,33,0,0,77,0,77,0,16,94,0,110,82,0,82,192
07/14/2017,LYH,VA,AEA,EN,Federal Contract Tower,2,12,17,1,32,0,0,64,2,66,2,12,81,3,98,66,0,66,164
07/15/2017,LYH,VA,AEA,EN,Federal Contract Tower,0,9,23,12,44,0,1,82,2,85,0,10,105,14,129,92,0,92,221
07/16/2017,LYH,VA,AEA,EN,Federal Contract Tower,0,11,12,0,23,0,1,31,0,32,0,12,43,0,55,48,0,48,103
07/17/2017,LYH,VA,AEA,EN,Federal Contract Tower,0,14,11,3,28,0,0,42,2,44,0,14,53,5,72,52,2,54,126
07/18/2017,LYH,VA,AEA,EN,Federal Contract Tower,0,14,18,8,40,0,0,39,0,39,0,14,57,8,79,42,0,42,121
07/19/2017,LYH,VA,AEA,EN,Federal Contract Tower,0,15,20,3,38,0,0,131,1,132,0,15,151,4,170,162,0,162,332
07/20/2017,LYH,VA,AEA,EN,Federal Contract Tower,0,11,28,0,39,0,1,108,1,110,0,12,136,1,149,212,0,212,361
07/21/2017,LYH,VA,AEA,EN,Federal Contract Tower,0,12,15,0,27,0,2,104,0,106,0,14,119,0,133,130,0,130,263
07/22/2017,LYH,VA,AEA,EN,Federal Contract Tower,0,18,14,0,32,0,2,83,0,85,0,20,97,0,117,106,0,106,223
07/23/2017,LYH,VA,AEA,EN,Federal Contract Tower,0,9,11,0,20,0,2,15,0,17,0,11,26,0,37,14,0,14,51
07/24/2017,LYH,VA,AEA,EN,Federal Contract Tower,0,12,7,0,19,0,1,87,0,88,0,13,94,0,107,144,0,144,251
07/25/2017,LYH,VA,AEA,EN,Federal Contract Tower,0,14,16,1,31,0,0,94,1,95,0,14,110,2,126,142,6,148,274
07/26/2017,LYH,VA,AEA,EN,Federal Contract Tower,0,13,25,0,38,0,0,93,2,95,0,13,118,2,133,118,0,118,251
07/27/2017,LYH,VA,AEA,EN,Federal Contract Tower,0,13,13,0,26,0,0,22,0,22,0,13,35,0,48,24,0,24,72
07/28/2017,LYH,VA,AEA,EN,Federal Contract Tower,0,14,9,0,23,0,0,30,0,30,0,14,39,0,53,52,0,52,105
07/29/2017,LYH,VA,AEA,EN,Federal Contract Tower,0,17,6,0,23,0,0,26,0,26,0,17,32,0,49,46,0,46,95
07/30/2017,LYH,VA,AEA,EN,Federal Contract Tower,0,10,25,2,37,0,0,65,0,65,0,10,90,2,102,62,0,62,164
07/31/2017,LYH,VA,AEA,EN,Federal Contract Tower,0,14,12,0,26,0,0,94,0,94,0,14,106,0,120,182,0,182,302
08/01/2017,LYH,VA,AEA,EN,Federal Contract Tower,0,13,20,0,33,0,0,89,0,89,0,13,109,0,122,110,0,110,232
08/02/2017,LYH,VA,AEA,EN,Federal Contract Tower,0,19,14,0,33,0,2,82,0,84,0,21,96,0,117,114,0,114,231
08/03/2017,LYH,VA,AEA,EN,Federal Contract Tower,0,11,18,2,31,0,2,139,0,141,0,13,157,2,172,190,0,190,362
08/04/2017,LYH,VA,AEA,EN,Federal Contract Tower,0,12,30,0,42,0,4,131,8,143,0,16,161,8,185,178,4,182,367
08/06/2017,LYH,VA,AEA,EN,Federal Contract Tower,0,12,14,0,26,0,2,34,0,36,0,14,48,0,62,36,0,36,98
08/07/2017,LYH,VA,AEA,EN,Federal Contract Tower,0,13,12,0,25,0,0,7,0,7,0,13,19,0,32,0,0,0,32
08/08/2017,LYH,VA,AEA,EN,Federal Contract Tower,0,12,23,0,35,0,3,98,2,103,0,15,121,2,138,194,0,194,332
08/09/2017,LYH,VA,AEA,EN,Federal Contract Tower,0,17,18,0,35,0,2,104,4,110,0,19,122,4,145,146,16,162,307
08/10/2017,LYH,VA,AEA,EN,Federal Contract Tower,0,13,17,0,30,0,2,104,0,106,0,15,121,0,136,168,0,168,304
08/11/2017,LYH,VA,AEA,EN,Federal Contract Tower,0,14,25,2,41,0,0,79,0,79,0,14,104,2,120,162,0,162,282
08/12/2017,LYH,VA,AEA,EN,Federal Contract Tower,0,12,10,0,22,0,0,20,0,20,0,12,30,0,42,44,0,44,86
08/13/2017,LYH,VA,AEA,EN,Federal Contract Tower,0,14,9,0,23,0,0,15,0,15,0,14,24,0,38,38,0,38,76
08/14/2017,LYH,VA,AEA,EN,Federal Contract Tower,0,10,41,0,51,0,0,90,0,90,0,10,131,0,141,142,0,142,283
08/15/2017,LYH,VA,AEA,EN,Federal Contract Tower,0,15,10,0,25,0,4,29,0,33,0,19,39,0,58,56,0,56,114
08/16/2017,LYH,VA,AEA,EN,Federal Contract Tower,0,19,18,0,37,0,2,70,0,72,0,21,88,0,109,108,0,108,217
08/17/2017,LYH,VA,AEA,EN,Federal Contract Tower,0,15,21,0,36,0,2,79,0,81,0,17,100,0,117,192,0,192,309
08/18/2017,LYH,VA,AEA,EN,Federal Contract Tower,0,15,17,1,33,0,0,46,3,49,0,15,63,4,82,58,0,58,140
08/19/2017,LYH,VA,AEA,EN,Federal Contract Tower,0,13,24,0,37,0,0,58,2,60,0,13,82,2,97,48,0,48,145
08/20/2017,LYH,VA,AEA,EN,Federal Contract Tower,0,13,9,0,22,0,0,32,0,32,0,13,41,0,54,4,0,4,58
08/21/2017,LYH,VA,AEA,EN,Federal Contract Tower,0,14,23,0,37,0,4,72,0,76,0,18,95,0,113,76,0,76,189
08/22/2017,LYH,VA,AEA,EN,Federal Contract Tower,0,13,18,0,31,0,5,85,2,92,0,18,103,2,123,134,0,134,257
08/23/2017,LYH,VA,AEA,EN,Federal Contract Tower,0,14,15,0,29,0,9,105,4,118,0,23,120,4,147,164,0,164,311
08/24/2017,LYH,VA,AEA,EN,Federal Contract Tower,0,16,22,0,38,0,0,59,2,61,0,16,81,2,99,106,0,106,205
08/25/2017,LYH,VA,AEA,EN,Federal Contract Tower,0,18,35,14,67,0,1,89,9,99,0,19,124,23,166,124,6,130,296
08/26/2017,LYH,VA,AEA,EN,Federal Contract Tower,0,10,18,0,28,0,0,51,0,51,0,10,69,0,79,30,0,30,109
08/27/2017,LYH,VA,AEA,EN,Federal Contract Tower,0,19,27,6,52,0,1,10,0,11,0,20,37,6,63,0,0,0,63
08/28/2017,LYH,VA,AEA,EN,Federal Contract Tower,1,11,16,4,32,0,2,88,0,90,1,13,104,4,122,152,2,154,276
08/29/2017,LYH,VA,AEA,EN,Federal Contract Tower,1,16,9,3,29,0,0,0,0,0,1,16,9,3,29,0,0,0,29
08/30/2017,LYH,VA,AEA,EN,Federal Contract Tower,0,14,27,0,41,0,0,65,0,65,0,14,92,0,106,174,0,174,280
08/31/2017,LYH,VA,AEA,EN,Federal Contract Tower,0,15,17,0,32,0,0,77,0,77,0,15,94,0,109,76,0,76,185
09/01/2017,LYH,VA,AEA,EN,Federal Contract Tower,0,14,14,2,30,0,0,4,0,4,0,14,18,2,34,8,0,8,42
09/02/2017,LYH,VA,AEA,EN,Federal Contract Tower,0,14,9,0,23,0,0,0,0,0,0,14,9,0,23,0,0,0,23
09/03/2017,LYH,VA,AEA,EN,Federal Contract Tower,0,11,13,0,24,0,0,36,0,36,0,11,49,0,60,0,32,32,92
09/04/2017,LYH,VA,AEA,EN,Federal Contract Tower,0,13,16,0,29,0,2,223,0,225,0,15,239,0,254,256,0,256,510
09/05/2017,LYH,VA,AEA,EN,Federal Contract Tower,0,14,5,0,19,0,0,92,10,102,0,14,97,10,121,88,0,88,209
09/06/2017,LYH,VA,AEA,EN,Federal Contract Tower,0,18,32,0,50,0,0,12,2,14,0,18,44,2,64,36,0,36,100
09/07/2017,LYH,VA,AEA,EN,Federal Contract Tower,0,15,19,0,34,0,2,206,0,208,0,17,225,0,242,278,0,278,520
09/08/2017,LYH,VA,AEA,EN,Federal Contract Tower,0,18,25,10,53,0,0,216,0,216,0,18,241,10,269,230,2,232,501
09/09/2017,LYH,VA,AEA,EN,Federal Contract Tower,0,7,24,0,31,0,1,62,0,63,0,8,86,0,94,88,0,88,182
09/10/2017,LYH,VA,AEA,EN,Federal Contract Tower,0,12,16,4,32,0,0,49,5,54,0,12,65,9,86,46,0,46,132
09/11/2017,LYH,VA,AEA,EN,Federal Contract Tower,0,5,21,7,33,0,0,152,4,156,0,5,173,11,189,250,16,266,455
09/12/2017,LYH,VA,AEA,EN,Federal Contract Tower,0,16,11,0,27,0,0,21,0,21,0,16,32,0,48,70,0,70,118
09/13/2017,LYH,VA,AEA,EN,Federal Contract Tower,0,13,37,0,50,0,2,110,2,114,0,15,147,2,164,162,6,168,332
09/14/2017,LYH,VA,AEA,EN,Federal Contract Tower,0,16,32,0,48,0,0,169,0,169,0,16,201,0,217,166,0,166,383
09/15/2017,LYH,VA,AEA,EN,Federal Contract Tower,2,18,36,4,60,0,0,201,2,203,2,18,237,6,263,216,20,236,499
09/16/2017,LYH,VA,AEA,EN,Federal Contract Tower,1,6,20,0,27,0,0,58,0,58,1,6,78,0,85,86,0,86,171
09/17/2017,LYH,VA,AEA,EN,Federal Contract Tower,0,13,20,0,33,0,5,56,2,63,0,18,76,2,96,12,6,18,114
09/18/2017,LYH,VA,AEA,EN,Federal Contract Tower,0,27,55,2,84,0,1,136,4,141,0,28,191,6,225,270,2,272,497
09/19/2017,LYH,VA,AEA,EN,Federal Contract Tower,0,11,22,1,34,0,0,160,2,162,0,11,182,3,196,208,0,208,404
09/20/2017,LYH,VA,AEA,EN,Federal Contract Tower,0,12,17,2,31,0,4,87,1,92,0,16,104,3,123,190,22,212,335
09/21/2017,LYH,VA,AEA,EN,Federal Contract Tower,0,17,25,1,43,0,1,207,1,209,0,18,232,2,252,204,0,204,456
09/22/2017,LYH,VA,AEA,EN,Federal Contract Tower,3,15,21,4,43,0,1,219,0,220,3,16,240,4,263,312,0,312,575
09/23/2017,LYH,VA,AEA,EN,Federal Contract Tower,0,5,23,0,28,0,0,88,0,88,0,5,111,0,116,90,0,90,206
09/24/2017,LYH,VA,AEA,EN,Federal Contract Tower,0,14,20,0,34,0,0,61,4,65,0,14,81,4,99,66,0,66,165
09/25/2017,LYH,VA,AEA,EN,Federal Contract Tower,0,11,23,0,34,0,0,137,2,139,0,11,160,2,173,304,4,308,481
09/26/2017,LYH,VA,AEA,EN,Federal Contract Tower,0,15,24,2,41,0,0,157,6,163,0,15,181,8,204,280,28,308,512
09/27/2017,LYH,VA,AEA,EN,Federal Contract Tower,0,20,19,0,39,0,3,141,0,144,0,23,160,0,183,216,0,216,399
09/28/2017,LYH,VA,AEA,EN,Federal Contract Tower,0,14,20,0,34,0,0,193,2,195,0,14,213,2,229,274,0,274,503
09/29/2017,LYH,VA,AEA,EN,Federal Contract Tower,2,15,27,3,47,0,0,214,8,222,2,15,241,11,269,200,0,200,469
09/30/2017,LYH,VA,AEA,EN,Federal Contract Tower,0,9,19,0,28,0,2,80,0,82,0,11,99,0,110,56,0,56,166
10/01/2017,LYH,VA,AEA,EN,Federal Contract Tower,0,12,8,3,23,0,4,57,2,63,0,16,65,5,86,14,0,14,100
10/02/2017,LYH,VA,AEA,EN,Federal Contract Tower,2,12,19,0,33,0,4,176,0,180,2,16,195,0,213,352,0,352,565
10/03/2017,LYH,VA,AEA,EN,Federal Contract Tower,0,16,18,0,34,0,0,158,2,160,0,16,176,2,194,192,10,202,396
10/04/2017,LYH,VA,AEA,EN,Federal Contract Tower,0,19,27,1,47,0,0,173,1,174,0,19,200,2,221,294,0,294,515
10/05/2017,LYH,VA,AEA,EN,Federal Contract Tower,0,12,14,0,26,0,1,127,4,132,0,13,141,4,158,162,0,162,320
10/06/2017,LYH,VA,AEA,EN,Federal Contract Tower,0,17,12,4,33,0,0,104,0,104,0,17,116,4,137,134,0,134,271
10/07/2017,LYH,VA,AEA,EN,Federal Contract Tower,0,5,14,0,19,0,4,47,0,51,0,9,61,0,70,86,0,86,156
10/08/2017,LYH,VA,AEA,EN,Federal Contract Tower,0,13,14,0,27,0,0,2,0,2,0,13,16,0,29,0,0,0,29
10/09/2017,LYH,VA,AEA,EN,Federal Contract Tower,0,15,14,0,29,0,0,24,0,24,0,15,38,0,53,106,0,106,159
10/10/2017,LYH,VA,AEA,EN,Federal Contract Tower,0,10,21,0,31,0,0,61,0,61,0,10,82,0,92,186,0,186,278
10/11/2017,LYH,VA,AEA,EN,Federal Contract Tower,0,16,33,2,51,0,2,77,2,81,0,18,110,4,132,164,4,168,300
10/12/2017,LYH,VA,AEA,EN,Federal Contract Tower,0,17,17,10,44,0,0,0,0,0,0,17,17,10,44,0,0,0,44
10/13/2017,LYH,VA,AEA,EN,Federal Contract Tower,2,30,35,2,69,0,0,8,0,8,2,30,43,2,77,20,0,20,97
10/14/2017,LYH,VA,AEA,EN,Federal Contract Tower,1,11,23,0,35,0,0,13,0,13,1,11,36,0,48,34,0,34,82
10/15/2017,LYH,VA,AEA,EN,Federal Contract Tower,0,12,15,0,27,0,0,18,0,18,0,12,33,0,45,0,32,32,77
10/16/2017,LYH,VA,AEA,EN,Federal Contract Tower,0,15,26,3,44,0,2,165,0,167,0,17,191,3,211,266,36,302,513
10/17/2017,LYH,VA,AEA,EN,Federal Contract Tower,0,11,17,0,28,0,2,173,0,175,0,13,190,0,203,296,0,296,499
10/18/2017,LYH,VA,AEA,EN,Federal Contract Tower,0,14,24,0,38,0,0,134,1,135,0,14,158,1,173,250,0,250,423
10/19/2017,LYH,VA,AEA,EN,Federal Contract Tower,0,19,13,4,36,0,4,166,4,174,0,23,179,8,210,410,0,410,620
10/20/2017,LYH,VA,AEA,EN,Federal Contract Tower,2,15,39,0,56,0,2,206,2,210,2,17,245,2,266,372,0,372,638
10/21/2017,LYH,VA,AEA,EN,Federal Contract Tower,2,11,20,0,33,0,8,88,0,96,2,19,108,0,129,142,0,142,271
10/22/2017,LYH,VA,AEA,EN,Federal Contract Tower,0,14,24,1,39,0,0,82,0,82,0,14,106,1,121,28,0,28,149
10/23/2017,LYH,VA,AEA,EN,Federal Contract Tower,0,13,20,0,33,0,0,8,0,8,0,13,28,0,41,28,0,28,69
10/24/2017,LYH,VA,AEA,EN,Federal Contract Tower,1,13,12,1,27,0,0,132,0,132,1,13,144,1,159,218,0,218,377
10/25/2017,LYH,VA,AEA,EN,Federal Contract Tower,0,17,26,3,46,0,4,131,1,136,0,21,157,4,182,234,0,234,416
10/26/2017,LYH,VA,AEA,EN,Federal Contract Tower,0,20,14,0,34,0,2,124,0,126,0,22,138,0,160,240,0,240,400
10/27/2017,LYH,VA,AEA,EN,Federal Contract Tower,0,10,17,0,27,0,4,136,2,142,0,14,153,2,169,284,0,284,453
10/28/2017,LYH,VA,AEA,EN,Federal Contract Tower,0,5,22,0,27,0,4,67,0,71,0,9,89,0,98,146,0,146,244
10/29/2017,LYH,VA,AEA,EN,Federal Contract Tower,0,12,14,0,26,0,0,7,0,7,0,12,21,0,33,6,0,6,39
10/30/2017,LYH,VA,AEA,EN,Federal Contract Tower,0,12,17,4,33,0,0,72,2,74,0,12,89,6,107,128,6,134,241
10/31/2017,LYH,VA,AEA,EN,Federal Contract Tower,0,9,20,0,29,0,1,128,0,129,0,10,148,0,158,230,0,230,388
11/01/2017,LYH,VA,AEA,EN,Federal Contract Tower,0,18,26,0,44,0,6,137,0,143,0,24,163,0,187,248,0,248,435
11/02/2017,LYH,VA,AEA,EN,Federal Contract Tower,0,18,28,1,47,0,7,140,3,150,0,25,168,4,197,346,2,348,545
11/03/2017,LYH,VA,AEA,EN,Federal Contract Tower,0,19,21,0,40,0,0,144,1,145,0,19,165,1,185,318,0,318,503
11/04/2017,LYH,VA,AEA,EN,Federal Contract Tower,0,11,23,1,35,0,0,2,0,2,0,11,25,1,37,0,0,0,37
11/05/2017,LYH,VA,AEA,EN,Federal Contract Tower,0,18,6,1,25,0,0,0,0,0,0,18,6,1,25,0,0,0,25
11/06/2017,LYH,VA,AEA,EN,Federal Contract Tower,0,13,34,0,47,0,3,77,0,80,0,16,111,0,127,166,0,166,293
11/07/2017,LYH,VA,AEA,EN,Federal Contract Tower,0,24,14,1,39,0,0,0,0,0,0,24,14,1,39,0,0,0,39
11/08/2017,LYH,VA,AEA,EN,Federal Contract Tower,0,16,6,1,23,0,0,2,0,2,0,16,8,1,25,10,0,10,35
11/09/2017,LYH,VA,AEA,EN,Federal Contract Tower,0,15,28,0,43,0,0,0,0,0,0,15,28,0,43,0,0,0,43
11/10/2017,LYH,VA,AEA,EN,Federal Contract Tower,0,19,30,0,49,0,2,194,0,196,0,21,224,0,245,330,0,330,575
11/11/2017,LYH,VA,AEA,EN,Federal Contract Tower,0,10,18,0,28,0,0,107,2,109,0,10,125,2,137,184,0,184,321
11/13/2017,LYH,VA,AEA,EN,Federal Contract Tower,0,9,10,0,19,0,0,93,2,95,0,9,103,2,114,176,0,176,290
11/14/2017,LYH,VA,AEA,EN,Federal Contract Tower,0,11,25,0,36,0,1,167,0,168,0,12,192,0,204,290,0,290,494
11/15/2017,LYH,VA,AEA,EN,Federal Contract Tower,0,12,25,3,40,0,0,138,3,141,0,12,163,6,181,270,12,282,463
11/16/2017,LYH,VA,AEA,EN,Federal Contract Tower,0,20,9,0,29,0,0,102,0,102,0,20,111,0,131,208,0,208,339
11/17/2017,LYH,VA,AEA,EN,Federal Contract Tower,2,22,31,0,55,0,4,199,0,203,2,26,230,0,258,374,0,374,632
11/18/2017,LYH,VA,AEA,EN,Federal Contract Tower,2,12,13,1,28,0,1,26,1,28,2,13,39,2,56,0,0,0,56
11/19/2017,LYH,VA,AEA,EN,Federal Contract Tower,0,14,9,0,23,0,0,12,0,12,0,14,21,0,35,2,0,2,37
11/20/2017,LYH,VA,AEA,EN,Federal Contract Tower,0,14,14,2,30,0,0,112,0,112,0,14,126,2,142,140,0,140,282
11/21/2017,LYH,VA,AEA,EN,Federal Contract Tower,0,20,16,3,39,0,3,81,3,87,0,23,97,6,126,138,0,138,264
11/22/2017,LYH,VA,AEA,EN,Federal Contract Tower,0,20,20,0,40,0,1,65,0,66,0,21,85,0,106,88,0,88,194
11/23/2017,LYH,VA,AEA,EN,Federal Contract Tower,0,5,2,0,7,0,0,20,0,20,0,5,22,0,27,6,0,6,33
11/24/2017,LYH,VA,AEA,EN,Federal Contract Tower,0,9,14,0,23,0,0,27,0,27,0,9,41,0,50,14,0,14,64
11/25/2017,LYH,VA,AEA,EN,Federal Contract Tower,0,12,10,0,22,0,0,42,0,42,0,12,52,0,64,36,0,36,100
11/26/2017,LYH,VA,AEA,EN,Federal Contract Tower,0,14,21,0,35,0,0,47,0,47,0,14,68,0,82,68,0,68,150
11/27/2017,LYH,VA,AEA,EN,Federal Contract Tower,0,11,16,0,27,0,2,125,0,127,0,13,141,0,154,278,0,278,432
11/28/2017,LYH,VA,AEA,EN,Federal Contract Tower,0,16,16,0,32,0,3,125,6,134,0,19,141,6,166,304,0,304,470
11/29/2017,LYH,VA,AEA,EN,Federal Contract Tower,0,18,25,1,44,0,0,127,0,127,0,18,152,1,171,296,0,296,467
11/30/2017,LYH,VA,AEA,EN,Federal Contract Tower,0,14,21,2,37,0,0,169,0,169,0,14,190,2,206,362,0,362,568
12/01/2017,LYH,VA,AEA,EN,Federal Contract Tower,0,20,29,3,52,0,0,141,0,141,0,20,170,3,193,232,0,232,425
12/02/2017,LYH,VA,AEA,EN,Federal Contract Tower,0,12,12,7,31,0,1,104,8,113,0,13,116,15,144,124,0,124,268
12/03/2017,LYH,VA,AEA,EN,Federal Contract Tower,0,11,18,2,31,0,0,56,5,61,0,11,74,7,92,36,0,36,128
12/04/2017,LYH,VA,AEA,EN,Federal Contract Tower,0,15,21,4,40,0,0,85,0,85,0,15,106,4,125,208,0,208,333
12/05/2017,LYH,VA,AEA,EN,Federal Contract Tower,0,14,14,0,28,0,0,23,0,23,0,14,37,0,51,70,0,70,121
12/06/2017,LYH,VA,AEA,EN,Federal Contract Tower,0,20,23,0,43,0,0,90,0,90,0,20,113,0,133,236,0,236,369
12/07/2017,LYH,VA,AEA,EN,Federal Contract Tower,0,16,15,2,33,0,0,127,2,129,0,16,142,4,162,306,0,306,468
12/08/2017,LYH,VA,AEA,EN,Federal Contract Tower,0,19,9,0,28,0,0,25,1,26,0,19,34,1,54,56,2,58,112
12/10/2017,LYH,VA,AEA,EN,Federal Contract Tower,0,13,9,0,22,0,0,52,0,52,0,13,61,0,74,114,0,114,188
12/11/2017,LYH,VA,AEA,EN,Federal Contract Tower,0,15,20,0,35,0,0,97,4,101,0,15,117,4,136,280,0,280,416
12/12/2017,LYH,VA,AEA,EN,Federal Contract Tower,0,17,10,0,27,0,0,50,0,50,0,17,60,0,77,68,0,68,145
12/13/2017,LYH,VA,AEA,EN,Federal Contract Tower,0,15,21,0,36,0,0,112,0,112,0,15,133,0,148,188,0,188,336
12/14/2017,LYH,VA,AEA,EN,Federal Contract Tower,0,12,8,8,28,0,0,67,0,67,0,12,75,8,95,164,4,168,263
12/15/2017,LYH,VA,AEA,EN,Federal Contract Tower,2,13,17,0,32,0,0,56,3,59,2,13,73,3,91,176,0,176,267
12/16/2017,LYH,VA,AEA,EN,Federal Contract Tower,0,7,9,0,16,0,1,55,2,58,0,8,64,2,74,110,0,110,184
12/17/2017,LYH,VA,AEA,EN,Federal Contract Tower,0,7,7,0,14,0,5,41,0,46,0,12,48,0,60,36,0,36,96
12/18/2017,LYH,VA,AEA,EN,Federal Contract Tower,0,13,13,0,26,0,2,78,0,80,0,15,91,0,106,96,2,98,204
12/19/2017,LYH,VA,AEA,EN,Federal Contract Tower,0,13,17,2,32,0,2,84,2,88,0,15,101,4,120,114,2,116,236
12/20/2017,LYH,VA,AEA,EN,Federal Contract Tower,0,12,12,2,26,0,0,36,0,36,0,12,48,2,62,88,0,88,150
12/21/2017,LYH,VA,AEA,EN,Federal Contract Tower,1,10,13,2,26,0,2,63,0,65,1,12,76,2,91,52,0,52,143
12/22/2017,LYH,VA,AEA,EN,Federal Contract Tower,0,8,7,0,15,0,2,55,0,57,0,10,62,0,72,34,0,34,106
12/23/2017,LYH,VA,AEA,EN,Federal Contract Tower,0,6,2,0,8,0,0,1,0,1,0,6,3,0,9,0,0,0,9
12/24/2017,LYH,VA,AEA,EN,Federal Contract Tower,0,8,6,0,14,0,2,0,0,2,0,10,6,0,16,0,0,0,16
12/25/2017,LYH,VA,AEA,EN,Federal Contract Tower,0,8,4,0,12,0,0,2,0,2,0,8,6,0,14,0,0,0,14
12/26/2017,LYH,VA,AEA,EN,Federal Contract Tower,0,11,12,0,23,0,2,21,0,23,0,13,33,0,46,26,0,26,72
12/27/2017,LYH,VA,AEA,EN,Federal Contract Tower,0,9,10,2,21,0,0,33,0,33,0,9,43,2,54,50,0,50,104
12/28/2017,LYH,VA,AEA,EN,Federal Contract Tower,0,7,5,0,12,0,0,30,0,30,0,7,35,0,42,42,0,42,84
12/29/2017,LYH,VA,AEA,EN,Federal Contract Tower,0,12,9,0,21,0,0,31,0,31,0,12,40,0,52,36,0,36,88
12/30/2017,LYH,VA,AEA,EN,Federal Contract Tower,0,6,12,0,18,0,2,20,0,22,0,8,32,0,40,4,0,4,44
12/31/2017,LYH,VA,AEA,EN,Federal Contract Tower,0,7,7,0,14,0,2,5,0,7,0,9,12,0,21,0,0,0,21
01/01/2018,LYH,VA,AEA,EN,Federal Contract Tower,0,8,4,0,12,0,0,19,0,19,0,8,23,0,31,8,0,8,39
01/02/2018,LYH,VA,AEA,EN,Federal Contract Tower,0,13,1,1,15,0,0,34,2,36,0,13,35,3,51,40,0,40,91
01/03/2018,LYH,VA,AEA,EN,Federal Contract Tower,0,11,17,2,30,0,5,64,0,69,0,16,81,2,99,64,0,64,163
01/04/2018,LYH,VA,AEA,EN,Federal Contract Tower,0,13,2,0,15,0,0,4,0,4,0,13,6,0,19,0,0,0,19
01/05/2018,LYH,VA,AEA,EN,Federal Contract Tower,0,12,7,0,19,0,0,21,0,21,0,12,28,0,40,0,0,0,40
01/06/2018,LYH,VA,AEA,EN,Federal Contract Tower,0,8,2,0,10,0,2,24,0,26,0,10,26,0,36,50,0,50,86
01/07/2018,LYH,VA,AEA,EN,Federal Contract Tower,0,7,8,0,15,0,0,24,0,24,0,7,32,0,39,8,0,8,47
01/08/2018,LYH,VA,AEA,EN,Federal Contract Tower,0,13,5,2,20,0,0,13,2,15,0,13,18,4,35,14,8,22,57
01/09/2018,LYH,VA,AEA,EN,Federal Contract Tower,0,8,19,0,27,0,0,66,0,66,0,8,85,0,93,42,0,42,135
01/10/2018,LYH,VA,AEA,EN,Federal Contract Tower,0,13,26,0,39,0,0,57,5,62,0,13,83,5,101,112,0,112,213
01/11/2018,LYH,VA,AEA,EN,Federal Contract Tower,3,16,15,0,34,0,0,6,0,6,3,16,21,0,40,52,0,52,92
01/12/2018,LYH,VA,AEA,EN,Federal Contract Tower,2,9,6,0,17,0,0,1,0,1,2,9,7,0,18,0,0,0,18
01/13/2018,LYH,VA,AEA,EN,Federal Contract Tower,3,7,7,0,17,0,1,24,0,25,3,8,31,0,42,14,0,14,56
01/14/2018,LYH,VA,AEA,EN,Federal Contract Tower,2,8,15,0,25,0,1,55,0,56,2,9,70,0,81,12,0,12,93
01/15/2018,LYH,VA,AEA,EN,Federal Contract Tower,3,8,12,11,34,0,0,59,0,59,3,8,71,11,93,38,10,48,141
01/16/2018,LYH,VA,AEA,EN,Federal Contract Tower,4,6,12,0,22,0,2,64,4,70,4,8,76,4,92,102,0,102,194
01/17/2018,LYH,VA,AEA,EN,Federal Contract Tower,1,0,4,0,5,0,0,0,0,0,1,0,4,0,5,0,0,0,5
01/18/2018,LYH,VA,AEA,EN,Federal Contract Tower,0,14,20,0,34,0,0,48,2,50,0,14,68,2,84,138,0,138,222
01/19/2018,LYH,VA,AEA,EN,Federal Contract Tower,2,9,15,2,28,0,0,82,3,85,2,9,97,5,113,168,0,168,281
01/21/2018,LYH,VA,AEA,EN,Federal Contract Tower,0,7,15,0,22,0,0,46,0,46,0,7,61,0,68,62,0,62,130
01/22/2018,LYH,VA,AEA,EN,Federal Contract Tower,4,10,5,0,19,0,0,57,0,57,4,10,62,0,76,44,0,44,120
01/23/2018,LYH,VA,AEA,EN,Federal Contract Tower,2,8,3,0,13,0,0,27,2,29,2,8,30,2,42,48,0,48,90
01/24/2018,LYH,VA,AEA,EN,Federal Contract Tower,3,9,34,2,48,0,6,69,0,75,3,15,103,2,123,148,0,148,271
01/25/2018,LYH,VA,AEA,EN,Federal Contract Tower,3,23,24,0,50,0,0,85,1,86,3,23,109,1,136,148,0,148,284
01/26/2018,LYH,VA,AEA,EN,Federal Contract Tower,3,16,29,0,48,0,4,136,6,146,3,20,165,6,194,148,0,148,342
01/27/2018,LYH,VA,AEA,EN,Federal Contract Tower,3,4,11,2,20,0,5,66,0,71,3,9,77,2,91,104,2,106,197
01/28/2018,LYH,VA,AEA,EN,Federal Contract Tower,2,9,4,0,15,0,0,0,0,0,2,9,4,0,15,0,0,0,15
01/29/2018,LYH,VA,AEA,EN,Federal Contract Tower,5,8,4,0,17,0,0,1,0,1,5,8,5,0,18,0,0,0,18
01/30/2018,LYH,VA,AEA,EN,Federal Contract Tower,2,8,12,15,37,0,2,37,0,39,2,10,49,15,76,12,14,26,102
01/31/2018,LYH,VA,AEA,EN,Federal Contract Tower,4,15,50,0,69,0,6,165,5,176,4,21,215,5,245,318,2,320,565
02/01/2018,LYH,VA,AEA,EN,Federal Contract Tower,3,10,37,0,50,0,0,149,14,163,3,10,186,14,213,198,0,198,411
02/02/2018,LYH,VA,AEA,EN,Federal Contract Tower,1,9,20,0,30,0,2,77,2,81,1,11,97,2,111,66,0,66,177
02/03/2018,LYH,VA,AEA,EN,Federal Contract Tower,5,5,23,2,35,0,1,96,1,98,5,6,119,3,133,96,0,96,229
02/04/2018,LYH,VA,AEA,EN,Federal Contract Tower,3,2,2,0,7,0,0,0,0,0,3,2,2,0,7,0,0,0,7
02/05/2018,LYH,VA,AEA,EN,Federal Contract Tower,4,7,42,0,53,0,4,164,4,172,4,11,206,4,225,222,0,222,447
02/06/2018,LYH,VA,AEA,EN,Federal Contract Tower,4,9,35,0,48,0,0,125,2,127,4,9,160,2,175,254,0,254,429
02/07/2018,LYH,VA,AEA,EN,Federal Contract Tower,2,9,7,0,18,0,0,2,0,2,2,9,9,0,20,10,0,10,30
02/08/2018,LYH,VA,AEA,EN,Federal Contract Tower,3,7,34,1,45,0,0,149,2,151,3,7,183,3,196,188,0,188,384
02/09/2018,LYH,VA,AEA,EN,Federal Contract Tower,3,13,69,1,86,0,2,180,0,182,3,15,249,1,268,268,0,268,536
02/10/2018,LYH,VA,AEA,EN,Federal Contract Tower,3,0,7,0,10,0,0,3,0,3,3,0,10,0,13,0,0,0,13
02/11/2018,LYH,VA,AEA,EN,Federal Contract Tower,4,4,5,0,13,0,5,2,0,7,4,9,7,0,20,6,0,6,26
02/12/2018,LYH,VA,AEA,EN,Federal Contract Tower,4,9,51,5,69,0,0,39,4,43,4,9,90,9,112,120,28,148,260
02/13/2018,LYH,VA,AEA,EN,Federal Contract Tower,4,8,28,1,41,0,1,60,6,67,4,9,88,7,108,166,10,176,284
02/14/2018,LYH,VA,AEA,EN,Federal Contract Tower,3,8,33,0,44,0,2,129,0,131,3,10,162,0,175,304,0,304,479
02/15/2018,LYH,VA,AEA,EN,Federal Contract Tower,3,8,37,0,48,0,2,171,2,175,3,10,208,2,223,306,0,306,529
02/16/2018,LYH,VA,AEA,EN,Federal Contract Tower,3,8,37,2,50,0,2,76,0,78,3,10,113,2,128,194,0,194,322
02/17/2018,LYH,VA,AEA,EN,Federal Contract Tower,3,7,6,0,16,0,0,24,0,24,3,7,30,0,40,68,0,68,108
02/18/2018,LYH,VA,AEA,EN,Federal Contract Tower,6,2,25,0,33,0,1,83,2,86,6,3,108,2,119,156,0,156,275
02/19/2018,LYH,VA,AEA,EN,Federal Contract Tower,4,6,27,0,37,0,0,13,0,13,4,6,40,0,50,84,0,84,134
02/20/2018,LYH,VA,AEA,EN,Federal Contract Tower,3,12,36,0,51,0,0,71,0,71,3,12,107,0,122,108,0,108,230
02/21/2018,LYH,VA,AEA,EN,Federal Contract Tower,3,9,51,0,63,0,3,68,2,73,3,12,119,2,136,170,0,170,306
02/22/2018,LYH,VA,AEA,EN,Federal Contract Tower,2,7,57,0,66,0,2,79,4,85,2,9,136,4,151,192,0,192,343
02/23/2018,LYH,VA,AEA,EN,Federal Contract Tower,3,13,62,0,78,0,0,2,0,2,3,13,64,0,80,0,0,0,80
02/24/2018,LYH,VA,AEA,EN,Federal Contract Tower,3,9,27,0,39,0,0,93,0,93,3,9,120,0,132,252,0,252,384
02/25/2018,LYH,VA,AEA,EN,Federal Contract Tower,3,8,5,0,16,0,0,29,0,29,3,8,34,0,45,36,0,36,81
02/26/2018,LYH,VA,AEA,EN,Federal Contract Tower,3,10,33,2,48,0,0,155,2,157,3,10,188,4,205,524,2,526,731
02/27/2018,LYH,VA,AEA,EN,Federal Contract Tower,3,6,61,0,70,0,1,169,22,192,3,7,230,22,262,314,0,314,576
02/28/2018,LYH,VA,AEA,EN,Federal Contract Tower,5,10,44,0,59,0,0,122,7,129,5,10,166,7,188,350,0,350,538
03/01/2018,LYH,VA,AEA,EN,Federal Contract Tower,3,6,24,0,33,0,0,0,0,0,3,6,24,0,33,0,0,0,33
03/02/2018,LYH,VA,AEA,EN,Federal Contract Tower,2,8,6,0,16,0,0,2,1,3,2,8,8,1,19,0,0,0,19
03/03/2018,LYH,VA,AEA,EN,Federal Contract Tower,4,11,4,0,19,0,2,13,0,15,4,13,17,0,34,28,0,28,62
03/04/2018,LYH,VA,AEA,EN,Federal Contract Tower,3,8,13,0,24,0,0,69,0,69,3,8,82,0,93,212,0,212,305
03/05/2018,LYH,VA,AEA,EN,Federal Contract Tower,5,4,45,0,54,0,3,162,0,165,5,7,207,0,219,382,0,382,601
03/06/2018,LYH,VA,AEA,EN,Federal Contract Tower,5,4,11,0,20,0,2,33,0,35,5,6,44,0,55,98,0,98,153
03/07/2018,LYH,VA,AEA,EN,Federal Contract Tower,5,4,9,2,20,0,2,13,0,15,5,6,22,2,35,20,0,20,55
03/08/2018,LYH,VA,AEA,EN,Federal Contract Tower,5,4,25,0,34,0,2,91,1,94,5,6,116,1,128,138,0,138,266
03/09/2018,LYH,VA,AEA,EN,Federal Contract Tower,5,4,23,0,32,0,0,119,0,119,5,4,142,0,151,208,0,208,359
03/10/2018,LYH,VA,AEA,EN,Federal Contract Tower,5,5,11,0,21,0,1,90,0,91,5,6,101,0,112,240,0,240,352
03/11/2018,LYH,VA,AEA,EN,Federal Contract Tower,5,8,2,0,15,0,0,22,0,22,5,8,24,0,37,46,0,46,83
03/12/2018,LYH,VA,AEA,EN,Federal Contract Tower,5,5,3,0,13,0,0,0,0,0,5,5,3,0,13,0,0,0,13
03/13/2018,LYH,VA,AEA,EN,Federal Contract Tower,5,6,22,0,33,0,0,87,4,91,5,6,109,4,124,142,0,142,266
03/14/2018,LYH,VA,AEA,EN,Federal Contract Tower,5,6,17,0,28,0,0,45,6,51,5,6,62,6,79,76,0,76,155
03/15/2018,LYH,VA,AEA,EN,Federal Contract Tower,5,7,15,1,28,0,5,72,1,78,5,12,87,2,106,80,0,80,186
03/16/2018,LYH,VA,AEA,EN,Federal Contract Tower,5,10,28,0,43,0,2,95,1,98,5,12,123,1,141,142,0,142,283
03/17/2018,LYH,VA,AEA,EN,Federal Contract Tower,5,14,14,0,33,0,0,63,0,63,5,14,77,0,96,128,0,128,224
03/18/2018,LYH,VA,AEA,EN,Federal Contract Tower,5,9,19,1,34,0,2,74,2,78,5,11,93,3,112,118,0,118,230
03/19/2018,LYH,VA,AEA,EN,Federal Contract Tower,5,11,20,0,36,0,4,70,0,74,5,15,90,0,110,226,0,226,336
03/20/2018,LYH,VA,AEA,EN,Federal Contract Tower,6,8,0,0,14,0,0,0,0,0,6,8,0,0,14,0,0,0,14
03/21/2018,LYH,VA,AEA,EN,Federal Contract Tower,2,7,2,0,11,0,0,0,0,0,2,7,2,0,11,0,0,0,11
03/22/2018,LYH,VA,AEA,EN,Federal Contract Tower,5,6,28,3,42,0,7,68,20,95,5,13,96,23,137,110,2,112,249
03/23/2018,LYH,VA,AEA,EN,Federal Contract Tower,6,8,35,0,49,0,3,90,0,93,6,11,125,0,142,108,0,108,250
03/24/2018,LYH,VA,AEA,EN,Federal Contract Tower,5,11,23,0,39,0,5,40,0,45,5,16,63,0,84,92,0,92,176
03/25/2018,LYH,VA,AEA,EN,Federal Contract Tower,5,7,11,2,25,0,1,39,0,40,5,8,50,2,65,40,0,40,105
03/26/2018,LYH,VA,AEA,EN,Federal Contract Tower,5,9,44,0,58,0,1,128,0,129,5,10,172,0,187,284,0,284,471
03/27/2018,LYH,VA,AEA,EN,Federal Contract Tower,6,7,8,0,21,0,0,18,0,18,6,7,26,0,39,178,0,178,217
03/28/2018,LYH,VA,AEA,EN,Federal Contract Tower,6,7,43,1,57,0,0,135,6,141,6,7,178,7,198,286,4,290,488
03/29/2018,LYH,VA,AEA,EN,Federal Contract Tower,6,8,31,2,47,0,2,112,6,120,6,10,143,8,167,226,0,226,393
03/30/2018,LYH,VA,AEA,EN,Federal Contract Tower,4,6,26,12,48,0,2,61,12,75,4,8,87,24,123,102,18,120,243
03/31/2018,LYH,VA,AEA,EN,Federal Contract Tower,5,5,25,2,37,0,3,108,1,112,5,8,133,3,149,300,2,302,451
04/01/2018,LYH,VA,AEA,EN,Federal Contract Tower,4,12,4,5,25,0,1,12,2,15,4,13,16,7,40,2,2,4,44
04/02/2018,LYH,VA,AEA,EN,Federal Contract Tower,5,8,29,2,44,0,0,55,0,55,5,8,84,2,99,128,4,132,231
04/03/2018,LYH,VA,AEA,EN,Federal Contract Tower,5,5,43,2,55,0,0,47,0,47,5,5,90,2,102,106,0,106,208
04/04/2018,LYH,VA,AEA,EN,Federal Contract Tower,3,6,13,1,23,0,2,13,0,15,3,8,26,1,38,28,0,28,66
04/05/2018,LYH,VA,AEA,EN,Federal Contract Tower,4,9,41,3,57,0,4,156,2,162,4,13,197,5,219,290,0,290,509
04/06/2018,LYH,VA,AEA,EN,Federal Contract Tower,5,13,27,0,45,0,2,89,4,95,5,15,116,4,140,186,10,196,336
04/07/2018,LYH,VA,AEA,EN,Federal Contract Tower,3,6,2,0,11,0,0,0,0,0,3,6,2,0,11,0,0,0,11
04/08/2018,LYH,VA,AEA,EN,Federal Contract Tower,7,5,18,0,30,0,0,61,0,61,7,5,79,0,91,92,0,92,183
04/09/2018,LYH,VA,AEA,EN,Federal Contract Tower,5,8,13,0,26,0,0,3,0,3,5,8,16,0,29,10,0,10,39
04/10/2018,LYH,VA,AEA,EN,Federal Contract Tower,2,6,30,0,38,0,2,153,2,157,2,8,183,2,195,308,6,314,509
04/11/2018,LYH,VA,AEA,EN,Federal Contract Tower,4,9,62,0,75,0,1,139,0,140,4,10,201,0,215,200,0,200,415
04/12/2018,LYH,VA,AEA,EN,Federal Contract Tower,4,6,27,0,37,0,1,93,9,103,4,7,120,9,140,260,0,260,400
04/13/2018,LYH,VA,AEA,EN,Federal Contract Tower,4,12,32,0,48,0,4,94,0,98,4,16,126,0,146,178,0,178,324
04/14/2018,LYH,VA,AEA,EN,Federal Contract Tower,2,6,22,0,30,0,5,59,2,66,2,11,81,2,96,66,4,70,166
04/15/2018,LYH,VA,AEA,EN,Federal Contract Tower,6,10,9,0,25,0,2,11,0,13,6,12,20,0,38,2,0,2,40
04/16/2018,LYH,VA,AEA,EN,Federal Contract Tower,5,7,11,0,23,0,1,34,0,35,5,8,45,0,58,22,0,22,80
04/17/2018,LYH,VA,AEA,EN,Federal Contract Tower,4,4,13,4,25,0,5,57,4,66,4,9,70,8,91,90,0,90,181
04/18/2018,LYH,VA,AEA,EN,Federal Contract Tower,5,11,44,2,62,0,0,169,6,175,5,11,213,8,237,398,2,400,637
04/19/2018,LYH,VA,AEA,EN,Federal Contract Tower,4,9,16,0,29,0,1,43,8,52,4,10,59,8,81,174,0,174,255
04/20/2018,LYH,VA,AEA,EN,Federal Contract Tower,5,16,35,2,58,0,0,122,0,122,5,16,157,2,180,256,0,256,436
04/21/2018,LYH,VA,AEA,EN,Federal Contract Tower,4,9,30,1,44,0,2,137,1,140,4,11,167,2,184,228,2,230,414
04/22/2018,LYH,VA,AEA,EN,Federal Contract Tower,6,7,21,0,34,0,1,73,2,76,6,8,94,2,110,86,0,86,196
04/23/2018,LYH,VA,AEA,EN,Federal Contract Tower,4,10,27,3,44,0,4,73,1,78,4,14,100,4,122,170,0,170,292
04/24/2018,LYH,VA,AEA,EN,Federal Contract Tower,2,7,21,0,30,0,0,0,0,0,2,7,21,0,30,0,0,0,30
04/25/2018,LYH,VA,AEA,EN,Federal Contract Tower,4,17,39,6,66,0,2,21,0,23,4,19,60,6,89,82,0,82,171
04/26/2018,LYH,VA,AEA,EN,Federal Contract Tower,6,14,47,1,68,0,2,116,5,123,6,16,163,6,191,274,4,278,469
04/27/2018,LYH,VA,AEA,EN,Federal Contract Tower,4,11,44,1,60,0,0,73,0,73,4,11,117,1,133,150,0,150,283
04/28/2018,LYH,VA,AEA,EN,Federal Contract Tower,5,5,21,0,31,0,3,98,1,102,5,8,119,1,133,162,0,162,295
04/29/2018,LYH,VA,AEA,EN,Federal Contract Tower,4,7,9,0,20,0,2,74,1,77,4,9,83,1,97,130,0,130,227
04/30/2018,LYH,VA,AEA,EN,Federal Contract Tower,3,10,43,2,58,0,4,164,2,170,3,14,207,4,228,262,0,262,490
05/01/2018,LYH,VA,AEA,EN,Federal Contract Tower,2,10,27,0,39,0,4,147,4,155,2,14,174,4,194,304,0,304,498
05/02/2018,LYH,VA,AEA,EN,Federal Contract Tower,4,13,22,0,39,0,2,142,2,146,4,15,164,2,185,324,0,324,509
05/03/2018,LYH,VA,AEA,EN,Federal Contract Tower,4,9,25,2,40,0,0,110,0,110,4,9,135,2,150,202,0,202,352
05/04/2018,LYH,VA,AEA,EN,Federal Contract Tower,2,9,25,12,48,0,5,118,1,124,2,14,143,13,172,240,0,240,412
05/05/2018,LYH,VA,AEA,EN,Federal Contract Tower,8,4,12,0,24,0,0,34,0,34,8,4,46,0,58,70,0,70,128
05/06/2018,LYH,VA,AEA,EN,Federal Contract Tower,2,7,16,2,27,0,1,4,4,9,2,8,20,6,36,0,0,0,36
05/07/2018,LYH,VA,AEA,EN,Federal Contract Tower,2,6,32,1,41,0,0,117,1,118,2,6,149,2,159,220,0,220,379
05/08/2018,LYH,VA,AEA,EN,Federal Contract Tower,1,15,22,5,43,0,5,90,2,97,1,20,112,7,140,218,6,224,364
05/09/2018,LYH,VA,AEA,EN,Federal Contract Tower,2,16,15,4,37,0,0,128,2,130,2,16,143,6,167,292,2,294,461
05/10/2018,LYH,VA,AEA,EN,Federal Contract Tower,8,4,17,0,29,0,0,60,2,62,8,4,77,2,91,114,0,114,205
05/11/2018,LYH,VA,AEA,EN,Federal Contract Tower,2,11,30,1,44,0,0,137,1,138,2,11,167,2,182,240,0,240,422
05/12/2018,LYH,VA,AEA,EN,Federal Contract Tower,2,8,9,0,19,0,1,62,0,63,2,9,71,0,82,76,0,76,158
05/13/2018,LYH,VA,AEA,EN,Federal Contract Tower,0,13,18,0,31,0,1,35,0,36,0,14,53,0,67,28,0,28,95
05/14/2018,LYH,VA,AEA,EN,Federal Contract Tower,2,10,31,0,43,0,0,71,2,73,2,10,102,2,116,170,0,170,286
05/15/2018,LYH,VA,AEA,EN,Federal Contract Tower,2,13,12,4,31,0,2,65,2,69,2,15,77,6,100,162,8,170,270
05/16/2018,LYH,VA,AEA,EN,Federal Contract Tower,2,14,19,1,36,0,0,0,0,0,2,14,19,1,36,0,0,0,36
05/17/2018,LYH,VA,AEA,EN,Federal Contract Tower,2,9,23,0,34,0,2,3,0,5,2,11,26,0,39,12,0,12,51
05/18/2018,LYH,VA,AEA,EN,Federal Contract Tower,3,15,19,0,37,0,0,0,0,0,3,15,19,0,37,0,0,0,37
05/19/2018,LYH,VA,AEA,EN,Federal Contract Tower,8,19,15,0,42,0,0,4,0,4,8,19,19,0,46,2,0,2,48
05/20/2018,LYH,VA,AEA,EN,Federal Contract Tower,3,8,26,2,39,0,0,25,0,25,3,8,51,2,64,10,0,10,74
05/21/2018,LYH,VA,AEA,EN,Federal Contract Tower,2,9,22,5,38,0,0,80,3,83,2,9,102,8,121,160,2,162,283
05/22/2018,LYH,VA,AEA,EN,Federal Contract Tower,2,12,13,7,34,0,0,28,2,30,2,12,41,9,64,112,0,112,176
05/23/2018,LYH,VA,AEA,EN,Federal Contract Tower,2,10,25,3,40,0,0,127,2,129,2,10,152,5,169,280,4,284,453
05/24/2018,LYH,VA,AEA,EN,Federal Contract Tower,3,9,18,4,34,0,1,99,4,104,3,10,117,8,138,252,4,256,394
05/25/2018,LYH,VA,AEA,EN,Federal Contract Tower,2,13,30,0,45,0,0,97,0,97,2,13,127,0,142,258,0,258,400
05/26/2018,LYH,VA,AEA,EN,Federal Contract Tower,2,6,17,0,25,0,0,41,0,41,2,6,58,0,66,76,0,76,142
05/27/2018,LYH,VA,AEA,EN,Federal Contract Tower,2,8,12,0,22,0,0,2,0,2,2,8,14,0,24,0,0,0,24
05/28/2018,LYH,VA,AEA,EN,Federal Contract Tower,2,7,26,0,35,0,0,36,0,36,2,7,62,0,71,134,0,134,205
05/29/2018,LYH,VA,AEA,EN,Federal Contract Tower,2,9,18,0,29,0,1,17,0,18,2,10,35,0,47,168,0,168,215
05/30/2018,LYH,VA,AEA,EN,Federal Contract Tower,2,8,10,0,20,0,0,23,0,23,2,8,33,0,43,68,0,68,111
05/31/2018,LYH,VA,AEA,EN,Federal Contract Tower,3,15,33,0,51,0,0,29,0,29,3,15,62,0,80,170,0,170,250
06/01/2018,LYH,VA,AEA,EN,Federal Contract Tower,4,12,20,1,37,0,1,108,2,111,4,13,128,3,148,114,0,114,262
06/02/2018,LYH,VA,AEA,EN,Federal Contract Tower,2,7,10,0,19,0,0,33,1,34,2,7,43,1,53,66,0,66,119
06/03/2018,LYH,VA,AEA,EN,Federal Contract Tower,2,8,17,0,27,0,4,24,0,28,2,12,41,0,55,40,0,40,95
06/04/2018,LYH,VA,AEA,EN,Federal Contract Tower,2,11,19,0,32,0,0,75,0,75,2,11,94,0,107,132,2,134,241
06/05/2018,LYH,VA,AEA,EN,Federal Contract Tower,4,14,20,2,40,0,1,146,2,149,4,15,166,4,189,184,2,186,375
06/06/2018,LYH,VA,AEA,EN,Federal Contract Tower,3,13,19,6,41,0,2,175,2,179,3,15,194,8,220,126,4,130,350
06/07/2018,LYH,VA,AEA,EN,Federal Contract Tower,3,9,28,4,44,0,2,148,0,150,3,11,176,4,194,138,0,138,332
06/09/2018,LYH,VA,AEA,EN,Federal Contract Tower,4,2,21,5,32,0,6,64,5,75,4,8,85,10,107,84,8,92,199
06/10/2018,LYH,VA,AEA,EN,Federal Contract Tower,0,9,16,4,29,0,0,29,7,36,0,9,45,11,65,42,4,46,111
06/11/2018,LYH,VA,AEA,EN,Federal Contract Tower,0,18,17,2,37,0,0,0,0,0,0,18,17,2,37,0,0,0,37
06/12/2018,LYH,VA,AEA,EN,Federal Contract Tower,0,15,26,0,41,0,0,19,0,19,0,15,45,0,60,56,0,56,116
06/13/2018,LYH,VA,AEA,EN,Federal Contract Tower,4,10,34,4,52,0,1,120,1,122,4,11,154,5,174,248,2,250,424
06/14/2018,LYH,VA,AEA,EN,Federal Contract Tower,2,9,19,3,33,0,3,166,1,170,2,12,185,4,203,392,0,392,595
06/15/2018,LYH,VA,AEA,EN,Federal Contract Tower,0,6,19,3,28,0,2,178,2,182,0,8,197,5,210,284,0,284,494
06/16/2018,LYH,VA,AEA,EN,Federal Contract Tower,2,4,24,0,30,0,2,64,0,66,2,6,88,0,96,70,0,70,166
06/17/2018,LYH,VA,AEA,EN,Federal Contract Tower,0,9,20,0,29,0,2,30,0,32,0,11,50,0,61,28,0,28,89
06/18/2018,LYH,VA,AEA,EN,Federal Contract Tower,0,7,21,4,32,0,1,161,2,164,0,8,182,6,196,270,0,270,466
06/19/2018,LYH,VA,AEA,EN,Federal Contract Tower,0,8,17,8,33,0,1,127,4,132,0,9,144,12,165,264,4,268,433
06/20/2018,LYH,VA,AEA,EN,Federal Contract Tower,0,10,21,0,31,0,0,129,2,131,0,10,150,2,162,240,2,242,404
06/21/2018,LYH,VA,AEA,EN,Federal Contract Tower,3,7,30,4,44,0,0,115,2,117,3,7,145,6,161,222,4,226,387
06/22/2018,LYH,VA,AEA,EN,Federal Contract Tower,2,12,21,5,40,0,0,23,0,23,2,12,44,5,63,60,0,60,123
06/23/2018,LYH,VA,AEA,EN,Federal Contract Tower,2,6,13,1,22,0,1,44,0,45,2,7,57,1,67,60,0,60,127
06/24/2018,LYH,VA,AEA,EN,Federal Contract Tower,2,10,14,0,26,0,7,36,1,44,2,17,50,1,70,56,0,56,126
06/25/2018,LYH,VA,AEA,EN,Federal Contract Tower,2,7,24,0,33,0,0,163,0,163,2,7,187,0,196,332,0,332,528
06/26/2018,LYH,VA,AEA,EN,Federal Contract Tower,2,12,17,7,38,0,0,32,0,32,2,12,49,7,70,112,0,112,182
06/27/2018,LYH,VA,AEA,EN,Federal Contract Tower,2,12,45,1,60,0,1,46,1,48,2,13,91,2,108,110,0,110,218
06/28/2018,LYH,VA,AEA,EN,Federal Contract Tower,2,10,26,4,42,0,4,167,4,175,2,14,193,8,217,290,0,290,507
06/29/2018,LYH,VA,AEA,EN,Federal Contract Tower,2,14,34,0,50,0,8,167,0,175,2,22,201,0,225,306,0,306,531
06/30/2018,LYH,VA,AEA,EN,Federal Contract Tower,2,4,21,2,29,0,2,65,2,69,2,6,86,4,98,98,0,98,196
07/01/2018,LYH,VA,AEA,EN,Federal Contract Tower,0,14,8,0,22,0,0,35,1,36,0,14,43,1,58,78,0,78,136
07/02/2018,LYH,VA,AEA,EN,Federal Contract Tower,2,16,17,1,36,0,4,129,0,133,2,20,146,1,169,154,0,154,323
07/03/2018,LYH,VA,AEA,EN,Federal Contract Tower,4,7,21,0,32,0,1,182,0,183,4,8,203,0,215,260,0,260,475
07/04/2018,LYH,VA,AEA,EN,Federal Contract Tower,0,9,8,1,18,0,3,22,1,26,0,12,30,2,44,24,0,24,68
07/05/2018,LYH,VA,AEA,EN,Federal Contract Tower,2,8,22,0,32,0,6,148,0,154,2,14,170,0,186,282,0,282,468
07/06/2018,LYH,VA,AEA,EN,Federal Contract Tower,3,12,12,4,31,0,2,73,0,75,3,14,85,4,106,144,4,148,254
07/07/2018,LYH,VA,AEA,EN,Federal Contract Tower,0,10,14,0,24,0,2,63,0,65,0,12,77,0,89,66,0,66,155
07/08/2018,LYH,VA,AEA,EN,Federal Contract Tower,0,17,14,0,31,0,2,32,0,34,0,19,46,0,65,20,0,20,85
07/09/2018,LYH,VA,AEA,EN,Federal Contract Tower,0,13,13,0,26,0,5,206,0,211,0,18,219,0,237,328,0,328,565
07/10/2018,LYH,VA,AEA,EN,Federal Contract Tower,2,15,26,0,43,0,2,200,4,206,2,17,226,4,249,444,4,448,697
07/11/2018,LYH,VA,AEA,EN,Federal Contract Tower,2,14,17,0,33,0,2,172,0,174,2,16,189,0,207,404,0,404,611
07/12/2018,LYH,VA,AEA,EN,Federal Contract Tower,2,11,12,0,25,0,2,158,2,162,2,13,170,2,187,352,0,352,539
07/13/2018,LYH,VA,AEA,EN,Federal Contract Tower,2,10,30,0,42,0,7,122,1,130,2,17,152,1,172,290,0,290,462
07/14/2018,LYH,VA,AEA,EN,Federal Contract Tower,2,6,18,0,26,0,2,108,3,113,2,8,126,3,139,260,0,260,399
07/15/2018,LYH,VA,AEA,EN,Federal Contract Tower,0,10,6,0,16,0,4,22,6,32,0,14,28,6,48,34,0,34,82
07/16/2018,LYH,VA,AEA,EN,Federal Contract Tower,2,17,6,1,26,0,4,102,0,106,2,21,108,1,132,198,0,198,330
07/17/2018,LYH,VA,AEA,EN,Federal Contract Tower,2,13,17,0,32,0,4,115,2,121,2,17,132,2,153,260,2,262,415
07/18/2018,LYH,VA,AEA,EN,Federal Contract Tower,2,12,16,0,30,0,0,133,0,133,2,12,149,0,163,300,0,300,463
07/19/2018,LYH,VA,AEA,EN,Federal Contract Tower,2,12,25,0,39,0,1,134,0,135,2,13,159,0,174,288,0,288,462
07/20/2018,LYH,VA,AEA,EN,Federal Contract Tower,2,11,22,4,39,0,6,182,4,192,2,17,204,8,231,456,6,462,693
07/21/2018,LYH,VA,AEA,EN,Federal Contract Tower,3,10,17,0,30,0,2,41,0,43,3,12,58,0,73,144,0,144,217
07/22/2018,LYH,VA,AEA,EN,Federal Contract Tower,0,13,0,0,13,0,0,0,0,0,0,13,0,0,13,0,0,0,13
07/23/2018,LYH,VA,AEA,EN,Federal Contract Tower,1,10,5,0,16,0,0,28,0,28,1,10,33,0,44,102,0,102,146
07/24/2018,LYH,VA,AEA,EN,Federal Contract Tower,2,13,8,0,23,0,0,15,0,15,2,13,23,0,38,120,0,120,158
07/25/2018,LYH,VA,AEA,EN,Federal Contract Tower,2,20,10,0,32,0,0,15,0,15,2,20,25,0,47,56,0,56,103
07/26/2018,LYH,VA,AEA,EN,Federal Contract Tower,2,16,25,0,43,0,0,150,0,150,2,16,175,0,193,310,0,310,503
07/27/2018,LYH,VA,AEA,EN,Federal Contract Tower,2,10,21,0,33,0,4,154,0,158,2,14,175,0,191,368,0,368,559
07/28/2018,LYH,VA,AEA,EN,Federal Contract Tower,2,7,22,0,31,0,3,132,0,135,2,10,154,0,166,272,0,272,438
07/29/2018,LYH,VA,AEA,EN,Federal Contract Tower,0,13,17,0,30,0,2,26,0,28,0,15,43,0,58,48,0,48,106
07/30/2018,LYH,VA,AEA,EN,Federal Contract Tower,2,13,23,0,38,0,0,39,0,39,2,13,62,0,77,148,0,148,225
07/31/2018,LYH,VA,AEA,EN,Federal Contract Tower,2,13,33,0,48,0,0,6,0,6,2,13,39,0,54,20,0,20,74
08/01/2018,LYH,VA,AEA,EN,Federal Contract Tower,2,11,24,0,37,0,2,87,0,89,2,13,111,0,126,228,0,228,354
08/02/2018,LYH,VA,AEA,EN,Federal Contract Tower,2,12,15,2,31,0,0,0,0,0,2,12,15,2,31,0,0,0,31
08/03/2018,LYH,VA,AEA,EN,Federal Contract Tower,2,14,6,2,24,0,0,0,0,0,2,14,6,2,24,0,0,0,24
08/04/2018,LYH,VA,AEA,EN,Federal Contract Tower,2,8,19,0,29,0,0,112,0,112,2,8,131,0,141,226,0,226,367
08/05/2018,LYH,VA,AEA,EN,Federal Contract Tower,0,14,14,3,31,0,3,31,0,34,0,17,45,3,65,8,0,8,73
08/06/2018,LYH,VA,AEA,EN,Federal Contract Tower,2,6,23,2,33,0,2,196,0,198,2,8,219,2,231,346,2,348,579
08/07/2018,LYH,VA,AEA,EN,Federal Contract Tower,2,10,9,0,21,0,3,132,0,135,2,13,141,0,156,212,0,212,368
08/08/2018,LYH,VA,AEA,EN,Federal Contract Tower,2,10,20,0,32,0,0,120,0,120,2,10,140,0,152,252,0,252,404
08/09/2018,LYH,VA,AEA,EN,Federal Contract Tower,1,16,23,0,40,0,2,153,0,155,1,18,176,0,195,304,0,304,499
08/10/2018,LYH,VA,AEA,EN,Federal Contract Tower,0,10,16,0,26,0,2,131,1,134,0,12,147,1,160,272,0,272,432
08/11/2018,LYH,VA,AEA,EN,Federal Contract Tower,2,9,19,1,31,0,10,37,0,47,2,19,56,1,78,112,0,112,190
08/12/2018,LYH,VA,AEA,EN,Federal Contract Tower,0,14,4,0,18,0,0,17,0,17,0,14,21,0,35,8,0,8,43
08/13/2018,LYH,VA,AEA,EN,Federal Contract Tower,4,7,9,0,20,0,0,78,0,78,4,7,87,0,98,236,0,236,334
08/14/2018,LYH,VA,AEA,EN,Federal Contract Tower,2,13,9,0,24,0,3,90,2,95,2,16,99,2,119,176,0,176,295
08/15/2018,LYH,VA,AEA,EN,Federal Contract Tower,2,12,26,2,42,0,4,75,2,81,2,16,101,4,123,158,0,158,281
08/16/2018,LYH,VA,AEA,EN,Federal Contract Tower,4,7,27,2,40,0,4,67,0,71,4,11,94,2,111,168,4,172,283
08/17/2018,LYH,VA,AEA,EN,Federal Contract Tower,2,16,6,0,24,0,3,61,0,64,2,19,67,0,88,130,0,130,218
08/18/2018,LYH,VA,AEA,EN,Federal Contract Tower,0,9,13,0,22,0,0,19,0,19,0,9,32,0,41,42,0,42,83
08/19/2018,LYH,VA,AEA,EN,Federal Contract Tower,0,13,18,5,36,0,0,8,0,8,0,13,26,5,44,28,0,28,72
08/20/2018,LYH,VA,AEA,EN,Federal Contract Tower,0,17,18,2,37,0,0,0,0,0,0,17,18,2,37,0,0,0,37
08/21/2018,LYH,VA,AEA,EN,Federal Contract Tower,1,18,9,0,28,0,3,8,0,11,1,21,17,0,39,10,0,10,49
08/22/2018,LYH,VA,AEA,EN,Federal Contract Tower,5,6,9,0,20,0,1,84,2,87,5,7,93,2,107,144,0,144,251
08/23/2018,LYH,VA,AEA,EN,Federal Contract Tower,4,15,25,0,44,0,4,97,0,101,4,19,122,0,145,112,0,112,257
08/24/2018,LYH,VA,AEA,EN,Federal Contract Tower,3,9,26,5,43,0,6,77,4,87,3,15,103,9,130,90,0,90,220
08/25/2018,LYH,VA,AEA,EN,Federal Contract Tower,2,5,13,0,20,0,1,57,0,58,2,6,70,0,78,84,0,84,162
08/26/2018,LYH,VA,AEA,EN,Federal Contract Tower,4,19,13,0,36,0,2,56,0,58,4,21,69,0,94,48,0,48,142
08/27/2018,LYH,VA,AEA,EN,Federal Contract Tower,4,10,15,2,31,0,2,50,1,53,4,12,65,3,84,60,0,60,144
08/28/2018,LYH,VA,AEA,EN,Federal Contract Tower,3,18,12,11,44,0,5,65,4,74,3,23,77,15,118,104,0,104,222
08/29/2018,LYH,VA,AEA,EN,Federal Contract Tower,4,18,12,0,34,0,3,106,0,109,4,21,118,0,143,150,0,150,293
08/30/2018,LYH,VA,AEA,EN,Federal Contract Tower,2,14,13,6,35,0,6,83,0,89,2,20,96,6,124,136,0,136,260
08/31/2018,LYH,VA,AEA,EN,Federal Contract Tower,2,12,47,0,61,0,5,84,0,89,2,17,131,0,150,190,0,190,340
09/01/2018,LYH,VA,AEA,EN,Federal Contract Tower,4,5,15,0,24,0,0,54,0,54,4,5,69,0,78,58,0,58,136
09/02/2018,LYH,VA,AEA,EN,Federal Contract Tower,3,5,8,0,16,0,2,43,4,49,3,7,51,4,65,34,0,34,99
09/03/2018,LYH,VA,AEA,EN,Federal Contract Tower,3,8,20,0,31,0,1,120,0,121,3,9,140,0,152,204,2,206,358
09/04/2018,LYH,VA,AEA,EN,Federal Contract Tower,4,10,14,0,28,0,2,120,0,122,4,12,134,0,150,237,0,237,387
09/05/2018,LYH,VA,AEA,EN,Federal Contract Tower,4,10,28,5,47,0,4,130,4,138,4,14,158,9,185,270,0,270,455
09/06/2018,LYH,VA,AEA,EN,Federal Contract Tower,4,9,30,0,43,0,2,139,0,141,4,11,169,0,184,212,0,212,396
09/07/2018,LYH,VA,AEA,EN,Federal Contract Tower,4,12,29,9,54,0,0,134,2,136,4,12,163,11,190,212,6,218,408
09/08/2018,LYH,VA,AEA,EN,Federal Contract Tower,6,5,10,2,23,0,0,17,0,17,6,5,27,2,40,40,0,40,80
09/09/2018,LYH,VA,AEA,EN,Federal Contract Tower,5,6,9,0,20,0,0,0,0,0,5,6,9,0,20,0,0,0,20
09/10/2018,LYH,VA,AEA,EN,Federal Contract Tower,3,12,37,0,52,0,0,0,0,0,3,12,37,0,52,0,0,0,52
09/11/2018,LYH,VA,AEA,EN,Federal Contract Tower,3,15,20,0,38,0,2,11,2,15,3,17,31,2,53,28,0,28,81
09/12/2018,LYH,VA,AEA,EN,Federal Contract Tower,4,11,41,0,56,0,0,8,0,8,4,11,49,0,64,8,0,8,72
09/13/2018,LYH,VA,AEA,EN,Federal Contract Tower,3,9,18,0,30,0,0,3,0,3,3,9,21,0,33,14,0,14,47
09/14/2018,LYH,VA,AEA,EN,Federal Contract Tower,4,9,5,1,19,0,0,0,0,0,4,9,5,1,19,0,0,0,19
09/15/2018,LYH,VA,AEA,EN,Federal Contract Tower,2,1,7,0,10,0,0,0,0,0,2,1,7,0,10,0,0,0,10
09/16/2018,LYH,VA,AEA,EN,Federal Contract Tower,2,12,2,0,16,0,0,0,0,0,2,12,2,0,16,0,0,0,16
09/17/2018,LYH,VA,AEA,EN,Federal Contract Tower,3,9,25,0,37,0,0,11,0,11,3,9,36,0,48,22,0,22,70
09/18/2018,LYH,VA,AEA,EN,Federal Contract Tower,4,13,20,0,37,0,3,105,0,108,4,16,125,0,145,232,0,232,377
09/19/2018,LYH,VA,AEA,EN,Federal Contract Tower,3,16,43,0,62,0,2,174,2,178,3,18,217,2,240,280,0,280,520
09/21/2018,LYH,VA,AEA,EN,Federal Contract Tower,5,15,44,3,67,0,2,95,4,101,5,17,139,7,168,196,6,202,370
09/22/2018,LYH,VA,AEA,EN,Federal Contract Tower,4,3,22,0,29,0,0,54,4,58,4,3,76,4,87,48,0,48,135
09/23/2018,LYH,VA,AEA,EN,Federal Contract Tower,4,8,18,0,30,0,0,0,0,0,4,8,18,0,30,0,0,0,30
09/24/2018,LYH,VA,AEA,EN,Federal Contract Tower,6,12,30,0,48,0,0,0,0,0,6,12,30,0,48,0,0,0,48
09/25/2018,LYH,VA,AEA,EN,Federal Contract Tower,4,10,29,0,43,0,5,41,0,46,4,15,70,0,89,156,0,156,245
09/26/2018,LYH,VA,AEA,EN,Federal Contract Tower,3,9,13,1,26,0,2,95,0,97,3,11,108,1,123,150,0,150,273
09/27/2018,LYH,VA,AEA,EN,Federal Contract Tower,2,10,34,0,46,0,0,2,0,2,2,10,36,0,48,0,0,0,48
09/28/2018,LYH,VA,AEA,EN,Federal Contract Tower,6,12,50,13,81,0,1,160,4,165,6,13,210,17,246,382,8,390,636
09/29/2018,LYH,VA,AEA,EN,Federal Contract Tower,4,5,23,2,34,0,6,110,2,118,4,11,133,4,152,160,0,160,312
09/30/2018,LYH,VA,AEA,EN,Federal Contract Tower,4,12,17,0,33,0,0,21,0,21,4,12,38,0,54,16,0,16,70
10/01/2018,LYH,VA,AEA,EN,Federal Contract Tower,7,4,17,3,31,0,2,161,1,164,7,6,178,4,195,334,0,334,529
10/02/2018,LYH,VA,AEA,EN,Federal Contract Tower,5,6,17,8,36,0,2,146,5,153,5,8,163,13,189,208,18,226,415
10/03/2018,LYH,VA,AEA,EN,Federal Contract Tower,4,17,33,7,61,0,3,142,1,146,4,20,175,8,207,276,6,282,489
10/04/2018,LYH,VA,AEA,EN,Federal Contract Tower,3,10,17,0,30,0,4,133,0,137,3,14,150,0,167,212,0,212,379
10/05/2018,LYH,VA,AEA,EN,Federal Contract Tower,6,13,25,0,44,0,0,100,0,100,6,13,125,0,144,224,0,224,368
10/06/2018,LYH,VA,AEA,EN,Federal Contract Tower,2,8,10,0,20,0,0,3,0,3,2,8,13,0,23,0,0,0,23
10/07/2018,LYH,VA,AEA,EN,Federal Contract Tower,6,12,19,0,37,0,0,15,0,15,6,12,34,0,52,8,0,8,60
10/08/2018,LYH,VA,AEA,EN,Federal Contract Tower,4,6,17,0,27,0,5,70,0,75,4,11,87,0,102,256,0,256,358
10/09/2018,LYH,VA,AEA,EN,Federal Contract Tower,4,14,31,2,51,0,2,52,0,54,4,16,83,2,105,166,0,166,271
10/10/2018,LYH,VA,AEA,EN,Federal Contract Tower,4,8,28,0,40,0,0,0,0,0,4,8,28,0,40,0,0,0,40
10/11/2018,LYH,VA,AEA,EN,Federal Contract Tower,1,4,0,0,5,0,0,0,0,0,1,4,0,0,5,0,0,0,5
10/12/2018,LYH,VA,AEA,EN,Federal Contract Tower,5,12,30,0,47,0,0,154,17,171,5,12,184,17,218,248,0,248,466
10/13/2018,LYH,VA,AEA,EN,Federal Contract Tower,6,10,20,0,36,0,2,86,0,88,6,12,106,0,124,18,0,18,142
10/14/2018,LYH,VA,AEA,EN,Federal Contract Tower,4,17,20,0,41,0,0,15,0,15,4,17,35,0,56,14,0,14,70
10/15/2018,LYH,VA,AEA,EN,Federal Contract Tower,4,12,34,0,50,0,0,106,0,106,4,12,140,0,156,224,0,224,380
10/16/2018,LYH,VA,AEA,EN,Federal Contract Tower,4,14,26,0,44,0,2,105,0,107,4,16,131,0,151,300,0,300,451
10/17/2018,LYH,VA,AEA,EN,Federal Contract Tower,4,12,21,1,38,0,2,130,2,134,4,14,151,3,172,246,0,246,418
10/18/2018,LYH,VA,AEA,EN,Federal Contract Tower,4,18,16,0,38,0,0,90,0,90,4,18,106,0,128,150,0,150,278
10/19/2018,LYH,VA,AEA,EN,Federal Contract Tower,5,11,38,5,59,0,4,142,0,146,5,15,180,5,205,410,0,410,615
10/20/2018,LYH,VA,AEA,EN,Federal Contract Tower,4,9,17,2,32,0,4,38,4,46,4,13,55,6,78,62,0,62,140
10/21/2018,LYH,VA,AEA,EN,Federal Contract Tower,4,7,14,0,25,0,0,35,0,35,4,7,49,0,60,22,0,22,82
10/22/2018,LYH,VA,AEA,EN,Federal Contract Tower,4,15,26,0,45,0,6,156,0,162,4,21,182,0,207,406,0,406,613
10/23/2018,LYH,VA,AEA,EN,Federal Contract Tower,4,14,13,0,31,0,1,186,0,187,4,15,199,0,218,242,0,242,460
10/24/2018,LYH,VA,AEA,EN,Federal Contract Tower,5,18,21,0,44,0,5,158,0,163,5,23,179,0,207,268,0,268,475
10/25/2018,LYH,VA,AEA,EN,Federal Contract Tower,4,9,19,2,34,0,2,167,1,170,4,11,186,3,204,376,0,376,580
10/26/2018,LYH,VA,AEA,EN,Federal Contract Tower,4,11,4,0,19,0,0,1,0,1,4,11,5,0,20,0,0,0,20
10/27/2018,LYH,VA,AEA,EN,Federal Contract Tower,3,10,11,5,29,0,0,18,0,18,3,10,29,5,47,24,0,24,71
10/28/2018,LYH,VA,AEA,EN,Federal Contract Tower,6,6,10,0,22,0,4,21,0,25,6,10,31,0,47,12,0,12,59
10/29/2018,LYH,VA,AEA,EN,Federal Contract Tower,4,10,16,0,30,0,1,100,0,101,4,11,116,0,131,214,0,214,345
10/30/2018,LYH,VA,AEA,EN,Federal Contract Tower,4,11,28,0,43,0,10,164,0,174,4,21,192,0,217,348,0,348,565
10/31/2018,LYH,VA,AEA,EN,Federal Contract Tower,4,8,25,3,40,0,7,160,12,179,4,15,185,15,219,414,8,422,641
11/01/2018,LYH,VA,AEA,EN,Federal Contract Tower,4,13,30,0,47,0,1,40,0,41,4,14,70,0,88,142,0,142,230
11/02/2018,LYH,VA,AEA,EN,Federal Contract Tower,6,14,18,0,38,0,2,53,0,55,6,16,71,0,93,182,0,182,275
11/03/2018,LYH,VA,AEA,EN,Federal Contract Tower,4,11,16,0,31,0,0,45,0,45,4,11,61,0,76,86,0,86,162
11/04/2018,LYH,VA,AEA,EN,Federal Contract Tower,4,12,22,0,38,0,2,65,0,67,4,14,87,0,105,84,0,84,189
11/05/2018,LYH,VA,AEA,EN,Federal Contract Tower,4,13,30,0,47,0,0,0,0,0,4,13,30,0,47,0,0,0,47
11/07/2018,LYH,VA,AEA,EN,Federal Contract Tower,4,11,38,2,55,0,0,193,2,195,4,11,231,4,250,374,8,382,632
11/08/2018,LYH,VA,AEA,EN,Federal Contract Tower,4,22,10,7,43,0,0,156,2,158,4,22,166,9,201,318,2,320,521
11/09/2018,LYH,VA,AEA,EN,Federal Contract Tower,4,16,13,0,33,0,0,2,0,2,4,16,15,0,35,10,0,10,45
11/10/2018,LYH,VA,AEA,EN,Federal Contract Tower,3,9,11,0,23,0,0,61,0,61,3,9,72,0,84,64,0,64,148
11/11/2018,LYH,VA,AEA,EN,Federal Contract Tower,4,14,21,0,39,0,3,60,0,63,4,17,81,0,102,30,0,30,132
11/12/2018,LYH,VA,AEA,EN,Federal Contract Tower,4,13,17,0,34,0,0,52,0,52,4,13,69,0,86,106,0,106,192
11/13/2018,LYH,VA,AEA,EN,Federal Contract Tower,5,13,19,0,37,0,0,69,0,69,5,13,88,0,106,184,0,184,290
11/14/2018,LYH,VA,AEA,EN,Federal Contract Tower,4,19,33,7,63,0,3,177,0,180,4,22,210,7,243,288,6,294,537
11/15/2018,LYH,VA,AEA,EN,Federal Contract Tower,4,5,1,1,11,0,0,0,0,0,4,5,1,1,11,0,0,0,11
11/16/2018,LYH,VA,AEA,EN,Federal Contract Tower,6,17,32,2,57,0,1,166,2,169,6,18,198,4,226,314,0,314,540
11/17/2018,LYH,VA,AEA,EN,Federal Contract Tower,4,8,20,1,33,0,2,121,0,123,4,10,141,1,156,234,0,234,390
11/18/2018,LYH,VA,AEA,EN,Federal Contract Tower,4,10,14,0,28,0,0,28,0,28,4,10,42,0,56,34,0,34,90
11/19/2018,LYH,VA,AEA,EN,Federal Contract Tower,3,11,36,9,59,0,2,125,5,132,3,13,161,14,191,240,0,240,431
11/20/2018,LYH,VA,AEA,EN,Federal Contract Tower,4,13,17,3,37,0,0,90,2,92,4,13,107,5,129,100,0,100,229
11/21/2018,LYH,VA,AEA,EN,Federal Contract Tower,3,8,6,3,20,0,2,57,1,60,3,10,63,4,80,166,0,166,246
11/22/2018,LYH,VA,AEA,EN,Federal Contract Tower,2,5,2,0,9,0,0,7,0,7,2,5,9,0,16,0,0,0,16
11/23/2018,LYH,VA,AEA,EN,Federal Contract Tower,5,7,12,1,25,0,0,24,2,26,5,7,36,3,51,16,0,16,67
11/24/2018,LYH,VA,AEA,EN,Federal Contract Tower,6,11,3,0,20,0,0,0,0,0,6,11,3,0,20,0,0,0,20
11/25/2018,LYH,VA,AEA,EN,Federal Contract Tower,4,8,33,0,45,0,1,56,0,57,4,9,89,0,102,54,0,54,156
11/26/2018,LYH,VA,AEA,EN,Federal Contract Tower,4,7,13,0,24,0,0,5,0,5,4,7,18,0,29,0,0,0,29
11/27/2018,LYH,VA,AEA,EN,Federal Contract Tower,3,22,22,0,47,0,0,131,0,131,3,22,153,0,178,224,0,224,402
11/28/2018,LYH,VA,AEA,EN,Federal Contract Tower,3,13,23,2,41,0,0,110,0,110,3,13,133,2,151,210,0,210,361
11/29/2018,LYH,VA,AEA,EN,Federal Contract Tower,4,9,16,6,35,0,4,154,6,164,4,13,170,12,199,286,16,302,501
11/30/2018,LYH,VA,AEA,EN,Federal Contract Tower,5,10,24,2,41,0,2,88,0,90,5,12,112,2,131,230,0,230,361
12/01/2018,LYH,VA,AEA,EN,Federal Contract Tower,4,1,1,0,6,0,0,0,0,0,4,1,1,0,6,0,0,0,6
12/02/2018,LYH,VA,AEA,EN,Federal Contract Tower,4,8,7,0,19,0,0,0,0,0,4,8,7,0,19,0,0,0,19
12/03/2018,LYH,VA,AEA,EN,Federal Contract Tower,4,11,16,0,31,0,3,140,0,143,4,14,156,0,174,288,0,288,462
12/04/2018,LYH,VA,AEA,EN,Federal Contract Tower,4,10,20,4,38,0,0,127,0,127,4,10,147,4,165,314,4,318,483
12/05/2018,LYH,VA,AEA,EN,Federal Contract Tower,4,17,17,0,38,0,0,80,0,80,4,17,97,0,118,180,0,180,298
12/06/2018,LYH,VA,AEA,EN,Federal Contract Tower,4,14,14,2,34,0,0,133,0,133,4,14,147,2,167,374,0,374,541
12/07/2018,LYH,VA,AEA,EN,Federal Contract Tower,4,10,34,0,48,4,141,2,0,147,8,151,36,0,195,304,0,304,499
12/08/2018,LYH,VA,AEA,EN,Federal Contract Tower,3,6,30,0,39,0,7,103,5,115,3,13,133,5,154,200,0,200,354
12/10/2018,LYH,VA,AEA,EN,Federal Contract Tower,1,7,1,0,9,0,1,5,0,6,1,8,6,0,15,0,0,0,15
12/11/2018,LYH,VA,AEA,EN,Federal Contract Tower,4,16,18,0,38,0,0,89,0,89,4,16,107,0,127,232,0,232,359
12/12/2018,LYH,VA,AEA,EN,Federal Contract Tower,4,12,23,4,43,0,4,131,0,135,4,16,154,4,178,366,0,366,544
12/13/2018,LYH,VA,AEA,EN,Federal Contract Tower,4,8,19,3,34,0,0,90,0,90,4,8,109,3,124,316,6,322,446
12/14/2018,LYH,VA,AEA,EN,Federal Contract Tower,4,10,10,0,24,0,0,3,0,3,4,10,13,0,27,32,0,32,59
12/15/2018,LYH,VA,AEA,EN,Federal Contract Tower,4,7,3,0,14,0,0,0,0,0,4,7,3,0,14,0,0,0,14
12/16/2018,LYH,VA,AEA,EN,Federal Contract Tower,3,8,5,0,16,0,0,9,4,13,3,8,14,4,29,26,0,26,55
12/17/2018,LYH,VA,AEA,EN,Federal Contract Tower,4,5,13,2,24,0,1,41,0,42,4,6,54,2,66,26,0,26,92
12/18/2018,LYH,VA,AEA,EN,Federal Contract Tower,4,5,21,7,37,0,2,75,3,80,4,7,96,10,117,122,12,134,251
12/19/2018,LYH,VA,AEA,EN,Federal Contract Tower,1,13,24,1,39,0,2,87,1,90,1,15,111,2,129,172,0,172,301
12/20/2018,LYH,VA,AEA,EN,Federal Contract Tower,0,11,12,0,23,0,0,6,0,6,0,11,18,0,29,14,0,14,43
12/21/2018,LYH,VA,AEA,EN,Federal Contract Tower,0,9,8,0,17,0,0,0,0,0,0,9,8,0,17,0,0,0,17
12/22/2018,LYH,VA,AEA,EN,Federal Contract Tower,0,9,10,0,19,0,4,14,0,18,0,13,24,0,37,26,0,26,63
12/23/2018,LYH,VA,AEA,EN,Federal Contract Tower,0,11,9,0,20,0,1,12,0,13,0,12,21,0,33,6,0,6,39
12/24/2018,LYH,VA,AEA,EN,Federal Contract Tower,0,13,1,0,14,0,1,2,0,3,0,14,3,0,17,0,0,0,17
12/25/2018,LYH,VA,AEA,EN,Federal Contract Tower,0,10,6,0,16,0,1,1,0,2,0,11,7,0,18,0,0,0,18
12/26/2018,LYH,VA,AEA,EN,Federal Contract Tower,0,6,15,5,26,0,0,35,0,35,0,6,50,5,61,20,0,20,81
12/27/2018,LYH,VA,AEA,EN,Federal Contract Tower,0,10,13,0,23,0,2,21,0,23,0,12,34,0,46,36,0,36,82
12/28/2018,LYH,VA,AEA,EN,Federal Contract Tower,0,9,2,0,11,0,0,0,0,0,0,9,2,0,11,0,0,0,11
12/29/2018,LYH,VA,AEA,EN,Federal Contract Tower,0,12,7,0,19,0,1,61,0,62,0,13,68,0,81,68,0,68,149
12/30/2018,LYH,VA,AEA,EN,Federal Contract Tower,0,13,15,0,28,0,2,23,0,25,0,15,38,0,53,14,0,14,67
12/31/2018,LYH,VA,AEA,EN,Federal Contract Tower,0,11,6,0,17,0,0,0,0,0,0,11,6,0,17,0,0,0,17
01/01/2019,LYH,VA,AEA,EN,Federal Contract Tower,0,8,16,0,24,0,1,18,0,19,0,9,34,0,43,14,0,14,57
01/02/2019,LYH,VA,AEA,EN,Federal Contract Tower,0,10,15,0,25,0,2,23,0,25,0,12,38,0,50,20,0,20,70
01/03/2019,LYH,VA,AEA,EN,Federal Contract Tower,0,12,13,0,25,0,2,40,0,42,0,14,53,0,67,72,0,72,139
01/04/2019,LYH,VA,AEA,EN,Federal Contract Tower,0,15,10,0,25,0,0,0,0,0,0,15,10,0,25,0,0,0,25
01/05/2019,LYH,VA,AEA,EN,Federal Contract Tower,0,12,4,0,16,0,1,15,10,26,0,13,19,10,42,10,0,10,52
01/06/2019,LYH,VA,AEA,EN,Federal Contract Tower,3,7,11,1,22,0,2,44,3,49,3,9,55,4,71,34,0,34,105
01/07/2019,LYH,VA,AEA,EN,Federal Contract Tower,4,5,4,0,13,0,0,40,19,59,4,5,44,19,72,42,6,48,120
01/08/2019,LYH,VA,AEA,EN,Federal Contract Tower,4,8,12,0,24,0,2,43,1,46,4,10,55,1,70,62,0,62,132
01/09/2019,LYH,VA,AEA,EN,Federal Contract Tower,4,10,6,0,20,0,6,30,7,43,4,16,36,7,63,16,4,20,83
01/10/2019,LYH,VA,AEA,EN,Federal Contract Tower,4,7,16,10,37,0,2,69,5,76,4,9,85,15,113,156,16,172,285
01/11/2019,LYH,VA,AEA,EN,Federal Contract Tower,4,6,22,2,34,0,4,103,1,108,4,10,125,3,142,224,0,224,366
01/12/2019,LYH,VA,AEA,EN,Federal Contract Tower,1,7,4,0,12,0,1,21,0,22,1,8,25,0,34,52,0,52,86
01/13/2019,LYH,VA,AEA,EN,Federal Contract Tower,1,2,0,0,3,0,0,0,0,0,1,2,0,0,3,0,0,0,3
01/14/2019,LYH,VA,AEA,EN,Federal Contract Tower,3,10,8,0,21,0,0,0,0,0,3,10,8,0,21,0,0,0,21
01/15/2019,LYH,VA,AEA,EN,Federal Contract Tower,4,9,27,0,40,0,4,76,2,82,4,13,103,2,122,116,0,116,238
01/16/2019,LYH,VA,AEA,EN,Federal Contract Tower,4,11,6,0,21,0,2,63,2,67,4,13,69,2,88,168,0,168,256
01/17/2019,LYH,VA,AEA,EN,Federal Contract Tower,4,11,10,0,25,0,1,30,0,31,4,12,40,0,56,136,0,136,192
01/18/2019,LYH,VA,AEA,EN,Federal Contract Tower,4,10,9,0,23,0,0,58,0,58,4,10,67,0,81,44,0,44,125
01/19/2019,LYH,VA,AEA,EN,Federal Contract Tower,2,9,1,0,12,0,0,0,0,0,2,9,1,0,12,0,0,0,12
01/20/2019,LYH,VA,AEA,EN,Federal Contract Tower,4,6,4,0,14,0,0,0,0,0,4,6,4,0,14,0,0,0,14
01/21/2019,LYH,VA,AEA,EN,Federal Contract Tower,4,5,16,1,26,0,0,103,4,107,4,5,119,5,133,190,0,190,323
01/22/2019,LYH,VA,AEA,EN,Federal Contract Tower,4,7,38,2,51,0,0,156,5,161,4,7,194,7,212,204,0,204,416
01/23/2019,LYH,VA,AEA,EN,Federal Contract Tower,3,6,9,0,18,0,0,0,0,0,3,6,9,0,18,0,0,0,18
01/24/2019,LYH,VA,AEA,EN,Federal Contract Tower,4,10,16,0,30,0,2,18,0,20,4,12,34,0,50,38,0,38,88
01/25/2019,LYH,VA,AEA,EN,Federal Contract Tower,4,9,26,0,39,0,1,111,2,114,4,10,137,2,153,124,0,124,277
01/26/2019,LYH,VA,AEA,EN,Federal Contract Tower,2,9,16,0,27,0,0,97,8,105,2,9,113,8,132,116,0,116,248
01/27/2019,LYH,VA,AEA,EN,Federal Contract Tower,3,8,5,0,16,0,2,35,8,45,3,10,40,8,61,8,0,8,69
01/28/2019,LYH,VA,AEA,EN,Federal Contract Tower,4,8,26,2,40,0,0,150,0,150,4,8,176,2,190,246,0,246,436
01/29/2019,LYH,VA,AEA,EN,Federal Contract Tower,5,5,5,1,16,0,0,17,1,18,5,5,22,2,34,6,0,6,40
01/30/2019,LYH,VA,AEA,EN,Federal Contract Tower,4,5,21,1,31,0,0,66,2,68,4,5,87,3,99,82,2,84,183
01/31/2019,LYH,VA,AEA,EN,Federal Contract Tower,4,7,52,0,63,0,2,141,0,143,4,9,193,0,206,194,0,194,400
02/01/2019,LYH,VA,AEA,EN,Federal Contract Tower,4,10,20,4,38,0,1,84,2,87,4,11,104,6,125,220,0,220,345
02/02/2019,LYH,VA,AEA,EN,Federal Contract Tower,2,9,17,0,28,0,2,105,0,107,2,11,122,0,135,138,0,138,273
02/03/2019,LYH,VA,AEA,EN,Federal Contract Tower,4,5,9,0,18,0,2,36,0,38,4,7,45,0,56,60,0,60,116
02/04/2019,LYH,VA,AEA,EN,Federal Contract Tower,4,8,45,1,58,0,2,183,1,186,4,10,228,2,244,312,0,312,556
02/05/2019,LYH,VA,AEA,EN,Federal Contract Tower,4,7,57,2,70,0,0,167,0,167,4,7,224,2,237,318,0,318,555
02/06/2019,LYH,VA,AEA,EN,Federal Contract Tower,4,13,33,0,50,0,2,116,2,120,4,15,149,2,170,228,0,228,398
02/07/2019,LYH,VA,AEA,EN,Federal Contract Tower,2,12,55,0,69,0,5,51,0,56,2,17,106,0,125,112,0,112,237
02/08/2019,LYH,VA,AEA,EN,Federal Contract Tower,3,12,12,2,29,0,6,32,0,38,3,18,44,2,67,48,0,48,115
02/09/2019,LYH,VA,AEA,EN,Federal Contract Tower,2,9,33,0,44,0,0,124,0,124,2,9,157,0,168,268,0,268,436
02/10/2019,LYH,VA,AEA,EN,Federal Contract Tower,4,6,14,0,24,0,1,38,0,39,4,7,52,0,63,82,0,82,145
02/11/2019,LYH,VA,AEA,EN,Federal Contract Tower,4,6,3,2,15,0,0,0,0,0,4,6,3,2,15,0,0,0,15
02/12/2019,LYH,VA,AEA,EN,Federal Contract Tower,5,12,4,0,21,0,0,0,0,0,5,12,4,0,21,0,0,0,21
02/13/2019,LYH,VA,AEA,EN,Federal Contract Tower,4,6,17,1,28,0,2,69,7,78,4,8,86,8,106,140,4,144,250
02/14/2019,LYH,VA,AEA,EN,Federal Contract Tower,4,8,76,0,88,0,8,152,2,162,4,16,228,2,250,398,0,398,648
02/15/2019,LYH,VA,AEA,EN,Federal Contract Tower,4,10,30,5,49,0,1,180,5,186,4,11,210,10,235,432,4,436,671
02/16/2019,LYH,VA,AEA,EN,Federal Contract Tower,2,10,18,0,30,0,2,14,0,16,2,12,32,0,46,14,0,14,60
02/17/2019,LYH,VA,AEA,EN,Federal Contract Tower,4,2,13,0,19,0,1,4,0,5,4,3,17,0,24,0,0,0,24
02/18/2019,LYH,VA,AEA,EN,Federal Contract Tower,4,14,23,0,41,0,0,91,4,95,4,14,114,4,136,104,0,104,240
02/19/2019,LYH,VA,AEA,EN,Federal Contract Tower,4,7,55,2,68,0,3,132,0,135,4,10,187,2,203,390,0,390,593
02/20/2019,LYH,VA,AEA,EN,Federal Contract Tower,3,6,4,0,13,0,0,0,0,0,3,6,4,0,13,0,0,0,13
02/21/2019,LYH,VA,AEA,EN,Federal Contract Tower,6,7,36,2,51,0,2,130,6,138,6,9,166,8,189,312,2,314,503
02/22/2019,LYH,VA,AEA,EN,Federal Contract Tower,4,11,9,2,26,0,0,0,0,0,4,11,9,2,26,0,0,0,26
02/23/2019,LYH,VA,AEA,EN,Federal Contract Tower,2,8,8,0,18,0,0,0,0,0,2,8,8,0,18,0,0,0,18
02/24/2019,LYH,VA,AEA,EN,Federal Contract Tower,4,8,9,0,21,0,0,3,0,3,4,8,12,0,24,0,0,0,24
02/25/2019,LYH,VA,AEA,EN,Federal Contract Tower,4,11,11,0,26,0,0,46,0,46,4,11,57,0,72,50,0,50,122
02/26/2019,LYH,VA,AEA,EN,Federal Contract Tower,4,9,42,2,57,0,2,223,0,225,4,11,265,2,282,316,0,316,598
02/27/2019,LYH,VA,AEA,EN,Federal Contract Tower,6,12,59,4,81,0,0,172,2,174,6,12,231,6,255,456,8,464,719
02/28/2019,LYH,VA,AEA,EN,Federal Contract Tower,5,12,39,0,56,0,5,149,0,154,5,17,188,0,210,394,0,394,604
03/01/2019,LYH,VA,AEA,EN,Federal Contract Tower,3,8,26,0,37,0,0,0,0,0,3,8,26,0,37,0,0,0,37
03/02/2019,LYH,VA,AEA,EN,Federal Contract Tower,2,6,32,0,40,0,0,75,0,75,2,6,107,0,115,204,0,204,319
03/03/2019,LYH,VA,AEA,EN,Federal Contract Tower,3,6,6,0,15,0,0,0,0,0,3,6,6,0,15,0,0,0,15
03/04/2019,LYH,VA,AEA,EN,Federal Contract Tower,4,10,30,3,47,0,0,126,1,127,4,10,156,4,174,240,10,250,424
03/05/2019,LYH,VA,AEA,EN,Federal Contract Tower,4,11,25,10,50,0,1,111,0,112,4,12,136,10,162,212,12,224,386
03/06/2019,LYH,VA,AEA,EN,Federal Contract Tower,5,10,19,4,38,0,4,87,0,91,5,14,106,4,129,180,0,180,309
03/07/2019,LYH,VA,AEA,EN,Federal Contract Tower,4,8,29,0,41,0,3,139,0,142,4,11,168,0,183,462,0,462,645
03/08/2019,LYH,VA,AEA,EN,Federal Contract Tower,4,7,10,1,22,0,0,2,0,2,4,7,12,1,24,0,0,0,24
03/09/2019,LYH,VA,AEA,EN,Federal Contract Tower,2,9,3,0,14,0,0,0,0,0,2,9,3,0,14,0,0,0,14
03/10/2019,LYH,VA,AEA,EN,Federal Contract Tower,4,11,12,3,30,0,4,11,0,15,4,15,23,3,45,34,0,34,79
03/11/2019,LYH,VA,AEA,EN,Federal Contract Tower,4,8,24,0,36,0,3,95,0,98,4,11,119,0,134,208,2,210,344
03/12/2019,LYH,VA,AEA,EN,Federal Contract Tower,4,7,28,2,41,0,0,131,4,135,4,7,159,6,176,276,4,280,456
03/13/2019,LYH,VA,AEA,EN,Federal Contract Tower,3,10,16,0,29,0,2,118,0,120,3,12,134,0,149,222,0,222,371
03/14/2019,LYH,VA,AEA,EN,Federal Contract Tower,4,8,30,5,47,0,1,67,4,72,4,9,97,9,119,122,4,126,245
03/15/2019,LYH,VA,AEA,EN,Federal Contract Tower,4,13,17,0,34,0,0,2,0,2,4,13,19,0,36,0,0,0,36
03/16/2019,LYH,VA,AEA,EN,Federal Contract Tower,2,12,12,0,26,0,1,76,0,77,2,13,88,0,103,70,0,70,173
03/17/2019,LYH,VA,AEA,EN,Federal Contract Tower,5,7,15,0,27,0,2,27,0,29,5,9,42,0,56,46,0,46,102
03/18/2019,LYH,VA,AEA,EN,Federal Contract Tower,4,10,26,6,46,0,1,122,7,130,4,11,148,13,176,266,6,272,448
03/19/2019,LYH,VA,AEA,EN,Federal Contract Tower,5,10,30,0,45,0,1,164,0,165,5,11,194,0,210,332,0,332,542
03/20/2019,LYH,VA,AEA,EN,Federal Contract Tower,6,11,36,1,54,0,0,184,1,185,6,11,220,2,239,332,0,332,571
03/21/2019,LYH,VA,AEA,EN,Federal Contract Tower,3,11,16,0,30,0,1,27,0,28,3,12,43,0,58,122,0,122,180
03/22/2019,LYH,VA,AEA,EN,Federal Contract Tower,4,13,9,0,26,0,0,18,0,18,4,13,27,0,44,4,0,4,48
03/23/2019,LYH,VA,AEA,EN,Federal Contract Tower,2,7,6,0,15,0,0,62,0,62,2,7,68,0,77,84,0,84,161
03/24/2019,LYH,VA,AEA,EN,Federal Contract Tower,3,7,15,0,25,0,3,45,0,48,3,10,60,0,73,22,0,22,95
03/26/2019,LYH,VA,AEA,EN,Federal Contract Tower,4,9,30,7,50,0,5,92,0,97,4,14,122,7,147,126,4,130,277
03/27/2019,LYH,VA,AEA,EN,Federal Contract Tower,4,6,39,0,49,0,8,153,0,161,4,14,192,0,210,306,0,306,516
03/28/2019,LYH,VA,AEA,EN,Federal Contract Tower,5,8,45,2,60,0,1,197,3,201,5,9,242,5,261,264,0,264,525
03/29/2019,LYH,VA,AEA,EN,Federal Contract Tower,4,9,30,0,43,0,4,176,8,188,4,13,206,8,231,384,0,384,615
03/30/2019,LYH,VA,AEA,EN,Federal Contract Tower,2,10,19,0,31,0,7,85,0,92,2,17,104,0,123,154,0,154,277
03/31/2019,LYH,VA,AEA,EN,Federal Contract Tower,4,8,6,0,18,0,0,6,0,6,4,8,12,0,24,0,0,0,24
04/01/2019,LYH,VA,AEA,EN,Federal Contract Tower,4,7,24,0,35,0,3,127,4,134,4,10,151,4,169,266,0,266,435
04/02/2019,LYH,VA,AEA,EN,Federal Contract Tower,4,10,20,0,34,0,0,119,0,119,4,10,139,0,153,340,0,340,493
04/03/2019,LYH,VA,AEA,EN,Federal Contract Tower,4,10,35,2,51,0,0,124,2,126,4,10,159,4,177,216,0,216,393
04/04/2019,LYH,VA,AEA,EN,Federal Contract Tower,4,8,47,4,63,0,1,161,3,165,4,9,208,7,228,298,4,302,530
04/05/2019,LYH,VA,AEA,EN,Federal Contract Tower,4,9,20,2,35,0,0,2,0,2,4,9,22,2,37,12,0,12,49
04/06/2019,LYH,VA,AEA,EN,Federal Contract Tower,4,8,17,2,31,0,1,49,0,50,4,9,66,2,81,120,0,120,201
04/07/2019,LYH,VA,AEA,EN,Federal Contract Tower,4,7,30,0,41,0,2,2,0,4,4,9,32,0,45,0,0,0,45
04/08/2019,LYH,VA,AEA,EN,Federal Contract Tower,3,6,21,0,30,0,0,50,0,50,3,6,71,0,80,142,0,142,222
04/09/2019,LYH,VA,AEA,EN,Federal Contract Tower,4,3,36,6,49,0,1,98,0,99,4,4,134,6,148,128,0,128,276
04/10/2019,LYH,VA,AEA,EN,Federal Contract Tower,4,13,34,3,54,0,1,186,7,194,4,14,220,10,248,364,0,364,612
04/11/2019,LYH,VA,AEA,EN,Federal Contract Tower,4,20,35,0,59,0,3,99,2,104,4,23,134,2,163,336,0,336,499
04/12/2019,LYH,VA,AEA,EN,Federal Contract Tower,3,12,13,10,38,0,0,0,0,0,3,12,13,10,38,0,0,0,38
04/13/2019,LYH,VA,AEA,EN,Federal Contract Tower,4,9,18,1,32,0,1,44,0,45,4,10,62,1,77,82,4,86,163
04/14/2019,LYH,VA,AEA,EN,Federal Contract Tower,4,9,8,0,21,0,0,0,0,0,4,9,8,0,21,0,0,0,21
04/15/2019,LYH,VA,AEA,EN,Federal Contract Tower,4,6,3,0,13,0,0,2,0,2,4,6,5,0,15,0,0,0,15
04/16/2019,LYH,VA,AEA,EN,Federal Contract Tower,4,9,52,2,67,0,3,135,6,144,4,12,187,8,211,190,2,192,403
04/17/2019,LYH,VA,AEA,EN,Federal Contract Tower,5,12,28,0,45,0,4,176,0,180,5,16,204,0,225,400,0,400,625
04/18/2019,LYH,VA,AEA,EN,Federal Contract Tower,4,8,24,0,36,0,2,102,1,105,4,10,126,1,141,110,0,110,251
04/19/2019,LYH,VA,AEA,EN,Federal Contract Tower,4,5,3,0,12,0,0,0,0,0,4,5,3,0,12,0,0,0,12
04/20/2019,LYH,VA,AEA,EN,Federal Contract Tower,4,8,18,0,30,0,0,16,0,16,4,8,34,0,46,46,0,46,92
04/21/2019,LYH,VA,AEA,EN,Federal Contract Tower,4,5,9,0,18,0,4,34,0,38,4,9,43,0,56,2,0,2,58
04/22/2019,LYH,VA,AEA,EN,Federal Contract Tower,4,6,35,0,45,0,2,144,2,148,4,8,179,2,193,282,0,282,475
04/23/2019,LYH,VA,AEA,EN,Federal Contract Tower,4,7,29,1,41,0,2,151,2,155,4,9,180,3,196,264,8,272,468
04/24/2019,LYH,VA,AEA,EN,Federal Contract Tower,4,11,37,0,52,0,3,102,4,109,4,14,139,4,161,262,0,262,423
04/25/2019,LYH,VA,AEA,EN,Federal Contract Tower,4,10,38,2,54,0,2,136,6,144,4,12,174,8,198,284,0,284,482
04/26/2019,LYH,VA,AEA,EN,Federal Contract Tower,4,16,9,1,30,0,0,10,0,10,4,16,19,1,40,18,0,18,58
04/27/2019,LYH,VA,AEA,EN,Federal Contract Tower,4,6,15,1,26,0,0,73,0,73,4,6,88,1,99,138,0,138,237
04/28/2019,LYH,VA,AEA,EN,Federal Contract Tower,4,8,18,1,31,0,2,42,4,48,4,10,60,5,79,62,0,62,141
04/29/2019,LYH,VA,AEA,EN,Federal Contract Tower,4,8,35,0,47,0,0,92,2,94,4,8,127,2,141,286,0,286,427
04/30/2019,LYH,VA,AEA,EN,Federal Contract Tower,4,10,24,0,38,0,2,144,5,151,4,12,168,5,189,320,0,320,509
05/01/2019,LYH,VA,AEA,EN,Federal Contract Tower,4,10,19,4,37,0,5,75,0,80,4,15,94,4,117,90,0,90,207
05/02/2019,LYH,VA,AEA,EN,Federal Contract Tower,4,7,22,0,33,0,0,74,2,76,4,7,96,2,109,100,2,102,211
05/03/2019,LYH,VA,AEA,EN,Federal Contract Tower,4,7,21,0,32,0,1,82,0,83,4,8,103,0,115,154,0,154,269
05/04/2019,LYH,VA,AEA,EN,Federal Contract Tower,5,5,9,0,19,0,2,49,0,51,5,7,58,0,70,96,0,96,166
05/05/2019,LYH,VA,AEA,EN,Federal Contract Tower,5,6,7,2,20,0,0,3,0,3,5,6,10,2,23,0,0,0,23
05/06/2019,LYH,VA,AEA,EN,Federal Contract Tower,4,12,65,0,81,0,0,121,4,125,4,12,186,4,206,206,0,206,412
05/07/2019,LYH,VA,AEA,EN,Federal Contract Tower,4,7,15,0,26,0,2,79,4,85,4,9,94,4,111,278,0,278,389
05/08/2019,LYH,VA,AEA,EN,Federal Contract Tower,4,14,37,13,68,0,0,71,8,79,4,14,108,21,147,178,4,182,329
05/09/2019,LYH,VA,AEA,EN,Federal Contract Tower,4,10,32,7,53,0,4,88,5,97,4,14,120,12,150,238,0,238,388
05/10/2019,LYH,VA,AEA,EN,Federal Contract Tower,5,15,34,2,56,0,2,41,0,43,5,17,75,2,99,60,0,60,159
05/11/2019,LYH,VA,AEA,EN,Federal Contract Tower,5,7,23,4,39,0,0,0,0,0,5,7,23,4,39,0,0,0,39
05/12/2019,LYH,VA,AEA,EN,Federal Contract Tower,4,7,18,12,41,0,0,1,0,1,4,7,19,12,42,0,0,0,42
05/13/2019,LYH,VA,AEA,EN,Federal Contract Tower,4,6,13,5,28,0,0,16,2,18,4,6,29,7,46,18,0,18,64
05/14/2019,LYH,VA,AEA,EN,Federal Contract Tower,4,8,18,6,36,0,2,91,0,93,4,10,109,6,129,96,0,96,225
05/15/2019,LYH,VA,AEA,EN,Federal Contract Tower,4,13,28,4,49,0,2,133,0,135,4,15,161,4,184,328,0,328,512
05/16/2019,LYH,VA,AEA,EN,Federal Contract Tower,4,9,22,13,48,0,2,118,1,121,4,11,140,14,169,356,0,356,525
05/17/2019,LYH,VA,AEA,EN,Federal Contract Tower,4,8,29,4,45,0,0,94,1,95,4,8,123,5,140,246,2,248,388
05/18/2019,LYH,VA,AEA,EN,Federal Contract Tower,4,7,17,0,28,0,9,98,1,108,4,16,115,1,136,162,0,162,298
05/19/2019,LYH,VA,AEA,EN,Federal Contract Tower,4,10,4,0,18,0,2,34,0,36,4,12,38,0,54,30,0,30,84
05/20/2019,LYH,VA,AEA,EN,Federal Contract Tower,3,8,26,1,38,0,6,74,4,84,3,14,100,5,122,188,4,192,314
05/21/2019,LYH,VA,AEA,EN,Federal Contract Tower,4,7,19,4,34,0,4,134,10,148,4,11,153,14,182,330,4,334,516
05/22/2019,LYH,VA,AEA,EN,Federal Contract Tower,4,11,46,0,61,2,132,4,0,138,6,143,50,0,199,196,0,196,395
05/23/2019,LYH,VA,AEA,EN,Federal Contract Tower,5,13,30,1,49,0,2,74,0,76,5,15,104,1,125,88,0,88,213
05/24/2019,LYH,VA,AEA,EN,Federal Contract Tower,5,10,14,2,31,0,0,71,1,72,5,10,85,3,103,50,2,52,155
05/25/2019,LYH,VA,AEA,EN,Federal Contract Tower,4,5,12,0,21,0,1,26,0,27,4,6,38,0,48,52,0,52,100
05/26/2019,LYH,VA,AEA,EN,Federal Contract Tower,5,8,6,0,19,0,0,22,0,22,5,8,28,0,41,56,0,56,97
05/27/2019,LYH,VA,AEA,EN,Federal Contract Tower,4,10,18,0,32,0,1,72,0,73,4,11,90,0,105,162,0,162,267
05/28/2019,LYH,VA,AEA,EN,Federal Contract Tower,4,10,16,2,32,0,0,83,0,83,4,10,99,2,115,144,0,144,259
05/29/2019,LYH,VA,AEA,EN,Federal Contract Tower,4,5,18,2,29,0,0,96,4,100,4,5,114,6,129,232,18,250,379
05/30/2019,LYH,VA,AEA,EN,Federal Contract Tower,4,6,23,0,33,0,3,108,2,113,4,9,131,2,146,210,0,210,356
05/31/2019,LYH,VA,AEA,EN,Federal Contract Tower,4,9,18,0,31,0,1,97,0,98,4,10,115,0,129,158,0,158,287
06/01/2019,LYH,VA,AEA,EN,Federal Contract Tower,4,5,17,0,26,0,1,87,0,88,4,6,104,0,114,190,0,190,304
06/02/2019,LYH,VA,AEA,EN,Federal Contract Tower,4,11,11,0,26,0,2,21,0,23,4,13,32,0,49,0,0,0,49
06/03/2019,LYH,VA,AEA,EN,Federal Contract Tower,6,7,20,0,33,0,7,113,4,124,6,14,133,4,157,206,0,206,363
06/04/2019,LYH,VA,AEA,EN,Federal Contract Tower,4,8,27,0,39,0,2,172,0,174,4,10,199,0,213,274,0,274,487
06/05/2019,LYH,VA,AEA,EN,Federal Contract Tower,4,7,23,3,37,0,0,74,0,74,4,7,97,3,111,94,0,94,205
06/06/2019,LYH,VA,AEA,EN,Federal Contract Tower,3,7,20,2,32,0,1,142,12,155,3,8,162,14,187,256,6,262,449
06/07/2019,LYH,VA,AEA,EN,Federal Contract Tower,2,10,22,0,34,0,0,0,0,0,2,10,22,0,34,0,0,0,34
06/08/2019,LYH,VA,AEA,EN,Federal Contract Tower,2,9,30,0,41,0,0,3,0,3,2,9,33,0,44,2,0,2,46
06/09/2019,LYH,VA,AEA,EN,Federal Contract Tower,2,13,8,0,23,0,0,0,0,0,2,13,8,0,23,0,0,0,23
06/10/2019,LYH,VA,AEA,EN,Federal Contract Tower,0,12,22,0,34,0,0,0,0,0,0,12,22,0,34,0,0,0,34
06/11/2019,LYH,VA,AEA,EN,Federal Contract Tower,2,12,29,0,43,0,5,183,0,188,2,17,212,0,231,300,0,300,531
06/12/2019,LYH,VA,AEA,EN,Federal Contract Tower,2,11,18,0,31,0,4,118,0,122,2,15,136,0,153,196,0,196,349
06/13/2019,LYH,VA,AEA,EN,Federal Contract Tower,2,12,24,3,41,0,5,54,1,60,2,17,78,4,101,52,0,52,153
06/14/2019,LYH,VA,AEA,EN,Federal Contract Tower,2,8,26,0,36,0,2,113,2,117,2,10,139,2,153,222,0,222,375
06/15/2019,LYH,VA,AEA,EN,Federal Contract Tower,2,8,13,0,23,0,1,90,0,91,2,9,103,0,114,104,0,104,218
06/16/2019,LYH,VA,AEA,EN,Federal Contract Tower,2,8,7,0,17,0,0,15,0,15,2,8,22,0,32,0,0,0,32
06/17/2019,LYH,VA,AEA,EN,Federal Contract Tower,2,10,12,0,24,0,3,86,0,89,2,13,98,0,113,162,0,162,275
06/18/2019,LYH,VA,AEA,EN,Federal Contract Tower,2,9,8,0,19,0,0,104,2,106,2,9,112,2,125,220,0,220,345
06/19/2019,LYH,VA,AEA,EN,Federal Contract Tower,2,13,26,6,47,0,0,19,0,19,2,13,45,6,66,106,0,106,172
06/20/2019,LYH,VA,AEA,EN,Federal Contract Tower,6,12,21,0,39,0,0,55,0,55,6,12,76,0,94,148,0,148,242
06/21/2019,LYH,VA,AEA,EN,Federal Contract Tower,2,10,12,3,27,0,1,40,0,41,2,11,52,3,68,42,0,42,110
06/22/2019,LYH,VA,AEA,EN,Federal Contract Tower,2,9,15,0,26,0,0,133,0,133,2,9,148,0,159,350,0,350,509
06/23/2019,LYH,VA,AEA,EN,Federal Contract Tower,2,11,14,0,27,0,1,21,0,22,2,12,35,0,49,4,0,4,53
06/24/2019,LYH,VA,AEA,EN,Federal Contract Tower,2,10,8,2,22,0,0,132,1,133,2,10,140,3,155,330,2,332,487
06/25/2019,LYH,VA,AEA,EN,Federal Contract Tower,2,8,13,5,28,0,0,139,0,139,2,8,152,5,167,258,0,258,425
06/26/2019,LYH,VA,AEA,EN,Federal Contract Tower,2,16,18,1,37,0,9,158,0,167,2,25,176,1,204,314,0,314,518
06/27/2019,LYH,VA,AEA,EN,Federal Contract Tower,2,17,18,0,37,0,1,171,2,174,2,18,189,2,211,312,0,312,523
06/28/2019,LYH,VA,AEA,EN,Federal Contract Tower,2,10,13,0,25,0,0,96,0,96,2,10,109,0,121,214,0,214,335
06/29/2019,LYH,VA,AEA,EN,Federal Contract Tower,2,10,18,0,30,0,0,105,0,105,2,10,123,0,135,236,0,236,371
06/30/2019,LYH,VA,AEA,EN,Federal Contract Tower,2,19,17,0,38,0,2,13,0,15,2,21,30,0,53,8,0,8,61
07/01/2019,LYH,VA,AEA,EN,Federal Contract Tower,2,7,14,0,23,0,0,164,0,164,2,7,178,0,187,322,0,322,509
07/02/2019,LYH,VA,AEA,EN,Federal Contract Tower,2,10,10,1,23,0,0,103,5,108,2,10,113,6,131,254,14,268,399
07/03/2019,LYH,VA,AEA,EN,Federal Contract Tower,2,11,14,2,29,0,0,119,0,119,2,11,133,2,148,224,0,224,372
07/04/2019,LYH,VA,AEA,EN,Federal Contract Tower,3,5,12,0,20,0,3,31,0,34,3,8,43,0,54,46,0,46,100
07/05/2019,LYH,VA,AEA,EN,Federal Contract Tower,2,10,27,0,39,0,0,23,0,23,2,10,50,0,62,78,0,78,140
07/07/2019,LYH,VA,AEA,EN,Federal Contract Tower,2,10,12,0,24,0,0,12,0,12,2,10,24,0,36,24,0,24,60
07/08/2019,LYH,VA,AEA,EN,Federal Contract Tower,2,8,18,0,28,0,0,54,0,54,2,8,72,0,82,114,0,114,196
07/09/2019,LYH,VA,AEA,EN,Federal Contract Tower,2,11,37,0,50,0,0,159,0,159,2,11,196,0,209,402,2,404,613
07/10/2019,LYH,VA,AEA,EN,Federal Contract Tower,2,8,45,2,57,0,1,145,2,148,2,9,190,4,205,342,0,342,547
07/11/2019,LYH,VA,AEA,EN,Federal Contract Tower,3,9,14,0,26,0,2,72,0,74,3,11,86,0,100,218,0,218,318
07/12/2019,LYH,VA,AEA,EN,Federal Contract Tower,2,12,38,0,52,0,0,185,0,185,2,12,223,0,237,326,0,326,563
07/13/2019,LYH,VA,AEA,EN,Federal Contract Tower,2,8,21,0,31,0,0,114,1,115,2,8,135,1,146,220,0,220,366
07/14/2019,LYH,VA,AEA,EN,Federal Contract Tower,2,10,16,2,30,0,2,31,0,33,2,12,47,2,63,60,0,60,123
07/15/2019,LYH,VA,AEA,EN,Federal Contract Tower,2,9,17,2,30,0,1,100,0,101,2,10,117,2,131,202,0,202,333
07/16/2019,LYH,VA,AEA,EN,Federal Contract Tower,2,9,25,6,42,0,5,185,0,190,2,14,210,6,232,364,0,364,596
07/17/2019,LYH,VA,AEA,EN,Federal Contract Tower,2,12,15,0,29,0,3,102,0,105,2,15,117,0,134,220,0,220,354
07/18/2019,LYH,VA,AEA,EN,Federal Contract Tower,2,7,32,8,49,0,1,127,0,128,2,8,159,8,177,330,0,330,507
07/19/2019,LYH,VA,AEA,EN,Federal Contract Tower,2,10,28,1,41,0,0,156,0,156,2,10,184,1,197,308,0,308,505
07/20/2019,LYH,VA,AEA,EN,Federal Contract Tower,2,7,19,0,28,0,1,44,0,45,2,8,63,0,73,76,0,76,149
07/21/2019,LYH,VA,AEA,EN,Federal Contract Tower,2,8,19,0,29,0,0,26,1,27,2,8,45,1,56,12,0,12,68
07/22/2019,LYH,VA,AEA,EN,Federal Contract Tower,2,6,11,0,19,0,2,78,0,80,2,8,89,0,99,238,0,238,337
07/23/2019,LYH,VA,AEA,EN,Federal Contract Tower,2,8,26,0,36,0,0,28,0,28,2,8,54,0,64,124,0,124,188
07/24/2019,LYH,VA,AEA,EN,Federal Contract Tower,2,9,23,2,36,0,1,138,4,143,2,10,161,6,179,316,0,316,495
07/25/2019,LYH,VA,AEA,EN,Federal Contract Tower,2,8,23,3,36,0,0,127,3,130,2,8,150,6,166,284,2,286,452
07/26/2019,LYH,VA,AEA,EN,Federal Contract Tower,2,9,21,4,36,0,1,94,0,95,2,10,115,4,131,230,0,230,361
07/27/2019,LYH,VA,AEA,EN,Federal Contract Tower,2,9,9,1,21,0,3,72,6,81,2,12,81,7,102,100,0,100,202
07/28/2019,LYH,VA,AEA,EN,Federal Contract Tower,2,13,9,3,27,0,2,37,12,51,2,15,46,15,78,32,0,32,110
07/29/2019,LYH,VA,AEA,EN,Federal Contract Tower,2,9,26,16,53,0,2,105,2,109,2,11,131,18,162,184,18,202,364
07/30/2019,LYH,VA,AEA,EN,Federal Contract Tower,2,11,15,0,28,0,0,90,8,98,2,11,105,8,126,292,0,292,418
07/31/2019,LYH,VA,AEA,EN,Federal Contract Tower,2,10,14,4,30,0,0,84,2,86,2,10,98,6,116,300,0,300,416
08/01/2019,LYH,VA,AEA,EN,Federal Contract Tower,2,4,9,1,16,0,1,55,0,56,2,5,64,1,72,176,0,176,248
08/02/2019,LYH,VA,AEA,EN,Federal Contract Tower,1,10,28,0,39,0,1,23,1,25,1,11,51,1,64,36,0,36,100
08/03/2019,LYH,VA,AEA,EN,Federal Contract Tower,2,8,27,0,37,0,0,19,0,19,2,8,46,0,56,28,0,28,84
08/04/2019,LYH,VA,AEA,EN,Federal Contract Tower,2,9,16,2,29,0,1,43,0,44,2,10,59,2,73,104,0,104,177
08/05/2019,LYH,VA,AEA,EN,Federal Contract Tower,2,12,13,0,27,0,0,72,0,72,2,12,85,0,99,168,0,168,267
08/06/2019,LYH,VA,AEA,EN,Federal Contract Tower,2,12,33,0,47,0,1,107,0,108,2,13,140,0,155,266,0,266,421
08/07/2019,LYH,VA,AEA,EN,Federal Contract Tower,0,10,23,0,33,0,80,0,0,80,0,90,23,0,113,148,0,148,261
08/08/2019,LYH,VA,AEA,EN,Federal Contract Tower,2,11,27,0,40,0,0,95,0,95,2,11,122,0,135,138,0,138,273
08/09/2019,LYH,VA,AEA,EN,Federal Contract Tower,2,12,38,0,52,0,1,74,0,75,2,13,112,0,127,98,0,98,225
08/10/2019,LYH,VA,AEA,EN,Federal Contract Tower,2,8,17,0,27,0,2,59,0,61,2,10,76,0,88,134,0,134,222
08/11/2019,LYH,VA,AEA,EN,Federal Contract Tower,2,12,15,0,29,0,4,50,0,54,2,16,65,0,83,0,0,0,83
08/12/2019,LYH,VA,AEA,EN,Federal Contract Tower,2,13,17,0,32,0,0,44,1,45,2,13,61,1,77,86,0,86,163
08/13/2019,LYH,VA,AEA,EN,Federal Contract Tower,2,11,8,0,21,0,1,40,0,41,2,12,48,0,62,112,0,112,174
08/14/2019,LYH,VA,AEA,EN,Federal Contract Tower,2,8,16,0,26,0,0,79,4,83,2,8,95,4,109,132,0,132,241
08/15/2019,LYH,VA,AEA,EN,Federal Contract Tower,2,8,24,0,34,0,0,46,4,50,2,8,70,4,84,62,0,62,146
08/16/2019,LYH,VA,AEA,EN,Federal Contract Tower,3,13,34,4,54,0,0,18,1,19,3,13,52,5,73,32,0,32,105
08/17/2019,LYH,VA,AEA,EN,Federal Contract Tower,2,9,20,1,32,0,0,48,0,48,2,9,68,1,80,78,0,78,158
08/18/2019,LYH,VA,AEA,EN,Federal Contract Tower,2,12,11,0,25,0,1,33,0,34,2,13,44,0,59,56,0,56,115
08/19/2019,LYH,VA,AEA,EN,Federal Contract Tower,2,16,21,4,43,0,0,72,0,72,2,16,93,4,115,54,0,54,169
08/20/2019,LYH,VA,AEA,EN,Federal Contract Tower,2,10,14,2,28,0,0,51,0,51,2,10,65,2,79,82,0,82,161
08/21/2019,LYH,VA,AEA,EN,Federal Contract Tower,4,13,27,4,48,0,2,68,3,73,4,15,95,7,121,154,0,154,275
08/22/2019,LYH,VA,AEA,EN,Federal Contract Tower,3,8,9,0,20,0,0,78,2,80,3,8,87,2,100,130,0,130,230
08/23/2019,LYH,VA,AEA,EN,Federal Contract Tower,2,15,20,8,45,0,0,56,0,56,2,15,76,8,101,108,0,108,209
08/24/2019,LYH,VA,AEA,EN,Federal Contract Tower,2,11,20,2,35,0,2,38,0,40,2,13,58,2,75,42,0,42,117
08/25/2019,LYH,VA,AEA,EN,Federal Contract Tower,2,11,21,0,34,0,0,31,0,31,2,11,52,0,65,4,0,4,69
08/26/2019,LYH,VA,AEA,EN,Federal Contract Tower,3,11,48,0,62,0,0,93,2,95,3,11,141,2,157,188,0,188,345
08/27/2019,LYH,VA,AEA,EN,Federal Contract Tower,2,15,34,1,52,0,4,3,0,7,2,19,37,1,59,2,0,2,61
08/28/2019,LYH,VA,AEA,EN,Federal Contract Tower,2,13,43,0,58,0,3,110,0,113,2,16,153,0,171,192,0,192,363
08/29/2019,LYH,VA,AEA,EN,Federal Contract Tower,3,22,29,2,56,0,2,174,2,178,3,24,203,4,234,286,0,286,520
08/30/2019,LYH,VA,AEA,EN,Federal Contract Tower,3,12,38,0,53,0,1,140,6,147,3,13,178,6,200,234,0,234,434
08/31/2019,LYH,VA,AEA,EN,Federal Contract Tower,3,7,20,0,30,0,0,3,0,3,3,7,23,0,33,140,0,140,173
09/01/2019,LYH,VA,AEA,EN,Federal Contract Tower,1,10,11,0,22,0,0,33,0,33,1,10,44,0,55,16,0,16,71
09/02/2019,LYH,VA,AEA,EN,Federal Contract Tower,2,11,39,0,52,0,4,87,0,91,2,15,126,0,143,288,0,288,431
09/03/2019,LYH,VA,AEA,EN,Federal Contract Tower,2,11,14,0,27,0,8,120,0,128,2,19,134,0,155,194,0,194,349
09/04/2019,LYH,VA,AEA,EN,Federal Contract Tower,3,11,24,4,42,0,3,152,6,161,3,14,176,10,203,308,0,308,511
09/05/2019,LYH,VA,AEA,EN,Federal Contract Tower,3,9,15,2,29,0,0,58,4,62,3,9,73,6,91,116,0,116,207
09/06/2019,LYH,VA,AEA,EN,Federal Contract Tower,6,9,35,0,50,0,0,50,0,50,6,9,85,0,100,80,0,80,180
09/07/2019,LYH,VA,AEA,EN,Federal Contract Tower,5,9,27,2,43,0,2,84,0,86,5,11,111,2,129,172,0,172,301
09/08/2019,LYH,VA,AEA,EN,Federal Contract Tower,4,8,14,0,26,0,6,30,0,36,4,14,44,0,62,6,0,6,68
09/09/2019,LYH,VA,AEA,EN,Federal Contract Tower,4,12,40,0,56,0,4,72,0,76,4,16,112,0,132,188,0,188,320
09/11/2019,LYH,VA,AEA,EN,Federal Contract Tower,4,15,21,9,49,0,0,139,2,141,4,15,160,11,190,260,20,280,470
09/12/2019,LYH,VA,AEA,EN,Federal Contract Tower,4,15,20,0,39,0,0,125,0,125,4,15,145,0,164,244,0,244,408
09/13/2019,LYH,VA,AEA,EN,Federal Contract Tower,3,12,40,0,55,0,0,0,0,0,3,12,40,0,55,0,0,0,55
09/14/2019,LYH,VA,AEA,EN,Federal Contract Tower,4,7,11,0,22,0,1,19,0,20,4,8,30,0,42,110,0,110,152
09/15/2019,LYH,VA,AEA,EN,Federal Contract Tower,4,10,23,13,50,0,0,27,1,28,4,10,50,14,78,10,0,10,88
09/16/2019,LYH,VA,AEA,EN,Federal Contract Tower,4,9,37,2,52,0,0,122,0,122,4,9,159,2,174,454,0,454,628
09/17/2019,LYH,VA,AEA,EN,Federal Contract Tower,4,9,50,0,63,0,4,89,0,93,4,13,139,0,156,304,0,304,460
09/18/2019,LYH,VA,AEA,EN,Federal Contract Tower,2,16,34,0,52,0,1,99,0,100,2,17,133,0,152,294,0,294,446
09/19/2019,LYH,VA,AEA,EN,Federal Contract Tower,4,17,23,2,46,0,1,135,2,138,4,18,158,4,184,424,10,434,618
09/20/2019,LYH,VA,AEA,EN,Federal Contract Tower,4,13,38,0,55,0,3,141,0,144,4,16,179,0,199,296,0,296,495
09/21/2019,LYH,VA,AEA,EN,Federal Contract Tower,4,7,18,0,29,0,0,65,0,65,4,7,83,0,94,70,0,70,164
09/22/2019,LYH,VA,AEA,EN,Federal Contract Tower,4,6,9,0,19,0,2,24,0,26,4,8,33,0,45,22,0,22,67
09/23/2019,LYH,VA,AEA,EN,Federal Contract Tower,3,8,25,4,40,0,6,140,0,146,3,14,165,4,186,380,0,380,566
09/24/2019,LYH,VA,AEA,EN,Federal Contract Tower,3,10,33,4,50,0,1,122,6,129,3,11,155,10,179,314,4,318,497
09/25/2019,LYH,VA,AEA,EN,Federal Contract Tower,2,14,25,0,41,0,0,150,6,156,2,14,175,6,197,446,0,446,643
09/26/2019,LYH,VA,AEA,EN,Federal Contract Tower,4,9,15,0,28,0,2,123,6,131,4,11,138,6,159,326,0,326,485
09/27/2019,LYH,VA,AEA,EN,Federal Contract Tower,5,10,36,0,51,0,2,131,0,133,5,12,167,0,184,276,0,276,460
09/28/2019,LYH,VA,AEA,EN,Federal Contract Tower,4,10,12,0,26,0,0,49,0,49,4,10,61,0,75,190,0,190,265
09/29/2019,LYH,VA,AEA,EN,Federal Contract Tower,4,11,24,0,39,0,2,52,0,54,4,13,76,0,93,130,0,130,223
09/30/2019,LYH,VA,AEA,EN,Federal Contract Tower,4,12,40,0,56,0,2,66,2,70,4,14,106,2,126,290,6,296,422
10/01/2019,LYH,VA,AEA,EN,Federal Contract Tower,4,14,38,3,59,0,0,127,6,133,4,14,165,9,192,400,0,400,592
10/02/2019,LYH,VA,AEA,EN,Federal Contract Tower,4,10,35,0,49,0,3,93,0,96,4,13,128,0,145,224,0,224,369
10/03/2019,LYH,VA,AEA,EN,Federal Contract Tower,6,6,24,6,42,0,0,106,4,110,6,6,130,10,152,224,6,230,382
10/04/2019,LYH,VA,AEA,EN,Federal Contract Tower,8,14,24,0,46,0,0,90,0,90,8,14,114,0,136,164,0,164,300
10/05/2019,LYH,VA,AEA,EN,Federal Contract Tower,6,4,15,0,25,0,0,61,0,61,6,4,76,0,86,108,0,108,194
10/06/2019,LYH,VA,AEA,EN,Federal Contract Tower,6,8,34,0,48,0,0,17,0,17,6,8,51,0,65,28,0,28,93
10/07/2019,LYH,VA,AEA,EN,Federal Contract Tower,6,8,34,2,50,0,4,75,1,80,6,12,109,3,130,228,4,232,362
10/08/2019,LYH,VA,AEA,EN,Federal Contract Tower,6,7,15,0,28,0,4,4,1,9,6,11,19,1,37,18,0,18,55
10/09/2019,LYH,VA,AEA,EN,Federal Contract Tower,6,7,35,0,48,0,2,151,0,153,6,9,186,0,201,348,0,348,549
10/10/2019,LYH,VA,AEA,EN,Federal Contract Tower,6,13,31,0,50,0,5,181,0,186,6,18,212,0,236,394,0,394,630
10/11/2019,LYH,VA,AEA,EN,Federal Contract Tower,6,8,37,0,51,0,4,138,0,142,6,12,175,0,193,236,0,236,429
10/12/2019,LYH,VA,AEA,EN,Federal Contract Tower,6,7,11,0,24,0,0,89,0,89,6,7,100,0,113,100,0,100,213
10/13/2019,LYH,VA,AEA,EN,Federal Contract Tower,6,8,23,0,37,0,3,16,0,19,6,11,39,0,56,8,0,8,64
10/14/2019,LYH,VA,AEA,EN,Federal Contract Tower,6,8,19,0,33,0,2,119,0,121,6,10,138,0,154,302,0,302,456
10/15/2019,LYH,VA,AEA,EN,Federal Contract Tower,6,12,39,2,59,0,0,136,2,138,6,12,175,4,197,266,4,270,467
10/16/2019,LYH,VA,AEA,EN,Federal Contract Tower,6,8,18,0,32,0,0,5,0,5,6,8,23,0,37,0,0,0,37
10/17/2019,LYH,VA,AEA,EN,Federal Contract Tower,6,10,16,6,38,0,2,31,5,38,6,12,47,11,76,46,0,46,122
10/18/2019,LYH,VA,AEA,EN,Federal Contract Tower,7,9,28,11,55,0,0,138,1,139,7,9,166,12,194,258,0,258,452
10/19/2019,LYH,VA,AEA,EN,Federal Contract Tower,4,5,27,0,36,0,0,68,2,70,4,5,95,2,106,76,0,76,182
10/20/2019,LYH,VA,AEA,EN,Federal Contract Tower,6,9,10,5,30,0,0,0,0,0,6,9,10,5,30,0,0,0,30
10/21/2019,LYH,VA,AEA,EN,Federal Contract Tower,5,12,38,10,65,0,2,115,8,125,5,14,153,18,190,386,0,386,576
10/22/2019,LYH,VA,AEA,EN,Federal Contract Tower,6,11,5,0,22,0,2,12,0,14,6,13,17,0,36,66,0,66,102
10/23/2019,LYH,VA,AEA,EN,Federal Contract Tower,6,8,21,2,37,0,0,141,6,147,6,8,162,8,184,248,4,252,436
10/24/2019,LYH,VA,AEA,EN,Federal Contract Tower,6,9,26,0,41,0,0,161,2,163,6,9,187,2,204,384,0,384,588
10/25/2019,LYH,VA,AEA,EN,Federal Contract Tower,8,7,22,2,39,0,0,121,0,121,8,7,143,2,160,260,0,260,420
10/26/2019,LYH,VA,AEA,EN,Federal Contract Tower,8,7,18,0,33,0,2,56,0,58,8,9,74,0,91,126,0,126,217
10/27/2019,LYH,VA,AEA,EN,Federal Contract Tower,6,11,6,0,23,0,1,6,0,7,6,12,12,0,30,10,0,10,40
10/28/2019,LYH,VA,AEA,EN,Federal Contract Tower,6,15,32,1,54,0,0,141,6,147,6,15,173,7,201,350,14,364,565
10/29/2019,LYH,VA,AEA,EN,Federal Contract Tower,6,8,40,0,54,0,0,13,0,13,6,8,53,0,67,80,0,80,147
10/30/2019,LYH,VA,AEA,EN,Federal Contract Tower,6,12,16,0,34,0,0,0,0,0,6,12,16,0,34,0,0,0,34
10/31/2019,LYH,VA,AEA,EN,Federal Contract Tower,9,5,19,0,33,0,0,0,0,0,9,5,19,0,33,0,0,0,33
11/01/2019,LYH,VA,AEA,EN,Federal Contract Tower,8,16,28,0,52,0,1,133,0,134,8,17,161,0,186,298,0,298,484
11/02/2019,LYH,VA,AEA,EN,Federal Contract Tower,8,4,14,0,26,0,1,67,0,68,8,5,81,0,94,120,0,120,214
11/03/2019,LYH,VA,AEA,EN,Federal Contract Tower,6,11,15,0,32,0,0,23,0,23,6,11,38,0,55,10,0,10,65
11/04/2019,LYH,VA,AEA,EN,Federal Contract Tower,7,11,17,10,45,0,4,113,0,117,7,15,130,10,162,322,6,328,490
11/05/2019,LYH,VA,AEA,EN,Federal Contract Tower,6,9,55,0,70,0,6,138,0,144,6,15,193,0,214,374,0,374,588
11/06/2019,LYH,VA,AEA,EN,Federal Contract Tower,5,8,32,0,45,0,4,112,1,117,5,12,144,1,162,292,0,292,454
11/07/2019,LYH,VA,AEA,EN,Federal Contract Tower,5,9,13,0,27,0,0,67,0,67,5,9,80,0,94,208,0,208,302
11/08/2019,LYH,VA,AEA,EN,Federal Contract Tower,8,13,17,6,44,0,4,45,0,49,8,17,62,6,93,94,0,94,187
11/09/2019,LYH,VA,AEA,EN,Federal Contract Tower,7,8,17,0,32,0,0,108,0,108,7,8,125,0,140,226,0,226,366
11/10/2019,LYH,VA,AEA,EN,Federal Contract Tower,5,12,12,0,29,0,0,52,0,52,5,12,64,0,81,44,0,44,125
11/11/2019,LYH,VA,AEA,EN,Federal Contract Tower,6,7,17,5,35,0,1,94,3,98,6,8,111,8,133,264,18,282,415
11/12/2019,LYH,VA,AEA,EN,Federal Contract Tower,6,6,8,0,20,0,0,8,0,8,6,6,16,0,28,14,0,14,42
11/13/2019,LYH,VA,AEA,EN,Federal Contract Tower,6,11,30,0,47,0,0,102,0,102,6,11,132,0,149,226,0,226,375
11/14/2019,LYH,VA,AEA,EN,Federal Contract Tower,4,20,25,4,53,0,1,111,0,112,4,21,136,4,165,224,2,226,391
11/15/2019,LYH,VA,AEA,EN,Federal Contract Tower,6,14,22,3,45,0,79,4,0,83,6,93,26,3,128,146,8,154,282
11/16/2019,LYH,VA,AEA,EN,Federal Contract Tower,6,4,9,0,19,0,1,14,1,16,6,5,23,1,35,4,0,4,39
11/17/2019,LYH,VA,AEA,EN,Federal Contract Tower,5,9,17,0,31,0,2,5,2,9,5,11,22,2,40,14,0,14,54
11/18/2019,LYH,VA,AEA,EN,Federal Contract Tower,4,7,10,5,26,0,1,13,0,14,4,8,23,5,40,104,0,104,144
11/20/2019,LYH,VA,AEA,EN,Federal Contract Tower,7,8,42,0,57,0,0,106,7,113,7,8,148,7,170,146,0,146,316
11/21/2019,LYH,VA,AEA,EN,Federal Contract Tower,6,7,34,2,49,0,2,119,4,125,6,9,153,6,174,270,0,270,444
11/22/2019,LYH,VA,AEA,EN,Federal Contract Tower,6,9,17,2,34,0,4,26,2,32,6,13,43,4,66,78,0,78,144
11/23/2019,LYH,VA,AEA,EN,Federal Contract Tower,2,11,6,0,19,0,4,4,0,8,2,15,10,0,27,4,0,4,31
11/24/2019,LYH,VA,AEA,EN,Federal Contract Tower,5,7,4,0,16,0,2,16,0,18,5,9,20,0,34,16,0,16,50
11/25/2019,LYH,VA,AEA,EN,Federal Contract Tower,4,9,23,2,38,0,2,104,0,106,4,11,127,2,144,160,0,160,304
11/26/2019,LYH,VA,AEA,EN,Federal Contract Tower,5,7,25,4,41,0,2,131,3,136,5,9,156,7,177,230,0,230,407
11/27/2019,LYH,VA,AEA,EN,Federal Contract Tower,6,8,13,2,29,0,0,11,0,11,6,8,24,2,40,22,0,22,62
11/28/2019,LYH,VA,AEA,EN,Federal Contract Tower,0,3,3,0,6,0,1,2,0,3,0,4,5,0,9,0,0,0,9
11/29/2019,LYH,VA,AEA,EN,Federal Contract Tower,5,7,4,0,16,0,0,31,0,31,5,7,35,0,47,50,0,50,97
11/30/2019,LYH,VA,AEA,EN,Federal Contract Tower,4,16,13,0,33,0,0,1,0,1,4,16,14,0,34,0,0,0,34
12/01/2019,LYH,VA,AEA,EN,Federal Contract Tower,6,14,5,0,25,0,0,0,0,0,6,14,5,0,25,0,0,0,25
12/02/2019,LYH,VA,AEA,EN,Federal Contract Tower,6,9,7,0,22,0,5,31,2,38,6,14,38,2,60,48,2,50,110
12/03/2019,LYH,VA,AEA,EN,Federal Contract Tower,6,9,15,0,30,0,2,110,5,117,6,11,125,5,147,214,8,222,369
12/04/2019,LYH,VA,AEA,EN,Federal Contract Tower,6,5,23,1,35,0,3,31,2,36,6,8,54,3,71,62,12,74,145
12/05/2019,LYH,VA,AEA,EN,Federal Contract Tower,7,8,20,0,35,0,0,77,4,81,7,8,97,4,116,82,0,82,198
12/06/2019,LYH,VA,AEA,EN,Federal Contract Tower,5,9,13,2,29,0,0,78,0,78,5,9,91,2,107,174,0,174,281
12/08/2019,LYH,VA,AEA,EN,Federal Contract Tower,6,10,15,0,31,0,2,26,0,28,6,12,41,0,59,44,0,44,103
12/09/2019,LYH,VA,AEA,EN,Federal Contract Tower,6,8,5,0,19,0,0,0,0,0,6,8,5,0,19,0,0,0,19
12/10/2019,LYH,VA,AEA,EN,Federal Contract Tower,7,4,8,0,19,0,0,0,0,0,7,4,8,0,19,0,0,0,19
12/11/2019,LYH,VA,AEA,EN,Federal Contract Tower,5,8,18,0,31,0,2,103,0,105,5,10,121,0,136,190,0,190,326
12/12/2019,LYH,VA,AEA,EN,Federal Contract Tower,6,11,21,0,38,0,5,106,0,111,6,16,127,0,149,194,0,194,343
12/13/2019,LYH,VA,AEA,EN,Federal Contract Tower,6,7,8,0,21,0,0,0,0,0,6,7,8,0,21,0,0,0,21
12/14/2019,LYH,VA,AEA,EN,Federal Contract Tower,5,6,3,0,14,0,0,6,0,6,5,6,9,0,20,14,0,14,34
12/15/2019,LYH,VA,AEA,EN,Federal Contract Tower,7,7,9,2,25,0,2,39,0,41,7,9,48,2,66,80,0,80,146
12/16/2019,LYH,VA,AEA,EN,Federal Contract Tower,6,4,13,0,23,0,0,11,0,11,6,4,24,0,34,26,0,26,60
12/17/2019,LYH,VA,AEA,EN,Federal Contract Tower,9,5,5,0,19,0,0,2,0,2,9,5,7,0,21,0,0,0,21
12/18/2019,LYH,VA,AEA,EN,Federal Contract Tower,3,13,11,2,29,0,0,67,2,69,3,13,78,4,98,84,6,90,188
12/19/2019,LYH,VA,AEA,EN,Federal Contract Tower,1,14,19,4,38,0,0,117,0,117,1,14,136,4,155,200,6,206,361
12/20/2019,LYH,VA,AEA,EN,Federal Contract Tower,5,11,15,4,35,0,1,104,0,105,5,12,119,4,140,172,2,174,314
12/21/2019,LYH,VA,AEA,EN,Federal Contract Tower,3,14,10,0,27,0,0,55,0,55,3,14,65,0,82,62,0,62,144
12/22/2019,LYH,VA,AEA,EN,Federal Contract Tower,7,12,8,0,27,0,2,14,0,16,7,14,22,0,43,8,0,8,51
12/23/2019,LYH,VA,AEA,EN,Federal Contract Tower,2,10,14,0,26,0,2,47,0,49,2,12,61,0,75,92,0,92,167
12/24/2019,LYH,VA,AEA,EN,Federal Contract Tower,4,6,9,0,19,0,3,25,0,28,4,9,34,0,47,26,0,26,73
12/25/2019,LYH,VA,AEA,EN,Federal Contract Tower,4,8,4,0,16,0,0,6,0,6,4,8,10,0,22,0,0,0,22
12/26/2019,LYH,VA,AEA,EN,Federal Contract Tower,3,9,12,0,24,0,2,62,0,64,3,11,74,0,88,88,0,88,176
12/27/2019,LYH,VA,AEA,EN,Federal Contract Tower,3,9,16,0,28,0,0,39,0,39,3,9,55,0,67,54,0,54,121
12/28/2019,LYH,VA,AEA,EN,Federal Contract Tower,3,10,6,0,19,0,0,43,0,43,3,10,49,0,62,32,0,32,94
12/29/2019,LYH,VA,AEA,EN,Federal Contract Tower,5,7,4,0,16,0,0,0,0,0,5,7,4,0,16,0,0,0,16
12/30/2019,LYH,VA,AEA,EN,Federal Contract Tower,3,14,11,4,32,0,0,20,3,23,3,14,31,7,55,0,14,14,69
12/31/2019,LYH,VA,AEA,EN,Federal Contract Tower,5,10,14,0,29,0,0,4,0,4,5,10,18,0,33,30,0,30,63
01/01/2020,LYH,VA,AEA,EN,Federal Contract Tower,3,10,7,0,20,0,2,18,0,20,3,12,25,0,40,2,0,2,42
01/02/2020,LYH,VA,AEA,EN,Federal Contract Tower,3,12,11,0,26,0,1,44,1,46,3,13,55,1,72,86,0,86,158
01/03/2020,LYH,VA,AEA,EN,Federal Contract Tower,3,6,11,4,24,0,0,0,0,0,3,6,11,4,24,0,0,0,24
01/04/2020,LYH,VA,AEA,EN,Federal Contract Tower,3,16,6,0,25,0,0,2,0,2,3,16,8,0,27,0,0,0,27
01/05/2020,LYH,VA,AEA,EN,Federal Contract Tower,3,14,2,0,19,0,0,27,0,27,3,14,29,0,46,18,0,18,64
01/06/2020,LYH,VA,AEA,EN,Federal Contract Tower,4,17,15,1,37,0,3,88,0,91,4,20,103,1,128,30,0,30,158
01/07/2020,LYH,VA,AEA,EN,Federal Contract Tower,3,10,3,0,16,0,0,2,0,2,3,10,5,0,18,0,0,0,18
01/08/2020,LYH,VA,AEA,EN,Federal Contract Tower,3,10,13,4,30,0,2,8,6,16,3,12,21,10,46,4,2,6,52
01/09/2020,LYH,VA,AEA,EN,Federal Contract Tower,3,12,11,0,26,0,0,113,0,113,3,12,124,0,139,206,0,206,345
01/10/2020,LYH,VA,AEA,EN,Federal Contract Tower,3,12,12,2,29,0,0,21,2,23,3,12,33,4,52,40,0,40,92
01/11/2020,LYH,VA,AEA,EN,Federal Contract Tower,3,11,5,0,19,0,0,0,0,0,3,11,5,0,19,0,0,0,19
01/12/2020,LYH,VA,AEA,EN,Federal Contract Tower,3,11,20,0,34,0,0,36,0,36,3,11,56,0,70,60,0,60,130
01/13/2020,LYH,VA,AEA,EN,Federal Contract Tower,3,17,10,1,31,0,3,38,0,41,3,20,48,1,72,70,0,70,142
01/14/2020,LYH,VA,AEA,EN,Federal Contract Tower,3,8,20,0,31,0,0,0,0,0,3,8,20,0,31,0,0,0,31
01/15/2020,LYH,VA,AEA,EN,Federal Contract Tower,3,13,29,12,57,0,2,80,4,86,3,15,109,16,143,102,8,110,253
01/16/2020,LYH,VA,AEA,EN,Federal Contract Tower,3,12,11,0,26,0,3,8,2,13,3,15,19,2,39,4,0,4,43
01/17/2020,LYH,VA,AEA,EN,Federal Contract Tower,3,18,43,0,64,0,1,140,2,143,3,19,183,2,207,224,0,224,431
01/18/2020,LYH,VA,AEA,EN,Federal Contract Tower,3,10,2,0,15,0,0,0,0,0,3,10,2,0,15,0,0,0,15
01/19/2020,LYH,VA,AEA,EN,Federal Contract Tower,4,9,4,0,17,0,1,7,0,8,4,10,11,0,25,0,0,0,25
01/20/2020,LYH,VA,AEA,EN,Federal Contract Tower,3,6,58,0,67,0,3,143,0,146,3,9,201,0,213,118,0,118,331
01/21/2020,LYH,VA,AEA,EN,Federal Contract Tower,4,10,37,0,51,0,0,128,0,128,4,10,165,0,179,244,0,244,423
01/22/2020,LYH,VA,AEA,EN,Federal Contract Tower,2,14,33,3,52,0,0,168,1,169,2,14,201,4,221,224,10,234,455
01/23/2020,LYH,VA,AEA,EN,Federal Contract Tower,3,13,51,7,74,0,0,152,3,155,3,13,203,10,229,224,30,254,483
01/24/2020,LYH,VA,AEA,EN,Federal Contract Tower,3,13,15,0,31,0,0,0,0,0,3,13,15,0,31,0,0,0,31
01/25/2020,LYH,VA,AEA,EN,Federal Contract Tower,3,9,29,0,41,0,0,31,2,33,3,9,60,2,74,40,4,44,118
01/26/2020,LYH,VA,AEA,EN,Federal Contract Tower,5,17,18,0,40,1,13,0,0,14,6,30,18,0,54,0,0,0,54
01/27/2020,LYH,VA,AEA,EN,Federal Contract Tower,3,15,32,2,52,0,2,171,0,173,3,17,203,2,225,214,0,214,439
01/28/2020,LYH,VA,AEA,EN,Federal Contract Tower,4,10,38,4,56,0,4,137,1,142,4,14,175,5,198,250,10,260,458
01/29/2020,LYH,VA,AEA,EN,Federal Contract Tower,3,15,41,0,59,0,2,172,0,174,3,17,213,0,233,370,0,370,603
01/30/2020,LYH,VA,AEA,EN,Federal Contract Tower,3,12,57,1,73,0,4,118,2,124,3,16,175,3,197,260,0,260,457
01/31/2020,LYH,VA,AEA,EN,Federal Contract Tower,3,11,13,2,29,0,0,61,4,65,3,11,74,6,94,122,6,128,222
02/01/2020,LYH,VA,AEA,EN,Federal Contract Tower,3,9,7,0,19,0,0,32,1,33,3,9,39,1,52,22,0,22,74
02/02/2020,LYH,VA,AEA,EN,Federal Contract Tower,3,10,2,0,15,0,0,18,1,19,3,10,20,1,34,0,0,0,34
02/03/2020,LYH,VA,AEA,EN,Federal Contract Tower,3,13,40,2,58,0,2,163,1,166,3,15,203,3,224,440,2,442,666
02/04/2020,LYH,VA,AEA,EN,Federal Contract Tower,4,11,44,4,63,0,0,118,2,120,4,11,162,6,183,398,0,398,581
02/05/2020,LYH,VA,AEA,EN,Federal Contract Tower,3,12,20,0,35,0,0,5,0,5,3,12,25,0,40,20,0,20,60
02/06/2020,LYH,VA,AEA,EN,Federal Contract Tower,3,7,2,0,12,0,0,0,0,0,3,7,2,0,12,0,0,0,12
02/07/2020,LYH,VA,AEA,EN,Federal Contract Tower,1,10,3,0,14,0,0,4,0,4,1,10,7,0,18,0,0,0,18
02/08/2020,LYH,VA,AEA,EN,Federal Contract Tower,3,9,44,0,56,0,1,115,0,116,3,10,159,0,172,342,0,342,514
02/09/2020,LYH,VA,AEA,EN,Federal Contract Tower,3,17,28,6,54,0,0,39,3,42,3,17,67,9,96,24,0,24,120
02/10/2020,LYH,VA,AEA,EN,Federal Contract Tower,3,11,12,6,32,0,0,2,0,2,3,11,14,6,34,0,0,0,34
02/11/2020,LYH,VA,AEA,EN,Federal Contract Tower,3,12,48,3,66,0,3,35,0,38,3,15,83,3,104,166,0,166,270
02/12/2020,LYH,VA,AEA,EN,Federal Contract Tower,3,7,17,2,29,0,0,71,2,73,3,7,88,4,102,198,0,198,300
02/13/2020,LYH,VA,AEA,EN,Federal Contract Tower,5,6,10,0,21,0,0,0,0,0,5,6,10,0,21,0,0,0,21
02/14/2020,LYH,VA,AEA,EN,Federal Contract Tower,3,12,35,2,52,0,0,143,0,143,3,12,178,2,195,302,16,318,513
02/15/2020,LYH,VA,AEA,EN,Federal Contract Tower,3,7,13,0,23,0,0,144,0,144,3,7,157,0,167,382,0,382,549
02/16/2020,LYH,VA,AEA,EN,Federal Contract Tower,3,9,13,0,25,0,2,26,0,28,3,11,39,0,53,72,0,72,125
02/17/2020,LYH,VA,AEA,EN,Federal Contract Tower,3,13,39,0,55,0,2,159,0,161,3,15,198,0,216,372,0,372,588
02/18/2020,LYH,VA,AEA,EN,Federal Contract Tower,3,14,31,2,50,0,0,20,0,20,3,14,51,2,70,106,0,106,176
02/19/2020,LYH,VA,AEA,EN,Federal Contract Tower,2,18,30,0,50,0,4,174,0,178,2,22,204,0,228,412,0,412,640
02/20/2020,LYH,VA,AEA,EN,Federal Contract Tower,4,10,18,10,42,0,0,64,2,66,4,10,82,12,108,164,8,172,280
02/21/2020,LYH,VA,AEA,EN,Federal Contract Tower,3,10,43,6,62,0,0,199,5,204,3,10,242,11,266,436,0,436,702
02/22/2020,LYH,VA,AEA,EN,Federal Contract Tower,3,7,22,0,32,0,2,125,0,127,3,9,147,0,159,276,0,276,435
02/23/2020,LYH,VA,AEA,EN,Federal Contract Tower,3,9,16,0,28,0,2,54,0,56,3,11,70,0,84,40,0,40,124
02/24/2020,LYH,VA,AEA,EN,Federal Contract Tower,3,12,24,0,39,0,0,96,0,96,3,12,120,0,135,268,0,268,403
02/25/2020,LYH,VA,AEA,EN,Federal Contract Tower,6,8,31,0,45,0,1,58,0,59,6,9,89,0,104,220,0,220,324
02/26/2020,LYH,VA,AEA,EN,Federal Contract Tower,3,13,34,0,50,0,0,17,0,17,3,13,51,0,67,70,0,70,137
02/27/2020,LYH,VA,AEA,EN,Federal Contract Tower,3,11,9,5,28,0,2,14,5,21,3,13,23,10,49,16,0,16,65
02/28/2020,LYH,VA,AEA,EN,Federal Contract Tower,3,15,11,0,29,0,2,84,0,86,3,17,95,0,115,192,0,192,307
02/29/2020,LYH,VA,AEA,EN,Federal Contract Tower,2,7,6,0,15,0,0,55,0,55,2,7,61,0,70,132,0,132,202
03/01/2020,LYH,VA,AEA,EN,Federal Contract Tower,4,9,10,0,23,0,2,65,0,67,4,11,75,0,90,82,0,82,172
03/02/2020,LYH,VA,AEA,EN,Federal Contract Tower,3,8,35,2,48,0,4,93,0,97,3,12,128,2,145,216,0,216,361
03/03/2020,LYH,VA,AEA,EN,Federal Contract Tower,3,11,12,0,26,0,2,66,0,68,3,13,78,0,94,206,0,206,300
03/04/2020,LYH,VA,AEA,EN,Federal Contract Tower,3,18,40,2,63,0,243,2,0,245,3,261,42,2,308,514,0,514,822
03/05/2020,LYH,VA,AEA,EN,Federal Contract Tower,4,9,38,2,53,0,2,161,2,165,4,11,199,4,218,388,12,400,618
03/06/2020,LYH,VA,AEA,EN,Federal Contract Tower,4,12,12,1,29,0,3,69,0,72,4,15,81,1,101,164,0,164,265
03/07/2020,LYH,VA,AEA,EN,Federal Contract Tower,4,5,8,3,20,0,0,59,0,59,4,5,67,3,79,132,0,132,211
03/08/2020,LYH,VA,AEA,EN,Federal Contract Tower,2,12,11,4,29,0,4,49,0,53,2,16,60,4,82,98,0,98,180
03/09/2020,LYH,VA,AEA,EN,Federal Contract Tower,4,10,27,8,49,0,6,167,6,179,4,16,194,14,228,356,8,364,592
03/10/2020,LYH,VA,AEA,EN,Federal Contract Tower,2,11,25,2,40,0,0,54,0,54,2,11,79,2,94,132,0,132,226
03/11/2020,LYH,VA,AEA,EN,Federal Contract Tower,4,12,19,3,38,0,0,183,2,185,4,12,202,5,223,418,2,420,643
03/12/2020,LYH,VA,AEA,EN,Federal Contract Tower,4,9,55,0,68,0,0,126,0,126,4,9,181,0,194,222,0,222,416
03/13/2020,LYH,VA,AEA,EN,Federal Contract Tower,5,10,19,0,34,0,0,58,0,58,5,10,77,0,92,114,0,114,206
03/14/2020,LYH,VA,AEA,EN,Federal Contract Tower,3,5,19,0,27,0,0,82,0,82,3,5,101,0,109,170,0,170,279
03/15/2020,LYH,VA,AEA,EN,Federal Contract Tower,3,8,4,0,15,0,0,0,0,0,3,8,4,0,15,0,0,0,15
03/16/2020,LYH,VA,AEA,EN,Federal Contract Tower,4,11,22,2,39,0,1,122,0,123,4,12,144,2,162,284,2,286,448
03/17/2020,LYH,VA,AEA,EN,Federal Contract Tower,2,13,18,2,35,0,2,124,0,126,2,15,142,2,161,336,0,336,497
03/18/2020,LYH,VA,AEA,EN,Federal Contract Tower,5,12,22,0,39,0,2,109,0,111,5,14,131,0,150,272,0,272,422
03/19/2020,LYH,VA,AEA,EN,Federal Contract Tower,2,8,26,0,36,0,0,92,2,94,2,8,118,2,130,220,0,220,350
03/20/2020,LYH,VA,AEA,EN,Federal Contract Tower,3,10,13,0,26,0,2,39,0,41,3,12,52,0,67,104,0,104,171
03/21/2020,LYH,VA,AEA,EN,Federal Contract Tower,4,6,15,0,25,0,2,14,0,16,4,8,29,0,41,10,0,10,51
03/22/2020,LYH,VA,AEA,EN,Federal Contract Tower,2,8,11,0,21,0,2,28,0,30,2,10,39,0,51,40,0,40,91
03/23/2020,LYH,VA,AEA,EN,Federal Contract Tower,5,6,3,0,14,0,0,0,0,0,5,6,3,0,14,0,0,0,14
03/24/2020,LYH,VA,AEA,EN,Federal Contract Tower,2,7,22,1,32,0,0,74,0,74,2,7,96,1,106,224,0,224,330
03/25/2020,LYH,VA,AEA,EN,Federal Contract Tower,4,3,24,2,33,0,0,25,0,25,4,3,49,2,58,180,0,180,238
03/26/2020,LYH,VA,AEA,EN,Federal Contract Tower,6,2,35,0,43,0,0,82,0,82,6,2,117,0,125,256,0,256,381
03/27/2020,LYH,VA,AEA,EN,Federal Contract Tower,4,4,29,4,41,0,1,187,2,190,4,5,216,6,231,352,10,362,593
03/28/2020,LYH,VA,AEA,EN,Federal Contract Tower,4,2,13,0,19,0,3,77,0,80,4,5,90,0,99,250,0,250,349
03/29/2020,LYH,VA,AEA,EN,Federal Contract Tower,0,4,5,0,9,0,4,23,0,27,0,8,28,0,36,40,0,40,76
03/30/2020,LYH,VA,AEA,EN,Federal Contract Tower,4,2,10,2,18,0,0,46,0,46,4,2,56,2,64,70,0,70,134
03/31/2020,LYH,VA,AEA,EN,Federal Contract Tower,2,4,6,0,12,0,0,6,0,6,2,4,12,0,18,0,0,0,18
04/01/2020,LYH,VA,AEA,EN,Federal Contract Tower,4,0,3,0,7,0,0,10,0,10,4,0,13,0,17,0,0,0,17
04/02/2020,LYH,VA,AEA,EN,Federal Contract Tower,4,1,4,0,9,0,0,33,0,33,4,1,37,0,42,30,0,30,72
04/03/2020,LYH,VA,AEA,EN,Federal Contract Tower,2,0,7,0,9,0,0,47,0,47,2,0,54,0,56,74,0,74,130
04/04/2020,LYH,VA,AEA,EN,Federal Contract Tower,2,0,9,0,11,0,1,52,0,53,2,1,61,0,64,28,0,28,92
04/05/2020,LYH,VA,AEA,EN,Federal Contract Tower,0,2,9,0,11,0,1,29,0,30,0,3,38,0,41,8,0,8,49
04/06/2020,LYH,VA,AEA,EN,Federal Contract Tower,2,5,7,4,18,0,2,11,0,13,2,7,18,4,31,6,12,18,49
04/07/2020,LYH,VA,AEA,EN,Federal Contract Tower,0,0,6,0,6,0,1,38,0,39,0,1,44,0,45,128,0,128,173
04/08/2020,LYH,VA,AEA,EN,Federal Contract Tower,1,3,1,8,13,0,0,25,1,26,1,3,26,9,39,156,0,156,195
04/09/2020,LYH,VA,AEA,EN,Federal Contract Tower,2,6,3,0,11,0,0,10,0,10,2,6,13,0,21,28,0,28,49
04/10/2020,LYH,VA,AEA,EN,Federal Contract Tower,2,4,2,0,8,0,0,7,2,9,2,4,9,2,17,0,0,0,17
04/11/2020,LYH,VA,AEA,EN,Federal Contract Tower,2,0,11,0,13,0,0,39,0,39,2,0,50,0,52,94,0,94,146
04/12/2020,LYH,VA,AEA,EN,Federal Contract Tower,2,2,1,0,5,0,3,1,0,4,2,5,2,0,9,0,0,0,9
04/13/2020,LYH,VA,AEA,EN,Federal Contract Tower,2,4,0,0,6,0,0,0,0,0,2,4,0,0,6,0,0,0,6
04/14/2020,LYH,VA,AEA,EN,Federal Contract Tower,2,0,17,0,19,0,0,62,0,62,2,0,79,0,81,134,0,134,215
04/15/2020,LYH,VA,AEA,EN,Federal Contract Tower,2,2,6,4,14,0,0,59,2,61,2,2,65,6,75,70,0,70,145
04/16/2020,LYH,VA,AEA,EN,Federal Contract Tower,2,0,22,0,24,0,1,42,0,43,2,1,64,0,67,26,0,26,93
04/17/2020,LYH,VA,AEA,EN,Federal Contract Tower,2,0,4,0,6,0,0,34,2,36,2,0,38,2,42,66,0,66,108
04/18/2020,LYH,VA,AEA,EN,Federal Contract Tower,2,0,5,0,7,0,1,5,0,6,2,1,10,0,13,2,0,2,15
04/19/2020,LYH,VA,AEA,EN,Federal Contract Tower,1,2,11,0,14,0,0,26,0,26,1,2,37,0,40,14,0,14,54
04/20/2020,LYH,VA,AEA,EN,Federal Contract Tower,2,2,5,0,9,0,0,11,0,11,2,2,16,0,20,32,0,32,52
04/21/2020,LYH,VA,AEA,EN,Federal Contract Tower,1,1,3,0,5,0,2,22,4,28,1,3,25,4,33,24,2,26,59
04/22/2020,LYH,VA,AEA,EN,Federal Contract Tower,1,2,12,0,15,0,0,103,2,105,1,2,115,2,120,160,0,160,280
04/23/2020,LYH,VA,AEA,EN,Federal Contract Tower,1,0,6,0,7,0,0,0,0,0,1,0,6,0,7,0,0,0,7
04/24/2020,LYH,VA,AEA,EN,Federal Contract Tower,1,4,7,2,14,0,1,21,0,22,1,5,28,2,36,66,0,66,102
04/25/2020,LYH,VA,AEA,EN,Federal Contract Tower,2,2,3,0,7,0,0,10,0,10,2,2,13,0,17,42,0,42,59
04/26/2020,LYH,VA,AEA,EN,Federal Contract Tower,2,2,6,0,10,0,0,0,0,0,2,2,6,0,10,0,0,0,10
04/27/2020,LYH,VA,AEA,EN,Federal Contract Tower,2,0,10,2,14,0,6,29,2,37,2,6,39,4,51,32,0,32,83
04/28/2020,LYH,VA,AEA,EN,Federal Contract Tower,2,4,12,0,18,0,4,85,0,89,2,8,97,0,107,118,0,118,225
04/29/2020,LYH,VA,AEA,EN,Federal Contract Tower,2,4,17,2,25,0,4,50,4,58,2,8,67,6,83,66,10,76,159
04/30/2020,LYH,VA,AEA,EN,Federal Contract Tower,2,1,12,0,15,0,0,6,0,6,2,1,18,0,21,38,0,38,59
05/01/2020,LYH,VA,AEA,EN,Federal Contract Tower,1,7,13,0,21,0,0,40,0,40,1,7,53,0,61,42,0,42,103
05/02/2020,LYH,VA,AEA,EN,Federal Contract Tower,2,2,18,0,22,0,0,50,0,50,2,2,68,0,72,54,0,54,126
05/03/2020,LYH,VA,AEA,EN,Federal Contract Tower,1,4,10,0,15,0,4,13,0,17,1,8,23,0,32,12,0,12,44
05/04/2020,LYH,VA,AEA,EN,Federal Contract Tower,1,4,11,2,18,0,0,33,0,33,1,4,44,2,51,48,2,50,101
05/05/2020,LYH,VA,AEA,EN,Federal Contract Tower,2,7,6,0,15,0,0,9,2,11,2,7,15,2,26,74,0,74,100
05/06/2020,LYH,VA,AEA,EN,Federal Contract Tower,2,5,11,4,22,0,0,29,2,31,2,5,40,6,53,36,0,36,89
05/07/2020,LYH,VA,AEA,EN,Federal Contract Tower,4,0,13,3,20,0,0,77,4,81,4,0,90,7,101,152,0,152,253
05/08/2020,LYH,VA,AEA,EN,Federal Contract Tower,4,3,12,0,19,0,1,18,0,19,4,4,30,0,38,32,0,32,70
05/09/2020,LYH,VA,AEA,EN,Federal Contract Tower,4,0,1,0,5,0,1,22,0,23,4,1,23,0,28,38,0,38,66
05/10/2020,LYH,VA,AEA,EN,Federal Contract Tower,4,0,10,0,14,0,2,12,0,14,4,2,22,0,28,18,0,18,46
05/11/2020,LYH,VA,AEA,EN,Federal Contract Tower,4,4,5,0,13,0,0,20,0,20,4,4,25,0,33,26,0,26,59
05/12/2020,LYH,VA,AEA,EN,Federal Contract Tower,4,0,18,0,22,0,2,80,8,90,4,2,98,8,112,196,0,196,308
05/13/2020,LYH,VA,AEA,EN,Federal Contract Tower,4,0,16,0,20,0,0,92,2,94,4,0,108,2,114,182,0,182,296
05/14/2020,LYH,VA,AEA,EN,Federal Contract Tower,3,2,14,6,25,0,0,67,4,71,3,2,81,10,96,46,14,60,156
05/15/2020,LYH,VA,AEA,EN,Federal Contract Tower,4,1,12,0,17,0,1,44,0,45,4,2,56,0,62,74,0,74,136
05/16/2020,LYH,VA,AEA,EN,Federal Contract Tower,4,0,9,0,13,0,0,43,0,43,4,0,52,0,56,42,0,42,98
05/17/2020,LYH,VA,AEA,EN,Federal Contract Tower,4,0,21,0,25,0,0,5,0,5,4,0,26,0,30,0,0,0,30
05/18/2020,LYH,VA,AEA,EN,Federal Contract Tower,4,1,7,10,22,0,0,0,0,0,4,1,7,10,22,0,0,0,22
05/19/2020,LYH,VA,AEA,EN,Federal Contract Tower,6,0,5,0,11,0,0,1,0,1,6,0,6,0,12,0,0,0,12
05/20/2020,LYH,VA,AEA,EN,Federal Contract Tower,4,0,8,0,12,0,0,0,0,0,4,0,8,0,12,0,0,0,12
05/21/2020,LYH,VA,AEA,EN,Federal Contract Tower,4,2,5,0,11,0,0,0,0,0,4,2,5,0,11,0,0,0,11
05/22/2020,LYH,VA,AEA,EN,Federal Contract Tower,4,0,6,0,10,0,1,11,0,12,4,1,17,0,22,46,0,46,68
05/23/2020,LYH,VA,AEA,EN,Federal Contract Tower,4,0,14,0,18,0,1,48,0,49,4,1,62,0,67,70,0,70,137
05/24/2020,LYH,VA,AEA,EN,Federal Contract Tower,4,1,16,0,21,0,0,17,0,17,4,1,33,0,38,26,0,26,64
05/25/2020,LYH,VA,AEA,EN,Federal Contract Tower,4,1,13,0,18,0,0,2,0,2,4,1,15,0,20,0,0,0,20
05/26/2020,LYH,VA,AEA,EN,Federal Contract Tower,4,2,27,0,33,0,0,43,0,43,4,2,70,0,76,144,0,144,220
05/27/2020,LYH,VA,AEA,EN,Federal Contract Tower,4,0,15,2,21,0,0,3,0,3,4,0,18,2,24,0,0,0,24
05/28/2020,LYH,VA,AEA,EN,Federal Contract Tower,4,0,19,6,29,0,0,8,0,8,4,0,27,6,37,34,4,38,75
05/29/2020,LYH,VA,AEA,EN,Federal Contract Tower,4,0,23,8,35,0,0,17,0,17,4,0,40,8,52,62,0,62,114
05/30/2020,LYH,VA,AEA,EN,Federal Contract Tower,4,0,6,0,10,0,1,29,0,30,4,1,35,0,40,50,0,50,90
05/31/2020,LYH,VA,AEA,EN,Federal Contract Tower,5,2,19,4,30,0,2,31,0,33,5,4,50,4,63,20,0,20,83
06/01/2020,LYH,VA,AEA,EN,Federal Contract Tower,4,1,20,0,25,0,1,54,0,55,4,2,74,0,80,60,0,60,140
06/02/2020,LYH,VA,AEA,EN,Federal Contract Tower,4,0,8,0,12,0,3,60,0,63,4,3,68,0,75,128,0,128,203
06/03/2020,LYH,VA,AEA,EN,Federal Contract Tower,4,0,16,0,20,0,0,70,0,70,4,0,86,0,90,108,0,108,198
06/04/2020,LYH,VA,AEA,EN,Federal Contract Tower,4,0,10,0,14,0,0,55,0,55,4,0,65,0,69,100,0,100,169
06/05/2020,LYH,VA,AEA,EN,Federal Contract Tower,4,2,13,0,19,0,0,31,0,31,4,2,44,0,50,90,0,90,140
06/06/2020,LYH,VA,AEA,EN,Federal Contract Tower,4,0,12,0,16,0,0,28,0,28,4,0,40,0,44,36,0,36,80
06/07/2020,LYH,VA,AEA,EN,Federal Contract Tower,4,0,11,0,15,0,0,35,0,35,4,0,46,0,50,24,0,24,74
06/08/2020,LYH,VA,AEA,EN,Federal Contract Tower,4,0,9,0,13,0,4,49,0,53,4,4,58,0,66,52,0,52,118
06/09/2020,LYH,VA,AEA,EN,Federal Contract Tower,4,2,22,0,28,0,0,25,0,25,4,2,47,0,53,74,0,74,127
06/10/2020,LYH,VA,AEA,EN,Federal Contract Tower,4,3,11,0,18,0,0,11,0,11,4,3,22,0,29,24,0,24,53
06/11/2020,LYH,VA,AEA,EN,Federal Contract Tower,4,8,12,12,36,0,1,52,0,53,4,9,64,12,89,130,0,130,219
06/12/2020,LYH,VA,AEA,EN,Federal Contract Tower,4,1,28,5,38,0,1,112,0,113,4,2,140,5,151,190,0,190,341
06/13/2020,LYH,VA,AEA,EN,Federal Contract Tower,4,0,6,0,10,0,0,28,0,28,4,0,34,0,38,48,0,48,86
06/14/2020,LYH,VA,AEA,EN,Federal Contract Tower,5,0,19,4,28,0,0,12,0,12,5,0,31,4,40,24,0,24,64
06/15/2020,LYH,VA,AEA,EN,Federal Contract Tower,4,2,18,0,24,0,0,2,1,3,4,2,20,1,27,0,0,0,27
06/16/2020,LYH,VA,AEA,EN,Federal Contract Tower,4,1,15,0,20,0,0,32,0,32,4,1,47,0,52,80,0,80,132
06/17/2020,LYH,VA,AEA,EN,Federal Contract Tower,4,3,4,0,11,0,0,0,0,0,4,3,4,0,11,0,0,0,11
06/18/2020,LYH,VA,AEA,EN,Federal Contract Tower,5,2,27,0,34,0,0,41,0,41,5,2,68,0,75,280,0,280,355
06/19/2020,LYH,VA,AEA,EN,Federal Contract Tower,4,0,32,0,36,0,1,14,0,15,4,1,46,0,51,90,0,90,141
06/20/2020,LYH,VA,AEA,EN,Federal Contract Tower,4,0,15,0,19,0,0,17,0,17,4,0,32,0,36,20,0,20,56
06/21/2020,LYH,VA,AEA,EN,Federal Contract Tower,4,3,8,2,17,0,0,18,2,20,4,3,26,4,37,14,0,14,51
06/22/2020,LYH,VA,AEA,EN,Federal Contract Tower,4,3,16,3,26,0,2,94,0,96,4,5,110,3,122,196,0,196,318
06/23/2020,LYH,VA,AEA,EN,Federal Contract Tower,4,3,27,4,38,0,2,97,0,99,4,5,124,4,137,236,0,236,373
06/24/2020,LYH,VA,AEA,EN,Federal Contract Tower,4,2,16,0,22,0,0,121,4,125,4,2,137,4,147,276,0,276,423
06/25/2020,LYH,VA,AEA,EN,Federal Contract Tower,3,1,16,6,26,0,1,130,0,131,3,2,146,6,157,226,0,226,383
06/26/2020,LYH,VA,AEA,EN,Federal Contract Tower,4,0,18,0,22,0,1,125,0,126,4,1,143,0,148,254,0,254,402
06/27/2020,LYH,VA,AEA,EN,Federal Contract Tower,4,1,18,1,24,0,1,61,0,62,4,2,79,1,86,58,4,62,148
06/28/2020,LYH,VA,AEA,EN,Federal Contract Tower,5,2,19,0,26,0,0,19,0,19,5,2,38,0,45,6,0,6,51
06/29/2020,LYH,VA,AEA,EN,Federal Contract Tower,4,0,23,4,31,0,2,101,0,103,4,2,124,4,134,210,0,210,344
06/30/2020,LYH,VA,AEA,EN,Federal Contract Tower,4,0,31,2,37,0,0,138,2,140,4,0,169,4,177,242,0,242,419
07/02/2020,LYH,VA,AEA,EN,Federal Contract Tower,7,0,28,2,37,0,0,125,1,126,7,0,153,3,163,286,18,304,467
07/03/2020,LYH,VA,AEA,EN,Federal Contract Tower,4,0,17,0,21,0,0,65,0,65,4,0,82,0,86,50,0,50,136
07/04/2020,LYH,VA,AEA,EN,Federal Contract Tower,4,0,6,0,10,0,0,23,0,23,4,0,29,0,33,12,0,12,45
07/05/2020,LYH,VA,AEA,EN,Federal Contract Tower,4,1,9,0,14,0,1,20,2,23,4,2,29,2,37,2,0,2,39
07/06/2020,LYH,VA,AEA,EN,Federal Contract Tower,4,4,24,0,32,0,0,127,0,127,4,4,151,0,159,312,0,312,471
07/07/2020,LYH,VA,AEA,EN,Federal Contract Tower,4,3,42,0,49,0,5,135,0,140,4,8,177,0,189,270,0,270,459
07/08/2020,LYH,VA,AEA,EN,Federal Contract Tower,4,4,23,2,33,0,4,70,2,76,4,8,93,4,109,208,2,210,319
07/09/2020,LYH,VA,AEA,EN,Federal Contract Tower,4,4,33,2,43,0,1,89,0,90,4,5,122,2,133,230,0,230,363
07/10/2020,LYH,VA,AEA,EN,Federal Contract Tower,4,3,18,2,27,0,0,119,0,119,4,3,137,2,146,220,0,220,366
07/11/2020,LYH,VA,AEA,EN,Federal Contract Tower,4,5,7,0,16,0,0,37,0,37,4,5,44,0,53,50,0,50,103
07/12/2020,LYH,VA,AEA,EN,Federal Contract Tower,4,2,13,4,23,0,0,37,0,37,4,2,50,4,60,12,10,22,82
07/13/2020,LYH,VA,AEA,EN,Federal Contract Tower,5,7,30,8,50,0,1,129,0,130,5,8,159,8,180,184,10,194,374
07/14/2020,LYH,VA,AEA,EN,Federal Contract Tower,4,1,29,6,40,0,0,138,7,145,4,1,167,13,185,306,6,312,497
07/15/2020,LYH,VA,AEA,EN,Federal Contract Tower,5,2,23,0,30,0,2,129,4,135,5,4,152,4,165,352,0,352,517
07/16/2020,LYH,VA,AEA,EN,Federal Contract Tower,4,4,36,4,48,0,1,66,6,73,4,5,102,10,121,102,0,102,223
07/17/2020,LYH,VA,AEA,EN,Federal Contract Tower,4,1,22,0,27,0,0,89,0,89,4,1,111,0,116,162,0,162,278
07/18/2020,LYH,VA,AEA,EN,Federal Contract Tower,6,5,16,0,27,0,0,52,0,52,6,5,68,0,79,42,0,42,121
07/19/2020,LYH,VA,AEA,EN,Federal Contract Tower,4,8,12,1,25,0,1,30,0,31,4,9,42,1,56,8,0,8,64
07/20/2020,LYH,VA,AEA,EN,Federal Contract Tower,4,6,14,0,24,0,2,137,0,139,4,8,151,0,163,272,0,272,435
07/21/2020,LYH,VA,AEA,EN,Federal Contract Tower,5,5,30,6,46,0,0,100,3,103,5,5,130,9,149,162,0,162,311
07/23/2020,LYH,VA,AEA,EN,Federal Contract Tower,4,1,27,0,32,0,0,83,0,83,4,1,110,0,115,180,0,180,295
07/24/2020,LYH,VA,AEA,EN,Federal Contract Tower,6,2,32,0,40,0,0,66,0,66,6,2,98,0,106,184,0,184,290
07/25/2020,LYH,VA,AEA,EN,Federal Contract Tower,4,4,19,0,27,0,1,68,0,69,4,5,87,0,96,132,0,132,228
07/26/2020,LYH,VA,AEA,EN,Federal Contract Tower,4,3,20,0,27,0,2,27,0,29,4,5,47,0,56,16,0,16,72
07/27/2020,LYH,VA,AEA,EN,Federal Contract Tower,4,5,24,3,36,0,0,96,1,97,4,5,120,4,133,236,0,236,369
07/28/2020,LYH,VA,AEA,EN,Federal Contract Tower,4,0,21,2,27,0,2,68,1,71,4,2,89,3,98,110,0,110,208
07/29/2020,LYH,VA,AEA,EN,Federal Contract Tower,4,1,33,4,42,0,1,97,4,102,4,2,130,8,144,198,0,198,342
07/30/2020,LYH,VA,AEA,EN,Federal Contract Tower,4,2,24,0,30,0,2,79,0,81,4,4,103,0,111,186,0,186,297
07/31/2020,LYH,VA,AEA,EN,Federal Contract Tower,5,6,26,0,37,0,0,20,4,24,5,6,46,4,61,76,0,76,137
08/01/2020,LYH,VA,AEA,EN,Federal Contract Tower,4,2,22,0,28,0,0,11,0,11,4,2,33,0,39,12,0,12,51
08/02/2020,LYH,VA,AEA,EN,Federal Contract Tower,4,3,13,0,20,0,0,3,0,3,4,3,16,0,23,0,0,0,23
08/03/2020,LYH,VA,AEA,EN,Federal Contract Tower,4,2,9,0,15,0,0,15,0,15,4,2,24,0,30,36,0,36,66
08/04/2020,LYH,VA,AEA,EN,Federal Contract Tower,4,0,20,0,24,0,2,119,0,121,4,2,139,0,145,292,0,292,437
08/05/2020,LYH,VA,AEA,EN,Federal Contract Tower,4,1,25,0,30,0,0,143,0,143,4,1,168,0,173,274,0,274,447
08/06/2020,LYH,VA,AEA,EN,Federal Contract Tower,3,3,20,0,26,0,0,36,0,36,3,3,56,0,62,96,0,96,158
08/07/2020,LYH,VA,AEA,EN,Federal Contract Tower,4,3,33,0,40,0,0,31,0,31,4,3,64,0,71,66,0,66,137
08/08/2020,LYH,VA,AEA,EN,Federal Contract Tower,4,6,51,0,61,0,0,33,2,35,4,6,84,2,96,56,0,56,152
08/09/2020,LYH,VA,AEA,EN,Federal Contract Tower,3,4,23,4,34,0,0,27,0,27,3,4,50,4,61,60,0,60,121
08/10/2020,LYH,VA,AEA,EN,Federal Contract Tower,4,5,28,0,37,0,2,101,0,103,4,7,129,0,140,382,0,382,522
08/11/2020,LYH,VA,AEA,EN,Federal Contract Tower,4,2,32,0,38,0,2,108,0,110,4,4,140,0,148,234,0,234,382
08/12/2020,LYH,VA,AEA,EN,Federal Contract Tower,4,2,31,1,38,0,5,61,3,69,4,7,92,4,107,124,30,154,261
08/13/2020,LYH,VA,AEA,EN,Federal Contract Tower,4,5,25,0,34,0,0,4,0,4,4,5,29,0,38,6,0,6,44
08/14/2020,LYH,VA,AEA,EN,Federal Contract Tower,4,6,27,0,37,0,0,14,0,14,4,6,41,0,51,10,0,10,61
08/15/2020,LYH,VA,AEA,EN,Federal Contract Tower,4,7,12,0,23,0,0,0,0,0,4,7,12,0,23,0,0,0,23
08/16/2020,LYH,VA,AEA,EN,Federal Contract Tower,5,2,14,14,35,0,0,3,0,3,5,2,17,14,38,0,0,0,38
08/17/2020,LYH,VA,AEA,EN,Federal Contract Tower,4,4,20,0,28,0,2,65,0,67,4,6,85,0,95,118,0,118,213
08/18/2020,LYH,VA,AEA,EN,Federal Contract Tower,3,5,26,0,34,0,0,109,6,115,3,5,135,6,149,266,0,266,415
08/19/2020,LYH,VA,AEA,EN,Federal Contract Tower,4,5,50,5,64,0,0,40,0,40,4,5,90,5,104,138,0,138,242
08/20/2020,LYH,VA,AEA,EN,Federal Contract Tower,4,6,24,1,35,0,0,58,5,63,4,6,82,6,98,148,2,150,248
08/21/2020,LYH,VA,AEA,EN,Federal Contract Tower,5,5,20,0,30,0,2,3,0,5,5,7,23,0,35,4,0,4,39
08/22/2020,LYH,VA,AEA,EN,Federal Contract Tower,4,4,20,0,28,0,2,4,0,6,4,6,24,0,34,50,0,50,84
08/23/2020,LYH,VA,AEA,EN,Federal Contract Tower,4,7,13,0,24,0,3,63,0,66,4,10,76,0,90,78,0,78,168
08/24/2020,LYH,VA,AEA,EN,Federal Contract Tower,4,5,20,0,29,0,0,77,8,85,4,5,97,8,114,158,0,158,272
08/25/2020,LYH,VA,AEA,EN,Federal Contract Tower,4,0,32,7,43,0,0,101,4,105,4,0,133,11,148,80,0,80,228
08/26/2020,LYH,VA,AEA,EN,Federal Contract Tower,4,8,44,0,56,0,0,118,0,118,4,8,162,0,174,240,0,240,414
08/27/2020,LYH,VA,AEA,EN,Federal Contract Tower,4,3,17,0,24,0,0,86,6,92,4,3,103,6,116,182,0,182,298
08/28/2020,LYH,VA,AEA,EN,Federal Contract Tower,4,5,17,8,34,0,0,95,16,111,4,5,112,24,145,200,2,202,347
08/29/2020,LYH,VA,AEA,EN,Federal Contract Tower,4,4,9,1,18,0,0,23,1,24,4,4,32,2,42,42,0,42,84
08/30/2020,LYH,VA,AEA,EN,Federal Contract Tower,5,5,10,1,21,0,0,41,1,42,5,5,51,2,63,56,2,58,121
08/31/2020,LYH,VA,AEA,EN,Federal Contract Tower,4,3,25,0,32,0,0,0,0,0,4,3,25,0,32,0,0,0,32
09/01/2020,LYH,VA,AEA,EN,Federal Contract Tower,4,2,26,0,32,0,0,6,0,6,4,2,32,0,38,0,0,0,38
09/02/2020,LYH,VA,AEA,EN,Federal Contract Tower,4,1,13,4,22,0,87,11,0,98,4,88,24,4,120,168,8,176,296
09/03/2020,LYH,VA,AEA,EN,Federal Contract Tower,4,3,32,0,39,0,0,145,4,149,4,3,177,4,188,204,0,204,392
09/04/2020,LYH,VA,AEA,EN,Federal Contract Tower,4,2,50,1,57,0,0,160,2,162,4,2,210,3,219,192,0,192,411
09/05/2020,LYH,VA,AEA,EN,Federal Contract Tower,4,4,33,0,41,0,0,100,0,100,4,4,133,0,141,96,0,96,237
09/06/2020,LYH,VA,AEA,EN,Federal Contract Tower,3,3,13,0,19,0,0,34,0,34,3,3,47,0,53,16,0,16,69
09/07/2020,LYH,VA,AEA,EN,Federal Contract Tower,4,3,32,4,43,0,4,142,0,146,4,7,174,4,189,174,0,174,363
09/08/2020,LYH,VA,AEA,EN,Federal Contract Tower,4,1,25,0,30,0,2,134,0,136,4,3,159,0,166,160,0,160,326
09/09/2020,LYH,VA,AEA,EN,Federal Contract Tower,7,0,32,0,39,0,0,14,0,14,7,0,46,0,53,48,0,48,101
09/10/2020,LYH,VA,AEA,EN,Federal Contract Tower,6,1,33,2,42,0,0,23,2,25,6,1,56,4,67,92,26,118,185
09/11/2020,LYH,VA,AEA,EN,Federal Contract Tower,6,1,47,0,54,0,0,115,0,115,6,1,162,0,169,376,0,376,545
09/12/2020,LYH,VA,AEA,EN,Federal Contract Tower,6,3,21,0,30,0,0,2,0,2,6,3,23,0,32,0,0,0,32
09/13/2020,LYH,VA,AEA,EN,Federal Contract Tower,4,6,19,0,29,0,0,21,0,21,4,6,40,0,50,0,0,0,50
09/14/2020,LYH,VA,AEA,EN,Federal Contract Tower,5,5,32,0,42,0,0,118,0,118,5,5,150,0,160,242,0,242,402
09/15/2020,LYH,VA,AEA,EN,Federal Contract Tower,6,5,26,8,45,0,1,136,0,137,6,6,162,8,182,246,2,248,430
09/16/2020,LYH,VA,AEA,EN,Federal Contract Tower,4,5,34,0,43,0,5,105,2,112,4,10,139,2,155,246,8,254,409
09/17/2020,LYH,VA,AEA,EN,Federal Contract Tower,6,2,10,2,20,0,0,0,0,0,6,2,10,2,20,0,0,0,20
09/18/2020,LYH,VA,AEA,EN,Federal Contract Tower,8,1,59,0,68,0,0,87,0,87,8,1,146,0,155,184,0,184,339
09/19/2020,LYH,VA,AEA,EN,Federal Contract Tower,8,1,29,2,40,0,0,68,2,70,8,1,97,4,110,104,0,104,214
09/20/2020,LYH,VA,AEA,EN,Federal Contract Tower,4,5,23,0,32,0,2,19,3,24,4,7,42,3,56,46,0,46,102
09/21/2020,LYH,VA,AEA,EN,Federal Contract Tower,8,1,27,0,36,0,4,111,0,115,8,5,138,0,151,236,0,236,387
09/22/2020,LYH,VA,AEA,EN,Federal Contract Tower,6,4,30,14,54,0,1,164,2,167,6,5,194,16,221,390,0,390,611
09/23/2020,LYH,VA,AEA,EN,Federal Contract Tower,5,3,38,0,46,0,1,136,2,139,5,4,174,2,185,346,2,348,533
09/24/2020,LYH,VA,AEA,EN,Federal Contract Tower,6,5,32,0,43,0,0,139,0,139,6,5,171,0,182,300,0,300,482
09/25/2020,LYH,VA,AEA,EN,Federal Contract Tower,6,5,27,2,40,0,0,2,0,2,6,5,29,2,42,0,0,0,42
09/26/2020,LYH,VA,AEA,EN,Federal Contract Tower,7,1,28,0,36,0,2,24,0,26,7,3,52,0,62,58,0,58,120
09/27/2020,LYH,VA,AEA,EN,Federal Contract Tower,4,6,22,0,32,0,0,29,0,29,4,6,51,0,61,20,0,20,81
09/28/2020,LYH,VA,AEA,EN,Federal Contract Tower,6,3,47,0,56,0,5,53,0,58,6,8,100,0,114,74,0,74,188
09/29/2020,LYH,VA,AEA,EN,Federal Contract Tower,6,3,16,0,25,0,0,6,0,6,6,3,22,0,31,28,0,28,59
09/30/2020,LYH,VA,AEA,EN,Federal Contract Tower,4,3,36,0,43,0,0,152,0,152,4,3,188,0,195,306,0,306,501
10/01/2020,LYH,VA,AEA,EN,Federal Contract Tower,6,2,43,0,51,0,2,172,2,176,6,4,215,2,227,230,0,230,457
10/02/2020,LYH,VA,AEA,EN,Federal Contract Tower,7,4,19,0,30,0,0,130,0,130,7,4,149,0,160,230,0,230,390
10/03/2020,LYH,VA,AEA,EN,Federal Contract Tower,7,2,22,1,32,0,0,108,0,108,7,2,130,1,140,106,0,106,246
10/04/2020,LYH,VA,AEA,EN,Federal Contract Tower,4,2,17,1,24,0,0,45,1,46,4,2,62,2,70,16,46,62,132
10/05/2020,LYH,VA,AEA,EN,Federal Contract Tower,6,1,21,0,28,0,2,141,0,143,6,3,162,0,171,210,0,210,381
10/06/2020,LYH,VA,AEA,EN,Federal Contract Tower,6,2,41,0,49,0,0,124,4,128,6,2,165,4,177,178,24,202,379
10/07/2020,LYH,VA,AEA,EN,Federal Contract Tower,3,5,30,0,38,0,4,107,6,117,3,9,137,6,155,184,0,184,339
10/08/2020,LYH,VA,AEA,EN,Federal Contract Tower,5,2,35,0,42,0,0,101,0,101,5,2,136,0,143,126,0,126,269
10/09/2020,LYH,VA,AEA,EN,Federal Contract Tower,6,5,34,0,45,0,0,134,0,134,6,5,168,0,179,286,0,286,465
10/10/2020,LYH,VA,AEA,EN,Federal Contract Tower,8,1,7,0,16,0,0,6,0,6,8,1,13,0,22,62,0,62,84
10/11/2020,LYH,VA,AEA,EN,Federal Contract Tower,4,6,10,0,20,0,0,0,0,0,4,6,10,0,20,0,0,0,20
10/12/2020,LYH,VA,AEA,EN,Federal Contract Tower,5,5,22,0,32,0,0,2,0,2,5,5,24,0,34,0,0,0,34
10/13/2020,LYH,VA,AEA,EN,Federal Contract Tower,4,5,28,1,38,0,0,90,3,93,4,5,118,4,131,140,2,142,273
10/14/2020,LYH,VA,AEA,EN,Federal Contract Tower,4,8,43,0,55,0,0,2,0,2,4,8,45,0,57,244,0,244,301
10/15/2020,LYH,VA,AEA,EN,Federal Contract Tower,6,4,38,0,48,0,0,90,0,90,6,4,128,0,138,114,0,114,252
10/16/2020,LYH,VA,AEA,EN,Federal Contract Tower,8,2,20,2,32,0,0,63,4,67,8,2,83,6,99,234,0,234,333
10/17/2020,LYH,VA,AEA,EN,Federal Contract Tower,10,0,8,0,18,0,0,78,10,88,10,0,86,10,106,126,0,126,232
10/18/2020,LYH,VA,AEA,EN,Federal Contract Tower,6,6,19,0,31,0,0,58,0,58,6,6,77,0,89,20,0,20,109
10/19/2020,LYH,VA,AEA,EN,Federal Contract Tower,7,7,29,2,45,0,2,145,0,147,7,9,174,2,192,324,0,324,516
10/20/2020,LYH,VA,AEA,EN,Federal Contract Tower,4,5,21,2,32,0,1,116,2,119,4,6,137,4,151,218,8,226,377
10/21/2020,LYH,VA,AEA,EN,Federal Contract Tower,5,7,29,0,41,0,0,148,2,150,5,7,177,2,191,340,0,340,531
10/22/2020,LYH,VA,AEA,EN,Federal Contract Tower,6,4,34,1,45,0,0,97,2,99,6,4,131,3,144,170,4,174,318
10/23/2020,LYH,VA,AEA,EN,Federal Contract Tower,8,1,35,0,44,0,0,121,4,125,8,1,156,4,169,258,0,258,427
10/24/2020,LYH,VA,AEA,EN,Federal Contract Tower,9,0,18,0,27,0,0,81,0,81,9,0,99,0,108,86,0,86,194
10/25/2020,LYH,VA,AEA,EN,Federal Contract Tower,6,4,12,0,22,0,0,0,0,0,6,4,12,0,22,0,0,0,22
10/26/2020,LYH,VA,AEA,EN,Federal Contract Tower,6,4,32,0,42,0,2,26,0,28,6,6,58,0,70,74,0,74,144
10/27/2020,LYH,VA,AEA,EN,Federal Contract Tower,5,1,55,0,61,0,0,40,0,40,5,1,95,0,101,62,0,62,163
10/28/2020,LYH,VA,AEA,EN,Federal Contract Tower,5,6,53,0,64,0,0,43,0,43,5,6,96,0,107,164,0,164,271
10/29/2020,LYH,VA,AEA,EN,Federal Contract Tower,6,4,5,0,15,0,0,5,0,5,6,4,10,0,20,10,0,10,30
10/30/2020,LYH,VA,AEA,EN,Federal Contract Tower,7,4,34,0,45,0,0,98,0,98,7,4,132,0,143,104,0,104,247
10/31/2020,LYH,VA,AEA,EN,Federal Contract Tower,6,0,35,0,41,0,0,130,0,130,6,0,165,0,171,204,0,204,375
11/01/2020,LYH,VA,AEA,EN,Federal Contract Tower,4,2,5,0,11,0,0,4,0,4,4,2,9,0,15,8,0,8,23
11/02/2020,LYH,VA,AEA,EN,Federal Contract Tower,9,5,18,0,32,0,4,81,2,87,9,9,99,2,119,148,0,148,267
11/03/2020,LYH,VA,AEA,EN,Federal Contract Tower,5,8,35,0,48,0,1,99,2,102,5,9,134,2,150,182,2,184,334
11/04/2020,LYH,VA,AEA,EN,Federal Contract Tower,3,6,29,10,48,0,3,148,13,164,3,9,177,23,212,278,36,314,526
11/05/2020,LYH,VA,AEA,EN,Federal Contract Tower,4,11,29,2,46,0,0,149,0,149,4,11,178,2,195,248,0,248,443
11/06/2020,LYH,VA,AEA,EN,Federal Contract Tower,4,12,31,0,47,0,0,173,0,173,4,12,204,0,220,312,0,312,532
11/07/2020,LYH,VA,AEA,EN,Federal Contract Tower,4,6,21,6,37,0,1,95,0,96,4,7,116,6,133,124,0,124,257
11/08/2020,LYH,VA,AEA,EN,Federal Contract Tower,4,11,18,0,33,0,2,32,0,34,4,13,50,0,67,28,0,28,95
11/09/2020,LYH,VA,AEA,EN,Federal Contract Tower,5,8,30,0,43,0,0,118,0,118,5,8,148,0,161,252,0,252,413
11/10/2020,LYH,VA,AEA,EN,Federal Contract Tower,1,10,29,9,49,0,2,84,0,86,1,12,113,9,135,228,2,230,365
11/11/2020,LYH,VA,AEA,EN,Federal Contract Tower,2,4,7,0,13,0,0,0,0,0,2,4,7,0,13,0,0,0,13
11/12/2020,LYH,VA,AEA,EN,Federal Contract Tower,4,6,22,0,32,0,0,3,0,3,4,6,25,0,35,20,0,20,55
11/13/2020,LYH,VA,AEA,EN,Federal Contract Tower,4,7,59,4,74,0,0,146,0,146,4,7,205,4,220,218,0,218,438
11/14/2020,LYH,VA,AEA,EN,Federal Contract Tower,4,9,19,0,32,0,0,117,0,117,4,9,136,0,149,152,0,152,301
11/15/2020,LYH,VA,AEA,EN,Federal Contract Tower,5,8,7,0,20,0,0,1,0,1,5,8,8,0,21,0,0,0,21
11/16/2020,LYH,VA,AEA,EN,Federal Contract Tower,4,9,31,0,44,0,2,103,0,105,4,11,134,0,149,252,0,252,401
11/17/2020,LYH,VA,AEA,EN,Federal Contract Tower,2,9,18,0,29,0,4,33,0,37,2,13,51,0,66,42,0,42,108
11/18/2020,LYH,VA,AEA,EN,Federal Contract Tower,2,7,35,1,45,0,0,173,8,181,2,7,208,9,226,366,0,366,592
11/19/2020,LYH,VA,AEA,EN,Federal Contract Tower,4,7,27,0,38,0,0,127,0,127,4,7,154,0,165,232,0,232,397
11/20/2020,LYH,VA,AEA,EN,Federal Contract Tower,4,5,27,5,41,0,2,130,1,133,4,7,157,6,174,226,0,226,400
11/21/2020,LYH,VA,AEA,EN,Federal Contract Tower,4,6,20,2,32,0,0,119,4,123,4,6,139,6,155,164,0,164,319
11/22/2020,LYH,VA,AEA,EN,Federal Contract Tower,4,8,14,0,26,0,0,38,0,38,4,8,52,0,64,60,0,60,124
11/23/2020,LYH,VA,AEA,EN,Federal Contract Tower,2,6,18,0,26,0,2,88,2,92,2,8,106,2,118,226,0,226,344
11/24/2020,LYH,VA,AEA,EN,Federal Contract Tower,4,8,28,2,42,0,2,137,0,139,4,10,165,2,181,238,0,238,419
11/25/2020,LYH,VA,AEA,EN,Federal Contract Tower,4,11,26,0,41,0,0,67,0,67,4,11,93,0,108,190,0,190,298
11/26/2020,LYH,VA,AEA,EN,Federal Contract Tower,1,2,1,0,4,0,0,5,0,5,1,2,6,0,9,0,0,0,9
11/27/2020,LYH,VA,AEA,EN,Federal Contract Tower,5,4,6,0,15,0,0,42,0,42,5,4,48,0,57,14,0,14,71
11/28/2020,LYH,VA,AEA,EN,Federal Contract Tower,5,6,7,0,18,0,0,44,4,48,5,6,51,4,66,46,0,46,112
11/29/2020,LYH,VA,AEA,EN,Federal Contract Tower,4,13,17,0,34,0,2,16,5,23,4,15,33,5,57,16,0,16,73
11/30/2020,LYH,VA,AEA,EN,Federal Contract Tower,4,8,6,0,18,0,3,13,0,16,4,11,19,0,34,8,0,8,42
12/01/2020,LYH,VA,AEA,EN,Federal Contract Tower,6,17,6,4,33,0,4,38,0,42,6,21,44,4,75,60,6,66,141
12/02/2020,LYH,VA,AEA,EN,Federal Contract Tower,2,9,17,0,28,0,0,138,2,140,2,9,155,2,168,280,34,314,482
12/03/2020,LYH,VA,AEA,EN,Federal Contract Tower,2,9,38,0,49,0,2,158,2,162,2,11,196,2,211,338,0,338,549
12/04/2020,LYH,VA,AEA,EN,Federal Contract Tower,4,9,8,0,21,0,1,80,0,81,4,10,88,0,102,250,0,250,352
12/05/2020,LYH,VA,AEA,EN,Federal Contract Tower,4,7,10,0,21,0,0,47,4,51,4,7,57,4,72,52,0,52,124
12/06/2020,LYH,VA,AEA,EN,Federal Contract Tower,3,12,11,0,26,0,2,30,3,35,3,14,41,3,61,40,0,40,101
12/07/2020,LYH,VA,AEA,EN,Federal Contract Tower,2,12,3,0,17,0,0,12,0,12,2,12,15,0,29,70,0,70,99
12/08/2020,LYH,VA,AEA,EN,Federal Contract Tower,2,8,21,0,31,0,1,143,0,144,2,9,164,0,175,278,0,278,453
12/10/2020,LYH,VA,AEA,EN,Federal Contract Tower,3,10,36,2,51,0,0,145,3,148,3,10,181,5,199,252,0,252,451
12/11/2020,LYH,VA,AEA,EN,Federal Contract Tower,2,11,29,2,44,0,0,106,0,106,2,11,135,2,150,210,0,210,360
12/12/2020,LYH,VA,AEA,EN,Federal Contract Tower,1,4,16,0,21,0,2,64,0,66,1,6,80,0,87,134,0,134,221
12/13/2020,LYH,VA,AEA,EN,Federal Contract Tower,2,10,15,0,27,0,0,30,0,30,2,10,45,0,57,22,0,22,79
12/14/2020,LYH,VA,AEA,EN,Federal Contract Tower,2,11,9,0,22,0,1,9,0,10,2,12,18,0,32,30,0,30,62
12/15/2020,LYH,VA,AEA,EN,Federal Contract Tower,2,6,44,3,55,0,0,138,2,140,2,6,182,5,195,232,0,232,427
12/16/2020,LYH,VA,AEA,EN,Federal Contract Tower,2,3,0,0,5,0,0,0,0,0,2,3,0,0,5,0,0,0,5
12/17/2020,LYH,VA,AEA,EN,Federal Contract Tower,0,10,12,0,22,0,0,15,0,15,0,10,27,0,37,34,0,34,71
12/18/2020,LYH,VA,AEA,EN,Federal Contract Tower,0,8,33,0,41,0,0,125,0,125,0,8,158,0,166,180,0,180,346
12/19/2020,LYH,VA,AEA,EN,Federal Contract Tower,0,8,20,0,28,0,0,93,0,93,0,8,113,0,121,86,0,86,207
12/20/2020,LYH,VA,AEA,EN,Federal Contract Tower,0,10,3,0,13,0,0,0,0,0,0,10,3,0,13,0,0,0,13
12/21/2020,LYH,VA,AEA,EN,Federal Contract Tower,0,11,25,2,38,0,2,67,1,70,0,13,92,3,108,166,0,166,274
12/22/2020,LYH,VA,AEA,EN,Federal Contract Tower,0,11,20,0,31,0,4,53,0,57,0,15,73,0,88,108,0,108,196
12/23/2020,LYH,VA,AEA,EN,Federal Contract Tower,0,12,10,0,22,0,3,65,0,68,0,15,75,0,90,142,0,142,232
12/24/2020,LYH,VA,AEA,EN,Federal Contract Tower,0,8,1,0,9,0,0,0,0,0,0,8,1,0,9,0,0,0,9
12/25/2020,LYH,VA,AEA,EN,Federal Contract Tower,2,5,4,0,11,0,0,4,0,4,2,5,8,0,15,0,0,0,15
12/26/2020,LYH,VA,AEA,EN,Federal Contract Tower,0,10,11,0,21,0,1,50,0,51,0,11,61,0,72,2,0,2,74
12/27/2020,LYH,VA,AEA,EN,Federal Contract Tower,0,8,11,0,19,0,0,27,0,27,0,8,38,0,46,42,0,42,88
12/28/2020,LYH,VA,AEA,EN,Federal Contract Tower,0,11,5,0,16,0,0,25,0,25,0,11,30,0,41,16,0,16,57
12/29/2020,LYH,VA,AEA,EN,Federal Contract Tower,0,20,10,0,30,0,0,63,2,65,0,20,73,2,95,54,0,54,149
12/30/2020,LYH,VA,AEA,EN,Federal Contract Tower,0,10,17,3,30,0,3,42,0,45,0,13,59,3,75,80,0,80,155
12/31/2020,LYH,VA,AEA,EN,Federal Contract Tower,0,10,11,0,21,0,2,21,0,23,0,12,32,0,44,48,0,48,92
01/01/2021,LYH,VA,AEA,EN,Federal Contract Tower,0,4,0,0,4,0,0,0,0,0,0,4,0,0,4,0,0,0,4
01/02/2021,LYH,VA,AEA,EN,Federal Contract Tower,0,11,10,0,21,0,0,31,0,31,0,11,41,0,52,60,0,60,112
01/03/2021,LYH,VA,AEA,EN,Federal Contract Tower,0,10,17,0,27,0,0,2,0,2,0,10,19,0,29,0,0,0,29
01/04/2021,LYH,VA,AEA,EN,Federal Contract Tower,0,8,19,2,29,0,0,71,0,71,0,8,90,2,100,144,0,144,244
01/05/2021,LYH,VA,AEA,EN,Federal Contract Tower,0,8,25,2,35,0,0,80,0,80,0,8,105,2,115,156,0,156,271
01/06/2021,LYH,VA,AEA,EN,Federal Contract Tower,0,7,46,0,53,0,1,108,0,109,0,8,154,0,162,228,0,228,390
01/07/2021,LYH,VA,AEA,EN,Federal Contract Tower,0,10,19,5,34,0,0,98,2,100,0,10,117,7,134,180,8,188,322
01/08/2021,LYH,VA,AEA,EN,Federal Contract Tower,0,11,10,0,21,0,2,31,0,33,0,13,41,0,54,70,0,70,124
01/09/2021,LYH,VA,AEA,EN,Federal Contract Tower,0,7,18,0,25,0,0,42,0,42,0,7,60,0,67,50,0,50,117
01/10/2021,LYH,VA,AEA,EN,Federal Contract Tower,0,14,4,0,18,0,0,34,0,34,0,14,38,0,52,60,0,60,112
01/11/2021,LYH,VA,AEA,EN,Federal Contract Tower,0,9,1,2,12,0,4,21,0,25,0,13,22,2,37,104,0,104,141
01/12/2021,LYH,VA,AEA,EN,Federal Contract Tower,0,8,17,5,30,0,4,100,4,108,0,12,117,9,138,182,18,200,338
01/13/2021,LYH,VA,AEA,EN,Federal Contract Tower,0,7,25,0,32,0,2,103,2,107,0,9,128,2,139,176,0,176,315
01/14/2021,LYH,VA,AEA,EN,Federal Contract Tower,0,11,21,0,32,0,4,116,0,120,0,15,137,0,152,256,0,256,408
01/15/2021,LYH,VA,AEA,EN,Federal Contract Tower,0,10,4,3,17,0,0,9,1,10,0,10,13,4,27,14,22,36,63
01/16/2021,LYH,VA,AEA,EN,Federal Contract Tower,0,9,3,0,12,0,2,6,0,8,0,11,9,0,20,2,0,2,22
01/17/2021,LYH,VA,AEA,EN,Federal Contract Tower,0,14,11,0,25,0,1,33,0,34,0,15,44,0,59,54,0,54,113
01/18/2021,LYH,VA,AEA,EN,Federal Contract Tower,0,15,11,0,26,0,0,38,0,38,0,15,49,0,64,52,0,52,116
01/19/2021,LYH,VA,AEA,EN,Federal Contract Tower,0,6,19,4,29,0,0,100,0,100,0,6,119,4,129,126,4,130,259
01/20/2021,LYH,VA,AEA,EN,Federal Contract Tower,0,8,18,0,26,0,0,52,0,52,0,8,70,0,78,46,0,46,124
01/21/2021,LYH,VA,AEA,EN,Federal Contract Tower,0,9,21,2,32,0,1,88,4,93,0,10,109,6,125,160,18,178,303
01/22/2021,LYH,VA,AEA,EN,Federal Contract Tower,0,11,27,2,40,0,0,64,3,67,0,11,91,5,107,44,0,44,151
01/23/2021,LYH,VA,AEA,EN,Federal Contract Tower,0,6,12,9,27,0,2,62,0,64,0,8,74,9,91,110,4,114,205
01/24/2021,LYH,VA,AEA,EN,Federal Contract Tower,0,11,9,2,22,0,0,38,0,38,0,11,47,2,60,60,0,60,120
01/25/2021,LYH,VA,AEA,EN,Federal Contract Tower,0,11,2,0,13,0,0,11,0,11,0,11,13,0,24,12,0,12,36
01/27/2021,LYH,VA,AEA,EN,Federal Contract Tower,0,10,33,4,47,0,0,150,0,150,0,10,183,4,197,312,0,312,509
01/28/2021,LYH,VA,AEA,EN,Federal Contract Tower,0,10,37,0,47,0,0,77,0,77,0,10,114,0,124,80,0,80,204
01/29/2021,LYH,VA,AEA,EN,Federal Contract Tower,0,11,54,0,65,0,0,153,2,155,0,11,207,2,220,214,0,214,434
01/30/2021,LYH,VA,AEA,EN,Federal Contract Tower,0,9,27,4,40,0,0,148,0,148,0,9,175,4,188,102,0,102,290
01/31/2021,LYH,VA,AEA,EN,Federal Contract Tower,0,10,1,0,11,0,0,0,0,0,0,10,1,0,11,0,0,0,11
02/01/2021,LYH,VA,AEA,EN,Federal Contract Tower,0,12,0,2,14,0,0,3,0,3,0,12,3,2,17,0,20,20,37
02/02/2021,LYH,VA,AEA,EN,Federal Contract Tower,0,6,7,0,13,0,0,42,0,42,0,6,49,0,55,46,0,46,101
02/03/2021,LYH,VA,AEA,EN,Federal Contract Tower,0,6,25,4,35,0,1,104,2,107,0,7,129,6,142,218,2,220,362
02/04/2021,LYH,VA,AEA,EN,Federal Contract Tower,0,10,18,1,29,0,3,154,0,157,0,13,172,1,186,308,0,308,494
02/05/2021,LYH,VA,AEA,EN,Federal Contract Tower,0,14,31,4,49,0,0,67,0,67,0,14,98,4,116,114,2,116,232
02/06/2021,LYH,VA,AEA,EN,Federal Contract Tower,0,7,17,0,24,0,2,73,0,75,0,9,90,0,99,122,0,122,221
02/07/2021,LYH,VA,AEA,EN,Federal Contract Tower,0,12,8,0,20,0,0,3,0,3,0,12,11,0,23,0,0,0,23
02/08/2021,LYH,VA,AEA,EN,Federal Contract Tower,0,11,36,0,47,0,6,135,0,141,0,17,171,0,188,296,0,296,484
02/09/2021,LYH,VA,AEA,EN,Federal Contract Tower,0,7,55,2,64,0,0,118,2,120,0,7,173,4,184,316,0,316,500
02/10/2021,LYH,VA,AEA,EN,Federal Contract Tower,0,9,18,0,27,0,0,76,0,76,0,9,94,0,103,238,0,238,341
02/11/2021,LYH,VA,AEA,EN,Federal Contract Tower,0,12,3,0,15,0,0,0,0,0,0,12,3,0,15,0,0,0,15
02/12/2021,LYH,VA,AEA,EN,Federal Contract Tower,0,13,6,0,19,0,0,0,0,0,0,13,6,0,19,0,0,0,19
02/13/2021,LYH,VA,AEA,EN,Federal Contract Tower,0,6,1,0,7,0,0,0,0,0,0,6,1,0,7,0,0,0,7
02/14/2021,LYH,VA,AEA,EN,Federal Contract Tower,0,17,2,0,19,0,0,0,0,0,0,17,2,0,19,0,0,0,19
02/15/2021,LYH,VA,AEA,EN,Federal Contract Tower,0,15,4,0,19,0,0,0,0,0,0,15,4,0,19,0,0,0,19
02/16/2021,LYH,VA,AEA,EN,Federal Contract Tower,0,8,23,2,33,0,3,26,0,29,0,11,49,2,62,48,2,50,112
02/17/2021,LYH,VA,AEA,EN,Federal Contract Tower,0,10,71,0,81,0,0,188,0,188,0,10,259,0,269,450,0,450,719
02/18/2021,LYH,VA,AEA,EN,Federal Contract Tower,0,5,0,0,5,0,0,0,0,0,0,5,0,0,5,0,0,0,5
02/19/2021,LYH,VA,AEA,EN,Federal Contract Tower,0,10,7,0,17,0,0,4,0,4,0,10,11,0,21,10,0,10,31
02/20/2021,LYH,VA,AEA,EN,Federal Contract Tower,0,6,41,1,48,0,0,125,2,127,0,6,166,3,175,246,0,246,421
02/21/2021,LYH,VA,AEA,EN,Federal Contract Tower,0,12,11,4,27,0,4,45,0,49,0,16,56,4,76,88,0,88,164
02/22/2021,LYH,VA,AEA,EN,Federal Contract Tower,0,10,13,0,23,0,0,19,0,19,0,10,32,0,42,64,0,64,106
02/23/2021,LYH,VA,AEA,EN,Federal Contract Tower,0,7,20,0,27,0,0,70,0,70,0,7,90,0,97,144,0,144,241
02/24/2021,LYH,VA,AEA,EN,Federal Contract Tower,0,11,53,8,72,0,1,132,0,133,0,12,185,8,205,354,0,354,559
02/25/2021,LYH,VA,AEA,EN,Federal Contract Tower,0,10,65,0,75,0,0,173,0,173,0,10,238,0,248,400,0,400,648
02/26/2021,LYH,VA,AEA,EN,Federal Contract Tower,0,10,14,4,28,0,1,21,2,24,0,11,35,6,52,32,4,36,88
02/27/2021,LYH,VA,AEA,EN,Federal Contract Tower,0,7,11,0,18,0,0,6,0,6,0,7,17,0,24,8,0,8,32
02/28/2021,LYH,VA,AEA,EN,Federal Contract Tower,0,7,0,0,7,0,0,0,0,0,0,7,0,0,7,0,0,0,7
03/01/2021,LYH,VA,AEA,EN,Federal Contract Tower,0,9,15,0,24,0,0,35,0,35,0,9,50,0,59,52,0,52,111
03/02/2021,LYH,VA,AEA,EN,Federal Contract Tower,0,7,40,0,47,0,0,185,1,186,0,7,225,1,233,388,0,388,621
03/03/2021,LYH,VA,AEA,EN,Federal Contract Tower,0,9,49,1,59,0,5,191,11,207,0,14,240,12,266,396,10,406,672
03/04/2021,LYH,VA,AEA,EN,Federal Contract Tower,0,10,27,0,37,0,1,90,2,93,0,11,117,2,130,214,0,214,344
03/05/2021,LYH,VA,AEA,EN,Federal Contract Tower,0,13,19,0,32,0,1,111,0,112,0,14,130,0,144,266,0,266,410
03/06/2021,LYH,VA,AEA,EN,Federal Contract Tower,0,15,23,0,38,0,0,101,12,113,0,15,124,12,151,212,0,212,363
03/07/2021,LYH,VA,AEA,EN,Federal Contract Tower,0,13,15,0,28,0,1,53,0,54,0,14,68,0,82,30,0,30,112
03/08/2021,LYH,VA,AEA,EN,Federal Contract Tower,0,13,21,2,36,0,4,149,0,153,0,17,170,2,189,242,0,242,431
03/09/2021,LYH,VA,AEA,EN,Federal Contract Tower,0,10,40,2,52,0,0,188,0,188,0,10,228,2,240,418,12,430,670
03/10/2021,LYH,VA,AEA,EN,Federal Contract Tower,0,11,42,1,54,0,4,162,5,171,0,15,204,6,225,290,0,290,515
03/11/2021,LYH,VA,AEA,EN,Federal Contract Tower,0,15,35,4,54,0,0,107,0,107,0,15,142,4,161,226,2,228,389
03/12/2021,LYH,VA,AEA,EN,Federal Contract Tower,0,15,31,0,46,0,0,130,0,130,0,15,161,0,176,244,0,244,420
03/13/2021,LYH,VA,AEA,EN,Federal Contract Tower,2,13,25,0,40,0,1,74,0,75,2,14,99,0,115,88,0,88,203
03/14/2021,LYH,VA,AEA,EN,Federal Contract Tower,0,18,17,4,39,0,0,26,0,26,0,18,43,4,65,22,0,22,87
03/15/2021,LYH,VA,AEA,EN,Federal Contract Tower,0,12,18,6,36,0,4,98,4,106,0,16,116,10,142,150,18,168,310
03/16/2021,LYH,VA,AEA,EN,Federal Contract Tower,0,10,6,0,16,0,0,0,0,0,0,10,6,0,16,0,0,0,16
03/17/2021,LYH,VA,AEA,EN,Federal Contract Tower,0,14,32,0,46,0,0,11,0,11,0,14,43,0,57,74,0,74,131
03/18/2021,LYH,VA,AEA,EN,Federal Contract Tower,0,12,7,0,19,0,0,0,0,0,0,12,7,0,19,0,0,0,19
03/20/2021,LYH,VA,AEA,EN,Federal Contract Tower,0,14,32,1,47,0,0,104,1,105,0,14,136,2,152,242,0,242,394
03/21/2021,LYH,VA,AEA,EN,Federal Contract Tower,0,14,17,2,33,0,4,38,0,42,0,18,55,2,75,42,0,42,117
03/22/2021,LYH,VA,AEA,EN,Federal Contract Tower,0,13,38,3,54,0,4,171,13,188,0,17,209,16,242,442,24,466,708
03/23/2021,LYH,VA,AEA,EN,Federal Contract Tower,0,10,74,0,84,0,0,29,0,29,0,10,103,0,113,80,0,80,193
03/24/2021,LYH,VA,AEA,EN,Federal Contract Tower,0,11,45,6,62,0,0,10,0,10,0,11,55,6,72,90,0,90,162
03/25/2021,LYH,VA,AEA,EN,Federal Contract Tower,0,18,38,0,56,0,0,28,0,28,0,18,66,0,84,90,0,90,174
03/26/2021,LYH,VA,AEA,EN,Federal Contract Tower,0,19,31,8,58,0,3,67,2,72,0,22,98,10,130,168,0,168,298
03/27/2021,LYH,VA,AEA,EN,Federal Contract Tower,0,18,17,0,35,0,3,83,2,88,0,21,100,2,123,144,0,144,267
03/28/2021,LYH,VA,AEA,EN,Federal Contract Tower,0,14,5,0,19,0,0,0,0,0,0,14,5,0,19,0,0,0,19
03/29/2021,LYH,VA,AEA,EN,Federal Contract Tower,0,13,40,0,53,0,1,161,4,166,0,14,201,4,219,380,16,396,615
03/30/2021,LYH,VA,AEA,EN,Federal Contract Tower,0,12,31,2,45,0,0,179,0,179,0,12,210,2,224,350,0,350,574
03/31/2021,LYH,VA,AEA,EN,Federal Contract Tower,0,13,18,0,31,0,0,2,1,3,0,13,20,1,34,20,0,20,54
04/01/2021,LYH,VA,AEA,EN,Federal Contract Tower,0,15,40,4,59,0,0,66,0,66,0,15,106,4,125,122,18,140,265
04/02/2021,LYH,VA,AEA,EN,Federal Contract Tower,0,10,23,6,39,0,0,43,0,43,0,10,66,6,82,26,0,26,108
04/03/2021,LYH,VA,AEA,EN,Federal Contract Tower,0,12,11,0,23,0,0,46,0,46,0,12,57,0,69,66,0,66,135
04/04/2021,LYH,VA,AEA,EN,Federal Contract Tower,0,9,15,0,24,0,0,10,0,10,0,9,25,0,34,20,0,20,54
04/05/2021,LYH,VA,AEA,EN,Federal Contract Tower,0,16,16,0,32,0,4,38,2,44,0,20,54,2,76,42,24,66,142
04/06/2021,LYH,VA,AEA,EN,Federal Contract Tower,0,14,35,2,51,0,0,157,0,157,0,14,192,2,208,338,2,340,548
04/07/2021,LYH,VA,AEA,EN,Federal Contract Tower,0,13,51,0,64,0,0,204,4,208,0,13,255,4,272,386,2,388,660
04/08/2021,LYH,VA,AEA,EN,Federal Contract Tower,0,14,21,4,39,0,0,93,4,97,0,14,114,8,136,162,0,162,298
04/09/2021,LYH,VA,AEA,EN,Federal Contract Tower,0,13,24,0,37,0,0,10,0,10,0,13,34,0,47,74,0,74,121
04/10/2021,LYH,VA,AEA,EN,Federal Contract Tower,0,10,8,0,18,0,1,7,0,8,0,11,15,0,26,8,0,8,34
04/11/2021,LYH,VA,AEA,EN,Federal Contract Tower,0,12,13,0,25,0,2,14,0,16,0,14,27,0,41,0,0,0,41
04/12/2021,LYH,VA,AEA,EN,Federal Contract Tower,0,18,32,14,64,0,0,158,8,166,0,18,190,22,230,224,38,262,492
04/13/2021,LYH,VA,AEA,EN,Federal Contract Tower,0,13,67,4,84,0,0,178,0,178,0,13,245,4,262,326,2,328,590
04/14/2021,LYH,VA,AEA,EN,Federal Contract Tower,0,21,34,0,55,0,0,116,2,118,0,21,150,2,173,248,0,248,421
04/15/2021,LYH,VA,AEA,EN,Federal Contract Tower,0,16,38,0,54,0,0,112,0,112,0,16,150,0,166,262,0,262,428
04/16/2021,LYH,VA,AEA,EN,Federal Contract Tower,0,11,32,5,48,0,0,105,2,107,0,11,137,7,155,214,0,214,369
04/17/2021,LYH,VA,AEA,EN,Federal Contract Tower,0,12,9,6,27,0,0,69,0,69,0,12,78,6,96,104,0,104,200
04/18/2021,LYH,VA,AEA,EN,Federal Contract Tower,0,11,22,3,36,0,2,48,0,50,0,13,70,3,86,36,0,36,122
04/19/2021,LYH,VA,AEA,EN,Federal Contract Tower,0,16,25,1,42,0,0,102,1,103,0,16,127,2,145,278,0,278,423
04/20/2021,LYH,VA,AEA,EN,Federal Contract Tower,0,16,28,0,44,0,0,1,0,1,0,16,29,0,45,294,0,294,339
04/21/2021,LYH,VA,AEA,EN,Federal Contract Tower,0,25,10,0,35,0,5,28,0,33,0,30,38,0,68,46,0,46,114
04/22/2021,LYH,VA,AEA,EN,Federal Contract Tower,0,18,19,0,37,0,0,79,8,87,0,18,98,8,124,100,0,100,224
04/23/2021,LYH,VA,AEA,EN,Federal Contract Tower,0,14,48,0,62,0,3,182,0,185,0,17,230,0,247,266,0,266,513
04/24/2021,LYH,VA,AEA,EN,Federal Contract Tower,0,15,10,0,25,0,0,35,0,35,0,15,45,0,60,48,0,48,108
04/25/2021,LYH,VA,AEA,EN,Federal Contract Tower,0,13,17,0,30,0,2,24,0,26,0,15,41,0,56,12,0,12,68
04/26/2021,LYH,VA,AEA,EN,Federal Contract Tower,0,11,33,8,52,0,2,152,1,155,0,13,185,9,207,406,0,406,613
04/27/2021,LYH,VA,AEA,EN,Federal Contract Tower,0,12,40,0,52,0,1,147,0,148,0,13,187,0,200,300,0,300,500
04/28/2021,LYH,VA,AEA,EN,Federal Contract Tower,0,14,37,1,52,0,0,162,1,163,0,14,199,2,215,344,0,344,559
04/29/2021,LYH,VA,AEA,EN,Federal Contract Tower,0,15,23,18,56,0,0,75,6,81,0,15,98,24,137,214,20,234,371
04/30/2021,LYH,VA,AEA,EN,Federal Contract Tower,0,11,10,0,21,0,0,18,0,18,0,11,28,0,39,2,0,2,41
05/01/2021,LYH,VA,AEA,EN,Federal Contract Tower,0,16,25,4,45,0,3,108,0,111,0,19,133,4,156,250,0,250,406
05/02/2021,LYH,VA,AEA,EN,Federal Contract Tower,0,11,23,0,34,0,2,38,2,42,0,13,61,2,76,40,0,40,116
05/03/2021,LYH,VA,AEA,EN,Federal Contract Tower,0,10,12,0,22,0,0,10,0,10,0,10,22,0,32,32,0,32,64
05/04/2021,LYH,VA,AEA,EN,Federal Contract Tower,0,9,25,0,34,0,0,61,0,61,0,9,86,0,95,188,0,188,283
05/05/2021,LYH,VA,AEA,EN,Federal Contract Tower,0,12,12,4,28,0,0,71,2,73,0,12,83,6,101,112,0,112,213
05/06/2021,LYH,VA,AEA,EN,Federal Contract Tower,0,11,42,0,53,0,0,192,2,194,0,11,234,2,247,246,10,256,503
05/07/2021,LYH,VA,AEA,EN,Federal Contract Tower,0,11,21,0,32,0,0,78,0,78,0,11,99,0,110,146,0,146,256
05/08/2021,LYH,VA,AEA,EN,Federal Contract Tower,0,12,20,0,32,0,0,48,0,48,0,12,68,0,80,40,0,40,120
05/09/2021,LYH,VA,AEA,EN,Federal Contract Tower,0,11,14,0,25,0,2,30,0,32,0,13,44,0,57,2,0,2,59
05/10/2021,LYH,VA,AEA,EN,Federal Contract Tower,0,17,26,4,47,0,2,138,0,140,0,19,164,4,187,328,2,330,517
05/11/2021,LYH,VA,AEA,EN,Federal Contract Tower,0,12,28,2,42,0,2,173,0,175,0,14,201,2,217,286,16,302,519
05/12/2021,LYH,VA,AEA,EN,Federal Contract Tower,1,17,23,4,45,0,0,114,4,118,1,17,137,8,163,222,24,246,409
05/13/2021,LYH,VA,AEA,EN,Federal Contract Tower,0,12,21,0,33,0,0,57,0,57,0,12,78,0,90,38,0,38,128
05/14/2021,LYH,VA,AEA,EN,Federal Contract Tower,0,11,20,2,33,0,0,77,2,79,0,11,97,4,112,96,2,98,210
05/15/2021,LYH,VA,AEA,EN,Federal Contract Tower,0,17,23,0,40,0,2,60,0,62,0,19,83,0,102,106,0,106,208
05/16/2021,LYH,VA,AEA,EN,Federal Contract Tower,0,13,9,0,22,0,4,9,2,15,0,17,18,2,37,0,0,0,37
05/17/2021,LYH,VA,AEA,EN,Federal Contract Tower,0,15,25,0,40,0,0,126,0,126,0,15,151,0,166,348,0,348,514
05/18/2021,LYH,VA,AEA,EN,Federal Contract Tower,0,14,37,0,51,0,4,141,0,145,0,18,178,0,196,306,0,306,502
05/19/2021,LYH,VA,AEA,EN,Federal Contract Tower,0,17,41,1,59,0,0,151,1,152,0,17,192,2,211,234,2,236,447
05/20/2021,LYH,VA,AEA,EN,Federal Contract Tower,0,16,20,0,36,0,0,133,0,133,0,16,153,0,169,240,0,240,409
05/21/2021,LYH,VA,AEA,EN,Federal Contract Tower,0,15,28,0,43,0,0,146,0,146,0,15,174,0,189,302,0,302,491
05/22/2021,LYH,VA,AEA,EN,Federal Contract Tower,0,14,12,0,26,0,1,70,2,73,0,15,82,2,99,122,0,122,221
05/23/2021,LYH,VA,AEA,EN,Federal Contract Tower,0,12,19,0,31,0,2,42,0,44,0,14,61,0,75,10,0,10,85
05/24/2021,LYH,VA,AEA,EN,Federal Contract Tower,0,12,13,0,25,0,4,92,0,96,0,16,105,0,121,286,0,286,407
05/25/2021,LYH,VA,AEA,EN,Federal Contract Tower,0,15,27,2,44,0,0,89,0,89,0,15,116,2,133,312,0,312,445
05/26/2021,LYH,VA,AEA,EN,Federal Contract Tower,0,14,34,0,48,0,0,111,0,111,0,14,145,0,159,208,0,208,367
05/27/2021,LYH,VA,AEA,EN,Federal Contract Tower,0,11,39,0,50,0,4,155,1,160,0,15,194,1,210,246,0,246,456
05/28/2021,LYH,VA,AEA,EN,Federal Contract Tower,0,13,34,0,47,0,0,71,0,71,0,13,105,0,118,136,0,136,254
05/29/2021,LYH,VA,AEA,EN,Federal Contract Tower,0,13,9,0,22,0,0,0,0,0,0,13,9,0,22,0,0,0,22
05/30/2021,LYH,VA,AEA,EN,Federal Contract Tower,0,11,10,0,21,0,0,5,0,5,0,11,15,0,26,32,0,32,58
05/31/2021,LYH,VA,AEA,EN,Federal Contract Tower,0,14,13,4,31,0,1,71,1,73,0,15,84,5,104,66,0,66,170
06/01/2021,LYH,VA,AEA,EN,Federal Contract Tower,0,11,19,1,31,0,0,162,0,162,0,11,181,1,193,354,0,354,547
06/02/2021,LYH,VA,AEA,EN,Federal Contract Tower,0,14,43,0,57,0,0,110,2,112,0,14,153,2,169,252,6,258,427
06/03/2021,LYH,VA,AEA,EN,Federal Contract Tower,0,11,15,0,26,0,0,21,0,21,0,11,36,0,47,126,0,126,173
06/04/2021,LYH,VA,AEA,EN,Federal Contract Tower,0,11,47,3,61,0,0,115,1,116,0,11,162,4,177,346,8,354,531
06/05/2021,LYH,VA,AEA,EN,Federal Contract Tower,0,7,18,0,25,0,0,82,0,82,0,7,100,0,107,162,0,162,269
06/06/2021,LYH,VA,AEA,EN,Federal Contract Tower,0,12,10,0,22,0,2,24,0,26,0,14,34,0,48,28,0,28,76
06/07/2021,LYH,VA,AEA,EN,Federal Contract Tower,0,7,27,0,34,0,2,46,0,48,0,9,73,0,82,160,0,160,242
06/08/2021,LYH,VA,AEA,EN,Federal Contract Tower,0,10,32,0,42,0,0,49,2,51,0,10,81,2,93,144,0,144,237
06/09/2021,LYH,VA,AEA,EN,Federal Contract Tower,0,8,24,0,32,0,6,77,0,83,0,14,101,0,115,184,0,184,299
06/10/2021,LYH,VA,AEA,EN,Federal Contract Tower,0,12,14,0,26,0,0,9,0,9,0,12,23,0,35,62,0,62,97
06/11/2021,LYH,VA,AEA,EN,Federal Contract Tower,0,9,19,1,29,0,0,4,0,4,0,9,23,1,33,30,0,30,63
06/12/2021,LYH,VA,AEA,EN,Federal Contract Tower,0,7,17,0,24,0,0,6,0,6,0,7,23,0,30,40,0,40,70
06/13/2021,LYH,VA,AEA,EN,Federal Contract Tower,0,11,12,0,23,0,0,22,0,22,0,11,34,0,45,44,0,44,89
06/14/2021,LYH,VA,AEA,EN,Federal Contract Tower,0,8,51,0,59,0,0,132,0,132,0,8,183,0,191,298,0,298,489
06/15/2021,LYH,VA,AEA,EN,Federal Contract Tower,0,9,35,4,48,0,1,114,4,119,0,10,149,8,167,330,0,330,497
06/16/2021,LYH,VA,AEA,EN,Federal Contract Tower,0,8,29,2,39,0,1,143,0,144,0,9,172,2,183,300,16,316,499
06/17/2021,LYH,VA,AEA,EN,Federal Contract Tower,0,10,25,0,35,0,0,120,0,120,0,10,145,0,155,224,0,224,379
06/18/2021,LYH,VA,AEA,EN,Federal Contract Tower,0,8,33,0,41,0,0,150,0,150,0,8,183,0,191,222,0,222,413
06/19/2021,LYH,VA,AEA,EN,Federal Contract Tower,0,9,20,0,29,0,0,52,0,52,0,9,72,0,81,104,0,104,185
06/21/2021,LYH,VA,AEA,EN,Federal Contract Tower,0,10,19,3,32,0,1,88,6,95,0,11,107,9,127,274,0,274,401
06/22/2021,LYH,VA,AEA,EN,Federal Contract Tower,0,10,13,2,25,0,0,54,2,56,0,10,67,4,81,212,50,262,343
06/23/2021,LYH,VA,AEA,EN,Federal Contract Tower,0,11,33,2,46,0,0,125,6,131,0,11,158,8,177,364,4,368,545
06/24/2021,LYH,VA,AEA,EN,Federal Contract Tower,0,10,28,2,40,0,4,109,0,113,0,14,137,2,153,180,0,180,333
06/25/2021,LYH,VA,AEA,EN,Federal Contract Tower,0,12,36,4,52,0,0,108,10,118,0,12,144,14,170,206,6,212,382
06/26/2021,LYH,VA,AEA,EN,Federal Contract Tower,0,9,9,1,19,0,0,26,2,28,0,9,35,3,47,24,14,38,85
06/27/2021,LYH,VA,AEA,EN,Federal Contract Tower,0,15,31,0,46,0,0,27,0,27,0,15,58,0,73,28,0,28,101
06/28/2021,LYH,VA,AEA,EN,Federal Contract Tower,0,9,15,0,24,0,0,93,4,97,0,9,108,4,121,290,0,290,411
06/29/2021,LYH,VA,AEA,EN,Federal Contract Tower,0,12,43,4,59,0,3,117,0,120,0,15,160,4,179,300,0,300,479
06/30/2021,LYH,VA,AEA,EN,Federal Contract Tower,0,10,24,3,37,0,0,117,0,117,0,10,141,3,154,256,0,256,410
07/01/2021,LYH,VA,AEA,EN,Federal Contract Tower,0,11,27,2,40,0,1,46,0,47,0,12,73,2,87,74,2,76,163
07/02/2021,LYH,VA,AEA,EN,Federal Contract Tower,0,12,22,0,34,0,0,60,0,60,0,12,82,0,94,180,0,180,274
07/03/2021,LYH,VA,AEA,EN,Federal Contract Tower,0,9,8,0,17,0,1,48,0,49,0,10,56,0,66,8,0,8,74
07/04/2021,LYH,VA,AEA,EN,Federal Contract Tower,0,6,3,0,9,0,0,27,0,27,0,6,30,0,36,20,0,20,56
07/05/2021,LYH,VA,AEA,EN,Federal Contract Tower,0,9,10,0,19,0,6,38,0,44,0,15,48,0,63,14,0,14,77
07/06/2021,LYH,VA,AEA,EN,Federal Contract Tower,0,11,23,2,36,0,96,2,0,98,0,107,25,2,134,170,6,176,310
07/07/2021,LYH,VA,AEA,EN,Federal Contract Tower,0,13,28,2,43,0,0,122,1,123,0,13,150,3,166,240,0,240,406
07/08/2021,LYH,VA,AEA,EN,Federal Contract Tower,0,8,20,0,28,0,2,12,0,14,0,10,32,0,42,22,0,22,64
07/09/2021,LYH,VA,AEA,EN,Federal Contract Tower,2,10,31,0,43,0,0,110,4,114,2,10,141,4,157,214,0,214,371
07/10/2021,LYH,VA,AEA,EN,Federal Contract Tower,0,8,19,0,27,0,0,45,0,45,0,8,64,0,72,56,0,56,128
07/11/2021,LYH,VA,AEA,EN,Federal Contract Tower,0,7,15,0,22,0,0,13,0,13,0,7,28,0,35,10,0,10,45
07/12/2021,LYH,VA,AEA,EN,Federal Contract Tower,0,10,40,0,50,0,2,90,3,95,0,12,130,3,145,210,0,210,355
07/13/2021,LYH,VA,AEA,EN,Federal Contract Tower,0,10,28,0,38,0,2,119,2,123,0,12,147,2,161,214,0,214,375
07/14/2021,LYH,VA,AEA,EN,Federal Contract Tower,0,11,14,0,25,0,4,98,4,106,0,15,112,4,131,172,0,172,303
07/15/2021,LYH,VA,AEA,EN,Federal Contract Tower,0,9,25,0,34,0,0,101,1,102,0,9,126,1,136,144,0,144,280
07/16/2021,LYH,VA,AEA,EN,Federal Contract Tower,0,10,18,2,30,0,0,108,1,109,0,10,126,3,139,328,0,328,467
07/17/2021,LYH,VA,AEA,EN,Federal Contract Tower,0,10,6,0,16,0,0,32,0,32,0,10,38,0,48,58,0,58,106
07/18/2021,LYH,VA,AEA,EN,Federal Contract Tower,0,9,9,0,18,0,23,0,0,23,0,32,9,0,41,2,0,2,43
07/19/2021,LYH,VA,AEA,EN,Federal Contract Tower,0,12,17,0,29,0,1,66,0,67,0,13,83,0,96,186,0,186,282
07/20/2021,LYH,VA,AEA,EN,Federal Contract Tower,0,15,24,0,39,0,0,111,0,111,0,15,135,0,150,310,0,310,460
07/21/2021,LYH,VA,AEA,EN,Federal Contract Tower,0,14,33,0,47,0,0,84,0,84,0,14,117,0,131,296,0,296,427
07/22/2021,LYH,VA,AEA,EN,Federal Contract Tower,0,9,27,0,36,0,0,131,0,131,0,9,158,0,167,228,0,228,395
07/23/2021,LYH,VA,AEA,EN,Federal Contract Tower,0,8,37,0,45,0,0,71,0,71,0,8,108,0,116,256,0,256,372
07/25/2021,LYH,VA,AEA,EN,Federal Contract Tower,0,12,11,0,23,0,0,12,0,12,0,12,23,0,35,16,0,16,51
07/26/2021,LYH,VA,AEA,EN,Federal Contract Tower,0,7,5,0,12,0,0,48,0,48,0,7,53,0,60,136,0,136,196
07/27/2021,LYH,VA,AEA,EN,Federal Contract Tower,0,11,21,3,35,0,0,102,4,106,0,11,123,7,141,238,0,238,379
07/28/2021,LYH,VA,AEA,EN,Federal Contract Tower,0,9,30,0,39,0,4,129,0,133,0,13,159,0,172,240,0,240,412
07/29/2021,LYH,VA,AEA,EN,Federal Contract Tower,0,10,27,2,39,0,0,104,3,107,0,10,131,5,146,214,0,214,360
07/30/2021,LYH,VA,AEA,EN,Federal Contract Tower,0,11,23,0,34,0,0,91,0,91,0,11,114,0,125,248,0,248,373
07/31/2021,LYH,VA,AEA,EN,Federal Contract Tower,0,14,12,0,26,0,0,41,0,41,0,14,53,0,67,68,0,68,135
08/01/2021,LYH,VA,AEA,EN,Federal Contract Tower,0,9,19,0,28,0,2,9,0,11,0,11,28,0,39,0,0,0,39
08/02/2021,LYH,VA,AEA,EN,Federal Contract Tower,0,11,24,0,35,0,2,78,0,80,0,13,102,0,115,210,0,210,325
08/03/2021,LYH,VA,AEA,EN,Federal Contract Tower,0,8,25,0,33,0,0,79,0,79,0,8,104,0,112,222,0,222,334
08/04/2021,LYH,VA,AEA,EN,Federal Contract Tower,0,10,24,8,42,0,0,105,2,107,0,10,129,10,149,226,46,272,421
08/05/2021,LYH,VA,AEA,EN,Federal Contract Tower,0,8,22,0,30,0,0,99,0,99,0,8,121,0,129,178,0,178,307
08/06/2021,LYH,VA,AEA,EN,Federal Contract Tower,0,8,34,12,54,0,3,97,1,101,0,11,131,13,155,256,0,256,411
08/07/2021,LYH,VA,AEA,EN,Federal Contract Tower,0,7,20,0,27,0,2,15,0,17,0,9,35,0,44,18,0,18,62
08/08/2021,LYH,VA,AEA,EN,Federal Contract Tower,0,9,24,0,33,0,0,25,0,25,0,9,49,0,58,2,0,2,60
08/09/2021,LYH,VA,AEA,EN,Federal Contract Tower,0,11,24,0,35,0,2,82,0,84,0,13,106,0,119,226,0,226,345
08/10/2021,LYH,VA,AEA,EN,Federal Contract Tower,0,11,31,16,58,0,0,81,5,86,0,11,112,21,144,174,6,180,324
08/11/2021,LYH,VA,AEA,EN,Federal Contract Tower,0,8,29,0,37,0,0,57,6,63,0,8,86,6,100,74,0,74,174
08/12/2021,LYH,VA,AEA,EN,Federal Contract Tower,0,9,35,0,44,0,0,95,0,95,0,9,130,0,139,196,0,196,335
08/13/2021,LYH,VA,AEA,EN,Federal Contract Tower,0,12,30,2,44,0,0,90,1,91,0,12,120,3,135,212,0,212,347
08/14/2021,LYH,VA,AEA,EN,Federal Contract Tower,0,14,22,0,36,0,0,77,0,77,0,14,99,0,113,146,0,146,259
08/15/2021,LYH,VA,AEA,EN,Federal Contract Tower,0,11,10,1,22,0,2,8,0,10,0,13,18,1,32,0,0,0,32
08/16/2021,LYH,VA,AEA,EN,Federal Contract Tower,2,14,8,0,24,0,0,2,0,2,2,14,10,0,26,0,0,0,26
08/17/2021,LYH,VA,AEA,EN,Federal Contract Tower,0,10,13,4,27,0,0,2,4,6,0,10,15,8,33,0,4,4,37
08/18/2021,LYH,VA,AEA,EN,Federal Contract Tower,2,8,13,2,25,0,0,32,6,38,2,8,45,8,63,76,0,76,139
08/19/2021,LYH,VA,AEA,EN,Federal Contract Tower,0,11,31,5,47,0,0,114,1,115,0,11,145,6,162,130,6,136,298
08/20/2021,LYH,VA,AEA,EN,Federal Contract Tower,0,8,40,1,49,0,0,22,0,22,0,8,62,1,71,16,0,16,87
08/21/2021,LYH,VA,AEA,EN,Federal Contract Tower,0,7,32,2,41,0,0,66,0,66,0,7,98,2,107,122,0,122,229
08/22/2021,LYH,VA,AEA,EN,Federal Contract Tower,0,10,19,4,33,0,2,41,0,43,0,12,60,4,76,10,0,10,86
08/23/2021,LYH,VA,AEA,EN,Federal Contract Tower,0,7,18,9,34,0,4,59,0,63,0,11,77,9,97,78,14,92,189
08/24/2021,LYH,VA,AEA,EN,Federal Contract Tower,0,14,19,8,41,0,7,69,6,82,0,21,88,14,123,144,20,164,287
08/25/2021,LYH,VA,AEA,EN,Federal Contract Tower,0,8,26,1,35,0,0,66,11,77,0,8,92,12,112,112,0,112,224
08/26/2021,LYH,VA,AEA,EN,Federal Contract Tower,0,9,17,6,32,0,0,91,12,103,0,9,108,18,135,112,0,112,247
08/27/2021,LYH,VA,AEA,EN,Federal Contract Tower,0,10,49,0,59,0,3,137,1,141,0,13,186,1,200,240,0,240,440
08/28/2021,LYH,VA,AEA,EN,Federal Contract Tower,0,12,16,2,30,0,2,84,0,86,0,14,100,2,116,140,0,140,256
08/29/2021,LYH,VA,AEA,EN,Federal Contract Tower,0,14,24,0,38,0,0,14,1,15,0,14,38,1,53,12,0,12,65
08/30/2021,LYH,VA,AEA,EN,Federal Contract Tower,0,14,15,0,29,0,0,110,0,110,0,14,125,0,139,292,0,292,431
08/31/2021,LYH,VA,AEA,EN,Federal Contract Tower,0,7,22,0,29,0,0,119,0,119,0,7,141,0,148,214,0,214,362
09/01/2021,LYH,VA,AEA,EN,Federal Contract Tower,0,6,16,0,22,0,0,7,0,7,0,6,23,0,29,24,0,24,53
09/02/2021,LYH,VA,AEA,EN,Federal Contract Tower,0,8,32,14,54,0,0,120,4,124,0,8,152,18,178,188,4,192,370
09/03/2021,LYH,VA,AEA,EN,Federal Contract Tower,0,12,41,0,53,0,3,140,0,143,0,15,181,0,196,278,0,278,474
09/04/2021,LYH,VA,AEA,EN,Federal Contract Tower,0,12,10,0,22,0,2,62,0,64,0,14,72,0,86,50,0,50,136
09/05/2021,LYH,VA,AEA,EN,Federal Contract Tower,0,7,11,0,18,0,4,17,0,21,0,11,28,0,39,2,0,2,41
09/06/2021,LYH,VA,AEA,EN,Federal Contract Tower,0,8,21,0,29,0,2,91,0,93,0,10,112,0,122,218,0,218,340
09/07/2021,LYH,VA,AEA,EN,Federal Contract Tower,0,8,38,0,46,0,0,135,0,135,0,8,173,0,181,222,0,222,403
09/08/2021,LYH,VA,AEA,EN,Federal Contract Tower,0,6,41,4,51,0,2,116,1,119,0,8,157,5,170,314,0,314,484
09/09/2021,LYH,VA,AEA,EN,Federal Contract Tower,0,11,34,0,45,0,0,102,2,104,0,11,136,2,149,260,12,272,421
09/10/2021,LYH,VA,AEA,EN,Federal Contract Tower,2,9,31,0,42,0,0,136,1,137,2,9,167,1,179,270,0,270,449
09/11/2021,LYH,VA,AEA,EN,Federal Contract Tower,0,11,15,0,26,0,0,107,0,107,0,11,122,0,133,94,0,94,227
09/12/2021,LYH,VA,AEA,EN,Federal Contract Tower,0,15,12,0,27,0,2,21,0,23,0,17,33,0,50,56,0,56,106
09/13/2021,LYH,VA,AEA,EN,Federal Contract Tower,0,12,38,4,54,0,2,119,0,121,0,14,157,4,175,216,4,220,395
09/14/2021,LYH,VA,AEA,EN,Federal Contract Tower,0,9,22,2,33,0,4,110,0,114,0,13,132,2,147,202,0,202,349
09/15/2021,LYH,VA,AEA,EN,Federal Contract Tower,0,12,21,2,35,0,0,109,1,110,0,12,130,3,145,270,6,276,421
09/16/2021,LYH,VA,AEA,EN,Federal Contract Tower,0,11,28,0,39,0,0,93,0,93,0,11,121,0,132,264,0,264,396
09/17/2021,LYH,VA,AEA,EN,Federal Contract Tower,0,13,40,3,56,0,0,46,0,46,0,13,86,3,102,232,0,232,334
09/18/2021,LYH,VA,AEA,EN,Federal Contract Tower,0,8,29,1,38,0,0,89,0,89,0,8,118,1,127,50,0,50,177
09/19/2021,LYH,VA,AEA,EN,Federal Contract Tower,0,15,25,1,41,0,2,39,0,41,0,17,64,1,82,0,0,0,82
09/20/2021,LYH,VA,AEA,EN,Federal Contract Tower,0,13,53,0,66,0,2,61,0,63,0,15,114,0,129,132,0,132,261
09/21/2021,LYH,VA,AEA,EN,Federal Contract Tower,0,6,31,0,37,0,0,0,0,0,0,6,31,0,37,0,0,0,37
09/22/2021,LYH,VA,AEA,EN,Federal Contract Tower,0,9,19,4,32,0,0,0,0,0,0,9,19,4,32,0,0,0,32
09/23/2021,LYH,VA,AEA,EN,Federal Contract Tower,2,8,30,8,48,0,2,159,2,163,2,10,189,10,211,248,2,250,461
09/24/2021,LYH,VA,AEA,EN,Federal Contract Tower,0,14,51,7,72,0,2,153,1,156,0,16,204,8,228,322,0,322,550
09/25/2021,LYH,VA,AEA,EN,Federal Contract Tower,0,10,20,0,30,0,0,75,0,75,0,10,95,0,105,126,0,126,231
09/26/2021,LYH,VA,AEA,EN,Federal Contract Tower,0,12,24,0,36,0,2,33,0,35,0,14,57,0,71,28,0,28,99
09/27/2021,LYH,VA,AEA,EN,Federal Contract Tower,0,8,20,2,30,0,8,145,1,154,0,16,165,3,184,354,0,354,538
09/28/2021,LYH,VA,AEA,EN,Federal Contract Tower,0,7,26,0,33,0,6,122,0,128,0,13,148,0,161,82,0,82,243
09/29/2021,LYH,VA,AEA,EN,Federal Contract Tower,0,12,35,0,47,0,0,116,0,116,0,12,151,0,163,184,0,184,347
09/30/2021,LYH,VA,AEA,EN,Federal Contract Tower,0,12,53,6,71,0,3,127,0,130,0,15,180,6,201,244,4,248,449
10/01/2021,LYH,VA,AEA,EN,Federal Contract Tower,2,10,25,0,37,0,2,120,0,122,2,12,145,0,159,204,2,206,365
10/02/2021,LYH,VA,AEA,EN,Federal Contract Tower,0,10,16,0,26,0,0,78,0,78,0,10,94,0,104,130,0,130,234
10/03/2021,LYH,VA,AEA,EN,Federal Contract Tower,0,12,24,0,36,0,26,4,0,30,0,38,28,0,66,16,0,16,82
10/04/2021,LYH,VA,AEA,EN,Federal Contract Tower,0,16,20,11,47,0,1,78,4,83,0,17,98,15,130,218,0,218,348
10/05/2021,LYH,VA,AEA,EN,Federal Contract Tower,0,12,28,0,40,0,0,21,2,23,0,12,49,2,63,112,0,112,175
10/06/2021,LYH,VA,AEA,EN,Federal Contract Tower,0,13,50,2,65,0,0,2,2,4,0,13,52,4,69,0,0,0,69
10/07/2021,LYH,VA,AEA,EN,Federal Contract Tower,0,11,59,0,70,0,1,27,0,28,0,12,86,0,98,122,0,122,220
10/08/2021,LYH,VA,AEA,EN,Federal Contract Tower,1,10,65,0,76,0,0,43,0,43,1,10,108,0,119,216,0,216,335
10/09/2021,LYH,VA,AEA,EN,Federal Contract Tower,1,12,10,11,34,0,0,0,1,1,1,12,10,12,35,0,0,0,35
10/10/2021,LYH,VA,AEA,EN,Federal Contract Tower,0,12,37,0,49,0,3,6,0,9,0,15,43,0,58,0,0,0,58
10/11/2021,LYH,VA,AEA,EN,Federal Contract Tower,0,11,44,2,57,0,3,87,0,90,0,14,131,2,147,318,0,318,465
10/12/2021,LYH,VA,AEA,EN,Federal Contract Tower,0,14,50,9,73,0,0,106,0,106,0,14,156,9,179,184,0,184,363
10/13/2021,LYH,VA,AEA,EN,Federal Contract Tower,0,13,49,2,64,0,3,156,0,159,0,16,205,2,223,224,0,224,447
10/14/2021,LYH,VA,AEA,EN,Federal Contract Tower,0,11,45,0,56,0,0,159,0,159,0,11,204,0,215,272,0,272,487
10/15/2021,LYH,VA,AEA,EN,Federal Contract Tower,2,9,51,0,62,0,0,126,0,126,2,9,177,0,188,194,0,194,382
10/16/2021,LYH,VA,AEA,EN,Federal Contract Tower,0,8,14,0,22,0,0,34,2,36,0,8,48,2,58,54,0,54,112
10/17/2021,LYH,VA,AEA,EN,Federal Contract Tower,0,9,26,0,35,0,3,41,0,44,0,12,67,0,79,6,0,6,85
10/18/2021,LYH,VA,AEA,EN,Federal Contract Tower,0,14,31,0,45,0,7,136,2,145,0,21,167,2,190,316,0,316,506
10/19/2021,LYH,VA,AEA,EN,Federal Contract Tower,0,7,26,1,34,0,1,158,1,160,0,8,184,2,194,316,2,318,512
10/20/2021,LYH,VA,AEA,EN,Federal Contract Tower,0,8,27,0,35,0,0,163,0,163,0,8,190,0,198,252,0,252,450
10/21/2021,LYH,VA,AEA,EN,Federal Contract Tower,0,11,34,6,51,0,0,145,1,146,0,11,179,7,197,246,20,266,463
10/22/2021,LYH,VA,AEA,EN,Federal Contract Tower,2,13,26,1,42,0,0,118,0,118,2,13,144,1,160,264,0,264,424
10/23/2021,LYH,VA,AEA,EN,Federal Contract Tower,0,8,20,1,29,0,4,99,3,106,0,12,119,4,135,134,0,134,269
10/24/2021,LYH,VA,AEA,EN,Federal Contract Tower,0,14,18,0,32,0,2,33,0,35,0,16,51,0,67,14,0,14,81
10/25/2021,LYH,VA,AEA,EN,Federal Contract Tower,0,12,8,0,20,0,2,94,0,96,0,14,102,0,116,250,0,250,366
10/26/2021,LYH,VA,AEA,EN,Federal Contract Tower,0,14,13,0,27,0,0,37,2,39,0,14,50,2,66,66,0,66,132
10/27/2021,LYH,VA,AEA,EN,Federal Contract Tower,0,12,43,0,55,0,1,167,2,170,0,13,210,2,225,280,0,280,505
10/28/2021,LYH,VA,AEA,EN,Federal Contract Tower,0,10,43,0,53,0,0,101,1,102,0,10,144,1,155,234,0,234,389
10/29/2021,LYH,VA,AEA,EN,Federal Contract Tower,0,10,43,0,53,0,0,41,0,41,0,10,84,0,94,70,0,70,164
10/30/2021,LYH,VA,AEA,EN,Federal Contract Tower,2,8,26,0,36,0,0,7,0,7,2,8,33,0,43,6,0,6,49
10/31/2021,LYH,VA,AEA,EN,Federal Contract Tower,0,9,21,0,30,0,2,34,0,36,0,11,55,0,66,10,0,10,76
11/01/2021,LYH,VA,AEA,EN,Federal Contract Tower,1,11,29,8,49,0,4,164,1,169,1,15,193,9,218,256,0,256,474
11/02/2021,LYH,VA,AEA,EN,Federal Contract Tower,1,14,21,0,36,0,0,25,0,25,1,14,46,0,61,40,0,40,101
11/03/2021,LYH,VA,AEA,EN,Federal Contract Tower,0,12,22,6,40,0,0,160,0,160,0,12,182,6,200,254,0,254,454
11/04/2021,LYH,VA,AEA,EN,Federal Contract Tower,0,9,33,2,44,0,0,139,0,139,0,9,172,2,183,208,12,220,403
11/05/2021,LYH,VA,AEA,EN,Federal Contract Tower,2,15,27,1,45,0,0,130,1,131,2,15,157,2,176,208,0,208,384
11/06/2021,LYH,VA,AEA,EN,Federal Contract Tower,2,16,18,0,36,0,1,83,0,84,2,17,101,0,120,88,0,88,208
11/07/2021,LYH,VA,AEA,EN,Federal Contract Tower,0,10,14,1,25,0,4,38,1,43,0,14,52,2,68,20,0,20,88
11/08/2021,LYH,VA,AEA,EN,Federal Contract Tower,0,16,19,1,36,0,8,128,3,139,0,24,147,4,175,270,0,270,445
11/09/2021,LYH,VA,AEA,EN,Federal Contract Tower,0,13,32,0,45,0,0,165,0,165,0,13,197,0,210,200,0,200,410
11/10/2021,LYH,VA,AEA,EN,Federal Contract Tower,0,13,32,0,45,0,2,132,0,134,0,15,164,0,179,192,0,192,371
11/11/2021,LYH,VA,AEA,EN,Federal Contract Tower,0,7,34,0,41,0,0,129,0,129,0,7,163,0,170,172,0,172,342
11/12/2021,LYH,VA,AEA,EN,Federal Contract Tower,0,11,26,0,37,0,0,139,0,139,0,11,165,0,176,206,0,206,382
11/13/2021,LYH,VA,AEA,EN,Federal Contract Tower,0,11,15,0,26,0,0,33,0,33,0,11,48,0,59,30,0,30,89
11/14/2021,LYH,VA,AEA,EN,Federal Contract Tower,0,13,24,0,37,0,4,53,0,57,0,17,77,0,94,6,0,6,100
11/15/2021,LYH,VA,AEA,EN,Federal Contract Tower,0,11,33,4,48,0,0,118,0,118,0,11,151,4,166,322,0,322,488
11/16/2021,LYH,VA,AEA,EN,Federal Contract Tower,0,10,35,0,45,0,4,133,1,138,0,14,168,1,183,234,0,234,417
11/17/2021,LYH,VA,AEA,EN,Federal Contract Tower,0,14,31,0,45,0,0,154,0,154,0,14,185,0,199,354,0,354,553
11/18/2021,LYH,VA,AEA,EN,Federal Contract Tower,0,12,35,2,49,0,2,89,2,93,0,14,124,4,142,170,0,170,312
11/19/2021,LYH,VA,AEA,EN,Federal Contract Tower,1,15,57,1,74,0,0,120,0,120,1,15,177,1,194,268,0,268,462
11/20/2021,LYH,VA,AEA,EN,Federal Contract Tower,1,12,14,0,27,0,0,79,2,81,1,12,93,2,108,122,0,122,230
11/21/2021,LYH,VA,AEA,EN,Federal Contract Tower,0,18,15,1,34,0,2,20,0,22,0,20,35,1,56,44,0,44,100
11/22/2021,LYH,VA,AEA,EN,Federal Contract Tower,0,13,20,2,35,0,0,63,4,67,0,13,83,6,102,160,22,182,284
11/23/2021,LYH,VA,AEA,EN,Federal Contract Tower,0,12,30,0,42,0,0,104,0,104,0,12,134,0,146,252,0,252,398
11/24/2021,LYH,VA,AEA,EN,Federal Contract Tower,0,10,19,0,29,0,4,66,0,70,0,14,85,0,99,100,0,100,199
11/25/2021,LYH,VA,AEA,EN,Federal Contract Tower,0,2,1,0,3,0,0,13,0,13,0,2,14,0,16,28,0,28,44
11/26/2021,LYH,VA,AEA,EN,Federal Contract Tower,2,7,7,2,18,0,0,6,0,6,2,7,13,2,24,0,0,0,24
11/27/2021,LYH,VA,AEA,EN,Federal Contract Tower,2,12,22,4,40,0,2,35,0,37,2,14,57,4,77,28,0,28,105
11/28/2021,LYH,VA,AEA,EN,Federal Contract Tower,0,11,30,0,41,0,0,35,0,35,0,11,65,0,76,0,0,0,76
11/29/2021,LYH,VA,AEA,EN,Federal Contract Tower,0,17,25,2,44,0,5,108,4,117,0,22,133,6,161,278,2,280,441
11/30/2021,LYH,VA,AEA,EN,Federal Contract Tower,0,12,34,0,46,0,2,124,0,126,0,14,158,0,172,298,0,298,470
12/01/2021,LYH,VA,AEA,EN,Federal Contract Tower,2,16,31,0,49,0,4,108,3,115,2,20,139,3,164,254,26,280,444
12/02/2021,LYH,VA,AEA,EN,Federal Contract Tower,2,9,31,0,42,0,2,89,0,91,2,11,120,0,133,188,0,188,321
12/03/2021,LYH,VA,AEA,EN,Federal Contract Tower,0,11,36,9,56,0,0,114,0,114,0,11,150,9,170,282,8,290,460
12/04/2021,LYH,VA,AEA,EN,Federal Contract Tower,0,8,15,4,27,0,0,108,4,112,0,8,123,8,139,210,0,210,349
12/05/2021,LYH,VA,AEA,EN,Federal Contract Tower,0,7,15,0,22,0,2,38,4,44,0,9,53,4,66,48,0,48,114
12/06/2021,LYH,VA,AEA,EN,Federal Contract Tower,0,9,16,0,25,0,8,46,2,56,0,17,62,2,81,136,6,142,223
12/07/2021,LYH,VA,AEA,EN,Federal Contract Tower,0,10,61,0,71,0,0,150,4,154,0,10,211,4,225,328,26,354,579
12/08/2021,LYH,VA,AEA,EN,Federal Contract Tower,0,8,37,0,45,0,0,126,4,130,0,8,163,4,175,266,0,266,441
12/09/2021,LYH,VA,AEA,EN,Federal Contract Tower,0,8,47,0,55,0,0,136,0,136,0,8,183,0,191,186,0,186,377
12/10/2021,LYH,VA,AEA,EN,Federal Contract Tower,0,13,32,0,45,0,0,78,1,79,0,13,110,1,124,158,0,158,282
12/11/2021,LYH,VA,AEA,EN,Federal Contract Tower,0,9,5,0,14,0,0,0,0,0,0,9,5,0,14,0,0,0,14
12/12/2021,LYH,VA,AEA,EN,Federal Contract Tower,0,12,19,1,32,0,0,32,4,36,0,12,51,5,68,20,0,20,88
12/13/2021,LYH,VA,AEA,EN,Federal Contract Tower,0,13,32,8,53,0,8,143,0,151,0,21,175,8,204,294,0,294,498
12/14/2021,LYH,VA,AEA,EN,Federal Contract Tower,4,6,37,0,47,0,1,144,0,145,4,7,181,0,192,290,0,290,482
12/15/2021,LYH,VA,AEA,EN,Federal Contract Tower,0,15,40,0,55,0,0,105,0,105,0,15,145,0,160,232,0,232,392
12/16/2021,LYH,VA,AEA,EN,Federal Contract Tower,0,17,26,3,46,0,2,97,10,109,0,19,123,13,155,184,0,184,339
12/17/2021,LYH,VA,AEA,EN,Federal Contract Tower,0,17,38,2,57,0,0,80,0,80,0,17,118,2,137,180,0,180,317
12/18/2021,LYH,VA,AEA,EN,Federal Contract Tower,0,14,8,0,22,0,0,0,0,0,0,14,8,0,22,0,0,0,22
12/19/2021,LYH,VA,AEA,EN,Federal Contract Tower,0,10,13,0,23,0,2,6,0,8,0,12,19,0,31,8,0,8,39
12/20/2021,LYH,VA,AEA,EN,Federal Contract Tower,0,11,18,0,29,0,7,74,0,81,0,18,92,0,110,178,0,178,288
12/21/2021,LYH,VA,AEA,EN,Federal Contract Tower,0,12,18,0,30,0,4,63,0,67,0,16,81,0,97,102,0,102,199
12/22/2021,LYH,VA,AEA,EN,Federal Contract Tower,0,10,37,0,47,0,5,45,2,52,0,15,82,2,99,28,0,28,127
12/23/2021,LYH,VA,AEA,EN,Federal Contract Tower,0,11,24,0,35,0,0,41,0,41,0,11,65,0,76,26,0,26,102
12/24/2021,LYH,VA,AEA,EN,Federal Contract Tower,0,5,5,0,10,0,0,11,0,11,0,5,16,0,21,0,0,0,21
12/25/2021,LYH,VA,AEA,EN,Federal Contract Tower,0,11,6,0,17,0,0,4,0,4,0,11,10,0,21,20,0,20,41
12/26/2021,LYH,VA,AEA,EN,Federal Contract Tower,0,12,16,0,28,0,2,34,0,36,0,14,50,0,64,6,0,6,70
12/27/2021,LYH,VA,AEA,EN,Federal Contract Tower,0,9,16,2,27,0,2,14,0,16,0,11,30,2,43,10,0,10,53
12/28/2021,LYH,VA,AEA,EN,Federal Contract Tower,0,11,11,6,28,0,5,35,1,41,0,16,46,7,69,38,0,38,107
12/29/2021,LYH,VA,AEA,EN,Federal Contract Tower,0,11,16,1,28,0,2,4,2,8,0,13,20,3,36,0,0,0,36
12/30/2021,LYH,VA,AEA,EN,Federal Contract Tower,0,10,11,0,21,0,0,0,0,0,0,10,11,0,21,0,0,0,21
12/31/2021,LYH,VA,AEA,EN,Federal Contract Tower,0,7,10,0,17,0,0,16,0,16,0,7,26,0,33,14,0,14,47
01/01/2022,LYH,VA,AEA,EN,Federal Contract Tower,0,9,7,0,16,0,0,2,0,2,0,9,9,0,18,2,0,2,20
01/02/2022,LYH,VA,AEA,EN,Federal Contract Tower,0,15,10,6,31,0,2,2,0,4,0,17,12,6,35,2,0,2,37
01/03/2022,LYH,VA,AEA,EN,Federal Contract Tower,0,7,3,0,10,0,7,9,5,21,0,14,12,5,31,10,0,10,41
01/04/2022,LYH,VA,AEA,EN,Federal Contract Tower,0,9,11,2,22,0,1,52,5,58,0,10,63,7,80,106,0,106,186
01/05/2022,LYH,VA,AEA,EN,Federal Contract Tower,2,11,16,3,32,0,0,22,0,22,2,11,38,3,54,32,0,32,86
01/06/2022,LYH,VA,AEA,EN,Federal Contract Tower,0,12,11,3,26,0,0,37,4,41,0,12,48,7,67,60,0,60,127
01/07/2022,LYH,VA,AEA,EN,Federal Contract Tower,0,11,27,0,38,0,1,75,0,76,0,12,102,0,114,204,0,204,318
01/08/2022,LYH,VA,AEA,EN,Federal Contract Tower,0,8,17,0,25,0,0,49,0,49,0,8,66,0,74,68,0,68,142
01/09/2022,LYH,VA,AEA,EN,Federal Contract Tower,2,12,10,3,27,0,0,0,0,0,2,12,10,3,27,0,0,0,27
01/10/2022,LYH,VA,AEA,EN,Federal Contract Tower,0,12,7,2,21,0,6,27,0,33,0,18,34,2,54,66,0,66,120
01/11/2022,LYH,VA,AEA,EN,Federal Contract Tower,0,9,21,2,32,0,0,53,4,57,0,9,74,6,89,124,0,124,213
01/12/2022,LYH,VA,AEA,EN,Federal Contract Tower,2,9,15,1,27,0,1,90,3,94,2,10,105,4,121,92,0,92,213
01/13/2022,LYH,VA,AEA,EN,Federal Contract Tower,2,8,13,0,23,0,0,90,0,90,2,8,103,0,113,212,0,212,325
01/14/2022,LYH,VA,AEA,EN,Federal Contract Tower,2,14,23,0,39,0,0,111,0,111,2,14,134,0,150,220,0,220,370
01/15/2022,LYH,VA,AEA,EN,Federal Contract Tower,0,14,16,0,30,0,0,57,0,57,0,14,73,0,87,134,0,134,221
01/16/2022,LYH,VA,AEA,EN,Federal Contract Tower,0,0,0,0,0,0,0,0,0,0,0,0,0,0,0,0,0,0,0
01/17/2022,LYH,VA,AEA,EN,Federal Contract Tower,0,6,5,4,15,0,4,2,0,6,0,10,7,4,21,0,0,0,21
01/18/2022,LYH,VA,AEA,EN,Federal Contract Tower,0,12,29,0,41,0,0,82,0,82,0,12,111,0,123,184,0,184,307
01/19/2022,LYH,VA,AEA,EN,Federal Contract Tower,2,11,38,2,53,0,0,122,4,126,2,11,160,6,179,250,0,250,429
01/20/2022,LYH,VA,AEA,EN,Federal Contract Tower,2,10,9,0,21,0,0,0,0,0,2,10,9,0,21,0,0,0,21
01/21/2022,LYH,VA,AEA,EN,Federal Contract Tower,2,9,21,2,34,0,1,89,0,90,2,10,110,2,124,128,0,128,252
01/22/2022,LYH,VA,AEA,EN,Federal Contract Tower,0,10,15,0,25,0,0,99,2,101,0,10,114,2,126,124,0,124,250
01/23/2022,LYH,VA,AEA,EN,Federal Contract Tower,2,8,12,0,22,0,0,24,0,24,2,8,36,0,46,50,0,50,96
01/24/2022,LYH,VA,AEA,EN,Federal Contract Tower,0,9,47,10,66,0,0,114,4,118,0,9,161,14,184,198,0,198,382
01/25/2022,LYH,VA,AEA,EN,Federal Contract Tower,0,9,28,4,41,0,2,123,2,127,0,11,151,6,168,246,6,252,420
01/26/2022,LYH,VA,AEA,EN,Federal Contract Tower,2,10,31,0,43,0,0,148,4,152,2,10,179,4,195,286,0,286,481
01/27/2022,LYH,VA,AEA,EN,Federal Contract Tower,0,10,37,5,52,0,144,6,0,150,0,154,43,5,202,152,0,152,354
01/28/2022,LYH,VA,AEA,EN,Federal Contract Tower,0,11,16,3,30,0,1,64,5,70,0,12,80,8,100,100,6,106,206
01/29/2022,LYH,VA,AEA,EN,Federal Contract Tower,0,8,6,0,14,0,1,23,0,24,0,9,29,0,38,30,0,30,68
01/30/2022,LYH,VA,AEA,EN,Federal Contract Tower,2,10,12,0,24,0,2,37,0,39,2,12,49,0,63,18,0,18,81
01/31/2022,LYH,VA,AEA,EN,Federal Contract Tower,0,10,41,2,53,0,2,114,4,120,0,12,155,6,173,348,4,352,525
02/01/2022,LYH,VA,AEA,EN,Federal Contract Tower,0,13,40,0,53,0,0,118,4,122,0,13,158,4,175,242,2,244,419
02/02/2022,LYH,VA,AEA,EN,Federal Contract Tower,2,16,37,0,55,0,0,131,0,131,2,16,168,0,186,356,0,356,542
02/03/2022,LYH,VA,AEA,EN,Federal Contract Tower,2,8,16,0,26,0,0,0,0,0,2,8,16,0,26,0,0,0,26
02/04/2022,LYH,VA,AEA,EN,Federal Contract Tower,2,12,18,0,32,0,0,12,0,12,2,12,30,0,44,36,0,36,80
02/05/2022,LYH,VA,AEA,EN,Federal Contract Tower,0,12,26,0,38,0,0,3,0,3,0,12,29,0,41,42,0,42,83
02/06/2022,LYH,VA,AEA,EN,Federal Contract Tower,2,13,8,0,23,0,0,55,2,57,2,13,63,2,80,14,0,14,94
02/07/2022,LYH,VA,AEA,EN,Federal Contract Tower,2,12,16,6,36,0,0,22,0,22,2,12,38,6,58,84,0,84,142
02/08/2022,LYH,VA,AEA,EN,Federal Contract Tower,0,15,49,1,65,0,1,166,0,167,0,16,215,1,232,276,0,276,508
02/09/2022,LYH,VA,AEA,EN,Federal Contract Tower,2,11,50,3,66,0,0,215,1,216,2,11,265,4,282,396,0,396,678
02/10/2022,LYH,VA,AEA,EN,Federal Contract Tower,2,8,40,2,52,0,0,104,0,104,2,8,144,2,156,160,0,160,316
02/11/2022,LYH,VA,AEA,EN,Federal Contract Tower,2,14,37,2,55,0,1,115,0,116,2,15,152,2,171,204,0,204,375
02/12/2022,LYH,VA,AEA,EN,Federal Contract Tower,0,15,16,0,31,0,2,76,0,78,0,17,92,0,109,98,0,98,207
02/13/2022,LYH,VA,AEA,EN,Federal Contract Tower,2,11,1,0,14,0,0,0,0,0,2,11,1,0,14,0,0,0,14
02/14/2022,LYH,VA,AEA,EN,Federal Contract Tower,2,13,32,2,49,0,0,134,0,134,2,13,166,2,183,308,0,308,491
02/15/2022,LYH,VA,AEA,EN,Federal Contract Tower,2,14,48,4,68,0,9,150,3,162,2,23,198,7,230,300,0,300,530
02/16/2022,LYH,VA,AEA,EN,Federal Contract Tower,2,10,34,0,46,0,4,171,0,175,2,14,205,0,221,354,0,354,575
02/17/2022,LYH,VA,AEA,EN,Federal Contract Tower,2,10,17,0,29,0,0,13,0,13,2,10,30,0,42,50,0,50,92
02/18/2022,LYH,VA,AEA,EN,Federal Contract Tower,2,8,24,3,37,0,0,67,0,67,2,8,91,3,104,122,0,122,226
02/19/2022,LYH,VA,AEA,EN,Federal Contract Tower,0,10,17,0,27,0,0,59,0,59,0,10,76,0,86,86,0,86,172
02/20/2022,LYH,VA,AEA,EN,Federal Contract Tower,2,12,16,10,40,0,0,49,0,49,2,12,65,10,89,24,0,24,113
02/21/2022,LYH,VA,AEA,EN,Federal Contract Tower,2,8,25,0,35,0,8,163,0,171,2,16,188,0,206,356,0,356,562
02/22/2022,LYH,VA,AEA,EN,Federal Contract Tower,0,10,20,0,30,0,0,2,0,2,0,10,22,0,32,20,0,20,52
02/23/2022,LYH,VA,AEA,EN,Federal Contract Tower,2,8,36,0,46,0,0,92,0,92,2,8,128,0,138,220,0,220,358
02/24/2022,LYH,VA,AEA,EN,Federal Contract Tower,2,10,4,0,16,0,0,2,0,2,2,10,6,0,18,2,0,2,20
02/25/2022,LYH,VA,AEA,EN,Federal Contract Tower,0,17,13,0,30,0,0,31,4,35,0,17,44,4,65,104,0,104,169
02/26/2022,LYH,VA,AEA,EN,Federal Contract Tower,0,13,37,0,50,0,0,147,1,148,0,13,184,1,198,234,0,234,432
02/27/2022,LYH,VA,AEA,EN,Federal Contract Tower,2,8,12,0,22,0,0,53,0,53,2,8,65,0,75,40,0,40,115
02/28/2022,LYH,VA,AEA,EN,Federal Contract Tower,2,9,42,0,53,0,6,165,4,175,2,15,207,4,228,304,4,308,536
03/01/2022,LYH,VA,AEA,EN,Federal Contract Tower,0,12,51,2,65,0,0,151,0,151,0,12,202,2,216,288,0,288,504
03/02/2022,LYH,VA,AEA,EN,Federal Contract Tower,2,11,36,0,49,0,1,142,1,144,2,12,178,1,193,234,0,234,427
03/03/2022,LYH,VA,AEA,EN,Federal Contract Tower,2,8,27,0,37,0,0,91,6,97,2,8,118,6,134,94,24,118,252
03/04/2022,LYH,VA,AEA,EN,Federal Contract Tower,2,6,26,2,36,0,0,173,0,173,2,6,199,2,209,350,2,352,561
03/05/2022,LYH,VA,AEA,EN,Federal Contract Tower,2,9,29,0,40,0,0,139,0,139,2,9,168,0,179,166,0,166,345
03/06/2022,LYH,VA,AEA,EN,Federal Contract Tower,2,10,16,0,28,0,2,5,1,8,2,12,21,1,36,2,10,12,48
03/07/2022,LYH,VA,AEA,EN,Federal Contract Tower,2,16,12,0,30,0,0,3,0,3,2,16,15,0,33,0,0,0,33
03/08/2022,LYH,VA,AEA,EN,Federal Contract Tower,0,11,28,4,43,0,0,134,4,138,0,11,162,8,181,336,2,338,519
03/09/2022,LYH,VA,AEA,EN,Federal Contract Tower,0,10,23,6,39,0,0,10,0,10,0,10,33,6,49,20,0,20,69
03/10/2022,LYH,VA,AEA,EN,Federal Contract Tower,2,6,49,8,65,0,0,99,0,99,2,6,148,8,164,212,0,212,376
03/11/2022,LYH,VA,AEA,EN,Federal Contract Tower,2,11,51,2,66,0,0,143,1,144,2,11,194,3,210,308,10,318,528
03/12/2022,LYH,VA,AEA,EN,Federal Contract Tower,2,9,12,0,23,0,0,0,0,0,2,9,12,0,23,0,0,0,23
03/13/2022,LYH,VA,AEA,EN,Federal Contract Tower,0,7,12,0,19,0,2,34,0,36,0,9,46,0,55,40,0,40,95
03/14/2022,LYH,VA,AEA,EN,Federal Contract Tower,2,12,31,3,48,0,6,110,3,119,2,18,141,6,167,206,2,208,375
03/15/2022,LYH,VA,AEA,EN,Federal Contract Tower,2,7,20,6,35,0,3,131,2,136,2,10,151,8,171,238,0,238,409
03/16/2022,LYH,VA,AEA,EN,Federal Contract Tower,0,10,27,3,40,0,0,127,0,127,0,10,154,3,167,284,4,288,455
03/17/2022,LYH,VA,AEA,EN,Federal Contract Tower,3,10,34,0,47,0,0,30,0,30,3,10,64,0,77,98,0,98,175
03/18/2022,LYH,VA,AEA,EN,Federal Contract Tower,2,8,25,0,35,0,0,92,1,93,2,8,117,1,128,206,0,206,334
03/19/2022,LYH,VA,AEA,EN,Federal Contract Tower,2,11,16,0,29,0,1,5,4,10,2,12,21,4,39,0,0,0,39
03/20/2022,LYH,VA,AEA,EN,Federal Contract Tower,2,11,5,1,19,0,0,11,1,12,2,11,16,2,31,4,0,4,35
03/21/2022,LYH,VA,AEA,EN,Federal Contract Tower,2,18,62,6,88,0,2,113,4,119,2,20,175,10,207,204,26,230,437
03/22/2022,LYH,VA,AEA,EN,Federal Contract Tower,0,11,35,4,50,0,2,162,0,164,0,13,197,4,214,298,0,298,512
03/23/2022,LYH,VA,AEA,EN,Federal Contract Tower,0,12,31,4,47,0,0,5,2,7,0,12,36,6,54,14,0,14,68
03/24/2022,LYH,VA,AEA,EN,Federal Contract Tower,2,6,37,6,51,0,2,91,1,94,2,8,128,7,145,208,24,232,377
03/25/2022,LYH,VA,AEA,EN,Federal Contract Tower,2,6,41,6,55,0,1,94,2,97,2,7,135,8,152,164,0,164,316
03/26/2022,LYH,VA,AEA,EN,Federal Contract Tower,2,6,9,0,17,0,1,8,4,13,2,7,17,4,30,0,2,2,32
03/27/2022,LYH,VA,AEA,EN,Federal Contract Tower,2,9,11,1,23,0,2,14,6,22,2,11,25,7,45,4,0,4,49
03/28/2022,LYH,VA,AEA,EN,Federal Contract Tower,2,13,9,0,24,0,1,43,2,46,2,14,52,2,70,42,0,42,112
03/29/2022,LYH,VA,AEA,EN,Federal Contract Tower,0,8,41,2,51,0,3,195,0,198,0,11,236,2,249,352,0,352,601
03/30/2022,LYH,VA,AEA,EN,Federal Contract Tower,0,10,53,10,73,0,1,122,2,125,0,11,175,12,198,222,8,230,428
03/31/2022,LYH,VA,AEA,EN,Federal Contract Tower,2,6,3,0,11,0,0,0,0,0,2,6,3,0,11,0,0,0,11
04/01/2022,LYH,VA,AEA,EN,Federal Contract Tower,0,6,23,7,36,0,3,59,0,62,0,9,82,7,98,60,0,60,158
04/02/2022,LYH,VA,AEA,EN,Federal Contract Tower,0,8,19,0,27,0,0,143,3,146,0,8,162,3,173,168,0,168,341
04/03/2022,LYH,VA,AEA,EN,Federal Contract Tower,2,10,19,0,31,0,4,16,0,20,2,14,35,0,51,14,0,14,65
04/04/2022,LYH,VA,AEA,EN,Federal Contract Tower,0,10,33,2,45,0,0,135,4,139,0,10,168,6,184,148,0,148,332
04/05/2022,LYH,VA,AEA,EN,Federal Contract Tower,0,10,31,4,45,0,0,108,0,108,0,10,139,4,153,180,4,184,337
04/06/2022,LYH,VA,AEA,EN,Federal Contract Tower,0,12,37,0,49,0,0,149,2,151,0,12,186,2,200,264,0,264,464
04/07/2022,LYH,VA,AEA,EN,Federal Contract Tower,0,11,34,0,45,0,0,34,0,34,0,11,68,0,79,58,0,58,137
04/08/2022,LYH,VA,AEA,EN,Federal Contract Tower,0,12,32,3,47,0,0,122,0,122,0,12,154,3,169,216,0,216,385
04/09/2022,LYH,VA,AEA,EN,Federal Contract Tower,0,8,16,0,24,0,0,59,0,59,0,8,75,0,83,68,0,68,151
04/10/2022,LYH,VA,AEA,EN,Federal Contract Tower,0,19,10,5,34,0,8,48,0,56,0,27,58,5,90,28,8,36,126
04/11/2022,LYH,VA,AEA,EN,Federal Contract Tower,0,14,40,6,60,0,0,113,0,113,0,14,153,6,173,280,4,284,457
04/12/2022,LYH,VA,AEA,EN,Federal Contract Tower,0,15,46,0,61,0,5,174,7,186,0,20,220,7,247,320,2,322,569
04/13/2022,LYH,VA,AEA,EN,Federal Contract Tower,0,11,20,0,31,0,0,84,0,84,0,11,104,0,115,138,0,138,253
04/14/2022,LYH,VA,AEA,EN,Federal Contract Tower,0,11,23,2,36,0,0,83,0,83,0,11,106,2,119,268,0,268,387
04/15/2022,LYH,VA,AEA,EN,Federal Contract Tower,0,10,33,0,43,0,1,190,0,191,0,11,223,0,234,366,0,366,600
04/16/2022,LYH,VA,AEA,EN,Federal Contract Tower,0,11,4,0,15,0,0,26,0,26,0,11,30,0,41,14,0,14,55
04/17/2022,LYH,VA,AEA,EN,Federal Contract Tower,0,11,19,4,34,0,4,13,0,17,0,15,32,4,51,6,0,6,57
04/18/2022,LYH,VA,AEA,EN,Federal Contract Tower,0,9,10,0,19,0,0,0,0,0,0,9,10,0,19,0,0,0,19
04/19/2022,LYH,VA,AEA,EN,Federal Contract Tower,0,14,22,0,36,0,6,56,2,64,0,20,78,2,100,74,0,74,174
04/20/2022,LYH,VA,AEA,EN,Federal Contract Tower,0,14,33,4,51,0,0,193,4,197,0,14,226,8,248,416,2,418,666
04/21/2022,LYH,VA,AEA,EN,Federal Contract Tower,0,12,40,0,52,0,0,156,0,156,0,12,196,0,208,342,0,342,550
04/22/2022,LYH,VA,AEA,EN,Federal Contract Tower,0,12,28,0,40,0,2,127,0,129,0,14,155,0,169,268,0,268,437
04/23/2022,LYH,VA,AEA,EN,Federal Contract Tower,0,10,24,1,35,0,0,108,1,109,0,10,132,2,144,186,0,186,330
04/24/2022,LYH,VA,AEA,EN,Federal Contract Tower,0,14,11,0,25,0,4,26,0,30,0,18,37,0,55,34,0,34,89
04/25/2022,LYH,VA,AEA,EN,Federal Contract Tower,0,12,49,7,68,0,0,137,5,142,0,12,186,12,210,330,10,340,550
04/26/2022,LYH,VA,AEA,EN,Federal Contract Tower,0,11,24,0,35,0,2,89,0,91,0,13,113,0,126,224,0,224,350
04/27/2022,LYH,VA,AEA,EN,Federal Contract Tower,0,14,19,0,33,0,0,35,0,35,0,14,54,0,68,62,0,62,130
04/28/2022,LYH,VA,AEA,EN,Federal Contract Tower,0,10,49,0,59,0,0,172,0,172,0,10,221,0,231,262,0,262,493
04/29/2022,LYH,VA,AEA,EN,Federal Contract Tower,0,8,42,3,53,0,0,176,2,178,0,8,218,5,231,250,0,250,481
04/30/2022,LYH,VA,AEA,EN,Federal Contract Tower,0,24,25,0,49,0,1,66,0,67,0,25,91,0,116,120,0,120,236
05/01/2022,LYH,VA,AEA,EN,Federal Contract Tower,0,18,17,0,35,0,0,2,0,2,0,18,19,0,37,0,0,0,37
05/02/2022,LYH,VA,AEA,EN,Federal Contract Tower,0,8,27,0,35,0,0,99,0,99,0,8,126,0,134,212,0,212,346
05/03/2022,LYH,VA,AEA,EN,Federal Contract Tower,0,14,27,4,45,0,0,98,0,98,0,14,125,4,143,222,0,222,365
05/04/2022,LYH,VA,AEA,EN,Federal Contract Tower,0,14,55,2,71,0,0,84,0,84,0,14,139,2,155,122,0,122,277
05/05/2022,LYH,VA,AEA,EN,Federal Contract Tower,4,8,59,0,71,0,0,165,0,165,4,8,224,0,236,314,0,314,550
05/06/2022,LYH,VA,AEA,EN,Federal Contract Tower,2,10,21,0,33,0,0,0,0,0,2,10,21,0,33,0,0,0,33
05/07/2022,LYH,VA,AEA,EN,Federal Contract Tower,2,11,25,0,38,0,0,0,0,0,2,11,25,0,38,0,0,0,38
05/08/2022,LYH,VA,AEA,EN,Federal Contract Tower,4,11,15,0,30,0,1,14,1,16,4,12,29,1,46,32,0,32,78
05/09/2022,LYH,VA,AEA,EN,Federal Contract Tower,2,8,13,6,29,0,0,126,16,142,2,8,139,22,171,226,0,226,397
05/10/2022,LYH,VA,AEA,EN,Federal Contract Tower,2,17,30,2,51,0,4,135,0,139,2,21,165,2,190,238,0,238,428
05/11/2022,LYH,VA,AEA,EN,Federal Contract Tower,0,12,28,0,40,0,0,122,0,122,0,12,150,0,162,330,0,330,492
05/12/2022,LYH,VA,AEA,EN,Federal Contract Tower,4,7,30,4,45,0,4,67,0,71,4,11,97,4,116,150,0,150,266
05/13/2022,LYH,VA,AEA,EN,Federal Contract Tower,2,7,34,6,49,0,0,3,0,3,2,7,37,6,52,12,0,12,64
05/14/2022,LYH,VA,AEA,EN,Federal Contract Tower,0,10,6,0,16,0,0,0,0,0,0,10,6,0,16,0,0,0,16
05/15/2022,LYH,VA,AEA,EN,Federal Contract Tower,2,3,15,0,20,0,6,35,0,41,2,9,50,0,61,66,0,66,127
05/16/2022,LYH,VA,AEA,EN,Federal Contract Tower,4,10,21,0,35,0,0,96,0,96,4,10,117,0,131,270,0,270,401
05/17/2022,LYH,VA,AEA,EN,Federal Contract Tower,2,9,22,0,33,0,2,155,0,157,2,11,177,0,190,364,0,364,554
05/18/2022,LYH,VA,AEA,EN,Federal Contract Tower,2,8,33,0,43,0,2,172,0,174,2,10,205,0,217,398,0,398,615
05/19/2022,LYH,VA,AEA,EN,Federal Contract Tower,4,7,37,12,60,0,0,152,1,153,4,7,189,13,213,350,0,350,563
05/20/2022,LYH,VA,AEA,EN,Federal Contract Tower,5,7,34,0,46,0,0,117,0,117,5,7,151,0,163,320,0,320,483
05/21/2022,LYH,VA,AEA,EN,Federal Contract Tower,1,7,20,0,28,0,0,56,0,56,1,7,76,0,84,82,0,82,166
05/22/2022,LYH,VA,AEA,EN,Federal Contract Tower,2,6,12,0,20,0,1,21,0,22,2,7,33,0,42,58,0,58,100
05/23/2022,LYH,VA,AEA,EN,Federal Contract Tower,2,8,38,2,50,0,1,19,0,20,2,9,57,2,70,64,0,64,134
05/24/2022,LYH,VA,AEA,EN,Federal Contract Tower,2,9,58,0,69,0,0,1,1,2,2,9,59,1,71,0,0,0,71
05/25/2022,LYH,VA,AEA,EN,Federal Contract Tower,2,7,50,2,61,0,0,62,0,62,2,7,112,2,123,242,0,242,365
05/26/2022,LYH,VA,AEA,EN,Federal Contract Tower,4,10,61,0,75,0,0,2,0,2,4,10,63,0,77,0,0,0,77
05/27/2022,LYH,VA,AEA,EN,Federal Contract Tower,4,8,13,0,25,0,0,14,0,14,4,8,27,0,39,102,0,102,141
05/28/2022,LYH,VA,AEA,EN,Federal Contract Tower,2,9,23,0,34,0,1,84,0,85,2,10,107,0,119,102,0,102,221
05/29/2022,LYH,VA,AEA,EN,Federal Contract Tower,2,3,23,0,28,0,0,39,0,39,2,3,62,0,67,62,0,62,129
05/30/2022,LYH,VA,AEA,EN,Federal Contract Tower,4,8,27,4,43,0,0,153,0,153,4,8,180,4,196,262,0,262,458
05/31/2022,LYH,VA,AEA,EN,Federal Contract Tower,2,9,22,0,33,0,0,154,2,156,2,9,176,2,189,234,0,234,423
06/01/2022,LYH,VA,AEA,EN,Federal Contract Tower,2,12,27,0,41,0,2,134,0,136,2,14,161,0,177,204,0,204,381
06/02/2022,LYH,VA,AEA,EN,Federal Contract Tower,4,8,24,2,38,0,0,127,4,131,4,8,151,6,169,122,0,122,291
06/03/2022,LYH,VA,AEA,EN,Federal Contract Tower,3,13,31,0,47,0,0,138,0,138,3,13,169,0,185,266,0,266,451
06/04/2022,LYH,VA,AEA,EN,Federal Contract Tower,3,11,23,0,37,0,0,79,0,79,3,11,102,0,116,12,0,12,128
06/05/2022,LYH,VA,AEA,EN,Federal Contract Tower,4,15,23,0,42,0,0,45,0,45,4,15,68,0,87,20,0,20,107
06/06/2022,LYH,VA,AEA,EN,Federal Contract Tower,5,15,24,4,48,0,0,107,0,107,5,15,131,4,155,202,0,202,357
06/07/2022,LYH,VA,AEA,EN,Federal Contract Tower,3,9,20,4,36,0,0,80,2,82,3,9,100,6,118,200,0,200,318
06/08/2022,LYH,VA,AEA,EN,Federal Contract Tower,3,19,5,4,31,0,0,38,0,38,3,19,43,4,69,142,0,142,211
06/09/2022,LYH,VA,AEA,EN,Federal Contract Tower,3,9,17,2,31,0,0,122,0,122,3,9,139,2,153,242,0,242,395
06/10/2022,LYH,VA,AEA,EN,Federal Contract Tower,3,13,19,10,45,0,0,126,0,126,3,13,145,10,171,296,0,296,467
06/11/2022,LYH,VA,AEA,EN,Federal Contract Tower,3,12,8,0,23,0,1,36,4,41,3,13,44,4,64,36,0,36,100
06/12/2022,LYH,VA,AEA,EN,Federal Contract Tower,3,14,20,8,45,0,6,14,0,20,3,20,34,8,65,48,0,48,113
06/13/2022,LYH,VA,AEA,EN,Federal Contract Tower,3,11,18,2,34,0,6,117,0,123,3,17,135,2,157,276,2,278,435
06/14/2022,LYH,VA,AEA,EN,Federal Contract Tower,3,8,13,0,24,0,0,67,0,67,3,8,80,0,91,108,0,108,199
06/15/2022,LYH,VA,AEA,EN,Federal Contract Tower,3,13,30,0,46,0,6,114,0,120,3,19,144,0,166,270,0,270,436
06/16/2022,LYH,VA,AEA,EN,Federal Contract Tower,2,11,14,0,27,0,6,64,0,70,2,17,78,0,97,96,0,96,193
06/17/2022,LYH,VA,AEA,EN,Federal Contract Tower,3,9,30,0,42,0,0,132,0,132,3,9,162,0,174,140,0,140,314
06/18/2022,LYH,VA,AEA,EN,Federal Contract Tower,3,12,23,0,38,0,0,55,0,55,3,12,78,0,93,38,0,38,131
06/19/2022,LYH,VA,AEA,EN,Federal Contract Tower,3,10,11,0,24,0,2,33,0,35,3,12,44,0,59,14,0,14,73
06/20/2022,LYH,VA,AEA,EN,Federal Contract Tower,2,16,34,0,52,0,6,174,1,181,2,22,208,1,233,302,0,302,535
06/21/2022,LYH,VA,AEA,EN,Federal Contract Tower,3,8,27,2,40,0,1,123,2,126,3,9,150,4,166,222,10,232,398
06/22/2022,LYH,VA,AEA,EN,Federal Contract Tower,3,10,18,4,35,0,0,111,0,111,3,10,129,4,146,286,0,286,432
06/23/2022,LYH,VA,AEA,EN,Federal Contract Tower,2,9,31,3,45,0,0,60,2,62,2,9,91,5,107,168,18,186,293
06/24/2022,LYH,VA,AEA,EN,Federal Contract Tower,3,11,35,3,52,0,0,142,5,147,3,11,177,8,199,312,6,318,517
06/25/2022,LYH,VA,AEA,EN,Federal Contract Tower,2,7,7,0,16,0,0,68,0,68,2,7,75,0,84,110,0,110,194
06/26/2022,LYH,VA,AEA,EN,Federal Contract Tower,5,10,11,4,30,0,0,23,0,23,5,10,34,4,53,22,0,22,75
06/27/2022,LYH,VA,AEA,EN,Federal Contract Tower,2,15,30,0,47,0,2,92,0,94,2,17,122,0,141,196,0,196,337
06/28/2022,LYH,VA,AEA,EN,Federal Contract Tower,3,9,38,2,52,0,0,153,2,155,3,9,191,4,207,270,2,272,479
06/29/2022,LYH,VA,AEA,EN,Federal Contract Tower,3,9,31,8,51,0,0,165,2,167,3,9,196,10,218,314,0,314,532
06/30/2022,LYH,VA,AEA,EN,Federal Contract Tower,3,10,39,0,52,0,0,99,0,99,3,10,138,0,151,204,0,204,355
07/01/2022,LYH,VA,AEA,EN,Federal Contract Tower,2,10,23,0,35,0,0,94,0,94,2,10,117,0,129,182,0,182,311
07/02/2022,LYH,VA,AEA,EN,Federal Contract Tower,0,14,8,0,22,0,0,26,0,26,0,14,34,0,48,18,0,18,66
07/03/2022,LYH,VA,AEA,EN,Federal Contract Tower,2,14,7,0,23,0,1,6,0,7,2,15,13,0,30,0,0,0,30
07/04/2022,LYH,VA,AEA,EN,Federal Contract Tower,2,13,7,0,22,0,8,34,0,42,2,21,41,0,64,10,0,10,74
07/05/2022,LYH,VA,AEA,EN,Federal Contract Tower,2,8,16,0,26,0,1,63,0,64,2,9,79,0,90,178,0,178,268
07/06/2022,LYH,VA,AEA,EN,Federal Contract Tower,2,11,19,0,32,0,2,88,0,90,2,13,107,0,122,164,0,164,286
07/07/2022,LYH,VA,AEA,EN,Federal Contract Tower,2,12,16,5,35,0,0,58,2,60,2,12,74,7,95,162,6,168,263
07/08/2022,LYH,VA,AEA,EN,Federal Contract Tower,0,14,28,2,44,0,0,43,0,43,0,14,71,2,87,116,0,116,203
07/09/2022,LYH,VA,AEA,EN,Federal Contract Tower,2,16,15,0,33,0,3,15,0,18,2,19,30,0,51,58,0,58,109
07/10/2022,LYH,VA,AEA,EN,Federal Contract Tower,2,8,24,0,34,0,1,5,0,6,2,9,29,0,40,8,0,8,48
07/11/2022,LYH,VA,AEA,EN,Federal Contract Tower,0,12,27,1,40,0,4,154,3,161,0,16,181,4,201,284,2,286,487
07/12/2022,LYH,VA,AEA,EN,Federal Contract Tower,2,11,16,2,31,0,4,122,2,128,2,15,138,4,159,200,0,200,359
07/13/2022,LYH,VA,AEA,EN,Federal Contract Tower,2,11,27,0,40,0,0,126,0,126,2,11,153,0,166,246,0,246,412
07/14/2022,LYH,VA,AEA,EN,Federal Contract Tower,2,14,18,0,34,0,4,142,24,170,2,18,160,24,204,244,22,266,470
07/15/2022,LYH,VA,AEA,EN,Federal Contract Tower,2,11,28,0,41,0,3,155,2,160,2,14,183,2,201,206,0,206,407
07/16/2022,LYH,VA,AEA,EN,Federal Contract Tower,0,6,15,2,23,0,0,33,0,33,0,6,48,2,56,86,0,86,142
07/17/2022,LYH,VA,AEA,EN,Federal Contract Tower,2,10,18,10,40,0,0,17,3,20,2,10,35,13,60,12,6,18,78
07/18/2022,LYH,VA,AEA,EN,Federal Contract Tower,2,8,26,2,38,0,0,45,0,45,2,8,71,2,83,82,0,82,165
07/19/2022,LYH,VA,AEA,EN,Federal Contract Tower,2,11,43,2,58,0,0,117,4,121,2,11,160,6,179,276,0,276,455
07/20/2022,LYH,VA,AEA,EN,Federal Contract Tower,2,15,30,0,47,0,0,148,2,150,2,15,178,2,197,368,0,368,565
07/21/2022,LYH,VA,AEA,EN,Federal Contract Tower,2,10,23,6,41,0,1,105,9,115,2,11,128,15,156,246,6,252,408
07/22/2022,LYH,VA,AEA,EN,Federal Contract Tower,2,9,43,3,57,0,4,136,5,145,2,13,179,8,202,272,8,280,482
07/23/2022,LYH,VA,AEA,EN,Federal Contract Tower,0,11,14,0,25,0,2,46,0,48,0,13,60,0,73,158,0,158,231
07/24/2022,LYH,VA,AEA,EN,Federal Contract Tower,0,17,30,0,47,0,0,49,0,49,0,17,79,0,96,48,0,48,144
07/25/2022,LYH,VA,AEA,EN,Federal Contract Tower,0,12,17,2,31,0,0,51,0,51,0,12,68,2,82,94,0,94,176
07/26/2022,LYH,VA,AEA,EN,Federal Contract Tower,2,10,26,0,38,0,2,19,0,21,2,12,45,0,59,60,0,60,119
07/27/2022,LYH,VA,AEA,EN,Federal Contract Tower,2,13,29,0,44,0,1,105,2,108,2,14,134,2,152,210,0,210,362
07/28/2022,LYH,VA,AEA,EN,Federal Contract Tower,2,14,40,0,56,0,0,130,2,132,2,14,170,2,188,328,0,328,516
07/29/2022,LYH,VA,AEA,EN,Federal Contract Tower,2,12,16,0,30,0,0,98,0,98,2,12,114,0,128,228,0,228,356
07/30/2022,LYH,VA,AEA,EN,Federal Contract Tower,2,11,16,0,29,0,0,55,0,55,2,11,71,0,84,54,0,54,138
07/31/2022,LYH,VA,AEA,EN,Federal Contract Tower,0,9,2,0,11,0,0,5,0,5,0,9,7,0,16,0,0,0,16
08/01/2022,LYH,VA,AEA,EN,Federal Contract Tower,2,14,29,0,45,0,6,46,2,54,2,20,75,2,99,132,0,132,231
08/02/2022,LYH,VA,AEA,EN,Federal Contract Tower,2,12,29,3,46,0,5,120,5,130,2,17,149,8,176,316,20,336,512
08/03/2022,LYH,VA,AEA,EN,Federal Contract Tower,2,11,32,0,45,0,4,109,0,113,2,15,141,0,158,192,0,192,350
08/04/2022,LYH,VA,AEA,EN,Federal Contract Tower,0,17,34,0,51,0,3,110,0,113,0,20,144,0,164,246,0,246,410
08/05/2022,LYH,VA,AEA,EN,Federal Contract Tower,2,8,20,2,32,0,0,54,2,56,2,8,74,4,88,92,0,92,180
08/06/2022,LYH,VA,AEA,EN,Federal Contract Tower,0,8,21,4,33,0,0,14,0,14,0,8,35,4,47,32,0,32,79
08/07/2022,LYH,VA,AEA,EN,Federal Contract Tower,0,14,22,0,36,0,0,7,0,7,0,14,29,0,43,6,0,6,49
08/08/2022,LYH,VA,AEA,EN,Federal Contract Tower,2,12,17,4,35,0,0,78,2,80,2,12,95,6,115,192,0,192,307
08/09/2022,LYH,VA,AEA,EN,Federal Contract Tower,2,15,18,0,35,0,2,132,3,137,2,17,150,3,172,264,0,264,436
08/10/2022,LYH,VA,AEA,EN,Federal Contract Tower,2,8,15,0,25,0,4,81,0,85,2,12,96,0,110,130,0,130,240
08/11/2022,LYH,VA,AEA,EN,Federal Contract Tower,0,13,37,2,52,0,3,117,2,122,0,16,154,4,174,300,0,300,474
08/12/2022,LYH,VA,AEA,EN,Federal Contract Tower,2,8,37,0,47,0,0,103,1,104,2,8,140,1,151,256,0,256,407
08/13/2022,LYH,VA,AEA,EN,Federal Contract Tower,2,10,15,0,27,0,0,67,0,67,2,10,82,0,94,20,0,20,114
08/14/2022,LYH,VA,AEA,EN,Federal Contract Tower,0,8,17,0,25,0,2,18,0,20,0,10,35,0,45,20,0,20,65
08/15/2022,LYH,VA,AEA,EN,Federal Contract Tower,0,12,23,0,35,0,0,2,0,2,0,12,25,0,37,0,0,0,37
08/16/2022,LYH,VA,AEA,EN,Federal Contract Tower,0,16,30,0,46,0,0,23,7,30,0,16,53,7,76,42,0,42,118
08/17/2022,LYH,VA,AEA,EN,Federal Contract Tower,0,16,31,2,49,0,0,80,2,82,0,16,111,4,131,78,2,80,211
08/18/2022,LYH,VA,AEA,EN,Federal Contract Tower,0,13,30,0,43,0,0,119,2,121,0,13,149,2,164,86,0,86,250
08/19/2022,LYH,VA,AEA,EN,Federal Contract Tower,0,10,26,0,36,0,0,71,6,77,0,10,97,6,113,66,0,66,179
08/20/2022,LYH,VA,AEA,EN,Federal Contract Tower,0,10,21,0,31,0,0,35,0,35,0,10,56,0,66,22,0,22,88
08/21/2022,LYH,VA,AEA,EN,Federal Contract Tower,0,9,13,4,26,0,0,4,0,4,0,9,17,4,30,0,2,2,32
08/22/2022,LYH,VA,AEA,EN,Federal Contract Tower,0,10,23,0,33,0,0,27,0,27,0,10,50,0,60,22,0,22,82
08/23/2022,LYH,VA,AEA,EN,Federal Contract Tower,0,13,31,10,54,0,6,74,0,80,0,19,105,10,134,154,0,154,288
08/24/2022,LYH,VA,AEA,EN,Federal Contract Tower,0,11,19,4,34,0,2,76,0,78,0,13,95,4,112,230,0,230,342
08/25/2022,LYH,VA,AEA,EN,Federal Contract Tower,0,11,17,0,28,0,2,85,0,87,0,13,102,0,115,144,0,144,259
08/26/2022,LYH,VA,AEA,EN,Federal Contract Tower,0,16,60,0,76,0,4,107,0,111,0,20,167,0,187,226,0,226,413
08/27/2022,LYH,VA,AEA,EN,Federal Contract Tower,0,6,20,5,31,0,5,81,0,86,0,11,101,5,117,174,0,174,291
08/28/2022,LYH,VA,AEA,EN,Federal Contract Tower,0,15,23,0,38,0,9,46,0,55,0,24,69,0,93,4,0,4,97
08/29/2022,LYH,VA,AEA,EN,Federal Contract Tower,0,15,40,6,61,0,12,124,0,136,0,27,164,6,197,264,8,272,469
08/30/2022,LYH,VA,AEA,EN,Federal Contract Tower,0,7,26,2,35,0,2,75,0,77,0,9,101,2,112,182,0,182,294
08/31/2022,LYH,VA,AEA,EN,Federal Contract Tower,0,13,39,0,52,0,4,151,2,157,0,17,190,2,209,294,0,294,503
09/01/2022,LYH,VA,AEA,EN,Federal Contract Tower,0,16,50,0,66,0,6,137,0,143,0,22,187,0,209,132,0,132,341
09/02/2022,LYH,VA,AEA,EN,Federal Contract Tower,2,15,71,0,88,0,1,172,0,173,2,16,243,0,261,198,0,198,459
09/03/2022,LYH,VA,AEA,EN,Federal Contract Tower,0,10,27,0,37,0,0,21,0,21,0,10,48,0,58,12,0,12,70
09/04/2022,LYH,VA,AEA,EN,Federal Contract Tower,0,6,16,0,22,0,0,10,0,10,0,6,26,0,32,24,0,24,56
09/05/2022,LYH,VA,AEA,EN,Federal Contract Tower,0,13,78,0,91,0,0,44,0,44,0,13,122,0,135,144,0,144,279
09/06/2022,LYH,VA,AEA,EN,Federal Contract Tower,0,13,29,2,44,0,4,98,5,107,0,17,127,7,151,260,26,286,437
09/07/2022,LYH,VA,AEA,EN,Federal Contract Tower,2,10,51,0,63,0,0,48,0,48,2,10,99,0,111,144,0,144,255
09/08/2022,LYH,VA,AEA,EN,Federal Contract Tower,2,10,57,0,69,0,1,74,2,77,2,11,131,2,146,198,0,198,344
09/09/2022,LYH,VA,AEA,EN,Federal Contract Tower,3,15,63,0,81,0,2,125,0,127,3,17,188,0,208,240,0,240,448
09/10/2022,LYH,VA,AEA,EN,Federal Contract Tower,2,11,30,0,43,0,0,1,0,1,2,11,31,0,44,0,0,0,44
09/11/2022,LYH,VA,AEA,EN,Federal Contract Tower,2,14,14,0,30,0,0,5,0,5,2,14,19,0,35,0,0,0,35
09/12/2022,LYH,VA,AEA,EN,Federal Contract Tower,2,11,28,0,41,0,4,54,0,58,2,15,82,0,99,202,0,202,301
09/13/2022,LYH,VA,AEA,EN,Federal Contract Tower,2,17,22,0,41,0,0,138,0,138,2,17,160,0,179,254,0,254,433
09/14/2022,LYH,VA,AEA,EN,Federal Contract Tower,3,12,43,0,58,0,0,125,0,125,3,12,168,0,183,384,0,384,567
09/15/2022,LYH,VA,AEA,EN,Federal Contract Tower,2,19,44,3,68,0,1,126,0,127,2,20,170,3,195,262,0,262,457
09/16/2022,LYH,VA,AEA,EN,Federal Contract Tower,0,15,69,2,86,0,2,160,4,166,0,17,229,6,252,386,0,386,638
09/17/2022,LYH,VA,AEA,EN,Federal Contract Tower,2,13,33,2,50,0,2,82,0,84,2,15,115,2,134,100,0,100,234
09/18/2022,LYH,VA,AEA,EN,Federal Contract Tower,0,10,24,0,34,0,0,61,0,61,0,10,85,0,95,6,0,6,101
09/19/2022,LYH,VA,AEA,EN,Federal Contract Tower,2,12,40,4,58,0,4,140,0,144,2,16,180,4,202,370,0,370,572
09/20/2022,LYH,VA,AEA,EN,Federal Contract Tower,2,11,39,5,57,0,4,143,0,147,2,15,182,5,204,284,0,284,488
09/21/2022,LYH,VA,AEA,EN,Federal Contract Tower,2,10,28,0,40,0,1,181,1,183,2,11,209,1,223,324,0,324,547
09/22/2022,LYH,VA,AEA,EN,Federal Contract Tower,2,12,33,0,47,0,0,64,4,68,2,12,97,4,115,94,0,94,209
09/23/2022,LYH,VA,AEA,EN,Federal Contract Tower,5,12,30,0,47,0,0,98,0,98,5,12,128,0,145,234,0,234,379
09/24/2022,LYH,VA,AEA,EN,Federal Contract Tower,2,12,14,1,29,0,2,88,0,90,2,14,102,1,119,74,0,74,193
09/25/2022,LYH,VA,AEA,EN,Federal Contract Tower,2,10,21,2,35,0,1,28,0,29,2,11,49,2,64,6,0,6,70
09/26/2022,LYH,VA,AEA,EN,Federal Contract Tower,2,15,24,0,41,0,0,119,1,120,2,15,143,1,161,254,0,254,415
09/27/2022,LYH,VA,AEA,EN,Federal Contract Tower,2,13,38,0,53,0,4,123,12,139,2,17,161,12,192,362,0,362,554
09/29/2022,LYH,VA,AEA,EN,Federal Contract Tower,2,15,48,2,67,0,2,100,0,102,2,17,148,2,169,138,0,138,307
09/30/2022,LYH,VA,AEA,EN,Federal Contract Tower,2,8,12,0,22,0,0,11,0,11,2,8,23,0,33,48,0,48,81
10/01/2022,LYH,VA,AEA,EN,Federal Contract Tower,2,11,5,0,18,0,0,0,0,0,2,11,5,0,18,0,0,0,18
10/02/2022,LYH,VA,AEA,EN,Federal Contract Tower,3,12,14,0,29,0,0,0,0,0,3,12,14,0,29,0,0,0,29
10/03/2022,LYH,VA,AEA,EN,Federal Contract Tower,3,18,33,0,54,0,6,107,0,113,3,24,140,0,167,276,0,276,443
10/04/2022,LYH,VA,AEA,EN,Federal Contract Tower,2,19,40,1,62,0,2,157,2,161,2,21,197,3,223,288,6,294,517
10/05/2022,LYH,VA,AEA,EN,Federal Contract Tower,2,16,48,4,70,0,4,186,2,192,2,20,234,6,262,352,12,364,626
10/06/2022,LYH,VA,AEA,EN,Federal Contract Tower,0,16,22,3,41,0,0,153,3,156,0,16,175,6,197,224,10,234,431
10/07/2022,LYH,VA,AEA,EN,Federal Contract Tower,2,15,43,4,64,0,1,152,4,157,2,16,195,8,221,212,0,212,433
10/08/2022,LYH,VA,AEA,EN,Federal Contract Tower,0,14,21,0,35,0,1,87,0,88,0,15,108,0,123,116,0,116,239
10/09/2022,LYH,VA,AEA,EN,Federal Contract Tower,0,12,17,0,29,0,4,48,0,52,0,16,65,0,81,14,0,14,95
10/10/2022,LYH,VA,AEA,EN,Federal Contract Tower,0,19,19,2,40,0,4,147,2,153,0,23,166,4,193,196,0,196,389
10/11/2022,LYH,VA,AEA,EN,Federal Contract Tower,0,9,52,1,62,0,8,164,5,177,0,17,216,6,239,268,0,268,507
10/12/2022,LYH,VA,AEA,EN,Federal Contract Tower,0,17,45,2,64,0,0,108,1,109,0,17,153,3,173,270,6,276,449
10/13/2022,LYH,VA,AEA,EN,Federal Contract Tower,0,17,36,5,58,0,0,36,0,36,0,17,72,5,94,146,26,172,266
10/14/2022,LYH,VA,AEA,EN,Federal Contract Tower,0,15,24,1,40,0,0,175,1,176,0,15,199,2,216,262,0,262,478
10/15/2022,LYH,VA,AEA,EN,Federal Contract Tower,0,15,17,2,34,0,0,91,0,91,0,15,108,2,125,116,0,116,241
10/16/2022,LYH,VA,AEA,EN,Federal Contract Tower,0,19,22,0,41,0,0,16,0,16,0,19,38,0,57,4,0,4,61
10/17/2022,LYH,VA,AEA,EN,Federal Contract Tower,0,20,30,0,50,0,2,81,2,85,0,22,111,2,135,206,0,206,341
10/18/2022,LYH,VA,AEA,EN,Federal Contract Tower,0,12,32,4,48,0,4,134,6,144,0,16,166,10,192,248,4,252,444
10/19/2022,LYH,VA,AEA,EN,Federal Contract Tower,0,12,33,0,45,0,0,119,2,121,0,12,152,2,166,200,2,202,368
10/20/2022,LYH,VA,AEA,EN,Federal Contract Tower,0,19,12,0,31,0,0,116,0,116,0,19,128,0,147,196,0,196,343
10/21/2022,LYH,VA,AEA,EN,Federal Contract Tower,0,16,37,10,63,0,3,124,0,127,0,19,161,10,190,222,0,222,412
10/22/2022,LYH,VA,AEA,EN,Federal Contract Tower,2,13,22,4,41,0,2,92,0,94,2,15,114,4,135,112,0,112,247
10/23/2022,LYH,VA,AEA,EN,Federal Contract Tower,0,12,27,7,46,0,0,21,1,22,0,12,48,8,68,36,0,36,104
10/24/2022,LYH,VA,AEA,EN,Federal Contract Tower,0,21,24,0,45,0,11,118,4,133,0,32,142,4,178,224,40,264,442
10/25/2022,LYH,VA,AEA,EN,Federal Contract Tower,0,10,41,0,51,0,8,85,0,93,0,18,126,0,144,198,0,198,342
10/27/2022,LYH,VA,AEA,EN,Federal Contract Tower,0,12,29,4,45,0,0,168,1,169,0,12,197,5,214,252,10,262,476
10/28/2022,LYH,VA,AEA,EN,Federal Contract Tower,0,16,36,6,58,0,0,113,2,115,0,16,149,8,173,194,0,194,367
10/29/2022,LYH,VA,AEA,EN,Federal Contract Tower,0,10,16,0,26,0,2,77,2,81,0,12,93,2,107,88,0,88,195
10/30/2022,LYH,VA,AEA,EN,Federal Contract Tower,0,11,18,4,33,0,2,28,0,30,0,13,46,4,63,4,0,4,67
10/31/2022,LYH,VA,AEA,EN,Federal Contract Tower,0,13,29,2,44,0,0,2,0,2,0,13,31,2,46,4,0,4,50
11/01/2022,LYH,VA,AEA,EN,Federal Contract Tower,0,13,53,0,66,0,0,189,0,189,0,13,242,0,255,242,0,242,497
11/02/2022,LYH,VA,AEA,EN,Federal Contract Tower,0,10,32,3,45,0,4,156,4,164,0,14,188,7,209,240,12,252,461
11/03/2022,LYH,VA,AEA,EN,Federal Contract Tower,0,14,28,0,42,0,2,153,1,156,0,16,181,1,198,288,0,288,486
11/04/2022,LYH,VA,AEA,EN,Federal Contract Tower,2,13,34,0,49,0,1,147,0,148,2,14,181,0,197,320,0,320,517
11/05/2022,LYH,VA,AEA,EN,Federal Contract Tower,0,12,9,0,21,0,2,11,0,13,0,14,20,0,34,6,0,6,40
11/06/2022,LYH,VA,AEA,EN,Federal Contract Tower,0,11,21,0,32,0,0,1,0,1,0,11,22,0,33,0,0,0,33
11/07/2022,LYH,VA,AEA,EN,Federal Contract Tower,0,15,43,2,60,0,4,136,2,142,0,19,179,4,202,254,0,254,456
11/08/2022,LYH,VA,AEA,EN,Federal Contract Tower,0,12,25,0,37,0,0,133,0,133,0,12,158,0,170,254,0,254,424
11/09/2022,LYH,VA,AEA,EN,Federal Contract Tower,0,11,22,2,35,0,2,144,0,146,0,13,166,2,181,300,0,300,481
11/10/2022,LYH,VA,AEA,EN,Federal Contract Tower,0,12,47,2,61,0,1,81,5,87,0,13,128,7,148,190,0,190,338
11/11/2022,LYH,VA,AEA,EN,Federal Contract Tower,2,14,4,0,20,0,0,2,0,2,2,14,6,0,22,6,0,6,28
11/12/2022,LYH,VA,AEA,EN,Federal Contract Tower,2,11,18,0,31,0,1,86,0,87,2,12,104,0,118,128,0,128,246
11/13/2022,LYH,VA,AEA,EN,Federal Contract Tower,0,13,11,0,24,0,8,34,0,42,0,21,45,0,66,4,0,4,70
11/14/2022,LYH,VA,AEA,EN,Federal Contract Tower,0,11,36,4,51,0,0,173,0,173,0,11,209,4,224,360,12,372,596
11/15/2022,LYH,VA,AEA,EN,Federal Contract Tower,0,18,11,0,29,0,0,17,0,17,0,18,28,0,46,44,0,44,90
11/16/2022,LYH,VA,AEA,EN,Federal Contract Tower,0,12,42,2,56,0,0,164,4,168,0,12,206,6,224,272,10,282,506
11/17/2022,LYH,VA,AEA,EN,Federal Contract Tower,0,15,29,0,44,0,4,132,0,136,0,19,161,0,180,294,0,294,474
11/18/2022,LYH,VA,AEA,EN,Federal Contract Tower,0,20,38,0,58,0,0,124,2,126,0,20,162,2,184,264,0,264,448
11/19/2022,LYH,VA,AEA,EN,Federal Contract Tower,0,16,23,0,39,0,2,69,1,72,0,18,92,1,111,146,0,146,257
11/20/2022,LYH,VA,AEA,EN,Federal Contract Tower,0,12,10,0,22,0,0,11,0,11,0,12,21,0,33,6,0,6,39
11/21/2022,LYH,VA,AEA,EN,Federal Contract Tower,0,18,16,0,34,0,5,120,1,126,0,23,136,1,160,258,0,258,418
11/22/2022,LYH,VA,AEA,EN,Federal Contract Tower,0,13,24,0,37,0,2,93,2,97,0,15,117,2,134,120,0,120,254
11/23/2022,LYH,VA,AEA,EN,Federal Contract Tower,0,14,20,0,34,0,0,63,0,63,0,14,83,0,97,74,0,74,171
11/24/2022,LYH,VA,AEA,EN,Federal Contract Tower,0,7,6,0,13,0,0,6,0,6,0,7,12,0,19,0,0,0,19
11/25/2022,LYH,VA,AEA,EN,Federal Contract Tower,1,13,10,0,24,0,0,9,0,9,1,13,19,0,33,0,0,0,33
11/26/2022,LYH,VA,AEA,EN,Federal Contract Tower,1,10,15,0,26,0,2,25,0,27,1,12,40,0,53,40,0,40,93
11/27/2022,LYH,VA,AEA,EN,Federal Contract Tower,2,13,8,0,23,0,0,2,0,2,2,13,10,0,25,0,0,0,25
11/28/2022,LYH,VA,AEA,EN,Federal Contract Tower,0,23,29,2,54,0,0,112,1,113,0,23,141,3,167,258,6,264,431
11/29/2022,LYH,VA,AEA,EN,Federal Contract Tower,0,16,27,0,43,0,4,135,0,139,0,20,162,0,182,226,0,226,408
11/30/2022,LYH,VA,AEA,EN,Federal Contract Tower,0,7,21,0,28,0,0,13,0,13,0,7,34,0,41,6,0,6,47
12/01/2022,LYH,VA,AEA,EN,Federal Contract Tower,0,13,32,2,47,0,5,157,25,187,0,18,189,27,234,274,10,284,518
12/02/2022,LYH,VA,AEA,EN,Federal Contract Tower,0,12,44,0,56,0,0,154,0,154,0,12,198,0,210,256,0,256,466
12/03/2022,LYH,VA,AEA,EN,Federal Contract Tower,0,9,9,0,18,0,0,2,0,2,0,9,11,0,20,0,0,0,20
12/04/2022,LYH,VA,AEA,EN,Federal Contract Tower,0,12,22,0,34,0,0,42,6,48,0,12,64,6,82,52,0,52,134
12/05/2022,LYH,VA,AEA,EN,Federal Contract Tower,0,8,50,0,58,0,5,149,0,154,0,13,199,0,212,214,0,214,426
12/06/2022,LYH,VA,AEA,EN,Federal Contract Tower,0,12,14,9,35,0,0,0,0,0,0,12,14,9,35,0,0,0,35
12/07/2022,LYH,VA,AEA,EN,Federal Contract Tower,0,12,20,0,32,0,0,0,0,0,0,12,20,0,32,0,0,0,32
12/08/2022,LYH,VA,AEA,EN,Federal Contract Tower,0,17,22,2,41,0,0,3,0,3,0,17,25,2,44,4,0,4,48
12/09/2022,LYH,VA,AEA,EN,Federal Contract Tower,0,21,13,0,34,0,3,100,0,103,0,24,113,0,137,262,0,262,399
12/10/2022,LYH,VA,AEA,EN,Federal Contract Tower,0,12,14,0,26,0,2,42,0,44,0,14,56,0,70,78,0,78,148
12/11/2022,LYH,VA,AEA,EN,Federal Contract Tower,0,16,7,0,23,0,1,20,0,21,0,17,27,0,44,26,0,26,70
12/12/2022,LYH,VA,AEA,EN,Federal Contract Tower,0,14,22,2,38,0,1,114,0,115,0,15,136,2,153,220,0,220,373
12/13/2022,LYH,VA,AEA,EN,Federal Contract Tower,0,12,36,4,52,0,0,125,2,127,0,12,161,6,179,346,22,368,547
12/14/2022,LYH,VA,AEA,EN,Federal Contract Tower,0,9,27,2,38,0,2,64,0,66,0,11,91,2,104,218,2,220,324
12/15/2022,LYH,VA,AEA,EN,Federal Contract Tower,1,13,6,0,20,0,0,0,0,0,1,13,6,0,20,0,0,0,20
12/16/2022,LYH,VA,AEA,EN,Federal Contract Tower,1,13,24,6,44,0,1,103,0,104,1,14,127,6,148,148,0,148,296
12/17/2022,LYH,VA,AEA,EN,Federal Contract Tower,0,12,8,4,24,0,2,43,0,45,0,14,51,4,69,76,0,76,145
12/18/2022,LYH,VA,AEA,EN,Federal Contract Tower,0,11,5,0,16,0,0,5,0,5,0,11,10,0,21,0,0,0,21
12/19/2022,LYH,VA,AEA,EN,Federal Contract Tower,0,11,11,4,26,0,2,96,4,102,0,13,107,8,128,316,22,338,466
12/20/2022,LYH,VA,AEA,EN,Federal Contract Tower,0,9,18,2,29,0,2,103,2,107,0,11,121,4,136,262,2,264,400
12/21/2022,LYH,VA,AEA,EN,Federal Contract Tower,1,11,28,1,41,0,4,87,0,91,1,15,115,1,132,198,0,198,330
12/22/2022,LYH,VA,AEA,EN,Federal Contract Tower,0,10,6,0,16,0,0,0,0,0,0,10,6,0,16,0,0,0,16
12/23/2022,LYH,VA,AEA,EN,Federal Contract Tower,0,13,0,0,13,0,0,0,0,0,0,13,0,0,13,0,0,0,13
12/24/2022,LYH,VA,AEA,EN,Federal Contract Tower,0,8,1,0,9,0,0,9,0,9,0,8,10,0,18,0,0,0,18
12/25/2022,LYH,VA,AEA,EN,Federal Contract Tower,0,9,0,0,9,0,2,0,0,2,0,11,0,0,11,0,0,0,11
12/26/2022,LYH,VA,AEA,EN,Federal Contract Tower,0,13,5,0,18,0,0,22,0,22,0,13,27,0,40,8,0,8,48
12/27/2022,LYH,VA,AEA,EN,Federal Contract Tower,0,12,20,1,33,0,1,40,1,42,0,13,60,2,75,58,0,58,133
12/28/2022,LYH,VA,AEA,EN,Federal Contract Tower,0,9,15,4,28,0,9,57,0,66,0,18,72,4,94,58,0,58,152
12/29/2022,LYH,VA,AEA,EN,Federal Contract Tower,0,10,7,4,21,0,3,52,4,59,0,13,59,8,80,22,0,22,102
12/30/2022,LYH,VA,AEA,EN,Federal Contract Tower,0,7,12,0,19,0,1,97,0,98,0,8,109,0,117,126,0,126,243
12/31/2022,LYH,VA,AEA,EN,Federal Contract Tower,0,8,2,0,10,0,0,0,0,0,0,8,2,0,10,0,0,0,10
01/01/2023,LYH,VA,AEA,EN,Federal Contract Tower,0,10,8,0,18,0,1,18,0,19,0,11,26,0,37,28,0,28,65
01/02/2023,LYH,VA,AEA,EN,Federal Contract Tower,0,11,12,0,23,0,3,62,0,65,0,14,74,0,88,106,0,106,194
01/03/2023,LYH,VA,AEA,EN,Federal Contract Tower,0,11,30,0,41,0,4,83,0,87,0,15,113,0,128,194,0,194,322
01/04/2023,LYH,VA,AEA,EN,Federal Contract Tower,0,7,10,3,20,0,1,6,0,7,0,8,16,3,27,0,2,2,29
01/05/2023,LYH,VA,AEA,EN,Federal Contract Tower,0,11,22,0,33,0,0,118,5,123,0,11,140,5,156,212,6,218,374
01/06/2023,LYH,VA,AEA,EN,Federal Contract Tower,0,7,22,0,29,0,2,75,4,81,0,9,97,4,110,94,0,94,204
01/07/2023,LYH,VA,AEA,EN,Federal Contract Tower,0,13,15,1,29,0,0,54,1,55,0,13,69,2,84,74,0,74,158
01/08/2023,LYH,VA,AEA,EN,Federal Contract Tower,0,13,3,0,16,0,0,4,0,4,0,13,7,0,20,4,0,4,24
01/09/2023,LYH,VA,AEA,EN,Federal Contract Tower,0,11,22,0,33,0,0,52,0,52,0,11,74,0,85,124,0,124,209
01/10/2023,LYH,VA,AEA,EN,Federal Contract Tower,0,10,32,4,46,0,0,56,5,61,0,10,88,9,107,122,12,134,241
01/11/2023,LYH,VA,AEA,EN,Federal Contract Tower,0,9,22,0,31,0,5,81,0,86,0,14,103,0,117,126,0,126,243
01/12/2023,LYH,VA,AEA,EN,Federal Contract Tower,0,12,15,1,28,0,0,14,0,14,0,12,29,1,42,56,0,56,98
01/13/2023,LYH,VA,AEA,EN,Federal Contract Tower,0,12,12,5,29,0,0,34,0,34,0,12,46,5,63,46,0,46,109
01/14/2023,LYH,VA,AEA,EN,Federal Contract Tower,0,15,7,2,24,0,3,8,0,11,0,18,15,2,35,0,0,0,35
01/16/2023,LYH,VA,AEA,EN,Federal Contract Tower,0,14,11,0,25,0,6,61,0,67,0,20,72,0,92,154,0,154,246
01/17/2023,LYH,VA,AEA,EN,Federal Contract Tower,0,17,1,0,18,0,0,6,0,6,0,17,7,0,24,12,0,12,36
01/18/2023,LYH,VA,AEA,EN,Federal Contract Tower,0,14,22,0,36,0,3,146,0,149,0,17,168,0,185,264,0,264,449
01/20/2023,LYH,VA,AEA,EN,Federal Contract Tower,0,12,36,0,48,0,1,63,0,64,0,13,99,0,112,42,0,42,154
01/21/2023,LYH,VA,AEA,EN,Federal Contract Tower,0,11,17,0,28,0,1,79,0,80,0,12,96,0,108,124,0,124,232
01/22/2023,LYH,VA,AEA,EN,Federal Contract Tower,0,9,8,0,17,0,0,0,0,0,0,9,8,0,17,0,0,0,17
01/23/2023,LYH,VA,AEA,EN,Federal Contract Tower,0,16,35,0,51,0,2,102,0,104,0,18,137,0,155,218,0,218,373
01/24/2023,LYH,VA,AEA,EN,Federal Contract Tower,0,13,23,0,36,0,2,145,8,155,0,15,168,8,191,314,0,314,505
01/25/2023,LYH,VA,AEA,EN,Federal Contract Tower,0,11,1,0,12,0,0,0,0,0,0,11,1,0,12,0,0,0,12
01/26/2023,LYH,VA,AEA,EN,Federal Contract Tower,0,15,30,1,46,0,0,64,10,74,0,15,94,11,120,86,30,116,236
01/27/2023,LYH,VA,AEA,EN,Federal Contract Tower,0,14,68,3,85,0,4,191,0,195,0,18,259,3,280,206,0,206,486
01/28/2023,LYH,VA,AEA,EN,Federal Contract Tower,0,14,20,0,34,0,1,94,0,95,0,15,114,0,129,118,0,118,247
01/29/2023,LYH,VA,AEA,EN,Federal Contract Tower,0,10,2,0,12,0,0,2,0,2,0,10,4,0,14,6,0,6,20
01/30/2023,LYH,VA,AEA,EN,Federal Contract Tower,0,16,46,7,69,0,0,165,2,167,0,16,211,9,236,394,0,394,630
01/31/2023,LYH,VA,AEA,EN,Federal Contract Tower,0,12,13,2,27,0,0,12,0,12,0,12,25,2,39,48,0,48,87
02/01/2023,LYH,VA,AEA,EN,Federal Contract Tower,0,11,4,3,18,0,0,0,0,0,0,11,4,3,18,0,0,0,18
02/02/2023,LYH,VA,AEA,EN,Federal Contract Tower,0,13,15,0,28,0,0,2,0,2,0,13,17,0,30,0,0,0,30
02/03/2023,LYH,VA,AEA,EN,Federal Contract Tower,0,13,43,0,56,0,2,121,0,123,0,15,164,0,179,148,0,148,327
02/04/2023,LYH,VA,AEA,EN,Federal Contract Tower,0,13,12,0,25,0,0,122,9,131,0,13,134,9,156,152,0,152,308
02/05/2023,LYH,VA,AEA,EN,Federal Contract Tower,0,13,14,1,28,0,2,20,9,31,0,15,34,10,59,28,0,28,87
02/06/2023,LYH,VA,AEA,EN,Federal Contract Tower,0,14,9,0,23,0,1,162,2,165,0,15,171,2,188,396,0,396,584
02/07/2023,LYH,VA,AEA,EN,Federal Contract Tower,0,11,20,0,31,0,1,174,0,175,0,12,194,0,206,335,0,335,541
02/08/2023,LYH,VA,AEA,EN,Federal Contract Tower,0,16,22,2,40,0,0,193,2,195,0,16,215,4,235,354,10,364,599
02/09/2023,LYH,VA,AEA,EN,Federal Contract Tower,0,13,8,0,21,0,0,52,0,52,0,13,60,0,73,144,0,144,217
02/10/2023,LYH,VA,AEA,EN,Federal Contract Tower,0,18,51,0,69,0,3,155,8,166,0,21,206,8,235,282,0,282,517
02/11/2023,LYH,VA,AEA,EN,Federal Contract Tower,0,11,27,8,46,0,1,70,0,71,0,12,97,8,117,190,0,190,307
02/12/2023,LYH,VA,AEA,EN,Federal Contract Tower,0,8,2,0,10,0,0,0,0,0,0,8,2,0,10,0,0,0,10
02/13/2023,LYH,VA,AEA,EN,Federal Contract Tower,0,10,44,0,54,0,1,164,8,173,0,11,208,8,227,420,0,420,647
02/14/2023,LYH,VA,AEA,EN,Federal Contract Tower,0,9,38,1,48,0,0,199,4,203,0,9,237,5,251,284,0,284,535
02/15/2023,LYH,VA,AEA,EN,Federal Contract Tower,0,10,32,3,45,0,0,158,2,160,0,10,190,5,205,384,0,384,589
02/16/2023,LYH,VA,AEA,EN,Federal Contract Tower,0,10,30,0,40,0,0,70,0,70,0,10,100,0,110,122,0,122,232
02/17/2023,LYH,VA,AEA,EN,Federal Contract Tower,0,10,10,0,20,0,0,5,0,5,0,10,15,0,25,2,0,2,27
02/18/2023,LYH,VA,AEA,EN,Federal Contract Tower,0,10,16,0,26,0,0,116,0,116,0,10,132,0,142,128,0,128,270
02/19/2023,LYH,VA,AEA,EN,Federal Contract Tower,0,7,17,0,24,0,1,20,0,21,0,8,37,0,45,8,0,8,53
02/20/2023,LYH,VA,AEA,EN,Federal Contract Tower,0,9,29,0,38,0,3,196,0,199,0,12,225,0,237,364,0,364,601
02/21/2023,LYH,VA,AEA,EN,Federal Contract Tower,0,11,26,3,40,0,0,106,0,106,0,11,132,3,146,164,0,164,310
02/22/2023,LYH,VA,AEA,EN,Federal Contract Tower,0,10,37,4,51,0,2,119,0,121,0,12,156,4,172,410,0,410,582
02/24/2023,LYH,VA,AEA,EN,Federal Contract Tower,0,14,24,0,38,0,1,42,6,49,0,15,66,6,87,46,0,46,133
02/25/2023,LYH,VA,AEA,EN,Federal Contract Tower,0,10,8,0,18,0,0,12,0,12,0,10,20,0,30,8,0,8,38
02/26/2023,LYH,VA,AEA,EN,Federal Contract Tower,0,13,26,0,39,0,0,25,0,25,0,13,51,0,64,54,0,54,118
02/27/2023,LYH,VA,AEA,EN,Federal Contract Tower,0,9,26,0,35,0,0,92,0,92,0,9,118,0,127,218,0,218,345
02/28/2023,LYH,VA,AEA,EN,Federal Contract Tower,0,11,25,4,40,0,1,185,0,186,0,12,210,4,226,264,0,264,490
03/01/2023,LYH,VA,AEA,EN,Federal Contract Tower,0,13,70,0,83,0,1,180,2,183,0,14,250,2,266,282,0,282,548
03/02/2023,LYH,VA,AEA,EN,Federal Contract Tower,0,16,40,0,56,0,4,183,0,187,0,20,223,0,243,334,0,334,577
03/03/2023,LYH,VA,AEA,EN,Federal Contract Tower,0,12,7,0,19,0,0,7,0,7,0,12,14,0,26,46,0,46,72
03/04/2023,LYH,VA,AEA,EN,Federal Contract Tower,2,13,18,0,33,0,2,30,0,32,2,15,48,0,65,24,0,24,89
03/05/2023,LYH,VA,AEA,EN,Federal Contract Tower,0,9,15,0,24,0,2,87,0,89,0,11,102,0,113,72,0,72,185
03/06/2023,LYH,VA,AEA,EN,Federal Contract Tower,0,10,52,0,62,0,3,235,6,244,0,13,287,6,306,364,0,364,670
03/07/2023,LYH,VA,AEA,EN,Federal Contract Tower,0,9,31,0,40,0,0,104,4,108,0,9,135,4,148,38,6,44,192
03/08/2023,LYH,VA,AEA,EN,Federal Contract Tower,0,11,39,0,50,0,4,195,0,199,0,15,234,0,249,306,0,306,555
03/09/2023,LYH,VA,AEA,EN,Federal Contract Tower,0,11,39,0,50,0,8,226,0,234,0,19,265,0,284,336,0,336,620
03/10/2023,LYH,VA,AEA,EN,Federal Contract Tower,0,12,16,1,29,0,0,4,0,4,0,12,20,1,33,8,0,8,41
03/11/2023,LYH,VA,AEA,EN,Federal Contract Tower,0,10,20,0,30,0,0,71,0,71,0,10,91,0,101,44,0,44,145
03/12/2023,LYH,VA,AEA,EN,Federal Contract Tower,0,7,6,0,13,0,0,0,0,0,0,7,6,0,13,0,0,0,13
03/13/2023,LYH,VA,AEA,EN,Federal Contract Tower,0,10,26,0,36,0,7,115,0,122,0,17,141,0,158,234,0,234,392
03/14/2023,LYH,VA,AEA,EN,Federal Contract Tower,0,10,5,0,15,0,0,23,0,23,0,10,28,0,38,64,0,64,102
03/16/2023,LYH,VA,AEA,EN,Federal Contract Tower,0,8,34,0,42,0,2,207,0,209,0,10,241,0,251,352,0,352,603
03/17/2023,LYH,VA,AEA,EN,Federal Contract Tower,0,12,3,0,15,0,0,62,0,62,0,12,65,0,77,168,0,168,245
03/18/2023,LYH,VA,AEA,EN,Federal Contract Tower,0,13,5,4,22,0,3,40,2,45,0,16,45,6,67,46,0,46,113
03/19/2023,LYH,VA,AEA,EN,Federal Contract Tower,0,10,13,4,27,0,4,40,0,44,0,14,53,4,71,16,4,20,91
03/20/2023,LYH,VA,AEA,EN,Federal Contract Tower,0,14,18,0,32,0,3,121,0,124,0,17,139,0,156,232,0,232,388
03/21/2023,LYH,VA,AEA,EN,Federal Contract Tower,0,9,34,5,48,0,3,178,4,185,0,12,212,9,233,276,0,276,509
03/22/2023,LYH,VA,AEA,EN,Federal Contract Tower,0,13,39,0,52,0,2,143,0,145,0,15,182,0,197,294,0,294,491
03/23/2023,LYH,VA,AEA,EN,Federal Contract Tower,0,15,19,6,40,0,3,107,0,110,0,18,126,6,150,208,4,212,362
03/24/2023,LYH,VA,AEA,EN,Federal Contract Tower,0,7,25,1,33,0,0,151,0,151,0,7,176,1,184,246,0,246,430
03/25/2023,LYH,VA,AEA,EN,Federal Contract Tower,0,12,13,0,25,0,1,3,0,4,0,13,16,0,29,0,0,0,29
03/26/2023,LYH,VA,AEA,EN,Federal Contract Tower,0,12,25,1,38,0,3,57,0,60,0,15,82,1,98,46,0,46,144
03/27/2023,LYH,VA,AEA,EN,Federal Contract Tower,0,9,39,5,53,0,6,76,1,83,0,15,115,6,136,178,0,178,314
03/28/2023,LYH,VA,AEA,EN,Federal Contract Tower,0,13,43,5,61,0,0,167,2,169,0,13,210,7,230,262,0,262,492
03/29/2023,LYH,VA,AEA,EN,Federal Contract Tower,0,8,50,5,63,0,5,159,7,171,0,13,209,12,234,310,0,310,544
03/30/2023,LYH,VA,AEA,EN,Federal Contract Tower,0,10,52,0,62,0,7,230,0,237,0,17,282,0,299,354,0,354,653
03/31/2023,LYH,VA,AEA,EN,Federal Contract Tower,1,12,16,0,29,0,4,44,0,48,1,16,60,0,77,102,0,102,179
04/01/2023,LYH,VA,AEA,EN,Federal Contract Tower,1,11,13,0,25,0,0,2,0,2,1,11,15,0,27,0,0,0,27
04/02/2023,LYH,VA,AEA,EN,Federal Contract Tower,0,10,18,0,28,0,0,52,0,52,0,10,70,0,80,38,0,38,118
04/03/2023,LYH,VA,AEA,EN,Federal Contract Tower,0,10,40,0,50,0,3,143,0,146,0,13,183,0,196,285,0,285,481
04/04/2023,LYH,VA,AEA,EN,Federal Contract Tower,0,8,49,2,59,0,2,201,2,205,0,10,250,4,264,250,2,252,516
04/05/2023,LYH,VA,AEA,EN,Federal Contract Tower,0,12,28,1,41,0,1,131,2,134,0,13,159,3,175,178,0,178,353
04/06/2023,LYH,VA,AEA,EN,Federal Contract Tower,0,18,23,3,44,0,4,101,1,106,0,22,124,4,150,215,0,215,365
04/07/2023,LYH,VA,AEA,EN,Federal Contract Tower,0,11,23,4,38,0,1,37,0,38,0,12,60,4,76,96,0,96,172
04/08/2023,LYH,VA,AEA,EN,Federal Contract Tower,0,9,22,0,31,0,7,37,0,44,0,16,59,0,75,34,0,34,109
04/09/2023,LYH,VA,AEA,EN,Federal Contract Tower,0,12,8,0,20,0,2,20,0,22,0,14,28,0,42,24,0,24,66
04/10/2023,LYH,VA,AEA,EN,Federal Contract Tower,0,10,13,6,29,0,5,53,0,58,0,15,66,6,87,60,0,60,147
04/11/2023,LYH,VA,AEA,EN,Federal Contract Tower,0,9,43,2,54,0,3,177,4,184,0,12,220,6,238,280,0,280,518
04/12/2023,LYH,VA,AEA,EN,Federal Contract Tower,0,10,36,2,48,0,0,191,2,193,0,10,227,4,241,314,2,316,557
04/13/2023,LYH,VA,AEA,EN,Federal Contract Tower,0,11,46,0,57,0,1,204,4,209,0,12,250,4,266,300,0,300,566
04/14/2023,LYH,VA,AEA,EN,Federal Contract Tower,0,18,37,0,55,0,0,74,0,74,0,18,111,0,129,260,0,260,389
04/15/2023,LYH,VA,AEA,EN,Federal Contract Tower,0,10,17,6,33,0,0,40,0,40,0,10,57,6,73,130,0,130,203
04/16/2023,LYH,VA,AEA,EN,Federal Contract Tower,0,12,14,0,26,0,0,2,0,2,0,12,16,0,28,22,0,22,50
04/17/2023,LYH,VA,AEA,EN,Federal Contract Tower,0,13,16,0,29,0,2,61,0,63,0,15,77,0,92,96,10,106,198
04/18/2023,LYH,VA,AEA,EN,Federal Contract Tower,0,9,20,0,29,0,2,63,4,69,0,11,83,4,98,122,0,122,220
04/19/2023,LYH,VA,AEA,EN,Federal Contract Tower,0,18,35,2,55,0,4,203,0,207,0,22,238,2,262,398,0,398,660
04/20/2023,LYH,VA,AEA,EN,Federal Contract Tower,0,9,34,2,45,0,0,189,0,189,0,9,223,2,234,276,2,278,512
04/21/2023,LYH,VA,AEA,EN,Federal Contract Tower,0,11,30,2,43,0,5,174,2,181,0,16,204,4,224,286,0,286,510
04/22/2023,LYH,VA,AEA,EN,Federal Contract Tower,0,10,4,0,14,0,0,18,0,18,0,10,22,0,32,28,0,28,60
04/23/2023,LYH,VA,AEA,EN,Federal Contract Tower,0,14,16,3,33,0,0,49,0,49,0,14,65,3,82,16,0,16,98
04/24/2023,LYH,VA,AEA,EN,Federal Contract Tower,0,24,30,4,58,0,0,187,0,187,0,24,217,4,245,396,0,396,641
04/25/2023,LYH,VA,AEA,EN,Federal Contract Tower,0,14,42,0,56,0,4,173,2,179,0,18,215,2,235,376,0,376,611
04/26/2023,LYH,VA,AEA,EN,Federal Contract Tower,0,11,38,1,50,0,4,186,2,192,0,15,224,3,242,356,0,356,598
04/27/2023,LYH,VA,AEA,EN,Federal Contract Tower,0,21,33,2,56,0,2,142,2,146,0,23,175,4,202,280,8,288,490
04/28/2023,LYH,VA,AEA,EN,Federal Contract Tower,0,12,26,1,39,0,0,9,1,10,0,12,35,2,49,14,0,14,63
04/29/2023,LYH,VA,AEA,EN,Federal Contract Tower,0,15,20,0,35,0,1,69,0,70,0,16,89,0,105,146,0,146,251
04/30/2023,LYH,VA,AEA,EN,Federal Contract Tower,0,14,11,2,27,0,3,12,0,15,0,17,23,2,42,10,0,10,52
05/01/2023,LYH,VA,AEA,EN,Federal Contract Tower,0,10,20,0,30,0,2,99,0,101,0,12,119,0,131,208,0,208,339
05/02/2023,LYH,VA,AEA,EN,Federal Contract Tower,0,16,17,0,33,0,0,51,0,51,0,16,68,0,84,68,0,68,152
05/03/2023,LYH,VA,AEA,EN,Federal Contract Tower,0,21,17,0,38,0,2,69,0,71,0,23,86,0,109,128,0,128,237
05/04/2023,LYH,VA,AEA,EN,Federal Contract Tower,0,13,45,0,58,0,1,167,7,175,0,14,212,7,233,276,0,276,509
05/05/2023,LYH,VA,AEA,EN,Federal Contract Tower,0,14,26,0,40,0,1,180,2,183,0,15,206,2,223,286,0,286,509
05/06/2023,LYH,VA,AEA,EN,Federal Contract Tower,0,11,22,0,33,0,0,80,0,80,0,11,102,0,113,76,0,76,189
05/07/2023,LYH,VA,AEA,EN,Federal Contract Tower,0,9,10,0,19,0,2,35,0,37,0,11,45,0,56,34,0,34,90
05/08/2023,LYH,VA,AEA,EN,Federal Contract Tower,0,7,22,0,29,0,4,167,0,171,0,11,189,0,200,326,0,326,526
05/09/2023,LYH,VA,AEA,EN,Federal Contract Tower,0,15,31,0,46,0,4,79,2,85,0,19,110,2,131,232,0,232,363
05/10/2023,LYH,VA,AEA,EN,Federal Contract Tower,0,11,50,2,63,0,0,120,0,120,0,11,170,2,183,174,8,182,365
05/11/2023,LYH,VA,AEA,EN,Federal Contract Tower,0,9,31,5,45,0,3,165,2,170,0,12,196,7,215,260,2,262,477
05/12/2023,LYH,VA,AEA,EN,Federal Contract Tower,0,19,24,8,51,0,0,83,1,84,0,19,107,9,135,20,6,26,161
05/13/2023,LYH,VA,AEA,EN,Federal Contract Tower,0,17,16,0,33,0,5,49,0,54,0,22,65,0,87,0,0,0,87
05/14/2023,LYH,VA,AEA,EN,Federal Contract Tower,0,16,17,0,33,0,1,22,0,23,0,17,39,0,56,2,0,2,58
05/15/2023,LYH,VA,AEA,EN,Federal Contract Tower,0,9,42,2,53,0,0,82,0,82,0,9,124,2,135,164,0,164,299
05/16/2023,LYH,VA,AEA,EN,Federal Contract Tower,0,8,23,0,31,0,2,70,4,76,0,10,93,4,107,204,6,210,317
05/17/2023,LYH,VA,AEA,EN,Federal Contract Tower,0,23,44,5,72,0,6,149,2,157,0,29,193,7,229,264,4,268,497
05/18/2023,LYH,VA,AEA,EN,Federal Contract Tower,0,10,31,4,45,0,0,135,2,137,0,10,166,6,182,246,0,246,428
05/19/2023,LYH,VA,AEA,EN,Federal Contract Tower,0,18,56,0,74,0,3,137,2,142,0,21,193,2,216,278,0,278,494
05/20/2023,LYH,VA,AEA,EN,Federal Contract Tower,0,9,10,0,19,0,3,60,0,63,0,12,70,0,82,80,0,80,162
05/21/2023,LYH,VA,AEA,EN,Federal Contract Tower,2,8,12,0,22,0,1,58,0,59,2,9,70,0,81,52,0,52,133
05/22/2023,LYH,VA,AEA,EN,Federal Contract Tower,0,15,45,1,61,0,2,121,0,123,0,17,166,1,184,252,0,252,436
05/23/2023,LYH,VA,AEA,EN,Federal Contract Tower,0,11,37,7,55,0,4,138,0,142,0,15,175,7,197,194,10,204,401
05/24/2023,LYH,VA,AEA,EN,Federal Contract Tower,0,11,50,4,65,0,1,135,6,142,0,12,185,10,207,176,16,192,399
05/25/2023,LYH,VA,AEA,EN,Federal Contract Tower,0,8,60,6,74,0,0,125,4,129,0,8,185,10,203,218,6,224,427
05/26/2023,LYH,VA,AEA,EN,Federal Contract Tower,0,8,27,0,35,0,2,136,0,138,0,10,163,0,173,264,0,264,437
05/27/2023,LYH,VA,AEA,EN,Federal Contract Tower,0,11,11,0,22,0,0,27,2,29,0,11,38,2,51,40,0,40,91
05/28/2023,LYH,VA,AEA,EN,Federal Contract Tower,0,13,9,0,22,0,0,2,0,2,0,13,11,0,24,2,0,2,26
05/29/2023,LYH,VA,AEA,EN,Federal Contract Tower,0,12,9,0,21,0,0,0,0,0,0,12,9,0,21,0,0,0,21
05/30/2023,LYH,VA,AEA,EN,Federal Contract Tower,0,16,49,0,65,0,0,0,0,0,0,16,49,0,65,0,0,0,65
05/31/2023,LYH,VA,AEA,EN,Federal Contract Tower,0,9,42,11,62,0,7,146,2,155,0,16,188,13,217,358,18,376,593
06/01/2023,LYH,VA,AEA,EN,Federal Contract Tower,0,12,39,0,51,0,0,166,0,166,0,12,205,0,217,146,0,146,363
06/02/2023,LYH,VA,AEA,EN,Federal Contract Tower,0,9,39,0,48,0,0,113,1,114,0,9,152,1,162,158,0,158,320
06/03/2023,LYH,VA,AEA,EN,Federal Contract Tower,0,11,6,2,19,0,2,49,5,56,0,13,55,7,75,98,0,98,173
06/04/2023,LYH,VA,AEA,EN,Federal Contract Tower,0,11,16,0,27,0,4,22,2,28,0,15,38,2,55,72,2,74,129
06/05/2023,LYH,VA,AEA,EN,Federal Contract Tower,0,10,34,0,44,0,3,119,3,125,0,13,153,3,169,194,0,194,363
06/06/2023,LYH,VA,AEA,EN,Federal Contract Tower,0,13,29,3,45,0,1,121,3,125,0,14,150,6,170,292,4,296,466
06/07/2023,LYH,VA,AEA,EN,Federal Contract Tower,0,12,34,3,49,0,5,116,7,128,0,17,150,10,177,278,14,292,469
06/08/2023,LYH,VA,AEA,EN,Federal Contract Tower,0,18,35,0,53,0,1,135,0,136,0,19,170,0,189,234,0,234,423
06/09/2023,LYH,VA,AEA,EN,Federal Contract Tower,0,14,25,7,46,0,0,122,4,126,0,14,147,11,172,136,22,158,330
06/10/2023,LYH,VA,AEA,EN,Federal Contract Tower,0,10,6,0,16,0,0,95,0,95,0,10,101,0,111,84,0,84,195
06/11/2023,LYH,VA,AEA,EN,Federal Contract Tower,0,11,14,0,25,0,2,11,0,13,0,13,25,0,38,10,0,10,48
06/12/2023,LYH,VA,AEA,EN,Federal Contract Tower,0,9,22,0,31,0,0,38,0,38,0,9,60,0,69,118,0,118,187
06/13/2023,LYH,VA,AEA,EN,Federal Contract Tower,0,14,23,0,37,0,1,149,4,154,0,15,172,4,191,234,0,234,425
06/15/2023,LYH,VA,AEA,EN,Federal Contract Tower,0,11,16,0,27,0,2,185,1,188,0,13,201,1,215,288,0,288,503
06/16/2023,LYH,VA,AEA,EN,Federal Contract Tower,0,13,20,5,38,0,3,170,2,175,0,16,190,7,213,336,6,342,555
06/17/2023,LYH,VA,AEA,EN,Federal Contract Tower,0,10,13,0,23,0,2,99,0,101,0,12,112,0,124,132,0,132,256
06/18/2023,LYH,VA,AEA,EN,Federal Contract Tower,0,13,9,0,22,0,3,31,0,34,0,16,40,0,56,0,0,0,56
06/19/2023,LYH,VA,AEA,EN,Federal Contract Tower,0,9,27,0,36,0,0,10,0,10,0,9,37,0,46,20,0,20,66
06/20/2023,LYH,VA,AEA,EN,Federal Contract Tower,0,13,18,0,31,0,0,4,0,4,0,13,22,0,35,32,0,32,67
06/21/2023,LYH,VA,AEA,EN,Federal Contract Tower,0,16,5,2,23,0,0,2,0,2,0,16,7,2,25,12,0,12,37
06/22/2023,LYH,VA,AEA,EN,Federal Contract Tower,0,22,23,0,45,0,0,0,0,0,0,22,23,0,45,0,0,0,45
06/23/2023,LYH,VA,AEA,EN,Federal Contract Tower,0,13,23,0,36,0,0,8,0,8,0,13,31,0,44,16,0,16,60
06/24/2023,LYH,VA,AEA,EN,Federal Contract Tower,0,11,18,0,29,0,0,80,0,80,0,11,98,0,109,72,0,72,181
06/25/2023,LYH,VA,AEA,EN,Federal Contract Tower,2,13,16,0,31,0,0,52,0,52,2,13,68,0,83,46,0,46,129
06/26/2023,LYH,VA,AEA,EN,Federal Contract Tower,0,16,18,0,34,0,0,127,0,127,0,16,145,0,161,202,0,202,363
06/27/2023,LYH,VA,AEA,EN,Federal Contract Tower,0,14,25,1,40,0,0,143,18,161,0,14,168,19,201,188,0,188,389
06/28/2023,LYH,VA,AEA,EN,Federal Contract Tower,0,12,38,0,50,0,0,206,1,207,0,12,244,1,257,310,0,310,567
06/29/2023,LYH,VA,AEA,EN,Federal Contract Tower,0,17,34,1,52,0,0,53,4,57,0,17,87,5,109,206,0,206,315
06/30/2023,LYH,VA,AEA,EN,Federal Contract Tower,0,12,37,0,49,0,0,78,0,78,0,12,115,0,127,242,0,242,369
07/01/2023,LYH,VA,AEA,EN,Federal Contract Tower,0,11,21,0,32,0,0,17,0,17,0,11,38,0,49,88,0,88,137
07/02/2023,LYH,VA,AEA,EN,Federal Contract Tower,0,9,7,0,16,0,2,14,0,16,0,11,21,0,32,0,0,0,32
07/03/2023,LYH,VA,AEA,EN,Federal Contract Tower,0,9,10,0,19,0,5,49,0,54,0,14,59,0,73,32,0,32,105
07/04/2023,LYH,VA,AEA,EN,Federal Contract Tower,0,6,2,0,8,0,1,51,0,52,0,7,53,0,60,104,0,104,164
07/05/2023,LYH,VA,AEA,EN,Federal Contract Tower,0,12,31,0,43,0,5,170,0,175,0,17,201,0,218,234,0,234,452
07/06/2023,LYH,VA,AEA,EN,Federal Contract Tower,0,25,19,3,47,0,0,203,1,204,0,25,222,4,251,374,0,374,625
07/07/2023,LYH,VA,AEA,EN,Federal Contract Tower,0,11,23,0,34,0,3,127,0,130,0,14,150,0,164,192,0,192,356
07/08/2023,LYH,VA,AEA,EN,Federal Contract Tower,0,8,27,0,35,0,8,88,0,96,0,16,115,0,131,116,0,116,247
07/09/2023,LYH,VA,AEA,EN,Federal Contract Tower,0,12,13,4,29,0,0,12,0,12,0,12,25,4,41,12,0,12,53
07/10/2023,LYH,VA,AEA,EN,Federal Contract Tower,0,19,17,4,40,0,6,165,1,172,0,25,182,5,212,206,0,206,418
07/11/2023,LYH,VA,AEA,EN,Federal Contract Tower,0,12,24,4,40,0,1,163,2,166,0,13,187,6,206,236,4,240,446
07/12/2023,LYH,VA,AEA,EN,Federal Contract Tower,0,15,27,0,42,0,7,146,0,153,0,22,173,0,195,200,0,200,395
07/13/2023,LYH,VA,AEA,EN,Federal Contract Tower,0,16,14,0,30,0,0,123,4,127,0,16,137,4,157,154,12,166,323
07/14/2023,LYH,VA,AEA,EN,Federal Contract Tower,1,15,23,0,39,0,3,26,0,29,1,18,49,0,68,66,2,68,136
07/15/2023,LYH,VA,AEA,EN,Federal Contract Tower,1,10,16,0,27,0,0,37,0,37,1,10,53,0,64,18,0,18,82
07/16/2023,LYH,VA,AEA,EN,Federal Contract Tower,0,12,13,0,25,0,0,26,0,26,0,12,39,0,51,10,0,10,61
07/17/2023,LYH,VA,AEA,EN,Federal Contract Tower,0,15,45,0,60,0,1,28,2,31,0,16,73,2,91,90,0,90,181
07/18/2023,LYH,VA,AEA,EN,Federal Contract Tower,0,17,31,0,48,0,3,184,0,187,0,20,215,0,235,264,0,264,499
07/19/2023,LYH,VA,AEA,EN,Federal Contract Tower,0,16,33,2,51,0,2,119,0,121,0,18,152,2,172,154,0,154,326
07/21/2023,LYH,VA,AEA,EN,Federal Contract Tower,0,11,29,0,40,0,2,126,2,130,0,13,155,2,170,174,0,174,344
07/22/2023,LYH,VA,AEA,EN,Federal Contract Tower,0,12,9,0,21,0,4,79,0,83,0,16,88,0,104,96,0,96,200
07/23/2023,LYH,VA,AEA,EN,Federal Contract Tower,0,12,9,2,23,0,1,21,0,22,0,13,30,2,45,16,2,18,63
07/24/2023,LYH,VA,AEA,EN,Federal Contract Tower,0,11,27,7,45,0,5,66,0,71,0,16,93,7,116,156,0,156,272
07/25/2023,LYH,VA,AEA,EN,Federal Contract Tower,0,16,32,4,52,0,2,127,0,129,0,18,159,4,181,222,0,222,403
07/26/2023,LYH,VA,AEA,EN,Federal Contract Tower,2,16,29,0,47,0,1,173,0,174,2,17,202,0,221,304,0,304,525
07/27/2023,LYH,VA,AEA,EN,Federal Contract Tower,1,12,24,0,37,0,2,143,0,145,1,14,167,0,182,280,0,280,462
07/28/2023,LYH,VA,AEA,EN,Federal Contract Tower,0,16,27,17,60,0,1,116,4,121,0,17,143,21,181,253,4,257,438
07/29/2023,LYH,VA,AEA,EN,Federal Contract Tower,0,11,11,0,22,0,3,62,0,65,0,14,73,0,87,58,0,58,145
07/30/2023,LYH,VA,AEA,EN,Federal Contract Tower,0,12,11,2,25,0,0,34,0,34,0,12,45,2,59,22,0,22,81
07/31/2023,LYH,VA,AEA,EN,Federal Contract Tower,0,11,21,0,32,0,0,115,0,115,0,11,136,0,147,194,6,200,347
08/01/2023,LYH,VA,AEA,EN,Federal Contract Tower,0,18,18,5,41,0,2,155,1,158,0,20,173,6,199,188,0,188,387
08/02/2023,LYH,VA,AEA,EN,Federal Contract Tower,0,10,19,2,31,0,2,170,0,172,0,12,189,2,203,206,2,208,411
08/03/2023,LYH,VA,AEA,EN,Federal Contract Tower,2,13,46,0,61,0,0,47,0,47,2,13,93,0,108,84,0,84,192
08/04/2023,LYH,VA,AEA,EN,Federal Contract Tower,0,10,49,0,59,0,1,38,0,39,0,11,87,0,98,102,0,102,200
08/05/2023,LYH,VA,AEA,EN,Federal Contract Tower,0,8,7,0,15,0,0,144,0,144,0,8,151,0,159,160,0,160,319
08/06/2023,LYH,VA,AEA,EN,Federal Contract Tower,0,7,21,5,33,0,0,88,2,90,0,7,109,7,123,208,0,208,331
08/07/2023,LYH,VA,AEA,EN,Federal Contract Tower,0,6,26,0,32,0,0,78,0,78,0,6,104,0,110,202,0,202,312
08/08/2023,LYH,VA,AEA,EN,Federal Contract Tower,0,13,33,0,46,0,0,157,0,157,0,13,190,0,203,262,0,262,465
08/09/2023,LYH,VA,AEA,EN,Federal Contract Tower,0,10,28,1,39,0,0,154,1,155,0,10,182,2,194,198,0,198,392
08/10/2023,LYH,VA,AEA,EN,Federal Contract Tower,0,9,26,2,37,0,1,51,1,53,0,10,77,3,90,132,0,132,222
08/11/2023,LYH,VA,AEA,EN,Federal Contract Tower,0,9,43,1,53,0,4,178,1,183,0,13,221,2,236,204,8,212,448
08/12/2023,LYH,VA,AEA,EN,Federal Contract Tower,0,9,13,0,22,0,1,79,0,80,0,10,92,0,102,156,0,156,258
08/13/2023,LYH,VA,AEA,EN,Federal Contract Tower,0,10,15,1,26,0,10,31,0,41,0,20,46,1,67,38,0,38,105
08/14/2023,LYH,VA,AEA,EN,Federal Contract Tower,0,12,19,0,31,0,2,71,0,73,0,14,90,0,104,116,0,116,220
08/15/2023,LYH,VA,AEA,EN,Federal Contract Tower,0,12,10,0,22,0,5,94,0,99,0,17,104,0,121,184,0,184,305
08/16/2023,LYH,VA,AEA,EN,Federal Contract Tower,0,14,19,0,33,0,0,121,3,124,0,14,140,3,157,272,0,272,429
08/17/2023,LYH,VA,AEA,EN,Federal Contract Tower,0,14,52,0,66,0,0,104,0,104,0,14,156,0,170,208,0,208,378
08/18/2023,LYH,VA,AEA,EN,Federal Contract Tower,0,12,24,0,36,0,6,106,0,112,0,18,130,0,148,188,0,188,336
08/19/2023,LYH,VA,AEA,EN,Federal Contract Tower,0,12,21,0,33,0,2,57,0,59,0,14,78,0,92,218,0,218,310
08/20/2023,LYH,VA,AEA,EN,Federal Contract Tower,0,11,9,0,20,0,2,45,0,47,0,13,54,0,67,172,0,172,239
08/21/2023,LYH,VA,AEA,EN,Federal Contract Tower,0,17,29,6,52,0,1,86,2,89,0,18,115,8,141,170,0,170,311
08/22/2023,LYH,VA,AEA,EN,Federal Contract Tower,0,15,13,0,28,0,5,79,0,84,0,20,92,0,112,306,0,306,418
08/23/2023,LYH,VA,AEA,EN,Federal Contract Tower,0,16,20,0,36,0,1,132,2,135,0,17,152,2,171,252,0,252,423
08/24/2023,LYH,VA,AEA,EN,Federal Contract Tower,0,13,27,1,41,0,3,143,0,146,0,16,170,1,187,230,0,230,417
08/25/2023,LYH,VA,AEA,EN,Federal Contract Tower,0,14,39,0,53,0,6,162,0,168,0,20,201,0,221,322,0,322,543
08/26/2023,LYH,VA,AEA,EN,Federal Contract Tower,0,13,14,0,27,0,1,76,0,77,0,14,90,0,104,84,0,84,188
08/27/2023,LYH,VA,AEA,EN,Federal Contract Tower,0,11,20,0,31,0,2,61,2,65,0,13,81,2,96,200,8,208,304
08/28/2023,LYH,VA,AEA,EN,Federal Contract Tower,0,13,47,2,62,0,0,62,0,62,0,13,109,2,124,174,8,182,306
08/29/2023,LYH,VA,AEA,EN,Federal Contract Tower,0,14,57,3,74,0,0,49,20,69,0,14,106,23,143,158,0,158,301
08/30/2023,LYH,VA,AEA,EN,Federal Contract Tower,0,16,36,2,54,0,2,144,2,148,0,18,180,4,202,248,0,248,450
08/31/2023,LYH,VA,AEA,EN,Federal Contract Tower,0,15,40,0,55,0,0,217,3,220,0,15,257,3,275,318,2,320,595
