01/01/2000,LZU,GA,ASO,ES,Federal Contract Tower,0,2,13,0,15,0,0,44,0,44,0,2,57,0,59,52,0,52,111
01/02/2000,LZU,GA,ASO,ES,Federal Contract Tower,0,1,21,0,22,0,0,60,0,60,0,1,81,0,82,26,0,26,108
01/03/2000,LZU,GA,ASO,ES,Federal Contract Tower,0,4,22,0,26,0,4,84,0,88,0,8,106,0,114,122,0,122,236
01/04/2000,LZU,GA,ASO,ES,Federal Contract Tower,0,3,20,0,23,0,4,41,0,45,0,7,61,0,68,10,0,10,78
01/05/2000,LZU,GA,ASO,ES,Federal Contract Tower,0,5,26,0,31,0,1,168,0,169,0,6,194,0,200,138,0,138,338
01/06/2000,LZU,GA,ASO,ES,Federal Contract Tower,0,4,25,0,29,0,1,159,0,160,0,5,184,0,189,134,0,134,323
01/07/2000,LZU,GA,ASO,ES,Federal Contract Tower,0,5,30,0,35,0,5,198,0,203,0,10,228,0,238,176,0,176,414
01/08/2000,LZU,GA,ASO,ES,Federal Contract Tower,0,0,14,0,14,0,0,307,0,307,0,0,321,0,321,236,0,236,557
01/09/2000,LZU,GA,ASO,ES,Federal Contract Tower,0,0,11,0,11,0,0,4,0,4,0,0,15,0,15,0,0,0,15
01/10/2000,LZU,GA,ASO,ES,Federal Contract Tower,0,4,22,0,26,0,3,79,0,82,0,7,101,0,108,58,0,58,166
01/11/2000,LZU,GA,ASO,ES,Federal Contract Tower,0,5,34,0,39,0,0,139,0,139,0,5,173,0,178,114,0,114,292
01/12/2000,LZU,GA,ASO,ES,Federal Contract Tower,0,7,41,0,48,0,2,153,0,155,0,9,194,0,203,136,0,136,339
01/13/2000,LZU,GA,ASO,ES,Federal Contract Tower,0,6,37,0,43,0,3,64,0,67,0,9,101,0,110,16,0,16,126
01/14/2000,LZU,GA,ASO,ES,Federal Contract Tower,0,5,31,0,36,0,1,210,0,211,0,6,241,0,247,224,0,224,471
01/15/2000,LZU,GA,ASO,ES,Federal Contract Tower,0,2,16,0,18,0,4,258,0,262,0,6,274,0,280,160,0,160,440
01/16/2000,LZU,GA,ASO,ES,Federal Contract Tower,0,1,26,0,27,0,0,117,0,117,0,1,143,0,144,82,0,82,226
01/17/2000,LZU,GA,ASO,ES,Federal Contract Tower,0,5,34,0,39,0,3,92,0,95,0,8,126,0,134,100,0,100,234
01/18/2000,LZU,GA,ASO,ES,Federal Contract Tower,0,3,25,0,28,0,3,4,0,7,0,6,29,0,35,30,0,30,65
01/19/2000,LZU,GA,ASO,ES,Federal Contract Tower,0,6,44,0,50,0,1,82,12,95,0,7,126,12,145,184,0,184,329
01/20/2000,LZU,GA,ASO,ES,Federal Contract Tower,0,4,29,0,33,0,3,27,0,30,0,7,56,0,63,0,0,0,63
01/21/2000,LZU,GA,ASO,ES,Federal Contract Tower,0,4,32,0,36,0,4,234,0,238,0,8,266,0,274,154,0,154,428
01/22/2000,LZU,GA,ASO,ES,Federal Contract Tower,0,0,10,0,10,0,0,64,0,64,0,0,74,0,74,148,4,152,226
01/23/2000,LZU,GA,ASO,ES,Federal Contract Tower,0,0,10,0,10,0,0,1,0,1,0,0,11,0,11,0,0,0,11
01/24/2000,LZU,GA,ASO,ES,Federal Contract Tower,0,3,23,0,26,0,3,28,0,31,0,6,51,0,57,10,0,10,67
01/25/2000,LZU,GA,ASO,ES,Federal Contract Tower,0,2,17,0,19,0,4,74,0,78,0,6,91,0,97,76,0,76,173
01/26/2000,LZU,GA,ASO,ES,Federal Contract Tower,0,3,27,0,30,0,1,85,0,86,0,4,112,0,116,108,0,108,224
01/27/2000,LZU,GA,ASO,ES,Federal Contract Tower,0,4,29,0,33,0,2,139,0,141,0,6,168,0,174,144,0,144,318
01/28/2000,LZU,GA,ASO,ES,Federal Contract Tower,0,4,33,0,37,0,10,86,0,96,0,14,119,0,133,180,0,180,313
01/29/2000,LZU,GA,ASO,ES,Federal Contract Tower,0,0,2,0,2,0,0,0,0,0,0,0,2,0,2,0,0,0,2
01/30/2000,LZU,GA,ASO,ES,Federal Contract Tower,0,3,21,0,24,0,1,1,0,2,0,4,22,0,26,2,0,2,28
01/31/2000,LZU,GA,ASO,ES,Federal Contract Tower,0,6,42,0,48,0,2,102,0,104,0,8,144,0,152,40,0,40,192
02/01/2000,LZU,GA,ASO,ES,Federal Contract Tower,0,6,35,0,41,0,1,118,2,121,0,7,153,2,162,76,6,82,244
02/02/2000,LZU,GA,ASO,ES,Federal Contract Tower,0,5,30,0,35,0,4,156,0,160,0,9,186,0,195,148,0,148,343
02/03/2000,LZU,GA,ASO,ES,Federal Contract Tower,0,5,29,0,34,0,2,145,0,147,0,7,174,0,181,142,0,142,323
02/04/2000,LZU,GA,ASO,ES,Federal Contract Tower,0,6,38,0,44,0,9,135,0,144,0,15,173,0,188,44,0,44,232
02/05/2000,LZU,GA,ASO,ES,Federal Contract Tower,0,2,22,0,24,0,0,298,0,298,0,2,320,0,322,160,0,160,482
02/06/2000,LZU,GA,ASO,ES,Federal Contract Tower,0,1,13,0,14,0,0,272,0,272,0,1,285,0,286,202,0,202,488
02/07/2000,LZU,GA,ASO,ES,Federal Contract Tower,0,3,21,0,24,0,3,120,0,123,0,6,141,0,147,198,0,198,345
02/08/2000,LZU,GA,ASO,ES,Federal Contract Tower,0,4,26,0,30,0,3,142,2,147,0,7,168,2,177,204,0,204,381
02/09/2000,LZU,GA,ASO,ES,Federal Contract Tower,0,5,31,0,36,0,2,129,0,131,0,7,160,0,167,168,0,168,335
02/10/2000,LZU,GA,ASO,ES,Federal Contract Tower,0,3,27,1,31,0,4,154,1,159,0,7,181,2,190,172,0,172,362
02/11/2000,LZU,GA,ASO,ES,Federal Contract Tower,0,7,55,0,62,0,7,199,0,206,0,14,254,0,268,148,0,148,416
02/12/2000,LZU,GA,ASO,ES,Federal Contract Tower,0,0,17,0,17,0,0,89,0,89,0,0,106,0,106,130,0,130,236
02/13/2000,LZU,GA,ASO,ES,Federal Contract Tower,0,1,9,0,10,0,0,2,0,2,0,1,11,0,12,0,0,0,12
02/14/2000,LZU,GA,ASO,ES,Federal Contract Tower,0,3,23,0,26,0,3,38,0,41,0,6,61,0,67,58,0,58,125
02/15/2000,LZU,GA,ASO,ES,Federal Contract Tower,0,3,25,0,28,0,2,219,0,221,0,5,244,0,249,188,2,190,439
02/16/2000,LZU,GA,ASO,ES,Federal Contract Tower,0,3,22,0,25,0,3,158,0,161,0,6,180,0,186,178,0,178,364
02/17/2000,LZU,GA,ASO,ES,Federal Contract Tower,0,6,49,1,56,0,1,100,0,101,0,7,149,1,157,164,0,164,321
02/18/2000,LZU,GA,ASO,ES,Federal Contract Tower,0,3,23,0,26,0,7,0,0,7,0,10,23,0,33,0,0,0,33
02/19/2000,LZU,GA,ASO,ES,Federal Contract Tower,0,1,41,0,42,0,0,78,0,78,0,1,119,0,120,36,0,36,156
02/20/2000,LZU,GA,ASO,ES,Federal Contract Tower,0,3,24,0,27,0,3,235,0,238,0,6,259,0,265,148,0,148,413
02/21/2000,LZU,GA,ASO,ES,Federal Contract Tower,0,2,19,0,21,0,7,169,3,179,0,9,188,3,200,122,0,122,322
02/22/2000,LZU,GA,ASO,ES,Federal Contract Tower,0,3,28,0,31,0,3,213,0,216,0,6,241,0,247,246,0,246,493
02/23/2000,LZU,GA,ASO,ES,Federal Contract Tower,0,3,29,0,32,0,3,151,0,154,0,6,180,0,186,173,0,173,359
02/24/2000,LZU,GA,ASO,ES,Federal Contract Tower,0,5,39,0,44,0,1,46,0,47,0,6,85,0,91,142,0,142,233
02/25/2000,LZU,GA,ASO,ES,Federal Contract Tower,0,6,47,0,53,0,4,262,6,272,0,10,309,6,325,274,0,274,599
02/26/2000,LZU,GA,ASO,ES,Federal Contract Tower,0,0,29,0,29,0,0,287,0,287,0,0,316,0,316,262,0,262,578
02/27/2000,LZU,GA,ASO,ES,Federal Contract Tower,0,1,26,0,27,0,0,67,0,67,0,1,93,0,94,28,0,28,122
02/28/2000,LZU,GA,ASO,ES,Federal Contract Tower,0,2,22,0,24,0,3,227,0,230,0,5,249,0,254,144,0,144,398
02/29/2000,LZU,GA,ASO,ES,Federal Contract Tower,0,2,21,0,23,0,4,177,0,181,0,6,198,0,204,186,0,186,390
03/01/2000,LZU,GA,ASO,ES,Federal Contract Tower,0,5,53,0,58,0,0,114,0,114,0,5,167,0,172,94,0,94,266
03/02/2000,LZU,GA,ASO,ES,Federal Contract Tower,0,4,30,0,34,0,1,179,0,180,0,5,209,0,214,168,0,168,382
03/03/2000,LZU,GA,ASO,ES,Federal Contract Tower,0,3,22,0,25,0,6,212,0,218,0,9,234,0,243,206,2,208,451
03/04/2000,LZU,GA,ASO,ES,Federal Contract Tower,0,1,29,0,30,0,0,92,0,92,0,1,121,0,122,102,0,102,224
03/05/2000,LZU,GA,ASO,ES,Federal Contract Tower,0,0,18,0,18,0,0,259,0,259,0,0,277,0,277,182,0,182,459
03/06/2000,LZU,GA,ASO,ES,Federal Contract Tower,0,3,19,0,22,0,4,176,0,180,0,7,195,0,202,226,0,226,428
03/07/2000,LZU,GA,ASO,ES,Federal Contract Tower,0,5,33,0,38,0,2,171,0,173,0,7,204,0,211,192,0,192,403
03/08/2000,LZU,GA,ASO,ES,Federal Contract Tower,0,6,40,0,46,0,2,178,2,182,0,8,218,2,228,174,0,174,402
03/09/2000,LZU,GA,ASO,ES,Federal Contract Tower,0,4,31,0,35,0,4,124,0,128,0,8,155,0,163,168,0,168,331
03/10/2000,LZU,GA,ASO,ES,Federal Contract Tower,0,6,45,0,51,0,5,103,0,108,0,11,148,0,159,136,0,136,295
03/11/2000,LZU,GA,ASO,ES,Federal Contract Tower,0,3,18,0,21,0,3,61,0,64,0,6,79,0,85,78,0,78,163
03/12/2000,LZU,GA,ASO,ES,Federal Contract Tower,0,3,18,0,21,0,1,99,0,100,0,4,117,0,121,16,0,16,137
03/13/2000,LZU,GA,ASO,ES,Federal Contract Tower,0,4,23,0,27,0,3,196,0,199,0,7,219,0,226,136,0,136,362
03/14/2000,LZU,GA,ASO,ES,Federal Contract Tower,0,4,28,0,32,0,5,186,0,191,0,9,214,0,223,200,0,200,423
03/15/2000,LZU,GA,ASO,ES,Federal Contract Tower,0,7,52,0,59,0,0,177,0,177,0,7,229,0,236,260,0,260,496
03/16/2000,LZU,GA,ASO,ES,Federal Contract Tower,0,4,38,0,42,0,4,9,0,13,0,8,47,0,55,2,0,2,57
03/17/2000,LZU,GA,ASO,ES,Federal Contract Tower,0,4,33,0,37,0,5,252,0,257,0,9,285,0,294,218,0,218,512
03/18/2000,LZU,GA,ASO,ES,Federal Contract Tower,0,0,21,0,21,0,0,125,0,125,0,0,146,0,146,48,0,48,194
03/19/2000,LZU,GA,ASO,ES,Federal Contract Tower,0,0,29,0,29,0,0,13,0,13,0,0,42,0,42,16,0,16,58
03/20/2000,LZU,GA,ASO,ES,Federal Contract Tower,0,3,26,0,29,0,5,120,0,125,0,8,146,0,154,192,0,192,346
03/21/2000,LZU,GA,ASO,ES,Federal Contract Tower,0,3,26,0,29,0,4,225,0,229,0,7,251,0,258,176,0,176,434
03/22/2000,LZU,GA,ASO,ES,Federal Contract Tower,0,4,34,0,38,0,6,225,0,231,0,10,259,0,269,248,0,248,517
03/23/2000,LZU,GA,ASO,ES,Federal Contract Tower,0,4,32,0,36,0,4,174,0,178,0,8,206,0,214,188,0,188,402
03/24/2000,LZU,GA,ASO,ES,Federal Contract Tower,0,4,36,0,40,0,10,228,0,238,0,14,264,0,278,182,0,182,460
03/25/2000,LZU,GA,ASO,ES,Federal Contract Tower,0,0,28,0,28,0,0,260,0,260,0,0,288,0,288,212,0,212,500
03/26/2000,LZU,GA,ASO,ES,Federal Contract Tower,0,2,25,0,27,0,0,242,0,242,0,2,267,0,269,154,0,154,423
03/27/2000,LZU,GA,ASO,ES,Federal Contract Tower,0,4,40,0,44,0,5,14,0,19,0,9,54,0,63,4,0,4,67
03/28/2000,LZU,GA,ASO,ES,Federal Contract Tower,0,5,42,0,47,0,5,80,0,85,0,10,122,0,132,18,0,18,150
03/29/2000,LZU,GA,ASO,ES,Federal Contract Tower,0,5,46,0,51,0,5,128,0,133,0,10,174,0,184,234,0,234,418
03/30/2000,LZU,GA,ASO,ES,Federal Contract Tower,0,4,40,0,44,0,2,124,0,126,0,6,164,0,170,136,0,136,306
03/31/2000,LZU,GA,ASO,ES,Federal Contract Tower,0,5,45,0,50,0,5,237,0,242,0,10,282,0,292,184,0,184,476
04/01/2000,LZU,GA,ASO,ES,Federal Contract Tower,0,1,40,0,41,0,0,292,0,292,0,1,332,0,333,126,0,126,459
04/02/2000,LZU,GA,ASO,ES,Federal Contract Tower,0,0,29,0,29,0,0,16,0,16,0,0,45,0,45,0,0,0,45
04/03/2000,LZU,GA,ASO,ES,Federal Contract Tower,0,4,24,0,28,0,1,15,0,16,0,5,39,0,44,2,0,2,46
04/04/2000,LZU,GA,ASO,ES,Federal Contract Tower,0,5,32,0,37,0,1,13,10,24,0,6,45,10,61,16,0,16,77
04/05/2000,LZU,GA,ASO,ES,Federal Contract Tower,0,6,42,0,48,0,7,183,0,190,0,13,225,0,238,108,0,108,346
04/06/2000,LZU,GA,ASO,ES,Federal Contract Tower,0,5,34,0,39,0,3,201,0,204,0,8,235,0,243,134,0,134,377
04/07/2000,LZU,GA,ASO,ES,Federal Contract Tower,0,6,39,0,45,0,8,255,0,263,0,14,294,0,308,226,0,226,534
04/08/2000,LZU,GA,ASO,ES,Federal Contract Tower,0,2,16,0,18,0,0,11,0,11,0,2,27,0,29,0,0,0,29
04/09/2000,LZU,GA,ASO,ES,Federal Contract Tower,0,2,23,0,25,0,0,259,0,259,0,2,282,0,284,170,0,170,454
04/10/2000,LZU,GA,ASO,ES,Federal Contract Tower,0,5,29,0,34,0,0,214,0,214,0,5,243,0,248,152,0,152,400
04/11/2000,LZU,GA,ASO,ES,Federal Contract Tower,0,5,38,0,43,0,0,155,0,155,0,5,193,0,198,204,0,204,402
04/12/2000,LZU,GA,ASO,ES,Federal Contract Tower,0,7,51,0,58,0,0,98,0,98,0,7,149,0,156,116,0,116,272
04/13/2000,LZU,GA,ASO,ES,Federal Contract Tower,0,5,35,0,40,0,3,24,0,27,0,8,59,0,67,42,0,42,109
04/14/2000,LZU,GA,ASO,ES,Federal Contract Tower,0,9,65,0,74,0,0,34,0,34,0,9,99,0,108,0,0,0,108
04/15/2000,LZU,GA,ASO,ES,Federal Contract Tower,0,1,33,0,34,0,0,87,0,87,0,1,120,0,121,146,0,146,267
04/16/2000,LZU,GA,ASO,ES,Federal Contract Tower,0,1,22,0,23,0,0,263,0,263,0,1,285,0,286,196,0,196,482
04/17/2000,LZU,GA,ASO,ES,Federal Contract Tower,0,3,29,0,32,0,3,95,0,98,0,6,124,0,130,48,0,48,178
04/18/2000,LZU,GA,ASO,ES,Federal Contract Tower,0,5,39,0,44,0,1,105,0,106,0,6,144,0,150,132,0,132,282
04/19/2000,LZU,GA,ASO,ES,Federal Contract Tower,0,5,39,0,44,0,3,190,0,193,0,8,229,0,237,146,0,146,383
04/20/2000,LZU,GA,ASO,ES,Federal Contract Tower,0,5,38,0,43,0,6,176,0,182,0,11,214,0,225,134,0,134,359
04/21/2000,LZU,GA,ASO,ES,Federal Contract Tower,0,4,36,0,40,0,7,132,2,141,0,11,168,2,181,106,0,106,287
04/22/2000,LZU,GA,ASO,ES,Federal Contract Tower,0,3,27,0,30,0,2,257,0,259,0,5,284,0,289,146,0,146,435
04/23/2000,LZU,GA,ASO,ES,Federal Contract Tower,0,3,22,0,25,0,2,152,0,154,0,5,174,0,179,132,0,132,311
04/24/2000,LZU,GA,ASO,ES,Federal Contract Tower,0,4,35,0,39,0,5,24,0,29,0,9,59,0,68,50,0,50,118
04/25/2000,LZU,GA,ASO,ES,Federal Contract Tower,0,5,42,0,47,0,7,43,0,50,0,12,85,0,97,36,0,36,133
04/26/2000,LZU,GA,ASO,ES,Federal Contract Tower,0,5,39,0,44,0,3,180,0,183,0,8,219,0,227,170,0,170,397
04/27/2000,LZU,GA,ASO,ES,Federal Contract Tower,0,4,31,0,35,0,4,233,0,237,0,8,264,0,272,212,0,212,484
04/28/2000,LZU,GA,ASO,ES,Federal Contract Tower,0,6,47,0,53,0,5,115,0,120,0,11,162,0,173,182,0,182,355
04/29/2000,LZU,GA,ASO,ES,Federal Contract Tower,0,3,27,0,30,0,0,261,0,261,0,3,288,0,291,120,0,120,411
04/30/2000,LZU,GA,ASO,ES,Federal Contract Tower,0,3,25,0,28,0,0,289,0,289,0,3,314,0,317,220,0,220,537
05/01/2000,LZU,GA,ASO,ES,Federal Contract Tower,0,4,24,0,28,0,5,180,0,185,0,9,204,0,213,148,0,148,361
05/02/2000,LZU,GA,ASO,ES,Federal Contract Tower,0,6,39,0,45,0,3,120,0,123,0,9,159,0,168,210,0,210,378
05/03/2000,LZU,GA,ASO,ES,Federal Contract Tower,0,7,41,0,48,0,4,118,0,122,0,11,159,0,170,162,0,162,332
05/04/2000,LZU,GA,ASO,ES,Federal Contract Tower,0,7,42,0,49,0,1,55,0,56,0,8,97,0,105,88,0,88,193
05/05/2000,LZU,GA,ASO,ES,Federal Contract Tower,0,6,34,0,40,0,7,243,0,250,0,13,277,0,290,316,0,316,606
05/06/2000,LZU,GA,ASO,ES,Federal Contract Tower,0,4,26,0,30,0,1,264,0,265,0,5,290,0,295,164,0,164,459
05/07/2000,LZU,GA,ASO,ES,Federal Contract Tower,0,2,19,0,21,0,0,218,0,218,0,2,237,0,239,172,0,172,411
05/08/2000,LZU,GA,ASO,ES,Federal Contract Tower,0,6,43,0,49,0,0,150,0,150,0,6,193,0,199,172,0,172,371
05/09/2000,LZU,GA,ASO,ES,Federal Contract Tower,0,5,31,0,36,0,2,186,2,190,0,7,217,2,226,154,0,154,380
05/10/2000,LZU,GA,ASO,ES,Federal Contract Tower,0,6,43,0,49,0,0,119,0,119,0,6,162,0,168,96,0,96,264
05/11/2000,LZU,GA,ASO,ES,Federal Contract Tower,0,5,33,0,38,0,2,175,0,177,0,7,208,0,215,278,0,278,493
05/12/2000,LZU,GA,ASO,ES,Federal Contract Tower,0,9,54,0,63,0,4,217,0,221,0,13,271,0,284,170,0,170,454
05/13/2000,LZU,GA,ASO,ES,Federal Contract Tower,0,1,22,0,23,0,0,431,0,431,0,1,453,0,454,18,0,18,472
05/14/2000,LZU,GA,ASO,ES,Federal Contract Tower,0,1,24,0,25,0,0,287,0,287,0,1,311,0,312,12,0,12,324
05/15/2000,LZU,GA,ASO,ES,Federal Contract Tower,0,4,26,0,30,0,4,163,2,169,0,8,189,2,199,147,0,147,346
05/16/2000,LZU,GA,ASO,ES,Federal Contract Tower,0,6,37,0,43,0,6,167,0,173,0,12,204,0,216,212,0,212,428
05/17/2000,LZU,GA,ASO,ES,Federal Contract Tower,0,7,47,0,54,0,9,141,4,154,0,16,188,4,208,164,0,164,372
05/18/2000,LZU,GA,ASO,ES,Federal Contract Tower,0,6,40,0,46,0,6,160,0,166,0,12,200,0,212,170,0,170,382
05/19/2000,LZU,GA,ASO,ES,Federal Contract Tower,0,4,27,0,31,0,3,180,0,183,0,7,207,0,214,98,0,98,312
05/20/2000,LZU,GA,ASO,ES,Federal Contract Tower,0,0,21,0,21,0,0,209,0,209,0,0,230,0,230,168,0,168,398
05/21/2000,LZU,GA,ASO,ES,Federal Contract Tower,0,2,29,0,31,0,0,153,0,153,0,2,182,0,184,114,0,114,298
05/22/2000,LZU,GA,ASO,ES,Federal Contract Tower,0,5,39,0,44,0,1,108,0,109,0,6,147,0,153,108,0,108,261
05/23/2000,LZU,GA,ASO,ES,Federal Contract Tower,0,6,41,0,47,0,7,71,0,78,0,13,112,0,125,40,0,40,165
05/24/2000,LZU,GA,ASO,ES,Federal Contract Tower,0,6,48,0,54,0,5,136,0,141,0,11,184,0,195,130,0,130,325
05/25/2000,LZU,GA,ASO,ES,Federal Contract Tower,0,6,44,0,50,0,2,73,0,75,0,8,117,0,125,80,0,80,205
05/26/2000,LZU,GA,ASO,ES,Federal Contract Tower,0,6,48,0,54,0,5,151,0,156,0,11,199,0,210,226,0,226,436
05/27/2000,LZU,GA,ASO,ES,Federal Contract Tower,0,1,23,0,24,0,0,210,0,210,0,1,233,0,234,120,0,120,354
05/28/2000,LZU,GA,ASO,ES,Federal Contract Tower,0,0,13,0,13,0,0,78,0,78,0,0,91,0,91,114,0,114,205
05/29/2000,LZU,GA,ASO,ES,Federal Contract Tower,0,2,20,0,22,0,1,186,0,187,0,3,206,0,209,92,0,92,301
05/30/2000,LZU,GA,ASO,ES,Federal Contract Tower,0,3,23,0,26,0,6,129,0,135,0,9,152,0,161,104,0,104,265
05/31/2000,LZU,GA,ASO,ES,Federal Contract Tower,0,4,30,0,34,0,5,172,0,177,0,9,202,0,211,192,0,192,403
06/01/2000,LZU,GA,ASO,ES,Federal Contract Tower,0,7,41,0,48,0,4,168,0,172,0,11,209,0,220,142,0,142,362
06/02/2000,LZU,GA,ASO,ES,Federal Contract Tower,0,5,29,0,34,0,2,199,0,201,0,7,228,0,235,162,0,162,397
06/03/2000,LZU,GA,ASO,ES,Federal Contract Tower,0,2,14,0,16,0,0,204,0,204,0,2,218,0,220,122,0,122,342
06/04/2000,LZU,GA,ASO,ES,Federal Contract Tower,0,1,37,0,38,0,0,61,0,61,0,1,98,0,99,90,0,90,189
06/05/2000,LZU,GA,ASO,ES,Federal Contract Tower,0,7,43,0,50,0,2,2,0,4,0,9,45,0,54,0,0,0,54
06/06/2000,LZU,GA,ASO,ES,Federal Contract Tower,0,6,36,0,42,0,2,106,0,108,0,8,142,0,150,72,0,72,222
06/07/2000,LZU,GA,ASO,ES,Federal Contract Tower,0,8,47,0,55,0,3,190,0,193,0,11,237,0,248,158,0,158,406
06/08/2000,LZU,GA,ASO,ES,Federal Contract Tower,0,7,41,0,48,0,1,166,0,167,0,8,207,0,215,170,0,170,385
06/09/2000,LZU,GA,ASO,ES,Federal Contract Tower,0,6,35,0,41,0,9,195,0,204,0,15,230,0,245,206,0,206,451
06/10/2000,LZU,GA,ASO,ES,Federal Contract Tower,0,0,12,0,12,0,0,273,0,273,0,0,285,0,285,214,0,214,499
06/11/2000,LZU,GA,ASO,ES,Federal Contract Tower,0,2,18,0,20,0,0,210,0,210,0,2,228,0,230,254,0,254,484
06/12/2000,LZU,GA,ASO,ES,Federal Contract Tower,0,5,28,0,33,0,4,169,6,179,0,9,197,6,212,156,0,156,368
06/13/2000,LZU,GA,ASO,ES,Federal Contract Tower,0,5,30,0,35,0,4,148,4,156,0,9,178,4,191,134,0,134,325
06/14/2000,LZU,GA,ASO,ES,Federal Contract Tower,0,7,39,0,46,0,3,150,0,153,0,10,189,0,199,130,0,130,329
06/15/2000,LZU,GA,ASO,ES,Federal Contract Tower,0,7,40,0,47,0,7,123,0,130,0,14,163,0,177,132,0,132,309
06/16/2000,LZU,GA,ASO,ES,Federal Contract Tower,0,9,54,0,63,0,10,58,0,68,0,19,112,0,131,20,0,20,151
06/17/2000,LZU,GA,ASO,ES,Federal Contract Tower,0,5,30,0,35,0,0,139,0,139,0,5,169,0,174,218,0,218,392
06/18/2000,LZU,GA,ASO,ES,Federal Contract Tower,0,3,23,0,26,0,2,195,0,197,0,5,218,0,223,164,0,164,387
06/19/2000,LZU,GA,ASO,ES,Federal Contract Tower,0,4,31,0,35,0,2,87,0,89,0,6,118,0,124,96,0,96,220
06/20/2000,LZU,GA,ASO,ES,Federal Contract Tower,0,7,44,0,51,0,0,97,0,97,0,7,141,0,148,108,0,108,256
06/21/2000,LZU,GA,ASO,ES,Federal Contract Tower,0,7,55,0,62,0,0,94,0,94,0,7,149,0,156,115,0,115,271
06/22/2000,LZU,GA,ASO,ES,Federal Contract Tower,0,5,33,0,38,0,4,132,0,136,0,9,165,0,174,140,0,140,314
06/23/2000,LZU,GA,ASO,ES,Federal Contract Tower,0,5,36,0,41,0,11,214,0,225,0,16,250,0,266,142,0,142,408
06/24/2000,LZU,GA,ASO,ES,Federal Contract Tower,0,0,20,0,20,0,0,208,0,208,0,0,228,0,228,162,0,162,390
06/25/2000,LZU,GA,ASO,ES,Federal Contract Tower,0,1,13,0,14,0,0,124,0,124,0,1,137,0,138,110,0,110,248
06/26/2000,LZU,GA,ASO,ES,Federal Contract Tower,0,4,28,0,32,0,4,120,0,124,0,8,148,0,156,106,0,106,262
06/27/2000,LZU,GA,ASO,ES,Federal Contract Tower,0,10,64,0,74,0,9,103,0,112,0,19,167,0,186,170,0,170,356
06/28/2000,LZU,GA,ASO,ES,Federal Contract Tower,0,6,39,0,45,0,3,41,0,44,0,9,80,0,89,38,0,38,127
06/29/2000,LZU,GA,ASO,ES,Federal Contract Tower,0,8,52,0,60,0,2,39,0,41,0,10,91,0,101,84,0,84,185
06/30/2000,LZU,GA,ASO,ES,Federal Contract Tower,0,5,38,0,43,0,8,232,0,240,0,13,270,0,283,216,0,216,499
07/01/2000,LZU,GA,ASO,ES,Federal Contract Tower,0,2,17,0,19,0,0,339,0,339,0,2,356,0,358,200,0,200,558
07/02/2000,LZU,GA,ASO,ES,Federal Contract Tower,0,1,11,0,12,0,0,181,0,181,0,1,192,0,193,128,0,128,321
07/03/2000,LZU,GA,ASO,ES,Federal Contract Tower,0,4,17,0,21,0,4,156,0,160,0,8,173,0,181,162,0,162,343
07/04/2000,LZU,GA,ASO,ES,Federal Contract Tower,0,1,19,0,20,0,0,129,0,129,0,1,148,0,149,118,0,118,267
07/05/2000,LZU,GA,ASO,ES,Federal Contract Tower,0,7,35,0,42,0,1,122,0,123,0,8,157,0,165,134,0,134,299
07/06/2000,LZU,GA,ASO,ES,Federal Contract Tower,0,7,37,0,44,0,2,163,0,165,0,9,200,0,209,112,0,112,321
07/07/2000,LZU,GA,ASO,ES,Federal Contract Tower,0,7,36,0,43,0,7,203,0,210,0,14,239,0,253,196,0,196,449
07/08/2000,LZU,GA,ASO,ES,Federal Contract Tower,0,5,27,0,32,0,1,230,0,231,0,6,257,0,263,188,0,188,451
07/09/2000,LZU,GA,ASO,ES,Federal Contract Tower,0,4,22,0,26,0,3,201,0,204,0,7,223,0,230,158,0,158,388
07/10/2000,LZU,GA,ASO,ES,Federal Contract Tower,0,5,27,0,32,0,6,110,0,116,0,11,137,0,148,142,0,142,290
07/11/2000,LZU,GA,ASO,ES,Federal Contract Tower,0,7,39,0,46,0,2,88,0,90,0,9,127,0,136,102,0,102,238
07/12/2000,LZU,GA,ASO,ES,Federal Contract Tower,0,7,38,0,45,0,8,102,0,110,0,15,140,0,155,138,0,138,293
07/13/2000,LZU,GA,ASO,ES,Federal Contract Tower,0,10,52,0,62,0,2,85,0,87,0,12,137,0,149,102,0,102,251
07/14/2000,LZU,GA,ASO,ES,Federal Contract Tower,0,11,61,0,72,0,7,153,0,160,0,18,214,0,232,126,0,126,358
07/15/2000,LZU,GA,ASO,ES,Federal Contract Tower,0,3,14,0,17,0,1,232,0,233,0,4,246,0,250,210,0,210,460
07/16/2000,LZU,GA,ASO,ES,Federal Contract Tower,0,2,18,0,20,0,0,213,0,213,0,2,231,0,233,174,0,174,407
07/17/2000,LZU,GA,ASO,ES,Federal Contract Tower,0,7,42,0,49,0,0,187,0,187,0,7,229,0,236,136,0,136,372
07/18/2000,LZU,GA,ASO,ES,Federal Contract Tower,0,4,24,0,28,0,6,146,0,152,0,10,170,0,180,156,0,156,336
07/19/2000,LZU,GA,ASO,ES,Federal Contract Tower,0,4,28,0,32,0,6,105,0,111,0,10,133,0,143,156,0,156,299
07/20/2000,LZU,GA,ASO,ES,Federal Contract Tower,0,5,35,0,40,0,8,167,0,175,0,13,202,0,215,158,0,158,373
07/21/2000,LZU,GA,ASO,ES,Federal Contract Tower,0,7,45,0,52,0,12,194,0,206,0,19,239,0,258,126,0,126,384
07/22/2000,LZU,GA,ASO,ES,Federal Contract Tower,0,3,23,0,26,0,14,283,0,297,0,17,306,0,323,306,0,306,629
07/23/2000,LZU,GA,ASO,ES,Federal Contract Tower,0,1,28,0,29,0,0,44,0,44,0,1,72,0,73,48,0,48,121
07/24/2000,LZU,GA,ASO,ES,Federal Contract Tower,0,7,46,0,53,0,2,79,0,81,0,9,125,0,134,66,0,66,200
07/25/2000,LZU,GA,ASO,ES,Federal Contract Tower,0,11,65,0,76,0,3,21,0,24,0,14,86,0,100,36,0,36,136
07/26/2000,LZU,GA,ASO,ES,Federal Contract Tower,0,9,55,0,64,0,2,76,0,78,0,11,131,0,142,130,0,130,272
07/27/2000,LZU,GA,ASO,ES,Federal Contract Tower,0,8,51,0,59,0,4,130,0,134,0,12,181,0,193,186,0,186,379
07/28/2000,LZU,GA,ASO,ES,Federal Contract Tower,0,5,35,0,40,0,6,181,0,187,0,11,216,0,227,176,0,176,403
07/29/2000,LZU,GA,ASO,ES,Federal Contract Tower,0,3,22,0,25,0,0,197,0,197,0,3,219,0,222,146,0,146,368
07/30/2000,LZU,GA,ASO,ES,Federal Contract Tower,0,5,34,0,39,0,2,143,0,145,0,7,177,0,184,138,0,138,322
07/31/2000,LZU,GA,ASO,ES,Federal Contract Tower,0,8,53,0,61,0,0,45,0,45,0,8,98,0,106,56,0,56,162
08/01/2000,LZU,GA,ASO,ES,Federal Contract Tower,0,10,59,0,69,0,1,46,0,47,0,11,105,0,116,142,0,142,258
08/02/2000,LZU,GA,ASO,ES,Federal Contract Tower,0,11,62,0,73,0,3,41,0,44,0,14,103,0,117,116,0,116,233
08/03/2000,LZU,GA,ASO,ES,Federal Contract Tower,0,9,69,0,78,0,0,58,0,58,0,9,127,0,136,162,0,162,298
08/04/2000,LZU,GA,ASO,ES,Federal Contract Tower,0,7,41,0,48,0,16,95,0,111,0,23,136,0,159,142,0,142,301
08/05/2000,LZU,GA,ASO,ES,Federal Contract Tower,0,4,40,0,44,0,0,265,0,265,0,4,305,0,309,214,2,216,525
08/06/2000,LZU,GA,ASO,ES,Federal Contract Tower,0,4,39,0,43,0,0,195,0,195,0,4,234,0,238,238,0,238,476
08/07/2000,LZU,GA,ASO,ES,Federal Contract Tower,0,4,21,0,25,0,4,156,0,160,0,8,177,0,185,222,0,222,407
08/08/2000,LZU,GA,ASO,ES,Federal Contract Tower,0,6,32,0,38,0,1,188,0,189,0,7,220,0,227,240,0,240,467
08/09/2000,LZU,GA,ASO,ES,Federal Contract Tower,0,8,45,0,53,0,5,168,0,173,0,13,213,0,226,178,0,178,404
08/10/2000,LZU,GA,ASO,ES,Federal Contract Tower,0,6,36,0,42,0,7,138,0,145,0,13,174,0,187,160,0,160,347
08/11/2000,LZU,GA,ASO,ES,Federal Contract Tower,0,8,42,0,50,0,7,181,0,188,0,15,223,0,238,228,0,228,466
08/12/2000,LZU,GA,ASO,ES,Federal Contract Tower,0,2,12,0,14,0,0,216,0,216,0,2,228,0,230,234,0,234,464
08/13/2000,LZU,GA,ASO,ES,Federal Contract Tower,0,2,32,0,34,0,0,206,0,206,0,2,238,0,240,182,0,182,422
08/14/2000,LZU,GA,ASO,ES,Federal Contract Tower,0,6,32,0,38,0,1,146,0,147,0,7,178,0,185,158,0,158,343
08/15/2000,LZU,GA,ASO,ES,Federal Contract Tower,0,7,45,0,52,0,8,165,0,173,0,15,210,0,225,138,0,138,363
08/16/2000,LZU,GA,ASO,ES,Federal Contract Tower,0,7,47,0,54,0,8,136,0,144,0,15,183,0,198,128,0,128,326
08/17/2000,LZU,GA,ASO,ES,Federal Contract Tower,0,5,36,1,42,0,7,146,0,153,0,12,182,1,195,148,0,148,343
08/18/2000,LZU,GA,ASO,ES,Federal Contract Tower,0,6,38,0,44,0,8,150,2,160,0,14,188,2,204,112,0,112,316
08/19/2000,LZU,GA,ASO,ES,Federal Contract Tower,0,3,25,0,28,0,1,241,0,242,0,4,266,0,270,180,0,180,450
08/20/2000,LZU,GA,ASO,ES,Federal Contract Tower,0,5,44,0,49,0,0,25,1,26,0,5,69,1,75,82,0,82,157
08/21/2000,LZU,GA,ASO,ES,Federal Contract Tower,0,9,55,0,64,0,0,63,0,63,0,9,118,0,127,96,0,96,223
08/22/2000,LZU,GA,ASO,ES,Federal Contract Tower,0,8,51,0,59,0,5,165,0,170,0,13,216,0,229,140,0,140,369
08/23/2000,LZU,GA,ASO,ES,Federal Contract Tower,0,7,49,0,56,0,7,145,0,152,0,14,194,0,208,156,0,156,364
08/24/2000,LZU,GA,ASO,ES,Federal Contract Tower,0,8,51,0,59,0,4,122,0,126,0,12,173,0,185,82,0,82,267
08/25/2000,LZU,GA,ASO,ES,Federal Contract Tower,0,5,36,0,41,0,8,170,1,179,0,13,206,1,220,144,0,144,364
08/26/2000,LZU,GA,ASO,ES,Federal Contract Tower,0,3,22,0,25,0,3,315,0,318,0,6,337,0,343,292,2,294,637
08/27/2000,LZU,GA,ASO,ES,Federal Contract Tower,0,3,21,0,24,0,1,39,0,40,0,4,60,0,64,46,0,46,110
08/28/2000,LZU,GA,ASO,ES,Federal Contract Tower,0,6,37,0,43,0,2,167,0,169,0,8,204,0,212,114,0,114,326
08/29/2000,LZU,GA,ASO,ES,Federal Contract Tower,0,5,36,0,41,0,5,136,0,141,0,10,172,0,182,168,0,168,350
08/30/2000,LZU,GA,ASO,ES,Federal Contract Tower,0,5,39,0,44,0,0,175,0,175,0,5,214,0,219,166,0,166,385
08/31/2000,LZU,GA,ASO,ES,Federal Contract Tower,0,9,58,0,67,0,2,8,0,10,0,11,66,0,77,0,0,0,77
09/01/2000,LZU,GA,ASO,ES,Federal Contract Tower,0,8,43,0,51,0,3,43,0,46,0,11,86,0,97,4,0,4,101
09/02/2000,LZU,GA,ASO,ES,Federal Contract Tower,0,3,22,0,25,0,0,66,0,66,0,3,88,0,91,80,0,80,171
09/03/2000,LZU,GA,ASO,ES,Federal Contract Tower,0,1,8,0,9,0,0,6,0,6,0,1,14,0,15,0,0,0,15
09/04/2000,LZU,GA,ASO,ES,Federal Contract Tower,0,5,41,0,46,0,0,116,0,116,0,5,157,0,162,82,0,82,244
09/05/2000,LZU,GA,ASO,ES,Federal Contract Tower,0,10,53,0,63,0,6,32,0,38,0,16,85,0,101,52,0,52,153
09/06/2000,LZU,GA,ASO,ES,Federal Contract Tower,0,8,46,0,54,0,0,14,1,15,0,8,60,1,69,2,0,2,71
09/07/2000,LZU,GA,ASO,ES,Federal Contract Tower,0,11,54,0,65,0,2,0,1,3,0,13,54,1,68,0,0,0,68
09/08/2000,LZU,GA,ASO,ES,Federal Contract Tower,0,10,53,0,63,0,12,91,0,103,0,22,144,0,166,136,0,136,302
09/09/2000,LZU,GA,ASO,ES,Federal Contract Tower,0,2,29,0,31,0,0,177,0,177,0,2,206,0,208,236,0,236,444
09/10/2000,LZU,GA,ASO,ES,Federal Contract Tower,0,1,33,0,34,0,0,219,0,219,0,1,252,0,253,168,0,168,421
09/11/2000,LZU,GA,ASO,ES,Federal Contract Tower,0,5,26,0,31,0,1,170,0,171,0,6,196,0,202,164,0,164,366
09/12/2000,LZU,GA,ASO,ES,Federal Contract Tower,0,9,47,0,56,0,1,148,2,151,0,10,195,2,207,142,0,142,349
09/13/2000,LZU,GA,ASO,ES,Federal Contract Tower,0,7,40,0,47,0,9,109,0,118,0,16,149,0,165,120,0,120,285
09/14/2000,LZU,GA,ASO,ES,Federal Contract Tower,0,8,50,0,58,0,1,131,0,132,0,9,181,0,190,112,0,112,302
09/15/2000,LZU,GA,ASO,ES,Federal Contract Tower,0,6,36,0,42,0,4,191,0,195,0,10,227,0,237,150,0,150,387
09/16/2000,LZU,GA,ASO,ES,Federal Contract Tower,0,0,37,0,37,0,0,292,0,292,0,0,329,0,329,216,0,216,545
09/17/2000,LZU,GA,ASO,ES,Federal Contract Tower,0,6,37,0,43,0,0,228,0,228,0,6,265,0,271,156,0,156,427
09/18/2000,LZU,GA,ASO,ES,Federal Contract Tower,0,5,33,0,38,0,4,49,0,53,0,9,82,0,91,76,0,76,167
09/19/2000,LZU,GA,ASO,ES,Federal Contract Tower,0,6,39,0,45,0,5,112,0,117,0,11,151,0,162,106,0,106,268
09/20/2000,LZU,GA,ASO,ES,Federal Contract Tower,0,8,46,0,54,0,4,156,0,160,0,12,202,0,214,124,0,124,338
09/21/2000,LZU,GA,ASO,ES,Federal Contract Tower,0,4,24,0,28,0,7,0,0,7,0,11,24,0,35,0,0,0,35
09/22/2000,LZU,GA,ASO,ES,Federal Contract Tower,0,7,38,0,45,0,5,0,0,5,0,12,38,0,50,0,0,0,50
09/23/2000,LZU,GA,ASO,ES,Federal Contract Tower,0,4,23,0,27,0,6,173,0,179,0,10,196,0,206,162,0,162,368
09/24/2000,LZU,GA,ASO,ES,Federal Contract Tower,0,1,17,0,18,0,0,148,0,148,0,1,165,0,166,96,0,96,262
09/25/2000,LZU,GA,ASO,ES,Federal Contract Tower,0,4,25,0,29,0,5,10,0,15,0,9,35,0,44,10,0,10,54
09/26/2000,LZU,GA,ASO,ES,Federal Contract Tower,0,4,26,0,30,0,8,128,0,136,0,12,154,0,166,114,0,114,280
09/27/2000,LZU,GA,ASO,ES,Federal Contract Tower,0,7,44,0,51,0,9,206,0,215,0,16,250,0,266,150,0,150,416
09/28/2000,LZU,GA,ASO,ES,Federal Contract Tower,0,5,34,0,39,0,6,180,0,186,0,11,214,0,225,164,0,164,389
09/29/2000,LZU,GA,ASO,ES,Federal Contract Tower,0,6,40,0,46,0,16,170,2,188,0,22,210,2,234,140,0,140,374
09/30/2000,LZU,GA,ASO,ES,Federal Contract Tower,0,3,18,0,21,0,1,264,0,265,0,4,282,0,286,218,0,218,504
10/01/2000,LZU,GA,ASO,ES,Federal Contract Tower,0,0,0,0,0,0,0,0,0,0,0,0,0,0,0,0,0,0,0
10/02/2000,LZU,GA,ASO,ES,Federal Contract Tower,0,5,23,0,28,0,5,157,0,162,0,10,180,0,190,98,0,98,288
10/03/2000,LZU,GA,ASO,ES,Federal Contract Tower,0,6,28,0,34,0,4,180,0,184,0,10,208,0,218,110,0,110,328
10/04/2000,LZU,GA,ASO,ES,Federal Contract Tower,0,7,37,0,44,0,5,150,0,155,0,12,187,0,199,98,0,98,297
10/05/2000,LZU,GA,ASO,ES,Federal Contract Tower,0,8,41,0,49,0,2,166,0,168,0,10,207,0,217,142,0,142,359
10/06/2000,LZU,GA,ASO,ES,Federal Contract Tower,0,6,31,0,37,0,5,8,0,13,0,11,39,0,50,52,0,52,102
10/07/2000,LZU,GA,ASO,ES,Federal Contract Tower,0,3,14,0,17,0,2,199,0,201,0,5,213,0,218,90,0,90,308
10/08/2000,LZU,GA,ASO,ES,Federal Contract Tower,0,6,37,0,43,0,0,154,0,154,0,6,191,0,197,112,0,112,309
10/09/2000,LZU,GA,ASO,ES,Federal Contract Tower,0,7,36,0,43,0,5,136,0,141,0,12,172,0,184,116,0,116,300
10/10/2000,LZU,GA,ASO,ES,Federal Contract Tower,0,6,27,0,33,0,2,176,0,178,0,8,203,0,211,122,0,122,333
10/11/2000,LZU,GA,ASO,ES,Federal Contract Tower,0,4,21,0,25,0,7,162,0,169,0,11,183,0,194,128,0,128,322
10/12/2000,LZU,GA,ASO,ES,Federal Contract Tower,0,7,33,0,40,0,1,167,0,168,0,8,200,0,208,212,0,212,420
10/13/2000,LZU,GA,ASO,ES,Federal Contract Tower,0,7,35,0,42,0,4,211,0,215,0,11,246,0,257,156,0,156,413
10/14/2000,LZU,GA,ASO,ES,Federal Contract Tower,0,4,18,0,22,0,1,309,0,310,0,5,327,0,332,226,0,226,558
10/15/2000,LZU,GA,ASO,ES,Federal Contract Tower,0,4,30,0,34,0,0,270,0,270,0,4,300,0,304,166,0,166,470
10/16/2000,LZU,GA,ASO,ES,Federal Contract Tower,0,4,28,0,32,0,3,130,0,133,0,7,158,0,165,76,0,76,241
10/17/2000,LZU,GA,ASO,ES,Federal Contract Tower,0,5,31,0,36,0,3,142,0,145,0,8,173,0,181,140,0,140,321
10/18/2000,LZU,GA,ASO,ES,Federal Contract Tower,0,7,41,0,48,0,0,151,0,151,0,7,192,0,199,114,0,114,313
10/19/2000,LZU,GA,ASO,ES,Federal Contract Tower,0,7,42,0,49,0,5,142,2,149,0,12,184,2,198,136,0,136,334
10/20/2000,LZU,GA,ASO,ES,Federal Contract Tower,0,11,67,0,78,0,6,51,0,57,0,17,118,0,135,0,0,0,135
10/21/2000,LZU,GA,ASO,ES,Federal Contract Tower,0,6,35,0,41,0,0,173,0,173,0,6,208,0,214,144,0,144,358
10/22/2000,LZU,GA,ASO,ES,Federal Contract Tower,0,4,28,0,32,0,5,231,0,236,0,9,259,0,268,144,0,144,412
10/23/2000,LZU,GA,ASO,ES,Federal Contract Tower,0,7,39,0,46,0,3,89,0,92,0,10,128,0,138,52,0,52,190
10/24/2000,LZU,GA,ASO,ES,Federal Contract Tower,0,7,42,0,49,0,7,177,0,184,0,14,219,0,233,102,0,102,335
10/25/2000,LZU,GA,ASO,ES,Federal Contract Tower,0,6,39,0,45,0,1,124,0,125,0,7,163,0,170,122,0,122,292
10/26/2000,LZU,GA,ASO,ES,Federal Contract Tower,0,7,49,0,56,0,0,118,0,118,0,7,167,0,174,136,0,136,310
10/27/2000,LZU,GA,ASO,ES,Federal Contract Tower,0,10,58,0,68,0,1,118,0,119,0,11,176,0,187,52,0,52,239
10/28/2000,LZU,GA,ASO,ES,Federal Contract Tower,0,5,36,0,41,0,0,144,1,145,0,5,180,1,186,60,0,60,246
10/29/2000,LZU,GA,ASO,ES,Federal Contract Tower,0,5,32,0,37,0,1,156,0,157,0,6,188,0,194,92,0,92,286
10/30/2000,LZU,GA,ASO,ES,Federal Contract Tower,0,5,34,0,39,0,7,140,0,147,0,12,174,0,186,118,0,118,304
10/31/2000,LZU,GA,ASO,ES,Federal Contract Tower,0,5,30,0,35,0,2,131,8,141,0,7,161,8,176,84,0,84,260
11/01/2000,LZU,GA,ASO,ES,Federal Contract Tower,0,6,28,0,34,0,5,139,1,145,0,11,167,1,179,60,0,60,239
11/02/2000,LZU,GA,ASO,ES,Federal Contract Tower,0,12,58,0,70,0,0,139,0,139,0,12,197,0,209,108,0,108,317
11/03/2000,LZU,GA,ASO,ES,Federal Contract Tower,0,12,58,0,70,0,0,151,0,151,0,12,209,0,221,66,0,66,287
11/04/2000,LZU,GA,ASO,ES,Federal Contract Tower,0,3,33,0,36,0,0,103,0,103,0,3,136,0,139,78,0,78,217
11/05/2000,LZU,GA,ASO,ES,Federal Contract Tower,0,11,50,0,61,0,1,42,0,43,0,12,92,0,104,26,0,26,130
11/06/2000,LZU,GA,ASO,ES,Federal Contract Tower,0,11,51,0,62,0,8,35,0,43,0,19,86,0,105,34,0,34,139
11/07/2000,LZU,GA,ASO,ES,Federal Contract Tower,0,9,30,0,39,0,8,0,0,8,0,17,30,0,47,0,0,0,47
11/08/2000,LZU,GA,ASO,ES,Federal Contract Tower,0,8,44,0,52,0,0,12,0,12,0,8,56,0,64,6,0,6,70
11/09/2000,LZU,GA,ASO,ES,Federal Contract Tower,0,9,43,0,52,0,2,11,0,13,0,11,54,0,65,6,0,6,71
11/10/2000,LZU,GA,ASO,ES,Federal Contract Tower,0,8,34,0,42,0,1,128,0,129,0,9,162,0,171,124,0,124,295
11/11/2000,LZU,GA,ASO,ES,Federal Contract Tower,0,5,25,0,30,0,0,283,0,283,0,5,308,0,313,150,0,150,463
11/12/2000,LZU,GA,ASO,ES,Federal Contract Tower,0,5,25,0,30,0,0,287,0,287,0,5,312,0,317,148,0,148,465
11/13/2000,LZU,GA,ASO,ES,Federal Contract Tower,0,6,27,0,33,0,3,63,0,66,0,9,90,0,99,68,0,68,167
11/14/2000,LZU,GA,ASO,ES,Federal Contract Tower,0,8,37,0,45,0,2,96,0,98,0,10,133,0,143,70,0,70,213
11/15/2000,LZU,GA,ASO,ES,Federal Contract Tower,0,6,33,0,39,0,6,145,0,151,0,12,178,0,190,102,2,104,294
11/16/2000,LZU,GA,ASO,ES,Federal Contract Tower,0,9,46,0,55,0,3,85,0,88,0,12,131,0,143,92,0,92,235
11/17/2000,LZU,GA,ASO,ES,Federal Contract Tower,0,7,39,0,46,0,4,83,0,87,0,11,122,0,133,76,0,76,209
11/18/2000,LZU,GA,ASO,ES,Federal Contract Tower,0,3,20,0,23,0,1,102,0,103,0,4,122,0,126,98,0,98,224
11/19/2000,LZU,GA,ASO,ES,Federal Contract Tower,0,2,15,0,17,0,0,5,0,5,0,2,20,0,22,0,0,0,22
11/20/2000,LZU,GA,ASO,ES,Federal Contract Tower,0,7,39,0,46,0,6,128,0,134,0,13,167,0,180,90,0,90,270
11/21/2000,LZU,GA,ASO,ES,Federal Contract Tower,0,8,43,0,51,0,3,91,0,94,0,11,134,0,145,94,0,94,239
11/22/2000,LZU,GA,ASO,ES,Federal Contract Tower,0,8,49,0,57,0,0,191,2,193,0,8,240,2,250,70,0,70,320
11/23/2000,LZU,GA,ASO,ES,Federal Contract Tower,0,3,19,0,22,0,2,84,0,86,0,5,103,0,108,12,0,12,120
11/24/2000,LZU,GA,ASO,ES,Federal Contract Tower,0,5,25,0,30,0,5,149,0,154,0,10,174,0,184,100,0,100,284
11/25/2000,LZU,GA,ASO,ES,Federal Contract Tower,0,3,19,0,22,0,0,3,0,3,0,3,22,0,25,0,0,0,25
11/26/2000,LZU,GA,ASO,ES,Federal Contract Tower,0,11,54,0,65,0,1,112,0,113,0,12,166,0,178,122,0,122,300
11/27/2000,LZU,GA,ASO,ES,Federal Contract Tower,0,4,23,0,27,0,8,128,0,136,0,12,151,0,163,112,0,112,275
11/28/2000,LZU,GA,ASO,ES,Federal Contract Tower,0,5,26,0,31,0,5,186,0,191,0,10,212,0,222,172,0,172,394
11/29/2000,LZU,GA,ASO,ES,Federal Contract Tower,0,12,60,0,72,0,3,54,0,57,0,15,114,0,129,44,0,44,173
11/30/2000,LZU,GA,ASO,ES,Federal Contract Tower,0,6,30,0,36,0,5,186,0,191,0,11,216,0,227,96,0,96,323
12/01/2000,LZU,GA,ASO,ES,Federal Contract Tower,0,9,22,0,31,0,5,277,0,282,0,14,299,0,313,120,0,120,433
12/02/2000,LZU,GA,ASO,ES,Federal Contract Tower,0,2,22,0,24,0,0,90,0,90,0,2,112,0,114,84,0,84,198
12/03/2000,LZU,GA,ASO,ES,Federal Contract Tower,0,2,3,0,5,0,1,38,0,39,0,3,41,0,44,34,0,34,78
12/04/2000,LZU,GA,ASO,ES,Federal Contract Tower,0,8,20,0,28,0,4,128,0,132,0,12,148,0,160,94,0,94,254
12/05/2000,LZU,GA,ASO,ES,Federal Contract Tower,0,12,29,0,41,0,0,145,0,145,0,12,174,0,186,70,0,70,256
12/06/2000,LZU,GA,ASO,ES,Federal Contract Tower,0,9,28,0,37,0,0,137,2,139,0,9,165,2,176,110,0,110,286
12/07/2000,LZU,GA,ASO,ES,Federal Contract Tower,0,8,20,0,28,0,0,157,0,157,0,8,177,0,185,98,0,98,283
12/08/2000,LZU,GA,ASO,ES,Federal Contract Tower,0,11,26,0,37,0,0,201,0,201,0,11,227,0,238,96,0,96,334
12/09/2000,LZU,GA,ASO,ES,Federal Contract Tower,0,4,17,0,21,0,0,233,0,233,0,4,250,0,254,120,0,120,374
12/10/2000,LZU,GA,ASO,ES,Federal Contract Tower,0,3,29,0,32,0,0,12,0,12,0,3,41,0,44,6,0,6,50
12/11/2000,LZU,GA,ASO,ES,Federal Contract Tower,0,10,33,0,43,0,0,13,0,13,0,10,46,0,56,8,0,8,64
12/12/2000,LZU,GA,ASO,ES,Federal Contract Tower,0,12,28,0,40,0,8,77,0,85,0,20,105,0,125,48,0,48,173
12/13/2000,LZU,GA,ASO,ES,Federal Contract Tower,0,11,40,0,51,0,0,18,0,18,0,11,58,0,69,12,0,12,81
12/14/2000,LZU,GA,ASO,ES,Federal Contract Tower,0,13,41,0,54,0,0,26,0,26,0,13,67,0,80,20,0,20,100
12/15/2000,LZU,GA,ASO,ES,Federal Contract Tower,0,13,35,0,48,0,1,0,0,1,0,14,35,0,49,0,0,0,49
12/16/2000,LZU,GA,ASO,ES,Federal Contract Tower,0,2,10,0,12,0,0,1,0,1,0,2,11,0,13,0,0,0,13
12/17/2000,LZU,GA,ASO,ES,Federal Contract Tower,0,5,16,0,21,0,2,7,0,9,0,7,23,0,30,6,0,6,36
12/18/2000,LZU,GA,ASO,ES,Federal Contract Tower,0,8,26,0,34,0,0,117,0,117,0,8,143,0,151,120,0,120,271
12/19/2000,LZU,GA,ASO,ES,Federal Contract Tower,0,7,19,0,26,0,0,0,0,0,0,7,19,0,26,0,0,0,26
12/20/2000,LZU,GA,ASO,ES,Federal Contract Tower,0,10,36,0,46,0,0,88,2,90,0,10,124,2,136,86,0,86,222
12/21/2000,LZU,GA,ASO,ES,Federal Contract Tower,0,5,14,0,19,0,1,33,0,34,0,6,47,0,53,12,0,12,65
12/22/2000,LZU,GA,ASO,ES,Federal Contract Tower,0,5,19,0,24,0,0,100,0,100,0,5,119,0,124,62,0,62,186
12/23/2000,LZU,GA,ASO,ES,Federal Contract Tower,0,3,18,0,21,0,0,211,0,211,0,3,229,0,232,176,0,176,408
12/24/2000,LZU,GA,ASO,ES,Federal Contract Tower,0,1,8,0,9,0,0,160,0,160,0,1,168,0,169,152,0,152,321
12/25/2000,LZU,GA,ASO,ES,Federal Contract Tower,0,3,11,0,14,0,0,79,0,79,0,3,90,0,93,4,0,4,97
12/26/2000,LZU,GA,ASO,ES,Federal Contract Tower,0,5,22,0,27,0,0,181,0,181,0,5,203,0,208,80,0,80,288
12/27/2000,LZU,GA,ASO,ES,Federal Contract Tower,0,7,20,0,27,0,5,2,4,11,0,12,22,4,38,0,0,0,38
12/28/2000,LZU,GA,ASO,ES,Federal Contract Tower,0,10,26,0,36,0,1,26,0,27,0,11,52,0,63,46,0,46,109
12/29/2000,LZU,GA,ASO,ES,Federal Contract Tower,0,11,91,0,102,0,0,120,0,120,0,11,211,0,222,122,0,122,344
12/30/2000,LZU,GA,ASO,ES,Federal Contract Tower,0,5,17,0,22,0,0,49,0,49,0,5,66,0,71,14,0,14,85
12/31/2000,LZU,GA,ASO,ES,Federal Contract Tower,0,5,13,0,18,0,2,105,0,107,0,7,118,0,125,78,0,78,203
01/01/2001,LZU,GA,ASO,ES,Federal Contract Tower,0,1,17,0,18,0,0,35,0,35,0,1,52,0,53,38,0,38,91
01/02/2001,LZU,GA,ASO,ES,Federal Contract Tower,0,5,25,0,30,0,4,95,0,99,0,9,120,0,129,68,0,68,197
01/03/2001,LZU,GA,ASO,ES,Federal Contract Tower,0,7,31,0,38,0,5,112,0,117,0,12,143,0,155,116,0,116,271
01/04/2001,LZU,GA,ASO,ES,Federal Contract Tower,0,5,22,0,27,0,3,136,0,139,0,8,158,0,166,80,0,80,246
01/05/2001,LZU,GA,ASO,ES,Federal Contract Tower,0,7,34,0,41,0,12,188,0,200,0,19,222,0,241,116,0,116,357
01/06/2001,LZU,GA,ASO,ES,Federal Contract Tower,0,5,23,0,28,0,3,399,0,402,0,8,422,0,430,102,0,102,532
01/07/2001,LZU,GA,ASO,ES,Federal Contract Tower,0,3,25,0,28,0,0,180,0,180,0,3,205,0,208,188,0,188,396
01/08/2001,LZU,GA,ASO,ES,Federal Contract Tower,0,5,25,0,30,0,4,8,0,12,0,9,33,0,42,0,0,0,42
01/09/2001,LZU,GA,ASO,ES,Federal Contract Tower,0,6,28,0,34,0,5,94,4,103,0,11,122,4,137,56,0,56,193
01/10/2001,LZU,GA,ASO,ES,Federal Contract Tower,0,6,28,0,34,0,2,169,0,171,0,8,197,0,205,118,0,118,323
01/11/2001,LZU,GA,ASO,ES,Federal Contract Tower,0,9,44,0,53,0,3,57,3,63,0,12,101,3,116,120,0,120,236
01/12/2001,LZU,GA,ASO,ES,Federal Contract Tower,0,11,53,0,64,0,9,54,0,63,0,20,107,0,127,0,0,0,127
01/13/2001,LZU,GA,ASO,ES,Federal Contract Tower,0,3,22,0,25,0,0,279,0,279,0,3,301,0,304,98,0,98,402
01/14/2001,LZU,GA,ASO,ES,Federal Contract Tower,0,5,38,0,43,0,0,110,0,110,0,5,148,0,153,162,0,162,315
01/15/2001,LZU,GA,ASO,ES,Federal Contract Tower,0,6,33,0,39,0,0,155,0,155,0,6,188,0,194,94,0,94,288
01/16/2001,LZU,GA,ASO,ES,Federal Contract Tower,0,7,36,0,43,0,4,134,0,138,0,11,170,0,181,98,0,98,279
01/17/2001,LZU,GA,ASO,ES,Federal Contract Tower,0,10,48,0,58,0,6,0,0,6,0,16,48,0,64,0,0,0,64
01/18/2001,LZU,GA,ASO,ES,Federal Contract Tower,0,7,34,0,41,0,5,0,0,5,0,12,34,0,46,0,0,0,46
01/19/2001,LZU,GA,ASO,ES,Federal Contract Tower,0,7,37,0,44,0,7,1,0,8,0,14,38,0,52,0,0,0,52
01/20/2001,LZU,GA,ASO,ES,Federal Contract Tower,0,2,19,0,21,0,0,20,0,20,0,2,39,0,41,6,0,6,47
01/21/2001,LZU,GA,ASO,ES,Federal Contract Tower,0,1,11,0,12,0,1,208,0,209,0,2,219,0,221,110,0,110,331
01/22/2001,LZU,GA,ASO,ES,Federal Contract Tower,0,5,28,0,33,0,7,117,0,124,0,12,145,0,157,110,0,110,267
01/23/2001,LZU,GA,ASO,ES,Federal Contract Tower,0,7,37,0,44,0,5,160,2,167,0,12,197,2,211,100,0,100,311
01/24/2001,LZU,GA,ASO,ES,Federal Contract Tower,0,4,24,0,28,0,2,163,0,165,0,6,187,0,193,100,0,100,293
01/25/2001,LZU,GA,ASO,ES,Federal Contract Tower,0,4,25,0,29,0,1,104,1,106,0,5,129,1,135,76,0,76,211
01/26/2001,LZU,GA,ASO,ES,Federal Contract Tower,0,8,41,0,49,0,3,228,2,233,0,11,269,2,282,132,0,132,414
01/27/2001,LZU,GA,ASO,ES,Federal Contract Tower,0,0,26,0,26,0,0,237,0,237,0,0,263,0,263,218,0,218,481
01/28/2001,LZU,GA,ASO,ES,Federal Contract Tower,0,1,13,0,14,0,0,262,0,262,0,1,275,0,276,170,0,170,446
01/29/2001,LZU,GA,ASO,ES,Federal Contract Tower,0,6,34,0,40,0,3,74,0,77,0,9,108,0,117,80,0,80,197
01/30/2001,LZU,GA,ASO,ES,Federal Contract Tower,0,4,26,0,30,0,5,100,0,105,0,9,126,0,135,110,0,110,245
01/31/2001,LZU,GA,ASO,ES,Federal Contract Tower,0,4,22,0,26,0,6,177,0,183,0,10,199,0,209,108,0,108,317
02/01/2001,LZU,GA,ASO,ES,Federal Contract Tower,0,4,25,0,29,0,3,147,0,150,0,7,172,0,179,198,0,198,377
02/02/2001,LZU,GA,ASO,ES,Federal Contract Tower,0,4,24,0,28,0,3,110,0,113,0,7,134,0,141,52,0,52,193
02/03/2001,LZU,GA,ASO,ES,Federal Contract Tower,0,0,20,0,20,0,0,312,2,314,0,0,332,2,334,192,0,192,526
02/04/2001,LZU,GA,ASO,ES,Federal Contract Tower,0,2,24,0,26,0,0,191,0,191,0,2,215,0,217,106,0,106,323
02/05/2001,LZU,GA,ASO,ES,Federal Contract Tower,0,3,26,0,29,0,0,130,0,130,0,3,156,0,159,144,0,144,303
02/06/2001,LZU,GA,ASO,ES,Federal Contract Tower,0,5,31,0,36,0,2,146,0,148,0,7,177,0,184,138,0,138,322
02/07/2001,LZU,GA,ASO,ES,Federal Contract Tower,0,5,32,0,37,0,5,173,2,180,0,10,205,2,217,264,0,264,481
02/08/2001,LZU,GA,ASO,ES,Federal Contract Tower,0,5,35,0,40,0,9,191,0,200,0,14,226,0,240,150,0,150,390
02/09/2001,LZU,GA,ASO,ES,Federal Contract Tower,0,7,44,0,51,0,5,71,0,76,0,12,115,0,127,60,0,60,187
02/10/2001,LZU,GA,ASO,ES,Federal Contract Tower,0,1,20,0,21,0,0,199,0,199,0,1,219,0,220,134,0,134,354
02/11/2001,LZU,GA,ASO,ES,Federal Contract Tower,0,3,21,0,24,0,0,161,0,161,0,3,182,0,185,160,0,160,345
02/12/2001,LZU,GA,ASO,ES,Federal Contract Tower,0,7,45,0,52,0,0,0,0,0,0,7,45,0,52,0,0,0,52
02/13/2001,LZU,GA,ASO,ES,Federal Contract Tower,0,8,48,0,56,0,1,0,0,1,0,9,48,0,57,0,0,0,57
02/14/2001,LZU,GA,ASO,ES,Federal Contract Tower,0,6,36,0,42,0,4,4,0,8,0,10,40,0,50,0,0,0,50
02/15/2001,LZU,GA,ASO,ES,Federal Contract Tower,0,8,57,0,65,0,5,31,0,36,0,13,88,0,101,4,0,4,105
02/16/2001,LZU,GA,ASO,ES,Federal Contract Tower,0,7,56,0,63,0,2,4,0,6,0,9,60,0,69,0,0,0,69
02/17/2001,LZU,GA,ASO,ES,Federal Contract Tower,0,3,27,0,30,0,1,211,0,212,0,4,238,0,242,164,0,164,406
02/18/2001,LZU,GA,ASO,ES,Federal Contract Tower,0,2,21,0,23,0,1,302,0,303,0,3,323,0,326,130,0,130,456
02/19/2001,LZU,GA,ASO,ES,Federal Contract Tower,0,4,31,0,35,0,1,179,0,180,0,5,210,0,215,122,0,122,337
02/20/2001,LZU,GA,ASO,ES,Federal Contract Tower,0,9,67,0,76,0,3,8,0,11,0,12,75,0,87,38,0,38,125
02/21/2001,LZU,GA,ASO,ES,Federal Contract Tower,0,5,41,0,46,0,3,62,4,69,0,8,103,4,115,98,0,98,213
02/22/2001,LZU,GA,ASO,ES,Federal Contract Tower,0,3,23,0,26,0,3,0,0,3,0,6,23,0,29,0,0,0,29
02/23/2001,LZU,GA,ASO,ES,Federal Contract Tower,0,5,42,0,47,0,4,183,0,187,0,9,225,0,234,104,0,104,338
02/24/2001,LZU,GA,ASO,ES,Federal Contract Tower,0,5,40,0,45,0,1,89,0,90,0,6,129,0,135,196,0,196,331
02/25/2001,LZU,GA,ASO,ES,Federal Contract Tower,0,5,38,0,43,0,0,4,0,4,0,5,42,0,47,0,0,0,47
02/26/2001,LZU,GA,ASO,ES,Federal Contract Tower,0,5,41,0,46,0,6,235,2,243,0,11,276,2,289,190,0,190,479
02/27/2001,LZU,GA,ASO,ES,Federal Contract Tower,0,5,36,0,41,0,5,148,0,153,0,10,184,0,194,106,0,106,300
02/28/2001,LZU,GA,ASO,ES,Federal Contract Tower,0,4,34,0,38,0,5,111,0,116,0,9,145,0,154,112,0,112,266
03/01/2001,LZU,GA,ASO,ES,Federal Contract Tower,0,6,26,0,32,0,4,150,0,154,0,10,176,0,186,92,0,92,278
03/02/2001,LZU,GA,ASO,ES,Federal Contract Tower,0,9,61,0,70,0,0,27,0,27,0,9,88,0,97,22,0,22,119
03/03/2001,LZU,GA,ASO,ES,Federal Contract Tower,0,2,13,0,15,0,0,5,0,5,0,2,18,0,20,0,0,0,20
03/04/2001,LZU,GA,ASO,ES,Federal Contract Tower,0,0,23,0,23,0,0,45,2,47,0,0,68,2,70,68,0,68,138
03/05/2001,LZU,GA,ASO,ES,Federal Contract Tower,0,5,23,0,28,0,5,31,0,36,0,10,54,0,64,2,0,2,66
03/06/2001,LZU,GA,ASO,ES,Federal Contract Tower,0,4,16,0,20,0,9,26,0,35,0,13,42,0,55,0,0,0,55
03/07/2001,LZU,GA,ASO,ES,Federal Contract Tower,0,7,32,0,39,0,5,171,0,176,0,12,203,0,215,98,0,98,313
03/08/2001,LZU,GA,ASO,ES,Federal Contract Tower,0,7,32,0,39,0,1,201,0,202,0,8,233,0,241,160,0,160,401
03/09/2001,LZU,GA,ASO,ES,Federal Contract Tower,0,7,32,0,39,0,2,162,0,164,0,9,194,0,203,120,0,120,323
03/10/2001,LZU,GA,ASO,ES,Federal Contract Tower,0,0,15,1,16,0,0,378,3,381,0,0,393,4,397,78,0,78,475
03/11/2001,LZU,GA,ASO,ES,Federal Contract Tower,0,2,25,0,27,0,0,336,0,336,0,2,361,0,363,160,0,160,523
03/12/2001,LZU,GA,ASO,ES,Federal Contract Tower,0,6,31,0,37,0,6,0,0,6,0,12,31,0,43,4,0,4,47
03/13/2001,LZU,GA,ASO,ES,Federal Contract Tower,0,6,38,0,44,0,3,92,4,99,0,9,130,4,143,56,0,56,199
03/14/2001,LZU,GA,ASO,ES,Federal Contract Tower,0,7,43,0,50,0,3,184,0,187,0,10,227,0,237,178,0,178,415
03/15/2001,LZU,GA,ASO,ES,Federal Contract Tower,0,6,36,0,42,0,7,25,0,32,0,13,61,0,74,4,0,4,78
03/16/2001,LZU,GA,ASO,ES,Federal Contract Tower,0,5,31,0,36,0,7,153,0,160,0,12,184,0,196,156,0,156,352
03/17/2001,LZU,GA,ASO,ES,Federal Contract Tower,0,3,18,0,21,0,3,391,0,394,0,6,409,0,415,80,0,80,495
03/18/2001,LZU,GA,ASO,ES,Federal Contract Tower,0,5,28,0,33,0,0,225,0,225,0,5,253,0,258,84,0,84,342
03/19/2001,LZU,GA,ASO,ES,Federal Contract Tower,0,8,46,0,54,0,4,69,0,73,0,12,115,0,127,86,0,86,213
03/20/2001,LZU,GA,ASO,ES,Federal Contract Tower,0,5,27,0,32,0,0,0,0,0,0,5,27,0,32,0,0,0,32
03/21/2001,LZU,GA,ASO,ES,Federal Contract Tower,0,11,67,0,78,0,0,6,2,8,0,11,73,2,86,18,0,18,104
03/22/2001,LZU,GA,ASO,ES,Federal Contract Tower,0,7,42,0,49,0,3,150,2,155,0,10,192,2,204,28,0,28,232
03/23/2001,LZU,GA,ASO,ES,Federal Contract Tower,0,6,33,0,39,0,8,306,1,315,0,14,339,1,354,268,0,268,622
03/24/2001,LZU,GA,ASO,ES,Federal Contract Tower,0,2,13,0,15,0,0,221,0,221,0,2,234,0,236,196,0,196,432
03/25/2001,LZU,GA,ASO,ES,Federal Contract Tower,0,3,18,0,21,0,1,205,0,206,0,4,223,0,227,92,0,92,319
03/26/2001,LZU,GA,ASO,ES,Federal Contract Tower,0,5,28,0,33,0,3,128,0,131,0,8,156,0,164,88,0,88,252
03/27/2001,LZU,GA,ASO,ES,Federal Contract Tower,0,4,27,0,31,0,10,193,0,203,0,14,220,0,234,216,0,216,450
03/28/2001,LZU,GA,ASO,ES,Federal Contract Tower,0,5,29,0,34,0,4,149,1,154,0,9,178,1,188,172,0,172,360
03/29/2001,LZU,GA,ASO,ES,Federal Contract Tower,0,6,29,0,35,0,5,0,0,5,0,11,29,0,40,0,0,0,40
03/30/2001,LZU,GA,ASO,ES,Federal Contract Tower,0,14,76,0,90,0,1,37,1,39,0,15,113,1,129,64,0,64,193
03/31/2001,LZU,GA,ASO,ES,Federal Contract Tower,0,5,33,0,38,0,0,148,0,148,0,5,181,0,186,194,0,194,380
04/01/2001,LZU,GA,ASO,ES,Federal Contract Tower,0,5,34,0,39,0,0,28,0,28,0,5,62,0,67,0,0,0,67
04/02/2001,LZU,GA,ASO,ES,Federal Contract Tower,0,6,39,0,45,0,6,219,0,225,0,12,258,0,270,132,0,132,402
04/03/2001,LZU,GA,ASO,ES,Federal Contract Tower,0,12,47,0,59,0,2,1,0,3,0,14,48,0,62,0,0,0,62
04/04/2001,LZU,GA,ASO,ES,Federal Contract Tower,0,7,55,0,62,0,0,81,0,81,0,7,136,0,143,94,0,94,237
04/05/2001,LZU,GA,ASO,ES,Federal Contract Tower,0,10,51,0,61,0,0,0,0,0,0,10,51,0,61,0,0,0,61
04/06/2001,LZU,GA,ASO,ES,Federal Contract Tower,0,8,63,0,71,0,4,142,2,148,0,12,205,2,219,154,0,154,373
04/07/2001,LZU,GA,ASO,ES,Federal Contract Tower,0,6,33,0,39,0,1,248,0,249,0,7,281,0,288,228,0,228,516
04/08/2001,LZU,GA,ASO,ES,Federal Contract Tower,0,6,38,0,44,0,2,192,0,194,0,8,230,0,238,104,0,104,342
04/09/2001,LZU,GA,ASO,ES,Federal Contract Tower,0,11,36,0,47,0,3,143,0,146,0,14,179,0,193,112,0,112,305
04/10/2001,LZU,GA,ASO,ES,Federal Contract Tower,0,10,29,0,39,0,6,177,2,185,0,16,206,2,224,156,0,156,380
04/11/2001,LZU,GA,ASO,ES,Federal Contract Tower,0,15,40,0,55,0,5,170,0,175,0,20,210,0,230,158,0,158,388
04/12/2001,LZU,GA,ASO,ES,Federal Contract Tower,0,10,59,0,69,0,2,106,0,108,0,12,165,0,177,128,0,128,305
04/13/2001,LZU,GA,ASO,ES,Federal Contract Tower,0,8,44,0,52,0,5,83,2,90,0,13,127,2,142,52,0,52,194
04/14/2001,LZU,GA,ASO,ES,Federal Contract Tower,0,6,26,0,32,0,0,318,0,318,0,6,344,0,350,84,0,84,434
04/15/2001,LZU,GA,ASO,ES,Federal Contract Tower,0,5,18,0,23,0,0,33,0,33,0,5,51,0,56,26,0,26,82
04/16/2001,LZU,GA,ASO,ES,Federal Contract Tower,0,8,37,0,45,0,4,141,2,147,0,12,178,2,192,72,0,72,264
04/17/2001,LZU,GA,ASO,ES,Federal Contract Tower,0,10,28,0,38,0,4,28,2,34,0,14,56,2,72,16,0,16,88
04/18/2001,LZU,GA,ASO,ES,Federal Contract Tower,0,6,50,0,56,0,9,184,0,193,0,15,234,0,249,120,0,120,369
04/19/2001,LZU,GA,ASO,ES,Federal Contract Tower,0,7,44,0,51,0,4,167,0,171,0,11,211,0,222,136,0,136,358
04/20/2001,LZU,GA,ASO,ES,Federal Contract Tower,0,7,42,0,49,0,4,179,0,183,0,11,221,0,232,136,0,136,368
04/21/2001,LZU,GA,ASO,ES,Federal Contract Tower,0,0,22,0,22,0,3,314,0,317,0,3,336,0,339,192,0,192,531
04/22/2001,LZU,GA,ASO,ES,Federal Contract Tower,0,3,23,0,26,0,0,231,2,233,0,3,254,2,259,122,0,122,381
04/23/2001,LZU,GA,ASO,ES,Federal Contract Tower,0,9,32,0,41,0,0,158,0,158,0,9,190,0,199,114,0,114,313
04/24/2001,LZU,GA,ASO,ES,Federal Contract Tower,0,8,49,0,57,0,0,45,0,45,0,8,94,0,102,50,0,50,152
04/25/2001,LZU,GA,ASO,ES,Federal Contract Tower,0,6,56,0,62,0,4,139,0,143,0,10,195,0,205,122,0,122,327
04/26/2001,LZU,GA,ASO,ES,Federal Contract Tower,0,9,56,0,65,0,6,180,0,186,0,15,236,0,251,162,0,162,413
04/27/2001,LZU,GA,ASO,ES,Federal Contract Tower,0,5,36,0,41,0,7,277,0,284,0,12,313,0,325,212,4,216,541
04/28/2001,LZU,GA,ASO,ES,Federal Contract Tower,0,1,20,0,21,0,0,227,0,227,0,1,247,0,248,112,0,112,360
04/29/2001,LZU,GA,ASO,ES,Federal Contract Tower,0,3,33,0,36,0,0,161,0,161,0,3,194,0,197,158,0,158,355
04/30/2001,LZU,GA,ASO,ES,Federal Contract Tower,0,6,40,0,46,0,1,149,0,150,0,7,189,0,196,194,0,194,390
05/01/2001,LZU,GA,ASO,ES,Federal Contract Tower,0,0,0,0,0,0,0,0,0,0,0,0,0,0,0,0,0,0,0
05/02/2001,LZU,GA,ASO,ES,Federal Contract Tower,0,7,44,0,51,0,3,182,0,185,0,10,226,0,236,186,0,186,422
05/03/2001,LZU,GA,ASO,ES,Federal Contract Tower,0,10,51,0,61,0,4,224,0,228,0,14,275,0,289,116,0,116,405
05/04/2001,LZU,GA,ASO,ES,Federal Contract Tower,0,9,37,0,46,0,0,374,0,374,0,9,411,0,420,4,0,4,424
05/05/2001,LZU,GA,ASO,ES,Federal Contract Tower,0,3,16,2,21,0,0,478,0,478,0,3,494,2,499,28,0,28,527
05/06/2001,LZU,GA,ASO,ES,Federal Contract Tower,0,6,28,0,34,0,0,235,0,235,0,6,263,0,269,68,0,68,337
05/07/2001,LZU,GA,ASO,ES,Federal Contract Tower,0,7,36,0,43,0,3,86,0,89,0,10,122,0,132,158,0,158,290
05/08/2001,LZU,GA,ASO,ES,Federal Contract Tower,0,9,48,0,57,0,1,131,0,132,0,10,179,0,189,124,0,124,313
05/09/2001,LZU,GA,ASO,ES,Federal Contract Tower,0,10,41,0,51,0,6,139,0,145,0,16,180,0,196,144,0,144,340
05/10/2001,LZU,GA,ASO,ES,Federal Contract Tower,0,7,52,0,59,0,4,179,8,191,0,11,231,8,250,122,0,122,372
05/11/2001,LZU,GA,ASO,ES,Federal Contract Tower,0,7,48,0,55,0,2,194,0,196,0,9,242,0,251,104,0,104,355
05/12/2001,LZU,GA,ASO,ES,Federal Contract Tower,0,3,20,0,23,0,3,225,0,228,0,6,245,0,251,180,0,180,431
05/13/2001,LZU,GA,ASO,ES,Federal Contract Tower,0,6,22,0,28,0,0,232,0,232,0,6,254,0,260,110,0,110,370
05/14/2001,LZU,GA,ASO,ES,Federal Contract Tower,0,6,28,0,34,0,3,160,0,163,0,9,188,0,197,118,0,118,315
05/15/2001,LZU,GA,ASO,ES,Federal Contract Tower,0,11,37,0,48,0,2,177,0,179,0,13,214,0,227,180,0,180,407
05/16/2001,LZU,GA,ASO,ES,Federal Contract Tower,0,7,36,0,43,0,4,167,0,171,0,11,203,0,214,116,0,116,330
05/17/2001,LZU,GA,ASO,ES,Federal Contract Tower,0,6,45,0,51,0,4,167,0,171,0,10,212,0,222,82,0,82,304
05/18/2001,LZU,GA,ASO,ES,Federal Contract Tower,0,14,39,0,53,0,1,199,0,200,0,15,238,0,253,120,0,120,373
05/19/2001,LZU,GA,ASO,ES,Federal Contract Tower,0,0,26,0,26,0,0,149,0,149,0,0,175,0,175,34,0,34,209
05/20/2001,LZU,GA,ASO,ES,Federal Contract Tower,0,1,46,0,47,0,0,54,0,54,0,1,100,0,101,70,0,70,171
05/21/2001,LZU,GA,ASO,ES,Federal Contract Tower,0,13,38,2,53,0,4,59,0,63,0,17,97,2,116,60,0,60,176
05/22/2001,LZU,GA,ASO,ES,Federal Contract Tower,0,5,25,0,30,0,8,43,0,51,0,13,68,0,81,24,0,24,105
05/23/2001,LZU,GA,ASO,ES,Federal Contract Tower,0,8,38,0,46,0,3,257,0,260,0,11,295,0,306,160,0,160,466
05/24/2001,LZU,GA,ASO,ES,Federal Contract Tower,0,9,53,2,64,0,3,138,4,145,0,12,191,6,209,40,0,40,249
05/25/2001,LZU,GA,ASO,ES,Federal Contract Tower,0,12,39,0,51,0,2,115,0,117,0,14,154,0,168,38,0,38,206
05/26/2001,LZU,GA,ASO,ES,Federal Contract Tower,0,2,20,0,22,0,0,206,0,206,0,2,226,0,228,94,0,94,322
05/27/2001,LZU,GA,ASO,ES,Federal Contract Tower,0,4,13,0,17,0,0,155,0,155,0,4,168,0,172,36,0,36,208
05/28/2001,LZU,GA,ASO,ES,Federal Contract Tower,0,3,30,0,33,0,0,56,0,56,0,3,86,0,89,76,0,76,165
05/29/2001,LZU,GA,ASO,ES,Federal Contract Tower,0,6,62,0,68,0,7,128,0,135,0,13,190,0,203,132,0,132,335
05/30/2001,LZU,GA,ASO,ES,Federal Contract Tower,0,5,42,0,47,0,6,229,0,235,0,11,271,0,282,166,0,166,448
05/31/2001,LZU,GA,ASO,ES,Federal Contract Tower,0,7,39,0,46,0,6,171,0,177,0,13,210,0,223,162,0,162,385
06/01/2001,LZU,GA,ASO,ES,Federal Contract Tower,0,12,38,0,50,0,0,0,0,0,0,12,38,0,50,0,0,0,50
06/02/2001,LZU,GA,ASO,ES,Federal Contract Tower,0,3,31,0,34,0,0,299,2,301,0,3,330,2,335,152,0,152,487
06/03/2001,LZU,GA,ASO,ES,Federal Contract Tower,0,5,34,0,39,0,0,125,0,125,0,5,159,0,164,144,0,144,308
06/04/2001,LZU,GA,ASO,ES,Federal Contract Tower,0,10,51,0,61,0,2,83,0,85,0,12,134,0,146,60,0,60,206
06/05/2001,LZU,GA,ASO,ES,Federal Contract Tower,0,6,23,0,29,0,4,252,0,256,0,10,275,0,285,180,0,180,465
06/06/2001,LZU,GA,ASO,ES,Federal Contract Tower,0,7,38,0,45,0,2,109,0,111,0,9,147,0,156,92,0,92,248
06/07/2001,LZU,GA,ASO,ES,Federal Contract Tower,0,12,56,0,68,0,2,52,0,54,0,14,108,0,122,58,0,58,180
06/08/2001,LZU,GA,ASO,ES,Federal Contract Tower,0,9,37,0,46,0,0,68,0,68,0,9,105,0,114,32,0,32,146
06/09/2001,LZU,GA,ASO,ES,Federal Contract Tower,0,4,28,0,32,0,0,221,0,221,0,4,249,0,253,174,0,174,427
06/10/2001,LZU,GA,ASO,ES,Federal Contract Tower,0,2,33,0,35,0,0,249,0,249,0,2,282,0,284,164,0,164,448
06/11/2001,LZU,GA,ASO,ES,Federal Contract Tower,0,11,47,0,58,0,0,29,0,29,0,11,76,0,87,8,0,8,95
06/12/2001,LZU,GA,ASO,ES,Federal Contract Tower,0,14,40,0,54,0,7,6,0,13,0,21,46,0,67,0,0,0,67
06/13/2001,LZU,GA,ASO,ES,Federal Contract Tower,0,6,46,0,52,0,6,154,0,160,0,12,200,0,212,102,0,102,314
06/14/2001,LZU,GA,ASO,ES,Federal Contract Tower,0,10,41,0,51,0,4,141,0,145,0,14,182,0,196,138,0,138,334
06/15/2001,LZU,GA,ASO,ES,Federal Contract Tower,0,7,46,0,53,0,4,54,0,58,0,11,100,0,111,88,0,88,199
06/16/2001,LZU,GA,ASO,ES,Federal Contract Tower,0,1,29,0,30,0,0,199,0,199,0,1,228,0,229,152,0,152,381
06/17/2001,LZU,GA,ASO,ES,Federal Contract Tower,0,0,28,0,28,0,0,285,0,285,0,0,313,0,313,188,0,188,501
06/18/2001,LZU,GA,ASO,ES,Federal Contract Tower,0,6,25,0,31,0,6,207,0,213,0,12,232,0,244,156,0,156,400
06/19/2001,LZU,GA,ASO,ES,Federal Contract Tower,0,5,35,0,40,0,8,218,0,226,0,13,253,0,266,198,0,198,464
06/20/2001,LZU,GA,ASO,ES,Federal Contract Tower,0,7,37,0,44,0,6,179,8,193,0,13,216,8,237,160,0,160,397
06/21/2001,LZU,GA,ASO,ES,Federal Contract Tower,0,3,40,0,43,0,5,161,0,166,0,8,201,0,209,138,0,138,347
06/22/2001,LZU,GA,ASO,ES,Federal Contract Tower,0,7,53,0,60,0,4,24,0,28,0,11,77,0,88,18,0,18,106
06/23/2001,LZU,GA,ASO,ES,Federal Contract Tower,0,1,34,0,35,0,0,252,0,252,0,1,286,0,287,214,0,214,501
06/24/2001,LZU,GA,ASO,ES,Federal Contract Tower,0,0,29,0,29,0,0,269,0,269,0,0,298,0,298,206,0,206,504
06/25/2001,LZU,GA,ASO,ES,Federal Contract Tower,0,7,36,0,43,0,2,156,0,158,0,9,192,0,201,148,0,148,349
06/26/2001,LZU,GA,ASO,ES,Federal Contract Tower,0,9,52,0,61,0,3,44,0,47,0,12,96,0,108,98,0,98,206
06/27/2001,LZU,GA,ASO,ES,Federal Contract Tower,0,5,53,0,58,0,5,105,2,112,0,10,158,2,170,104,0,104,274
06/28/2001,LZU,GA,ASO,ES,Federal Contract Tower,0,3,49,0,52,0,6,225,0,231,0,9,274,0,283,200,0,200,483
06/29/2001,LZU,GA,ASO,ES,Federal Contract Tower,0,6,54,0,60,0,6,143,0,149,0,12,197,0,209,116,0,116,325
06/30/2001,LZU,GA,ASO,ES,Federal Contract Tower,0,2,46,0,48,0,1,91,0,92,0,3,137,0,140,58,0,58,198
07/01/2001,LZU,GA,ASO,ES,Federal Contract Tower,0,3,28,0,31,0,0,116,0,116,0,3,144,0,147,124,0,124,271
07/02/2001,LZU,GA,ASO,ES,Federal Contract Tower,0,6,25,0,31,0,2,184,0,186,0,8,209,0,217,144,0,144,361
07/03/2001,LZU,GA,ASO,ES,Federal Contract Tower,0,7,41,0,48,0,0,55,0,55,0,7,96,0,103,82,0,82,185
07/04/2001,LZU,GA,ASO,ES,Federal Contract Tower,0,3,25,0,28,0,0,71,0,71,0,3,96,0,99,22,0,22,121
07/05/2001,LZU,GA,ASO,ES,Federal Contract Tower,0,10,29,0,39,0,1,165,2,168,0,11,194,2,207,96,0,96,303
07/06/2001,LZU,GA,ASO,ES,Federal Contract Tower,0,9,40,0,49,0,0,295,0,295,0,9,335,0,344,246,0,246,590
07/07/2001,LZU,GA,ASO,ES,Federal Contract Tower,0,0,20,0,20,0,0,344,0,344,0,0,364,0,364,284,0,284,648
07/08/2001,LZU,GA,ASO,ES,Federal Contract Tower,0,0,27,0,27,0,1,227,0,228,0,1,254,0,255,148,0,148,403
07/09/2001,LZU,GA,ASO,ES,Federal Contract Tower,0,4,41,0,45,0,4,103,0,107,0,8,144,0,152,108,0,108,260
07/10/2001,LZU,GA,ASO,ES,Federal Contract Tower,0,6,30,0,36,0,5,142,0,147,0,11,172,0,183,168,0,168,351
07/11/2001,LZU,GA,ASO,ES,Federal Contract Tower,0,6,50,0,56,0,8,162,0,170,0,14,212,0,226,150,0,150,376
07/12/2001,LZU,GA,ASO,ES,Federal Contract Tower,0,7,32,0,39,0,7,205,2,214,0,14,237,2,253,114,0,114,367
07/13/2001,LZU,GA,ASO,ES,Federal Contract Tower,0,4,38,0,42,0,5,172,0,177,0,9,210,0,219,56,0,56,275
07/14/2001,LZU,GA,ASO,ES,Federal Contract Tower,0,2,39,0,41,0,0,243,0,243,0,2,282,0,284,160,0,160,444
07/15/2001,LZU,GA,ASO,ES,Federal Contract Tower,0,3,25,0,28,0,0,204,0,204,0,3,229,0,232,140,0,140,372
07/16/2001,LZU,GA,ASO,ES,Federal Contract Tower,0,6,42,0,48,0,4,133,0,137,0,10,175,0,185,138,0,138,323
07/17/2001,LZU,GA,ASO,ES,Federal Contract Tower,0,5,45,0,50,0,6,155,1,162,0,11,200,1,212,180,0,180,392
07/18/2001,LZU,GA,ASO,ES,Federal Contract Tower,0,6,56,0,62,0,2,197,5,204,0,8,253,5,266,100,0,100,366
07/19/2001,LZU,GA,ASO,ES,Federal Contract Tower,0,8,41,0,49,0,1,146,4,151,0,9,187,4,200,180,0,180,380
07/20/2001,LZU,GA,ASO,ES,Federal Contract Tower,0,9,57,0,66,0,1,106,1,108,0,10,163,1,174,172,0,172,346
07/21/2001,LZU,GA,ASO,ES,Federal Contract Tower,0,1,36,0,37,0,0,196,0,196,0,1,232,0,233,190,0,190,423
07/22/2001,LZU,GA,ASO,ES,Federal Contract Tower,0,0,29,0,29,0,1,217,0,218,0,1,246,0,247,216,0,216,463
07/23/2001,LZU,GA,ASO,ES,Federal Contract Tower,0,6,37,0,43,0,5,201,0,206,0,11,238,0,249,174,0,174,423
07/24/2001,LZU,GA,ASO,ES,Federal Contract Tower,0,11,70,0,81,0,0,17,0,17,0,11,87,0,98,64,0,64,162
07/25/2001,LZU,GA,ASO,ES,Federal Contract Tower,0,13,33,1,47,0,2,18,2,22,0,15,51,3,69,12,0,12,81
07/26/2001,LZU,GA,ASO,ES,Federal Contract Tower,0,5,56,0,61,0,5,139,2,146,0,10,195,2,207,202,0,202,409
07/27/2001,LZU,GA,ASO,ES,Federal Contract Tower,0,5,42,0,47,0,5,161,1,167,0,10,203,1,214,186,0,186,400
07/28/2001,LZU,GA,ASO,ES,Federal Contract Tower,0,2,54,0,56,0,0,0,0,0,0,2,54,0,56,0,0,0,56
07/29/2001,LZU,GA,ASO,ES,Federal Contract Tower,0,0,30,0,30,0,0,25,6,31,0,0,55,6,61,26,0,26,87
07/30/2001,LZU,GA,ASO,ES,Federal Contract Tower,0,6,37,0,43,0,9,154,0,163,0,15,191,0,206,110,0,110,316
07/31/2001,LZU,GA,ASO,ES,Federal Contract Tower,0,10,55,0,65,0,4,190,0,194,0,14,245,0,259,208,0,208,467
08/01/2001,LZU,GA,ASO,ES,Federal Contract Tower,0,11,45,0,56,0,6,200,0,206,0,17,245,0,262,112,0,112,374
08/02/2001,LZU,GA,ASO,ES,Federal Contract Tower,0,4,33,0,37,0,6,149,0,155,0,10,182,0,192,162,0,162,354
08/03/2001,LZU,GA,ASO,ES,Federal Contract Tower,0,13,36,0,49,0,3,193,6,202,0,16,229,6,251,152,0,152,403
08/04/2001,LZU,GA,ASO,ES,Federal Contract Tower,0,6,53,0,59,0,0,100,0,100,0,6,153,0,159,40,0,40,199
08/05/2001,LZU,GA,ASO,ES,Federal Contract Tower,0,0,46,0,46,0,1,62,0,63,0,1,108,0,109,24,0,24,133
08/06/2001,LZU,GA,ASO,ES,Federal Contract Tower,0,5,35,0,40,0,2,42,0,44,0,7,77,0,84,42,0,42,126
08/07/2001,LZU,GA,ASO,ES,Federal Contract Tower,0,5,60,0,65,0,5,63,0,68,0,10,123,0,133,58,0,58,191
08/08/2001,LZU,GA,ASO,ES,Federal Contract Tower,0,8,52,0,60,0,3,143,0,146,0,11,195,0,206,124,0,124,330
08/09/2001,LZU,GA,ASO,ES,Federal Contract Tower,0,2,41,0,43,0,6,139,0,145,0,8,180,0,188,152,0,152,340
08/10/2001,LZU,GA,ASO,ES,Federal Contract Tower,0,3,53,0,56,0,7,153,0,160,0,10,206,0,216,126,0,126,342
08/11/2001,LZU,GA,ASO,ES,Federal Contract Tower,0,2,43,0,45,0,0,181,0,181,0,2,224,0,226,212,0,212,438
08/12/2001,LZU,GA,ASO,ES,Federal Contract Tower,0,4,28,0,32,0,0,85,0,85,0,4,113,0,117,56,0,56,173
08/13/2001,LZU,GA,ASO,ES,Federal Contract Tower,0,11,50,0,61,0,1,19,0,20,0,12,69,0,81,4,0,4,85
08/14/2001,LZU,GA,ASO,ES,Federal Contract Tower,0,5,54,0,59,0,7,180,0,187,0,12,234,0,246,158,0,158,404
08/15/2001,LZU,GA,ASO,ES,Federal Contract Tower,0,8,87,1,96,0,5,171,1,177,0,13,258,2,273,56,0,56,329
08/16/2001,LZU,GA,ASO,ES,Federal Contract Tower,0,5,70,2,77,0,3,78,0,81,0,8,148,2,158,108,0,108,266
08/17/2001,LZU,GA,ASO,ES,Federal Contract Tower,0,14,55,0,69,0,2,139,4,145,0,16,194,4,214,118,0,118,332
08/18/2001,LZU,GA,ASO,ES,Federal Contract Tower,0,0,27,0,27,0,0,258,0,258,0,0,285,0,285,220,0,220,505
08/19/2001,LZU,GA,ASO,ES,Federal Contract Tower,0,4,53,0,57,0,0,144,0,144,0,4,197,0,201,156,0,156,357
08/20/2001,LZU,GA,ASO,ES,Federal Contract Tower,0,5,37,0,42,0,7,185,0,192,0,12,222,0,234,244,0,244,478
08/21/2001,LZU,GA,ASO,ES,Federal Contract Tower,0,1,53,0,54,0,10,222,0,232,0,11,275,0,286,160,0,160,446
08/22/2001,LZU,GA,ASO,ES,Federal Contract Tower,0,3,33,0,36,0,9,210,0,219,0,12,243,0,255,178,0,178,433
08/23/2001,LZU,GA,ASO,ES,Federal Contract Tower,0,4,54,0,58,0,3,233,0,236,0,7,287,0,294,144,0,144,438
08/24/2001,LZU,GA,ASO,ES,Federal Contract Tower,0,6,41,0,47,0,10,244,0,254,0,16,285,0,301,212,0,212,513
08/25/2001,LZU,GA,ASO,ES,Federal Contract Tower,0,1,23,0,24,0,0,220,1,221,0,1,243,1,245,214,0,214,459
08/26/2001,LZU,GA,ASO,ES,Federal Contract Tower,0,0,47,0,47,0,0,118,0,118,0,0,165,0,165,4,0,4,169
08/27/2001,LZU,GA,ASO,ES,Federal Contract Tower,0,4,35,0,39,0,4,110,0,114,0,8,145,0,153,88,0,88,241
08/28/2001,LZU,GA,ASO,ES,Federal Contract Tower,0,2,44,0,46,0,7,145,0,152,0,9,189,0,198,146,0,146,344
08/29/2001,LZU,GA,ASO,ES,Federal Contract Tower,0,7,53,0,60,0,4,119,0,123,0,11,172,0,183,88,0,88,271
08/30/2001,LZU,GA,ASO,ES,Federal Contract Tower,0,3,52,0,55,0,5,94,0,99,0,8,146,0,154,140,0,140,294
08/31/2001,LZU,GA,ASO,ES,Federal Contract Tower,0,5,60,0,65,0,9,204,0,213,0,14,264,0,278,204,0,204,482
09/01/2001,LZU,GA,ASO,ES,Federal Contract Tower,0,0,50,0,50,0,0,84,0,84,0,0,134,0,134,144,0,144,278
09/02/2001,LZU,GA,ASO,ES,Federal Contract Tower,0,2,27,0,29,0,0,19,0,19,0,2,46,0,48,34,0,34,82
09/03/2001,LZU,GA,ASO,ES,Federal Contract Tower,0,3,59,0,62,0,0,1,0,1,0,3,60,0,63,0,0,0,63
09/04/2001,LZU,GA,ASO,ES,Federal Contract Tower,0,7,81,0,88,0,0,51,0,51,0,7,132,0,139,50,0,50,189
09/05/2001,LZU,GA,ASO,ES,Federal Contract Tower,0,7,46,0,53,0,2,270,0,272,0,9,316,0,325,180,0,180,505
09/06/2001,LZU,GA,ASO,ES,Federal Contract Tower,0,8,32,0,40,0,4,180,0,184,0,12,212,0,224,226,0,226,450
09/07/2001,LZU,GA,ASO,ES,Federal Contract Tower,0,8,62,0,70,0,7,225,0,232,0,15,287,0,302,108,0,108,410
09/08/2001,LZU,GA,ASO,ES,Federal Contract Tower,0,0,37,0,37,0,0,248,0,248,0,0,285,0,285,160,0,160,445
09/09/2001,LZU,GA,ASO,ES,Federal Contract Tower,0,2,33,0,35,0,0,251,0,251,0,2,284,0,286,152,0,152,438
09/10/2001,LZU,GA,ASO,ES,Federal Contract Tower,0,6,45,0,51,0,2,107,0,109,0,8,152,0,160,82,0,82,242
09/11/2001,LZU,GA,ASO,ES,Federal Contract Tower,0,1,8,0,9,0,8,1,0,9,0,9,9,0,18,0,0,0,18
09/12/2001,LZU,GA,ASO,ES,Federal Contract Tower,0,0,16,0,16,0,0,2,0,2,0,0,18,0,18,0,0,0,18
09/13/2001,LZU,GA,ASO,ES,Federal Contract Tower,0,2,8,0,10,0,7,0,0,7,0,9,8,0,17,0,0,0,17
09/14/2001,LZU,GA,ASO,ES,Federal Contract Tower,0,4,28,0,32,0,5,2,0,7,0,9,30,0,39,0,0,0,39
09/15/2001,LZU,GA,ASO,ES,Federal Contract Tower,0,3,43,0,46,0,0,10,0,10,0,3,53,0,56,0,0,0,56
09/16/2001,LZU,GA,ASO,ES,Federal Contract Tower,0,7,53,0,60,0,0,9,0,9,0,7,62,0,69,0,0,0,69
09/17/2001,LZU,GA,ASO,ES,Federal Contract Tower,0,7,62,0,69,0,0,1,0,1,0,7,63,0,70,0,0,0,70
09/18/2001,LZU,GA,ASO,ES,Federal Contract Tower,0,7,74,0,81,0,0,2,0,2,0,7,76,0,83,0,0,0,83
09/19/2001,LZU,GA,ASO,ES,Federal Contract Tower,0,10,77,0,87,0,0,0,2,2,0,10,77,2,89,0,0,0,89
09/20/2001,LZU,GA,ASO,ES,Federal Contract Tower,0,9,71,0,80,0,1,0,0,1,0,10,71,0,81,0,0,0,81
09/21/2001,LZU,GA,ASO,ES,Federal Contract Tower,0,12,89,0,101,0,4,0,0,4,0,16,89,0,105,0,0,0,105
09/22/2001,LZU,GA,ASO,ES,Federal Contract Tower,0,2,50,0,52,0,0,151,0,151,0,2,201,0,203,80,0,80,283
09/23/2001,LZU,GA,ASO,ES,Federal Contract Tower,0,2,79,0,81,0,0,56,0,56,0,2,135,0,137,78,0,78,215
09/24/2001,LZU,GA,ASO,ES,Federal Contract Tower,0,5,41,0,46,0,4,44,0,48,0,9,85,0,94,92,0,92,186
09/25/2001,LZU,GA,ASO,ES,Federal Contract Tower,0,8,74,0,82,0,3,120,0,123,0,11,194,0,205,44,0,44,249
09/26/2001,LZU,GA,ASO,ES,Federal Contract Tower,0,9,76,0,85,0,5,138,0,143,0,14,214,0,228,74,0,74,302
09/27/2001,LZU,GA,ASO,ES,Federal Contract Tower,0,8,74,0,82,0,12,99,2,113,0,20,173,2,195,120,0,120,315
09/28/2001,LZU,GA,ASO,ES,Federal Contract Tower,0,10,84,0,94,0,12,145,0,157,0,22,229,0,251,142,0,142,393
09/29/2001,LZU,GA,ASO,ES,Federal Contract Tower,0,5,67,0,72,0,0,155,0,155,0,5,222,0,227,194,0,194,421
09/30/2001,LZU,GA,ASO,ES,Federal Contract Tower,0,3,59,0,62,0,0,130,0,130,0,3,189,0,192,142,0,142,334
10/01/2001,LZU,GA,ASO,ES,Federal Contract Tower,0,12,67,0,79,0,1,97,2,100,0,13,164,2,179,140,0,140,319
10/02/2001,LZU,GA,ASO,ES,Federal Contract Tower,0,13,59,1,73,0,3,128,1,132,0,16,187,2,205,122,0,122,327
10/03/2001,LZU,GA,ASO,ES,Federal Contract Tower,0,12,78,0,90,0,0,118,0,118,0,12,196,0,208,124,0,124,332
10/04/2001,LZU,GA,ASO,ES,Federal Contract Tower,0,14,65,0,79,0,0,103,2,105,0,14,168,2,184,118,0,118,302
10/05/2001,LZU,GA,ASO,ES,Federal Contract Tower,0,18,74,0,92,0,1,80,2,83,0,19,154,2,175,74,0,74,249
10/06/2001,LZU,GA,ASO,ES,Federal Contract Tower,0,3,40,0,43,0,0,14,0,14,0,3,54,0,57,16,0,16,73
10/07/2001,LZU,GA,ASO,ES,Federal Contract Tower,0,2,74,0,76,0,0,110,0,110,0,2,184,0,186,110,0,110,296
10/08/2001,LZU,GA,ASO,ES,Federal Contract Tower,0,17,66,0,83,0,2,131,0,133,0,19,197,0,216,134,0,134,350
10/09/2001,LZU,GA,ASO,ES,Federal Contract Tower,0,15,58,0,73,0,0,81,0,81,0,15,139,0,154,66,0,66,220
10/10/2001,LZU,GA,ASO,ES,Federal Contract Tower,0,16,70,0,86,0,1,114,0,115,0,17,184,0,201,86,0,86,287
10/11/2001,LZU,GA,ASO,ES,Federal Contract Tower,0,17,88,0,105,0,0,81,0,81,0,17,169,0,186,140,0,140,326
10/12/2001,LZU,GA,ASO,ES,Federal Contract Tower,0,22,72,0,94,0,21,122,0,143,0,43,194,0,237,142,0,142,379
10/13/2001,LZU,GA,ASO,ES,Federal Contract Tower,0,6,41,0,47,0,0,34,0,34,0,6,75,0,81,86,0,86,167
10/14/2001,LZU,GA,ASO,ES,Federal Contract Tower,0,8,49,0,57,0,1,34,0,35,0,9,83,0,92,80,0,80,172
10/15/2001,LZU,GA,ASO,ES,Federal Contract Tower,0,12,82,0,94,0,7,129,2,138,0,19,211,2,232,134,0,134,366
10/16/2001,LZU,GA,ASO,ES,Federal Contract Tower,0,14,59,0,73,0,0,95,0,95,0,14,154,0,168,56,0,56,224
10/17/2001,LZU,GA,ASO,ES,Federal Contract Tower,0,15,63,0,78,0,0,111,0,111,0,15,174,0,189,120,0,120,309
10/18/2001,LZU,GA,ASO,ES,Federal Contract Tower,0,20,63,0,83,0,0,90,2,92,0,20,153,2,175,128,0,128,303
10/19/2001,LZU,GA,ASO,ES,Federal Contract Tower,0,17,98,0,115,0,9,148,0,157,0,26,246,0,272,68,0,68,340
10/20/2001,LZU,GA,ASO,ES,Federal Contract Tower,0,4,54,0,58,0,0,139,0,139,0,4,193,0,197,244,0,244,441
10/21/2001,LZU,GA,ASO,ES,Federal Contract Tower,0,5,78,0,83,0,4,131,0,135,0,9,209,0,218,196,0,196,414
10/22/2001,LZU,GA,ASO,ES,Federal Contract Tower,0,14,55,0,69,0,1,157,0,158,0,15,212,0,227,142,0,142,369
10/23/2001,LZU,GA,ASO,ES,Federal Contract Tower,0,14,47,0,61,0,4,193,0,197,0,18,240,0,258,139,0,139,397
10/24/2001,LZU,GA,ASO,ES,Federal Contract Tower,0,11,75,0,86,0,2,89,6,97,0,13,164,6,183,134,0,134,317
10/25/2001,LZU,GA,ASO,ES,Federal Contract Tower,0,13,38,0,51,0,2,150,0,152,0,15,188,0,203,96,0,96,299
10/26/2001,LZU,GA,ASO,ES,Federal Contract Tower,0,17,49,0,66,0,4,129,1,134,0,21,178,1,200,94,0,94,294
10/27/2001,LZU,GA,ASO,ES,Federal Contract Tower,0,2,23,0,25,0,0,127,1,128,0,2,150,1,153,58,0,58,211
10/28/2001,LZU,GA,ASO,ES,Federal Contract Tower,0,7,31,0,38,0,0,204,1,205,0,7,235,1,243,130,0,130,373
10/29/2001,LZU,GA,ASO,ES,Federal Contract Tower,0,8,63,0,71,0,3,115,0,118,0,11,178,0,189,102,0,102,291
10/30/2001,LZU,GA,ASO,ES,Federal Contract Tower,0,6,33,0,39,0,5,168,0,173,0,11,201,0,212,105,0,105,317
10/31/2001,LZU,GA,ASO,ES,Federal Contract Tower,0,10,52,0,62,0,4,150,0,154,0,14,202,0,216,78,0,78,294
11/01/2001,LZU,GA,ASO,ES,Federal Contract Tower,0,11,60,0,71,0,2,135,0,137,0,13,195,0,208,126,0,126,334
11/02/2001,LZU,GA,ASO,ES,Federal Contract Tower,0,13,74,0,87,0,0,158,0,158,0,13,232,0,245,100,0,100,345
11/03/2001,LZU,GA,ASO,ES,Federal Contract Tower,0,1,21,0,22,0,0,399,2,401,0,1,420,2,423,152,0,152,575
11/04/2001,LZU,GA,ASO,ES,Federal Contract Tower,0,7,41,0,48,0,4,236,0,240,0,11,277,0,288,172,0,172,460
11/05/2001,LZU,GA,ASO,ES,Federal Contract Tower,0,7,41,0,48,0,12,160,0,172,0,19,201,0,220,144,0,144,364
11/06/2001,LZU,GA,ASO,ES,Federal Contract Tower,0,6,41,1,48,0,9,177,2,188,0,15,218,3,236,78,12,90,326
11/07/2001,LZU,GA,ASO,ES,Federal Contract Tower,0,9,57,1,67,0,2,165,1,168,0,11,222,2,235,56,0,56,291
11/08/2001,LZU,GA,ASO,ES,Federal Contract Tower,0,9,54,0,63,0,5,135,0,140,0,14,189,0,203,96,0,96,299
11/09/2001,LZU,GA,ASO,ES,Federal Contract Tower,0,9,60,1,70,0,0,139,7,146,0,9,199,8,216,122,0,122,338
11/10/2001,LZU,GA,ASO,ES,Federal Contract Tower,0,0,27,0,27,0,0,298,0,298,0,0,325,0,325,146,0,146,471
11/11/2001,LZU,GA,ASO,ES,Federal Contract Tower,0,7,44,0,51,0,1,283,0,284,0,8,327,0,335,142,0,142,477
11/12/2001,LZU,GA,ASO,ES,Federal Contract Tower,0,8,49,0,57,0,7,131,0,138,0,15,180,0,195,178,0,178,373
11/13/2001,LZU,GA,ASO,ES,Federal Contract Tower,0,7,44,0,51,0,4,125,0,129,0,11,169,0,180,116,0,116,296
11/14/2001,LZU,GA,ASO,ES,Federal Contract Tower,0,7,46,0,53,0,7,170,6,183,0,14,216,6,236,106,0,106,342
11/15/2001,LZU,GA,ASO,ES,Federal Contract Tower,0,10,60,0,70,0,6,135,0,141,0,16,195,0,211,82,0,82,293
11/16/2001,LZU,GA,ASO,ES,Federal Contract Tower,0,8,50,0,58,0,3,196,4,203,0,11,246,4,261,106,0,106,367
11/17/2001,LZU,GA,ASO,ES,Federal Contract Tower,0,4,29,0,33,0,2,225,0,227,0,6,254,0,260,132,0,132,392
11/18/2001,LZU,GA,ASO,ES,Federal Contract Tower,0,3,38,0,41,0,0,196,0,196,0,3,234,0,237,28,0,28,265
11/19/2001,LZU,GA,ASO,ES,Federal Contract Tower,0,6,42,0,48,0,1,141,2,144,0,7,183,2,192,70,0,70,262
11/20/2001,LZU,GA,ASO,ES,Federal Contract Tower,0,8,54,0,62,0,2,98,0,100,0,10,152,0,162,50,0,50,212
11/21/2001,LZU,GA,ASO,ES,Federal Contract Tower,0,8,54,0,62,0,1,227,0,228,0,9,281,0,290,58,0,58,348
11/22/2001,LZU,GA,ASO,ES,Federal Contract Tower,0,1,26,0,27,0,0,68,0,68,0,1,94,0,95,36,0,36,131
11/23/2001,LZU,GA,ASO,ES,Federal Contract Tower,0,7,43,0,50,0,1,0,0,1,0,8,43,0,51,0,0,0,51
11/24/2001,LZU,GA,ASO,ES,Federal Contract Tower,0,1,37,0,38,0,0,7,0,7,0,1,44,0,45,0,0,0,45
11/25/2001,LZU,GA,ASO,ES,Federal Contract Tower,0,5,51,0,56,0,0,130,0,130,0,5,181,0,186,74,0,74,260
11/26/2001,LZU,GA,ASO,ES,Federal Contract Tower,0,9,54,0,63,0,6,111,0,117,0,15,165,0,180,132,0,132,312
11/27/2001,LZU,GA,ASO,ES,Federal Contract Tower,0,6,41,0,47,0,9,89,0,98,0,15,130,0,145,126,0,126,271
11/28/2001,LZU,GA,ASO,ES,Federal Contract Tower,0,9,54,0,63,0,6,96,0,102,0,15,150,0,165,72,0,72,237
11/29/2001,LZU,GA,ASO,ES,Federal Contract Tower,0,7,44,0,51,0,8,61,0,69,0,15,105,0,120,70,0,70,190
11/30/2001,LZU,GA,ASO,ES,Federal Contract Tower,0,7,61,0,68,0,0,161,2,163,0,7,222,2,231,84,0,84,315
12/01/2001,LZU,GA,ASO,ES,Federal Contract Tower,0,3,20,0,23,0,0,291,0,291,0,3,311,0,314,54,0,54,368
12/02/2001,LZU,GA,ASO,ES,Federal Contract Tower,0,6,26,0,32,0,0,207,0,207,0,6,233,0,239,106,0,106,345
12/03/2001,LZU,GA,ASO,ES,Federal Contract Tower,0,6,31,0,37,0,2,145,0,147,0,8,176,0,184,130,0,130,314
12/04/2001,LZU,GA,ASO,ES,Federal Contract Tower,0,6,32,0,38,0,5,163,0,168,0,11,195,0,206,94,0,94,300
12/05/2001,LZU,GA,ASO,ES,Federal Contract Tower,0,8,52,0,60,0,0,110,0,110,0,8,162,0,170,62,0,62,232
12/06/2001,LZU,GA,ASO,ES,Federal Contract Tower,0,10,54,0,64,0,0,186,0,186,0,10,240,0,250,80,0,80,330
12/07/2001,LZU,GA,ASO,ES,Federal Contract Tower,0,7,48,0,55,0,0,152,0,152,0,7,200,0,207,80,0,80,287
12/08/2001,LZU,GA,ASO,ES,Federal Contract Tower,0,5,28,0,33,0,0,194,0,194,0,5,222,0,227,192,0,192,419
12/09/2001,LZU,GA,ASO,ES,Federal Contract Tower,0,4,26,0,30,0,0,192,0,192,0,4,218,0,222,118,0,118,340
12/10/2001,LZU,GA,ASO,ES,Federal Contract Tower,0,10,50,0,60,0,8,6,0,14,0,18,56,0,74,0,0,0,74
12/11/2001,LZU,GA,ASO,ES,Federal Contract Tower,0,12,93,0,105,0,0,7,0,7,0,12,100,0,112,8,0,8,120
12/12/2001,LZU,GA,ASO,ES,Federal Contract Tower,0,12,58,0,70,0,3,0,0,3,0,15,58,0,73,0,0,0,73
12/13/2001,LZU,GA,ASO,ES,Federal Contract Tower,0,8,42,0,50,0,14,26,0,40,0,22,68,0,90,38,0,38,128
12/14/2001,LZU,GA,ASO,ES,Federal Contract Tower,0,5,56,0,61,0,0,74,0,74,0,5,130,0,135,28,0,28,163
12/15/2001,LZU,GA,ASO,ES,Federal Contract Tower,0,2,28,0,30,0,0,257,0,257,0,2,285,0,287,116,0,116,403
12/16/2001,LZU,GA,ASO,ES,Federal Contract Tower,0,1,19,0,20,0,0,122,0,122,0,1,141,0,142,108,0,108,250
12/17/2001,LZU,GA,ASO,ES,Federal Contract Tower,0,7,36,0,43,0,11,0,0,11,0,18,36,0,54,0,0,0,54
12/18/2001,LZU,GA,ASO,ES,Federal Contract Tower,0,9,49,0,58,0,5,146,0,151,0,14,195,0,209,82,0,82,291
12/19/2001,LZU,GA,ASO,ES,Federal Contract Tower,0,8,44,0,52,0,12,196,0,208,0,20,240,0,260,62,0,62,322
12/20/2001,LZU,GA,ASO,ES,Federal Contract Tower,0,9,50,0,59,0,6,189,0,195,0,15,239,0,254,92,0,92,346
12/21/2001,LZU,GA,ASO,ES,Federal Contract Tower,0,6,36,0,42,0,1,257,0,258,0,7,293,0,300,78,0,78,378
12/22/2001,LZU,GA,ASO,ES,Federal Contract Tower,0,1,26,0,27,0,0,249,0,249,0,1,275,0,276,140,0,140,416
12/23/2001,LZU,GA,ASO,ES,Federal Contract Tower,0,2,15,0,17,0,2,0,0,2,0,4,15,0,19,0,0,0,19
12/24/2001,LZU,GA,ASO,ES,Federal Contract Tower,0,4,23,0,27,0,8,78,0,86,0,12,101,0,113,48,0,48,161
12/25/2001,LZU,GA,ASO,ES,Federal Contract Tower,0,3,20,0,23,0,2,51,0,53,0,5,71,0,76,2,0,2,78
12/26/2001,LZU,GA,ASO,ES,Federal Contract Tower,0,4,27,0,31,0,14,107,0,121,0,18,134,0,152,100,0,100,252
12/27/2001,LZU,GA,ASO,ES,Federal Contract Tower,0,5,31,0,36,0,10,142,2,154,0,15,173,2,190,66,0,66,256
12/28/2001,LZU,GA,ASO,ES,Federal Contract Tower,0,7,38,0,45,0,2,249,2,253,0,9,287,2,298,134,0,134,432
12/29/2001,LZU,GA,ASO,ES,Federal Contract Tower,0,2,11,0,13,0,0,192,0,192,0,2,203,0,205,108,0,108,313
12/30/2001,LZU,GA,ASO,ES,Federal Contract Tower,0,1,30,0,31,0,0,149,0,149,0,1,179,0,180,72,0,72,252
12/31/2001,LZU,GA,ASO,ES,Federal Contract Tower,0,4,28,0,32,0,0,123,0,123,0,4,151,0,155,94,0,94,249
01/01/2002,LZU,GA,ASO,ES,Federal Contract Tower,0,5,33,0,38,0,0,135,0,135,0,5,168,0,173,20,0,20,193
01/02/2002,LZU,GA,ASO,ES,Federal Contract Tower,0,5,24,0,29,0,2,0,0,2,0,7,24,0,31,16,0,16,47
01/03/2002,LZU,GA,ASO,ES,Federal Contract Tower,0,3,14,0,17,0,4,0,0,4,0,7,14,0,21,2,0,2,23
01/04/2002,LZU,GA,ASO,ES,Federal Contract Tower,0,5,22,0,27,0,3,104,0,107,0,8,126,0,134,76,0,76,210
01/05/2002,LZU,GA,ASO,ES,Federal Contract Tower,0,1,25,0,26,0,0,301,0,301,0,1,326,0,327,144,0,144,471
01/06/2002,LZU,GA,ASO,ES,Federal Contract Tower,0,3,16,0,19,0,3,1,0,4,0,6,17,0,23,0,0,0,23
01/07/2002,LZU,GA,ASO,ES,Federal Contract Tower,0,6,32,0,38,0,8,29,0,37,0,14,61,0,75,46,0,46,121
01/08/2002,LZU,GA,ASO,ES,Federal Contract Tower,0,7,38,0,45,0,5,119,0,124,0,12,157,0,169,74,0,74,243
01/09/2002,LZU,GA,ASO,ES,Federal Contract Tower,0,6,28,0,34,0,3,143,2,148,0,9,171,2,182,88,0,88,270
01/10/2002,LZU,GA,ASO,ES,Federal Contract Tower,0,8,43,0,51,0,6,109,4,119,0,14,152,4,170,92,0,92,262
01/11/2002,LZU,GA,ASO,ES,Federal Contract Tower,0,7,36,0,43,0,1,125,0,126,0,8,161,0,169,46,0,46,215
01/12/2002,LZU,GA,ASO,ES,Federal Contract Tower,0,2,34,0,36,0,0,189,0,189,0,2,223,0,225,102,0,102,327
01/13/2002,LZU,GA,ASO,ES,Federal Contract Tower,0,0,12,0,12,0,0,259,0,259,0,0,271,0,271,114,0,114,385
01/14/2002,LZU,GA,ASO,ES,Federal Contract Tower,0,8,40,0,48,0,1,92,0,93,0,9,132,0,141,62,0,62,203
01/15/2002,LZU,GA,ASO,ES,Federal Contract Tower,0,9,44,0,53,0,2,119,2,123,0,11,163,2,176,70,0,70,246
01/16/2002,LZU,GA,ASO,ES,Federal Contract Tower,0,6,33,1,40,0,3,196,1,200,0,9,229,2,240,178,0,178,418
01/17/2002,LZU,GA,ASO,ES,Federal Contract Tower,0,8,50,0,58,0,7,167,2,176,0,15,217,2,234,102,0,102,336
01/18/2002,LZU,GA,ASO,ES,Federal Contract Tower,0,5,48,0,53,0,0,88,1,89,0,5,136,1,142,20,0,20,162
01/19/2002,LZU,GA,ASO,ES,Federal Contract Tower,0,3,24,0,27,0,0,1,0,1,0,3,25,0,28,0,0,0,28
01/20/2002,LZU,GA,ASO,ES,Federal Contract Tower,0,3,29,0,32,0,0,248,0,248,0,3,277,0,280,124,0,124,404
01/21/2002,LZU,GA,ASO,ES,Federal Contract Tower,0,5,32,0,37,0,6,76,0,82,0,11,108,0,119,58,0,58,177
01/22/2002,LZU,GA,ASO,ES,Federal Contract Tower,0,5,32,0,37,0,6,158,0,164,0,11,190,0,201,62,0,62,263
01/23/2002,LZU,GA,ASO,ES,Federal Contract Tower,0,6,36,0,42,0,4,1,0,5,0,10,37,0,47,0,0,0,47
01/24/2002,LZU,GA,ASO,ES,Federal Contract Tower,0,9,52,0,61,0,6,8,0,14,0,15,60,0,75,14,0,14,89
01/25/2002,LZU,GA,ASO,ES,Federal Contract Tower,0,5,33,0,38,0,2,127,0,129,0,7,160,0,167,52,0,52,219
01/26/2002,LZU,GA,ASO,ES,Federal Contract Tower,0,0,18,0,18,0,0,359,0,359,0,0,377,0,377,100,0,100,477
01/27/2002,LZU,GA,ASO,ES,Federal Contract Tower,0,3,38,0,41,0,0,290,0,290,0,3,328,0,331,144,0,144,475
01/28/2002,LZU,GA,ASO,ES,Federal Contract Tower,0,5,34,0,39,0,10,155,0,165,0,15,189,0,204,72,0,72,276
01/29/2002,LZU,GA,ASO,ES,Federal Contract Tower,0,7,41,0,48,0,6,157,0,163,0,13,198,0,211,68,0,68,279
01/30/2002,LZU,GA,ASO,ES,Federal Contract Tower,0,6,36,0,42,0,6,118,0,124,0,12,154,0,166,80,0,80,246
01/31/2002,LZU,GA,ASO,ES,Federal Contract Tower,0,8,46,0,54,0,4,90,0,94,0,12,136,0,148,80,0,80,228
02/01/2002,LZU,GA,ASO,ES,Federal Contract Tower,0,4,41,0,45,0,0,63,0,63,0,4,104,0,108,32,0,32,140
02/02/2002,LZU,GA,ASO,ES,Federal Contract Tower,0,3,27,0,30,0,0,477,0,477,0,3,504,0,507,24,0,24,531
02/03/2002,LZU,GA,ASO,ES,Federal Contract Tower,0,0,22,0,22,0,0,126,4,130,0,0,148,4,152,74,0,74,226
02/04/2002,LZU,GA,ASO,ES,Federal Contract Tower,0,5,38,0,43,0,9,34,0,43,0,14,72,0,86,12,0,12,98
02/05/2002,LZU,GA,ASO,ES,Federal Contract Tower,0,5,44,0,49,0,9,125,2,136,0,14,169,2,185,100,0,100,285
02/06/2002,LZU,GA,ASO,ES,Federal Contract Tower,0,4,15,0,19,0,14,0,0,14,0,18,15,0,33,0,0,0,33
02/07/2002,LZU,GA,ASO,ES,Federal Contract Tower,0,6,44,0,50,0,10,0,0,10,0,16,44,0,60,0,0,0,60
02/08/2002,LZU,GA,ASO,ES,Federal Contract Tower,0,6,47,0,53,0,3,214,0,217,0,9,261,0,270,130,0,130,400
02/09/2002,LZU,GA,ASO,ES,Federal Contract Tower,0,2,21,0,23,0,0,325,0,325,0,2,346,0,348,94,0,94,442
02/10/2002,LZU,GA,ASO,ES,Federal Contract Tower,0,3,29,0,32,0,0,130,0,130,0,3,159,0,162,86,0,86,248
02/11/2002,LZU,GA,ASO,ES,Federal Contract Tower,0,3,21,0,24,0,8,104,2,114,0,11,125,2,138,22,0,22,160
02/12/2002,LZU,GA,ASO,ES,Federal Contract Tower,0,4,31,0,35,0,5,212,0,217,0,9,243,0,252,88,0,88,340
02/13/2002,LZU,GA,ASO,ES,Federal Contract Tower,0,5,43,0,48,0,6,174,4,184,0,11,217,4,232,78,0,78,310
02/14/2002,LZU,GA,ASO,ES,Federal Contract Tower,0,0,36,0,36,0,0,146,2,148,0,0,182,2,184,102,0,102,286
02/15/2002,LZU,GA,ASO,ES,Federal Contract Tower,0,6,48,0,54,0,3,210,2,215,0,9,258,2,269,132,0,132,401
02/16/2002,LZU,GA,ASO,ES,Federal Contract Tower,0,2,28,0,30,0,1,261,0,262,0,3,289,0,292,110,0,110,402
02/17/2002,LZU,GA,ASO,ES,Federal Contract Tower,0,2,25,0,27,0,3,100,0,103,0,5,125,0,130,66,0,66,196
02/18/2002,LZU,GA,ASO,ES,Federal Contract Tower,0,4,46,0,50,0,4,201,0,205,0,8,247,0,255,114,0,114,369
02/19/2002,LZU,GA,ASO,ES,Federal Contract Tower,0,4,42,0,46,0,6,170,0,176,0,10,212,0,222,106,0,106,328
02/20/2002,LZU,GA,ASO,ES,Federal Contract Tower,0,6,55,0,61,0,2,18,0,20,0,8,73,0,81,12,0,12,93
02/21/2002,LZU,GA,ASO,ES,Federal Contract Tower,0,5,50,0,55,0,8,120,0,128,0,13,170,0,183,48,0,48,231
02/22/2002,LZU,GA,ASO,ES,Federal Contract Tower,0,3,36,0,39,0,1,166,0,167,0,4,202,0,206,102,0,102,308
02/23/2002,LZU,GA,ASO,ES,Federal Contract Tower,0,1,16,0,17,0,1,325,0,326,0,2,341,0,343,90,0,90,433
02/24/2002,LZU,GA,ASO,ES,Federal Contract Tower,0,3,30,0,33,0,1,280,0,281,0,4,310,0,314,108,0,108,422
02/25/2002,LZU,GA,ASO,ES,Federal Contract Tower,0,4,39,0,43,0,8,160,0,168,0,12,199,0,211,148,0,148,359
02/26/2002,LZU,GA,ASO,ES,Federal Contract Tower,0,3,37,0,40,0,8,14,0,22,0,11,51,0,62,2,0,2,64
02/27/2002,LZU,GA,ASO,ES,Federal Contract Tower,0,3,31,0,34,0,6,27,0,33,0,9,58,0,67,52,0,52,119
02/28/2002,LZU,GA,ASO,ES,Federal Contract Tower,0,4,41,0,45,0,4,141,0,145,0,8,182,0,190,74,0,74,264
03/01/2002,LZU,GA,ASO,ES,Federal Contract Tower,0,4,25,0,29,0,5,158,0,163,0,9,183,0,192,92,0,92,284
03/02/2002,LZU,GA,ASO,ES,Federal Contract Tower,0,1,18,0,19,0,0,3,0,3,0,1,21,0,22,0,0,0,22
03/03/2002,LZU,GA,ASO,ES,Federal Contract Tower,0,2,33,0,35,0,0,4,0,4,0,2,37,0,39,2,0,2,41
03/04/2002,LZU,GA,ASO,ES,Federal Contract Tower,0,5,33,0,38,0,10,58,1,69,0,15,91,1,107,14,0,14,121
03/05/2002,LZU,GA,ASO,ES,Federal Contract Tower,0,5,38,0,43,0,9,168,0,177,0,14,206,0,220,46,0,46,266
03/06/2002,LZU,GA,ASO,ES,Federal Contract Tower,0,7,50,0,57,0,7,214,0,221,0,14,264,0,278,120,0,120,398
03/07/2002,LZU,GA,ASO,ES,Federal Contract Tower,0,5,40,0,45,0,6,191,0,197,0,11,231,0,242,110,0,110,352
03/08/2002,LZU,GA,ASO,ES,Federal Contract Tower,0,6,42,0,48,0,3,195,0,198,0,9,237,0,246,132,0,132,378
03/09/2002,LZU,GA,ASO,ES,Federal Contract Tower,0,2,29,0,31,0,0,45,0,45,0,2,74,0,76,18,0,18,94
03/10/2002,LZU,GA,ASO,ES,Federal Contract Tower,0,3,36,0,39,0,0,159,0,159,0,3,195,0,198,110,0,110,308
03/11/2002,LZU,GA,ASO,ES,Federal Contract Tower,0,4,32,0,36,0,5,189,0,194,0,9,221,0,230,110,0,110,340
03/12/2002,LZU,GA,ASO,ES,Federal Contract Tower,0,6,45,0,51,0,4,0,0,4,0,10,45,0,55,0,0,0,55
03/13/2002,LZU,GA,ASO,ES,Federal Contract Tower,0,9,75,0,84,0,4,55,0,59,0,13,130,0,143,40,0,40,183
03/14/2002,LZU,GA,ASO,ES,Federal Contract Tower,0,7,54,0,61,0,13,190,0,203,0,20,244,0,264,104,0,104,368
03/15/2002,LZU,GA,ASO,ES,Federal Contract Tower,0,8,61,0,69,0,0,207,0,207,0,8,268,0,276,130,0,130,406
03/16/2002,LZU,GA,ASO,ES,Federal Contract Tower,0,0,17,0,17,0,0,139,0,139,0,0,156,0,156,150,0,150,306
03/17/2002,LZU,GA,ASO,ES,Federal Contract Tower,0,3,47,0,50,0,0,150,0,150,0,3,197,0,200,112,0,112,312
03/18/2002,LZU,GA,ASO,ES,Federal Contract Tower,0,4,39,0,43,0,12,72,0,84,0,16,111,0,127,124,0,124,251
03/19/2002,LZU,GA,ASO,ES,Federal Contract Tower,0,7,66,0,73,0,10,92,0,102,0,17,158,0,175,110,0,110,285
03/20/2002,LZU,GA,ASO,ES,Federal Contract Tower,0,6,60,0,66,0,4,32,0,36,0,10,92,0,102,24,0,24,126
03/21/2002,LZU,GA,ASO,ES,Federal Contract Tower,0,4,38,0,42,0,10,101,0,111,0,14,139,0,153,88,0,88,241
03/22/2002,LZU,GA,ASO,ES,Federal Contract Tower,0,2,51,0,53,0,0,132,3,135,0,2,183,3,188,48,0,48,236
03/23/2002,LZU,GA,ASO,ES,Federal Contract Tower,0,2,24,0,26,0,0,352,0,352,0,2,376,0,378,128,0,128,506
03/24/2002,LZU,GA,ASO,ES,Federal Contract Tower,0,1,40,0,41,0,0,356,0,356,0,1,396,0,397,122,0,122,519
03/25/2002,LZU,GA,ASO,ES,Federal Contract Tower,0,5,44,0,49,0,6,194,0,200,0,11,238,0,249,120,0,120,369
03/26/2002,LZU,GA,ASO,ES,Federal Contract Tower,0,4,42,0,46,0,7,4,0,11,0,11,46,0,57,0,0,0,57
03/27/2002,LZU,GA,ASO,ES,Federal Contract Tower,0,6,51,0,57,0,6,153,0,159,0,12,204,0,216,64,0,64,280
03/28/2002,LZU,GA,ASO,ES,Federal Contract Tower,0,6,54,0,60,0,7,209,0,216,0,13,263,0,276,120,0,120,396
03/29/2002,LZU,GA,ASO,ES,Federal Contract Tower,0,5,52,0,57,0,0,181,0,181,0,5,233,0,238,100,0,100,338
03/30/2002,LZU,GA,ASO,ES,Federal Contract Tower,0,2,24,0,26,0,1,0,0,1,0,3,24,0,27,14,0,14,41
03/31/2002,LZU,GA,ASO,ES,Federal Contract Tower,0,3,30,0,33,0,4,12,0,16,0,7,42,0,49,18,0,18,67
04/01/2002,LZU,GA,ASO,ES,Federal Contract Tower,0,8,60,0,68,0,9,187,0,196,0,17,247,0,264,60,0,60,324
04/02/2002,LZU,GA,ASO,ES,Federal Contract Tower,0,7,49,0,56,0,11,165,0,176,0,18,214,0,232,80,0,80,312
04/03/2002,LZU,GA,ASO,ES,Federal Contract Tower,0,6,40,0,46,0,4,110,0,114,0,10,150,0,160,110,0,110,270
04/04/2002,LZU,GA,ASO,ES,Federal Contract Tower,0,7,51,0,58,0,4,167,0,171,0,11,218,0,229,96,0,96,325
04/05/2002,LZU,GA,ASO,ES,Federal Contract Tower,0,5,35,0,40,0,7,225,0,232,0,12,260,0,272,124,0,124,396
04/06/2002,LZU,GA,ASO,ES,Federal Contract Tower,0,6,41,0,47,0,2,216,0,218,0,8,257,0,265,48,0,48,313
04/07/2002,LZU,GA,ASO,ES,Federal Contract Tower,0,7,51,0,58,0,14,147,0,161,0,21,198,0,219,72,0,72,291
04/08/2002,LZU,GA,ASO,ES,Federal Contract Tower,0,6,42,0,48,0,7,62,0,69,0,13,104,0,117,46,0,46,163
04/09/2002,LZU,GA,ASO,ES,Federal Contract Tower,0,9,65,0,74,0,2,7,0,9,0,11,72,0,83,0,0,0,83
04/10/2002,LZU,GA,ASO,ES,Federal Contract Tower,0,9,69,0,78,0,6,82,0,88,0,15,151,0,166,70,0,70,236
04/11/2002,LZU,GA,ASO,ES,Federal Contract Tower,0,10,75,0,85,0,4,27,1,32,0,14,102,1,117,0,10,10,127
04/12/2002,LZU,GA,ASO,ES,Federal Contract Tower,0,8,60,0,68,0,3,6,0,9,0,11,66,0,77,0,0,0,77
04/13/2002,LZU,GA,ASO,ES,Federal Contract Tower,0,0,43,0,43,0,0,15,0,15,0,0,58,0,58,0,0,0,58
04/14/2002,LZU,GA,ASO,ES,Federal Contract Tower,0,2,52,0,54,0,0,33,0,33,0,2,85,0,87,28,0,28,115
04/15/2002,LZU,GA,ASO,ES,Federal Contract Tower,0,7,54,0,61,0,4,176,0,180,0,11,230,0,241,148,0,148,389
04/16/2002,LZU,GA,ASO,ES,Federal Contract Tower,0,6,47,0,53,0,5,166,0,171,0,11,213,0,224,110,0,110,334
04/17/2002,LZU,GA,ASO,ES,Federal Contract Tower,0,5,44,0,49,0,8,146,0,154,0,13,190,0,203,132,0,132,335
04/18/2002,LZU,GA,ASO,ES,Federal Contract Tower,0,5,42,0,47,0,6,177,0,183,0,11,219,0,230,130,0,130,360
04/19/2002,LZU,GA,ASO,ES,Federal Contract Tower,0,6,50,0,56,0,2,180,0,182,0,8,230,0,238,78,0,78,316
04/20/2002,LZU,GA,ASO,ES,Federal Contract Tower,0,2,24,0,26,0,0,313,0,313,0,2,337,0,339,90,0,90,429
04/21/2002,LZU,GA,ASO,ES,Federal Contract Tower,0,3,28,0,31,0,3,174,0,177,0,6,202,0,208,170,0,170,378
04/22/2002,LZU,GA,ASO,ES,Federal Contract Tower,0,5,40,0,45,0,4,47,0,51,0,9,87,0,96,22,0,22,118
04/23/2002,LZU,GA,ASO,ES,Federal Contract Tower,0,7,61,0,68,0,4,216,0,220,0,11,277,0,288,148,0,148,436
04/24/2002,LZU,GA,ASO,ES,Federal Contract Tower,0,6,55,0,61,0,7,144,0,151,0,13,199,0,212,98,0,98,310
04/25/2002,LZU,GA,ASO,ES,Federal Contract Tower,0,7,60,0,67,0,5,113,0,118,0,12,173,0,185,34,0,34,219
04/26/2002,LZU,GA,ASO,ES,Federal Contract Tower,0,5,56,0,61,0,0,110,0,110,0,5,166,0,171,154,0,154,325
04/27/2002,LZU,GA,ASO,ES,Federal Contract Tower,0,4,37,0,41,0,1,115,0,116,0,5,152,0,157,124,0,124,281
04/28/2002,LZU,GA,ASO,ES,Federal Contract Tower,0,3,37,0,40,0,0,75,0,75,0,3,112,0,115,34,0,34,149
04/29/2002,LZU,GA,ASO,ES,Federal Contract Tower,0,5,42,0,47,0,7,156,0,163,0,12,198,0,210,74,0,74,284
04/30/2002,LZU,GA,ASO,ES,Federal Contract Tower,0,7,62,0,69,0,9,27,0,36,0,16,89,0,105,18,0,18,123
05/01/2002,LZU,GA,ASO,ES,Federal Contract Tower,0,7,64,0,71,0,13,18,0,31,0,20,82,0,102,10,0,10,112
05/02/2002,LZU,GA,ASO,ES,Federal Contract Tower,0,7,65,0,72,0,7,89,2,98,0,14,154,2,170,78,0,78,248
05/03/2002,LZU,GA,ASO,ES,Federal Contract Tower,0,5,44,0,49,0,0,57,0,57,0,5,101,0,106,0,0,0,106
05/04/2002,LZU,GA,ASO,ES,Federal Contract Tower,0,0,36,0,36,0,0,4,0,4,0,0,40,0,40,0,0,0,40
05/05/2002,LZU,GA,ASO,ES,Federal Contract Tower,0,4,49,0,53,0,0,223,0,223,0,4,272,0,276,58,0,58,334
05/06/2002,LZU,GA,ASO,ES,Federal Contract Tower,0,7,64,0,71,0,6,216,0,222,0,13,280,0,293,192,0,192,485
05/07/2002,LZU,GA,ASO,ES,Federal Contract Tower,0,6,53,0,59,0,3,190,0,193,0,9,243,0,252,194,0,194,446
05/08/2002,LZU,GA,ASO,ES,Federal Contract Tower,0,7,61,0,68,0,8,227,4,239,0,15,288,4,307,176,0,176,483
05/09/2002,LZU,GA,ASO,ES,Federal Contract Tower,0,6,54,0,60,0,7,188,0,195,0,13,242,0,255,82,0,82,337
05/10/2002,LZU,GA,ASO,ES,Federal Contract Tower,0,6,54,0,60,0,0,160,2,162,0,6,214,2,222,146,0,146,368
05/11/2002,LZU,GA,ASO,ES,Federal Contract Tower,0,3,46,0,49,0,0,158,0,158,0,3,204,0,207,80,0,80,287
05/12/2002,LZU,GA,ASO,ES,Federal Contract Tower,0,3,30,0,33,0,3,64,0,67,0,6,94,0,100,92,0,92,192
05/13/2002,LZU,GA,ASO,ES,Federal Contract Tower,0,5,49,0,54,0,5,135,0,140,0,10,184,0,194,104,0,104,298
05/14/2002,LZU,GA,ASO,ES,Federal Contract Tower,0,4,40,0,44,0,5,203,0,208,0,9,243,0,252,118,0,118,370
05/15/2002,LZU,GA,ASO,ES,Federal Contract Tower,0,6,54,0,60,0,4,238,2,244,0,10,292,2,304,156,4,160,464
05/16/2002,LZU,GA,ASO,ES,Federal Contract Tower,0,4,49,0,53,0,2,249,0,251,0,6,298,0,304,132,0,132,436
05/17/2002,LZU,GA,ASO,ES,Federal Contract Tower,0,4,50,0,54,0,6,187,0,193,0,10,237,0,247,110,0,110,357
05/18/2002,LZU,GA,ASO,ES,Federal Contract Tower,0,0,31,0,31,0,0,63,0,63,0,0,94,0,94,34,0,34,128
05/19/2002,LZU,GA,ASO,ES,Federal Contract Tower,0,1,42,0,43,0,0,311,0,311,0,1,353,0,354,210,0,210,564
05/20/2002,LZU,GA,ASO,ES,Federal Contract Tower,0,4,48,0,52,0,3,232,0,235,0,7,280,0,287,200,0,200,487
05/21/2002,LZU,GA,ASO,ES,Federal Contract Tower,0,4,51,0,55,0,4,258,0,262,0,8,309,0,317,154,0,154,471
05/22/2002,LZU,GA,ASO,ES,Federal Contract Tower,0,5,60,0,65,0,6,184,2,192,0,11,244,2,257,54,0,54,311
05/23/2002,LZU,GA,ASO,ES,Federal Contract Tower,0,4,50,0,54,0,4,194,0,198,0,8,244,0,252,162,0,162,414
05/24/2002,LZU,GA,ASO,ES,Federal Contract Tower,0,5,59,0,64,0,2,279,0,281,0,7,338,0,345,106,0,106,451
05/25/2002,LZU,GA,ASO,ES,Federal Contract Tower,0,0,29,0,29,0,0,269,0,269,0,0,298,0,298,102,0,102,400
05/26/2002,LZU,GA,ASO,ES,Federal Contract Tower,0,2,24,0,26,0,1,208,0,209,0,3,232,0,235,124,0,124,359
05/27/2002,LZU,GA,ASO,ES,Federal Contract Tower,0,4,43,0,47,0,1,282,0,283,0,5,325,0,330,142,0,142,472
05/28/2002,LZU,GA,ASO,ES,Federal Contract Tower,0,4,44,0,48,0,3,161,0,164,0,7,205,0,212,112,0,112,324
05/29/2002,LZU,GA,ASO,ES,Federal Contract Tower,0,5,56,0,61,0,8,232,6,246,0,13,288,6,307,172,0,172,479
05/30/2002,LZU,GA,ASO,ES,Federal Contract Tower,0,4,49,0,53,0,3,132,2,137,0,7,181,2,190,124,0,124,314
05/31/2002,LZU,GA,ASO,ES,Federal Contract Tower,0,4,56,0,60,0,0,232,0,232,0,4,288,0,292,134,0,134,426
06/01/2002,LZU,GA,ASO,ES,Federal Contract Tower,0,0,30,0,30,0,0,450,0,450,0,0,480,0,480,124,0,124,604
06/02/2002,LZU,GA,ASO,ES,Federal Contract Tower,0,1,33,0,34,0,0,301,0,301,0,1,334,0,335,126,0,126,461
06/03/2002,LZU,GA,ASO,ES,Federal Contract Tower,0,3,26,0,29,0,3,211,0,214,0,6,237,0,243,198,0,198,441
06/04/2002,LZU,GA,ASO,ES,Federal Contract Tower,0,3,41,0,44,0,8,159,0,167,0,11,200,0,211,138,0,138,349
06/05/2002,LZU,GA,ASO,ES,Federal Contract Tower,0,4,59,0,63,0,6,128,0,134,0,10,187,0,197,124,0,124,321
06/06/2002,LZU,GA,ASO,ES,Federal Contract Tower,0,4,63,1,68,0,4,49,1,54,0,8,112,2,122,94,0,94,216
06/07/2002,LZU,GA,ASO,ES,Federal Contract Tower,0,4,73,0,77,0,0,184,0,184,0,4,257,0,261,86,0,86,347
06/08/2002,LZU,GA,ASO,ES,Federal Contract Tower,0,2,32,0,34,0,1,317,0,318,0,3,349,0,352,206,0,206,558
06/09/2002,LZU,GA,ASO,ES,Federal Contract Tower,0,3,47,0,50,0,2,293,0,295,0,5,340,0,345,200,0,200,545
06/10/2002,LZU,GA,ASO,ES,Federal Contract Tower,0,2,31,0,33,0,6,284,0,290,0,8,315,0,323,258,0,258,581
06/11/2002,LZU,GA,ASO,ES,Federal Contract Tower,0,2,26,0,28,0,8,209,0,217,0,10,235,0,245,180,0,180,425
06/12/2002,LZU,GA,ASO,ES,Federal Contract Tower,0,4,50,1,55,0,5,244,0,249,0,9,294,1,304,130,0,130,434
06/13/2002,LZU,GA,ASO,ES,Federal Contract Tower,0,3,39,0,42,0,5,193,2,200,0,8,232,2,242,144,0,144,386
06/14/2002,LZU,GA,ASO,ES,Federal Contract Tower,0,4,52,0,56,0,10,115,0,125,0,14,167,0,181,132,0,132,313
06/15/2002,LZU,GA,ASO,ES,Federal Contract Tower,0,1,43,0,44,0,0,337,0,337,0,1,380,0,381,184,0,184,565
06/16/2002,LZU,GA,ASO,ES,Federal Contract Tower,0,0,41,0,41,0,0,248,0,248,0,0,289,0,289,140,0,140,429
06/17/2002,LZU,GA,ASO,ES,Federal Contract Tower,0,2,36,0,38,0,9,268,0,277,0,11,304,0,315,234,0,234,549
06/18/2002,LZU,GA,ASO,ES,Federal Contract Tower,0,3,43,0,46,0,7,240,0,247,0,10,283,0,293,138,0,138,431
06/19/2002,LZU,GA,ASO,ES,Federal Contract Tower,0,4,55,0,59,0,4,150,6,160,0,8,205,6,219,120,0,120,339
06/20/2002,LZU,GA,ASO,ES,Federal Contract Tower,0,3,46,0,49,0,10,205,0,215,0,13,251,0,264,112,0,112,376
06/21/2002,LZU,GA,ASO,ES,Federal Contract Tower,0,3,42,0,45,0,0,203,0,203,0,3,245,0,248,224,0,224,472
06/22/2002,LZU,GA,ASO,ES,Federal Contract Tower,0,0,26,0,26,0,0,159,0,159,0,0,185,0,185,86,0,86,271
06/23/2002,LZU,GA,ASO,ES,Federal Contract Tower,0,0,37,0,37,0,0,71,0,71,0,0,108,0,108,112,0,112,220
06/24/2002,LZU,GA,ASO,ES,Federal Contract Tower,0,2,37,0,39,0,7,130,0,137,0,9,167,0,176,78,0,78,254
06/25/2002,LZU,GA,ASO,ES,Federal Contract Tower,0,3,44,0,47,0,7,76,4,87,0,10,120,4,134,184,0,184,318
06/26/2002,LZU,GA,ASO,ES,Federal Contract Tower,0,4,53,0,57,0,5,70,2,77,0,9,123,2,134,34,0,34,168
06/27/2002,LZU,GA,ASO,ES,Federal Contract Tower,0,4,52,0,56,0,3,173,4,180,0,7,225,4,236,86,0,86,322
06/28/2002,LZU,GA,ASO,ES,Federal Contract Tower,0,6,78,0,84,0,1,99,1,101,0,7,177,1,185,180,0,180,365
06/29/2002,LZU,GA,ASO,ES,Federal Contract Tower,0,1,28,0,29,0,0,280,0,280,0,1,308,0,309,216,0,216,525
06/30/2002,LZU,GA,ASO,ES,Federal Contract Tower,0,2,27,0,29,0,1,303,1,305,0,3,330,1,334,206,2,208,542
07/01/2002,LZU,GA,ASO,ES,Federal Contract Tower,0,5,51,0,56,0,7,219,0,226,0,12,270,0,282,146,0,146,428
07/02/2002,LZU,GA,ASO,ES,Federal Contract Tower,0,5,49,0,54,0,4,144,2,150,0,9,193,2,204,150,0,150,354
07/03/2002,LZU,GA,ASO,ES,Federal Contract Tower,0,4,48,0,52,0,6,149,0,155,0,10,197,0,207,140,0,140,347
07/04/2002,LZU,GA,ASO,ES,Federal Contract Tower,0,2,34,0,36,0,0,159,0,159,0,2,193,0,195,118,0,118,313
07/05/2002,LZU,GA,ASO,ES,Federal Contract Tower,0,5,51,0,56,0,2,223,0,225,0,7,274,0,281,176,0,176,457
07/06/2002,LZU,GA,ASO,ES,Federal Contract Tower,0,1,24,0,25,0,0,234,0,234,0,1,258,0,259,154,0,154,413
07/07/2002,LZU,GA,ASO,ES,Federal Contract Tower,0,5,61,0,66,0,0,138,0,138,0,5,199,0,204,124,0,124,328
07/08/2002,LZU,GA,ASO,ES,Federal Contract Tower,0,4,42,0,46,0,3,178,0,181,0,7,220,0,227,166,0,166,393
07/09/2002,LZU,GA,ASO,ES,Federal Contract Tower,0,4,39,0,43,0,4,200,0,204,0,8,239,0,247,208,0,208,455
07/10/2002,LZU,GA,ASO,ES,Federal Contract Tower,0,5,50,0,55,0,3,140,2,145,0,8,190,2,200,130,0,130,330
07/11/2002,LZU,GA,ASO,ES,Federal Contract Tower,0,6,62,0,68,0,1,83,0,84,0,7,145,0,152,136,0,136,288
07/12/2002,LZU,GA,ASO,ES,Federal Contract Tower,0,6,64,0,70,0,2,66,0,68,0,8,130,0,138,140,0,140,278
07/13/2002,LZU,GA,ASO,ES,Federal Contract Tower,0,0,58,0,58,0,0,49,0,49,0,0,107,0,107,72,0,72,179
07/14/2002,LZU,GA,ASO,ES,Federal Contract Tower,0,1,46,0,47,0,0,157,0,157,0,1,203,0,204,188,0,188,392
07/15/2002,LZU,GA,ASO,ES,Federal Contract Tower,0,3,46,0,49,0,3,221,0,224,0,6,267,0,273,144,0,144,417
07/16/2002,LZU,GA,ASO,ES,Federal Contract Tower,0,3,47,0,50,0,8,202,0,210,0,11,249,0,260,134,0,134,394
07/17/2002,LZU,GA,ASO,ES,Federal Contract Tower,0,4,52,0,56,0,6,173,2,181,0,10,225,2,237,134,0,134,371
07/18/2002,LZU,GA,ASO,ES,Federal Contract Tower,0,3,43,0,46,0,6,171,4,181,0,9,214,4,227,78,0,78,305
07/19/2002,LZU,GA,ASO,ES,Federal Contract Tower,0,3,43,0,46,0,1,212,1,214,0,4,255,1,260,128,0,128,388
07/20/2002,LZU,GA,ASO,ES,Federal Contract Tower,0,1,17,0,18,0,1,323,0,324,0,2,340,0,342,152,0,152,494
07/21/2002,LZU,GA,ASO,ES,Federal Contract Tower,0,0,23,0,23,0,0,234,0,234,0,0,257,0,257,208,0,208,465
07/22/2002,LZU,GA,ASO,ES,Federal Contract Tower,0,3,46,0,49,0,5,142,0,147,0,8,188,0,196,176,0,176,372
07/23/2002,LZU,GA,ASO,ES,Federal Contract Tower,0,3,40,0,43,0,3,102,0,105,0,6,142,0,148,80,0,80,228
07/24/2002,LZU,GA,ASO,ES,Federal Contract Tower,0,4,51,0,55,0,7,77,0,84,0,11,128,0,139,52,0,52,191
07/25/2002,LZU,GA,ASO,ES,Federal Contract Tower,0,4,60,0,64,0,6,45,0,51,0,10,105,0,115,68,0,68,183
07/26/2002,LZU,GA,ASO,ES,Federal Contract Tower,0,5,76,0,81,0,0,106,0,106,0,5,182,0,187,150,0,150,337
07/27/2002,LZU,GA,ASO,ES,Federal Contract Tower,0,3,50,0,53,0,0,148,0,148,0,3,198,0,201,138,0,138,339
07/28/2002,LZU,GA,ASO,ES,Federal Contract Tower,0,2,33,0,35,0,1,326,0,327,0,3,359,0,362,116,0,116,478
07/29/2002,LZU,GA,ASO,ES,Federal Contract Tower,0,2,36,0,38,0,3,195,0,198,0,5,231,0,236,90,0,90,326
07/30/2002,LZU,GA,ASO,ES,Federal Contract Tower,0,4,56,0,60,0,3,150,2,155,0,7,206,2,215,162,0,162,377
07/31/2002,LZU,GA,ASO,ES,Federal Contract Tower,0,2,33,0,35,0,6,96,0,102,0,8,129,0,137,100,0,100,237
08/01/2002,LZU,GA,ASO,ES,Federal Contract Tower,0,6,53,0,59,0,0,147,0,147,0,6,200,0,206,124,0,124,330
08/02/2002,LZU,GA,ASO,ES,Federal Contract Tower,0,5,33,0,38,0,3,148,0,151,0,8,181,0,189,174,0,174,363
08/03/2002,LZU,GA,ASO,ES,Federal Contract Tower,0,3,28,0,31,0,0,265,0,265,0,3,293,0,296,164,0,164,460
08/04/2002,LZU,GA,ASO,ES,Federal Contract Tower,0,2,20,0,22,0,0,233,0,233,0,2,253,0,255,238,0,238,493
08/05/2002,LZU,GA,ASO,ES,Federal Contract Tower,0,5,36,0,41,0,1,240,0,241,0,6,276,0,282,162,0,162,444
08/06/2002,LZU,GA,ASO,ES,Federal Contract Tower,0,6,42,0,48,0,2,149,2,153,0,8,191,2,201,88,0,88,289
08/07/2002,LZU,GA,ASO,ES,Federal Contract Tower,0,7,54,0,61,0,4,139,0,143,0,11,193,0,204,80,0,80,284
08/08/2002,LZU,GA,ASO,ES,Federal Contract Tower,0,7,54,0,61,0,6,211,0,217,0,13,265,0,278,118,0,118,396
08/09/2002,LZU,GA,ASO,ES,Federal Contract Tower,0,2,39,0,41,0,0,188,0,188,0,2,227,0,229,196,0,196,425
08/10/2002,LZU,GA,ASO,ES,Federal Contract Tower,0,0,32,0,32,0,0,341,0,341,0,0,373,0,373,194,0,194,567
08/11/2002,LZU,GA,ASO,ES,Federal Contract Tower,0,0,24,0,24,0,0,225,0,225,0,0,249,0,249,186,0,186,435
08/12/2002,LZU,GA,ASO,ES,Federal Contract Tower,0,6,42,0,48,0,3,185,0,188,0,9,227,0,236,66,0,66,302
08/13/2002,LZU,GA,ASO,ES,Federal Contract Tower,0,6,41,0,47,0,7,164,0,171,0,13,205,0,218,144,0,144,362
08/14/2002,LZU,GA,ASO,ES,Federal Contract Tower,0,6,44,0,50,0,5,91,2,98,0,11,135,2,148,78,0,78,226
08/15/2002,LZU,GA,ASO,ES,Federal Contract Tower,0,5,40,0,45,0,3,92,0,95,0,8,132,0,140,72,0,72,212
08/16/2002,LZU,GA,ASO,ES,Federal Contract Tower,0,9,80,0,89,0,0,112,0,112,0,9,192,0,201,52,0,52,253
08/17/2002,LZU,GA,ASO,ES,Federal Contract Tower,0,0,3,0,3,0,1,212,0,213,0,1,215,0,216,96,0,96,312
08/18/2002,LZU,GA,ASO,ES,Federal Contract Tower,0,2,21,0,23,0,0,175,0,175,0,2,196,0,198,106,0,106,304
08/19/2002,LZU,GA,ASO,ES,Federal Contract Tower,0,4,40,0,44,0,6,187,0,193,0,10,227,0,237,114,0,114,351
08/20/2002,LZU,GA,ASO,ES,Federal Contract Tower,0,6,53,0,59,0,9,150,0,159,0,15,203,0,218,120,0,120,338
08/21/2002,LZU,GA,ASO,ES,Federal Contract Tower,0,4,39,0,43,0,10,136,2,148,0,14,175,2,191,48,0,48,239
08/22/2002,LZU,GA,ASO,ES,Federal Contract Tower,0,5,42,0,47,0,5,160,0,165,0,10,202,0,212,92,0,92,304
08/23/2002,LZU,GA,ASO,ES,Federal Contract Tower,0,4,39,0,43,0,4,178,0,182,0,8,217,0,225,140,0,140,365
08/24/2002,LZU,GA,ASO,ES,Federal Contract Tower,0,2,24,0,26,0,0,352,0,352,0,2,376,0,378,168,0,168,546
08/25/2002,LZU,GA,ASO,ES,Federal Contract Tower,0,1,20,0,21,0,0,138,0,138,0,1,158,0,159,124,0,124,283
08/26/2002,LZU,GA,ASO,ES,Federal Contract Tower,0,5,46,0,51,0,6,94,0,100,0,11,140,0,151,78,0,78,229
08/27/2002,LZU,GA,ASO,ES,Federal Contract Tower,0,6,54,0,60,0,4,81,0,85,0,10,135,0,145,46,0,46,191
08/28/2002,LZU,GA,ASO,ES,Federal Contract Tower,0,6,54,0,60,0,8,91,0,99,0,14,145,0,159,98,0,98,257
08/29/2002,LZU,GA,ASO,ES,Federal Contract Tower,0,8,66,0,74,0,4,83,0,87,0,12,149,0,161,70,0,70,231
08/30/2002,LZU,GA,ASO,ES,Federal Contract Tower,0,7,81,0,88,0,0,63,0,63,0,7,144,0,151,14,0,14,165
08/31/2002,LZU,GA,ASO,ES,Federal Contract Tower,0,4,42,0,46,0,0,18,0,18,0,4,60,0,64,12,0,12,76
09/01/2002,LZU,GA,ASO,ES,Federal Contract Tower,0,1,16,0,17,0,0,109,0,109,0,1,125,0,126,144,0,144,270
09/02/2002,LZU,GA,ASO,ES,Federal Contract Tower,0,3,57,0,60,0,0,160,0,160,0,3,217,0,220,174,0,174,394
09/03/2002,LZU,GA,ASO,ES,Federal Contract Tower,0,5,47,0,52,0,5,128,0,133,0,10,175,0,185,48,0,48,233
09/04/2002,LZU,GA,ASO,ES,Federal Contract Tower,0,6,60,0,66,0,6,157,20,183,0,12,217,20,249,100,0,100,349
09/05/2002,LZU,GA,ASO,ES,Federal Contract Tower,0,4,35,0,39,0,4,167,0,171,0,8,202,0,210,78,0,78,288
09/06/2002,LZU,GA,ASO,ES,Federal Contract Tower,0,3,44,0,47,0,0,234,2,236,0,3,278,2,283,134,0,134,417
09/07/2002,LZU,GA,ASO,ES,Federal Contract Tower,0,0,24,0,24,0,0,322,0,322,0,0,346,0,346,180,0,180,526
09/08/2002,LZU,GA,ASO,ES,Federal Contract Tower,0,1,21,0,22,0,0,249,0,249,0,1,270,0,271,134,0,134,405
09/09/2002,LZU,GA,ASO,ES,Federal Contract Tower,0,4,32,0,36,0,4,191,0,195,0,8,223,0,231,86,0,86,317
09/10/2002,LZU,GA,ASO,ES,Federal Contract Tower,0,6,56,0,62,0,4,167,2,173,0,10,223,2,235,96,0,96,331
09/11/2002,LZU,GA,ASO,ES,Federal Contract Tower,0,4,39,0,43,0,4,146,2,152,0,8,185,2,195,96,0,96,291
09/12/2002,LZU,GA,ASO,ES,Federal Contract Tower,0,4,32,0,36,0,6,126,0,132,0,10,158,0,168,92,0,92,260
09/13/2002,LZU,GA,ASO,ES,Federal Contract Tower,0,7,63,0,70,0,1,93,2,96,0,8,156,2,166,68,0,68,234
09/14/2002,LZU,GA,ASO,ES,Federal Contract Tower,0,1,23,0,24,0,0,3,0,3,0,1,26,0,27,0,0,0,27
09/15/2002,LZU,GA,ASO,ES,Federal Contract Tower,0,3,33,0,36,0,0,3,0,3,0,3,36,0,39,0,0,0,39
09/16/2002,LZU,GA,ASO,ES,Federal Contract Tower,0,4,45,0,49,0,4,183,0,187,0,8,228,0,236,54,0,54,290
09/17/2002,LZU,GA,ASO,ES,Federal Contract Tower,0,4,46,0,50,0,6,104,0,110,0,10,150,0,160,66,0,66,226
09/18/2002,LZU,GA,ASO,ES,Federal Contract Tower,0,6,65,0,71,0,6,43,0,49,0,12,108,0,120,20,0,20,140
09/19/2002,LZU,GA,ASO,ES,Federal Contract Tower,0,5,53,0,58,0,6,30,0,36,0,11,83,0,94,18,0,18,112
09/20/2002,LZU,GA,ASO,ES,Federal Contract Tower,0,6,68,0,74,0,5,48,0,53,0,11,116,0,127,64,0,64,191
09/21/2002,LZU,GA,ASO,ES,Federal Contract Tower,0,1,43,0,44,0,0,33,0,33,0,1,76,0,77,0,0,0,77
09/22/2002,LZU,GA,ASO,ES,Federal Contract Tower,0,2,36,0,38,0,0,70,0,70,0,2,106,0,108,62,0,62,170
09/23/2002,LZU,GA,ASO,ES,Federal Contract Tower,0,4,47,0,51,0,2,185,0,187,0,6,232,0,238,122,0,122,360
09/24/2002,LZU,GA,ASO,ES,Federal Contract Tower,0,5,57,0,62,0,6,19,0,25,0,11,76,0,87,0,0,0,87
09/25/2002,LZU,GA,ASO,ES,Federal Contract Tower,0,4,47,0,51,0,4,0,0,4,0,8,47,0,55,0,0,0,55
09/26/2002,LZU,GA,ASO,ES,Federal Contract Tower,0,3,29,0,32,0,6,0,0,6,0,9,29,0,38,0,0,0,38
09/27/2002,LZU,GA,ASO,ES,Federal Contract Tower,0,4,51,0,55,0,3,24,0,27,0,7,75,0,82,8,0,8,90
09/28/2002,LZU,GA,ASO,ES,Federal Contract Tower,0,2,49,0,51,0,0,232,0,232,0,2,281,0,283,144,0,144,427
09/29/2002,LZU,GA,ASO,ES,Federal Contract Tower,0,1,62,0,63,0,0,94,0,94,0,1,156,0,157,36,0,36,193
09/30/2002,LZU,GA,ASO,ES,Federal Contract Tower,0,5,55,0,60,0,6,130,4,140,0,11,185,4,200,146,0,146,346
10/01/2002,LZU,GA,ASO,ES,Federal Contract Tower,0,5,51,0,56,0,2,172,0,174,0,7,223,0,230,108,0,108,338
10/02/2002,LZU,GA,ASO,ES,Federal Contract Tower,0,5,51,0,56,0,5,146,0,151,0,10,197,0,207,80,0,80,287
10/03/2002,LZU,GA,ASO,ES,Federal Contract Tower,0,10,39,0,49,0,5,187,0,192,0,15,226,0,241,126,0,126,367
10/04/2002,LZU,GA,ASO,ES,Federal Contract Tower,0,9,65,0,74,0,0,136,4,140,0,9,201,4,214,152,0,152,366
10/05/2002,LZU,GA,ASO,ES,Federal Contract Tower,0,1,48,0,49,0,1,147,2,150,0,2,195,2,199,88,0,88,287
10/06/2002,LZU,GA,ASO,ES,Federal Contract Tower,0,1,47,0,48,0,0,250,0,250,0,1,297,0,298,172,0,172,470
10/07/2002,LZU,GA,ASO,ES,Federal Contract Tower,0,7,38,0,45,0,3,126,0,129,0,10,164,0,174,60,0,60,234
10/08/2002,LZU,GA,ASO,ES,Federal Contract Tower,0,8,41,0,49,0,1,87,0,88,0,9,128,0,137,112,0,112,249
10/09/2002,LZU,GA,ASO,ES,Federal Contract Tower,0,10,68,0,78,0,0,0,0,0,0,10,68,0,78,0,0,0,78
10/10/2002,LZU,GA,ASO,ES,Federal Contract Tower,0,19,85,0,104,0,0,0,0,0,0,19,85,0,104,0,0,0,104
10/11/2002,LZU,GA,ASO,ES,Federal Contract Tower,0,8,64,0,72,0,0,63,0,63,0,8,127,0,135,12,0,12,147
10/12/2002,LZU,GA,ASO,ES,Federal Contract Tower,0,4,47,0,51,0,0,224,0,224,0,4,271,0,275,78,0,78,353
10/13/2002,LZU,GA,ASO,ES,Federal Contract Tower,0,0,4,0,4,0,1,172,0,173,0,1,176,0,177,114,0,114,291
10/14/2002,LZU,GA,ASO,ES,Federal Contract Tower,0,8,44,0,52,0,2,157,0,159,0,10,201,0,211,134,0,134,345
10/15/2002,LZU,GA,ASO,ES,Federal Contract Tower,0,16,48,0,64,0,0,0,0,0,0,16,48,0,64,0,0,0,64
10/16/2002,LZU,GA,ASO,ES,Federal Contract Tower,0,4,57,0,61,0,6,80,0,86,0,10,137,0,147,44,0,44,191
10/17/2002,LZU,GA,ASO,ES,Federal Contract Tower,0,3,54,0,57,0,7,198,2,207,0,10,252,2,264,68,0,68,332
10/18/2002,LZU,GA,ASO,ES,Federal Contract Tower,0,5,52,0,57,0,2,194,0,196,0,7,246,0,253,132,0,132,385
10/19/2002,LZU,GA,ASO,ES,Federal Contract Tower,0,3,44,0,47,0,0,256,0,256,0,3,300,0,303,110,0,110,413
10/20/2002,LZU,GA,ASO,ES,Federal Contract Tower,0,1,44,0,45,0,1,64,0,65,0,2,108,0,110,40,0,40,150
10/21/2002,LZU,GA,ASO,ES,Federal Contract Tower,0,3,50,0,53,0,5,87,2,94,0,8,137,2,147,120,2,122,269
10/22/2002,LZU,GA,ASO,ES,Federal Contract Tower,0,4,71,0,75,0,6,27,0,33,0,10,98,0,108,12,0,12,120
10/23/2002,LZU,GA,ASO,ES,Federal Contract Tower,0,8,58,0,66,0,0,0,0,0,0,8,58,0,66,0,0,0,66
10/24/2002,LZU,GA,ASO,ES,Federal Contract Tower,0,3,68,0,71,0,5,66,0,71,0,8,134,0,142,56,0,56,198
10/25/2002,LZU,GA,ASO,ES,Federal Contract Tower,0,12,59,0,71,0,0,0,0,0,0,12,59,0,71,0,0,0,71
10/26/2002,LZU,GA,ASO,ES,Federal Contract Tower,0,2,42,0,44,0,0,58,0,58,0,2,100,0,102,54,0,54,156
10/27/2002,LZU,GA,ASO,ES,Federal Contract Tower,0,2,70,0,72,0,0,115,0,115,0,2,185,0,187,130,0,130,317
10/28/2002,LZU,GA,ASO,ES,Federal Contract Tower,0,14,43,0,57,0,0,0,0,0,0,14,43,0,57,0,0,0,57
10/29/2002,LZU,GA,ASO,ES,Federal Contract Tower,0,8,51,0,59,0,0,0,0,0,0,8,51,0,59,0,0,0,59
10/30/2002,LZU,GA,ASO,ES,Federal Contract Tower,0,2,49,0,51,0,5,86,0,91,0,7,135,0,142,26,0,26,168
10/31/2002,LZU,GA,ASO,ES,Federal Contract Tower,0,6,41,0,47,0,5,162,1,168,0,11,203,1,215,98,10,108,323
11/01/2002,LZU,GA,ASO,ES,Federal Contract Tower,0,2,58,0,60,0,0,213,0,213,0,2,271,0,273,104,0,104,377
11/02/2002,LZU,GA,ASO,ES,Federal Contract Tower,0,1,29,0,30,0,0,360,0,360,0,1,389,0,390,78,0,78,468
11/03/2002,LZU,GA,ASO,ES,Federal Contract Tower,0,1,46,0,47,0,0,165,0,165,0,1,211,0,212,120,0,120,332
11/04/2002,LZU,GA,ASO,ES,Federal Contract Tower,0,7,62,0,69,0,1,35,0,36,0,8,97,0,105,22,0,22,127
11/05/2002,LZU,GA,ASO,ES,Federal Contract Tower,0,9,34,0,43,0,1,0,0,1,0,10,34,0,44,0,0,0,44
11/06/2002,LZU,GA,ASO,ES,Federal Contract Tower,0,2,65,0,67,0,8,55,2,65,0,10,120,2,132,16,0,16,148
11/07/2002,LZU,GA,ASO,ES,Federal Contract Tower,0,3,62,0,65,0,6,202,0,208,0,9,264,0,273,104,0,104,377
11/08/2002,LZU,GA,ASO,ES,Federal Contract Tower,0,7,47,0,54,0,1,299,0,300,0,8,346,0,354,146,0,146,500
11/09/2002,LZU,GA,ASO,ES,Federal Contract Tower,0,0,32,0,32,0,0,226,0,226,0,0,258,0,258,106,0,106,364
11/10/2002,LZU,GA,ASO,ES,Federal Contract Tower,0,3,54,0,57,0,0,58,0,58,0,3,112,0,115,26,0,26,141
11/11/2002,LZU,GA,ASO,ES,Federal Contract Tower,0,6,29,0,35,0,3,10,0,13,0,9,39,0,48,14,0,14,62
11/12/2002,LZU,GA,ASO,ES,Federal Contract Tower,0,6,51,0,57,0,4,65,0,69,0,10,116,0,126,72,0,72,198
11/13/2002,LZU,GA,ASO,ES,Federal Contract Tower,0,4,55,0,59,0,5,156,0,161,0,9,211,0,220,94,0,94,314
11/14/2002,LZU,GA,ASO,ES,Federal Contract Tower,0,4,43,0,47,0,3,267,0,270,0,7,310,0,317,96,0,96,413
11/15/2002,LZU,GA,ASO,ES,Federal Contract Tower,0,8,50,0,58,0,0,180,0,180,0,8,230,0,238,158,0,158,396
11/16/2002,LZU,GA,ASO,ES,Federal Contract Tower,0,2,34,0,36,0,0,10,0,10,0,2,44,0,46,0,0,0,46
11/17/2002,LZU,GA,ASO,ES,Federal Contract Tower,0,0,33,0,33,0,0,26,0,26,0,0,59,0,59,4,0,4,63
11/18/2002,LZU,GA,ASO,ES,Federal Contract Tower,0,2,47,0,49,0,1,150,0,151,0,3,197,0,200,138,0,138,338
11/19/2002,LZU,GA,ASO,ES,Federal Contract Tower,0,11,58,0,69,0,2,72,0,74,0,13,130,0,143,14,0,14,157
11/20/2002,LZU,GA,ASO,ES,Federal Contract Tower,0,11,64,0,75,0,0,30,0,30,0,11,94,0,105,24,0,24,129
11/21/2002,LZU,GA,ASO,ES,Federal Contract Tower,0,5,49,0,54,0,5,95,0,100,0,10,144,0,154,66,0,66,220
11/22/2002,LZU,GA,ASO,ES,Federal Contract Tower,0,2,44,0,46,0,0,62,2,64,0,2,106,2,110,10,0,10,120
11/23/2002,LZU,GA,ASO,ES,Federal Contract Tower,0,3,25,0,28,0,1,417,0,418,0,4,442,0,446,154,0,154,600
11/24/2002,LZU,GA,ASO,ES,Federal Contract Tower,0,1,36,0,37,0,0,321,0,321,0,1,357,0,358,146,0,146,504
11/25/2002,LZU,GA,ASO,ES,Federal Contract Tower,0,4,43,0,47,0,3,202,0,205,0,7,245,0,252,160,0,160,412
11/26/2002,LZU,GA,ASO,ES,Federal Contract Tower,0,5,52,0,57,0,4,190,0,194,0,9,242,0,251,70,0,70,321
11/27/2002,LZU,GA,ASO,ES,Federal Contract Tower,0,4,66,0,70,0,4,86,0,90,0,8,152,0,160,30,0,30,190
11/28/2002,LZU,GA,ASO,ES,Federal Contract Tower,0,0,22,0,22,0,2,80,0,82,0,2,102,0,104,20,0,20,124
11/29/2002,LZU,GA,ASO,ES,Federal Contract Tower,0,4,36,0,40,0,2,216,0,218,0,6,252,0,258,152,0,152,410
11/30/2002,LZU,GA,ASO,ES,Federal Contract Tower,0,1,17,0,18,0,0,78,0,78,0,1,95,0,96,50,0,50,146
12/01/2002,LZU,GA,ASO,ES,Federal Contract Tower,0,0,55,0,55,0,1,230,0,231,0,1,285,0,286,56,0,56,342
12/02/2002,LZU,GA,ASO,ES,Federal Contract Tower,0,3,40,0,43,0,5,140,0,145,0,8,180,0,188,70,0,70,258
12/03/2002,LZU,GA,ASO,ES,Federal Contract Tower,0,2,39,0,41,0,6,151,0,157,0,8,190,0,198,76,0,76,274
12/04/2002,LZU,GA,ASO,ES,Federal Contract Tower,0,7,24,0,31,0,0,3,0,3,0,7,27,0,34,0,0,0,34
12/05/2002,LZU,GA,ASO,ES,Federal Contract Tower,0,8,38,0,46,0,0,29,0,29,0,8,67,0,75,0,0,0,75
12/06/2002,LZU,GA,ASO,ES,Federal Contract Tower,0,5,38,0,43,0,0,142,0,142,0,5,180,0,185,52,0,52,237
12/07/2002,LZU,GA,ASO,ES,Federal Contract Tower,0,0,21,0,21,0,0,392,0,392,0,0,413,0,413,106,0,106,519
12/08/2002,LZU,GA,ASO,ES,Federal Contract Tower,0,3,22,0,25,0,0,295,0,295,0,3,317,0,320,98,0,98,418
12/09/2002,LZU,GA,ASO,ES,Federal Contract Tower,0,10,45,0,55,0,2,100,0,102,0,12,145,0,157,162,0,162,319
12/10/2002,LZU,GA,ASO,ES,Federal Contract Tower,0,8,26,0,34,0,0,8,0,8,0,8,34,0,42,56,0,56,98
12/11/2002,LZU,GA,ASO,ES,Federal Contract Tower,0,11,60,0,71,0,1,14,0,15,0,12,74,0,86,46,0,46,132
12/12/2002,LZU,GA,ASO,ES,Federal Contract Tower,0,7,66,0,73,0,4,84,0,88,0,11,150,0,161,106,0,106,267
12/13/2002,LZU,GA,ASO,ES,Federal Contract Tower,0,7,40,0,47,0,0,1,0,1,0,7,41,0,48,62,0,62,110
12/14/2002,LZU,GA,ASO,ES,Federal Contract Tower,0,0,37,0,37,0,0,52,0,52,0,0,89,0,89,30,0,30,119
12/15/2002,LZU,GA,ASO,ES,Federal Contract Tower,0,1,35,0,36,0,0,309,0,309,0,1,344,0,345,118,0,118,463
12/16/2002,LZU,GA,ASO,ES,Federal Contract Tower,0,2,39,0,41,0,5,232,0,237,0,7,271,0,278,56,0,56,334
12/17/2002,LZU,GA,ASO,ES,Federal Contract Tower,0,5,42,0,47,0,6,149,0,155,0,11,191,0,202,158,0,158,360
12/18/2002,LZU,GA,ASO,ES,Federal Contract Tower,0,7,47,0,54,0,5,72,0,77,0,12,119,0,131,166,0,166,297
12/19/2002,LZU,GA,ASO,ES,Federal Contract Tower,0,9,35,0,44,0,2,42,0,44,0,11,77,0,88,2,0,2,90
12/20/2002,LZU,GA,ASO,ES,Federal Contract Tower,0,1,50,0,51,0,0,70,2,72,0,1,120,2,123,28,0,28,151
12/21/2002,LZU,GA,ASO,ES,Federal Contract Tower,0,0,35,0,35,0,0,356,0,356,0,0,391,0,391,122,0,122,513
12/22/2002,LZU,GA,ASO,ES,Federal Contract Tower,0,2,25,0,27,0,0,125,0,125,0,2,150,0,152,82,0,82,234
12/23/2002,LZU,GA,ASO,ES,Federal Contract Tower,0,3,34,0,37,0,6,229,0,235,0,9,263,0,272,168,0,168,440
12/24/2002,LZU,GA,ASO,ES,Federal Contract Tower,0,6,9,0,15,0,0,0,0,0,0,6,9,0,15,0,0,0,15
12/25/2002,LZU,GA,ASO,ES,Federal Contract Tower,0,1,8,0,9,0,0,13,0,13,0,1,21,0,22,8,0,8,30
12/26/2002,LZU,GA,ASO,ES,Federal Contract Tower,0,6,34,0,40,0,4,146,0,150,0,10,180,0,190,62,0,62,252
12/27/2002,LZU,GA,ASO,ES,Federal Contract Tower,0,4,43,0,47,0,0,179,0,179,0,4,222,0,226,138,0,138,364
12/28/2002,LZU,GA,ASO,ES,Federal Contract Tower,0,0,31,0,31,0,0,223,0,223,0,0,254,0,254,164,0,164,418
12/29/2002,LZU,GA,ASO,ES,Federal Contract Tower,0,1,40,0,41,0,0,265,0,265,0,1,305,0,306,124,0,124,430
12/30/2002,LZU,GA,ASO,ES,Federal Contract Tower,0,4,41,0,45,0,3,197,0,200,0,7,238,0,245,146,0,146,391
12/31/2002,LZU,GA,ASO,ES,Federal Contract Tower,0,9,27,0,36,0,1,57,0,58,0,10,84,0,94,76,0,76,170
01/01/2003,LZU,GA,ASO,ES,Federal Contract Tower,0,0,25,0,25,0,0,9,0,9,0,0,34,0,34,20,0,20,54
01/02/2003,LZU,GA,ASO,ES,Federal Contract Tower,0,7,66,0,73,0,2,46,0,48,0,9,112,0,121,30,0,30,151
01/03/2003,LZU,GA,ASO,ES,Federal Contract Tower,0,7,31,0,38,0,2,26,0,28,0,9,57,0,66,0,0,0,66
01/04/2003,LZU,GA,ASO,ES,Federal Contract Tower,0,1,44,0,45,0,0,234,0,234,0,1,278,0,279,194,0,194,473
01/05/2003,LZU,GA,ASO,ES,Federal Contract Tower,0,2,25,0,27,0,0,222,0,222,0,2,247,0,249,98,0,98,347
01/06/2003,LZU,GA,ASO,ES,Federal Contract Tower,0,3,31,0,34,0,2,58,0,60,0,5,89,0,94,42,0,42,136
01/07/2003,LZU,GA,ASO,ES,Federal Contract Tower,0,5,34,0,39,0,4,157,0,161,0,9,191,0,200,130,0,130,330
01/08/2003,LZU,GA,ASO,ES,Federal Contract Tower,0,1,44,0,45,0,6,105,0,111,0,7,149,0,156,52,0,52,208
01/09/2003,LZU,GA,ASO,ES,Federal Contract Tower,0,3,43,0,46,0,5,160,2,167,0,8,203,2,213,100,0,100,313
01/10/2003,LZU,GA,ASO,ES,Federal Contract Tower,0,1,38,0,39,0,0,105,0,105,0,1,143,0,144,66,0,66,210
01/11/2003,LZU,GA,ASO,ES,Federal Contract Tower,0,0,24,0,24,0,0,277,0,277,0,0,301,0,301,106,0,106,407
01/12/2003,LZU,GA,ASO,ES,Federal Contract Tower,0,1,25,0,26,0,1,228,0,229,0,2,253,0,255,160,0,160,415
01/13/2003,LZU,GA,ASO,ES,Federal Contract Tower,0,2,32,0,34,0,6,110,0,116,0,8,142,0,150,116,0,116,266
01/14/2003,LZU,GA,ASO,ES,Federal Contract Tower,0,1,43,0,44,0,5,172,0,177,0,6,215,0,221,62,0,62,283
01/15/2003,LZU,GA,ASO,ES,Federal Contract Tower,0,2,37,0,39,0,6,174,0,180,0,8,211,0,219,100,0,100,319
01/16/2003,LZU,GA,ASO,ES,Federal Contract Tower,0,8,24,0,32,0,0,76,0,76,0,8,100,0,108,60,0,60,168
01/17/2003,LZU,GA,ASO,ES,Federal Contract Tower,0,3,30,0,33,0,1,64,0,65,0,4,94,0,98,70,0,70,168
01/18/2003,LZU,GA,ASO,ES,Federal Contract Tower,0,0,26,0,26,0,0,309,0,309,0,0,335,0,335,174,0,174,509
01/19/2003,LZU,GA,ASO,ES,Federal Contract Tower,0,0,17,0,17,0,0,171,0,171,0,0,188,0,188,104,0,104,292
01/20/2003,LZU,GA,ASO,ES,Federal Contract Tower,0,4,50,0,54,0,2,98,0,100,0,6,148,0,154,80,0,80,234
01/21/2003,LZU,GA,ASO,ES,Federal Contract Tower,0,6,52,0,58,0,2,62,0,64,0,8,114,0,122,70,0,70,192
01/22/2003,LZU,GA,ASO,ES,Federal Contract Tower,0,4,33,0,37,0,6,40,0,46,0,10,73,0,83,48,0,48,131
01/23/2003,LZU,GA,ASO,ES,Federal Contract Tower,0,2,28,0,30,0,5,25,0,30,0,7,53,0,60,16,0,16,76
01/24/2003,LZU,GA,ASO,ES,Federal Contract Tower,0,2,42,0,44,0,0,161,4,165,0,2,203,4,209,86,0,86,295
01/25/2003,LZU,GA,ASO,ES,Federal Contract Tower,0,0,19,0,19,0,0,331,0,331,0,0,350,0,350,92,0,92,442
01/26/2003,LZU,GA,ASO,ES,Federal Contract Tower,0,2,27,0,29,0,0,125,0,125,0,2,152,0,154,126,0,126,280
01/27/2003,LZU,GA,ASO,ES,Federal Contract Tower,0,3,29,0,32,0,3,154,0,157,0,6,183,0,189,124,0,124,313
01/28/2003,LZU,GA,ASO,ES,Federal Contract Tower,0,1,46,0,47,0,6,170,0,176,0,7,216,0,223,108,0,108,331
01/29/2003,LZU,GA,ASO,ES,Federal Contract Tower,0,7,52,0,59,0,1,40,0,41,0,8,92,0,100,26,0,26,126
01/30/2003,LZU,GA,ASO,ES,Federal Contract Tower,0,9,41,0,50,0,0,0,0,0,0,9,41,0,50,0,0,0,50
01/31/2003,LZU,GA,ASO,ES,Federal Contract Tower,0,4,46,0,50,0,0,113,0,113,0,4,159,0,163,82,0,82,245
02/01/2003,LZU,GA,ASO,ES,Federal Contract Tower,0,0,19,0,19,0,0,187,0,187,0,0,206,0,206,34,0,34,240
02/02/2003,LZU,GA,ASO,ES,Federal Contract Tower,0,0,31,0,31,0,0,249,0,249,0,0,280,0,280,168,0,168,448
02/03/2003,LZU,GA,ASO,ES,Federal Contract Tower,0,2,55,0,57,0,0,105,0,105,0,2,160,0,162,138,0,138,300
02/04/2003,LZU,GA,ASO,ES,Federal Contract Tower,0,2,32,0,34,0,1,42,0,43,0,3,74,0,77,16,0,16,93
02/05/2003,LZU,GA,ASO,ES,Federal Contract Tower,0,4,62,0,66,0,1,187,0,188,0,5,249,0,254,112,0,112,366
02/06/2003,LZU,GA,ASO,ES,Federal Contract Tower,0,8,44,0,52,0,1,8,0,9,0,9,52,0,61,48,0,48,109
02/07/2003,LZU,GA,ASO,ES,Federal Contract Tower,0,1,49,0,50,0,5,20,0,25,0,6,69,0,75,20,0,20,95
02/08/2003,LZU,GA,ASO,ES,Federal Contract Tower,0,1,17,0,18,0,0,229,0,229,0,1,246,0,247,90,0,90,337
02/09/2003,LZU,GA,ASO,ES,Federal Contract Tower,0,2,30,0,32,0,0,204,0,204,0,2,234,0,236,84,0,84,320
02/10/2003,LZU,GA,ASO,ES,Federal Contract Tower,0,0,29,0,29,0,7,29,0,36,0,7,58,0,65,0,0,0,65
02/11/2003,LZU,GA,ASO,ES,Federal Contract Tower,0,3,40,0,43,0,0,201,0,201,0,3,241,0,244,86,0,86,330
02/12/2003,LZU,GA,ASO,ES,Federal Contract Tower,0,1,38,0,39,0,6,121,0,127,0,7,159,0,166,40,0,40,206
02/13/2003,LZU,GA,ASO,ES,Federal Contract Tower,0,7,45,0,52,0,3,191,0,194,0,10,236,0,246,138,0,138,384
02/14/2003,LZU,GA,ASO,ES,Federal Contract Tower,0,5,43,0,48,0,5,102,0,107,0,10,145,0,155,112,0,112,267
02/15/2003,LZU,GA,ASO,ES,Federal Contract Tower,0,1,39,0,40,0,0,35,0,35,0,1,74,0,75,12,0,12,87
02/16/2003,LZU,GA,ASO,ES,Federal Contract Tower,0,0,21,0,21,0,0,0,0,0,0,0,21,0,21,0,0,0,21
02/17/2003,LZU,GA,ASO,ES,Federal Contract Tower,0,9,41,0,50,0,0,8,0,8,0,9,49,0,58,0,0,0,58
02/18/2003,LZU,GA,ASO,ES,Federal Contract Tower,0,6,54,0,60,0,0,92,0,92,0,6,146,0,152,70,0,70,222
02/19/2003,LZU,GA,ASO,ES,Federal Contract Tower,0,4,44,0,48,0,3,199,0,202,0,7,243,0,250,134,0,134,384
02/20/2003,LZU,GA,ASO,ES,Federal Contract Tower,0,11,49,0,60,0,5,185,0,190,0,16,234,0,250,108,0,108,358
02/21/2003,LZU,GA,ASO,ES,Federal Contract Tower,0,10,53,0,63,0,2,17,0,19,0,12,70,0,82,14,0,14,96
02/22/2003,LZU,GA,ASO,ES,Federal Contract Tower,0,1,19,0,20,0,0,18,0,18,0,1,37,0,38,16,0,16,54
02/23/2003,LZU,GA,ASO,ES,Federal Contract Tower,0,4,28,0,32,0,0,170,0,170,0,4,198,0,202,102,0,102,304
02/24/2003,LZU,GA,ASO,ES,Federal Contract Tower,0,2,45,0,47,0,5,155,0,160,0,7,200,0,207,104,0,104,311
02/25/2003,LZU,GA,ASO,ES,Federal Contract Tower,0,3,67,0,70,0,5,181,0,186,0,8,248,0,256,74,0,74,330
02/26/2003,LZU,GA,ASO,ES,Federal Contract Tower,0,7,33,0,40,0,0,10,0,10,0,7,43,0,50,4,0,4,54
02/27/2003,LZU,GA,ASO,ES,Federal Contract Tower,0,10,35,0,45,0,0,0,0,0,0,10,35,0,45,0,0,0,45
02/28/2003,LZU,GA,ASO,ES,Federal Contract Tower,0,3,67,0,70,0,4,145,0,149,0,7,212,0,219,90,0,90,309
03/01/2003,LZU,GA,ASO,ES,Federal Contract Tower,0,0,33,0,33,0,0,0,0,0,0,0,33,0,33,0,0,0,33
03/02/2003,LZU,GA,ASO,ES,Federal Contract Tower,0,0,45,0,45,0,1,23,0,24,0,1,68,0,69,4,0,4,73
03/03/2003,LZU,GA,ASO,ES,Federal Contract Tower,0,1,30,0,31,0,5,255,0,260,0,6,285,0,291,144,0,144,435
03/04/2003,LZU,GA,ASO,ES,Federal Contract Tower,0,8,49,0,57,0,1,120,0,121,0,9,169,0,178,94,0,94,272
03/05/2003,LZU,GA,ASO,ES,Federal Contract Tower,0,6,62,0,68,0,5,7,0,12,0,11,69,0,80,26,0,26,106
03/06/2003,LZU,GA,ASO,ES,Federal Contract Tower,0,4,52,0,56,0,3,40,0,43,0,7,92,0,99,38,0,38,137
03/07/2003,LZU,GA,ASO,ES,Federal Contract Tower,0,6,57,0,63,0,5,185,4,194,0,11,242,4,257,84,0,84,341
03/08/2003,LZU,GA,ASO,ES,Federal Contract Tower,0,1,39,0,40,0,0,185,0,185,0,1,224,0,225,46,0,46,271
03/09/2003,LZU,GA,ASO,ES,Federal Contract Tower,0,4,30,0,34,0,1,262,0,263,0,5,292,0,297,114,0,114,411
03/10/2003,LZU,GA,ASO,ES,Federal Contract Tower,0,1,35,0,36,0,5,222,0,227,0,6,257,0,263,126,0,126,389
03/11/2003,LZU,GA,ASO,ES,Federal Contract Tower,0,2,29,0,31,0,1,259,0,260,0,3,288,0,291,138,0,138,429
03/12/2003,LZU,GA,ASO,ES,Federal Contract Tower,0,3,41,0,44,0,3,157,0,160,0,6,198,0,204,122,0,122,326
03/13/2003,LZU,GA,ASO,ES,Federal Contract Tower,0,1,45,0,46,0,6,105,0,111,0,7,150,0,157,106,0,106,263
03/14/2003,LZU,GA,ASO,ES,Federal Contract Tower,0,9,58,0,67,0,1,67,0,68,0,10,125,0,135,98,0,98,233
03/15/2003,LZU,GA,ASO,ES,Federal Contract Tower,0,0,50,0,50,0,0,4,0,4,0,0,54,0,54,0,0,0,54
03/16/2003,LZU,GA,ASO,ES,Federal Contract Tower,0,2,48,0,50,0,0,107,0,107,0,2,155,0,157,82,0,82,239
03/17/2003,LZU,GA,ASO,ES,Federal Contract Tower,0,9,43,0,52,0,0,2,0,2,0,9,45,0,54,0,0,0,54
03/18/2003,LZU,GA,ASO,ES,Federal Contract Tower,0,7,46,0,53,0,0,0,0,0,0,7,46,0,53,0,0,0,53
03/19/2003,LZU,GA,ASO,ES,Federal Contract Tower,0,10,57,0,67,0,0,0,0,0,0,10,57,0,67,0,0,0,67
03/20/2003,LZU,GA,ASO,ES,Federal Contract Tower,0,10,59,0,69,0,0,0,0,0,0,10,59,0,69,0,0,0,69
03/21/2003,LZU,GA,ASO,ES,Federal Contract Tower,0,3,71,0,74,0,4,141,0,145,0,7,212,0,219,70,0,70,289
03/22/2003,LZU,GA,ASO,ES,Federal Contract Tower,0,5,42,0,47,0,0,352,0,352,0,5,394,0,399,86,0,86,485
03/23/2003,LZU,GA,ASO,ES,Federal Contract Tower,0,1,49,0,50,0,0,223,0,223,0,1,272,0,273,94,0,94,367
03/24/2003,LZU,GA,ASO,ES,Federal Contract Tower,0,2,40,0,42,0,1,181,0,182,0,3,221,0,224,54,0,54,278
03/25/2003,LZU,GA,ASO,ES,Federal Contract Tower,0,2,45,0,47,0,2,172,2,176,0,4,217,2,223,94,0,94,317
03/26/2003,LZU,GA,ASO,ES,Federal Contract Tower,0,2,49,0,51,0,5,94,0,99,0,7,143,0,150,116,0,116,266
03/27/2003,LZU,GA,ASO,ES,Federal Contract Tower,0,2,53,0,55,0,4,131,0,135,0,6,184,0,190,90,0,90,280
03/28/2003,LZU,GA,ASO,ES,Federal Contract Tower,0,3,56,0,59,0,5,82,1,88,0,8,138,1,147,100,4,104,251
03/29/2003,LZU,GA,ASO,ES,Federal Contract Tower,0,0,28,0,28,0,0,120,0,120,0,0,148,0,148,152,0,152,300
03/30/2003,LZU,GA,ASO,ES,Federal Contract Tower,0,8,42,0,50,0,0,14,0,14,0,8,56,0,64,12,0,12,76
03/31/2003,LZU,GA,ASO,ES,Federal Contract Tower,0,9,43,0,52,0,3,172,0,175,0,12,215,0,227,56,0,56,283
04/01/2003,LZU,GA,ASO,ES,Federal Contract Tower,0,18,42,0,60,0,9,187,0,196,0,27,229,0,256,28,0,28,284
04/02/2003,LZU,GA,ASO,ES,Federal Contract Tower,0,8,49,0,57,0,3,172,0,175,0,11,221,0,232,90,0,90,322
04/03/2003,LZU,GA,ASO,ES,Federal Contract Tower,0,8,57,0,65,0,4,177,0,181,0,12,234,0,246,48,0,48,294
04/04/2003,LZU,GA,ASO,ES,Federal Contract Tower,0,10,59,0,69,0,1,151,0,152,0,11,210,0,221,118,0,118,339
04/05/2003,LZU,GA,ASO,ES,Federal Contract Tower,0,6,44,0,50,0,0,75,0,75,0,6,119,0,125,58,0,58,183
04/06/2003,LZU,GA,ASO,ES,Federal Contract Tower,0,18,46,0,64,0,0,108,0,108,0,18,154,0,172,94,0,94,266
04/07/2003,LZU,GA,ASO,ES,Federal Contract Tower,0,11,43,0,54,0,0,0,0,0,0,11,43,0,54,0,0,0,54
04/08/2003,LZU,GA,ASO,ES,Federal Contract Tower,0,8,46,0,54,0,0,0,0,0,0,8,46,0,54,0,0,0,54
04/09/2003,LZU,GA,ASO,ES,Federal Contract Tower,0,12,50,0,62,0,0,0,0,0,0,12,50,0,62,0,0,0,62
04/10/2003,LZU,GA,ASO,ES,Federal Contract Tower,0,11,41,0,52,0,0,0,0,0,0,11,41,0,52,0,0,0,52
04/11/2003,LZU,GA,ASO,ES,Federal Contract Tower,0,5,59,0,64,0,2,116,0,118,0,7,175,0,182,102,0,102,284
04/12/2003,LZU,GA,ASO,ES,Federal Contract Tower,0,0,33,0,33,0,0,316,0,316,0,0,349,0,349,92,0,92,441
04/13/2003,LZU,GA,ASO,ES,Federal Contract Tower,0,1,38,0,39,0,0,277,0,277,0,1,315,0,316,144,0,144,460
04/14/2003,LZU,GA,ASO,ES,Federal Contract Tower,0,8,48,0,56,0,7,195,0,202,0,15,243,0,258,100,0,100,358
04/15/2003,LZU,GA,ASO,ES,Federal Contract Tower,0,5,52,0,57,0,4,135,0,139,0,9,187,0,196,104,0,104,300
04/16/2003,LZU,GA,ASO,ES,Federal Contract Tower,0,3,50,0,53,0,5,175,0,180,0,8,225,0,233,132,0,132,365
04/17/2003,LZU,GA,ASO,ES,Federal Contract Tower,0,6,56,0,62,0,0,57,0,57,0,6,113,0,119,32,0,32,151
04/18/2003,LZU,GA,ASO,ES,Federal Contract Tower,0,12,68,0,80,0,0,1,0,1,0,12,69,0,81,0,0,0,81
04/19/2003,LZU,GA,ASO,ES,Federal Contract Tower,0,0,52,0,52,0,0,55,0,55,0,0,107,0,107,70,0,70,177
04/20/2003,LZU,GA,ASO,ES,Federal Contract Tower,0,0,43,0,43,0,0,0,0,0,0,0,43,0,43,0,0,0,43
04/21/2003,LZU,GA,ASO,ES,Federal Contract Tower,0,5,53,0,58,0,2,19,0,21,0,7,72,0,79,48,0,48,127
04/22/2003,LZU,GA,ASO,ES,Federal Contract Tower,0,0,37,0,37,0,0,114,0,114,0,0,151,0,151,14,0,14,165
04/23/2003,LZU,GA,ASO,ES,Federal Contract Tower,0,5,38,0,43,0,4,274,0,278,0,9,312,0,321,102,0,102,423
04/24/2003,LZU,GA,ASO,ES,Federal Contract Tower,0,2,52,0,54,0,2,116,0,118,0,4,168,0,172,234,0,234,406
04/25/2003,LZU,GA,ASO,ES,Federal Contract Tower,0,6,51,0,57,0,3,8,0,11,0,9,59,0,68,14,0,14,82
04/26/2003,LZU,GA,ASO,ES,Federal Contract Tower,0,1,49,0,50,0,0,277,0,277,0,1,326,0,327,102,0,102,429
04/27/2003,LZU,GA,ASO,ES,Federal Contract Tower,0,3,39,0,42,0,0,317,0,317,0,3,356,0,359,142,0,142,501
04/28/2003,LZU,GA,ASO,ES,Federal Contract Tower,0,3,32,0,35,0,5,210,0,215,0,8,242,0,250,154,0,154,404
04/29/2003,LZU,GA,ASO,ES,Federal Contract Tower,0,4,53,0,57,0,0,148,0,148,0,4,201,0,205,142,0,142,347
04/30/2003,LZU,GA,ASO,ES,Federal Contract Tower,0,7,50,0,57,0,1,134,0,135,0,8,184,0,192,120,0,120,312
05/01/2003,LZU,GA,ASO,ES,Federal Contract Tower,0,14,62,0,76,0,1,108,0,109,0,15,170,0,185,84,0,84,269
05/02/2003,LZU,GA,ASO,ES,Federal Contract Tower,0,6,48,0,54,0,0,280,0,280,0,6,328,0,334,8,0,8,342
05/03/2003,LZU,GA,ASO,ES,Federal Contract Tower,0,2,57,0,59,0,0,373,0,373,0,2,430,0,432,44,0,44,476
05/04/2003,LZU,GA,ASO,ES,Federal Contract Tower,0,2,41,0,43,0,0,299,0,299,0,2,340,0,342,40,0,40,382
05/05/2003,LZU,GA,ASO,ES,Federal Contract Tower,0,7,27,0,34,0,0,1,0,1,0,7,28,0,35,0,0,0,35
05/06/2003,LZU,GA,ASO,ES,Federal Contract Tower,0,5,30,0,35,0,0,1,0,1,0,5,31,0,36,0,0,0,36
05/07/2003,LZU,GA,ASO,ES,Federal Contract Tower,0,5,27,0,32,0,1,32,0,33,0,6,59,0,65,2,0,2,67
05/08/2003,LZU,GA,ASO,ES,Federal Contract Tower,0,3,56,0,59,0,4,65,0,69,0,7,121,0,128,74,0,74,202
05/09/2003,LZU,GA,ASO,ES,Federal Contract Tower,0,1,47,1,49,0,4,117,0,121,0,5,164,1,170,98,0,98,268
05/10/2003,LZU,GA,ASO,ES,Federal Contract Tower,0,3,37,0,40,0,0,186,0,186,0,3,223,0,226,50,0,50,276
05/11/2003,LZU,GA,ASO,ES,Federal Contract Tower,0,1,31,0,32,0,0,19,0,19,0,1,50,0,51,0,0,0,51
05/12/2003,LZU,GA,ASO,ES,Federal Contract Tower,0,4,28,0,32,0,6,101,0,107,0,10,129,0,139,54,0,54,193
05/13/2003,LZU,GA,ASO,ES,Federal Contract Tower,0,5,43,0,48,0,1,197,0,198,0,6,240,0,246,86,0,86,332
05/14/2003,LZU,GA,ASO,ES,Federal Contract Tower,0,5,52,0,57,0,0,116,0,116,0,5,168,0,173,72,0,72,245
05/15/2003,LZU,GA,ASO,ES,Federal Contract Tower,0,6,39,0,45,0,1,5,0,6,0,7,44,0,51,14,0,14,65
05/16/2003,LZU,GA,ASO,ES,Federal Contract Tower,0,5,64,0,69,0,5,53,0,58,0,10,117,0,127,20,0,20,147
05/17/2003,LZU,GA,ASO,ES,Federal Contract Tower,0,4,43,0,47,0,0,4,0,4,0,4,47,0,51,4,0,4,55
05/18/2003,LZU,GA,ASO,ES,Federal Contract Tower,0,3,42,1,46,0,0,0,0,0,0,3,42,1,46,0,0,0,46
05/19/2003,LZU,GA,ASO,ES,Federal Contract Tower,0,9,41,0,50,0,0,0,0,0,0,9,41,0,50,0,0,0,50
05/20/2003,LZU,GA,ASO,ES,Federal Contract Tower,0,4,46,0,50,0,4,53,0,57,0,8,99,0,107,8,0,8,115
05/21/2003,LZU,GA,ASO,ES,Federal Contract Tower,0,6,53,0,59,0,0,12,0,12,0,6,65,0,71,24,0,24,95
05/22/2003,LZU,GA,ASO,ES,Federal Contract Tower,0,6,61,0,67,0,0,0,0,0,0,6,61,0,67,0,0,0,67
05/23/2003,LZU,GA,ASO,ES,Federal Contract Tower,0,2,81,0,83,0,4,121,0,125,0,6,202,0,208,52,0,52,260
05/24/2003,LZU,GA,ASO,ES,Federal Contract Tower,0,0,57,0,57,0,0,189,0,189,0,0,246,0,246,90,0,90,336
05/25/2003,LZU,GA,ASO,ES,Federal Contract Tower,0,0,30,0,30,0,0,216,0,216,0,0,246,0,246,136,0,136,382
05/26/2003,LZU,GA,ASO,ES,Federal Contract Tower,0,0,73,0,73,0,0,129,0,129,0,0,202,0,202,60,0,60,262
05/27/2003,LZU,GA,ASO,ES,Federal Contract Tower,0,2,39,0,41,0,0,187,0,187,0,2,226,0,228,82,0,82,310
05/28/2003,LZU,GA,ASO,ES,Federal Contract Tower,0,9,57,0,66,0,0,200,0,200,0,9,257,0,266,100,0,100,366
05/29/2003,LZU,GA,ASO,ES,Federal Contract Tower,0,4,43,0,47,0,5,76,0,81,0,9,119,0,128,72,2,74,202
05/30/2003,LZU,GA,ASO,ES,Federal Contract Tower,0,2,52,0,54,0,6,245,0,251,0,8,297,0,305,156,0,156,461
05/31/2003,LZU,GA,ASO,ES,Federal Contract Tower,0,0,28,0,28,0,0,163,0,163,0,0,191,0,191,42,0,42,233
06/01/2003,LZU,GA,ASO,ES,Federal Contract Tower,0,0,37,0,37,0,0,260,0,260,0,0,297,0,297,120,0,120,417
06/02/2003,LZU,GA,ASO,ES,Federal Contract Tower,0,9,38,0,47,0,1,170,0,171,0,10,208,0,218,74,0,74,292
06/03/2003,LZU,GA,ASO,ES,Federal Contract Tower,0,7,48,0,55,0,0,15,0,15,0,7,63,0,70,6,0,6,76
06/04/2003,LZU,GA,ASO,ES,Federal Contract Tower,0,3,56,0,59,0,2,113,0,115,0,5,169,0,174,88,0,88,262
06/05/2003,LZU,GA,ASO,ES,Federal Contract Tower,0,3,56,0,59,0,4,213,0,217,0,7,269,0,276,108,0,108,384
06/06/2003,LZU,GA,ASO,ES,Federal Contract Tower,0,6,51,0,57,0,1,74,0,75,0,7,125,0,132,70,0,70,202
06/07/2003,LZU,GA,ASO,ES,Federal Contract Tower,0,1,30,0,31,0,0,24,0,24,0,1,54,0,55,28,0,28,83
06/08/2003,LZU,GA,ASO,ES,Federal Contract Tower,0,1,46,0,47,0,0,90,0,90,0,1,136,0,137,30,0,30,167
06/09/2003,LZU,GA,ASO,ES,Federal Contract Tower,0,1,49,0,50,0,6,180,0,186,0,7,229,0,236,62,0,62,298
06/10/2003,LZU,GA,ASO,ES,Federal Contract Tower,0,8,48,0,56,0,0,236,0,236,0,8,284,0,292,132,0,132,424
06/11/2003,LZU,GA,ASO,ES,Federal Contract Tower,0,5,62,0,67,0,13,163,0,176,0,18,225,0,243,78,0,78,321
06/12/2003,LZU,GA,ASO,ES,Federal Contract Tower,0,8,64,0,72,0,2,52,0,54,0,10,116,0,126,6,0,6,132
06/13/2003,LZU,GA,ASO,ES,Federal Contract Tower,0,13,63,0,76,0,1,7,0,8,0,14,70,0,84,32,0,32,116
06/14/2003,LZU,GA,ASO,ES,Federal Contract Tower,0,0,37,0,37,0,0,22,0,22,0,0,59,0,59,2,0,2,61
06/15/2003,LZU,GA,ASO,ES,Federal Contract Tower,0,0,54,0,54,0,0,90,0,90,0,0,144,0,144,60,0,60,204
06/16/2003,LZU,GA,ASO,ES,Federal Contract Tower,0,5,44,0,49,0,2,91,0,93,0,7,135,0,142,132,0,132,274
06/17/2003,LZU,GA,ASO,ES,Federal Contract Tower,0,7,51,0,58,0,0,64,0,64,0,7,115,0,122,54,0,54,176
06/18/2003,LZU,GA,ASO,ES,Federal Contract Tower,0,5,48,0,53,0,1,4,0,5,0,6,52,0,58,0,0,0,58
06/19/2003,LZU,GA,ASO,ES,Federal Contract Tower,0,5,60,0,65,0,5,107,0,112,0,10,167,0,177,70,0,70,247
06/20/2003,LZU,GA,ASO,ES,Federal Contract Tower,0,3,47,0,50,0,4,160,0,164,0,7,207,0,214,106,0,106,320
06/21/2003,LZU,GA,ASO,ES,Federal Contract Tower,0,2,22,0,24,0,0,350,0,350,0,2,372,0,374,102,0,102,476
06/22/2003,LZU,GA,ASO,ES,Federal Contract Tower,0,0,40,0,40,0,0,299,0,299,0,0,339,0,339,112,0,112,451
06/23/2003,LZU,GA,ASO,ES,Federal Contract Tower,0,2,41,0,43,0,0,225,0,225,0,2,266,0,268,146,0,146,414
06/24/2003,LZU,GA,ASO,ES,Federal Contract Tower,0,4,36,0,40,0,3,195,0,198,0,7,231,0,238,172,0,172,410
06/25/2003,LZU,GA,ASO,ES,Federal Contract Tower,0,3,59,0,62,0,4,146,0,150,0,7,205,0,212,130,0,130,342
06/26/2003,LZU,GA,ASO,ES,Federal Contract Tower,0,5,57,0,62,0,3,162,0,165,0,8,219,0,227,94,0,94,321
06/27/2003,LZU,GA,ASO,ES,Federal Contract Tower,0,5,60,1,66,0,1,80,0,81,0,6,140,1,147,82,2,84,231
06/28/2003,LZU,GA,ASO,ES,Federal Contract Tower,0,0,32,0,32,0,0,68,0,68,0,0,100,0,100,60,0,60,160
06/29/2003,LZU,GA,ASO,ES,Federal Contract Tower,0,4,43,0,47,0,0,62,0,62,0,4,105,0,109,56,0,56,165
06/30/2003,LZU,GA,ASO,ES,Federal Contract Tower,0,7,48,0,55,0,0,112,0,112,0,7,160,0,167,74,0,74,241
07/01/2003,LZU,GA,ASO,ES,Federal Contract Tower,0,10,27,0,37,0,0,1,0,1,0,10,28,0,38,0,0,0,38
07/02/2003,LZU,GA,ASO,ES,Federal Contract Tower,0,2,50,0,52,0,4,76,0,80,0,6,126,0,132,48,0,48,180
07/03/2003,LZU,GA,ASO,ES,Federal Contract Tower,0,2,52,0,54,0,5,191,0,196,0,7,243,0,250,66,0,66,316
07/04/2003,LZU,GA,ASO,ES,Federal Contract Tower,0,0,34,0,34,0,0,94,0,94,0,0,128,0,128,12,0,12,140
07/05/2003,LZU,GA,ASO,ES,Federal Contract Tower,0,3,42,0,45,0,0,67,0,67,0,3,109,0,112,52,0,52,164
07/06/2003,LZU,GA,ASO,ES,Federal Contract Tower,0,0,47,0,47,0,0,119,0,119,0,0,166,0,166,92,0,92,258
07/07/2003,LZU,GA,ASO,ES,Federal Contract Tower,0,4,44,0,48,0,3,108,2,113,0,7,152,2,161,114,0,114,275
07/08/2003,LZU,GA,ASO,ES,Federal Contract Tower,0,3,37,0,40,0,3,190,0,193,0,6,227,0,233,76,0,76,309
07/09/2003,LZU,GA,ASO,ES,Federal Contract Tower,0,3,34,0,37,0,3,163,0,166,0,6,197,0,203,72,0,72,275
07/10/2003,LZU,GA,ASO,ES,Federal Contract Tower,0,6,48,0,54,0,0,47,0,47,0,6,95,0,101,42,0,42,143
07/11/2003,LZU,GA,ASO,ES,Federal Contract Tower,0,2,53,0,55,0,4,75,0,79,0,6,128,0,134,116,0,116,250
07/12/2003,LZU,GA,ASO,ES,Federal Contract Tower,0,0,39,0,39,0,0,286,4,290,0,0,325,4,329,46,0,46,375
07/13/2003,LZU,GA,ASO,ES,Federal Contract Tower,0,0,46,0,46,0,0,239,0,239,0,0,285,0,285,162,0,162,447
07/14/2003,LZU,GA,ASO,ES,Federal Contract Tower,0,2,47,0,49,0,5,71,0,76,0,7,118,0,125,76,0,76,201
07/15/2003,LZU,GA,ASO,ES,Federal Contract Tower,0,4,43,0,47,0,4,146,0,150,0,8,189,0,197,138,0,138,335
07/16/2003,LZU,GA,ASO,ES,Federal Contract Tower,0,4,43,0,47,0,3,119,0,122,0,7,162,0,169,112,0,112,281
07/17/2003,LZU,GA,ASO,ES,Federal Contract Tower,0,3,59,0,62,0,4,164,0,168,0,7,223,0,230,98,0,98,328
07/18/2003,LZU,GA,ASO,ES,Federal Contract Tower,0,4,47,0,51,0,5,115,0,120,0,9,162,0,171,32,0,32,203
07/19/2003,LZU,GA,ASO,ES,Federal Contract Tower,0,0,41,0,41,0,0,146,0,146,0,0,187,0,187,144,0,144,331
07/20/2003,LZU,GA,ASO,ES,Federal Contract Tower,0,0,53,0,53,0,2,116,0,118,0,2,169,0,171,30,0,30,201
07/21/2003,LZU,GA,ASO,ES,Federal Contract Tower,0,2,43,0,45,0,3,113,0,116,0,5,156,0,161,54,0,54,215
07/22/2003,LZU,GA,ASO,ES,Federal Contract Tower,0,3,27,0,30,0,3,89,0,92,0,6,116,0,122,84,0,84,206
07/23/2003,LZU,GA,ASO,ES,Federal Contract Tower,0,4,46,0,50,0,4,54,0,58,0,8,100,0,108,58,0,58,166
07/24/2003,LZU,GA,ASO,ES,Federal Contract Tower,0,4,56,0,60,0,4,257,0,261,0,8,313,0,321,116,0,116,437
07/25/2003,LZU,GA,ASO,ES,Federal Contract Tower,0,3,49,0,52,0,4,180,0,184,0,7,229,0,236,60,0,60,296
07/26/2003,LZU,GA,ASO,ES,Federal Contract Tower,0,3,37,0,40,0,2,221,0,223,0,5,258,0,263,104,0,104,367
07/27/2003,LZU,GA,ASO,ES,Federal Contract Tower,0,7,39,0,46,0,0,203,0,203,0,7,242,0,249,104,0,104,353
07/28/2003,LZU,GA,ASO,ES,Federal Contract Tower,0,6,38,0,44,0,6,158,0,164,0,12,196,0,208,84,0,84,292
07/29/2003,LZU,GA,ASO,ES,Federal Contract Tower,0,3,44,0,47,0,2,104,0,106,0,5,148,0,153,30,0,30,183
07/30/2003,LZU,GA,ASO,ES,Federal Contract Tower,0,8,50,0,58,0,3,35,0,38,0,11,85,0,96,34,0,34,130
07/31/2003,LZU,GA,ASO,ES,Federal Contract Tower,0,7,96,0,103,0,5,17,0,22,0,12,113,0,125,2,0,2,127
08/01/2003,LZU,GA,ASO,ES,Federal Contract Tower,0,4,54,0,58,0,6,88,0,94,0,10,142,0,152,22,0,22,174
08/02/2003,LZU,GA,ASO,ES,Federal Contract Tower,0,2,53,0,55,0,0,68,1,69,0,2,121,1,124,8,4,12,136
08/03/2003,LZU,GA,ASO,ES,Federal Contract Tower,0,0,40,0,40,0,0,47,0,47,0,0,87,0,87,14,0,14,101
08/04/2003,LZU,GA,ASO,ES,Federal Contract Tower,0,4,38,0,42,0,6,81,0,87,0,10,119,0,129,108,0,108,237
08/05/2003,LZU,GA,ASO,ES,Federal Contract Tower,0,3,39,0,42,0,2,174,0,176,0,5,213,0,218,32,0,32,250
08/06/2003,LZU,GA,ASO,ES,Federal Contract Tower,0,2,61,0,63,0,0,3,0,3,0,2,64,0,66,4,0,4,70
08/07/2003,LZU,GA,ASO,ES,Federal Contract Tower,0,5,67,0,72,0,4,100,0,104,0,9,167,0,176,48,0,48,224
08/08/2003,LZU,GA,ASO,ES,Federal Contract Tower,0,4,83,0,87,0,3,104,0,107,0,7,187,0,194,36,0,36,230
08/09/2003,LZU,GA,ASO,ES,Federal Contract Tower,0,0,33,0,33,0,0,204,2,206,0,0,237,2,239,88,0,88,327
08/10/2003,LZU,GA,ASO,ES,Federal Contract Tower,0,0,38,0,38,0,0,149,0,149,0,0,187,0,187,74,0,74,261
08/11/2003,LZU,GA,ASO,ES,Federal Contract Tower,0,3,56,0,59,0,3,122,0,125,0,6,178,0,184,70,0,70,254
08/12/2003,LZU,GA,ASO,ES,Federal Contract Tower,0,7,50,0,57,0,0,42,0,42,0,7,92,0,99,46,0,46,145
08/13/2003,LZU,GA,ASO,ES,Federal Contract Tower,0,5,65,0,70,0,4,49,0,53,0,9,114,0,123,44,0,44,167
08/14/2003,LZU,GA,ASO,ES,Federal Contract Tower,0,8,47,0,55,0,0,233,0,233,0,8,280,0,288,92,0,92,380
08/15/2003,LZU,GA,ASO,ES,Federal Contract Tower,0,2,51,0,53,0,4,145,0,149,0,6,196,0,202,96,0,96,298
08/16/2003,LZU,GA,ASO,ES,Federal Contract Tower,0,2,25,0,27,0,0,136,0,136,0,2,161,0,163,62,0,62,225
08/17/2003,LZU,GA,ASO,ES,Federal Contract Tower,0,0,44,0,44,0,0,120,0,120,0,0,164,0,164,40,0,40,204
08/18/2003,LZU,GA,ASO,ES,Federal Contract Tower,0,6,58,0,64,0,6,103,0,109,0,12,161,0,173,110,0,110,283
08/19/2003,LZU,GA,ASO,ES,Federal Contract Tower,0,4,46,0,50,0,2,93,0,95,0,6,139,0,145,72,0,72,217
08/20/2003,LZU,GA,ASO,ES,Federal Contract Tower,0,5,75,0,80,0,2,15,0,17,0,7,90,0,97,34,0,34,131
08/21/2003,LZU,GA,ASO,ES,Federal Contract Tower,0,7,52,0,59,0,0,122,0,122,0,7,174,0,181,62,0,62,243
08/22/2003,LZU,GA,ASO,ES,Federal Contract Tower,0,5,52,0,57,0,2,143,0,145,0,7,195,0,202,28,0,28,230
08/23/2003,LZU,GA,ASO,ES,Federal Contract Tower,0,2,30,0,32,0,0,177,0,177,0,2,207,0,209,58,0,58,267
08/24/2003,LZU,GA,ASO,ES,Federal Contract Tower,0,3,61,0,64,0,0,107,0,107,0,3,168,0,171,48,0,48,219
08/25/2003,LZU,GA,ASO,ES,Federal Contract Tower,0,3,50,0,53,0,8,67,12,87,0,11,117,12,140,30,0,30,170
08/26/2003,LZU,GA,ASO,ES,Federal Contract Tower,0,2,54,0,56,0,2,118,0,120,0,4,172,0,176,38,0,38,214
08/27/2003,LZU,GA,ASO,ES,Federal Contract Tower,0,2,55,0,57,0,3,103,0,106,0,5,158,0,163,82,0,82,245
08/28/2003,LZU,GA,ASO,ES,Federal Contract Tower,0,7,50,0,57,0,2,76,0,78,0,9,126,0,135,28,0,28,163
08/29/2003,LZU,GA,ASO,ES,Federal Contract Tower,0,2,48,0,50,0,2,139,0,141,0,4,187,0,191,126,0,126,317
08/30/2003,LZU,GA,ASO,ES,Federal Contract Tower,0,1,45,0,46,0,0,139,0,139,0,1,184,0,185,40,0,40,225
08/31/2003,LZU,GA,ASO,ES,Federal Contract Tower,0,0,31,0,31,0,0,84,0,84,0,0,115,0,115,46,0,46,161
09/01/2003,LZU,GA,ASO,ES,Federal Contract Tower,0,0,69,0,69,0,2,111,0,113,0,2,180,0,182,112,0,112,294
09/02/2003,LZU,GA,ASO,ES,Federal Contract Tower,0,3,46,0,49,0,3,104,0,107,0,6,150,0,156,50,0,50,206
09/03/2003,LZU,GA,ASO,ES,Federal Contract Tower,0,2,46,0,48,0,6,84,0,90,0,8,130,0,138,34,0,34,172
09/04/2003,LZU,GA,ASO,ES,Federal Contract Tower,0,1,36,0,37,0,6,94,0,100,0,7,130,0,137,100,0,100,237
09/05/2003,LZU,GA,ASO,ES,Federal Contract Tower,0,1,54,0,55,0,3,117,0,120,0,4,171,0,175,60,0,60,235
09/06/2003,LZU,GA,ASO,ES,Federal Contract Tower,0,0,42,0,42,0,0,164,0,164,0,0,206,0,206,62,0,62,268
09/07/2003,LZU,GA,ASO,ES,Federal Contract Tower,0,0,50,0,50,0,1,136,0,137,0,1,186,0,187,52,0,52,239
09/08/2003,LZU,GA,ASO,ES,Federal Contract Tower,0,2,42,0,44,0,8,147,0,155,0,10,189,0,199,108,0,108,307
09/09/2003,LZU,GA,ASO,ES,Federal Contract Tower,0,3,32,0,35,0,1,123,0,124,0,4,155,0,159,94,0,94,253
09/10/2003,LZU,GA,ASO,ES,Federal Contract Tower,0,0,49,0,49,0,5,153,0,158,0,5,202,0,207,106,0,106,313
09/11/2003,LZU,GA,ASO,ES,Federal Contract Tower,0,3,43,0,46,0,4,185,0,189,0,7,228,0,235,102,0,102,337
09/12/2003,LZU,GA,ASO,ES,Federal Contract Tower,0,2,51,0,53,0,5,191,0,196,0,7,242,0,249,84,0,84,333
09/13/2003,LZU,GA,ASO,ES,Federal Contract Tower,0,1,44,0,45,0,1,282,0,283,0,2,326,0,328,160,0,160,488
09/14/2003,LZU,GA,ASO,ES,Federal Contract Tower,0,3,38,0,41,0,1,153,0,154,0,4,191,0,195,122,0,122,317
09/15/2003,LZU,GA,ASO,ES,Federal Contract Tower,0,5,55,0,60,0,3,121,0,124,0,8,176,0,184,104,0,104,288
09/16/2003,LZU,GA,ASO,ES,Federal Contract Tower,0,8,45,0,53,0,0,113,0,113,0,8,158,0,166,124,0,124,290
09/17/2003,LZU,GA,ASO,ES,Federal Contract Tower,0,2,31,0,33,0,4,157,0,161,0,6,188,0,194,138,0,138,332
09/18/2003,LZU,GA,ASO,ES,Federal Contract Tower,0,5,54,0,59,0,3,118,0,121,0,8,172,0,180,108,0,108,288
09/19/2003,LZU,GA,ASO,ES,Federal Contract Tower,0,5,59,0,64,0,4,150,0,154,0,9,209,0,218,82,0,82,300
09/20/2003,LZU,GA,ASO,ES,Federal Contract Tower,0,1,22,0,23,0,0,372,0,372,0,1,394,0,395,104,0,104,499
09/21/2003,LZU,GA,ASO,ES,Federal Contract Tower,0,3,49,0,52,0,1,109,0,110,0,4,158,0,162,60,0,60,222
09/22/2003,LZU,GA,ASO,ES,Federal Contract Tower,0,5,46,0,51,0,1,22,0,23,0,6,68,0,74,0,0,0,74
09/23/2003,LZU,GA,ASO,ES,Federal Contract Tower,0,1,62,0,63,0,2,195,0,197,0,3,257,0,260,92,0,92,352
09/24/2003,LZU,GA,ASO,ES,Federal Contract Tower,0,2,34,0,36,0,3,173,0,176,0,5,207,0,212,154,0,154,366
09/25/2003,LZU,GA,ASO,ES,Federal Contract Tower,0,5,57,0,62,0,3,189,0,192,0,8,246,0,254,100,0,100,354
09/26/2003,LZU,GA,ASO,ES,Federal Contract Tower,0,1,33,0,34,0,4,231,0,235,0,5,264,0,269,106,0,106,375
09/27/2003,LZU,GA,ASO,ES,Federal Contract Tower,0,0,0,0,0,0,0,18,0,18,0,0,18,0,18,0,0,0,18
09/28/2003,LZU,GA,ASO,ES,Federal Contract Tower,0,0,1,0,1,0,0,4,0,4,0,0,5,0,5,0,0,0,5
09/29/2003,LZU,GA,ASO,ES,Federal Contract Tower,0,13,270,0,283,0,0,0,0,0,0,13,270,0,283,104,0,104,387
09/30/2003,LZU,GA,ASO,ES,Federal Contract Tower,0,3,25,0,28,0,3,162,0,165,0,6,187,0,193,102,0,102,295
10/01/2003,LZU,GA,ASO,ES,Federal Contract Tower,0,3,30,0,33,0,3,157,0,160,0,6,187,0,193,80,0,80,273
10/02/2003,LZU,GA,ASO,ES,Federal Contract Tower,0,4,41,0,45,0,0,167,0,167,0,4,208,0,212,124,0,124,336
10/03/2003,LZU,GA,ASO,ES,Federal Contract Tower,0,4,38,0,42,0,3,214,0,217,0,7,252,0,259,66,0,66,325
10/04/2003,LZU,GA,ASO,ES,Federal Contract Tower,0,0,0,0,0,0,0,10,1,11,0,0,10,1,11,18,0,18,29
10/05/2003,LZU,GA,ASO,ES,Federal Contract Tower,0,0,0,0,0,0,0,4,0,4,0,0,4,0,4,0,0,0,4
10/06/2003,LZU,GA,ASO,ES,Federal Contract Tower,0,0,0,0,0,0,0,18,0,18,0,0,18,0,18,10,0,10,28
10/07/2003,LZU,GA,ASO,ES,Federal Contract Tower,0,6,61,0,67,0,3,46,2,51,0,9,107,2,118,60,0,60,178
10/08/2003,LZU,GA,ASO,ES,Federal Contract Tower,0,5,51,0,56,0,1,29,0,30,0,6,80,0,86,42,0,42,128
10/09/2003,LZU,GA,ASO,ES,Federal Contract Tower,0,7,79,0,86,0,4,60,0,64,0,11,139,0,150,62,0,62,212
10/10/2003,LZU,GA,ASO,ES,Federal Contract Tower,0,6,62,0,68,0,0,51,0,51,0,6,113,0,119,68,0,68,187
10/11/2003,LZU,GA,ASO,ES,Federal Contract Tower,0,0,44,0,44,0,0,4,0,4,0,0,48,0,48,0,0,0,48
10/12/2003,LZU,GA,ASO,ES,Federal Contract Tower,0,3,38,0,41,0,0,153,0,153,0,3,191,0,194,108,0,108,302
10/13/2003,LZU,GA,ASO,ES,Federal Contract Tower,0,4,45,0,49,0,5,168,0,173,0,9,213,0,222,96,0,96,318
10/14/2003,LZU,GA,ASO,ES,Federal Contract Tower,0,6,61,0,67,0,0,23,0,23,0,6,84,0,90,0,0,0,90
10/15/2003,LZU,GA,ASO,ES,Federal Contract Tower,0,5,48,0,53,0,0,193,0,193,0,5,241,0,246,64,0,64,310
10/16/2003,LZU,GA,ASO,ES,Federal Contract Tower,0,5,60,0,65,0,6,246,0,252,0,11,306,0,317,126,0,126,443
10/17/2003,LZU,GA,ASO,ES,Federal Contract Tower,0,6,73,0,79,0,4,139,0,143,0,10,212,0,222,104,0,104,326
10/18/2003,LZU,GA,ASO,ES,Federal Contract Tower,0,0,16,0,16,0,0,171,0,171,0,0,187,0,187,30,0,30,217
10/19/2003,LZU,GA,ASO,ES,Federal Contract Tower,0,0,20,0,20,0,0,161,0,161,0,0,181,0,181,8,0,8,189
10/20/2003,LZU,GA,ASO,ES,Federal Contract Tower,0,3,44,0,47,0,4,182,0,186,0,7,226,0,233,96,0,96,329
10/21/2003,LZU,GA,ASO,ES,Federal Contract Tower,0,3,43,0,46,0,2,116,0,118,0,5,159,0,164,40,0,40,204
10/22/2003,LZU,GA,ASO,ES,Federal Contract Tower,0,3,44,0,47,0,1,129,0,130,0,4,173,0,177,84,0,84,261
10/23/2003,LZU,GA,ASO,ES,Federal Contract Tower,0,4,55,0,59,0,3,188,0,191,0,7,243,0,250,122,0,122,372
10/24/2003,LZU,GA,ASO,ES,Federal Contract Tower,0,4,52,0,56,0,10,188,0,198,0,14,240,0,254,126,0,126,380
10/25/2003,LZU,GA,ASO,ES,Federal Contract Tower,0,0,35,0,35,0,0,164,0,164,0,0,199,0,199,56,0,56,255
10/26/2003,LZU,GA,ASO,ES,Federal Contract Tower,0,4,49,0,53,0,3,0,0,3,0,7,49,0,56,0,0,0,56
10/27/2003,LZU,GA,ASO,ES,Federal Contract Tower,0,5,66,0,71,0,3,14,0,17,0,8,80,0,88,28,0,28,116
10/28/2003,LZU,GA,ASO,ES,Federal Contract Tower,0,5,66,0,71,0,5,173,0,178,0,10,239,0,249,108,0,108,357
10/29/2003,LZU,GA,ASO,ES,Federal Contract Tower,0,3,40,0,43,0,4,174,1,179,0,7,214,1,222,108,0,108,330
10/30/2003,LZU,GA,ASO,ES,Federal Contract Tower,0,4,55,0,59,0,4,183,0,187,0,8,238,0,246,142,0,142,388
10/31/2003,LZU,GA,ASO,ES,Federal Contract Tower,0,4,49,0,53,0,7,170,0,177,0,11,219,0,230,124,0,124,354
11/01/2003,LZU,GA,ASO,ES,Federal Contract Tower,0,1,31,0,32,0,0,345,0,345,0,1,376,0,377,90,0,90,467
11/02/2003,LZU,GA,ASO,ES,Federal Contract Tower,0,1,38,0,39,0,0,243,0,243,0,1,281,0,282,142,0,142,424
11/03/2003,LZU,GA,ASO,ES,Federal Contract Tower,0,4,50,0,54,0,0,157,0,157,0,4,207,0,211,72,0,72,283
11/04/2003,LZU,GA,ASO,ES,Federal Contract Tower,0,4,45,0,49,0,2,47,0,49,0,6,92,0,98,72,0,72,170
11/05/2003,LZU,GA,ASO,ES,Federal Contract Tower,0,6,75,0,81,0,1,21,0,22,0,7,96,0,103,30,0,30,133
11/06/2003,LZU,GA,ASO,ES,Federal Contract Tower,0,6,74,0,80,0,3,61,0,64,0,9,135,0,144,0,0,0,144
11/07/2003,LZU,GA,ASO,ES,Federal Contract Tower,0,5,58,0,63,0,0,138,0,138,0,5,196,0,201,136,0,136,337
11/08/2003,LZU,GA,ASO,ES,Federal Contract Tower,0,3,38,0,41,0,0,37,0,37,0,3,75,0,78,28,0,28,106
11/09/2003,LZU,GA,ASO,ES,Federal Contract Tower,0,1,36,0,37,0,0,177,0,177,0,1,213,0,214,60,0,60,274
11/10/2003,LZU,GA,ASO,ES,Federal Contract Tower,0,3,38,0,41,0,4,201,0,205,0,7,239,0,246,116,0,116,362
11/11/2003,LZU,GA,ASO,ES,Federal Contract Tower,0,3,39,0,42,0,3,213,2,218,0,6,252,2,260,88,0,88,348
11/12/2003,LZU,GA,ASO,ES,Federal Contract Tower,0,5,57,0,62,0,2,164,0,166,0,7,221,0,228,104,0,104,332
11/13/2003,LZU,GA,ASO,ES,Federal Contract Tower,0,4,48,0,52,0,4,43,0,47,0,8,91,0,99,2,0,2,101
11/14/2003,LZU,GA,ASO,ES,Federal Contract Tower,0,5,66,0,71,0,1,243,0,244,0,6,309,0,315,114,0,114,429
11/15/2003,LZU,GA,ASO,ES,Federal Contract Tower,0,2,30,0,32,0,0,310,0,310,0,2,340,0,342,128,0,128,470
11/16/2003,LZU,GA,ASO,ES,Federal Contract Tower,0,2,53,0,55,0,0,59,0,59,0,2,112,0,114,56,0,56,170
11/17/2003,LZU,GA,ASO,ES,Federal Contract Tower,0,4,64,0,68,0,4,46,0,50,0,8,110,0,118,40,0,40,158
11/18/2003,LZU,GA,ASO,ES,Federal Contract Tower,0,3,50,0,53,0,9,32,0,41,0,12,82,0,94,18,0,18,112
11/19/2003,LZU,GA,ASO,ES,Federal Contract Tower,0,2,42,0,44,0,10,41,0,51,0,12,83,0,95,0,0,0,95
11/20/2003,LZU,GA,ASO,ES,Federal Contract Tower,0,5,73,0,78,0,4,176,0,180,0,9,249,0,258,122,0,122,380
11/21/2003,LZU,GA,ASO,ES,Federal Contract Tower,0,3,49,0,52,0,3,231,0,234,0,6,280,0,286,148,0,148,434
11/22/2003,LZU,GA,ASO,ES,Federal Contract Tower,0,2,31,0,33,0,1,293,0,294,0,3,324,0,327,190,0,190,517
11/23/2003,LZU,GA,ASO,ES,Federal Contract Tower,0,2,44,0,46,0,0,272,0,272,0,2,316,0,318,130,0,130,448
11/24/2003,LZU,GA,ASO,ES,Federal Contract Tower,0,2,41,0,43,0,7,41,0,48,0,9,82,0,91,8,0,8,99
11/25/2003,LZU,GA,ASO,ES,Federal Contract Tower,0,3,44,0,47,0,3,173,0,176,0,6,217,0,223,122,0,122,345
11/26/2003,LZU,GA,ASO,ES,Federal Contract Tower,0,4,68,0,72,0,2,269,0,271,0,6,337,0,343,124,0,124,467
11/27/2003,LZU,GA,ASO,ES,Federal Contract Tower,0,1,24,0,25,0,0,0,0,0,0,1,24,0,25,0,0,0,25
11/28/2003,LZU,GA,ASO,ES,Federal Contract Tower,0,2,36,0,38,0,3,10,0,13,0,5,46,0,51,0,0,0,51
11/29/2003,LZU,GA,ASO,ES,Federal Contract Tower,0,1,25,0,26,0,2,187,0,189,0,3,212,0,215,160,0,160,375
11/30/2003,LZU,GA,ASO,ES,Federal Contract Tower,0,1,46,0,47,0,0,217,0,217,0,1,263,0,264,70,0,70,334
12/01/2003,LZU,GA,ASO,ES,Federal Contract Tower,0,6,41,0,47,0,2,100,0,102,0,8,141,0,149,42,0,42,191
12/02/2003,LZU,GA,ASO,ES,Federal Contract Tower,0,6,42,0,48,0,4,160,0,164,0,10,202,0,212,94,0,94,306
12/03/2003,LZU,GA,ASO,ES,Federal Contract Tower,0,6,48,0,54,0,4,114,0,118,0,10,162,0,172,102,0,102,274
12/04/2003,LZU,GA,ASO,ES,Federal Contract Tower,0,6,45,0,51,0,0,0,0,0,0,6,45,0,51,0,0,0,51
12/05/2003,LZU,GA,ASO,ES,Federal Contract Tower,0,5,35,0,40,0,3,0,0,3,0,8,35,0,43,0,0,0,43
12/06/2003,LZU,GA,ASO,ES,Federal Contract Tower,0,1,24,0,25,0,0,189,0,189,0,1,213,0,214,138,0,138,352
12/07/2003,LZU,GA,ASO,ES,Federal Contract Tower,0,2,24,0,26,0,0,193,0,193,0,2,217,0,219,112,0,112,331
12/08/2003,LZU,GA,ASO,ES,Federal Contract Tower,0,6,40,0,46,0,4,157,0,161,0,10,197,0,207,54,0,54,261
12/09/2003,LZU,GA,ASO,ES,Federal Contract Tower,0,6,48,0,54,0,0,121,0,121,0,6,169,0,175,138,0,138,313
12/10/2003,LZU,GA,ASO,ES,Federal Contract Tower,0,5,39,0,44,0,4,2,0,6,0,9,41,0,50,0,0,0,50
12/11/2003,LZU,GA,ASO,ES,Federal Contract Tower,0,5,40,0,45,0,3,88,0,91,0,8,128,0,136,52,0,52,188
12/12/2003,LZU,GA,ASO,ES,Federal Contract Tower,0,6,58,0,64,0,0,225,0,225,0,6,283,0,289,142,0,142,431
12/13/2003,LZU,GA,ASO,ES,Federal Contract Tower,0,1,20,0,21,0,0,69,0,69,0,1,89,0,90,118,0,118,208
12/14/2003,LZU,GA,ASO,ES,Federal Contract Tower,0,2,38,0,40,0,0,3,0,3,0,2,41,0,43,4,0,4,47
12/15/2003,LZU,GA,ASO,ES,Federal Contract Tower,0,6,47,0,53,0,4,188,0,192,0,10,235,0,245,120,0,120,365
12/16/2003,LZU,GA,ASO,ES,Federal Contract Tower,0,5,37,0,42,0,1,123,0,124,0,6,160,0,166,168,0,168,334
12/17/2003,LZU,GA,ASO,ES,Federal Contract Tower,0,6,47,0,53,0,0,41,0,41,0,6,88,0,94,8,0,8,102
12/18/2003,LZU,GA,ASO,ES,Federal Contract Tower,0,6,51,0,57,0,1,83,0,84,0,7,134,0,141,58,0,58,199
12/19/2003,LZU,GA,ASO,ES,Federal Contract Tower,0,6,53,0,59,0,5,54,0,59,0,11,107,0,118,16,0,16,134
12/20/2003,LZU,GA,ASO,ES,Federal Contract Tower,0,0,23,0,23,0,0,182,0,182,0,0,205,0,205,126,0,126,331
12/21/2003,LZU,GA,ASO,ES,Federal Contract Tower,0,2,21,0,23,0,1,237,0,238,0,3,258,0,261,120,0,120,381
12/22/2003,LZU,GA,ASO,ES,Federal Contract Tower,0,4,38,0,42,0,5,172,0,177,0,9,210,0,219,110,0,110,329
12/23/2003,LZU,GA,ASO,ES,Federal Contract Tower,0,4,35,0,39,0,3,133,0,136,0,7,168,0,175,90,0,90,265
12/24/2003,LZU,GA,ASO,ES,Federal Contract Tower,0,2,24,0,26,0,4,28,0,32,0,6,52,0,58,8,0,8,66
12/25/2003,LZU,GA,ASO,ES,Federal Contract Tower,0,1,14,0,15,0,1,37,0,38,0,2,51,0,53,6,0,6,59
12/26/2003,LZU,GA,ASO,ES,Federal Contract Tower,0,4,35,0,39,0,4,250,0,254,0,8,285,0,293,106,0,106,399
12/27/2003,LZU,GA,ASO,ES,Federal Contract Tower,0,4,40,0,44,0,1,248,0,249,0,5,288,0,293,128,0,128,421
12/28/2003,LZU,GA,ASO,ES,Federal Contract Tower,0,3,32,0,35,0,3,212,0,215,0,6,244,0,250,56,0,56,306
12/29/2003,LZU,GA,ASO,ES,Federal Contract Tower,0,5,41,0,46,0,5,111,0,116,0,10,152,0,162,64,0,64,226
12/30/2003,LZU,GA,ASO,ES,Federal Contract Tower,0,4,39,0,43,0,2,184,0,186,0,6,223,0,229,86,0,86,315
12/31/2003,LZU,GA,ASO,ES,Federal Contract Tower,0,3,30,0,33,0,3,177,0,180,0,6,207,0,213,118,0,118,331
01/01/2004,LZU,GA,ASO,ES,Federal Contract Tower,0,2,19,0,21,0,0,151,0,151,0,2,170,0,172,44,0,44,216
01/02/2004,LZU,GA,ASO,ES,Federal Contract Tower,0,2,21,0,23,0,3,159,0,162,0,5,180,0,185,102,0,102,287
01/03/2004,LZU,GA,ASO,ES,Federal Contract Tower,0,1,50,0,51,0,0,75,0,75,0,1,125,0,126,116,0,116,242
01/04/2004,LZU,GA,ASO,ES,Federal Contract Tower,0,3,37,0,40,0,0,114,0,114,0,3,151,0,154,98,0,98,252
01/05/2004,LZU,GA,ASO,ES,Federal Contract Tower,0,5,52,0,57,0,3,9,0,12,0,8,61,0,69,0,0,0,69
01/06/2004,LZU,GA,ASO,ES,Federal Contract Tower,0,2,21,0,23,0,3,126,0,129,0,5,147,0,152,114,0,114,266
01/07/2004,LZU,GA,ASO,ES,Federal Contract Tower,0,4,42,0,46,0,4,139,0,143,0,8,181,0,189,172,0,172,361
01/08/2004,LZU,GA,ASO,ES,Federal Contract Tower,0,4,46,0,50,0,4,98,0,102,0,8,144,0,152,142,0,142,294
01/09/2004,LZU,GA,ASO,ES,Federal Contract Tower,0,4,37,0,41,0,2,0,0,2,0,6,37,0,43,38,0,38,81
01/10/2004,LZU,GA,ASO,ES,Federal Contract Tower,0,0,20,0,20,0,0,25,0,25,0,0,45,0,45,10,0,10,55
01/11/2004,LZU,GA,ASO,ES,Federal Contract Tower,0,2,30,0,32,0,0,230,0,230,0,2,260,0,262,82,0,82,344
01/12/2004,LZU,GA,ASO,ES,Federal Contract Tower,0,4,43,0,47,0,2,124,1,127,0,6,167,1,174,150,0,150,324
01/13/2004,LZU,GA,ASO,ES,Federal Contract Tower,0,4,43,0,47,0,3,148,0,151,0,7,191,0,198,156,0,156,354
01/14/2004,LZU,GA,ASO,ES,Federal Contract Tower,0,5,51,0,56,0,1,186,0,187,0,6,237,0,243,180,0,180,423
01/15/2004,LZU,GA,ASO,ES,Federal Contract Tower,0,4,44,0,48,0,2,101,0,103,0,6,145,0,151,114,0,114,265
01/16/2004,LZU,GA,ASO,ES,Federal Contract Tower,0,5,61,0,66,0,1,233,0,234,0,6,294,0,300,276,0,276,576
01/17/2004,LZU,GA,ASO,ES,Federal Contract Tower,0,1,34,0,35,0,0,192,0,192,0,1,226,0,227,108,0,108,335
01/18/2004,LZU,GA,ASO,ES,Federal Contract Tower,0,1,25,0,26,0,0,7,0,7,0,1,32,0,33,0,0,0,33
01/19/2004,LZU,GA,ASO,ES,Federal Contract Tower,0,3,40,0,43,0,6,120,0,126,0,9,160,0,169,86,0,86,255
01/20/2004,LZU,GA,ASO,ES,Federal Contract Tower,0,4,51,0,55,0,1,184,0,185,0,5,235,0,240,80,0,80,320
01/21/2004,LZU,GA,ASO,ES,Federal Contract Tower,0,4,49,0,53,0,1,147,0,148,0,5,196,0,201,106,0,106,307
01/22/2004,LZU,GA,ASO,ES,Federal Contract Tower,0,3,45,0,48,0,4,151,0,155,0,7,196,0,203,30,0,30,233
01/23/2004,LZU,GA,ASO,ES,Federal Contract Tower,0,4,52,0,56,0,2,155,0,157,0,6,207,0,213,118,0,118,331
01/24/2004,LZU,GA,ASO,ES,Federal Contract Tower,0,0,24,0,24,0,0,221,0,221,0,0,245,0,245,74,0,74,319
01/25/2004,LZU,GA,ASO,ES,Federal Contract Tower,0,1,27,0,28,0,0,1,0,1,0,1,28,0,29,0,0,0,29
01/26/2004,LZU,GA,ASO,ES,Federal Contract Tower,0,2,22,0,24,0,10,0,0,10,0,12,22,0,34,0,0,0,34
01/27/2004,LZU,GA,ASO,ES,Federal Contract Tower,0,2,35,0,37,0,7,30,0,37,0,9,65,0,74,0,0,0,74
01/28/2004,LZU,GA,ASO,ES,Federal Contract Tower,0,2,33,0,35,0,4,123,0,127,0,6,156,0,162,52,0,52,214
01/29/2004,LZU,GA,ASO,ES,Federal Contract Tower,0,3,38,0,41,0,4,169,0,173,0,7,207,0,214,86,0,86,300
01/30/2004,LZU,GA,ASO,ES,Federal Contract Tower,0,4,54,0,58,0,5,141,0,146,0,9,195,0,204,70,0,70,274
01/31/2004,LZU,GA,ASO,ES,Federal Contract Tower,0,2,25,0,27,0,0,316,0,316,0,2,341,0,343,128,0,128,471
02/01/2004,LZU,GA,ASO,ES,Federal Contract Tower,0,0,21,0,21,0,0,118,0,118,0,0,139,0,139,66,0,66,205
02/02/2004,LZU,GA,ASO,ES,Federal Contract Tower,0,3,15,0,18,0,7,0,0,7,0,10,15,0,25,0,0,0,25
02/03/2004,LZU,GA,ASO,ES,Federal Contract Tower,0,6,47,0,53,0,8,91,0,99,0,14,138,0,152,66,0,66,218
02/04/2004,LZU,GA,ASO,ES,Federal Contract Tower,0,5,43,0,48,0,5,277,0,282,0,10,320,0,330,172,0,172,502
02/05/2004,LZU,GA,ASO,ES,Federal Contract Tower,0,5,40,0,45,0,0,3,0,3,0,5,43,0,48,0,0,0,48
02/06/2004,LZU,GA,ASO,ES,Federal Contract Tower,0,3,25,0,28,0,7,2,0,9,0,10,27,0,37,8,0,8,45
02/07/2004,LZU,GA,ASO,ES,Federal Contract Tower,0,2,28,0,30,0,0,90,0,90,0,2,118,0,120,34,0,34,154
02/08/2004,LZU,GA,ASO,ES,Federal Contract Tower,0,2,25,0,27,0,0,342,0,342,0,2,367,0,369,146,0,146,515
02/09/2004,LZU,GA,ASO,ES,Federal Contract Tower,0,7,53,0,60,0,2,145,0,147,0,9,198,0,207,116,0,116,323
02/10/2004,LZU,GA,ASO,ES,Federal Contract Tower,0,7,52,0,59,0,3,45,0,48,0,10,97,0,107,0,0,0,107
02/11/2004,LZU,GA,ASO,ES,Federal Contract Tower,0,7,59,0,66,0,1,157,0,158,0,8,216,0,224,68,0,68,292
02/12/2004,LZU,GA,ASO,ES,Federal Contract Tower,0,7,60,0,67,0,0,0,0,0,0,7,60,0,67,0,0,0,67
02/13/2004,LZU,GA,ASO,ES,Federal Contract Tower,0,7,52,0,59,0,1,209,0,210,0,8,261,0,269,110,0,110,379
02/14/2004,LZU,GA,ASO,ES,Federal Contract Tower,0,1,37,0,38,0,0,7,0,7,0,1,44,0,45,0,0,0,45
02/15/2004,LZU,GA,ASO,ES,Federal Contract Tower,0,0,28,0,28,0,0,4,0,4,0,0,32,0,32,2,0,2,34
02/16/2004,LZU,GA,ASO,ES,Federal Contract Tower,0,7,59,0,66,0,1,60,0,61,0,8,119,0,127,36,0,36,163
02/17/2004,LZU,GA,ASO,ES,Federal Contract Tower,0,6,56,0,62,0,3,133,0,136,0,9,189,0,198,102,0,102,300
02/18/2004,LZU,GA,ASO,ES,Federal Contract Tower,0,6,56,0,62,0,4,236,0,240,0,10,292,0,302,134,0,134,436
02/19/2004,LZU,GA,ASO,ES,Federal Contract Tower,0,4,39,0,43,0,5,301,0,306,0,9,340,0,349,168,0,168,517
02/20/2004,LZU,GA,ASO,ES,Federal Contract Tower,0,7,62,0,69,0,8,201,0,209,0,15,263,0,278,152,0,152,430
02/21/2004,LZU,GA,ASO,ES,Federal Contract Tower,0,0,16,0,16,0,0,285,0,285,0,0,301,0,301,190,0,190,491
02/22/2004,LZU,GA,ASO,ES,Federal Contract Tower,0,1,26,0,27,0,0,322,0,322,0,1,348,0,349,148,0,148,497
02/23/2004,LZU,GA,ASO,ES,Federal Contract Tower,0,6,54,0,60,0,2,137,0,139,0,8,191,0,199,34,0,34,233
02/24/2004,LZU,GA,ASO,ES,Federal Contract Tower,0,5,53,0,58,0,2,20,0,22,0,7,73,0,80,20,0,20,100
02/25/2004,LZU,GA,ASO,ES,Federal Contract Tower,0,4,41,0,45,0,8,20,0,28,0,12,61,0,73,10,0,10,83
02/26/2004,LZU,GA,ASO,ES,Federal Contract Tower,0,3,31,0,34,0,7,2,0,9,0,10,33,0,43,0,0,0,43
02/27/2004,LZU,GA,ASO,ES,Federal Contract Tower,0,5,53,0,58,0,1,23,0,24,0,6,76,0,82,82,0,82,164
02/28/2004,LZU,GA,ASO,ES,Federal Contract Tower,0,0,36,0,36,0,0,385,0,385,0,0,421,0,421,258,0,258,679
02/29/2004,LZU,GA,ASO,ES,Federal Contract Tower,0,2,26,0,28,0,0,306,0,306,0,2,332,0,334,166,0,166,500
03/01/2004,LZU,GA,ASO,ES,Federal Contract Tower,0,3,25,0,28,0,5,140,0,145,0,8,165,0,173,106,0,106,279
03/02/2004,LZU,GA,ASO,ES,Federal Contract Tower,0,6,44,0,50,0,4,53,0,57,0,10,97,0,107,18,0,18,125
03/03/2004,LZU,GA,ASO,ES,Federal Contract Tower,0,7,54,0,61,0,4,182,0,186,0,11,236,0,247,126,0,126,373
03/04/2004,LZU,GA,ASO,ES,Federal Contract Tower,0,6,45,0,51,0,4,187,0,191,0,10,232,0,242,84,0,84,326
03/05/2004,LZU,GA,ASO,ES,Federal Contract Tower,0,9,73,0,82,0,2,46,0,48,0,11,119,0,130,62,0,62,192
03/06/2004,LZU,GA,ASO,ES,Federal Contract Tower,0,3,35,0,38,0,0,144,0,144,0,3,179,0,182,82,0,82,264
03/07/2004,LZU,GA,ASO,ES,Federal Contract Tower,0,3,32,0,35,0,0,188,0,188,0,3,220,0,223,112,0,112,335
03/08/2004,LZU,GA,ASO,ES,Federal Contract Tower,0,5,35,0,40,0,6,58,0,64,0,11,93,0,104,6,0,6,110
03/09/2004,LZU,GA,ASO,ES,Federal Contract Tower,0,5,38,0,43,0,4,150,0,154,0,9,188,0,197,108,0,108,305
03/10/2004,LZU,GA,ASO,ES,Federal Contract Tower,0,6,49,0,55,0,3,279,0,282,0,9,328,0,337,116,0,116,453
03/11/2004,LZU,GA,ASO,ES,Federal Contract Tower,0,7,57,0,64,0,0,195,0,195,0,7,252,0,259,94,0,94,353
03/12/2004,LZU,GA,ASO,ES,Federal Contract Tower,0,7,56,0,63,0,2,195,0,197,0,9,251,0,260,98,0,98,358
03/13/2004,LZU,GA,ASO,ES,Federal Contract Tower,0,1,24,0,25,0,0,383,0,383,0,1,407,0,408,208,0,208,616
03/14/2004,LZU,GA,ASO,ES,Federal Contract Tower,0,2,43,0,45,0,0,225,0,225,0,2,268,0,270,128,0,128,398
03/15/2004,LZU,GA,ASO,ES,Federal Contract Tower,0,4,38,0,42,0,5,150,0,155,0,9,188,0,197,144,0,144,341
03/16/2004,LZU,GA,ASO,ES,Federal Contract Tower,0,6,58,0,64,0,7,74,0,81,0,13,132,0,145,36,0,36,181
03/17/2004,LZU,GA,ASO,ES,Federal Contract Tower,0,5,48,0,53,0,5,201,0,206,0,10,249,0,259,94,0,94,353
03/18/2004,LZU,GA,ASO,ES,Federal Contract Tower,0,7,64,0,71,0,6,253,0,259,0,13,317,0,330,176,0,176,506
03/19/2004,LZU,GA,ASO,ES,Federal Contract Tower,0,7,62,0,69,0,2,326,0,328,0,9,388,0,397,132,0,132,529
03/20/2004,LZU,GA,ASO,ES,Federal Contract Tower,0,3,33,0,36,0,4,270,0,274,0,7,303,0,310,196,0,196,506
03/21/2004,LZU,GA,ASO,ES,Federal Contract Tower,0,2,33,0,35,0,0,85,0,85,0,2,118,0,120,14,0,14,134
03/22/2004,LZU,GA,ASO,ES,Federal Contract Tower,0,5,47,0,52,0,6,163,0,169,0,11,210,0,221,74,0,74,295
03/23/2004,LZU,GA,ASO,ES,Federal Contract Tower,0,5,51,0,56,0,6,221,0,227,0,11,272,0,283,108,0,108,391
03/24/2004,LZU,GA,ASO,ES,Federal Contract Tower,0,3,31,0,34,0,8,238,1,247,0,11,269,1,281,94,0,94,375
03/25/2004,LZU,GA,ASO,ES,Federal Contract Tower,0,5,51,0,56,0,3,254,0,257,0,8,305,0,313,158,0,158,471
03/26/2004,LZU,GA,ASO,ES,Federal Contract Tower,0,4,43,0,47,0,5,227,0,232,0,9,270,0,279,108,0,108,387
03/27/2004,LZU,GA,ASO,ES,Federal Contract Tower,0,2,36,0,38,0,0,419,0,419,0,2,455,0,457,168,0,168,625
03/28/2004,LZU,GA,ASO,ES,Federal Contract Tower,0,3,32,0,35,0,2,304,0,306,0,5,336,0,341,146,0,146,487
03/29/2004,LZU,GA,ASO,ES,Federal Contract Tower,0,6,55,0,61,0,7,96,0,103,0,13,151,0,164,26,0,26,190
03/30/2004,LZU,GA,ASO,ES,Federal Contract Tower,0,7,62,0,69,0,9,53,0,62,0,16,115,0,131,36,0,36,167
03/31/2004,LZU,GA,ASO,ES,Federal Contract Tower,0,6,62,0,68,0,5,93,0,98,0,11,155,0,166,2,0,2,168
04/01/2004,LZU,GA,ASO,ES,Federal Contract Tower,0,6,47,0,53,0,2,109,0,111,0,8,156,0,164,30,0,30,194
04/02/2004,LZU,GA,ASO,ES,Federal Contract Tower,0,9,72,0,81,0,8,122,0,130,0,17,194,0,211,18,0,18,229
04/03/2004,LZU,GA,ASO,ES,Federal Contract Tower,0,6,49,0,55,0,2,271,0,273,0,8,320,0,328,120,0,120,448
04/04/2004,LZU,GA,ASO,ES,Federal Contract Tower,0,6,47,0,53,0,3,95,0,98,0,9,142,0,151,40,0,40,191
04/05/2004,LZU,GA,ASO,ES,Federal Contract Tower,0,6,49,0,55,0,2,166,0,168,0,8,215,0,223,106,0,106,329
04/06/2004,LZU,GA,ASO,ES,Federal Contract Tower,0,5,38,0,43,0,4,219,0,223,0,9,257,0,266,110,0,110,376
04/07/2004,LZU,GA,ASO,ES,Federal Contract Tower,0,8,65,0,73,0,3,225,0,228,0,11,290,0,301,124,0,124,425
04/08/2004,LZU,GA,ASO,ES,Federal Contract Tower,0,7,58,0,65,0,8,104,0,112,0,15,162,0,177,44,0,44,221
04/09/2004,LZU,GA,ASO,ES,Federal Contract Tower,0,6,48,0,54,0,2,279,0,281,0,8,327,0,335,126,0,126,461
04/10/2004,LZU,GA,ASO,ES,Federal Contract Tower,0,2,29,0,31,0,0,341,0,341,0,2,370,0,372,236,0,236,608
04/11/2004,LZU,GA,ASO,ES,Federal Contract Tower,0,3,38,0,41,0,0,25,0,25,0,3,63,0,66,0,0,0,66
04/12/2004,LZU,GA,ASO,ES,Federal Contract Tower,0,9,70,0,79,0,5,13,0,18,0,14,83,0,97,0,0,0,97
04/13/2004,LZU,GA,ASO,ES,Federal Contract Tower,0,7,56,0,63,0,5,18,0,23,0,12,74,0,86,2,0,2,88
04/14/2004,LZU,GA,ASO,ES,Federal Contract Tower,0,5,38,0,43,0,4,75,2,81,0,9,113,2,124,22,0,22,146
04/15/2004,LZU,GA,ASO,ES,Federal Contract Tower,0,6,50,0,56,0,8,244,0,252,0,14,294,0,308,154,0,154,462
04/16/2004,LZU,GA,ASO,ES,Federal Contract Tower,0,6,49,0,55,0,3,228,0,231,0,9,277,0,286,40,0,40,326
04/17/2004,LZU,GA,ASO,ES,Federal Contract Tower,0,0,24,0,24,0,0,316,0,316,0,0,340,0,340,238,0,238,578
04/18/2004,LZU,GA,ASO,ES,Federal Contract Tower,0,3,44,0,47,0,0,238,0,238,0,3,282,0,285,122,0,122,407
04/19/2004,LZU,GA,ASO,ES,Federal Contract Tower,0,5,46,0,51,0,7,206,0,213,0,12,252,0,264,134,0,134,398
04/20/2004,LZU,GA,ASO,ES,Federal Contract Tower,0,2,26,0,28,0,5,150,0,155,0,7,176,0,183,52,0,52,235
04/21/2004,LZU,GA,ASO,ES,Federal Contract Tower,0,5,50,0,55,0,16,204,0,220,0,21,254,0,275,84,0,84,359
04/22/2004,LZU,GA,ASO,ES,Federal Contract Tower,0,6,58,0,64,0,5,203,0,208,0,11,261,0,272,104,0,104,376
04/23/2004,LZU,GA,ASO,ES,Federal Contract Tower,0,5,49,0,54,0,2,262,0,264,0,7,311,0,318,84,0,84,402
04/24/2004,LZU,GA,ASO,ES,Federal Contract Tower,0,0,24,0,24,0,0,332,0,332,0,0,356,0,356,194,0,194,550
04/25/2004,LZU,GA,ASO,ES,Federal Contract Tower,0,1,34,0,35,0,0,218,0,218,0,1,252,0,253,40,0,40,293
04/26/2004,LZU,GA,ASO,ES,Federal Contract Tower,0,4,37,0,41,0,8,41,0,49,0,12,78,0,90,2,0,2,92
04/27/2004,LZU,GA,ASO,ES,Federal Contract Tower,0,3,33,0,36,0,4,139,0,143,0,7,172,0,179,38,0,38,217
04/28/2004,LZU,GA,ASO,ES,Federal Contract Tower,0,4,38,0,42,0,3,210,0,213,0,7,248,0,255,150,0,150,405
04/29/2004,LZU,GA,ASO,ES,Federal Contract Tower,0,6,58,0,64,0,1,240,0,241,0,7,298,0,305,126,0,126,431
04/30/2004,LZU,GA,ASO,ES,Federal Contract Tower,0,8,71,0,79,0,3,28,0,31,0,11,99,0,110,38,0,38,148
05/01/2004,LZU,GA,ASO,ES,Federal Contract Tower,0,0,62,0,62,0,0,96,0,96,0,0,158,0,158,198,0,198,356
05/02/2004,LZU,GA,ASO,ES,Federal Contract Tower,0,1,42,0,43,0,0,18,0,18,0,1,60,0,61,132,0,132,193
05/03/2004,LZU,GA,ASO,ES,Federal Contract Tower,0,4,48,0,52,0,3,153,0,156,0,7,201,0,208,140,0,140,348
05/04/2004,LZU,GA,ASO,ES,Federal Contract Tower,0,5,63,0,68,0,4,242,0,246,0,9,305,0,314,166,0,166,480
05/05/2004,LZU,GA,ASO,ES,Federal Contract Tower,0,3,41,0,44,0,9,251,0,260,0,12,292,0,304,114,0,114,418
05/06/2004,LZU,GA,ASO,ES,Federal Contract Tower,0,5,63,0,68,0,2,189,0,191,0,7,252,0,259,172,0,172,431
05/07/2004,LZU,GA,ASO,ES,Federal Contract Tower,0,4,45,0,49,0,5,253,0,258,0,9,298,0,307,128,0,128,435
05/08/2004,LZU,GA,ASO,ES,Federal Contract Tower,0,1,29,0,30,0,0,277,0,277,0,1,306,0,307,196,0,196,503
05/09/2004,LZU,GA,ASO,ES,Federal Contract Tower,0,2,40,0,42,0,0,200,0,200,0,2,240,0,242,118,0,118,360
05/10/2004,LZU,GA,ASO,ES,Federal Contract Tower,0,5,56,0,61,0,1,167,0,168,0,6,223,0,229,172,0,172,401
05/11/2004,LZU,GA,ASO,ES,Federal Contract Tower,0,3,41,0,44,0,5,158,0,163,0,8,199,0,207,134,0,134,341
05/12/2004,LZU,GA,ASO,ES,Federal Contract Tower,0,6,80,0,86,0,1,70,0,71,0,7,150,0,157,76,0,76,233
05/13/2004,LZU,GA,ASO,ES,Federal Contract Tower,0,5,68,0,73,0,4,47,0,51,0,9,115,0,124,82,0,82,206
05/14/2004,LZU,GA,ASO,ES,Federal Contract Tower,0,5,69,0,74,0,3,135,0,138,0,8,204,0,212,156,0,156,368
05/15/2004,LZU,GA,ASO,ES,Federal Contract Tower,0,3,33,0,36,0,1,177,0,178,0,4,210,0,214,102,0,102,316
05/16/2004,LZU,GA,ASO,ES,Federal Contract Tower,0,3,42,0,45,0,0,159,0,159,0,3,201,0,204,134,0,134,338
05/17/2004,LZU,GA,ASO,ES,Federal Contract Tower,0,6,81,0,87,0,7,100,0,107,0,13,181,0,194,126,0,126,320
05/18/2004,LZU,GA,ASO,ES,Federal Contract Tower,0,4,46,0,50,0,3,99,0,102,0,7,145,0,152,154,0,154,306
05/19/2004,LZU,GA,ASO,ES,Federal Contract Tower,0,6,78,0,84,0,2,121,0,123,0,8,199,0,207,108,0,108,315
05/20/2004,LZU,GA,ASO,ES,Federal Contract Tower,0,3,56,0,59,0,4,159,0,163,0,7,215,0,222,126,0,126,348
05/21/2004,LZU,GA,ASO,ES,Federal Contract Tower,0,3,49,0,52,0,3,194,0,197,0,6,243,0,249,156,0,156,405
05/22/2004,LZU,GA,ASO,ES,Federal Contract Tower,0,0,35,0,35,0,0,172,0,172,0,0,207,0,207,84,0,84,291
05/23/2004,LZU,GA,ASO,ES,Federal Contract Tower,0,2,40,0,42,0,2,217,0,219,0,4,257,0,261,126,0,126,387
05/24/2004,LZU,GA,ASO,ES,Federal Contract Tower,0,3,50,0,53,0,5,165,0,170,0,8,215,0,223,134,0,134,357
05/25/2004,LZU,GA,ASO,ES,Federal Contract Tower,0,2,43,0,45,0,5,154,0,159,0,7,197,0,204,80,0,80,284
05/26/2004,LZU,GA,ASO,ES,Federal Contract Tower,0,3,50,0,53,0,5,171,0,176,0,8,221,0,229,66,0,66,295
05/27/2004,LZU,GA,ASO,ES,Federal Contract Tower,0,3,57,0,60,0,4,166,0,170,0,7,223,0,230,64,0,64,294
05/28/2004,LZU,GA,ASO,ES,Federal Contract Tower,0,3,53,0,56,0,9,173,0,182,0,12,226,0,238,146,0,146,384
05/29/2004,LZU,GA,ASO,ES,Federal Contract Tower,0,1,43,0,44,0,0,170,0,170,0,1,213,0,214,206,0,206,420
05/30/2004,LZU,GA,ASO,ES,Federal Contract Tower,0,1,25,0,26,0,2,83,0,85,0,3,108,0,111,102,0,102,213
05/31/2004,LZU,GA,ASO,ES,Federal Contract Tower,0,2,38,0,40,0,0,71,0,71,0,2,109,0,111,30,0,30,141
06/01/2004,LZU,GA,ASO,ES,Federal Contract Tower,0,6,52,0,58,0,1,129,2,132,0,7,181,2,190,86,0,86,276
06/02/2004,LZU,GA,ASO,ES,Federal Contract Tower,0,5,42,0,47,0,1,183,0,184,0,6,225,0,231,158,0,158,389
06/03/2004,LZU,GA,ASO,ES,Federal Contract Tower,0,5,45,0,50,0,5,187,0,192,0,10,232,0,242,140,0,140,382
06/04/2004,LZU,GA,ASO,ES,Federal Contract Tower,0,6,55,0,61,0,4,178,0,182,0,10,233,0,243,142,0,142,385
06/05/2004,LZU,GA,ASO,ES,Federal Contract Tower,0,0,23,0,23,0,0,305,0,305,0,0,328,0,328,120,0,120,448
06/06/2004,LZU,GA,ASO,ES,Federal Contract Tower,0,5,39,0,44,0,1,222,0,223,0,6,261,0,267,160,0,160,427
06/07/2004,LZU,GA,ASO,ES,Federal Contract Tower,0,5,38,0,43,0,4,80,0,84,0,9,118,0,127,84,0,84,211
06/08/2004,LZU,GA,ASO,ES,Federal Contract Tower,0,7,59,0,66,0,2,75,0,77,0,9,134,0,143,70,0,70,213
06/09/2004,LZU,GA,ASO,ES,Federal Contract Tower,0,6,51,0,57,0,6,64,0,70,0,12,115,0,127,46,0,46,173
06/10/2004,LZU,GA,ASO,ES,Federal Contract Tower,0,7,57,0,64,0,3,121,0,124,0,10,178,0,188,114,0,114,302
06/11/2004,LZU,GA,ASO,ES,Federal Contract Tower,0,5,52,0,57,0,0,145,0,145,0,5,197,0,202,86,0,86,288
06/12/2004,LZU,GA,ASO,ES,Federal Contract Tower,0,1,27,0,28,0,0,235,0,235,0,1,262,0,263,96,0,96,359
06/13/2004,LZU,GA,ASO,ES,Federal Contract Tower,0,1,33,0,34,0,0,54,0,54,0,1,87,0,88,72,0,72,160
06/14/2004,LZU,GA,ASO,ES,Federal Contract Tower,0,6,55,0,61,0,1,36,0,37,0,7,91,0,98,28,0,28,126
06/15/2004,LZU,GA,ASO,ES,Federal Contract Tower,0,6,51,0,57,0,4,32,0,36,0,10,83,0,93,26,0,26,119
06/16/2004,LZU,GA,ASO,ES,Federal Contract Tower,0,5,55,0,60,0,3,116,0,119,0,8,171,0,179,96,0,96,275
06/17/2004,LZU,GA,ASO,ES,Federal Contract Tower,0,5,49,0,54,0,10,213,0,223,0,15,262,0,277,176,0,176,453
06/18/2004,LZU,GA,ASO,ES,Federal Contract Tower,0,5,49,0,54,0,5,138,0,143,0,10,187,0,197,142,0,142,339
06/19/2004,LZU,GA,ASO,ES,Federal Contract Tower,0,2,27,0,29,0,2,278,0,280,0,4,305,0,309,92,0,92,401
06/20/2004,LZU,GA,ASO,ES,Federal Contract Tower,0,0,28,0,28,0,0,185,0,185,0,0,213,0,213,176,0,176,389
06/21/2004,LZU,GA,ASO,ES,Federal Contract Tower,0,6,66,0,72,0,0,10,0,10,0,6,76,0,82,26,0,26,108
06/22/2004,LZU,GA,ASO,ES,Federal Contract Tower,0,4,43,0,47,0,5,93,0,98,0,9,136,0,145,62,0,62,207
06/23/2004,LZU,GA,ASO,ES,Federal Contract Tower,0,8,77,0,85,0,9,93,0,102,0,17,170,0,187,98,0,98,285
06/24/2004,LZU,GA,ASO,ES,Federal Contract Tower,0,7,74,0,81,0,0,113,0,113,0,7,187,0,194,134,0,134,328
06/25/2004,LZU,GA,ASO,ES,Federal Contract Tower,0,8,76,0,84,0,7,71,0,78,0,15,147,0,162,14,0,14,176
06/26/2004,LZU,GA,ASO,ES,Federal Contract Tower,0,4,42,0,46,0,0,154,0,154,0,4,196,0,200,86,0,86,286
06/27/2004,LZU,GA,ASO,ES,Federal Contract Tower,0,3,48,0,51,0,0,121,0,121,0,3,169,0,172,134,0,134,306
06/28/2004,LZU,GA,ASO,ES,Federal Contract Tower,0,6,57,0,63,0,4,59,0,63,0,10,116,0,126,8,0,8,134
06/29/2004,LZU,GA,ASO,ES,Federal Contract Tower,0,5,52,0,57,0,3,189,0,192,0,8,241,0,249,148,0,148,397
06/30/2004,LZU,GA,ASO,ES,Federal Contract Tower,0,7,75,0,82,0,0,128,0,128,0,7,203,0,210,112,0,112,322
07/01/2004,LZU,GA,ASO,ES,Federal Contract Tower,0,6,78,0,84,0,1,30,0,31,0,7,108,0,115,32,0,32,147
07/02/2004,LZU,GA,ASO,ES,Federal Contract Tower,0,8,102,0,110,0,2,84,0,86,0,10,186,0,196,112,0,112,308
07/03/2004,LZU,GA,ASO,ES,Federal Contract Tower,0,0,44,0,44,0,0,181,0,181,0,0,225,0,225,136,0,136,361
07/04/2004,LZU,GA,ASO,ES,Federal Contract Tower,0,0,16,0,16,0,0,104,0,104,0,0,120,0,120,118,0,118,238
07/05/2004,LZU,GA,ASO,ES,Federal Contract Tower,0,3,46,0,49,0,0,234,0,234,0,3,280,0,283,192,0,192,475
07/06/2004,LZU,GA,ASO,ES,Federal Contract Tower,0,4,43,0,47,0,7,124,0,131,0,11,167,0,178,50,0,50,228
07/07/2004,LZU,GA,ASO,ES,Federal Contract Tower,0,4,46,0,50,0,6,156,0,162,0,10,202,0,212,140,0,140,352
07/08/2004,LZU,GA,ASO,ES,Federal Contract Tower,0,5,62,0,67,0,2,177,0,179,0,7,239,0,246,162,0,162,408
07/09/2004,LZU,GA,ASO,ES,Federal Contract Tower,0,4,52,0,56,0,7,183,0,190,0,11,235,0,246,98,0,98,344
07/10/2004,LZU,GA,ASO,ES,Federal Contract Tower,0,3,43,0,46,0,0,297,0,297,0,3,340,0,343,190,0,190,533
07/11/2004,LZU,GA,ASO,ES,Federal Contract Tower,0,0,47,0,47,0,0,215,0,215,0,0,262,0,262,110,0,110,372
07/12/2004,LZU,GA,ASO,ES,Federal Contract Tower,0,4,55,0,59,0,7,127,0,134,0,11,182,0,193,114,0,114,307
07/13/2004,LZU,GA,ASO,ES,Federal Contract Tower,0,4,51,0,55,0,3,148,0,151,0,7,199,0,206,64,0,64,270
07/14/2004,LZU,GA,ASO,ES,Federal Contract Tower,0,4,47,0,51,0,2,133,0,135,0,6,180,0,186,70,0,70,256
07/15/2004,LZU,GA,ASO,ES,Federal Contract Tower,0,5,63,0,68,0,6,205,0,211,0,11,268,0,279,148,0,148,427
07/16/2004,LZU,GA,ASO,ES,Federal Contract Tower,0,5,64,0,69,0,1,289,0,290,0,6,353,0,359,166,0,166,525
07/17/2004,LZU,GA,ASO,ES,Federal Contract Tower,0,1,27,0,28,0,0,284,0,284,0,1,311,0,312,106,0,106,418
07/18/2004,LZU,GA,ASO,ES,Federal Contract Tower,0,0,48,0,48,0,0,239,0,239,0,0,287,0,287,104,0,104,391
07/19/2004,LZU,GA,ASO,ES,Federal Contract Tower,0,2,41,0,43,0,6,220,0,226,0,8,261,0,269,162,0,162,431
07/20/2004,LZU,GA,ASO,ES,Federal Contract Tower,0,2,42,0,44,0,5,153,0,158,0,7,195,0,202,112,0,112,314
07/21/2004,LZU,GA,ASO,ES,Federal Contract Tower,0,3,56,0,59,0,8,236,0,244,0,11,292,0,303,130,0,130,433
07/22/2004,LZU,GA,ASO,ES,Federal Contract Tower,0,4,58,0,62,0,4,138,0,142,0,8,196,0,204,130,0,130,334
07/23/2004,LZU,GA,ASO,ES,Federal Contract Tower,0,3,53,0,56,0,5,143,0,148,0,8,196,0,204,46,0,46,250
07/24/2004,LZU,GA,ASO,ES,Federal Contract Tower,0,3,63,0,66,0,0,166,0,166,0,3,229,0,232,210,0,210,442
07/25/2004,LZU,GA,ASO,ES,Federal Contract Tower,0,1,23,0,24,0,1,84,0,85,0,2,107,0,109,20,0,20,129
07/26/2004,LZU,GA,ASO,ES,Federal Contract Tower,0,4,69,0,73,0,14,111,0,125,0,18,180,0,198,122,0,122,320
07/27/2004,LZU,GA,ASO,ES,Federal Contract Tower,0,3,46,0,49,0,10,64,0,74,0,13,110,0,123,92,0,92,215
07/28/2004,LZU,GA,ASO,ES,Federal Contract Tower,0,5,78,0,83,0,5,137,0,142,0,10,215,0,225,170,0,170,395
07/29/2004,LZU,GA,ASO,ES,Federal Contract Tower,0,4,58,0,62,0,4,62,0,66,0,8,120,0,128,34,0,34,162
07/30/2004,LZU,GA,ASO,ES,Federal Contract Tower,0,3,56,0,59,0,11,98,0,109,0,14,154,0,168,88,0,88,256
07/31/2004,LZU,GA,ASO,ES,Federal Contract Tower,0,0,38,0,38,0,0,234,0,234,0,0,272,0,272,136,0,136,408
08/01/2004,LZU,GA,ASO,ES,Federal Contract Tower,0,2,33,0,35,0,0,158,0,158,0,2,191,0,193,126,0,126,319
08/02/2004,LZU,GA,ASO,ES,Federal Contract Tower,0,5,47,0,52,0,6,178,0,184,0,11,225,0,236,170,0,170,406
08/03/2004,LZU,GA,ASO,ES,Federal Contract Tower,0,6,56,0,62,0,6,171,0,177,0,12,227,0,239,90,0,90,329
08/04/2004,LZU,GA,ASO,ES,Federal Contract Tower,0,4,37,0,41,0,4,190,0,194,0,8,227,0,235,166,0,166,401
08/05/2004,LZU,GA,ASO,ES,Federal Contract Tower,0,6,58,0,64,0,3,113,0,116,0,9,171,0,180,120,0,120,300
08/06/2004,LZU,GA,ASO,ES,Federal Contract Tower,0,4,44,0,48,0,8,300,0,308,0,12,344,0,356,148,0,148,504
08/07/2004,LZU,GA,ASO,ES,Federal Contract Tower,0,3,30,0,33,0,1,397,0,398,0,4,427,0,431,188,0,188,619
08/08/2004,LZU,GA,ASO,ES,Federal Contract Tower,0,0,28,0,28,0,0,303,0,303,0,0,331,0,331,130,0,130,461
08/09/2004,LZU,GA,ASO,ES,Federal Contract Tower,0,4,39,0,43,0,2,163,0,165,0,6,202,0,208,174,0,174,382
08/10/2004,LZU,GA,ASO,ES,Federal Contract Tower,0,5,47,0,52,0,2,115,0,117,0,7,162,0,169,72,0,72,241
08/11/2004,LZU,GA,ASO,ES,Federal Contract Tower,0,7,76,0,83,0,2,119,0,121,0,9,195,0,204,116,0,116,320
08/12/2004,LZU,GA,ASO,ES,Federal Contract Tower,0,4,39,0,43,0,6,18,0,24,0,10,57,0,67,18,0,18,85
08/13/2004,LZU,GA,ASO,ES,Federal Contract Tower,0,5,46,0,51,0,1,224,0,225,0,6,270,0,276,84,0,84,360
08/14/2004,LZU,GA,ASO,ES,Federal Contract Tower,0,0,20,0,20,0,0,250,0,250,0,0,270,0,270,156,0,156,426
08/15/2004,LZU,GA,ASO,ES,Federal Contract Tower,0,2,32,0,34,0,0,122,0,122,0,2,154,0,156,94,0,94,250
08/16/2004,LZU,GA,ASO,ES,Federal Contract Tower,0,4,38,0,42,0,8,173,0,181,0,12,211,0,223,106,0,106,329
08/17/2004,LZU,GA,ASO,ES,Federal Contract Tower,0,3,27,0,30,0,3,126,0,129,0,6,153,0,159,66,0,66,225
08/18/2004,LZU,GA,ASO,ES,Federal Contract Tower,0,5,59,0,64,0,3,129,0,132,0,8,188,0,196,138,0,138,334
08/19/2004,LZU,GA,ASO,ES,Federal Contract Tower,0,4,53,0,57,0,3,170,0,173,0,7,223,0,230,120,0,120,350
08/20/2004,LZU,GA,ASO,ES,Federal Contract Tower,0,5,65,0,70,0,7,178,0,185,0,12,243,0,255,118,0,118,373
08/21/2004,LZU,GA,ASO,ES,Federal Contract Tower,0,2,35,0,37,0,0,145,0,145,0,2,180,0,182,128,0,128,310
08/22/2004,LZU,GA,ASO,ES,Federal Contract Tower,0,2,40,0,42,0,0,223,0,223,0,2,263,0,265,178,0,178,443
08/23/2004,LZU,GA,ASO,ES,Federal Contract Tower,0,3,55,0,58,0,0,69,0,69,0,3,124,0,127,148,0,148,275
08/24/2004,LZU,GA,ASO,ES,Federal Contract Tower,0,4,48,0,52,0,2,76,0,78,0,6,124,0,130,96,0,96,226
08/25/2004,LZU,GA,ASO,ES,Federal Contract Tower,0,5,68,0,73,0,9,53,0,62,0,14,121,0,135,52,0,52,187
08/26/2004,LZU,GA,ASO,ES,Federal Contract Tower,0,3,41,0,44,0,4,130,0,134,0,7,171,0,178,124,0,124,302
08/27/2004,LZU,GA,ASO,ES,Federal Contract Tower,0,2,34,0,36,0,6,192,0,198,0,8,226,0,234,156,0,156,390
08/28/2004,LZU,GA,ASO,ES,Federal Contract Tower,0,0,21,0,21,0,0,261,0,261,0,0,282,0,282,224,0,224,506
08/29/2004,LZU,GA,ASO,ES,Federal Contract Tower,0,0,32,0,32,0,0,122,0,122,0,0,154,0,154,96,0,96,250
08/30/2004,LZU,GA,ASO,ES,Federal Contract Tower,0,4,57,0,61,0,5,131,0,136,0,9,188,0,197,120,0,120,317
08/31/2004,LZU,GA,ASO,ES,Federal Contract Tower,0,4,46,0,50,0,4,152,0,156,0,8,198,0,206,88,0,88,294
09/01/2004,LZU,GA,ASO,ES,Federal Contract Tower,0,8,57,0,65,0,0,47,0,47,0,8,104,0,112,74,0,74,186
09/02/2004,LZU,GA,ASO,ES,Federal Contract Tower,0,6,92,0,98,0,0,35,0,35,0,6,127,0,133,14,0,14,147
09/03/2004,LZU,GA,ASO,ES,Federal Contract Tower,0,8,54,0,62,0,7,130,0,137,0,15,184,0,199,104,0,104,303
09/04/2004,LZU,GA,ASO,ES,Federal Contract Tower,0,2,18,0,20,0,0,244,0,244,0,2,262,0,264,172,0,172,436
09/05/2004,LZU,GA,ASO,ES,Federal Contract Tower,0,0,23,0,23,0,0,60,0,60,0,0,83,0,83,40,0,40,123
09/06/2004,LZU,GA,ASO,ES,Federal Contract Tower,0,2,21,0,23,0,0,14,0,14,0,2,35,0,37,2,0,2,39
09/07/2004,LZU,GA,ASO,ES,Federal Contract Tower,0,6,35,0,41,0,3,0,0,3,0,9,35,0,44,0,0,0,44
09/08/2004,LZU,GA,ASO,ES,Federal Contract Tower,0,8,57,0,65,0,1,14,0,15,0,9,71,0,80,0,0,0,80
09/09/2004,LZU,GA,ASO,ES,Federal Contract Tower,0,9,63,0,72,0,4,204,0,208,0,13,267,0,280,56,0,56,336
09/10/2004,LZU,GA,ASO,ES,Federal Contract Tower,0,8,58,0,66,0,12,234,0,246,0,20,292,0,312,112,0,112,424
09/11/2004,LZU,GA,ASO,ES,Federal Contract Tower,0,2,34,0,36,0,0,270,0,270,0,2,304,0,306,252,0,252,558
09/12/2004,LZU,GA,ASO,ES,Federal Contract Tower,0,5,47,0,52,0,0,255,0,255,0,5,302,0,307,154,0,154,461
09/13/2004,LZU,GA,ASO,ES,Federal Contract Tower,0,5,43,0,48,0,7,117,0,124,0,12,160,0,172,96,0,96,268
09/14/2004,LZU,GA,ASO,ES,Federal Contract Tower,0,7,59,0,66,0,3,150,0,153,0,10,209,0,219,90,0,90,309
09/15/2004,LZU,GA,ASO,ES,Federal Contract Tower,0,6,58,0,64,0,0,30,0,30,0,6,88,0,94,6,0,6,100
09/16/2004,LZU,GA,ASO,ES,Federal Contract Tower,0,1,7,0,8,0,5,0,0,5,0,6,7,0,13,0,0,0,13
09/17/2004,LZU,GA,ASO,ES,Federal Contract Tower,0,4,31,0,35,0,4,18,0,22,0,8,49,0,57,6,0,6,63
09/18/2004,LZU,GA,ASO,ES,Federal Contract Tower,0,2,18,0,20,0,1,229,0,230,0,3,247,0,250,210,0,210,460
09/19/2004,LZU,GA,ASO,ES,Federal Contract Tower,0,1,35,0,36,0,0,247,0,247,0,1,282,0,283,102,0,102,385
09/20/2004,LZU,GA,ASO,ES,Federal Contract Tower,0,5,42,0,47,0,4,127,0,131,0,9,169,0,178,110,0,110,288
09/21/2004,LZU,GA,ASO,ES,Federal Contract Tower,0,4,34,0,38,0,5,192,0,197,0,9,226,0,235,66,0,66,301
09/22/2004,LZU,GA,ASO,ES,Federal Contract Tower,0,5,41,0,46,0,4,184,0,188,0,9,225,0,234,170,0,170,404
09/23/2004,LZU,GA,ASO,ES,Federal Contract Tower,0,7,60,0,67,0,1,262,0,263,0,8,322,0,330,100,0,100,430
09/24/2004,LZU,GA,ASO,ES,Federal Contract Tower,0,6,58,0,64,0,0,248,0,248,0,6,306,0,312,140,0,140,452
09/25/2004,LZU,GA,ASO,ES,Federal Contract Tower,0,3,39,0,42,0,0,229,0,229,0,3,268,0,271,142,0,142,413
09/26/2004,LZU,GA,ASO,ES,Federal Contract Tower,0,1,37,0,38,0,0,117,0,117,0,1,154,0,155,42,0,42,197
09/27/2004,LZU,GA,ASO,ES,Federal Contract Tower,0,2,16,0,18,0,7,0,0,7,0,9,16,0,25,0,0,0,25
09/28/2004,LZU,GA,ASO,ES,Federal Contract Tower,0,4,33,0,37,0,12,91,0,103,0,16,124,0,140,30,0,30,170
09/29/2004,LZU,GA,ASO,ES,Federal Contract Tower,0,10,77,0,87,0,2,110,0,112,0,12,187,0,199,102,0,102,301
09/30/2004,LZU,GA,ASO,ES,Federal Contract Tower,0,6,48,0,54,0,0,169,0,169,0,6,217,0,223,96,0,96,319
10/01/2004,LZU,GA,ASO,ES,Federal Contract Tower,0,4,61,0,65,0,4,165,0,169,0,8,226,0,234,130,0,130,364
10/02/2004,LZU,GA,ASO,ES,Federal Contract Tower,0,0,42,0,42,0,0,163,0,163,0,0,205,0,205,216,0,216,421
10/03/2004,LZU,GA,ASO,ES,Federal Contract Tower,0,3,40,0,43,0,0,112,0,112,0,3,152,0,155,44,0,44,199
10/04/2004,LZU,GA,ASO,ES,Federal Contract Tower,0,5,33,0,38,0,1,199,0,200,0,6,232,0,238,210,0,210,448
10/05/2004,LZU,GA,ASO,ES,Federal Contract Tower,0,5,39,0,44,0,3,164,0,167,0,8,203,0,211,112,0,112,323
10/06/2004,LZU,GA,ASO,ES,Federal Contract Tower,0,16,79,0,95,0,2,99,0,101,0,18,178,0,196,40,0,40,236
10/07/2004,LZU,GA,ASO,ES,Federal Contract Tower,0,4,71,0,75,0,5,133,0,138,0,9,204,0,213,130,0,130,343
10/08/2004,LZU,GA,ASO,ES,Federal Contract Tower,0,4,67,0,71,0,4,221,0,225,0,8,288,0,296,126,0,126,422
10/09/2004,LZU,GA,ASO,ES,Federal Contract Tower,0,3,50,0,53,0,0,76,0,76,0,3,126,0,129,20,0,20,149
10/10/2004,LZU,GA,ASO,ES,Federal Contract Tower,0,5,29,0,34,0,1,163,0,164,0,6,192,0,198,70,0,70,268
10/11/2004,LZU,GA,ASO,ES,Federal Contract Tower,0,8,48,0,56,0,2,138,0,140,0,10,186,0,196,86,0,86,282
10/12/2004,LZU,GA,ASO,ES,Federal Contract Tower,0,6,76,0,82,0,1,8,0,9,0,7,84,0,91,24,0,24,115
10/13/2004,LZU,GA,ASO,ES,Federal Contract Tower,0,10,71,0,81,0,0,70,0,70,0,10,141,0,151,58,0,58,209
10/14/2004,LZU,GA,ASO,ES,Federal Contract Tower,0,7,62,0,69,0,0,76,1,77,0,7,138,1,146,68,0,68,214
10/15/2004,LZU,GA,ASO,ES,Federal Contract Tower,0,10,45,0,55,0,3,120,0,123,0,13,165,0,178,38,0,38,216
10/16/2004,LZU,GA,ASO,ES,Federal Contract Tower,0,1,43,0,44,0,0,175,0,175,0,1,218,0,219,52,0,52,271
10/17/2004,LZU,GA,ASO,ES,Federal Contract Tower,0,1,56,0,57,0,0,297,0,297,0,1,353,0,354,166,0,166,520
10/18/2004,LZU,GA,ASO,ES,Federal Contract Tower,0,3,50,0,53,0,5,147,0,152,0,8,197,0,205,90,0,90,295
10/19/2004,LZU,GA,ASO,ES,Federal Contract Tower,0,8,42,0,50,0,2,15,0,17,0,10,57,0,67,0,0,0,67
10/20/2004,LZU,GA,ASO,ES,Federal Contract Tower,0,5,57,0,62,0,5,51,0,56,0,10,108,0,118,44,0,44,162
10/21/2004,LZU,GA,ASO,ES,Federal Contract Tower,0,14,55,0,69,0,5,18,0,23,0,19,73,0,92,14,0,14,106
10/22/2004,LZU,GA,ASO,ES,Federal Contract Tower,0,4,50,0,54,0,2,69,0,71,0,6,119,0,125,42,0,42,167
10/23/2004,LZU,GA,ASO,ES,Federal Contract Tower,0,2,43,0,45,0,0,121,0,121,0,2,164,0,166,160,0,160,326
10/24/2004,LZU,GA,ASO,ES,Federal Contract Tower,0,1,47,0,48,0,0,53,0,53,0,1,100,0,101,32,0,32,133
10/25/2004,LZU,GA,ASO,ES,Federal Contract Tower,0,4,45,0,49,0,4,206,0,210,0,8,251,0,259,116,0,116,375
10/26/2004,LZU,GA,ASO,ES,Federal Contract Tower,0,6,76,0,82,0,7,138,0,145,0,13,214,0,227,178,0,178,405
10/27/2004,LZU,GA,ASO,ES,Federal Contract Tower,0,7,61,0,68,0,5,139,0,144,0,12,200,0,212,106,0,106,318
10/28/2004,LZU,GA,ASO,ES,Federal Contract Tower,0,18,80,0,98,0,0,0,0,0,0,18,80,0,98,0,0,0,98
10/29/2004,LZU,GA,ASO,ES,Federal Contract Tower,0,11,63,0,74,0,1,31,0,32,0,12,94,0,106,12,0,12,118
10/30/2004,LZU,GA,ASO,ES,Federal Contract Tower,0,0,34,0,34,0,0,205,0,205,0,0,239,0,239,176,0,176,415
10/31/2004,LZU,GA,ASO,ES,Federal Contract Tower,0,4,37,0,41,0,0,278,0,278,0,4,315,0,319,60,0,60,379
11/01/2004,LZU,GA,ASO,ES,Federal Contract Tower,0,8,53,0,61,0,2,188,0,190,0,10,241,0,251,152,0,152,403
11/02/2004,LZU,GA,ASO,ES,Federal Contract Tower,0,4,59,0,63,0,4,52,0,56,0,8,111,0,119,48,0,48,167
11/03/2004,LZU,GA,ASO,ES,Federal Contract Tower,0,4,61,0,65,0,6,56,0,62,0,10,117,0,127,28,0,28,155
11/04/2004,LZU,GA,ASO,ES,Federal Contract Tower,0,2,60,0,62,0,6,83,0,89,0,8,143,0,151,30,0,30,181
11/05/2004,LZU,GA,ASO,ES,Federal Contract Tower,0,2,61,0,63,0,2,174,0,176,0,4,235,0,239,80,0,80,319
11/06/2004,LZU,GA,ASO,ES,Federal Contract Tower,0,2,28,0,30,0,0,336,0,336,0,2,364,0,366,166,0,166,532
11/07/2004,LZU,GA,ASO,ES,Federal Contract Tower,0,0,38,0,38,0,1,283,0,284,0,1,321,0,322,110,2,112,434
11/08/2004,LZU,GA,ASO,ES,Federal Contract Tower,0,12,56,0,68,0,1,159,0,160,0,13,215,0,228,54,0,54,282
11/09/2004,LZU,GA,ASO,ES,Federal Contract Tower,0,8,44,0,52,0,0,160,0,160,0,8,204,0,212,86,0,86,298
11/10/2004,LZU,GA,ASO,ES,Federal Contract Tower,0,8,54,0,62,0,2,146,0,148,0,10,200,0,210,78,0,78,288
11/11/2004,LZU,GA,ASO,ES,Federal Contract Tower,0,9,57,0,66,0,0,16,0,16,0,9,73,0,82,18,0,18,100
11/12/2004,LZU,GA,ASO,ES,Federal Contract Tower,0,10,72,0,82,0,0,0,0,0,0,10,72,0,82,0,0,0,82
11/13/2004,LZU,GA,ASO,ES,Federal Contract Tower,0,1,44,0,45,0,0,107,0,107,0,1,151,0,152,62,0,62,214
11/14/2004,LZU,GA,ASO,ES,Federal Contract Tower,0,0,44,2,46,0,0,128,2,130,0,0,172,4,176,84,0,84,260
11/15/2004,LZU,GA,ASO,ES,Federal Contract Tower,0,6,43,0,49,0,1,178,0,179,0,7,221,0,228,66,0,66,294
11/16/2004,LZU,GA,ASO,ES,Federal Contract Tower,0,3,46,0,49,0,5,177,0,182,0,8,223,0,231,82,0,82,313
11/17/2004,LZU,GA,ASO,ES,Federal Contract Tower,0,4,51,0,55,0,6,242,4,252,0,10,293,4,307,154,0,154,461
11/18/2004,LZU,GA,ASO,ES,Federal Contract Tower,0,6,70,0,76,0,3,198,0,201,0,9,268,0,277,116,0,116,393
11/19/2004,LZU,GA,ASO,ES,Federal Contract Tower,0,6,60,0,66,0,3,157,0,160,0,9,217,0,226,78,0,78,304
11/20/2004,LZU,GA,ASO,ES,Federal Contract Tower,0,2,44,0,46,0,0,137,0,137,0,2,181,0,183,84,0,84,267
11/21/2004,LZU,GA,ASO,ES,Federal Contract Tower,0,0,51,0,51,0,0,49,1,50,0,0,100,1,101,38,0,38,139
11/22/2004,LZU,GA,ASO,ES,Federal Contract Tower,0,8,77,0,85,0,0,0,0,0,0,8,77,0,85,0,0,0,85
11/23/2004,LZU,GA,ASO,ES,Federal Contract Tower,0,11,59,0,70,0,3,0,0,3,0,14,59,0,73,0,0,0,73
11/24/2004,LZU,GA,ASO,ES,Federal Contract Tower,0,9,28,0,37,0,1,26,0,27,0,10,54,0,64,0,0,0,64
11/25/2004,LZU,GA,ASO,ES,Federal Contract Tower,0,0,27,0,27,0,0,52,0,52,0,0,79,0,79,2,0,2,81
11/26/2004,LZU,GA,ASO,ES,Federal Contract Tower,0,5,47,0,52,0,2,298,0,300,0,7,345,0,352,90,0,90,442
11/27/2004,LZU,GA,ASO,ES,Federal Contract Tower,0,3,19,0,22,0,0,92,0,92,0,3,111,0,114,58,0,58,172
11/28/2004,LZU,GA,ASO,ES,Federal Contract Tower,0,2,59,0,61,0,1,229,0,230,0,3,288,0,291,58,0,58,349
11/29/2004,LZU,GA,ASO,ES,Federal Contract Tower,0,7,44,0,51,0,7,160,0,167,0,14,204,0,218,106,0,106,324
11/30/2004,LZU,GA,ASO,ES,Federal Contract Tower,0,7,58,0,65,0,3,3,0,6,0,10,61,0,71,2,0,2,73
12/01/2004,LZU,GA,ASO,ES,Federal Contract Tower,0,5,38,0,43,0,4,101,0,105,0,9,139,0,148,42,0,42,190
12/02/2004,LZU,GA,ASO,ES,Federal Contract Tower,0,4,61,0,65,0,5,183,0,188,0,9,244,0,253,122,0,122,375
12/03/2004,LZU,GA,ASO,ES,Federal Contract Tower,0,13,69,0,82,0,3,247,1,251,0,16,316,1,333,104,0,104,437
12/04/2004,LZU,GA,ASO,ES,Federal Contract Tower,0,0,27,0,27,0,0,394,0,394,0,0,421,0,421,122,0,122,543
12/05/2004,LZU,GA,ASO,ES,Federal Contract Tower,0,0,52,0,52,0,0,233,0,233,0,0,285,0,285,122,0,122,407
12/06/2004,LZU,GA,ASO,ES,Federal Contract Tower,0,11,53,0,64,0,0,0,0,0,0,11,53,0,64,0,0,0,64
12/07/2004,LZU,GA,ASO,ES,Federal Contract Tower,0,4,34,0,38,0,5,4,0,9,0,9,38,0,47,12,0,12,59
12/08/2004,LZU,GA,ASO,ES,Federal Contract Tower,0,7,43,0,50,0,3,195,0,198,0,10,238,0,248,116,0,116,364
12/09/2004,LZU,GA,ASO,ES,Federal Contract Tower,0,12,36,0,48,0,1,30,0,31,0,13,66,0,79,0,0,0,79
12/10/2004,LZU,GA,ASO,ES,Federal Contract Tower,0,6,44,0,50,0,5,57,0,62,0,11,101,0,112,18,0,18,130
12/11/2004,LZU,GA,ASO,ES,Federal Contract Tower,0,1,31,0,32,0,0,75,0,75,0,1,106,0,107,22,0,22,129
12/12/2004,LZU,GA,ASO,ES,Federal Contract Tower,0,1,30,0,31,0,0,245,0,245,0,1,275,0,276,142,0,142,418
12/13/2004,LZU,GA,ASO,ES,Federal Contract Tower,0,5,40,0,45,0,4,85,0,89,0,9,125,0,134,18,0,18,152
12/14/2004,LZU,GA,ASO,ES,Federal Contract Tower,0,5,49,0,54,0,5,93,0,98,0,10,142,0,152,52,0,52,204
12/15/2004,LZU,GA,ASO,ES,Federal Contract Tower,0,8,38,0,46,0,5,150,0,155,0,13,188,0,201,100,0,100,301
12/16/2004,LZU,GA,ASO,ES,Federal Contract Tower,0,9,44,0,53,0,4,171,0,175,0,13,215,0,228,110,0,110,338
12/17/2004,LZU,GA,ASO,ES,Federal Contract Tower,0,6,49,0,55,0,4,181,0,185,0,10,230,0,240,92,0,92,332
12/18/2004,LZU,GA,ASO,ES,Federal Contract Tower,0,0,31,0,31,0,1,325,0,326,0,1,356,0,357,150,0,150,507
12/19/2004,LZU,GA,ASO,ES,Federal Contract Tower,0,2,28,0,30,0,0,42,0,42,0,2,70,0,72,24,0,24,96
12/20/2004,LZU,GA,ASO,ES,Federal Contract Tower,0,3,32,0,35,0,4,126,0,130,0,7,158,0,165,154,0,154,319
12/21/2004,LZU,GA,ASO,ES,Federal Contract Tower,0,5,59,0,64,0,4,196,0,200,0,9,255,0,264,84,0,84,348
12/22/2004,LZU,GA,ASO,ES,Federal Contract Tower,0,7,32,0,39,0,11,73,0,84,0,18,105,0,123,38,0,38,161
12/23/2004,LZU,GA,ASO,ES,Federal Contract Tower,0,7,42,0,49,0,3,59,0,62,0,10,101,0,111,6,0,6,117
12/24/2004,LZU,GA,ASO,ES,Federal Contract Tower,0,3,16,0,19,0,0,77,0,77,0,3,93,0,96,46,0,46,142
12/25/2004,LZU,GA,ASO,ES,Federal Contract Tower,0,3,15,0,18,0,0,25,0,25,0,3,40,0,43,0,0,0,43
12/26/2004,LZU,GA,ASO,ES,Federal Contract Tower,0,4,36,0,40,0,2,165,0,167,0,6,201,0,207,48,0,48,255
12/27/2004,LZU,GA,ASO,ES,Federal Contract Tower,0,9,50,0,59,0,7,237,0,244,0,16,287,0,303,84,0,84,387
12/28/2004,LZU,GA,ASO,ES,Federal Contract Tower,0,11,28,0,39,0,1,198,0,199,0,12,226,0,238,112,0,112,350
12/29/2004,LZU,GA,ASO,ES,Federal Contract Tower,0,15,38,0,53,0,2,242,0,244,0,17,280,0,297,76,0,76,373
12/30/2004,LZU,GA,ASO,ES,Federal Contract Tower,0,6,41,0,47,0,5,252,0,257,0,11,293,0,304,110,0,110,414
12/31/2004,LZU,GA,ASO,ES,Federal Contract Tower,0,2,36,0,38,0,0,237,0,237,0,2,273,0,275,104,0,104,379
01/01/2005,LZU,GA,ASO,ES,Federal Contract Tower,0,1,24,0,25,0,0,241,0,241,0,1,265,0,266,140,0,140,406
01/02/2005,LZU,GA,ASO,ES,Federal Contract Tower,0,1,44,0,45,0,0,240,0,240,0,1,284,0,285,172,0,172,457
01/03/2005,LZU,GA,ASO,ES,Federal Contract Tower,0,6,35,0,41,0,1,83,0,84,0,7,118,0,125,58,0,58,183
01/04/2005,LZU,GA,ASO,ES,Federal Contract Tower,0,6,42,0,48,0,1,148,0,149,0,7,190,0,197,116,0,116,313
01/05/2005,LZU,GA,ASO,ES,Federal Contract Tower,0,6,38,0,44,0,2,162,0,164,0,8,200,0,208,120,0,120,328
01/06/2005,LZU,GA,ASO,ES,Federal Contract Tower,0,13,55,0,68,0,2,12,0,14,0,15,67,0,82,4,0,4,86
01/07/2005,LZU,GA,ASO,ES,Federal Contract Tower,0,5,44,0,49,0,3,110,0,113,0,8,154,0,162,110,0,110,272
01/08/2005,LZU,GA,ASO,ES,Federal Contract Tower,0,3,44,0,47,0,0,35,0,35,0,3,79,0,82,42,0,42,124
01/09/2005,LZU,GA,ASO,ES,Federal Contract Tower,0,2,26,0,28,0,0,316,0,316,0,2,342,0,344,122,0,122,466
01/10/2005,LZU,GA,ASO,ES,Federal Contract Tower,0,8,40,0,48,0,1,145,0,146,0,9,185,0,194,50,0,50,244
01/11/2005,LZU,GA,ASO,ES,Federal Contract Tower,0,13,55,0,68,0,5,157,0,162,0,18,212,0,230,90,0,90,320
01/12/2005,LZU,GA,ASO,ES,Federal Contract Tower,0,13,50,0,63,0,3,76,0,79,0,16,126,0,142,62,0,62,204
01/13/2005,LZU,GA,ASO,ES,Federal Contract Tower,0,7,46,0,53,0,3,15,0,18,0,10,61,0,71,8,0,8,79
01/14/2005,LZU,GA,ASO,ES,Federal Contract Tower,0,7,49,0,56,0,0,83,0,83,0,7,132,0,139,42,0,42,181
01/15/2005,LZU,GA,ASO,ES,Federal Contract Tower,0,3,27,0,30,0,0,249,0,249,0,3,276,0,279,68,0,68,347
01/16/2005,LZU,GA,ASO,ES,Federal Contract Tower,0,3,27,0,30,0,0,233,0,233,0,3,260,0,263,42,0,42,305
01/17/2005,LZU,GA,ASO,ES,Federal Contract Tower,0,4,53,0,57,0,2,135,0,137,0,6,188,0,194,34,0,34,228
01/18/2005,LZU,GA,ASO,ES,Federal Contract Tower,0,3,37,0,40,0,5,119,0,124,0,8,156,0,164,78,0,78,242
01/19/2005,LZU,GA,ASO,ES,Federal Contract Tower,0,7,43,0,50,0,3,119,0,122,0,10,162,0,172,52,0,52,224
01/20/2005,LZU,GA,ASO,ES,Federal Contract Tower,0,3,33,0,36,0,6,122,2,130,0,9,155,2,166,24,0,24,190
01/21/2005,LZU,GA,ASO,ES,Federal Contract Tower,0,8,41,0,49,0,2,217,0,219,0,10,258,0,268,138,0,138,406
01/22/2005,LZU,GA,ASO,ES,Federal Contract Tower,0,2,6,0,8,0,0,1,0,1,0,2,7,0,9,0,0,0,9
01/23/2005,LZU,GA,ASO,ES,Federal Contract Tower,0,3,22,0,25,0,0,40,0,40,0,3,62,0,65,20,0,20,85
01/24/2005,LZU,GA,ASO,ES,Federal Contract Tower,0,5,35,0,40,0,3,134,0,137,0,8,169,0,177,42,0,42,219
01/25/2005,LZU,GA,ASO,ES,Federal Contract Tower,0,7,37,0,44,0,7,155,0,162,0,14,192,0,206,87,0,87,293
01/26/2005,LZU,GA,ASO,ES,Federal Contract Tower,0,11,49,0,60,0,8,155,0,163,0,19,204,0,223,96,0,96,319
01/27/2005,LZU,GA,ASO,ES,Federal Contract Tower,0,10,31,0,41,0,3,178,0,181,0,13,209,0,222,36,0,36,258
01/28/2005,LZU,GA,ASO,ES,Federal Contract Tower,0,11,42,0,53,0,0,58,0,58,0,11,100,0,111,0,0,0,111
01/29/2005,LZU,GA,ASO,ES,Federal Contract Tower,0,0,0,0,0,0,0,0,0,0,0,0,0,0,0,0,0,0,0
01/30/2005,LZU,GA,ASO,ES,Federal Contract Tower,0,4,28,0,32,0,0,10,0,10,0,4,38,0,42,0,0,0,42
01/31/2005,LZU,GA,ASO,ES,Federal Contract Tower,0,9,56,0,65,0,3,91,0,94,0,12,147,0,159,22,0,22,181
02/01/2005,LZU,GA,ASO,ES,Federal Contract Tower,0,9,43,0,52,0,2,94,0,96,0,11,137,0,148,112,0,112,260
02/02/2005,LZU,GA,ASO,ES,Federal Contract Tower,0,12,31,0,43,0,1,0,0,1,0,13,31,0,44,0,0,0,44
02/03/2005,LZU,GA,ASO,ES,Federal Contract Tower,0,7,39,0,46,0,4,14,1,19,0,11,53,1,65,0,6,6,71
02/04/2005,LZU,GA,ASO,ES,Federal Contract Tower,0,8,41,0,49,0,0,215,0,215,0,8,256,0,264,138,0,138,402
02/05/2005,LZU,GA,ASO,ES,Federal Contract Tower,0,4,32,0,36,0,0,412,2,414,0,4,444,2,450,154,0,154,604
02/06/2005,LZU,GA,ASO,ES,Federal Contract Tower,0,0,31,0,31,0,0,308,1,309,0,0,339,1,340,172,0,172,512
02/07/2005,LZU,GA,ASO,ES,Federal Contract Tower,0,10,34,0,44,0,4,132,0,136,0,14,166,0,180,56,0,56,236
02/08/2005,LZU,GA,ASO,ES,Federal Contract Tower,0,10,73,0,83,0,2,63,0,65,0,12,136,0,148,54,0,54,202
02/09/2005,LZU,GA,ASO,ES,Federal Contract Tower,0,9,59,0,68,0,0,2,0,2,0,9,61,0,70,0,0,0,70
02/10/2005,LZU,GA,ASO,ES,Federal Contract Tower,0,5,59,0,64,0,5,46,0,51,0,10,105,0,115,12,0,12,127
02/11/2005,LZU,GA,ASO,ES,Federal Contract Tower,0,8,56,0,64,0,4,108,0,112,0,12,164,0,176,78,0,78,254
02/12/2005,LZU,GA,ASO,ES,Federal Contract Tower,0,1,35,0,36,0,0,321,0,321,0,1,356,0,357,112,0,112,469
02/13/2005,LZU,GA,ASO,ES,Federal Contract Tower,0,1,31,0,32,0,0,89,0,89,0,1,120,0,121,52,0,52,173
02/14/2005,LZU,GA,ASO,ES,Federal Contract Tower,0,10,47,0,57,0,2,1,0,3,0,12,48,0,60,0,0,0,60
02/15/2005,LZU,GA,ASO,ES,Federal Contract Tower,0,18,53,0,71,0,0,0,0,0,0,18,53,0,71,0,0,0,71
02/16/2005,LZU,GA,ASO,ES,Federal Contract Tower,0,9,58,0,67,0,2,44,0,46,0,11,102,0,113,62,0,62,175
02/17/2005,LZU,GA,ASO,ES,Federal Contract Tower,0,7,53,0,60,0,5,133,2,140,0,12,186,2,200,28,0,28,228
02/18/2005,LZU,GA,ASO,ES,Federal Contract Tower,0,11,53,0,64,0,0,162,0,162,0,11,215,0,226,64,0,64,290
02/19/2005,LZU,GA,ASO,ES,Federal Contract Tower,0,3,29,0,32,0,0,356,0,356,0,3,385,0,388,120,0,120,508
02/20/2005,LZU,GA,ASO,ES,Federal Contract Tower,0,1,40,0,41,0,0,72,0,72,0,1,112,0,113,134,0,134,247
02/21/2005,LZU,GA,ASO,ES,Federal Contract Tower,0,11,32,0,43,0,1,13,0,14,0,12,45,0,57,16,0,16,73
02/22/2005,LZU,GA,ASO,ES,Federal Contract Tower,0,10,47,0,57,0,4,173,12,189,0,14,220,12,246,48,0,48,294
02/23/2005,LZU,GA,ASO,ES,Federal Contract Tower,0,18,48,0,66,0,0,173,0,173,0,18,221,0,239,92,0,92,331
02/24/2005,LZU,GA,ASO,ES,Federal Contract Tower,0,20,56,0,76,0,0,0,0,0,0,20,56,0,76,0,0,0,76
02/25/2005,LZU,GA,ASO,ES,Federal Contract Tower,0,7,64,0,71,0,3,122,1,126,0,10,186,1,197,34,0,34,231
02/26/2005,LZU,GA,ASO,ES,Federal Contract Tower,0,1,43,0,44,0,0,335,0,335,0,1,378,0,379,124,0,124,503
02/27/2005,LZU,GA,ASO,ES,Federal Contract Tower,0,1,21,0,22,0,0,27,0,27,0,1,48,0,49,24,0,24,73
02/28/2005,LZU,GA,ASO,ES,Federal Contract Tower,0,9,45,0,54,0,3,2,0,5,0,12,47,0,59,0,0,0,59
03/01/2005,LZU,GA,ASO,ES,Federal Contract Tower,0,10,41,0,51,0,3,38,0,41,0,13,79,0,92,2,0,2,94
03/02/2005,LZU,GA,ASO,ES,Federal Contract Tower,0,8,40,0,48,0,1,116,0,117,0,9,156,0,165,24,0,24,189
03/03/2005,LZU,GA,ASO,ES,Federal Contract Tower,0,12,53,0,65,0,3,184,0,187,0,15,237,0,252,82,0,82,334
03/04/2005,LZU,GA,ASO,ES,Federal Contract Tower,0,12,72,0,84,0,7,191,4,202,0,19,263,4,286,46,0,46,332
03/05/2005,LZU,GA,ASO,ES,Federal Contract Tower,0,6,19,0,25,0,0,93,1,94,0,6,112,1,119,58,0,58,177
03/06/2005,LZU,GA,ASO,ES,Federal Contract Tower,0,5,44,0,49,0,0,257,0,257,0,5,301,0,306,122,0,122,428
03/07/2005,LZU,GA,ASO,ES,Federal Contract Tower,0,9,46,0,55,0,2,144,0,146,0,11,190,0,201,48,0,48,249
03/08/2005,LZU,GA,ASO,ES,Federal Contract Tower,0,7,30,0,37,0,2,25,2,29,0,9,55,2,66,0,0,0,66
03/09/2005,LZU,GA,ASO,ES,Federal Contract Tower,0,10,66,0,76,0,11,127,1,139,0,21,193,1,215,50,0,50,265
03/10/2005,LZU,GA,ASO,ES,Federal Contract Tower,0,12,61,0,73,0,6,174,0,180,0,18,235,0,253,44,0,44,297
03/11/2005,LZU,GA,ASO,ES,Federal Contract Tower,0,13,28,0,41,0,6,48,0,54,0,19,76,0,95,8,0,8,103
03/12/2005,LZU,GA,ASO,ES,Federal Contract Tower,0,3,13,0,16,0,0,75,0,75,0,3,88,0,91,20,0,20,111
03/13/2005,LZU,GA,ASO,ES,Federal Contract Tower,0,5,47,0,52,0,0,253,0,253,0,5,300,0,305,30,0,30,335
03/14/2005,LZU,GA,ASO,ES,Federal Contract Tower,0,11,72,0,83,0,2,37,0,39,0,13,109,0,122,16,0,16,138
03/15/2005,LZU,GA,ASO,ES,Federal Contract Tower,0,18,45,0,63,0,2,188,2,192,0,20,233,2,255,66,0,66,321
03/16/2005,LZU,GA,ASO,ES,Federal Contract Tower,0,10,40,0,50,0,0,0,0,0,0,10,40,0,50,0,0,0,50
03/17/2005,LZU,GA,ASO,ES,Federal Contract Tower,0,7,55,1,63,0,1,1,0,2,0,8,56,1,65,4,0,4,69
03/18/2005,LZU,GA,ASO,ES,Federal Contract Tower,0,9,70,0,79,0,2,172,0,174,0,11,242,0,253,106,0,106,359
03/19/2005,LZU,GA,ASO,ES,Federal Contract Tower,0,3,37,0,40,0,1,405,0,406,0,4,442,0,446,92,0,92,538
03/20/2005,LZU,GA,ASO,ES,Federal Contract Tower,0,3,53,0,56,0,0,353,0,353,0,3,406,0,409,104,0,104,513
03/21/2005,LZU,GA,ASO,ES,Federal Contract Tower,0,10,40,0,50,0,6,137,4,147,0,16,177,4,197,80,0,80,277
03/22/2005,LZU,GA,ASO,ES,Federal Contract Tower,0,9,30,0,39,0,2,25,0,27,0,11,55,0,66,26,0,26,92
03/23/2005,LZU,GA,ASO,ES,Federal Contract Tower,0,7,44,0,51,0,7,93,0,100,0,14,137,0,151,50,0,50,201
03/24/2005,LZU,GA,ASO,ES,Federal Contract Tower,0,7,72,0,79,0,6,213,0,219,0,13,285,0,298,60,0,60,358
03/25/2005,LZU,GA,ASO,ES,Federal Contract Tower,0,4,43,0,47,0,5,247,2,254,0,9,290,2,301,100,0,100,401
03/26/2005,LZU,GA,ASO,ES,Federal Contract Tower,0,3,27,0,30,0,0,276,0,276,0,3,303,0,306,118,0,118,424
03/27/2005,LZU,GA,ASO,ES,Federal Contract Tower,0,1,6,0,7,0,0,0,0,0,0,1,6,0,7,0,0,0,7
03/28/2005,LZU,GA,ASO,ES,Federal Contract Tower,0,15,48,0,63,0,1,25,0,26,0,16,73,0,89,2,0,2,91
03/29/2005,LZU,GA,ASO,ES,Federal Contract Tower,0,18,70,0,88,0,2,263,0,265,0,20,333,0,353,146,0,146,499
03/30/2005,LZU,GA,ASO,ES,Federal Contract Tower,0,18,42,0,60,0,5,296,0,301,0,23,338,0,361,158,0,158,519
03/31/2005,LZU,GA,ASO,ES,Federal Contract Tower,0,6,50,0,56,0,3,24,0,27,0,9,74,0,83,0,0,0,83
04/01/2005,LZU,GA,ASO,ES,Federal Contract Tower,0,17,40,0,57,0,1,2,0,3,0,18,42,0,60,8,0,8,68
04/02/2005,LZU,GA,ASO,ES,Federal Contract Tower,0,6,40,0,46,0,2,30,0,32,0,8,70,0,78,18,0,18,96
04/03/2005,LZU,GA,ASO,ES,Federal Contract Tower,0,7,47,0,54,0,0,93,0,93,0,7,140,0,147,4,0,4,151
04/04/2005,LZU,GA,ASO,ES,Federal Contract Tower,0,17,34,0,51,0,0,308,0,308,0,17,342,0,359,158,0,158,517
04/05/2005,LZU,GA,ASO,ES,Federal Contract Tower,0,4,40,0,44,0,5,275,0,280,0,9,315,0,324,92,0,92,416
04/06/2005,LZU,GA,ASO,ES,Federal Contract Tower,0,13,39,0,52,0,5,136,0,141,0,18,175,0,193,80,0,80,273
04/07/2005,LZU,GA,ASO,ES,Federal Contract Tower,0,7,40,0,47,0,1,22,0,23,0,8,62,0,70,6,0,6,76
04/08/2005,LZU,GA,ASO,ES,Federal Contract Tower,0,9,53,0,62,0,3,63,0,66,0,12,116,0,128,48,0,48,176
04/09/2005,LZU,GA,ASO,ES,Federal Contract Tower,0,0,46,0,46,0,0,208,0,208,0,0,254,0,254,114,0,114,368
04/10/2005,LZU,GA,ASO,ES,Federal Contract Tower,0,3,45,0,48,0,0,429,0,429,0,3,474,0,477,140,0,140,617
04/11/2005,LZU,GA,ASO,ES,Federal Contract Tower,0,5,48,0,53,0,4,185,1,190,0,9,233,1,243,70,0,70,313
04/12/2005,LZU,GA,ASO,ES,Federal Contract Tower,0,7,44,0,51,0,5,87,0,92,0,12,131,0,143,0,0,0,143
04/13/2005,LZU,GA,ASO,ES,Federal Contract Tower,0,7,49,0,56,0,4,81,0,85,0,11,130,0,141,102,0,102,243
04/14/2005,LZU,GA,ASO,ES,Federal Contract Tower,0,4,62,0,66,0,9,149,0,158,0,13,211,0,224,60,0,60,284
04/15/2005,LZU,GA,ASO,ES,Federal Contract Tower,0,8,64,0,72,0,9,253,0,262,0,17,317,0,334,98,0,98,432
04/16/2005,LZU,GA,ASO,ES,Federal Contract Tower,0,3,32,0,35,0,3,333,0,336,0,6,365,0,371,150,0,150,521
04/17/2005,LZU,GA,ASO,ES,Federal Contract Tower,0,6,43,0,49,0,0,389,0,389,0,6,432,0,438,146,0,146,584
04/18/2005,LZU,GA,ASO,ES,Federal Contract Tower,0,7,39,0,46,0,5,178,0,183,0,12,217,0,229,130,0,130,359
04/19/2005,LZU,GA,ASO,ES,Federal Contract Tower,0,9,52,0,61,0,3,184,0,187,0,12,236,0,248,150,0,150,398
04/20/2005,LZU,GA,ASO,ES,Federal Contract Tower,0,9,46,0,55,0,4,162,0,166,0,13,208,0,221,120,0,120,341
04/21/2005,LZU,GA,ASO,ES,Federal Contract Tower,0,15,49,0,64,0,3,126,0,129,0,18,175,0,193,60,0,60,253
04/22/2005,LZU,GA,ASO,ES,Federal Contract Tower,0,17,45,0,62,0,4,100,0,104,0,21,145,0,166,60,0,60,226
04/23/2005,LZU,GA,ASO,ES,Federal Contract Tower,0,2,20,0,22,0,0,81,0,81,0,2,101,0,103,34,0,34,137
04/24/2005,LZU,GA,ASO,ES,Federal Contract Tower,0,3,35,0,38,0,0,71,0,71,0,3,106,0,109,8,0,8,117
04/25/2005,LZU,GA,ASO,ES,Federal Contract Tower,0,2,61,0,63,0,5,196,0,201,0,7,257,0,264,144,0,144,408
04/26/2005,LZU,GA,ASO,ES,Federal Contract Tower,0,4,38,0,42,0,0,7,0,7,0,4,45,0,49,22,0,22,71
04/27/2005,LZU,GA,ASO,ES,Federal Contract Tower,0,7,44,0,51,0,7,67,0,74,0,14,111,0,125,22,0,22,147
04/28/2005,LZU,GA,ASO,ES,Federal Contract Tower,0,3,45,0,48,0,6,290,0,296,0,9,335,0,344,110,0,110,454
04/29/2005,LZU,GA,ASO,ES,Federal Contract Tower,0,9,58,0,67,0,3,161,0,164,0,12,219,0,231,90,0,90,321
04/30/2005,LZU,GA,ASO,ES,Federal Contract Tower,0,1,15,0,16,0,0,7,0,7,0,1,22,0,23,0,0,0,23
05/01/2005,LZU,GA,ASO,ES,Federal Contract Tower,0,3,34,0,37,0,0,256,0,256,0,3,290,0,293,116,0,116,409
05/02/2005,LZU,GA,ASO,ES,Federal Contract Tower,0,9,49,0,58,0,1,184,0,185,0,10,233,0,243,160,0,160,403
05/03/2005,LZU,GA,ASO,ES,Federal Contract Tower,0,10,37,0,47,0,2,170,0,172,0,12,207,0,219,122,0,122,341
05/04/2005,LZU,GA,ASO,ES,Federal Contract Tower,0,8,45,0,53,0,1,194,0,195,0,9,239,0,248,122,0,122,370
05/05/2005,LZU,GA,ASO,ES,Federal Contract Tower,0,11,61,0,72,0,3,25,0,28,0,14,86,0,100,28,0,28,128
05/06/2005,LZU,GA,ASO,ES,Federal Contract Tower,0,8,50,0,58,0,3,211,0,214,0,11,261,0,272,144,0,144,416
05/07/2005,LZU,GA,ASO,ES,Federal Contract Tower,0,0,17,0,17,0,0,336,0,336,0,0,353,0,353,220,0,220,573
05/08/2005,LZU,GA,ASO,ES,Federal Contract Tower,0,1,43,0,44,0,0,169,0,169,0,1,212,0,213,86,0,86,299
05/09/2005,LZU,GA,ASO,ES,Federal Contract Tower,0,6,43,0,49,0,2,147,0,149,0,8,190,0,198,56,0,56,254
05/10/2005,LZU,GA,ASO,ES,Federal Contract Tower,0,6,43,0,49,0,4,119,0,123,0,10,162,0,172,58,0,58,230
05/11/2005,LZU,GA,ASO,ES,Federal Contract Tower,0,9,43,0,52,0,3,176,0,179,0,12,219,0,231,60,0,60,291
05/12/2005,LZU,GA,ASO,ES,Federal Contract Tower,0,10,59,0,69,0,5,156,0,161,0,15,215,0,230,70,0,70,300
05/13/2005,LZU,GA,ASO,ES,Federal Contract Tower,0,10,49,0,59,0,3,168,0,171,0,13,217,0,230,92,0,92,322
05/14/2005,LZU,GA,ASO,ES,Federal Contract Tower,0,0,23,0,23,0,0,214,0,214,0,0,237,0,237,164,0,164,401
05/15/2005,LZU,GA,ASO,ES,Federal Contract Tower,0,5,35,0,40,0,0,87,1,88,0,5,122,1,128,74,0,74,202
05/16/2005,LZU,GA,ASO,ES,Federal Contract Tower,0,7,44,0,51,0,5,262,0,267,0,12,306,0,318,98,0,98,416
05/17/2005,LZU,GA,ASO,ES,Federal Contract Tower,0,6,44,0,50,0,7,185,0,192,0,13,229,0,242,48,0,48,290
05/18/2005,LZU,GA,ASO,ES,Federal Contract Tower,0,5,54,0,59,0,5,104,6,115,0,10,158,6,174,74,0,74,248
05/19/2005,LZU,GA,ASO,ES,Federal Contract Tower,0,8,53,0,61,0,2,68,0,70,0,10,121,0,131,76,0,76,207
05/20/2005,LZU,GA,ASO,ES,Federal Contract Tower,0,7,29,0,36,0,2,61,0,63,0,9,90,0,99,4,0,4,103
05/21/2005,LZU,GA,ASO,ES,Federal Contract Tower,0,3,41,0,44,0,0,91,0,91,0,3,132,0,135,102,0,102,237
05/22/2005,LZU,GA,ASO,ES,Federal Contract Tower,0,3,51,0,54,0,0,141,0,141,0,3,192,0,195,102,0,102,297
05/23/2005,LZU,GA,ASO,ES,Federal Contract Tower,0,12,41,0,53,0,9,120,0,129,0,21,161,0,182,56,0,56,238
05/24/2005,LZU,GA,ASO,ES,Federal Contract Tower,0,7,49,0,56,0,6,121,2,129,0,13,170,2,185,28,0,28,213
05/25/2005,LZU,GA,ASO,ES,Federal Contract Tower,0,12,55,0,67,0,3,184,0,187,0,15,239,0,254,82,0,82,336
05/26/2005,LZU,GA,ASO,ES,Federal Contract Tower,0,3,41,0,44,0,7,182,0,189,0,10,223,0,233,128,0,128,361
05/27/2005,LZU,GA,ASO,ES,Federal Contract Tower,0,5,79,0,84,0,6,236,0,242,0,11,315,0,326,136,0,136,462
05/28/2005,LZU,GA,ASO,ES,Federal Contract Tower,0,0,24,0,24,0,0,187,0,187,0,0,211,0,211,106,0,106,317
05/29/2005,LZU,GA,ASO,ES,Federal Contract Tower,0,0,32,0,32,0,0,120,0,120,0,0,152,0,152,64,0,64,216
05/30/2005,LZU,GA,ASO,ES,Federal Contract Tower,0,4,43,0,47,0,0,2,0,2,0,4,45,0,49,0,0,0,49
05/31/2005,LZU,GA,ASO,ES,Federal Contract Tower,0,10,41,0,51,0,4,24,0,28,0,14,65,0,79,18,0,18,97
06/01/2005,LZU,GA,ASO,ES,Federal Contract Tower,0,7,44,0,51,0,0,0,0,0,0,7,44,0,51,0,0,0,51
06/02/2005,LZU,GA,ASO,ES,Federal Contract Tower,0,10,56,0,66,0,0,0,0,0,0,10,56,0,66,4,0,4,70
06/03/2005,LZU,GA,ASO,ES,Federal Contract Tower,0,13,65,0,78,0,0,0,0,0,0,13,65,0,78,0,0,0,78
06/04/2005,LZU,GA,ASO,ES,Federal Contract Tower,0,1,58,0,59,0,0,120,0,120,0,1,178,0,179,110,0,110,289
06/05/2005,LZU,GA,ASO,ES,Federal Contract Tower,0,7,51,0,58,0,0,93,0,93,0,7,144,0,151,64,0,64,215
06/06/2005,LZU,GA,ASO,ES,Federal Contract Tower,0,10,50,0,60,0,3,114,0,117,0,13,164,0,177,102,0,102,279
06/07/2005,LZU,GA,ASO,ES,Federal Contract Tower,0,9,41,0,50,0,0,148,0,148,0,9,189,0,198,80,0,80,278
06/08/2005,LZU,GA,ASO,ES,Federal Contract Tower,0,10,62,0,72,0,4,82,0,86,0,14,144,0,158,136,0,136,294
06/09/2005,LZU,GA,ASO,ES,Federal Contract Tower,0,6,66,0,72,0,4,84,0,88,0,10,150,0,160,54,0,54,214
06/10/2005,LZU,GA,ASO,ES,Federal Contract Tower,0,9,56,0,65,0,5,106,0,111,0,14,162,0,176,84,0,84,260
06/11/2005,LZU,GA,ASO,ES,Federal Contract Tower,0,1,42,0,43,0,1,39,0,40,0,2,81,0,83,30,0,30,113
06/12/2005,LZU,GA,ASO,ES,Federal Contract Tower,0,6,46,0,52,0,0,10,0,10,0,6,56,0,62,0,0,0,62
06/13/2005,LZU,GA,ASO,ES,Federal Contract Tower,0,3,51,0,54,0,6,161,0,167,0,9,212,0,221,134,0,134,355
06/14/2005,LZU,GA,ASO,ES,Federal Contract Tower,0,10,44,0,54,0,2,151,0,153,0,12,195,0,207,130,0,130,337
06/15/2005,LZU,GA,ASO,ES,Federal Contract Tower,0,9,38,1,48,0,2,174,0,176,0,11,212,1,224,88,0,88,312
06/16/2005,LZU,GA,ASO,ES,Federal Contract Tower,0,7,39,0,46,0,4,157,0,161,0,11,196,0,207,120,0,120,327
06/17/2005,LZU,GA,ASO,ES,Federal Contract Tower,0,9,56,0,65,0,5,222,0,227,0,14,278,0,292,150,0,150,442
06/18/2005,LZU,GA,ASO,ES,Federal Contract Tower,0,2,26,0,28,0,0,311,0,311,0,2,337,0,339,140,0,140,479
06/19/2005,LZU,GA,ASO,ES,Federal Contract Tower,0,5,41,0,46,0,2,206,9,217,0,7,247,9,263,104,0,104,367
06/20/2005,LZU,GA,ASO,ES,Federal Contract Tower,0,4,39,0,43,0,5,129,0,134,0,9,168,0,177,166,0,166,343
06/21/2005,LZU,GA,ASO,ES,Federal Contract Tower,0,12,40,0,52,0,0,128,0,128,0,12,168,0,180,70,0,70,250
06/22/2005,LZU,GA,ASO,ES,Federal Contract Tower,0,7,51,0,58,0,3,164,2,169,0,10,215,2,227,276,0,276,503
06/23/2005,LZU,GA,ASO,ES,Federal Contract Tower,0,7,46,0,53,0,5,152,0,157,0,12,198,0,210,124,0,124,334
06/24/2005,LZU,GA,ASO,ES,Federal Contract Tower,0,8,60,0,68,0,4,145,0,149,0,12,205,0,217,128,0,128,345
06/25/2005,LZU,GA,ASO,ES,Federal Contract Tower,0,4,47,0,51,0,0,164,0,164,0,4,211,0,215,94,0,94,309
06/26/2005,LZU,GA,ASO,ES,Federal Contract Tower,0,4,55,0,59,0,0,4,0,4,0,4,59,0,63,0,0,0,63
06/27/2005,LZU,GA,ASO,ES,Federal Contract Tower,0,8,56,0,64,0,4,68,0,72,0,12,124,0,136,132,0,132,268
06/28/2005,LZU,GA,ASO,ES,Federal Contract Tower,0,5,71,0,76,0,1,57,0,58,0,6,128,0,134,76,0,76,210
06/29/2005,LZU,GA,ASO,ES,Federal Contract Tower,0,8,54,1,63,0,2,81,0,83,0,10,135,1,146,118,0,118,264
06/30/2005,LZU,GA,ASO,ES,Federal Contract Tower,0,5,54,1,60,0,3,145,3,151,0,8,199,4,211,122,0,122,333
07/01/2005,LZU,GA,ASO,ES,Federal Contract Tower,0,1,59,0,60,0,6,171,0,177,0,7,230,0,237,130,0,130,367
07/02/2005,LZU,GA,ASO,ES,Federal Contract Tower,0,8,39,0,47,0,0,270,0,270,0,8,309,0,317,62,0,62,379
07/03/2005,LZU,GA,ASO,ES,Federal Contract Tower,0,0,33,0,33,0,1,34,0,35,0,1,67,0,68,32,0,32,100
07/04/2005,LZU,GA,ASO,ES,Federal Contract Tower,0,2,35,0,37,0,0,45,0,45,0,2,80,0,82,22,0,22,104
07/05/2005,LZU,GA,ASO,ES,Federal Contract Tower,0,7,46,0,53,0,2,85,0,87,0,9,131,0,140,34,0,34,174
07/06/2005,LZU,GA,ASO,ES,Federal Contract Tower,0,9,51,0,60,0,2,51,0,53,0,11,102,0,113,88,0,88,201
07/07/2005,LZU,GA,ASO,ES,Federal Contract Tower,0,10,53,0,63,0,2,10,0,12,0,12,63,0,75,12,0,12,87
07/08/2005,LZU,GA,ASO,ES,Federal Contract Tower,0,4,44,0,48,0,6,235,0,241,0,10,279,0,289,96,0,96,385
07/09/2005,LZU,GA,ASO,ES,Federal Contract Tower,0,0,28,0,28,0,0,253,0,253,0,0,281,0,281,156,0,156,437
07/10/2005,LZU,GA,ASO,ES,Federal Contract Tower,0,2,28,0,30,0,0,16,0,16,0,2,44,0,46,12,0,12,58
07/11/2005,LZU,GA,ASO,ES,Federal Contract Tower,0,12,22,0,34,0,2,22,0,24,0,14,44,0,58,14,0,14,72
07/12/2005,LZU,GA,ASO,ES,Federal Contract Tower,0,14,38,0,52,0,3,35,0,38,0,17,73,0,90,36,0,36,126
07/13/2005,LZU,GA,ASO,ES,Federal Contract Tower,0,8,48,0,56,0,3,59,0,62,0,11,107,0,118,72,0,72,190
07/14/2005,LZU,GA,ASO,ES,Federal Contract Tower,0,10,67,2,79,0,1,62,0,63,0,11,129,2,142,92,0,92,234
07/15/2005,LZU,GA,ASO,ES,Federal Contract Tower,0,12,73,1,86,0,3,70,0,73,0,15,143,1,159,80,0,80,239
07/16/2005,LZU,GA,ASO,ES,Federal Contract Tower,0,2,33,0,35,0,0,68,0,68,0,2,101,0,103,38,0,38,141
07/17/2005,LZU,GA,ASO,ES,Federal Contract Tower,0,2,38,0,40,0,0,195,0,195,0,2,233,0,235,96,0,96,331
07/18/2005,LZU,GA,ASO,ES,Federal Contract Tower,0,16,41,0,57,0,0,195,0,195,0,16,236,0,252,176,0,176,428
07/19/2005,LZU,GA,ASO,ES,Federal Contract Tower,0,8,43,0,51,0,4,142,0,146,0,12,185,0,197,86,0,86,283
07/20/2005,LZU,GA,ASO,ES,Federal Contract Tower,0,4,38,0,42,0,2,141,0,143,0,6,179,0,185,126,0,126,311
07/21/2005,LZU,GA,ASO,ES,Federal Contract Tower,0,4,62,0,66,0,3,83,12,98,0,7,145,12,164,74,0,74,238
07/22/2005,LZU,GA,ASO,ES,Federal Contract Tower,0,8,82,0,90,0,1,55,0,56,0,9,137,0,146,54,0,54,200
07/23/2005,LZU,GA,ASO,ES,Federal Contract Tower,0,0,28,0,28,0,0,296,0,296,0,0,324,0,324,216,0,216,540
07/24/2005,LZU,GA,ASO,ES,Federal Contract Tower,0,3,51,0,54,0,0,224,0,224,0,3,275,0,278,168,0,168,446
07/25/2005,LZU,GA,ASO,ES,Federal Contract Tower,0,3,47,0,50,0,4,153,0,157,0,7,200,0,207,116,0,116,323
07/26/2005,LZU,GA,ASO,ES,Federal Contract Tower,0,6,27,3,36,0,3,216,0,219,0,9,243,3,255,166,0,166,421
07/27/2005,LZU,GA,ASO,ES,Federal Contract Tower,0,12,58,0,70,0,1,117,2,120,0,13,175,2,190,148,0,148,338
07/28/2005,LZU,GA,ASO,ES,Federal Contract Tower,0,13,55,2,70,0,2,100,0,102,0,15,155,2,172,80,0,80,252
07/29/2005,LZU,GA,ASO,ES,Federal Contract Tower,0,15,77,0,92,0,0,2,0,2,0,15,79,0,94,2,0,2,96
07/30/2005,LZU,GA,ASO,ES,Federal Contract Tower,0,2,33,0,35,0,0,3,0,3,0,2,36,0,38,0,0,0,38
07/31/2005,LZU,GA,ASO,ES,Federal Contract Tower,0,1,54,0,55,0,0,65,0,65,0,1,119,0,120,80,0,80,200
08/01/2005,LZU,GA,ASO,ES,Federal Contract Tower,0,11,45,0,56,0,0,78,0,78,0,11,123,0,134,44,0,44,178
08/02/2005,LZU,GA,ASO,ES,Federal Contract Tower,0,4,46,0,50,0,5,185,2,192,0,9,231,2,242,152,0,152,394
08/03/2005,LZU,GA,ASO,ES,Federal Contract Tower,0,6,55,0,61,0,4,166,0,170,0,10,221,0,231,164,0,164,395
08/04/2005,LZU,GA,ASO,ES,Federal Contract Tower,0,10,79,0,89,0,5,109,0,114,0,15,188,0,203,140,0,140,343
08/05/2005,LZU,GA,ASO,ES,Federal Contract Tower,0,10,62,0,72,0,6,157,0,163,0,16,219,0,235,90,0,90,325
08/06/2005,LZU,GA,ASO,ES,Federal Contract Tower,0,1,37,0,38,0,0,186,0,186,0,1,223,0,224,112,0,112,336
08/07/2005,LZU,GA,ASO,ES,Federal Contract Tower,0,1,49,0,50,0,0,0,0,0,0,1,49,0,50,0,0,0,50
08/08/2005,LZU,GA,ASO,ES,Federal Contract Tower,0,8,49,0,57,0,2,33,0,35,0,10,82,0,92,10,0,10,102
08/09/2005,LZU,GA,ASO,ES,Federal Contract Tower,0,10,48,0,58,0,4,95,2,101,0,14,143,2,159,66,0,66,225
08/10/2005,LZU,GA,ASO,ES,Federal Contract Tower,0,7,42,0,49,0,5,118,0,123,0,12,160,0,172,70,0,70,242
08/11/2005,LZU,GA,ASO,ES,Federal Contract Tower,0,7,60,0,67,0,3,154,0,157,0,10,214,0,224,118,0,118,342
08/12/2005,LZU,GA,ASO,ES,Federal Contract Tower,0,12,50,0,62,0,6,168,0,174,0,18,218,0,236,98,0,98,334
08/13/2005,LZU,GA,ASO,ES,Federal Contract Tower,0,2,37,0,39,0,0,162,0,162,0,2,199,0,201,92,0,92,293
08/14/2005,LZU,GA,ASO,ES,Federal Contract Tower,0,3,31,0,34,0,0,208,0,208,0,3,239,0,242,88,0,88,330
08/15/2005,LZU,GA,ASO,ES,Federal Contract Tower,0,9,45,0,54,0,1,140,0,141,0,10,185,0,195,106,0,106,301
08/16/2005,LZU,GA,ASO,ES,Federal Contract Tower,0,13,56,0,69,0,4,178,1,183,0,17,234,1,252,118,0,118,370
08/17/2005,LZU,GA,ASO,ES,Federal Contract Tower,0,10,70,0,80,0,0,144,1,145,0,10,214,1,225,202,0,202,427
08/18/2005,LZU,GA,ASO,ES,Federal Contract Tower,0,6,50,1,57,0,6,104,2,112,0,12,154,3,169,98,0,98,267
08/19/2005,LZU,GA,ASO,ES,Federal Contract Tower,0,9,79,0,88,0,1,161,0,162,0,10,240,0,250,214,0,214,464
08/20/2005,LZU,GA,ASO,ES,Federal Contract Tower,0,2,33,0,35,0,0,283,0,283,0,2,316,0,318,164,0,164,482
08/21/2005,LZU,GA,ASO,ES,Federal Contract Tower,0,3,37,0,40,0,0,193,0,193,0,3,230,0,233,106,0,106,339
08/22/2005,LZU,GA,ASO,ES,Federal Contract Tower,0,8,28,0,36,0,1,182,0,183,0,9,210,0,219,160,0,160,379
08/23/2005,LZU,GA,ASO,ES,Federal Contract Tower,0,4,56,0,60,0,6,103,1,110,0,10,159,1,170,132,0,132,302
08/24/2005,LZU,GA,ASO,ES,Federal Contract Tower,0,4,85,0,89,0,3,59,0,62,0,7,144,0,151,58,0,58,209
08/25/2005,LZU,GA,ASO,ES,Federal Contract Tower,0,21,69,0,90,0,2,91,3,96,0,23,160,3,186,92,0,92,278
08/26/2005,LZU,GA,ASO,ES,Federal Contract Tower,0,7,55,0,62,0,4,162,0,166,0,11,217,0,228,98,0,98,326
08/27/2005,LZU,GA,ASO,ES,Federal Contract Tower,0,2,37,0,39,0,1,256,0,257,0,3,293,0,296,182,0,182,478
08/28/2005,LZU,GA,ASO,ES,Federal Contract Tower,0,6,34,0,40,0,0,117,0,117,0,6,151,0,157,80,0,80,237
08/29/2005,LZU,GA,ASO,ES,Federal Contract Tower,0,8,21,0,29,0,1,58,0,59,0,9,79,0,88,42,0,42,130
08/30/2005,LZU,GA,ASO,ES,Federal Contract Tower,0,7,17,0,24,0,5,6,0,11,0,12,23,0,35,0,0,0,35
08/31/2005,LZU,GA,ASO,ES,Federal Contract Tower,0,6,43,0,49,0,3,160,0,163,0,9,203,0,212,144,0,144,356
09/01/2005,LZU,GA,ASO,ES,Federal Contract Tower,0,2,51,0,53,0,5,180,0,185,0,7,231,0,238,110,0,110,348
09/02/2005,LZU,GA,ASO,ES,Federal Contract Tower,0,5,64,0,69,0,5,242,0,247,0,10,306,0,316,184,0,184,500
09/03/2005,LZU,GA,ASO,ES,Federal Contract Tower,0,0,20,0,20,0,2,242,0,244,0,2,262,0,264,176,0,176,440
09/04/2005,LZU,GA,ASO,ES,Federal Contract Tower,0,1,26,0,27,0,0,200,0,200,0,1,226,0,227,100,0,100,327
09/05/2005,LZU,GA,ASO,ES,Federal Contract Tower,0,4,43,0,47,0,0,187,0,187,0,4,230,0,234,78,0,78,312
09/06/2005,LZU,GA,ASO,ES,Federal Contract Tower,0,7,44,0,51,0,7,115,0,122,0,14,159,0,173,36,0,36,209
09/07/2005,LZU,GA,ASO,ES,Federal Contract Tower,0,5,47,0,52,0,5,183,0,188,0,10,230,0,240,166,0,166,406
09/08/2005,LZU,GA,ASO,ES,Federal Contract Tower,0,5,51,0,56,0,4,167,0,171,0,9,218,0,227,120,0,120,347
09/09/2005,LZU,GA,ASO,ES,Federal Contract Tower,0,8,39,0,47,0,9,175,0,184,0,17,214,0,231,96,0,96,327
09/10/2005,LZU,GA,ASO,ES,Federal Contract Tower,0,2,27,0,29,0,0,241,1,242,0,2,268,1,271,154,0,154,425
09/11/2005,LZU,GA,ASO,ES,Federal Contract Tower,0,3,32,0,35,0,1,160,0,161,0,4,192,0,196,50,0,50,246
09/12/2005,LZU,GA,ASO,ES,Federal Contract Tower,0,7,33,0,40,0,6,127,0,133,0,13,160,0,173,128,0,128,301
09/13/2005,LZU,GA,ASO,ES,Federal Contract Tower,0,7,54,0,61,0,4,183,0,187,0,11,237,0,248,82,0,82,330
09/14/2005,LZU,GA,ASO,ES,Federal Contract Tower,0,10,52,0,62,0,3,133,0,136,0,13,185,0,198,160,0,160,358
09/15/2005,LZU,GA,ASO,ES,Federal Contract Tower,0,7,60,0,67,0,3,131,0,134,0,10,191,0,201,134,0,134,335
09/16/2005,LZU,GA,ASO,ES,Federal Contract Tower,0,10,50,0,60,0,6,115,0,121,0,16,165,0,181,142,0,142,323
09/17/2005,LZU,GA,ASO,ES,Federal Contract Tower,0,4,40,0,44,0,0,183,0,183,0,4,223,0,227,42,0,42,269
09/18/2005,LZU,GA,ASO,ES,Federal Contract Tower,0,4,30,0,34,0,0,198,2,200,0,4,228,2,234,68,0,68,302
09/19/2005,LZU,GA,ASO,ES,Federal Contract Tower,0,14,39,0,53,0,2,148,0,150,0,16,187,0,203,112,0,112,315
09/20/2005,LZU,GA,ASO,ES,Federal Contract Tower,0,10,50,0,60,0,3,129,1,133,0,13,179,1,193,108,0,108,301
09/21/2005,LZU,GA,ASO,ES,Federal Contract Tower,0,9,54,0,63,0,1,126,0,127,0,10,180,0,190,114,0,114,304
09/22/2005,LZU,GA,ASO,ES,Federal Contract Tower,0,6,63,2,71,0,6,83,0,89,0,12,146,2,160,70,0,70,230
09/23/2005,LZU,GA,ASO,ES,Federal Contract Tower,0,3,34,1,38,0,4,155,0,159,0,7,189,1,197,100,0,100,297
09/24/2005,LZU,GA,ASO,ES,Federal Contract Tower,0,0,34,0,34,0,0,159,0,159,0,0,193,0,193,78,0,78,271
09/25/2005,LZU,GA,ASO,ES,Federal Contract Tower,0,6,38,0,44,0,0,63,0,63,0,6,101,0,107,18,0,18,125
09/26/2005,LZU,GA,ASO,ES,Federal Contract Tower,0,6,38,0,44,0,7,51,0,58,0,13,89,0,102,42,0,42,144
09/27/2005,LZU,GA,ASO,ES,Federal Contract Tower,0,3,47,0,50,0,5,126,0,131,0,8,173,0,181,98,0,98,279
09/28/2005,LZU,GA,ASO,ES,Federal Contract Tower,0,10,81,0,91,0,3,43,0,46,0,13,124,0,137,26,0,26,163
09/29/2005,LZU,GA,ASO,ES,Federal Contract Tower,0,12,64,0,76,0,3,102,0,105,0,15,166,0,181,72,0,72,253
09/30/2005,LZU,GA,ASO,ES,Federal Contract Tower,0,7,37,0,44,0,5,224,0,229,0,12,261,0,273,100,0,100,373
10/01/2005,LZU,GA,ASO,ES,Federal Contract Tower,0,0,56,0,56,0,12,205,0,217,0,12,261,0,273,100,0,100,373
10/02/2005,LZU,GA,ASO,ES,Federal Contract Tower,0,0,46,0,46,0,2,233,2,237,0,2,279,2,283,120,0,120,403
10/03/2005,LZU,GA,ASO,ES,Federal Contract Tower,0,9,28,0,37,0,9,146,1,156,0,18,174,1,193,92,0,92,285
10/04/2005,LZU,GA,ASO,ES,Federal Contract Tower,0,6,39,0,45,0,5,133,0,138,0,11,172,0,183,66,0,66,249
10/05/2005,LZU,GA,ASO,ES,Federal Contract Tower,0,7,42,0,49,0,7,67,0,74,0,14,109,0,123,126,0,126,249
10/06/2005,LZU,GA,ASO,ES,Federal Contract Tower,0,16,40,0,56,0,0,0,0,0,0,16,40,0,56,0,0,0,56
10/07/2005,LZU,GA,ASO,ES,Federal Contract Tower,0,12,45,0,57,0,0,0,0,0,0,12,45,0,57,0,0,0,57
10/08/2005,LZU,GA,ASO,ES,Federal Contract Tower,0,0,45,0,45,0,1,150,0,151,0,1,195,0,196,44,0,44,240
10/09/2005,LZU,GA,ASO,ES,Federal Contract Tower,0,2,45,0,47,0,0,0,0,0,0,2,45,0,47,48,0,48,95
10/10/2005,LZU,GA,ASO,ES,Federal Contract Tower,0,11,65,0,76,0,0,4,0,4,0,11,69,0,80,0,0,0,80
10/11/2005,LZU,GA,ASO,ES,Federal Contract Tower,0,10,49,0,59,0,5,176,0,181,0,15,225,0,240,166,0,166,406
10/12/2005,LZU,GA,ASO,ES,Federal Contract Tower,0,17,44,0,61,0,2,112,1,115,0,19,156,1,176,156,0,156,332
10/13/2005,LZU,GA,ASO,ES,Federal Contract Tower,0,13,64,0,77,0,0,91,0,91,0,13,155,0,168,112,0,112,280
10/14/2005,LZU,GA,ASO,ES,Federal Contract Tower,0,3,64,0,67,0,4,124,0,128,0,7,188,0,195,26,0,26,221
10/15/2005,LZU,GA,ASO,ES,Federal Contract Tower,0,4,34,0,38,0,0,269,0,269,0,4,303,0,307,82,0,82,389
10/16/2005,LZU,GA,ASO,ES,Federal Contract Tower,0,4,45,0,49,0,0,280,0,280,0,4,325,0,329,98,0,98,427
10/17/2005,LZU,GA,ASO,ES,Federal Contract Tower,0,6,38,0,44,0,8,187,0,195,0,14,225,0,239,100,0,100,339
10/18/2005,LZU,GA,ASO,ES,Federal Contract Tower,0,7,57,0,64,0,8,211,0,219,0,15,268,0,283,78,0,78,361
10/19/2005,LZU,GA,ASO,ES,Federal Contract Tower,0,7,49,0,56,0,6,200,2,208,0,13,249,2,264,136,0,136,400
10/20/2005,LZU,GA,ASO,ES,Federal Contract Tower,0,13,57,0,70,0,3,133,0,136,0,16,190,0,206,110,0,110,316
10/21/2005,LZU,GA,ASO,ES,Federal Contract Tower,0,8,49,0,57,0,6,129,0,135,0,14,178,0,192,68,0,68,260
10/22/2005,LZU,GA,ASO,ES,Federal Contract Tower,0,2,33,0,35,0,0,136,0,136,0,2,169,0,171,130,0,130,301
10/23/2005,LZU,GA,ASO,ES,Federal Contract Tower,0,5,43,0,48,0,1,261,0,262,0,6,304,0,310,102,0,102,412
10/24/2005,LZU,GA,ASO,ES,Federal Contract Tower,0,6,21,0,27,0,4,37,2,43,0,10,58,2,70,26,0,26,96
10/25/2005,LZU,GA,ASO,ES,Federal Contract Tower,0,9,46,0,55,0,6,104,2,112,0,15,150,2,167,104,0,104,271
10/26/2005,LZU,GA,ASO,ES,Federal Contract Tower,0,9,46,0,55,0,6,104,2,112,0,15,150,2,167,104,0,104,271
10/27/2005,LZU,GA,ASO,ES,Federal Contract Tower,0,12,62,0,74,0,7,154,0,161,0,19,216,0,235,146,0,146,381
10/28/2005,LZU,GA,ASO,ES,Federal Contract Tower,0,9,45,0,54,0,4,159,0,163,0,13,204,0,217,52,0,52,269
10/29/2005,LZU,GA,ASO,ES,Federal Contract Tower,0,6,34,0,40,0,1,232,0,233,0,7,266,0,273,104,0,104,377
10/30/2005,LZU,GA,ASO,ES,Federal Contract Tower,0,3,41,0,44,0,0,258,0,258,0,3,299,0,302,98,0,98,400
10/31/2005,LZU,GA,ASO,ES,Federal Contract Tower,0,2,30,0,32,0,5,163,0,168,0,7,193,0,200,102,0,102,302
11/01/2005,LZU,GA,ASO,ES,Federal Contract Tower,0,6,47,2,55,0,3,91,0,94,0,9,138,2,149,88,0,88,237
11/02/2005,LZU,GA,ASO,ES,Federal Contract Tower,0,8,60,0,68,0,0,157,0,157,0,8,217,0,225,64,0,64,289
11/03/2005,LZU,GA,ASO,ES,Federal Contract Tower,0,6,45,0,51,0,4,167,0,171,0,10,212,0,222,110,0,110,332
11/04/2005,LZU,GA,ASO,ES,Federal Contract Tower,0,5,56,0,61,0,4,168,0,172,0,9,224,0,233,64,0,64,297
11/05/2005,LZU,GA,ASO,ES,Federal Contract Tower,0,4,31,0,35,0,0,256,6,262,0,4,287,6,297,68,0,68,365
11/06/2005,LZU,GA,ASO,ES,Federal Contract Tower,0,3,64,0,67,0,0,108,0,108,0,3,172,0,175,88,0,88,263
11/07/2005,LZU,GA,ASO,ES,Federal Contract Tower,0,10,58,0,68,0,5,119,0,124,0,15,177,0,192,36,0,36,228
11/08/2005,LZU,GA,ASO,ES,Federal Contract Tower,0,4,37,0,41,0,6,126,2,134,0,10,163,2,175,88,0,88,263
11/09/2005,LZU,GA,ASO,ES,Federal Contract Tower,0,11,52,0,63,0,3,149,0,152,0,14,201,0,215,122,0,122,337
11/10/2005,LZU,GA,ASO,ES,Federal Contract Tower,0,7,51,2,60,0,4,109,6,119,0,11,160,8,179,62,0,62,241
11/11/2005,LZU,GA,ASO,ES,Federal Contract Tower,0,10,41,0,51,0,3,236,0,239,0,13,277,0,290,130,0,130,420
11/12/2005,LZU,GA,ASO,ES,Federal Contract Tower,0,0,36,0,36,0,2,295,0,297,0,2,331,0,333,96,0,96,429
11/13/2005,LZU,GA,ASO,ES,Federal Contract Tower,0,5,46,0,51,0,0,168,0,168,0,5,214,0,219,122,0,122,341
11/14/2005,LZU,GA,ASO,ES,Federal Contract Tower,0,12,42,0,54,0,1,127,0,128,0,13,169,0,182,84,0,84,266
11/15/2005,LZU,GA,ASO,ES,Federal Contract Tower,0,10,57,0,67,0,5,44,2,51,0,15,101,2,118,28,0,28,146
11/16/2005,LZU,GA,ASO,ES,Federal Contract Tower,0,14,40,0,54,0,4,24,0,28,0,18,64,0,82,14,0,14,96
11/17/2005,LZU,GA,ASO,ES,Federal Contract Tower,0,9,66,1,76,0,7,160,1,168,0,16,226,2,244,92,0,92,336
11/18/2005,LZU,GA,ASO,ES,Federal Contract Tower,0,12,35,0,47,0,8,173,0,181,0,20,208,0,228,102,0,102,330
11/19/2005,LZU,GA,ASO,ES,Federal Contract Tower,0,5,29,0,34,0,0,178,0,178,0,5,207,0,212,108,0,108,320
11/20/2005,LZU,GA,ASO,ES,Federal Contract Tower,0,4,29,0,33,0,0,73,0,73,0,4,102,0,106,88,0,88,194
11/21/2005,LZU,GA,ASO,ES,Federal Contract Tower,0,15,30,0,45,0,0,0,0,0,0,15,30,0,45,0,0,0,45
11/22/2005,LZU,GA,ASO,ES,Federal Contract Tower,0,8,53,0,61,0,3,63,2,68,0,11,116,2,129,22,0,22,151
11/23/2005,LZU,GA,ASO,ES,Federal Contract Tower,0,5,65,0,70,0,5,232,0,237,0,10,297,0,307,102,0,102,409
11/24/2005,LZU,GA,ASO,ES,Federal Contract Tower,0,6,23,0,29,0,0,36,0,36,0,6,59,0,65,2,0,2,67
11/25/2005,LZU,GA,ASO,ES,Federal Contract Tower,0,6,31,0,37,0,4,191,0,195,0,10,222,0,232,82,0,82,314
11/26/2005,LZU,GA,ASO,ES,Federal Contract Tower,0,2,49,0,51,0,0,165,0,165,0,2,214,0,216,106,0,106,322
11/27/2005,LZU,GA,ASO,ES,Federal Contract Tower,0,4,72,0,76,0,0,16,0,16,0,4,88,0,92,40,0,40,132
11/28/2005,LZU,GA,ASO,ES,Federal Contract Tower,0,18,30,0,48,0,1,0,0,1,0,19,30,0,49,0,0,0,49
11/29/2005,LZU,GA,ASO,ES,Federal Contract Tower,0,10,38,0,48,0,4,69,0,73,0,14,107,0,121,28,0,28,149
11/30/2005,LZU,GA,ASO,ES,Federal Contract Tower,0,4,44,0,48,0,4,124,0,128,0,8,168,0,176,44,0,44,220
12/01/2005,LZU,GA,ASO,ES,Federal Contract Tower,0,12,43,0,55,0,4,145,4,153,0,16,188,4,208,70,0,70,278
12/02/2005,LZU,GA,ASO,ES,Federal Contract Tower,0,10,45,0,55,0,1,152,0,153,0,11,197,0,208,104,0,104,312
12/03/2005,LZU,GA,ASO,ES,Federal Contract Tower,0,2,31,0,33,0,0,88,0,88,0,2,119,0,121,92,0,92,213
12/04/2005,LZU,GA,ASO,ES,Federal Contract Tower,0,1,31,0,32,0,0,65,0,65,0,1,96,0,97,50,0,50,147
12/05/2005,LZU,GA,ASO,ES,Federal Contract Tower,0,10,40,0,50,0,0,0,0,0,0,10,40,0,50,0,0,0,50
12/06/2005,LZU,GA,ASO,ES,Federal Contract Tower,0,4,46,0,50,0,13,117,0,130,0,17,163,0,180,62,0,62,242
12/07/2005,LZU,GA,ASO,ES,Federal Contract Tower,0,6,47,0,53,0,6,156,0,162,0,12,203,0,215,78,0,78,293
12/08/2005,LZU,GA,ASO,ES,Federal Contract Tower,0,12,43,0,55,0,0,7,2,9,0,12,50,2,64,0,0,0,64
12/09/2005,LZU,GA,ASO,ES,Federal Contract Tower,0,12,42,0,54,0,6,124,0,130,0,18,166,0,184,56,0,56,240
12/10/2005,LZU,GA,ASO,ES,Federal Contract Tower,0,1,29,0,30,0,0,222,0,222,0,1,251,0,252,70,0,70,322
12/11/2005,LZU,GA,ASO,ES,Federal Contract Tower,0,1,37,0,38,0,0,103,0,103,0,1,140,0,141,42,0,42,183
12/12/2005,LZU,GA,ASO,ES,Federal Contract Tower,0,10,40,0,50,0,1,84,0,85,0,11,124,0,135,38,0,38,173
12/13/2005,LZU,GA,ASO,ES,Federal Contract Tower,0,9,39,0,48,0,3,163,0,166,0,12,202,0,214,64,0,64,278
12/14/2005,LZU,GA,ASO,ES,Federal Contract Tower,0,12,48,0,60,0,0,35,0,35,0,12,83,0,95,20,0,20,115
12/15/2005,LZU,GA,ASO,ES,Federal Contract Tower,0,7,20,0,27,0,0,0,0,0,0,7,20,0,27,0,0,0,27
12/16/2005,LZU,GA,ASO,ES,Federal Contract Tower,0,7,51,1,59,0,4,145,0,149,0,11,196,1,208,88,0,88,296
12/17/2005,LZU,GA,ASO,ES,Federal Contract Tower,0,1,29,0,30,0,0,187,0,187,0,1,216,0,217,110,0,110,327
12/18/2005,LZU,GA,ASO,ES,Federal Contract Tower,0,1,27,0,28,0,0,146,0,146,0,1,173,0,174,126,0,126,300
12/19/2005,LZU,GA,ASO,ES,Federal Contract Tower,0,4,40,0,44,0,10,111,0,121,0,14,151,0,165,38,0,38,203
12/20/2005,LZU,GA,ASO,ES,Federal Contract Tower,0,4,50,2,56,0,6,190,0,196,0,10,240,2,252,104,0,104,356
12/21/2005,LZU,GA,ASO,ES,Federal Contract Tower,0,8,37,0,45,0,4,144,0,148,0,12,181,0,193,62,0,62,255
12/22/2005,LZU,GA,ASO,ES,Federal Contract Tower,0,7,34,0,41,0,6,150,0,156,0,13,184,0,197,144,0,144,341
12/23/2005,LZU,GA,ASO,ES,Federal Contract Tower,0,5,41,0,46,0,7,189,0,196,0,12,230,0,242,106,0,106,348
12/24/2005,LZU,GA,ASO,ES,Federal Contract Tower,0,1,12,0,13,0,0,62,0,62,0,1,74,0,75,26,0,26,101
12/25/2005,LZU,GA,ASO,ES,Federal Contract Tower,0,1,13,0,14,0,0,8,0,8,0,1,21,0,22,0,0,0,22
12/26/2005,LZU,GA,ASO,ES,Federal Contract Tower,0,3,61,0,64,0,0,33,0,33,0,3,94,0,97,0,0,0,97
12/27/2005,LZU,GA,ASO,ES,Federal Contract Tower,0,9,55,0,64,0,6,192,0,198,0,15,247,0,262,78,0,78,340
12/28/2005,LZU,GA,ASO,ES,Federal Contract Tower,0,12,43,0,55,0,0,0,0,0,0,12,43,0,55,0,0,0,55
12/29/2005,LZU,GA,ASO,ES,Federal Contract Tower,0,4,43,1,48,0,3,88,0,91,0,7,131,1,139,36,0,36,175
12/30/2005,LZU,GA,ASO,ES,Federal Contract Tower,0,6,34,0,40,0,4,203,0,207,0,10,237,0,247,74,0,74,321
12/31/2005,LZU,GA,ASO,ES,Federal Contract Tower,0,5,18,0,23,0,0,118,0,118,0,5,136,0,141,16,0,16,157
01/01/2006,LZU,GA,ASO,ES,Federal Contract Tower,0,3,40,0,43,0,0,60,0,60,0,3,100,0,103,38,0,38,141
01/02/2006,LZU,GA,ASO,ES,Federal Contract Tower,0,2,27,0,29,0,0,0,0,0,0,2,27,0,29,0,0,0,29
01/03/2006,LZU,GA,ASO,ES,Federal Contract Tower,0,7,69,0,76,0,2,82,0,84,0,9,151,0,160,22,0,22,182
01/04/2006,LZU,GA,ASO,ES,Federal Contract Tower,0,10,44,0,54,0,1,162,0,163,0,11,206,0,217,100,0,100,317
01/05/2006,LZU,GA,ASO,ES,Federal Contract Tower,0,5,39,0,44,0,8,124,0,132,0,13,163,0,176,66,0,66,242
01/06/2006,LZU,GA,ASO,ES,Federal Contract Tower,0,7,38,0,45,0,4,43,0,47,0,11,81,0,92,12,0,12,104
01/07/2006,LZU,GA,ASO,ES,Federal Contract Tower,0,2,40,0,42,0,0,212,0,212,0,2,252,0,254,64,0,64,318
01/08/2006,LZU,GA,ASO,ES,Federal Contract Tower,0,0,28,0,28,0,0,158,0,158,0,0,186,0,186,68,0,68,254
01/09/2006,LZU,GA,ASO,ES,Federal Contract Tower,0,6,35,0,41,0,1,103,0,104,0,7,138,0,145,30,0,30,175
01/10/2006,LZU,GA,ASO,ES,Federal Contract Tower,0,6,40,0,46,0,6,97,2,105,0,12,137,2,151,82,0,82,233
01/11/2006,LZU,GA,ASO,ES,Federal Contract Tower,0,5,44,0,49,0,7,93,2,102,0,12,137,2,151,82,0,82,233
01/12/2006,LZU,GA,ASO,ES,Federal Contract Tower,0,3,58,1,62,0,7,192,0,199,0,10,250,1,261,72,0,72,333
01/13/2006,LZU,GA,ASO,ES,Federal Contract Tower,0,10,49,0,59,0,1,24,0,25,0,11,73,0,84,30,0,30,114
01/14/2006,LZU,GA,ASO,ES,Federal Contract Tower,0,2,20,0,22,0,0,14,0,14,0,2,34,0,36,0,0,0,36
01/15/2006,LZU,GA,ASO,ES,Federal Contract Tower,0,4,25,0,29,0,0,262,0,262,0,4,287,0,291,112,0,112,403
01/16/2006,LZU,GA,ASO,ES,Federal Contract Tower,0,9,39,0,48,0,0,147,0,147,0,9,186,0,195,62,0,62,257
01/17/2006,LZU,GA,ASO,ES,Federal Contract Tower,0,11,36,0,47,0,0,9,0,9,0,11,45,0,56,0,0,0,56
01/18/2006,LZU,GA,ASO,ES,Federal Contract Tower,0,1,40,1,42,0,10,115,0,125,0,11,155,1,167,44,0,44,211
01/19/2006,LZU,GA,ASO,ES,Federal Contract Tower,0,13,49,0,62,0,4,231,2,237,0,17,280,2,299,68,0,68,367
01/20/2006,LZU,GA,ASO,ES,Federal Contract Tower,0,7,34,0,41,0,4,177,0,181,0,11,211,0,222,68,0,68,290
01/21/2006,LZU,GA,ASO,ES,Federal Contract Tower,0,5,13,0,18,0,0,0,0,0,0,5,13,0,18,0,0,0,18
01/22/2006,LZU,GA,ASO,ES,Federal Contract Tower,0,6,31,0,37,0,0,2,0,2,0,6,33,0,39,0,0,0,39
01/23/2006,LZU,GA,ASO,ES,Federal Contract Tower,0,11,25,0,36,0,0,0,0,0,0,11,25,0,36,0,0,0,36
01/24/2006,LZU,GA,ASO,ES,Federal Contract Tower,0,8,40,0,48,0,4,118,0,122,0,12,158,0,170,18,0,18,188
01/25/2006,LZU,GA,ASO,ES,Federal Contract Tower,0,7,39,0,46,0,5,93,4,102,0,12,132,4,148,8,0,8,156
01/26/2006,LZU,GA,ASO,ES,Federal Contract Tower,0,4,59,0,63,0,4,165,0,169,0,8,224,0,232,90,0,90,322
01/27/2006,LZU,GA,ASO,ES,Federal Contract Tower,0,7,65,0,72,0,3,170,0,173,0,10,235,0,245,70,0,70,315
01/28/2006,LZU,GA,ASO,ES,Federal Contract Tower,0,2,35,0,37,0,0,244,0,244,0,2,279,0,281,82,0,82,363
01/29/2006,LZU,GA,ASO,ES,Federal Contract Tower,0,2,49,0,51,0,0,30,0,30,0,2,79,0,81,24,0,24,105
01/30/2006,LZU,GA,ASO,ES,Federal Contract Tower,0,10,46,0,56,0,3,74,0,77,0,13,120,0,133,12,0,12,145
01/31/2006,LZU,GA,ASO,ES,Federal Contract Tower,0,7,51,0,58,0,3,140,0,143,0,10,191,0,201,116,0,116,317
02/01/2006,LZU,GA,ASO,ES,Federal Contract Tower,0,8,47,0,55,0,1,194,0,195,0,9,241,0,250,80,0,80,330
02/02/2006,LZU,GA,ASO,ES,Federal Contract Tower,0,8,62,2,72,0,3,88,0,91,0,11,150,2,163,52,0,52,215
02/03/2006,LZU,GA,ASO,ES,Federal Contract Tower,0,6,43,0,49,0,3,182,0,185,0,9,225,0,234,126,0,126,360
02/04/2006,LZU,GA,ASO,ES,Federal Contract Tower,0,4,26,0,30,0,0,16,0,16,0,4,42,0,46,0,0,0,46
02/05/2006,LZU,GA,ASO,ES,Federal Contract Tower,0,4,26,0,30,0,0,126,0,126,0,4,152,0,156,74,0,74,230
02/06/2006,LZU,GA,ASO,ES,Federal Contract Tower,0,18,27,0,45,0,0,4,0,4,0,18,31,0,49,0,0,0,49
02/07/2006,LZU,GA,ASO,ES,Federal Contract Tower,0,3,56,0,59,0,6,107,2,115,0,9,163,2,174,40,0,40,214
02/08/2006,LZU,GA,ASO,ES,Federal Contract Tower,0,5,51,0,56,0,8,283,0,291,0,13,334,0,347,56,0,56,403
02/09/2006,LZU,GA,ASO,ES,Federal Contract Tower,0,6,52,0,58,0,4,168,0,172,0,10,220,0,230,50,0,50,280
02/10/2006,LZU,GA,ASO,ES,Federal Contract Tower,0,4,54,0,58,0,8,147,0,155,0,12,201,0,213,74,0,74,287
02/11/2006,LZU,GA,ASO,ES,Federal Contract Tower,0,1,9,0,10,0,0,5,0,5,0,1,14,0,15,0,0,0,15
02/12/2006,LZU,GA,ASO,ES,Federal Contract Tower,0,2,27,0,29,0,0,67,2,69,0,2,94,2,98,32,0,32,130
02/13/2006,LZU,GA,ASO,ES,Federal Contract Tower,0,6,58,0,64,0,6,95,0,101,0,12,153,0,165,48,0,48,213
02/14/2006,LZU,GA,ASO,ES,Federal Contract Tower,0,8,38,0,46,0,5,148,0,153,0,13,186,0,199,76,0,76,275
02/15/2006,LZU,GA,ASO,ES,Federal Contract Tower,0,13,50,0,63,0,0,150,0,150,0,13,200,0,213,90,0,90,303
02/16/2006,LZU,GA,ASO,ES,Federal Contract Tower,0,9,51,0,60,0,2,172,4,178,0,11,223,4,238,88,0,88,326
02/17/2006,LZU,GA,ASO,ES,Federal Contract Tower,0,10,63,0,73,0,4,136,0,140,0,14,199,0,213,76,0,76,289
02/18/2006,LZU,GA,ASO,ES,Federal Contract Tower,0,4,25,0,29,0,0,59,0,59,0,4,84,0,88,40,0,40,128
02/19/2006,LZU,GA,ASO,ES,Federal Contract Tower,0,2,31,0,33,0,0,25,0,25,0,2,56,0,58,36,0,36,94
02/20/2006,LZU,GA,ASO,ES,Federal Contract Tower,0,13,46,0,59,0,0,0,0,0,0,13,46,0,59,0,0,0,59
02/21/2006,LZU,GA,ASO,ES,Federal Contract Tower,0,13,61,0,74,0,1,92,0,93,0,14,153,0,167,8,0,8,175
02/22/2006,LZU,GA,ASO,ES,Federal Contract Tower,0,18,48,0,66,0,0,0,0,0,0,18,48,0,66,0,0,0,66
02/23/2006,LZU,GA,ASO,ES,Federal Contract Tower,0,15,53,0,68,0,2,103,0,105,0,17,156,0,173,108,0,108,281
02/24/2006,LZU,GA,ASO,ES,Federal Contract Tower,0,8,45,0,53,0,3,256,0,259,0,11,301,0,312,114,0,114,426
02/25/2006,LZU,GA,ASO,ES,Federal Contract Tower,0,2,21,0,23,0,0,2,0,2,0,2,23,0,25,0,0,0,25
02/26/2006,LZU,GA,ASO,ES,Federal Contract Tower,0,8,42,0,50,0,0,151,0,151,0,8,193,0,201,60,0,60,261
02/27/2006,LZU,GA,ASO,ES,Federal Contract Tower,0,3,27,0,30,0,6,162,0,168,0,9,189,0,198,80,0,80,278
02/28/2006,LZU,GA,ASO,ES,Federal Contract Tower,0,5,33,0,38,0,6,136,0,142,0,11,169,0,180,70,0,70,250
03/01/2006,LZU,GA,ASO,ES,Federal Contract Tower,0,7,62,0,69,0,7,175,0,182,0,14,237,0,251,54,0,54,305
03/02/2006,LZU,GA,ASO,ES,Federal Contract Tower,0,10,69,0,79,0,8,93,0,101,0,18,162,0,180,38,0,38,218
03/03/2006,LZU,GA,ASO,ES,Federal Contract Tower,0,6,38,0,44,0,4,176,2,182,0,10,214,2,226,10,0,10,236
03/04/2006,LZU,GA,ASO,ES,Federal Contract Tower,0,8,30,0,38,0,0,421,0,421,0,8,451,0,459,74,0,74,533
03/05/2006,LZU,GA,ASO,ES,Federal Contract Tower,0,5,38,1,44,0,0,217,0,217,0,5,255,1,261,142,0,142,403
03/06/2006,LZU,GA,ASO,ES,Federal Contract Tower,0,10,30,0,40,0,2,57,0,59,0,12,87,0,99,0,0,0,99
03/07/2006,LZU,GA,ASO,ES,Federal Contract Tower,0,18,41,0,59,0,6,150,0,156,0,24,191,0,215,64,0,64,279
03/08/2006,LZU,GA,ASO,ES,Federal Contract Tower,0,9,39,0,48,0,11,157,0,168,0,20,196,0,216,64,0,64,280
03/09/2006,LZU,GA,ASO,ES,Federal Contract Tower,0,15,62,0,77,0,2,101,0,103,0,17,163,0,180,42,0,42,222
03/10/2006,LZU,GA,ASO,ES,Federal Contract Tower,0,6,43,0,49,0,5,128,0,133,0,11,171,0,182,44,0,44,226
03/11/2006,LZU,GA,ASO,ES,Federal Contract Tower,0,1,43,0,44,0,3,164,0,167,0,4,207,0,211,64,0,64,275
03/12/2006,LZU,GA,ASO,ES,Federal Contract Tower,0,6,41,0,47,0,0,216,0,216,0,6,257,0,263,106,0,106,369
03/13/2006,LZU,GA,ASO,ES,Federal Contract Tower,0,5,51,0,56,0,7,57,0,64,0,12,108,0,120,40,0,40,160
03/14/2006,LZU,GA,ASO,ES,Federal Contract Tower,0,6,43,0,49,0,4,62,0,66,0,10,105,0,115,4,0,4,119
03/15/2006,LZU,GA,ASO,ES,Federal Contract Tower,0,8,45,0,53,0,7,168,0,175,0,15,213,0,228,34,0,34,262
03/16/2006,LZU,GA,ASO,ES,Federal Contract Tower,0,11,59,0,70,0,1,191,2,194,0,12,250,2,264,100,0,100,364
03/17/2006,LZU,GA,ASO,ES,Federal Contract Tower,0,9,56,0,65,0,2,111,4,117,0,11,167,4,182,36,0,36,218
03/18/2006,LZU,GA,ASO,ES,Federal Contract Tower,0,6,27,0,33,0,2,222,0,224,0,8,249,0,257,50,0,50,307
03/19/2006,LZU,GA,ASO,ES,Federal Contract Tower,0,4,41,0,45,0,0,115,0,115,0,4,156,0,160,148,0,148,308
03/20/2006,LZU,GA,ASO,ES,Federal Contract Tower,0,11,34,0,45,0,1,32,0,33,0,12,66,0,78,56,0,56,134
03/21/2006,LZU,GA,ASO,ES,Federal Contract Tower,0,6,59,0,65,0,6,72,0,78,0,12,131,0,143,58,0,58,201
03/22/2006,LZU,GA,ASO,ES,Federal Contract Tower,0,8,38,0,46,0,6,188,0,194,0,14,226,0,240,74,0,74,314
03/23/2006,LZU,GA,ASO,ES,Federal Contract Tower,0,11,56,0,67,0,4,55,4,63,0,15,111,4,130,34,0,34,164
03/24/2006,LZU,GA,ASO,ES,Federal Contract Tower,0,11,37,0,48,0,3,97,0,100,0,14,134,0,148,46,0,46,194
03/25/2006,LZU,GA,ASO,ES,Federal Contract Tower,0,10,33,0,43,0,0,154,0,154,0,10,187,0,197,54,0,54,251
03/26/2006,LZU,GA,ASO,ES,Federal Contract Tower,0,6,30,0,36,0,0,173,0,173,0,6,203,0,209,74,0,74,283
03/27/2006,LZU,GA,ASO,ES,Federal Contract Tower,0,13,22,0,35,0,3,157,0,160,0,16,179,0,195,78,0,78,273
03/28/2006,LZU,GA,ASO,ES,Federal Contract Tower,0,14,74,0,88,0,5,41,0,46,0,19,115,0,134,24,0,24,158
03/29/2006,LZU,GA,ASO,ES,Federal Contract Tower,0,9,44,0,53,0,3,228,0,231,0,12,272,0,284,116,0,116,400
03/30/2006,LZU,GA,ASO,ES,Federal Contract Tower,0,15,57,0,72,0,15,206,0,221,0,30,263,0,293,96,0,96,389
03/31/2006,LZU,GA,ASO,ES,Federal Contract Tower,0,12,70,0,82,0,1,114,0,115,0,13,184,0,197,28,0,28,225
04/01/2006,LZU,GA,ASO,ES,Federal Contract Tower,0,3,56,0,59,0,0,81,0,81,0,3,137,0,140,48,0,48,188
04/02/2006,LZU,GA,ASO,ES,Federal Contract Tower,0,10,41,0,51,0,0,211,0,211,0,10,252,0,262,78,0,78,340
04/03/2006,LZU,GA,ASO,ES,Federal Contract Tower,0,8,32,0,40,0,4,27,0,31,0,12,59,0,71,6,0,6,77
04/04/2006,LZU,GA,ASO,ES,Federal Contract Tower,0,12,61,0,73,0,2,150,0,152,0,14,211,0,225,78,0,78,303
04/05/2006,LZU,GA,ASO,ES,Federal Contract Tower,0,7,38,0,45,0,4,223,8,235,0,11,261,8,280,130,0,130,410
04/06/2006,LZU,GA,ASO,ES,Federal Contract Tower,0,12,46,0,58,0,15,197,0,212,0,27,243,0,270,62,0,62,332
04/07/2006,LZU,GA,ASO,ES,Federal Contract Tower,0,11,65,0,76,0,5,125,0,130,0,16,190,0,206,52,0,52,258
04/08/2006,LZU,GA,ASO,ES,Federal Contract Tower,0,7,34,0,41,0,0,20,0,20,0,7,54,0,61,16,0,16,77
04/09/2006,LZU,GA,ASO,ES,Federal Contract Tower,0,10,55,0,65,0,0,213,0,213,0,10,268,0,278,58,0,58,336
04/10/2006,LZU,GA,ASO,ES,Federal Contract Tower,0,5,49,0,54,0,6,146,0,152,0,11,195,0,206,46,0,46,252
04/11/2006,LZU,GA,ASO,ES,Federal Contract Tower,0,12,38,0,50,0,4,190,2,196,0,16,228,2,246,56,0,56,302
04/12/2006,LZU,GA,ASO,ES,Federal Contract Tower,0,4,37,0,41,0,5,185,10,200,0,9,222,10,241,64,0,64,305
04/13/2006,LZU,GA,ASO,ES,Federal Contract Tower,0,5,55,0,60,0,3,157,2,162,0,8,212,2,222,46,0,46,268
04/14/2006,LZU,GA,ASO,ES,Federal Contract Tower,0,7,53,0,60,0,7,161,0,168,0,14,214,0,228,66,0,66,294
04/15/2006,LZU,GA,ASO,ES,Federal Contract Tower,0,4,22,0,26,0,0,226,0,226,0,4,248,0,252,38,0,38,290
04/16/2006,LZU,GA,ASO,ES,Federal Contract Tower,0,3,32,0,35,0,0,106,0,106,0,3,138,0,141,26,0,26,167
04/17/2006,LZU,GA,ASO,ES,Federal Contract Tower,0,7,64,0,71,0,5,58,0,63,0,12,122,0,134,58,0,58,192
04/18/2006,LZU,GA,ASO,ES,Federal Contract Tower,0,4,68,0,72,0,4,178,0,182,0,8,246,0,254,102,0,102,356
04/19/2006,LZU,GA,ASO,ES,Federal Contract Tower,0,3,48,0,51,0,4,4,0,8,0,7,52,0,59,14,0,14,73
04/20/2006,LZU,GA,ASO,ES,Federal Contract Tower,0,8,60,0,68,0,3,101,0,104,0,11,161,0,172,34,0,34,206
04/21/2006,LZU,GA,ASO,ES,Federal Contract Tower,0,11,71,0,82,0,0,60,2,62,0,11,131,2,144,56,0,56,200
04/22/2006,LZU,GA,ASO,ES,Federal Contract Tower,0,3,27,0,30,0,0,66,0,66,0,3,93,0,96,50,0,50,146
04/23/2006,LZU,GA,ASO,ES,Federal Contract Tower,0,0,48,0,48,0,0,198,0,198,0,0,246,0,246,58,0,58,304
04/24/2006,LZU,GA,ASO,ES,Federal Contract Tower,0,6,36,0,42,0,4,143,0,147,0,10,179,0,189,106,0,106,295
04/25/2006,LZU,GA,ASO,ES,Federal Contract Tower,0,4,46,0,50,0,5,145,0,150,0,9,191,0,200,64,0,64,264
04/26/2006,LZU,GA,ASO,ES,Federal Contract Tower,0,8,43,0,51,0,1,15,0,16,0,9,58,0,67,12,0,12,79
04/27/2006,LZU,GA,ASO,ES,Federal Contract Tower,0,14,60,0,74,0,5,176,2,183,0,19,236,2,257,110,0,110,367
04/28/2006,LZU,GA,ASO,ES,Federal Contract Tower,0,6,53,0,59,0,2,210,0,212,0,8,263,0,271,120,0,120,391
04/29/2006,LZU,GA,ASO,ES,Federal Contract Tower,0,4,33,0,37,0,0,152,0,152,0,4,185,0,189,80,0,80,269
04/30/2006,LZU,GA,ASO,ES,Federal Contract Tower,0,4,44,0,48,0,0,51,0,51,0,4,95,0,99,6,0,6,105
05/01/2006,LZU,GA,ASO,ES,Federal Contract Tower,0,10,33,0,43,0,7,143,0,150,0,17,176,0,193,128,0,128,321
05/02/2006,LZU,GA,ASO,ES,Federal Contract Tower,0,9,51,2,62,0,3,200,0,203,0,12,251,2,265,136,0,136,401
05/03/2006,LZU,GA,ASO,ES,Federal Contract Tower,0,6,43,0,49,0,3,210,0,213,0,9,253,0,262,118,0,118,380
05/04/2006,LZU,GA,ASO,ES,Federal Contract Tower,0,12,42,0,54,0,5,108,0,113,0,17,150,0,167,38,0,38,205
05/05/2006,LZU,GA,ASO,ES,Federal Contract Tower,0,13,37,0,50,0,1,61,0,62,0,14,98,0,112,18,0,18,130
05/06/2006,LZU,GA,ASO,ES,Federal Contract Tower,0,1,22,0,23,0,0,271,0,271,0,1,293,0,294,86,0,86,380
05/07/2006,LZU,GA,ASO,ES,Federal Contract Tower,0,9,45,0,54,0,0,5,0,5,0,9,50,0,59,0,0,0,59
05/08/2006,LZU,GA,ASO,ES,Federal Contract Tower,0,12,65,0,77,0,3,37,0,40,0,15,102,0,117,40,0,40,157
05/09/2006,LZU,GA,ASO,ES,Federal Contract Tower,0,13,60,0,73,0,2,84,0,86,0,15,144,0,159,80,0,80,239
05/10/2006,LZU,GA,ASO,ES,Federal Contract Tower,0,12,38,0,50,0,0,2,0,2,0,12,40,0,52,0,0,0,52
05/11/2006,LZU,GA,ASO,ES,Federal Contract Tower,0,5,59,0,64,0,4,36,4,44,0,9,95,4,108,2,0,2,110
05/12/2006,LZU,GA,ASO,ES,Federal Contract Tower,0,7,40,0,47,0,3,169,0,172,0,10,209,0,219,50,0,50,269
05/13/2006,LZU,GA,ASO,ES,Federal Contract Tower,0,2,22,0,24,0,1,189,0,190,0,3,211,0,214,52,0,52,266
05/14/2006,LZU,GA,ASO,ES,Federal Contract Tower,0,1,45,0,46,0,0,66,0,66,0,1,111,0,112,22,0,22,134
05/15/2006,LZU,GA,ASO,ES,Federal Contract Tower,0,10,33,0,43,0,3,126,0,129,0,13,159,0,172,20,0,20,192
05/16/2006,LZU,GA,ASO,ES,Federal Contract Tower,0,5,48,2,55,0,3,112,0,115,0,8,160,2,170,40,0,40,210
05/17/2006,LZU,GA,ASO,ES,Federal Contract Tower,0,8,43,0,51,0,0,180,0,180,0,8,223,0,231,136,0,136,367
05/18/2006,LZU,GA,ASO,ES,Federal Contract Tower,0,5,57,0,62,0,8,96,0,104,0,13,153,0,166,44,0,44,210
05/19/2006,LZU,GA,ASO,ES,Federal Contract Tower,0,10,48,0,58,0,1,124,0,125,0,11,172,0,183,58,0,58,241
05/20/2006,LZU,GA,ASO,ES,Federal Contract Tower,0,4,43,0,47,0,0,181,0,181,0,4,224,0,228,36,0,36,264
05/21/2006,LZU,GA,ASO,ES,Federal Contract Tower,0,2,41,0,43,0,0,121,0,121,0,2,162,0,164,108,0,108,272
05/22/2006,LZU,GA,ASO,ES,Federal Contract Tower,0,3,39,0,42,0,1,150,0,151,0,4,189,0,193,94,0,94,287
05/23/2006,LZU,GA,ASO,ES,Federal Contract Tower,0,6,37,0,43,0,6,182,0,188,0,12,219,0,231,175,0,175,406
05/24/2006,LZU,GA,ASO,ES,Federal Contract Tower,0,6,49,0,55,0,5,225,0,230,0,11,274,0,285,88,0,88,373
05/25/2006,LZU,GA,ASO,ES,Federal Contract Tower,0,10,49,0,59,0,3,154,0,157,0,13,203,0,216,56,0,56,272
05/26/2006,LZU,GA,ASO,ES,Federal Contract Tower,0,5,48,1,54,0,5,160,5,170,0,10,208,6,224,2,0,2,226
05/27/2006,LZU,GA,ASO,ES,Federal Contract Tower,0,1,32,1,34,0,0,198,0,198,0,1,230,1,232,60,0,60,292
05/28/2006,LZU,GA,ASO,ES,Federal Contract Tower,0,0,21,1,22,0,2,121,0,123,0,2,142,1,145,26,0,26,171
05/29/2006,LZU,GA,ASO,ES,Federal Contract Tower,0,2,40,0,42,0,0,192,6,198,0,2,232,6,240,92,0,92,332
05/30/2006,LZU,GA,ASO,ES,Federal Contract Tower,0,8,34,0,42,0,4,146,0,150,0,12,180,0,192,104,0,104,296
05/31/2006,LZU,GA,ASO,ES,Federal Contract Tower,0,3,53,0,56,0,4,128,0,132,0,7,181,0,188,62,0,62,250
06/01/2006,LZU,GA,ASO,ES,Federal Contract Tower,0,10,59,0,69,0,4,158,0,162,0,14,217,0,231,106,0,106,337
06/02/2006,LZU,GA,ASO,ES,Federal Contract Tower,0,7,38,0,45,0,1,112,0,113,0,8,150,0,158,66,0,66,224
06/03/2006,LZU,GA,ASO,ES,Federal Contract Tower,0,4,48,0,52,0,0,229,0,229,0,4,277,0,281,96,0,96,377
06/04/2006,LZU,GA,ASO,ES,Federal Contract Tower,0,2,43,0,45,0,0,195,0,195,0,2,238,0,240,52,0,52,292
06/05/2006,LZU,GA,ASO,ES,Federal Contract Tower,0,4,42,0,46,0,6,137,0,143,0,10,179,0,189,132,0,132,321
06/06/2006,LZU,GA,ASO,ES,Federal Contract Tower,0,11,50,0,61,0,8,172,0,180,0,19,222,0,241,204,0,204,445
06/07/2006,LZU,GA,ASO,ES,Federal Contract Tower,0,8,43,0,51,0,8,256,2,266,0,16,299,2,317,108,0,108,425
06/08/2006,LZU,GA,ASO,ES,Federal Contract Tower,0,7,36,0,43,0,4,140,0,144,0,11,176,0,187,44,0,44,231
06/09/2006,LZU,GA,ASO,ES,Federal Contract Tower,0,7,36,0,43,0,7,177,0,184,0,14,213,0,227,64,0,64,291
06/10/2006,LZU,GA,ASO,ES,Federal Contract Tower,0,2,27,0,29,0,0,211,0,211,0,2,238,0,240,42,0,42,282
06/11/2006,LZU,GA,ASO,ES,Federal Contract Tower,0,0,33,0,33,0,0,156,0,156,0,0,189,0,189,32,0,32,221
06/12/2006,LZU,GA,ASO,ES,Federal Contract Tower,0,4,40,0,44,0,5,118,0,123,0,9,158,0,167,104,0,104,271
06/13/2006,LZU,GA,ASO,ES,Federal Contract Tower,0,6,36,0,42,0,1,21,0,22,0,7,57,0,64,0,0,0,64
06/14/2006,LZU,GA,ASO,ES,Federal Contract Tower,0,0,36,0,36,0,11,181,0,192,0,11,217,0,228,82,0,82,310
06/15/2006,LZU,GA,ASO,ES,Federal Contract Tower,0,5,50,0,55,0,5,168,0,173,0,10,218,0,228,62,0,62,290
06/16/2006,LZU,GA,ASO,ES,Federal Contract Tower,0,12,42,0,54,0,0,146,0,146,0,12,188,0,200,60,0,60,260
06/17/2006,LZU,GA,ASO,ES,Federal Contract Tower,0,0,21,0,21,0,0,209,0,209,0,0,230,0,230,132,0,132,362
06/18/2006,LZU,GA,ASO,ES,Federal Contract Tower,0,0,29,0,29,0,0,156,0,156,0,0,185,0,185,44,0,44,229
06/19/2006,LZU,GA,ASO,ES,Federal Contract Tower,0,8,35,0,43,0,4,130,0,134,0,12,165,0,177,66,0,66,243
06/20/2006,LZU,GA,ASO,ES,Federal Contract Tower,0,4,42,0,46,0,9,160,0,169,0,13,202,0,215,74,0,74,289
06/21/2006,LZU,GA,ASO,ES,Federal Contract Tower,0,8,38,0,46,0,6,187,0,193,0,14,225,0,239,78,0,78,317
06/22/2006,LZU,GA,ASO,ES,Federal Contract Tower,0,9,59,0,68,0,3,87,0,90,0,12,146,0,158,46,0,46,204
06/23/2006,LZU,GA,ASO,ES,Federal Contract Tower,0,17,36,0,53,0,5,135,0,140,0,22,171,0,193,64,0,64,257
06/24/2006,LZU,GA,ASO,ES,Federal Contract Tower,0,3,36,0,39,0,0,213,0,213,0,3,249,0,252,60,0,60,312
06/25/2006,LZU,GA,ASO,ES,Federal Contract Tower,0,0,40,0,40,0,0,44,0,44,0,0,84,0,84,50,0,50,134
06/26/2006,LZU,GA,ASO,ES,Federal Contract Tower,0,12,46,0,58,0,1,27,0,28,0,13,73,0,86,16,0,16,102
06/27/2006,LZU,GA,ASO,ES,Federal Contract Tower,0,3,66,0,69,0,6,105,0,111,0,9,171,0,180,36,0,36,216
06/28/2006,LZU,GA,ASO,ES,Federal Contract Tower,0,10,52,1,63,0,1,153,0,154,0,11,205,1,217,70,0,70,287
06/29/2006,LZU,GA,ASO,ES,Federal Contract Tower,0,8,48,1,57,0,1,172,0,173,0,9,220,1,230,20,0,20,250
06/30/2006,LZU,GA,ASO,ES,Federal Contract Tower,0,4,42,0,46,0,0,171,0,171,0,4,213,0,217,42,0,42,259
07/01/2006,LZU,GA,ASO,ES,Federal Contract Tower,0,4,30,0,34,0,0,270,0,270,0,4,300,0,304,58,0,58,362
07/02/2006,LZU,GA,ASO,ES,Federal Contract Tower,0,3,27,0,30,0,1,131,0,132,0,4,158,0,162,30,0,30,192
07/03/2006,LZU,GA,ASO,ES,Federal Contract Tower,0,11,24,0,35,0,0,164,0,164,0,11,188,0,199,98,0,98,297
07/04/2006,LZU,GA,ASO,ES,Federal Contract Tower,0,2,12,0,14,0,0,147,1,148,0,2,159,1,162,46,2,48,210
07/05/2006,LZU,GA,ASO,ES,Federal Contract Tower,0,10,43,0,53,0,5,117,2,124,0,15,160,2,177,62,0,62,239
07/06/2006,LZU,GA,ASO,ES,Federal Contract Tower,0,7,48,0,55,0,2,42,0,44,0,9,90,0,99,48,0,48,147
07/07/2006,LZU,GA,ASO,ES,Federal Contract Tower,0,6,55,0,61,0,2,144,0,146,0,8,199,0,207,60,0,60,267
07/08/2006,LZU,GA,ASO,ES,Federal Contract Tower,0,3,34,0,37,0,1,250,0,251,0,4,284,0,288,148,0,148,436
07/09/2006,LZU,GA,ASO,ES,Federal Contract Tower,0,0,38,0,38,0,0,156,0,156,0,0,194,0,194,120,0,120,314
07/10/2006,LZU,GA,ASO,ES,Federal Contract Tower,0,13,49,0,62,0,1,78,0,79,0,14,127,0,141,46,0,46,187
07/11/2006,LZU,GA,ASO,ES,Federal Contract Tower,0,5,40,0,45,0,3,159,0,162,0,8,199,0,207,60,0,60,267
07/12/2006,LZU,GA,ASO,ES,Federal Contract Tower,0,4,51,0,55,0,4,177,2,183,0,8,228,2,238,120,0,120,358
07/13/2006,LZU,GA,ASO,ES,Federal Contract Tower,0,4,58,0,62,0,4,174,0,178,0,8,232,0,240,118,0,118,358
07/14/2006,LZU,GA,ASO,ES,Federal Contract Tower,0,6,64,0,70,0,4,121,0,125,0,10,185,0,195,60,0,60,255
07/15/2006,LZU,GA,ASO,ES,Federal Contract Tower,0,2,26,0,28,0,0,179,0,179,0,2,205,0,207,54,0,54,261
07/16/2006,LZU,GA,ASO,ES,Federal Contract Tower,0,4,34,0,38,0,0,144,0,144,0,4,178,0,182,82,0,82,264
07/17/2006,LZU,GA,ASO,ES,Federal Contract Tower,0,5,32,0,37,0,6,120,0,126,0,11,152,0,163,50,0,50,213
07/18/2006,LZU,GA,ASO,ES,Federal Contract Tower,0,7,44,0,51,0,5,165,0,170,0,12,209,0,221,92,0,92,313
07/19/2006,LZU,GA,ASO,ES,Federal Contract Tower,0,4,32,0,36,0,5,182,0,187,0,9,214,0,223,60,0,60,283
07/20/2006,LZU,GA,ASO,ES,Federal Contract Tower,0,4,49,0,53,0,3,154,0,157,0,7,203,0,210,106,0,106,316
07/21/2006,LZU,GA,ASO,ES,Federal Contract Tower,0,7,53,0,60,0,0,168,0,168,0,7,221,0,228,88,0,88,316
07/22/2006,LZU,GA,ASO,ES,Federal Contract Tower,0,1,35,0,36,0,1,116,0,117,0,2,151,0,153,62,0,62,215
07/23/2006,LZU,GA,ASO,ES,Federal Contract Tower,0,3,38,0,41,0,0,80,0,80,0,3,118,0,121,24,0,24,145
07/24/2006,LZU,GA,ASO,ES,Federal Contract Tower,0,10,42,0,52,0,1,35,0,36,0,11,77,0,88,30,0,30,118
07/25/2006,LZU,GA,ASO,ES,Federal Contract Tower,0,7,46,0,53,0,0,80,0,80,0,7,126,0,133,78,0,78,211
07/26/2006,LZU,GA,ASO,ES,Federal Contract Tower,0,5,47,0,52,0,3,135,0,138,0,8,182,0,190,30,0,30,220
07/27/2006,LZU,GA,ASO,ES,Federal Contract Tower,0,4,48,0,52,0,3,123,0,126,0,7,171,0,178,52,0,52,230
07/28/2006,LZU,GA,ASO,ES,Federal Contract Tower,0,10,45,0,55,0,6,129,0,135,0,16,174,0,190,46,0,46,236
07/29/2006,LZU,GA,ASO,ES,Federal Contract Tower,0,1,24,0,25,0,0,93,0,93,0,1,117,0,118,42,0,42,160
07/30/2006,LZU,GA,ASO,ES,Federal Contract Tower,0,2,45,0,47,0,0,170,0,170,0,2,215,0,217,100,0,100,317
07/31/2006,LZU,GA,ASO,ES,Federal Contract Tower,0,1,46,0,47,0,9,113,0,122,0,10,159,0,169,66,0,66,235
08/01/2006,LZU,GA,ASO,ES,Federal Contract Tower,0,4,27,0,31,0,7,114,0,121,0,11,141,0,152,64,0,64,216
08/02/2006,LZU,GA,ASO,ES,Federal Contract Tower,0,5,57,0,62,0,5,107,0,112,0,10,164,0,174,76,0,76,250
08/03/2006,LZU,GA,ASO,ES,Federal Contract Tower,0,8,45,0,53,0,6,142,0,148,0,14,187,0,201,130,0,130,331
08/04/2006,LZU,GA,ASO,ES,Federal Contract Tower,0,3,39,0,42,0,5,147,0,152,0,8,186,0,194,58,0,58,252
08/05/2006,LZU,GA,ASO,ES,Federal Contract Tower,0,1,26,0,27,0,0,232,0,232,0,1,258,0,259,158,0,158,417
08/06/2006,LZU,GA,ASO,ES,Federal Contract Tower,0,3,56,0,59,0,0,39,0,39,0,3,95,0,98,14,0,14,112
08/07/2006,LZU,GA,ASO,ES,Federal Contract Tower,0,5,43,0,48,0,4,98,0,102,0,9,141,0,150,90,0,90,240
08/08/2006,LZU,GA,ASO,ES,Federal Contract Tower,0,2,58,0,60,0,2,121,0,123,0,4,179,0,183,44,0,44,227
08/09/2006,LZU,GA,ASO,ES,Federal Contract Tower,0,3,55,0,58,0,7,140,0,147,0,10,195,0,205,104,0,104,309
08/10/2006,LZU,GA,ASO,ES,Federal Contract Tower,0,13,49,0,62,0,3,145,2,150,0,16,194,2,212,90,0,90,302
08/11/2006,LZU,GA,ASO,ES,Federal Contract Tower,0,8,38,0,46,0,4,114,0,118,0,12,152,0,164,48,0,48,212
08/12/2006,LZU,GA,ASO,ES,Federal Contract Tower,0,1,37,0,38,0,0,17,0,17,0,1,54,0,55,12,0,12,67
08/13/2006,LZU,GA,ASO,ES,Federal Contract Tower,0,2,37,0,39,0,0,103,0,103,0,2,140,0,142,88,0,88,230
08/14/2006,LZU,GA,ASO,ES,Federal Contract Tower,0,11,39,0,50,0,4,96,0,100,0,15,135,0,150,70,0,70,220
08/15/2006,LZU,GA,ASO,ES,Federal Contract Tower,0,6,36,0,42,0,6,89,0,95,0,12,125,0,137,62,0,62,199
08/16/2006,LZU,GA,ASO,ES,Federal Contract Tower,0,6,82,0,88,0,7,50,0,57,0,13,132,0,145,28,0,28,173
08/17/2006,LZU,GA,ASO,ES,Federal Contract Tower,0,5,61,0,66,0,4,141,0,145,0,9,202,0,211,58,0,58,269
08/18/2006,LZU,GA,ASO,ES,Federal Contract Tower,0,4,48,0,52,0,3,226,0,229,0,7,274,0,281,118,0,118,399
08/19/2006,LZU,GA,ASO,ES,Federal Contract Tower,0,0,23,0,23,0,0,252,0,252,0,0,275,0,275,126,0,126,401
08/20/2006,LZU,GA,ASO,ES,Federal Contract Tower,0,1,40,0,41,0,0,119,0,119,0,1,159,0,160,94,0,94,254
08/21/2006,LZU,GA,ASO,ES,Federal Contract Tower,0,7,37,0,44,0,3,117,0,120,0,10,154,0,164,168,0,168,332
08/22/2006,LZU,GA,ASO,ES,Federal Contract Tower,0,5,40,0,45,0,4,90,0,94,0,9,130,0,139,144,0,144,283
08/23/2006,LZU,GA,ASO,ES,Federal Contract Tower,0,14,70,0,84,0,4,64,0,68,0,18,134,0,152,54,0,54,206
08/24/2006,LZU,GA,ASO,ES,Federal Contract Tower,0,10,86,0,96,0,6,33,0,39,0,16,119,0,135,14,0,14,149
08/25/2006,LZU,GA,ASO,ES,Federal Contract Tower,0,6,54,0,60,0,3,61,0,64,0,9,115,0,124,78,0,78,202
08/26/2006,LZU,GA,ASO,ES,Federal Contract Tower,0,1,54,0,55,0,1,115,0,116,0,2,169,0,171,100,0,100,271
08/27/2006,LZU,GA,ASO,ES,Federal Contract Tower,0,1,54,0,55,0,1,115,0,116,0,2,169,0,171,100,0,100,271
08/28/2006,LZU,GA,ASO,ES,Federal Contract Tower,0,7,41,0,48,0,4,80,0,84,0,11,121,0,132,52,0,52,184
08/29/2006,LZU,GA,ASO,ES,Federal Contract Tower,0,7,32,0,39,0,4,132,0,136,0,11,164,0,175,66,0,66,241
08/30/2006,LZU,GA,ASO,ES,Federal Contract Tower,0,14,37,0,51,0,3,156,0,159,0,17,193,0,210,64,0,64,274
08/31/2006,LZU,GA,ASO,ES,Federal Contract Tower,0,6,53,0,59,0,3,15,0,18,0,9,68,0,77,0,0,0,77
09/01/2006,LZU,GA,ASO,ES,Federal Contract Tower,0,10,69,0,79,0,5,82,2,89,0,15,151,2,168,44,0,44,212
09/02/2006,LZU,GA,ASO,ES,Federal Contract Tower,0,1,43,0,44,0,0,102,0,102,0,1,145,0,146,106,0,106,252
09/03/2006,LZU,GA,ASO,ES,Federal Contract Tower,0,3,17,0,20,0,0,74,0,74,0,3,91,0,94,114,0,114,208
09/04/2006,LZU,GA,ASO,ES,Federal Contract Tower,0,1,51,0,52,0,0,117,0,117,0,1,168,0,169,80,0,80,249
09/05/2006,LZU,GA,ASO,ES,Federal Contract Tower,0,12,52,0,64,0,0,54,0,54,0,12,106,0,118,34,0,34,152
09/06/2006,LZU,GA,ASO,ES,Federal Contract Tower,0,10,51,0,61,0,4,165,0,169,0,14,216,0,230,60,0,60,290
09/07/2006,LZU,GA,ASO,ES,Federal Contract Tower,0,6,82,0,88,0,4,118,0,122,0,10,200,0,210,14,0,14,224
09/08/2006,LZU,GA,ASO,ES,Federal Contract Tower,0,3,56,0,59,0,4,112,0,116,0,7,168,0,175,104,0,104,279
09/09/2006,LZU,GA,ASO,ES,Federal Contract Tower,0,0,40,0,40,0,0,172,0,172,0,0,212,0,212,162,0,162,374
09/10/2006,LZU,GA,ASO,ES,Federal Contract Tower,0,2,36,0,38,0,0,147,0,147,0,2,183,0,185,56,0,56,241
09/11/2006,LZU,GA,ASO,ES,Federal Contract Tower,0,4,43,2,49,0,3,91,0,94,0,7,134,2,143,68,0,68,211
09/12/2006,LZU,GA,ASO,ES,Federal Contract Tower,0,10,46,0,56,0,4,45,0,49,0,14,91,0,105,80,0,80,185
09/13/2006,LZU,GA,ASO,ES,Federal Contract Tower,0,16,48,0,64,0,0,0,0,0,0,16,48,0,64,0,0,0,64
09/14/2006,LZU,GA,ASO,ES,Federal Contract Tower,0,3,61,0,64,0,4,156,0,160,0,7,217,0,224,54,0,54,278
09/15/2006,LZU,GA,ASO,ES,Federal Contract Tower,0,4,40,0,44,0,4,193,0,197,0,8,233,0,241,84,0,84,325
09/16/2006,LZU,GA,ASO,ES,Federal Contract Tower,0,2,21,0,23,0,0,285,0,285,0,2,306,0,308,96,0,96,404
09/17/2006,LZU,GA,ASO,ES,Federal Contract Tower,0,4,43,0,47,0,0,160,0,160,0,4,203,0,207,96,0,96,303
09/18/2006,LZU,GA,ASO,ES,Federal Contract Tower,0,11,42,0,53,0,2,36,0,38,0,13,78,0,91,32,0,32,123
09/19/2006,LZU,GA,ASO,ES,Federal Contract Tower,0,7,46,0,53,0,3,57,0,60,0,10,103,0,113,56,0,56,169
09/20/2006,LZU,GA,ASO,ES,Federal Contract Tower,0,7,41,0,48,0,8,148,0,156,0,15,189,0,204,34,0,34,238
09/21/2006,LZU,GA,ASO,ES,Federal Contract Tower,0,6,65,0,71,0,10,175,3,188,0,16,240,3,259,74,0,74,333
09/22/2006,LZU,GA,ASO,ES,Federal Contract Tower,0,12,82,0,94,0,0,85,0,85,0,12,167,0,179,54,0,54,233
09/23/2006,LZU,GA,ASO,ES,Federal Contract Tower,0,1,37,0,38,0,3,109,0,112,0,4,146,0,150,82,0,82,232
09/24/2006,LZU,GA,ASO,ES,Federal Contract Tower,0,2,49,0,51,0,0,43,1,44,0,2,92,1,95,20,0,20,115
09/25/2006,LZU,GA,ASO,ES,Federal Contract Tower,0,7,51,0,58,0,4,122,0,126,0,11,173,0,184,86,0,86,270
09/26/2006,LZU,GA,ASO,ES,Federal Contract Tower,0,3,48,0,51,0,3,175,0,178,0,6,223,0,229,92,0,92,321
09/27/2006,LZU,GA,ASO,ES,Federal Contract Tower,0,2,33,1,36,0,5,214,1,220,0,7,247,2,256,86,0,86,342
09/28/2006,LZU,GA,ASO,ES,Federal Contract Tower,0,11,49,0,60,0,2,116,0,118,0,13,165,0,178,26,0,26,204
09/29/2006,LZU,GA,ASO,ES,Federal Contract Tower,0,9,57,0,66,0,6,238,0,244,0,15,295,0,310,66,0,66,376
09/30/2006,LZU,GA,ASO,ES,Federal Contract Tower,0,1,23,0,24,0,0,303,0,303,0,1,326,0,327,74,0,74,401
10/01/2006,LZU,GA,ASO,ES,Federal Contract Tower,0,1,35,0,36,0,0,277,0,277,0,1,312,0,313,34,0,34,347
10/02/2006,LZU,GA,ASO,ES,Federal Contract Tower,0,4,22,0,26,0,4,136,0,140,0,8,158,0,166,124,0,124,290
10/03/2006,LZU,GA,ASO,ES,Federal Contract Tower,0,2,38,0,40,0,6,134,2,142,0,8,172,2,182,86,0,86,268
10/04/2006,LZU,GA,ASO,ES,Federal Contract Tower,0,3,41,0,44,0,5,162,0,167,0,8,203,0,211,70,0,70,281
10/05/2006,LZU,GA,ASO,ES,Federal Contract Tower,0,4,52,0,56,0,7,175,0,182,0,11,227,0,238,50,0,50,288
10/06/2006,LZU,GA,ASO,ES,Federal Contract Tower,0,4,66,0,70,0,4,138,0,142,0,8,204,0,212,86,0,86,298
10/07/2006,LZU,GA,ASO,ES,Federal Contract Tower,0,1,39,0,40,0,0,285,0,285,0,1,324,0,325,98,0,98,423
10/08/2006,LZU,GA,ASO,ES,Federal Contract Tower,0,0,49,0,49,0,0,79,2,81,0,0,128,2,130,42,0,42,172
10/09/2006,LZU,GA,ASO,ES,Federal Contract Tower,0,4,32,0,36,0,6,119,0,125,0,10,151,0,161,68,0,68,229
10/10/2006,LZU,GA,ASO,ES,Federal Contract Tower,0,8,49,0,57,0,4,172,0,176,0,12,221,0,233,62,0,62,295
10/11/2006,LZU,GA,ASO,ES,Federal Contract Tower,0,4,52,0,56,0,5,134,0,139,0,9,186,0,195,38,0,38,233
10/12/2006,LZU,GA,ASO,ES,Federal Contract Tower,0,4,56,0,60,0,8,104,0,112,0,12,160,0,172,44,0,44,216
10/13/2006,LZU,GA,ASO,ES,Federal Contract Tower,0,8,49,0,57,0,0,186,0,186,0,8,235,0,243,34,0,34,277
10/14/2006,LZU,GA,ASO,ES,Federal Contract Tower,0,0,37,1,38,0,0,165,0,165,0,0,202,1,203,18,0,18,221
10/15/2006,LZU,GA,ASO,ES,Federal Contract Tower,0,0,44,0,44,0,0,208,0,208,0,0,252,0,252,56,0,56,308
10/16/2006,LZU,GA,ASO,ES,Federal Contract Tower,0,12,70,0,82,0,0,76,0,76,0,12,146,0,158,78,0,78,236
10/17/2006,LZU,GA,ASO,ES,Federal Contract Tower,0,14,35,0,49,0,0,0,0,0,0,14,35,0,49,0,0,0,49
10/18/2006,LZU,GA,ASO,ES,Federal Contract Tower,0,16,50,0,66,0,7,102,0,109,0,23,152,0,175,60,0,60,235
10/19/2006,LZU,GA,ASO,ES,Federal Contract Tower,0,14,88,0,102,0,0,7,0,7,0,14,95,0,109,2,0,2,111
10/20/2006,LZU,GA,ASO,ES,Federal Contract Tower,0,5,65,0,70,0,5,44,0,49,0,10,109,0,119,40,0,40,159
10/21/2006,LZU,GA,ASO,ES,Federal Contract Tower,0,0,24,0,24,0,2,244,0,246,0,2,268,0,270,42,0,42,312
10/22/2006,LZU,GA,ASO,ES,Federal Contract Tower,0,0,53,0,53,0,0,68,0,68,0,0,121,0,121,10,0,10,131
10/23/2006,LZU,GA,ASO,ES,Federal Contract Tower,0,4,47,0,51,0,5,76,0,81,0,9,123,0,132,48,0,48,180
10/24/2006,LZU,GA,ASO,ES,Federal Contract Tower,0,6,35,0,41,0,8,111,0,119,0,14,146,0,160,52,0,52,212
10/25/2006,LZU,GA,ASO,ES,Federal Contract Tower,0,5,65,0,70,0,6,162,0,168,0,11,227,0,238,100,0,100,338
10/26/2006,LZU,GA,ASO,ES,Federal Contract Tower,0,5,49,0,54,0,4,128,0,132,0,9,177,0,186,60,0,60,246
10/27/2006,LZU,GA,ASO,ES,Federal Contract Tower,0,10,54,0,64,0,0,0,0,0,0,10,54,0,64,0,0,0,64
10/28/2006,LZU,GA,ASO,ES,Federal Contract Tower,0,1,34,0,35,0,0,35,0,35,0,1,69,0,70,0,0,0,70
10/29/2006,LZU,GA,ASO,ES,Federal Contract Tower,0,4,50,0,54,0,0,357,2,359,0,4,407,2,413,34,0,34,447
10/30/2006,LZU,GA,ASO,ES,Federal Contract Tower,0,6,42,0,48,0,6,125,0,131,0,12,167,0,179,68,0,68,247
10/31/2006,LZU,GA,ASO,ES,Federal Contract Tower,0,5,31,0,36,0,3,110,0,113,0,8,141,0,149,120,0,120,269
11/01/2006,LZU,GA,ASO,ES,Federal Contract Tower,0,19,70,0,89,0,1,142,0,143,0,20,212,0,232,138,0,138,370
11/02/2006,LZU,GA,ASO,ES,Federal Contract Tower,0,6,56,0,62,0,5,85,0,90,0,11,141,0,152,20,0,20,172
11/03/2006,LZU,GA,ASO,ES,Federal Contract Tower,0,1,50,0,51,0,4,179,0,183,0,5,229,0,234,82,0,82,316
11/04/2006,LZU,GA,ASO,ES,Federal Contract Tower,0,1,15,0,16,0,0,218,0,218,0,1,233,0,234,84,0,84,318
11/05/2006,LZU,GA,ASO,ES,Federal Contract Tower,0,1,33,0,34,0,0,166,0,166,0,1,199,0,200,44,0,44,244
11/06/2006,LZU,GA,ASO,ES,Federal Contract Tower,0,8,34,0,42,0,2,77,0,79,0,10,111,0,121,50,0,50,171
11/07/2006,LZU,GA,ASO,ES,Federal Contract Tower,0,7,23,0,30,0,0,0,0,0,0,7,23,0,30,0,0,0,30
11/08/2006,LZU,GA,ASO,ES,Federal Contract Tower,0,12,54,0,66,0,5,42,2,49,0,17,96,2,115,32,0,32,147
11/09/2006,LZU,GA,ASO,ES,Federal Contract Tower,0,4,41,0,45,0,6,210,0,216,0,10,251,0,261,102,0,102,363
11/10/2006,LZU,GA,ASO,ES,Federal Contract Tower,0,3,50,0,53,0,11,186,0,197,0,14,236,0,250,24,0,24,274
11/11/2006,LZU,GA,ASO,ES,Federal Contract Tower,0,0,33,0,33,0,0,6,0,6,0,0,39,0,39,0,0,0,39
11/12/2006,LZU,GA,ASO,ES,Federal Contract Tower,0,3,35,0,38,0,0,135,0,135,0,3,170,0,173,114,0,114,287
11/13/2006,LZU,GA,ASO,ES,Federal Contract Tower,0,5,39,0,44,0,4,117,0,121,0,9,156,0,165,76,0,76,241
11/14/2006,LZU,GA,ASO,ES,Federal Contract Tower,0,6,57,0,63,0,4,93,0,97,0,10,150,0,160,50,0,50,210
11/15/2006,LZU,GA,ASO,ES,Federal Contract Tower,0,10,34,0,44,0,1,1,0,2,0,11,35,0,46,0,0,0,46
11/16/2006,LZU,GA,ASO,ES,Federal Contract Tower,0,7,47,0,54,0,2,37,0,39,0,9,84,0,93,2,0,2,95
11/17/2006,LZU,GA,ASO,ES,Federal Contract Tower,0,4,59,0,63,0,1,123,0,124,0,5,182,0,187,28,0,28,215
11/18/2006,LZU,GA,ASO,ES,Federal Contract Tower,0,4,30,1,35,0,0,273,1,274,0,4,303,2,309,94,0,94,403
11/19/2006,LZU,GA,ASO,ES,Federal Contract Tower,0,2,32,1,35,0,0,100,1,101,0,2,132,2,136,44,0,44,180
11/20/2006,LZU,GA,ASO,ES,Federal Contract Tower,0,5,40,0,45,0,1,71,0,72,0,6,111,0,117,24,0,24,141
11/21/2006,LZU,GA,ASO,ES,Federal Contract Tower,0,5,52,0,57,0,6,105,0,111,0,11,157,0,168,34,0,34,202
11/22/2006,LZU,GA,ASO,ES,Federal Contract Tower,0,9,54,0,63,0,5,142,0,147,0,14,196,0,210,22,0,22,232
11/23/2006,LZU,GA,ASO,ES,Federal Contract Tower,0,2,26,0,28,0,0,73,0,73,0,2,99,0,101,8,0,8,109
11/24/2006,LZU,GA,ASO,ES,Federal Contract Tower,0,5,46,0,51,0,7,172,0,179,0,12,218,0,230,38,0,38,268
11/25/2006,LZU,GA,ASO,ES,Federal Contract Tower,0,2,36,0,38,0,0,206,0,206,0,2,242,0,244,62,0,62,306
11/26/2006,LZU,GA,ASO,ES,Federal Contract Tower,0,7,53,0,60,0,0,155,0,155,0,7,208,0,215,82,0,82,297
11/27/2006,LZU,GA,ASO,ES,Federal Contract Tower,0,6,49,0,55,0,3,111,0,114,0,9,160,0,169,54,0,54,223
11/28/2006,LZU,GA,ASO,ES,Federal Contract Tower,0,2,68,0,70,0,4,79,0,83,0,6,147,0,153,30,0,30,183
11/29/2006,LZU,GA,ASO,ES,Federal Contract Tower,0,12,80,0,92,0,3,52,0,55,0,15,132,0,147,24,0,24,171
11/30/2006,LZU,GA,ASO,ES,Federal Contract Tower,0,13,47,0,60,0,2,49,0,51,0,15,96,0,111,46,0,46,157
12/01/2006,LZU,GA,ASO,ES,Federal Contract Tower,0,5,32,0,37,0,5,47,0,52,0,10,79,0,89,4,0,4,93
12/02/2006,LZU,GA,ASO,ES,Federal Contract Tower,0,6,21,0,27,0,0,260,0,260,0,6,281,0,287,102,0,102,389
12/03/2006,LZU,GA,ASO,ES,Federal Contract Tower,0,5,38,0,43,0,0,150,0,150,0,5,188,0,193,66,0,66,259
12/04/2006,LZU,GA,ASO,ES,Federal Contract Tower,0,8,33,0,41,0,5,104,0,109,0,13,137,0,150,30,0,30,180
12/05/2006,LZU,GA,ASO,ES,Federal Contract Tower,0,3,37,0,40,0,7,154,0,161,0,10,191,0,201,162,0,162,363
12/06/2006,LZU,GA,ASO,ES,Federal Contract Tower,0,7,46,0,53,0,7,134,0,141,0,14,180,0,194,108,0,108,302
12/07/2006,LZU,GA,ASO,ES,Federal Contract Tower,0,5,35,0,40,0,7,47,1,55,0,12,82,1,95,56,0,56,151
12/08/2006,LZU,GA,ASO,ES,Federal Contract Tower,0,5,45,0,50,0,6,115,0,121,0,11,160,0,171,136,0,136,307
12/09/2006,LZU,GA,ASO,ES,Federal Contract Tower,0,3,17,0,20,0,0,268,0,268,0,3,285,0,288,94,0,94,382
12/10/2006,LZU,GA,ASO,ES,Federal Contract Tower,0,1,26,0,27,0,1,161,0,162,0,2,187,0,189,86,0,86,275
12/11/2006,LZU,GA,ASO,ES,Federal Contract Tower,0,7,27,0,34,0,1,143,0,144,0,8,170,0,178,56,0,56,234
12/12/2006,LZU,GA,ASO,ES,Federal Contract Tower,0,5,40,0,45,0,5,97,2,104,0,10,137,2,149,50,0,50,199
12/13/2006,LZU,GA,ASO,ES,Federal Contract Tower,0,3,40,0,43,0,8,104,0,112,0,11,144,0,155,28,0,28,183
12/14/2006,LZU,GA,ASO,ES,Federal Contract Tower,0,8,43,0,51,0,5,140,0,145,0,13,183,0,196,94,0,94,290
12/15/2006,LZU,GA,ASO,ES,Federal Contract Tower,0,5,44,2,51,0,8,144,0,152,0,13,188,2,203,42,0,42,245
12/16/2006,LZU,GA,ASO,ES,Federal Contract Tower,0,1,22,0,23,0,2,266,0,268,0,3,288,0,291,44,0,44,335
12/17/2006,LZU,GA,ASO,ES,Federal Contract Tower,0,4,19,0,23,0,0,175,0,175,0,4,194,0,198,44,0,44,242
12/18/2006,LZU,GA,ASO,ES,Federal Contract Tower,0,7,35,0,42,0,2,141,0,143,0,9,176,0,185,58,0,58,243
12/19/2006,LZU,GA,ASO,ES,Federal Contract Tower,0,5,39,0,44,0,5,130,0,135,0,10,169,0,179,90,0,90,269
12/20/2006,LZU,GA,ASO,ES,Federal Contract Tower,0,6,50,1,57,0,6,154,0,160,0,12,204,1,217,28,0,28,245
12/21/2006,LZU,GA,ASO,ES,Federal Contract Tower,0,12,61,0,73,0,3,36,0,39,0,15,97,0,112,18,0,18,130
12/22/2006,LZU,GA,ASO,ES,Federal Contract Tower,0,11,41,0,52,0,2,7,0,9,0,13,48,0,61,0,0,0,61
12/23/2006,LZU,GA,ASO,ES,Federal Contract Tower,0,4,45,0,49,0,0,99,0,99,0,4,144,0,148,88,0,88,236
12/24/2006,LZU,GA,ASO,ES,Federal Contract Tower,0,1,6,0,7,0,0,42,0,42,0,1,48,0,49,38,0,38,87
12/25/2006,LZU,GA,ASO,ES,Federal Contract Tower,0,1,12,0,13,0,0,2,0,2,0,1,14,0,15,0,0,0,15
12/26/2006,LZU,GA,ASO,ES,Federal Contract Tower,0,9,54,0,63,0,7,16,0,23,0,16,70,0,86,4,0,4,90
12/27/2006,LZU,GA,ASO,ES,Federal Contract Tower,0,5,51,2,58,0,7,223,0,230,0,12,274,2,288,78,0,78,366
12/28/2006,LZU,GA,ASO,ES,Federal Contract Tower,0,9,33,0,42,0,4,217,0,221,0,13,250,0,263,106,0,106,369
12/29/2006,LZU,GA,ASO,ES,Federal Contract Tower,0,4,26,0,30,0,6,133,0,139,0,10,159,0,169,60,0,60,229
12/30/2006,LZU,GA,ASO,ES,Federal Contract Tower,0,0,32,1,33,0,0,14,0,14,0,0,46,1,47,8,0,8,55
12/31/2006,LZU,GA,ASO,ES,Federal Contract Tower,0,7,4,0,11,0,0,0,0,0,0,7,4,0,11,0,0,0,11
01/01/2007,LZU,GA,ASO,ES,Federal Contract Tower,0,0,29,0,29,0,0,76,0,76,0,0,105,0,105,38,0,38,143
01/02/2007,LZU,GA,ASO,ES,Federal Contract Tower,0,7,45,0,52,0,2,137,0,139,0,9,182,0,191,60,0,60,251
01/03/2007,LZU,GA,ASO,ES,Federal Contract Tower,0,9,54,0,63,0,5,118,0,123,0,14,172,0,186,114,0,114,300
01/04/2007,LZU,GA,ASO,ES,Federal Contract Tower,0,13,58,0,71,0,0,16,0,16,0,13,74,0,87,18,0,18,105
01/05/2007,LZU,GA,ASO,ES,Federal Contract Tower,0,16,34,0,50,0,0,15,0,15,0,16,49,0,65,6,0,6,71
01/06/2007,LZU,GA,ASO,ES,Federal Contract Tower,0,0,41,0,41,0,0,231,0,231,0,0,272,0,272,132,0,132,404
01/07/2007,LZU,GA,ASO,ES,Federal Contract Tower,0,4,17,0,21,0,0,6,0,6,0,4,23,0,27,0,0,0,27
01/08/2007,LZU,GA,ASO,ES,Federal Contract Tower,0,4,40,0,44,0,3,63,0,66,0,7,103,0,110,22,0,22,132
01/09/2007,LZU,GA,ASO,ES,Federal Contract Tower,0,7,38,0,45,0,4,70,0,74,0,11,108,0,119,26,0,26,145
01/10/2007,LZU,GA,ASO,ES,Federal Contract Tower,0,7,54,1,62,0,6,177,9,192,0,13,231,10,254,30,0,30,284
01/11/2007,LZU,GA,ASO,ES,Federal Contract Tower,0,4,55,0,59,0,4,143,2,149,0,8,198,2,208,96,0,96,304
01/12/2007,LZU,GA,ASO,ES,Federal Contract Tower,0,4,61,0,65,0,7,170,4,181,0,11,231,4,246,114,0,114,360
01/13/2007,LZU,GA,ASO,ES,Federal Contract Tower,0,4,26,0,30,0,1,158,0,159,0,5,184,0,189,122,0,122,311
01/14/2007,LZU,GA,ASO,ES,Federal Contract Tower,0,3,34,0,37,0,0,97,0,97,0,3,131,0,134,22,0,22,156
01/15/2007,LZU,GA,ASO,ES,Federal Contract Tower,0,10,46,0,56,0,1,42,0,43,0,11,88,0,99,68,0,68,167
01/16/2007,LZU,GA,ASO,ES,Federal Contract Tower,0,7,33,0,40,0,7,24,0,31,0,14,57,0,71,12,0,12,83
01/17/2007,LZU,GA,ASO,ES,Federal Contract Tower,0,7,39,0,46,0,5,119,0,124,0,12,158,0,170,82,0,82,252
01/18/2007,LZU,GA,ASO,ES,Federal Contract Tower,0,14,41,0,55,0,0,0,0,0,0,14,41,0,55,0,0,0,55
01/19/2007,LZU,GA,ASO,ES,Federal Contract Tower,0,7,72,0,79,0,8,120,0,128,0,15,192,0,207,72,0,72,279
01/20/2007,LZU,GA,ASO,ES,Federal Contract Tower,0,2,11,0,13,0,0,204,0,204,0,2,215,0,217,130,0,130,347
01/21/2007,LZU,GA,ASO,ES,Federal Contract Tower,0,5,34,0,39,0,0,17,0,17,0,5,51,0,56,2,0,2,58
01/22/2007,LZU,GA,ASO,ES,Federal Contract Tower,0,10,47,0,57,0,0,0,0,0,0,10,47,0,57,0,0,0,57
01/23/2007,LZU,GA,ASO,ES,Federal Contract Tower,0,7,42,0,49,0,5,102,0,107,0,12,144,0,156,10,0,10,166
01/24/2007,LZU,GA,ASO,ES,Federal Contract Tower,0,4,38,0,42,0,3,102,0,105,0,7,140,0,147,100,0,100,247
01/25/2007,LZU,GA,ASO,ES,Federal Contract Tower,0,9,49,0,58,0,0,86,0,86,0,9,135,0,144,44,0,44,188
01/26/2007,LZU,GA,ASO,ES,Federal Contract Tower,0,3,38,0,41,0,4,192,0,196,0,7,230,0,237,88,0,88,325
01/27/2007,LZU,GA,ASO,ES,Federal Contract Tower,0,1,30,0,31,0,0,199,0,199,0,1,229,0,230,130,0,130,360
01/28/2007,LZU,GA,ASO,ES,Federal Contract Tower,0,2,25,0,27,0,0,32,0,32,0,2,57,0,59,4,0,4,63
01/29/2007,LZU,GA,ASO,ES,Federal Contract Tower,0,10,26,0,36,0,5,116,0,121,0,15,142,0,157,18,0,18,175
01/30/2007,LZU,GA,ASO,ES,Federal Contract Tower,0,3,43,1,47,0,10,131,1,142,0,13,174,2,189,110,0,110,299
01/31/2007,LZU,GA,ASO,ES,Federal Contract Tower,0,4,45,0,49,0,6,154,2,162,0,10,199,2,211,78,0,78,289
02/01/2007,LZU,GA,ASO,ES,Federal Contract Tower,0,10,24,0,34,0,0,0,0,0,0,10,24,0,34,0,0,0,34
02/02/2007,LZU,GA,ASO,ES,Federal Contract Tower,0,7,57,0,64,0,6,48,0,54,0,13,105,0,118,18,0,18,136
02/03/2007,LZU,GA,ASO,ES,Federal Contract Tower,0,3,16,1,20,0,0,178,0,178,0,3,194,1,198,66,0,66,264
02/04/2007,LZU,GA,ASO,ES,Federal Contract Tower,0,0,22,0,22,0,2,166,0,168,0,2,188,0,190,42,0,42,232
02/05/2007,LZU,GA,ASO,ES,Federal Contract Tower,0,8,37,0,45,0,7,86,0,93,0,15,123,0,138,44,0,44,182
02/06/2007,LZU,GA,ASO,ES,Federal Contract Tower,0,9,58,0,67,0,3,155,0,158,0,12,213,0,225,100,0,100,325
02/07/2007,LZU,GA,ASO,ES,Federal Contract Tower,0,9,47,1,57,0,4,133,0,137,0,13,180,1,194,126,0,126,320
02/08/2007,LZU,GA,ASO,ES,Federal Contract Tower,0,6,58,0,64,0,5,146,1,152,0,11,204,1,216,70,0,70,286
02/09/2007,LZU,GA,ASO,ES,Federal Contract Tower,0,9,40,0,49,0,5,111,0,116,0,14,151,0,165,72,0,72,237
02/10/2007,LZU,GA,ASO,ES,Federal Contract Tower,0,0,21,0,21,0,0,234,0,234,0,0,255,0,255,40,0,40,295
02/11/2007,LZU,GA,ASO,ES,Federal Contract Tower,0,0,30,0,30,0,1,243,0,244,0,1,273,0,274,18,0,18,292
02/12/2007,LZU,GA,ASO,ES,Federal Contract Tower,0,8,29,0,37,0,9,119,4,132,0,17,148,4,169,46,0,46,215
02/13/2007,LZU,GA,ASO,ES,Federal Contract Tower,0,11,33,0,44,0,3,17,0,20,0,14,50,0,64,14,0,14,78
02/14/2007,LZU,GA,ASO,ES,Federal Contract Tower,0,6,39,0,45,0,6,33,0,39,0,12,72,0,84,8,0,8,92
02/15/2007,LZU,GA,ASO,ES,Federal Contract Tower,0,12,42,0,54,0,5,108,0,113,0,17,150,0,167,62,0,62,229
02/16/2007,LZU,GA,ASO,ES,Federal Contract Tower,0,5,50,0,55,0,5,152,0,157,0,10,202,0,212,92,0,92,304
02/17/2007,LZU,GA,ASO,ES,Federal Contract Tower,0,3,26,0,29,0,0,188,0,188,0,3,214,0,217,48,0,48,265
02/18/2007,LZU,GA,ASO,ES,Federal Contract Tower,0,1,17,0,18,0,0,56,0,56,0,1,73,0,74,12,0,12,86
02/19/2007,LZU,GA,ASO,ES,Federal Contract Tower,0,8,46,0,54,0,6,171,0,177,0,14,217,0,231,47,0,47,278
02/20/2007,LZU,GA,ASO,ES,Federal Contract Tower,0,15,64,0,79,0,4,80,0,84,0,19,144,0,163,58,0,58,221
02/21/2007,LZU,GA,ASO,ES,Federal Contract Tower,0,8,52,0,60,0,7,17,0,24,0,15,69,0,84,16,0,16,100
02/22/2007,LZU,GA,ASO,ES,Federal Contract Tower,0,10,53,0,63,0,3,103,0,106,0,13,156,0,169,48,0,48,217
02/23/2007,LZU,GA,ASO,ES,Federal Contract Tower,0,7,52,1,60,0,6,257,0,263,0,13,309,1,323,92,0,92,415
02/24/2007,LZU,GA,ASO,ES,Federal Contract Tower,0,1,24,0,25,0,0,247,0,247,0,1,271,0,272,112,0,112,384
02/25/2007,LZU,GA,ASO,ES,Federal Contract Tower,0,2,25,0,27,0,0,47,0,47,0,2,72,0,74,6,0,6,80
02/26/2007,LZU,GA,ASO,ES,Federal Contract Tower,0,13,31,0,44,0,6,138,0,144,0,19,169,0,188,56,0,56,244
02/27/2007,LZU,GA,ASO,ES,Federal Contract Tower,0,11,37,1,49,0,3,203,0,206,0,14,240,1,255,112,0,112,367
02/28/2007,LZU,GA,ASO,ES,Federal Contract Tower,0,14,37,0,51,0,2,152,0,154,0,16,189,0,205,92,0,92,297
03/01/2007,LZU,GA,ASO,ES,Federal Contract Tower,0,12,25,0,37,0,0,0,0,0,0,12,25,0,37,0,0,0,37
03/02/2007,LZU,GA,ASO,ES,Federal Contract Tower,0,6,61,0,67,0,5,183,0,188,0,11,244,0,255,114,0,114,369
03/03/2007,LZU,GA,ASO,ES,Federal Contract Tower,0,0,27,0,27,0,0,159,0,159,0,0,186,0,186,48,0,48,234
03/04/2007,LZU,GA,ASO,ES,Federal Contract Tower,0,0,36,0,36,0,0,106,0,106,0,0,142,0,142,18,0,18,160
03/05/2007,LZU,GA,ASO,ES,Federal Contract Tower,0,8,32,0,40,0,6,169,0,175,0,14,201,0,215,22,0,22,237
03/06/2007,LZU,GA,ASO,ES,Federal Contract Tower,0,8,40,0,48,0,1,165,0,166,0,9,205,0,214,112,0,112,326
03/07/2007,LZU,GA,ASO,ES,Federal Contract Tower,0,10,53,0,63,0,4,147,0,151,0,14,200,0,214,118,0,118,332
03/08/2007,LZU,GA,ASO,ES,Federal Contract Tower,0,13,51,0,64,0,4,178,0,182,0,17,229,0,246,170,0,170,416
03/09/2007,LZU,GA,ASO,ES,Federal Contract Tower,0,11,57,0,68,0,5,54,0,59,0,16,111,0,127,26,0,26,153
03/10/2007,LZU,GA,ASO,ES,Federal Contract Tower,0,4,34,0,38,0,2,126,0,128,0,6,160,0,166,88,0,88,254
03/11/2007,LZU,GA,ASO,ES,Federal Contract Tower,0,4,38,0,42,0,0,227,0,227,0,4,265,0,269,130,0,130,399
03/12/2007,LZU,GA,ASO,ES,Federal Contract Tower,0,7,38,0,45,0,6,139,0,145,0,13,177,0,190,32,0,32,222
03/13/2007,LZU,GA,ASO,ES,Federal Contract Tower,0,7,40,0,47,0,6,155,2,163,0,13,195,2,210,76,0,76,286
03/14/2007,LZU,GA,ASO,ES,Federal Contract Tower,0,13,57,0,70,0,5,138,0,143,0,18,195,0,213,144,0,144,357
03/15/2007,LZU,GA,ASO,ES,Federal Contract Tower,0,13,50,0,63,0,4,66,0,70,0,17,116,0,133,56,0,56,189
03/16/2007,LZU,GA,ASO,ES,Federal Contract Tower,0,15,44,0,59,0,4,22,0,26,0,19,66,0,85,20,0,20,105
03/17/2007,LZU,GA,ASO,ES,Federal Contract Tower,0,2,32,0,34,0,0,119,0,119,0,2,151,0,153,66,0,66,219
03/18/2007,LZU,GA,ASO,ES,Federal Contract Tower,0,3,34,0,37,0,0,186,0,186,0,3,220,0,223,80,0,80,303
03/19/2007,LZU,GA,ASO,ES,Federal Contract Tower,0,12,43,0,55,0,8,145,0,153,0,20,188,0,208,115,0,115,323
03/20/2007,LZU,GA,ASO,ES,Federal Contract Tower,0,6,38,0,44,0,7,166,0,173,0,13,204,0,217,120,0,120,337
03/21/2007,LZU,GA,ASO,ES,Federal Contract Tower,0,16,53,0,69,0,8,140,6,154,0,24,193,6,223,56,0,56,279
03/22/2007,LZU,GA,ASO,ES,Federal Contract Tower,0,14,47,0,61,0,3,155,0,158,0,17,202,0,219,100,0,100,319
03/23/2007,LZU,GA,ASO,ES,Federal Contract Tower,0,9,45,0,54,0,5,169,0,174,0,14,214,0,228,172,0,172,400
03/24/2007,LZU,GA,ASO,ES,Federal Contract Tower,0,3,22,0,25,0,0,290,0,290,0,3,312,0,315,142,0,142,457
03/25/2007,LZU,GA,ASO,ES,Federal Contract Tower,0,1,38,0,39,0,0,229,0,229,0,1,267,0,268,162,0,162,430
03/26/2007,LZU,GA,ASO,ES,Federal Contract Tower,0,13,47,0,60,0,6,108,0,114,0,19,155,0,174,40,0,40,214
03/27/2007,LZU,GA,ASO,ES,Federal Contract Tower,0,15,43,0,58,0,2,80,0,82,0,17,123,0,140,34,0,34,174
03/28/2007,LZU,GA,ASO,ES,Federal Contract Tower,0,10,36,0,46,0,6,112,0,118,0,16,148,0,164,92,0,92,256
03/29/2007,LZU,GA,ASO,ES,Federal Contract Tower,0,17,57,0,74,0,11,136,0,147,0,28,193,0,221,41,0,41,262
03/30/2007,LZU,GA,ASO,ES,Federal Contract Tower,0,9,74,0,83,0,3,91,0,94,0,12,165,0,177,48,0,48,225
03/31/2007,LZU,GA,ASO,ES,Federal Contract Tower,0,5,73,0,78,0,0,80,0,80,0,5,153,0,158,42,0,42,200
04/01/2007,LZU,GA,ASO,ES,Federal Contract Tower,0,1,35,0,36,0,0,16,0,16,0,1,51,0,52,30,0,30,82
04/02/2007,LZU,GA,ASO,ES,Federal Contract Tower,0,8,55,0,63,0,3,133,2,138,0,11,188,2,201,22,0,22,223
04/03/2007,LZU,GA,ASO,ES,Federal Contract Tower,0,10,44,2,56,0,3,118,0,121,0,13,162,2,177,72,0,72,249
04/04/2007,LZU,GA,ASO,ES,Federal Contract Tower,0,8,55,0,63,0,4,105,0,109,0,12,160,0,172,16,0,16,188
04/05/2007,LZU,GA,ASO,ES,Federal Contract Tower,0,9,42,0,51,0,6,125,0,131,0,15,167,0,182,0,0,0,182
04/06/2007,LZU,GA,ASO,ES,Federal Contract Tower,0,8,34,0,42,0,6,109,0,115,0,14,143,0,157,28,0,28,185
04/07/2007,LZU,GA,ASO,ES,Federal Contract Tower,0,4,32,0,36,0,0,86,0,86,0,4,118,0,122,8,0,8,130
04/08/2007,LZU,GA,ASO,ES,Federal Contract Tower,0,2,37,0,39,0,0,120,0,120,0,2,157,0,159,38,0,38,197
04/09/2007,LZU,GA,ASO,ES,Federal Contract Tower,0,6,36,0,42,0,6,115,1,122,0,12,151,1,164,52,0,52,216
04/10/2007,LZU,GA,ASO,ES,Federal Contract Tower,0,14,37,0,51,0,3,143,1,147,0,17,180,1,198,76,0,76,274
04/11/2007,LZU,GA,ASO,ES,Federal Contract Tower,0,13,31,0,44,0,0,0,0,0,0,13,31,0,44,0,0,0,44
04/12/2007,LZU,GA,ASO,ES,Federal Contract Tower,0,10,38,0,48,0,0,73,0,73,0,10,111,0,121,52,0,52,173
04/13/2007,LZU,GA,ASO,ES,Federal Contract Tower,0,8,41,0,49,0,9,225,0,234,0,17,266,0,283,66,0,66,349
04/14/2007,LZU,GA,ASO,ES,Federal Contract Tower,0,2,20,0,22,0,0,85,4,89,0,2,105,4,111,38,0,38,149
04/15/2007,LZU,GA,ASO,ES,Federal Contract Tower,0,2,31,0,33,0,4,5,0,9,0,6,36,0,42,0,0,0,42
04/16/2007,LZU,GA,ASO,ES,Federal Contract Tower,0,13,24,0,37,0,5,40,0,45,0,18,64,0,82,8,0,8,90
04/17/2007,LZU,GA,ASO,ES,Federal Contract Tower,0,7,54,0,61,0,8,172,0,180,0,15,226,0,241,52,0,52,293
04/18/2007,LZU,GA,ASO,ES,Federal Contract Tower,0,10,59,0,69,0,4,86,0,90,0,14,145,0,159,68,0,68,227
04/19/2007,LZU,GA,ASO,ES,Federal Contract Tower,0,7,45,0,52,0,6,176,2,184,0,13,221,2,236,60,0,60,296
04/20/2007,LZU,GA,ASO,ES,Federal Contract Tower,0,7,64,0,71,0,5,111,0,116,0,12,175,0,187,44,0,44,231
04/21/2007,LZU,GA,ASO,ES,Federal Contract Tower,0,2,19,0,21,0,3,194,2,199,0,5,213,2,220,118,2,120,340
04/22/2007,LZU,GA,ASO,ES,Federal Contract Tower,0,3,48,0,51,0,0,210,0,210,0,3,258,0,261,68,0,68,329
04/23/2007,LZU,GA,ASO,ES,Federal Contract Tower,0,8,36,0,44,0,7,171,0,178,0,15,207,0,222,110,0,110,332
04/24/2007,LZU,GA,ASO,ES,Federal Contract Tower,0,7,44,0,51,0,6,138,0,144,0,13,182,0,195,48,0,48,243
04/25/2007,LZU,GA,ASO,ES,Federal Contract Tower,0,4,49,0,53,0,9,129,0,138,0,13,178,0,191,60,0,60,251
04/26/2007,LZU,GA,ASO,ES,Federal Contract Tower,0,12,66,0,78,0,9,25,0,34,0,21,91,0,112,0,0,0,112
04/27/2007,LZU,GA,ASO,ES,Federal Contract Tower,0,10,56,0,66,0,5,106,0,111,0,15,162,0,177,86,0,86,263
04/28/2007,LZU,GA,ASO,ES,Federal Contract Tower,0,4,30,0,34,0,0,193,0,193,0,4,223,0,227,74,0,74,301
04/29/2007,LZU,GA,ASO,ES,Federal Contract Tower,0,4,40,0,44,0,0,230,0,230,0,4,270,0,274,36,0,36,310
04/30/2007,LZU,GA,ASO,ES,Federal Contract Tower,0,9,30,0,39,0,10,168,0,178,0,19,198,0,217,38,0,38,255
05/01/2007,LZU,GA,ASO,ES,Federal Contract Tower,0,8,51,0,59,0,4,235,0,239,0,12,286,0,298,98,0,98,396
05/02/2007,LZU,GA,ASO,ES,Federal Contract Tower,0,8,37,0,45,0,6,173,0,179,0,14,210,0,224,62,0,62,286
05/03/2007,LZU,GA,ASO,ES,Federal Contract Tower,0,11,50,0,61,0,9,145,0,154,0,20,195,0,215,78,0,78,293
05/04/2007,LZU,GA,ASO,ES,Federal Contract Tower,0,14,10,2,26,0,0,68,3,71,0,14,78,5,97,2,0,2,99
05/05/2007,LZU,GA,ASO,ES,Federal Contract Tower,0,2,24,0,26,0,0,0,0,0,0,2,24,0,26,0,0,0,26
05/06/2007,LZU,GA,ASO,ES,Federal Contract Tower,0,2,48,1,51,0,0,85,0,85,0,2,133,1,136,38,0,38,174
05/07/2007,LZU,GA,ASO,ES,Federal Contract Tower,0,10,40,0,50,0,13,134,0,147,0,23,174,0,197,82,0,82,279
05/08/2007,LZU,GA,ASO,ES,Federal Contract Tower,0,5,47,0,52,0,7,163,0,170,0,12,210,0,222,40,0,40,262
05/09/2007,LZU,GA,ASO,ES,Federal Contract Tower,0,4,39,0,43,0,9,155,0,164,0,13,194,0,207,110,0,110,317
05/10/2007,LZU,GA,ASO,ES,Federal Contract Tower,0,7,41,0,48,0,6,180,0,186,0,13,221,0,234,72,0,72,306
05/11/2007,LZU,GA,ASO,ES,Federal Contract Tower,0,8,40,2,50,0,8,130,4,142,0,16,170,6,192,100,0,100,292
05/12/2007,LZU,GA,ASO,ES,Federal Contract Tower,0,4,26,0,30,0,0,153,2,155,0,4,179,2,185,64,0,64,249
05/13/2007,LZU,GA,ASO,ES,Federal Contract Tower,0,5,35,0,40,0,1,115,0,116,0,6,150,0,156,52,0,52,208
05/14/2007,LZU,GA,ASO,ES,Federal Contract Tower,0,7,37,0,44,0,8,142,0,150,0,15,179,0,194,74,8,82,276
05/15/2007,LZU,GA,ASO,ES,Federal Contract Tower,0,18,61,0,79,0,2,177,0,179,0,20,238,0,258,106,0,106,364
05/16/2007,LZU,GA,ASO,ES,Federal Contract Tower,0,15,69,0,84,0,5,24,0,29,0,20,93,0,113,6,0,6,119
05/17/2007,LZU,GA,ASO,ES,Federal Contract Tower,0,14,57,0,71,0,6,167,0,173,0,20,224,0,244,36,0,36,280
05/18/2007,LZU,GA,ASO,ES,Federal Contract Tower,0,5,50,0,55,0,3,144,0,147,0,8,194,0,202,62,0,62,264
05/19/2007,LZU,GA,ASO,ES,Federal Contract Tower,0,1,27,0,28,0,0,183,0,183,0,1,210,0,211,60,0,60,271
05/20/2007,LZU,GA,ASO,ES,Federal Contract Tower,0,11,34,0,45,0,2,169,0,171,0,13,203,0,216,60,0,60,276
05/21/2007,LZU,GA,ASO,ES,Federal Contract Tower,0,12,53,0,65,0,8,159,0,167,0,20,212,0,232,150,0,150,382
05/22/2007,LZU,GA,ASO,ES,Federal Contract Tower,0,9,85,0,94,0,2,80,0,82,0,11,165,0,176,40,0,40,216
05/23/2007,LZU,GA,ASO,ES,Federal Contract Tower,0,12,53,0,65,0,4,133,0,137,0,16,186,0,202,44,0,44,246
05/24/2007,LZU,GA,ASO,ES,Federal Contract Tower,0,9,53,0,62,0,2,158,0,160,0,11,211,0,222,78,0,78,300
05/25/2007,LZU,GA,ASO,ES,Federal Contract Tower,0,8,56,0,64,0,6,168,0,174,0,14,224,0,238,68,0,68,306
05/26/2007,LZU,GA,ASO,ES,Federal Contract Tower,0,2,36,0,38,0,0,223,0,223,0,2,259,0,261,102,0,102,363
05/27/2007,LZU,GA,ASO,ES,Federal Contract Tower,0,2,32,0,34,0,0,74,0,74,0,2,106,0,108,20,0,20,128
05/28/2007,LZU,GA,ASO,ES,Federal Contract Tower,0,1,54,0,55,0,0,191,0,191,0,1,245,0,246,94,0,94,340
05/29/2007,LZU,GA,ASO,ES,Federal Contract Tower,0,8,33,0,41,0,2,99,2,103,0,10,132,2,144,84,0,84,228
05/30/2007,LZU,GA,ASO,ES,Federal Contract Tower,0,11,39,0,50,0,0,131,0,131,0,11,170,0,181,22,0,22,203
05/31/2007,LZU,GA,ASO,ES,Federal Contract Tower,0,9,87,0,96,0,4,98,0,102,0,13,185,0,198,66,0,66,264
06/01/2007,LZU,GA,ASO,ES,Federal Contract Tower,0,12,56,2,70,0,5,147,0,152,0,17,203,2,222,104,0,104,326
06/02/2007,LZU,GA,ASO,ES,Federal Contract Tower,0,6,31,0,37,0,0,123,0,123,0,6,154,0,160,64,0,64,224
06/03/2007,LZU,GA,ASO,ES,Federal Contract Tower,0,5,27,0,32,0,0,80,0,80,0,5,107,0,112,16,0,16,128
06/04/2007,LZU,GA,ASO,ES,Federal Contract Tower,0,3,29,0,32,0,6,80,0,86,0,9,109,0,118,50,0,50,168
06/05/2007,LZU,GA,ASO,ES,Federal Contract Tower,0,17,42,0,59,0,5,133,0,138,0,22,175,0,197,102,0,102,299
06/06/2007,LZU,GA,ASO,ES,Federal Contract Tower,0,10,41,0,51,0,1,148,0,149,0,11,189,0,200,126,0,126,326
06/07/2007,LZU,GA,ASO,ES,Federal Contract Tower,0,6,42,0,48,0,6,137,0,143,0,12,179,0,191,82,0,82,273
06/08/2007,LZU,GA,ASO,ES,Federal Contract Tower,0,15,38,0,53,0,1,108,2,111,0,16,146,2,164,34,0,34,198
06/09/2007,LZU,GA,ASO,ES,Federal Contract Tower,0,1,33,0,34,0,2,221,0,223,0,3,254,0,257,68,0,68,325
06/10/2007,LZU,GA,ASO,ES,Federal Contract Tower,0,3,34,0,37,0,2,149,0,151,0,5,183,0,188,36,0,36,224
06/11/2007,LZU,GA,ASO,ES,Federal Contract Tower,0,13,44,0,57,0,4,39,0,43,0,17,83,0,100,34,0,34,134
06/12/2007,LZU,GA,ASO,ES,Federal Contract Tower,0,10,44,1,55,0,2,38,0,40,0,12,82,1,95,46,0,46,141
06/13/2007,LZU,GA,ASO,ES,Federal Contract Tower,0,15,63,0,78,0,2,83,0,85,0,17,146,0,163,48,0,48,211
06/14/2007,LZU,GA,ASO,ES,Federal Contract Tower,0,12,42,0,54,0,3,97,0,100,0,15,139,0,154,110,0,110,264
06/15/2007,LZU,GA,ASO,ES,Federal Contract Tower,0,11,70,0,81,0,6,63,2,71,0,17,133,2,152,12,0,12,164
06/16/2007,LZU,GA,ASO,ES,Federal Contract Tower,0,5,45,0,50,0,0,270,0,270,0,5,315,0,320,90,0,90,410
06/17/2007,LZU,GA,ASO,ES,Federal Contract Tower,0,4,27,0,31,0,0,144,0,144,0,4,171,0,175,38,0,38,213
06/18/2007,LZU,GA,ASO,ES,Federal Contract Tower,0,7,34,0,41,0,7,92,0,99,0,14,126,0,140,90,0,90,230
06/19/2007,LZU,GA,ASO,ES,Federal Contract Tower,0,14,21,0,35,0,1,76,0,77,0,15,97,0,112,52,0,52,164
06/20/2007,LZU,GA,ASO,ES,Federal Contract Tower,0,8,42,0,50,0,5,149,0,154,0,13,191,0,204,108,0,108,312
06/21/2007,LZU,GA,ASO,ES,Federal Contract Tower,0,9,42,0,51,0,8,139,0,147,0,17,181,0,198,36,0,36,234
06/22/2007,LZU,GA,ASO,ES,Federal Contract Tower,0,11,48,0,59,0,2,191,0,193,0,13,239,0,252,66,0,66,318
06/23/2007,LZU,GA,ASO,ES,Federal Contract Tower,0,1,28,0,29,0,2,178,0,180,0,3,206,0,209,94,0,94,303
06/24/2007,LZU,GA,ASO,ES,Federal Contract Tower,0,6,29,0,35,0,0,152,0,152,0,6,181,0,187,56,0,56,243
06/25/2007,LZU,GA,ASO,ES,Federal Contract Tower,0,19,36,0,55,0,1,88,0,89,0,20,124,0,144,42,0,42,186
06/26/2007,LZU,GA,ASO,ES,Federal Contract Tower,0,10,46,1,57,0,4,113,0,117,0,14,159,1,174,98,0,98,272
06/27/2007,LZU,GA,ASO,ES,Federal Contract Tower,0,9,42,0,51,0,4,107,0,111,0,13,149,0,162,112,0,112,274
06/28/2007,LZU,GA,ASO,ES,Federal Contract Tower,0,7,43,0,50,0,1,183,0,184,0,8,226,0,234,132,0,132,366
06/29/2007,LZU,GA,ASO,ES,Federal Contract Tower,0,8,63,0,71,0,3,140,0,143,0,11,203,0,214,36,0,36,250
06/30/2007,LZU,GA,ASO,ES,Federal Contract Tower,0,0,21,0,21,0,0,194,0,194,0,0,215,0,215,106,0,106,321
07/01/2007,LZU,GA,ASO,ES,Federal Contract Tower,0,1,25,0,26,0,0,137,4,141,0,1,162,4,167,36,0,36,203
07/02/2007,LZU,GA,ASO,ES,Federal Contract Tower,0,10,48,0,58,0,3,43,0,46,0,13,91,0,104,30,0,30,134
07/03/2007,LZU,GA,ASO,ES,Federal Contract Tower,0,10,41,0,51,0,1,98,0,99,0,11,139,0,150,70,0,70,220
07/04/2007,LZU,GA,ASO,ES,Federal Contract Tower,0,1,27,0,28,0,0,127,0,127,0,1,154,0,155,46,0,46,201
07/05/2007,LZU,GA,ASO,ES,Federal Contract Tower,0,7,38,0,45,0,3,167,0,170,0,10,205,0,215,126,0,126,341
07/06/2007,LZU,GA,ASO,ES,Federal Contract Tower,0,8,27,0,35,0,3,109,0,112,0,11,136,0,147,66,0,66,213
07/07/2007,LZU,GA,ASO,ES,Federal Contract Tower,0,1,28,0,29,0,0,123,0,123,0,1,151,0,152,50,0,50,202
07/08/2007,LZU,GA,ASO,ES,Federal Contract Tower,0,1,50,0,51,0,0,44,0,44,0,1,94,0,95,30,0,30,125
07/09/2007,LZU,GA,ASO,ES,Federal Contract Tower,0,7,35,0,42,0,4,77,0,81,0,11,112,0,123,68,0,68,191
07/10/2007,LZU,GA,ASO,ES,Federal Contract Tower,0,7,38,0,45,0,4,85,0,89,0,11,123,0,134,26,0,26,160
07/11/2007,LZU,GA,ASO,ES,Federal Contract Tower,0,7,43,0,50,0,3,18,0,21,0,10,61,0,71,0,0,0,71
07/12/2007,LZU,GA,ASO,ES,Federal Contract Tower,0,5,44,0,49,0,8,205,0,213,0,13,249,0,262,128,0,128,390
07/13/2007,LZU,GA,ASO,ES,Federal Contract Tower,0,7,31,0,38,0,8,162,0,170,0,15,193,0,208,100,0,100,308
07/14/2007,LZU,GA,ASO,ES,Federal Contract Tower,0,6,30,0,36,0,0,155,0,155,0,6,185,0,191,70,0,70,261
07/15/2007,LZU,GA,ASO,ES,Federal Contract Tower,0,5,40,0,45,0,0,40,0,40,0,5,80,0,85,0,0,0,85
07/16/2007,LZU,GA,ASO,ES,Federal Contract Tower,0,11,33,0,44,0,3,186,0,189,0,14,219,0,233,94,0,94,327
07/17/2007,LZU,GA,ASO,ES,Federal Contract Tower,0,7,33,0,40,0,0,125,0,125,0,7,158,0,165,58,0,58,223
07/18/2007,LZU,GA,ASO,ES,Federal Contract Tower,0,9,39,0,48,0,6,107,2,115,0,15,146,2,163,72,0,72,235
07/19/2007,LZU,GA,ASO,ES,Federal Contract Tower,0,10,57,0,67,0,5,138,0,143,0,15,195,0,210,130,0,130,340
07/20/2007,LZU,GA,ASO,ES,Federal Contract Tower,0,9,41,0,50,0,4,127,0,131,0,13,168,0,181,52,0,52,233
07/21/2007,LZU,GA,ASO,ES,Federal Contract Tower,0,1,28,0,29,0,0,273,0,273,0,1,301,0,302,102,0,102,404
07/22/2007,LZU,GA,ASO,ES,Federal Contract Tower,0,2,41,0,43,0,0,79,0,79,0,2,120,0,122,24,0,24,146
07/23/2007,LZU,GA,ASO,ES,Federal Contract Tower,0,11,34,0,45,0,4,156,2,162,0,15,190,2,207,96,0,96,303
07/24/2007,LZU,GA,ASO,ES,Federal Contract Tower,0,11,37,0,48,0,2,137,0,139,0,13,174,0,187,62,0,62,249
07/25/2007,LZU,GA,ASO,ES,Federal Contract Tower,0,12,49,0,61,0,0,105,0,105,0,12,154,0,166,80,0,80,246
07/26/2007,LZU,GA,ASO,ES,Federal Contract Tower,0,12,49,0,61,0,3,80,0,83,0,15,129,0,144,30,0,30,174
07/27/2007,LZU,GA,ASO,ES,Federal Contract Tower,0,8,52,0,60,0,3,130,0,133,0,11,182,0,193,80,0,80,273
07/28/2007,LZU,GA,ASO,ES,Federal Contract Tower,0,2,31,0,33,0,1,102,0,103,0,3,133,0,136,102,0,102,238
07/29/2007,LZU,GA,ASO,ES,Federal Contract Tower,0,0,58,0,58,0,2,67,0,69,0,2,125,0,127,0,0,0,127
07/30/2007,LZU,GA,ASO,ES,Federal Contract Tower,0,7,40,0,47,0,8,82,0,90,0,15,122,0,137,84,0,84,221
07/31/2007,LZU,GA,ASO,ES,Federal Contract Tower,0,14,48,0,62,0,1,77,0,78,0,15,125,0,140,72,0,72,212
08/01/2007,LZU,GA,ASO,ES,Federal Contract Tower,0,9,49,4,62,0,7,119,0,126,0,16,168,4,188,78,0,78,266
08/02/2007,LZU,GA,ASO,ES,Federal Contract Tower,0,12,52,0,64,0,5,132,0,137,0,17,184,0,201,82,0,82,283
08/03/2007,LZU,GA,ASO,ES,Federal Contract Tower,0,6,38,0,44,0,10,209,0,219,0,16,247,0,263,58,0,58,321
08/04/2007,LZU,GA,ASO,ES,Federal Contract Tower,0,1,25,0,26,0,0,254,0,254,0,1,279,0,280,42,0,42,322
08/05/2007,LZU,GA,ASO,ES,Federal Contract Tower,0,6,25,0,31,0,0,144,0,144,0,6,169,0,175,64,0,64,239
08/06/2007,LZU,GA,ASO,ES,Federal Contract Tower,0,11,38,0,49,0,13,73,0,86,0,24,111,0,135,66,0,66,201
08/07/2007,LZU,GA,ASO,ES,Federal Contract Tower,0,9,49,0,58,0,4,118,0,122,0,13,167,0,180,84,0,84,264
08/08/2007,LZU,GA,ASO,ES,Federal Contract Tower,0,9,41,0,50,0,5,104,0,109,0,14,145,0,159,36,0,36,195
08/09/2007,LZU,GA,ASO,ES,Federal Contract Tower,0,10,43,0,53,0,7,114,0,121,0,17,157,0,174,30,0,30,204
08/10/2007,LZU,GA,ASO,ES,Federal Contract Tower,0,11,43,0,54,0,5,131,0,136,0,16,174,0,190,94,0,94,284
08/11/2007,LZU,GA,ASO,ES,Federal Contract Tower,0,1,29,0,30,0,0,188,0,188,0,1,217,0,218,116,0,116,334
08/12/2007,LZU,GA,ASO,ES,Federal Contract Tower,0,4,41,0,45,0,1,101,0,102,0,5,142,0,147,4,0,4,151
08/13/2007,LZU,GA,ASO,ES,Federal Contract Tower,0,11,37,0,48,0,3,142,0,145,0,14,179,0,193,48,0,48,241
08/14/2007,LZU,GA,ASO,ES,Federal Contract Tower,0,8,29,0,37,0,6,123,4,133,0,14,152,4,170,90,0,90,260
08/15/2007,LZU,GA,ASO,ES,Federal Contract Tower,0,11,42,0,53,0,3,96,0,99,0,14,138,0,152,38,0,38,190
08/16/2007,LZU,GA,ASO,ES,Federal Contract Tower,0,9,42,0,51,0,5,106,0,111,0,14,148,0,162,50,0,50,212
08/17/2007,LZU,GA,ASO,ES,Federal Contract Tower,0,10,49,0,59,0,2,81,0,83,0,12,130,0,142,86,0,86,228
08/18/2007,LZU,GA,ASO,ES,Federal Contract Tower,0,2,27,0,29,0,0,162,0,162,0,2,189,0,191,60,0,60,251
08/19/2007,LZU,GA,ASO,ES,Federal Contract Tower,0,1,37,0,38,0,0,144,0,144,0,1,181,0,182,66,0,66,248
08/20/2007,LZU,GA,ASO,ES,Federal Contract Tower,0,8,26,0,34,0,3,136,6,145,0,11,162,6,179,28,0,28,207
08/21/2007,LZU,GA,ASO,ES,Federal Contract Tower,0,8,35,0,43,0,5,123,4,132,0,13,158,4,175,64,0,64,239
08/22/2007,LZU,GA,ASO,ES,Federal Contract Tower,0,10,38,0,48,0,3,116,0,119,0,13,154,0,167,102,0,102,269
08/23/2007,LZU,GA,ASO,ES,Federal Contract Tower,0,17,28,0,45,0,6,98,0,104,0,23,126,0,149,68,0,68,217
08/24/2007,LZU,GA,ASO,ES,Federal Contract Tower,0,12,45,0,57,0,6,68,0,74,0,18,113,0,131,52,0,52,183
08/25/2007,LZU,GA,ASO,ES,Federal Contract Tower,0,2,19,0,21,0,0,171,2,173,0,2,190,2,194,64,0,64,258
08/26/2007,LZU,GA,ASO,ES,Federal Contract Tower,0,7,26,0,33,0,0,104,2,106,0,7,130,2,139,38,0,38,177
08/27/2007,LZU,GA,ASO,ES,Federal Contract Tower,0,12,47,0,59,0,9,63,4,76,0,21,110,4,135,14,0,14,149
08/28/2007,LZU,GA,ASO,ES,Federal Contract Tower,0,10,52,0,62,0,4,76,0,80,0,14,128,0,142,70,0,70,212
08/29/2007,LZU,GA,ASO,ES,Federal Contract Tower,0,12,45,1,58,0,3,127,0,130,0,15,172,1,188,68,0,68,256
08/30/2007,LZU,GA,ASO,ES,Federal Contract Tower,0,8,54,0,62,0,3,68,0,71,0,11,122,0,133,10,0,10,143
08/31/2007,LZU,GA,ASO,ES,Federal Contract Tower,0,15,54,0,69,0,4,77,0,81,0,19,131,0,150,22,0,22,172
09/01/2007,LZU,GA,ASO,ES,Federal Contract Tower,0,6,40,0,46,0,0,118,20,138,0,6,158,20,184,52,0,52,236
09/02/2007,LZU,GA,ASO,ES,Federal Contract Tower,0,1,22,0,23,0,0,137,0,137,0,1,159,0,160,16,0,16,176
09/03/2007,LZU,GA,ASO,ES,Federal Contract Tower,0,6,29,0,35,0,0,300,0,300,0,6,329,0,335,18,0,18,353
09/04/2007,LZU,GA,ASO,ES,Federal Contract Tower,0,12,36,0,48,0,5,142,0,147,0,17,178,0,195,78,0,78,273
09/05/2007,LZU,GA,ASO,ES,Federal Contract Tower,0,13,22,0,35,0,3,120,0,123,0,16,142,0,158,60,0,60,218
09/06/2007,LZU,GA,ASO,ES,Federal Contract Tower,0,12,33,0,45,0,9,136,4,149,0,21,169,4,194,82,0,82,276
09/07/2007,LZU,GA,ASO,ES,Federal Contract Tower,0,15,40,0,55,0,5,123,0,128,0,20,163,0,183,100,0,100,283
09/08/2007,LZU,GA,ASO,ES,Federal Contract Tower,0,6,34,0,40,0,0,167,2,169,0,6,201,2,209,98,0,98,307
09/09/2007,LZU,GA,ASO,ES,Federal Contract Tower,0,8,31,0,39,0,0,159,0,159,0,8,190,0,198,4,0,4,202
09/10/2007,LZU,GA,ASO,ES,Federal Contract Tower,0,14,43,0,57,0,6,108,0,114,0,20,151,0,171,38,0,38,209
09/11/2007,LZU,GA,ASO,ES,Federal Contract Tower,0,11,46,0,57,0,7,88,0,95,0,18,134,0,152,44,0,44,196
09/12/2007,LZU,GA,ASO,ES,Federal Contract Tower,0,18,48,0,66,0,7,52,0,59,0,25,100,0,125,30,0,30,155
09/13/2007,LZU,GA,ASO,ES,Federal Contract Tower,0,16,56,0,72,0,2,44,0,46,0,18,100,0,118,50,0,50,168
09/14/2007,LZU,GA,ASO,ES,Federal Contract Tower,0,25,47,0,72,0,0,16,0,16,0,25,63,0,88,4,0,4,92
09/15/2007,LZU,GA,ASO,ES,Federal Contract Tower,0,3,23,0,26,0,0,181,0,181,0,3,204,0,207,96,0,96,303
09/16/2007,LZU,GA,ASO,ES,Federal Contract Tower,0,8,25,0,33,0,4,169,0,173,0,12,194,0,206,72,0,72,278
09/17/2007,LZU,GA,ASO,ES,Federal Contract Tower,0,19,39,0,58,0,4,134,0,138,0,23,173,0,196,198,0,198,394
09/18/2007,LZU,GA,ASO,ES,Federal Contract Tower,0,11,41,0,52,0,6,141,0,147,0,17,182,0,199,42,0,42,241
09/19/2007,LZU,GA,ASO,ES,Federal Contract Tower,0,13,33,0,46,0,5,137,0,142,0,18,170,0,188,70,0,70,258
09/20/2007,LZU,GA,ASO,ES,Federal Contract Tower,0,15,58,0,73,0,2,105,0,107,0,17,163,0,180,20,0,20,200
09/21/2007,LZU,GA,ASO,ES,Federal Contract Tower,0,21,60,0,81,0,3,16,0,19,0,24,76,0,100,32,0,32,132
09/22/2007,LZU,GA,ASO,ES,Federal Contract Tower,0,7,28,0,35,0,2,93,0,95,0,9,121,0,130,66,0,66,196
09/23/2007,LZU,GA,ASO,ES,Federal Contract Tower,0,9,38,0,47,0,0,94,0,94,0,9,132,0,141,38,0,38,179
09/24/2007,LZU,GA,ASO,ES,Federal Contract Tower,0,11,27,0,38,0,9,154,0,163,0,20,181,0,201,112,0,112,313
09/25/2007,LZU,GA,ASO,ES,Federal Contract Tower,0,12,48,0,60,0,12,148,0,160,0,24,196,0,220,74,0,74,294
09/26/2007,LZU,GA,ASO,ES,Federal Contract Tower,0,9,55,0,64,0,7,150,0,157,0,16,205,0,221,82,0,82,303
09/27/2007,LZU,GA,ASO,ES,Federal Contract Tower,0,13,63,0,76,0,0,83,0,83,0,13,146,0,159,88,0,88,247
09/28/2007,LZU,GA,ASO,ES,Federal Contract Tower,0,9,36,0,45,0,8,165,0,173,0,17,201,0,218,70,0,70,288
09/29/2007,LZU,GA,ASO,ES,Federal Contract Tower,0,0,20,0,20,0,2,162,0,164,0,2,182,0,184,48,0,48,232
09/30/2007,LZU,GA,ASO,ES,Federal Contract Tower,0,6,27,0,33,0,1,211,0,212,0,7,238,0,245,88,0,88,333
10/01/2007,LZU,GA,ASO,ES,Federal Contract Tower,0,4,40,0,44,0,6,153,0,159,0,10,193,0,203,86,0,86,289
10/02/2007,LZU,GA,ASO,ES,Federal Contract Tower,0,13,29,0,42,0,9,155,0,164,0,22,184,0,206,96,0,96,302
10/03/2007,LZU,GA,ASO,ES,Federal Contract Tower,0,16,42,0,58,0,3,114,0,117,0,19,156,0,175,86,0,86,261
10/04/2007,LZU,GA,ASO,ES,Federal Contract Tower,0,13,61,0,74,0,5,21,0,26,0,18,82,0,100,10,0,10,110
10/05/2007,LZU,GA,ASO,ES,Federal Contract Tower,0,16,52,0,68,0,3,47,0,50,0,19,99,0,118,50,0,50,168
10/06/2007,LZU,GA,ASO,ES,Federal Contract Tower,0,5,49,0,54,0,0,90,0,90,0,5,139,0,144,52,0,52,196
10/07/2007,LZU,GA,ASO,ES,Federal Contract Tower,0,4,28,0,32,0,0,226,0,226,0,4,254,0,258,72,0,72,330
10/08/2007,LZU,GA,ASO,ES,Federal Contract Tower,0,11,48,0,59,0,13,138,0,151,0,24,186,0,210,118,0,118,328
10/09/2007,LZU,GA,ASO,ES,Federal Contract Tower,0,16,38,0,54,0,5,99,0,104,0,21,137,0,158,36,0,36,194
10/10/2007,LZU,GA,ASO,ES,Federal Contract Tower,0,9,40,0,49,0,7,169,2,178,0,16,209,2,227,66,0,66,293
10/11/2007,LZU,GA,ASO,ES,Federal Contract Tower,0,10,41,1,52,0,8,136,0,144,0,18,177,1,196,36,0,36,232
10/12/2007,LZU,GA,ASO,ES,Federal Contract Tower,0,13,25,0,38,0,11,189,2,202,0,24,214,2,240,172,0,172,412
10/13/2007,LZU,GA,ASO,ES,Federal Contract Tower,0,4,26,0,30,0,0,206,4,210,0,4,232,4,240,98,0,98,338
10/14/2007,LZU,GA,ASO,ES,Federal Contract Tower,0,0,39,0,39,0,0,226,0,226,0,0,265,0,265,72,0,72,337
10/15/2007,LZU,GA,ASO,ES,Federal Contract Tower,0,8,45,0,53,0,4,110,0,114,0,12,155,0,167,46,0,46,213
10/16/2007,LZU,GA,ASO,ES,Federal Contract Tower,0,10,41,0,51,0,11,50,6,67,0,21,91,6,118,16,0,16,134
10/17/2007,LZU,GA,ASO,ES,Federal Contract Tower,0,9,61,2,72,0,5,75,4,84,0,14,136,6,156,52,0,52,208
10/18/2007,LZU,GA,ASO,ES,Federal Contract Tower,0,23,39,0,62,0,0,7,0,7,0,23,46,0,69,4,0,4,73
10/19/2007,LZU,GA,ASO,ES,Federal Contract Tower,0,12,54,0,66,0,5,60,0,65,0,17,114,0,131,76,0,76,207
10/20/2007,LZU,GA,ASO,ES,Federal Contract Tower,0,3,33,0,36,0,0,238,8,246,0,3,271,8,282,62,0,62,344
10/21/2007,LZU,GA,ASO,ES,Federal Contract Tower,0,4,28,0,32,0,0,177,0,177,0,4,205,0,209,46,0,46,255
10/22/2007,LZU,GA,ASO,ES,Federal Contract Tower,0,24,31,0,55,0,3,0,0,3,0,27,31,0,58,14,0,14,72
10/23/2007,LZU,GA,ASO,ES,Federal Contract Tower,0,19,36,0,55,0,2,16,0,18,0,21,52,0,73,6,0,6,79
10/24/2007,LZU,GA,ASO,ES,Federal Contract Tower,0,22,55,0,77,0,3,6,0,9,0,25,61,0,86,24,0,24,110
10/25/2007,LZU,GA,ASO,ES,Federal Contract Tower,0,15,51,0,66,0,6,129,4,139,0,21,180,4,205,84,0,84,289
10/26/2007,LZU,GA,ASO,ES,Federal Contract Tower,0,15,60,0,75,0,6,42,0,48,0,21,102,0,123,76,0,76,199
10/27/2007,LZU,GA,ASO,ES,Federal Contract Tower,0,1,16,0,17,0,0,235,6,241,0,1,251,6,258,114,0,114,372
10/28/2007,LZU,GA,ASO,ES,Federal Contract Tower,0,7,29,0,36,0,0,229,2,231,0,7,258,2,267,86,0,86,353
10/29/2007,LZU,GA,ASO,ES,Federal Contract Tower,0,18,26,0,44,0,6,104,0,110,0,24,130,0,154,72,0,72,226
10/30/2007,LZU,GA,ASO,ES,Federal Contract Tower,0,15,30,2,47,0,7,225,0,232,0,22,255,2,279,64,0,64,343
10/31/2007,LZU,GA,ASO,ES,Federal Contract Tower,0,4,30,0,34,0,9,256,2,267,0,13,286,2,301,82,0,82,383
11/01/2007,LZU,GA,ASO,ES,Federal Contract Tower,0,14,46,0,60,0,7,199,4,210,0,21,245,4,270,104,0,104,374
11/02/2007,LZU,GA,ASO,ES,Federal Contract Tower,0,13,46,0,59,0,7,173,2,182,0,20,219,2,241,146,0,146,387
11/03/2007,LZU,GA,ASO,ES,Federal Contract Tower,0,4,31,0,35,0,2,270,0,272,0,6,301,0,307,66,0,66,373
11/04/2007,LZU,GA,ASO,ES,Federal Contract Tower,0,9,38,0,47,0,2,232,0,234,0,11,270,0,281,62,0,62,343
11/05/2007,LZU,GA,ASO,ES,Federal Contract Tower,0,8,32,0,40,0,6,145,2,153,0,14,177,2,193,64,0,64,257
11/06/2007,LZU,GA,ASO,ES,Federal Contract Tower,0,14,31,1,46,0,10,67,3,80,0,24,98,4,126,48,0,48,174
11/07/2007,LZU,GA,ASO,ES,Federal Contract Tower,0,11,47,1,59,0,3,179,0,182,0,14,226,1,241,148,0,148,389
11/08/2007,LZU,GA,ASO,ES,Federal Contract Tower,0,10,45,0,55,0,9,180,0,189,0,19,225,0,244,190,0,190,434
11/09/2007,LZU,GA,ASO,ES,Federal Contract Tower,0,17,35,0,52,0,8,201,0,209,0,25,236,0,261,90,0,90,351
11/10/2007,LZU,GA,ASO,ES,Federal Contract Tower,0,4,21,0,25,0,1,205,0,206,0,5,226,0,231,110,0,110,341
11/11/2007,LZU,GA,ASO,ES,Federal Contract Tower,0,5,34,0,39,0,0,214,0,214,0,5,248,0,253,112,0,112,365
11/12/2007,LZU,GA,ASO,ES,Federal Contract Tower,0,11,24,0,35,0,6,169,0,175,0,17,193,0,210,94,0,94,304
11/13/2007,LZU,GA,ASO,ES,Federal Contract Tower,0,10,43,0,53,0,9,132,0,141,0,19,175,0,194,100,0,100,294
11/14/2007,LZU,GA,ASO,ES,Federal Contract Tower,0,19,51,0,70,0,5,184,0,189,0,24,235,0,259,118,0,118,377
11/15/2007,LZU,GA,ASO,ES,Federal Contract Tower,0,13,37,0,50,0,7,30,0,37,0,20,67,0,87,0,0,0,87
11/16/2007,LZU,GA,ASO,ES,Federal Contract Tower,0,11,34,0,45,0,5,168,0,173,0,16,202,0,218,168,0,168,386
11/17/2007,LZU,GA,ASO,ES,Federal Contract Tower,0,3,27,0,30,0,6,313,0,319,0,9,340,0,349,70,0,70,419
11/18/2007,LZU,GA,ASO,ES,Federal Contract Tower,0,3,28,0,31,0,0,191,2,193,0,3,219,2,224,66,0,66,290
11/19/2007,LZU,GA,ASO,ES,Federal Contract Tower,0,21,27,2,50,0,0,165,0,165,0,21,192,2,215,110,0,110,325
11/20/2007,LZU,GA,ASO,ES,Federal Contract Tower,0,19,64,0,83,0,7,265,0,272,0,26,329,0,355,110,0,110,465
11/21/2007,LZU,GA,ASO,ES,Federal Contract Tower,0,16,68,0,84,0,6,183,0,189,0,22,251,0,273,132,0,132,405
11/22/2007,LZU,GA,ASO,ES,Federal Contract Tower,0,5,13,0,18,0,0,0,0,0,0,5,13,0,18,0,0,0,18
11/23/2007,LZU,GA,ASO,ES,Federal Contract Tower,0,7,24,0,31,0,6,105,0,111,0,13,129,0,142,26,0,26,168
11/24/2007,LZU,GA,ASO,ES,Federal Contract Tower,0,9,36,0,45,0,1,170,0,171,0,10,206,0,216,22,0,22,238
11/25/2007,LZU,GA,ASO,ES,Federal Contract Tower,0,10,66,0,76,0,0,2,0,2,0,10,68,0,78,0,0,0,78
11/26/2007,LZU,GA,ASO,ES,Federal Contract Tower,0,20,36,0,56,0,0,0,0,0,0,20,36,0,56,0,0,0,56
11/27/2007,LZU,GA,ASO,ES,Federal Contract Tower,0,19,36,0,55,0,11,114,0,125,0,30,150,0,180,102,0,102,282
11/28/2007,LZU,GA,ASO,ES,Federal Contract Tower,0,8,47,0,55,0,9,171,0,180,0,17,218,0,235,110,0,110,345
11/29/2007,LZU,GA,ASO,ES,Federal Contract Tower,0,11,26,0,37,0,5,128,0,133,0,16,154,0,170,80,0,80,250
11/30/2007,LZU,GA,ASO,ES,Federal Contract Tower,0,13,45,0,58,0,7,209,0,216,0,20,254,0,274,112,0,112,386
12/01/2007,LZU,GA,ASO,ES,Federal Contract Tower,0,1,13,0,14,0,0,257,0,257,0,1,270,0,271,104,0,104,375
12/02/2007,LZU,GA,ASO,ES,Federal Contract Tower,0,3,45,0,48,0,0,65,4,69,0,3,110,4,117,54,0,54,171
12/03/2007,LZU,GA,ASO,ES,Federal Contract Tower,0,20,24,0,44,0,6,68,0,74,0,26,92,0,118,34,0,34,152
12/04/2007,LZU,GA,ASO,ES,Federal Contract Tower,0,14,36,0,50,0,7,142,0,149,0,21,178,0,199,46,0,46,245
12/05/2007,LZU,GA,ASO,ES,Federal Contract Tower,0,12,38,0,50,0,8,157,0,165,0,20,195,0,215,76,0,76,291
12/06/2007,LZU,GA,ASO,ES,Federal Contract Tower,0,17,46,0,63,0,5,167,0,172,0,22,213,0,235,152,0,152,387
12/07/2007,LZU,GA,ASO,ES,Federal Contract Tower,0,15,45,0,60,0,5,99,0,104,0,20,144,0,164,80,0,80,244
12/08/2007,LZU,GA,ASO,ES,Federal Contract Tower,0,3,49,0,52,0,0,95,0,95,0,3,144,0,147,114,0,114,261
12/09/2007,LZU,GA,ASO,ES,Federal Contract Tower,0,6,34,0,40,0,0,161,0,161,0,6,195,0,201,70,0,70,271
12/10/2007,LZU,GA,ASO,ES,Federal Contract Tower,0,13,32,0,45,0,5,171,0,176,0,18,203,0,221,50,0,50,271
12/11/2007,LZU,GA,ASO,ES,Federal Contract Tower,0,11,42,0,53,0,7,173,0,180,0,18,215,0,233,138,0,138,371
12/12/2007,LZU,GA,ASO,ES,Federal Contract Tower,0,15,49,0,64,0,9,191,2,202,0,24,240,2,266,118,0,118,384
12/13/2007,LZU,GA,ASO,ES,Federal Contract Tower,0,21,49,0,70,0,5,86,4,95,0,26,135,4,165,10,0,10,175
12/14/2007,LZU,GA,ASO,ES,Federal Contract Tower,0,8,32,0,40,0,7,161,0,168,0,15,193,0,208,122,0,122,330
12/15/2007,LZU,GA,ASO,ES,Federal Contract Tower,0,3,23,0,26,0,1,86,0,87,0,4,109,0,113,116,0,116,229
12/16/2007,LZU,GA,ASO,ES,Federal Contract Tower,0,4,21,0,25,0,0,5,0,5,0,4,26,0,30,4,0,4,34
12/17/2007,LZU,GA,ASO,ES,Federal Contract Tower,0,8,33,0,41,0,10,180,0,190,0,18,213,0,231,16,0,16,247
12/18/2007,LZU,GA,ASO,ES,Federal Contract Tower,0,19,39,0,58,0,6,168,2,176,0,25,207,2,234,54,0,54,288
12/19/2007,LZU,GA,ASO,ES,Federal Contract Tower,0,17,71,0,88,0,3,76,0,79,0,20,147,0,167,18,0,18,185
12/20/2007,LZU,GA,ASO,ES,Federal Contract Tower,0,13,57,0,70,0,0,11,0,11,0,13,68,0,81,14,0,14,95
12/21/2007,LZU,GA,ASO,ES,Federal Contract Tower,0,22,51,0,73,0,0,4,0,4,0,22,55,0,77,0,0,0,77
12/22/2007,LZU,GA,ASO,ES,Federal Contract Tower,0,5,40,0,45,0,0,1,0,1,0,5,41,0,46,0,0,0,46
12/23/2007,LZU,GA,ASO,ES,Federal Contract Tower,0,5,14,0,19,0,2,26,0,28,0,7,40,0,47,4,0,4,51
12/24/2007,LZU,GA,ASO,ES,Federal Contract Tower,0,7,14,0,21,0,11,110,0,121,0,18,124,0,142,26,0,26,168
12/25/2007,LZU,GA,ASO,ES,Federal Contract Tower,0,1,8,0,9,0,0,16,0,16,0,1,24,0,25,18,0,18,43
12/26/2007,LZU,GA,ASO,ES,Federal Contract Tower,0,8,41,0,49,0,3,112,0,115,0,11,153,0,164,50,0,50,214
12/27/2007,LZU,GA,ASO,ES,Federal Contract Tower,0,13,63,0,76,0,2,64,0,66,0,15,127,0,142,18,0,18,160
12/28/2007,LZU,GA,ASO,ES,Federal Contract Tower,0,11,31,0,42,0,0,0,0,0,0,11,31,0,42,0,0,0,42
12/29/2007,LZU,GA,ASO,ES,Federal Contract Tower,0,1,27,0,28,0,3,135,0,138,0,4,162,0,166,82,0,82,248
12/30/2007,LZU,GA,ASO,ES,Federal Contract Tower,0,2,27,2,31,0,0,0,0,0,0,2,27,2,31,0,0,0,31
12/31/2007,LZU,GA,ASO,ES,Federal Contract Tower,0,15,22,0,37,0,5,184,2,191,0,20,206,2,228,50,0,50,278
01/01/2008,LZU,GA,ASO,ES,Federal Contract Tower,0,4,27,0,31,0,7,28,0,35,0,11,55,0,66,0,0,0,66
01/02/2008,LZU,GA,ASO,ES,Federal Contract Tower,0,8,35,0,43,0,5,26,2,33,0,13,61,2,76,0,0,0,76
01/03/2008,LZU,GA,ASO,ES,Federal Contract Tower,0,10,30,0,40,0,6,164,0,170,0,16,194,0,210,84,0,84,294
01/04/2008,LZU,GA,ASO,ES,Federal Contract Tower,0,10,33,0,43,0,10,153,0,163,0,20,186,0,206,66,0,66,272
01/05/2008,LZU,GA,ASO,ES,Federal Contract Tower,0,4,23,0,27,0,1,241,0,242,0,5,264,0,269,40,0,40,309
01/06/2008,LZU,GA,ASO,ES,Federal Contract Tower,0,4,33,0,37,0,2,262,0,264,0,6,295,0,301,90,0,90,391
01/07/2008,LZU,GA,ASO,ES,Federal Contract Tower,0,8,20,0,28,0,5,107,0,112,0,13,127,0,140,58,0,58,198
01/08/2008,LZU,GA,ASO,ES,Federal Contract Tower,0,11,36,1,48,0,2,32,0,34,0,13,68,1,82,16,0,16,98
01/09/2008,LZU,GA,ASO,ES,Federal Contract Tower,0,13,46,0,59,0,2,71,8,81,0,15,117,8,140,54,0,54,194
01/10/2008,LZU,GA,ASO,ES,Federal Contract Tower,0,9,34,0,43,0,0,0,0,0,0,9,34,0,43,0,0,0,43
01/11/2008,LZU,GA,ASO,ES,Federal Contract Tower,0,7,51,0,58,0,6,119,2,127,0,13,170,2,185,74,0,74,259
01/12/2008,LZU,GA,ASO,ES,Federal Contract Tower,0,4,27,0,31,0,1,254,0,255,0,5,281,0,286,90,0,90,376
01/13/2008,LZU,GA,ASO,ES,Federal Contract Tower,0,4,33,2,39,0,0,110,0,110,0,4,143,2,149,56,0,56,205
01/14/2008,LZU,GA,ASO,ES,Federal Contract Tower,0,10,28,0,38,0,7,85,0,92,0,17,113,0,130,28,0,28,158
01/15/2008,LZU,GA,ASO,ES,Federal Contract Tower,0,10,35,0,45,0,9,137,10,156,0,19,172,10,201,44,0,44,245
01/16/2008,LZU,GA,ASO,ES,Federal Contract Tower,0,13,24,0,37,0,1,77,0,78,0,14,101,0,115,32,0,32,147
01/17/2008,LZU,GA,ASO,ES,Federal Contract Tower,0,18,23,0,41,0,0,0,0,0,0,18,23,0,41,0,0,0,41
01/18/2008,LZU,GA,ASO,ES,Federal Contract Tower,0,17,42,0,59,0,4,134,0,138,0,21,176,0,197,58,0,58,255
01/19/2008,LZU,GA,ASO,ES,Federal Contract Tower,0,3,10,0,13,0,0,1,0,1,0,3,11,0,14,0,0,0,14
01/20/2008,LZU,GA,ASO,ES,Federal Contract Tower,0,6,12,0,18,0,1,68,0,69,0,7,80,0,87,26,0,26,113
01/21/2008,LZU,GA,ASO,ES,Federal Contract Tower,0,11,48,0,59,0,4,168,0,172,0,15,216,0,231,52,0,52,283
01/22/2008,LZU,GA,ASO,ES,Federal Contract Tower,0,14,33,0,47,0,0,10,0,10,0,14,43,0,57,8,0,8,65
01/23/2008,LZU,GA,ASO,ES,Federal Contract Tower,0,7,49,0,56,0,4,117,4,125,0,11,166,4,181,28,0,28,209
01/24/2008,LZU,GA,ASO,ES,Federal Contract Tower,0,13,32,0,45,0,1,54,0,55,0,14,86,0,100,28,0,28,128
01/25/2008,LZU,GA,ASO,ES,Federal Contract Tower,0,10,34,1,45,0,1,184,1,186,0,11,218,2,231,114,0,114,345
01/26/2008,LZU,GA,ASO,ES,Federal Contract Tower,0,1,20,0,21,0,4,84,2,90,0,5,104,2,111,64,0,64,175
01/27/2008,LZU,GA,ASO,ES,Federal Contract Tower,0,4,33,0,37,0,0,206,0,206,0,4,239,0,243,54,0,54,297
01/28/2008,LZU,GA,ASO,ES,Federal Contract Tower,0,5,22,0,27,0,6,198,0,204,0,11,220,0,231,82,0,82,313
01/29/2008,LZU,GA,ASO,ES,Federal Contract Tower,0,10,32,0,42,0,1,82,2,85,0,11,114,2,127,48,0,48,175
01/30/2008,LZU,GA,ASO,ES,Federal Contract Tower,0,8,27,2,37,0,9,132,0,141,0,17,159,2,178,108,0,108,286
01/31/2008,LZU,GA,ASO,ES,Federal Contract Tower,0,9,25,0,34,0,2,107,2,111,0,11,132,2,145,34,0,34,179
02/01/2008,LZU,GA,ASO,ES,Federal Contract Tower,0,9,33,0,42,0,8,48,2,58,0,17,81,2,100,8,0,8,108
02/02/2008,LZU,GA,ASO,ES,Federal Contract Tower,0,0,20,0,20,0,4,309,0,313,0,4,329,0,333,54,0,54,387
02/03/2008,LZU,GA,ASO,ES,Federal Contract Tower,0,2,15,0,17,0,1,216,2,219,0,3,231,2,236,126,0,126,362
02/04/2008,LZU,GA,ASO,ES,Federal Contract Tower,0,18,24,0,42,0,2,72,0,74,0,20,96,0,116,44,0,44,160
02/05/2008,LZU,GA,ASO,ES,Federal Contract Tower,0,11,62,0,73,0,1,25,0,26,0,12,87,0,99,10,0,10,109
02/06/2008,LZU,GA,ASO,ES,Federal Contract Tower,0,6,22,0,28,0,4,7,0,11,0,10,29,0,39,0,0,0,39
02/07/2008,LZU,GA,ASO,ES,Federal Contract Tower,0,6,53,0,59,0,4,188,0,192,0,10,241,0,251,140,0,140,391
02/08/2008,LZU,GA,ASO,ES,Federal Contract Tower,0,5,58,0,63,0,9,217,2,228,0,14,275,2,291,118,0,118,409
02/09/2008,LZU,GA,ASO,ES,Federal Contract Tower,0,0,46,0,46,0,0,189,0,189,0,0,235,0,235,84,0,84,319
02/10/2008,LZU,GA,ASO,ES,Federal Contract Tower,0,1,29,0,30,0,0,119,6,125,0,1,148,6,155,22,0,22,177
02/11/2008,LZU,GA,ASO,ES,Federal Contract Tower,0,7,24,0,31,0,4,170,0,174,0,11,194,0,205,94,0,94,299
02/12/2008,LZU,GA,ASO,ES,Federal Contract Tower,0,12,17,0,29,0,1,115,0,116,0,13,132,0,145,104,0,104,249
02/13/2008,LZU,GA,ASO,ES,Federal Contract Tower,0,11,38,0,49,0,1,9,0,10,0,12,47,0,59,0,0,0,59
02/14/2008,LZU,GA,ASO,ES,Federal Contract Tower,0,12,48,0,60,0,7,189,6,202,0,19,237,6,262,150,0,150,412
02/15/2008,LZU,GA,ASO,ES,Federal Contract Tower,0,9,32,0,41,0,4,155,2,161,0,13,187,2,202,144,0,144,346
02/16/2008,LZU,GA,ASO,ES,Federal Contract Tower,0,0,19,0,19,0,2,290,4,296,0,2,309,4,315,116,0,116,431
02/17/2008,LZU,GA,ASO,ES,Federal Contract Tower,0,1,23,0,24,0,0,3,0,3,0,1,26,0,27,0,0,0,27
02/18/2008,LZU,GA,ASO,ES,Federal Contract Tower,0,8,46,0,54,0,4,80,0,84,0,12,126,0,138,28,0,28,166
02/19/2008,LZU,GA,ASO,ES,Federal Contract Tower,0,15,42,0,57,0,5,73,0,78,0,20,115,0,135,92,0,92,227
02/20/2008,LZU,GA,ASO,ES,Federal Contract Tower,0,15,40,2,57,0,6,122,0,128,0,21,162,2,185,86,0,86,271
02/21/2008,LZU,GA,ASO,ES,Federal Contract Tower,0,13,38,0,51,0,2,78,6,86,0,15,116,6,137,56,0,56,193
02/22/2008,LZU,GA,ASO,ES,Federal Contract Tower,0,19,23,0,42,0,0,0,0,0,0,19,23,0,42,0,0,0,42
02/23/2008,LZU,GA,ASO,ES,Federal Contract Tower,0,5,44,0,49,0,1,70,4,75,0,6,114,4,124,78,0,78,202
02/24/2008,LZU,GA,ASO,ES,Federal Contract Tower,0,2,27,0,29,0,3,185,0,188,0,5,212,0,217,74,0,74,291
02/25/2008,LZU,GA,ASO,ES,Federal Contract Tower,0,9,36,0,45,0,6,204,0,210,0,15,240,0,255,134,0,134,389
02/26/2008,LZU,GA,ASO,ES,Federal Contract Tower,0,18,0,0,18,0,0,32,0,32,0,18,32,0,50,0,0,0,50
02/27/2008,LZU,GA,ASO,ES,Federal Contract Tower,0,12,25,0,37,0,8,54,6,68,0,20,79,6,105,6,0,6,111
02/28/2008,LZU,GA,ASO,ES,Federal Contract Tower,0,9,43,0,52,0,11,175,2,188,0,20,218,2,240,180,0,180,420
02/29/2008,LZU,GA,ASO,ES,Federal Contract Tower,0,12,46,0,58,0,5,199,0,204,0,17,245,0,262,100,0,100,362
03/01/2008,LZU,GA,ASO,ES,Federal Contract Tower,0,4,31,0,35,0,2,249,6,257,0,6,280,6,292,87,0,87,379
03/02/2008,LZU,GA,ASO,ES,Federal Contract Tower,0,2,28,0,30,0,0,261,6,267,0,2,289,6,297,116,0,116,413
03/03/2008,LZU,GA,ASO,ES,Federal Contract Tower,0,10,32,0,42,0,7,123,0,130,0,17,155,0,172,100,0,100,272
03/04/2008,LZU,GA,ASO,ES,Federal Contract Tower,0,16,10,0,26,0,2,3,0,5,0,18,13,0,31,0,0,0,31
03/05/2008,LZU,GA,ASO,ES,Federal Contract Tower,0,15,40,2,57,0,8,142,2,152,0,23,182,4,209,114,0,114,323
03/06/2008,LZU,GA,ASO,ES,Federal Contract Tower,0,17,32,0,49,0,5,226,2,233,0,22,258,2,282,188,0,188,470
03/07/2008,LZU,GA,ASO,ES,Federal Contract Tower,0,12,28,0,40,0,3,9,0,12,0,15,37,0,52,12,0,12,64
03/08/2008,LZU,GA,ASO,ES,Federal Contract Tower,0,4,5,0,9,0,0,8,0,8,0,4,13,0,17,4,0,4,21
03/09/2008,LZU,GA,ASO,ES,Federal Contract Tower,0,4,27,0,31,0,2,206,0,208,0,6,233,0,239,114,0,114,353
03/10/2008,LZU,GA,ASO,ES,Federal Contract Tower,0,10,25,0,35,0,9,132,0,141,0,19,157,0,176,128,0,128,304
03/11/2008,LZU,GA,ASO,ES,Federal Contract Tower,0,6,33,0,39,0,8,151,6,165,0,14,184,6,204,68,0,68,272
03/12/2008,LZU,GA,ASO,ES,Federal Contract Tower,0,11,39,0,50,0,8,214,4,226,0,19,253,4,276,68,0,68,344
03/13/2008,LZU,GA,ASO,ES,Federal Contract Tower,0,15,28,0,43,0,8,193,8,209,0,23,221,8,252,118,0,118,370
03/14/2008,LZU,GA,ASO,ES,Federal Contract Tower,0,23,39,0,62,0,4,46,0,50,0,27,85,0,112,138,0,138,250
03/15/2008,LZU,GA,ASO,ES,Federal Contract Tower,0,4,8,0,12,0,0,10,0,10,0,4,18,0,22,0,0,0,22
03/16/2008,LZU,GA,ASO,ES,Federal Contract Tower,0,10,31,0,41,0,1,254,0,255,0,11,285,0,296,98,0,98,394
03/17/2008,LZU,GA,ASO,ES,Federal Contract Tower,0,12,48,0,60,0,2,126,0,128,0,14,174,0,188,88,0,88,276
03/18/2008,LZU,GA,ASO,ES,Federal Contract Tower,0,8,42,0,50,0,4,66,6,76,0,12,108,6,126,78,0,78,204
03/19/2008,LZU,GA,ASO,ES,Federal Contract Tower,0,11,18,0,29,0,4,14,0,18,0,15,32,0,47,4,0,4,51
03/20/2008,LZU,GA,ASO,ES,Federal Contract Tower,0,11,43,0,54,0,5,164,0,169,0,16,207,0,223,26,0,26,249
03/21/2008,LZU,GA,ASO,ES,Federal Contract Tower,0,8,28,0,36,0,5,256,4,265,0,13,284,4,301,168,0,168,469
03/22/2008,LZU,GA,ASO,ES,Federal Contract Tower,0,3,23,0,26,0,0,213,0,213,0,3,236,0,239,78,0,78,317
03/23/2008,LZU,GA,ASO,ES,Federal Contract Tower,0,4,20,0,24,0,0,112,0,112,0,4,132,0,136,16,0,16,152
03/24/2008,LZU,GA,ASO,ES,Federal Contract Tower,0,12,21,2,35,0,3,71,0,74,0,15,92,2,109,66,0,66,175
03/25/2008,LZU,GA,ASO,ES,Federal Contract Tower,0,15,24,0,39,0,5,153,6,164,0,20,177,6,203,46,0,46,249
03/26/2008,LZU,GA,ASO,ES,Federal Contract Tower,0,6,47,0,53,0,6,193,12,211,0,12,240,12,264,108,0,108,372
03/27/2008,LZU,GA,ASO,ES,Federal Contract Tower,0,13,39,0,52,0,12,211,6,229,0,25,250,6,281,42,0,42,323
03/28/2008,LZU,GA,ASO,ES,Federal Contract Tower,0,17,53,0,70,0,2,125,0,127,0,19,178,0,197,104,0,104,301
03/29/2008,LZU,GA,ASO,ES,Federal Contract Tower,0,3,27,0,30,0,0,80,6,86,0,3,107,6,116,40,0,40,156
03/30/2008,LZU,GA,ASO,ES,Federal Contract Tower,0,3,44,0,47,0,0,2,0,2,0,3,46,0,49,0,0,0,49
03/31/2008,LZU,GA,ASO,ES,Federal Contract Tower,0,8,30,0,38,0,2,11,0,13,0,10,41,0,51,4,0,4,55
04/01/2008,LZU,GA,ASO,ES,Federal Contract Tower,0,11,31,0,42,0,3,47,0,50,0,14,78,0,92,28,0,28,120
04/02/2008,LZU,GA,ASO,ES,Federal Contract Tower,0,9,37,0,46,0,4,187,12,203,0,13,224,12,249,116,0,116,365
04/03/2008,LZU,GA,ASO,ES,Federal Contract Tower,0,7,56,0,63,0,0,6,0,6,0,7,62,0,69,16,0,16,85
04/04/2008,LZU,GA,ASO,ES,Federal Contract Tower,0,18,33,0,51,0,0,0,0,0,0,18,33,0,51,0,0,0,51
04/05/2008,LZU,GA,ASO,ES,Federal Contract Tower,0,3,28,0,31,0,0,0,0,0,0,3,28,0,31,0,0,0,31
04/06/2008,LZU,GA,ASO,ES,Federal Contract Tower,0,5,58,0,63,0,0,64,2,66,0,5,122,2,129,146,0,146,275
04/07/2008,LZU,GA,ASO,ES,Federal Contract Tower,0,14,58,0,72,0,2,45,0,47,0,16,103,0,119,98,0,98,217
04/08/2008,LZU,GA,ASO,ES,Federal Contract Tower,0,12,32,2,46,0,5,129,0,134,0,17,161,2,180,30,0,30,210
04/09/2008,LZU,GA,ASO,ES,Federal Contract Tower,0,10,39,0,49,0,12,200,0,212,0,22,239,0,261,80,0,80,341
04/10/2008,LZU,GA,ASO,ES,Federal Contract Tower,0,9,51,0,60,0,6,182,0,188,0,15,233,0,248,64,0,64,312
04/11/2008,LZU,GA,ASO,ES,Federal Contract Tower,0,19,35,2,56,0,7,79,0,86,0,26,114,2,142,58,0,58,200
04/12/2008,LZU,GA,ASO,ES,Federal Contract Tower,0,4,27,0,31,0,0,66,0,66,0,4,93,0,97,66,0,66,163
04/13/2008,LZU,GA,ASO,ES,Federal Contract Tower,0,8,26,1,35,0,3,78,0,81,0,11,104,1,116,20,0,20,136
04/14/2008,LZU,GA,ASO,ES,Federal Contract Tower,0,11,39,1,51,0,8,74,0,82,0,19,113,1,133,18,0,18,151
04/15/2008,LZU,GA,ASO,ES,Federal Contract Tower,0,10,45,0,55,0,6,154,18,178,0,16,199,18,233,138,0,138,371
04/16/2008,LZU,GA,ASO,ES,Federal Contract Tower,0,11,42,0,53,0,16,253,6,275,0,27,295,6,328,80,8,88,416
04/17/2008,LZU,GA,ASO,ES,Federal Contract Tower,0,16,49,0,65,0,6,218,4,228,0,22,267,4,293,102,0,102,395
04/18/2008,LZU,GA,ASO,ES,Federal Contract Tower,0,16,43,0,59,0,6,217,6,229,0,22,260,6,288,120,0,120,408
04/19/2008,LZU,GA,ASO,ES,Federal Contract Tower,0,7,34,0,41,0,1,145,2,148,0,8,179,2,189,50,0,50,239
04/20/2008,LZU,GA,ASO,ES,Federal Contract Tower,0,6,27,0,33,0,1,172,0,173,0,7,199,0,206,36,0,36,242
04/21/2008,LZU,GA,ASO,ES,Federal Contract Tower,0,4,50,0,54,0,6,194,0,200,0,10,244,0,254,104,0,104,358
04/22/2008,LZU,GA,ASO,ES,Federal Contract Tower,0,7,30,0,37,0,11,180,0,191,0,18,210,0,228,118,0,118,346
04/23/2008,LZU,GA,ASO,ES,Federal Contract Tower,0,11,47,0,58,0,27,154,8,189,0,38,201,8,247,228,0,228,475
04/24/2008,LZU,GA,ASO,ES,Federal Contract Tower,0,11,54,0,65,0,8,252,0,260,0,19,306,0,325,152,0,152,477
04/25/2008,LZU,GA,ASO,ES,Federal Contract Tower,0,11,23,0,34,0,4,161,4,169,0,15,184,4,203,60,0,60,263
04/26/2008,LZU,GA,ASO,ES,Federal Contract Tower,0,4,15,0,19,0,1,106,0,107,0,5,121,0,126,74,0,74,200
04/27/2008,LZU,GA,ASO,ES,Federal Contract Tower,0,4,31,0,35,0,1,32,0,33,0,5,63,0,68,32,0,32,100
04/28/2008,LZU,GA,ASO,ES,Federal Contract Tower,0,8,19,0,27,0,5,47,0,52,0,13,66,0,79,50,0,50,129
04/29/2008,LZU,GA,ASO,ES,Federal Contract Tower,0,11,26,0,37,0,6,107,2,115,0,17,133,2,152,90,0,90,242
04/30/2008,LZU,GA,ASO,ES,Federal Contract Tower,0,14,27,0,41,0,6,230,4,240,0,20,257,4,281,54,0,54,335
05/01/2008,LZU,GA,ASO,ES,Federal Contract Tower,0,10,43,0,53,0,5,217,0,222,0,15,260,0,275,62,0,62,337
05/02/2008,LZU,GA,ASO,ES,Federal Contract Tower,0,15,35,0,50,0,27,161,0,188,0,42,196,0,238,106,0,106,344
05/03/2008,LZU,GA,ASO,ES,Federal Contract Tower,0,2,17,0,19,0,0,63,4,67,0,2,80,4,86,112,0,112,198
05/04/2008,LZU,GA,ASO,ES,Federal Contract Tower,0,6,28,0,34,0,11,227,0,238,0,17,255,0,272,134,0,134,406
05/05/2008,LZU,GA,ASO,ES,Federal Contract Tower,0,9,22,0,31,0,6,146,0,152,0,15,168,0,183,62,0,62,245
05/06/2008,LZU,GA,ASO,ES,Federal Contract Tower,0,10,32,0,42,0,3,190,0,193,0,13,222,0,235,48,0,48,283
05/07/2008,LZU,GA,ASO,ES,Federal Contract Tower,0,14,48,0,62,0,12,183,4,199,0,26,231,4,261,118,0,118,379
05/08/2008,LZU,GA,ASO,ES,Federal Contract Tower,0,9,40,0,49,0,4,80,4,88,0,13,120,4,137,70,0,70,207
05/09/2008,LZU,GA,ASO,ES,Federal Contract Tower,0,11,44,0,55,0,5,98,0,103,0,16,142,0,158,78,0,78,236
05/10/2008,LZU,GA,ASO,ES,Federal Contract Tower,0,3,20,0,23,0,2,234,0,236,0,5,254,0,259,122,0,122,381
05/11/2008,LZU,GA,ASO,ES,Federal Contract Tower,0,5,19,0,24,0,0,19,0,19,0,5,38,0,43,8,0,8,51
05/12/2008,LZU,GA,ASO,ES,Federal Contract Tower,0,4,34,0,38,0,6,78,0,84,0,10,112,0,122,72,0,72,194
05/13/2008,LZU,GA,ASO,ES,Federal Contract Tower,0,11,53,0,64,0,3,202,0,205,0,14,255,0,269,90,0,90,359
05/14/2008,LZU,GA,ASO,ES,Federal Contract Tower,0,9,22,0,31,0,6,111,0,117,0,15,133,0,148,32,0,32,180
05/15/2008,LZU,GA,ASO,ES,Federal Contract Tower,0,12,49,0,61,0,0,23,0,23,0,12,72,0,84,28,0,28,112
05/16/2008,LZU,GA,ASO,ES,Federal Contract Tower,0,7,61,0,68,0,2,72,0,74,0,9,133,0,142,42,0,42,184
05/17/2008,LZU,GA,ASO,ES,Federal Contract Tower,0,4,20,0,24,0,3,321,0,324,0,7,341,0,348,56,0,56,404
05/18/2008,LZU,GA,ASO,ES,Federal Contract Tower,0,7,24,0,31,0,0,106,0,106,0,7,130,0,137,74,0,74,211
05/19/2008,LZU,GA,ASO,ES,Federal Contract Tower,0,14,32,0,46,0,5,178,0,183,0,19,210,0,229,168,0,168,397
05/20/2008,LZU,GA,ASO,ES,Federal Contract Tower,0,6,24,0,30,0,5,50,0,55,0,11,74,0,85,2,0,2,87
05/21/2008,LZU,GA,ASO,ES,Federal Contract Tower,0,9,30,0,39,0,4,140,6,150,0,13,170,6,189,46,0,46,235
05/22/2008,LZU,GA,ASO,ES,Federal Contract Tower,0,12,44,0,56,0,4,133,0,137,0,16,177,0,193,192,0,192,385
05/23/2008,LZU,GA,ASO,ES,Federal Contract Tower,0,10,35,0,45,0,5,104,4,113,0,15,139,4,158,116,0,116,274
05/24/2008,LZU,GA,ASO,ES,Federal Contract Tower,0,0,34,0,34,0,0,144,2,146,0,0,178,2,180,50,0,50,230
05/25/2008,LZU,GA,ASO,ES,Federal Contract Tower,0,2,17,0,19,0,3,138,0,141,0,5,155,0,160,82,0,82,242
05/26/2008,LZU,GA,ASO,ES,Federal Contract Tower,0,11,30,0,41,0,2,181,0,183,0,13,211,0,224,102,0,102,326
05/27/2008,LZU,GA,ASO,ES,Federal Contract Tower,0,11,21,0,32,0,7,162,0,169,0,18,183,0,201,42,0,42,243
05/28/2008,LZU,GA,ASO,ES,Federal Contract Tower,0,7,31,0,38,0,3,102,2,107,0,10,133,2,145,70,0,70,215
05/29/2008,LZU,GA,ASO,ES,Federal Contract Tower,0,11,46,0,57,0,3,37,2,42,0,14,83,2,99,42,0,42,141
05/30/2008,LZU,GA,ASO,ES,Federal Contract Tower,0,16,56,0,72,0,3,56,0,59,0,19,112,0,131,8,0,8,139
05/31/2008,LZU,GA,ASO,ES,Federal Contract Tower,0,12,35,0,47,0,18,283,0,301,0,30,318,0,348,118,0,118,466
06/01/2008,LZU,GA,ASO,ES,Federal Contract Tower,0,21,231,4,256,0,24,43,0,67,0,45,274,4,323,128,0,128,493
06/02/2008,LZU,GA,ASO,ES,Federal Contract Tower,0,15,23,0,38,0,10,155,0,165,0,25,178,0,203,120,0,120,323
06/03/2008,LZU,GA,ASO,ES,Federal Contract Tower,0,15,27,0,42,0,5,136,2,143,0,20,163,2,185,148,0,148,333
06/04/2008,LZU,GA,ASO,ES,Federal Contract Tower,0,13,25,0,38,0,10,147,0,157,0,23,172,0,195,132,0,132,327
06/05/2008,LZU,GA,ASO,ES,Federal Contract Tower,0,10,32,0,42,0,7,172,4,183,0,17,204,4,225,56,0,56,281
06/06/2008,LZU,GA,ASO,ES,Federal Contract Tower,0,17,28,0,45,0,6,183,0,189,0,23,211,0,234,128,0,128,362
06/07/2008,LZU,GA,ASO,ES,Federal Contract Tower,0,4,18,0,22,0,4,181,0,185,0,8,199,0,207,120,0,120,327
06/08/2008,LZU,GA,ASO,ES,Federal Contract Tower,0,3,41,0,44,0,1,104,0,105,0,4,145,0,149,124,0,124,273
06/09/2008,LZU,GA,ASO,ES,Federal Contract Tower,0,9,43,0,52,0,3,93,0,96,0,12,136,0,148,40,0,40,188
06/10/2008,LZU,GA,ASO,ES,Federal Contract Tower,0,18,43,0,61,0,12,88,0,100,0,30,131,0,161,30,0,30,191
06/11/2008,LZU,GA,ASO,ES,Federal Contract Tower,0,10,40,0,50,0,7,102,2,111,0,17,142,2,161,34,0,34,195
06/12/2008,LZU,GA,ASO,ES,Federal Contract Tower,0,12,45,0,57,0,4,105,0,109,0,16,150,0,166,60,0,60,226
06/13/2008,LZU,GA,ASO,ES,Federal Contract Tower,0,12,37,0,49,0,5,84,0,89,0,17,121,0,138,54,0,54,192
06/14/2008,LZU,GA,ASO,ES,Federal Contract Tower,0,7,21,0,28,0,2,104,2,108,0,9,125,2,136,124,0,124,260
06/15/2008,LZU,GA,ASO,ES,Federal Contract Tower,0,7,23,0,30,0,0,108,2,110,0,7,131,2,140,50,0,50,190
06/16/2008,LZU,GA,ASO,ES,Federal Contract Tower,0,9,43,0,52,0,13,119,0,132,0,22,162,0,184,58,0,58,242
06/17/2008,LZU,GA,ASO,ES,Federal Contract Tower,0,13,28,0,41,0,6,108,0,114,0,19,136,0,155,66,0,66,221
06/18/2008,LZU,GA,ASO,ES,Federal Contract Tower,0,6,29,0,35,0,8,257,0,265,0,14,286,0,300,42,0,42,342
06/19/2008,LZU,GA,ASO,ES,Federal Contract Tower,0,17,62,0,79,0,7,156,8,171,0,24,218,8,250,54,0,54,304
06/20/2008,LZU,GA,ASO,ES,Federal Contract Tower,0,13,41,0,54,0,10,180,8,198,0,23,221,8,252,134,0,134,386
06/21/2008,LZU,GA,ASO,ES,Federal Contract Tower,0,1,27,0,28,0,2,167,2,171,0,3,194,2,199,89,0,89,288
06/22/2008,LZU,GA,ASO,ES,Federal Contract Tower,0,5,21,0,26,0,2,118,0,120,0,7,139,0,146,38,0,38,184
06/23/2008,LZU,GA,ASO,ES,Federal Contract Tower,0,8,24,0,32,0,3,114,0,117,0,11,138,0,149,102,0,102,251
06/24/2008,LZU,GA,ASO,ES,Federal Contract Tower,0,6,30,0,36,0,8,143,0,151,0,14,173,0,187,130,0,130,317
06/25/2008,LZU,GA,ASO,ES,Federal Contract Tower,0,14,33,0,47,0,8,174,2,184,0,22,207,2,231,88,0,88,319
06/26/2008,LZU,GA,ASO,ES,Federal Contract Tower,0,15,35,0,50,0,3,121,0,124,0,18,156,0,174,52,0,52,226
06/27/2008,LZU,GA,ASO,ES,Federal Contract Tower,0,15,42,0,57,0,10,113,4,127,0,25,155,4,184,108,0,108,292
06/28/2008,LZU,GA,ASO,ES,Federal Contract Tower,0,5,19,0,24,0,1,154,0,155,0,6,173,0,179,98,0,98,277
06/29/2008,LZU,GA,ASO,ES,Federal Contract Tower,0,5,24,0,29,0,3,62,2,67,0,8,86,2,96,48,0,48,144
06/30/2008,LZU,GA,ASO,ES,Federal Contract Tower,0,10,37,0,47,0,2,104,0,106,0,12,141,0,153,130,0,130,283
07/01/2008,LZU,GA,ASO,ES,Federal Contract Tower,0,24,43,0,67,21,231,4,0,256,21,255,47,0,323,128,0,128,451
07/02/2008,LZU,GA,ASO,ES,Federal Contract Tower,0,17,25,0,42,0,26,213,4,243,0,43,238,4,285,88,0,88,373
07/03/2008,LZU,GA,ASO,ES,Federal Contract Tower,0,15,44,0,59,0,32,206,2,240,0,47,250,2,299,134,0,134,433
07/04/2008,LZU,GA,ASO,ES,Federal Contract Tower,0,2,14,0,16,0,5,113,0,118,0,7,127,0,134,130,0,130,264
07/05/2008,LZU,GA,ASO,ES,Federal Contract Tower,0,2,13,0,15,0,6,134,0,140,0,8,147,0,155,80,0,80,235
07/06/2008,LZU,GA,ASO,ES,Federal Contract Tower,0,5,14,0,19,0,5,91,0,96,0,10,105,0,115,78,0,78,193
07/07/2008,LZU,GA,ASO,ES,Federal Contract Tower,0,10,30,0,40,0,16,114,2,132,0,26,144,2,172,76,0,76,248
07/08/2008,LZU,GA,ASO,ES,Federal Contract Tower,0,15,33,0,48,0,20,124,0,144,0,35,157,0,192,64,0,64,256
07/09/2008,LZU,GA,ASO,ES,Federal Contract Tower,0,14,33,0,47,0,17,118,0,135,0,31,151,0,182,26,0,26,208
07/10/2008,LZU,GA,ASO,ES,Federal Contract Tower,0,10,42,0,52,0,17,95,2,114,0,27,137,2,166,64,0,64,230
07/11/2008,LZU,GA,ASO,ES,Federal Contract Tower,0,14,42,0,56,0,17,82,2,101,0,31,124,2,157,22,0,22,179
07/12/2008,LZU,GA,ASO,ES,Federal Contract Tower,0,6,33,0,39,0,7,211,2,220,0,13,244,2,259,156,0,156,415
07/13/2008,LZU,GA,ASO,ES,Federal Contract Tower,0,7,20,0,27,0,7,50,0,57,0,14,70,0,84,50,0,50,134
07/14/2008,LZU,GA,ASO,ES,Federal Contract Tower,0,13,32,0,45,0,19,164,0,183,0,32,196,0,228,98,0,98,326
07/15/2008,LZU,GA,ASO,ES,Federal Contract Tower,0,9,42,0,51,0,21,181,0,202,0,30,223,0,253,80,0,80,333
07/16/2008,LZU,GA,ASO,ES,Federal Contract Tower,0,9,42,0,51,0,16,199,2,217,0,25,241,2,268,132,0,132,400
07/17/2008,LZU,GA,ASO,ES,Federal Contract Tower,0,17,43,0,60,0,25,223,0,248,0,42,266,0,308,60,0,60,368
07/18/2008,LZU,GA,ASO,ES,Federal Contract Tower,0,9,36,0,45,0,14,205,0,219,0,23,241,0,264,96,0,96,360
07/19/2008,LZU,GA,ASO,ES,Federal Contract Tower,0,7,41,0,48,0,7,243,0,250,0,14,284,0,298,194,0,194,492
07/20/2008,LZU,GA,ASO,ES,Federal Contract Tower,0,1,27,0,28,0,1,156,0,157,0,2,183,0,185,52,0,52,237
07/21/2008,LZU,GA,ASO,ES,Federal Contract Tower,0,9,37,0,46,0,12,175,0,187,0,21,212,0,233,180,0,180,413
07/22/2008,LZU,GA,ASO,ES,Federal Contract Tower,0,14,43,0,57,0,30,105,2,137,0,44,148,2,194,138,0,138,332
07/23/2008,LZU,GA,ASO,ES,Federal Contract Tower,0,13,44,0,57,0,14,152,0,166,0,27,196,0,223,128,0,128,351
07/24/2008,LZU,GA,ASO,ES,Federal Contract Tower,0,12,67,0,79,0,21,224,0,245,0,33,291,0,324,74,0,74,398
07/25/2008,LZU,GA,ASO,ES,Federal Contract Tower,0,15,48,0,63,0,18,189,6,213,0,33,237,6,276,102,0,102,378
07/26/2008,LZU,GA,ASO,ES,Federal Contract Tower,0,5,23,0,28,0,5,141,0,146,0,10,164,0,174,38,0,38,212
07/27/2008,LZU,GA,ASO,ES,Federal Contract Tower,0,3,36,0,39,0,7,152,2,161,0,10,188,2,200,78,0,78,278
07/28/2008,LZU,GA,ASO,ES,Federal Contract Tower,0,16,35,0,51,0,24,132,0,156,0,40,167,0,207,102,0,102,309
07/29/2008,LZU,GA,ASO,ES,Federal Contract Tower,0,17,49,0,66,0,19,152,2,173,0,36,201,2,239,112,0,112,351
07/30/2008,LZU,GA,ASO,ES,Federal Contract Tower,0,18,47,0,65,0,24,110,4,138,0,42,157,4,203,4,0,4,207
07/31/2008,LZU,GA,ASO,ES,Federal Contract Tower,0,8,43,0,51,0,13,77,0,90,0,21,120,0,141,102,0,102,243
08/01/2008,LZU,GA,ASO,ES,Federal Contract Tower,0,12,58,0,70,0,13,217,4,234,0,25,275,4,304,158,0,158,462
08/02/2008,LZU,GA,ASO,ES,Federal Contract Tower,0,1,30,2,33,0,1,240,2,243,0,2,270,4,276,156,0,156,432
08/03/2008,LZU,GA,ASO,ES,Federal Contract Tower,0,2,26,0,28,0,0,168,4,172,0,2,194,4,200,74,0,74,274
08/04/2008,LZU,GA,ASO,ES,Federal Contract Tower,0,14,25,0,39,0,15,135,0,150,0,29,160,0,189,44,0,44,233
08/05/2008,LZU,GA,ASO,ES,Federal Contract Tower,0,13,43,0,56,0,19,205,2,226,0,32,248,2,282,138,0,138,420
08/06/2008,LZU,GA,ASO,ES,Federal Contract Tower,0,13,49,0,62,0,18,189,4,211,0,31,238,4,273,96,0,96,369
08/07/2008,LZU,GA,ASO,ES,Federal Contract Tower,0,13,39,0,52,0,14,119,0,133,0,27,158,0,185,28,0,28,213
08/08/2008,LZU,GA,ASO,ES,Federal Contract Tower,0,11,38,0,49,0,17,183,0,200,0,28,221,0,249,144,0,144,393
08/09/2008,LZU,GA,ASO,ES,Federal Contract Tower,0,6,26,0,32,0,6,224,0,230,0,12,250,0,262,114,0,114,376
08/10/2008,LZU,GA,ASO,ES,Federal Contract Tower,0,4,30,0,34,0,6,191,0,197,0,10,221,0,231,52,0,52,283
08/11/2008,LZU,GA,ASO,ES,Federal Contract Tower,0,10,31,0,41,0,17,201,2,220,0,27,232,2,261,130,0,130,391
08/12/2008,LZU,GA,ASO,ES,Federal Contract Tower,0,11,35,0,46,0,11,110,0,121,0,22,145,0,167,84,0,84,251
08/13/2008,LZU,GA,ASO,ES,Federal Contract Tower,0,18,45,0,63,0,7,55,0,62,0,25,100,0,125,50,0,50,175
08/14/2008,LZU,GA,ASO,ES,Federal Contract Tower,0,15,56,0,71,0,14,95,0,109,0,29,151,0,180,138,0,138,318
08/15/2008,LZU,GA,ASO,ES,Federal Contract Tower,0,11,42,2,55,0,3,195,1,199,0,14,237,3,254,130,4,134,388
08/16/2008,LZU,GA,ASO,ES,Federal Contract Tower,0,6,30,0,36,0,1,247,0,248,0,7,277,0,284,52,0,52,336
08/17/2008,LZU,GA,ASO,ES,Federal Contract Tower,0,4,37,0,41,0,4,140,0,144,0,8,177,0,185,190,0,190,375
08/18/2008,LZU,GA,ASO,ES,Federal Contract Tower,0,11,36,0,47,0,4,83,0,87,0,15,119,0,134,130,0,130,264
08/19/2008,LZU,GA,ASO,ES,Federal Contract Tower,0,9,37,0,46,0,4,116,0,120,0,13,153,0,166,98,0,98,264
08/20/2008,LZU,GA,ASO,ES,Federal Contract Tower,0,8,34,0,42,0,5,145,0,150,0,13,179,0,192,134,0,134,326
08/21/2008,LZU,GA,ASO,ES,Federal Contract Tower,0,13,55,0,68,0,6,71,5,82,0,19,126,5,150,88,6,94,244
08/22/2008,LZU,GA,ASO,ES,Federal Contract Tower,0,11,34,0,45,0,3,40,0,43,0,14,74,0,88,6,0,6,94
08/23/2008,LZU,GA,ASO,ES,Federal Contract Tower,0,1,22,0,23,0,48,0,0,48,0,49,22,0,71,4,0,4,75
08/24/2008,LZU,GA,ASO,ES,Federal Contract Tower,0,2,21,0,23,0,0,28,0,28,0,2,49,0,51,56,0,56,107
08/25/2008,LZU,GA,ASO,ES,Federal Contract Tower,0,17,39,0,56,0,0,6,0,6,0,17,45,0,62,12,0,12,74
08/26/2008,LZU,GA,ASO,ES,Federal Contract Tower,0,13,31,0,44,0,0,1,0,1,0,13,32,0,45,0,0,0,45
08/27/2008,LZU,GA,ASO,ES,Federal Contract Tower,0,19,63,0,82,0,3,30,2,35,0,22,93,2,117,22,0,22,139
08/28/2008,LZU,GA,ASO,ES,Federal Contract Tower,0,16,38,0,54,0,5,204,4,213,0,21,242,4,267,140,0,140,407
08/29/2008,LZU,GA,ASO,ES,Federal Contract Tower,0,11,61,0,72,0,7,196,0,203,0,18,257,0,275,156,0,156,431
08/30/2008,LZU,GA,ASO,ES,Federal Contract Tower,0,1,36,0,37,0,0,186,0,186,0,1,222,0,223,146,0,146,369
08/31/2008,LZU,GA,ASO,ES,Federal Contract Tower,0,2,25,0,27,0,11,71,0,82,0,13,96,0,109,120,0,120,229
09/01/2008,LZU,GA,ASO,ES,Federal Contract Tower,0,8,43,0,51,0,1,19,0,20,0,9,62,0,71,22,0,22,93
09/02/2008,LZU,GA,ASO,ES,Federal Contract Tower,0,15,42,0,57,0,9,82,0,91,0,24,124,0,148,88,0,88,236
09/03/2008,LZU,GA,ASO,ES,Federal Contract Tower,0,13,45,0,58,0,9,202,4,215,0,22,247,4,273,144,0,144,417
09/04/2008,LZU,GA,ASO,ES,Federal Contract Tower,0,19,41,0,60,0,5,144,6,155,0,24,185,6,215,80,0,80,295
09/05/2008,LZU,GA,ASO,ES,Federal Contract Tower,0,18,37,0,55,0,12,139,0,151,0,30,176,0,206,122,0,122,328
09/06/2008,LZU,GA,ASO,ES,Federal Contract Tower,0,21,15,0,36,0,8,192,0,200,0,29,207,0,236,192,0,192,428
09/07/2008,LZU,GA,ASO,ES,Federal Contract Tower,0,2,29,1,32,0,1,156,0,157,0,3,185,1,189,70,0,70,259
09/08/2008,LZU,GA,ASO,ES,Federal Contract Tower,0,10,52,0,62,0,14,102,0,116,0,24,154,0,178,62,0,62,240
09/09/2008,LZU,GA,ASO,ES,Federal Contract Tower,0,19,53,0,72,0,9,25,0,34,0,28,78,0,106,38,0,38,144
09/10/2008,LZU,GA,ASO,ES,Federal Contract Tower,0,20,52,0,72,0,5,67,0,72,0,25,119,0,144,124,0,124,268
09/11/2008,LZU,GA,ASO,ES,Federal Contract Tower,0,26,52,0,78,0,2,3,1,6,0,28,55,1,84,6,0,6,90
09/12/2008,LZU,GA,ASO,ES,Federal Contract Tower,0,21,43,0,64,0,4,42,0,46,0,25,85,0,110,70,0,70,180
09/13/2008,LZU,GA,ASO,ES,Federal Contract Tower,0,13,60,0,73,0,3,77,0,80,0,16,137,0,153,92,0,92,245
09/14/2008,LZU,GA,ASO,ES,Federal Contract Tower,0,9,50,0,59,0,9,87,0,96,0,18,137,0,155,48,0,48,203
09/15/2008,LZU,GA,ASO,ES,Federal Contract Tower,0,10,33,0,43,0,9,99,0,108,0,19,132,0,151,186,0,186,337
09/16/2008,LZU,GA,ASO,ES,Federal Contract Tower,0,14,67,0,81,0,1,33,2,36,0,15,100,2,117,42,0,42,159
09/17/2008,LZU,GA,ASO,ES,Federal Contract Tower,0,12,78,0,90,0,1,1,0,2,0,13,79,0,92,0,0,0,92
09/18/2008,LZU,GA,ASO,ES,Federal Contract Tower,0,15,32,0,47,0,10,227,2,239,0,25,259,2,286,118,0,118,404
09/19/2008,LZU,GA,ASO,ES,Federal Contract Tower,0,7,60,0,67,0,5,165,0,170,0,12,225,0,237,44,0,44,281
09/20/2008,LZU,GA,ASO,ES,Federal Contract Tower,0,2,28,0,30,0,0,252,2,254,0,2,280,2,284,110,0,110,394
09/21/2008,LZU,GA,ASO,ES,Federal Contract Tower,0,13,39,0,52,0,0,159,0,159,0,13,198,0,211,100,0,100,311
09/22/2008,LZU,GA,ASO,ES,Federal Contract Tower,0,19,42,0,61,0,3,145,0,148,0,22,187,0,209,104,0,104,313
09/23/2008,LZU,GA,ASO,ES,Federal Contract Tower,0,3,45,0,48,0,6,92,0,98,0,9,137,0,146,44,0,44,190
09/24/2008,LZU,GA,ASO,ES,Federal Contract Tower,0,10,36,0,46,0,7,121,0,128,0,17,157,0,174,62,0,62,236
09/25/2008,LZU,GA,ASO,ES,Federal Contract Tower,0,7,41,2,50,0,6,134,0,140,0,13,175,2,190,112,0,112,302
09/26/2008,LZU,GA,ASO,ES,Federal Contract Tower,0,11,78,0,89,0,3,128,0,131,0,14,206,0,220,78,0,78,298
09/27/2008,LZU,GA,ASO,ES,Federal Contract Tower,0,8,37,0,45,0,109,0,0,109,0,117,37,0,154,54,0,54,208
09/28/2008,LZU,GA,ASO,ES,Federal Contract Tower,0,8,34,0,42,0,6,185,0,191,0,14,219,0,233,90,0,90,323
09/29/2008,LZU,GA,ASO,ES,Federal Contract Tower,0,8,48,0,56,0,7,99,0,106,0,15,147,0,162,68,0,68,230
09/30/2008,LZU,GA,ASO,ES,Federal Contract Tower,0,4,38,0,42,6,81,0,0,87,6,85,38,0,129,76,0,76,205
10/01/2008,LZU,GA,ASO,ES,Federal Contract Tower,0,6,42,2,50,0,7,103,6,116,0,13,145,8,166,52,0,52,218
10/02/2008,LZU,GA,ASO,ES,Federal Contract Tower,0,5,48,0,53,0,9,145,0,154,0,14,193,0,207,76,0,76,283
10/03/2008,LZU,GA,ASO,ES,Federal Contract Tower,0,7,51,0,58,0,5,148,0,153,0,12,199,0,211,102,0,102,313
10/04/2008,LZU,GA,ASO,ES,Federal Contract Tower,0,3,22,0,25,0,1,223,1,225,0,4,245,1,250,72,0,72,322
10/05/2008,LZU,GA,ASO,ES,Federal Contract Tower,0,4,40,0,44,0,0,157,0,157,0,4,197,0,201,66,0,66,267
10/06/2008,LZU,GA,ASO,ES,Federal Contract Tower,0,4,20,1,25,0,15,67,1,83,0,19,87,2,108,108,0,108,216
10/07/2008,LZU,GA,ASO,ES,Federal Contract Tower,0,9,34,0,43,0,3,87,0,90,0,12,121,0,133,78,0,78,211
10/08/2008,LZU,GA,ASO,ES,Federal Contract Tower,0,8,39,0,47,0,0,0,0,0,0,8,39,0,47,0,0,0,47
10/09/2008,LZU,GA,ASO,ES,Federal Contract Tower,0,6,59,0,65,0,6,25,0,31,0,12,84,0,96,4,0,4,100
10/10/2008,LZU,GA,ASO,ES,Federal Contract Tower,0,15,65,0,80,0,2,53,0,55,0,17,118,0,135,102,0,102,237
10/11/2008,LZU,GA,ASO,ES,Federal Contract Tower,0,1,27,0,28,0,6,59,0,65,0,7,86,0,93,18,0,18,111
10/12/2008,LZU,GA,ASO,ES,Federal Contract Tower,0,3,31,0,34,0,1,34,0,35,0,4,65,0,69,58,0,58,127
10/13/2008,LZU,GA,ASO,ES,Federal Contract Tower,0,11,43,0,54,0,7,89,0,96,0,18,132,0,150,124,0,124,274
10/14/2008,LZU,GA,ASO,ES,Federal Contract Tower,0,9,40,0,49,0,4,142,0,146,0,13,182,0,195,102,0,102,297
10/15/2008,LZU,GA,ASO,ES,Federal Contract Tower,0,8,60,0,68,0,7,158,0,165,0,15,218,0,233,66,0,66,299
10/16/2008,LZU,GA,ASO,ES,Federal Contract Tower,0,11,45,0,56,0,9,142,0,151,0,20,187,0,207,162,0,162,369
10/17/2008,LZU,GA,ASO,ES,Federal Contract Tower,0,11,36,2,49,0,0,10,0,10,0,11,46,2,59,4,0,4,63
10/18/2008,LZU,GA,ASO,ES,Federal Contract Tower,0,7,38,0,45,0,0,155,0,155,0,7,193,0,200,86,0,86,286
10/19/2008,LZU,GA,ASO,ES,Federal Contract Tower,0,6,44,0,50,0,0,169,0,169,0,6,213,0,219,74,0,74,293
10/20/2008,LZU,GA,ASO,ES,Federal Contract Tower,0,14,43,0,57,0,11,95,0,106,0,25,138,0,163,98,0,98,261
10/21/2008,LZU,GA,ASO,ES,Federal Contract Tower,0,10,38,0,48,0,3,129,0,132,0,13,167,0,180,98,0,98,278
10/22/2008,LZU,GA,ASO,ES,Federal Contract Tower,0,7,33,0,40,0,4,141,0,145,0,11,174,0,185,110,0,110,295
10/23/2008,LZU,GA,ASO,ES,Federal Contract Tower,0,11,31,0,42,0,4,71,0,75,0,15,102,0,117,106,0,106,223
10/24/2008,LZU,GA,ASO,ES,Federal Contract Tower,0,15,33,0,48,0,0,0,0,0,0,15,33,0,48,0,0,0,48
10/25/2008,LZU,GA,ASO,ES,Federal Contract Tower,0,2,45,0,47,0,3,67,0,70,0,5,112,0,117,26,0,26,143
10/26/2008,LZU,GA,ASO,ES,Federal Contract Tower,0,5,34,0,39,0,1,194,0,195,0,6,228,0,234,122,0,122,356
10/27/2008,LZU,GA,ASO,ES,Federal Contract Tower,0,7,18,2,27,0,3,24,0,27,0,10,42,2,54,4,0,4,58
10/28/2008,LZU,GA,ASO,ES,Federal Contract Tower,0,14,19,0,33,0,9,88,0,97,0,23,107,0,130,34,0,34,164
10/29/2008,LZU,GA,ASO,ES,Federal Contract Tower,0,12,36,0,48,0,7,138,0,145,0,19,174,0,193,94,0,94,287
10/30/2008,LZU,GA,ASO,ES,Federal Contract Tower,0,14,48,0,62,0,3,138,0,141,0,17,186,0,203,102,0,102,305
10/31/2008,LZU,GA,ASO,ES,Federal Contract Tower,0,12,47,0,59,0,6,164,0,170,0,18,211,0,229,74,0,74,303
11/01/2008,LZU,GA,ASO,ES,Federal Contract Tower,0,4,20,0,24,0,2,210,0,212,0,6,230,0,236,104,0,104,340
11/02/2008,LZU,GA,ASO,ES,Federal Contract Tower,0,6,28,0,34,0,5,181,8,194,0,11,209,8,228,68,0,68,296
11/03/2008,LZU,GA,ASO,ES,Federal Contract Tower,0,4,42,0,46,0,8,94,0,102,0,12,136,0,148,66,0,66,214
11/04/2008,LZU,GA,ASO,ES,Federal Contract Tower,0,9,59,0,68,0,5,117,0,122,0,14,176,0,190,110,0,110,300
11/05/2008,LZU,GA,ASO,ES,Federal Contract Tower,0,11,39,0,50,0,6,112,0,118,0,17,151,0,168,88,0,88,256
11/06/2008,LZU,GA,ASO,ES,Federal Contract Tower,0,18,38,2,58,0,8,157,0,165,0,26,195,2,223,106,0,106,329
11/07/2008,LZU,GA,ASO,ES,Federal Contract Tower,0,12,45,0,57,0,11,75,0,86,0,23,120,0,143,132,0,132,275
11/08/2008,LZU,GA,ASO,ES,Federal Contract Tower,0,1,24,0,25,0,1,116,0,117,0,2,140,0,142,26,0,26,168
11/09/2008,LZU,GA,ASO,ES,Federal Contract Tower,0,6,36,0,42,0,5,120,0,125,0,11,156,0,167,62,0,62,229
11/10/2008,LZU,GA,ASO,ES,Federal Contract Tower,0,9,37,0,46,0,9,139,0,148,0,18,176,0,194,102,0,102,296
11/11/2008,LZU,GA,ASO,ES,Federal Contract Tower,0,8,50,0,58,0,6,148,0,154,0,14,198,0,212,200,0,200,412
11/12/2008,LZU,GA,ASO,ES,Federal Contract Tower,0,7,37,0,44,0,2,37,0,39,0,9,74,0,83,34,0,34,117
11/13/2008,LZU,GA,ASO,ES,Federal Contract Tower,0,20,50,0,70,0,0,0,0,0,0,20,50,0,70,0,0,0,70
11/14/2008,LZU,GA,ASO,ES,Federal Contract Tower,0,10,54,0,64,0,0,0,0,0,0,10,54,0,64,0,0,0,64
11/15/2008,LZU,GA,ASO,ES,Federal Contract Tower,0,4,18,0,22,0,1,16,0,17,0,5,34,0,39,0,0,0,39
11/16/2008,LZU,GA,ASO,ES,Federal Contract Tower,0,4,26,0,30,0,2,89,0,91,0,6,115,0,121,48,0,48,169
11/17/2008,LZU,GA,ASO,ES,Federal Contract Tower,0,5,27,0,32,0,5,118,0,123,0,10,145,0,155,124,0,124,279
11/18/2008,LZU,GA,ASO,ES,Federal Contract Tower,0,5,37,0,42,0,7,66,0,73,0,12,103,0,115,12,0,12,127
11/19/2008,LZU,GA,ASO,ES,Federal Contract Tower,0,8,39,0,47,0,11,142,0,153,0,19,181,0,200,48,0,48,248
11/20/2008,LZU,GA,ASO,ES,Federal Contract Tower,0,7,47,0,54,0,6,144,0,150,0,13,191,0,204,110,0,110,314
11/21/2008,LZU,GA,ASO,ES,Federal Contract Tower,0,4,38,0,42,0,6,75,0,81,0,10,113,0,123,32,0,32,155
11/22/2008,LZU,GA,ASO,ES,Federal Contract Tower,0,6,18,0,24,0,15,151,0,166,0,21,169,0,190,96,0,96,286
11/23/2008,LZU,GA,ASO,ES,Federal Contract Tower,0,3,34,0,37,0,2,126,0,128,0,5,160,0,165,42,0,42,207
11/24/2008,LZU,GA,ASO,ES,Federal Contract Tower,0,11,29,0,40,0,2,41,0,43,0,13,70,0,83,12,0,12,95
11/25/2008,LZU,GA,ASO,ES,Federal Contract Tower,0,10,40,0,50,0,6,75,0,81,0,16,115,0,131,52,0,52,183
11/26/2008,LZU,GA,ASO,ES,Federal Contract Tower,0,5,42,0,47,0,6,142,0,148,0,11,184,0,195,62,0,62,257
11/27/2008,LZU,GA,ASO,ES,Federal Contract Tower,0,1,12,0,13,0,0,60,0,60,0,1,72,0,73,12,0,12,85
11/28/2008,LZU,GA,ASO,ES,Federal Contract Tower,0,11,22,0,33,0,8,84,0,92,0,19,106,0,125,62,0,62,187
11/29/2008,LZU,GA,ASO,ES,Federal Contract Tower,0,5,30,0,35,0,0,0,0,0,0,5,30,0,35,0,0,0,35
11/30/2008,LZU,GA,ASO,ES,Federal Contract Tower,0,8,34,0,42,0,3,0,0,3,0,11,34,0,45,0,0,0,45
12/01/2008,LZU,GA,ASO,ES,Federal Contract Tower,0,7,37,0,44,0,5,36,2,43,0,12,73,2,87,22,0,22,109
12/02/2008,LZU,GA,ASO,ES,Federal Contract Tower,0,7,48,0,55,0,6,117,0,123,0,13,165,0,178,110,0,110,288
12/03/2008,LZU,GA,ASO,ES,Federal Contract Tower,0,5,42,1,48,0,8,113,0,121,0,13,155,1,169,126,0,126,295
12/04/2008,LZU,GA,ASO,ES,Federal Contract Tower,0,16,22,0,38,0,0,24,0,24,0,16,46,0,62,18,0,18,80
12/05/2008,LZU,GA,ASO,ES,Federal Contract Tower,0,9,50,0,59,0,5,84,0,89,0,14,134,0,148,70,0,70,218
12/06/2008,LZU,GA,ASO,ES,Federal Contract Tower,0,4,29,0,33,0,1,161,0,162,0,5,190,0,195,44,0,44,239
12/07/2008,LZU,GA,ASO,ES,Federal Contract Tower,0,4,31,0,35,0,4,110,0,114,0,8,141,0,149,50,0,50,199
12/08/2008,LZU,GA,ASO,ES,Federal Contract Tower,0,4,36,0,40,0,9,101,0,110,0,13,137,0,150,44,0,44,194
12/09/2008,LZU,GA,ASO,ES,Federal Contract Tower,0,15,27,0,42,0,3,35,0,38,0,18,62,0,80,98,0,98,178
12/10/2008,LZU,GA,ASO,ES,Federal Contract Tower,0,10,17,0,27,0,0,0,0,0,0,10,17,0,27,0,0,0,27
12/11/2008,LZU,GA,ASO,ES,Federal Contract Tower,0,12,18,0,30,0,1,4,0,5,0,13,22,0,35,0,0,0,35
12/12/2008,LZU,GA,ASO,ES,Federal Contract Tower,0,10,44,0,54,0,9,78,0,87,0,19,122,0,141,20,0,20,161
12/13/2008,LZU,GA,ASO,ES,Federal Contract Tower,0,5,19,0,24,0,0,155,0,155,0,5,174,0,179,72,0,72,251
12/14/2008,LZU,GA,ASO,ES,Federal Contract Tower,0,4,46,0,50,0,4,44,0,48,0,8,90,0,98,66,0,66,164
12/15/2008,LZU,GA,ASO,ES,Federal Contract Tower,0,13,45,0,58,0,7,0,0,7,0,20,45,0,65,2,0,2,67
12/16/2008,LZU,GA,ASO,ES,Federal Contract Tower,0,16,30,0,46,0,0,0,0,0,0,16,30,0,46,0,0,0,46
12/17/2008,LZU,GA,ASO,ES,Federal Contract Tower,0,13,44,0,57,0,1,11,0,12,0,14,55,0,69,8,0,8,77
12/18/2008,LZU,GA,ASO,ES,Federal Contract Tower,0,11,51,0,62,0,3,34,0,37,0,14,85,0,99,30,0,30,129
12/19/2008,LZU,GA,ASO,ES,Federal Contract Tower,0,8,40,0,48,0,7,39,0,46,0,15,79,0,94,56,0,56,150
12/20/2008,LZU,GA,ASO,ES,Federal Contract Tower,0,4,29,0,33,0,0,19,0,19,0,4,48,0,52,18,0,18,70
12/21/2008,LZU,GA,ASO,ES,Federal Contract Tower,0,5,12,0,17,0,0,28,0,28,0,5,40,0,45,8,0,8,53
12/22/2008,LZU,GA,ASO,ES,Federal Contract Tower,0,2,11,2,15,0,5,90,0,95,0,7,101,2,110,22,0,22,132
12/23/2008,LZU,GA,ASO,ES,Federal Contract Tower,0,8,25,0,33,0,3,88,0,91,0,11,113,0,124,56,0,56,180
12/24/2008,LZU,GA,ASO,ES,Federal Contract Tower,0,15,25,0,40,0,0,20,0,20,0,15,45,0,60,22,0,22,82
12/25/2008,LZU,GA,ASO,ES,Federal Contract Tower,0,0,11,0,11,0,0,30,0,30,0,0,41,0,41,6,0,6,47
12/26/2008,LZU,GA,ASO,ES,Federal Contract Tower,0,14,37,0,51,0,0,0,0,0,0,14,37,0,51,0,0,0,51
12/27/2008,LZU,GA,ASO,ES,Federal Contract Tower,0,1,22,0,23,0,0,0,0,0,0,1,22,0,23,0,0,0,23
12/28/2008,LZU,GA,ASO,ES,Federal Contract Tower,0,4,22,2,28,0,0,4,0,4,0,4,26,2,32,0,0,0,32
12/29/2008,LZU,GA,ASO,ES,Federal Contract Tower,0,5,26,0,31,0,5,131,0,136,0,10,157,0,167,62,0,62,229
12/30/2008,LZU,GA,ASO,ES,Federal Contract Tower,0,14,31,0,45,0,8,255,0,263,0,22,286,0,308,140,0,140,448
12/31/2008,LZU,GA,ASO,ES,Federal Contract Tower,0,4,24,2,30,0,1,23,0,24,0,5,47,2,54,14,0,14,68
01/01/2009,LZU,GA,ASO,ES,Federal Contract Tower,0,1,22,0,23,0,0,77,0,77,0,1,99,0,100,14,0,14,114
01/02/2009,LZU,GA,ASO,ES,Federal Contract Tower,0,9,28,0,37,0,0,1,0,1,0,9,29,0,38,0,0,0,38
01/03/2009,LZU,GA,ASO,ES,Federal Contract Tower,0,1,16,0,17,0,0,0,0,0,0,1,16,0,17,0,0,0,17
01/04/2009,LZU,GA,ASO,ES,Federal Contract Tower,0,1,31,0,32,0,0,7,0,7,0,1,38,0,39,4,0,4,43
01/05/2009,LZU,GA,ASO,ES,Federal Contract Tower,0,11,29,0,40,0,2,9,0,11,0,13,38,0,51,20,0,20,71
01/06/2009,LZU,GA,ASO,ES,Federal Contract Tower,0,5,25,1,31,0,7,11,0,18,0,12,36,1,49,26,0,26,75
01/07/2009,LZU,GA,ASO,ES,Federal Contract Tower,0,8,24,0,32,0,3,3,0,6,0,11,27,0,38,4,0,4,42
01/08/2009,LZU,GA,ASO,ES,Federal Contract Tower,0,2,35,2,39,0,4,82,0,86,0,6,117,2,125,44,0,44,169
01/09/2009,LZU,GA,ASO,ES,Federal Contract Tower,0,9,41,4,54,0,5,191,0,196,0,14,232,4,250,162,0,162,412
01/10/2009,LZU,GA,ASO,ES,Federal Contract Tower,0,7,16,0,23,0,0,31,0,31,0,7,47,0,54,38,0,38,92
01/11/2009,LZU,GA,ASO,ES,Federal Contract Tower,0,4,26,1,31,0,0,14,0,14,0,4,40,1,45,20,0,20,65
01/12/2009,LZU,GA,ASO,ES,Federal Contract Tower,0,6,22,2,30,0,3,101,0,104,0,9,123,2,134,172,0,172,306
01/13/2009,LZU,GA,ASO,ES,Federal Contract Tower,0,8,20,0,28,0,5,116,0,121,0,13,136,0,149,92,0,92,241
01/14/2009,LZU,GA,ASO,ES,Federal Contract Tower,0,11,30,2,43,0,6,117,0,123,0,17,147,2,166,58,0,58,224
01/15/2009,LZU,GA,ASO,ES,Federal Contract Tower,0,9,38,3,50,0,0,0,0,0,0,9,38,3,50,10,0,10,60
01/16/2009,LZU,GA,ASO,ES,Federal Contract Tower,0,9,56,0,65,0,8,93,0,101,0,17,149,0,166,116,0,116,282
01/17/2009,LZU,GA,ASO,ES,Federal Contract Tower,0,2,24,0,26,0,8,180,0,188,0,10,204,0,214,172,0,172,386
01/18/2009,LZU,GA,ASO,ES,Federal Contract Tower,0,7,9,0,16,0,1,19,0,20,0,8,28,0,36,18,0,18,54
01/19/2009,LZU,GA,ASO,ES,Federal Contract Tower,0,11,37,0,48,0,7,93,0,100,0,18,130,0,148,146,0,146,294
01/20/2009,LZU,GA,ASO,ES,Federal Contract Tower,0,8,10,0,18,0,3,18,0,21,0,11,28,0,39,36,0,36,75
01/21/2009,LZU,GA,ASO,ES,Federal Contract Tower,0,9,38,2,49,0,5,123,2,130,0,14,161,4,179,84,0,84,263
01/22/2009,LZU,GA,ASO,ES,Federal Contract Tower,0,8,37,0,45,0,4,194,0,198,0,12,231,0,243,138,0,138,381
01/23/2009,LZU,GA,ASO,ES,Federal Contract Tower,0,6,49,0,55,0,5,62,0,67,0,11,111,0,122,38,0,38,160
01/24/2009,LZU,GA,ASO,ES,Federal Contract Tower,0,2,41,0,43,0,1,68,0,69,0,3,109,0,112,12,0,12,124
01/25/2009,LZU,GA,ASO,ES,Federal Contract Tower,0,5,27,0,32,0,1,88,0,89,0,6,115,0,121,72,0,72,193
01/26/2009,LZU,GA,ASO,ES,Federal Contract Tower,0,14,31,0,45,0,3,4,0,7,0,17,35,0,52,8,0,8,60
01/27/2009,LZU,GA,ASO,ES,Federal Contract Tower,0,20,34,0,54,0,0,0,0,0,0,20,34,0,54,0,0,0,54
01/28/2009,LZU,GA,ASO,ES,Federal Contract Tower,0,12,26,0,38,0,1,4,0,5,0,13,30,0,43,12,0,12,55
01/29/2009,LZU,GA,ASO,ES,Federal Contract Tower,0,6,38,0,44,0,8,146,1,155,0,14,184,1,199,72,0,72,271
01/30/2009,LZU,GA,ASO,ES,Federal Contract Tower,0,12,28,0,40,0,4,87,6,97,0,16,115,6,137,8,0,8,145
01/31/2009,LZU,GA,ASO,ES,Federal Contract Tower,0,5,28,0,33,0,1,248,0,249,0,6,276,0,282,152,0,152,434
02/01/2009,LZU,GA,ASO,ES,Federal Contract Tower,0,0,17,0,17,0,0,153,0,153,0,0,170,0,170,96,0,96,266
02/02/2009,LZU,GA,ASO,ES,Federal Contract Tower,0,8,14,0,22,0,3,21,0,24,0,11,35,0,46,18,0,18,64
02/03/2009,LZU,GA,ASO,ES,Federal Contract Tower,0,9,28,0,37,0,5,34,0,39,0,14,62,0,76,36,0,36,112
02/04/2009,LZU,GA,ASO,ES,Federal Contract Tower,0,8,27,0,35,0,6,33,0,39,0,14,60,0,74,54,0,54,128
02/05/2009,LZU,GA,ASO,ES,Federal Contract Tower,0,6,36,0,42,0,6,110,0,116,0,12,146,0,158,34,0,34,192
02/06/2009,LZU,GA,ASO,ES,Federal Contract Tower,0,12,30,0,42,0,6,163,0,169,0,18,193,0,211,126,0,126,337
02/07/2009,LZU,GA,ASO,ES,Federal Contract Tower,0,1,23,0,24,0,0,211,0,211,0,1,234,0,235,130,0,130,365
02/08/2009,LZU,GA,ASO,ES,Federal Contract Tower,0,0,26,0,26,0,0,150,0,150,0,0,176,0,176,106,0,106,282
02/09/2009,LZU,GA,ASO,ES,Federal Contract Tower,0,2,21,0,23,0,1,94,0,95,0,3,115,0,118,54,0,54,172
02/10/2009,LZU,GA,ASO,ES,Federal Contract Tower,0,5,47,0,52,0,3,86,0,89,0,8,133,0,141,128,0,128,269
02/11/2009,LZU,GA,ASO,ES,Federal Contract Tower,0,9,13,0,22,0,1,16,0,17,0,10,29,0,39,6,0,6,45
02/12/2009,LZU,GA,ASO,ES,Federal Contract Tower,0,7,47,0,54,0,3,136,0,139,0,10,183,0,193,74,0,74,267
02/13/2009,LZU,GA,ASO,ES,Federal Contract Tower,0,9,33,0,42,0,3,116,0,119,0,12,149,0,161,70,0,70,231
02/14/2009,LZU,GA,ASO,ES,Federal Contract Tower,0,2,25,0,27,0,0,15,0,15,0,2,40,0,42,0,0,0,42
02/15/2009,LZU,GA,ASO,ES,Federal Contract Tower,0,1,23,0,24,0,0,132,0,132,0,1,155,0,156,102,0,102,258
02/16/2009,LZU,GA,ASO,ES,Federal Contract Tower,0,1,38,0,39,0,6,104,0,110,0,7,142,0,149,130,0,130,279
02/17/2009,LZU,GA,ASO,ES,Federal Contract Tower,0,7,33,0,40,0,8,99,0,107,0,15,132,0,147,54,0,54,201
02/18/2009,LZU,GA,ASO,ES,Federal Contract Tower,0,17,15,0,32,0,1,1,0,2,0,18,16,0,34,0,0,0,34
02/19/2009,LZU,GA,ASO,ES,Federal Contract Tower,0,6,32,0,38,0,3,37,0,40,0,9,69,0,78,14,0,14,92
02/20/2009,LZU,GA,ASO,ES,Federal Contract Tower,0,8,50,0,58,0,4,124,0,128,0,12,174,0,186,80,0,80,266
02/21/2009,LZU,GA,ASO,ES,Federal Contract Tower,0,4,16,0,20,0,0,251,0,251,0,4,267,0,271,88,0,88,359
02/22/2009,LZU,GA,ASO,ES,Federal Contract Tower,0,2,17,0,19,0,0,21,0,21,0,2,38,0,40,16,0,16,56
02/23/2009,LZU,GA,ASO,ES,Federal Contract Tower,0,3,39,0,42,0,7,112,0,119,0,10,151,0,161,70,0,70,231
02/24/2009,LZU,GA,ASO,ES,Federal Contract Tower,0,4,50,0,54,0,5,106,0,111,0,9,156,0,165,142,0,142,307
02/25/2009,LZU,GA,ASO,ES,Federal Contract Tower,0,11,42,0,53,0,4,48,0,52,0,15,90,0,105,88,0,88,193
02/26/2009,LZU,GA,ASO,ES,Federal Contract Tower,0,8,56,0,64,0,3,57,0,60,0,11,113,0,124,134,0,134,258
02/27/2009,LZU,GA,ASO,ES,Federal Contract Tower,0,8,30,0,38,0,1,3,0,4,0,9,33,0,42,0,0,0,42
02/28/2009,LZU,GA,ASO,ES,Federal Contract Tower,0,0,15,0,15,0,0,2,0,2,0,0,17,0,17,0,0,0,17
03/01/2009,LZU,GA,ASO,ES,Federal Contract Tower,0,3,10,0,13,0,0,0,0,0,0,3,10,0,13,0,0,0,13
03/02/2009,LZU,GA,ASO,ES,Federal Contract Tower,0,4,28,0,32,0,7,45,0,52,0,11,73,0,84,42,0,42,126
03/03/2009,LZU,GA,ASO,ES,Federal Contract Tower,0,8,24,0,32,0,4,71,0,75,0,12,95,0,107,48,0,48,155
03/04/2009,LZU,GA,ASO,ES,Federal Contract Tower,0,5,35,0,40,0,4,119,1,124,0,9,154,1,164,50,0,50,214
03/05/2009,LZU,GA,ASO,ES,Federal Contract Tower,0,4,45,2,51,0,6,88,0,94,0,10,133,2,145,160,0,160,305
03/06/2009,LZU,GA,ASO,ES,Federal Contract Tower,0,5,45,0,50,0,6,128,0,134,0,11,173,0,184,126,0,126,310
03/07/2009,LZU,GA,ASO,ES,Federal Contract Tower,0,1,41,0,42,0,4,127,0,131,0,5,168,0,173,28,0,28,201
03/08/2009,LZU,GA,ASO,ES,Federal Contract Tower,0,6,30,0,36,0,0,116,0,116,0,6,146,0,152,66,0,66,218
03/09/2009,LZU,GA,ASO,ES,Federal Contract Tower,0,9,23,0,32,0,5,69,0,74,0,14,92,0,106,88,0,88,194
03/10/2009,LZU,GA,ASO,ES,Federal Contract Tower,0,5,27,0,32,0,3,117,2,122,0,8,144,2,154,44,0,44,198
03/11/2009,LZU,GA,ASO,ES,Federal Contract Tower,0,10,33,0,43,0,6,91,0,97,0,16,124,0,140,88,0,88,228
03/12/2009,LZU,GA,ASO,ES,Federal Contract Tower,0,11,30,0,41,0,5,88,0,93,0,16,118,0,134,118,0,118,252
03/13/2009,LZU,GA,ASO,ES,Federal Contract Tower,0,6,40,0,46,0,0,13,0,13,0,6,53,0,59,82,0,82,141
03/14/2009,LZU,GA,ASO,ES,Federal Contract Tower,0,3,14,0,17,0,0,0,0,0,0,3,14,0,17,0,0,0,17
03/15/2009,LZU,GA,ASO,ES,Federal Contract Tower,0,4,34,0,38,0,0,0,0,0,0,4,34,0,38,0,0,0,38
03/16/2009,LZU,GA,ASO,ES,Federal Contract Tower,0,11,18,0,29,0,0,0,0,0,0,11,18,0,29,0,0,0,29
03/17/2009,LZU,GA,ASO,ES,Federal Contract Tower,0,12,30,0,42,0,3,107,0,110,0,15,137,0,152,70,0,70,222
03/18/2009,LZU,GA,ASO,ES,Federal Contract Tower,0,3,26,0,29,0,6,63,0,69,0,9,89,0,98,50,0,50,148
03/19/2009,LZU,GA,ASO,ES,Federal Contract Tower,0,12,37,0,49,0,4,88,0,92,0,16,125,0,141,88,0,88,229
03/20/2009,LZU,GA,ASO,ES,Federal Contract Tower,0,7,46,0,53,0,3,139,0,142,0,10,185,0,195,122,0,122,317
03/21/2009,LZU,GA,ASO,ES,Federal Contract Tower,0,4,28,0,32,0,2,227,0,229,0,6,255,0,261,96,0,96,357
03/22/2009,LZU,GA,ASO,ES,Federal Contract Tower,0,1,39,3,43,0,0,161,0,161,0,1,200,3,204,54,0,54,258
03/23/2009,LZU,GA,ASO,ES,Federal Contract Tower,0,8,37,0,45,0,3,87,0,90,0,11,124,0,135,76,0,76,211
03/24/2009,LZU,GA,ASO,ES,Federal Contract Tower,0,12,33,0,45,0,4,51,0,55,0,16,84,0,100,30,0,30,130
03/25/2009,LZU,GA,ASO,ES,Federal Contract Tower,0,23,26,0,49,0,0,1,0,1,0,23,27,0,50,0,0,0,50
03/26/2009,LZU,GA,ASO,ES,Federal Contract Tower,0,15,22,0,37,0,0,0,0,0,0,15,22,0,37,0,0,0,37
03/27/2009,LZU,GA,ASO,ES,Federal Contract Tower,0,11,16,0,27,0,0,0,0,0,0,11,16,0,27,0,0,0,27
03/28/2009,LZU,GA,ASO,ES,Federal Contract Tower,0,1,7,0,8,0,0,0,0,0,0,1,7,0,8,0,0,0,8
03/29/2009,LZU,GA,ASO,ES,Federal Contract Tower,0,9,22,0,31,0,0,36,0,36,0,9,58,0,67,18,0,18,85
03/30/2009,LZU,GA,ASO,ES,Federal Contract Tower,0,5,37,0,42,0,5,153,0,158,0,10,190,0,200,74,0,74,274
03/31/2009,LZU,GA,ASO,ES,Federal Contract Tower,0,12,26,0,38,0,0,62,0,62,0,12,88,0,100,84,0,84,184
04/01/2009,LZU,GA,ASO,ES,Federal Contract Tower,0,6,33,0,39,0,3,11,0,14,0,9,44,0,53,6,0,6,59
04/02/2009,LZU,GA,ASO,ES,Federal Contract Tower,0,13,17,0,30,0,0,0,0,0,0,13,17,0,30,0,0,0,30
04/03/2009,LZU,GA,ASO,ES,Federal Contract Tower,0,4,43,0,47,0,5,35,0,40,0,9,78,0,87,4,0,4,91
04/04/2009,LZU,GA,ASO,ES,Federal Contract Tower,0,0,34,0,34,0,0,228,0,228,0,0,262,0,262,134,0,134,396
04/05/2009,LZU,GA,ASO,ES,Federal Contract Tower,0,8,23,0,31,0,0,56,0,56,0,8,79,0,87,64,0,64,151
04/06/2009,LZU,GA,ASO,ES,Federal Contract Tower,0,7,17,0,24,0,2,6,0,8,0,9,23,0,32,0,0,0,32
04/07/2009,LZU,GA,ASO,ES,Federal Contract Tower,0,8,21,0,29,0,7,21,0,28,0,15,42,0,57,2,0,2,59
04/08/2009,LZU,GA,ASO,ES,Federal Contract Tower,0,8,40,0,48,0,6,101,0,107,0,14,141,0,155,18,0,18,173
04/09/2009,LZU,GA,ASO,ES,Federal Contract Tower,0,6,35,0,41,0,5,152,0,157,0,11,187,0,198,122,0,122,320
04/10/2009,LZU,GA,ASO,ES,Federal Contract Tower,0,7,12,0,19,0,5,8,0,13,0,12,20,0,32,18,0,18,50
04/11/2009,LZU,GA,ASO,ES,Federal Contract Tower,0,0,24,0,24,0,0,133,0,133,0,0,157,0,157,54,0,54,211
04/12/2009,LZU,GA,ASO,ES,Federal Contract Tower,0,1,24,0,25,0,1,67,0,68,0,2,91,0,93,76,0,76,169
04/13/2009,LZU,GA,ASO,ES,Federal Contract Tower,0,7,17,0,24,0,0,3,0,3,0,7,20,0,27,0,0,0,27
04/14/2009,LZU,GA,ASO,ES,Federal Contract Tower,0,6,21,0,27,0,5,17,0,22,0,11,38,0,49,18,0,18,67
04/15/2009,LZU,GA,ASO,ES,Federal Contract Tower,0,7,23,0,30,0,5,110,0,115,0,12,133,0,145,28,0,28,173
04/16/2009,LZU,GA,ASO,ES,Federal Contract Tower,0,10,43,0,53,0,4,155,0,159,0,14,198,0,212,148,0,148,360
04/17/2009,LZU,GA,ASO,ES,Federal Contract Tower,0,10,34,0,44,0,7,163,2,172,0,17,197,2,216,122,0,122,338
04/18/2009,LZU,GA,ASO,ES,Federal Contract Tower,0,2,25,0,27,0,1,257,0,258,0,3,282,0,285,126,0,126,411
04/19/2009,LZU,GA,ASO,ES,Federal Contract Tower,0,5,28,0,33,0,0,21,0,21,0,5,49,0,54,14,0,14,68
04/20/2009,LZU,GA,ASO,ES,Federal Contract Tower,0,10,21,0,31,0,5,54,0,59,0,15,75,0,90,112,0,112,202
04/21/2009,LZU,GA,ASO,ES,Federal Contract Tower,0,2,22,4,28,0,5,31,0,36,0,7,53,4,64,28,0,28,92
04/22/2009,LZU,GA,ASO,ES,Federal Contract Tower,0,15,41,1,57,0,5,98,1,104,0,20,139,2,161,94,0,94,255
04/23/2009,LZU,GA,ASO,ES,Federal Contract Tower,0,7,40,0,47,0,6,143,1,150,0,13,183,1,197,184,0,184,381
04/24/2009,LZU,GA,ASO,ES,Federal Contract Tower,0,5,42,2,49,0,8,127,0,135,0,13,169,2,184,168,0,168,352
04/25/2009,LZU,GA,ASO,ES,Federal Contract Tower,0,8,25,0,33,0,14,185,0,199,0,22,210,0,232,144,0,144,376
04/26/2009,LZU,GA,ASO,ES,Federal Contract Tower,0,3,37,0,40,0,3,107,0,110,0,6,144,0,150,20,2,22,172
04/27/2009,LZU,GA,ASO,ES,Federal Contract Tower,0,7,37,1,45,0,7,103,0,110,0,14,140,1,155,66,0,66,221
04/28/2009,LZU,GA,ASO,ES,Federal Contract Tower,0,6,33,0,39,0,12,75,0,87,0,18,108,0,126,20,0,20,146
04/29/2009,LZU,GA,ASO,ES,Federal Contract Tower,0,4,34,0,38,0,8,79,0,87,0,12,113,0,125,26,0,26,151
04/30/2009,LZU,GA,ASO,ES,Federal Contract Tower,0,2,33,0,35,0,7,69,2,78,0,9,102,2,113,78,0,78,191
05/01/2009,LZU,GA,ASO,ES,Federal Contract Tower,0,11,35,0,46,0,5,59,0,64,0,16,94,0,110,68,0,68,178
05/02/2009,LZU,GA,ASO,ES,Federal Contract Tower,0,0,18,0,18,0,0,85,0,85,0,0,103,0,103,44,0,44,147
05/03/2009,LZU,GA,ASO,ES,Federal Contract Tower,0,2,37,0,39,0,0,20,0,20,0,2,57,0,59,0,0,0,59
05/04/2009,LZU,GA,ASO,ES,Federal Contract Tower,0,8,26,0,34,0,5,11,0,16,0,13,37,0,50,22,0,22,72
05/05/2009,LZU,GA,ASO,ES,Federal Contract Tower,0,12,24,0,36,0,4,66,0,70,0,16,90,0,106,76,0,76,182
05/06/2009,LZU,GA,ASO,ES,Federal Contract Tower,0,9,21,0,30,0,2,5,0,7,0,11,26,0,37,0,0,0,37
05/07/2009,LZU,GA,ASO,ES,Federal Contract Tower,0,7,44,1,52,0,3,54,1,58,0,10,98,2,110,92,0,92,202
05/08/2009,LZU,GA,ASO,ES,Federal Contract Tower,0,5,40,0,45,0,4,20,0,24,0,9,60,0,69,40,0,40,109
05/09/2009,LZU,GA,ASO,ES,Federal Contract Tower,0,1,29,0,30,0,0,85,0,85,0,1,114,0,115,64,0,64,179
05/10/2009,LZU,GA,ASO,ES,Federal Contract Tower,0,0,11,0,11,0,0,102,0,102,0,0,113,0,113,60,0,60,173
05/11/2009,LZU,GA,ASO,ES,Federal Contract Tower,0,8,31,0,39,0,4,50,0,54,0,12,81,0,93,44,0,44,137
05/12/2009,LZU,GA,ASO,ES,Federal Contract Tower,0,4,29,0,33,0,4,123,0,127,0,8,152,0,160,110,0,110,270
05/13/2009,LZU,GA,ASO,ES,Federal Contract Tower,0,13,23,0,36,0,5,74,0,79,0,18,97,0,115,34,0,34,149
05/14/2009,LZU,GA,ASO,ES,Federal Contract Tower,0,4,40,0,44,0,3,44,0,47,0,7,84,0,91,54,0,54,145
05/15/2009,LZU,GA,ASO,ES,Federal Contract Tower,0,10,25,0,35,0,0,91,0,91,0,10,116,0,126,124,0,124,250
05/16/2009,LZU,GA,ASO,ES,Federal Contract Tower,0,0,13,0,13,0,1,19,0,20,0,1,32,0,33,12,0,12,45
05/17/2009,LZU,GA,ASO,ES,Federal Contract Tower,0,2,32,0,34,0,0,8,0,8,0,2,40,0,42,0,0,0,42
05/18/2009,LZU,GA,ASO,ES,Federal Contract Tower,0,7,27,0,34,0,6,83,2,91,0,13,110,2,125,72,0,72,197
05/19/2009,LZU,GA,ASO,ES,Federal Contract Tower,0,4,29,0,33,0,8,85,0,93,0,12,114,0,126,38,0,38,164
05/20/2009,LZU,GA,ASO,ES,Federal Contract Tower,0,7,27,0,34,0,4,54,0,58,0,11,81,0,92,44,0,44,136
05/21/2009,LZU,GA,ASO,ES,Federal Contract Tower,0,12,42,0,54,0,3,35,2,40,0,15,77,2,94,20,6,26,120
05/22/2009,LZU,GA,ASO,ES,Federal Contract Tower,0,4,28,0,32,0,7,14,0,21,0,11,42,0,53,32,0,32,85
05/23/2009,LZU,GA,ASO,ES,Federal Contract Tower,0,2,34,0,36,0,0,51,0,51,0,2,85,0,87,74,0,74,161
05/24/2009,LZU,GA,ASO,ES,Federal Contract Tower,0,2,12,0,14,0,0,3,0,3,0,2,15,0,17,20,0,20,37
05/25/2009,LZU,GA,ASO,ES,Federal Contract Tower,0,5,37,5,47,0,0,16,0,16,0,5,53,5,63,20,0,20,83
05/26/2009,LZU,GA,ASO,ES,Federal Contract Tower,0,10,34,0,44,0,5,8,0,13,0,15,42,0,57,0,0,0,57
05/27/2009,LZU,GA,ASO,ES,Federal Contract Tower,0,7,30,0,37,0,4,40,0,44,0,11,70,0,81,54,0,54,135
05/28/2009,LZU,GA,ASO,ES,Federal Contract Tower,0,9,55,0,64,0,4,89,0,93,0,13,144,0,157,26,0,26,183
05/29/2009,LZU,GA,ASO,ES,Federal Contract Tower,0,9,33,1,43,0,5,124,0,129,0,14,157,1,172,102,0,102,274
05/30/2009,LZU,GA,ASO,ES,Federal Contract Tower,0,5,30,0,35,0,0,20,0,20,0,5,50,0,55,0,0,0,55
05/31/2009,LZU,GA,ASO,ES,Federal Contract Tower,0,1,24,0,25,0,0,193,0,193,0,1,217,0,218,96,0,96,314
06/01/2009,LZU,GA,ASO,ES,Federal Contract Tower,0,10,34,0,44,0,6,143,0,149,0,16,177,0,193,108,0,108,301
06/02/2009,LZU,GA,ASO,ES,Federal Contract Tower,0,11,47,0,58,0,4,118,0,122,0,15,165,0,180,60,0,60,240
06/03/2009,LZU,GA,ASO,ES,Federal Contract Tower,0,7,36,0,43,0,4,141,0,145,0,11,177,0,188,98,0,98,286
06/04/2009,LZU,GA,ASO,ES,Federal Contract Tower,0,9,26,0,35,0,3,8,0,11,0,12,34,0,46,10,0,10,56
06/05/2009,LZU,GA,ASO,ES,Federal Contract Tower,0,6,45,1,52,0,4,33,0,37,0,10,78,1,89,72,0,72,161
06/06/2009,LZU,GA,ASO,ES,Federal Contract Tower,0,2,31,2,35,0,0,118,0,118,0,2,149,2,153,50,0,50,203
06/07/2009,LZU,GA,ASO,ES,Federal Contract Tower,0,0,37,2,39,0,0,128,0,128,0,0,165,2,167,128,0,128,295
06/08/2009,LZU,GA,ASO,ES,Federal Contract Tower,0,9,26,0,35,0,0,94,0,94,0,9,120,0,129,120,0,120,249
06/09/2009,LZU,GA,ASO,ES,Federal Contract Tower,0,3,32,0,35,0,4,109,0,113,0,7,141,0,148,128,2,130,278
06/10/2009,LZU,GA,ASO,ES,Federal Contract Tower,0,8,38,0,46,0,7,104,0,111,0,15,142,0,157,68,0,68,225
06/11/2009,LZU,GA,ASO,ES,Federal Contract Tower,0,14,39,0,53,0,1,91,6,98,0,15,130,6,151,44,0,44,195
06/12/2009,LZU,GA,ASO,ES,Federal Contract Tower,1,18,44,0,63,0,0,9,0,9,1,18,53,0,72,0,0,0,72
06/13/2009,LZU,GA,ASO,ES,Federal Contract Tower,0,4,26,0,30,0,0,162,0,162,0,4,188,0,192,22,0,22,214
06/14/2009,LZU,GA,ASO,ES,Federal Contract Tower,0,0,26,2,28,0,4,95,0,99,0,4,121,2,127,118,0,118,245
06/15/2009,LZU,GA,ASO,ES,Federal Contract Tower,0,17,17,0,34,0,3,83,0,86,0,20,100,0,120,64,0,64,184
06/16/2009,LZU,GA,ASO,ES,Federal Contract Tower,0,5,34,0,39,0,3,98,0,101,0,8,132,0,140,56,0,56,196
06/17/2009,LZU,GA,ASO,ES,Federal Contract Tower,0,6,31,0,37,0,1,38,0,39,0,7,69,0,76,42,0,42,118
06/18/2009,LZU,GA,ASO,ES,Federal Contract Tower,0,3,38,0,41,0,3,129,0,132,0,6,167,0,173,72,2,74,247
06/19/2009,LZU,GA,ASO,ES,Federal Contract Tower,0,6,24,0,30,0,6,109,0,115,0,12,133,0,145,42,0,42,187
06/20/2009,LZU,GA,ASO,ES,Federal Contract Tower,0,3,15,0,18,0,0,183,0,183,0,3,198,0,201,56,0,56,257
06/21/2009,LZU,GA,ASO,ES,Federal Contract Tower,0,0,21,0,21,0,0,98,0,98,0,0,119,0,119,36,0,36,155
06/22/2009,LZU,GA,ASO,ES,Federal Contract Tower,0,7,31,0,38,0,4,60,0,64,0,11,91,0,102,60,0,60,162
06/23/2009,LZU,GA,ASO,ES,Federal Contract Tower,0,8,28,0,36,0,4,87,0,91,0,12,115,0,127,70,0,70,197
06/24/2009,LZU,GA,ASO,ES,Federal Contract Tower,0,1,28,0,29,0,4,122,0,126,0,5,150,0,155,116,0,116,271
06/25/2009,LZU,GA,ASO,ES,Federal Contract Tower,0,13,32,0,45,0,3,104,0,107,0,16,136,0,152,84,0,84,236
06/26/2009,LZU,GA,ASO,ES,Federal Contract Tower,0,2,34,2,38,0,3,98,0,101,0,5,132,2,139,118,0,118,257
06/27/2009,LZU,GA,ASO,ES,Federal Contract Tower,0,4,37,0,41,0,1,145,0,146,0,5,182,0,187,104,0,104,291
06/28/2009,LZU,GA,ASO,ES,Federal Contract Tower,0,3,30,0,33,0,0,115,0,115,0,3,145,0,148,44,0,44,192
06/29/2009,LZU,GA,ASO,ES,Federal Contract Tower,0,5,29,0,34,0,5,95,0,100,0,10,124,0,134,22,0,22,156
06/30/2009,LZU,GA,ASO,ES,Federal Contract Tower,0,5,20,2,27,0,5,78,2,85,0,10,98,4,112,64,0,64,176
07/01/2009,LZU,GA,ASO,ES,Federal Contract Tower,0,2,29,0,31,0,6,115,0,121,0,8,144,0,152,70,0,70,222
07/02/2009,LZU,GA,ASO,ES,Federal Contract Tower,0,8,35,0,43,0,3,125,0,128,0,11,160,0,171,56,0,56,227
07/03/2009,LZU,GA,ASO,ES,Federal Contract Tower,0,5,25,0,30,0,1,119,0,120,0,6,144,0,150,92,0,92,242
07/04/2009,LZU,GA,ASO,ES,Federal Contract Tower,0,1,14,0,15,0,0,98,0,98,0,1,112,0,113,34,0,34,147
07/05/2009,LZU,GA,ASO,ES,Federal Contract Tower,0,2,21,0,23,0,0,23,0,23,0,2,44,0,46,16,0,16,62
07/06/2009,LZU,GA,ASO,ES,Federal Contract Tower,0,12,32,0,44,0,3,36,0,39,0,15,68,0,83,26,0,26,109
07/07/2009,LZU,GA,ASO,ES,Federal Contract Tower,0,10,42,0,52,0,3,36,0,39,0,13,78,0,91,44,0,44,135
07/08/2009,LZU,GA,ASO,ES,Federal Contract Tower,0,7,37,0,44,0,2,42,2,46,0,9,79,2,90,96,0,96,186
07/09/2009,LZU,GA,ASO,ES,Federal Contract Tower,0,7,25,0,32,0,1,77,0,78,0,8,102,0,110,102,0,102,212
07/10/2009,LZU,GA,ASO,ES,Federal Contract Tower,0,9,40,1,50,0,2,61,0,63,0,11,101,1,113,94,0,94,207
07/11/2009,LZU,GA,ASO,ES,Federal Contract Tower,0,9,22,0,31,0,0,161,0,161,0,9,183,0,192,86,0,86,278
07/12/2009,LZU,GA,ASO,ES,Federal Contract Tower,0,5,15,0,20,0,1,83,0,84,0,6,98,0,104,36,0,36,140
07/13/2009,LZU,GA,ASO,ES,Federal Contract Tower,0,12,32,0,44,0,4,26,0,30,0,16,58,0,74,26,0,26,100
07/14/2009,LZU,GA,ASO,ES,Federal Contract Tower,0,10,40,0,50,0,6,83,0,89,0,16,123,0,139,92,0,92,231
07/15/2009,LZU,GA,ASO,ES,Federal Contract Tower,0,9,27,0,36,0,5,120,0,125,0,14,147,0,161,144,0,144,305
07/16/2009,LZU,GA,ASO,ES,Federal Contract Tower,0,11,29,0,40,0,4,77,0,81,0,15,106,0,121,28,0,28,149
07/17/2009,LZU,GA,ASO,ES,Federal Contract Tower,0,8,31,0,39,0,4,66,0,70,0,12,97,0,109,46,0,46,155
07/18/2009,LZU,GA,ASO,ES,Federal Contract Tower,0,3,26,0,29,0,0,203,0,203,0,3,229,0,232,82,0,82,314
07/19/2009,LZU,GA,ASO,ES,Federal Contract Tower,0,4,22,0,26,0,0,128,0,128,0,4,150,0,154,30,0,30,184
07/20/2009,LZU,GA,ASO,ES,Federal Contract Tower,0,7,31,0,38,0,4,105,0,109,0,11,136,0,147,76,0,76,223
07/21/2009,LZU,GA,ASO,ES,Federal Contract Tower,0,9,39,0,48,0,5,79,0,84,0,14,118,0,132,66,0,66,198
07/22/2009,LZU,GA,ASO,ES,Federal Contract Tower,0,10,38,0,48,0,2,70,0,72,0,12,108,0,120,34,0,34,154
07/23/2009,LZU,GA,ASO,ES,Federal Contract Tower,0,11,36,0,47,0,2,78,0,80,0,13,114,0,127,42,0,42,169
07/24/2009,LZU,GA,ASO,ES,Federal Contract Tower,0,7,33,0,40,0,3,109,0,112,0,10,142,0,152,52,0,52,204
07/25/2009,LZU,GA,ASO,ES,Federal Contract Tower,0,6,33,0,39,0,2,156,0,158,0,8,189,0,197,14,0,14,211
07/26/2009,LZU,GA,ASO,ES,Federal Contract Tower,0,4,20,0,24,0,1,84,0,85,0,5,104,0,109,50,0,50,159
07/27/2009,LZU,GA,ASO,ES,Federal Contract Tower,0,14,20,0,34,0,2,82,0,84,0,16,102,0,118,90,0,90,208
07/28/2009,LZU,GA,ASO,ES,Federal Contract Tower,0,8,24,0,32,0,1,72,0,73,0,9,96,0,105,76,0,76,181
07/29/2009,LZU,GA,ASO,ES,Federal Contract Tower,0,9,21,0,30,0,4,15,0,19,0,13,36,0,49,4,0,4,53
07/30/2009,LZU,GA,ASO,ES,Federal Contract Tower,0,11,41,0,52,0,3,29,0,32,0,14,70,0,84,26,0,26,110
07/31/2009,LZU,GA,ASO,ES,Federal Contract Tower,0,19,18,0,37,0,1,25,0,26,0,20,43,0,63,22,0,22,85
08/01/2009,LZU,GA,ASO,ES,Federal Contract Tower,0,5,27,2,34,0,0,96,0,96,0,5,123,2,130,36,0,36,166
08/02/2009,LZU,GA,ASO,ES,Federal Contract Tower,0,4,28,0,32,0,0,14,0,14,0,4,42,0,46,42,0,42,88
08/03/2009,LZU,GA,ASO,ES,Federal Contract Tower,0,6,29,0,35,0,3,113,0,116,0,9,142,0,151,90,0,90,241
08/04/2009,LZU,GA,ASO,ES,Federal Contract Tower,0,12,20,0,32,0,5,116,0,121,0,17,136,0,153,60,0,60,213
08/05/2009,LZU,GA,ASO,ES,Federal Contract Tower,0,9,32,0,41,0,4,91,0,95,0,13,123,0,136,118,0,118,254
08/06/2009,LZU,GA,ASO,ES,Federal Contract Tower,0,8,30,0,38,0,4,94,0,98,0,12,124,0,136,122,0,122,258
08/07/2009,LZU,GA,ASO,ES,Federal Contract Tower,0,10,41,0,51,0,8,99,0,107,0,18,140,0,158,92,0,92,250
08/08/2009,LZU,GA,ASO,ES,Federal Contract Tower,0,4,21,0,25,0,0,164,0,164,0,4,185,0,189,122,0,122,311
08/09/2009,LZU,GA,ASO,ES,Federal Contract Tower,0,4,21,0,25,0,1,92,0,93,0,5,113,0,118,86,0,86,204
08/10/2009,LZU,GA,ASO,ES,Federal Contract Tower,0,9,36,0,45,0,4,64,0,68,0,13,100,0,113,74,0,74,187
08/11/2009,LZU,GA,ASO,ES,Federal Contract Tower,0,8,36,0,44,0,3,96,0,99,0,11,132,0,143,86,0,86,229
08/12/2009,LZU,GA,ASO,ES,Federal Contract Tower,0,13,49,0,62,0,1,72,0,73,0,14,121,0,135,80,0,80,215
08/13/2009,LZU,GA,ASO,ES,Federal Contract Tower,0,16,48,0,64,0,7,126,0,133,0,23,174,0,197,36,0,36,233
08/14/2009,LZU,GA,ASO,ES,Federal Contract Tower,0,6,54,0,60,0,4,141,0,145,0,10,195,0,205,32,0,32,237
08/15/2009,LZU,GA,ASO,ES,Federal Contract Tower,0,4,75,0,79,0,0,186,0,186,0,4,261,0,265,54,0,54,319
08/16/2009,LZU,GA,ASO,ES,Federal Contract Tower,0,0,39,0,39,0,0,15,0,15,0,0,54,0,54,10,0,10,64
08/17/2009,LZU,GA,ASO,ES,Federal Contract Tower,0,12,27,0,39,0,5,22,0,27,0,17,49,0,66,8,0,8,74
08/18/2009,LZU,GA,ASO,ES,Federal Contract Tower,0,13,50,0,63,0,7,34,0,41,0,20,84,0,104,42,0,42,146
08/19/2009,LZU,GA,ASO,ES,Federal Contract Tower,0,9,20,1,30,0,5,62,3,70,0,14,82,4,100,62,0,62,162
08/20/2009,LZU,GA,ASO,ES,Federal Contract Tower,0,4,44,0,48,0,4,44,0,48,0,8,88,0,96,84,2,86,182
08/21/2009,LZU,GA,ASO,ES,Federal Contract Tower,0,9,51,0,60,0,3,44,0,47,0,12,95,0,107,42,0,42,149
08/22/2009,LZU,GA,ASO,ES,Federal Contract Tower,0,3,24,0,27,0,1,132,0,133,0,4,156,0,160,116,0,116,276
08/23/2009,LZU,GA,ASO,ES,Federal Contract Tower,0,4,24,0,28,0,1,153,0,154,0,5,177,0,182,156,0,156,338
08/24/2009,LZU,GA,ASO,ES,Federal Contract Tower,0,9,42,0,51,0,7,113,0,120,0,16,155,0,171,142,0,142,313
08/25/2009,LZU,GA,ASO,ES,Federal Contract Tower,0,11,41,0,52,0,6,102,0,108,0,17,143,0,160,70,0,70,230
08/26/2009,LZU,GA,ASO,ES,Federal Contract Tower,0,6,36,0,42,0,4,141,0,145,0,10,177,0,187,170,0,170,357
08/27/2009,LZU,GA,ASO,ES,Federal Contract Tower,0,8,32,0,40,0,2,45,0,47,0,10,77,0,87,64,0,64,151
08/28/2009,LZU,GA,ASO,ES,Federal Contract Tower,0,8,21,0,29,0,3,10,0,13,0,11,31,0,42,0,0,0,42
08/29/2009,LZU,GA,ASO,ES,Federal Contract Tower,0,1,42,0,43,0,2,133,0,135,0,3,175,0,178,118,0,118,296
08/30/2009,LZU,GA,ASO,ES,Federal Contract Tower,0,2,15,0,17,0,0,33,0,33,0,2,48,0,50,50,0,50,100
08/31/2009,LZU,GA,ASO,ES,Federal Contract Tower,0,10,34,0,44,0,1,2,0,3,0,11,36,0,47,0,0,0,47
09/01/2009,LZU,GA,ASO,ES,Federal Contract Tower,0,8,38,0,46,0,1,16,0,17,0,9,54,0,63,20,0,20,83
09/02/2009,LZU,GA,ASO,ES,Federal Contract Tower,0,3,21,2,26,0,4,110,0,114,0,7,131,2,140,106,2,108,248
09/03/2009,LZU,GA,ASO,ES,Federal Contract Tower,0,9,41,0,50,0,5,93,2,100,0,14,134,2,150,54,0,54,204
09/04/2009,LZU,GA,ASO,ES,Federal Contract Tower,0,6,49,0,55,0,4,114,0,118,0,10,163,0,173,38,0,38,211
09/05/2009,LZU,GA,ASO,ES,Federal Contract Tower,0,0,27,0,27,0,0,148,0,148,0,0,175,0,175,54,0,54,229
09/06/2009,LZU,GA,ASO,ES,Federal Contract Tower,0,3,24,0,27,0,1,102,0,103,0,4,126,0,130,104,0,104,234
09/07/2009,LZU,GA,ASO,ES,Federal Contract Tower,0,4,45,0,49,0,0,122,0,122,0,4,167,0,171,62,0,62,233
09/08/2009,LZU,GA,ASO,ES,Federal Contract Tower,0,6,23,0,29,0,5,89,0,94,0,11,112,0,123,90,0,90,213
09/09/2009,LZU,GA,ASO,ES,Federal Contract Tower,0,9,29,0,38,0,5,81,0,86,0,14,110,0,124,44,0,44,168
09/10/2009,LZU,GA,ASO,ES,Federal Contract Tower,0,7,45,2,54,0,2,34,0,36,0,9,79,2,90,78,0,78,168
09/11/2009,LZU,GA,ASO,ES,Federal Contract Tower,0,7,31,0,38,0,2,12,0,14,0,9,43,0,52,16,0,16,68
09/12/2009,LZU,GA,ASO,ES,Federal Contract Tower,0,3,14,0,17,0,2,168,0,170,0,5,182,0,187,144,0,144,331
09/13/2009,LZU,GA,ASO,ES,Federal Contract Tower,0,4,22,0,26,0,1,86,0,87,0,5,108,0,113,48,0,48,161
09/14/2009,LZU,GA,ASO,ES,Federal Contract Tower,0,9,18,0,27,0,2,58,1,61,0,11,76,1,88,50,2,52,140
09/15/2009,LZU,GA,ASO,ES,Federal Contract Tower,0,9,29,0,38,0,0,9,0,9,0,9,38,0,47,0,0,0,47
09/16/2009,LZU,GA,ASO,ES,Federal Contract Tower,0,7,18,0,25,0,3,25,0,28,0,10,43,0,53,22,0,22,75
09/17/2009,LZU,GA,ASO,ES,Federal Contract Tower,0,12,35,0,47,0,0,3,0,3,0,12,38,0,50,16,0,16,66
09/18/2009,LZU,GA,ASO,ES,Federal Contract Tower,0,7,43,0,50,0,1,12,0,13,0,8,55,0,63,20,0,20,83
09/19/2009,LZU,GA,ASO,ES,Federal Contract Tower,0,2,15,0,17,0,0,0,0,0,0,2,15,0,17,0,0,0,17
09/20/2009,LZU,GA,ASO,ES,Federal Contract Tower,0,2,11,0,13,0,0,0,0,0,0,2,11,0,13,0,0,0,13
09/21/2009,LZU,GA,ASO,ES,Federal Contract Tower,0,10,16,0,26,0,1,0,0,1,0,11,16,0,27,0,0,0,27
09/22/2009,LZU,GA,ASO,ES,Federal Contract Tower,0,7,31,0,38,0,3,49,0,52,0,10,80,0,90,62,0,62,152
09/23/2009,LZU,GA,ASO,ES,Federal Contract Tower,0,6,39,0,45,0,3,67,0,70,0,9,106,0,115,56,0,56,171
09/24/2009,LZU,GA,ASO,ES,Federal Contract Tower,0,6,50,2,58,0,4,91,0,95,0,10,141,2,153,54,0,54,207
09/25/2009,LZU,GA,ASO,ES,Federal Contract Tower,0,16,35,0,51,0,7,108,0,115,0,23,143,0,166,182,0,182,348
09/26/2009,LZU,GA,ASO,ES,Federal Contract Tower,0,4,11,0,15,0,0,0,0,0,0,4,11,0,15,0,0,0,15
09/27/2009,LZU,GA,ASO,ES,Federal Contract Tower,0,3,30,1,34,0,0,90,0,90,0,3,120,1,124,108,0,108,232
09/28/2009,LZU,GA,ASO,ES,Federal Contract Tower,0,5,30,0,35,0,3,62,0,65,0,8,92,0,100,14,0,14,114
09/29/2009,LZU,GA,ASO,ES,Federal Contract Tower,0,3,36,0,39,0,6,136,0,142,0,9,172,0,181,148,0,148,329
09/30/2009,LZU,GA,ASO,ES,Federal Contract Tower,0,10,34,0,44,0,3,173,8,184,0,13,207,8,228,132,0,132,360
10/01/2009,LZU,GA,ASO,ES,Federal Contract Tower,0,10,34,0,44,0,5,156,0,161,0,15,190,0,205,166,0,166,371
10/02/2009,LZU,GA,ASO,ES,Federal Contract Tower,0,14,33,0,47,0,4,69,0,73,0,18,102,0,120,94,0,94,214
10/03/2009,LZU,GA,ASO,ES,Federal Contract Tower,0,1,30,0,31,0,0,184,0,184,0,1,214,0,215,115,0,115,330
10/04/2009,LZU,GA,ASO,ES,Federal Contract Tower,0,5,24,0,29,0,0,116,0,116,0,5,140,0,145,88,0,88,233
10/05/2009,LZU,GA,ASO,ES,Federal Contract Tower,0,12,32,0,44,0,0,0,0,0,0,12,32,0,44,0,0,0,44
10/06/2009,LZU,GA,ASO,ES,Federal Contract Tower,0,9,29,0,38,0,0,0,0,0,0,9,29,0,38,0,0,0,38
10/07/2009,LZU,GA,ASO,ES,Federal Contract Tower,0,8,28,0,36,0,4,65,0,69,0,12,93,0,105,30,0,30,135
10/08/2009,LZU,GA,ASO,ES,Federal Contract Tower,0,11,47,0,58,0,6,134,0,140,0,17,181,0,198,126,0,126,324
10/09/2009,LZU,GA,ASO,ES,Federal Contract Tower,0,11,36,0,47,0,3,35,0,38,0,14,71,0,85,62,0,62,147
10/10/2009,LZU,GA,ASO,ES,Federal Contract Tower,0,1,20,0,21,0,6,51,0,57,0,7,71,0,78,78,0,78,156
10/11/2009,LZU,GA,ASO,ES,Federal Contract Tower,0,4,40,0,44,0,0,81,0,81,0,4,121,0,125,106,0,106,231
10/12/2009,LZU,GA,ASO,ES,Federal Contract Tower,0,13,13,0,26,0,0,0,0,0,0,13,13,0,26,0,0,0,26
10/13/2009,LZU,GA,ASO,ES,Federal Contract Tower,0,12,34,0,46,0,4,101,0,105,0,16,135,0,151,128,0,128,279
10/14/2009,LZU,GA,ASO,ES,Federal Contract Tower,0,10,23,0,33,0,0,0,0,0,0,10,23,0,33,0,0,0,33
10/15/2009,LZU,GA,ASO,ES,Federal Contract Tower,0,18,42,0,60,0,0,0,0,0,0,18,42,0,60,0,0,0,60
10/16/2009,LZU,GA,ASO,ES,Federal Contract Tower,0,11,36,0,47,0,4,77,0,81,0,15,113,0,128,134,0,134,262
10/17/2009,LZU,GA,ASO,ES,Federal Contract Tower,0,3,26,2,31,0,0,10,0,10,0,3,36,2,41,20,0,20,61
10/18/2009,LZU,GA,ASO,ES,Federal Contract Tower,0,4,31,0,35,0,0,124,0,124,0,4,155,0,159,122,0,122,281
10/19/2009,LZU,GA,ASO,ES,Federal Contract Tower,0,5,19,0,24,0,0,105,0,105,0,5,124,0,129,132,0,132,261
10/20/2009,LZU,GA,ASO,ES,Federal Contract Tower,0,6,33,0,39,0,4,140,0,144,0,10,173,0,183,94,0,94,277
10/21/2009,LZU,GA,ASO,ES,Federal Contract Tower,0,5,39,0,44,0,4,129,0,133,0,9,168,0,177,134,0,134,311
10/22/2009,LZU,GA,ASO,ES,Federal Contract Tower,0,5,52,0,57,0,3,100,0,103,0,8,152,0,160,172,6,178,338
10/23/2009,LZU,GA,ASO,ES,Federal Contract Tower,0,12,37,0,49,0,0,3,0,3,0,12,40,0,52,0,0,0,52
10/24/2009,LZU,GA,ASO,ES,Federal Contract Tower,0,1,35,0,36,0,0,29,0,29,0,1,64,0,65,36,0,36,101
10/25/2009,LZU,GA,ASO,ES,Federal Contract Tower,0,2,32,0,34,0,1,143,0,144,0,3,175,0,178,82,0,82,260
10/26/2009,LZU,GA,ASO,ES,Federal Contract Tower,0,14,24,0,38,0,1,45,0,46,0,15,69,0,84,98,0,98,182
10/27/2009,LZU,GA,ASO,ES,Federal Contract Tower,0,7,13,0,20,0,0,0,0,0,0,7,13,0,20,0,0,0,20
10/28/2009,LZU,GA,ASO,ES,Federal Contract Tower,0,12,37,0,49,0,3,104,0,107,0,15,141,0,156,64,0,64,220
10/29/2009,LZU,GA,ASO,ES,Federal Contract Tower,0,5,32,2,39,0,4,119,0,123,0,9,151,2,162,136,0,136,298
10/30/2009,LZU,GA,ASO,ES,Federal Contract Tower,0,8,12,0,20,0,0,0,0,0,0,8,12,0,20,0,0,0,20
10/31/2009,LZU,GA,ASO,ES,Federal Contract Tower,0,2,11,0,13,0,0,0,0,0,0,2,11,0,13,0,0,0,13
11/01/2009,LZU,GA,ASO,ES,Federal Contract Tower,0,6,33,0,39,0,1,110,0,111,0,7,143,0,150,66,0,66,216
11/02/2009,LZU,GA,ASO,ES,Federal Contract Tower,0,8,42,0,50,0,4,56,0,60,0,12,98,0,110,80,0,80,190
11/03/2009,LZU,GA,ASO,ES,Federal Contract Tower,0,7,55,0,62,0,6,135,0,141,0,13,190,0,203,174,0,174,377
11/04/2009,LZU,GA,ASO,ES,Federal Contract Tower,0,10,37,0,47,0,5,104,0,109,0,15,141,0,156,124,0,124,280
11/05/2009,LZU,GA,ASO,ES,Federal Contract Tower,0,2,47,0,49,0,5,104,0,109,0,7,151,0,158,60,0,60,218
11/06/2009,LZU,GA,ASO,ES,Federal Contract Tower,0,12,45,0,57,0,1,129,0,130,0,13,174,0,187,38,0,38,225
11/07/2009,LZU,GA,ASO,ES,Federal Contract Tower,0,7,20,0,27,0,0,186,0,186,0,7,206,0,213,96,0,96,309
11/08/2009,LZU,GA,ASO,ES,Federal Contract Tower,0,8,32,0,40,0,1,177,0,178,0,9,209,0,218,116,0,116,334
11/09/2009,LZU,GA,ASO,ES,Federal Contract Tower,0,11,25,0,36,0,1,48,0,49,0,12,73,0,85,70,0,70,155
11/10/2009,LZU,GA,ASO,ES,Federal Contract Tower,0,12,11,0,23,0,0,0,0,0,0,12,11,0,23,0,0,0,23
11/11/2009,LZU,GA,ASO,ES,Federal Contract Tower,0,12,24,0,36,0,0,9,0,9,0,12,33,0,45,4,0,4,49
11/12/2009,LZU,GA,ASO,ES,Federal Contract Tower,0,10,35,0,45,0,5,112,0,117,0,15,147,0,162,174,0,174,336
11/13/2009,LZU,GA,ASO,ES,Federal Contract Tower,0,10,47,1,58,0,3,133,0,136,0,13,180,1,194,118,0,118,312
11/14/2009,LZU,GA,ASO,ES,Federal Contract Tower,0,1,25,0,26,0,0,182,0,182,0,1,207,0,208,126,0,126,334
11/15/2009,LZU,GA,ASO,ES,Federal Contract Tower,0,1,33,0,34,0,0,165,0,165,0,1,198,0,199,124,0,124,323
11/16/2009,LZU,GA,ASO,ES,Federal Contract Tower,0,6,27,0,33,0,2,110,0,112,0,8,137,0,145,52,2,54,199
11/17/2009,LZU,GA,ASO,ES,Federal Contract Tower,0,7,37,0,44,0,1,47,0,48,0,8,84,0,92,62,0,62,154
11/18/2009,LZU,GA,ASO,ES,Federal Contract Tower,0,14,29,0,43,0,0,0,0,0,0,14,29,0,43,0,0,0,43
11/19/2009,LZU,GA,ASO,ES,Federal Contract Tower,0,9,28,2,39,0,2,123,0,125,0,11,151,2,164,184,0,184,348
11/20/2009,LZU,GA,ASO,ES,Federal Contract Tower,0,6,34,0,40,0,1,144,0,145,0,7,178,0,185,104,0,104,289
11/21/2009,LZU,GA,ASO,ES,Federal Contract Tower,0,4,26,0,30,0,0,233,0,233,0,4,259,0,263,128,0,128,391
11/22/2009,LZU,GA,ASO,ES,Federal Contract Tower,0,5,24,0,29,0,0,0,0,0,0,5,24,0,29,0,0,0,29
11/23/2009,LZU,GA,ASO,ES,Federal Contract Tower,0,8,28,0,36,0,0,1,0,1,0,8,29,0,37,0,0,0,37
11/24/2009,LZU,GA,ASO,ES,Federal Contract Tower,0,14,68,2,84,0,11,26,0,37,0,25,94,2,121,58,0,58,179
11/25/2009,LZU,GA,ASO,ES,Federal Contract Tower,0,9,59,0,68,0,4,82,0,86,0,13,141,0,154,30,0,30,184
11/26/2009,LZU,GA,ASO,ES,Federal Contract Tower,0,3,13,0,16,0,0,39,0,39,0,3,52,0,55,0,0,0,55
11/27/2009,LZU,GA,ASO,ES,Federal Contract Tower,0,13,20,0,33,0,4,67,0,71,0,17,87,0,104,62,0,62,166
11/28/2009,LZU,GA,ASO,ES,Federal Contract Tower,0,4,32,0,36,0,0,170,0,170,0,4,202,0,206,134,0,134,340
11/29/2009,LZU,GA,ASO,ES,Federal Contract Tower,0,7,36,0,43,0,0,152,0,152,0,7,188,0,195,100,0,100,295
11/30/2009,LZU,GA,ASO,ES,Federal Contract Tower,0,8,43,0,51,0,1,10,0,11,0,9,53,0,62,0,0,0,62
12/01/2009,LZU,GA,ASO,ES,Federal Contract Tower,0,8,33,1,42,2,121,1,0,124,2,129,34,1,166,76,0,76,242
12/02/2009,LZU,GA,ASO,ES,Federal Contract Tower,0,5,21,0,26,0,0,0,0,0,0,5,21,0,26,0,0,0,26
12/03/2009,LZU,GA,ASO,ES,Federal Contract Tower,0,15,53,0,68,0,1,71,0,72,0,16,124,0,140,74,0,74,214
12/04/2009,LZU,GA,ASO,ES,Federal Contract Tower,0,16,50,0,66,0,2,72,0,74,0,18,122,0,140,116,0,116,256
12/05/2009,LZU,GA,ASO,ES,Federal Contract Tower,0,10,17,0,27,0,0,40,0,40,0,10,57,0,67,34,0,34,101
12/06/2009,LZU,GA,ASO,ES,Federal Contract Tower,0,11,37,0,48,0,0,84,0,84,0,11,121,0,132,116,0,116,248
12/07/2009,LZU,GA,ASO,ES,Federal Contract Tower,0,14,50,0,64,0,1,32,0,33,0,15,82,0,97,34,0,34,131
12/08/2009,LZU,GA,ASO,ES,Federal Contract Tower,0,12,21,0,33,0,0,0,0,0,0,12,21,0,33,10,0,10,43
12/09/2009,LZU,GA,ASO,ES,Federal Contract Tower,0,8,23,1,32,0,2,30,0,32,0,10,53,1,64,12,0,12,76
12/10/2009,LZU,GA,ASO,ES,Federal Contract Tower,0,7,59,0,66,0,4,62,0,66,0,11,121,0,132,64,0,64,196
12/11/2009,LZU,GA,ASO,ES,Federal Contract Tower,0,9,51,0,60,0,4,91,0,95,0,13,142,0,155,36,0,36,191
12/12/2009,LZU,GA,ASO,ES,Federal Contract Tower,0,2,11,0,13,0,0,40,0,40,0,2,51,0,53,104,2,106,159
12/13/2009,LZU,GA,ASO,ES,Federal Contract Tower,0,0,23,0,23,0,0,0,0,0,0,0,23,0,23,0,0,0,23
12/14/2009,LZU,GA,ASO,ES,Federal Contract Tower,0,9,34,0,43,0,0,0,0,0,0,9,34,0,43,0,0,0,43
12/15/2009,LZU,GA,ASO,ES,Federal Contract Tower,0,19,48,0,67,0,0,17,0,17,0,19,65,0,84,18,0,18,102
12/16/2009,LZU,GA,ASO,ES,Federal Contract Tower,0,9,55,1,65,0,4,93,0,97,0,13,148,1,162,62,0,62,224
12/17/2009,LZU,GA,ASO,ES,Federal Contract Tower,0,5,52,1,58,0,1,96,0,97,0,6,148,1,155,86,0,86,241
12/18/2009,LZU,GA,ASO,ES,Federal Contract Tower,0,16,23,0,39,0,0,0,0,0,0,16,23,0,39,0,0,0,39
12/19/2009,LZU,GA,ASO,ES,Federal Contract Tower,0,8,31,0,39,0,0,25,0,25,0,8,56,0,64,18,0,18,82
12/20/2009,LZU,GA,ASO,ES,Federal Contract Tower,0,5,21,0,26,0,1,61,0,62,0,6,82,0,88,48,0,48,136
12/21/2009,LZU,GA,ASO,ES,Federal Contract Tower,0,9,37,0,46,0,4,100,0,104,0,13,137,0,150,78,0,78,228
12/22/2009,LZU,GA,ASO,ES,Federal Contract Tower,0,9,29,0,38,0,2,108,0,110,0,11,137,0,148,52,0,52,200
12/23/2009,LZU,GA,ASO,ES,Federal Contract Tower,0,15,30,0,45,0,0,110,0,110,0,15,140,0,155,48,0,48,203
12/24/2009,LZU,GA,ASO,ES,Federal Contract Tower,0,8,10,0,18,0,0,14,0,14,0,8,24,0,32,2,0,2,34
12/25/2009,LZU,GA,ASO,ES,Federal Contract Tower,0,4,6,0,10,0,0,6,0,6,0,4,12,0,16,0,0,0,16
12/26/2009,LZU,GA,ASO,ES,Federal Contract Tower,0,6,30,0,36,0,0,95,0,95,0,6,125,0,131,50,4,54,185
12/27/2009,LZU,GA,ASO,ES,Federal Contract Tower,0,4,30,0,34,0,0,94,0,94,0,4,124,0,128,52,0,52,180
12/28/2009,LZU,GA,ASO,ES,Federal Contract Tower,0,10,17,1,28,0,0,32,1,33,0,10,49,2,61,20,0,20,81
12/29/2009,LZU,GA,ASO,ES,Federal Contract Tower,0,12,27,1,40,0,4,97,1,102,0,16,124,2,142,12,0,12,154
12/30/2009,LZU,GA,ASO,ES,Federal Contract Tower,0,8,26,0,34,0,3,80,0,83,0,11,106,0,117,16,0,16,133
12/31/2009,LZU,GA,ASO,ES,Federal Contract Tower,0,11,12,0,23,0,0,0,0,0,0,11,12,0,23,0,0,0,23
01/01/2010,LZU,GA,ASO,ES,Federal Contract Tower,0,7,7,0,14,0,0,9,0,9,0,7,16,0,23,0,0,0,23
01/02/2010,LZU,GA,ASO,ES,Federal Contract Tower,0,1,23,1,25,0,0,78,0,78,0,1,101,1,103,64,0,64,167
01/03/2010,LZU,GA,ASO,ES,Federal Contract Tower,0,0,20,0,20,0,9,80,0,89,0,9,100,0,109,32,0,32,141
01/04/2010,LZU,GA,ASO,ES,Federal Contract Tower,0,5,22,0,27,0,2,52,0,54,0,7,74,0,81,112,0,112,193
01/05/2010,LZU,GA,ASO,ES,Federal Contract Tower,0,10,22,0,32,0,4,61,0,65,0,14,83,0,97,68,0,68,165
01/06/2010,LZU,GA,ASO,ES,Federal Contract Tower,0,8,35,0,43,0,4,80,0,84,0,12,115,0,127,46,0,46,173
01/07/2010,LZU,GA,ASO,ES,Federal Contract Tower,0,9,17,1,27,0,1,45,0,46,0,10,62,1,73,42,0,42,115
01/08/2010,LZU,GA,ASO,ES,Federal Contract Tower,0,6,15,0,21,0,2,12,0,14,0,8,27,0,35,14,0,14,49
01/09/2010,LZU,GA,ASO,ES,Federal Contract Tower,0,1,17,0,18,0,0,55,0,55,0,1,72,0,73,98,0,98,171
01/10/2010,LZU,GA,ASO,ES,Federal Contract Tower,0,2,25,0,27,0,0,76,0,76,0,2,101,0,103,28,0,28,131
01/11/2010,LZU,GA,ASO,ES,Federal Contract Tower,0,9,15,0,24,0,1,55,0,56,0,10,70,0,80,32,0,32,112
01/12/2010,LZU,GA,ASO,ES,Federal Contract Tower,0,16,36,0,52,0,4,52,0,56,0,20,88,0,108,34,0,34,142
01/13/2010,LZU,GA,ASO,ES,Federal Contract Tower,0,14,27,0,41,0,4,107,0,111,0,18,134,0,152,80,0,80,232
01/14/2010,LZU,GA,ASO,ES,Federal Contract Tower,0,9,20,0,29,0,1,103,0,104,0,10,123,0,133,70,0,70,203
01/15/2010,LZU,GA,ASO,ES,Federal Contract Tower,0,9,28,0,37,0,4,98,0,102,0,13,126,0,139,114,0,114,253
01/16/2010,LZU,GA,ASO,ES,Federal Contract Tower,0,7,23,0,30,0,0,34,0,34,0,7,57,0,64,60,0,60,124
01/17/2010,LZU,GA,ASO,ES,Federal Contract Tower,0,3,16,0,19,0,0,0,0,0,0,3,16,0,19,0,0,0,19
01/18/2010,LZU,GA,ASO,ES,Federal Contract Tower,0,6,29,0,35,0,2,138,0,140,0,8,167,0,175,132,0,132,307
01/19/2010,LZU,GA,ASO,ES,Federal Contract Tower,0,5,31,0,36,0,4,109,0,113,0,9,140,0,149,126,0,126,275
01/20/2010,LZU,GA,ASO,ES,Federal Contract Tower,0,15,33,0,48,0,1,85,0,86,0,16,118,0,134,114,0,114,248
01/21/2010,LZU,GA,ASO,ES,Federal Contract Tower,0,11,19,0,30,0,0,0,0,0,0,11,19,0,30,0,0,0,30
01/22/2010,LZU,GA,ASO,ES,Federal Contract Tower,0,10,40,0,50,0,2,14,0,16,0,12,54,0,66,34,0,34,100
01/23/2010,LZU,GA,ASO,ES,Federal Contract Tower,0,3,19,0,22,0,0,0,0,0,0,3,19,0,22,0,0,0,22
01/24/2010,LZU,GA,ASO,ES,Federal Contract Tower,0,2,6,0,8,0,0,0,0,0,0,2,6,0,8,0,0,0,8
01/25/2010,LZU,GA,ASO,ES,Federal Contract Tower,0,6,26,0,32,0,8,45,0,53,0,14,71,0,85,18,0,18,103
01/26/2010,LZU,GA,ASO,ES,Federal Contract Tower,0,9,37,2,48,0,3,68,0,71,0,12,105,2,119,22,0,22,141
01/27/2010,LZU,GA,ASO,ES,Federal Contract Tower,0,9,42,0,51,0,3,131,2,136,0,12,173,2,187,98,0,98,285
01/28/2010,LZU,GA,ASO,ES,Federal Contract Tower,0,13,33,1,47,0,5,122,1,128,0,18,155,2,175,64,0,64,239
01/29/2010,LZU,GA,ASO,ES,Federal Contract Tower,0,9,24,2,35,0,3,49,0,52,0,12,73,2,87,22,0,22,109
01/30/2010,LZU,GA,ASO,ES,Federal Contract Tower,0,0,5,0,5,0,0,0,0,0,0,0,5,0,5,0,0,0,5
01/31/2010,LZU,GA,ASO,ES,Federal Contract Tower,0,5,15,0,20,0,0,107,0,107,0,5,122,0,127,74,0,74,201
02/01/2010,LZU,GA,ASO,ES,Federal Contract Tower,0,14,18,0,32,0,3,121,0,124,0,17,139,0,156,138,0,138,294
02/02/2010,LZU,GA,ASO,ES,Federal Contract Tower,0,12,33,0,45,0,0,7,0,7,0,12,40,0,52,8,0,8,60
02/03/2010,LZU,GA,ASO,ES,Federal Contract Tower,0,7,51,0,58,0,3,153,0,156,0,10,204,0,214,116,0,116,330
02/04/2010,LZU,GA,ASO,ES,Federal Contract Tower,0,10,25,0,35,0,2,9,0,11,0,12,34,0,46,20,0,20,66
02/05/2010,LZU,GA,ASO,ES,Federal Contract Tower,0,13,14,0,27,0,0,0,0,0,0,13,14,0,27,0,0,0,27
02/06/2010,LZU,GA,ASO,ES,Federal Contract Tower,0,3,14,0,17,0,0,24,0,24,0,3,38,0,41,76,0,76,117
02/07/2010,LZU,GA,ASO,ES,Federal Contract Tower,0,3,24,1,28,0,1,180,0,181,0,4,204,1,209,150,0,150,359
02/08/2010,LZU,GA,ASO,ES,Federal Contract Tower,0,9,38,0,47,0,1,102,0,103,0,10,140,0,150,42,0,42,192
02/09/2010,LZU,GA,ASO,ES,Federal Contract Tower,0,9,12,0,21,0,0,0,0,0,0,9,12,0,21,0,0,0,21
02/10/2010,LZU,GA,ASO,ES,Federal Contract Tower,0,11,15,6,32,0,1,8,0,9,0,12,23,6,41,32,0,32,73
02/11/2010,LZU,GA,ASO,ES,Federal Contract Tower,0,12,31,0,43,0,2,108,0,110,0,14,139,0,153,72,0,72,225
02/12/2010,LZU,GA,ASO,ES,Federal Contract Tower,10,44,23,0,77,0,0,67,0,67,10,44,90,0,144,112,0,112,256
02/13/2010,LZU,GA,ASO,ES,Federal Contract Tower,0,0,15,0,15,0,0,34,0,34,0,0,49,0,49,60,0,60,109
02/14/2010,LZU,GA,ASO,ES,Federal Contract Tower,0,4,26,0,30,0,1,86,0,87,0,5,112,0,117,76,0,76,193
02/15/2010,LZU,GA,ASO,ES,Federal Contract Tower,0,10,19,0,29,0,1,27,0,28,0,11,46,0,57,42,0,42,99
02/16/2010,LZU,GA,ASO,ES,Federal Contract Tower,0,9,31,0,40,0,5,59,0,64,0,14,90,0,104,52,0,52,156
02/17/2010,LZU,GA,ASO,ES,Federal Contract Tower,0,10,33,0,43,0,3,66,0,69,0,13,99,0,112,52,0,52,164
02/18/2010,LZU,GA,ASO,ES,Federal Contract Tower,0,10,20,0,30,0,2,101,0,103,0,12,121,0,133,138,0,138,271
02/19/2010,LZU,GA,ASO,ES,Federal Contract Tower,0,7,37,0,44,0,6,130,0,136,0,13,167,0,180,174,0,174,354
02/20/2010,LZU,GA,ASO,ES,Federal Contract Tower,0,0,26,0,26,0,2,230,0,232,0,2,256,0,258,156,0,156,414
02/21/2010,LZU,GA,ASO,ES,Federal Contract Tower,0,5,28,0,33,0,0,165,0,165,0,5,193,0,198,108,0,108,306
02/22/2010,LZU,GA,ASO,ES,Federal Contract Tower,0,11,28,0,39,0,0,3,0,3,0,11,31,0,42,0,0,0,42
02/23/2010,LZU,GA,ASO,ES,Federal Contract Tower,0,8,51,0,59,0,0,34,0,34,0,8,85,0,93,40,0,40,133
02/24/2010,LZU,GA,ASO,ES,Federal Contract Tower,0,9,32,0,41,0,3,51,2,56,0,12,83,2,97,77,0,77,174
02/25/2010,LZU,GA,ASO,ES,Federal Contract Tower,0,10,30,0,40,0,2,42,0,44,0,12,72,0,84,22,0,22,106
02/26/2010,LZU,GA,ASO,ES,Federal Contract Tower,0,12,26,0,38,0,0,94,2,96,0,12,120,2,134,26,0,26,160
02/27/2010,LZU,GA,ASO,ES,Federal Contract Tower,0,4,29,0,33,0,0,139,0,139,0,4,168,0,172,96,0,96,268
02/28/2010,LZU,GA,ASO,ES,Federal Contract Tower,0,1,18,0,19,0,3,78,0,81,0,4,96,0,100,22,0,22,122
03/01/2010,LZU,GA,ASO,ES,Federal Contract Tower,0,7,15,0,22,0,2,101,0,103,0,9,116,0,125,172,0,172,297
03/02/2010,LZU,GA,ASO,ES,Federal Contract Tower,0,9,11,0,20,0,0,0,0,0,0,9,11,0,20,0,0,0,20
03/03/2010,LZU,GA,ASO,ES,Federal Contract Tower,0,16,26,2,44,0,6,85,1,92,0,22,111,3,136,34,0,34,170
03/04/2010,LZU,GA,ASO,ES,Federal Contract Tower,0,12,31,0,43,0,2,116,0,118,0,14,147,0,161,110,0,110,271
03/05/2010,LZU,GA,ASO,ES,Federal Contract Tower,0,13,24,0,37,0,1,137,0,138,0,14,161,0,175,40,0,40,215
03/06/2010,LZU,GA,ASO,ES,Federal Contract Tower,0,8,20,0,28,0,2,189,0,191,0,10,209,0,219,134,0,134,353
03/07/2010,LZU,GA,ASO,ES,Federal Contract Tower,0,8,23,0,31,0,0,195,0,195,0,8,218,0,226,60,0,60,286
03/08/2010,LZU,GA,ASO,ES,Federal Contract Tower,0,10,35,0,45,0,1,115,0,116,0,11,150,0,161,64,0,64,225
03/09/2010,LZU,GA,ASO,ES,Federal Contract Tower,0,12,35,0,47,0,1,98,0,99,0,13,133,0,146,112,0,112,258
03/10/2010,LZU,GA,ASO,ES,Federal Contract Tower,0,10,14,0,24,0,0,0,0,0,0,10,14,0,24,0,0,0,24
03/11/2010,LZU,GA,ASO,ES,Federal Contract Tower,0,12,20,0,32,0,0,0,0,0,0,12,20,0,32,0,0,0,32
03/12/2010,LZU,GA,ASO,ES,Federal Contract Tower,0,13,34,0,47,0,0,0,0,0,0,13,34,0,47,2,0,2,49
03/13/2010,LZU,GA,ASO,ES,Federal Contract Tower,0,0,25,0,25,0,0,67,0,67,0,0,92,0,92,36,0,36,128
03/14/2010,LZU,GA,ASO,ES,Federal Contract Tower,0,3,46,0,49,0,0,20,0,20,0,3,66,0,69,12,0,12,81
03/15/2010,LZU,GA,ASO,ES,Federal Contract Tower,0,10,30,0,40,0,2,73,0,75,0,12,103,0,115,76,0,76,191
03/16/2010,LZU,GA,ASO,ES,Federal Contract Tower,0,18,33,0,51,0,0,146,0,146,0,18,179,0,197,152,0,152,349
03/17/2010,LZU,GA,ASO,ES,Federal Contract Tower,0,8,35,0,43,0,2,35,0,37,0,10,70,0,80,100,0,100,180
03/18/2010,LZU,GA,ASO,ES,Federal Contract Tower,0,12,34,0,46,0,1,120,0,121,0,13,154,0,167,104,0,104,271
03/19/2010,LZU,GA,ASO,ES,Federal Contract Tower,0,7,29,0,36,0,0,182,0,182,0,7,211,0,218,92,0,92,310
03/20/2010,LZU,GA,ASO,ES,Federal Contract Tower,0,2,20,0,22,0,0,287,0,287,0,2,307,0,309,127,0,127,436
03/21/2010,LZU,GA,ASO,ES,Federal Contract Tower,0,1,23,0,24,0,0,5,0,5,0,1,28,0,29,0,0,0,29
03/22/2010,LZU,GA,ASO,ES,Federal Contract Tower,0,15,16,0,31,0,0,17,0,17,0,15,33,0,48,22,0,22,70
03/23/2010,LZU,GA,ASO,ES,Federal Contract Tower,0,8,41,0,49,0,2,57,0,59,0,10,98,0,108,12,0,12,120
03/24/2010,LZU,GA,ASO,ES,Federal Contract Tower,0,11,43,0,54,0,1,180,0,181,0,12,223,0,235,134,0,134,369
03/25/2010,LZU,GA,ASO,ES,Federal Contract Tower,0,16,41,0,57,0,0,41,0,41,0,16,82,0,98,48,2,50,148
03/26/2010,LZU,GA,ASO,ES,Federal Contract Tower,0,11,44,0,55,0,1,44,4,49,0,12,88,4,104,4,0,4,108
03/27/2010,LZU,GA,ASO,ES,Federal Contract Tower,0,2,23,0,25,0,0,148,0,148,0,2,171,0,173,28,0,28,201
03/28/2010,LZU,GA,ASO,ES,Federal Contract Tower,0,2,22,0,24,0,0,5,0,5,0,2,27,0,29,14,0,14,43
03/29/2010,LZU,GA,ASO,ES,Federal Contract Tower,0,15,33,0,48,0,0,73,0,73,0,15,106,0,121,40,0,40,161
03/30/2010,LZU,GA,ASO,ES,Federal Contract Tower,0,10,39,0,49,0,0,123,2,125,0,10,162,2,174,122,0,122,296
03/31/2010,LZU,GA,ASO,ES,Federal Contract Tower,0,11,40,0,51,0,3,132,0,135,0,14,172,0,186,168,0,168,354
04/01/2010,LZU,GA,ASO,ES,Federal Contract Tower,0,7,37,0,44,0,0,153,0,153,0,7,190,0,197,146,0,146,343
04/02/2010,LZU,GA,ASO,ES,Federal Contract Tower,0,12,24,0,36,0,2,191,0,193,0,14,215,0,229,156,0,156,385
04/03/2010,LZU,GA,ASO,ES,Federal Contract Tower,0,2,29,0,31,0,0,169,0,169,0,2,198,0,200,104,0,104,304
04/04/2010,LZU,GA,ASO,ES,Federal Contract Tower,0,5,20,0,25,0,0,73,0,73,0,5,93,0,98,68,0,68,166
04/05/2010,LZU,GA,ASO,ES,Federal Contract Tower,0,9,35,2,46,0,0,117,0,117,0,9,152,2,163,56,0,56,219
04/06/2010,LZU,GA,ASO,ES,Federal Contract Tower,0,11,27,2,40,0,1,108,0,109,0,12,135,2,149,120,0,120,269
04/07/2010,LZU,GA,ASO,ES,Federal Contract Tower,0,14,35,0,49,0,0,97,0,97,0,14,132,0,146,148,0,148,294
04/08/2010,LZU,GA,ASO,ES,Federal Contract Tower,0,14,29,0,43,0,0,16,0,16,0,14,45,0,59,4,0,4,63
04/09/2010,LZU,GA,ASO,ES,Federal Contract Tower,0,10,37,0,47,0,0,82,0,82,0,10,119,0,129,20,0,20,149
04/10/2010,LZU,GA,ASO,ES,Federal Contract Tower,0,5,24,0,29,0,0,161,0,161,0,5,185,0,190,136,0,136,326
04/11/2010,LZU,GA,ASO,ES,Federal Contract Tower,0,6,37,0,43,0,0,138,0,138,0,6,175,0,181,104,0,104,285
04/12/2010,LZU,GA,ASO,ES,Federal Contract Tower,0,10,24,0,34,0,0,110,0,110,0,10,134,0,144,130,0,130,274
04/13/2010,LZU,GA,ASO,ES,Federal Contract Tower,0,8,28,2,38,0,2,111,0,113,0,10,139,2,151,166,0,166,317
04/14/2010,LZU,GA,ASO,ES,Federal Contract Tower,0,13,33,0,46,0,1,134,0,135,0,14,167,0,181,140,0,140,321
04/15/2010,LZU,GA,ASO,ES,Federal Contract Tower,0,14,41,0,55,0,1,101,0,102,0,15,142,0,157,102,0,102,259
04/16/2010,LZU,GA,ASO,ES,Federal Contract Tower,0,9,24,0,33,0,0,148,0,148,0,9,172,0,181,100,0,100,281
04/17/2010,LZU,GA,ASO,ES,Federal Contract Tower,0,6,13,0,19,0,0,183,0,183,0,6,196,0,202,60,0,60,262
04/18/2010,LZU,GA,ASO,ES,Federal Contract Tower,0,3,24,0,27,0,0,140,0,140,0,3,164,0,167,96,0,96,263
04/19/2010,LZU,GA,ASO,ES,Federal Contract Tower,0,9,29,0,38,0,1,102,0,103,0,10,131,0,141,164,0,164,305
04/20/2010,LZU,GA,ASO,ES,Federal Contract Tower,0,8,40,0,48,0,0,21,0,21,0,8,61,0,69,20,0,20,89
04/21/2010,LZU,GA,ASO,ES,Federal Contract Tower,0,15,49,0,64,0,1,108,0,109,0,16,157,0,173,64,0,64,237
04/22/2010,LZU,GA,ASO,ES,Federal Contract Tower,0,10,37,2,49,0,1,145,0,146,0,11,182,2,195,68,0,68,263
04/23/2010,LZU,GA,ASO,ES,Federal Contract Tower,0,9,38,2,49,0,0,138,0,138,0,9,176,2,187,124,0,124,311
04/24/2010,LZU,GA,ASO,ES,Federal Contract Tower,0,2,14,0,16,0,0,3,0,3,0,2,17,0,19,10,0,10,29
04/25/2010,LZU,GA,ASO,ES,Federal Contract Tower,0,5,26,0,31,0,1,66,0,67,0,6,92,0,98,36,0,36,134
04/26/2010,LZU,GA,ASO,ES,Federal Contract Tower,0,13,25,0,38,0,1,37,0,38,0,14,62,0,76,30,0,30,106
04/27/2010,LZU,GA,ASO,ES,Federal Contract Tower,0,13,45,0,58,0,0,22,0,22,0,13,67,0,80,78,0,78,158
04/28/2010,LZU,GA,ASO,ES,Federal Contract Tower,0,11,43,0,54,0,1,100,2,103,0,12,143,2,157,80,0,80,237
04/29/2010,LZU,GA,ASO,ES,Federal Contract Tower,0,10,30,0,40,0,2,172,0,174,0,12,202,0,214,118,0,118,332
04/30/2010,LZU,GA,ASO,ES,Federal Contract Tower,0,9,44,0,53,0,1,126,0,127,0,10,170,0,180,102,0,102,282
05/01/2010,LZU,GA,ASO,ES,Federal Contract Tower,0,4,23,0,27,0,0,0,0,0,0,4,23,0,27,0,0,0,27
05/02/2010,LZU,GA,ASO,ES,Federal Contract Tower,0,4,52,0,56,0,3,50,0,53,0,7,102,0,109,36,0,36,145
05/03/2010,LZU,GA,ASO,ES,Federal Contract Tower,0,11,25,0,36,0,0,0,0,0,0,11,25,0,36,0,0,0,36
05/04/2010,LZU,GA,ASO,ES,Federal Contract Tower,0,10,28,0,38,0,1,115,0,116,0,11,143,0,154,96,0,96,250
05/05/2010,LZU,GA,ASO,ES,Federal Contract Tower,0,11,42,2,55,0,1,139,4,144,0,12,181,6,199,146,0,146,345
05/06/2010,LZU,GA,ASO,ES,Federal Contract Tower,0,16,41,0,57,0,0,119,0,119,0,16,160,0,176,198,0,198,374
05/07/2010,LZU,GA,ASO,ES,Federal Contract Tower,0,15,35,0,50,0,0,120,0,120,0,15,155,0,170,106,0,106,276
05/08/2010,LZU,GA,ASO,ES,Federal Contract Tower,0,2,23,0,25,0,2,90,0,92,0,4,113,0,117,62,0,62,179
05/09/2010,LZU,GA,ASO,ES,Federal Contract Tower,0,7,22,0,29,0,0,144,0,144,0,7,166,0,173,58,0,58,231
05/10/2010,LZU,GA,ASO,ES,Federal Contract Tower,0,11,37,0,48,0,2,78,0,80,0,13,115,0,128,88,0,88,216
05/11/2010,LZU,GA,ASO,ES,Federal Contract Tower,0,11,26,0,37,0,0,30,0,30,0,11,56,0,67,36,0,36,103
05/12/2010,LZU,GA,ASO,ES,Federal Contract Tower,0,12,45,2,59,0,0,70,0,70,0,12,115,2,129,110,0,110,239
05/13/2010,LZU,GA,ASO,ES,Federal Contract Tower,0,14,45,2,61,0,0,92,2,94,0,14,137,4,155,84,0,84,239
05/14/2010,LZU,GA,ASO,ES,Federal Contract Tower,0,11,37,0,48,122,0,0,0,122,122,11,37,0,170,50,0,50,220
05/15/2010,LZU,GA,ASO,ES,Federal Contract Tower,0,2,22,0,24,0,0,191,0,191,0,2,213,0,215,70,0,70,285
05/16/2010,LZU,GA,ASO,ES,Federal Contract Tower,0,9,25,0,34,0,0,105,0,105,0,9,130,0,139,156,0,156,295
05/17/2010,LZU,GA,ASO,ES,Federal Contract Tower,0,11,37,0,48,0,2,36,0,38,0,13,73,0,86,36,0,36,122
05/18/2010,LZU,GA,ASO,ES,Federal Contract Tower,0,7,28,0,35,0,4,73,0,77,0,11,101,0,112,54,0,54,166
05/19/2010,LZU,GA,ASO,ES,Federal Contract Tower,0,10,34,0,44,0,0,102,0,102,0,10,136,0,146,74,0,74,220
05/20/2010,LZU,GA,ASO,ES,Federal Contract Tower,0,16,35,0,51,0,1,100,1,102,0,17,135,1,153,82,0,82,235
05/21/2010,LZU,GA,ASO,ES,Federal Contract Tower,0,10,40,0,50,0,1,20,0,21,0,11,60,0,71,22,0,22,93
05/22/2010,LZU,GA,ASO,ES,Federal Contract Tower,0,4,47,0,51,0,2,39,0,41,0,6,86,0,92,10,0,10,102
05/23/2010,LZU,GA,ASO,ES,Federal Contract Tower,0,5,26,0,31,0,0,140,0,140,0,5,166,0,171,100,0,100,271
05/24/2010,LZU,GA,ASO,ES,Federal Contract Tower,0,11,19,0,30,0,1,79,0,80,0,12,98,0,110,52,0,52,162
05/25/2010,LZU,GA,ASO,ES,Federal Contract Tower,0,19,32,2,53,0,2,59,0,61,0,21,91,2,114,30,0,30,144
05/26/2010,LZU,GA,ASO,ES,Federal Contract Tower,0,11,40,0,51,0,1,99,0,100,0,12,139,0,151,126,0,126,277
05/27/2010,LZU,GA,ASO,ES,Federal Contract Tower,0,16,36,2,54,0,0,135,0,135,0,16,171,2,189,64,0,64,253
05/28/2010,LZU,GA,ASO,ES,Federal Contract Tower,0,18,31,2,51,0,0,155,0,155,0,18,186,2,206,158,0,158,364
05/29/2010,LZU,GA,ASO,ES,Federal Contract Tower,0,3,28,0,31,0,0,60,0,60,0,3,88,0,91,28,0,28,119
05/30/2010,LZU,GA,ASO,ES,Federal Contract Tower,0,0,20,0,20,0,0,24,0,24,0,0,44,0,44,64,0,64,108
05/31/2010,LZU,GA,ASO,ES,Federal Contract Tower,0,4,33,0,37,0,0,24,0,24,0,4,57,0,61,36,0,36,97
06/01/2010,LZU,GA,ASO,ES,Federal Contract Tower,0,11,25,0,36,0,3,54,0,57,0,14,79,0,93,106,0,106,199
06/02/2010,LZU,GA,ASO,ES,Federal Contract Tower,0,12,24,0,36,0,1,58,0,59,0,13,82,0,95,104,0,104,199
06/03/2010,LZU,GA,ASO,ES,Federal Contract Tower,0,14,45,0,59,0,2,53,0,55,0,16,98,0,114,70,0,70,184
06/04/2010,LZU,GA,ASO,ES,Federal Contract Tower,0,11,32,0,43,0,6,109,0,115,0,17,141,0,158,54,0,54,212
06/05/2010,LZU,GA,ASO,ES,Federal Contract Tower,0,6,32,0,38,0,1,145,0,146,0,7,177,0,184,122,0,122,306
06/06/2010,LZU,GA,ASO,ES,Federal Contract Tower,0,3,21,0,24,0,0,75,0,75,0,3,96,0,99,68,0,68,167
06/07/2010,LZU,GA,ASO,ES,Federal Contract Tower,0,7,21,0,28,0,1,126,0,127,0,8,147,0,155,84,0,84,239
06/08/2010,LZU,GA,ASO,ES,Federal Contract Tower,0,13,31,0,44,0,1,124,0,125,0,14,155,0,169,134,0,134,303
06/09/2010,LZU,GA,ASO,ES,Federal Contract Tower,0,10,21,0,31,0,0,95,0,95,0,10,116,0,126,82,0,82,208
06/10/2010,LZU,GA,ASO,ES,Federal Contract Tower,0,16,46,0,62,0,1,114,0,115,0,17,160,0,177,30,0,30,207
06/11/2010,LZU,GA,ASO,ES,Federal Contract Tower,0,19,47,0,66,0,0,144,0,144,0,19,191,0,210,110,0,110,320
06/12/2010,LZU,GA,ASO,ES,Federal Contract Tower,0,7,38,0,45,0,0,223,0,223,0,7,261,0,268,62,0,62,330
06/13/2010,LZU,GA,ASO,ES,Federal Contract Tower,0,2,34,0,36,0,1,128,0,129,0,3,162,0,165,50,0,50,215
06/14/2010,LZU,GA,ASO,ES,Federal Contract Tower,0,16,57,0,73,0,0,86,0,86,0,16,143,0,159,106,0,106,265
06/15/2010,LZU,GA,ASO,ES,Federal Contract Tower,0,11,19,0,30,0,0,94,0,94,0,11,113,0,124,118,0,118,242
06/16/2010,LZU,GA,ASO,ES,Federal Contract Tower,0,10,32,0,42,0,9,75,0,84,0,19,107,0,126,22,0,22,148
06/17/2010,LZU,GA,ASO,ES,Federal Contract Tower,0,14,43,0,57,0,3,99,0,102,0,17,142,0,159,102,0,102,261
06/18/2010,LZU,GA,ASO,ES,Federal Contract Tower,0,11,30,0,41,0,1,108,0,109,0,12,138,0,150,24,0,24,174
06/19/2010,LZU,GA,ASO,ES,Federal Contract Tower,0,2,21,0,23,0,0,207,0,207,0,2,228,0,230,109,0,109,339
06/20/2010,LZU,GA,ASO,ES,Federal Contract Tower,0,1,26,3,30,0,5,146,0,151,0,6,172,3,181,174,0,174,355
06/21/2010,LZU,GA,ASO,ES,Federal Contract Tower,0,7,28,0,35,0,0,101,0,101,0,7,129,0,136,96,0,96,232
06/22/2010,LZU,GA,ASO,ES,Federal Contract Tower,0,11,36,2,49,0,0,121,0,121,0,11,157,2,170,104,0,104,274
06/23/2010,LZU,GA,ASO,ES,Federal Contract Tower,0,15,28,0,43,0,1,101,0,102,0,16,129,0,145,82,0,82,227
06/24/2010,LZU,GA,ASO,ES,Federal Contract Tower,0,9,37,0,46,0,1,97,0,98,0,10,134,0,144,60,0,60,204
06/25/2010,LZU,GA,ASO,ES,Federal Contract Tower,0,12,30,0,42,0,0,121,0,121,0,12,151,0,163,160,0,160,323
06/26/2010,LZU,GA,ASO,ES,Federal Contract Tower,0,1,33,0,34,0,0,163,0,163,0,1,196,0,197,74,0,74,271
06/27/2010,LZU,GA,ASO,ES,Federal Contract Tower,0,3,30,0,33,0,0,104,0,104,0,3,134,0,137,56,0,56,193
06/28/2010,LZU,GA,ASO,ES,Federal Contract Tower,0,10,25,0,35,0,0,84,0,84,0,10,109,0,119,86,0,86,205
06/29/2010,LZU,GA,ASO,ES,Federal Contract Tower,0,11,17,0,28,0,1,99,0,100,0,12,116,0,128,78,0,78,206
06/30/2010,LZU,GA,ASO,ES,Federal Contract Tower,0,13,47,0,60,0,1,86,0,87,0,14,133,0,147,54,0,54,201
07/01/2010,LZU,GA,ASO,ES,Federal Contract Tower,0,14,50,0,64,0,4,81,0,85,0,18,131,0,149,42,0,42,191
07/02/2010,LZU,GA,ASO,ES,Federal Contract Tower,0,14,47,0,61,0,0,54,0,54,0,14,101,0,115,26,0,26,141
07/03/2010,LZU,GA,ASO,ES,Federal Contract Tower,0,1,13,0,14,0,1,223,0,224,0,2,236,0,238,80,0,80,318
07/04/2010,LZU,GA,ASO,ES,Federal Contract Tower,0,1,16,0,17,0,0,84,0,84,0,1,100,0,101,66,0,66,167
07/05/2010,LZU,GA,ASO,ES,Federal Contract Tower,0,1,38,0,39,0,0,148,0,148,0,1,186,0,187,144,0,144,331
07/06/2010,LZU,GA,ASO,ES,Federal Contract Tower,0,8,28,0,36,0,0,99,0,99,0,8,127,0,135,142,0,142,277
07/07/2010,LZU,GA,ASO,ES,Federal Contract Tower,0,11,37,0,48,0,2,88,0,90,0,13,125,0,138,62,0,62,200
07/08/2010,LZU,GA,ASO,ES,Federal Contract Tower,0,10,27,0,37,0,1,111,0,112,0,11,138,0,149,82,0,82,231
07/09/2010,LZU,GA,ASO,ES,Federal Contract Tower,0,10,40,0,50,0,0,86,0,86,0,10,126,0,136,40,0,40,176
07/10/2010,LZU,GA,ASO,ES,Federal Contract Tower,0,3,25,0,28,0,0,132,0,132,0,3,157,0,160,48,0,48,208
07/11/2010,LZU,GA,ASO,ES,Federal Contract Tower,0,1,25,0,26,0,0,89,0,89,0,1,114,0,115,54,0,54,169
07/12/2010,LZU,GA,ASO,ES,Federal Contract Tower,0,10,21,0,31,0,0,33,0,33,0,10,54,0,64,38,0,38,102
07/13/2010,LZU,GA,ASO,ES,Federal Contract Tower,0,13,24,0,37,0,0,66,0,66,0,13,90,0,103,64,0,64,167
07/14/2010,LZU,GA,ASO,ES,Federal Contract Tower,0,10,33,0,43,0,2,75,0,77,0,12,108,0,120,56,0,56,176
07/15/2010,LZU,GA,ASO,ES,Federal Contract Tower,0,16,26,2,44,0,0,103,0,103,0,16,129,2,147,98,0,98,245
07/16/2010,LZU,GA,ASO,ES,Federal Contract Tower,0,17,36,0,53,0,0,74,0,74,0,17,110,0,127,68,0,68,195
07/17/2010,LZU,GA,ASO,ES,Federal Contract Tower,0,2,30,2,34,0,0,173,0,173,0,2,203,2,207,190,0,190,397
07/18/2010,LZU,GA,ASO,ES,Federal Contract Tower,0,2,36,0,38,0,0,72,0,72,0,2,108,0,110,46,0,46,156
07/19/2010,LZU,GA,ASO,ES,Federal Contract Tower,0,14,29,0,43,0,0,67,0,67,0,14,96,0,110,96,0,96,206
07/20/2010,LZU,GA,ASO,ES,Federal Contract Tower,0,11,34,0,45,0,1,115,0,116,0,12,149,0,161,86,0,86,247
07/21/2010,LZU,GA,ASO,ES,Federal Contract Tower,0,14,30,0,44,0,2,79,0,81,0,16,109,0,125,38,0,38,163
07/22/2010,LZU,GA,ASO,ES,Federal Contract Tower,0,12,34,0,46,0,3,134,0,137,0,15,168,0,183,74,0,74,257
07/23/2010,LZU,GA,ASO,ES,Federal Contract Tower,0,0,13,30,43,0,5,116,0,121,0,5,129,30,164,34,0,34,198
07/24/2010,LZU,GA,ASO,ES,Federal Contract Tower,0,3,28,0,31,0,1,155,0,156,0,4,183,0,187,110,0,110,297
07/25/2010,LZU,GA,ASO,ES,Federal Contract Tower,0,3,34,0,37,0,1,125,0,126,0,4,159,0,163,110,0,110,273
07/26/2010,LZU,GA,ASO,ES,Federal Contract Tower,0,6,35,0,41,0,1,54,0,55,0,7,89,0,96,30,0,30,126
07/27/2010,LZU,GA,ASO,ES,Federal Contract Tower,0,13,20,0,33,0,2,72,1,75,0,15,92,1,108,100,0,100,208
07/28/2010,LZU,GA,ASO,ES,Federal Contract Tower,0,13,32,0,45,0,6,72,0,78,0,19,104,0,123,110,0,110,233
07/29/2010,LZU,GA,ASO,ES,Federal Contract Tower,0,16,33,0,49,0,1,109,0,110,0,17,142,0,159,44,0,44,203
07/30/2010,LZU,GA,ASO,ES,Federal Contract Tower,0,9,44,2,55,0,0,97,0,97,0,9,141,2,152,88,0,88,240
07/31/2010,LZU,GA,ASO,ES,Federal Contract Tower,0,3,39,0,42,0,0,96,0,96,0,3,135,0,138,74,0,74,212
08/01/2010,LZU,GA,ASO,ES,Federal Contract Tower,0,6,25,0,31,0,0,102,0,102,0,6,127,0,133,66,0,66,199
08/02/2010,LZU,GA,ASO,ES,Federal Contract Tower,0,12,36,0,48,0,0,6,0,6,0,12,42,0,54,0,0,0,54
08/03/2010,LZU,GA,ASO,ES,Federal Contract Tower,0,16,45,2,63,0,0,66,0,66,0,16,111,2,129,58,0,58,187
08/04/2010,LZU,GA,ASO,ES,Federal Contract Tower,0,12,26,2,40,0,2,105,0,107,0,14,131,2,147,52,0,52,199
08/05/2010,LZU,GA,ASO,ES,Federal Contract Tower,0,10,23,0,33,0,2,114,0,116,0,12,137,0,149,122,0,122,271
08/06/2010,LZU,GA,ASO,ES,Federal Contract Tower,0,10,23,0,33,0,0,125,0,125,0,10,148,0,158,100,0,100,258
08/07/2010,LZU,GA,ASO,ES,Federal Contract Tower,0,4,23,0,27,0,1,106,0,107,0,5,129,0,134,60,0,60,194
08/08/2010,LZU,GA,ASO,ES,Federal Contract Tower,0,1,35,0,36,0,0,114,0,114,0,1,149,0,150,56,0,56,206
08/09/2010,LZU,GA,ASO,ES,Federal Contract Tower,0,9,21,0,30,0,2,88,0,90,0,11,109,0,120,76,0,76,196
08/10/2010,LZU,GA,ASO,ES,Federal Contract Tower,0,11,32,2,45,0,1,75,0,76,0,12,107,2,121,66,0,66,187
08/11/2010,LZU,GA,ASO,ES,Federal Contract Tower,0,9,30,0,39,0,0,91,0,91,0,9,121,0,130,72,0,72,202
08/12/2010,LZU,GA,ASO,ES,Federal Contract Tower,0,12,30,0,42,0,0,129,0,129,0,12,159,0,171,58,0,58,229
08/13/2010,LZU,GA,ASO,ES,Federal Contract Tower,0,12,28,0,40,0,2,84,0,86,0,14,112,0,126,24,0,24,150
08/14/2010,LZU,GA,ASO,ES,Federal Contract Tower,0,2,35,0,37,0,0,10,0,10,0,2,45,0,47,20,0,20,67
08/15/2010,LZU,GA,ASO,ES,Federal Contract Tower,0,7,24,0,31,0,0,46,0,46,0,7,70,0,77,48,0,48,125
08/16/2010,LZU,GA,ASO,ES,Federal Contract Tower,0,11,38,0,49,0,0,34,0,34,0,11,72,0,83,102,0,102,185
08/17/2010,LZU,GA,ASO,ES,Federal Contract Tower,0,14,28,0,42,0,0,22,0,22,0,14,50,0,64,74,0,74,138
08/18/2010,LZU,GA,ASO,ES,Federal Contract Tower,0,12,36,2,50,0,0,75,2,77,0,12,111,4,127,70,0,70,197
08/19/2010,LZU,GA,ASO,ES,Federal Contract Tower,0,13,34,0,47,0,0,73,0,73,0,13,107,0,120,96,0,96,216
08/20/2010,LZU,GA,ASO,ES,Federal Contract Tower,0,15,61,0,76,0,3,45,0,48,0,18,106,0,124,50,0,50,174
08/21/2010,LZU,GA,ASO,ES,Federal Contract Tower,0,3,21,0,24,0,0,17,0,17,0,3,38,0,41,14,0,14,55
08/22/2010,LZU,GA,ASO,ES,Federal Contract Tower,0,1,23,0,24,0,0,114,0,114,0,1,137,0,138,58,0,58,196
08/23/2010,LZU,GA,ASO,ES,Federal Contract Tower,0,11,36,0,47,0,2,76,0,78,0,13,112,0,125,56,0,56,181
08/24/2010,LZU,GA,ASO,ES,Federal Contract Tower,0,14,37,0,51,0,3,109,0,112,0,17,146,0,163,62,0,62,225
08/25/2010,LZU,GA,ASO,ES,Federal Contract Tower,0,10,39,0,49,0,0,57,0,57,0,10,96,0,106,76,0,76,182
08/26/2010,LZU,GA,ASO,ES,Federal Contract Tower,0,11,54,0,65,0,2,56,0,58,0,13,110,0,123,62,0,62,185
08/27/2010,LZU,GA,ASO,ES,Federal Contract Tower,0,16,36,0,52,0,2,102,0,104,0,18,138,0,156,62,0,62,218
08/28/2010,LZU,GA,ASO,ES,Federal Contract Tower,0,3,30,2,35,0,1,110,2,113,0,4,140,4,148,18,0,18,166
08/29/2010,LZU,GA,ASO,ES,Federal Contract Tower,0,4,31,0,35,0,0,81,0,81,0,4,112,0,116,2,0,2,118
08/30/2010,LZU,GA,ASO,ES,Federal Contract Tower,0,10,30,0,40,0,1,87,0,88,0,11,117,0,128,66,0,66,194
08/31/2010,LZU,GA,ASO,ES,Federal Contract Tower,0,14,35,4,53,0,5,95,0,100,0,19,130,4,153,46,0,46,199
09/01/2010,LZU,GA,ASO,ES,Federal Contract Tower,0,9,28,0,37,0,1,119,0,120,0,10,147,0,157,94,0,94,251
09/02/2010,LZU,GA,ASO,ES,Federal Contract Tower,0,11,31,0,42,0,5,95,0,100,0,16,126,0,142,42,0,42,184
09/03/2010,LZU,GA,ASO,ES,Federal Contract Tower,0,13,37,0,50,0,0,114,0,114,0,13,151,0,164,112,0,112,276
09/04/2010,LZU,GA,ASO,ES,Federal Contract Tower,0,7,19,0,26,0,3,169,0,172,0,10,188,0,198,26,0,26,224
09/05/2010,LZU,GA,ASO,ES,Federal Contract Tower,0,3,14,0,17,0,2,113,0,115,0,5,127,0,132,56,0,56,188
09/06/2010,LZU,GA,ASO,ES,Federal Contract Tower,0,5,25,0,30,0,0,182,0,182,0,5,207,0,212,148,0,148,360
09/07/2010,LZU,GA,ASO,ES,Federal Contract Tower,0,10,30,0,40,0,4,78,0,82,0,14,108,0,122,38,0,38,160
09/08/2010,LZU,GA,ASO,ES,Federal Contract Tower,0,12,33,2,47,0,4,68,0,72,0,16,101,2,119,50,0,50,169
09/09/2010,LZU,GA,ASO,ES,Federal Contract Tower,0,14,27,0,41,0,0,83,0,83,0,14,110,0,124,62,0,62,186
09/10/2010,LZU,GA,ASO,ES,Federal Contract Tower,0,17,27,7,51,0,0,109,0,109,0,17,136,7,160,54,0,54,214
09/11/2010,LZU,GA,ASO,ES,Federal Contract Tower,0,4,15,0,19,0,0,110,0,110,0,4,125,0,129,56,0,56,185
09/12/2010,LZU,GA,ASO,ES,Federal Contract Tower,0,2,21,0,23,0,1,118,0,119,0,3,139,0,142,102,0,102,244
09/13/2010,LZU,GA,ASO,ES,Federal Contract Tower,0,15,27,0,42,0,11,101,0,112,0,26,128,0,154,52,0,52,206
09/14/2010,LZU,GA,ASO,ES,Federal Contract Tower,0,9,27,0,36,0,0,85,0,85,0,9,112,0,121,58,0,58,179
09/15/2010,LZU,GA,ASO,ES,Federal Contract Tower,0,8,20,0,28,0,2,89,0,91,0,10,109,0,119,78,0,78,197
09/16/2010,LZU,GA,ASO,ES,Federal Contract Tower,0,9,29,0,38,0,1,77,0,78,0,10,106,0,116,16,0,16,132
09/17/2010,LZU,GA,ASO,ES,Federal Contract Tower,0,9,50,0,59,0,3,115,0,118,0,12,165,0,177,62,0,62,239
09/18/2010,LZU,GA,ASO,ES,Federal Contract Tower,0,6,16,0,22,0,0,240,0,240,0,6,256,0,262,92,0,92,354
09/19/2010,LZU,GA,ASO,ES,Federal Contract Tower,0,1,45,0,46,0,0,202,0,202,0,1,247,0,248,102,0,102,350
09/20/2010,LZU,GA,ASO,ES,Federal Contract Tower,0,9,20,0,29,0,1,77,0,78,0,10,97,0,107,90,0,90,197
09/21/2010,LZU,GA,ASO,ES,Federal Contract Tower,0,9,30,1,40,0,0,58,0,58,0,9,88,1,98,96,0,96,194
09/22/2010,LZU,GA,ASO,ES,Federal Contract Tower,0,9,27,2,38,0,0,74,0,74,0,9,101,2,112,114,0,114,226
09/23/2010,LZU,GA,ASO,ES,Federal Contract Tower,0,12,25,0,37,0,1,86,0,87,0,13,111,0,124,60,0,60,184
09/24/2010,LZU,GA,ASO,ES,Federal Contract Tower,0,14,23,0,37,0,0,112,0,112,0,14,135,0,149,94,0,94,243
09/25/2010,LZU,GA,ASO,ES,Federal Contract Tower,0,4,20,0,24,0,0,135,0,135,0,4,155,0,159,140,0,140,299
09/26/2010,LZU,GA,ASO,ES,Federal Contract Tower,0,4,22,0,26,0,0,7,0,7,0,4,29,0,33,12,0,12,45
09/27/2010,LZU,GA,ASO,ES,Federal Contract Tower,0,11,26,1,38,0,0,21,0,21,0,11,47,1,59,6,0,6,65
09/28/2010,LZU,GA,ASO,ES,Federal Contract Tower,0,14,36,2,52,0,1,80,0,81,0,15,116,2,133,64,0,64,197
09/29/2010,LZU,GA,ASO,ES,Federal Contract Tower,0,15,26,0,41,0,2,56,0,58,0,17,82,0,99,74,0,74,173
09/30/2010,LZU,GA,ASO,ES,Federal Contract Tower,0,11,57,0,68,0,0,72,0,72,0,11,129,0,140,34,0,34,174
10/01/2010,LZU,GA,ASO,ES,Federal Contract Tower,0,11,32,0,43,0,2,105,0,107,0,13,137,0,150,86,0,86,236
10/02/2010,LZU,GA,ASO,ES,Federal Contract Tower,0,2,19,0,21,0,0,173,0,173,0,2,192,0,194,66,0,66,260
10/03/2010,LZU,GA,ASO,ES,Federal Contract Tower,0,5,38,0,43,0,0,115,0,115,0,5,153,0,158,60,0,60,218
10/04/2010,LZU,GA,ASO,ES,Federal Contract Tower,0,6,33,0,39,0,3,69,0,72,0,9,102,0,111,66,0,66,177
10/05/2010,LZU,GA,ASO,ES,Federal Contract Tower,0,9,24,0,33,0,8,73,0,81,0,17,97,0,114,42,0,42,156
10/06/2010,LZU,GA,ASO,ES,Federal Contract Tower,0,12,31,0,43,0,1,94,0,95,0,13,125,0,138,56,0,56,194
10/07/2010,LZU,GA,ASO,ES,Federal Contract Tower,0,16,36,0,52,0,0,84,0,84,0,16,120,0,136,32,0,32,168
10/08/2010,LZU,GA,ASO,ES,Federal Contract Tower,0,10,37,0,47,0,4,128,2,134,0,14,165,2,181,34,0,34,215
10/09/2010,LZU,GA,ASO,ES,Federal Contract Tower,0,4,32,0,36,0,1,185,0,186,0,5,217,0,222,84,0,84,306
10/10/2010,LZU,GA,ASO,ES,Federal Contract Tower,0,5,34,0,39,0,0,118,0,118,0,5,152,0,157,46,0,46,203
10/11/2010,LZU,GA,ASO,ES,Federal Contract Tower,0,11,39,0,50,0,1,83,0,84,0,12,122,0,134,42,0,42,176
10/12/2010,LZU,GA,ASO,ES,Federal Contract Tower,0,9,26,0,35,0,1,86,0,87,0,10,112,0,122,50,0,50,172
10/13/2010,LZU,GA,ASO,ES,Federal Contract Tower,0,15,28,0,43,0,71,0,0,71,0,86,28,0,114,20,0,20,134
10/14/2010,LZU,GA,ASO,ES,Federal Contract Tower,0,14,23,0,37,0,0,72,0,72,0,14,95,0,109,90,0,90,199
10/15/2010,LZU,GA,ASO,ES,Federal Contract Tower,0,7,30,0,37,0,3,77,0,80,0,10,107,0,117,48,0,48,165
10/16/2010,LZU,GA,ASO,ES,Federal Contract Tower,0,2,19,0,21,0,0,206,0,206,0,2,225,0,227,94,0,94,321
10/17/2010,LZU,GA,ASO,ES,Federal Contract Tower,0,4,31,0,35,0,0,131,0,131,0,4,162,0,166,134,0,134,300
10/18/2010,LZU,GA,ASO,ES,Federal Contract Tower,0,13,37,0,50,0,4,98,0,102,0,17,135,0,152,78,0,78,230
10/19/2010,LZU,GA,ASO,ES,Federal Contract Tower,0,15,46,0,61,0,4,92,0,96,0,19,138,0,157,104,0,104,261
10/20/2010,LZU,GA,ASO,ES,Federal Contract Tower,0,14,32,0,46,0,0,57,0,57,0,14,89,0,103,44,0,44,147
10/21/2010,LZU,GA,ASO,ES,Federal Contract Tower,0,12,34,0,46,0,4,93,0,97,0,16,127,0,143,8,0,8,151
10/22/2010,LZU,GA,ASO,ES,Federal Contract Tower,0,15,40,0,55,0,4,124,0,128,0,19,164,0,183,50,0,50,233
10/23/2010,LZU,GA,ASO,ES,Federal Contract Tower,0,2,15,0,17,0,2,126,0,128,0,4,141,0,145,56,0,56,201
10/24/2010,LZU,GA,ASO,ES,Federal Contract Tower,0,2,34,0,36,0,2,107,0,109,0,4,141,0,145,94,0,94,239
10/25/2010,LZU,GA,ASO,ES,Federal Contract Tower,0,15,26,0,41,0,0,5,0,5,0,15,31,0,46,0,0,0,46
10/26/2010,LZU,GA,ASO,ES,Federal Contract Tower,0,13,38,0,51,0,0,12,0,12,0,13,50,0,63,8,0,8,71
10/27/2010,LZU,GA,ASO,ES,Federal Contract Tower,0,10,23,0,33,0,0,8,0,8,0,10,31,0,41,30,0,30,71
10/28/2010,LZU,GA,ASO,ES,Federal Contract Tower,0,22,48,0,70,0,0,79,0,79,0,22,127,0,149,40,0,40,189
10/29/2010,LZU,GA,ASO,ES,Federal Contract Tower,0,13,24,0,37,0,0,0,0,0,0,13,24,0,37,68,0,68,105
10/30/2010,LZU,GA,ASO,ES,Federal Contract Tower,0,3,15,0,18,0,1,161,0,162,0,4,176,0,180,58,0,58,238
10/31/2010,LZU,GA,ASO,ES,Federal Contract Tower,0,5,21,0,26,0,4,132,0,136,0,9,153,0,162,96,0,96,258
11/01/2010,LZU,GA,ASO,ES,Federal Contract Tower,0,9,27,0,36,0,3,73,0,76,0,12,100,0,112,30,0,30,142
11/02/2010,LZU,GA,ASO,ES,Federal Contract Tower,0,15,29,0,44,0,0,35,0,35,0,15,64,0,79,30,0,30,109
11/03/2010,LZU,GA,ASO,ES,Federal Contract Tower,0,10,24,0,34,0,0,0,0,0,0,10,24,0,34,0,0,0,34
11/04/2010,LZU,GA,ASO,ES,Federal Contract Tower,0,11,24,0,35,0,1,12,0,13,0,12,36,0,48,6,0,6,54
11/05/2010,LZU,GA,ASO,ES,Federal Contract Tower,0,13,23,0,36,0,2,63,0,65,0,15,86,0,101,12,0,12,113
11/06/2010,LZU,GA,ASO,ES,Federal Contract Tower,0,2,17,0,19,0,2,148,0,150,0,4,165,0,169,84,0,84,253
11/07/2010,LZU,GA,ASO,ES,Federal Contract Tower,0,4,15,0,19,0,1,131,0,132,0,5,146,0,151,36,0,36,187
11/08/2010,LZU,GA,ASO,ES,Federal Contract Tower,0,9,20,0,29,0,3,60,0,63,0,12,80,0,92,36,0,36,128
11/09/2010,LZU,GA,ASO,ES,Federal Contract Tower,0,13,38,0,51,0,2,89,0,91,0,15,127,0,142,24,0,24,166
11/10/2010,LZU,GA,ASO,ES,Federal Contract Tower,0,13,22,0,35,0,2,116,0,118,0,15,138,0,153,82,0,82,235
11/11/2010,LZU,GA,ASO,ES,Federal Contract Tower,0,15,39,0,54,0,2,135,0,137,0,17,174,0,191,260,0,260,451
11/12/2010,LZU,GA,ASO,ES,Federal Contract Tower,0,17,24,0,41,0,5,148,0,153,0,22,172,0,194,72,0,72,266
11/13/2010,LZU,GA,ASO,ES,Federal Contract Tower,0,6,14,0,20,0,1,205,0,206,0,7,219,0,226,60,0,60,286
11/14/2010,LZU,GA,ASO,ES,Federal Contract Tower,0,8,28,0,36,0,0,158,0,158,0,8,186,0,194,88,0,88,282
11/15/2010,LZU,GA,ASO,ES,Federal Contract Tower,0,14,25,0,39,0,0,0,0,0,0,14,25,0,39,0,0,0,39
11/16/2010,LZU,GA,ASO,ES,Federal Contract Tower,0,15,25,2,42,0,0,9,4,13,0,15,34,6,55,0,0,0,55
11/17/2010,LZU,GA,ASO,ES,Federal Contract Tower,0,9,27,0,36,0,1,99,0,100,0,10,126,0,136,54,0,54,190
11/18/2010,LZU,GA,ASO,ES,Federal Contract Tower,0,8,29,0,37,0,1,98,0,99,0,9,127,0,136,106,0,106,242
11/19/2010,LZU,GA,ASO,ES,Federal Contract Tower,0,12,38,0,50,0,0,174,0,174,0,12,212,0,224,152,0,152,376
11/20/2010,LZU,GA,ASO,ES,Federal Contract Tower,0,4,20,0,24,0,0,258,0,258,0,4,278,0,282,172,0,172,454
11/21/2010,LZU,GA,ASO,ES,Federal Contract Tower,0,4,25,0,29,0,0,129,0,129,0,4,154,0,158,78,0,78,236
11/22/2010,LZU,GA,ASO,ES,Federal Contract Tower,0,15,25,0,40,0,3,111,0,114,0,18,136,0,154,26,0,26,180
11/23/2010,LZU,GA,ASO,ES,Federal Contract Tower,0,17,41,0,58,0,0,53,0,53,0,17,94,0,111,52,0,52,163
11/24/2010,LZU,GA,ASO,ES,Federal Contract Tower,0,14,51,0,65,0,14,0,0,14,0,28,51,0,79,0,0,0,79
11/25/2010,LZU,GA,ASO,ES,Federal Contract Tower,0,3,13,0,16,0,16,0,0,16,0,19,13,0,32,4,0,4,36
11/26/2010,LZU,GA,ASO,ES,Federal Contract Tower,0,15,13,0,28,0,0,1,0,1,0,15,14,0,29,2,0,2,31
11/27/2010,LZU,GA,ASO,ES,Federal Contract Tower,0,4,25,0,29,0,0,107,0,107,0,4,132,0,136,56,0,56,192
11/28/2010,LZU,GA,ASO,ES,Federal Contract Tower,0,5,43,0,48,0,1,144,0,145,0,6,187,0,193,54,0,54,247
11/29/2010,LZU,GA,ASO,ES,Federal Contract Tower,0,11,33,0,44,0,0,6,0,6,0,11,39,0,50,2,0,2,52
11/30/2010,LZU,GA,ASO,ES,Federal Contract Tower,0,12,11,0,23,0,0,0,0,0,0,12,11,0,23,0,0,0,23
12/01/2010,LZU,GA,ASO,ES,Federal Contract Tower,0,12,29,0,41,0,6,36,0,42,0,18,65,0,83,28,0,28,111
12/02/2010,LZU,GA,ASO,ES,Federal Contract Tower,0,17,29,0,46,0,0,131,0,131,0,17,160,0,177,30,0,30,207
12/03/2010,LZU,GA,ASO,ES,Federal Contract Tower,0,9,33,0,42,0,2,129,0,131,0,11,162,0,173,80,0,80,253
12/04/2010,LZU,GA,ASO,ES,Federal Contract Tower,0,10,29,0,39,0,1,146,0,147,0,11,175,0,186,80,0,80,266
12/05/2010,LZU,GA,ASO,ES,Federal Contract Tower,0,2,16,0,18,0,1,29,2,32,0,3,45,2,50,12,0,12,62
12/06/2010,LZU,GA,ASO,ES,Federal Contract Tower,0,12,15,0,27,0,0,52,0,52,0,12,67,0,79,4,0,4,83
12/07/2010,LZU,GA,ASO,ES,Federal Contract Tower,0,15,17,0,32,0,3,60,2,65,0,18,77,2,97,34,0,34,131
12/08/2010,LZU,GA,ASO,ES,Federal Contract Tower,0,13,21,0,34,0,3,88,0,91,0,16,109,0,125,60,2,62,187
12/09/2010,LZU,GA,ASO,ES,Federal Contract Tower,0,10,24,0,34,0,1,104,0,105,0,11,128,0,139,54,0,54,193
12/10/2010,LZU,GA,ASO,ES,Federal Contract Tower,0,16,29,0,45,0,1,131,0,132,0,17,160,0,177,82,0,82,259
12/11/2010,LZU,GA,ASO,ES,Federal Contract Tower,0,3,12,0,15,0,2,165,0,167,0,5,177,0,182,158,0,158,340
12/12/2010,LZU,GA,ASO,ES,Federal Contract Tower,0,4,9,0,13,0,0,0,0,0,0,4,9,0,13,0,0,0,13
12/13/2010,LZU,GA,ASO,ES,Federal Contract Tower,0,12,13,0,25,0,2,13,0,15,0,14,26,0,40,0,0,0,40
12/14/2010,LZU,GA,ASO,ES,Federal Contract Tower,0,12,17,0,29,0,0,60,0,60,0,12,77,0,89,4,0,4,93
12/15/2010,LZU,GA,ASO,ES,Federal Contract Tower,0,14,26,0,40,0,1,57,0,58,0,15,83,0,98,92,0,92,190
12/16/2010,LZU,GA,ASO,ES,Federal Contract Tower,0,14,24,0,38,0,0,1,0,1,0,14,25,0,39,0,0,0,39
12/17/2010,LZU,GA,ASO,ES,Federal Contract Tower,0,12,33,0,45,0,4,131,0,135,0,16,164,0,180,160,0,160,340
12/18/2010,LZU,GA,ASO,ES,Federal Contract Tower,0,0,2,18,20,0,0,0,0,0,0,0,2,18,20,0,0,0,20
12/19/2010,LZU,GA,ASO,ES,Federal Contract Tower,0,2,19,0,21,0,4,125,0,129,0,6,144,0,150,60,0,60,210
12/20/2010,LZU,GA,ASO,ES,Federal Contract Tower,0,13,30,0,43,0,3,133,0,136,0,16,163,0,179,142,0,142,321
12/21/2010,LZU,GA,ASO,ES,Federal Contract Tower,0,14,42,0,56,0,2,22,0,24,0,16,64,0,80,44,0,44,124
12/22/2010,LZU,GA,ASO,ES,Federal Contract Tower,0,17,26,0,43,0,0,32,0,32,0,17,58,0,75,14,0,14,89
12/23/2010,LZU,GA,ASO,ES,Federal Contract Tower,0,15,26,0,41,0,4,142,0,146,0,19,168,0,187,78,0,78,265
12/24/2010,LZU,GA,ASO,ES,Federal Contract Tower,0,6,12,0,18,0,1,72,0,73,0,7,84,0,91,48,0,48,139
12/25/2010,LZU,GA,ASO,ES,Federal Contract Tower,0,2,4,0,6,0,0,3,0,3,0,2,7,0,9,0,0,0,9
12/26/2010,LZU,GA,ASO,ES,Federal Contract Tower,0,1,18,0,19,0,0,5,0,5,0,1,23,0,24,0,0,0,24
12/27/2010,LZU,GA,ASO,ES,Federal Contract Tower,0,8,22,0,30,0,0,21,0,21,0,8,43,0,51,4,0,4,55
12/28/2010,LZU,GA,ASO,ES,Federal Contract Tower,0,13,26,0,39,0,0,105,0,105,0,13,131,0,144,32,0,32,176
12/29/2010,LZU,GA,ASO,ES,Federal Contract Tower,0,13,24,0,37,0,0,105,0,105,0,13,129,0,142,38,0,38,180
12/30/2010,LZU,GA,ASO,ES,Federal Contract Tower,0,18,28,0,46,0,1,101,0,102,0,19,129,0,148,46,0,46,194
12/31/2010,LZU,GA,ASO,ES,Federal Contract Tower,0,2,9,0,11,0,0,125,0,125,0,2,134,0,136,52,0,52,188
01/01/2011,LZU,GA,ASO,ES,Federal Contract Tower,0,0,4,0,4,0,0,0,0,0,0,0,4,0,4,0,0,0,4
01/02/2011,LZU,GA,ASO,ES,Federal Contract Tower,0,1,26,0,27,0,0,70,0,70,0,1,96,0,97,8,0,8,105
01/03/2011,LZU,GA,ASO,ES,Federal Contract Tower,0,10,21,0,31,0,0,115,4,119,0,10,136,4,150,74,0,74,224
01/04/2011,LZU,GA,ASO,ES,Federal Contract Tower,0,9,18,2,29,0,3,95,0,98,0,12,113,2,127,107,0,107,234
01/05/2011,LZU,GA,ASO,ES,Federal Contract Tower,0,15,21,0,36,0,1,39,0,40,0,16,60,0,76,34,0,34,110
01/06/2011,LZU,GA,ASO,ES,Federal Contract Tower,0,15,35,0,50,0,1,61,0,62,0,16,96,0,112,4,0,4,116
01/07/2011,LZU,GA,ASO,ES,Federal Contract Tower,0,9,19,0,28,0,1,92,0,93,0,10,111,0,121,66,0,66,187
01/08/2011,LZU,GA,ASO,ES,Federal Contract Tower,0,1,24,0,25,0,0,84,0,84,0,1,108,0,109,40,0,40,149
01/09/2011,LZU,GA,ASO,ES,Federal Contract Tower,0,5,25,0,30,0,0,79,0,79,0,5,104,0,109,88,0,88,197
01/10/2011,LZU,GA,ASO,ES,Federal Contract Tower,0,0,0,0,0,0,0,0,0,0,0,0,0,0,0,0,0,0,0
01/11/2011,LZU,GA,ASO,ES,Federal Contract Tower,0,0,0,0,0,0,0,0,0,0,0,0,0,0,0,0,0,0,0
01/12/2011,LZU,GA,ASO,ES,Federal Contract Tower,0,4,1,0,5,0,0,0,0,0,0,4,1,0,5,0,0,0,5
01/13/2011,LZU,GA,ASO,ES,Federal Contract Tower,0,13,18,0,31,0,0,46,0,46,0,13,64,0,77,44,0,44,121
01/14/2011,LZU,GA,ASO,ES,Federal Contract Tower,0,10,22,0,32,0,0,79,0,79,0,10,101,0,111,34,0,34,145
01/15/2011,LZU,GA,ASO,ES,Federal Contract Tower,0,5,23,0,28,0,0,142,0,142,0,5,165,0,170,90,0,90,260
01/16/2011,LZU,GA,ASO,ES,Federal Contract Tower,0,0,14,0,14,0,0,115,0,115,0,0,129,0,129,52,0,52,181
01/17/2011,LZU,GA,ASO,ES,Federal Contract Tower,0,10,24,0,34,0,0,32,0,32,0,10,56,0,66,24,0,24,90
01/18/2011,LZU,GA,ASO,ES,Federal Contract Tower,0,16,20,0,36,0,0,0,0,0,0,16,20,0,36,0,0,0,36
01/19/2011,LZU,GA,ASO,ES,Federal Contract Tower,0,18,42,0,60,0,2,62,0,64,0,20,104,0,124,56,0,56,180
01/20/2011,LZU,GA,ASO,ES,Federal Contract Tower,0,12,39,0,51,0,0,58,0,58,0,12,97,0,109,54,0,54,163
01/21/2011,LZU,GA,ASO,ES,Federal Contract Tower,0,10,21,0,31,0,1,88,0,89,0,11,109,0,120,40,0,40,160
01/22/2011,LZU,GA,ASO,ES,Federal Contract Tower,0,1,23,0,24,0,2,209,0,211,0,3,232,0,235,120,0,120,355
01/23/2011,LZU,GA,ASO,ES,Federal Contract Tower,0,6,21,0,27,0,0,151,0,151,0,6,172,0,178,104,0,104,282
01/24/2011,LZU,GA,ASO,ES,Federal Contract Tower,0,8,28,0,36,0,2,56,0,58,0,10,84,0,94,26,0,26,120
01/25/2011,LZU,GA,ASO,ES,Federal Contract Tower,0,10,12,0,22,0,0,2,0,2,0,10,14,0,24,0,0,0,24
01/26/2011,LZU,GA,ASO,ES,Federal Contract Tower,0,9,18,0,27,0,9,0,0,9,0,18,18,0,36,0,0,0,36
01/27/2011,LZU,GA,ASO,ES,Federal Contract Tower,0,13,22,0,35,0,9,105,0,114,0,22,127,0,149,48,0,48,197
01/28/2011,LZU,GA,ASO,ES,Federal Contract Tower,0,13,33,0,46,0,1,115,0,116,0,14,148,0,162,62,0,62,224
01/29/2011,LZU,GA,ASO,ES,Federal Contract Tower,0,1,13,0,14,0,1,211,0,212,0,2,224,0,226,102,0,102,328
01/30/2011,LZU,GA,ASO,ES,Federal Contract Tower,0,4,25,0,29,0,2,130,0,132,0,6,155,0,161,88,0,88,249
01/31/2011,LZU,GA,ASO,ES,Federal Contract Tower,0,11,24,0,35,0,0,0,0,0,0,11,24,0,35,0,0,0,35
02/01/2011,LZU,GA,ASO,ES,Federal Contract Tower,0,11,12,0,23,0,0,0,0,0,0,11,12,0,23,0,0,0,23
02/02/2011,LZU,GA,ASO,ES,Federal Contract Tower,0,12,21,0,33,0,49,0,0,49,0,61,21,0,82,34,0,34,116
02/03/2011,LZU,GA,ASO,ES,Federal Contract Tower,0,16,23,0,39,0,0,67,0,67,0,16,90,0,106,56,0,56,162
02/04/2011,LZU,GA,ASO,ES,Federal Contract Tower,0,14,17,0,31,0,0,0,0,0,0,14,17,0,31,0,0,0,31
02/05/2011,LZU,GA,ASO,ES,Federal Contract Tower,0,2,22,0,24,0,0,46,0,46,0,2,68,0,70,52,0,52,122
02/06/2011,LZU,GA,ASO,ES,Federal Contract Tower,0,6,19,0,25,0,0,191,0,191,0,6,210,0,216,98,0,98,314
02/07/2011,LZU,GA,ASO,ES,Federal Contract Tower,0,14,14,0,28,0,1,56,0,57,0,15,70,0,85,14,0,14,99
02/08/2011,LZU,GA,ASO,ES,Federal Contract Tower,0,10,24,0,34,0,0,88,0,88,0,10,112,0,122,106,0,106,228
02/09/2011,LZU,GA,ASO,ES,Federal Contract Tower,0,14,15,0,29,0,1,115,0,116,0,15,130,0,145,96,0,96,241
02/10/2011,LZU,GA,ASO,ES,Federal Contract Tower,0,20,22,0,42,0,2,44,0,46,0,22,66,0,88,28,0,28,116
02/11/2011,LZU,GA,ASO,ES,Federal Contract Tower,0,14,33,0,47,0,1,118,0,119,0,15,151,0,166,42,0,42,208
02/12/2011,LZU,GA,ASO,ES,Federal Contract Tower,0,4,24,0,28,0,0,211,0,211,0,4,235,0,239,154,0,154,393
02/13/2011,LZU,GA,ASO,ES,Federal Contract Tower,0,4,15,0,19,0,2,186,0,188,0,6,201,0,207,104,0,104,311
02/14/2011,LZU,GA,ASO,ES,Federal Contract Tower,0,12,21,0,33,0,1,74,0,75,0,13,95,0,108,34,0,34,142
02/15/2011,LZU,GA,ASO,ES,Federal Contract Tower,0,12,31,0,43,0,1,116,0,117,0,13,147,0,160,56,0,56,216
02/16/2011,LZU,GA,ASO,ES,Federal Contract Tower,0,13,64,0,77,0,1,123,0,124,0,14,187,0,201,86,0,86,287
02/17/2011,LZU,GA,ASO,ES,Federal Contract Tower,0,9,52,0,61,0,1,132,0,133,0,10,184,0,194,36,0,36,230
02/18/2011,LZU,GA,ASO,ES,Federal Contract Tower,0,16,67,3,86,0,0,105,0,105,0,16,172,3,191,108,0,108,299
02/19/2011,LZU,GA,ASO,ES,Federal Contract Tower,0,3,16,0,19,0,1,324,0,325,0,4,340,0,344,172,0,172,516
02/20/2011,LZU,GA,ASO,ES,Federal Contract Tower,0,3,26,0,29,0,0,105,0,105,0,3,131,0,134,40,0,40,174
02/21/2011,LZU,GA,ASO,ES,Federal Contract Tower,0,11,39,0,50,0,2,64,0,66,0,13,103,0,116,62,0,62,178
02/22/2011,LZU,GA,ASO,ES,Federal Contract Tower,0,9,42,0,51,0,3,70,0,73,0,12,112,0,124,12,0,12,136
02/23/2011,LZU,GA,ASO,ES,Federal Contract Tower,0,7,27,0,34,0,5,108,0,113,0,12,135,0,147,64,0,64,211
02/24/2011,LZU,GA,ASO,ES,Federal Contract Tower,0,20,36,0,56,0,0,92,0,92,0,20,128,0,148,54,0,54,202
02/25/2011,LZU,GA,ASO,ES,Federal Contract Tower,0,7,26,0,33,0,2,25,0,27,0,9,51,0,60,2,0,2,62
02/26/2011,LZU,GA,ASO,ES,Federal Contract Tower,0,1,26,0,27,0,208,0,0,208,0,209,26,0,235,66,0,66,301
02/27/2011,LZU,GA,ASO,ES,Federal Contract Tower,0,1,35,2,38,0,0,116,0,116,0,1,151,2,154,60,0,60,214
02/28/2011,LZU,GA,ASO,ES,Federal Contract Tower,0,10,11,0,21,0,0,17,0,17,0,10,28,0,38,38,0,38,76
03/01/2011,LZU,GA,ASO,ES,Federal Contract Tower,0,11,25,0,36,0,0,98,0,98,0,11,123,0,134,126,0,126,260
03/02/2011,LZU,GA,ASO,ES,Federal Contract Tower,0,13,35,0,48,0,2,132,2,136,0,15,167,2,184,110,0,110,294
03/03/2011,LZU,GA,ASO,ES,Federal Contract Tower,0,11,33,0,44,0,1,92,0,93,0,12,125,0,137,22,0,22,159
03/04/2011,LZU,GA,ASO,ES,Federal Contract Tower,0,8,57,0,65,0,0,5,0,5,0,8,62,0,70,0,0,0,70
03/05/2011,LZU,GA,ASO,ES,Federal Contract Tower,0,9,12,0,21,0,0,0,0,0,0,9,12,0,21,0,0,0,21
03/06/2011,LZU,GA,ASO,ES,Federal Contract Tower,0,2,21,0,23,0,0,14,0,14,0,2,35,0,37,0,0,0,37
03/07/2011,LZU,GA,ASO,ES,Federal Contract Tower,0,10,25,0,35,0,0,96,0,96,0,10,121,0,131,106,0,106,237
03/08/2011,LZU,GA,ASO,ES,Federal Contract Tower,0,10,29,0,39,0,0,79,0,79,0,10,108,0,118,90,0,90,208
03/09/2011,LZU,GA,ASO,ES,Federal Contract Tower,0,8,10,2,20,0,0,0,0,0,0,8,10,2,20,0,0,0,20
03/10/2011,LZU,GA,ASO,ES,Federal Contract Tower,0,13,21,0,34,0,0,28,0,28,0,13,49,0,62,4,0,4,66
03/11/2011,LZU,GA,ASO,ES,Federal Contract Tower,11,0,39,0,50,0,0,90,0,90,11,0,129,0,140,102,0,102,242
03/12/2011,LZU,GA,ASO,ES,Federal Contract Tower,0,4,24,0,28,0,1,187,0,188,0,5,211,0,216,270,0,270,486
03/13/2011,LZU,GA,ASO,ES,Federal Contract Tower,0,2,24,0,26,0,3,169,0,172,0,5,193,0,198,78,0,78,276
03/14/2011,LZU,GA,ASO,ES,Federal Contract Tower,0,12,31,0,43,0,0,68,0,68,0,12,99,0,111,148,0,148,259
03/15/2011,LZU,GA,ASO,ES,Federal Contract Tower,0,16,33,0,49,0,0,0,0,0,0,16,33,0,49,0,0,0,49
03/16/2011,LZU,GA,ASO,ES,Federal Contract Tower,0,10,41,0,51,0,2,118,0,120,0,12,159,0,171,168,0,168,339
03/17/2011,LZU,GA,ASO,ES,Federal Contract Tower,0,9,26,0,35,0,3,162,0,165,0,12,188,0,200,122,0,122,322
03/18/2011,LZU,GA,ASO,ES,Federal Contract Tower,0,11,17,0,28,0,4,136,0,140,0,15,153,0,168,150,0,150,318
03/19/2011,LZU,GA,ASO,ES,Federal Contract Tower,0,4,33,0,37,0,2,211,0,213,0,6,244,0,250,116,0,116,366
03/20/2011,LZU,GA,ASO,ES,Federal Contract Tower,0,4,48,0,52,0,0,71,0,71,0,4,119,0,123,46,0,46,169
03/21/2011,LZU,GA,ASO,ES,Federal Contract Tower,0,11,40,0,51,0,1,66,0,67,0,12,106,0,118,18,0,18,136
03/22/2011,LZU,GA,ASO,ES,Federal Contract Tower,0,11,42,0,53,0,1,81,0,82,0,12,123,0,135,62,0,62,197
03/23/2011,LZU,GA,ASO,ES,Federal Contract Tower,0,18,31,0,49,0,0,53,0,53,0,18,84,0,102,44,0,44,146
03/24/2011,LZU,GA,ASO,ES,Federal Contract Tower,0,12,28,0,40,0,1,56,0,57,0,13,84,0,97,22,0,22,119
03/25/2011,LZU,GA,ASO,ES,Federal Contract Tower,0,17,26,0,43,0,2,151,0,153,0,19,177,0,196,124,0,124,320
03/26/2011,LZU,GA,ASO,ES,Federal Contract Tower,0,4,11,0,15,0,0,11,0,11,0,4,22,0,26,22,0,22,48
03/27/2011,LZU,GA,ASO,ES,Federal Contract Tower,0,4,24,0,28,0,0,0,0,0,0,4,24,0,28,0,0,0,28
03/28/2011,LZU,GA,ASO,ES,Federal Contract Tower,0,13,34,0,47,0,0,1,0,1,0,13,35,0,48,0,0,0,48
03/29/2011,LZU,GA,ASO,ES,Federal Contract Tower,0,18,33,0,51,0,0,36,0,36,0,18,69,0,87,74,0,74,161
03/30/2011,LZU,GA,ASO,ES,Federal Contract Tower,0,13,22,0,35,0,0,0,0,0,0,13,22,0,35,0,0,0,35
03/31/2011,LZU,GA,ASO,ES,Federal Contract Tower,0,16,30,0,46,0,0,25,0,25,0,16,55,0,71,46,0,46,117
04/01/2011,LZU,GA,ASO,ES,Federal Contract Tower,0,16,28,0,44,0,1,97,0,98,0,17,125,0,142,90,0,90,232
04/02/2011,LZU,GA,ASO,ES,Federal Contract Tower,0,3,23,0,26,0,153,0,0,153,0,156,23,0,179,84,0,84,263
04/03/2011,LZU,GA,ASO,ES,Federal Contract Tower,0,4,23,0,27,0,0,155,0,155,0,4,178,0,182,66,0,66,248
04/04/2011,LZU,GA,ASO,ES,Federal Contract Tower,0,13,26,0,39,0,1,48,0,49,0,14,74,0,88,22,0,22,110
04/05/2011,LZU,GA,ASO,ES,Federal Contract Tower,0,12,24,0,36,0,2,66,0,68,0,14,90,0,104,6,0,6,110
04/06/2011,LZU,GA,ASO,ES,Federal Contract Tower,0,7,34,0,41,0,5,170,0,175,0,12,204,0,216,204,0,204,420
04/07/2011,LZU,GA,ASO,ES,Federal Contract Tower,0,11,38,0,49,0,2,162,0,164,0,13,200,0,213,172,0,172,385
04/08/2011,LZU,GA,ASO,ES,Federal Contract Tower,0,13,38,0,51,0,0,73,0,73,0,13,111,0,124,124,0,124,248
04/09/2011,LZU,GA,ASO,ES,Federal Contract Tower,0,5,37,0,42,0,1,116,0,117,0,6,153,0,159,128,0,128,287
04/10/2011,LZU,GA,ASO,ES,Federal Contract Tower,0,9,43,0,52,0,2,164,0,166,0,11,207,0,218,132,0,132,350
04/11/2011,LZU,GA,ASO,ES,Federal Contract Tower,0,9,36,0,45,0,1,36,0,37,0,10,72,0,82,38,0,38,120
04/12/2011,LZU,GA,ASO,ES,Federal Contract Tower,0,12,30,0,42,0,1,37,0,38,0,13,67,0,80,58,0,58,138
04/13/2011,LZU,GA,ASO,ES,Federal Contract Tower,0,11,27,0,38,0,2,164,0,166,0,13,191,0,204,148,0,148,352
04/14/2011,LZU,GA,ASO,ES,Federal Contract Tower,0,11,35,0,46,0,3,176,0,179,0,14,211,0,225,216,0,216,441
04/15/2011,LZU,GA,ASO,ES,Federal Contract Tower,0,13,30,0,43,0,1,29,0,30,0,14,59,0,73,78,0,78,151
04/16/2011,LZU,GA,ASO,ES,Federal Contract Tower,0,6,15,0,21,0,0,109,0,109,0,6,124,0,130,74,0,74,204
04/17/2011,LZU,GA,ASO,ES,Federal Contract Tower,0,4,23,0,27,0,1,218,0,219,0,5,241,0,246,192,0,192,438
04/18/2011,LZU,GA,ASO,ES,Federal Contract Tower,0,14,28,0,42,0,1,70,0,71,0,15,98,0,113,60,0,60,173
04/19/2011,LZU,GA,ASO,ES,Federal Contract Tower,0,17,23,1,41,0,2,109,0,111,0,19,132,1,152,126,0,126,278
04/20/2011,LZU,GA,ASO,ES,Federal Contract Tower,0,21,16,0,37,0,5,58,0,63,0,26,74,0,100,66,0,66,166
04/21/2011,LZU,GA,ASO,ES,Federal Contract Tower,0,16,30,0,46,0,1,91,0,92,0,17,121,0,138,134,0,134,272
04/22/2011,LZU,GA,ASO,ES,Federal Contract Tower,0,13,37,0,50,0,0,0,0,0,0,13,37,0,50,0,0,0,50
04/23/2011,LZU,GA,ASO,ES,Federal Contract Tower,0,2,32,0,34,0,0,117,0,117,0,2,149,0,151,94,0,94,245
04/24/2011,LZU,GA,ASO,ES,Federal Contract Tower,0,3,21,0,24,0,0,136,0,136,0,3,157,0,160,126,0,126,286
04/25/2011,LZU,GA,ASO,ES,Federal Contract Tower,0,8,20,0,28,0,1,79,0,80,0,9,99,0,108,104,0,104,212
04/26/2011,LZU,GA,ASO,ES,Federal Contract Tower,0,11,27,0,38,0,0,42,0,42,0,11,69,0,80,74,0,74,154
04/27/2011,LZU,GA,ASO,ES,Federal Contract Tower,0,13,24,0,37,0,0,13,0,13,0,13,37,0,50,20,0,20,70
04/28/2011,LZU,GA,ASO,ES,Federal Contract Tower,0,19,30,0,49,0,2,118,0,120,0,21,148,0,169,116,0,116,285
04/29/2011,LZU,GA,ASO,ES,Federal Contract Tower,0,14,31,0,45,0,1,166,0,167,0,15,197,0,212,102,0,102,314
04/30/2011,LZU,GA,ASO,ES,Federal Contract Tower,0,2,20,0,22,0,1,243,0,244,0,3,263,0,266,188,0,188,454
05/01/2011,LZU,GA,ASO,ES,Federal Contract Tower,0,0,34,0,34,0,0,143,0,143,0,0,177,0,177,74,0,74,251
05/02/2011,LZU,GA,ASO,ES,Federal Contract Tower,0,13,30,0,43,0,1,120,0,121,0,14,150,0,164,102,0,102,266
05/03/2011,LZU,GA,ASO,ES,Federal Contract Tower,0,19,31,0,50,0,0,50,0,50,0,19,81,0,100,68,0,68,168
05/04/2011,LZU,GA,ASO,ES,Federal Contract Tower,0,10,24,0,34,0,1,74,0,75,0,11,98,0,109,26,0,26,135
05/05/2011,LZU,GA,ASO,ES,Federal Contract Tower,0,9,28,0,37,0,1,138,0,139,0,10,166,0,176,164,0,164,340
05/06/2011,LZU,GA,ASO,ES,Federal Contract Tower,0,9,20,0,29,0,0,164,0,164,0,9,184,0,193,150,2,152,345
05/07/2011,LZU,GA,ASO,ES,Federal Contract Tower,0,4,21,0,25,0,0,0,0,0,0,4,21,0,25,92,0,92,117
05/08/2011,LZU,GA,ASO,ES,Federal Contract Tower,0,2,36,0,38,0,0,108,0,108,0,2,144,0,146,70,0,70,216
05/09/2011,LZU,GA,ASO,ES,Federal Contract Tower,0,9,16,0,25,0,2,104,0,106,0,11,120,0,131,120,0,120,251
05/10/2011,LZU,GA,ASO,ES,Federal Contract Tower,0,12,33,0,45,0,2,116,1,119,0,14,149,1,164,132,0,132,296
05/11/2011,LZU,GA,ASO,ES,Federal Contract Tower,0,18,40,0,58,0,4,130,0,134,0,22,170,0,192,112,0,112,304
05/12/2011,LZU,GA,ASO,ES,Federal Contract Tower,0,12,38,0,50,0,3,113,1,117,0,15,151,1,167,220,0,220,387
05/13/2011,LZU,GA,ASO,ES,Federal Contract Tower,0,9,26,0,35,0,0,105,0,105,0,9,131,0,140,70,0,70,210
05/14/2011,LZU,GA,ASO,ES,Federal Contract Tower,0,3,23,0,26,0,0,41,0,41,0,3,64,0,67,54,0,54,121
05/15/2011,LZU,GA,ASO,ES,Federal Contract Tower,0,4,30,0,34,0,0,34,0,34,0,4,64,0,68,26,0,26,94
05/16/2011,LZU,GA,ASO,ES,Federal Contract Tower,0,15,21,0,36,0,2,38,0,40,0,17,59,0,76,12,0,12,88
05/17/2011,LZU,GA,ASO,ES,Federal Contract Tower,0,11,41,0,52,0,1,81,0,82,0,12,122,0,134,64,0,64,198
05/18/2011,LZU,GA,ASO,ES,Federal Contract Tower,0,9,30,0,39,0,3,101,0,104,0,12,131,0,143,100,0,100,243
05/19/2011,LZU,GA,ASO,ES,Federal Contract Tower,0,15,19,0,34,0,2,123,0,125,0,17,142,0,159,176,0,176,335
05/20/2011,LZU,GA,ASO,ES,Federal Contract Tower,0,11,34,0,45,0,1,152,0,153,0,12,186,0,198,198,0,198,396
05/21/2011,LZU,GA,ASO,ES,Federal Contract Tower,0,3,23,0,26,0,0,230,0,230,0,3,253,0,256,132,0,132,388
05/22/2011,LZU,GA,ASO,ES,Federal Contract Tower,0,6,28,0,34,0,0,129,0,129,0,6,157,0,163,66,0,66,229
05/23/2011,LZU,GA,ASO,ES,Federal Contract Tower,0,12,31,0,43,0,2,102,0,104,0,14,133,0,147,144,0,144,291
05/24/2011,LZU,GA,ASO,ES,Federal Contract Tower,0,12,34,0,46,0,1,95,0,96,0,13,129,0,142,102,0,102,244
05/25/2011,LZU,GA,ASO,ES,Federal Contract Tower,0,10,23,0,33,0,1,118,0,119,0,11,141,0,152,104,0,104,256
05/26/2011,LZU,GA,ASO,ES,Federal Contract Tower,0,8,23,0,31,0,1,63,0,64,0,9,86,0,95,86,0,86,181
05/27/2011,LZU,GA,ASO,ES,Federal Contract Tower,0,11,41,0,52,0,0,62,0,62,0,11,103,0,114,36,0,36,150
05/28/2011,LZU,GA,ASO,ES,Federal Contract Tower,0,1,44,0,45,0,0,90,0,90,0,1,134,0,135,62,0,62,197
05/29/2011,LZU,GA,ASO,ES,Federal Contract Tower,0,0,22,0,22,0,0,98,0,98,0,0,120,0,120,58,0,58,178
05/30/2011,LZU,GA,ASO,ES,Federal Contract Tower,0,4,13,0,17,0,1,115,0,116,0,5,128,0,133,94,0,94,227
05/31/2011,LZU,GA,ASO,ES,Federal Contract Tower,0,16,32,0,48,0,0,97,0,97,0,16,129,0,145,284,0,284,429
06/01/2011,LZU,GA,ASO,ES,Federal Contract Tower,0,9,18,0,27,0,1,95,0,96,0,10,113,0,123,206,0,206,329
06/02/2011,LZU,GA,ASO,ES,Federal Contract Tower,0,14,22,0,36,0,2,72,6,80,0,16,94,6,116,150,0,150,266
06/03/2011,LZU,GA,ASO,ES,Federal Contract Tower,0,11,26,0,37,0,1,134,0,135,0,12,160,0,172,168,0,168,340
06/04/2011,LZU,GA,ASO,ES,Federal Contract Tower,0,1,19,0,20,0,0,169,0,169,0,1,188,0,189,110,0,110,299
06/05/2011,LZU,GA,ASO,ES,Federal Contract Tower,0,2,26,0,28,0,1,105,0,106,0,3,131,0,134,60,0,60,194
06/06/2011,LZU,GA,ASO,ES,Federal Contract Tower,0,9,29,0,38,0,1,117,0,118,0,10,146,0,156,204,0,204,360
06/07/2011,LZU,GA,ASO,ES,Federal Contract Tower,0,8,15,0,23,0,2,96,0,98,0,10,111,0,121,118,0,118,239
06/08/2011,LZU,GA,ASO,ES,Federal Contract Tower,0,10,23,0,33,0,2,93,0,95,0,12,116,0,128,136,0,136,264
06/09/2011,LZU,GA,ASO,ES,Federal Contract Tower,0,12,22,0,34,0,1,71,0,72,0,13,93,0,106,122,0,122,228
06/10/2011,LZU,GA,ASO,ES,Federal Contract Tower,0,11,24,0,35,0,1,158,0,159,0,12,182,0,194,176,0,176,370
06/11/2011,LZU,GA,ASO,ES,Federal Contract Tower,0,4,20,0,24,0,0,128,0,128,0,4,148,0,152,58,0,58,210
06/12/2011,LZU,GA,ASO,ES,Federal Contract Tower,0,4,22,0,26,0,0,98,0,98,0,4,120,0,124,76,0,76,200
06/13/2011,LZU,GA,ASO,ES,Federal Contract Tower,0,13,31,0,44,0,0,93,0,93,0,13,124,0,137,134,0,134,271
06/14/2011,LZU,GA,ASO,ES,Federal Contract Tower,0,12,41,0,53,0,4,120,1,125,0,16,161,1,178,152,0,152,330
06/15/2011,LZU,GA,ASO,ES,Federal Contract Tower,0,11,19,0,30,0,0,100,0,100,0,11,119,0,130,108,0,108,238
06/16/2011,LZU,GA,ASO,ES,Federal Contract Tower,0,13,38,0,51,0,1,103,0,104,0,14,141,0,155,28,0,28,183
06/17/2011,LZU,GA,ASO,ES,Federal Contract Tower,0,16,23,0,39,0,2,139,0,141,0,18,162,0,180,152,0,152,332
06/18/2011,LZU,GA,ASO,ES,Federal Contract Tower,0,5,36,0,41,0,0,122,0,122,0,5,158,0,163,60,0,60,223
06/19/2011,LZU,GA,ASO,ES,Federal Contract Tower,0,2,21,0,23,0,2,90,0,92,0,4,111,0,115,62,0,62,177
06/20/2011,LZU,GA,ASO,ES,Federal Contract Tower,0,9,35,0,44,0,3,92,0,95,0,12,127,0,139,84,0,84,223
06/21/2011,LZU,GA,ASO,ES,Federal Contract Tower,0,8,14,0,22,0,2,96,0,98,0,10,110,0,120,92,0,92,212
06/22/2011,LZU,GA,ASO,ES,Federal Contract Tower,0,15,25,0,40,0,0,73,0,73,0,15,98,0,113,94,0,94,207
06/23/2011,LZU,GA,ASO,ES,Federal Contract Tower,0,8,14,0,22,0,2,54,2,58,0,10,68,2,80,56,0,56,136
06/24/2011,LZU,GA,ASO,ES,Federal Contract Tower,0,13,28,0,41,0,0,108,0,108,0,13,136,0,149,108,0,108,257
06/25/2011,LZU,GA,ASO,ES,Federal Contract Tower,0,5,15,0,20,0,4,170,0,174,0,9,185,0,194,60,0,60,254
06/26/2011,LZU,GA,ASO,ES,Federal Contract Tower,0,6,14,0,20,0,3,118,0,121,0,9,132,0,141,34,0,34,175
06/27/2011,LZU,GA,ASO,ES,Federal Contract Tower,0,11,37,0,48,0,2,119,0,121,0,13,156,0,169,120,0,120,289
06/28/2011,LZU,GA,ASO,ES,Federal Contract Tower,0,12,19,0,31,0,6,67,0,73,0,18,86,0,104,56,0,56,160
06/29/2011,LZU,GA,ASO,ES,Federal Contract Tower,0,12,29,0,41,0,0,97,0,97,0,12,126,0,138,144,0,144,282
06/30/2011,LZU,GA,ASO,ES,Federal Contract Tower,0,15,30,0,45,0,0,106,0,106,0,15,136,0,151,60,0,60,211
07/01/2011,LZU,GA,ASO,ES,Federal Contract Tower,0,12,38,0,50,0,1,155,0,156,0,13,193,0,206,162,0,162,368
07/02/2011,LZU,GA,ASO,ES,Federal Contract Tower,0,1,12,0,13,0,0,185,0,185,0,1,197,0,198,126,0,126,324
07/03/2011,LZU,GA,ASO,ES,Federal Contract Tower,0,1,11,0,12,0,0,0,0,0,0,1,11,0,12,34,0,34,46
07/04/2011,LZU,GA,ASO,ES,Federal Contract Tower,0,2,21,0,23,0,0,45,0,45,0,2,66,0,68,46,0,46,114
07/05/2011,LZU,GA,ASO,ES,Federal Contract Tower,0,14,28,0,42,0,0,94,0,94,0,14,122,0,136,140,0,140,276
07/06/2011,LZU,GA,ASO,ES,Federal Contract Tower,0,17,21,0,38,0,1,80,0,81,0,18,101,0,119,96,0,96,215
07/07/2011,LZU,GA,ASO,ES,Federal Contract Tower,0,17,29,0,46,0,3,77,0,80,0,20,106,0,126,202,0,202,328
07/08/2011,LZU,GA,ASO,ES,Federal Contract Tower,0,17,27,0,44,0,2,113,0,115,0,19,140,0,159,108,0,108,267
07/09/2011,LZU,GA,ASO,ES,Federal Contract Tower,0,4,24,0,28,0,0,192,0,192,0,4,216,0,220,66,0,66,286
07/10/2011,LZU,GA,ASO,ES,Federal Contract Tower,0,2,35,0,37,0,0,59,0,59,0,2,94,0,96,50,0,50,146
07/11/2011,LZU,GA,ASO,ES,Federal Contract Tower,0,10,24,0,34,0,0,65,0,65,0,10,89,0,99,86,0,86,185
07/12/2011,LZU,GA,ASO,ES,Federal Contract Tower,0,14,18,1,33,0,1,81,0,82,0,15,99,1,115,74,0,74,189
07/13/2011,LZU,GA,ASO,ES,Federal Contract Tower,0,14,24,0,38,0,7,103,0,110,0,21,127,0,148,148,0,148,296
07/14/2011,LZU,GA,ASO,ES,Federal Contract Tower,0,14,37,0,51,0,0,54,0,54,0,14,91,0,105,124,0,124,229
07/15/2011,LZU,GA,ASO,ES,Federal Contract Tower,0,17,40,0,57,0,0,8,0,8,0,17,48,0,65,4,0,4,69
07/16/2011,LZU,GA,ASO,ES,Federal Contract Tower,0,4,33,0,37,0,1,67,0,68,0,5,100,0,105,92,0,92,197
07/17/2011,LZU,GA,ASO,ES,Federal Contract Tower,0,3,28,0,31,0,0,187,0,187,0,3,215,0,218,164,0,164,382
07/18/2011,LZU,GA,ASO,ES,Federal Contract Tower,0,13,23,0,36,0,0,124,4,128,0,13,147,4,164,162,0,162,326
07/19/2011,LZU,GA,ASO,ES,Federal Contract Tower,0,20,24,0,44,0,8,96,0,104,0,28,120,0,148,188,0,188,336
07/20/2011,LZU,GA,ASO,ES,Federal Contract Tower,0,14,40,0,54,0,0,105,0,105,0,14,145,0,159,76,0,76,235
07/21/2011,LZU,GA,ASO,ES,Federal Contract Tower,0,15,33,0,48,0,1,116,0,117,0,16,149,0,165,106,0,106,271
07/22/2011,LZU,GA,ASO,ES,Federal Contract Tower,0,11,26,0,37,0,0,106,0,106,0,11,132,0,143,110,0,110,253
07/23/2011,LZU,GA,ASO,ES,Federal Contract Tower,0,3,19,0,22,0,0,178,0,178,0,3,197,0,200,122,0,122,322
07/24/2011,LZU,GA,ASO,ES,Federal Contract Tower,0,2,22,0,24,0,1,145,0,146,0,3,167,0,170,138,0,138,308
07/25/2011,LZU,GA,ASO,ES,Federal Contract Tower,0,15,41,0,56,0,1,66,0,67,0,16,107,0,123,86,0,86,209
07/26/2011,LZU,GA,ASO,ES,Federal Contract Tower,0,17,47,0,64,0,4,116,0,120,0,21,163,0,184,126,0,126,310
07/27/2011,LZU,GA,ASO,ES,Federal Contract Tower,0,15,31,2,48,0,6,118,0,124,0,21,149,2,172,126,0,126,298
07/28/2011,LZU,GA,ASO,ES,Federal Contract Tower,0,9,44,0,53,0,2,99,0,101,0,11,143,0,154,46,0,46,200
07/29/2011,LZU,GA,ASO,ES,Federal Contract Tower,0,10,38,0,48,0,2,102,0,104,0,12,140,0,152,130,0,130,282
07/30/2011,LZU,GA,ASO,ES,Federal Contract Tower,0,4,16,0,20,0,0,102,0,102,0,4,118,0,122,94,0,94,216
07/31/2011,LZU,GA,ASO,ES,Federal Contract Tower,0,3,26,0,29,0,1,97,0,98,0,4,123,0,127,50,0,50,177
08/01/2011,LZU,GA,ASO,ES,Federal Contract Tower,0,12,36,0,48,0,0,70,0,70,0,12,106,0,118,68,0,68,186
08/02/2011,LZU,GA,ASO,ES,Federal Contract Tower,0,14,38,0,52,0,2,116,0,118,0,16,154,0,170,120,0,120,290
08/03/2011,LZU,GA,ASO,ES,Federal Contract Tower,0,6,23,0,29,0,1,111,0,112,0,7,134,0,141,124,0,124,265
08/04/2011,LZU,GA,ASO,ES,Federal Contract Tower,0,9,26,0,35,0,0,126,0,126,0,9,152,0,161,98,0,98,259
08/05/2011,LZU,GA,ASO,ES,Federal Contract Tower,0,9,24,0,33,0,5,98,0,103,0,14,122,0,136,96,0,96,232
08/06/2011,LZU,GA,ASO,ES,Federal Contract Tower,0,5,34,0,39,0,0,98,0,98,0,5,132,0,137,120,0,120,257
08/07/2011,LZU,GA,ASO,ES,Federal Contract Tower,0,6,15,0,21,0,1,113,0,114,0,7,128,0,135,166,0,166,301
08/08/2011,LZU,GA,ASO,ES,Federal Contract Tower,0,11,22,0,33,0,3,101,0,104,0,14,123,0,137,148,0,148,285
08/09/2011,LZU,GA,ASO,ES,Federal Contract Tower,0,7,19,0,26,0,1,97,0,98,0,8,116,0,124,48,0,48,172
08/10/2011,LZU,GA,ASO,ES,Federal Contract Tower,0,11,30,0,41,0,1,139,0,140,0,12,169,0,181,72,0,72,253
08/11/2011,LZU,GA,ASO,ES,Federal Contract Tower,0,6,38,0,44,0,5,125,0,130,0,11,163,0,174,144,0,144,318
08/12/2011,LZU,GA,ASO,ES,Federal Contract Tower,0,14,31,0,45,0,1,195,0,196,0,15,226,0,241,200,0,200,441
08/13/2011,LZU,GA,ASO,ES,Federal Contract Tower,0,1,34,0,35,0,0,161,0,161,0,1,195,0,196,176,0,176,372
08/14/2011,LZU,GA,ASO,ES,Federal Contract Tower,0,5,22,0,27,0,1,94,0,95,0,6,116,0,122,60,0,60,182
08/15/2011,LZU,GA,ASO,ES,Federal Contract Tower,0,10,23,0,33,0,0,110,0,110,0,10,133,0,143,34,0,34,177
08/16/2011,LZU,GA,ASO,ES,Federal Contract Tower,0,14,22,0,36,0,0,120,0,120,0,14,142,0,156,110,0,110,266
08/17/2011,LZU,GA,ASO,ES,Federal Contract Tower,0,10,31,0,41,0,3,106,1,110,0,13,137,1,151,70,0,70,221
08/18/2011,LZU,GA,ASO,ES,Federal Contract Tower,0,11,24,0,35,0,0,125,0,125,0,11,149,0,160,166,0,166,326
08/19/2011,LZU,GA,ASO,ES,Federal Contract Tower,0,13,20,0,33,0,1,166,0,167,0,14,186,0,200,116,0,116,316
08/20/2011,LZU,GA,ASO,ES,Federal Contract Tower,0,5,15,0,20,0,0,266,0,266,0,5,281,0,286,78,0,78,364
08/21/2011,LZU,GA,ASO,ES,Federal Contract Tower,0,2,19,0,21,0,0,98,0,98,0,2,117,0,119,120,0,120,239
08/22/2011,LZU,GA,ASO,ES,Federal Contract Tower,0,10,18,0,28,0,4,91,0,95,0,14,109,0,123,94,0,94,217
08/23/2011,LZU,GA,ASO,ES,Federal Contract Tower,0,14,25,0,39,0,1,103,0,104,0,15,128,0,143,112,0,112,255
08/24/2011,LZU,GA,ASO,ES,Federal Contract Tower,0,14,33,0,47,0,0,96,0,96,0,14,129,0,143,156,0,156,299
08/25/2011,LZU,GA,ASO,ES,Federal Contract Tower,0,7,23,0,30,0,0,157,0,157,0,7,180,0,187,80,0,80,267
08/26/2011,LZU,GA,ASO,ES,Federal Contract Tower,0,8,38,0,46,0,0,153,0,153,0,8,191,0,199,142,0,142,341
08/27/2011,LZU,GA,ASO,ES,Federal Contract Tower,0,2,17,0,19,0,1,182,0,183,0,3,199,0,202,104,0,104,306
08/28/2011,LZU,GA,ASO,ES,Federal Contract Tower,0,3,29,0,32,0,0,131,0,131,0,3,160,0,163,88,0,88,251
08/29/2011,LZU,GA,ASO,ES,Federal Contract Tower,0,7,17,2,26,0,0,101,2,103,0,7,118,4,129,104,8,112,241
08/30/2011,LZU,GA,ASO,ES,Federal Contract Tower,0,16,40,0,56,0,2,69,0,71,0,18,109,0,127,54,0,54,181
08/31/2011,LZU,GA,ASO,ES,Federal Contract Tower,0,10,33,0,43,0,1,79,0,80,0,11,112,0,123,144,0,144,267
09/01/2011,LZU,GA,ASO,ES,Federal Contract Tower,0,18,34,0,52,0,0,122,0,122,0,18,156,0,174,152,0,152,326
09/02/2011,LZU,GA,ASO,ES,Federal Contract Tower,0,14,17,0,31,0,0,133,0,133,0,14,150,0,164,100,0,100,264
09/03/2011,LZU,GA,ASO,ES,Federal Contract Tower,0,4,19,0,23,0,0,184,0,184,0,4,203,0,207,84,0,84,291
09/04/2011,LZU,GA,ASO,ES,Federal Contract Tower,0,4,17,0,21,0,1,53,0,54,0,5,70,0,75,82,0,82,157
09/05/2011,LZU,GA,ASO,ES,Federal Contract Tower,0,3,14,0,17,0,0,0,0,0,0,3,14,0,17,0,0,0,17
09/06/2011,LZU,GA,ASO,ES,Federal Contract Tower,0,17,27,0,44,0,0,0,0,0,0,17,27,0,44,0,0,0,44
09/07/2011,LZU,GA,ASO,ES,Federal Contract Tower,0,15,38,0,53,0,0,27,0,27,0,15,65,0,80,74,0,74,154
09/08/2011,LZU,GA,ASO,ES,Federal Contract Tower,0,12,37,0,49,0,2,97,1,100,0,14,134,1,149,172,6,178,327
09/09/2011,LZU,GA,ASO,ES,Federal Contract Tower,0,16,26,0,42,0,0,146,0,146,0,16,172,0,188,92,0,92,280
09/10/2011,LZU,GA,ASO,ES,Federal Contract Tower,0,1,17,0,18,0,0,180,0,180,0,1,197,0,198,92,0,92,290
09/11/2011,LZU,GA,ASO,ES,Federal Contract Tower,0,2,23,0,25,0,2,120,0,122,0,4,143,0,147,80,0,80,227
09/12/2011,LZU,GA,ASO,ES,Federal Contract Tower,0,12,15,0,27,0,2,99,0,101,0,14,114,0,128,120,0,120,248
09/13/2011,LZU,GA,ASO,ES,Federal Contract Tower,0,11,24,0,35,0,2,110,0,112,0,13,134,0,147,162,0,162,309
09/14/2011,LZU,GA,ASO,ES,Federal Contract Tower,0,13,33,0,46,0,1,108,0,109,0,14,141,0,155,164,0,164,319
09/15/2011,LZU,GA,ASO,ES,Federal Contract Tower,0,11,23,0,34,0,2,94,0,96,0,13,117,0,130,154,0,154,284
09/16/2011,LZU,GA,ASO,ES,Federal Contract Tower,0,10,29,0,39,0,0,75,0,75,0,10,104,0,114,56,0,56,170
09/17/2011,LZU,GA,ASO,ES,Federal Contract Tower,0,4,27,0,31,0,1,217,0,218,0,5,244,0,249,218,0,218,467
09/18/2011,LZU,GA,ASO,ES,Federal Contract Tower,0,2,32,0,34,0,0,71,0,71,0,2,103,0,105,60,0,60,165
09/19/2011,LZU,GA,ASO,ES,Federal Contract Tower,0,11,16,0,27,0,0,52,0,52,0,11,68,0,79,110,0,110,189
09/20/2011,LZU,GA,ASO,ES,Federal Contract Tower,0,16,40,0,56,0,0,10,0,10,0,16,50,0,66,14,0,14,80
09/21/2011,LZU,GA,ASO,ES,Federal Contract Tower,0,9,28,0,37,0,0,20,0,20,0,9,48,0,57,96,0,96,153
09/22/2011,LZU,GA,ASO,ES,Federal Contract Tower,0,14,25,2,41,0,0,12,0,12,0,14,37,2,53,4,0,4,57
09/23/2011,LZU,GA,ASO,ES,Federal Contract Tower,0,12,29,4,45,0,0,132,0,132,0,12,161,4,177,224,0,224,401
09/24/2011,LZU,GA,ASO,ES,Federal Contract Tower,0,2,22,0,24,0,1,187,0,188,0,3,209,0,212,140,0,140,352
09/25/2011,LZU,GA,ASO,ES,Federal Contract Tower,0,8,22,0,30,0,0,130,0,130,0,8,152,0,160,126,0,126,286
09/26/2011,LZU,GA,ASO,ES,Federal Contract Tower,0,11,27,0,38,0,0,47,0,47,0,11,74,0,85,50,0,50,135
09/27/2011,LZU,GA,ASO,ES,Federal Contract Tower,0,12,42,0,54,0,1,68,0,69,0,13,110,0,123,14,0,14,137
09/28/2011,LZU,GA,ASO,ES,Federal Contract Tower,0,14,30,0,44,0,2,107,0,109,0,16,137,0,153,134,0,134,287
09/29/2011,LZU,GA,ASO,ES,Federal Contract Tower,0,15,23,0,38,0,1,147,0,148,0,16,170,0,186,166,0,166,352
09/30/2011,LZU,GA,ASO,ES,Federal Contract Tower,0,9,31,0,40,0,0,100,0,100,0,9,131,0,140,138,0,138,278
10/01/2011,LZU,GA,ASO,ES,Federal Contract Tower,0,4,14,0,18,0,0,115,0,115,0,4,129,0,133,96,0,96,229
10/02/2011,LZU,GA,ASO,ES,Federal Contract Tower,0,6,22,0,28,0,0,97,0,97,0,6,119,0,125,50,0,50,175
10/03/2011,LZU,GA,ASO,ES,Federal Contract Tower,0,13,16,0,29,0,0,116,0,116,0,13,132,0,145,132,0,132,277
10/04/2011,LZU,GA,ASO,ES,Federal Contract Tower,0,12,29,2,43,0,7,110,2,119,0,19,139,4,162,114,0,114,276
10/05/2011,LZU,GA,ASO,ES,Federal Contract Tower,0,11,28,0,39,0,1,108,2,111,0,12,136,2,150,164,0,164,314
10/06/2011,LZU,GA,ASO,ES,Federal Contract Tower,0,11,34,0,45,0,0,114,2,116,0,11,148,2,161,148,12,160,321
10/07/2011,LZU,GA,ASO,ES,Federal Contract Tower,0,10,43,0,53,0,1,153,0,154,0,11,196,0,207,30,0,30,237
10/08/2011,LZU,GA,ASO,ES,Federal Contract Tower,0,3,20,0,23,0,0,110,0,110,0,3,130,0,133,100,0,100,233
10/09/2011,LZU,GA,ASO,ES,Federal Contract Tower,0,3,29,0,32,0,0,72,0,72,0,3,101,0,104,78,0,78,182
10/10/2011,LZU,GA,ASO,ES,Federal Contract Tower,0,14,36,0,50,0,0,6,0,6,0,14,42,0,56,0,0,0,56
10/11/2011,LZU,GA,ASO,ES,Federal Contract Tower,0,15,27,0,42,0,0,0,0,0,0,15,27,0,42,0,0,0,42
10/12/2011,LZU,GA,ASO,ES,Federal Contract Tower,0,8,43,0,51,0,0,48,0,48,0,8,91,0,99,156,0,156,255
10/13/2011,LZU,GA,ASO,ES,Federal Contract Tower,0,19,26,0,45,0,0,15,0,15,0,19,41,0,60,26,0,26,86
10/14/2011,LZU,GA,ASO,ES,Federal Contract Tower,0,12,31,2,45,0,2,148,0,150,0,14,179,2,195,142,0,142,337
10/15/2011,LZU,GA,ASO,ES,Federal Contract Tower,0,11,14,0,25,0,1,218,0,219,0,12,232,0,244,88,0,88,332
10/16/2011,LZU,GA,ASO,ES,Federal Contract Tower,0,6,19,0,25,0,0,217,0,217,0,6,236,0,242,132,0,132,374
10/17/2011,LZU,GA,ASO,ES,Federal Contract Tower,0,14,25,0,39,0,2,155,0,157,0,16,180,0,196,110,0,110,306
10/18/2011,LZU,GA,ASO,ES,Federal Contract Tower,0,15,35,0,50,0,0,81,0,81,0,15,116,0,131,74,0,74,205
10/19/2011,LZU,GA,ASO,ES,Federal Contract Tower,0,11,32,0,43,0,0,3,0,3,0,11,35,0,46,0,0,0,46
10/20/2011,LZU,GA,ASO,ES,Federal Contract Tower,0,11,48,0,59,0,2,48,0,50,0,13,96,0,109,124,0,124,233
10/21/2011,LZU,GA,ASO,ES,Federal Contract Tower,0,8,30,0,38,0,1,124,0,125,0,9,154,0,163,46,0,46,209
10/22/2011,LZU,GA,ASO,ES,Federal Contract Tower,0,5,14,0,19,0,0,180,0,180,0,5,194,0,199,314,0,314,513
10/23/2011,LZU,GA,ASO,ES,Federal Contract Tower,0,4,27,0,31,0,2,117,0,119,0,6,144,0,150,86,0,86,236
10/24/2011,LZU,GA,ASO,ES,Federal Contract Tower,0,10,20,0,30,0,5,135,0,140,0,15,155,0,170,170,0,170,340
10/25/2011,LZU,GA,ASO,ES,Federal Contract Tower,0,9,27,0,36,0,1,170,2,173,0,10,197,2,209,234,0,234,443
10/26/2011,LZU,GA,ASO,ES,Federal Contract Tower,0,10,36,0,46,0,1,123,0,124,0,11,159,0,170,234,0,234,404
10/27/2011,LZU,GA,ASO,ES,Federal Contract Tower,0,17,30,0,47,0,1,121,0,122,0,18,151,0,169,140,0,140,309
10/28/2011,LZU,GA,ASO,ES,Federal Contract Tower,0,15,30,2,47,0,2,40,0,42,0,17,70,2,89,18,0,18,107
10/29/2011,LZU,GA,ASO,ES,Federal Contract Tower,0,5,11,0,16,0,1,76,0,77,0,6,87,0,93,42,0,42,135
10/30/2011,LZU,GA,ASO,ES,Federal Contract Tower,0,2,20,0,22,0,1,140,0,141,0,3,160,0,163,88,0,88,251
10/31/2011,LZU,GA,ASO,ES,Federal Contract Tower,0,10,17,2,29,0,0,79,0,79,0,10,96,2,108,60,0,60,168
11/01/2011,LZU,GA,ASO,ES,Federal Contract Tower,0,14,27,0,41,0,4,90,0,94,0,18,117,0,135,98,0,98,233
11/02/2011,LZU,GA,ASO,ES,Federal Contract Tower,0,13,34,0,47,0,1,97,0,98,0,14,131,0,145,160,0,160,305
11/03/2011,LZU,GA,ASO,ES,Federal Contract Tower,0,9,21,0,30,0,4,65,0,69,0,13,86,0,99,92,0,92,191
11/04/2011,LZU,GA,ASO,ES,Federal Contract Tower,0,16,35,0,51,0,0,65,0,65,0,16,100,0,116,28,0,28,144
11/05/2011,LZU,GA,ASO,ES,Federal Contract Tower,0,3,18,0,21,0,0,141,0,141,0,3,159,0,162,118,0,118,280
11/06/2011,LZU,GA,ASO,ES,Federal Contract Tower,0,4,23,0,27,0,1,106,0,107,0,5,129,0,134,62,0,62,196
11/07/2011,LZU,GA,ASO,ES,Federal Contract Tower,0,13,18,0,31,0,4,98,0,102,0,17,116,0,133,66,0,66,199
11/08/2011,LZU,GA,ASO,ES,Federal Contract Tower,0,12,32,0,44,0,3,107,2,112,0,15,139,2,156,164,0,164,320
11/09/2011,LZU,GA,ASO,ES,Federal Contract Tower,0,8,31,0,39,0,0,72,0,72,0,8,103,0,111,82,0,82,193
11/10/2011,LZU,GA,ASO,ES,Federal Contract Tower,0,15,25,0,40,0,2,51,0,53,0,17,76,0,93,74,0,74,167
11/11/2011,LZU,GA,ASO,ES,Federal Contract Tower,0,14,23,0,37,0,0,133,2,135,0,14,156,2,172,90,0,90,262
11/12/2011,LZU,GA,ASO,ES,Federal Contract Tower,0,6,22,0,28,0,0,212,0,212,0,6,234,0,240,186,0,186,426
11/13/2011,LZU,GA,ASO,ES,Federal Contract Tower,0,3,39,0,42,0,0,112,0,112,0,3,151,0,154,32,0,32,186
11/14/2011,LZU,GA,ASO,ES,Federal Contract Tower,0,8,30,0,38,0,0,70,0,70,0,8,100,0,108,108,0,108,216
11/15/2011,LZU,GA,ASO,ES,Federal Contract Tower,0,11,38,0,49,0,0,26,0,26,0,11,64,0,75,34,0,34,109
11/16/2011,LZU,GA,ASO,ES,Federal Contract Tower,0,7,20,0,27,0,0,1,0,1,0,7,21,0,28,4,0,4,32
11/17/2011,LZU,GA,ASO,ES,Federal Contract Tower,0,12,27,1,40,0,0,40,6,46,0,12,67,7,86,28,0,28,114
11/18/2011,LZU,GA,ASO,ES,Federal Contract Tower,0,10,40,0,50,0,3,168,0,171,0,13,208,0,221,84,0,84,305
11/19/2011,LZU,GA,ASO,ES,Federal Contract Tower,0,2,33,0,35,0,0,178,0,178,0,2,211,0,213,148,0,148,361
11/20/2011,LZU,GA,ASO,ES,Federal Contract Tower,0,1,35,0,36,0,0,26,0,26,0,1,61,0,62,38,0,38,100
11/21/2011,LZU,GA,ASO,ES,Federal Contract Tower,0,16,47,0,63,0,0,36,0,36,0,16,83,0,99,68,0,68,167
11/22/2011,LZU,GA,ASO,ES,Federal Contract Tower,0,12,37,0,49,0,0,66,0,66,0,12,103,0,115,84,0,84,199
11/23/2011,LZU,GA,ASO,ES,Federal Contract Tower,0,11,26,0,37,0,2,35,0,37,0,13,61,0,74,8,0,8,82
11/24/2011,LZU,GA,ASO,ES,Federal Contract Tower,0,2,9,0,11,0,0,62,0,62,0,2,71,0,73,28,0,28,101
11/25/2011,LZU,GA,ASO,ES,Federal Contract Tower,0,14,23,0,37,0,2,183,0,185,0,16,206,0,222,86,0,86,308
11/26/2011,LZU,GA,ASO,ES,Federal Contract Tower,0,6,25,0,31,0,0,132,0,132,0,6,157,0,163,208,0,208,371
11/27/2011,LZU,GA,ASO,ES,Federal Contract Tower,0,2,41,0,43,0,1,35,0,36,0,3,76,0,79,26,0,26,105
11/28/2011,LZU,GA,ASO,ES,Federal Contract Tower,0,13,24,0,37,0,0,0,0,0,0,13,24,0,37,0,0,0,37
11/29/2011,LZU,GA,ASO,ES,Federal Contract Tower,0,14,20,0,34,0,0,3,0,3,0,14,23,0,37,0,0,0,37
11/30/2011,LZU,GA,ASO,ES,Federal Contract Tower,0,12,30,0,42,0,0,53,0,53,0,12,83,0,95,28,0,28,123
12/01/2011,LZU,GA,ASO,ES,Federal Contract Tower,0,14,39,0,53,0,1,139,0,140,0,15,178,0,193,116,0,116,309
12/02/2011,LZU,GA,ASO,ES,Federal Contract Tower,0,14,31,0,45,0,0,191,0,191,0,14,222,0,236,172,0,172,408
12/03/2011,LZU,GA,ASO,ES,Federal Contract Tower,0,5,19,0,24,0,0,230,0,230,0,5,249,0,254,172,0,172,426
12/04/2011,LZU,GA,ASO,ES,Federal Contract Tower,0,0,37,0,37,0,0,52,0,52,0,0,89,0,89,60,0,60,149
12/05/2011,LZU,GA,ASO,ES,Federal Contract Tower,0,11,25,0,36,0,0,44,0,44,0,11,69,0,80,58,0,58,138
12/06/2011,LZU,GA,ASO,ES,Federal Contract Tower,0,15,42,0,57,0,0,4,0,4,0,15,46,0,61,0,0,0,61
12/07/2011,LZU,GA,ASO,ES,Federal Contract Tower,0,15,21,2,38,0,0,1,0,1,0,15,22,2,39,12,0,12,51
12/08/2011,LZU,GA,ASO,ES,Federal Contract Tower,0,14,44,0,58,0,2,151,0,153,0,16,195,0,211,132,0,132,343
12/09/2011,LZU,GA,ASO,ES,Federal Contract Tower,0,16,27,0,43,0,0,118,0,118,0,16,145,0,161,90,0,90,251
12/10/2011,LZU,GA,ASO,ES,Federal Contract Tower,0,1,25,0,26,0,0,199,0,199,0,1,224,0,225,156,0,156,381
12/11/2011,LZU,GA,ASO,ES,Federal Contract Tower,0,1,26,0,27,0,0,122,0,122,0,1,148,0,149,84,0,84,233
12/12/2011,LZU,GA,ASO,ES,Federal Contract Tower,0,12,26,0,38,0,0,20,0,20,0,12,46,0,58,22,0,22,80
12/13/2011,LZU,GA,ASO,ES,Federal Contract Tower,0,7,26,0,33,0,0,135,0,135,0,7,161,0,168,98,0,98,266
12/14/2011,LZU,GA,ASO,ES,Federal Contract Tower,0,19,34,0,53,0,1,160,0,161,0,20,194,0,214,92,0,92,306
12/15/2011,LZU,GA,ASO,ES,Federal Contract Tower,0,16,26,0,42,0,0,128,0,128,0,16,154,0,170,104,0,104,274
12/16/2011,LZU,GA,ASO,ES,Federal Contract Tower,0,12,31,0,43,0,3,81,0,84,0,15,112,0,127,84,0,84,211
12/17/2011,LZU,GA,ASO,ES,Federal Contract Tower,0,3,18,0,21,0,3,125,0,128,0,6,143,0,149,62,0,62,211
12/18/2011,LZU,GA,ASO,ES,Federal Contract Tower,0,2,10,6,18,0,0,140,0,140,0,2,150,6,158,68,0,68,226
12/19/2011,LZU,GA,ASO,ES,Federal Contract Tower,0,10,21,0,31,0,1,99,0,100,0,11,120,0,131,58,0,58,189
12/20/2011,LZU,GA,ASO,ES,Federal Contract Tower,0,11,48,0,59,0,0,22,0,22,0,11,70,0,81,44,0,44,125
12/21/2011,LZU,GA,ASO,ES,Federal Contract Tower,0,12,24,4,40,0,0,0,0,0,0,12,24,4,40,0,0,0,40
12/22/2011,LZU,GA,ASO,ES,Federal Contract Tower,0,13,19,2,34,0,0,0,0,0,0,13,19,2,34,0,0,0,34
12/23/2011,LZU,GA,ASO,ES,Federal Contract Tower,0,8,31,0,39,0,1,81,0,82,0,9,112,0,121,34,0,34,155
12/24/2011,LZU,GA,ASO,ES,Federal Contract Tower,0,2,5,0,7,0,0,71,0,71,0,2,76,0,78,60,0,60,138
12/25/2011,LZU,GA,ASO,ES,Federal Contract Tower,0,5,10,0,15,0,0,2,0,2,0,5,12,0,17,0,0,0,17
12/26/2011,LZU,GA,ASO,ES,Federal Contract Tower,0,7,34,0,41,0,1,83,0,84,0,8,117,0,125,30,0,30,155
12/27/2011,LZU,GA,ASO,ES,Federal Contract Tower,0,12,19,0,31,0,1,10,0,11,0,13,29,0,42,10,0,10,52
12/28/2011,LZU,GA,ASO,ES,Federal Contract Tower,0,9,34,0,43,0,1,131,2,134,0,10,165,2,177,14,0,14,191
12/29/2011,LZU,GA,ASO,ES,Federal Contract Tower,0,8,24,0,32,0,1,180,0,181,0,9,204,0,213,104,0,104,317
12/30/2011,LZU,GA,ASO,ES,Federal Contract Tower,0,10,36,0,46,0,0,81,0,81,0,10,117,0,127,48,0,48,175
12/31/2011,LZU,GA,ASO,ES,Federal Contract Tower,0,2,14,0,16,0,1,192,0,193,0,3,206,0,209,104,0,104,313
01/01/2012,LZU,GA,ASO,ES,Federal Contract Tower,0,1,16,0,17,0,0,21,0,21,0,1,37,0,38,2,0,2,40
01/02/2012,LZU,GA,ASO,ES,Federal Contract Tower,0,5,27,0,32,0,0,42,0,42,0,5,69,0,74,2,0,2,76
01/03/2012,LZU,GA,ASO,ES,Federal Contract Tower,0,9,16,0,25,0,2,53,0,55,0,11,69,0,80,98,0,98,178
01/04/2012,LZU,GA,ASO,ES,Federal Contract Tower,0,10,21,0,31,0,0,94,2,96,0,10,115,2,127,106,0,106,233
01/05/2012,LZU,GA,ASO,ES,Federal Contract Tower,0,11,27,0,38,0,1,90,0,91,0,12,117,0,129,96,0,96,225
01/06/2012,LZU,GA,ASO,ES,Federal Contract Tower,0,10,23,0,33,0,1,148,0,149,0,11,171,0,182,160,0,160,342
01/07/2012,LZU,GA,ASO,ES,Federal Contract Tower,0,1,26,0,27,0,0,83,12,95,0,1,109,12,122,206,0,206,328
01/08/2012,LZU,GA,ASO,ES,Federal Contract Tower,0,3,18,0,21,0,0,0,0,0,0,3,18,0,21,0,0,0,21
01/09/2012,LZU,GA,ASO,ES,Federal Contract Tower,0,15,23,0,38,0,0,20,0,20,0,15,43,0,58,56,0,56,114
01/10/2012,LZU,GA,ASO,ES,Federal Contract Tower,0,14,32,0,46,0,0,13,0,13,0,14,45,0,59,84,0,84,143
01/11/2012,LZU,GA,ASO,ES,Federal Contract Tower,0,12,21,0,33,0,0,9,0,9,0,12,30,0,42,26,0,26,68
01/12/2012,LZU,GA,ASO,ES,Federal Contract Tower,0,10,44,0,54,0,0,34,0,34,0,10,78,0,88,116,0,116,204
01/13/2012,LZU,GA,ASO,ES,Federal Contract Tower,0,14,32,0,46,0,3,54,0,57,0,17,86,0,103,70,0,70,173
01/14/2012,LZU,GA,ASO,ES,Federal Contract Tower,0,6,25,0,31,0,0,187,0,187,0,6,212,0,218,222,0,222,440
01/15/2012,LZU,GA,ASO,ES,Federal Contract Tower,0,3,19,0,22,0,1,153,0,154,0,4,172,0,176,42,0,42,218
01/16/2012,LZU,GA,ASO,ES,Federal Contract Tower,0,6,31,0,37,0,3,106,0,109,0,9,137,0,146,54,0,54,200
01/17/2012,LZU,GA,ASO,ES,Federal Contract Tower,0,12,20,0,32,0,0,8,0,8,0,12,28,0,40,20,0,20,60
01/18/2012,LZU,GA,ASO,ES,Federal Contract Tower,0,11,30,0,41,0,9,93,0,102,0,20,123,0,143,146,0,146,289
01/19/2012,LZU,GA,ASO,ES,Federal Contract Tower,0,10,32,0,42,0,5,125,0,130,0,15,157,0,172,178,0,178,350
01/20/2012,LZU,GA,ASO,ES,Federal Contract Tower,0,9,32,0,41,0,0,7,0,7,0,9,39,0,48,36,0,36,84
01/21/2012,LZU,GA,ASO,ES,Federal Contract Tower,0,3,9,0,12,0,0,6,0,6,0,3,15,0,18,22,0,22,40
01/22/2012,LZU,GA,ASO,ES,Federal Contract Tower,0,1,2,0,3,0,0,0,0,0,0,1,2,0,3,0,0,0,3
01/23/2012,LZU,GA,ASO,ES,Federal Contract Tower,0,13,22,0,35,0,0,0,0,0,0,13,22,0,35,0,0,0,35
01/24/2012,LZU,GA,ASO,ES,Federal Contract Tower,0,12,38,0,50,0,1,152,0,153,0,13,190,0,203,142,0,142,345
01/25/2012,LZU,GA,ASO,ES,Federal Contract Tower,0,11,26,0,37,0,2,114,0,116,0,13,140,0,153,132,0,132,285
01/26/2012,LZU,GA,ASO,ES,Federal Contract Tower,0,12,14,5,31,0,0,0,0,0,0,12,14,5,31,0,0,0,31
01/27/2012,LZU,GA,ASO,ES,Federal Contract Tower,0,10,28,0,38,0,5,46,0,51,0,15,74,0,89,160,0,160,249
01/28/2012,LZU,GA,ASO,ES,Federal Contract Tower,0,3,17,0,20,0,1,200,0,201,0,4,217,0,221,182,0,182,403
01/29/2012,LZU,GA,ASO,ES,Federal Contract Tower,0,1,13,0,14,0,1,166,0,167,0,2,179,0,181,132,0,132,313
01/30/2012,LZU,GA,ASO,ES,Federal Contract Tower,0,9,25,0,34,0,2,150,0,152,0,11,175,0,186,192,0,192,378
01/31/2012,LZU,GA,ASO,ES,Federal Contract Tower,0,9,19,0,28,0,5,134,0,139,0,14,153,0,167,178,0,178,345
02/01/2012,LZU,GA,ASO,ES,Federal Contract Tower,0,12,27,0,39,0,5,54,0,59,0,17,81,0,98,234,0,234,332
02/02/2012,LZU,GA,ASO,ES,Federal Contract Tower,0,11,34,0,45,0,4,114,0,118,0,15,148,0,163,206,0,206,369
02/03/2012,LZU,GA,ASO,ES,Federal Contract Tower,0,12,19,0,31,0,0,148,0,148,0,12,167,0,179,116,0,116,295
02/04/2012,LZU,GA,ASO,ES,Federal Contract Tower,0,9,19,0,28,0,2,60,0,62,0,11,79,0,90,130,0,130,220
02/05/2012,LZU,GA,ASO,ES,Federal Contract Tower,0,0,21,0,21,0,0,71,0,71,0,0,92,0,92,58,0,58,150
02/06/2012,LZU,GA,ASO,ES,Federal Contract Tower,0,6,32,0,38,0,0,42,0,42,0,6,74,0,80,92,0,92,172
02/07/2012,LZU,GA,ASO,ES,Federal Contract Tower,0,13,45,0,58,0,5,159,0,164,0,18,204,0,222,206,0,206,428
02/08/2012,LZU,GA,ASO,ES,Federal Contract Tower,0,16,38,0,54,0,5,100,0,105,0,21,138,0,159,90,0,90,249
02/09/2012,LZU,GA,ASO,ES,Federal Contract Tower,0,10,33,0,43,0,4,149,0,153,0,14,182,0,196,144,0,144,340
02/10/2012,LZU,GA,ASO,ES,Federal Contract Tower,0,14,31,0,45,0,0,145,0,145,0,14,176,0,190,230,0,230,420
02/11/2012,LZU,GA,ASO,ES,Federal Contract Tower,0,7,7,0,14,0,1,32,0,33,0,8,39,0,47,10,0,10,57
02/12/2012,LZU,GA,ASO,ES,Federal Contract Tower,0,3,33,0,36,0,1,99,0,100,0,4,132,0,136,24,0,24,160
02/13/2012,LZU,GA,ASO,ES,Federal Contract Tower,0,7,33,0,40,0,1,117,0,118,0,8,150,0,158,116,0,116,274
02/14/2012,LZU,GA,ASO,ES,Federal Contract Tower,0,10,26,0,36,0,0,5,0,5,0,10,31,0,41,14,0,14,55
02/15/2012,LZU,GA,ASO,ES,Federal Contract Tower,0,13,36,0,49,0,1,155,0,156,0,14,191,0,205,270,0,270,475
02/16/2012,LZU,GA,ASO,ES,Federal Contract Tower,0,13,28,0,41,0,0,7,0,7,0,13,35,0,48,4,0,4,52
02/17/2012,LZU,GA,ASO,ES,Federal Contract Tower,0,9,41,0,50,0,0,183,0,183,0,9,224,0,233,306,0,306,539
02/18/2012,LZU,GA,ASO,ES,Federal Contract Tower,0,3,11,0,14,0,0,187,0,187,0,3,198,0,201,194,0,194,395
02/19/2012,LZU,GA,ASO,ES,Federal Contract Tower,0,0,9,0,9,0,0,0,0,0,0,0,9,0,9,0,0,0,9
02/20/2012,LZU,GA,ASO,ES,Federal Contract Tower,0,8,51,0,59,0,2,131,0,133,0,10,182,0,192,138,0,138,330
02/21/2012,LZU,GA,ASO,ES,Federal Contract Tower,0,13,47,0,60,0,2,122,0,124,0,15,169,0,184,158,0,158,342
02/22/2012,LZU,GA,ASO,ES,Federal Contract Tower,0,14,45,0,59,0,0,31,0,31,0,14,76,0,90,6,0,6,96
02/23/2012,LZU,GA,ASO,ES,Federal Contract Tower,0,14,28,0,42,0,1,67,0,68,0,15,95,0,110,38,0,38,148
02/24/2012,LZU,GA,ASO,ES,Federal Contract Tower,0,12,17,0,29,0,0,17,0,17,0,12,34,0,46,0,0,0,46
02/25/2012,LZU,GA,ASO,ES,Federal Contract Tower,0,0,4,26,30,0,0,93,0,93,0,0,97,26,123,66,0,66,189
02/26/2012,LZU,GA,ASO,ES,Federal Contract Tower,0,3,27,0,30,0,0,170,0,170,0,3,197,0,200,176,0,176,376
02/27/2012,LZU,GA,ASO,ES,Federal Contract Tower,0,9,30,0,39,0,0,57,0,57,0,9,87,0,96,54,0,54,150
02/28/2012,LZU,GA,ASO,ES,Federal Contract Tower,0,17,44,0,61,0,0,55,0,55,0,17,99,0,116,128,0,128,244
02/29/2012,LZU,GA,ASO,ES,Federal Contract Tower,0,10,27,0,37,0,1,17,0,18,0,11,44,0,55,22,0,22,77
03/01/2012,LZU,GA,ASO,ES,Federal Contract Tower,0,13,30,0,43,0,0,137,0,137,0,13,167,0,180,94,0,94,274
03/02/2012,LZU,GA,ASO,ES,Federal Contract Tower,0,13,25,0,38,0,0,16,2,18,0,13,41,2,56,20,0,20,76
03/03/2012,LZU,GA,ASO,ES,Federal Contract Tower,0,5,10,0,15,0,0,63,0,63,0,5,73,0,78,68,0,68,146
03/04/2012,LZU,GA,ASO,ES,Federal Contract Tower,0,2,20,0,22,0,3,32,0,35,0,5,52,0,57,20,0,20,77
03/05/2012,LZU,GA,ASO,ES,Federal Contract Tower,0,9,22,0,31,0,3,17,0,20,0,12,39,0,51,4,0,4,55
03/06/2012,LZU,GA,ASO,ES,Federal Contract Tower,0,13,35,2,50,0,0,140,0,140,0,13,175,2,190,128,0,128,318
03/07/2012,LZU,GA,ASO,ES,Federal Contract Tower,0,13,27,0,40,0,4,117,0,121,0,17,144,0,161,184,0,184,345
03/08/2012,LZU,GA,ASO,ES,Federal Contract Tower,0,15,44,0,59,0,0,151,0,151,0,15,195,0,210,200,0,200,410
03/09/2012,LZU,GA,ASO,ES,Federal Contract Tower,0,7,38,0,45,0,0,74,0,74,0,7,112,0,119,98,0,98,217
03/10/2012,LZU,GA,ASO,ES,Federal Contract Tower,0,5,17,0,22,0,0,244,0,244,0,5,261,0,266,378,0,378,644
03/11/2012,LZU,GA,ASO,ES,Federal Contract Tower,0,3,31,0,34,0,0,112,0,112,0,3,143,0,146,172,0,172,318
03/12/2012,LZU,GA,ASO,ES,Federal Contract Tower,0,13,25,0,38,0,1,15,0,16,0,14,40,0,54,110,0,110,164
03/13/2012,LZU,GA,ASO,ES,Federal Contract Tower,0,9,20,0,29,0,2,15,0,17,0,11,35,0,46,34,0,34,80
03/14/2012,LZU,GA,ASO,ES,Federal Contract Tower,0,14,31,0,45,0,2,143,0,145,0,16,174,0,190,142,0,142,332
03/15/2012,LZU,GA,ASO,ES,Federal Contract Tower,0,12,24,1,37,0,0,126,0,126,0,12,150,1,163,136,0,136,299
03/16/2012,LZU,GA,ASO,ES,Federal Contract Tower,0,24,34,0,58,0,0,119,0,119,0,24,153,0,177,82,0,82,259
03/17/2012,LZU,GA,ASO,ES,Federal Contract Tower,0,7,23,0,30,0,0,266,0,266,0,7,289,0,296,134,0,134,430
03/18/2012,LZU,GA,ASO,ES,Federal Contract Tower,0,4,25,0,29,0,0,152,0,152,0,4,177,0,181,74,0,74,255
03/19/2012,LZU,GA,ASO,ES,Federal Contract Tower,0,13,28,0,41,0,1,101,0,102,0,14,129,0,143,100,0,100,243
03/20/2012,LZU,GA,ASO,ES,Federal Contract Tower,0,11,20,0,31,0,0,127,0,127,0,11,147,0,158,72,0,72,230
03/21/2012,LZU,GA,ASO,ES,Federal Contract Tower,0,11,46,0,57,0,0,75,0,75,0,11,121,0,132,66,0,66,198
03/22/2012,LZU,GA,ASO,ES,Federal Contract Tower,0,18,31,2,51,0,0,19,0,19,0,18,50,2,70,26,0,26,96
03/23/2012,LZU,GA,ASO,ES,Federal Contract Tower,0,13,33,0,46,0,30,0,0,30,0,43,33,0,76,40,0,40,116
03/24/2012,LZU,GA,ASO,ES,Federal Contract Tower,0,7,31,0,38,0,2,150,0,152,0,9,181,0,190,118,0,118,308
03/25/2012,LZU,GA,ASO,ES,Federal Contract Tower,0,2,27,0,29,0,2,84,0,86,0,4,111,0,115,46,0,46,161
03/26/2012,LZU,GA,ASO,ES,Federal Contract Tower,0,12,29,1,42,0,0,98,1,99,0,12,127,2,141,116,0,116,257
03/27/2012,LZU,GA,ASO,ES,Federal Contract Tower,0,11,42,0,53,0,1,109,0,110,0,12,151,0,163,114,0,114,277
03/28/2012,LZU,GA,ASO,ES,Federal Contract Tower,0,7,45,0,52,0,1,83,2,86,0,8,128,2,138,152,0,152,290
03/29/2012,LZU,GA,ASO,ES,Federal Contract Tower,0,13,49,0,62,0,3,156,0,159,0,16,205,0,221,178,0,178,399
03/30/2012,LZU,GA,ASO,ES,Federal Contract Tower,0,12,43,0,55,0,2,123,0,125,0,14,166,0,180,132,0,132,312
03/31/2012,LZU,GA,ASO,ES,Federal Contract Tower,0,6,50,0,56,0,0,91,1,92,0,6,141,1,148,170,0,170,318
04/01/2012,LZU,GA,ASO,ES,Federal Contract Tower,0,3,26,0,29,0,4,152,0,156,0,7,178,0,185,120,0,120,305
04/02/2012,LZU,GA,ASO,ES,Federal Contract Tower,0,11,37,0,48,0,0,87,0,87,0,11,124,0,135,74,0,74,209
04/03/2012,LZU,GA,ASO,ES,Federal Contract Tower,0,13,15,0,28,0,5,91,0,96,0,18,106,0,124,42,0,42,166
04/04/2012,LZU,GA,ASO,ES,Federal Contract Tower,0,20,29,0,49,0,1,97,0,98,0,21,126,0,147,120,0,120,267
04/05/2012,LZU,GA,ASO,ES,Federal Contract Tower,0,16,26,0,42,0,1,64,0,65,0,17,90,0,107,72,0,72,179
04/06/2012,LZU,GA,ASO,ES,Federal Contract Tower,0,12,52,0,64,0,1,94,0,95,0,13,146,0,159,122,0,122,281
04/07/2012,LZU,GA,ASO,ES,Federal Contract Tower,0,2,43,0,45,0,1,274,0,275,0,3,317,0,320,154,0,154,474
04/08/2012,LZU,GA,ASO,ES,Federal Contract Tower,0,2,21,0,23,0,0,79,0,79,0,2,100,0,102,40,0,40,142
04/09/2012,LZU,GA,ASO,ES,Federal Contract Tower,0,13,29,0,42,0,1,91,0,92,0,14,120,0,134,58,0,58,192
04/10/2012,LZU,GA,ASO,ES,Federal Contract Tower,0,9,27,0,36,0,2,74,0,76,0,11,101,0,112,108,0,108,220
04/11/2012,LZU,GA,ASO,ES,Federal Contract Tower,0,13,30,0,43,0,1,90,0,91,0,14,120,0,134,30,0,30,164
04/12/2012,LZU,GA,ASO,ES,Federal Contract Tower,0,12,49,0,61,0,1,126,0,127,0,13,175,0,188,104,0,104,292
04/13/2012,LZU,GA,ASO,ES,Federal Contract Tower,0,12,37,0,49,0,1,141,0,142,0,13,178,0,191,112,0,112,303
04/14/2012,LZU,GA,ASO,ES,Federal Contract Tower,0,4,14,0,18,0,3,180,0,183,0,7,194,0,201,208,0,208,409
04/15/2012,LZU,GA,ASO,ES,Federal Contract Tower,0,1,32,0,33,0,0,89,0,89,0,1,121,0,122,26,0,26,148
04/16/2012,LZU,GA,ASO,ES,Federal Contract Tower,0,11,24,0,35,0,4,52,1,57,0,15,76,1,92,58,0,58,150
04/17/2012,LZU,GA,ASO,ES,Federal Contract Tower,0,12,25,2,39,0,0,22,0,22,0,12,47,2,61,48,0,48,109
04/18/2012,LZU,GA,ASO,ES,Federal Contract Tower,0,16,27,0,43,0,0,0,0,0,0,16,27,0,43,0,0,0,43
04/19/2012,LZU,GA,ASO,ES,Federal Contract Tower,0,16,42,2,60,0,2,34,0,36,0,18,76,2,96,74,0,74,170
04/20/2012,LZU,GA,ASO,ES,Federal Contract Tower,0,10,47,0,57,0,0,11,0,11,0,10,58,0,68,0,0,0,68
04/21/2012,LZU,GA,ASO,ES,Federal Contract Tower,0,2,25,0,27,0,1,72,0,73,0,3,97,0,100,98,0,98,198
04/22/2012,LZU,GA,ASO,ES,Federal Contract Tower,0,2,21,0,23,0,2,29,0,31,0,4,50,0,54,18,0,18,72
04/23/2012,LZU,GA,ASO,ES,Federal Contract Tower,0,7,17,0,24,0,0,33,0,33,0,7,50,0,57,0,0,0,57
04/24/2012,LZU,GA,ASO,ES,Federal Contract Tower,0,10,34,2,46,0,0,91,0,91,0,10,125,2,137,66,0,66,203
04/25/2012,LZU,GA,ASO,ES,Federal Contract Tower,0,14,29,0,43,0,2,100,0,102,0,16,129,0,145,138,0,138,283
04/26/2012,LZU,GA,ASO,ES,Federal Contract Tower,0,16,34,0,50,0,2,65,0,67,0,18,99,0,117,70,0,70,187
04/27/2012,LZU,GA,ASO,ES,Federal Contract Tower,0,11,60,0,71,0,0,109,0,109,0,11,169,0,180,146,0,146,326
04/28/2012,LZU,GA,ASO,ES,Federal Contract Tower,0,2,35,0,37,0,0,162,0,162,0,2,197,0,199,264,0,264,463
04/29/2012,LZU,GA,ASO,ES,Federal Contract Tower,0,5,24,0,29,0,0,172,0,172,0,5,196,0,201,72,0,72,273
04/30/2012,LZU,GA,ASO,ES,Federal Contract Tower,0,12,35,0,47,0,0,73,0,73,0,12,108,0,120,64,0,64,184
05/01/2012,LZU,GA,ASO,ES,Federal Contract Tower,0,10,27,0,37,0,3,120,0,123,0,13,147,0,160,110,0,110,270
05/02/2012,LZU,GA,ASO,ES,Federal Contract Tower,0,13,30,0,43,0,2,102,2,106,0,15,132,2,149,88,0,88,237
05/03/2012,LZU,GA,ASO,ES,Federal Contract Tower,0,11,41,0,52,0,1,122,0,123,0,12,163,0,175,152,0,152,327
05/04/2012,LZU,GA,ASO,ES,Federal Contract Tower,0,10,28,0,38,0,3,85,0,88,0,13,113,0,126,70,0,70,196
05/05/2012,LZU,GA,ASO,ES,Federal Contract Tower,0,4,23,0,27,0,2,174,0,176,0,6,197,0,203,114,0,114,317
05/06/2012,LZU,GA,ASO,ES,Federal Contract Tower,0,6,30,0,36,0,2,110,0,112,0,8,140,0,148,78,0,78,226
05/07/2012,LZU,GA,ASO,ES,Federal Contract Tower,0,10,33,0,43,0,0,30,0,30,0,10,63,0,73,66,0,66,139
05/08/2012,LZU,GA,ASO,ES,Federal Contract Tower,0,14,24,0,38,0,0,43,0,43,0,14,67,0,81,78,0,78,159
05/09/2012,LZU,GA,ASO,ES,Federal Contract Tower,0,10,47,0,57,0,0,19,0,19,0,10,66,0,76,14,0,14,90
05/10/2012,LZU,GA,ASO,ES,Federal Contract Tower,0,15,29,0,44,0,1,116,0,117,0,16,145,0,161,58,0,58,219
05/11/2012,LZU,GA,ASO,ES,Federal Contract Tower,0,22,36,0,58,0,0,136,0,136,0,22,172,0,194,92,0,92,286
05/12/2012,LZU,GA,ASO,ES,Federal Contract Tower,0,7,31,0,38,0,0,138,0,138,0,7,169,0,176,154,0,154,330
05/13/2012,LZU,GA,ASO,ES,Federal Contract Tower,0,5,18,0,23,0,0,0,0,0,0,5,18,0,23,0,0,0,23
05/14/2012,LZU,GA,ASO,ES,Federal Contract Tower,0,11,29,0,40,0,16,18,0,34,0,27,47,0,74,76,0,76,150
05/15/2012,LZU,GA,ASO,ES,Federal Contract Tower,0,17,19,0,36,0,1,100,0,101,0,18,119,0,137,116,0,116,253
05/16/2012,LZU,GA,ASO,ES,Federal Contract Tower,0,12,23,0,35,0,1,103,0,104,0,13,126,0,139,168,0,168,307
05/17/2012,LZU,GA,ASO,ES,Federal Contract Tower,0,13,39,0,52,0,1,122,0,123,0,14,161,0,175,62,0,62,237
05/18/2012,LZU,GA,ASO,ES,Federal Contract Tower,0,10,48,0,58,0,3,102,0,105,0,13,150,0,163,74,0,74,237
05/19/2012,LZU,GA,ASO,ES,Federal Contract Tower,0,5,24,2,31,0,2,268,0,270,0,7,292,2,301,270,0,270,571
05/20/2012,LZU,GA,ASO,ES,Federal Contract Tower,0,2,31,0,33,0,1,133,0,134,0,3,164,0,167,66,0,66,233
05/21/2012,LZU,GA,ASO,ES,Federal Contract Tower,0,10,24,0,34,0,0,86,0,86,0,10,110,0,120,76,0,76,196
05/22/2012,LZU,GA,ASO,ES,Federal Contract Tower,0,10,21,2,33,0,1,50,0,51,0,11,71,2,84,20,0,20,104
05/23/2012,LZU,GA,ASO,ES,Federal Contract Tower,0,7,32,0,39,0,0,71,0,71,0,7,103,0,110,72,0,72,182
05/24/2012,LZU,GA,ASO,ES,Federal Contract Tower,0,14,33,0,47,0,2,133,0,135,0,16,166,0,182,116,0,116,298
05/25/2012,LZU,GA,ASO,ES,Federal Contract Tower,0,9,42,0,51,0,2,143,0,145,0,11,185,0,196,56,0,56,252
05/26/2012,LZU,GA,ASO,ES,Federal Contract Tower,0,4,19,0,23,0,0,157,0,157,0,4,176,0,180,82,0,82,262
05/27/2012,LZU,GA,ASO,ES,Federal Contract Tower,0,1,28,0,29,0,0,90,3,93,0,1,118,3,122,32,0,32,154
05/28/2012,LZU,GA,ASO,ES,Federal Contract Tower,0,0,18,0,18,0,0,54,0,54,0,0,72,0,72,56,0,56,128
05/29/2012,LZU,GA,ASO,ES,Federal Contract Tower,0,15,21,0,36,0,0,19,0,19,0,15,40,0,55,8,0,8,63
05/30/2012,LZU,GA,ASO,ES,Federal Contract Tower,0,17,27,0,44,0,3,139,0,142,0,20,166,0,186,134,0,134,320
05/31/2012,LZU,GA,ASO,ES,Federal Contract Tower,0,16,29,0,45,0,4,128,1,133,0,20,157,1,178,112,0,112,290
06/01/2012,LZU,GA,ASO,ES,Federal Contract Tower,0,15,25,0,40,0,2,48,0,50,0,17,73,0,90,54,0,54,144
06/02/2012,LZU,GA,ASO,ES,Federal Contract Tower,0,3,27,0,30,0,3,166,0,169,0,6,193,0,199,80,0,80,279
06/03/2012,LZU,GA,ASO,ES,Federal Contract Tower,0,4,24,3,31,0,1,94,0,95,0,5,118,3,126,88,0,88,214
06/04/2012,LZU,GA,ASO,ES,Federal Contract Tower,0,5,33,0,38,0,3,22,0,25,0,8,55,0,63,18,0,18,81
06/05/2012,LZU,GA,ASO,ES,Federal Contract Tower,0,12,49,2,63,0,0,13,0,13,0,12,62,2,76,24,0,24,100
06/06/2012,LZU,GA,ASO,ES,Federal Contract Tower,0,9,31,0,40,0,1,103,0,104,0,10,134,0,144,118,0,118,262
06/07/2012,LZU,GA,ASO,ES,Federal Contract Tower,0,10,40,0,50,0,0,151,2,153,0,10,191,2,203,166,0,166,369
06/08/2012,LZU,GA,ASO,ES,Federal Contract Tower,0,12,37,0,49,0,0,138,0,138,0,12,175,0,187,138,0,138,325
06/09/2012,LZU,GA,ASO,ES,Federal Contract Tower,0,1,24,0,25,0,2,161,0,163,0,3,185,0,188,122,0,122,310
06/10/2012,LZU,GA,ASO,ES,Federal Contract Tower,0,5,25,0,30,0,0,0,0,0,0,5,25,0,30,0,0,0,30
06/11/2012,LZU,GA,ASO,ES,Federal Contract Tower,0,5,28,0,33,0,0,3,0,3,0,5,31,0,36,4,0,4,40
06/12/2012,LZU,GA,ASO,ES,Federal Contract Tower,0,11,26,1,38,0,4,88,0,92,0,15,114,1,130,74,0,74,204
06/13/2012,LZU,GA,ASO,ES,Federal Contract Tower,0,16,25,0,41,0,5,130,0,135,0,21,155,0,176,158,0,158,334
06/14/2012,LZU,GA,ASO,ES,Federal Contract Tower,0,8,43,0,51,0,1,74,0,75,0,9,117,0,126,96,0,96,222
06/15/2012,LZU,GA,ASO,ES,Federal Contract Tower,0,10,34,0,44,0,2,115,0,117,0,12,149,0,161,172,0,172,333
06/16/2012,LZU,GA,ASO,ES,Federal Contract Tower,0,5,22,0,27,0,1,274,0,275,0,6,296,0,302,240,0,240,542
06/17/2012,LZU,GA,ASO,ES,Federal Contract Tower,0,1,23,0,24,0,1,135,0,136,0,2,158,0,160,100,0,100,260
06/18/2012,LZU,GA,ASO,ES,Federal Contract Tower,0,9,27,0,36,0,1,83,0,84,0,10,110,0,120,134,0,134,254
06/19/2012,LZU,GA,ASO,ES,Federal Contract Tower,0,13,51,2,66,0,4,94,0,98,0,17,145,2,164,118,0,118,282
06/20/2012,LZU,GA,ASO,ES,Federal Contract Tower,0,12,29,0,41,0,4,100,0,104,0,16,129,0,145,142,0,142,287
06/21/2012,LZU,GA,ASO,ES,Federal Contract Tower,0,12,30,0,42,0,1,93,2,96,0,13,123,2,138,176,0,176,314
06/22/2012,LZU,GA,ASO,ES,Federal Contract Tower,0,11,30,0,41,0,0,128,0,128,0,11,158,0,169,86,0,86,255
06/23/2012,LZU,GA,ASO,ES,Federal Contract Tower,0,3,18,0,21,0,0,153,0,153,0,3,171,0,174,126,0,126,300
06/24/2012,LZU,GA,ASO,ES,Federal Contract Tower,0,2,17,0,19,0,0,87,0,87,0,2,104,0,106,50,0,50,156
06/25/2012,LZU,GA,ASO,ES,Federal Contract Tower,0,6,20,0,26,0,3,75,0,78,0,9,95,0,104,44,0,44,148
06/26/2012,LZU,GA,ASO,ES,Federal Contract Tower,0,14,47,0,61,0,1,52,0,53,0,15,99,0,114,64,0,64,178
06/27/2012,LZU,GA,ASO,ES,Federal Contract Tower,0,11,40,0,51,0,1,159,2,162,0,12,199,2,213,132,0,132,345
06/28/2012,LZU,GA,ASO,ES,Federal Contract Tower,0,13,40,0,53,0,0,114,0,114,0,13,154,0,167,176,0,176,343
06/29/2012,LZU,GA,ASO,ES,Federal Contract Tower,0,8,30,0,38,0,4,117,0,121,0,12,147,0,159,78,0,78,237
06/30/2012,LZU,GA,ASO,ES,Federal Contract Tower,0,5,24,0,29,0,3,125,0,128,0,8,149,0,157,98,0,98,255
07/01/2012,LZU,GA,ASO,ES,Federal Contract Tower,0,6,23,0,29,0,1,72,0,73,0,7,95,0,102,52,0,52,154
07/02/2012,LZU,GA,ASO,ES,Federal Contract Tower,0,11,31,0,42,0,0,88,0,88,0,11,119,0,130,144,0,144,274
07/03/2012,LZU,GA,ASO,ES,Federal Contract Tower,0,8,18,2,28,0,7,61,0,68,0,15,79,2,96,66,0,66,162
07/04/2012,LZU,GA,ASO,ES,Federal Contract Tower,0,4,12,0,16,0,0,88,0,88,0,4,100,0,104,92,0,92,196
07/05/2012,LZU,GA,ASO,ES,Federal Contract Tower,0,13,23,0,36,0,1,103,0,104,0,14,126,0,140,44,0,44,184
07/06/2012,LZU,GA,ASO,ES,Federal Contract Tower,0,10,25,0,35,0,7,125,0,132,0,17,150,0,167,80,0,80,247
07/07/2012,LZU,GA,ASO,ES,Federal Contract Tower,0,1,23,0,24,0,0,152,0,152,0,1,175,0,176,116,0,116,292
07/08/2012,LZU,GA,ASO,ES,Federal Contract Tower,0,9,27,0,36,0,0,100,0,100,0,9,127,0,136,50,0,50,186
07/09/2012,LZU,GA,ASO,ES,Federal Contract Tower,0,9,18,0,27,0,0,76,0,76,0,9,94,0,103,124,0,124,227
07/10/2012,LZU,GA,ASO,ES,Federal Contract Tower,0,12,31,0,43,0,6,67,0,73,0,18,98,0,116,92,0,92,208
07/11/2012,LZU,GA,ASO,ES,Federal Contract Tower,0,9,43,0,52,0,0,28,0,28,0,9,71,0,80,86,0,86,166
07/12/2012,LZU,GA,ASO,ES,Federal Contract Tower,0,15,36,0,51,0,0,19,0,19,0,15,55,0,70,52,0,52,122
07/13/2012,LZU,GA,ASO,ES,Federal Contract Tower,0,8,35,0,43,0,0,44,0,44,0,8,79,0,87,48,0,48,135
07/14/2012,LZU,GA,ASO,ES,Federal Contract Tower,0,2,25,0,27,0,0,122,0,122,0,2,147,0,149,108,0,108,257
07/15/2012,LZU,GA,ASO,ES,Federal Contract Tower,0,1,22,2,25,0,0,82,0,82,0,1,104,2,107,36,0,36,143
07/16/2012,LZU,GA,ASO,ES,Federal Contract Tower,0,7,43,0,50,0,2,86,0,88,0,9,129,0,138,84,0,84,222
07/17/2012,LZU,GA,ASO,ES,Federal Contract Tower,0,12,42,0,54,0,1,98,0,99,0,13,140,0,153,130,0,130,283
07/18/2012,LZU,GA,ASO,ES,Federal Contract Tower,0,10,37,0,47,0,0,98,0,98,0,10,135,0,145,122,0,122,267
07/19/2012,LZU,GA,ASO,ES,Federal Contract Tower,0,4,34,0,38,0,2,132,0,134,0,6,166,0,172,148,0,148,320
07/20/2012,LZU,GA,ASO,ES,Federal Contract Tower,0,10,36,0,46,0,0,34,0,34,0,10,70,0,80,26,0,26,106
07/21/2012,LZU,GA,ASO,ES,Federal Contract Tower,0,1,28,0,29,0,0,15,0,15,0,1,43,0,44,26,0,26,70
07/22/2012,LZU,GA,ASO,ES,Federal Contract Tower,0,2,26,0,28,0,1,130,0,131,0,3,156,0,159,102,0,102,261
07/23/2012,LZU,GA,ASO,ES,Federal Contract Tower,0,10,37,0,47,0,6,95,0,101,0,16,132,0,148,82,0,82,230
07/24/2012,LZU,GA,ASO,ES,Federal Contract Tower,0,12,33,0,45,0,2,118,0,120,0,14,151,0,165,50,0,50,215
07/25/2012,LZU,GA,ASO,ES,Federal Contract Tower,0,11,22,0,33,0,0,102,0,102,0,11,124,0,135,170,0,170,305
07/26/2012,LZU,GA,ASO,ES,Federal Contract Tower,0,14,26,0,40,0,2,120,0,122,0,16,146,0,162,146,0,146,308
07/27/2012,LZU,GA,ASO,ES,Federal Contract Tower,0,10,29,0,39,0,0,84,0,84,0,10,113,0,123,122,0,122,245
07/28/2012,LZU,GA,ASO,ES,Federal Contract Tower,0,2,18,0,20,0,0,165,0,165,0,2,183,0,185,146,0,146,331
07/29/2012,LZU,GA,ASO,ES,Federal Contract Tower,0,1,15,0,16,0,1,132,0,133,0,2,147,0,149,54,0,54,203
07/30/2012,LZU,GA,ASO,ES,Federal Contract Tower,0,7,28,0,35,0,0,87,0,87,0,7,115,0,122,108,0,108,230
07/31/2012,LZU,GA,ASO,ES,Federal Contract Tower,0,19,25,0,44,0,0,29,0,29,0,19,54,0,73,62,0,62,135
08/01/2012,LZU,GA,ASO,ES,Federal Contract Tower,0,13,29,0,42,0,1,62,0,63,0,14,91,0,105,80,0,80,185
08/02/2012,LZU,GA,ASO,ES,Federal Contract Tower,0,10,34,0,44,0,2,125,0,127,0,12,159,0,171,156,0,156,327
08/03/2012,LZU,GA,ASO,ES,Federal Contract Tower,0,9,30,0,39,0,1,93,0,94,0,10,123,0,133,218,0,218,351
08/04/2012,LZU,GA,ASO,ES,Federal Contract Tower,0,3,21,0,24,0,1,20,0,21,0,4,41,0,45,78,0,78,123
08/05/2012,LZU,GA,ASO,ES,Federal Contract Tower,0,2,27,0,29,0,0,68,0,68,0,2,95,0,97,34,0,34,131
08/06/2012,LZU,GA,ASO,ES,Federal Contract Tower,0,13,31,0,44,0,0,25,0,25,0,13,56,0,69,50,0,50,119
08/07/2012,LZU,GA,ASO,ES,Federal Contract Tower,0,10,23,0,33,0,0,32,0,32,0,10,55,0,65,44,0,44,109
08/08/2012,LZU,GA,ASO,ES,Federal Contract Tower,0,11,38,0,49,0,2,56,0,58,0,13,94,0,107,26,0,26,133
08/09/2012,LZU,GA,ASO,ES,Federal Contract Tower,0,19,33,0,52,0,3,52,0,55,0,22,85,0,107,117,0,117,224
08/10/2012,LZU,GA,ASO,ES,Federal Contract Tower,0,13,30,0,43,0,0,43,0,43,0,13,73,0,86,82,0,82,168
08/11/2012,LZU,GA,ASO,ES,Federal Contract Tower,0,2,42,0,44,0,0,59,0,59,0,2,101,0,103,52,0,52,155
08/12/2012,LZU,GA,ASO,ES,Federal Contract Tower,0,5,30,0,35,0,1,170,0,171,0,6,200,0,206,120,0,120,326
08/13/2012,LZU,GA,ASO,ES,Federal Contract Tower,0,9,34,0,43,0,0,101,0,101,0,9,135,0,144,120,0,120,264
08/14/2012,LZU,GA,ASO,ES,Federal Contract Tower,0,13,40,0,53,0,1,43,0,44,0,14,83,0,97,88,0,88,185
08/15/2012,LZU,GA,ASO,ES,Federal Contract Tower,0,11,25,0,36,0,1,70,0,71,0,12,95,0,107,102,0,102,209
08/16/2012,LZU,GA,ASO,ES,Federal Contract Tower,0,16,36,0,52,0,2,145,0,147,0,18,181,0,199,68,0,68,267
08/17/2012,LZU,GA,ASO,ES,Federal Contract Tower,0,13,20,0,33,0,5,117,0,122,0,18,137,0,155,88,0,88,243
08/18/2012,LZU,GA,ASO,ES,Federal Contract Tower,0,5,24,0,29,0,3,235,0,238,0,8,259,0,267,182,0,182,449
08/19/2012,LZU,GA,ASO,ES,Federal Contract Tower,0,6,26,0,32,0,2,31,0,33,0,8,57,0,65,78,0,78,143
08/20/2012,LZU,GA,ASO,ES,Federal Contract Tower,0,12,26,0,38,0,3,93,0,96,0,15,119,0,134,154,0,154,288
08/21/2012,LZU,GA,ASO,ES,Federal Contract Tower,0,11,31,0,42,0,2,55,0,57,0,13,86,0,99,70,0,70,169
08/22/2012,LZU,GA,ASO,ES,Federal Contract Tower,0,8,22,0,30,0,0,101,0,101,0,8,123,0,131,118,0,118,249
08/23/2012,LZU,GA,ASO,ES,Federal Contract Tower,0,16,42,0,58,0,1,85,0,86,0,17,127,0,144,116,0,116,260
08/24/2012,LZU,GA,ASO,ES,Federal Contract Tower,0,9,32,0,41,0,0,119,0,119,0,9,151,0,160,136,0,136,296
08/25/2012,LZU,GA,ASO,ES,Federal Contract Tower,0,0,25,0,25,0,2,170,0,172,0,2,195,0,197,160,0,160,357
08/26/2012,LZU,GA,ASO,ES,Federal Contract Tower,0,0,19,0,19,0,0,135,0,135,0,0,154,0,154,64,0,64,218
08/27/2012,LZU,GA,ASO,ES,Federal Contract Tower,0,6,14,0,20,0,1,67,0,68,0,7,81,0,88,52,0,52,140
08/28/2012,LZU,GA,ASO,ES,Federal Contract Tower,0,9,27,0,36,0,0,2,0,2,0,9,29,0,38,0,0,0,38
08/29/2012,LZU,GA,ASO,ES,Federal Contract Tower,0,13,16,0,29,0,2,42,0,44,0,15,58,0,73,68,0,68,141
08/30/2012,LZU,GA,ASO,ES,Federal Contract Tower,0,15,37,0,52,0,0,13,2,15,0,15,50,2,67,20,4,24,91
08/31/2012,LZU,GA,ASO,ES,Federal Contract Tower,0,15,40,0,55,0,0,74,0,74,0,15,114,0,129,102,0,102,231
09/01/2012,LZU,GA,ASO,ES,Federal Contract Tower,0,4,22,0,26,0,1,159,0,160,0,5,181,0,186,96,0,96,282
09/02/2012,LZU,GA,ASO,ES,Federal Contract Tower,0,0,12,0,12,0,2,74,0,76,0,2,86,0,88,74,0,74,162
09/03/2012,LZU,GA,ASO,ES,Federal Contract Tower,0,2,48,0,50,0,0,40,0,40,0,2,88,0,90,24,0,24,114
09/04/2012,LZU,GA,ASO,ES,Federal Contract Tower,0,14,26,0,40,0,0,5,0,5,0,14,31,0,45,38,0,38,83
09/05/2012,LZU,GA,ASO,ES,Federal Contract Tower,0,19,31,0,50,0,1,50,0,51,0,20,81,0,101,62,0,62,163
09/06/2012,LZU,GA,ASO,ES,Federal Contract Tower,0,12,24,0,36,0,1,68,0,69,0,13,92,0,105,74,0,74,179
09/07/2012,LZU,GA,ASO,ES,Federal Contract Tower,0,10,45,0,55,0,0,132,0,132,0,10,177,0,187,118,0,118,305
09/08/2012,LZU,GA,ASO,ES,Federal Contract Tower,0,4,22,0,26,0,0,67,0,67,0,4,89,0,93,48,0,48,141
09/09/2012,LZU,GA,ASO,ES,Federal Contract Tower,0,0,31,0,31,0,0,175,0,175,0,0,206,0,206,66,0,66,272
09/10/2012,LZU,GA,ASO,ES,Federal Contract Tower,0,6,25,0,31,0,1,106,0,107,0,7,131,0,138,88,0,88,226
09/11/2012,LZU,GA,ASO,ES,Federal Contract Tower,0,13,23,0,36,0,1,94,0,95,0,14,117,0,131,60,0,60,191
09/12/2012,LZU,GA,ASO,ES,Federal Contract Tower,0,13,30,0,43,0,1,105,0,106,0,14,135,0,149,90,0,90,239
09/13/2012,LZU,GA,ASO,ES,Federal Contract Tower,0,13,39,0,52,0,1,96,0,97,0,14,135,0,149,138,0,138,287
09/14/2012,LZU,GA,ASO,ES,Federal Contract Tower,0,14,35,0,49,0,0,127,0,127,0,14,162,0,176,124,0,124,300
09/15/2012,LZU,GA,ASO,ES,Federal Contract Tower,0,5,25,0,30,0,3,243,0,246,0,8,268,0,276,226,0,226,502
09/16/2012,LZU,GA,ASO,ES,Federal Contract Tower,0,2,28,0,30,0,2,108,0,110,0,4,136,0,140,62,0,62,202
09/17/2012,LZU,GA,ASO,ES,Federal Contract Tower,0,9,29,0,38,0,0,7,0,7,0,9,36,0,45,12,0,12,57
09/18/2012,LZU,GA,ASO,ES,Federal Contract Tower,0,8,23,0,31,0,0,9,0,9,0,8,32,0,40,0,0,0,40
09/19/2012,LZU,GA,ASO,ES,Federal Contract Tower,0,12,32,2,46,0,2,138,1,141,0,14,170,3,187,152,6,158,345
09/20/2012,LZU,GA,ASO,ES,Federal Contract Tower,0,19,43,0,62,0,3,69,0,72,0,22,112,0,134,94,0,94,228
09/21/2012,LZU,GA,ASO,ES,Federal Contract Tower,0,18,59,0,77,0,0,110,0,110,0,18,169,0,187,88,0,88,275
09/22/2012,LZU,GA,ASO,ES,Federal Contract Tower,0,4,34,0,38,0,4,152,0,156,0,8,186,0,194,114,0,114,308
09/23/2012,LZU,GA,ASO,ES,Federal Contract Tower,0,12,24,0,36,0,0,101,0,101,0,12,125,0,137,28,0,28,165
09/24/2012,LZU,GA,ASO,ES,Federal Contract Tower,0,11,33,0,44,0,0,89,0,89,0,11,122,0,133,64,0,64,197
09/25/2012,LZU,GA,ASO,ES,Federal Contract Tower,0,11,33,0,44,0,2,92,0,94,0,13,125,0,138,116,0,116,254
09/26/2012,LZU,GA,ASO,ES,Federal Contract Tower,0,6,30,0,36,0,2,105,0,107,0,8,135,0,143,104,0,104,247
09/27/2012,LZU,GA,ASO,ES,Federal Contract Tower,0,11,29,0,40,0,0,121,0,121,0,11,150,0,161,116,0,116,277
09/28/2012,LZU,GA,ASO,ES,Federal Contract Tower,0,8,40,0,48,0,0,138,0,138,0,8,178,0,186,162,0,162,348
09/29/2012,LZU,GA,ASO,ES,Federal Contract Tower,0,1,29,0,30,0,0,142,0,142,0,1,171,0,172,206,0,206,378
09/30/2012,LZU,GA,ASO,ES,Federal Contract Tower,0,2,26,0,28,0,0,1,0,1,0,2,27,0,29,0,0,0,29
10/01/2012,LZU,GA,ASO,ES,Federal Contract Tower,0,13,20,0,33,0,0,0,0,0,0,13,20,0,33,0,0,0,33
10/02/2012,LZU,GA,ASO,ES,Federal Contract Tower,0,10,33,0,43,0,2,31,0,33,0,12,64,0,76,30,0,30,106
10/03/2012,LZU,GA,ASO,ES,Federal Contract Tower,0,10,27,0,37,0,1,93,0,94,0,11,120,0,131,118,0,118,249
10/04/2012,LZU,GA,ASO,ES,Federal Contract Tower,0,8,35,0,43,0,0,114,0,114,0,8,149,0,157,52,0,52,209
10/05/2012,LZU,GA,ASO,ES,Federal Contract Tower,0,11,49,2,62,0,0,152,0,152,0,11,201,2,214,66,0,66,280
10/06/2012,LZU,GA,ASO,ES,Federal Contract Tower,0,5,13,0,18,0,0,154,0,154,0,5,167,0,172,96,0,96,268
10/07/2012,LZU,GA,ASO,ES,Federal Contract Tower,0,2,26,0,28,0,1,61,0,62,0,3,87,0,90,58,0,58,148
10/08/2012,LZU,GA,ASO,ES,Federal Contract Tower,0,8,47,0,55,0,0,50,0,50,0,8,97,0,105,86,0,86,191
10/09/2012,LZU,GA,ASO,ES,Federal Contract Tower,0,14,37,0,51,0,0,66,0,66,0,14,103,0,117,16,0,16,133
10/10/2012,LZU,GA,ASO,ES,Federal Contract Tower,0,14,23,0,37,0,1,72,0,73,0,15,95,0,110,48,0,48,158
10/11/2012,LZU,GA,ASO,ES,Federal Contract Tower,0,16,48,0,64,0,2,167,0,169,0,18,215,0,233,144,0,144,377
10/12/2012,LZU,GA,ASO,ES,Federal Contract Tower,0,9,27,0,36,0,4,122,0,126,0,13,149,0,162,36,0,36,198
10/13/2012,LZU,GA,ASO,ES,Federal Contract Tower,0,5,28,0,33,0,1,146,0,147,0,6,174,0,180,102,0,102,282
10/14/2012,LZU,GA,ASO,ES,Federal Contract Tower,0,8,33,0,41,0,0,53,0,53,0,8,86,0,94,34,0,34,128
10/15/2012,LZU,GA,ASO,ES,Federal Contract Tower,0,10,26,0,36,0,2,22,0,24,0,12,48,0,60,14,0,14,74
10/16/2012,LZU,GA,ASO,ES,Federal Contract Tower,0,11,40,0,51,0,1,89,0,90,0,12,129,0,141,162,0,162,303
10/17/2012,LZU,GA,ASO,ES,Federal Contract Tower,0,16,29,0,45,0,0,95,0,95,0,16,124,0,140,110,0,110,250
10/18/2012,LZU,GA,ASO,ES,Federal Contract Tower,0,10,43,0,53,0,0,48,0,48,0,10,91,0,101,100,0,100,201
10/19/2012,LZU,GA,ASO,ES,Federal Contract Tower,0,11,36,0,47,0,0,93,0,93,0,11,129,0,140,74,0,74,214
10/20/2012,LZU,GA,ASO,ES,Federal Contract Tower,0,5,12,0,17,0,0,169,0,169,0,5,181,0,186,118,0,118,304
10/21/2012,LZU,GA,ASO,ES,Federal Contract Tower,0,4,27,0,31,0,0,146,0,146,0,4,173,0,177,70,0,70,247
10/22/2012,LZU,GA,ASO,ES,Federal Contract Tower,0,14,34,0,48,0,0,80,0,80,0,14,114,0,128,72,0,72,200
10/23/2012,LZU,GA,ASO,ES,Federal Contract Tower,0,9,26,0,35,0,2,98,0,100,0,11,124,0,135,102,0,102,237
10/24/2012,LZU,GA,ASO,ES,Federal Contract Tower,0,10,28,0,38,0,0,117,0,117,0,10,145,0,155,120,0,120,275
10/25/2012,LZU,GA,ASO,ES,Federal Contract Tower,0,9,35,0,44,0,3,106,0,109,0,12,141,0,153,166,0,166,319
10/26/2012,LZU,GA,ASO,ES,Federal Contract Tower,0,8,28,0,36,0,1,86,0,87,0,9,114,0,123,90,0,90,213
10/27/2012,LZU,GA,ASO,ES,Federal Contract Tower,0,3,28,0,31,0,0,118,0,118,0,3,146,0,149,86,0,86,235
10/28/2012,LZU,GA,ASO,ES,Federal Contract Tower,0,5,29,0,34,0,0,14,0,14,0,5,43,0,48,0,0,0,48
10/29/2012,LZU,GA,ASO,ES,Federal Contract Tower,0,12,23,0,35,0,0,20,0,20,0,12,43,0,55,14,0,14,69
10/30/2012,LZU,GA,ASO,ES,Federal Contract Tower,0,11,10,0,21,0,1,10,0,11,0,12,20,0,32,0,0,0,32
10/31/2012,LZU,GA,ASO,ES,Federal Contract Tower,0,11,27,0,38,0,3,68,0,71,0,14,95,0,109,50,0,50,159
11/01/2012,LZU,GA,ASO,ES,Federal Contract Tower,0,14,26,0,40,0,3,51,0,54,0,17,77,0,94,36,0,36,130
11/02/2012,LZU,GA,ASO,ES,Federal Contract Tower,0,13,38,0,51,0,1,77,0,78,0,14,115,0,129,22,0,22,151
11/03/2012,LZU,GA,ASO,ES,Federal Contract Tower,0,3,30,0,33,0,2,233,0,235,0,5,263,0,268,142,0,142,410
11/04/2012,LZU,GA,ASO,ES,Federal Contract Tower,0,10,29,0,39,0,0,40,0,40,0,10,69,0,79,30,0,30,109
11/05/2012,LZU,GA,ASO,ES,Federal Contract Tower,0,10,35,0,45,0,0,77,0,77,0,10,112,0,122,10,0,10,132
11/06/2012,LZU,GA,ASO,ES,Federal Contract Tower,0,13,28,0,41,0,0,9,0,9,0,13,37,0,50,20,2,22,72
11/07/2012,LZU,GA,ASO,ES,Federal Contract Tower,0,9,20,0,29,0,0,7,0,7,0,9,27,0,36,26,0,26,62
11/08/2012,LZU,GA,ASO,ES,Federal Contract Tower,0,11,30,0,41,0,0,95,0,95,0,11,125,0,136,98,0,98,234
11/09/2012,LZU,GA,ASO,ES,Federal Contract Tower,0,14,43,0,57,0,2,128,2,132,0,16,171,2,189,102,0,102,291
11/10/2012,LZU,GA,ASO,ES,Federal Contract Tower,0,5,23,0,28,0,0,152,0,152,0,5,175,0,180,106,0,106,286
11/11/2012,LZU,GA,ASO,ES,Federal Contract Tower,0,8,42,0,50,0,1,126,0,127,0,9,168,0,177,30,0,30,207
11/12/2012,LZU,GA,ASO,ES,Federal Contract Tower,0,9,30,0,39,0,0,3,0,3,0,9,33,0,42,28,0,28,70
11/13/2012,LZU,GA,ASO,ES,Federal Contract Tower,0,8,28,0,36,0,0,72,0,72,0,8,100,0,108,24,0,24,132
11/14/2012,LZU,GA,ASO,ES,Federal Contract Tower,0,12,42,0,54,0,0,68,0,68,0,12,110,0,122,44,0,44,166
11/15/2012,LZU,GA,ASO,ES,Federal Contract Tower,0,9,32,1,42,0,1,30,0,31,0,10,62,1,73,104,0,104,177
11/16/2012,LZU,GA,ASO,ES,Federal Contract Tower,0,12,48,0,60,0,1,108,0,109,0,13,156,0,169,46,0,46,215
11/17/2012,LZU,GA,ASO,ES,Federal Contract Tower,0,2,20,0,22,0,0,185,0,185,0,2,205,0,207,80,0,80,287
11/18/2012,LZU,GA,ASO,ES,Federal Contract Tower,0,1,21,0,22,0,0,97,0,97,0,1,118,0,119,44,0,44,163
11/19/2012,LZU,GA,ASO,ES,Federal Contract Tower,0,11,20,0,31,0,0,30,0,30,0,11,50,0,61,76,0,76,137
11/20/2012,LZU,GA,ASO,ES,Federal Contract Tower,0,8,22,0,30,0,0,76,0,76,0,8,98,0,106,46,0,46,152
11/21/2012,LZU,GA,ASO,ES,Federal Contract Tower,0,10,29,0,39,0,0,142,0,142,0,10,171,0,181,104,0,104,285
11/22/2012,LZU,GA,ASO,ES,Federal Contract Tower,0,4,14,0,18,0,0,40,0,40,0,4,54,0,58,0,0,0,58
11/23/2012,LZU,GA,ASO,ES,Federal Contract Tower,0,6,25,0,31,0,0,121,0,121,0,6,146,0,152,68,0,68,220
11/24/2012,LZU,GA,ASO,ES,Federal Contract Tower,0,2,24,0,26,0,0,110,0,110,0,2,134,0,136,70,0,70,206
11/25/2012,LZU,GA,ASO,ES,Federal Contract Tower,0,3,51,0,54,0,0,130,0,130,0,3,181,0,184,90,0,90,274
11/26/2012,LZU,GA,ASO,ES,Federal Contract Tower,0,7,36,0,43,0,3,99,0,102,0,10,135,0,145,92,0,92,237
11/27/2012,LZU,GA,ASO,ES,Federal Contract Tower,0,7,18,0,25,0,0,0,0,0,0,7,18,0,25,0,0,0,25
11/28/2012,LZU,GA,ASO,ES,Federal Contract Tower,0,12,37,0,49,0,2,62,0,64,0,14,99,0,113,108,0,108,221
11/29/2012,LZU,GA,ASO,ES,Federal Contract Tower,0,11,24,0,35,0,3,101,3,107,0,14,125,3,142,40,0,40,182
11/30/2012,LZU,GA,ASO,ES,Federal Contract Tower,0,9,26,0,35,0,0,109,0,109,0,9,135,0,144,64,0,64,208
12/01/2012,LZU,GA,ASO,ES,Federal Contract Tower,0,7,24,0,31,0,3,152,0,155,0,10,176,0,186,196,0,196,382
12/02/2012,LZU,GA,ASO,ES,Federal Contract Tower,0,2,18,0,20,0,2,109,0,111,0,4,127,0,131,80,0,80,211
12/03/2012,LZU,GA,ASO,ES,Federal Contract Tower,0,9,34,0,43,0,2,80,0,82,0,11,114,0,125,88,0,88,213
12/04/2012,LZU,GA,ASO,ES,Federal Contract Tower,0,18,23,0,41,0,1,54,0,55,0,19,77,0,96,62,0,62,158
12/05/2012,LZU,GA,ASO,ES,Federal Contract Tower,0,6,39,0,45,0,0,37,0,37,0,6,76,0,82,48,0,48,130
12/06/2012,LZU,GA,ASO,ES,Federal Contract Tower,0,17,28,0,45,0,0,66,0,66,0,17,94,0,111,108,0,108,219
12/07/2012,LZU,GA,ASO,ES,Federal Contract Tower,0,14,32,0,46,0,1,71,0,72,0,15,103,0,118,34,0,34,152
12/08/2012,LZU,GA,ASO,ES,Federal Contract Tower,0,8,22,0,30,0,0,76,0,76,0,8,98,0,106,184,0,184,290
12/09/2012,LZU,GA,ASO,ES,Federal Contract Tower,0,5,27,0,32,0,0,55,0,55,0,5,82,0,87,18,0,18,105
12/10/2012,LZU,GA,ASO,ES,Federal Contract Tower,0,13,21,0,34,0,0,5,0,5,0,13,26,0,39,14,0,14,53
12/11/2012,LZU,GA,ASO,ES,Federal Contract Tower,0,11,39,0,50,0,1,56,0,57,0,12,95,0,107,40,0,40,147
12/12/2012,LZU,GA,ASO,ES,Federal Contract Tower,0,7,47,0,54,0,0,50,0,50,0,7,97,0,104,34,2,36,140
12/13/2012,LZU,GA,ASO,ES,Federal Contract Tower,0,12,30,0,42,0,3,108,0,111,0,15,138,0,153,90,0,90,243
12/14/2012,LZU,GA,ASO,ES,Federal Contract Tower,0,8,32,0,40,0,1,134,0,135,0,9,166,0,175,54,0,54,229
12/15/2012,LZU,GA,ASO,ES,Federal Contract Tower,0,5,29,0,34,0,0,171,0,171,0,5,200,0,205,152,0,152,357
12/16/2012,LZU,GA,ASO,ES,Federal Contract Tower,0,5,19,0,24,0,0,5,0,5,0,5,24,0,29,14,0,14,43
12/17/2012,LZU,GA,ASO,ES,Federal Contract Tower,0,11,26,0,37,0,0,0,0,0,0,11,26,0,37,0,0,0,37
12/18/2012,LZU,GA,ASO,ES,Federal Contract Tower,0,18,37,0,55,0,2,108,0,110,0,20,145,0,165,74,0,74,239
12/19/2012,LZU,GA,ASO,ES,Federal Contract Tower,0,11,27,0,38,0,2,135,0,137,0,13,162,0,175,108,0,108,283
12/20/2012,LZU,GA,ASO,ES,Federal Contract Tower,0,12,21,0,33,0,1,4,0,5,0,13,25,0,38,20,0,20,58
12/21/2012,LZU,GA,ASO,ES,Federal Contract Tower,0,16,27,0,43,0,1,5,0,6,0,17,32,0,49,2,0,2,51
12/22/2012,LZU,GA,ASO,ES,Federal Contract Tower,0,6,28,0,34,0,0,86,0,86,0,6,114,0,120,46,0,46,166
12/23/2012,LZU,GA,ASO,ES,Federal Contract Tower,0,2,20,0,22,0,0,91,0,91,0,2,111,0,113,44,0,44,157
12/24/2012,LZU,GA,ASO,ES,Federal Contract Tower,0,7,14,0,21,0,0,0,0,0,0,7,14,0,21,0,0,0,21
12/25/2012,LZU,GA,ASO,ES,Federal Contract Tower,0,3,5,0,8,0,0,0,0,0,0,3,5,0,8,0,0,0,8
12/26/2012,LZU,GA,ASO,ES,Federal Contract Tower,0,11,20,0,31,0,0,5,0,5,0,11,25,0,36,4,0,4,40
12/27/2012,LZU,GA,ASO,ES,Federal Contract Tower,0,8,44,0,52,0,3,91,0,94,0,11,135,0,146,50,0,50,196
12/28/2012,LZU,GA,ASO,ES,Federal Contract Tower,0,7,21,0,28,0,1,125,2,128,0,8,146,2,156,98,0,98,254
12/29/2012,LZU,GA,ASO,ES,Federal Contract Tower,0,3,10,0,13,0,0,3,0,3,0,3,13,0,16,8,0,8,24
12/30/2012,LZU,GA,ASO,ES,Federal Contract Tower,0,2,26,0,28,0,1,124,0,125,0,3,150,0,153,24,0,24,177
12/31/2012,LZU,GA,ASO,ES,Federal Contract Tower,0,7,18,0,25,0,0,116,0,116,0,7,134,0,141,76,0,76,217
01/01/2013,LZU,GA,ASO,ES,Federal Contract Tower,0,4,14,0,18,0,0,1,0,1,0,4,15,0,19,0,0,0,19
01/02/2013,LZU,GA,ASO,ES,Federal Contract Tower,0,9,33,0,42,0,0,15,0,15,0,9,48,0,57,0,0,0,57
01/03/2013,LZU,GA,ASO,ES,Federal Contract Tower,0,13,33,0,46,0,2,72,0,74,0,15,105,0,120,78,0,78,198
01/04/2013,LZU,GA,ASO,ES,Federal Contract Tower,0,8,38,0,46,0,2,113,0,115,0,10,151,0,161,62,0,62,223
01/05/2013,LZU,GA,ASO,ES,Federal Contract Tower,0,4,22,0,26,0,0,198,0,198,0,4,220,0,224,138,0,138,362
01/06/2013,LZU,GA,ASO,ES,Federal Contract Tower,0,4,16,0,20,0,0,46,0,46,0,4,62,0,66,12,0,12,78
01/07/2013,LZU,GA,ASO,ES,Federal Contract Tower,0,10,14,0,24,0,0,96,0,96,0,10,110,0,120,68,0,68,188
01/08/2013,LZU,GA,ASO,ES,Federal Contract Tower,0,9,27,1,37,0,0,48,1,49,0,9,75,2,86,108,0,108,194
01/09/2013,LZU,GA,ASO,ES,Federal Contract Tower,0,13,29,0,42,0,0,66,0,66,0,13,95,0,108,76,0,76,184
01/10/2013,LZU,GA,ASO,ES,Federal Contract Tower,0,13,21,0,34,0,0,47,0,47,0,13,68,0,81,100,0,100,181
01/11/2013,LZU,GA,ASO,ES,Federal Contract Tower,0,12,40,0,52,0,0,0,0,0,0,12,40,0,52,0,0,0,52
01/12/2013,LZU,GA,ASO,ES,Federal Contract Tower,0,3,33,0,36,0,0,105,4,109,0,3,138,4,145,82,8,90,235
01/13/2013,LZU,GA,ASO,ES,Federal Contract Tower,0,3,18,0,21,0,0,33,0,33,0,3,51,0,54,8,0,8,62
01/14/2013,LZU,GA,ASO,ES,Federal Contract Tower,0,11,23,0,34,0,0,9,0,9,0,11,32,0,43,14,0,14,57
01/15/2013,LZU,GA,ASO,ES,Federal Contract Tower,0,12,22,0,34,0,0,0,0,0,0,12,22,0,34,0,0,0,34
01/16/2013,LZU,GA,ASO,ES,Federal Contract Tower,0,15,14,0,29,0,0,0,0,0,0,15,14,0,29,0,0,0,29
01/17/2013,LZU,GA,ASO,ES,Federal Contract Tower,0,17,20,0,37,0,0,0,0,0,0,17,20,0,37,0,0,0,37
01/18/2013,LZU,GA,ASO,ES,Federal Contract Tower,0,10,44,2,56,0,2,168,0,170,0,12,212,2,226,84,0,84,310
01/19/2013,LZU,GA,ASO,ES,Federal Contract Tower,0,3,27,0,30,0,1,234,0,235,0,4,261,0,265,208,0,208,473
01/20/2013,LZU,GA,ASO,ES,Federal Contract Tower,0,4,22,0,26,0,0,124,0,124,0,4,146,0,150,40,0,40,190
01/21/2013,LZU,GA,ASO,ES,Federal Contract Tower,0,8,43,0,51,0,1,82,0,83,0,9,125,0,134,18,0,18,152
01/22/2013,LZU,GA,ASO,ES,Federal Contract Tower,0,4,28,0,32,0,5,49,0,54,0,9,77,0,86,50,0,50,136
01/23/2013,LZU,GA,ASO,ES,Federal Contract Tower,0,11,24,0,35,0,13,76,0,89,0,24,100,0,124,62,0,62,186
01/24/2013,LZU,GA,ASO,ES,Federal Contract Tower,0,11,26,1,38,0,3,83,0,86,0,14,109,1,124,76,0,76,200
01/25/2013,LZU,GA,ASO,ES,Federal Contract Tower,0,12,12,0,24,0,0,25,0,25,0,12,37,0,49,8,0,8,57
01/26/2013,LZU,GA,ASO,ES,Federal Contract Tower,0,6,23,0,29,0,1,130,0,131,0,7,153,0,160,72,0,72,232
01/27/2013,LZU,GA,ASO,ES,Federal Contract Tower,0,3,27,0,30,0,0,120,0,120,0,3,147,0,150,62,0,62,212
01/28/2013,LZU,GA,ASO,ES,Federal Contract Tower,0,12,46,0,58,0,1,23,0,24,0,13,69,0,82,36,0,36,118
01/29/2013,LZU,GA,ASO,ES,Federal Contract Tower,0,15,26,2,43,0,0,54,0,54,0,15,80,2,97,92,0,92,189
01/30/2013,LZU,GA,ASO,ES,Federal Contract Tower,0,6,11,0,17,0,0,0,0,0,0,6,11,0,17,0,0,0,17
01/31/2013,LZU,GA,ASO,ES,Federal Contract Tower,0,11,35,0,46,0,5,45,0,50,0,16,80,0,96,20,0,20,116
02/01/2013,LZU,GA,ASO,ES,Federal Contract Tower,0,10,32,0,42,0,6,60,0,66,0,16,92,0,108,42,0,42,150
02/02/2013,LZU,GA,ASO,ES,Federal Contract Tower,0,5,25,1,31,0,0,186,0,186,0,5,211,1,217,198,0,198,415
02/03/2013,LZU,GA,ASO,ES,Federal Contract Tower,0,2,14,0,16,0,1,48,0,49,0,3,62,0,65,16,0,16,81
02/04/2013,LZU,GA,ASO,ES,Federal Contract Tower,0,8,35,0,43,0,5,87,0,92,0,13,122,0,135,172,0,172,307
02/05/2013,LZU,GA,ASO,ES,Federal Contract Tower,0,10,46,1,57,0,5,68,0,73,0,15,114,1,130,134,0,134,264
02/06/2013,LZU,GA,ASO,ES,Federal Contract Tower,0,11,32,0,43,0,6,135,0,141,0,17,167,0,184,98,0,98,282
02/07/2013,LZU,GA,ASO,ES,Federal Contract Tower,0,8,21,0,29,0,0,0,0,0,0,8,21,0,29,0,0,0,29
02/08/2013,LZU,GA,ASO,ES,Federal Contract Tower,0,17,27,0,44,0,1,43,0,44,0,18,70,0,88,94,0,94,182
02/09/2013,LZU,GA,ASO,ES,Federal Contract Tower,0,0,24,0,24,0,1,225,0,226,0,1,249,0,250,154,0,154,404
02/10/2013,LZU,GA,ASO,ES,Federal Contract Tower,0,8,15,0,23,0,1,68,0,69,0,9,83,0,92,6,0,6,98
02/11/2013,LZU,GA,ASO,ES,Federal Contract Tower,0,14,11,0,25,0,0,4,0,4,0,14,15,0,29,0,0,0,29
02/12/2013,LZU,GA,ASO,ES,Federal Contract Tower,0,16,29,0,45,0,3,40,0,43,0,19,69,0,88,50,0,50,138
02/13/2013,LZU,GA,ASO,ES,Federal Contract Tower,0,11,24,0,35,0,0,4,2,6,0,11,28,2,41,18,4,22,63
02/14/2013,LZU,GA,ASO,ES,Federal Contract Tower,0,9,49,0,58,0,0,80,0,80,0,9,129,0,138,110,0,110,248
02/15/2013,LZU,GA,ASO,ES,Federal Contract Tower,0,9,38,0,47,0,0,170,0,170,0,9,208,0,217,156,0,156,373
02/16/2013,LZU,GA,ASO,ES,Federal Contract Tower,0,2,9,0,11,0,0,91,0,91,0,2,100,0,102,40,0,40,142
02/17/2013,LZU,GA,ASO,ES,Federal Contract Tower,0,3,30,0,33,0,0,73,0,73,0,3,103,0,106,40,0,40,146
02/18/2013,LZU,GA,ASO,ES,Federal Contract Tower,0,11,26,0,37,0,3,145,0,148,0,14,171,0,185,226,0,226,411
02/19/2013,LZU,GA,ASO,ES,Federal Contract Tower,0,8,27,0,35,0,0,11,0,11,0,8,38,0,46,0,0,0,46
02/20/2013,LZU,GA,ASO,ES,Federal Contract Tower,0,20,35,0,55,0,0,85,0,85,0,20,120,0,140,150,0,150,290
02/21/2013,LZU,GA,ASO,ES,Federal Contract Tower,0,16,34,0,50,0,4,132,0,136,0,20,166,0,186,148,0,148,334
02/22/2013,LZU,GA,ASO,ES,Federal Contract Tower,0,11,23,0,34,0,0,0,0,0,0,11,23,0,34,0,0,0,34
02/23/2013,LZU,GA,ASO,ES,Federal Contract Tower,0,4,14,0,18,0,0,1,0,1,0,4,15,0,19,0,0,0,19
02/24/2013,LZU,GA,ASO,ES,Federal Contract Tower,0,5,23,0,28,0,1,163,0,164,0,6,186,0,192,28,0,28,220
02/25/2013,LZU,GA,ASO,ES,Federal Contract Tower,0,10,18,0,28,0,1,38,0,39,0,11,56,0,67,62,0,62,129
02/26/2013,LZU,GA,ASO,ES,Federal Contract Tower,0,9,21,0,30,0,0,3,0,3,0,9,24,0,33,12,0,12,45
02/27/2013,LZU,GA,ASO,ES,Federal Contract Tower,0,9,33,0,42,0,0,113,2,115,0,9,146,2,157,124,0,124,281
02/28/2013,LZU,GA,ASO,ES,Federal Contract Tower,0,12,30,0,42,0,0,63,0,63,0,12,93,0,105,112,0,112,217
03/01/2013,LZU,GA,ASO,ES,Federal Contract Tower,0,11,30,0,41,0,4,70,0,74,0,15,100,0,115,46,0,46,161
03/02/2013,LZU,GA,ASO,ES,Federal Contract Tower,0,3,18,0,21,0,0,32,0,32,0,3,50,0,53,60,0,60,113
03/03/2013,LZU,GA,ASO,ES,Federal Contract Tower,0,6,23,0,29,0,0,58,0,58,0,6,81,0,87,54,0,54,141
03/04/2013,LZU,GA,ASO,ES,Federal Contract Tower,0,8,26,0,34,0,2,92,0,94,0,10,118,0,128,80,0,80,208
03/05/2013,LZU,GA,ASO,ES,Federal Contract Tower,0,9,36,0,45,0,0,19,0,19,0,9,55,0,64,54,0,54,118
03/06/2013,LZU,GA,ASO,ES,Federal Contract Tower,0,10,15,0,25,0,0,4,0,4,0,10,19,0,29,0,0,0,29
03/07/2013,LZU,GA,ASO,ES,Federal Contract Tower,0,11,26,0,37,0,1,148,0,149,0,12,174,0,186,84,0,84,270
03/08/2013,LZU,GA,ASO,ES,Federal Contract Tower,0,13,26,2,41,0,2,164,2,168,0,15,190,4,209,70,0,70,279
03/09/2013,LZU,GA,ASO,ES,Federal Contract Tower,0,4,24,0,28,0,1,206,0,207,0,5,230,0,235,222,0,222,457
03/10/2013,LZU,GA,ASO,ES,Federal Contract Tower,0,5,23,0,28,0,0,99,0,99,0,5,122,0,127,106,0,106,233
03/11/2013,LZU,GA,ASO,ES,Federal Contract Tower,0,7,21,0,28,0,0,9,0,9,0,7,30,0,37,98,0,98,135
03/12/2013,LZU,GA,ASO,ES,Federal Contract Tower,0,9,24,0,33,0,0,75,0,75,0,9,99,0,108,114,0,114,222
03/13/2013,LZU,GA,ASO,ES,Federal Contract Tower,0,11,29,0,40,0,0,79,0,79,0,11,108,0,119,20,0,20,139
03/14/2013,LZU,GA,ASO,ES,Federal Contract Tower,0,10,29,0,39,0,3,130,0,133,0,13,159,0,172,208,0,208,380
03/15/2013,LZU,GA,ASO,ES,Federal Contract Tower,0,13,35,0,48,0,0,127,0,127,0,13,162,0,175,86,0,86,261
03/16/2013,LZU,GA,ASO,ES,Federal Contract Tower,0,2,22,0,24,0,1,143,0,144,0,3,165,0,168,136,0,136,304
03/17/2013,LZU,GA,ASO,ES,Federal Contract Tower,0,1,22,0,23,0,0,115,0,115,0,1,137,0,138,6,0,6,144
03/18/2013,LZU,GA,ASO,ES,Federal Contract Tower,0,16,20,0,36,0,0,0,0,0,0,16,20,0,36,0,0,0,36
03/19/2013,LZU,GA,ASO,ES,Federal Contract Tower,0,9,40,0,49,0,7,96,0,103,0,16,136,0,152,72,0,72,224
03/20/2013,LZU,GA,ASO,ES,Federal Contract Tower,0,10,41,1,52,0,12,93,1,106,0,22,134,2,158,108,0,108,266
03/21/2013,LZU,GA,ASO,ES,Federal Contract Tower,0,18,26,0,44,0,0,79,0,79,0,18,105,0,123,28,0,28,151
03/22/2013,LZU,GA,ASO,ES,Federal Contract Tower,0,13,31,0,44,0,0,72,0,72,0,13,103,0,116,156,0,156,272
03/23/2013,LZU,GA,ASO,ES,Federal Contract Tower,0,2,16,0,18,0,0,2,0,2,0,2,18,0,20,2,0,2,22
03/24/2013,LZU,GA,ASO,ES,Federal Contract Tower,0,3,19,0,22,0,0,0,0,0,0,3,19,0,22,0,0,0,22
03/25/2013,LZU,GA,ASO,ES,Federal Contract Tower,0,8,23,0,31,0,0,12,0,12,0,8,35,0,43,0,0,0,43
03/26/2013,LZU,GA,ASO,ES,Federal Contract Tower,0,11,37,0,48,0,3,19,0,22,0,14,56,0,70,6,0,6,76
03/27/2013,LZU,GA,ASO,ES,Federal Contract Tower,0,9,36,0,45,0,6,133,0,139,0,15,169,0,184,98,0,98,282
03/28/2013,LZU,GA,ASO,ES,Federal Contract Tower,0,16,31,0,47,0,0,133,0,133,0,16,164,0,180,144,0,144,324
03/29/2013,LZU,GA,ASO,ES,Federal Contract Tower,0,10,26,0,36,0,1,156,0,157,0,11,182,0,193,202,0,202,395
03/30/2013,LZU,GA,ASO,ES,Federal Contract Tower,0,3,27,0,30,0,0,164,0,164,0,3,191,0,194,190,0,190,384
03/31/2013,LZU,GA,ASO,ES,Federal Contract Tower,0,3,17,0,20,0,1,12,0,13,0,4,29,0,33,0,0,0,33
04/01/2013,LZU,GA,ASO,ES,Federal Contract Tower,0,8,37,0,45,0,0,83,0,83,0,8,120,0,128,72,0,72,200
04/02/2013,LZU,GA,ASO,ES,Federal Contract Tower,0,8,31,0,39,0,2,141,0,143,0,10,172,0,182,92,6,98,280
04/03/2013,LZU,GA,ASO,ES,Federal Contract Tower,0,9,41,0,50,0,0,102,2,104,0,9,143,2,154,88,0,88,242
04/04/2013,LZU,GA,ASO,ES,Federal Contract Tower,0,14,21,0,35,0,0,0,0,0,0,14,21,0,35,0,0,0,35
04/05/2013,LZU,GA,ASO,ES,Federal Contract Tower,0,14,34,0,48,0,2,87,0,89,0,16,121,0,137,118,0,118,255
04/06/2013,LZU,GA,ASO,ES,Federal Contract Tower,0,1,32,0,33,0,1,198,0,199,0,2,230,0,232,204,0,204,436
04/07/2013,LZU,GA,ASO,ES,Federal Contract Tower,0,7,34,0,41,0,3,135,0,138,0,10,169,0,179,154,0,154,333
04/08/2013,LZU,GA,ASO,ES,Federal Contract Tower,0,13,41,0,54,0,0,95,0,95,0,13,136,0,149,166,0,166,315
04/09/2013,LZU,GA,ASO,ES,Federal Contract Tower,0,8,28,0,36,0,0,94,0,94,0,8,122,0,130,156,0,156,286
04/10/2013,LZU,GA,ASO,ES,Federal Contract Tower,0,15,51,0,66,0,5,110,0,115,0,20,161,0,181,116,0,116,297
04/11/2013,LZU,GA,ASO,ES,Federal Contract Tower,0,13,19,0,32,0,2,32,2,36,0,15,51,2,68,52,0,52,120
04/12/2013,LZU,GA,ASO,ES,Federal Contract Tower,0,13,51,0,64,0,1,134,0,135,0,14,185,0,199,26,0,26,225
04/13/2013,LZU,GA,ASO,ES,Federal Contract Tower,0,1,18,0,19,0,2,174,0,176,0,3,192,0,195,62,0,62,257
04/14/2013,LZU,GA,ASO,ES,Federal Contract Tower,0,6,25,0,31,0,0,51,0,51,0,6,76,0,82,62,0,62,144
04/15/2013,LZU,GA,ASO,ES,Federal Contract Tower,0,0,17,30,47,0,1,44,0,45,0,1,61,30,92,74,0,74,166
04/16/2013,LZU,GA,ASO,ES,Federal Contract Tower,0,12,37,0,49,0,0,61,0,61,0,12,98,0,110,80,0,80,190
04/17/2013,LZU,GA,ASO,ES,Federal Contract Tower,0,10,38,0,48,0,6,91,2,99,0,16,129,2,147,86,0,86,233
04/18/2013,LZU,GA,ASO,ES,Federal Contract Tower,0,11,47,2,60,0,3,102,0,105,0,14,149,2,165,74,0,74,239
04/19/2013,LZU,GA,ASO,ES,Federal Contract Tower,0,11,25,2,38,0,0,2,0,2,0,11,27,2,40,18,0,18,58
04/20/2013,LZU,GA,ASO,ES,Federal Contract Tower,0,3,28,0,31,0,0,169,0,169,0,3,197,0,200,128,0,128,328
04/21/2013,LZU,GA,ASO,ES,Federal Contract Tower,0,6,34,0,40,0,2,96,0,98,0,8,130,0,138,66,0,66,204
04/22/2013,LZU,GA,ASO,ES,Federal Contract Tower,0,6,32,0,38,0,2,81,0,83,0,8,113,0,121,72,0,72,193
04/23/2013,LZU,GA,ASO,ES,Federal Contract Tower,0,16,36,0,52,0,4,103,0,107,0,20,139,0,159,106,0,106,265
04/24/2013,LZU,GA,ASO,ES,Federal Contract Tower,0,12,33,0,45,0,2,54,0,56,0,14,87,0,101,38,0,38,139
04/25/2013,LZU,GA,ASO,ES,Federal Contract Tower,0,14,44,0,58,0,1,120,0,121,0,15,164,0,179,80,0,80,259
04/26/2013,LZU,GA,ASO,ES,Federal Contract Tower,0,13,34,0,47,0,2,142,0,144,0,15,176,0,191,128,0,128,319
04/27/2013,LZU,GA,ASO,ES,Federal Contract Tower,0,2,24,0,26,0,0,93,0,93,0,2,117,0,119,104,0,104,223
04/28/2013,LZU,GA,ASO,ES,Federal Contract Tower,0,10,20,0,30,0,0,0,0,0,0,10,20,0,30,0,0,0,30
04/29/2013,LZU,GA,ASO,ES,Federal Contract Tower,0,6,40,0,46,0,0,28,0,28,0,6,68,0,74,92,0,92,166
04/30/2013,LZU,GA,ASO,ES,Federal Contract Tower,0,11,40,0,51,0,0,51,0,51,0,11,91,0,102,46,0,46,148
05/01/2013,LZU,GA,ASO,ES,Federal Contract Tower,0,9,32,0,41,0,3,56,0,59,0,12,88,0,100,60,0,60,160
05/02/2013,LZU,GA,ASO,ES,Federal Contract Tower,0,12,35,0,47,0,0,9,0,9,0,12,44,0,56,2,0,2,58
05/03/2013,LZU,GA,ASO,ES,Federal Contract Tower,0,13,46,0,59,0,0,7,0,7,0,13,53,0,66,2,0,2,68
05/04/2013,LZU,GA,ASO,ES,Federal Contract Tower,0,5,18,0,23,0,0,0,0,0,0,5,18,0,23,0,0,0,23
05/05/2013,LZU,GA,ASO,ES,Federal Contract Tower,0,10,32,0,42,0,0,22,0,22,0,10,54,0,64,28,0,28,92
05/06/2013,LZU,GA,ASO,ES,Federal Contract Tower,0,9,36,0,45,0,1,20,0,21,0,10,56,0,66,108,0,108,174
05/07/2013,LZU,GA,ASO,ES,Federal Contract Tower,0,10,38,0,48,0,6,86,0,92,0,16,124,0,140,136,0,136,276
05/08/2013,LZU,GA,ASO,ES,Federal Contract Tower,0,14,41,0,55,0,1,124,0,125,0,15,165,0,180,160,0,160,340
05/09/2013,LZU,GA,ASO,ES,Federal Contract Tower,0,11,37,0,48,0,2,132,0,134,0,13,169,0,182,46,0,46,228
05/10/2013,LZU,GA,ASO,ES,Federal Contract Tower,0,14,46,0,60,0,1,95,0,96,0,15,141,0,156,140,0,140,296
05/11/2013,LZU,GA,ASO,ES,Federal Contract Tower,0,3,30,0,33,0,0,55,0,55,0,3,85,0,88,124,0,124,212
05/12/2013,LZU,GA,ASO,ES,Federal Contract Tower,0,3,26,0,29,0,2,99,0,101,0,5,125,0,130,26,0,26,156
05/13/2013,LZU,GA,ASO,ES,Federal Contract Tower,0,8,27,0,35,0,1,91,0,92,0,9,118,0,127,54,0,54,181
05/14/2013,LZU,GA,ASO,ES,Federal Contract Tower,0,12,25,0,37,0,0,1,130,131,0,12,26,130,168,84,0,84,252
05/15/2013,LZU,GA,ASO,ES,Federal Contract Tower,0,7,31,0,38,0,4,128,1,133,0,11,159,1,171,122,0,122,293
05/16/2013,LZU,GA,ASO,ES,Federal Contract Tower,0,13,42,0,55,0,0,4,0,4,0,13,46,0,59,190,0,190,249
05/17/2013,LZU,GA,ASO,ES,Federal Contract Tower,0,19,29,0,48,0,0,145,0,145,0,19,174,0,193,186,0,186,379
05/18/2013,LZU,GA,ASO,ES,Federal Contract Tower,0,10,23,0,33,0,2,114,0,116,0,12,137,0,149,130,0,130,279
05/19/2013,LZU,GA,ASO,ES,Federal Contract Tower,0,13,31,0,44,0,0,6,0,6,0,13,37,0,50,4,0,4,54
05/20/2013,LZU,GA,ASO,ES,Federal Contract Tower,0,15,48,0,63,0,4,72,1,77,0,19,120,1,140,70,0,70,210
05/21/2013,LZU,GA,ASO,ES,Federal Contract Tower,0,16,28,0,44,0,3,121,0,124,0,19,149,0,168,64,0,64,232
05/22/2013,LZU,GA,ASO,ES,Federal Contract Tower,0,11,40,0,51,0,4,70,0,74,0,15,110,0,125,148,0,148,273
05/23/2013,LZU,GA,ASO,ES,Federal Contract Tower,0,13,44,0,57,0,3,96,0,99,0,16,140,0,156,30,0,30,186
05/24/2013,LZU,GA,ASO,ES,Federal Contract Tower,0,8,27,0,35,0,2,55,0,57,0,10,82,0,92,6,0,6,98
05/25/2013,LZU,GA,ASO,ES,Federal Contract Tower,0,2,20,0,22,0,1,194,0,195,0,3,214,0,217,142,0,142,359
05/26/2013,LZU,GA,ASO,ES,Federal Contract Tower,0,4,22,0,26,0,0,122,0,122,0,4,144,0,148,86,0,86,234
05/27/2013,LZU,GA,ASO,ES,Federal Contract Tower,0,1,27,0,28,0,1,127,0,128,0,2,154,0,156,116,0,116,272
05/28/2013,LZU,GA,ASO,ES,Federal Contract Tower,0,9,18,0,27,0,4,79,0,83,0,13,97,0,110,34,0,34,144
05/29/2013,LZU,GA,ASO,ES,Federal Contract Tower,0,8,28,0,36,0,0,93,0,93,0,8,121,0,129,104,0,104,233
05/30/2013,LZU,GA,ASO,ES,Federal Contract Tower,0,16,45,0,61,0,1,98,0,99,0,17,143,0,160,102,0,102,262
05/31/2013,LZU,GA,ASO,ES,Federal Contract Tower,0,14,32,0,46,0,1,88,0,89,0,15,120,0,135,108,0,108,243
06/01/2013,LZU,GA,ASO,ES,Federal Contract Tower,0,4,44,0,48,0,0,125,0,125,0,4,169,0,173,174,0,174,347
06/02/2013,LZU,GA,ASO,ES,Federal Contract Tower,0,3,28,0,31,0,0,28,0,28,0,3,56,0,59,68,0,68,127
06/03/2013,LZU,GA,ASO,ES,Federal Contract Tower,0,11,35,0,46,0,1,34,0,35,0,12,69,0,81,56,0,56,137
06/04/2013,LZU,GA,ASO,ES,Federal Contract Tower,0,13,28,0,41,0,0,95,0,95,0,13,123,0,136,102,0,102,238
06/05/2013,LZU,GA,ASO,ES,Federal Contract Tower,0,13,32,0,45,0,0,24,0,24,0,13,56,0,69,22,0,22,91
06/06/2013,LZU,GA,ASO,ES,Federal Contract Tower,0,15,23,0,38,0,0,7,0,7,0,15,30,0,45,2,0,2,47
06/07/2013,LZU,GA,ASO,ES,Federal Contract Tower,0,15,18,0,33,0,5,42,0,47,0,20,60,0,80,46,0,46,126
06/08/2013,LZU,GA,ASO,ES,Federal Contract Tower,0,1,49,0,50,0,0,127,0,127,0,1,176,0,177,202,0,202,379
06/09/2013,LZU,GA,ASO,ES,Federal Contract Tower,0,4,29,0,33,0,0,80,0,80,0,4,109,0,113,152,0,152,265
06/10/2013,LZU,GA,ASO,ES,Federal Contract Tower,0,10,25,0,35,0,1,36,0,37,0,11,61,0,72,58,0,58,130
06/11/2013,LZU,GA,ASO,ES,Federal Contract Tower,0,16,40,0,56,0,3,95,0,98,0,19,135,0,154,90,0,90,244
06/12/2013,LZU,GA,ASO,ES,Federal Contract Tower,0,20,23,0,43,0,1,117,0,118,0,21,140,0,161,94,0,94,255
06/13/2013,LZU,GA,ASO,ES,Federal Contract Tower,0,13,30,0,43,0,0,68,0,68,0,13,98,0,111,62,0,62,173
06/14/2013,LZU,GA,ASO,ES,Federal Contract Tower,0,12,30,0,42,0,3,152,0,155,0,15,182,0,197,76,0,76,273
06/15/2013,LZU,GA,ASO,ES,Federal Contract Tower,0,1,21,0,22,0,1,258,0,259,0,2,279,0,281,96,0,96,377
06/16/2013,LZU,GA,ASO,ES,Federal Contract Tower,0,1,15,0,16,0,2,118,0,120,0,3,133,0,136,124,0,124,260
06/17/2013,LZU,GA,ASO,ES,Federal Contract Tower,0,9,23,0,32,0,0,35,0,35,0,9,58,0,67,84,0,84,151
06/18/2013,LZU,GA,ASO,ES,Federal Contract Tower,0,13,26,0,39,0,0,17,2,19,0,13,43,2,58,18,0,18,76
06/19/2013,LZU,GA,ASO,ES,Federal Contract Tower,0,11,48,1,60,0,3,38,0,41,0,14,86,1,101,84,0,84,185
06/20/2013,LZU,GA,ASO,ES,Federal Contract Tower,0,12,61,0,73,0,0,100,0,100,0,12,161,0,173,78,0,78,251
06/21/2013,LZU,GA,ASO,ES,Federal Contract Tower,0,10,33,0,43,0,4,148,0,152,0,14,181,0,195,220,0,220,415
06/22/2013,LZU,GA,ASO,ES,Federal Contract Tower,0,1,26,0,27,0,0,170,0,170,0,1,196,0,197,174,0,174,371
06/23/2013,LZU,GA,ASO,ES,Federal Contract Tower,0,5,32,0,37,0,1,66,0,67,0,6,98,0,104,74,0,74,178
06/24/2013,LZU,GA,ASO,ES,Federal Contract Tower,0,7,53,0,60,0,1,53,0,54,0,8,106,0,114,66,0,66,180
06/25/2013,LZU,GA,ASO,ES,Federal Contract Tower,0,6,42,0,48,0,2,101,0,103,0,8,143,0,151,162,0,162,313
06/26/2013,LZU,GA,ASO,ES,Federal Contract Tower,0,13,47,0,60,0,3,73,0,76,0,16,120,0,136,152,0,152,288
06/27/2013,LZU,GA,ASO,ES,Federal Contract Tower,0,12,35,0,47,0,0,102,1,103,0,12,137,1,150,78,0,78,228
06/28/2013,LZU,GA,ASO,ES,Federal Contract Tower,0,21,32,0,53,0,2,140,0,142,0,23,172,0,195,182,0,182,377
06/29/2013,LZU,GA,ASO,ES,Federal Contract Tower,0,7,33,0,40,0,0,130,0,130,0,7,163,0,170,140,0,140,310
06/30/2013,LZU,GA,ASO,ES,Federal Contract Tower,0,1,24,0,25,0,0,111,0,111,0,1,135,0,136,156,0,156,292
07/01/2013,LZU,GA,ASO,ES,Federal Contract Tower,0,10,35,0,45,0,4,44,0,48,0,14,79,0,93,110,0,110,203
07/02/2013,LZU,GA,ASO,ES,Federal Contract Tower,0,13,42,0,55,0,0,72,0,72,0,13,114,0,127,38,0,38,165
07/03/2013,LZU,GA,ASO,ES,Federal Contract Tower,0,9,18,0,27,0,0,1,0,1,0,9,19,0,28,0,0,0,28
07/04/2013,LZU,GA,ASO,ES,Federal Contract Tower,0,3,9,0,12,0,0,0,0,0,0,3,9,0,12,0,0,0,12
07/05/2013,LZU,GA,ASO,ES,Federal Contract Tower,0,10,13,0,23,0,2,15,0,17,0,12,28,0,40,0,0,0,40
07/06/2013,LZU,GA,ASO,ES,Federal Contract Tower,0,3,21,0,24,0,0,25,0,25,0,3,46,0,49,12,0,12,61
07/07/2013,LZU,GA,ASO,ES,Federal Contract Tower,0,5,31,0,36,0,0,15,0,15,0,5,46,0,51,8,0,8,59
07/08/2013,LZU,GA,ASO,ES,Federal Contract Tower,0,8,38,0,46,0,0,61,0,61,0,8,99,0,107,80,0,80,187
07/09/2013,LZU,GA,ASO,ES,Federal Contract Tower,0,11,43,0,54,0,0,53,0,53,0,11,96,0,107,76,0,76,183
07/10/2013,LZU,GA,ASO,ES,Federal Contract Tower,0,7,35,0,42,0,0,28,1,29,0,7,63,1,71,64,0,64,135
07/11/2013,LZU,GA,ASO,ES,Federal Contract Tower,0,11,42,0,53,0,0,3,0,3,0,11,45,0,56,4,0,4,60
07/12/2013,LZU,GA,ASO,ES,Federal Contract Tower,0,13,39,0,52,0,0,60,0,60,0,13,99,0,112,78,0,78,190
07/13/2013,LZU,GA,ASO,ES,Federal Contract Tower,0,2,39,0,41,0,0,33,0,33,0,2,72,0,74,46,0,46,120
07/14/2013,LZU,GA,ASO,ES,Federal Contract Tower,0,2,25,0,27,0,0,9,0,9,0,2,34,0,36,4,0,4,40
07/15/2013,LZU,GA,ASO,ES,Federal Contract Tower,0,8,31,0,39,0,2,61,0,63,0,10,92,0,102,58,0,58,160
07/16/2013,LZU,GA,ASO,ES,Federal Contract Tower,0,19,30,0,49,0,6,142,0,148,0,25,172,0,197,130,0,130,327
07/17/2013,LZU,GA,ASO,ES,Federal Contract Tower,0,10,28,0,38,0,1,75,0,76,0,11,103,0,114,88,0,88,202
07/18/2013,LZU,GA,ASO,ES,Federal Contract Tower,0,14,30,0,44,0,1,116,0,117,0,15,146,0,161,90,0,90,251
07/19/2013,LZU,GA,ASO,ES,Federal Contract Tower,0,16,24,0,40,0,3,155,0,158,0,19,179,0,198,192,0,192,390
07/20/2013,LZU,GA,ASO,ES,Federal Contract Tower,0,4,25,0,29,0,1,152,0,153,0,5,177,0,182,92,0,92,274
07/21/2013,LZU,GA,ASO,ES,Federal Contract Tower,0,5,32,0,37,0,2,70,0,72,0,7,102,0,109,116,0,116,225
07/22/2013,LZU,GA,ASO,ES,Federal Contract Tower,0,9,30,0,39,0,0,27,0,27,0,9,57,0,66,74,0,74,140
07/23/2013,LZU,GA,ASO,ES,Federal Contract Tower,0,10,30,0,40,0,6,50,0,56,0,16,80,0,96,100,0,100,196
07/24/2013,LZU,GA,ASO,ES,Federal Contract Tower,0,15,39,0,54,0,0,72,0,72,0,15,111,0,126,64,0,64,190
07/25/2013,LZU,GA,ASO,ES,Federal Contract Tower,0,11,26,0,37,0,7,120,0,127,0,18,146,0,164,40,0,40,204
07/26/2013,LZU,GA,ASO,ES,Federal Contract Tower,0,10,39,0,49,0,2,61,0,63,0,12,100,0,112,90,0,90,202
07/27/2013,LZU,GA,ASO,ES,Federal Contract Tower,0,3,34,0,37,0,1,62,0,63,0,4,96,0,100,84,0,84,184
07/28/2013,LZU,GA,ASO,ES,Federal Contract Tower,0,3,35,0,38,0,1,118,0,119,0,4,153,0,157,86,0,86,243
07/29/2013,LZU,GA,ASO,ES,Federal Contract Tower,0,7,36,0,43,0,5,99,0,104,0,12,135,0,147,18,0,18,165
07/30/2013,LZU,GA,ASO,ES,Federal Contract Tower,0,7,30,5,42,0,1,115,0,116,0,8,145,5,158,100,0,100,258
07/31/2013,LZU,GA,ASO,ES,Federal Contract Tower,0,10,17,0,27,0,0,22,0,22,0,10,39,0,49,22,0,22,71
08/01/2013,LZU,GA,ASO,ES,Federal Contract Tower,0,7,37,0,44,0,1,62,0,63,0,8,99,0,107,42,2,44,151
08/02/2013,LZU,GA,ASO,ES,Federal Contract Tower,0,13,26,0,39,0,2,120,0,122,0,15,146,0,161,96,0,96,257
08/03/2013,LZU,GA,ASO,ES,Federal Contract Tower,0,6,23,0,29,0,0,243,0,243,0,6,266,0,272,66,0,66,338
08/04/2013,LZU,GA,ASO,ES,Federal Contract Tower,0,4,29,0,33,0,0,126,0,126,0,4,155,0,159,64,0,64,223
08/05/2013,LZU,GA,ASO,ES,Federal Contract Tower,0,8,47,0,55,0,3,82,0,85,0,11,129,0,140,120,0,120,260
08/06/2013,LZU,GA,ASO,ES,Federal Contract Tower,0,14,38,0,52,0,1,66,0,67,0,15,104,0,119,20,0,20,139
08/07/2013,LZU,GA,ASO,ES,Federal Contract Tower,0,17,13,0,30,0,0,15,0,15,0,17,28,0,45,14,0,14,59
08/08/2013,LZU,GA,ASO,ES,Federal Contract Tower,0,10,24,0,34,0,1,48,0,49,0,11,72,0,83,44,0,44,127
08/09/2013,LZU,GA,ASO,ES,Federal Contract Tower,0,10,35,0,45,0,1,88,0,89,0,11,123,0,134,92,0,92,226
08/10/2013,LZU,GA,ASO,ES,Federal Contract Tower,0,3,28,0,31,0,0,132,0,132,0,3,160,0,163,94,0,94,257
08/11/2013,LZU,GA,ASO,ES,Federal Contract Tower,0,3,33,0,36,0,0,86,0,86,0,3,119,0,122,122,0,122,244
08/12/2013,LZU,GA,ASO,ES,Federal Contract Tower,0,5,29,0,34,0,1,60,0,61,0,6,89,0,95,34,0,34,129
08/13/2013,LZU,GA,ASO,ES,Federal Contract Tower,0,7,43,0,50,0,1,56,0,57,0,8,99,0,107,36,0,36,143
08/14/2013,LZU,GA,ASO,ES,Federal Contract Tower,0,10,45,0,55,0,1,81,0,82,0,11,126,0,137,80,0,80,217
08/15/2013,LZU,GA,ASO,ES,Federal Contract Tower,0,11,18,0,29,0,0,40,0,40,0,11,58,0,69,34,0,34,103
08/16/2013,LZU,GA,ASO,ES,Federal Contract Tower,0,22,35,0,57,0,0,0,0,0,0,22,35,0,57,0,0,0,57
08/17/2013,LZU,GA,ASO,ES,Federal Contract Tower,0,6,32,0,38,0,0,3,0,3,0,6,35,0,41,14,0,14,55
08/18/2013,LZU,GA,ASO,ES,Federal Contract Tower,0,5,19,0,24,0,0,2,0,2,0,5,21,0,26,0,0,0,26
08/19/2013,LZU,GA,ASO,ES,Federal Contract Tower,0,10,24,0,34,0,0,0,0,0,0,10,24,0,34,0,0,0,34
08/20/2013,LZU,GA,ASO,ES,Federal Contract Tower,0,10,44,0,54,0,0,21,0,21,0,10,65,0,75,10,0,10,85
08/21/2013,LZU,GA,ASO,ES,Federal Contract Tower,0,13,40,1,54,0,0,12,0,12,0,13,52,1,66,10,0,10,76
08/22/2013,LZU,GA,ASO,ES,Federal Contract Tower,0,13,38,0,51,0,1,124,0,125,0,14,162,0,176,108,0,108,284
08/23/2013,LZU,GA,ASO,ES,Federal Contract Tower,0,18,58,0,76,0,0,170,0,170,0,18,228,0,246,116,0,116,362
08/24/2013,LZU,GA,ASO,ES,Federal Contract Tower,0,4,48,0,52,0,2,157,0,159,0,6,205,0,211,108,0,108,319
08/25/2013,LZU,GA,ASO,ES,Federal Contract Tower,0,7,27,0,34,0,0,143,0,143,0,7,170,0,177,156,0,156,333
08/26/2013,LZU,GA,ASO,ES,Federal Contract Tower,0,7,23,0,30,0,1,109,0,110,0,8,132,0,140,112,0,112,252
08/27/2013,LZU,GA,ASO,ES,Federal Contract Tower,0,14,30,0,44,0,1,92,0,93,0,15,122,0,137,98,0,98,235
08/28/2013,LZU,GA,ASO,ES,Federal Contract Tower,0,12,29,5,46,0,1,139,1,141,0,13,168,6,187,70,0,70,257
08/29/2013,LZU,GA,ASO,ES,Federal Contract Tower,0,8,35,0,43,0,0,108,0,108,0,8,143,0,151,84,0,84,235
08/30/2013,LZU,GA,ASO,ES,Federal Contract Tower,0,12,65,0,77,0,0,64,0,64,0,12,129,0,141,88,0,88,229
08/31/2013,LZU,GA,ASO,ES,Federal Contract Tower,0,3,34,0,37,0,0,72,0,72,0,3,106,0,109,70,0,70,179
09/01/2013,LZU,GA,ASO,ES,Federal Contract Tower,0,3,17,0,20,0,1,44,0,45,0,4,61,0,65,26,0,26,91
09/02/2013,LZU,GA,ASO,ES,Federal Contract Tower,0,0,35,0,35,0,0,37,0,37,0,0,72,0,72,34,0,34,106
09/03/2013,LZU,GA,ASO,ES,Federal Contract Tower,0,8,27,0,35,0,1,79,0,80,0,9,106,0,115,66,0,66,181
09/04/2013,LZU,GA,ASO,ES,Federal Contract Tower,0,9,26,0,35,0,0,111,0,111,0,9,137,0,146,90,0,90,236
09/05/2013,LZU,GA,ASO,ES,Federal Contract Tower,0,15,34,0,49,0,0,122,0,122,0,15,156,0,171,168,0,168,339
09/06/2013,LZU,GA,ASO,ES,Federal Contract Tower,0,11,30,0,41,0,0,125,0,125,0,11,155,0,166,94,0,94,260
09/07/2013,LZU,GA,ASO,ES,Federal Contract Tower,0,4,24,0,28,0,0,192,0,192,0,4,216,0,220,164,0,164,384
09/08/2013,LZU,GA,ASO,ES,Federal Contract Tower,0,5,26,0,31,0,1,113,0,114,0,6,139,0,145,46,0,46,191
09/09/2013,LZU,GA,ASO,ES,Federal Contract Tower,0,7,32,0,39,0,0,88,0,88,0,7,120,0,127,122,0,122,249
09/10/2013,LZU,GA,ASO,ES,Federal Contract Tower,0,8,35,0,43,0,0,0,0,0,0,8,35,0,43,40,0,40,83
09/11/2013,LZU,GA,ASO,ES,Federal Contract Tower,0,8,27,1,36,0,2,122,1,125,0,10,149,2,161,94,0,94,255
09/12/2013,LZU,GA,ASO,ES,Federal Contract Tower,0,11,25,0,36,0,0,136,0,136,0,11,161,0,172,92,0,92,264
09/13/2013,LZU,GA,ASO,ES,Federal Contract Tower,0,9,31,0,40,0,2,93,0,95,0,11,124,0,135,96,0,96,231
09/14/2013,LZU,GA,ASO,ES,Federal Contract Tower,0,5,21,2,28,0,0,148,0,148,0,5,169,2,176,94,0,94,270
09/15/2013,LZU,GA,ASO,ES,Federal Contract Tower,0,1,39,0,40,0,1,39,0,40,0,2,78,0,80,64,0,64,144
09/16/2013,LZU,GA,ASO,ES,Federal Contract Tower,0,8,41,0,49,0,0,78,0,78,0,8,119,0,127,60,0,60,187
09/17/2013,LZU,GA,ASO,ES,Federal Contract Tower,0,11,28,1,40,0,0,35,1,36,0,11,63,2,76,2,0,2,78
09/18/2013,LZU,GA,ASO,ES,Federal Contract Tower,0,13,28,1,42,0,0,97,0,97,0,13,125,1,139,110,0,110,249
09/19/2013,LZU,GA,ASO,ES,Federal Contract Tower,0,11,42,0,53,0,0,123,0,123,0,11,165,0,176,168,0,168,344
09/20/2013,LZU,GA,ASO,ES,Federal Contract Tower,0,17,47,0,64,0,2,125,0,127,0,19,172,0,191,50,0,50,241
09/21/2013,LZU,GA,ASO,ES,Federal Contract Tower,0,8,12,0,20,0,0,40,0,40,0,8,52,0,60,8,0,8,68
09/22/2013,LZU,GA,ASO,ES,Federal Contract Tower,0,2,26,0,28,0,1,130,0,131,0,3,156,0,159,126,0,126,285
09/23/2013,LZU,GA,ASO,ES,Federal Contract Tower,0,12,38,0,50,0,1,53,0,54,0,13,91,0,104,38,0,38,142
09/24/2013,LZU,GA,ASO,ES,Federal Contract Tower,0,11,35,0,46,0,0,7,2,9,0,11,42,2,55,12,0,12,67
09/25/2013,LZU,GA,ASO,ES,Federal Contract Tower,0,13,24,0,37,0,0,0,0,0,0,13,24,0,37,0,0,0,37
09/26/2013,LZU,GA,ASO,ES,Federal Contract Tower,0,9,30,5,44,0,0,75,1,76,0,9,105,6,120,126,0,126,246
09/27/2013,LZU,GA,ASO,ES,Federal Contract Tower,0,11,35,0,46,0,1,180,0,181,0,12,215,0,227,176,0,176,403
09/28/2013,LZU,GA,ASO,ES,Federal Contract Tower,0,7,25,0,32,0,0,173,0,173,0,7,198,0,205,98,0,98,303
09/29/2013,LZU,GA,ASO,ES,Federal Contract Tower,0,5,35,0,40,0,2,136,0,138,0,7,171,0,178,144,0,144,322
09/30/2013,LZU,GA,ASO,ES,Federal Contract Tower,0,7,13,0,20,0,0,87,0,87,0,7,100,0,107,70,0,70,177
10/01/2013,LZU,GA,ASO,ES,Federal Contract Tower,0,10,20,0,30,0,1,95,0,96,0,11,115,0,126,118,0,118,244
10/02/2013,LZU,GA,ASO,ES,Federal Contract Tower,0,12,41,0,53,0,1,88,0,89,0,13,129,0,142,118,0,118,260
10/03/2013,LZU,GA,ASO,ES,Federal Contract Tower,0,13,31,0,44,0,0,120,2,122,0,13,151,2,166,58,0,58,224
10/04/2013,LZU,GA,ASO,ES,Federal Contract Tower,0,12,37,0,49,0,1,96,0,97,0,13,133,0,146,66,0,66,212
10/05/2013,LZU,GA,ASO,ES,Federal Contract Tower,0,2,18,0,20,0,0,209,0,209,0,2,227,0,229,166,0,166,395
10/06/2013,LZU,GA,ASO,ES,Federal Contract Tower,0,4,29,0,33,0,0,74,0,74,0,4,103,0,107,102,0,102,209
10/07/2013,LZU,GA,ASO,ES,Federal Contract Tower,0,3,44,0,47,0,0,36,0,36,0,3,80,0,83,72,0,72,155
10/08/2013,LZU,GA,ASO,ES,Federal Contract Tower,0,10,35,0,45,0,0,57,0,57,0,10,92,0,102,60,0,60,162
10/09/2013,LZU,GA,ASO,ES,Federal Contract Tower,0,11,33,0,44,0,1,102,0,103,0,12,135,0,147,140,0,140,287
10/10/2013,LZU,GA,ASO,ES,Federal Contract Tower,0,15,34,0,49,0,1,117,0,118,0,16,151,0,167,102,0,102,269
10/11/2013,LZU,GA,ASO,ES,Federal Contract Tower,0,9,30,0,39,0,3,107,0,110,0,12,137,0,149,82,0,82,231
10/12/2013,LZU,GA,ASO,ES,Federal Contract Tower,0,3,14,0,17,0,0,166,0,166,0,3,180,0,183,184,0,184,367
10/13/2013,LZU,GA,ASO,ES,Federal Contract Tower,0,4,28,0,32,0,0,110,0,110,0,4,138,0,142,92,0,92,234
10/14/2013,LZU,GA,ASO,ES,Federal Contract Tower,0,10,39,0,49,0,0,43,0,43,0,10,82,0,92,33,0,33,125
10/15/2013,LZU,GA,ASO,ES,Federal Contract Tower,0,15,46,0,61,0,0,50,0,50,0,15,96,0,111,32,0,32,143
10/16/2013,LZU,GA,ASO,ES,Federal Contract Tower,0,9,35,0,44,0,0,65,0,65,0,9,100,0,109,110,0,110,219
10/17/2013,LZU,GA,ASO,ES,Federal Contract Tower,0,10,41,0,51,0,0,5,0,5,0,10,46,0,56,4,0,4,60
10/18/2013,LZU,GA,ASO,ES,Federal Contract Tower,0,13,55,0,68,0,1,104,0,105,0,14,159,0,173,94,0,94,267
10/19/2013,LZU,GA,ASO,ES,Federal Contract Tower,0,5,26,0,31,0,0,80,0,80,0,5,106,0,111,70,0,70,181
10/20/2013,LZU,GA,ASO,ES,Federal Contract Tower,0,5,33,0,38,0,0,111,0,111,0,5,144,0,149,98,0,98,247
10/21/2013,LZU,GA,ASO,ES,Federal Contract Tower,0,12,37,0,49,0,0,37,0,37,0,12,74,0,86,38,0,38,124
10/22/2013,LZU,GA,ASO,ES,Federal Contract Tower,0,7,33,0,40,0,2,82,0,84,0,9,115,0,124,90,4,94,218
10/23/2013,LZU,GA,ASO,ES,Federal Contract Tower,0,17,17,0,34,0,2,61,0,63,0,19,78,0,97,26,0,26,123
10/24/2013,LZU,GA,ASO,ES,Federal Contract Tower,0,10,37,0,47,0,0,120,0,120,0,10,157,0,167,58,0,58,225
10/25/2013,LZU,GA,ASO,ES,Federal Contract Tower,0,11,33,0,44,0,0,107,0,107,0,11,140,0,151,84,0,84,235
10/26/2013,LZU,GA,ASO,ES,Federal Contract Tower,0,2,9,0,11,0,2,146,0,148,0,4,155,0,159,170,0,170,329
10/27/2013,LZU,GA,ASO,ES,Federal Contract Tower,0,2,26,0,28,0,3,97,0,100,0,5,123,0,128,90,0,90,218
10/28/2013,LZU,GA,ASO,ES,Federal Contract Tower,0,9,38,0,47,0,0,59,0,59,0,9,97,0,106,20,0,20,126
10/29/2013,LZU,GA,ASO,ES,Federal Contract Tower,0,9,24,0,33,0,1,91,0,92,0,10,115,0,125,128,0,128,253
10/30/2013,LZU,GA,ASO,ES,Federal Contract Tower,0,10,17,0,27,0,1,79,0,80,0,11,96,0,107,132,0,132,239
10/31/2013,LZU,GA,ASO,ES,Federal Contract Tower,0,11,16,0,27,0,0,67,0,67,0,11,83,0,94,48,0,48,142
11/01/2013,LZU,GA,ASO,ES,Federal Contract Tower,0,18,33,0,51,0,2,53,0,55,0,20,86,0,106,116,0,116,222
11/02/2013,LZU,GA,ASO,ES,Federal Contract Tower,0,4,21,0,25,0,2,153,2,157,0,6,174,2,182,80,0,80,262
11/03/2013,LZU,GA,ASO,ES,Federal Contract Tower,0,4,29,0,33,0,0,139,0,139,0,4,168,0,172,90,0,90,262
11/04/2013,LZU,GA,ASO,ES,Federal Contract Tower,0,11,38,0,49,0,4,77,2,83,0,15,115,2,132,72,0,72,204
11/05/2013,LZU,GA,ASO,ES,Federal Contract Tower,0,11,20,0,31,0,0,97,0,97,0,11,117,0,128,146,0,146,274
11/06/2013,LZU,GA,ASO,ES,Federal Contract Tower,0,8,43,0,51,0,0,84,0,84,0,8,127,0,135,84,0,84,219
11/07/2013,LZU,GA,ASO,ES,Federal Contract Tower,0,9,29,0,38,0,1,39,0,40,0,10,68,0,78,24,0,24,102
11/08/2013,LZU,GA,ASO,ES,Federal Contract Tower,0,11,37,0,48,0,1,148,0,149,0,12,185,0,197,100,0,100,297
11/09/2013,LZU,GA,ASO,ES,Federal Contract Tower,0,4,24,0,28,0,2,159,0,161,0,6,183,0,189,108,0,108,297
11/10/2013,LZU,GA,ASO,ES,Federal Contract Tower,0,3,28,0,31,0,0,140,0,140,0,3,168,0,171,54,0,54,225
11/11/2013,LZU,GA,ASO,ES,Federal Contract Tower,0,9,25,0,34,0,4,88,0,92,0,13,113,0,126,114,0,114,240
11/12/2013,LZU,GA,ASO,ES,Federal Contract Tower,0,8,16,0,24,0,1,47,0,48,0,9,63,0,72,74,0,74,146
11/13/2013,LZU,GA,ASO,ES,Federal Contract Tower,0,13,27,0,40,0,1,90,0,91,0,14,117,0,131,122,0,122,253
11/14/2013,LZU,GA,ASO,ES,Federal Contract Tower,0,10,43,0,53,0,1,90,0,91,0,11,133,0,144,96,0,96,240
11/15/2013,LZU,GA,ASO,ES,Federal Contract Tower,0,17,36,0,53,0,0,53,0,53,0,17,89,0,106,60,0,60,166
11/16/2013,LZU,GA,ASO,ES,Federal Contract Tower,0,2,35,0,37,0,0,7,0,7,0,2,42,0,44,8,0,8,52
11/17/2013,LZU,GA,ASO,ES,Federal Contract Tower,0,6,23,0,29,0,0,0,0,0,0,6,23,0,29,0,0,0,29
11/18/2013,LZU,GA,ASO,ES,Federal Contract Tower,0,5,27,0,32,0,1,74,0,75,0,6,101,0,107,62,0,62,169
11/19/2013,LZU,GA,ASO,ES,Federal Contract Tower,0,7,34,2,43,0,2,151,0,153,0,9,185,2,196,218,0,218,414
11/20/2013,LZU,GA,ASO,ES,Federal Contract Tower,0,16,25,0,41,0,0,52,0,52,0,16,77,0,93,86,0,86,179
11/21/2013,LZU,GA,ASO,ES,Federal Contract Tower,0,12,41,0,53,0,0,15,0,15,0,12,56,0,68,50,0,50,118
11/22/2013,LZU,GA,ASO,ES,Federal Contract Tower,0,19,39,0,58,0,1,7,0,8,0,20,46,0,66,0,0,0,66
11/23/2013,LZU,GA,ASO,ES,Federal Contract Tower,0,3,28,0,31,0,0,39,0,39,0,3,67,0,70,72,0,72,142
11/24/2013,LZU,GA,ASO,ES,Federal Contract Tower,0,7,19,0,26,0,2,110,0,112,0,9,129,0,138,90,0,90,228
11/25/2013,LZU,GA,ASO,ES,Federal Contract Tower,0,14,26,0,40,0,0,67,0,67,0,14,93,0,107,116,0,116,223
11/26/2013,LZU,GA,ASO,ES,Federal Contract Tower,0,6,16,0,22,0,0,0,0,0,0,6,16,0,22,0,0,0,22
11/27/2013,LZU,GA,ASO,ES,Federal Contract Tower,0,10,17,0,27,0,0,6,0,6,0,10,23,0,33,0,0,0,33
11/28/2013,LZU,GA,ASO,ES,Federal Contract Tower,0,0,13,0,13,0,0,37,0,37,0,0,50,0,50,32,0,32,82
11/29/2013,LZU,GA,ASO,ES,Federal Contract Tower,0,3,21,0,24,0,1,128,0,129,0,4,149,0,153,138,0,138,291
11/30/2013,LZU,GA,ASO,ES,Federal Contract Tower,0,4,23,0,27,0,0,113,0,113,0,4,136,0,140,172,0,172,312
12/01/2013,LZU,GA,ASO,ES,Federal Contract Tower,0,1,32,0,33,0,0,95,0,95,0,1,127,0,128,138,0,138,266
12/02/2013,LZU,GA,ASO,ES,Federal Contract Tower,0,9,33,0,42,0,0,8,0,8,0,9,41,0,50,0,0,0,50
12/03/2013,LZU,GA,ASO,ES,Federal Contract Tower,0,15,26,0,41,0,0,0,0,0,0,15,26,0,41,0,0,0,41
12/04/2013,LZU,GA,ASO,ES,Federal Contract Tower,0,18,55,0,73,0,0,20,0,20,0,18,75,0,93,14,0,14,107
12/05/2013,LZU,GA,ASO,ES,Federal Contract Tower,0,12,27,0,39,0,0,0,0,0,0,12,27,0,39,0,0,0,39
12/06/2013,LZU,GA,ASO,ES,Federal Contract Tower,0,16,28,0,44,0,0,19,0,19,0,16,47,0,63,30,0,30,93
12/07/2013,LZU,GA,ASO,ES,Federal Contract Tower,0,7,31,0,38,0,0,0,0,0,0,7,31,0,38,8,0,8,46
12/08/2013,LZU,GA,ASO,ES,Federal Contract Tower,0,5,6,0,11,0,0,0,0,0,0,5,6,0,11,0,0,0,11
12/09/2013,LZU,GA,ASO,ES,Federal Contract Tower,0,6,21,0,27,0,0,0,0,0,0,6,21,0,27,0,0,0,27
12/10/2013,LZU,GA,ASO,ES,Federal Contract Tower,0,10,20,0,30,0,0,18,0,18,0,10,38,0,48,10,0,10,58
12/11/2013,LZU,GA,ASO,ES,Federal Contract Tower,0,13,33,0,46,0,0,128,0,128,0,13,161,0,174,126,0,126,300
12/12/2013,LZU,GA,ASO,ES,Federal Contract Tower,0,11,33,0,44,0,0,145,0,145,0,11,178,0,189,152,0,152,341
12/13/2013,LZU,GA,ASO,ES,Federal Contract Tower,0,9,22,0,31,0,1,141,0,142,0,10,163,0,173,78,0,78,251
12/14/2013,LZU,GA,ASO,ES,Federal Contract Tower,0,2,9,0,11,0,0,0,0,0,0,2,9,0,11,0,0,0,11
12/15/2013,LZU,GA,ASO,ES,Federal Contract Tower,0,2,22,0,24,0,1,24,0,25,0,3,46,0,49,8,0,8,57
12/16/2013,LZU,GA,ASO,ES,Federal Contract Tower,0,7,26,0,33,0,8,92,0,100,0,15,118,0,133,122,0,122,255
12/17/2013,LZU,GA,ASO,ES,Federal Contract Tower,0,10,51,0,61,0,1,72,0,73,0,11,123,0,134,76,0,76,210
12/18/2013,LZU,GA,ASO,ES,Federal Contract Tower,0,14,27,0,41,0,0,115,0,115,0,14,142,0,156,96,0,96,252
12/19/2013,LZU,GA,ASO,ES,Federal Contract Tower,0,16,34,0,50,0,3,135,0,138,0,19,169,0,188,166,0,166,354
12/20/2013,LZU,GA,ASO,ES,Federal Contract Tower,0,16,39,0,55,0,0,102,0,102,0,16,141,0,157,126,0,126,283
12/21/2013,LZU,GA,ASO,ES,Federal Contract Tower,0,4,42,0,46,0,0,5,0,5,0,4,47,0,51,6,0,6,57
12/22/2013,LZU,GA,ASO,ES,Federal Contract Tower,0,5,4,0,9,0,0,0,0,0,0,5,4,0,9,0,0,0,9
12/23/2013,LZU,GA,ASO,ES,Federal Contract Tower,0,11,22,0,33,0,0,54,0,54,0,11,76,0,87,42,0,42,129
12/24/2013,LZU,GA,ASO,ES,Federal Contract Tower,0,9,11,0,20,0,0,2,65,67,0,9,13,65,87,16,0,16,103
12/25/2013,LZU,GA,ASO,ES,Federal Contract Tower,0,2,4,0,6,0,1,29,0,30,0,3,33,0,36,28,0,28,64
12/26/2013,LZU,GA,ASO,ES,Federal Contract Tower,0,9,25,0,34,0,5,150,0,155,0,14,175,0,189,142,0,142,331
12/27/2013,LZU,GA,ASO,ES,Federal Contract Tower,0,12,17,0,29,0,2,130,0,132,0,14,147,0,161,64,0,64,225
12/28/2013,LZU,GA,ASO,ES,Federal Contract Tower,0,5,15,0,20,0,0,51,0,51,0,5,66,0,71,146,0,146,217
12/29/2013,LZU,GA,ASO,ES,Federal Contract Tower,0,2,32,0,34,0,0,8,0,8,0,2,40,0,42,0,0,0,42
12/30/2013,LZU,GA,ASO,ES,Federal Contract Tower,0,12,28,0,40,0,4,69,0,73,0,16,97,0,113,86,0,86,199
12/31/2013,LZU,GA,ASO,ES,Federal Contract Tower,0,12,22,0,34,0,1,90,0,91,0,13,112,0,125,104,0,104,229
01/01/2014,LZU,GA,ASO,ES,Federal Contract Tower,0,3,13,0,16,0,1,53,0,54,0,4,66,0,70,10,0,10,80
01/02/2014,LZU,GA,ASO,ES,Federal Contract Tower,0,13,17,0,30,0,0,0,0,0,0,13,17,0,30,0,0,0,30
01/03/2014,LZU,GA,ASO,ES,Federal Contract Tower,0,9,29,0,38,0,5,96,0,101,0,14,125,0,139,104,0,104,243
01/04/2014,LZU,GA,ASO,ES,Federal Contract Tower,0,4,29,0,33,0,0,89,0,89,0,4,118,0,122,96,0,96,218
01/05/2014,LZU,GA,ASO,ES,Federal Contract Tower,0,0,20,0,20,0,0,0,0,0,0,0,20,0,20,0,0,0,20
01/06/2014,LZU,GA,ASO,ES,Federal Contract Tower,0,15,15,0,30,0,2,5,0,7,0,17,20,0,37,4,0,4,41
01/07/2014,LZU,GA,ASO,ES,Federal Contract Tower,0,13,17,0,30,0,0,33,0,33,0,13,50,0,63,28,0,28,91
01/08/2014,LZU,GA,ASO,ES,Federal Contract Tower,0,20,45,0,65,0,1,81,0,82,0,21,126,0,147,102,0,102,249
01/09/2014,LZU,GA,ASO,ES,Federal Contract Tower,0,13,40,0,53,0,0,61,0,61,0,13,101,0,114,68,0,68,182
01/10/2014,LZU,GA,ASO,ES,Federal Contract Tower,0,11,18,0,29,0,0,0,0,0,0,11,18,0,29,0,0,0,29
01/11/2014,LZU,GA,ASO,ES,Federal Contract Tower,0,4,9,0,13,0,0,30,0,30,0,4,39,0,43,34,0,34,77
01/12/2014,LZU,GA,ASO,ES,Federal Contract Tower,0,8,27,0,35,0,0,199,0,199,0,8,226,0,234,168,0,168,402
01/13/2014,LZU,GA,ASO,ES,Federal Contract Tower,0,11,25,0,36,0,0,69,0,69,0,11,94,0,105,70,0,70,175
01/14/2014,LZU,GA,ASO,ES,Federal Contract Tower,0,14,35,0,49,0,2,69,0,71,0,16,104,0,120,78,0,78,198
01/15/2014,LZU,GA,ASO,ES,Federal Contract Tower,0,12,32,0,44,0,1,72,0,73,0,13,104,0,117,70,0,70,187
01/16/2014,LZU,GA,ASO,ES,Federal Contract Tower,0,10,36,0,46,0,0,150,0,150,0,10,186,0,196,130,0,130,326
01/17/2014,LZU,GA,ASO,ES,Federal Contract Tower,0,13,26,0,39,0,0,66,0,66,0,13,92,0,105,52,0,52,157
01/18/2014,LZU,GA,ASO,ES,Federal Contract Tower,0,9,18,0,27,0,0,167,0,167,0,9,185,0,194,68,0,68,262
01/19/2014,LZU,GA,ASO,ES,Federal Contract Tower,0,2,14,0,16,0,0,87,0,87,0,2,101,0,103,134,0,134,237
01/20/2014,LZU,GA,ASO,ES,Federal Contract Tower,0,22,39,0,61,0,2,105,0,107,0,24,144,0,168,62,0,62,230
01/21/2014,LZU,GA,ASO,ES,Federal Contract Tower,0,14,21,0,35,0,3,29,0,32,0,17,50,0,67,22,0,22,89
01/22/2014,LZU,GA,ASO,ES,Federal Contract Tower,0,9,30,0,39,0,8,72,0,80,0,17,102,0,119,40,0,40,159
01/23/2014,LZU,GA,ASO,ES,Federal Contract Tower,0,13,26,0,39,0,2,102,0,104,0,15,128,0,143,60,0,60,203
01/24/2014,LZU,GA,ASO,ES,Federal Contract Tower,0,14,21,0,35,0,0,88,0,88,0,14,109,0,123,114,0,114,237
01/25/2014,LZU,GA,ASO,ES,Federal Contract Tower,0,5,9,0,14,0,5,57,0,62,0,10,66,0,76,62,0,62,138
01/26/2014,LZU,GA,ASO,ES,Federal Contract Tower,0,1,30,0,31,0,2,135,0,137,0,3,165,0,168,70,0,70,238
01/27/2014,LZU,GA,ASO,ES,Federal Contract Tower,0,0,13,29,42,0,1,63,0,64,0,1,76,29,106,16,0,16,122
01/28/2014,LZU,GA,ASO,ES,Federal Contract Tower,0,9,10,0,19,0,0,16,0,16,0,9,26,0,35,60,0,60,95
01/29/2014,LZU,GA,ASO,ES,Federal Contract Tower,0,11,14,0,25,0,0,19,0,19,0,11,33,0,44,18,0,18,62
01/30/2014,LZU,GA,ASO,ES,Federal Contract Tower,0,11,23,0,34,0,13,79,0,92,0,24,102,0,126,54,0,54,180
01/31/2014,LZU,GA,ASO,ES,Federal Contract Tower,0,11,27,0,38,0,3,122,0,125,0,14,149,0,163,96,0,96,259
02/01/2014,LZU,GA,ASO,ES,Federal Contract Tower,0,9,32,0,41,0,1,134,0,135,0,10,166,0,176,204,0,204,380
02/02/2014,LZU,GA,ASO,ES,Federal Contract Tower,0,4,9,0,13,0,0,26,0,26,0,4,35,0,39,8,0,8,47
02/03/2014,LZU,GA,ASO,ES,Federal Contract Tower,0,10,11,0,21,0,4,17,0,21,0,14,28,0,42,12,0,12,54
02/04/2014,LZU,GA,ASO,ES,Federal Contract Tower,0,11,19,0,30,0,0,0,0,0,0,11,19,0,30,0,0,0,30
02/05/2014,LZU,GA,ASO,ES,Federal Contract Tower,0,12,28,0,40,0,3,2,0,5,0,15,30,0,45,0,0,0,45
02/06/2014,LZU,GA,ASO,ES,Federal Contract Tower,0,14,24,0,38,0,2,127,2,131,0,16,151,2,169,138,0,138,307
02/07/2014,LZU,GA,ASO,ES,Federal Contract Tower,0,13,36,2,51,0,1,129,0,130,0,14,165,2,181,72,0,72,253
02/08/2014,LZU,GA,ASO,ES,Federal Contract Tower,0,8,27,0,35,0,0,154,2,156,0,8,181,2,191,168,8,176,367
02/09/2014,LZU,GA,ASO,ES,Federal Contract Tower,0,3,11,0,14,0,2,114,0,116,0,5,125,0,130,66,0,66,196
02/10/2014,LZU,GA,ASO,ES,Federal Contract Tower,0,12,31,0,43,0,1,31,0,32,0,13,62,0,75,66,0,66,141
02/11/2014,LZU,GA,ASO,ES,Federal Contract Tower,0,7,9,0,16,0,0,0,0,0,0,7,9,0,16,0,0,0,16
02/12/2014,LZU,GA,ASO,ES,Federal Contract Tower,0,0,0,0,0,0,0,0,0,0,0,0,0,0,0,0,0,0,0
02/13/2014,LZU,GA,ASO,ES,Federal Contract Tower,0,8,8,0,16,0,0,2,0,2,0,8,10,0,18,0,0,0,18
02/14/2014,LZU,GA,ASO,ES,Federal Contract Tower,0,13,30,0,43,0,1,87,0,88,0,14,117,0,131,38,0,38,169
02/15/2014,LZU,GA,ASO,ES,Federal Contract Tower,0,6,17,0,23,0,0,39,2,41,0,6,56,2,64,38,0,38,102
02/16/2014,LZU,GA,ASO,ES,Federal Contract Tower,0,2,20,0,22,0,3,179,0,182,0,5,199,0,204,78,0,78,282
02/17/2014,LZU,GA,ASO,ES,Federal Contract Tower,0,17,44,0,61,0,0,97,0,97,0,17,141,0,158,86,0,86,244
02/18/2014,LZU,GA,ASO,ES,Federal Contract Tower,0,15,33,0,48,0,5,122,0,127,0,20,155,0,175,156,0,156,331
02/19/2014,LZU,GA,ASO,ES,Federal Contract Tower,0,7,36,0,43,0,1,18,0,19,0,8,54,0,62,16,0,16,78
02/20/2014,LZU,GA,ASO,ES,Federal Contract Tower,0,9,43,0,52,0,1,24,0,25,0,10,67,0,77,0,0,0,77
02/21/2014,LZU,GA,ASO,ES,Federal Contract Tower,0,8,29,0,37,0,1,66,0,67,0,9,95,0,104,54,0,54,158
02/22/2014,LZU,GA,ASO,ES,Federal Contract Tower,0,2,31,0,33,0,0,230,0,230,0,2,261,0,263,210,0,210,473
02/23/2014,LZU,GA,ASO,ES,Federal Contract Tower,0,3,25,0,28,0,4,122,0,126,0,7,147,0,154,140,0,140,294
02/24/2014,LZU,GA,ASO,ES,Federal Contract Tower,0,11,25,0,36,0,1,61,0,62,0,12,86,0,98,40,0,40,138
02/25/2014,LZU,GA,ASO,ES,Federal Contract Tower,0,14,27,0,41,0,1,67,0,68,0,15,94,0,109,116,0,116,225
02/26/2014,LZU,GA,ASO,ES,Federal Contract Tower,0,11,20,0,31,0,1,54,0,55,0,12,74,0,86,68,0,68,154
02/27/2014,LZU,GA,ASO,ES,Federal Contract Tower,0,14,17,2,33,0,1,86,2,89,0,15,103,4,122,26,0,26,148
02/28/2014,LZU,GA,ASO,ES,Federal Contract Tower,0,12,34,0,46,0,3,102,0,105,0,15,136,0,151,152,0,152,303
03/01/2014,LZU,GA,ASO,ES,Federal Contract Tower,0,8,30,0,38,0,0,163,2,165,0,8,193,2,203,198,0,198,401
03/02/2014,LZU,GA,ASO,ES,Federal Contract Tower,0,1,26,0,27,0,0,118,0,118,0,1,144,0,145,108,0,108,253
03/03/2014,LZU,GA,ASO,ES,Federal Contract Tower,0,6,10,0,16,0,1,3,0,4,0,7,13,0,20,0,0,0,20
03/04/2014,LZU,GA,ASO,ES,Federal Contract Tower,0,12,23,1,36,0,2,74,1,77,0,14,97,2,113,156,0,156,269
03/05/2014,LZU,GA,ASO,ES,Federal Contract Tower,0,8,20,0,28,0,0,103,0,103,0,8,123,0,131,180,0,180,311
03/06/2014,LZU,GA,ASO,ES,Federal Contract Tower,0,16,23,0,39,0,2,4,0,6,0,18,27,0,45,0,0,0,45
03/07/2014,LZU,GA,ASO,ES,Federal Contract Tower,0,11,42,0,53,0,0,33,3,36,0,11,75,3,89,70,0,70,159
03/08/2014,LZU,GA,ASO,ES,Federal Contract Tower,0,5,28,0,33,0,1,167,0,168,0,6,195,0,201,168,0,168,369
03/09/2014,LZU,GA,ASO,ES,Federal Contract Tower,0,1,41,0,42,0,0,141,0,141,0,1,182,0,183,50,0,50,233
03/10/2014,LZU,GA,ASO,ES,Federal Contract Tower,0,7,32,0,39,0,0,97,0,97,0,7,129,0,136,88,0,88,224
03/11/2014,LZU,GA,ASO,ES,Federal Contract Tower,0,9,27,0,36,0,3,97,0,100,0,12,124,0,136,90,0,90,226
03/12/2014,LZU,GA,ASO,ES,Federal Contract Tower,0,8,19,0,27,0,0,2,0,2,0,8,21,0,29,0,0,0,29
03/13/2014,LZU,GA,ASO,ES,Federal Contract Tower,0,13,33,0,46,0,1,42,0,43,0,14,75,0,89,6,0,6,95
03/14/2014,LZU,GA,ASO,ES,Federal Contract Tower,0,11,20,0,31,0,0,150,0,150,0,11,170,0,181,120,0,120,301
03/15/2014,LZU,GA,ASO,ES,Federal Contract Tower,0,3,23,0,26,0,0,194,0,194,0,3,217,0,220,158,0,158,378
03/16/2014,LZU,GA,ASO,ES,Federal Contract Tower,0,5,20,0,25,0,0,0,0,0,0,5,20,0,25,0,0,0,25
03/17/2014,LZU,GA,ASO,ES,Federal Contract Tower,0,13,14,0,27,0,0,0,0,0,0,13,14,0,27,0,0,0,27
03/18/2014,LZU,GA,ASO,ES,Federal Contract Tower,0,15,30,0,45,0,0,22,0,22,0,15,52,0,67,78,0,78,145
03/19/2014,LZU,GA,ASO,ES,Federal Contract Tower,0,13,47,0,60,0,0,31,2,33,0,13,78,2,93,108,0,108,201
03/20/2014,LZU,GA,ASO,ES,Federal Contract Tower,0,13,44,0,57,0,1,146,0,147,0,14,190,0,204,136,0,136,340
03/21/2014,LZU,GA,ASO,ES,Federal Contract Tower,0,11,28,0,39,0,0,172,0,172,0,11,200,0,211,156,0,156,367
03/22/2014,LZU,GA,ASO,ES,Federal Contract Tower,0,6,22,0,28,0,0,217,0,217,0,6,239,0,245,332,0,332,577
03/23/2014,LZU,GA,ASO,ES,Federal Contract Tower,0,3,23,0,26,0,1,31,0,32,0,4,54,0,58,138,0,138,196
03/24/2014,LZU,GA,ASO,ES,Federal Contract Tower,0,11,26,0,37,0,0,98,0,98,0,11,124,0,135,128,0,128,263
03/25/2014,LZU,GA,ASO,ES,Federal Contract Tower,0,16,13,0,29,0,1,28,0,29,0,17,41,0,58,46,0,46,104
03/26/2014,LZU,GA,ASO,ES,Federal Contract Tower,0,7,20,2,29,0,0,129,0,129,0,7,149,2,158,126,0,126,284
03/27/2014,LZU,GA,ASO,ES,Federal Contract Tower,0,10,23,0,33,0,8,96,0,104,0,18,119,0,137,136,0,136,273
03/28/2014,LZU,GA,ASO,ES,Federal Contract Tower,0,15,26,0,41,0,0,0,0,0,0,15,26,0,41,0,0,0,41
03/29/2014,LZU,GA,ASO,ES,Federal Contract Tower,0,2,23,0,25,0,0,14,0,14,0,2,37,0,39,0,0,0,39
03/30/2014,LZU,GA,ASO,ES,Federal Contract Tower,0,5,18,0,23,0,1,48,0,49,0,6,66,0,72,58,0,58,130
03/31/2014,LZU,GA,ASO,ES,Federal Contract Tower,0,10,28,0,38,0,2,138,0,140,0,12,166,0,178,158,0,158,336
04/01/2014,LZU,GA,ASO,ES,Federal Contract Tower,0,18,20,1,39,0,1,119,1,121,0,19,139,2,160,230,0,230,390
04/02/2014,LZU,GA,ASO,ES,Federal Contract Tower,0,11,26,0,37,0,0,140,0,140,0,11,166,0,177,202,0,202,379
04/03/2014,LZU,GA,ASO,ES,Federal Contract Tower,0,11,22,2,35,0,0,117,0,117,0,11,139,2,152,156,0,156,308
04/04/2014,LZU,GA,ASO,ES,Federal Contract Tower,0,12,30,0,42,0,0,20,0,20,0,12,50,0,62,56,0,56,118
04/05/2014,LZU,GA,ASO,ES,Federal Contract Tower,0,7,21,0,28,0,0,196,0,196,0,7,217,0,224,142,0,142,366
04/06/2014,LZU,GA,ASO,ES,Federal Contract Tower,0,8,35,0,43,0,0,26,0,26,0,8,61,0,69,80,0,80,149
04/07/2014,LZU,GA,ASO,ES,Federal Contract Tower,0,9,3,0,12,0,0,0,0,0,0,9,3,0,12,0,0,0,12
04/08/2014,LZU,GA,ASO,ES,Federal Contract Tower,0,16,20,2,38,0,0,72,0,72,0,16,92,2,110,98,0,98,208
04/09/2014,LZU,GA,ASO,ES,Federal Contract Tower,0,17,26,0,43,0,0,89,0,89,0,17,115,0,132,116,0,116,248
04/10/2014,LZU,GA,ASO,ES,Federal Contract Tower,0,19,38,0,57,0,2,140,0,142,0,21,178,0,199,184,0,184,383
04/11/2014,LZU,GA,ASO,ES,Federal Contract Tower,0,18,36,2,56,0,2,123,0,125,0,20,159,2,181,130,0,130,311
04/12/2014,LZU,GA,ASO,ES,Federal Contract Tower,0,7,33,0,40,0,2,196,0,198,0,9,229,0,238,186,0,186,424
04/13/2014,LZU,GA,ASO,ES,Federal Contract Tower,0,3,38,0,41,0,2,118,0,120,0,5,156,0,161,76,0,76,237
04/14/2014,LZU,GA,ASO,ES,Federal Contract Tower,0,8,21,0,29,0,0,4,0,4,0,8,25,0,33,20,0,20,53
04/15/2014,LZU,GA,ASO,ES,Federal Contract Tower,0,14,26,0,40,0,1,5,0,6,0,15,31,0,46,10,0,10,56
04/16/2014,LZU,GA,ASO,ES,Federal Contract Tower,0,14,43,0,57,0,4,91,0,95,0,18,134,0,152,120,0,120,272
04/17/2014,LZU,GA,ASO,ES,Federal Contract Tower,0,16,25,0,41,0,1,113,0,114,0,17,138,0,155,204,0,204,359
04/18/2014,LZU,GA,ASO,ES,Federal Contract Tower,0,15,11,0,26,0,0,22,0,22,0,15,33,0,48,46,0,46,94
04/19/2014,LZU,GA,ASO,ES,Federal Contract Tower,0,6,27,0,33,0,0,11,0,11,0,6,38,0,44,0,0,0,44
04/20/2014,LZU,GA,ASO,ES,Federal Contract Tower,0,7,19,0,26,0,1,79,0,80,0,8,98,0,106,22,0,22,128
04/21/2014,LZU,GA,ASO,ES,Federal Contract Tower,0,7,31,0,38,0,1,173,0,174,0,8,204,0,212,154,0,154,366
04/22/2014,LZU,GA,ASO,ES,Federal Contract Tower,0,21,31,0,52,0,0,44,0,44,0,21,75,0,96,68,0,68,164
04/23/2014,LZU,GA,ASO,ES,Federal Contract Tower,0,11,44,0,55,0,0,150,0,150,0,11,194,0,205,200,0,200,405
04/24/2014,LZU,GA,ASO,ES,Federal Contract Tower,0,9,40,0,49,0,4,177,0,181,0,13,217,0,230,302,0,302,532
04/25/2014,LZU,GA,ASO,ES,Federal Contract Tower,0,19,22,0,41,0,1,62,0,63,0,20,84,0,104,50,0,50,154
04/26/2014,LZU,GA,ASO,ES,Federal Contract Tower,0,2,23,0,25,0,3,198,1,202,0,5,221,1,227,196,0,196,423
04/27/2014,LZU,GA,ASO,ES,Federal Contract Tower,0,2,25,0,27,0,5,144,0,149,0,7,169,0,176,146,0,146,322
04/28/2014,LZU,GA,ASO,ES,Federal Contract Tower,0,9,41,0,50,0,2,52,0,54,0,11,93,0,104,156,0,156,260
04/29/2014,LZU,GA,ASO,ES,Federal Contract Tower,0,11,31,0,42,0,4,25,0,29,0,15,56,0,71,26,0,26,97
04/30/2014,LZU,GA,ASO,ES,Federal Contract Tower,0,18,20,0,38,0,0,28,0,28,0,18,48,0,66,70,0,70,136
05/01/2014,LZU,GA,ASO,ES,Federal Contract Tower,0,16,36,0,52,0,1,107,2,110,0,17,143,2,162,138,0,138,300
05/02/2014,LZU,GA,ASO,ES,Federal Contract Tower,0,16,32,0,48,0,0,140,0,140,0,16,172,0,188,144,0,144,332
05/03/2014,LZU,GA,ASO,ES,Federal Contract Tower,0,7,20,0,27,0,0,172,0,172,0,7,192,0,199,134,0,134,333
05/04/2014,LZU,GA,ASO,ES,Federal Contract Tower,0,6,31,0,37,0,2,116,0,118,0,8,147,0,155,120,0,120,275
05/05/2014,LZU,GA,ASO,ES,Federal Contract Tower,0,13,27,0,40,0,2,82,0,84,0,15,109,0,124,118,0,118,242
05/06/2014,LZU,GA,ASO,ES,Federal Contract Tower,0,14,23,0,37,0,2,125,0,127,0,16,148,0,164,216,0,216,380
05/07/2014,LZU,GA,ASO,ES,Federal Contract Tower,0,10,38,0,48,0,0,145,0,145,0,10,183,0,193,140,0,140,333
05/08/2014,LZU,GA,ASO,ES,Federal Contract Tower,0,15,35,0,50,0,0,113,0,113,0,15,148,0,163,98,0,98,261
05/09/2014,LZU,GA,ASO,ES,Federal Contract Tower,0,11,39,0,50,0,0,67,0,67,0,11,106,0,117,74,0,74,191
05/10/2014,LZU,GA,ASO,ES,Federal Contract Tower,0,7,25,0,32,0,1,56,0,57,0,8,81,0,89,60,0,60,149
05/11/2014,LZU,GA,ASO,ES,Federal Contract Tower,0,2,33,0,35,0,0,63,0,63,0,2,96,0,98,196,0,196,294
05/12/2014,LZU,GA,ASO,ES,Federal Contract Tower,0,13,29,0,42,0,0,85,0,85,0,13,114,0,127,88,0,88,215
05/13/2014,LZU,GA,ASO,ES,Federal Contract Tower,0,17,24,0,41,0,5,95,0,100,0,22,119,0,141,128,0,128,269
05/14/2014,LZU,GA,ASO,ES,Federal Contract Tower,0,14,44,0,58,0,1,44,0,45,0,15,88,0,103,30,0,30,133
05/15/2014,LZU,GA,ASO,ES,Federal Contract Tower,0,15,26,0,41,0,4,3,0,7,0,19,29,0,48,0,0,0,48
05/16/2014,LZU,GA,ASO,ES,Federal Contract Tower,0,13,38,0,51,0,4,86,0,90,0,17,124,0,141,46,0,46,187
05/17/2014,LZU,GA,ASO,ES,Federal Contract Tower,0,6,28,0,34,0,13,160,0,173,0,19,188,0,207,268,0,268,475
05/18/2014,LZU,GA,ASO,ES,Federal Contract Tower,0,5,35,0,40,0,0,0,0,0,0,5,35,0,40,0,0,0,40
05/19/2014,LZU,GA,ASO,ES,Federal Contract Tower,0,11,44,0,55,0,3,57,0,60,0,14,101,0,115,114,0,114,229
05/20/2014,LZU,GA,ASO,ES,Federal Contract Tower,0,19,38,2,59,0,1,103,0,104,0,20,141,2,163,154,0,154,317
05/21/2014,LZU,GA,ASO,ES,Federal Contract Tower,0,9,43,0,52,0,5,112,0,117,0,14,155,0,169,110,0,110,279
05/22/2014,LZU,GA,ASO,ES,Federal Contract Tower,0,15,41,0,56,0,14,95,0,109,0,29,136,0,165,82,0,82,247
05/23/2014,LZU,GA,ASO,ES,Federal Contract Tower,0,17,34,0,51,0,0,130,0,130,0,17,164,0,181,74,0,74,255
05/24/2014,LZU,GA,ASO,ES,Federal Contract Tower,0,2,24,0,26,0,0,158,0,158,0,2,182,0,184,224,0,224,408
05/25/2014,LZU,GA,ASO,ES,Federal Contract Tower,0,2,17,0,19,0,0,74,0,74,0,2,91,0,93,98,0,98,191
05/26/2014,LZU,GA,ASO,ES,Federal Contract Tower,0,3,40,0,43,0,0,103,0,103,0,3,143,0,146,64,0,64,210
05/27/2014,LZU,GA,ASO,ES,Federal Contract Tower,0,13,26,0,39,0,1,106,0,107,0,14,132,0,146,118,0,118,264
05/28/2014,LZU,GA,ASO,ES,Federal Contract Tower,0,14,26,0,40,0,0,87,0,87,0,14,113,0,127,110,0,110,237
05/29/2014,LZU,GA,ASO,ES,Federal Contract Tower,0,12,17,0,29,0,0,84,0,84,0,12,101,0,113,136,0,136,249
05/30/2014,LZU,GA,ASO,ES,Federal Contract Tower,0,12,29,0,41,0,0,25,0,25,0,12,54,0,66,28,0,28,94
05/31/2014,LZU,GA,ASO,ES,Federal Contract Tower,0,1,24,0,25,0,0,105,0,105,0,1,129,0,130,210,0,210,340
06/01/2014,LZU,GA,ASO,ES,Federal Contract Tower,0,2,22,0,24,0,2,56,0,58,0,4,78,0,82,52,0,52,134
06/02/2014,LZU,GA,ASO,ES,Federal Contract Tower,0,7,25,0,32,0,1,105,0,106,0,8,130,0,138,158,0,158,296
06/03/2014,LZU,GA,ASO,ES,Federal Contract Tower,0,20,33,0,53,0,2,80,0,82,0,22,113,0,135,68,0,68,203
06/04/2014,LZU,GA,ASO,ES,Federal Contract Tower,0,14,34,0,48,0,2,87,0,89,0,16,121,0,137,86,0,86,223
06/05/2014,LZU,GA,ASO,ES,Federal Contract Tower,0,12,41,0,53,0,2,64,0,66,0,14,105,0,119,32,0,32,151
06/06/2014,LZU,GA,ASO,ES,Federal Contract Tower,0,16,44,0,60,0,0,74,0,74,0,16,118,0,134,74,0,74,208
06/07/2014,LZU,GA,ASO,ES,Federal Contract Tower,0,3,20,0,23,0,0,122,0,122,0,3,142,0,145,104,0,104,249
06/08/2014,LZU,GA,ASO,ES,Federal Contract Tower,0,2,31,0,33,0,0,62,0,62,0,2,93,0,95,74,0,74,169
06/09/2014,LZU,GA,ASO,ES,Federal Contract Tower,0,9,34,0,43,0,0,68,0,68,0,9,102,0,111,90,0,90,201
06/10/2014,LZU,GA,ASO,ES,Federal Contract Tower,0,11,30,0,41,0,0,63,0,63,0,11,93,0,104,22,0,22,126
06/11/2014,LZU,GA,ASO,ES,Federal Contract Tower,0,12,25,0,37,0,0,45,0,45,0,12,70,0,82,54,0,54,136
06/12/2014,LZU,GA,ASO,ES,Federal Contract Tower,0,18,52,0,70,0,0,54,0,54,0,18,106,0,124,66,0,66,190
06/13/2014,LZU,GA,ASO,ES,Federal Contract Tower,0,27,35,0,62,0,0,66,0,66,0,27,101,0,128,60,0,60,188
06/14/2014,LZU,GA,ASO,ES,Federal Contract Tower,0,9,20,0,29,0,0,125,0,125,0,9,145,0,154,240,0,240,394
06/15/2014,LZU,GA,ASO,ES,Federal Contract Tower,0,3,20,0,23,0,0,100,0,100,0,3,120,0,123,10,0,10,133
06/16/2014,LZU,GA,ASO,ES,Federal Contract Tower,0,11,26,0,37,0,4,79,0,83,0,15,105,0,120,120,0,120,240
06/17/2014,LZU,GA,ASO,ES,Federal Contract Tower,0,12,29,0,41,0,4,85,0,89,0,16,114,0,130,126,0,126,256
06/18/2014,LZU,GA,ASO,ES,Federal Contract Tower,0,17,26,0,43,0,2,95,0,97,0,19,121,0,140,146,0,146,286
06/19/2014,LZU,GA,ASO,ES,Federal Contract Tower,0,10,21,0,31,0,0,102,0,102,0,10,123,0,133,66,0,66,199
06/20/2014,LZU,GA,ASO,ES,Federal Contract Tower,0,19,19,0,38,0,0,81,0,81,0,19,100,0,119,78,0,78,197
06/21/2014,LZU,GA,ASO,ES,Federal Contract Tower,0,4,22,0,26,0,1,175,0,176,0,5,197,0,202,68,0,68,270
06/22/2014,LZU,GA,ASO,ES,Federal Contract Tower,0,1,29,0,30,0,0,109,2,111,0,1,138,2,141,82,0,82,223
06/23/2014,LZU,GA,ASO,ES,Federal Contract Tower,0,14,23,0,37,0,1,64,0,65,0,15,87,0,102,26,0,26,128
06/24/2014,LZU,GA,ASO,ES,Federal Contract Tower,0,18,19,0,37,0,2,35,0,37,0,20,54,0,74,66,0,66,140
06/25/2014,LZU,GA,ASO,ES,Federal Contract Tower,0,11,35,0,46,0,1,59,0,60,0,12,94,0,106,62,0,62,168
06/26/2014,LZU,GA,ASO,ES,Federal Contract Tower,0,14,25,0,39,0,0,82,2,84,0,14,107,2,123,44,0,44,167
06/27/2014,LZU,GA,ASO,ES,Federal Contract Tower,0,9,50,0,59,0,1,76,0,77,0,10,126,0,136,68,0,68,204
06/28/2014,LZU,GA,ASO,ES,Federal Contract Tower,0,4,30,0,34,0,0,87,0,87,0,4,117,0,121,142,0,142,263
06/29/2014,LZU,GA,ASO,ES,Federal Contract Tower,0,5,36,0,41,0,0,71,0,71,0,5,107,0,112,122,0,122,234
06/30/2014,LZU,GA,ASO,ES,Federal Contract Tower,0,22,33,0,55,0,0,38,0,38,0,22,71,0,93,88,0,88,181
07/01/2014,LZU,GA,ASO,ES,Federal Contract Tower,0,16,25,0,41,0,0,95,0,95,0,16,120,0,136,100,0,100,236
07/02/2014,LZU,GA,ASO,ES,Federal Contract Tower,0,16,18,0,34,0,2,90,0,92,0,18,108,0,126,142,0,142,268
07/03/2014,LZU,GA,ASO,ES,Federal Contract Tower,0,12,20,0,32,0,0,76,0,76,0,12,96,0,108,46,0,46,154
07/04/2014,LZU,GA,ASO,ES,Federal Contract Tower,0,1,18,0,19,0,0,84,0,84,0,1,102,0,103,32,0,32,135
07/05/2014,LZU,GA,ASO,ES,Federal Contract Tower,0,4,19,0,23,0,0,135,0,135,0,4,154,0,158,106,0,106,264
07/06/2014,LZU,GA,ASO,ES,Federal Contract Tower,0,2,40,0,42,0,0,40,0,40,0,2,80,0,82,88,0,88,170
07/07/2014,LZU,GA,ASO,ES,Federal Contract Tower,0,8,39,0,47,0,0,53,0,53,0,8,92,0,100,76,0,76,176
07/08/2014,LZU,GA,ASO,ES,Federal Contract Tower,0,14,31,0,45,0,0,60,0,60,0,14,91,0,105,70,0,70,175
07/09/2014,LZU,GA,ASO,ES,Federal Contract Tower,0,12,29,0,41,0,3,72,0,75,0,15,101,0,116,78,0,78,194
07/10/2014,LZU,GA,ASO,ES,Federal Contract Tower,0,12,39,0,51,0,0,70,0,70,0,12,109,0,121,220,0,220,341
07/11/2014,LZU,GA,ASO,ES,Federal Contract Tower,0,12,39,0,51,0,0,51,0,51,0,12,90,0,102,100,0,100,202
07/12/2014,LZU,GA,ASO,ES,Federal Contract Tower,0,4,46,0,50,0,0,103,0,103,0,4,149,0,153,78,0,78,231
07/13/2014,LZU,GA,ASO,ES,Federal Contract Tower,0,0,22,0,22,0,0,103,2,105,0,0,125,2,127,94,0,94,221
07/14/2014,LZU,GA,ASO,ES,Federal Contract Tower,0,9,21,0,30,0,0,49,0,49,0,9,70,0,79,18,0,18,97
07/15/2014,LZU,GA,ASO,ES,Federal Contract Tower,0,10,19,0,29,0,0,39,0,39,0,10,58,0,68,58,0,58,126
07/16/2014,LZU,GA,ASO,ES,Federal Contract Tower,0,18,31,0,49,0,2,117,0,119,0,20,148,0,168,102,0,102,270
07/17/2014,LZU,GA,ASO,ES,Federal Contract Tower,0,34,44,0,78,0,1,122,0,123,0,35,166,0,201,190,0,190,391
07/18/2014,LZU,GA,ASO,ES,Federal Contract Tower,0,19,51,0,70,0,0,39,0,39,0,19,90,0,109,76,0,76,185
07/19/2014,LZU,GA,ASO,ES,Federal Contract Tower,0,7,32,0,39,0,0,0,0,0,0,7,32,0,39,0,0,0,39
07/20/2014,LZU,GA,ASO,ES,Federal Contract Tower,0,1,32,0,33,0,0,0,0,0,0,1,32,0,33,0,0,0,33
07/21/2014,LZU,GA,ASO,ES,Federal Contract Tower,0,9,39,0,48,0,0,40,0,40,0,9,79,0,88,54,0,54,142
07/22/2014,LZU,GA,ASO,ES,Federal Contract Tower,0,12,42,0,54,0,1,39,0,40,0,13,81,0,94,56,0,56,150
07/23/2014,LZU,GA,ASO,ES,Federal Contract Tower,0,19,40,0,59,0,0,67,0,67,0,19,107,0,126,44,0,44,170
07/24/2014,LZU,GA,ASO,ES,Federal Contract Tower,0,19,33,0,52,0,0,73,0,73,0,19,106,0,125,20,0,20,145
07/25/2014,LZU,GA,ASO,ES,Federal Contract Tower,0,17,34,0,51,0,0,102,0,102,0,17,136,0,153,116,0,116,269
07/26/2014,LZU,GA,ASO,ES,Federal Contract Tower,0,3,29,0,32,0,0,161,0,161,0,3,190,0,193,26,0,26,219
07/27/2014,LZU,GA,ASO,ES,Federal Contract Tower,0,0,26,0,26,0,0,84,0,84,0,0,110,0,110,146,0,146,256
07/28/2014,LZU,GA,ASO,ES,Federal Contract Tower,0,10,29,0,39,0,0,53,2,55,0,10,82,2,94,28,0,28,122
07/29/2014,LZU,GA,ASO,ES,Federal Contract Tower,0,14,28,0,42,0,1,87,0,88,0,15,115,0,130,90,0,90,220
07/30/2014,LZU,GA,ASO,ES,Federal Contract Tower,0,14,22,0,36,0,0,95,0,95,0,14,117,0,131,104,0,104,235
07/31/2014,LZU,GA,ASO,ES,Federal Contract Tower,0,12,45,0,57,0,0,60,0,60,0,12,105,0,117,78,0,78,195
08/01/2014,LZU,GA,ASO,ES,Federal Contract Tower,0,14,57,0,71,0,0,30,0,30,0,14,87,0,101,20,0,20,121
08/02/2014,LZU,GA,ASO,ES,Federal Contract Tower,0,3,23,0,26,0,0,65,0,65,0,3,88,0,91,166,0,166,257
08/03/2014,LZU,GA,ASO,ES,Federal Contract Tower,0,2,25,0,27,0,0,79,0,79,0,2,104,0,106,30,0,30,136
08/04/2014,LZU,GA,ASO,ES,Federal Contract Tower,0,7,17,0,24,0,0,72,0,72,0,7,89,0,96,138,0,138,234
08/05/2014,LZU,GA,ASO,ES,Federal Contract Tower,0,10,21,0,31,0,4,108,0,112,0,14,129,0,143,96,0,96,239
08/06/2014,LZU,GA,ASO,ES,Federal Contract Tower,0,11,27,0,38,0,0,87,0,87,0,11,114,0,125,92,0,92,217
08/07/2014,LZU,GA,ASO,ES,Federal Contract Tower,0,12,27,0,39,0,0,86,2,88,0,12,113,2,127,84,0,84,211
08/08/2014,LZU,GA,ASO,ES,Federal Contract Tower,0,9,27,0,36,0,0,42,0,42,0,9,69,0,78,58,0,58,136
08/09/2014,LZU,GA,ASO,ES,Federal Contract Tower,0,5,32,0,37,0,0,44,0,44,0,5,76,0,81,50,0,50,131
08/10/2014,LZU,GA,ASO,ES,Federal Contract Tower,0,4,37,0,41,0,0,17,0,17,0,4,54,0,58,22,0,22,80
08/11/2014,LZU,GA,ASO,ES,Federal Contract Tower,0,18,21,0,39,0,0,32,0,32,0,18,53,0,71,44,0,44,115
08/12/2014,LZU,GA,ASO,ES,Federal Contract Tower,0,10,24,0,34,0,1,48,0,49,0,11,72,0,83,62,0,62,145
08/13/2014,LZU,GA,ASO,ES,Federal Contract Tower,0,16,39,0,55,0,0,113,0,113,0,16,152,0,168,76,0,76,244
08/14/2014,LZU,GA,ASO,ES,Federal Contract Tower,0,14,23,0,37,0,0,98,0,98,0,14,121,0,135,106,0,106,241
08/15/2014,LZU,GA,ASO,ES,Federal Contract Tower,0,15,41,0,56,0,0,108,0,108,0,15,149,0,164,146,0,146,310
08/16/2014,LZU,GA,ASO,ES,Federal Contract Tower,0,5,23,2,30,0,0,242,0,242,0,5,265,2,272,128,0,128,400
08/17/2014,LZU,GA,ASO,ES,Federal Contract Tower,0,0,23,0,23,0,0,87,0,87,0,0,110,0,110,92,0,92,202
08/18/2014,LZU,GA,ASO,ES,Federal Contract Tower,0,12,13,0,25,0,0,39,0,39,0,12,52,0,64,16,0,16,80
08/19/2014,LZU,GA,ASO,ES,Federal Contract Tower,0,18,37,0,55,0,10,44,6,60,0,28,81,6,115,74,0,74,189
08/20/2014,LZU,GA,ASO,ES,Federal Contract Tower,0,19,39,0,58,0,1,77,0,78,0,20,116,0,136,104,0,104,240
08/21/2014,LZU,GA,ASO,ES,Federal Contract Tower,0,15,33,0,48,0,2,133,0,135,0,17,166,0,183,170,0,170,353
08/22/2014,LZU,GA,ASO,ES,Federal Contract Tower,0,15,30,0,45,0,5,91,0,96,0,20,121,0,141,70,0,70,211
08/23/2014,LZU,GA,ASO,ES,Federal Contract Tower,0,3,26,0,29,0,0,135,0,135,0,3,161,0,164,106,0,106,270
08/24/2014,LZU,GA,ASO,ES,Federal Contract Tower,0,4,19,0,23,0,0,22,0,22,0,4,41,0,45,36,0,36,81
08/25/2014,LZU,GA,ASO,ES,Federal Contract Tower,0,10,22,0,32,0,0,68,0,68,0,10,90,0,100,112,0,112,212
08/26/2014,LZU,GA,ASO,ES,Federal Contract Tower,0,12,23,0,35,0,0,95,0,95,0,12,118,0,130,70,0,70,200
08/27/2014,LZU,GA,ASO,ES,Federal Contract Tower,0,16,21,0,37,0,3,88,0,91,0,19,109,0,128,90,0,90,218
08/28/2014,LZU,GA,ASO,ES,Federal Contract Tower,0,13,30,0,43,0,0,103,1,104,0,13,133,1,147,96,0,96,243
08/29/2014,LZU,GA,ASO,ES,Federal Contract Tower,0,21,40,0,61,0,4,109,0,113,0,25,149,0,174,84,0,84,258
08/30/2014,LZU,GA,ASO,ES,Federal Contract Tower,0,4,14,0,18,0,0,136,0,136,0,4,150,0,154,182,0,182,336
08/31/2014,LZU,GA,ASO,ES,Federal Contract Tower,0,4,16,0,20,0,0,56,0,56,0,4,72,0,76,60,0,60,136
09/01/2014,LZU,GA,ASO,ES,Federal Contract Tower,0,5,31,0,36,0,0,75,0,75,0,5,106,0,111,78,0,78,189
09/02/2014,LZU,GA,ASO,ES,Federal Contract Tower,0,16,33,0,49,0,2,58,0,60,0,18,91,0,109,96,0,96,205
09/03/2014,LZU,GA,ASO,ES,Federal Contract Tower,0,16,23,0,39,0,3,49,0,52,0,19,72,0,91,110,0,110,201
09/04/2014,LZU,GA,ASO,ES,Federal Contract Tower,0,21,43,0,64,0,0,21,0,21,0,21,64,0,85,26,0,26,111
09/05/2014,LZU,GA,ASO,ES,Federal Contract Tower,0,22,30,0,52,0,2,60,0,62,0,24,90,0,114,22,0,22,136
09/06/2014,LZU,GA,ASO,ES,Federal Contract Tower,0,4,16,0,20,0,0,150,0,150,0,4,166,0,170,168,0,168,338
09/07/2014,LZU,GA,ASO,ES,Federal Contract Tower,0,4,10,0,14,0,0,63,0,63,0,4,73,0,77,50,0,50,127
09/08/2014,LZU,GA,ASO,ES,Federal Contract Tower,0,13,22,0,35,0,0,20,0,20,0,13,42,0,55,32,0,32,87
09/09/2014,LZU,GA,ASO,ES,Federal Contract Tower,0,16,36,0,52,0,2,74,0,76,0,18,110,0,128,94,0,94,222
09/10/2014,LZU,GA,ASO,ES,Federal Contract Tower,0,17,27,0,44,0,3,62,0,65,0,20,89,0,109,158,0,158,267
09/11/2014,LZU,GA,ASO,ES,Federal Contract Tower,0,11,33,0,44,0,2,81,0,83,0,13,114,0,127,204,0,204,331
09/12/2014,LZU,GA,ASO,ES,Federal Contract Tower,0,14,26,0,40,0,0,49,0,49,0,14,75,0,89,38,0,38,127
09/13/2014,LZU,GA,ASO,ES,Federal Contract Tower,0,6,19,0,25,0,0,48,0,48,0,6,67,0,73,84,0,84,157
09/14/2014,LZU,GA,ASO,ES,Federal Contract Tower,0,4,35,0,39,0,0,0,0,0,0,4,35,0,39,0,0,0,39
09/15/2014,LZU,GA,ASO,ES,Federal Contract Tower,0,15,24,2,41,0,0,0,0,0,0,15,24,2,41,0,0,0,41
09/16/2014,LZU,GA,ASO,ES,Federal Contract Tower,0,16,47,1,64,0,0,22,2,24,0,16,69,3,88,26,0,26,114
09/17/2014,LZU,GA,ASO,ES,Federal Contract Tower,0,18,27,0,45,0,0,105,0,105,0,18,132,0,150,158,0,158,308
09/18/2014,LZU,GA,ASO,ES,Federal Contract Tower,0,15,41,2,58,0,0,59,0,59,0,15,100,2,117,72,0,72,189
09/19/2014,LZU,GA,ASO,ES,Federal Contract Tower,0,22,36,0,58,0,0,78,0,78,0,22,114,0,136,78,0,78,214
09/20/2014,LZU,GA,ASO,ES,Federal Contract Tower,0,5,28,0,33,0,0,194,0,194,0,5,222,0,227,162,0,162,389
09/21/2014,LZU,GA,ASO,ES,Federal Contract Tower,0,5,17,0,22,0,0,113,0,113,0,5,130,0,135,62,0,62,197
09/22/2014,LZU,GA,ASO,ES,Federal Contract Tower,0,14,17,0,31,0,3,70,0,73,0,17,87,0,104,68,0,68,172
09/23/2014,LZU,GA,ASO,ES,Federal Contract Tower,0,17,31,0,48,0,2,85,0,87,0,19,116,0,135,170,0,170,305
09/24/2014,LZU,GA,ASO,ES,Federal Contract Tower,0,18,20,0,38,0,1,103,0,104,0,19,123,0,142,134,0,134,276
09/25/2014,LZU,GA,ASO,ES,Federal Contract Tower,0,9,42,0,51,0,1,45,2,48,0,10,87,2,99,72,0,72,171
09/26/2014,LZU,GA,ASO,ES,Federal Contract Tower,0,19,36,0,55,0,0,33,0,33,0,19,69,0,88,62,0,62,150
09/27/2014,LZU,GA,ASO,ES,Federal Contract Tower,0,4,24,0,28,0,2,101,0,103,0,6,125,0,131,208,0,208,339
09/28/2014,LZU,GA,ASO,ES,Federal Contract Tower,0,4,47,0,51,0,0,36,0,36,0,4,83,0,87,70,0,70,157
09/29/2014,LZU,GA,ASO,ES,Federal Contract Tower,0,12,31,0,43,0,0,0,0,0,0,12,31,0,43,0,0,0,43
09/30/2014,LZU,GA,ASO,ES,Federal Contract Tower,0,14,35,0,49,0,1,95,0,96,0,15,130,0,145,134,0,134,279
10/01/2014,LZU,GA,ASO,ES,Federal Contract Tower,0,12,25,0,37,0,7,107,0,114,0,19,132,0,151,166,0,166,317
10/02/2014,LZU,GA,ASO,ES,Federal Contract Tower,0,13,29,0,42,0,2,100,0,102,0,15,129,0,144,196,0,196,340
10/03/2014,LZU,GA,ASO,ES,Federal Contract Tower,0,10,24,0,34,0,0,10,0,10,0,10,34,0,44,0,0,0,44
10/04/2014,LZU,GA,ASO,ES,Federal Contract Tower,0,3,28,0,31,0,1,86,0,87,0,4,114,0,118,46,0,46,164
10/05/2014,LZU,GA,ASO,ES,Federal Contract Tower,0,4,27,0,31,0,0,151,0,151,0,4,178,0,182,138,0,138,320
10/06/2014,LZU,GA,ASO,ES,Federal Contract Tower,0,15,36,0,51,0,2,89,0,91,0,17,125,0,142,190,0,190,332
10/07/2014,LZU,GA,ASO,ES,Federal Contract Tower,0,14,24,0,38,0,3,85,0,88,0,17,109,0,126,76,0,76,202
10/08/2014,LZU,GA,ASO,ES,Federal Contract Tower,0,13,26,0,39,0,1,85,0,86,0,14,111,0,125,126,0,126,251
10/09/2014,LZU,GA,ASO,ES,Federal Contract Tower,0,16,41,0,57,0,1,85,0,86,0,17,126,0,143,154,0,154,297
10/10/2014,LZU,GA,ASO,ES,Federal Contract Tower,0,11,39,0,50,0,3,92,0,95,0,14,131,0,145,76,0,76,221
10/11/2014,LZU,GA,ASO,ES,Federal Contract Tower,0,5,17,0,22,0,2,52,0,54,0,7,69,0,76,106,0,106,182
10/12/2014,LZU,GA,ASO,ES,Federal Contract Tower,0,7,20,0,27,0,0,37,0,37,0,7,57,0,64,36,0,36,100
10/13/2014,LZU,GA,ASO,ES,Federal Contract Tower,0,15,33,0,48,0,0,11,0,11,0,15,44,0,59,48,0,48,107
10/14/2014,LZU,GA,ASO,ES,Federal Contract Tower,0,13,18,0,31,0,0,0,0,0,0,13,18,0,31,0,0,0,31
10/15/2014,LZU,GA,ASO,ES,Federal Contract Tower,0,16,22,0,38,0,0,89,0,89,0,16,111,0,127,136,0,136,263
10/16/2014,LZU,GA,ASO,ES,Federal Contract Tower,0,16,39,0,55,0,3,72,0,75,0,19,111,0,130,52,0,52,182
10/17/2014,LZU,GA,ASO,ES,Federal Contract Tower,0,15,32,0,47,0,6,124,0,130,0,21,156,0,177,150,0,150,327
10/18/2014,LZU,GA,ASO,ES,Federal Contract Tower,0,1,26,0,27,0,1,164,2,167,0,2,190,2,194,82,8,90,284
10/19/2014,LZU,GA,ASO,ES,Federal Contract Tower,0,8,33,0,41,0,0,130,0,130,0,8,163,0,171,98,0,98,269
10/20/2014,LZU,GA,ASO,ES,Federal Contract Tower,0,10,27,0,37,0,0,82,0,82,0,10,109,0,119,98,0,98,217
10/21/2014,LZU,GA,ASO,ES,Federal Contract Tower,0,13,39,0,52,0,0,105,0,105,0,13,144,0,157,92,0,92,249
10/22/2014,LZU,GA,ASO,ES,Federal Contract Tower,0,13,26,0,39,0,6,90,0,96,0,19,116,0,135,92,0,92,227
10/23/2014,LZU,GA,ASO,ES,Federal Contract Tower,0,17,34,0,51,0,0,142,1,143,0,17,176,1,194,142,1,143,337
10/24/2014,LZU,GA,ASO,ES,Federal Contract Tower,0,13,34,0,47,0,2,116,0,118,0,15,150,0,165,124,0,124,289
10/25/2014,LZU,GA,ASO,ES,Federal Contract Tower,0,3,29,0,32,0,0,168,0,168,0,3,197,0,200,222,0,222,422
10/26/2014,LZU,GA,ASO,ES,Federal Contract Tower,0,5,24,0,29,0,1,172,0,173,0,6,196,0,202,102,0,102,304
10/27/2014,LZU,GA,ASO,ES,Federal Contract Tower,0,12,27,0,39,0,4,111,0,115,0,16,138,0,154,212,0,212,366
10/28/2014,LZU,GA,ASO,ES,Federal Contract Tower,0,13,33,0,46,0,2,83,0,85,0,15,116,0,131,174,0,174,305
10/29/2014,LZU,GA,ASO,ES,Federal Contract Tower,0,15,25,0,40,0,0,26,0,26,0,15,51,0,66,58,8,66,132
10/30/2014,LZU,GA,ASO,ES,Federal Contract Tower,0,16,36,2,54,0,4,143,0,147,0,20,179,2,201,142,0,142,343
10/31/2014,LZU,GA,ASO,ES,Federal Contract Tower,0,16,26,0,42,0,0,96,0,96,0,16,122,0,138,42,0,42,180
11/01/2014,LZU,GA,ASO,ES,Federal Contract Tower,0,7,12,0,19,0,0,9,0,9,0,7,21,0,28,0,0,0,28
11/02/2014,LZU,GA,ASO,ES,Federal Contract Tower,0,4,29,0,33,0,0,116,0,116,0,4,145,0,149,68,0,68,217
11/03/2014,LZU,GA,ASO,ES,Federal Contract Tower,0,9,18,0,27,0,0,84,0,84,0,9,102,0,111,180,0,180,291
11/04/2014,LZU,GA,ASO,ES,Federal Contract Tower,0,18,26,0,44,0,4,86,1,91,0,22,112,1,135,194,6,200,335
11/05/2014,LZU,GA,ASO,ES,Federal Contract Tower,0,11,33,0,44,0,0,0,0,0,0,11,33,0,44,108,0,108,152
11/06/2014,LZU,GA,ASO,ES,Federal Contract Tower,0,12,47,0,59,0,1,38,0,39,0,13,85,0,98,10,0,10,108
11/07/2014,LZU,GA,ASO,ES,Federal Contract Tower,0,18,39,0,57,0,3,119,2,124,0,21,158,2,181,104,0,104,285
11/08/2014,LZU,GA,ASO,ES,Federal Contract Tower,0,6,25,0,31,0,0,154,0,154,0,6,179,0,185,224,0,224,409
11/09/2014,LZU,GA,ASO,ES,Federal Contract Tower,0,3,29,0,32,0,2,92,0,94,0,5,121,0,126,96,0,96,222
11/10/2014,LZU,GA,ASO,ES,Federal Contract Tower,0,10,17,0,27,0,0,80,0,80,0,10,97,0,107,118,0,118,225
11/11/2014,LZU,GA,ASO,ES,Federal Contract Tower,0,12,28,0,40,0,0,117,0,117,0,12,145,0,157,164,0,164,321
11/12/2014,LZU,GA,ASO,ES,Federal Contract Tower,0,8,26,0,34,0,0,67,0,67,0,8,93,0,101,68,0,68,169
11/13/2014,LZU,GA,ASO,ES,Federal Contract Tower,0,17,40,0,57,0,2,52,0,54,0,19,92,0,111,22,0,22,133
11/14/2014,LZU,GA,ASO,ES,Federal Contract Tower,0,16,32,0,48,0,0,91,0,91,0,16,123,0,139,96,0,96,235
11/15/2014,LZU,GA,ASO,ES,Federal Contract Tower,0,6,11,0,17,0,0,171,0,171,0,6,182,0,188,108,0,108,296
11/16/2014,LZU,GA,ASO,ES,Federal Contract Tower,0,8,32,0,40,0,0,44,0,44,0,8,76,0,84,72,0,72,156
11/17/2014,LZU,GA,ASO,ES,Federal Contract Tower,0,20,24,0,44,0,0,3,0,3,0,20,27,0,47,2,0,2,49
11/18/2014,LZU,GA,ASO,ES,Federal Contract Tower,0,16,17,0,33,0,0,40,0,40,0,16,57,0,73,20,0,20,93
11/19/2014,LZU,GA,ASO,ES,Federal Contract Tower,0,13,34,0,47,0,4,79,0,83,0,17,113,0,130,64,0,64,194
11/20/2014,LZU,GA,ASO,ES,Federal Contract Tower,0,9,35,0,44,0,0,98,0,98,0,9,133,0,142,110,0,110,252
11/21/2014,LZU,GA,ASO,ES,Federal Contract Tower,0,13,34,0,47,0,0,151,0,151,0,13,185,0,198,110,0,110,308
11/22/2014,LZU,GA,ASO,ES,Federal Contract Tower,0,4,21,0,25,0,0,124,0,124,0,4,145,0,149,142,0,142,291
11/23/2014,LZU,GA,ASO,ES,Federal Contract Tower,0,2,3,0,5,0,0,0,0,0,0,2,3,0,5,0,0,0,5
11/24/2014,LZU,GA,ASO,ES,Federal Contract Tower,0,14,35,0,49,0,0,61,0,61,0,14,96,0,110,78,0,78,188
11/25/2014,LZU,GA,ASO,ES,Federal Contract Tower,0,13,39,2,54,0,1,73,0,74,0,14,112,2,128,150,0,150,278
11/26/2014,LZU,GA,ASO,ES,Federal Contract Tower,0,16,34,0,50,0,2,74,0,76,0,18,108,0,126,114,0,114,240
11/27/2014,LZU,GA,ASO,ES,Federal Contract Tower,0,5,5,0,10,0,0,14,0,14,0,5,19,0,24,16,0,16,40
11/28/2014,LZU,GA,ASO,ES,Federal Contract Tower,0,11,21,0,32,0,0,94,0,94,0,11,115,0,126,74,0,74,200
11/29/2014,LZU,GA,ASO,ES,Federal Contract Tower,0,4,36,0,40,0,0,102,0,102,0,4,138,0,142,116,0,116,258
11/30/2014,LZU,GA,ASO,ES,Federal Contract Tower,0,7,42,0,49,0,0,86,0,86,0,7,128,0,135,50,0,50,185
12/01/2014,LZU,GA,ASO,ES,Federal Contract Tower,0,15,23,0,38,0,3,44,0,47,0,18,67,0,85,64,0,64,149
12/02/2014,LZU,GA,ASO,ES,Federal Contract Tower,0,12,22,0,34,0,9,69,0,78,0,21,91,0,112,100,0,100,212
12/03/2014,LZU,GA,ASO,ES,Federal Contract Tower,0,18,33,0,51,0,0,37,0,37,0,18,70,0,88,22,0,22,110
12/04/2014,LZU,GA,ASO,ES,Federal Contract Tower,0,19,27,0,46,0,0,56,0,56,0,19,83,0,102,44,0,44,146
12/05/2014,LZU,GA,ASO,ES,Federal Contract Tower,0,16,12,0,28,0,0,0,0,0,0,16,12,0,28,0,0,0,28
12/06/2014,LZU,GA,ASO,ES,Federal Contract Tower,0,7,20,0,27,0,0,0,0,0,0,7,20,0,27,0,0,0,27
12/07/2014,LZU,GA,ASO,ES,Federal Contract Tower,0,13,30,0,43,0,1,128,0,129,0,14,158,0,172,94,0,94,266
12/08/2014,LZU,GA,ASO,ES,Federal Contract Tower,0,12,21,2,35,0,0,36,0,36,0,12,57,2,71,114,0,114,185
12/09/2014,LZU,GA,ASO,ES,Federal Contract Tower,0,16,35,0,51,0,1,39,0,40,0,17,74,0,91,40,0,40,131
12/10/2014,LZU,GA,ASO,ES,Federal Contract Tower,0,17,16,0,33,0,0,90,0,90,0,17,106,0,123,108,0,108,231
12/11/2014,LZU,GA,ASO,ES,Federal Contract Tower,10,30,0,0,40,0,0,112,0,112,10,30,112,0,152,150,0,150,302
12/12/2014,LZU,GA,ASO,ES,Federal Contract Tower,0,8,40,0,48,0,0,111,0,111,0,8,151,0,159,62,0,62,221
12/13/2014,LZU,GA,ASO,ES,Federal Contract Tower,0,7,22,0,29,0,0,207,0,207,0,7,229,0,236,140,0,140,376
12/14/2014,LZU,GA,ASO,ES,Federal Contract Tower,0,4,16,0,20,0,0,78,0,78,0,4,94,0,98,54,0,54,152
12/15/2014,LZU,GA,ASO,ES,Federal Contract Tower,0,8,22,0,30,0,2,72,0,74,0,10,94,0,104,136,0,136,240
12/16/2014,LZU,GA,ASO,ES,Federal Contract Tower,0,14,24,0,38,0,5,22,0,27,0,19,46,0,65,56,0,56,121
12/17/2014,LZU,GA,ASO,ES,Federal Contract Tower,0,17,32,2,51,0,0,97,0,97,0,17,129,2,148,56,0,56,204
12/18/2014,LZU,GA,ASO,ES,Federal Contract Tower,0,14,28,0,42,0,3,90,0,93,0,17,118,0,135,98,0,98,233
12/19/2014,LZU,GA,ASO,ES,Federal Contract Tower,0,15,39,0,54,0,3,97,0,100,0,18,136,0,154,104,0,104,258
12/20/2014,LZU,GA,ASO,ES,Federal Contract Tower,0,4,22,0,26,0,0,12,0,12,0,4,34,0,38,10,0,10,48
12/21/2014,LZU,GA,ASO,ES,Federal Contract Tower,0,1,34,0,35,0,0,1,0,1,0,1,35,0,36,0,0,0,36
12/22/2014,LZU,GA,ASO,ES,Federal Contract Tower,0,11,15,0,26,0,0,0,0,0,0,11,15,0,26,0,0,0,26
12/23/2014,LZU,GA,ASO,ES,Federal Contract Tower,0,14,11,0,25,0,0,0,0,0,0,14,11,0,25,0,0,0,25
12/24/2014,LZU,GA,ASO,ES,Federal Contract Tower,0,10,12,0,22,0,0,0,0,0,0,10,12,0,22,0,0,0,22
12/25/2014,LZU,GA,ASO,ES,Federal Contract Tower,0,5,13,0,18,0,0,27,0,27,0,5,40,0,45,8,0,8,53
12/26/2014,LZU,GA,ASO,ES,Federal Contract Tower,0,10,37,0,47,0,0,143,0,143,0,10,180,0,190,104,0,104,294
12/27/2014,LZU,GA,ASO,ES,Federal Contract Tower,0,4,25,0,29,0,0,104,0,104,0,4,129,0,133,68,0,68,201
12/28/2014,LZU,GA,ASO,ES,Federal Contract Tower,0,0,24,0,24,0,0,0,0,0,0,0,24,0,24,0,0,0,24
12/29/2014,LZU,GA,ASO,ES,Federal Contract Tower,0,11,27,0,38,0,0,20,2,22,0,11,47,2,60,36,0,36,96
12/30/2014,LZU,GA,ASO,ES,Federal Contract Tower,0,20,30,1,51,0,0,53,0,53,0,20,83,1,104,52,0,52,156
12/31/2014,LZU,GA,ASO,ES,Federal Contract Tower,0,14,31,0,45,0,0,86,0,86,0,14,117,0,131,40,0,40,171
01/01/2015,LZU,GA,ASO,ES,Federal Contract Tower,0,5,15,0,20,0,1,78,0,79,0,6,93,0,99,58,0,58,157
01/02/2015,LZU,GA,ASO,ES,Federal Contract Tower,0,9,23,0,32,0,0,5,0,5,0,9,28,0,37,12,0,12,49
01/03/2015,LZU,GA,ASO,ES,Federal Contract Tower,0,5,8,0,13,0,0,0,0,0,0,5,8,0,13,0,0,0,13
01/04/2015,LZU,GA,ASO,ES,Federal Contract Tower,0,2,23,0,25,0,12,0,0,12,0,14,23,0,37,8,0,8,45
01/05/2015,LZU,GA,ASO,ES,Federal Contract Tower,0,11,23,0,34,0,6,76,0,82,0,17,99,0,116,68,0,68,184
01/06/2015,LZU,GA,ASO,ES,Federal Contract Tower,0,14,19,0,33,0,3,60,0,63,0,17,79,0,96,36,0,36,132
01/07/2015,LZU,GA,ASO,ES,Federal Contract Tower,0,15,19,0,34,0,2,29,0,31,0,17,48,0,65,4,0,4,69
01/08/2015,LZU,GA,ASO,ES,Federal Contract Tower,0,15,26,0,41,0,3,74,0,77,0,18,100,0,118,128,0,128,246
01/09/2015,LZU,GA,ASO,ES,Federal Contract Tower,0,14,31,4,49,0,2,66,0,68,0,16,97,4,117,84,0,84,201
01/10/2015,LZU,GA,ASO,ES,Federal Contract Tower,0,5,16,0,21,0,0,136,0,136,0,5,152,0,157,114,0,114,271
01/11/2015,LZU,GA,ASO,ES,Federal Contract Tower,0,6,24,0,30,0,0,28,0,28,0,6,52,0,58,42,0,42,100
01/12/2015,LZU,GA,ASO,ES,Federal Contract Tower,0,10,11,0,21,0,0,0,0,0,0,10,11,0,21,0,0,0,21
01/13/2015,LZU,GA,ASO,ES,Federal Contract Tower,0,14,15,0,29,0,0,0,0,0,0,14,15,0,29,0,0,0,29
01/14/2015,LZU,GA,ASO,ES,Federal Contract Tower,0,15,21,0,36,0,0,6,0,6,0,15,27,0,42,12,0,12,54
01/15/2015,LZU,GA,ASO,ES,Federal Contract Tower,0,11,34,0,45,0,0,0,0,0,0,11,34,0,45,0,0,0,45
01/16/2015,LZU,GA,ASO,ES,Federal Contract Tower,0,14,44,0,58,0,8,148,0,156,0,22,192,0,214,126,0,126,340
01/17/2015,LZU,GA,ASO,ES,Federal Contract Tower,0,3,14,0,17,0,1,198,0,199,0,4,212,0,216,90,0,90,306
01/18/2015,LZU,GA,ASO,ES,Federal Contract Tower,0,2,21,0,23,0,0,65,0,65,0,2,86,0,88,16,0,16,104
01/19/2015,LZU,GA,ASO,ES,Federal Contract Tower,0,7,39,0,46,0,2,99,0,101,0,9,138,0,147,58,0,58,205
01/20/2015,LZU,GA,ASO,ES,Federal Contract Tower,0,10,19,0,29,0,4,85,0,89,0,14,104,0,118,152,0,152,270
01/21/2015,LZU,GA,ASO,ES,Federal Contract Tower,0,17,30,0,47,0,0,122,0,122,0,17,152,0,169,130,0,130,299
01/22/2015,LZU,GA,ASO,ES,Federal Contract Tower,0,10,30,0,40,0,0,118,0,118,0,10,148,0,158,240,0,240,398
01/23/2015,LZU,GA,ASO,ES,Federal Contract Tower,0,12,19,0,31,0,0,0,0,0,0,12,19,0,31,0,0,0,31
01/24/2015,LZU,GA,ASO,ES,Federal Contract Tower,0,4,13,0,17,0,1,24,0,25,0,5,37,0,42,2,0,2,44
01/25/2015,LZU,GA,ASO,ES,Federal Contract Tower,0,4,35,0,39,0,1,129,0,130,0,5,164,0,169,96,0,96,265
01/26/2015,LZU,GA,ASO,ES,Federal Contract Tower,0,9,17,0,26,0,0,9,0,9,0,9,26,0,35,12,0,12,47
01/27/2015,LZU,GA,ASO,ES,Federal Contract Tower,0,9,27,0,36,0,1,58,0,59,0,10,85,0,95,30,0,30,125
01/28/2015,LZU,GA,ASO,ES,Federal Contract Tower,0,16,31,0,47,0,0,149,0,149,0,16,180,0,196,102,0,102,298
01/29/2015,LZU,GA,ASO,ES,Federal Contract Tower,0,12,32,5,49,0,0,73,0,73,0,12,105,5,122,100,0,100,222
01/30/2015,LZU,GA,ASO,ES,Federal Contract Tower,0,15,26,0,41,0,0,36,0,36,0,15,62,0,77,26,0,26,103
01/31/2015,LZU,GA,ASO,ES,Federal Contract Tower,0,1,29,0,30,0,0,252,0,252,0,1,281,0,282,172,0,172,454
02/01/2015,LZU,GA,ASO,ES,Federal Contract Tower,0,6,17,0,23,0,0,26,0,26,0,6,43,0,49,30,0,30,79
02/02/2015,LZU,GA,ASO,ES,Federal Contract Tower,0,13,28,0,41,0,1,10,0,11,0,14,38,0,52,18,0,18,70
02/03/2015,LZU,GA,ASO,ES,Federal Contract Tower,0,15,29,0,44,0,1,100,0,101,0,16,129,0,145,100,0,100,245
02/04/2015,LZU,GA,ASO,ES,Federal Contract Tower,0,17,25,1,43,0,0,78,0,78,0,17,103,1,121,48,0,48,169
02/05/2015,LZU,GA,ASO,ES,Federal Contract Tower,0,12,37,0,49,0,0,64,0,64,0,12,101,0,113,6,0,6,119
02/06/2015,LZU,GA,ASO,ES,Federal Contract Tower,0,10,26,0,36,0,3,112,0,115,0,13,138,0,151,126,0,126,277
02/07/2015,LZU,GA,ASO,ES,Federal Contract Tower,0,6,21,0,27,0,0,250,0,250,0,6,271,0,277,104,0,104,381
02/08/2015,LZU,GA,ASO,ES,Federal Contract Tower,0,3,18,0,21,0,1,121,0,122,0,4,139,0,143,78,0,78,221
02/09/2015,LZU,GA,ASO,ES,Federal Contract Tower,0,13,26,0,39,0,0,10,0,10,0,13,36,0,49,26,0,26,75
02/10/2015,LZU,GA,ASO,ES,Federal Contract Tower,0,16,34,0,50,0,0,73,0,73,0,16,107,0,123,56,0,56,179
02/11/2015,LZU,GA,ASO,ES,Federal Contract Tower,0,15,34,0,49,0,0,149,0,149,0,15,183,0,198,96,0,96,294
02/12/2015,LZU,GA,ASO,ES,Federal Contract Tower,0,14,27,0,41,0,1,27,0,28,0,15,54,0,69,2,0,2,71
02/13/2015,LZU,GA,ASO,ES,Federal Contract Tower,0,11,35,0,46,0,2,90,0,92,0,13,125,0,138,78,0,78,216
02/14/2015,LZU,GA,ASO,ES,Federal Contract Tower,0,5,25,0,30,0,0,103,0,103,0,5,128,0,133,50,0,50,183
02/15/2015,LZU,GA,ASO,ES,Federal Contract Tower,0,5,17,0,22,0,0,88,0,88,0,5,105,0,110,118,0,118,228
02/16/2015,LZU,GA,ASO,ES,Federal Contract Tower,0,11,14,0,25,0,1,7,0,8,0,12,21,0,33,0,0,0,33
02/17/2015,LZU,GA,ASO,ES,Federal Contract Tower,0,10,23,0,33,0,0,4,0,4,0,10,27,0,37,6,0,6,43
02/18/2015,LZU,GA,ASO,ES,Federal Contract Tower,0,17,20,0,37,0,0,6,0,6,0,17,26,0,43,2,0,2,45
02/19/2015,LZU,GA,ASO,ES,Federal Contract Tower,0,13,26,0,39,0,0,18,0,18,0,13,44,0,57,40,0,40,97
02/20/2015,LZU,GA,ASO,ES,Federal Contract Tower,0,10,23,0,33,0,2,76,0,78,0,12,99,0,111,88,0,88,199
02/21/2015,LZU,GA,ASO,ES,Federal Contract Tower,0,4,13,0,17,0,0,44,0,44,0,4,57,0,61,46,0,46,107
02/22/2015,LZU,GA,ASO,ES,Federal Contract Tower,0,4,14,0,18,0,0,0,0,0,0,4,14,0,18,0,0,0,18
02/23/2015,LZU,GA,ASO,ES,Federal Contract Tower,0,15,33,0,48,0,0,56,0,56,0,15,89,0,104,62,0,62,166
02/24/2015,LZU,GA,ASO,ES,Federal Contract Tower,0,14,14,0,28,0,0,0,0,0,0,14,14,0,28,0,0,0,28
02/25/2015,LZU,GA,ASO,ES,Federal Contract Tower,0,14,13,0,27,0,0,30,0,30,0,14,43,0,57,34,0,34,91
02/26/2015,LZU,GA,ASO,ES,Federal Contract Tower,0,10,35,0,45,0,0,6,0,6,0,10,41,0,51,14,0,14,65
02/27/2015,LZU,GA,ASO,ES,Federal Contract Tower,0,19,29,0,48,0,0,148,0,148,0,19,177,0,196,106,0,106,302
02/28/2015,LZU,GA,ASO,ES,Federal Contract Tower,0,6,16,4,26,0,0,169,0,169,0,6,185,4,195,120,0,120,315
03/01/2015,LZU,GA,ASO,ES,Federal Contract Tower,0,2,20,0,22,0,0,0,0,0,0,2,20,0,22,0,0,0,22
03/02/2015,LZU,GA,ASO,ES,Federal Contract Tower,0,9,30,0,39,0,0,49,0,49,0,9,79,0,88,34,0,34,122
03/03/2015,LZU,GA,ASO,ES,Federal Contract Tower,0,15,23,0,38,0,0,0,0,0,0,15,23,0,38,0,0,0,38
03/04/2015,LZU,GA,ASO,ES,Federal Contract Tower,0,16,33,0,49,0,2,15,0,17,0,18,48,0,66,12,0,12,78
03/05/2015,LZU,GA,ASO,ES,Federal Contract Tower,0,15,35,0,50,0,0,0,0,0,0,15,35,0,50,0,0,0,50
03/06/2015,LZU,GA,ASO,ES,Federal Contract Tower,0,15,35,3,53,0,2,134,0,136,0,17,169,3,189,106,0,106,295
03/07/2015,LZU,GA,ASO,ES,Federal Contract Tower,0,5,27,0,32,0,0,243,0,243,0,5,270,0,275,126,0,126,401
03/08/2015,LZU,GA,ASO,ES,Federal Contract Tower,0,2,31,0,33,0,0,157,0,157,0,2,188,0,190,136,0,136,326
03/09/2015,LZU,GA,ASO,ES,Federal Contract Tower,0,12,23,0,35,0,1,96,0,97,0,13,119,0,132,80,0,80,212
03/10/2015,LZU,GA,ASO,ES,Federal Contract Tower,0,15,52,0,67,0,1,21,0,22,0,16,73,0,89,22,0,22,111
03/11/2015,LZU,GA,ASO,ES,Federal Contract Tower,0,17,42,0,59,0,0,27,0,27,0,17,69,0,86,58,0,58,144
03/12/2015,LZU,GA,ASO,ES,Federal Contract Tower,0,9,44,0,53,0,1,25,0,26,0,10,69,0,79,8,0,8,87
03/13/2015,LZU,GA,ASO,ES,Federal Contract Tower,0,11,17,0,28,0,0,0,0,0,0,11,17,0,28,0,0,0,28
03/14/2015,LZU,GA,ASO,ES,Federal Contract Tower,0,6,32,0,38,0,0,7,0,7,0,6,39,0,45,0,0,0,45
03/15/2015,LZU,GA,ASO,ES,Federal Contract Tower,0,3,29,0,32,0,2,199,0,201,0,5,228,0,233,130,0,130,363
03/16/2015,LZU,GA,ASO,ES,Federal Contract Tower,0,11,19,0,30,0,5,107,0,112,0,16,126,0,142,94,0,94,236
03/17/2015,LZU,GA,ASO,ES,Federal Contract Tower,0,14,28,0,42,0,3,63,0,66,0,17,91,0,108,40,0,40,148
03/18/2015,LZU,GA,ASO,ES,Federal Contract Tower,0,11,23,0,34,0,0,119,0,119,0,11,142,0,153,112,0,112,265
03/19/2015,LZU,GA,ASO,ES,Federal Contract Tower,0,21,44,0,65,0,0,0,0,0,0,21,44,0,65,0,0,0,65
03/20/2015,LZU,GA,ASO,ES,Federal Contract Tower,0,18,33,0,51,0,4,23,0,27,0,22,56,0,78,26,0,26,104
03/21/2015,LZU,GA,ASO,ES,Federal Contract Tower,0,3,42,0,45,0,5,212,0,217,0,8,254,0,262,148,0,148,410
03/22/2015,LZU,GA,ASO,ES,Federal Contract Tower,0,7,25,0,32,0,0,21,0,21,0,7,46,0,53,16,0,16,69
03/23/2015,LZU,GA,ASO,ES,Federal Contract Tower,0,21,22,0,43,0,0,40,0,40,0,21,62,0,83,72,0,72,155
03/24/2015,LZU,GA,ASO,ES,Federal Contract Tower,0,11,35,0,46,0,4,98,0,102,0,15,133,0,148,132,0,132,280
03/25/2015,LZU,GA,ASO,ES,Federal Contract Tower,0,13,49,0,62,0,0,13,0,13,0,13,62,0,75,0,0,0,75
03/26/2015,LZU,GA,ASO,ES,Federal Contract Tower,0,13,29,0,42,0,5,88,6,99,0,18,117,6,141,168,0,168,309
03/27/2015,LZU,GA,ASO,ES,Federal Contract Tower,0,11,37,0,48,0,2,34,0,36,0,13,71,0,84,2,0,2,86
03/28/2015,LZU,GA,ASO,ES,Federal Contract Tower,0,2,21,0,23,0,0,168,0,168,0,2,189,0,191,58,0,58,249
03/29/2015,LZU,GA,ASO,ES,Federal Contract Tower,0,4,26,0,30,0,0,178,0,178,0,4,204,0,208,170,0,170,378
03/30/2015,LZU,GA,ASO,ES,Federal Contract Tower,0,16,36,0,52,0,1,28,0,29,0,17,64,0,81,14,0,14,95
03/31/2015,LZU,GA,ASO,ES,Federal Contract Tower,0,19,47,0,66,0,1,82,0,83,0,20,129,0,149,140,0,140,289
04/01/2015,LZU,GA,ASO,ES,Federal Contract Tower,0,14,38,0,52,0,2,124,0,126,0,16,162,0,178,130,0,130,308
04/02/2015,LZU,GA,ASO,ES,Federal Contract Tower,0,17,34,2,53,0,0,0,0,0,0,17,34,2,53,0,0,0,53
04/03/2015,LZU,GA,ASO,ES,Federal Contract Tower,0,17,34,0,51,0,1,124,0,125,0,18,158,0,176,82,0,82,258
04/04/2015,LZU,GA,ASO,ES,Federal Contract Tower,0,9,16,0,25,0,0,122,0,122,0,9,138,0,147,24,0,24,171
04/05/2015,LZU,GA,ASO,ES,Federal Contract Tower,0,5,29,0,34,0,1,71,0,72,0,6,100,0,106,50,0,50,156
04/06/2015,LZU,GA,ASO,ES,Federal Contract Tower,0,10,34,0,44,0,0,15,0,15,0,10,49,0,59,18,0,18,77
04/07/2015,LZU,GA,ASO,ES,Federal Contract Tower,0,15,32,0,47,0,0,38,0,38,0,15,70,0,85,74,0,74,159
04/08/2015,LZU,GA,ASO,ES,Federal Contract Tower,0,9,29,0,38,0,11,123,0,134,0,20,152,0,172,140,0,140,312
04/09/2015,LZU,GA,ASO,ES,Federal Contract Tower,0,20,24,0,44,0,2,81,0,83,0,22,105,0,127,100,0,100,227
04/10/2015,LZU,GA,ASO,ES,Federal Contract Tower,0,11,25,0,36,0,1,6,0,7,0,12,31,0,43,14,0,14,57
04/11/2015,LZU,GA,ASO,ES,Federal Contract Tower,0,5,21,0,26,0,1,207,0,208,0,6,228,0,234,136,0,136,370
04/12/2015,LZU,GA,ASO,ES,Federal Contract Tower,0,10,37,0,47,0,0,34,0,34,0,10,71,0,81,14,0,14,95
04/13/2015,LZU,GA,ASO,ES,Federal Contract Tower,0,15,27,0,42,0,0,0,0,0,0,15,27,0,42,0,0,0,42
04/14/2015,LZU,GA,ASO,ES,Federal Contract Tower,0,10,27,0,37,0,0,43,0,43,0,10,70,0,80,38,0,38,118
04/15/2015,LZU,GA,ASO,ES,Federal Contract Tower,0,20,37,0,57,0,0,0,0,0,0,20,37,0,57,0,0,0,57
04/16/2015,LZU,GA,ASO,ES,Federal Contract Tower,0,16,20,0,36,0,0,1,0,1,0,16,21,0,37,0,0,0,37
04/17/2015,LZU,GA,ASO,ES,Federal Contract Tower,0,17,20,0,37,0,0,0,0,0,0,17,20,0,37,0,0,0,37
04/18/2015,LZU,GA,ASO,ES,Federal Contract Tower,0,2,15,0,17,0,0,23,0,23,0,2,38,0,40,50,0,50,90
04/19/2015,LZU,GA,ASO,ES,Federal Contract Tower,0,3,23,0,26,0,0,0,0,0,0,3,23,0,26,0,0,0,26
04/20/2015,LZU,GA,ASO,ES,Federal Contract Tower,0,14,26,0,40,0,0,40,1,41,0,14,66,1,81,106,0,106,187
04/21/2015,LZU,GA,ASO,ES,Federal Contract Tower,0,19,30,0,49,0,0,110,1,111,0,19,140,1,160,94,0,94,254
04/22/2015,LZU,GA,ASO,ES,Federal Contract Tower,0,5,41,0,46,0,1,92,0,93,0,6,133,0,139,126,0,126,265
04/23/2015,LZU,GA,ASO,ES,Federal Contract Tower,0,12,38,0,50,0,6,119,0,125,0,18,157,0,175,164,0,164,339
04/24/2015,LZU,GA,ASO,ES,Federal Contract Tower,0,21,27,0,48,0,1,133,0,134,0,22,160,0,182,122,0,122,304
04/25/2015,LZU,GA,ASO,ES,Federal Contract Tower,0,8,15,0,23,0,2,11,0,13,0,10,26,0,36,0,0,0,36
04/26/2015,LZU,GA,ASO,ES,Federal Contract Tower,0,5,37,0,42,0,2,70,0,72,0,7,107,0,114,8,0,8,122
04/27/2015,LZU,GA,ASO,ES,Federal Contract Tower,0,19,21,0,40,0,0,76,0,76,0,19,97,0,116,104,0,104,220
04/28/2015,LZU,GA,ASO,ES,Federal Contract Tower,0,12,23,0,35,0,1,97,0,98,0,13,120,0,133,94,0,94,227
04/29/2015,LZU,GA,ASO,ES,Federal Contract Tower,0,12,25,2,39,0,2,5,0,7,0,14,30,2,46,28,0,28,74
04/30/2015,LZU,GA,ASO,ES,Federal Contract Tower,0,19,40,0,59,0,0,110,0,110,0,19,150,0,169,42,0,42,211
05/01/2015,LZU,GA,ASO,ES,Federal Contract Tower,0,12,25,0,37,0,2,102,0,104,0,14,127,0,141,72,0,72,213
05/02/2015,LZU,GA,ASO,ES,Federal Contract Tower,0,3,15,0,18,0,0,235,0,235,0,3,250,0,253,168,0,168,421
05/03/2015,LZU,GA,ASO,ES,Federal Contract Tower,0,4,30,0,34,0,0,138,0,138,0,4,168,0,172,112,0,112,284
05/04/2015,LZU,GA,ASO,ES,Federal Contract Tower,0,15,18,0,33,0,2,94,0,96,0,17,112,0,129,96,0,96,225
05/05/2015,LZU,GA,ASO,ES,Federal Contract Tower,0,9,18,0,27,0,1,124,0,125,0,10,142,0,152,86,0,86,238
05/07/2015,LZU,GA,ASO,ES,Federal Contract Tower,0,15,30,0,45,0,2,135,0,137,0,17,165,0,182,168,0,168,350
05/08/2015,LZU,GA,ASO,ES,Federal Contract Tower,0,19,41,0,60,0,2,131,1,134,0,21,172,1,194,156,0,156,350
05/09/2015,LZU,GA,ASO,ES,Federal Contract Tower,0,6,23,0,29,0,0,194,0,194,0,6,217,0,223,188,0,188,411
05/10/2015,LZU,GA,ASO,ES,Federal Contract Tower,0,3,19,0,22,0,2,110,0,112,0,5,129,0,134,44,0,44,178
05/11/2015,LZU,GA,ASO,ES,Federal Contract Tower,0,11,35,0,46,0,0,63,0,63,0,11,98,0,109,116,0,116,225
05/12/2015,LZU,GA,ASO,ES,Federal Contract Tower,0,9,33,0,42,0,0,67,0,67,0,9,100,0,109,88,0,88,197
05/13/2015,LZU,GA,ASO,ES,Federal Contract Tower,0,8,44,0,52,0,1,118,0,119,0,9,162,0,171,64,0,64,235
05/14/2015,LZU,GA,ASO,ES,Federal Contract Tower,0,20,25,0,45,0,2,109,0,111,0,22,134,0,156,104,0,104,260
05/15/2015,LZU,GA,ASO,ES,Federal Contract Tower,0,11,35,2,48,0,0,41,0,41,0,11,76,2,89,66,0,66,155
05/16/2015,LZU,GA,ASO,ES,Federal Contract Tower,0,4,25,0,29,0,1,160,0,161,0,5,185,0,190,98,0,98,288
05/17/2015,LZU,GA,ASO,ES,Federal Contract Tower,0,3,27,0,30,0,0,65,0,65,0,3,92,0,95,116,0,116,211
05/18/2015,LZU,GA,ASO,ES,Federal Contract Tower,0,19,25,0,44,0,0,27,0,27,0,19,52,0,71,44,0,44,115
05/19/2015,LZU,GA,ASO,ES,Federal Contract Tower,0,11,31,0,42,0,2,67,0,69,0,13,98,0,111,102,0,102,213
05/20/2015,LZU,GA,ASO,ES,Federal Contract Tower,0,13,29,0,42,0,1,126,0,127,0,14,155,0,169,140,0,140,309
05/21/2015,LZU,GA,ASO,ES,Federal Contract Tower,0,17,44,0,61,0,0,83,0,83,0,17,127,0,144,30,0,30,174
05/22/2015,LZU,GA,ASO,ES,Federal Contract Tower,0,19,30,0,49,0,0,104,0,104,0,19,134,0,153,76,0,76,229
05/23/2015,LZU,GA,ASO,ES,Federal Contract Tower,0,9,30,0,39,0,2,146,0,148,0,11,176,0,187,116,0,116,303
05/24/2015,LZU,GA,ASO,ES,Federal Contract Tower,0,1,20,0,21,0,1,64,0,65,0,2,84,0,86,48,0,48,134
05/25/2015,LZU,GA,ASO,ES,Federal Contract Tower,0,3,40,0,43,0,0,20,4,24,0,3,60,4,67,102,0,102,169
05/26/2015,LZU,GA,ASO,ES,Federal Contract Tower,0,13,43,0,56,0,0,1,0,1,0,13,44,0,57,46,0,46,103
05/27/2015,LZU,GA,ASO,ES,Federal Contract Tower,0,11,48,1,60,0,0,28,0,28,0,11,76,1,88,16,0,16,104
05/28/2015,LZU,GA,ASO,ES,Federal Contract Tower,0,13,38,0,51,0,0,50,0,50,0,13,88,0,101,94,0,94,195
05/29/2015,LZU,GA,ASO,ES,Federal Contract Tower,0,15,40,0,55,0,1,68,0,69,0,16,108,0,124,80,0,80,204
05/30/2015,LZU,GA,ASO,ES,Federal Contract Tower,0,6,38,0,44,0,0,140,0,140,0,6,178,0,184,116,0,116,300
05/31/2015,LZU,GA,ASO,ES,Federal Contract Tower,0,1,21,0,22,0,0,26,0,26,0,1,47,0,48,22,0,22,70
06/01/2015,LZU,GA,ASO,ES,Federal Contract Tower,0,13,30,0,43,0,0,35,0,35,0,13,65,0,78,46,0,46,124
06/02/2015,LZU,GA,ASO,ES,Federal Contract Tower,0,14,35,0,49,0,1,62,0,63,0,15,97,0,112,116,0,116,228
06/03/2015,LZU,GA,ASO,ES,Federal Contract Tower,0,13,46,0,59,0,0,60,0,60,0,13,106,0,119,156,0,156,275
06/04/2015,LZU,GA,ASO,ES,Federal Contract Tower,0,16,41,2,59,0,2,80,0,82,0,18,121,2,141,118,0,118,259
06/05/2015,LZU,GA,ASO,ES,Federal Contract Tower,0,15,33,0,48,0,2,125,0,127,0,17,158,0,175,164,0,164,339
06/06/2015,LZU,GA,ASO,ES,Federal Contract Tower,0,3,29,0,32,0,0,179,0,179,0,3,208,0,211,172,0,172,383
06/07/2015,LZU,GA,ASO,ES,Federal Contract Tower,0,2,30,0,32,0,1,104,0,105,0,3,134,0,137,56,0,56,193
06/08/2015,LZU,GA,ASO,ES,Federal Contract Tower,0,8,24,0,32,0,0,53,0,53,0,8,77,0,85,126,0,126,211
06/09/2015,LZU,GA,ASO,ES,Federal Contract Tower,0,22,26,0,48,0,3,30,0,33,0,25,56,0,81,46,0,46,127
06/10/2015,LZU,GA,ASO,ES,Federal Contract Tower,0,12,42,0,54,0,0,60,0,60,0,12,102,0,114,130,0,130,244
06/11/2015,LZU,GA,ASO,ES,Federal Contract Tower,0,15,46,0,61,0,0,32,0,32,0,15,78,0,93,66,0,66,159
06/12/2015,LZU,GA,ASO,ES,Federal Contract Tower,0,13,42,0,55,0,0,47,4,51,0,13,89,4,106,36,0,36,142
06/13/2015,LZU,GA,ASO,ES,Federal Contract Tower,0,9,16,0,25,0,0,174,0,174,0,9,190,0,199,172,0,172,371
06/14/2015,LZU,GA,ASO,ES,Federal Contract Tower,0,4,42,0,46,0,2,86,0,88,0,6,128,0,134,90,0,90,224
06/15/2015,LZU,GA,ASO,ES,Federal Contract Tower,0,10,25,0,35,0,0,80,0,80,0,10,105,0,115,182,0,182,297
06/16/2015,LZU,GA,ASO,ES,Federal Contract Tower,0,12,48,0,60,0,0,99,0,99,0,12,147,0,159,88,0,88,247
06/17/2015,LZU,GA,ASO,ES,Federal Contract Tower,0,13,22,0,35,0,4,96,0,100,0,17,118,0,135,158,0,158,293
06/18/2015,LZU,GA,ASO,ES,Federal Contract Tower,0,14,32,0,46,0,4,52,0,56,0,18,84,0,102,84,0,84,186
06/19/2015,LZU,GA,ASO,ES,Federal Contract Tower,0,13,35,0,48,0,1,123,0,124,0,14,158,0,172,66,0,66,238
06/20/2015,LZU,GA,ASO,ES,Federal Contract Tower,0,3,19,0,22,0,2,128,0,130,0,5,147,0,152,134,0,134,286
06/21/2015,LZU,GA,ASO,ES,Federal Contract Tower,0,2,21,0,23,0,1,103,0,104,0,3,124,0,127,80,0,80,207
06/22/2015,LZU,GA,ASO,ES,Federal Contract Tower,0,15,33,0,48,0,0,86,0,86,0,15,119,0,134,198,0,198,332
06/23/2015,LZU,GA,ASO,ES,Federal Contract Tower,0,20,22,0,42,0,76,0,0,76,0,96,22,0,118,82,0,82,200
06/24/2015,LZU,GA,ASO,ES,Federal Contract Tower,0,14,34,0,48,0,0,54,0,54,0,14,88,0,102,90,0,90,192
06/25/2015,LZU,GA,ASO,ES,Federal Contract Tower,0,19,36,0,55,0,1,129,0,130,0,20,165,0,185,128,0,128,313
06/26/2015,LZU,GA,ASO,ES,Federal Contract Tower,0,10,24,0,34,0,0,91,0,91,0,10,115,0,125,124,0,124,249
06/27/2015,LZU,GA,ASO,ES,Federal Contract Tower,0,8,36,0,44,0,0,13,0,13,0,8,49,0,57,14,0,14,71
06/28/2015,LZU,GA,ASO,ES,Federal Contract Tower,0,4,34,0,38,0,0,136,0,136,0,4,170,0,174,132,0,132,306
06/29/2015,LZU,GA,ASO,ES,Federal Contract Tower,0,15,28,0,43,0,2,83,0,85,0,17,111,0,128,86,0,86,214
06/30/2015,LZU,GA,ASO,ES,Federal Contract Tower,0,9,20,0,29,0,2,49,0,51,0,11,69,0,80,122,0,122,202
07/01/2015,LZU,GA,ASO,ES,Federal Contract Tower,0,14,30,0,44,0,0,33,0,33,0,14,63,0,77,64,0,64,141
07/02/2015,LZU,GA,ASO,ES,Federal Contract Tower,0,19,24,0,43,0,6,57,0,63,0,25,81,0,106,70,0,70,176
07/03/2015,LZU,GA,ASO,ES,Federal Contract Tower,0,10,21,0,31,0,0,14,0,14,0,10,35,0,45,28,0,28,73
07/04/2015,LZU,GA,ASO,ES,Federal Contract Tower,0,2,5,0,7,0,0,15,0,15,0,2,20,0,22,8,0,8,30
07/05/2015,LZU,GA,ASO,ES,Federal Contract Tower,0,4,34,0,38,0,0,36,0,36,0,4,70,0,74,40,0,40,114
07/06/2015,LZU,GA,ASO,ES,Federal Contract Tower,0,6,21,0,27,0,1,44,0,45,0,7,65,0,72,110,0,110,182
07/07/2015,LZU,GA,ASO,ES,Federal Contract Tower,0,18,28,0,46,0,2,71,0,73,0,20,99,0,119,82,0,82,201
07/08/2015,LZU,GA,ASO,ES,Federal Contract Tower,0,15,42,0,57,0,0,115,0,115,0,15,157,0,172,134,0,134,306
07/09/2015,LZU,GA,ASO,ES,Federal Contract Tower,0,22,53,0,75,0,2,88,0,90,0,24,141,0,165,106,0,106,271
07/10/2015,LZU,GA,ASO,ES,Federal Contract Tower,0,18,35,0,53,0,4,118,0,122,0,22,153,0,175,62,0,62,237
07/11/2015,LZU,GA,ASO,ES,Federal Contract Tower,0,3,15,0,18,0,0,187,0,187,0,3,202,0,205,124,0,124,329
07/12/2015,LZU,GA,ASO,ES,Federal Contract Tower,0,3,12,0,15,0,2,109,0,111,0,5,121,0,126,70,0,70,196
07/13/2015,LZU,GA,ASO,ES,Federal Contract Tower,0,18,23,0,41,0,1,56,0,57,0,19,79,0,98,56,0,56,154
07/14/2015,LZU,GA,ASO,ES,Federal Contract Tower,0,13,23,0,36,0,0,84,0,84,0,13,107,0,120,172,0,172,292
07/15/2015,LZU,GA,ASO,ES,Federal Contract Tower,0,16,53,0,69,0,0,87,0,87,0,16,140,0,156,124,0,124,280
07/16/2015,LZU,GA,ASO,ES,Federal Contract Tower,0,19,61,0,80,0,0,113,0,113,0,19,174,0,193,106,0,106,299
07/17/2015,LZU,GA,ASO,ES,Federal Contract Tower,0,14,55,0,69,0,0,92,0,92,0,14,147,0,161,82,0,82,243
07/18/2015,LZU,GA,ASO,ES,Federal Contract Tower,0,3,29,0,32,0,1,144,0,145,0,4,173,0,177,52,0,52,229
07/19/2015,LZU,GA,ASO,ES,Federal Contract Tower,0,4,28,0,32,0,0,55,0,55,0,4,83,0,87,12,0,12,99
07/20/2015,LZU,GA,ASO,ES,Federal Contract Tower,0,15,20,0,35,0,3,60,0,63,0,18,80,0,98,86,0,86,184
07/21/2015,LZU,GA,ASO,ES,Federal Contract Tower,0,9,33,2,44,0,1,51,0,52,0,10,84,2,96,94,0,94,190
07/22/2015,LZU,GA,ASO,ES,Federal Contract Tower,0,20,21,0,41,0,0,87,0,87,0,20,108,0,128,112,0,112,240
07/23/2015,LZU,GA,ASO,ES,Federal Contract Tower,0,18,28,0,46,0,2,79,0,81,0,20,107,0,127,86,0,86,213
07/24/2015,LZU,GA,ASO,ES,Federal Contract Tower,0,12,34,0,46,0,2,87,0,89,0,14,121,0,135,104,0,104,239
07/25/2015,LZU,GA,ASO,ES,Federal Contract Tower,0,2,27,0,29,0,0,59,0,59,0,2,86,0,88,58,0,58,146
07/26/2015,LZU,GA,ASO,ES,Federal Contract Tower,0,7,21,0,28,0,2,52,0,54,0,9,73,0,82,20,0,20,102
07/27/2015,LZU,GA,ASO,ES,Federal Contract Tower,0,16,30,0,46,0,0,64,0,64,0,16,94,0,110,58,0,58,168
07/28/2015,LZU,GA,ASO,ES,Federal Contract Tower,0,14,20,0,34,0,0,86,4,90,0,14,106,4,124,92,0,92,216
07/29/2015,LZU,GA,ASO,ES,Federal Contract Tower,0,10,32,0,42,0,1,72,0,73,0,11,104,0,115,110,0,110,225
07/30/2015,LZU,GA,ASO,ES,Federal Contract Tower,0,12,37,0,49,0,0,109,0,109,0,12,146,0,158,194,0,194,352
07/31/2015,LZU,GA,ASO,ES,Federal Contract Tower,0,13,36,1,50,0,2,104,1,107,0,15,140,2,157,56,0,56,213
08/01/2015,LZU,GA,ASO,ES,Federal Contract Tower,0,6,29,0,35,0,3,140,0,143,0,9,169,0,178,30,0,30,208
08/02/2015,LZU,GA,ASO,ES,Federal Contract Tower,0,2,30,0,32,0,0,142,0,142,0,2,172,0,174,48,0,48,222
08/03/2015,LZU,GA,ASO,ES,Federal Contract Tower,0,14,27,0,41,0,1,74,0,75,0,15,101,0,116,136,0,136,252
08/04/2015,LZU,GA,ASO,ES,Federal Contract Tower,0,13,36,0,49,0,3,78,0,81,0,16,114,0,130,140,0,140,270
08/05/2015,LZU,GA,ASO,ES,Federal Contract Tower,0,12,25,0,37,0,0,95,0,95,0,12,120,0,132,120,0,120,252
08/06/2015,LZU,GA,ASO,ES,Federal Contract Tower,0,16,24,0,40,0,0,21,4,25,0,16,45,4,65,64,0,64,129
08/07/2015,LZU,GA,ASO,ES,Federal Contract Tower,0,13,41,0,54,0,0,81,0,81,0,13,122,0,135,56,0,56,191
08/08/2015,LZU,GA,ASO,ES,Federal Contract Tower,0,4,32,0,36,0,0,139,0,139,0,4,171,0,175,132,0,132,307
08/09/2015,LZU,GA,ASO,ES,Federal Contract Tower,0,4,25,0,29,0,3,105,0,108,0,7,130,0,137,58,0,58,195
08/10/2015,LZU,GA,ASO,ES,Federal Contract Tower,0,12,30,0,42,0,1,59,0,60,0,13,89,0,102,110,0,110,212
08/11/2015,LZU,GA,ASO,ES,Federal Contract Tower,0,19,29,0,48,0,2,59,0,61,0,21,88,0,109,106,0,106,215
08/12/2015,LZU,GA,ASO,ES,Federal Contract Tower,0,12,13,0,25,0,3,115,0,118,0,15,128,0,143,202,0,202,345
08/13/2015,LZU,GA,ASO,ES,Federal Contract Tower,0,11,25,0,36,0,1,123,0,124,0,12,148,0,160,120,0,120,280
08/14/2015,LZU,GA,ASO,ES,Federal Contract Tower,0,13,35,0,48,0,1,84,0,85,0,14,119,0,133,104,0,104,237
08/15/2015,LZU,GA,ASO,ES,Federal Contract Tower,0,5,24,0,29,0,0,213,0,213,0,5,237,0,242,62,0,62,304
08/16/2015,LZU,GA,ASO,ES,Federal Contract Tower,0,5,27,0,32,0,1,133,0,134,0,6,160,0,166,136,0,136,302
08/17/2015,LZU,GA,ASO,ES,Federal Contract Tower,0,0,0,0,0,0,2,10,0,12,0,2,10,0,12,50,0,50,62
08/18/2015,LZU,GA,ASO,ES,Federal Contract Tower,0,9,25,0,34,0,1,4,0,5,0,10,29,0,39,10,0,10,49
08/19/2015,LZU,GA,ASO,ES,Federal Contract Tower,0,11,26,0,37,0,0,11,0,11,0,11,37,0,48,32,0,32,80
08/20/2015,LZU,GA,ASO,ES,Federal Contract Tower,0,16,20,0,36,0,0,75,0,75,0,16,95,0,111,140,0,140,251
08/21/2015,LZU,GA,ASO,ES,Federal Contract Tower,0,14,38,0,52,0,0,112,0,112,0,14,150,0,164,144,0,144,308
08/22/2015,LZU,GA,ASO,ES,Federal Contract Tower,0,2,26,0,28,0,0,121,0,121,0,2,147,0,149,204,0,204,353
08/23/2015,LZU,GA,ASO,ES,Federal Contract Tower,0,6,27,0,33,0,0,46,0,46,0,6,73,0,79,36,0,36,115
08/24/2015,LZU,GA,ASO,ES,Federal Contract Tower,0,12,32,0,44,0,1,86,0,87,0,13,118,0,131,142,0,142,273
08/25/2015,LZU,GA,ASO,ES,Federal Contract Tower,0,9,24,0,33,0,3,93,2,98,0,12,117,2,131,140,0,140,271
08/26/2015,LZU,GA,ASO,ES,Federal Contract Tower,0,11,27,0,38,0,0,81,0,81,0,11,108,0,119,158,0,158,277
08/27/2015,LZU,GA,ASO,ES,Federal Contract Tower,0,16,30,0,46,0,5,128,5,138,0,21,158,5,184,112,0,112,296
08/28/2015,LZU,GA,ASO,ES,Federal Contract Tower,0,17,47,0,64,0,1,37,0,38,0,18,84,0,102,44,0,44,146
08/29/2015,LZU,GA,ASO,ES,Federal Contract Tower,0,7,19,0,26,0,0,90,0,90,0,7,109,0,116,200,0,200,316
08/30/2015,LZU,GA,ASO,ES,Federal Contract Tower,0,11,33,0,44,0,2,4,0,6,0,13,37,0,50,0,0,0,50
08/31/2015,LZU,GA,ASO,ES,Federal Contract Tower,0,9,39,0,48,0,1,66,1,68,0,10,105,1,116,210,0,210,326
09/01/2015,LZU,GA,ASO,ES,Federal Contract Tower,0,13,17,0,30,0,0,94,0,94,0,13,111,0,124,168,4,172,296
09/02/2015,LZU,GA,ASO,ES,Federal Contract Tower,0,15,24,0,39,0,0,88,0,88,0,15,112,0,127,164,0,164,291
09/03/2015,LZU,GA,ASO,ES,Federal Contract Tower,0,16,24,0,40,0,2,97,0,99,0,18,121,0,139,146,0,146,285
09/04/2015,LZU,GA,ASO,ES,Federal Contract Tower,0,14,40,0,54,0,2,103,0,105,0,16,143,0,159,118,0,118,277
09/05/2015,LZU,GA,ASO,ES,Federal Contract Tower,0,1,16,0,17,0,0,136,0,136,0,1,152,0,153,106,0,106,259
09/06/2015,LZU,GA,ASO,ES,Federal Contract Tower,0,3,23,0,26,0,0,63,0,63,0,3,86,0,89,96,0,96,185
09/07/2015,LZU,GA,ASO,ES,Federal Contract Tower,0,2,39,0,41,0,2,49,0,51,0,4,88,0,92,88,0,88,180
09/08/2015,LZU,GA,ASO,ES,Federal Contract Tower,0,9,37,2,48,0,0,49,0,49,0,9,86,2,97,124,0,124,221
09/09/2015,LZU,GA,ASO,ES,Federal Contract Tower,0,11,36,0,47,0,0,8,0,8,0,11,44,0,55,16,0,16,71
09/10/2015,LZU,GA,ASO,ES,Federal Contract Tower,0,15,29,0,44,0,0,30,0,30,0,15,59,0,74,38,0,38,112
09/11/2015,LZU,GA,ASO,ES,Federal Contract Tower,0,11,38,0,49,0,0,107,0,107,0,11,145,0,156,148,0,148,304
09/12/2015,LZU,GA,ASO,ES,Federal Contract Tower,0,2,15,0,17,0,0,71,0,71,0,2,86,0,88,124,0,124,212
09/13/2015,LZU,GA,ASO,ES,Federal Contract Tower,0,4,27,0,31,0,0,138,0,138,0,4,165,0,169,48,0,48,217
09/14/2015,LZU,GA,ASO,ES,Federal Contract Tower,0,8,25,2,35,0,1,113,0,114,0,9,138,2,149,122,0,122,271
09/15/2015,LZU,GA,ASO,ES,Federal Contract Tower,0,18,23,0,41,0,1,128,0,129,0,19,151,0,170,176,0,176,346
09/16/2015,LZU,GA,ASO,ES,Federal Contract Tower,0,11,27,0,38,0,1,135,0,136,0,12,162,0,174,154,0,154,328
09/17/2015,LZU,GA,ASO,ES,Federal Contract Tower,0,10,33,0,43,0,7,124,0,131,0,17,157,0,174,148,0,148,322
09/18/2015,LZU,GA,ASO,ES,Federal Contract Tower,0,10,33,4,47,0,4,135,0,139,0,14,168,4,186,150,0,150,336
09/19/2015,LZU,GA,ASO,ES,Federal Contract Tower,0,6,22,0,28,0,2,213,0,215,0,8,235,0,243,104,0,104,347
09/20/2015,LZU,GA,ASO,ES,Federal Contract Tower,0,1,34,0,35,0,0,117,0,117,0,1,151,0,152,90,0,90,242
09/21/2015,LZU,GA,ASO,ES,Federal Contract Tower,0,12,32,0,44,0,1,48,0,49,0,13,80,0,93,116,0,116,209
09/22/2015,LZU,GA,ASO,ES,Federal Contract Tower,0,12,47,0,59,0,1,12,0,13,0,13,59,0,72,52,0,52,124
09/23/2015,LZU,GA,ASO,ES,Federal Contract Tower,0,15,25,0,40,0,1,77,0,78,0,16,102,0,118,86,0,86,204
09/24/2015,LZU,GA,ASO,ES,Federal Contract Tower,0,12,29,0,41,0,2,97,0,99,0,14,126,0,140,230,0,230,370
09/25/2015,LZU,GA,ASO,ES,Federal Contract Tower,0,13,31,0,44,0,0,0,0,0,0,13,31,0,44,0,0,0,44
09/26/2015,LZU,GA,ASO,ES,Federal Contract Tower,0,3,15,0,18,0,0,0,0,0,0,3,15,0,18,0,0,0,18
09/27/2015,LZU,GA,ASO,ES,Federal Contract Tower,0,1,40,0,41,0,0,2,0,2,0,1,42,0,43,0,0,0,43
09/28/2015,LZU,GA,ASO,ES,Federal Contract Tower,0,14,30,0,44,0,0,0,0,0,0,14,30,0,44,0,0,0,44
09/29/2015,LZU,GA,ASO,ES,Federal Contract Tower,0,21,22,0,43,0,0,0,0,0,0,21,22,0,43,0,0,0,43
09/30/2015,LZU,GA,ASO,ES,Federal Contract Tower,0,25,35,0,60,0,7,102,0,109,0,32,137,0,169,208,0,208,377
10/01/2015,LZU,GA,ASO,ES,Federal Contract Tower,0,13,50,0,63,0,0,4,0,4,0,13,54,0,67,20,0,20,87
10/02/2015,LZU,GA,ASO,ES,Federal Contract Tower,0,19,34,0,53,0,0,0,0,0,0,19,34,0,53,0,0,0,53
10/03/2015,LZU,GA,ASO,ES,Federal Contract Tower,0,1,9,0,10,0,0,0,0,0,0,1,9,0,10,0,0,0,10
10/04/2015,LZU,GA,ASO,ES,Federal Contract Tower,0,3,30,0,33,0,0,3,0,3,0,3,33,0,36,8,0,8,44
10/05/2015,LZU,GA,ASO,ES,Federal Contract Tower,0,16,40,0,56,0,0,41,0,41,0,16,81,0,97,128,0,128,225
10/06/2015,LZU,GA,ASO,ES,Federal Contract Tower,0,11,21,0,32,0,5,105,0,110,0,16,126,0,142,114,0,114,256
10/07/2015,LZU,GA,ASO,ES,Federal Contract Tower,0,10,37,0,47,0,1,91,0,92,0,11,128,0,139,90,0,90,229
10/08/2015,LZU,GA,ASO,ES,Federal Contract Tower,0,11,37,0,48,0,3,121,0,124,0,14,158,0,172,150,0,150,322
10/09/2015,LZU,GA,ASO,ES,Federal Contract Tower,0,14,38,1,53,0,0,72,0,72,0,14,110,1,125,134,0,134,259
10/10/2015,LZU,GA,ASO,ES,Federal Contract Tower,0,4,38,0,42,0,0,10,0,10,0,4,48,0,52,16,0,16,68
10/11/2015,LZU,GA,ASO,ES,Federal Contract Tower,0,4,26,0,30,0,1,100,0,101,0,5,126,0,131,62,0,62,193
10/12/2015,LZU,GA,ASO,ES,Federal Contract Tower,0,7,44,0,51,0,1,73,0,74,0,8,117,0,125,114,0,114,239
10/13/2015,LZU,GA,ASO,ES,Federal Contract Tower,0,12,19,0,31,0,2,99,0,101,0,14,118,0,132,226,0,226,358
10/14/2015,LZU,GA,ASO,ES,Federal Contract Tower,0,11,18,0,29,0,0,102,4,106,0,11,120,4,135,176,0,176,311
10/15/2015,LZU,GA,ASO,ES,Federal Contract Tower,0,13,36,0,49,0,2,171,0,173,0,15,207,0,222,246,0,246,468
10/16/2015,LZU,GA,ASO,ES,Federal Contract Tower,0,15,42,0,57,0,3,131,2,136,0,18,173,2,193,176,4,180,373
10/17/2015,LZU,GA,ASO,ES,Federal Contract Tower,0,2,14,0,16,0,0,185,1,186,0,2,199,1,202,198,0,198,400
10/18/2015,LZU,GA,ASO,ES,Federal Contract Tower,0,2,31,0,33,0,0,140,0,140,0,2,171,0,173,128,0,128,301
10/19/2015,LZU,GA,ASO,ES,Federal Contract Tower,0,15,26,0,41,0,3,87,0,90,0,18,113,0,131,138,0,138,269
10/20/2015,LZU,GA,ASO,ES,Federal Contract Tower,0,13,25,0,38,0,1,110,0,111,0,14,135,0,149,164,0,164,313
10/21/2015,LZU,GA,ASO,ES,Federal Contract Tower,0,14,28,0,42,0,0,81,0,81,0,14,109,0,123,172,0,172,295
10/22/2015,LZU,GA,ASO,ES,Federal Contract Tower,0,23,29,0,52,0,0,98,0,98,0,23,127,0,150,150,0,150,300
10/23/2015,LZU,GA,ASO,ES,Federal Contract Tower,0,13,41,0,54,0,3,162,0,165,0,16,203,0,219,0,0,0,219
10/24/2015,LZU,GA,ASO,ES,Federal Contract Tower,0,3,16,0,19,0,0,133,0,133,0,3,149,0,152,126,0,126,278
10/25/2015,LZU,GA,ASO,ES,Federal Contract Tower,0,5,42,0,47,0,0,24,0,24,0,5,66,0,71,22,0,22,93
10/26/2015,LZU,GA,ASO,ES,Federal Contract Tower,0,11,13,0,24,0,0,0,0,0,0,11,13,0,24,0,0,0,24
10/27/2015,LZU,GA,ASO,ES,Federal Contract Tower,0,5,17,0,22,0,0,0,0,0,0,5,17,0,22,0,0,0,22
10/28/2015,LZU,GA,ASO,ES,Federal Contract Tower,0,8,31,0,39,0,4,24,0,28,0,12,55,0,67,88,0,88,155
10/29/2015,LZU,GA,ASO,ES,Federal Contract Tower,0,18,33,0,51,0,0,51,0,51,0,18,84,0,102,62,0,62,164
10/30/2015,LZU,GA,ASO,ES,Federal Contract Tower,0,13,39,0,52,0,8,202,0,210,0,21,241,0,262,262,0,262,524
10/31/2015,LZU,GA,ASO,ES,Federal Contract Tower,0,5,26,0,31,0,1,145,0,146,0,6,171,0,177,202,0,202,379
11/01/2015,LZU,GA,ASO,ES,Federal Contract Tower,0,6,20,0,26,0,0,2,0,2,0,6,22,0,28,0,0,0,28
11/02/2015,LZU,GA,ASO,ES,Federal Contract Tower,0,13,18,0,31,0,0,0,0,0,0,13,18,0,31,0,0,0,31
11/03/2015,LZU,GA,ASO,ES,Federal Contract Tower,0,12,24,0,36,0,0,0,0,0,0,12,24,0,36,0,0,0,36
11/04/2015,LZU,GA,ASO,ES,Federal Contract Tower,0,15,24,0,39,0,0,0,0,0,0,15,24,0,39,0,0,0,39
11/05/2015,LZU,GA,ASO,ES,Federal Contract Tower,0,14,30,0,44,0,0,0,0,0,0,14,30,0,44,0,0,0,44
11/06/2015,LZU,GA,ASO,ES,Federal Contract Tower,0,10,40,0,50,0,2,6,0,8,0,12,46,0,58,44,0,44,102
11/07/2015,LZU,GA,ASO,ES,Federal Contract Tower,0,4,22,0,26,0,0,33,0,33,0,4,55,0,59,44,0,44,103
11/08/2015,LZU,GA,ASO,ES,Federal Contract Tower,0,8,23,0,31,0,0,3,0,3,0,8,26,0,34,8,0,8,42
11/09/2015,LZU,GA,ASO,ES,Federal Contract Tower,0,14,11,0,25,0,0,0,0,0,0,14,11,0,25,0,0,0,25
11/10/2015,LZU,GA,ASO,ES,Federal Contract Tower,0,8,39,0,47,0,10,73,0,83,0,18,112,0,130,120,0,120,250
11/11/2015,LZU,GA,ASO,ES,Federal Contract Tower,0,11,27,0,38,0,7,140,0,147,0,18,167,0,185,206,0,206,391
11/12/2015,LZU,GA,ASO,ES,Federal Contract Tower,0,11,35,0,46,0,12,69,0,81,0,23,104,0,127,90,0,90,217
11/13/2015,LZU,GA,ASO,ES,Federal Contract Tower,0,14,31,0,45,0,2,110,0,112,0,16,141,0,157,122,0,122,279
11/14/2015,LZU,GA,ASO,ES,Federal Contract Tower,0,1,27,1,29,0,2,239,0,241,0,3,266,1,270,200,0,200,470
11/15/2015,LZU,GA,ASO,ES,Federal Contract Tower,0,0,22,0,22,0,1,148,0,149,0,1,170,0,171,276,0,276,447
11/16/2015,LZU,GA,ASO,ES,Federal Contract Tower,0,15,43,0,58,0,0,89,0,89,0,15,132,0,147,98,0,98,245
11/17/2015,LZU,GA,ASO,ES,Federal Contract Tower,0,19,38,0,57,0,0,48,0,48,0,19,86,0,105,118,0,118,223
11/18/2015,LZU,GA,ASO,ES,Federal Contract Tower,0,10,12,0,22,0,0,0,0,0,0,10,12,0,22,0,0,0,22
11/19/2015,LZU,GA,ASO,ES,Federal Contract Tower,0,17,33,0,50,0,4,100,0,104,0,21,133,0,154,134,0,134,288
11/20/2015,LZU,GA,ASO,ES,Federal Contract Tower,0,19,48,0,67,0,4,177,2,183,0,23,225,2,250,246,0,246,496
11/21/2015,LZU,GA,ASO,ES,Federal Contract Tower,0,3,38,0,41,0,0,198,0,198,0,3,236,0,239,194,0,194,433
11/22/2015,LZU,GA,ASO,ES,Federal Contract Tower,0,0,2,32,34,0,3,97,0,100,0,3,99,32,134,62,0,62,196
11/23/2015,LZU,GA,ASO,ES,Federal Contract Tower,0,9,14,0,23,0,0,92,0,92,0,9,106,0,115,188,0,188,303
11/24/2015,LZU,GA,ASO,ES,Federal Contract Tower,0,16,21,0,37,0,0,125,0,125,0,16,146,0,162,258,0,258,420
11/25/2015,LZU,GA,ASO,ES,Federal Contract Tower,0,14,44,0,58,0,1,99,0,100,0,15,143,0,158,148,0,148,306
11/26/2015,LZU,GA,ASO,ES,Federal Contract Tower,0,5,10,0,15,0,0,0,0,0,0,5,10,0,15,0,0,0,15
11/27/2015,LZU,GA,ASO,ES,Federal Contract Tower,0,10,23,0,33,0,0,120,0,120,0,10,143,0,153,98,0,98,251
11/28/2015,LZU,GA,ASO,ES,Federal Contract Tower,0,4,22,0,26,0,0,178,0,178,0,4,200,0,204,204,0,204,408
11/29/2015,LZU,GA,ASO,ES,Federal Contract Tower,0,3,34,0,37,0,0,97,0,97,0,3,131,0,134,170,0,170,304
11/30/2015,LZU,GA,ASO,ES,Federal Contract Tower,0,11,32,0,43,0,0,49,0,49,0,11,81,0,92,122,0,122,214
12/01/2015,LZU,GA,ASO,ES,Federal Contract Tower,0,16,11,2,29,0,0,0,0,0,0,16,11,2,29,0,0,0,29
12/02/2015,LZU,GA,ASO,ES,Federal Contract Tower,0,21,23,0,44,0,3,30,0,33,0,24,53,0,77,12,0,12,89
12/03/2015,LZU,GA,ASO,ES,Federal Contract Tower,0,16,29,2,47,0,4,100,0,104,0,20,129,2,151,270,0,270,421
12/04/2015,LZU,GA,ASO,ES,Federal Contract Tower,0,11,25,0,36,0,2,111,0,113,0,13,136,0,149,168,0,168,317
12/05/2015,LZU,GA,ASO,ES,Federal Contract Tower,0,3,11,0,14,0,1,162,0,163,0,4,173,0,177,170,0,170,347
12/06/2015,LZU,GA,ASO,ES,Federal Contract Tower,0,1,20,0,21,0,0,123,0,123,0,1,143,0,144,134,0,134,278
12/07/2015,LZU,GA,ASO,ES,Federal Contract Tower,0,13,33,0,46,0,2,74,0,76,0,15,107,0,122,68,0,68,190
12/08/2015,LZU,GA,ASO,ES,Federal Contract Tower,0,13,41,0,54,0,0,97,0,97,0,13,138,0,151,176,0,176,327
12/09/2015,LZU,GA,ASO,ES,Federal Contract Tower,0,11,43,2,56,0,4,89,0,93,0,15,132,2,149,80,0,80,229
12/10/2015,LZU,GA,ASO,ES,Federal Contract Tower,0,14,44,0,58,0,0,90,0,90,0,14,134,0,148,90,0,90,238
12/11/2015,LZU,GA,ASO,ES,Federal Contract Tower,0,12,38,0,50,0,1,68,0,69,0,13,106,0,119,98,0,98,217
12/12/2015,LZU,GA,ASO,ES,Federal Contract Tower,0,4,31,0,35,0,2,163,0,165,0,6,194,0,200,186,0,186,386
12/13/2015,LZU,GA,ASO,ES,Federal Contract Tower,0,8,34,0,42,0,0,77,0,77,0,8,111,0,119,118,0,118,237
12/14/2015,LZU,GA,ASO,ES,Federal Contract Tower,0,14,11,0,25,0,2,16,0,18,0,16,27,0,43,42,0,42,85
12/15/2015,LZU,GA,ASO,ES,Federal Contract Tower,0,8,31,0,39,0,2,141,0,143,0,10,172,0,182,202,0,202,384
12/16/2015,LZU,GA,ASO,ES,Federal Contract Tower,0,11,37,0,48,0,5,111,0,116,0,16,148,0,164,105,0,105,269
12/17/2015,LZU,GA,ASO,ES,Federal Contract Tower,0,14,21,0,35,0,0,3,0,3,0,14,24,0,38,8,0,8,46
12/18/2015,LZU,GA,ASO,ES,Federal Contract Tower,0,18,34,2,54,0,1,64,1,66,0,19,98,3,120,92,0,92,212
12/19/2015,LZU,GA,ASO,ES,Federal Contract Tower,0,5,29,0,34,0,3,206,0,209,0,8,235,0,243,178,0,178,421
12/20/2015,LZU,GA,ASO,ES,Federal Contract Tower,0,5,24,0,29,0,0,131,0,131,0,5,155,0,160,88,0,88,248
12/21/2015,LZU,GA,ASO,ES,Federal Contract Tower,0,12,18,0,30,0,0,13,4,17,0,12,31,4,47,74,0,74,121
12/22/2015,LZU,GA,ASO,ES,Federal Contract Tower,0,19,23,0,42,0,0,0,0,0,0,19,23,0,42,0,0,0,42
12/23/2015,LZU,GA,ASO,ES,Federal Contract Tower,0,20,17,0,37,0,0,0,0,0,0,20,17,0,37,0,0,0,37
12/24/2015,LZU,GA,ASO,ES,Federal Contract Tower,0,14,14,0,28,0,0,0,0,0,0,14,14,0,28,0,0,0,28
12/25/2015,LZU,GA,ASO,ES,Federal Contract Tower,0,1,7,0,8,0,0,9,0,9,0,1,16,0,17,2,0,2,19
12/26/2015,LZU,GA,ASO,ES,Federal Contract Tower,0,2,30,0,32,0,1,126,0,127,0,3,156,0,159,128,0,128,287
12/27/2015,LZU,GA,ASO,ES,Federal Contract Tower,0,8,38,0,46,0,0,11,0,11,0,8,49,0,57,0,0,0,57
12/28/2015,LZU,GA,ASO,ES,Federal Contract Tower,0,12,19,0,31,0,0,0,0,0,0,12,19,0,31,0,0,0,31
12/29/2015,LZU,GA,ASO,ES,Federal Contract Tower,0,18,33,0,51,0,0,103,0,103,0,18,136,0,154,170,0,170,324
12/30/2015,LZU,GA,ASO,ES,Federal Contract Tower,0,9,18,0,27,0,0,0,0,0,0,9,18,0,27,0,0,0,27
12/31/2015,LZU,GA,ASO,ES,Federal Contract Tower,0,10,28,0,38,0,0,75,0,75,0,10,103,0,113,114,0,114,227
01/01/2016,LZU,GA,ASO,ES,Federal Contract Tower,0,3,20,0,23,0,1,48,0,49,0,4,68,0,72,42,0,42,114
01/02/2016,LZU,GA,ASO,ES,Federal Contract Tower,0,1,25,0,26,0,1,157,0,158,0,2,182,0,184,172,0,172,356
01/03/2016,LZU,GA,ASO,ES,Federal Contract Tower,0,4,24,0,28,0,0,116,0,116,0,4,140,0,144,38,0,38,182
01/04/2016,LZU,GA,ASO,ES,Federal Contract Tower,0,11,21,0,32,0,3,54,0,57,0,14,75,0,89,58,0,58,147
01/05/2016,LZU,GA,ASO,ES,Federal Contract Tower,0,15,24,0,39,0,0,85,0,85,0,15,109,0,124,130,0,130,254
01/06/2016,LZU,GA,ASO,ES,Federal Contract Tower,0,8,30,0,38,0,2,118,2,122,0,10,148,2,160,76,6,82,242
01/07/2016,LZU,GA,ASO,ES,Federal Contract Tower,0,12,29,0,41,0,0,99,0,99,0,12,128,0,140,216,0,216,356
01/08/2016,LZU,GA,ASO,ES,Federal Contract Tower,0,12,17,4,33,0,0,0,0,0,0,12,17,4,33,0,0,0,33
01/09/2016,LZU,GA,ASO,ES,Federal Contract Tower,0,5,15,0,20,0,0,0,0,0,0,5,15,0,20,0,0,0,20
01/10/2016,LZU,GA,ASO,ES,Federal Contract Tower,0,1,19,0,20,0,0,16,0,16,0,1,35,0,36,20,0,20,56
01/11/2016,LZU,GA,ASO,ES,Federal Contract Tower,0,10,24,0,34,0,0,75,0,75,0,10,99,0,109,100,0,100,209
01/12/2016,LZU,GA,ASO,ES,Federal Contract Tower,0,10,20,0,30,0,1,70,0,71,0,11,90,0,101,60,0,60,161
01/13/2016,LZU,GA,ASO,ES,Federal Contract Tower,0,14,30,0,44,0,2,101,0,103,0,16,131,0,147,76,0,76,223
01/14/2016,LZU,GA,ASO,ES,Federal Contract Tower,0,13,42,0,55,0,0,0,0,0,0,13,42,0,55,152,0,152,207
01/15/2016,LZU,GA,ASO,ES,Federal Contract Tower,0,23,38,0,61,0,0,0,0,0,0,23,38,0,61,0,0,0,61
01/16/2016,LZU,GA,ASO,ES,Federal Contract Tower,0,4,22,0,26,0,2,168,0,170,0,6,190,0,196,126,0,126,322
01/17/2016,LZU,GA,ASO,ES,Federal Contract Tower,0,6,13,0,19,0,0,108,0,108,0,6,121,0,127,78,0,78,205
01/18/2016,LZU,GA,ASO,ES,Federal Contract Tower,0,8,46,0,54,0,4,48,0,52,0,12,94,0,106,42,0,42,148
01/19/2016,LZU,GA,ASO,ES,Federal Contract Tower,0,11,39,0,50,0,2,90,0,92,0,13,129,0,142,176,0,176,318
01/20/2016,LZU,GA,ASO,ES,Federal Contract Tower,0,16,41,0,57,0,0,32,0,32,0,16,73,0,89,62,0,62,151
01/21/2016,LZU,GA,ASO,ES,Federal Contract Tower,0,17,33,0,50,0,0,0,0,0,0,17,33,0,50,20,0,20,70
01/22/2016,LZU,GA,ASO,ES,Federal Contract Tower,0,9,16,0,25,0,0,0,0,0,0,9,16,0,25,0,0,0,25
01/23/2016,LZU,GA,ASO,ES,Federal Contract Tower,0,6,6,0,12,0,0,3,0,3,0,6,9,0,15,0,0,0,15
01/24/2016,LZU,GA,ASO,ES,Federal Contract Tower,0,5,26,0,31,0,1,149,0,150,0,6,175,0,181,114,0,114,295
01/25/2016,LZU,GA,ASO,ES,Federal Contract Tower,0,14,22,0,36,0,1,113,0,114,0,15,135,0,150,94,0,94,244
01/26/2016,LZU,GA,ASO,ES,Federal Contract Tower,0,24,26,0,50,0,0,72,0,72,0,24,98,0,122,80,0,80,202
01/27/2016,LZU,GA,ASO,ES,Federal Contract Tower,0,17,31,0,48,0,1,29,0,30,0,18,60,0,78,41,0,41,119
01/28/2016,LZU,GA,ASO,ES,Federal Contract Tower,0,18,20,0,38,0,0,138,0,138,0,18,158,0,176,160,0,160,336
01/29/2016,LZU,GA,ASO,ES,Federal Contract Tower,0,16,35,0,51,0,3,96,0,99,0,19,131,0,150,102,0,102,252
01/30/2016,LZU,GA,ASO,ES,Federal Contract Tower,0,4,22,0,26,0,1,280,0,281,0,5,302,0,307,194,0,194,501
01/31/2016,LZU,GA,ASO,ES,Federal Contract Tower,0,2,27,0,29,0,0,121,0,121,0,2,148,0,150,152,0,152,302
02/01/2016,LZU,GA,ASO,ES,Federal Contract Tower,0,11,17,0,28,0,0,23,0,23,0,11,40,0,51,22,0,22,73
02/02/2016,LZU,GA,ASO,ES,Federal Contract Tower,0,13,17,0,30,0,3,20,0,23,0,16,37,0,53,66,0,66,119
02/03/2016,LZU,GA,ASO,ES,Federal Contract Tower,0,7,24,0,31,0,1,3,0,4,0,8,27,0,35,0,0,0,35
02/04/2016,LZU,GA,ASO,ES,Federal Contract Tower,0,12,33,0,45,0,2,107,0,109,0,14,140,0,154,54,0,54,208
02/05/2016,LZU,GA,ASO,ES,Federal Contract Tower,0,16,34,0,50,0,2,173,2,177,0,18,207,2,227,134,0,134,361
02/06/2016,LZU,GA,ASO,ES,Federal Contract Tower,0,1,27,0,28,0,2,218,0,220,0,3,245,0,248,150,0,150,398
02/07/2016,LZU,GA,ASO,ES,Federal Contract Tower,0,1,25,0,26,0,0,132,0,132,0,1,157,0,158,126,0,126,284
02/08/2016,LZU,GA,ASO,ES,Federal Contract Tower,0,15,27,0,42,0,0,35,0,35,0,15,62,0,77,74,0,74,151
02/09/2016,LZU,GA,ASO,ES,Federal Contract Tower,0,13,16,0,29,0,0,2,0,2,0,13,18,0,31,0,0,0,31
02/10/2016,LZU,GA,ASO,ES,Federal Contract Tower,0,12,22,0,34,0,3,35,0,38,0,15,57,0,72,16,0,16,88
02/11/2016,LZU,GA,ASO,ES,Federal Contract Tower,0,14,41,0,55,0,3,154,0,157,0,17,195,0,212,170,0,170,382
02/12/2016,LZU,GA,ASO,ES,Federal Contract Tower,0,18,36,0,54,0,3,91,0,94,0,21,127,0,148,72,0,72,220
02/13/2016,LZU,GA,ASO,ES,Federal Contract Tower,0,2,20,0,22,0,0,146,0,146,0,2,166,0,168,40,0,40,208
02/14/2016,LZU,GA,ASO,ES,Federal Contract Tower,0,5,30,0,35,0,0,95,0,95,0,5,125,0,130,80,0,80,210
02/15/2016,LZU,GA,ASO,ES,Federal Contract Tower,0,11,16,0,27,0,0,10,0,10,0,11,26,0,37,0,0,0,37
02/16/2016,LZU,GA,ASO,ES,Federal Contract Tower,0,11,31,0,42,0,0,58,2,60,0,11,89,2,102,48,0,48,150
02/17/2016,LZU,GA,ASO,ES,Federal Contract Tower,0,14,25,0,39,0,2,87,0,89,0,16,112,0,128,110,0,110,238
02/18/2016,LZU,GA,ASO,ES,Federal Contract Tower,0,9,49,0,58,0,2,194,0,196,0,11,243,0,254,232,0,232,486
02/19/2016,LZU,GA,ASO,ES,Federal Contract Tower,0,15,38,0,53,0,2,156,0,158,0,17,194,0,211,146,0,146,357
02/20/2016,LZU,GA,ASO,ES,Federal Contract Tower,0,4,39,0,43,0,0,126,3,129,0,4,165,3,172,128,14,142,314
02/21/2016,LZU,GA,ASO,ES,Federal Contract Tower,0,1,27,0,28,0,0,11,0,11,0,1,38,0,39,26,0,26,65
02/22/2016,LZU,GA,ASO,ES,Federal Contract Tower,0,11,22,0,33,0,0,0,0,0,0,11,22,0,33,0,0,0,33
02/23/2016,LZU,GA,ASO,ES,Federal Contract Tower,0,10,21,0,31,0,0,0,0,0,0,10,21,0,31,0,0,0,31
02/24/2016,LZU,GA,ASO,ES,Federal Contract Tower,0,16,24,2,42,0,1,2,0,3,0,17,26,2,45,0,0,0,45
02/25/2016,LZU,GA,ASO,ES,Federal Contract Tower,0,18,29,0,47,0,8,31,0,39,0,26,60,0,86,2,0,2,88
02/26/2016,LZU,GA,ASO,ES,Federal Contract Tower,0,14,26,0,40,0,4,115,0,119,0,18,141,0,159,90,0,90,249
02/27/2016,LZU,GA,ASO,ES,Federal Contract Tower,0,3,35,0,38,0,2,229,0,231,0,5,264,0,269,250,0,250,519
02/28/2016,LZU,GA,ASO,ES,Federal Contract Tower,0,4,29,0,33,0,1,176,0,177,0,5,205,0,210,174,0,174,384
02/29/2016,LZU,GA,ASO,ES,Federal Contract Tower,0,10,42,0,52,0,4,116,0,120,0,14,158,0,172,136,0,136,308
03/01/2016,LZU,GA,ASO,ES,Federal Contract Tower,0,14,33,0,47,0,3,53,0,56,0,17,86,0,103,66,4,70,173
03/02/2016,LZU,GA,ASO,ES,Federal Contract Tower,0,11,30,0,41,0,0,56,0,56,0,11,86,0,97,26,0,26,123
03/03/2016,LZU,GA,ASO,ES,Federal Contract Tower,0,13,26,0,39,0,44,0,0,44,0,57,26,0,83,58,2,60,143
03/04/2016,LZU,GA,ASO,ES,Federal Contract Tower,0,13,30,0,43,0,3,91,0,94,0,16,121,0,137,138,2,140,277
03/05/2016,LZU,GA,ASO,ES,Federal Contract Tower,0,3,37,0,40,0,1,246,0,247,0,4,283,0,287,228,0,228,515
03/06/2016,LZU,GA,ASO,ES,Federal Contract Tower,0,3,32,0,35,0,0,168,0,168,0,3,200,0,203,74,0,74,277
03/07/2016,LZU,GA,ASO,ES,Federal Contract Tower,0,15,34,0,49,0,3,91,0,94,0,18,125,0,143,154,0,154,297
03/08/2016,LZU,GA,ASO,ES,Federal Contract Tower,0,10,28,0,38,0,1,122,0,123,0,11,150,0,161,120,0,120,281
03/09/2016,LZU,GA,ASO,ES,Federal Contract Tower,0,13,29,0,42,0,4,124,0,128,0,17,153,0,170,92,0,92,262
03/10/2016,LZU,GA,ASO,ES,Federal Contract Tower,0,20,45,2,67,0,2,66,0,68,0,22,111,2,135,72,0,72,207
03/11/2016,LZU,GA,ASO,ES,Federal Contract Tower,0,16,34,0,50,0,8,117,0,125,0,24,151,0,175,180,0,180,355
03/12/2016,LZU,GA,ASO,ES,Federal Contract Tower,0,8,32,0,40,0,1,129,0,130,0,9,161,0,170,152,0,152,322
03/13/2016,LZU,GA,ASO,ES,Federal Contract Tower,0,2,19,0,21,0,1,42,0,43,0,3,61,0,64,42,0,42,106
03/14/2016,LZU,GA,ASO,ES,Federal Contract Tower,0,19,28,0,47,0,1,47,2,50,0,20,75,2,97,54,2,56,153
03/15/2016,LZU,GA,ASO,ES,Federal Contract Tower,0,14,29,2,45,0,0,156,0,156,0,14,185,2,201,194,12,206,407
03/16/2016,LZU,GA,ASO,ES,Federal Contract Tower,0,11,17,0,28,0,1,110,0,111,0,12,127,0,139,128,0,128,267
03/17/2016,LZU,GA,ASO,ES,Federal Contract Tower,0,10,35,0,45,0,3,130,0,133,0,13,165,0,178,132,0,132,310
03/18/2016,LZU,GA,ASO,ES,Federal Contract Tower,0,9,47,0,56,0,0,116,0,116,0,9,163,0,172,160,0,160,332
03/19/2016,LZU,GA,ASO,ES,Federal Contract Tower,0,7,31,0,38,0,0,85,0,85,0,7,116,0,123,120,0,120,243
03/20/2016,LZU,GA,ASO,ES,Federal Contract Tower,0,5,32,0,37,0,1,55,0,56,0,6,87,0,93,60,0,60,153
03/21/2016,LZU,GA,ASO,ES,Federal Contract Tower,0,19,35,0,54,0,7,63,0,70,0,26,98,0,124,76,0,76,200
03/23/2016,LZU,GA,ASO,ES,Federal Contract Tower,0,9,42,0,51,0,1,94,0,95,0,10,136,0,146,96,0,96,242
03/24/2016,LZU,GA,ASO,ES,Federal Contract Tower,0,15,39,0,54,0,0,46,0,46,0,15,85,0,100,40,0,40,140
03/25/2016,LZU,GA,ASO,ES,Federal Contract Tower,0,13,36,0,49,0,0,73,0,73,0,13,109,0,122,66,0,66,188
03/26/2016,LZU,GA,ASO,ES,Federal Contract Tower,0,4,34,0,38,0,0,5,0,5,0,4,39,0,43,22,0,22,65
03/27/2016,LZU,GA,ASO,ES,Federal Contract Tower,0,4,15,5,24,0,0,0,0,0,0,4,15,5,24,0,0,0,24
03/28/2016,LZU,GA,ASO,ES,Federal Contract Tower,0,12,43,0,55,0,1,69,0,70,0,13,112,0,125,84,0,84,209
03/29/2016,LZU,GA,ASO,ES,Federal Contract Tower,0,15,37,0,52,0,1,96,0,97,0,16,133,0,149,114,0,114,263
03/30/2016,LZU,GA,ASO,ES,Federal Contract Tower,0,15,28,0,43,0,2,156,0,158,0,17,184,0,201,176,0,176,377
03/31/2016,LZU,GA,ASO,ES,Federal Contract Tower,0,20,40,0,60,0,0,0,0,0,0,20,40,0,60,28,0,28,88
04/01/2016,LZU,GA,ASO,ES,Federal Contract Tower,0,13,32,0,45,0,0,17,0,17,0,13,49,0,62,46,0,46,108
04/02/2016,LZU,GA,ASO,ES,Federal Contract Tower,0,7,18,0,25,0,3,93,0,96,0,10,111,0,121,66,0,66,187
04/03/2016,LZU,GA,ASO,ES,Federal Contract Tower,0,2,26,0,28,0,4,147,0,151,0,6,173,0,179,108,0,108,287
04/04/2016,LZU,GA,ASO,ES,Federal Contract Tower,0,11,29,0,40,0,1,127,0,128,0,12,156,0,168,120,0,120,288
04/05/2016,LZU,GA,ASO,ES,Federal Contract Tower,0,18,28,0,46,0,4,128,0,132,0,22,156,0,178,182,0,182,360
04/06/2016,LZU,GA,ASO,ES,Federal Contract Tower,0,16,34,0,50,0,8,86,0,94,0,24,120,0,144,148,0,148,292
04/07/2016,LZU,GA,ASO,ES,Federal Contract Tower,0,20,35,1,56,0,5,64,0,69,0,25,99,1,125,46,0,46,171
04/08/2016,LZU,GA,ASO,ES,Federal Contract Tower,0,16,25,0,41,0,7,49,0,56,0,23,74,0,97,48,0,48,145
04/09/2016,LZU,GA,ASO,ES,Federal Contract Tower,0,3,24,0,27,0,2,47,0,49,0,5,71,0,76,10,0,10,86
04/10/2016,LZU,GA,ASO,ES,Federal Contract Tower,0,4,37,0,41,0,0,112,0,112,0,4,149,0,153,166,0,166,319
04/11/2016,LZU,GA,ASO,ES,Federal Contract Tower,0,18,40,0,58,0,0,23,2,25,0,18,63,2,83,4,0,4,87
04/12/2016,LZU,GA,ASO,ES,Federal Contract Tower,0,13,23,0,36,0,1,27,0,28,0,14,50,0,64,64,2,66,130
04/13/2016,LZU,GA,ASO,ES,Federal Contract Tower,0,11,35,0,46,0,5,85,0,90,0,16,120,0,136,86,2,88,224
04/14/2016,LZU,GA,ASO,ES,Federal Contract Tower,0,15,29,0,44,0,3,101,0,104,0,18,130,0,148,164,0,164,312
04/15/2016,LZU,GA,ASO,ES,Federal Contract Tower,0,14,26,0,40,0,2,54,0,56,0,16,80,0,96,36,0,36,132
04/16/2016,LZU,GA,ASO,ES,Federal Contract Tower,0,1,28,0,29,0,0,149,0,149,0,1,177,0,178,206,0,206,384
04/17/2016,LZU,GA,ASO,ES,Federal Contract Tower,0,8,21,0,29,0,5,146,0,151,0,13,167,0,180,134,0,134,314
04/18/2016,LZU,GA,ASO,ES,Federal Contract Tower,0,14,21,0,35,0,3,113,0,116,0,17,134,0,151,96,0,96,247
04/19/2016,LZU,GA,ASO,ES,Federal Contract Tower,0,11,25,0,36,0,5,118,0,123,0,16,143,0,159,202,0,202,361
04/20/2016,LZU,GA,ASO,ES,Federal Contract Tower,0,20,34,0,54,0,4,132,0,136,0,24,166,0,190,146,0,146,336
04/21/2016,LZU,GA,ASO,ES,Federal Contract Tower,0,12,36,0,48,0,3,122,0,125,0,15,158,0,173,148,0,148,321
04/22/2016,LZU,GA,ASO,ES,Federal Contract Tower,0,15,39,0,54,0,1,31,2,34,0,16,70,2,88,60,0,60,148
04/23/2016,LZU,GA,ASO,ES,Federal Contract Tower,0,5,52,0,57,0,1,173,0,174,0,6,225,0,231,138,0,138,369
04/24/2016,LZU,GA,ASO,ES,Federal Contract Tower,0,6,35,0,41,0,2,139,0,141,0,8,174,0,182,176,0,176,358
04/25/2016,LZU,GA,ASO,ES,Federal Contract Tower,0,16,50,0,66,0,0,110,0,110,0,16,160,0,176,112,0,112,288
04/26/2016,LZU,GA,ASO,ES,Federal Contract Tower,0,13,34,2,49,0,2,114,10,126,0,15,148,12,175,140,0,140,315
04/27/2016,LZU,GA,ASO,ES,Federal Contract Tower,0,12,42,0,54,0,1,139,0,140,0,13,181,0,194,126,0,126,320
04/28/2016,LZU,GA,ASO,ES,Federal Contract Tower,0,10,41,0,51,0,1,71,0,72,0,11,112,0,123,96,0,96,219
04/29/2016,LZU,GA,ASO,ES,Federal Contract Tower,0,11,34,0,45,0,1,186,0,187,0,12,220,0,232,236,0,236,468
04/30/2016,LZU,GA,ASO,ES,Federal Contract Tower,0,2,18,0,20,0,0,114,0,114,0,2,132,0,134,78,0,78,212
05/01/2016,LZU,GA,ASO,ES,Federal Contract Tower,0,2,33,0,35,0,0,16,8,24,0,2,49,8,59,38,0,38,97
05/02/2016,LZU,GA,ASO,ES,Federal Contract Tower,0,28,26,0,54,0,1,53,0,54,0,29,79,0,108,68,0,68,176
05/03/2016,LZU,GA,ASO,ES,Federal Contract Tower,0,13,35,0,48,0,0,49,0,49,0,13,84,0,97,50,0,50,147
05/04/2016,LZU,GA,ASO,ES,Federal Contract Tower,0,17,35,0,52,0,2,101,0,103,0,19,136,0,155,126,0,126,281
05/05/2016,LZU,GA,ASO,ES,Federal Contract Tower,0,13,30,0,43,0,3,49,0,52,0,16,79,0,95,70,0,70,165
05/06/2016,LZU,GA,ASO,ES,Federal Contract Tower,0,12,31,0,43,0,2,66,0,68,0,14,97,0,111,62,0,62,173
05/07/2016,LZU,GA,ASO,ES,Federal Contract Tower,0,0,21,0,21,0,3,137,0,140,0,3,158,0,161,124,0,124,285
05/08/2016,LZU,GA,ASO,ES,Federal Contract Tower,0,1,27,0,28,0,1,77,0,78,0,2,104,0,106,20,0,20,126
05/09/2016,LZU,GA,ASO,ES,Federal Contract Tower,0,7,25,0,32,0,3,84,0,87,0,10,109,0,119,162,0,162,281
05/10/2016,LZU,GA,ASO,ES,Federal Contract Tower,0,9,29,0,38,0,2,97,0,99,0,11,126,0,137,176,0,176,313
05/11/2016,LZU,GA,ASO,ES,Federal Contract Tower,0,12,32,0,44,0,5,78,1,84,0,17,110,1,128,160,4,164,292
05/12/2016,LZU,GA,ASO,ES,Federal Contract Tower,0,13,47,0,60,0,2,52,2,56,0,15,99,2,116,120,4,124,240
05/13/2016,LZU,GA,ASO,ES,Federal Contract Tower,0,11,37,0,48,0,4,83,0,87,0,15,120,0,135,110,0,110,245
05/14/2016,LZU,GA,ASO,ES,Federal Contract Tower,0,1,39,0,40,0,0,149,0,149,0,1,188,0,189,82,0,82,271
05/15/2016,LZU,GA,ASO,ES,Federal Contract Tower,0,4,32,0,36,0,3,116,0,119,0,7,148,0,155,52,0,52,207
05/16/2016,LZU,GA,ASO,ES,Federal Contract Tower,0,11,29,0,40,0,5,0,99,104,0,16,29,99,144,102,0,102,246
05/17/2016,LZU,GA,ASO,ES,Federal Contract Tower,0,12,38,0,50,0,8,22,0,30,0,20,60,0,80,48,0,48,128
05/18/2016,LZU,GA,ASO,ES,Federal Contract Tower,0,12,37,0,49,0,0,45,0,45,0,12,82,0,94,154,0,154,248
05/19/2016,LZU,GA,ASO,ES,Federal Contract Tower,0,10,40,0,50,0,1,8,0,9,0,11,48,0,59,66,0,66,125
05/20/2016,LZU,GA,ASO,ES,Federal Contract Tower,0,13,41,0,54,0,0,0,0,0,0,13,41,0,54,0,0,0,54
05/21/2016,LZU,GA,ASO,ES,Federal Contract Tower,0,3,25,0,28,0,2,29,0,31,0,5,54,0,59,28,0,28,87
05/22/2016,LZU,GA,ASO,ES,Federal Contract Tower,0,0,32,0,32,0,4,121,0,125,0,4,153,0,157,72,0,72,229
05/23/2016,LZU,GA,ASO,ES,Federal Contract Tower,0,8,31,0,39,0,6,123,0,129,0,14,154,0,168,124,0,124,292
05/24/2016,LZU,GA,ASO,ES,Federal Contract Tower,0,18,37,0,55,0,1,128,0,129,0,19,165,0,184,210,0,210,394
05/25/2016,LZU,GA,ASO,ES,Federal Contract Tower,0,13,38,0,51,0,0,125,0,125,0,13,163,0,176,140,0,140,316
05/26/2016,LZU,GA,ASO,ES,Federal Contract Tower,0,16,30,0,46,0,5,139,0,144,0,21,169,0,190,144,0,144,334
05/27/2016,LZU,GA,ASO,ES,Federal Contract Tower,0,12,41,0,53,0,0,117,0,117,0,12,158,0,170,130,0,130,300
05/28/2016,LZU,GA,ASO,ES,Federal Contract Tower,0,2,27,0,29,0,1,156,0,157,0,3,183,0,186,106,0,106,292
05/29/2016,LZU,GA,ASO,ES,Federal Contract Tower,0,2,19,0,21,0,1,63,0,64,0,3,82,0,85,34,0,34,119
05/30/2016,LZU,GA,ASO,ES,Federal Contract Tower,0,2,28,0,30,0,0,84,2,86,0,2,112,2,116,92,2,94,210
05/31/2016,LZU,GA,ASO,ES,Federal Contract Tower,0,9,24,0,33,0,3,87,0,90,0,12,111,0,123,136,0,136,259
06/01/2016,LZU,GA,ASO,ES,Federal Contract Tower,0,9,24,0,33,0,1,74,0,75,0,10,98,0,108,202,0,202,310
06/02/2016,LZU,GA,ASO,ES,Federal Contract Tower,0,21,33,0,54,0,1,103,0,104,0,22,136,0,158,114,0,114,272
06/03/2016,LZU,GA,ASO,ES,Federal Contract Tower,0,8,27,0,35,0,3,96,0,99,0,11,123,0,134,188,0,188,322
06/04/2016,LZU,GA,ASO,ES,Federal Contract Tower,0,8,18,0,26,0,0,124,0,124,0,8,142,0,150,166,0,166,316
06/05/2016,LZU,GA,ASO,ES,Federal Contract Tower,0,6,34,0,40,0,0,7,0,7,0,6,41,0,47,54,0,54,101
06/06/2016,LZU,GA,ASO,ES,Federal Contract Tower,0,10,13,0,23,0,0,47,0,47,0,10,60,0,70,132,0,132,202
06/07/2016,LZU,GA,ASO,ES,Federal Contract Tower,0,12,28,0,40,0,0,97,16,113,0,12,125,16,153,56,0,56,209
06/08/2016,LZU,GA,ASO,ES,Federal Contract Tower,0,15,32,0,47,0,1,129,0,130,0,16,161,0,177,156,0,156,333
06/09/2016,LZU,GA,ASO,ES,Federal Contract Tower,0,10,20,0,30,0,0,130,4,134,0,10,150,4,164,186,0,186,350
06/10/2016,LZU,GA,ASO,ES,Federal Contract Tower,0,12,27,0,39,0,1,115,2,118,0,13,142,2,157,136,0,136,293
06/11/2016,LZU,GA,ASO,ES,Federal Contract Tower,0,3,19,0,22,0,1,156,0,157,0,4,175,0,179,90,0,90,269
06/12/2016,LZU,GA,ASO,ES,Federal Contract Tower,0,2,24,0,26,0,3,109,0,112,0,5,133,0,138,98,0,98,236
06/13/2016,LZU,GA,ASO,ES,Federal Contract Tower,0,14,22,0,36,0,0,66,0,66,0,14,88,0,102,56,0,56,158
06/14/2016,LZU,GA,ASO,ES,Federal Contract Tower,0,15,26,0,41,0,1,65,0,66,0,16,91,0,107,60,0,60,167
06/15/2016,LZU,GA,ASO,ES,Federal Contract Tower,0,9,39,0,48,0,0,46,1,47,0,9,85,1,95,100,0,100,195
06/16/2016,LZU,GA,ASO,ES,Federal Contract Tower,0,13,44,0,57,0,1,104,2,107,0,14,148,2,164,86,0,86,250
06/17/2016,LZU,GA,ASO,ES,Federal Contract Tower,0,15,34,0,49,0,0,63,0,63,0,15,97,0,112,72,0,72,184
06/18/2016,LZU,GA,ASO,ES,Federal Contract Tower,0,6,30,0,36,0,0,129,0,129,0,6,159,0,165,42,0,42,207
06/19/2016,LZU,GA,ASO,ES,Federal Contract Tower,0,3,29,0,32,0,0,96,0,96,0,3,125,0,128,32,0,32,160
06/20/2016,LZU,GA,ASO,ES,Federal Contract Tower,0,7,34,0,41,0,4,133,0,137,0,11,167,0,178,106,0,106,284
06/21/2016,LZU,GA,ASO,ES,Federal Contract Tower,0,11,33,0,44,0,1,104,0,105,0,12,137,0,149,90,0,90,239
06/22/2016,LZU,GA,ASO,ES,Federal Contract Tower,0,15,26,0,41,0,4,85,4,93,0,19,111,4,134,148,0,148,282
06/23/2016,LZU,GA,ASO,ES,Federal Contract Tower,0,10,29,0,39,0,3,93,0,96,0,13,122,0,135,160,0,160,295
06/24/2016,LZU,GA,ASO,ES,Federal Contract Tower,0,9,30,0,39,0,1,109,0,110,0,10,139,0,149,90,0,90,239
06/25/2016,LZU,GA,ASO,ES,Federal Contract Tower,0,4,34,0,38,0,1,104,0,105,0,5,138,0,143,32,0,32,175
06/26/2016,LZU,GA,ASO,ES,Federal Contract Tower,0,8,40,0,48,0,1,71,0,72,0,9,111,0,120,68,0,68,188
06/27/2016,LZU,GA,ASO,ES,Federal Contract Tower,0,9,17,0,26,0,1,59,0,60,0,10,76,0,86,118,0,118,204
06/28/2016,LZU,GA,ASO,ES,Federal Contract Tower,0,14,25,0,39,0,0,49,0,49,0,14,74,0,88,144,0,144,232
06/29/2016,LZU,GA,ASO,ES,Federal Contract Tower,0,11,47,0,58,0,0,104,0,104,0,11,151,0,162,116,0,116,278
06/30/2016,LZU,GA,ASO,ES,Federal Contract Tower,0,10,32,0,42,0,0,85,0,85,0,10,117,0,127,164,0,164,291
07/01/2016,LZU,GA,ASO,ES,Federal Contract Tower,0,13,37,0,50,0,1,89,0,90,0,14,126,0,140,166,0,166,306
07/02/2016,LZU,GA,ASO,ES,Federal Contract Tower,0,4,35,0,39,0,1,114,0,115,0,5,149,0,154,154,0,154,308
07/03/2016,LZU,GA,ASO,ES,Federal Contract Tower,0,2,18,0,20,0,0,69,0,69,0,2,87,0,89,60,0,60,149
07/04/2016,LZU,GA,ASO,ES,Federal Contract Tower,0,3,13,0,16,0,3,58,0,61,0,6,71,0,77,34,0,34,111
07/05/2016,LZU,GA,ASO,ES,Federal Contract Tower,0,8,23,0,31,0,0,35,0,35,0,8,58,0,66,46,0,46,112
07/06/2016,LZU,GA,ASO,ES,Federal Contract Tower,0,23,29,3,55,0,1,42,1,44,0,24,71,4,99,90,0,90,189
07/07/2016,LZU,GA,ASO,ES,Federal Contract Tower,0,12,29,0,41,0,1,62,0,63,0,13,91,0,104,103,0,103,207
07/08/2016,LZU,GA,ASO,ES,Federal Contract Tower,0,10,31,0,41,0,0,93,0,93,0,10,124,0,134,150,0,150,284
07/09/2016,LZU,GA,ASO,ES,Federal Contract Tower,0,4,19,0,23,0,0,161,0,161,0,4,180,0,184,102,0,102,286
07/10/2016,LZU,GA,ASO,ES,Federal Contract Tower,0,6,21,0,27,0,0,118,0,118,0,6,139,0,145,124,0,124,269
07/11/2016,LZU,GA,ASO,ES,Federal Contract Tower,0,16,23,0,39,0,3,45,0,48,0,19,68,0,87,74,0,74,161
07/12/2016,LZU,GA,ASO,ES,Federal Contract Tower,0,12,38,0,50,0,5,78,0,83,0,17,116,0,133,138,0,138,271
07/13/2016,LZU,GA,ASO,ES,Federal Contract Tower,0,10,27,0,37,0,1,102,0,103,0,11,129,0,140,166,0,166,306
07/14/2016,LZU,GA,ASO,ES,Federal Contract Tower,0,16,23,0,39,0,1,116,0,117,0,17,139,0,156,130,0,130,286
07/15/2016,LZU,GA,ASO,ES,Federal Contract Tower,0,8,20,0,28,0,0,82,0,82,0,8,102,0,110,78,0,78,188
07/16/2016,LZU,GA,ASO,ES,Federal Contract Tower,0,6,18,0,24,0,0,119,0,119,0,6,137,0,143,74,0,74,217
07/17/2016,LZU,GA,ASO,ES,Federal Contract Tower,0,5,17,0,22,0,0,75,0,75,0,5,92,0,97,74,0,74,171
07/18/2016,LZU,GA,ASO,ES,Federal Contract Tower,0,15,19,0,34,0,1,60,0,61,0,16,79,0,95,148,0,148,243
07/19/2016,LZU,GA,ASO,ES,Federal Contract Tower,0,15,27,0,42,0,1,80,0,81,0,16,107,0,123,186,0,186,309
07/20/2016,LZU,GA,ASO,ES,Federal Contract Tower,0,12,21,0,33,0,0,106,0,106,0,12,127,0,139,168,0,168,307
07/21/2016,LZU,GA,ASO,ES,Federal Contract Tower,0,10,30,0,40,0,2,88,8,98,0,12,118,8,138,84,0,84,222
07/22/2016,LZU,GA,ASO,ES,Federal Contract Tower,0,8,42,0,50,0,0,75,0,75,0,8,117,0,125,60,0,60,185
07/23/2016,LZU,GA,ASO,ES,Federal Contract Tower,0,4,22,0,26,0,0,107,0,107,0,4,129,0,133,124,0,124,257
07/24/2016,LZU,GA,ASO,ES,Federal Contract Tower,0,1,35,0,36,0,3,104,0,107,0,4,139,0,143,112,0,112,255
07/25/2016,LZU,GA,ASO,ES,Federal Contract Tower,0,10,33,0,43,0,3,66,0,69,0,13,99,0,112,106,0,106,218
07/26/2016,LZU,GA,ASO,ES,Federal Contract Tower,0,15,32,0,47,0,0,112,0,112,0,15,144,0,159,174,0,174,333
07/27/2016,LZU,GA,ASO,ES,Federal Contract Tower,0,13,46,0,59,0,2,80,0,82,0,15,126,0,141,124,0,124,265
07/28/2016,LZU,GA,ASO,ES,Federal Contract Tower,0,16,42,0,58,0,1,111,0,112,0,17,153,0,170,243,0,243,413
07/29/2016,LZU,GA,ASO,ES,Federal Contract Tower,0,11,39,0,50,0,1,96,0,97,0,12,135,0,147,116,0,116,263
07/30/2016,LZU,GA,ASO,ES,Federal Contract Tower,0,5,22,0,27,0,4,95,0,99,0,9,117,0,126,70,0,70,196
07/31/2016,LZU,GA,ASO,ES,Federal Contract Tower,0,3,22,0,25,0,0,87,1,88,0,3,109,1,113,150,0,150,263
08/01/2016,LZU,GA,ASO,ES,Federal Contract Tower,0,13,35,0,48,0,0,46,1,47,0,13,81,1,95,60,0,60,155
08/02/2016,LZU,GA,ASO,ES,Federal Contract Tower,0,16,32,0,48,0,0,72,0,72,0,16,104,0,120,215,0,215,335
08/03/2016,LZU,GA,ASO,ES,Federal Contract Tower,0,21,57,0,78,0,3,69,0,72,0,24,126,0,150,146,0,146,296
08/04/2016,LZU,GA,ASO,ES,Federal Contract Tower,0,15,47,0,62,0,3,71,0,74,0,18,118,0,136,112,0,112,248
08/05/2016,LZU,GA,ASO,ES,Federal Contract Tower,0,11,46,0,57,0,4,78,0,82,0,15,124,0,139,160,0,160,299
08/06/2016,LZU,GA,ASO,ES,Federal Contract Tower,0,4,30,0,34,0,2,204,0,206,0,6,234,0,240,242,0,242,482
08/07/2016,LZU,GA,ASO,ES,Federal Contract Tower,0,1,25,0,26,0,0,78,0,78,0,1,103,0,104,44,0,44,148
08/08/2016,LZU,GA,ASO,ES,Federal Contract Tower,0,10,30,0,40,0,2,30,0,32,0,12,60,0,72,54,0,54,126
08/09/2016,LZU,GA,ASO,ES,Federal Contract Tower,0,15,28,0,43,0,2,49,0,51,0,17,77,0,94,50,0,50,144
08/10/2016,LZU,GA,ASO,ES,Federal Contract Tower,0,18,41,0,59,0,2,37,0,39,0,20,78,0,98,62,0,62,160
08/11/2016,LZU,GA,ASO,ES,Federal Contract Tower,0,19,24,0,43,0,2,69,0,71,0,21,93,0,114,116,0,116,230
08/12/2016,LZU,GA,ASO,ES,Federal Contract Tower,0,9,31,0,40,0,3,59,0,62,0,12,90,0,102,112,0,112,214
08/13/2016,LZU,GA,ASO,ES,Federal Contract Tower,0,3,32,0,35,0,0,129,0,129,0,3,161,0,164,114,0,114,278
08/14/2016,LZU,GA,ASO,ES,Federal Contract Tower,0,6,22,0,28,0,2,139,0,141,0,8,161,0,169,146,0,146,315
08/15/2016,LZU,GA,ASO,ES,Federal Contract Tower,0,9,24,0,33,0,2,74,0,76,0,11,98,0,109,122,0,122,231
08/16/2016,LZU,GA,ASO,ES,Federal Contract Tower,0,20,28,0,48,0,3,54,0,57,0,23,82,0,105,116,0,116,221
08/17/2016,LZU,GA,ASO,ES,Federal Contract Tower,0,11,28,0,39,0,7,96,0,103,0,18,124,0,142,132,0,132,274
08/18/2016,LZU,GA,ASO,ES,Federal Contract Tower,0,16,27,0,43,0,0,81,0,81,0,16,108,0,124,154,0,154,278
08/19/2016,LZU,GA,ASO,ES,Federal Contract Tower,0,14,33,0,47,0,2,76,0,78,0,16,109,0,125,80,0,80,205
08/20/2016,LZU,GA,ASO,ES,Federal Contract Tower,0,2,26,0,28,0,3,110,0,113,0,5,136,0,141,70,0,70,211
08/21/2016,LZU,GA,ASO,ES,Federal Contract Tower,0,2,20,0,22,0,46,0,0,46,0,48,20,0,68,32,0,32,100
08/22/2016,LZU,GA,ASO,ES,Federal Contract Tower,0,14,24,2,40,0,4,108,0,112,0,18,132,2,152,82,0,82,234
08/23/2016,LZU,GA,ASO,ES,Federal Contract Tower,0,19,25,0,44,0,5,96,0,101,0,24,121,0,145,140,0,140,285
08/24/2016,LZU,GA,ASO,ES,Federal Contract Tower,0,16,39,0,55,0,3,31,0,34,0,19,70,0,89,26,0,26,115
08/25/2016,LZU,GA,ASO,ES,Federal Contract Tower,0,11,40,0,51,0,3,162,0,165,0,14,202,0,216,272,0,272,488
08/26/2016,LZU,GA,ASO,ES,Federal Contract Tower,0,7,27,0,34,0,1,117,0,118,0,8,144,0,152,162,0,162,314
08/27/2016,LZU,GA,ASO,ES,Federal Contract Tower,0,6,20,0,26,0,1,134,0,135,0,7,154,0,161,170,0,170,331
08/28/2016,LZU,GA,ASO,ES,Federal Contract Tower,0,0,16,0,16,0,0,102,0,102,0,0,118,0,118,66,0,66,184
08/29/2016,LZU,GA,ASO,ES,Federal Contract Tower,0,11,24,0,35,0,0,61,0,61,0,11,85,0,96,94,0,94,190
08/30/2016,LZU,GA,ASO,ES,Federal Contract Tower,0,15,18,0,33,0,4,68,0,72,0,19,86,0,105,72,0,72,177
08/31/2016,LZU,GA,ASO,ES,Federal Contract Tower,0,10,34,0,44,0,4,61,0,65,0,14,95,0,109,88,0,88,197
09/01/2016,LZU,GA,ASO,ES,Federal Contract Tower,0,19,37,0,56,0,4,94,0,98,0,23,131,0,154,100,0,100,254
09/02/2016,LZU,GA,ASO,ES,Federal Contract Tower,0,17,20,0,37,0,0,20,0,20,0,17,40,0,57,14,0,14,71
09/03/2016,LZU,GA,ASO,ES,Federal Contract Tower,0,6,23,0,29,0,6,221,0,227,0,12,244,0,256,152,0,152,408
09/04/2016,LZU,GA,ASO,ES,Federal Contract Tower,0,0,10,0,10,0,1,95,0,96,0,1,105,0,106,34,0,34,140
09/05/2016,LZU,GA,ASO,ES,Federal Contract Tower,0,5,28,0,33,0,1,138,0,139,0,6,166,0,172,98,0,98,270
09/06/2016,LZU,GA,ASO,ES,Federal Contract Tower,0,10,35,0,45,0,0,65,0,65,0,10,100,0,110,50,0,50,160
09/07/2016,LZU,GA,ASO,ES,Federal Contract Tower,0,10,21,0,31,0,4,107,0,111,0,14,128,0,142,98,0,98,240
09/08/2016,LZU,GA,ASO,ES,Federal Contract Tower,0,12,41,0,53,0,4,89,0,93,0,16,130,0,146,132,0,132,278
09/09/2016,LZU,GA,ASO,ES,Federal Contract Tower,0,13,40,0,53,0,2,128,2,132,0,15,168,2,185,118,0,118,303
09/10/2016,LZU,GA,ASO,ES,Federal Contract Tower,0,2,19,0,21,0,0,146,0,146,0,2,165,0,167,142,0,142,309
09/11/2016,LZU,GA,ASO,ES,Federal Contract Tower,0,7,21,0,28,0,1,92,0,93,0,8,113,0,121,66,0,66,187
09/12/2016,LZU,GA,ASO,ES,Federal Contract Tower,0,8,22,0,30,0,4,39,0,43,0,12,61,0,73,34,0,34,107
09/13/2016,LZU,GA,ASO,ES,Federal Contract Tower,0,8,32,0,40,0,3,56,0,59,0,11,88,0,99,126,0,126,225
09/14/2016,LZU,GA,ASO,ES,Federal Contract Tower,0,18,39,1,58,0,3,76,0,79,0,21,115,1,137,98,0,98,235
09/15/2016,LZU,GA,ASO,ES,Federal Contract Tower,0,13,36,0,49,0,1,89,0,90,0,14,125,0,139,144,0,144,283
09/16/2016,LZU,GA,ASO,ES,Federal Contract Tower,0,13,37,0,50,0,3,87,0,90,0,16,124,0,140,100,0,100,240
09/17/2016,LZU,GA,ASO,ES,Federal Contract Tower,0,10,22,0,32,0,0,145,0,145,0,10,167,0,177,98,0,98,275
09/18/2016,LZU,GA,ASO,ES,Federal Contract Tower,0,5,29,0,34,0,0,8,0,8,0,5,37,0,42,0,0,0,42
09/19/2016,LZU,GA,ASO,ES,Federal Contract Tower,0,14,36,0,50,0,0,56,0,56,0,14,92,0,106,82,0,82,188
09/20/2016,LZU,GA,ASO,ES,Federal Contract Tower,0,11,32,0,43,0,3,95,0,98,0,14,127,0,141,169,0,169,310
09/21/2016,LZU,GA,ASO,ES,Federal Contract Tower,0,11,34,0,45,0,1,103,4,108,0,12,137,4,153,144,0,144,297
09/22/2016,LZU,GA,ASO,ES,Federal Contract Tower,0,11,48,0,59,0,1,107,0,108,0,12,155,0,167,174,0,174,341
09/23/2016,LZU,GA,ASO,ES,Federal Contract Tower,0,12,38,0,50,0,0,118,0,118,0,12,156,0,168,92,0,92,260
09/24/2016,LZU,GA,ASO,ES,Federal Contract Tower,0,3,26,0,29,0,0,143,0,143,0,3,169,0,172,174,0,174,346
09/25/2016,LZU,GA,ASO,ES,Federal Contract Tower,0,7,35,0,42,0,0,128,0,128,0,7,163,0,170,82,0,82,252
09/26/2016,LZU,GA,ASO,ES,Federal Contract Tower,0,9,29,0,38,0,1,81,0,82,0,10,110,0,120,86,0,86,206
09/27/2016,LZU,GA,ASO,ES,Federal Contract Tower,0,17,33,0,50,0,2,62,0,64,0,19,95,0,114,82,0,82,196
09/28/2016,LZU,GA,ASO,ES,Federal Contract Tower,0,14,34,0,48,0,2,116,0,118,0,16,150,0,166,90,0,90,256
09/29/2016,LZU,GA,ASO,ES,Federal Contract Tower,0,16,31,0,47,0,1,94,0,95,0,17,125,0,142,170,0,170,312
09/30/2016,LZU,GA,ASO,ES,Federal Contract Tower,0,14,27,0,41,0,4,128,0,132,0,18,155,0,173,162,0,162,335
10/01/2016,LZU,GA,ASO,ES,Federal Contract Tower,0,7,30,0,37,0,1,125,0,126,0,8,155,0,163,90,0,90,253
10/02/2016,LZU,GA,ASO,ES,Federal Contract Tower,0,3,40,0,43,0,1,85,0,86,0,4,125,0,129,20,0,20,149
10/03/2016,LZU,GA,ASO,ES,Federal Contract Tower,0,13,50,0,63,0,2,70,0,72,0,15,120,0,135,74,0,74,209
10/04/2016,LZU,GA,ASO,ES,Federal Contract Tower,0,18,35,0,53,0,5,62,0,67,0,23,97,0,120,118,0,118,238
10/05/2016,LZU,GA,ASO,ES,Federal Contract Tower,0,18,35,0,53,0,5,73,0,78,0,23,108,0,131,104,0,104,235
10/06/2016,LZU,GA,ASO,ES,Federal Contract Tower,0,13,50,0,63,0,4,61,0,65,0,17,111,0,128,74,0,74,202
10/07/2016,LZU,GA,ASO,ES,Federal Contract Tower,0,15,41,0,56,0,0,5,0,5,0,15,46,0,61,46,0,46,107
10/08/2016,LZU,GA,ASO,ES,Federal Contract Tower,0,3,16,0,19,0,2,43,1,46,0,5,59,1,65,10,0,10,75
10/09/2016,LZU,GA,ASO,ES,Federal Contract Tower,0,4,40,0,44,0,3,131,0,134,0,7,171,0,178,142,0,142,320
10/10/2016,LZU,GA,ASO,ES,Federal Contract Tower,0,5,26,0,31,0,3,89,0,92,0,8,115,0,123,158,0,158,281
10/11/2016,LZU,GA,ASO,ES,Federal Contract Tower,0,13,36,0,49,0,4,78,0,82,0,17,114,0,131,70,0,70,201
10/12/2016,LZU,GA,ASO,ES,Federal Contract Tower,0,12,21,0,33,0,4,100,0,104,0,16,121,0,137,140,0,140,277
10/13/2016,LZU,GA,ASO,ES,Federal Contract Tower,0,11,35,0,46,0,1,88,0,89,0,12,123,0,135,130,0,130,265
10/14/2016,LZU,GA,ASO,ES,Federal Contract Tower,0,15,40,0,55,0,2,139,0,141,0,17,179,0,196,242,0,242,438
10/15/2016,LZU,GA,ASO,ES,Federal Contract Tower,0,3,29,0,32,0,0,60,0,60,0,3,89,0,92,80,0,80,172
10/16/2016,LZU,GA,ASO,ES,Federal Contract Tower,0,4,28,0,32,0,0,99,0,99,0,4,127,0,131,110,0,110,241
10/17/2016,LZU,GA,ASO,ES,Federal Contract Tower,0,10,35,0,45,0,4,85,0,89,0,14,120,0,134,124,0,124,258
10/18/2016,LZU,GA,ASO,ES,Federal Contract Tower,0,11,44,0,55,0,6,136,0,142,0,17,180,0,197,116,0,116,313
10/19/2016,LZU,GA,ASO,ES,Federal Contract Tower,0,12,43,0,55,0,4,98,0,102,0,16,141,0,157,158,0,158,315
10/20/2016,LZU,GA,ASO,ES,Federal Contract Tower,0,19,28,0,47,0,3,152,0,155,0,22,180,0,202,128,0,128,330
10/21/2016,LZU,GA,ASO,ES,Federal Contract Tower,0,13,28,0,41,0,1,35,0,36,0,14,63,0,77,2,0,2,79
10/22/2016,LZU,GA,ASO,ES,Federal Contract Tower,0,5,15,0,20,0,4,126,0,130,0,9,141,0,150,40,0,40,190
10/23/2016,LZU,GA,ASO,ES,Federal Contract Tower,0,6,20,0,26,0,0,135,0,135,0,6,155,0,161,112,0,112,273
10/24/2016,LZU,GA,ASO,ES,Federal Contract Tower,0,15,31,0,46,0,9,94,0,103,0,24,125,0,149,100,0,100,249
10/25/2016,LZU,GA,ASO,ES,Federal Contract Tower,0,13,30,0,43,0,7,86,0,93,0,20,116,0,136,248,0,248,384
10/26/2016,LZU,GA,ASO,ES,Federal Contract Tower,0,14,46,0,60,0,1,93,0,94,0,15,139,0,154,238,0,238,392
10/27/2016,LZU,GA,ASO,ES,Federal Contract Tower,0,10,54,0,64,0,5,68,0,73,0,15,122,0,137,134,0,134,271
10/28/2016,LZU,GA,ASO,ES,Federal Contract Tower,0,13,51,0,64,0,7,151,0,158,0,20,202,0,222,156,0,156,378
10/29/2016,LZU,GA,ASO,ES,Federal Contract Tower,0,5,21,0,26,0,0,169,0,169,0,5,190,0,195,192,0,192,387
10/30/2016,LZU,GA,ASO,ES,Federal Contract Tower,0,2,35,0,37,0,107,0,0,107,0,109,35,0,144,74,0,74,218
10/31/2016,LZU,GA,ASO,ES,Federal Contract Tower,0,13,41,0,54,0,2,98,0,100,0,15,139,0,154,122,0,122,276
11/01/2016,LZU,GA,ASO,ES,Federal Contract Tower,0,14,38,0,52,0,4,93,0,97,0,18,131,0,149,192,0,192,341
11/02/2016,LZU,GA,ASO,ES,Federal Contract Tower,0,17,29,0,46,0,1,63,0,64,0,18,92,0,110,216,0,216,326
11/03/2016,LZU,GA,ASO,ES,Federal Contract Tower,0,18,37,0,55,0,5,100,0,105,0,23,137,0,160,172,0,172,332
11/04/2016,LZU,GA,ASO,ES,Federal Contract Tower,0,11,40,0,51,0,2,122,0,124,0,13,162,0,175,198,0,198,373
11/05/2016,LZU,GA,ASO,ES,Federal Contract Tower,0,3,18,0,21,0,1,178,0,179,0,4,196,0,200,162,0,162,362
11/06/2016,LZU,GA,ASO,ES,Federal Contract Tower,0,3,30,0,33,0,4,103,0,107,0,7,133,0,140,150,0,150,290
11/07/2016,LZU,GA,ASO,ES,Federal Contract Tower,0,11,27,0,38,0,0,99,0,99,0,11,126,0,137,64,0,64,201
11/08/2016,LZU,GA,ASO,ES,Federal Contract Tower,0,17,28,0,45,0,4,176,0,180,0,21,204,0,225,138,0,138,363
11/09/2016,LZU,GA,ASO,ES,Federal Contract Tower,0,10,38,0,48,0,2,78,0,80,0,12,116,0,128,70,0,70,198
11/10/2016,LZU,GA,ASO,ES,Federal Contract Tower,0,15,42,0,57,0,2,71,0,73,0,17,113,0,130,128,0,128,258
11/11/2016,LZU,GA,ASO,ES,Federal Contract Tower,0,11,38,0,49,0,0,71,0,71,0,11,109,0,120,88,0,88,208
11/12/2016,LZU,GA,ASO,ES,Federal Contract Tower,0,3,17,0,20,0,0,110,0,110,0,3,127,0,130,68,0,68,198
11/13/2016,LZU,GA,ASO,ES,Federal Contract Tower,0,5,26,0,31,0,0,98,0,98,0,5,124,0,129,120,0,120,249
11/14/2016,LZU,GA,ASO,ES,Federal Contract Tower,0,11,71,0,82,0,5,0,0,5,0,16,71,0,87,22,0,22,109
11/15/2016,LZU,GA,ASO,ES,Federal Contract Tower,0,10,46,0,56,0,4,46,0,50,0,14,92,0,106,50,0,50,156
11/16/2016,LZU,GA,ASO,ES,Federal Contract Tower,0,15,51,0,66,0,0,71,0,71,0,15,122,0,137,44,0,44,181
11/17/2016,LZU,GA,ASO,ES,Federal Contract Tower,0,14,40,0,54,0,0,153,0,153,0,14,193,0,207,168,0,168,375
11/18/2016,LZU,GA,ASO,ES,Federal Contract Tower,0,15,49,0,64,0,2,150,0,152,0,17,199,0,216,196,0,196,412
11/19/2016,LZU,GA,ASO,ES,Federal Contract Tower,0,6,21,0,27,0,0,16,0,16,0,6,37,0,43,12,0,12,55
11/20/2016,LZU,GA,ASO,ES,Federal Contract Tower,0,4,27,0,31,0,1,95,0,96,0,5,122,0,127,6,0,6,133
11/21/2016,LZU,GA,ASO,ES,Federal Contract Tower,0,9,41,0,50,0,1,111,0,112,0,10,152,0,162,102,0,102,264
11/22/2016,LZU,GA,ASO,ES,Federal Contract Tower,0,13,40,0,53,0,5,102,0,107,0,18,142,0,160,128,0,128,288
11/23/2016,LZU,GA,ASO,ES,Federal Contract Tower,0,13,35,0,48,0,3,95,0,98,0,16,130,0,146,114,0,114,260
11/24/2016,LZU,GA,ASO,ES,Federal Contract Tower,0,5,15,0,20,0,3,16,0,19,0,8,31,0,39,24,0,24,63
11/25/2016,LZU,GA,ASO,ES,Federal Contract Tower,0,8,28,0,36,0,1,126,0,127,0,9,154,0,163,140,0,140,303
11/26/2016,LZU,GA,ASO,ES,Federal Contract Tower,0,2,27,0,29,0,0,125,0,125,0,2,152,0,154,88,0,88,242
11/27/2016,LZU,GA,ASO,ES,Federal Contract Tower,0,2,32,0,34,0,1,133,0,134,0,3,165,0,168,82,0,82,250
11/28/2016,LZU,GA,ASO,ES,Federal Contract Tower,0,9,37,0,46,0,3,47,0,50,0,12,84,0,96,104,0,104,200
11/29/2016,LZU,GA,ASO,ES,Federal Contract Tower,0,12,29,0,41,0,0,0,0,0,0,12,29,0,41,0,0,0,41
11/30/2016,LZU,GA,ASO,ES,Federal Contract Tower,0,13,31,0,44,0,0,2,0,2,0,13,33,0,46,0,0,0,46
12/01/2016,LZU,GA,ASO,ES,Federal Contract Tower,0,9,39,0,48,0,5,99,0,104,0,14,138,0,152,126,0,126,278
12/02/2016,LZU,GA,ASO,ES,Federal Contract Tower,0,11,34,0,45,0,5,138,0,143,0,16,172,0,188,218,0,218,406
12/03/2016,LZU,GA,ASO,ES,Federal Contract Tower,0,4,26,0,30,0,2,206,0,208,0,6,232,0,238,274,0,274,512
12/04/2016,LZU,GA,ASO,ES,Federal Contract Tower,0,2,13,0,15,0,0,0,0,0,0,2,13,0,15,0,0,0,15
12/05/2016,LZU,GA,ASO,ES,Federal Contract Tower,0,11,22,0,33,0,0,1,0,1,0,11,23,0,34,0,0,0,34
12/06/2016,LZU,GA,ASO,ES,Federal Contract Tower,0,13,32,0,45,0,0,0,0,0,0,13,32,0,45,0,0,0,45
12/07/2016,LZU,GA,ASO,ES,Federal Contract Tower,0,15,41,0,56,0,0,96,4,100,0,15,137,4,156,238,0,238,394
12/08/2016,LZU,GA,ASO,ES,Federal Contract Tower,0,11,46,0,57,0,4,73,0,77,0,15,119,0,134,90,0,90,224
12/09/2016,LZU,GA,ASO,ES,Federal Contract Tower,0,15,29,0,44,0,9,92,0,101,0,24,121,0,145,164,0,164,309
12/10/2016,LZU,GA,ASO,ES,Federal Contract Tower,0,5,14,0,19,0,1,192,0,193,0,6,206,0,212,168,0,168,380
12/11/2016,LZU,GA,ASO,ES,Federal Contract Tower,0,3,28,0,31,0,1,53,0,54,0,4,81,0,85,66,0,66,151
12/12/2016,LZU,GA,ASO,ES,Federal Contract Tower,0,19,33,0,52,0,0,5,0,5,0,19,38,0,57,6,0,6,63
12/13/2016,LZU,GA,ASO,ES,Federal Contract Tower,0,8,32,1,41,0,0,0,0,0,0,8,32,1,41,0,0,0,41
12/14/2016,LZU,GA,ASO,ES,Federal Contract Tower,0,18,37,1,56,0,3,104,2,109,0,21,141,3,165,158,0,158,323
12/15/2016,LZU,GA,ASO,ES,Federal Contract Tower,0,14,39,0,53,0,0,94,0,94,0,14,133,0,147,140,0,140,287
12/16/2016,LZU,GA,ASO,ES,Federal Contract Tower,0,16,35,0,51,0,2,115,0,117,0,18,150,0,168,220,0,220,388
12/17/2016,LZU,GA,ASO,ES,Federal Contract Tower,0,2,22,0,24,0,0,1,0,1,0,2,23,0,25,0,0,0,25
12/18/2016,LZU,GA,ASO,ES,Federal Contract Tower,0,5,16,0,21,0,0,0,0,0,0,5,16,0,21,0,0,0,21
12/19/2016,LZU,GA,ASO,ES,Federal Contract Tower,0,12,14,0,26,0,0,13,0,13,0,12,27,0,39,26,0,26,65
12/20/2016,LZU,GA,ASO,ES,Federal Contract Tower,0,11,43,0,54,0,4,39,0,43,0,15,82,0,97,126,0,126,223
12/21/2016,LZU,GA,ASO,ES,Federal Contract Tower,0,13,53,0,66,0,1,147,0,148,0,14,200,0,214,214,0,214,428
12/22/2016,LZU,GA,ASO,ES,Federal Contract Tower,0,11,32,0,43,0,5,129,0,134,0,16,161,0,177,160,0,160,337
12/23/2016,LZU,GA,ASO,ES,Federal Contract Tower,0,17,24,0,41,0,1,117,0,118,0,18,141,0,159,104,0,104,263
12/24/2016,LZU,GA,ASO,ES,Federal Contract Tower,0,4,14,0,18,0,0,46,0,46,0,4,60,0,64,34,0,34,98
12/25/2016,LZU,GA,ASO,ES,Federal Contract Tower,0,1,7,0,8,0,0,22,0,22,0,1,29,0,30,6,0,6,36
12/26/2016,LZU,GA,ASO,ES,Federal Contract Tower,0,7,45,0,52,0,0,1,0,1,0,7,46,0,53,0,0,0,53
12/27/2016,LZU,GA,ASO,ES,Federal Contract Tower,0,17,38,0,55,0,0,4,0,4,0,17,42,0,59,0,0,0,59
12/28/2016,LZU,GA,ASO,ES,Federal Contract Tower,0,12,29,0,41,0,1,123,0,124,0,13,152,0,165,122,0,122,287
12/29/2016,LZU,GA,ASO,ES,Federal Contract Tower,0,12,16,0,28,0,0,15,0,15,0,12,31,0,43,14,0,14,57
12/30/2016,LZU,GA,ASO,ES,Federal Contract Tower,0,10,36,0,46,0,0,92,0,92,0,10,128,0,138,12,0,12,150
12/31/2016,LZU,GA,ASO,ES,Federal Contract Tower,0,7,26,0,33,0,0,81,0,81,0,7,107,0,114,130,0,130,244
01/01/2017,LZU,GA,ASO,ES,Federal Contract Tower,0,4,6,0,10,0,0,0,0,0,0,4,6,0,10,0,0,0,10
01/02/2017,LZU,GA,ASO,ES,Federal Contract Tower,0,1,14,0,15,0,0,0,0,0,0,1,14,0,15,0,0,0,15
01/03/2017,LZU,GA,ASO,ES,Federal Contract Tower,0,10,45,0,55,0,0,14,0,14,0,10,59,0,69,26,0,26,95
01/04/2017,LZU,GA,ASO,ES,Federal Contract Tower,0,7,40,0,47,0,0,67,0,67,0,7,107,0,114,70,0,70,184
01/05/2017,LZU,GA,ASO,ES,Federal Contract Tower,0,9,32,0,41,0,0,132,0,132,0,9,164,0,173,224,0,224,397
01/06/2017,LZU,GA,ASO,ES,Federal Contract Tower,0,10,26,0,36,0,2,10,0,12,0,12,36,0,48,24,0,24,72
01/07/2017,LZU,GA,ASO,ES,Federal Contract Tower,0,4,7,0,11,0,0,17,0,17,0,4,24,0,28,12,0,12,40
01/08/2017,LZU,GA,ASO,ES,Federal Contract Tower,0,5,31,0,36,0,0,72,0,72,0,5,103,0,108,6,0,6,114
01/09/2017,LZU,GA,ASO,ES,Federal Contract Tower,0,9,20,0,29,0,1,81,2,84,0,10,101,2,113,84,0,84,197
01/10/2017,LZU,GA,ASO,ES,Federal Contract Tower,0,10,42,0,52,0,1,73,0,74,0,11,115,0,126,56,0,56,182
01/11/2017,LZU,GA,ASO,ES,Federal Contract Tower,0,12,38,0,50,0,3,60,0,63,0,15,98,0,113,134,0,134,247
01/12/2017,LZU,GA,ASO,ES,Federal Contract Tower,0,8,38,0,46,0,3,150,0,153,0,11,188,0,199,186,0,186,385
01/13/2017,LZU,GA,ASO,ES,Federal Contract Tower,0,16,27,0,43,0,4,128,0,132,0,20,155,0,175,112,0,112,287
01/14/2017,LZU,GA,ASO,ES,Federal Contract Tower,0,2,16,0,18,0,0,144,0,144,0,2,160,0,162,188,0,188,350
01/15/2017,LZU,GA,ASO,ES,Federal Contract Tower,0,4,20,0,24,0,1,120,0,121,0,5,140,0,145,102,0,102,247
01/16/2017,LZU,GA,ASO,ES,Federal Contract Tower,0,9,30,0,39,0,1,60,0,61,0,10,90,0,100,88,0,88,188
01/17/2017,LZU,GA,ASO,ES,Federal Contract Tower,0,13,48,0,61,0,5,64,0,69,0,18,112,0,130,134,0,134,264
01/18/2017,LZU,GA,ASO,ES,Federal Contract Tower,0,12,34,0,46,0,5,92,0,97,0,17,126,0,143,88,0,88,231
01/19/2017,LZU,GA,ASO,ES,Federal Contract Tower,0,10,43,0,53,0,5,122,0,127,0,15,165,0,180,236,0,236,416
01/20/2017,LZU,GA,ASO,ES,Federal Contract Tower,0,12,33,0,45,0,2,93,0,95,0,14,126,0,140,174,0,174,314
01/21/2017,LZU,GA,ASO,ES,Federal Contract Tower,0,3,17,0,20,0,0,4,0,4,0,3,21,0,24,0,0,0,24
01/22/2017,LZU,GA,ASO,ES,Federal Contract Tower,0,2,9,0,11,0,0,0,0,0,0,2,9,0,11,0,0,0,11
01/23/2017,LZU,GA,ASO,ES,Federal Contract Tower,0,17,31,0,48,0,0,6,0,6,0,17,37,0,54,28,0,28,82
01/24/2017,LZU,GA,ASO,ES,Federal Contract Tower,0,14,45,0,59,0,5,107,0,112,0,19,152,0,171,112,0,112,283
01/25/2017,LZU,GA,ASO,ES,Federal Contract Tower,0,14,32,0,46,0,1,166,0,167,0,15,198,0,213,182,0,182,395
01/26/2017,LZU,GA,ASO,ES,Federal Contract Tower,0,7,28,0,35,0,2,65,0,67,0,9,93,0,102,72,0,72,174
01/27/2017,LZU,GA,ASO,ES,Federal Contract Tower,0,10,30,0,40,0,1,89,0,90,0,11,119,0,130,98,0,98,228
01/28/2017,LZU,GA,ASO,ES,Federal Contract Tower,0,3,27,0,30,0,2,204,0,206,0,5,231,0,236,116,0,116,352
01/29/2017,LZU,GA,ASO,ES,Federal Contract Tower,0,4,22,0,26,0,1,99,0,100,0,5,121,0,126,98,0,98,224
01/30/2017,LZU,GA,ASO,ES,Federal Contract Tower,0,9,25,0,34,0,3,97,2,102,0,12,122,2,136,62,0,62,198
01/31/2017,LZU,GA,ASO,ES,Federal Contract Tower,0,14,45,0,59,0,2,163,0,165,0,16,208,0,224,206,0,206,430
02/01/2017,LZU,GA,ASO,ES,Federal Contract Tower,0,15,31,0,46,0,0,126,5,131,0,15,157,5,177,140,0,140,317
02/02/2017,LZU,GA,ASO,ES,Federal Contract Tower,0,11,35,0,46,0,2,127,0,129,0,13,162,0,175,240,0,240,415
02/03/2017,LZU,GA,ASO,ES,Federal Contract Tower,0,20,40,0,60,0,5,113,0,118,0,25,153,0,178,100,0,100,278
02/04/2017,LZU,GA,ASO,ES,Federal Contract Tower,0,7,26,0,33,0,1,232,0,233,0,8,258,0,266,228,0,228,494
02/05/2017,LZU,GA,ASO,ES,Federal Contract Tower,0,4,27,0,31,0,0,34,0,34,0,4,61,0,65,46,0,46,111
02/06/2017,LZU,GA,ASO,ES,Federal Contract Tower,0,15,34,0,49,0,0,30,0,30,0,15,64,0,79,48,0,48,127
02/07/2017,LZU,GA,ASO,ES,Federal Contract Tower,0,10,36,0,46,0,0,27,0,27,0,10,63,0,73,70,0,70,143
02/08/2017,LZU,GA,ASO,ES,Federal Contract Tower,0,11,33,0,44,0,0,3,0,3,0,11,36,0,47,0,0,0,47
02/09/2017,LZU,GA,ASO,ES,Federal Contract Tower,0,10,32,0,42,0,0,36,2,38,0,10,68,2,80,8,0,8,88
02/10/2017,LZU,GA,ASO,ES,Federal Contract Tower,0,14,34,0,48,0,2,189,0,191,0,16,223,0,239,176,0,176,415
02/11/2017,LZU,GA,ASO,ES,Federal Contract Tower,0,2,36,0,38,0,1,78,0,79,0,3,114,0,117,230,0,230,347
02/12/2017,LZU,GA,ASO,ES,Federal Contract Tower,0,3,40,0,43,0,0,6,0,6,0,3,46,0,49,0,0,0,49
02/13/2017,LZU,GA,ASO,ES,Federal Contract Tower,0,13,23,0,36,0,10,146,0,156,0,23,169,0,192,80,0,80,272
02/14/2017,LZU,GA,ASO,ES,Federal Contract Tower,0,8,30,0,38,0,1,140,0,141,0,9,170,0,179,178,0,178,357
02/15/2017,LZU,GA,ASO,ES,Federal Contract Tower,0,13,31,0,44,0,0,34,0,34,0,13,65,0,78,28,0,28,106
02/16/2017,LZU,GA,ASO,ES,Federal Contract Tower,0,18,40,4,62,0,4,139,0,143,0,22,179,4,205,150,0,150,355
02/17/2017,LZU,GA,ASO,ES,Federal Contract Tower,0,14,47,2,63,0,0,145,0,145,0,14,192,2,208,116,0,116,324
02/18/2017,LZU,GA,ASO,ES,Federal Contract Tower,0,3,26,0,29,0,1,90,0,91,0,4,116,0,120,84,0,84,204
02/19/2017,LZU,GA,ASO,ES,Federal Contract Tower,0,2,38,0,40,0,1,143,0,144,0,3,181,0,184,124,0,124,308
02/20/2017,LZU,GA,ASO,ES,Federal Contract Tower,0,15,31,0,46,0,1,109,0,110,0,16,140,0,156,118,0,118,274
02/21/2017,LZU,GA,ASO,ES,Federal Contract Tower,0,21,33,0,54,0,1,67,0,68,0,22,100,0,122,90,0,90,212
02/22/2017,LZU,GA,ASO,ES,Federal Contract Tower,0,15,21,0,36,0,0,10,0,10,0,15,31,0,46,4,0,4,50
02/23/2017,LZU,GA,ASO,ES,Federal Contract Tower,0,12,44,0,56,0,2,108,0,110,0,14,152,0,166,114,0,114,280
02/24/2017,LZU,GA,ASO,ES,Federal Contract Tower,0,14,38,0,52,0,1,136,0,137,0,15,174,0,189,170,0,170,359
02/25/2017,LZU,GA,ASO,ES,Federal Contract Tower,0,4,18,0,22,0,0,60,0,60,0,4,78,0,82,34,0,34,116
02/26/2017,LZU,GA,ASO,ES,Federal Contract Tower,0,2,31,0,33,0,3,207,0,210,0,5,238,0,243,126,0,126,369
02/27/2017,LZU,GA,ASO,ES,Federal Contract Tower,0,9,20,0,29,0,1,64,0,65,0,10,84,0,94,124,0,124,218
02/28/2017,LZU,GA,ASO,ES,Federal Contract Tower,0,11,31,0,42,0,2,63,0,65,0,13,94,0,107,144,0,144,251
03/01/2017,LZU,GA,ASO,ES,Federal Contract Tower,0,8,24,2,34,0,1,7,0,8,0,9,31,2,42,6,0,6,48
03/02/2017,LZU,GA,ASO,ES,Federal Contract Tower,0,15,26,0,41,0,6,97,0,103,0,21,123,0,144,116,0,116,260
03/03/2017,LZU,GA,ASO,ES,Federal Contract Tower,0,12,41,0,53,0,4,72,0,76,0,16,113,0,129,62,0,62,191
03/04/2017,LZU,GA,ASO,ES,Federal Contract Tower,0,1,19,0,20,0,5,208,0,213,0,6,227,0,233,180,0,180,413
03/05/2017,LZU,GA,ASO,ES,Federal Contract Tower,0,4,35,0,39,0,0,139,0,139,0,4,174,0,178,124,0,124,302
03/06/2017,LZU,GA,ASO,ES,Federal Contract Tower,0,17,39,0,56,0,2,74,0,76,0,19,113,0,132,38,0,38,170
03/07/2017,LZU,GA,ASO,ES,Federal Contract Tower,0,11,33,0,44,0,0,39,0,39,0,11,72,0,83,6,0,6,89
03/08/2017,LZU,GA,ASO,ES,Federal Contract Tower,0,11,29,0,40,0,4,105,0,109,0,15,134,0,149,66,0,66,215
03/09/2017,LZU,GA,ASO,ES,Federal Contract Tower,0,11,67,0,78,0,2,144,0,146,0,13,211,0,224,144,0,144,368
03/10/2017,LZU,GA,ASO,ES,Federal Contract Tower,0,12,30,0,42,0,3,39,0,42,0,15,69,0,84,38,0,38,122
03/11/2017,LZU,GA,ASO,ES,Federal Contract Tower,0,7,38,0,45,0,5,160,0,165,0,12,198,0,210,284,0,284,494
03/12/2017,LZU,GA,ASO,ES,Federal Contract Tower,0,4,36,0,40,0,0,16,0,16,0,4,52,0,56,28,0,28,84
03/13/2017,LZU,GA,ASO,ES,Federal Contract Tower,0,13,21,0,34,0,1,10,0,11,0,14,31,0,45,76,0,76,121
03/14/2017,LZU,GA,ASO,ES,Federal Contract Tower,0,15,29,0,44,0,3,11,0,14,0,18,40,0,58,4,0,4,62
03/15/2017,LZU,GA,ASO,ES,Federal Contract Tower,0,15,33,0,48,0,6,63,0,69,0,21,96,0,117,48,0,48,165
03/16/2017,LZU,GA,ASO,ES,Federal Contract Tower,0,18,47,0,65,0,9,144,0,153,0,27,191,0,218,214,0,214,432
03/17/2017,LZU,GA,ASO,ES,Federal Contract Tower,0,11,38,0,49,0,6,140,0,146,0,17,178,0,195,202,0,202,397
03/18/2017,LZU,GA,ASO,ES,Federal Contract Tower,0,5,31,0,36,0,0,24,0,24,0,5,55,0,60,52,0,52,112
03/19/2017,LZU,GA,ASO,ES,Federal Contract Tower,0,10,32,0,42,0,0,111,0,111,0,10,143,0,153,74,0,74,227
03/20/2017,LZU,GA,ASO,ES,Federal Contract Tower,0,13,24,0,37,0,2,111,0,113,0,15,135,0,150,168,0,168,318
03/21/2017,LZU,GA,ASO,ES,Federal Contract Tower,0,15,33,0,48,0,3,71,0,74,0,18,104,0,122,82,0,82,204
03/22/2017,LZU,GA,ASO,ES,Federal Contract Tower,0,12,47,0,59,0,3,74,0,77,0,15,121,0,136,112,0,112,248
03/23/2017,LZU,GA,ASO,ES,Federal Contract Tower,0,13,36,1,50,0,3,121,0,124,0,16,157,1,174,126,0,126,300
03/24/2017,LZU,GA,ASO,ES,Federal Contract Tower,0,16,29,0,45,0,1,98,0,99,0,17,127,0,144,124,0,124,268
03/25/2017,LZU,GA,ASO,ES,Federal Contract Tower,0,7,32,0,39,0,2,92,0,94,0,9,124,0,133,136,0,136,269
03/26/2017,LZU,GA,ASO,ES,Federal Contract Tower,0,10,28,0,38,0,0,45,0,45,0,10,73,0,83,24,0,24,107
03/27/2017,LZU,GA,ASO,ES,Federal Contract Tower,0,10,53,0,63,0,1,49,0,50,0,11,102,0,113,122,0,122,235
03/28/2017,LZU,GA,ASO,ES,Federal Contract Tower,0,8,49,0,57,0,0,56,0,56,0,8,105,0,113,140,0,140,253
03/29/2017,LZU,GA,ASO,ES,Federal Contract Tower,0,13,39,0,52,0,2,141,0,143,0,15,180,0,195,234,0,234,429
03/30/2017,LZU,GA,ASO,ES,Federal Contract Tower,0,10,23,0,33,0,5,93,0,98,0,15,116,0,131,170,0,170,301
03/31/2017,LZU,GA,ASO,ES,Federal Contract Tower,0,11,28,0,39,0,3,61,0,64,0,14,89,0,103,48,0,48,151
04/01/2017,LZU,GA,ASO,ES,Federal Contract Tower,0,4,29,0,33,0,2,241,0,243,0,6,270,0,276,144,0,144,420
04/02/2017,LZU,GA,ASO,ES,Federal Contract Tower,0,3,30,0,33,0,0,118,0,118,0,3,148,0,151,70,0,70,221
04/03/2017,LZU,GA,ASO,ES,Federal Contract Tower,0,16,18,0,34,0,0,0,0,0,0,16,18,0,34,0,0,0,34
04/04/2017,LZU,GA,ASO,ES,Federal Contract Tower,0,14,34,0,48,0,7,101,0,108,0,21,135,0,156,164,0,164,320
04/05/2017,LZU,GA,ASO,ES,Federal Contract Tower,0,10,14,0,24,0,0,0,0,0,0,10,14,0,24,0,0,0,24
04/06/2017,LZU,GA,ASO,ES,Federal Contract Tower,0,17,38,0,55,0,2,7,0,9,0,19,45,0,64,0,0,0,64
04/07/2017,LZU,GA,ASO,ES,Federal Contract Tower,0,16,29,0,45,0,13,41,0,54,0,29,70,0,99,52,0,52,151
04/08/2017,LZU,GA,ASO,ES,Federal Contract Tower,0,1,38,0,39,0,2,174,0,176,0,3,212,0,215,400,0,400,615
04/09/2017,LZU,GA,ASO,ES,Federal Contract Tower,0,8,38,0,46,0,3,139,0,142,0,11,177,0,188,258,0,258,446
04/10/2017,LZU,GA,ASO,ES,Federal Contract Tower,0,12,22,0,34,0,0,104,0,104,0,12,126,0,138,248,0,248,386
04/11/2017,LZU,GA,ASO,ES,Federal Contract Tower,0,12,28,0,40,0,4,87,0,91,0,16,115,0,131,174,0,174,305
04/12/2017,LZU,GA,ASO,ES,Federal Contract Tower,0,12,23,0,35,0,3,80,0,83,0,15,103,0,118,182,0,182,300
04/13/2017,LZU,GA,ASO,ES,Federal Contract Tower,0,13,43,0,56,0,4,102,0,106,0,17,145,0,162,216,0,216,378
04/14/2017,LZU,GA,ASO,ES,Federal Contract Tower,0,12,41,0,53,0,4,145,0,149,0,16,186,0,202,344,0,344,546
04/15/2017,LZU,GA,ASO,ES,Federal Contract Tower,0,5,20,0,25,0,2,197,0,199,0,7,217,0,224,184,0,184,408
04/16/2017,LZU,GA,ASO,ES,Federal Contract Tower,0,7,21,0,28,0,0,81,0,81,0,7,102,0,109,110,0,110,219
04/17/2017,LZU,GA,ASO,ES,Federal Contract Tower,0,11,30,0,41,0,0,82,0,82,0,11,112,0,123,78,0,78,201
04/18/2017,LZU,GA,ASO,ES,Federal Contract Tower,0,12,39,0,51,0,2,65,0,67,0,14,104,0,118,88,0,88,206
04/19/2017,LZU,GA,ASO,ES,Federal Contract Tower,0,19,39,0,58,0,2,27,0,29,0,21,66,0,87,138,0,138,225
04/20/2017,LZU,GA,ASO,ES,Federal Contract Tower,0,15,28,0,43,0,3,118,0,121,0,18,146,0,164,244,0,244,408
04/21/2017,LZU,GA,ASO,ES,Federal Contract Tower,0,9,29,0,38,0,0,119,0,119,0,9,148,0,157,166,0,166,323
04/22/2017,LZU,GA,ASO,ES,Federal Contract Tower,0,1,22,0,23,0,0,143,0,143,0,1,165,0,166,146,0,146,312
04/23/2017,LZU,GA,ASO,ES,Federal Contract Tower,0,1,15,0,16,0,0,0,0,0,0,1,15,0,16,0,0,0,16
04/24/2017,LZU,GA,ASO,ES,Federal Contract Tower,0,13,43,0,56,0,0,11,0,11,0,13,54,0,67,40,0,40,107
04/25/2017,LZU,GA,ASO,ES,Federal Contract Tower,0,14,44,0,58,0,0,94,1,95,0,14,138,1,153,130,0,130,283
04/26/2017,LZU,GA,ASO,ES,Federal Contract Tower,0,15,36,0,51,0,1,145,0,146,0,16,181,0,197,220,0,220,417
04/27/2017,LZU,GA,ASO,ES,Federal Contract Tower,0,12,33,0,45,0,0,4,0,4,0,12,37,0,49,0,0,0,49
04/28/2017,LZU,GA,ASO,ES,Federal Contract Tower,0,18,49,0,67,0,0,41,0,41,0,18,90,0,108,50,0,50,158
04/29/2017,LZU,GA,ASO,ES,Federal Contract Tower,0,5,21,0,26,0,3,175,0,178,0,8,196,0,204,128,0,128,332
04/30/2017,LZU,GA,ASO,ES,Federal Contract Tower,0,1,41,0,42,0,0,38,0,38,0,1,79,0,80,52,0,52,132
05/01/2017,LZU,GA,ASO,ES,Federal Contract Tower,0,11,17,0,28,0,21,0,0,21,0,32,17,0,49,84,0,84,133
05/02/2017,LZU,GA,ASO,ES,Federal Contract Tower,0,17,31,0,48,0,1,163,0,164,0,18,194,0,212,214,0,214,426
05/03/2017,LZU,GA,ASO,ES,Federal Contract Tower,0,12,30,0,42,0,0,158,0,158,0,12,188,0,200,252,0,252,452
05/04/2017,LZU,GA,ASO,ES,Federal Contract Tower,0,15,19,0,34,0,0,5,0,5,0,15,24,0,39,26,0,26,65
05/05/2017,LZU,GA,ASO,ES,Federal Contract Tower,0,17,26,0,43,0,1,0,0,1,0,18,26,0,44,0,0,0,44
05/06/2017,LZU,GA,ASO,ES,Federal Contract Tower,0,6,15,0,21,0,0,66,0,66,0,6,81,0,87,42,0,42,129
05/07/2017,LZU,GA,ASO,ES,Federal Contract Tower,0,3,20,0,23,0,7,136,0,143,0,10,156,0,166,134,0,134,300
05/08/2017,LZU,GA,ASO,ES,Federal Contract Tower,0,7,20,0,27,0,0,129,0,129,0,7,149,0,156,218,0,218,374
05/09/2017,LZU,GA,ASO,ES,Federal Contract Tower,0,18,30,0,48,0,1,105,0,106,0,19,135,0,154,182,0,182,336
05/10/2017,LZU,GA,ASO,ES,Federal Contract Tower,0,11,28,0,39,0,3,138,0,141,0,14,166,0,180,142,0,142,322
05/11/2017,LZU,GA,ASO,ES,Federal Contract Tower,0,20,38,0,58,0,2,140,0,142,0,22,178,0,200,232,0,232,432
05/12/2017,LZU,GA,ASO,ES,Federal Contract Tower,0,14,30,0,44,0,1,72,0,73,0,15,102,0,117,182,0,182,299
05/13/2017,LZU,GA,ASO,ES,Federal Contract Tower,0,6,17,0,23,0,0,13,0,13,0,6,30,0,36,28,0,28,64
05/14/2017,LZU,GA,ASO,ES,Federal Contract Tower,0,4,25,0,29,0,0,167,0,167,0,4,192,0,196,206,0,206,402
05/15/2017,LZU,GA,ASO,ES,Federal Contract Tower,0,12,24,0,36,0,3,126,0,129,0,15,150,0,165,278,0,278,443
05/16/2017,LZU,GA,ASO,ES,Federal Contract Tower,0,14,36,0,50,0,2,138,0,140,0,16,174,0,190,210,0,210,400
05/17/2017,LZU,GA,ASO,ES,Federal Contract Tower,0,15,44,0,59,0,3,135,0,138,0,18,179,0,197,180,0,180,377
05/18/2017,LZU,GA,ASO,ES,Federal Contract Tower,0,16,56,0,72,0,1,106,0,107,0,17,162,0,179,164,0,164,343
05/19/2017,LZU,GA,ASO,ES,Federal Contract Tower,0,16,39,0,55,0,5,164,0,169,0,21,203,0,224,218,0,218,442
05/20/2017,LZU,GA,ASO,ES,Federal Contract Tower,0,5,55,0,60,0,0,162,0,162,0,5,217,0,222,196,0,196,418
05/21/2017,LZU,GA,ASO,ES,Federal Contract Tower,0,6,33,0,39,0,11,0,0,11,0,17,33,0,50,36,0,36,86
05/22/2017,LZU,GA,ASO,ES,Federal Contract Tower,0,20,20,0,40,0,1,55,0,56,0,21,75,0,96,62,0,62,158
05/23/2017,LZU,GA,ASO,ES,Federal Contract Tower,0,15,36,0,51,0,0,7,0,7,0,15,43,0,58,0,0,0,58
05/24/2017,LZU,GA,ASO,ES,Federal Contract Tower,0,14,21,0,35,0,0,19,0,19,0,14,40,0,54,4,0,4,58
05/25/2017,LZU,GA,ASO,ES,Federal Contract Tower,0,20,30,0,50,0,2,75,0,77,0,22,105,0,127,46,0,46,173
05/26/2017,LZU,GA,ASO,ES,Federal Contract Tower,0,12,48,0,60,0,8,176,0,184,0,20,224,0,244,258,0,258,502
05/27/2017,LZU,GA,ASO,ES,Federal Contract Tower,0,7,34,0,41,0,0,184,0,184,0,7,218,0,225,188,0,188,413
05/28/2017,LZU,GA,ASO,ES,Federal Contract Tower,0,0,22,0,22,0,4,49,0,53,0,4,71,0,75,60,0,60,135
05/29/2017,LZU,GA,ASO,ES,Federal Contract Tower,0,11,32,0,43,0,1,113,2,116,0,12,145,2,159,136,2,138,297
05/30/2017,LZU,GA,ASO,ES,Federal Contract Tower,0,14,26,0,40,0,0,43,0,43,0,14,69,0,83,112,0,112,195
05/31/2017,LZU,GA,ASO,ES,Federal Contract Tower,0,16,34,0,50,0,0,62,0,62,0,16,96,0,112,138,0,138,250
06/01/2017,LZU,GA,ASO,ES,Federal Contract Tower,0,21,35,0,56,0,4,150,0,154,0,25,185,0,210,186,0,186,396
06/02/2017,LZU,GA,ASO,ES,Federal Contract Tower,0,17,35,0,52,0,1,112,0,113,0,18,147,0,165,254,0,254,419
06/03/2017,LZU,GA,ASO,ES,Federal Contract Tower,0,5,15,0,20,0,0,233,0,233,0,5,248,0,253,260,0,260,513
06/04/2017,LZU,GA,ASO,ES,Federal Contract Tower,0,4,21,0,25,0,0,7,0,7,0,4,28,0,32,0,0,0,32
06/05/2017,LZU,GA,ASO,ES,Federal Contract Tower,0,13,25,0,38,0,0,11,0,11,0,13,36,0,49,44,0,44,93
06/06/2017,LZU,GA,ASO,ES,Federal Contract Tower,0,14,17,0,31,0,0,48,0,48,0,14,65,0,79,144,0,144,223
06/07/2017,LZU,GA,ASO,ES,Federal Contract Tower,0,11,38,0,49,0,0,108,2,110,0,11,146,2,159,196,0,196,355
06/08/2017,LZU,GA,ASO,ES,Federal Contract Tower,0,13,38,0,51,0,2,129,0,131,0,15,167,0,182,164,0,164,346
06/09/2017,LZU,GA,ASO,ES,Federal Contract Tower,0,17,36,0,53,0,1,167,2,170,0,18,203,2,223,262,0,262,485
06/10/2017,LZU,GA,ASO,ES,Federal Contract Tower,0,13,21,0,34,0,0,149,0,149,0,13,170,0,183,170,0,170,353
06/11/2017,LZU,GA,ASO,ES,Federal Contract Tower,0,4,24,0,28,0,0,140,0,140,0,4,164,0,168,168,0,168,336
06/12/2017,LZU,GA,ASO,ES,Federal Contract Tower,0,18,32,0,50,0,0,36,0,36,0,18,68,0,86,102,0,102,188
06/13/2017,LZU,GA,ASO,ES,Federal Contract Tower,0,14,35,0,49,0,1,127,0,128,0,15,162,0,177,238,0,238,415
06/14/2017,LZU,GA,ASO,ES,Federal Contract Tower,0,13,31,0,44,0,0,130,0,130,0,13,161,0,174,178,0,178,352
06/15/2017,LZU,GA,ASO,ES,Federal Contract Tower,0,11,38,0,49,0,1,97,0,98,0,12,135,0,147,88,0,88,235
06/16/2017,LZU,GA,ASO,ES,Federal Contract Tower,0,13,40,0,53,0,0,99,0,99,0,13,139,0,152,182,0,182,334
06/17/2017,LZU,GA,ASO,ES,Federal Contract Tower,0,2,30,0,32,0,0,250,0,250,0,2,280,0,282,162,0,162,444
06/18/2017,LZU,GA,ASO,ES,Federal Contract Tower,0,5,26,0,31,0,0,57,0,57,0,5,83,0,88,136,0,136,224
06/19/2017,LZU,GA,ASO,ES,Federal Contract Tower,0,12,26,0,38,0,1,68,0,69,0,13,94,0,107,178,0,178,285
06/20/2017,LZU,GA,ASO,ES,Federal Contract Tower,0,14,48,0,62,0,0,2,0,2,0,14,50,0,64,0,0,0,64
06/21/2017,LZU,GA,ASO,ES,Federal Contract Tower,0,19,18,0,37,0,0,9,0,9,0,19,27,0,46,42,0,42,88
06/22/2017,LZU,GA,ASO,ES,Federal Contract Tower,0,14,27,0,41,0,0,1,0,1,0,14,28,0,42,18,0,18,60
06/23/2017,LZU,GA,ASO,ES,Federal Contract Tower,0,13,32,0,45,0,4,116,0,120,0,17,148,0,165,152,0,152,317
06/24/2017,LZU,GA,ASO,ES,Federal Contract Tower,0,1,19,0,20,0,0,14,0,14,0,1,33,0,34,2,0,2,36
06/25/2017,LZU,GA,ASO,ES,Federal Contract Tower,0,3,31,0,34,0,0,172,0,172,0,3,203,0,206,280,0,280,486
06/26/2017,LZU,GA,ASO,ES,Federal Contract Tower,0,14,26,0,40,0,6,131,0,137,0,20,157,0,177,212,0,212,389
06/27/2017,LZU,GA,ASO,ES,Federal Contract Tower,0,20,26,0,46,0,1,164,0,165,0,21,190,0,211,292,0,292,503
06/28/2017,LZU,GA,ASO,ES,Federal Contract Tower,0,11,35,0,46,0,4,154,0,158,0,15,189,0,204,364,0,364,568
06/29/2017,LZU,GA,ASO,ES,Federal Contract Tower,0,21,37,2,60,0,0,4,0,4,0,21,41,2,64,22,0,22,86
06/30/2017,LZU,GA,ASO,ES,Federal Contract Tower,0,11,20,0,31,0,4,4,0,8,0,15,24,0,39,0,0,0,39
07/02/2017,LZU,GA,ASO,ES,Federal Contract Tower,0,3,22,0,25,0,2,119,0,121,0,5,141,0,146,156,0,156,302
07/03/2017,LZU,GA,ASO,ES,Federal Contract Tower,0,9,31,0,40,0,0,67,0,67,0,9,98,0,107,134,0,134,241
07/04/2017,LZU,GA,ASO,ES,Federal Contract Tower,0,3,11,0,14,0,0,70,0,70,0,3,81,0,84,100,0,100,184
07/05/2017,LZU,GA,ASO,ES,Federal Contract Tower,0,9,32,0,41,0,1,89,0,90,0,10,121,0,131,138,0,138,269
07/06/2017,LZU,GA,ASO,ES,Federal Contract Tower,0,15,33,0,48,0,2,87,0,89,0,17,120,0,137,174,0,174,311
07/07/2017,LZU,GA,ASO,ES,Federal Contract Tower,0,17,26,0,43,0,0,110,4,114,0,17,136,4,157,160,0,160,317
07/08/2017,LZU,GA,ASO,ES,Federal Contract Tower,0,2,24,0,26,0,2,193,0,195,0,4,217,0,221,284,0,284,505
07/09/2017,LZU,GA,ASO,ES,Federal Contract Tower,0,1,21,0,22,0,0,146,0,146,0,1,167,0,168,298,0,298,466
07/10/2017,LZU,GA,ASO,ES,Federal Contract Tower,0,11,23,0,34,0,0,81,0,81,0,11,104,0,115,14,0,14,129
07/11/2017,LZU,GA,ASO,ES,Federal Contract Tower,0,11,45,0,56,0,1,82,0,83,0,12,127,0,139,140,0,140,279
07/12/2017,LZU,GA,ASO,ES,Federal Contract Tower,0,13,33,0,46,0,1,131,0,132,0,14,164,0,178,212,0,212,390
07/13/2017,LZU,GA,ASO,ES,Federal Contract Tower,0,16,47,0,63,0,3,149,1,153,0,19,196,1,216,308,0,308,524
07/14/2017,LZU,GA,ASO,ES,Federal Contract Tower,0,8,27,0,35,0,1,112,0,113,0,9,139,0,148,170,0,170,318
07/15/2017,LZU,GA,ASO,ES,Federal Contract Tower,0,3,27,0,30,0,0,179,2,181,0,3,206,2,211,158,0,158,369
07/16/2017,LZU,GA,ASO,ES,Federal Contract Tower,0,3,25,0,28,0,1,68,0,69,0,4,93,0,97,134,0,134,231
07/17/2017,LZU,GA,ASO,ES,Federal Contract Tower,0,9,29,0,38,0,1,59,0,60,0,10,88,0,98,194,0,194,292
07/18/2017,LZU,GA,ASO,ES,Federal Contract Tower,0,11,34,0,45,0,1,102,0,103,0,12,136,0,148,224,0,224,372
07/19/2017,LZU,GA,ASO,ES,Federal Contract Tower,0,7,35,0,42,0,8,128,1,137,0,15,163,1,179,218,0,218,397
07/20/2017,LZU,GA,ASO,ES,Federal Contract Tower,0,16,37,0,53,0,2,180,0,182,0,18,217,0,235,218,0,218,453
07/21/2017,LZU,GA,ASO,ES,Federal Contract Tower,0,14,31,0,45,0,3,157,0,160,0,17,188,0,205,252,0,252,457
07/22/2017,LZU,GA,ASO,ES,Federal Contract Tower,0,3,21,0,24,0,0,124,0,124,0,3,145,0,148,158,0,158,306
07/23/2017,LZU,GA,ASO,ES,Federal Contract Tower,0,1,23,0,24,0,0,94,0,94,0,1,117,0,118,102,0,102,220
07/24/2017,LZU,GA,ASO,ES,Federal Contract Tower,0,11,32,0,43,0,0,65,0,65,0,11,97,0,108,80,0,80,188
07/25/2017,LZU,GA,ASO,ES,Federal Contract Tower,0,13,22,0,35,0,2,94,0,96,0,15,116,0,131,174,0,174,305
07/26/2017,LZU,GA,ASO,ES,Federal Contract Tower,0,13,28,0,41,0,0,91,0,91,0,13,119,0,132,168,0,168,300
07/27/2017,LZU,GA,ASO,ES,Federal Contract Tower,0,8,42,0,50,0,8,91,0,99,0,16,133,0,149,162,0,162,311
07/28/2017,LZU,GA,ASO,ES,Federal Contract Tower,0,18,23,0,41,0,2,87,0,89,0,20,110,0,130,124,0,124,254
07/29/2017,LZU,GA,ASO,ES,Federal Contract Tower,0,4,16,0,20,0,2,160,0,162,0,6,176,0,182,128,0,128,310
07/30/2017,LZU,GA,ASO,ES,Federal Contract Tower,0,4,23,0,27,0,3,117,0,120,0,7,140,0,147,90,0,90,237
07/31/2017,LZU,GA,ASO,ES,Federal Contract Tower,0,19,18,0,37,0,1,124,0,125,0,20,142,0,162,254,0,254,416
08/01/2017,LZU,GA,ASO,ES,Federal Contract Tower,0,14,36,0,50,0,6,128,0,134,0,20,164,0,184,344,0,344,528
08/02/2017,LZU,GA,ASO,ES,Federal Contract Tower,0,13,27,0,40,0,2,114,0,116,0,15,141,0,156,222,0,222,378
08/03/2017,LZU,GA,ASO,ES,Federal Contract Tower,0,16,41,0,57,0,9,121,0,130,0,25,162,0,187,226,0,226,413
08/04/2017,LZU,GA,ASO,ES,Federal Contract Tower,0,12,32,0,44,0,8,106,0,114,0,20,138,0,158,132,0,132,290
08/05/2017,LZU,GA,ASO,ES,Federal Contract Tower,0,5,20,0,25,0,0,176,0,176,0,5,196,0,201,196,0,196,397
08/06/2017,LZU,GA,ASO,ES,Federal Contract Tower,0,6,28,0,34,0,1,56,0,57,0,7,84,0,91,166,0,166,257
08/07/2017,LZU,GA,ASO,ES,Federal Contract Tower,0,9,37,0,46,0,1,14,0,15,0,10,51,0,61,16,0,16,77
08/08/2017,LZU,GA,ASO,ES,Federal Contract Tower,0,15,31,0,46,0,0,39,0,39,0,15,70,0,85,180,0,180,265
08/09/2017,LZU,GA,ASO,ES,Federal Contract Tower,0,10,28,0,38,0,0,13,0,13,0,10,41,0,51,34,0,34,85
08/10/2017,LZU,GA,ASO,ES,Federal Contract Tower,0,18,34,0,52,0,0,18,0,18,0,18,52,0,70,90,0,90,160
08/11/2017,LZU,GA,ASO,ES,Federal Contract Tower,0,13,37,0,50,0,3,40,0,43,0,16,77,0,93,94,0,94,187
08/12/2017,LZU,GA,ASO,ES,Federal Contract Tower,0,2,33,0,35,0,2,111,0,113,0,4,144,0,148,184,0,184,332
08/13/2017,LZU,GA,ASO,ES,Federal Contract Tower,0,1,27,0,28,0,1,137,0,138,0,2,164,0,166,224,0,224,390
08/14/2017,LZU,GA,ASO,ES,Federal Contract Tower,0,5,28,0,33,0,0,65,0,65,0,5,93,0,98,128,0,128,226
08/15/2017,LZU,GA,ASO,ES,Federal Contract Tower,0,11,41,0,52,0,0,91,0,91,0,11,132,0,143,256,0,256,399
08/16/2017,LZU,GA,ASO,ES,Federal Contract Tower,0,10,33,0,43,0,1,97,0,98,0,11,130,0,141,200,0,200,341
08/17/2017,LZU,GA,ASO,ES,Federal Contract Tower,0,16,43,0,59,0,0,113,0,113,0,16,156,0,172,224,0,224,396
08/18/2017,LZU,GA,ASO,ES,Federal Contract Tower,0,10,30,0,40,0,5,125,0,130,0,15,155,0,170,188,0,188,358
08/19/2017,LZU,GA,ASO,ES,Federal Contract Tower,0,4,24,0,28,0,0,213,0,213,0,4,237,0,241,256,0,256,497
08/20/2017,LZU,GA,ASO,ES,Federal Contract Tower,0,6,34,0,40,0,0,131,0,131,0,6,165,0,171,144,0,144,315
08/21/2017,LZU,GA,ASO,ES,Federal Contract Tower,0,14,30,0,44,0,0,144,0,144,0,14,174,0,188,54,0,54,242
08/22/2017,LZU,GA,ASO,ES,Federal Contract Tower,0,8,27,0,35,0,4,79,0,83,0,12,106,0,118,97,0,97,215
08/23/2017,LZU,GA,ASO,ES,Federal Contract Tower,0,18,36,0,54,0,1,88,1,90,0,19,124,1,144,136,0,136,280
08/24/2017,LZU,GA,ASO,ES,Federal Contract Tower,0,15,21,0,36,0,0,144,0,144,0,15,165,0,180,118,0,118,298
08/25/2017,LZU,GA,ASO,ES,Federal Contract Tower,0,15,37,0,52,0,2,126,0,128,0,17,163,0,180,214,0,214,394
08/26/2017,LZU,GA,ASO,ES,Federal Contract Tower,0,5,24,0,29,0,0,171,0,171,0,5,195,0,200,308,0,308,508
08/27/2017,LZU,GA,ASO,ES,Federal Contract Tower,0,2,22,0,24,0,0,85,0,85,0,2,107,0,109,140,0,140,249
08/28/2017,LZU,GA,ASO,ES,Federal Contract Tower,0,11,16,2,29,0,1,55,0,56,0,12,71,2,85,112,0,112,197
08/29/2017,LZU,GA,ASO,ES,Federal Contract Tower,0,18,27,1,46,0,0,0,0,0,0,18,27,1,46,208,0,208,254
08/30/2017,LZU,GA,ASO,ES,Federal Contract Tower,0,14,35,0,49,0,0,8,0,8,0,14,43,0,57,10,0,10,67
08/31/2017,LZU,GA,ASO,ES,Federal Contract Tower,0,10,39,0,49,0,0,7,0,7,0,10,46,0,56,14,0,14,70
09/01/2017,LZU,GA,ASO,ES,Federal Contract Tower,0,17,31,0,48,0,8,29,0,37,0,25,60,0,85,18,0,18,103
09/02/2017,LZU,GA,ASO,ES,Federal Contract Tower,0,3,29,0,32,0,1,161,0,162,0,4,190,0,194,72,0,72,266
09/03/2017,LZU,GA,ASO,ES,Federal Contract Tower,0,1,17,0,18,0,2,101,0,103,0,3,118,0,121,88,0,88,209
09/04/2017,LZU,GA,ASO,ES,Federal Contract Tower,0,6,37,0,43,0,2,103,0,105,0,8,140,0,148,136,0,136,284
09/05/2017,LZU,GA,ASO,ES,Federal Contract Tower,0,14,24,0,38,0,1,97,0,98,0,15,121,0,136,228,0,228,364
09/06/2017,LZU,GA,ASO,ES,Federal Contract Tower,0,24,52,0,76,0,1,51,0,52,0,25,103,0,128,40,0,40,168
09/07/2017,LZU,GA,ASO,ES,Federal Contract Tower,0,28,63,0,91,0,4,167,0,171,0,32,230,0,262,121,0,121,383
09/08/2017,LZU,GA,ASO,ES,Federal Contract Tower,0,30,55,0,85,0,1,206,0,207,0,31,261,0,292,118,0,118,410
09/09/2017,LZU,GA,ASO,ES,Federal Contract Tower,0,9,19,0,28,0,0,93,0,93,0,9,112,0,121,82,0,82,203
09/10/2017,LZU,GA,ASO,ES,Federal Contract Tower,0,2,21,0,23,0,0,26,1,27,0,2,47,1,50,0,0,0,50
09/11/2017,LZU,GA,ASO,ES,Federal Contract Tower,0,1,0,0,1,0,0,0,0,0,0,1,0,0,1,0,0,0,1
09/12/2017,LZU,GA,ASO,ES,Federal Contract Tower,0,15,30,0,45,0,0,0,0,0,0,15,30,0,45,0,0,0,45
09/13/2017,LZU,GA,ASO,ES,Federal Contract Tower,0,17,53,0,70,0,1,67,0,68,0,18,120,0,138,32,0,32,170
09/14/2017,LZU,GA,ASO,ES,Federal Contract Tower,0,13,46,0,59,0,8,99,0,107,0,21,145,0,166,92,0,92,258
09/15/2017,LZU,GA,ASO,ES,Federal Contract Tower,0,17,49,0,66,0,0,121,1,122,0,17,170,1,188,110,0,110,298
09/16/2017,LZU,GA,ASO,ES,Federal Contract Tower,0,16,27,0,43,0,2,264,0,266,0,18,291,0,309,216,0,216,525
09/17/2017,LZU,GA,ASO,ES,Federal Contract Tower,0,4,21,0,25,0,1,134,0,135,0,5,155,0,160,132,0,132,292
09/18/2017,LZU,GA,ASO,ES,Federal Contract Tower,0,7,47,0,54,0,4,123,0,127,0,11,170,0,181,178,0,178,359
09/19/2017,LZU,GA,ASO,ES,Federal Contract Tower,0,11,30,0,41,0,1,119,0,120,0,12,149,0,161,228,0,228,389
09/20/2017,LZU,GA,ASO,ES,Federal Contract Tower,0,11,28,0,39,0,4,87,0,91,0,15,115,0,130,128,0,128,258
09/21/2017,LZU,GA,ASO,ES,Federal Contract Tower,0,15,30,0,45,0,3,83,0,86,0,18,113,0,131,142,0,142,273
09/22/2017,LZU,GA,ASO,ES,Federal Contract Tower,0,15,37,0,52,0,1,117,0,118,0,16,154,0,170,168,0,168,338
09/23/2017,LZU,GA,ASO,ES,Federal Contract Tower,0,7,21,0,28,0,2,140,0,142,0,9,161,0,170,160,0,160,330
09/24/2017,LZU,GA,ASO,ES,Federal Contract Tower,0,5,23,0,28,0,0,145,0,145,0,5,168,0,173,134,0,134,307
09/25/2017,LZU,GA,ASO,ES,Federal Contract Tower,0,16,37,0,53,0,6,114,1,121,0,22,151,1,174,108,0,108,282
09/26/2017,LZU,GA,ASO,ES,Federal Contract Tower,0,19,33,0,52,0,2,98,0,100,0,21,131,0,152,124,0,124,276
09/27/2017,LZU,GA,ASO,ES,Federal Contract Tower,0,15,48,0,63,0,5,94,2,101,0,20,142,2,164,206,0,206,370
09/28/2017,LZU,GA,ASO,ES,Federal Contract Tower,0,20,26,0,46,0,5,105,0,110,0,25,131,0,156,180,0,180,336
09/29/2017,LZU,GA,ASO,ES,Federal Contract Tower,0,20,38,0,58,0,0,112,0,112,0,20,150,0,170,82,0,82,252
09/30/2017,LZU,GA,ASO,ES,Federal Contract Tower,0,6,23,0,29,0,4,89,0,93,0,10,112,0,122,94,0,94,216
10/01/2017,LZU,GA,ASO,ES,Federal Contract Tower,0,5,33,0,38,0,1,72,0,73,0,6,105,0,111,70,0,70,181
10/02/2017,LZU,GA,ASO,ES,Federal Contract Tower,0,12,34,0,46,0,3,84,0,87,0,15,118,0,133,140,0,140,273
10/03/2017,LZU,GA,ASO,ES,Federal Contract Tower,0,17,28,0,45,0,4,106,0,110,0,21,134,0,155,130,0,130,285
10/04/2017,LZU,GA,ASO,ES,Federal Contract Tower,0,15,36,0,51,0,2,127,0,129,0,17,163,0,180,106,0,106,286
10/05/2017,LZU,GA,ASO,ES,Federal Contract Tower,0,16,46,0,62,0,3,156,0,159,0,19,202,0,221,166,0,166,387
10/06/2017,LZU,GA,ASO,ES,Federal Contract Tower,0,15,39,0,54,0,0,136,0,136,0,15,175,0,190,106,0,106,296
10/07/2017,LZU,GA,ASO,ES,Federal Contract Tower,0,9,41,0,50,0,2,25,0,27,0,11,66,0,77,18,0,18,95
10/08/2017,LZU,GA,ASO,ES,Federal Contract Tower,0,4,12,0,16,0,0,0,0,0,0,4,12,0,16,0,0,0,16
10/09/2017,LZU,GA,ASO,ES,Federal Contract Tower,0,16,26,0,42,0,0,0,0,0,0,16,26,0,42,0,0,0,42
10/10/2017,LZU,GA,ASO,ES,Federal Contract Tower,0,23,36,0,59,0,0,36,0,36,0,23,72,0,95,58,0,58,153
10/11/2017,LZU,GA,ASO,ES,Federal Contract Tower,0,14,38,0,52,0,2,83,0,85,0,16,121,0,137,158,0,158,295
10/12/2017,LZU,GA,ASO,ES,Federal Contract Tower,0,11,37,0,48,0,2,152,0,154,0,13,189,0,202,210,4,214,416
10/13/2017,LZU,GA,ASO,ES,Federal Contract Tower,0,14,58,0,72,0,0,23,0,23,0,14,81,0,95,42,0,42,137
10/14/2017,LZU,GA,ASO,ES,Federal Contract Tower,0,6,34,0,40,0,0,77,0,77,0,6,111,0,117,118,0,118,235
10/15/2017,LZU,GA,ASO,ES,Federal Contract Tower,0,7,35,0,42,0,1,58,0,59,0,8,93,0,101,84,0,84,185
10/16/2017,LZU,GA,ASO,ES,Federal Contract Tower,0,13,34,0,47,0,5,57,0,62,0,18,91,0,109,78,0,78,187
10/17/2017,LZU,GA,ASO,ES,Federal Contract Tower,0,9,36,0,45,0,3,142,0,145,0,12,178,0,190,166,0,166,356
10/18/2017,LZU,GA,ASO,ES,Federal Contract Tower,0,14,35,0,49,0,4,167,0,171,0,18,202,0,220,314,0,314,534
10/19/2017,LZU,GA,ASO,ES,Federal Contract Tower,0,13,36,0,49,0,5,100,2,107,0,18,136,2,156,182,0,182,338
10/20/2017,LZU,GA,ASO,ES,Federal Contract Tower,0,14,33,0,47,0,2,139,0,141,0,16,172,0,188,166,0,166,354
10/21/2017,LZU,GA,ASO,ES,Federal Contract Tower,0,3,19,0,22,0,4,203,0,207,0,7,222,0,229,138,0,138,367
10/22/2017,LZU,GA,ASO,ES,Federal Contract Tower,0,7,27,0,34,0,0,66,0,66,0,7,93,0,100,100,0,100,200
10/23/2017,LZU,GA,ASO,ES,Federal Contract Tower,0,16,25,0,41,0,0,24,0,24,0,16,49,0,65,8,0,8,73
10/24/2017,LZU,GA,ASO,ES,Federal Contract Tower,0,15,29,0,44,0,4,89,0,93,0,19,118,0,137,100,0,100,237
10/25/2017,LZU,GA,ASO,ES,Federal Contract Tower,0,16,35,0,51,0,4,106,0,110,0,20,141,0,161,172,0,172,333
10/26/2017,LZU,GA,ASO,ES,Federal Contract Tower,0,16,50,0,66,0,11,133,0,144,0,27,183,0,210,98,0,98,308
10/27/2017,LZU,GA,ASO,ES,Federal Contract Tower,0,20,41,0,61,0,5,125,0,130,0,25,166,0,191,154,0,154,345
10/28/2017,LZU,GA,ASO,ES,Federal Contract Tower,0,6,16,0,22,0,1,15,0,16,0,7,31,0,38,52,0,52,90
10/29/2017,LZU,GA,ASO,ES,Federal Contract Tower,0,4,12,0,16,0,0,11,0,11,0,4,23,0,27,2,0,2,29
10/30/2017,LZU,GA,ASO,ES,Federal Contract Tower,0,15,45,0,60,0,8,95,0,103,0,23,140,0,163,80,0,80,243
10/31/2017,LZU,GA,ASO,ES,Federal Contract Tower,0,17,33,0,50,0,9,110,0,119,0,26,143,0,169,64,0,64,233
11/01/2017,LZU,GA,ASO,ES,Federal Contract Tower,0,15,34,2,51,0,2,112,0,114,0,17,146,2,165,184,0,184,349
11/02/2017,LZU,GA,ASO,ES,Federal Contract Tower,0,23,44,0,67,0,3,110,28,141,0,26,154,28,208,120,0,120,328
11/03/2017,LZU,GA,ASO,ES,Federal Contract Tower,0,23,39,0,62,0,2,142,0,144,0,25,181,0,206,150,0,150,356
11/04/2017,LZU,GA,ASO,ES,Federal Contract Tower,0,4,39,0,43,0,0,117,0,117,0,4,156,0,160,242,0,242,402
11/05/2017,LZU,GA,ASO,ES,Federal Contract Tower,0,10,35,0,45,0,0,30,0,30,0,10,65,0,75,12,0,12,87
11/06/2017,LZU,GA,ASO,ES,Federal Contract Tower,0,18,26,0,44,0,1,64,0,65,0,19,90,0,109,116,0,116,225
11/07/2017,LZU,GA,ASO,ES,Federal Contract Tower,0,17,35,0,52,0,7,32,0,39,0,24,67,0,91,104,0,104,195
11/08/2017,LZU,GA,ASO,ES,Federal Contract Tower,0,19,38,0,57,0,0,12,0,12,0,19,50,0,69,22,0,22,91
11/09/2017,LZU,GA,ASO,ES,Federal Contract Tower,0,23,38,0,61,0,1,4,0,5,0,24,42,0,66,0,0,0,66
11/10/2017,LZU,GA,ASO,ES,Federal Contract Tower,0,15,45,0,60,0,3,171,0,174,0,18,216,0,234,296,0,296,530
11/11/2017,LZU,GA,ASO,ES,Federal Contract Tower,0,8,28,0,36,0,0,97,0,97,0,8,125,0,133,92,0,92,225
11/12/2017,LZU,GA,ASO,ES,Federal Contract Tower,0,11,24,0,35,0,0,2,0,2,0,11,26,0,37,0,0,0,37
11/13/2017,LZU,GA,ASO,ES,Federal Contract Tower,0,10,41,0,51,0,4,101,0,105,0,14,142,0,156,138,0,138,294
11/14/2017,LZU,GA,ASO,ES,Federal Contract Tower,0,17,46,0,63,0,3,113,0,116,0,20,159,0,179,112,0,112,291
11/15/2017,LZU,GA,ASO,ES,Federal Contract Tower,0,19,43,0,62,0,2,138,0,140,0,21,181,0,202,208,0,208,410
11/16/2017,LZU,GA,ASO,ES,Federal Contract Tower,0,16,54,0,70,0,4,117,0,121,0,20,171,0,191,164,0,164,355
11/17/2017,LZU,GA,ASO,ES,Federal Contract Tower,0,18,33,0,51,0,7,139,0,146,0,25,172,0,197,162,0,162,359
11/18/2017,LZU,GA,ASO,ES,Federal Contract Tower,0,8,58,0,66,0,0,68,0,68,0,8,126,0,134,106,0,106,240
11/19/2017,LZU,GA,ASO,ES,Federal Contract Tower,0,4,34,0,38,0,0,86,0,86,0,4,120,0,124,62,0,62,186
11/20/2017,LZU,GA,ASO,ES,Federal Contract Tower,0,21,29,0,50,0,5,115,0,120,0,26,144,0,170,218,0,218,388
11/21/2017,LZU,GA,ASO,ES,Federal Contract Tower,0,19,25,0,44,0,2,83,0,85,0,21,108,0,129,174,2,176,305
11/22/2017,LZU,GA,ASO,ES,Federal Contract Tower,0,16,33,0,49,0,0,119,0,119,0,16,152,0,168,168,0,168,336
11/23/2017,LZU,GA,ASO,ES,Federal Contract Tower,0,10,5,0,15,0,1,30,0,31,0,11,35,0,46,6,0,6,52
11/24/2017,LZU,GA,ASO,ES,Federal Contract Tower,0,8,23,0,31,0,5,94,0,99,0,13,117,0,130,174,0,174,304
11/25/2017,LZU,GA,ASO,ES,Federal Contract Tower,0,8,19,0,27,0,2,94,0,96,0,10,113,0,123,150,0,150,273
11/26/2017,LZU,GA,ASO,ES,Federal Contract Tower,0,6,27,0,33,0,1,118,0,119,0,7,145,0,152,84,0,84,236
11/27/2017,LZU,GA,ASO,ES,Federal Contract Tower,0,13,27,0,40,0,7,82,0,89,0,20,109,0,129,76,0,76,205
11/28/2017,LZU,GA,ASO,ES,Federal Contract Tower,0,14,26,0,40,0,3,98,0,101,0,17,124,0,141,130,0,130,271
11/29/2017,LZU,GA,ASO,ES,Federal Contract Tower,0,17,42,0,59,0,1,49,0,50,0,18,91,0,109,8,0,8,117
11/30/2017,LZU,GA,ASO,ES,Federal Contract Tower,0,19,39,2,60,0,0,22,0,22,0,19,61,2,82,60,0,60,142
12/01/2017,LZU,GA,ASO,ES,Federal Contract Tower,0,17,40,0,57,0,2,43,0,45,0,19,83,0,102,84,0,84,186
12/02/2017,LZU,GA,ASO,ES,Federal Contract Tower,0,9,27,0,36,0,4,82,0,86,0,13,109,0,122,156,0,156,278
12/03/2017,LZU,GA,ASO,ES,Federal Contract Tower,0,3,35,0,38,0,0,117,0,117,0,3,152,0,155,190,0,190,345
12/04/2017,LZU,GA,ASO,ES,Federal Contract Tower,0,16,36,0,52,0,3,98,0,101,0,19,134,0,153,190,0,190,343
12/05/2017,LZU,GA,ASO,ES,Federal Contract Tower,0,0,15,34,49,0,0,8,0,8,0,0,23,34,57,28,0,28,85
12/06/2017,LZU,GA,ASO,ES,Federal Contract Tower,0,11,37,0,48,0,1,55,0,56,0,12,92,0,104,142,0,142,246
12/07/2017,LZU,GA,ASO,ES,Federal Contract Tower,0,20,33,0,53,0,6,72,0,78,0,26,105,0,131,230,0,230,361
12/08/2017,LZU,GA,ASO,ES,Federal Contract Tower,0,9,7,1,17,0,0,0,0,0,0,9,7,1,17,0,0,0,17
12/09/2017,LZU,GA,ASO,ES,Federal Contract Tower,0,1,31,0,32,0,1,44,0,45,0,2,75,0,77,54,0,54,131
12/10/2017,LZU,GA,ASO,ES,Federal Contract Tower,0,4,14,0,18,0,0,77,0,77,0,4,91,0,95,116,0,116,211
12/11/2017,LZU,GA,ASO,ES,Federal Contract Tower,0,17,23,0,40,0,2,97,0,99,0,19,120,0,139,118,0,118,257
12/12/2017,LZU,GA,ASO,ES,Federal Contract Tower,0,21,34,0,55,0,4,30,0,34,0,25,64,0,89,42,0,42,131
12/13/2017,LZU,GA,ASO,ES,Federal Contract Tower,0,13,27,0,40,0,8,111,0,119,0,21,138,0,159,252,0,252,411
12/14/2017,LZU,GA,ASO,ES,Federal Contract Tower,0,20,51,2,73,0,2,101,2,105,0,22,152,4,178,182,0,182,360
12/15/2017,LZU,GA,ASO,ES,Federal Contract Tower,0,18,29,0,47,0,8,76,3,87,0,26,105,3,134,174,0,174,308
12/16/2017,LZU,GA,ASO,ES,Federal Contract Tower,0,7,28,0,35,0,1,180,0,181,0,8,208,0,216,204,0,204,420
12/17/2017,LZU,GA,ASO,ES,Federal Contract Tower,0,4,19,0,23,0,0,50,0,50,0,4,69,0,73,162,0,162,235
12/18/2017,LZU,GA,ASO,ES,Federal Contract Tower,0,17,28,0,45,0,1,31,0,32,0,18,59,0,77,36,0,36,113
12/19/2017,LZU,GA,ASO,ES,Federal Contract Tower,0,26,23,0,49,0,10,64,2,76,0,36,87,2,125,136,0,136,261
12/20/2017,LZU,GA,ASO,ES,Federal Contract Tower,0,23,31,0,54,0,0,0,0,0,0,23,31,0,54,0,0,0,54
12/21/2017,LZU,GA,ASO,ES,Federal Contract Tower,0,18,41,0,59,0,0,0,0,0,0,18,41,0,59,0,0,0,59
12/22/2017,LZU,GA,ASO,ES,Federal Contract Tower,0,18,26,0,44,0,0,0,0,0,0,18,26,0,44,0,0,0,44
12/23/2017,LZU,GA,ASO,ES,Federal Contract Tower,0,7,18,0,25,0,1,5,0,6,0,8,23,0,31,0,0,0,31
12/24/2017,LZU,GA,ASO,ES,Federal Contract Tower,0,3,9,0,12,0,0,7,0,7,0,3,16,0,19,1,0,1,20
12/25/2017,LZU,GA,ASO,ES,Federal Contract Tower,0,3,2,0,5,0,0,8,0,8,0,3,10,0,13,0,0,0,13
12/26/2017,LZU,GA,ASO,ES,Federal Contract Tower,0,18,31,0,49,0,4,124,0,128,0,22,155,0,177,132,0,132,309
12/27/2017,LZU,GA,ASO,ES,Federal Contract Tower,0,15,24,0,39,0,0,60,0,60,0,15,84,0,99,132,0,132,231
12/28/2017,LZU,GA,ASO,ES,Federal Contract Tower,0,17,33,0,50,0,2,108,0,110,0,19,141,0,160,138,0,138,298
12/29/2017,LZU,GA,ASO,ES,Federal Contract Tower,0,11,27,0,38,0,1,154,0,155,0,12,181,0,193,68,0,68,261
12/30/2017,LZU,GA,ASO,ES,Federal Contract Tower,0,4,20,0,24,0,0,131,0,131,0,4,151,0,155,82,0,82,237
12/31/2017,LZU,GA,ASO,ES,Federal Contract Tower,0,2,11,0,13,0,2,42,0,44,0,4,53,0,57,92,0,92,149
01/01/2018,LZU,GA,ASO,ES,Federal Contract Tower,0,8,20,0,28,0,1,18,0,19,0,9,38,0,47,40,0,40,87
01/02/2018,LZU,GA,ASO,ES,Federal Contract Tower,0,12,32,0,44,0,2,87,0,89,0,14,119,0,133,142,0,142,275
01/03/2018,LZU,GA,ASO,ES,Federal Contract Tower,0,12,32,0,44,0,2,87,0,89,0,14,119,0,133,142,0,142,275
01/04/2018,LZU,GA,ASO,ES,Federal Contract Tower,0,10,29,0,39,0,0,117,0,117,0,10,146,0,156,150,0,150,306
01/05/2018,LZU,GA,ASO,ES,Federal Contract Tower,0,14,33,0,47,0,3,96,0,99,0,17,129,0,146,102,0,102,248
01/06/2018,LZU,GA,ASO,ES,Federal Contract Tower,0,7,16,0,23,0,0,152,0,152,0,7,168,0,175,148,0,148,323
01/07/2018,LZU,GA,ASO,ES,Federal Contract Tower,0,11,23,0,34,0,0,40,0,40,0,11,63,0,74,32,0,32,106
01/08/2018,LZU,GA,ASO,ES,Federal Contract Tower,0,17,7,0,24,0,0,5,0,5,0,17,12,0,29,52,0,52,81
01/09/2018,LZU,GA,ASO,ES,Federal Contract Tower,0,26,47,0,73,0,0,40,0,40,0,26,87,0,113,120,0,120,233
01/10/2018,LZU,GA,ASO,ES,Federal Contract Tower,0,18,35,0,53,0,1,65,0,66,0,19,100,0,119,56,4,60,179
01/11/2018,LZU,GA,ASO,ES,Federal Contract Tower,0,12,26,0,38,0,0,0,0,0,0,12,26,0,38,0,0,0,38
01/12/2018,LZU,GA,ASO,ES,Federal Contract Tower,0,12,29,0,41,0,0,0,0,0,0,12,29,0,41,0,0,0,41
01/13/2018,LZU,GA,ASO,ES,Federal Contract Tower,0,3,18,0,21,0,0,44,0,44,0,3,62,0,65,26,0,26,91
01/14/2018,LZU,GA,ASO,ES,Federal Contract Tower,0,3,35,0,38,0,0,169,0,169,0,3,204,0,207,226,0,226,433
01/15/2018,LZU,GA,ASO,ES,Federal Contract Tower,0,8,43,0,51,0,1,191,0,192,0,9,234,0,243,266,0,266,509
01/16/2018,LZU,GA,ASO,ES,Federal Contract Tower,0,15,32,0,47,0,6,118,0,124,0,21,150,0,171,176,0,176,347
01/17/2018,LZU,GA,ASO,ES,Federal Contract Tower,0,11,11,0,22,0,2,10,0,12,0,13,21,0,34,6,0,6,40
01/18/2018,LZU,GA,ASO,ES,Federal Contract Tower,0,17,35,0,52,0,11,77,0,88,0,28,112,0,140,204,0,204,344
01/19/2018,LZU,GA,ASO,ES,Federal Contract Tower,0,13,45,0,58,0,5,142,0,147,0,18,187,0,205,216,0,216,421
01/20/2018,LZU,GA,ASO,ES,Federal Contract Tower,0,7,19,0,26,0,0,190,0,190,0,7,209,0,216,164,0,164,380
01/21/2018,LZU,GA,ASO,ES,Federal Contract Tower,0,5,22,0,27,0,0,155,0,155,0,5,177,0,182,86,0,86,268
01/22/2018,LZU,GA,ASO,ES,Federal Contract Tower,0,19,20,0,39,0,0,2,0,2,0,19,22,0,41,36,0,36,77
01/23/2018,LZU,GA,ASO,ES,Federal Contract Tower,0,17,33,0,50,0,8,76,0,84,0,25,109,0,134,142,0,142,276
01/24/2018,LZU,GA,ASO,ES,Federal Contract Tower,0,18,37,0,55,0,3,88,2,93,0,21,125,2,148,68,0,68,216
01/25/2018,LZU,GA,ASO,ES,Federal Contract Tower,0,16,34,0,50,0,2,143,0,145,0,18,177,0,195,168,0,168,363
01/26/2018,LZU,GA,ASO,ES,Federal Contract Tower,0,19,39,0,58,0,3,121,0,124,0,22,160,0,182,168,0,168,350
01/27/2018,LZU,GA,ASO,ES,Federal Contract Tower,0,4,14,0,18,0,0,60,0,60,0,4,74,0,78,160,0,160,238
01/28/2018,LZU,GA,ASO,ES,Federal Contract Tower,0,4,16,0,20,0,0,0,0,0,0,4,16,0,20,0,0,0,20
01/29/2018,LZU,GA,ASO,ES,Federal Contract Tower,0,14,28,0,42,0,2,74,0,76,0,16,102,0,118,120,0,120,238
01/30/2018,LZU,GA,ASO,ES,Federal Contract Tower,0,12,32,0,44,0,6,131,0,137,0,18,163,0,181,160,0,160,341
01/31/2018,LZU,GA,ASO,ES,Federal Contract Tower,0,20,34,0,54,0,2,137,2,141,0,22,171,2,195,240,0,240,435
02/01/2018,LZU,GA,ASO,ES,Federal Contract Tower,0,17,49,0,66,0,7,59,0,66,0,24,108,0,132,178,0,178,310
02/02/2018,LZU,GA,ASO,ES,Federal Contract Tower,0,11,42,0,53,0,7,94,0,101,0,18,136,0,154,172,0,172,326
02/03/2018,LZU,GA,ASO,ES,Federal Contract Tower,0,4,19,0,23,0,1,172,0,173,0,5,191,0,196,268,0,268,464
02/04/2018,LZU,GA,ASO,ES,Federal Contract Tower,0,14,13,0,27,0,0,0,0,0,0,14,13,0,27,0,0,0,27
02/05/2018,LZU,GA,ASO,ES,Federal Contract Tower,0,15,31,0,46,0,5,108,0,113,0,20,139,0,159,142,0,142,301
02/06/2018,LZU,GA,ASO,ES,Federal Contract Tower,0,19,31,0,50,0,1,125,0,126,0,20,156,0,176,254,0,254,430
02/07/2018,LZU,GA,ASO,ES,Federal Contract Tower,0,14,16,0,30,0,0,0,0,0,0,14,16,0,30,0,0,0,30
02/08/2018,LZU,GA,ASO,ES,Federal Contract Tower,0,16,40,0,56,0,7,141,2,150,0,23,181,2,206,180,0,180,386
02/09/2018,LZU,GA,ASO,ES,Federal Contract Tower,0,24,34,0,58,0,1,119,0,120,0,25,153,0,178,206,0,206,384
02/10/2018,LZU,GA,ASO,ES,Federal Contract Tower,0,5,14,0,19,0,0,0,0,0,0,5,14,0,19,0,0,0,19
02/11/2018,LZU,GA,ASO,ES,Federal Contract Tower,0,5,31,0,36,0,0,0,0,0,0,5,31,0,36,0,0,0,36
02/12/2018,LZU,GA,ASO,ES,Federal Contract Tower,0,15,31,0,46,0,0,34,0,34,0,15,65,0,80,132,0,132,212
02/13/2018,LZU,GA,ASO,ES,Federal Contract Tower,0,18,62,0,80,0,0,40,2,42,0,18,102,2,122,246,4,250,372
02/14/2018,LZU,GA,ASO,ES,Federal Contract Tower,0,17,33,0,50,0,0,11,0,11,0,17,44,0,61,26,0,26,87
02/15/2018,LZU,GA,ASO,ES,Federal Contract Tower,0,15,55,0,70,0,1,11,2,14,0,16,66,2,84,14,0,14,98
02/16/2018,LZU,GA,ASO,ES,Federal Contract Tower,0,21,33,0,54,0,1,25,0,26,0,22,58,0,80,40,0,40,120
02/17/2018,LZU,GA,ASO,ES,Federal Contract Tower,0,8,35,0,43,0,1,30,0,31,0,9,65,0,74,116,0,116,190
02/18/2018,LZU,GA,ASO,ES,Federal Contract Tower,0,8,36,0,44,0,0,152,0,152,0,8,188,0,196,222,0,222,418
02/19/2018,LZU,GA,ASO,ES,Federal Contract Tower,0,21,37,0,58,0,0,0,0,0,0,21,37,0,58,0,0,0,58
02/20/2018,LZU,GA,ASO,ES,Federal Contract Tower,0,18,30,0,48,0,0,27,0,27,0,18,57,0,75,78,0,78,153
02/21/2018,LZU,GA,ASO,ES,Federal Contract Tower,0,19,21,0,40,0,2,35,0,37,0,21,56,0,77,64,0,64,141
02/22/2018,LZU,GA,ASO,ES,Federal Contract Tower,0,26,53,0,79,0,4,64,0,68,0,30,117,0,147,132,0,132,279
02/23/2018,LZU,GA,ASO,ES,Federal Contract Tower,0,20,42,0,62,0,0,111,0,111,0,20,153,0,173,242,0,242,415
02/24/2018,LZU,GA,ASO,ES,Federal Contract Tower,0,4,26,0,30,0,0,208,0,208,0,4,234,0,238,144,0,144,382
02/25/2018,LZU,GA,ASO,ES,Federal Contract Tower,0,3,18,0,21,0,0,1,0,1,0,3,19,0,22,0,0,0,22
02/26/2018,LZU,GA,ASO,ES,Federal Contract Tower,0,13,37,0,50,0,0,52,0,52,0,13,89,0,102,178,0,178,280
02/27/2018,LZU,GA,ASO,ES,Federal Contract Tower,0,11,48,0,59,0,1,173,1,175,0,12,221,1,234,292,0,292,526
02/28/2018,LZU,GA,ASO,ES,Federal Contract Tower,0,13,14,0,27,0,0,1,0,1,0,13,15,0,28,0,0,0,28
03/01/2018,LZU,GA,ASO,ES,Federal Contract Tower,0,19,35,0,54,0,0,5,0,5,0,19,40,0,59,14,0,14,73
03/02/2018,LZU,GA,ASO,ES,Federal Contract Tower,0,18,28,0,46,0,4,95,0,99,0,22,123,0,145,62,0,62,207
03/03/2018,LZU,GA,ASO,ES,Federal Contract Tower,0,4,35,0,39,0,0,229,0,229,0,4,264,0,268,196,0,196,464
03/04/2018,LZU,GA,ASO,ES,Federal Contract Tower,0,2,39,0,41,0,0,184,4,188,0,2,223,4,229,240,2,242,471
03/05/2018,LZU,GA,ASO,ES,Federal Contract Tower,0,17,28,0,45,0,2,109,0,111,0,19,137,0,156,162,0,162,318
03/06/2018,LZU,GA,ASO,ES,Federal Contract Tower,0,13,18,0,31,0,1,7,0,8,0,14,25,0,39,0,0,0,39
03/07/2018,LZU,GA,ASO,ES,Federal Contract Tower,0,17,36,1,54,0,4,39,0,43,0,21,75,1,97,14,0,14,111
03/08/2018,LZU,GA,ASO,ES,Federal Contract Tower,0,21,36,0,57,0,3,77,0,80,0,24,113,0,137,69,0,69,206
03/09/2018,LZU,GA,ASO,ES,Federal Contract Tower,0,15,39,0,54,0,1,151,0,152,0,16,190,0,206,190,0,190,396
03/10/2018,LZU,GA,ASO,ES,Federal Contract Tower,0,4,24,0,28,0,0,127,0,127,0,4,151,0,155,248,0,248,403
03/11/2018,LZU,GA,ASO,ES,Federal Contract Tower,0,1,15,0,16,0,0,9,0,9,0,1,24,0,25,2,0,2,27
03/12/2018,LZU,GA,ASO,ES,Federal Contract Tower,0,13,28,0,41,0,5,10,0,15,0,18,38,0,56,14,0,14,70
03/13/2018,LZU,GA,ASO,ES,Federal Contract Tower,0,15,31,0,46,0,2,132,0,134,0,17,163,0,180,104,0,104,284
03/14/2018,LZU,GA,ASO,ES,Federal Contract Tower,0,12,28,0,40,0,6,110,0,116,0,18,138,0,156,108,0,108,264
03/15/2018,LZU,GA,ASO,ES,Federal Contract Tower,0,14,32,0,46,0,2,124,0,126,0,16,156,0,172,178,0,178,350
03/16/2018,LZU,GA,ASO,ES,Federal Contract Tower,0,17,30,0,47,0,1,158,0,159,0,18,188,0,206,206,0,206,412
03/17/2018,LZU,GA,ASO,ES,Federal Contract Tower,0,2,18,0,20,0,0,27,0,27,0,2,45,0,47,12,0,12,59
03/18/2018,LZU,GA,ASO,ES,Federal Contract Tower,0,4,37,0,41,0,0,161,0,161,0,4,198,0,202,250,0,250,452
03/19/2018,LZU,GA,ASO,ES,Federal Contract Tower,0,18,14,0,32,0,0,0,0,0,0,18,14,0,32,0,0,0,32
03/20/2018,LZU,GA,ASO,ES,Federal Contract Tower,0,20,18,0,38,0,0,63,0,63,0,20,81,0,101,184,0,184,285
03/21/2018,LZU,GA,ASO,ES,Federal Contract Tower,0,12,27,0,39,0,4,12,0,16,0,16,39,0,55,4,0,4,59
03/22/2018,LZU,GA,ASO,ES,Federal Contract Tower,0,16,32,0,48,0,1,138,0,139,0,17,170,0,187,182,0,182,369
03/23/2018,LZU,GA,ASO,ES,Federal Contract Tower,0,13,40,0,53,0,7,165,0,172,0,20,205,0,225,230,0,230,455
03/24/2018,LZU,GA,ASO,ES,Federal Contract Tower,0,3,35,0,38,0,6,105,0,111,0,9,140,0,149,190,0,190,339
03/25/2018,LZU,GA,ASO,ES,Federal Contract Tower,0,1,29,0,30,0,0,3,0,3,0,1,32,0,33,0,0,0,33
03/26/2018,LZU,GA,ASO,ES,Federal Contract Tower,0,14,20,0,34,0,0,31,0,31,0,14,51,0,65,88,0,88,153
03/27/2018,LZU,GA,ASO,ES,Federal Contract Tower,0,14,42,0,56,0,0,5,0,5,0,14,47,0,61,0,0,0,61
03/28/2018,LZU,GA,ASO,ES,Federal Contract Tower,0,13,49,0,62,0,0,103,0,103,0,13,152,0,165,214,0,214,379
03/29/2018,LZU,GA,ASO,ES,Federal Contract Tower,0,19,33,0,52,0,2,54,0,56,0,21,87,0,108,112,0,112,220
03/30/2018,LZU,GA,ASO,ES,Federal Contract Tower,0,17,44,0,61,0,4,56,0,60,0,21,100,0,121,30,0,30,151
03/31/2018,LZU,GA,ASO,ES,Federal Contract Tower,0,1,40,0,41,0,0,210,0,210,0,1,250,0,251,298,0,298,549
04/01/2018,LZU,GA,ASO,ES,Federal Contract Tower,0,5,29,0,34,0,2,112,0,114,0,7,141,0,148,172,0,172,320
04/02/2018,LZU,GA,ASO,ES,Federal Contract Tower,0,13,42,0,55,0,1,141,0,142,0,14,183,0,197,268,0,268,465
04/03/2018,LZU,GA,ASO,ES,Federal Contract Tower,0,19,47,0,66,0,3,85,0,88,0,22,132,0,154,200,0,200,354
04/04/2018,LZU,GA,ASO,ES,Federal Contract Tower,0,15,27,0,42,0,0,23,0,23,0,15,50,0,65,0,0,0,65
04/05/2018,LZU,GA,ASO,ES,Federal Contract Tower,0,15,39,0,54,0,5,156,0,161,0,20,195,0,215,340,0,340,555
04/06/2018,LZU,GA,ASO,ES,Federal Contract Tower,0,20,32,0,52,0,2,132,0,134,0,22,164,0,186,270,0,270,456
04/07/2018,LZU,GA,ASO,ES,Federal Contract Tower,0,8,15,4,27,0,0,5,0,5,0,8,20,4,32,44,0,44,76
04/08/2018,LZU,GA,ASO,ES,Federal Contract Tower,0,5,51,0,56,0,0,46,0,46,0,5,97,0,102,166,0,166,268
04/09/2018,LZU,GA,ASO,ES,Federal Contract Tower,0,7,48,0,55,0,0,7,0,7,0,7,55,0,62,40,0,40,102
04/10/2018,LZU,GA,ASO,ES,Federal Contract Tower,0,20,32,0,52,0,9,102,0,111,0,29,134,0,163,212,0,212,375
04/11/2018,LZU,GA,ASO,ES,Federal Contract Tower,0,30,50,0,80,0,2,176,0,178,0,32,226,0,258,194,0,194,452
04/12/2018,LZU,GA,ASO,ES,Federal Contract Tower,0,12,52,0,64,0,4,182,0,186,0,16,234,0,250,304,0,304,554
04/13/2018,LZU,GA,ASO,ES,Federal Contract Tower,0,16,41,0,57,0,2,132,0,134,0,18,173,0,191,228,0,228,419
04/14/2018,LZU,GA,ASO,ES,Federal Contract Tower,0,9,18,0,27,0,2,42,0,44,0,11,60,0,71,20,0,20,91
04/15/2018,LZU,GA,ASO,ES,Federal Contract Tower,0,9,21,0,30,0,0,3,0,3,0,9,24,0,33,0,0,0,33
04/16/2018,LZU,GA,ASO,ES,Federal Contract Tower,0,13,30,0,43,0,0,13,0,13,0,13,43,0,56,5,0,5,61
04/17/2018,LZU,GA,ASO,ES,Federal Contract Tower,0,13,35,2,50,0,11,124,0,135,0,24,159,2,185,244,0,244,429
04/18/2018,LZU,GA,ASO,ES,Federal Contract Tower,0,13,29,0,42,0,0,109,0,109,0,13,138,0,151,310,0,310,461
04/19/2018,LZU,GA,ASO,ES,Federal Contract Tower,0,15,40,0,55,0,4,54,0,58,0,19,94,0,113,114,0,114,227
04/20/2018,LZU,GA,ASO,ES,Federal Contract Tower,0,12,51,0,63,0,8,181,0,189,0,20,232,0,252,326,0,326,578
04/21/2018,LZU,GA,ASO,ES,Federal Contract Tower,0,4,31,0,35,0,3,255,0,258,0,7,286,0,293,292,0,292,585
04/22/2018,LZU,GA,ASO,ES,Federal Contract Tower,0,8,25,0,33,0,0,7,0,7,0,8,32,0,40,28,0,28,68
04/23/2018,LZU,GA,ASO,ES,Federal Contract Tower,0,12,16,0,28,0,0,1,0,1,0,12,17,0,29,0,0,0,29
04/24/2018,LZU,GA,ASO,ES,Federal Contract Tower,0,19,34,0,53,0,3,53,0,56,0,22,87,0,109,98,0,98,207
04/25/2018,LZU,GA,ASO,ES,Federal Contract Tower,0,12,46,2,60,0,3,58,0,61,0,15,104,2,121,104,0,104,225
04/26/2018,LZU,GA,ASO,ES,Federal Contract Tower,0,12,34,0,46,0,3,36,0,39,0,15,70,0,85,208,0,208,293
04/27/2018,LZU,GA,ASO,ES,Federal Contract Tower,0,15,38,0,53,0,4,154,0,158,0,19,192,0,211,228,0,228,439
04/28/2018,LZU,GA,ASO,ES,Federal Contract Tower,0,7,42,0,49,0,0,176,0,176,0,7,218,0,225,222,0,222,447
04/29/2018,LZU,GA,ASO,ES,Federal Contract Tower,0,7,34,0,41,0,1,161,0,162,0,8,195,0,203,148,0,148,351
04/30/2018,LZU,GA,ASO,ES,Federal Contract Tower,0,12,16,0,28,0,0,132,0,132,0,12,148,0,160,364,0,364,524
05/01/2018,LZU,GA,ASO,ES,Federal Contract Tower,0,12,39,0,51,0,5,147,2,154,0,17,186,2,205,406,6,412,617
05/02/2018,LZU,GA,ASO,ES,Federal Contract Tower,0,15,33,0,48,0,1,149,5,155,0,16,182,5,203,226,0,226,429
05/03/2018,LZU,GA,ASO,ES,Federal Contract Tower,0,12,46,0,58,0,1,148,0,149,0,13,194,0,207,262,0,262,469
05/04/2018,LZU,GA,ASO,ES,Federal Contract Tower,0,15,29,0,44,0,1,108,0,109,0,16,137,0,153,212,0,212,365
05/05/2018,LZU,GA,ASO,ES,Federal Contract Tower,0,9,18,0,27,0,0,110,0,110,0,9,128,0,137,62,0,62,199
05/06/2018,LZU,GA,ASO,ES,Federal Contract Tower,0,4,26,0,30,0,2,52,0,54,0,6,78,0,84,30,0,30,114
05/07/2018,LZU,GA,ASO,ES,Federal Contract Tower,0,9,41,0,50,0,1,123,0,124,0,10,164,0,174,214,0,214,388
05/08/2018,LZU,GA,ASO,ES,Federal Contract Tower,0,9,32,0,41,0,3,137,2,142,0,12,169,2,183,270,2,272,455
05/09/2018,LZU,GA,ASO,ES,Federal Contract Tower,0,12,53,0,65,0,4,151,3,158,0,16,204,3,223,268,0,268,491
05/10/2018,LZU,GA,ASO,ES,Federal Contract Tower,0,12,44,0,56,0,4,107,0,111,0,16,151,0,167,348,0,348,515
05/11/2018,LZU,GA,ASO,ES,Federal Contract Tower,0,15,41,0,56,0,2,125,0,127,0,17,166,0,183,268,0,268,451
05/12/2018,LZU,GA,ASO,ES,Federal Contract Tower,0,5,24,0,29,0,1,156,0,157,0,6,180,0,186,146,0,146,332
05/13/2018,LZU,GA,ASO,ES,Federal Contract Tower,0,3,31,0,34,0,0,116,0,116,0,3,147,0,150,88,0,88,238
05/14/2018,LZU,GA,ASO,ES,Federal Contract Tower,0,17,31,0,48,0,4,152,0,156,0,21,183,0,204,224,0,224,428
05/15/2018,LZU,GA,ASO,ES,Federal Contract Tower,0,10,30,0,40,0,5,49,0,54,0,15,79,0,94,164,0,164,258
05/16/2018,LZU,GA,ASO,ES,Federal Contract Tower,0,13,27,0,40,0,0,0,0,0,0,13,27,0,40,0,0,0,40
05/17/2018,LZU,GA,ASO,ES,Federal Contract Tower,0,14,17,0,31,0,1,10,0,11,0,15,27,0,42,30,0,30,72
05/18/2018,LZU,GA,ASO,ES,Federal Contract Tower,0,12,36,0,48,0,0,19,0,19,0,12,55,0,67,38,0,38,105
05/19/2018,LZU,GA,ASO,ES,Federal Contract Tower,0,5,36,0,41,0,0,27,0,27,0,5,63,0,68,80,0,80,148
05/20/2018,LZU,GA,ASO,ES,Federal Contract Tower,0,4,29,0,33,0,0,57,0,57,0,4,86,0,90,72,0,72,162
05/21/2018,LZU,GA,ASO,ES,Federal Contract Tower,0,13,22,0,35,0,5,109,0,114,0,18,131,0,149,318,0,318,467
05/22/2018,LZU,GA,ASO,ES,Federal Contract Tower,0,12,42,0,54,0,0,16,0,16,0,12,58,0,70,26,0,26,96
05/23/2018,LZU,GA,ASO,ES,Federal Contract Tower,0,15,23,0,38,0,8,20,0,28,0,23,43,0,66,50,0,50,116
05/24/2018,LZU,GA,ASO,ES,Federal Contract Tower,0,14,50,0,64,0,0,40,1,41,0,14,90,1,105,114,0,114,219
05/25/2018,LZU,GA,ASO,ES,Federal Contract Tower,0,11,32,1,44,0,0,15,0,15,0,11,47,1,59,28,0,28,87
05/26/2018,LZU,GA,ASO,ES,Federal Contract Tower,0,2,29,0,31,0,0,34,0,34,0,2,63,0,65,70,0,70,135
05/27/2018,LZU,GA,ASO,ES,Federal Contract Tower,0,0,12,0,12,0,0,35,0,35,0,0,47,0,47,102,0,102,149
05/28/2018,LZU,GA,ASO,ES,Federal Contract Tower,0,1,21,0,22,0,0,2,0,2,0,1,23,0,24,6,0,6,30
05/29/2018,LZU,GA,ASO,ES,Federal Contract Tower,0,8,22,0,30,0,0,0,0,0,0,8,22,0,30,0,0,0,30
05/30/2018,LZU,GA,ASO,ES,Federal Contract Tower,0,10,46,0,56,0,0,27,2,29,0,10,73,2,85,44,0,44,129
05/31/2018,LZU,GA,ASO,ES,Federal Contract Tower,0,9,44,0,53,0,0,39,0,39,0,9,83,0,92,80,0,80,172
06/01/2018,LZU,GA,ASO,ES,Federal Contract Tower,0,9,44,0,53,0,0,111,0,111,0,9,155,0,164,104,0,104,268
06/02/2018,LZU,GA,ASO,ES,Federal Contract Tower,0,8,26,0,34,0,0,177,0,177,0,8,203,0,211,214,0,214,425
06/03/2018,LZU,GA,ASO,ES,Federal Contract Tower,0,4,35,0,39,0,0,110,2,112,0,4,145,2,151,138,0,138,289
06/04/2018,LZU,GA,ASO,ES,Federal Contract Tower,0,10,48,0,58,0,0,165,0,165,0,10,213,0,223,244,0,244,467
06/05/2018,LZU,GA,ASO,ES,Federal Contract Tower,0,9,32,0,41,0,0,161,0,161,0,9,193,0,202,314,0,314,516
06/06/2018,LZU,GA,ASO,ES,Federal Contract Tower,0,8,36,0,44,0,1,145,0,146,0,9,181,0,190,208,0,208,398
06/07/2018,LZU,GA,ASO,ES,Federal Contract Tower,0,17,45,0,62,0,0,153,0,153,0,17,198,0,215,148,0,148,363
06/08/2018,LZU,GA,ASO,ES,Federal Contract Tower,0,10,48,0,58,0,2,100,0,102,0,12,148,0,160,182,0,182,342
06/09/2018,LZU,GA,ASO,ES,Federal Contract Tower,0,3,35,0,38,0,0,126,0,126,0,3,161,0,164,124,0,124,288
06/10/2018,LZU,GA,ASO,ES,Federal Contract Tower,0,2,32,0,34,0,0,101,0,101,0,2,133,0,135,74,0,74,209
06/11/2018,LZU,GA,ASO,ES,Federal Contract Tower,0,14,31,0,45,0,0,47,0,47,0,14,78,0,92,34,0,34,126
06/12/2018,LZU,GA,ASO,ES,Federal Contract Tower,0,9,30,0,39,0,0,11,0,11,0,9,41,0,50,2,0,2,52
06/13/2018,LZU,GA,ASO,ES,Federal Contract Tower,0,9,43,0,52,0,0,36,2,38,0,9,79,2,90,92,0,92,182
06/14/2018,LZU,GA,ASO,ES,Federal Contract Tower,0,7,45,0,52,0,1,123,0,124,0,8,168,0,176,178,0,178,354
06/15/2018,LZU,GA,ASO,ES,Federal Contract Tower,0,10,44,0,54,0,0,153,0,153,0,10,197,0,207,218,0,218,425
06/16/2018,LZU,GA,ASO,ES,Federal Contract Tower,0,2,25,0,27,0,0,180,0,180,0,2,205,0,207,156,0,156,363
06/17/2018,LZU,GA,ASO,ES,Federal Contract Tower,0,0,21,0,21,0,0,86,0,86,0,0,107,0,107,74,0,74,181
06/18/2018,LZU,GA,ASO,ES,Federal Contract Tower,0,10,34,0,44,0,0,138,0,138,0,10,172,0,182,214,0,214,396
06/19/2018,LZU,GA,ASO,ES,Federal Contract Tower,0,20,32,0,52,0,0,105,0,105,0,20,137,0,157,216,0,216,373
06/20/2018,LZU,GA,ASO,ES,Federal Contract Tower,0,12,32,0,44,0,0,138,0,138,0,12,170,0,182,202,0,202,384
06/21/2018,LZU,GA,ASO,ES,Federal Contract Tower,0,10,27,0,37,0,0,90,0,90,0,10,117,0,127,116,0,116,243
06/22/2018,LZU,GA,ASO,ES,Federal Contract Tower,0,9,33,0,42,0,0,57,0,57,0,9,90,0,99,178,0,178,277
06/23/2018,LZU,GA,ASO,ES,Federal Contract Tower,0,4,23,0,27,0,0,33,0,33,0,4,56,0,60,72,0,72,132
06/24/2018,LZU,GA,ASO,ES,Federal Contract Tower,0,5,23,0,28,0,0,134,0,134,0,5,157,0,162,106,0,106,268
06/25/2018,LZU,GA,ASO,ES,Federal Contract Tower,0,12,51,0,63,0,0,98,0,98,0,12,149,0,161,40,0,40,201
06/26/2018,LZU,GA,ASO,ES,Federal Contract Tower,0,14,38,0,52,0,0,155,2,157,0,14,193,2,209,152,6,158,367
06/27/2018,LZU,GA,ASO,ES,Federal Contract Tower,0,12,37,0,49,0,0,97,0,97,0,12,134,0,146,48,0,48,194
06/28/2018,LZU,GA,ASO,ES,Federal Contract Tower,0,15,34,0,49,0,0,21,0,21,0,15,55,0,70,18,0,18,88
06/29/2018,LZU,GA,ASO,ES,Federal Contract Tower,0,10,39,0,49,0,0,114,0,114,0,10,153,0,163,92,0,92,255
06/30/2018,LZU,GA,ASO,ES,Federal Contract Tower,0,7,39,0,46,0,0,85,0,85,0,7,124,0,131,120,0,120,251
07/01/2018,LZU,GA,ASO,ES,Federal Contract Tower,0,3,28,0,31,0,0,39,0,39,0,3,67,0,70,66,0,66,136
07/02/2018,LZU,GA,ASO,ES,Federal Contract Tower,0,15,43,0,58,0,0,83,0,83,0,15,126,0,141,184,0,184,325
07/03/2018,LZU,GA,ASO,ES,Federal Contract Tower,0,8,49,0,57,0,0,176,0,176,0,8,225,0,233,250,0,250,483
07/04/2018,LZU,GA,ASO,ES,Federal Contract Tower,0,1,13,0,14,0,0,86,0,86,0,1,99,0,100,118,0,118,218
07/05/2018,LZU,GA,ASO,ES,Federal Contract Tower,0,9,41,0,50,0,0,48,0,48,0,9,89,0,98,98,0,98,196
07/06/2018,LZU,GA,ASO,ES,Federal Contract Tower,0,10,27,0,37,0,0,105,0,105,0,10,132,0,142,156,0,156,298
07/07/2018,LZU,GA,ASO,ES,Federal Contract Tower,0,2,22,0,24,0,0,48,0,48,0,2,70,0,72,78,0,78,150
07/08/2018,LZU,GA,ASO,ES,Federal Contract Tower,0,0,51,0,51,0,0,120,0,120,0,0,171,0,171,190,0,190,361
07/09/2018,LZU,GA,ASO,ES,Federal Contract Tower,0,9,39,0,48,0,10,135,0,145,0,19,174,0,193,154,0,154,347
07/10/2018,LZU,GA,ASO,ES,Federal Contract Tower,0,11,48,0,59,0,0,121,0,121,0,11,169,0,180,180,0,180,360
07/11/2018,LZU,GA,ASO,ES,Federal Contract Tower,0,10,37,0,47,0,0,107,0,107,0,10,144,0,154,82,0,82,236
07/12/2018,LZU,GA,ASO,ES,Federal Contract Tower,0,12,48,0,60,0,0,84,3,87,0,12,132,3,147,106,4,110,257
07/13/2018,LZU,GA,ASO,ES,Federal Contract Tower,0,10,37,0,47,0,2,29,0,31,0,12,66,0,78,114,0,114,192
07/14/2018,LZU,GA,ASO,ES,Federal Contract Tower,0,2,12,0,14,0,0,26,0,26,0,2,38,0,40,92,0,92,132
07/15/2018,LZU,GA,ASO,ES,Federal Contract Tower,0,6,30,0,36,0,0,38,0,38,0,6,68,0,74,94,0,94,168
07/16/2018,LZU,GA,ASO,ES,Federal Contract Tower,0,13,36,0,49,0,0,26,0,26,0,13,62,0,75,70,0,70,145
07/17/2018,LZU,GA,ASO,ES,Federal Contract Tower,0,14,44,0,58,0,0,70,0,70,0,14,114,0,128,146,0,146,274
07/18/2018,LZU,GA,ASO,ES,Federal Contract Tower,0,10,40,0,50,0,1,187,0,188,0,11,227,0,238,208,0,208,446
07/19/2018,LZU,GA,ASO,ES,Federal Contract Tower,0,7,42,0,49,0,0,56,0,56,0,7,98,0,105,138,0,138,243
07/20/2018,LZU,GA,ASO,ES,Federal Contract Tower,0,10,48,0,58,0,1,113,0,114,0,11,161,0,172,122,0,122,294
07/21/2018,LZU,GA,ASO,ES,Federal Contract Tower,0,2,19,0,21,0,0,113,0,113,0,2,132,0,134,122,0,122,256
07/22/2018,LZU,GA,ASO,ES,Federal Contract Tower,0,3,30,0,33,0,0,84,0,84,0,3,114,0,117,80,0,80,197
07/23/2018,LZU,GA,ASO,ES,Federal Contract Tower,0,15,31,0,46,0,0,38,0,38,0,15,69,0,84,130,0,130,214
07/24/2018,LZU,GA,ASO,ES,Federal Contract Tower,0,16,45,0,61,0,0,18,0,18,0,16,63,0,79,14,0,14,93
07/25/2018,LZU,GA,ASO,ES,Federal Contract Tower,0,9,34,0,43,0,0,137,0,137,0,9,171,0,180,186,0,186,366
07/26/2018,LZU,GA,ASO,ES,Federal Contract Tower,0,14,33,0,47,0,0,192,0,192,0,14,225,0,239,176,0,176,415
07/27/2018,LZU,GA,ASO,ES,Federal Contract Tower,0,14,40,0,54,0,0,149,0,149,0,14,189,0,203,254,0,254,457
07/28/2018,LZU,GA,ASO,ES,Federal Contract Tower,0,4,20,0,24,0,0,204,0,204,0,4,224,0,228,270,0,270,498
07/29/2018,LZU,GA,ASO,ES,Federal Contract Tower,0,1,26,0,27,0,0,166,0,166,0,1,192,0,193,104,0,104,297
07/30/2018,LZU,GA,ASO,ES,Federal Contract Tower,0,10,29,0,39,0,2,36,0,38,0,12,65,0,77,88,0,88,165
07/31/2018,LZU,GA,ASO,ES,Federal Contract Tower,0,11,39,0,50,0,1,6,0,7,0,12,45,0,57,0,0,0,57
08/01/2018,LZU,GA,ASO,ES,Federal Contract Tower,0,12,16,0,28,0,0,3,0,3,0,12,19,0,31,0,0,0,31
08/02/2018,LZU,GA,ASO,ES,Federal Contract Tower,0,10,30,0,40,0,0,2,0,2,0,10,32,0,42,0,0,0,42
08/03/2018,LZU,GA,ASO,ES,Federal Contract Tower,0,8,31,0,39,0,3,57,0,60,0,11,88,0,99,102,0,102,201
08/04/2018,LZU,GA,ASO,ES,Federal Contract Tower,0,3,24,0,27,0,0,83,0,83,0,3,107,0,110,112,0,112,222
08/05/2018,LZU,GA,ASO,ES,Federal Contract Tower,0,1,25,0,26,0,0,141,0,141,0,1,166,0,167,248,0,248,415
08/06/2018,LZU,GA,ASO,ES,Federal Contract Tower,0,9,49,0,58,0,0,147,0,147,0,9,196,0,205,200,0,200,405
08/07/2018,LZU,GA,ASO,ES,Federal Contract Tower,0,12,37,0,49,0,2,102,0,104,0,14,139,0,153,106,0,106,259
08/08/2018,LZU,GA,ASO,ES,Federal Contract Tower,0,12,47,0,59,0,0,123,0,123,0,12,170,0,182,148,0,148,330
08/09/2018,LZU,GA,ASO,ES,Federal Contract Tower,0,16,47,0,63,0,0,124,0,124,0,16,171,0,187,164,0,164,351
08/10/2018,LZU,GA,ASO,ES,Federal Contract Tower,0,11,48,0,59,0,0,44,0,44,0,11,92,0,103,86,0,86,189
08/11/2018,LZU,GA,ASO,ES,Federal Contract Tower,0,5,33,0,38,0,1,109,0,110,0,6,142,0,148,116,0,116,264
08/12/2018,LZU,GA,ASO,ES,Federal Contract Tower,0,3,35,0,38,0,0,134,0,134,0,3,169,0,172,86,0,86,258
08/13/2018,LZU,GA,ASO,ES,Federal Contract Tower,0,17,41,0,58,0,0,119,4,123,0,17,160,4,181,240,8,248,429
08/14/2018,LZU,GA,ASO,ES,Federal Contract Tower,0,18,52,1,71,0,1,137,0,138,0,19,189,1,209,318,0,318,527
08/15/2018,LZU,GA,ASO,ES,Federal Contract Tower,0,15,47,0,62,0,0,138,0,138,0,15,185,0,200,240,0,240,440
08/16/2018,LZU,GA,ASO,ES,Federal Contract Tower,0,10,41,0,51,0,2,111,0,113,0,12,152,0,164,164,0,164,328
08/17/2018,LZU,GA,ASO,ES,Federal Contract Tower,0,14,39,0,53,0,0,31,0,31,0,14,70,0,84,54,0,54,138
08/18/2018,LZU,GA,ASO,ES,Federal Contract Tower,0,1,33,0,34,0,0,23,0,23,0,1,56,0,57,34,0,34,91
08/19/2018,LZU,GA,ASO,ES,Federal Contract Tower,0,5,37,0,42,0,0,32,0,32,0,5,69,0,74,118,0,118,192
08/20/2018,LZU,GA,ASO,ES,Federal Contract Tower,0,15,38,0,53,0,0,20,0,20,0,15,58,0,73,84,0,84,157
08/21/2018,LZU,GA,ASO,ES,Federal Contract Tower,0,16,30,0,46,0,0,22,1,23,0,16,52,1,69,38,0,38,107
08/22/2018,LZU,GA,ASO,ES,Federal Contract Tower,0,9,27,0,36,0,0,157,0,157,0,9,184,0,193,176,0,176,369
08/23/2018,LZU,GA,ASO,ES,Federal Contract Tower,0,14,38,0,52,0,0,182,0,182,0,14,220,0,234,214,0,214,448
08/24/2018,LZU,GA,ASO,ES,Federal Contract Tower,0,13,44,0,57,0,0,134,0,134,0,13,178,0,191,148,0,148,339
08/25/2018,LZU,GA,ASO,ES,Federal Contract Tower,0,5,34,0,39,0,0,190,0,190,0,5,224,0,229,170,0,170,399
08/26/2018,LZU,GA,ASO,ES,Federal Contract Tower,0,1,24,0,25,0,0,115,0,115,0,1,139,0,140,148,0,148,288
08/27/2018,LZU,GA,ASO,ES,Federal Contract Tower,0,10,40,0,50,0,0,151,0,151,0,10,191,0,201,164,0,164,365
08/28/2018,LZU,GA,ASO,ES,Federal Contract Tower,0,12,47,0,59,0,0,105,0,105,0,12,152,0,164,400,0,400,564
08/29/2018,LZU,GA,ASO,ES,Federal Contract Tower,0,17,36,0,53,0,0,97,0,97,0,17,133,0,150,132,0,132,282
08/30/2018,LZU,GA,ASO,ES,Federal Contract Tower,0,12,34,0,46,0,2,121,0,123,0,14,155,0,169,264,0,264,433
08/31/2018,LZU,GA,ASO,ES,Federal Contract Tower,0,17,52,0,69,0,0,147,0,147,0,17,199,0,216,330,0,330,546
09/01/2018,LZU,GA,ASO,ES,Federal Contract Tower,0,3,17,0,20,0,1,118,0,119,0,4,135,0,139,114,0,114,253
09/02/2018,LZU,GA,ASO,ES,Federal Contract Tower,0,1,35,0,36,0,0,76,0,76,0,1,111,0,112,124,0,124,236
09/03/2018,LZU,GA,ASO,ES,Federal Contract Tower,0,6,34,0,40,0,0,76,0,76,0,6,110,0,116,56,0,56,172
09/04/2018,LZU,GA,ASO,ES,Federal Contract Tower,0,13,38,0,51,0,3,89,0,92,0,16,127,0,143,204,0,204,347
09/05/2018,LZU,GA,ASO,ES,Federal Contract Tower,0,22,39,0,61,0,0,84,0,84,0,22,123,0,145,214,0,214,359
09/06/2018,LZU,GA,ASO,ES,Federal Contract Tower,0,14,58,0,72,0,3,59,0,62,0,17,117,0,134,104,0,104,238
09/07/2018,LZU,GA,ASO,ES,Federal Contract Tower,0,16,37,0,53,0,3,131,0,134,0,19,168,0,187,160,0,160,347
09/08/2018,LZU,GA,ASO,ES,Federal Contract Tower,0,3,25,0,28,0,0,106,0,106,0,3,131,0,134,118,0,118,252
09/09/2018,LZU,GA,ASO,ES,Federal Contract Tower,0,9,26,0,35,0,0,72,0,72,0,9,98,0,107,116,0,116,223
09/10/2018,LZU,GA,ASO,ES,Federal Contract Tower,0,10,23,0,33,0,1,53,0,54,0,11,76,0,87,92,0,92,179
09/11/2018,LZU,GA,ASO,ES,Federal Contract Tower,0,8,50,0,58,0,1,34,2,37,0,9,84,2,95,96,0,96,191
09/12/2018,LZU,GA,ASO,ES,Federal Contract Tower,0,13,39,0,52,0,4,78,0,82,0,17,117,0,134,222,0,222,356
09/13/2018,LZU,GA,ASO,ES,Federal Contract Tower,0,6,51,0,57,0,0,69,2,71,0,6,120,2,128,202,0,202,330
09/14/2018,LZU,GA,ASO,ES,Federal Contract Tower,0,13,42,0,55,0,0,169,0,169,0,13,211,0,224,228,0,228,452
09/15/2018,LZU,GA,ASO,ES,Federal Contract Tower,0,3,14,0,17,0,0,126,0,126,0,3,140,0,143,128,0,128,271
09/16/2018,LZU,GA,ASO,ES,Federal Contract Tower,0,2,20,0,22,0,0,5,0,5,0,2,25,0,27,0,0,0,27
09/17/2018,LZU,GA,ASO,ES,Federal Contract Tower,0,3,33,0,36,0,1,121,0,122,0,4,154,0,158,282,0,282,440
09/18/2018,LZU,GA,ASO,ES,Federal Contract Tower,0,3,32,0,35,0,0,120,0,120,0,3,152,0,155,224,0,224,379
09/19/2018,LZU,GA,ASO,ES,Federal Contract Tower,0,3,38,0,41,0,0,145,0,145,0,3,183,0,186,220,0,220,406
09/20/2018,LZU,GA,ASO,ES,Federal Contract Tower,0,10,29,0,39,0,2,158,0,160,0,12,187,0,199,254,0,254,453
09/21/2018,LZU,GA,ASO,ES,Federal Contract Tower,0,22,40,0,62,0,0,156,0,156,0,22,196,0,218,236,0,236,454
09/22/2018,LZU,GA,ASO,ES,Federal Contract Tower,0,6,26,0,32,0,0,128,0,128,0,6,154,0,160,140,0,140,300
09/23/2018,LZU,GA,ASO,ES,Federal Contract Tower,0,5,30,0,35,0,0,116,0,116,0,5,146,0,151,116,0,116,267
09/24/2018,LZU,GA,ASO,ES,Federal Contract Tower,0,21,46,0,67,0,0,33,0,33,0,21,79,0,100,170,0,170,270
09/25/2018,LZU,GA,ASO,ES,Federal Contract Tower,0,25,32,0,57,0,5,58,0,63,0,30,90,0,120,210,0,210,330
09/26/2018,LZU,GA,ASO,ES,Federal Contract Tower,0,25,40,0,65,0,0,83,0,83,0,25,123,0,148,192,0,192,340
09/27/2018,LZU,GA,ASO,ES,Federal Contract Tower,0,30,51,0,81,0,0,23,0,23,0,30,74,0,104,120,0,120,224
09/28/2018,LZU,GA,ASO,ES,Federal Contract Tower,0,22,54,0,76,0,0,45,0,45,0,22,99,0,121,110,0,110,231
09/29/2018,LZU,GA,ASO,ES,Federal Contract Tower,0,8,33,0,41,0,0,136,0,136,0,8,169,0,177,180,0,180,357
09/30/2018,LZU,GA,ASO,ES,Federal Contract Tower,0,4,33,0,37,0,0,34,0,34,0,4,67,0,71,68,0,68,139
10/01/2018,LZU,GA,ASO,ES,Federal Contract Tower,0,15,50,0,65,0,0,107,0,107,0,15,157,0,172,196,0,196,368
10/02/2018,LZU,GA,ASO,ES,Federal Contract Tower,0,9,32,0,41,0,2,137,0,139,0,11,169,0,180,216,0,216,396
10/03/2018,LZU,GA,ASO,ES,Federal Contract Tower,0,20,52,0,72,0,0,132,0,132,0,20,184,0,204,198,0,198,402
10/04/2018,LZU,GA,ASO,ES,Federal Contract Tower,0,16,39,0,55,0,1,159,0,160,0,17,198,0,215,234,0,234,449
10/05/2018,LZU,GA,ASO,ES,Federal Contract Tower,0,17,64,0,81,0,1,136,0,137,0,18,200,0,218,140,0,140,358
10/06/2018,LZU,GA,ASO,ES,Federal Contract Tower,0,2,22,0,24,0,2,128,0,130,0,4,150,0,154,168,0,168,322
10/07/2018,LZU,GA,ASO,ES,Federal Contract Tower,0,5,37,0,42,0,0,99,0,99,0,5,136,0,141,114,0,114,255
10/08/2018,LZU,GA,ASO,ES,Federal Contract Tower,0,12,42,0,54,0,0,38,0,38,0,12,80,0,92,30,0,30,122
10/09/2018,LZU,GA,ASO,ES,Federal Contract Tower,0,10,46,0,56,0,0,6,0,6,0,10,52,0,62,6,0,6,68
10/10/2018,LZU,GA,ASO,ES,Federal Contract Tower,0,12,37,0,49,0,0,4,0,4,0,12,41,0,53,20,0,20,73
10/11/2018,LZU,GA,ASO,ES,Federal Contract Tower,0,18,32,0,50,0,0,17,0,17,0,18,49,0,67,58,0,58,125
10/12/2018,LZU,GA,ASO,ES,Federal Contract Tower,0,15,70,0,85,0,0,155,0,155,0,15,225,0,240,168,0,168,408
10/13/2018,LZU,GA,ASO,ES,Federal Contract Tower,0,4,31,0,35,0,0,182,0,182,0,4,213,0,217,172,0,172,389
10/14/2018,LZU,GA,ASO,ES,Federal Contract Tower,0,5,28,0,33,0,0,61,0,61,0,5,89,0,94,54,0,54,148
10/15/2018,LZU,GA,ASO,ES,Federal Contract Tower,0,13,70,0,83,0,2,67,0,69,0,15,137,0,152,132,0,132,284
10/16/2018,LZU,GA,ASO,ES,Federal Contract Tower,0,12,50,0,62,0,2,76,2,80,0,14,126,2,142,212,0,212,354
10/17/2018,LZU,GA,ASO,ES,Federal Contract Tower,0,11,39,0,50,0,1,127,0,128,0,12,166,0,178,282,0,282,460
10/18/2018,LZU,GA,ASO,ES,Federal Contract Tower,0,19,37,0,56,0,0,161,0,161,0,19,198,0,217,178,0,178,395
10/19/2018,LZU,GA,ASO,ES,Federal Contract Tower,0,14,45,0,59,0,4,105,0,109,0,18,150,0,168,278,0,278,446
10/20/2018,LZU,GA,ASO,ES,Federal Contract Tower,0,11,34,0,45,0,1,33,0,34,0,12,67,0,79,64,0,64,143
10/21/2018,LZU,GA,ASO,ES,Federal Contract Tower,0,1,38,0,39,0,1,178,0,179,0,2,216,0,218,192,0,192,410
10/22/2018,LZU,GA,ASO,ES,Federal Contract Tower,0,12,42,0,54,0,1,156,0,157,0,13,198,0,211,226,0,226,437
10/23/2018,LZU,GA,ASO,ES,Federal Contract Tower,0,10,22,0,32,0,1,70,0,71,0,11,92,0,103,104,0,104,207
10/24/2018,LZU,GA,ASO,ES,Federal Contract Tower,0,12,47,0,59,0,8,187,0,195,0,20,234,0,254,202,0,202,456
10/25/2018,LZU,GA,ASO,ES,Federal Contract Tower,0,19,58,0,77,0,1,104,0,105,0,20,162,0,182,268,0,268,450
10/26/2018,LZU,GA,ASO,ES,Federal Contract Tower,0,20,30,0,50,0,0,0,0,0,0,20,30,0,50,0,0,0,50
10/27/2018,LZU,GA,ASO,ES,Federal Contract Tower,0,3,39,0,42,0,0,19,0,19,0,3,58,0,61,12,0,12,73
10/28/2018,LZU,GA,ASO,ES,Federal Contract Tower,0,5,34,0,39,0,2,109,0,111,0,7,143,0,150,88,0,88,238
10/29/2018,LZU,GA,ASO,ES,Federal Contract Tower,0,14,41,0,55,0,3,148,0,151,0,17,189,0,206,248,0,248,454
10/30/2018,LZU,GA,ASO,ES,Federal Contract Tower,0,11,32,0,43,0,1,183,0,184,0,12,215,0,227,382,0,382,609
10/31/2018,LZU,GA,ASO,ES,Federal Contract Tower,0,15,42,0,57,0,3,179,2,184,0,18,221,2,241,240,0,240,481
11/01/2018,LZU,GA,ASO,ES,Federal Contract Tower,0,25,52,0,77,0,1,9,0,10,0,26,61,0,87,6,2,8,95
11/02/2018,LZU,GA,ASO,ES,Federal Contract Tower,0,22,56,0,78,0,2,8,0,10,0,24,64,0,88,8,0,8,96
11/03/2018,LZU,GA,ASO,ES,Federal Contract Tower,0,5,39,0,44,0,0,211,0,211,0,5,250,0,255,166,0,166,421
11/04/2018,LZU,GA,ASO,ES,Federal Contract Tower,0,4,53,0,57,0,1,97,0,98,0,5,150,0,155,94,0,94,249
11/05/2018,LZU,GA,ASO,ES,Federal Contract Tower,0,18,35,0,53,0,0,0,0,0,0,18,35,0,53,0,0,0,53
11/06/2018,LZU,GA,ASO,ES,Federal Contract Tower,0,15,36,0,51,0,0,54,2,56,0,15,90,2,107,196,0,196,303
11/07/2018,LZU,GA,ASO,ES,Federal Contract Tower,0,11,40,0,51,0,0,116,0,116,0,11,156,0,167,126,0,126,293
11/08/2018,LZU,GA,ASO,ES,Federal Contract Tower,0,16,68,0,84,0,0,42,2,44,0,16,110,2,128,216,0,216,344
11/09/2018,LZU,GA,ASO,ES,Federal Contract Tower,0,14,54,0,68,0,0,0,0,0,0,14,54,0,68,0,0,0,68
11/10/2018,LZU,GA,ASO,ES,Federal Contract Tower,0,8,30,0,38,0,0,170,0,170,0,8,200,0,208,110,0,110,318
11/11/2018,LZU,GA,ASO,ES,Federal Contract Tower,0,17,43,0,60,0,0,156,0,156,0,17,199,0,216,156,0,156,372
11/12/2018,LZU,GA,ASO,ES,Federal Contract Tower,0,12,19,0,31,0,0,0,0,0,0,12,19,0,31,0,0,0,31
11/13/2018,LZU,GA,ASO,ES,Federal Contract Tower,0,22,36,0,58,0,0,0,0,0,0,22,36,0,58,0,0,0,58
11/14/2018,LZU,GA,ASO,ES,Federal Contract Tower,0,18,28,0,46,0,0,2,0,2,0,18,30,0,48,8,0,8,56
11/15/2018,LZU,GA,ASO,ES,Federal Contract Tower,0,18,35,0,53,0,0,1,0,1,0,18,36,0,54,0,0,0,54
11/16/2018,LZU,GA,ASO,ES,Federal Contract Tower,0,20,42,0,62,0,0,160,0,160,0,20,202,0,222,202,0,202,424
11/17/2018,LZU,GA,ASO,ES,Federal Contract Tower,0,3,40,0,43,0,0,268,0,268,0,3,308,0,311,146,0,146,457
11/18/2018,LZU,GA,ASO,ES,Federal Contract Tower,0,6,39,0,45,0,0,175,0,175,0,6,214,0,220,192,0,192,412
11/19/2018,LZU,GA,ASO,ES,Federal Contract Tower,0,19,46,0,65,0,136,0,0,136,0,155,46,0,201,192,0,192,393
11/20/2018,LZU,GA,ASO,ES,Federal Contract Tower,0,16,54,0,70,0,3,126,0,129,0,19,180,0,199,144,0,144,343
11/21/2018,LZU,GA,ASO,ES,Federal Contract Tower,0,13,45,0,58,0,0,158,0,158,0,13,203,0,216,190,0,190,406
11/22/2018,LZU,GA,ASO,ES,Federal Contract Tower,0,5,13,0,18,0,0,48,0,48,0,5,61,0,66,28,0,28,94
11/23/2018,LZU,GA,ASO,ES,Federal Contract Tower,0,11,29,0,40,0,0,31,0,31,0,11,60,0,71,56,0,56,127
11/24/2018,LZU,GA,ASO,ES,Federal Contract Tower,0,6,42,0,48,0,0,0,0,0,0,6,42,0,48,0,0,0,48
11/25/2018,LZU,GA,ASO,ES,Federal Contract Tower,0,9,62,0,71,0,0,52,0,52,0,9,114,0,123,80,0,80,203
11/26/2018,LZU,GA,ASO,ES,Federal Contract Tower,0,14,29,0,43,0,0,31,2,33,0,14,60,2,76,50,2,52,128
11/27/2018,LZU,GA,ASO,ES,Federal Contract Tower,0,14,27,0,41,0,4,68,0,72,0,18,95,0,113,36,0,36,149
11/28/2018,LZU,GA,ASO,ES,Federal Contract Tower,0,21,42,0,63,0,0,147,0,147,0,21,189,0,210,214,0,214,424
11/29/2018,LZU,GA,ASO,ES,Federal Contract Tower,0,22,50,0,72,0,0,164,0,164,0,22,214,0,236,390,0,390,626
11/30/2018,LZU,GA,ASO,ES,Federal Contract Tower,0,17,48,0,65,0,2,111,0,113,0,19,159,0,178,232,0,232,410
12/01/2018,LZU,GA,ASO,ES,Federal Contract Tower,0,3,16,0,19,0,0,0,0,0,0,3,16,0,19,0,0,0,19
12/02/2018,LZU,GA,ASO,ES,Federal Contract Tower,0,3,28,0,31,0,0,113,0,113,0,3,141,0,144,184,0,184,328
12/03/2018,LZU,GA,ASO,ES,Federal Contract Tower,0,13,44,0,57,0,0,131,0,131,0,13,175,0,188,186,0,186,374
12/04/2018,LZU,GA,ASO,ES,Federal Contract Tower,0,13,41,0,54,0,0,124,0,124,0,13,165,0,178,176,0,176,354
12/05/2018,LZU,GA,ASO,ES,Federal Contract Tower,0,28,38,0,66,0,0,100,0,100,0,28,138,0,166,100,0,100,266
12/06/2018,LZU,GA,ASO,ES,Federal Contract Tower,0,33,50,0,83,0,0,155,0,155,0,33,205,0,238,300,0,300,538
12/07/2018,LZU,GA,ASO,ES,Federal Contract Tower,0,17,48,0,65,0,0,69,0,69,0,17,117,0,134,174,0,174,308
12/08/2018,LZU,GA,ASO,ES,Federal Contract Tower,0,7,5,0,12,0,0,0,0,0,0,7,5,0,12,0,0,0,12
12/09/2018,LZU,GA,ASO,ES,Federal Contract Tower,0,5,25,0,30,0,0,0,0,0,0,5,25,0,30,0,0,0,30
12/10/2018,LZU,GA,ASO,ES,Federal Contract Tower,0,22,18,0,40,0,0,0,0,0,0,22,18,0,40,0,0,0,40
12/11/2018,LZU,GA,ASO,ES,Federal Contract Tower,0,16,40,0,56,0,0,157,0,157,0,16,197,0,213,134,0,134,347
12/12/2018,LZU,GA,ASO,ES,Federal Contract Tower,0,13,53,0,66,0,8,166,0,174,0,21,219,0,240,178,0,178,418
12/13/2018,LZU,GA,ASO,ES,Federal Contract Tower,0,19,45,0,64,0,6,151,0,157,0,25,196,0,221,328,0,328,549
12/14/2018,LZU,GA,ASO,ES,Federal Contract Tower,0,10,9,0,19,0,0,0,0,0,0,10,9,0,19,0,0,0,19
12/15/2018,LZU,GA,ASO,ES,Federal Contract Tower,0,9,31,0,40,0,0,19,0,19,0,9,50,0,59,50,0,50,109
12/16/2018,LZU,GA,ASO,ES,Federal Contract Tower,0,2,36,0,38,0,0,59,0,59,0,2,95,0,97,196,0,196,293
12/17/2018,LZU,GA,ASO,ES,Federal Contract Tower,0,9,44,0,53,0,0,144,0,144,0,9,188,0,197,198,0,198,395
12/18/2018,LZU,GA,ASO,ES,Federal Contract Tower,0,11,31,0,42,0,0,179,0,179,0,11,210,0,221,318,6,324,545
12/19/2018,LZU,GA,ASO,ES,Federal Contract Tower,0,11,50,0,61,0,0,151,0,151,0,11,201,0,212,256,0,256,468
12/20/2018,LZU,GA,ASO,ES,Federal Contract Tower,0,10,12,0,22,0,0,0,0,0,0,10,12,0,22,0,0,0,22
12/21/2018,LZU,GA,ASO,ES,Federal Contract Tower,0,15,32,0,47,0,0,2,0,2,0,15,34,0,49,6,0,6,55
12/22/2018,LZU,GA,ASO,ES,Federal Contract Tower,0,5,33,0,38,0,0,142,0,142,0,5,175,0,180,122,0,122,302
12/23/2018,LZU,GA,ASO,ES,Federal Contract Tower,0,1,17,0,18,0,0,45,0,45,0,1,62,0,63,80,0,80,143
12/24/2018,LZU,GA,ASO,ES,Federal Contract Tower,0,10,12,0,22,0,0,79,0,79,0,10,91,0,101,98,0,98,199
12/25/2018,LZU,GA,ASO,ES,Federal Contract Tower,0,4,10,0,14,0,0,33,0,33,0,4,43,0,47,2,0,2,49
12/26/2018,LZU,GA,ASO,ES,Federal Contract Tower,0,15,36,0,51,0,0,141,0,141,0,15,177,0,192,140,0,140,332
12/27/2018,LZU,GA,ASO,ES,Federal Contract Tower,0,12,25,0,37,0,0,10,0,10,0,12,35,0,47,30,0,30,77
12/28/2018,LZU,GA,ASO,ES,Federal Contract Tower,0,16,15,0,31,0,0,0,0,0,0,16,15,0,31,0,0,0,31
12/29/2018,LZU,GA,ASO,ES,Federal Contract Tower,0,7,25,0,32,0,0,106,0,106,0,7,131,0,138,112,0,112,250
12/30/2018,LZU,GA,ASO,ES,Federal Contract Tower,0,1,10,0,11,0,0,0,0,0,0,1,10,0,11,0,0,0,11
12/31/2018,LZU,GA,ASO,ES,Federal Contract Tower,0,10,16,0,26,0,0,0,0,0,0,10,16,0,26,0,0,0,26
01/01/2019,LZU,GA,ASO,ES,Federal Contract Tower,0,1,24,0,25,0,0,27,0,27,0,1,51,0,52,88,0,88,140
01/02/2019,LZU,GA,ASO,ES,Federal Contract Tower,0,9,58,0,67,0,0,81,0,81,0,9,139,0,148,128,0,128,276
01/03/2019,LZU,GA,ASO,ES,Federal Contract Tower,0,14,33,0,47,0,0,0,0,0,0,14,33,0,47,0,0,0,47
01/04/2019,LZU,GA,ASO,ES,Federal Contract Tower,0,11,23,0,34,0,0,14,0,14,0,11,37,0,48,52,0,52,100
01/05/2019,LZU,GA,ASO,ES,Federal Contract Tower,0,6,27,0,33,0,0,178,0,178,0,6,205,0,211,286,0,286,497
01/06/2019,LZU,GA,ASO,ES,Federal Contract Tower,0,5,20,0,25,0,0,250,0,250,0,5,270,0,275,208,0,208,483
01/07/2019,LZU,GA,ASO,ES,Federal Contract Tower,0,12,35,0,47,0,2,161,0,163,0,14,196,0,210,210,0,210,420
01/08/2019,LZU,GA,ASO,ES,Federal Contract Tower,0,11,51,0,62,0,0,41,1,42,0,11,92,1,104,124,6,130,234
01/09/2019,LZU,GA,ASO,ES,Federal Contract Tower,0,9,27,0,36,0,0,104,0,104,0,9,131,0,140,96,0,96,236
01/10/2019,LZU,GA,ASO,ES,Federal Contract Tower,0,11,37,0,48,0,0,175,0,175,0,11,212,0,223,276,0,276,499
01/11/2019,LZU,GA,ASO,ES,Federal Contract Tower,0,11,36,0,47,0,2,245,0,247,0,13,281,0,294,336,0,336,630
01/12/2019,LZU,GA,ASO,ES,Federal Contract Tower,0,2,21,0,23,0,0,38,0,38,0,2,59,0,61,188,0,188,249
01/13/2019,LZU,GA,ASO,ES,Federal Contract Tower,0,3,19,0,22,0,0,0,0,0,0,3,19,0,22,0,0,0,22
01/14/2019,LZU,GA,ASO,ES,Federal Contract Tower,0,13,48,0,61,0,0,67,0,67,0,13,115,0,128,234,0,234,362
01/15/2019,LZU,GA,ASO,ES,Federal Contract Tower,0,9,41,0,50,0,0,200,0,200,0,9,241,0,250,284,10,294,544
01/16/2019,LZU,GA,ASO,ES,Federal Contract Tower,0,17,42,0,59,0,0,204,2,206,0,17,246,2,265,224,0,224,489
01/17/2019,LZU,GA,ASO,ES,Federal Contract Tower,0,12,49,0,61,0,0,87,0,87,0,12,136,0,148,192,0,192,340
01/18/2019,LZU,GA,ASO,ES,Federal Contract Tower,0,16,41,0,57,0,0,18,0,18,0,16,59,0,75,50,0,50,125
01/19/2019,LZU,GA,ASO,ES,Federal Contract Tower,0,3,12,0,15,0,0,0,0,0,0,3,12,0,15,0,0,0,15
01/20/2019,LZU,GA,ASO,ES,Federal Contract Tower,0,3,18,0,21,0,0,17,0,17,0,3,35,0,38,8,0,8,46
01/21/2019,LZU,GA,ASO,ES,Federal Contract Tower,0,13,41,0,54,0,0,211,0,211,0,13,252,0,265,226,0,226,491
01/22/2019,LZU,GA,ASO,ES,Federal Contract Tower,0,13,48,0,61,0,2,154,0,156,0,15,202,0,217,238,0,238,455
01/23/2019,LZU,GA,ASO,ES,Federal Contract Tower,0,12,26,0,38,0,0,6,0,6,0,12,32,0,44,2,0,2,46
01/24/2019,LZU,GA,ASO,ES,Federal Contract Tower,0,10,30,0,40,0,0,66,0,66,0,10,96,0,106,100,0,100,206
01/25/2019,LZU,GA,ASO,ES,Federal Contract Tower,0,15,48,0,63,0,0,165,0,165,0,15,213,0,228,328,0,328,556
01/26/2019,LZU,GA,ASO,ES,Federal Contract Tower,0,1,45,0,46,0,0,237,0,237,0,1,282,0,283,240,0,240,523
01/27/2019,LZU,GA,ASO,ES,Federal Contract Tower,0,3,48,0,51,0,0,154,0,154,0,3,202,0,205,158,0,158,363
01/28/2019,LZU,GA,ASO,ES,Federal Contract Tower,0,16,34,0,50,0,0,164,0,164,0,16,198,0,214,186,0,186,400
01/29/2019,LZU,GA,ASO,ES,Federal Contract Tower,0,8,17,0,25,0,0,16,0,16,0,8,33,0,41,34,0,34,75
01/30/2019,LZU,GA,ASO,ES,Federal Contract Tower,0,24,18,0,42,0,1,129,0,130,0,25,147,0,172,174,0,174,346
01/31/2019,LZU,GA,ASO,ES,Federal Contract Tower,0,20,45,0,65,0,0,151,0,151,0,20,196,0,216,258,0,258,474
02/01/2019,LZU,GA,ASO,ES,Federal Contract Tower,0,30,38,0,68,0,0,153,0,153,0,30,191,0,221,146,0,146,367
02/02/2019,LZU,GA,ASO,ES,Federal Contract Tower,0,9,38,0,47,0,0,103,0,103,0,9,141,0,150,32,0,32,182
02/03/2019,LZU,GA,ASO,ES,Federal Contract Tower,0,33,32,0,65,0,0,19,0,19,0,33,51,0,84,4,0,4,88
02/04/2019,LZU,GA,ASO,ES,Federal Contract Tower,0,74,63,0,137,0,114,0,0,114,0,188,63,0,251,106,0,106,357
02/05/2019,LZU,GA,ASO,ES,Federal Contract Tower,0,13,40,0,53,0,0,74,2,76,0,13,114,2,129,244,0,244,373
02/06/2019,LZU,GA,ASO,ES,Federal Contract Tower,0,12,39,0,51,0,0,15,0,15,0,12,54,0,66,0,0,0,66
02/07/2019,LZU,GA,ASO,ES,Federal Contract Tower,0,9,38,0,47,0,2,140,0,142,0,11,178,0,189,194,0,194,383
02/08/2019,LZU,GA,ASO,ES,Federal Contract Tower,0,11,52,0,63,0,0,107,0,107,0,11,159,0,170,70,0,70,240
02/09/2019,LZU,GA,ASO,ES,Federal Contract Tower,0,3,32,0,35,0,0,187,0,187,0,3,219,0,222,288,0,288,510
02/10/2019,LZU,GA,ASO,ES,Federal Contract Tower,0,2,16,0,18,0,0,19,0,19,0,2,35,0,37,72,0,72,109
02/11/2019,LZU,GA,ASO,ES,Federal Contract Tower,0,16,20,0,36,0,0,0,0,0,0,16,20,0,36,0,0,0,36
02/12/2019,LZU,GA,ASO,ES,Federal Contract Tower,0,15,18,0,33,0,0,0,0,0,0,15,18,0,33,0,0,0,33
02/13/2019,LZU,GA,ASO,ES,Federal Contract Tower,0,12,27,0,39,0,7,177,1,185,0,19,204,1,224,196,0,196,420
02/14/2019,LZU,GA,ASO,ES,Federal Contract Tower,0,10,46,0,56,0,2,170,0,172,0,12,216,0,228,306,0,306,534
02/15/2019,LZU,GA,ASO,ES,Federal Contract Tower,0,13,46,0,59,0,0,17,0,17,0,13,63,0,76,40,0,40,116
02/16/2019,LZU,GA,ASO,ES,Federal Contract Tower,0,3,29,0,32,0,0,143,0,143,0,3,172,0,175,278,0,278,453
02/17/2019,LZU,GA,ASO,ES,Federal Contract Tower,0,4,11,0,15,0,0,0,0,0,0,4,11,0,15,0,0,0,15
02/18/2019,LZU,GA,ASO,ES,Federal Contract Tower,0,14,45,0,59,0,0,138,0,138,0,14,183,0,197,244,0,244,441
02/19/2019,LZU,GA,ASO,ES,Federal Contract Tower,0,12,45,0,57,0,0,58,0,58,0,12,103,0,115,156,0,156,271
02/20/2019,LZU,GA,ASO,ES,Federal Contract Tower,0,14,10,0,24,0,0,0,0,0,0,14,10,0,24,0,0,0,24
02/21/2019,LZU,GA,ASO,ES,Federal Contract Tower,0,11,25,0,36,0,0,0,0,0,0,11,25,0,36,0,0,0,36
02/22/2019,LZU,GA,ASO,ES,Federal Contract Tower,0,12,27,0,39,0,0,0,0,0,0,12,27,0,39,0,0,0,39
02/23/2019,LZU,GA,ASO,ES,Federal Contract Tower,0,8,17,0,25,0,0,0,0,0,0,8,17,0,25,0,0,0,25
02/24/2019,LZU,GA,ASO,ES,Federal Contract Tower,0,5,28,0,33,0,0,56,0,56,0,5,84,0,89,76,0,76,165
02/25/2019,LZU,GA,ASO,ES,Federal Contract Tower,0,13,28,0,41,0,0,202,0,202,0,13,230,0,243,208,0,208,451
02/26/2019,LZU,GA,ASO,ES,Federal Contract Tower,0,10,55,0,65,0,0,164,0,164,0,10,219,0,229,296,0,296,525
02/27/2019,LZU,GA,ASO,ES,Federal Contract Tower,0,15,56,4,75,0,0,86,0,86,0,15,142,4,161,130,0,130,291
02/28/2019,LZU,GA,ASO,ES,Federal Contract Tower,0,18,44,0,62,0,0,2,0,2,0,18,46,0,64,0,0,0,64
03/01/2019,LZU,GA,ASO,ES,Federal Contract Tower,0,13,47,0,60,0,0,0,0,0,0,13,47,0,60,36,0,36,96
03/02/2019,LZU,GA,ASO,ES,Federal Contract Tower,0,5,25,0,30,0,0,197,0,197,0,5,222,0,227,238,0,238,465
03/03/2019,LZU,GA,ASO,ES,Federal Contract Tower,0,5,18,0,23,0,2,16,0,18,0,7,34,0,41,76,0,76,117
03/04/2019,LZU,GA,ASO,ES,Federal Contract Tower,0,13,40,0,53,0,0,91,0,91,0,13,131,0,144,194,0,194,338
03/05/2019,LZU,GA,ASO,ES,Federal Contract Tower,0,10,53,0,63,0,0,118,0,118,0,10,171,0,181,116,0,116,297
03/06/2019,LZU,GA,ASO,ES,Federal Contract Tower,0,12,37,0,49,0,0,186,0,186,0,12,223,0,235,290,0,290,525
03/07/2019,LZU,GA,ASO,ES,Federal Contract Tower,0,15,54,0,69,0,1,239,0,240,0,16,293,0,309,336,0,336,645
03/08/2019,LZU,GA,ASO,ES,Federal Contract Tower,0,12,38,0,50,0,2,113,0,115,0,14,151,0,165,198,0,198,363
03/09/2019,LZU,GA,ASO,ES,Federal Contract Tower,0,9,24,0,33,0,0,1,0,1,0,9,25,0,34,4,0,4,38
03/10/2019,LZU,GA,ASO,ES,Federal Contract Tower,0,3,32,0,35,0,2,83,0,85,0,5,115,0,120,202,0,202,322
03/11/2019,LZU,GA,ASO,ES,Federal Contract Tower,0,15,40,0,55,0,1,130,0,131,0,16,170,0,186,212,0,212,398
03/12/2019,LZU,GA,ASO,ES,Federal Contract Tower,0,10,38,0,48,0,1,202,0,203,0,11,240,0,251,286,0,286,537
03/13/2019,LZU,GA,ASO,ES,Federal Contract Tower,0,11,54,2,67,0,0,160,2,162,0,11,214,4,229,196,0,196,425
03/14/2019,LZU,GA,ASO,ES,Federal Contract Tower,0,19,44,2,65,0,0,15,0,15,0,19,59,2,80,60,0,60,140
03/15/2019,LZU,GA,ASO,ES,Federal Contract Tower,0,16,30,0,46,0,0,29,0,29,0,16,59,0,75,88,0,88,163
03/16/2019,LZU,GA,ASO,ES,Federal Contract Tower,0,9,27,0,36,0,0,196,0,196,0,9,223,0,232,118,0,118,350
03/17/2019,LZU,GA,ASO,ES,Federal Contract Tower,0,7,43,0,50,0,2,204,0,206,0,9,247,0,256,290,0,290,546
03/18/2019,LZU,GA,ASO,ES,Federal Contract Tower,0,9,49,0,58,0,2,133,0,135,0,11,182,0,193,78,0,78,271
03/19/2019,LZU,GA,ASO,ES,Federal Contract Tower,0,12,57,0,69,0,4,129,0,133,0,16,186,0,202,234,0,234,436
03/20/2019,LZU,GA,ASO,ES,Federal Contract Tower,0,9,36,0,45,0,0,175,0,175,0,9,211,0,220,296,0,296,516
03/21/2019,LZU,GA,ASO,ES,Federal Contract Tower,0,8,35,0,43,0,3,132,2,137,0,11,167,2,180,230,0,230,410
03/22/2019,LZU,GA,ASO,ES,Federal Contract Tower,0,7,40,0,47,0,0,142,0,142,0,7,182,0,189,108,0,108,297
03/23/2019,LZU,GA,ASO,ES,Federal Contract Tower,0,3,26,0,29,0,0,198,0,198,0,3,224,0,227,236,0,236,463
03/24/2019,LZU,GA,ASO,ES,Federal Contract Tower,0,5,36,0,41,0,2,146,0,148,0,7,182,0,189,222,0,222,411
03/25/2019,LZU,GA,ASO,ES,Federal Contract Tower,0,10,42,0,52,0,1,113,0,114,0,11,155,0,166,194,0,194,360
03/26/2019,LZU,GA,ASO,ES,Federal Contract Tower,0,11,54,0,65,0,1,119,2,122,0,12,173,2,187,312,0,312,499
03/27/2019,LZU,GA,ASO,ES,Federal Contract Tower,0,14,30,0,44,0,3,225,0,228,0,17,255,0,272,218,0,218,490
03/28/2019,LZU,GA,ASO,ES,Federal Contract Tower,0,20,35,0,55,0,1,203,0,204,0,21,238,0,259,192,0,192,451
03/29/2019,LZU,GA,ASO,ES,Federal Contract Tower,0,15,38,0,53,0,0,170,1,171,0,15,208,1,224,242,0,242,466
03/30/2019,LZU,GA,ASO,ES,Federal Contract Tower,0,3,39,0,42,0,0,156,0,156,0,3,195,0,198,90,0,90,288
03/31/2019,LZU,GA,ASO,ES,Federal Contract Tower,0,3,27,0,30,0,1,30,0,31,0,4,57,0,61,8,0,8,69
04/01/2019,LZU,GA,ASO,ES,Federal Contract Tower,0,7,37,0,44,0,1,143,0,144,0,8,180,0,188,254,0,254,442
04/02/2019,LZU,GA,ASO,ES,Federal Contract Tower,0,7,39,0,46,0,1,146,0,147,0,8,185,0,193,320,0,320,513
04/03/2019,LZU,GA,ASO,ES,Federal Contract Tower,0,13,41,0,54,0,0,160,0,160,0,13,201,0,214,268,0,268,482
04/04/2019,LZU,GA,ASO,ES,Federal Contract Tower,0,18,41,0,59,0,0,127,0,127,0,18,168,0,186,180,0,180,366
04/05/2019,LZU,GA,ASO,ES,Federal Contract Tower,0,15,39,1,55,0,1,14,2,17,0,16,53,3,72,46,0,46,118
04/06/2019,LZU,GA,ASO,ES,Federal Contract Tower,0,7,34,1,42,0,0,52,1,53,0,7,86,2,95,92,0,92,187
04/07/2019,LZU,GA,ASO,ES,Federal Contract Tower,0,1,26,0,27,0,0,88,0,88,0,1,114,0,115,214,0,214,329
04/08/2019,LZU,GA,ASO,ES,Federal Contract Tower,0,14,37,0,51,0,3,18,0,21,0,17,55,0,72,66,0,66,138
04/09/2019,LZU,GA,ASO,ES,Federal Contract Tower,0,7,42,0,49,0,0,28,0,28,0,7,70,0,77,42,0,42,119
04/10/2019,LZU,GA,ASO,ES,Federal Contract Tower,0,14,57,0,71,0,0,262,0,262,0,14,319,0,333,226,0,226,559
04/11/2019,LZU,GA,ASO,ES,Federal Contract Tower,0,11,41,0,52,0,0,150,0,150,0,11,191,0,202,204,0,204,406
04/12/2019,LZU,GA,ASO,ES,Federal Contract Tower,0,10,61,0,71,0,0,60,0,60,0,10,121,0,131,168,0,168,299
04/13/2019,LZU,GA,ASO,ES,Federal Contract Tower,0,4,27,0,31,0,0,67,0,67,0,4,94,0,98,54,0,54,152
04/14/2019,LZU,GA,ASO,ES,Federal Contract Tower,0,3,15,0,18,0,0,5,0,5,0,3,20,0,23,0,0,0,23
04/15/2019,LZU,GA,ASO,ES,Federal Contract Tower,0,15,26,0,41,0,0,93,0,93,0,15,119,0,134,82,0,82,216
04/16/2019,LZU,GA,ASO,ES,Federal Contract Tower,0,12,41,0,53,0,2,232,0,234,0,14,273,0,287,364,0,364,651
04/17/2019,LZU,GA,ASO,ES,Federal Contract Tower,0,15,60,0,75,0,0,191,0,191,0,15,251,0,266,356,0,356,622
04/18/2019,LZU,GA,ASO,ES,Federal Contract Tower,0,10,72,0,82,0,1,97,0,98,0,11,169,0,180,122,0,122,302
04/19/2019,LZU,GA,ASO,ES,Federal Contract Tower,0,8,20,0,28,0,0,4,0,4,0,8,24,0,32,0,0,0,32
04/20/2019,LZU,GA,ASO,ES,Federal Contract Tower,0,4,19,3,26,0,0,12,0,12,0,4,31,3,38,52,0,52,90
04/21/2019,LZU,GA,ASO,ES,Federal Contract Tower,0,6,34,0,40,0,0,111,0,111,0,6,145,0,151,112,0,112,263
04/22/2019,LZU,GA,ASO,ES,Federal Contract Tower,0,16,29,0,45,0,0,250,0,250,0,16,279,0,295,386,0,386,681
04/23/2019,LZU,GA,ASO,ES,Federal Contract Tower,0,10,42,0,52,0,0,169,1,170,0,10,211,1,222,302,2,304,526
04/24/2019,LZU,GA,ASO,ES,Federal Contract Tower,0,10,55,0,65,0,0,127,0,127,0,10,182,0,192,266,0,266,458
04/25/2019,LZU,GA,ASO,ES,Federal Contract Tower,0,15,75,0,90,0,0,142,0,142,0,15,217,0,232,278,2,280,512
04/26/2019,LZU,GA,ASO,ES,Federal Contract Tower,0,11,25,0,36,0,0,16,0,16,0,11,41,0,52,0,0,0,52
04/27/2019,LZU,GA,ASO,ES,Federal Contract Tower,0,3,28,0,31,0,0,222,0,222,0,3,250,0,253,130,0,130,383
04/28/2019,LZU,GA,ASO,ES,Federal Contract Tower,0,4,42,0,46,0,0,154,0,154,0,4,196,0,200,192,0,192,392
04/29/2019,LZU,GA,ASO,ES,Federal Contract Tower,0,16,56,0,72,0,3,165,1,169,0,19,221,1,241,236,0,236,477
04/30/2019,LZU,GA,ASO,ES,Federal Contract Tower,0,10,47,0,57,0,0,150,1,151,0,10,197,1,208,260,0,260,468
05/01/2019,LZU,GA,ASO,ES,Federal Contract Tower,0,16,73,0,89,0,0,80,0,80,0,16,153,0,169,280,0,280,449
05/02/2019,LZU,GA,ASO,ES,Federal Contract Tower,0,22,52,0,74,0,0,114,0,114,0,22,166,0,188,248,0,248,436
05/03/2019,LZU,GA,ASO,ES,Federal Contract Tower,0,14,51,0,65,0,0,46,0,46,0,14,97,0,111,108,0,108,219
05/04/2019,LZU,GA,ASO,ES,Federal Contract Tower,0,4,19,0,23,0,0,49,0,49,0,4,68,0,72,128,0,128,200
05/05/2019,LZU,GA,ASO,ES,Federal Contract Tower,0,6,32,0,38,0,0,49,0,49,0,6,81,0,87,54,0,54,141
05/06/2019,LZU,GA,ASO,ES,Federal Contract Tower,0,18,36,0,54,0,0,171,0,171,0,18,207,0,225,428,0,428,653
05/07/2019,LZU,GA,ASO,ES,Federal Contract Tower,0,11,53,0,64,0,2,137,0,139,0,13,190,0,203,290,0,290,493
05/08/2019,LZU,GA,ASO,ES,Federal Contract Tower,0,17,59,0,76,0,1,125,0,126,0,18,184,0,202,164,0,164,366
05/09/2019,LZU,GA,ASO,ES,Federal Contract Tower,0,19,55,1,75,0,0,89,0,89,0,19,144,1,164,130,0,130,294
05/10/2019,LZU,GA,ASO,ES,Federal Contract Tower,0,9,51,0,60,0,3,61,0,64,0,12,112,0,124,272,0,272,396
05/11/2019,LZU,GA,ASO,ES,Federal Contract Tower,0,1,25,0,26,0,0,9,0,9,0,1,34,0,35,14,0,14,49
05/12/2019,LZU,GA,ASO,ES,Federal Contract Tower,0,3,23,0,26,0,0,6,0,6,0,3,29,0,32,0,0,0,32
05/13/2019,LZU,GA,ASO,ES,Federal Contract Tower,0,16,57,0,73,0,1,124,0,125,0,17,181,0,198,122,0,122,320
05/14/2019,LZU,GA,ASO,ES,Federal Contract Tower,0,10,45,0,55,0,1,181,0,182,0,11,226,0,237,244,0,244,481
05/15/2019,LZU,GA,ASO,ES,Federal Contract Tower,0,9,55,0,64,0,2,141,0,143,0,11,196,0,207,200,0,200,407
05/16/2019,LZU,GA,ASO,ES,Federal Contract Tower,0,11,49,0,60,0,0,118,4,122,0,11,167,4,182,196,0,196,378
05/17/2019,LZU,GA,ASO,ES,Federal Contract Tower,0,12,53,0,65,0,1,157,0,158,0,13,210,0,223,166,0,166,389
05/18/2019,LZU,GA,ASO,ES,Federal Contract Tower,0,6,21,0,27,0,0,234,0,234,0,6,255,0,261,128,0,128,389
05/19/2019,LZU,GA,ASO,ES,Federal Contract Tower,0,8,39,0,47,0,0,115,0,115,0,8,154,0,162,78,0,78,240
05/20/2019,LZU,GA,ASO,ES,Federal Contract Tower,0,15,43,0,58,0,0,116,0,116,0,15,159,0,174,208,0,208,382
05/21/2019,LZU,GA,ASO,ES,Federal Contract Tower,0,23,44,0,67,0,0,144,0,144,0,23,188,0,211,266,0,266,477
05/22/2019,LZU,GA,ASO,ES,Federal Contract Tower,0,11,44,0,55,0,1,179,0,180,0,12,223,0,235,284,0,284,519
05/23/2019,LZU,GA,ASO,ES,Federal Contract Tower,0,13,42,0,55,0,0,152,0,152,0,13,194,0,207,278,0,278,485
05/24/2019,LZU,GA,ASO,ES,Federal Contract Tower,0,13,36,0,49,0,0,145,0,145,0,13,181,0,194,436,0,436,630
05/25/2019,LZU,GA,ASO,ES,Federal Contract Tower,0,2,26,0,28,0,0,113,0,113,0,2,139,0,141,80,0,80,221
05/26/2019,LZU,GA,ASO,ES,Federal Contract Tower,0,2,30,0,32,0,0,91,0,91,0,2,121,0,123,92,0,92,215
05/27/2019,LZU,GA,ASO,ES,Federal Contract Tower,0,1,24,0,25,0,0,129,0,129,0,1,153,0,154,160,0,160,314
05/28/2019,LZU,GA,ASO,ES,Federal Contract Tower,0,12,27,0,39,0,0,132,0,132,0,12,159,0,171,274,0,274,445
05/29/2019,LZU,GA,ASO,ES,Federal Contract Tower,0,12,28,0,40,0,5,178,0,183,0,17,206,0,223,366,0,366,589
05/30/2019,LZU,GA,ASO,ES,Federal Contract Tower,0,17,30,0,47,0,0,162,2,164,0,17,192,2,211,344,0,344,555
05/31/2019,LZU,GA,ASO,ES,Federal Contract Tower,0,12,21,0,33,0,0,126,0,126,0,12,147,0,159,298,0,298,457
06/01/2019,LZU,GA,ASO,ES,Federal Contract Tower,0,5,26,0,31,0,0,192,0,192,0,5,218,0,223,160,0,160,383
06/02/2019,LZU,GA,ASO,ES,Federal Contract Tower,0,3,15,0,18,0,0,129,0,129,0,3,144,0,147,128,0,128,275
06/03/2019,LZU,GA,ASO,ES,Federal Contract Tower,0,9,31,0,40,0,0,185,0,185,0,9,216,0,225,362,0,362,587
06/04/2019,LZU,GA,ASO,ES,Federal Contract Tower,0,17,49,0,66,0,0,122,0,122,0,17,171,0,188,286,0,286,474
06/05/2019,LZU,GA,ASO,ES,Federal Contract Tower,0,21,52,0,73,0,0,35,0,35,0,21,87,0,108,86,0,86,194
06/06/2019,LZU,GA,ASO,ES,Federal Contract Tower,0,17,39,0,56,0,1,82,0,83,0,18,121,0,139,186,0,186,325
06/07/2019,LZU,GA,ASO,ES,Federal Contract Tower,0,24,29,0,53,0,0,24,0,24,0,24,53,0,77,30,0,30,107
06/08/2019,LZU,GA,ASO,ES,Federal Contract Tower,0,8,10,0,18,0,0,0,0,0,0,8,10,0,18,0,0,0,18
06/09/2019,LZU,GA,ASO,ES,Federal Contract Tower,0,9,17,0,26,0,0,2,0,2,0,9,19,0,28,0,0,0,28
06/10/2019,LZU,GA,ASO,ES,Federal Contract Tower,0,14,36,0,50,0,0,17,0,17,0,14,53,0,67,36,0,36,103
06/11/2019,LZU,GA,ASO,ES,Federal Contract Tower,0,13,43,0,56,0,6,155,0,161,0,19,198,0,217,230,0,230,447
06/12/2019,LZU,GA,ASO,ES,Federal Contract Tower,0,13,69,0,82,0,0,32,0,32,0,13,101,0,114,74,0,74,188
06/13/2019,LZU,GA,ASO,ES,Federal Contract Tower,0,15,52,0,67,0,0,129,0,129,0,15,181,0,196,158,0,158,354
06/14/2019,LZU,GA,ASO,ES,Federal Contract Tower,0,22,42,0,64,0,0,174,0,174,0,22,216,0,238,250,0,250,488
06/15/2019,LZU,GA,ASO,ES,Federal Contract Tower,0,3,19,0,22,0,0,261,0,261,0,3,280,0,283,192,0,192,475
06/16/2019,LZU,GA,ASO,ES,Federal Contract Tower,0,8,30,0,38,0,0,117,0,117,0,8,147,0,155,236,0,236,391
06/17/2019,LZU,GA,ASO,ES,Federal Contract Tower,0,12,40,0,52,0,0,159,0,159,0,12,199,0,211,266,0,266,477
06/18/2019,LZU,GA,ASO,ES,Federal Contract Tower,0,23,29,0,52,0,1,26,0,27,0,24,55,0,79,58,0,58,137
06/19/2019,LZU,GA,ASO,ES,Federal Contract Tower,0,19,47,0,66,0,2,96,0,98,0,21,143,0,164,150,0,150,314
06/20/2019,LZU,GA,ASO,ES,Federal Contract Tower,0,15,24,0,39,0,0,90,0,90,0,15,114,0,129,112,0,112,241
06/21/2019,LZU,GA,ASO,ES,Federal Contract Tower,0,13,31,0,44,0,0,199,0,199,0,13,230,0,243,250,0,250,493
06/22/2019,LZU,GA,ASO,ES,Federal Contract Tower,0,3,20,0,23,0,0,120,0,120,0,3,140,0,143,270,0,270,413
06/23/2019,LZU,GA,ASO,ES,Federal Contract Tower,0,3,23,0,26,0,0,109,0,109,0,3,132,0,135,224,0,224,359
06/24/2019,LZU,GA,ASO,ES,Federal Contract Tower,0,18,61,0,79,0,5,87,0,92,0,23,148,0,171,156,0,156,327
06/25/2019,LZU,GA,ASO,ES,Federal Contract Tower,0,15,49,0,64,0,1,138,0,139,0,16,187,0,203,270,0,270,473
06/26/2019,LZU,GA,ASO,ES,Federal Contract Tower,0,10,55,0,65,0,2,177,0,179,0,12,232,0,244,296,0,296,540
06/27/2019,LZU,GA,ASO,ES,Federal Contract Tower,0,19,55,0,74,0,0,191,0,191,0,19,246,0,265,326,0,326,591
06/28/2019,LZU,GA,ASO,ES,Federal Contract Tower,0,18,41,0,59,0,0,180,0,180,0,18,221,0,239,256,0,256,495
06/29/2019,LZU,GA,ASO,ES,Federal Contract Tower,0,2,28,0,30,0,0,166,0,166,0,2,194,0,196,190,0,190,386
06/30/2019,LZU,GA,ASO,ES,Federal Contract Tower,0,4,18,0,22,0,0,141,0,141,0,4,159,0,163,196,0,196,359
07/01/2019,LZU,GA,ASO,ES,Federal Contract Tower,0,11,29,0,40,0,0,149,0,149,0,11,178,0,189,238,0,238,427
07/02/2019,LZU,GA,ASO,ES,Federal Contract Tower,0,12,38,0,50,0,2,169,0,171,0,14,207,0,221,254,0,254,475
07/03/2019,LZU,GA,ASO,ES,Federal Contract Tower,0,13,30,0,43,0,0,198,0,198,0,13,228,0,241,180,0,180,421
07/04/2019,LZU,GA,ASO,ES,Federal Contract Tower,0,3,15,0,18,0,0,78,0,78,0,3,93,0,96,66,0,66,162
07/05/2019,LZU,GA,ASO,ES,Federal Contract Tower,0,6,20,0,26,0,0,75,0,75,0,6,95,0,101,104,0,104,205
07/06/2019,LZU,GA,ASO,ES,Federal Contract Tower,0,1,36,0,37,0,0,58,0,58,0,1,94,0,95,112,0,112,207
07/07/2019,LZU,GA,ASO,ES,Federal Contract Tower,0,5,29,0,34,0,0,102,0,102,0,5,131,0,136,88,0,88,224
07/08/2019,LZU,GA,ASO,ES,Federal Contract Tower,0,12,36,0,48,0,0,115,0,115,0,12,151,0,163,228,0,228,391
07/09/2019,LZU,GA,ASO,ES,Federal Contract Tower,0,11,50,0,61,0,0,76,0,76,0,11,126,0,137,214,0,214,351
07/10/2019,LZU,GA,ASO,ES,Federal Contract Tower,0,8,51,0,59,0,0,68,0,68,0,8,119,0,127,288,0,288,415
07/11/2019,LZU,GA,ASO,ES,Federal Contract Tower,0,13,44,0,57,0,1,47,0,48,0,14,91,0,105,234,0,234,339
07/12/2019,LZU,GA,ASO,ES,Federal Contract Tower,0,12,49,0,61,0,0,0,0,0,0,12,49,0,61,250,0,250,311
07/13/2019,LZU,GA,ASO,ES,Federal Contract Tower,0,4,23,0,27,0,0,117,0,117,0,4,140,0,144,192,0,192,336
07/14/2019,LZU,GA,ASO,ES,Federal Contract Tower,0,1,27,0,28,0,0,128,0,128,0,1,155,0,156,218,0,218,374
07/15/2019,LZU,GA,ASO,ES,Federal Contract Tower,0,9,37,0,46,0,0,143,0,143,0,9,180,0,189,98,0,98,287
07/16/2019,LZU,GA,ASO,ES,Federal Contract Tower,0,15,33,0,48,0,0,167,0,167,0,15,200,0,215,214,0,214,429
07/17/2019,LZU,GA,ASO,ES,Federal Contract Tower,0,10,47,0,57,0,0,157,0,157,0,10,204,0,214,214,0,214,428
07/18/2019,LZU,GA,ASO,ES,Federal Contract Tower,0,10,49,0,59,0,0,121,0,121,0,10,170,0,180,260,0,260,440
07/19/2019,LZU,GA,ASO,ES,Federal Contract Tower,0,14,29,0,43,0,0,98,0,98,0,14,127,0,141,186,0,186,327
07/20/2019,LZU,GA,ASO,ES,Federal Contract Tower,0,2,33,0,35,0,0,20,0,20,0,2,53,0,55,34,0,34,89
07/21/2019,LZU,GA,ASO,ES,Federal Contract Tower,0,8,35,0,43,0,0,91,0,91,0,8,126,0,134,176,0,176,310
07/22/2019,LZU,GA,ASO,ES,Federal Contract Tower,0,9,48,0,57,0,0,126,0,126,0,9,174,0,183,324,0,324,507
07/23/2019,LZU,GA,ASO,ES,Federal Contract Tower,0,10,30,0,40,0,0,41,0,41,0,10,71,0,81,74,0,74,155
07/24/2019,LZU,GA,ASO,ES,Federal Contract Tower,0,12,29,0,41,0,0,198,0,198,0,12,227,0,239,364,0,364,603
07/25/2019,LZU,GA,ASO,ES,Federal Contract Tower,0,11,42,0,53,0,1,174,0,175,0,12,216,0,228,216,0,216,444
07/26/2019,LZU,GA,ASO,ES,Federal Contract Tower,0,12,37,0,49,0,4,151,0,155,0,16,188,0,204,236,0,236,440
07/27/2019,LZU,GA,ASO,ES,Federal Contract Tower,0,3,28,0,31,0,0,197,0,197,0,3,225,0,228,228,0,228,456
07/28/2019,LZU,GA,ASO,ES,Federal Contract Tower,0,4,28,0,32,0,0,119,0,119,0,4,147,0,151,60,0,60,211
07/29/2019,LZU,GA,ASO,ES,Federal Contract Tower,0,13,55,0,68,0,2,138,0,140,0,15,193,0,208,266,0,266,474
07/30/2019,LZU,GA,ASO,ES,Federal Contract Tower,0,13,35,0,48,0,0,152,0,152,0,13,187,0,200,402,0,402,602
07/31/2019,LZU,GA,ASO,ES,Federal Contract Tower,0,4,38,0,42,0,2,157,2,161,0,6,195,2,203,396,0,396,599
08/01/2019,LZU,GA,ASO,ES,Federal Contract Tower,0,9,30,0,39,0,0,109,0,109,0,9,139,0,148,304,0,304,452
08/02/2019,LZU,GA,ASO,ES,Federal Contract Tower,0,13,41,0,54,0,0,30,0,30,0,13,71,0,84,50,0,50,134
08/03/2019,LZU,GA,ASO,ES,Federal Contract Tower,0,2,26,0,28,0,0,135,4,139,0,2,161,4,167,216,0,216,383
08/04/2019,LZU,GA,ASO,ES,Federal Contract Tower,0,5,26,1,32,0,0,51,0,51,0,5,77,1,83,160,0,160,243
08/05/2019,LZU,GA,ASO,ES,Federal Contract Tower,0,14,32,0,46,0,0,116,0,116,0,14,148,0,162,278,0,278,440
08/06/2019,LZU,GA,ASO,ES,Federal Contract Tower,0,15,41,1,57,0,0,175,0,175,0,15,216,1,232,346,0,346,578
08/07/2019,LZU,GA,ASO,ES,Federal Contract Tower,0,15,37,0,52,0,0,190,1,191,0,15,227,1,243,222,2,224,467
08/08/2019,LZU,GA,ASO,ES,Federal Contract Tower,0,15,34,0,49,0,0,184,0,184,0,15,218,0,233,288,0,288,521
08/09/2019,LZU,GA,ASO,ES,Federal Contract Tower,0,12,23,0,35,0,1,177,0,178,0,13,200,0,213,274,0,274,487
08/10/2019,LZU,GA,ASO,ES,Federal Contract Tower,0,3,13,0,16,0,0,135,0,135,0,3,148,0,151,222,0,222,373
08/11/2019,LZU,GA,ASO,ES,Federal Contract Tower,0,0,30,0,30,0,1,97,0,98,0,1,127,0,128,120,0,120,248
08/12/2019,LZU,GA,ASO,ES,Federal Contract Tower,0,10,28,0,38,0,1,148,0,149,0,11,176,0,187,374,0,374,561
08/13/2019,LZU,GA,ASO,ES,Federal Contract Tower,0,12,34,0,46,0,0,175,1,176,0,12,209,1,222,322,0,322,544
08/14/2019,LZU,GA,ASO,ES,Federal Contract Tower,0,11,36,0,47,0,0,176,0,176,0,11,212,0,223,264,0,264,487
08/15/2019,LZU,GA,ASO,ES,Federal Contract Tower,0,10,32,0,42,0,0,199,0,199,0,10,231,0,241,284,0,284,525
08/16/2019,LZU,GA,ASO,ES,Federal Contract Tower,0,15,22,0,37,0,2,216,0,218,0,17,238,0,255,378,0,378,633
08/17/2019,LZU,GA,ASO,ES,Federal Contract Tower,0,4,27,0,31,0,0,254,0,254,0,4,281,0,285,182,0,182,467
08/18/2019,LZU,GA,ASO,ES,Federal Contract Tower,0,5,31,0,36,0,0,135,0,135,0,5,166,0,171,262,0,262,433
08/19/2019,LZU,GA,ASO,ES,Federal Contract Tower,0,10,31,0,41,0,0,108,0,108,0,10,139,0,149,242,0,242,391
08/20/2019,LZU,GA,ASO,ES,Federal Contract Tower,0,14,45,0,59,0,0,103,0,103,0,14,148,0,162,242,0,242,404
08/21/2019,LZU,GA,ASO,ES,Federal Contract Tower,0,9,34,0,43,0,5,174,0,179,0,14,208,0,222,332,0,332,554
08/22/2019,LZU,GA,ASO,ES,Federal Contract Tower,0,14,41,0,55,0,0,156,0,156,0,14,197,0,211,310,0,310,521
08/23/2019,LZU,GA,ASO,ES,Federal Contract Tower,0,14,36,0,50,0,2,137,1,140,0,16,173,1,190,196,0,196,386
08/24/2019,LZU,GA,ASO,ES,Federal Contract Tower,0,3,28,0,31,0,0,109,0,109,0,3,137,0,140,114,0,114,254
08/25/2019,LZU,GA,ASO,ES,Federal Contract Tower,0,7,23,0,30,0,0,23,0,23,0,7,46,0,53,70,0,70,123
08/26/2019,LZU,GA,ASO,ES,Federal Contract Tower,0,8,27,0,35,0,0,62,0,62,0,8,89,0,97,366,0,366,463
08/27/2019,LZU,GA,ASO,ES,Federal Contract Tower,0,10,29,0,39,0,0,1,0,1,0,10,30,0,40,0,0,0,40
08/28/2019,LZU,GA,ASO,ES,Federal Contract Tower,0,13,58,0,71,0,5,173,0,178,0,18,231,0,249,144,0,144,393
08/29/2019,LZU,GA,ASO,ES,Federal Contract Tower,0,12,61,0,73,0,1,166,0,167,0,13,227,0,240,250,0,250,490
08/30/2019,LZU,GA,ASO,ES,Federal Contract Tower,0,8,50,0,58,0,3,215,0,218,0,11,265,0,276,316,0,316,592
08/31/2019,LZU,GA,ASO,ES,Federal Contract Tower,0,6,28,0,34,0,0,169,0,169,0,6,197,0,203,344,0,344,547
09/01/2019,LZU,GA,ASO,ES,Federal Contract Tower,0,5,25,0,30,0,2,129,0,131,0,7,154,0,161,260,0,260,421
09/02/2019,LZU,GA,ASO,ES,Federal Contract Tower,0,2,38,0,40,0,0,130,0,130,0,2,168,0,170,274,0,274,444
09/03/2019,LZU,GA,ASO,ES,Federal Contract Tower,0,17,29,0,46,0,0,196,0,196,0,17,225,0,242,296,0,296,538
09/04/2019,LZU,GA,ASO,ES,Federal Contract Tower,0,7,33,0,40,0,0,177,0,177,0,7,210,0,217,212,0,212,429
09/05/2019,LZU,GA,ASO,ES,Federal Contract Tower,0,10,50,0,60,0,0,145,0,145,0,10,195,0,205,144,0,144,349
09/06/2019,LZU,GA,ASO,ES,Federal Contract Tower,0,6,40,0,46,0,0,140,0,140,0,6,180,0,186,224,0,224,410
09/07/2019,LZU,GA,ASO,ES,Federal Contract Tower,0,2,31,0,33,0,1,127,0,128,0,3,158,0,161,258,0,258,419
09/08/2019,LZU,GA,ASO,ES,Federal Contract Tower,0,4,30,0,34,0,0,138,0,138,0,4,168,0,172,208,0,208,380
09/09/2019,LZU,GA,ASO,ES,Federal Contract Tower,0,10,37,0,47,0,2,125,0,127,0,12,162,0,174,292,0,292,466
09/10/2019,LZU,GA,ASO,ES,Federal Contract Tower,0,11,30,0,41,0,0,119,0,119,0,11,149,0,160,206,0,206,366
09/11/2019,LZU,GA,ASO,ES,Federal Contract Tower,0,13,23,0,36,0,4,143,0,147,0,17,166,0,183,182,0,182,365
09/12/2019,LZU,GA,ASO,ES,Federal Contract Tower,0,14,49,0,63,0,0,146,0,146,0,14,195,0,209,116,0,116,325
09/13/2019,LZU,GA,ASO,ES,Federal Contract Tower,0,17,44,0,61,0,0,127,0,127,0,17,171,0,188,196,0,196,384
09/14/2019,LZU,GA,ASO,ES,Federal Contract Tower,0,2,22,0,24,0,0,40,6,46,0,2,62,6,70,138,0,138,208
09/15/2019,LZU,GA,ASO,ES,Federal Contract Tower,0,5,18,2,25,0,0,129,0,129,0,5,147,2,154,290,0,290,444
09/16/2019,LZU,GA,ASO,ES,Federal Contract Tower,0,18,34,0,52,0,0,134,0,134,0,18,168,0,186,238,0,238,424
09/17/2019,LZU,GA,ASO,ES,Federal Contract Tower,0,8,42,0,50,0,0,177,0,177,0,8,219,0,227,140,0,140,367
09/18/2019,LZU,GA,ASO,ES,Federal Contract Tower,0,11,64,0,75,0,0,105,0,105,0,11,169,0,180,178,0,178,358
09/19/2019,LZU,GA,ASO,ES,Federal Contract Tower,0,8,42,0,50,0,0,125,0,125,0,8,167,0,175,218,0,218,393
09/20/2019,LZU,GA,ASO,ES,Federal Contract Tower,0,15,37,0,52,0,0,165,0,165,0,15,202,0,217,284,0,284,501
09/21/2019,LZU,GA,ASO,ES,Federal Contract Tower,0,7,29,0,36,0,2,201,0,203,0,9,230,0,239,270,0,270,509
09/22/2019,LZU,GA,ASO,ES,Federal Contract Tower,0,6,29,0,35,0,0,156,0,156,0,6,185,0,191,244,0,244,435
09/23/2019,LZU,GA,ASO,ES,Federal Contract Tower,0,9,27,0,36,0,0,155,0,155,0,9,182,0,191,214,0,214,405
09/24/2019,LZU,GA,ASO,ES,Federal Contract Tower,0,16,25,0,41,0,0,186,0,186,0,16,211,0,227,282,0,282,509
09/25/2019,LZU,GA,ASO,ES,Federal Contract Tower,0,15,34,0,49,0,0,155,0,155,0,15,189,0,204,240,0,240,444
09/26/2019,LZU,GA,ASO,ES,Federal Contract Tower,0,13,47,0,60,0,0,127,0,127,0,13,174,0,187,128,0,128,315
09/27/2019,LZU,GA,ASO,ES,Federal Contract Tower,0,10,37,0,47,0,3,168,0,171,0,13,205,0,218,288,0,288,506
09/28/2019,LZU,GA,ASO,ES,Federal Contract Tower,0,3,23,0,26,0,0,75,0,75,0,3,98,0,101,180,0,180,281
09/29/2019,LZU,GA,ASO,ES,Federal Contract Tower,0,3,32,0,35,0,0,125,0,125,0,3,157,0,160,192,0,192,352
09/30/2019,LZU,GA,ASO,ES,Federal Contract Tower,0,13,35,0,48,0,0,106,0,106,0,13,141,0,154,240,0,240,394
10/01/2019,LZU,GA,ASO,ES,Federal Contract Tower,0,14,27,0,41,0,2,168,0,170,0,16,195,0,211,348,0,348,559
10/02/2019,LZU,GA,ASO,ES,Federal Contract Tower,0,12,43,0,55,0,1,184,0,185,0,13,227,0,240,254,0,254,494
10/03/2019,LZU,GA,ASO,ES,Federal Contract Tower,0,16,40,0,56,0,2,148,0,150,0,18,188,0,206,278,0,278,484
10/04/2019,LZU,GA,ASO,ES,Federal Contract Tower,0,10,56,0,66,0,0,221,0,221,0,10,277,0,287,340,0,340,627
10/05/2019,LZU,GA,ASO,ES,Federal Contract Tower,0,2,29,0,31,0,0,37,0,37,0,2,66,0,68,102,0,102,170
10/06/2019,LZU,GA,ASO,ES,Federal Contract Tower,0,10,29,0,39,0,0,35,0,35,0,10,64,0,74,120,0,120,194
10/07/2019,LZU,GA,ASO,ES,Federal Contract Tower,0,18,55,0,73,0,2,118,0,120,0,20,173,0,193,310,0,310,503
10/08/2019,LZU,GA,ASO,ES,Federal Contract Tower,0,19,61,0,80,0,0,109,0,109,0,19,170,0,189,194,0,194,383
10/09/2019,LZU,GA,ASO,ES,Federal Contract Tower,0,12,96,0,108,0,0,53,0,53,0,12,149,0,161,108,0,108,269
10/10/2019,LZU,GA,ASO,ES,Federal Contract Tower,0,16,62,0,78,0,0,96,0,96,0,16,158,0,174,150,0,150,324
10/11/2019,LZU,GA,ASO,ES,Federal Contract Tower,0,18,52,0,70,0,0,182,0,182,0,18,234,0,252,314,0,314,566
10/12/2019,LZU,GA,ASO,ES,Federal Contract Tower,0,4,23,0,27,0,0,177,0,177,0,4,200,0,204,246,0,246,450
10/13/2019,LZU,GA,ASO,ES,Federal Contract Tower,0,7,47,0,54,0,0,8,0,8,0,7,55,0,62,12,0,12,74
10/14/2019,LZU,GA,ASO,ES,Federal Contract Tower,0,13,42,0,55,0,0,193,0,193,0,13,235,0,248,270,0,270,518
10/15/2019,LZU,GA,ASO,ES,Federal Contract Tower,0,14,36,0,50,0,0,94,0,94,0,14,130,0,144,384,0,384,528
10/16/2019,LZU,GA,ASO,ES,Federal Contract Tower,0,11,45,0,56,0,0,47,0,47,0,11,92,0,103,90,0,90,193
10/17/2019,LZU,GA,ASO,ES,Federal Contract Tower,0,16,39,0,55,0,1,172,0,173,0,17,211,0,228,256,0,256,484
10/18/2019,LZU,GA,ASO,ES,Federal Contract Tower,0,15,54,0,69,0,0,189,2,191,0,15,243,2,260,350,0,350,610
10/19/2019,LZU,GA,ASO,ES,Federal Contract Tower,0,2,6,0,8,0,0,3,0,3,0,2,9,0,11,14,0,14,25
10/20/2019,LZU,GA,ASO,ES,Federal Contract Tower,0,1,26,0,27,0,0,111,0,111,0,1,137,0,138,210,0,210,348
10/21/2019,LZU,GA,ASO,ES,Federal Contract Tower,0,11,40,0,51,0,0,86,0,86,0,11,126,0,137,176,0,176,313
10/22/2019,LZU,GA,ASO,ES,Federal Contract Tower,0,14,40,0,54,0,0,107,0,107,0,14,147,0,161,176,4,180,341
10/23/2019,LZU,GA,ASO,ES,Federal Contract Tower,0,18,56,0,74,0,1,204,0,205,0,19,260,0,279,270,0,270,549
10/24/2019,LZU,GA,ASO,ES,Federal Contract Tower,0,12,53,0,65,0,0,201,0,201,0,12,254,0,266,264,0,264,530
10/25/2019,LZU,GA,ASO,ES,Federal Contract Tower,0,13,55,0,68,0,0,30,0,30,0,13,85,0,98,86,0,86,184
10/26/2019,LZU,GA,ASO,ES,Federal Contract Tower,0,2,35,0,37,0,0,8,0,8,0,2,43,0,45,0,0,0,45
10/27/2019,LZU,GA,ASO,ES,Federal Contract Tower,0,3,36,0,39,0,0,124,0,124,0,3,160,0,163,210,0,210,373
10/28/2019,LZU,GA,ASO,ES,Federal Contract Tower,0,26,49,0,75,0,6,156,0,162,0,32,205,0,237,202,0,202,439
10/29/2019,LZU,GA,ASO,ES,Federal Contract Tower,0,11,40,0,51,0,2,103,0,105,0,13,143,0,156,246,0,246,402
10/30/2019,LZU,GA,ASO,ES,Federal Contract Tower,0,14,14,0,28,0,0,0,0,0,0,14,14,0,28,0,0,0,28
10/31/2019,LZU,GA,ASO,ES,Federal Contract Tower,0,12,20,0,32,0,0,2,0,2,0,12,22,0,34,0,0,0,34
11/01/2019,LZU,GA,ASO,ES,Federal Contract Tower,0,20,40,0,60,0,6,201,0,207,0,26,241,0,267,360,0,360,627
11/02/2019,LZU,GA,ASO,ES,Federal Contract Tower,0,3,26,0,29,0,0,207,0,207,0,3,233,0,236,232,0,232,468
11/03/2019,LZU,GA,ASO,ES,Federal Contract Tower,0,7,34,0,41,0,0,161,0,161,0,7,195,0,202,220,0,220,422
11/04/2019,LZU,GA,ASO,ES,Federal Contract Tower,0,12,48,2,62,0,0,174,0,174,0,12,222,2,236,196,0,196,432
11/05/2019,LZU,GA,ASO,ES,Federal Contract Tower,0,10,42,2,54,0,0,104,0,104,0,10,146,2,158,288,0,288,446
11/06/2019,LZU,GA,ASO,ES,Federal Contract Tower,0,14,32,0,46,0,1,173,0,174,0,15,205,0,220,338,0,338,558
11/07/2019,LZU,GA,ASO,ES,Federal Contract Tower,0,16,67,0,83,0,2,45,0,47,0,18,112,0,130,100,0,100,230
11/08/2019,LZU,GA,ASO,ES,Federal Contract Tower,0,20,75,0,95,0,0,52,0,52,0,20,127,0,147,36,0,36,183
11/09/2019,LZU,GA,ASO,ES,Federal Contract Tower,0,7,21,0,28,0,0,204,0,204,0,7,225,0,232,288,0,288,520
11/10/2019,LZU,GA,ASO,ES,Federal Contract Tower,0,2,31,0,33,0,0,200,0,200,0,2,231,0,233,260,0,260,493
11/11/2019,LZU,GA,ASO,ES,Federal Contract Tower,0,7,37,0,44,0,2,200,0,202,0,9,237,0,246,184,0,184,430
11/12/2019,LZU,GA,ASO,ES,Federal Contract Tower,0,10,17,0,27,0,0,44,0,44,0,10,61,0,71,54,0,54,125
11/13/2019,LZU,GA,ASO,ES,Federal Contract Tower,0,12,33,0,45,0,0,140,0,140,0,12,173,0,185,192,0,192,377
11/14/2019,LZU,GA,ASO,ES,Federal Contract Tower,0,8,50,0,58,0,0,42,0,42,0,8,92,0,100,156,0,156,256
11/15/2019,LZU,GA,ASO,ES,Federal Contract Tower,0,11,23,0,34,0,0,10,0,10,0,11,33,0,44,32,0,32,76
11/16/2019,LZU,GA,ASO,ES,Federal Contract Tower,0,4,28,0,32,0,0,270,0,270,0,4,298,0,302,242,0,242,544
11/17/2019,LZU,GA,ASO,ES,Federal Contract Tower,0,1,23,0,24,0,0,110,0,110,0,1,133,0,134,144,0,144,278
11/18/2019,LZU,GA,ASO,ES,Federal Contract Tower,0,14,39,0,53,0,0,115,0,115,0,14,154,0,168,196,0,196,364
11/19/2019,LZU,GA,ASO,ES,Federal Contract Tower,0,15,34,0,49,0,1,182,0,183,0,16,216,0,232,386,0,386,618
11/20/2019,LZU,GA,ASO,ES,Federal Contract Tower,0,14,45,0,59,0,0,177,1,178,0,14,222,1,237,320,0,320,557
11/21/2019,LZU,GA,ASO,ES,Federal Contract Tower,0,10,53,0,63,0,3,194,0,197,0,13,247,0,260,312,0,312,572
11/22/2019,LZU,GA,ASO,ES,Federal Contract Tower,0,26,43,1,70,0,0,128,0,128,0,26,171,1,198,280,0,280,478
11/23/2019,LZU,GA,ASO,ES,Federal Contract Tower,0,3,13,1,17,0,0,2,0,2,0,3,15,1,19,4,0,4,23
11/24/2019,LZU,GA,ASO,ES,Federal Contract Tower,0,9,30,1,40,0,0,136,1,137,0,9,166,2,177,120,0,120,297
11/25/2019,LZU,GA,ASO,ES,Federal Contract Tower,0,12,48,0,60,0,1,236,0,237,0,13,284,0,297,330,0,330,627
11/26/2019,LZU,GA,ASO,ES,Federal Contract Tower,0,16,39,0,55,0,0,159,0,159,0,16,198,0,214,372,0,372,586
11/27/2019,LZU,GA,ASO,ES,Federal Contract Tower,0,14,30,0,44,0,0,34,0,34,0,14,64,0,78,50,0,50,128
11/28/2019,LZU,GA,ASO,ES,Federal Contract Tower,0,3,8,0,11,0,0,60,0,60,0,3,68,0,71,74,0,74,145
11/29/2019,LZU,GA,ASO,ES,Federal Contract Tower,0,10,20,0,30,0,0,107,0,107,0,10,127,0,137,166,0,166,303
11/30/2019,LZU,GA,ASO,ES,Federal Contract Tower,0,2,39,0,41,0,0,138,0,138,0,2,177,0,179,112,0,112,291
12/01/2019,LZU,GA,ASO,ES,Federal Contract Tower,0,13,20,0,33,0,0,53,0,53,0,13,73,0,86,72,0,72,158
12/02/2019,LZU,GA,ASO,ES,Federal Contract Tower,0,10,23,0,33,0,4,50,0,54,0,14,73,0,87,46,0,46,133
12/03/2019,LZU,GA,ASO,ES,Federal Contract Tower,0,17,42,0,59,0,6,140,0,146,0,23,182,0,205,252,0,252,457
12/04/2019,LZU,GA,ASO,ES,Federal Contract Tower,0,11,33,0,44,0,0,139,0,139,0,11,172,0,183,126,0,126,309
12/05/2019,LZU,GA,ASO,ES,Federal Contract Tower,0,15,40,0,55,0,0,182,0,182,0,15,222,0,237,292,0,292,529
12/06/2019,LZU,GA,ASO,ES,Federal Contract Tower,0,10,38,0,48,0,0,160,0,160,0,10,198,0,208,258,0,258,466
12/07/2019,LZU,GA,ASO,ES,Federal Contract Tower,0,3,30,0,33,0,0,156,0,156,0,3,186,0,189,270,0,270,459
12/08/2019,LZU,GA,ASO,ES,Federal Contract Tower,0,5,22,0,27,0,1,73,0,74,0,6,95,0,101,144,0,144,245
12/09/2019,LZU,GA,ASO,ES,Federal Contract Tower,0,15,26,0,41,0,0,18,0,18,0,15,44,0,59,48,0,48,107
12/10/2019,LZU,GA,ASO,ES,Federal Contract Tower,0,19,30,0,49,0,0,1,0,1,0,19,31,0,50,0,0,0,50
12/11/2019,LZU,GA,ASO,ES,Federal Contract Tower,0,16,48,0,64,0,1,182,0,183,0,17,230,0,247,146,0,146,393
12/12/2019,LZU,GA,ASO,ES,Federal Contract Tower,0,16,33,0,49,0,0,144,0,144,0,16,177,0,193,172,0,172,365
12/13/2019,LZU,GA,ASO,ES,Federal Contract Tower,0,15,10,0,25,0,0,0,0,0,0,15,10,0,25,0,0,0,25
12/14/2019,LZU,GA,ASO,ES,Federal Contract Tower,0,2,39,0,41,0,0,64,0,64,0,2,103,0,105,178,0,178,283
12/15/2019,LZU,GA,ASO,ES,Federal Contract Tower,0,4,36,0,40,0,2,208,0,210,0,6,244,0,250,278,0,278,528
12/16/2019,LZU,GA,ASO,ES,Federal Contract Tower,0,12,36,0,48,0,1,116,0,117,0,13,152,0,165,36,0,36,201
12/17/2019,LZU,GA,ASO,ES,Federal Contract Tower,0,11,22,0,33,0,0,0,0,0,0,11,22,0,33,0,0,0,33
12/18/2019,LZU,GA,ASO,ES,Federal Contract Tower,0,17,35,0,52,0,0,203,0,203,0,17,238,0,255,224,0,224,479
12/19/2019,LZU,GA,ASO,ES,Federal Contract Tower,0,19,33,0,52,0,2,208,0,210,0,21,241,0,262,270,0,270,532
12/20/2019,LZU,GA,ASO,ES,Federal Contract Tower,0,16,33,0,49,0,3,166,0,169,0,19,199,0,218,238,0,238,456
12/21/2019,LZU,GA,ASO,ES,Federal Contract Tower,0,10,42,0,52,0,0,105,0,105,0,10,147,0,157,130,0,130,287
12/22/2019,LZU,GA,ASO,ES,Federal Contract Tower,0,4,6,0,10,0,0,2,0,2,0,4,8,0,12,0,0,0,12
12/23/2019,LZU,GA,ASO,ES,Federal Contract Tower,0,18,16,0,34,0,0,0,0,0,0,18,16,0,34,0,0,0,34
12/24/2019,LZU,GA,ASO,ES,Federal Contract Tower,0,8,14,0,22,0,0,136,0,136,0,8,150,0,158,140,0,140,298
12/25/2019,LZU,GA,ASO,ES,Federal Contract Tower,0,4,12,0,16,0,0,58,0,58,0,4,70,0,74,20,0,20,94
12/26/2019,LZU,GA,ASO,ES,Federal Contract Tower,0,15,30,0,45,0,0,140,0,140,0,15,170,0,185,32,0,32,217
12/27/2019,LZU,GA,ASO,ES,Federal Contract Tower,0,16,44,0,60,0,0,92,0,92,0,16,136,0,152,170,0,170,322
12/28/2019,LZU,GA,ASO,ES,Federal Contract Tower,0,4,30,0,34,0,0,61,0,61,0,4,91,0,95,98,0,98,193
12/29/2019,LZU,GA,ASO,ES,Federal Contract Tower,0,2,28,0,30,0,0,1,0,1,0,2,29,0,31,0,0,0,31
12/30/2019,LZU,GA,ASO,ES,Federal Contract Tower,0,12,30,0,42,0,0,164,0,164,0,12,194,0,206,102,0,102,308
12/31/2019,LZU,GA,ASO,ES,Federal Contract Tower,0,9,25,0,34,0,0,86,0,86,0,9,111,0,120,18,0,18,138
01/01/2020,LZU,GA,ASO,ES,Federal Contract Tower,0,3,10,0,13,0,0,124,0,124,0,3,134,0,137,50,0,50,187
01/02/2020,LZU,GA,ASO,ES,Federal Contract Tower,0,9,26,0,35,0,0,35,0,35,0,9,61,0,70,156,0,156,226
01/03/2020,LZU,GA,ASO,ES,Federal Contract Tower,0,14,9,0,23,0,0,0,0,0,0,14,9,0,23,0,0,0,23
01/04/2020,LZU,GA,ASO,ES,Federal Contract Tower,0,2,20,0,22,0,0,23,0,23,0,2,43,0,45,44,0,44,89
01/05/2020,LZU,GA,ASO,ES,Federal Contract Tower,0,2,40,0,42,0,2,201,0,203,0,4,241,0,245,172,0,172,417
01/06/2020,LZU,GA,ASO,ES,Federal Contract Tower,0,13,40,0,53,0,2,185,0,187,0,15,225,0,240,266,0,266,506
01/07/2020,LZU,GA,ASO,ES,Federal Contract Tower,0,18,37,0,55,0,1,51,0,52,0,19,88,0,107,46,0,46,153
01/08/2020,LZU,GA,ASO,ES,Federal Contract Tower,0,14,32,0,46,0,0,199,0,199,0,14,231,0,245,190,0,190,435
01/09/2020,LZU,GA,ASO,ES,Federal Contract Tower,0,15,42,0,57,0,0,197,2,199,0,15,239,2,256,204,0,204,460
01/10/2020,LZU,GA,ASO,ES,Federal Contract Tower,0,10,51,0,61,0,0,123,0,123,0,10,174,0,184,322,0,322,506
01/11/2020,LZU,GA,ASO,ES,Federal Contract Tower,0,2,4,0,6,0,0,0,0,0,0,2,4,0,6,0,0,0,6
01/12/2020,LZU,GA,ASO,ES,Federal Contract Tower,0,1,30,0,31,0,0,188,0,188,0,1,218,0,219,272,0,272,491
01/13/2020,LZU,GA,ASO,ES,Federal Contract Tower,0,10,19,0,29,0,0,0,0,0,0,10,19,0,29,0,0,0,29
01/14/2020,LZU,GA,ASO,ES,Federal Contract Tower,0,11,33,0,44,0,0,6,0,6,0,11,39,0,50,20,0,20,70
01/15/2020,LZU,GA,ASO,ES,Federal Contract Tower,0,18,47,0,65,0,0,85,0,85,0,18,132,0,150,242,0,242,392
01/16/2020,LZU,GA,ASO,ES,Federal Contract Tower,0,11,59,0,70,0,0,152,0,152,0,11,211,0,222,168,0,168,390
01/17/2020,LZU,GA,ASO,ES,Federal Contract Tower,0,18,39,0,57,0,2,214,0,216,0,20,253,0,273,320,0,320,593
01/18/2020,LZU,GA,ASO,ES,Federal Contract Tower,0,10,18,0,28,0,0,6,0,6,0,10,24,0,34,34,0,34,68
01/19/2020,LZU,GA,ASO,ES,Federal Contract Tower,0,4,30,0,34,0,0,100,0,100,0,4,130,0,134,78,0,78,212
01/20/2020,LZU,GA,ASO,ES,Federal Contract Tower,0,19,40,0,59,0,2,202,0,204,0,21,242,0,263,296,0,296,559
01/21/2020,LZU,GA,ASO,ES,Federal Contract Tower,0,14,36,0,50,0,2,191,0,193,0,16,227,0,243,264,0,264,507
01/22/2020,LZU,GA,ASO,ES,Federal Contract Tower,0,17,41,0,58,0,2,203,0,205,0,19,244,0,263,366,0,366,629
01/23/2020,LZU,GA,ASO,ES,Federal Contract Tower,0,13,52,0,65,0,1,111,0,112,0,14,163,0,177,244,0,244,421
01/24/2020,LZU,GA,ASO,ES,Federal Contract Tower,0,16,17,0,33,0,0,0,0,0,0,16,17,0,33,0,0,0,33
01/25/2020,LZU,GA,ASO,ES,Federal Contract Tower,0,4,34,0,38,0,1,133,0,134,0,5,167,0,172,312,0,312,484
01/26/2020,LZU,GA,ASO,ES,Federal Contract Tower,0,8,41,0,49,0,0,223,0,223,0,8,264,0,272,280,0,280,552
01/27/2020,LZU,GA,ASO,ES,Federal Contract Tower,0,10,29,0,39,0,0,35,0,35,0,10,64,0,74,58,0,58,132
01/28/2020,LZU,GA,ASO,ES,Federal Contract Tower,0,9,51,0,60,0,0,212,0,212,0,9,263,0,272,262,0,262,534
01/29/2020,LZU,GA,ASO,ES,Federal Contract Tower,0,8,38,0,46,0,0,136,0,136,0,8,174,0,182,350,0,350,532
01/30/2020,LZU,GA,ASO,ES,Federal Contract Tower,0,17,43,0,60,0,0,189,0,189,0,17,232,0,249,288,0,288,537
01/31/2020,LZU,GA,ASO,ES,Federal Contract Tower,0,13,22,0,35,0,0,5,0,5,0,13,27,0,40,48,0,48,88
02/01/2020,LZU,GA,ASO,ES,Federal Contract Tower,0,3,40,0,43,0,0,26,0,26,0,3,66,0,69,94,0,94,163
02/02/2020,LZU,GA,ASO,ES,Federal Contract Tower,0,4,31,0,35,0,0,219,0,219,0,4,250,0,254,228,0,228,482
02/03/2020,LZU,GA,ASO,ES,Federal Contract Tower,0,10,45,0,55,0,0,224,0,224,0,10,269,0,279,246,0,246,525
02/04/2020,LZU,GA,ASO,ES,Federal Contract Tower,0,10,50,0,60,0,0,73,0,73,0,10,123,0,133,230,0,230,363
02/05/2020,LZU,GA,ASO,ES,Federal Contract Tower,0,14,24,0,38,0,0,0,0,0,0,14,24,0,38,0,0,0,38
02/06/2020,LZU,GA,ASO,ES,Federal Contract Tower,0,11,13,0,24,0,0,0,0,0,0,11,13,0,24,0,0,0,24
02/07/2020,LZU,GA,ASO,ES,Federal Contract Tower,0,12,25,0,37,0,2,39,2,43,0,14,64,2,80,12,0,12,92
02/08/2020,LZU,GA,ASO,ES,Federal Contract Tower,0,2,11,0,13,0,0,6,0,6,0,2,17,0,19,24,0,24,43
02/09/2020,LZU,GA,ASO,ES,Federal Contract Tower,0,9,56,0,65,0,0,51,0,51,0,9,107,0,116,0,0,0,116
02/10/2020,LZU,GA,ASO,ES,Federal Contract Tower,0,15,25,0,40,0,0,65,0,65,0,15,90,0,105,98,0,98,203
02/11/2020,LZU,GA,ASO,ES,Federal Contract Tower,0,16,39,0,55,0,0,6,0,6,0,16,45,0,61,24,0,24,85
02/12/2020,LZU,GA,ASO,ES,Federal Contract Tower,0,14,51,0,65,0,0,47,0,47,0,14,98,0,112,146,0,146,258
02/13/2020,LZU,GA,ASO,ES,Federal Contract Tower,0,14,38,0,52,0,0,21,0,21,0,14,59,0,73,6,0,6,79
02/14/2020,LZU,GA,ASO,ES,Federal Contract Tower,0,9,44,0,53,0,0,256,0,256,0,9,300,0,309,254,0,254,563
02/15/2020,LZU,GA,ASO,ES,Federal Contract Tower,0,3,30,0,33,0,0,322,0,322,0,3,352,0,355,250,0,250,605
02/16/2020,LZU,GA,ASO,ES,Federal Contract Tower,0,9,40,0,49,0,0,30,0,30,0,9,70,0,79,142,0,142,221
02/17/2020,LZU,GA,ASO,ES,Federal Contract Tower,0,14,47,0,61,0,0,40,0,40,0,14,87,0,101,56,0,56,157
02/18/2020,LZU,GA,ASO,ES,Federal Contract Tower,0,17,10,0,27,0,0,0,0,0,0,17,10,0,27,0,0,0,27
02/19/2020,LZU,GA,ASO,ES,Federal Contract Tower,0,12,58,0,70,0,0,2,0,2,0,12,60,0,72,0,0,0,72
02/20/2020,LZU,GA,ASO,ES,Federal Contract Tower,0,10,24,0,34,0,0,0,0,0,0,10,24,0,34,0,0,0,34
02/21/2020,LZU,GA,ASO,ES,Federal Contract Tower,0,15,45,0,60,0,0,259,0,259,0,15,304,0,319,332,0,332,651
02/22/2020,LZU,GA,ASO,ES,Federal Contract Tower,0,2,32,0,34,0,0,304,0,304,0,2,336,0,338,338,0,338,676
02/23/2020,LZU,GA,ASO,ES,Federal Contract Tower,0,3,37,0,40,0,0,213,0,213,0,3,250,0,253,370,0,370,623
02/24/2020,LZU,GA,ASO,ES,Federal Contract Tower,0,8,25,0,33,0,0,10,0,10,0,8,35,0,43,22,0,22,65
02/25/2020,LZU,GA,ASO,ES,Federal Contract Tower,0,18,43,0,61,0,0,53,0,53,0,18,96,0,114,164,0,164,278
02/26/2020,LZU,GA,ASO,ES,Federal Contract Tower,0,12,39,0,51,0,2,128,0,130,0,14,167,0,181,246,0,246,427
02/27/2020,LZU,GA,ASO,ES,Federal Contract Tower,0,16,42,0,58,0,4,134,0,138,0,20,176,0,196,214,0,214,410
02/28/2020,LZU,GA,ASO,ES,Federal Contract Tower,0,10,37,0,47,0,0,123,0,123,0,10,160,0,170,140,0,140,310
02/29/2020,LZU,GA,ASO,ES,Federal Contract Tower,0,2,33,0,35,0,0,77,0,77,0,2,110,0,112,124,0,124,236
03/01/2020,LZU,GA,ASO,ES,Federal Contract Tower,0,4,37,0,41,0,0,246,0,246,0,4,283,0,287,220,0,220,507
03/02/2020,LZU,GA,ASO,ES,Federal Contract Tower,0,18,33,0,51,0,0,48,0,48,0,18,81,0,99,82,0,82,181
03/03/2020,LZU,GA,ASO,ES,Federal Contract Tower,0,17,33,0,50,0,0,24,0,24,0,17,57,0,74,106,0,106,180
03/04/2020,LZU,GA,ASO,ES,Federal Contract Tower,0,11,36,0,47,0,0,32,0,32,0,11,68,0,79,52,0,52,131
03/05/2020,LZU,GA,ASO,ES,Federal Contract Tower,0,6,23,0,29,0,0,0,0,0,0,6,23,0,29,0,0,0,29
03/06/2020,LZU,GA,ASO,ES,Federal Contract Tower,0,10,27,0,37,0,0,85,0,85,0,10,112,0,122,114,0,114,236
03/07/2020,LZU,GA,ASO,ES,Federal Contract Tower,0,9,36,0,45,0,0,329,0,329,0,9,365,0,374,282,0,282,656
03/08/2020,LZU,GA,ASO,ES,Federal Contract Tower,0,6,41,0,47,0,0,248,0,248,0,6,289,0,295,370,0,370,665
03/09/2020,LZU,GA,ASO,ES,Federal Contract Tower,0,18,44,0,62,0,1,178,0,179,0,19,222,0,241,312,0,312,553
03/10/2020,LZU,GA,ASO,ES,Federal Contract Tower,0,16,40,0,56,0,0,49,0,49,0,16,89,0,105,122,0,122,227
03/11/2020,LZU,GA,ASO,ES,Federal Contract Tower,0,16,50,0,66,0,0,61,0,61,0,16,111,0,127,116,0,116,243
03/12/2020,LZU,GA,ASO,ES,Federal Contract Tower,0,10,62,0,72,0,0,14,0,14,0,10,76,0,86,20,0,20,106
03/13/2020,LZU,GA,ASO,ES,Federal Contract Tower,0,12,46,0,58,0,0,99,0,99,0,12,145,0,157,202,0,202,359
03/14/2020,LZU,GA,ASO,ES,Federal Contract Tower,0,2,25,0,27,0,0,152,0,152,0,2,177,0,179,292,0,292,471
03/15/2020,LZU,GA,ASO,ES,Federal Contract Tower,0,1,23,0,24,0,0,31,0,31,0,1,54,0,55,66,0,66,121
03/16/2020,LZU,GA,ASO,ES,Federal Contract Tower,0,12,21,0,33,0,0,0,0,0,0,12,21,0,33,0,0,0,33
03/17/2020,LZU,GA,ASO,ES,Federal Contract Tower,0,12,32,0,44,0,0,53,0,53,0,12,85,0,97,114,0,114,211
03/18/2020,LZU,GA,ASO,ES,Federal Contract Tower,0,12,40,0,52,0,0,49,2,51,0,12,89,2,103,126,0,126,229
03/19/2020,LZU,GA,ASO,ES,Federal Contract Tower,0,8,22,0,30,0,0,133,0,133,0,8,155,0,163,128,0,128,291
03/20/2020,LZU,GA,ASO,ES,Federal Contract Tower,0,12,24,0,36,0,0,134,0,134,0,12,158,0,170,364,0,364,534
03/21/2020,LZU,GA,ASO,ES,Federal Contract Tower,0,4,39,0,43,0,0,118,0,118,0,4,157,0,161,178,0,178,339
03/22/2020,LZU,GA,ASO,ES,Federal Contract Tower,0,0,23,0,23,0,0,19,0,19,0,0,42,0,42,102,0,102,144
03/23/2020,LZU,GA,ASO,ES,Federal Contract Tower,0,12,0,0,12,0,0,0,0,0,0,12,0,0,12,0,0,0,12
03/24/2020,LZU,GA,ASO,ES,Federal Contract Tower,0,9,15,0,24,0,0,0,0,0,0,9,15,0,24,0,0,0,24
03/25/2020,LZU,GA,ASO,ES,Federal Contract Tower,0,7,22,0,29,0,0,137,0,137,0,7,159,0,166,168,0,168,334
03/26/2020,LZU,GA,ASO,ES,Federal Contract Tower,0,9,46,0,55,0,0,127,2,129,0,9,173,2,184,196,0,196,380
03/27/2020,LZU,GA,ASO,ES,Federal Contract Tower,0,8,21,0,29,0,2,196,0,198,0,10,217,0,227,246,0,246,473
03/28/2020,LZU,GA,ASO,ES,Federal Contract Tower,0,1,23,0,24,0,0,102,0,102,0,1,125,0,126,110,0,110,236
03/29/2020,LZU,GA,ASO,ES,Federal Contract Tower,0,0,14,0,14,0,0,51,0,51,0,0,65,0,65,146,0,146,211
03/30/2020,LZU,GA,ASO,ES,Federal Contract Tower,0,10,24,0,34,0,0,166,0,166,0,10,190,0,200,246,0,246,446
03/31/2020,LZU,GA,ASO,ES,Federal Contract Tower,0,9,6,0,15,0,2,26,0,28,0,11,32,0,43,64,0,64,107
04/01/2020,LZU,GA,ASO,ES,Federal Contract Tower,0,9,20,0,29,0,2,147,0,149,0,11,167,0,178,106,0,106,284
04/02/2020,LZU,GA,ASO,ES,Federal Contract Tower,0,9,16,2,27,0,0,125,0,125,0,9,141,2,152,272,0,272,424
04/03/2020,LZU,GA,ASO,ES,Federal Contract Tower,0,8,18,0,26,0,2,118,0,120,0,10,136,0,146,186,0,186,332
04/04/2020,LZU,GA,ASO,ES,Federal Contract Tower,0,1,22,0,23,0,0,144,0,144,0,1,166,0,167,204,0,204,371
04/05/2020,LZU,GA,ASO,ES,Federal Contract Tower,0,0,15,0,15,0,0,120,0,120,0,0,135,0,135,120,0,120,255
04/06/2020,LZU,GA,ASO,ES,Federal Contract Tower,0,7,22,0,29,0,1,146,0,147,0,8,168,0,176,170,0,170,346
04/07/2020,LZU,GA,ASO,ES,Federal Contract Tower,0,11,29,0,40,0,0,104,0,104,0,11,133,0,144,92,0,92,236
04/08/2020,LZU,GA,ASO,ES,Federal Contract Tower,0,8,26,0,34,0,0,25,0,25,0,8,51,0,59,38,0,38,97
04/09/2020,LZU,GA,ASO,ES,Federal Contract Tower,0,6,7,0,13,0,2,47,0,49,0,8,54,0,62,10,0,10,72
04/10/2020,LZU,GA,ASO,ES,Federal Contract Tower,0,10,17,0,27,0,2,53,0,55,0,12,70,0,82,12,0,12,94
04/11/2020,LZU,GA,ASO,ES,Federal Contract Tower,0,1,17,0,18,0,0,188,0,188,0,1,205,0,206,154,0,154,360
04/12/2020,LZU,GA,ASO,ES,Federal Contract Tower,0,1,6,0,7,0,0,5,0,5,0,1,11,0,12,8,0,8,20
04/13/2020,LZU,GA,ASO,ES,Federal Contract Tower,0,8,13,0,21,0,0,47,0,47,0,8,60,0,68,8,0,8,76
04/14/2020,LZU,GA,ASO,ES,Federal Contract Tower,0,8,31,0,39,0,0,156,0,156,0,8,187,0,195,188,0,188,383
04/15/2020,LZU,GA,ASO,ES,Federal Contract Tower,0,10,18,0,28,0,0,126,0,126,0,10,144,0,154,100,0,100,254
04/16/2020,LZU,GA,ASO,ES,Federal Contract Tower,0,11,30,0,41,0,0,177,0,177,0,11,207,0,218,194,0,194,412
04/17/2020,LZU,GA,ASO,ES,Federal Contract Tower,0,11,28,0,39,0,2,123,0,125,0,13,151,0,164,64,0,64,228
04/18/2020,LZU,GA,ASO,ES,Federal Contract Tower,0,1,13,0,14,0,0,52,0,52,0,1,65,0,66,64,0,64,130
04/19/2020,LZU,GA,ASO,ES,Federal Contract Tower,0,1,5,0,6,0,0,9,0,9,0,1,14,0,15,40,0,40,55
04/20/2020,LZU,GA,ASO,ES,Federal Contract Tower,0,7,17,0,24,0,3,76,0,79,0,10,93,0,103,44,0,44,147
04/21/2020,LZU,GA,ASO,ES,Federal Contract Tower,0,9,23,0,32,0,4,118,0,122,0,13,141,0,154,56,0,56,210
04/22/2020,LZU,GA,ASO,ES,Federal Contract Tower,0,12,25,0,37,0,1,185,0,186,0,13,210,0,223,178,0,178,401
04/23/2020,LZU,GA,ASO,ES,Federal Contract Tower,0,7,15,0,22,0,0,2,0,2,0,7,17,0,24,0,0,0,24
04/24/2020,LZU,GA,ASO,ES,Federal Contract Tower,0,16,18,0,34,0,0,87,0,87,0,16,105,0,121,124,0,124,245
04/25/2020,LZU,GA,ASO,ES,Federal Contract Tower,0,3,19,0,22,0,0,101,0,101,0,3,120,0,123,134,0,134,257
04/26/2020,LZU,GA,ASO,ES,Federal Contract Tower,0,6,14,0,20,0,0,26,0,26,0,6,40,0,46,32,0,32,78
04/27/2020,LZU,GA,ASO,ES,Federal Contract Tower,0,7,27,0,34,0,2,117,0,119,0,9,144,0,153,90,0,90,243
04/28/2020,LZU,GA,ASO,ES,Federal Contract Tower,0,10,29,0,39,0,1,175,0,176,0,11,204,0,215,190,0,190,405
04/29/2020,LZU,GA,ASO,ES,Federal Contract Tower,0,8,20,0,28,0,0,23,0,23,0,8,43,0,51,16,0,16,67
04/30/2020,LZU,GA,ASO,ES,Federal Contract Tower,0,8,34,0,42,0,1,44,0,45,0,9,78,0,87,136,0,136,223
05/01/2020,LZU,GA,ASO,ES,Federal Contract Tower,0,10,31,0,41,0,1,93,0,94,0,11,124,0,135,78,0,78,213
05/02/2020,LZU,GA,ASO,ES,Federal Contract Tower,0,8,18,0,26,0,0,213,0,213,0,8,231,0,239,176,0,176,415
05/03/2020,LZU,GA,ASO,ES,Federal Contract Tower,0,2,29,0,31,0,0,134,0,134,0,2,163,0,165,220,0,220,385
05/04/2020,LZU,GA,ASO,ES,Federal Contract Tower,0,5,28,0,33,0,0,148,0,148,0,5,176,0,181,346,0,346,527
05/05/2020,LZU,GA,ASO,ES,Federal Contract Tower,0,9,28,0,37,0,0,122,0,122,0,9,150,0,159,148,0,148,307
05/06/2020,LZU,GA,ASO,ES,Federal Contract Tower,0,9,23,0,32,0,0,62,2,64,0,9,85,2,96,56,0,56,152
05/07/2020,LZU,GA,ASO,ES,Federal Contract Tower,0,9,26,0,35,0,1,199,0,200,0,10,225,0,235,254,0,254,489
05/08/2020,LZU,GA,ASO,ES,Federal Contract Tower,0,7,32,0,39,0,2,59,0,61,0,9,91,0,100,70,0,70,170
05/09/2020,LZU,GA,ASO,ES,Federal Contract Tower,0,1,29,0,30,0,0,188,0,188,0,1,217,0,218,178,0,178,396
05/10/2020,LZU,GA,ASO,ES,Federal Contract Tower,0,1,24,0,25,0,0,127,0,127,0,1,151,0,152,190,0,190,342
05/11/2020,LZU,GA,ASO,ES,Federal Contract Tower,0,6,36,0,42,0,0,106,0,106,0,6,142,0,148,92,0,92,240
05/12/2020,LZU,GA,ASO,ES,Federal Contract Tower,0,7,36,0,43,0,0,186,0,186,0,7,222,0,229,288,0,288,517
05/13/2020,LZU,GA,ASO,ES,Federal Contract Tower,0,6,43,0,49,0,0,194,0,194,0,6,237,0,243,264,0,264,507
05/14/2020,LZU,GA,ASO,ES,Federal Contract Tower,0,10,43,0,53,0,0,126,0,126,0,10,169,0,179,92,0,92,271
05/15/2020,LZU,GA,ASO,ES,Federal Contract Tower,0,12,48,0,60,0,2,122,0,124,0,14,170,0,184,112,0,112,296
05/16/2020,LZU,GA,ASO,ES,Federal Contract Tower,0,4,23,0,27,0,193,0,0,193,0,197,23,0,220,128,0,128,348
05/17/2020,LZU,GA,ASO,ES,Federal Contract Tower,0,1,26,0,27,0,0,146,0,146,0,1,172,0,173,188,0,188,361
05/18/2020,LZU,GA,ASO,ES,Federal Contract Tower,0,12,20,0,32,0,0,36,0,36,0,12,56,0,68,72,0,72,140
05/19/2020,LZU,GA,ASO,ES,Federal Contract Tower,0,7,38,0,45,0,0,105,0,105,0,7,143,0,150,248,0,248,398
05/20/2020,LZU,GA,ASO,ES,Federal Contract Tower,0,13,43,0,56,0,0,0,0,0,0,13,43,0,56,0,0,0,56
05/21/2020,LZU,GA,ASO,ES,Federal Contract Tower,0,11,60,0,71,0,0,87,0,87,0,11,147,0,158,196,0,196,354
05/22/2020,LZU,GA,ASO,ES,Federal Contract Tower,0,7,32,0,39,0,0,88,0,88,0,7,120,0,127,190,0,190,317
05/23/2020,LZU,GA,ASO,ES,Federal Contract Tower,0,2,38,0,40,0,0,167,0,167,0,2,205,0,207,182,0,182,389
05/24/2020,LZU,GA,ASO,ES,Federal Contract Tower,0,6,23,0,29,0,0,111,0,111,0,6,134,0,140,206,0,206,346
05/25/2020,LZU,GA,ASO,ES,Federal Contract Tower,0,3,31,0,34,0,0,22,0,22,0,3,53,0,56,72,0,72,128
05/26/2020,LZU,GA,ASO,ES,Federal Contract Tower,0,10,43,0,53,0,0,58,0,58,0,10,101,0,111,128,0,128,239
05/27/2020,LZU,GA,ASO,ES,Federal Contract Tower,0,12,47,0,59,0,0,0,0,0,0,12,47,0,59,0,0,0,59
05/28/2020,LZU,GA,ASO,ES,Federal Contract Tower,0,10,40,0,50,0,1,62,0,63,0,11,102,0,113,20,0,20,133
05/29/2020,LZU,GA,ASO,ES,Federal Contract Tower,0,9,49,0,58,0,2,87,0,89,0,11,136,0,147,188,0,188,335
05/30/2020,LZU,GA,ASO,ES,Federal Contract Tower,0,1,30,0,31,0,0,188,0,188,0,1,218,0,219,114,0,114,333
05/31/2020,LZU,GA,ASO,ES,Federal Contract Tower,0,2,29,0,31,0,0,190,0,190,0,2,219,0,221,150,0,150,371
06/01/2020,LZU,GA,ASO,ES,Federal Contract Tower,0,9,39,0,48,0,0,170,0,170,0,9,209,0,218,218,0,218,436
06/02/2020,LZU,GA,ASO,ES,Federal Contract Tower,0,11,33,0,44,0,1,227,0,228,0,12,260,0,272,256,0,256,528
06/03/2020,LZU,GA,ASO,ES,Federal Contract Tower,0,10,32,0,42,0,2,181,0,183,0,12,213,0,225,158,0,158,383
06/04/2020,LZU,GA,ASO,ES,Federal Contract Tower,0,6,32,0,38,0,0,166,0,166,0,6,198,0,204,158,0,158,362
06/05/2020,LZU,GA,ASO,ES,Federal Contract Tower,0,6,20,0,26,0,0,69,0,69,0,6,89,0,95,154,0,154,249
06/06/2020,LZU,GA,ASO,ES,Federal Contract Tower,0,3,25,0,28,0,0,138,0,138,0,3,163,0,166,112,0,112,278
06/07/2020,LZU,GA,ASO,ES,Federal Contract Tower,0,1,20,0,21,0,0,127,0,127,0,1,147,0,148,148,0,148,296
06/08/2020,LZU,GA,ASO,ES,Federal Contract Tower,0,10,32,0,42,0,0,39,0,39,0,10,71,0,81,160,0,160,241
06/09/2020,LZU,GA,ASO,ES,Federal Contract Tower,0,10,29,0,39,0,0,34,0,34,0,10,63,0,73,98,0,98,171
06/10/2020,LZU,GA,ASO,ES,Federal Contract Tower,0,11,20,0,31,0,0,15,0,15,0,11,35,0,46,38,0,38,84
06/11/2020,LZU,GA,ASO,ES,Federal Contract Tower,0,8,29,0,37,0,1,240,0,241,0,9,269,0,278,294,0,294,572
06/12/2020,LZU,GA,ASO,ES,Federal Contract Tower,0,7,43,0,50,0,0,216,0,216,0,7,259,0,266,340,0,340,606
06/13/2020,LZU,GA,ASO,ES,Federal Contract Tower,0,4,32,0,36,0,0,210,0,210,0,4,242,0,246,230,0,230,476
06/14/2020,LZU,GA,ASO,ES,Federal Contract Tower,0,3,36,0,39,0,0,150,0,150,0,3,186,0,189,216,0,216,405
06/15/2020,LZU,GA,ASO,ES,Federal Contract Tower,0,7,21,0,28,0,1,109,0,110,0,8,130,0,138,240,0,240,378
06/16/2020,LZU,GA,ASO,ES,Federal Contract Tower,0,9,44,0,53,0,1,122,0,123,0,10,166,0,176,450,0,450,626
06/17/2020,LZU,GA,ASO,ES,Federal Contract Tower,0,10,40,0,50,0,0,170,0,170,0,10,210,0,220,362,0,362,582
06/18/2020,LZU,GA,ASO,ES,Federal Contract Tower,0,7,34,0,41,0,0,156,0,156,0,7,190,0,197,264,0,264,461
06/19/2020,LZU,GA,ASO,ES,Federal Contract Tower,0,7,28,0,35,0,0,173,0,173,0,7,201,0,208,310,0,310,518
06/20/2020,LZU,GA,ASO,ES,Federal Contract Tower,0,2,28,0,30,0,0,186,0,186,0,2,214,0,216,130,0,130,346
06/21/2020,LZU,GA,ASO,ES,Federal Contract Tower,0,1,25,0,26,0,0,97,0,97,0,1,122,0,123,34,0,34,157
06/22/2020,LZU,GA,ASO,ES,Federal Contract Tower,0,18,31,0,49,0,0,82,0,82,0,18,113,0,131,64,0,64,195
06/23/2020,LZU,GA,ASO,ES,Federal Contract Tower,0,9,19,0,28,0,1,21,0,22,0,10,40,0,50,32,0,32,82
06/24/2020,LZU,GA,ASO,ES,Federal Contract Tower,0,18,42,0,60,0,0,65,0,65,0,18,107,0,125,276,0,276,401
06/25/2020,LZU,GA,ASO,ES,Federal Contract Tower,0,9,48,0,57,0,0,86,0,86,0,9,134,0,143,92,0,92,235
06/26/2020,LZU,GA,ASO,ES,Federal Contract Tower,0,9,42,0,51,0,2,144,0,146,0,11,186,0,197,164,0,164,361
06/27/2020,LZU,GA,ASO,ES,Federal Contract Tower,0,4,33,0,37,0,0,103,0,103,0,4,136,0,140,172,0,172,312
06/28/2020,LZU,GA,ASO,ES,Federal Contract Tower,0,3,30,0,33,0,0,72,0,72,0,3,102,0,105,58,0,58,163
06/29/2020,LZU,GA,ASO,ES,Federal Contract Tower,0,8,35,0,43,0,0,154,0,154,0,8,189,0,197,288,0,288,485
06/30/2020,LZU,GA,ASO,ES,Federal Contract Tower,0,11,22,0,33,0,0,169,0,169,0,11,191,0,202,382,0,382,584
07/01/2020,LZU,GA,ASO,ES,Federal Contract Tower,0,13,41,0,54,0,2,102,0,104,0,15,143,0,158,230,0,230,388
07/02/2020,LZU,GA,ASO,ES,Federal Contract Tower,0,10,37,0,47,0,0,176,0,176,0,10,213,0,223,288,0,288,511
07/03/2020,LZU,GA,ASO,ES,Federal Contract Tower,0,10,32,0,42,0,0,164,0,164,0,10,196,0,206,322,0,322,528
07/04/2020,LZU,GA,ASO,ES,Federal Contract Tower,0,2,13,0,15,0,0,92,0,92,0,2,105,0,107,70,0,70,177
07/05/2020,LZU,GA,ASO,ES,Federal Contract Tower,0,4,25,0,29,0,0,119,0,119,0,4,144,0,148,96,0,96,244
07/06/2020,LZU,GA,ASO,ES,Federal Contract Tower,0,10,36,0,46,0,0,6,0,6,0,10,42,0,52,0,0,0,52
07/07/2020,LZU,GA,ASO,ES,Federal Contract Tower,0,8,32,0,40,0,0,26,0,26,0,8,58,0,66,138,0,138,204
07/08/2020,LZU,GA,ASO,ES,Federal Contract Tower,0,10,44,0,54,0,1,112,0,113,0,11,156,0,167,384,0,384,551
07/09/2020,LZU,GA,ASO,ES,Federal Contract Tower,0,12,38,0,50,0,0,135,0,135,0,12,173,0,185,276,0,276,461
07/10/2020,LZU,GA,ASO,ES,Federal Contract Tower,0,7,34,0,41,0,1,178,0,179,0,8,212,0,220,246,0,246,466
07/11/2020,LZU,GA,ASO,ES,Federal Contract Tower,0,2,25,0,27,0,0,167,0,167,0,2,192,0,194,136,0,136,330
07/12/2020,LZU,GA,ASO,ES,Federal Contract Tower,0,1,30,0,31,0,0,140,0,140,0,1,170,0,171,144,0,144,315
07/13/2020,LZU,GA,ASO,ES,Federal Contract Tower,0,10,24,0,34,0,0,179,0,179,0,10,203,0,213,322,0,322,535
07/14/2020,LZU,GA,ASO,ES,Federal Contract Tower,0,11,32,0,43,0,3,192,0,195,0,14,224,0,238,366,0,366,604
07/15/2020,LZU,GA,ASO,ES,Federal Contract Tower,0,9,34,0,43,0,1,101,0,102,0,10,135,0,145,236,0,236,381
07/16/2020,LZU,GA,ASO,ES,Federal Contract Tower,0,10,28,0,38,0,1,207,0,208,0,11,235,0,246,358,0,358,604
07/17/2020,LZU,GA,ASO,ES,Federal Contract Tower,0,13,25,0,38,0,4,189,0,193,0,17,214,0,231,288,0,288,519
07/18/2020,LZU,GA,ASO,ES,Federal Contract Tower,0,2,28,0,30,0,0,134,0,134,0,2,162,0,164,204,0,204,368
07/19/2020,LZU,GA,ASO,ES,Federal Contract Tower,0,2,23,0,25,0,0,132,0,132,0,2,155,0,157,112,0,112,269
07/20/2020,LZU,GA,ASO,ES,Federal Contract Tower,0,7,23,0,30,0,0,167,0,167,0,7,190,0,197,214,0,214,411
07/21/2020,LZU,GA,ASO,ES,Federal Contract Tower,0,13,30,0,43,0,1,117,0,118,0,14,147,0,161,302,0,302,463
07/22/2020,LZU,GA,ASO,ES,Federal Contract Tower,0,11,40,0,51,0,0,164,0,164,0,11,204,0,215,398,0,398,613
07/23/2020,LZU,GA,ASO,ES,Federal Contract Tower,0,9,31,0,40,0,0,195,0,195,0,9,226,0,235,234,0,234,469
07/24/2020,LZU,GA,ASO,ES,Federal Contract Tower,0,11,29,0,40,0,0,130,0,130,0,11,159,0,170,284,0,284,454
07/25/2020,LZU,GA,ASO,ES,Federal Contract Tower,0,2,18,0,20,0,0,110,0,110,0,2,128,0,130,90,0,90,220
07/26/2020,LZU,GA,ASO,ES,Federal Contract Tower,0,0,24,0,24,0,0,119,0,119,0,0,143,0,143,130,0,130,273
07/27/2020,LZU,GA,ASO,ES,Federal Contract Tower,0,9,32,0,41,0,0,147,0,147,0,9,179,0,188,230,0,230,418
07/28/2020,LZU,GA,ASO,ES,Federal Contract Tower,0,15,29,0,44,0,0,123,0,123,0,15,152,0,167,290,0,290,457
07/29/2020,LZU,GA,ASO,ES,Federal Contract Tower,0,10,43,0,53,0,0,63,0,63,0,10,106,0,116,122,0,122,238
07/30/2020,LZU,GA,ASO,ES,Federal Contract Tower,0,10,37,0,47,0,1,62,0,63,0,11,99,0,110,110,0,110,220
07/31/2020,LZU,GA,ASO,ES,Federal Contract Tower,0,10,32,0,42,0,2,93,0,95,0,12,125,0,137,196,0,196,333
08/01/2020,LZU,GA,ASO,ES,Federal Contract Tower,0,2,42,0,44,0,0,189,0,189,0,2,231,0,233,150,0,150,383
08/02/2020,LZU,GA,ASO,ES,Federal Contract Tower,0,3,27,0,30,0,0,112,0,112,0,3,139,0,142,142,0,142,284
08/03/2020,LZU,GA,ASO,ES,Federal Contract Tower,0,8,32,1,41,0,0,70,1,71,0,8,102,2,112,182,0,182,294
08/04/2020,LZU,GA,ASO,ES,Federal Contract Tower,0,9,38,0,47,0,0,167,2,169,0,9,205,2,216,346,0,346,562
08/05/2020,LZU,GA,ASO,ES,Federal Contract Tower,0,11,30,0,41,0,0,165,0,165,0,11,195,0,206,196,0,196,402
08/06/2020,LZU,GA,ASO,ES,Federal Contract Tower,0,13,43,0,56,0,0,106,0,106,0,13,149,0,162,180,0,180,342
08/07/2020,LZU,GA,ASO,ES,Federal Contract Tower,0,11,48,0,59,0,0,104,0,104,0,11,152,0,163,124,0,124,287
08/08/2020,LZU,GA,ASO,ES,Federal Contract Tower,0,1,28,0,29,0,0,159,0,159,0,1,187,0,188,180,0,180,368
08/09/2020,LZU,GA,ASO,ES,Federal Contract Tower,0,7,40,0,47,0,0,163,0,163,0,7,203,0,210,150,0,150,360
08/10/2020,LZU,GA,ASO,ES,Federal Contract Tower,0,12,21,0,33,0,0,107,0,107,0,12,128,0,140,108,0,108,248
08/11/2020,LZU,GA,ASO,ES,Federal Contract Tower,0,11,36,0,47,0,0,213,2,215,0,11,249,2,262,384,0,384,646
08/12/2020,LZU,GA,ASO,ES,Federal Contract Tower,0,10,27,0,37,0,0,188,0,188,0,10,215,0,225,242,0,242,467
08/13/2020,LZU,GA,ASO,ES,Federal Contract Tower,0,17,33,0,50,0,0,153,0,153,0,17,186,0,203,196,0,196,399
08/14/2020,LZU,GA,ASO,ES,Federal Contract Tower,0,15,52,0,67,0,0,44,0,44,0,15,96,0,111,118,0,118,229
08/15/2020,LZU,GA,ASO,ES,Federal Contract Tower,0,4,27,0,31,0,0,27,0,27,0,4,54,0,58,30,0,30,88
08/16/2020,LZU,GA,ASO,ES,Federal Contract Tower,0,5,30,0,35,0,0,213,0,213,0,5,243,0,248,228,0,228,476
08/17/2020,LZU,GA,ASO,ES,Federal Contract Tower,0,12,30,0,42,0,0,180,0,180,0,12,210,0,222,422,0,422,644
08/18/2020,LZU,GA,ASO,ES,Federal Contract Tower,0,9,36,0,45,0,1,220,0,221,0,10,256,0,266,364,0,364,630
08/19/2020,LZU,GA,ASO,ES,Federal Contract Tower,0,11,30,0,41,0,0,187,0,187,0,11,217,0,228,266,0,266,494
08/20/2020,LZU,GA,ASO,ES,Federal Contract Tower,0,8,51,0,59,0,0,101,0,101,0,8,152,0,160,178,0,178,338
08/21/2020,LZU,GA,ASO,ES,Federal Contract Tower,0,13,35,0,48,0,2,12,0,14,0,15,47,0,62,48,0,48,110
08/22/2020,LZU,GA,ASO,ES,Federal Contract Tower,0,8,53,0,61,0,0,128,0,128,0,8,181,0,189,300,0,300,489
08/23/2020,LZU,GA,ASO,ES,Federal Contract Tower,0,2,30,0,32,0,0,104,0,104,0,2,134,0,136,236,0,236,372
08/24/2020,LZU,GA,ASO,ES,Federal Contract Tower,0,9,31,0,40,0,2,23,0,25,0,11,54,0,65,92,0,92,157
08/25/2020,LZU,GA,ASO,ES,Federal Contract Tower,0,14,25,0,39,0,0,0,0,0,0,14,25,0,39,0,0,0,39
08/26/2020,LZU,GA,ASO,ES,Federal Contract Tower,0,14,61,0,75,0,4,108,0,112,0,18,169,0,187,278,0,278,465
08/27/2020,LZU,GA,ASO,ES,Federal Contract Tower,0,13,43,0,56,0,0,203,0,203,0,13,246,0,259,178,0,178,437
08/28/2020,LZU,GA,ASO,ES,Federal Contract Tower,0,11,62,2,75,0,1,45,0,46,0,12,107,2,121,40,0,40,161
08/29/2020,LZU,GA,ASO,ES,Federal Contract Tower,0,3,15,0,18,0,0,60,0,60,0,3,75,0,78,70,0,70,148
08/30/2020,LZU,GA,ASO,ES,Federal Contract Tower,0,5,17,0,22,0,0,76,0,76,0,5,93,0,98,92,0,92,190
08/31/2020,LZU,GA,ASO,ES,Federal Contract Tower,0,1,27,0,28,0,0,24,0,24,0,1,51,0,52,22,0,22,74
09/01/2020,LZU,GA,ASO,ES,Federal Contract Tower,0,0,14,0,14,0,0,105,0,105,0,0,119,0,119,2,0,2,121
09/02/2020,LZU,GA,ASO,ES,Federal Contract Tower,0,1,8,0,9,0,0,141,0,141,0,1,149,0,150,0,0,0,150
09/03/2020,LZU,GA,ASO,ES,Federal Contract Tower,0,0,20,0,20,0,0,152,0,152,0,0,172,0,172,32,0,32,204
09/04/2020,LZU,GA,ASO,ES,Federal Contract Tower,0,0,15,0,15,0,0,141,0,141,0,0,156,0,156,0,0,0,156
09/05/2020,LZU,GA,ASO,ES,Federal Contract Tower,0,0,3,0,3,0,0,136,0,136,0,0,139,0,139,0,0,0,139
09/06/2020,LZU,GA,ASO,ES,Federal Contract Tower,0,0,9,0,9,0,0,114,0,114,0,0,123,0,123,0,0,0,123
09/07/2020,LZU,GA,ASO,ES,Federal Contract Tower,0,3,9,0,12,0,0,73,0,73,0,3,82,0,85,0,0,0,85
09/08/2020,LZU,GA,ASO,ES,Federal Contract Tower,0,0,0,0,0,0,0,8,0,8,0,0,8,0,8,10,0,10,18
09/09/2020,LZU,GA,ASO,ES,Federal Contract Tower,0,0,0,0,0,0,0,7,0,7,0,0,7,0,7,0,0,0,7
09/10/2020,LZU,GA,ASO,ES,Federal Contract Tower,0,0,60,0,60,0,0,8,0,8,0,0,68,0,68,0,0,0,68
09/11/2020,LZU,GA,ASO,ES,Federal Contract Tower,0,0,0,0,0,0,0,16,0,16,0,0,16,0,16,38,0,38,54
09/12/2020,LZU,GA,ASO,ES,Federal Contract Tower,0,0,0,0,0,0,0,0,0,0,0,0,0,0,0,0,0,0,0
09/13/2020,LZU,GA,ASO,ES,Federal Contract Tower,0,0,0,0,0,0,0,10,0,10,0,0,10,0,10,0,0,0,10
09/14/2020,LZU,GA,ASO,ES,Federal Contract Tower,0,0,0,0,0,0,0,18,0,18,0,0,18,0,18,0,0,0,18
09/15/2020,LZU,GA,ASO,ES,Federal Contract Tower,0,0,2,0,2,0,0,8,0,8,0,0,10,0,10,0,0,0,10
09/16/2020,LZU,GA,ASO,ES,Federal Contract Tower,0,0,0,0,0,0,0,4,0,4,0,0,4,0,4,0,0,0,4
09/17/2020,LZU,GA,ASO,ES,Federal Contract Tower,0,0,0,0,0,0,0,0,0,0,0,0,0,0,0,0,0,0,0
09/18/2020,LZU,GA,ASO,ES,Federal Contract Tower,0,0,0,0,0,0,0,0,0,0,0,0,0,0,0,12,0,12,12
09/19/2020,LZU,GA,ASO,ES,Federal Contract Tower,0,0,0,0,0,0,0,0,0,0,0,0,0,0,0,6,0,6,6
09/20/2020,LZU,GA,ASO,ES,Federal Contract Tower,0,0,0,0,0,0,0,16,0,16,0,0,16,0,16,22,0,22,38
09/21/2020,LZU,GA,ASO,ES,Federal Contract Tower,0,0,0,0,0,0,0,9,0,9,0,0,9,0,9,0,0,0,9
09/22/2020,LZU,GA,ASO,ES,Federal Contract Tower,0,0,0,0,0,0,0,10,0,10,0,0,10,0,10,12,0,12,22
09/23/2020,LZU,GA,ASO,ES,Federal Contract Tower,0,0,0,0,0,0,0,21,0,21,0,0,21,0,21,26,0,26,47
09/24/2020,LZU,GA,ASO,ES,Federal Contract Tower,0,0,0,0,0,0,0,2,0,2,0,0,2,0,2,0,0,0,2
09/25/2020,LZU,GA,ASO,ES,Federal Contract Tower,0,0,0,0,0,0,0,0,0,0,0,0,0,0,0,0,0,0,0
09/26/2020,LZU,GA,ASO,ES,Federal Contract Tower,0,0,1,0,1,0,0,13,0,13,0,0,14,0,14,0,0,0,14
09/27/2020,LZU,GA,ASO,ES,Federal Contract Tower,0,0,0,0,0,0,0,5,0,5,0,0,5,0,5,0,0,0,5
09/28/2020,LZU,GA,ASO,ES,Federal Contract Tower,0,0,0,0,0,0,0,6,0,6,0,0,6,0,6,2,0,2,8
09/29/2020,LZU,GA,ASO,ES,Federal Contract Tower,0,0,0,0,0,0,0,0,0,0,0,0,0,0,0,0,0,0,0
09/30/2020,LZU,GA,ASO,ES,Federal Contract Tower,0,0,0,0,0,0,0,22,0,22,0,0,22,0,22,10,0,10,32
10/01/2020,LZU,GA,ASO,ES,Federal Contract Tower,0,0,0,0,0,0,0,18,0,18,0,0,18,0,18,0,0,0,18
10/02/2020,LZU,GA,ASO,ES,Federal Contract Tower,0,0,0,0,0,0,0,12,0,12,0,0,12,0,12,0,0,0,12
10/03/2020,LZU,GA,ASO,ES,Federal Contract Tower,0,0,0,0,0,0,2,13,0,15,0,2,13,0,15,0,0,0,15
10/04/2020,LZU,GA,ASO,ES,Federal Contract Tower,0,0,0,0,0,0,0,0,0,0,0,0,0,0,0,0,0,0,0
10/05/2020,LZU,GA,ASO,ES,Federal Contract Tower,0,0,1,0,1,0,0,11,0,11,0,0,12,0,12,2,0,2,14
10/06/2020,LZU,GA,ASO,ES,Federal Contract Tower,0,0,0,0,0,0,0,15,0,15,0,0,15,0,15,0,0,0,15
10/07/2020,LZU,GA,ASO,ES,Federal Contract Tower,0,0,0,0,0,0,0,16,0,16,0,0,16,0,16,0,0,0,16
10/08/2020,LZU,GA,ASO,ES,Federal Contract Tower,0,0,0,0,0,0,2,17,0,19,0,2,17,0,19,0,0,0,19
10/09/2020,LZU,GA,ASO,ES,Federal Contract Tower,0,0,0,0,0,0,0,5,0,5,0,0,5,0,5,2,0,2,7
10/10/2020,LZU,GA,ASO,ES,Federal Contract Tower,0,0,14,0,14,0,0,1,0,1,0,0,15,0,15,0,0,0,15
10/11/2020,LZU,GA,ASO,ES,Federal Contract Tower,0,0,16,0,16,0,0,1,0,1,0,0,17,0,17,0,0,0,17
10/12/2020,LZU,GA,ASO,ES,Federal Contract Tower,0,21,34,0,55,0,5,91,0,96,0,26,125,0,151,128,0,128,279
10/13/2020,LZU,GA,ASO,ES,Federal Contract Tower,0,11,37,0,48,0,0,125,0,125,0,11,162,0,173,248,0,248,421
10/14/2020,LZU,GA,ASO,ES,Federal Contract Tower,0,11,47,0,58,0,1,200,0,201,0,12,247,0,259,190,0,190,449
10/15/2020,LZU,GA,ASO,ES,Federal Contract Tower,0,11,22,0,33,0,0,41,0,41,0,11,63,0,74,156,0,156,230
10/16/2020,LZU,GA,ASO,ES,Federal Contract Tower,0,12,24,0,36,0,2,170,0,172,0,14,194,0,208,236,0,236,444
10/17/2020,LZU,GA,ASO,ES,Federal Contract Tower,0,3,27,0,30,0,2,214,0,216,0,5,241,0,246,158,0,158,404
10/18/2020,LZU,GA,ASO,ES,Federal Contract Tower,0,2,25,0,27,0,1,168,0,169,0,3,193,0,196,140,0,140,336
10/19/2020,LZU,GA,ASO,ES,Federal Contract Tower,0,10,27,0,37,0,0,159,0,159,0,10,186,0,196,304,0,304,500
10/20/2020,LZU,GA,ASO,ES,Federal Contract Tower,0,8,25,0,33,0,2,181,0,183,0,10,206,0,216,260,0,260,476
10/21/2020,LZU,GA,ASO,ES,Federal Contract Tower,0,19,43,0,62,0,1,149,0,150,0,20,192,0,212,256,0,256,468
10/22/2020,LZU,GA,ASO,ES,Federal Contract Tower,0,14,47,0,61,0,0,160,0,160,0,14,207,0,221,162,0,162,383
10/23/2020,LZU,GA,ASO,ES,Federal Contract Tower,0,10,44,0,54,0,1,152,0,153,0,11,196,0,207,176,0,176,383
10/24/2020,LZU,GA,ASO,ES,Federal Contract Tower,0,2,17,0,19,0,0,70,0,70,0,2,87,0,89,90,0,90,179
10/25/2020,LZU,GA,ASO,ES,Federal Contract Tower,0,5,27,0,32,0,0,33,0,33,0,5,60,0,65,32,0,32,97
10/26/2020,LZU,GA,ASO,ES,Federal Contract Tower,0,8,29,0,37,0,0,0,0,0,0,8,29,0,37,0,0,0,37
10/27/2020,LZU,GA,ASO,ES,Federal Contract Tower,0,12,34,0,46,0,0,11,0,11,0,12,45,0,57,0,0,0,57
10/28/2020,LZU,GA,ASO,ES,Federal Contract Tower,0,11,23,0,34,0,0,0,0,0,0,11,23,0,34,0,0,0,34
10/29/2020,LZU,GA,ASO,ES,Federal Contract Tower,0,8,26,0,34,0,2,45,0,47,0,10,71,0,81,92,0,92,173
10/30/2020,LZU,GA,ASO,ES,Federal Contract Tower,0,19,36,0,55,0,1,127,0,128,0,20,163,0,183,128,0,128,311
10/31/2020,LZU,GA,ASO,ES,Federal Contract Tower,0,3,28,0,31,0,0,185,0,185,0,3,213,0,216,232,4,236,452
11/01/2020,LZU,GA,ASO,ES,Federal Contract Tower,0,1,20,0,21,0,0,63,0,63,0,1,83,0,84,10,0,10,94
11/02/2020,LZU,GA,ASO,ES,Federal Contract Tower,0,9,32,0,41,0,0,183,0,183,0,9,215,0,224,350,0,350,574
11/03/2020,LZU,GA,ASO,ES,Federal Contract Tower,0,6,25,0,31,0,0,174,0,174,0,6,199,0,205,256,2,258,463
11/04/2020,LZU,GA,ASO,ES,Federal Contract Tower,0,10,26,0,36,0,0,199,0,199,0,10,225,0,235,200,0,200,435
11/05/2020,LZU,GA,ASO,ES,Federal Contract Tower,0,13,28,0,41,0,0,201,0,201,0,13,229,0,242,320,0,320,562
11/06/2020,LZU,GA,ASO,ES,Federal Contract Tower,0,8,20,0,28,0,0,226,0,226,0,8,246,0,254,242,0,242,496
11/07/2020,LZU,GA,ASO,ES,Federal Contract Tower,0,0,0,0,0,0,0,8,0,8,0,0,8,0,8,13,0,13,21
11/08/2020,LZU,GA,ASO,ES,Federal Contract Tower,0,0,2,0,2,0,0,4,0,4,0,0,6,0,6,0,0,0,6
11/09/2020,LZU,GA,ASO,ES,Federal Contract Tower,0,2,57,0,59,0,2,72,0,74,0,4,129,0,133,102,0,102,235
11/10/2020,LZU,GA,ASO,ES,Federal Contract Tower,0,7,12,0,19,0,0,0,0,0,0,7,12,0,19,0,0,0,19
11/11/2020,LZU,GA,ASO,ES,Federal Contract Tower,0,13,27,0,40,0,0,0,0,0,0,13,27,0,40,0,0,0,40
11/12/2020,LZU,GA,ASO,ES,Federal Contract Tower,0,11,33,0,44,0,2,61,0,63,0,13,94,0,107,140,0,140,247
11/13/2020,LZU,GA,ASO,ES,Federal Contract Tower,0,9,41,0,50,0,0,190,0,190,0,9,231,0,240,212,0,212,452
11/14/2020,LZU,GA,ASO,ES,Federal Contract Tower,0,3,23,0,26,0,0,208,2,210,0,3,231,2,236,342,0,342,578
11/15/2020,LZU,GA,ASO,ES,Federal Contract Tower,0,0,30,0,30,0,0,27,0,27,0,0,57,0,57,2,0,2,59
11/16/2020,LZU,GA,ASO,ES,Federal Contract Tower,0,9,31,0,40,0,0,115,0,115,0,9,146,0,155,186,0,186,341
11/17/2020,LZU,GA,ASO,ES,Federal Contract Tower,0,10,37,0,47,0,0,117,0,117,0,10,154,0,164,118,0,118,282
11/18/2020,LZU,GA,ASO,ES,Federal Contract Tower,0,8,39,0,47,0,0,219,0,219,0,8,258,0,266,202,0,202,468
11/19/2020,LZU,GA,ASO,ES,Federal Contract Tower,0,9,33,0,42,0,0,206,2,208,0,9,239,2,250,234,2,236,486
11/20/2020,LZU,GA,ASO,ES,Federal Contract Tower,0,11,36,0,47,0,5,187,0,192,0,16,223,0,239,216,0,216,455
11/21/2020,LZU,GA,ASO,ES,Federal Contract Tower,0,0,0,0,0,0,0,12,2,14,0,0,12,2,14,0,0,0,14
11/22/2020,LZU,GA,ASO,ES,Federal Contract Tower,0,0,0,0,0,0,12,0,0,12,0,12,0,0,12,0,0,0,12
11/23/2020,LZU,GA,ASO,ES,Federal Contract Tower,0,5,25,0,30,0,5,146,0,151,0,10,171,0,181,130,0,130,311
11/24/2020,LZU,GA,ASO,ES,Federal Contract Tower,0,12,42,0,54,0,0,165,0,165,0,12,207,0,219,186,0,186,405
11/25/2020,LZU,GA,ASO,ES,Federal Contract Tower,0,11,31,2,44,0,0,33,0,33,0,11,64,2,77,138,0,138,215
11/26/2020,LZU,GA,ASO,ES,Federal Contract Tower,0,1,3,0,4,0,0,40,0,40,0,1,43,0,44,54,0,54,98
11/27/2020,LZU,GA,ASO,ES,Federal Contract Tower,0,12,15,0,27,0,0,165,0,165,0,12,180,0,192,176,0,176,368
11/28/2020,LZU,GA,ASO,ES,Federal Contract Tower,0,5,36,0,41,0,0,157,0,157,0,5,193,0,198,164,0,164,362
11/29/2020,LZU,GA,ASO,ES,Federal Contract Tower,0,1,25,0,26,0,0,0,0,0,0,1,25,0,26,0,0,0,26
11/30/2020,LZU,GA,ASO,ES,Federal Contract Tower,0,13,25,0,38,0,0,10,0,10,0,13,35,0,48,8,0,8,56
12/01/2020,LZU,GA,ASO,ES,Federal Contract Tower,0,8,32,0,40,0,0,121,0,121,0,8,153,0,161,284,0,284,445
12/02/2020,LZU,GA,ASO,ES,Federal Contract Tower,0,10,37,0,47,0,0,198,0,198,0,10,235,0,245,224,0,224,469
12/03/2020,LZU,GA,ASO,ES,Federal Contract Tower,0,6,34,0,40,0,0,204,0,204,0,6,238,0,244,402,0,402,646
12/04/2020,LZU,GA,ASO,ES,Federal Contract Tower,0,10,13,0,23,0,0,0,0,0,0,10,13,0,23,0,0,0,23
12/05/2020,LZU,GA,ASO,ES,Federal Contract Tower,0,2,15,0,17,0,0,218,0,218,0,2,233,0,235,216,0,216,451
12/06/2020,LZU,GA,ASO,ES,Federal Contract Tower,0,1,28,0,29,0,0,154,0,154,0,1,182,0,183,178,0,178,361
12/07/2020,LZU,GA,ASO,ES,Federal Contract Tower,0,9,31,0,40,0,0,43,0,43,0,9,74,0,83,18,0,18,101
12/08/2020,LZU,GA,ASO,ES,Federal Contract Tower,0,10,29,3,42,0,0,179,0,179,0,10,208,3,221,286,0,286,507
12/09/2020,LZU,GA,ASO,ES,Federal Contract Tower,0,11,28,0,39,0,0,151,0,151,0,11,179,0,190,248,0,248,438
12/10/2020,LZU,GA,ASO,ES,Federal Contract Tower,0,11,30,0,41,0,0,187,0,187,0,11,217,0,228,200,0,200,428
12/11/2020,LZU,GA,ASO,ES,Federal Contract Tower,0,7,32,0,39,0,1,183,0,184,0,8,215,0,223,146,0,146,369
12/12/2020,LZU,GA,ASO,ES,Federal Contract Tower,0,1,30,0,31,0,90,0,0,90,0,91,30,0,121,128,0,128,249
12/13/2020,LZU,GA,ASO,ES,Federal Contract Tower,0,0,24,0,24,0,0,102,0,102,0,0,126,0,126,138,0,138,264
12/14/2020,LZU,GA,ASO,ES,Federal Contract Tower,0,10,28,0,38,0,2,35,0,37,0,12,63,0,75,42,0,42,117
12/15/2020,LZU,GA,ASO,ES,Federal Contract Tower,0,10,34,0,44,0,4,159,6,169,0,14,193,6,213,280,0,280,493
12/16/2020,LZU,GA,ASO,ES,Federal Contract Tower,0,9,10,0,19,0,0,0,0,0,0,9,10,0,19,0,0,0,19
12/17/2020,LZU,GA,ASO,ES,Federal Contract Tower,0,14,34,0,48,0,2,53,0,55,0,16,87,0,103,122,0,122,225
12/18/2020,LZU,GA,ASO,ES,Federal Contract Tower,0,13,34,0,47,0,0,186,0,186,0,13,220,0,233,290,0,290,523
12/19/2020,LZU,GA,ASO,ES,Federal Contract Tower,0,8,31,0,39,0,0,237,0,237,0,8,268,0,276,214,0,214,490
12/20/2020,LZU,GA,ASO,ES,Federal Contract Tower,0,6,13,0,19,0,0,50,0,50,0,6,63,0,69,170,0,170,239
12/21/2020,LZU,GA,ASO,ES,Federal Contract Tower,0,9,25,0,34,0,0,60,0,60,0,9,85,0,94,56,0,56,150
12/22/2020,LZU,GA,ASO,ES,Federal Contract Tower,0,10,24,0,34,0,0,147,0,147,0,10,171,0,181,148,0,148,329
12/23/2020,LZU,GA,ASO,ES,Federal Contract Tower,0,20,34,0,54,0,0,123,0,123,0,20,157,0,177,108,0,108,285
12/24/2020,LZU,GA,ASO,ES,Federal Contract Tower,0,9,7,0,16,0,0,0,0,0,0,9,7,0,16,0,0,0,16
12/25/2020,LZU,GA,ASO,ES,Federal Contract Tower,0,2,0,0,2,0,0,13,0,13,0,2,13,0,15,6,0,6,21
12/26/2020,LZU,GA,ASO,ES,Federal Contract Tower,0,3,33,0,36,0,0,129,0,129,0,3,162,0,165,124,0,124,289
12/27/2020,LZU,GA,ASO,ES,Federal Contract Tower,0,6,21,0,27,0,0,155,0,155,0,6,176,0,182,116,0,116,298
12/28/2020,LZU,GA,ASO,ES,Federal Contract Tower,0,10,37,0,47,0,0,79,0,79,0,10,116,0,126,158,0,158,284
12/29/2020,LZU,GA,ASO,ES,Federal Contract Tower,0,7,29,0,36,0,0,173,0,173,0,7,202,0,209,142,0,142,351
12/30/2020,LZU,GA,ASO,ES,Federal Contract Tower,0,9,36,0,45,0,0,4,0,4,0,9,40,0,49,12,0,12,61
12/31/2020,LZU,GA,ASO,ES,Federal Contract Tower,0,9,6,0,15,0,0,0,0,0,0,9,6,0,15,0,0,0,15
01/01/2021,LZU,GA,ASO,ES,Federal Contract Tower,0,4,8,0,12,0,0,0,0,0,0,4,8,0,12,0,0,0,12
01/02/2021,LZU,GA,ASO,ES,Federal Contract Tower,0,2,40,0,42,0,0,88,0,88,0,2,128,0,130,104,0,104,234
01/03/2021,LZU,GA,ASO,ES,Federal Contract Tower,0,0,29,0,29,0,0,84,0,84,0,0,113,0,113,92,0,92,205
01/04/2021,LZU,GA,ASO,ES,Federal Contract Tower,0,8,18,0,26,0,0,164,0,164,0,8,182,0,190,166,0,166,356
01/05/2021,LZU,GA,ASO,ES,Federal Contract Tower,0,11,29,0,40,0,0,135,0,135,0,11,164,0,175,146,0,146,321
01/06/2021,LZU,GA,ASO,ES,Federal Contract Tower,0,9,27,0,36,0,0,158,0,158,0,9,185,0,194,152,0,152,346
01/07/2021,LZU,GA,ASO,ES,Federal Contract Tower,0,13,25,0,38,0,3,63,0,66,0,16,88,0,104,278,0,278,382
01/08/2021,LZU,GA,ASO,ES,Federal Contract Tower,0,13,31,0,44,0,0,0,0,0,0,13,31,0,44,0,0,0,44
01/09/2021,LZU,GA,ASO,ES,Federal Contract Tower,0,0,9,0,9,0,0,90,0,90,0,0,99,0,99,60,0,60,159
01/10/2021,LZU,GA,ASO,ES,Federal Contract Tower,0,0,22,0,22,0,0,184,0,184,0,0,206,0,206,120,0,120,326
01/11/2021,LZU,GA,ASO,ES,Federal Contract Tower,0,7,18,0,25,0,0,4,0,4,0,7,22,0,29,20,0,20,49
01/12/2021,LZU,GA,ASO,ES,Federal Contract Tower,0,7,56,0,63,0,0,26,0,26,0,7,82,0,89,114,0,114,203
01/13/2021,LZU,GA,ASO,ES,Federal Contract Tower,0,11,34,0,45,0,0,161,0,161,0,11,195,0,206,238,0,238,444
01/14/2021,LZU,GA,ASO,ES,Federal Contract Tower,0,9,28,0,37,0,0,216,0,216,0,9,244,0,253,266,0,266,519
01/15/2021,LZU,GA,ASO,ES,Federal Contract Tower,0,10,27,0,37,0,0,147,0,147,0,10,174,0,184,164,0,164,348
01/16/2021,LZU,GA,ASO,ES,Federal Contract Tower,0,6,10,0,16,0,0,93,0,93,0,6,103,0,109,88,0,88,197
01/17/2021,LZU,GA,ASO,ES,Federal Contract Tower,0,5,21,0,26,0,0,156,0,156,0,5,177,0,182,206,0,206,388
01/18/2021,LZU,GA,ASO,ES,Federal Contract Tower,0,9,45,0,54,0,4,152,0,156,0,13,197,0,210,166,0,166,376
01/19/2021,LZU,GA,ASO,ES,Federal Contract Tower,0,7,37,0,44,0,0,176,0,176,0,7,213,0,220,306,0,306,526
01/20/2021,LZU,GA,ASO,ES,Federal Contract Tower,0,6,46,0,52,0,0,134,0,134,0,6,180,0,186,156,0,156,342
01/21/2021,LZU,GA,ASO,ES,Federal Contract Tower,0,7,18,0,25,0,0,0,0,0,0,7,18,0,25,0,0,0,25
01/22/2021,LZU,GA,ASO,ES,Federal Contract Tower,0,8,34,0,42,0,0,142,0,142,0,8,176,0,184,272,0,272,456
01/23/2021,LZU,GA,ASO,ES,Federal Contract Tower,0,1,31,0,32,0,0,226,0,226,0,1,257,0,258,172,0,172,430
01/24/2021,LZU,GA,ASO,ES,Federal Contract Tower,0,1,24,0,25,0,0,151,0,151,0,1,175,0,176,106,0,106,282
01/25/2021,LZU,GA,ASO,ES,Federal Contract Tower,0,8,29,0,37,0,0,4,0,4,0,8,33,0,41,8,0,8,49
01/26/2021,LZU,GA,ASO,ES,Federal Contract Tower,0,10,36,0,46,0,4,136,0,140,0,14,172,0,186,198,0,198,384
01/27/2021,LZU,GA,ASO,ES,Federal Contract Tower,0,15,33,0,48,0,0,15,0,15,0,15,48,0,63,6,0,6,69
01/28/2021,LZU,GA,ASO,ES,Federal Contract Tower,0,10,36,0,46,0,3,75,2,80,0,13,111,2,126,116,0,116,242
01/29/2021,LZU,GA,ASO,ES,Federal Contract Tower,0,7,59,0,66,0,0,255,0,255,0,7,314,0,321,306,0,306,627
01/30/2021,LZU,GA,ASO,ES,Federal Contract Tower,0,2,38,0,40,0,0,156,0,156,0,2,194,0,196,154,0,154,350
01/31/2021,LZU,GA,ASO,ES,Federal Contract Tower,0,0,10,0,10,0,0,0,0,0,0,0,10,0,10,0,0,0,10
02/01/2021,LZU,GA,ASO,ES,Federal Contract Tower,0,8,12,0,20,0,2,14,0,16,0,10,26,0,36,0,0,0,36
02/02/2021,LZU,GA,ASO,ES,Federal Contract Tower,0,10,17,0,27,0,1,20,0,21,0,11,37,0,48,8,0,8,56
02/03/2021,LZU,GA,ASO,ES,Federal Contract Tower,0,8,31,0,39,0,2,174,0,176,0,10,205,0,215,220,0,220,435
02/04/2021,LZU,GA,ASO,ES,Federal Contract Tower,0,9,21,4,34,0,2,185,0,187,0,11,206,4,221,364,0,364,585
02/05/2021,LZU,GA,ASO,ES,Federal Contract Tower,0,8,23,0,31,0,0,93,0,93,0,8,116,0,124,28,0,28,152
02/06/2021,LZU,GA,ASO,ES,Federal Contract Tower,0,1,25,0,26,0,0,142,0,142,0,1,167,0,168,268,0,268,436
02/07/2021,LZU,GA,ASO,ES,Federal Contract Tower,0,3,36,0,39,0,0,128,0,128,0,3,164,0,167,116,0,116,283
02/08/2021,LZU,GA,ASO,ES,Federal Contract Tower,0,10,28,0,38,0,0,160,0,160,0,10,188,0,198,184,0,184,382
02/09/2021,LZU,GA,ASO,ES,Federal Contract Tower,0,10,34,0,44,0,0,72,0,72,0,10,106,0,116,110,0,110,226
02/10/2021,LZU,GA,ASO,ES,Federal Contract Tower,0,9,35,0,44,0,3,168,0,171,0,12,203,0,215,196,0,196,411
02/11/2021,LZU,GA,ASO,ES,Federal Contract Tower,0,7,16,0,23,0,0,0,0,0,0,7,16,0,23,0,0,0,23
02/12/2021,LZU,GA,ASO,ES,Federal Contract Tower,0,12,14,0,26,0,0,0,0,0,0,12,14,0,26,0,0,0,26
02/13/2021,LZU,GA,ASO,ES,Federal Contract Tower,0,5,12,0,17,0,0,0,0,0,0,5,12,0,17,0,0,0,17
02/14/2021,LZU,GA,ASO,ES,Federal Contract Tower,0,0,12,0,12,0,0,0,0,0,0,0,12,0,12,0,0,0,12
02/15/2021,LZU,GA,ASO,ES,Federal Contract Tower,0,6,14,0,20,0,0,0,0,0,0,6,14,0,20,0,0,0,20
02/16/2021,LZU,GA,ASO,ES,Federal Contract Tower,0,7,23,0,30,0,4,53,0,57,0,11,76,0,87,90,0,90,177
02/17/2021,LZU,GA,ASO,ES,Federal Contract Tower,0,11,29,0,40,0,0,165,0,165,0,11,194,0,205,228,0,228,433
02/18/2021,LZU,GA,ASO,ES,Federal Contract Tower,0,12,21,0,33,0,0,0,0,0,0,12,21,0,33,0,0,0,33
02/19/2021,LZU,GA,ASO,ES,Federal Contract Tower,0,10,59,0,69,0,2,92,0,94,0,12,151,0,163,78,0,78,241
02/20/2021,LZU,GA,ASO,ES,Federal Contract Tower,0,6,32,0,38,0,1,255,0,256,0,7,287,0,294,118,0,118,412
02/21/2021,LZU,GA,ASO,ES,Federal Contract Tower,0,5,22,0,27,0,0,166,0,166,0,5,188,0,193,80,0,80,273
02/22/2021,LZU,GA,ASO,ES,Federal Contract Tower,0,11,30,0,41,0,0,28,0,28,0,11,58,0,69,84,0,84,153
02/23/2021,LZU,GA,ASO,ES,Federal Contract Tower,0,9,32,0,41,0,0,154,2,156,0,9,186,2,197,102,0,102,299
02/24/2021,LZU,GA,ASO,ES,Federal Contract Tower,0,10,42,0,52,0,0,225,0,225,0,10,267,0,277,248,0,248,525
02/25/2021,LZU,GA,ASO,ES,Federal Contract Tower,0,6,37,0,43,0,1,211,0,212,0,7,248,0,255,174,0,174,429
02/26/2021,LZU,GA,ASO,ES,Federal Contract Tower,0,12,29,0,41,0,0,0,0,0,0,12,29,0,41,0,0,0,41
02/27/2021,LZU,GA,ASO,ES,Federal Contract Tower,0,5,44,0,49,0,0,18,0,18,0,5,62,0,67,14,0,14,81
02/28/2021,LZU,GA,ASO,ES,Federal Contract Tower,0,5,21,0,26,0,0,56,0,56,0,5,77,0,82,32,0,32,114
03/01/2021,LZU,GA,ASO,ES,Federal Contract Tower,0,8,27,0,35,0,2,19,0,21,0,10,46,0,56,88,0,88,144
03/02/2021,LZU,GA,ASO,ES,Federal Contract Tower,0,10,34,0,44,0,1,79,0,80,0,11,113,0,124,262,0,262,386
03/03/2021,LZU,GA,ASO,ES,Federal Contract Tower,0,9,33,0,42,0,0,116,1,117,0,9,149,1,159,276,0,276,435
03/04/2021,LZU,GA,ASO,ES,Federal Contract Tower,0,9,37,0,46,0,1,159,0,160,0,10,196,0,206,222,0,222,428
03/05/2021,LZU,GA,ASO,ES,Federal Contract Tower,0,9,37,0,46,0,0,143,0,143,0,9,180,0,189,132,0,132,321
03/06/2021,LZU,GA,ASO,ES,Federal Contract Tower,0,2,25,0,27,0,0,123,0,123,0,2,148,0,150,186,0,186,336
03/07/2021,LZU,GA,ASO,ES,Federal Contract Tower,0,0,17,0,17,0,0,160,0,160,0,0,177,0,177,128,0,128,305
03/08/2021,LZU,GA,ASO,ES,Federal Contract Tower,0,11,25,0,36,0,0,126,0,126,0,11,151,0,162,62,0,62,224
03/09/2021,LZU,GA,ASO,ES,Federal Contract Tower,0,8,33,0,41,0,0,162,0,162,0,8,195,0,203,56,0,56,259
03/10/2021,LZU,GA,ASO,ES,Federal Contract Tower,0,11,31,0,42,0,0,168,0,168,0,11,199,0,210,254,0,254,464
03/11/2021,LZU,GA,ASO,ES,Federal Contract Tower,0,9,48,0,57,0,0,131,0,131,0,9,179,0,188,136,0,136,324
03/12/2021,LZU,GA,ASO,ES,Federal Contract Tower,0,7,56,0,63,0,0,155,0,155,0,7,211,0,218,112,0,112,330
03/13/2021,LZU,GA,ASO,ES,Federal Contract Tower,0,3,29,0,32,0,0,153,0,153,0,3,182,0,185,234,0,234,419
03/14/2021,LZU,GA,ASO,ES,Federal Contract Tower,0,7,43,0,50,0,0,154,0,154,0,7,197,0,204,60,0,60,264
03/15/2021,LZU,GA,ASO,ES,Federal Contract Tower,0,10,44,0,54,0,0,37,0,37,0,10,81,0,91,22,0,22,113
03/16/2021,LZU,GA,ASO,ES,Federal Contract Tower,0,11,14,0,25,0,0,0,0,0,0,11,14,0,25,0,0,0,25
03/17/2021,LZU,GA,ASO,ES,Federal Contract Tower,0,7,16,0,23,0,0,0,0,0,0,7,16,0,23,0,0,0,23
03/18/2021,LZU,GA,ASO,ES,Federal Contract Tower,0,14,26,0,40,0,0,30,0,30,0,14,56,0,70,6,0,6,76
03/19/2021,LZU,GA,ASO,ES,Federal Contract Tower,0,18,58,0,76,0,0,25,0,25,0,18,83,0,101,60,0,60,161
03/20/2021,LZU,GA,ASO,ES,Federal Contract Tower,0,1,19,0,20,0,0,150,0,150,0,1,169,0,170,184,0,184,354
03/21/2021,LZU,GA,ASO,ES,Federal Contract Tower,0,2,32,0,34,0,0,111,0,111,0,2,143,0,145,178,0,178,323
03/22/2021,LZU,GA,ASO,ES,Federal Contract Tower,0,9,30,0,39,0,2,168,0,170,0,11,198,0,209,176,0,176,385
03/23/2021,LZU,GA,ASO,ES,Federal Contract Tower,0,14,29,0,43,0,0,143,0,143,0,14,172,0,186,222,0,222,408
03/24/2021,LZU,GA,ASO,ES,Federal Contract Tower,0,13,48,0,61,0,0,71,0,71,0,13,119,0,132,126,0,126,258
03/25/2021,LZU,GA,ASO,ES,Federal Contract Tower,0,14,32,0,46,0,2,24,0,26,0,16,56,0,72,36,0,36,108
03/26/2021,LZU,GA,ASO,ES,Federal Contract Tower,0,13,41,0,54,0,2,139,0,141,0,15,180,0,195,232,0,232,427
03/27/2021,LZU,GA,ASO,ES,Federal Contract Tower,0,5,35,0,40,0,0,62,0,62,0,5,97,0,102,162,0,162,264
03/28/2021,LZU,GA,ASO,ES,Federal Contract Tower,0,5,24,0,29,0,0,23,0,23,0,5,47,0,52,2,0,2,54
03/29/2021,LZU,GA,ASO,ES,Federal Contract Tower,0,7,39,0,46,0,0,208,0,208,0,7,247,0,254,318,0,318,572
03/30/2021,LZU,GA,ASO,ES,Federal Contract Tower,0,11,61,0,72,0,0,143,0,143,0,11,204,0,215,157,0,157,372
03/31/2021,LZU,GA,ASO,ES,Federal Contract Tower,0,13,21,0,34,0,0,0,0,0,0,13,21,0,34,0,0,0,34
04/01/2021,LZU,GA,ASO,ES,Federal Contract Tower,0,13,21,0,34,0,1,36,0,37,0,14,57,0,71,48,0,48,119
04/02/2021,LZU,GA,ASO,ES,Federal Contract Tower,0,13,33,0,46,0,0,193,0,193,0,13,226,0,239,266,0,266,505
04/03/2021,LZU,GA,ASO,ES,Federal Contract Tower,0,7,21,0,28,0,0,163,0,163,0,7,184,0,191,162,0,162,353
04/04/2021,LZU,GA,ASO,ES,Federal Contract Tower,0,0,12,0,12,0,0,135,0,135,0,0,147,0,147,100,0,100,247
04/05/2021,LZU,GA,ASO,ES,Federal Contract Tower,0,6,42,0,48,0,0,147,0,147,0,6,189,0,195,328,0,328,523
04/06/2021,LZU,GA,ASO,ES,Federal Contract Tower,0,13,42,0,55,0,0,184,0,184,0,13,226,0,239,394,0,394,633
04/07/2021,LZU,GA,ASO,ES,Federal Contract Tower,0,15,41,0,56,0,0,163,0,163,0,15,204,0,219,248,0,248,467
04/08/2021,LZU,GA,ASO,ES,Federal Contract Tower,0,17,21,0,38,0,0,66,0,66,0,17,87,0,104,192,0,192,296
04/09/2021,LZU,GA,ASO,ES,Federal Contract Tower,0,12,47,0,59,0,0,30,0,30,0,12,77,0,89,44,0,44,133
04/10/2021,LZU,GA,ASO,ES,Federal Contract Tower,0,6,15,0,21,0,0,6,0,6,0,6,21,0,27,0,0,0,27
04/11/2021,LZU,GA,ASO,ES,Federal Contract Tower,0,1,43,0,44,0,0,151,0,151,0,1,194,0,195,218,0,218,413
04/12/2021,LZU,GA,ASO,ES,Federal Contract Tower,0,8,39,0,47,0,0,117,0,117,0,8,156,0,164,140,0,140,304
04/13/2021,LZU,GA,ASO,ES,Federal Contract Tower,0,11,34,0,45,0,1,130,0,131,0,12,164,0,176,200,0,200,376
04/14/2021,LZU,GA,ASO,ES,Federal Contract Tower,0,15,35,0,50,0,0,100,0,100,0,15,135,0,150,186,0,186,336
04/15/2021,LZU,GA,ASO,ES,Federal Contract Tower,0,15,35,0,50,0,0,90,0,90,0,15,125,0,140,58,0,58,198
04/16/2021,LZU,GA,ASO,ES,Federal Contract Tower,0,9,40,0,49,0,0,152,2,154,0,9,192,2,203,264,0,264,467
04/17/2021,LZU,GA,ASO,ES,Federal Contract Tower,0,4,17,0,21,0,0,135,0,135,0,4,152,0,156,130,0,130,286
04/18/2021,LZU,GA,ASO,ES,Federal Contract Tower,0,4,40,0,44,0,0,177,0,177,0,4,217,0,221,164,0,164,385
04/19/2021,LZU,GA,ASO,ES,Federal Contract Tower,0,11,31,0,42,0,0,119,0,119,0,11,150,0,161,128,6,134,295
04/20/2021,LZU,GA,ASO,ES,Federal Contract Tower,0,16,35,0,51,0,0,139,0,139,0,16,174,0,190,134,0,134,324
04/21/2021,LZU,GA,ASO,ES,Federal Contract Tower,0,19,34,0,53,0,1,32,0,33,0,20,66,0,86,50,0,50,136
04/22/2021,LZU,GA,ASO,ES,Federal Contract Tower,0,14,39,0,53,0,3,149,0,152,0,17,188,0,205,214,0,214,419
04/23/2021,LZU,GA,ASO,ES,Federal Contract Tower,0,9,49,0,58,0,0,145,0,145,0,9,194,0,203,228,0,228,431
04/24/2021,LZU,GA,ASO,ES,Federal Contract Tower,0,6,16,0,22,0,0,2,0,2,0,6,18,0,24,0,0,0,24
04/25/2021,LZU,GA,ASO,ES,Federal Contract Tower,0,4,37,0,41,0,0,137,0,137,0,4,174,0,178,108,0,108,286
04/26/2021,LZU,GA,ASO,ES,Federal Contract Tower,0,6,30,0,36,0,0,161,0,161,0,6,191,0,197,282,0,282,479
04/27/2021,LZU,GA,ASO,ES,Federal Contract Tower,0,11,40,0,51,0,2,143,0,145,0,13,183,0,196,266,0,266,462
04/28/2021,LZU,GA,ASO,ES,Federal Contract Tower,0,13,54,0,67,0,1,161,2,164,0,14,215,2,231,150,0,150,381
04/29/2021,LZU,GA,ASO,ES,Federal Contract Tower,0,7,29,0,36,0,0,71,4,75,0,7,100,4,111,152,0,152,263
04/30/2021,LZU,GA,ASO,ES,Federal Contract Tower,0,11,29,0,40,0,0,118,0,118,0,11,147,0,158,152,0,152,310
05/01/2021,LZU,GA,ASO,ES,Federal Contract Tower,0,3,32,0,35,0,0,221,0,221,0,3,253,0,256,292,0,292,548
05/02/2021,LZU,GA,ASO,ES,Federal Contract Tower,0,4,40,0,44,0,0,156,0,156,0,4,196,0,200,188,0,188,388
05/03/2021,LZU,GA,ASO,ES,Federal Contract Tower,0,12,23,0,35,0,0,0,0,0,0,12,23,0,35,0,0,0,35
05/04/2021,LZU,GA,ASO,ES,Federal Contract Tower,0,19,25,0,44,0,0,13,0,13,0,19,38,0,57,54,0,54,111
05/05/2021,LZU,GA,ASO,ES,Federal Contract Tower,0,12,23,0,35,0,0,40,0,40,0,12,63,0,75,124,0,124,199
05/06/2021,LZU,GA,ASO,ES,Federal Contract Tower,0,10,48,0,58,0,0,229,0,229,0,10,277,0,287,260,0,260,547
05/07/2021,LZU,GA,ASO,ES,Federal Contract Tower,0,14,42,0,56,0,0,78,0,78,0,14,120,0,134,74,0,74,208
05/08/2021,LZU,GA,ASO,ES,Federal Contract Tower,0,3,24,0,27,0,0,173,0,173,0,3,197,0,200,248,0,248,448
05/09/2021,LZU,GA,ASO,ES,Federal Contract Tower,0,6,25,0,31,0,0,122,0,122,0,6,147,0,153,200,0,200,353
05/10/2021,LZU,GA,ASO,ES,Federal Contract Tower,0,11,40,0,51,0,0,16,0,16,0,11,56,0,67,110,0,110,177
05/11/2021,LZU,GA,ASO,ES,Federal Contract Tower,0,20,41,0,61,0,0,138,0,138,0,20,179,0,199,274,0,274,473
05/12/2021,LZU,GA,ASO,ES,Federal Contract Tower,0,14,31,0,45,0,0,8,0,8,0,14,39,0,53,0,0,0,53
05/13/2021,LZU,GA,ASO,ES,Federal Contract Tower,0,10,36,0,46,0,4,171,0,175,0,14,207,0,221,264,0,264,485
05/14/2021,LZU,GA,ASO,ES,Federal Contract Tower,0,16,20,0,36,0,0,176,0,176,0,16,196,0,212,222,0,222,434
05/15/2021,LZU,GA,ASO,ES,Federal Contract Tower,0,8,22,0,30,0,0,262,0,262,0,8,284,0,292,220,0,220,512
05/16/2021,LZU,GA,ASO,ES,Federal Contract Tower,0,14,15,0,29,0,0,162,0,162,0,14,177,0,191,280,0,280,471
05/17/2021,LZU,GA,ASO,ES,Federal Contract Tower,0,12,21,0,33,0,0,148,0,148,0,12,169,0,181,384,0,384,565
05/18/2021,LZU,GA,ASO,ES,Federal Contract Tower,0,9,32,0,41,0,0,126,0,126,0,9,158,0,167,300,0,300,467
05/19/2021,LZU,GA,ASO,ES,Federal Contract Tower,0,12,27,0,39,0,0,0,0,0,0,12,27,0,39,184,0,184,223
05/20/2021,LZU,GA,ASO,ES,Federal Contract Tower,0,11,23,0,34,0,0,101,0,101,0,11,124,0,135,156,0,156,291
05/21/2021,LZU,GA,ASO,ES,Federal Contract Tower,0,14,28,0,42,0,0,146,0,146,0,14,174,0,188,226,0,226,414
05/22/2021,LZU,GA,ASO,ES,Federal Contract Tower,0,5,22,0,27,0,0,202,0,202,0,5,224,0,229,240,0,240,469
05/23/2021,LZU,GA,ASO,ES,Federal Contract Tower,0,3,21,0,24,0,0,143,0,143,0,3,164,0,167,148,0,148,315
05/24/2021,LZU,GA,ASO,ES,Federal Contract Tower,0,12,45,0,57,0,0,172,0,172,0,12,217,0,229,326,0,326,555
05/25/2021,LZU,GA,ASO,ES,Federal Contract Tower,0,16,35,0,51,0,0,156,0,156,0,16,191,0,207,292,0,292,499
05/26/2021,LZU,GA,ASO,ES,Federal Contract Tower,0,18,41,0,59,0,2,128,0,130,0,20,169,0,189,192,0,192,381
05/27/2021,LZU,GA,ASO,ES,Federal Contract Tower,0,15,42,0,57,0,0,181,0,181,0,15,223,0,238,244,0,244,482
05/28/2021,LZU,GA,ASO,ES,Federal Contract Tower,0,10,48,0,58,0,0,81,0,81,0,10,129,0,139,122,0,122,261
05/29/2021,LZU,GA,ASO,ES,Federal Contract Tower,0,2,18,0,20,0,0,50,0,50,0,2,68,0,70,46,0,46,116
05/30/2021,LZU,GA,ASO,ES,Federal Contract Tower,0,6,32,0,38,0,0,137,0,137,0,6,169,0,175,224,0,224,399
05/31/2021,LZU,GA,ASO,ES,Federal Contract Tower,0,1,25,0,26,0,0,159,2,161,0,1,184,2,187,206,0,206,393
06/01/2021,LZU,GA,ASO,ES,Federal Contract Tower,0,9,38,0,47,0,0,179,0,179,0,9,217,0,226,318,0,318,544
06/02/2021,LZU,GA,ASO,ES,Federal Contract Tower,0,10,46,0,56,0,0,53,2,55,0,10,99,2,111,144,0,144,255
06/03/2021,LZU,GA,ASO,ES,Federal Contract Tower,0,20,27,0,47,0,0,112,0,112,0,20,139,0,159,186,0,186,345
06/04/2021,LZU,GA,ASO,ES,Federal Contract Tower,0,11,44,0,55,0,0,163,0,163,0,11,207,0,218,236,0,236,454
06/05/2021,LZU,GA,ASO,ES,Federal Contract Tower,0,10,23,0,33,0,0,130,0,130,0,10,153,0,163,96,0,96,259
06/06/2021,LZU,GA,ASO,ES,Federal Contract Tower,0,2,30,0,32,0,0,35,0,35,0,2,65,0,67,78,0,78,145
06/07/2021,LZU,GA,ASO,ES,Federal Contract Tower,0,11,22,0,33,0,0,15,0,15,0,11,37,0,48,86,0,86,134
06/08/2021,LZU,GA,ASO,ES,Federal Contract Tower,0,13,40,0,53,0,0,50,0,50,0,13,90,0,103,114,0,114,217
06/09/2021,LZU,GA,ASO,ES,Federal Contract Tower,0,16,51,0,67,0,0,65,0,65,0,16,116,0,132,142,0,142,274
06/10/2021,LZU,GA,ASO,ES,Federal Contract Tower,0,14,32,0,46,0,0,50,0,50,0,14,82,0,96,182,0,182,278
06/11/2021,LZU,GA,ASO,ES,Federal Contract Tower,0,15,51,0,66,0,0,33,0,33,0,15,84,0,99,182,0,182,281
06/12/2021,LZU,GA,ASO,ES,Federal Contract Tower,0,5,25,0,30,0,0,161,0,161,0,5,186,0,191,140,0,140,331
06/13/2021,LZU,GA,ASO,ES,Federal Contract Tower,0,2,52,0,54,0,0,141,0,141,0,2,193,0,195,264,0,264,459
06/14/2021,LZU,GA,ASO,ES,Federal Contract Tower,0,8,32,0,40,0,0,164,0,164,0,8,196,0,204,200,0,200,404
06/15/2021,LZU,GA,ASO,ES,Federal Contract Tower,0,13,38,0,51,0,0,190,0,190,0,13,228,0,241,234,0,234,475
06/16/2021,LZU,GA,ASO,ES,Federal Contract Tower,0,19,50,0,69,0,0,190,0,190,0,19,240,0,259,260,0,260,519
06/17/2021,LZU,GA,ASO,ES,Federal Contract Tower,0,14,52,0,66,0,0,224,0,224,0,14,276,0,290,0,268,268,558
06/18/2021,LZU,GA,ASO,ES,Federal Contract Tower,0,14,52,0,66,0,1,232,0,233,0,15,284,0,299,228,0,228,527
06/19/2021,LZU,GA,ASO,ES,Federal Contract Tower,0,6,22,0,28,0,0,98,0,98,0,6,120,0,126,94,0,94,220
06/20/2021,LZU,GA,ASO,ES,Federal Contract Tower,0,3,37,0,40,0,0,2,0,2,0,3,39,0,42,0,0,0,42
06/21/2021,LZU,GA,ASO,ES,Federal Contract Tower,0,8,45,0,53,0,0,20,0,20,0,8,65,0,73,58,0,58,131
06/22/2021,LZU,GA,ASO,ES,Federal Contract Tower,0,10,44,0,54,0,0,55,0,55,0,10,99,0,109,158,0,158,267
06/23/2021,LZU,GA,ASO,ES,Federal Contract Tower,0,16,65,0,81,0,3,175,0,178,0,19,240,0,259,210,0,210,469
06/24/2021,LZU,GA,ASO,ES,Federal Contract Tower,0,16,66,0,82,0,0,182,2,184,0,16,248,2,266,214,0,214,480
06/25/2021,LZU,GA,ASO,ES,Federal Contract Tower,0,13,57,0,70,0,2,252,0,254,0,15,309,0,324,362,0,362,686
06/26/2021,LZU,GA,ASO,ES,Federal Contract Tower,0,10,23,0,33,0,0,144,0,144,0,10,167,0,177,234,0,234,411
06/27/2021,LZU,GA,ASO,ES,Federal Contract Tower,0,5,41,0,46,0,0,63,0,63,0,5,104,0,109,44,0,44,153
06/28/2021,LZU,GA,ASO,ES,Federal Contract Tower,0,10,52,0,62,0,0,196,0,196,0,10,248,0,258,282,0,282,540
06/29/2021,LZU,GA,ASO,ES,Federal Contract Tower,0,10,27,0,37,0,0,59,0,59,0,10,86,0,96,94,0,94,190
06/30/2021,LZU,GA,ASO,ES,Federal Contract Tower,0,12,34,0,46,0,0,196,0,196,0,12,230,0,242,366,0,366,608
07/01/2021,LZU,GA,ASO,ES,Federal Contract Tower,0,11,44,0,55,0,0,143,0,143,0,11,187,0,198,236,0,236,434
07/02/2021,LZU,GA,ASO,ES,Federal Contract Tower,0,19,27,0,46,0,0,30,0,30,0,19,57,0,76,56,0,56,132
07/03/2021,LZU,GA,ASO,ES,Federal Contract Tower,0,3,34,0,37,0,0,194,0,194,0,3,228,0,231,128,0,128,359
07/04/2021,LZU,GA,ASO,ES,Federal Contract Tower,0,0,17,0,17,0,0,106,0,106,0,0,123,0,123,62,0,62,185
07/05/2021,LZU,GA,ASO,ES,Federal Contract Tower,0,10,37,0,47,0,0,176,0,176,0,10,213,0,223,186,0,186,409
07/06/2021,LZU,GA,ASO,ES,Federal Contract Tower,0,9,37,0,46,0,0,167,0,167,0,9,204,0,213,278,0,278,491
07/07/2021,LZU,GA,ASO,ES,Federal Contract Tower,0,14,28,0,42,0,6,85,0,91,0,20,113,0,133,238,0,238,371
07/08/2021,LZU,GA,ASO,ES,Federal Contract Tower,0,12,36,8,56,0,1,132,0,133,0,13,168,8,189,208,0,208,397
07/09/2021,LZU,GA,ASO,ES,Federal Contract Tower,0,14,30,0,44,0,0,24,2,26,0,14,54,2,70,20,0,20,90
07/10/2021,LZU,GA,ASO,ES,Federal Contract Tower,0,5,30,0,35,0,0,58,0,58,0,5,88,0,93,48,0,48,141
07/11/2021,LZU,GA,ASO,ES,Federal Contract Tower,0,2,49,0,51,0,0,20,0,20,0,2,69,0,71,8,0,8,79
07/12/2021,LZU,GA,ASO,ES,Federal Contract Tower,0,13,28,0,41,0,0,50,0,50,0,13,78,0,91,32,0,32,123
07/13/2021,LZU,GA,ASO,ES,Federal Contract Tower,0,16,38,0,54,0,0,78,0,78,0,16,116,0,132,198,0,198,330
07/14/2021,LZU,GA,ASO,ES,Federal Contract Tower,0,13,58,0,71,0,2,146,0,148,0,15,204,0,219,192,0,192,411
07/15/2021,LZU,GA,ASO,ES,Federal Contract Tower,0,14,42,0,56,0,0,201,0,201,0,14,243,0,257,338,0,338,595
07/16/2021,LZU,GA,ASO,ES,Federal Contract Tower,0,9,46,0,55,0,0,161,0,161,0,9,207,0,216,168,0,168,384
07/17/2021,LZU,GA,ASO,ES,Federal Contract Tower,0,3,29,0,32,0,0,233,0,233,0,3,262,0,265,146,0,146,411
07/18/2021,LZU,GA,ASO,ES,Federal Contract Tower,0,0,27,0,27,0,0,89,0,89,0,0,116,0,116,144,0,144,260
07/19/2021,LZU,GA,ASO,ES,Federal Contract Tower,0,13,34,0,47,0,0,13,0,13,0,13,47,0,60,10,0,10,70
07/20/2021,LZU,GA,ASO,ES,Federal Contract Tower,0,18,42,0,60,0,0,0,0,0,0,18,42,0,60,0,0,0,60
07/21/2021,LZU,GA,ASO,ES,Federal Contract Tower,0,14,33,0,47,0,0,86,0,86,0,14,119,0,133,234,0,234,367
07/22/2021,LZU,GA,ASO,ES,Federal Contract Tower,0,12,47,0,59,0,0,219,0,219,0,12,266,0,278,360,0,360,638
07/23/2021,LZU,GA,ASO,ES,Federal Contract Tower,0,11,55,0,66,0,0,171,0,171,0,11,226,0,237,266,0,266,503
07/24/2021,LZU,GA,ASO,ES,Federal Contract Tower,0,10,32,0,42,0,0,176,0,176,0,10,208,0,218,294,0,294,512
07/25/2021,LZU,GA,ASO,ES,Federal Contract Tower,0,6,48,0,54,0,0,151,0,151,0,6,199,0,205,196,0,196,401
07/26/2021,LZU,GA,ASO,ES,Federal Contract Tower,0,7,35,0,42,0,0,132,0,132,0,7,167,0,174,178,0,178,352
07/27/2021,LZU,GA,ASO,ES,Federal Contract Tower,0,13,26,0,39,0,0,134,0,134,0,13,160,0,173,278,0,278,451
07/28/2021,LZU,GA,ASO,ES,Federal Contract Tower,0,11,54,0,65,0,0,143,0,143,0,11,197,0,208,242,0,242,450
07/29/2021,LZU,GA,ASO,ES,Federal Contract Tower,0,14,42,0,56,0,0,213,0,213,0,14,255,0,269,176,0,176,445
07/30/2021,LZU,GA,ASO,ES,Federal Contract Tower,0,11,38,0,49,0,0,167,0,167,0,11,205,0,216,170,0,170,386
07/31/2021,LZU,GA,ASO,ES,Federal Contract Tower,0,8,26,0,34,0,1,178,0,179,0,9,204,0,213,192,0,192,405
08/01/2021,LZU,GA,ASO,ES,Federal Contract Tower,0,2,35,0,37,0,0,145,0,145,0,2,180,0,182,162,0,162,344
08/02/2021,LZU,GA,ASO,ES,Federal Contract Tower,0,10,35,0,45,0,2,134,0,136,0,12,169,0,181,248,0,248,429
08/03/2021,LZU,GA,ASO,ES,Federal Contract Tower,0,15,53,0,68,0,1,43,0,44,0,16,96,0,112,60,0,60,172
08/04/2021,LZU,GA,ASO,ES,Federal Contract Tower,0,14,51,0,65,0,5,163,0,168,0,19,214,0,233,374,0,374,607
08/05/2021,LZU,GA,ASO,ES,Federal Contract Tower,0,19,52,0,71,0,0,209,0,209,0,19,261,0,280,318,0,318,598
08/06/2021,LZU,GA,ASO,ES,Federal Contract Tower,0,11,28,0,39,0,0,132,0,132,0,11,160,0,171,128,0,128,299
08/07/2021,LZU,GA,ASO,ES,Federal Contract Tower,0,6,26,0,32,0,0,139,0,139,0,6,165,0,171,132,0,132,303
08/08/2021,LZU,GA,ASO,ES,Federal Contract Tower,0,1,58,0,59,0,0,196,0,196,0,1,254,0,255,140,0,140,395
08/09/2021,LZU,GA,ASO,ES,Federal Contract Tower,0,12,30,0,42,0,0,146,0,146,0,12,176,0,188,266,0,266,454
08/10/2021,LZU,GA,ASO,ES,Federal Contract Tower,0,11,48,0,59,0,2,112,0,114,0,13,160,0,173,0,246,246,419
08/11/2021,LZU,GA,ASO,ES,Federal Contract Tower,0,20,27,0,47,0,3,106,0,109,0,23,133,0,156,108,0,108,264
08/12/2021,LZU,GA,ASO,ES,Federal Contract Tower,0,12,33,0,45,0,1,136,0,137,0,13,169,0,182,228,0,228,410
08/13/2021,LZU,GA,ASO,ES,Federal Contract Tower,0,10,23,0,33,0,0,177,0,177,0,10,200,0,210,192,0,192,402
08/14/2021,LZU,GA,ASO,ES,Federal Contract Tower,0,3,27,0,30,0,0,152,0,152,0,3,179,0,182,166,0,166,348
08/15/2021,LZU,GA,ASO,ES,Federal Contract Tower,0,2,22,0,24,0,0,51,0,51,0,2,73,0,75,96,0,96,171
08/16/2021,LZU,GA,ASO,ES,Federal Contract Tower,0,9,28,0,37,0,0,26,0,26,0,9,54,0,63,68,0,68,131
08/17/2021,LZU,GA,ASO,ES,Federal Contract Tower,0,14,14,0,28,0,0,0,0,0,0,14,14,0,28,0,0,0,28
08/18/2021,LZU,GA,ASO,ES,Federal Contract Tower,0,12,37,0,49,0,0,202,0,202,0,12,239,0,251,208,0,208,459
08/19/2021,LZU,GA,ASO,ES,Federal Contract Tower,0,13,39,0,52,0,0,91,0,91,0,13,130,0,143,152,0,152,295
08/20/2021,LZU,GA,ASO,ES,Federal Contract Tower,0,10,47,0,57,0,0,99,0,99,0,10,146,0,156,236,0,236,392
08/21/2021,LZU,GA,ASO,ES,Federal Contract Tower,0,4,37,0,41,0,0,63,0,63,0,4,100,0,104,174,0,174,278
08/22/2021,LZU,GA,ASO,ES,Federal Contract Tower,0,0,48,0,48,0,0,41,0,41,0,0,89,0,89,44,0,44,133
08/23/2021,LZU,GA,ASO,ES,Federal Contract Tower,0,13,40,0,53,0,2,197,0,199,0,15,237,0,252,282,0,282,534
08/24/2021,LZU,GA,ASO,ES,Federal Contract Tower,0,14,33,0,47,0,0,166,0,166,0,14,199,0,213,188,0,188,401
08/25/2021,LZU,GA,ASO,ES,Federal Contract Tower,0,12,44,0,56,0,1,166,0,167,0,13,210,0,223,282,0,282,505
08/26/2021,LZU,GA,ASO,ES,Federal Contract Tower,0,11,43,0,54,0,0,135,0,135,0,11,178,0,189,168,0,168,357
08/27/2021,LZU,GA,ASO,ES,Federal Contract Tower,0,11,38,0,49,0,0,126,0,126,0,11,164,0,175,160,0,160,335
08/28/2021,LZU,GA,ASO,ES,Federal Contract Tower,0,6,22,0,28,0,0,95,0,95,0,6,117,0,123,80,0,80,203
08/29/2021,LZU,GA,ASO,ES,Federal Contract Tower,0,2,25,0,27,0,0,128,0,128,0,2,153,0,155,128,0,128,283
08/30/2021,LZU,GA,ASO,ES,Federal Contract Tower,0,10,40,0,50,0,0,63,0,63,0,10,103,0,113,72,0,72,185
08/31/2021,LZU,GA,ASO,ES,Federal Contract Tower,0,14,12,0,26,0,0,0,0,0,0,14,12,0,26,0,0,0,26
09/01/2021,LZU,GA,ASO,ES,Federal Contract Tower,0,12,27,0,39,0,0,33,2,35,0,12,60,2,74,6,0,6,80
09/02/2021,LZU,GA,ASO,ES,Federal Contract Tower,0,12,56,0,68,0,0,220,0,220,0,12,276,0,288,104,0,104,392
09/03/2021,LZU,GA,ASO,ES,Federal Contract Tower,0,10,47,0,57,0,0,214,0,214,0,10,261,0,271,282,0,282,553
09/04/2021,LZU,GA,ASO,ES,Federal Contract Tower,0,3,22,0,25,0,2,181,0,183,0,5,203,0,208,192,0,192,400
09/05/2021,LZU,GA,ASO,ES,Federal Contract Tower,0,3,22,0,25,0,0,135,0,135,0,3,157,0,160,166,0,166,326
09/06/2021,LZU,GA,ASO,ES,Federal Contract Tower,0,1,45,0,46,0,0,59,0,59,0,1,104,0,105,100,0,100,205
09/07/2021,LZU,GA,ASO,ES,Federal Contract Tower,0,11,36,0,47,0,0,24,0,24,0,11,60,0,71,16,0,16,87
09/08/2021,LZU,GA,ASO,ES,Federal Contract Tower,0,14,41,0,55,0,0,39,0,39,0,14,80,0,94,58,0,58,152
09/09/2021,LZU,GA,ASO,ES,Federal Contract Tower,0,15,35,0,50,0,0,182,0,182,0,15,217,0,232,234,0,234,466
09/10/2021,LZU,GA,ASO,ES,Federal Contract Tower,0,10,23,0,33,0,0,198,0,198,0,10,221,0,231,324,0,324,555
09/11/2021,LZU,GA,ASO,ES,Federal Contract Tower,0,4,19,0,23,0,0,220,0,220,0,4,239,0,243,294,0,294,537
09/12/2021,LZU,GA,ASO,ES,Federal Contract Tower,0,7,32,0,39,0,0,161,0,161,0,7,193,0,200,238,0,238,438
09/13/2021,LZU,GA,ASO,ES,Federal Contract Tower,0,8,35,0,43,0,0,201,0,201,0,8,236,0,244,240,0,240,484
09/14/2021,LZU,GA,ASO,ES,Federal Contract Tower,0,13,19,0,32,0,0,212,0,212,0,13,231,0,244,342,0,342,586
09/15/2021,LZU,GA,ASO,ES,Federal Contract Tower,0,10,45,0,55,0,0,92,0,92,0,10,137,0,147,198,0,198,345
09/16/2021,LZU,GA,ASO,ES,Federal Contract Tower,0,12,26,0,38,0,0,0,0,0,0,12,26,0,38,0,0,0,38
09/17/2021,LZU,GA,ASO,ES,Federal Contract Tower,0,19,33,0,52,0,0,36,0,36,0,19,69,0,88,196,0,196,284
09/18/2021,LZU,GA,ASO,ES,Federal Contract Tower,0,7,27,0,34,0,0,169,0,169,0,7,196,0,203,174,0,174,377
09/19/2021,LZU,GA,ASO,ES,Federal Contract Tower,0,6,37,0,43,0,0,63,0,63,0,6,100,0,106,200,0,200,306
09/20/2021,LZU,GA,ASO,ES,Federal Contract Tower,0,17,29,0,46,0,0,0,0,0,0,17,29,0,46,0,0,0,46
09/21/2021,LZU,GA,ASO,ES,Federal Contract Tower,0,15,25,0,40,0,0,8,0,8,0,15,33,0,48,0,0,0,48
09/22/2021,LZU,GA,ASO,ES,Federal Contract Tower,0,19,26,0,45,0,2,24,0,26,0,21,50,0,71,8,0,8,79
09/23/2021,LZU,GA,ASO,ES,Federal Contract Tower,0,19,48,0,67,0,0,271,0,271,0,19,319,0,338,280,0,280,618
09/24/2021,LZU,GA,ASO,ES,Federal Contract Tower,0,20,49,0,69,0,0,268,0,268,0,20,317,0,337,274,0,274,611
09/25/2021,LZU,GA,ASO,ES,Federal Contract Tower,0,5,32,0,37,0,0,235,0,235,0,5,267,0,272,260,0,260,532
09/26/2021,LZU,GA,ASO,ES,Federal Contract Tower,0,3,31,0,34,0,0,162,0,162,0,3,193,0,196,182,0,182,378
09/27/2021,LZU,GA,ASO,ES,Federal Contract Tower,0,15,39,0,54,0,0,197,0,197,0,15,236,0,251,248,0,248,499
09/28/2021,LZU,GA,ASO,ES,Federal Contract Tower,0,11,44,0,55,0,0,196,0,196,0,11,240,0,251,224,0,224,475
09/29/2021,LZU,GA,ASO,ES,Federal Contract Tower,0,17,40,0,57,0,0,201,2,203,0,17,241,2,260,212,0,212,472
09/30/2021,LZU,GA,ASO,ES,Federal Contract Tower,0,13,46,0,59,0,0,161,0,161,0,13,207,0,220,264,0,264,484
10/01/2021,LZU,GA,ASO,ES,Federal Contract Tower,0,18,58,0,76,0,0,126,0,126,0,18,184,0,202,128,0,128,330
10/02/2021,LZU,GA,ASO,ES,Federal Contract Tower,0,5,44,0,49,0,0,105,0,105,0,5,149,0,154,158,0,158,312
10/03/2021,LZU,GA,ASO,ES,Federal Contract Tower,0,7,32,0,39,0,0,82,0,82,0,7,114,0,121,126,0,126,247
10/04/2021,LZU,GA,ASO,ES,Federal Contract Tower,0,12,42,0,54,0,0,20,0,20,0,12,62,0,74,54,0,54,128
10/05/2021,LZU,GA,ASO,ES,Federal Contract Tower,0,11,26,0,37,0,0,0,0,0,0,11,26,0,37,0,0,0,37
10/06/2021,LZU,GA,ASO,ES,Federal Contract Tower,0,16,18,0,34,0,0,0,0,0,0,16,18,0,34,0,0,0,34
10/07/2021,LZU,GA,ASO,ES,Federal Contract Tower,0,17,30,0,47,0,0,0,0,0,0,17,30,0,47,0,0,0,47
10/08/2021,LZU,GA,ASO,ES,Federal Contract Tower,0,16,46,0,62,0,0,99,0,99,0,16,145,0,161,166,0,166,327
10/09/2021,LZU,GA,ASO,ES,Federal Contract Tower,0,6,44,0,50,0,0,204,0,204,0,6,248,0,254,80,0,80,334
10/10/2021,LZU,GA,ASO,ES,Federal Contract Tower,0,13,31,0,44,0,0,174,0,174,0,13,205,0,218,190,0,190,408
10/11/2021,LZU,GA,ASO,ES,Federal Contract Tower,0,16,58,0,74,0,2,119,0,121,0,18,177,0,195,148,0,148,343
10/12/2021,LZU,GA,ASO,ES,Federal Contract Tower,0,14,56,0,70,0,0,87,2,89,0,14,143,2,159,150,0,150,309
10/13/2021,LZU,GA,ASO,ES,Federal Contract Tower,0,17,41,0,58,0,0,192,0,192,0,17,233,0,250,192,0,192,442
10/14/2021,LZU,GA,ASO,ES,Federal Contract Tower,0,26,41,0,67,0,0,214,0,214,0,26,255,0,281,298,0,298,579
10/15/2021,LZU,GA,ASO,ES,Federal Contract Tower,0,12,36,0,48,0,0,211,0,211,0,12,247,0,259,170,0,170,429
10/16/2021,LZU,GA,ASO,ES,Federal Contract Tower,0,6,39,0,45,0,0,42,0,42,0,6,81,0,87,38,0,38,125
10/17/2021,LZU,GA,ASO,ES,Federal Contract Tower,0,1,24,1,26,0,0,187,0,187,0,1,211,1,213,52,0,52,265
10/18/2021,LZU,GA,ASO,ES,Federal Contract Tower,0,12,28,0,40,0,4,160,0,164,0,16,188,0,204,150,0,150,354
10/19/2021,LZU,GA,ASO,ES,Federal Contract Tower,0,9,32,0,41,0,0,181,0,181,0,9,213,0,222,208,0,208,430
10/20/2021,LZU,GA,ASO,ES,Federal Contract Tower,0,13,41,0,54,0,0,190,0,190,0,13,231,0,244,244,0,244,488
10/21/2021,LZU,GA,ASO,ES,Federal Contract Tower,0,14,35,0,49,0,4,67,0,71,0,18,102,0,120,202,0,202,322
10/22/2021,LZU,GA,ASO,ES,Federal Contract Tower,0,11,44,0,55,0,2,162,0,164,0,13,206,0,219,128,0,128,347
10/23/2021,LZU,GA,ASO,ES,Federal Contract Tower,0,8,25,0,33,0,0,233,0,233,0,8,258,0,266,180,0,180,446
10/24/2021,LZU,GA,ASO,ES,Federal Contract Tower,0,0,35,0,35,0,0,165,0,165,0,0,200,0,200,146,0,146,346
10/25/2021,LZU,GA,ASO,ES,Federal Contract Tower,0,10,39,0,49,0,0,108,0,108,0,10,147,0,157,148,0,148,305
10/26/2021,LZU,GA,ASO,ES,Federal Contract Tower,0,11,35,0,46,0,2,115,0,117,0,13,150,0,163,142,0,142,305
10/27/2021,LZU,GA,ASO,ES,Federal Contract Tower,0,16,48,0,64,0,0,228,0,228,0,16,276,0,292,310,0,310,602
10/28/2021,LZU,GA,ASO,ES,Federal Contract Tower,0,14,15,0,29,0,0,1,0,1,0,14,16,0,30,0,0,0,30
10/29/2021,LZU,GA,ASO,ES,Federal Contract Tower,0,21,33,0,54,0,0,7,0,7,0,21,40,0,61,20,0,20,81
10/30/2021,LZU,GA,ASO,ES,Federal Contract Tower,0,5,22,0,27,0,0,7,0,7,0,5,29,0,34,2,0,2,36
10/31/2021,LZU,GA,ASO,ES,Federal Contract Tower,0,3,32,0,35,0,0,85,0,85,0,3,117,0,120,36,0,36,156
11/01/2021,LZU,GA,ASO,ES,Federal Contract Tower,0,11,40,0,51,0,0,190,0,190,0,11,230,0,241,228,0,228,469
11/02/2021,LZU,GA,ASO,ES,Federal Contract Tower,0,11,33,0,44,0,1,185,0,186,0,12,218,0,230,140,0,140,370
11/03/2021,LZU,GA,ASO,ES,Federal Contract Tower,0,14,64,0,78,0,2,141,0,143,0,16,205,0,221,150,0,150,371
11/04/2021,LZU,GA,ASO,ES,Federal Contract Tower,0,16,31,0,47,0,0,2,0,2,0,16,33,0,49,0,0,0,49
11/05/2021,LZU,GA,ASO,ES,Federal Contract Tower,0,10,54,0,64,0,0,160,0,160,0,10,214,0,224,194,0,194,418
11/06/2021,LZU,GA,ASO,ES,Federal Contract Tower,0,7,28,0,35,0,0,154,0,154,0,7,182,0,189,144,0,144,333
11/07/2021,LZU,GA,ASO,ES,Federal Contract Tower,0,6,53,0,59,0,0,237,2,239,0,6,290,2,298,124,0,124,422
11/08/2021,LZU,GA,ASO,ES,Federal Contract Tower,0,10,24,0,34,0,0,176,0,176,0,10,200,0,210,218,0,218,428
11/09/2021,LZU,GA,ASO,ES,Federal Contract Tower,0,12,42,0,54,0,0,187,0,187,0,12,229,0,241,260,0,260,501
11/10/2021,LZU,GA,ASO,ES,Federal Contract Tower,0,13,43,0,56,0,0,190,0,190,0,13,233,0,246,250,0,250,496
11/11/2021,LZU,GA,ASO,ES,Federal Contract Tower,0,12,46,0,58,0,0,26,0,26,0,12,72,0,84,34,0,34,118
11/12/2021,LZU,GA,ASO,ES,Federal Contract Tower,0,11,40,0,51,0,0,176,0,176,0,11,216,0,227,270,0,270,497
11/13/2021,LZU,GA,ASO,ES,Federal Contract Tower,0,5,30,0,35,0,0,161,0,161,0,5,191,0,196,180,0,180,376
11/14/2021,LZU,GA,ASO,ES,Federal Contract Tower,0,2,48,0,50,0,1,152,0,153,0,3,200,0,203,66,0,66,269
11/15/2021,LZU,GA,ASO,ES,Federal Contract Tower,0,9,26,0,35,0,4,132,0,136,0,13,158,0,171,110,0,110,281
11/16/2021,LZU,GA,ASO,ES,Federal Contract Tower,0,11,50,0,61,0,0,126,0,126,0,11,176,0,187,268,0,268,455
11/17/2021,LZU,GA,ASO,ES,Federal Contract Tower,0,8,56,0,64,0,3,169,0,172,0,11,225,0,236,138,0,138,374
11/18/2021,LZU,GA,ASO,ES,Federal Contract Tower,0,12,52,0,64,0,1,113,0,114,0,13,165,0,178,180,0,180,358
11/19/2021,LZU,GA,ASO,ES,Federal Contract Tower,0,11,63,0,74,0,0,172,0,172,0,11,235,0,246,170,0,170,416
11/20/2021,LZU,GA,ASO,ES,Federal Contract Tower,0,1,32,0,33,0,0,228,0,228,0,1,260,0,261,104,0,104,365
11/21/2021,LZU,GA,ASO,ES,Federal Contract Tower,0,7,51,0,58,0,0,69,0,69,0,7,120,0,127,82,0,82,209
11/22/2021,LZU,GA,ASO,ES,Federal Contract Tower,0,10,35,0,45,0,0,41,0,41,0,10,76,0,86,46,0,46,132
11/23/2021,LZU,GA,ASO,ES,Federal Contract Tower,0,12,49,0,61,0,0,181,0,181,0,12,230,0,242,190,0,190,432
11/24/2021,LZU,GA,ASO,ES,Federal Contract Tower,0,13,54,0,67,0,1,169,0,170,0,14,223,0,237,206,0,206,443
11/25/2021,LZU,GA,ASO,ES,Federal Contract Tower,0,2,8,0,10,0,1,46,0,47,0,3,54,0,57,86,0,86,143
11/26/2021,LZU,GA,ASO,ES,Federal Contract Tower,0,7,33,0,40,0,0,59,0,59,0,7,92,0,99,38,0,38,137
11/27/2021,LZU,GA,ASO,ES,Federal Contract Tower,0,4,42,0,46,0,0,194,0,194,0,4,236,0,240,212,0,212,452
11/28/2021,LZU,GA,ASO,ES,Federal Contract Tower,0,1,56,0,57,0,1,125,0,126,0,2,181,0,183,272,0,272,455
11/29/2021,LZU,GA,ASO,ES,Federal Contract Tower,0,8,31,2,41,0,1,133,0,134,0,9,164,2,175,186,0,186,361
11/30/2021,LZU,GA,ASO,ES,Federal Contract Tower,0,10,34,0,44,0,1,136,0,137,0,11,170,0,181,230,0,230,411
12/01/2021,LZU,GA,ASO,ES,Federal Contract Tower,0,15,43,0,58,0,0,166,0,166,0,15,209,0,224,226,2,228,452
12/02/2021,LZU,GA,ASO,ES,Federal Contract Tower,0,11,37,0,48,0,0,124,0,124,0,11,161,0,172,92,0,92,264
12/03/2021,LZU,GA,ASO,ES,Federal Contract Tower,0,12,50,0,62,0,1,186,0,187,0,13,236,0,249,216,0,216,465
12/04/2021,LZU,GA,ASO,ES,Federal Contract Tower,0,2,22,0,24,0,0,182,0,182,0,2,204,0,206,214,0,214,420
12/05/2021,LZU,GA,ASO,ES,Federal Contract Tower,0,5,30,0,35,0,0,40,0,40,0,5,70,0,75,52,0,52,127
12/06/2021,LZU,GA,ASO,ES,Federal Contract Tower,0,10,29,0,39,0,0,0,0,0,0,10,29,0,39,0,0,0,39
12/07/2021,LZU,GA,ASO,ES,Federal Contract Tower,0,10,29,0,39,0,1,122,0,123,0,11,151,0,162,222,0,222,384
12/08/2021,LZU,GA,ASO,ES,Federal Contract Tower,0,21,43,0,64,0,0,31,0,31,0,21,74,0,95,56,0,56,151
12/09/2021,LZU,GA,ASO,ES,Federal Contract Tower,0,22,55,0,77,0,0,71,0,71,0,22,126,0,148,156,0,156,304
12/10/2021,LZU,GA,ASO,ES,Federal Contract Tower,0,12,19,0,31,0,0,0,0,0,0,12,19,0,31,0,0,0,31
12/11/2021,LZU,GA,ASO,ES,Federal Contract Tower,0,2,15,0,17,0,0,3,0,3,0,2,18,0,20,0,0,0,20
12/12/2021,LZU,GA,ASO,ES,Federal Contract Tower,0,5,35,0,40,0,2,215,0,217,0,7,250,0,257,164,0,164,421
12/13/2021,LZU,GA,ASO,ES,Federal Contract Tower,0,17,32,0,49,0,5,161,0,166,0,22,193,0,215,216,0,216,431
12/14/2021,LZU,GA,ASO,ES,Federal Contract Tower,0,11,53,0,64,0,2,161,0,163,0,13,214,0,227,238,0,238,465
12/15/2021,LZU,GA,ASO,ES,Federal Contract Tower,0,12,59,0,71,0,3,157,0,160,0,15,216,0,231,204,0,204,435
12/16/2021,LZU,GA,ASO,ES,Federal Contract Tower,0,12,49,0,61,0,0,43,0,43,0,12,92,0,104,46,0,46,150
12/17/2021,LZU,GA,ASO,ES,Federal Contract Tower,0,10,45,0,55,0,0,22,0,22,0,10,67,0,77,28,0,28,105
12/18/2021,LZU,GA,ASO,ES,Federal Contract Tower,0,4,17,0,21,0,0,0,0,0,0,4,17,0,21,0,0,0,21
12/19/2021,LZU,GA,ASO,ES,Federal Contract Tower,0,3,54,0,57,0,0,85,0,85,0,3,139,0,142,54,0,54,196
12/20/2021,LZU,GA,ASO,ES,Federal Contract Tower,0,8,45,0,53,0,0,146,1,147,0,8,191,1,200,202,0,202,402
12/21/2021,LZU,GA,ASO,ES,Federal Contract Tower,0,12,34,0,46,0,0,35,0,35,0,12,69,0,81,178,0,178,259
12/22/2021,LZU,GA,ASO,ES,Federal Contract Tower,0,18,40,0,58,0,1,129,0,130,0,19,169,0,188,38,0,38,226
12/23/2021,LZU,GA,ASO,ES,Federal Contract Tower,0,10,43,0,53,0,0,216,0,216,0,10,259,0,269,140,0,140,409
12/24/2021,LZU,GA,ASO,ES,Federal Contract Tower,0,10,20,0,30,0,0,94,0,94,0,10,114,0,124,120,0,120,244
12/25/2021,LZU,GA,ASO,ES,Federal Contract Tower,0,5,7,0,12,0,0,7,0,7,0,5,14,0,19,0,0,0,19
12/26/2021,LZU,GA,ASO,ES,Federal Contract Tower,0,9,49,0,58,0,0,128,0,128,0,9,177,0,186,182,0,182,368
12/27/2021,LZU,GA,ASO,ES,Federal Contract Tower,0,10,48,0,58,0,0,24,0,24,0,10,72,0,82,48,0,48,130
12/28/2021,LZU,GA,ASO,ES,Federal Contract Tower,0,11,40,0,51,0,0,31,0,31,0,11,71,0,82,26,0,26,108
12/29/2021,LZU,GA,ASO,ES,Federal Contract Tower,0,17,15,0,32,0,0,4,0,4,0,17,19,0,36,6,0,6,42
12/30/2021,LZU,GA,ASO,ES,Federal Contract Tower,0,11,21,0,32,0,0,0,0,0,0,11,21,0,32,0,0,0,32
12/31/2021,LZU,GA,ASO,ES,Federal Contract Tower,0,10,21,0,31,0,0,0,0,0,0,10,21,0,31,0,0,0,31
01/01/2022,LZU,GA,ASO,ES,Federal Contract Tower,0,3,22,0,25,0,0,3,0,3,0,3,25,0,28,0,0,0,28
01/02/2022,LZU,GA,ASO,ES,Federal Contract Tower,0,0,22,0,22,0,0,0,0,0,0,0,22,0,22,0,0,0,22
01/03/2022,LZU,GA,ASO,ES,Federal Contract Tower,0,10,36,0,46,0,0,58,0,58,0,10,94,0,104,56,0,56,160
01/04/2022,LZU,GA,ASO,ES,Federal Contract Tower,0,13,37,0,50,0,0,188,0,188,0,13,225,0,238,138,0,138,376
01/05/2022,LZU,GA,ASO,ES,Federal Contract Tower,0,12,34,0,46,0,2,111,0,113,0,14,145,0,159,134,0,134,293
01/06/2022,LZU,GA,ASO,ES,Federal Contract Tower,0,8,24,2,34,0,0,38,0,38,0,8,62,2,72,78,0,78,150
01/07/2022,LZU,GA,ASO,ES,Federal Contract Tower,0,8,44,0,52,0,1,153,0,154,0,9,197,0,206,142,0,142,348
01/08/2022,LZU,GA,ASO,ES,Federal Contract Tower,0,3,32,0,35,0,0,188,0,188,0,3,220,0,223,152,0,152,375
01/09/2022,LZU,GA,ASO,ES,Federal Contract Tower,0,1,21,0,22,0,3,0,0,3,0,4,21,0,25,0,0,0,25
01/10/2022,LZU,GA,ASO,ES,Federal Contract Tower,0,16,45,0,61,0,0,96,0,96,0,16,141,0,157,130,0,130,287
01/11/2022,LZU,GA,ASO,ES,Federal Contract Tower,0,22,62,0,84,0,1,87,0,88,0,23,149,0,172,82,0,82,254
01/12/2022,LZU,GA,ASO,ES,Federal Contract Tower,0,13,37,0,50,0,2,191,0,193,0,15,228,0,243,188,0,188,431
01/13/2022,LZU,GA,ASO,ES,Federal Contract Tower,0,12,43,0,55,0,5,133,2,140,0,17,176,2,195,136,0,136,331
01/14/2022,LZU,GA,ASO,ES,Federal Contract Tower,0,12,49,0,61,0,1,214,0,215,0,13,263,0,276,172,0,172,448
01/15/2022,LZU,GA,ASO,ES,Federal Contract Tower,0,5,34,0,39,0,0,189,0,189,0,5,223,0,228,68,0,68,296
01/16/2022,LZU,GA,ASO,ES,Federal Contract Tower,0,0,1,0,1,0,0,0,0,0,0,0,1,0,1,0,0,0,1
01/17/2022,LZU,GA,ASO,ES,Federal Contract Tower,0,18,32,0,50,0,0,4,0,4,0,18,36,0,54,8,0,8,62
01/18/2022,LZU,GA,ASO,ES,Federal Contract Tower,0,14,42,0,56,0,2,173,0,175,0,16,215,0,231,178,0,178,409
01/19/2022,LZU,GA,ASO,ES,Federal Contract Tower,0,11,36,0,47,0,0,182,2,184,0,11,218,2,231,190,0,190,421
01/20/2022,LZU,GA,ASO,ES,Federal Contract Tower,0,18,33,0,51,0,0,0,0,0,0,18,33,0,51,0,0,0,51
01/21/2022,LZU,GA,ASO,ES,Federal Contract Tower,0,13,24,0,37,0,0,0,0,0,0,13,24,0,37,0,0,0,37
01/22/2022,LZU,GA,ASO,ES,Federal Contract Tower,0,2,22,0,24,0,2,147,0,149,0,4,169,0,173,130,0,130,303
01/23/2022,LZU,GA,ASO,ES,Federal Contract Tower,0,2,41,0,43,0,0,190,0,190,0,2,231,0,233,116,0,116,349
01/24/2022,LZU,GA,ASO,ES,Federal Contract Tower,0,12,37,0,49,0,2,191,0,193,0,14,228,0,242,236,0,236,478
01/25/2022,LZU,GA,ASO,ES,Federal Contract Tower,0,19,34,0,53,0,1,161,2,164,0,20,195,2,217,270,0,270,487
01/26/2022,LZU,GA,ASO,ES,Federal Contract Tower,0,24,52,0,76,0,0,190,0,190,0,24,242,0,266,210,0,210,476
01/27/2022,LZU,GA,ASO,ES,Federal Contract Tower,0,28,62,0,90,0,1,162,0,163,0,29,224,0,253,348,0,348,601
01/28/2022,LZU,GA,ASO,ES,Federal Contract Tower,0,20,37,0,57,0,2,107,0,109,0,22,144,0,166,200,0,200,366
01/29/2022,LZU,GA,ASO,ES,Federal Contract Tower,0,3,15,0,18,0,1,69,0,70,0,4,84,0,88,34,0,34,122
01/30/2022,LZU,GA,ASO,ES,Federal Contract Tower,0,0,29,0,29,0,3,168,0,171,0,3,197,0,200,252,0,252,452
01/31/2022,LZU,GA,ASO,ES,Federal Contract Tower,0,15,28,0,43,0,1,135,0,136,0,16,163,0,179,276,0,276,455
02/01/2022,LZU,GA,ASO,ES,Federal Contract Tower,0,12,38,0,50,0,2,177,0,179,0,14,215,0,229,230,0,230,459
02/02/2022,LZU,GA,ASO,ES,Federal Contract Tower,0,9,21,0,30,0,0,46,0,46,0,9,67,0,76,96,0,96,172
02/03/2022,LZU,GA,ASO,ES,Federal Contract Tower,0,16,19,0,35,0,0,0,0,0,0,16,19,0,35,0,0,0,35
02/04/2022,LZU,GA,ASO,ES,Federal Contract Tower,0,11,20,0,31,0,0,0,0,0,0,11,20,0,31,0,0,0,31
02/05/2022,LZU,GA,ASO,ES,Federal Contract Tower,0,3,39,0,42,0,1,258,0,259,0,4,297,0,301,254,0,254,555
02/06/2022,LZU,GA,ASO,ES,Federal Contract Tower,0,3,26,0,29,0,0,158,0,158,0,3,184,0,187,176,0,176,363
02/07/2022,LZU,GA,ASO,ES,Federal Contract Tower,0,10,34,0,44,0,2,112,0,114,0,12,146,0,158,242,0,242,400
02/08/2022,LZU,GA,ASO,ES,Federal Contract Tower,0,10,49,0,59,0,4,132,2,138,0,14,181,2,197,108,0,108,305
02/09/2022,LZU,GA,ASO,ES,Federal Contract Tower,0,11,36,0,47,0,1,139,0,140,0,12,175,0,187,208,0,208,395
02/10/2022,LZU,GA,ASO,ES,Federal Contract Tower,0,9,36,0,45,0,5,166,0,171,0,14,202,0,216,160,0,160,376
02/11/2022,LZU,GA,ASO,ES,Federal Contract Tower,0,14,46,0,60,0,10,151,0,161,0,24,197,0,221,190,0,190,411
02/12/2022,LZU,GA,ASO,ES,Federal Contract Tower,0,7,35,0,42,0,0,180,0,180,0,7,215,0,222,216,0,216,438
02/13/2022,LZU,GA,ASO,ES,Federal Contract Tower,0,2,25,0,27,0,2,98,0,100,0,4,123,0,127,108,0,108,235
02/14/2022,LZU,GA,ASO,ES,Federal Contract Tower,0,12,31,0,43,0,0,123,0,123,0,12,154,0,166,64,0,64,230
02/15/2022,LZU,GA,ASO,ES,Federal Contract Tower,0,14,42,1,57,0,4,171,0,175,0,18,213,1,232,170,0,170,402
02/16/2022,LZU,GA,ASO,ES,Federal Contract Tower,0,12,59,8,79,0,0,117,0,117,0,12,176,8,196,154,0,154,350
02/17/2022,LZU,GA,ASO,ES,Federal Contract Tower,0,11,28,0,39,0,0,4,0,4,0,11,32,0,43,0,0,0,43
02/18/2022,LZU,GA,ASO,ES,Federal Contract Tower,0,12,44,0,56,0,1,69,0,70,0,13,113,0,126,12,0,12,138
02/19/2022,LZU,GA,ASO,ES,Federal Contract Tower,0,6,42,0,48,0,0,251,0,251,0,6,293,0,299,98,0,98,397
02/20/2022,LZU,GA,ASO,ES,Federal Contract Tower,0,2,29,0,31,0,0,234,0,234,0,2,263,0,265,304,0,304,569
02/21/2022,LZU,GA,ASO,ES,Federal Contract Tower,0,13,50,0,63,0,0,11,0,11,0,13,61,0,74,42,0,42,116
02/22/2022,LZU,GA,ASO,ES,Federal Contract Tower,0,12,38,0,50,0,0,37,0,37,0,12,75,0,87,94,0,94,181
02/23/2022,LZU,GA,ASO,ES,Federal Contract Tower,0,16,45,0,61,0,1,51,0,52,0,17,96,0,113,90,0,90,203
02/24/2022,LZU,GA,ASO,ES,Federal Contract Tower,0,15,55,0,70,0,3,110,0,113,0,18,165,0,183,212,0,212,395
02/25/2022,LZU,GA,ASO,ES,Federal Contract Tower,0,21,52,0,73,0,0,36,0,36,0,21,88,0,109,34,0,34,143
02/26/2022,LZU,GA,ASO,ES,Federal Contract Tower,0,5,41,0,46,0,2,227,0,229,0,7,268,0,275,286,0,286,561
02/27/2022,LZU,GA,ASO,ES,Federal Contract Tower,0,7,20,0,27,0,0,0,0,0,0,7,20,0,27,0,0,0,27
02/28/2022,LZU,GA,ASO,ES,Federal Contract Tower,0,11,41,0,52,0,2,153,0,155,0,13,194,0,207,156,0,156,363
03/01/2022,LZU,GA,ASO,ES,Federal Contract Tower,0,9,37,0,46,0,3,190,0,193,0,12,227,0,239,234,0,234,473
03/02/2022,LZU,GA,ASO,ES,Federal Contract Tower,0,7,32,0,39,0,3,143,0,146,0,10,175,0,185,140,0,140,325
03/03/2022,LZU,GA,ASO,ES,Federal Contract Tower,0,14,48,1,63,0,3,155,0,158,0,17,203,1,221,248,2,250,471
03/04/2022,LZU,GA,ASO,ES,Federal Contract Tower,0,9,36,0,45,0,3,199,0,202,0,12,235,0,247,268,0,268,515
03/05/2022,LZU,GA,ASO,ES,Federal Contract Tower,0,1,79,0,80,0,1,135,0,136,0,2,214,0,216,96,0,96,312
03/06/2022,LZU,GA,ASO,ES,Federal Contract Tower,0,2,52,0,54,0,0,146,0,146,0,2,198,0,200,138,0,138,338
03/07/2022,LZU,GA,ASO,ES,Federal Contract Tower,0,10,32,0,42,0,0,21,0,21,0,10,53,0,63,8,0,8,71
03/08/2022,LZU,GA,ASO,ES,Federal Contract Tower,0,14,32,0,46,0,0,53,0,53,0,14,85,0,99,172,0,172,271
03/09/2022,LZU,GA,ASO,ES,Federal Contract Tower,0,15,41,0,56,0,0,26,0,26,0,15,67,0,82,64,0,64,146
03/10/2022,LZU,GA,ASO,ES,Federal Contract Tower,0,17,57,0,74,0,0,27,0,27,0,17,84,0,101,50,0,50,151
03/11/2022,LZU,GA,ASO,ES,Federal Contract Tower,0,16,31,0,47,0,0,0,0,0,0,16,31,0,47,0,0,0,47
03/12/2022,LZU,GA,ASO,ES,Federal Contract Tower,0,8,13,0,21,0,0,8,0,8,0,8,21,0,29,6,0,6,35
03/13/2022,LZU,GA,ASO,ES,Federal Contract Tower,0,3,47,0,50,0,0,222,0,222,0,3,269,0,272,288,0,288,560
03/14/2022,LZU,GA,ASO,ES,Federal Contract Tower,0,12,40,0,52,0,2,199,0,201,0,14,239,0,253,206,0,206,459
03/15/2022,LZU,GA,ASO,ES,Federal Contract Tower,0,10,41,0,51,0,0,116,0,116,0,10,157,0,167,246,0,246,413
03/16/2022,LZU,GA,ASO,ES,Federal Contract Tower,0,16,16,0,32,0,0,0,0,0,0,16,16,0,32,0,0,0,32
03/17/2022,LZU,GA,ASO,ES,Federal Contract Tower,0,18,62,0,80,0,0,180,0,180,0,18,242,0,260,198,0,198,458
03/18/2022,LZU,GA,ASO,ES,Federal Contract Tower,0,13,35,0,48,0,0,42,0,42,0,13,77,0,90,98,0,98,188
03/19/2022,LZU,GA,ASO,ES,Federal Contract Tower,0,2,38,0,40,0,0,185,0,185,0,2,223,0,225,176,0,176,401
03/20/2022,LZU,GA,ASO,ES,Federal Contract Tower,0,0,43,0,43,0,0,125,0,125,0,0,168,0,168,136,0,136,304
03/21/2022,LZU,GA,ASO,ES,Federal Contract Tower,0,11,56,0,67,0,1,176,0,177,0,12,232,0,244,238,0,238,482
03/22/2022,LZU,GA,ASO,ES,Federal Contract Tower,0,16,36,0,52,0,0,129,0,129,0,16,165,0,181,170,0,170,351
03/23/2022,LZU,GA,ASO,ES,Federal Contract Tower,0,17,23,0,40,0,0,6,0,6,0,17,29,0,46,0,0,0,46
03/24/2022,LZU,GA,ASO,ES,Federal Contract Tower,0,16,47,1,64,0,2,139,3,144,0,18,186,4,208,156,0,156,364
03/25/2022,LZU,GA,ASO,ES,Federal Contract Tower,0,12,48,0,60,0,2,111,2,115,0,14,159,2,175,122,0,122,297
03/26/2022,LZU,GA,ASO,ES,Federal Contract Tower,0,4,18,0,22,0,0,23,0,23,0,4,41,0,45,24,0,24,69
03/27/2022,LZU,GA,ASO,ES,Federal Contract Tower,0,10,55,0,65,0,0,95,0,95,0,10,150,0,160,96,0,96,256
03/28/2022,LZU,GA,ASO,ES,Federal Contract Tower,0,8,31,0,39,0,0,168,0,168,0,8,199,0,207,266,0,266,473
03/29/2022,LZU,GA,ASO,ES,Federal Contract Tower,0,10,47,0,57,0,0,165,0,165,0,10,212,0,222,280,0,280,502
03/30/2022,LZU,GA,ASO,ES,Federal Contract Tower,0,12,46,0,58,0,20,0,0,20,0,32,46,0,78,16,0,16,94
03/31/2022,LZU,GA,ASO,ES,Federal Contract Tower,0,14,33,0,47,0,0,31,0,31,0,14,64,0,78,18,0,18,96
04/01/2022,LZU,GA,ASO,ES,Federal Contract Tower,0,15,58,0,73,0,2,167,0,169,0,17,225,0,242,136,0,136,378
04/02/2022,LZU,GA,ASO,ES,Federal Contract Tower,0,4,51,0,55,0,0,187,0,187,0,4,238,0,242,238,0,238,480
04/03/2022,LZU,GA,ASO,ES,Federal Contract Tower,0,1,40,0,41,0,0,137,0,137,0,1,177,0,178,132,0,132,310
04/04/2022,LZU,GA,ASO,ES,Federal Contract Tower,0,7,48,0,55,0,0,210,0,210,0,7,258,0,265,298,0,298,563
04/05/2022,LZU,GA,ASO,ES,Federal Contract Tower,0,12,21,0,33,0,0,19,0,19,0,12,40,0,52,54,0,54,106
04/06/2022,LZU,GA,ASO,ES,Federal Contract Tower,0,12,24,0,36,0,0,0,0,0,0,12,24,0,36,0,0,0,36
04/07/2022,LZU,GA,ASO,ES,Federal Contract Tower,0,11,33,5,49,0,0,73,0,73,0,11,106,5,122,38,0,38,160
04/08/2022,LZU,GA,ASO,ES,Federal Contract Tower,0,14,26,0,40,0,0,92,0,92,0,14,118,0,132,104,0,104,236
04/09/2022,LZU,GA,ASO,ES,Federal Contract Tower,0,2,38,0,40,0,0,101,0,101,0,2,139,0,141,142,0,142,283
04/10/2022,LZU,GA,ASO,ES,Federal Contract Tower,0,4,31,0,35,0,0,256,0,256,0,4,287,0,291,248,0,248,539
04/11/2022,LZU,GA,ASO,ES,Federal Contract Tower,0,14,32,0,46,0,4,150,0,154,0,18,182,0,200,236,0,236,436
04/12/2022,LZU,GA,ASO,ES,Federal Contract Tower,0,14,51,0,65,0,3,166,0,169,0,17,217,0,234,188,0,188,422
04/13/2022,LZU,GA,ASO,ES,Federal Contract Tower,0,12,50,1,63,0,0,123,0,123,0,12,173,1,186,136,0,136,322
04/14/2022,LZU,GA,ASO,ES,Federal Contract Tower,0,12,32,0,44,0,0,64,0,64,0,12,96,0,108,58,0,58,166
04/15/2022,LZU,GA,ASO,ES,Federal Contract Tower,0,13,42,0,55,0,1,199,0,200,0,14,241,0,255,290,0,290,545
04/16/2022,LZU,GA,ASO,ES,Federal Contract Tower,0,5,22,0,27,0,0,2,0,2,0,5,24,0,29,32,0,32,61
04/17/2022,LZU,GA,ASO,ES,Federal Contract Tower,0,4,21,0,25,0,0,77,0,77,0,4,98,0,102,268,0,268,370
04/18/2022,LZU,GA,ASO,ES,Federal Contract Tower,0,19,44,0,63,0,0,5,0,5,0,19,49,0,68,2,0,2,70
04/19/2022,LZU,GA,ASO,ES,Federal Contract Tower,0,11,44,0,55,0,2,185,0,187,0,13,229,0,242,200,0,200,442
04/20/2022,LZU,GA,ASO,ES,Federal Contract Tower,0,9,31,0,40,0,1,154,0,155,0,10,185,0,195,244,0,244,439
04/21/2022,LZU,GA,ASO,ES,Federal Contract Tower,0,17,45,5,67,0,1,173,0,174,0,18,218,5,241,270,0,270,511
04/22/2022,LZU,GA,ASO,ES,Federal Contract Tower,0,11,37,1,49,0,2,237,0,239,0,13,274,1,288,328,2,330,618
04/23/2022,LZU,GA,ASO,ES,Federal Contract Tower,0,7,39,0,46,0,2,230,0,232,0,9,269,0,278,152,0,152,430
04/24/2022,LZU,GA,ASO,ES,Federal Contract Tower,0,2,47,0,49,0,0,195,0,195,0,2,242,0,244,240,0,240,484
04/25/2022,LZU,GA,ASO,ES,Federal Contract Tower,0,12,48,0,60,0,1,171,0,172,0,13,219,0,232,154,0,154,386
04/26/2022,LZU,GA,ASO,ES,Federal Contract Tower,0,12,23,0,35,0,0,46,0,46,0,12,69,0,81,84,0,84,165
04/27/2022,LZU,GA,ASO,ES,Federal Contract Tower,0,12,61,0,73,0,2,194,0,196,0,14,255,0,269,322,0,322,591
04/28/2022,LZU,GA,ASO,ES,Federal Contract Tower,0,9,47,0,56,0,1,235,0,236,0,10,282,0,292,340,0,340,632
04/29/2022,LZU,GA,ASO,ES,Federal Contract Tower,0,13,43,0,56,0,2,175,2,179,0,15,218,2,235,288,0,288,523
04/30/2022,LZU,GA,ASO,ES,Federal Contract Tower,0,9,21,0,30,0,0,176,0,176,0,9,197,0,206,166,0,166,372
05/01/2022,LZU,GA,ASO,ES,Federal Contract Tower,0,12,32,0,44,0,2,35,0,37,0,14,67,0,81,24,0,24,105
05/02/2022,LZU,GA,ASO,ES,Federal Contract Tower,0,18,46,0,64,0,0,154,0,154,0,18,200,0,218,240,0,240,458
05/03/2022,LZU,GA,ASO,ES,Federal Contract Tower,0,11,34,0,45,0,1,129,0,130,0,12,163,0,175,228,0,228,403
05/04/2022,LZU,GA,ASO,ES,Federal Contract Tower,0,12,53,0,65,0,1,67,2,70,0,13,120,2,135,196,0,196,331
05/05/2022,LZU,GA,ASO,ES,Federal Contract Tower,0,12,64,0,76,0,3,182,1,186,0,15,246,1,262,330,0,330,592
05/06/2022,LZU,GA,ASO,ES,Federal Contract Tower,0,11,30,0,41,0,0,5,0,5,0,11,35,0,46,2,0,2,48
05/07/2022,LZU,GA,ASO,ES,Federal Contract Tower,0,9,35,0,44,0,0,29,0,29,0,9,64,0,73,56,0,56,129
05/08/2022,LZU,GA,ASO,ES,Federal Contract Tower,0,4,46,0,50,0,0,88,0,88,0,4,134,0,138,84,0,84,222
05/09/2022,LZU,GA,ASO,ES,Federal Contract Tower,0,9,58,0,67,0,0,209,0,209,0,9,267,0,276,224,0,224,500
05/10/2022,LZU,GA,ASO,ES,Federal Contract Tower,0,10,44,0,54,0,1,202,0,203,0,11,246,0,257,272,0,272,529
05/11/2022,LZU,GA,ASO,ES,Federal Contract Tower,0,12,55,0,67,0,1,252,0,253,0,13,307,0,320,350,0,350,670
05/12/2022,LZU,GA,ASO,ES,Federal Contract Tower,0,9,44,0,53,0,1,186,0,187,0,10,230,0,240,236,0,236,476
05/13/2022,LZU,GA,ASO,ES,Federal Contract Tower,0,11,53,0,64,0,0,71,0,71,0,11,124,0,135,148,0,148,283
05/14/2022,LZU,GA,ASO,ES,Federal Contract Tower,0,7,42,0,49,0,0,186,0,186,0,7,228,0,235,232,0,232,467
05/15/2022,LZU,GA,ASO,ES,Federal Contract Tower,0,6,33,0,39,0,1,121,0,122,0,7,154,0,161,190,0,190,351
05/16/2022,LZU,GA,ASO,ES,Federal Contract Tower,0,12,37,0,49,0,0,137,0,137,0,12,174,0,186,218,0,218,404
05/17/2022,LZU,GA,ASO,ES,Federal Contract Tower,0,13,49,0,62,0,7,175,0,182,0,20,224,0,244,238,0,238,482
05/18/2022,LZU,GA,ASO,ES,Federal Contract Tower,0,7,49,0,56,0,5,168,0,173,0,12,217,0,229,216,0,216,445
05/19/2022,LZU,GA,ASO,ES,Federal Contract Tower,0,7,46,0,53,0,3,152,0,155,0,10,198,0,208,142,0,142,350
05/20/2022,LZU,GA,ASO,ES,Federal Contract Tower,0,10,31,0,41,0,2,174,0,176,0,12,205,0,217,216,0,216,433
05/21/2022,LZU,GA,ASO,ES,Federal Contract Tower,0,2,39,0,41,0,0,159,0,159,0,2,198,0,200,104,0,104,304
05/22/2022,LZU,GA,ASO,ES,Federal Contract Tower,0,1,33,0,34,0,0,81,0,81,0,1,114,0,115,132,0,132,247
05/23/2022,LZU,GA,ASO,ES,Federal Contract Tower,0,8,29,0,37,0,0,5,0,5,0,8,34,0,42,0,0,0,42
05/24/2022,LZU,GA,ASO,ES,Federal Contract Tower,0,11,38,0,49,0,0,52,0,52,0,11,90,0,101,98,0,98,199
05/25/2022,LZU,GA,ASO,ES,Federal Contract Tower,0,17,34,0,51,0,0,2,0,2,0,17,36,0,53,0,0,0,53
05/26/2022,LZU,GA,ASO,ES,Federal Contract Tower,0,11,24,0,35,0,0,3,0,3,0,11,27,0,38,0,0,0,38
05/27/2022,LZU,GA,ASO,ES,Federal Contract Tower,0,12,62,0,74,0,0,101,0,101,0,12,163,0,175,112,0,112,287
05/28/2022,LZU,GA,ASO,ES,Federal Contract Tower,0,4,42,0,46,0,0,192,0,192,0,4,234,0,238,246,0,246,484
05/29/2022,LZU,GA,ASO,ES,Federal Contract Tower,0,1,26,0,27,0,0,174,0,174,0,1,200,0,201,176,0,176,377
05/30/2022,LZU,GA,ASO,ES,Federal Contract Tower,0,7,29,0,36,0,0,59,0,59,0,7,88,0,95,58,0,58,153
05/31/2022,LZU,GA,ASO,ES,Federal Contract Tower,0,13,48,1,62,0,0,110,1,111,0,13,158,2,173,2000,0,2000,2173
06/01/2022,LZU,GA,ASO,ES,Federal Contract Tower,0,18,49,3,70,0,1,168,0,169,0,19,217,3,239,156,0,156,395
06/02/2022,LZU,GA,ASO,ES,Federal Contract Tower,0,9,38,0,47,0,0,112,0,112,0,9,150,0,159,164,0,164,323
06/03/2022,LZU,GA,ASO,ES,Federal Contract Tower,0,13,42,0,55,0,1,115,0,116,0,14,157,0,171,152,0,152,323
06/04/2022,LZU,GA,ASO,ES,Federal Contract Tower,0,5,31,0,36,0,1,203,0,204,0,6,234,0,240,128,0,128,368
06/05/2022,LZU,GA,ASO,ES,Federal Contract Tower,0,16,42,0,58,0,1,160,0,161,0,17,202,0,219,154,0,154,373
06/06/2022,LZU,GA,ASO,ES,Federal Contract Tower,0,11,50,0,61,0,0,58,0,58,0,11,108,0,119,116,0,116,235
06/07/2022,LZU,GA,ASO,ES,Federal Contract Tower,0,19,35,0,54,0,0,32,0,32,0,19,67,0,86,56,0,56,142
06/08/2022,LZU,GA,ASO,ES,Federal Contract Tower,0,14,47,2,63,0,4,62,4,70,0,18,109,6,133,166,0,166,299
06/09/2022,LZU,GA,ASO,ES,Federal Contract Tower,0,15,50,0,65,0,0,90,0,90,0,15,140,0,155,218,0,218,373
06/10/2022,LZU,GA,ASO,ES,Federal Contract Tower,0,17,37,0,54,0,0,210,0,210,0,17,247,0,264,328,0,328,592
06/11/2022,LZU,GA,ASO,ES,Federal Contract Tower,0,6,40,0,46,0,0,231,0,231,0,6,271,0,277,232,0,232,509
06/12/2022,LZU,GA,ASO,ES,Federal Contract Tower,0,9,47,0,56,0,0,176,0,176,0,9,223,0,232,104,0,104,336
06/13/2022,LZU,GA,ASO,ES,Federal Contract Tower,0,7,38,0,45,0,0,163,0,163,0,7,201,0,208,312,0,312,520
06/14/2022,LZU,GA,ASO,ES,Federal Contract Tower,0,16,31,0,47,0,0,118,0,118,0,16,149,0,165,178,0,178,343
06/15/2022,LZU,GA,ASO,ES,Federal Contract Tower,0,13,43,0,56,0,0,117,0,117,0,13,160,0,173,174,0,174,347
06/16/2022,LZU,GA,ASO,ES,Federal Contract Tower,0,18,57,0,75,0,0,130,0,130,0,18,187,0,205,168,0,168,373
06/17/2022,LZU,GA,ASO,ES,Federal Contract Tower,0,17,34,0,51,0,0,119,0,119,0,17,153,0,170,186,0,186,356
06/18/2022,LZU,GA,ASO,ES,Federal Contract Tower,0,5,42,0,47,0,0,211,0,211,0,5,253,0,258,112,0,112,370
06/19/2022,LZU,GA,ASO,ES,Federal Contract Tower,0,0,28,0,28,0,1,166,0,167,0,1,194,0,195,116,0,116,311
06/20/2022,LZU,GA,ASO,ES,Federal Contract Tower,0,13,42,0,55,0,0,175,0,175,0,13,217,0,230,294,0,294,524
06/21/2022,LZU,GA,ASO,ES,Federal Contract Tower,0,8,40,0,48,0,2,152,0,154,0,10,192,0,202,250,0,250,452
06/22/2022,LZU,GA,ASO,ES,Federal Contract Tower,0,18,43,0,61,0,0,149,0,149,0,18,192,0,210,232,0,232,442
06/23/2022,LZU,GA,ASO,ES,Federal Contract Tower,0,9,44,0,53,0,3,106,0,109,0,12,150,0,162,242,0,242,404
06/24/2022,LZU,GA,ASO,ES,Federal Contract Tower,0,10,33,0,43,0,0,110,2,112,0,10,143,2,155,248,0,248,403
06/25/2022,LZU,GA,ASO,ES,Federal Contract Tower,0,4,37,0,41,0,0,110,0,110,0,4,147,0,151,202,0,202,353
06/26/2022,LZU,GA,ASO,ES,Federal Contract Tower,0,2,42,0,44,0,3,146,0,149,0,5,188,0,193,212,0,212,405
06/27/2022,LZU,GA,ASO,ES,Federal Contract Tower,0,7,39,0,46,0,0,60,9,69,0,7,99,9,115,138,0,138,253
06/28/2022,LZU,GA,ASO,ES,Federal Contract Tower,0,8,46,0,54,0,0,75,0,75,0,8,121,0,129,198,0,198,327
06/29/2022,LZU,GA,ASO,ES,Federal Contract Tower,0,9,47,0,56,0,0,45,0,45,0,9,92,0,101,128,0,128,229
06/30/2022,LZU,GA,ASO,ES,Federal Contract Tower,0,12,44,0,56,0,0,77,0,77,0,12,121,0,133,182,0,182,315
07/01/2022,LZU,GA,ASO,ES,Federal Contract Tower,0,11,39,0,50,0,0,29,0,29,0,11,68,0,79,68,0,68,147
07/02/2022,LZU,GA,ASO,ES,Federal Contract Tower,0,6,42,0,48,0,0,75,0,75,0,6,117,0,123,74,0,74,197
07/03/2022,LZU,GA,ASO,ES,Federal Contract Tower,0,3,34,0,37,0,0,104,0,104,0,3,138,0,141,136,0,136,277
07/04/2022,LZU,GA,ASO,ES,Federal Contract Tower,0,0,27,0,27,0,2,91,0,93,0,2,118,0,120,162,0,162,282
07/05/2022,LZU,GA,ASO,ES,Federal Contract Tower,0,14,42,0,56,0,0,61,0,61,0,14,103,0,117,128,0,128,245
07/06/2022,LZU,GA,ASO,ES,Federal Contract Tower,0,10,47,0,57,0,0,109,0,109,0,10,156,0,166,168,0,168,334
07/07/2022,LZU,GA,ASO,ES,Federal Contract Tower,0,16,37,0,53,0,4,117,0,121,0,20,154,0,174,192,0,192,366
07/08/2022,LZU,GA,ASO,ES,Federal Contract Tower,0,13,52,0,65,0,1,135,0,136,0,14,187,0,201,178,0,178,379
07/09/2022,LZU,GA,ASO,ES,Federal Contract Tower,0,4,15,0,19,0,0,25,0,25,0,4,40,0,44,18,0,18,62
07/10/2022,LZU,GA,ASO,ES,Federal Contract Tower,0,4,62,0,66,0,0,45,0,45,0,4,107,0,111,98,0,98,209
07/11/2022,LZU,GA,ASO,ES,Federal Contract Tower,0,13,54,0,67,0,0,33,0,33,0,13,87,0,100,132,0,132,232
07/12/2022,LZU,GA,ASO,ES,Federal Contract Tower,0,10,54,0,64,0,0,123,0,123,0,10,177,0,187,154,0,154,341
07/13/2022,LZU,GA,ASO,ES,Federal Contract Tower,0,10,43,0,53,0,0,44,0,44,0,10,87,0,97,102,0,102,199
07/14/2022,LZU,GA,ASO,ES,Federal Contract Tower,0,9,54,0,63,0,2,178,0,180,0,11,232,0,243,324,0,324,567
07/15/2022,LZU,GA,ASO,ES,Federal Contract Tower,0,16,51,0,67,0,1,197,0,198,0,17,248,0,265,314,0,314,579
07/16/2022,LZU,GA,ASO,ES,Federal Contract Tower,0,2,38,0,40,0,0,229,0,229,0,2,267,0,269,134,0,134,403
07/17/2022,LZU,GA,ASO,ES,Federal Contract Tower,0,1,35,0,36,0,0,157,0,157,0,1,192,0,193,142,0,142,335
07/18/2022,LZU,GA,ASO,ES,Federal Contract Tower,0,7,37,0,44,0,0,96,0,96,0,7,133,0,140,124,0,124,264
07/19/2022,LZU,GA,ASO,ES,Federal Contract Tower,0,7,44,0,51,0,0,49,0,49,0,7,93,0,100,68,0,68,168
07/20/2022,LZU,GA,ASO,ES,Federal Contract Tower,0,9,40,0,49,0,1,50,0,51,0,10,90,0,100,96,0,96,196
07/21/2022,LZU,GA,ASO,ES,Federal Contract Tower,0,14,41,0,55,0,0,39,2,41,0,14,80,2,96,84,0,84,180
07/22/2022,LZU,GA,ASO,ES,Federal Contract Tower,0,10,49,0,59,0,1,104,0,105,0,11,153,0,164,312,0,312,476
07/23/2022,LZU,GA,ASO,ES,Federal Contract Tower,0,8,29,0,37,0,0,197,0,197,0,8,226,0,234,202,0,202,436
07/24/2022,LZU,GA,ASO,ES,Federal Contract Tower,0,5,32,0,37,0,0,149,0,149,0,5,181,0,186,140,0,140,326
07/25/2022,LZU,GA,ASO,ES,Federal Contract Tower,0,10,31,0,41,0,0,75,0,75,0,10,106,0,116,256,0,256,372
07/26/2022,LZU,GA,ASO,ES,Federal Contract Tower,0,15,39,0,54,0,0,117,0,117,0,15,156,0,171,212,0,212,383
07/27/2022,LZU,GA,ASO,ES,Federal Contract Tower,0,8,61,0,69,0,0,154,2,156,0,8,215,2,225,206,0,206,431
07/28/2022,LZU,GA,ASO,ES,Federal Contract Tower,0,12,39,0,51,0,0,151,0,151,0,12,190,0,202,300,0,300,502
07/29/2022,LZU,GA,ASO,ES,Federal Contract Tower,0,13,34,0,47,0,0,88,0,88,0,13,122,0,135,190,0,190,325
07/30/2022,LZU,GA,ASO,ES,Federal Contract Tower,0,3,41,0,44,0,0,74,0,74,0,3,115,0,118,78,0,78,196
07/31/2022,LZU,GA,ASO,ES,Federal Contract Tower,0,4,55,0,59,0,0,76,0,76,0,4,131,0,135,80,0,80,215
08/01/2022,LZU,GA,ASO,ES,Federal Contract Tower,0,7,43,0,50,0,3,100,0,103,0,10,143,0,153,204,0,204,357
08/02/2022,LZU,GA,ASO,ES,Federal Contract Tower,0,13,45,0,58,0,1,105,0,106,0,14,150,0,164,110,0,110,274
08/03/2022,LZU,GA,ASO,ES,Federal Contract Tower,0,13,47,0,60,0,2,107,0,109,0,15,154,0,169,190,0,190,359
08/04/2022,LZU,GA,ASO,ES,Federal Contract Tower,0,11,62,0,73,0,0,75,0,75,0,11,137,0,148,108,0,108,256
08/05/2022,LZU,GA,ASO,ES,Federal Contract Tower,0,9,48,0,57,0,5,141,0,146,0,14,189,0,203,300,0,300,503
08/06/2022,LZU,GA,ASO,ES,Federal Contract Tower,0,4,49,0,53,0,0,45,0,45,0,4,94,0,98,128,0,128,226
08/07/2022,LZU,GA,ASO,ES,Federal Contract Tower,0,8,32,0,40,0,0,88,0,88,0,8,120,0,128,156,0,156,284
08/08/2022,LZU,GA,ASO,ES,Federal Contract Tower,0,11,35,0,46,0,3,95,0,98,0,14,130,0,144,162,0,162,306
08/09/2022,LZU,GA,ASO,ES,Federal Contract Tower,0,12,43,0,55,0,7,89,0,96,0,19,132,0,151,238,0,238,389
08/10/2022,LZU,GA,ASO,ES,Federal Contract Tower,0,11,41,0,52,0,3,75,0,78,0,14,116,0,130,230,0,230,360
08/11/2022,LZU,GA,ASO,ES,Federal Contract Tower,0,11,56,0,67,0,0,67,0,67,0,11,123,0,134,116,0,116,250
08/12/2022,LZU,GA,ASO,ES,Federal Contract Tower,0,9,70,0,79,0,0,105,0,105,0,9,175,0,184,158,0,158,342
08/13/2022,LZU,GA,ASO,ES,Federal Contract Tower,0,6,49,0,55,0,0,133,0,133,0,6,182,0,188,234,0,234,422
08/14/2022,LZU,GA,ASO,ES,Federal Contract Tower,0,2,34,0,36,0,0,209,0,209,0,2,243,0,245,304,0,304,549
08/15/2022,LZU,GA,ASO,ES,Federal Contract Tower,0,11,33,0,44,0,0,153,0,153,0,11,186,0,197,314,0,314,511
08/16/2022,LZU,GA,ASO,ES,Federal Contract Tower,0,16,66,0,82,0,0,89,0,89,0,16,155,0,171,234,0,234,405
08/17/2022,LZU,GA,ASO,ES,Federal Contract Tower,0,12,46,0,58,0,1,38,0,39,0,13,84,0,97,82,0,82,179
08/18/2022,LZU,GA,ASO,ES,Federal Contract Tower,0,9,61,0,70,0,1,77,0,78,0,10,138,0,148,256,0,256,404
08/19/2022,LZU,GA,ASO,ES,Federal Contract Tower,0,9,47,0,56,0,0,6,0,6,0,9,53,0,62,0,0,0,62
08/20/2022,LZU,GA,ASO,ES,Federal Contract Tower,0,3,50,0,53,0,0,32,0,32,0,3,82,0,85,114,0,114,199
08/21/2022,LZU,GA,ASO,ES,Federal Contract Tower,0,1,43,0,44,0,0,61,0,61,0,1,104,0,105,156,0,156,261
08/22/2022,LZU,GA,ASO,ES,Federal Contract Tower,0,6,43,0,49,0,0,55,0,55,0,6,98,0,104,132,0,132,236
08/23/2022,LZU,GA,ASO,ES,Federal Contract Tower,0,10,38,0,48,0,0,151,0,151,0,10,189,0,199,232,0,232,431
08/24/2022,LZU,GA,ASO,ES,Federal Contract Tower,0,12,33,0,45,0,0,122,0,122,0,12,155,0,167,354,0,354,521
08/25/2022,LZU,GA,ASO,ES,Federal Contract Tower,0,10,50,0,60,0,0,25,0,25,0,10,75,0,85,120,0,120,205
08/26/2022,LZU,GA,ASO,ES,Federal Contract Tower,0,11,43,0,54,0,0,127,0,127,0,11,170,0,181,256,0,256,437
08/27/2022,LZU,GA,ASO,ES,Federal Contract Tower,0,6,36,0,42,0,0,109,0,109,0,6,145,0,151,232,0,232,383
08/28/2022,LZU,GA,ASO,ES,Federal Contract Tower,0,0,32,0,32,0,0,156,0,156,0,0,188,0,188,190,0,190,378
08/29/2022,LZU,GA,ASO,ES,Federal Contract Tower,0,11,41,0,52,0,8,138,0,146,0,19,179,0,198,198,0,198,396
08/30/2022,LZU,GA,ASO,ES,Federal Contract Tower,0,13,42,0,55,0,0,60,0,60,0,13,102,0,115,128,0,128,243
08/31/2022,LZU,GA,ASO,ES,Federal Contract Tower,0,11,46,0,57,0,0,198,0,198,0,11,244,0,255,256,0,256,511
09/01/2022,LZU,GA,ASO,ES,Federal Contract Tower,0,15,43,0,58,0,0,196,0,196,0,15,239,0,254,282,0,282,536
09/02/2022,LZU,GA,ASO,ES,Federal Contract Tower,0,12,55,0,67,0,0,40,0,40,0,12,95,0,107,128,0,128,235
09/03/2022,LZU,GA,ASO,ES,Federal Contract Tower,0,3,28,0,31,0,0,51,0,51,0,3,79,0,82,186,0,186,268
09/04/2022,LZU,GA,ASO,ES,Federal Contract Tower,0,2,22,0,24,0,0,2,0,2,0,2,24,0,26,0,0,0,26
09/05/2022,LZU,GA,ASO,ES,Federal Contract Tower,0,7,60,0,67,0,0,21,0,21,0,7,81,0,88,92,0,92,180
09/06/2022,LZU,GA,ASO,ES,Federal Contract Tower,0,8,64,0,72,0,2,133,0,135,0,10,197,0,207,204,0,204,411
09/07/2022,LZU,GA,ASO,ES,Federal Contract Tower,0,9,39,0,48,0,1,142,0,143,0,10,181,0,191,234,0,234,425
09/08/2022,LZU,GA,ASO,ES,Federal Contract Tower,0,15,46,0,61,0,0,139,0,139,0,15,185,0,200,238,0,238,438
09/09/2022,LZU,GA,ASO,ES,Federal Contract Tower,0,11,45,0,56,0,1,44,0,45,0,12,89,0,101,94,0,94,195
09/10/2022,LZU,GA,ASO,ES,Federal Contract Tower,0,6,10,0,16,0,0,0,0,0,0,6,10,0,16,0,0,0,16
09/11/2022,LZU,GA,ASO,ES,Federal Contract Tower,0,6,22,0,28,0,0,46,0,46,0,6,68,0,74,148,0,148,222
09/12/2022,LZU,GA,ASO,ES,Federal Contract Tower,0,12,42,0,54,0,0,88,0,88,0,12,130,0,142,158,0,158,300
09/13/2022,LZU,GA,ASO,ES,Federal Contract Tower,0,12,47,0,59,0,2,205,0,207,0,14,252,0,266,212,0,212,478
09/14/2022,LZU,GA,ASO,ES,Federal Contract Tower,0,9,43,0,52,0,1,170,0,171,0,10,213,0,223,308,0,308,531
09/15/2022,LZU,GA,ASO,ES,Federal Contract Tower,0,8,55,0,63,0,3,182,0,185,0,11,237,0,248,314,0,314,562
09/16/2022,LZU,GA,ASO,ES,Federal Contract Tower,0,10,44,0,54,0,2,166,0,168,0,12,210,0,222,346,0,346,568
09/17/2022,LZU,GA,ASO,ES,Federal Contract Tower,0,1,33,0,34,0,1,220,0,221,0,2,253,0,255,242,0,242,497
09/18/2022,LZU,GA,ASO,ES,Federal Contract Tower,0,5,42,0,47,0,3,189,0,192,0,8,231,0,239,274,0,274,513
09/19/2022,LZU,GA,ASO,ES,Federal Contract Tower,0,13,39,0,52,0,0,138,0,138,0,13,177,0,190,276,0,276,466
09/20/2022,LZU,GA,ASO,ES,Federal Contract Tower,0,12,40,0,52,0,6,138,0,144,0,18,178,0,196,328,0,328,524
09/21/2022,LZU,GA,ASO,ES,Federal Contract Tower,0,16,44,0,60,0,2,137,0,139,0,18,181,0,199,152,0,152,351
09/22/2022,LZU,GA,ASO,ES,Federal Contract Tower,0,10,38,0,48,0,2,102,2,106,0,12,140,2,154,48,0,48,202
09/23/2022,LZU,GA,ASO,ES,Federal Contract Tower,0,11,58,2,71,0,1,124,2,127,0,12,182,4,198,246,4,250,448
09/24/2022,LZU,GA,ASO,ES,Federal Contract Tower,0,5,38,0,43,0,1,154,0,155,0,6,192,0,198,244,0,244,442
09/25/2022,LZU,GA,ASO,ES,Federal Contract Tower,0,0,47,0,47,0,0,123,0,123,0,0,170,0,170,186,0,186,356
09/26/2022,LZU,GA,ASO,ES,Federal Contract Tower,0,11,42,0,53,0,0,91,0,91,0,11,133,0,144,124,0,124,268
09/27/2022,LZU,GA,ASO,ES,Federal Contract Tower,0,14,66,0,80,0,1,144,0,145,0,15,210,0,225,236,0,236,461
09/28/2022,LZU,GA,ASO,ES,Federal Contract Tower,0,10,19,0,29,0,0,153,0,153,0,10,172,0,182,322,0,322,504
09/29/2022,LZU,GA,ASO,ES,Federal Contract Tower,0,10,17,0,27,0,0,31,0,31,0,10,48,0,58,2,0,2,60
09/30/2022,LZU,GA,ASO,ES,Federal Contract Tower,0,10,39,0,49,0,0,34,0,34,0,10,73,0,83,122,0,122,205
10/01/2022,LZU,GA,ASO,ES,Federal Contract Tower,0,11,36,0,47,0,0,96,0,96,0,11,132,0,143,98,0,98,241
10/02/2022,LZU,GA,ASO,ES,Federal Contract Tower,0,5,30,0,35,0,0,119,0,119,0,5,149,0,154,234,0,234,388
10/03/2022,LZU,GA,ASO,ES,Federal Contract Tower,0,11,39,0,50,0,2,141,0,143,0,13,180,0,193,242,0,242,435
10/04/2022,LZU,GA,ASO,ES,Federal Contract Tower,0,10,37,0,47,0,0,123,0,123,0,10,160,0,170,270,0,270,440
10/05/2022,LZU,GA,ASO,ES,Federal Contract Tower,0,12,45,0,57,0,1,160,0,161,0,13,205,0,218,248,0,248,466
10/06/2022,LZU,GA,ASO,ES,Federal Contract Tower,0,16,51,0,67,0,2,172,0,174,0,18,223,0,241,252,0,252,493
10/07/2022,LZU,GA,ASO,ES,Federal Contract Tower,0,11,49,0,60,0,1,166,0,167,0,12,215,0,227,282,0,282,509
10/08/2022,LZU,GA,ASO,ES,Federal Contract Tower,0,4,25,0,29,0,0,167,0,167,0,4,192,0,196,318,0,318,514
10/09/2022,LZU,GA,ASO,ES,Federal Contract Tower,0,2,41,0,43,0,0,104,0,104,0,2,145,0,147,218,0,218,365
10/10/2022,LZU,GA,ASO,ES,Federal Contract Tower,0,13,29,0,42,0,4,142,0,146,0,17,171,0,188,340,0,340,528
10/11/2022,LZU,GA,ASO,ES,Federal Contract Tower,0,12,43,0,55,0,1,131,0,132,0,13,174,0,187,349,0,349,536
10/12/2022,LZU,GA,ASO,ES,Federal Contract Tower,0,21,30,0,51,0,0,0,0,0,0,21,30,0,51,0,0,0,51
10/13/2022,LZU,GA,ASO,ES,Federal Contract Tower,0,12,45,0,57,0,0,30,0,30,0,12,75,0,87,56,0,56,143
10/14/2022,LZU,GA,ASO,ES,Federal Contract Tower,0,13,42,0,55,0,0,162,0,162,0,13,204,0,217,280,0,280,497
10/15/2022,LZU,GA,ASO,ES,Federal Contract Tower,0,7,36,0,43,0,0,203,0,203,0,7,239,0,246,288,0,288,534
10/16/2022,LZU,GA,ASO,ES,Federal Contract Tower,0,7,32,0,39,0,0,174,0,174,0,7,206,0,213,322,0,322,535
10/17/2022,LZU,GA,ASO,ES,Federal Contract Tower,0,9,42,0,51,0,0,111,0,111,0,9,153,0,162,244,0,244,406
10/19/2022,LZU,GA,ASO,ES,Federal Contract Tower,0,11,52,2,65,0,0,148,0,148,0,11,200,2,213,274,0,274,487
10/20/2022,LZU,GA,ASO,ES,Federal Contract Tower,0,9,38,2,49,0,0,149,0,149,0,9,187,2,198,362,0,362,560
10/21/2022,LZU,GA,ASO,ES,Federal Contract Tower,0,10,55,0,65,0,0,180,0,180,0,10,235,0,245,330,0,330,575
10/22/2022,LZU,GA,ASO,ES,Federal Contract Tower,0,5,33,0,38,0,0,179,0,179,0,5,212,0,217,298,0,298,515
10/23/2022,LZU,GA,ASO,ES,Federal Contract Tower,0,6,37,0,43,0,0,157,0,157,0,6,194,0,200,354,0,354,554
10/24/2022,LZU,GA,ASO,ES,Federal Contract Tower,0,9,34,0,43,0,0,138,0,138,0,9,172,0,181,274,0,274,455
10/25/2022,LZU,GA,ASO,ES,Federal Contract Tower,0,11,24,0,35,0,0,114,0,114,0,11,138,0,149,338,0,338,487
10/26/2022,LZU,GA,ASO,ES,Federal Contract Tower,0,18,42,0,60,0,0,77,0,77,0,18,119,0,137,274,0,274,411
10/27/2022,LZU,GA,ASO,ES,Federal Contract Tower,0,13,31,0,44,0,0,182,0,182,0,13,213,0,226,326,0,326,552
10/28/2022,LZU,GA,ASO,ES,Federal Contract Tower,0,12,56,0,68,0,0,123,0,123,0,12,179,0,191,242,0,242,433
10/29/2022,LZU,GA,ASO,ES,Federal Contract Tower,0,4,35,0,39,0,0,46,0,46,0,4,81,0,85,148,0,148,233
10/30/2022,LZU,GA,ASO,ES,Federal Contract Tower,0,7,28,0,35,0,0,0,0,0,0,7,28,0,35,0,0,0,35
10/31/2022,LZU,GA,ASO,ES,Federal Contract Tower,0,15,35,0,50,0,0,5,0,5,0,15,40,0,55,0,0,0,55
11/01/2022,LZU,GA,ASO,ES,Federal Contract Tower,0,11,49,0,60,0,0,145,0,145,0,11,194,0,205,366,0,366,571
11/02/2022,LZU,GA,ASO,ES,Federal Contract Tower,0,9,40,0,49,0,1,154,9,164,0,10,194,9,213,286,0,286,499
11/03/2022,LZU,GA,ASO,ES,Federal Contract Tower,0,24,52,0,76,0,0,171,0,171,0,24,223,0,247,282,0,282,529
11/04/2022,LZU,GA,ASO,ES,Federal Contract Tower,0,8,48,0,56,0,0,157,0,157,0,8,205,0,213,280,0,280,493
11/05/2022,LZU,GA,ASO,ES,Federal Contract Tower,0,4,58,0,62,0,0,18,0,18,0,4,76,0,80,6,0,6,86
11/06/2022,LZU,GA,ASO,ES,Federal Contract Tower,0,4,51,0,55,0,0,60,0,60,0,4,111,0,115,174,0,174,289
11/07/2022,LZU,GA,ASO,ES,Federal Contract Tower,0,13,44,0,57,0,0,98,0,98,0,13,142,0,155,212,0,212,367
11/08/2022,LZU,GA,ASO,ES,Federal Contract Tower,0,9,51,0,60,0,0,132,0,132,0,9,183,0,192,118,0,118,310
11/09/2022,LZU,GA,ASO,ES,Federal Contract Tower,0,11,39,0,50,0,0,91,0,91,0,11,130,0,141,122,0,122,263
11/10/2022,LZU,GA,ASO,ES,Federal Contract Tower,0,9,32,0,41,0,0,16,0,16,0,9,48,0,57,78,0,78,135
11/11/2022,LZU,GA,ASO,ES,Federal Contract Tower,0,13,31,0,44,0,0,0,0,0,0,13,31,0,44,0,0,0,44
11/12/2022,LZU,GA,ASO,ES,Federal Contract Tower,0,4,39,0,43,0,0,28,0,28,0,4,67,0,71,76,0,76,147
11/13/2022,LZU,GA,ASO,ES,Federal Contract Tower,0,6,42,0,48,0,0,124,0,124,0,6,166,0,172,200,0,200,372
11/14/2022,LZU,GA,ASO,ES,Federal Contract Tower,0,9,44,0,53,0,0,106,0,106,0,9,150,0,159,192,0,192,351
11/15/2022,LZU,GA,ASO,ES,Federal Contract Tower,0,12,23,0,35,0,0,0,0,0,0,12,23,0,35,0,0,0,35
11/16/2022,LZU,GA,ASO,ES,Federal Contract Tower,0,9,42,0,51,0,0,101,0,101,0,9,143,0,152,80,0,80,232
11/17/2022,LZU,GA,ASO,ES,Federal Contract Tower,0,11,34,0,45,0,1,136,0,137,0,12,170,0,182,262,0,262,444
11/18/2022,LZU,GA,ASO,ES,Federal Contract Tower,0,15,39,0,54,0,1,165,0,166,0,16,204,0,220,352,0,352,572
11/19/2022,LZU,GA,ASO,ES,Federal Contract Tower,0,3,31,0,34,0,0,175,0,175,0,3,206,0,209,265,0,265,474
11/20/2022,LZU,GA,ASO,ES,Federal Contract Tower,0,26,0,0,26,0,0,117,0,117,0,26,117,0,143,250,0,250,393
11/21/2022,LZU,GA,ASO,ES,Federal Contract Tower,0,15,29,0,44,0,1,156,0,157,0,16,185,0,201,276,0,276,477
11/22/2022,LZU,GA,ASO,ES,Federal Contract Tower,0,9,34,0,43,0,3,131,0,134,0,12,165,0,177,296,0,296,473
11/23/2022,LZU,GA,ASO,ES,Federal Contract Tower,0,10,34,0,44,0,0,163,0,163,0,10,197,0,207,208,0,208,415
11/24/2022,LZU,GA,ASO,ES,Federal Contract Tower,0,3,13,0,16,0,0,20,0,20,0,3,33,0,36,22,0,22,58
11/25/2022,LZU,GA,ASO,ES,Federal Contract Tower,0,8,36,0,44,0,2,34,0,36,0,10,70,0,80,80,0,80,160
11/26/2022,LZU,GA,ASO,ES,Federal Contract Tower,0,5,34,0,39,0,0,138,0,138,0,5,172,0,177,314,0,314,491
11/27/2022,LZU,GA,ASO,ES,Federal Contract Tower,0,1,51,0,52,0,0,25,0,25,0,1,76,0,77,14,0,14,91
11/28/2022,LZU,GA,ASO,ES,Federal Contract Tower,0,12,38,0,50,0,2,128,0,130,0,14,166,0,180,286,0,286,466
11/29/2022,LZU,GA,ASO,ES,Federal Contract Tower,0,13,39,0,52,0,3,131,0,134,0,16,170,0,186,248,0,248,434
11/30/2022,LZU,GA,ASO,ES,Federal Contract Tower,0,11,26,0,37,0,0,18,0,18,0,11,44,0,55,6,0,6,61
12/01/2022,LZU,GA,ASO,ES,Federal Contract Tower,0,9,57,0,66,0,0,162,0,162,0,9,219,0,228,258,0,258,486
12/02/2022,LZU,GA,ASO,ES,Federal Contract Tower,0,9,49,0,58,0,1,147,1,149,0,10,196,1,207,368,0,368,575
12/03/2022,LZU,GA,ASO,ES,Federal Contract Tower,0,8,24,0,32,0,0,4,0,4,0,8,28,0,36,0,0,0,36
12/04/2022,LZU,GA,ASO,ES,Federal Contract Tower,0,2,57,0,59,0,0,145,0,145,0,2,202,0,204,256,0,256,460
12/05/2022,LZU,GA,ASO,ES,Federal Contract Tower,0,15,28,0,43,0,0,2,0,2,0,15,30,0,45,0,0,0,45
12/06/2022,LZU,GA,ASO,ES,Federal Contract Tower,0,15,26,0,41,0,0,0,0,0,0,15,26,0,41,0,0,0,41
12/07/2022,LZU,GA,ASO,ES,Federal Contract Tower,0,13,75,0,88,0,0,1,0,1,0,13,76,0,89,0,0,0,89
12/08/2022,LZU,GA,ASO,ES,Federal Contract Tower,0,11,62,0,73,0,0,53,0,53,0,11,115,0,126,0,142,142,268
12/09/2022,LZU,GA,ASO,ES,Federal Contract Tower,0,13,35,0,48,0,0,0,0,0,0,13,35,0,48,12,0,12,60
12/10/2022,LZU,GA,ASO,ES,Federal Contract Tower,0,2,50,0,52,0,0,3,0,3,0,2,53,0,55,0,0,0,55
12/11/2022,LZU,GA,ASO,ES,Federal Contract Tower,0,4,35,0,39,0,0,0,0,0,0,4,35,0,39,0,0,0,39
12/12/2022,LZU,GA,ASO,ES,Federal Contract Tower,0,8,59,0,67,0,2,49,0,51,0,10,108,0,118,174,0,174,292
12/13/2022,LZU,GA,ASO,ES,Federal Contract Tower,0,17,56,0,73,0,0,71,0,71,0,17,127,0,144,112,0,112,256
12/14/2022,LZU,GA,ASO,ES,Federal Contract Tower,0,14,38,0,52,0,0,5,0,5,0,14,43,0,57,48,0,48,105
12/15/2022,LZU,GA,ASO,ES,Federal Contract Tower,0,16,42,0,58,0,0,73,0,73,0,16,115,0,131,230,0,230,361
12/16/2022,LZU,GA,ASO,ES,Federal Contract Tower,0,16,54,0,70,0,1,130,0,131,0,17,184,0,201,204,0,204,405
12/17/2022,LZU,GA,ASO,ES,Federal Contract Tower,0,6,33,0,39,0,0,211,0,211,0,6,244,0,250,140,0,140,390
12/18/2022,LZU,GA,ASO,ES,Federal Contract Tower,0,3,23,0,26,0,0,113,0,113,0,3,136,0,139,190,0,190,329
12/19/2022,LZU,GA,ASO,ES,Federal Contract Tower,0,9,38,0,47,0,0,143,0,143,0,9,181,0,190,232,0,232,422
12/20/2022,LZU,GA,ASO,ES,Federal Contract Tower,0,14,39,0,53,0,0,3,0,3,0,14,42,0,56,40,0,40,96
12/21/2022,LZU,GA,ASO,ES,Federal Contract Tower,0,22,36,1,59,0,8,102,1,111,0,30,138,2,170,246,0,246,416
12/22/2022,LZU,GA,ASO,ES,Federal Contract Tower,0,12,27,0,39,0,0,0,0,0,0,12,27,0,39,0,0,0,39
12/23/2022,LZU,GA,ASO,ES,Federal Contract Tower,0,14,13,0,27,0,0,4,0,4,0,14,17,0,31,0,0,0,31
12/24/2022,LZU,GA,ASO,ES,Federal Contract Tower,0,5,12,0,17,0,0,6,0,6,0,5,18,0,23,6,0,6,29
12/25/2022,LZU,GA,ASO,ES,Federal Contract Tower,0,0,9,0,9,0,0,10,0,10,0,0,19,0,19,34,0,34,53
12/26/2022,LZU,GA,ASO,ES,Federal Contract Tower,0,6,48,0,54,0,0,86,0,86,0,6,134,0,140,104,0,104,244
12/27/2022,LZU,GA,ASO,ES,Federal Contract Tower,0,7,40,0,47,0,0,137,0,137,0,7,177,0,184,110,0,110,294
12/28/2022,LZU,GA,ASO,ES,Federal Contract Tower,0,12,30,0,42,0,0,165,0,165,0,12,195,0,207,214,0,214,421
12/29/2022,LZU,GA,ASO,ES,Federal Contract Tower,0,9,22,0,31,0,0,181,0,181,0,9,203,0,212,308,0,308,520
12/30/2022,LZU,GA,ASO,ES,Federal Contract Tower,0,9,38,0,47,0,0,0,0,0,0,9,38,0,47,32,0,32,79
12/31/2022,LZU,GA,ASO,ES,Federal Contract Tower,0,5,9,0,14,0,0,0,0,0,0,5,9,0,14,0,0,0,14
01/01/2023,LZU,GA,ASO,ES,Federal Contract Tower,0,3,21,0,24,0,0,47,0,47,0,3,68,0,71,68,0,68,139
01/02/2023,LZU,GA,ASO,ES,Federal Contract Tower,0,6,37,0,43,0,0,10,0,10,0,6,47,0,53,12,0,12,65
01/03/2023,LZU,GA,ASO,ES,Federal Contract Tower,0,14,14,0,28,0,0,0,0,0,0,14,14,0,28,0,0,0,28
01/04/2023,LZU,GA,ASO,ES,Federal Contract Tower,0,14,20,0,34,0,0,50,0,50,0,14,70,0,84,144,0,144,228
01/05/2023,LZU,GA,ASO,ES,Federal Contract Tower,0,12,35,0,47,0,0,191,0,191,0,12,226,0,238,242,0,242,480
01/06/2023,LZU,GA,ASO,ES,Federal Contract Tower,0,10,26,0,36,0,0,196,0,196,0,10,222,0,232,230,0,230,462
01/07/2023,LZU,GA,ASO,ES,Federal Contract Tower,0,5,37,0,42,0,0,202,0,202,0,5,239,0,244,308,0,308,552
01/08/2023,LZU,GA,ASO,ES,Federal Contract Tower,0,0,30,0,30,0,0,119,0,119,0,0,149,0,149,348,0,348,497
01/09/2023,LZU,GA,ASO,ES,Federal Contract Tower,0,7,30,0,37,0,0,134,0,134,0,7,164,0,171,230,0,230,401
01/10/2023,LZU,GA,ASO,ES,Federal Contract Tower,0,13,43,0,56,0,0,154,0,154,0,13,197,0,210,272,0,272,482
01/11/2023,LZU,GA,ASO,ES,Federal Contract Tower,0,13,50,0,63,0,0,69,0,69,0,13,119,0,132,192,0,192,324
01/12/2023,LZU,GA,ASO,ES,Federal Contract Tower,0,7,20,0,27,0,0,3,0,3,0,7,23,0,30,12,0,12,42
01/13/2023,LZU,GA,ASO,ES,Federal Contract Tower,0,11,29,0,40,0,0,42,0,42,0,11,71,0,82,32,0,32,114
01/14/2023,LZU,GA,ASO,ES,Federal Contract Tower,0,4,23,0,27,0,1,81,0,82,0,5,104,0,109,40,0,40,149
01/15/2023,LZU,GA,ASO,ES,Federal Contract Tower,0,1,48,0,49,0,1,122,0,123,0,2,170,0,172,58,0,58,230
01/16/2023,LZU,GA,ASO,ES,Federal Contract Tower,0,8,34,0,42,0,2,154,0,156,0,10,188,0,198,184,0,184,382
01/17/2023,LZU,GA,ASO,ES,Federal Contract Tower,0,11,34,0,45,0,0,0,0,0,0,11,34,0,45,0,0,0,45
01/18/2023,LZU,GA,ASO,ES,Federal Contract Tower,0,18,28,0,46,0,0,0,0,0,0,18,28,0,46,0,0,0,46
01/19/2023,LZU,GA,ASO,ES,Federal Contract Tower,0,13,45,0,58,0,4,37,0,41,0,17,82,0,99,24,0,24,123
01/20/2023,LZU,GA,ASO,ES,Federal Contract Tower,0,12,31,1,44,0,2,130,1,133,0,14,161,2,177,108,0,108,285
01/21/2023,LZU,GA,ASO,ES,Federal Contract Tower,0,3,41,0,44,0,0,236,0,236,0,3,277,0,280,206,0,206,486
01/22/2023,LZU,GA,ASO,ES,Federal Contract Tower,0,1,10,0,11,0,0,0,0,0,0,1,10,0,11,0,0,0,11
01/23/2023,LZU,GA,ASO,ES,Federal Contract Tower,0,11,33,0,44,0,0,55,2,57,0,11,88,2,101,72,0,72,173
01/24/2023,LZU,GA,ASO,ES,Federal Contract Tower,0,11,45,1,57,0,2,165,1,168,0,13,210,2,225,296,0,296,521
01/25/2023,LZU,GA,ASO,ES,Federal Contract Tower,0,11,32,0,43,0,0,10,0,10,0,11,42,0,53,0,0,0,53
01/26/2023,LZU,GA,ASO,ES,Federal Contract Tower,0,13,27,0,40,0,0,84,0,84,0,13,111,0,124,150,0,150,274
01/27/2023,LZU,GA,ASO,ES,Federal Contract Tower,0,11,29,0,40,0,0,175,0,175,0,11,204,0,215,234,0,234,449
01/28/2023,LZU,GA,ASO,ES,Federal Contract Tower,0,3,34,0,37,0,0,205,0,205,0,3,239,0,242,214,0,214,456
01/29/2023,LZU,GA,ASO,ES,Federal Contract Tower,0,1,39,0,40,0,0,14,0,14,0,1,53,0,54,34,0,34,88
01/30/2023,LZU,GA,ASO,ES,Federal Contract Tower,0,7,26,0,33,0,0,0,0,0,0,7,26,0,33,0,0,0,33
01/31/2023,LZU,GA,ASO,ES,Federal Contract Tower,0,16,25,0,41,0,0,1,0,1,0,16,26,0,42,0,0,0,42
02/01/2023,LZU,GA,ASO,ES,Federal Contract Tower,0,15,45,0,60,0,44,4,0,48,0,59,49,0,108,0,0,0,108
02/02/2023,LZU,GA,ASO,ES,Federal Contract Tower,0,12,26,0,38,0,0,0,0,0,0,12,26,0,38,0,0,0,38
02/03/2023,LZU,GA,ASO,ES,Federal Contract Tower,0,11,35,0,46,0,0,130,4,134,0,11,165,4,180,108,0,108,288
02/04/2023,LZU,GA,ASO,ES,Federal Contract Tower,0,4,48,0,52,0,0,234,0,234,0,4,282,0,286,360,0,360,646
02/05/2023,LZU,GA,ASO,ES,Federal Contract Tower,0,1,44,0,45,0,0,155,0,155,0,1,199,0,200,250,0,250,450
02/06/2023,LZU,GA,ASO,ES,Federal Contract Tower,0,6,24,0,30,0,0,169,0,169,0,6,193,0,199,298,0,298,497
02/07/2023,LZU,GA,ASO,ES,Federal Contract Tower,0,9,41,0,50,0,0,112,2,114,0,9,153,2,164,260,0,260,424
02/08/2023,LZU,GA,ASO,ES,Federal Contract Tower,0,11,56,0,67,0,1,117,0,118,0,12,173,0,185,256,0,256,441
02/09/2023,LZU,GA,ASO,ES,Federal Contract Tower,0,12,26,0,38,0,0,17,0,17,0,12,43,0,55,26,0,26,81
02/10/2023,LZU,GA,ASO,ES,Federal Contract Tower,0,15,40,0,55,0,0,98,0,98,0,15,138,0,153,230,0,230,383
02/11/2023,LZU,GA,ASO,ES,Federal Contract Tower,0,3,30,0,33,0,0,21,0,21,0,3,51,0,54,50,0,50,104
02/12/2023,LZU,GA,ASO,ES,Federal Contract Tower,0,3,24,0,27,0,0,11,0,11,0,3,35,0,38,0,0,0,38
02/13/2023,LZU,GA,ASO,ES,Federal Contract Tower,0,15,39,0,54,0,2,158,0,160,0,17,197,0,214,174,0,174,388
02/14/2023,LZU,GA,ASO,ES,Federal Contract Tower,0,14,40,0,54,0,0,161,0,161,0,14,201,0,215,280,0,280,495
02/15/2023,LZU,GA,ASO,ES,Federal Contract Tower,0,17,34,0,51,0,0,15,0,15,0,17,49,0,66,32,0,32,98
02/16/2023,LZU,GA,ASO,ES,Federal Contract Tower,0,15,51,0,66,0,0,46,0,46,0,15,97,0,112,190,0,190,302
02/17/2023,LZU,GA,ASO,ES,Federal Contract Tower,0,14,34,0,48,0,0,9,0,9,0,14,43,0,57,0,0,0,57
02/18/2023,LZU,GA,ASO,ES,Federal Contract Tower,0,4,26,0,30,0,0,240,0,240,0,4,266,0,270,180,0,180,450
02/19/2023,LZU,GA,ASO,ES,Federal Contract Tower,0,7,30,0,37,0,0,148,0,148,0,7,178,0,185,92,0,92,277
02/20/2023,LZU,GA,ASO,ES,Federal Contract Tower,0,8,43,0,51,0,0,148,0,148,0,8,191,0,199,188,0,188,387
02/21/2023,LZU,GA,ASO,ES,Federal Contract Tower,0,9,40,0,49,0,0,27,0,27,0,9,67,0,76,62,2,64,140
02/22/2023,LZU,GA,ASO,ES,Federal Contract Tower,0,11,25,0,36,0,0,73,0,73,0,11,98,0,109,176,0,176,285
02/23/2023,LZU,GA,ASO,ES,Federal Contract Tower,0,11,46,0,57,0,0,26,0,26,0,11,72,0,83,150,0,150,233
02/24/2023,LZU,GA,ASO,ES,Federal Contract Tower,0,17,52,0,69,0,1,65,0,66,0,18,117,0,135,158,0,158,293
02/25/2023,LZU,GA,ASO,ES,Federal Contract Tower,0,5,13,0,18,0,0,0,0,0,0,5,13,0,18,0,0,0,18
02/26/2023,LZU,GA,ASO,ES,Federal Contract Tower,0,3,33,0,36,0,4,54,2,60,0,7,87,2,96,52,0,52,148
02/27/2023,LZU,GA,ASO,ES,Federal Contract Tower,0,12,29,0,41,0,0,13,0,13,0,12,42,0,54,12,0,12,66
02/28/2023,LZU,GA,ASO,ES,Federal Contract Tower,0,18,42,0,60,0,5,227,0,232,0,23,269,0,292,210,0,210,502
03/01/2023,LZU,GA,ASO,ES,Federal Contract Tower,0,12,43,0,55,0,0,33,0,33,0,12,76,0,88,0,0,0,88
03/02/2023,LZU,GA,ASO,ES,Federal Contract Tower,0,17,37,0,54,0,1,8,0,9,0,18,45,0,63,14,0,14,77
03/03/2023,LZU,GA,ASO,ES,Federal Contract Tower,0,13,24,0,37,0,0,2,0,2,0,13,26,0,39,0,0,0,39
03/04/2023,LZU,GA,ASO,ES,Federal Contract Tower,0,8,29,0,37,0,9,214,0,223,0,17,243,0,260,250,0,250,510
03/05/2023,LZU,GA,ASO,ES,Federal Contract Tower,0,2,29,0,31,0,3,183,0,186,0,5,212,0,217,220,0,220,437
03/06/2023,LZU,GA,ASO,ES,Federal Contract Tower,0,13,34,0,47,0,3,104,0,107,0,16,138,0,154,196,0,196,350
03/07/2023,LZU,GA,ASO,ES,Federal Contract Tower,0,14,41,0,55,0,1,127,0,128,0,15,168,0,183,182,0,182,365
03/08/2023,LZU,GA,ASO,ES,Federal Contract Tower,0,15,43,0,58,0,0,147,0,147,0,15,190,0,205,290,0,290,495
03/09/2023,LZU,GA,ASO,ES,Federal Contract Tower,0,14,33,0,47,0,0,72,0,72,0,14,105,0,119,190,0,190,309
03/10/2023,LZU,GA,ASO,ES,Federal Contract Tower,0,23,35,0,58,0,0,13,0,13,0,23,48,0,71,54,0,54,125
03/11/2023,LZU,GA,ASO,ES,Federal Contract Tower,0,7,28,0,35,0,8,259,0,267,0,15,287,0,302,364,0,364,666
03/12/2023,LZU,GA,ASO,ES,Federal Contract Tower,0,1,24,0,25,0,0,0,0,0,0,1,24,0,25,0,0,0,25
03/13/2023,LZU,GA,ASO,ES,Federal Contract Tower,0,12,39,0,51,0,3,83,0,86,0,15,122,0,137,136,0,136,273
03/14/2023,LZU,GA,ASO,ES,Federal Contract Tower,0,18,38,0,56,0,0,95,0,95,0,18,133,0,151,146,0,146,297
03/15/2023,LZU,GA,ASO,ES,Federal Contract Tower,0,11,35,2,48,0,0,200,0,200,0,11,235,2,248,286,0,286,534
03/16/2023,LZU,GA,ASO,ES,Federal Contract Tower,0,15,50,0,65,0,0,164,0,164,0,15,214,0,229,176,0,176,405
03/17/2023,LZU,GA,ASO,ES,Federal Contract Tower,0,13,31,0,44,0,0,1,0,1,0,13,32,0,45,0,0,0,45
03/18/2023,LZU,GA,ASO,ES,Federal Contract Tower,0,3,16,0,19,0,0,78,0,78,0,3,94,0,97,76,0,76,173
03/19/2023,LZU,GA,ASO,ES,Federal Contract Tower,0,5,30,0,35,0,0,135,0,135,0,5,165,0,170,178,0,178,348
03/20/2023,LZU,GA,ASO,ES,Federal Contract Tower,0,6,38,0,44,0,0,141,0,141,0,6,179,0,185,372,0,372,557
03/21/2023,LZU,GA,ASO,ES,Federal Contract Tower,0,16,25,0,41,0,0,147,0,147,0,16,172,0,188,236,0,236,424
03/22/2023,LZU,GA,ASO,ES,Federal Contract Tower,0,23,59,0,82,0,0,55,0,55,0,23,114,0,137,110,0,110,247
03/23/2023,LZU,GA,ASO,ES,Federal Contract Tower,0,13,55,0,68,0,1,128,0,129,0,14,183,0,197,146,0,146,343
03/24/2023,LZU,GA,ASO,ES,Federal Contract Tower,0,12,59,0,71,0,2,107,0,109,0,14,166,0,180,68,0,68,248
03/25/2023,LZU,GA,ASO,ES,Federal Contract Tower,0,5,32,0,37,0,0,79,0,79,0,5,111,0,116,160,0,160,276
03/26/2023,LZU,GA,ASO,ES,Federal Contract Tower,0,3,30,0,33,0,0,9,0,9,0,3,39,0,42,44,0,44,86
03/27/2023,LZU,GA,ASO,ES,Federal Contract Tower,0,11,44,0,55,0,3,59,0,62,0,14,103,0,117,94,0,94,211
03/28/2023,LZU,GA,ASO,ES,Federal Contract Tower,0,12,32,0,44,0,0,148,0,148,0,12,180,0,192,190,0,190,382
03/29/2023,LZU,GA,ASO,ES,Federal Contract Tower,0,12,42,0,54,0,0,203,0,203,0,12,245,0,257,206,0,206,463
03/30/2023,LZU,GA,ASO,ES,Federal Contract Tower,0,14,42,0,56,0,0,188,0,188,0,14,230,0,244,246,0,246,490
03/31/2023,LZU,GA,ASO,ES,Federal Contract Tower,0,11,54,0,65,0,0,104,0,104,0,11,158,0,169,90,0,90,259
04/01/2023,LZU,GA,ASO,ES,Federal Contract Tower,0,6,34,0,40,0,0,9,0,9,0,6,43,0,49,0,0,0,49
04/02/2023,LZU,GA,ASO,ES,Federal Contract Tower,0,5,47,0,52,0,0,196,0,196,0,5,243,0,248,216,0,216,464
04/03/2023,LZU,GA,ASO,ES,Federal Contract Tower,0,9,25,0,34,0,0,40,0,40,0,9,65,0,74,144,0,144,218
04/04/2023,LZU,GA,ASO,ES,Federal Contract Tower,0,11,46,0,57,0,0,51,0,51,0,11,97,0,108,126,0,126,234
04/05/2023,LZU,GA,ASO,ES,Federal Contract Tower,0,17,23,0,40,0,0,79,0,79,0,17,102,0,119,94,0,94,213
04/06/2023,LZU,GA,ASO,ES,Federal Contract Tower,0,12,39,0,51,0,0,118,2,120,0,12,157,2,171,150,2,152,323
04/07/2023,LZU,GA,ASO,ES,Federal Contract Tower,0,11,37,0,48,0,0,21,0,21,0,11,58,0,69,44,0,44,113
04/08/2023,LZU,GA,ASO,ES,Federal Contract Tower,0,5,13,0,18,0,0,0,0,0,0,5,13,0,18,0,0,0,18
04/09/2023,LZU,GA,ASO,ES,Federal Contract Tower,0,3,15,0,18,0,0,46,0,46,0,3,61,0,64,28,0,28,92
04/10/2023,LZU,GA,ASO,ES,Federal Contract Tower,0,11,43,0,54,0,1,129,0,130,0,12,172,0,184,116,0,116,300
04/11/2023,LZU,GA,ASO,ES,Federal Contract Tower,0,17,40,0,57,0,0,222,0,222,0,17,262,0,279,244,0,244,523
04/12/2023,LZU,GA,ASO,ES,Federal Contract Tower,0,10,49,0,59,0,1,207,0,208,0,11,256,0,267,190,0,190,457
04/13/2023,LZU,GA,ASO,ES,Federal Contract Tower,0,7,42,0,49,0,0,69,0,69,0,7,111,0,118,114,0,114,232
04/14/2023,LZU,GA,ASO,ES,Federal Contract Tower,0,11,35,0,46,0,0,20,0,20,0,11,55,0,66,92,0,92,158
04/15/2023,LZU,GA,ASO,ES,Federal Contract Tower,0,11,34,0,45,0,0,257,0,257,0,11,291,0,302,196,0,196,498
04/16/2023,LZU,GA,ASO,ES,Federal Contract Tower,0,3,41,0,44,0,0,29,0,29,0,3,70,0,73,22,0,22,95
04/17/2023,LZU,GA,ASO,ES,Federal Contract Tower,0,11,19,0,30,0,0,64,0,64,0,11,83,0,94,46,0,46,140
04/18/2023,LZU,GA,ASO,ES,Federal Contract Tower,0,12,41,0,53,0,0,176,0,176,0,12,217,0,229,220,0,220,449
04/19/2023,LZU,GA,ASO,ES,Federal Contract Tower,0,10,38,0,48,0,0,170,0,170,0,10,208,0,218,224,0,224,442
04/20/2023,LZU,GA,ASO,ES,Federal Contract Tower,0,14,41,0,55,0,0,150,0,150,0,14,191,0,205,238,0,238,443
04/21/2023,LZU,GA,ASO,ES,Federal Contract Tower,0,13,38,0,51,0,0,139,0,139,0,13,177,0,190,64,0,64,254
04/22/2023,LZU,GA,ASO,ES,Federal Contract Tower,0,2,20,0,22,0,1,42,0,43,0,3,62,0,65,2,0,2,67
04/23/2023,LZU,GA,ASO,ES,Federal Contract Tower,0,3,37,0,40,0,0,168,0,168,0,3,205,0,208,188,0,188,396
04/24/2023,LZU,GA,ASO,ES,Federal Contract Tower,0,10,30,0,40,0,1,165,0,166,0,11,195,0,206,276,0,276,482
04/25/2023,LZU,GA,ASO,ES,Federal Contract Tower,0,11,34,0,45,0,0,182,0,182,0,11,216,0,227,196,0,196,423
04/26/2023,LZU,GA,ASO,ES,Federal Contract Tower,0,14,38,0,52,0,0,12,0,12,0,14,50,0,64,120,0,120,184
04/27/2023,LZU,GA,ASO,ES,Federal Contract Tower,0,8,29,0,37,0,0,0,0,0,0,8,29,0,37,0,0,0,37
04/28/2023,LZU,GA,ASO,ES,Federal Contract Tower,0,12,44,4,60,0,0,52,0,52,0,12,96,4,112,110,0,110,222
04/29/2023,LZU,GA,ASO,ES,Federal Contract Tower,0,4,24,0,28,0,0,195,0,195,0,4,219,0,223,290,0,290,513
04/30/2023,LZU,GA,ASO,ES,Federal Contract Tower,0,6,38,0,44,0,0,20,0,20,0,6,58,0,64,14,0,14,78
05/01/2023,LZU,GA,ASO,ES,Federal Contract Tower,0,10,28,0,38,0,0,63,0,63,0,10,91,0,101,44,0,44,145
05/02/2023,LZU,GA,ASO,ES,Federal Contract Tower,0,14,17,0,31,0,0,62,0,62,0,14,79,0,93,84,0,84,177
05/03/2023,LZU,GA,ASO,ES,Federal Contract Tower,0,12,36,0,48,0,0,75,0,75,0,12,111,0,123,68,0,68,191
05/04/2023,LZU,GA,ASO,ES,Federal Contract Tower,0,9,44,0,53,0,0,256,0,256,0,9,300,0,309,272,0,272,581
05/05/2023,LZU,GA,ASO,ES,Federal Contract Tower,0,10,47,0,57,0,0,140,0,140,0,10,187,0,197,346,0,346,543
05/06/2023,LZU,GA,ASO,ES,Federal Contract Tower,0,1,30,0,31,0,0,100,0,100,0,1,130,0,131,206,0,206,337
05/07/2023,LZU,GA,ASO,ES,Federal Contract Tower,0,3,39,0,42,0,0,116,0,116,0,3,155,0,158,188,2,190,348
05/08/2023,LZU,GA,ASO,ES,Federal Contract Tower,0,7,40,0,47,0,0,75,0,75,0,7,115,0,122,252,0,252,374
05/09/2023,LZU,GA,ASO,ES,Federal Contract Tower,0,12,42,0,54,0,0,75,0,75,0,12,117,0,129,112,0,112,241
05/10/2023,LZU,GA,ASO,ES,Federal Contract Tower,0,8,48,1,57,0,1,198,0,199,0,9,246,1,256,228,0,228,484
05/11/2023,LZU,GA,ASO,ES,Federal Contract Tower,0,8,53,0,61,0,0,115,0,115,0,8,168,0,176,304,0,304,480
05/12/2023,LZU,GA,ASO,ES,Federal Contract Tower,0,9,40,0,49,0,0,14,0,14,0,9,54,0,63,12,0,12,75
05/13/2023,LZU,GA,ASO,ES,Federal Contract Tower,0,4,34,0,38,0,0,83,0,83,0,4,117,0,121,128,0,128,249
05/14/2023,LZU,GA,ASO,ES,Federal Contract Tower,0,2,39,0,41,0,0,122,0,122,0,2,161,0,163,230,0,230,393
05/15/2023,LZU,GA,ASO,ES,Federal Contract Tower,0,10,67,0,77,0,1,113,0,114,0,11,180,0,191,262,0,262,453
05/16/2023,LZU,GA,ASO,ES,Federal Contract Tower,0,15,38,0,53,0,0,62,0,62,0,15,100,0,115,134,0,134,249
05/17/2023,LZU,GA,ASO,ES,Federal Contract Tower,0,9,66,0,75,0,0,87,0,87,0,9,153,0,162,218,0,218,380
05/18/2023,LZU,GA,ASO,ES,Federal Contract Tower,0,12,36,0,48,0,0,1,0,1,0,12,37,0,49,0,0,0,49
05/19/2023,LZU,GA,ASO,ES,Federal Contract Tower,0,14,71,0,85,0,0,123,0,123,0,14,194,0,208,298,0,298,506
05/20/2023,LZU,GA,ASO,ES,Federal Contract Tower,0,12,33,0,45,0,0,57,0,57,0,12,90,0,102,100,0,100,202
05/21/2023,LZU,GA,ASO,ES,Federal Contract Tower,0,3,33,0,36,0,0,113,0,113,0,3,146,0,149,158,0,158,307
05/22/2023,LZU,GA,ASO,ES,Federal Contract Tower,0,14,37,0,51,0,0,76,0,76,0,14,113,0,127,188,0,188,315
05/23/2023,LZU,GA,ASO,ES,Federal Contract Tower,0,21,37,0,58,0,0,113,0,113,0,21,150,0,171,282,0,282,453
05/24/2023,LZU,GA,ASO,ES,Federal Contract Tower,0,17,24,0,41,0,0,223,0,223,0,17,247,0,264,287,0,287,551
05/25/2023,LZU,GA,ASO,ES,Federal Contract Tower,0,10,49,0,59,0,0,170,0,170,0,10,219,0,229,248,0,248,477
05/26/2023,LZU,GA,ASO,ES,Federal Contract Tower,0,13,39,0,52,0,0,175,0,175,0,13,214,0,227,304,0,304,531
05/27/2023,LZU,GA,ASO,ES,Federal Contract Tower,0,2,20,0,22,0,0,86,0,86,0,2,106,0,108,82,0,82,190
05/28/2023,LZU,GA,ASO,ES,Federal Contract Tower,0,6,25,0,31,0,0,143,0,143,0,6,168,0,174,212,0,212,386
05/29/2023,LZU,GA,ASO,ES,Federal Contract Tower,0,6,25,0,31,0,0,165,0,165,0,6,190,0,196,334,0,334,530
05/30/2023,LZU,GA,ASO,ES,Federal Contract Tower,0,16,44,0,60,0,0,118,0,118,0,16,162,0,178,172,0,172,350
05/31/2023,LZU,GA,ASO,ES,Federal Contract Tower,0,10,64,0,74,0,0,44,0,44,0,10,108,0,118,98,0,98,216
06/01/2023,LZU,GA,ASO,ES,Federal Contract Tower,0,13,58,0,71,0,186,0,2,188,0,199,58,2,259,276,0,276,535
06/02/2023,LZU,GA,ASO,ES,Federal Contract Tower,0,12,39,0,51,0,0,185,0,185,0,12,224,0,236,232,0,232,468
06/03/2023,LZU,GA,ASO,ES,Federal Contract Tower,0,7,26,0,33,0,1,245,0,246,0,8,271,0,279,180,0,180,459
06/04/2023,LZU,GA,ASO,ES,Federal Contract Tower,0,2,37,0,39,0,0,125,0,125,0,2,162,0,164,202,0,202,366
06/05/2023,LZU,GA,ASO,ES,Federal Contract Tower,0,14,47,0,61,0,0,137,0,137,0,14,184,0,198,312,0,312,510
06/06/2023,LZU,GA,ASO,ES,Federal Contract Tower,0,13,34,0,47,0,1,195,0,196,0,14,229,0,243,232,0,232,475
06/07/2023,LZU,GA,ASO,ES,Federal Contract Tower,0,7,37,0,44,0,0,187,0,187,0,7,224,0,231,204,0,204,435
06/08/2023,LZU,GA,ASO,ES,Federal Contract Tower,0,17,33,0,50,0,0,181,0,181,0,17,214,0,231,212,0,212,443
06/09/2023,LZU,GA,ASO,ES,Federal Contract Tower,0,9,33,0,42,0,0,229,0,229,0,9,262,0,271,256,0,256,527
06/10/2023,LZU,GA,ASO,ES,Federal Contract Tower,0,2,33,0,35,0,0,172,0,172,0,2,205,0,207,300,0,300,507
06/11/2023,LZU,GA,ASO,ES,Federal Contract Tower,0,10,30,0,40,0,0,5,0,5,0,10,35,0,45,6,0,6,51
06/12/2023,LZU,GA,ASO,ES,Federal Contract Tower,0,16,46,0,62,0,0,39,0,39,0,16,85,0,101,60,0,60,161
06/13/2023,LZU,GA,ASO,ES,Federal Contract Tower,0,8,30,0,38,0,0,167,0,167,0,8,197,0,205,204,0,204,409
06/14/2023,LZU,GA,ASO,ES,Federal Contract Tower,0,13,27,0,40,0,0,2,0,2,0,13,29,0,42,0,0,0,42
06/15/2023,LZU,GA,ASO,ES,Federal Contract Tower,0,15,48,0,63,0,0,60,0,60,0,15,108,0,123,204,0,204,327
06/16/2023,LZU,GA,ASO,ES,Federal Contract Tower,0,17,42,0,59,0,0,154,0,154,0,17,196,0,213,218,0,218,431
06/17/2023,LZU,GA,ASO,ES,Federal Contract Tower,0,9,24,0,33,0,0,292,0,292,0,9,316,0,325,248,0,248,573
06/18/2023,LZU,GA,ASO,ES,Federal Contract Tower,0,4,20,0,24,0,2,146,0,148,0,6,166,0,172,222,0,222,394
06/19/2023,LZU,GA,ASO,ES,Federal Contract Tower,0,13,36,0,49,0,0,11,0,11,0,13,47,0,60,30,0,30,90
06/20/2023,LZU,GA,ASO,ES,Federal Contract Tower,0,14,25,0,39,0,0,20,0,20,0,14,45,0,59,48,0,48,107
06/21/2023,LZU,GA,ASO,ES,Federal Contract Tower,0,11,29,0,40,0,0,0,0,0,0,11,29,0,40,0,0,0,40
06/22/2023,LZU,GA,ASO,ES,Federal Contract Tower,0,11,30,0,41,0,0,6,0,6,0,11,36,0,47,22,0,22,69
06/23/2023,LZU,GA,ASO,ES,Federal Contract Tower,0,14,55,0,69,0,0,90,0,90,0,14,145,0,159,164,0,164,323
06/24/2023,LZU,GA,ASO,ES,Federal Contract Tower,0,2,27,0,29,0,0,227,0,227,0,2,254,0,256,316,0,316,572
06/25/2023,LZU,GA,ASO,ES,Federal Contract Tower,0,2,32,0,34,0,0,152,0,152,0,2,184,0,186,224,0,224,410
06/26/2023,LZU,GA,ASO,ES,Federal Contract Tower,0,10,19,0,29,0,4,121,0,125,0,14,140,0,154,234,0,234,388
06/27/2023,LZU,GA,ASO,ES,Federal Contract Tower,0,13,37,0,50,0,3,136,0,139,0,16,173,0,189,144,0,144,333
06/28/2023,LZU,GA,ASO,ES,Federal Contract Tower,0,15,43,0,58,0,0,173,0,173,0,15,216,0,231,260,0,260,491
06/29/2023,LZU,GA,ASO,ES,Federal Contract Tower,0,12,63,0,75,0,2,164,0,166,0,14,227,0,241,236,0,236,477
06/30/2023,LZU,GA,ASO,ES,Federal Contract Tower,0,11,37,0,48,0,0,80,0,80,0,11,117,0,128,190,0,190,318
07/01/2023,LZU,GA,ASO,ES,Federal Contract Tower,0,3,25,0,28,0,0,174,0,174,0,3,199,0,202,298,0,298,500
07/02/2023,LZU,GA,ASO,ES,Federal Contract Tower,0,2,34,0,36,0,0,100,0,100,0,2,134,0,136,226,0,226,362
07/03/2023,LZU,GA,ASO,ES,Federal Contract Tower,0,7,20,0,27,0,0,96,0,96,0,7,116,0,123,268,0,268,391
07/04/2023,LZU,GA,ASO,ES,Federal Contract Tower,0,1,11,0,12,0,0,64,0,64,0,1,75,0,76,166,0,166,242
07/05/2023,LZU,GA,ASO,ES,Federal Contract Tower,0,9,36,0,45,0,0,82,0,82,0,9,118,0,127,176,0,176,303
07/06/2023,LZU,GA,ASO,ES,Federal Contract Tower,0,12,35,0,47,0,0,138,0,138,0,12,173,0,185,214,0,214,399
07/07/2023,LZU,GA,ASO,ES,Federal Contract Tower,0,7,41,1,49,0,0,147,2,149,0,7,188,3,198,284,0,284,482
07/08/2023,LZU,GA,ASO,ES,Federal Contract Tower,0,6,35,0,41,0,0,158,0,158,0,6,193,0,199,140,0,140,339
07/09/2023,LZU,GA,ASO,ES,Federal Contract Tower,0,2,51,0,53,0,0,73,0,73,0,2,124,0,126,140,0,140,266
07/10/2023,LZU,GA,ASO,ES,Federal Contract Tower,0,12,41,0,53,0,2,67,0,69,0,14,108,0,122,172,0,172,294
07/11/2023,LZU,GA,ASO,ES,Federal Contract Tower,0,13,41,0,54,0,0,198,0,198,0,13,239,0,252,289,0,289,541
07/12/2023,LZU,GA,ASO,ES,Federal Contract Tower,0,9,27,0,36,0,0,200,0,200,0,9,227,0,236,198,0,198,434
07/13/2023,LZU,GA,ASO,ES,Federal Contract Tower,0,17,40,0,57,0,1,111,0,112,0,18,151,0,169,256,0,256,425
07/14/2023,LZU,GA,ASO,ES,Federal Contract Tower,0,8,50,0,58,0,0,96,2,98,0,8,146,2,156,282,0,282,438
07/15/2023,LZU,GA,ASO,ES,Federal Contract Tower,0,4,27,0,31,0,0,186,0,186,0,4,213,0,217,198,0,198,415
07/16/2023,LZU,GA,ASO,ES,Federal Contract Tower,0,0,47,0,47,0,0,141,0,141,0,0,188,0,188,256,0,256,444
07/17/2023,LZU,GA,ASO,ES,Federal Contract Tower,0,11,43,0,54,0,1,112,0,113,0,12,155,0,167,66,0,66,233
07/18/2023,LZU,GA,ASO,ES,Federal Contract Tower,0,14,53,0,67,0,0,85,0,85,0,14,138,0,152,0,0,0,152
07/19/2023,LZU,GA,ASO,ES,Federal Contract Tower,0,11,34,0,45,0,0,164,0,164,0,11,198,0,209,266,0,266,475
07/20/2023,LZU,GA,ASO,ES,Federal Contract Tower,0,13,50,0,63,0,0,119,0,119,0,13,169,0,182,154,0,154,336
07/21/2023,LZU,GA,ASO,ES,Federal Contract Tower,0,12,39,0,51,0,0,95,0,95,0,12,134,0,146,182,0,182,328
07/22/2023,LZU,GA,ASO,ES,Federal Contract Tower,0,3,35,0,38,0,0,112,0,112,0,3,147,0,150,174,0,174,324
07/23/2023,LZU,GA,ASO,ES,Federal Contract Tower,0,3,38,0,41,0,0,186,0,186,0,3,224,0,227,296,0,296,523
07/24/2023,LZU,GA,ASO,ES,Federal Contract Tower,0,12,42,0,54,0,0,138,0,138,0,12,180,0,192,216,0,216,408
07/25/2023,LZU,GA,ASO,ES,Federal Contract Tower,0,11,46,0,57,0,0,158,0,158,0,11,204,0,215,198,0,198,413
07/26/2023,LZU,GA,ASO,ES,Federal Contract Tower,0,13,37,0,50,0,0,175,0,175,0,13,212,0,225,194,0,194,419
07/27/2023,LZU,GA,ASO,ES,Federal Contract Tower,0,13,58,0,71,0,1,128,0,129,0,14,186,0,200,130,0,130,330
07/28/2023,LZU,GA,ASO,ES,Federal Contract Tower,0,14,50,0,64,0,0,103,0,103,0,14,153,0,167,138,0,138,305
07/29/2023,LZU,GA,ASO,ES,Federal Contract Tower,0,2,36,0,38,0,0,141,0,141,0,2,177,0,179,248,0,248,427
07/30/2023,LZU,GA,ASO,ES,Federal Contract Tower,0,1,38,0,39,0,0,101,0,101,0,1,139,0,140,204,0,204,344
07/31/2023,LZU,GA,ASO,ES,Federal Contract Tower,0,10,48,0,58,0,0,145,0,145,0,10,193,0,203,184,0,184,387
08/01/2023,LZU,GA,ASO,ES,Federal Contract Tower,0,10,34,0,44,0,0,154,0,154,0,10,188,0,198,190,0,190,388
08/02/2023,LZU,GA,ASO,ES,Federal Contract Tower,0,10,49,0,59,0,0,58,0,58,0,10,107,0,117,82,0,82,199
08/03/2023,LZU,GA,ASO,ES,Federal Contract Tower,0,9,34,0,43,0,0,20,0,20,0,9,54,0,63,32,0,32,95
08/04/2023,LZU,GA,ASO,ES,Federal Contract Tower,0,10,44,0,54,0,0,77,0,77,0,10,121,0,131,222,0,222,353
08/05/2023,LZU,GA,ASO,ES,Federal Contract Tower,0,2,19,0,21,0,0,198,0,198,0,2,217,0,219,336,0,336,555
08/06/2023,LZU,GA,ASO,ES,Federal Contract Tower,0,1,35,0,36,0,0,75,0,75,0,1,110,0,111,142,0,142,253
08/07/2023,LZU,GA,ASO,ES,Federal Contract Tower,0,11,53,0,64,0,1,94,0,95,0,12,147,0,159,190,0,190,349
08/08/2023,LZU,GA,ASO,ES,Federal Contract Tower,0,12,44,0,56,0,1,112,0,113,0,13,156,0,169,242,0,242,411
08/09/2023,LZU,GA,ASO,ES,Federal Contract Tower,0,18,53,0,71,0,0,156,0,156,0,18,209,0,227,290,0,290,517
08/10/2023,LZU,GA,ASO,ES,Federal Contract Tower,0,17,57,0,74,0,0,71,0,71,0,17,128,0,145,110,0,110,255
08/11/2023,LZU,GA,ASO,ES,Federal Contract Tower,0,12,40,0,52,0,0,61,0,61,0,12,101,0,113,186,0,186,299
08/12/2023,LZU,GA,ASO,ES,Federal Contract Tower,0,5,31,0,36,0,0,118,0,118,0,5,149,0,154,220,0,220,374
08/13/2023,LZU,GA,ASO,ES,Federal Contract Tower,0,7,42,0,49,0,0,153,0,153,0,7,195,0,202,178,0,178,380
08/14/2023,LZU,GA,ASO,ES,Federal Contract Tower,0,17,35,0,52,0,2,14,0,16,0,19,49,0,68,288,0,288,356
08/15/2023,LZU,GA,ASO,ES,Federal Contract Tower,0,13,31,0,44,0,0,110,0,110,0,13,141,0,154,146,0,146,300
08/16/2023,LZU,GA,ASO,ES,Federal Contract Tower,0,13,51,0,64,0,0,200,0,200,0,13,251,0,264,332,0,332,596
08/17/2023,LZU,GA,ASO,ES,Federal Contract Tower,0,18,38,0,56,0,0,170,0,170,0,18,208,0,226,200,0,200,426
08/18/2023,LZU,GA,ASO,ES,Federal Contract Tower,0,13,38,0,51,0,0,157,0,157,0,13,195,0,208,226,0,226,434
08/19/2023,LZU,GA,ASO,ES,Federal Contract Tower,0,1,26,0,27,0,0,266,0,266,0,1,292,0,293,300,0,300,593
08/20/2023,LZU,GA,ASO,ES,Federal Contract Tower,0,4,33,0,37,0,0,160,0,160,0,4,193,0,197,198,0,198,395
08/21/2023,LZU,GA,ASO,ES,Federal Contract Tower,0,6,43,0,49,0,4,125,6,135,0,10,168,6,184,234,0,234,418
08/22/2023,LZU,GA,ASO,ES,Federal Contract Tower,0,12,42,0,54,0,0,141,0,141,0,12,183,0,195,194,0,194,389
08/23/2023,LZU,GA,ASO,ES,Federal Contract Tower,0,8,35,0,43,0,2,137,0,139,0,10,172,0,182,110,0,110,292
08/24/2023,LZU,GA,ASO,ES,Federal Contract Tower,0,12,26,0,38,0,0,119,0,119,0,12,145,0,157,222,0,222,379
08/25/2023,LZU,GA,ASO,ES,Federal Contract Tower,0,12,42,0,54,0,0,136,0,136,0,12,178,0,190,188,0,188,378
08/26/2023,LZU,GA,ASO,ES,Federal Contract Tower,0,0,20,0,20,0,0,143,0,143,0,0,163,0,163,206,0,206,369
08/27/2023,LZU,GA,ASO,ES,Federal Contract Tower,0,7,25,0,32,0,0,113,0,113,0,7,138,0,145,156,0,156,301
08/28/2023,LZU,GA,ASO,ES,Federal Contract Tower,0,10,56,0,66,0,0,28,0,28,0,10,84,0,94,56,0,56,150
08/29/2023,LZU,GA,ASO,ES,Federal Contract Tower,0,12,40,0,52,0,0,28,0,28,0,12,68,0,80,92,0,92,172
08/30/2023,LZU,GA,ASO,ES,Federal Contract Tower,0,9,38,0,47,0,0,2,0,2,0,9,40,0,49,0,0,0,49
08/31/2023,LZU,GA,ASO,ES,Federal Contract Tower,0,12,55,0,67,0,0,167,0,167,0,12,222,0,234,360,0,360,594
