01/01/2000,MAF,TX,ASW,CE,Towers with Radar,17,19,13,0,49,0,0,13,0,13,17,19,26,0,62,24,0,24,86
01/02/2000,MAF,TX,ASW,CE,Towers with Radar,27,27,16,0,70,0,0,15,0,15,27,27,31,0,85,14,2,16,101
01/03/2000,MAF,TX,ASW,CE,Towers with Radar,29,43,13,2,87,0,0,14,0,14,29,43,27,2,101,0,0,0,101
01/04/2000,MAF,TX,ASW,CE,Towers with Radar,31,45,25,26,127,0,3,16,0,19,31,48,41,26,146,18,402,420,566
01/05/2000,MAF,TX,ASW,CE,Towers with Radar,28,48,20,25,121,0,0,20,0,20,28,48,40,25,141,10,238,248,389
01/06/2000,MAF,TX,ASW,CE,Towers with Radar,32,45,20,24,121,0,2,25,0,27,32,47,45,24,148,14,234,248,396
01/07/2000,MAF,TX,ASW,CE,Towers with Radar,32,46,34,19,131,1,3,0,0,4,33,49,34,19,135,8,148,156,291
01/08/2000,MAF,TX,ASW,CE,Towers with Radar,26,34,28,9,97,0,0,18,0,18,26,34,46,9,115,18,26,44,159
01/09/2000,MAF,TX,ASW,CE,Towers with Radar,24,28,15,10,77,0,0,2,0,2,24,28,17,10,79,26,38,64,143
01/10/2000,MAF,TX,ASW,CE,Towers with Radar,31,40,26,29,126,0,0,29,0,29,31,40,55,29,155,54,244,298,453
01/11/2000,MAF,TX,ASW,CE,Towers with Radar,32,50,16,18,116,0,0,34,0,34,32,50,50,18,150,32,150,182,332
01/12/2000,MAF,TX,ASW,CE,Towers with Radar,27,47,25,21,120,1,0,33,0,34,28,47,58,21,154,24,160,184,338
01/13/2000,MAF,TX,ASW,CE,Towers with Radar,30,43,18,23,114,0,1,28,0,29,30,44,46,23,143,30,102,132,275
01/14/2000,MAF,TX,ASW,CE,Towers with Radar,28,46,39,20,133,0,0,14,0,14,28,46,53,20,147,28,278,306,453
01/15/2000,MAF,TX,ASW,CE,Towers with Radar,28,33,41,4,106,1,0,0,2,3,29,33,41,6,109,30,2,32,141
01/16/2000,MAF,TX,ASW,CE,Towers with Radar,28,28,27,1,84,0,1,3,0,4,28,29,30,1,88,20,0,20,108
01/17/2000,MAF,TX,ASW,CE,Towers with Radar,30,42,21,8,101,0,0,19,0,19,30,42,40,8,120,2,18,20,140
01/18/2000,MAF,TX,ASW,CE,Towers with Radar,30,47,41,27,145,2,0,21,0,23,32,47,62,27,168,32,332,364,532
01/19/2000,MAF,TX,ASW,CE,Towers with Radar,30,42,23,49,144,0,0,35,0,35,30,42,58,49,179,28,392,420,599
01/20/2000,MAF,TX,ASW,CE,Towers with Radar,28,47,37,51,163,0,2,31,0,33,28,49,68,51,196,38,374,412,608
01/21/2000,MAF,TX,ASW,CE,Towers with Radar,31,43,44,50,168,0,0,14,0,14,31,43,58,50,182,20,416,436,618
01/22/2000,MAF,TX,ASW,CE,Towers with Radar,26,32,28,21,107,1,1,11,10,23,27,33,39,31,130,56,200,256,386
01/23/2000,MAF,TX,ASW,CE,Towers with Radar,23,28,24,11,86,1,1,24,13,39,24,29,48,24,125,56,166,222,347
01/24/2000,MAF,TX,ASW,CE,Towers with Radar,33,45,20,17,115,0,0,14,0,14,33,45,34,17,129,20,158,178,307
01/25/2000,MAF,TX,ASW,CE,Towers with Radar,31,46,37,26,140,0,1,14,0,15,31,47,51,26,155,40,204,244,399
01/26/2000,MAF,TX,ASW,CE,Towers with Radar,31,47,37,26,141,0,0,10,0,10,31,47,47,26,151,18,172,190,341
01/27/2000,MAF,TX,ASW,CE,Towers with Radar,27,33,32,9,101,0,0,2,0,2,27,33,34,9,103,4,34,38,141
01/28/2000,MAF,TX,ASW,CE,Towers with Radar,32,56,29,15,132,2,3,0,0,5,34,59,29,15,137,12,44,56,193
01/29/2000,MAF,TX,ASW,CE,Towers with Radar,24,35,36,3,98,2,0,0,0,2,26,35,36,3,100,82,16,98,198
01/30/2000,MAF,TX,ASW,CE,Towers with Radar,24,25,19,0,68,0,1,2,0,3,24,26,21,0,71,26,4,30,101
01/31/2000,MAF,TX,ASW,CE,Towers with Radar,28,41,19,38,126,0,0,15,0,15,28,41,34,38,141,2,348,350,491
02/01/2000,MAF,TX,ASW,CE,Towers with Radar,30,43,22,11,106,3,3,1,0,7,33,46,23,11,113,2,90,92,205
02/02/2000,MAF,TX,ASW,CE,Towers with Radar,31,47,31,25,134,0,0,14,0,14,31,47,45,25,148,30,190,220,368
02/03/2000,MAF,TX,ASW,CE,Towers with Radar,32,51,31,9,123,0,0,31,0,31,32,51,62,9,154,16,56,72,226
02/04/2000,MAF,TX,ASW,CE,Towers with Radar,33,44,51,22,150,0,0,6,0,6,33,44,57,22,156,14,146,160,316
02/05/2000,MAF,TX,ASW,CE,Towers with Radar,24,31,17,4,76,0,6,34,10,50,24,37,51,14,126,6,0,6,132
02/06/2000,MAF,TX,ASW,CE,Towers with Radar,25,28,30,7,90,0,1,16,0,17,25,29,46,7,107,22,12,34,141
02/07/2000,MAF,TX,ASW,CE,Towers with Radar,28,40,16,18,102,2,2,17,0,21,30,42,33,18,123,4,214,218,341
02/08/2000,MAF,TX,ASW,CE,Towers with Radar,32,42,22,36,132,0,0,28,0,28,32,42,50,36,160,4,312,316,476
02/09/2000,MAF,TX,ASW,CE,Towers with Radar,29,43,24,48,144,0,6,25,0,31,29,49,49,48,175,28,330,358,533
02/10/2000,MAF,TX,ASW,CE,Towers with Radar,30,43,13,36,122,0,4,25,0,29,30,47,38,36,151,18,176,194,345
02/11/2000,MAF,TX,ASW,CE,Towers with Radar,31,46,34,35,146,0,0,5,0,5,31,46,39,35,151,40,214,254,405
02/12/2000,MAF,TX,ASW,CE,Towers with Radar,25,34,25,15,99,0,3,12,10,25,25,37,37,25,124,10,150,160,284
02/13/2000,MAF,TX,ASW,CE,Towers with Radar,24,25,24,10,83,0,4,20,0,24,24,29,44,10,107,12,38,50,157
02/14/2000,MAF,TX,ASW,CE,Towers with Radar,29,40,28,23,120,3,9,12,0,24,32,49,40,23,144,28,140,168,312
02/15/2000,MAF,TX,ASW,CE,Towers with Radar,31,50,27,19,127,1,2,16,0,19,32,52,43,19,146,18,254,272,418
02/16/2000,MAF,TX,ASW,CE,Towers with Radar,29,44,60,29,162,0,5,19,0,24,29,49,79,29,186,24,330,354,540
02/17/2000,MAF,TX,ASW,CE,Towers with Radar,30,47,34,30,141,0,0,10,0,10,30,47,44,30,151,18,170,188,339
02/18/2000,MAF,TX,ASW,CE,Towers with Radar,33,44,50,14,141,0,4,23,0,27,33,48,73,14,168,10,44,54,222
02/19/2000,MAF,TX,ASW,CE,Towers with Radar,24,35,17,12,88,1,0,36,0,37,25,35,53,12,125,8,22,30,155
02/20/2000,MAF,TX,ASW,CE,Towers with Radar,25,27,45,3,100,2,1,5,0,8,27,28,50,3,108,14,6,20,128
02/21/2000,MAF,TX,ASW,CE,Towers with Radar,30,42,29,6,107,2,0,12,0,14,32,42,41,6,121,6,16,22,143
02/22/2000,MAF,TX,ASW,CE,Towers with Radar,25,36,14,22,97,5,6,15,0,26,30,42,29,22,123,14,260,274,397
02/23/2000,MAF,TX,ASW,CE,Towers with Radar,36,44,34,11,125,1,0,26,0,27,37,44,60,11,152,30,148,178,330
02/24/2000,MAF,TX,ASW,CE,Towers with Radar,32,43,37,22,134,3,0,23,0,26,35,43,60,22,160,14,192,206,366
02/25/2000,MAF,TX,ASW,CE,Towers with Radar,31,44,45,22,142,0,3,0,0,3,31,47,45,22,145,7,198,205,350
02/26/2000,MAF,TX,ASW,CE,Towers with Radar,28,35,7,10,80,1,2,19,0,22,29,37,26,10,102,10,20,30,132
02/27/2000,MAF,TX,ASW,CE,Towers with Radar,24,28,26,12,90,1,1,17,0,19,25,29,43,12,109,14,34,48,157
02/28/2000,MAF,TX,ASW,CE,Towers with Radar,31,37,23,18,109,2,4,13,0,19,33,41,36,18,128,0,140,140,268
02/29/2000,MAF,TX,ASW,CE,Towers with Radar,31,40,21,41,133,0,0,23,0,23,31,40,44,41,156,14,252,266,422
03/01/2000,MAF,TX,ASW,CE,Towers with Radar,30,46,27,46,149,1,0,9,0,10,31,46,36,46,159,8,336,344,503
03/02/2000,MAF,TX,ASW,CE,Towers with Radar,33,43,26,21,123,3,2,7,0,12,36,45,33,21,135,2,102,104,239
03/03/2000,MAF,TX,ASW,CE,Towers with Radar,32,44,29,56,161,1,0,13,0,14,33,44,42,56,175,8,394,402,577
03/04/2000,MAF,TX,ASW,CE,Towers with Radar,25,35,19,5,84,2,6,22,32,62,27,41,41,37,146,30,266,296,442
03/05/2000,MAF,TX,ASW,CE,Towers with Radar,24,29,16,26,95,0,0,15,3,18,24,29,31,29,113,4,150,154,267
03/06/2000,MAF,TX,ASW,CE,Towers with Radar,29,37,20,60,146,1,0,19,0,20,30,37,39,60,166,4,314,318,484
03/07/2000,MAF,TX,ASW,CE,Towers with Radar,31,37,11,14,93,0,0,8,0,8,31,37,19,14,101,0,98,98,199
03/08/2000,MAF,TX,ASW,CE,Towers with Radar,29,49,33,65,176,0,0,46,0,46,29,49,79,65,222,4,310,314,536
03/09/2000,MAF,TX,ASW,CE,Towers with Radar,30,43,30,54,157,0,0,32,0,32,30,43,62,54,189,18,272,290,479
03/10/2000,MAF,TX,ASW,CE,Towers with Radar,33,47,16,50,146,0,0,16,0,16,33,47,32,50,162,10,230,240,402
03/11/2000,MAF,TX,ASW,CE,Towers with Radar,27,34,17,17,95,0,2,35,1,38,27,36,52,18,133,10,56,66,199
03/12/2000,MAF,TX,ASW,CE,Towers with Radar,26,26,16,5,73,2,0,15,5,22,28,26,31,10,95,32,0,32,127
03/13/2000,MAF,TX,ASW,CE,Towers with Radar,28,43,10,16,97,1,0,27,0,28,29,43,37,16,125,4,118,122,247
03/14/2000,MAF,TX,ASW,CE,Towers with Radar,24,49,15,24,112,0,0,20,0,20,24,49,35,24,132,20,202,222,354
03/15/2000,MAF,TX,ASW,CE,Towers with Radar,30,50,20,26,126,0,1,20,0,21,30,51,40,26,147,26,174,200,347
03/16/2000,MAF,TX,ASW,CE,Towers with Radar,29,46,5,6,86,0,0,9,0,9,29,46,14,6,95,0,42,42,137
03/17/2000,MAF,TX,ASW,CE,Towers with Radar,31,48,21,17,117,1,0,18,0,19,32,48,39,17,136,28,174,202,338
03/18/2000,MAF,TX,ASW,CE,Towers with Radar,31,35,18,7,91,0,0,19,0,19,31,35,37,7,110,0,6,6,116
03/19/2000,MAF,TX,ASW,CE,Towers with Radar,25,29,22,4,80,2,0,30,0,32,27,29,52,4,112,6,24,30,142
03/20/2000,MAF,TX,ASW,CE,Towers with Radar,31,42,34,23,130,2,1,21,0,24,33,43,55,23,154,6,122,128,282
03/21/2000,MAF,TX,ASW,CE,Towers with Radar,28,45,22,25,120,0,1,8,0,9,28,46,30,25,129,12,270,282,411
03/22/2000,MAF,TX,ASW,CE,Towers with Radar,29,40,33,7,109,2,0,0,0,2,31,40,33,7,111,0,84,84,195
03/23/2000,MAF,TX,ASW,CE,Towers with Radar,31,46,25,16,118,2,0,9,0,11,33,46,34,16,129,0,136,136,265
03/24/2000,MAF,TX,ASW,CE,Towers with Radar,32,49,48,42,171,0,0,12,0,12,32,49,60,42,183,32,232,264,447
03/25/2000,MAF,TX,ASW,CE,Towers with Radar,23,36,26,1,86,1,0,17,0,18,24,36,43,1,104,20,4,24,128
03/26/2000,MAF,TX,ASW,CE,Towers with Radar,23,28,20,4,75,1,4,60,0,65,24,32,80,4,140,46,24,70,210
03/27/2000,MAF,TX,ASW,CE,Towers with Radar,32,42,27,25,126,0,0,31,0,31,32,42,58,25,157,41,108,149,306
03/28/2000,MAF,TX,ASW,CE,Towers with Radar,31,44,26,16,117,2,2,15,0,19,33,46,41,16,136,14,132,146,282
03/29/2000,MAF,TX,ASW,CE,Towers with Radar,33,44,39,26,142,1,0,21,0,22,34,44,60,26,164,12,176,188,352
03/30/2000,MAF,TX,ASW,CE,Towers with Radar,31,47,48,24,150,0,0,0,0,0,31,47,48,24,150,24,172,196,346
03/31/2000,MAF,TX,ASW,CE,Towers with Radar,30,44,29,16,119,0,0,1,0,1,30,44,30,16,120,8,32,40,160
04/01/2000,MAF,TX,ASW,CE,Towers with Radar,24,35,20,1,80,0,1,0,0,1,24,36,20,1,81,14,0,14,95
04/02/2000,MAF,TX,ASW,CE,Towers with Radar,25,27,29,0,81,0,3,5,2,10,25,30,34,2,91,36,0,36,127
04/03/2000,MAF,TX,ASW,CE,Towers with Radar,31,38,19,15,103,0,0,12,0,12,31,38,31,15,115,2,138,140,255
04/04/2000,MAF,TX,ASW,CE,Towers with Radar,31,43,43,26,143,0,0,0,0,0,31,43,43,26,143,8,164,172,315
04/05/2000,MAF,TX,ASW,CE,Towers with Radar,30,44,15,15,104,0,0,25,0,25,30,44,40,15,129,6,178,184,313
04/06/2000,MAF,TX,ASW,CE,Towers with Radar,30,44,57,23,154,0,0,0,0,0,30,44,57,23,154,18,116,134,288
04/07/2000,MAF,TX,ASW,CE,Towers with Radar,30,48,38,18,134,0,0,4,0,4,30,48,42,18,138,2,210,212,350
04/08/2000,MAF,TX,ASW,CE,Towers with Radar,15,22,23,5,65,8,8,14,0,30,23,30,37,5,95,24,20,44,139
04/09/2000,MAF,TX,ASW,CE,Towers with Radar,24,27,22,10,83,0,0,8,0,8,24,27,30,10,91,6,22,28,119
04/10/2000,MAF,TX,ASW,CE,Towers with Radar,29,44,39,12,124,0,0,0,0,0,29,44,39,12,124,6,96,102,226
04/11/2000,MAF,TX,ASW,CE,Towers with Radar,29,35,33,28,125,0,0,0,0,0,29,35,33,28,125,16,236,252,377
04/12/2000,MAF,TX,ASW,CE,Towers with Radar,26,47,40,27,140,0,0,20,0,20,26,47,60,27,160,24,322,346,506
04/13/2000,MAF,TX,ASW,CE,Towers with Radar,28,46,38,30,142,0,0,27,0,27,28,46,65,30,169,34,294,328,497
04/14/2000,MAF,TX,ASW,CE,Towers with Radar,32,42,34,30,138,0,1,18,0,19,32,43,52,30,157,56,184,240,397
04/15/2000,MAF,TX,ASW,CE,Towers with Radar,19,36,29,10,94,0,0,0,0,0,19,36,29,10,94,30,14,44,138
04/16/2000,MAF,TX,ASW,CE,Towers with Radar,25,28,64,0,117,0,0,10,4,14,25,28,74,4,131,64,2,66,197
04/17/2000,MAF,TX,ASW,CE,Towers with Radar,30,42,45,40,157,0,0,0,0,0,30,42,45,40,157,70,298,368,525
04/18/2000,MAF,TX,ASW,CE,Towers with Radar,33,46,44,9,132,0,0,10,0,10,33,46,54,9,142,104,128,232,374
04/19/2000,MAF,TX,ASW,CE,Towers with Radar,33,42,33,16,124,0,4,24,0,28,33,46,57,16,152,14,90,104,256
04/20/2000,MAF,TX,ASW,CE,Towers with Radar,29,43,50,15,137,0,0,10,0,10,29,43,60,15,147,38,156,194,341
04/21/2000,MAF,TX,ASW,CE,Towers with Radar,31,44,44,13,132,2,0,11,0,13,33,44,55,13,145,22,152,174,319
04/22/2000,MAF,TX,ASW,CE,Towers with Radar,23,29,22,0,74,1,3,6,2,12,24,32,28,2,86,38,0,38,124
04/23/2000,MAF,TX,ASW,CE,Towers with Radar,27,30,24,1,82,0,0,22,0,22,27,30,46,1,104,22,4,26,130
04/24/2000,MAF,TX,ASW,CE,Towers with Radar,31,39,44,15,129,3,0,23,0,26,34,39,67,15,155,30,98,128,283
04/25/2000,MAF,TX,ASW,CE,Towers with Radar,33,46,39,15,133,2,0,15,0,17,35,46,54,15,150,36,146,182,332
04/26/2000,MAF,TX,ASW,CE,Towers with Radar,30,42,41,17,130,0,2,16,0,18,30,44,57,17,148,28,138,166,314
04/27/2000,MAF,TX,ASW,CE,Towers with Radar,34,43,45,18,140,2,0,15,0,17,36,43,60,18,157,40,202,242,399
04/28/2000,MAF,TX,ASW,CE,Towers with Radar,34,39,47,20,140,0,0,0,0,0,34,39,47,20,140,20,188,208,348
04/29/2000,MAF,TX,ASW,CE,Towers with Radar,15,20,20,2,57,9,12,12,0,33,24,32,32,2,90,16,12,28,118
04/30/2000,MAF,TX,ASW,CE,Towers with Radar,14,18,18,9,59,12,9,2,0,23,26,27,20,9,82,6,0,6,88
05/01/2000,MAF,TX,ASW,CE,Towers with Radar,36,39,24,23,122,0,0,10,0,10,36,39,34,23,132,4,200,204,336
05/02/2000,MAF,TX,ASW,CE,Towers with Radar,32,44,38,22,136,0,0,13,0,13,32,44,51,22,149,14,346,360,509
05/03/2000,MAF,TX,ASW,CE,Towers with Radar,31,45,27,24,127,0,0,36,0,36,31,45,63,24,163,22,134,156,319
05/04/2000,MAF,TX,ASW,CE,Towers with Radar,30,38,30,31,129,0,0,2,0,2,30,38,32,31,131,26,98,124,255
05/05/2000,MAF,TX,ASW,CE,Towers with Radar,37,43,33,27,140,0,0,12,0,12,37,43,45,27,152,4,178,182,334
05/06/2000,MAF,TX,ASW,CE,Towers with Radar,16,23,14,2,55,16,13,30,0,59,32,36,44,2,114,24,4,28,142
05/07/2000,MAF,TX,ASW,CE,Towers with Radar,14,21,12,4,51,16,9,15,0,40,30,30,27,4,91,6,0,6,97
05/08/2000,MAF,TX,ASW,CE,Towers with Radar,33,43,30,28,134,0,0,15,0,15,33,43,45,28,149,4,226,230,379
05/09/2000,MAF,TX,ASW,CE,Towers with Radar,30,46,34,17,127,0,0,7,0,7,30,46,41,17,134,6,234,240,374
05/10/2000,MAF,TX,ASW,CE,Towers with Radar,33,47,26,19,125,0,0,0,0,0,33,47,26,19,125,0,112,112,237
05/11/2000,MAF,TX,ASW,CE,Towers with Radar,34,44,29,18,125,0,0,24,0,24,34,44,53,18,149,6,144,150,299
05/12/2000,MAF,TX,ASW,CE,Towers with Radar,29,40,26,19,114,0,10,30,0,40,29,50,56,19,154,0,252,252,406
05/13/2000,MAF,TX,ASW,CE,Towers with Radar,19,23,15,6,63,5,12,9,0,26,24,35,24,6,89,6,48,54,143
05/14/2000,MAF,TX,ASW,CE,Towers with Radar,14,17,11,4,46,13,16,19,0,48,27,33,30,4,94,18,4,22,116
05/15/2000,MAF,TX,ASW,CE,Towers with Radar,34,41,28,11,114,0,0,5,0,5,34,41,33,11,119,4,126,130,249
05/16/2000,MAF,TX,ASW,CE,Towers with Radar,28,47,21,3,99,2,0,23,0,25,30,47,44,3,124,0,106,106,230
05/17/2000,MAF,TX,ASW,CE,Towers with Radar,34,45,36,8,123,0,0,22,0,22,34,45,58,8,145,14,94,108,253
05/18/2000,MAF,TX,ASW,CE,Towers with Radar,32,53,34,26,145,0,0,39,0,39,32,53,73,26,184,20,218,238,422
05/19/2000,MAF,TX,ASW,CE,Towers with Radar,29,27,13,7,76,0,7,11,0,18,29,34,24,7,94,0,12,12,106
05/20/2000,MAF,TX,ASW,CE,Towers with Radar,30,28,26,1,85,1,1,11,0,13,31,29,37,1,98,32,4,36,134
05/21/2000,MAF,TX,ASW,CE,Towers with Radar,26,23,16,7,72,2,1,10,0,13,28,24,26,7,85,16,24,40,125
05/22/2000,MAF,TX,ASW,CE,Towers with Radar,28,33,13,13,87,3,1,26,0,30,31,34,39,13,117,6,146,152,269
05/23/2000,MAF,TX,ASW,CE,Towers with Radar,30,43,17,20,110,2,0,31,0,33,32,43,48,20,143,10,146,156,299
05/24/2000,MAF,TX,ASW,CE,Towers with Radar,28,43,26,9,106,2,0,24,0,26,30,43,50,9,132,4,10,14,146
05/25/2000,MAF,TX,ASW,CE,Towers with Radar,29,44,45,22,140,0,0,10,0,10,29,44,55,22,150,30,160,190,340
05/26/2000,MAF,TX,ASW,CE,Towers with Radar,32,37,31,19,119,0,3,30,0,33,32,40,61,19,152,12,172,184,336
05/27/2000,MAF,TX,ASW,CE,Towers with Radar,25,19,15,0,59,2,3,33,0,38,27,22,48,0,97,4,0,4,101
05/28/2000,MAF,TX,ASW,CE,Towers with Radar,24,23,15,0,62,1,0,28,0,29,25,23,43,0,91,0,0,0,91
05/29/2000,MAF,TX,ASW,CE,Towers with Radar,27,21,14,3,65,2,0,34,0,36,29,21,48,3,101,16,2,18,119
05/30/2000,MAF,TX,ASW,CE,Towers with Radar,31,37,30,27,125,0,7,23,0,30,31,44,53,27,155,40,314,354,509
05/31/2000,MAF,TX,ASW,CE,Towers with Radar,31,41,23,13,108,0,3,26,0,29,31,44,49,13,137,20,162,182,319
06/01/2000,MAF,TX,ASW,CE,Towers with Radar,32,42,33,27,134,2,0,15,0,17,34,42,48,27,151,12,180,192,343
06/02/2000,MAF,TX,ASW,CE,Towers with Radar,18,40,18,6,82,16,4,20,0,40,34,44,38,6,122,4,16,20,142
06/03/2000,MAF,TX,ASW,CE,Towers with Radar,19,30,16,0,65,0,0,0,0,0,19,30,16,0,65,28,0,28,93
06/04/2000,MAF,TX,ASW,CE,Towers with Radar,26,21,21,0,68,0,0,23,4,27,26,21,44,4,95,16,0,16,111
06/05/2000,MAF,TX,ASW,CE,Towers with Radar,36,41,18,19,114,2,0,17,0,19,38,41,35,19,133,0,180,180,313
06/06/2000,MAF,TX,ASW,CE,Towers with Radar,33,43,24,22,122,0,0,35,0,35,33,43,59,22,157,2,192,194,351
06/07/2000,MAF,TX,ASW,CE,Towers with Radar,31,44,24,17,116,0,0,31,0,31,31,44,55,17,147,0,216,216,363
06/08/2000,MAF,TX,ASW,CE,Towers with Radar,33,40,18,34,125,2,0,25,0,27,35,40,43,34,152,8,292,300,452
06/09/2000,MAF,TX,ASW,CE,Towers with Radar,30,32,27,24,113,0,0,12,0,12,30,32,39,24,125,8,188,196,321
06/10/2000,MAF,TX,ASW,CE,Towers with Radar,26,22,14,9,71,0,0,12,0,12,26,22,26,9,83,6,50,56,139
06/11/2000,MAF,TX,ASW,CE,Towers with Radar,28,26,24,9,87,0,0,1,0,1,28,26,25,9,88,2,32,34,122
06/12/2000,MAF,TX,ASW,CE,Towers with Radar,33,35,25,21,114,0,0,14,0,14,33,35,39,21,128,4,92,96,224
06/13/2000,MAF,TX,ASW,CE,Towers with Radar,30,37,20,27,114,0,0,14,0,14,30,37,34,27,128,2,198,200,328
06/14/2000,MAF,TX,ASW,CE,Towers with Radar,27,39,32,12,110,0,0,10,0,10,27,39,42,12,120,28,110,138,258
06/15/2000,MAF,TX,ASW,CE,Towers with Radar,37,44,34,39,154,0,0,31,0,31,37,44,65,39,185,32,226,258,443
06/16/2000,MAF,TX,ASW,CE,Towers with Radar,32,38,35,37,142,0,0,8,0,8,32,38,43,37,150,14,218,232,382
06/17/2000,MAF,TX,ASW,CE,Towers with Radar,23,22,32,1,78,0,0,8,5,13,23,22,40,6,91,12,6,18,109
06/18/2000,MAF,TX,ASW,CE,Towers with Radar,28,23,21,0,72,0,0,0,5,5,28,23,21,5,77,2,0,2,79
06/19/2000,MAF,TX,ASW,CE,Towers with Radar,31,36,21,18,106,1,0,25,0,26,32,36,46,18,132,24,62,86,218
06/20/2000,MAF,TX,ASW,CE,Towers with Radar,30,38,38,9,115,0,0,2,0,2,30,38,40,9,117,12,112,124,241
06/21/2000,MAF,TX,ASW,CE,Towers with Radar,32,39,32,11,114,0,0,0,0,0,32,39,32,11,114,12,128,140,254
06/22/2000,MAF,TX,ASW,CE,Towers with Radar,34,42,31,20,127,1,0,27,0,28,35,42,58,20,155,36,202,238,393
06/23/2000,MAF,TX,ASW,CE,Towers with Radar,34,44,46,15,139,1,0,22,0,23,35,44,68,15,162,2,90,92,254
06/24/2000,MAF,TX,ASW,CE,Towers with Radar,23,34,40,2,99,0,0,0,0,0,23,34,40,2,99,8,0,8,107
06/25/2000,MAF,TX,ASW,CE,Towers with Radar,27,23,22,0,72,1,0,19,3,23,28,23,41,3,95,30,0,30,125
06/26/2000,MAF,TX,ASW,CE,Towers with Radar,30,37,30,19,116,0,0,13,0,13,30,37,43,19,129,8,198,206,335
06/27/2000,MAF,TX,ASW,CE,Towers with Radar,31,39,33,24,127,2,0,12,0,14,33,39,45,24,141,12,280,292,433
06/28/2000,MAF,TX,ASW,CE,Towers with Radar,33,38,33,18,122,2,0,10,0,12,35,38,43,18,134,28,140,168,302
06/29/2000,MAF,TX,ASW,CE,Towers with Radar,30,41,21,13,105,2,0,17,0,19,32,41,38,13,124,12,86,98,222
06/30/2000,MAF,TX,ASW,CE,Towers with Radar,29,39,43,36,147,0,0,11,0,11,29,39,54,36,158,14,102,116,274
07/01/2000,MAF,TX,ASW,CE,Towers with Radar,22,29,23,2,76,2,3,45,0,50,24,32,68,2,126,30,0,30,156
07/02/2000,MAF,TX,ASW,CE,Towers with Radar,20,21,31,1,73,0,0,1,0,1,20,21,32,1,74,22,8,30,104
07/03/2000,MAF,TX,ASW,CE,Towers with Radar,17,35,8,0,60,0,0,20,0,20,17,35,28,0,80,8,0,8,88
07/04/2000,MAF,TX,ASW,CE,Towers with Radar,25,23,14,0,62,1,0,26,0,27,26,23,40,0,89,0,2,2,91
07/05/2000,MAF,TX,ASW,CE,Towers with Radar,31,38,27,17,113,1,4,17,0,22,32,42,44,17,135,0,164,164,299
07/06/2000,MAF,TX,ASW,CE,Towers with Radar,32,40,34,12,118,0,3,33,0,36,32,43,67,12,154,20,112,132,286
07/07/2000,MAF,TX,ASW,CE,Towers with Radar,33,38,33,22,126,0,3,17,0,20,33,41,50,22,146,12,192,204,350
07/08/2000,MAF,TX,ASW,CE,Towers with Radar,23,28,21,6,78,2,2,5,0,9,25,30,26,6,87,10,34,44,131
07/09/2000,MAF,TX,ASW,CE,Towers with Radar,18,23,16,9,66,8,3,5,0,16,26,26,21,9,82,44,0,44,126
07/10/2000,MAF,TX,ASW,CE,Towers with Radar,29,36,42,10,117,0,1,1,0,2,29,37,43,10,119,22,44,66,185
07/11/2000,MAF,TX,ASW,CE,Towers with Radar,31,37,24,7,99,0,4,23,0,27,31,41,47,7,126,18,128,146,272
07/12/2000,MAF,TX,ASW,CE,Towers with Radar,31,40,18,12,101,1,2,20,0,23,32,42,38,12,124,26,242,268,392
07/13/2000,MAF,TX,ASW,CE,Towers with Radar,31,36,23,18,108,0,0,43,0,43,31,36,66,18,151,16,264,280,431
07/14/2000,MAF,TX,ASW,CE,Towers with Radar,35,41,33,12,121,0,0,23,0,23,35,41,56,12,144,14,84,98,242
07/15/2000,MAF,TX,ASW,CE,Towers with Radar,23,26,14,1,64,4,0,30,1,35,27,26,44,2,99,8,2,10,109
07/16/2000,MAF,TX,ASW,CE,Towers with Radar,27,25,10,6,68,0,0,40,0,40,27,25,50,6,108,12,4,16,124
07/17/2000,MAF,TX,ASW,CE,Towers with Radar,31,36,18,11,96,0,1,10,0,11,31,37,28,11,107,0,124,124,231
07/18/2000,MAF,TX,ASW,CE,Towers with Radar,31,41,27,11,110,0,0,21,0,21,31,41,48,11,131,16,206,222,353
07/19/2000,MAF,TX,ASW,CE,Towers with Radar,29,45,35,17,126,0,0,27,0,27,29,45,62,17,153,40,162,202,355
07/20/2000,MAF,TX,ASW,CE,Towers with Radar,30,36,30,18,114,2,4,21,0,27,32,40,51,18,141,18,204,222,363
07/21/2000,MAF,TX,ASW,CE,Towers with Radar,30,44,32,10,116,0,0,0,0,0,30,44,32,10,116,2,132,134,250
07/22/2000,MAF,TX,ASW,CE,Towers with Radar,23,30,21,5,79,1,2,22,0,25,24,32,43,5,104,60,12,72,176
07/23/2000,MAF,TX,ASW,CE,Towers with Radar,20,23,17,6,66,4,0,20,0,24,24,23,37,6,90,2,32,34,124
07/24/2000,MAF,TX,ASW,CE,Towers with Radar,31,36,8,35,110,0,5,21,0,26,31,41,29,35,136,20,242,262,398
07/25/2000,MAF,TX,ASW,CE,Towers with Radar,30,42,22,38,132,0,5,17,0,22,30,47,39,38,154,30,208,238,392
07/26/2000,MAF,TX,ASW,CE,Towers with Radar,31,40,28,26,125,0,1,11,0,12,31,41,39,26,137,6,204,210,347
07/27/2000,MAF,TX,ASW,CE,Towers with Radar,31,41,41,26,139,0,0,13,0,13,31,41,54,26,152,14,178,192,344
07/28/2000,MAF,TX,ASW,CE,Towers with Radar,31,47,30,20,128,0,0,13,0,13,31,47,43,20,141,36,192,228,369
07/29/2000,MAF,TX,ASW,CE,Towers with Radar,24,28,15,7,74,0,5,11,0,16,24,33,26,7,90,44,36,80,170
07/30/2000,MAF,TX,ASW,CE,Towers with Radar,24,26,28,10,88,2,1,9,0,12,26,27,37,10,100,20,8,28,128
07/31/2000,MAF,TX,ASW,CE,Towers with Radar,30,37,41,17,125,1,4,1,0,6,31,41,42,17,131,48,50,98,229
08/01/2000,MAF,TX,ASW,CE,Towers with Radar,30,38,28,16,112,2,0,17,0,19,32,38,45,16,131,42,98,140,271
08/02/2000,MAF,TX,ASW,CE,Towers with Radar,29,40,42,15,126,0,0,6,0,6,29,40,48,15,132,48,212,260,392
08/03/2000,MAF,TX,ASW,CE,Towers with Radar,31,41,34,22,128,0,2,7,0,9,31,43,41,22,137,60,182,242,379
08/04/2000,MAF,TX,ASW,CE,Towers with Radar,27,34,27,8,96,4,8,11,0,23,31,42,38,8,119,4,110,114,233
08/05/2000,MAF,TX,ASW,CE,Towers with Radar,24,26,23,2,75,0,3,18,0,21,24,29,41,2,96,20,0,20,116
08/06/2000,MAF,TX,ASW,CE,Towers with Radar,26,25,14,0,65,0,0,26,0,26,26,25,40,0,91,8,0,8,99
08/07/2000,MAF,TX,ASW,CE,Towers with Radar,32,35,26,17,110,0,2,6,0,8,32,37,32,17,118,26,118,144,262
08/08/2000,MAF,TX,ASW,CE,Towers with Radar,30,41,13,14,98,0,0,24,0,24,30,41,37,14,122,4,170,174,296
08/09/2000,MAF,TX,ASW,CE,Towers with Radar,29,44,36,36,145,0,0,15,0,15,29,44,51,36,160,24,234,258,418
08/10/2000,MAF,TX,ASW,CE,Towers with Radar,31,42,36,25,134,0,3,0,0,3,31,45,36,25,137,48,214,262,399
08/11/2000,MAF,TX,ASW,CE,Towers with Radar,33,41,44,17,135,0,0,0,0,0,33,41,44,17,135,68,150,218,353
08/12/2000,MAF,TX,ASW,CE,Towers with Radar,19,28,18,1,66,0,1,24,0,25,19,29,42,1,91,34,4,38,129
08/13/2000,MAF,TX,ASW,CE,Towers with Radar,24,25,19,7,75,0,2,25,0,27,24,27,44,7,102,24,2,26,128
08/14/2000,MAF,TX,ASW,CE,Towers with Radar,31,35,27,7,100,3,0,24,0,27,34,35,51,7,127,34,120,154,281
08/15/2000,MAF,TX,ASW,CE,Towers with Radar,31,40,20,21,112,0,3,15,0,18,31,43,35,21,130,4,200,204,334
08/16/2000,MAF,TX,ASW,CE,Towers with Radar,30,44,41,13,128,0,0,29,0,29,30,44,70,13,157,16,124,140,297
08/17/2000,MAF,TX,ASW,CE,Towers with Radar,29,38,29,28,124,0,5,36,0,41,29,43,65,28,165,20,132,152,317
08/18/2000,MAF,TX,ASW,CE,Towers with Radar,33,42,40,7,122,1,4,0,0,5,34,46,40,7,127,40,76,116,243
08/19/2000,MAF,TX,ASW,CE,Towers with Radar,23,25,19,0,67,0,1,25,0,26,23,26,44,0,93,26,0,26,119
08/20/2000,MAF,TX,ASW,CE,Towers with Radar,25,26,21,4,76,0,1,28,0,29,25,27,49,4,105,48,6,54,159
08/21/2000,MAF,TX,ASW,CE,Towers with Radar,29,37,39,9,114,0,3,23,0,26,29,40,62,9,140,27,44,71,211
08/22/2000,MAF,TX,ASW,CE,Towers with Radar,31,38,44,20,133,1,4,21,0,26,32,42,65,20,159,24,112,136,295
08/23/2000,MAF,TX,ASW,CE,Towers with Radar,26,45,39,13,123,1,2,24,0,27,27,47,63,13,150,12,122,134,284
08/24/2000,MAF,TX,ASW,CE,Towers with Radar,31,41,31,18,121,0,0,20,0,20,31,41,51,18,141,16,190,206,347
08/25/2000,MAF,TX,ASW,CE,Towers with Radar,31,41,23,18,113,2,3,22,0,27,33,44,45,18,140,14,128,142,282
08/26/2000,MAF,TX,ASW,CE,Towers with Radar,23,30,19,7,79,1,0,12,0,13,24,30,31,7,92,26,10,36,128
08/27/2000,MAF,TX,ASW,CE,Towers with Radar,25,26,17,4,72,0,0,11,0,11,25,26,28,4,83,10,2,12,95
08/28/2000,MAF,TX,ASW,CE,Towers with Radar,29,34,31,34,128,2,1,20,0,23,31,35,51,34,151,44,212,256,407
08/29/2000,MAF,TX,ASW,CE,Towers with Radar,33,42,17,11,103,1,1,28,0,30,34,43,45,11,133,18,38,56,189
08/30/2000,MAF,TX,ASW,CE,Towers with Radar,30,40,34,14,118,0,3,39,0,42,30,43,73,14,160,30,94,124,284
08/31/2000,MAF,TX,ASW,CE,Towers with Radar,32,43,25,16,116,0,2,33,0,35,32,45,58,16,151,32,176,208,359
09/01/2000,MAF,TX,ASW,CE,Towers with Radar,29,37,32,13,111,0,4,12,0,16,29,41,44,13,127,10,120,130,257
09/02/2000,MAF,TX,ASW,CE,Towers with Radar,22,26,8,0,56,0,0,29,3,32,22,26,37,3,88,20,0,20,108
09/03/2000,MAF,TX,ASW,CE,Towers with Radar,12,18,9,0,39,0,2,9,0,11,12,20,18,0,50,6,0,6,56
09/04/2000,MAF,TX,ASW,CE,Towers with Radar,24,23,14,4,65,0,1,28,0,29,24,24,42,4,94,6,6,12,106
09/05/2000,MAF,TX,ASW,CE,Towers with Radar,31,38,21,19,109,1,2,20,0,23,32,40,41,19,132,24,86,110,242
09/06/2000,MAF,TX,ASW,CE,Towers with Radar,30,36,18,23,107,0,3,29,0,32,30,39,47,23,139,38,248,286,425
09/07/2000,MAF,TX,ASW,CE,Towers with Radar,28,40,20,29,117,0,0,18,0,18,28,40,38,29,135,4,206,210,345
09/08/2000,MAF,TX,ASW,CE,Towers with Radar,31,42,16,18,107,0,4,9,0,13,31,46,25,18,120,0,180,180,300
09/09/2000,MAF,TX,ASW,CE,Towers with Radar,22,26,19,16,83,0,0,12,0,12,22,26,31,16,95,8,192,200,295
09/10/2000,MAF,TX,ASW,CE,Towers with Radar,26,26,16,2,70,0,1,20,1,22,26,27,36,3,92,0,0,0,92
09/11/2000,MAF,TX,ASW,CE,Towers with Radar,33,41,12,35,121,0,2,12,0,14,33,43,24,35,135,36,198,234,369
09/12/2000,MAF,TX,ASW,CE,Towers with Radar,30,33,28,7,98,0,6,27,0,33,30,39,55,7,131,30,138,168,299
09/13/2000,MAF,TX,ASW,CE,Towers with Radar,35,40,27,23,125,1,4,21,0,26,36,44,48,23,151,8,184,192,343
09/14/2000,MAF,TX,ASW,CE,Towers with Radar,34,41,46,22,143,0,0,14,0,14,34,41,60,22,157,22,358,380,537
09/15/2000,MAF,TX,ASW,CE,Towers with Radar,31,39,26,25,121,0,6,31,0,37,31,45,57,25,158,6,182,188,346
09/16/2000,MAF,TX,ASW,CE,Towers with Radar,24,25,13,3,65,1,0,16,0,17,25,25,29,3,82,32,0,32,114
09/17/2000,MAF,TX,ASW,CE,Towers with Radar,27,22,12,12,73,1,0,33,0,34,28,22,45,12,107,12,40,52,159
09/18/2000,MAF,TX,ASW,CE,Towers with Radar,33,36,15,17,101,1,3,34,0,38,34,39,49,17,139,34,188,222,361
09/19/2000,MAF,TX,ASW,CE,Towers with Radar,34,40,28,22,124,0,0,22,0,22,34,40,50,22,146,18,124,142,288
09/20/2000,MAF,TX,ASW,CE,Towers with Radar,32,40,36,17,125,0,1,19,0,20,32,41,55,17,145,8,140,148,293
09/21/2000,MAF,TX,ASW,CE,Towers with Radar,29,39,29,21,118,0,0,27,0,27,29,39,56,21,145,18,252,270,415
09/22/2000,MAF,TX,ASW,CE,Towers with Radar,32,39,42,26,139,0,4,14,0,18,32,43,56,26,157,6,198,204,361
09/23/2000,MAF,TX,ASW,CE,Towers with Radar,28,23,26,10,87,0,0,15,0,15,28,23,41,10,102,46,10,56,158
09/24/2000,MAF,TX,ASW,CE,Towers with Radar,26,24,23,16,89,0,0,11,0,11,26,24,34,16,100,0,58,58,158
09/25/2000,MAF,TX,ASW,CE,Towers with Radar,32,34,29,17,112,0,1,14,0,15,32,35,43,17,127,34,246,280,407
09/26/2000,MAF,TX,ASW,CE,Towers with Radar,33,44,24,11,112,1,0,30,0,31,34,44,54,11,143,28,168,196,339
09/27/2000,MAF,TX,ASW,CE,Towers with Radar,31,35,24,17,107,2,5,26,0,33,33,40,50,17,140,38,112,150,290
09/28/2000,MAF,TX,ASW,CE,Towers with Radar,32,36,16,14,98,0,0,33,0,33,32,36,49,14,131,18,90,108,239
09/29/2000,MAF,TX,ASW,CE,Towers with Radar,31,35,23,1,90,3,4,50,0,57,34,39,73,1,147,16,18,34,181
09/30/2000,MAF,TX,ASW,CE,Towers with Radar,23,26,18,2,69,0,1,18,0,19,23,27,36,2,88,24,0,24,112
10/01/2000,MAF,TX,ASW,CE,Towers with Radar,17,19,17,8,61,13,5,2,0,20,30,24,19,8,81,0,10,10,91
10/02/2000,MAF,TX,ASW,CE,Towers with Radar,34,38,31,23,126,0,0,0,0,0,34,38,31,23,126,6,190,196,322
10/03/2000,MAF,TX,ASW,CE,Towers with Radar,32,39,14,18,103,1,1,34,0,36,33,40,48,18,139,26,218,244,383
10/04/2000,MAF,TX,ASW,CE,Towers with Radar,32,38,35,23,128,0,0,29,0,29,32,38,64,23,157,44,192,236,393
10/05/2000,MAF,TX,ASW,CE,Towers with Radar,32,38,28,12,110,0,4,115,12,131,32,42,143,24,241,38,16,54,295
10/06/2000,MAF,TX,ASW,CE,Towers with Radar,35,42,39,18,134,0,0,40,0,40,35,42,79,18,174,26,12,38,212
10/07/2000,MAF,TX,ASW,CE,Towers with Radar,24,24,12,3,63,1,1,42,0,44,25,25,54,3,107,10,2,12,119
10/08/2000,MAF,TX,ASW,CE,Towers with Radar,28,25,29,5,87,0,0,54,0,54,28,25,83,5,141,4,8,12,153
10/09/2000,MAF,TX,ASW,CE,Towers with Radar,18,22,19,15,74,15,16,65,0,96,33,38,84,15,170,26,12,38,208
10/10/2000,MAF,TX,ASW,CE,Towers with Radar,32,39,26,14,111,2,6,21,0,29,34,45,47,14,140,12,106,118,258
10/11/2000,MAF,TX,ASW,CE,Towers with Radar,32,39,36,17,124,0,1,20,0,21,32,40,56,17,145,12,188,200,345
10/12/2000,MAF,TX,ASW,CE,Towers with Radar,28,39,35,19,121,0,0,11,0,11,28,39,46,19,132,4,66,70,202
10/13/2000,MAF,TX,ASW,CE,Towers with Radar,35,43,40,18,136,0,0,0,0,0,35,43,40,18,136,48,98,146,282
10/14/2000,MAF,TX,ASW,CE,Towers with Radar,20,23,33,2,78,2,0,4,0,6,22,23,37,2,84,20,0,20,104
10/15/2000,MAF,TX,ASW,CE,Towers with Radar,29,20,20,2,71,1,2,3,0,6,30,22,23,2,77,22,0,22,99
10/16/2000,MAF,TX,ASW,CE,Towers with Radar,29,29,29,21,108,0,3,8,0,11,29,32,37,21,119,24,70,94,213
10/17/2000,MAF,TX,ASW,CE,Towers with Radar,29,38,22,10,99,0,3,0,0,3,29,41,22,10,102,6,92,98,200
10/18/2000,MAF,TX,ASW,CE,Towers with Radar,32,43,54,12,141,0,0,9,0,9,32,43,63,12,150,20,66,86,236
10/19/2000,MAF,TX,ASW,CE,Towers with Radar,33,40,41,14,128,0,0,26,0,26,33,40,67,14,154,6,86,92,246
10/20/2000,MAF,TX,ASW,CE,Towers with Radar,34,40,42,35,151,0,0,0,0,0,34,40,42,35,151,12,68,80,231
10/21/2000,MAF,TX,ASW,CE,Towers with Radar,23,21,24,10,78,1,5,0,9,15,24,26,24,19,93,18,24,42,135
10/22/2000,MAF,TX,ASW,CE,Towers with Radar,21,23,21,23,88,3,0,5,0,8,24,23,26,23,96,8,100,108,204
10/23/2000,MAF,TX,ASW,CE,Towers with Radar,29,28,14,26,97,0,0,0,0,0,29,28,14,26,97,6,80,86,183
10/24/2000,MAF,TX,ASW,CE,Towers with Radar,32,36,22,25,115,0,0,0,0,0,32,36,22,25,115,2,126,128,243
10/25/2000,MAF,TX,ASW,CE,Towers with Radar,33,37,37,27,134,0,0,7,0,7,33,37,44,27,141,6,88,94,235
10/26/2000,MAF,TX,ASW,CE,Towers with Radar,26,40,29,31,126,1,0,8,0,9,27,40,37,31,135,22,114,136,271
10/27/2000,MAF,TX,ASW,CE,Towers with Radar,35,39,29,17,120,0,0,0,0,0,35,39,29,17,120,8,78,86,206
10/28/2000,MAF,TX,ASW,CE,Towers with Radar,23,21,19,3,66,2,0,5,0,7,25,21,24,3,73,0,0,0,73
10/29/2000,MAF,TX,ASW,CE,Towers with Radar,30,23,34,6,93,0,0,13,0,13,30,23,47,6,106,8,2,10,116
10/30/2000,MAF,TX,ASW,CE,Towers with Radar,32,32,29,21,114,0,0,17,0,17,32,32,46,21,131,4,174,178,309
10/31/2000,MAF,TX,ASW,CE,Towers with Radar,32,34,16,13,95,0,2,12,0,14,32,36,28,13,109,18,28,46,155
11/01/2000,MAF,TX,ASW,CE,Towers with Radar,28,36,21,38,123,0,0,31,0,31,28,36,52,38,154,6,288,294,448
11/02/2000,MAF,TX,ASW,CE,Towers with Radar,29,37,22,39,127,0,5,24,0,29,29,42,46,39,156,6,308,314,470
11/03/2000,MAF,TX,ASW,CE,Towers with Radar,19,33,8,0,60,0,0,0,0,0,19,33,8,0,60,6,0,6,66
11/04/2000,MAF,TX,ASW,CE,Towers with Radar,29,15,14,0,58,0,9,0,0,9,29,24,14,0,67,4,10,14,81
11/05/2000,MAF,TX,ASW,CE,Towers with Radar,17,17,17,11,62,17,1,8,0,26,34,18,25,11,88,12,32,44,132
11/06/2000,MAF,TX,ASW,CE,Towers with Radar,31,31,35,34,131,0,0,10,0,10,31,31,45,34,141,22,266,288,429
11/07/2000,MAF,TX,ASW,CE,Towers with Radar,32,40,11,1,84,0,0,0,0,0,32,40,11,1,84,8,2,10,94
11/08/2000,MAF,TX,ASW,CE,Towers with Radar,29,37,33,13,112,0,1,0,0,1,29,38,33,13,113,36,244,280,393
11/09/2000,MAF,TX,ASW,CE,Towers with Radar,34,28,38,23,123,0,6,19,0,25,34,34,57,23,148,14,170,184,332
11/10/2000,MAF,TX,ASW,CE,Towers with Radar,30,40,32,8,110,0,4,24,0,28,30,44,56,8,138,20,2,22,160
11/11/2000,MAF,TX,ASW,CE,Towers with Radar,21,21,21,2,65,2,0,27,0,29,23,21,48,2,94,28,4,32,126
11/12/2000,MAF,TX,ASW,CE,Towers with Radar,23,11,22,3,59,7,0,33,0,40,30,11,55,3,99,30,0,30,129
11/13/2000,MAF,TX,ASW,CE,Towers with Radar,31,33,45,11,120,0,5,19,0,24,31,38,64,11,144,36,146,182,326
11/14/2000,MAF,TX,ASW,CE,Towers with Radar,26,37,35,21,119,0,4,7,0,11,26,41,42,21,130,24,100,124,254
11/15/2000,MAF,TX,ASW,CE,Towers with Radar,31,30,42,55,158,0,8,11,0,19,31,38,53,55,177,48,0,48,225
11/16/2000,MAF,TX,ASW,CE,Towers with Radar,34,41,34,59,168,0,0,0,0,0,34,41,34,59,168,18,458,476,644
11/17/2000,MAF,TX,ASW,CE,Towers with Radar,32,42,49,33,156,0,0,0,0,0,32,42,49,33,156,10,204,214,370
11/18/2000,MAF,TX,ASW,CE,Towers with Radar,18,27,8,1,54,0,1,0,0,1,18,28,8,1,55,0,0,0,55
11/19/2000,MAF,TX,ASW,CE,Towers with Radar,26,27,23,16,92,3,0,19,0,22,29,27,42,16,114,8,76,84,198
11/20/2000,MAF,TX,ASW,CE,Towers with Radar,27,35,17,28,107,3,5,29,0,37,30,40,46,28,144,20,100,120,264
11/21/2000,MAF,TX,ASW,CE,Towers with Radar,30,38,33,19,120,0,5,26,0,31,30,43,59,19,151,32,140,172,323
11/22/2000,MAF,TX,ASW,CE,Towers with Radar,32,41,35,15,123,0,3,9,0,12,32,44,44,15,135,24,126,150,285
11/23/2000,MAF,TX,ASW,CE,Towers with Radar,17,19,8,0,44,0,0,0,0,0,17,19,8,0,44,0,0,0,44
11/24/2000,MAF,TX,ASW,CE,Towers with Radar,15,25,5,4,49,1,0,21,0,22,16,25,26,4,71,0,6,6,77
11/25/2000,MAF,TX,ASW,CE,Towers with Radar,19,22,20,0,61,1,2,11,0,14,20,24,31,0,75,12,0,12,87
11/26/2000,MAF,TX,ASW,CE,Towers with Radar,16,20,17,2,55,12,8,27,0,47,28,28,44,2,102,4,8,12,114
11/27/2000,MAF,TX,ASW,CE,Towers with Radar,26,36,16,23,101,0,2,25,0,27,26,38,41,23,128,12,276,288,416
11/28/2000,MAF,TX,ASW,CE,Towers with Radar,29,40,33,20,122,0,5,27,0,32,29,45,60,20,154,12,182,194,348
11/29/2000,MAF,TX,ASW,CE,Towers with Radar,29,37,48,15,129,1,5,16,0,22,30,42,64,15,151,42,196,238,389
11/30/2000,MAF,TX,ASW,CE,Towers with Radar,29,39,29,34,131,0,0,12,0,12,29,39,41,34,143,8,192,200,343
12/01/2000,MAF,TX,ASW,CE,Towers with Radar,30,40,29,44,143,0,0,0,0,0,30,40,29,44,143,0,120,120,263
12/02/2000,MAF,TX,ASW,CE,Towers with Radar,18,30,11,3,62,2,0,21,0,23,20,30,32,3,85,24,20,44,129
12/03/2000,MAF,TX,ASW,CE,Towers with Radar,30,25,9,0,64,1,0,1,0,2,31,25,10,0,66,10,0,10,76
12/04/2000,MAF,TX,ASW,CE,Towers with Radar,31,46,27,12,116,0,0,4,0,4,31,46,31,12,120,4,14,18,138
12/05/2000,MAF,TX,ASW,CE,Towers with Radar,27,33,22,11,93,2,14,17,0,33,29,47,39,11,126,4,20,24,150
12/06/2000,MAF,TX,ASW,CE,Towers with Radar,29,41,33,34,137,1,0,22,0,23,30,41,55,34,160,0,136,136,296
12/07/2000,MAF,TX,ASW,CE,Towers with Radar,29,37,39,21,126,0,3,17,0,20,29,40,56,21,146,0,154,154,300
12/08/2000,MAF,TX,ASW,CE,Towers with Radar,30,37,29,27,123,0,0,13,0,13,30,37,42,27,136,2,122,124,260
12/09/2000,MAF,TX,ASW,CE,Towers with Radar,18,20,29,7,74,1,0,10,0,11,19,20,39,7,85,24,16,40,125
12/10/2000,MAF,TX,ASW,CE,Towers with Radar,28,27,31,13,99,0,3,4,0,7,28,30,35,13,106,18,4,22,128
12/11/2000,MAF,TX,ASW,CE,Towers with Radar,28,35,34,25,122,1,0,2,0,3,29,35,36,25,125,20,132,152,277
12/12/2000,MAF,TX,ASW,CE,Towers with Radar,30,38,14,0,82,0,0,3,0,3,30,38,17,0,85,6,0,6,91
12/13/2000,MAF,TX,ASW,CE,Towers with Radar,27,30,13,8,78,1,4,14,0,19,28,34,27,8,97,2,50,52,149
12/14/2000,MAF,TX,ASW,CE,Towers with Radar,29,44,40,63,176,0,0,9,2,11,29,44,49,65,187,28,430,458,645
12/15/2000,MAF,TX,ASW,CE,Towers with Radar,28,33,21,20,102,0,3,15,0,18,28,36,36,20,120,16,62,78,198
12/16/2000,MAF,TX,ASW,CE,Towers with Radar,20,24,25,5,74,0,0,14,1,15,20,24,39,6,89,2,4,6,95
12/17/2000,MAF,TX,ASW,CE,Towers with Radar,27,24,14,13,78,1,1,19,0,21,28,25,33,13,99,18,60,78,177
12/18/2000,MAF,TX,ASW,CE,Towers with Radar,33,37,35,27,132,0,0,10,0,10,33,37,45,27,142,20,200,220,362
12/19/2000,MAF,TX,ASW,CE,Towers with Radar,25,40,20,20,105,1,3,24,0,28,26,43,44,20,133,8,170,178,311
12/20/2000,MAF,TX,ASW,CE,Towers with Radar,21,25,16,25,87,6,14,29,0,49,27,39,45,25,136,28,174,202,338
12/21/2000,MAF,TX,ASW,CE,Towers with Radar,25,35,47,22,129,3,7,7,0,17,28,42,54,22,146,8,116,124,270
12/22/2000,MAF,TX,ASW,CE,Towers with Radar,23,28,17,0,68,6,17,28,0,51,29,45,45,0,119,16,0,16,135
12/23/2000,MAF,TX,ASW,CE,Towers with Radar,18,22,14,0,54,0,10,21,0,31,18,32,35,0,85,2,0,2,87
12/24/2000,MAF,TX,ASW,CE,Towers with Radar,7,9,5,0,21,8,0,0,0,8,15,9,5,0,29,0,0,0,29
12/25/2000,MAF,TX,ASW,CE,Towers with Radar,19,1,2,0,22,0,0,0,0,0,19,1,2,0,22,0,0,0,22
12/26/2000,MAF,TX,ASW,CE,Towers with Radar,29,28,8,0,65,0,3,2,0,5,29,31,10,0,70,0,0,0,70
12/27/2000,MAF,TX,ASW,CE,Towers with Radar,29,37,31,0,97,1,0,3,0,4,30,37,34,0,101,14,0,14,115
12/28/2000,MAF,TX,ASW,CE,Towers with Radar,25,30,20,0,75,6,7,31,0,44,31,37,51,0,119,38,2,40,159
12/29/2000,MAF,TX,ASW,CE,Towers with Radar,29,37,23,6,95,0,0,21,0,21,29,37,44,6,116,54,8,62,178
12/30/2000,MAF,TX,ASW,CE,Towers with Radar,14,17,11,0,42,5,10,20,0,35,19,27,31,0,77,20,0,20,97
12/31/2000,MAF,TX,ASW,CE,Towers with Radar,11,13,8,0,32,12,6,21,0,39,23,19,29,0,71,2,0,2,73
01/01/2001,MAF,TX,ASW,CE,Towers with Radar,22,15,14,0,51,0,0,5,0,5,22,15,19,0,56,10,0,10,66
01/02/2001,MAF,TX,ASW,CE,Towers with Radar,30,35,10,1,76,0,0,7,2,9,30,35,17,3,85,0,0,0,85
01/03/2001,MAF,TX,ASW,CE,Towers with Radar,28,39,35,6,108,0,0,31,0,31,28,39,66,6,139,24,146,170,309
01/04/2001,MAF,TX,ASW,CE,Towers with Radar,29,36,16,44,125,0,0,22,0,22,29,36,38,44,147,4,370,374,521
01/05/2001,MAF,TX,ASW,CE,Towers with Radar,30,43,18,23,114,0,0,33,0,33,30,43,51,23,147,28,172,200,347
01/06/2001,MAF,TX,ASW,CE,Towers with Radar,21,26,29,2,78,0,0,12,0,12,21,26,41,2,90,4,0,4,94
01/07/2001,MAF,TX,ASW,CE,Towers with Radar,15,22,10,12,59,14,0,12,0,26,29,22,22,12,85,4,14,18,103
01/08/2001,MAF,TX,ASW,CE,Towers with Radar,31,32,30,9,102,0,0,0,0,0,31,32,30,9,102,32,132,164,266
01/09/2001,MAF,TX,ASW,CE,Towers with Radar,29,37,21,32,119,0,0,12,0,12,29,37,33,32,131,8,204,212,343
01/10/2001,MAF,TX,ASW,CE,Towers with Radar,31,35,14,16,96,0,0,12,0,12,31,35,26,16,108,0,124,124,232
01/11/2001,MAF,TX,ASW,CE,Towers with Radar,29,40,29,26,124,0,0,7,0,7,29,40,36,26,131,20,248,268,399
01/12/2001,MAF,TX,ASW,CE,Towers with Radar,30,42,26,65,163,0,0,3,164,167,30,42,29,229,330,10,148,158,488
01/13/2001,MAF,TX,ASW,CE,Towers with Radar,23,26,12,9,70,1,0,6,0,7,24,26,18,9,77,8,34,42,119
01/14/2001,MAF,TX,ASW,CE,Towers with Radar,16,19,10,6,51,12,0,22,0,34,28,19,32,6,85,14,10,24,109
01/15/2001,MAF,TX,ASW,CE,Towers with Radar,32,27,29,11,99,0,0,19,0,19,32,27,48,11,118,6,16,22,140
01/16/2001,MAF,TX,ASW,CE,Towers with Radar,31,35,30,16,112,0,0,2,0,2,31,35,32,16,114,0,30,30,144
01/17/2001,MAF,TX,ASW,CE,Towers with Radar,30,37,21,3,91,0,0,3,0,3,30,37,24,3,94,0,4,4,98
01/18/2001,MAF,TX,ASW,CE,Towers with Radar,23,39,17,2,81,8,3,7,0,18,31,42,24,2,99,0,42,42,141
01/19/2001,MAF,TX,ASW,CE,Towers with Radar,32,39,46,61,178,1,0,9,0,10,33,39,55,61,188,22,290,312,500
01/20/2001,MAF,TX,ASW,CE,Towers with Radar,19,25,10,14,68,0,0,25,0,25,19,25,35,14,93,28,40,68,161
01/21/2001,MAF,TX,ASW,CE,Towers with Radar,24,18,19,39,100,3,0,37,0,40,27,18,56,39,140,6,52,58,198
01/22/2001,MAF,TX,ASW,CE,Towers with Radar,33,28,28,21,110,0,0,12,0,12,33,28,40,21,122,4,216,220,342
01/23/2001,MAF,TX,ASW,CE,Towers with Radar,31,39,13,19,102,0,0,13,0,13,31,39,26,19,115,14,82,96,211
01/24/2001,MAF,TX,ASW,CE,Towers with Radar,31,42,37,27,137,0,0,14,0,14,31,42,51,27,151,18,212,230,381
01/25/2001,MAF,TX,ASW,CE,Towers with Radar,28,40,35,21,124,0,0,2,0,2,28,40,37,21,126,6,78,84,210
01/26/2001,MAF,TX,ASW,CE,Towers with Radar,26,40,44,17,127,0,0,6,0,6,26,40,50,17,133,24,70,94,227
01/27/2001,MAF,TX,ASW,CE,Towers with Radar,11,20,8,0,39,9,8,4,0,21,20,28,12,0,60,4,0,4,64
01/28/2001,MAF,TX,ASW,CE,Towers with Radar,12,21,8,0,41,13,3,3,0,19,25,24,11,0,60,2,0,2,62
01/29/2001,MAF,TX,ASW,CE,Towers with Radar,30,32,36,31,129,0,0,10,0,10,30,32,46,31,139,14,234,248,387
01/30/2001,MAF,TX,ASW,CE,Towers with Radar,31,35,33,19,118,0,0,0,0,0,31,35,33,19,118,12,142,154,272
01/31/2001,MAF,TX,ASW,CE,Towers with Radar,33,37,24,35,129,0,0,21,0,21,33,37,45,35,150,10,246,256,406
02/01/2001,MAF,TX,ASW,CE,Towers with Radar,30,29,20,25,104,1,6,29,0,36,31,35,49,25,140,28,172,200,340
02/02/2001,MAF,TX,ASW,CE,Towers with Radar,32,35,38,30,135,1,6,10,0,17,33,41,48,30,152,12,144,156,308
02/03/2001,MAF,TX,ASW,CE,Towers with Radar,18,26,6,4,54,0,0,23,1,24,18,26,29,5,78,36,0,36,114
02/04/2001,MAF,TX,ASW,CE,Towers with Radar,16,17,16,16,65,8,2,13,0,23,24,19,29,16,88,22,34,56,144
02/05/2001,MAF,TX,ASW,CE,Towers with Radar,33,25,9,26,93,0,1,34,0,35,33,26,43,26,128,40,144,184,312
02/06/2001,MAF,TX,ASW,CE,Towers with Radar,29,32,16,26,103,0,7,19,0,26,29,39,35,26,129,8,144,152,281
02/07/2001,MAF,TX,ASW,CE,Towers with Radar,29,38,29,67,163,0,7,23,0,30,29,45,52,67,193,34,134,168,361
02/08/2001,MAF,TX,ASW,CE,Towers with Radar,29,32,26,48,135,0,3,0,0,3,29,35,26,48,138,0,190,190,328
02/09/2001,MAF,TX,ASW,CE,Towers with Radar,31,39,53,38,161,0,3,4,0,7,31,42,57,38,168,52,256,308,476
02/10/2001,MAF,TX,ASW,CE,Towers with Radar,19,20,30,16,85,0,0,9,0,9,19,20,39,16,94,12,94,106,200
02/11/2001,MAF,TX,ASW,CE,Towers with Radar,22,19,21,20,82,1,0,20,0,21,23,19,41,20,103,20,32,52,155
02/12/2001,MAF,TX,ASW,CE,Towers with Radar,30,27,37,31,125,0,0,3,0,3,30,27,40,31,128,12,194,206,334
02/13/2001,MAF,TX,ASW,CE,Towers with Radar,30,29,35,34,128,0,0,10,0,10,30,29,45,34,138,12,88,100,238
02/14/2001,MAF,TX,ASW,CE,Towers with Radar,28,36,27,34,125,2,0,11,0,13,30,36,38,34,138,30,88,118,256
02/15/2001,MAF,TX,ASW,CE,Towers with Radar,26,35,37,7,105,0,3,0,0,3,26,38,37,7,108,28,10,38,146
02/16/2001,MAF,TX,ASW,CE,Towers with Radar,28,38,47,71,184,0,0,18,0,18,28,38,65,71,202,16,124,140,342
02/17/2001,MAF,TX,ASW,CE,Towers with Radar,20,22,23,1,66,0,0,28,0,28,20,22,51,1,94,38,4,42,136
02/18/2001,MAF,TX,ASW,CE,Towers with Radar,14,17,14,1,46,11,5,36,0,52,25,22,50,1,98,46,0,46,144
02/19/2001,MAF,TX,ASW,CE,Towers with Radar,31,28,28,9,96,0,3,13,1,17,31,31,41,10,113,18,2,20,133
02/20/2001,MAF,TX,ASW,CE,Towers with Radar,27,38,50,72,187,0,0,25,0,25,27,38,75,72,212,56,208,264,476
02/21/2001,MAF,TX,ASW,CE,Towers with Radar,27,34,24,50,135,1,0,11,0,12,28,34,35,50,147,8,184,192,339
02/22/2001,MAF,TX,ASW,CE,Towers with Radar,25,32,30,0,87,0,2,3,0,5,25,34,33,0,92,0,0,0,92
02/23/2001,MAF,TX,ASW,CE,Towers with Radar,36,41,25,11,113,0,3,0,0,3,36,44,25,11,116,0,44,44,160
02/24/2001,MAF,TX,ASW,CE,Towers with Radar,16,23,14,9,62,1,2,5,0,8,17,25,19,9,70,0,14,14,84
02/25/2001,MAF,TX,ASW,CE,Towers with Radar,25,17,39,13,94,1,0,6,0,7,26,17,45,13,101,80,38,118,219
02/26/2001,MAF,TX,ASW,CE,Towers with Radar,27,28,34,52,141,0,0,0,0,0,27,28,34,52,141,4,248,252,393
02/27/2001,MAF,TX,ASW,CE,Towers with Radar,32,27,27,48,134,0,0,6,0,6,32,27,33,48,140,6,18,24,164
02/28/2001,MAF,TX,ASW,CE,Towers with Radar,29,35,25,2,91,0,0,1,0,1,29,35,26,2,92,0,0,0,92
03/01/2001,MAF,TX,ASW,CE,Towers with Radar,26,34,36,36,132,0,0,6,0,6,26,34,42,36,138,0,194,194,332
03/02/2001,MAF,TX,ASW,CE,Towers with Radar,30,37,29,22,118,0,0,10,0,10,30,37,39,22,128,2,154,156,284
03/03/2001,MAF,TX,ASW,CE,Towers with Radar,18,24,16,11,69,0,0,3,0,3,18,24,19,11,72,6,56,62,134
03/04/2001,MAF,TX,ASW,CE,Towers with Radar,19,22,18,8,67,5,2,24,0,31,24,24,42,8,98,20,66,86,184
03/05/2001,MAF,TX,ASW,CE,Towers with Radar,30,30,18,44,122,0,0,37,0,37,30,30,55,44,159,2,64,66,225
03/06/2001,MAF,TX,ASW,CE,Towers with Radar,29,35,31,54,149,0,0,16,0,16,29,35,47,54,165,36,160,196,361
03/07/2001,MAF,TX,ASW,CE,Towers with Radar,30,41,36,30,137,0,3,14,0,17,30,44,50,30,154,40,190,230,384
03/08/2001,MAF,TX,ASW,CE,Towers with Radar,30,35,31,31,127,1,6,1,0,8,31,41,32,31,135,8,190,198,333
03/09/2001,MAF,TX,ASW,CE,Towers with Radar,30,41,66,46,183,0,0,0,0,0,30,41,66,46,183,26,256,282,465
03/10/2001,MAF,TX,ASW,CE,Towers with Radar,19,24,26,2,71,0,0,16,1,17,19,24,42,3,88,48,0,48,136
03/11/2001,MAF,TX,ASW,CE,Towers with Radar,25,23,27,14,89,2,0,9,3,14,27,23,36,17,103,18,12,30,133
03/12/2001,MAF,TX,ASW,CE,Towers with Radar,27,30,21,46,124,0,0,14,0,14,27,30,35,46,138,14,126,140,278
03/13/2001,MAF,TX,ASW,CE,Towers with Radar,30,37,37,53,157,0,0,16,0,16,30,37,53,53,173,28,146,174,347
03/14/2001,MAF,TX,ASW,CE,Towers with Radar,28,34,20,76,158,0,6,10,0,16,28,40,30,76,174,16,54,70,244
03/15/2001,MAF,TX,ASW,CE,Towers with Radar,27,38,33,90,188,0,1,9,0,10,27,39,42,90,198,2,172,174,372
03/16/2001,MAF,TX,ASW,CE,Towers with Radar,30,36,18,60,144,0,5,39,0,44,30,41,57,60,188,26,200,226,414
03/17/2001,MAF,TX,ASW,CE,Towers with Radar,20,24,17,17,78,0,1,19,1,21,20,25,36,18,99,2,14,16,115
03/18/2001,MAF,TX,ASW,CE,Towers with Radar,24,21,36,8,89,0,0,8,0,8,24,21,44,8,97,8,2,10,107
03/19/2001,MAF,TX,ASW,CE,Towers with Radar,28,31,26,39,124,0,0,22,0,22,28,31,48,39,146,2,44,46,192
03/20/2001,MAF,TX,ASW,CE,Towers with Radar,25,33,28,58,144,7,5,40,0,52,32,38,68,58,196,10,260,270,466
03/21/2001,MAF,TX,ASW,CE,Towers with Radar,29,34,33,69,165,0,2,40,0,42,29,36,73,69,207,0,40,40,247
03/22/2001,MAF,TX,ASW,CE,Towers with Radar,28,36,32,71,167,4,3,12,23,42,32,39,44,94,209,12,188,200,409
03/23/2001,MAF,TX,ASW,CE,Towers with Radar,28,41,39,50,158,0,0,18,0,18,28,41,57,50,176,38,116,154,330
03/24/2001,MAF,TX,ASW,CE,Towers with Radar,15,24,20,7,66,0,1,3,0,4,15,25,23,7,70,4,4,8,78
03/25/2001,MAF,TX,ASW,CE,Towers with Radar,24,22,25,31,102,0,0,16,0,16,24,22,41,31,118,2,18,20,138
03/26/2001,MAF,TX,ASW,CE,Towers with Radar,29,31,17,19,96,0,0,0,0,0,29,31,17,19,96,0,6,6,102
03/27/2001,MAF,TX,ASW,CE,Towers with Radar,14,18,16,1,49,12,15,15,0,42,26,33,31,1,91,10,0,10,101
03/28/2001,MAF,TX,ASW,CE,Towers with Radar,25,33,28,51,137,5,2,4,0,11,30,35,32,51,148,0,68,68,216
03/29/2001,MAF,TX,ASW,CE,Towers with Radar,27,47,33,56,163,1,0,17,0,18,28,47,50,56,181,2,64,66,247
03/30/2001,MAF,TX,ASW,CE,Towers with Radar,29,34,52,62,177,3,0,12,0,15,32,34,64,62,192,2,92,94,286
03/31/2001,MAF,TX,ASW,CE,Towers with Radar,18,25,34,50,127,0,0,4,0,4,18,25,38,50,131,10,12,22,153
04/01/2001,MAF,TX,ASW,CE,Towers with Radar,17,20,17,15,69,7,0,14,0,21,24,20,31,15,90,4,2,6,96
04/02/2001,MAF,TX,ASW,CE,Towers with Radar,28,30,16,43,117,0,2,33,0,35,28,32,49,43,152,8,76,84,236
04/03/2001,MAF,TX,ASW,CE,Towers with Radar,28,31,36,103,198,0,6,5,6,17,28,37,41,109,215,4,96,100,315
04/04/2001,MAF,TX,ASW,CE,Towers with Radar,29,31,36,40,136,1,3,16,0,20,30,34,52,40,156,4,54,58,214
04/05/2001,MAF,TX,ASW,CE,Towers with Radar,26,41,45,62,174,0,0,6,0,6,26,41,51,62,180,4,40,44,224
04/06/2001,MAF,TX,ASW,CE,Towers with Radar,32,43,26,14,115,0,1,0,0,1,32,44,26,14,116,0,16,16,132
04/07/2001,MAF,TX,ASW,CE,Towers with Radar,18,21,17,20,76,0,5,48,0,53,18,26,65,20,129,18,4,22,151
04/08/2001,MAF,TX,ASW,CE,Towers with Radar,23,25,21,12,81,1,1,6,0,8,24,26,27,12,89,20,16,36,125
04/09/2001,MAF,TX,ASW,CE,Towers with Radar,24,31,25,65,145,0,2,39,0,41,24,33,64,65,186,22,148,170,356
04/10/2001,MAF,TX,ASW,CE,Towers with Radar,31,34,32,59,156,1,0,10,0,11,32,34,42,59,167,20,96,116,283
04/11/2001,MAF,TX,ASW,CE,Towers with Radar,25,39,33,67,164,0,0,25,14,39,25,39,58,81,203,8,250,258,461
04/12/2001,MAF,TX,ASW,CE,Towers with Radar,30,39,42,87,198,0,0,28,11,39,30,39,70,98,237,8,198,206,443
04/13/2001,MAF,TX,ASW,CE,Towers with Radar,31,31,23,8,93,0,0,5,0,5,31,31,28,8,98,48,32,80,178
04/14/2001,MAF,TX,ASW,CE,Towers with Radar,17,22,19,2,60,0,0,7,0,7,17,22,26,2,67,6,0,6,73
04/15/2001,MAF,TX,ASW,CE,Towers with Radar,23,24,19,5,71,1,0,17,3,21,24,24,36,8,92,2,0,2,94
04/16/2001,MAF,TX,ASW,CE,Towers with Radar,27,32,22,88,169,3,0,10,0,13,30,32,32,88,182,4,84,88,270
04/17/2001,MAF,TX,ASW,CE,Towers with Radar,26,36,32,26,120,0,1,5,0,6,26,37,37,26,126,14,78,92,218
04/18/2001,MAF,TX,ASW,CE,Towers with Radar,28,35,28,60,151,2,0,40,4,46,30,35,68,64,197,20,62,82,279
04/19/2001,MAF,TX,ASW,CE,Towers with Radar,28,34,21,31,114,0,0,39,0,39,28,34,60,31,153,40,42,82,235
04/20/2001,MAF,TX,ASW,CE,Towers with Radar,30,38,27,68,163,0,0,35,0,35,30,38,62,68,198,0,190,190,388
04/21/2001,MAF,TX,ASW,CE,Towers with Radar,17,21,13,13,64,0,3,8,0,11,17,24,21,13,75,8,6,14,89
04/22/2001,MAF,TX,ASW,CE,Towers with Radar,16,20,15,15,66,9,4,9,0,22,25,24,24,15,88,0,4,4,92
04/23/2001,MAF,TX,ASW,CE,Towers with Radar,29,30,17,68,144,0,1,18,0,19,29,31,35,68,163,0,118,118,281
04/24/2001,MAF,TX,ASW,CE,Towers with Radar,29,35,35,59,158,0,0,14,0,14,29,35,49,59,172,16,108,124,296
04/25/2001,MAF,TX,ASW,CE,Towers with Radar,26,33,27,42,128,0,0,31,0,31,26,33,58,42,159,12,84,96,255
04/26/2001,MAF,TX,ASW,CE,Towers with Radar,29,40,29,32,130,1,3,27,0,31,30,43,56,32,161,12,182,194,355
04/27/2001,MAF,TX,ASW,CE,Towers with Radar,34,36,35,69,174,0,0,15,0,15,34,36,50,69,189,16,88,104,293
04/28/2001,MAF,TX,ASW,CE,Towers with Radar,18,24,28,2,72,0,3,23,0,26,18,27,51,2,98,12,0,12,110
04/29/2001,MAF,TX,ASW,CE,Towers with Radar,19,20,18,5,62,0,0,13,0,13,19,20,31,5,75,0,0,0,75
04/30/2001,MAF,TX,ASW,CE,Towers with Radar,28,33,29,9,99,0,1,15,0,16,28,34,44,9,115,0,8,8,123
05/01/2001,MAF,TX,ASW,CE,Towers with Radar,20,24,27,5,76,8,14,8,0,30,28,38,35,5,106,16,2,18,124
05/02/2001,MAF,TX,ASW,CE,Towers with Radar,26,37,39,10,112,0,0,0,0,0,26,37,39,10,112,8,0,8,120
05/03/2001,MAF,TX,ASW,CE,Towers with Radar,30,47,41,6,124,0,2,5,6,13,30,49,46,12,137,30,0,30,167
05/04/2001,MAF,TX,ASW,CE,Towers with Radar,18,23,26,16,83,15,9,4,0,28,33,32,30,16,111,12,0,12,123
05/05/2001,MAF,TX,ASW,CE,Towers with Radar,18,32,38,3,91,0,0,0,2,2,18,32,38,5,93,22,0,22,115
05/06/2001,MAF,TX,ASW,CE,Towers with Radar,24,22,17,11,74,1,2,11,0,14,25,24,28,11,88,8,10,18,106
05/07/2001,MAF,TX,ASW,CE,Towers with Radar,34,37,42,45,158,0,0,0,29,29,34,37,42,74,187,4,208,212,399
05/08/2001,MAF,TX,ASW,CE,Towers with Radar,30,36,36,38,140,1,4,13,0,18,31,40,49,38,158,14,132,146,304
05/09/2001,MAF,TX,ASW,CE,Towers with Radar,28,41,46,52,167,0,2,27,0,29,28,43,73,52,196,0,88,88,284
05/10/2001,MAF,TX,ASW,CE,Towers with Radar,29,35,34,46,144,0,6,14,0,20,29,41,48,46,164,16,260,276,440
05/11/2001,MAF,TX,ASW,CE,Towers with Radar,30,36,20,13,99,0,2,19,0,21,30,38,39,13,120,0,44,44,164
05/12/2001,MAF,TX,ASW,CE,Towers with Radar,17,22,17,3,59,0,1,31,0,32,17,23,48,3,91,52,0,52,143
05/13/2001,MAF,TX,ASW,CE,Towers with Radar,14,18,21,15,68,10,6,11,0,27,24,24,32,15,95,32,0,32,127
05/14/2001,MAF,TX,ASW,CE,Towers with Radar,29,34,48,54,165,0,0,7,4,11,29,34,55,58,176,8,52,60,236
05/15/2001,MAF,TX,ASW,CE,Towers with Radar,31,38,24,32,125,0,6,13,0,19,31,44,37,32,144,2,108,110,254
05/16/2001,MAF,TX,ASW,CE,Towers with Radar,26,41,42,35,144,0,0,28,0,28,26,41,70,35,172,16,112,128,300
05/17/2001,MAF,TX,ASW,CE,Towers with Radar,29,38,24,29,120,0,4,26,0,30,29,42,50,29,150,6,108,114,264
05/18/2001,MAF,TX,ASW,CE,Towers with Radar,30,40,48,49,167,0,0,6,5,11,30,40,54,54,178,6,154,160,338
05/19/2001,MAF,TX,ASW,CE,Towers with Radar,20,26,16,0,62,0,3,4,1,8,20,29,20,1,70,0,0,0,70
05/20/2001,MAF,TX,ASW,CE,Towers with Radar,25,25,20,7,77,0,0,14,2,16,25,25,34,9,93,6,0,6,99
05/21/2001,MAF,TX,ASW,CE,Towers with Radar,28,36,24,21,109,0,0,9,0,9,28,36,33,21,118,20,38,58,176
05/22/2001,MAF,TX,ASW,CE,Towers with Radar,32,38,27,47,144,0,0,38,0,38,32,38,65,47,182,14,142,156,338
05/23/2001,MAF,TX,ASW,CE,Towers with Radar,27,31,30,35,123,0,9,37,0,46,27,40,67,35,169,32,110,142,311
05/24/2001,MAF,TX,ASW,CE,Towers with Radar,31,36,32,39,138,0,1,31,0,32,31,37,63,39,170,4,148,152,322
05/25/2001,MAF,TX,ASW,CE,Towers with Radar,30,37,45,7,119,0,3,21,1,25,30,40,66,8,144,26,0,26,170
05/26/2001,MAF,TX,ASW,CE,Towers with Radar,14,16,18,4,52,3,9,19,0,31,17,25,37,4,83,2,0,2,85
05/27/2001,MAF,TX,ASW,CE,Towers with Radar,19,19,19,0,57,0,5,5,0,10,19,24,24,0,67,0,0,0,67
05/28/2001,MAF,TX,ASW,CE,Towers with Radar,19,21,24,20,84,9,1,13,0,23,28,22,37,20,107,4,10,14,121
05/29/2001,MAF,TX,ASW,CE,Towers with Radar,28,38,31,33,130,0,0,15,0,15,28,38,46,33,145,8,154,162,307
05/30/2001,MAF,TX,ASW,CE,Towers with Radar,32,33,36,14,115,0,6,11,0,17,32,39,47,14,132,6,24,30,162
05/31/2001,MAF,TX,ASW,CE,Towers with Radar,30,36,24,27,117,0,3,10,0,13,30,39,34,27,130,4,154,158,288
06/01/2001,MAF,TX,ASW,CE,Towers with Radar,26,36,24,29,115,4,3,14,0,21,30,39,38,29,136,0,146,146,282
06/02/2001,MAF,TX,ASW,CE,Towers with Radar,16,23,20,4,63,2,3,13,0,18,18,26,33,4,81,6,0,6,87
06/03/2001,MAF,TX,ASW,CE,Towers with Radar,24,21,10,12,67,2,0,19,3,24,26,21,29,15,91,0,2,2,93
06/04/2001,MAF,TX,ASW,CE,Towers with Radar,28,30,26,53,137,0,3,9,0,12,28,33,35,53,149,16,50,66,215
06/05/2001,MAF,TX,ASW,CE,Towers with Radar,29,38,28,28,123,1,7,25,0,33,30,45,53,28,156,20,88,108,264
06/06/2001,MAF,TX,ASW,CE,Towers with Radar,32,37,34,48,151,0,3,22,0,25,32,40,56,48,176,12,124,136,312
06/07/2001,MAF,TX,ASW,CE,Towers with Radar,31,36,25,43,135,0,5,25,0,30,31,41,50,43,165,18,206,224,389
06/08/2001,MAF,TX,ASW,CE,Towers with Radar,30,35,38,49,152,0,0,0,0,0,30,35,38,49,152,36,90,126,278
06/09/2001,MAF,TX,ASW,CE,Towers with Radar,16,18,15,14,63,0,0,23,0,23,16,18,38,14,86,38,74,112,198
06/10/2001,MAF,TX,ASW,CE,Towers with Radar,30,23,19,19,91,0,3,17,0,20,30,26,36,19,111,18,2,20,131
06/11/2001,MAF,TX,ASW,CE,Towers with Radar,31,29,16,33,109,0,5,22,0,27,31,34,38,33,136,0,74,74,210
06/12/2001,MAF,TX,ASW,CE,Towers with Radar,31,39,30,15,115,0,1,25,0,26,31,40,55,15,141,12,12,24,165
06/13/2001,MAF,TX,ASW,CE,Towers with Radar,29,32,15,15,91,0,2,34,0,36,29,34,49,15,127,38,144,182,309
06/14/2001,MAF,TX,ASW,CE,Towers with Radar,29,31,29,47,136,0,2,20,0,22,29,33,49,47,158,72,152,224,382
06/15/2001,MAF,TX,ASW,CE,Towers with Radar,30,31,23,41,125,0,3,43,0,46,30,34,66,41,171,8,150,158,329
06/16/2001,MAF,TX,ASW,CE,Towers with Radar,21,21,2,1,45,1,2,28,0,31,22,23,30,1,76,10,4,14,90
06/17/2001,MAF,TX,ASW,CE,Towers with Radar,29,23,12,26,90,1,1,17,0,19,30,24,29,26,109,10,12,22,131
06/18/2001,MAF,TX,ASW,CE,Towers with Radar,26,28,28,24,106,6,4,27,0,37,32,32,55,24,143,2,118,120,263
06/19/2001,MAF,TX,ASW,CE,Towers with Radar,28,35,27,18,108,0,0,17,0,17,28,35,44,18,125,12,106,118,243
06/20/2001,MAF,TX,ASW,CE,Towers with Radar,22,23,16,14,75,8,16,42,0,66,30,39,58,14,141,10,102,112,253
06/21/2001,MAF,TX,ASW,CE,Towers with Radar,30,34,13,34,111,2,3,21,0,26,32,37,34,34,137,12,124,136,273
06/22/2001,MAF,TX,ASW,CE,Towers with Radar,32,35,22,41,130,0,3,25,0,28,32,38,47,41,158,16,124,140,298
06/23/2001,MAF,TX,ASW,CE,Towers with Radar,23,20,23,3,69,0,4,11,0,15,23,24,34,3,84,30,2,32,116
06/24/2001,MAF,TX,ASW,CE,Towers with Radar,29,19,21,14,83,0,6,19,0,25,29,25,40,14,108,10,16,26,134
06/25/2001,MAF,TX,ASW,CE,Towers with Radar,34,28,15,52,129,0,7,9,0,16,34,35,24,52,145,2,166,168,313
06/26/2001,MAF,TX,ASW,CE,Towers with Radar,32,33,21,33,119,0,2,43,0,45,32,35,64,33,164,10,98,108,272
06/27/2001,MAF,TX,ASW,CE,Towers with Radar,30,31,19,41,121,0,5,33,0,38,30,36,52,41,159,10,52,62,221
06/28/2001,MAF,TX,ASW,CE,Towers with Radar,30,37,28,63,158,2,0,39,0,41,32,37,67,63,199,16,208,224,423
06/29/2001,MAF,TX,ASW,CE,Towers with Radar,33,38,23,50,144,0,0,34,0,34,33,38,57,50,178,0,130,130,308
06/30/2001,MAF,TX,ASW,CE,Towers with Radar,23,19,15,9,66,0,1,24,0,25,23,20,39,9,91,12,46,58,149
07/01/2001,MAF,TX,ASW,CE,Towers with Radar,29,25,25,39,118,1,198,6,0,205,30,223,31,39,323,0,42,42,365
07/02/2001,MAF,TX,ASW,CE,Towers with Radar,31,28,29,36,124,0,0,19,0,19,31,28,48,36,143,0,28,28,171
07/03/2001,MAF,TX,ASW,CE,Towers with Radar,32,27,18,41,118,0,8,26,0,34,32,35,44,41,152,4,90,94,246
07/04/2001,MAF,TX,ASW,CE,Towers with Radar,19,14,7,0,40,1,3,31,0,35,20,17,38,0,75,22,0,22,97
07/05/2001,MAF,TX,ASW,CE,Towers with Radar,29,34,16,0,79,0,2,24,5,31,29,36,40,5,110,2,0,2,112
07/06/2001,MAF,TX,ASW,CE,Towers with Radar,32,32,24,43,131,0,3,17,0,20,32,35,41,43,151,4,80,84,235
07/07/2001,MAF,TX,ASW,CE,Towers with Radar,21,23,17,3,64,2,0,26,0,28,23,23,43,3,92,2,0,2,94
07/08/2001,MAF,TX,ASW,CE,Towers with Radar,26,20,19,23,88,0,0,12,0,12,26,20,31,23,100,0,0,0,100
07/09/2001,MAF,TX,ASW,CE,Towers with Radar,28,29,15,39,111,0,4,26,4,34,28,33,41,43,145,0,188,188,333
07/10/2001,MAF,TX,ASW,CE,Towers with Radar,29,32,28,33,122,1,2,19,0,22,30,34,47,33,144,12,96,108,252
07/11/2001,MAF,TX,ASW,CE,Towers with Radar,30,35,31,23,119,0,6,24,0,30,30,41,55,23,149,12,76,88,237
07/12/2001,MAF,TX,ASW,CE,Towers with Radar,30,30,32,25,117,0,6,51,0,57,30,36,83,25,174,2,132,134,308
07/13/2001,MAF,TX,ASW,CE,Towers with Radar,32,35,31,28,126,1,3,21,0,25,33,38,52,28,151,2,94,96,247
07/14/2001,MAF,TX,ASW,CE,Towers with Radar,19,20,15,7,61,3,5,37,0,45,22,25,52,7,106,6,0,6,112
07/15/2001,MAF,TX,ASW,CE,Towers with Radar,30,23,24,11,88,0,2,25,0,27,30,25,49,11,115,10,6,16,131
07/16/2001,MAF,TX,ASW,CE,Towers with Radar,28,30,25,43,126,0,4,14,0,18,28,34,39,43,144,4,106,110,254
07/17/2001,MAF,TX,ASW,CE,Towers with Radar,31,30,20,51,132,0,6,16,0,22,31,36,36,51,154,0,148,148,302
07/18/2001,MAF,TX,ASW,CE,Towers with Radar,29,36,17,49,131,0,0,20,0,20,29,36,37,49,151,0,218,218,369
07/19/2001,MAF,TX,ASW,CE,Towers with Radar,30,29,16,30,105,0,9,20,0,29,30,38,36,30,134,2,114,116,250
07/20/2001,MAF,TX,ASW,CE,Towers with Radar,30,34,21,13,98,0,3,12,0,15,30,37,33,13,113,0,2,2,115
07/21/2001,MAF,TX,ASW,CE,Towers with Radar,11,11,8,0,30,11,13,13,0,37,22,24,21,0,67,0,0,0,67
07/22/2001,MAF,TX,ASW,CE,Towers with Radar,30,23,13,3,69,0,0,12,6,18,30,23,25,9,87,4,0,4,91
07/23/2001,MAF,TX,ASW,CE,Towers with Radar,31,26,18,26,101,0,10,27,0,37,31,36,45,26,138,2,140,142,280
07/24/2001,MAF,TX,ASW,CE,Towers with Radar,27,33,40,41,141,0,6,13,0,19,27,39,53,41,160,0,92,92,252
07/25/2001,MAF,TX,ASW,CE,Towers with Radar,30,39,30,43,142,0,0,34,0,34,30,39,64,43,176,2,202,204,380
07/26/2001,MAF,TX,ASW,CE,Towers with Radar,32,32,27,45,136,1,6,26,0,33,33,38,53,45,169,8,142,150,319
07/27/2001,MAF,TX,ASW,CE,Towers with Radar,32,38,33,27,130,0,0,9,0,9,32,38,42,27,139,0,102,102,241
07/28/2001,MAF,TX,ASW,CE,Towers with Radar,22,22,12,0,56,0,2,19,5,26,22,24,31,5,82,4,0,4,86
07/29/2001,MAF,TX,ASW,CE,Towers with Radar,30,24,17,12,83,3,0,19,0,22,33,24,36,12,105,10,26,36,141
07/30/2001,MAF,TX,ASW,CE,Towers with Radar,30,30,22,76,158,0,5,4,18,27,30,35,26,94,185,22,102,124,309
07/31/2001,MAF,TX,ASW,CE,Towers with Radar,30,32,18,52,132,0,5,26,8,39,30,37,44,60,171,20,190,210,381
08/01/2001,MAF,TX,ASW,CE,Towers with Radar,30,35,39,25,129,0,1,14,0,15,30,36,53,25,144,12,132,144,288
08/02/2001,MAF,TX,ASW,CE,Towers with Radar,31,37,27,30,125,0,0,24,0,24,31,37,51,30,149,2,150,152,301
08/03/2001,MAF,TX,ASW,CE,Towers with Radar,33,35,21,48,137,0,3,19,0,22,33,38,40,48,159,2,184,186,345
08/04/2001,MAF,TX,ASW,CE,Towers with Radar,23,21,19,24,87,0,3,16,4,23,23,24,35,28,110,24,24,48,158
08/05/2001,MAF,TX,ASW,CE,Towers with Radar,27,22,22,6,77,1,0,6,0,7,28,22,28,6,84,6,0,6,90
08/06/2001,MAF,TX,ASW,CE,Towers with Radar,31,29,12,51,123,0,6,5,0,11,31,35,17,51,134,0,96,96,230
08/07/2001,MAF,TX,ASW,CE,Towers with Radar,30,38,24,25,117,2,1,20,0,23,32,39,44,25,140,4,112,116,256
08/08/2001,MAF,TX,ASW,CE,Towers with Radar,31,35,29,29,124,0,0,24,0,24,31,35,53,29,148,20,120,140,288
08/09/2001,MAF,TX,ASW,CE,Towers with Radar,30,36,20,37,123,0,8,30,4,42,30,44,50,41,165,0,108,108,273
08/10/2001,MAF,TX,ASW,CE,Towers with Radar,31,34,32,35,132,0,3,28,0,31,31,37,60,35,163,10,24,34,197
08/11/2001,MAF,TX,ASW,CE,Towers with Radar,18,19,16,8,61,6,8,11,0,25,24,27,27,8,86,10,14,24,110
08/12/2001,MAF,TX,ASW,CE,Towers with Radar,29,24,21,11,85,0,0,20,0,20,29,24,41,11,105,22,10,32,137
08/13/2001,MAF,TX,ASW,CE,Towers with Radar,30,31,21,32,114,0,5,19,0,24,30,36,40,32,138,8,170,178,316
08/14/2001,MAF,TX,ASW,CE,Towers with Radar,31,34,11,27,103,0,5,22,0,27,31,39,33,27,130,24,188,212,342
08/15/2001,MAF,TX,ASW,CE,Towers with Radar,28,38,31,32,129,0,0,20,0,20,28,38,51,32,149,8,132,140,289
08/16/2001,MAF,TX,ASW,CE,Towers with Radar,21,22,17,8,68,6,12,12,0,30,27,34,29,8,98,16,34,50,148
08/17/2001,MAF,TX,ASW,CE,Towers with Radar,28,35,33,42,138,0,0,12,0,12,28,35,45,42,150,36,114,150,300
08/18/2001,MAF,TX,ASW,CE,Towers with Radar,21,25,21,1,68,0,0,19,1,20,21,25,40,2,88,30,0,30,118
08/19/2001,MAF,TX,ASW,CE,Towers with Radar,29,22,22,9,82,0,0,18,0,18,29,22,40,9,100,4,22,26,126
08/20/2001,MAF,TX,ASW,CE,Towers with Radar,32,30,15,35,112,0,3,35,0,38,32,33,50,35,150,12,154,166,316
08/21/2001,MAF,TX,ASW,CE,Towers with Radar,29,30,46,23,128,0,4,16,0,20,29,34,62,23,148,10,158,168,316
08/22/2001,MAF,TX,ASW,CE,Towers with Radar,32,33,21,43,129,0,3,21,0,24,32,36,42,43,153,4,122,126,279
08/23/2001,MAF,TX,ASW,CE,Towers with Radar,29,37,30,64,160,0,0,37,0,37,29,37,67,64,197,0,146,146,343
08/24/2001,MAF,TX,ASW,CE,Towers with Radar,30,33,23,30,116,0,5,24,0,29,30,38,47,30,145,6,120,126,271
08/25/2001,MAF,TX,ASW,CE,Towers with Radar,15,17,13,6,51,9,8,29,0,46,24,25,42,6,97,54,4,58,155
08/26/2001,MAF,TX,ASW,CE,Towers with Radar,30,23,24,11,88,1,0,9,1,11,31,23,33,12,99,8,8,16,115
08/27/2001,MAF,TX,ASW,CE,Towers with Radar,29,33,34,88,184,1,0,0,0,1,30,33,34,88,185,14,146,160,345
08/28/2001,MAF,TX,ASW,CE,Towers with Radar,29,40,20,119,208,0,0,11,1,12,29,40,31,120,220,0,146,146,366
08/29/2001,MAF,TX,ASW,CE,Towers with Radar,29,38,48,72,187,0,0,12,0,12,29,38,60,72,199,56,330,386,585
08/30/2001,MAF,TX,ASW,CE,Towers with Radar,27,36,26,48,137,0,0,0,0,0,27,36,26,48,137,10,128,138,275
08/31/2001,MAF,TX,ASW,CE,Towers with Radar,32,33,67,50,182,0,0,9,0,9,32,33,76,50,191,6,30,36,227
09/01/2001,MAF,TX,ASW,CE,Towers with Radar,12,16,24,6,58,8,4,17,0,29,20,20,41,6,87,0,4,4,91
09/02/2001,MAF,TX,ASW,CE,Towers with Radar,22,15,11,0,48,0,0,0,0,0,22,15,11,0,48,8,0,8,56
09/03/2001,MAF,TX,ASW,CE,Towers with Radar,31,19,29,6,85,0,1,0,4,5,31,20,29,10,90,0,0,0,90
09/04/2001,MAF,TX,ASW,CE,Towers with Radar,28,28,40,22,118,0,0,0,0,0,28,28,40,22,118,36,34,70,188
09/05/2001,MAF,TX,ASW,CE,Towers with Radar,32,46,59,34,171,0,0,5,1,6,32,46,64,35,177,24,86,110,287
09/06/2001,MAF,TX,ASW,CE,Towers with Radar,30,37,42,90,199,0,0,7,0,7,30,37,49,90,206,38,192,230,436
09/07/2001,MAF,TX,ASW,CE,Towers with Radar,31,33,47,58,169,1,1,0,0,2,32,34,47,58,171,26,166,192,363
09/08/2001,MAF,TX,ASW,CE,Towers with Radar,21,22,34,8,85,0,0,13,0,13,21,22,47,8,98,32,32,64,162
09/09/2001,MAF,TX,ASW,CE,Towers with Radar,26,21,29,32,108,0,5,0,0,5,26,26,29,32,113,14,14,28,141
09/10/2001,MAF,TX,ASW,CE,Towers with Radar,33,26,25,80,164,0,6,0,0,6,33,32,25,80,170,8,212,220,390
09/11/2001,MAF,TX,ASW,CE,Towers with Radar,4,5,15,0,24,1,4,7,0,12,5,9,22,0,36,0,0,0,36
09/12/2001,MAF,TX,ASW,CE,Towers with Radar,0,0,0,0,0,0,1,0,0,1,0,1,0,0,1,0,0,0,1
09/13/2001,MAF,TX,ASW,CE,Towers with Radar,2,24,3,9,38,0,3,0,0,3,2,27,3,9,41,0,98,98,139
09/14/2001,MAF,TX,ASW,CE,Towers with Radar,20,36,5,55,116,0,0,0,0,0,20,36,5,55,116,0,102,102,218
09/15/2001,MAF,TX,ASW,CE,Towers with Radar,22,21,10,31,84,0,4,0,4,8,22,25,10,35,92,0,10,10,102
09/16/2001,MAF,TX,ASW,CE,Towers with Radar,28,25,16,3,72,0,0,0,9,9,28,25,16,12,81,0,0,0,81
09/17/2001,MAF,TX,ASW,CE,Towers with Radar,32,37,24,40,133,0,0,0,0,0,32,37,24,40,133,0,96,96,229
09/18/2001,MAF,TX,ASW,CE,Towers with Radar,30,44,37,73,184,2,0,0,0,2,32,44,37,73,186,0,186,186,372
09/19/2001,MAF,TX,ASW,CE,Towers with Radar,29,45,47,35,156,0,1,0,0,1,29,46,47,35,157,6,166,172,329
09/20/2001,MAF,TX,ASW,CE,Towers with Radar,28,50,42,45,165,0,9,1,0,10,28,59,43,45,175,32,196,228,403
09/21/2001,MAF,TX,ASW,CE,Towers with Radar,34,54,50,133,271,0,11,0,0,11,34,65,50,133,282,4,248,252,534
09/22/2001,MAF,TX,ASW,CE,Towers with Radar,22,26,22,13,83,1,0,0,0,1,23,26,22,13,84,18,16,34,118
09/23/2001,MAF,TX,ASW,CE,Towers with Radar,30,23,29,5,87,0,0,0,4,4,30,23,29,9,91,0,22,22,113
09/24/2001,MAF,TX,ASW,CE,Towers with Radar,28,33,42,63,166,0,1,0,0,1,28,34,42,63,167,4,202,206,373
09/25/2001,MAF,TX,ASW,CE,Towers with Radar,31,37,49,44,161,0,0,0,0,0,31,37,49,44,161,2,150,152,313
09/26/2001,MAF,TX,ASW,CE,Towers with Radar,30,36,58,61,185,0,1,13,0,14,30,37,71,61,199,2,112,114,313
09/27/2001,MAF,TX,ASW,CE,Towers with Radar,24,29,45,37,135,5,6,21,0,32,29,35,66,37,167,22,174,196,363
09/28/2001,MAF,TX,ASW,CE,Towers with Radar,31,34,60,21,146,1,0,0,1,2,32,34,60,22,148,12,30,42,190
09/29/2001,MAF,TX,ASW,CE,Towers with Radar,23,22,43,4,92,1,0,0,1,2,24,22,43,5,94,18,2,20,114
09/30/2001,MAF,TX,ASW,CE,Towers with Radar,29,22,47,2,100,0,0,0,0,0,29,22,47,2,100,0,0,0,100
10/01/2001,MAF,TX,ASW,CE,Towers with Radar,29,33,21,33,116,3,0,10,0,13,32,33,31,33,129,0,102,102,231
10/02/2001,MAF,TX,ASW,CE,Towers with Radar,30,38,26,64,158,3,1,26,0,30,33,39,52,64,188,28,170,198,386
10/03/2001,MAF,TX,ASW,CE,Towers with Radar,28,45,24,75,172,0,0,39,0,39,28,45,63,75,211,24,142,166,377
10/04/2001,MAF,TX,ASW,CE,Towers with Radar,29,38,40,12,119,3,0,90,0,93,32,38,130,12,212,34,22,56,268
10/05/2001,MAF,TX,ASW,CE,Towers with Radar,29,41,60,12,142,1,2,33,0,36,30,43,93,12,178,0,12,12,190
10/06/2001,MAF,TX,ASW,CE,Towers with Radar,12,17,15,2,46,13,11,67,0,91,25,28,82,2,137,10,0,10,147
10/07/2001,MAF,TX,ASW,CE,Towers with Radar,27,22,34,2,85,4,3,91,0,98,31,25,125,2,183,14,0,14,197
10/08/2001,MAF,TX,ASW,CE,Towers with Radar,30,27,44,31,132,0,2,69,0,71,30,29,113,31,203,24,24,48,251
10/09/2001,MAF,TX,ASW,CE,Towers with Radar,31,36,57,81,205,0,2,9,0,11,31,38,66,81,216,40,118,158,374
10/10/2001,MAF,TX,ASW,CE,Towers with Radar,27,31,44,72,174,0,0,29,0,29,27,31,73,72,203,22,198,220,423
10/11/2001,MAF,TX,ASW,CE,Towers with Radar,25,32,29,105,191,0,6,20,0,26,25,38,49,105,217,32,180,212,429
10/12/2001,MAF,TX,ASW,CE,Towers with Radar,29,32,47,48,156,0,0,6,0,6,29,32,53,48,162,2,92,94,256
10/13/2001,MAF,TX,ASW,CE,Towers with Radar,20,19,22,36,97,2,0,15,0,17,22,19,37,36,114,22,26,48,162
10/14/2001,MAF,TX,ASW,CE,Towers with Radar,26,19,32,15,92,2,1,9,1,13,28,20,41,16,105,20,24,44,149
10/15/2001,MAF,TX,ASW,CE,Towers with Radar,34,29,26,46,135,1,0,7,0,8,35,29,33,46,143,0,90,90,233
10/16/2001,MAF,TX,ASW,CE,Towers with Radar,32,32,18,69,151,0,2,29,0,31,32,34,47,69,182,12,154,166,348
10/17/2001,MAF,TX,ASW,CE,Towers with Radar,29,36,24,34,123,4,0,30,0,34,33,36,54,34,157,28,38,66,223
10/18/2001,MAF,TX,ASW,CE,Towers with Radar,28,33,32,34,127,0,1,19,0,20,28,34,51,34,147,0,220,220,367
10/19/2001,MAF,TX,ASW,CE,Towers with Radar,30,35,52,95,212,0,0,5,0,5,30,35,57,95,217,22,166,188,405
10/20/2001,MAF,TX,ASW,CE,Towers with Radar,10,11,12,6,39,17,5,29,0,51,27,16,41,6,90,6,0,6,96
10/21/2001,MAF,TX,ASW,CE,Towers with Radar,27,21,23,4,75,1,2,21,0,24,28,23,44,4,99,26,2,28,127
10/22/2001,MAF,TX,ASW,CE,Towers with Radar,30,30,30,20,110,1,0,34,0,35,31,30,64,20,145,8,192,200,345
10/23/2001,MAF,TX,ASW,CE,Towers with Radar,24,36,42,68,170,0,0,13,0,13,24,36,55,68,183,8,204,212,395
10/24/2001,MAF,TX,ASW,CE,Towers with Radar,28,36,41,69,174,0,0,21,0,21,28,36,62,69,195,18,166,184,379
10/25/2001,MAF,TX,ASW,CE,Towers with Radar,29,30,50,56,165,10,8,27,0,45,39,38,77,56,210,58,152,210,420
10/26/2001,MAF,TX,ASW,CE,Towers with Radar,30,38,41,100,209,0,0,24,0,24,30,38,65,100,233,30,114,144,377
10/27/2001,MAF,TX,ASW,CE,Towers with Radar,19,18,19,1,57,0,0,10,0,10,19,18,29,1,67,18,0,18,85
10/28/2001,MAF,TX,ASW,CE,Towers with Radar,26,16,18,30,90,0,4,22,0,26,26,20,40,30,116,28,8,36,152
10/29/2001,MAF,TX,ASW,CE,Towers with Radar,29,29,23,51,132,0,3,24,0,27,29,32,47,51,159,52,184,236,395
10/30/2001,MAF,TX,ASW,CE,Towers with Radar,28,41,30,22,121,1,0,23,0,24,29,41,53,22,145,48,108,156,301
10/31/2001,MAF,TX,ASW,CE,Towers with Radar,29,38,24,111,202,0,9,23,0,32,29,47,47,111,234,46,128,174,408
11/01/2001,MAF,TX,ASW,CE,Towers with Radar,26,33,40,56,155,0,0,9,6,15,26,33,49,62,170,12,196,208,378
11/02/2001,MAF,TX,ASW,CE,Towers with Radar,32,35,30,50,147,2,2,13,0,17,34,37,43,50,164,14,192,206,370
11/03/2001,MAF,TX,ASW,CE,Towers with Radar,11,20,26,1,58,1,0,12,1,14,12,20,38,2,72,8,12,20,92
11/04/2001,MAF,TX,ASW,CE,Towers with Radar,26,24,30,7,87,1,0,8,0,9,27,24,38,7,96,18,4,22,118
11/05/2001,MAF,TX,ASW,CE,Towers with Radar,32,33,18,53,136,0,6,13,0,19,32,39,31,53,155,0,136,136,291
11/06/2001,MAF,TX,ASW,CE,Towers with Radar,29,36,34,35,134,5,0,11,0,16,34,36,45,35,150,18,88,106,256
11/07/2001,MAF,TX,ASW,CE,Towers with Radar,23,35,37,51,146,0,0,19,14,33,23,35,56,65,179,0,110,110,289
11/08/2001,MAF,TX,ASW,CE,Towers with Radar,25,39,26,53,143,0,0,10,0,10,25,39,36,53,153,0,118,118,271
11/09/2001,MAF,TX,ASW,CE,Towers with Radar,28,37,43,72,180,1,0,9,0,10,29,37,52,72,190,16,212,228,418
11/10/2001,MAF,TX,ASW,CE,Towers with Radar,14,18,18,4,54,0,2,21,0,23,14,20,39,4,77,20,0,20,97
11/11/2001,MAF,TX,ASW,CE,Towers with Radar,23,21,19,9,72,0,0,3,38,41,23,21,22,47,113,10,8,18,131
11/12/2001,MAF,TX,ASW,CE,Towers with Radar,30,26,31,19,106,0,1,11,0,12,30,27,42,19,118,14,18,32,150
11/13/2001,MAF,TX,ASW,CE,Towers with Radar,27,39,36,63,165,1,1,8,0,10,28,40,44,63,175,18,68,86,261
11/14/2001,MAF,TX,ASW,CE,Towers with Radar,28,39,22,0,89,1,1,3,0,5,29,40,25,0,94,0,0,0,94
11/15/2001,MAF,TX,ASW,CE,Towers with Radar,30,38,22,18,108,2,1,3,5,11,32,39,25,23,119,0,8,8,127
11/16/2001,MAF,TX,ASW,CE,Towers with Radar,29,30,36,17,112,0,0,3,0,3,29,30,39,17,115,34,30,64,179
11/17/2001,MAF,TX,ASW,CE,Towers with Radar,12,20,40,1,73,3,1,0,3,7,15,21,40,4,80,38,2,40,120
11/18/2001,MAF,TX,ASW,CE,Towers with Radar,28,25,27,7,87,0,0,17,0,17,28,25,44,7,104,58,10,68,172
11/19/2001,MAF,TX,ASW,CE,Towers with Radar,26,37,45,20,128,236,0,7,0,243,262,37,52,20,371,12,52,64,435
11/20/2001,MAF,TX,ASW,CE,Towers with Radar,28,33,20,45,126,0,7,37,20,64,28,40,57,65,190,24,180,204,394
11/21/2001,MAF,TX,ASW,CE,Towers with Radar,28,34,47,13,122,2,2,14,0,18,30,36,61,13,140,54,208,262,402
11/22/2001,MAF,TX,ASW,CE,Towers with Radar,18,17,10,0,45,0,1,18,0,19,18,18,28,0,64,0,0,0,64
11/23/2001,MAF,TX,ASW,CE,Towers with Radar,13,17,15,0,45,4,16,17,0,37,17,33,32,0,82,0,0,0,82
11/24/2001,MAF,TX,ASW,CE,Towers with Radar,9,18,21,1,49,0,1,17,0,18,9,19,38,1,67,6,0,6,73
11/25/2001,MAF,TX,ASW,CE,Towers with Radar,23,26,37,3,89,0,0,3,0,3,23,26,40,3,92,22,0,22,114
11/26/2001,MAF,TX,ASW,CE,Towers with Radar,29,31,19,51,130,0,1,14,0,15,29,32,33,51,145,10,226,236,381
11/27/2001,MAF,TX,ASW,CE,Towers with Radar,28,39,14,58,139,1,0,13,0,14,29,39,27,58,153,4,128,132,285
11/28/2001,MAF,TX,ASW,CE,Towers with Radar,20,32,9,1,62,0,0,2,0,2,20,32,11,1,64,0,0,0,64
11/29/2001,MAF,TX,ASW,CE,Towers with Radar,22,40,39,28,129,0,0,5,0,5,22,40,44,28,134,0,140,140,274
11/30/2001,MAF,TX,ASW,CE,Towers with Radar,29,33,40,33,135,1,6,7,0,14,30,39,47,33,149,6,126,132,281
12/01/2001,MAF,TX,ASW,CE,Towers with Radar,14,23,43,7,87,1,0,7,0,8,15,23,50,7,95,72,0,72,167
12/02/2001,MAF,TX,ASW,CE,Towers with Radar,23,20,37,21,101,2,3,18,0,23,25,23,55,21,124,8,6,14,138
12/03/2001,MAF,TX,ASW,CE,Towers with Radar,25,33,41,60,159,3,1,0,0,4,28,34,41,60,163,34,66,100,263
12/04/2001,MAF,TX,ASW,CE,Towers with Radar,27,36,48,81,192,0,0,0,0,0,27,36,48,81,192,24,60,84,276
12/05/2001,MAF,TX,ASW,CE,Towers with Radar,24,42,54,60,180,0,0,14,0,14,24,42,68,60,194,54,252,306,500
12/06/2001,MAF,TX,ASW,CE,Towers with Radar,23,32,41,85,181,0,0,0,23,23,23,32,41,108,204,28,144,172,376
12/07/2001,MAF,TX,ASW,CE,Towers with Radar,24,38,38,102,202,0,4,24,0,28,24,42,62,102,230,4,124,128,358
12/08/2001,MAF,TX,ASW,CE,Towers with Radar,8,25,28,12,73,4,0,13,0,17,12,25,41,12,90,6,18,24,114
12/09/2001,MAF,TX,ASW,CE,Towers with Radar,22,25,14,35,96,3,0,23,0,26,25,25,37,35,122,20,68,88,210
12/10/2001,MAF,TX,ASW,CE,Towers with Radar,23,36,26,30,115,3,0,14,0,17,26,36,40,30,132,34,36,70,202
12/11/2001,MAF,TX,ASW,CE,Towers with Radar,28,46,35,51,160,0,0,0,0,0,28,46,35,51,160,12,160,172,332
12/12/2001,MAF,TX,ASW,CE,Towers with Radar,26,46,62,85,219,0,5,11,0,16,26,51,73,85,235,8,166,174,409
12/13/2001,MAF,TX,ASW,CE,Towers with Radar,29,44,47,54,174,0,0,0,0,0,29,44,47,54,174,0,70,70,244
12/14/2001,MAF,TX,ASW,CE,Towers with Radar,25,35,46,66,172,3,9,17,0,29,28,44,63,66,201,6,118,124,325
12/15/2001,MAF,TX,ASW,CE,Towers with Radar,12,20,20,14,66,0,9,30,0,39,12,29,50,14,105,84,16,100,205
12/16/2001,MAF,TX,ASW,CE,Towers with Radar,21,23,33,41,118,2,1,0,0,3,23,24,33,41,121,34,32,66,187
12/17/2001,MAF,TX,ASW,CE,Towers with Radar,27,36,42,62,167,2,0,8,0,10,29,36,50,62,177,38,94,132,309
12/18/2001,MAF,TX,ASW,CE,Towers with Radar,27,33,33,53,146,0,13,45,0,58,27,46,78,53,204,38,130,168,372
12/19/2001,MAF,TX,ASW,CE,Towers with Radar,26,37,40,68,171,0,2,36,0,38,26,39,76,68,209,64,158,222,431
12/20/2001,MAF,TX,ASW,CE,Towers with Radar,29,40,43,48,160,0,0,23,0,23,29,40,66,48,183,66,178,244,427
12/21/2001,MAF,TX,ASW,CE,Towers with Radar,26,35,41,64,166,0,3,12,0,15,26,38,53,64,181,30,112,142,323
12/22/2001,MAF,TX,ASW,CE,Towers with Radar,11,16,20,0,47,0,10,18,0,28,11,26,38,0,75,26,0,26,101
12/23/2001,MAF,TX,ASW,CE,Towers with Radar,18,20,24,0,62,0,6,5,0,11,18,26,29,0,73,22,0,22,95
12/24/2001,MAF,TX,ASW,CE,Towers with Radar,18,21,15,0,54,1,11,2,0,14,19,32,17,0,68,10,0,10,78
12/25/2001,MAF,TX,ASW,CE,Towers with Radar,11,7,11,0,29,0,0,4,0,4,11,7,15,0,33,0,0,0,33
12/26/2001,MAF,TX,ASW,CE,Towers with Radar,27,28,23,0,78,1,8,18,0,27,28,36,41,0,105,30,0,30,135
12/27/2001,MAF,TX,ASW,CE,Towers with Radar,28,35,33,0,96,0,4,29,0,33,28,39,62,0,129,8,0,8,137
12/28/2001,MAF,TX,ASW,CE,Towers with Radar,27,38,26,3,94,2,7,17,0,26,29,45,43,3,120,70,0,70,190
12/29/2001,MAF,TX,ASW,CE,Towers with Radar,11,29,24,1,65,0,1,15,1,17,11,30,39,2,82,8,0,8,90
12/30/2001,MAF,TX,ASW,CE,Towers with Radar,19,23,10,0,52,0,1,8,0,9,19,24,18,0,61,6,0,6,67
12/31/2001,MAF,TX,ASW,CE,Towers with Radar,17,29,17,0,63,0,4,14,0,18,17,33,31,0,81,16,0,16,97
01/01/2002,MAF,TX,ASW,CE,Towers with Radar,21,22,11,0,54,3,3,0,0,6,24,25,11,0,60,0,0,0,60
01/02/2002,MAF,TX,ASW,CE,Towers with Radar,17,22,22,0,61,10,28,21,0,59,27,50,43,0,120,0,0,0,120
01/03/2002,MAF,TX,ASW,CE,Towers with Radar,29,33,26,71,159,0,5,32,0,37,29,38,58,71,196,36,206,242,438
01/04/2002,MAF,TX,ASW,CE,Towers with Radar,24,39,42,64,169,0,0,0,0,0,24,39,42,64,169,28,154,182,351
01/05/2002,MAF,TX,ASW,CE,Towers with Radar,11,25,24,29,89,0,1,15,0,16,11,26,39,29,105,108,28,136,241
01/06/2002,MAF,TX,ASW,CE,Towers with Radar,25,24,35,2,86,0,0,0,4,4,25,24,35,6,90,18,0,18,108
01/07/2002,MAF,TX,ASW,CE,Towers with Radar,27,30,28,54,139,1,6,33,0,40,28,36,61,54,179,4,104,108,287
01/08/2002,MAF,TX,ASW,CE,Towers with Radar,28,41,42,57,168,0,0,14,0,14,28,41,56,57,182,24,92,116,298
01/09/2002,MAF,TX,ASW,CE,Towers with Radar,26,34,89,48,197,0,7,16,0,23,26,41,105,48,220,92,118,210,430
01/10/2002,MAF,TX,ASW,CE,Towers with Radar,26,36,39,60,161,0,0,3,0,3,26,36,42,60,164,12,108,120,284
01/11/2002,MAF,TX,ASW,CE,Towers with Radar,27,38,36,67,168,0,3,28,0,31,27,41,64,67,199,24,66,90,289
01/12/2002,MAF,TX,ASW,CE,Towers with Radar,11,23,49,6,89,0,0,13,8,21,11,23,62,14,110,36,2,38,148
01/13/2002,MAF,TX,ASW,CE,Towers with Radar,23,22,24,39,108,0,3,13,0,16,23,25,37,39,124,38,62,100,224
01/14/2002,MAF,TX,ASW,CE,Towers with Radar,27,35,23,80,165,0,0,16,0,16,27,35,39,80,181,18,258,276,457
01/15/2002,MAF,TX,ASW,CE,Towers with Radar,26,33,26,28,113,0,3,14,0,17,26,36,40,28,130,20,138,158,288
01/16/2002,MAF,TX,ASW,CE,Towers with Radar,26,35,46,74,181,0,4,45,0,49,26,39,91,74,230,94,110,204,434
01/17/2002,MAF,TX,ASW,CE,Towers with Radar,28,39,45,59,171,0,3,19,0,22,28,42,64,59,193,0,58,58,251
01/18/2002,MAF,TX,ASW,CE,Towers with Radar,26,37,46,105,214,0,0,6,0,6,26,37,52,105,220,0,30,30,250
01/19/2002,MAF,TX,ASW,CE,Towers with Radar,18,23,31,6,78,1,0,10,0,11,19,23,41,6,89,60,4,64,153
01/20/2002,MAF,TX,ASW,CE,Towers with Radar,22,26,37,15,100,1,0,8,0,9,23,26,45,15,109,28,0,28,137
01/21/2002,MAF,TX,ASW,CE,Towers with Radar,27,29,36,8,100,1,0,34,2,37,28,29,70,10,137,20,2,22,159
01/22/2002,MAF,TX,ASW,CE,Towers with Radar,26,38,30,33,127,0,6,24,0,30,26,44,54,33,157,0,136,136,293
01/23/2002,MAF,TX,ASW,CE,Towers with Radar,26,37,36,120,219,0,0,33,0,33,26,37,69,120,252,24,82,106,358
01/24/2002,MAF,TX,ASW,CE,Towers with Radar,25,41,39,42,147,0,4,7,0,11,25,45,46,42,158,14,92,106,264
01/25/2002,MAF,TX,ASW,CE,Towers with Radar,26,34,40,94,194,1,2,14,0,17,27,36,54,94,211,30,184,214,425
01/26/2002,MAF,TX,ASW,CE,Towers with Radar,7,11,10,1,29,12,12,37,0,61,19,23,47,1,90,28,8,36,126
01/27/2002,MAF,TX,ASW,CE,Towers with Radar,22,27,14,13,76,0,2,25,0,27,22,29,39,13,103,32,6,38,141
01/28/2002,MAF,TX,ASW,CE,Towers with Radar,28,30,26,40,124,0,6,12,0,18,28,36,38,40,142,10,270,280,422
01/29/2002,MAF,TX,ASW,CE,Towers with Radar,27,36,44,31,138,0,4,3,0,7,27,40,47,31,145,32,114,146,291
01/30/2002,MAF,TX,ASW,CE,Towers with Radar,28,38,21,17,104,1,0,5,0,6,29,38,26,17,110,4,12,16,126
01/31/2002,MAF,TX,ASW,CE,Towers with Radar,29,39,47,33,148,0,0,2,0,2,29,39,49,33,150,4,168,172,322
02/01/2002,MAF,TX,ASW,CE,Towers with Radar,28,31,27,34,120,0,7,30,0,37,28,38,57,34,157,28,36,64,221
02/02/2002,MAF,TX,ASW,CE,Towers with Radar,19,17,18,0,54,1,0,12,0,13,20,17,30,0,67,46,0,46,113
02/03/2002,MAF,TX,ASW,CE,Towers with Radar,22,24,23,2,71,0,0,0,0,0,22,24,23,2,71,42,10,52,123
02/04/2002,MAF,TX,ASW,CE,Towers with Radar,27,38,27,12,104,1,1,1,0,3,28,39,28,12,107,4,38,42,149
02/05/2002,MAF,TX,ASW,CE,Towers with Radar,25,32,18,10,85,1,0,4,0,5,26,32,22,10,90,0,4,4,94
02/06/2002,MAF,TX,ASW,CE,Towers with Radar,28,38,37,53,156,0,0,10,8,18,28,38,47,61,174,2,230,232,406
02/07/2002,MAF,TX,ASW,CE,Towers with Radar,26,40,40,52,158,0,0,34,0,34,26,40,74,52,192,20,174,194,386
02/08/2002,MAF,TX,ASW,CE,Towers with Radar,27,32,21,50,130,0,8,58,0,66,27,40,79,50,196,40,112,152,348
02/09/2002,MAF,TX,ASW,CE,Towers with Radar,19,18,18,3,58,5,1,4,1,11,24,19,22,4,69,6,0,6,75
02/10/2002,MAF,TX,ASW,CE,Towers with Radar,23,24,25,9,81,0,6,0,3,9,23,30,25,12,90,22,2,24,114
02/11/2002,MAF,TX,ASW,CE,Towers with Radar,26,32,35,37,130,0,7,6,0,13,26,39,41,37,143,34,168,202,345
02/12/2002,MAF,TX,ASW,CE,Towers with Radar,27,40,52,12,131,0,1,12,0,13,27,41,64,12,144,14,162,176,320
02/13/2002,MAF,TX,ASW,CE,Towers with Radar,28,39,49,0,116,0,9,26,0,35,28,48,75,0,151,6,0,6,157
02/14/2002,MAF,TX,ASW,CE,Towers with Radar,28,33,36,31,128,0,6,15,0,21,28,39,51,31,149,8,106,114,263
02/15/2002,MAF,TX,ASW,CE,Towers with Radar,28,37,52,56,173,4,5,11,0,20,32,42,63,56,193,62,124,186,379
02/16/2002,MAF,TX,ASW,CE,Towers with Radar,9,11,9,4,33,10,11,23,0,44,19,22,32,4,77,42,0,42,119
02/17/2002,MAF,TX,ASW,CE,Towers with Radar,25,24,20,2,71,1,1,18,0,20,26,25,38,2,91,26,6,32,123
02/18/2002,MAF,TX,ASW,CE,Towers with Radar,26,28,19,26,99,0,5,20,0,25,26,33,39,26,124,2,28,30,154
02/19/2002,MAF,TX,ASW,CE,Towers with Radar,27,33,21,43,124,0,8,44,0,52,27,41,65,43,176,2,232,234,410
02/20/2002,MAF,TX,ASW,CE,Towers with Radar,24,29,25,29,107,2,10,35,0,47,26,39,60,29,154,4,116,120,274
02/21/2002,MAF,TX,ASW,CE,Towers with Radar,27,37,29,24,117,0,4,18,0,22,27,41,47,24,139,10,64,74,213
02/22/2002,MAF,TX,ASW,CE,Towers with Radar,28,40,30,16,114,0,0,32,0,32,28,40,62,16,146,38,186,224,370
02/23/2002,MAF,TX,ASW,CE,Towers with Radar,12,16,12,2,42,6,4,33,0,43,18,20,45,2,85,12,6,18,103
02/24/2002,MAF,TX,ASW,CE,Towers with Radar,21,22,20,7,70,0,0,29,0,29,21,22,49,7,99,8,82,90,189
02/25/2002,MAF,TX,ASW,CE,Towers with Radar,26,31,18,42,117,1,4,25,0,30,27,35,43,42,147,34,132,166,313
02/26/2002,MAF,TX,ASW,CE,Towers with Radar,24,34,30,28,116,0,4,11,0,15,24,38,41,28,131,38,184,222,353
02/27/2002,MAF,TX,ASW,CE,Towers with Radar,25,32,28,26,111,1,6,12,0,19,26,38,40,26,130,18,52,70,200
02/28/2002,MAF,TX,ASW,CE,Towers with Radar,27,34,32,44,137,0,8,32,0,40,27,42,64,44,177,12,48,60,237
03/01/2002,MAF,TX,ASW,CE,Towers with Radar,28,35,61,82,206,0,0,3,0,3,28,35,64,82,209,24,146,170,379
03/02/2002,MAF,TX,ASW,CE,Towers with Radar,18,15,8,21,62,1,0,7,0,8,19,15,15,21,70,0,16,16,86
03/03/2002,MAF,TX,ASW,CE,Towers with Radar,22,27,39,30,118,1,0,5,0,6,23,27,44,30,124,24,46,70,194
03/04/2002,MAF,TX,ASW,CE,Towers with Radar,27,31,43,45,146,2,4,17,0,23,29,35,60,45,169,24,74,98,267
03/05/2002,MAF,TX,ASW,CE,Towers with Radar,27,35,42,42,146,0,5,23,0,28,27,40,65,42,174,26,110,136,310
03/06/2002,MAF,TX,ASW,CE,Towers with Radar,24,41,41,59,165,0,2,37,0,39,24,43,78,59,204,30,74,104,308
03/07/2002,MAF,TX,ASW,CE,Towers with Radar,27,36,39,38,140,0,0,24,0,24,27,36,63,38,164,50,78,128,292
03/08/2002,MAF,TX,ASW,CE,Towers with Radar,29,40,28,39,136,0,0,15,0,15,29,40,43,39,151,14,76,90,241
03/09/2002,MAF,TX,ASW,CE,Towers with Radar,17,22,23,4,66,1,5,17,0,23,18,27,40,4,89,10,4,14,103
03/10/2002,MAF,TX,ASW,CE,Towers with Radar,22,27,22,13,84,0,0,8,0,8,22,27,30,13,92,24,14,38,130
03/11/2002,MAF,TX,ASW,CE,Towers with Radar,28,34,18,21,101,0,0,14,0,14,28,34,32,21,115,2,102,104,219
03/12/2002,MAF,TX,ASW,CE,Towers with Radar,28,37,20,26,111,0,1,37,0,38,28,38,57,26,149,42,150,192,341
03/13/2002,MAF,TX,ASW,CE,Towers with Radar,25,32,18,18,93,0,9,33,0,42,25,41,51,18,135,0,76,76,211
03/14/2002,MAF,TX,ASW,CE,Towers with Radar,27,31,31,19,108,0,4,39,1,44,27,35,70,20,152,2,52,54,206
03/15/2002,MAF,TX,ASW,CE,Towers with Radar,27,36,37,56,156,0,4,9,0,13,27,40,46,56,169,0,138,138,307
03/16/2002,MAF,TX,ASW,CE,Towers with Radar,19,18,33,18,88,0,5,25,0,30,19,23,58,18,118,16,30,46,164
03/17/2002,MAF,TX,ASW,CE,Towers with Radar,24,24,21,19,88,0,0,24,0,24,24,24,45,19,112,24,6,30,142
03/18/2002,MAF,TX,ASW,CE,Towers with Radar,26,40,23,25,114,0,2,14,0,16,26,42,37,25,130,26,130,156,286
03/19/2002,MAF,TX,ASW,CE,Towers with Radar,28,39,36,0,103,0,3,5,1,9,28,42,41,1,112,14,0,14,126
03/20/2002,MAF,TX,ASW,CE,Towers with Radar,27,47,54,32,160,1,0,16,0,17,28,47,70,32,177,44,0,44,221
03/21/2002,MAF,TX,ASW,CE,Towers with Radar,28,40,38,51,157,0,0,0,0,0,28,40,38,51,157,36,144,180,337
03/22/2002,MAF,TX,ASW,CE,Towers with Radar,28,37,56,22,143,0,0,16,0,16,28,37,72,22,159,44,64,108,267
03/23/2002,MAF,TX,ASW,CE,Towers with Radar,19,18,42,17,96,0,0,24,2,26,19,18,66,19,122,54,8,62,184
03/24/2002,MAF,TX,ASW,CE,Towers with Radar,22,25,17,17,81,1,0,27,3,31,23,25,44,20,112,14,24,38,150
03/25/2002,MAF,TX,ASW,CE,Towers with Radar,28,31,31,56,146,1,1,20,0,22,29,32,51,56,168,48,112,160,328
03/26/2002,MAF,TX,ASW,CE,Towers with Radar,21,27,28,33,109,0,11,22,0,33,21,38,50,33,142,38,116,154,296
03/27/2002,MAF,TX,ASW,CE,Towers with Radar,29,35,40,41,145,0,5,4,0,9,29,40,44,41,154,72,116,188,342
03/28/2002,MAF,TX,ASW,CE,Towers with Radar,22,29,29,42,122,3,8,31,3,45,25,37,60,45,167,2,74,76,243
03/29/2002,MAF,TX,ASW,CE,Towers with Radar,27,34,21,8,90,1,2,25,0,28,28,36,46,8,118,18,62,80,198
03/30/2002,MAF,TX,ASW,CE,Towers with Radar,8,10,10,0,28,12,13,8,0,33,20,23,18,0,61,0,0,0,61
03/31/2002,MAF,TX,ASW,CE,Towers with Radar,21,29,30,3,83,0,2,14,1,17,21,31,44,4,100,16,0,16,116
04/01/2002,MAF,TX,ASW,CE,Towers with Radar,25,32,37,49,143,3,5,34,0,42,28,37,71,49,185,42,58,100,285
04/02/2002,MAF,TX,ASW,CE,Towers with Radar,26,41,34,49,150,0,0,0,0,0,26,41,34,49,150,12,158,170,320
04/03/2002,MAF,TX,ASW,CE,Towers with Radar,25,41,49,77,192,1,6,9,0,16,26,47,58,77,208,28,190,218,426
04/04/2002,MAF,TX,ASW,CE,Towers with Radar,26,34,34,54,148,0,2,26,0,28,26,36,60,54,176,2,170,172,348
04/05/2002,MAF,TX,ASW,CE,Towers with Radar,27,35,34,86,182,1,0,22,0,23,28,35,56,86,205,16,46,62,267
04/06/2002,MAF,TX,ASW,CE,Towers with Radar,18,19,20,3,60,2,0,2,0,4,20,19,22,3,64,8,0,8,72
04/07/2002,MAF,TX,ASW,CE,Towers with Radar,21,20,19,8,68,1,2,5,3,11,22,22,24,11,79,2,0,2,81
04/08/2002,MAF,TX,ASW,CE,Towers with Radar,26,27,39,14,106,1,5,21,0,27,27,32,60,14,133,10,24,34,167
04/09/2002,MAF,TX,ASW,CE,Towers with Radar,26,41,48,51,166,0,0,20,0,20,26,41,68,51,186,22,50,72,258
04/10/2002,MAF,TX,ASW,CE,Towers with Radar,24,35,32,53,144,7,9,35,17,68,31,44,67,70,212,34,118,152,364
04/11/2002,MAF,TX,ASW,CE,Towers with Radar,26,36,23,70,155,0,8,33,0,41,26,44,56,70,196,0,158,158,354
04/12/2002,MAF,TX,ASW,CE,Towers with Radar,27,38,34,33,132,0,5,34,0,39,27,43,68,33,171,16,142,158,329
04/13/2002,MAF,TX,ASW,CE,Towers with Radar,11,17,14,22,64,3,6,21,0,30,14,23,35,22,94,24,40,64,158
04/14/2002,MAF,TX,ASW,CE,Towers with Radar,21,21,20,8,70,0,4,14,0,18,21,25,34,8,88,28,4,32,120
04/15/2002,MAF,TX,ASW,CE,Towers with Radar,23,30,17,10,80,2,2,35,0,39,25,32,52,10,119,6,14,20,139
04/16/2002,MAF,TX,ASW,CE,Towers with Radar,27,31,43,49,150,0,4,29,0,33,27,35,72,49,183,12,68,80,263
04/17/2002,MAF,TX,ASW,CE,Towers with Radar,25,36,35,54,150,0,1,12,0,13,25,37,47,54,163,16,70,86,249
04/18/2002,MAF,TX,ASW,CE,Towers with Radar,22,30,28,47,127,1,5,29,0,35,23,35,57,47,162,14,72,86,248
04/19/2002,MAF,TX,ASW,CE,Towers with Radar,27,37,35,58,157,0,3,7,10,20,27,40,42,68,177,2,128,130,307
04/20/2002,MAF,TX,ASW,CE,Towers with Radar,9,14,11,8,42,7,16,22,0,45,16,30,33,8,87,28,8,36,123
04/21/2002,MAF,TX,ASW,CE,Towers with Radar,21,24,35,10,90,3,0,2,0,5,24,24,37,10,95,14,36,50,145
04/22/2002,MAF,TX,ASW,CE,Towers with Radar,28,40,29,17,114,0,0,21,0,21,28,40,50,17,135,54,16,70,205
04/23/2002,MAF,TX,ASW,CE,Towers with Radar,27,39,29,27,122,1,6,24,0,31,28,45,53,27,153,0,120,120,273
04/24/2002,MAF,TX,ASW,CE,Towers with Radar,25,40,38,42,145,0,7,52,0,59,25,47,90,42,204,38,78,116,320
04/25/2002,MAF,TX,ASW,CE,Towers with Radar,23,39,39,19,120,0,0,7,0,7,23,39,46,19,127,0,2,2,129
04/26/2002,MAF,TX,ASW,CE,Towers with Radar,26,38,34,22,120,2,0,0,0,2,28,38,34,22,122,0,34,34,156
04/27/2002,MAF,TX,ASW,CE,Towers with Radar,15,25,28,7,75,0,1,20,2,23,15,26,48,9,98,16,0,16,114
04/28/2002,MAF,TX,ASW,CE,Towers with Radar,22,23,37,15,97,0,1,4,0,5,22,24,41,15,102,72,0,72,174
04/29/2002,MAF,TX,ASW,CE,Towers with Radar,27,32,15,47,121,0,4,29,0,33,27,36,44,47,154,16,98,114,268
04/30/2002,MAF,TX,ASW,CE,Towers with Radar,28,35,53,37,153,0,3,19,0,22,28,38,72,37,175,12,230,242,417
05/01/2002,MAF,TX,ASW,CE,Towers with Radar,27,43,31,31,132,2,5,25,0,32,29,48,56,31,164,12,86,98,262
05/02/2002,MAF,TX,ASW,CE,Towers with Radar,26,37,28,28,119,0,3,20,0,23,26,40,48,28,142,16,164,180,322
05/03/2002,MAF,TX,ASW,CE,Towers with Radar,27,36,33,48,144,0,3,23,0,26,27,39,56,48,170,6,142,148,318
05/04/2002,MAF,TX,ASW,CE,Towers with Radar,13,17,16,9,55,3,7,19,0,29,16,24,35,9,84,8,0,8,92
05/05/2002,MAF,TX,ASW,CE,Towers with Radar,21,26,20,9,76,0,0,6,0,6,21,26,26,9,82,6,0,6,88
05/06/2002,MAF,TX,ASW,CE,Towers with Radar,26,34,33,19,112,0,6,23,0,29,26,40,56,19,141,12,66,78,219
05/07/2002,MAF,TX,ASW,CE,Towers with Radar,28,39,24,41,132,0,9,10,0,19,28,48,34,41,151,6,176,182,333
05/08/2002,MAF,TX,ASW,CE,Towers with Radar,24,32,37,15,108,0,9,25,0,34,24,41,62,15,142,22,102,124,266
05/09/2002,MAF,TX,ASW,CE,Towers with Radar,25,34,27,46,132,0,5,34,5,44,25,39,61,51,176,8,130,138,314
05/10/2002,MAF,TX,ASW,CE,Towers with Radar,21,30,24,6,81,6,7,27,0,40,27,37,51,6,121,4,0,4,125
05/11/2002,MAF,TX,ASW,CE,Towers with Radar,13,19,16,8,56,3,12,23,0,38,16,31,39,8,94,20,0,20,114
05/12/2002,MAF,TX,ASW,CE,Towers with Radar,21,21,22,0,64,0,0,14,0,14,21,21,36,0,78,4,0,4,82
05/13/2002,MAF,TX,ASW,CE,Towers with Radar,28,32,33,6,99,0,3,26,0,29,28,35,59,6,128,8,12,20,148
05/14/2002,MAF,TX,ASW,CE,Towers with Radar,26,36,25,29,116,0,5,28,0,33,26,41,53,29,149,28,84,112,261
05/15/2002,MAF,TX,ASW,CE,Towers with Radar,25,37,31,11,104,0,2,30,0,32,25,39,61,11,136,32,52,84,220
05/16/2002,MAF,TX,ASW,CE,Towers with Radar,29,40,26,33,128,0,2,24,0,26,29,42,50,33,154,22,64,86,240
05/17/2002,MAF,TX,ASW,CE,Towers with Radar,28,37,31,33,129,0,3,6,1,10,28,40,37,34,139,2,66,68,207
05/18/2002,MAF,TX,ASW,CE,Towers with Radar,16,25,15,2,58,1,0,13,2,16,17,25,28,4,74,6,52,58,132
05/19/2002,MAF,TX,ASW,CE,Towers with Radar,22,25,20,8,75,0,0,15,6,21,22,25,35,14,96,28,18,46,142
05/20/2002,MAF,TX,ASW,CE,Towers with Radar,27,33,26,20,106,1,1,25,1,28,28,34,51,21,134,16,22,38,172
05/21/2002,MAF,TX,ASW,CE,Towers with Radar,28,35,22,41,126,0,7,31,0,38,28,42,53,41,164,0,162,162,326
05/22/2002,MAF,TX,ASW,CE,Towers with Radar,22,35,23,88,168,0,0,24,0,24,22,35,47,88,192,2,122,124,316
05/23/2002,MAF,TX,ASW,CE,Towers with Radar,27,39,34,11,111,0,0,20,0,20,27,39,54,11,131,0,56,56,187
05/24/2002,MAF,TX,ASW,CE,Towers with Radar,27,38,38,25,128,1,2,17,0,20,28,40,55,25,148,30,94,124,272
05/25/2002,MAF,TX,ASW,CE,Towers with Radar,13,20,16,4,53,0,1,8,0,9,13,21,24,4,62,6,0,6,68
05/26/2002,MAF,TX,ASW,CE,Towers with Radar,16,21,11,0,48,1,0,7,2,10,17,21,18,2,58,6,0,6,64
05/27/2002,MAF,TX,ASW,CE,Towers with Radar,22,23,32,0,77,0,0,11,1,12,22,23,43,1,89,4,0,4,93
05/28/2002,MAF,TX,ASW,CE,Towers with Radar,30,34,27,49,140,3,0,18,0,21,33,34,45,49,161,0,60,60,221
05/29/2002,MAF,TX,ASW,CE,Towers with Radar,28,32,29,47,136,0,8,33,0,41,28,40,62,47,177,26,74,100,277
05/30/2002,MAF,TX,ASW,CE,Towers with Radar,27,37,23,29,116,0,4,18,0,22,27,41,41,29,138,4,82,86,224
05/31/2002,MAF,TX,ASW,CE,Towers with Radar,25,36,37,48,146,0,0,22,2,24,25,36,59,50,170,4,124,128,298
06/01/2002,MAF,TX,ASW,CE,Towers with Radar,26,38,34,50,148,0,0,25,0,25,26,38,59,50,173,4,124,128,301
06/02/2002,MAF,TX,ASW,CE,Towers with Radar,22,25,29,14,90,0,1,0,2,3,22,26,29,16,93,6,6,12,105
06/03/2002,MAF,TX,ASW,CE,Towers with Radar,26,36,14,27,103,0,4,22,0,26,26,40,36,27,129,16,90,106,235
06/04/2002,MAF,TX,ASW,CE,Towers with Radar,26,38,33,31,128,0,3,15,0,18,26,41,48,31,146,10,128,138,284
06/05/2002,MAF,TX,ASW,CE,Towers with Radar,25,41,26,8,100,0,0,2,3,5,25,41,28,11,105,12,16,28,133
06/06/2002,MAF,TX,ASW,CE,Towers with Radar,28,41,18,19,106,0,2,22,0,24,28,43,40,19,130,0,40,40,170
06/07/2002,MAF,TX,ASW,CE,Towers with Radar,28,35,17,28,108,0,4,18,0,22,28,39,35,28,130,2,124,126,256
06/08/2002,MAF,TX,ASW,CE,Towers with Radar,16,24,26,0,66,2,1,2,0,5,18,25,28,0,71,28,0,28,99
06/09/2002,MAF,TX,ASW,CE,Towers with Radar,23,30,19,1,73,1,1,25,2,29,24,31,44,3,102,14,0,14,116
06/10/2002,MAF,TX,ASW,CE,Towers with Radar,24,41,28,53,146,0,5,18,0,23,24,46,46,53,169,42,148,190,359
06/11/2002,MAF,TX,ASW,CE,Towers with Radar,26,45,25,51,147,0,2,22,0,24,26,47,47,51,171,16,148,164,335
06/12/2002,MAF,TX,ASW,CE,Towers with Radar,26,40,22,28,116,0,6,34,0,40,26,46,56,28,156,30,102,132,288
06/13/2002,MAF,TX,ASW,CE,Towers with Radar,32,42,25,37,136,1,4,23,0,28,33,46,48,37,164,8,136,144,308
06/14/2002,MAF,TX,ASW,CE,Towers with Radar,28,41,39,6,114,0,4,5,0,9,28,45,44,6,123,18,4,22,145
06/15/2002,MAF,TX,ASW,CE,Towers with Radar,21,31,19,0,71,0,0,25,0,25,21,31,44,0,96,18,0,18,114
06/16/2002,MAF,TX,ASW,CE,Towers with Radar,22,30,30,1,83,0,2,35,1,38,22,32,65,2,121,22,0,22,143
06/17/2002,MAF,TX,ASW,CE,Towers with Radar,26,39,18,70,153,0,5,42,0,47,26,44,60,70,200,6,82,88,288
06/18/2002,MAF,TX,ASW,CE,Towers with Radar,28,42,25,52,147,0,6,36,0,42,28,48,61,52,189,2,48,50,239
06/19/2002,MAF,TX,ASW,CE,Towers with Radar,26,38,36,47,147,1,8,35,0,44,27,46,71,47,191,0,230,230,421
06/20/2002,MAF,TX,ASW,CE,Towers with Radar,26,38,24,22,110,0,5,73,0,78,26,43,97,22,188,0,94,94,282
06/21/2002,MAF,TX,ASW,CE,Towers with Radar,27,40,43,35,145,0,4,46,0,50,27,44,89,35,195,10,142,152,347
06/22/2002,MAF,TX,ASW,CE,Towers with Radar,12,19,14,13,58,7,13,33,0,53,19,32,47,13,111,24,10,34,145
06/23/2002,MAF,TX,ASW,CE,Towers with Radar,22,30,25,4,81,0,2,15,0,17,22,32,40,4,98,12,6,18,116
06/24/2002,MAF,TX,ASW,CE,Towers with Radar,28,37,27,6,98,1,9,25,1,36,29,46,52,7,134,16,2,18,152
06/25/2002,MAF,TX,ASW,CE,Towers with Radar,25,47,19,34,125,0,0,18,0,18,25,47,37,34,143,12,68,80,223
06/26/2002,MAF,TX,ASW,CE,Towers with Radar,27,45,34,12,118,4,9,35,0,48,31,54,69,12,166,24,20,44,210
06/27/2002,MAF,TX,ASW,CE,Towers with Radar,27,42,31,48,148,1,4,29,0,34,28,46,60,48,182,12,46,58,240
06/28/2002,MAF,TX,ASW,CE,Towers with Radar,28,38,28,50,144,0,9,22,0,31,28,47,50,50,175,54,170,224,399
06/29/2002,MAF,TX,ASW,CE,Towers with Radar,22,29,30,4,85,1,2,16,0,19,23,31,46,4,104,22,0,22,126
06/30/2002,MAF,TX,ASW,CE,Towers with Radar,24,32,29,28,113,0,0,9,0,9,24,32,38,28,122,2,130,132,254
07/01/2002,MAF,TX,ASW,CE,Towers with Radar,28,41,35,35,139,0,0,10,0,10,28,41,45,35,149,34,36,70,219
07/02/2002,MAF,TX,ASW,CE,Towers with Radar,15,20,15,24,74,12,31,13,12,68,27,51,28,36,142,12,130,142,284
07/03/2002,MAF,TX,ASW,CE,Towers with Radar,26,40,29,6,101,0,10,3,0,13,26,50,32,6,114,2,4,6,120
07/04/2002,MAF,TX,ASW,CE,Towers with Radar,19,29,29,2,79,0,0,0,0,0,19,29,29,2,79,24,0,24,103
07/05/2002,MAF,TX,ASW,CE,Towers with Radar,18,25,19,0,62,8,6,6,0,20,26,31,25,0,82,40,0,40,122
07/06/2002,MAF,TX,ASW,CE,Towers with Radar,24,34,27,0,85,0,0,14,0,14,24,34,41,0,99,40,0,40,139
07/07/2002,MAF,TX,ASW,CE,Towers with Radar,21,30,27,2,80,0,0,14,0,14,21,30,41,2,94,8,0,8,102
07/08/2002,MAF,TX,ASW,CE,Towers with Radar,12,16,12,20,60,15,31,34,34,114,27,47,46,54,174,24,96,120,294
07/09/2002,MAF,TX,ASW,CE,Towers with Radar,15,21,15,26,77,16,22,27,10,75,31,43,42,36,152,14,116,130,282
07/10/2002,MAF,TX,ASW,CE,Towers with Radar,29,45,37,62,173,0,0,19,22,41,29,45,56,84,214,36,162,198,412
07/11/2002,MAF,TX,ASW,CE,Towers with Radar,24,39,36,49,148,0,0,19,0,19,24,39,55,49,167,4,222,226,393
07/12/2002,MAF,TX,ASW,CE,Towers with Radar,24,39,28,33,124,0,6,11,0,17,24,45,39,33,141,6,60,66,207
07/13/2002,MAF,TX,ASW,CE,Towers with Radar,24,26,36,4,90,0,0,1,0,1,24,26,37,4,91,24,2,26,117
07/14/2002,MAF,TX,ASW,CE,Towers with Radar,22,27,22,41,112,0,0,0,0,0,22,27,22,41,112,16,36,52,164
07/15/2002,MAF,TX,ASW,CE,Towers with Radar,11,16,11,20,58,18,21,53,102,194,29,37,64,122,252,38,190,228,480
07/16/2002,MAF,TX,ASW,CE,Towers with Radar,18,24,18,30,90,10,22,43,43,118,28,46,61,73,208,56,106,162,370
07/17/2002,MAF,TX,ASW,CE,Towers with Radar,27,43,30,53,153,0,9,35,27,71,27,52,65,80,224,68,190,258,482
07/18/2002,MAF,TX,ASW,CE,Towers with Radar,23,39,33,50,145,0,0,16,0,16,23,39,49,50,161,4,138,142,303
07/19/2002,MAF,TX,ASW,CE,Towers with Radar,28,45,30,41,144,0,2,16,0,18,28,47,46,41,162,2,120,122,284
07/20/2002,MAF,TX,ASW,CE,Towers with Radar,22,31,30,9,92,0,0,22,0,22,22,31,52,9,114,24,2,26,140
07/21/2002,MAF,TX,ASW,CE,Towers with Radar,24,31,36,0,91,0,0,2,0,2,24,31,38,0,93,28,0,28,121
07/22/2002,MAF,TX,ASW,CE,Towers with Radar,12,19,12,23,66,17,24,26,72,139,29,43,38,95,205,0,124,124,329
07/23/2002,MAF,TX,ASW,CE,Towers with Radar,14,20,14,24,72,11,23,26,12,72,25,43,40,36,144,6,72,78,222
07/24/2002,MAF,TX,ASW,CE,Towers with Radar,16,24,16,27,83,11,25,47,23,106,27,49,63,50,189,8,176,184,373
07/25/2002,MAF,TX,ASW,CE,Towers with Radar,27,40,27,47,141,0,10,22,15,47,27,50,49,62,188,22,134,156,344
07/26/2002,MAF,TX,ASW,CE,Towers with Radar,30,43,31,49,153,0,4,10,0,14,30,47,41,49,167,6,16,22,189
07/27/2002,MAF,TX,ASW,CE,Towers with Radar,24,25,33,33,115,0,0,11,0,11,24,25,44,33,126,4,76,80,206
07/28/2002,MAF,TX,ASW,CE,Towers with Radar,22,34,44,9,109,0,0,0,0,0,22,34,44,9,109,28,2,30,139
07/29/2002,MAF,TX,ASW,CE,Towers with Radar,14,20,14,15,63,13,25,37,0,75,27,45,51,15,138,20,88,108,246
07/30/2002,MAF,TX,ASW,CE,Towers with Radar,28,40,28,23,119,0,7,19,0,26,28,47,47,23,145,28,62,90,235
07/31/2002,MAF,TX,ASW,CE,Towers with Radar,0,0,0,0,0,25,40,74,42,181,25,40,74,42,181,6,190,196,377
08/01/2002,MAF,TX,ASW,CE,Towers with Radar,25,39,22,38,124,1,6,34,9,50,26,45,56,47,174,36,176,212,386
08/02/2002,MAF,TX,ASW,CE,Towers with Radar,25,43,33,34,135,0,4,28,0,32,25,47,61,34,167,24,20,44,211
08/03/2002,MAF,TX,ASW,CE,Towers with Radar,24,25,16,6,71,0,2,45,0,47,24,27,61,6,118,6,0,6,124
08/04/2002,MAF,TX,ASW,CE,Towers with Radar,27,33,15,13,88,0,3,25,0,28,27,36,40,13,116,6,0,6,122
08/05/2002,MAF,TX,ASW,CE,Towers with Radar,32,39,29,48,148,0,6,31,3,40,32,45,60,51,188,14,108,122,310
08/06/2002,MAF,TX,ASW,CE,Towers with Radar,29,40,41,68,178,0,6,44,0,50,29,46,85,68,228,20,72,92,320
08/07/2002,MAF,TX,ASW,CE,Towers with Radar,29,46,56,24,155,0,6,36,8,50,29,52,92,32,205,18,100,118,323
08/08/2002,MAF,TX,ASW,CE,Towers with Radar,33,47,44,55,179,0,0,31,25,56,33,47,75,80,235,44,182,226,461
08/09/2002,MAF,TX,ASW,CE,Towers with Radar,29,46,51,63,189,0,0,56,26,82,29,46,107,89,271,18,126,144,415
08/10/2002,MAF,TX,ASW,CE,Towers with Radar,21,30,9,5,65,1,0,27,0,28,22,30,36,5,93,2,0,2,95
08/11/2002,MAF,TX,ASW,CE,Towers with Radar,26,31,13,17,87,0,0,28,4,32,26,31,41,21,119,14,0,14,133
08/12/2002,MAF,TX,ASW,CE,Towers with Radar,24,37,31,33,125,4,8,0,0,12,28,45,31,33,137,16,64,80,217
08/13/2002,MAF,TX,ASW,CE,Towers with Radar,28,42,39,58,167,0,6,40,0,46,28,48,79,58,213,24,172,196,409
08/14/2002,MAF,TX,ASW,CE,Towers with Radar,26,42,43,30,141,0,2,33,3,38,26,44,76,33,179,14,6,20,199
08/15/2002,MAF,TX,ASW,CE,Towers with Radar,28,37,41,58,164,0,7,39,0,46,28,44,80,58,210,20,140,160,370
08/16/2002,MAF,TX,ASW,CE,Towers with Radar,28,38,48,130,244,0,1,35,0,36,28,39,83,130,280,2,120,122,402
08/17/2002,MAF,TX,ASW,CE,Towers with Radar,20,29,26,2,77,0,4,35,0,39,20,33,61,2,116,0,0,0,116
08/18/2002,MAF,TX,ASW,CE,Towers with Radar,15,24,19,26,84,11,8,37,3,59,26,32,56,29,143,0,0,0,143
08/19/2002,MAF,TX,ASW,CE,Towers with Radar,28,38,27,54,147,0,2,27,1,30,28,40,54,55,177,14,132,146,323
08/20/2002,MAF,TX,ASW,CE,Towers with Radar,28,46,32,38,144,0,3,22,1,26,28,49,54,39,170,6,84,90,260
08/21/2002,MAF,TX,ASW,CE,Towers with Radar,28,50,52,33,163,0,2,38,0,40,28,52,90,33,203,38,184,222,425
08/22/2002,MAF,TX,ASW,CE,Towers with Radar,26,40,43,44,153,0,2,39,0,41,26,42,82,44,194,2,128,130,324
08/23/2002,MAF,TX,ASW,CE,Towers with Radar,29,40,27,69,165,0,5,36,8,49,29,45,63,77,214,20,57,77,291
08/24/2002,MAF,TX,ASW,CE,Towers with Radar,24,31,48,55,158,0,5,45,1,51,24,36,93,56,209,14,92,106,315
08/25/2002,MAF,TX,ASW,CE,Towers with Radar,22,51,45,12,130,0,3,25,5,33,22,54,70,17,163,24,6,30,193
08/26/2002,MAF,TX,ASW,CE,Towers with Radar,26,39,33,16,114,0,9,24,7,40,26,48,57,23,154,18,16,34,188
08/27/2002,MAF,TX,ASW,CE,Towers with Radar,26,42,54,76,198,0,8,21,6,35,26,50,75,82,233,16,114,130,363
08/28/2002,MAF,TX,ASW,CE,Towers with Radar,29,38,44,37,148,0,7,26,0,33,29,45,70,37,181,4,92,96,277
08/29/2002,MAF,TX,ASW,CE,Towers with Radar,27,44,32,48,151,0,4,25,5,34,27,48,57,53,185,12,32,44,229
08/30/2002,MAF,TX,ASW,CE,Towers with Radar,27,39,62,51,179,0,8,44,0,52,27,47,106,51,231,0,72,72,303
08/31/2002,MAF,TX,ASW,CE,Towers with Radar,20,28,19,3,70,0,1,29,0,30,20,29,48,3,100,28,0,28,128
09/01/2002,MAF,TX,ASW,CE,Towers with Radar,17,16,4,5,42,1,1,13,1,16,18,17,17,6,58,8,0,8,66
09/02/2002,MAF,TX,ASW,CE,Towers with Radar,22,25,24,14,85,2,1,30,0,33,24,26,54,14,118,0,0,0,118
09/03/2002,MAF,TX,ASW,CE,Towers with Radar,23,32,14,62,131,2,6,27,0,35,25,38,41,62,166,0,42,42,208
09/04/2002,MAF,TX,ASW,CE,Towers with Radar,25,37,24,60,146,2,5,21,0,28,27,42,45,60,174,8,122,130,304
09/05/2002,MAF,TX,ASW,CE,Towers with Radar,24,39,47,87,197,2,7,40,0,49,26,46,87,87,246,26,148,174,420
09/06/2002,MAF,TX,ASW,CE,Towers with Radar,26,40,56,65,187,2,4,37,0,43,28,44,93,65,230,22,94,116,346
09/07/2002,MAF,TX,ASW,CE,Towers with Radar,21,26,11,61,119,1,2,34,0,37,22,28,45,61,156,0,34,34,190
09/08/2002,MAF,TX,ASW,CE,Towers with Radar,23,28,52,32,135,1,3,19,1,24,24,31,71,33,159,24,8,32,191
09/09/2002,MAF,TX,ASW,CE,Towers with Radar,26,34,29,91,180,1,6,31,0,38,27,40,60,91,218,0,108,108,326
09/10/2002,MAF,TX,ASW,CE,Towers with Radar,27,37,54,72,190,1,5,24,5,35,28,42,78,77,225,14,38,52,277
09/11/2002,MAF,TX,ASW,CE,Towers with Radar,29,33,62,14,138,1,2,29,1,33,30,35,91,15,171,34,38,72,243
09/12/2002,MAF,TX,ASW,CE,Towers with Radar,25,40,51,65,181,1,8,24,0,33,26,48,75,65,214,30,40,70,284
09/13/2002,MAF,TX,ASW,CE,Towers with Radar,28,53,59,76,216,0,0,24,10,34,28,53,83,86,250,10,158,168,418
09/14/2002,MAF,TX,ASW,CE,Towers with Radar,20,31,23,4,78,1,0,24,4,29,21,31,47,8,107,12,0,12,119
09/15/2002,MAF,TX,ASW,CE,Towers with Radar,21,32,21,5,79,1,0,15,0,16,22,32,36,5,95,4,0,4,99
09/16/2002,MAF,TX,ASW,CE,Towers with Radar,29,42,33,82,186,1,6,27,3,37,30,48,60,85,223,0,162,162,385
09/17/2002,MAF,TX,ASW,CE,Towers with Radar,25,41,24,104,194,1,7,17,3,28,26,48,41,107,222,28,202,230,452
09/18/2002,MAF,TX,ASW,CE,Towers with Radar,25,43,38,63,169,1,3,27,1,32,26,46,65,64,201,6,108,114,315
09/19/2002,MAF,TX,ASW,CE,Towers with Radar,24,34,46,63,167,0,0,0,50,50,24,34,46,113,217,0,178,178,395
09/20/2002,MAF,TX,ASW,CE,Towers with Radar,28,34,38,63,163,0,4,31,2,37,28,38,69,65,200,32,46,78,278
09/21/2002,MAF,TX,ASW,CE,Towers with Radar,21,33,23,11,88,0,4,35,2,41,21,37,58,13,129,28,16,44,173
09/22/2002,MAF,TX,ASW,CE,Towers with Radar,24,34,24,0,82,0,1,20,3,24,24,35,44,3,106,10,0,10,116
09/23/2002,MAF,TX,ASW,CE,Towers with Radar,28,39,53,62,182,0,9,35,8,52,28,48,88,70,234,20,82,102,336
09/24/2002,MAF,TX,ASW,CE,Towers with Radar,30,41,55,63,189,0,7,46,5,58,30,48,101,68,247,6,68,74,321
09/25/2002,MAF,TX,ASW,CE,Towers with Radar,26,42,62,75,205,0,4,44,4,52,26,46,106,79,257,24,94,118,375
09/26/2002,MAF,TX,ASW,CE,Towers with Radar,29,39,56,33,157,0,7,30,1,38,29,46,86,34,195,20,54,74,269
09/27/2002,MAF,TX,ASW,CE,Towers with Radar,27,43,39,32,141,0,5,43,0,48,27,48,82,32,189,12,28,40,229
09/28/2002,MAF,TX,ASW,CE,Towers with Radar,24,29,31,3,87,0,4,26,1,31,24,33,57,4,118,22,0,22,140
09/29/2002,MAF,TX,ASW,CE,Towers with Radar,24,34,35,10,103,0,1,20,0,21,24,35,55,10,124,14,0,14,138
09/30/2002,MAF,TX,ASW,CE,Towers with Radar,28,39,46,8,121,0,6,33,0,39,28,45,79,8,160,16,0,16,176
10/01/2002,MAF,TX,ASW,CE,Towers with Radar,25,42,38,51,156,1,8,24,3,36,26,50,62,54,192,36,52,88,280
10/02/2002,MAF,TX,ASW,CE,Towers with Radar,28,40,37,41,146,0,4,49,0,53,28,44,86,41,199,4,36,40,239
10/03/2002,MAF,TX,ASW,CE,Towers with Radar,27,37,36,19,119,1,4,86,0,91,28,41,122,19,210,10,16,26,236
10/04/2002,MAF,TX,ASW,CE,Towers with Radar,30,49,53,41,173,2,5,192,11,210,32,54,245,52,383,82,14,96,479
10/05/2002,MAF,TX,ASW,CE,Towers with Radar,21,30,22,4,77,1,1,93,0,95,22,31,115,4,172,0,0,0,172
10/06/2002,MAF,TX,ASW,CE,Towers with Radar,23,33,31,4,91,1,0,117,0,118,24,33,148,4,209,2,0,2,211
10/07/2002,MAF,TX,ASW,CE,Towers with Radar,26,43,60,76,205,1,2,61,0,64,27,45,121,76,269,0,0,0,269
10/08/2002,MAF,TX,ASW,CE,Towers with Radar,28,45,43,0,116,1,1,7,0,9,29,46,50,0,125,44,0,44,169
10/09/2002,MAF,TX,ASW,CE,Towers with Radar,25,41,53,69,188,1,0,21,1,23,26,41,74,70,211,26,100,126,337
10/10/2002,MAF,TX,ASW,CE,Towers with Radar,27,42,56,71,196,1,1,25,0,27,28,43,81,71,223,38,24,62,285
10/11/2002,MAF,TX,ASW,CE,Towers with Radar,27,42,77,50,196,1,6,45,0,52,28,48,122,50,248,24,196,220,468
10/12/2002,MAF,TX,ASW,CE,Towers with Radar,23,28,27,0,78,1,1,38,2,42,24,29,65,2,120,26,0,26,146
10/13/2002,MAF,TX,ASW,CE,Towers with Radar,23,31,23,1,78,0,1,13,1,15,23,32,36,2,93,0,0,0,93
10/14/2002,MAF,TX,ASW,CE,Towers with Radar,27,39,41,4,111,0,3,33,2,38,27,42,74,6,149,8,0,8,157
10/15/2002,MAF,TX,ASW,CE,Towers with Radar,30,41,42,56,169,0,5,27,9,41,30,46,69,65,210,0,56,56,266
10/16/2002,MAF,TX,ASW,CE,Towers with Radar,26,43,44,49,162,0,4,45,9,58,26,47,89,58,220,16,54,70,290
10/17/2002,MAF,TX,ASW,CE,Towers with Radar,29,40,52,34,155,0,8,35,3,46,29,48,87,37,201,4,54,58,259
10/18/2002,MAF,TX,ASW,CE,Towers with Radar,29,41,23,14,107,0,1,13,0,14,29,42,36,14,121,0,0,0,121
10/19/2002,MAF,TX,ASW,CE,Towers with Radar,25,28,36,1,90,0,2,22,0,24,25,30,58,1,114,4,0,4,118
10/20/2002,MAF,TX,ASW,CE,Towers with Radar,23,33,43,6,105,0,1,15,0,16,23,34,58,6,121,0,0,0,121
10/21/2002,MAF,TX,ASW,CE,Towers with Radar,28,43,29,26,126,0,4,14,0,18,28,47,43,26,144,40,38,78,222
10/22/2002,MAF,TX,ASW,CE,Towers with Radar,28,46,47,34,155,0,4,27,0,31,28,50,74,34,186,26,34,60,246
10/23/2002,MAF,TX,ASW,CE,Towers with Radar,25,45,47,55,172,0,1,13,1,15,25,46,60,56,187,2,68,70,257
10/24/2002,MAF,TX,ASW,CE,Towers with Radar,28,49,29,43,149,0,0,0,0,0,28,49,29,43,149,0,0,0,149
10/25/2002,MAF,TX,ASW,CE,Towers with Radar,26,46,55,43,170,0,0,19,24,43,26,46,74,67,213,56,24,80,293
10/26/2002,MAF,TX,ASW,CE,Towers with Radar,26,32,14,1,73,0,0,0,0,0,26,32,14,1,73,0,0,0,73
10/27/2002,MAF,TX,ASW,CE,Towers with Radar,24,28,21,4,77,0,0,7,0,7,24,28,28,4,84,2,0,2,86
10/28/2002,MAF,TX,ASW,CE,Towers with Radar,45,60,35,38,178,0,0,9,0,9,45,60,44,38,187,38,32,70,257
10/29/2002,MAF,TX,ASW,CE,Towers with Radar,28,43,42,55,168,0,3,29,18,50,28,46,71,73,218,12,214,226,444
10/30/2002,MAF,TX,ASW,CE,Towers with Radar,28,46,62,24,160,0,0,10,0,10,28,46,72,24,170,16,4,20,190
10/31/2002,MAF,TX,ASW,CE,Towers with Radar,27,38,25,9,99,0,0,0,0,0,27,38,25,9,99,0,0,0,99
11/01/2002,MAF,TX,ASW,CE,Towers with Radar,28,52,39,18,137,1,0,1,1,3,29,52,40,19,140,0,0,0,140
11/02/2002,MAF,TX,ASW,CE,Towers with Radar,23,29,11,0,63,1,0,0,0,1,24,29,11,0,64,0,0,0,64
11/03/2002,MAF,TX,ASW,CE,Towers with Radar,23,31,37,8,99,0,0,4,2,6,23,31,41,10,105,0,0,0,105
11/04/2002,MAF,TX,ASW,CE,Towers with Radar,29,43,50,36,158,0,0,8,2,10,29,43,58,38,168,22,16,38,206
11/05/2002,MAF,TX,ASW,CE,Towers with Radar,26,35,50,99,210,0,3,29,2,34,26,38,79,101,244,8,86,94,338
11/06/2002,MAF,TX,ASW,CE,Towers with Radar,28,40,54,94,216,0,5,34,3,42,28,45,88,97,258,22,198,220,478
11/07/2002,MAF,TX,ASW,CE,Towers with Radar,27,43,23,21,114,0,4,33,3,40,27,47,56,24,154,2,114,116,270
11/08/2002,MAF,TX,ASW,CE,Towers with Radar,29,48,32,64,173,0,3,26,3,32,29,51,58,67,205,8,44,52,257
11/09/2002,MAF,TX,ASW,CE,Towers with Radar,24,27,15,21,87,0,3,12,3,18,24,30,27,24,105,0,16,16,121
11/10/2002,MAF,TX,ASW,CE,Towers with Radar,25,32,16,1,74,0,1,27,1,29,25,33,43,2,103,6,0,6,109
11/11/2002,MAF,TX,ASW,CE,Towers with Radar,16,24,24,2,66,13,19,27,0,59,29,43,51,2,125,22,0,22,147
11/12/2002,MAF,TX,ASW,CE,Towers with Radar,27,37,61,25,150,0,3,31,6,40,27,40,92,31,190,16,38,54,244
11/13/2002,MAF,TX,ASW,CE,Towers with Radar,28,43,63,86,220,0,3,26,5,34,28,46,89,91,254,8,76,84,338
11/14/2002,MAF,TX,ASW,CE,Towers with Radar,24,44,62,85,215,0,4,40,1,45,24,48,102,86,260,38,88,126,386
11/15/2002,MAF,TX,ASW,CE,Towers with Radar,25,40,45,48,158,0,0,18,9,27,25,40,63,57,185,2,38,40,225
11/16/2002,MAF,TX,ASW,CE,Towers with Radar,25,27,67,16,135,0,2,39,7,48,25,29,106,23,183,28,4,32,215
11/17/2002,MAF,TX,ASW,CE,Towers with Radar,25,31,26,0,82,0,0,23,0,23,25,31,49,0,105,0,0,0,105
11/18/2002,MAF,TX,ASW,CE,Towers with Radar,27,43,51,95,216,1,8,32,3,44,28,51,83,98,260,20,106,126,386
11/19/2002,MAF,TX,ASW,CE,Towers with Radar,28,39,51,67,185,0,4,33,2,39,28,43,84,69,224,28,68,96,320
11/20/2002,MAF,TX,ASW,CE,Towers with Radar,26,36,49,36,147,0,10,21,1,32,26,46,70,37,179,12,48,60,239
11/21/2002,MAF,TX,ASW,CE,Towers with Radar,28,50,54,60,192,0,3,38,4,45,28,53,92,64,237,36,102,138,375
11/22/2002,MAF,TX,ASW,CE,Towers with Radar,28,37,45,66,176,0,5,35,1,41,28,42,80,67,217,0,0,0,217
11/23/2002,MAF,TX,ASW,CE,Towers with Radar,24,30,29,19,102,0,0,50,1,51,24,30,79,20,153,0,0,0,153
11/24/2002,MAF,TX,ASW,CE,Towers with Radar,24,32,22,10,88,0,0,29,2,31,24,32,51,12,119,24,6,30,149
11/25/2002,MAF,TX,ASW,CE,Towers with Radar,25,48,42,106,221,0,0,19,5,24,25,48,61,111,245,2,226,228,473
11/26/2002,MAF,TX,ASW,CE,Towers with Radar,28,45,44,75,192,0,2,17,1,20,28,47,61,76,212,15,104,119,331
11/27/2002,MAF,TX,ASW,CE,Towers with Radar,32,37,32,51,152,0,5,35,1,41,32,42,67,52,193,0,90,90,283
11/28/2002,MAF,TX,ASW,CE,Towers with Radar,13,17,3,0,33,0,3,20,0,23,13,20,23,0,56,0,0,0,56
11/29/2002,MAF,TX,ASW,CE,Towers with Radar,21,30,27,0,78,0,2,20,0,22,21,32,47,0,100,5,0,5,105
11/30/2002,MAF,TX,ASW,CE,Towers with Radar,18,30,26,0,74,0,0,16,0,16,18,30,42,0,90,0,0,0,90
12/01/2002,MAF,TX,ASW,CE,Towers with Radar,24,33,17,0,74,0,0,31,0,31,24,33,48,0,105,6,0,6,111
12/02/2002,MAF,TX,ASW,CE,Towers with Radar,29,35,43,54,161,0,4,19,1,24,29,39,62,55,185,8,96,104,289
12/03/2002,MAF,TX,ASW,CE,Towers with Radar,28,37,22,43,130,0,0,0,0,0,28,37,22,43,130,0,8,8,138
12/04/2002,MAF,TX,ASW,CE,Towers with Radar,27,36,51,92,206,0,0,10,2,12,27,36,61,94,218,14,92,106,324
12/05/2002,MAF,TX,ASW,CE,Towers with Radar,34,46,33,15,128,0,0,5,0,5,34,46,38,15,133,0,6,6,139
12/06/2002,MAF,TX,ASW,CE,Towers with Radar,26,49,46,72,193,0,2,39,0,41,26,51,85,72,234,14,144,158,392
12/07/2002,MAF,TX,ASW,CE,Towers with Radar,25,22,43,4,94,0,2,44,4,50,25,24,87,8,144,0,0,0,144
12/08/2002,MAF,TX,ASW,CE,Towers with Radar,26,30,35,2,93,0,0,0,0,0,26,30,35,2,93,0,0,0,93
12/09/2002,MAF,TX,ASW,CE,Towers with Radar,30,45,33,129,237,0,1,7,0,8,30,46,40,129,245,18,186,204,449
12/10/2002,MAF,TX,ASW,CE,Towers with Radar,28,34,41,72,175,0,3,32,2,37,28,37,73,74,212,8,126,134,346
12/11/2002,MAF,TX,ASW,CE,Towers with Radar,27,39,40,84,190,0,3,29,6,38,27,42,69,90,228,30,160,190,418
12/12/2002,MAF,TX,ASW,CE,Towers with Radar,29,58,23,58,168,0,3,28,7,38,29,61,51,65,206,0,0,0,206
12/13/2002,MAF,TX,ASW,CE,Towers with Radar,29,40,27,50,146,0,4,52,1,57,29,44,79,51,203,32,50,82,285
12/14/2002,MAF,TX,ASW,CE,Towers with Radar,27,28,39,13,107,0,1,34,1,36,27,29,73,14,143,0,0,0,143
12/15/2002,MAF,TX,ASW,CE,Towers with Radar,25,28,16,34,103,0,0,23,2,25,25,28,39,36,128,0,24,24,152
12/16/2002,MAF,TX,ASW,CE,Towers with Radar,28,34,54,60,176,0,7,34,2,43,28,41,88,62,219,36,90,126,345
12/17/2002,MAF,TX,ASW,CE,Towers with Radar,29,32,30,61,152,0,6,28,2,36,29,38,58,63,188,6,134,140,328
12/18/2002,MAF,TX,ASW,CE,Towers with Radar,24,40,36,56,156,0,3,33,1,37,24,43,69,57,193,14,118,132,325
12/19/2002,MAF,TX,ASW,CE,Towers with Radar,28,42,52,63,185,0,5,32,2,39,28,47,84,65,224,0,132,132,356
12/20/2002,MAF,TX,ASW,CE,Towers with Radar,29,49,44,42,164,0,3,55,0,58,29,52,99,42,222,0,14,14,236
12/21/2002,MAF,TX,ASW,CE,Towers with Radar,25,25,23,0,73,0,1,24,1,26,25,26,47,1,99,2,0,2,101
12/22/2002,MAF,TX,ASW,CE,Towers with Radar,25,30,15,2,72,0,0,10,0,10,25,30,25,2,82,6,0,6,88
12/23/2002,MAF,TX,ASW,CE,Towers with Radar,27,42,27,0,96,0,0,0,0,0,27,42,27,0,96,0,0,0,96
12/24/2002,MAF,TX,ASW,CE,Towers with Radar,20,38,16,2,76,0,0,10,0,10,20,38,26,2,86,0,0,0,86
12/25/2002,MAF,TX,ASW,CE,Towers with Radar,19,24,7,0,50,0,1,6,0,7,19,25,13,0,57,0,0,0,57
12/26/2002,MAF,TX,ASW,CE,Towers with Radar,26,32,23,0,81,0,5,18,0,23,26,37,41,0,104,0,0,0,104
12/27/2002,MAF,TX,ASW,CE,Towers with Radar,28,40,43,0,111,0,5,32,0,37,28,45,75,0,148,0,0,0,148
12/28/2002,MAF,TX,ASW,CE,Towers with Radar,24,26,56,0,106,0,1,38,0,39,24,27,94,0,145,2,0,2,147
12/29/2002,MAF,TX,ASW,CE,Towers with Radar,25,27,11,0,63,0,0,20,0,20,25,27,31,0,83,0,0,0,83
12/30/2002,MAF,TX,ASW,CE,Towers with Radar,21,25,21,3,70,0,6,14,3,23,21,31,35,6,93,8,0,8,101
12/31/2002,MAF,TX,ASW,CE,Towers with Radar,22,32,20,1,75,0,4,31,0,35,22,36,51,1,110,4,0,4,114
01/01/2003,MAF,TX,ASW,CE,Towers with Radar,17,26,5,0,48,1,1,8,0,10,18,27,13,0,58,0,0,0,58
01/02/2003,MAF,TX,ASW,CE,Towers with Radar,25,33,29,0,87,0,6,33,0,39,25,39,62,0,126,30,0,30,156
01/03/2003,MAF,TX,ASW,CE,Towers with Radar,27,35,29,101,192,1,8,40,6,55,28,43,69,107,247,2,148,150,397
01/04/2003,MAF,TX,ASW,CE,Towers with Radar,24,24,26,41,115,0,3,35,1,39,24,27,61,42,154,24,28,52,206
01/05/2003,MAF,TX,ASW,CE,Towers with Radar,24,31,26,0,81,0,0,25,0,25,24,31,51,0,106,36,0,36,142
01/06/2003,MAF,TX,ASW,CE,Towers with Radar,27,50,13,56,146,0,4,20,1,25,27,54,33,57,171,2,22,24,195
01/07/2003,MAF,TX,ASW,CE,Towers with Radar,28,39,30,53,150,0,7,31,4,42,28,46,61,57,192,0,102,102,294
01/08/2003,MAF,TX,ASW,CE,Towers with Radar,30,32,40,71,173,0,4,29,6,39,30,36,69,77,212,6,180,186,398
01/09/2003,MAF,TX,ASW,CE,Towers with Radar,27,40,44,62,173,0,1,43,12,56,27,41,87,74,229,0,108,108,337
01/10/2003,MAF,TX,ASW,CE,Towers with Radar,28,37,41,46,152,0,3,30,0,33,28,40,71,46,185,0,30,30,215
01/11/2003,MAF,TX,ASW,CE,Towers with Radar,25,24,18,14,81,0,1,24,2,27,25,25,42,16,108,8,6,14,122
01/12/2003,MAF,TX,ASW,CE,Towers with Radar,21,32,51,27,131,0,0,3,1,4,21,32,54,28,135,0,0,0,135
01/13/2003,MAF,TX,ASW,CE,Towers with Radar,29,33,45,50,157,0,6,10,1,17,29,39,55,51,174,4,80,84,258
01/14/2003,MAF,TX,ASW,CE,Towers with Radar,26,32,28,51,137,0,3,15,8,26,26,35,43,59,163,8,20,28,191
01/15/2003,MAF,TX,ASW,CE,Towers with Radar,28,32,52,51,163,0,3,19,1,23,28,35,71,52,186,6,22,28,214
01/16/2003,MAF,TX,ASW,CE,Towers with Radar,26,36,42,49,153,1,7,22,1,31,27,43,64,50,184,26,78,104,288
01/17/2003,MAF,TX,ASW,CE,Towers with Radar,29,40,42,137,248,1,1,40,1,43,30,41,82,138,291,6,152,158,449
01/18/2003,MAF,TX,ASW,CE,Towers with Radar,19,25,24,5,73,1,2,45,1,49,20,27,69,6,122,18,0,18,140
01/19/2003,MAF,TX,ASW,CE,Towers with Radar,22,30,30,8,90,2,0,36,1,39,24,30,66,9,129,32,5,37,166
01/20/2003,MAF,TX,ASW,CE,Towers with Radar,29,31,25,5,90,0,3,31,1,35,29,34,56,6,125,2,0,2,127
01/21/2003,MAF,TX,ASW,CE,Towers with Radar,29,34,40,64,167,0,5,25,2,32,29,39,65,66,199,24,52,76,275
01/22/2003,MAF,TX,ASW,CE,Towers with Radar,28,35,37,54,154,0,5,39,0,44,28,40,76,54,198,16,74,90,288
01/23/2003,MAF,TX,ASW,CE,Towers with Radar,28,38,40,110,216,0,3,25,1,29,28,41,65,111,245,2,72,74,319
01/24/2003,MAF,TX,ASW,CE,Towers with Radar,29,40,67,110,246,0,4,38,3,45,29,44,105,113,291,6,78,84,375
01/25/2003,MAF,TX,ASW,CE,Towers with Radar,17,28,18,0,63,0,0,25,0,25,17,28,43,0,88,0,0,0,88
01/26/2003,MAF,TX,ASW,CE,Towers with Radar,21,32,30,38,121,0,0,23,1,24,21,32,53,39,145,2,12,14,159
01/27/2003,MAF,TX,ASW,CE,Towers with Radar,29,38,48,97,212,0,8,23,2,33,29,46,71,99,245,26,234,260,505
01/28/2003,MAF,TX,ASW,CE,Towers with Radar,29,35,52,90,206,0,5,34,1,40,29,40,86,91,246,24,90,114,360
01/29/2003,MAF,TX,ASW,CE,Towers with Radar,28,35,68,114,245,0,3,28,5,36,28,38,96,119,281,28,108,136,417
01/30/2003,MAF,TX,ASW,CE,Towers with Radar,26,36,50,54,166,0,3,30,0,33,26,39,80,54,199,8,78,86,285
01/31/2003,MAF,TX,ASW,CE,Towers with Radar,27,34,35,71,167,0,4,25,0,29,27,38,60,71,196,8,40,48,244
02/01/2003,MAF,TX,ASW,CE,Towers with Radar,16,24,25,1,66,1,0,20,0,21,17,24,45,1,87,10,0,10,97
02/02/2003,MAF,TX,ASW,CE,Towers with Radar,22,29,34,6,91,0,0,26,1,27,22,29,60,7,118,10,0,10,128
02/03/2003,MAF,TX,ASW,CE,Towers with Radar,27,33,35,59,154,0,6,22,3,31,27,39,57,62,185,8,122,130,315
02/04/2003,MAF,TX,ASW,CE,Towers with Radar,27,37,41,28,133,1,10,11,0,22,28,47,52,28,155,2,120,122,277
02/05/2003,MAF,TX,ASW,CE,Towers with Radar,29,34,49,73,185,0,3,10,3,16,29,37,59,76,201,16,102,118,319
02/06/2003,MAF,TX,ASW,CE,Towers with Radar,26,37,29,85,177,0,1,18,1,20,26,38,47,86,197,16,128,144,341
02/07/2003,MAF,TX,ASW,CE,Towers with Radar,29,42,26,33,130,0,0,8,1,9,29,42,34,34,139,0,0,0,139
02/08/2003,MAF,TX,ASW,CE,Towers with Radar,20,23,13,1,57,0,0,13,1,14,20,23,26,2,71,0,0,0,71
02/09/2003,MAF,TX,ASW,CE,Towers with Radar,23,35,33,19,110,0,0,36,1,37,23,35,69,20,147,2,2,4,151
02/10/2003,MAF,TX,ASW,CE,Towers with Radar,28,37,33,77,175,0,1,24,2,27,28,38,57,79,202,18,40,58,260
02/11/2003,MAF,TX,ASW,CE,Towers with Radar,33,37,34,89,193,0,2,33,5,40,33,39,67,94,233,26,138,164,397
02/12/2003,MAF,TX,ASW,CE,Towers with Radar,28,43,46,72,189,0,1,36,3,40,28,44,82,75,229,14,112,126,355
02/13/2003,MAF,TX,ASW,CE,Towers with Radar,26,45,44,50,165,0,0,9,1,10,26,45,53,51,175,14,138,152,327
02/14/2003,MAF,TX,ASW,CE,Towers with Radar,28,31,37,47,143,0,4,20,2,26,28,35,57,49,169,10,120,130,299
02/15/2003,MAF,TX,ASW,CE,Towers with Radar,21,29,40,4,94,0,0,23,1,24,21,29,63,5,118,18,0,18,136
02/16/2003,MAF,TX,ASW,CE,Towers with Radar,23,34,36,16,109,0,0,34,1,35,23,34,70,17,144,0,4,4,148
02/17/2003,MAF,TX,ASW,CE,Towers with Radar,29,42,66,1,138,0,1,54,1,56,29,43,120,2,194,28,2,30,224
02/18/2003,MAF,TX,ASW,CE,Towers with Radar,28,40,24,91,183,0,4,40,2,46,28,44,64,93,229,4,46,50,279
02/19/2003,MAF,TX,ASW,CE,Towers with Radar,30,38,43,92,203,0,2,21,3,26,30,40,64,95,229,8,72,80,309
02/20/2003,MAF,TX,ASW,CE,Towers with Radar,30,42,48,27,147,0,0,3,1,4,30,42,51,28,151,0,0,0,151
02/21/2003,MAF,TX,ASW,CE,Towers with Radar,35,48,52,164,299,0,0,15,2,17,35,48,67,166,316,8,4,12,328
02/22/2003,MAF,TX,ASW,CE,Towers with Radar,17,30,38,25,110,0,0,50,3,53,17,30,88,28,163,7,6,13,176
02/23/2003,MAF,TX,ASW,CE,Towers with Radar,21,34,26,5,86,0,0,34,1,35,21,34,60,6,121,0,0,0,121
02/24/2003,MAF,TX,ASW,CE,Towers with Radar,26,34,23,26,109,0,0,8,1,9,26,34,31,27,118,0,18,18,136
02/25/2003,MAF,TX,ASW,CE,Towers with Radar,28,32,19,113,192,0,0,21,1,22,28,32,40,114,214,6,248,254,468
02/26/2003,MAF,TX,ASW,CE,Towers with Radar,30,41,55,89,215,0,0,6,0,6,30,41,61,89,221,30,168,198,419
02/27/2003,MAF,TX,ASW,CE,Towers with Radar,28,46,103,88,265,0,2,43,1,46,28,48,146,89,311,2,186,188,499
02/28/2003,MAF,TX,ASW,CE,Towers with Radar,29,48,84,73,234,0,1,36,0,37,29,49,120,73,271,36,76,112,383
03/01/2003,MAF,TX,ASW,CE,Towers with Radar,17,35,31,21,104,0,0,18,0,18,17,35,49,21,122,2,18,20,142
03/02/2003,MAF,TX,ASW,CE,Towers with Radar,21,26,39,3,89,0,0,5,0,5,21,26,44,3,94,10,0,10,104
03/03/2003,MAF,TX,ASW,CE,Towers with Radar,28,39,28,114,209,0,2,22,4,28,28,41,50,118,237,4,64,68,305
03/04/2003,MAF,TX,ASW,CE,Towers with Radar,28,42,48,53,171,0,2,25,1,28,28,44,73,54,199,16,92,108,307
03/05/2003,MAF,TX,ASW,CE,Towers with Radar,30,39,41,124,234,0,5,33,5,43,30,44,74,129,277,22,116,138,415
03/06/2003,MAF,TX,ASW,CE,Towers with Radar,26,34,39,43,142,1,11,20,0,32,27,45,59,43,174,24,24,48,222
03/07/2003,MAF,TX,ASW,CE,Towers with Radar,33,37,68,32,170,0,4,47,3,54,33,41,115,35,224,0,42,42,266
03/08/2003,MAF,TX,ASW,CE,Towers with Radar,18,27,33,54,132,0,1,36,3,40,18,28,69,57,172,8,146,154,326
03/09/2003,MAF,TX,ASW,CE,Towers with Radar,20,35,38,4,97,0,0,36,0,36,20,35,74,4,133,24,0,24,157
03/10/2003,MAF,TX,ASW,CE,Towers with Radar,29,40,50,44,163,0,3,16,1,20,29,43,66,45,183,18,68,86,269
03/11/2003,MAF,TX,ASW,CE,Towers with Radar,29,35,41,61,166,0,3,14,2,19,29,38,55,63,185,0,100,100,285
03/12/2003,MAF,TX,ASW,CE,Towers with Radar,29,38,52,97,216,0,4,15,9,28,29,42,67,106,244,10,106,116,360
03/13/2003,MAF,TX,ASW,CE,Towers with Radar,25,39,45,56,165,0,3,17,2,22,25,42,62,58,187,14,36,50,237
03/14/2003,MAF,TX,ASW,CE,Towers with Radar,30,34,74,66,204,0,6,41,9,56,30,40,115,75,260,10,148,158,418
03/15/2003,MAF,TX,ASW,CE,Towers with Radar,18,25,43,0,86,0,1,30,2,33,18,26,73,2,119,0,0,0,119
03/16/2003,MAF,TX,ASW,CE,Towers with Radar,20,32,26,2,80,0,0,31,1,32,20,32,57,3,112,10,0,10,122
03/17/2003,MAF,TX,ASW,CE,Towers with Radar,29,38,44,52,163,0,4,39,4,47,29,42,83,56,210,0,102,102,312
03/18/2003,MAF,TX,ASW,CE,Towers with Radar,30,38,23,80,171,0,5,27,8,40,30,43,50,88,211,0,106,106,317
03/19/2003,MAF,TX,ASW,CE,Towers with Radar,29,35,32,66,162,0,4,18,2,24,29,39,50,68,186,0,186,186,372
03/20/2003,MAF,TX,ASW,CE,Towers with Radar,30,37,59,85,211,0,3,25,4,32,30,40,84,89,243,26,138,164,407
03/21/2003,MAF,TX,ASW,CE,Towers with Radar,32,37,31,30,130,0,1,29,6,36,32,38,60,36,166,0,56,56,222
03/22/2003,MAF,TX,ASW,CE,Towers with Radar,19,28,25,10,82,0,0,17,0,17,19,28,42,10,99,2,4,6,105
03/23/2003,MAF,TX,ASW,CE,Towers with Radar,18,26,18,12,74,0,0,20,0,20,18,26,38,12,94,8,0,8,102
03/24/2003,MAF,TX,ASW,CE,Towers with Radar,31,33,48,61,173,0,4,34,2,40,31,37,82,63,213,0,170,170,383
03/25/2003,MAF,TX,ASW,CE,Towers with Radar,29,42,43,98,212,0,0,33,2,35,29,42,76,100,247,34,182,216,463
03/26/2003,MAF,TX,ASW,CE,Towers with Radar,30,31,56,42,159,0,4,24,2,30,30,35,80,44,189,0,16,16,205
03/27/2003,MAF,TX,ASW,CE,Towers with Radar,31,42,35,47,155,0,4,26,3,33,31,46,61,50,188,0,34,34,222
03/28/2003,MAF,TX,ASW,CE,Towers with Radar,29,40,35,35,139,0,1,24,4,29,29,41,59,39,168,8,8,16,184
03/29/2003,MAF,TX,ASW,CE,Towers with Radar,21,23,26,1,71,0,1,25,0,26,21,24,51,1,97,2,0,2,99
03/30/2003,MAF,TX,ASW,CE,Towers with Radar,22,31,39,3,95,0,0,45,1,46,22,31,84,4,141,38,0,38,179
03/31/2003,MAF,TX,ASW,CE,Towers with Radar,29,36,36,44,145,0,4,34,3,41,29,40,70,47,186,12,100,112,298
04/01/2003,MAF,TX,ASW,CE,Towers with Radar,30,50,49,63,192,0,4,23,4,31,30,54,72,67,223,38,38,76,299
04/02/2003,MAF,TX,ASW,CE,Towers with Radar,29,55,43,53,180,0,4,22,0,26,29,59,65,53,206,32,90,122,328
04/03/2003,MAF,TX,ASW,CE,Towers with Radar,27,41,29,89,186,0,3,20,2,25,27,44,49,91,211,20,80,100,311
04/04/2003,MAF,TX,ASW,CE,Towers with Radar,29,35,57,119,240,0,6,41,7,54,29,41,98,126,294,6,140,146,440
04/05/2003,MAF,TX,ASW,CE,Towers with Radar,19,23,26,38,106,0,1,32,1,34,19,24,58,39,140,0,44,44,184
04/06/2003,MAF,TX,ASW,CE,Towers with Radar,24,25,26,30,105,0,0,40,4,44,24,25,66,34,149,4,0,4,153
04/07/2003,MAF,TX,ASW,CE,Towers with Radar,26,30,37,58,151,0,4,35,2,41,26,34,72,60,192,7,84,91,283
04/08/2003,MAF,TX,ASW,CE,Towers with Radar,30,36,78,60,204,0,4,38,4,46,30,40,116,64,250,12,124,136,386
04/09/2003,MAF,TX,ASW,CE,Towers with Radar,28,32,48,85,193,0,3,29,0,32,28,35,77,85,225,2,128,130,355
04/10/2003,MAF,TX,ASW,CE,Towers with Radar,28,29,52,68,177,0,4,24,1,29,28,33,76,69,206,2,92,94,300
04/11/2003,MAF,TX,ASW,CE,Towers with Radar,27,37,49,88,201,0,5,39,0,44,27,42,88,88,245,0,168,168,413
04/12/2003,MAF,TX,ASW,CE,Towers with Radar,20,21,35,7,83,0,1,36,2,39,20,22,71,9,122,10,0,10,132
04/13/2003,MAF,TX,ASW,CE,Towers with Radar,22,20,20,5,67,0,0,28,1,29,22,20,48,6,96,12,4,16,112
04/14/2003,MAF,TX,ASW,CE,Towers with Radar,33,35,38,114,220,0,6,35,0,41,33,41,73,114,261,4,100,104,365
04/15/2003,MAF,TX,ASW,CE,Towers with Radar,34,55,45,52,186,0,5,29,1,35,34,60,74,53,221,4,124,128,349
04/16/2003,MAF,TX,ASW,CE,Towers with Radar,32,27,41,125,225,0,4,28,3,35,32,31,69,128,260,4,154,158,418
04/17/2003,MAF,TX,ASW,CE,Towers with Radar,27,30,47,86,190,0,2,30,0,32,27,32,77,86,222,8,108,116,338
04/18/2003,MAF,TX,ASW,CE,Towers with Radar,32,31,48,67,178,0,5,43,1,49,32,36,91,68,227,4,60,64,291
04/19/2003,MAF,TX,ASW,CE,Towers with Radar,11,12,11,0,34,0,0,14,0,14,11,12,25,0,48,14,0,14,62
04/20/2003,MAF,TX,ASW,CE,Towers with Radar,21,23,19,34,97,0,1,31,1,33,21,24,50,35,130,0,20,20,150
04/21/2003,MAF,TX,ASW,CE,Towers with Radar,30,31,35,129,225,0,4,37,7,48,30,35,72,136,273,6,256,262,535
04/22/2003,MAF,TX,ASW,CE,Towers with Radar,28,34,76,147,285,0,4,37,0,41,28,38,113,147,326,22,102,124,450
04/23/2003,MAF,TX,ASW,CE,Towers with Radar,28,37,28,112,205,0,3,13,3,19,28,40,41,115,224,16,116,132,356
04/24/2003,MAF,TX,ASW,CE,Towers with Radar,29,32,29,116,206,0,4,32,5,41,29,36,61,121,247,2,128,130,377
04/25/2003,MAF,TX,ASW,CE,Towers with Radar,30,29,31,26,116,0,4,56,0,60,30,33,87,26,176,22,38,60,236
04/26/2003,MAF,TX,ASW,CE,Towers with Radar,18,18,20,19,75,0,2,37,4,43,18,20,57,23,118,0,7,7,125
04/27/2003,MAF,TX,ASW,CE,Towers with Radar,23,21,24,14,82,0,1,36,1,38,23,22,60,15,120,4,3,7,127
04/28/2003,MAF,TX,ASW,CE,Towers with Radar,28,38,36,63,165,0,5,43,7,55,28,43,79,70,220,2,40,42,262
04/29/2003,MAF,TX,ASW,CE,Towers with Radar,29,33,47,108,217,0,4,25,2,31,29,37,72,110,248,52,114,166,414
04/30/2003,MAF,TX,ASW,CE,Towers with Radar,29,25,50,68,172,0,4,27,8,39,29,29,77,76,211,6,78,84,295
05/01/2003,MAF,TX,ASW,CE,Towers with Radar,28,30,36,81,175,0,5,28,3,36,28,35,64,84,211,0,190,190,401
05/02/2003,MAF,TX,ASW,CE,Towers with Radar,32,35,38,144,249,0,4,31,5,40,32,39,69,149,289,4,194,198,487
05/03/2003,MAF,TX,ASW,CE,Towers with Radar,17,18,18,4,57,0,0,24,0,24,17,18,42,4,81,4,0,4,85
05/04/2003,MAF,TX,ASW,CE,Towers with Radar,21,23,16,6,66,0,0,15,3,18,21,23,31,9,84,1,0,1,85
05/05/2003,MAF,TX,ASW,CE,Towers with Radar,28,28,53,87,196,0,8,24,2,34,28,36,77,89,230,26,114,140,370
05/06/2003,MAF,TX,ASW,CE,Towers with Radar,30,34,43,91,198,0,5,30,2,37,30,39,73,93,235,28,130,158,393
05/07/2003,MAF,TX,ASW,CE,Towers with Radar,28,29,51,44,152,0,4,24,0,28,28,33,75,44,180,0,74,74,254
05/08/2003,MAF,TX,ASW,CE,Towers with Radar,29,31,35,54,149,0,4,30,1,35,29,35,65,55,184,18,168,186,370
05/09/2003,MAF,TX,ASW,CE,Towers with Radar,28,28,44,76,176,0,4,22,1,27,28,32,66,77,203,22,64,86,289
05/10/2003,MAF,TX,ASW,CE,Towers with Radar,17,21,23,9,70,0,1,24,0,25,17,22,47,9,95,10,0,10,105
05/11/2003,MAF,TX,ASW,CE,Towers with Radar,22,22,10,10,64,0,0,14,3,17,22,22,24,13,81,0,0,0,81
05/12/2003,MAF,TX,ASW,CE,Towers with Radar,27,32,46,71,176,0,7,22,3,32,27,39,68,74,208,8,114,122,330
05/13/2003,MAF,TX,ASW,CE,Towers with Radar,30,37,52,82,201,0,4,33,5,42,30,41,85,87,243,58,118,176,419
05/14/2003,MAF,TX,ASW,CE,Towers with Radar,27,33,36,65,161,0,4,26,0,30,27,37,62,65,191,30,80,110,301
05/15/2003,MAF,TX,ASW,CE,Towers with Radar,28,36,45,77,186,0,3,33,1,37,28,39,78,78,223,20,112,132,355
05/16/2003,MAF,TX,ASW,CE,Towers with Radar,30,43,52,85,210,0,5,49,6,60,30,48,101,91,270,22,128,150,420
05/17/2003,MAF,TX,ASW,CE,Towers with Radar,18,22,29,11,80,0,1,38,0,39,18,23,67,11,119,8,86,94,213
05/18/2003,MAF,TX,ASW,CE,Towers with Radar,21,21,29,13,84,0,1,35,2,38,21,22,64,15,122,0,36,36,158
05/19/2003,MAF,TX,ASW,CE,Towers with Radar,29,29,40,2,100,0,7,35,0,42,29,36,75,2,142,18,0,18,160
05/20/2003,MAF,TX,ASW,CE,Towers with Radar,26,35,27,68,156,0,0,7,0,7,26,35,34,68,163,0,0,0,163
05/21/2003,MAF,TX,ASW,CE,Towers with Radar,29,37,43,29,138,0,0,16,0,16,29,37,59,29,154,0,96,96,250
05/22/2003,MAF,TX,ASW,CE,Towers with Radar,26,43,55,55,179,0,2,26,0,28,26,45,81,55,207,16,38,54,261
05/23/2003,MAF,TX,ASW,CE,Towers with Radar,29,51,38,80,198,0,3,43,2,48,29,54,81,82,246,4,73,77,323
05/24/2003,MAF,TX,ASW,CE,Towers with Radar,17,16,20,3,56,0,1,30,1,32,17,17,50,4,88,2,0,2,90
05/25/2003,MAF,TX,ASW,CE,Towers with Radar,19,21,15,2,57,0,0,20,0,20,19,21,35,2,77,6,0,6,83
05/26/2003,MAF,TX,ASW,CE,Towers with Radar,19,26,21,0,66,0,0,19,1,20,19,26,40,1,86,10,0,10,96
05/27/2003,MAF,TX,ASW,CE,Towers with Radar,30,31,44,2,107,0,2,14,3,19,30,33,58,5,126,6,0,6,132
05/28/2003,MAF,TX,ASW,CE,Towers with Radar,29,29,41,101,200,0,6,34,5,45,29,35,75,106,245,20,130,150,395
05/29/2003,MAF,TX,ASW,CE,Towers with Radar,26,30,24,47,127,0,4,42,1,47,26,34,66,48,174,64,88,152,326
05/30/2003,MAF,TX,ASW,CE,Towers with Radar,29,36,34,44,143,0,2,32,10,44,29,38,66,54,187,16,102,118,305
05/31/2003,MAF,TX,ASW,CE,Towers with Radar,20,19,39,9,87,0,2,35,4,41,20,21,74,13,128,0,0,0,128
06/01/2003,MAF,TX,ASW,CE,Towers with Radar,17,25,23,5,70,0,1,26,2,29,17,26,49,7,99,8,4,12,111
06/02/2003,MAF,TX,ASW,CE,Towers with Radar,22,25,29,13,89,0,0,15,5,20,22,25,44,18,109,6,6,12,121
06/03/2003,MAF,TX,ASW,CE,Towers with Radar,26,36,14,34,110,0,5,32,2,39,26,41,46,36,149,16,90,106,255
06/04/2003,MAF,TX,ASW,CE,Towers with Radar,27,38,33,84,182,0,2,24,2,28,27,40,57,86,210,10,128,138,348
06/05/2003,MAF,TX,ASW,CE,Towers with Radar,26,40,26,7,99,0,0,15,0,15,26,40,41,7,114,12,16,28,142
06/06/2003,MAF,TX,ASW,CE,Towers with Radar,28,40,18,21,107,0,1,22,0,23,28,41,40,21,130,0,40,40,170
06/07/2003,MAF,TX,ASW,CE,Towers with Radar,29,34,17,69,149,0,5,35,2,42,29,39,52,71,191,2,124,126,317
06/08/2003,MAF,TX,ASW,CE,Towers with Radar,16,24,25,0,65,0,1,33,0,34,16,25,58,0,99,28,0,28,127
06/09/2003,MAF,TX,ASW,CE,Towers with Radar,23,30,18,0,71,0,3,31,3,37,23,33,49,3,108,14,0,14,122
06/10/2003,MAF,TX,ASW,CE,Towers with Radar,26,41,27,82,176,0,7,28,6,41,26,48,55,88,217,42,148,190,407
06/11/2003,MAF,TX,ASW,CE,Towers with Radar,26,45,24,97,192,0,4,30,2,36,26,49,54,99,228,16,148,164,392
06/12/2003,MAF,TX,ASW,CE,Towers with Radar,28,40,21,45,134,0,4,42,3,49,28,44,63,48,183,30,102,132,315
06/13/2003,MAF,TX,ASW,CE,Towers with Radar,32,42,24,50,148,0,3,30,9,42,32,45,54,59,190,8,136,144,334
06/14/2003,MAF,TX,ASW,CE,Towers with Radar,28,41,38,11,118,0,1,21,1,23,28,42,59,12,141,18,4,22,163
06/15/2003,MAF,TX,ASW,CE,Towers with Radar,23,33,19,0,75,0,1,27,0,28,23,34,46,0,103,18,0,18,121
06/16/2003,MAF,TX,ASW,CE,Towers with Radar,24,30,29,1,84,0,3,42,1,46,24,33,71,2,130,22,0,22,152
06/17/2003,MAF,TX,ASW,CE,Towers with Radar,28,39,17,87,171,0,4,49,3,56,28,43,66,90,227,6,82,88,315
06/18/2003,MAF,TX,ASW,CE,Towers with Radar,29,42,24,77,172,0,6,37,1,44,29,48,61,78,216,2,48,50,266
06/19/2003,MAF,TX,ASW,CE,Towers with Radar,26,38,35,74,173,0,7,48,3,58,26,45,83,77,231,0,230,230,461
06/20/2003,MAF,TX,ASW,CE,Towers with Radar,29,38,23,63,153,0,8,71,2,81,29,46,94,65,234,0,94,94,328
06/21/2003,MAF,TX,ASW,CE,Towers with Radar,28,40,42,69,179,0,6,71,1,78,28,46,113,70,257,10,142,152,409
06/22/2003,MAF,TX,ASW,CE,Towers with Radar,22,30,18,16,86,0,4,38,0,42,22,34,56,16,128,24,10,34,162
06/23/2003,MAF,TX,ASW,CE,Towers with Radar,23,30,24,6,83,0,0,31,0,31,23,30,55,6,114,12,6,18,132
06/24/2003,MAF,TX,ASW,CE,Towers with Radar,28,37,26,6,97,0,9,41,0,50,28,46,67,6,147,16,2,18,165
06/25/2003,MAF,TX,ASW,CE,Towers with Radar,26,47,18,42,133,0,4,22,1,27,26,51,40,43,160,12,68,80,240
06/26/2003,MAF,TX,ASW,CE,Towers with Radar,27,45,33,22,127,0,9,30,1,40,27,54,63,23,167,24,20,44,211
06/27/2003,MAF,TX,ASW,CE,Towers with Radar,27,42,31,62,162,0,8,25,2,35,27,50,56,64,197,12,46,58,255
06/28/2003,MAF,TX,ASW,CE,Towers with Radar,28,38,28,93,187,0,7,45,6,58,28,45,73,99,245,54,170,224,469
06/29/2003,MAF,TX,ASW,CE,Towers with Radar,22,29,30,8,89,0,1,27,0,28,22,30,57,8,117,22,0,22,139
06/30/2003,MAF,TX,ASW,CE,Towers with Radar,25,32,29,116,202,0,0,26,3,29,25,32,55,119,231,2,130,132,363
07/01/2003,MAF,TX,ASW,CE,Towers with Radar,28,44,23,59,154,0,2,23,2,27,28,46,46,61,181,34,36,70,251
07/02/2003,MAF,TX,ASW,CE,Towers with Radar,28,45,32,84,189,0,3,10,1,14,28,48,42,85,203,12,130,142,345
07/03/2003,MAF,TX,ASW,CE,Towers with Radar,25,50,21,9,105,0,1,14,1,16,25,51,35,10,121,2,4,6,127
07/04/2003,MAF,TX,ASW,CE,Towers with Radar,39,26,18,1,84,0,3,15,1,19,39,29,33,2,103,24,0,24,127
07/05/2003,MAF,TX,ASW,CE,Towers with Radar,26,32,7,0,65,0,1,33,0,34,26,33,40,0,99,40,0,40,139
07/06/2003,MAF,TX,ASW,CE,Towers with Radar,24,32,36,0,92,0,2,25,0,27,24,34,61,0,119,40,0,40,159
07/07/2003,MAF,TX,ASW,CE,Towers with Radar,21,32,22,2,77,0,3,20,0,23,21,35,42,2,100,8,0,8,108
07/08/2003,MAF,TX,ASW,CE,Towers with Radar,29,46,27,66,168,0,1,23,2,26,29,47,50,68,194,24,96,120,314
07/09/2003,MAF,TX,ASW,CE,Towers with Radar,29,39,13,62,143,0,7,35,2,44,29,46,48,64,187,14,116,130,317
07/10/2003,MAF,TX,ASW,CE,Towers with Radar,29,44,39,131,243,0,2,30,4,36,29,46,69,135,279,36,162,198,477
07/11/2003,MAF,TX,ASW,CE,Towers with Radar,24,40,32,71,167,0,4,31,10,45,24,44,63,81,212,16,222,238,450
07/12/2003,MAF,TX,ASW,CE,Towers with Radar,25,43,31,50,149,0,3,38,0,41,25,46,69,50,190,6,60,66,256
07/13/2003,MAF,TX,ASW,CE,Towers with Radar,25,29,27,7,88,0,0,33,0,33,25,29,60,7,121,24,2,26,147
07/14/2003,MAF,TX,ASW,CE,Towers with Radar,24,29,23,63,139,0,0,22,4,26,24,29,45,67,165,16,36,52,217
07/15/2003,MAF,TX,ASW,CE,Towers with Radar,59,38,34,208,339,0,6,39,15,60,59,44,73,223,399,38,190,228,627
07/16/2003,MAF,TX,ASW,CE,Towers with Radar,27,42,30,85,184,0,4,38,7,49,27,46,68,92,233,56,106,162,395
07/17/2003,MAF,TX,ASW,CE,Towers with Radar,28,47,37,93,205,0,5,39,8,52,28,52,76,101,257,68,190,258,515
07/18/2003,MAF,TX,ASW,CE,Towers with Radar,29,42,36,96,203,0,0,26,5,31,29,42,62,101,234,4,138,142,376
07/19/2003,MAF,TX,ASW,CE,Towers with Radar,28,39,26,79,172,0,4,41,5,50,28,43,67,84,222,2,120,122,344
07/20/2003,MAF,TX,ASW,CE,Towers with Radar,23,32,33,9,97,0,2,48,1,51,23,34,81,10,148,24,2,26,174
07/21/2003,MAF,TX,ASW,CE,Towers with Radar,24,34,29,0,87,0,0,32,0,32,24,34,61,0,119,28,0,28,147
07/22/2003,MAF,TX,ASW,CE,Towers with Radar,28,39,24,122,213,0,3,18,4,25,28,42,42,126,238,0,124,124,362
07/23/2003,MAF,TX,ASW,CE,Towers with Radar,28,41,43,54,166,0,9,31,1,41,28,50,74,55,207,6,72,78,285
07/24/2003,MAF,TX,ASW,CE,Towers with Radar,31,41,36,68,176,0,7,31,6,44,31,48,67,74,220,8,176,184,404
07/25/2003,MAF,TX,ASW,CE,Towers with Radar,25,40,28,96,189,0,6,32,4,42,25,46,60,100,231,0,0,0,231
07/26/2003,MAF,TX,ASW,CE,Towers with Radar,30,39,23,56,148,0,6,42,6,54,30,45,65,62,202,6,16,22,224
07/27/2003,MAF,TX,ASW,CE,Towers with Radar,22,32,25,51,130,0,1,34,3,38,22,33,59,54,168,4,76,80,248
07/28/2003,MAF,TX,ASW,CE,Towers with Radar,23,31,30,7,91,0,3,26,1,30,23,34,56,8,121,28,2,30,151
07/29/2003,MAF,TX,ASW,CE,Towers with Radar,29,46,28,26,129,0,2,34,0,36,29,48,62,26,165,20,88,108,273
07/30/2003,MAF,TX,ASW,CE,Towers with Radar,28,44,29,44,145,0,6,33,0,39,28,50,62,44,184,28,62,90,274
07/31/2003,MAF,TX,ASW,CE,Towers with Radar,26,39,50,65,180,0,2,33,2,37,26,41,83,67,217,6,190,196,413
08/01/2003,MAF,TX,ASW,CE,Towers with Radar,26,40,22,36,124,0,5,34,11,50,26,45,56,47,174,36,176,212,386
08/02/2003,MAF,TX,ASW,CE,Towers with Radar,25,44,34,33,136,0,3,27,1,31,25,47,61,34,167,24,20,44,211
08/03/2003,MAF,TX,ASW,CE,Towers with Radar,24,26,17,6,73,0,1,44,0,45,24,27,61,6,118,6,0,6,124
08/04/2003,MAF,TX,ASW,CE,Towers with Radar,27,34,16,12,89,0,2,24,1,27,27,36,40,13,116,6,0,6,122
08/05/2003,MAF,TX,ASW,CE,Towers with Radar,32,40,30,46,148,0,5,30,5,40,32,45,60,51,188,14,108,122,310
08/06/2003,MAF,TX,ASW,CE,Towers with Radar,29,41,42,67,179,0,5,43,1,49,29,46,85,68,228,20,72,92,320
08/07/2003,MAF,TX,ASW,CE,Towers with Radar,29,46,58,22,155,0,6,34,10,50,29,52,92,32,205,18,100,118,323
08/08/2003,MAF,TX,ASW,CE,Towers with Radar,33,43,30,79,185,0,4,45,1,50,33,47,75,80,235,44,182,226,461
08/09/2003,MAF,TX,ASW,CE,Towers with Radar,29,42,43,87,201,0,4,64,2,70,29,46,107,89,271,18,126,144,415
08/10/2003,MAF,TX,ASW,CE,Towers with Radar,21,30,11,5,67,1,0,25,0,26,22,30,36,5,93,2,0,2,95
08/11/2003,MAF,TX,ASW,CE,Towers with Radar,28,34,15,15,92,0,0,29,6,35,28,34,44,21,127,14,0,14,141
08/12/2003,MAF,TX,ASW,CE,Towers with Radar,28,38,11,31,108,0,7,20,2,29,28,45,31,33,137,16,64,80,217
08/13/2003,MAF,TX,ASW,CE,Towers with Radar,28,42,41,57,168,0,6,38,1,45,28,48,79,58,213,24,172,196,409
08/14/2003,MAF,TX,ASW,CE,Towers with Radar,26,42,45,28,141,0,2,31,5,38,26,44,76,33,179,14,6,20,199
08/15/2003,MAF,TX,ASW,CE,Towers with Radar,28,37,43,56,164,0,7,37,2,46,28,44,80,58,210,20,140,160,370
08/16/2003,MAF,TX,ASW,CE,Towers with Radar,28,38,50,129,245,0,1,33,1,35,28,39,83,130,280,2,120,122,402
08/17/2003,MAF,TX,ASW,CE,Towers with Radar,20,29,28,2,79,0,4,33,0,37,20,33,61,2,116,0,0,0,116
08/18/2003,MAF,TX,ASW,CE,Towers with Radar,26,32,30,27,115,0,0,26,2,28,26,32,56,29,143,0,0,0,143
08/19/2003,MAF,TX,ASW,CE,Towers with Radar,28,38,29,53,148,0,2,25,2,29,28,40,54,55,177,14,132,146,323
08/20/2003,MAF,TX,ASW,CE,Towers with Radar,28,46,33,37,144,0,3,21,2,26,28,49,54,39,170,6,84,90,260
08/21/2003,MAF,TX,ASW,CE,Towers with Radar,28,50,53,32,163,0,2,37,1,40,28,52,90,33,203,38,184,222,425
08/22/2003,MAF,TX,ASW,CE,Towers with Radar,26,40,44,44,154,0,2,38,0,40,26,42,82,44,194,2,128,130,324
08/23/2003,MAF,TX,ASW,CE,Towers with Radar,28,41,28,68,165,1,4,35,9,49,29,45,63,77,214,20,57,77,291
08/24/2003,MAF,TX,ASW,CE,Towers with Radar,24,32,49,54,159,0,4,44,2,50,24,36,93,56,209,14,92,106,315
08/25/2003,MAF,TX,ASW,CE,Towers with Radar,22,52,46,11,131,0,2,24,6,32,22,54,70,17,163,24,6,30,193
08/26/2003,MAF,TX,ASW,CE,Towers with Radar,26,40,34,15,115,0,8,23,8,39,26,48,57,23,154,18,16,34,188
08/27/2003,MAF,TX,ASW,CE,Towers with Radar,26,43,55,75,199,0,7,20,7,34,26,50,75,82,233,16,114,130,363
08/28/2003,MAF,TX,ASW,CE,Towers with Radar,29,39,45,36,149,0,6,25,1,32,29,45,70,37,181,4,92,96,277
08/29/2003,MAF,TX,ASW,CE,Towers with Radar,27,45,32,47,151,0,3,25,6,34,27,48,57,53,185,12,32,44,229
08/30/2003,MAF,TX,ASW,CE,Towers with Radar,27,40,62,51,180,0,7,44,0,51,27,47,106,51,231,0,72,72,303
08/31/2003,MAF,TX,ASW,CE,Towers with Radar,20,29,19,3,71,0,0,29,0,29,20,29,48,3,100,28,0,28,128
09/01/2003,MAF,TX,ASW,CE,Towers with Radar,18,17,4,4,43,0,0,13,2,15,18,17,17,6,58,8,0,8,66
09/02/2003,MAF,TX,ASW,CE,Towers with Radar,24,26,25,11,86,0,0,29,3,32,24,26,54,14,118,0,0,0,118
09/03/2003,MAF,TX,ASW,CE,Towers with Radar,25,33,15,59,132,0,5,26,3,34,25,38,41,62,166,0,42,42,208
09/04/2003,MAF,TX,ASW,CE,Towers with Radar,27,38,25,59,149,0,4,20,1,25,27,42,45,60,174,8,122,130,304
09/05/2003,MAF,TX,ASW,CE,Towers with Radar,26,40,48,85,199,0,6,39,2,47,26,46,87,87,246,26,148,174,420
09/06/2003,MAF,TX,ASW,CE,Towers with Radar,28,40,58,62,188,0,4,35,3,42,28,44,93,65,230,21,94,115,345
09/07/2003,MAF,TX,ASW,CE,Towers with Radar,22,27,13,59,121,0,1,32,2,35,22,28,45,61,156,0,34,34,190
09/08/2003,MAF,TX,ASW,CE,Towers with Radar,24,29,54,29,136,0,2,17,4,23,24,31,71,33,159,24,8,32,191
09/09/2003,MAF,TX,ASW,CE,Towers with Radar,27,35,31,89,182,0,5,29,2,36,27,40,60,91,218,0,108,108,326
09/10/2003,MAF,TX,ASW,CE,Towers with Radar,28,38,55,69,190,0,4,23,8,35,28,42,78,77,225,14,38,52,277
09/11/2003,MAF,TX,ASW,CE,Towers with Radar,30,34,63,11,138,0,1,28,4,33,30,35,91,15,171,34,38,72,243
09/12/2003,MAF,TX,ASW,CE,Towers with Radar,26,41,52,64,183,0,7,23,1,31,26,48,75,65,214,30,40,70,284
09/13/2003,MAF,TX,ASW,CE,Towers with Radar,28,49,47,86,210,0,4,36,0,40,28,53,83,86,250,10,158,168,418
09/14/2003,MAF,TX,ASW,CE,Towers with Radar,21,31,25,1,78,0,0,22,7,29,21,31,47,8,107,12,0,12,119
09/15/2003,MAF,TX,ASW,CE,Towers with Radar,22,32,23,3,80,0,0,13,2,15,22,32,36,5,95,4,0,4,99
09/16/2003,MAF,TX,ASW,CE,Towers with Radar,30,42,35,80,187,0,6,25,5,36,30,48,60,85,223,0,162,162,385
09/17/2003,MAF,TX,ASW,CE,Towers with Radar,26,41,26,102,195,0,7,15,5,27,26,48,41,107,222,28,202,230,452
09/18/2003,MAF,TX,ASW,CE,Towers with Radar,26,43,39,62,170,0,3,26,2,31,26,46,65,64,201,6,108,114,315
09/19/2003,MAF,TX,ASW,CE,Towers with Radar,24,33,27,108,192,0,1,19,5,25,24,34,46,113,217,0,178,178,395
09/20/2003,MAF,TX,ASW,CE,Towers with Radar,28,35,39,62,164,0,3,30,3,36,28,38,69,65,200,32,46,78,278
09/21/2003,MAF,TX,ASW,CE,Towers with Radar,21,34,24,10,89,0,3,34,3,40,21,37,58,13,129,28,16,44,173
09/22/2003,MAF,TX,ASW,CE,Towers with Radar,24,35,25,0,84,0,0,19,3,22,24,35,44,3,106,10,0,10,116
09/23/2003,MAF,TX,ASW,CE,Towers with Radar,28,40,54,61,183,0,8,34,9,51,28,48,88,70,234,20,82,102,336
09/24/2003,MAF,TX,ASW,CE,Towers with Radar,30,42,56,62,190,0,6,45,6,57,30,48,101,68,247,6,68,74,321
09/25/2003,MAF,TX,ASW,CE,Towers with Radar,26,43,63,74,206,0,3,43,5,51,26,46,106,79,257,24,94,118,375
09/26/2003,MAF,TX,ASW,CE,Towers with Radar,29,40,57,32,158,0,6,29,2,37,29,46,86,34,195,20,54,74,269
09/27/2003,MAF,TX,ASW,CE,Towers with Radar,27,44,40,31,142,0,4,42,1,47,27,48,82,32,189,12,28,40,229
09/28/2003,MAF,TX,ASW,CE,Towers with Radar,24,30,32,2,88,0,3,25,2,30,24,33,57,4,118,22,0,22,140
09/29/2003,MAF,TX,ASW,CE,Towers with Radar,24,35,36,10,105,0,0,19,0,19,24,35,55,10,124,14,0,14,138
09/30/2003,MAF,TX,ASW,CE,Towers with Radar,28,40,47,8,123,0,5,32,0,37,28,45,79,8,160,16,0,16,176
10/01/2003,MAF,TX,ASW,CE,Towers with Radar,26,42,37,50,155,0,8,25,4,37,26,50,62,54,192,36,52,88,280
10/02/2003,MAF,TX,ASW,CE,Towers with Radar,28,40,36,41,145,0,4,50,0,54,28,44,86,41,199,4,36,40,239
10/03/2003,MAF,TX,ASW,CE,Towers with Radar,28,37,35,19,119,0,4,87,0,91,28,41,122,19,210,10,16,26,236
10/04/2003,MAF,TX,ASW,CE,Towers with Radar,31,49,52,40,172,1,5,193,12,211,32,54,245,52,383,81,14,95,478
10/05/2003,MAF,TX,ASW,CE,Towers with Radar,22,30,21,4,77,0,1,94,0,95,22,31,115,4,172,0,0,0,172
10/06/2003,MAF,TX,ASW,CE,Towers with Radar,24,33,30,4,91,0,0,118,0,118,24,33,148,4,209,2,0,2,211
10/07/2003,MAF,TX,ASW,CE,Towers with Radar,27,43,59,75,204,0,2,62,1,65,27,45,121,76,269,0,0,0,269
10/08/2003,MAF,TX,ASW,CE,Towers with Radar,29,45,42,0,116,0,1,8,0,9,29,46,50,0,125,44,0,44,169
10/09/2003,MAF,TX,ASW,CE,Towers with Radar,26,41,52,68,187,0,0,22,2,24,26,41,74,70,211,26,100,126,337
10/10/2003,MAF,TX,ASW,CE,Towers with Radar,28,42,55,71,196,0,1,26,0,27,28,43,81,71,223,38,24,62,285
10/11/2003,MAF,TX,ASW,CE,Towers with Radar,28,42,76,50,196,0,6,46,0,52,28,48,122,50,248,24,196,220,468
10/12/2003,MAF,TX,ASW,CE,Towers with Radar,24,28,26,0,78,0,1,39,2,42,24,29,65,2,120,26,0,26,146
10/13/2003,MAF,TX,ASW,CE,Towers with Radar,23,32,22,1,78,0,0,14,1,15,23,32,36,2,93,0,0,0,93
10/14/2003,MAF,TX,ASW,CE,Towers with Radar,27,40,40,4,111,0,2,34,2,38,27,42,74,6,149,8,0,8,157
10/15/2003,MAF,TX,ASW,CE,Towers with Radar,30,42,41,56,169,0,4,28,9,41,30,46,69,65,210,0,56,56,266
10/16/2003,MAF,TX,ASW,CE,Towers with Radar,26,44,44,48,162,0,3,45,10,58,26,47,89,58,220,16,54,70,290
10/17/2003,MAF,TX,ASW,CE,Towers with Radar,29,41,52,33,155,0,7,35,4,46,29,48,87,37,201,4,54,58,259
10/18/2003,MAF,TX,ASW,CE,Towers with Radar,29,42,23,14,108,0,0,13,0,13,29,42,36,14,121,0,0,0,121
10/19/2003,MAF,TX,ASW,CE,Towers with Radar,25,29,36,1,91,0,1,22,0,23,25,30,58,1,114,4,0,4,118
10/20/2003,MAF,TX,ASW,CE,Towers with Radar,23,34,43,6,106,0,0,15,0,15,23,34,58,6,121,0,0,0,121
10/21/2003,MAF,TX,ASW,CE,Towers with Radar,28,44,29,25,126,0,3,14,1,18,28,47,43,26,144,40,38,78,222
10/22/2003,MAF,TX,ASW,CE,Towers with Radar,28,47,47,34,156,0,3,27,0,30,28,50,74,34,186,26,34,60,246
10/23/2003,MAF,TX,ASW,CE,Towers with Radar,25,45,47,54,171,0,1,13,2,16,25,46,60,56,187,2,68,70,257
10/24/2003,MAF,TX,ASW,CE,Towers with Radar,28,49,29,43,149,0,0,0,0,0,28,49,29,43,149,0,0,0,149
10/25/2003,MAF,TX,ASW,CE,Towers with Radar,26,46,70,67,209,0,0,4,0,4,26,46,74,67,213,56,24,80,293
10/26/2003,MAF,TX,ASW,CE,Towers with Radar,26,32,14,1,73,0,0,0,0,0,26,32,14,1,73,0,0,0,73
10/27/2003,MAF,TX,ASW,CE,Towers with Radar,24,28,21,4,77,0,0,7,0,7,24,28,28,4,84,2,0,2,86
10/28/2003,MAF,TX,ASW,CE,Towers with Radar,45,60,35,38,178,0,0,9,0,9,45,60,44,38,187,38,32,70,257
10/29/2003,MAF,TX,ASW,CE,Towers with Radar,28,43,42,54,167,0,3,29,19,51,28,46,71,73,218,12,214,226,444
10/30/2003,MAF,TX,ASW,CE,Towers with Radar,28,46,62,24,160,0,0,10,0,10,28,46,72,24,170,16,4,20,190
10/31/2003,MAF,TX,ASW,CE,Towers with Radar,27,38,25,9,99,0,0,0,0,0,27,38,25,9,99,0,0,0,99
11/01/2003,MAF,TX,ASW,CE,Towers with Radar,29,52,39,19,139,0,0,1,0,1,29,52,40,19,140,0,0,0,140
11/02/2003,MAF,TX,ASW,CE,Towers with Radar,24,29,11,0,64,0,0,0,0,0,24,29,11,0,64,0,0,0,64
11/03/2003,MAF,TX,ASW,CE,Towers with Radar,23,31,37,10,101,0,0,4,0,4,23,31,41,10,105,0,0,0,105
11/04/2003,MAF,TX,ASW,CE,Towers with Radar,29,43,50,38,160,0,0,8,0,8,29,43,58,38,168,22,16,38,206
11/05/2003,MAF,TX,ASW,CE,Towers with Radar,26,34,50,101,211,0,4,29,0,33,26,38,79,101,244,8,86,94,338
11/06/2003,MAF,TX,ASW,CE,Towers with Radar,28,39,54,96,217,0,6,34,1,41,28,45,88,97,258,22,198,220,478
11/07/2003,MAF,TX,ASW,CE,Towers with Radar,27,42,23,23,115,0,5,33,1,39,27,47,56,24,154,2,114,116,270
11/08/2003,MAF,TX,ASW,CE,Towers with Radar,28,47,32,66,173,1,4,26,1,32,29,51,58,67,205,8,44,52,257
11/09/2003,MAF,TX,ASW,CE,Towers with Radar,24,26,15,23,88,0,4,12,1,17,24,30,27,24,105,0,16,16,121
11/10/2003,MAF,TX,ASW,CE,Towers with Radar,25,31,16,2,74,0,2,27,0,29,25,33,43,2,103,6,0,6,109
11/11/2003,MAF,TX,ASW,CE,Towers with Radar,29,41,30,0,100,0,2,21,2,25,29,43,51,2,125,22,0,22,147
11/12/2003,MAF,TX,ASW,CE,Towers with Radar,27,36,61,26,150,0,4,31,5,40,27,40,92,31,190,16,38,54,244
11/13/2003,MAF,TX,ASW,CE,Towers with Radar,28,42,63,86,219,0,4,26,5,35,28,46,89,91,254,8,76,84,338
11/14/2003,MAF,TX,ASW,CE,Towers with Radar,24,43,62,85,214,0,5,40,1,46,24,48,102,86,260,38,88,126,386
11/15/2003,MAF,TX,ASW,CE,Towers with Radar,25,39,45,48,157,0,1,18,9,28,25,40,63,57,185,2,38,40,225
11/16/2003,MAF,TX,ASW,CE,Towers with Radar,25,26,67,16,134,0,3,39,7,49,25,29,106,23,183,28,4,32,215
11/17/2003,MAF,TX,ASW,CE,Towers with Radar,25,31,26,0,82,0,0,23,0,23,25,31,49,0,105,0,0,0,105
11/18/2003,MAF,TX,ASW,CE,Towers with Radar,27,42,51,95,215,1,9,32,3,45,28,51,83,98,260,20,106,126,386
11/19/2003,MAF,TX,ASW,CE,Towers with Radar,28,39,50,67,184,0,4,34,2,40,28,43,84,69,224,28,68,96,320
11/20/2003,MAF,TX,ASW,CE,Towers with Radar,26,36,48,37,147,0,10,22,0,32,26,46,70,37,179,12,48,60,239
11/21/2003,MAF,TX,ASW,CE,Towers with Radar,28,50,53,61,192,0,3,39,3,45,28,53,92,64,237,36,102,138,375
11/22/2003,MAF,TX,ASW,CE,Towers with Radar,28,37,44,67,176,0,5,36,0,41,28,42,80,67,217,0,0,0,217
11/23/2003,MAF,TX,ASW,CE,Towers with Radar,24,30,28,20,102,0,0,51,0,51,24,30,79,20,153,0,0,0,153
11/24/2003,MAF,TX,ASW,CE,Towers with Radar,24,32,21,11,88,0,0,30,1,31,24,32,51,12,119,24,6,30,149
11/25/2003,MAF,TX,ASW,CE,Towers with Radar,25,48,42,107,222,0,0,19,4,23,25,48,61,111,245,2,226,228,473
11/26/2003,MAF,TX,ASW,CE,Towers with Radar,28,45,44,76,193,0,2,17,0,19,28,47,61,76,212,15,104,119,331
11/27/2003,MAF,TX,ASW,CE,Towers with Radar,32,37,32,52,153,0,5,35,0,40,32,42,67,52,193,0,90,90,283
11/28/2003,MAF,TX,ASW,CE,Towers with Radar,13,17,3,0,33,0,3,20,0,23,13,20,23,0,56,0,0,0,56
11/29/2003,MAF,TX,ASW,CE,Towers with Radar,21,30,27,0,78,0,2,20,0,22,21,32,47,0,100,5,0,5,105
11/30/2003,MAF,TX,ASW,CE,Towers with Radar,18,30,26,0,74,0,0,16,0,16,18,30,42,0,90,0,0,0,90
12/01/2003,MAF,TX,ASW,CE,Towers with Radar,24,33,17,0,74,0,0,31,0,31,24,33,48,0,105,6,0,6,111
12/02/2003,MAF,TX,ASW,CE,Towers with Radar,29,35,43,54,161,0,4,19,1,24,29,39,62,55,185,8,96,104,289
12/03/2003,MAF,TX,ASW,CE,Towers with Radar,28,37,22,43,130,0,0,0,0,0,28,37,22,43,130,0,8,8,138
12/04/2003,MAF,TX,ASW,CE,Towers with Radar,27,36,51,92,206,0,0,10,2,12,27,36,61,94,218,14,92,106,324
12/05/2003,MAF,TX,ASW,CE,Towers with Radar,34,46,33,15,128,0,0,5,0,5,34,46,38,15,133,0,6,6,139
12/06/2003,MAF,TX,ASW,CE,Towers with Radar,26,49,46,72,193,0,2,39,0,41,26,51,85,72,234,14,144,158,392
12/07/2003,MAF,TX,ASW,CE,Towers with Radar,25,22,43,4,94,0,2,44,4,50,25,24,87,8,144,0,0,0,144
12/08/2003,MAF,TX,ASW,CE,Towers with Radar,26,30,35,2,93,0,0,0,0,0,26,30,35,2,93,0,0,0,93
12/09/2003,MAF,TX,ASW,CE,Towers with Radar,30,45,33,129,237,0,1,7,0,8,30,46,40,129,245,18,186,204,449
12/10/2003,MAF,TX,ASW,CE,Towers with Radar,28,34,41,72,175,0,3,32,2,37,28,37,73,74,212,8,126,134,346
12/11/2003,MAF,TX,ASW,CE,Towers with Radar,27,39,40,84,190,0,3,29,6,38,27,42,69,90,228,30,160,190,418
12/12/2003,MAF,TX,ASW,CE,Towers with Radar,29,58,23,58,168,0,3,28,7,38,29,61,51,65,206,0,0,0,206
12/13/2003,MAF,TX,ASW,CE,Towers with Radar,29,40,27,50,146,0,4,52,1,57,29,44,79,51,203,32,50,82,285
12/14/2003,MAF,TX,ASW,CE,Towers with Radar,27,28,39,13,107,0,1,34,1,36,27,29,73,14,143,0,0,0,143
12/15/2003,MAF,TX,ASW,CE,Towers with Radar,25,28,16,34,103,0,0,23,2,25,25,28,39,36,128,0,24,24,152
12/16/2003,MAF,TX,ASW,CE,Towers with Radar,28,34,54,60,176,0,7,34,2,43,28,41,88,62,219,36,90,126,345
12/17/2003,MAF,TX,ASW,CE,Towers with Radar,29,32,30,61,152,0,6,28,2,36,29,38,58,63,188,6,134,140,328
12/18/2003,MAF,TX,ASW,CE,Towers with Radar,24,40,36,56,156,0,3,33,1,37,24,43,69,57,193,14,118,132,325
12/19/2003,MAF,TX,ASW,CE,Towers with Radar,28,42,52,63,185,0,5,32,2,39,28,47,84,65,224,0,132,132,356
12/20/2003,MAF,TX,ASW,CE,Towers with Radar,29,49,44,42,164,0,3,55,0,58,29,52,99,42,222,0,14,14,236
12/21/2003,MAF,TX,ASW,CE,Towers with Radar,25,25,23,0,73,0,1,24,1,26,25,26,47,1,99,2,0,2,101
12/22/2003,MAF,TX,ASW,CE,Towers with Radar,25,30,15,2,72,0,0,10,0,10,25,30,25,2,82,6,0,6,88
12/23/2003,MAF,TX,ASW,CE,Towers with Radar,27,42,27,0,96,0,0,0,0,0,27,42,27,0,96,0,0,0,96
12/24/2003,MAF,TX,ASW,CE,Towers with Radar,20,38,16,2,76,0,0,10,0,10,20,38,26,2,86,0,0,0,86
12/25/2003,MAF,TX,ASW,CE,Towers with Radar,19,24,7,0,50,0,1,6,0,7,19,25,13,0,57,0,0,0,57
12/26/2003,MAF,TX,ASW,CE,Towers with Radar,26,32,23,0,81,0,5,18,0,23,26,37,41,0,104,0,0,0,104
12/27/2003,MAF,TX,ASW,CE,Towers with Radar,28,40,43,0,111,0,5,32,0,37,28,45,75,0,148,0,0,0,148
12/28/2003,MAF,TX,ASW,CE,Towers with Radar,24,26,56,0,106,0,1,38,0,39,24,27,94,0,145,2,0,2,147
12/29/2003,MAF,TX,ASW,CE,Towers with Radar,25,27,11,0,63,0,0,20,0,20,25,27,31,0,83,0,0,0,83
12/30/2003,MAF,TX,ASW,CE,Towers with Radar,21,25,21,3,70,0,6,14,3,23,21,31,35,6,93,8,0,8,101
12/31/2003,MAF,TX,ASW,CE,Towers with Radar,22,32,20,1,75,0,4,31,0,35,22,36,51,1,110,4,0,4,114
01/01/2004,MAF,TX,ASW,CE,Towers with Radar,19,21,5,0,45,0,0,17,0,17,19,21,22,0,62,30,0,30,92
01/02/2004,MAF,TX,ASW,CE,Towers with Radar,26,28,24,0,78,0,3,31,0,34,26,31,55,0,112,14,0,14,126
01/03/2004,MAF,TX,ASW,CE,Towers with Radar,21,15,37,0,73,0,1,22,0,23,21,16,59,0,96,8,0,8,104
01/04/2004,MAF,TX,ASW,CE,Towers with Radar,26,28,46,0,100,0,0,34,0,34,26,28,80,0,134,2,0,2,136
01/05/2004,MAF,TX,ASW,CE,Towers with Radar,28,28,21,19,96,0,3,16,0,19,28,31,37,19,115,0,0,0,115
01/06/2004,MAF,TX,ASW,CE,Towers with Radar,27,30,23,120,200,0,4,18,1,23,27,34,41,121,223,0,84,84,307
01/07/2004,MAF,TX,ASW,CE,Towers with Radar,29,28,23,138,218,0,4,23,0,27,29,32,46,138,245,4,241,245,490
01/08/2004,MAF,TX,ASW,CE,Towers with Radar,30,35,32,67,164,0,19,15,4,38,30,54,47,71,202,0,140,140,342
01/09/2004,MAF,TX,ASW,CE,Towers with Radar,30,31,44,61,166,0,3,37,1,41,30,34,81,62,207,0,48,48,255
01/10/2004,MAF,TX,ASW,CE,Towers with Radar,19,18,10,17,64,0,1,37,4,42,19,19,47,21,106,10,12,22,128
01/11/2004,MAF,TX,ASW,CE,Towers with Radar,27,29,23,10,89,0,0,32,0,32,27,29,55,10,121,4,0,4,125
01/12/2004,MAF,TX,ASW,CE,Towers with Radar,34,32,31,116,213,0,3,39,0,42,34,35,70,116,255,6,110,116,371
01/13/2004,MAF,TX,ASW,CE,Towers with Radar,29,35,23,68,155,0,7,26,1,34,29,42,49,69,189,4,42,46,235
01/14/2004,MAF,TX,ASW,CE,Towers with Radar,29,30,40,94,193,0,4,21,4,29,29,34,61,98,222,0,114,114,336
01/15/2004,MAF,TX,ASW,CE,Towers with Radar,29,42,37,17,125,0,0,0,0,0,29,42,37,17,125,0,0,0,125
01/16/2004,MAF,TX,ASW,CE,Towers with Radar,25,31,32,59,147,0,0,9,0,9,25,31,41,59,156,0,2,2,158
01/17/2004,MAF,TX,ASW,CE,Towers with Radar,18,16,15,6,55,0,0,7,2,9,18,16,22,8,64,4,0,4,68
01/18/2004,MAF,TX,ASW,CE,Towers with Radar,22,24,17,2,65,0,0,21,0,21,22,24,38,2,86,0,0,0,86
01/19/2004,MAF,TX,ASW,CE,Towers with Radar,28,26,44,8,106,0,1,24,0,25,28,27,68,8,131,10,0,10,141
01/20/2004,MAF,TX,ASW,CE,Towers with Radar,26,33,34,124,217,0,3,37,3,43,26,36,71,127,260,12,102,114,374
01/21/2004,MAF,TX,ASW,CE,Towers with Radar,28,30,48,42,148,0,1,17,2,20,28,31,65,44,168,6,30,36,204
01/22/2004,MAF,TX,ASW,CE,Towers with Radar,27,32,40,73,172,0,3,8,0,11,27,35,48,73,183,0,48,48,231
01/23/2004,MAF,TX,ASW,CE,Towers with Radar,28,35,43,28,134,0,0,13,0,13,28,35,56,28,147,0,10,10,157
01/24/2004,MAF,TX,ASW,CE,Towers with Radar,19,18,39,20,96,0,1,15,1,17,19,19,54,21,113,0,0,0,113
01/25/2004,MAF,TX,ASW,CE,Towers with Radar,20,23,13,3,59,0,0,30,1,31,20,23,43,4,90,0,0,0,90
01/26/2004,MAF,TX,ASW,CE,Towers with Radar,28,29,37,47,141,0,3,10,1,14,28,32,47,48,155,10,27,37,192
01/27/2004,MAF,TX,ASW,CE,Towers with Radar,31,30,43,55,159,0,5,27,4,36,31,35,70,59,195,12,98,110,305
01/28/2004,MAF,TX,ASW,CE,Towers with Radar,30,53,38,89,210,0,3,31,3,37,30,56,69,92,247,36,206,242,489
01/29/2004,MAF,TX,ASW,CE,Towers with Radar,27,39,67,49,182,0,2,17,0,19,27,41,84,49,201,6,26,32,233
01/30/2004,MAF,TX,ASW,CE,Towers with Radar,29,32,53,104,218,0,2,29,3,34,29,34,82,107,252,2,210,212,464
01/31/2004,MAF,TX,ASW,CE,Towers with Radar,18,20,38,6,82,0,0,23,1,24,18,20,61,7,106,14,2,16,122
02/01/2004,MAF,TX,ASW,CE,Towers with Radar,22,19,19,4,64,0,0,14,0,14,22,19,33,4,78,20,0,20,98
02/02/2004,MAF,TX,ASW,CE,Towers with Radar,31,37,39,95,202,0,5,40,2,47,31,42,79,97,249,0,134,134,383
02/03/2004,MAF,TX,ASW,CE,Towers with Radar,28,32,39,65,164,0,3,29,3,35,28,35,68,68,199,0,72,72,271
02/04/2004,MAF,TX,ASW,CE,Towers with Radar,42,39,29,138,248,0,0,8,2,10,42,39,37,140,258,0,46,46,304
02/05/2004,MAF,TX,ASW,CE,Towers with Radar,31,32,38,135,236,0,3,25,7,35,31,35,63,142,271,14,276,290,561
02/06/2004,MAF,TX,ASW,CE,Towers with Radar,32,30,54,76,192,0,3,28,4,35,32,33,82,80,227,10,88,98,325
02/07/2004,MAF,TX,ASW,CE,Towers with Radar,21,18,33,20,92,0,0,53,5,58,21,18,86,25,150,20,34,54,204
02/08/2004,MAF,TX,ASW,CE,Towers with Radar,23,24,35,3,85,0,0,20,0,20,23,24,55,3,105,4,0,4,109
02/09/2004,MAF,TX,ASW,CE,Towers with Radar,29,27,69,108,233,0,3,13,3,19,29,30,82,111,252,10,228,238,490
02/10/2004,MAF,TX,ASW,CE,Towers with Radar,28,38,75,1,142,0,0,7,0,7,28,38,82,1,149,6,0,6,155
02/11/2004,MAF,TX,ASW,CE,Towers with Radar,27,38,59,118,242,0,0,1,0,1,27,38,60,118,243,0,0,0,243
02/12/2004,MAF,TX,ASW,CE,Towers with Radar,28,32,34,2,96,0,0,1,0,1,28,32,35,2,97,0,0,0,97
02/13/2004,MAF,TX,ASW,CE,Towers with Radar,28,40,30,1,99,0,0,0,0,0,28,40,30,1,99,0,0,0,99
02/14/2004,MAF,TX,ASW,CE,Towers with Radar,16,21,24,2,63,0,1,24,0,25,16,22,48,2,88,0,0,0,88
02/15/2004,MAF,TX,ASW,CE,Towers with Radar,21,20,34,2,77,0,0,30,0,30,21,20,64,2,107,15,0,15,122
02/16/2004,MAF,TX,ASW,CE,Towers with Radar,34,24,40,0,98,0,1,34,0,35,34,25,74,0,133,14,0,14,147
02/17/2004,MAF,TX,ASW,CE,Towers with Radar,29,29,42,25,125,0,4,32,1,37,29,33,74,26,162,0,46,46,208
02/18/2004,MAF,TX,ASW,CE,Towers with Radar,26,34,49,90,199,0,3,34,3,40,26,37,83,93,239,8,222,230,469
02/19/2004,MAF,TX,ASW,CE,Towers with Radar,28,38,22,25,113,0,1,18,1,20,28,39,40,26,133,0,144,144,277
02/20/2004,MAF,TX,ASW,CE,Towers with Radar,30,26,27,45,128,0,5,41,1,47,30,31,68,46,175,8,50,58,233
02/21/2004,MAF,TX,ASW,CE,Towers with Radar,19,17,53,17,106,0,1,39,0,40,19,18,92,17,146,8,0,8,154
02/22/2004,MAF,TX,ASW,CE,Towers with Radar,23,17,35,16,91,0,0,26,0,26,23,17,61,16,117,20,6,26,143
02/23/2004,MAF,TX,ASW,CE,Towers with Radar,31,27,23,81,162,0,1,21,1,23,31,28,44,82,185,0,162,162,347
02/24/2004,MAF,TX,ASW,CE,Towers with Radar,28,34,45,58,165,0,0,2,0,2,28,34,47,58,167,0,0,0,167
02/25/2004,MAF,TX,ASW,CE,Towers with Radar,29,46,27,79,181,0,1,20,3,24,29,47,47,82,205,0,70,70,275
02/26/2004,MAF,TX,ASW,CE,Towers with Radar,28,31,46,83,188,0,3,36,1,40,28,34,82,84,228,2,68,70,298
02/27/2004,MAF,TX,ASW,CE,Towers with Radar,28,27,41,46,142,0,4,50,1,55,28,31,91,47,197,8,64,72,269
02/28/2004,MAF,TX,ASW,CE,Towers with Radar,18,17,48,2,85,0,0,12,0,12,18,17,60,2,97,30,0,30,127
02/29/2004,MAF,TX,ASW,CE,Towers with Radar,22,17,22,7,68,0,0,8,5,13,22,17,30,12,81,4,12,16,97
03/01/2004,MAF,TX,ASW,CE,Towers with Radar,28,23,49,116,216,0,3,31,5,39,28,26,80,121,255,4,72,76,331
03/02/2004,MAF,TX,ASW,CE,Towers with Radar,29,34,37,32,132,0,2,15,0,17,29,36,52,32,149,4,0,4,153
03/03/2004,MAF,TX,ASW,CE,Towers with Radar,29,40,34,4,107,0,0,0,0,0,29,40,34,4,107,0,0,0,107
03/04/2004,MAF,TX,ASW,CE,Towers with Radar,34,37,14,28,113,0,1,10,1,12,34,38,24,29,125,0,4,4,129
03/05/2004,MAF,TX,ASW,CE,Towers with Radar,28,40,34,58,160,0,6,52,2,60,28,46,86,60,220,0,44,44,264
03/06/2004,MAF,TX,ASW,CE,Towers with Radar,19,23,39,1,82,0,0,86,0,86,19,23,125,1,168,20,6,26,194
03/07/2004,MAF,TX,ASW,CE,Towers with Radar,24,21,43,17,105,0,0,27,0,27,24,21,70,17,132,2,6,8,140
03/08/2004,MAF,TX,ASW,CE,Towers with Radar,30,29,37,115,211,0,2,40,9,51,30,31,77,124,262,0,140,140,402
03/09/2004,MAF,TX,ASW,CE,Towers with Radar,31,33,24,99,187,0,6,40,0,46,31,39,64,99,233,18,100,118,351
03/10/2004,MAF,TX,ASW,CE,Towers with Radar,28,26,17,55,126,0,5,31,2,38,28,31,48,57,164,14,44,58,222
03/11/2004,MAF,TX,ASW,CE,Towers with Radar,30,41,32,26,129,0,2,11,5,18,30,43,43,31,147,0,10,10,157
03/12/2004,MAF,TX,ASW,CE,Towers with Radar,28,35,22,4,89,0,0,1,1,2,28,35,23,5,91,0,0,0,91
03/13/2004,MAF,TX,ASW,CE,Towers with Radar,19,20,24,0,63,0,0,10,1,11,19,20,34,1,74,16,0,16,90
03/14/2004,MAF,TX,ASW,CE,Towers with Radar,22,21,29,2,74,0,0,1,0,1,22,21,30,2,75,0,0,0,75
03/15/2004,MAF,TX,ASW,CE,Towers with Radar,30,34,29,101,194,0,1,20,0,21,30,35,49,101,215,4,71,75,290
03/16/2004,MAF,TX,ASW,CE,Towers with Radar,28,37,35,59,159,0,2,47,0,49,28,39,82,59,208,4,38,42,250
03/17/2004,MAF,TX,ASW,CE,Towers with Radar,29,42,30,40,141,0,4,46,0,50,29,46,76,40,191,8,58,66,257
03/18/2004,MAF,TX,ASW,CE,Towers with Radar,30,35,48,54,167,0,5,41,3,49,30,40,89,57,216,12,30,42,258
03/19/2004,MAF,TX,ASW,CE,Towers with Radar,29,35,37,44,145,0,2,32,3,37,29,37,69,47,182,2,134,136,318
03/20/2004,MAF,TX,ASW,CE,Towers with Radar,18,19,30,0,67,0,0,35,3,38,18,19,65,3,105,0,0,0,105
03/21/2004,MAF,TX,ASW,CE,Towers with Radar,21,23,23,26,93,0,1,16,0,17,21,24,39,26,110,18,0,18,128
03/22/2004,MAF,TX,ASW,CE,Towers with Radar,28,30,48,50,156,0,2,21,1,24,28,32,69,51,180,0,26,26,206
03/23/2004,MAF,TX,ASW,CE,Towers with Radar,28,33,40,26,127,0,2,16,1,19,28,35,56,27,146,0,20,20,166
03/24/2004,MAF,TX,ASW,CE,Towers with Radar,28,43,43,51,165,0,4,22,0,26,28,47,65,51,191,24,20,44,235
03/25/2004,MAF,TX,ASW,CE,Towers with Radar,29,39,47,75,190,0,6,31,0,37,29,45,78,75,227,16,4,20,247
03/26/2004,MAF,TX,ASW,CE,Towers with Radar,27,38,42,43,150,0,3,21,1,25,27,41,63,44,175,0,0,0,175
03/27/2004,MAF,TX,ASW,CE,Towers with Radar,20,17,11,11,59,0,1,15,0,16,20,18,26,11,75,54,2,56,131
03/28/2004,MAF,TX,ASW,CE,Towers with Radar,22,22,31,8,83,0,0,43,0,43,22,22,74,8,126,18,6,24,150
03/29/2004,MAF,TX,ASW,CE,Towers with Radar,30,28,58,186,302,0,7,35,6,48,30,35,93,192,350,10,220,230,580
03/30/2004,MAF,TX,ASW,CE,Towers with Radar,30,33,39,91,193,0,6,32,4,42,30,39,71,95,235,14,126,140,375
03/31/2004,MAF,TX,ASW,CE,Towers with Radar,25,43,32,57,157,2,8,33,2,45,27,51,65,59,202,0,54,54,256
04/01/2004,MAF,TX,ASW,CE,Towers with Radar,28,39,33,23,123,0,2,51,0,53,28,41,84,23,176,16,0,16,192
04/02/2004,MAF,TX,ASW,CE,Towers with Radar,28,33,36,22,119,0,3,24,4,31,28,36,60,26,150,10,4,14,164
04/03/2004,MAF,TX,ASW,CE,Towers with Radar,18,20,19,1,58,0,0,13,1,14,18,20,32,2,72,26,0,26,98
04/04/2004,MAF,TX,ASW,CE,Towers with Radar,21,21,20,0,62,0,0,4,0,4,21,21,24,0,66,0,0,0,66
04/05/2004,MAF,TX,ASW,CE,Towers with Radar,28,33,33,1,95,0,0,4,3,7,28,33,37,4,102,0,0,0,102
04/06/2004,MAF,TX,ASW,CE,Towers with Radar,29,37,56,167,289,0,2,24,3,29,29,39,80,170,318,17,116,133,451
04/07/2004,MAF,TX,ASW,CE,Towers with Radar,30,38,60,86,214,0,4,35,4,43,30,42,95,90,257,16,168,184,441
04/08/2004,MAF,TX,ASW,CE,Towers with Radar,27,30,61,0,118,0,4,51,0,55,27,34,112,0,173,0,0,0,173
04/09/2004,MAF,TX,ASW,CE,Towers with Radar,30,38,36,70,174,0,4,47,1,52,30,42,83,71,226,36,66,102,328
04/10/2004,MAF,TX,ASW,CE,Towers with Radar,22,18,14,0,54,0,0,7,0,7,22,18,21,0,61,20,0,20,81
04/11/2004,MAF,TX,ASW,CE,Towers with Radar,23,20,16,1,60,0,0,7,0,7,23,20,23,1,67,0,0,0,67
04/12/2004,MAF,TX,ASW,CE,Towers with Radar,29,29,28,144,230,0,4,28,2,34,29,33,56,146,264,0,196,196,460
04/13/2004,MAF,TX,ASW,CE,Towers with Radar,28,36,37,81,182,0,5,27,5,37,28,41,64,86,219,10,90,100,319
04/14/2004,MAF,TX,ASW,CE,Towers with Radar,29,39,55,75,198,0,4,27,1,32,29,43,82,76,230,0,192,192,422
04/15/2004,MAF,TX,ASW,CE,Towers with Radar,29,33,34,43,139,0,4,31,2,37,29,37,65,45,176,2,58,60,236
04/16/2004,MAF,TX,ASW,CE,Towers with Radar,28,33,62,65,188,0,6,36,2,44,28,39,98,67,232,24,90,114,346
04/17/2004,MAF,TX,ASW,CE,Towers with Radar,18,19,13,2,52,0,0,22,2,24,18,19,35,4,76,0,0,0,76
04/18/2004,MAF,TX,ASW,CE,Towers with Radar,23,22,34,27,106,0,0,28,0,28,23,22,62,27,134,2,0,2,136
04/19/2004,MAF,TX,ASW,CE,Towers with Radar,30,32,41,107,210,0,1,17,6,24,30,33,58,113,234,6,52,58,292
04/20/2004,MAF,TX,ASW,CE,Towers with Radar,31,33,38,76,178,0,4,26,14,44,31,37,64,90,222,6,128,134,356
04/21/2004,MAF,TX,ASW,CE,Towers with Radar,27,46,48,49,170,0,7,39,8,54,27,53,87,57,224,20,112,132,356
04/22/2004,MAF,TX,ASW,CE,Towers with Radar,30,46,59,47,182,0,7,34,5,46,30,53,93,52,228,18,48,66,294
04/23/2004,MAF,TX,ASW,CE,Towers with Radar,30,46,66,103,245,0,2,32,1,35,30,48,98,104,280,6,114,120,400
04/24/2004,MAF,TX,ASW,CE,Towers with Radar,19,21,32,8,80,0,0,31,0,31,19,21,63,8,111,0,0,0,111
04/25/2004,MAF,TX,ASW,CE,Towers with Radar,22,24,43,5,94,0,0,34,1,35,22,24,77,6,129,14,0,14,143
04/26/2004,MAF,TX,ASW,CE,Towers with Radar,32,28,64,99,223,0,5,40,0,45,32,33,104,99,268,14,92,106,374
04/27/2004,MAF,TX,ASW,CE,Towers with Radar,31,33,55,89,208,0,4,51,1,56,31,37,106,90,264,0,56,56,320
04/28/2004,MAF,TX,ASW,CE,Towers with Radar,32,48,56,38,174,0,3,33,2,38,32,51,89,40,212,36,18,54,266
04/29/2004,MAF,TX,ASW,CE,Towers with Radar,29,38,57,100,224,0,5,26,3,34,29,43,83,103,258,0,157,157,415
04/30/2004,MAF,TX,ASW,CE,Towers with Radar,28,36,68,122,254,0,3,39,0,42,28,39,107,122,296,6,122,128,424
05/01/2004,MAF,TX,ASW,CE,Towers with Radar,18,16,11,21,66,0,0,10,0,10,18,16,21,21,76,16,12,28,104
05/02/2004,MAF,TX,ASW,CE,Towers with Radar,22,20,42,8,92,0,0,49,1,50,22,20,91,9,142,42,0,42,184
05/03/2004,MAF,TX,ASW,CE,Towers with Radar,27,34,31,86,178,0,10,38,3,51,27,44,69,89,229,6,94,100,329
05/04/2004,MAF,TX,ASW,CE,Towers with Radar,27,30,63,80,200,0,6,49,0,55,27,36,112,80,255,6,98,104,359
05/05/2004,MAF,TX,ASW,CE,Towers with Radar,26,37,60,39,162,1,4,31,3,39,27,41,91,42,201,20,100,120,321
05/06/2004,MAF,TX,ASW,CE,Towers with Radar,29,42,57,40,168,0,9,21,2,32,29,51,78,42,200,12,16,28,228
05/07/2004,MAF,TX,ASW,CE,Towers with Radar,28,44,56,71,199,0,3,48,4,55,28,47,104,75,254,8,99,107,361
05/08/2004,MAF,TX,ASW,CE,Towers with Radar,21,26,19,1,67,0,1,35,1,37,21,27,54,2,104,22,2,24,128
05/09/2004,MAF,TX,ASW,CE,Towers with Radar,26,21,17,2,66,0,0,22,0,22,26,21,39,2,88,18,0,18,106
05/10/2004,MAF,TX,ASW,CE,Towers with Radar,24,24,42,53,143,0,4,30,1,35,24,28,72,54,178,70,120,190,368
05/11/2004,MAF,TX,ASW,CE,Towers with Radar,27,37,50,63,177,0,4,23,2,29,27,41,73,65,206,16,162,178,384
05/12/2004,MAF,TX,ASW,CE,Towers with Radar,30,31,39,29,129,0,4,21,2,27,30,35,60,31,156,2,90,92,248
05/13/2004,MAF,TX,ASW,CE,Towers with Radar,21,29,46,95,191,0,7,30,4,41,21,36,76,99,232,6,140,146,378
05/14/2004,MAF,TX,ASW,CE,Towers with Radar,30,40,37,49,156,0,5,36,4,45,30,45,73,53,201,13,104,117,318
05/15/2004,MAF,TX,ASW,CE,Towers with Radar,20,20,53,4,97,0,0,30,0,30,20,20,83,4,127,44,0,44,171
05/16/2004,MAF,TX,ASW,CE,Towers with Radar,22,22,33,6,83,0,0,16,0,16,22,22,49,6,99,50,8,58,157
05/17/2004,MAF,TX,ASW,CE,Towers with Radar,29,31,37,23,120,0,4,33,0,37,29,35,70,23,157,44,52,96,253
05/18/2004,MAF,TX,ASW,CE,Towers with Radar,32,35,40,15,122,0,5,43,0,48,32,40,83,15,170,10,52,62,232
05/19/2004,MAF,TX,ASW,CE,Towers with Radar,25,30,41,26,122,0,4,34,0,38,25,34,75,26,160,6,6,12,172
05/20/2004,MAF,TX,ASW,CE,Towers with Radar,31,44,33,18,126,0,5,25,4,34,31,49,58,22,160,0,76,76,236
05/21/2004,MAF,TX,ASW,CE,Towers with Radar,29,32,46,26,133,0,4,26,9,39,29,36,72,35,172,0,34,34,206
05/22/2004,MAF,TX,ASW,CE,Towers with Radar,19,18,33,4,74,0,3,38,1,42,19,21,71,5,116,0,0,0,116
05/23/2004,MAF,TX,ASW,CE,Towers with Radar,26,21,32,6,85,0,0,42,0,42,26,21,74,6,127,18,0,18,145
05/24/2004,MAF,TX,ASW,CE,Towers with Radar,26,27,58,21,132,0,4,32,2,38,26,31,90,23,170,2,44,46,216
05/25/2004,MAF,TX,ASW,CE,Towers with Radar,27,35,47,65,174,0,3,31,8,42,27,38,78,73,216,4,164,168,384
05/26/2004,MAF,TX,ASW,CE,Towers with Radar,29,36,26,22,113,0,2,29,2,33,29,38,55,24,146,0,44,44,190
05/27/2004,MAF,TX,ASW,CE,Towers with Radar,28,38,43,14,123,0,2,19,1,22,28,40,62,15,145,0,6,6,151
05/28/2004,MAF,TX,ASW,CE,Towers with Radar,28,30,52,15,125,0,4,41,4,49,28,34,93,19,174,14,42,56,230
05/29/2004,MAF,TX,ASW,CE,Towers with Radar,20,20,15,1,56,0,1,22,0,23,20,21,37,1,79,0,0,0,79
05/30/2004,MAF,TX,ASW,CE,Towers with Radar,21,13,17,0,51,0,0,19,0,19,21,13,36,0,70,24,0,24,94
05/31/2004,MAF,TX,ASW,CE,Towers with Radar,21,22,28,0,71,0,1,35,1,37,21,23,63,1,108,4,0,4,112
06/01/2004,MAF,TX,ASW,CE,Towers with Radar,29,37,50,22,138,0,4,42,0,46,29,41,92,22,184,0,40,40,224
06/02/2004,MAF,TX,ASW,CE,Towers with Radar,23,23,32,27,105,5,6,39,0,50,28,29,71,27,155,0,148,148,303
06/03/2004,MAF,TX,ASW,CE,Towers with Radar,27,28,39,30,124,6,12,26,0,44,33,40,65,30,168,6,26,32,200
06/04/2004,MAF,TX,ASW,CE,Towers with Radar,32,36,49,55,172,0,9,14,20,43,32,45,63,75,215,21,110,131,346
06/05/2004,MAF,TX,ASW,CE,Towers with Radar,11,13,18,15,57,9,4,19,0,32,20,17,37,15,89,2,28,30,119
06/06/2004,MAF,TX,ASW,CE,Towers with Radar,12,13,18,9,52,10,6,28,0,44,22,19,46,9,96,0,6,6,102
06/07/2004,MAF,TX,ASW,CE,Towers with Radar,29,36,50,56,171,0,9,18,43,70,29,45,68,99,241,12,68,80,321
06/08/2004,MAF,TX,ASW,CE,Towers with Radar,31,41,55,62,189,0,13,18,69,100,31,54,73,131,289,4,86,90,379
06/09/2004,MAF,TX,ASW,CE,Towers with Radar,32,31,54,61,178,0,0,28,69,97,32,31,82,130,275,14,146,160,435
06/10/2004,MAF,TX,ASW,CE,Towers with Radar,29,44,60,53,186,0,0,11,0,11,29,44,71,53,197,10,98,108,305
06/11/2004,MAF,TX,ASW,CE,Towers with Radar,25,28,38,27,118,2,13,36,0,51,27,41,74,27,169,6,46,52,221
06/12/2004,MAF,TX,ASW,CE,Towers with Radar,13,15,19,5,52,8,3,31,0,42,21,18,50,5,94,7,0,7,101
06/13/2004,MAF,TX,ASW,CE,Towers with Radar,15,17,21,9,62,4,3,28,0,35,19,20,49,9,97,0,0,0,97
06/14/2004,MAF,TX,ASW,CE,Towers with Radar,29,31,42,41,143,0,0,24,0,24,29,31,66,41,167,0,20,20,187
06/15/2004,MAF,TX,ASW,CE,Towers with Radar,30,37,49,57,173,0,3,21,5,29,30,40,70,62,202,0,126,126,328
06/16/2004,MAF,TX,ASW,CE,Towers with Radar,28,31,40,42,141,0,4,33,0,37,28,35,73,42,178,4,38,42,220
06/17/2004,MAF,TX,ASW,CE,Towers with Radar,32,38,49,58,177,0,0,34,10,44,32,38,83,68,221,6,162,168,389
06/18/2004,MAF,TX,ASW,CE,Towers with Radar,30,35,48,56,169,0,0,34,8,42,30,35,82,64,211,8,97,105,316
06/19/2004,MAF,TX,ASW,CE,Towers with Radar,13,15,19,2,49,3,7,38,0,48,16,22,57,2,97,4,0,4,101
06/20/2004,MAF,TX,ASW,CE,Towers with Radar,15,16,20,5,56,8,7,50,0,65,23,23,70,5,121,2,0,2,123
06/21/2004,MAF,TX,ASW,CE,Towers with Radar,30,37,56,65,188,0,0,39,17,56,30,37,95,82,244,0,130,130,374
06/22/2004,MAF,TX,ASW,CE,Towers with Radar,29,35,47,55,166,0,0,24,45,69,29,35,71,100,235,0,84,84,319
06/23/2004,MAF,TX,ASW,CE,Towers with Radar,28,32,42,19,121,0,0,22,0,22,28,32,64,19,143,6,80,86,229
06/24/2004,MAF,TX,ASW,CE,Towers with Radar,28,34,43,30,135,0,13,39,0,52,28,47,82,30,187,2,20,22,209
06/25/2004,MAF,TX,ASW,CE,Towers with Radar,22,26,33,17,98,19,8,23,0,50,41,34,56,17,148,0,0,0,148
06/26/2004,MAF,TX,ASW,CE,Towers with Radar,16,19,25,28,88,0,5,11,14,30,16,24,36,42,118,0,94,94,212
06/27/2004,MAF,TX,ASW,CE,Towers with Radar,16,18,24,8,66,7,4,24,0,35,23,22,48,8,101,8,0,8,109
06/28/2004,MAF,TX,ASW,CE,Towers with Radar,25,28,36,40,129,1,11,43,6,61,26,39,79,46,190,14,94,108,298
06/29/2004,MAF,TX,ASW,CE,Towers with Radar,29,45,62,73,209,0,0,0,16,16,29,45,62,89,225,18,174,192,417
06/30/2004,MAF,TX,ASW,CE,Towers with Radar,31,42,56,62,191,0,2,19,26,47,31,44,75,88,238,10,106,116,354
07/01/2004,MAF,TX,ASW,CE,Towers with Radar,28,33,53,49,163,0,0,50,0,50,28,33,103,49,213,8,50,58,271
07/02/2004,MAF,TX,ASW,CE,Towers with Radar,23,22,36,4,85,8,15,42,0,65,31,37,78,4,150,0,6,6,156
07/03/2004,MAF,TX,ASW,CE,Towers with Radar,12,12,19,2,45,7,10,29,0,46,19,22,48,2,91,2,0,2,93
07/04/2004,MAF,TX,ASW,CE,Towers with Radar,11,10,16,0,37,5,10,13,0,28,16,20,29,0,65,0,0,0,65
07/05/2004,MAF,TX,ASW,CE,Towers with Radar,15,14,23,6,58,7,8,27,0,42,22,22,50,6,100,0,0,0,100
07/06/2004,MAF,TX,ASW,CE,Towers with Radar,30,32,54,53,169,0,0,23,0,23,30,32,77,53,192,0,38,38,230
07/07/2004,MAF,TX,ASW,CE,Towers with Radar,32,31,70,76,209,0,0,26,33,59,32,31,96,109,268,0,164,164,432
07/08/2004,MAF,TX,ASW,CE,Towers with Radar,29,32,49,53,163,0,4,20,28,52,29,36,69,81,215,28,86,114,329
07/09/2004,MAF,TX,ASW,CE,Towers with Radar,30,37,74,81,222,0,0,34,24,58,30,37,108,105,280,4,150,154,434
07/10/2004,MAF,TX,ASW,CE,Towers with Radar,15,17,25,0,57,4,5,25,0,34,19,22,50,0,91,26,0,26,117
07/11/2004,MAF,TX,ASW,CE,Towers with Radar,21,20,38,20,99,0,0,30,0,30,21,20,68,20,129,0,0,0,129
07/12/2004,MAF,TX,ASW,CE,Towers with Radar,29,28,45,48,150,0,0,26,0,26,29,28,71,48,176,0,82,82,258
07/13/2004,MAF,TX,ASW,CE,Towers with Radar,29,34,50,56,169,0,5,11,17,33,29,39,61,73,202,24,180,204,406
07/14/2004,MAF,TX,ASW,CE,Towers with Radar,24,36,59,66,185,0,0,52,16,68,24,36,111,82,253,0,108,108,361
07/15/2004,MAF,TX,ASW,CE,Towers with Radar,28,36,53,59,176,0,2,47,1,50,28,38,100,60,226,2,94,96,322
07/16/2004,MAF,TX,ASW,CE,Towers with Radar,33,35,51,55,174,37,0,25,0,62,70,35,76,55,236,20,32,52,288
07/17/2004,MAF,TX,ASW,CE,Towers with Radar,17,21,32,35,105,0,1,60,0,61,17,22,92,35,166,14,96,110,276
07/18/2004,MAF,TX,ASW,CE,Towers with Radar,12,14,20,19,65,9,3,30,0,42,21,17,50,19,107,0,12,12,119
07/19/2004,MAF,TX,ASW,CE,Towers with Radar,29,31,45,51,156,3,8,42,5,58,32,39,87,56,214,2,92,94,308
07/20/2004,MAF,TX,ASW,CE,Towers with Radar,30,35,52,58,175,0,3,43,23,69,30,38,95,81,244,2,82,84,328
07/21/2004,MAF,TX,ASW,CE,Towers with Radar,29,40,59,66,194,0,1,53,21,75,29,41,112,87,269,38,82,120,389
07/22/2004,MAF,TX,ASW,CE,Towers with Radar,32,35,52,58,177,0,1,30,21,52,32,36,82,79,229,58,156,214,443
07/23/2004,MAF,TX,ASW,CE,Towers with Radar,29,39,58,65,191,0,0,8,36,44,29,39,66,101,235,20,178,198,433
07/24/2004,MAF,TX,ASW,CE,Towers with Radar,16,18,26,9,69,1,3,30,0,34,17,21,56,9,103,0,12,12,115
07/25/2004,MAF,TX,ASW,CE,Towers with Radar,16,17,24,1,58,7,0,3,0,10,23,17,27,1,68,0,0,0,68
07/26/2004,MAF,TX,ASW,CE,Towers with Radar,25,27,39,41,132,2,6,11,0,19,27,33,50,41,151,0,28,28,179
07/27/2004,MAF,TX,ASW,CE,Towers with Radar,24,25,38,9,96,5,14,28,0,47,29,39,66,9,143,0,0,0,143
07/28/2004,MAF,TX,ASW,CE,Towers with Radar,29,26,48,51,154,0,0,37,10,47,29,26,85,61,201,12,12,24,225
07/29/2004,MAF,TX,ASW,CE,Towers with Radar,28,29,43,47,147,4,4,36,2,46,32,33,79,49,193,0,20,20,213
07/30/2004,MAF,TX,ASW,CE,Towers with Radar,30,36,57,62,185,0,0,26,46,72,30,36,83,108,257,20,178,198,455
07/31/2004,MAF,TX,ASW,CE,Towers with Radar,17,22,36,39,114,0,0,22,21,43,17,22,58,60,157,8,128,136,293
08/01/2004,MAF,TX,ASW,CE,Towers with Radar,13,13,19,2,47,8,5,20,0,33,21,18,39,2,80,0,0,0,80
08/02/2004,MAF,TX,ASW,CE,Towers with Radar,35,30,51,55,171,14,0,11,1,26,49,30,62,56,197,22,82,104,301
08/03/2004,MAF,TX,ASW,CE,Towers with Radar,29,32,57,60,178,0,0,34,14,48,29,32,91,74,226,14,32,46,272
08/04/2004,MAF,TX,ASW,CE,Towers with Radar,29,32,46,49,156,3,0,29,13,45,32,32,75,62,201,18,60,78,279
08/05/2004,MAF,TX,ASW,CE,Towers with Radar,28,31,45,48,152,0,10,60,1,71,28,41,105,49,223,18,106,124,347
08/06/2004,MAF,TX,ASW,CE,Towers with Radar,29,35,56,59,179,0,0,52,3,55,29,35,108,62,234,10,92,102,336
08/07/2004,MAF,TX,ASW,CE,Towers with Radar,12,13,20,7,52,5,5,55,0,65,17,18,75,7,117,22,4,26,143
08/08/2004,MAF,TX,ASW,CE,Towers with Radar,14,16,23,4,57,6,3,27,0,36,20,19,50,4,93,0,0,0,93
08/09/2004,MAF,TX,ASW,CE,Towers with Radar,24,27,38,24,113,4,11,31,0,46,28,38,69,24,159,0,6,6,165
08/10/2004,MAF,TX,ASW,CE,Towers with Radar,29,39,59,65,192,0,0,36,43,79,29,39,95,108,271,18,84,102,373
08/11/2004,MAF,TX,ASW,CE,Towers with Radar,27,29,42,46,144,1,0,23,27,51,28,29,65,73,195,2,116,118,313
08/12/2004,MAF,TX,ASW,CE,Towers with Radar,21,24,33,36,114,6,10,9,8,33,27,34,42,44,147,14,12,26,173
08/13/2004,MAF,TX,ASW,CE,Towers with Radar,27,29,40,38,134,2,6,33,0,41,29,35,73,38,175,13,14,27,202
08/14/2004,MAF,TX,ASW,CE,Towers with Radar,17,16,25,4,62,1,0,61,0,62,18,16,86,4,124,24,0,24,148
08/15/2004,MAF,TX,ASW,CE,Towers with Radar,18,17,26,12,73,5,0,37,0,42,23,17,63,12,115,0,6,6,121
08/16/2004,MAF,TX,ASW,CE,Towers with Radar,30,35,52,57,174,0,0,21,7,28,30,35,73,64,202,2,48,50,252
08/17/2004,MAF,TX,ASW,CE,Towers with Radar,29,38,53,58,178,0,16,46,14,76,29,54,99,72,254,52,52,104,358
08/18/2004,MAF,TX,ASW,CE,Towers with Radar,26,28,40,45,139,0,0,22,18,40,26,28,62,63,179,0,48,48,227
08/19/2004,MAF,TX,ASW,CE,Towers with Radar,26,39,63,69,197,0,0,13,51,64,26,39,76,120,261,32,164,196,457
08/20/2004,MAF,TX,ASW,CE,Towers with Radar,29,38,73,80,220,0,0,35,29,64,29,38,108,109,284,22,5,27,311
08/21/2004,MAF,TX,ASW,CE,Towers with Radar,18,22,31,30,101,0,1,17,0,18,18,23,48,30,119,36,0,36,155
08/22/2004,MAF,TX,ASW,CE,Towers with Radar,20,22,30,20,92,0,1,16,0,17,20,23,46,20,109,24,10,34,143
08/23/2004,MAF,TX,ASW,CE,Towers with Radar,28,31,49,54,162,0,0,7,34,41,28,31,56,88,203,0,170,170,373
08/24/2004,MAF,TX,ASW,CE,Towers with Radar,27,30,42,23,122,1,11,23,0,35,28,41,65,23,157,12,36,48,205
08/25/2004,MAF,TX,ASW,CE,Towers with Radar,29,37,51,54,171,0,2,27,48,77,29,39,78,102,248,19,58,77,325
08/26/2004,MAF,TX,ASW,CE,Towers with Radar,27,33,46,37,143,0,2,31,0,33,27,35,77,37,176,28,32,60,236
08/27/2004,MAF,TX,ASW,CE,Towers with Radar,23,25,37,24,109,7,8,19,0,34,30,33,56,24,143,4,60,64,207
08/28/2004,MAF,TX,ASW,CE,Towers with Radar,11,13,18,0,42,7,5,21,0,33,18,18,39,0,75,16,0,16,91
08/29/2004,MAF,TX,ASW,CE,Towers with Radar,16,18,26,14,74,4,1,33,0,38,20,19,59,14,112,0,0,0,112
08/30/2004,MAF,TX,ASW,CE,Towers with Radar,30,33,46,14,123,1,3,25,0,29,31,36,71,14,152,0,0,0,152
08/31/2004,MAF,TX,ASW,CE,Towers with Radar,24,28,38,36,126,5,2,38,0,45,29,30,76,36,171,2,0,2,173
09/01/2004,MAF,TX,ASW,CE,Towers with Radar,26,32,55,47,160,0,0,26,9,35,26,32,81,56,195,0,2,2,197
09/02/2004,MAF,TX,ASW,CE,Towers with Radar,30,34,54,46,164,0,0,22,57,79,30,34,76,103,243,40,76,116,359
09/03/2004,MAF,TX,ASW,CE,Towers with Radar,29,36,62,53,180,0,0,18,22,40,29,36,80,75,220,0,8,8,228
09/04/2004,MAF,TX,ASW,CE,Towers with Radar,15,17,25,1,58,2,3,33,0,38,17,20,58,1,96,0,0,0,96
09/05/2004,MAF,TX,ASW,CE,Towers with Radar,11,12,18,2,43,7,5,22,0,34,18,17,40,2,77,0,0,0,77
09/06/2004,MAF,TX,ASW,CE,Towers with Radar,16,19,27,7,69,4,1,30,0,35,20,20,57,7,104,8,0,8,112
09/07/2004,MAF,TX,ASW,CE,Towers with Radar,29,31,50,43,153,0,0,13,25,38,29,31,63,68,191,22,32,54,245
09/08/2004,MAF,TX,ASW,CE,Towers with Radar,28,43,60,52,183,0,1,48,11,60,28,44,108,63,243,0,40,40,283
09/09/2004,MAF,TX,ASW,CE,Towers with Radar,30,41,60,51,182,0,0,24,6,30,30,41,84,57,212,0,0,0,212
09/10/2004,MAF,TX,ASW,CE,Towers with Radar,28,39,54,46,167,0,4,31,18,53,28,43,85,64,220,15,108,123,343
09/11/2004,MAF,TX,ASW,CE,Towers with Radar,12,14,21,9,56,8,4,21,0,33,20,18,42,9,89,0,0,0,89
09/12/2004,MAF,TX,ASW,CE,Towers with Radar,17,22,31,23,93,5,3,23,0,31,22,25,54,23,124,22,0,22,146
09/13/2004,MAF,TX,ASW,CE,Towers with Radar,29,37,55,49,170,0,0,31,26,57,29,37,86,75,227,12,120,132,359
09/14/2004,MAF,TX,ASW,CE,Towers with Radar,28,53,70,62,213,0,1,7,70,78,28,54,77,132,291,24,94,118,409
09/15/2004,MAF,TX,ASW,CE,Towers with Radar,26,34,45,40,145,3,10,37,3,53,29,44,82,43,198,0,238,238,436
09/16/2004,MAF,TX,ASW,CE,Towers with Radar,27,35,46,41,149,2,1,16,6,25,29,36,62,47,174,26,92,118,292
09/17/2004,MAF,TX,ASW,CE,Towers with Radar,26,32,47,42,147,0,0,23,13,36,26,32,70,55,183,0,46,46,229
09/18/2004,MAF,TX,ASW,CE,Towers with Radar,16,21,28,0,65,3,8,37,0,48,19,29,65,0,113,46,0,46,159
09/19/2004,MAF,TX,ASW,CE,Towers with Radar,16,21,27,22,86,4,3,22,0,29,20,24,49,22,115,20,0,20,135
09/20/2004,MAF,TX,ASW,CE,Towers with Radar,30,32,51,31,144,0,0,47,0,47,30,32,98,31,191,14,20,34,225
09/21/2004,MAF,TX,ASW,CE,Towers with Radar,30,42,76,68,216,0,0,25,34,59,30,42,101,102,275,4,80,84,359
09/22/2004,MAF,TX,ASW,CE,Towers with Radar,28,35,47,7,117,0,13,40,0,53,28,48,87,7,170,36,2,38,208
09/23/2004,MAF,TX,ASW,CE,Towers with Radar,23,29,38,34,124,5,6,19,8,38,28,35,57,42,162,24,4,28,190
09/24/2004,MAF,TX,ASW,CE,Towers with Radar,27,42,56,32,157,0,3,23,0,26,27,45,79,32,183,0,50,50,233
09/25/2004,MAF,TX,ASW,CE,Towers with Radar,10,13,16,2,41,8,7,11,0,26,18,20,27,2,67,0,0,0,67
09/26/2004,MAF,TX,ASW,CE,Towers with Radar,16,20,28,3,67,11,3,18,0,32,27,23,46,3,99,0,0,0,99
09/27/2004,MAF,TX,ASW,CE,Towers with Radar,20,26,36,2,84,10,10,31,0,51,30,36,67,2,135,4,0,4,139
09/28/2004,MAF,TX,ASW,CE,Towers with Radar,26,34,46,28,134,2,17,48,0,67,28,51,94,28,201,24,1,25,226
09/29/2004,MAF,TX,ASW,CE,Towers with Radar,30,40,55,44,169,0,7,58,0,65,30,47,113,44,234,40,54,94,328
09/30/2004,MAF,TX,ASW,CE,Towers with Radar,20,26,35,2,83,7,12,125,0,144,27,38,160,2,227,10,0,10,237
10/01/2004,MAF,TX,ASW,CE,Combined TRACON& Tower with Radar,30,35,88,52,205,0,2,144,4,150,30,37,232,56,355,88,4,92,447
10/02/2004,MAF,TX,ASW,CE,Combined TRACON& Tower with Radar,18,20,24,4,66,0,0,57,0,57,18,20,81,4,123,10,0,10,133
10/03/2004,MAF,TX,ASW,CE,Combined TRACON& Tower with Radar,24,24,75,3,126,0,0,48,0,48,24,24,123,3,174,0,0,0,174
10/04/2004,MAF,TX,ASW,CE,Combined TRACON& Tower with Radar,27,44,45,4,120,0,1,57,0,58,27,45,102,4,178,0,0,0,178
10/05/2004,MAF,TX,ASW,CE,Combined TRACON& Tower with Radar,28,43,50,116,237,0,0,31,7,38,28,43,81,123,275,62,96,158,433
10/06/2004,MAF,TX,ASW,CE,Combined TRACON& Tower with Radar,28,45,41,45,159,0,0,16,1,17,28,45,57,46,176,0,18,18,194
10/07/2004,MAF,TX,ASW,CE,Combined TRACON& Tower with Radar,28,42,34,87,191,0,1,27,3,31,28,43,61,90,222,6,92,98,320
10/08/2004,MAF,TX,ASW,CE,Combined TRACON& Tower with Radar,29,36,39,55,159,0,1,42,0,43,29,37,81,55,202,2,188,190,392
10/09/2004,MAF,TX,ASW,CE,Combined TRACON& Tower with Radar,20,25,22,0,67,0,1,59,1,61,20,26,81,1,128,1,0,1,129
10/10/2004,MAF,TX,ASW,CE,Combined TRACON& Tower with Radar,24,25,33,2,84,0,0,32,0,32,24,25,65,2,116,0,0,0,116
10/11/2004,MAF,TX,ASW,CE,Combined TRACON& Tower with Radar,28,33,38,9,108,0,0,21,1,22,28,33,59,10,130,0,4,4,134
10/12/2004,MAF,TX,ASW,CE,Combined TRACON& Tower with Radar,31,39,47,32,149,0,5,42,2,49,31,44,89,34,198,10,18,28,226
10/13/2004,MAF,TX,ASW,CE,Combined TRACON& Tower with Radar,28,32,34,41,135,0,2,33,0,35,28,34,67,41,170,12,104,116,286
10/14/2004,MAF,TX,ASW,CE,Combined TRACON& Tower with Radar,28,44,55,66,193,0,5,34,8,47,28,49,89,74,240,25,138,163,403
10/15/2004,MAF,TX,ASW,CE,Combined TRACON& Tower with Radar,31,35,39,116,221,0,0,0,0,0,31,35,39,116,221,24,48,72,293
10/16/2004,MAF,TX,ASW,CE,Combined TRACON& Tower with Radar,18,16,48,16,98,0,0,26,0,26,18,16,74,16,124,0,0,0,124
10/17/2004,MAF,TX,ASW,CE,Combined TRACON& Tower with Radar,25,25,19,12,81,0,0,31,2,33,25,25,50,14,114,0,6,6,120
10/18/2004,MAF,TX,ASW,CE,Combined TRACON& Tower with Radar,29,30,46,56,161,0,3,27,2,32,29,33,73,58,193,0,80,80,273
10/19/2004,MAF,TX,ASW,CE,Combined TRACON& Tower with Radar,29,35,63,61,188,0,6,47,0,53,29,41,110,61,241,8,106,114,355
10/20/2004,MAF,TX,ASW,CE,Combined TRACON& Tower with Radar,28,31,76,80,215,0,3,44,2,49,28,34,120,82,264,8,172,180,444
10/21/2004,MAF,TX,ASW,CE,Combined TRACON& Tower with Radar,26,32,36,59,153,0,3,35,2,40,26,35,71,61,193,14,26,40,233
10/22/2004,MAF,TX,ASW,CE,Combined TRACON& Tower with Radar,27,34,39,35,135,0,0,13,0,13,27,34,52,35,148,0,52,52,200
10/23/2004,MAF,TX,ASW,CE,Combined TRACON& Tower with Radar,18,19,3,4,44,0,0,36,0,36,18,19,39,4,80,0,10,10,90
10/24/2004,MAF,TX,ASW,CE,Combined TRACON& Tower with Radar,26,21,20,20,87,0,0,19,2,21,26,21,39,22,108,0,0,0,108
10/25/2004,MAF,TX,ASW,CE,Combined TRACON& Tower with Radar,33,28,69,4,134,0,1,17,0,18,33,29,86,4,152,0,0,0,152
10/26/2004,MAF,TX,ASW,CE,Combined TRACON& Tower with Radar,29,35,43,25,132,0,0,20,2,22,29,35,63,27,154,0,0,0,154
10/27/2004,MAF,TX,ASW,CE,Combined TRACON& Tower with Radar,27,31,67,64,189,0,2,19,6,27,27,33,86,70,216,0,0,0,216
10/28/2004,MAF,TX,ASW,CE,Combined TRACON& Tower with Radar,27,50,67,34,178,0,1,20,2,23,27,51,87,36,201,0,38,38,239
10/29/2004,MAF,TX,ASW,CE,Combined TRACON& Tower with Radar,28,32,27,30,117,0,5,26,3,34,28,37,53,33,151,10,46,56,207
10/30/2004,MAF,TX,ASW,CE,Combined TRACON& Tower with Radar,20,29,45,6,100,0,0,34,0,34,20,29,79,6,134,24,4,28,162
10/31/2004,MAF,TX,ASW,CE,Combined TRACON& Tower with Radar,23,25,32,2,82,0,0,18,0,18,23,25,50,2,100,5,3,8,108
11/01/2004,MAF,TX,ASW,CE,Combined TRACON& Tower with Radar,26,33,40,65,164,0,0,26,0,26,26,33,66,65,190,14,22,36,226
11/02/2004,MAF,TX,ASW,CE,Combined TRACON& Tower with Radar,26,46,24,0,96,0,0,2,0,2,26,46,26,0,98,0,0,0,98
11/03/2004,MAF,TX,ASW,CE,Combined TRACON& Tower with Radar,28,38,49,80,195,0,1,26,2,29,28,39,75,82,224,46,84,130,354
11/04/2004,MAF,TX,ASW,CE,Combined TRACON& Tower with Radar,26,36,49,119,230,0,4,32,4,40,26,40,81,123,270,6,146,152,422
11/05/2004,MAF,TX,ASW,CE,Combined TRACON& Tower with Radar,26,35,39,29,129,0,4,43,2,49,26,39,82,31,178,58,44,102,280
11/06/2004,MAF,TX,ASW,CE,Combined TRACON& Tower with Radar,13,21,17,0,51,0,0,24,0,24,13,21,41,0,75,42,0,42,117
11/07/2004,MAF,TX,ASW,CE,Combined TRACON& Tower with Radar,25,35,34,10,104,0,0,27,1,28,25,35,61,11,132,8,0,8,140
11/08/2004,MAF,TX,ASW,CE,Combined TRACON& Tower with Radar,27,28,53,65,173,0,7,33,5,45,27,35,86,70,218,0,108,108,326
11/09/2004,MAF,TX,ASW,CE,Combined TRACON& Tower with Radar,27,32,66,45,170,0,1,24,2,27,27,33,90,47,197,10,8,18,215
11/10/2004,MAF,TX,ASW,CE,Combined TRACON& Tower with Radar,29,33,53,107,222,0,8,42,3,53,29,41,95,110,275,10,164,174,449
11/11/2004,MAF,TX,ASW,CE,Combined TRACON& Tower with Radar,25,32,50,17,124,0,0,31,0,31,25,32,81,17,155,26,0,26,181
11/12/2004,MAF,TX,ASW,CE,Combined TRACON& Tower with Radar,25,68,85,106,284,0,1,20,0,21,25,69,105,106,305,6,76,82,387
11/13/2004,MAF,TX,ASW,CE,Combined TRACON& Tower with Radar,17,49,8,1,75,0,0,0,0,0,17,49,8,1,75,0,0,0,75
11/14/2004,MAF,TX,ASW,CE,Combined TRACON& Tower with Radar,22,26,30,1,79,0,0,0,0,0,22,26,30,1,79,0,0,0,79
11/15/2004,MAF,TX,ASW,CE,Combined TRACON& Tower with Radar,28,30,39,18,115,0,0,0,0,0,28,30,39,18,115,0,0,0,115
11/16/2004,MAF,TX,ASW,CE,Combined TRACON& Tower with Radar,26,49,27,0,102,0,0,0,0,0,26,49,27,0,102,140,0,140,242
11/17/2004,MAF,TX,ASW,CE,Combined TRACON& Tower with Radar,26,39,50,85,200,0,2,29,3,34,26,41,79,88,234,88,158,246,480
11/18/2004,MAF,TX,ASW,CE,Combined TRACON& Tower with Radar,28,38,79,112,257,0,4,32,4,40,28,42,111,116,297,30,86,116,413
11/19/2004,MAF,TX,ASW,CE,Combined TRACON& Tower with Radar,26,56,70,95,247,0,2,43,2,47,26,58,113,97,294,26,26,52,346
11/20/2004,MAF,TX,ASW,CE,Combined TRACON& Tower with Radar,20,31,54,48,153,0,0,28,0,28,20,31,82,48,181,16,8,24,205
11/21/2004,MAF,TX,ASW,CE,Combined TRACON& Tower with Radar,22,20,42,25,109,0,0,2,0,2,22,20,44,25,111,0,0,0,111
11/22/2004,MAF,TX,ASW,CE,Combined TRACON& Tower with Radar,28,33,58,25,144,0,0,8,0,8,28,33,66,25,152,9,24,33,185
11/23/2004,MAF,TX,ASW,CE,Combined TRACON& Tower with Radar,23,31,48,64,166,0,0,24,4,28,23,31,72,68,194,16,46,62,256
11/24/2004,MAF,TX,ASW,CE,Combined TRACON& Tower with Radar,28,40,54,3,125,0,1,30,0,31,28,41,84,3,156,16,0,16,172
11/25/2004,MAF,TX,ASW,CE,Combined TRACON& Tower with Radar,14,16,3,0,33,0,1,16,0,17,14,17,19,0,50,0,0,0,50
11/26/2004,MAF,TX,ASW,CE,Combined TRACON& Tower with Radar,23,31,38,0,92,0,2,26,0,28,23,33,64,0,120,0,0,0,120
11/27/2004,MAF,TX,ASW,CE,Combined TRACON& Tower with Radar,17,20,29,1,67,0,1,25,0,26,17,21,54,1,93,2,0,2,95
11/28/2004,MAF,TX,ASW,CE,Combined TRACON& Tower with Radar,23,24,43,0,90,0,0,19,0,19,23,24,62,0,109,8,0,8,117
11/29/2004,MAF,TX,ASW,CE,Combined TRACON& Tower with Radar,28,48,44,87,207,0,1,22,2,25,28,49,66,89,232,9,138,147,379
11/30/2004,MAF,TX,ASW,CE,Combined TRACON& Tower with Radar,26,40,71,84,221,0,1,22,7,30,26,41,93,91,251,84,194,278,529
12/01/2004,MAF,TX,ASW,CE,Combined TRACON& Tower with Radar,26,33,48,57,164,0,5,45,2,52,26,38,93,59,216,4,54,58,274
12/02/2004,MAF,TX,ASW,CE,Combined TRACON& Tower with Radar,27,34,60,61,182,0,4,34,3,41,27,38,94,64,223,37,60,97,320
12/03/2004,MAF,TX,ASW,CE,Combined TRACON& Tower with Radar,22,31,45,110,208,1,2,29,6,38,23,33,74,116,246,14,120,134,380
12/04/2004,MAF,TX,ASW,CE,Combined TRACON& Tower with Radar,18,24,12,21,75,0,0,24,3,27,18,24,36,24,102,36,0,36,138
12/05/2004,MAF,TX,ASW,CE,Combined TRACON& Tower with Radar,23,21,37,18,99,0,0,25,0,25,23,21,62,18,124,16,14,30,154
12/06/2004,MAF,TX,ASW,CE,Combined TRACON& Tower with Radar,26,43,65,25,159,0,0,19,1,20,26,43,84,26,179,20,0,20,199
12/07/2004,MAF,TX,ASW,CE,Combined TRACON& Tower with Radar,29,38,65,85,217,0,3,48,1,52,29,41,113,86,269,30,126,156,425
12/08/2004,MAF,TX,ASW,CE,Combined TRACON& Tower with Radar,26,42,49,49,166,0,5,27,5,37,26,47,76,54,203,2,72,74,277
12/09/2004,MAF,TX,ASW,CE,Combined TRACON& Tower with Radar,26,42,50,87,205,0,4,31,0,35,26,46,81,87,240,16,122,138,378
12/10/2004,MAF,TX,ASW,CE,Combined TRACON& Tower with Radar,26,38,72,54,190,0,2,43,2,47,26,40,115,56,237,46,64,110,347
12/11/2004,MAF,TX,ASW,CE,Combined TRACON& Tower with Radar,18,26,53,2,99,0,1,35,1,37,18,27,88,3,136,2,4,6,142
12/12/2004,MAF,TX,ASW,CE,Combined TRACON& Tower with Radar,23,27,38,15,103,0,0,29,0,29,23,27,67,15,132,30,0,30,162
12/13/2004,MAF,TX,ASW,CE,Combined TRACON& Tower with Radar,26,31,43,55,155,0,4,40,2,46,26,35,83,57,201,48,44,92,293
12/14/2004,MAF,TX,ASW,CE,Combined TRACON& Tower with Radar,28,44,44,74,190,0,1,45,6,52,28,45,89,80,242,24,19,43,285
12/15/2004,MAF,TX,ASW,CE,Combined TRACON& Tower with Radar,26,39,55,79,199,0,6,35,5,46,26,45,90,84,245,16,42,58,303
12/16/2004,MAF,TX,ASW,CE,Combined TRACON& Tower with Radar,28,46,81,98,253,0,7,36,4,47,28,53,117,102,300,0,68,68,368
12/17/2004,MAF,TX,ASW,CE,Combined TRACON& Tower with Radar,28,48,61,113,250,0,1,43,0,44,28,49,104,113,294,8,96,104,398
12/18/2004,MAF,TX,ASW,CE,Combined TRACON& Tower with Radar,19,34,32,47,132,0,0,40,1,41,19,34,72,48,173,10,56,66,239
12/19/2004,MAF,TX,ASW,CE,Combined TRACON& Tower with Radar,23,20,31,14,88,0,0,22,0,22,23,20,53,14,110,0,0,0,110
12/20/2004,MAF,TX,ASW,CE,Combined TRACON& Tower with Radar,29,30,53,59,171,0,5,26,1,32,29,35,79,60,203,16,132,148,351
12/21/2004,MAF,TX,ASW,CE,Combined TRACON& Tower with Radar,26,43,59,131,259,0,4,36,2,42,26,47,95,133,301,28,266,294,595
12/22/2004,MAF,TX,ASW,CE,Combined TRACON& Tower with Radar,28,52,21,0,101,0,0,5,3,8,28,52,26,3,109,12,0,12,121
12/23/2004,MAF,TX,ASW,CE,Combined TRACON& Tower with Radar,25,36,48,21,130,0,0,25,0,25,25,36,73,21,155,2,8,10,165
12/24/2004,MAF,TX,ASW,CE,Combined TRACON& Tower with Radar,23,48,12,0,83,0,0,24,0,24,23,48,36,0,107,0,0,0,107
12/25/2004,MAF,TX,ASW,CE,Combined TRACON& Tower with Radar,21,15,8,0,44,0,0,15,0,15,21,15,23,0,59,10,0,10,69
12/26/2004,MAF,TX,ASW,CE,Combined TRACON& Tower with Radar,23,20,14,0,57,0,0,26,0,26,23,20,40,0,83,0,0,0,83
12/27/2004,MAF,TX,ASW,CE,Combined TRACON& Tower with Radar,27,53,27,0,107,0,5,28,0,33,27,58,55,0,140,6,0,6,146
12/28/2004,MAF,TX,ASW,CE,Combined TRACON& Tower with Radar,25,52,51,8,136,0,4,35,0,39,25,56,86,8,175,10,30,40,215
12/29/2004,MAF,TX,ASW,CE,Combined TRACON& Tower with Radar,26,56,15,11,108,0,4,27,0,31,26,60,42,11,139,14,0,14,153
12/30/2004,MAF,TX,ASW,CE,Combined TRACON& Tower with Radar,23,38,30,0,91,0,3,26,0,29,23,41,56,0,120,6,0,6,126
12/31/2004,MAF,TX,ASW,CE,Combined TRACON& Tower with Radar,19,29,19,0,67,0,1,21,0,22,19,30,40,0,89,1,9,10,99
01/01/2005,MAF,TX,ASW,CE,Combined TRACON& Tower with Radar,19,15,25,0,59,0,2,13,0,15,19,17,38,0,74,0,0,0,74
01/02/2005,MAF,TX,ASW,CE,Combined TRACON& Tower with Radar,24,21,23,0,68,0,0,5,0,5,24,21,28,0,73,0,0,0,73
01/03/2005,MAF,TX,ASW,CE,Combined TRACON& Tower with Radar,23,40,54,18,135,0,1,5,0,6,23,41,59,18,141,9,30,39,180
01/04/2005,MAF,TX,ASW,CE,Combined TRACON& Tower with Radar,29,50,31,161,271,0,0,15,1,16,29,50,46,162,287,2,68,70,357
01/05/2005,MAF,TX,ASW,CE,Combined TRACON& Tower with Radar,26,45,36,75,182,0,1,17,0,18,26,46,53,75,200,18,71,89,289
01/06/2005,MAF,TX,ASW,CE,Combined TRACON& Tower with Radar,30,41,47,22,140,0,2,26,0,28,30,43,73,22,168,2,28,30,198
01/07/2005,MAF,TX,ASW,CE,Combined TRACON& Tower with Radar,24,35,62,133,254,0,4,32,7,43,24,39,94,140,297,7,150,157,454
01/08/2005,MAF,TX,ASW,CE,Combined TRACON& Tower with Radar,19,26,17,0,62,0,0,21,1,22,19,26,38,1,84,6,0,6,90
01/09/2005,MAF,TX,ASW,CE,Combined TRACON& Tower with Radar,23,21,23,3,70,0,0,25,0,25,23,21,48,3,95,14,0,14,109
01/10/2005,MAF,TX,ASW,CE,Combined TRACON& Tower with Radar,25,35,32,68,160,0,0,19,2,21,25,35,51,70,181,24,8,32,213
01/11/2005,MAF,TX,ASW,CE,Combined TRACON& Tower with Radar,25,34,41,129,229,0,4,31,9,44,25,38,72,138,273,4,210,214,487
01/12/2005,MAF,TX,ASW,CE,Combined TRACON& Tower with Radar,25,39,24,6,94,0,1,21,1,23,25,40,45,7,117,0,24,24,141
01/13/2005,MAF,TX,ASW,CE,Combined TRACON& Tower with Radar,31,40,48,88,207,0,4,27,1,32,31,44,75,89,239,0,95,95,334
01/14/2005,MAF,TX,ASW,CE,Combined TRACON& Tower with Radar,24,35,48,49,156,0,3,28,3,34,24,38,76,52,190,0,66,66,256
01/15/2005,MAF,TX,ASW,CE,Combined TRACON& Tower with Radar,21,27,11,0,59,0,0,32,1,33,21,27,43,1,92,6,0,6,98
01/16/2005,MAF,TX,ASW,CE,Combined TRACON& Tower with Radar,19,24,19,0,62,0,0,22,1,23,19,24,41,1,85,12,0,12,97
01/17/2005,MAF,TX,ASW,CE,Combined TRACON& Tower with Radar,27,28,41,2,98,0,1,26,0,27,27,29,67,2,125,0,0,0,125
01/18/2005,MAF,TX,ASW,CE,Combined TRACON& Tower with Radar,28,49,38,70,185,0,1,19,0,20,28,50,57,70,205,14,4,18,223
01/19/2005,MAF,TX,ASW,CE,Combined TRACON& Tower with Radar,25,37,43,37,142,0,4,26,0,30,25,41,69,37,172,10,56,66,238
01/20/2005,MAF,TX,ASW,CE,Combined TRACON& Tower with Radar,29,53,30,28,140,0,3,39,3,45,29,56,69,31,185,24,20,44,229
01/21/2005,MAF,TX,ASW,CE,Combined TRACON& Tower with Radar,26,45,31,44,146,0,7,37,2,46,26,52,68,46,192,2,72,74,266
01/22/2005,MAF,TX,ASW,CE,Combined TRACON& Tower with Radar,19,20,16,22,77,0,0,14,0,14,19,20,30,22,91,0,6,6,97
01/23/2005,MAF,TX,ASW,CE,Combined TRACON& Tower with Radar,20,23,25,5,73,0,0,29,1,30,20,23,54,6,103,6,0,6,109
01/24/2005,MAF,TX,ASW,CE,Combined TRACON& Tower with Radar,27,29,36,63,155,0,4,30,1,35,27,33,66,64,190,56,58,114,304
01/25/2005,MAF,TX,ASW,CE,Combined TRACON& Tower with Radar,29,36,33,82,180,0,5,27,2,34,29,41,60,84,214,0,130,130,344
01/26/2005,MAF,TX,ASW,CE,Combined TRACON& Tower with Radar,28,38,70,81,217,0,4,33,6,43,28,42,103,87,260,4,66,70,330
01/27/2005,MAF,TX,ASW,CE,Combined TRACON& Tower with Radar,25,41,28,15,109,0,0,6,0,6,25,41,34,15,115,0,0,0,115
01/28/2005,MAF,TX,ASW,CE,Combined TRACON& Tower with Radar,27,42,37,125,231,0,2,21,3,26,27,44,58,128,257,6,122,128,385
01/29/2005,MAF,TX,ASW,CE,Combined TRACON& Tower with Radar,19,27,29,12,87,0,0,4,0,4,19,27,33,12,91,0,22,22,113
01/30/2005,MAF,TX,ASW,CE,Combined TRACON& Tower with Radar,23,30,19,15,87,0,0,6,0,6,23,30,25,15,93,4,8,12,105
01/31/2005,MAF,TX,ASW,CE,Combined TRACON& Tower with Radar,27,38,39,52,156,0,0,12,0,12,27,38,51,52,168,0,16,16,184
02/01/2005,MAF,TX,ASW,CE,Combined TRACON& Tower with Radar,28,36,17,0,81,0,0,0,0,0,28,36,17,0,81,0,0,0,81
02/02/2005,MAF,TX,ASW,CE,Combined TRACON& Tower with Radar,28,36,38,70,172,0,4,35,3,42,28,40,73,73,214,20,84,104,318
02/03/2005,MAF,TX,ASW,CE,Combined TRACON& Tower with Radar,27,42,33,54,156,0,2,40,1,43,27,44,73,55,199,17,64,81,280
02/04/2005,MAF,TX,ASW,CE,Combined TRACON& Tower with Radar,30,34,58,51,173,0,7,37,0,44,30,41,95,51,217,26,140,166,383
02/05/2005,MAF,TX,ASW,CE,Combined TRACON& Tower with Radar,20,20,35,0,75,1,3,14,0,18,21,23,49,0,93,10,0,10,103
02/06/2005,MAF,TX,ASW,CE,Combined TRACON& Tower with Radar,21,25,24,27,97,0,0,15,1,16,21,25,39,28,113,2,28,30,143
02/07/2005,MAF,TX,ASW,CE,Combined TRACON& Tower with Radar,29,31,59,65,184,0,3,44,6,53,29,34,103,71,237,8,126,134,371
02/08/2005,MAF,TX,ASW,CE,Combined TRACON& Tower with Radar,31,42,38,149,260,0,2,13,1,16,31,44,51,150,276,6,90,96,372
02/09/2005,MAF,TX,ASW,CE,Combined TRACON& Tower with Radar,30,35,55,54,174,0,2,13,2,17,30,37,68,56,191,0,12,12,203
02/10/2005,MAF,TX,ASW,CE,Combined TRACON& Tower with Radar,26,40,59,33,158,0,4,21,5,30,26,44,80,38,188,0,72,72,260
02/11/2005,MAF,TX,ASW,CE,Combined TRACON& Tower with Radar,28,48,38,50,164,0,1,16,0,17,28,49,54,50,181,20,102,122,303
02/12/2005,MAF,TX,ASW,CE,Combined TRACON& Tower with Radar,19,25,32,11,87,0,0,6,0,6,19,25,38,11,93,4,0,4,97
02/13/2005,MAF,TX,ASW,CE,Combined TRACON& Tower with Radar,23,17,23,28,91,0,0,25,3,28,23,17,48,31,119,4,90,94,213
02/14/2005,MAF,TX,ASW,CE,Combined TRACON& Tower with Radar,28,34,44,82,188,0,7,35,5,47,28,41,79,87,235,2,119,121,356
02/15/2005,MAF,TX,ASW,CE,Combined TRACON& Tower with Radar,27,39,53,45,164,0,6,34,2,42,27,45,87,47,206,40,60,100,306
02/16/2005,MAF,TX,ASW,CE,Combined TRACON& Tower with Radar,27,48,31,23,129,0,7,27,0,34,27,55,58,23,163,16,10,26,189
02/17/2005,MAF,TX,ASW,CE,Combined TRACON& Tower with Radar,28,41,45,11,125,0,4,23,0,27,28,45,68,11,152,0,0,0,152
02/18/2005,MAF,TX,ASW,CE,Combined TRACON& Tower with Radar,22,49,60,14,145,0,0,13,0,13,22,49,73,14,158,0,0,0,158
02/19/2005,MAF,TX,ASW,CE,Combined TRACON& Tower with Radar,21,23,30,6,80,0,0,16,0,16,21,23,46,6,96,14,2,16,112
02/20/2005,MAF,TX,ASW,CE,Combined TRACON& Tower with Radar,23,21,37,1,82,0,0,32,0,32,23,21,69,1,114,14,0,14,128
02/21/2005,MAF,TX,ASW,CE,Combined TRACON& Tower with Radar,25,44,29,0,98,0,4,36,0,40,25,48,65,0,138,24,0,24,162
02/22/2005,MAF,TX,ASW,CE,Combined TRACON& Tower with Radar,27,41,43,49,160,0,0,0,1,1,27,41,43,50,161,34,62,96,257
02/23/2005,MAF,TX,ASW,CE,Combined TRACON& Tower with Radar,28,54,30,45,157,0,1,9,1,11,28,55,39,46,168,0,8,8,176
02/24/2005,MAF,TX,ASW,CE,Combined TRACON& Tower with Radar,27,51,56,12,146,0,0,8,0,8,27,51,64,12,154,2,12,14,168
02/25/2005,MAF,TX,ASW,CE,Combined TRACON& Tower with Radar,27,73,34,12,146,0,0,0,0,0,27,73,34,12,146,0,0,0,146
02/26/2005,MAF,TX,ASW,CE,Combined TRACON& Tower with Radar,19,29,40,5,93,0,0,2,0,2,19,29,42,5,95,6,0,6,101
02/27/2005,MAF,TX,ASW,CE,Combined TRACON& Tower with Radar,22,28,40,0,90,0,0,31,0,31,22,28,71,0,121,2,0,2,123
02/28/2005,MAF,TX,ASW,CE,Combined TRACON& Tower with Radar,28,40,45,57,170,0,3,41,6,50,28,43,86,63,220,0,2,2,222
03/01/2005,MAF,TX,ASW,CE,Combined TRACON& Tower with Radar,27,36,40,98,201,0,4,41,1,46,27,40,81,99,247,10,198,208,455
03/02/2005,MAF,TX,ASW,CE,Combined TRACON& Tower with Radar,27,55,48,56,186,0,3,31,4,38,27,58,79,60,224,0,116,116,340
03/03/2005,MAF,TX,ASW,CE,Combined TRACON& Tower with Radar,29,51,38,49,167,0,2,37,5,44,29,53,75,54,211,56,42,98,309
03/04/2005,MAF,TX,ASW,CE,Combined TRACON& Tower with Radar,28,40,69,102,239,0,1,55,6,62,28,41,124,108,301,8,10,18,319
03/05/2005,MAF,TX,ASW,CE,Combined TRACON& Tower with Radar,19,39,18,1,77,0,0,0,0,0,19,39,18,1,77,2,0,2,79
03/06/2005,MAF,TX,ASW,CE,Combined TRACON& Tower with Radar,22,32,30,11,95,0,0,7,0,7,22,32,37,11,102,6,12,18,120
03/07/2005,MAF,TX,ASW,CE,Combined TRACON& Tower with Radar,28,34,40,71,173,0,3,22,2,27,28,37,62,73,200,22,158,180,380
03/08/2005,MAF,TX,ASW,CE,Combined TRACON& Tower with Radar,27,52,36,95,210,0,6,41,2,49,27,58,77,97,259,4,240,244,503
03/09/2005,MAF,TX,ASW,CE,Combined TRACON& Tower with Radar,28,56,28,87,199,0,5,39,3,47,28,61,67,90,246,36,240,276,522
03/10/2005,MAF,TX,ASW,CE,Combined TRACON& Tower with Radar,27,43,43,102,215,0,5,25,1,31,27,48,68,103,246,0,82,82,328
03/11/2005,MAF,TX,ASW,CE,Combined TRACON& Tower with Radar,29,37,42,83,191,0,6,36,4,46,29,43,78,87,237,36,86,122,359
03/12/2005,MAF,TX,ASW,CE,Combined TRACON& Tower with Radar,19,29,27,30,105,0,3,27,4,34,19,32,54,34,139,14,20,34,173
03/13/2005,MAF,TX,ASW,CE,Combined TRACON& Tower with Radar,21,22,31,32,106,0,0,18,2,20,21,22,49,34,126,2,8,10,136
03/14/2005,MAF,TX,ASW,CE,Combined TRACON& Tower with Radar,26,42,19,44,131,0,2,19,4,25,26,44,38,48,156,18,14,32,188
03/15/2005,MAF,TX,ASW,CE,Combined TRACON& Tower with Radar,27,56,65,86,234,0,0,20,0,20,27,56,85,86,254,8,58,66,320
03/16/2005,MAF,TX,ASW,CE,Combined TRACON& Tower with Radar,27,38,52,91,208,0,2,30,4,36,27,40,82,95,244,58,224,282,526
03/17/2005,MAF,TX,ASW,CE,Combined TRACON& Tower with Radar,23,38,36,50,147,0,5,31,2,38,23,43,67,52,185,2,56,58,243
03/18/2005,MAF,TX,ASW,CE,Combined TRACON& Tower with Radar,28,53,32,85,198,0,3,40,4,47,28,56,72,89,245,0,42,42,287
03/19/2005,MAF,TX,ASW,CE,Combined TRACON& Tower with Radar,19,26,29,8,82,0,1,30,0,31,19,27,59,8,113,2,0,2,115
03/20/2005,MAF,TX,ASW,CE,Combined TRACON& Tower with Radar,22,27,44,27,120,0,0,21,0,21,22,27,65,27,141,0,0,0,141
03/21/2005,MAF,TX,ASW,CE,Combined TRACON& Tower with Radar,28,30,28,61,147,0,4,24,2,30,28,34,52,63,177,0,76,76,253
03/22/2005,MAF,TX,ASW,CE,Combined TRACON& Tower with Radar,28,39,57,60,184,0,5,45,2,52,28,44,102,62,236,28,156,184,420
03/23/2005,MAF,TX,ASW,CE,Combined TRACON& Tower with Radar,32,32,57,49,170,0,5,33,2,40,32,37,90,51,210,14,60,74,284
03/24/2005,MAF,TX,ASW,CE,Combined TRACON& Tower with Radar,26,40,48,59,173,0,3,40,2,45,26,43,88,61,218,2,35,37,255
03/25/2005,MAF,TX,ASW,CE,Combined TRACON& Tower with Radar,25,32,56,43,156,0,3,30,2,35,25,35,86,45,191,12,86,98,289
03/26/2005,MAF,TX,ASW,CE,Combined TRACON& Tower with Radar,19,27,22,0,68,0,0,4,0,4,19,27,26,0,72,0,0,0,72
03/27/2005,MAF,TX,ASW,CE,Combined TRACON& Tower with Radar,20,23,16,1,60,0,0,26,0,26,20,23,42,1,86,2,0,2,88
03/28/2005,MAF,TX,ASW,CE,Combined TRACON& Tower with Radar,27,40,61,66,194,0,2,29,0,31,27,42,90,66,225,10,50,60,285
03/29/2005,MAF,TX,ASW,CE,Combined TRACON& Tower with Radar,31,48,60,13,152,0,2,30,1,33,31,50,90,14,185,26,48,74,259
03/30/2005,MAF,TX,ASW,CE,Combined TRACON& Tower with Radar,26,39,38,64,167,0,6,38,2,46,26,45,76,66,213,62,66,128,341
03/31/2005,MAF,TX,ASW,CE,Combined TRACON& Tower with Radar,28,40,53,61,182,0,6,30,6,42,28,46,83,67,224,0,30,30,254
04/01/2005,MAF,TX,ASW,CE,Combined TRACON& Tower with Radar,26,40,45,40,151,0,2,54,1,57,26,42,99,41,208,30,42,72,280
04/02/2005,MAF,TX,ASW,CE,Combined TRACON& Tower with Radar,19,22,24,2,67,0,1,40,0,41,19,23,64,2,108,0,0,0,108
04/03/2005,MAF,TX,ASW,CE,Combined TRACON& Tower with Radar,23,27,36,11,97,0,0,30,1,31,23,27,66,12,128,0,2,2,130
04/04/2005,MAF,TX,ASW,CE,Combined TRACON& Tower with Radar,29,50,31,71,181,0,1,33,6,40,29,51,64,77,221,38,102,140,361
04/05/2005,MAF,TX,ASW,CE,Combined TRACON& Tower with Radar,27,48,28,41,144,0,2,25,2,29,27,50,53,43,173,18,22,40,213
04/06/2005,MAF,TX,ASW,CE,Combined TRACON& Tower with Radar,26,50,52,83,211,0,6,29,1,36,26,56,81,84,247,33,64,97,344
04/07/2005,MAF,TX,ASW,CE,Combined TRACON& Tower with Radar,28,50,51,66,195,0,4,38,2,44,28,54,89,68,239,22,20,42,281
04/08/2005,MAF,TX,ASW,CE,Combined TRACON& Tower with Radar,28,35,46,34,143,0,4,31,3,38,28,39,77,37,181,20,48,68,249
04/09/2005,MAF,TX,ASW,CE,Combined TRACON& Tower with Radar,19,19,30,0,68,0,1,26,0,27,19,20,56,0,95,0,0,0,95
04/10/2005,MAF,TX,ASW,CE,Combined TRACON& Tower with Radar,23,25,29,5,82,0,0,25,0,25,23,25,54,5,107,0,0,0,107
04/11/2005,MAF,TX,ASW,CE,Combined TRACON& Tower with Radar,27,26,51,56,160,0,1,36,1,38,27,27,87,57,198,10,102,112,310
04/12/2005,MAF,TX,ASW,CE,Combined TRACON& Tower with Radar,29,45,51,77,202,0,4,39,5,48,29,49,90,82,250,28,82,110,360
04/13/2005,MAF,TX,ASW,CE,Combined TRACON& Tower with Radar,27,45,48,55,175,0,2,34,5,41,27,47,82,60,216,21,86,107,323
04/14/2005,MAF,TX,ASW,CE,Combined TRACON& Tower with Radar,30,49,48,21,148,0,2,34,1,37,30,51,82,22,185,38,0,38,223
04/15/2005,MAF,TX,ASW,CE,Combined TRACON& Tower with Radar,28,39,43,31,141,0,1,25,0,26,28,40,68,31,167,4,40,44,211
04/16/2005,MAF,TX,ASW,CE,Combined TRACON& Tower with Radar,23,19,20,0,62,0,0,24,0,24,23,19,44,0,86,18,0,18,104
04/17/2005,MAF,TX,ASW,CE,Combined TRACON& Tower with Radar,23,26,24,7,80,0,0,12,0,12,23,26,36,7,92,0,0,0,92
04/18/2005,MAF,TX,ASW,CE,Combined TRACON& Tower with Radar,26,34,46,69,175,0,1,25,1,27,26,35,71,70,202,0,10,10,212
04/19/2005,MAF,TX,ASW,CE,Combined TRACON& Tower with Radar,26,38,40,58,162,0,0,34,4,38,26,38,74,62,200,16,43,59,259
04/20/2005,MAF,TX,ASW,CE,Combined TRACON& Tower with Radar,25,41,44,98,208,0,3,21,2,26,25,44,65,100,234,27,136,163,397
04/21/2005,MAF,TX,ASW,CE,Combined TRACON& Tower with Radar,29,40,51,62,182,0,4,25,5,34,29,44,76,67,216,12,6,18,234
04/22/2005,MAF,TX,ASW,CE,Combined TRACON& Tower with Radar,27,41,51,87,206,0,4,39,2,45,27,45,90,89,251,23,22,45,296
04/23/2005,MAF,TX,ASW,CE,Combined TRACON& Tower with Radar,21,20,24,9,74,0,0,33,3,36,21,20,57,12,110,8,0,8,118
04/24/2005,MAF,TX,ASW,CE,Combined TRACON& Tower with Radar,22,28,33,4,87,0,0,0,0,0,22,28,33,4,87,0,0,0,87
04/25/2005,MAF,TX,ASW,CE,Combined TRACON& Tower with Radar,27,39,31,131,228,0,5,35,18,58,27,44,66,149,286,24,194,218,504
04/26/2005,MAF,TX,ASW,CE,Combined TRACON& Tower with Radar,28,42,40,61,171,0,4,38,7,49,28,46,78,68,220,32,84,116,336
04/27/2005,MAF,TX,ASW,CE,Combined TRACON& Tower with Radar,29,42,37,81,189,0,6,28,3,37,29,48,65,84,226,56,46,102,328
04/28/2005,MAF,TX,ASW,CE,Combined TRACON& Tower with Radar,30,44,45,46,165,0,6,36,3,45,30,50,81,49,210,6,84,90,300
04/29/2005,MAF,TX,ASW,CE,Combined TRACON& Tower with Radar,27,52,39,62,180,0,1,30,5,36,27,53,69,67,216,8,100,108,324
04/30/2005,MAF,TX,ASW,CE,Combined TRACON& Tower with Radar,19,64,25,13,121,0,0,24,0,24,19,64,49,13,145,26,14,40,185
05/01/2005,MAF,TX,ASW,CE,Combined TRACON& Tower with Radar,22,25,15,7,69,0,0,30,0,30,22,25,45,7,99,0,18,18,117
05/02/2005,MAF,TX,ASW,CE,Combined TRACON& Tower with Radar,27,40,57,64,188,0,2,20,1,23,27,42,77,65,211,8,30,38,249
05/03/2005,MAF,TX,ASW,CE,Combined TRACON& Tower with Radar,25,47,33,8,113,0,0,0,0,0,25,47,33,8,113,0,0,0,113
05/04/2005,MAF,TX,ASW,CE,Combined TRACON& Tower with Radar,26,52,38,57,173,0,0,0,2,2,26,52,38,59,175,0,0,0,175
05/05/2005,MAF,TX,ASW,CE,Combined TRACON& Tower with Radar,26,43,37,28,134,0,4,31,3,38,26,47,68,31,172,12,14,26,198
05/06/2005,MAF,TX,ASW,CE,Combined TRACON& Tower with Radar,27,47,46,14,134,0,3,28,7,38,27,50,74,21,172,12,12,24,196
05/07/2005,MAF,TX,ASW,CE,Combined TRACON& Tower with Radar,19,28,16,4,67,0,0,31,0,31,19,28,47,4,98,10,2,12,110
05/08/2005,MAF,TX,ASW,CE,Combined TRACON& Tower with Radar,19,20,16,12,67,0,0,17,0,17,19,20,33,12,84,2,12,14,98
05/09/2005,MAF,TX,ASW,CE,Combined TRACON& Tower with Radar,27,37,42,64,170,0,6,27,2,35,27,43,69,66,205,26,112,138,343
05/10/2005,MAF,TX,ASW,CE,Combined TRACON& Tower with Radar,30,48,48,27,153,0,6,14,7,27,30,54,62,34,180,21,12,33,213
05/11/2005,MAF,TX,ASW,CE,Combined TRACON& Tower with Radar,27,47,62,51,187,0,4,24,0,28,27,51,86,51,215,42,36,78,293
05/12/2005,MAF,TX,ASW,CE,Combined TRACON& Tower with Radar,26,40,37,65,168,0,0,22,3,25,26,40,59,68,193,6,112,118,311
05/13/2005,MAF,TX,ASW,CE,Combined TRACON& Tower with Radar,26,51,45,45,167,0,6,30,3,39,26,57,75,48,206,0,0,0,206
05/14/2005,MAF,TX,ASW,CE,Combined TRACON& Tower with Radar,19,28,40,4,91,0,0,24,1,25,19,28,64,5,116,6,4,10,126
05/15/2005,MAF,TX,ASW,CE,Combined TRACON& Tower with Radar,22,18,12,2,54,0,0,6,1,7,22,18,18,3,61,0,0,0,61
05/16/2005,MAF,TX,ASW,CE,Combined TRACON& Tower with Radar,29,34,35,39,137,0,3,31,2,36,29,37,66,41,173,6,4,10,183
05/17/2005,MAF,TX,ASW,CE,Combined TRACON& Tower with Radar,28,37,45,105,215,0,5,36,6,47,28,42,81,111,262,28,80,108,370
05/18/2005,MAF,TX,ASW,CE,Combined TRACON& Tower with Radar,29,40,46,65,180,0,3,37,8,48,29,43,83,73,228,22,116,138,366
05/19/2005,MAF,TX,ASW,CE,Combined TRACON& Tower with Radar,27,41,54,82,204,0,3,27,0,30,27,44,81,82,234,0,92,92,326
05/20/2005,MAF,TX,ASW,CE,Combined TRACON& Tower with Radar,29,41,38,85,193,0,5,34,1,40,29,46,72,86,233,10,108,118,351
05/21/2005,MAF,TX,ASW,CE,Combined TRACON& Tower with Radar,19,23,19,4,65,0,1,30,2,33,19,24,49,6,98,2,0,2,100
05/22/2005,MAF,TX,ASW,CE,Combined TRACON& Tower with Radar,19,24,21,30,94,0,0,16,0,16,19,24,37,30,110,6,0,6,116
05/23/2005,MAF,TX,ASW,CE,Combined TRACON& Tower with Radar,25,29,23,32,109,0,3,25,0,28,25,32,48,32,137,6,58,64,201
05/24/2005,MAF,TX,ASW,CE,Combined TRACON& Tower with Radar,26,32,35,23,116,0,3,46,8,57,26,35,81,31,173,19,82,101,274
05/25/2005,MAF,TX,ASW,CE,Combined TRACON& Tower with Radar,28,48,45,45,166,0,5,35,5,45,28,53,80,50,211,0,34,34,245
05/26/2005,MAF,TX,ASW,CE,Combined TRACON& Tower with Radar,25,52,54,0,131,0,0,10,1,11,25,52,64,1,142,0,0,0,142
05/27/2005,MAF,TX,ASW,CE,Combined TRACON& Tower with Radar,24,38,31,2,95,0,1,8,0,9,24,39,39,2,104,14,0,14,118
05/28/2005,MAF,TX,ASW,CE,Combined TRACON& Tower with Radar,18,25,19,2,64,0,0,11,1,12,18,25,30,3,76,18,0,18,94
05/29/2005,MAF,TX,ASW,CE,Combined TRACON& Tower with Radar,16,18,15,0,49,0,0,12,0,12,16,18,27,0,61,20,0,20,81
05/30/2005,MAF,TX,ASW,CE,Combined TRACON& Tower with Radar,23,23,42,3,91,0,0,29,1,30,23,23,71,4,121,8,0,8,129
05/31/2005,MAF,TX,ASW,CE,Combined TRACON& Tower with Radar,25,34,43,148,250,0,1,31,4,36,25,35,74,152,286,58,138,196,482
06/01/2005,MAF,TX,ASW,CE,Combined TRACON& Tower with Radar,27,47,49,72,195,0,2,43,2,47,27,49,92,74,242,55,84,139,381
06/02/2005,MAF,TX,ASW,CE,Combined TRACON& Tower with Radar,28,44,52,36,160,0,4,34,1,39,28,48,86,37,199,6,28,34,233
06/03/2005,MAF,TX,ASW,CE,Combined TRACON& Tower with Radar,25,37,33,61,156,0,0,20,11,31,25,37,53,72,187,12,152,164,351
06/04/2005,MAF,TX,ASW,CE,Combined TRACON& Tower with Radar,16,29,22,0,67,0,0,25,0,25,16,29,47,0,92,6,0,6,98
06/05/2005,MAF,TX,ASW,CE,Combined TRACON& Tower with Radar,22,20,31,4,77,0,4,9,0,13,22,24,40,4,90,0,0,0,90
06/06/2005,MAF,TX,ASW,CE,Combined TRACON& Tower with Radar,27,32,30,51,140,0,4,27,0,31,27,36,57,51,171,0,40,40,211
06/07/2005,MAF,TX,ASW,CE,Combined TRACON& Tower with Radar,29,44,34,103,210,0,7,31,5,43,29,51,65,108,253,0,46,46,299
06/08/2005,MAF,TX,ASW,CE,Combined TRACON& Tower with Radar,28,41,79,43,191,0,6,44,5,55,28,47,123,48,246,2,34,36,282
06/09/2005,MAF,TX,ASW,CE,Combined TRACON& Tower with Radar,27,37,32,20,116,0,6,21,2,29,27,43,53,22,145,8,18,26,171
06/10/2005,MAF,TX,ASW,CE,Combined TRACON& Tower with Radar,25,31,26,27,109,0,1,13,1,15,25,32,39,28,124,0,10,10,134
06/11/2005,MAF,TX,ASW,CE,Combined TRACON& Tower with Radar,15,22,17,5,59,0,0,13,0,13,15,22,30,5,72,10,2,12,84
06/12/2005,MAF,TX,ASW,CE,Combined TRACON& Tower with Radar,19,21,35,4,79,0,0,20,0,20,19,21,55,4,99,0,0,0,99
06/13/2005,MAF,TX,ASW,CE,Combined TRACON& Tower with Radar,28,33,33,47,141,0,1,38,0,39,28,34,71,47,180,12,100,112,292
06/14/2005,MAF,TX,ASW,CE,Combined TRACON& Tower with Radar,29,43,66,97,235,0,1,22,4,27,29,44,88,101,262,34,60,94,356
06/15/2005,MAF,TX,ASW,CE,Combined TRACON& Tower with Radar,28,44,58,84,214,0,6,37,2,45,28,50,95,86,259,1,112,113,372
06/16/2005,MAF,TX,ASW,CE,Combined TRACON& Tower with Radar,27,42,63,91,223,0,2,36,0,38,27,44,99,91,261,46,96,142,403
06/17/2005,MAF,TX,ASW,CE,Combined TRACON& Tower with Radar,23,42,57,56,178,0,3,32,9,44,23,45,89,65,222,16,66,82,304
06/18/2005,MAF,TX,ASW,CE,Combined TRACON& Tower with Radar,16,22,26,7,71,0,1,25,0,26,16,23,51,7,97,14,4,18,115
06/19/2005,MAF,TX,ASW,CE,Combined TRACON& Tower with Radar,20,21,25,17,83,0,0,10,0,10,20,21,35,17,93,0,0,0,93
06/20/2005,MAF,TX,ASW,CE,Combined TRACON& Tower with Radar,28,23,22,19,92,0,3,20,2,25,28,26,42,21,117,0,68,68,185
06/21/2005,MAF,TX,ASW,CE,Combined TRACON& Tower with Radar,28,41,54,40,163,0,3,39,4,46,28,44,93,44,209,60,140,200,409
06/22/2005,MAF,TX,ASW,CE,Combined TRACON& Tower with Radar,28,48,40,72,188,0,5,47,3,55,28,53,87,75,243,40,118,158,401
06/23/2005,MAF,TX,ASW,CE,Combined TRACON& Tower with Radar,26,37,49,56,168,0,6,47,3,56,26,43,96,59,224,4,21,25,249
06/24/2005,MAF,TX,ASW,CE,Combined TRACON& Tower with Radar,24,39,33,30,126,0,5,47,4,56,24,44,80,34,182,28,75,103,285
06/25/2005,MAF,TX,ASW,CE,Combined TRACON& Tower with Radar,22,30,31,7,90,0,1,27,0,28,22,31,58,7,118,30,12,42,160
06/26/2005,MAF,TX,ASW,CE,Combined TRACON& Tower with Radar,20,22,26,15,83,0,0,19,0,19,20,22,45,15,102,6,10,16,118
06/27/2005,MAF,TX,ASW,CE,Combined TRACON& Tower with Radar,27,31,24,47,129,0,1,46,1,48,27,32,70,48,177,22,92,114,291
06/28/2005,MAF,TX,ASW,CE,Combined TRACON& Tower with Radar,32,43,41,60,176,0,4,45,4,53,32,47,86,64,229,20,94,114,343
06/29/2005,MAF,TX,ASW,CE,Combined TRACON& Tower with Radar,26,44,56,67,193,0,3,47,4,54,26,47,103,71,247,4,130,134,381
06/30/2005,MAF,TX,ASW,CE,Combined TRACON& Tower with Radar,26,39,62,59,186,0,5,41,0,46,26,44,103,59,232,4,83,87,319
07/01/2005,MAF,TX,ASW,CE,Combined TRACON& Tower with Radar,27,43,38,8,116,0,2,46,0,48,27,45,84,8,164,0,20,20,184
07/02/2005,MAF,TX,ASW,CE,Combined TRACON& Tower with Radar,17,23,29,0,69,0,0,13,0,13,17,23,42,0,82,0,0,0,82
07/03/2005,MAF,TX,ASW,CE,Combined TRACON& Tower with Radar,16,17,14,0,47,0,0,13,0,13,16,17,27,0,60,0,0,0,60
07/04/2005,MAF,TX,ASW,CE,Combined TRACON& Tower with Radar,20,19,13,0,52,0,1,14,0,15,20,20,27,0,67,0,0,0,67
07/05/2005,MAF,TX,ASW,CE,Combined TRACON& Tower with Radar,28,37,37,61,163,0,5,38,2,45,28,42,75,63,208,12,116,128,336
07/06/2005,MAF,TX,ASW,CE,Combined TRACON& Tower with Radar,27,43,39,100,209,0,5,44,0,49,27,48,83,100,258,7,78,85,343
07/07/2005,MAF,TX,ASW,CE,Combined TRACON& Tower with Radar,30,45,57,75,207,0,4,36,2,42,30,49,93,77,249,13,23,36,285
07/08/2005,MAF,TX,ASW,CE,Combined TRACON& Tower with Radar,23,42,32,69,166,0,4,35,4,43,23,46,67,73,209,48,146,194,403
07/09/2005,MAF,TX,ASW,CE,Combined TRACON& Tower with Radar,17,26,20,17,80,0,0,23,0,23,17,26,43,17,103,10,0,10,113
07/10/2005,MAF,TX,ASW,CE,Combined TRACON& Tower with Radar,20,22,10,0,52,0,0,27,0,27,20,22,37,0,79,0,0,0,79
07/11/2005,MAF,TX,ASW,CE,Combined TRACON& Tower with Radar,28,40,47,42,157,0,2,49,1,52,28,42,96,43,209,17,100,117,326
07/12/2005,MAF,TX,ASW,CE,Combined TRACON& Tower with Radar,29,48,42,18,137,0,4,24,2,30,29,52,66,20,167,0,0,0,167
07/13/2005,MAF,TX,ASW,CE,Combined TRACON& Tower with Radar,31,67,66,94,258,0,3,45,1,49,31,70,111,95,307,14,68,82,389
07/14/2005,MAF,TX,ASW,CE,Combined TRACON& Tower with Radar,33,51,45,97,226,0,2,60,8,70,33,53,105,105,296,8,62,70,366
07/15/2005,MAF,TX,ASW,CE,Combined TRACON& Tower with Radar,24,51,21,51,147,0,2,36,2,40,24,53,57,53,187,12,58,70,257
07/16/2005,MAF,TX,ASW,CE,Combined TRACON& Tower with Radar,18,26,27,10,81,0,0,26,0,26,18,26,53,10,107,14,4,18,125
07/17/2005,MAF,TX,ASW,CE,Combined TRACON& Tower with Radar,19,21,21,8,69,0,0,23,0,23,19,21,44,8,92,0,0,0,92
07/18/2005,MAF,TX,ASW,CE,Combined TRACON& Tower with Radar,25,41,37,64,167,0,1,16,1,18,25,42,53,65,185,10,134,144,329
07/19/2005,MAF,TX,ASW,CE,Combined TRACON& Tower with Radar,28,47,70,102,247,0,4,36,7,47,28,51,106,109,294,0,114,114,408
07/20/2005,MAF,TX,ASW,CE,Combined TRACON& Tower with Radar,29,41,44,119,233,0,4,43,17,64,29,45,87,136,297,0,182,182,479
07/21/2005,MAF,TX,ASW,CE,Combined TRACON& Tower with Radar,34,42,73,109,258,0,3,45,9,57,34,45,118,118,315,40,138,178,493
07/22/2005,MAF,TX,ASW,CE,Combined TRACON& Tower with Radar,28,37,42,47,154,0,1,32,2,35,28,38,74,49,189,8,63,71,260
07/23/2005,MAF,TX,ASW,CE,Combined TRACON& Tower with Radar,16,25,19,0,60,0,2,27,0,29,16,27,46,0,89,1,10,11,100
07/24/2005,MAF,TX,ASW,CE,Combined TRACON& Tower with Radar,19,20,14,5,58,0,0,28,0,28,19,20,42,5,86,0,0,0,86
07/25/2005,MAF,TX,ASW,CE,Combined TRACON& Tower with Radar,27,43,20,51,141,0,1,22,2,25,27,44,42,53,166,18,118,136,302
07/26/2005,MAF,TX,ASW,CE,Combined TRACON& Tower with Radar,29,40,59,36,164,0,1,28,6,35,29,41,87,42,199,34,38,72,271
07/27/2005,MAF,TX,ASW,CE,Combined TRACON& Tower with Radar,29,68,54,0,151,0,0,9,0,9,29,68,63,0,160,0,0,0,160
07/28/2005,MAF,TX,ASW,CE,Combined TRACON& Tower with Radar,30,46,68,80,224,0,0,39,1,40,30,46,107,81,264,0,28,28,292
07/29/2005,MAF,TX,ASW,CE,Combined TRACON& Tower with Radar,30,38,44,60,172,0,1,17,1,19,30,39,61,61,191,0,0,0,191
07/30/2005,MAF,TX,ASW,CE,Combined TRACON& Tower with Radar,18,28,40,5,91,0,0,31,3,34,18,28,71,8,125,16,0,16,141
07/31/2005,MAF,TX,ASW,CE,Combined TRACON& Tower with Radar,18,21,16,17,72,0,1,16,1,18,18,22,32,18,90,16,6,22,112
08/01/2005,MAF,TX,ASW,CE,Combined TRACON& Tower with Radar,26,36,37,65,164,0,5,42,1,48,26,41,79,66,212,18,108,126,338
08/02/2005,MAF,TX,ASW,CE,Combined TRACON& Tower with Radar,26,39,31,0,96,0,3,38,0,41,26,42,69,0,137,28,38,66,203
08/03/2005,MAF,TX,ASW,CE,Combined TRACON& Tower with Radar,26,33,27,59,145,0,2,28,6,36,26,35,55,65,181,24,98,122,303
08/04/2005,MAF,TX,ASW,CE,Combined TRACON& Tower with Radar,27,36,49,53,165,0,2,28,0,30,27,38,77,53,195,14,110,124,319
08/05/2005,MAF,TX,ASW,CE,Combined TRACON& Tower with Radar,25,29,33,5,92,0,3,19,0,22,25,32,52,5,114,8,0,8,122
08/06/2005,MAF,TX,ASW,CE,Combined TRACON& Tower with Radar,13,20,18,23,74,0,0,25,1,26,13,20,43,24,100,2,20,22,122
08/07/2005,MAF,TX,ASW,CE,Combined TRACON& Tower with Radar,20,18,14,3,55,0,0,19,1,20,20,18,33,4,75,0,0,0,75
08/08/2005,MAF,TX,ASW,CE,Combined TRACON& Tower with Radar,27,45,41,66,179,0,1,30,5,36,27,46,71,71,215,38,138,176,391
08/09/2005,MAF,TX,ASW,CE,Combined TRACON& Tower with Radar,26,44,45,135,250,0,0,15,2,17,26,44,60,137,267,12,154,166,433
08/10/2005,MAF,TX,ASW,CE,Combined TRACON& Tower with Radar,29,41,52,65,187,0,1,31,1,33,29,42,83,66,220,10,200,210,430
08/11/2005,MAF,TX,ASW,CE,Combined TRACON& Tower with Radar,27,39,46,75,187,0,3,25,4,32,27,42,71,79,219,16,222,238,457
08/12/2005,MAF,TX,ASW,CE,Combined TRACON& Tower with Radar,32,33,35,56,156,0,0,30,4,34,32,33,65,60,190,10,54,64,254
08/13/2005,MAF,TX,ASW,CE,Combined TRACON& Tower with Radar,16,23,24,1,64,0,0,13,3,16,16,23,37,4,80,0,20,20,100
08/14/2005,MAF,TX,ASW,CE,Combined TRACON& Tower with Radar,20,22,18,2,62,0,0,8,0,8,20,22,26,2,70,0,0,0,70
08/15/2005,MAF,TX,ASW,CE,Combined TRACON& Tower with Radar,23,33,31,0,87,0,0,8,0,8,23,33,39,0,95,6,0,6,101
08/16/2005,MAF,TX,ASW,CE,Combined TRACON& Tower with Radar,31,43,57,32,163,0,1,16,2,19,31,44,73,34,182,14,42,56,238
08/17/2005,MAF,TX,ASW,CE,Combined TRACON& Tower with Radar,27,46,48,94,215,0,4,48,5,57,27,50,96,99,272,30,130,160,432
08/18/2005,MAF,TX,ASW,CE,Combined TRACON& Tower with Radar,30,43,48,34,155,0,3,39,5,47,30,46,87,39,202,28,60,88,290
08/19/2005,MAF,TX,ASW,CE,Combined TRACON& Tower with Radar,37,42,37,49,165,0,4,29,7,40,37,46,66,56,205,30,65,95,300
08/20/2005,MAF,TX,ASW,CE,Combined TRACON& Tower with Radar,18,32,25,4,79,0,1,20,1,22,18,33,45,5,101,50,0,50,151
08/21/2005,MAF,TX,ASW,CE,Combined TRACON& Tower with Radar,20,21,21,23,85,0,0,23,1,24,20,21,44,24,109,0,12,12,121
08/22/2005,MAF,TX,ASW,CE,Combined TRACON& Tower with Radar,27,33,26,48,134,0,3,32,4,39,27,36,58,52,173,8,106,114,287
08/23/2005,MAF,TX,ASW,CE,Combined TRACON& Tower with Radar,27,42,58,74,201,0,4,46,5,55,27,46,104,79,256,72,90,162,418
08/24/2005,MAF,TX,ASW,CE,Combined TRACON& Tower with Radar,34,44,50,57,185,0,4,35,8,47,34,48,85,65,232,0,78,78,310
08/25/2005,MAF,TX,ASW,CE,Combined TRACON& Tower with Radar,29,43,38,45,155,0,5,40,2,47,29,48,78,47,202,16,80,96,298
08/26/2005,MAF,TX,ASW,CE,Combined TRACON& Tower with Radar,33,44,69,74,220,0,6,52,2,60,33,50,121,76,280,12,122,134,414
08/27/2005,MAF,TX,ASW,CE,Combined TRACON& Tower with Radar,16,22,13,8,59,0,4,27,0,31,16,26,40,8,90,4,0,4,94
08/28/2005,MAF,TX,ASW,CE,Combined TRACON& Tower with Radar,21,26,26,11,84,0,0,13,0,13,21,26,39,11,97,0,0,0,97
08/29/2005,MAF,TX,ASW,CE,Combined TRACON& Tower with Radar,28,40,49,132,249,0,3,35,3,41,28,43,84,135,290,0,64,64,354
08/30/2005,MAF,TX,ASW,CE,Combined TRACON& Tower with Radar,32,41,54,102,229,0,7,40,4,51,32,48,94,106,280,20,128,148,428
08/31/2005,MAF,TX,ASW,CE,Combined TRACON& Tower with Radar,29,41,50,60,180,0,8,42,6,56,29,49,92,66,236,24,78,102,338
09/01/2005,MAF,TX,ASW,CE,Combined TRACON& Tower with Radar,28,42,44,79,193,0,7,37,4,48,28,49,81,83,241,54,154,208,449
09/02/2005,MAF,TX,ASW,CE,Combined TRACON& Tower with Radar,27,54,37,45,163,0,5,31,10,46,27,59,68,55,209,16,135,151,360
09/03/2005,MAF,TX,ASW,CE,Combined TRACON& Tower with Radar,16,24,20,8,68,0,1,11,2,14,16,25,31,10,82,4,0,4,86
09/04/2005,MAF,TX,ASW,CE,Combined TRACON& Tower with Radar,16,17,8,1,42,0,0,7,1,8,16,17,15,2,50,3,0,3,53
09/05/2005,MAF,TX,ASW,CE,Combined TRACON& Tower with Radar,25,33,29,2,89,0,0,14,0,14,25,33,43,2,103,4,0,4,107
09/06/2005,MAF,TX,ASW,CE,Combined TRACON& Tower with Radar,33,44,45,77,199,0,3,40,1,44,33,47,85,78,243,66,110,176,419
09/07/2005,MAF,TX,ASW,CE,Combined TRACON& Tower with Radar,27,43,54,119,243,0,2,45,8,55,27,45,99,127,298,24,98,122,420
09/08/2005,MAF,TX,ASW,CE,Combined TRACON& Tower with Radar,27,48,48,88,211,0,4,48,4,56,27,52,96,92,267,0,132,132,399
09/09/2005,MAF,TX,ASW,CE,Combined TRACON& Tower with Radar,26,45,41,74,186,0,8,41,10,59,26,53,82,84,245,11,107,118,363
09/10/2005,MAF,TX,ASW,CE,Combined TRACON& Tower with Radar,17,21,25,4,67,0,1,30,0,31,17,22,55,4,98,10,2,12,110
09/11/2005,MAF,TX,ASW,CE,Combined TRACON& Tower with Radar,20,25,14,64,123,0,0,14,4,18,20,25,28,68,141,0,74,74,215
09/12/2005,MAF,TX,ASW,CE,Combined TRACON& Tower with Radar,29,31,56,61,177,0,1,27,5,33,29,32,83,66,210,2,114,116,326
09/13/2005,MAF,TX,ASW,CE,Combined TRACON& Tower with Radar,27,33,43,55,158,0,2,30,0,32,27,35,73,55,190,2,76,78,268
09/14/2005,MAF,TX,ASW,CE,Combined TRACON& Tower with Radar,28,37,41,33,139,0,0,34,0,34,28,37,75,33,173,0,20,20,193
09/15/2005,MAF,TX,ASW,CE,Combined TRACON& Tower with Radar,27,41,68,57,193,0,2,21,2,25,27,43,89,59,218,17,106,123,341
09/16/2005,MAF,TX,ASW,CE,Combined TRACON& Tower with Radar,26,42,46,63,177,0,0,12,4,16,26,42,58,67,193,10,32,42,235
09/17/2005,MAF,TX,ASW,CE,Combined TRACON& Tower with Radar,17,24,12,0,53,0,0,9,2,11,17,24,21,2,64,26,0,26,90
09/18/2005,MAF,TX,ASW,CE,Combined TRACON& Tower with Radar,22,21,22,20,85,0,0,18,1,19,22,21,40,21,104,6,4,10,114
09/19/2005,MAF,TX,ASW,CE,Combined TRACON& Tower with Radar,25,33,28,30,116,0,0,27,4,31,25,33,55,34,147,14,48,62,209
09/20/2005,MAF,TX,ASW,CE,Combined TRACON& Tower with Radar,26,43,36,98,203,0,0,15,2,17,26,43,51,100,220,2,148,150,370
09/21/2005,MAF,TX,ASW,CE,Combined TRACON& Tower with Radar,27,40,72,78,217,0,0,42,29,71,27,40,114,107,288,0,48,48,336
09/22/2005,MAF,TX,ASW,CE,Combined TRACON& Tower with Radar,22,32,56,46,156,0,1,19,7,27,22,33,75,53,183,0,78,78,261
09/23/2005,MAF,TX,ASW,CE,Combined TRACON& Tower with Radar,24,31,31,4,90,0,0,35,3,38,24,31,66,7,128,12,16,28,156
09/24/2005,MAF,TX,ASW,CE,Combined TRACON& Tower with Radar,16,15,24,1,56,0,0,23,36,59,16,15,47,37,115,24,2,26,141
09/25/2005,MAF,TX,ASW,CE,Combined TRACON& Tower with Radar,23,16,29,0,68,0,0,28,2,30,23,16,57,2,98,0,0,0,98
09/26/2005,MAF,TX,ASW,CE,Combined TRACON& Tower with Radar,26,36,27,48,137,0,4,27,2,33,26,40,54,50,170,0,16,16,186
09/27/2005,MAF,TX,ASW,CE,Combined TRACON& Tower with Radar,33,45,52,57,187,0,3,41,3,47,33,48,93,60,234,0,78,78,312
09/28/2005,MAF,TX,ASW,CE,Combined TRACON& Tower with Radar,29,36,41,19,125,0,3,60,0,63,29,39,101,19,188,24,10,34,222
09/29/2005,MAF,TX,ASW,CE,Combined TRACON& Tower with Radar,29,42,53,24,148,0,0,87,1,88,29,42,140,25,236,52,4,56,292
09/30/2005,MAF,TX,ASW,CE,Combined TRACON& Tower with Radar,33,44,38,4,119,0,0,133,2,135,33,44,171,6,254,27,17,44,298
10/01/2005,MAF,TX,ASW,CE,Combined TRACON& Tower with Radar,20,24,27,1,72,0,0,96,0,96,20,24,123,1,168,2,0,2,170
10/02/2005,MAF,TX,ASW,CE,Combined TRACON& Tower with Radar,22,24,42,3,91,0,0,161,0,161,22,24,203,3,252,40,0,40,292
10/03/2005,MAF,TX,ASW,CE,Combined TRACON& Tower with Radar,27,33,39,70,169,0,4,77,0,81,27,37,116,70,250,36,98,134,384
10/04/2005,MAF,TX,ASW,CE,Combined TRACON& Tower with Radar,29,41,51,85,206,0,1,55,0,56,29,42,106,85,262,66,94,160,422
10/05/2005,MAF,TX,ASW,CE,Combined TRACON& Tower with Radar,32,45,47,55,179,0,5,46,1,52,32,50,93,56,231,12,90,102,333
10/06/2005,MAF,TX,ASW,CE,Combined TRACON& Tower with Radar,33,43,30,0,106,0,0,3,0,3,33,43,33,0,109,4,0,4,113
10/07/2005,MAF,TX,ASW,CE,Combined TRACON& Tower with Radar,27,68,63,66,224,0,1,28,4,33,27,69,91,70,257,14,50,64,321
10/08/2005,MAF,TX,ASW,CE,Combined TRACON& Tower with Radar,17,26,31,4,78,0,0,37,0,37,17,26,68,4,115,33,0,33,148
10/09/2005,MAF,TX,ASW,CE,Combined TRACON& Tower with Radar,25,21,32,5,83,0,0,19,0,19,25,21,51,5,102,16,0,16,118
10/10/2005,MAF,TX,ASW,CE,Combined TRACON& Tower with Radar,26,35,39,25,125,0,1,22,1,24,26,36,61,26,149,0,0,0,149
10/11/2005,MAF,TX,ASW,CE,Combined TRACON& Tower with Radar,27,40,6,54,127,0,2,0,2,4,27,42,6,56,131,0,68,68,199
10/12/2005,MAF,TX,ASW,CE,Combined TRACON& Tower with Radar,29,54,68,103,254,0,2,46,4,52,29,56,114,107,306,4,130,134,440
10/13/2005,MAF,TX,ASW,CE,Combined TRACON& Tower with Radar,27,47,47,3,124,0,0,7,0,7,27,47,54,3,131,0,0,0,131
10/14/2005,MAF,TX,ASW,CE,Combined TRACON& Tower with Radar,26,42,50,105,223,0,4,30,14,48,26,46,80,119,271,6,101,107,378
10/15/2005,MAF,TX,ASW,CE,Combined TRACON& Tower with Radar,18,32,37,5,92,0,0,28,0,28,18,32,65,5,120,30,0,30,150
10/16/2005,MAF,TX,ASW,CE,Combined TRACON& Tower with Radar,21,24,28,9,82,0,0,19,1,20,21,24,47,10,102,4,0,4,106
10/17/2005,MAF,TX,ASW,CE,Combined TRACON& Tower with Radar,48,26,62,57,193,0,0,27,1,28,48,26,89,58,221,16,4,20,241
10/18/2005,MAF,TX,ASW,CE,Combined TRACON& Tower with Radar,31,43,40,74,188,0,1,40,2,43,31,44,80,76,231,8,42,50,281
10/19/2005,MAF,TX,ASW,CE,Combined TRACON& Tower with Radar,25,39,47,41,152,0,3,39,4,46,25,42,86,45,198,0,20,20,218
10/20/2005,MAF,TX,ASW,CE,Combined TRACON& Tower with Radar,33,31,41,64,169,0,1,31,4,36,33,32,72,68,205,0,176,176,381
10/21/2005,MAF,TX,ASW,CE,Combined TRACON& Tower with Radar,35,46,53,94,228,0,4,33,7,44,35,50,86,101,272,6,98,104,376
10/22/2005,MAF,TX,ASW,CE,Combined TRACON& Tower with Radar,16,23,35,0,74,0,0,35,0,35,16,23,70,0,109,20,0,20,129
10/23/2005,MAF,TX,ASW,CE,Combined TRACON& Tower with Radar,22,21,19,9,71,0,0,9,1,10,22,21,28,10,81,0,0,0,81
10/24/2005,MAF,TX,ASW,CE,Combined TRACON& Tower with Radar,27,39,37,55,158,0,0,36,2,38,27,39,73,57,196,0,46,46,242
10/25/2005,MAF,TX,ASW,CE,Combined TRACON& Tower with Radar,39,35,39,23,136,0,4,42,0,46,39,39,81,23,182,56,18,74,256
10/26/2005,MAF,TX,ASW,CE,Combined TRACON& Tower with Radar,34,33,42,54,163,0,1,47,3,51,34,34,89,57,214,26,34,60,274
10/27/2005,MAF,TX,ASW,CE,Combined TRACON& Tower with Radar,37,39,59,118,253,0,0,18,0,18,37,39,77,118,271,20,14,34,305
10/28/2005,MAF,TX,ASW,CE,Combined TRACON& Tower with Radar,37,38,48,78,201,0,1,24,2,27,37,39,72,80,228,10,22,32,260
10/29/2005,MAF,TX,ASW,CE,Combined TRACON& Tower with Radar,17,21,21,7,66,0,0,14,0,14,17,21,35,7,80,0,6,6,86
10/30/2005,MAF,TX,ASW,CE,Combined TRACON& Tower with Radar,22,19,47,13,101,0,0,9,0,9,22,19,56,13,110,18,0,18,128
10/31/2005,MAF,TX,ASW,CE,Combined TRACON& Tower with Radar,25,32,43,84,184,0,0,12,1,13,25,32,55,85,197,6,22,28,225
11/01/2005,MAF,TX,ASW,CE,Combined TRACON& Tower with Radar,38,46,46,99,229,0,5,47,0,52,38,51,93,99,281,0,148,148,429
11/02/2005,MAF,TX,ASW,CE,Combined TRACON& Tower with Radar,35,46,28,88,197,0,3,32,3,38,35,49,60,91,235,34,158,192,427
11/03/2005,MAF,TX,ASW,CE,Combined TRACON& Tower with Radar,30,44,52,67,193,0,4,37,1,42,30,48,89,68,235,0,34,34,269
11/04/2005,MAF,TX,ASW,CE,Combined TRACON& Tower with Radar,38,29,49,53,169,0,4,34,4,42,38,33,83,57,211,14,134,148,359
11/05/2005,MAF,TX,ASW,CE,Combined TRACON& Tower with Radar,25,24,33,0,82,0,0,41,0,41,25,24,74,0,123,24,0,24,147
11/06/2005,MAF,TX,ASW,CE,Combined TRACON& Tower with Radar,22,23,16,5,66,0,1,23,0,24,22,24,39,5,90,0,0,0,90
11/07/2005,MAF,TX,ASW,CE,Combined TRACON& Tower with Radar,30,37,41,65,173,0,1,24,5,30,30,38,65,70,203,14,94,108,311
11/08/2005,MAF,TX,ASW,CE,Combined TRACON& Tower with Radar,36,36,40,57,169,0,1,31,9,41,36,37,71,66,210,22,62,84,294
11/09/2005,MAF,TX,ASW,CE,Combined TRACON& Tower with Radar,38,34,54,60,186,0,2,55,3,60,38,36,109,63,246,18,34,52,298
11/10/2005,MAF,TX,ASW,CE,Combined TRACON& Tower with Radar,39,33,49,53,174,0,6,35,4,45,39,39,84,57,219,16,146,162,381
11/11/2005,MAF,TX,ASW,CE,Combined TRACON& Tower with Radar,33,38,53,3,127,0,0,25,0,25,33,38,78,3,152,9,4,13,165
11/12/2005,MAF,TX,ASW,CE,Combined TRACON& Tower with Radar,21,23,38,0,82,0,0,28,0,28,21,23,66,0,110,16,0,16,126
11/13/2005,MAF,TX,ASW,CE,Combined TRACON& Tower with Radar,21,25,24,3,73,0,0,27,0,27,21,25,51,3,100,14,0,14,114
11/14/2005,MAF,TX,ASW,CE,Combined TRACON& Tower with Radar,27,37,41,15,120,0,1,19,0,20,27,38,60,15,140,0,6,6,146
11/15/2005,MAF,TX,ASW,CE,Combined TRACON& Tower with Radar,32,48,39,26,145,0,4,22,3,29,32,52,61,29,174,12,16,28,202
11/16/2005,MAF,TX,ASW,CE,Combined TRACON& Tower with Radar,31,49,55,69,204,0,3,35,2,40,31,52,90,71,244,46,94,140,384
11/17/2005,MAF,TX,ASW,CE,Combined TRACON& Tower with Radar,35,46,92,57,230,0,7,51,2,60,35,53,143,59,290,34,20,54,344
11/18/2005,MAF,TX,ASW,CE,Combined TRACON& Tower with Radar,33,32,76,94,235,0,6,48,6,60,33,38,124,100,295,37,164,201,496
11/19/2005,MAF,TX,ASW,CE,Combined TRACON& Tower with Radar,25,30,36,7,98,0,0,36,0,36,25,30,72,7,134,4,0,4,138
11/20/2005,MAF,TX,ASW,CE,Combined TRACON& Tower with Radar,23,25,34,0,82,0,0,17,0,17,23,25,51,0,99,4,0,4,103
11/21/2005,MAF,TX,ASW,CE,Combined TRACON& Tower with Radar,27,32,64,67,190,0,1,32,3,36,27,33,96,70,226,20,86,106,332
11/22/2005,MAF,TX,ASW,CE,Combined TRACON& Tower with Radar,33,39,37,27,136,0,1,41,1,43,33,40,78,28,179,6,38,44,223
11/23/2005,MAF,TX,ASW,CE,Combined TRACON& Tower with Radar,33,33,41,17,124,0,4,34,1,39,33,37,75,18,163,10,78,88,251
11/24/2005,MAF,TX,ASW,CE,Combined TRACON& Tower with Radar,19,17,7,0,43,0,0,15,0,15,19,17,22,0,58,5,0,5,63
11/25/2005,MAF,TX,ASW,CE,Combined TRACON& Tower with Radar,18,34,20,0,72,0,0,28,0,28,18,34,48,0,100,6,0,6,106
11/26/2005,MAF,TX,ASW,CE,Combined TRACON& Tower with Radar,20,23,20,0,63,0,0,10,0,10,20,23,30,0,73,0,0,0,73
11/27/2005,MAF,TX,ASW,CE,Combined TRACON& Tower with Radar,22,39,25,0,86,0,0,11,1,12,22,39,36,1,98,6,0,6,104
11/28/2005,MAF,TX,ASW,CE,Combined TRACON& Tower with Radar,27,29,22,40,118,0,4,29,2,35,27,33,51,42,153,4,94,98,251
11/29/2005,MAF,TX,ASW,CE,Combined TRACON& Tower with Radar,35,33,47,82,197,0,4,36,1,41,35,37,83,83,238,10,64,74,312
11/30/2005,MAF,TX,ASW,CE,Combined TRACON& Tower with Radar,36,36,69,82,223,0,3,43,3,49,36,39,112,85,272,36,94,130,402
12/01/2005,MAF,TX,ASW,CE,Combined TRACON& Tower with Radar,39,30,67,41,177,0,2,30,1,33,39,32,97,42,210,36,128,164,374
12/02/2005,MAF,TX,ASW,CE,Combined TRACON& Tower with Radar,37,36,43,45,161,0,3,26,24,53,37,39,69,69,214,8,104,112,326
12/03/2005,MAF,TX,ASW,CE,Combined TRACON& Tower with Radar,22,19,23,6,70,0,0,22,0,22,22,19,45,6,92,4,0,4,96
12/04/2005,MAF,TX,ASW,CE,Combined TRACON& Tower with Radar,23,25,28,1,77,0,0,21,2,23,23,25,49,3,100,16,6,22,122
12/05/2005,MAF,TX,ASW,CE,Combined TRACON& Tower with Radar,29,39,29,65,162,0,3,23,2,28,29,42,52,67,190,20,118,138,328
12/06/2005,MAF,TX,ASW,CE,Combined TRACON& Tower with Radar,35,36,45,53,169,0,1,47,8,56,35,37,92,61,225,2,74,76,301
12/07/2005,MAF,TX,ASW,CE,Combined TRACON& Tower with Radar,37,32,42,58,169,0,4,29,3,36,37,36,71,61,205,8,76,84,289
12/08/2005,MAF,TX,ASW,CE,Combined TRACON& Tower with Radar,40,41,54,156,291,0,1,38,0,39,40,42,92,156,330,12,188,200,530
12/09/2005,MAF,TX,ASW,CE,Combined TRACON& Tower with Radar,33,42,69,14,158,0,5,37,24,66,33,47,106,38,224,0,10,10,234
12/10/2005,MAF,TX,ASW,CE,Combined TRACON& Tower with Radar,19,22,19,0,60,0,2,28,0,30,19,24,47,0,90,44,0,44,134
12/11/2005,MAF,TX,ASW,CE,Combined TRACON& Tower with Radar,23,22,34,12,91,0,1,19,2,22,23,23,53,14,113,10,0,10,123
12/12/2005,MAF,TX,ASW,CE,Combined TRACON& Tower with Radar,27,35,39,123,224,0,2,23,0,25,27,37,62,123,249,21,156,177,426
12/13/2005,MAF,TX,ASW,CE,Combined TRACON& Tower with Radar,33,47,75,77,232,0,6,45,5,56,33,53,120,82,288,26,34,60,348
12/14/2005,MAF,TX,ASW,CE,Combined TRACON& Tower with Radar,32,37,67,58,194,12,3,41,5,61,44,40,108,63,255,4,174,178,433
12/15/2005,MAF,TX,ASW,CE,Combined TRACON& Tower with Radar,29,39,46,66,180,0,6,20,7,33,29,45,66,73,213,21,58,79,292
12/16/2005,MAF,TX,ASW,CE,Combined TRACON& Tower with Radar,36,49,61,5,151,0,1,20,2,23,36,50,81,7,174,0,0,0,174
12/17/2005,MAF,TX,ASW,CE,Combined TRACON& Tower with Radar,23,34,28,20,105,0,0,11,1,12,23,34,39,21,117,0,1,1,118
12/18/2005,MAF,TX,ASW,CE,Combined TRACON& Tower with Radar,20,27,18,9,74,0,0,3,1,4,20,27,21,10,78,4,0,4,82
12/19/2005,MAF,TX,ASW,CE,Combined TRACON& Tower with Radar,26,41,18,26,111,0,1,1,0,2,26,42,19,26,113,0,0,0,113
12/20/2005,MAF,TX,ASW,CE,Combined TRACON& Tower with Radar,32,51,56,13,152,0,1,10,0,11,32,52,66,13,163,0,0,0,163
12/21/2005,MAF,TX,ASW,CE,Combined TRACON& Tower with Radar,36,36,57,35,164,0,3,30,0,33,36,39,87,35,197,2,36,38,235
12/22/2005,MAF,TX,ASW,CE,Combined TRACON& Tower with Radar,32,37,77,47,193,0,1,44,1,46,32,38,121,48,239,14,40,54,293
12/23/2005,MAF,TX,ASW,CE,Combined TRACON& Tower with Radar,36,31,39,0,106,0,5,33,0,38,36,36,72,0,144,43,8,51,195
12/24/2005,MAF,TX,ASW,CE,Combined TRACON& Tower with Radar,27,22,10,0,59,0,0,20,0,20,27,22,30,0,79,2,0,2,81
12/25/2005,MAF,TX,ASW,CE,Combined TRACON& Tower with Radar,18,19,5,0,42,0,2,14,0,16,18,21,19,0,58,0,0,0,58
12/26/2005,MAF,TX,ASW,CE,Combined TRACON& Tower with Radar,28,30,22,0,80,0,0,23,0,23,28,30,45,0,103,0,0,0,103
12/27/2005,MAF,TX,ASW,CE,Combined TRACON& Tower with Radar,28,30,25,10,93,0,4,19,0,23,28,34,44,10,116,0,34,34,150
12/28/2005,MAF,TX,ASW,CE,Combined TRACON& Tower with Radar,35,35,37,1,108,0,1,55,0,56,35,36,92,1,164,4,0,4,168
12/29/2005,MAF,TX,ASW,CE,Combined TRACON& Tower with Radar,35,39,42,15,131,0,0,30,0,30,35,39,72,15,161,38,16,54,215
12/30/2005,MAF,TX,ASW,CE,Combined TRACON& Tower with Radar,40,34,33,0,107,0,3,54,0,57,40,37,87,0,164,20,0,20,184
12/31/2005,MAF,TX,ASW,CE,Combined TRACON& Tower with Radar,28,16,29,0,73,0,0,27,0,27,28,16,56,0,100,0,0,0,100
01/01/2006,MAF,TX,ASW,CE,Combined TRACON& Tower with Radar,19,22,15,0,56,0,0,7,0,7,19,22,22,0,63,0,0,0,63
01/02/2006,MAF,TX,ASW,CE,Combined TRACON& Tower with Radar,26,23,29,0,78,0,0,37,0,37,26,23,66,0,115,6,0,6,121
01/03/2006,MAF,TX,ASW,CE,Combined TRACON& Tower with Radar,38,34,56,30,158,0,2,37,0,39,38,36,93,30,197,24,56,80,277
01/04/2006,MAF,TX,ASW,CE,Combined TRACON& Tower with Radar,38,33,31,76,178,0,2,42,0,44,38,35,73,76,222,0,204,204,426
01/05/2006,MAF,TX,ASW,CE,Combined TRACON& Tower with Radar,29,30,36,45,140,0,1,31,0,32,29,31,67,45,172,4,108,112,284
01/06/2006,MAF,TX,ASW,CE,Combined TRACON& Tower with Radar,48,43,44,92,227,0,2,45,16,63,48,45,89,108,290,26,112,138,428
01/07/2006,MAF,TX,ASW,CE,Combined TRACON& Tower with Radar,21,24,29,0,74,0,0,17,0,17,21,24,46,0,91,0,0,0,91
01/08/2006,MAF,TX,ASW,CE,Combined TRACON& Tower with Radar,22,22,22,17,83,0,0,21,0,21,22,22,43,17,104,6,10,16,120
01/09/2006,MAF,TX,ASW,CE,Combined TRACON& Tower with Radar,28,37,21,109,195,0,0,21,1,22,28,37,42,110,217,0,132,132,349
01/10/2006,MAF,TX,ASW,CE,Combined TRACON& Tower with Radar,42,39,52,114,247,0,3,33,8,44,42,42,85,122,291,40,212,252,543
01/11/2006,MAF,TX,ASW,CE,Combined TRACON& Tower with Radar,39,77,56,50,222,0,0,36,5,41,39,77,92,55,263,6,44,50,313
01/12/2006,MAF,TX,ASW,CE,Combined TRACON& Tower with Radar,42,45,38,145,270,0,0,29,4,33,42,45,67,149,303,4,149,153,456
01/13/2006,MAF,TX,ASW,CE,Combined TRACON& Tower with Radar,27,39,40,47,153,0,1,44,4,49,27,40,84,51,202,20,96,116,318
01/14/2006,MAF,TX,ASW,CE,Combined TRACON& Tower with Radar,18,20,17,4,59,0,1,17,2,20,18,21,34,6,79,16,0,16,95
01/15/2006,MAF,TX,ASW,CE,Combined TRACON& Tower with Radar,23,27,19,4,73,0,0,16,0,16,23,27,35,4,89,0,0,0,89
01/16/2006,MAF,TX,ASW,CE,Combined TRACON& Tower with Radar,25,28,24,4,81,0,0,21,0,21,25,28,45,4,102,0,0,0,102
01/17/2006,MAF,TX,ASW,CE,Combined TRACON& Tower with Radar,36,66,46,50,198,0,2,33,2,37,36,68,79,52,235,18,108,126,361
01/18/2006,MAF,TX,ASW,CE,Combined TRACON& Tower with Radar,40,31,62,79,212,0,4,37,9,50,40,35,99,88,262,2,47,49,311
01/19/2006,MAF,TX,ASW,CE,Combined TRACON& Tower with Radar,38,40,47,102,227,0,3,29,5,37,38,43,76,107,264,0,194,194,458
01/20/2006,MAF,TX,ASW,CE,Combined TRACON& Tower with Radar,44,41,47,88,220,0,1,41,6,48,44,42,88,94,268,10,193,203,471
01/21/2006,MAF,TX,ASW,CE,Combined TRACON& Tower with Radar,25,20,20,28,93,0,0,38,0,38,25,20,58,28,131,14,0,14,145
01/22/2006,MAF,TX,ASW,CE,Combined TRACON& Tower with Radar,24,28,19,81,152,0,0,19,0,19,24,28,38,81,171,24,82,106,277
01/23/2006,MAF,TX,ASW,CE,Combined TRACON& Tower with Radar,26,35,37,0,98,0,2,29,284,315,26,37,66,284,413,4,60,64,477
01/24/2006,MAF,TX,ASW,CE,Combined TRACON& Tower with Radar,40,37,52,117,246,0,2,26,1,29,40,39,78,118,275,22,114,136,411
01/25/2006,MAF,TX,ASW,CE,Combined TRACON& Tower with Radar,36,32,47,27,142,0,1,41,2,44,36,33,88,29,186,14,52,66,252
01/26/2006,MAF,TX,ASW,CE,Combined TRACON& Tower with Radar,39,39,52,94,224,0,6,30,11,47,39,45,82,105,271,12,126,138,409
01/27/2006,MAF,TX,ASW,CE,Combined TRACON& Tower with Radar,38,36,36,14,124,0,0,16,1,17,38,36,52,15,141,0,6,6,147
01/28/2006,MAF,TX,ASW,CE,Combined TRACON& Tower with Radar,21,21,9,20,71,0,0,8,1,9,21,21,17,21,80,4,2,6,86
01/29/2006,MAF,TX,ASW,CE,Combined TRACON& Tower with Radar,23,23,27,19,92,0,0,33,0,33,23,23,60,19,125,6,10,16,141
01/30/2006,MAF,TX,ASW,CE,Combined TRACON& Tower with Radar,29,38,41,81,189,0,0,29,5,34,29,38,70,86,223,4,112,116,339
01/31/2006,MAF,TX,ASW,CE,Combined TRACON& Tower with Radar,40,40,53,103,236,0,1,39,3,43,40,41,92,106,279,6,78,84,363
02/01/2006,MAF,TX,ASW,CE,Combined TRACON& Tower with Radar,38,40,48,121,247,0,2,28,8,38,38,42,76,129,285,12,112,124,409
02/02/2006,MAF,TX,ASW,CE,Combined TRACON& Tower with Radar,36,34,58,103,231,0,6,25,22,53,36,40,83,125,284,0,99,99,383
02/03/2006,MAF,TX,ASW,CE,Combined TRACON& Tower with Radar,36,45,51,123,255,0,3,33,4,40,36,48,84,127,295,2,110,112,407
02/04/2006,MAF,TX,ASW,CE,Combined TRACON& Tower with Radar,26,20,27,2,75,0,0,32,2,34,26,20,59,4,109,0,0,0,109
02/05/2006,MAF,TX,ASW,CE,Combined TRACON& Tower with Radar,22,21,23,49,115,0,0,22,13,35,22,21,45,62,150,28,0,28,178
02/06/2006,MAF,TX,ASW,CE,Combined TRACON& Tower with Radar,26,27,38,58,149,0,2,30,1,33,26,29,68,59,182,0,104,104,286
02/07/2006,MAF,TX,ASW,CE,Combined TRACON& Tower with Radar,26,38,46,46,156,0,4,36,3,43,26,42,82,49,199,18,72,90,289
02/08/2006,MAF,TX,ASW,CE,Combined TRACON& Tower with Radar,38,37,65,127,267,0,3,37,2,42,38,40,102,129,309,29,125,154,463
02/09/2006,MAF,TX,ASW,CE,Combined TRACON& Tower with Radar,37,36,69,67,209,0,1,34,3,38,37,37,103,70,247,38,90,128,375
02/10/2006,MAF,TX,ASW,CE,Combined TRACON& Tower with Radar,40,35,62,72,209,0,1,33,4,38,40,36,95,76,247,8,124,132,379
02/11/2006,MAF,TX,ASW,CE,Combined TRACON& Tower with Radar,23,23,24,15,85,0,0,26,0,26,23,23,50,15,111,2,0,2,113
02/12/2006,MAF,TX,ASW,CE,Combined TRACON& Tower with Radar,22,25,39,11,97,0,0,27,0,27,22,25,66,11,124,4,4,8,132
02/13/2006,MAF,TX,ASW,CE,Combined TRACON& Tower with Radar,27,34,48,61,170,0,2,34,5,41,27,36,82,66,211,7,37,44,255
02/14/2006,MAF,TX,ASW,CE,Combined TRACON& Tower with Radar,40,34,30,70,174,0,3,40,4,47,40,37,70,74,221,12,94,106,327
02/15/2006,MAF,TX,ASW,CE,Combined TRACON& Tower with Radar,43,33,64,59,199,0,1,32,0,33,43,34,96,59,232,2,58,60,292
02/16/2006,MAF,TX,ASW,CE,Combined TRACON& Tower with Radar,33,41,56,125,255,0,4,40,0,44,33,45,96,125,299,0,76,76,375
02/17/2006,MAF,TX,ASW,CE,Combined TRACON& Tower with Radar,41,36,44,54,175,0,1,23,2,26,41,37,67,56,201,0,60,60,261
02/18/2006,MAF,TX,ASW,CE,Combined TRACON& Tower with Radar,22,26,23,0,71,0,0,10,2,12,22,26,33,2,83,0,0,0,83
02/19/2006,MAF,TX,ASW,CE,Combined TRACON& Tower with Radar,22,15,36,12,85,0,1,16,0,17,22,16,52,12,102,0,10,10,112
02/20/2006,MAF,TX,ASW,CE,Combined TRACON& Tower with Radar,27,28,41,16,112,0,0,16,0,16,27,28,57,16,128,36,10,46,174
02/21/2006,MAF,TX,ASW,CE,Combined TRACON& Tower with Radar,34,34,49,99,216,0,1,27,2,30,34,35,76,101,246,8,124,132,378
02/22/2006,MAF,TX,ASW,CE,Combined TRACON& Tower with Radar,38,40,56,136,270,0,0,31,7,38,38,40,87,143,308,8,130,138,446
02/23/2006,MAF,TX,ASW,CE,Combined TRACON& Tower with Radar,42,48,62,127,279,0,1,30,7,38,42,49,92,134,317,0,108,108,425
02/24/2006,MAF,TX,ASW,CE,Combined TRACON& Tower with Radar,34,43,69,72,218,0,0,19,1,20,34,43,88,73,238,6,22,28,266
02/25/2006,MAF,TX,ASW,CE,Combined TRACON& Tower with Radar,29,18,19,15,81,0,0,11,0,11,29,18,30,15,92,0,0,0,92
02/26/2006,MAF,TX,ASW,CE,Combined TRACON& Tower with Radar,24,28,27,19,98,0,1,12,0,13,24,29,39,19,111,4,0,4,115
02/27/2006,MAF,TX,ASW,CE,Combined TRACON& Tower with Radar,6,35,52,44,137,0,2,24,4,30,6,37,76,48,167,14,100,114,281
02/28/2006,MAF,TX,ASW,CE,Combined TRACON& Tower with Radar,39,37,54,28,158,0,2,44,5,51,39,39,98,33,209,18,8,26,235
03/01/2006,MAF,TX,ASW,CE,Combined TRACON& Tower with Radar,37,30,75,58,200,0,5,44,2,51,37,35,119,60,251,8,84,92,343
03/02/2006,MAF,TX,ASW,CE,Combined TRACON& Tower with Radar,42,33,41,33,149,0,2,34,0,36,42,35,75,33,185,0,56,56,241
03/03/2006,MAF,TX,ASW,CE,Combined TRACON& Tower with Radar,39,36,36,99,210,0,1,28,0,29,39,37,64,99,239,8,104,112,351
03/04/2006,MAF,TX,ASW,CE,Combined TRACON& Tower with Radar,26,21,45,0,92,0,0,24,0,24,26,21,69,0,116,2,0,2,118
03/05/2006,MAF,TX,ASW,CE,Combined TRACON& Tower with Radar,21,23,26,3,73,0,0,24,2,26,21,23,50,5,99,12,0,12,111
03/06/2006,MAF,TX,ASW,CE,Combined TRACON& Tower with Radar,26,43,30,69,168,0,1,39,4,44,26,44,69,73,212,2,118,120,332
03/07/2006,MAF,TX,ASW,CE,Combined TRACON& Tower with Radar,39,32,32,62,165,0,1,37,1,39,39,33,69,63,204,4,40,44,248
03/08/2006,MAF,TX,ASW,CE,Combined TRACON& Tower with Radar,38,41,52,73,204,0,4,32,2,38,38,45,84,75,242,39,92,131,373
03/09/2006,MAF,TX,ASW,CE,Combined TRACON& Tower with Radar,33,53,38,86,210,4,2,43,1,50,37,55,81,87,260,0,110,110,370
03/10/2006,MAF,TX,ASW,CE,Combined TRACON& Tower with Radar,31,41,51,58,181,0,0,34,2,36,31,41,85,60,217,4,24,28,245
03/11/2006,MAF,TX,ASW,CE,Combined TRACON& Tower with Radar,26,29,26,15,96,0,2,32,2,36,26,31,58,17,132,35,0,35,167
03/12/2006,MAF,TX,ASW,CE,Combined TRACON& Tower with Radar,23,26,31,7,87,0,0,8,0,8,23,26,39,7,95,0,0,0,95
03/13/2006,MAF,TX,ASW,CE,Combined TRACON& Tower with Radar,26,29,25,72,152,0,0,34,0,34,26,29,59,72,186,0,72,72,258
03/14/2006,MAF,TX,ASW,CE,Combined TRACON& Tower with Radar,36,27,49,74,186,3,1,38,4,46,39,28,87,78,232,12,78,90,322
03/15/2006,MAF,TX,ASW,CE,Combined TRACON& Tower with Radar,43,42,40,69,194,0,0,36,8,44,43,42,76,77,238,8,30,38,276
03/16/2006,MAF,TX,ASW,CE,Combined TRACON& Tower with Radar,36,40,63,64,203,0,1,38,7,46,36,41,101,71,249,44,96,140,389
03/17/2006,MAF,TX,ASW,CE,Combined TRACON& Tower with Radar,34,37,42,61,174,0,0,15,2,17,34,37,57,63,191,4,147,151,342
03/18/2006,MAF,TX,ASW,CE,Combined TRACON& Tower with Radar,28,16,30,0,74,0,0,4,0,4,28,16,34,0,78,0,0,0,78
03/19/2006,MAF,TX,ASW,CE,Combined TRACON& Tower with Radar,20,24,23,0,67,0,0,1,0,1,20,24,24,0,68,0,0,0,68
03/20/2006,MAF,TX,ASW,CE,Combined TRACON& Tower with Radar,28,30,29,17,104,0,0,18,3,21,28,30,47,20,125,0,0,0,125
03/21/2006,MAF,TX,ASW,CE,Combined TRACON& Tower with Radar,42,31,68,105,246,0,2,40,10,52,42,33,108,115,298,4,114,118,416
03/22/2006,MAF,TX,ASW,CE,Combined TRACON& Tower with Radar,40,29,44,81,194,0,2,24,0,26,40,31,68,81,220,0,18,18,238
03/23/2006,MAF,TX,ASW,CE,Combined TRACON& Tower with Radar,40,32,54,82,208,0,4,27,0,31,40,36,81,82,239,18,44,62,301
03/24/2006,MAF,TX,ASW,CE,Combined TRACON& Tower with Radar,34,40,42,31,147,0,2,39,3,44,34,42,81,34,191,20,86,106,297
03/25/2006,MAF,TX,ASW,CE,Combined TRACON& Tower with Radar,26,20,25,6,77,0,0,61,5,66,26,20,86,11,143,16,28,44,187
03/26/2006,MAF,TX,ASW,CE,Combined TRACON& Tower with Radar,21,24,31,19,95,0,2,29,0,31,21,26,60,19,126,26,0,26,152
03/27/2006,MAF,TX,ASW,CE,Combined TRACON& Tower with Radar,25,29,50,115,219,0,0,19,1,20,25,29,69,116,239,0,38,38,277
03/28/2006,MAF,TX,ASW,CE,Combined TRACON& Tower with Radar,40,34,56,77,207,0,0,16,6,22,40,34,72,83,229,0,28,28,257
03/29/2006,MAF,TX,ASW,CE,Combined TRACON& Tower with Radar,36,35,62,101,234,0,1,22,8,31,36,36,84,109,265,14,32,46,311
03/30/2006,MAF,TX,ASW,CE,Combined TRACON& Tower with Radar,34,39,74,114,261,0,0,24,7,31,34,39,98,121,292,2,148,150,442
03/31/2006,MAF,TX,ASW,CE,Combined TRACON& Tower with Radar,26,35,67,52,180,0,0,53,3,56,26,35,120,55,236,24,42,66,302
04/01/2006,MAF,TX,ASW,CE,Combined TRACON& Tower with Radar,16,22,18,5,61,0,0,20,0,20,16,22,38,5,81,4,3,7,88
04/02/2006,MAF,TX,ASW,CE,Combined TRACON& Tower with Radar,22,22,40,24,108,0,0,37,2,39,22,22,77,26,147,6,8,14,161
04/03/2006,MAF,TX,ASW,CE,Combined TRACON& Tower with Radar,26,30,52,50,158,0,2,38,2,42,26,32,90,52,200,31,110,141,341
04/04/2006,MAF,TX,ASW,CE,Combined TRACON& Tower with Radar,39,28,48,110,225,0,2,39,3,44,39,30,87,113,269,6,164,170,439
04/05/2006,MAF,TX,ASW,CE,Combined TRACON& Tower with Radar,36,50,41,110,237,0,1,30,5,36,36,51,71,115,273,0,20,20,293
04/06/2006,MAF,TX,ASW,CE,Combined TRACON& Tower with Radar,38,32,43,16,129,0,0,19,2,21,38,32,62,18,150,0,36,36,186
04/07/2006,MAF,TX,ASW,CE,Combined TRACON& Tower with Radar,43,39,46,65,193,0,2,38,2,42,43,41,84,67,235,10,74,84,319
04/08/2006,MAF,TX,ASW,CE,Combined TRACON& Tower with Radar,19,18,23,0,60,0,1,22,0,23,19,19,45,0,83,38,0,38,121
04/09/2006,MAF,TX,ASW,CE,Combined TRACON& Tower with Radar,23,22,36,0,81,0,0,23,0,23,23,22,59,0,104,9,3,12,116
04/10/2006,MAF,TX,ASW,CE,Combined TRACON& Tower with Radar,27,31,44,60,162,0,0,31,1,32,27,31,75,61,194,34,40,74,268
04/11/2006,MAF,TX,ASW,CE,Combined TRACON& Tower with Radar,30,30,41,68,169,0,0,36,6,42,30,30,77,74,211,8,112,120,331
04/12/2006,MAF,TX,ASW,CE,Combined TRACON& Tower with Radar,33,32,51,34,150,0,0,39,8,47,33,32,90,42,197,44,90,134,331
04/13/2006,MAF,TX,ASW,CE,Combined TRACON& Tower with Radar,34,34,37,42,147,0,1,61,13,75,34,35,98,55,222,52,134,186,408
04/14/2006,MAF,TX,ASW,CE,Combined TRACON& Tower with Radar,39,33,29,61,162,0,0,36,2,38,39,33,65,63,200,42,172,214,414
04/15/2006,MAF,TX,ASW,CE,Combined TRACON& Tower with Radar,23,26,11,0,60,0,0,13,0,13,23,26,24,0,73,26,0,26,99
04/16/2006,MAF,TX,ASW,CE,Combined TRACON& Tower with Radar,22,26,28,0,76,0,0,18,0,18,22,26,46,0,94,60,0,60,154
04/17/2006,MAF,TX,ASW,CE,Combined TRACON& Tower with Radar,26,32,51,91,200,0,0,44,2,46,26,32,95,93,246,18,64,82,328
04/18/2006,MAF,TX,ASW,CE,Combined TRACON& Tower with Radar,35,29,75,54,193,0,1,29,4,34,35,30,104,58,227,8,48,56,283
04/19/2006,MAF,TX,ASW,CE,Combined TRACON& Tower with Radar,33,33,63,21,150,0,1,31,4,36,33,34,94,25,186,34,22,56,242
04/20/2006,MAF,TX,ASW,CE,Combined TRACON& Tower with Radar,33,34,71,0,138,0,0,13,0,13,33,34,84,0,151,0,0,0,151
04/21/2006,MAF,TX,ASW,CE,Combined TRACON& Tower with Radar,31,31,64,21,147,0,0,38,4,42,31,31,102,25,189,40,0,40,229
04/22/2006,MAF,TX,ASW,CE,Combined TRACON& Tower with Radar,18,17,36,0,71,0,0,38,0,38,18,17,74,0,109,34,0,34,143
04/23/2006,MAF,TX,ASW,CE,Combined TRACON& Tower with Radar,18,22,21,16,77,0,0,29,1,30,18,22,50,17,107,132,0,132,239
04/24/2006,MAF,TX,ASW,CE,Combined TRACON& Tower with Radar,30,29,38,96,193,0,0,35,2,37,30,29,73,98,230,32,137,169,399
04/25/2006,MAF,TX,ASW,CE,Combined TRACON& Tower with Radar,24,33,58,71,186,0,0,28,2,30,24,33,86,73,216,0,56,56,272
04/26/2006,MAF,TX,ASW,CE,Combined TRACON& Tower with Radar,26,34,56,38,154,0,2,40,2,44,26,36,96,40,198,68,82,150,348
04/27/2006,MAF,TX,ASW,CE,Combined TRACON& Tower with Radar,30,33,85,55,203,1,1,42,3,47,31,34,127,58,250,10,100,110,360
04/28/2006,MAF,TX,ASW,CE,Combined TRACON& Tower with Radar,28,36,57,71,192,0,0,12,7,19,28,36,69,78,211,4,186,190,401
04/29/2006,MAF,TX,ASW,CE,Combined TRACON& Tower with Radar,21,22,32,4,79,0,0,22,0,22,21,22,54,4,101,94,0,94,195
04/30/2006,MAF,TX,ASW,CE,Combined TRACON& Tower with Radar,23,23,76,5,127,0,0,21,0,21,23,23,97,5,148,30,0,30,178
05/01/2006,MAF,TX,ASW,CE,Combined TRACON& Tower with Radar,26,37,72,31,166,0,0,31,1,32,26,37,103,32,198,42,106,148,346
05/02/2006,MAF,TX,ASW,CE,Combined TRACON& Tower with Radar,26,38,67,50,181,0,1,22,3,26,26,39,89,53,207,28,108,136,343
05/03/2006,MAF,TX,ASW,CE,Combined TRACON& Tower with Radar,26,46,74,17,163,0,0,40,1,41,26,46,114,18,204,26,16,42,246
05/04/2006,MAF,TX,ASW,CE,Combined TRACON& Tower with Radar,30,37,67,77,211,0,3,42,25,70,30,40,109,102,281,6,136,142,423
05/05/2006,MAF,TX,ASW,CE,Combined TRACON& Tower with Radar,30,45,59,41,175,0,0,9,3,12,30,45,68,44,187,7,8,15,202
05/06/2006,MAF,TX,ASW,CE,Combined TRACON& Tower with Radar,22,21,26,17,86,0,0,9,2,11,22,21,35,19,97,6,2,8,105
05/07/2006,MAF,TX,ASW,CE,Combined TRACON& Tower with Radar,21,28,33,9,91,0,0,9,0,9,21,28,42,9,100,0,0,0,100
05/08/2006,MAF,TX,ASW,CE,Combined TRACON& Tower with Radar,24,27,58,87,196,0,5,28,1,34,24,32,86,88,230,20,64,84,314
05/09/2006,MAF,TX,ASW,CE,Combined TRACON& Tower with Radar,32,35,36,71,174,0,2,27,5,34,32,37,63,76,208,20,92,112,320
05/10/2006,MAF,TX,ASW,CE,Combined TRACON& Tower with Radar,34,40,53,101,228,0,1,38,3,42,34,41,91,104,270,15,146,161,431
05/11/2006,MAF,TX,ASW,CE,Combined TRACON& Tower with Radar,32,34,75,78,219,0,0,46,17,63,32,34,121,95,282,24,98,122,404
05/12/2006,MAF,TX,ASW,CE,Combined TRACON& Tower with Radar,37,40,66,69,212,0,2,47,4,53,37,42,113,73,265,16,56,72,337
05/13/2006,MAF,TX,ASW,CE,Combined TRACON& Tower with Radar,26,23,25,5,79,0,0,39,0,39,26,23,64,5,118,2,0,2,120
05/14/2006,MAF,TX,ASW,CE,Combined TRACON& Tower with Radar,25,22,33,10,90,0,0,5,1,6,25,22,38,11,96,0,0,0,96
05/15/2006,MAF,TX,ASW,CE,Combined TRACON& Tower with Radar,25,29,84,33,171,0,0,16,2,18,25,29,100,35,189,10,8,18,207
05/16/2006,MAF,TX,ASW,CE,Combined TRACON& Tower with Radar,35,27,69,56,187,0,0,40,2,42,35,27,109,58,229,18,92,110,339
05/17/2006,MAF,TX,ASW,CE,Combined TRACON& Tower with Radar,34,28,57,40,159,0,1,35,6,42,34,29,92,46,201,16,74,90,291
05/18/2006,MAF,TX,ASW,CE,Combined TRACON& Tower with Radar,29,46,75,69,219,0,0,44,4,48,29,46,119,73,267,11,100,111,378
05/19/2006,MAF,TX,ASW,CE,Combined TRACON& Tower with Radar,30,48,68,34,180,0,0,39,2,41,30,48,107,36,221,0,32,32,253
05/20/2006,MAF,TX,ASW,CE,Combined TRACON& Tower with Radar,21,26,20,18,85,0,0,20,5,25,21,26,40,23,110,0,8,8,118
05/21/2006,MAF,TX,ASW,CE,Combined TRACON& Tower with Radar,24,29,22,4,79,0,0,40,0,40,24,29,62,4,119,7,8,15,134
05/22/2006,MAF,TX,ASW,CE,Combined TRACON& Tower with Radar,30,33,33,54,150,0,0,51,0,51,30,33,84,54,201,0,36,36,237
05/23/2006,MAF,TX,ASW,CE,Combined TRACON& Tower with Radar,34,29,52,62,177,0,1,39,5,45,34,30,91,67,222,0,144,144,366
05/24/2006,MAF,TX,ASW,CE,Combined TRACON& Tower with Radar,39,32,51,81,203,0,1,42,1,44,39,33,93,82,247,28,26,54,301
05/25/2006,MAF,TX,ASW,CE,Combined TRACON& Tower with Radar,32,39,59,30,160,0,0,50,14,64,32,39,109,44,224,42,40,82,306
05/26/2006,MAF,TX,ASW,CE,Combined TRACON& Tower with Radar,31,27,41,28,127,0,0,50,0,50,31,27,91,28,177,12,16,28,205
05/27/2006,MAF,TX,ASW,CE,Combined TRACON& Tower with Radar,27,19,21,0,67,0,0,19,0,19,27,19,40,0,86,0,0,0,86
05/28/2006,MAF,TX,ASW,CE,Combined TRACON& Tower with Radar,20,17,5,2,44,0,0,21,1,22,20,17,26,3,66,0,14,14,80
05/29/2006,MAF,TX,ASW,CE,Combined TRACON& Tower with Radar,22,26,32,4,84,0,0,27,2,29,22,26,59,6,113,23,16,39,152
05/30/2006,MAF,TX,ASW,CE,Combined TRACON& Tower with Radar,41,21,46,55,163,0,0,33,1,34,41,21,79,56,197,34,152,186,383
05/31/2006,MAF,TX,ASW,CE,Combined TRACON& Tower with Radar,43,31,74,103,251,0,0,31,1,32,43,31,105,104,283,36,152,188,471
06/01/2006,MAF,TX,ASW,CE,Combined TRACON& Tower with Radar,32,35,39,47,153,0,2,23,1,26,32,37,62,48,179,18,60,78,257
06/02/2006,MAF,TX,ASW,CE,Combined TRACON& Tower with Radar,37,27,60,71,195,0,0,52,2,54,37,27,112,73,249,4,168,172,421
06/03/2006,MAF,TX,ASW,CE,Combined TRACON& Tower with Radar,19,25,25,0,69,0,1,31,0,32,19,26,56,0,101,23,0,23,124
06/04/2006,MAF,TX,ASW,CE,Combined TRACON& Tower with Radar,21,21,16,40,98,0,0,18,0,18,21,21,34,40,116,18,0,18,134
06/05/2006,MAF,TX,ASW,CE,Combined TRACON& Tower with Radar,24,31,42,36,133,0,0,33,1,34,24,31,75,37,167,18,18,36,203
06/06/2006,MAF,TX,ASW,CE,Combined TRACON& Tower with Radar,24,35,42,62,163,0,2,20,2,24,24,37,62,64,187,6,68,74,261
06/07/2006,MAF,TX,ASW,CE,Combined TRACON& Tower with Radar,39,35,51,1,126,0,3,36,2,41,39,38,87,3,167,26,0,26,193
06/08/2006,MAF,TX,ASW,CE,Combined TRACON& Tower with Radar,38,25,58,51,172,0,5,28,5,38,38,30,86,56,210,22,74,96,306
06/09/2006,MAF,TX,ASW,CE,Combined TRACON& Tower with Radar,29,28,44,3,104,0,4,22,3,29,29,32,66,6,133,0,0,0,133
06/10/2006,MAF,TX,ASW,CE,Combined TRACON& Tower with Radar,22,21,17,2,62,0,0,29,3,32,22,21,46,5,94,8,0,8,102
06/11/2006,MAF,TX,ASW,CE,Combined TRACON& Tower with Radar,27,31,36,15,109,0,0,31,1,32,27,31,67,16,141,0,18,18,159
06/12/2006,MAF,TX,ASW,CE,Combined TRACON& Tower with Radar,23,34,37,81,175,0,1,33,1,35,23,35,70,82,210,0,58,58,268
06/13/2006,MAF,TX,ASW,CE,Combined TRACON& Tower with Radar,40,29,55,53,177,1,4,43,5,53,41,33,98,58,230,36,48,84,314
06/14/2006,MAF,TX,ASW,CE,Combined TRACON& Tower with Radar,45,24,72,32,173,0,4,53,1,58,45,28,125,33,231,12,38,50,281
06/15/2006,MAF,TX,ASW,CE,Combined TRACON& Tower with Radar,34,29,38,27,128,0,4,42,12,58,34,33,80,39,186,6,38,44,230
06/16/2006,MAF,TX,ASW,CE,Combined TRACON& Tower with Radar,28,38,49,15,130,0,4,28,0,32,28,42,77,15,162,4,2,6,168
06/17/2006,MAF,TX,ASW,CE,Combined TRACON& Tower with Radar,24,22,23,12,81,0,0,20,0,20,24,22,43,12,101,10,0,10,111
06/18/2006,MAF,TX,ASW,CE,Combined TRACON& Tower with Radar,24,22,35,3,84,0,0,11,0,11,24,22,46,3,95,0,0,0,95
06/19/2006,MAF,TX,ASW,CE,Combined TRACON& Tower with Radar,24,30,44,22,120,0,4,20,3,27,24,34,64,25,147,20,40,60,207
06/20/2006,MAF,TX,ASW,CE,Combined TRACON& Tower with Radar,41,32,99,98,270,0,0,0,0,0,41,32,99,98,270,0,0,0,270
06/21/2006,MAF,TX,ASW,CE,Combined TRACON& Tower with Radar,38,30,66,67,201,0,2,33,4,39,38,32,99,71,240,21,68,89,329
06/22/2006,MAF,TX,ASW,CE,Combined TRACON& Tower with Radar,41,26,54,114,235,0,3,26,4,33,41,29,80,118,268,26,100,126,394
06/23/2006,MAF,TX,ASW,CE,Combined TRACON& Tower with Radar,32,31,59,22,144,0,3,16,1,20,32,34,75,23,164,6,29,35,199
06/24/2006,MAF,TX,ASW,CE,Combined TRACON& Tower with Radar,27,21,10,12,70,0,0,26,0,26,27,21,36,12,96,2,16,18,114
06/25/2006,MAF,TX,ASW,CE,Combined TRACON& Tower with Radar,24,26,44,65,159,0,0,25,0,25,24,26,69,65,184,16,0,16,200
06/26/2006,MAF,TX,ASW,CE,Combined TRACON& Tower with Radar,26,27,73,30,156,0,5,12,0,17,26,32,85,30,173,18,68,86,259
06/27/2006,MAF,TX,ASW,CE,Combined TRACON& Tower with Radar,41,22,77,42,182,0,5,38,2,45,41,27,115,44,227,4,24,28,255
06/28/2006,MAF,TX,ASW,CE,Combined TRACON& Tower with Radar,39,32,66,44,181,0,4,36,1,41,39,36,102,45,222,6,4,10,232
06/29/2006,MAF,TX,ASW,CE,Combined TRACON& Tower with Radar,50,27,69,65,211,0,5,42,0,47,50,32,111,65,258,28,4,32,290
06/30/2006,MAF,TX,ASW,CE,Combined TRACON& Tower with Radar,32,29,50,34,145,0,4,33,3,40,32,33,83,37,185,18,15,33,218
07/01/2006,MAF,TX,ASW,CE,Combined TRACON& Tower with Radar,23,25,42,1,91,0,0,23,0,23,23,25,65,1,114,16,0,16,130
07/02/2006,MAF,TX,ASW,CE,Combined TRACON& Tower with Radar,26,26,18,0,70,0,0,14,0,14,26,26,32,0,84,11,6,17,101
07/03/2006,MAF,TX,ASW,CE,Combined TRACON& Tower with Radar,21,23,16,0,60,0,1,25,0,26,21,24,41,0,86,6,0,6,92
07/04/2006,MAF,TX,ASW,CE,Combined TRACON& Tower with Radar,32,16,14,0,62,0,0,15,0,15,32,16,29,0,77,0,0,0,77
07/05/2006,MAF,TX,ASW,CE,Combined TRACON& Tower with Radar,32,28,40,115,215,0,3,27,1,31,32,31,67,116,246,6,78,84,330
07/06/2006,MAF,TX,ASW,CE,Combined TRACON& Tower with Radar,38,30,52,44,164,0,4,26,11,41,38,34,78,55,205,2,50,52,257
07/07/2006,MAF,TX,ASW,CE,Combined TRACON& Tower with Radar,32,41,60,23,156,0,4,32,0,36,32,45,92,23,192,10,10,20,212
07/08/2006,MAF,TX,ASW,CE,Combined TRACON& Tower with Radar,19,22,41,0,82,0,0,21,0,21,19,22,62,0,103,0,0,0,103
07/09/2006,MAF,TX,ASW,CE,Combined TRACON& Tower with Radar,24,25,17,0,66,0,2,35,0,37,24,27,52,0,103,6,0,6,109
07/10/2006,MAF,TX,ASW,CE,Combined TRACON& Tower with Radar,26,27,39,22,114,0,4,13,0,17,26,31,52,22,131,2,62,64,195
07/11/2006,MAF,TX,ASW,CE,Combined TRACON& Tower with Radar,27,34,47,8,116,0,4,29,2,35,27,38,76,10,151,0,0,0,151
07/12/2006,MAF,TX,ASW,CE,Combined TRACON& Tower with Radar,26,36,72,30,164,0,5,30,3,38,26,41,102,33,202,12,22,34,236
07/13/2006,MAF,TX,ASW,CE,Combined TRACON& Tower with Radar,31,40,63,43,177,0,4,45,1,50,31,44,108,44,227,0,126,126,353
07/14/2006,MAF,TX,ASW,CE,Combined TRACON& Tower with Radar,26,37,49,36,148,0,6,29,0,35,26,43,78,36,183,12,136,148,331
07/15/2006,MAF,TX,ASW,CE,Combined TRACON& Tower with Radar,21,27,0,0,48,0,2729,0,0,2729,21,2756,0,0,2777,0,0,0,2777
07/16/2006,MAF,TX,ASW,CE,Combined TRACON& Tower with Radar,25,27,20,0,72,0,0,21,0,21,25,27,41,0,93,13,16,29,122
07/17/2006,MAF,TX,ASW,CE,Combined TRACON& Tower with Radar,28,29,63,12,132,0,2,18,2,22,28,31,81,14,154,8,2,10,164
07/18/2006,MAF,TX,ASW,CE,Combined TRACON& Tower with Radar,27,39,41,34,141,0,4,30,2,36,27,43,71,36,177,4,0,4,181
07/19/2006,MAF,TX,ASW,CE,Combined TRACON& Tower with Radar,28,44,79,44,195,0,1,41,0,42,28,45,120,44,237,22,52,74,311
07/20/2006,MAF,TX,ASW,CE,Combined TRACON& Tower with Radar,29,44,56,54,183,0,3,46,2,51,29,47,102,56,234,40,82,122,356
07/21/2006,MAF,TX,ASW,CE,Combined TRACON& Tower with Radar,32,35,53,41,161,0,5,27,0,32,32,40,80,41,193,14,74,88,281
07/22/2006,MAF,TX,ASW,CE,Combined TRACON& Tower with Radar,19,22,20,0,61,0,0,10,0,10,19,22,30,0,71,8,0,8,79
07/23/2006,MAF,TX,ASW,CE,Combined TRACON& Tower with Radar,26,30,34,13,103,0,1,19,2,22,26,31,53,15,125,4,0,4,129
07/24/2006,MAF,TX,ASW,CE,Combined TRACON& Tower with Radar,27,30,47,55,159,0,4,25,1,30,27,34,72,56,189,28,86,114,303
07/25/2006,MAF,TX,ASW,CE,Combined TRACON& Tower with Radar,27,37,37,109,210,0,4,27,1,32,27,41,64,110,242,12,72,84,326
07/26/2006,MAF,TX,ASW,CE,Combined TRACON& Tower with Radar,28,36,37,55,156,0,5,30,5,40,28,41,67,60,196,52,112,164,360
07/27/2006,MAF,TX,ASW,CE,Combined TRACON& Tower with Radar,28,49,74,94,245,0,4,49,6,59,28,53,123,100,304,26,134,160,464
07/28/2006,MAF,TX,ASW,CE,Combined TRACON& Tower with Radar,28,33,37,47,145,0,1,22,2,25,28,34,59,49,170,0,64,64,234
07/29/2006,MAF,TX,ASW,CE,Combined TRACON& Tower with Radar,22,26,17,1,66,0,0,19,2,21,22,26,36,3,87,14,0,14,101
07/30/2006,MAF,TX,ASW,CE,Combined TRACON& Tower with Radar,24,29,20,0,73,0,0,21,0,21,24,29,41,0,94,2,0,2,96
07/31/2006,MAF,TX,ASW,CE,Combined TRACON& Tower with Radar,30,43,47,15,135,0,4,21,0,25,30,47,68,15,160,0,0,0,160
08/01/2006,MAF,TX,ASW,CE,Combined TRACON& Tower with Radar,27,38,51,58,174,0,2,17,3,22,27,40,68,61,196,0,0,0,196
08/02/2006,MAF,TX,ASW,CE,Combined TRACON& Tower with Radar,25,36,39,2,102,0,4,29,1,34,25,40,68,3,136,32,0,32,168
08/03/2006,MAF,TX,ASW,CE,Combined TRACON& Tower with Radar,29,41,46,50,166,0,4,17,2,23,29,45,63,52,189,20,92,112,301
08/04/2006,MAF,TX,ASW,CE,Combined TRACON& Tower with Radar,26,33,59,18,136,0,4,29,0,33,26,37,88,18,169,6,24,30,199
08/05/2006,MAF,TX,ASW,CE,Combined TRACON& Tower with Radar,20,25,29,2,76,0,0,14,0,14,20,25,43,2,90,0,0,0,90
08/06/2006,MAF,TX,ASW,CE,Combined TRACON& Tower with Radar,24,26,26,2,78,0,0,21,1,22,24,26,47,3,100,0,0,0,100
08/07/2006,MAF,TX,ASW,CE,Combined TRACON& Tower with Radar,27,34,58,64,183,0,5,18,2,25,27,39,76,66,208,1,69,70,278
08/08/2006,MAF,TX,ASW,CE,Combined TRACON& Tower with Radar,25,38,52,40,155,0,6,34,1,41,25,44,86,41,196,2,50,52,248
08/09/2006,MAF,TX,ASW,CE,Combined TRACON& Tower with Radar,29,34,73,20,156,0,6,23,2,31,29,40,96,22,187,6,16,22,209
08/10/2006,MAF,TX,ASW,CE,Combined TRACON& Tower with Radar,28,39,76,61,204,0,4,30,4,38,28,43,106,65,242,4,59,63,305
08/11/2006,MAF,TX,ASW,CE,Combined TRACON& Tower with Radar,24,35,31,67,157,0,4,20,1,25,24,39,51,68,182,4,44,48,230
08/12/2006,MAF,TX,ASW,CE,Combined TRACON& Tower with Radar,21,29,32,4,86,0,0,30,2,32,21,29,62,6,118,2,0,2,120
08/13/2006,MAF,TX,ASW,CE,Combined TRACON& Tower with Radar,24,24,18,2,68,0,0,12,0,12,24,24,30,2,80,2,0,2,82
08/14/2006,MAF,TX,ASW,CE,Combined TRACON& Tower with Radar,27,38,51,27,143,0,6,19,2,27,27,44,70,29,170,10,40,50,220
08/15/2006,MAF,TX,ASW,CE,Combined TRACON& Tower with Radar,28,43,49,28,148,0,4,16,0,20,28,47,65,28,168,6,4,10,178
08/16/2006,MAF,TX,ASW,CE,Combined TRACON& Tower with Radar,27,44,52,8,131,0,4,20,0,24,27,48,72,8,155,6,0,6,161
08/17/2006,MAF,TX,ASW,CE,Combined TRACON& Tower with Radar,26,41,48,28,143,0,6,17,0,23,26,47,65,28,166,16,2,18,184
08/18/2006,MAF,TX,ASW,CE,Combined TRACON& Tower with Radar,28,31,50,77,186,0,5,27,7,39,28,36,77,84,225,17,115,132,357
08/19/2006,MAF,TX,ASW,CE,Combined TRACON& Tower with Radar,19,22,27,3,71,0,0,26,0,26,19,22,53,3,97,8,12,20,117
08/20/2006,MAF,TX,ASW,CE,Combined TRACON& Tower with Radar,26,25,32,0,83,0,0,21,0,21,26,25,53,0,104,3,8,11,115
08/21/2006,MAF,TX,ASW,CE,Combined TRACON& Tower with Radar,27,28,36,9,100,0,6,29,2,37,27,34,65,11,137,4,31,35,172
08/22/2006,MAF,TX,ASW,CE,Combined TRACON& Tower with Radar,29,34,42,36,141,0,6,29,1,36,29,40,71,37,177,2,44,46,223
08/23/2006,MAF,TX,ASW,CE,Combined TRACON& Tower with Radar,26,28,37,18,109,0,6,48,2,56,26,34,85,20,165,18,76,94,259
08/24/2006,MAF,TX,ASW,CE,Combined TRACON& Tower with Radar,32,41,62,46,181,0,6,37,2,45,32,47,99,48,226,6,24,30,256
08/25/2006,MAF,TX,ASW,CE,Combined TRACON& Tower with Radar,27,39,38,26,130,0,1,26,2,29,27,40,64,28,159,21,65,86,245
08/26/2006,MAF,TX,ASW,CE,Combined TRACON& Tower with Radar,23,25,39,0,87,0,0,19,0,19,23,25,58,0,106,2,0,2,108
08/27/2006,MAF,TX,ASW,CE,Combined TRACON& Tower with Radar,22,30,32,1,85,0,0,5,0,5,22,30,37,1,90,0,0,0,90
08/28/2006,MAF,TX,ASW,CE,Combined TRACON& Tower with Radar,29,40,43,9,121,0,2,22,0,24,29,42,65,9,145,0,8,8,153
08/29/2006,MAF,TX,ASW,CE,Combined TRACON& Tower with Radar,27,43,52,51,173,0,3,28,2,33,27,46,80,53,206,0,20,20,226
08/30/2006,MAF,TX,ASW,CE,Combined TRACON& Tower with Radar,27,44,56,60,187,0,5,31,0,36,27,49,87,60,223,38,0,38,261
08/31/2006,MAF,TX,ASW,CE,Combined TRACON& Tower with Radar,29,39,47,44,159,0,4,25,4,33,29,43,72,48,192,6,78,84,276
09/01/2006,MAF,TX,ASW,CE,Combined TRACON& Tower with Radar,27,48,59,2,136,0,2,20,0,22,27,50,79,2,158,0,0,0,158
09/02/2006,MAF,TX,ASW,CE,Combined TRACON& Tower with Radar,22,20,29,0,71,0,0,14,0,14,22,20,43,0,85,4,0,4,89
09/03/2006,MAF,TX,ASW,CE,Combined TRACON& Tower with Radar,15,20,13,0,48,0,0,0,0,0,15,20,13,0,48,0,0,0,48
09/04/2006,MAF,TX,ASW,CE,Combined TRACON& Tower with Radar,23,25,41,0,89,0,0,2,0,2,23,25,43,0,91,0,0,0,91
09/05/2006,MAF,TX,ASW,CE,Combined TRACON& Tower with Radar,28,33,56,59,176,0,2,16,1,19,28,35,72,60,195,16,34,50,245
09/06/2006,MAF,TX,ASW,CE,Combined TRACON& Tower with Radar,28,41,54,52,175,0,4,40,0,44,28,45,94,52,219,8,78,86,305
09/07/2006,MAF,TX,ASW,CE,Combined TRACON& Tower with Radar,28,51,42,61,182,0,7,38,0,45,28,58,80,61,227,12,106,118,345
09/08/2006,MAF,TX,ASW,CE,Combined TRACON& Tower with Radar,29,37,45,61,172,0,6,37,1,44,29,43,82,62,216,20,126,146,362
09/09/2006,MAF,TX,ASW,CE,Combined TRACON& Tower with Radar,21,24,34,3,82,0,0,28,0,28,21,24,62,3,110,44,0,44,154
09/10/2006,MAF,TX,ASW,CE,Combined TRACON& Tower with Radar,28,22,38,41,129,0,0,23,0,23,28,22,61,41,152,12,0,12,164
09/11/2006,MAF,TX,ASW,CE,Combined TRACON& Tower with Radar,27,34,54,47,162,0,7,14,0,21,27,41,68,47,183,0,78,78,261
09/12/2006,MAF,TX,ASW,CE,Combined TRACON& Tower with Radar,26,35,41,111,213,0,5,19,3,27,26,40,60,114,240,36,66,102,342
09/13/2006,MAF,TX,ASW,CE,Combined TRACON& Tower with Radar,27,39,46,57,169,0,2,36,0,38,27,41,82,57,207,81,16,97,304
09/14/2006,MAF,TX,ASW,CE,Combined TRACON& Tower with Radar,29,44,56,36,165,0,4,31,2,37,29,48,87,38,202,37,76,113,315
09/15/2006,MAF,TX,ASW,CE,Combined TRACON& Tower with Radar,27,45,48,30,150,0,1,20,1,22,27,46,68,31,172,0,50,50,222
09/16/2006,MAF,TX,ASW,CE,Combined TRACON& Tower with Radar,21,32,20,3,76,0,0,16,2,18,21,32,36,5,94,0,6,6,100
09/17/2006,MAF,TX,ASW,CE,Combined TRACON& Tower with Radar,25,24,24,22,95,0,0,8,0,8,25,24,32,22,103,0,0,0,103
09/18/2006,MAF,TX,ASW,CE,Combined TRACON& Tower with Radar,27,32,44,110,213,0,5,46,2,53,27,37,90,112,266,12,90,102,368
09/19/2006,MAF,TX,ASW,CE,Combined TRACON& Tower with Radar,23,32,47,32,134,0,2,42,2,46,23,34,89,34,180,6,84,90,270
09/20/2006,MAF,TX,ASW,CE,Combined TRACON& Tower with Radar,26,43,90,25,184,0,4,31,1,36,26,47,121,26,220,8,22,30,250
09/21/2006,MAF,TX,ASW,CE,Combined TRACON& Tower with Radar,27,45,31,23,126,0,4,26,0,30,27,49,57,23,156,0,0,0,156
09/22/2006,MAF,TX,ASW,CE,Combined TRACON& Tower with Radar,27,40,32,69,168,0,4,38,3,45,27,44,70,72,213,0,56,56,269
09/23/2006,MAF,TX,ASW,CE,Combined TRACON& Tower with Radar,22,26,45,3,96,0,0,27,0,27,22,26,72,3,123,26,0,26,149
09/24/2006,MAF,TX,ASW,CE,Combined TRACON& Tower with Radar,25,23,23,4,75,0,0,16,2,18,25,23,39,6,93,4,0,4,97
09/25/2006,MAF,TX,ASW,CE,Combined TRACON& Tower with Radar,26,40,46,24,136,0,4,28,3,35,26,44,74,27,171,26,22,48,219
09/26/2006,MAF,TX,ASW,CE,Combined TRACON& Tower with Radar,26,38,76,14,154,0,3,39,0,42,26,41,115,14,196,4,46,50,246
09/27/2006,MAF,TX,ASW,CE,Combined TRACON& Tower with Radar,30,43,72,29,174,0,4,26,4,34,30,47,98,33,208,22,4,26,234
09/28/2006,MAF,TX,ASW,CE,Combined TRACON& Tower with Radar,33,42,49,0,124,0,5,43,0,48,33,47,92,0,172,8,0,8,180
09/29/2006,MAF,TX,ASW,CE,Combined TRACON& Tower with Radar,27,36,60,0,123,0,4,44,0,48,27,40,104,0,171,30,0,30,201
09/30/2006,MAF,TX,ASW,CE,Combined TRACON& Tower with Radar,17,37,25,2,81,0,0,41,0,41,17,37,66,2,122,13,0,13,135
10/01/2006,MAF,TX,ASW,CE,Combined TRACON& Tower with Radar,24,26,30,3,83,0,0,30,2,32,24,26,60,5,115,0,7,7,122
10/02/2006,MAF,TX,ASW,CE,Combined TRACON& Tower with Radar,28,33,34,45,140,0,5,29,0,34,28,38,63,45,174,15,18,33,207
10/03/2006,MAF,TX,ASW,CE,Combined TRACON& Tower with Radar,25,49,53,61,188,0,4,28,3,35,25,53,81,64,223,6,74,80,303
10/04/2006,MAF,TX,ASW,CE,Combined TRACON& Tower with Radar,28,33,53,69,183,0,4,58,2,64,28,37,111,71,247,48,120,168,415
10/05/2006,MAF,TX,ASW,CE,Combined TRACON& Tower with Radar,28,49,58,98,233,0,5,67,0,72,28,54,125,98,305,26,138,164,469
10/06/2006,MAF,TX,ASW,CE,Combined TRACON& Tower with Radar,27,43,35,14,119,0,4,102,1,107,27,47,137,15,226,32,30,62,288
10/07/2006,MAF,TX,ASW,CE,Combined TRACON& Tower with Radar,18,25,15,2,60,0,0,96,2,98,18,25,111,4,158,29,0,29,187
10/08/2006,MAF,TX,ASW,CE,Combined TRACON& Tower with Radar,24,26,31,8,89,0,0,105,0,105,24,26,136,8,194,15,0,15,209
10/09/2006,MAF,TX,ASW,CE,Combined TRACON& Tower with Radar,29,46,78,6,159,0,0,47,0,47,29,46,125,6,206,0,0,0,206
10/10/2006,MAF,TX,ASW,CE,Combined TRACON& Tower with Radar,32,42,43,72,189,0,1,33,1,35,32,43,76,73,224,4,206,210,434
10/11/2006,MAF,TX,ASW,CE,Combined TRACON& Tower with Radar,31,44,65,104,244,0,5,46,0,51,31,49,111,104,295,0,88,88,383
10/12/2006,MAF,TX,ASW,CE,Combined TRACON& Tower with Radar,27,43,62,75,207,0,2,30,4,36,27,45,92,79,243,26,284,310,553
10/13/2006,MAF,TX,ASW,CE,Combined TRACON& Tower with Radar,27,42,40,40,149,0,5,36,1,42,27,47,76,41,191,2,0,2,193
10/14/2006,MAF,TX,ASW,CE,Combined TRACON& Tower with Radar,16,31,37,25,109,0,0,4,0,4,16,31,41,25,113,0,0,0,113
10/15/2006,MAF,TX,ASW,CE,Combined TRACON& Tower with Radar,24,29,27,2,82,0,0,6,0,6,24,29,33,2,88,0,0,0,88
10/16/2006,MAF,TX,ASW,CE,Combined TRACON& Tower with Radar,26,34,37,135,232,0,2,18,1,21,26,36,55,136,253,1,49,50,303
10/17/2006,MAF,TX,ASW,CE,Combined TRACON& Tower with Radar,26,54,61,46,187,0,3,37,6,46,26,57,98,52,233,18,58,76,309
10/18/2006,MAF,TX,ASW,CE,Combined TRACON& Tower with Radar,27,40,74,104,245,0,4,37,8,49,27,44,111,112,294,0,84,84,378
10/19/2006,MAF,TX,ASW,CE,Combined TRACON& Tower with Radar,27,47,51,192,317,0,4,32,1,37,27,51,83,193,354,14,120,134,488
10/20/2006,MAF,TX,ASW,CE,Combined TRACON& Tower with Radar,26,41,58,89,214,0,4,24,4,32,26,45,82,93,246,10,96,106,352
10/21/2006,MAF,TX,ASW,CE,Combined TRACON& Tower with Radar,18,24,37,2,81,0,0,0,0,0,18,24,37,2,81,0,0,0,81
10/22/2006,MAF,TX,ASW,CE,Combined TRACON& Tower with Radar,25,24,30,21,100,0,0,9,0,9,25,24,39,21,109,27,16,43,152
10/23/2006,MAF,TX,ASW,CE,Combined TRACON& Tower with Radar,26,48,54,60,188,0,3,29,9,41,26,51,83,69,229,14,74,88,317
10/24/2006,MAF,TX,ASW,CE,Combined TRACON& Tower with Radar,27,48,52,44,171,0,1,28,1,30,27,49,80,45,201,18,32,50,251
10/25/2006,MAF,TX,ASW,CE,Combined TRACON& Tower with Radar,27,47,58,156,288,0,1,27,12,40,27,48,85,168,328,6,134,140,468
10/26/2006,MAF,TX,ASW,CE,Combined TRACON& Tower with Radar,26,56,55,68,205,0,4,21,5,30,26,60,76,73,235,0,122,122,357
10/27/2006,MAF,TX,ASW,CE,Combined TRACON& Tower with Radar,27,49,67,69,212,0,3,28,2,33,27,52,95,71,245,14,84,98,343
10/28/2006,MAF,TX,ASW,CE,Combined TRACON& Tower with Radar,20,24,56,4,104,0,0,21,0,21,20,24,77,4,125,18,0,18,143
10/29/2006,MAF,TX,ASW,CE,Combined TRACON& Tower with Radar,22,24,37,2,85,0,0,13,3,16,22,24,50,5,101,0,0,0,101
10/30/2006,MAF,TX,ASW,CE,Combined TRACON& Tower with Radar,23,34,36,28,121,0,4,26,4,34,23,38,62,32,155,10,39,49,204
10/31/2006,MAF,TX,ASW,CE,Combined TRACON& Tower with Radar,26,42,55,71,194,0,4,25,1,30,26,46,80,72,224,8,44,52,276
11/01/2006,MAF,TX,ASW,CE,Combined TRACON& Tower with Radar,27,47,96,87,257,0,2,38,6,46,27,49,134,93,303,2,16,18,321
11/02/2006,MAF,TX,ASW,CE,Combined TRACON& Tower with Radar,27,44,54,48,173,0,1,34,8,43,27,45,88,56,216,21,136,157,373
11/03/2006,MAF,TX,ASW,CE,Combined TRACON& Tower with Radar,26,46,46,41,159,0,1,29,0,30,26,47,75,41,189,12,48,60,249
11/04/2006,MAF,TX,ASW,CE,Combined TRACON& Tower with Radar,21,25,28,0,74,0,1,22,2,25,21,26,50,2,99,0,0,0,99
11/05/2006,MAF,TX,ASW,CE,Combined TRACON& Tower with Radar,22,23,38,25,108,0,0,12,1,13,22,23,50,26,121,14,0,14,135
11/06/2006,MAF,TX,ASW,CE,Combined TRACON& Tower with Radar,27,41,66,98,232,0,3,17,4,24,27,44,83,102,256,6,130,136,392
11/07/2006,MAF,TX,ASW,CE,Combined TRACON& Tower with Radar,27,37,37,91,192,0,4,21,2,27,27,41,58,93,219,4,40,44,263
11/08/2006,MAF,TX,ASW,CE,Combined TRACON& Tower with Radar,27,49,79,44,199,0,4,28,5,37,27,53,107,49,236,2,10,12,248
11/09/2006,MAF,TX,ASW,CE,Combined TRACON& Tower with Radar,27,45,62,2,136,0,6,40,1,47,27,51,102,3,183,8,0,8,191
11/10/2006,MAF,TX,ASW,CE,Combined TRACON& Tower with Radar,29,43,65,0,137,0,4,18,0,22,29,47,83,0,159,8,0,8,167
11/11/2006,MAF,TX,ASW,CE,Combined TRACON& Tower with Radar,21,26,29,0,76,0,1,21,0,22,21,27,50,0,98,8,0,8,106
11/12/2006,MAF,TX,ASW,CE,Combined TRACON& Tower with Radar,22,26,39,4,91,0,0,24,0,24,22,26,63,4,115,16,0,16,131
11/13/2006,MAF,TX,ASW,CE,Combined TRACON& Tower with Radar,28,49,42,52,171,0,3,30,6,39,28,52,72,58,210,18,118,136,346
11/14/2006,MAF,TX,ASW,CE,Combined TRACON& Tower with Radar,26,38,35,14,113,0,4,13,0,17,26,42,48,14,130,0,0,0,130
11/15/2006,MAF,TX,ASW,CE,Combined TRACON& Tower with Radar,26,39,32,71,168,0,5,19,0,24,26,44,51,71,192,0,0,0,192
11/16/2006,MAF,TX,ASW,CE,Combined TRACON& Tower with Radar,28,55,63,57,203,0,6,40,3,49,28,61,103,60,252,22,84,106,358
11/17/2006,MAF,TX,ASW,CE,Combined TRACON& Tower with Radar,26,42,51,48,167,0,5,24,3,32,26,47,75,51,199,0,26,26,225
11/18/2006,MAF,TX,ASW,CE,Combined TRACON& Tower with Radar,20,24,25,0,69,0,0,28,0,28,20,24,53,0,97,6,0,6,103
11/19/2006,MAF,TX,ASW,CE,Combined TRACON& Tower with Radar,20,28,43,9,100,0,0,18,0,18,20,28,61,9,118,10,4,14,132
11/20/2006,MAF,TX,ASW,CE,Combined TRACON& Tower with Radar,27,30,43,30,130,0,3,36,0,39,27,33,79,30,169,6,22,28,197
11/21/2006,MAF,TX,ASW,CE,Combined TRACON& Tower with Radar,27,52,71,40,190,0,4,29,0,33,27,56,100,40,223,26,46,72,295
11/22/2006,MAF,TX,ASW,CE,Combined TRACON& Tower with Radar,33,41,53,20,147,0,4,35,1,40,33,45,88,21,187,0,0,0,187
11/23/2006,MAF,TX,ASW,CE,Combined TRACON& Tower with Radar,17,18,19,0,54,0,0,24,0,24,17,18,43,0,78,4,0,4,82
11/24/2006,MAF,TX,ASW,CE,Combined TRACON& Tower with Radar,23,27,18,0,68,0,3,28,0,31,23,30,46,0,99,10,0,10,109
11/25/2006,MAF,TX,ASW,CE,Combined TRACON& Tower with Radar,22,28,20,0,70,0,0,21,0,21,22,28,41,0,91,4,0,4,95
11/26/2006,MAF,TX,ASW,CE,Combined TRACON& Tower with Radar,25,29,56,0,110,0,0,26,0,26,25,29,82,0,136,0,0,0,136
11/27/2006,MAF,TX,ASW,CE,Combined TRACON& Tower with Radar,28,39,66,78,211,0,2,29,5,36,28,41,95,83,247,8,72,80,327
11/28/2006,MAF,TX,ASW,CE,Combined TRACON& Tower with Radar,27,42,52,64,185,0,3,32,0,35,27,45,84,64,220,26,34,60,280
11/29/2006,MAF,TX,ASW,CE,Combined TRACON& Tower with Radar,25,37,42,52,156,0,4,21,0,25,25,41,63,52,181,7,70,77,258
11/30/2006,MAF,TX,ASW,CE,Combined TRACON& Tower with Radar,25,41,36,46,148,0,0,18,4,22,25,41,54,50,170,8,38,46,216
12/01/2006,MAF,TX,ASW,CE,Combined TRACON& Tower with Radar,31,43,57,13,144,0,3,38,1,42,31,46,95,14,186,16,0,16,202
12/02/2006,MAF,TX,ASW,CE,Combined TRACON& Tower with Radar,21,25,16,27,89,0,0,24,1,25,21,25,40,28,114,6,0,6,120
12/03/2006,MAF,TX,ASW,CE,Combined TRACON& Tower with Radar,22,27,20,17,86,0,0,18,2,20,22,27,38,19,106,6,17,23,129
12/04/2006,MAF,TX,ASW,CE,Combined TRACON& Tower with Radar,26,33,29,34,122,0,1,27,9,37,26,34,56,43,159,0,90,90,249
12/05/2006,MAF,TX,ASW,CE,Combined TRACON& Tower with Radar,27,43,59,47,176,0,2,35,2,39,27,45,94,49,215,28,46,74,289
12/06/2006,MAF,TX,ASW,CE,Combined TRACON& Tower with Radar,27,44,66,90,227,0,2,31,9,42,27,46,97,99,269,0,138,138,407
12/07/2006,MAF,TX,ASW,CE,Combined TRACON& Tower with Radar,27,44,74,51,196,0,1,36,4,41,27,45,110,55,237,8,60,68,305
12/08/2006,MAF,TX,ASW,CE,Combined TRACON& Tower with Radar,29,48,62,23,162,0,2,29,3,34,29,50,91,26,196,0,8,8,204
12/09/2006,MAF,TX,ASW,CE,Combined TRACON& Tower with Radar,20,23,19,21,83,0,0,20,0,20,20,23,39,21,103,4,13,17,120
12/10/2006,MAF,TX,ASW,CE,Combined TRACON& Tower with Radar,23,27,20,14,84,0,0,16,1,17,23,27,36,15,101,2,32,34,135
12/11/2006,MAF,TX,ASW,CE,Combined TRACON& Tower with Radar,26,38,34,74,172,0,2,14,6,22,26,40,48,80,194,4,64,68,262
12/12/2006,MAF,TX,ASW,CE,Combined TRACON& Tower with Radar,26,45,42,48,161,0,3,36,1,40,26,48,78,49,201,8,48,56,257
12/13/2006,MAF,TX,ASW,CE,Combined TRACON& Tower with Radar,27,42,63,98,230,0,4,45,1,50,27,46,108,99,280,34,74,108,388
12/14/2006,MAF,TX,ASW,CE,Combined TRACON& Tower with Radar,27,45,52,53,177,0,4,29,4,37,27,49,81,57,214,0,34,34,248
12/15/2006,MAF,TX,ASW,CE,Combined TRACON& Tower with Radar,27,42,60,32,161,0,3,37,5,45,27,45,97,37,206,42,16,58,264
12/16/2006,MAF,TX,ASW,CE,Combined TRACON& Tower with Radar,21,25,17,0,63,0,0,22,0,22,21,25,39,0,85,26,0,26,111
12/17/2006,MAF,TX,ASW,CE,Combined TRACON& Tower with Radar,22,24,32,5,83,0,0,16,1,17,22,24,48,6,100,11,6,17,117
12/18/2006,MAF,TX,ASW,CE,Combined TRACON& Tower with Radar,28,45,55,100,228,0,1,9,0,10,28,46,64,100,238,3,3,6,244
12/19/2006,MAF,TX,ASW,CE,Combined TRACON& Tower with Radar,33,51,27,28,139,0,0,0,0,0,33,51,27,28,139,0,0,0,139
12/20/2006,MAF,TX,ASW,CE,Combined TRACON& Tower with Radar,26,37,40,77,180,0,3,11,1,15,26,40,51,78,195,14,6,20,215
12/21/2006,MAF,TX,ASW,CE,Combined TRACON& Tower with Radar,26,49,44,69,188,0,2,26,1,29,26,51,70,70,217,14,82,96,313
12/22/2006,MAF,TX,ASW,CE,Combined TRACON& Tower with Radar,28,51,43,0,122,0,4,36,0,40,28,55,79,0,162,28,0,28,190
12/23/2006,MAF,TX,ASW,CE,Combined TRACON& Tower with Radar,20,29,30,0,79,0,0,6,0,6,20,29,36,0,85,0,0,0,85
12/24/2006,MAF,TX,ASW,CE,Combined TRACON& Tower with Radar,21,21,9,0,51,0,0,13,0,13,21,21,22,0,64,6,0,6,70
12/25/2006,MAF,TX,ASW,CE,Combined TRACON& Tower with Radar,19,21,0,0,40,0,0,6,0,6,19,21,6,0,46,0,0,0,46
12/26/2006,MAF,TX,ASW,CE,Combined TRACON& Tower with Radar,25,39,30,0,94,0,3,18,0,21,25,42,48,0,115,0,0,0,115
12/27/2006,MAF,TX,ASW,CE,Combined TRACON& Tower with Radar,28,39,36,8,111,0,2,24,0,26,28,41,60,8,137,10,8,18,155
12/28/2006,MAF,TX,ASW,CE,Combined TRACON& Tower with Radar,27,42,24,1,94,0,1,17,1,19,27,43,41,2,113,10,0,10,123
12/29/2006,MAF,TX,ASW,CE,Combined TRACON& Tower with Radar,51,36,24,0,111,0,0,5,0,5,51,36,29,0,116,12,0,12,128
12/30/2006,MAF,TX,ASW,CE,Combined TRACON& Tower with Radar,18,29,24,0,71,0,0,13,0,13,18,29,37,0,84,0,0,0,84
12/31/2006,MAF,TX,ASW,CE,Combined TRACON& Tower with Radar,21,20,12,0,53,0,0,13,0,13,21,20,25,0,66,0,0,0,66
01/01/2007,MAF,TX,ASW,CE,Combined TRACON& Tower with Radar,21,25,13,0,59,0,0,19,0,19,21,25,32,0,78,5,0,5,83
01/02/2007,MAF,TX,ASW,CE,Combined TRACON& Tower with Radar,27,41,37,0,105,0,5,32,0,37,27,46,69,0,142,18,0,18,160
01/03/2007,MAF,TX,ASW,CE,Combined TRACON& Tower with Radar,27,57,41,0,125,0,0,6,0,6,27,57,47,0,131,0,0,0,131
01/04/2007,MAF,TX,ASW,CE,Combined TRACON& Tower with Radar,28,43,47,28,146,0,3,20,1,24,28,46,67,29,170,2,100,102,272
01/05/2007,MAF,TX,ASW,CE,Combined TRACON& Tower with Radar,26,55,35,43,159,0,3,27,1,31,26,58,62,44,190,8,36,44,234
01/06/2007,MAF,TX,ASW,CE,Combined TRACON& Tower with Radar,20,28,21,0,69,0,0,20,0,20,20,28,41,0,89,0,0,0,89
01/07/2007,MAF,TX,ASW,CE,Combined TRACON& Tower with Radar,22,23,30,10,85,0,0,16,0,16,22,23,46,10,101,0,0,0,101
01/08/2007,MAF,TX,ASW,CE,Combined TRACON& Tower with Radar,27,36,33,56,152,0,3,33,6,42,27,39,66,62,194,12,56,68,262
01/09/2007,MAF,TX,ASW,CE,Combined TRACON& Tower with Radar,26,40,29,44,139,0,4,22,0,26,26,44,51,44,165,18,86,104,269
01/10/2007,MAF,TX,ASW,CE,Combined TRACON& Tower with Radar,28,42,59,22,151,0,5,20,6,31,28,47,79,28,182,30,0,30,212
01/11/2007,MAF,TX,ASW,CE,Combined TRACON& Tower with Radar,27,52,51,56,186,0,3,24,2,29,27,55,75,58,215,2,62,64,279
01/12/2007,MAF,TX,ASW,CE,Combined TRACON& Tower with Radar,26,40,48,99,213,0,0,20,1,21,26,40,68,100,234,0,256,256,490
01/13/2007,MAF,TX,ASW,CE,Combined TRACON& Tower with Radar,21,13,12,0,46,0,2,0,0,2,21,15,12,0,48,0,0,0,48
01/14/2007,MAF,TX,ASW,CE,Combined TRACON& Tower with Radar,23,19,14,0,56,0,0,0,0,0,23,19,14,0,56,0,0,0,56
01/15/2007,MAF,TX,ASW,CE,Combined TRACON& Tower with Radar,25,30,22,1,78,0,0,16,1,17,25,30,38,2,95,0,10,10,105
01/16/2007,MAF,TX,ASW,CE,Combined TRACON& Tower with Radar,30,38,22,2,92,0,0,19,0,19,30,38,41,2,111,6,0,6,117
01/17/2007,MAF,TX,ASW,CE,Combined TRACON& Tower with Radar,23,34,26,0,83,0,0,3,0,3,23,34,29,0,86,2,0,2,88
01/18/2007,MAF,TX,ASW,CE,Combined TRACON& Tower with Radar,26,45,48,9,128,0,3,27,8,38,26,48,75,17,166,2,0,2,168
01/19/2007,MAF,TX,ASW,CE,Combined TRACON& Tower with Radar,31,32,25,0,88,0,0,0,0,0,31,32,25,0,88,0,0,0,88
01/20/2007,MAF,TX,ASW,CE,Combined TRACON& Tower with Radar,21,17,5,0,43,0,0,1,0,1,21,17,6,0,44,0,0,0,44
01/21/2007,MAF,TX,ASW,CE,Combined TRACON& Tower with Radar,21,27,17,24,89,0,0,19,4,23,21,27,36,28,112,1,22,23,135
01/22/2007,MAF,TX,ASW,CE,Combined TRACON& Tower with Radar,28,37,37,56,158,0,2,13,1,16,28,39,50,57,174,0,58,58,232
01/23/2007,MAF,TX,ASW,CE,Combined TRACON& Tower with Radar,26,53,40,2,121,0,2,11,0,13,26,55,51,2,134,44,0,44,178
01/24/2007,MAF,TX,ASW,CE,Combined TRACON& Tower with Radar,27,40,42,66,175,0,6,25,3,34,27,46,67,69,209,0,258,258,467
01/25/2007,MAF,TX,ASW,CE,Combined TRACON& Tower with Radar,28,56,40,26,150,0,3,34,1,38,28,59,74,27,188,14,114,128,316
01/26/2007,MAF,TX,ASW,CE,Combined TRACON& Tower with Radar,26,51,42,43,162,0,1,20,0,21,26,52,62,43,183,12,96,108,291
01/27/2007,MAF,TX,ASW,CE,Combined TRACON& Tower with Radar,20,25,13,6,64,0,1,14,4,19,20,26,27,10,83,1,10,11,94
01/28/2007,MAF,TX,ASW,CE,Combined TRACON& Tower with Radar,21,28,33,5,87,0,0,17,0,17,21,28,50,5,104,4,0,4,108
01/29/2007,MAF,TX,ASW,CE,Combined TRACON& Tower with Radar,26,37,33,59,155,0,3,20,2,25,26,40,53,61,180,4,71,75,255
01/30/2007,MAF,TX,ASW,CE,Combined TRACON& Tower with Radar,27,49,38,119,233,0,3,28,1,32,27,52,66,120,265,14,53,67,332
01/31/2007,MAF,TX,ASW,CE,Combined TRACON& Tower with Radar,29,41,59,127,256,0,8,17,2,27,29,49,76,129,283,0,30,30,313
02/01/2007,MAF,TX,ASW,CE,Combined TRACON& Tower with Radar,26,39,32,25,122,0,2,7,1,10,26,41,39,26,132,0,0,0,132
02/02/2007,MAF,TX,ASW,CE,Combined TRACON& Tower with Radar,28,40,45,71,184,0,4,21,1,26,28,44,66,72,210,12,78,90,300
02/03/2007,MAF,TX,ASW,CE,Combined TRACON& Tower with Radar,21,19,23,12,75,0,1,23,2,26,21,20,46,14,101,16,16,32,133
02/04/2007,MAF,TX,ASW,CE,Combined TRACON& Tower with Radar,22,25,17,3,67,0,0,14,1,15,22,25,31,4,82,22,15,37,119
02/05/2007,MAF,TX,ASW,CE,Combined TRACON& Tower with Radar,26,37,41,114,218,0,7,21,5,33,26,44,62,119,251,2,90,92,343
02/06/2007,MAF,TX,ASW,CE,Combined TRACON& Tower with Radar,28,42,41,42,153,0,3,19,3,25,28,45,60,45,178,2,0,2,180
02/07/2007,MAF,TX,ASW,CE,Combined TRACON& Tower with Radar,28,45,43,66,182,0,3,31,6,40,28,48,74,72,222,6,96,102,324
02/08/2007,MAF,TX,ASW,CE,Combined TRACON& Tower with Radar,26,50,19,113,208,0,0,0,2,2,26,50,19,115,210,2,18,20,230
02/09/2007,MAF,TX,ASW,CE,Combined TRACON& Tower with Radar,29,47,63,76,215,0,0,4,2,6,29,47,67,78,221,0,0,0,221
02/10/2007,MAF,TX,ASW,CE,Combined TRACON& Tower with Radar,18,28,14,0,60,0,0,6,0,6,18,28,20,0,66,0,0,0,66
02/11/2007,MAF,TX,ASW,CE,Combined TRACON& Tower with Radar,25,29,33,16,103,0,0,2,0,2,25,29,35,16,105,0,10,10,115
02/12/2007,MAF,TX,ASW,CE,Combined TRACON& Tower with Radar,25,34,39,119,217,0,3,14,7,24,25,37,53,126,241,4,62,66,307
02/13/2007,MAF,TX,ASW,CE,Combined TRACON& Tower with Radar,26,40,48,68,182,0,3,25,7,35,26,43,73,75,217,6,107,113,330
02/14/2007,MAF,TX,ASW,CE,Combined TRACON& Tower with Radar,28,52,41,25,146,0,1,14,0,15,28,53,55,25,161,0,14,14,175
02/15/2007,MAF,TX,ASW,CE,Combined TRACON& Tower with Radar,27,43,45,42,157,0,2,23,2,27,27,45,68,44,184,0,50,50,234
02/16/2007,MAF,TX,ASW,CE,Combined TRACON& Tower with Radar,26,42,72,55,195,0,0,0,0,0,26,42,72,55,195,6,82,88,283
02/17/2007,MAF,TX,ASW,CE,Combined TRACON& Tower with Radar,20,21,45,0,86,0,0,23,0,23,20,21,68,0,109,20,0,20,129
02/18/2007,MAF,TX,ASW,CE,Combined TRACON& Tower with Radar,25,30,29,0,84,0,0,32,0,32,25,30,61,0,116,8,0,8,124
02/19/2007,MAF,TX,ASW,CE,Combined TRACON& Tower with Radar,25,35,21,2,83,0,0,27,0,27,25,35,48,2,110,2,0,2,112
02/20/2007,MAF,TX,ASW,CE,Combined TRACON& Tower with Radar,26,42,39,63,170,0,2,22,0,24,26,44,61,63,194,1,102,103,297
02/21/2007,MAF,TX,ASW,CE,Combined TRACON& Tower with Radar,27,40,48,92,207,0,4,37,4,45,27,44,85,96,252,18,114,132,384
02/22/2007,MAF,TX,ASW,CE,Combined TRACON& Tower with Radar,28,41,54,89,212,0,4,38,6,48,28,45,92,95,260,22,133,155,415
02/23/2007,MAF,TX,ASW,CE,Combined TRACON& Tower with Radar,32,52,45,60,189,0,1,26,2,29,32,53,71,62,218,2,76,78,296
02/24/2007,MAF,TX,ASW,CE,Combined TRACON& Tower with Radar,23,21,33,4,81,0,0,8,2,10,23,21,41,6,91,0,0,0,91
02/25/2007,MAF,TX,ASW,CE,Combined TRACON& Tower with Radar,23,26,48,28,125,0,0,16,3,19,23,26,64,31,144,8,12,20,164
02/26/2007,MAF,TX,ASW,CE,Combined TRACON& Tower with Radar,28,37,32,51,148,0,3,24,0,27,28,40,56,51,175,4,20,24,199
02/27/2007,MAF,TX,ASW,CE,Combined TRACON& Tower with Radar,27,40,46,67,180,0,4,29,8,41,27,44,75,75,221,0,56,56,277
02/28/2007,MAF,TX,ASW,CE,Combined TRACON& Tower with Radar,29,38,47,15,129,0,3,20,2,25,29,41,67,17,154,0,44,44,198
03/01/2007,MAF,TX,ASW,CE,Combined TRACON& Tower with Radar,26,36,36,68,166,0,6,31,7,44,26,42,67,75,210,4,76,80,290
03/02/2007,MAF,TX,ASW,CE,Combined TRACON& Tower with Radar,26,41,65,49,181,0,5,44,1,50,26,46,109,50,231,24,32,56,287
03/03/2007,MAF,TX,ASW,CE,Combined TRACON& Tower with Radar,20,24,17,0,61,0,0,18,0,18,20,24,35,0,79,0,0,0,79
03/04/2007,MAF,TX,ASW,CE,Combined TRACON& Tower with Radar,22,26,19,11,78,0,1,32,0,33,22,27,51,11,111,0,4,4,115
03/05/2007,MAF,TX,ASW,CE,Combined TRACON& Tower with Radar,28,36,36,107,207,0,6,32,2,40,28,42,68,109,247,0,0,0,247
03/06/2007,MAF,TX,ASW,CE,Combined TRACON& Tower with Radar,28,42,27,58,155,0,5,40,1,46,28,47,67,59,201,20,128,148,349
03/07/2007,MAF,TX,ASW,CE,Combined TRACON& Tower with Radar,28,39,58,66,191,0,5,40,1,46,28,44,98,67,237,12,94,106,343
03/08/2007,MAF,TX,ASW,CE,Combined TRACON& Tower with Radar,30,39,57,83,209,0,4,38,11,53,30,43,95,94,262,20,114,134,396
03/09/2007,MAF,TX,ASW,CE,Combined TRACON& Tower with Radar,26,41,84,66,217,0,3,29,4,36,26,44,113,70,253,18,98,116,369
03/10/2007,MAF,TX,ASW,CE,Combined TRACON& Tower with Radar,20,22,40,7,89,0,0,19,0,19,20,22,59,7,108,24,0,24,132
03/11/2007,MAF,TX,ASW,CE,Combined TRACON& Tower with Radar,24,20,15,0,59,0,0,3,0,3,24,20,18,0,62,0,0,0,62
03/12/2007,MAF,TX,ASW,CE,Combined TRACON& Tower with Radar,26,31,33,47,137,0,2,10,1,13,26,33,43,48,150,2,0,2,152
03/13/2007,MAF,TX,ASW,CE,Combined TRACON& Tower with Radar,28,39,34,106,207,0,4,17,3,24,28,43,51,109,231,0,172,172,403
03/14/2007,MAF,TX,ASW,CE,Combined TRACON& Tower with Radar,27,34,56,65,182,0,3,27,3,33,27,37,83,68,215,12,28,40,255
03/15/2007,MAF,TX,ASW,CE,Combined TRACON& Tower with Radar,30,49,60,105,244,0,4,34,4,42,30,53,94,109,286,17,75,92,378
03/16/2007,MAF,TX,ASW,CE,Combined TRACON& Tower with Radar,25,45,52,50,172,0,3,18,2,23,25,48,70,52,195,0,80,80,275
03/17/2007,MAF,TX,ASW,CE,Combined TRACON& Tower with Radar,20,27,34,15,96,0,0,21,1,22,20,27,55,16,118,20,20,40,158
03/18/2007,MAF,TX,ASW,CE,Combined TRACON& Tower with Radar,22,25,33,15,95,0,0,19,1,20,22,25,52,16,115,0,0,0,115
03/19/2007,MAF,TX,ASW,CE,Combined TRACON& Tower with Radar,25,33,53,91,202,0,4,19,1,24,25,37,72,92,226,4,30,34,260
03/20/2007,MAF,TX,ASW,CE,Combined TRACON& Tower with Radar,26,42,54,87,209,0,2,24,1,27,26,44,78,88,236,0,12,12,248
03/21/2007,MAF,TX,ASW,CE,Combined TRACON& Tower with Radar,26,40,47,83,196,0,2,16,6,24,26,42,63,89,220,10,34,44,264
03/22/2007,MAF,TX,ASW,CE,Combined TRACON& Tower with Radar,26,46,84,13,169,0,0,7,1,8,26,46,91,14,177,0,0,0,177
03/23/2007,MAF,TX,ASW,CE,Combined TRACON& Tower with Radar,26,42,39,69,176,0,1,9,0,10,26,43,48,69,186,10,56,66,252
03/24/2007,MAF,TX,ASW,CE,Combined TRACON& Tower with Radar,23,25,33,0,81,0,0,27,0,27,23,25,60,0,108,14,0,14,122
03/25/2007,MAF,TX,ASW,CE,Combined TRACON& Tower with Radar,22,28,22,4,76,0,0,5,0,5,22,28,27,4,81,0,0,0,81
03/26/2007,MAF,TX,ASW,CE,Combined TRACON& Tower with Radar,30,47,30,1,108,0,2,11,4,17,30,49,41,5,125,0,4,4,129
03/27/2007,MAF,TX,ASW,CE,Combined TRACON& Tower with Radar,26,43,76,111,256,0,5,24,5,34,26,48,100,116,290,10,34,44,334
03/28/2007,MAF,TX,ASW,CE,Combined TRACON& Tower with Radar,27,37,49,61,174,0,2,16,3,21,27,39,65,64,195,8,16,24,219
03/29/2007,MAF,TX,ASW,CE,Combined TRACON& Tower with Radar,28,40,33,128,229,0,4,24,7,35,28,44,57,135,264,24,300,324,588
03/30/2007,MAF,TX,ASW,CE,Combined TRACON& Tower with Radar,28,44,31,1,104,0,0,13,0,13,28,44,44,1,117,4,0,4,121
03/31/2007,MAF,TX,ASW,CE,Combined TRACON& Tower with Radar,20,22,33,16,91,0,0,21,1,22,20,22,54,17,113,26,0,26,139
04/01/2007,MAF,TX,ASW,CE,Combined TRACON& Tower with Radar,23,28,16,4,71,0,1,22,0,23,23,29,38,4,94,16,0,16,110
04/02/2007,MAF,TX,ASW,CE,Combined TRACON& Tower with Radar,26,33,37,86,182,0,3,29,4,36,26,36,66,90,218,0,0,0,218
04/03/2007,MAF,TX,ASW,CE,Combined TRACON& Tower with Radar,26,41,32,124,223,0,3,39,2,44,26,44,71,126,267,58,152,210,477
04/04/2007,MAF,TX,ASW,CE,Combined TRACON& Tower with Radar,23,32,52,49,156,0,5,17,2,24,23,37,69,51,180,4,111,115,295
04/05/2007,MAF,TX,ASW,CE,Combined TRACON& Tower with Radar,27,38,54,59,178,0,5,28,4,37,27,43,82,63,215,41,114,155,370
04/06/2007,MAF,TX,ASW,CE,Combined TRACON& Tower with Radar,26,45,28,0,99,0,4,11,0,15,26,49,39,0,114,0,0,0,114
04/07/2007,MAF,TX,ASW,CE,Combined TRACON& Tower with Radar,21,20,14,0,55,0,0,0,0,0,21,20,14,0,55,0,0,0,55
04/08/2007,MAF,TX,ASW,CE,Combined TRACON& Tower with Radar,26,30,19,0,75,0,0,2,0,2,26,30,21,0,77,2,0,2,79
04/09/2007,MAF,TX,ASW,CE,Combined TRACON& Tower with Radar,26,38,44,29,137,0,2,21,0,23,26,40,65,29,160,0,30,30,190
04/10/2007,MAF,TX,ASW,CE,Combined TRACON& Tower with Radar,26,45,37,57,165,0,2,25,7,34,26,47,62,64,199,24,216,240,439
04/11/2007,MAF,TX,ASW,CE,Combined TRACON& Tower with Radar,27,41,54,55,177,0,5,36,6,47,27,46,90,61,224,6,108,114,338
04/12/2007,MAF,TX,ASW,CE,Combined TRACON& Tower with Radar,28,44,46,53,171,0,5,26,4,35,28,49,72,57,206,8,98,106,312
04/13/2007,MAF,TX,ASW,CE,Combined TRACON& Tower with Radar,27,41,35,54,157,0,2,10,0,12,27,43,45,54,169,0,120,120,289
04/14/2007,MAF,TX,ASW,CE,Combined TRACON& Tower with Radar,21,31,19,11,82,0,0,16,0,16,21,31,35,11,98,1,0,1,99
04/15/2007,MAF,TX,ASW,CE,Combined TRACON& Tower with Radar,22,29,30,8,89,0,0,26,1,27,22,29,56,9,116,0,0,0,116
04/16/2007,MAF,TX,ASW,CE,Combined TRACON& Tower with Radar,27,33,70,67,197,0,4,28,0,32,27,37,98,67,229,0,0,0,229
04/17/2007,MAF,TX,ASW,CE,Combined TRACON& Tower with Radar,26,44,41,105,216,0,2,24,4,30,26,46,65,109,246,26,245,271,517
04/18/2007,MAF,TX,ASW,CE,Combined TRACON& Tower with Radar,26,45,91,39,201,0,4,39,6,49,26,49,130,45,250,31,22,53,303
04/19/2007,MAF,TX,ASW,CE,Combined TRACON& Tower with Radar,28,40,81,59,208,0,5,43,0,48,28,45,124,59,256,4,40,44,300
04/20/2007,MAF,TX,ASW,CE,Combined TRACON& Tower with Radar,26,38,61,4,129,0,5,34,2,41,26,43,95,6,170,12,7,19,189
04/21/2007,MAF,TX,ASW,CE,Combined TRACON& Tower with Radar,22,20,33,15,90,0,0,26,0,26,22,20,59,15,116,2,0,2,118
04/22/2007,MAF,TX,ASW,CE,Combined TRACON& Tower with Radar,22,28,31,16,97,0,0,20,0,20,22,28,51,16,117,0,0,0,117
04/23/2007,MAF,TX,ASW,CE,Combined TRACON& Tower with Radar,27,34,65,101,227,6,2,22,14,44,33,36,87,115,271,0,84,84,355
04/24/2007,MAF,TX,ASW,CE,Combined TRACON& Tower with Radar,41,38,48,100,227,0,2,15,7,24,41,40,63,107,251,4,8,12,263
04/25/2007,MAF,TX,ASW,CE,Combined TRACON& Tower with Radar,26,45,67,84,222,0,4,40,7,51,26,49,107,91,273,4,58,62,335
04/26/2007,MAF,TX,ASW,CE,Combined TRACON& Tower with Radar,27,54,64,81,226,0,4,41,24,69,27,58,105,105,295,22,64,86,381
04/27/2007,MAF,TX,ASW,CE,Combined TRACON& Tower with Radar,31,45,55,91,222,0,5,54,2,61,31,50,109,93,283,33,64,97,380
04/28/2007,MAF,TX,ASW,CE,Combined TRACON& Tower with Radar,21,27,25,3,76,0,0,34,0,34,21,27,59,3,110,20,0,20,130
04/29/2007,MAF,TX,ASW,CE,Combined TRACON& Tower with Radar,22,27,30,0,79,0,0,3,0,3,22,27,33,0,82,0,0,0,82
04/30/2007,MAF,TX,ASW,CE,Combined TRACON& Tower with Radar,26,41,43,124,234,0,2,14,0,16,26,43,57,124,250,0,262,262,512
05/01/2007,MAF,TX,ASW,CE,Combined TRACON& Tower with Radar,26,41,69,103,239,0,4,28,3,35,26,45,97,106,274,10,124,134,408
05/02/2007,MAF,TX,ASW,CE,Combined TRACON& Tower with Radar,33,45,43,0,121,0,2,8,0,10,33,47,51,0,131,3,0,3,134
05/03/2007,MAF,TX,ASW,CE,Combined TRACON& Tower with Radar,26,43,53,74,196,0,4,34,13,51,26,47,87,87,247,12,146,158,405
05/04/2007,MAF,TX,ASW,CE,Combined TRACON& Tower with Radar,25,34,70,96,225,0,5,44,3,52,25,39,114,99,277,6,140,146,423
05/05/2007,MAF,TX,ASW,CE,Combined TRACON& Tower with Radar,19,25,28,33,105,0,0,22,3,25,19,25,50,36,130,24,0,24,154
05/06/2007,MAF,TX,ASW,CE,Combined TRACON& Tower with Radar,22,23,25,13,83,0,0,14,1,15,22,23,39,14,98,10,20,30,128
05/07/2007,MAF,TX,ASW,CE,Combined TRACON& Tower with Radar,27,37,29,15,108,0,0,18,0,18,27,37,47,15,126,0,0,0,126
05/08/2007,MAF,TX,ASW,CE,Combined TRACON& Tower with Radar,28,43,50,0,121,0,0,11,0,11,28,43,61,0,132,6,0,6,138
05/09/2007,MAF,TX,ASW,CE,Combined TRACON& Tower with Radar,30,45,44,6,125,0,0,3,0,3,30,45,47,6,128,0,0,0,128
05/10/2007,MAF,TX,ASW,CE,Combined TRACON& Tower with Radar,27,47,69,110,253,0,4,34,0,38,27,51,103,110,291,26,104,130,421
05/11/2007,MAF,TX,ASW,CE,Combined TRACON& Tower with Radar,28,49,59,111,247,0,5,36,1,42,28,54,95,112,289,8,40,48,337
05/12/2007,MAF,TX,ASW,CE,Combined TRACON& Tower with Radar,21,21,18,2,62,0,0,30,0,30,21,21,48,2,92,28,0,28,120
05/13/2007,MAF,TX,ASW,CE,Combined TRACON& Tower with Radar,24,26,53,4,107,0,0,24,0,24,24,26,77,4,131,20,0,20,151
05/14/2007,MAF,TX,ASW,CE,Combined TRACON& Tower with Radar,26,34,23,84,167,0,5,15,0,20,26,39,38,84,187,30,114,144,331
05/15/2007,MAF,TX,ASW,CE,Combined TRACON& Tower with Radar,26,45,36,61,168,0,5,22,1,28,26,50,58,62,196,2,48,50,246
05/16/2007,MAF,TX,ASW,CE,Combined TRACON& Tower with Radar,27,51,54,7,139,0,3,16,1,20,27,54,70,8,159,2,0,2,161
05/17/2007,MAF,TX,ASW,CE,Combined TRACON& Tower with Radar,32,48,72,14,166,0,2,15,0,17,32,50,87,14,183,0,0,0,183
05/18/2007,MAF,TX,ASW,CE,Combined TRACON& Tower with Radar,27,39,43,10,119,0,4,10,0,14,27,43,53,10,133,0,0,0,133
05/19/2007,MAF,TX,ASW,CE,Combined TRACON& Tower with Radar,25,26,29,5,85,0,0,12,2,14,25,26,41,7,99,0,0,0,99
05/20/2007,MAF,TX,ASW,CE,Combined TRACON& Tower with Radar,25,26,44,6,101,0,0,12,0,12,25,26,56,6,113,10,6,16,129
05/21/2007,MAF,TX,ASW,CE,Combined TRACON& Tower with Radar,26,37,37,104,204,0,3,22,4,29,26,40,59,108,233,4,110,114,347
05/22/2007,MAF,TX,ASW,CE,Combined TRACON& Tower with Radar,29,41,62,107,239,0,4,0,2,6,29,45,62,109,245,8,137,145,390
05/23/2007,MAF,TX,ASW,CE,Combined TRACON& Tower with Radar,30,51,72,128,281,0,2,41,2,45,30,53,113,130,326,30,92,122,448
05/24/2007,MAF,TX,ASW,CE,Combined TRACON& Tower with Radar,28,51,51,56,186,0,0,27,0,27,28,51,78,56,213,8,48,56,269
05/25/2007,MAF,TX,ASW,CE,Combined TRACON& Tower with Radar,29,54,66,13,162,0,1,29,3,33,29,55,95,16,195,5,10,15,210
05/26/2007,MAF,TX,ASW,CE,Combined TRACON& Tower with Radar,24,23,25,23,95,0,0,19,1,20,24,23,44,24,115,22,4,26,141
05/27/2007,MAF,TX,ASW,CE,Combined TRACON& Tower with Radar,20,18,27,27,92,0,0,12,0,12,20,18,39,27,104,4,22,26,130
05/28/2007,MAF,TX,ASW,CE,Combined TRACON& Tower with Radar,20,26,46,7,99,0,0,14,2,16,20,26,60,9,115,14,0,14,129
05/29/2007,MAF,TX,ASW,CE,Combined TRACON& Tower with Radar,28,39,42,75,184,0,7,25,2,34,28,46,67,77,218,17,70,87,305
05/30/2007,MAF,TX,ASW,CE,Combined TRACON& Tower with Radar,30,43,69,152,294,0,4,35,5,44,30,47,104,157,338,12,50,62,400
05/31/2007,MAF,TX,ASW,CE,Combined TRACON& Tower with Radar,26,44,75,112,257,0,4,21,3,28,26,48,96,115,285,10,38,48,333
06/01/2007,MAF,TX,ASW,CE,Combined TRACON& Tower with Radar,27,51,43,68,189,0,2,26,3,31,27,53,69,71,220,0,102,102,322
06/02/2007,MAF,TX,ASW,CE,Combined TRACON& Tower with Radar,23,23,26,9,81,0,0,18,0,18,23,23,44,9,99,0,10,10,109
06/03/2007,MAF,TX,ASW,CE,Combined TRACON& Tower with Radar,26,24,31,13,94,0,0,17,2,19,26,24,48,15,113,0,0,0,113
06/04/2007,MAF,TX,ASW,CE,Combined TRACON& Tower with Radar,30,38,48,70,186,0,12,35,2,49,30,50,83,72,235,20,94,114,349
06/05/2007,MAF,TX,ASW,CE,Combined TRACON& Tower with Radar,25,43,56,65,189,0,2,24,4,30,25,45,80,69,219,16,100,116,335
06/06/2007,MAF,TX,ASW,CE,Combined TRACON& Tower with Radar,26,45,53,62,186,0,6,28,11,45,26,51,81,73,231,12,34,46,277
06/07/2007,MAF,TX,ASW,CE,Combined TRACON& Tower with Radar,27,45,57,73,202,0,5,48,26,79,27,50,105,99,281,16,130,146,427
06/08/2007,MAF,TX,ASW,CE,Combined TRACON& Tower with Radar,26,35,51,128,240,0,0,34,0,34,26,35,85,128,274,16,136,152,426
06/09/2007,MAF,TX,ASW,CE,Combined TRACON& Tower with Radar,22,24,18,2,66,0,4,21,2,27,22,28,39,4,93,16,6,22,115
06/10/2007,MAF,TX,ASW,CE,Combined TRACON& Tower with Radar,26,30,26,4,86,0,0,21,0,21,26,30,47,4,107,8,0,8,115
06/11/2007,MAF,TX,ASW,CE,Combined TRACON& Tower with Radar,26,35,24,19,104,0,1,25,1,27,26,36,49,20,131,0,16,16,147
06/12/2007,MAF,TX,ASW,CE,Combined TRACON& Tower with Radar,29,42,49,66,186,0,1,24,4,29,29,43,73,70,215,8,58,66,281
06/13/2007,MAF,TX,ASW,CE,Combined TRACON& Tower with Radar,29,44,83,73,229,0,6,40,7,53,29,50,123,80,282,62,56,118,400
06/14/2007,MAF,TX,ASW,CE,Combined TRACON& Tower with Radar,30,40,60,116,246,0,5,36,4,45,30,45,96,120,291,48,140,188,479
06/15/2007,MAF,TX,ASW,CE,Combined TRACON& Tower with Radar,27,36,50,110,223,0,5,43,2,50,27,41,93,112,273,26,28,54,327
06/16/2007,MAF,TX,ASW,CE,Combined TRACON& Tower with Radar,21,27,28,0,76,0,0,0,0,0,21,27,28,0,76,9,9,18,94
06/17/2007,MAF,TX,ASW,CE,Combined TRACON& Tower with Radar,27,24,25,14,90,0,0,19,7,26,27,24,44,21,116,0,0,0,116
06/18/2007,MAF,TX,ASW,CE,Combined TRACON& Tower with Radar,28,30,65,37,160,0,0,32,6,38,28,30,97,43,198,0,2,2,200
06/19/2007,MAF,TX,ASW,CE,Combined TRACON& Tower with Radar,28,36,46,105,215,0,2,30,3,35,28,38,76,108,250,2,142,144,394
06/20/2007,MAF,TX,ASW,CE,Combined TRACON& Tower with Radar,34,45,59,88,226,0,4,33,5,42,34,49,92,93,268,20,24,44,312
06/21/2007,MAF,TX,ASW,CE,Combined TRACON& Tower with Radar,27,31,59,89,206,0,3,43,12,58,27,34,102,101,264,4,118,122,386
06/22/2007,MAF,TX,ASW,CE,Combined TRACON& Tower with Radar,28,34,44,115,221,0,3,30,0,33,28,37,74,115,254,39,128,167,421
06/23/2007,MAF,TX,ASW,CE,Combined TRACON& Tower with Radar,23,20,32,11,86,0,0,33,15,48,23,20,65,26,134,10,5,15,149
06/24/2007,MAF,TX,ASW,CE,Combined TRACON& Tower with Radar,24,29,27,12,92,0,0,24,1,25,24,29,51,13,117,30,0,30,147
06/25/2007,MAF,TX,ASW,CE,Combined TRACON& Tower with Radar,30,36,73,102,241,0,4,20,0,24,30,40,93,102,265,14,4,18,283
06/26/2007,MAF,TX,ASW,CE,Combined TRACON& Tower with Radar,35,38,55,120,248,0,1,21,4,26,35,39,76,124,274,18,126,144,418
06/27/2007,MAF,TX,ASW,CE,Combined TRACON& Tower with Radar,30,42,45,54,171,0,2,22,3,27,30,44,67,57,198,4,46,50,248
06/28/2007,MAF,TX,ASW,CE,Combined TRACON& Tower with Radar,28,50,38,171,287,0,1,21,1,23,28,51,59,172,310,72,140,212,522
06/29/2007,MAF,TX,ASW,CE,Combined TRACON& Tower with Radar,27,37,46,148,258,0,0,29,2,31,27,37,75,150,289,0,85,85,374
06/30/2007,MAF,TX,ASW,CE,Combined TRACON& Tower with Radar,22,29,18,9,78,0,0,22,0,22,22,29,40,9,100,0,0,0,100
07/01/2007,MAF,TX,ASW,CE,Combined TRACON& Tower with Radar,31,26,39,2,98,0,0,22,0,22,31,26,61,2,120,6,0,6,126
07/02/2007,MAF,TX,ASW,CE,Combined TRACON& Tower with Radar,33,30,45,130,238,0,4,15,4,23,33,34,60,134,261,0,148,148,409
07/03/2007,MAF,TX,ASW,CE,Combined TRACON& Tower with Radar,34,38,39,212,323,0,2,20,3,25,34,40,59,215,348,8,82,90,438
07/04/2007,MAF,TX,ASW,CE,Combined TRACON& Tower with Radar,23,20,25,7,75,0,0,13,0,13,23,20,38,7,88,0,0,0,88
07/05/2007,MAF,TX,ASW,CE,Combined TRACON& Tower with Radar,26,39,18,2,85,0,0,23,11,34,26,39,41,13,119,0,0,0,119
07/06/2007,MAF,TX,ASW,CE,Combined TRACON& Tower with Radar,28,41,40,99,208,0,1,25,0,26,28,42,65,99,234,4,66,70,304
07/07/2007,MAF,TX,ASW,CE,Combined TRACON& Tower with Radar,23,26,31,24,104,0,0,23,0,23,23,26,54,24,127,6,0,6,133
07/08/2007,MAF,TX,ASW,CE,Combined TRACON& Tower with Radar,25,24,21,2,72,0,0,20,0,20,25,24,41,2,92,0,4,4,96
07/09/2007,MAF,TX,ASW,CE,Combined TRACON& Tower with Radar,25,41,49,96,211,0,2,21,8,31,25,43,70,104,242,28,86,114,356
07/10/2007,MAF,TX,ASW,CE,Combined TRACON& Tower with Radar,29,43,46,89,207,0,0,28,4,32,29,43,74,93,239,4,100,104,343
07/11/2007,MAF,TX,ASW,CE,Combined TRACON& Tower with Radar,28,41,60,85,214,0,2,30,10,42,28,43,90,95,256,24,86,110,366
07/12/2007,MAF,TX,ASW,CE,Combined TRACON& Tower with Radar,29,44,59,31,163,0,3,45,13,61,29,47,104,44,224,0,104,104,328
07/13/2007,MAF,TX,ASW,CE,Combined TRACON& Tower with Radar,26,41,54,62,183,0,0,21,4,25,26,41,75,66,208,0,8,8,216
07/14/2007,MAF,TX,ASW,CE,Combined TRACON& Tower with Radar,24,30,18,15,87,0,1,26,0,27,24,31,44,15,114,71,6,77,191
07/15/2007,MAF,TX,ASW,CE,Combined TRACON& Tower with Radar,24,28,46,14,112,0,1,21,0,22,24,29,67,14,134,40,0,40,174
07/16/2007,MAF,TX,ASW,CE,Combined TRACON& Tower with Radar,25,32,50,79,186,0,3,20,4,27,25,35,70,83,213,2,78,80,293
07/17/2007,MAF,TX,ASW,CE,Combined TRACON& Tower with Radar,28,40,54,36,158,0,4,45,2,51,28,44,99,38,209,16,12,28,237
07/18/2007,MAF,TX,ASW,CE,Combined TRACON& Tower with Radar,29,35,52,63,179,0,6,34,3,43,29,41,86,66,222,2,62,64,286
07/19/2007,MAF,TX,ASW,CE,Combined TRACON& Tower with Radar,35,43,52,40,170,0,2,32,2,36,35,45,84,42,206,34,0,34,240
07/20/2007,MAF,TX,ASW,CE,Combined TRACON& Tower with Radar,33,43,42,51,169,0,0,18,0,18,33,43,60,51,187,6,22,28,215
07/21/2007,MAF,TX,ASW,CE,Combined TRACON& Tower with Radar,23,28,15,2,68,0,0,0,0,0,23,28,15,2,68,0,0,0,68
07/22/2007,MAF,TX,ASW,CE,Combined TRACON& Tower with Radar,27,26,19,10,82,0,0,8,0,8,27,26,27,10,90,0,22,22,112
07/23/2007,MAF,TX,ASW,CE,Combined TRACON& Tower with Radar,26,31,16,47,120,0,3,33,3,39,26,34,49,50,159,12,112,124,283
07/24/2007,MAF,TX,ASW,CE,Combined TRACON& Tower with Radar,26,39,29,78,172,0,4,25,1,30,26,43,54,79,202,0,136,136,338
07/25/2007,MAF,TX,ASW,CE,Combined TRACON& Tower with Radar,27,39,54,91,211,0,1,45,3,49,27,40,99,94,260,10,40,50,310
07/26/2007,MAF,TX,ASW,CE,Combined TRACON& Tower with Radar,28,35,63,80,206,0,3,37,8,48,28,38,100,88,254,14,162,176,430
07/27/2007,MAF,TX,ASW,CE,Combined TRACON& Tower with Radar,28,39,27,70,164,0,2,14,3,19,28,41,41,73,183,6,20,26,209
07/28/2007,MAF,TX,ASW,CE,Combined TRACON& Tower with Radar,24,25,21,4,74,0,0,21,0,21,24,25,42,4,95,9,13,22,117
07/29/2007,MAF,TX,ASW,CE,Combined TRACON& Tower with Radar,27,28,25,4,84,0,1,38,0,39,27,29,63,4,123,20,0,20,143
07/30/2007,MAF,TX,ASW,CE,Combined TRACON& Tower with Radar,26,40,27,4,97,0,1,18,0,19,26,41,45,4,116,30,0,30,146
07/31/2007,MAF,TX,ASW,CE,Combined TRACON& Tower with Radar,26,43,38,8,115,0,0,12,0,12,26,43,50,8,127,6,10,16,143
08/01/2007,MAF,TX,ASW,CE,Combined TRACON& Tower with Radar,28,42,65,5,140,0,1,21,0,22,28,43,86,5,162,29,22,51,213
08/02/2007,MAF,TX,ASW,CE,Combined TRACON& Tower with Radar,27,46,44,13,130,0,1,17,0,18,27,47,61,13,148,10,40,50,198
08/03/2007,MAF,TX,ASW,CE,Combined TRACON& Tower with Radar,30,42,46,8,126,0,1,16,2,19,30,43,62,10,145,10,14,24,169
08/04/2007,MAF,TX,ASW,CE,Combined TRACON& Tower with Radar,26,26,16,17,85,0,0,25,0,25,26,26,41,17,110,12,8,20,130
08/05/2007,MAF,TX,ASW,CE,Combined TRACON& Tower with Radar,25,23,21,10,79,0,2,31,1,34,25,25,52,11,113,34,2,36,149
08/06/2007,MAF,TX,ASW,CE,Combined TRACON& Tower with Radar,27,38,34,48,147,0,2,36,1,39,27,40,70,49,186,12,106,118,304
08/07/2007,MAF,TX,ASW,CE,Combined TRACON& Tower with Radar,27,37,54,44,162,0,8,35,0,43,27,45,89,44,205,18,92,110,315
08/08/2007,MAF,TX,ASW,CE,Combined TRACON& Tower with Radar,28,35,48,64,175,0,3,35,6,44,28,38,83,70,219,16,82,98,317
08/09/2007,MAF,TX,ASW,CE,Combined TRACON& Tower with Radar,26,44,52,38,160,0,2,37,4,43,26,46,89,42,203,24,48,72,275
08/10/2007,MAF,TX,ASW,CE,Combined TRACON& Tower with Radar,30,39,46,39,154,0,4,35,9,48,30,43,81,48,202,0,63,63,265
08/11/2007,MAF,TX,ASW,CE,Combined TRACON& Tower with Radar,22,24,17,6,69,0,0,34,1,35,22,24,51,7,104,0,4,4,108
08/12/2007,MAF,TX,ASW,CE,Combined TRACON& Tower with Radar,25,28,24,27,104,0,0,39,1,40,25,28,63,28,144,16,40,56,200
08/13/2007,MAF,TX,ASW,CE,Combined TRACON& Tower with Radar,27,33,28,70,158,0,5,35,0,40,27,38,63,70,198,34,8,42,240
08/14/2007,MAF,TX,ASW,CE,Combined TRACON& Tower with Radar,27,45,44,45,161,0,4,25,1,30,27,49,69,46,191,12,10,22,213
08/15/2007,MAF,TX,ASW,CE,Combined TRACON& Tower with Radar,27,41,67,48,183,0,5,39,4,48,27,46,106,52,231,21,160,181,412
08/16/2007,MAF,TX,ASW,CE,Combined TRACON& Tower with Radar,26,36,41,101,204,0,4,24,2,30,26,40,65,103,234,0,176,176,410
08/17/2007,MAF,TX,ASW,CE,Combined TRACON& Tower with Radar,30,38,29,5,102,0,0,6,0,6,30,38,35,5,108,10,0,10,118
08/18/2007,MAF,TX,ASW,CE,Combined TRACON& Tower with Radar,23,31,19,9,82,0,0,11,0,11,23,31,30,9,93,0,0,0,93
08/19/2007,MAF,TX,ASW,CE,Combined TRACON& Tower with Radar,24,29,43,16,112,0,1,20,0,21,24,30,63,16,133,0,0,0,133
08/20/2007,MAF,TX,ASW,CE,Combined TRACON& Tower with Radar,27,35,32,48,142,0,1,28,2,31,27,36,60,50,173,2,144,146,319
08/21/2007,MAF,TX,ASW,CE,Combined TRACON& Tower with Radar,26,38,42,67,173,0,4,25,2,31,26,42,67,69,204,9,109,118,322
08/22/2007,MAF,TX,ASW,CE,Combined TRACON& Tower with Radar,27,44,57,58,186,0,4,28,3,35,27,48,85,61,221,14,139,153,374
08/23/2007,MAF,TX,ASW,CE,Combined TRACON& Tower with Radar,27,35,48,51,161,0,2,26,0,28,27,37,74,51,189,4,72,76,265
08/24/2007,MAF,TX,ASW,CE,Combined TRACON& Tower with Radar,30,41,29,27,127,0,2,27,5,34,30,43,56,32,161,6,40,46,207
08/25/2007,MAF,TX,ASW,CE,Combined TRACON& Tower with Radar,33,17,30,3,83,0,0,32,0,32,33,17,62,3,115,42,10,52,167
08/26/2007,MAF,TX,ASW,CE,Combined TRACON& Tower with Radar,23,26,31,4,84,0,0,17,0,17,23,26,48,4,101,4,0,4,105
08/27/2007,MAF,TX,ASW,CE,Combined TRACON& Tower with Radar,26,34,17,60,137,0,4,34,2,40,26,38,51,62,177,0,14,14,191
08/28/2007,MAF,TX,ASW,CE,Combined TRACON& Tower with Radar,26,39,34,34,133,0,2,36,3,41,26,41,70,37,174,4,48,52,226
08/29/2007,MAF,TX,ASW,CE,Combined TRACON& Tower with Radar,60,32,40,47,179,0,2,36,2,40,60,34,76,49,219,12,95,107,326
08/30/2007,MAF,TX,ASW,CE,Combined TRACON& Tower with Radar,26,36,65,37,164,0,4,33,1,38,26,40,98,38,202,32,34,66,268
08/31/2007,MAF,TX,ASW,CE,Combined TRACON& Tower with Radar,32,45,47,77,201,0,3,32,5,40,32,48,79,82,241,29,98,127,368
09/01/2007,MAF,TX,ASW,CE,Combined TRACON& Tower with Radar,21,26,31,0,78,0,1,18,0,19,21,27,49,0,97,4,0,4,101
09/02/2007,MAF,TX,ASW,CE,Combined TRACON& Tower with Radar,19,23,21,13,76,0,1,13,1,15,19,24,34,14,91,2,10,12,103
09/03/2007,MAF,TX,ASW,CE,Combined TRACON& Tower with Radar,26,27,30,0,83,0,0,20,0,20,26,27,50,0,103,0,0,0,103
09/04/2007,MAF,TX,ASW,CE,Combined TRACON& Tower with Radar,28,40,41,56,165,0,2,11,1,14,28,42,52,57,179,2,37,39,218
09/05/2007,MAF,TX,ASW,CE,Combined TRACON& Tower with Radar,29,45,33,61,168,0,0,25,3,28,29,45,58,64,196,9,41,50,246
09/06/2007,MAF,TX,ASW,CE,Combined TRACON& Tower with Radar,27,44,67,27,165,0,0,27,5,32,27,44,94,32,197,0,20,20,217
09/07/2007,MAF,TX,ASW,CE,Combined TRACON& Tower with Radar,26,45,27,41,139,0,0,36,2,38,26,45,63,43,177,4,44,48,225
09/08/2007,MAF,TX,ASW,CE,Combined TRACON& Tower with Radar,18,24,36,9,87,0,0,17,0,17,18,24,53,9,104,34,14,48,152
09/09/2007,MAF,TX,ASW,CE,Combined TRACON& Tower with Radar,25,30,40,18,113,0,0,6,2,8,25,30,46,20,121,0,0,0,121
09/10/2007,MAF,TX,ASW,CE,Combined TRACON& Tower with Radar,29,30,35,12,106,0,4,8,0,12,29,34,43,12,118,0,24,24,142
09/11/2007,MAF,TX,ASW,CE,Combined TRACON& Tower with Radar,27,49,53,32,161,0,0,5,2,7,27,49,58,34,168,0,12,12,180
09/12/2007,MAF,TX,ASW,CE,Combined TRACON& Tower with Radar,26,42,48,42,158,0,6,33,1,40,26,48,81,43,198,0,152,152,350
09/13/2007,MAF,TX,ASW,CE,Combined TRACON& Tower with Radar,27,45,41,79,192,0,4,29,1,34,27,49,70,80,226,10,184,194,420
09/14/2007,MAF,TX,ASW,CE,Combined TRACON& Tower with Radar,26,38,31,33,128,0,5,35,3,43,26,43,66,36,171,36,54,90,261
09/15/2007,MAF,TX,ASW,CE,Combined TRACON& Tower with Radar,18,23,30,10,81,0,0,29,1,30,18,23,59,11,111,20,4,24,135
09/16/2007,MAF,TX,ASW,CE,Combined TRACON& Tower with Radar,27,24,25,20,96,0,0,17,0,17,27,24,42,20,113,10,2,12,125
09/17/2007,MAF,TX,ASW,CE,Combined TRACON& Tower with Radar,26,34,33,45,138,0,4,18,0,22,26,38,51,45,160,0,96,96,256
09/18/2007,MAF,TX,ASW,CE,Combined TRACON& Tower with Radar,28,40,40,26,134,0,5,37,2,44,28,45,77,28,178,6,4,10,188
09/19/2007,MAF,TX,ASW,CE,Combined TRACON& Tower with Radar,27,44,31,59,161,0,1,26,6,33,27,45,57,65,194,9,81,90,284
09/20/2007,MAF,TX,ASW,CE,Combined TRACON& Tower with Radar,27,42,50,67,186,0,3,32,2,37,27,45,82,69,223,38,64,102,325
09/21/2007,MAF,TX,ASW,CE,Combined TRACON& Tower with Radar,26,36,40,37,139,0,4,27,3,34,26,40,67,40,173,0,20,20,193
09/22/2007,MAF,TX,ASW,CE,Combined TRACON& Tower with Radar,19,21,32,18,90,0,0,24,0,24,19,21,56,18,114,6,30,36,150
09/23/2007,MAF,TX,ASW,CE,Combined TRACON& Tower with Radar,23,24,38,11,96,0,0,11,2,13,23,24,49,13,109,6,0,6,115
09/24/2007,MAF,TX,ASW,CE,Combined TRACON& Tower with Radar,26,39,32,37,134,0,4,25,4,33,26,43,57,41,167,2,30,32,199
09/25/2007,MAF,TX,ASW,CE,Combined TRACON& Tower with Radar,26,47,48,80,201,0,2,40,4,46,26,49,88,84,247,0,128,128,375
09/26/2007,MAF,TX,ASW,CE,Combined TRACON& Tower with Radar,27,37,35,34,133,0,2,38,4,44,27,39,73,38,177,25,61,86,263
09/27/2007,MAF,TX,ASW,CE,Combined TRACON& Tower with Radar,26,40,55,34,155,0,5,88,3,96,26,45,143,37,251,35,46,81,332
09/28/2007,MAF,TX,ASW,CE,Combined TRACON& Tower with Radar,27,42,31,3,103,0,1,122,0,123,27,43,153,3,226,14,10,24,250
09/29/2007,MAF,TX,ASW,CE,Combined TRACON& Tower with Radar,18,23,18,0,59,0,0,102,1,103,18,23,120,1,162,10,0,10,172
09/30/2007,MAF,TX,ASW,CE,Combined TRACON& Tower with Radar,25,25,31,1,82,0,0,142,2,144,25,25,173,3,226,4,0,4,230
10/01/2007,MAF,TX,ASW,CE,Combined TRACON& Tower with Radar,26,37,79,74,216,0,1,58,2,61,26,38,137,76,277,8,136,144,421
10/02/2007,MAF,TX,ASW,CE,Combined TRACON& Tower with Radar,26,44,42,65,177,0,0,37,2,39,26,44,79,67,216,14,208,222,438
10/03/2007,MAF,TX,ASW,CE,Combined TRACON& Tower with Radar,28,40,28,74,170,0,2,38,0,40,28,42,66,74,210,8,117,125,335
10/04/2007,MAF,TX,ASW,CE,Combined TRACON& Tower with Radar,27,47,54,33,161,0,2,36,1,39,27,49,90,34,200,52,2,54,254
10/05/2007,MAF,TX,ASW,CE,Combined TRACON& Tower with Radar,27,38,51,71,187,0,4,31,0,35,27,42,82,71,222,0,60,60,282
10/06/2007,MAF,TX,ASW,CE,Combined TRACON& Tower with Radar,19,23,33,2,77,0,0,20,0,20,19,23,53,2,97,20,14,34,131
10/07/2007,MAF,TX,ASW,CE,Combined TRACON& Tower with Radar,25,26,41,0,92,0,0,21,0,21,25,26,62,0,113,2,0,2,115
10/08/2007,MAF,TX,ASW,CE,Combined TRACON& Tower with Radar,26,37,26,1,90,0,0,29,1,30,26,37,55,2,120,8,0,8,128
10/09/2007,MAF,TX,ASW,CE,Combined TRACON& Tower with Radar,26,42,51,60,179,0,2,27,3,32,26,44,78,63,211,48,52,100,311
10/10/2007,MAF,TX,ASW,CE,Combined TRACON& Tower with Radar,30,47,57,29,163,0,3,40,3,46,30,50,97,32,209,26,14,40,249
10/11/2007,MAF,TX,ASW,CE,Combined TRACON& Tower with Radar,27,54,54,46,181,0,4,30,3,37,27,58,84,49,218,28,122,150,368
10/12/2007,MAF,TX,ASW,CE,Combined TRACON& Tower with Radar,27,42,42,38,149,0,4,38,0,42,27,46,80,38,191,0,2,2,193
10/13/2007,MAF,TX,ASW,CE,Combined TRACON& Tower with Radar,18,30,23,0,71,0,0,11,0,11,18,30,34,0,82,0,0,0,82
10/14/2007,MAF,TX,ASW,CE,Combined TRACON& Tower with Radar,24,29,45,8,106,0,0,31,1,32,24,29,76,9,138,10,4,14,152
10/15/2007,MAF,TX,ASW,CE,Combined TRACON& Tower with Radar,28,31,28,68,155,0,4,18,1,23,28,35,46,69,178,22,88,110,288
10/16/2007,MAF,TX,ASW,CE,Combined TRACON& Tower with Radar,26,37,32,57,152,0,1,8,1,10,26,38,40,58,162,0,71,71,233
10/17/2007,MAF,TX,ASW,CE,Combined TRACON& Tower with Radar,28,41,38,36,143,0,3,30,4,37,28,44,68,40,180,4,45,49,229
10/18/2007,MAF,TX,ASW,CE,Combined TRACON& Tower with Radar,29,44,59,41,173,0,4,36,2,42,29,48,95,43,215,8,84,92,307
10/19/2007,MAF,TX,ASW,CE,Combined TRACON& Tower with Radar,29,44,44,45,162,0,2,38,1,41,29,46,82,46,203,10,38,48,251
10/20/2007,MAF,TX,ASW,CE,Combined TRACON& Tower with Radar,20,24,32,0,76,0,0,18,0,18,20,24,50,0,94,18,0,18,112
10/21/2007,MAF,TX,ASW,CE,Combined TRACON& Tower with Radar,24,30,39,2,95,0,0,36,2,38,24,30,75,4,133,6,8,14,147
10/22/2007,MAF,TX,ASW,CE,Combined TRACON& Tower with Radar,27,35,21,117,200,0,3,19,2,24,27,38,40,119,224,0,97,97,321
10/23/2007,MAF,TX,ASW,CE,Combined TRACON& Tower with Radar,26,46,47,13,132,0,3,30,1,34,26,49,77,14,166,0,64,64,230
10/24/2007,MAF,TX,ASW,CE,Combined TRACON& Tower with Radar,30,40,44,71,185,0,6,36,2,44,30,46,80,73,229,3,96,99,328
10/25/2007,MAF,TX,ASW,CE,Combined TRACON& Tower with Radar,26,47,38,56,167,0,4,48,3,55,26,51,86,59,222,28,142,170,392
10/26/2007,MAF,TX,ASW,CE,Combined TRACON& Tower with Radar,26,32,66,23,147,0,3,51,3,57,26,35,117,26,204,25,22,47,251
10/27/2007,MAF,TX,ASW,CE,Combined TRACON& Tower with Radar,22,23,28,7,80,0,0,25,1,26,22,23,53,8,106,55,12,67,173
10/28/2007,MAF,TX,ASW,CE,Combined TRACON& Tower with Radar,24,28,37,15,104,0,2,22,2,26,24,30,59,17,130,11,20,31,161
10/29/2007,MAF,TX,ASW,CE,Combined TRACON& Tower with Radar,27,35,28,33,123,0,6,36,0,42,27,41,64,33,165,0,78,78,243
10/30/2007,MAF,TX,ASW,CE,Combined TRACON& Tower with Radar,29,45,47,58,179,0,4,47,1,52,29,49,94,59,231,11,5,16,247
10/31/2007,MAF,TX,ASW,CE,Combined TRACON& Tower with Radar,26,41,48,21,136,0,5,36,0,41,26,46,84,21,177,2,16,18,195
11/01/2007,MAF,TX,ASW,CE,Combined TRACON& Tower with Radar,26,51,67,40,184,0,1,50,1,52,26,52,117,41,236,32,46,78,314
11/02/2007,MAF,TX,ASW,CE,Combined TRACON& Tower with Radar,26,42,37,42,147,0,6,67,0,73,26,48,104,42,220,43,54,97,317
11/03/2007,MAF,TX,ASW,CE,Combined TRACON& Tower with Radar,17,24,27,1,69,0,0,31,3,34,17,24,58,4,103,24,0,24,127
11/04/2007,MAF,TX,ASW,CE,Combined TRACON& Tower with Radar,22,24,15,0,61,0,0,30,0,30,22,24,45,0,91,2,0,2,93
11/05/2007,MAF,TX,ASW,CE,Combined TRACON& Tower with Radar,23,40,31,22,116,0,4,48,2,54,23,44,79,24,170,6,80,86,256
11/06/2007,MAF,TX,ASW,CE,Combined TRACON& Tower with Radar,26,50,56,91,223,0,1,24,2,27,26,51,80,93,250,11,118,129,379
11/07/2007,MAF,TX,ASW,CE,Combined TRACON& Tower with Radar,25,46,56,54,181,0,4,39,7,50,25,50,95,61,231,10,96,106,337
11/08/2007,MAF,TX,ASW,CE,Combined TRACON& Tower with Radar,27,43,36,49,155,0,4,54,2,60,27,47,90,51,215,8,114,122,337
11/09/2007,MAF,TX,ASW,CE,Combined TRACON& Tower with Radar,25,46,45,51,167,0,5,33,3,41,25,51,78,54,208,20,82,102,310
11/10/2007,MAF,TX,ASW,CE,Combined TRACON& Tower with Radar,22,26,29,0,77,0,1,28,0,29,22,27,57,0,106,0,0,0,106
11/11/2007,MAF,TX,ASW,CE,Combined TRACON& Tower with Radar,23,30,56,7,116,0,0,26,1,27,23,30,82,8,143,6,14,20,163
11/12/2007,MAF,TX,ASW,CE,Combined TRACON& Tower with Radar,26,36,39,4,105,0,0,31,0,31,26,36,70,4,136,26,0,26,162
11/13/2007,MAF,TX,ASW,CE,Combined TRACON& Tower with Radar,25,49,46,55,175,0,1,27,2,30,25,50,73,57,205,0,14,14,219
11/14/2007,MAF,TX,ASW,CE,Combined TRACON& Tower with Radar,28,56,85,22,191,0,5,34,0,39,28,61,119,22,230,16,48,64,294
11/15/2007,MAF,TX,ASW,CE,Combined TRACON& Tower with Radar,26,41,59,25,151,0,4,55,2,61,26,45,114,27,212,34,52,86,298
11/16/2007,MAF,TX,ASW,CE,Combined TRACON& Tower with Radar,26,48,57,58,189,0,4,46,5,55,26,52,103,63,244,2,26,28,272
11/17/2007,MAF,TX,ASW,CE,Combined TRACON& Tower with Radar,19,24,21,0,64,0,0,27,0,27,19,24,48,0,91,26,12,38,129
11/18/2007,MAF,TX,ASW,CE,Combined TRACON& Tower with Radar,24,31,43,0,98,0,0,37,0,37,24,31,80,0,135,4,0,4,139
11/19/2007,MAF,TX,ASW,CE,Combined TRACON& Tower with Radar,25,34,37,33,129,0,3,26,6,35,25,37,63,39,164,6,109,115,279
11/20/2007,MAF,TX,ASW,CE,Combined TRACON& Tower with Radar,23,44,51,31,149,0,4,36,1,41,23,48,87,32,190,42,22,64,254
11/21/2007,MAF,TX,ASW,CE,Combined TRACON& Tower with Radar,27,46,34,40,147,0,3,32,0,35,27,49,66,40,182,5,84,89,271
11/22/2007,MAF,TX,ASW,CE,Combined TRACON& Tower with Radar,16,15,6,0,37,0,0,1,0,1,16,15,7,0,38,0,0,0,38
11/23/2007,MAF,TX,ASW,CE,Combined TRACON& Tower with Radar,19,34,15,1,69,0,0,5,0,5,19,34,20,1,74,7,0,7,81
11/24/2007,MAF,TX,ASW,CE,Combined TRACON& Tower with Radar,21,27,20,0,68,0,0,0,0,0,21,27,20,0,68,0,0,0,68
11/25/2007,MAF,TX,ASW,CE,Combined TRACON& Tower with Radar,22,37,23,0,82,0,0,3,0,3,22,37,26,0,85,0,0,0,85
11/26/2007,MAF,TX,ASW,CE,Combined TRACON& Tower with Radar,26,39,71,55,191,0,3,30,5,38,26,42,101,60,229,28,98,126,355
11/27/2007,MAF,TX,ASW,CE,Combined TRACON& Tower with Radar,26,40,73,103,242,0,3,41,2,46,26,43,114,105,288,18,98,116,404
11/28/2007,MAF,TX,ASW,CE,Combined TRACON& Tower with Radar,25,46,54,66,191,0,2,41,2,45,25,48,95,68,236,8,42,50,286
11/29/2007,MAF,TX,ASW,CE,Combined TRACON& Tower with Radar,24,53,65,7,149,0,4,50,0,54,24,57,115,7,203,38,18,56,259
11/30/2007,MAF,TX,ASW,CE,Combined TRACON& Tower with Radar,24,46,58,62,190,0,0,20,2,22,24,46,78,64,212,10,16,26,238
12/01/2007,MAF,TX,ASW,CE,Combined TRACON& Tower with Radar,20,21,16,0,57,0,0,3,1,4,20,21,19,1,61,0,0,0,61
12/02/2007,MAF,TX,ASW,CE,Combined TRACON& Tower with Radar,22,24,44,0,90,0,0,22,1,23,22,24,66,1,113,0,0,0,113
12/03/2007,MAF,TX,ASW,CE,Combined TRACON& Tower with Radar,25,32,41,62,160,0,4,35,3,42,25,36,76,65,202,0,10,10,212
12/04/2007,MAF,TX,ASW,CE,Combined TRACON& Tower with Radar,24,44,39,30,137,0,4,33,1,38,24,48,72,31,175,14,34,48,223
12/05/2007,MAF,TX,ASW,CE,Combined TRACON& Tower with Radar,25,46,61,49,181,0,4,51,1,56,25,50,112,50,237,15,101,116,353
12/06/2007,MAF,TX,ASW,CE,Combined TRACON& Tower with Radar,24,48,64,55,191,0,4,47,3,54,24,52,111,58,245,32,56,88,333
12/07/2007,MAF,TX,ASW,CE,Combined TRACON& Tower with Radar,26,41,68,62,197,0,5,31,2,38,26,46,99,64,235,14,68,82,317
12/08/2007,MAF,TX,ASW,CE,Combined TRACON& Tower with Radar,19,37,44,2,102,0,1,31,0,32,19,38,75,2,134,45,21,66,200
12/09/2007,MAF,TX,ASW,CE,Combined TRACON& Tower with Radar,22,38,26,2,88,0,0,0,0,0,22,38,26,2,88,0,1,1,89
12/10/2007,MAF,TX,ASW,CE,Combined TRACON& Tower with Radar,26,35,26,0,87,0,0,0,0,0,26,35,26,0,87,0,0,0,87
12/11/2007,MAF,TX,ASW,CE,Combined TRACON& Tower with Radar,24,52,55,25,156,0,1,12,1,14,24,53,67,26,170,27,28,55,225
12/12/2007,MAF,TX,ASW,CE,Combined TRACON& Tower with Radar,25,50,68,56,199,0,0,15,2,17,25,50,83,58,216,50,31,81,297
12/13/2007,MAF,TX,ASW,CE,Combined TRACON& Tower with Radar,25,49,53,26,153,0,4,53,15,72,25,53,106,41,225,66,18,84,309
12/14/2007,MAF,TX,ASW,CE,Combined TRACON& Tower with Radar,26,48,40,19,133,0,0,13,0,13,26,48,53,19,146,8,0,8,154
12/15/2007,MAF,TX,ASW,CE,Combined TRACON& Tower with Radar,22,26,43,27,118,0,0,30,0,30,22,26,73,27,148,38,10,48,196
12/16/2007,MAF,TX,ASW,CE,Combined TRACON& Tower with Radar,21,29,40,12,102,0,0,23,2,25,21,29,63,14,127,4,0,4,131
12/17/2007,MAF,TX,ASW,CE,Combined TRACON& Tower with Radar,24,32,48,16,120,10,4,24,4,42,34,36,72,20,162,18,12,30,192
12/18/2007,MAF,TX,ASW,CE,Combined TRACON& Tower with Radar,25,43,44,34,146,0,4,46,4,54,25,47,90,38,200,6,34,40,240
12/19/2007,MAF,TX,ASW,CE,Combined TRACON& Tower with Radar,24,45,63,57,189,0,7,35,2,44,24,52,98,59,233,7,44,51,284
12/20/2007,MAF,TX,ASW,CE,Combined TRACON& Tower with Radar,25,41,58,44,168,0,4,41,10,55,25,45,99,54,223,43,36,79,302
12/21/2007,MAF,TX,ASW,CE,Combined TRACON& Tower with Radar,24,38,45,32,139,0,4,38,1,43,24,42,83,33,182,32,51,83,265
12/22/2007,MAF,TX,ASW,CE,Combined TRACON& Tower with Radar,22,32,31,0,85,0,2,13,0,15,22,34,44,0,100,0,0,0,100
12/23/2007,MAF,TX,ASW,CE,Combined TRACON& Tower with Radar,23,23,28,0,74,0,0,24,0,24,23,23,52,0,98,0,0,0,98
12/24/2007,MAF,TX,ASW,CE,Combined TRACON& Tower with Radar,17,20,19,0,56,0,7,27,0,34,17,27,46,0,90,0,0,0,90
12/25/2007,MAF,TX,ASW,CE,Combined TRACON& Tower with Radar,16,22,6,0,44,0,0,7,0,7,16,22,13,0,51,0,0,0,51
12/26/2007,MAF,TX,ASW,CE,Combined TRACON& Tower with Radar,25,29,28,0,82,0,3,24,1,28,25,32,52,1,110,7,3,10,120
12/27/2007,MAF,TX,ASW,CE,Combined TRACON& Tower with Radar,24,38,31,0,93,0,4,33,0,37,24,42,64,0,130,2,0,2,132
12/28/2007,MAF,TX,ASW,CE,Combined TRACON& Tower with Radar,25,37,33,0,95,0,4,51,2,57,25,41,84,2,152,4,0,4,156
12/29/2007,MAF,TX,ASW,CE,Combined TRACON& Tower with Radar,15,22,35,0,72,0,2,17,0,19,15,24,52,0,91,35,14,49,140
12/30/2007,MAF,TX,ASW,CE,Combined TRACON& Tower with Radar,36,29,31,0,96,0,1,22,0,23,36,30,53,0,119,16,0,16,135
12/31/2007,MAF,TX,ASW,CE,Combined TRACON& Tower with Radar,17,26,11,0,54,0,4,19,0,23,17,30,30,0,77,6,0,6,83
01/01/2008,MAF,TX,ASW,CE,Combined TRACON& Tower with Radar,14,23,26,0,63,0,0,13,0,13,14,23,39,0,76,0,0,0,76
01/02/2008,MAF,TX,ASW,CE,Combined TRACON& Tower with Radar,25,35,22,0,82,0,4,34,0,38,25,39,56,0,120,12,0,12,132
01/03/2008,MAF,TX,ASW,CE,Combined TRACON& Tower with Radar,24,33,29,24,110,0,5,46,0,51,24,38,75,24,161,6,80,86,247
01/04/2008,MAF,TX,ASW,CE,Combined TRACON& Tower with Radar,28,38,39,52,157,0,3,31,0,34,28,41,70,52,191,23,96,119,310
01/05/2008,MAF,TX,ASW,CE,Combined TRACON& Tower with Radar,20,26,55,0,101,0,0,21,0,21,20,26,76,0,122,26,0,26,148
01/06/2008,MAF,TX,ASW,CE,Combined TRACON& Tower with Radar,24,23,20,0,67,0,0,15,0,15,24,23,35,0,82,0,0,0,82
01/07/2008,MAF,TX,ASW,CE,Combined TRACON& Tower with Radar,24,34,27,67,152,0,4,27,6,37,24,38,54,73,189,33,67,100,289
01/08/2008,MAF,TX,ASW,CE,Combined TRACON& Tower with Radar,24,35,47,72,178,0,5,41,5,51,24,40,88,77,229,12,98,110,339
01/09/2008,MAF,TX,ASW,CE,Combined TRACON& Tower with Radar,24,35,72,64,195,0,3,28,5,36,24,38,100,69,231,21,152,173,404
01/10/2008,MAF,TX,ASW,CE,Combined TRACON& Tower with Radar,24,43,34,61,162,0,4,32,6,42,24,47,66,67,204,16,28,44,248
01/11/2008,MAF,TX,ASW,CE,Combined TRACON& Tower with Radar,24,40,50,101,215,0,2,32,5,39,24,42,82,106,254,8,184,192,446
01/12/2008,MAF,TX,ASW,CE,Combined TRACON& Tower with Radar,20,24,20,4,68,0,0,23,0,23,20,24,43,4,91,8,16,24,115
01/13/2008,MAF,TX,ASW,CE,Combined TRACON& Tower with Radar,22,25,42,2,91,0,1,23,0,24,22,26,65,2,115,12,0,12,127
01/14/2008,MAF,TX,ASW,CE,Combined TRACON& Tower with Radar,24,32,24,74,154,0,4,29,2,35,24,36,53,76,189,12,148,160,349
01/15/2008,MAF,TX,ASW,CE,Combined TRACON& Tower with Radar,24,35,62,95,216,0,3,29,5,37,24,38,91,100,253,0,63,63,316
01/16/2008,MAF,TX,ASW,CE,Combined TRACON& Tower with Radar,25,39,46,93,203,0,5,20,3,28,25,44,66,96,231,5,237,242,473
01/17/2008,MAF,TX,ASW,CE,Combined TRACON& Tower with Radar,26,40,38,21,125,0,5,17,0,22,26,45,55,21,147,1,56,57,204
01/18/2008,MAF,TX,ASW,CE,Combined TRACON& Tower with Radar,27,40,90,98,255,0,4,26,5,35,27,44,116,103,290,50,126,176,466
01/19/2008,MAF,TX,ASW,CE,Combined TRACON& Tower with Radar,14,21,28,21,84,0,0,24,0,24,14,21,52,21,108,22,12,34,142
01/20/2008,MAF,TX,ASW,CE,Combined TRACON& Tower with Radar,22,30,20,9,81,0,1,9,3,13,22,31,29,12,94,0,0,0,94
01/21/2008,MAF,TX,ASW,CE,Combined TRACON& Tower with Radar,28,31,28,6,93,0,0,16,2,18,28,31,44,8,111,2,4,6,117
01/22/2008,MAF,TX,ASW,CE,Combined TRACON& Tower with Radar,24,42,44,11,121,0,0,0,0,0,24,42,44,11,121,2,0,2,123
01/23/2008,MAF,TX,ASW,CE,Combined TRACON& Tower with Radar,25,46,64,69,204,0,0,12,0,12,25,46,76,69,216,5,47,52,268
01/24/2008,MAF,TX,ASW,CE,Combined TRACON& Tower with Radar,25,42,46,5,118,0,4,8,0,12,25,46,54,5,130,4,10,14,144
01/25/2008,MAF,TX,ASW,CE,Combined TRACON& Tower with Radar,24,40,33,37,134,0,2,9,4,15,24,42,42,41,149,4,16,20,169
01/26/2008,MAF,TX,ASW,CE,Combined TRACON& Tower with Radar,13,24,35,27,99,0,0,22,6,28,13,24,57,33,127,4,20,24,151
01/27/2008,MAF,TX,ASW,CE,Combined TRACON& Tower with Radar,21,25,42,3,91,0,0,27,3,30,21,25,69,6,121,0,0,0,121
01/28/2008,MAF,TX,ASW,CE,Combined TRACON& Tower with Radar,26,35,32,44,137,0,3,24,3,30,26,38,56,47,167,4,102,106,273
01/29/2008,MAF,TX,ASW,CE,Combined TRACON& Tower with Radar,23,37,35,38,133,0,3,17,8,28,23,40,52,46,161,0,10,10,171
01/30/2008,MAF,TX,ASW,CE,Combined TRACON& Tower with Radar,26,37,61,31,155,0,5,34,1,40,26,42,95,32,195,34,32,66,261
01/31/2008,MAF,TX,ASW,CE,Combined TRACON& Tower with Radar,20,49,48,33,150,0,4,22,4,30,20,53,70,37,180,20,26,46,226
02/01/2008,MAF,TX,ASW,CE,Combined TRACON& Tower with Radar,25,41,62,66,194,0,2,35,2,39,25,43,97,68,233,7,105,112,345
02/02/2008,MAF,TX,ASW,CE,Combined TRACON& Tower with Radar,16,24,41,0,81,0,0,39,0,39,16,24,80,0,120,16,0,16,136
02/03/2008,MAF,TX,ASW,CE,Combined TRACON& Tower with Radar,22,25,31,0,78,0,0,25,4,29,22,25,56,4,107,16,0,16,123
02/04/2008,MAF,TX,ASW,CE,Combined TRACON& Tower with Radar,25,31,44,80,180,0,4,26,2,32,25,35,70,82,212,10,85,95,307
02/05/2008,MAF,TX,ASW,CE,Combined TRACON& Tower with Radar,22,40,47,65,174,0,4,21,0,25,22,44,68,65,199,1,3,4,203
02/06/2008,MAF,TX,ASW,CE,Combined TRACON& Tower with Radar,23,36,57,75,191,0,2,33,0,35,23,38,90,75,226,23,95,118,344
02/07/2008,MAF,TX,ASW,CE,Combined TRACON& Tower with Radar,23,45,58,67,193,0,4,48,10,62,23,49,106,77,255,28,144,172,427
02/08/2008,MAF,TX,ASW,CE,Combined TRACON& Tower with Radar,24,40,61,58,183,0,5,45,0,50,24,45,106,58,233,18,38,56,289
02/09/2008,MAF,TX,ASW,CE,Combined TRACON& Tower with Radar,14,22,26,2,64,0,0,31,0,31,14,22,57,2,95,44,0,44,139
02/10/2008,MAF,TX,ASW,CE,Combined TRACON& Tower with Radar,22,26,40,30,118,0,0,20,0,20,22,26,60,30,138,10,4,14,152
02/11/2008,MAF,TX,ASW,CE,Combined TRACON& Tower with Radar,24,38,50,43,155,0,4,22,1,27,24,42,72,44,182,8,36,44,226
02/12/2008,MAF,TX,ASW,CE,Combined TRACON& Tower with Radar,24,39,85,101,249,0,4,31,9,44,24,43,116,110,293,15,175,190,483
02/13/2008,MAF,TX,ASW,CE,Combined TRACON& Tower with Radar,23,44,75,68,210,0,6,38,2,46,23,50,113,70,256,17,95,112,368
02/14/2008,MAF,TX,ASW,CE,Combined TRACON& Tower with Radar,26,41,57,30,154,0,5,28,4,37,26,46,85,34,191,6,50,56,247
02/15/2008,MAF,TX,ASW,CE,Combined TRACON& Tower with Radar,24,44,45,86,199,0,2,6,0,8,24,46,51,86,207,4,52,56,263
02/16/2008,MAF,TX,ASW,CE,Combined TRACON& Tower with Radar,22,23,13,0,58,0,0,0,0,0,22,23,13,0,58,0,0,0,58
02/17/2008,MAF,TX,ASW,CE,Combined TRACON& Tower with Radar,23,23,41,20,107,0,4,21,0,25,23,27,62,20,132,0,6,6,138
02/18/2008,MAF,TX,ASW,CE,Combined TRACON& Tower with Radar,24,35,48,10,117,0,4,35,0,39,24,39,83,10,156,4,0,4,160
02/19/2008,MAF,TX,ASW,CE,Combined TRACON& Tower with Radar,24,43,45,108,220,0,5,38,3,46,24,48,83,111,266,28,68,96,362
02/20/2008,MAF,TX,ASW,CE,Combined TRACON& Tower with Radar,26,41,75,77,219,0,4,45,4,53,26,45,120,81,272,8,54,62,334
02/21/2008,MAF,TX,ASW,CE,Combined TRACON& Tower with Radar,22,45,79,90,236,0,5,25,0,30,22,50,104,90,266,36,175,211,477
02/22/2008,MAF,TX,ASW,CE,Combined TRACON& Tower with Radar,25,40,47,159,271,0,8,31,1,40,25,48,78,160,311,4,224,228,539
02/23/2008,MAF,TX,ASW,CE,Combined TRACON& Tower with Radar,14,23,22,37,96,0,2,20,0,22,14,25,42,37,118,0,14,14,132
02/24/2008,MAF,TX,ASW,CE,Combined TRACON& Tower with Radar,23,25,36,61,145,0,5,26,0,31,23,30,62,61,176,18,16,34,210
02/25/2008,MAF,TX,ASW,CE,Combined TRACON& Tower with Radar,24,41,28,43,136,0,7,17,3,27,24,48,45,46,163,0,72,72,235
02/26/2008,MAF,TX,ASW,CE,Combined TRACON& Tower with Radar,26,44,34,12,116,0,5,22,0,27,26,49,56,12,143,2,0,2,145
02/27/2008,MAF,TX,ASW,CE,Combined TRACON& Tower with Radar,24,38,74,6,142,0,6,42,0,48,24,44,116,6,190,33,5,38,228
02/28/2008,MAF,TX,ASW,CE,Combined TRACON& Tower with Radar,23,38,66,21,148,0,3,35,1,39,23,41,101,22,187,46,8,54,241
02/29/2008,MAF,TX,ASW,CE,Combined TRACON& Tower with Radar,24,38,52,76,190,0,5,27,2,34,24,43,79,78,224,31,48,79,303
03/01/2008,MAF,TX,ASW,CE,Combined TRACON& Tower with Radar,14,24,35,12,85,0,0,19,2,21,14,24,54,14,106,6,0,6,112
03/02/2008,MAF,TX,ASW,CE,Combined TRACON& Tower with Radar,22,28,33,20,103,0,3,13,2,18,22,31,46,22,121,0,0,0,121
03/03/2008,MAF,TX,ASW,CE,Combined TRACON& Tower with Radar,26,36,22,3,87,0,5,4,3,12,26,41,26,6,99,0,0,0,99
03/04/2008,MAF,TX,ASW,CE,Combined TRACON& Tower with Radar,22,40,37,103,202,0,4,33,4,41,22,44,70,107,243,4,142,146,389
03/05/2008,MAF,TX,ASW,CE,Combined TRACON& Tower with Radar,24,40,29,55,148,0,3,22,3,28,24,43,51,58,176,19,125,144,320
03/06/2008,MAF,TX,ASW,CE,Combined TRACON& Tower with Radar,24,39,73,90,226,0,1,13,2,16,24,40,86,92,242,0,132,132,374
03/07/2008,MAF,TX,ASW,CE,Combined TRACON& Tower with Radar,24,46,26,72,168,0,3,56,2,61,24,49,82,74,229,32,94,126,355
03/08/2008,MAF,TX,ASW,CE,Combined TRACON& Tower with Radar,17,22,28,2,69,0,0,25,1,26,17,22,53,3,95,32,0,32,127
03/09/2008,MAF,TX,ASW,CE,Combined TRACON& Tower with Radar,20,28,26,4,78,0,0,27,1,28,20,28,53,5,106,34,0,34,140
03/10/2008,MAF,TX,ASW,CE,Combined TRACON& Tower with Radar,23,36,29,27,115,0,5,21,3,29,23,41,50,30,144,12,62,74,218
03/11/2008,MAF,TX,ASW,CE,Combined TRACON& Tower with Radar,23,35,31,32,121,0,7,34,2,43,23,42,65,34,164,22,24,46,210
03/12/2008,MAF,TX,ASW,CE,Combined TRACON& Tower with Radar,26,37,58,33,154,0,2,39,3,44,26,39,97,36,198,25,74,99,297
03/13/2008,MAF,TX,ASW,CE,Combined TRACON& Tower with Radar,27,39,65,88,219,0,2,30,2,34,27,41,95,90,253,2,149,151,404
03/14/2008,MAF,TX,ASW,CE,Combined TRACON& Tower with Radar,23,26,47,35,131,0,27,19,3,49,23,53,66,38,180,16,59,75,255
03/15/2008,MAF,TX,ASW,CE,Combined TRACON& Tower with Radar,17,28,70,0,115,0,2,31,0,33,17,30,101,0,148,4,0,4,152
03/16/2008,MAF,TX,ASW,CE,Combined TRACON& Tower with Radar,23,27,36,4,90,0,3,19,0,22,23,30,55,4,112,0,0,0,112
03/17/2008,MAF,TX,ASW,CE,Combined TRACON& Tower with Radar,26,34,33,146,239,0,3,14,7,24,26,37,47,153,263,10,36,46,309
03/18/2008,MAF,TX,ASW,CE,Combined TRACON& Tower with Radar,34,30,26,55,145,0,0,8,2,10,34,30,34,57,155,26,46,72,227
03/19/2008,MAF,TX,ASW,CE,Combined TRACON& Tower with Radar,25,39,59,77,200,0,4,36,3,43,25,43,95,80,243,20,162,182,425
03/20/2008,MAF,TX,ASW,CE,Combined TRACON& Tower with Radar,25,39,39,36,139,0,2,45,0,47,25,41,84,36,186,10,40,50,236
03/21/2008,MAF,TX,ASW,CE,Combined TRACON& Tower with Radar,29,42,22,39,132,0,6,27,1,34,29,48,49,40,166,2,88,90,256
03/22/2008,MAF,TX,ASW,CE,Combined TRACON& Tower with Radar,16,30,32,2,80,0,3,39,2,44,16,33,71,4,124,34,4,38,162
03/23/2008,MAF,TX,ASW,CE,Combined TRACON& Tower with Radar,20,28,31,0,79,0,0,1,0,1,20,28,32,0,80,0,0,0,80
03/24/2008,MAF,TX,ASW,CE,Combined TRACON& Tower with Radar,29,35,40,40,144,0,4,32,2,38,29,39,72,42,182,40,28,68,250
03/25/2008,MAF,TX,ASW,CE,Combined TRACON& Tower with Radar,22,38,65,40,165,0,5,37,2,44,22,43,102,42,209,0,66,66,275
03/26/2008,MAF,TX,ASW,CE,Combined TRACON& Tower with Radar,25,49,70,91,235,0,2,31,6,39,25,51,101,97,274,25,98,123,397
03/27/2008,MAF,TX,ASW,CE,Combined TRACON& Tower with Radar,24,51,53,58,186,0,5,29,2,36,24,56,82,60,222,12,62,74,296
03/28/2008,MAF,TX,ASW,CE,Combined TRACON& Tower with Radar,24,48,62,53,187,0,2,24,2,28,24,50,86,55,215,42,4,46,261
03/29/2008,MAF,TX,ASW,CE,Combined TRACON& Tower with Radar,18,29,35,7,89,0,2,6,0,8,18,31,41,7,97,4,0,4,101
03/30/2008,MAF,TX,ASW,CE,Combined TRACON& Tower with Radar,19,22,39,9,89,0,4,25,0,29,19,26,64,9,118,14,0,14,132
03/31/2008,MAF,TX,ASW,CE,Combined TRACON& Tower with Radar,25,31,42,104,202,0,6,23,2,31,25,37,65,106,233,0,152,152,385
04/01/2008,MAF,TX,ASW,CE,Combined TRACON& Tower with Radar,26,38,76,89,229,0,5,23,2,30,26,43,99,91,259,2,48,50,309
04/02/2008,MAF,TX,ASW,CE,Combined TRACON& Tower with Radar,24,41,64,123,252,0,1,20,0,21,24,42,84,123,273,20,54,74,347
04/03/2008,MAF,TX,ASW,CE,Combined TRACON& Tower with Radar,24,42,46,168,280,0,3,20,2,25,24,45,66,170,305,0,122,122,427
04/04/2008,MAF,TX,ASW,CE,Combined TRACON& Tower with Radar,27,48,60,53,188,0,4,43,2,49,27,52,103,55,237,14,36,50,287
04/05/2008,MAF,TX,ASW,CE,Combined TRACON& Tower with Radar,16,23,13,4,56,0,0,21,4,25,16,23,34,8,81,10,0,10,91
04/06/2008,MAF,TX,ASW,CE,Combined TRACON& Tower with Radar,21,28,27,34,110,0,3,29,7,39,21,31,56,41,149,3,22,25,174
04/07/2008,MAF,TX,ASW,CE,Combined TRACON& Tower with Radar,26,33,44,87,190,0,2,34,3,39,26,35,78,90,229,8,202,210,439
04/08/2008,MAF,TX,ASW,CE,Combined TRACON& Tower with Radar,25,45,38,106,214,0,6,30,4,40,25,51,68,110,254,15,157,172,426
04/09/2008,MAF,TX,ASW,CE,Combined TRACON& Tower with Radar,25,51,56,61,193,0,2,19,1,22,25,53,75,62,215,7,66,73,288
04/10/2008,MAF,TX,ASW,CE,Combined TRACON& Tower with Radar,23,47,51,20,141,0,2,12,0,14,23,49,63,20,155,2,18,20,175
04/11/2008,MAF,TX,ASW,CE,Combined TRACON& Tower with Radar,24,41,68,77,210,0,5,28,7,40,24,46,96,84,250,30,60,90,340
04/12/2008,MAF,TX,ASW,CE,Combined TRACON& Tower with Radar,16,25,33,8,82,0,2,28,8,38,16,27,61,16,120,4,0,4,124
04/13/2008,MAF,TX,ASW,CE,Combined TRACON& Tower with Radar,20,28,37,15,100,0,4,24,1,29,20,32,61,16,129,0,0,0,129
04/14/2008,MAF,TX,ASW,CE,Combined TRACON& Tower with Radar,25,38,56,66,185,0,6,37,7,50,25,44,93,73,235,12,38,50,285
04/15/2008,MAF,TX,ASW,CE,Combined TRACON& Tower with Radar,27,53,71,89,240,0,4,33,1,38,27,57,104,90,278,12,102,114,392
04/16/2008,MAF,TX,ASW,CE,Combined TRACON& Tower with Radar,24,55,79,72,230,0,4,32,3,39,24,59,111,75,269,3,77,80,349
04/17/2008,MAF,TX,ASW,CE,Combined TRACON& Tower with Radar,31,44,52,31,158,0,4,21,1,26,31,48,73,32,184,0,38,38,222
04/18/2008,MAF,TX,ASW,CE,Combined TRACON& Tower with Radar,25,44,45,10,124,0,6,38,2,46,25,50,83,12,170,19,8,27,197
04/19/2008,MAF,TX,ASW,CE,Combined TRACON& Tower with Radar,16,24,29,14,83,0,2,29,2,33,16,26,58,16,116,4,6,10,126
04/20/2008,MAF,TX,ASW,CE,Combined TRACON& Tower with Radar,19,26,40,9,94,0,0,17,0,17,19,26,57,9,111,0,0,0,111
04/21/2008,MAF,TX,ASW,CE,Combined TRACON& Tower with Radar,25,41,84,87,237,0,4,27,2,33,25,45,111,89,270,20,135,155,425
04/22/2008,MAF,TX,ASW,CE,Combined TRACON& Tower with Radar,25,51,44,44,164,0,4,19,3,26,25,55,63,47,190,20,60,80,270
04/23/2008,MAF,TX,ASW,CE,Combined TRACON& Tower with Radar,26,42,75,20,163,0,2,15,1,18,26,44,90,21,181,6,23,29,210
04/24/2008,MAF,TX,ASW,CE,Combined TRACON& Tower with Radar,24,39,51,21,135,0,5,29,3,37,24,44,80,24,172,22,0,22,194
04/25/2008,MAF,TX,ASW,CE,Combined TRACON& Tower with Radar,25,42,53,132,252,0,4,30,9,43,25,46,83,141,295,38,160,198,493
04/26/2008,MAF,TX,ASW,CE,Combined TRACON& Tower with Radar,16,22,37,3,78,0,2,31,0,33,16,24,68,3,111,12,0,12,123
04/27/2008,MAF,TX,ASW,CE,Combined TRACON& Tower with Radar,20,25,37,72,154,0,1,1,1,3,20,26,38,73,157,0,0,0,157
04/28/2008,MAF,TX,ASW,CE,Combined TRACON& Tower with Radar,25,34,53,42,154,0,6,26,1,33,25,40,79,43,187,22,8,30,217
04/29/2008,MAF,TX,ASW,CE,Combined TRACON& Tower with Radar,26,40,59,55,180,0,4,29,0,33,26,44,88,55,213,35,52,87,300
04/30/2008,MAF,TX,ASW,CE,Combined TRACON& Tower with Radar,24,38,50,27,139,1,4,32,3,40,25,42,82,30,179,3,60,63,242
05/01/2008,MAF,TX,ASW,CE,Combined TRACON& Tower with Radar,27,29,40,42,138,0,4,28,1,33,27,33,68,43,171,0,80,80,251
05/02/2008,MAF,TX,ASW,CE,Combined TRACON& Tower with Radar,24,41,45,79,189,0,5,28,1,34,24,46,73,80,223,33,48,81,304
05/03/2008,MAF,TX,ASW,CE,Combined TRACON& Tower with Radar,17,20,28,1,66,0,2,0,0,2,17,22,28,1,68,0,0,0,68
05/04/2008,MAF,TX,ASW,CE,Combined TRACON& Tower with Radar,20,23,27,18,88,0,2,20,0,22,20,25,47,18,110,2,0,2,112
05/05/2008,MAF,TX,ASW,CE,Combined TRACON& Tower with Radar,25,36,46,16,123,0,2,5,0,7,25,38,51,16,130,0,14,14,144
05/06/2008,MAF,TX,ASW,CE,Combined TRACON& Tower with Radar,24,47,56,75,202,0,2,12,0,14,24,49,68,75,216,0,26,26,242
05/07/2008,MAF,TX,ASW,CE,Combined TRACON& Tower with Radar,24,42,45,23,134,0,3,19,5,27,24,45,64,28,161,4,46,50,211
05/08/2008,MAF,TX,ASW,CE,Combined TRACON& Tower with Radar,24,36,58,2,120,0,4,33,2,39,24,40,91,4,159,0,0,0,159
05/09/2008,MAF,TX,ASW,CE,Combined TRACON& Tower with Radar,24,45,54,14,137,0,4,25,1,30,24,49,79,15,167,20,0,20,187
05/10/2008,MAF,TX,ASW,CE,Combined TRACON& Tower with Radar,15,22,37,30,104,0,0,21,4,25,15,22,58,34,129,4,0,4,133
05/11/2008,MAF,TX,ASW,CE,Combined TRACON& Tower with Radar,20,24,7,1,52,0,1,31,1,33,20,25,38,2,85,0,0,0,85
05/12/2008,MAF,TX,ASW,CE,Combined TRACON& Tower with Radar,22,43,57,47,169,0,5,26,1,32,22,48,83,48,201,0,0,0,201
05/13/2008,MAF,TX,ASW,CE,Combined TRACON& Tower with Radar,24,54,54,91,223,0,3,27,3,33,24,57,81,94,256,0,90,90,346
05/14/2008,MAF,TX,ASW,CE,Combined TRACON& Tower with Radar,25,47,42,73,187,0,3,19,3,25,25,50,61,76,212,0,62,62,274
05/15/2008,MAF,TX,ASW,CE,Combined TRACON& Tower with Radar,23,47,88,88,246,0,2,29,2,33,23,49,117,90,279,12,152,164,443
05/16/2008,MAF,TX,ASW,CE,Combined TRACON& Tower with Radar,26,38,41,77,182,0,3,40,0,43,26,41,81,77,225,12,225,237,462
05/17/2008,MAF,TX,ASW,CE,Combined TRACON& Tower with Radar,16,30,30,3,79,0,2,25,3,30,16,32,55,6,109,0,0,0,109
05/18/2008,MAF,TX,ASW,CE,Combined TRACON& Tower with Radar,22,29,27,7,85,0,0,39,0,39,22,29,66,7,124,0,0,0,124
05/19/2008,MAF,TX,ASW,CE,Combined TRACON& Tower with Radar,21,43,40,57,161,0,6,31,0,37,21,49,71,57,198,0,0,0,198
05/20/2008,MAF,TX,ASW,CE,Combined TRACON& Tower with Radar,22,43,40,71,176,0,3,26,0,29,22,46,66,71,205,6,74,80,285
05/21/2008,MAF,TX,ASW,CE,Combined TRACON& Tower with Radar,24,46,63,92,225,0,6,46,3,55,24,52,109,95,280,12,58,70,350
05/22/2008,MAF,TX,ASW,CE,Combined TRACON& Tower with Radar,23,44,40,0,107,0,4,14,0,18,23,48,54,0,125,0,0,0,125
05/23/2008,MAF,TX,ASW,CE,Combined TRACON& Tower with Radar,28,51,54,78,211,0,5,34,1,40,28,56,88,79,251,20,96,116,367
05/24/2008,MAF,TX,ASW,CE,Combined TRACON& Tower with Radar,16,25,21,0,62,0,2,19,1,22,16,27,40,1,84,16,0,16,100
05/25/2008,MAF,TX,ASW,CE,Combined TRACON& Tower with Radar,16,21,14,3,54,0,2,6,0,8,16,23,20,3,62,0,0,0,62
05/26/2008,MAF,TX,ASW,CE,Combined TRACON& Tower with Radar,19,28,59,2,108,0,2,0,0,2,19,30,59,2,110,2,3,5,115
05/27/2008,MAF,TX,ASW,CE,Combined TRACON& Tower with Radar,22,44,42,103,211,0,3,18,1,22,22,47,60,104,233,0,58,58,291
05/28/2008,MAF,TX,ASW,CE,Combined TRACON& Tower with Radar,22,45,44,61,172,0,6,23,2,31,22,51,67,63,203,0,34,34,237
05/29/2008,MAF,TX,ASW,CE,Combined TRACON& Tower with Radar,22,38,51,39,150,0,6,23,1,30,22,44,74,40,180,0,6,6,186
05/30/2008,MAF,TX,ASW,CE,Combined TRACON& Tower with Radar,22,40,48,51,161,0,6,13,0,19,22,46,61,51,180,27,42,69,249
05/31/2008,MAF,TX,ASW,CE,Combined TRACON& Tower with Radar,17,25,29,2,73,0,2,27,0,29,17,27,56,2,102,10,0,10,112
06/01/2008,MAF,TX,ASW,CE,Combined TRACON& Tower with Radar,21,25,39,2,87,0,2,11,2,15,21,27,50,4,102,0,0,0,102
06/02/2008,MAF,TX,ASW,CE,Combined TRACON& Tower with Radar,24,43,30,79,176,0,5,26,1,32,24,48,56,80,208,0,46,46,254
06/03/2008,MAF,TX,ASW,CE,Combined TRACON& Tower with Radar,22,44,27,67,160,0,3,23,0,26,22,47,50,67,186,12,134,146,332
06/04/2008,MAF,TX,ASW,CE,Combined TRACON& Tower with Radar,23,56,56,39,174,0,7,18,3,28,23,63,74,42,202,2,60,62,264
06/05/2008,MAF,TX,ASW,CE,Combined TRACON& Tower with Radar,26,45,32,9,112,0,5,15,2,22,26,50,47,11,134,0,0,0,134
06/06/2008,MAF,TX,ASW,CE,Combined TRACON& Tower with Radar,22,50,41,81,194,0,4,39,1,44,22,54,80,82,238,52,136,188,426
06/07/2008,MAF,TX,ASW,CE,Combined TRACON& Tower with Radar,18,23,18,0,59,0,0,12,0,12,18,23,30,0,71,0,0,0,71
06/08/2008,MAF,TX,ASW,CE,Combined TRACON& Tower with Radar,20,34,28,13,95,0,2,12,4,18,20,36,40,17,113,6,0,6,119
06/09/2008,MAF,TX,ASW,CE,Combined TRACON& Tower with Radar,29,42,31,50,152,0,4,28,1,33,29,46,59,51,185,0,0,0,185
06/10/2008,MAF,TX,ASW,CE,Combined TRACON& Tower with Radar,24,48,44,73,189,0,6,26,5,37,24,54,70,78,226,20,132,152,378
06/11/2008,MAF,TX,ASW,CE,Combined TRACON& Tower with Radar,25,48,40,47,160,0,4,45,0,49,25,52,85,47,209,24,104,128,337
06/12/2008,MAF,TX,ASW,CE,Combined TRACON& Tower with Radar,23,50,61,40,174,0,4,27,10,41,23,54,88,50,215,34,56,90,305
06/13/2008,MAF,TX,ASW,CE,Combined TRACON& Tower with Radar,23,43,51,44,161,0,5,21,1,27,23,48,72,45,188,8,98,106,294
06/14/2008,MAF,TX,ASW,CE,Combined TRACON& Tower with Radar,22,19,35,0,76,0,2,21,2,25,22,21,56,2,101,0,0,0,101
06/15/2008,MAF,TX,ASW,CE,Combined TRACON& Tower with Radar,20,29,34,2,85,0,0,20,0,20,20,29,54,2,105,0,0,0,105
06/16/2008,MAF,TX,ASW,CE,Combined TRACON& Tower with Radar,21,48,43,49,161,0,4,28,7,39,21,52,71,56,200,0,76,76,276
06/17/2008,MAF,TX,ASW,CE,Combined TRACON& Tower with Radar,23,42,62,22,149,0,4,23,1,28,23,46,85,23,177,10,68,78,255
06/18/2008,MAF,TX,ASW,CE,Combined TRACON& Tower with Radar,24,56,61,55,196,0,4,33,1,38,24,60,94,56,234,94,94,188,422
06/19/2008,MAF,TX,ASW,CE,Combined TRACON& Tower with Radar,25,46,38,44,153,0,2,26,1,29,25,48,64,45,182,26,72,98,280
06/20/2008,MAF,TX,ASW,CE,Combined TRACON& Tower with Radar,22,48,33,44,147,0,5,26,0,31,22,53,59,44,178,17,18,35,213
06/21/2008,MAF,TX,ASW,CE,Combined TRACON& Tower with Radar,16,25,28,9,78,0,2,17,0,19,16,27,45,9,97,6,4,10,107
06/22/2008,MAF,TX,ASW,CE,Combined TRACON& Tower with Radar,22,31,43,9,105,0,2,26,0,28,22,33,69,9,133,0,0,0,133
06/23/2008,MAF,TX,ASW,CE,Combined TRACON& Tower with Radar,22,38,28,65,153,0,5,26,5,36,22,43,54,70,189,0,102,102,291
06/24/2008,MAF,TX,ASW,CE,Combined TRACON& Tower with Radar,22,48,51,9,130,0,3,29,1,33,22,51,80,10,163,8,9,17,180
06/25/2008,MAF,TX,ASW,CE,Combined TRACON& Tower with Radar,26,39,45,32,142,0,4,29,2,35,26,43,74,34,177,0,104,104,281
06/26/2008,MAF,TX,ASW,CE,Combined TRACON& Tower with Radar,24,54,42,66,186,0,7,27,2,36,24,61,69,68,222,21,84,105,327
06/27/2008,MAF,TX,ASW,CE,Combined TRACON& Tower with Radar,26,47,40,32,145,0,6,23,2,31,26,53,63,34,176,10,56,66,242
06/28/2008,MAF,TX,ASW,CE,Combined TRACON& Tower with Radar,19,25,38,1,83,0,2,22,0,24,19,27,60,1,107,0,0,0,107
06/29/2008,MAF,TX,ASW,CE,Combined TRACON& Tower with Radar,19,30,20,6,75,0,4,9,0,13,19,34,29,6,88,0,0,0,88
06/30/2008,MAF,TX,ASW,CE,Combined TRACON& Tower with Radar,22,40,26,4,92,0,2,10,0,12,22,42,36,4,104,0,0,0,104
07/01/2008,MAF,TX,ASW,CE,Combined TRACON& Tower with Radar,21,51,40,28,140,0,5,30,4,39,21,56,70,32,179,0,94,94,273
07/02/2008,MAF,TX,ASW,CE,Combined TRACON& Tower with Radar,24,42,41,85,192,0,5,19,1,25,24,47,60,86,217,28,102,130,347
07/03/2008,MAF,TX,ASW,CE,Combined TRACON& Tower with Radar,23,39,59,30,151,0,4,23,2,29,23,43,82,32,180,10,0,10,190
07/04/2008,MAF,TX,ASW,CE,Combined TRACON& Tower with Radar,17,28,11,2,58,0,2,21,0,23,17,30,32,2,81,5,0,5,86
07/05/2008,MAF,TX,ASW,CE,Combined TRACON& Tower with Radar,16,25,19,0,60,0,2,17,0,19,16,27,36,0,79,10,0,10,89
07/06/2008,MAF,TX,ASW,CE,Combined TRACON& Tower with Radar,21,32,46,1,100,0,1,11,4,16,21,33,57,5,116,10,0,10,126
07/07/2008,MAF,TX,ASW,CE,Combined TRACON& Tower with Radar,23,43,44,1,111,0,6,15,0,21,23,49,59,1,132,0,0,0,132
07/08/2008,MAF,TX,ASW,CE,Combined TRACON& Tower with Radar,23,51,48,84,206,0,2,25,0,27,23,53,73,84,233,9,14,23,256
07/09/2008,MAF,TX,ASW,CE,Combined TRACON& Tower with Radar,27,46,66,70,209,0,3,35,1,39,27,49,101,71,248,0,66,66,314
07/10/2008,MAF,TX,ASW,CE,Combined TRACON& Tower with Radar,23,45,48,53,169,0,6,25,2,33,23,51,73,55,202,28,94,122,324
07/11/2008,MAF,TX,ASW,CE,Combined TRACON& Tower with Radar,21,41,46,59,167,0,5,27,0,32,21,46,73,59,199,6,67,73,272
07/12/2008,MAF,TX,ASW,CE,Combined TRACON& Tower with Radar,16,19,31,1,67,0,1,21,0,22,16,20,52,1,89,30,0,30,119
07/13/2008,MAF,TX,ASW,CE,Combined TRACON& Tower with Radar,21,34,32,7,94,0,2,15,1,18,21,36,47,8,112,2,8,10,122
07/14/2008,MAF,TX,ASW,CE,Combined TRACON& Tower with Radar,22,42,31,93,188,0,4,27,2,33,22,46,58,95,221,0,112,112,333
07/15/2008,MAF,TX,ASW,CE,Combined TRACON& Tower with Radar,22,47,44,107,220,0,4,13,6,23,22,51,57,113,243,0,175,175,418
07/16/2008,MAF,TX,ASW,CE,Combined TRACON& Tower with Radar,26,41,42,52,161,0,4,32,1,37,26,45,74,53,198,0,48,48,246
07/17/2008,MAF,TX,ASW,CE,Combined TRACON& Tower with Radar,23,41,41,65,170,0,4,19,0,23,23,45,60,65,193,6,83,89,282
07/18/2008,MAF,TX,ASW,CE,Combined TRACON& Tower with Radar,22,40,34,89,185,0,4,35,0,39,22,44,69,89,224,0,82,82,306
07/19/2008,MAF,TX,ASW,CE,Combined TRACON& Tower with Radar,16,21,33,0,70,0,0,18,0,18,16,21,51,0,88,48,0,48,136
07/20/2008,MAF,TX,ASW,CE,Combined TRACON& Tower with Radar,20,31,22,4,77,0,0,23,1,24,20,31,45,5,101,0,4,4,105
07/21/2008,MAF,TX,ASW,CE,Combined TRACON& Tower with Radar,22,39,39,63,163,0,4,31,1,36,22,43,70,64,199,26,134,160,359
07/22/2008,MAF,TX,ASW,CE,Combined TRACON& Tower with Radar,22,40,54,69,185,0,5,26,34,65,22,45,80,103,250,0,142,142,392
07/23/2008,MAF,TX,ASW,CE,Combined TRACON& Tower with Radar,23,51,43,73,190,0,4,26,0,30,23,55,69,73,220,0,24,24,244
07/24/2008,MAF,TX,ASW,CE,Combined TRACON& Tower with Radar,22,43,54,0,119,0,4,33,0,37,22,47,87,0,156,38,0,38,194
07/25/2008,MAF,TX,ASW,CE,Combined TRACON& Tower with Radar,24,37,47,58,166,0,2,10,6,18,24,39,57,64,184,14,98,112,296
07/26/2008,MAF,TX,ASW,CE,Combined TRACON& Tower with Radar,16,23,42,0,81,0,0,14,0,14,16,23,56,0,95,10,0,10,105
07/27/2008,MAF,TX,ASW,CE,Combined TRACON& Tower with Radar,20,26,27,0,73,0,0,8,0,8,20,26,35,0,81,4,8,12,93
07/28/2008,MAF,TX,ASW,CE,Combined TRACON& Tower with Radar,26,34,29,44,133,0,4,17,2,23,26,38,46,46,156,0,0,0,156
07/29/2008,MAF,TX,ASW,CE,Combined TRACON& Tower with Radar,22,51,27,63,163,0,4,24,0,28,22,55,51,63,191,12,72,84,275
07/30/2008,MAF,TX,ASW,CE,Combined TRACON& Tower with Radar,23,42,64,30,159,0,4,18,1,23,23,46,82,31,182,6,136,142,324
07/31/2008,MAF,TX,ASW,CE,Combined TRACON& Tower with Radar,22,42,56,57,177,0,3,24,2,29,22,45,80,59,206,12,121,133,339
08/01/2008,MAF,TX,ASW,CE,Combined TRACON& Tower with Radar,24,46,56,58,184,0,3,26,3,32,24,49,82,61,216,2,96,98,314
08/02/2008,MAF,TX,ASW,CE,Combined TRACON& Tower with Radar,17,25,38,10,90,0,0,22,0,22,17,25,60,10,112,60,20,80,192
08/03/2008,MAF,TX,ASW,CE,Combined TRACON& Tower with Radar,17,26,58,5,106,0,0,12,0,12,17,26,70,5,118,0,0,0,118
08/04/2008,MAF,TX,ASW,CE,Combined TRACON& Tower with Radar,24,38,40,84,186,0,3,31,1,35,24,41,71,85,221,0,0,0,221
08/05/2008,MAF,TX,ASW,CE,Combined TRACON& Tower with Radar,22,31,34,62,149,0,4,14,5,23,22,35,48,67,172,10,16,26,198
08/06/2008,MAF,TX,ASW,CE,Combined TRACON& Tower with Radar,23,64,69,55,211,0,6,77,2,85,23,70,146,57,296,0,50,50,346
08/07/2008,MAF,TX,ASW,CE,Combined TRACON& Tower with Radar,23,38,45,44,150,0,4,28,1,33,23,42,73,45,183,8,56,64,247
08/08/2008,MAF,TX,ASW,CE,Combined TRACON& Tower with Radar,24,42,67,78,211,0,3,62,7,72,24,45,129,85,283,8,10,18,301
08/09/2008,MAF,TX,ASW,CE,Combined TRACON& Tower with Radar,17,20,25,0,62,0,0,29,1,30,17,20,54,1,92,2,10,12,104
08/10/2008,MAF,TX,ASW,CE,Combined TRACON& Tower with Radar,21,29,21,7,78,0,0,17,0,17,21,29,38,7,95,0,0,0,95
08/11/2008,MAF,TX,ASW,CE,Combined TRACON& Tower with Radar,22,34,33,33,122,0,2,22,2,26,22,36,55,35,148,4,108,112,260
08/12/2008,MAF,TX,ASW,CE,Combined TRACON& Tower with Radar,22,37,43,52,154,0,7,21,5,33,22,44,64,57,187,6,68,74,261
08/13/2008,MAF,TX,ASW,CE,Combined TRACON& Tower with Radar,23,37,63,56,179,0,4,25,5,34,23,41,88,61,213,34,42,76,289
08/14/2008,MAF,TX,ASW,CE,Combined TRACON& Tower with Radar,27,68,122,120,337,0,9,100,5,114,27,77,222,125,451,0,82,82,533
08/15/2008,MAF,TX,ASW,CE,Combined TRACON& Tower with Radar,22,45,51,81,199,0,2,16,3,21,22,47,67,84,220,36,12,48,268
08/16/2008,MAF,TX,ASW,CE,Combined TRACON& Tower with Radar,18,25,23,0,66,0,0,2,0,2,18,25,25,0,68,36,0,36,104
08/17/2008,MAF,TX,ASW,CE,Combined TRACON& Tower with Radar,21,33,57,3,114,0,0,1,0,1,21,33,58,3,115,0,0,0,115
08/18/2008,MAF,TX,ASW,CE,Combined TRACON& Tower with Radar,22,38,67,75,202,0,2,12,0,14,22,40,79,75,216,0,90,90,306
08/19/2008,MAF,TX,ASW,CE,Combined TRACON& Tower with Radar,22,47,44,120,233,0,1,8,0,9,22,48,52,120,242,18,160,178,420
08/20/2008,MAF,TX,ASW,CE,Combined TRACON& Tower with Radar,22,40,66,50,178,0,1,14,0,15,22,41,80,50,193,24,132,156,349
08/21/2008,MAF,TX,ASW,CE,Combined TRACON& Tower with Radar,22,36,60,40,158,0,1,26,1,28,22,37,86,41,186,22,190,212,398
08/22/2008,MAF,TX,ASW,CE,Combined TRACON& Tower with Radar,27,38,53,48,166,0,3,23,3,29,27,41,76,51,195,10,130,140,335
08/23/2008,MAF,TX,ASW,CE,Combined TRACON& Tower with Radar,15,20,30,0,65,0,0,6,0,6,15,20,36,0,71,0,0,0,71
08/24/2008,MAF,TX,ASW,CE,Combined TRACON& Tower with Radar,20,27,44,49,140,0,0,16,1,17,20,27,60,50,157,0,20,20,177
08/25/2008,MAF,TX,ASW,CE,Combined TRACON& Tower with Radar,26,36,24,20,106,0,2,26,4,32,26,38,50,24,138,12,77,89,227
08/26/2008,MAF,TX,ASW,CE,Combined TRACON& Tower with Radar,23,47,41,133,244,0,2,21,1,24,23,49,62,134,268,22,116,138,406
08/27/2008,MAF,TX,ASW,CE,Combined TRACON& Tower with Radar,22,40,44,39,145,0,2,18,2,22,22,42,62,41,167,0,43,43,210
08/28/2008,MAF,TX,ASW,CE,Combined TRACON& Tower with Radar,22,61,109,53,245,0,6,68,8,82,22,67,177,61,327,24,2,26,353
08/29/2008,MAF,TX,ASW,CE,Combined TRACON& Tower with Radar,20,42,48,13,123,0,1,22,2,25,20,43,70,15,148,2,2,4,152
08/30/2008,MAF,TX,ASW,CE,Combined TRACON& Tower with Radar,15,26,30,0,71,0,0,7,0,7,15,26,37,0,78,36,0,36,114
08/31/2008,MAF,TX,ASW,CE,Combined TRACON& Tower with Radar,14,25,19,0,58,0,0,14,0,14,14,25,33,0,72,0,0,0,72
09/01/2008,MAF,TX,ASW,CE,Combined TRACON& Tower with Radar,20,23,34,0,77,0,0,12,0,12,20,23,46,0,89,0,0,0,89
09/02/2008,MAF,TX,ASW,CE,Combined TRACON& Tower with Radar,22,38,37,55,152,0,3,15,1,19,22,41,52,56,171,4,44,48,219
09/03/2008,MAF,TX,ASW,CE,Combined TRACON& Tower with Radar,22,36,39,127,224,0,1,27,1,29,22,37,66,128,253,0,86,86,339
09/04/2008,MAF,TX,ASW,CE,Combined TRACON& Tower with Radar,22,40,50,74,186,0,2,26,2,30,22,42,76,76,216,4,134,138,354
09/05/2008,MAF,TX,ASW,CE,Combined TRACON& Tower with Radar,22,43,41,55,161,0,2,43,4,49,22,45,84,59,210,12,60,72,282
09/06/2008,MAF,TX,ASW,CE,Combined TRACON& Tower with Radar,15,20,15,1,51,0,0,15,3,18,15,20,30,4,69,10,0,10,79
09/07/2008,MAF,TX,ASW,CE,Combined TRACON& Tower with Radar,20,27,26,6,79,0,0,9,0,9,20,27,35,6,88,0,0,0,88
09/08/2008,MAF,TX,ASW,CE,Combined TRACON& Tower with Radar,26,45,19,14,104,0,1,14,1,16,26,46,33,15,120,6,22,28,148
09/09/2008,MAF,TX,ASW,CE,Combined TRACON& Tower with Radar,29,44,50,5,128,0,0,0,0,0,29,44,50,5,128,0,0,0,128
09/10/2008,MAF,TX,ASW,CE,Combined TRACON& Tower with Radar,26,61,46,0,133,0,0,1,0,1,26,61,47,0,134,2,0,2,136
09/11/2008,MAF,TX,ASW,CE,Combined TRACON& Tower with Radar,22,77,125,47,271,0,2,12,6,20,22,79,137,53,291,4,6,10,301
09/12/2008,MAF,TX,ASW,CE,Combined TRACON& Tower with Radar,24,27,50,0,101,0,1,19,2,22,24,28,69,2,123,10,0,10,133
09/13/2008,MAF,TX,ASW,CE,Combined TRACON& Tower with Radar,8,14,13,0,35,0,0,21,0,21,8,14,34,0,56,42,0,42,98
09/14/2008,MAF,TX,ASW,CE,Combined TRACON& Tower with Radar,17,14,36,18,85,0,0,14,0,14,17,14,50,18,99,0,0,0,99
09/15/2008,MAF,TX,ASW,CE,Combined TRACON& Tower with Radar,17,30,36,95,178,0,2,31,3,36,17,32,67,98,214,32,118,150,364
09/16/2008,MAF,TX,ASW,CE,Combined TRACON& Tower with Radar,21,41,73,109,244,0,2,23,0,25,21,43,96,109,269,12,156,168,437
09/17/2008,MAF,TX,ASW,CE,Combined TRACON& Tower with Radar,24,41,42,86,193,0,2,41,2,45,24,43,83,88,238,6,86,92,330
09/18/2008,MAF,TX,ASW,CE,Combined TRACON& Tower with Radar,20,42,53,4,119,0,2,66,0,68,20,44,119,4,187,28,0,28,215
09/19/2008,MAF,TX,ASW,CE,Combined TRACON& Tower with Radar,22,38,41,10,111,0,1,138,5,144,22,39,179,15,255,6,0,6,261
09/20/2008,MAF,TX,ASW,CE,Combined TRACON& Tower with Radar,14,21,56,0,91,0,0,93,2,95,14,21,149,2,186,0,0,0,186
09/21/2008,MAF,TX,ASW,CE,Combined TRACON& Tower with Radar,20,30,18,3,71,0,0,107,2,109,20,30,125,5,180,2,0,2,182
09/22/2008,MAF,TX,ASW,CE,Combined TRACON& Tower with Radar,22,44,43,110,219,0,2,52,3,57,22,46,95,113,276,0,74,74,350
09/23/2008,MAF,TX,ASW,CE,Combined TRACON& Tower with Radar,23,36,43,46,148,0,2,35,2,39,23,38,78,48,187,10,102,112,299
09/24/2008,MAF,TX,ASW,CE,Combined TRACON& Tower with Radar,23,44,51,46,164,0,2,31,3,36,23,46,82,49,200,8,60,68,268
09/25/2008,MAF,TX,ASW,CE,Combined TRACON& Tower with Radar,24,45,55,53,177,0,2,31,7,40,24,47,86,60,217,12,152,164,381
09/26/2008,MAF,TX,ASW,CE,Combined TRACON& Tower with Radar,21,38,56,62,177,0,2,32,4,38,21,40,88,66,215,12,31,43,258
09/27/2008,MAF,TX,ASW,CE,Combined TRACON& Tower with Radar,15,21,22,22,80,0,0,34,0,34,15,21,56,22,114,0,0,0,114
09/28/2008,MAF,TX,ASW,CE,Combined TRACON& Tower with Radar,22,27,43,1,93,0,0,24,0,24,22,27,67,1,117,0,0,0,117
09/29/2008,MAF,TX,ASW,CE,Combined TRACON& Tower with Radar,24,40,52,86,202,0,2,20,2,24,24,42,72,88,226,0,0,0,226
09/30/2008,MAF,TX,ASW,CE,Combined TRACON& Tower with Radar,22,36,50,48,156,0,2,27,8,37,22,38,77,56,193,0,20,20,213
10/01/2008,MAF,TX,ASW,CE,Combined TRACON& Tower with Radar,26,46,42,65,179,0,3,38,1,42,26,49,80,66,221,4,38,42,263
10/02/2008,MAF,TX,ASW,CE,Combined TRACON& Tower with Radar,27,44,61,63,195,0,3,27,7,37,27,47,88,70,232,22,74,96,328
10/03/2008,MAF,TX,ASW,CE,Combined TRACON& Tower with Radar,25,36,62,121,244,0,1,30,9,40,25,37,92,130,284,24,116,140,424
10/04/2008,MAF,TX,ASW,CE,Combined TRACON& Tower with Radar,17,18,21,3,59,0,0,5,1,6,17,18,26,4,65,0,0,0,65
10/05/2008,MAF,TX,ASW,CE,Combined TRACON& Tower with Radar,24,25,42,7,98,0,0,0,0,0,24,25,42,7,98,0,0,0,98
10/06/2008,MAF,TX,ASW,CE,Combined TRACON& Tower with Radar,23,33,52,113,221,0,1,24,1,26,23,34,76,114,247,10,124,134,381
10/07/2008,MAF,TX,ASW,CE,Combined TRACON& Tower with Radar,26,42,64,86,218,0,2,25,1,28,26,44,89,87,246,10,112,122,368
10/08/2008,MAF,TX,ASW,CE,Combined TRACON& Tower with Radar,26,43,56,98,223,0,1,30,2,33,26,44,86,100,256,22,124,146,402
10/09/2008,MAF,TX,ASW,CE,Combined TRACON& Tower with Radar,27,43,69,128,267,0,2,32,4,38,27,45,101,132,305,20,86,106,411
10/10/2008,MAF,TX,ASW,CE,Combined TRACON& Tower with Radar,27,38,46,19,130,0,2,32,2,36,27,40,78,21,166,30,12,42,208
10/11/2008,MAF,TX,ASW,CE,Combined TRACON& Tower with Radar,18,21,29,1,69,0,0,15,1,16,18,21,44,2,85,0,0,0,85
10/12/2008,MAF,TX,ASW,CE,Combined TRACON& Tower with Radar,26,26,50,1,103,0,0,6,0,6,26,26,56,1,109,0,0,0,109
10/13/2008,MAF,TX,ASW,CE,Combined TRACON& Tower with Radar,25,37,28,2,92,0,1,9,2,12,25,38,37,4,104,0,0,0,104
10/14/2008,MAF,TX,ASW,CE,Combined TRACON& Tower with Radar,26,38,22,24,110,0,0,0,0,0,26,38,22,24,110,0,6,6,116
10/15/2008,MAF,TX,ASW,CE,Combined TRACON& Tower with Radar,25,33,72,93,223,0,1,4,2,7,25,34,76,95,230,24,40,64,294
10/16/2008,MAF,TX,ASW,CE,Combined TRACON& Tower with Radar,27,42,65,121,255,0,1,27,3,31,27,43,92,124,286,0,86,86,372
10/17/2008,MAF,TX,ASW,CE,Combined TRACON& Tower with Radar,26,32,50,80,188,0,2,25,4,31,26,34,75,84,219,32,130,162,381
10/18/2008,MAF,TX,ASW,CE,Combined TRACON& Tower with Radar,20,18,14,0,52,0,0,27,1,28,20,18,41,1,80,0,0,0,80
10/19/2008,MAF,TX,ASW,CE,Combined TRACON& Tower with Radar,19,25,19,24,87,0,0,27,0,27,19,25,46,24,114,10,0,10,124
10/20/2008,MAF,TX,ASW,CE,Combined TRACON& Tower with Radar,25,36,44,104,209,0,2,16,7,25,25,38,60,111,234,4,124,128,362
10/21/2008,MAF,TX,ASW,CE,Combined TRACON& Tower with Radar,27,48,69,41,185,0,2,35,2,39,27,50,104,43,224,16,24,40,264
10/22/2008,MAF,TX,ASW,CE,Combined TRACON& Tower with Radar,26,46,51,5,128,0,2,20,2,24,26,48,71,7,152,0,18,18,170
10/23/2008,MAF,TX,ASW,CE,Combined TRACON& Tower with Radar,35,48,147,111,341,0,6,115,14,135,35,54,262,125,476,32,98,130,606
10/24/2008,MAF,TX,ASW,CE,Combined TRACON& Tower with Radar,27,35,39,75,176,0,4,36,2,42,27,39,75,77,218,45,31,76,294
10/25/2008,MAF,TX,ASW,CE,Combined TRACON& Tower with Radar,18,20,15,0,53,0,0,32,1,33,18,20,47,1,86,16,0,16,102
10/26/2008,MAF,TX,ASW,CE,Combined TRACON& Tower with Radar,23,22,27,3,75,0,0,22,0,22,23,22,49,3,97,1,0,1,98
10/27/2008,MAF,TX,ASW,CE,Combined TRACON& Tower with Radar,25,31,29,76,161,0,1,27,6,34,25,32,56,82,195,31,107,138,333
10/28/2008,MAF,TX,ASW,CE,Combined TRACON& Tower with Radar,25,44,53,46,168,0,2,14,2,18,25,46,67,48,186,44,82,126,312
10/29/2008,MAF,TX,ASW,CE,Combined TRACON& Tower with Radar,27,38,48,24,137,0,2,24,0,26,27,40,72,24,163,9,44,53,216
10/30/2008,MAF,TX,ASW,CE,Combined TRACON& Tower with Radar,28,48,64,36,176,0,2,29,2,33,28,50,93,38,209,34,36,70,279
10/31/2008,MAF,TX,ASW,CE,Combined TRACON& Tower with Radar,24,37,47,53,161,0,2,14,3,19,24,39,61,56,180,0,64,64,244
11/01/2008,MAF,TX,ASW,CE,Combined TRACON& Tower with Radar,20,14,35,9,78,0,0,20,1,21,20,14,55,10,99,12,2,14,113
11/02/2008,MAF,TX,ASW,CE,Combined TRACON& Tower with Radar,32,22,25,2,81,0,1,14,0,15,32,23,39,2,96,0,0,0,96
11/03/2008,MAF,TX,ASW,CE,Combined TRACON& Tower with Radar,32,29,39,67,167,0,2,24,4,30,32,31,63,71,197,14,20,34,231
11/04/2008,MAF,TX,ASW,CE,Combined TRACON& Tower with Radar,30,29,41,40,140,0,2,26,3,31,30,31,67,43,171,6,36,42,213
11/05/2008,MAF,TX,ASW,CE,Combined TRACON& Tower with Radar,31,30,37,102,200,0,2,34,3,39,31,32,71,105,239,0,32,32,271
11/06/2008,MAF,TX,ASW,CE,Combined TRACON& Tower with Radar,34,48,112,161,355,0,6,85,21,112,34,54,197,182,467,4,40,44,511
11/07/2008,MAF,TX,ASW,CE,Combined TRACON& Tower with Radar,29,36,74,37,176,0,2,35,2,39,29,38,109,39,215,22,30,52,267
11/08/2008,MAF,TX,ASW,CE,Combined TRACON& Tower with Radar,18,13,33,2,66,0,0,18,0,18,18,13,51,2,84,17,0,17,101
11/09/2008,MAF,TX,ASW,CE,Combined TRACON& Tower with Radar,26,23,22,21,92,0,0,17,0,17,26,23,39,21,109,0,0,0,109
11/10/2008,MAF,TX,ASW,CE,Combined TRACON& Tower with Radar,32,29,36,99,196,0,2,15,6,23,32,31,51,105,219,12,189,201,420
11/11/2008,MAF,TX,ASW,CE,Combined TRACON& Tower with Radar,31,28,55,0,114,0,2,24,0,26,31,30,79,0,140,54,0,54,194
11/12/2008,MAF,TX,ASW,CE,Combined TRACON& Tower with Radar,30,40,56,67,193,0,2,21,3,26,30,42,77,70,219,6,59,65,284
11/13/2008,MAF,TX,ASW,CE,Combined TRACON& Tower with Radar,30,40,49,73,192,0,2,27,3,32,30,42,76,76,224,34,100,134,358
11/14/2008,MAF,TX,ASW,CE,Combined TRACON& Tower with Radar,39,39,41,28,147,0,2,20,2,24,39,41,61,30,171,8,24,32,203
11/15/2008,MAF,TX,ASW,CE,Combined TRACON& Tower with Radar,20,11,12,13,56,0,0,19,0,19,20,11,31,13,75,0,0,0,75
11/16/2008,MAF,TX,ASW,CE,Combined TRACON& Tower with Radar,29,18,33,19,99,0,0,31,0,31,29,18,64,19,130,0,16,16,146
11/17/2008,MAF,TX,ASW,CE,Combined TRACON& Tower with Radar,30,33,42,80,185,0,2,32,4,38,30,35,74,84,223,4,122,126,349
11/18/2008,MAF,TX,ASW,CE,Combined TRACON& Tower with Radar,30,29,51,71,181,0,1,26,6,33,30,30,77,77,214,0,0,0,214
11/19/2008,MAF,TX,ASW,CE,Combined TRACON& Tower with Radar,30,31,47,36,144,0,2,23,0,25,30,33,70,36,169,20,28,48,217
11/20/2008,MAF,TX,ASW,CE,Combined TRACON& Tower with Radar,34,53,105,123,315,0,6,82,5,93,34,59,187,128,408,16,20,36,444
11/21/2008,MAF,TX,ASW,CE,Combined TRACON& Tower with Radar,29,32,57,39,157,0,2,27,3,32,29,34,84,42,189,43,80,123,312
11/22/2008,MAF,TX,ASW,CE,Combined TRACON& Tower with Radar,18,18,30,2,68,0,0,18,0,18,18,18,48,2,86,10,0,10,96
11/23/2008,MAF,TX,ASW,CE,Combined TRACON& Tower with Radar,34,19,24,10,87,0,0,9,0,9,34,19,33,10,96,6,0,6,102
11/24/2008,MAF,TX,ASW,CE,Combined TRACON& Tower with Radar,31,31,36,50,148,0,1,17,2,20,31,32,53,52,168,52,56,108,276
11/25/2008,MAF,TX,ASW,CE,Combined TRACON& Tower with Radar,30,25,63,53,171,0,5,18,2,25,30,30,81,55,196,14,70,84,280
11/26/2008,MAF,TX,ASW,CE,Combined TRACON& Tower with Radar,28,36,38,6,108,0,3,25,0,28,28,39,63,6,136,0,14,14,150
11/27/2008,MAF,TX,ASW,CE,Combined TRACON& Tower with Radar,22,14,12,0,48,0,0,6,0,6,22,14,18,0,54,0,0,0,54
11/28/2008,MAF,TX,ASW,CE,Combined TRACON& Tower with Radar,27,19,59,0,105,0,2,22,0,24,27,21,81,0,129,4,0,4,133
11/29/2008,MAF,TX,ASW,CE,Combined TRACON& Tower with Radar,22,17,39,0,78,0,0,12,0,12,22,17,51,0,90,0,0,0,90
11/30/2008,MAF,TX,ASW,CE,Combined TRACON& Tower with Radar,27,20,31,0,78,0,0,13,0,13,27,20,44,0,91,0,0,0,91
12/01/2008,MAF,TX,ASW,CE,Combined TRACON& Tower with Radar,30,30,34,30,124,0,3,22,0,25,30,33,56,30,149,6,36,42,191
12/02/2008,MAF,TX,ASW,CE,Combined TRACON& Tower with Radar,30,28,50,62,170,0,1,31,4,36,30,29,81,66,206,24,44,68,274
12/03/2008,MAF,TX,ASW,CE,Combined TRACON& Tower with Radar,30,34,49,38,151,0,4,22,3,29,30,38,71,41,180,30,18,48,228
12/04/2008,MAF,TX,ASW,CE,Combined TRACON& Tower with Radar,30,32,59,44,165,0,4,20,1,25,30,36,79,45,190,50,32,82,272
12/05/2008,MAF,TX,ASW,CE,Combined TRACON& Tower with Radar,31,26,52,29,138,0,4,19,4,27,31,30,71,33,165,0,8,8,173
12/06/2008,MAF,TX,ASW,CE,Combined TRACON& Tower with Radar,20,11,22,16,69,0,0,14,3,17,20,11,36,19,86,4,0,4,90
12/07/2008,MAF,TX,ASW,CE,Combined TRACON& Tower with Radar,28,18,37,0,83,0,0,28,0,28,28,18,65,0,111,10,0,10,121
12/08/2008,MAF,TX,ASW,CE,Combined TRACON& Tower with Radar,32,42,22,88,184,0,1,16,1,18,32,43,38,89,202,0,169,169,371
12/09/2008,MAF,TX,ASW,CE,Combined TRACON& Tower with Radar,30,36,35,17,118,0,2,5,0,7,30,38,40,17,125,0,1,1,126
12/10/2008,MAF,TX,ASW,CE,Combined TRACON& Tower with Radar,40,30,54,50,174,0,4,22,8,34,40,34,76,58,208,18,79,97,305
12/11/2008,MAF,TX,ASW,CE,Combined TRACON& Tower with Radar,29,28,38,20,115,0,3,29,3,35,29,31,67,23,150,32,0,32,182
12/12/2008,MAF,TX,ASW,CE,Combined TRACON& Tower with Radar,32,31,42,12,117,0,14,31,4,49,32,45,73,16,166,2,8,10,176
12/13/2008,MAF,TX,ASW,CE,Combined TRACON& Tower with Radar,19,15,30,2,66,0,0,11,3,14,19,15,41,5,80,16,4,20,100
12/14/2008,MAF,TX,ASW,CE,Combined TRACON& Tower with Radar,26,21,30,33,110,0,0,8,0,8,26,21,38,33,118,20,1,21,139
12/15/2008,MAF,TX,ASW,CE,Combined TRACON& Tower with Radar,32,26,36,38,132,0,2,22,2,26,32,28,58,40,158,0,34,34,192
12/16/2008,MAF,TX,ASW,CE,Combined TRACON& Tower with Radar,27,40,39,47,153,0,0,18,1,19,27,40,57,48,172,10,16,26,198
12/17/2008,MAF,TX,ASW,CE,Combined TRACON& Tower with Radar,30,32,31,25,118,0,1,24,2,27,30,33,55,27,145,56,10,66,211
12/18/2008,MAF,TX,ASW,CE,Combined TRACON& Tower with Radar,29,33,35,28,125,0,1,27,1,29,29,34,62,29,154,0,14,14,168
12/19/2008,MAF,TX,ASW,CE,Combined TRACON& Tower with Radar,32,37,56,50,175,0,4,12,6,22,32,41,68,56,197,6,22,28,225
12/20/2008,MAF,TX,ASW,CE,Combined TRACON& Tower with Radar,21,18,32,0,71,0,0,33,0,33,21,18,65,0,104,2,0,2,106
12/21/2008,MAF,TX,ASW,CE,Combined TRACON& Tower with Radar,28,10,28,2,68,0,0,13,0,13,28,10,41,2,81,0,0,0,81
12/22/2008,MAF,TX,ASW,CE,Combined TRACON& Tower with Radar,31,27,17,28,103,0,1,12,0,13,31,28,29,28,116,0,14,14,130
12/23/2008,MAF,TX,ASW,CE,Combined TRACON& Tower with Radar,34,40,45,2,121,0,2,4,0,6,34,42,49,2,127,1,10,11,138
12/24/2008,MAF,TX,ASW,CE,Combined TRACON& Tower with Radar,28,31,23,0,82,0,4,12,0,16,28,35,35,0,98,0,0,0,98
12/25/2008,MAF,TX,ASW,CE,Combined TRACON& Tower with Radar,23,17,18,0,58,0,0,8,0,8,23,17,26,0,66,0,0,0,66
12/26/2008,MAF,TX,ASW,CE,Combined TRACON& Tower with Radar,30,28,27,0,85,0,1,15,0,16,30,29,42,0,101,0,0,0,101
12/27/2008,MAF,TX,ASW,CE,Combined TRACON& Tower with Radar,21,17,29,0,67,0,0,8,0,8,21,17,37,0,75,4,0,4,79
12/28/2008,MAF,TX,ASW,CE,Combined TRACON& Tower with Radar,29,23,19,0,71,0,0,32,0,32,29,23,51,0,103,4,0,4,107
12/29/2008,MAF,TX,ASW,CE,Combined TRACON& Tower with Radar,30,18,32,0,80,0,6,29,0,35,30,24,61,0,115,0,0,0,115
12/30/2008,MAF,TX,ASW,CE,Combined TRACON& Tower with Radar,30,26,25,0,81,0,5,27,0,32,30,31,52,0,113,17,0,17,130
12/31/2008,MAF,TX,ASW,CE,Combined TRACON& Tower with Radar,26,23,28,0,77,0,5,22,0,27,26,28,50,0,104,8,0,8,112
01/01/2009,MAF,TX,ASW,CE,Combined TRACON& Tower with Radar,25,15,16,0,56,0,0,16,0,16,25,15,32,0,72,32,0,32,104
01/02/2009,MAF,TX,ASW,CE,Combined TRACON& Tower with Radar,30,25,35,0,90,0,2,6,0,8,30,27,41,0,98,2,0,2,100
01/03/2009,MAF,TX,ASW,CE,Combined TRACON& Tower with Radar,23,16,42,0,81,0,0,14,0,14,23,16,56,0,95,8,0,8,103
01/04/2009,MAF,TX,ASW,CE,Combined TRACON& Tower with Radar,29,23,20,0,72,0,0,9,0,9,29,23,29,0,81,0,0,0,81
01/05/2009,MAF,TX,ASW,CE,Combined TRACON& Tower with Radar,28,34,13,9,84,0,1,8,0,9,28,35,21,9,93,4,0,4,97
01/06/2009,MAF,TX,ASW,CE,Combined TRACON& Tower with Radar,31,25,23,18,97,0,4,7,0,11,31,29,30,18,108,0,0,0,108
01/07/2009,MAF,TX,ASW,CE,Combined TRACON& Tower with Radar,31,26,33,17,107,0,2,25,3,30,31,28,58,20,137,0,0,0,137
01/08/2009,MAF,TX,ASW,CE,Combined TRACON& Tower with Radar,31,28,49,23,131,0,5,30,2,37,31,33,79,25,168,0,6,6,174
01/09/2009,MAF,TX,ASW,CE,Combined TRACON& Tower with Radar,31,29,50,42,152,0,4,26,3,33,31,33,76,45,185,22,0,22,207
01/10/2009,MAF,TX,ASW,CE,Combined TRACON& Tower with Radar,22,11,18,0,51,0,0,12,0,12,22,11,30,0,63,27,0,27,90
01/11/2009,MAF,TX,ASW,CE,Combined TRACON& Tower with Radar,25,17,43,0,85,0,0,15,0,15,25,17,58,0,100,6,0,6,106
01/12/2009,MAF,TX,ASW,CE,Combined TRACON& Tower with Radar,33,32,30,8,103,0,4,20,1,25,33,36,50,9,128,8,4,12,140
01/13/2009,MAF,TX,ASW,CE,Combined TRACON& Tower with Radar,27,33,52,11,123,0,4,22,0,26,27,37,74,11,149,18,0,18,167
01/14/2009,MAF,TX,ASW,CE,Combined TRACON& Tower with Radar,32,28,51,34,145,0,4,33,2,39,32,32,84,36,184,0,0,0,184
01/15/2009,MAF,TX,ASW,CE,Combined TRACON& Tower with Radar,33,30,44,41,148,0,2,21,1,24,33,32,65,42,172,10,10,20,192
01/16/2009,MAF,TX,ASW,CE,Combined TRACON& Tower with Radar,28,41,38,58,165,0,1,26,3,30,28,42,64,61,195,0,8,8,203
01/17/2009,MAF,TX,ASW,CE,Combined TRACON& Tower with Radar,21,12,39,9,81,0,0,16,0,16,21,12,55,9,97,0,0,0,97
01/18/2009,MAF,TX,ASW,CE,Combined TRACON& Tower with Radar,29,14,25,3,71,0,0,24,0,24,29,14,49,3,95,0,0,0,95
01/19/2009,MAF,TX,ASW,CE,Combined TRACON& Tower with Radar,32,22,27,7,88,0,0,20,0,20,32,22,47,7,108,0,0,0,108
01/20/2009,MAF,TX,ASW,CE,Combined TRACON& Tower with Radar,30,34,38,32,134,0,3,34,0,37,30,37,72,32,171,8,16,24,195
01/21/2009,MAF,TX,ASW,CE,Combined TRACON& Tower with Radar,31,25,39,59,154,0,4,36,3,43,31,29,75,62,197,20,34,54,251
01/22/2009,MAF,TX,ASW,CE,Combined TRACON& Tower with Radar,29,36,54,22,141,0,4,31,1,36,29,40,85,23,177,8,12,20,197
01/23/2009,MAF,TX,ASW,CE,Combined TRACON& Tower with Radar,29,30,44,41,144,0,2,34,1,37,29,32,78,42,181,26,10,36,217
01/24/2009,MAF,TX,ASW,CE,Combined TRACON& Tower with Radar,21,14,19,2,56,0,0,22,2,24,21,14,41,4,80,14,0,14,94
01/25/2009,MAF,TX,ASW,CE,Combined TRACON& Tower with Radar,27,11,29,9,76,0,0,15,0,15,27,11,44,9,91,10,0,10,101
01/26/2009,MAF,TX,ASW,CE,Combined TRACON& Tower with Radar,33,31,47,20,131,0,2,10,0,12,33,33,57,20,143,0,0,0,143
01/27/2009,MAF,TX,ASW,CE,Combined TRACON& Tower with Radar,22,25,15,2,64,0,0,0,0,0,22,25,15,2,64,0,0,0,64
01/28/2009,MAF,TX,ASW,CE,Combined TRACON& Tower with Radar,31,32,25,29,117,0,1,24,0,25,31,33,49,29,142,30,0,30,172
01/29/2009,MAF,TX,ASW,CE,Combined TRACON& Tower with Radar,33,34,30,22,119,0,2,33,0,35,33,36,63,22,154,8,32,40,194
01/30/2009,MAF,TX,ASW,CE,Combined TRACON& Tower with Radar,33,30,29,59,151,0,3,43,4,50,33,33,72,63,201,8,18,26,227
01/31/2009,MAF,TX,ASW,CE,Combined TRACON& Tower with Radar,20,14,36,8,78,0,1,28,1,30,20,15,64,9,108,0,0,0,108
02/01/2009,MAF,TX,ASW,CE,Combined TRACON& Tower with Radar,26,13,23,4,66,0,0,16,3,19,26,13,39,7,85,4,0,4,89
02/02/2009,MAF,TX,ASW,CE,Combined TRACON& Tower with Radar,33,25,30,29,117,0,4,24,3,31,33,29,54,32,148,0,21,21,169
02/03/2009,MAF,TX,ASW,CE,Combined TRACON& Tower with Radar,34,19,29,26,108,0,9,19,1,29,34,28,48,27,137,4,37,41,178
02/04/2009,MAF,TX,ASW,CE,Combined TRACON& Tower with Radar,34,26,38,43,141,0,4,26,7,37,34,30,64,50,178,24,14,38,216
02/05/2009,MAF,TX,ASW,CE,Combined TRACON& Tower with Radar,31,28,37,11,107,0,5,24,1,30,31,33,61,12,137,0,0,0,137
02/06/2009,MAF,TX,ASW,CE,Combined TRACON& Tower with Radar,31,29,33,35,128,0,4,21,12,37,31,33,54,47,165,0,10,10,175
02/07/2009,MAF,TX,ASW,CE,Combined TRACON& Tower with Radar,20,10,25,0,55,0,0,17,1,18,20,10,42,1,73,0,0,0,73
02/08/2009,MAF,TX,ASW,CE,Combined TRACON& Tower with Radar,28,12,27,8,75,0,1,3,0,4,28,13,30,8,79,0,0,0,79
02/09/2009,MAF,TX,ASW,CE,Combined TRACON& Tower with Radar,33,23,22,30,108,0,4,16,1,21,33,27,38,31,129,8,22,30,159
02/10/2009,MAF,TX,ASW,CE,Combined TRACON& Tower with Radar,33,28,27,17,105,0,5,9,2,16,33,33,36,19,121,6,4,10,131
02/11/2009,MAF,TX,ASW,CE,Combined TRACON& Tower with Radar,31,30,55,8,124,0,3,24,1,28,31,33,79,9,152,6,14,20,172
02/12/2009,MAF,TX,ASW,CE,Combined TRACON& Tower with Radar,32,27,67,24,150,0,0,30,5,35,32,27,97,29,185,14,20,34,219
02/13/2009,MAF,TX,ASW,CE,Combined TRACON& Tower with Radar,30,31,62,20,143,0,0,9,2,11,30,31,71,22,154,18,50,68,222
02/14/2009,MAF,TX,ASW,CE,Combined TRACON& Tower with Radar,22,11,22,2,57,0,0,6,0,6,22,11,28,2,63,0,0,0,63
02/15/2009,MAF,TX,ASW,CE,Combined TRACON& Tower with Radar,26,15,24,0,65,0,2,14,0,16,26,17,38,0,81,28,0,28,109
02/16/2009,MAF,TX,ASW,CE,Combined TRACON& Tower with Radar,31,27,32,0,90,0,0,17,0,17,31,27,49,0,107,10,0,10,117
02/17/2009,MAF,TX,ASW,CE,Combined TRACON& Tower with Radar,30,33,37,69,169,0,1,13,1,15,30,34,50,70,184,10,0,10,194
02/18/2009,MAF,TX,ASW,CE,Combined TRACON& Tower with Radar,36,33,49,49,167,0,0,19,0,19,36,33,68,49,186,8,40,48,234
02/19/2009,MAF,TX,ASW,CE,Combined TRACON& Tower with Radar,34,25,34,79,172,0,0,17,2,19,34,25,51,81,191,38,69,107,298
02/20/2009,MAF,TX,ASW,CE,Combined TRACON& Tower with Radar,33,30,45,39,147,0,2,14,0,16,33,32,59,39,163,50,90,140,303
02/21/2009,MAF,TX,ASW,CE,Combined TRACON& Tower with Radar,20,8,16,0,44,0,1,6,0,7,20,9,22,0,51,12,28,40,91
02/22/2009,MAF,TX,ASW,CE,Combined TRACON& Tower with Radar,30,13,21,6,70,0,0,13,1,14,30,13,34,7,84,10,0,10,94
02/23/2009,MAF,TX,ASW,CE,Combined TRACON& Tower with Radar,33,28,29,38,128,0,2,13,0,15,33,30,42,38,143,10,22,32,175
02/24/2009,MAF,TX,ASW,CE,Combined TRACON& Tower with Radar,34,31,41,37,143,0,0,15,0,15,34,31,56,37,158,0,0,0,158
02/25/2009,MAF,TX,ASW,CE,Combined TRACON& Tower with Radar,33,30,43,39,145,0,0,17,2,19,33,30,60,41,164,68,18,86,250
02/26/2009,MAF,TX,ASW,CE,Combined TRACON& Tower with Radar,33,23,22,48,126,0,4,14,0,18,33,27,36,48,144,0,0,0,144
02/27/2009,MAF,TX,ASW,CE,Combined TRACON& Tower with Radar,35,23,28,55,141,0,5,28,0,33,35,28,56,55,174,6,14,20,194
02/28/2009,MAF,TX,ASW,CE,Combined TRACON& Tower with Radar,19,10,7,2,38,0,0,22,0,22,19,10,29,2,60,4,0,4,64
03/01/2009,MAF,TX,ASW,CE,Combined TRACON& Tower with Radar,27,14,20,3,64,0,0,18,3,21,27,14,38,6,85,0,0,0,85
03/02/2009,MAF,TX,ASW,CE,Combined TRACON& Tower with Radar,25,19,15,23,82,0,7,10,6,23,25,26,25,29,105,10,0,10,115
03/03/2009,MAF,TX,ASW,CE,Combined TRACON& Tower with Radar,29,24,24,18,95,0,8,21,3,32,29,32,45,21,127,0,0,0,127
03/04/2009,MAF,TX,ASW,CE,Combined TRACON& Tower with Radar,32,26,31,20,109,0,6,47,3,56,32,32,78,23,165,4,10,14,179
03/05/2009,MAF,TX,ASW,CE,Combined TRACON& Tower with Radar,33,33,47,48,161,0,6,22,3,31,33,39,69,51,192,36,22,58,250
03/06/2009,MAF,TX,ASW,CE,Combined TRACON& Tower with Radar,32,23,26,43,124,0,6,32,11,49,32,29,58,54,173,6,4,10,183
03/07/2009,MAF,TX,ASW,CE,Combined TRACON& Tower with Radar,20,12,23,4,59,0,0,5,0,5,20,12,28,4,64,0,28,28,92
03/08/2009,MAF,TX,ASW,CE,Combined TRACON& Tower with Radar,27,13,19,6,65,0,1,21,2,24,27,14,40,8,89,0,0,0,89
03/09/2009,MAF,TX,ASW,CE,Combined TRACON& Tower with Radar,32,28,22,36,118,0,5,15,1,21,32,33,37,37,139,20,26,46,185
03/10/2009,MAF,TX,ASW,CE,Combined TRACON& Tower with Radar,32,26,31,14,103,0,4,16,0,20,32,30,47,14,123,40,12,52,175
03/11/2009,MAF,TX,ASW,CE,Combined TRACON& Tower with Radar,30,27,15,3,75,0,0,2,0,2,30,27,17,3,77,0,0,0,77
03/12/2009,MAF,TX,ASW,CE,Combined TRACON& Tower with Radar,32,40,35,54,161,0,1,1,0,2,32,41,36,54,163,0,0,0,163
03/13/2009,MAF,TX,ASW,CE,Combined TRACON& Tower with Radar,30,28,23,13,94,0,0,1,1,2,30,28,24,14,96,0,0,0,96
03/14/2009,MAF,TX,ASW,CE,Combined TRACON& Tower with Radar,20,15,23,26,84,0,0,4,1,5,20,15,27,27,89,2,4,6,95
03/15/2009,MAF,TX,ASW,CE,Combined TRACON& Tower with Radar,29,12,16,30,87,0,0,27,4,31,29,12,43,34,118,0,0,0,118
03/16/2009,MAF,TX,ASW,CE,Combined TRACON& Tower with Radar,32,26,28,56,142,0,6,29,5,40,32,32,57,61,182,4,8,12,194
03/17/2009,MAF,TX,ASW,CE,Combined TRACON& Tower with Radar,32,27,19,53,131,0,6,19,11,36,32,33,38,64,167,4,8,12,179
03/18/2009,MAF,TX,ASW,CE,Combined TRACON& Tower with Radar,19,15,21,9,64,0,5,19,2,26,19,20,40,11,90,2,2,4,94
03/19/2009,MAF,TX,ASW,CE,Combined TRACON& Tower with Radar,21,14,22,25,82,0,5,28,3,36,21,19,50,28,118,0,0,0,118
03/20/2009,MAF,TX,ASW,CE,Combined TRACON& Tower with Radar,25,17,14,17,73,0,9,31,14,54,25,26,45,31,127,0,0,0,127
03/21/2009,MAF,TX,ASW,CE,Combined TRACON& Tower with Radar,14,4,24,0,42,0,0,19,0,19,14,4,43,0,61,8,0,8,69
03/22/2009,MAF,TX,ASW,CE,Combined TRACON& Tower with Radar,16,12,14,3,45,0,2,7,0,9,16,14,21,3,54,0,0,0,54
03/23/2009,MAF,TX,ASW,CE,Combined TRACON& Tower with Radar,19,19,16,7,61,0,5,6,0,11,19,24,22,7,72,0,0,0,72
03/24/2009,MAF,TX,ASW,CE,Combined TRACON& Tower with Radar,16,14,18,37,85,0,3,21,2,26,16,17,39,39,111,10,36,46,157
03/25/2009,MAF,TX,ASW,CE,Combined TRACON& Tower with Radar,28,33,59,37,157,0,9,23,4,36,28,42,82,41,193,0,28,28,221
03/26/2009,MAF,TX,ASW,CE,Combined TRACON& Tower with Radar,35,24,41,32,132,0,10,28,11,49,35,34,69,43,181,20,0,20,201
03/27/2009,MAF,TX,ASW,CE,Combined TRACON& Tower with Radar,28,26,21,26,101,0,3,13,1,17,28,29,34,27,118,0,0,0,118
03/28/2009,MAF,TX,ASW,CE,Combined TRACON& Tower with Radar,20,11,19,0,50,0,0,13,0,13,20,11,32,0,63,0,0,0,63
03/29/2009,MAF,TX,ASW,CE,Combined TRACON& Tower with Radar,28,10,17,0,55,0,0,23,0,23,28,10,40,0,78,0,0,0,78
03/30/2009,MAF,TX,ASW,CE,Combined TRACON& Tower with Radar,31,21,21,16,89,0,6,33,1,40,31,27,54,17,129,0,4,4,133
03/31/2009,MAF,TX,ASW,CE,Combined TRACON& Tower with Radar,30,32,39,15,116,0,6,44,1,51,30,38,83,16,167,20,0,20,187
04/01/2009,MAF,TX,ASW,CE,Combined TRACON& Tower with Radar,27,28,40,6,101,0,6,19,1,26,27,34,59,7,127,10,0,10,137
04/02/2009,MAF,TX,ASW,CE,Combined TRACON& Tower with Radar,29,23,24,56,132,0,5,32,7,44,29,28,56,63,176,4,40,44,220
04/03/2009,MAF,TX,ASW,CE,Combined TRACON& Tower with Radar,32,23,25,14,94,0,8,17,8,33,32,31,42,22,127,0,0,0,127
04/04/2009,MAF,TX,ASW,CE,Combined TRACON& Tower with Radar,20,11,10,0,41,0,1,12,4,17,20,12,22,4,58,0,0,0,58
04/05/2009,MAF,TX,ASW,CE,Combined TRACON& Tower with Radar,28,14,19,1,62,0,0,11,3,14,28,14,30,4,76,0,0,0,76
04/06/2009,MAF,TX,ASW,CE,Combined TRACON& Tower with Radar,34,25,23,27,109,0,6,20,2,28,34,31,43,29,137,0,4,4,141
04/07/2009,MAF,TX,ASW,CE,Combined TRACON& Tower with Radar,21,36,36,44,137,0,6,37,2,45,21,42,73,46,182,6,30,36,218
04/08/2009,MAF,TX,ASW,CE,Combined TRACON& Tower with Radar,22,36,40,47,145,0,6,31,3,40,22,42,71,50,185,6,58,64,249
04/09/2009,MAF,TX,ASW,CE,Combined TRACON& Tower with Radar,21,40,35,0,96,0,7,12,4,23,21,47,47,4,119,0,0,0,119
04/10/2009,MAF,TX,ASW,CE,Combined TRACON& Tower with Radar,24,38,22,59,143,0,6,21,11,38,24,44,43,70,181,0,52,52,233
04/11/2009,MAF,TX,ASW,CE,Combined TRACON& Tower with Radar,12,19,14,0,45,0,0,2,2,4,12,19,16,2,49,0,0,0,49
04/12/2009,MAF,TX,ASW,CE,Combined TRACON& Tower with Radar,18,21,15,10,64,0,3,14,13,30,18,24,29,23,94,0,0,0,94
04/13/2009,MAF,TX,ASW,CE,Combined TRACON& Tower with Radar,24,30,34,49,137,0,5,33,0,38,24,35,67,49,175,0,38,38,213
04/14/2009,MAF,TX,ASW,CE,Combined TRACON& Tower with Radar,24,39,34,37,134,0,6,26,7,39,24,45,60,44,173,0,6,6,179
04/15/2009,MAF,TX,ASW,CE,Combined TRACON& Tower with Radar,21,33,41,4,99,0,7,27,4,38,21,40,68,8,137,2,6,8,145
04/16/2009,MAF,TX,ASW,CE,Combined TRACON& Tower with Radar,20,43,52,86,201,0,3,14,9,26,20,46,66,95,227,0,64,64,291
04/17/2009,MAF,TX,ASW,CE,Combined TRACON& Tower with Radar,27,33,29,68,157,0,6,15,6,27,27,39,44,74,184,10,18,28,212
04/18/2009,MAF,TX,ASW,CE,Combined TRACON& Tower with Radar,13,16,15,16,60,0,0,25,7,32,13,16,40,23,92,4,8,12,104
04/19/2009,MAF,TX,ASW,CE,Combined TRACON& Tower with Radar,18,29,17,9,73,0,0,16,0,16,18,29,33,9,89,0,0,0,89
04/20/2009,MAF,TX,ASW,CE,Combined TRACON& Tower with Radar,25,36,43,64,168,0,6,31,7,44,25,42,74,71,212,4,0,4,216
04/21/2009,MAF,TX,ASW,CE,Combined TRACON& Tower with Radar,22,34,46,45,147,0,5,35,2,42,22,39,81,47,189,14,94,108,297
04/22/2009,MAF,TX,ASW,CE,Combined TRACON& Tower with Radar,22,33,26,42,123,0,6,34,2,42,22,39,60,44,165,2,42,44,209
04/23/2009,MAF,TX,ASW,CE,Combined TRACON& Tower with Radar,21,37,41,86,185,0,5,26,6,37,21,42,67,92,222,2,86,88,310
04/24/2009,MAF,TX,ASW,CE,Combined TRACON& Tower with Radar,21,30,35,80,166,0,8,26,12,46,21,38,61,92,212,0,82,82,294
04/25/2009,MAF,TX,ASW,CE,Combined TRACON& Tower with Radar,12,22,25,9,68,0,0,9,7,16,12,22,34,16,84,0,8,8,92
04/26/2009,MAF,TX,ASW,CE,Combined TRACON& Tower with Radar,18,30,30,11,89,0,0,15,0,15,18,30,45,11,104,20,0,20,124
04/27/2009,MAF,TX,ASW,CE,Combined TRACON& Tower with Radar,21,32,14,76,143,0,4,27,1,32,21,36,41,77,175,8,110,118,293
04/28/2009,MAF,TX,ASW,CE,Combined TRACON& Tower with Radar,20,44,62,14,140,0,0,0,0,0,20,44,62,14,140,2,4,6,146
04/29/2009,MAF,TX,ASW,CE,Combined TRACON& Tower with Radar,25,41,44,44,154,0,3,14,2,19,25,44,58,46,173,0,80,80,253
04/30/2009,MAF,TX,ASW,CE,Combined TRACON& Tower with Radar,22,44,65,87,218,0,5,31,8,44,22,49,96,95,262,28,70,98,360
05/01/2009,MAF,TX,ASW,CE,Combined TRACON& Tower with Radar,22,41,27,99,189,2,2,23,10,37,24,43,50,109,226,10,62,72,298
05/02/2009,MAF,TX,ASW,CE,Combined TRACON& Tower with Radar,14,27,19,34,94,0,1,12,9,22,14,28,31,43,116,0,26,26,142
05/03/2009,MAF,TX,ASW,CE,Combined TRACON& Tower with Radar,18,22,21,13,74,0,0,16,1,17,18,22,37,14,91,14,0,14,105
05/04/2009,MAF,TX,ASW,CE,Combined TRACON& Tower with Radar,22,40,24,49,135,0,4,32,2,38,22,44,56,51,173,2,0,2,175
05/05/2009,MAF,TX,ASW,CE,Combined TRACON& Tower with Radar,21,40,34,42,137,0,2,29,2,33,21,42,63,44,170,12,58,70,240
05/06/2009,MAF,TX,ASW,CE,Combined TRACON& Tower with Radar,21,36,35,25,117,0,2,19,7,28,21,38,54,32,145,2,36,38,183
05/07/2009,MAF,TX,ASW,CE,Combined TRACON& Tower with Radar,20,38,32,60,150,0,6,29,11,46,20,44,61,71,196,0,57,57,253
05/08/2009,MAF,TX,ASW,CE,Combined TRACON& Tower with Radar,22,44,36,8,110,0,8,12,4,24,22,52,48,12,134,0,8,8,142
05/09/2009,MAF,TX,ASW,CE,Combined TRACON& Tower with Radar,12,18,17,2,49,0,0,2,1,3,12,18,19,3,52,0,0,0,52
05/10/2009,MAF,TX,ASW,CE,Combined TRACON& Tower with Radar,18,24,20,3,65,0,0,11,2,13,18,24,31,5,78,18,0,18,96
05/11/2009,MAF,TX,ASW,CE,Combined TRACON& Tower with Radar,23,45,27,37,132,0,2,5,0,7,23,47,32,37,139,0,36,36,175
05/12/2009,MAF,TX,ASW,CE,Combined TRACON& Tower with Radar,22,46,25,36,129,0,6,27,7,40,22,52,52,43,169,2,60,62,231
05/13/2009,MAF,TX,ASW,CE,Combined TRACON& Tower with Radar,20,44,30,57,151,0,3,25,1,29,20,47,55,58,180,6,82,88,268
05/14/2009,MAF,TX,ASW,CE,Combined TRACON& Tower with Radar,21,41,36,29,127,0,6,21,0,27,21,47,57,29,154,2,38,40,194
05/15/2009,MAF,TX,ASW,CE,Combined TRACON& Tower with Radar,20,38,36,54,148,0,5,14,5,24,20,43,50,59,172,0,82,82,254
05/16/2009,MAF,TX,ASW,CE,Combined TRACON& Tower with Radar,12,22,19,0,53,0,1,13,3,17,12,23,32,3,70,0,0,0,70
05/17/2009,MAF,TX,ASW,CE,Combined TRACON& Tower with Radar,20,26,28,0,74,2,2,27,5,36,22,28,55,5,110,18,0,18,128
05/18/2009,MAF,TX,ASW,CE,Combined TRACON& Tower with Radar,20,38,24,30,112,0,8,24,2,34,20,46,48,32,146,2,122,124,270
05/19/2009,MAF,TX,ASW,CE,Combined TRACON& Tower with Radar,20,35,24,37,116,0,6,28,7,41,20,41,52,44,157,16,56,72,229
05/20/2009,MAF,TX,ASW,CE,Combined TRACON& Tower with Radar,20,38,41,20,119,0,7,33,2,42,20,45,74,22,161,8,32,40,201
05/21/2009,MAF,TX,ASW,CE,Combined TRACON& Tower with Radar,22,43,39,7,111,0,6,28,7,41,22,49,67,14,152,4,8,12,164
05/22/2009,MAF,TX,ASW,CE,Combined TRACON& Tower with Radar,20,43,48,2,113,0,3,14,1,18,20,46,62,3,131,4,12,16,147
05/23/2009,MAF,TX,ASW,CE,Combined TRACON& Tower with Radar,12,21,16,0,49,0,0,5,0,5,12,21,21,0,54,0,0,0,54
05/24/2009,MAF,TX,ASW,CE,Combined TRACON& Tower with Radar,14,20,16,4,54,0,0,17,0,17,14,20,33,4,71,4,0,4,75
05/25/2009,MAF,TX,ASW,CE,Combined TRACON& Tower with Radar,18,29,22,2,71,0,0,36,2,38,18,29,58,4,109,0,0,0,109
05/26/2009,MAF,TX,ASW,CE,Combined TRACON& Tower with Radar,20,35,28,22,105,0,5,17,3,25,20,40,45,25,130,2,34,36,166
05/27/2009,MAF,TX,ASW,CE,Combined TRACON& Tower with Radar,20,38,25,63,146,0,8,28,5,41,20,46,53,68,187,2,36,38,225
05/28/2009,MAF,TX,ASW,CE,Combined TRACON& Tower with Radar,20,38,27,34,119,0,5,32,3,40,20,43,59,37,159,2,40,42,201
05/29/2009,MAF,TX,ASW,CE,Combined TRACON& Tower with Radar,20,36,26,32,114,0,10,23,4,37,20,46,49,36,151,0,34,34,185
05/30/2009,MAF,TX,ASW,CE,Combined TRACON& Tower with Radar,14,22,9,0,45,0,2,10,1,13,14,24,19,1,58,0,0,0,58
05/31/2009,MAF,TX,ASW,CE,Combined TRACON& Tower with Radar,18,25,26,4,73,0,0,20,3,23,18,25,46,7,96,0,2,2,98
06/01/2009,MAF,TX,ASW,CE,Combined TRACON& Tower with Radar,21,40,20,45,126,0,5,16,2,23,21,45,36,47,149,0,54,54,203
06/02/2009,MAF,TX,ASW,CE,Combined TRACON& Tower with Radar,22,42,27,32,123,0,4,20,0,24,22,46,47,32,147,2,48,50,197
06/03/2009,MAF,TX,ASW,CE,Combined TRACON& Tower with Radar,20,44,35,61,160,0,4,19,0,23,20,48,54,61,183,4,78,82,265
06/04/2009,MAF,TX,ASW,CE,Combined TRACON& Tower with Radar,20,39,29,16,104,0,6,27,2,35,20,45,56,18,139,0,6,6,145
06/05/2009,MAF,TX,ASW,CE,Combined TRACON& Tower with Radar,24,44,19,5,92,0,6,19,2,27,24,50,38,7,119,2,10,12,131
06/06/2009,MAF,TX,ASW,CE,Combined TRACON& Tower with Radar,12,18,14,0,44,0,2,6,0,8,12,20,20,0,52,0,0,0,52
06/07/2009,MAF,TX,ASW,CE,Combined TRACON& Tower with Radar,18,30,32,6,86,0,1,14,0,15,18,31,46,6,101,14,0,14,115
06/08/2009,MAF,TX,ASW,CE,Combined TRACON& Tower with Radar,20,35,29,24,108,0,6,34,5,45,20,41,63,29,153,0,48,48,201
06/09/2009,MAF,TX,ASW,CE,Combined TRACON& Tower with Radar,20,41,41,31,133,0,7,26,3,36,20,48,67,34,169,8,61,69,238
06/10/2009,MAF,TX,ASW,CE,Combined TRACON& Tower with Radar,19,39,32,6,96,0,2,12,1,15,19,41,44,7,111,10,0,10,121
06/11/2009,MAF,TX,ASW,CE,Combined TRACON& Tower with Radar,18,42,40,37,137,0,5,27,0,32,18,47,67,37,169,24,124,148,317
06/12/2009,MAF,TX,ASW,CE,Combined TRACON& Tower with Radar,20,39,26,31,116,0,6,24,1,31,20,45,50,32,147,2,56,58,205
06/13/2009,MAF,TX,ASW,CE,Combined TRACON& Tower with Radar,14,18,15,0,47,0,0,20,2,22,14,18,35,2,69,10,0,10,79
06/14/2009,MAF,TX,ASW,CE,Combined TRACON& Tower with Radar,18,30,27,2,77,0,1,9,0,10,18,31,36,2,87,10,0,10,97
06/15/2009,MAF,TX,ASW,CE,Combined TRACON& Tower with Radar,20,39,25,29,113,0,6,22,0,28,20,45,47,29,141,24,16,40,181
06/16/2009,MAF,TX,ASW,CE,Combined TRACON& Tower with Radar,20,39,35,55,149,0,8,21,7,36,20,47,56,62,185,0,24,24,209
06/17/2009,MAF,TX,ASW,CE,Combined TRACON& Tower with Radar,20,47,37,43,147,0,8,27,1,36,20,55,64,44,183,0,36,36,219
06/18/2009,MAF,TX,ASW,CE,Combined TRACON& Tower with Radar,20,35,35,48,138,0,9,17,1,27,20,44,52,49,165,8,86,94,259
06/19/2009,MAF,TX,ASW,CE,Combined TRACON& Tower with Radar,20,42,41,18,121,0,4,6,2,12,20,46,47,20,133,0,16,16,149
06/20/2009,MAF,TX,ASW,CE,Combined TRACON& Tower with Radar,12,27,16,8,63,0,1,14,0,15,12,28,30,8,78,0,0,0,78
06/21/2009,MAF,TX,ASW,CE,Combined TRACON& Tower with Radar,18,26,30,11,85,0,2,24,2,28,18,28,54,13,113,0,0,0,113
06/22/2009,MAF,TX,ASW,CE,Combined TRACON& Tower with Radar,20,39,24,24,107,0,5,21,2,28,20,44,45,26,135,8,48,56,191
06/23/2009,MAF,TX,ASW,CE,Combined TRACON& Tower with Radar,20,44,21,25,110,0,5,28,5,38,20,49,49,30,148,10,42,52,200
06/24/2009,MAF,TX,ASW,CE,Combined TRACON& Tower with Radar,20,39,22,26,107,0,10,18,2,30,20,49,40,28,137,4,32,36,173
06/25/2009,MAF,TX,ASW,CE,Combined TRACON& Tower with Radar,20,42,32,31,125,0,6,45,12,63,20,48,77,43,188,20,72,92,280
06/26/2009,MAF,TX,ASW,CE,Combined TRACON& Tower with Radar,20,39,33,18,110,0,6,23,4,33,20,45,56,22,143,4,28,32,175
06/27/2009,MAF,TX,ASW,CE,Combined TRACON& Tower with Radar,13,20,10,6,49,0,0,18,0,18,13,20,28,6,67,0,0,0,67
06/28/2009,MAF,TX,ASW,CE,Combined TRACON& Tower with Radar,18,28,25,4,75,0,0,14,0,14,18,28,39,4,89,28,0,28,117
06/29/2009,MAF,TX,ASW,CE,Combined TRACON& Tower with Radar,20,36,18,0,74,0,5,10,2,17,20,41,28,2,91,0,0,0,91
06/30/2009,MAF,TX,ASW,CE,Combined TRACON& Tower with Radar,20,43,37,2,102,0,4,16,4,24,20,47,53,6,126,16,0,16,142
07/01/2009,MAF,TX,ASW,CE,Combined TRACON& Tower with Radar,20,48,34,26,128,0,4,19,1,24,20,52,53,27,152,0,0,0,152
07/02/2009,MAF,TX,ASW,CE,Combined TRACON& Tower with Radar,20,43,46,26,135,0,6,31,2,39,20,49,77,28,174,4,52,56,230
07/03/2009,MAF,TX,ASW,CE,Combined TRACON& Tower with Radar,18,27,12,2,59,0,6,27,4,37,18,33,39,6,96,30,0,30,126
07/04/2009,MAF,TX,ASW,CE,Combined TRACON& Tower with Radar,12,17,1,0,30,0,2,20,0,22,12,19,21,0,52,0,0,0,52
07/05/2009,MAF,TX,ASW,CE,Combined TRACON& Tower with Radar,18,27,25,0,70,0,1,4,0,5,18,28,29,0,75,0,0,0,75
07/06/2009,MAF,TX,ASW,CE,Combined TRACON& Tower with Radar,22,41,32,0,95,0,3,13,0,16,22,44,45,0,111,0,0,0,111
07/07/2009,MAF,TX,ASW,CE,Combined TRACON& Tower with Radar,20,37,25,68,150,0,6,19,1,26,20,43,44,69,176,0,0,0,176
07/08/2009,MAF,TX,ASW,CE,Combined TRACON& Tower with Radar,20,40,28,33,121,0,6,24,0,30,20,46,52,33,151,0,0,0,151
07/09/2009,MAF,TX,ASW,CE,Combined TRACON& Tower with Radar,20,37,20,57,134,0,7,15,4,26,20,44,35,61,160,0,48,48,208
07/10/2009,MAF,TX,ASW,CE,Combined TRACON& Tower with Radar,22,36,35,67,160,0,5,33,5,43,22,41,68,72,203,0,44,44,247
07/11/2009,MAF,TX,ASW,CE,Combined TRACON& Tower with Radar,12,20,10,2,44,0,0,20,0,20,12,20,30,2,64,4,0,4,68
07/12/2009,MAF,TX,ASW,CE,Combined TRACON& Tower with Radar,18,27,16,7,68,0,1,10,0,11,18,28,26,7,79,0,0,0,79
07/13/2009,MAF,TX,ASW,CE,Combined TRACON& Tower with Radar,20,42,17,59,138,0,6,23,4,33,20,48,40,63,171,6,70,76,247
07/14/2009,MAF,TX,ASW,CE,Combined TRACON& Tower with Radar,21,38,36,47,142,0,6,25,3,34,21,44,61,50,176,2,70,72,248
07/15/2009,MAF,TX,ASW,CE,Combined TRACON& Tower with Radar,19,40,34,26,119,0,6,31,2,39,19,46,65,28,158,0,34,34,192
07/16/2009,MAF,TX,ASW,CE,Combined TRACON& Tower with Radar,22,37,37,57,153,0,6,35,4,45,22,43,72,61,198,0,0,0,198
07/17/2009,MAF,TX,ASW,CE,Combined TRACON& Tower with Radar,20,36,31,72,159,0,7,24,4,35,20,43,55,76,194,0,86,86,280
07/18/2009,MAF,TX,ASW,CE,Combined TRACON& Tower with Radar,14,19,21,0,54,0,0,19,0,19,14,19,40,0,73,14,0,14,87
07/19/2009,MAF,TX,ASW,CE,Combined TRACON& Tower with Radar,18,23,27,8,76,0,0,9,3,12,18,23,36,11,88,30,0,30,118
07/20/2009,MAF,TX,ASW,CE,Combined TRACON& Tower with Radar,22,32,29,35,118,0,6,21,1,28,22,38,50,36,146,4,28,32,178
07/21/2009,MAF,TX,ASW,CE,Combined TRACON& Tower with Radar,23,43,27,43,136,0,5,27,6,38,23,48,54,49,174,14,126,140,314
07/22/2009,MAF,TX,ASW,CE,Combined TRACON& Tower with Radar,20,43,23,4,90,0,4,9,0,13,20,47,32,4,103,0,0,0,103
07/23/2009,MAF,TX,ASW,CE,Combined TRACON& Tower with Radar,20,50,27,19,116,0,1,11,0,12,20,51,38,19,128,0,22,22,150
07/24/2009,MAF,TX,ASW,CE,Combined TRACON& Tower with Radar,20,37,31,19,107,0,6,31,1,38,20,43,62,20,145,26,20,46,191
07/25/2009,MAF,TX,ASW,CE,Combined TRACON& Tower with Radar,12,19,16,0,47,0,2,25,0,27,12,21,41,0,74,0,0,0,74
07/26/2009,MAF,TX,ASW,CE,Combined TRACON& Tower with Radar,18,27,21,12,78,0,0,16,0,16,18,27,37,12,94,6,0,6,100
07/27/2009,MAF,TX,ASW,CE,Combined TRACON& Tower with Radar,20,34,23,52,129,0,6,26,1,33,20,40,49,53,162,26,94,120,282
07/28/2009,MAF,TX,ASW,CE,Combined TRACON& Tower with Radar,20,41,28,28,117,0,6,16,4,26,20,47,44,32,143,36,70,106,249
07/29/2009,MAF,TX,ASW,CE,Combined TRACON& Tower with Radar,22,37,26,92,177,0,5,18,2,25,22,42,44,94,202,14,150,164,366
07/30/2009,MAF,TX,ASW,CE,Combined TRACON& Tower with Radar,20,41,25,17,103,0,8,18,0,26,20,49,43,17,129,30,0,30,159
07/31/2009,MAF,TX,ASW,CE,Combined TRACON& Tower with Radar,20,39,37,66,162,0,3,16,2,21,20,42,53,68,183,0,92,92,275
08/01/2009,MAF,TX,ASW,CE,Combined TRACON& Tower with Radar,15,20,20,12,67,0,0,18,4,22,15,20,38,16,89,10,16,26,115
08/02/2009,MAF,TX,ASW,CE,Combined TRACON& Tower with Radar,18,28,19,0,65,0,0,20,0,20,18,28,39,0,85,0,0,0,85
08/03/2009,MAF,TX,ASW,CE,Combined TRACON& Tower with Radar,22,40,18,37,117,0,6,18,4,28,22,46,36,41,145,32,80,112,257
08/04/2009,MAF,TX,ASW,CE,Combined TRACON& Tower with Radar,22,37,35,28,122,1,8,38,2,49,23,45,73,30,171,16,88,104,275
08/05/2009,MAF,TX,ASW,CE,Combined TRACON& Tower with Radar,20,35,44,53,152,0,6,24,2,32,20,41,68,55,184,6,52,58,242
08/06/2009,MAF,TX,ASW,CE,Combined TRACON& Tower with Radar,19,39,33,24,115,0,6,24,2,32,19,45,57,26,147,6,58,64,211
08/07/2009,MAF,TX,ASW,CE,Combined TRACON& Tower with Radar,20,40,27,37,124,0,6,34,4,44,20,46,61,41,168,0,0,0,168
08/08/2009,MAF,TX,ASW,CE,Combined TRACON& Tower with Radar,12,24,10,3,49,0,0,22,1,23,12,24,32,4,72,6,0,6,78
08/09/2009,MAF,TX,ASW,CE,Combined TRACON& Tower with Radar,20,26,14,7,67,0,0,18,0,18,20,26,32,7,85,20,0,20,105
08/10/2009,MAF,TX,ASW,CE,Combined TRACON& Tower with Radar,20,35,27,37,119,0,6,45,1,52,20,41,72,38,171,20,70,90,261
08/11/2009,MAF,TX,ASW,CE,Combined TRACON& Tower with Radar,20,45,28,81,174,0,6,26,2,34,20,51,54,83,208,0,0,0,208
08/12/2009,MAF,TX,ASW,CE,Combined TRACON& Tower with Radar,20,35,26,36,117,0,6,22,1,29,20,41,48,37,146,18,36,54,200
08/13/2009,MAF,TX,ASW,CE,Combined TRACON& Tower with Radar,20,38,26,33,117,0,6,14,0,20,20,44,40,33,137,0,66,66,203
08/14/2009,MAF,TX,ASW,CE,Combined TRACON& Tower with Radar,20,42,42,32,136,0,6,22,0,28,20,48,64,32,164,0,0,0,164
08/15/2009,MAF,TX,ASW,CE,Combined TRACON& Tower with Radar,15,22,18,3,58,0,0,15,0,15,15,22,33,3,73,16,0,16,89
08/16/2009,MAF,TX,ASW,CE,Combined TRACON& Tower with Radar,18,29,25,0,72,0,0,19,0,19,18,29,44,0,91,0,0,0,91
08/17/2009,MAF,TX,ASW,CE,Combined TRACON& Tower with Radar,20,36,37,35,128,0,6,40,6,52,20,42,77,41,180,30,46,76,256
08/18/2009,MAF,TX,ASW,CE,Combined TRACON& Tower with Radar,20,38,34,64,156,0,6,33,7,46,20,44,67,71,202,8,72,80,282
08/19/2009,MAF,TX,ASW,CE,Combined TRACON& Tower with Radar,20,41,41,64,166,0,7,25,3,35,20,48,66,67,201,8,84,92,293
08/20/2009,MAF,TX,ASW,CE,Combined TRACON& Tower with Radar,20,40,29,36,125,0,6,34,2,42,20,46,63,38,167,0,58,58,225
08/21/2009,MAF,TX,ASW,CE,Combined TRACON& Tower with Radar,20,38,41,55,154,0,6,21,2,29,20,44,62,57,183,0,72,72,255
08/22/2009,MAF,TX,ASW,CE,Combined TRACON& Tower with Radar,12,22,14,0,48,0,0,19,0,19,12,22,33,0,67,8,0,8,75
08/23/2009,MAF,TX,ASW,CE,Combined TRACON& Tower with Radar,18,25,28,1,72,0,0,12,0,12,18,25,40,1,84,16,10,26,110
08/24/2009,MAF,TX,ASW,CE,Combined TRACON& Tower with Radar,18,41,13,47,119,0,6,13,1,20,18,47,26,48,139,0,50,50,189
08/25/2009,MAF,TX,ASW,CE,Combined TRACON& Tower with Radar,28,33,21,94,176,0,6,21,7,34,28,39,42,101,210,4,108,112,322
08/26/2009,MAF,TX,ASW,CE,Combined TRACON& Tower with Radar,28,29,33,50,140,0,6,29,4,39,28,35,62,54,179,18,84,102,281
08/27/2009,MAF,TX,ASW,CE,Combined TRACON& Tower with Radar,30,35,36,17,118,0,6,24,0,30,30,41,60,17,148,0,0,0,148
08/28/2009,MAF,TX,ASW,CE,Combined TRACON& Tower with Radar,28,25,28,47,128,0,6,19,0,25,28,31,47,47,153,0,0,0,153
08/29/2009,MAF,TX,ASW,CE,Combined TRACON& Tower with Radar,20,15,21,3,59,0,0,19,1,20,20,15,40,4,79,4,0,4,83
08/30/2009,MAF,TX,ASW,CE,Combined TRACON& Tower with Radar,28,16,17,4,65,0,0,12,0,12,28,16,29,4,77,0,0,0,77
08/31/2009,MAF,TX,ASW,CE,Combined TRACON& Tower with Radar,32,30,37,48,147,0,6,24,2,32,32,36,61,50,179,8,72,80,259
09/01/2009,MAF,TX,ASW,CE,Combined TRACON& Tower with Radar,26,27,17,34,104,0,6,27,5,38,26,33,44,39,142,25,47,72,214
09/02/2009,MAF,TX,ASW,CE,Combined TRACON& Tower with Radar,28,31,22,36,117,0,6,36,0,42,28,37,58,36,159,0,0,0,159
09/03/2009,MAF,TX,ASW,CE,Combined TRACON& Tower with Radar,26,38,29,39,132,0,8,36,0,44,26,46,65,39,176,22,86,108,284
09/04/2009,MAF,TX,ASW,CE,Combined TRACON& Tower with Radar,28,32,29,34,123,0,6,26,1,33,28,38,55,35,156,0,0,0,156
09/05/2009,MAF,TX,ASW,CE,Combined TRACON& Tower with Radar,22,16,12,0,50,0,0,11,1,12,22,16,23,1,62,0,0,0,62
09/06/2009,MAF,TX,ASW,CE,Combined TRACON& Tower with Radar,18,15,9,0,42,0,0,17,0,17,18,15,26,0,59,0,0,0,59
09/07/2009,MAF,TX,ASW,CE,Combined TRACON& Tower with Radar,26,19,23,8,76,0,0,22,0,22,26,19,45,8,98,0,0,0,98
09/08/2009,MAF,TX,ASW,CE,Combined TRACON& Tower with Radar,30,35,19,14,98,0,2,10,0,12,30,37,29,14,110,0,20,20,130
09/09/2009,MAF,TX,ASW,CE,Combined TRACON& Tower with Radar,28,26,33,29,116,0,2,30,4,36,28,28,63,33,152,34,54,88,240
09/10/2009,MAF,TX,ASW,CE,Combined TRACON& Tower with Radar,28,35,36,23,122,0,3,23,0,26,28,38,59,23,148,10,72,82,230
09/11/2009,MAF,TX,ASW,CE,Combined TRACON& Tower with Radar,30,35,30,13,108,0,2,23,0,25,30,37,53,13,133,0,0,0,133
09/12/2009,MAF,TX,ASW,CE,Combined TRACON& Tower with Radar,20,13,21,0,54,0,0,10,0,10,20,13,31,0,64,12,0,12,76
09/13/2009,MAF,TX,ASW,CE,Combined TRACON& Tower with Radar,26,18,27,38,109,0,0,7,4,11,26,18,34,42,120,4,6,10,130
09/14/2009,MAF,TX,ASW,CE,Combined TRACON& Tower with Radar,28,36,31,42,137,0,2,15,0,17,28,38,46,42,154,0,16,16,170
09/15/2009,MAF,TX,ASW,CE,Combined TRACON& Tower with Radar,30,38,27,64,159,0,4,17,2,23,30,42,44,66,182,0,156,156,338
09/16/2009,MAF,TX,ASW,CE,Combined TRACON& Tower with Radar,0,0,0,0,0,0,0,0,0,0,0,0,0,0,0,8,0,8,8
09/17/2009,MAF,TX,ASW,CE,Combined TRACON& Tower with Radar,18,16,21,40,95,0,3,6,5,14,18,19,27,45,109,4,134,138,247
09/18/2009,MAF,TX,ASW,CE,Combined TRACON& Tower with Radar,28,29,43,75,175,0,4,21,4,29,28,33,64,79,204,0,0,0,204
09/19/2009,MAF,TX,ASW,CE,Combined TRACON& Tower with Radar,22,12,13,4,51,0,2,14,1,17,22,14,27,5,68,43,0,43,111
09/20/2009,MAF,TX,ASW,CE,Combined TRACON& Tower with Radar,26,16,28,22,92,0,1,16,4,21,26,17,44,26,113,42,0,42,155
09/21/2009,MAF,TX,ASW,CE,Combined TRACON& Tower with Radar,30,27,33,61,151,0,6,30,2,38,30,33,63,63,189,12,118,130,319
09/22/2009,MAF,TX,ASW,CE,Combined TRACON& Tower with Radar,28,34,61,162,285,0,4,11,179,194,28,38,72,341,479,0,0,0,479
09/23/2009,MAF,TX,ASW,CE,Combined TRACON& Tower with Radar,28,27,39,122,216,0,6,27,3,36,28,33,66,125,252,0,160,160,412
09/24/2009,MAF,TX,ASW,CE,Combined TRACON& Tower with Radar,28,29,36,87,180,0,4,20,4,28,28,33,56,91,208,26,136,162,370
09/25/2009,MAF,TX,ASW,CE,Combined TRACON& Tower with Radar,28,38,31,33,130,0,8,30,8,46,28,46,61,41,176,14,44,58,234
09/26/2009,MAF,TX,ASW,CE,Combined TRACON& Tower with Radar,20,12,16,2,50,0,0,16,2,18,20,12,32,4,68,28,4,32,100
09/27/2009,MAF,TX,ASW,CE,Combined TRACON& Tower with Radar,26,18,21,13,78,0,3,15,2,20,26,21,36,15,98,0,4,4,102
09/28/2009,MAF,TX,ASW,CE,Combined TRACON& Tower with Radar,31,35,34,43,143,0,8,20,6,34,31,43,54,49,177,0,28,28,205
09/29/2009,MAF,TX,ASW,CE,Combined TRACON& Tower with Radar,24,77,53,35,189,0,5,23,0,28,24,82,76,35,217,0,100,100,317
09/30/2009,MAF,TX,ASW,CE,Combined TRACON& Tower with Radar,28,26,51,4,109,0,4,31,0,35,28,30,82,4,144,0,0,0,144
10/01/2009,MAF,TX,ASW,CE,Combined TRACON& Tower with Radar,30,70,46,64,210,0,8,24,5,37,30,78,70,69,247,0,86,86,333
10/02/2009,MAF,TX,ASW,CE,Combined TRACON& Tower with Radar,28,26,39,8,101,0,7,21,0,28,28,33,60,8,129,0,0,0,129
10/03/2009,MAF,TX,ASW,CE,Combined TRACON& Tower with Radar,20,14,13,0,47,0,0,18,0,18,20,14,31,0,65,20,0,20,85
10/04/2009,MAF,TX,ASW,CE,Combined TRACON& Tower with Radar,28,16,37,54,135,0,1,9,2,12,28,17,46,56,147,0,0,0,147
10/05/2009,MAF,TX,ASW,CE,Combined TRACON& Tower with Radar,28,92,26,45,191,0,7,17,2,26,28,99,43,47,217,8,58,66,283
10/06/2009,MAF,TX,ASW,CE,Combined TRACON& Tower with Radar,26,41,43,21,131,0,2,14,1,17,26,43,57,22,148,10,26,36,184
10/07/2009,MAF,TX,ASW,CE,Combined TRACON& Tower with Radar,30,41,38,40,149,0,2,8,5,15,30,43,46,45,164,0,0,0,164
10/08/2009,MAF,TX,ASW,CE,Combined TRACON& Tower with Radar,24,81,26,48,179,0,3,34,5,42,24,84,60,53,221,4,22,26,247
10/09/2009,MAF,TX,ASW,CE,Combined TRACON& Tower with Radar,25,31,21,17,94,0,1,70,1,72,25,32,91,18,166,0,0,0,166
10/10/2009,MAF,TX,ASW,CE,Combined TRACON& Tower with Radar,23,14,14,8,59,0,2,57,4,63,23,16,71,12,122,0,0,0,122
10/11/2009,MAF,TX,ASW,CE,Combined TRACON& Tower with Radar,31,29,31,5,96,0,0,0,0,0,31,29,31,5,96,0,0,0,96
10/12/2009,MAF,TX,ASW,CE,Combined TRACON& Tower with Radar,28,33,44,7,112,0,0,20,0,20,28,33,64,7,132,0,0,0,132
10/13/2009,MAF,TX,ASW,CE,Combined TRACON& Tower with Radar,25,77,21,55,178,0,7,22,2,31,25,84,43,57,209,6,56,62,271
10/14/2009,MAF,TX,ASW,CE,Combined TRACON& Tower with Radar,28,77,43,34,182,0,7,39,2,48,28,84,82,36,230,10,70,80,310
10/15/2009,MAF,TX,ASW,CE,Combined TRACON& Tower with Radar,25,69,44,27,165,0,6,28,3,37,25,75,72,30,202,0,106,106,308
10/16/2009,MAF,TX,ASW,CE,Combined TRACON& Tower with Radar,28,64,28,42,162,0,6,37,6,49,28,70,65,48,211,0,0,0,211
10/17/2009,MAF,TX,ASW,CE,Combined TRACON& Tower with Radar,18,13,22,0,53,0,0,36,1,37,18,13,58,1,90,0,0,0,90
10/18/2009,MAF,TX,ASW,CE,Combined TRACON& Tower with Radar,26,18,19,2,65,0,0,21,2,23,26,18,40,4,88,0,0,0,88
10/19/2009,MAF,TX,ASW,CE,Combined TRACON& Tower with Radar,28,45,29,13,115,0,6,34,2,42,28,51,63,15,157,4,18,22,179
10/20/2009,MAF,TX,ASW,CE,Combined TRACON& Tower with Radar,28,47,38,27,140,0,6,23,0,29,28,53,61,27,169,0,0,0,169
10/21/2009,MAF,TX,ASW,CE,Combined TRACON& Tower with Radar,28,78,32,23,161,0,1,5,1,7,28,79,37,24,168,0,50,50,218
10/22/2009,MAF,TX,ASW,CE,Combined TRACON& Tower with Radar,28,58,38,24,148,0,5,33,0,38,28,63,71,24,186,28,88,116,302
10/23/2009,MAF,TX,ASW,CE,Combined TRACON& Tower with Radar,28,80,44,36,188,0,6,49,4,59,28,86,93,40,247,0,0,0,247
10/24/2009,MAF,TX,ASW,CE,Combined TRACON& Tower with Radar,22,12,12,0,46,0,0,25,0,25,22,12,37,0,71,0,0,0,71
10/25/2009,MAF,TX,ASW,CE,Combined TRACON& Tower with Radar,26,16,30,16,88,0,0,10,0,10,26,16,40,16,98,0,0,0,98
10/26/2009,MAF,TX,ASW,CE,Combined TRACON& Tower with Radar,26,63,14,43,146,0,1,9,0,10,26,64,23,43,156,20,14,34,190
10/27/2009,MAF,TX,ASW,CE,Combined TRACON& Tower with Radar,27,43,27,26,123,0,7,29,0,36,27,50,56,26,159,4,54,58,217
10/28/2009,MAF,TX,ASW,CE,Combined TRACON& Tower with Radar,28,52,46,27,153,0,6,23,1,30,28,58,69,28,183,0,116,116,299
10/29/2009,MAF,TX,ASW,CE,Combined TRACON& Tower with Radar,23,43,28,71,165,0,2,8,2,12,23,45,36,73,177,0,120,120,297
10/30/2009,MAF,TX,ASW,CE,Combined TRACON& Tower with Radar,28,54,37,38,157,0,8,27,5,40,28,62,64,43,197,0,0,0,197
10/31/2009,MAF,TX,ASW,CE,Combined TRACON& Tower with Radar,17,13,11,6,47,0,0,15,0,15,17,13,26,6,62,6,0,6,68
11/01/2009,MAF,TX,ASW,CE,Combined TRACON& Tower with Radar,26,19,40,6,91,0,2,20,6,28,26,21,60,12,119,0,0,0,119
11/02/2009,MAF,TX,ASW,CE,Combined TRACON& Tower with Radar,28,38,25,41,132,0,9,33,3,45,28,47,58,44,177,16,52,68,245
11/03/2009,MAF,TX,ASW,CE,Combined TRACON& Tower with Radar,28,42,31,47,148,0,8,28,13,49,28,50,59,60,197,14,90,104,301
11/04/2009,MAF,TX,ASW,CE,Combined TRACON& Tower with Radar,29,53,33,34,149,0,10,31,5,46,29,63,64,39,195,20,88,108,303
11/05/2009,MAF,TX,ASW,CE,Combined TRACON& Tower with Radar,29,34,56,27,146,0,7,35,6,48,29,41,91,33,194,0,0,0,194
11/06/2009,MAF,TX,ASW,CE,Combined TRACON& Tower with Radar,32,44,53,15,144,0,6,39,6,51,32,50,92,21,195,0,0,0,195
11/07/2009,MAF,TX,ASW,CE,Combined TRACON& Tower with Radar,20,13,26,4,63,0,0,20,1,21,20,13,46,5,84,0,0,0,84
11/08/2009,MAF,TX,ASW,CE,Combined TRACON& Tower with Radar,26,19,23,12,80,0,1,19,1,21,26,20,42,13,101,2,0,2,103
11/09/2009,MAF,TX,ASW,CE,Combined TRACON& Tower with Radar,28,53,34,31,146,0,2,5,0,7,28,55,39,31,153,0,4,4,157
11/10/2009,MAF,TX,ASW,CE,Combined TRACON& Tower with Radar,27,35,43,43,148,0,9,17,1,27,27,44,60,44,175,0,52,52,227
11/11/2009,MAF,TX,ASW,CE,Combined TRACON& Tower with Radar,27,28,43,0,98,1,2,26,0,29,28,30,69,0,127,0,0,0,127
11/12/2009,MAF,TX,ASW,CE,Combined TRACON& Tower with Radar,28,62,36,16,142,0,7,34,1,42,28,69,70,17,184,18,92,110,294
11/13/2009,MAF,TX,ASW,CE,Combined TRACON& Tower with Radar,27,59,41,8,135,0,8,32,2,42,27,67,73,10,177,0,0,0,177
11/14/2009,MAF,TX,ASW,CE,Combined TRACON& Tower with Radar,20,12,14,8,54,0,2,15,0,17,20,14,29,8,71,20,0,20,91
11/15/2009,MAF,TX,ASW,CE,Combined TRACON& Tower with Radar,26,16,29,20,91,0,0,13,0,13,26,16,42,20,104,20,6,26,130
11/16/2009,MAF,TX,ASW,CE,Combined TRACON& Tower with Radar,28,60,25,42,155,0,7,25,4,36,28,67,50,46,191,14,124,138,329
11/17/2009,MAF,TX,ASW,CE,Combined TRACON& Tower with Radar,28,74,40,32,174,0,6,30,1,37,28,80,70,33,211,24,116,140,351
11/18/2009,MAF,TX,ASW,CE,Combined TRACON& Tower with Radar,28,49,45,45,167,0,7,48,5,60,28,56,93,50,227,2,74,76,303
11/19/2009,MAF,TX,ASW,CE,Combined TRACON& Tower with Radar,28,48,42,18,136,0,7,18,2,27,28,55,60,20,163,0,40,40,203
11/20/2009,MAF,TX,ASW,CE,Combined TRACON& Tower with Radar,28,64,38,66,196,0,7,25,6,38,28,71,63,72,234,0,108,108,342
11/21/2009,MAF,TX,ASW,CE,Combined TRACON& Tower with Radar,20,14,36,32,102,0,0,19,1,20,20,14,55,33,122,24,12,36,158
11/22/2009,MAF,TX,ASW,CE,Combined TRACON& Tower with Radar,26,20,48,15,109,0,2,21,2,25,26,22,69,17,134,10,0,10,144
11/23/2009,MAF,TX,ASW,CE,Combined TRACON& Tower with Radar,26,38,28,28,120,0,4,39,13,56,26,42,67,41,176,26,24,50,226
11/24/2009,MAF,TX,ASW,CE,Combined TRACON& Tower with Radar,28,45,40,32,145,0,5,30,2,37,28,50,70,34,182,20,132,152,334
11/25/2009,MAF,TX,ASW,CE,Combined TRACON& Tower with Radar,28,57,36,20,141,0,7,38,1,46,28,64,74,21,187,0,88,88,275
11/26/2009,MAF,TX,ASW,CE,Combined TRACON& Tower with Radar,16,10,6,0,32,0,0,10,0,10,16,10,16,0,42,0,88,88,130
11/27/2009,MAF,TX,ASW,CE,Combined TRACON& Tower with Radar,22,19,21,0,62,0,6,8,0,14,22,25,29,0,76,0,0,0,76
11/28/2009,MAF,TX,ASW,CE,Combined TRACON& Tower with Radar,24,16,39,0,79,0,1,15,0,16,24,17,54,0,95,8,0,8,103
11/29/2009,MAF,TX,ASW,CE,Combined TRACON& Tower with Radar,26,20,33,0,79,0,1,7,0,8,26,21,40,0,87,0,0,0,87
11/30/2009,MAF,TX,ASW,CE,Combined TRACON& Tower with Radar,28,63,17,10,118,0,8,13,0,21,28,71,30,10,139,0,52,52,191
12/01/2009,MAF,TX,ASW,CE,Combined TRACON& Tower with Radar,28,47,14,0,89,0,1,1,0,2,28,48,15,0,91,0,0,0,91
12/02/2009,MAF,TX,ASW,CE,Combined TRACON& Tower with Radar,26,49,52,27,154,0,0,20,1,21,26,49,72,28,175,12,36,48,223
12/03/2009,MAF,TX,ASW,CE,Combined TRACON& Tower with Radar,28,37,46,9,120,0,3,19,0,22,28,40,65,9,142,0,0,0,142
12/04/2009,MAF,TX,ASW,CE,Combined TRACON& Tower with Radar,28,25,29,0,82,0,1,9,0,10,28,26,38,0,92,0,0,0,92
12/05/2009,MAF,TX,ASW,CE,Combined TRACON& Tower with Radar,20,12,15,0,47,0,0,27,0,27,20,12,42,0,74,0,0,0,74
12/06/2009,MAF,TX,ASW,CE,Combined TRACON& Tower with Radar,28,18,24,13,83,0,0,14,1,15,28,18,38,14,98,0,0,0,98
12/07/2009,MAF,TX,ASW,CE,Combined TRACON& Tower with Radar,13,9,5,0,27,0,0,0,0,0,13,9,5,0,27,0,0,0,27
12/08/2009,MAF,TX,ASW,CE,Combined TRACON& Tower with Radar,21,20,24,1,66,0,4,5,0,9,21,24,29,1,75,0,0,0,75
12/09/2009,MAF,TX,ASW,CE,Combined TRACON& Tower with Radar,28,42,47,36,153,0,6,51,4,61,28,48,98,40,214,0,46,46,260
12/10/2009,MAF,TX,ASW,CE,Combined TRACON& Tower with Radar,24,40,61,25,150,0,8,49,5,62,24,48,110,30,212,22,49,71,283
12/11/2009,MAF,TX,ASW,CE,Combined TRACON& Tower with Radar,28,51,65,78,222,0,7,35,8,50,28,58,100,86,272,20,58,78,350
12/12/2009,MAF,TX,ASW,CE,Combined TRACON& Tower with Radar,22,16,36,9,83,0,2,16,0,18,22,18,52,9,101,20,0,20,121
12/13/2009,MAF,TX,ASW,CE,Combined TRACON& Tower with Radar,26,17,37,12,92,0,0,19,1,20,26,17,56,13,112,0,0,0,112
12/14/2009,MAF,TX,ASW,CE,Combined TRACON& Tower with Radar,28,43,31,32,134,0,8,18,3,29,28,51,49,35,163,12,48,60,223
12/15/2009,MAF,TX,ASW,CE,Combined TRACON& Tower with Radar,28,41,57,83,209,0,7,17,6,30,28,48,74,89,239,4,84,88,327
12/16/2009,MAF,TX,ASW,CE,Combined TRACON& Tower with Radar,28,55,58,29,170,0,10,35,3,48,28,65,93,32,218,14,32,46,264
12/17/2009,MAF,TX,ASW,CE,Combined TRACON& Tower with Radar,28,39,58,40,165,0,9,42,0,51,28,48,100,40,216,8,102,110,326
12/18/2009,MAF,TX,ASW,CE,Combined TRACON& Tower with Radar,28,32,32,25,117,0,8,28,2,38,28,40,60,27,155,0,60,60,215
12/19/2009,MAF,TX,ASW,CE,Combined TRACON& Tower with Radar,10,7,12,0,29,0,0,4,0,4,10,7,16,0,33,24,0,24,57
12/20/2009,MAF,TX,ASW,CE,Combined TRACON& Tower with Radar,13,9,8,3,33,0,0,0,0,0,13,9,8,3,33,0,0,0,33
12/21/2009,MAF,TX,ASW,CE,Combined TRACON& Tower with Radar,13,15,17,9,54,0,0,0,0,0,13,15,17,9,54,0,30,30,84
12/22/2009,MAF,TX,ASW,CE,Combined TRACON& Tower with Radar,15,13,18,11,57,0,0,3,0,3,15,13,21,11,60,12,36,48,108
12/23/2009,MAF,TX,ASW,CE,Combined TRACON& Tower with Radar,14,16,14,1,45,0,0,0,0,0,14,16,14,1,45,12,6,18,63
12/24/2009,MAF,TX,ASW,CE,Combined TRACON& Tower with Radar,8,17,2,0,27,0,0,1,0,1,8,17,3,0,28,0,0,0,28
12/25/2009,MAF,TX,ASW,CE,Combined TRACON& Tower with Radar,6,9,0,0,15,0,0,2,0,2,6,9,2,0,17,0,0,0,17
12/26/2009,MAF,TX,ASW,CE,Combined TRACON& Tower with Radar,12,8,8,0,28,0,0,2,0,2,12,8,10,0,30,62,0,62,92
12/27/2009,MAF,TX,ASW,CE,Combined TRACON& Tower with Radar,13,10,15,0,38,0,0,0,0,0,13,10,15,0,38,0,0,0,38
12/28/2009,MAF,TX,ASW,CE,Combined TRACON& Tower with Radar,15,13,12,0,40,0,0,1,0,1,15,13,13,0,41,10,0,10,51
12/29/2009,MAF,TX,ASW,CE,Combined TRACON& Tower with Radar,11,17,5,0,33,0,0,0,0,0,11,17,5,0,33,0,0,0,33
12/30/2009,MAF,TX,ASW,CE,Combined TRACON& Tower with Radar,14,14,13,1,42,0,0,2,0,2,14,14,15,1,44,0,0,0,44
12/31/2009,MAF,TX,ASW,CE,Combined TRACON& Tower with Radar,10,13,13,0,36,0,0,0,0,0,10,13,13,0,36,2,0,2,38
01/01/2010,MAF,TX,ASW,CE,Combined TRACON& Tower with Radar,10,9,4,0,23,0,0,3,0,3,10,9,7,0,26,0,0,0,26
01/02/2010,MAF,TX,ASW,CE,Combined TRACON& Tower with Radar,11,10,16,0,37,0,0,2,0,2,11,10,18,0,39,26,0,26,65
01/03/2010,MAF,TX,ASW,CE,Combined TRACON& Tower with Radar,11,13,19,0,43,0,0,2,0,2,11,13,21,0,45,0,0,0,45
01/04/2010,MAF,TX,ASW,CE,Combined TRACON& Tower with Radar,14,18,13,0,45,0,0,0,0,0,14,18,13,0,45,0,0,0,45
01/05/2010,MAF,TX,ASW,CE,Combined TRACON& Tower with Radar,13,14,17,2,46,0,0,1,0,1,13,14,18,2,47,0,0,0,47
01/06/2010,MAF,TX,ASW,CE,Combined TRACON& Tower with Radar,13,16,21,9,59,0,0,3,0,3,13,16,24,9,62,6,66,72,134
01/07/2010,MAF,TX,ASW,CE,Combined TRACON& Tower with Radar,14,16,13,10,53,0,0,1,0,1,14,16,14,10,54,0,14,14,68
01/08/2010,MAF,TX,ASW,CE,Combined TRACON& Tower with Radar,13,13,15,1,42,0,0,1,0,1,13,13,16,1,43,0,0,0,43
01/09/2010,MAF,TX,ASW,CE,Combined TRACON& Tower with Radar,10,9,18,4,41,0,0,3,0,3,10,9,21,4,44,2,8,10,54
01/10/2010,MAF,TX,ASW,CE,Combined TRACON& Tower with Radar,11,18,7,7,43,0,0,4,0,4,11,18,11,7,47,4,10,14,61
01/11/2010,MAF,TX,ASW,CE,Combined TRACON& Tower with Radar,14,19,11,7,51,0,0,1,0,1,14,19,12,7,52,0,24,24,76
01/12/2010,MAF,TX,ASW,CE,Combined TRACON& Tower with Radar,14,16,16,13,59,0,0,4,0,4,14,16,20,13,63,0,42,42,105
01/13/2010,MAF,TX,ASW,CE,Combined TRACON& Tower with Radar,14,19,18,9,60,0,0,2,0,2,14,19,20,9,62,46,34,80,142
01/14/2010,MAF,TX,ASW,CE,Combined TRACON& Tower with Radar,13,18,11,10,52,0,0,1,0,1,13,18,12,10,53,4,2,6,59
01/15/2010,MAF,TX,ASW,CE,Combined TRACON& Tower with Radar,14,20,13,2,49,0,0,1,0,1,14,20,14,2,50,12,0,12,62
01/16/2010,MAF,TX,ASW,CE,Combined TRACON& Tower with Radar,8,7,11,0,26,0,1,2,0,3,8,8,13,0,29,4,0,4,33
01/17/2010,MAF,TX,ASW,CE,Combined TRACON& Tower with Radar,11,10,7,1,29,0,0,1,0,1,11,10,8,1,30,6,0,6,36
01/18/2010,MAF,TX,ASW,CE,Combined TRACON& Tower with Radar,14,20,12,4,50,0,0,0,0,0,14,20,12,4,50,20,0,20,70
01/19/2010,MAF,TX,ASW,CE,Combined TRACON& Tower with Radar,24,26,24,22,96,0,1,9,3,13,24,27,33,25,109,22,4,26,135
01/20/2010,MAF,TX,ASW,CE,Combined TRACON& Tower with Radar,28,37,45,10,120,0,1,13,2,16,28,38,58,12,136,2,0,2,138
01/21/2010,MAF,TX,ASW,CE,Combined TRACON& Tower with Radar,28,43,54,4,129,0,2,29,1,32,28,45,83,5,161,48,0,48,209
01/22/2010,MAF,TX,ASW,CE,Combined TRACON& Tower with Radar,26,31,30,5,92,0,4,11,2,17,26,35,41,7,109,4,10,14,123
01/23/2010,MAF,TX,ASW,CE,Combined TRACON& Tower with Radar,24,16,17,2,59,0,0,4,2,6,24,16,21,4,65,0,2,2,67
01/24/2010,MAF,TX,ASW,CE,Combined TRACON& Tower with Radar,24,19,14,3,60,0,0,15,5,20,24,19,29,8,80,0,0,0,80
01/25/2010,MAF,TX,ASW,CE,Combined TRACON& Tower with Radar,28,36,40,27,131,0,2,33,0,35,28,38,73,27,166,24,22,46,212
01/26/2010,MAF,TX,ASW,CE,Combined TRACON& Tower with Radar,24,55,28,34,141,0,9,33,3,45,24,64,61,37,186,12,60,72,258
01/27/2010,MAF,TX,ASW,CE,Combined TRACON& Tower with Radar,28,55,61,12,156,0,4,31,0,35,28,59,92,12,191,8,12,20,211
01/28/2010,MAF,TX,ASW,CE,Combined TRACON& Tower with Radar,22,33,21,2,78,0,0,0,0,0,22,33,21,2,78,0,0,0,78
01/29/2010,MAF,TX,ASW,CE,Combined TRACON& Tower with Radar,28,49,88,49,214,0,0,17,4,21,28,49,105,53,235,0,78,78,313
01/30/2010,MAF,TX,ASW,CE,Combined TRACON& Tower with Radar,16,20,28,11,75,0,1,28,17,46,16,21,56,28,121,12,42,54,175
01/31/2010,MAF,TX,ASW,CE,Combined TRACON& Tower with Radar,21,19,25,25,90,1,0,13,0,14,22,19,38,25,104,0,0,0,104
02/01/2010,MAF,TX,ASW,CE,Combined TRACON& Tower with Radar,1,0,0,0,1,0,0,0,0,0,1,0,0,0,1,0,59,59,60
02/02/2010,MAF,TX,ASW,CE,Combined TRACON& Tower with Radar,25,33,39,11,108,0,0,0,0,0,25,33,39,11,108,2,6,8,116
02/03/2010,MAF,TX,ASW,CE,Combined TRACON& Tower with Radar,28,47,39,2,116,0,0,0,0,0,28,47,39,2,116,0,0,0,116
02/04/2010,MAF,TX,ASW,CE,Combined TRACON& Tower with Radar,30,66,45,34,175,0,0,6,1,7,30,66,51,35,182,0,10,10,192
02/05/2010,MAF,TX,ASW,CE,Combined TRACON& Tower with Radar,28,43,46,112,229,0,4,40,17,61,28,47,86,129,290,16,158,174,464
02/06/2010,MAF,TX,ASW,CE,Combined TRACON& Tower with Radar,20,23,20,18,81,0,0,22,3,25,20,23,42,21,106,0,22,22,128
02/07/2010,MAF,TX,ASW,CE,Combined TRACON& Tower with Radar,20,19,20,9,68,0,0,1,0,1,20,19,21,9,69,0,0,0,69
02/08/2010,MAF,TX,ASW,CE,Combined TRACON& Tower with Radar,28,49,49,15,141,0,0,5,0,5,28,49,54,15,146,0,24,24,170
02/09/2010,MAF,TX,ASW,CE,Combined TRACON& Tower with Radar,28,58,45,26,157,0,3,19,4,26,28,61,64,30,183,10,0,10,193
02/10/2010,MAF,TX,ASW,CE,Combined TRACON& Tower with Radar,28,35,55,29,147,0,2,21,7,30,28,37,76,36,177,0,46,46,223
02/11/2010,MAF,TX,ASW,CE,Combined TRACON& Tower with Radar,19,39,34,2,94,0,0,0,0,0,19,39,34,2,94,0,0,0,94
02/12/2010,MAF,TX,ASW,CE,Combined TRACON& Tower with Radar,27,45,53,16,141,0,3,18,0,21,27,48,71,16,162,10,68,78,240
02/13/2010,MAF,TX,ASW,CE,Combined TRACON& Tower with Radar,16,18,22,0,56,0,0,35,0,35,16,18,57,0,91,26,0,26,117
02/14/2010,MAF,TX,ASW,CE,Combined TRACON& Tower with Radar,22,19,9,10,60,0,0,8,0,8,22,19,17,10,68,0,0,0,68
02/15/2010,MAF,TX,ASW,CE,Combined TRACON& Tower with Radar,26,32,27,10,95,0,0,32,4,36,26,32,59,14,131,18,0,18,149
02/16/2010,MAF,TX,ASW,CE,Combined TRACON& Tower with Radar,26,50,36,39,151,0,6,30,2,38,26,56,66,41,189,0,56,56,245
02/17/2010,MAF,TX,ASW,CE,Combined TRACON& Tower with Radar,28,43,43,23,137,0,3,37,0,40,28,46,80,23,177,18,20,38,215
02/18/2010,MAF,TX,ASW,CE,Combined TRACON& Tower with Radar,30,44,47,12,133,0,4,30,0,34,30,48,77,12,167,0,14,14,181
02/19/2010,MAF,TX,ASW,CE,Combined TRACON& Tower with Radar,28,40,48,46,162,0,4,24,3,31,28,44,72,49,193,20,70,90,283
02/20/2010,MAF,TX,ASW,CE,Combined TRACON& Tower with Radar,20,18,20,6,64,0,0,8,0,8,20,18,28,6,72,0,22,22,94
02/21/2010,MAF,TX,ASW,CE,Combined TRACON& Tower with Radar,24,22,20,25,91,0,0,16,6,22,24,22,36,31,113,0,30,30,143
02/22/2010,MAF,TX,ASW,CE,Combined TRACON& Tower with Radar,26,65,30,32,153,0,0,11,0,11,26,65,41,32,164,24,10,34,198
02/23/2010,MAF,TX,ASW,CE,Combined TRACON& Tower with Radar,24,37,17,2,80,0,2,2,0,4,24,39,19,2,84,0,12,12,96
02/24/2010,MAF,TX,ASW,CE,Combined TRACON& Tower with Radar,26,52,50,27,155,0,5,30,1,36,26,57,80,28,191,16,68,84,275
02/25/2010,MAF,TX,ASW,CE,Combined TRACON& Tower with Radar,26,54,54,20,154,0,3,33,6,42,26,57,87,26,196,16,58,74,270
02/26/2010,MAF,TX,ASW,CE,Combined TRACON& Tower with Radar,26,65,39,39,169,0,4,23,7,34,26,69,62,46,203,12,120,132,335
02/27/2010,MAF,TX,ASW,CE,Combined TRACON& Tower with Radar,18,19,31,2,70,0,2,44,2,48,18,21,75,4,118,24,0,24,142
02/28/2010,MAF,TX,ASW,CE,Combined TRACON& Tower with Radar,22,22,30,13,87,0,0,3,0,3,22,22,33,13,90,0,12,12,102
03/01/2010,MAF,TX,ASW,CE,Combined TRACON& Tower with Radar,24,60,42,45,171,0,0,8,0,8,24,60,50,45,179,10,11,21,200
03/02/2010,MAF,TX,ASW,CE,Combined TRACON& Tower with Radar,28,68,72,46,214,0,6,31,5,42,28,74,103,51,256,4,74,78,334
03/03/2010,MAF,TX,ASW,CE,Combined TRACON& Tower with Radar,28,46,49,34,157,0,3,48,3,54,28,49,97,37,211,24,62,86,297
03/04/2010,MAF,TX,ASW,CE,Combined TRACON& Tower with Radar,26,54,54,51,185,0,7,31,4,42,26,61,85,55,227,0,34,34,261
03/05/2010,MAF,TX,ASW,CE,Combined TRACON& Tower with Radar,24,41,44,6,115,0,1,25,2,28,24,42,69,8,143,0,34,34,177
03/06/2010,MAF,TX,ASW,CE,Combined TRACON& Tower with Radar,18,24,39,0,81,0,0,2,0,2,18,24,41,0,83,0,0,0,83
03/07/2010,MAF,TX,ASW,CE,Combined TRACON& Tower with Radar,20,19,46,6,91,0,0,4,0,4,20,19,50,6,95,0,0,0,95
03/08/2010,MAF,TX,ASW,CE,Combined TRACON& Tower with Radar,24,65,24,23,136,0,1,9,0,10,24,66,33,23,146,0,116,116,262
03/09/2010,MAF,TX,ASW,CE,Combined TRACON& Tower with Radar,26,54,54,38,172,0,5,34,8,47,26,59,88,46,219,0,116,116,335
03/10/2010,MAF,TX,ASW,CE,Combined TRACON& Tower with Radar,26,31,32,21,110,0,4,12,3,19,26,35,44,24,129,22,10,32,161
03/11/2010,MAF,TX,ASW,CE,Combined TRACON& Tower with Radar,28,40,54,20,142,0,7,20,3,30,28,47,74,23,172,0,18,18,190
03/12/2010,MAF,TX,ASW,CE,Combined TRACON& Tower with Radar,28,32,49,34,143,0,6,33,6,45,28,38,82,40,188,8,52,60,248
03/13/2010,MAF,TX,ASW,CE,Combined TRACON& Tower with Radar,18,21,31,12,82,0,1,45,1,47,18,22,76,13,129,20,0,20,149
03/14/2010,MAF,TX,ASW,CE,Combined TRACON& Tower with Radar,26,21,21,8,76,0,1,15,2,18,26,22,36,10,94,0,0,0,94
03/15/2010,MAF,TX,ASW,CE,Combined TRACON& Tower with Radar,27,42,22,0,91,0,0,0,0,0,27,42,22,0,91,0,0,0,91
03/16/2010,MAF,TX,ASW,CE,Combined TRACON& Tower with Radar,28,70,35,45,178,0,1,8,2,11,28,71,43,47,189,0,68,68,257
03/17/2010,MAF,TX,ASW,CE,Combined TRACON& Tower with Radar,29,41,48,8,126,0,5,30,1,36,29,46,78,9,162,0,68,68,230
03/18/2010,MAF,TX,ASW,CE,Combined TRACON& Tower with Radar,30,44,44,15,133,0,4,25,3,32,30,48,69,18,165,0,14,14,179
03/19/2010,MAF,TX,ASW,CE,Combined TRACON& Tower with Radar,29,43,38,33,143,0,4,26,3,33,29,47,64,36,176,0,108,108,284
03/20/2010,MAF,TX,ASW,CE,Combined TRACON& Tower with Radar,26,20,31,1,78,0,0,5,2,7,26,20,36,3,85,0,0,0,85
03/21/2010,MAF,TX,ASW,CE,Combined TRACON& Tower with Radar,22,28,36,25,111,0,0,41,2,43,22,28,77,27,154,0,0,0,154
03/22/2010,MAF,TX,ASW,CE,Combined TRACON& Tower with Radar,29,49,39,24,141,0,4,50,0,54,29,53,89,24,195,10,28,38,233
03/23/2010,MAF,TX,ASW,CE,Combined TRACON& Tower with Radar,30,51,99,61,241,0,12,30,0,42,30,63,129,61,283,0,86,86,369
03/24/2010,MAF,TX,ASW,CE,Combined TRACON& Tower with Radar,30,70,98,94,292,0,2,21,1,24,30,72,119,95,316,12,222,234,550
03/25/2010,MAF,TX,ASW,CE,Combined TRACON& Tower with Radar,28,77,65,45,215,0,2,45,7,54,28,79,110,52,269,28,142,170,439
03/26/2010,MAF,TX,ASW,CE,Combined TRACON& Tower with Radar,27,39,47,8,121,0,3,41,0,44,27,42,88,8,165,12,152,164,329
03/27/2010,MAF,TX,ASW,CE,Combined TRACON& Tower with Radar,20,19,23,3,65,0,0,25,0,25,20,19,48,3,90,2,0,2,92
03/28/2010,MAF,TX,ASW,CE,Combined TRACON& Tower with Radar,24,21,30,6,81,0,0,37,0,37,24,21,67,6,118,0,0,0,118
03/29/2010,MAF,TX,ASW,CE,Combined TRACON& Tower with Radar,29,38,44,38,149,0,5,30,0,35,29,43,74,38,184,12,16,28,212
03/30/2010,MAF,TX,ASW,CE,Combined TRACON& Tower with Radar,28,49,31,32,140,0,2,25,2,29,28,51,56,34,169,20,62,82,251
03/31/2010,MAF,TX,ASW,CE,Combined TRACON& Tower with Radar,28,39,39,18,124,0,4,24,4,32,28,43,63,22,156,0,84,84,240
04/01/2010,MAF,TX,ASW,CE,Combined TRACON& Tower with Radar,28,52,54,35,169,0,6,34,8,48,28,58,88,43,217,10,128,138,355
04/02/2010,MAF,TX,ASW,CE,Combined TRACON& Tower with Radar,29,53,19,68,169,0,4,17,0,21,29,57,36,68,190,0,94,94,284
04/03/2010,MAF,TX,ASW,CE,Combined TRACON& Tower with Radar,20,24,12,4,60,0,1,33,1,35,20,25,45,5,95,14,0,14,109
04/04/2010,MAF,TX,ASW,CE,Combined TRACON& Tower with Radar,24,18,17,6,65,0,1,13,2,16,24,19,30,8,81,2,0,2,83
04/05/2010,MAF,TX,ASW,CE,Combined TRACON& Tower with Radar,29,60,28,23,140,0,5,25,3,33,29,65,53,26,173,10,30,40,213
04/06/2010,MAF,TX,ASW,CE,Combined TRACON& Tower with Radar,26,67,31,28,152,0,3,22,6,31,26,70,53,34,183,4,106,110,293
04/07/2010,MAF,TX,ASW,CE,Combined TRACON& Tower with Radar,26,41,47,20,134,0,5,28,4,37,26,46,75,24,171,22,0,22,193
04/08/2010,MAF,TX,ASW,CE,Combined TRACON& Tower with Radar,28,51,45,29,153,0,4,29,7,40,28,55,74,36,193,0,14,14,207
04/09/2010,MAF,TX,ASW,CE,Combined TRACON& Tower with Radar,27,32,26,16,101,0,4,32,3,39,27,36,58,19,140,38,18,56,196
04/10/2010,MAF,TX,ASW,CE,Combined TRACON& Tower with Radar,18,19,28,8,73,0,0,27,0,27,18,19,55,8,100,18,0,18,118
04/11/2010,MAF,TX,ASW,CE,Combined TRACON& Tower with Radar,24,24,35,4,87,0,0,11,1,12,24,24,46,5,99,0,0,0,99
04/12/2010,MAF,TX,ASW,CE,Combined TRACON& Tower with Radar,26,93,25,39,183,0,2,12,0,14,26,95,37,39,197,0,32,32,229
04/13/2010,MAF,TX,ASW,CE,Combined TRACON& Tower with Radar,28,59,51,23,161,0,0,11,3,14,28,59,62,26,175,4,26,30,205
04/14/2010,MAF,TX,ASW,CE,Combined TRACON& Tower with Radar,28,42,25,0,95,0,2,0,0,2,28,44,25,0,97,0,0,0,97
04/15/2010,MAF,TX,ASW,CE,Combined TRACON& Tower with Radar,30,60,37,32,159,0,0,0,0,0,30,60,37,32,159,0,0,0,159
04/16/2010,MAF,TX,ASW,CE,Combined TRACON& Tower with Radar,27,62,56,19,164,0,1,16,2,19,27,63,72,21,183,6,40,46,229
04/17/2010,MAF,TX,ASW,CE,Combined TRACON& Tower with Radar,14,23,24,1,62,0,4,0,0,4,14,27,24,1,66,0,0,0,66
04/18/2010,MAF,TX,ASW,CE,Combined TRACON& Tower with Radar,20,29,40,15,104,0,0,16,6,22,20,29,56,21,126,4,10,14,140
04/19/2010,MAF,TX,ASW,CE,Combined TRACON& Tower with Radar,23,40,58,21,142,0,0,16,1,17,23,40,74,22,159,20,14,34,193
04/20/2010,MAF,TX,ASW,CE,Combined TRACON& Tower with Radar,28,51,30,28,137,0,3,46,4,53,28,54,76,32,190,28,10,38,228
04/21/2010,MAF,TX,ASW,CE,Combined TRACON& Tower with Radar,28,66,61,63,218,0,8,35,9,52,28,74,96,72,270,24,112,136,406
04/22/2010,MAF,TX,ASW,CE,Combined TRACON& Tower with Radar,28,54,73,33,188,0,1,16,2,19,28,55,89,35,207,0,58,58,265
04/23/2010,MAF,TX,ASW,CE,Combined TRACON& Tower with Radar,26,47,42,37,152,0,8,21,6,35,26,55,63,43,187,0,32,32,219
04/24/2010,MAF,TX,ASW,CE,Combined TRACON& Tower with Radar,19,18,10,30,77,0,0,13,4,17,19,18,23,34,94,0,0,0,94
04/25/2010,MAF,TX,ASW,CE,Combined TRACON& Tower with Radar,22,22,37,27,108,0,0,32,0,32,22,22,69,27,140,0,10,10,150
04/26/2010,MAF,TX,ASW,CE,Combined TRACON& Tower with Radar,27,47,38,30,142,0,8,39,1,48,27,55,77,31,190,14,50,64,254
04/27/2010,MAF,TX,ASW,CE,Combined TRACON& Tower with Radar,28,35,55,67,185,0,4,42,5,51,28,39,97,72,236,44,76,120,356
04/28/2010,MAF,TX,ASW,CE,Combined TRACON& Tower with Radar,30,50,60,40,180,0,4,28,1,33,30,54,88,41,213,34,78,112,325
04/29/2010,MAF,TX,ASW,CE,Combined TRACON& Tower with Radar,28,40,43,24,135,0,5,28,0,33,28,45,71,24,168,8,30,38,206
04/30/2010,MAF,TX,ASW,CE,Combined TRACON& Tower with Radar,27,33,67,69,196,0,4,31,7,42,27,37,98,76,238,0,122,122,360
05/01/2010,MAF,TX,ASW,CE,Combined TRACON& Tower with Radar,14,25,29,0,68,0,1,25,0,26,14,26,54,0,94,0,0,0,94
05/02/2010,MAF,TX,ASW,CE,Combined TRACON& Tower with Radar,16,32,24,11,83,0,0,25,1,26,16,32,49,12,109,0,0,0,109
05/03/2010,MAF,TX,ASW,CE,Combined TRACON& Tower with Radar,23,50,31,18,122,0,6,19,2,27,23,56,50,20,149,32,70,102,251
05/04/2010,MAF,TX,ASW,CE,Combined TRACON& Tower with Radar,22,62,47,29,160,0,8,39,2,49,22,70,86,31,209,10,60,70,279
05/05/2010,MAF,TX,ASW,CE,Combined TRACON& Tower with Radar,24,49,54,24,151,0,4,45,0,49,24,53,99,24,200,48,2,50,250
05/06/2010,MAF,TX,ASW,CE,Combined TRACON& Tower with Radar,24,48,30,18,120,0,8,23,1,32,24,56,53,19,152,4,6,10,162
05/07/2010,MAF,TX,ASW,CE,Combined TRACON& Tower with Radar,21,51,75,33,180,0,5,29,4,38,21,56,104,37,218,0,76,76,294
05/08/2010,MAF,TX,ASW,CE,Combined TRACON& Tower with Radar,14,24,13,4,55,0,0,20,0,20,14,24,33,4,75,0,0,0,75
05/09/2010,MAF,TX,ASW,CE,Combined TRACON& Tower with Radar,20,28,23,4,75,0,0,2,0,2,20,28,25,4,77,0,0,0,77
05/10/2010,MAF,TX,ASW,CE,Combined TRACON& Tower with Radar,25,61,32,51,169,0,3,18,2,23,25,64,50,53,192,0,80,80,272
05/11/2010,MAF,TX,ASW,CE,Combined TRACON& Tower with Radar,24,62,39,50,175,0,2,34,0,36,24,64,73,50,211,8,36,44,255
05/12/2010,MAF,TX,ASW,CE,Combined TRACON& Tower with Radar,24,45,81,30,180,0,5,24,1,30,24,50,105,31,210,4,64,68,278
05/13/2010,MAF,TX,ASW,CE,Combined TRACON& Tower with Radar,25,49,84,47,205,0,1,41,1,43,25,50,125,48,248,6,48,54,302
05/14/2010,MAF,TX,ASW,CE,Combined TRACON& Tower with Radar,25,22,13,4,64,0,0,0,0,0,25,22,13,4,64,0,0,0,64
05/15/2010,MAF,TX,ASW,CE,Combined TRACON& Tower with Radar,13,21,10,0,44,0,0,5,0,5,13,21,15,0,49,0,0,0,49
05/16/2010,MAF,TX,ASW,CE,Combined TRACON& Tower with Radar,20,28,41,0,89,0,1,9,0,10,20,29,50,0,99,0,0,0,99
05/17/2010,MAF,TX,ASW,CE,Combined TRACON& Tower with Radar,26,38,60,9,133,0,1,14,0,15,26,39,74,9,148,0,22,22,170
05/18/2010,MAF,TX,ASW,CE,Combined TRACON& Tower with Radar,24,41,47,30,142,0,6,31,9,46,24,47,78,39,188,24,12,36,224
05/19/2010,MAF,TX,ASW,CE,Combined TRACON& Tower with Radar,24,42,64,28,158,0,4,36,3,43,24,46,100,31,201,0,68,68,269
05/20/2010,MAF,TX,ASW,CE,Combined TRACON& Tower with Radar,24,85,54,42,205,0,3,37,0,40,24,88,91,42,245,0,14,14,259
05/21/2010,MAF,TX,ASW,CE,Combined TRACON& Tower with Radar,23,39,70,29,161,0,3,29,2,34,23,42,99,31,195,12,38,50,245
05/22/2010,MAF,TX,ASW,CE,Combined TRACON& Tower with Radar,14,23,29,11,77,0,1,28,0,29,14,24,57,11,106,10,0,10,116
05/23/2010,MAF,TX,ASW,CE,Combined TRACON& Tower with Radar,20,29,28,0,77,0,1,17,3,21,20,30,45,3,98,0,0,0,98
05/24/2010,MAF,TX,ASW,CE,Combined TRACON& Tower with Radar,19,37,45,8,109,0,1,11,0,12,19,38,56,8,121,0,0,0,121
05/25/2010,MAF,TX,ASW,CE,Combined TRACON& Tower with Radar,22,49,45,18,134,0,3,15,3,21,22,52,60,21,155,20,0,20,175
05/26/2010,MAF,TX,ASW,CE,Combined TRACON& Tower with Radar,22,71,59,43,195,0,1,17,2,20,22,72,76,45,215,0,70,70,285
05/27/2010,MAF,TX,ASW,CE,Combined TRACON& Tower with Radar,24,47,62,13,146,0,3,32,2,37,24,50,94,15,183,16,28,44,227
05/28/2010,MAF,TX,ASW,CE,Combined TRACON& Tower with Radar,28,56,54,15,153,0,5,34,0,39,28,61,88,15,192,0,67,67,259
05/29/2010,MAF,TX,ASW,CE,Combined TRACON& Tower with Radar,14,33,15,4,66,0,0,24,1,25,14,33,39,5,91,0,0,0,91
05/30/2010,MAF,TX,ASW,CE,Combined TRACON& Tower with Radar,14,22,16,1,53,0,0,17,0,17,14,22,33,1,70,0,0,0,70
05/31/2010,MAF,TX,ASW,CE,Combined TRACON& Tower with Radar,18,31,38,1,88,0,5,65,1,71,18,36,103,2,159,20,0,20,179
06/01/2010,MAF,TX,ASW,CE,Combined TRACON& Tower with Radar,21,69,26,59,175,0,2,21,2,25,21,71,47,61,200,0,54,54,254
06/02/2010,MAF,TX,ASW,CE,Combined TRACON& Tower with Radar,28,41,60,87,216,0,1,17,2,20,28,42,77,89,236,0,74,74,310
06/03/2010,MAF,TX,ASW,CE,Combined TRACON& Tower with Radar,24,69,52,31,176,0,3,28,0,31,24,72,80,31,207,4,0,4,211
06/04/2010,MAF,TX,ASW,CE,Combined TRACON& Tower with Radar,23,52,44,75,194,0,2,38,3,43,23,54,82,78,237,8,40,48,285
06/05/2010,MAF,TX,ASW,CE,Combined TRACON& Tower with Radar,14,31,12,2,59,0,0,18,0,18,14,31,30,2,77,0,10,10,87
06/06/2010,MAF,TX,ASW,CE,Combined TRACON& Tower with Radar,20,30,34,20,104,0,0,14,0,14,20,30,48,20,118,0,0,0,118
06/07/2010,MAF,TX,ASW,CE,Combined TRACON& Tower with Radar,23,74,26,22,145,0,2,23,0,25,23,76,49,22,170,0,0,0,170
06/08/2010,MAF,TX,ASW,CE,Combined TRACON& Tower with Radar,24,83,47,33,187,0,8,42,2,52,24,91,89,35,239,6,78,84,323
06/09/2010,MAF,TX,ASW,CE,Combined TRACON& Tower with Radar,22,141,56,93,312,0,4,28,78,110,22,145,84,171,422,6,84,90,512
06/10/2010,MAF,TX,ASW,CE,Combined TRACON& Tower with Radar,23,64,70,61,218,0,4,15,2,21,23,68,85,63,239,0,140,140,379
06/11/2010,MAF,TX,ASW,CE,Combined TRACON& Tower with Radar,23,62,39,64,188,0,8,22,4,34,23,70,61,68,222,0,0,0,222
06/12/2010,MAF,TX,ASW,CE,Combined TRACON& Tower with Radar,14,24,16,0,54,0,0,2,2,4,14,24,18,2,58,0,0,0,58
06/13/2010,MAF,TX,ASW,CE,Combined TRACON& Tower with Radar,20,28,21,1,70,0,2,14,0,16,20,30,35,1,86,10,0,10,96
06/14/2010,MAF,TX,ASW,CE,Combined TRACON& Tower with Radar,24,59,26,18,127,0,2,9,0,11,24,61,35,18,138,26,24,50,188
06/15/2010,MAF,TX,ASW,CE,Combined TRACON& Tower with Radar,25,47,54,13,139,0,1,19,1,21,25,48,73,14,160,6,32,38,198
06/16/2010,MAF,TX,ASW,CE,Combined TRACON& Tower with Radar,22,51,47,18,138,0,1,29,2,32,22,52,76,20,170,6,10,16,186
06/17/2010,MAF,TX,ASW,CE,Combined TRACON& Tower with Radar,22,39,56,30,147,0,4,33,0,37,22,43,89,30,184,0,34,34,218
06/18/2010,MAF,TX,ASW,CE,Combined TRACON& Tower with Radar,23,48,73,26,170,0,2,28,3,33,23,50,101,29,203,8,98,106,309
06/19/2010,MAF,TX,ASW,CE,Combined TRACON& Tower with Radar,14,22,25,0,61,0,1,13,1,15,14,23,38,1,76,0,0,0,76
06/20/2010,MAF,TX,ASW,CE,Combined TRACON& Tower with Radar,20,29,30,23,102,0,1,19,2,22,20,30,49,25,124,0,4,4,128
06/21/2010,MAF,TX,ASW,CE,Combined TRACON& Tower with Radar,22,65,31,39,157,0,3,35,1,39,22,68,66,40,196,0,114,114,310
06/22/2010,MAF,TX,ASW,CE,Combined TRACON& Tower with Radar,22,67,54,45,188,0,3,41,13,57,22,70,95,58,245,6,70,76,321
06/23/2010,MAF,TX,ASW,CE,Combined TRACON& Tower with Radar,23,69,44,59,195,0,8,22,3,33,23,77,66,62,228,5,22,27,255
06/24/2010,MAF,TX,ASW,CE,Combined TRACON& Tower with Radar,22,66,69,55,212,0,8,31,8,47,22,74,100,63,259,24,94,118,377
06/25/2010,MAF,TX,ASW,CE,Combined TRACON& Tower with Radar,22,65,49,82,218,0,3,29,5,37,22,68,78,87,255,4,86,90,345
06/26/2010,MAF,TX,ASW,CE,Combined TRACON& Tower with Radar,14,21,24,0,59,0,1,16,0,17,14,22,40,0,76,0,0,0,76
06/27/2010,MAF,TX,ASW,CE,Combined TRACON& Tower with Radar,20,28,33,0,81,0,1,17,2,20,20,29,50,2,101,0,0,0,101
06/28/2010,MAF,TX,ASW,CE,Combined TRACON& Tower with Radar,28,47,47,33,155,0,2,28,3,33,28,49,75,36,188,38,42,80,268
06/29/2010,MAF,TX,ASW,CE,Combined TRACON& Tower with Radar,22,38,50,0,110,0,2,8,0,10,22,40,58,0,120,0,0,0,120
06/30/2010,MAF,TX,ASW,CE,Combined TRACON& Tower with Radar,20,40,50,2,112,0,2,11,0,13,20,42,61,2,125,3,4,7,132
07/01/2010,MAF,TX,ASW,CE,Combined TRACON& Tower with Radar,22,50,38,2,112,0,2,11,0,13,22,52,49,2,125,24,0,24,149
07/02/2010,MAF,TX,ASW,CE,Combined TRACON& Tower with Radar,22,32,29,0,83,0,0,3,0,3,22,32,32,0,86,0,0,0,86
07/03/2010,MAF,TX,ASW,CE,Combined TRACON& Tower with Radar,14,29,10,0,53,0,1,3,1,5,14,30,13,1,58,0,0,0,58
07/04/2010,MAF,TX,ASW,CE,Combined TRACON& Tower with Radar,14,20,11,0,45,0,1,7,0,8,14,21,18,0,53,0,0,0,53
07/05/2010,MAF,TX,ASW,CE,Combined TRACON& Tower with Radar,18,29,47,1,95,0,0,28,1,29,18,29,75,2,124,8,0,8,132
07/06/2010,MAF,TX,ASW,CE,Combined TRACON& Tower with Radar,22,44,72,20,158,0,3,17,0,20,22,47,89,20,178,8,0,8,186
07/07/2010,MAF,TX,ASW,CE,Combined TRACON& Tower with Radar,24,43,50,42,159,0,3,21,2,26,24,46,71,44,185,12,33,45,230
07/08/2010,MAF,TX,ASW,CE,Combined TRACON& Tower with Radar,22,35,70,28,155,0,1,8,1,10,22,36,78,29,165,0,42,42,207
07/09/2010,MAF,TX,ASW,CE,Combined TRACON& Tower with Radar,22,47,49,17,135,0,3,14,3,20,22,50,63,20,155,4,0,4,159
07/10/2010,MAF,TX,ASW,CE,Combined TRACON& Tower with Radar,14,28,33,2,77,0,1,10,0,11,14,29,43,2,88,0,0,0,88
07/11/2010,MAF,TX,ASW,CE,Combined TRACON& Tower with Radar,20,28,31,6,85,0,0,20,4,24,20,28,51,10,109,0,0,0,109
07/12/2010,MAF,TX,ASW,CE,Combined TRACON& Tower with Radar,25,56,36,19,136,0,1,14,1,16,25,57,50,20,152,0,20,20,172
07/13/2010,MAF,TX,ASW,CE,Combined TRACON& Tower with Radar,16,55,27,30,128,0,2,23,8,33,16,57,50,38,161,20,186,206,367
07/14/2010,MAF,TX,ASW,CE,Combined TRACON& Tower with Radar,10,43,14,9,76,0,0,23,0,23,10,43,37,9,99,5,37,42,141
07/15/2010,MAF,TX,ASW,CE,Combined TRACON& Tower with Radar,22,66,78,44,210,0,2,33,3,38,22,68,111,47,248,2,118,120,368
07/16/2010,MAF,TX,ASW,CE,Combined TRACON& Tower with Radar,24,61,36,37,158,0,2,20,0,22,24,63,56,37,180,18,34,52,232
07/17/2010,MAF,TX,ASW,CE,Combined TRACON& Tower with Radar,13,25,29,1,68,1,1,22,3,27,14,26,51,4,95,0,0,0,95
07/18/2010,MAF,TX,ASW,CE,Combined TRACON& Tower with Radar,20,26,16,1,63,0,0,21,7,28,20,26,37,8,91,0,0,0,91
07/19/2010,MAF,TX,ASW,CE,Combined TRACON& Tower with Radar,25,55,66,19,165,0,4,35,2,41,25,59,101,21,206,52,70,122,328
07/20/2010,MAF,TX,ASW,CE,Combined TRACON& Tower with Radar,22,66,53,44,185,0,1,24,1,26,22,67,77,45,211,0,48,48,259
07/21/2010,MAF,TX,ASW,CE,Combined TRACON& Tower with Radar,24,79,64,39,206,0,3,15,4,22,24,82,79,43,228,0,26,26,254
07/22/2010,MAF,TX,ASW,CE,Combined TRACON& Tower with Radar,26,50,68,27,171,0,2,20,3,25,26,52,88,30,196,2,0,2,198
07/23/2010,MAF,TX,ASW,CE,Combined TRACON& Tower with Radar,22,46,58,53,179,0,2,29,5,36,22,48,87,58,215,0,74,74,289
07/24/2010,MAF,TX,ASW,CE,Combined TRACON& Tower with Radar,14,25,17,0,56,0,0,18,4,22,14,25,35,4,78,0,0,0,78
07/25/2010,MAF,TX,ASW,CE,Combined TRACON& Tower with Radar,20,26,19,10,75,0,0,15,0,15,20,26,34,10,90,0,0,0,90
07/26/2010,MAF,TX,ASW,CE,Combined TRACON& Tower with Radar,22,62,37,81,202,0,4,24,10,38,22,66,61,91,240,0,58,58,298
07/27/2010,MAF,TX,ASW,CE,Combined TRACON& Tower with Radar,22,50,85,70,227,0,2,30,2,34,22,52,115,72,261,22,162,184,445
07/28/2010,MAF,TX,ASW,CE,Combined TRACON& Tower with Radar,22,92,46,47,207,0,3,32,0,35,22,95,78,47,242,33,135,168,410
07/29/2010,MAF,TX,ASW,CE,Combined TRACON& Tower with Radar,20,60,59,6,145,0,1,14,4,19,20,61,73,10,164,0,58,58,222
07/30/2010,MAF,TX,ASW,CE,Combined TRACON& Tower with Radar,24,45,36,27,132,0,3,23,4,30,24,48,59,31,162,0,0,0,162
07/31/2010,MAF,TX,ASW,CE,Combined TRACON& Tower with Radar,18,20,21,1,60,0,1,12,1,14,18,21,33,2,74,10,0,10,84
08/01/2010,MAF,TX,ASW,CE,Combined TRACON& Tower with Radar,22,28,29,2,81,0,0,29,0,29,22,28,58,2,110,0,0,0,110
08/02/2010,MAF,TX,ASW,CE,Combined TRACON& Tower with Radar,28,57,27,12,124,0,8,18,1,27,28,65,45,13,151,10,50,60,211
08/03/2010,MAF,TX,ASW,CE,Combined TRACON& Tower with Radar,24,52,60,22,158,0,5,39,5,49,24,57,99,27,207,0,68,68,275
08/04/2010,MAF,TX,ASW,CE,Combined TRACON& Tower with Radar,24,40,78,30,172,0,2,39,1,42,24,42,117,31,214,0,46,46,260
08/05/2010,MAF,TX,ASW,CE,Combined TRACON& Tower with Radar,24,39,62,28,153,0,3,50,0,53,24,42,112,28,206,4,48,52,258
08/06/2010,MAF,TX,ASW,CE,Combined TRACON& Tower with Radar,24,35,62,26,147,0,2,31,1,34,24,37,93,27,181,20,4,24,205
08/07/2010,MAF,TX,ASW,CE,Combined TRACON& Tower with Radar,16,21,10,0,47,0,2,19,0,21,16,23,29,0,68,6,0,6,74
08/08/2010,MAF,TX,ASW,CE,Combined TRACON& Tower with Radar,22,24,25,0,71,0,0,30,0,30,22,24,55,0,101,0,0,0,101
08/09/2010,MAF,TX,ASW,CE,Combined TRACON& Tower with Radar,24,56,66,26,172,0,6,21,6,33,24,62,87,32,205,0,38,38,243
08/10/2010,MAF,TX,ASW,CE,Combined TRACON& Tower with Radar,22,78,57,36,193,0,3,31,1,35,22,81,88,37,228,10,88,98,326
08/11/2010,MAF,TX,ASW,CE,Combined TRACON& Tower with Radar,22,46,72,26,166,0,4,32,0,36,22,50,104,26,202,0,91,91,293
08/12/2010,MAF,TX,ASW,CE,Combined TRACON& Tower with Radar,22,50,96,21,189,0,3,28,0,31,22,53,124,21,220,42,94,136,356
08/13/2010,MAF,TX,ASW,CE,Combined TRACON& Tower with Radar,22,59,42,46,169,0,2,26,2,30,22,61,68,48,199,4,34,38,237
08/14/2010,MAF,TX,ASW,CE,Combined TRACON& Tower with Radar,14,31,21,0,66,0,0,25,0,25,14,31,46,0,91,40,0,40,131
08/15/2010,MAF,TX,ASW,CE,Combined TRACON& Tower with Radar,18,29,22,9,78,0,1,13,0,14,18,30,35,9,92,0,0,0,92
08/16/2010,MAF,TX,ASW,CE,Combined TRACON& Tower with Radar,24,78,27,39,168,0,4,16,1,21,24,82,43,40,189,0,80,80,269
08/17/2010,MAF,TX,ASW,CE,Combined TRACON& Tower with Radar,22,56,41,21,140,0,2,51,1,54,22,58,92,22,194,32,20,52,246
08/18/2010,MAF,TX,ASW,CE,Combined TRACON& Tower with Radar,22,54,62,46,184,0,3,35,1,39,22,57,97,47,223,12,74,86,309
08/19/2010,MAF,TX,ASW,CE,Combined TRACON& Tower with Radar,22,41,61,56,180,0,4,23,6,33,22,45,84,62,213,0,114,114,327
08/20/2010,MAF,TX,ASW,CE,Combined TRACON& Tower with Radar,22,64,45,52,183,0,2,30,5,37,22,66,75,57,220,0,0,0,220
08/21/2010,MAF,TX,ASW,CE,Combined TRACON& Tower with Radar,14,33,12,3,62,0,0,25,2,27,14,33,37,5,89,0,0,0,89
08/22/2010,MAF,TX,ASW,CE,Combined TRACON& Tower with Radar,18,25,21,11,75,0,0,18,0,18,18,25,39,11,93,0,0,0,93
08/23/2010,MAF,TX,ASW,CE,Combined TRACON& Tower with Radar,22,62,34,32,150,0,2,26,0,28,22,64,60,32,178,0,26,26,204
08/24/2010,MAF,TX,ASW,CE,Combined TRACON& Tower with Radar,24,60,42,10,136,0,2,17,0,19,24,62,59,10,155,0,40,40,195
08/25/2010,MAF,TX,ASW,CE,Combined TRACON& Tower with Radar,24,66,50,48,188,0,2,23,4,29,24,68,73,52,217,0,54,54,271
08/26/2010,MAF,TX,ASW,CE,Combined TRACON& Tower with Radar,24,47,49,36,156,0,3,30,1,34,24,50,79,37,190,0,14,14,204
08/27/2010,MAF,TX,ASW,CE,Combined TRACON& Tower with Radar,24,65,40,45,174,0,3,34,0,37,24,68,74,45,211,0,36,36,247
08/28/2010,MAF,TX,ASW,CE,Combined TRACON& Tower with Radar,16,22,17,5,60,0,1,29,5,35,16,23,46,10,95,34,0,34,129
08/29/2010,MAF,TX,ASW,CE,Combined TRACON& Tower with Radar,20,25,13,3,61,0,1,13,1,15,20,26,26,4,76,0,0,0,76
08/30/2010,MAF,TX,ASW,CE,Combined TRACON& Tower with Radar,24,83,53,45,205,0,6,25,6,37,24,89,78,51,242,30,62,92,334
08/31/2010,MAF,TX,ASW,CE,Combined TRACON& Tower with Radar,24,66,56,32,178,0,3,29,4,36,24,69,85,36,214,0,76,76,290
09/01/2010,MAF,TX,ASW,CE,Combined TRACON& Tower with Radar,26,39,40,28,133,0,6,16,2,24,26,45,56,30,157,0,58,58,215
09/02/2010,MAF,TX,ASW,CE,Combined TRACON& Tower with Radar,26,53,46,48,173,0,2,33,1,36,26,55,79,49,209,8,42,50,259
09/03/2010,MAF,TX,ASW,CE,Combined TRACON& Tower with Radar,24,37,40,13,114,0,1,30,1,32,24,38,70,14,146,6,18,24,170
09/04/2010,MAF,TX,ASW,CE,Combined TRACON& Tower with Radar,16,23,19,3,61,0,1,29,0,30,16,24,48,3,91,2,0,2,93
09/05/2010,MAF,TX,ASW,CE,Combined TRACON& Tower with Radar,18,19,18,0,55,0,1,10,0,11,18,20,28,0,66,0,0,0,66
09/06/2010,MAF,TX,ASW,CE,Combined TRACON& Tower with Radar,20,25,27,0,72,0,4,26,0,30,20,29,53,0,102,0,0,0,102
09/07/2010,MAF,TX,ASW,CE,Combined TRACON& Tower with Radar,22,41,43,22,128,0,1,6,0,7,22,42,49,22,135,6,0,6,141
09/08/2010,MAF,TX,ASW,CE,Combined TRACON& Tower with Radar,24,68,64,41,197,0,0,9,2,11,24,68,73,43,208,12,54,66,274
09/09/2010,MAF,TX,ASW,CE,Combined TRACON& Tower with Radar,24,66,56,45,191,0,5,38,5,48,24,71,94,50,239,0,10,10,249
09/10/2010,MAF,TX,ASW,CE,Combined TRACON& Tower with Radar,24,41,54,22,141,0,4,26,1,31,24,45,80,23,172,0,82,82,254
09/11/2010,MAF,TX,ASW,CE,Combined TRACON& Tower with Radar,16,22,34,8,80,0,2,35,2,39,16,24,69,10,119,0,0,0,119
09/12/2010,MAF,TX,ASW,CE,Combined TRACON& Tower with Radar,24,23,19,3,69,0,1,21,0,22,24,24,40,3,91,20,0,20,111
09/13/2010,MAF,TX,ASW,CE,Combined TRACON& Tower with Radar,24,79,49,26,178,0,13,26,5,44,24,92,75,31,222,0,48,48,270
09/14/2010,MAF,TX,ASW,CE,Combined TRACON& Tower with Radar,26,59,32,24,141,0,2,32,2,36,26,61,64,26,177,2,52,54,231
09/15/2010,MAF,TX,ASW,CE,Combined TRACON& Tower with Radar,23,35,47,62,167,0,0,30,3,33,23,35,77,65,200,18,96,114,314
09/16/2010,MAF,TX,ASW,CE,Combined TRACON& Tower with Radar,25,48,43,43,159,0,0,20,5,25,25,48,63,48,184,0,2,2,186
09/17/2010,MAF,TX,ASW,CE,Combined TRACON& Tower with Radar,28,36,40,67,171,0,0,29,11,40,28,36,69,78,211,0,0,0,211
09/18/2010,MAF,TX,ASW,CE,Combined TRACON& Tower with Radar,16,25,37,4,82,0,0,39,5,44,16,25,76,9,126,14,0,14,140
09/19/2010,MAF,TX,ASW,CE,Combined TRACON& Tower with Radar,20,25,43,4,92,0,0,12,1,13,20,25,55,5,105,0,0,0,105
09/20/2010,MAF,TX,ASW,CE,Combined TRACON& Tower with Radar,26,37,77,39,179,0,0,24,3,27,26,37,101,42,206,18,12,30,236
09/21/2010,MAF,TX,ASW,CE,Combined TRACON& Tower with Radar,26,34,53,23,136,0,2,16,2,20,26,36,69,25,156,14,0,14,170
09/22/2010,MAF,TX,ASW,CE,Combined TRACON& Tower with Radar,24,36,41,61,162,0,1,10,9,20,24,37,51,70,182,0,32,32,214
09/23/2010,MAF,TX,ASW,CE,Combined TRACON& Tower with Radar,28,39,69,38,174,0,1,25,1,27,28,40,94,39,201,14,80,94,295
09/24/2010,MAF,TX,ASW,CE,Combined TRACON& Tower with Radar,25,41,51,68,185,0,0,27,1,28,25,41,78,69,213,6,86,92,305
09/25/2010,MAF,TX,ASW,CE,Combined TRACON& Tower with Radar,16,23,29,0,68,0,1,8,0,9,16,24,37,0,77,26,0,26,103
09/26/2010,MAF,TX,ASW,CE,Combined TRACON& Tower with Radar,22,27,42,7,98,0,0,25,2,27,22,27,67,9,125,0,0,0,125
09/27/2010,MAF,TX,ASW,CE,Combined TRACON& Tower with Radar,25,31,43,85,184,0,2,41,7,50,25,33,84,92,234,24,52,76,310
09/28/2010,MAF,TX,ASW,CE,Combined TRACON& Tower with Radar,24,31,34,57,146,0,2,41,8,51,24,33,75,65,197,42,66,108,305
09/29/2010,MAF,TX,ASW,CE,Combined TRACON& Tower with Radar,26,31,48,41,146,0,2,38,6,46,26,33,86,47,192,12,62,74,266
09/30/2010,MAF,TX,ASW,CE,Combined TRACON& Tower with Radar,26,33,39,33,131,0,2,47,5,54,26,35,86,38,185,0,46,46,231
10/01/2010,MAF,TX,ASW,CE,Combined TRACON& Tower with Radar,25,30,53,24,132,0,3,32,3,38,25,33,85,27,170,12,26,38,208
10/02/2010,MAF,TX,ASW,CE,Combined TRACON& Tower with Radar,16,20,23,23,82,0,0,25,5,30,16,20,48,28,112,48,0,48,160
10/03/2010,MAF,TX,ASW,CE,Combined TRACON& Tower with Radar,20,24,34,9,87,0,0,15,1,16,20,24,49,10,103,0,0,0,103
10/04/2010,MAF,TX,ASW,CE,Combined TRACON& Tower with Radar,25,33,41,70,169,0,2,38,0,40,25,35,79,70,209,0,0,0,209
10/05/2010,MAF,TX,ASW,CE,Combined TRACON& Tower with Radar,26,31,38,43,138,0,2,28,1,31,26,33,66,44,169,14,32,46,215
10/06/2010,MAF,TX,ASW,CE,Combined TRACON& Tower with Radar,24,30,40,64,158,0,3,28,2,33,24,33,68,66,191,6,42,48,239
10/07/2010,MAF,TX,ASW,CE,Combined TRACON& Tower with Radar,26,35,36,37,134,0,4,51,5,60,26,39,87,42,194,0,30,30,224
10/08/2010,MAF,TX,ASW,CE,Combined TRACON& Tower with Radar,25,30,31,17,103,0,3,80,5,88,25,33,111,22,191,18,22,40,231
10/09/2010,MAF,TX,ASW,CE,Combined TRACON& Tower with Radar,16,21,14,11,62,0,4,99,11,114,16,25,113,22,176,20,0,20,196
10/10/2010,MAF,TX,ASW,CE,Combined TRACON& Tower with Radar,20,26,21,8,75,0,1,75,14,90,20,27,96,22,165,0,0,0,165
10/11/2010,MAF,TX,ASW,CE,Combined TRACON& Tower with Radar,25,30,31,20,106,0,4,49,6,59,25,34,80,26,165,14,4,18,183
10/12/2010,MAF,TX,ASW,CE,Combined TRACON& Tower with Radar,23,36,35,55,149,0,3,30,11,44,23,39,65,66,193,22,28,50,243
10/13/2010,MAF,TX,ASW,CE,Combined TRACON& Tower with Radar,26,32,33,73,164,0,3,24,6,33,26,35,57,79,197,10,28,38,235
10/14/2010,MAF,TX,ASW,CE,Combined TRACON& Tower with Radar,26,41,39,83,189,0,5,31,3,39,26,46,70,86,228,10,90,100,328
10/15/2010,MAF,TX,ASW,CE,Combined TRACON& Tower with Radar,27,37,48,58,170,0,2,36,1,39,27,39,84,59,209,12,36,48,257
10/16/2010,MAF,TX,ASW,CE,Combined TRACON& Tower with Radar,16,24,13,0,53,0,0,22,1,23,16,24,35,1,76,30,0,30,106
10/17/2010,MAF,TX,ASW,CE,Combined TRACON& Tower with Radar,20,26,37,0,83,0,0,21,4,25,20,26,58,4,108,0,0,0,108
10/18/2010,MAF,TX,ASW,CE,Combined TRACON& Tower with Radar,25,31,34,90,180,0,2,26,8,36,25,33,60,98,216,0,36,36,252
10/19/2010,MAF,TX,ASW,CE,Combined TRACON& Tower with Radar,29,40,47,42,158,0,4,33,5,42,29,44,80,47,200,12,28,40,240
10/20/2010,MAF,TX,ASW,CE,Combined TRACON& Tower with Radar,26,36,49,56,167,0,4,30,2,36,26,40,79,58,203,16,0,16,219
10/21/2010,MAF,TX,ASW,CE,Combined TRACON& Tower with Radar,26,39,46,18,129,0,0,12,0,12,26,39,58,18,141,20,2,22,163
10/22/2010,MAF,TX,ASW,CE,Combined TRACON& Tower with Radar,25,34,60,113,232,0,1,30,4,35,25,35,90,117,267,0,192,192,459
10/23/2010,MAF,TX,ASW,CE,Combined TRACON& Tower with Radar,21,22,16,0,59,0,1,28,1,30,21,23,44,1,89,6,0,6,95
10/24/2010,MAF,TX,ASW,CE,Combined TRACON& Tower with Radar,20,27,22,32,101,0,0,18,3,21,20,27,40,35,122,0,4,4,126
10/25/2010,MAF,TX,ASW,CE,Combined TRACON& Tower with Radar,25,39,37,36,137,0,5,17,10,32,25,44,54,46,169,0,20,20,189
10/26/2010,MAF,TX,ASW,CE,Combined TRACON& Tower with Radar,26,34,50,53,163,0,5,28,6,39,26,39,78,59,202,0,0,0,202
10/27/2010,MAF,TX,ASW,CE,Combined TRACON& Tower with Radar,26,30,42,47,145,0,8,26,3,37,26,38,68,50,182,6,60,66,248
10/28/2010,MAF,TX,ASW,CE,Combined TRACON& Tower with Radar,26,34,42,76,178,0,4,28,12,44,26,38,70,88,222,8,24,32,254
10/29/2010,MAF,TX,ASW,CE,Combined TRACON& Tower with Radar,25,33,42,59,159,0,2,34,7,43,25,35,76,66,202,32,0,32,234
10/30/2010,MAF,TX,ASW,CE,Combined TRACON& Tower with Radar,14,23,25,0,62,0,0,18,0,18,14,23,43,0,80,0,0,0,80
10/31/2010,MAF,TX,ASW,CE,Combined TRACON& Tower with Radar,18,25,26,0,69,0,0,18,0,18,18,25,44,0,87,10,0,10,97
11/01/2010,MAF,TX,ASW,CE,Combined TRACON& Tower with Radar,25,31,25,70,151,0,2,30,2,34,25,33,55,72,185,0,21,21,206
11/02/2010,MAF,TX,ASW,CE,Combined TRACON& Tower with Radar,24,34,48,106,212,0,4,18,4,26,24,38,66,110,238,4,86,90,328
11/03/2010,MAF,TX,ASW,CE,Combined TRACON& Tower with Radar,24,35,41,59,159,0,5,23,8,36,24,40,64,67,195,4,82,86,281
11/04/2010,MAF,TX,ASW,CE,Combined TRACON& Tower with Radar,26,38,56,43,163,0,5,30,1,36,26,43,86,44,199,28,50,78,277
11/05/2010,MAF,TX,ASW,CE,Combined TRACON& Tower with Radar,25,34,39,62,160,0,7,31,1,39,25,41,70,63,199,19,68,87,286
11/06/2010,MAF,TX,ASW,CE,Combined TRACON& Tower with Radar,17,20,19,7,63,0,2,23,0,25,17,22,42,7,88,14,6,20,108
11/07/2010,MAF,TX,ASW,CE,Combined TRACON& Tower with Radar,20,28,28,4,80,0,4,18,0,22,20,32,46,4,102,0,4,4,106
11/08/2010,MAF,TX,ASW,CE,Combined TRACON& Tower with Radar,23,32,34,72,161,0,2,22,9,33,23,34,56,81,194,4,88,92,286
11/09/2010,MAF,TX,ASW,CE,Combined TRACON& Tower with Radar,24,30,47,82,183,0,3,30,3,36,24,33,77,85,219,20,44,64,283
11/10/2010,MAF,TX,ASW,CE,Combined TRACON& Tower with Radar,24,37,60,58,179,0,4,33,1,38,24,41,93,59,217,8,42,50,267
11/11/2010,MAF,TX,ASW,CE,Combined TRACON& Tower with Radar,25,37,65,8,135,0,2,10,7,19,25,39,75,15,154,0,0,0,154
11/12/2010,MAF,TX,ASW,CE,Combined TRACON& Tower with Radar,24,37,58,117,236,0,1,10,4,15,24,38,68,121,251,0,140,140,391
11/13/2010,MAF,TX,ASW,CE,Combined TRACON& Tower with Radar,16,25,21,5,67,0,1,15,2,18,16,26,36,7,85,0,0,0,85
11/14/2010,MAF,TX,ASW,CE,Combined TRACON& Tower with Radar,26,25,29,3,83,0,1,19,1,21,26,26,48,4,104,3,0,3,107
11/15/2010,MAF,TX,ASW,CE,Combined TRACON& Tower with Radar,23,35,46,78,182,0,9,24,21,54,23,44,70,99,236,0,102,102,338
11/16/2010,MAF,TX,ASW,CE,Combined TRACON& Tower with Radar,24,38,44,49,155,0,4,30,2,36,24,42,74,51,191,6,148,154,345
11/17/2010,MAF,TX,ASW,CE,Combined TRACON& Tower with Radar,25,29,44,38,136,0,3,22,1,26,25,32,66,39,162,0,36,36,198
11/18/2010,MAF,TX,ASW,CE,Combined TRACON& Tower with Radar,29,37,51,39,156,0,2,35,4,41,29,39,86,43,197,0,90,90,287
11/19/2010,MAF,TX,ASW,CE,Combined TRACON& Tower with Radar,29,32,57,40,158,0,4,39,6,49,29,36,96,46,207,12,36,48,255
11/20/2010,MAF,TX,ASW,CE,Combined TRACON& Tower with Radar,19,18,25,4,66,0,3,23,2,28,19,21,48,6,94,24,0,24,118
11/21/2010,MAF,TX,ASW,CE,Combined TRACON& Tower with Radar,24,24,21,20,89,0,1,11,1,13,24,25,32,21,102,8,0,8,110
11/22/2010,MAF,TX,ASW,CE,Combined TRACON& Tower with Radar,25,27,51,111,214,0,6,21,10,37,25,33,72,121,251,6,148,154,405
11/23/2010,MAF,TX,ASW,CE,Combined TRACON& Tower with Radar,28,34,45,21,128,0,4,24,0,28,28,38,69,21,156,28,20,48,204
11/24/2010,MAF,TX,ASW,CE,Combined TRACON& Tower with Radar,28,34,35,16,113,0,2,17,0,19,28,36,52,16,132,20,10,30,162
11/25/2010,MAF,TX,ASW,CE,Combined TRACON& Tower with Radar,16,16,17,0,49,0,0,5,0,5,16,16,22,0,54,10,0,10,64
11/26/2010,MAF,TX,ASW,CE,Combined TRACON& Tower with Radar,19,22,20,0,61,0,2,26,0,28,19,24,46,0,89,0,0,0,89
11/27/2010,MAF,TX,ASW,CE,Combined TRACON& Tower with Radar,20,24,25,0,69,0,2,20,0,22,20,26,45,0,91,30,0,30,121
11/28/2010,MAF,TX,ASW,CE,Combined TRACON& Tower with Radar,24,26,30,0,80,0,0,17,0,17,24,26,47,0,97,0,0,0,97
11/29/2010,MAF,TX,ASW,CE,Combined TRACON& Tower with Radar,27,30,38,37,132,0,2,17,1,20,27,32,55,38,152,8,44,52,204
11/30/2010,MAF,TX,ASW,CE,Combined TRACON& Tower with Radar,26,34,37,34,131,0,2,28,2,32,26,36,65,36,163,14,36,50,213
12/01/2010,MAF,TX,ASW,CE,Combined TRACON& Tower with Radar,26,37,49,43,155,0,2,15,6,23,26,39,64,49,178,2,80,82,260
12/02/2010,MAF,TX,ASW,CE,Combined TRACON& Tower with Radar,26,38,57,37,158,0,3,23,9,35,26,41,80,46,193,16,52,68,261
12/03/2010,MAF,TX,ASW,CE,Combined TRACON& Tower with Radar,25,28,38,24,115,0,5,20,3,28,25,33,58,27,143,0,0,0,143
12/04/2010,MAF,TX,ASW,CE,Combined TRACON& Tower with Radar,18,19,20,11,68,0,1,9,3,13,18,20,29,14,81,0,0,0,81
12/05/2010,MAF,TX,ASW,CE,Combined TRACON& Tower with Radar,22,20,28,4,74,0,3,11,3,17,22,23,39,7,91,0,0,0,91
12/06/2010,MAF,TX,ASW,CE,Combined TRACON& Tower with Radar,25,32,31,28,116,0,6,20,4,30,25,38,51,32,146,0,10,10,156
12/07/2010,MAF,TX,ASW,CE,Combined TRACON& Tower with Radar,22,47,44,51,164,0,8,18,3,29,22,55,62,54,193,12,108,120,313
12/08/2010,MAF,TX,ASW,CE,Combined TRACON& Tower with Radar,22,32,38,40,132,0,4,32,5,41,22,36,70,45,173,4,92,96,269
12/09/2010,MAF,TX,ASW,CE,Combined TRACON& Tower with Radar,26,41,58,26,151,0,6,27,8,41,26,47,85,34,192,8,4,12,204
12/10/2010,MAF,TX,ASW,CE,Combined TRACON& Tower with Radar,26,28,58,57,169,0,2,38,7,47,26,30,96,64,216,0,14,14,230
12/11/2010,MAF,TX,ASW,CE,Combined TRACON& Tower with Radar,18,21,25,10,74,0,0,22,1,23,18,21,47,11,97,0,0,0,97
12/12/2010,MAF,TX,ASW,CE,Combined TRACON& Tower with Radar,22,28,42,12,104,0,0,19,1,20,22,28,61,13,124,0,0,0,124
12/13/2010,MAF,TX,ASW,CE,Combined TRACON& Tower with Radar,24,29,36,59,148,0,3,32,1,36,24,32,68,60,184,0,44,44,228
12/14/2010,MAF,TX,ASW,CE,Combined TRACON& Tower with Radar,24,33,53,74,184,0,2,38,2,42,24,35,91,76,226,0,0,0,226
12/15/2010,MAF,TX,ASW,CE,Combined TRACON& Tower with Radar,22,40,53,48,163,0,2,32,3,37,22,42,85,51,200,0,62,62,262
12/16/2010,MAF,TX,ASW,CE,Combined TRACON& Tower with Radar,24,37,50,47,158,0,3,45,2,50,24,40,95,49,208,32,56,88,296
12/17/2010,MAF,TX,ASW,CE,Combined TRACON& Tower with Radar,26,35,34,61,156,0,3,29,8,40,26,38,63,69,196,32,64,96,292
12/18/2010,MAF,TX,ASW,CE,Combined TRACON& Tower with Radar,16,21,22,2,61,0,2,21,2,25,16,23,43,4,86,30,0,30,116
12/19/2010,MAF,TX,ASW,CE,Combined TRACON& Tower with Radar,20,25,38,4,87,0,0,13,0,13,20,25,51,4,100,0,0,0,100
12/20/2010,MAF,TX,ASW,CE,Combined TRACON& Tower with Radar,22,30,28,86,166,0,6,25,0,31,22,36,53,86,197,6,96,102,299
12/21/2010,MAF,TX,ASW,CE,Combined TRACON& Tower with Radar,22,38,26,17,103,0,4,31,1,36,22,42,57,18,139,0,22,22,161
12/22/2010,MAF,TX,ASW,CE,Combined TRACON& Tower with Radar,24,38,41,8,111,0,0,8,0,8,24,38,49,8,119,0,0,0,119
12/23/2010,MAF,TX,ASW,CE,Combined TRACON& Tower with Radar,23,37,23,1,84,0,0,4,0,4,23,37,27,1,88,0,0,0,88
12/24/2010,MAF,TX,ASW,CE,Combined TRACON& Tower with Radar,15,33,15,0,63,0,1,5,0,6,15,34,20,0,69,0,0,0,69
12/25/2010,MAF,TX,ASW,CE,Combined TRACON& Tower with Radar,14,21,3,0,38,0,0,10,0,10,14,21,13,0,48,0,0,0,48
12/26/2010,MAF,TX,ASW,CE,Combined TRACON& Tower with Radar,22,25,23,0,70,0,0,25,0,25,22,25,48,0,95,0,0,0,95
12/27/2010,MAF,TX,ASW,CE,Combined TRACON& Tower with Radar,24,30,13,3,70,0,2,34,1,37,24,32,47,4,107,6,8,14,121
12/28/2010,MAF,TX,ASW,CE,Combined TRACON& Tower with Radar,25,34,23,37,119,0,2,15,0,17,25,36,38,37,136,0,0,0,136
12/29/2010,MAF,TX,ASW,CE,Combined TRACON& Tower with Radar,26,42,23,6,97,0,1,16,0,17,26,43,39,6,114,0,36,36,150
12/30/2010,MAF,TX,ASW,CE,Combined TRACON& Tower with Radar,28,30,29,0,87,0,2,20,0,22,28,32,49,0,109,4,0,4,113
12/31/2010,MAF,TX,ASW,CE,Combined TRACON& Tower with Radar,14,27,23,0,64,0,3,10,0,13,14,30,33,0,77,0,0,0,77
01/01/2011,MAF,TX,ASW,CE,Combined TRACON& Tower with Radar,14,17,8,0,39,0,2,11,0,13,14,19,19,0,52,8,0,8,60
01/02/2011,MAF,TX,ASW,CE,Combined TRACON& Tower with Radar,20,18,27,1,66,0,1,10,1,12,20,19,37,2,78,2,0,2,80
01/03/2011,MAF,TX,ASW,CE,Combined TRACON& Tower with Radar,26,28,20,0,74,0,6,15,0,21,26,34,35,0,95,0,0,0,95
01/04/2011,MAF,TX,ASW,CE,Combined TRACON& Tower with Radar,26,31,20,38,115,0,1,28,0,29,26,32,48,38,144,2,80,82,226
01/05/2011,MAF,TX,ASW,CE,Combined TRACON& Tower with Radar,24,33,38,64,159,0,5,32,4,41,24,38,70,68,200,6,74,80,280
01/06/2011,MAF,TX,ASW,CE,Combined TRACON& Tower with Radar,24,31,45,67,167,0,5,37,6,48,24,36,82,73,215,10,62,72,287
01/07/2011,MAF,TX,ASW,CE,Combined TRACON& Tower with Radar,23,31,33,29,116,0,3,33,6,42,23,34,66,35,158,8,70,78,236
01/08/2011,MAF,TX,ASW,CE,Combined TRACON& Tower with Radar,16,19,24,10,69,0,1,24,2,27,16,20,48,12,96,0,0,0,96
01/09/2011,MAF,TX,ASW,CE,Combined TRACON& Tower with Radar,20,19,25,18,82,0,0,4,0,4,20,19,29,18,86,0,0,0,86
01/10/2011,MAF,TX,ASW,CE,Combined TRACON& Tower with Radar,26,33,38,62,159,0,1,13,0,14,26,34,51,62,173,0,92,92,265
01/11/2011,MAF,TX,ASW,CE,Combined TRACON& Tower with Radar,24,29,49,61,163,0,2,19,8,29,24,31,68,69,192,0,98,98,290
01/12/2011,MAF,TX,ASW,CE,Combined TRACON& Tower with Radar,26,31,47,40,144,0,2,15,3,20,26,33,62,43,164,0,0,0,164
01/13/2011,MAF,TX,ASW,CE,Combined TRACON& Tower with Radar,26,30,42,34,132,0,3,24,2,29,26,33,66,36,161,56,30,86,247
01/14/2011,MAF,TX,ASW,CE,Combined TRACON& Tower with Radar,25,52,58,54,189,0,2,24,10,36,25,54,82,64,225,0,10,10,235
01/15/2011,MAF,TX,ASW,CE,Combined TRACON& Tower with Radar,16,24,17,4,61,0,1,13,0,14,16,25,30,4,75,0,0,0,75
01/16/2011,MAF,TX,ASW,CE,Combined TRACON& Tower with Radar,20,23,20,0,63,0,1,22,0,23,20,24,42,0,86,0,0,0,86
01/17/2011,MAF,TX,ASW,CE,Combined TRACON& Tower with Radar,27,28,33,2,90,0,3,24,0,27,27,31,57,2,117,2,0,2,119
01/18/2011,MAF,TX,ASW,CE,Combined TRACON& Tower with Radar,26,26,25,87,164,0,4,32,15,51,26,30,57,102,215,32,110,142,357
01/19/2011,MAF,TX,ASW,CE,Combined TRACON& Tower with Radar,28,32,50,87,197,0,5,22,12,39,28,37,72,99,236,58,102,160,396
01/20/2011,MAF,TX,ASW,CE,Combined TRACON& Tower with Radar,26,35,46,68,175,0,4,9,5,18,26,39,55,73,193,34,104,138,331
01/21/2011,MAF,TX,ASW,CE,Combined TRACON& Tower with Radar,25,30,41,60,156,0,4,32,0,36,25,34,73,60,192,6,38,44,236
01/22/2011,MAF,TX,ASW,CE,Combined TRACON& Tower with Radar,16,20,23,18,77,0,2,14,1,17,16,22,37,19,94,22,0,22,116
01/23/2011,MAF,TX,ASW,CE,Combined TRACON& Tower with Radar,20,26,24,15,85,0,2,21,3,26,20,28,45,18,111,58,18,76,187
01/24/2011,MAF,TX,ASW,CE,Combined TRACON& Tower with Radar,27,34,35,86,182,0,4,24,11,39,27,38,59,97,221,0,202,202,423
01/25/2011,MAF,TX,ASW,CE,Combined TRACON& Tower with Radar,28,27,42,57,154,0,1,28,4,33,28,28,70,61,187,0,108,108,295
01/26/2011,MAF,TX,ASW,CE,Combined TRACON& Tower with Radar,26,37,40,32,135,0,2,15,4,21,26,39,55,36,156,0,102,102,258
01/27/2011,MAF,TX,ASW,CE,Combined TRACON& Tower with Radar,26,32,51,57,166,0,3,25,1,29,26,35,76,58,195,6,90,96,291
01/28/2011,MAF,TX,ASW,CE,Combined TRACON& Tower with Radar,27,30,38,75,170,0,2,28,9,39,27,32,66,84,209,0,118,118,327
01/29/2011,MAF,TX,ASW,CE,Combined TRACON& Tower with Radar,14,20,18,0,52,0,0,16,0,16,14,20,34,0,68,10,0,10,78
01/30/2011,MAF,TX,ASW,CE,Combined TRACON& Tower with Radar,20,20,35,9,84,0,2,27,5,34,20,22,62,14,118,40,24,64,182
01/31/2011,MAF,TX,ASW,CE,Combined TRACON& Tower with Radar,27,33,41,74,175,0,0,18,4,22,27,33,59,78,197,6,170,176,373
02/01/2011,MAF,TX,ASW,CE,Combined TRACON& Tower with Radar,13,22,18,21,74,0,0,3,0,3,13,22,21,21,77,0,0,0,77
02/02/2011,MAF,TX,ASW,CE,Combined TRACON& Tower with Radar,15,24,16,6,61,0,1,4,1,6,15,25,20,7,67,0,0,0,67
02/03/2011,MAF,TX,ASW,CE,Combined TRACON& Tower with Radar,21,32,32,4,89,0,2,5,2,9,21,34,37,6,98,2,0,2,100
02/04/2011,MAF,TX,ASW,CE,Combined TRACON& Tower with Radar,19,19,40,4,82,0,4,31,0,35,19,23,71,4,117,0,14,14,131
02/05/2011,MAF,TX,ASW,CE,Combined TRACON& Tower with Radar,16,19,20,29,84,0,2,22,3,27,16,21,42,32,111,14,16,30,141
02/06/2011,MAF,TX,ASW,CE,Combined TRACON& Tower with Radar,20,29,14,0,63,0,1,3,0,4,20,30,17,0,67,0,0,0,67
02/07/2011,MAF,TX,ASW,CE,Combined TRACON& Tower with Radar,23,27,43,17,110,0,3,31,4,38,23,30,74,21,148,0,0,0,148
02/08/2011,MAF,TX,ASW,CE,Combined TRACON& Tower with Radar,26,28,39,22,115,0,2,18,1,21,26,30,57,23,136,0,2,2,138
02/09/2011,MAF,TX,ASW,CE,Combined TRACON& Tower with Radar,22,30,26,18,96,0,5,17,4,26,22,35,43,22,122,0,2,2,124
02/10/2011,MAF,TX,ASW,CE,Combined TRACON& Tower with Radar,22,32,50,30,134,0,3,22,8,33,22,35,72,38,167,8,104,112,279
02/11/2011,MAF,TX,ASW,CE,Combined TRACON& Tower with Radar,25,36,34,67,162,0,5,37,3,45,25,41,71,70,207,4,148,152,359
02/12/2011,MAF,TX,ASW,CE,Combined TRACON& Tower with Radar,15,21,22,32,90,0,3,25,2,30,15,24,47,34,120,20,4,24,144
02/13/2011,MAF,TX,ASW,CE,Combined TRACON& Tower with Radar,22,22,28,7,79,0,3,28,0,31,22,25,56,7,110,0,0,0,110
02/14/2011,MAF,TX,ASW,CE,Combined TRACON& Tower with Radar,25,25,28,74,152,0,4,33,5,42,25,29,61,79,194,4,60,64,258
02/15/2011,MAF,TX,ASW,CE,Combined TRACON& Tower with Radar,26,35,40,58,159,0,5,26,4,35,26,40,66,62,194,4,110,114,308
02/16/2011,MAF,TX,ASW,CE,Combined TRACON& Tower with Radar,26,33,47,44,150,0,3,20,7,30,26,36,67,51,180,2,86,88,268
02/17/2011,MAF,TX,ASW,CE,Combined TRACON& Tower with Radar,26,32,38,94,190,0,4,34,9,47,26,36,72,103,237,6,132,138,375
02/18/2011,MAF,TX,ASW,CE,Combined TRACON& Tower with Radar,26,32,47,94,199,0,3,32,3,38,26,35,79,97,237,24,84,108,345
02/19/2011,MAF,TX,ASW,CE,Combined TRACON& Tower with Radar,19,28,28,5,80,0,1,10,1,12,19,29,38,6,92,48,0,48,140
02/20/2011,MAF,TX,ASW,CE,Combined TRACON& Tower with Radar,25,23,35,0,83,0,2,12,2,16,25,25,47,2,99,4,0,4,103
02/21/2011,MAF,TX,ASW,CE,Combined TRACON& Tower with Radar,25,28,46,4,103,0,2,34,2,38,25,30,80,6,141,30,0,30,171
02/22/2011,MAF,TX,ASW,CE,Combined TRACON& Tower with Radar,26,35,65,64,190,0,1,23,0,24,26,36,88,64,214,0,0,0,214
02/23/2011,MAF,TX,ASW,CE,Combined TRACON& Tower with Radar,29,38,61,90,218,0,2,25,4,31,29,40,86,94,249,14,152,166,415
02/24/2011,MAF,TX,ASW,CE,Combined TRACON& Tower with Radar,27,29,54,103,213,0,5,21,10,36,27,34,75,113,249,0,160,160,409
02/25/2011,MAF,TX,ASW,CE,Combined TRACON& Tower with Radar,25,37,45,32,139,0,6,35,4,45,25,43,80,36,184,22,74,96,280
02/26/2011,MAF,TX,ASW,CE,Combined TRACON& Tower with Radar,18,17,29,0,64,0,2,21,1,24,18,19,50,1,88,16,0,16,104
02/27/2011,MAF,TX,ASW,CE,Combined TRACON& Tower with Radar,21,21,29,6,77,0,1,7,0,8,21,22,36,6,85,0,0,0,85
02/28/2011,MAF,TX,ASW,CE,Combined TRACON& Tower with Radar,23,30,52,74,179,0,5,31,8,44,23,35,83,82,223,2,80,82,305
03/01/2011,MAF,TX,ASW,CE,Combined TRACON& Tower with Radar,26,32,30,34,122,0,2,21,7,30,26,34,51,41,152,0,16,16,168
03/02/2011,MAF,TX,ASW,CE,Combined TRACON& Tower with Radar,26,41,46,16,129,0,3,28,3,34,26,44,74,19,163,15,44,59,222
03/03/2011,MAF,TX,ASW,CE,Combined TRACON& Tower with Radar,30,33,60,43,166,0,2,35,3,40,30,35,95,46,206,0,42,42,248
03/04/2011,MAF,TX,ASW,CE,Combined TRACON& Tower with Radar,25,33,57,24,139,0,3,33,1,37,25,36,90,25,176,0,0,0,176
03/05/2011,MAF,TX,ASW,CE,Combined TRACON& Tower with Radar,18,20,13,18,69,0,1,29,0,30,18,21,42,18,99,0,0,0,99
03/06/2011,MAF,TX,ASW,CE,Combined TRACON& Tower with Radar,24,26,29,4,83,0,3,14,0,17,24,29,43,4,100,0,0,0,100
03/07/2011,MAF,TX,ASW,CE,Combined TRACON& Tower with Radar,23,37,53,58,171,0,2,19,1,22,23,39,72,59,193,0,42,42,235
03/08/2011,MAF,TX,ASW,CE,Combined TRACON& Tower with Radar,26,34,50,35,145,0,4,8,1,13,26,38,58,36,158,0,110,110,268
03/09/2011,MAF,TX,ASW,CE,Combined TRACON& Tower with Radar,24,32,51,45,152,0,2,38,4,44,24,34,89,49,196,8,18,26,222
03/10/2011,MAF,TX,ASW,CE,Combined TRACON& Tower with Radar,26,33,61,23,143,0,2,30,3,35,26,35,91,26,178,8,36,44,222
03/11/2011,MAF,TX,ASW,CE,Combined TRACON& Tower with Radar,25,37,58,38,158,0,3,20,3,26,25,40,78,41,184,10,20,30,214
03/12/2011,MAF,TX,ASW,CE,Combined TRACON& Tower with Radar,16,18,29,3,66,0,3,11,2,16,16,21,40,5,82,0,0,0,82
03/13/2011,MAF,TX,ASW,CE,Combined TRACON& Tower with Radar,20,22,34,1,77,0,1,15,1,17,20,23,49,2,94,10,0,10,104
03/14/2011,MAF,TX,ASW,CE,Combined TRACON& Tower with Radar,22,32,16,39,109,0,4,23,1,28,22,36,39,40,137,0,26,26,163
03/15/2011,MAF,TX,ASW,CE,Combined TRACON& Tower with Radar,24,37,43,29,133,0,4,37,1,42,24,41,80,30,175,0,8,8,183
03/16/2011,MAF,TX,ASW,CE,Combined TRACON& Tower with Radar,26,31,39,53,149,0,5,17,0,22,26,36,56,53,171,4,0,4,175
03/17/2011,MAF,TX,ASW,CE,Combined TRACON& Tower with Radar,24,31,45,44,144,0,5,19,5,29,24,36,64,49,173,0,54,54,227
03/18/2011,MAF,TX,ASW,CE,Combined TRACON& Tower with Radar,25,32,39,35,131,0,2,22,4,28,25,34,61,39,159,0,42,42,201
03/19/2011,MAF,TX,ASW,CE,Combined TRACON& Tower with Radar,16,26,28,0,70,0,1,18,0,19,16,27,46,0,89,0,0,0,89
03/20/2011,MAF,TX,ASW,CE,Combined TRACON& Tower with Radar,20,27,49,8,104,0,0,17,3,20,20,27,66,11,124,0,0,0,124
03/21/2011,MAF,TX,ASW,CE,Combined TRACON& Tower with Radar,25,33,35,30,123,0,3,25,3,31,25,36,60,33,154,4,14,18,172
03/22/2011,MAF,TX,ASW,CE,Combined TRACON& Tower with Radar,24,36,53,44,157,0,5,14,0,19,24,41,67,44,176,0,52,52,228
03/23/2011,MAF,TX,ASW,CE,Combined TRACON& Tower with Radar,24,30,47,55,156,0,5,42,5,52,24,35,89,60,208,0,0,0,208
03/24/2011,MAF,TX,ASW,CE,Combined TRACON& Tower with Radar,26,33,63,24,146,0,3,23,6,32,26,36,86,30,178,0,38,38,216
03/25/2011,MAF,TX,ASW,CE,Combined TRACON& Tower with Radar,23,33,35,38,129,0,4,36,7,47,23,37,71,45,176,34,70,104,280
03/26/2011,MAF,TX,ASW,CE,Combined TRACON& Tower with Radar,16,17,26,4,63,0,2,31,1,34,16,19,57,5,97,12,0,12,109
03/27/2011,MAF,TX,ASW,CE,Combined TRACON& Tower with Radar,20,25,30,37,112,0,2,16,5,23,20,27,46,42,135,6,48,54,189
03/28/2011,MAF,TX,ASW,CE,Combined TRACON& Tower with Radar,24,31,58,62,175,0,3,26,1,30,24,34,84,63,205,8,94,102,307
03/29/2011,MAF,TX,ASW,CE,Combined TRACON& Tower with Radar,25,38,62,38,163,0,1,12,0,13,25,39,74,38,176,8,0,8,184
03/30/2011,MAF,TX,ASW,CE,Combined TRACON& Tower with Radar,24,30,65,35,154,0,3,36,3,42,24,33,101,38,196,1,64,65,261
03/31/2011,MAF,TX,ASW,CE,Combined TRACON& Tower with Radar,26,31,44,24,125,0,3,31,2,36,26,34,75,26,161,4,66,70,231
04/01/2011,MAF,TX,ASW,CE,Combined TRACON& Tower with Radar,27,33,37,17,114,0,4,36,3,43,27,37,73,20,157,0,22,22,179
04/02/2011,MAF,TX,ASW,CE,Combined TRACON& Tower with Radar,16,18,21,1,56,0,5,28,2,35,16,23,49,3,91,3,0,3,94
04/03/2011,MAF,TX,ASW,CE,Combined TRACON& Tower with Radar,18,25,39,2,84,0,4,12,0,16,18,29,51,2,100,6,0,6,106
04/04/2011,MAF,TX,ASW,CE,Combined TRACON& Tower with Radar,25,31,30,12,98,0,2,15,1,18,25,33,45,13,116,0,0,0,116
04/05/2011,MAF,TX,ASW,CE,Combined TRACON& Tower with Radar,22,37,40,23,122,0,2,19,3,24,22,39,59,26,146,6,8,14,160
04/06/2011,MAF,TX,ASW,CE,Combined TRACON& Tower with Radar,24,34,57,29,144,0,3,27,7,37,24,37,84,36,181,0,0,0,181
04/07/2011,MAF,TX,ASW,CE,Combined TRACON& Tower with Radar,23,36,55,29,143,0,2,29,3,34,23,38,84,32,177,0,76,76,253
04/08/2011,MAF,TX,ASW,CE,Combined TRACON& Tower with Radar,23,34,42,46,145,0,3,26,5,34,23,37,68,51,179,18,88,106,285
04/09/2011,MAF,TX,ASW,CE,Combined TRACON& Tower with Radar,14,21,12,2,49,0,3,21,0,24,14,24,33,2,73,5,0,5,78
04/10/2011,MAF,TX,ASW,CE,Combined TRACON& Tower with Radar,18,26,26,3,73,0,2,15,5,22,18,28,41,8,95,22,0,22,117
04/11/2011,MAF,TX,ASW,CE,Combined TRACON& Tower with Radar,23,31,36,52,142,0,2,26,5,33,23,33,62,57,175,4,94,98,273
04/12/2011,MAF,TX,ASW,CE,Combined TRACON& Tower with Radar,24,31,55,32,142,0,3,27,1,31,24,34,82,33,173,0,48,48,221
04/13/2011,MAF,TX,ASW,CE,Combined TRACON& Tower with Radar,24,37,61,54,176,0,3,34,2,39,24,40,95,56,215,6,50,56,271
04/14/2011,MAF,TX,ASW,CE,Combined TRACON& Tower with Radar,24,37,68,39,168,0,6,14,4,24,24,43,82,43,192,0,60,60,252
04/15/2011,MAF,TX,ASW,CE,Combined TRACON& Tower with Radar,22,33,53,42,150,0,7,35,4,46,22,40,88,46,196,4,22,26,222
04/16/2011,MAF,TX,ASW,CE,Combined TRACON& Tower with Radar,16,22,19,0,57,0,0,34,0,34,16,22,53,0,91,0,0,0,91
04/17/2011,MAF,TX,ASW,CE,Combined TRACON& Tower with Radar,20,28,27,4,79,0,2,17,2,21,20,30,44,6,100,14,12,26,126
04/18/2011,MAF,TX,ASW,CE,Combined TRACON& Tower with Radar,23,32,50,51,156,0,5,31,0,36,23,37,81,51,192,16,96,112,304
04/19/2011,MAF,TX,ASW,CE,Combined TRACON& Tower with Radar,26,31,49,51,157,0,3,33,13,49,26,34,82,64,206,4,56,60,266
04/20/2011,MAF,TX,ASW,CE,Combined TRACON& Tower with Radar,24,33,47,108,212,0,3,50,5,58,24,36,97,113,270,8,174,182,452
04/21/2011,MAF,TX,ASW,CE,Combined TRACON& Tower with Radar,24,38,65,51,178,0,0,23,1,24,24,38,88,52,202,0,128,128,330
04/22/2011,MAF,TX,ASW,CE,Combined TRACON& Tower with Radar,23,37,32,25,117,0,5,27,3,35,23,42,59,28,152,0,34,34,186
04/23/2011,MAF,TX,ASW,CE,Combined TRACON& Tower with Radar,14,20,8,0,42,0,3,20,6,29,14,23,28,6,71,33,0,33,104
04/24/2011,MAF,TX,ASW,CE,Combined TRACON& Tower with Radar,18,23,29,0,70,0,3,18,3,24,18,26,47,3,94,0,0,0,94
04/25/2011,MAF,TX,ASW,CE,Combined TRACON& Tower with Radar,25,30,48,61,164,0,4,24,4,32,25,34,72,65,196,0,94,94,290
04/26/2011,MAF,TX,ASW,CE,Combined TRACON& Tower with Radar,25,27,27,26,105,0,5,23,9,37,25,32,50,35,142,12,6,18,160
04/27/2011,MAF,TX,ASW,CE,Combined TRACON& Tower with Radar,24,37,42,50,153,0,6,28,6,40,24,43,70,56,193,12,56,68,261
04/28/2011,MAF,TX,ASW,CE,Combined TRACON& Tower with Radar,24,38,54,52,168,0,9,25,4,38,24,47,79,56,206,16,90,106,312
04/29/2011,MAF,TX,ASW,CE,Combined TRACON& Tower with Radar,26,40,53,30,149,0,8,16,15,39,26,48,69,45,188,8,18,26,214
04/30/2011,MAF,TX,ASW,CE,Combined TRACON& Tower with Radar,14,20,32,0,66,0,6,22,13,41,14,26,54,13,107,0,0,0,107
05/01/2011,MAF,TX,ASW,CE,Combined TRACON& Tower with Radar,21,30,22,0,73,0,1,6,2,9,21,31,28,2,82,0,0,0,82
05/02/2011,MAF,TX,ASW,CE,Combined TRACON& Tower with Radar,25,29,32,127,213,0,2,27,9,38,25,31,59,136,251,0,330,330,581
05/03/2011,MAF,TX,ASW,CE,Combined TRACON& Tower with Radar,22,39,61,62,184,0,5,24,8,37,22,44,85,70,221,4,116,120,341
05/04/2011,MAF,TX,ASW,CE,Combined TRACON& Tower with Radar,24,32,56,25,137,0,4,30,6,40,24,36,86,31,177,16,32,48,225
05/05/2011,MAF,TX,ASW,CE,Combined TRACON& Tower with Radar,26,37,41,37,141,0,2,32,2,36,26,39,73,39,177,2,93,95,272
05/06/2011,MAF,TX,ASW,CE,Combined TRACON& Tower with Radar,26,35,39,16,116,0,4,39,1,44,26,39,78,17,160,32,40,72,232
05/07/2011,MAF,TX,ASW,CE,Combined TRACON& Tower with Radar,16,21,24,0,61,0,2,29,1,32,16,23,53,1,93,50,0,50,143
05/08/2011,MAF,TX,ASW,CE,Combined TRACON& Tower with Radar,21,21,28,28,98,0,6,25,23,54,21,27,53,51,152,6,20,26,178
05/09/2011,MAF,TX,ASW,CE,Combined TRACON& Tower with Radar,25,35,34,9,103,0,8,32,14,54,25,43,66,23,157,4,0,4,161
05/10/2011,MAF,TX,ASW,CE,Combined TRACON& Tower with Radar,24,34,67,66,191,0,9,33,6,48,24,43,100,72,239,18,32,50,289
05/11/2011,MAF,TX,ASW,CE,Combined TRACON& Tower with Radar,24,27,43,44,138,0,5,29,6,40,24,32,72,50,178,20,118,138,316
05/12/2011,MAF,TX,ASW,CE,Combined TRACON& Tower with Radar,29,27,61,16,133,0,12,24,12,48,29,39,85,28,181,19,24,43,224
05/13/2011,MAF,TX,ASW,CE,Combined TRACON& Tower with Radar,26,29,59,8,122,0,6,44,17,67,26,35,103,25,189,12,2,14,203
05/14/2011,MAF,TX,ASW,CE,Combined TRACON& Tower with Radar,15,19,16,0,50,0,2,38,0,40,15,21,54,0,90,0,0,0,90
05/15/2011,MAF,TX,ASW,CE,Combined TRACON& Tower with Radar,24,27,30,6,87,0,5,34,0,39,24,32,64,6,126,32,0,32,158
05/16/2011,MAF,TX,ASW,CE,Combined TRACON& Tower with Radar,25,32,21,68,146,0,7,29,0,36,25,39,50,68,182,16,138,154,336
05/17/2011,MAF,TX,ASW,CE,Combined TRACON& Tower with Radar,24,29,41,31,125,0,5,35,9,49,24,34,76,40,174,44,6,50,224
05/18/2011,MAF,TX,ASW,CE,Combined TRACON& Tower with Radar,24,36,41,61,162,0,1,39,3,43,24,37,80,64,205,24,79,103,308
05/19/2011,MAF,TX,ASW,CE,Combined TRACON& Tower with Radar,25,44,59,44,172,0,8,24,0,32,25,52,83,44,204,0,66,66,270
05/20/2011,MAF,TX,ASW,CE,Combined TRACON& Tower with Radar,26,31,41,58,156,0,3,18,4,25,26,34,59,62,181,2,134,136,317
05/21/2011,MAF,TX,ASW,CE,Combined TRACON& Tower with Radar,16,25,18,2,61,0,4,25,8,37,16,29,43,10,98,46,0,46,144
05/22/2011,MAF,TX,ASW,CE,Combined TRACON& Tower with Radar,21,22,40,4,87,0,3,17,3,23,21,25,57,7,110,8,0,8,118
05/23/2011,MAF,TX,ASW,CE,Combined TRACON& Tower with Radar,31,29,31,49,140,0,5,11,5,21,31,34,42,54,161,22,70,92,253
05/24/2011,MAF,TX,ASW,CE,Combined TRACON& Tower with Radar,26,37,39,10,112,0,3,37,6,46,26,40,76,16,158,8,0,8,166
05/25/2011,MAF,TX,ASW,CE,Combined TRACON& Tower with Radar,20,38,50,49,157,0,4,38,5,47,20,42,88,54,204,26,106,132,336
05/26/2011,MAF,TX,ASW,CE,Combined TRACON& Tower with Radar,26,34,62,63,185,0,4,35,4,43,26,38,97,67,228,6,108,114,342
05/27/2011,MAF,TX,ASW,CE,Combined TRACON& Tower with Radar,27,34,38,24,123,0,4,39,7,50,27,38,77,31,173,4,55,59,232
05/28/2011,MAF,TX,ASW,CE,Combined TRACON& Tower with Radar,14,23,11,0,48,0,3,21,0,24,14,26,32,0,72,0,0,0,72
05/29/2011,MAF,TX,ASW,CE,Combined TRACON& Tower with Radar,16,20,18,0,54,0,2,15,0,17,16,22,33,0,71,6,0,6,77
05/30/2011,MAF,TX,ASW,CE,Combined TRACON& Tower with Radar,23,23,32,0,78,0,0,36,0,36,23,23,68,0,114,0,0,0,114
05/31/2011,MAF,TX,ASW,CE,Combined TRACON& Tower with Radar,25,34,44,83,186,0,1,13,1,15,25,35,57,84,201,10,97,107,308
06/01/2011,MAF,TX,ASW,CE,Combined TRACON& Tower with Radar,25,41,55,40,161,0,2,33,3,38,25,43,88,43,199,12,64,76,275
06/02/2011,MAF,TX,ASW,CE,Combined TRACON& Tower with Radar,26,38,53,70,187,0,2,28,7,37,26,40,81,77,224,0,46,46,270
06/03/2011,MAF,TX,ASW,CE,Combined TRACON& Tower with Radar,27,41,41,27,136,0,6,37,0,43,27,47,78,27,179,2,2,4,183
06/04/2011,MAF,TX,ASW,CE,Combined TRACON& Tower with Radar,15,27,30,0,72,0,2,34,0,36,15,29,64,0,108,0,0,0,108
06/05/2011,MAF,TX,ASW,CE,Combined TRACON& Tower with Radar,23,23,32,3,81,0,3,27,1,31,23,26,59,4,112,0,0,0,112
06/06/2011,MAF,TX,ASW,CE,Combined TRACON& Tower with Radar,26,28,32,52,138,0,8,30,0,38,26,36,62,52,176,0,50,50,226
06/07/2011,MAF,TX,ASW,CE,Combined TRACON& Tower with Radar,24,31,52,55,162,0,9,25,3,37,24,40,77,58,199,0,78,78,277
06/08/2011,MAF,TX,ASW,CE,Combined TRACON& Tower with Radar,24,33,46,42,145,0,5,31,2,38,24,38,77,44,183,0,0,0,183
06/09/2011,MAF,TX,ASW,CE,Combined TRACON& Tower with Radar,23,33,44,63,163,0,5,30,1,36,23,38,74,64,199,0,64,64,263
06/10/2011,MAF,TX,ASW,CE,Combined TRACON& Tower with Radar,23,33,39,52,147,0,4,20,3,27,23,37,59,55,174,6,88,94,268
06/11/2011,MAF,TX,ASW,CE,Combined TRACON& Tower with Radar,14,24,12,0,50,0,3,24,0,27,14,27,36,0,77,0,0,0,77
06/12/2011,MAF,TX,ASW,CE,Combined TRACON& Tower with Radar,20,27,27,13,87,0,2,19,1,22,20,29,46,14,109,0,0,0,109
06/13/2011,MAF,TX,ASW,CE,Combined TRACON& Tower with Radar,25,32,27,55,139,0,3,26,0,29,25,35,53,55,168,0,20,20,188
06/14/2011,MAF,TX,ASW,CE,Combined TRACON& Tower with Radar,24,43,42,10,119,0,2,23,2,27,24,45,65,12,146,6,0,6,152
06/15/2011,MAF,TX,ASW,CE,Combined TRACON& Tower with Radar,25,47,56,52,180,0,3,25,0,28,25,50,81,52,208,47,86,133,341
06/16/2011,MAF,TX,ASW,CE,Combined TRACON& Tower with Radar,28,35,57,37,157,0,6,24,6,36,28,41,81,43,193,4,49,53,246
06/17/2011,MAF,TX,ASW,CE,Combined TRACON& Tower with Radar,21,32,46,42,141,0,5,34,3,42,21,37,80,45,183,0,64,64,247
06/18/2011,MAF,TX,ASW,CE,Combined TRACON& Tower with Radar,16,24,6,0,46,0,2,19,0,21,16,26,25,0,67,25,0,25,92
06/19/2011,MAF,TX,ASW,CE,Combined TRACON& Tower with Radar,20,33,31,18,102,0,1,22,6,29,20,34,53,24,131,20,44,64,195
06/20/2011,MAF,TX,ASW,CE,Combined TRACON& Tower with Radar,23,30,34,40,127,0,4,36,8,48,23,34,70,48,175,18,82,100,275
06/21/2011,MAF,TX,ASW,CE,Combined TRACON& Tower with Radar,24,41,59,52,176,0,2,41,8,51,24,43,100,60,227,2,67,69,296
06/22/2011,MAF,TX,ASW,CE,Combined TRACON& Tower with Radar,22,46,41,59,168,0,4,30,11,45,22,50,71,70,213,18,78,96,309
06/23/2011,MAF,TX,ASW,CE,Combined TRACON& Tower with Radar,23,38,58,34,153,0,6,37,2,45,23,44,95,36,198,10,102,112,310
06/24/2011,MAF,TX,ASW,CE,Combined TRACON& Tower with Radar,23,32,35,51,141,0,6,28,5,39,23,38,63,56,180,0,0,0,180
06/25/2011,MAF,TX,ASW,CE,Combined TRACON& Tower with Radar,14,26,21,28,89,0,2,15,11,28,14,28,36,39,117,0,6,6,123
06/26/2011,MAF,TX,ASW,CE,Combined TRACON& Tower with Radar,22,22,31,5,80,0,3,15,1,19,22,25,46,6,99,12,0,12,111
06/27/2011,MAF,TX,ASW,CE,Combined TRACON& Tower with Radar,23,35,30,40,128,0,3,24,6,33,23,38,54,46,161,12,90,102,263
06/28/2011,MAF,TX,ASW,CE,Combined TRACON& Tower with Radar,24,48,64,71,207,0,5,44,3,52,24,53,108,74,259,25,147,172,431
06/29/2011,MAF,TX,ASW,CE,Combined TRACON& Tower with Radar,24,43,56,67,190,0,5,29,3,37,24,48,85,70,227,0,26,26,253
06/30/2011,MAF,TX,ASW,CE,Combined TRACON& Tower with Radar,23,40,57,26,146,0,4,35,0,39,23,44,92,26,185,10,51,61,246
07/01/2011,MAF,TX,ASW,CE,Combined TRACON& Tower with Radar,23,29,42,2,96,0,4,25,2,31,23,33,67,4,127,2,0,2,129
07/02/2011,MAF,TX,ASW,CE,Combined TRACON& Tower with Radar,14,27,7,0,48,0,1,18,0,19,14,28,25,0,67,10,0,10,77
07/03/2011,MAF,TX,ASW,CE,Combined TRACON& Tower with Radar,19,19,8,0,46,0,3,15,0,18,19,22,23,0,64,6,0,6,70
07/04/2011,MAF,TX,ASW,CE,Combined TRACON& Tower with Radar,21,22,26,0,69,0,1,22,0,23,21,23,48,0,92,0,0,0,92
07/05/2011,MAF,TX,ASW,CE,Combined TRACON& Tower with Radar,23,30,48,43,144,0,4,22,2,28,23,34,70,45,172,0,50,50,222
07/06/2011,MAF,TX,ASW,CE,Combined TRACON& Tower with Radar,24,34,25,74,157,0,7,25,3,35,24,41,50,77,192,0,46,46,238
07/07/2011,MAF,TX,ASW,CE,Combined TRACON& Tower with Radar,24,35,32,37,128,0,5,30,6,41,24,40,62,43,169,0,14,14,183
07/08/2011,MAF,TX,ASW,CE,Combined TRACON& Tower with Radar,25,37,38,45,145,0,9,35,6,50,25,46,73,51,195,36,54,90,285
07/09/2011,MAF,TX,ASW,CE,Combined TRACON& Tower with Radar,14,23,20,4,61,0,2,21,0,23,14,25,41,4,84,46,0,46,130
07/10/2011,MAF,TX,ASW,CE,Combined TRACON& Tower with Radar,24,31,18,2,75,0,2,12,0,14,24,33,30,2,89,0,0,0,89
07/11/2011,MAF,TX,ASW,CE,Combined TRACON& Tower with Radar,23,40,34,53,150,0,4,21,0,25,23,44,55,53,175,20,158,178,353
07/12/2011,MAF,TX,ASW,CE,Combined TRACON& Tower with Radar,23,42,46,21,132,0,6,18,0,24,23,48,64,21,156,0,12,12,168
07/13/2011,MAF,TX,ASW,CE,Combined TRACON& Tower with Radar,24,43,51,57,175,0,4,15,4,23,24,47,66,61,198,6,62,68,266
07/14/2011,MAF,TX,ASW,CE,Combined TRACON& Tower with Radar,24,42,49,4,119,0,3,25,1,29,24,45,74,5,148,24,0,24,172
07/15/2011,MAF,TX,ASW,CE,Combined TRACON& Tower with Radar,22,35,43,67,167,0,4,28,12,44,22,39,71,79,211,4,120,124,335
07/16/2011,MAF,TX,ASW,CE,Combined TRACON& Tower with Radar,14,27,24,0,65,0,1,13,3,17,14,28,37,3,82,28,0,28,110
07/17/2011,MAF,TX,ASW,CE,Combined TRACON& Tower with Radar,22,27,37,3,89,0,1,24,0,25,22,28,61,3,114,0,0,0,114
07/18/2011,MAF,TX,ASW,CE,Combined TRACON& Tower with Radar,23,34,21,89,167,0,4,23,5,32,23,38,44,94,199,6,98,104,303
07/19/2011,MAF,TX,ASW,CE,Combined TRACON& Tower with Radar,24,41,39,33,137,0,9,41,5,55,24,50,80,38,192,0,0,0,192
07/20/2011,MAF,TX,ASW,CE,Combined TRACON& Tower with Radar,24,31,37,66,158,0,8,40,3,51,24,39,77,69,209,0,0,0,209
07/21/2011,MAF,TX,ASW,CE,Combined TRACON& Tower with Radar,27,40,48,73,188,0,6,47,9,62,27,46,95,82,250,54,90,144,394
07/22/2011,MAF,TX,ASW,CE,Combined TRACON& Tower with Radar,23,32,42,89,186,0,3,29,4,36,23,35,71,93,222,0,136,136,358
07/23/2011,MAF,TX,ASW,CE,Combined TRACON& Tower with Radar,14,25,16,0,55,0,2,27,0,29,14,27,43,0,84,0,0,0,84
07/24/2011,MAF,TX,ASW,CE,Combined TRACON& Tower with Radar,24,26,41,11,102,0,2,15,0,17,24,28,56,11,119,0,0,0,119
07/25/2011,MAF,TX,ASW,CE,Combined TRACON& Tower with Radar,23,35,35,73,166,0,2,32,9,43,23,37,67,82,209,0,0,0,209
07/26/2011,MAF,TX,ASW,CE,Combined TRACON& Tower with Radar,26,37,38,41,142,0,3,27,3,33,26,40,65,44,175,10,76,86,261
07/27/2011,MAF,TX,ASW,CE,Combined TRACON& Tower with Radar,24,34,47,28,133,0,3,37,0,40,24,37,84,28,173,0,0,0,173
07/28/2011,MAF,TX,ASW,CE,Combined TRACON& Tower with Radar,24,37,51,48,160,0,4,26,4,34,24,41,77,52,194,0,46,46,240
07/29/2011,MAF,TX,ASW,CE,Combined TRACON& Tower with Radar,28,32,17,41,118,0,4,15,2,21,28,36,32,43,139,0,0,0,139
07/30/2011,MAF,TX,ASW,CE,Combined TRACON& Tower with Radar,15,23,14,1,53,0,2,17,1,20,15,25,31,2,73,0,0,0,73
07/31/2011,MAF,TX,ASW,CE,Combined TRACON& Tower with Radar,24,20,41,6,91,0,2,10,0,12,24,22,51,6,103,0,0,0,103
08/01/2011,MAF,TX,ASW,CE,Combined TRACON& Tower with Radar,21,30,38,49,138,0,4,37,3,44,21,34,75,52,182,10,197,207,389
08/02/2011,MAF,TX,ASW,CE,Combined TRACON& Tower with Radar,27,33,46,43,149,0,2,24,0,26,27,35,70,43,175,2,88,90,265
08/03/2011,MAF,TX,ASW,CE,Combined TRACON& Tower with Radar,26,41,48,32,147,0,4,29,2,35,26,45,77,34,182,0,0,0,182
08/04/2011,MAF,TX,ASW,CE,Combined TRACON& Tower with Radar,26,32,32,38,128,0,11,22,0,33,26,43,54,38,161,0,98,98,259
08/05/2011,MAF,TX,ASW,CE,Combined TRACON& Tower with Radar,22,32,35,43,132,0,10,33,6,49,22,42,68,49,181,0,0,0,181
08/06/2011,MAF,TX,ASW,CE,Combined TRACON& Tower with Radar,14,23,15,4,56,0,4,45,0,49,14,27,60,4,105,0,0,0,105
08/07/2011,MAF,TX,ASW,CE,Combined TRACON& Tower with Radar,27,25,30,26,108,0,5,33,0,38,27,30,63,26,146,0,0,0,146
08/08/2011,MAF,TX,ASW,CE,Combined TRACON& Tower with Radar,23,30,19,35,107,0,5,22,4,31,23,35,41,39,138,0,36,36,174
08/09/2011,MAF,TX,ASW,CE,Combined TRACON& Tower with Radar,24,31,38,21,114,0,5,39,1,45,24,36,77,22,159,22,8,30,189
08/10/2011,MAF,TX,ASW,CE,Combined TRACON& Tower with Radar,24,45,35,40,144,0,4,26,0,30,24,49,61,40,174,0,0,0,174
08/11/2011,MAF,TX,ASW,CE,Combined TRACON& Tower with Radar,20,36,39,53,148,0,2,22,0,24,20,38,61,53,172,2,170,172,344
08/12/2011,MAF,TX,ASW,CE,Combined TRACON& Tower with Radar,23,34,42,29,128,0,3,29,0,32,23,37,71,29,160,0,70,70,230
08/13/2011,MAF,TX,ASW,CE,Combined TRACON& Tower with Radar,14,24,29,10,77,0,1,18,0,19,14,25,47,10,96,0,0,0,96
08/14/2011,MAF,TX,ASW,CE,Combined TRACON& Tower with Radar,20,27,27,8,82,0,4,8,2,14,20,31,35,10,96,0,0,0,96
08/15/2011,MAF,TX,ASW,CE,Combined TRACON& Tower with Radar,23,31,41,14,109,0,3,19,1,23,23,34,60,15,132,0,0,0,132
08/16/2011,MAF,TX,ASW,CE,Combined TRACON& Tower with Radar,24,42,50,20,136,0,6,19,3,28,24,48,69,23,164,0,6,6,170
08/17/2011,MAF,TX,ASW,CE,Combined TRACON& Tower with Radar,24,31,57,43,155,0,3,22,4,29,24,34,79,47,184,0,60,60,244
08/18/2011,MAF,TX,ASW,CE,Combined TRACON& Tower with Radar,24,34,56,15,129,0,5,33,5,43,24,39,89,20,172,0,26,26,198
08/19/2011,MAF,TX,ASW,CE,Combined TRACON& Tower with Radar,23,33,42,42,140,0,5,23,1,29,23,38,65,43,169,10,42,52,221
08/20/2011,MAF,TX,ASW,CE,Combined TRACON& Tower with Radar,14,26,16,0,56,0,3,22,0,25,14,29,38,0,81,0,0,0,81
08/21/2011,MAF,TX,ASW,CE,Combined TRACON& Tower with Radar,20,23,43,3,89,0,7,17,3,27,20,30,60,6,116,10,0,10,126
08/22/2011,MAF,TX,ASW,CE,Combined TRACON& Tower with Radar,23,32,50,34,139,0,3,25,1,29,23,35,75,35,168,20,4,24,192
08/23/2011,MAF,TX,ASW,CE,Combined TRACON& Tower with Radar,26,29,51,33,139,0,4,22,5,31,26,33,73,38,170,12,32,44,214
08/24/2011,MAF,TX,ASW,CE,Combined TRACON& Tower with Radar,24,36,59,72,191,0,2,49,3,54,24,38,108,75,245,10,90,100,345
08/25/2011,MAF,TX,ASW,CE,Combined TRACON& Tower with Radar,27,47,46,93,213,0,4,25,4,33,27,51,71,97,246,14,21,35,281
08/26/2011,MAF,TX,ASW,CE,Combined TRACON& Tower with Radar,23,35,34,67,159,0,6,34,8,48,23,41,68,75,207,16,184,200,407
08/27/2011,MAF,TX,ASW,CE,Combined TRACON& Tower with Radar,14,31,17,2,64,0,1,26,0,27,14,32,43,2,91,40,0,40,131
08/28/2011,MAF,TX,ASW,CE,Combined TRACON& Tower with Radar,19,24,23,4,70,0,3,8,0,11,19,27,31,4,81,0,0,0,81
08/29/2011,MAF,TX,ASW,CE,Combined TRACON& Tower with Radar,28,26,34,101,189,0,3,25,1,29,28,29,59,102,218,0,0,0,218
08/30/2011,MAF,TX,ASW,CE,Combined TRACON& Tower with Radar,27,35,50,64,176,0,5,25,0,30,27,40,75,64,206,0,108,108,314
08/31/2011,MAF,TX,ASW,CE,Combined TRACON& Tower with Radar,25,31,49,59,164,0,3,17,11,31,25,34,66,70,195,20,120,140,335
09/01/2011,MAF,TX,ASW,CE,Combined TRACON& Tower with Radar,31,44,79,29,183,0,3,30,0,33,31,47,109,29,216,26,46,72,288
09/02/2011,MAF,TX,ASW,CE,Combined TRACON& Tower with Radar,29,37,50,45,161,0,4,26,1,31,29,41,76,46,192,8,76,84,276
09/03/2011,MAF,TX,ASW,CE,Combined TRACON& Tower with Radar,16,19,15,2,52,0,4,12,0,16,16,23,27,2,68,0,0,0,68
09/04/2011,MAF,TX,ASW,CE,Combined TRACON& Tower with Radar,21,20,8,0,49,0,1,8,0,9,21,21,16,0,58,0,0,0,58
09/05/2011,MAF,TX,ASW,CE,Combined TRACON& Tower with Radar,22,23,29,0,74,0,0,20,0,20,22,23,49,0,94,0,0,0,94
09/06/2011,MAF,TX,ASW,CE,Combined TRACON& Tower with Radar,28,30,41,68,167,0,3,26,1,30,28,33,67,69,197,0,86,86,283
09/07/2011,MAF,TX,ASW,CE,Combined TRACON& Tower with Radar,27,29,39,52,147,0,4,23,4,31,27,33,62,56,178,42,88,130,308
09/08/2011,MAF,TX,ASW,CE,Combined TRACON& Tower with Radar,27,32,54,46,159,0,7,31,4,42,27,39,85,50,201,22,98,120,321
09/09/2011,MAF,TX,ASW,CE,Combined TRACON& Tower with Radar,27,35,38,17,117,0,3,29,2,34,27,38,67,19,151,0,8,8,159
09/10/2011,MAF,TX,ASW,CE,Combined TRACON& Tower with Radar,16,21,18,0,55,0,0,23,0,23,16,21,41,0,78,0,0,0,78
09/11/2011,MAF,TX,ASW,CE,Combined TRACON& Tower with Radar,22,24,24,8,78,0,2,18,0,20,22,26,42,8,98,12,0,12,110
09/12/2011,MAF,TX,ASW,CE,Combined TRACON& Tower with Radar,27,29,41,17,114,0,5,13,1,19,27,34,54,18,133,19,14,33,166
09/13/2011,MAF,TX,ASW,CE,Combined TRACON& Tower with Radar,26,35,45,80,186,0,5,16,1,22,26,40,61,81,208,22,26,48,256
09/14/2011,MAF,TX,ASW,CE,Combined TRACON& Tower with Radar,26,29,55,19,129,0,3,36,1,40,26,32,91,20,169,6,108,114,283
09/15/2011,MAF,TX,ASW,CE,Combined TRACON& Tower with Radar,33,37,51,4,125,0,0,7,0,7,33,37,58,4,132,0,0,0,132
09/16/2011,MAF,TX,ASW,CE,Combined TRACON& Tower with Radar,32,29,62,27,150,0,4,28,0,32,32,33,90,27,182,0,6,6,188
09/17/2011,MAF,TX,ASW,CE,Combined TRACON& Tower with Radar,15,22,14,3,54,0,0,19,1,20,15,22,33,4,74,0,0,0,74
09/18/2011,MAF,TX,ASW,CE,Combined TRACON& Tower with Radar,27,21,28,0,76,0,2,23,1,26,27,23,51,1,102,22,0,22,124
09/19/2011,MAF,TX,ASW,CE,Combined TRACON& Tower with Radar,28,24,44,40,136,0,9,37,0,46,28,33,81,40,182,0,0,0,182
09/20/2011,MAF,TX,ASW,CE,Combined TRACON& Tower with Radar,27,30,48,56,161,0,4,44,1,49,27,34,92,57,210,6,76,82,292
09/21/2011,MAF,TX,ASW,CE,Combined TRACON& Tower with Radar,28,26,81,54,189,0,4,37,0,41,28,30,118,54,230,36,29,65,295
09/22/2011,MAF,TX,ASW,CE,Combined TRACON& Tower with Radar,31,36,57,43,167,0,3,17,0,20,31,39,74,43,187,0,10,10,197
09/23/2011,MAF,TX,ASW,CE,Combined TRACON& Tower with Radar,29,36,61,35,161,0,3,35,1,39,29,39,96,36,200,6,120,126,326
09/24/2011,MAF,TX,ASW,CE,Combined TRACON& Tower with Radar,15,20,24,0,59,0,1,33,0,34,15,21,57,0,93,0,0,0,93
09/25/2011,MAF,TX,ASW,CE,Combined TRACON& Tower with Radar,25,30,36,12,103,0,0,17,2,19,25,30,53,14,122,0,0,0,122
09/26/2011,MAF,TX,ASW,CE,Combined TRACON& Tower with Radar,28,29,49,21,127,0,3,14,6,23,28,32,63,27,150,0,0,0,150
09/27/2011,MAF,TX,ASW,CE,Combined TRACON& Tower with Radar,27,29,42,51,149,0,3,26,7,36,27,32,68,58,185,8,136,144,329
09/28/2011,MAF,TX,ASW,CE,Combined TRACON& Tower with Radar,25,33,61,36,155,0,4,22,2,28,25,37,83,38,183,8,104,112,295
09/29/2011,MAF,TX,ASW,CE,Combined TRACON& Tower with Radar,27,34,56,52,169,0,4,27,0,31,27,38,83,52,200,0,30,30,230
09/30/2011,MAF,TX,ASW,CE,Combined TRACON& Tower with Radar,24,39,46,30,139,0,2,11,2,15,24,41,57,32,154,0,90,90,244
10/01/2011,MAF,TX,ASW,CE,Combined TRACON& Tower with Radar,13,21,23,0,57,0,4,17,0,21,13,25,40,0,78,6,0,6,84
10/02/2011,MAF,TX,ASW,CE,Combined TRACON& Tower with Radar,22,28,46,11,107,0,5,25,1,31,22,33,71,12,138,8,8,16,154
10/03/2011,MAF,TX,ASW,CE,Combined TRACON& Tower with Radar,26,29,42,35,132,0,4,27,1,32,26,33,69,36,164,2,62,64,228
10/04/2011,MAF,TX,ASW,CE,Combined TRACON& Tower with Radar,27,25,46,37,135,0,5,28,3,36,27,30,74,40,171,4,54,58,229
10/05/2011,MAF,TX,ASW,CE,Combined TRACON& Tower with Radar,26,31,52,32,141,0,7,36,2,45,26,38,88,34,186,6,64,70,256
10/06/2011,MAF,TX,ASW,CE,Combined TRACON& Tower with Radar,24,42,45,30,141,0,3,24,2,29,24,45,69,32,170,6,4,10,180
10/07/2011,MAF,TX,ASW,CE,Combined TRACON& Tower with Radar,24,33,39,7,103,0,4,75,4,83,24,37,114,11,186,56,24,80,266
10/08/2011,MAF,TX,ASW,CE,Combined TRACON& Tower with Radar,12,22,17,2,53,3,4,39,2,48,15,26,56,4,101,8,10,18,119
10/09/2011,MAF,TX,ASW,CE,Combined TRACON& Tower with Radar,20,26,17,12,75,0,1,51,4,56,20,27,68,16,131,0,0,0,131
10/10/2011,MAF,TX,ASW,CE,Combined TRACON& Tower with Radar,28,33,61,8,130,0,0,29,2,31,28,33,90,10,161,0,0,0,161
10/11/2011,MAF,TX,ASW,CE,Combined TRACON& Tower with Radar,25,34,57,27,143,0,1,23,4,28,25,35,80,31,171,8,2,10,181
10/12/2011,MAF,TX,ASW,CE,Combined TRACON& Tower with Radar,25,45,48,77,195,0,4,35,8,47,25,49,83,85,242,12,94,106,348
10/13/2011,MAF,TX,ASW,CE,Combined TRACON& Tower with Radar,26,35,71,83,215,0,2,31,3,36,26,37,102,86,251,16,66,82,333
10/14/2011,MAF,TX,ASW,CE,Combined TRACON& Tower with Radar,27,37,47,58,169,0,4,26,11,41,27,41,73,69,210,4,112,116,326
10/15/2011,MAF,TX,ASW,CE,Combined TRACON& Tower with Radar,12,24,34,2,72,0,2,38,0,40,12,26,72,2,112,10,0,10,122
10/16/2011,MAF,TX,ASW,CE,Combined TRACON& Tower with Radar,22,25,35,6,88,0,2,23,1,26,22,27,58,7,114,0,0,0,114
10/17/2011,MAF,TX,ASW,CE,Combined TRACON& Tower with Radar,23,28,34,58,143,0,3,23,1,27,23,31,57,59,170,0,32,32,202
10/18/2011,MAF,TX,ASW,CE,Combined TRACON& Tower with Radar,27,27,51,38,143,0,3,43,7,53,27,30,94,45,196,0,10,10,206
10/19/2011,MAF,TX,ASW,CE,Combined TRACON& Tower with Radar,26,34,55,27,142,0,8,19,2,29,26,42,74,29,171,18,62,80,251
10/20/2011,MAF,TX,ASW,CE,Combined TRACON& Tower with Radar,26,42,49,66,183,0,5,36,3,44,26,47,85,69,227,10,24,34,261
10/21/2011,MAF,TX,ASW,CE,Combined TRACON& Tower with Radar,25,39,44,89,197,0,5,40,9,54,25,44,84,98,251,6,86,92,343
10/22/2011,MAF,TX,ASW,CE,Combined TRACON& Tower with Radar,12,24,25,0,61,0,2,23,2,27,12,26,48,2,88,0,0,0,88
10/23/2011,MAF,TX,ASW,CE,Combined TRACON& Tower with Radar,24,26,46,4,100,0,5,23,3,31,24,31,69,7,131,0,0,0,131
10/24/2011,MAF,TX,ASW,CE,Combined TRACON& Tower with Radar,22,26,51,31,130,0,4,27,4,35,22,30,78,35,165,0,0,0,165
10/25/2011,MAF,TX,ASW,CE,Combined TRACON& Tower with Radar,26,30,71,39,166,0,7,47,0,54,26,37,118,39,220,2,74,76,296
10/26/2011,MAF,TX,ASW,CE,Combined TRACON& Tower with Radar,26,27,62,32,147,0,3,30,0,33,26,30,92,32,180,0,30,30,210
10/27/2011,MAF,TX,ASW,CE,Combined TRACON& Tower with Radar,28,43,60,12,143,0,0,5,0,5,28,43,65,12,148,0,0,0,148
10/28/2011,MAF,TX,ASW,CE,Combined TRACON& Tower with Radar,25,37,48,39,149,0,3,37,7,47,25,40,85,46,196,36,14,50,246
10/29/2011,MAF,TX,ASW,CE,Combined TRACON& Tower with Radar,12,20,35,1,68,0,3,14,2,19,12,23,49,3,87,0,0,0,87
10/30/2011,MAF,TX,ASW,CE,Combined TRACON& Tower with Radar,24,21,31,21,97,0,2,18,5,25,24,23,49,26,122,12,18,30,152
10/31/2011,MAF,TX,ASW,CE,Combined TRACON& Tower with Radar,23,26,38,37,124,0,4,16,8,28,23,30,54,45,152,0,0,0,152
11/01/2011,MAF,TX,ASW,CE,Combined TRACON& Tower with Radar,26,31,62,52,171,0,2,27,5,34,26,33,89,57,205,0,72,72,277
11/02/2011,MAF,TX,ASW,CE,Combined TRACON& Tower with Radar,26,37,47,36,146,0,1,14,1,16,26,38,61,37,162,14,164,178,340
11/03/2011,MAF,TX,ASW,CE,Combined TRACON& Tower with Radar,28,46,60,52,186,0,6,36,7,49,28,52,96,59,235,8,76,84,319
11/04/2011,MAF,TX,ASW,CE,Combined TRACON& Tower with Radar,25,36,61,40,162,0,2,29,14,45,25,38,90,54,207,0,168,168,375
11/05/2011,MAF,TX,ASW,CE,Combined TRACON& Tower with Radar,12,22,34,4,72,0,0,19,0,19,12,22,53,4,91,0,0,0,91
11/06/2011,MAF,TX,ASW,CE,Combined TRACON& Tower with Radar,19,26,51,5,101,0,1,25,1,27,19,27,76,6,128,12,0,12,140
11/07/2011,MAF,TX,ASW,CE,Combined TRACON& Tower with Radar,21,31,47,34,133,0,1,18,2,21,21,32,65,36,154,18,76,94,248
11/08/2011,MAF,TX,ASW,CE,Combined TRACON& Tower with Radar,24,39,58,67,188,0,3,24,6,33,24,42,82,73,221,4,110,114,335
11/09/2011,MAF,TX,ASW,CE,Combined TRACON& Tower with Radar,25,33,56,17,131,0,4,31,2,37,25,37,87,19,168,66,160,226,394
11/10/2011,MAF,TX,ASW,CE,Combined TRACON& Tower with Radar,26,35,47,42,150,0,6,38,2,46,26,41,85,44,196,36,122,158,354
11/11/2011,MAF,TX,ASW,CE,Combined TRACON& Tower with Radar,23,38,47,11,119,0,3,28,7,38,23,41,75,18,157,14,110,124,281
11/12/2011,MAF,TX,ASW,CE,Combined TRACON& Tower with Radar,13,20,30,0,63,0,11,15,1,27,13,31,45,1,90,16,0,16,106
11/13/2011,MAF,TX,ASW,CE,Combined TRACON& Tower with Radar,21,29,43,0,93,0,3,12,0,15,21,32,55,0,108,0,0,0,108
11/14/2011,MAF,TX,ASW,CE,Combined TRACON& Tower with Radar,23,30,54,78,185,0,2,29,5,36,23,32,83,83,221,0,0,0,221
11/15/2011,MAF,TX,ASW,CE,Combined TRACON& Tower with Radar,24,36,32,74,166,0,6,33,7,46,24,42,65,81,212,0,132,132,344
11/16/2011,MAF,TX,ASW,CE,Combined TRACON& Tower with Radar,26,36,56,25,143,0,3,27,3,33,26,39,83,28,176,4,78,82,258
11/17/2011,MAF,TX,ASW,CE,Combined TRACON& Tower with Radar,24,42,56,29,151,0,6,35,4,45,24,48,91,33,196,0,4,4,200
11/18/2011,MAF,TX,ASW,CE,Combined TRACON& Tower with Radar,23,40,55,33,151,0,6,29,2,37,23,46,84,35,188,0,42,42,230
11/19/2011,MAF,TX,ASW,CE,Combined TRACON& Tower with Radar,15,21,39,12,87,0,3,28,1,32,15,24,67,13,119,0,0,0,119
11/20/2011,MAF,TX,ASW,CE,Combined TRACON& Tower with Radar,19,27,50,15,111,0,1,12,1,14,19,28,62,16,125,10,0,10,135
11/21/2011,MAF,TX,ASW,CE,Combined TRACON& Tower with Radar,37,36,20,0,93,0,0,0,0,0,37,36,20,0,93,0,0,0,93
11/22/2011,MAF,TX,ASW,CE,Combined TRACON& Tower with Radar,26,36,61,100,223,0,3,37,4,44,26,39,98,104,267,0,114,114,381
11/23/2011,MAF,TX,ASW,CE,Combined TRACON& Tower with Radar,26,35,43,38,142,0,10,36,6,52,26,45,79,44,194,0,0,0,194
11/24/2011,MAF,TX,ASW,CE,Combined TRACON& Tower with Radar,15,16,11,0,42,0,2,11,0,13,15,18,22,0,55,0,0,0,55
11/25/2011,MAF,TX,ASW,CE,Combined TRACON& Tower with Radar,18,27,25,0,70,0,1,16,0,17,18,28,41,0,87,0,0,0,87
11/26/2011,MAF,TX,ASW,CE,Combined TRACON& Tower with Radar,18,26,17,0,61,0,0,4,0,4,18,26,21,0,65,0,0,0,65
11/27/2011,MAF,TX,ASW,CE,Combined TRACON& Tower with Radar,22,32,52,0,106,0,1,17,0,18,22,33,69,0,124,0,0,0,124
11/28/2011,MAF,TX,ASW,CE,Combined TRACON& Tower with Radar,25,29,40,43,137,0,2,32,3,37,25,31,72,46,174,12,0,12,186
11/29/2011,MAF,TX,ASW,CE,Combined TRACON& Tower with Radar,24,27,51,42,144,0,3,47,5,55,24,30,98,47,199,2,82,84,283
11/30/2011,MAF,TX,ASW,CE,Combined TRACON& Tower with Radar,24,35,59,18,136,0,2,43,2,47,24,37,102,20,183,0,0,0,183
12/01/2011,MAF,TX,ASW,CE,Combined TRACON& Tower with Radar,24,41,51,64,180,0,1,21,2,24,24,42,72,66,204,10,92,102,306
12/02/2011,MAF,TX,ASW,CE,Combined TRACON& Tower with Radar,21,42,53,3,119,0,0,2,0,2,21,42,55,3,121,0,0,0,121
12/03/2011,MAF,TX,ASW,CE,Combined TRACON& Tower with Radar,12,22,26,9,69,0,1,17,1,19,12,23,43,10,88,4,0,4,92
12/04/2011,MAF,TX,ASW,CE,Combined TRACON& Tower with Radar,19,22,34,1,76,0,0,6,1,7,19,22,40,2,83,0,0,0,83
12/05/2011,MAF,TX,ASW,CE,Combined TRACON& Tower with Radar,23,35,25,4,87,0,0,1,0,1,23,35,26,4,88,0,0,0,88
12/06/2011,MAF,TX,ASW,CE,Combined TRACON& Tower with Radar,24,37,43,37,141,0,1,21,2,24,24,38,64,39,165,0,6,6,171
12/07/2011,MAF,TX,ASW,CE,Combined TRACON& Tower with Radar,24,31,63,30,148,0,2,36,12,50,24,33,99,42,198,4,52,56,254
12/08/2011,MAF,TX,ASW,CE,Combined TRACON& Tower with Radar,24,41,58,27,150,0,2,31,7,40,24,43,89,34,190,0,76,76,266
12/09/2011,MAF,TX,ASW,CE,Combined TRACON& Tower with Radar,23,37,55,82,197,0,2,30,1,33,23,39,85,83,230,0,106,106,336
12/10/2011,MAF,TX,ASW,CE,Combined TRACON& Tower with Radar,13,31,22,1,67,0,0,0,0,0,13,31,22,1,67,0,0,0,67
12/11/2011,MAF,TX,ASW,CE,Combined TRACON& Tower with Radar,21,33,47,3,104,0,0,0,0,0,21,33,47,3,104,0,0,0,104
12/12/2011,MAF,TX,ASW,CE,Combined TRACON& Tower with Radar,23,34,40,16,113,0,0,0,0,0,23,34,40,16,113,0,0,0,113
12/13/2011,MAF,TX,ASW,CE,Combined TRACON& Tower with Radar,24,35,62,21,142,0,0,2,0,2,24,35,64,21,144,0,0,0,144
12/14/2011,MAF,TX,ASW,CE,Combined TRACON& Tower with Radar,24,39,46,104,213,0,2,20,8,30,24,41,66,112,243,26,230,256,499
12/15/2011,MAF,TX,ASW,CE,Combined TRACON& Tower with Radar,26,40,53,62,181,0,2,25,2,29,26,42,78,64,210,0,108,108,318
12/16/2011,MAF,TX,ASW,CE,Combined TRACON& Tower with Radar,24,40,44,90,198,0,1,34,4,39,24,41,78,94,237,9,18,27,264
12/17/2011,MAF,TX,ASW,CE,Combined TRACON& Tower with Radar,18,22,46,34,120,0,0,25,0,25,18,22,71,34,145,16,0,16,161
12/18/2011,MAF,TX,ASW,CE,Combined TRACON& Tower with Radar,19,25,48,0,92,0,0,6,0,6,19,25,54,0,98,0,0,0,98
12/19/2011,MAF,TX,ASW,CE,Combined TRACON& Tower with Radar,23,36,41,40,140,0,1,8,0,9,23,37,49,40,149,0,18,18,167
12/20/2011,MAF,TX,ASW,CE,Combined TRACON& Tower with Radar,26,42,52,67,187,0,6,16,2,24,26,48,68,69,211,0,184,184,395
12/21/2011,MAF,TX,ASW,CE,Combined TRACON& Tower with Radar,24,42,44,42,152,0,2,28,13,43,24,44,72,55,195,4,190,194,389
12/22/2011,MAF,TX,ASW,CE,Combined TRACON& Tower with Radar,25,46,44,48,163,0,4,18,3,25,25,50,62,51,188,0,42,42,230
12/23/2011,MAF,TX,ASW,CE,Combined TRACON& Tower with Radar,28,41,29,2,100,0,0,6,0,6,28,41,35,2,106,0,0,0,106
12/24/2011,MAF,TX,ASW,CE,Combined TRACON& Tower with Radar,18,15,11,0,44,0,0,0,0,0,18,15,11,0,44,0,0,0,44
12/25/2011,MAF,TX,ASW,CE,Combined TRACON& Tower with Radar,17,36,8,0,61,0,0,0,0,0,17,36,8,0,61,0,0,0,61
12/26/2011,MAF,TX,ASW,CE,Combined TRACON& Tower with Radar,23,29,30,0,82,0,1,26,0,27,23,30,56,0,109,0,0,0,109
12/27/2011,MAF,TX,ASW,CE,Combined TRACON& Tower with Radar,25,32,23,1,81,0,5,30,0,35,25,37,53,1,116,12,0,12,128
12/28/2011,MAF,TX,ASW,CE,Combined TRACON& Tower with Radar,26,37,23,4,90,0,4,23,0,27,26,41,46,4,117,10,0,10,127
12/29/2011,MAF,TX,ASW,CE,Combined TRACON& Tower with Radar,22,30,36,0,88,0,6,34,0,40,22,36,70,0,128,6,0,6,134
12/30/2011,MAF,TX,ASW,CE,Combined TRACON& Tower with Radar,25,29,43,0,97,0,9,26,0,35,25,38,69,0,132,8,0,8,140
12/31/2011,MAF,TX,ASW,CE,Combined TRACON& Tower with Radar,16,19,17,0,52,0,0,27,0,27,16,19,44,0,79,0,0,0,79
01/01/2012,MAF,TX,ASW,CE,Combined TRACON& Tower with Radar,15,25,23,0,63,0,3,12,0,15,15,28,35,0,78,36,0,36,114
01/02/2012,MAF,TX,ASW,CE,Combined TRACON& Tower with Radar,24,24,39,1,88,0,1,33,0,34,24,25,72,1,122,18,0,18,140
01/03/2012,MAF,TX,ASW,CE,Combined TRACON& Tower with Radar,19,31,30,11,91,0,2,30,1,33,19,33,60,12,124,27,10,37,161
01/04/2012,MAF,TX,ASW,CE,Combined TRACON& Tower with Radar,20,32,35,66,153,0,7,30,4,41,20,39,65,70,194,2,75,77,271
01/05/2012,MAF,TX,ASW,CE,Combined TRACON& Tower with Radar,20,39,34,35,128,0,4,42,1,47,20,43,76,36,175,0,0,0,175
01/06/2012,MAF,TX,ASW,CE,Combined TRACON& Tower with Radar,19,43,53,39,154,0,6,29,1,36,19,49,82,40,190,20,76,96,286
01/07/2012,MAF,TX,ASW,CE,Combined TRACON& Tower with Radar,15,20,24,0,59,0,4,25,0,29,15,24,49,0,88,50,0,50,138
01/08/2012,MAF,TX,ASW,CE,Combined TRACON& Tower with Radar,16,34,33,12,95,0,1,20,0,21,16,35,53,12,116,0,10,10,126
01/09/2012,MAF,TX,ASW,CE,Combined TRACON& Tower with Radar,8,10,12,0,30,0,0,0,0,0,8,10,12,0,30,0,0,0,30
01/10/2012,MAF,TX,ASW,CE,Combined TRACON& Tower with Radar,25,39,49,19,132,0,2,21,7,30,25,41,70,26,162,18,10,28,190
01/11/2012,MAF,TX,ASW,CE,Combined TRACON& Tower with Radar,22,38,87,47,194,0,7,37,3,47,22,45,124,50,241,4,51,55,296
01/12/2012,MAF,TX,ASW,CE,Combined TRACON& Tower with Radar,22,42,66,27,157,0,2,30,0,32,22,44,96,27,189,30,82,112,301
01/13/2012,MAF,TX,ASW,CE,Combined TRACON& Tower with Radar,21,36,59,31,147,0,2,36,3,41,21,38,95,34,188,14,78,92,280
01/14/2012,MAF,TX,ASW,CE,Combined TRACON& Tower with Radar,12,21,16,2,51,0,2,48,1,51,12,23,64,3,102,46,0,46,148
01/15/2012,MAF,TX,ASW,CE,Combined TRACON& Tower with Radar,16,28,18,7,69,0,3,24,0,27,16,31,42,7,96,0,0,0,96
01/16/2012,MAF,TX,ASW,CE,Combined TRACON& Tower with Radar,21,29,50,3,103,0,3,26,1,30,21,32,76,4,133,0,0,0,133
01/17/2012,MAF,TX,ASW,CE,Combined TRACON& Tower with Radar,21,29,49,62,161,0,4,33,1,38,21,33,82,63,199,6,167,173,372
01/18/2012,MAF,TX,ASW,CE,Combined TRACON& Tower with Radar,22,28,67,41,158,0,2,33,3,38,22,30,100,44,196,0,90,90,286
01/19/2012,MAF,TX,ASW,CE,Combined TRACON& Tower with Radar,22,34,62,66,184,0,2,42,4,48,22,36,104,70,232,16,168,184,416
01/20/2012,MAF,TX,ASW,CE,Combined TRACON& Tower with Radar,21,34,54,77,186,0,3,18,4,25,21,37,72,81,211,30,136,166,377
01/21/2012,MAF,TX,ASW,CE,Combined TRACON& Tower with Radar,12,24,22,8,66,0,2,24,1,27,12,26,46,9,93,14,22,36,129
01/22/2012,MAF,TX,ASW,CE,Combined TRACON& Tower with Radar,15,24,28,0,67,0,0,2,0,2,15,24,30,0,69,0,0,0,69
01/23/2012,MAF,TX,ASW,CE,Combined TRACON& Tower with Radar,20,36,51,43,150,0,2,34,5,41,20,38,85,48,191,20,60,80,271
01/24/2012,MAF,TX,ASW,CE,Combined TRACON& Tower with Radar,22,37,37,8,104,0,1,23,2,26,22,38,60,10,130,0,20,20,150
01/25/2012,MAF,TX,ASW,CE,Combined TRACON& Tower with Radar,22,34,32,6,94,0,1,0,0,1,22,35,32,6,95,0,0,0,95
01/26/2012,MAF,TX,ASW,CE,Combined TRACON& Tower with Radar,22,49,55,61,187,0,14,28,5,47,22,63,83,66,234,12,96,108,342
01/27/2012,MAF,TX,ASW,CE,Combined TRACON& Tower with Radar,21,36,45,64,166,0,3,38,10,51,21,39,83,74,217,8,78,86,303
01/28/2012,MAF,TX,ASW,CE,Combined TRACON& Tower with Radar,12,26,18,2,58,0,1,26,0,27,12,27,44,2,85,0,0,0,85
01/29/2012,MAF,TX,ASW,CE,Combined TRACON& Tower with Radar,16,27,29,45,117,0,0,25,7,32,16,27,54,52,149,20,0,20,169
01/30/2012,MAF,TX,ASW,CE,Combined TRACON& Tower with Radar,21,33,47,114,215,0,5,40,3,48,21,38,87,117,263,31,170,201,464
01/31/2012,MAF,TX,ASW,CE,Combined TRACON& Tower with Radar,22,36,53,50,161,0,4,37,6,47,22,40,90,56,208,0,32,32,240
02/01/2012,MAF,TX,ASW,CE,Combined TRACON& Tower with Radar,22,29,45,82,178,0,4,29,1,34,22,33,74,83,212,22,92,114,326
02/02/2012,MAF,TX,ASW,CE,Combined TRACON& Tower with Radar,21,38,51,42,152,0,4,10,5,19,21,42,61,47,171,18,98,116,287
02/03/2012,MAF,TX,ASW,CE,Combined TRACON& Tower with Radar,21,43,58,133,255,0,5,39,21,65,21,48,97,154,320,6,214,220,540
02/04/2012,MAF,TX,ASW,CE,Combined TRACON& Tower with Radar,12,20,24,40,96,0,2,23,4,29,12,22,47,44,125,14,22,36,161
02/05/2012,MAF,TX,ASW,CE,Combined TRACON& Tower with Radar,16,30,30,6,82,0,3,14,0,17,16,33,44,6,99,10,0,10,109
02/06/2012,MAF,TX,ASW,CE,Combined TRACON& Tower with Radar,21,34,60,42,157,0,5,22,6,33,21,39,82,48,190,6,34,40,230
02/07/2012,MAF,TX,ASW,CE,Combined TRACON& Tower with Radar,22,33,49,59,163,0,3,18,6,27,22,36,67,65,190,0,50,50,240
02/08/2012,MAF,TX,ASW,CE,Combined TRACON& Tower with Radar,22,35,52,70,179,0,1,22,1,24,22,36,74,71,203,0,0,0,203
02/09/2012,MAF,TX,ASW,CE,Combined TRACON& Tower with Radar,22,38,60,34,154,0,2,35,0,37,22,40,95,34,191,10,118,128,319
02/10/2012,MAF,TX,ASW,CE,Combined TRACON& Tower with Radar,21,42,68,94,225,0,1,37,10,48,21,43,105,104,273,2,124,126,399
02/11/2012,MAF,TX,ASW,CE,Combined TRACON& Tower with Radar,13,24,29,4,70,0,0,24,0,24,13,24,53,4,94,6,0,6,100
02/12/2012,MAF,TX,ASW,CE,Combined TRACON& Tower with Radar,14,20,22,0,56,0,0,0,0,0,14,20,22,0,56,0,0,0,56
02/13/2012,MAF,TX,ASW,CE,Combined TRACON& Tower with Radar,19,37,32,53,141,0,1,15,6,22,19,38,47,59,163,16,84,100,263
02/14/2012,MAF,TX,ASW,CE,Combined TRACON& Tower with Radar,22,42,43,70,177,0,5,35,10,50,22,47,78,80,227,8,110,118,345
02/15/2012,MAF,TX,ASW,CE,Combined TRACON& Tower with Radar,22,33,51,95,201,0,1,34,7,42,22,34,85,102,243,14,12,26,269
02/16/2012,MAF,TX,ASW,CE,Combined TRACON& Tower with Radar,24,38,65,35,162,0,3,20,5,28,24,41,85,40,190,10,206,216,406
02/17/2012,MAF,TX,ASW,CE,Combined TRACON& Tower with Radar,25,55,40,85,205,0,0,5,0,5,25,55,45,85,210,0,2,2,212
02/18/2012,MAF,TX,ASW,CE,Combined TRACON& Tower with Radar,12,25,25,2,64,0,0,6,0,6,12,25,31,2,70,4,0,4,74
02/19/2012,MAF,TX,ASW,CE,Combined TRACON& Tower with Radar,18,37,28,24,107,0,2,17,0,19,18,39,45,24,126,0,24,24,150
02/20/2012,MAF,TX,ASW,CE,Combined TRACON& Tower with Radar,23,40,35,42,140,0,1,18,1,20,23,41,53,43,160,4,0,4,164
02/21/2012,MAF,TX,ASW,CE,Combined TRACON& Tower with Radar,22,43,74,58,197,0,3,35,4,42,22,46,109,62,239,0,52,52,291
02/22/2012,MAF,TX,ASW,CE,Combined TRACON& Tower with Radar,25,43,61,53,182,0,2,42,1,45,25,45,103,54,227,12,60,72,299
02/23/2012,MAF,TX,ASW,CE,Combined TRACON& Tower with Radar,22,43,57,77,199,0,3,19,12,34,22,46,76,89,233,4,90,94,327
02/24/2012,MAF,TX,ASW,CE,Combined TRACON& Tower with Radar,21,52,43,54,170,0,3,45,7,55,21,55,88,61,225,10,78,88,313
02/25/2012,MAF,TX,ASW,CE,Combined TRACON& Tower with Radar,14,30,30,3,77,0,1,20,1,22,14,31,50,4,99,6,0,6,105
02/26/2012,MAF,TX,ASW,CE,Combined TRACON& Tower with Radar,16,32,29,38,115,0,1,47,8,56,16,33,76,46,171,48,2,50,221
02/27/2012,MAF,TX,ASW,CE,Combined TRACON& Tower with Radar,21,39,57,38,155,0,0,6,0,6,21,39,63,38,161,0,0,0,161
02/28/2012,MAF,TX,ASW,CE,Combined TRACON& Tower with Radar,22,38,47,47,154,0,3,23,3,29,22,41,70,50,183,0,50,50,233
02/29/2012,MAF,TX,ASW,CE,Combined TRACON& Tower with Radar,22,35,60,62,179,0,5,44,0,49,22,40,104,62,228,0,98,98,326
03/01/2012,MAF,TX,ASW,CE,Combined TRACON& Tower with Radar,22,39,42,38,141,0,4,25,1,30,22,43,67,39,171,2,156,158,329
03/02/2012,MAF,TX,ASW,CE,Combined TRACON& Tower with Radar,23,40,52,37,152,0,2,30,2,34,23,42,82,39,186,12,68,80,266
03/03/2012,MAF,TX,ASW,CE,Combined TRACON& Tower with Radar,12,25,22,0,59,0,0,23,0,23,12,25,45,0,82,10,0,10,92
03/04/2012,MAF,TX,ASW,CE,Combined TRACON& Tower with Radar,16,32,56,0,104,0,1,31,0,32,16,33,87,0,136,0,0,0,136
03/05/2012,MAF,TX,ASW,CE,Combined TRACON& Tower with Radar,21,38,34,64,157,0,2,26,2,30,21,40,60,66,187,10,16,26,213
03/06/2012,MAF,TX,ASW,CE,Combined TRACON& Tower with Radar,22,37,57,89,205,0,3,20,3,26,22,40,77,92,231,0,148,148,379
03/07/2012,MAF,TX,ASW,CE,Combined TRACON& Tower with Radar,22,45,76,89,232,0,4,26,2,32,22,49,102,91,264,23,176,199,463
03/08/2012,MAF,TX,ASW,CE,Combined TRACON& Tower with Radar,24,36,49,7,116,0,0,1,0,1,24,36,50,7,117,0,48,48,165
03/09/2012,MAF,TX,ASW,CE,Combined TRACON& Tower with Radar,21,39,46,7,113,0,0,5,0,5,21,39,51,7,118,0,0,0,118
03/10/2012,MAF,TX,ASW,CE,Combined TRACON& Tower with Radar,14,28,34,0,76,0,0,0,0,0,14,28,34,0,76,0,0,0,76
03/11/2012,MAF,TX,ASW,CE,Combined TRACON& Tower with Radar,16,28,30,13,87,0,1,19,1,21,16,29,49,14,108,0,0,0,108
03/12/2012,MAF,TX,ASW,CE,Combined TRACON& Tower with Radar,20,40,43,68,171,0,2,21,8,31,20,42,64,76,202,0,0,0,202
03/13/2012,MAF,TX,ASW,CE,Combined TRACON& Tower with Radar,22,35,43,52,152,0,3,35,2,40,22,38,78,54,192,0,8,8,200
03/14/2012,MAF,TX,ASW,CE,Combined TRACON& Tower with Radar,22,38,58,84,202,0,1,18,4,23,22,39,76,88,225,12,28,40,265
03/15/2012,MAF,TX,ASW,CE,Combined TRACON& Tower with Radar,22,52,56,73,203,0,4,31,8,43,22,56,87,81,246,0,152,152,398
03/16/2012,MAF,TX,ASW,CE,Combined TRACON& Tower with Radar,21,39,42,20,122,0,1,14,3,18,21,40,56,23,140,0,0,0,140
03/17/2012,MAF,TX,ASW,CE,Combined TRACON& Tower with Radar,12,28,31,1,72,0,1,29,0,30,12,29,60,1,102,18,0,18,120
03/18/2012,MAF,TX,ASW,CE,Combined TRACON& Tower with Radar,15,38,33,11,97,0,0,5,0,5,15,38,38,11,102,0,0,0,102
03/19/2012,MAF,TX,ASW,CE,Combined TRACON& Tower with Radar,26,33,38,130,227,0,0,18,9,27,26,33,56,139,254,20,163,183,437
03/20/2012,MAF,TX,ASW,CE,Combined TRACON& Tower with Radar,21,34,54,52,161,0,3,28,0,31,21,37,82,52,192,0,54,54,246
03/21/2012,MAF,TX,ASW,CE,Combined TRACON& Tower with Radar,22,47,104,33,206,0,3,34,4,41,22,50,138,37,247,2,0,2,249
03/22/2012,MAF,TX,ASW,CE,Combined TRACON& Tower with Radar,22,40,61,52,175,0,6,52,9,67,22,46,113,61,242,42,160,202,444
03/23/2012,MAF,TX,ASW,CE,Combined TRACON& Tower with Radar,21,37,53,31,142,0,4,41,2,47,21,41,94,33,189,24,110,134,323
03/24/2012,MAF,TX,ASW,CE,Combined TRACON& Tower with Radar,12,22,28,12,74,0,2,30,0,32,12,24,58,12,106,24,0,24,130
03/25/2012,MAF,TX,ASW,CE,Combined TRACON& Tower with Radar,16,31,23,20,90,0,0,18,2,20,16,31,41,22,110,0,0,0,110
03/26/2012,MAF,TX,ASW,CE,Combined TRACON& Tower with Radar,21,29,31,53,134,0,2,23,2,27,21,31,54,55,161,0,90,90,251
03/27/2012,MAF,TX,ASW,CE,Combined TRACON& Tower with Radar,22,33,39,32,126,0,4,28,17,49,22,37,67,49,175,33,74,107,282
03/28/2012,MAF,TX,ASW,CE,Combined TRACON& Tower with Radar,22,31,70,36,159,0,3,25,2,30,22,34,95,38,189,6,68,74,263
03/29/2012,MAF,TX,ASW,CE,Combined TRACON& Tower with Radar,22,39,59,86,206,0,5,26,0,31,22,44,85,86,237,2,136,138,375
03/30/2012,MAF,TX,ASW,CE,Combined TRACON& Tower with Radar,22,46,51,38,157,0,6,37,0,43,22,52,88,38,200,4,64,68,268
03/31/2012,MAF,TX,ASW,CE,Combined TRACON& Tower with Radar,12,24,29,0,65,0,5,44,0,49,12,29,73,0,114,26,0,26,140
04/01/2012,MAF,TX,ASW,CE,Combined TRACON& Tower with Radar,19,29,22,20,90,0,4,19,2,25,19,33,41,22,115,0,6,6,121
04/02/2012,MAF,TX,ASW,CE,Combined TRACON& Tower with Radar,23,30,32,26,111,0,5,22,0,27,23,35,54,26,138,0,18,18,156
04/03/2012,MAF,TX,ASW,CE,Combined TRACON& Tower with Radar,21,30,34,62,147,0,5,22,9,36,21,35,56,71,183,0,106,106,289
04/04/2012,MAF,TX,ASW,CE,Combined TRACON& Tower with Radar,22,28,44,62,156,0,5,37,9,51,22,33,81,71,207,0,0,0,207
04/05/2012,MAF,TX,ASW,CE,Combined TRACON& Tower with Radar,24,43,65,33,165,0,9,36,1,46,24,52,101,34,211,0,0,0,211
04/06/2012,MAF,TX,ASW,CE,Combined TRACON& Tower with Radar,23,31,34,8,96,0,6,21,1,28,23,37,55,9,124,34,0,34,158
04/07/2012,MAF,TX,ASW,CE,Combined TRACON& Tower with Radar,13,26,14,0,53,0,0,35,0,35,13,26,49,0,88,20,0,20,108
04/08/2012,MAF,TX,ASW,CE,Combined TRACON& Tower with Radar,23,22,21,0,66,0,0,16,0,16,23,22,37,0,82,6,0,6,88
04/09/2012,MAF,TX,ASW,CE,Combined TRACON& Tower with Radar,22,38,49,71,180,0,5,20,14,39,22,43,69,85,219,0,0,0,219
04/10/2012,MAF,TX,ASW,CE,Combined TRACON& Tower with Radar,22,36,56,39,153,0,7,36,3,46,22,43,92,42,199,4,74,78,277
04/11/2012,MAF,TX,ASW,CE,Combined TRACON& Tower with Radar,23,38,58,10,129,0,4,17,0,21,23,42,75,10,150,0,30,30,180
04/12/2012,MAF,TX,ASW,CE,Combined TRACON& Tower with Radar,26,41,77,49,193,0,4,24,2,30,26,45,101,51,223,0,0,0,223
04/13/2012,MAF,TX,ASW,CE,Combined TRACON& Tower with Radar,23,41,60,50,174,0,3,18,11,32,23,44,78,61,206,0,58,58,264
04/14/2012,MAF,TX,ASW,CE,Combined TRACON& Tower with Radar,17,29,25,0,71,0,2,12,1,15,17,31,37,1,86,0,0,0,86
04/15/2012,MAF,TX,ASW,CE,Combined TRACON& Tower with Radar,20,35,33,2,90,0,4,4,0,8,20,39,37,2,98,0,0,0,98
04/16/2012,MAF,TX,ASW,CE,Combined TRACON& Tower with Radar,23,34,39,25,121,0,4,36,0,40,23,38,75,25,161,6,62,68,229
04/17/2012,MAF,TX,ASW,CE,Combined TRACON& Tower with Radar,18,41,54,25,138,0,4,19,6,29,18,45,73,31,167,0,44,44,211
04/18/2012,MAF,TX,ASW,CE,Combined TRACON& Tower with Radar,21,42,46,46,155,0,5,38,1,44,21,47,84,47,199,0,35,35,234
04/19/2012,MAF,TX,ASW,CE,Combined TRACON& Tower with Radar,23,50,46,22,141,0,3,43,9,55,23,53,89,31,196,0,18,18,214
04/20/2012,MAF,TX,ASW,CE,Combined TRACON& Tower with Radar,23,39,48,22,132,0,4,20,0,24,23,43,68,22,156,4,24,28,184
04/21/2012,MAF,TX,ASW,CE,Combined TRACON& Tower with Radar,17,28,17,0,62,0,3,24,0,27,17,31,41,0,89,0,0,0,89
04/22/2012,MAF,TX,ASW,CE,Combined TRACON& Tower with Radar,17,30,35,15,97,0,2,23,5,30,17,32,58,20,127,12,44,56,183
04/23/2012,MAF,TX,ASW,CE,Combined TRACON& Tower with Radar,22,38,46,8,114,0,5,34,0,39,22,43,80,8,153,0,0,0,153
04/24/2012,MAF,TX,ASW,CE,Combined TRACON& Tower with Radar,20,36,54,12,122,0,10,35,3,48,20,46,89,15,170,18,22,40,210
04/25/2012,MAF,TX,ASW,CE,Combined TRACON& Tower with Radar,21,36,52,25,134,0,6,36,3,45,21,42,88,28,179,0,122,122,301
04/26/2012,MAF,TX,ASW,CE,Combined TRACON& Tower with Radar,24,41,63,2,130,0,5,28,2,35,24,46,91,4,165,12,0,12,177
04/27/2012,MAF,TX,ASW,CE,Combined TRACON& Tower with Radar,23,46,56,2,127,0,4,30,2,36,23,50,86,4,163,0,0,0,163
04/28/2012,MAF,TX,ASW,CE,Combined TRACON& Tower with Radar,13,23,17,0,53,0,5,10,0,15,13,28,27,0,68,2,0,2,70
04/29/2012,MAF,TX,ASW,CE,Combined TRACON& Tower with Radar,17,33,42,7,99,0,1,10,0,11,17,34,52,7,110,6,16,22,132
04/30/2012,MAF,TX,ASW,CE,Combined TRACON& Tower with Radar,22,36,29,12,99,0,2,20,1,23,22,38,49,13,122,0,38,38,160
05/01/2012,MAF,TX,ASW,CE,Combined TRACON& Tower with Radar,27,34,49,6,116,0,8,25,0,33,27,42,74,6,149,0,0,0,149
05/02/2012,MAF,TX,ASW,CE,Combined TRACON& Tower with Radar,27,40,48,38,153,0,2,29,2,33,27,42,77,40,186,0,100,100,286
05/03/2012,MAF,TX,ASW,CE,Combined TRACON& Tower with Radar,27,39,71,19,156,0,4,20,2,26,27,43,91,21,182,0,70,70,252
05/04/2012,MAF,TX,ASW,CE,Combined TRACON& Tower with Radar,26,39,50,28,143,0,5,22,3,30,26,44,72,31,173,0,76,76,249
05/05/2012,MAF,TX,ASW,CE,Combined TRACON& Tower with Radar,13,27,10,0,50,0,1,7,0,8,13,28,17,0,58,4,0,4,62
05/06/2012,MAF,TX,ASW,CE,Combined TRACON& Tower with Radar,20,29,33,8,90,0,1,7,5,13,20,30,40,13,103,0,0,0,103
05/07/2012,MAF,TX,ASW,CE,Combined TRACON& Tower with Radar,26,40,49,10,125,0,2,15,0,17,26,42,64,10,142,0,0,0,142
05/08/2012,MAF,TX,ASW,CE,Combined TRACON& Tower with Radar,27,33,47,5,112,0,1,5,0,6,27,34,52,5,118,0,0,0,118
05/09/2012,MAF,TX,ASW,CE,Combined TRACON& Tower with Radar,25,36,54,7,122,0,6,15,0,21,25,42,69,7,143,14,24,38,181
05/10/2012,MAF,TX,ASW,CE,Combined TRACON& Tower with Radar,29,41,52,2,124,0,0,4,0,4,29,41,56,2,128,0,0,0,128
05/11/2012,MAF,TX,ASW,CE,Combined TRACON& Tower with Radar,26,41,53,12,132,0,1,16,3,20,26,42,69,15,152,0,0,0,152
05/12/2012,MAF,TX,ASW,CE,Combined TRACON& Tower with Radar,13,25,28,1,67,0,1,24,0,25,13,26,52,1,92,8,0,8,100
05/13/2012,MAF,TX,ASW,CE,Combined TRACON& Tower with Radar,21,31,46,5,103,0,0,23,0,23,21,31,69,5,126,2,0,2,128
05/14/2012,MAF,TX,ASW,CE,Combined TRACON& Tower with Radar,26,30,36,0,92,0,2,13,0,15,26,32,49,0,107,0,0,0,107
05/15/2012,MAF,TX,ASW,CE,Combined TRACON& Tower with Radar,27,40,65,17,149,0,2,27,0,29,27,42,92,17,178,0,66,66,244
05/16/2012,MAF,TX,ASW,CE,Combined TRACON& Tower with Radar,27,35,47,21,130,0,4,28,1,33,27,39,75,22,163,14,54,68,231
05/17/2012,MAF,TX,ASW,CE,Combined TRACON& Tower with Radar,27,43,49,20,139,0,9,27,0,36,27,52,76,20,175,0,52,52,227
05/18/2012,MAF,TX,ASW,CE,Combined TRACON& Tower with Radar,26,31,42,16,115,0,5,34,5,44,26,36,76,21,159,4,28,32,191
05/19/2012,MAF,TX,ASW,CE,Combined TRACON& Tower with Radar,13,29,31,0,73,0,1,28,0,29,13,30,59,0,102,4,0,4,106
05/20/2012,MAF,TX,ASW,CE,Combined TRACON& Tower with Radar,21,27,23,10,81,0,1,30,2,33,21,28,53,12,114,6,0,6,120
05/21/2012,MAF,TX,ASW,CE,Combined TRACON& Tower with Radar,27,32,50,16,125,0,4,29,1,34,27,36,79,17,159,2,54,56,215
05/22/2012,MAF,TX,ASW,CE,Combined TRACON& Tower with Radar,25,31,37,22,115,0,6,28,8,42,25,37,65,30,157,0,72,72,229
05/23/2012,MAF,TX,ASW,CE,Combined TRACON& Tower with Radar,27,39,50,26,142,0,7,22,0,29,27,46,72,26,171,4,72,76,247
05/24/2012,MAF,TX,ASW,CE,Combined TRACON& Tower with Radar,27,39,36,32,134,0,4,24,0,28,27,43,60,32,162,14,44,58,220
05/25/2012,MAF,TX,ASW,CE,Combined TRACON& Tower with Radar,26,39,63,11,139,0,5,25,0,30,26,44,88,11,169,0,0,0,169
05/26/2012,MAF,TX,ASW,CE,Combined TRACON& Tower with Radar,13,24,37,0,74,0,1,13,0,14,13,25,50,0,88,0,0,0,88
05/27/2012,MAF,TX,ASW,CE,Combined TRACON& Tower with Radar,12,23,19,0,54,0,1,11,0,12,12,24,30,0,66,0,0,0,66
05/28/2012,MAF,TX,ASW,CE,Combined TRACON& Tower with Radar,20,28,46,2,96,0,2,34,0,36,20,30,80,2,132,12,0,12,144
05/29/2012,MAF,TX,ASW,CE,Combined TRACON& Tower with Radar,23,36,66,31,156,0,5,30,5,40,23,41,96,36,196,8,28,36,232
05/30/2012,MAF,TX,ASW,CE,Combined TRACON& Tower with Radar,26,36,53,47,162,0,4,32,1,37,26,40,85,48,199,16,84,100,299
05/31/2012,MAF,TX,ASW,CE,Combined TRACON& Tower with Radar,29,53,68,29,179,0,2,25,1,28,29,55,93,30,207,0,0,0,207
06/01/2012,MAF,TX,ASW,CE,Combined TRACON& Tower with Radar,21,25,46,20,112,0,4,29,2,35,21,29,75,22,147,8,66,74,221
06/02/2012,MAF,TX,ASW,CE,Combined TRACON& Tower with Radar,13,26,11,5,55,0,2,25,1,28,13,28,36,6,83,4,0,4,87
06/03/2012,MAF,TX,ASW,CE,Combined TRACON& Tower with Radar,22,27,42,3,94,0,3,18,0,21,22,30,60,3,115,2,0,2,117
06/04/2012,MAF,TX,ASW,CE,Combined TRACON& Tower with Radar,29,27,37,10,103,0,8,20,0,28,29,35,57,10,131,0,0,0,131
06/05/2012,MAF,TX,ASW,CE,Combined TRACON& Tower with Radar,25,34,54,10,123,0,3,24,2,29,25,37,78,12,152,4,4,8,160
06/06/2012,MAF,TX,ASW,CE,Combined TRACON& Tower with Radar,35,30,53,30,148,0,6,34,3,43,35,36,87,33,191,8,16,24,215
06/07/2012,MAF,TX,ASW,CE,Combined TRACON& Tower with Radar,28,40,66,48,182,0,3,28,8,39,28,43,94,56,221,0,46,46,267
06/08/2012,MAF,TX,ASW,CE,Combined TRACON& Tower with Radar,24,58,44,59,185,0,6,21,2,29,24,64,65,61,214,16,66,82,296
06/09/2012,MAF,TX,ASW,CE,Combined TRACON& Tower with Radar,13,30,13,0,56,0,7,24,0,31,13,37,37,0,87,12,0,12,99
06/10/2012,MAF,TX,ASW,CE,Combined TRACON& Tower with Radar,23,32,37,6,98,0,2,18,1,21,23,34,55,7,119,0,0,0,119
06/11/2012,MAF,TX,ASW,CE,Combined TRACON& Tower with Radar,24,33,57,29,143,0,6,16,2,24,24,39,73,31,167,0,0,0,167
06/12/2012,MAF,TX,ASW,CE,Combined TRACON& Tower with Radar,23,45,41,22,131,0,3,21,5,29,23,48,62,27,160,4,32,36,196
06/13/2012,MAF,TX,ASW,CE,Combined TRACON& Tower with Radar,24,40,60,31,155,0,4,25,8,37,24,44,85,39,192,0,62,62,254
06/14/2012,MAF,TX,ASW,CE,Combined TRACON& Tower with Radar,26,48,58,24,156,0,6,23,3,32,26,54,81,27,188,0,62,62,250
06/15/2012,MAF,TX,ASW,CE,Combined TRACON& Tower with Radar,22,44,58,17,141,0,2,22,2,26,22,46,80,19,167,12,44,56,223
06/16/2012,MAF,TX,ASW,CE,Combined TRACON& Tower with Radar,13,29,26,1,69,0,4,31,1,36,13,33,57,2,105,6,0,6,111
06/17/2012,MAF,TX,ASW,CE,Combined TRACON& Tower with Radar,20,32,39,1,92,0,2,23,4,29,20,34,62,5,121,0,0,0,121
06/18/2012,MAF,TX,ASW,CE,Combined TRACON& Tower with Radar,23,33,47,15,118,0,4,32,1,37,23,37,79,16,155,0,0,0,155
06/19/2012,MAF,TX,ASW,CE,Combined TRACON& Tower with Radar,24,39,67,51,181,0,5,18,5,28,24,44,85,56,209,0,0,0,209
06/20/2012,MAF,TX,ASW,CE,Combined TRACON& Tower with Radar,23,45,61,33,162,0,7,43,4,54,23,52,104,37,216,0,64,64,280
06/21/2012,MAF,TX,ASW,CE,Combined TRACON& Tower with Radar,23,45,65,33,166,0,7,41,1,49,23,52,106,34,215,4,116,120,335
06/22/2012,MAF,TX,ASW,CE,Combined TRACON& Tower with Radar,26,34,59,25,144,0,5,36,0,41,26,39,95,25,185,0,0,0,185
06/23/2012,MAF,TX,ASW,CE,Combined TRACON& Tower with Radar,13,27,25,0,65,0,4,28,0,32,13,31,53,0,97,92,0,92,189
06/24/2012,MAF,TX,ASW,CE,Combined TRACON& Tower with Radar,21,30,39,16,106,0,0,28,0,28,21,30,67,16,134,8,0,8,142
06/25/2012,MAF,TX,ASW,CE,Combined TRACON& Tower with Radar,22,33,42,54,151,0,5,26,1,32,22,38,68,55,183,0,0,0,183
06/26/2012,MAF,TX,ASW,CE,Combined TRACON& Tower with Radar,24,40,54,53,171,0,8,30,1,39,24,48,84,54,210,0,0,0,210
06/27/2012,MAF,TX,ASW,CE,Combined TRACON& Tower with Radar,24,39,55,51,169,0,3,36,0,39,24,42,91,51,208,4,36,40,248
06/28/2012,MAF,TX,ASW,CE,Combined TRACON& Tower with Radar,25,46,51,43,165,0,4,25,1,30,25,50,76,44,195,0,0,0,195
06/29/2012,MAF,TX,ASW,CE,Combined TRACON& Tower with Radar,23,42,57,37,159,0,4,28,4,36,23,46,85,41,195,12,56,68,263
06/30/2012,MAF,TX,ASW,CE,Combined TRACON& Tower with Radar,13,36,33,0,82,0,3,21,6,30,13,39,54,6,112,2,0,2,114
07/01/2012,MAF,TX,ASW,CE,Combined TRACON& Tower with Radar,26,25,21,2,74,0,1,9,2,12,26,26,30,4,86,0,0,0,86
07/02/2012,MAF,TX,ASW,CE,Combined TRACON& Tower with Radar,30,31,50,33,144,0,2,19,0,21,30,33,69,33,165,2,46,48,213
07/03/2012,MAF,TX,ASW,CE,Combined TRACON& Tower with Radar,29,30,50,45,154,0,2,19,6,27,29,32,69,51,181,4,90,94,275
07/04/2012,MAF,TX,ASW,CE,Combined TRACON& Tower with Radar,19,21,11,0,51,0,4,17,0,21,19,25,28,0,72,4,0,4,76
07/05/2012,MAF,TX,ASW,CE,Combined TRACON& Tower with Radar,24,31,31,32,118,0,1,23,2,26,24,32,54,34,144,0,0,0,144
07/06/2012,MAF,TX,ASW,CE,Combined TRACON& Tower with Radar,24,37,29,35,125,0,5,20,8,33,24,42,49,43,158,0,70,70,228
07/07/2012,MAF,TX,ASW,CE,Combined TRACON& Tower with Radar,14,18,23,1,56,0,0,21,0,21,14,18,44,1,77,26,0,26,103
07/08/2012,MAF,TX,ASW,CE,Combined TRACON& Tower with Radar,20,24,33,5,82,0,2,10,2,14,20,26,43,7,96,16,0,16,112
07/09/2012,MAF,TX,ASW,CE,Combined TRACON& Tower with Radar,24,29,52,61,166,0,2,25,2,29,24,31,77,63,195,4,46,50,245
07/10/2012,MAF,TX,ASW,CE,Combined TRACON& Tower with Radar,23,40,50,2,115,0,2,10,0,12,23,42,60,2,127,11,0,11,138
07/11/2012,MAF,TX,ASW,CE,Combined TRACON& Tower with Radar,27,36,51,14,128,0,5,19,2,26,27,41,70,16,154,14,0,14,168
07/12/2012,MAF,TX,ASW,CE,Combined TRACON& Tower with Radar,25,38,55,20,138,0,7,14,4,25,25,45,69,24,163,0,0,0,163
07/13/2012,MAF,TX,ASW,CE,Combined TRACON& Tower with Radar,27,36,35,47,145,0,3,27,5,35,27,39,62,52,180,30,86,116,296
07/14/2012,MAF,TX,ASW,CE,Combined TRACON& Tower with Radar,17,23,23,14,77,0,0,30,2,32,17,23,53,16,109,18,6,24,133
07/15/2012,MAF,TX,ASW,CE,Combined TRACON& Tower with Radar,24,32,40,0,96,0,0,28,0,28,24,32,68,0,124,2,0,2,126
07/16/2012,MAF,TX,ASW,CE,Combined TRACON& Tower with Radar,25,34,46,27,132,0,1,24,3,28,25,35,70,30,160,0,0,0,160
07/17/2012,MAF,TX,ASW,CE,Combined TRACON& Tower with Radar,25,41,31,13,110,0,3,31,10,44,25,44,62,23,154,7,56,63,217
07/18/2012,MAF,TX,ASW,CE,Combined TRACON& Tower with Radar,27,35,67,17,146,0,3,33,0,36,27,38,100,17,182,4,36,40,222
07/19/2012,MAF,TX,ASW,CE,Combined TRACON& Tower with Radar,28,33,71,22,154,0,4,45,4,53,28,37,116,26,207,4,8,12,219
07/20/2012,MAF,TX,ASW,CE,Combined TRACON& Tower with Radar,25,35,56,15,131,0,3,25,4,32,25,38,81,19,163,8,70,78,241
07/21/2012,MAF,TX,ASW,CE,Combined TRACON& Tower with Radar,17,22,18,13,70,0,1,27,3,31,17,23,45,16,101,6,0,6,107
07/22/2012,MAF,TX,ASW,CE,Combined TRACON& Tower with Radar,24,30,40,6,100,0,0,14,2,16,24,30,54,8,116,0,6,6,122
07/23/2012,MAF,TX,ASW,CE,Combined TRACON& Tower with Radar,25,33,53,21,132,0,3,31,3,37,25,36,84,24,169,4,64,68,237
07/24/2012,MAF,TX,ASW,CE,Combined TRACON& Tower with Radar,25,38,37,23,123,0,7,29,1,37,25,45,66,24,160,0,74,74,234
07/25/2012,MAF,TX,ASW,CE,Combined TRACON& Tower with Radar,27,41,54,31,153,0,4,39,4,47,27,45,93,35,200,0,70,70,270
07/26/2012,MAF,TX,ASW,CE,Combined TRACON& Tower with Radar,26,45,54,5,130,0,2,11,1,14,26,47,65,6,144,0,0,0,144
07/27/2012,MAF,TX,ASW,CE,Combined TRACON& Tower with Radar,26,38,54,20,138,0,5,23,0,28,26,43,77,20,166,0,26,26,192
07/28/2012,MAF,TX,ASW,CE,Combined TRACON& Tower with Radar,17,24,17,4,62,0,1,17,1,19,17,25,34,5,81,0,0,0,81
07/29/2012,MAF,TX,ASW,CE,Combined TRACON& Tower with Radar,24,25,43,16,108,0,0,17,2,19,24,25,60,18,127,0,0,0,127
07/30/2012,MAF,TX,ASW,CE,Combined TRACON& Tower with Radar,26,34,36,32,128,0,6,34,2,42,26,40,70,34,170,0,57,57,227
07/31/2012,MAF,TX,ASW,CE,Combined TRACON& Tower with Radar,25,35,50,16,126,0,5,24,0,29,25,40,74,16,155,22,20,42,197
08/01/2012,MAF,TX,ASW,CE,Combined TRACON& Tower with Radar,27,31,47,10,115,0,7,31,1,39,27,38,78,11,154,0,6,6,160
08/02/2012,MAF,TX,ASW,CE,Combined TRACON& Tower with Radar,29,41,56,16,142,0,7,22,3,32,29,48,78,19,174,0,0,0,174
08/03/2012,MAF,TX,ASW,CE,Combined TRACON& Tower with Radar,26,40,44,11,121,0,7,25,4,36,26,47,69,15,157,0,0,0,157
08/04/2012,MAF,TX,ASW,CE,Combined TRACON& Tower with Radar,17,25,23,4,69,0,4,18,0,22,17,29,41,4,91,16,0,16,107
08/05/2012,MAF,TX,ASW,CE,Combined TRACON& Tower with Radar,28,25,36,1,90,0,2,23,0,25,28,27,59,1,115,8,0,8,123
08/06/2012,MAF,TX,ASW,CE,Combined TRACON& Tower with Radar,26,34,52,16,128,0,7,16,11,34,26,41,68,27,162,0,0,0,162
08/07/2012,MAF,TX,ASW,CE,Combined TRACON& Tower with Radar,24,37,61,29,151,0,6,45,3,54,24,43,106,32,205,5,40,45,250
08/08/2012,MAF,TX,ASW,CE,Combined TRACON& Tower with Radar,26,39,64,5,134,0,5,44,0,49,26,44,108,5,183,10,0,10,193
08/09/2012,MAF,TX,ASW,CE,Combined TRACON& Tower with Radar,27,35,52,21,135,0,5,34,0,39,27,40,86,21,174,0,10,10,184
08/10/2012,MAF,TX,ASW,CE,Combined TRACON& Tower with Radar,28,32,43,7,110,0,4,42,3,49,28,36,85,10,159,24,0,24,183
08/11/2012,MAF,TX,ASW,CE,Combined TRACON& Tower with Radar,16,22,33,0,71,0,3,31,0,34,16,25,64,0,105,40,0,40,145
08/12/2012,MAF,TX,ASW,CE,Combined TRACON& Tower with Radar,20,29,34,0,83,0,4,21,0,25,20,33,55,0,108,26,0,26,134
08/13/2012,MAF,TX,ASW,CE,Combined TRACON& Tower with Radar,24,34,41,8,107,0,4,7,0,11,24,38,48,8,118,2,6,8,126
08/14/2012,MAF,TX,ASW,CE,Combined TRACON& Tower with Radar,27,41,46,25,139,0,5,41,1,47,27,46,87,26,186,14,56,70,256
08/15/2012,MAF,TX,ASW,CE,Combined TRACON& Tower with Radar,20,48,48,30,146,0,5,34,6,45,20,53,82,36,191,30,46,76,267
08/16/2012,MAF,TX,ASW,CE,Combined TRACON& Tower with Radar,22,40,54,11,127,0,5,32,0,37,22,45,86,11,164,0,0,0,164
08/17/2012,MAF,TX,ASW,CE,Combined TRACON& Tower with Radar,20,37,43,12,112,0,7,16,0,23,20,44,59,12,135,20,4,24,159
08/18/2012,MAF,TX,ASW,CE,Combined TRACON& Tower with Radar,19,22,17,0,58,0,2,18,3,23,19,24,35,3,81,14,0,14,95
08/19/2012,MAF,TX,ASW,CE,Combined TRACON& Tower with Radar,19,27,20,4,70,0,2,10,0,12,19,29,30,4,82,0,0,0,82
08/20/2012,MAF,TX,ASW,CE,Combined TRACON& Tower with Radar,21,34,29,7,91,0,4,27,7,38,21,38,56,14,129,0,0,0,129
08/21/2012,MAF,TX,ASW,CE,Combined TRACON& Tower with Radar,21,44,56,12,133,0,5,27,2,34,21,49,83,14,167,8,0,8,175
08/22/2012,MAF,TX,ASW,CE,Combined TRACON& Tower with Radar,21,39,43,9,112,0,3,23,5,31,21,42,66,14,143,14,0,14,157
08/23/2012,MAF,TX,ASW,CE,Combined TRACON& Tower with Radar,26,46,61,1,134,0,4,29,2,35,26,50,90,3,169,16,0,16,185
08/24/2012,MAF,TX,ASW,CE,Combined TRACON& Tower with Radar,19,41,53,8,121,0,4,31,0,35,19,45,84,8,156,34,10,44,200
08/25/2012,MAF,TX,ASW,CE,Combined TRACON& Tower with Radar,11,29,20,2,62,0,2,44,0,46,11,31,64,2,108,0,0,0,108
08/26/2012,MAF,TX,ASW,CE,Combined TRACON& Tower with Radar,15,32,34,10,91,0,1,18,3,22,15,33,52,13,113,0,0,0,113
08/27/2012,MAF,TX,ASW,CE,Combined TRACON& Tower with Radar,19,35,46,0,100,0,5,18,1,24,19,40,64,1,124,6,8,14,138
08/28/2012,MAF,TX,ASW,CE,Combined TRACON& Tower with Radar,20,34,49,6,109,0,4,26,1,31,20,38,75,7,140,44,50,94,234
08/29/2012,MAF,TX,ASW,CE,Combined TRACON& Tower with Radar,22,30,57,6,115,0,2,59,0,61,22,32,116,6,176,0,0,0,176
08/30/2012,MAF,TX,ASW,CE,Combined TRACON& Tower with Radar,24,45,56,7,132,0,2,33,3,38,24,47,89,10,170,0,0,0,170
08/31/2012,MAF,TX,ASW,CE,Combined TRACON& Tower with Radar,21,40,60,11,132,0,6,39,9,54,21,46,99,20,186,14,30,44,230
09/01/2012,MAF,TX,ASW,CE,Combined TRACON& Tower with Radar,11,24,19,4,58,0,0,18,1,19,11,24,37,5,77,0,0,0,77
09/02/2012,MAF,TX,ASW,CE,Combined TRACON& Tower with Radar,21,17,12,0,50,0,1,12,0,13,21,18,24,0,63,0,0,0,63
09/03/2012,MAF,TX,ASW,CE,Combined TRACON& Tower with Radar,17,19,37,2,75,0,2,24,0,26,17,21,61,2,101,0,0,0,101
09/04/2012,MAF,TX,ASW,CE,Combined TRACON& Tower with Radar,24,33,36,14,107,0,5,34,0,39,24,38,70,14,146,0,60,60,206
09/05/2012,MAF,TX,ASW,CE,Combined TRACON& Tower with Radar,29,35,46,11,121,0,3,25,3,31,29,38,71,14,152,0,2,2,154
09/06/2012,MAF,TX,ASW,CE,Combined TRACON& Tower with Radar,27,37,63,14,141,0,6,26,9,41,27,43,89,23,182,4,10,14,196
09/07/2012,MAF,TX,ASW,CE,Combined TRACON& Tower with Radar,24,40,42,8,114,0,3,23,1,27,24,43,65,9,141,16,18,34,175
09/08/2012,MAF,TX,ASW,CE,Combined TRACON& Tower with Radar,14,20,27,2,63,0,1,15,2,18,14,21,42,4,81,2,0,2,83
09/09/2012,MAF,TX,ASW,CE,Combined TRACON& Tower with Radar,17,26,43,1,87,0,3,18,0,21,17,29,61,1,108,12,0,12,120
09/10/2012,MAF,TX,ASW,CE,Combined TRACON& Tower with Radar,24,36,48,18,126,0,5,28,0,33,24,41,76,18,159,2,28,30,189
09/11/2012,MAF,TX,ASW,CE,Combined TRACON& Tower with Radar,25,32,49,1,107,0,4,35,1,40,25,36,84,2,147,0,0,0,147
09/12/2012,MAF,TX,ASW,CE,Combined TRACON& Tower with Radar,22,39,80,36,177,0,4,27,1,32,22,43,107,37,209,16,46,62,271
09/13/2012,MAF,TX,ASW,CE,Combined TRACON& Tower with Radar,21,44,51,1,117,0,1,1,0,2,21,45,52,1,119,0,0,0,119
09/14/2012,MAF,TX,ASW,CE,Combined TRACON& Tower with Radar,26,50,55,65,196,0,2,9,0,11,26,52,64,65,207,14,36,50,257
09/15/2012,MAF,TX,ASW,CE,Combined TRACON& Tower with Radar,14,28,19,1,62,0,1,12,1,14,14,29,31,2,76,2,0,2,78
09/16/2012,MAF,TX,ASW,CE,Combined TRACON& Tower with Radar,20,30,33,16,99,0,0,19,0,19,20,30,52,16,118,8,0,8,126
09/17/2012,MAF,TX,ASW,CE,Combined TRACON& Tower with Radar,26,29,47,30,132,0,4,23,1,28,26,33,70,31,160,0,0,0,160
09/18/2012,MAF,TX,ASW,CE,Combined TRACON& Tower with Radar,25,39,65,26,155,0,6,32,6,44,25,45,97,32,199,4,82,86,285
09/19/2012,MAF,TX,ASW,CE,Combined TRACON& Tower with Radar,23,31,49,10,113,0,6,20,3,29,23,37,69,13,142,2,6,8,150
09/20/2012,MAF,TX,ASW,CE,Combined TRACON& Tower with Radar,25,43,57,50,175,0,3,44,17,64,25,46,101,67,239,0,0,0,239
09/21/2012,MAF,TX,ASW,CE,Combined TRACON& Tower with Radar,22,37,53,45,157,0,5,27,1,33,22,42,80,46,190,0,0,0,190
09/22/2012,MAF,TX,ASW,CE,Combined TRACON& Tower with Radar,14,23,21,2,60,0,1,20,3,24,14,24,41,5,84,6,0,6,90
09/23/2012,MAF,TX,ASW,CE,Combined TRACON& Tower with Radar,18,25,46,4,93,0,0,17,2,19,18,25,63,6,112,12,0,12,124
09/24/2012,MAF,TX,ASW,CE,Combined TRACON& Tower with Radar,30,29,39,50,148,0,4,27,3,34,30,33,66,53,182,0,0,0,182
09/25/2012,MAF,TX,ASW,CE,Combined TRACON& Tower with Radar,23,32,39,40,134,0,5,24,0,29,23,37,63,40,163,0,66,66,229
09/26/2012,MAF,TX,ASW,CE,Combined TRACON& Tower with Radar,23,37,59,26,145,0,5,30,1,36,23,42,89,27,181,2,47,49,230
09/27/2012,MAF,TX,ASW,CE,Combined TRACON& Tower with Radar,26,46,61,5,138,0,1,10,0,11,26,47,71,5,149,2,0,2,151
09/28/2012,MAF,TX,ASW,CE,Combined TRACON& Tower with Radar,24,45,42,3,114,0,0,0,0,0,24,45,42,3,114,0,0,0,114
09/29/2012,MAF,TX,ASW,CE,Combined TRACON& Tower with Radar,11,24,18,4,57,0,0,2,0,2,11,24,20,4,59,0,0,0,59
09/30/2012,MAF,TX,ASW,CE,Combined TRACON& Tower with Radar,20,28,35,0,83,0,2,30,4,36,20,30,65,4,119,0,0,0,119
10/01/2012,MAF,TX,ASW,CE,Combined TRACON& Tower with Radar,26,34,49,19,128,0,4,19,1,24,26,38,68,20,152,4,0,4,156
10/02/2012,MAF,TX,ASW,CE,Combined TRACON& Tower with Radar,23,39,43,38,143,0,4,36,9,49,23,43,79,47,192,0,0,0,192
10/03/2012,MAF,TX,ASW,CE,Combined TRACON& Tower with Radar,25,33,57,67,182,0,6,32,9,47,25,39,89,76,229,26,92,118,347
10/04/2012,MAF,TX,ASW,CE,Combined TRACON& Tower with Radar,25,37,70,45,177,0,4,24,1,29,25,41,94,46,206,0,0,0,206
10/05/2012,MAF,TX,ASW,CE,Combined TRACON& Tower with Radar,22,46,49,46,163,0,2,18,4,24,22,48,67,50,187,20,4,24,211
10/06/2012,MAF,TX,ASW,CE,Combined TRACON& Tower with Radar,15,23,30,3,71,0,0,3,1,4,15,23,33,4,75,4,0,4,79
10/07/2012,MAF,TX,ASW,CE,Combined TRACON& Tower with Radar,18,28,39,5,90,0,0,23,1,24,18,28,62,6,114,2,0,2,116
10/08/2012,MAF,TX,ASW,CE,Combined TRACON& Tower with Radar,22,39,56,3,120,0,2,40,4,46,22,41,96,7,166,0,0,0,166
10/09/2012,MAF,TX,ASW,CE,Combined TRACON& Tower with Radar,24,41,56,31,152,0,5,25,4,34,24,46,81,35,186,18,90,108,294
10/10/2012,MAF,TX,ASW,CE,Combined TRACON& Tower with Radar,26,40,71,32,169,0,1,29,1,31,26,41,100,33,200,0,0,0,200
10/11/2012,MAF,TX,ASW,CE,Combined TRACON& Tower with Radar,22,47,71,28,168,0,1,47,6,54,22,48,118,34,222,0,0,0,222
10/12/2012,MAF,TX,ASW,CE,Combined TRACON& Tower with Radar,22,41,47,11,121,0,3,49,5,57,22,44,96,16,178,0,0,0,178
10/13/2012,MAF,TX,ASW,CE,Combined TRACON& Tower with Radar,15,21,14,0,50,0,0,55,0,55,15,21,69,0,105,12,0,12,117
10/14/2012,MAF,TX,ASW,CE,Combined TRACON& Tower with Radar,21,24,21,5,71,0,1,77,5,83,21,25,98,10,154,2,0,2,156
10/15/2012,MAF,TX,ASW,CE,Combined TRACON& Tower with Radar,20,37,35,63,155,0,5,64,7,76,20,42,99,70,231,0,0,0,231
10/16/2012,MAF,TX,ASW,CE,Combined TRACON& Tower with Radar,22,39,80,33,174,0,6,34,9,49,22,45,114,42,223,4,90,94,317
10/17/2012,MAF,TX,ASW,CE,Combined TRACON& Tower with Radar,25,43,77,62,207,0,4,32,4,40,25,47,109,66,247,1,92,93,340
10/18/2012,MAF,TX,ASW,CE,Combined TRACON& Tower with Radar,24,38,68,34,164,0,7,16,9,32,24,45,84,43,196,4,22,26,222
10/19/2012,MAF,TX,ASW,CE,Combined TRACON& Tower with Radar,20,41,51,41,153,0,5,27,4,36,20,46,78,45,189,0,54,54,243
10/20/2012,MAF,TX,ASW,CE,Combined TRACON& Tower with Radar,16,23,24,0,63,0,2,20,2,24,16,25,44,2,87,6,0,6,93
10/21/2012,MAF,TX,ASW,CE,Combined TRACON& Tower with Radar,18,31,39,2,90,0,2,18,8,28,18,33,57,10,118,0,0,0,118
10/22/2012,MAF,TX,ASW,CE,Combined TRACON& Tower with Radar,21,37,37,62,157,0,1,23,6,30,21,38,60,68,187,26,18,44,231
10/23/2012,MAF,TX,ASW,CE,Combined TRACON& Tower with Radar,24,34,75,11,144,0,5,34,1,40,24,39,109,12,184,6,17,23,207
10/24/2012,MAF,TX,ASW,CE,Combined TRACON& Tower with Radar,26,36,69,39,170,0,2,22,2,26,26,38,91,41,196,0,96,96,292
10/25/2012,MAF,TX,ASW,CE,Combined TRACON& Tower with Radar,23,41,59,54,177,0,4,24,2,30,23,45,83,56,207,0,0,0,207
10/26/2012,MAF,TX,ASW,CE,Combined TRACON& Tower with Radar,23,43,51,43,160,0,2,19,7,28,23,45,70,50,188,0,118,118,306
10/27/2012,MAF,TX,ASW,CE,Combined TRACON& Tower with Radar,17,23,26,2,68,0,2,12,0,14,17,25,38,2,82,0,0,0,82
10/28/2012,MAF,TX,ASW,CE,Combined TRACON& Tower with Radar,22,28,57,11,118,0,2,15,4,21,22,30,72,15,139,0,8,8,147
10/29/2012,MAF,TX,ASW,CE,Combined TRACON& Tower with Radar,22,35,39,17,113,0,2,30,1,33,22,37,69,18,146,0,0,0,146
10/30/2012,MAF,TX,ASW,CE,Combined TRACON& Tower with Radar,24,37,57,48,166,0,4,32,7,43,24,41,89,55,209,12,64,76,285
10/31/2012,MAF,TX,ASW,CE,Combined TRACON& Tower with Radar,20,40,44,25,129,0,2,26,3,31,20,42,70,28,160,1,98,99,259
11/01/2012,MAF,TX,ASW,CE,Combined TRACON& Tower with Radar,25,41,53,51,170,0,5,33,14,52,25,46,86,65,222,0,4,4,226
11/02/2012,MAF,TX,ASW,CE,Combined TRACON& Tower with Radar,22,39,50,45,156,0,3,24,3,30,22,42,74,48,186,16,8,24,210
11/03/2012,MAF,TX,ASW,CE,Combined TRACON& Tower with Radar,15,31,21,2,69,0,1,17,0,18,15,32,38,2,87,6,0,6,93
11/04/2012,MAF,TX,ASW,CE,Combined TRACON& Tower with Radar,16,37,37,6,96,0,3,5,3,11,16,40,42,9,107,6,0,6,113
11/05/2012,MAF,TX,ASW,CE,Combined TRACON& Tower with Radar,24,38,57,78,197,0,6,32,2,40,24,44,89,80,237,0,0,0,237
11/06/2012,MAF,TX,ASW,CE,Combined TRACON& Tower with Radar,26,36,51,62,175,0,1,35,2,38,26,37,86,64,213,0,56,56,269
11/07/2012,MAF,TX,ASW,CE,Combined TRACON& Tower with Radar,27,41,39,35,142,0,6,42,2,50,27,47,81,37,192,6,4,10,202
11/08/2012,MAF,TX,ASW,CE,Combined TRACON& Tower with Radar,31,44,64,51,190,0,3,32,5,40,31,47,96,56,230,0,0,0,230
11/09/2012,MAF,TX,ASW,CE,Combined TRACON& Tower with Radar,24,45,52,6,127,0,3,27,2,32,24,48,79,8,159,22,13,35,194
11/10/2012,MAF,TX,ASW,CE,Combined TRACON& Tower with Radar,19,20,25,3,67,0,1,13,0,14,19,21,38,3,81,0,0,0,81
11/11/2012,MAF,TX,ASW,CE,Combined TRACON& Tower with Radar,19,31,40,0,90,0,6,14,2,22,19,37,54,2,112,0,0,0,112
11/12/2012,MAF,TX,ASW,CE,Combined TRACON& Tower with Radar,24,35,41,2,102,0,3,15,4,22,24,38,56,6,124,0,0,0,124
11/13/2012,MAF,TX,ASW,CE,Combined TRACON& Tower with Radar,29,33,64,50,176,0,9,29,2,40,29,42,93,52,216,0,47,47,263
11/14/2012,MAF,TX,ASW,CE,Combined TRACON& Tower with Radar,27,37,70,45,179,0,6,27,4,37,27,43,97,49,216,14,48,62,278
11/15/2012,MAF,TX,ASW,CE,Combined TRACON& Tower with Radar,26,45,69,40,180,0,4,30,8,42,26,49,99,48,222,0,0,0,222
11/16/2012,MAF,TX,ASW,CE,Combined TRACON& Tower with Radar,25,45,62,38,170,0,2,15,2,19,25,47,77,40,189,8,24,32,221
11/17/2012,MAF,TX,ASW,CE,Combined TRACON& Tower with Radar,16,17,38,3,74,0,1,8,9,18,16,18,46,12,92,13,0,13,105
11/18/2012,MAF,TX,ASW,CE,Combined TRACON& Tower with Radar,16,33,48,2,99,0,2,7,1,10,16,35,55,3,109,0,0,0,109
11/19/2012,MAF,TX,ASW,CE,Combined TRACON& Tower with Radar,25,35,29,18,107,0,2,22,5,29,25,37,51,23,136,0,0,0,136
11/20/2012,MAF,TX,ASW,CE,Combined TRACON& Tower with Radar,27,36,50,8,121,0,3,38,0,41,27,39,88,8,162,16,42,58,220
11/21/2012,MAF,TX,ASW,CE,Combined TRACON& Tower with Radar,22,46,37,19,124,0,3,31,2,36,22,49,68,21,160,8,14,22,182
11/22/2012,MAF,TX,ASW,CE,Combined TRACON& Tower with Radar,11,18,11,3,43,0,2,12,0,14,11,20,23,3,57,0,0,0,57
11/23/2012,MAF,TX,ASW,CE,Combined TRACON& Tower with Radar,19,25,21,2,67,0,3,22,0,25,19,28,43,2,92,0,0,0,92
11/24/2012,MAF,TX,ASW,CE,Combined TRACON& Tower with Radar,15,28,26,4,73,0,2,22,3,27,15,30,48,7,100,10,0,10,110
11/25/2012,MAF,TX,ASW,CE,Combined TRACON& Tower with Radar,23,36,37,0,96,0,3,18,0,21,23,39,55,0,117,0,0,0,117
11/26/2012,MAF,TX,ASW,CE,Combined TRACON& Tower with Radar,23,41,35,43,142,0,4,23,5,32,23,45,58,48,174,0,0,0,174
11/27/2012,MAF,TX,ASW,CE,Combined TRACON& Tower with Radar,26,45,44,36,151,0,4,19,3,26,26,49,63,39,177,12,68,80,257
11/28/2012,MAF,TX,ASW,CE,Combined TRACON& Tower with Radar,27,48,57,48,180,0,7,17,1,25,27,55,74,49,205,12,54,66,271
11/29/2012,MAF,TX,ASW,CE,Combined TRACON& Tower with Radar,25,36,67,24,152,0,4,28,2,34,25,40,95,26,186,0,0,0,186
11/30/2012,MAF,TX,ASW,CE,Combined TRACON& Tower with Radar,29,41,49,13,132,0,4,23,4,31,29,45,72,17,163,10,2,12,175
12/01/2012,MAF,TX,ASW,CE,Combined TRACON& Tower with Radar,17,20,22,9,68,0,2,39,4,45,17,22,61,13,113,24,8,32,145
12/02/2012,MAF,TX,ASW,CE,Combined TRACON& Tower with Radar,20,34,35,4,93,0,1,13,1,15,20,35,48,5,108,0,0,0,108
12/03/2012,MAF,TX,ASW,CE,Combined TRACON& Tower with Radar,26,32,42,36,136,0,4,23,8,35,26,36,65,44,171,0,0,0,171
12/04/2012,MAF,TX,ASW,CE,Combined TRACON& Tower with Radar,26,37,69,83,215,0,6,22,5,33,26,43,91,88,248,12,106,118,366
12/05/2012,MAF,TX,ASW,CE,Combined TRACON& Tower with Radar,28,41,73,40,182,0,4,35,1,40,28,45,108,41,222,27,111,138,360
12/06/2012,MAF,TX,ASW,CE,Combined TRACON& Tower with Radar,26,47,68,24,165,0,9,24,11,44,26,56,92,35,209,0,28,28,237
12/07/2012,MAF,TX,ASW,CE,Combined TRACON& Tower with Radar,25,43,49,40,157,0,4,21,6,31,25,47,70,46,188,14,144,158,346
12/08/2012,MAF,TX,ASW,CE,Combined TRACON& Tower with Radar,16,17,22,16,71,0,3,16,11,30,16,20,38,27,101,7,0,7,108
12/09/2012,MAF,TX,ASW,CE,Combined TRACON& Tower with Radar,23,24,26,11,84,0,2,5,2,9,23,26,31,13,93,0,0,0,93
12/10/2012,MAF,TX,ASW,CE,Combined TRACON& Tower with Radar,24,39,60,50,173,0,3,20,10,33,24,42,80,60,206,0,0,0,206
12/11/2012,MAF,TX,ASW,CE,Combined TRACON& Tower with Radar,26,41,53,18,138,0,4,23,2,29,26,45,76,20,167,16,36,52,219
12/12/2012,MAF,TX,ASW,CE,Combined TRACON& Tower with Radar,26,48,71,40,185,0,3,36,1,40,26,51,107,41,225,0,10,10,235
12/13/2012,MAF,TX,ASW,CE,Combined TRACON& Tower with Radar,25,48,58,21,152,0,2,24,2,28,25,50,82,23,180,0,38,38,218
12/14/2012,MAF,TX,ASW,CE,Combined TRACON& Tower with Radar,25,46,51,14,136,0,1,5,0,6,25,47,56,14,142,0,2,2,144
12/15/2012,MAF,TX,ASW,CE,Combined TRACON& Tower with Radar,17,21,31,2,71,0,1,17,0,18,17,22,48,2,89,14,0,14,103
12/16/2012,MAF,TX,ASW,CE,Combined TRACON& Tower with Radar,18,29,49,4,100,0,0,13,0,13,18,29,62,4,113,0,0,0,113
12/17/2012,MAF,TX,ASW,CE,Combined TRACON& Tower with Radar,24,32,55,30,141,0,4,27,2,33,24,36,82,32,174,0,0,0,174
12/18/2012,MAF,TX,ASW,CE,Combined TRACON& Tower with Radar,22,47,52,53,174,0,5,33,3,41,22,52,85,56,215,18,60,78,293
12/19/2012,MAF,TX,ASW,CE,Combined TRACON& Tower with Radar,27,52,50,21,150,0,3,13,1,17,27,55,63,22,167,0,76,76,243
12/20/2012,MAF,TX,ASW,CE,Combined TRACON& Tower with Radar,26,39,29,36,130,0,6,27,5,38,26,45,56,41,168,0,0,0,168
12/21/2012,MAF,TX,ASW,CE,Combined TRACON& Tower with Radar,24,44,39,10,117,0,5,20,0,25,24,49,59,10,142,20,0,20,162
12/22/2012,MAF,TX,ASW,CE,Combined TRACON& Tower with Radar,22,31,35,1,89,0,1,23,1,25,22,32,58,2,114,4,0,4,118
12/23/2012,MAF,TX,ASW,CE,Combined TRACON& Tower with Radar,17,32,33,1,83,0,0,16,2,18,17,32,49,3,101,0,0,0,101
12/24/2012,MAF,TX,ASW,CE,Combined TRACON& Tower with Radar,13,30,15,1,59,0,3,16,5,24,13,33,31,6,83,10,0,10,93
12/25/2012,MAF,TX,ASW,CE,Combined TRACON& Tower with Radar,12,23,4,0,39,0,0,7,0,7,12,23,11,0,46,0,0,0,46
12/26/2012,MAF,TX,ASW,CE,Combined TRACON& Tower with Radar,24,32,28,0,84,0,3,23,1,27,24,35,51,1,111,0,0,0,111
12/27/2012,MAF,TX,ASW,CE,Combined TRACON& Tower with Radar,26,43,40,6,115,0,3,26,0,29,26,46,66,6,144,0,0,0,144
12/28/2012,MAF,TX,ASW,CE,Combined TRACON& Tower with Radar,26,39,34,0,99,0,3,21,0,24,26,42,55,0,123,2,0,2,125
12/29/2012,MAF,TX,ASW,CE,Combined TRACON& Tower with Radar,14,27,24,1,66,0,3,17,1,21,14,30,41,2,87,0,0,0,87
12/30/2012,MAF,TX,ASW,CE,Combined TRACON& Tower with Radar,17,29,20,0,66,0,1,8,0,9,17,30,28,0,75,0,0,0,75
12/31/2012,MAF,TX,ASW,CE,Combined TRACON& Tower with Radar,15,30,10,1,56,0,6,8,0,14,15,36,18,1,70,0,0,0,70
01/01/2013,MAF,TX,ASW,CE,Combined TRACON& Tower with Radar,12,32,21,3,68,0,3,14,1,18,12,35,35,4,86,0,0,0,86
01/02/2013,MAF,TX,ASW,CE,Combined TRACON& Tower with Radar,22,39,40,6,107,0,3,25,0,28,22,42,65,6,135,0,20,20,155
01/03/2013,MAF,TX,ASW,CE,Combined TRACON& Tower with Radar,22,46,27,30,125,0,3,8,0,11,22,49,35,30,136,0,0,0,136
01/04/2013,MAF,TX,ASW,CE,Combined TRACON& Tower with Radar,22,55,32,16,125,0,0,5,0,5,22,55,37,16,130,0,4,4,134
01/05/2013,MAF,TX,ASW,CE,Combined TRACON& Tower with Radar,14,27,28,4,73,0,3,22,1,26,14,30,50,5,99,14,0,14,113
01/06/2013,MAF,TX,ASW,CE,Combined TRACON& Tower with Radar,19,29,39,15,102,0,4,29,7,40,19,33,68,22,142,23,0,23,165
01/07/2013,MAF,TX,ASW,CE,Combined TRACON& Tower with Radar,21,50,33,6,110,0,2,30,10,42,21,52,63,16,152,0,0,0,152
01/08/2013,MAF,TX,ASW,CE,Combined TRACON& Tower with Radar,20,47,42,3,112,0,0,0,0,0,20,47,42,3,112,0,0,0,112
01/09/2013,MAF,TX,ASW,CE,Combined TRACON& Tower with Radar,22,46,35,2,105,0,0,1,0,1,22,46,36,2,106,0,0,0,106
01/10/2013,MAF,TX,ASW,CE,Combined TRACON& Tower with Radar,22,59,68,37,186,0,2,20,3,25,22,61,88,40,211,0,58,58,269
01/11/2013,MAF,TX,ASW,CE,Combined TRACON& Tower with Radar,22,47,43,22,134,0,2,24,2,28,22,49,67,24,162,0,22,22,184
01/12/2013,MAF,TX,ASW,CE,Combined TRACON& Tower with Radar,12,22,17,1,52,0,0,17,1,18,12,22,34,2,70,0,0,0,70
01/13/2013,MAF,TX,ASW,CE,Combined TRACON& Tower with Radar,18,36,25,4,83,0,0,19,0,19,18,36,44,4,102,0,0,0,102
01/14/2013,MAF,TX,ASW,CE,Combined TRACON& Tower with Radar,19,38,38,38,133,0,3,20,3,26,19,41,58,41,159,0,0,0,159
01/15/2013,MAF,TX,ASW,CE,Combined TRACON& Tower with Radar,20,36,41,73,170,0,2,21,6,29,20,38,62,79,199,0,66,66,265
01/16/2013,MAF,TX,ASW,CE,Combined TRACON& Tower with Radar,19,37,64,67,187,0,6,19,6,31,19,43,83,73,218,0,76,76,294
01/17/2013,MAF,TX,ASW,CE,Combined TRACON& Tower with Radar,19,43,68,36,166,0,3,32,4,39,19,46,100,40,205,8,64,72,277
01/18/2013,MAF,TX,ASW,CE,Combined TRACON& Tower with Radar,19,39,54,44,156,0,5,20,11,36,19,44,74,55,192,0,34,34,226
01/19/2013,MAF,TX,ASW,CE,Combined TRACON& Tower with Radar,11,20,15,0,46,0,1,32,6,39,11,21,47,6,85,2,0,2,87
01/20/2013,MAF,TX,ASW,CE,Combined TRACON& Tower with Radar,18,21,19,0,58,0,2,10,3,15,18,23,29,3,73,0,0,0,73
01/21/2013,MAF,TX,ASW,CE,Combined TRACON& Tower with Radar,18,41,45,2,106,0,1,23,4,28,18,42,68,6,134,0,0,0,134
01/22/2013,MAF,TX,ASW,CE,Combined TRACON& Tower with Radar,20,47,53,25,145,0,3,23,2,28,20,50,76,27,173,0,2,2,175
01/23/2013,MAF,TX,ASW,CE,Combined TRACON& Tower with Radar,19,49,57,21,146,0,4,36,2,42,19,53,93,23,188,24,21,45,233
01/24/2013,MAF,TX,ASW,CE,Combined TRACON& Tower with Radar,23,46,58,82,209,0,5,23,4,32,23,51,81,86,241,0,84,84,325
01/25/2013,MAF,TX,ASW,CE,Combined TRACON& Tower with Radar,20,39,40,49,148,0,4,17,2,23,20,43,57,51,171,0,48,48,219
01/26/2013,MAF,TX,ASW,CE,Combined TRACON& Tower with Radar,12,20,29,8,69,0,0,15,4,19,12,20,44,12,88,0,0,0,88
01/27/2013,MAF,TX,ASW,CE,Combined TRACON& Tower with Radar,17,35,32,1,85,0,1,10,0,11,17,36,42,1,96,0,0,0,96
01/28/2013,MAF,TX,ASW,CE,Combined TRACON& Tower with Radar,19,38,42,64,163,0,2,14,0,16,19,40,56,64,179,8,94,102,281
01/29/2013,MAF,TX,ASW,CE,Combined TRACON& Tower with Radar,22,43,47,34,146,0,2,11,2,15,22,45,58,36,161,0,64,64,225
01/30/2013,MAF,TX,ASW,CE,Combined TRACON& Tower with Radar,20,42,53,87,202,0,5,32,7,44,20,47,85,94,246,1,22,23,269
01/31/2013,MAF,TX,ASW,CE,Combined TRACON& Tower with Radar,20,51,59,59,189,0,5,31,3,39,20,56,90,62,228,0,30,30,258
02/01/2013,MAF,TX,ASW,CE,Combined TRACON& Tower with Radar,20,57,35,29,141,0,6,26,5,37,20,63,61,34,178,0,40,40,218
02/02/2013,MAF,TX,ASW,CE,Combined TRACON& Tower with Radar,12,22,21,2,57,0,1,27,7,35,12,23,48,9,92,18,0,18,110
02/03/2013,MAF,TX,ASW,CE,Combined TRACON& Tower with Radar,17,38,24,4,83,0,1,5,9,15,17,39,29,13,98,0,0,0,98
02/04/2013,MAF,TX,ASW,CE,Combined TRACON& Tower with Radar,19,45,46,51,161,0,4,21,5,30,19,49,67,56,191,0,116,116,307
02/05/2013,MAF,TX,ASW,CE,Combined TRACON& Tower with Radar,20,36,60,35,151,0,4,33,2,39,20,40,93,37,190,12,80,92,282
02/06/2013,MAF,TX,ASW,CE,Combined TRACON& Tower with Radar,20,44,60,58,182,0,8,22,5,35,20,52,82,63,217,20,88,108,325
02/07/2013,MAF,TX,ASW,CE,Combined TRACON& Tower with Radar,19,44,57,20,140,0,4,22,3,29,19,48,79,23,169,4,36,40,209
02/08/2013,MAF,TX,ASW,CE,Combined TRACON& Tower with Radar,21,50,53,31,155,0,2,32,3,37,21,52,85,34,192,0,32,32,224
02/09/2013,MAF,TX,ASW,CE,Combined TRACON& Tower with Radar,8,20,8,4,40,0,1,7,1,9,8,21,15,5,49,6,2,8,57
02/10/2013,MAF,TX,ASW,CE,Combined TRACON& Tower with Radar,11,24,26,6,67,0,2,11,2,15,11,26,37,8,82,0,0,0,82
02/11/2013,MAF,TX,ASW,CE,Combined TRACON& Tower with Radar,16,38,38,28,120,0,8,21,5,34,16,46,59,33,154,2,92,94,248
02/12/2013,MAF,TX,ASW,CE,Combined TRACON& Tower with Radar,15,34,37,80,166,0,4,8,8,20,15,38,45,88,186,0,126,126,312
02/13/2013,MAF,TX,ASW,CE,Combined TRACON& Tower with Radar,21,46,67,31,165,0,3,25,1,29,21,49,92,32,194,0,81,81,275
02/14/2013,MAF,TX,ASW,CE,Combined TRACON& Tower with Radar,22,44,39,42,147,0,6,27,0,33,22,50,66,42,180,8,8,16,196
02/15/2013,MAF,TX,ASW,CE,Combined TRACON& Tower with Radar,22,46,55,26,149,0,6,19,0,25,22,52,74,26,174,26,10,36,210
02/16/2013,MAF,TX,ASW,CE,Combined TRACON& Tower with Radar,16,20,22,1,59,0,0,16,0,16,16,20,38,1,75,18,0,18,93
02/17/2013,MAF,TX,ASW,CE,Combined TRACON& Tower with Radar,15,33,32,3,83,0,4,22,0,26,15,37,54,3,109,0,0,0,109
02/18/2013,MAF,TX,ASW,CE,Combined TRACON& Tower with Radar,23,44,42,1,110,0,0,11,1,12,23,44,53,2,122,2,0,2,124
02/19/2013,MAF,TX,ASW,CE,Combined TRACON& Tower with Radar,22,47,48,16,133,0,4,19,1,24,22,51,67,17,157,14,12,26,183
02/20/2013,MAF,TX,ASW,CE,Combined TRACON& Tower with Radar,22,53,60,60,195,0,0,7,1,8,22,53,67,61,203,0,6,6,209
02/21/2013,MAF,TX,ASW,CE,Combined TRACON& Tower with Radar,22,48,59,73,202,0,4,25,2,31,22,52,84,75,233,4,46,50,283
02/22/2013,MAF,TX,ASW,CE,Combined TRACON& Tower with Radar,22,48,35,70,175,0,2,25,7,34,22,50,60,77,209,4,50,54,263
02/23/2013,MAF,TX,ASW,CE,Combined TRACON& Tower with Radar,16,27,22,1,66,0,1,18,1,20,16,28,40,2,86,26,0,26,112
02/24/2013,MAF,TX,ASW,CE,Combined TRACON& Tower with Radar,15,33,28,9,85,0,0,20,1,21,15,33,48,10,106,0,0,0,106
02/25/2013,MAF,TX,ASW,CE,Combined TRACON& Tower with Radar,22,39,37,3,101,0,1,0,0,1,22,40,37,3,102,0,0,0,102
02/26/2013,MAF,TX,ASW,CE,Combined TRACON& Tower with Radar,20,43,75,38,176,0,8,32,0,40,20,51,107,38,216,0,0,0,216
02/27/2013,MAF,TX,ASW,CE,Combined TRACON& Tower with Radar,21,54,51,43,169,0,5,24,3,32,21,59,75,46,201,0,78,78,279
02/28/2013,MAF,TX,ASW,CE,Combined TRACON& Tower with Radar,24,44,52,21,141,0,5,39,3,47,24,49,91,24,188,8,78,86,274
03/01/2013,MAF,TX,ASW,CE,Combined TRACON& Tower with Radar,22,45,58,28,153,0,4,34,4,42,22,49,92,32,195,26,43,69,264
03/02/2013,MAF,TX,ASW,CE,Combined TRACON& Tower with Radar,17,30,16,1,64,0,2,36,1,39,17,32,52,2,103,22,0,22,125
03/03/2013,MAF,TX,ASW,CE,Combined TRACON& Tower with Radar,14,36,28,4,82,0,1,23,5,29,14,37,51,9,111,0,0,0,111
03/04/2013,MAF,TX,ASW,CE,Combined TRACON& Tower with Radar,21,40,41,36,138,0,4,11,3,18,21,44,52,39,156,6,0,6,162
03/05/2013,MAF,TX,ASW,CE,Combined TRACON& Tower with Radar,24,50,61,42,177,0,3,21,4,28,24,53,82,46,205,0,94,94,299
03/06/2013,MAF,TX,ASW,CE,Combined TRACON& Tower with Radar,22,46,55,24,147,0,5,24,6,35,22,51,79,30,182,0,28,28,210
03/07/2013,MAF,TX,ASW,CE,Combined TRACON& Tower with Radar,25,51,45,36,157,0,8,22,10,40,25,59,67,46,197,12,41,53,250
03/08/2013,MAF,TX,ASW,CE,Combined TRACON& Tower with Radar,22,47,67,28,164,0,3,26,1,30,22,50,93,29,194,48,4,52,246
03/09/2013,MAF,TX,ASW,CE,Combined TRACON& Tower with Radar,11,36,34,14,95,0,3,13,0,16,11,39,47,14,111,2,8,10,121
03/10/2013,MAF,TX,ASW,CE,Combined TRACON& Tower with Radar,17,41,35,6,99,0,1,13,4,18,17,42,48,10,117,0,0,0,117
03/11/2013,MAF,TX,ASW,CE,Combined TRACON& Tower with Radar,23,42,42,64,171,0,4,33,2,39,23,46,75,66,210,8,36,44,254
03/12/2013,MAF,TX,ASW,CE,Combined TRACON& Tower with Radar,23,45,56,18,142,0,4,29,0,33,23,49,85,18,175,0,72,72,247
03/13/2013,MAF,TX,ASW,CE,Combined TRACON& Tower with Radar,22,51,51,60,184,0,5,35,2,42,22,56,86,62,226,0,101,101,327
03/14/2013,MAF,TX,ASW,CE,Combined TRACON& Tower with Radar,22,47,43,59,171,0,4,22,16,42,22,51,65,75,213,10,84,94,307
03/15/2013,MAF,TX,ASW,CE,Combined TRACON& Tower with Radar,24,41,46,29,140,0,5,28,3,36,24,46,74,32,176,40,0,40,216
03/16/2013,MAF,TX,ASW,CE,Combined TRACON& Tower with Radar,11,31,22,2,66,0,1,18,1,20,11,32,40,3,86,0,0,0,86
03/17/2013,MAF,TX,ASW,CE,Combined TRACON& Tower with Radar,17,41,42,2,102,0,4,24,0,28,17,45,66,2,130,0,0,0,130
03/18/2013,MAF,TX,ASW,CE,Combined TRACON& Tower with Radar,21,43,38,58,160,0,3,34,0,37,21,46,72,58,197,0,0,0,197
03/19/2013,MAF,TX,ASW,CE,Combined TRACON& Tower with Radar,22,50,30,47,149,0,3,32,1,36,22,53,62,48,185,0,46,46,231
03/20/2013,MAF,TX,ASW,CE,Combined TRACON& Tower with Radar,23,48,53,75,199,0,4,26,6,36,23,52,79,81,235,0,102,102,337
03/21/2013,MAF,TX,ASW,CE,Combined TRACON& Tower with Radar,22,42,52,36,152,0,4,17,1,22,22,46,69,37,174,0,84,84,258
03/22/2013,MAF,TX,ASW,CE,Combined TRACON& Tower with Radar,22,39,42,66,169,0,4,17,2,23,22,43,59,68,192,0,90,90,282
03/23/2013,MAF,TX,ASW,CE,Combined TRACON& Tower with Radar,12,27,17,9,65,0,0,29,2,31,12,27,46,11,96,14,4,18,114
03/24/2013,MAF,TX,ASW,CE,Combined TRACON& Tower with Radar,15,38,23,0,76,0,1,26,1,28,15,39,49,1,104,2,0,2,106
03/25/2013,MAF,TX,ASW,CE,Combined TRACON& Tower with Radar,20,40,34,61,155,0,5,25,1,31,20,45,59,62,186,6,70,76,262
03/26/2013,MAF,TX,ASW,CE,Combined TRACON& Tower with Radar,22,40,61,56,179,0,3,48,5,56,22,43,109,61,235,0,92,92,327
03/27/2013,MAF,TX,ASW,CE,Combined TRACON& Tower with Radar,22,45,51,32,150,0,3,35,3,41,22,48,86,35,191,48,32,80,271
03/28/2013,MAF,TX,ASW,CE,Combined TRACON& Tower with Radar,22,52,74,45,193,0,2,37,5,44,22,54,111,50,237,0,42,42,279
03/29/2013,MAF,TX,ASW,CE,Combined TRACON& Tower with Radar,22,49,53,43,167,0,1,21,6,28,22,50,74,49,195,8,48,56,251
03/30/2013,MAF,TX,ASW,CE,Combined TRACON& Tower with Radar,11,30,23,2,66,0,1,29,2,32,11,31,52,4,98,4,6,10,108
03/31/2013,MAF,TX,ASW,CE,Combined TRACON& Tower with Radar,16,39,29,0,84,0,0,12,0,12,16,39,41,0,96,0,0,0,96
04/01/2013,MAF,TX,ASW,CE,Combined TRACON& Tower with Radar,21,48,51,71,191,0,1,24,1,26,21,49,75,72,217,2,90,92,309
04/02/2013,MAF,TX,ASW,CE,Combined TRACON& Tower with Radar,22,46,59,20,147,0,0,6,0,6,22,46,65,20,153,0,0,0,153
04/03/2013,MAF,TX,ASW,CE,Combined TRACON& Tower with Radar,22,54,60,117,253,0,0,17,0,17,22,54,77,117,270,7,95,102,372
04/04/2013,MAF,TX,ASW,CE,Combined TRACON& Tower with Radar,22,54,86,26,188,0,3,34,0,37,22,57,120,26,225,6,92,98,323
04/05/2013,MAF,TX,ASW,CE,Combined TRACON& Tower with Radar,20,50,39,39,148,0,3,21,6,30,20,53,60,45,178,0,120,120,298
04/06/2013,MAF,TX,ASW,CE,Combined TRACON& Tower with Radar,11,29,26,3,69,0,2,25,4,31,11,31,51,7,100,41,0,41,141
04/07/2013,MAF,TX,ASW,CE,Combined TRACON& Tower with Radar,14,38,43,3,98,0,0,16,0,16,14,38,59,3,114,0,0,0,114
04/08/2013,MAF,TX,ASW,CE,Combined TRACON& Tower with Radar,20,44,36,37,137,0,1,26,3,30,20,45,62,40,167,8,88,96,263
04/09/2013,MAF,TX,ASW,CE,Combined TRACON& Tower with Radar,22,44,86,22,174,0,2,21,3,26,22,46,107,25,200,0,36,36,236
04/10/2013,MAF,TX,ASW,CE,Combined TRACON& Tower with Radar,24,41,60,77,202,0,1,25,3,29,24,42,85,80,231,4,199,203,434
04/11/2013,MAF,TX,ASW,CE,Combined TRACON& Tower with Radar,21,42,58,38,159,0,5,36,2,43,21,47,94,40,202,16,132,148,350
04/12/2013,MAF,TX,ASW,CE,Combined TRACON& Tower with Radar,22,50,65,47,184,0,3,35,4,42,22,53,100,51,226,14,138,152,378
04/13/2013,MAF,TX,ASW,CE,Combined TRACON& Tower with Radar,11,32,28,2,73,0,3,21,3,27,11,35,49,5,100,0,0,0,100
04/14/2013,MAF,TX,ASW,CE,Combined TRACON& Tower with Radar,16,39,28,2,85,0,0,10,1,11,16,39,38,3,96,0,0,0,96
04/15/2013,MAF,TX,ASW,CE,Combined TRACON& Tower with Radar,23,42,57,50,172,0,2,23,5,30,23,44,80,55,202,0,82,82,284
04/16/2013,MAF,TX,ASW,CE,Combined TRACON& Tower with Radar,22,41,55,29,147,0,2,32,1,35,22,43,87,30,182,0,0,0,182
04/17/2013,MAF,TX,ASW,CE,Combined TRACON& Tower with Radar,22,51,58,23,154,0,1,29,2,32,22,52,87,25,186,3,38,41,227
04/18/2013,MAF,TX,ASW,CE,Combined TRACON& Tower with Radar,22,53,64,31,170,0,2,29,1,32,22,55,93,32,202,10,56,66,268
04/19/2013,MAF,TX,ASW,CE,Combined TRACON& Tower with Radar,22,46,37,14,119,0,4,33,2,39,22,50,70,16,158,16,6,22,180
04/20/2013,MAF,TX,ASW,CE,Combined TRACON& Tower with Radar,11,31,23,3,68,0,1,5,4,10,11,32,28,7,78,0,0,0,78
04/21/2013,MAF,TX,ASW,CE,Combined TRACON& Tower with Radar,14,32,55,9,110,0,0,26,6,32,14,32,81,15,142,0,0,0,142
04/22/2013,MAF,TX,ASW,CE,Combined TRACON& Tower with Radar,21,47,50,43,161,0,2,11,2,15,21,49,61,45,176,8,42,50,226
04/23/2013,MAF,TX,ASW,CE,Combined TRACON& Tower with Radar,22,49,41,59,171,0,0,15,4,19,22,49,56,63,190,4,70,74,264
04/24/2013,MAF,TX,ASW,CE,Combined TRACON& Tower with Radar,21,43,67,90,221,0,3,27,6,36,21,46,94,96,257,2,110,112,369
04/25/2013,MAF,TX,ASW,CE,Combined TRACON& Tower with Radar,22,59,58,43,182,0,1,23,5,29,22,60,81,48,211,4,67,71,282
04/26/2013,MAF,TX,ASW,CE,Combined TRACON& Tower with Radar,22,56,45,55,178,0,2,26,4,32,22,58,71,59,210,26,34,60,270
04/27/2013,MAF,TX,ASW,CE,Combined TRACON& Tower with Radar,12,26,18,2,58,0,0,13,3,16,12,26,31,5,74,8,0,8,82
04/28/2013,MAF,TX,ASW,CE,Combined TRACON& Tower with Radar,16,36,32,1,85,0,0,10,1,11,16,36,42,2,96,0,0,0,96
04/29/2013,MAF,TX,ASW,CE,Combined TRACON& Tower with Radar,23,48,46,50,167,0,2,24,1,27,23,50,70,51,194,5,98,103,297
04/30/2013,MAF,TX,ASW,CE,Combined TRACON& Tower with Radar,23,46,59,45,173,0,2,28,0,30,23,48,87,45,203,2,80,82,285
05/01/2013,MAF,TX,ASW,CE,Combined TRACON& Tower with Radar,24,45,70,28,167,0,0,31,10,41,24,45,101,38,208,20,88,108,316
05/02/2013,MAF,TX,ASW,CE,Combined TRACON& Tower with Radar,22,52,55,36,165,0,0,5,2,7,22,52,60,38,172,0,90,90,262
05/03/2013,MAF,TX,ASW,CE,Combined TRACON& Tower with Radar,25,48,48,7,128,0,1,27,4,32,25,49,75,11,160,12,2,14,174
05/04/2013,MAF,TX,ASW,CE,Combined TRACON& Tower with Radar,11,31,27,1,70,0,2,26,1,29,11,33,53,2,99,17,0,17,116
05/05/2013,MAF,TX,ASW,CE,Combined TRACON& Tower with Radar,14,45,28,3,90,0,3,17,2,22,14,48,45,5,112,4,0,4,116
05/06/2013,MAF,TX,ASW,CE,Combined TRACON& Tower with Radar,25,42,57,49,173,0,1,19,7,27,25,43,76,56,200,18,54,72,272
05/07/2013,MAF,TX,ASW,CE,Combined TRACON& Tower with Radar,26,45,36,48,155,0,2,25,6,33,26,47,61,54,188,2,66,68,256
05/08/2013,MAF,TX,ASW,CE,Combined TRACON& Tower with Radar,24,45,64,39,172,0,1,21,1,23,24,46,85,40,195,2,94,96,291
05/09/2013,MAF,TX,ASW,CE,Combined TRACON& Tower with Radar,26,49,55,75,205,0,2,16,5,23,26,51,71,80,228,0,110,110,338
05/10/2013,MAF,TX,ASW,CE,Combined TRACON& Tower with Radar,24,47,48,46,165,0,2,19,2,23,24,49,67,48,188,2,96,98,286
05/11/2013,MAF,TX,ASW,CE,Combined TRACON& Tower with Radar,11,27,28,3,69,0,0,17,4,21,11,27,45,7,90,14,0,14,104
05/12/2013,MAF,TX,ASW,CE,Combined TRACON& Tower with Radar,16,37,35,3,91,0,1,18,0,19,16,38,53,3,110,0,0,0,110
05/13/2013,MAF,TX,ASW,CE,Combined TRACON& Tower with Radar,23,50,69,26,168,0,2,43,3,48,23,52,112,29,216,4,56,60,276
05/14/2013,MAF,TX,ASW,CE,Combined TRACON& Tower with Radar,24,41,73,44,182,0,6,30,5,41,24,47,103,49,223,10,82,92,315
05/15/2013,MAF,TX,ASW,CE,Combined TRACON& Tower with Radar,23,45,52,27,147,0,1,38,8,47,23,46,90,35,194,0,52,52,246
05/16/2013,MAF,TX,ASW,CE,Combined TRACON& Tower with Radar,26,60,97,17,200,0,3,19,2,24,26,63,116,19,224,8,37,45,269
05/17/2013,MAF,TX,ASW,CE,Combined TRACON& Tower with Radar,24,59,46,29,158,0,2,32,0,34,24,61,78,29,192,48,68,116,308
05/18/2013,MAF,TX,ASW,CE,Combined TRACON& Tower with Radar,11,28,24,2,65,0,0,10,4,14,11,28,34,6,79,0,0,0,79
05/19/2013,MAF,TX,ASW,CE,Combined TRACON& Tower with Radar,16,43,34,2,95,0,0,19,5,24,16,43,53,7,119,0,0,0,119
05/20/2013,MAF,TX,ASW,CE,Combined TRACON& Tower with Radar,23,43,49,18,133,0,4,20,4,28,23,47,69,22,161,0,62,62,223
05/21/2013,MAF,TX,ASW,CE,Combined TRACON& Tower with Radar,23,44,68,8,143,0,1,22,2,25,23,45,90,10,168,8,11,19,187
05/22/2013,MAF,TX,ASW,CE,Combined TRACON& Tower with Radar,24,52,58,33,167,0,7,30,2,39,24,59,88,35,206,8,42,50,256
05/23/2013,MAF,TX,ASW,CE,Combined TRACON& Tower with Radar,23,49,60,35,167,0,2,18,7,27,23,51,78,42,194,0,38,38,232
05/24/2013,MAF,TX,ASW,CE,Combined TRACON& Tower with Radar,25,49,57,3,134,0,2,26,3,31,25,51,83,6,165,0,0,0,165
05/25/2013,MAF,TX,ASW,CE,Combined TRACON& Tower with Radar,11,30,23,2,66,0,0,6,4,10,11,30,29,6,76,4,0,4,80
05/26/2013,MAF,TX,ASW,CE,Combined TRACON& Tower with Radar,14,26,12,1,53,0,1,6,0,7,14,27,18,1,60,0,0,0,60
05/27/2013,MAF,TX,ASW,CE,Combined TRACON& Tower with Radar,14,40,37,5,96,0,1,26,3,30,14,41,63,8,126,0,0,0,126
05/28/2013,MAF,TX,ASW,CE,Combined TRACON& Tower with Radar,23,46,57,51,177,0,1,14,2,17,23,47,71,53,194,0,80,80,274
05/29/2013,MAF,TX,ASW,CE,Combined TRACON& Tower with Radar,24,52,61,39,176,0,1,23,4,28,24,53,84,43,204,0,46,46,250
05/30/2013,MAF,TX,ASW,CE,Combined TRACON& Tower with Radar,26,54,49,38,167,0,1,29,2,32,26,55,78,40,199,8,64,72,271
05/31/2013,MAF,TX,ASW,CE,Combined TRACON& Tower with Radar,24,40,34,4,102,0,1,25,5,31,24,41,59,9,133,4,0,4,137
06/01/2013,MAF,TX,ASW,CE,Combined TRACON& Tower with Radar,11,33,23,1,68,0,0,18,1,19,11,33,41,2,87,8,0,8,95
06/02/2013,MAF,TX,ASW,CE,Combined TRACON& Tower with Radar,19,44,35,1,99,0,0,17,0,17,19,44,52,1,116,0,0,0,116
06/03/2013,MAF,TX,ASW,CE,Combined TRACON& Tower with Radar,23,43,40,26,132,0,3,21,2,26,23,46,61,28,158,0,6,6,164
06/04/2013,MAF,TX,ASW,CE,Combined TRACON& Tower with Radar,24,42,60,34,160,0,5,30,5,40,24,47,90,39,200,0,0,0,200
06/05/2013,MAF,TX,ASW,CE,Combined TRACON& Tower with Radar,26,56,69,58,209,0,5,33,9,47,26,61,102,67,256,22,98,120,376
06/06/2013,MAF,TX,ASW,CE,Combined TRACON& Tower with Radar,24,44,56,31,155,0,2,26,2,30,24,46,82,33,185,4,30,34,219
06/07/2013,MAF,TX,ASW,CE,Combined TRACON& Tower with Radar,20,53,31,14,118,0,3,18,3,24,20,56,49,17,142,0,4,4,146
06/08/2013,MAF,TX,ASW,CE,Combined TRACON& Tower with Radar,12,29,9,3,53,0,2,13,1,16,12,31,22,4,69,4,0,4,73
06/09/2013,MAF,TX,ASW,CE,Combined TRACON& Tower with Radar,21,40,38,1,100,0,0,22,2,24,21,40,60,3,124,0,0,0,124
06/10/2013,MAF,TX,ASW,CE,Combined TRACON& Tower with Radar,21,41,31,19,112,0,2,32,0,34,21,43,63,19,146,0,72,72,218
06/11/2013,MAF,TX,ASW,CE,Combined TRACON& Tower with Radar,22,45,49,36,152,0,2,28,7,37,22,47,77,43,189,18,96,114,303
06/12/2013,MAF,TX,ASW,CE,Combined TRACON& Tower with Radar,22,44,63,52,181,0,1,36,9,46,22,45,99,61,227,40,70,110,337
06/13/2013,MAF,TX,ASW,CE,Combined TRACON& Tower with Radar,22,48,69,11,150,0,1,16,1,18,22,49,85,12,168,8,6,14,182
06/14/2013,MAF,TX,ASW,CE,Combined TRACON& Tower with Radar,22,50,63,25,160,0,1,12,2,15,22,51,75,27,175,0,4,4,179
06/15/2013,MAF,TX,ASW,CE,Combined TRACON& Tower with Radar,12,34,22,2,70,0,0,15,2,17,12,34,37,4,87,8,0,8,95
06/16/2013,MAF,TX,ASW,CE,Combined TRACON& Tower with Radar,19,42,28,1,90,0,0,9,1,10,19,42,37,2,100,0,0,0,100
06/17/2013,MAF,TX,ASW,CE,Combined TRACON& Tower with Radar,20,43,54,13,130,0,1,16,1,18,20,44,70,14,148,6,20,26,174
06/18/2013,MAF,TX,ASW,CE,Combined TRACON& Tower with Radar,22,51,59,41,173,0,2,29,2,33,22,53,88,43,206,0,70,70,276
06/19/2013,MAF,TX,ASW,CE,Combined TRACON& Tower with Radar,21,53,75,27,176,0,2,29,2,33,21,55,104,29,209,16,54,70,279
06/20/2013,MAF,TX,ASW,CE,Combined TRACON& Tower with Radar,22,48,71,54,195,0,2,22,5,29,22,50,93,59,224,0,30,30,254
06/21/2013,MAF,TX,ASW,CE,Combined TRACON& Tower with Radar,22,49,47,40,158,0,2,25,8,35,22,51,72,48,193,9,156,165,358
06/22/2013,MAF,TX,ASW,CE,Combined TRACON& Tower with Radar,12,34,25,0,71,0,0,23,0,23,12,34,48,0,94,8,0,8,102
06/23/2013,MAF,TX,ASW,CE,Combined TRACON& Tower with Radar,21,45,38,0,104,0,2,18,0,20,21,47,56,0,124,0,0,0,124
06/24/2013,MAF,TX,ASW,CE,Combined TRACON& Tower with Radar,25,43,46,47,161,0,2,22,3,27,25,45,68,50,188,4,87,91,279
06/25/2013,MAF,TX,ASW,CE,Combined TRACON& Tower with Radar,21,49,59,14,143,0,2,31,3,36,21,51,90,17,179,10,28,38,217
06/26/2013,MAF,TX,ASW,CE,Combined TRACON& Tower with Radar,22,50,65,56,193,1,4,35,3,43,23,54,100,59,236,0,22,22,258
06/27/2013,MAF,TX,ASW,CE,Combined TRACON& Tower with Radar,22,48,60,22,152,0,4,28,5,37,22,52,88,27,189,12,10,22,211
06/28/2013,MAF,TX,ASW,CE,Combined TRACON& Tower with Radar,23,52,41,28,144,0,3,22,9,34,23,55,63,37,178,4,18,22,200
06/29/2013,MAF,TX,ASW,CE,Combined TRACON& Tower with Radar,11,42,22,0,75,0,2,17,0,19,11,44,39,0,94,0,0,0,94
06/30/2013,MAF,TX,ASW,CE,Combined TRACON& Tower with Radar,19,39,27,7,92,0,0,17,1,18,19,39,44,8,110,0,0,0,110
07/01/2013,MAF,TX,ASW,CE,Combined TRACON& Tower with Radar,22,54,38,22,136,0,2,27,4,33,22,56,65,26,169,12,0,12,181
07/02/2013,MAF,TX,ASW,CE,Combined TRACON& Tower with Radar,21,46,56,35,158,0,2,49,6,57,21,48,105,41,215,0,0,0,215
07/03/2013,MAF,TX,ASW,CE,Combined TRACON& Tower with Radar,22,45,70,31,168,0,2,35,1,38,22,47,105,32,206,6,66,72,278
07/04/2013,MAF,TX,ASW,CE,Combined TRACON& Tower with Radar,9,33,20,0,62,0,0,15,0,15,9,33,35,0,77,0,0,0,77
07/05/2013,MAF,TX,ASW,CE,Combined TRACON& Tower with Radar,17,44,17,1,79,0,2,16,0,18,17,46,33,1,97,0,0,0,97
07/06/2013,MAF,TX,ASW,CE,Combined TRACON& Tower with Radar,11,38,18,0,67,0,0,17,0,17,11,38,35,0,84,10,0,10,94
07/07/2013,MAF,TX,ASW,CE,Combined TRACON& Tower with Radar,20,41,69,3,133,0,0,18,1,19,20,41,87,4,152,0,0,0,152
07/08/2013,MAF,TX,ASW,CE,Combined TRACON& Tower with Radar,21,46,31,18,116,0,2,28,2,32,21,48,59,20,148,8,58,66,214
07/09/2013,MAF,TX,ASW,CE,Combined TRACON& Tower with Radar,22,46,59,45,172,0,4,23,8,35,22,50,82,53,207,0,142,142,349
07/10/2013,MAF,TX,ASW,CE,Combined TRACON& Tower with Radar,22,44,74,41,181,0,2,21,5,28,22,46,95,46,209,8,54,62,271
07/11/2013,MAF,TX,ASW,CE,Combined TRACON& Tower with Radar,22,40,59,34,155,0,2,27,4,33,22,42,86,38,188,48,52,100,288
07/12/2013,MAF,TX,ASW,CE,Combined TRACON& Tower with Radar,21,45,28,5,99,0,2,26,0,28,21,47,54,5,127,38,12,50,177
07/13/2013,MAF,TX,ASW,CE,Combined TRACON& Tower with Radar,13,31,17,5,66,0,2,17,1,20,13,33,34,6,86,0,0,0,86
07/14/2013,MAF,TX,ASW,CE,Combined TRACON& Tower with Radar,18,36,33,6,93,0,0,17,1,18,18,36,50,7,111,0,0,0,111
07/15/2013,MAF,TX,ASW,CE,Combined TRACON& Tower with Radar,21,51,30,41,143,0,0,4,0,4,21,51,34,41,147,0,4,4,151
07/16/2013,MAF,TX,ASW,CE,Combined TRACON& Tower with Radar,26,54,51,35,166,0,0,5,0,5,26,54,56,35,171,0,0,0,171
07/17/2013,MAF,TX,ASW,CE,Combined TRACON& Tower with Radar,22,46,41,22,131,0,0,6,0,6,22,46,47,22,137,0,0,0,137
07/18/2013,MAF,TX,ASW,CE,Combined TRACON& Tower with Radar,24,52,64,16,156,0,0,22,0,22,24,52,86,16,178,0,0,0,178
07/19/2013,MAF,TX,ASW,CE,Combined TRACON& Tower with Radar,22,46,46,4,118,0,2,25,2,29,22,48,71,6,147,18,18,36,183
07/20/2013,MAF,TX,ASW,CE,Combined TRACON& Tower with Radar,11,39,12,3,65,0,0,19,0,19,11,39,31,3,84,2,0,2,86
07/21/2013,MAF,TX,ASW,CE,Combined TRACON& Tower with Radar,22,37,44,2,105,0,1,16,4,21,22,38,60,6,126,0,0,0,126
07/22/2013,MAF,TX,ASW,CE,Combined TRACON& Tower with Radar,21,39,45,48,153,0,3,26,0,29,21,42,71,48,182,4,52,56,238
07/23/2013,MAF,TX,ASW,CE,Combined TRACON& Tower with Radar,22,43,60,48,173,0,3,22,0,25,22,46,82,48,198,22,60,82,280
07/24/2013,MAF,TX,ASW,CE,Combined TRACON& Tower with Radar,22,44,69,42,177,0,4,19,5,28,22,48,88,47,205,0,25,25,230
07/25/2013,MAF,TX,ASW,CE,Combined TRACON& Tower with Radar,22,54,67,50,193,0,2,45,11,58,22,56,112,61,251,32,101,133,384
07/26/2013,MAF,TX,ASW,CE,Combined TRACON& Tower with Radar,22,50,44,0,116,0,2,26,1,29,22,52,70,1,145,2,0,2,147
07/27/2013,MAF,TX,ASW,CE,Combined TRACON& Tower with Radar,15,31,26,2,74,0,1,15,2,18,15,32,41,4,92,24,0,24,116
07/28/2013,MAF,TX,ASW,CE,Combined TRACON& Tower with Radar,21,36,24,4,85,0,0,12,0,12,21,36,36,4,97,0,0,0,97
07/29/2013,MAF,TX,ASW,CE,Combined TRACON& Tower with Radar,21,43,27,35,126,0,1,8,12,21,21,44,35,47,147,0,52,52,199
07/30/2013,MAF,TX,ASW,CE,Combined TRACON& Tower with Radar,22,44,51,26,143,0,2,14,8,24,22,46,65,34,167,0,0,0,167
07/31/2013,MAF,TX,ASW,CE,Combined TRACON& Tower with Radar,23,48,61,27,159,0,4,37,4,45,23,52,98,31,204,8,6,14,218
08/01/2013,MAF,TX,ASW,CE,Combined TRACON& Tower with Radar,24,45,67,20,156,0,2,36,6,44,24,47,103,26,200,62,54,116,316
08/02/2013,MAF,TX,ASW,CE,Combined TRACON& Tower with Radar,22,45,39,7,113,0,2,20,3,25,22,47,59,10,138,14,0,14,152
08/03/2013,MAF,TX,ASW,CE,Combined TRACON& Tower with Radar,11,33,24,2,70,0,1,17,0,18,11,34,41,2,88,0,0,0,88
08/04/2013,MAF,TX,ASW,CE,Combined TRACON& Tower with Radar,20,43,29,5,97,0,2,17,1,20,20,45,46,6,117,0,0,0,117
08/05/2013,MAF,TX,ASW,CE,Combined TRACON& Tower with Radar,23,40,42,28,133,0,2,30,2,34,23,42,72,30,167,12,66,78,245
08/06/2013,MAF,TX,ASW,CE,Combined TRACON& Tower with Radar,22,44,38,43,147,0,2,30,0,32,22,46,68,43,179,4,50,54,233
08/07/2013,MAF,TX,ASW,CE,Combined TRACON& Tower with Radar,22,47,62,41,172,0,2,29,1,32,22,49,91,42,204,6,28,34,238
08/08/2013,MAF,TX,ASW,CE,Combined TRACON& Tower with Radar,24,44,42,21,131,0,2,31,8,41,24,46,73,29,172,4,24,28,200
08/09/2013,MAF,TX,ASW,CE,Combined TRACON& Tower with Radar,22,44,31,7,104,0,4,10,1,15,22,48,41,8,119,0,0,0,119
08/10/2013,MAF,TX,ASW,CE,Combined TRACON& Tower with Radar,11,32,33,1,77,0,0,29,0,29,11,32,62,1,106,16,0,16,122
08/11/2013,MAF,TX,ASW,CE,Combined TRACON& Tower with Radar,18,39,31,6,94,0,0,10,0,10,18,39,41,6,104,0,0,0,104
08/12/2013,MAF,TX,ASW,CE,Combined TRACON& Tower with Radar,20,44,43,37,144,0,5,18,1,24,20,49,61,38,168,10,84,94,262
08/13/2013,MAF,TX,ASW,CE,Combined TRACON& Tower with Radar,26,45,58,47,176,0,5,34,0,39,26,50,92,47,215,0,0,0,215
08/14/2013,MAF,TX,ASW,CE,Combined TRACON& Tower with Radar,21,46,74,39,180,0,2,29,3,34,21,48,103,42,214,0,46,46,260
08/15/2013,MAF,TX,ASW,CE,Combined TRACON& Tower with Radar,23,54,54,54,185,0,6,23,5,34,23,60,77,59,219,32,164,196,415
08/16/2013,MAF,TX,ASW,CE,Combined TRACON& Tower with Radar,22,47,51,3,123,0,3,27,2,32,22,50,78,5,155,8,0,8,163
08/17/2013,MAF,TX,ASW,CE,Combined TRACON& Tower with Radar,13,39,21,1,74,0,0,13,2,15,13,39,34,3,89,6,0,6,95
08/18/2013,MAF,TX,ASW,CE,Combined TRACON& Tower with Radar,18,39,36,1,94,0,2,19,1,22,18,41,55,2,116,0,0,0,116
08/19/2013,MAF,TX,ASW,CE,Combined TRACON& Tower with Radar,21,42,35,45,143,0,2,23,8,33,21,44,58,53,176,0,0,0,176
08/20/2013,MAF,TX,ASW,CE,Combined TRACON& Tower with Radar,23,38,71,21,153,0,3,18,3,24,23,41,89,24,177,0,52,52,229
08/21/2013,MAF,TX,ASW,CE,Combined TRACON& Tower with Radar,22,54,56,30,162,0,2,22,0,24,22,56,78,30,186,15,68,83,269
08/22/2013,MAF,TX,ASW,CE,Combined TRACON& Tower with Radar,22,47,67,87,223,0,2,16,11,29,22,49,83,98,252,12,144,156,408
08/23/2013,MAF,TX,ASW,CE,Combined TRACON& Tower with Radar,22,44,34,47,147,0,4,25,9,38,22,48,59,56,185,38,58,96,281
08/24/2013,MAF,TX,ASW,CE,Combined TRACON& Tower with Radar,13,34,15,6,68,0,0,22,6,28,13,34,37,12,96,14,0,14,110
08/25/2013,MAF,TX,ASW,CE,Combined TRACON& Tower with Radar,16,37,31,5,89,0,1,23,5,29,16,38,54,10,118,0,0,0,118
08/26/2013,MAF,TX,ASW,CE,Combined TRACON& Tower with Radar,21,40,36,46,143,0,2,15,8,25,21,42,51,54,168,0,82,82,250
08/27/2013,MAF,TX,ASW,CE,Combined TRACON& Tower with Radar,21,50,58,37,166,0,1,29,3,33,21,51,87,40,199,14,50,64,263
08/28/2013,MAF,TX,ASW,CE,Combined TRACON& Tower with Radar,22,47,63,12,144,0,2,38,3,43,22,49,101,15,187,8,20,28,215
08/29/2013,MAF,TX,ASW,CE,Combined TRACON& Tower with Radar,22,49,58,25,154,0,3,27,8,38,22,52,85,33,192,4,26,30,222
08/30/2013,MAF,TX,ASW,CE,Combined TRACON& Tower with Radar,22,53,57,33,165,0,2,43,5,50,22,55,100,38,215,0,8,8,223
08/31/2013,MAF,TX,ASW,CE,Combined TRACON& Tower with Radar,10,28,29,0,67,0,0,18,4,22,10,28,47,4,89,26,0,26,115
09/01/2013,MAF,TX,ASW,CE,Combined TRACON& Tower with Radar,10,31,25,0,66,0,2,12,3,17,10,33,37,3,83,0,0,0,83
09/02/2013,MAF,TX,ASW,CE,Combined TRACON& Tower with Radar,13,37,34,5,89,0,0,14,2,16,13,37,48,7,105,0,0,0,105
09/03/2013,MAF,TX,ASW,CE,Combined TRACON& Tower with Radar,21,42,47,90,200,0,4,32,9,45,21,46,79,99,245,21,124,145,390
09/04/2013,MAF,TX,ASW,CE,Combined TRACON& Tower with Radar,22,43,49,22,136,0,2,37,5,44,22,45,86,27,180,7,8,15,195
09/05/2013,MAF,TX,ASW,CE,Combined TRACON& Tower with Radar,22,46,62,65,195,0,3,30,3,36,22,49,92,68,231,0,75,75,306
09/06/2013,MAF,TX,ASW,CE,Combined TRACON& Tower with Radar,22,42,48,54,166,0,2,37,1,40,22,44,85,55,206,8,63,71,277
09/07/2013,MAF,TX,ASW,CE,Combined TRACON& Tower with Radar,13,36,32,12,93,0,0,28,6,34,13,36,60,18,127,38,12,50,177
09/08/2013,MAF,TX,ASW,CE,Combined TRACON& Tower with Radar,16,38,54,0,108,0,0,11,0,11,16,38,65,0,119,0,0,0,119
09/09/2013,MAF,TX,ASW,CE,Combined TRACON& Tower with Radar,23,45,55,47,170,0,1,11,3,15,23,46,66,50,185,6,20,26,211
09/10/2013,MAF,TX,ASW,CE,Combined TRACON& Tower with Radar,24,45,60,52,181,0,0,23,1,24,24,45,83,53,205,0,0,0,205
09/11/2013,MAF,TX,ASW,CE,Combined TRACON& Tower with Radar,22,53,79,39,193,0,0,23,0,23,22,53,102,39,216,4,26,30,246
09/12/2013,MAF,TX,ASW,CE,Combined TRACON& Tower with Radar,22,53,89,44,208,0,2,33,1,36,22,55,122,45,244,0,73,73,317
09/13/2013,MAF,TX,ASW,CE,Combined TRACON& Tower with Radar,24,53,57,79,213,0,2,26,3,31,24,55,83,82,244,0,104,104,348
09/14/2013,MAF,TX,ASW,CE,Combined TRACON& Tower with Radar,13,38,34,2,87,0,0,28,1,29,13,38,62,3,116,2,0,2,118
09/15/2013,MAF,TX,ASW,CE,Combined TRACON& Tower with Radar,18,41,50,3,112,0,3,19,1,23,18,44,69,4,135,0,0,0,135
09/16/2013,MAF,TX,ASW,CE,Combined TRACON& Tower with Radar,21,43,48,42,154,0,2,15,4,21,21,45,63,46,175,9,6,15,190
09/17/2013,MAF,TX,ASW,CE,Combined TRACON& Tower with Radar,22,59,54,86,221,0,1,24,3,28,22,60,78,89,249,5,34,39,288
09/18/2013,MAF,TX,ASW,CE,Combined TRACON& Tower with Radar,22,53,54,29,158,0,2,25,4,31,22,55,79,33,189,12,4,16,205
09/19/2013,MAF,TX,ASW,CE,Combined TRACON& Tower with Radar,22,50,61,5,138,0,0,8,0,8,22,50,69,5,146,0,0,0,146
09/20/2013,MAF,TX,ASW,CE,Combined TRACON& Tower with Radar,23,55,51,6,135,0,1,7,0,8,23,56,58,6,143,0,2,2,145
09/21/2013,MAF,TX,ASW,CE,Combined TRACON& Tower with Radar,13,34,40,3,90,0,2,21,2,25,13,36,61,5,115,27,0,27,142
09/22/2013,MAF,TX,ASW,CE,Combined TRACON& Tower with Radar,17,40,48,7,112,0,0,23,1,24,17,40,71,8,136,0,0,0,136
09/23/2013,MAF,TX,ASW,CE,Combined TRACON& Tower with Radar,21,40,44,26,131,0,4,45,2,51,21,44,89,28,182,8,82,90,272
09/24/2013,MAF,TX,ASW,CE,Combined TRACON& Tower with Radar,22,49,58,25,154,0,2,32,2,36,22,51,90,27,190,0,0,0,190
09/25/2013,MAF,TX,ASW,CE,Combined TRACON& Tower with Radar,22,50,69,55,196,0,5,50,12,67,22,55,119,67,263,0,0,0,263
09/26/2013,MAF,TX,ASW,CE,Combined TRACON& Tower with Radar,22,46,49,46,163,0,5,46,5,56,22,51,95,51,219,12,23,35,254
09/27/2013,MAF,TX,ASW,CE,Combined TRACON& Tower with Radar,22,42,64,47,175,0,1,22,10,33,22,43,86,57,208,10,149,159,367
09/28/2013,MAF,TX,ASW,CE,Combined TRACON& Tower with Radar,13,35,31,6,85,0,0,14,2,16,13,35,45,8,101,0,0,0,101
09/29/2013,MAF,TX,ASW,CE,Combined TRACON& Tower with Radar,24,39,35,3,101,0,0,17,2,19,24,39,52,5,120,0,0,0,120
09/30/2013,MAF,TX,ASW,CE,Combined TRACON& Tower with Radar,21,42,40,33,136,0,1,28,9,38,21,43,68,42,174,6,40,46,220
10/01/2013,MAF,TX,ASW,CE,Combined TRACON& Tower with Radar,20,48,55,27,150,0,4,35,5,44,20,52,90,32,194,6,68,74,268
10/02/2013,MAF,TX,ASW,CE,Combined TRACON& Tower with Radar,20,59,55,23,157,0,1,32,2,35,20,60,87,25,192,18,58,76,268
10/03/2013,MAF,TX,ASW,CE,Combined TRACON& Tower with Radar,20,52,62,56,190,0,1,35,1,37,20,53,97,57,227,15,47,62,289
10/04/2013,MAF,TX,ASW,CE,Combined TRACON& Tower with Radar,20,47,51,59,177,0,1,37,13,51,20,48,88,72,228,2,24,26,254
10/05/2013,MAF,TX,ASW,CE,Combined TRACON& Tower with Radar,14,32,21,1,68,0,0,9,1,10,14,32,30,2,78,2,0,2,80
10/06/2013,MAF,TX,ASW,CE,Combined TRACON& Tower with Radar,22,34,70,1,127,0,0,30,2,32,22,34,100,3,159,0,0,0,159
10/07/2013,MAF,TX,ASW,CE,Combined TRACON& Tower with Radar,20,43,55,26,144,0,3,19,5,27,20,46,74,31,171,1,34,35,206
10/08/2013,MAF,TX,ASW,CE,Combined TRACON& Tower with Radar,20,57,57,20,154,0,4,36,2,42,20,61,93,22,196,6,36,42,238
10/09/2013,MAF,TX,ASW,CE,Combined TRACON& Tower with Radar,20,48,60,32,160,0,5,43,3,51,20,53,103,35,211,7,34,41,252
10/10/2013,MAF,TX,ASW,CE,Combined TRACON& Tower with Radar,20,55,46,41,162,0,3,64,7,74,20,58,110,48,236,2,30,32,268
10/11/2013,MAF,TX,ASW,CE,Combined TRACON& Tower with Radar,19,49,49,9,126,0,9,53,3,65,19,58,102,12,191,4,0,4,195
10/12/2013,MAF,TX,ASW,CE,Combined TRACON& Tower with Radar,14,30,8,1,53,0,6,59,3,68,14,36,67,4,121,0,0,0,121
10/13/2013,MAF,TX,ASW,CE,Combined TRACON& Tower with Radar,25,44,26,3,98,0,0,5,0,5,25,44,31,3,103,0,0,0,103
10/14/2013,MAF,TX,ASW,CE,Combined TRACON& Tower with Radar,19,55,84,1,159,0,1,27,4,32,19,56,111,5,191,9,0,9,200
10/15/2013,MAF,TX,ASW,CE,Combined TRACON& Tower with Radar,19,52,90,41,202,0,0,8,0,8,19,52,98,41,210,0,82,82,292
10/16/2013,MAF,TX,ASW,CE,Combined TRACON& Tower with Radar,19,57,56,102,234,0,3,24,0,27,19,60,80,102,261,8,66,74,335
10/17/2013,MAF,TX,ASW,CE,Combined TRACON& Tower with Radar,19,65,60,26,170,0,4,36,0,40,19,69,96,26,210,6,8,14,224
10/18/2013,MAF,TX,ASW,CE,Combined TRACON& Tower with Radar,19,58,53,54,184,0,2,19,4,25,19,60,72,58,209,18,34,52,261
10/19/2013,MAF,TX,ASW,CE,Combined TRACON& Tower with Radar,14,33,39,8,94,0,0,45,0,45,14,33,84,8,139,16,0,16,155
10/20/2013,MAF,TX,ASW,CE,Combined TRACON& Tower with Radar,21,40,37,5,103,0,2,28,3,33,21,42,65,8,136,0,0,0,136
10/21/2013,MAF,TX,ASW,CE,Combined TRACON& Tower with Radar,19,45,42,103,209,0,2,29,0,31,19,47,71,103,240,6,108,114,354
10/22/2013,MAF,TX,ASW,CE,Combined TRACON& Tower with Radar,19,53,61,16,149,0,4,35,5,44,19,57,96,21,193,0,30,30,223
10/23/2013,MAF,TX,ASW,CE,Combined TRACON& Tower with Radar,19,47,55,31,152,0,6,30,4,40,19,53,85,35,192,0,0,0,192
10/24/2013,MAF,TX,ASW,CE,Combined TRACON& Tower with Radar,19,50,69,44,182,0,4,47,2,53,19,54,116,46,235,10,26,36,271
10/25/2013,MAF,TX,ASW,CE,Combined TRACON& Tower with Radar,20,47,43,38,148,0,5,28,2,35,20,52,71,40,183,2,16,18,201
10/26/2013,MAF,TX,ASW,CE,Combined TRACON& Tower with Radar,14,38,31,1,84,0,0,3,1,4,14,38,34,2,88,8,0,8,96
10/27/2013,MAF,TX,ASW,CE,Combined TRACON& Tower with Radar,28,39,51,2,120,0,0,14,3,17,28,39,65,5,137,0,0,0,137
10/28/2013,MAF,TX,ASW,CE,Combined TRACON& Tower with Radar,22,46,58,43,169,0,4,30,1,35,22,50,88,44,204,20,36,56,260
10/29/2013,MAF,TX,ASW,CE,Combined TRACON& Tower with Radar,20,51,60,36,167,0,2,16,7,25,20,53,76,43,192,6,6,12,204
10/30/2013,MAF,TX,ASW,CE,Combined TRACON& Tower with Radar,20,42,52,134,248,0,2,16,8,26,20,44,68,142,274,0,0,0,274
10/31/2013,MAF,TX,ASW,CE,Combined TRACON& Tower with Radar,22,54,31,23,130,0,3,20,5,28,22,57,51,28,158,0,42,42,200
11/01/2013,MAF,TX,ASW,CE,Combined TRACON& Tower with Radar,20,46,41,22,129,0,6,37,0,43,20,52,78,22,172,0,16,16,188
11/02/2013,MAF,TX,ASW,CE,Combined TRACON& Tower with Radar,14,33,28,3,78,0,0,15,2,17,14,33,43,5,95,4,0,4,99
11/03/2013,MAF,TX,ASW,CE,Combined TRACON& Tower with Radar,18,37,47,0,102,0,0,20,0,20,18,37,67,0,122,0,0,0,122
11/04/2013,MAF,TX,ASW,CE,Combined TRACON& Tower with Radar,20,48,38,59,165,0,3,17,0,20,20,51,55,59,185,18,116,134,319
11/05/2013,MAF,TX,ASW,CE,Combined TRACON& Tower with Radar,20,49,67,71,207,0,7,20,5,32,20,56,87,76,239,30,122,152,391
11/06/2013,MAF,TX,ASW,CE,Combined TRACON& Tower with Radar,23,49,74,58,204,0,3,35,7,45,23,52,109,65,249,22,76,98,347
11/07/2013,MAF,TX,ASW,CE,Combined TRACON& Tower with Radar,20,45,64,9,138,0,3,36,1,40,20,48,100,10,178,26,26,52,230
11/08/2013,MAF,TX,ASW,CE,Combined TRACON& Tower with Radar,22,50,68,5,145,0,2,28,2,32,22,52,96,7,177,16,26,42,219
11/09/2013,MAF,TX,ASW,CE,Combined TRACON& Tower with Radar,11,33,20,2,66,0,1,27,2,30,11,34,47,4,96,0,0,0,96
11/10/2013,MAF,TX,ASW,CE,Combined TRACON& Tower with Radar,18,36,39,3,96,0,4,12,1,17,18,40,51,4,113,0,0,0,113
11/11/2013,MAF,TX,ASW,CE,Combined TRACON& Tower with Radar,22,41,43,0,106,0,1,26,0,27,22,42,69,0,133,2,0,2,135
11/12/2013,MAF,TX,ASW,CE,Combined TRACON& Tower with Radar,20,48,57,26,151,0,3,12,0,15,20,51,69,26,166,0,0,0,166
11/13/2013,MAF,TX,ASW,CE,Combined TRACON& Tower with Radar,24,54,88,18,184,0,2,51,1,54,24,56,139,19,238,0,0,0,238
11/14/2013,MAF,TX,ASW,CE,Combined TRACON& Tower with Radar,20,66,67,35,188,0,3,35,3,41,20,69,102,38,229,0,5,5,234
11/15/2013,MAF,TX,ASW,CE,Combined TRACON& Tower with Radar,20,52,77,49,198,0,2,32,4,38,20,54,109,53,236,6,50,56,292
11/16/2013,MAF,TX,ASW,CE,Combined TRACON& Tower with Radar,12,36,21,24,93,0,0,18,3,21,12,36,39,27,114,14,38,52,166
11/17/2013,MAF,TX,ASW,CE,Combined TRACON& Tower with Radar,16,36,37,4,93,0,2,24,0,26,16,38,61,4,119,0,0,0,119
11/18/2013,MAF,TX,ASW,CE,Combined TRACON& Tower with Radar,20,43,38,45,146,0,3,22,7,32,20,46,60,52,178,0,88,88,266
11/19/2013,MAF,TX,ASW,CE,Combined TRACON& Tower with Radar,20,46,77,30,173,0,1,31,2,34,20,47,108,32,207,0,0,0,207
11/20/2013,MAF,TX,ASW,CE,Combined TRACON& Tower with Radar,22,49,89,50,210,0,2,36,0,38,22,51,125,50,248,30,18,48,296
11/21/2013,MAF,TX,ASW,CE,Combined TRACON& Tower with Radar,19,56,91,74,240,0,2,34,3,39,19,58,125,77,279,28,46,74,353
11/22/2013,MAF,TX,ASW,CE,Combined TRACON& Tower with Radar,21,37,35,0,93,0,0,1,0,1,21,37,36,0,94,0,0,0,94
11/23/2013,MAF,TX,ASW,CE,Combined TRACON& Tower with Radar,12,23,18,0,53,0,0,0,0,0,12,23,18,0,53,0,0,0,53
11/24/2013,MAF,TX,ASW,CE,Combined TRACON& Tower with Radar,16,11,3,0,30,0,0,2,0,2,16,11,5,0,32,0,0,0,32
11/25/2013,MAF,TX,ASW,CE,Combined TRACON& Tower with Radar,20,37,26,11,94,0,0,6,1,7,20,37,32,12,101,0,0,0,101
11/26/2013,MAF,TX,ASW,CE,Combined TRACON& Tower with Radar,22,51,49,23,145,0,3,24,6,33,22,54,73,29,178,0,6,6,184
11/27/2013,MAF,TX,ASW,CE,Combined TRACON& Tower with Radar,20,51,51,55,177,0,4,51,6,61,20,55,102,61,238,0,0,0,238
11/28/2013,MAF,TX,ASW,CE,Combined TRACON& Tower with Radar,8,29,16,0,53,0,2,13,0,15,8,31,29,0,68,0,0,0,68
11/29/2013,MAF,TX,ASW,CE,Combined TRACON& Tower with Radar,10,40,26,0,76,0,3,16,0,19,10,43,42,0,95,0,0,0,95
11/30/2013,MAF,TX,ASW,CE,Combined TRACON& Tower with Radar,16,40,38,1,95,0,0,33,1,34,16,40,71,2,129,30,0,30,159
12/01/2013,MAF,TX,ASW,CE,Combined TRACON& Tower with Radar,20,39,41,2,102,0,0,19,0,19,20,39,60,2,121,0,0,0,121
12/02/2013,MAF,TX,ASW,CE,Combined TRACON& Tower with Radar,20,52,45,27,144,0,5,17,9,31,20,57,62,36,175,4,74,78,253
12/03/2013,MAF,TX,ASW,CE,Combined TRACON& Tower with Radar,20,46,50,11,127,0,4,27,4,35,20,50,77,15,162,6,26,32,194
12/04/2013,MAF,TX,ASW,CE,Combined TRACON& Tower with Radar,23,57,77,79,236,0,3,23,13,39,23,60,100,92,275,0,102,102,377
12/05/2013,MAF,TX,ASW,CE,Combined TRACON& Tower with Radar,19,33,29,0,81,0,1,0,0,1,19,34,29,0,82,0,0,0,82
12/06/2013,MAF,TX,ASW,CE,Combined TRACON& Tower with Radar,12,23,17,0,52,0,0,1,0,1,12,23,18,0,53,0,0,0,53
12/07/2013,MAF,TX,ASW,CE,Combined TRACON& Tower with Radar,12,16,12,14,54,0,0,3,0,3,12,16,15,14,57,0,20,20,77
12/08/2013,MAF,TX,ASW,CE,Combined TRACON& Tower with Radar,19,28,34,4,85,0,2,16,0,18,19,30,50,4,103,0,0,0,103
12/09/2013,MAF,TX,ASW,CE,Combined TRACON& Tower with Radar,22,39,57,0,118,0,0,0,0,0,22,39,57,0,118,0,0,0,118
12/10/2013,MAF,TX,ASW,CE,Combined TRACON& Tower with Radar,21,51,77,34,183,0,0,23,3,26,21,51,100,37,209,0,16,16,225
12/11/2013,MAF,TX,ASW,CE,Combined TRACON& Tower with Radar,21,56,60,11,148,0,2,35,1,38,21,58,95,12,186,0,0,0,186
12/12/2013,MAF,TX,ASW,CE,Combined TRACON& Tower with Radar,20,54,54,23,151,0,2,24,4,30,20,56,78,27,181,46,14,60,241
12/13/2013,MAF,TX,ASW,CE,Combined TRACON& Tower with Radar,20,55,49,21,145,0,6,21,5,32,20,61,70,26,177,4,26,30,207
12/14/2013,MAF,TX,ASW,CE,Combined TRACON& Tower with Radar,12,31,21,9,73,0,0,17,2,19,12,31,38,11,92,32,0,32,124
12/15/2013,MAF,TX,ASW,CE,Combined TRACON& Tower with Radar,16,34,43,8,101,0,1,19,1,21,16,35,62,9,122,0,0,0,122
12/16/2013,MAF,TX,ASW,CE,Combined TRACON& Tower with Radar,20,51,57,49,177,0,3,28,4,35,20,54,85,53,212,24,8,32,244
12/17/2013,MAF,TX,ASW,CE,Combined TRACON& Tower with Radar,21,50,51,18,140,0,4,39,1,44,21,54,90,19,184,24,46,70,254
12/18/2013,MAF,TX,ASW,CE,Combined TRACON& Tower with Radar,19,58,55,42,174,0,7,33,6,46,19,65,88,48,220,0,6,6,226
12/19/2013,MAF,TX,ASW,CE,Combined TRACON& Tower with Radar,21,49,75,41,186,0,2,20,6,28,21,51,95,47,214,32,44,76,290
12/20/2013,MAF,TX,ASW,CE,Combined TRACON& Tower with Radar,19,49,58,1,127,0,0,4,0,4,19,49,62,1,131,0,0,0,131
12/21/2013,MAF,TX,ASW,CE,Combined TRACON& Tower with Radar,15,29,38,4,86,0,0,11,0,11,15,29,49,4,97,0,0,0,97
12/22/2013,MAF,TX,ASW,CE,Combined TRACON& Tower with Radar,18,32,25,0,75,0,0,14,0,14,18,32,39,0,89,0,0,0,89
12/23/2013,MAF,TX,ASW,CE,Combined TRACON& Tower with Radar,20,40,43,4,107,0,2,56,0,58,20,42,99,4,165,6,0,6,171
12/24/2013,MAF,TX,ASW,CE,Combined TRACON& Tower with Radar,12,37,12,0,61,2,2,21,0,25,14,39,33,0,86,0,0,0,86
12/25/2013,MAF,TX,ASW,CE,Combined TRACON& Tower with Radar,14,23,3,0,40,0,0,11,0,11,14,23,14,0,51,0,0,0,51
12/26/2013,MAF,TX,ASW,CE,Combined TRACON& Tower with Radar,20,39,43,8,110,0,3,33,0,36,20,42,76,8,146,22,8,30,176
12/27/2013,MAF,TX,ASW,CE,Combined TRACON& Tower with Radar,20,46,38,4,108,0,2,41,0,43,20,48,79,4,151,0,0,0,151
12/28/2013,MAF,TX,ASW,CE,Combined TRACON& Tower with Radar,18,31,25,0,74,0,1,16,0,17,18,32,41,0,91,6,0,6,97
12/29/2013,MAF,TX,ASW,CE,Combined TRACON& Tower with Radar,15,31,46,0,92,0,0,6,0,6,15,31,52,0,98,0,0,0,98
12/30/2013,MAF,TX,ASW,CE,Combined TRACON& Tower with Radar,20,37,41,0,98,0,3,31,1,35,20,40,72,1,133,8,0,8,141
12/31/2013,MAF,TX,ASW,CE,Combined TRACON& Tower with Radar,11,37,19,0,67,0,4,19,4,27,11,41,38,4,94,0,0,0,94
01/01/2014,MAF,TX,ASW,CE,Combined TRACON& Tower with Radar,11,38,36,0,85,0,2,17,2,21,11,40,53,2,106,18,0,18,124
01/02/2014,MAF,TX,ASW,CE,Combined TRACON& Tower with Radar,18,42,26,3,89,0,4,30,1,35,18,46,56,4,124,0,0,0,124
01/03/2014,MAF,TX,ASW,CE,Combined TRACON& Tower with Radar,19,42,30,8,99,0,2,35,6,43,19,44,65,14,142,4,32,36,178
01/04/2014,MAF,TX,ASW,CE,Combined TRACON& Tower with Radar,12,29,22,3,66,0,0,15,0,15,12,29,37,3,81,7,0,7,88
01/05/2014,MAF,TX,ASW,CE,Combined TRACON& Tower with Radar,18,32,33,1,84,0,2,31,0,33,18,34,64,1,117,0,0,0,117
01/06/2014,MAF,TX,ASW,CE,Combined TRACON& Tower with Radar,21,36,28,30,115,0,2,22,5,29,21,38,50,35,144,0,20,20,164
01/07/2014,MAF,TX,ASW,CE,Combined TRACON& Tower with Radar,22,54,59,25,160,0,6,19,3,28,22,60,78,28,188,10,12,22,210
01/08/2014,MAF,TX,ASW,CE,Combined TRACON& Tower with Radar,20,46,58,78,202,0,2,29,0,31,20,48,87,78,233,12,200,212,445
01/09/2014,MAF,TX,ASW,CE,Combined TRACON& Tower with Radar,24,52,57,43,176,0,4,28,9,41,24,56,85,52,217,8,100,108,325
01/10/2014,MAF,TX,ASW,CE,Combined TRACON& Tower with Radar,20,48,52,123,243,0,3,34,17,54,20,51,86,140,297,54,89,143,440
01/11/2014,MAF,TX,ASW,CE,Combined TRACON& Tower with Radar,12,28,44,2,86,0,3,35,1,39,12,31,79,3,125,0,0,0,125
01/12/2014,MAF,TX,ASW,CE,Combined TRACON& Tower with Radar,16,35,32,23,106,0,2,4,1,7,16,37,36,24,113,0,0,0,113
01/13/2014,MAF,TX,ASW,CE,Combined TRACON& Tower with Radar,20,43,44,8,115,0,5,26,1,32,20,48,70,9,147,0,0,0,147
01/14/2014,MAF,TX,ASW,CE,Combined TRACON& Tower with Radar,20,54,63,9,146,0,5,43,1,49,20,59,106,10,195,2,7,9,204
01/15/2014,MAF,TX,ASW,CE,Combined TRACON& Tower with Radar,20,48,64,49,181,0,3,31,2,36,20,51,95,51,217,12,30,42,259
01/16/2014,MAF,TX,ASW,CE,Combined TRACON& Tower with Radar,22,44,53,25,144,0,4,27,2,33,22,48,80,27,177,4,26,30,207
01/17/2014,MAF,TX,ASW,CE,Combined TRACON& Tower with Radar,21,47,56,37,161,0,7,24,12,43,21,54,80,49,204,2,6,8,212
01/18/2014,MAF,TX,ASW,CE,Combined TRACON& Tower with Radar,12,30,14,0,56,0,3,26,1,30,12,33,40,1,86,28,0,28,114
01/19/2014,MAF,TX,ASW,CE,Combined TRACON& Tower with Radar,20,36,25,5,86,0,0,15,0,15,20,36,40,5,101,0,0,0,101
01/20/2014,MAF,TX,ASW,CE,Combined TRACON& Tower with Radar,20,47,52,0,119,0,1,27,0,28,20,48,79,0,147,0,0,0,147
01/21/2014,MAF,TX,ASW,CE,Combined TRACON& Tower with Radar,20,48,65,48,181,0,5,41,13,59,20,53,106,61,240,0,88,88,328
01/22/2014,MAF,TX,ASW,CE,Combined TRACON& Tower with Radar,20,57,62,46,185,0,5,36,10,51,20,62,98,56,236,6,106,112,348
01/23/2014,MAF,TX,ASW,CE,Combined TRACON& Tower with Radar,21,55,60,45,181,0,2,8,0,10,21,57,68,45,191,44,36,80,271
01/24/2014,MAF,TX,ASW,CE,Combined TRACON& Tower with Radar,19,45,33,45,142,0,4,20,1,25,19,49,53,46,167,0,46,46,213
01/25/2014,MAF,TX,ASW,CE,Combined TRACON& Tower with Radar,12,31,12,0,55,0,1,14,0,15,12,32,26,0,70,24,0,24,94
01/26/2014,MAF,TX,ASW,CE,Combined TRACON& Tower with Radar,16,39,24,0,79,0,1,11,0,12,16,40,35,0,91,0,0,0,91
01/27/2014,MAF,TX,ASW,CE,Combined TRACON& Tower with Radar,20,47,29,39,135,0,3,10,9,22,20,50,39,48,157,0,6,6,163
01/28/2014,MAF,TX,ASW,CE,Combined TRACON& Tower with Radar,18,37,35,85,175,0,4,11,6,21,18,41,46,91,196,16,37,53,249
01/29/2014,MAF,TX,ASW,CE,Combined TRACON& Tower with Radar,20,49,59,54,182,0,3,36,3,42,20,52,95,57,224,10,106,116,340
01/30/2014,MAF,TX,ASW,CE,Combined TRACON& Tower with Radar,20,51,67,52,190,0,5,40,6,51,20,56,107,58,241,18,74,92,333
01/31/2014,MAF,TX,ASW,CE,Combined TRACON& Tower with Radar,20,50,64,44,178,0,2,26,9,37,20,52,90,53,215,2,76,78,293
02/01/2014,MAF,TX,ASW,CE,Combined TRACON& Tower with Radar,12,36,37,14,99,0,0,35,3,38,12,36,72,17,137,8,2,10,147
02/02/2014,MAF,TX,ASW,CE,Combined TRACON& Tower with Radar,18,22,17,2,59,0,0,3,0,3,18,22,20,2,62,0,0,0,62
02/03/2014,MAF,TX,ASW,CE,Combined TRACON& Tower with Radar,21,42,59,3,125,0,0,0,0,0,21,42,59,3,125,0,0,0,125
02/04/2014,MAF,TX,ASW,CE,Combined TRACON& Tower with Radar,21,45,71,35,172,0,1,14,0,15,21,46,85,35,187,20,10,30,217
02/05/2014,MAF,TX,ASW,CE,Combined TRACON& Tower with Radar,20,60,84,36,200,0,1,17,2,20,20,61,101,38,220,6,0,6,226
02/06/2014,MAF,TX,ASW,CE,Combined TRACON& Tower with Radar,20,39,46,2,107,0,0,9,0,9,20,39,55,2,116,0,0,0,116
02/07/2014,MAF,TX,ASW,CE,Combined TRACON& Tower with Radar,20,56,52,58,186,0,6,19,1,26,20,62,71,59,212,0,60,60,272
02/08/2014,MAF,TX,ASW,CE,Combined TRACON& Tower with Radar,12,34,33,2,81,0,4,40,1,45,12,38,73,3,126,52,0,52,178
02/09/2014,MAF,TX,ASW,CE,Combined TRACON& Tower with Radar,14,38,38,6,96,0,0,12,1,13,14,38,50,7,109,0,0,0,109
02/10/2014,MAF,TX,ASW,CE,Combined TRACON& Tower with Radar,21,41,47,10,119,0,0,1,0,1,21,41,48,10,120,0,0,0,120
02/11/2014,MAF,TX,ASW,CE,Combined TRACON& Tower with Radar,20,46,57,41,164,0,0,10,0,10,20,46,67,41,174,6,44,50,224
02/12/2014,MAF,TX,ASW,CE,Combined TRACON& Tower with Radar,20,45,51,44,160,0,5,30,2,37,20,50,81,46,197,0,47,47,244
02/13/2014,MAF,TX,ASW,CE,Combined TRACON& Tower with Radar,20,48,73,25,166,0,4,42,2,48,20,52,115,27,214,24,16,40,254
02/14/2014,MAF,TX,ASW,CE,Combined TRACON& Tower with Radar,20,50,50,21,141,0,5,20,8,33,20,55,70,29,174,0,38,38,212
02/15/2014,MAF,TX,ASW,CE,Combined TRACON& Tower with Radar,14,33,31,0,78,0,2,34,0,36,14,35,65,0,114,42,0,42,156
02/16/2014,MAF,TX,ASW,CE,Combined TRACON& Tower with Radar,16,35,32,1,84,0,0,26,2,28,16,35,58,3,112,0,0,0,112
02/17/2014,MAF,TX,ASW,CE,Combined TRACON& Tower with Radar,20,50,47,2,119,0,1,29,0,30,20,51,76,2,149,18,0,18,167
02/18/2014,MAF,TX,ASW,CE,Combined TRACON& Tower with Radar,20,58,58,42,178,0,6,30,6,42,20,64,88,48,220,20,58,78,298
02/19/2014,MAF,TX,ASW,CE,Combined TRACON& Tower with Radar,20,52,76,22,170,0,1,34,3,38,20,53,110,25,208,2,48,50,258
02/20/2014,MAF,TX,ASW,CE,Combined TRACON& Tower with Radar,20,55,75,37,187,0,3,19,4,26,20,58,94,41,213,10,96,106,319
02/21/2014,MAF,TX,ASW,CE,Combined TRACON& Tower with Radar,20,44,51,27,142,0,5,32,11,48,20,49,83,38,190,9,24,33,223
02/22/2014,MAF,TX,ASW,CE,Combined TRACON& Tower with Radar,14,34,19,13,80,0,0,44,1,45,14,34,63,14,125,4,0,4,129
02/23/2014,MAF,TX,ASW,CE,Combined TRACON& Tower with Radar,14,44,34,1,93,0,0,25,1,26,14,44,59,2,119,0,0,0,119
02/24/2014,MAF,TX,ASW,CE,Combined TRACON& Tower with Radar,20,47,51,75,193,0,1,25,4,30,20,48,76,79,223,10,78,88,311
02/25/2014,MAF,TX,ASW,CE,Combined TRACON& Tower with Radar,21,54,72,53,200,0,0,0,1,1,21,54,72,54,201,0,28,28,229
02/26/2014,MAF,TX,ASW,CE,Combined TRACON& Tower with Radar,19,49,49,36,153,0,2,33,5,40,19,51,82,41,193,14,42,56,249
02/27/2014,MAF,TX,ASW,CE,Combined TRACON& Tower with Radar,20,55,66,22,163,0,2,55,6,63,20,57,121,28,226,68,64,132,358
02/28/2014,MAF,TX,ASW,CE,Combined TRACON& Tower with Radar,21,58,45,68,192,0,5,31,13,49,21,63,76,81,241,8,110,118,359
03/01/2014,MAF,TX,ASW,CE,Combined TRACON& Tower with Radar,14,29,16,5,64,0,2,30,2,34,14,31,46,7,98,25,8,33,131
03/02/2014,MAF,TX,ASW,CE,Combined TRACON& Tower with Radar,15,36,40,9,100,0,1,6,1,8,15,37,46,10,108,0,0,0,108
03/03/2014,MAF,TX,ASW,CE,Combined TRACON& Tower with Radar,20,39,44,42,145,0,3,17,3,23,20,42,61,45,168,0,0,0,168
03/04/2014,MAF,TX,ASW,CE,Combined TRACON& Tower with Radar,17,50,49,67,183,0,2,25,4,31,17,52,74,71,214,10,94,104,318
03/05/2014,MAF,TX,ASW,CE,Combined TRACON& Tower with Radar,20,45,71,18,154,0,2,34,7,43,20,47,105,25,197,16,30,46,243
03/06/2014,MAF,TX,ASW,CE,Combined TRACON& Tower with Radar,20,54,59,31,164,0,2,36,0,38,20,56,95,31,202,18,62,80,282
03/07/2014,MAF,TX,ASW,CE,Combined TRACON& Tower with Radar,19,52,52,29,152,0,1,27,2,30,19,53,79,31,182,28,56,84,266
03/08/2014,MAF,TX,ASW,CE,Combined TRACON& Tower with Radar,10,38,35,0,83,0,0,19,0,19,10,38,54,0,102,18,0,18,120
03/09/2014,MAF,TX,ASW,CE,Combined TRACON& Tower with Radar,14,40,40,17,111,0,0,22,3,25,14,40,62,20,136,0,0,0,136
03/10/2014,MAF,TX,ASW,CE,Combined TRACON& Tower with Radar,19,48,50,40,157,0,2,16,1,19,19,50,66,41,176,0,0,0,176
03/11/2014,MAF,TX,ASW,CE,Combined TRACON& Tower with Radar,20,57,62,37,176,0,1,24,3,28,20,58,86,40,204,0,116,116,320
03/12/2014,MAF,TX,ASW,CE,Combined TRACON& Tower with Radar,21,57,62,14,154,0,4,33,7,44,21,61,95,21,198,0,46,46,244
03/13/2014,MAF,TX,ASW,CE,Combined TRACON& Tower with Radar,19,52,57,31,159,0,2,29,4,35,19,54,86,35,194,0,18,18,212
03/14/2014,MAF,TX,ASW,CE,Combined TRACON& Tower with Radar,20,55,59,64,198,0,2,29,10,41,20,57,88,74,239,10,40,50,289
03/15/2014,MAF,TX,ASW,CE,Combined TRACON& Tower with Radar,12,53,41,29,135,0,0,21,1,22,12,53,62,30,157,0,22,22,179
03/16/2014,MAF,TX,ASW,CE,Combined TRACON& Tower with Radar,15,42,43,4,104,0,1,12,2,15,15,43,55,6,119,0,4,4,123
03/17/2014,MAF,TX,ASW,CE,Combined TRACON& Tower with Radar,19,46,51,54,170,0,2,36,2,40,19,48,87,56,210,19,102,121,331
03/18/2014,MAF,TX,ASW,CE,Combined TRACON& Tower with Radar,19,53,61,29,162,0,3,26,4,33,19,56,87,33,195,5,22,27,222
03/19/2014,MAF,TX,ASW,CE,Combined TRACON& Tower with Radar,17,55,68,78,218,0,3,34,12,49,17,58,102,90,267,20,66,86,353
03/20/2014,MAF,TX,ASW,CE,Combined TRACON& Tower with Radar,17,54,66,59,196,0,7,51,15,73,17,61,117,74,269,34,52,86,355
03/21/2014,MAF,TX,ASW,CE,Combined TRACON& Tower with Radar,19,47,49,34,149,0,5,31,6,42,19,52,80,40,191,8,78,86,277
03/22/2014,MAF,TX,ASW,CE,Combined TRACON& Tower with Radar,10,34,28,9,81,0,1,31,1,33,10,35,59,10,114,46,0,46,160
03/23/2014,MAF,TX,ASW,CE,Combined TRACON& Tower with Radar,14,41,33,5,93,0,0,7,0,7,14,41,40,5,100,0,0,0,100
03/24/2014,MAF,TX,ASW,CE,Combined TRACON& Tower with Radar,19,47,39,18,123,0,3,11,0,14,19,50,50,18,137,8,44,52,189
03/25/2014,MAF,TX,ASW,CE,Combined TRACON& Tower with Radar,19,55,59,46,179,0,1,20,0,21,19,56,79,46,200,6,44,50,250
03/26/2014,MAF,TX,ASW,CE,Combined TRACON& Tower with Radar,21,50,63,97,231,0,3,18,11,32,21,53,81,108,263,10,98,108,371
03/27/2014,MAF,TX,ASW,CE,Combined TRACON& Tower with Radar,18,46,76,36,176,0,7,24,3,34,18,53,100,39,210,12,94,106,316
03/28/2014,MAF,TX,ASW,CE,Combined TRACON& Tower with Radar,20,44,47,36,147,0,7,24,10,41,20,51,71,46,188,8,70,78,266
03/29/2014,MAF,TX,ASW,CE,Combined TRACON& Tower with Radar,10,36,23,8,77,0,4,33,2,39,10,40,56,10,116,39,0,39,155
03/30/2014,MAF,TX,ASW,CE,Combined TRACON& Tower with Radar,16,40,31,0,87,0,2,29,2,33,16,42,60,2,120,0,0,0,120
03/31/2014,MAF,TX,ASW,CE,Combined TRACON& Tower with Radar,19,45,51,36,151,0,2,28,2,32,19,47,79,38,183,22,100,122,305
04/01/2014,MAF,TX,ASW,CE,Combined TRACON& Tower with Radar,19,54,74,49,196,0,2,25,5,32,19,56,99,54,228,0,78,78,306
04/02/2014,MAF,TX,ASW,CE,Combined TRACON& Tower with Radar,19,49,70,13,151,0,2,28,1,31,19,51,98,14,182,2,16,18,200
04/03/2014,MAF,TX,ASW,CE,Combined TRACON& Tower with Radar,22,46,58,28,154,11,3,19,3,36,33,49,77,31,190,16,0,16,206
04/04/2014,MAF,TX,ASW,CE,Combined TRACON& Tower with Radar,19,48,59,66,192,0,2,35,7,44,19,50,94,73,236,0,104,104,340
04/05/2014,MAF,TX,ASW,CE,Combined TRACON& Tower with Radar,11,28,58,3,100,0,0,11,2,13,11,28,69,5,113,0,50,50,163
04/06/2014,MAF,TX,ASW,CE,Combined TRACON& Tower with Radar,12,47,36,13,108,0,1,9,0,10,12,48,45,13,118,0,0,0,118
04/07/2014,MAF,TX,ASW,CE,Combined TRACON& Tower with Radar,21,43,45,31,140,0,3,20,5,28,21,46,65,36,168,18,130,148,316
04/08/2014,MAF,TX,ASW,CE,Combined TRACON& Tower with Radar,19,55,62,20,156,0,4,36,4,44,19,59,98,24,200,30,18,48,248
04/09/2014,MAF,TX,ASW,CE,Combined TRACON& Tower with Radar,20,51,70,58,199,0,4,40,0,44,20,55,110,58,243,8,128,136,379
04/10/2014,MAF,TX,ASW,CE,Combined TRACON& Tower with Radar,22,56,57,40,175,0,4,35,2,41,22,60,92,42,216,12,66,78,294
04/11/2014,MAF,TX,ASW,CE,Combined TRACON& Tower with Radar,22,48,46,30,146,0,7,31,4,42,22,55,77,34,188,26,12,38,226
04/12/2014,MAF,TX,ASW,CE,Combined TRACON& Tower with Radar,12,29,27,1,69,0,2,27,1,30,12,31,54,2,99,36,0,36,135
04/13/2014,MAF,TX,ASW,CE,Combined TRACON& Tower with Radar,20,41,49,1,111,0,0,14,1,15,20,41,63,2,126,0,0,0,126
04/14/2014,MAF,TX,ASW,CE,Combined TRACON& Tower with Radar,22,45,47,18,132,0,5,14,2,21,22,50,61,20,153,20,0,20,173
04/15/2014,MAF,TX,ASW,CE,Combined TRACON& Tower with Radar,20,55,68,17,160,0,2,41,1,44,20,57,109,18,204,20,14,34,238
04/16/2014,MAF,TX,ASW,CE,Combined TRACON& Tower with Radar,20,45,64,19,148,0,4,31,1,36,20,49,95,20,184,2,32,34,218
04/17/2014,MAF,TX,ASW,CE,Combined TRACON& Tower with Radar,20,46,67,18,151,0,2,25,1,28,20,48,92,19,179,12,30,42,221
04/18/2014,MAF,TX,ASW,CE,Combined TRACON& Tower with Radar,20,47,60,2,129,0,1,17,3,21,20,48,77,5,150,0,0,0,150
04/19/2014,MAF,TX,ASW,CE,Combined TRACON& Tower with Radar,12,26,20,1,59,0,0,11,2,13,12,26,31,3,72,17,0,17,89
04/20/2014,MAF,TX,ASW,CE,Combined TRACON& Tower with Radar,16,41,32,0,89,0,0,6,0,6,16,41,38,0,95,0,0,0,95
04/21/2014,MAF,TX,ASW,CE,Combined TRACON& Tower with Radar,20,36,72,54,182,0,4,14,2,20,20,40,86,56,202,0,0,0,202
04/22/2014,MAF,TX,ASW,CE,Combined TRACON& Tower with Radar,20,48,57,22,147,0,4,50,6,60,20,52,107,28,207,4,16,20,227
04/23/2014,MAF,TX,ASW,CE,Combined TRACON& Tower with Radar,20,47,64,19,150,0,8,28,3,39,20,55,92,22,189,0,0,0,189
04/24/2014,MAF,TX,ASW,CE,Combined TRACON& Tower with Radar,20,61,82,14,177,0,7,43,2,52,20,68,125,16,229,18,0,18,247
04/25/2014,MAF,TX,ASW,CE,Combined TRACON& Tower with Radar,20,47,41,44,152,0,5,45,1,51,20,52,86,45,203,0,96,96,299
04/26/2014,MAF,TX,ASW,CE,Combined TRACON& Tower with Radar,14,29,27,3,73,0,2,25,2,29,14,31,52,5,102,0,0,0,102
04/27/2014,MAF,TX,ASW,CE,Combined TRACON& Tower with Radar,18,35,35,0,88,0,1,9,0,10,18,36,44,0,98,10,0,10,108
04/28/2014,MAF,TX,ASW,CE,Combined TRACON& Tower with Radar,20,44,42,33,139,0,2,27,4,33,20,46,69,37,172,0,0,0,172
04/29/2014,MAF,TX,ASW,CE,Combined TRACON& Tower with Radar,19,47,77,24,167,0,2,24,0,26,19,49,101,24,193,24,64,88,281
04/30/2014,MAF,TX,ASW,CE,Combined TRACON& Tower with Radar,20,41,56,5,122,0,5,46,10,61,20,46,102,15,183,8,2,10,193
05/01/2014,MAF,TX,ASW,CE,Combined TRACON& Tower with Radar,20,43,83,44,190,0,2,38,5,45,20,45,121,49,235,0,52,52,287
05/02/2014,MAF,TX,ASW,CE,Combined TRACON& Tower with Radar,19,52,36,21,128,0,2,28,2,32,19,54,64,23,160,10,28,38,198
05/03/2014,MAF,TX,ASW,CE,Combined TRACON& Tower with Radar,12,27,24,7,70,0,1,21,3,25,12,28,45,10,95,0,0,0,95
05/04/2014,MAF,TX,ASW,CE,Combined TRACON& Tower with Radar,15,37,51,1,104,0,0,15,0,15,15,37,66,1,119,26,0,26,145
05/05/2014,MAF,TX,ASW,CE,Combined TRACON& Tower with Radar,19,47,49,28,143,0,6,19,6,31,19,53,68,34,174,0,0,0,174
05/06/2014,MAF,TX,ASW,CE,Combined TRACON& Tower with Radar,19,55,43,47,164,0,6,22,6,34,19,61,65,53,198,4,38,42,240
05/07/2014,MAF,TX,ASW,CE,Combined TRACON& Tower with Radar,20,48,71,44,183,0,1,22,1,24,20,49,93,45,207,0,42,42,249
05/08/2014,MAF,TX,ASW,CE,Combined TRACON& Tower with Radar,24,49,60,67,200,0,6,20,3,29,24,55,80,70,229,0,63,63,292
05/09/2014,MAF,TX,ASW,CE,Combined TRACON& Tower with Radar,20,37,66,4,127,0,2,26,2,30,20,39,92,6,157,28,16,44,201
05/10/2014,MAF,TX,ASW,CE,Combined TRACON& Tower with Radar,10,29,25,0,64,0,5,20,0,25,10,34,45,0,89,2,0,2,91
05/11/2014,MAF,TX,ASW,CE,Combined TRACON& Tower with Radar,18,32,42,2,94,0,0,23,0,23,18,32,65,2,117,0,0,0,117
05/12/2014,MAF,TX,ASW,CE,Combined TRACON& Tower with Radar,19,44,64,46,173,0,1,11,0,12,19,45,75,46,185,0,0,0,185
05/13/2014,MAF,TX,ASW,CE,Combined TRACON& Tower with Radar,24,46,74,10,154,0,3,6,0,9,24,49,80,10,163,0,0,0,163
05/14/2014,MAF,TX,ASW,CE,Combined TRACON& Tower with Radar,20,48,68,17,153,0,2,39,4,45,20,50,107,21,198,0,18,18,216
05/15/2014,MAF,TX,ASW,CE,Combined TRACON& Tower with Radar,20,50,83,9,162,0,2,58,2,62,20,52,141,11,224,51,0,51,275
05/16/2014,MAF,TX,ASW,CE,Combined TRACON& Tower with Radar,25,46,49,26,146,0,3,32,0,35,25,49,81,26,181,0,8,8,189
05/17/2014,MAF,TX,ASW,CE,Combined TRACON& Tower with Radar,10,30,41,0,81,0,1,17,4,22,10,31,58,4,103,3,0,3,106
05/18/2014,MAF,TX,ASW,CE,Combined TRACON& Tower with Radar,17,37,41,2,97,0,0,16,1,17,17,37,57,3,114,0,0,0,114
05/19/2014,MAF,TX,ASW,CE,Combined TRACON& Tower with Radar,22,47,51,34,154,0,5,19,3,27,22,52,70,37,181,6,48,54,235
05/20/2014,MAF,TX,ASW,CE,Combined TRACON& Tower with Radar,21,58,81,33,193,0,3,35,3,41,21,61,116,36,234,19,30,49,283
05/21/2014,MAF,TX,ASW,CE,Combined TRACON& Tower with Radar,21,56,86,30,193,0,2,28,5,35,21,58,114,35,228,6,44,50,278
05/22/2014,MAF,TX,ASW,CE,Combined TRACON& Tower with Radar,20,49,95,26,190,0,1,12,0,13,20,50,107,26,203,15,0,15,218
05/23/2014,MAF,TX,ASW,CE,Combined TRACON& Tower with Radar,21,61,54,2,138,0,1,14,2,17,21,62,68,4,155,0,0,0,155
05/24/2014,MAF,TX,ASW,CE,Combined TRACON& Tower with Radar,11,32,26,0,69,0,0,6,0,6,11,32,32,0,75,7,0,7,82
05/25/2014,MAF,TX,ASW,CE,Combined TRACON& Tower with Radar,11,31,25,0,67,0,0,9,1,10,11,31,34,1,77,0,0,0,77
05/26/2014,MAF,TX,ASW,CE,Combined TRACON& Tower with Radar,17,47,56,5,125,0,2,11,1,14,17,49,67,6,139,0,0,0,139
05/27/2014,MAF,TX,ASW,CE,Combined TRACON& Tower with Radar,20,39,71,19,149,0,3,23,4,30,20,42,94,23,179,4,28,32,211
05/28/2014,MAF,TX,ASW,CE,Combined TRACON& Tower with Radar,20,54,87,18,179,0,3,37,2,42,20,57,124,20,221,4,10,14,235
05/29/2014,MAF,TX,ASW,CE,Combined TRACON& Tower with Radar,20,58,64,60,202,0,5,47,7,59,20,63,111,67,261,6,10,16,277
05/30/2014,MAF,TX,ASW,CE,Combined TRACON& Tower with Radar,21,52,41,29,143,0,3,32,4,39,21,55,73,33,182,48,6,54,236
05/31/2014,MAF,TX,ASW,CE,Combined TRACON& Tower with Radar,10,31,27,3,71,0,0,25,3,28,10,31,52,6,99,20,0,20,119
06/01/2014,MAF,TX,ASW,CE,Combined TRACON& Tower with Radar,16,42,43,19,120,0,2,21,2,25,16,44,64,21,145,0,0,0,145
06/02/2014,MAF,TX,ASW,CE,Combined TRACON& Tower with Radar,20,45,39,30,134,0,2,21,2,25,20,47,60,32,159,10,78,88,247
06/03/2014,MAF,TX,ASW,CE,Combined TRACON& Tower with Radar,20,48,65,31,164,0,3,37,3,43,20,51,102,34,207,10,59,69,276
06/04/2014,MAF,TX,ASW,CE,Combined TRACON& Tower with Radar,20,49,87,23,179,0,4,44,4,52,20,53,131,27,231,4,10,14,245
06/05/2014,MAF,TX,ASW,CE,Combined TRACON& Tower with Radar,20,61,87,23,191,0,3,29,5,37,20,64,116,28,228,4,40,44,272
06/06/2014,MAF,TX,ASW,CE,Combined TRACON& Tower with Radar,21,50,60,23,154,0,3,26,0,29,21,53,86,23,183,4,36,40,223
06/07/2014,MAF,TX,ASW,CE,Combined TRACON& Tower with Radar,10,36,40,1,87,0,1,11,0,12,10,37,51,1,99,0,0,0,99
06/08/2014,MAF,TX,ASW,CE,Combined TRACON& Tower with Radar,20,47,72,2,141,0,0,10,0,10,20,47,82,2,151,0,0,0,151
06/09/2014,MAF,TX,ASW,CE,Combined TRACON& Tower with Radar,22,38,60,16,136,0,3,10,5,18,22,41,70,21,154,0,0,0,154
06/10/2014,MAF,TX,ASW,CE,Combined TRACON& Tower with Radar,25,54,66,20,165,0,6,25,5,36,25,60,91,25,201,43,58,101,302
06/11/2014,MAF,TX,ASW,CE,Combined TRACON& Tower with Radar,35,45,81,14,175,0,2,39,3,44,35,47,120,17,219,27,8,35,254
06/12/2014,MAF,TX,ASW,CE,Combined TRACON& Tower with Radar,31,40,73,27,171,0,2,33,2,37,31,42,106,29,208,2,134,136,344
06/13/2014,MAF,TX,ASW,CE,Combined TRACON& Tower with Radar,35,54,53,29,171,0,1,15,1,17,35,55,68,30,188,0,20,20,208
06/14/2014,MAF,TX,ASW,CE,Combined TRACON& Tower with Radar,19,24,25,11,79,0,0,20,0,20,19,24,45,11,99,6,0,6,105
06/15/2014,MAF,TX,ASW,CE,Combined TRACON& Tower with Radar,28,36,81,1,146,0,0,10,0,10,28,36,91,1,156,0,0,0,156
06/16/2014,MAF,TX,ASW,CE,Combined TRACON& Tower with Radar,36,37,51,38,162,0,2,14,1,17,36,39,65,39,179,0,0,0,179
06/17/2014,MAF,TX,ASW,CE,Combined TRACON& Tower with Radar,35,39,81,77,232,0,1,30,5,36,35,40,111,82,268,6,88,94,362
06/18/2014,MAF,TX,ASW,CE,Combined TRACON& Tower with Radar,33,39,46,49,167,0,1,14,1,16,33,40,60,50,183,30,6,36,219
06/19/2014,MAF,TX,ASW,CE,Combined TRACON& Tower with Radar,33,56,77,56,222,0,1,22,0,23,33,57,99,56,245,4,64,68,313
06/20/2014,MAF,TX,ASW,CE,Combined TRACON& Tower with Radar,34,39,57,13,143,0,1,25,0,26,34,40,82,13,169,20,62,82,251
06/21/2014,MAF,TX,ASW,CE,Combined TRACON& Tower with Radar,18,30,20,2,70,0,1,14,1,16,18,31,34,3,86,12,0,12,98
06/22/2014,MAF,TX,ASW,CE,Combined TRACON& Tower with Radar,29,35,35,0,99,0,3,5,0,8,29,38,40,0,107,0,0,0,107
06/23/2014,MAF,TX,ASW,CE,Combined TRACON& Tower with Radar,31,41,49,79,200,0,1,8,0,9,31,42,57,79,209,0,0,0,209
06/24/2014,MAF,TX,ASW,CE,Combined TRACON& Tower with Radar,29,34,48,90,201,0,1,23,10,34,29,35,71,100,235,0,114,114,349
06/25/2014,MAF,TX,ASW,CE,Combined TRACON& Tower with Radar,29,46,77,45,197,0,0,10,0,10,29,46,87,45,207,0,88,88,295
06/26/2014,MAF,TX,ASW,CE,Combined TRACON& Tower with Radar,30,57,73,30,190,0,1,25,2,28,30,58,98,32,218,12,26,38,256
06/27/2014,MAF,TX,ASW,CE,Combined TRACON& Tower with Radar,34,34,53,29,150,0,2,26,8,36,34,36,79,37,186,12,40,52,238
06/28/2014,MAF,TX,ASW,CE,Combined TRACON& Tower with Radar,18,25,25,3,71,0,0,28,4,32,18,25,53,7,103,16,3,19,122
06/29/2014,MAF,TX,ASW,CE,Combined TRACON& Tower with Radar,27,32,38,18,115,0,1,12,2,15,27,33,50,20,130,2,16,18,148
06/30/2014,MAF,TX,ASW,CE,Combined TRACON& Tower with Radar,30,35,40,34,139,0,4,33,0,37,30,39,73,34,176,0,0,0,176
07/01/2014,MAF,TX,ASW,CE,Combined TRACON& Tower with Radar,32,47,74,17,170,0,2,28,5,35,32,49,102,22,205,14,4,18,223
07/02/2014,MAF,TX,ASW,CE,Combined TRACON& Tower with Radar,32,43,64,35,174,0,4,29,2,35,32,47,93,37,209,0,42,42,251
07/03/2014,MAF,TX,ASW,CE,Combined TRACON& Tower with Radar,31,48,62,24,165,0,3,12,9,24,31,51,74,33,189,0,0,0,189
07/04/2014,MAF,TX,ASW,CE,Combined TRACON& Tower with Radar,16,21,5,3,45,0,1,13,4,18,16,22,18,7,63,0,0,0,63
07/05/2014,MAF,TX,ASW,CE,Combined TRACON& Tower with Radar,18,24,21,0,63,0,0,5,1,6,18,24,26,1,69,2,0,2,71
07/06/2014,MAF,TX,ASW,CE,Combined TRACON& Tower with Radar,30,29,54,4,117,0,1,14,0,15,30,30,68,4,132,0,6,6,138
07/07/2014,MAF,TX,ASW,CE,Combined TRACON& Tower with Radar,32,37,57,2,128,0,3,18,1,22,32,40,75,3,150,22,0,22,172
07/08/2014,MAF,TX,ASW,CE,Combined TRACON& Tower with Radar,34,41,73,74,222,0,6,19,6,31,34,47,92,80,253,0,106,106,359
07/09/2014,MAF,TX,ASW,CE,Combined TRACON& Tower with Radar,33,50,63,33,179,0,4,15,6,25,33,54,78,39,204,6,102,108,312
07/10/2014,MAF,TX,ASW,CE,Combined TRACON& Tower with Radar,31,44,84,58,217,0,4,18,8,30,31,48,102,66,247,2,92,94,341
07/11/2014,MAF,TX,ASW,CE,Combined TRACON& Tower with Radar,33,45,51,16,145,0,3,23,8,34,33,48,74,24,179,0,20,20,199
07/12/2014,MAF,TX,ASW,CE,Combined TRACON& Tower with Radar,18,22,38,1,79,0,1,14,5,20,18,23,52,6,99,11,0,11,110
07/13/2014,MAF,TX,ASW,CE,Combined TRACON& Tower with Radar,30,33,45,14,122,0,1,16,2,19,30,34,61,16,141,22,4,26,167
07/14/2014,MAF,TX,ASW,CE,Combined TRACON& Tower with Radar,28,35,37,63,163,0,5,21,3,29,28,40,58,66,192,2,122,124,316
07/15/2014,MAF,TX,ASW,CE,Combined TRACON& Tower with Radar,31,35,73,5,144,0,2,16,0,18,31,37,89,5,162,2,34,36,198
07/16/2014,MAF,TX,ASW,CE,Combined TRACON& Tower with Radar,33,47,65,47,192,0,2,34,7,43,33,49,99,54,235,14,98,112,347
07/17/2014,MAF,TX,ASW,CE,Combined TRACON& Tower with Radar,27,29,69,34,159,0,0,16,6,22,27,29,85,40,181,26,14,40,221
07/18/2014,MAF,TX,ASW,CE,Combined TRACON& Tower with Radar,33,39,60,47,179,0,0,14,5,19,33,39,74,52,198,0,6,6,204
07/19/2014,MAF,TX,ASW,CE,Combined TRACON& Tower with Radar,20,23,30,6,79,0,0,11,4,15,20,23,41,10,94,0,0,0,94
07/20/2014,MAF,TX,ASW,CE,Combined TRACON& Tower with Radar,28,32,53,0,113,0,0,19,3,22,28,32,72,3,135,20,0,20,155
07/21/2014,MAF,TX,ASW,CE,Combined TRACON& Tower with Radar,32,43,53,23,151,0,3,22,6,31,32,46,75,29,182,4,54,58,240
07/22/2014,MAF,TX,ASW,CE,Combined TRACON& Tower with Radar,32,45,71,34,182,0,2,20,3,25,32,47,91,37,207,36,70,106,313
07/23/2014,MAF,TX,ASW,CE,Combined TRACON& Tower with Radar,31,43,67,41,182,0,3,27,4,34,31,46,94,45,216,4,64,68,284
07/24/2014,MAF,TX,ASW,CE,Combined TRACON& Tower with Radar,31,43,66,33,173,0,4,32,7,43,31,47,98,40,216,16,6,22,238
07/25/2014,MAF,TX,ASW,CE,Combined TRACON& Tower with Radar,32,39,41,47,159,0,2,23,7,32,32,41,64,54,191,16,80,96,287
07/26/2014,MAF,TX,ASW,CE,Combined TRACON& Tower with Radar,17,27,27,0,71,0,0,20,3,23,17,27,47,3,94,12,0,12,106
07/27/2014,MAF,TX,ASW,CE,Combined TRACON& Tower with Radar,27,35,41,7,110,0,0,26,5,31,27,35,67,12,141,2,0,2,143
07/28/2014,MAF,TX,ASW,CE,Combined TRACON& Tower with Radar,31,35,50,46,162,0,2,25,3,30,31,37,75,49,192,8,27,35,227
07/29/2014,MAF,TX,ASW,CE,Combined TRACON& Tower with Radar,32,42,69,85,228,0,4,24,4,32,32,46,93,89,260,14,68,82,342
07/30/2014,MAF,TX,ASW,CE,Combined TRACON& Tower with Radar,32,43,78,10,163,0,2,21,0,23,32,45,99,10,186,12,4,16,202
07/31/2014,MAF,TX,ASW,CE,Combined TRACON& Tower with Radar,30,49,77,22,178,0,1,15,6,22,30,50,92,28,200,0,98,98,298
08/01/2014,MAF,TX,ASW,CE,Combined TRACON& Tower with Radar,33,41,40,25,139,0,2,8,10,20,33,43,48,35,159,6,52,58,217
08/02/2014,MAF,TX,ASW,CE,Combined TRACON& Tower with Radar,17,23,20,2,62,0,0,19,4,23,17,23,39,6,85,2,0,2,87
08/03/2014,MAF,TX,ASW,CE,Combined TRACON& Tower with Radar,30,30,37,0,97,0,1,17,5,23,30,31,54,5,120,0,0,0,120
08/04/2014,MAF,TX,ASW,CE,Combined TRACON& Tower with Radar,32,33,73,35,173,0,2,24,1,27,32,35,97,36,200,0,114,114,314
08/05/2014,MAF,TX,ASW,CE,Combined TRACON& Tower with Radar,32,41,62,34,169,0,2,22,7,31,32,43,84,41,200,28,72,100,300
08/06/2014,MAF,TX,ASW,CE,Combined TRACON& Tower with Radar,31,43,80,53,207,0,3,24,6,33,31,46,104,59,240,6,40,46,286
08/07/2014,MAF,TX,ASW,CE,Combined TRACON& Tower with Radar,31,43,50,29,153,0,2,31,9,42,31,45,81,38,195,0,128,128,323
08/08/2014,MAF,TX,ASW,CE,Combined TRACON& Tower with Radar,28,46,66,30,170,0,2,7,0,9,28,48,73,30,179,0,75,75,254
08/09/2014,MAF,TX,ASW,CE,Combined TRACON& Tower with Radar,18,25,30,2,75,0,0,22,0,22,18,25,52,2,97,24,0,24,121
08/10/2014,MAF,TX,ASW,CE,Combined TRACON& Tower with Radar,24,31,40,5,100,0,0,23,8,31,24,31,63,13,131,36,22,58,189
08/11/2014,MAF,TX,ASW,CE,Combined TRACON& Tower with Radar,32,38,47,15,132,0,1,17,2,20,32,39,64,17,152,16,22,38,190
08/12/2014,MAF,TX,ASW,CE,Combined TRACON& Tower with Radar,32,35,59,19,145,0,2,24,8,34,32,37,83,27,179,10,0,10,189
08/13/2014,MAF,TX,ASW,CE,Combined TRACON& Tower with Radar,32,41,83,50,206,0,3,32,6,41,32,44,115,56,247,20,12,32,279
08/14/2014,MAF,TX,ASW,CE,Combined TRACON& Tower with Radar,32,46,67,24,169,0,3,22,10,35,32,49,89,34,204,38,0,38,242
08/15/2014,MAF,TX,ASW,CE,Combined TRACON& Tower with Radar,31,45,49,32,157,0,2,21,4,27,31,47,70,36,184,0,60,60,244
08/16/2014,MAF,TX,ASW,CE,Combined TRACON& Tower with Radar,22,22,30,1,75,0,0,20,0,20,22,22,50,1,95,0,0,0,95
08/17/2014,MAF,TX,ASW,CE,Combined TRACON& Tower with Radar,28,29,38,9,104,0,0,12,2,14,28,29,50,11,118,4,0,4,122
08/18/2014,MAF,TX,ASW,CE,Combined TRACON& Tower with Radar,34,40,42,76,192,2,1,8,9,20,36,41,50,85,212,22,150,172,384
08/19/2014,MAF,TX,ASW,CE,Combined TRACON& Tower with Radar,34,37,54,77,202,0,2,13,9,24,34,39,67,86,226,4,16,20,246
08/20/2014,MAF,TX,ASW,CE,Combined TRACON& Tower with Radar,33,36,63,74,206,0,5,23,7,35,33,41,86,81,241,16,88,104,345
08/21/2014,MAF,TX,ASW,CE,Combined TRACON& Tower with Radar,31,56,71,53,211,0,2,24,6,32,31,58,95,59,243,32,0,32,275
08/22/2014,MAF,TX,ASW,CE,Combined TRACON& Tower with Radar,31,42,45,50,168,0,3,31,7,41,31,45,76,57,209,4,32,36,245
08/23/2014,MAF,TX,ASW,CE,Combined TRACON& Tower with Radar,24,21,15,5,65,0,0,30,2,32,24,21,45,7,97,0,0,0,97
08/24/2014,MAF,TX,ASW,CE,Combined TRACON& Tower with Radar,27,43,53,2,125,0,0,9,0,9,27,43,62,2,134,12,0,12,146
08/25/2014,MAF,TX,ASW,CE,Combined TRACON& Tower with Radar,29,36,54,45,164,0,6,17,7,30,29,42,71,52,194,1,64,65,259
08/26/2014,MAF,TX,ASW,CE,Combined TRACON& Tower with Radar,33,43,73,90,239,0,6,37,8,51,33,49,110,98,290,26,142,168,458
08/27/2014,MAF,TX,ASW,CE,Combined TRACON& Tower with Radar,34,33,67,80,214,0,4,32,15,51,34,37,99,95,265,0,98,98,363
08/28/2014,MAF,TX,ASW,CE,Combined TRACON& Tower with Radar,36,35,81,26,178,0,4,27,2,33,36,39,108,28,211,30,6,36,247
08/29/2014,MAF,TX,ASW,CE,Combined TRACON& Tower with Radar,36,34,75,49,194,0,4,17,18,39,36,38,92,67,233,2,36,38,271
08/30/2014,MAF,TX,ASW,CE,Combined TRACON& Tower with Radar,17,18,27,8,70,0,2,18,9,29,17,20,45,17,99,14,0,14,113
08/31/2014,MAF,TX,ASW,CE,Combined TRACON& Tower with Radar,16,18,17,0,51,0,3,9,0,12,16,21,26,0,63,0,0,0,63
09/01/2014,MAF,TX,ASW,CE,Combined TRACON& Tower with Radar,31,25,57,0,113,0,1,14,4,19,31,26,71,4,132,24,0,24,156
09/02/2014,MAF,TX,ASW,CE,Combined TRACON& Tower with Radar,35,35,42,52,164,0,2,11,13,26,35,37,53,65,190,6,110,116,306
09/03/2014,MAF,TX,ASW,CE,Combined TRACON& Tower with Radar,30,43,70,18,161,0,3,20,8,31,30,46,90,26,192,6,40,46,238
09/04/2014,MAF,TX,ASW,CE,Combined TRACON& Tower with Radar,32,43,66,43,184,0,1,12,2,15,32,44,78,45,199,6,86,92,291
09/05/2014,MAF,TX,ASW,CE,Combined TRACON& Tower with Radar,33,44,58,38,173,0,1,8,1,10,33,45,66,39,183,16,20,36,219
09/06/2014,MAF,TX,ASW,CE,Combined TRACON& Tower with Radar,21,23,24,0,68,0,0,0,0,0,21,23,24,0,68,0,0,0,68
09/07/2014,MAF,TX,ASW,CE,Combined TRACON& Tower with Radar,27,32,74,3,136,0,0,4,0,4,27,32,78,3,140,4,0,4,144
09/08/2014,MAF,TX,ASW,CE,Combined TRACON& Tower with Radar,38,31,62,60,191,0,4,13,11,28,38,35,75,71,219,16,64,80,299
09/09/2014,MAF,TX,ASW,CE,Combined TRACON& Tower with Radar,32,43,66,73,214,0,6,25,3,34,32,49,91,76,248,10,176,186,434
09/10/2014,MAF,TX,ASW,CE,Combined TRACON& Tower with Radar,33,40,62,31,166,0,5,38,10,53,33,45,100,41,219,6,92,98,317
09/11/2014,MAF,TX,ASW,CE,Combined TRACON& Tower with Radar,34,36,65,12,147,0,4,14,3,21,34,40,79,15,168,8,12,20,188
09/12/2014,MAF,TX,ASW,CE,Combined TRACON& Tower with Radar,34,37,51,2,124,0,0,0,0,0,34,37,51,2,124,0,0,0,124
09/13/2014,MAF,TX,ASW,CE,Combined TRACON& Tower with Radar,21,23,52,5,101,0,1,2,0,3,21,24,54,5,104,0,0,0,104
09/14/2014,MAF,TX,ASW,CE,Combined TRACON& Tower with Radar,29,41,48,5,123,0,1,2,4,7,29,42,50,9,130,4,0,4,134
09/15/2014,MAF,TX,ASW,CE,Combined TRACON& Tower with Radar,36,32,52,33,153,0,2,6,8,16,36,34,58,41,169,12,2,14,183
09/16/2014,MAF,TX,ASW,CE,Combined TRACON& Tower with Radar,33,41,60,25,159,0,2,9,13,24,33,43,69,38,183,0,28,28,211
09/17/2014,MAF,TX,ASW,CE,Combined TRACON& Tower with Radar,34,40,79,84,237,0,2,13,6,21,34,42,92,90,258,0,44,44,302
09/18/2014,MAF,TX,ASW,CE,Combined TRACON& Tower with Radar,37,33,61,52,183,0,2,11,2,15,37,35,72,54,198,4,2,6,204
09/19/2014,MAF,TX,ASW,CE,Combined TRACON& Tower with Radar,34,43,56,0,133,0,0,0,4,4,34,43,56,4,137,0,0,0,137
09/20/2014,MAF,TX,ASW,CE,Combined TRACON& Tower with Radar,20,32,26,2,80,0,0,4,0,4,20,32,30,2,84,8,0,8,92
09/21/2014,MAF,TX,ASW,CE,Combined TRACON& Tower with Radar,30,43,52,1,126,0,0,4,1,5,30,43,56,2,131,0,0,0,131
09/22/2014,MAF,TX,ASW,CE,Combined TRACON& Tower with Radar,30,41,50,11,132,0,2,20,3,25,30,43,70,14,157,0,0,0,157
09/23/2014,MAF,TX,ASW,CE,Combined TRACON& Tower with Radar,30,41,81,43,195,0,3,30,8,41,30,44,111,51,236,8,36,44,280
09/24/2014,MAF,TX,ASW,CE,Combined TRACON& Tower with Radar,32,46,86,34,198,0,4,21,8,33,32,50,107,42,231,22,118,140,371
09/25/2014,MAF,TX,ASW,CE,Combined TRACON& Tower with Radar,30,38,79,29,176,0,4,21,6,31,30,42,100,35,207,8,74,82,289
09/26/2014,MAF,TX,ASW,CE,Combined TRACON& Tower with Radar,30,47,52,14,143,0,4,24,3,31,30,51,76,17,174,12,2,14,188
09/27/2014,MAF,TX,ASW,CE,Combined TRACON& Tower with Radar,20,24,33,19,96,0,0,18,5,23,20,24,51,24,119,12,0,12,131
09/28/2014,MAF,TX,ASW,CE,Combined TRACON& Tower with Radar,30,40,61,1,132,0,2,33,1,36,30,42,94,2,168,12,12,24,192
09/29/2014,MAF,TX,ASW,CE,Combined TRACON& Tower with Radar,30,42,46,55,173,0,4,24,0,28,30,46,70,55,201,48,27,75,276
09/30/2014,MAF,TX,ASW,CE,Combined TRACON& Tower with Radar,30,40,63,40,173,0,4,30,9,43,30,44,93,49,216,13,68,81,297
10/01/2014,MAF,TX,ASW,CE,Combined TRACON& Tower with Radar,29,50,69,26,174,0,2,39,5,46,29,52,108,31,220,40,72,112,332
10/02/2014,MAF,TX,ASW,CE,Combined TRACON& Tower with Radar,31,46,93,10,180,0,2,21,4,27,31,48,114,14,207,6,64,70,277
10/03/2014,MAF,TX,ASW,CE,Combined TRACON& Tower with Radar,37,34,60,15,146,0,5,36,4,45,37,39,96,19,191,26,6,32,223
10/04/2014,MAF,TX,ASW,CE,Combined TRACON& Tower with Radar,23,21,39,0,83,0,0,19,7,26,23,21,58,7,109,16,0,16,125
10/05/2014,MAF,TX,ASW,CE,Combined TRACON& Tower with Radar,31,24,70,0,125,0,4,21,6,31,31,28,91,6,156,12,0,12,168
10/06/2014,MAF,TX,ASW,CE,Combined TRACON& Tower with Radar,30,34,43,23,130,0,5,17,16,38,30,39,60,39,168,14,30,44,212
10/07/2014,MAF,TX,ASW,CE,Combined TRACON& Tower with Radar,34,35,70,7,146,0,4,26,1,31,34,39,96,8,177,0,0,0,177
10/08/2014,MAF,TX,ASW,CE,Combined TRACON& Tower with Radar,30,36,61,47,174,0,4,44,14,62,30,40,105,61,236,16,100,116,352
10/09/2014,MAF,TX,ASW,CE,Combined TRACON& Tower with Radar,33,42,61,64,200,0,4,60,4,68,33,46,121,68,268,26,92,118,386
10/10/2014,MAF,TX,ASW,CE,Combined TRACON& Tower with Radar,31,32,69,5,137,0,5,31,6,42,31,37,100,11,179,16,0,16,195
10/11/2014,MAF,TX,ASW,CE,Combined TRACON& Tower with Radar,21,29,10,3,63,0,0,60,1,61,21,29,70,4,124,0,0,0,124
10/12/2014,MAF,TX,ASW,CE,Combined TRACON& Tower with Radar,33,26,32,1,92,0,4,69,1,74,33,30,101,2,166,14,0,14,180
10/13/2014,MAF,TX,ASW,CE,Combined TRACON& Tower with Radar,30,30,46,0,106,0,2,15,1,18,30,32,61,1,124,4,0,4,128
10/14/2014,MAF,TX,ASW,CE,Combined TRACON& Tower with Radar,31,42,71,10,154,0,4,57,3,64,31,46,128,13,218,16,0,16,234
10/15/2014,MAF,TX,ASW,CE,Combined TRACON& Tower with Radar,31,41,87,27,186,0,2,35,8,45,31,43,122,35,231,8,48,56,287
10/16/2014,MAF,TX,ASW,CE,Combined TRACON& Tower with Radar,34,42,75,20,171,0,3,34,10,47,34,45,109,30,218,4,0,4,222
10/17/2014,MAF,TX,ASW,CE,Combined TRACON& Tower with Radar,34,53,43,10,140,0,2,20,6,28,34,55,63,16,168,36,6,42,210
10/18/2014,MAF,TX,ASW,CE,Combined TRACON& Tower with Radar,22,30,32,0,84,0,0,32,1,33,22,30,64,1,117,0,0,0,117
10/19/2014,MAF,TX,ASW,CE,Combined TRACON& Tower with Radar,30,34,88,0,152,0,0,16,6,22,30,34,104,6,174,4,0,4,178
10/20/2014,MAF,TX,ASW,CE,Combined TRACON& Tower with Radar,34,40,64,30,168,0,4,31,6,41,34,44,95,36,209,8,78,86,295
10/21/2014,MAF,TX,ASW,CE,Combined TRACON& Tower with Radar,34,41,75,24,174,0,4,22,7,33,34,45,97,31,207,0,4,4,211
10/22/2014,MAF,TX,ASW,CE,Combined TRACON& Tower with Radar,34,40,79,17,170,0,2,15,5,22,34,42,94,22,192,0,0,0,192
10/23/2014,MAF,TX,ASW,CE,Combined TRACON& Tower with Radar,33,48,85,47,213,0,1,25,5,31,33,49,110,52,244,16,58,74,318
10/24/2014,MAF,TX,ASW,CE,Combined TRACON& Tower with Radar,35,33,61,25,154,0,1,24,2,27,35,34,85,27,181,10,24,34,215
10/25/2014,MAF,TX,ASW,CE,Combined TRACON& Tower with Radar,21,29,33,0,83,0,0,23,2,25,21,29,56,2,108,4,0,4,112
10/26/2014,MAF,TX,ASW,CE,Combined TRACON& Tower with Radar,29,36,37,4,106,0,3,14,6,23,29,39,51,10,129,8,0,8,137
10/27/2014,MAF,TX,ASW,CE,Combined TRACON& Tower with Radar,34,36,53,20,143,0,2,35,4,41,34,38,88,24,184,18,28,46,230
10/28/2014,MAF,TX,ASW,CE,Combined TRACON& Tower with Radar,32,38,89,25,184,0,2,33,0,35,32,40,122,25,219,8,36,44,263
10/29/2014,MAF,TX,ASW,CE,Combined TRACON& Tower with Radar,34,49,69,15,167,0,3,28,5,36,34,52,97,20,203,14,0,14,217
10/30/2014,MAF,TX,ASW,CE,Combined TRACON& Tower with Radar,34,39,76,1,150,0,3,37,2,42,34,42,113,3,192,18,0,18,210
10/31/2014,MAF,TX,ASW,CE,Combined TRACON& Tower with Radar,30,39,60,1,130,0,1,17,1,19,30,40,77,2,149,0,0,0,149
11/01/2014,MAF,TX,ASW,CE,Combined TRACON& Tower with Radar,20,25,31,2,78,0,0,21,9,30,20,25,52,11,108,22,0,22,130
11/02/2014,MAF,TX,ASW,CE,Combined TRACON& Tower with Radar,28,34,67,10,139,0,0,11,1,12,28,34,78,11,151,0,4,4,155
11/03/2014,MAF,TX,ASW,CE,Combined TRACON& Tower with Radar,36,35,65,25,161,0,3,13,4,20,36,38,78,29,181,2,8,10,191
11/04/2014,MAF,TX,ASW,CE,Combined TRACON& Tower with Radar,28,45,43,2,118,0,0,0,0,0,28,45,43,2,118,0,0,0,118
11/05/2014,MAF,TX,ASW,CE,Combined TRACON& Tower with Radar,34,58,75,11,178,0,0,7,0,7,34,58,82,11,185,0,20,20,205
11/06/2014,MAF,TX,ASW,CE,Combined TRACON& Tower with Radar,33,41,66,5,145,0,5,18,4,27,33,46,84,9,172,10,20,30,202
11/07/2014,MAF,TX,ASW,CE,Combined TRACON& Tower with Radar,38,38,63,35,174,0,4,26,4,34,38,42,89,39,208,2,46,48,256
11/08/2014,MAF,TX,ASW,CE,Combined TRACON& Tower with Radar,24,23,18,0,65,0,2,15,3,20,24,25,33,3,85,6,0,6,91
11/09/2014,MAF,TX,ASW,CE,Combined TRACON& Tower with Radar,30,34,44,0,108,0,4,14,4,22,30,38,58,4,130,10,0,10,140
11/10/2014,MAF,TX,ASW,CE,Combined TRACON& Tower with Radar,33,43,41,17,134,0,2,12,0,14,33,45,53,17,148,0,20,20,168
11/11/2014,MAF,TX,ASW,CE,Combined TRACON& Tower with Radar,32,43,66,2,143,0,0,16,1,17,32,43,82,3,160,0,0,0,160
11/12/2014,MAF,TX,ASW,CE,Combined TRACON& Tower with Radar,34,43,71,34,182,0,2,19,5,26,34,45,90,39,208,10,26,36,244
11/13/2014,MAF,TX,ASW,CE,Combined TRACON& Tower with Radar,36,41,73,43,193,0,2,7,2,11,36,43,80,45,204,12,70,82,286
11/14/2014,MAF,TX,ASW,CE,Combined TRACON& Tower with Radar,34,37,54,40,165,0,3,22,3,28,34,40,76,43,193,0,28,28,221
11/15/2014,MAF,TX,ASW,CE,Combined TRACON& Tower with Radar,24,25,28,1,78,0,0,21,3,24,24,25,49,4,102,16,0,16,118
11/16/2014,MAF,TX,ASW,CE,Combined TRACON& Tower with Radar,30,30,51,2,113,0,0,4,0,4,30,30,55,2,117,0,0,0,117
11/17/2014,MAF,TX,ASW,CE,Combined TRACON& Tower with Radar,30,36,57,58,181,0,8,29,12,49,30,44,86,70,230,0,32,32,262
11/18/2014,MAF,TX,ASW,CE,Combined TRACON& Tower with Radar,34,34,81,19,168,0,6,33,2,41,34,40,114,21,209,22,2,24,233
11/19/2014,MAF,TX,ASW,CE,Combined TRACON& Tower with Radar,33,36,63,18,150,0,4,34,3,41,33,40,97,21,191,38,12,50,241
11/20/2014,MAF,TX,ASW,CE,Combined TRACON& Tower with Radar,34,37,73,41,185,0,2,32,8,42,34,39,105,49,227,0,20,20,247
11/21/2014,MAF,TX,ASW,CE,Combined TRACON& Tower with Radar,28,34,58,30,150,0,1,30,14,45,28,35,88,44,195,34,14,48,243
11/22/2014,MAF,TX,ASW,CE,Combined TRACON& Tower with Radar,22,20,11,0,53,0,1,11,3,15,22,21,22,3,68,12,0,12,80
11/23/2014,MAF,TX,ASW,CE,Combined TRACON& Tower with Radar,29,26,35,2,92,0,1,18,3,22,29,27,53,5,114,0,0,0,114
11/24/2014,MAF,TX,ASW,CE,Combined TRACON& Tower with Radar,28,36,33,19,116,0,4,20,1,25,28,40,53,20,141,0,0,0,141
11/25/2014,MAF,TX,ASW,CE,Combined TRACON& Tower with Radar,25,42,59,35,161,0,2,26,0,28,25,44,85,35,189,4,46,50,239
11/26/2014,MAF,TX,ASW,CE,Combined TRACON& Tower with Radar,28,39,50,14,131,0,2,39,1,42,28,41,89,15,173,0,14,14,187
11/27/2014,MAF,TX,ASW,CE,Combined TRACON& Tower with Radar,20,13,20,0,53,0,0,3,1,4,20,13,23,1,57,0,0,0,57
11/28/2014,MAF,TX,ASW,CE,Combined TRACON& Tower with Radar,26,25,20,2,73,0,3,14,1,18,26,28,34,3,91,18,0,18,109
11/29/2014,MAF,TX,ASW,CE,Combined TRACON& Tower with Radar,28,28,40,0,96,0,1,16,0,17,28,29,56,0,113,2,0,2,115
11/30/2014,MAF,TX,ASW,CE,Combined TRACON& Tower with Radar,30,37,65,0,132,0,0,21,0,21,30,37,86,0,153,0,0,0,153
12/01/2014,MAF,TX,ASW,CE,Combined TRACON& Tower with Radar,25,37,34,30,126,0,4,14,0,18,25,41,48,30,144,14,24,38,182
12/02/2014,MAF,TX,ASW,CE,Combined TRACON& Tower with Radar,30,40,76,50,196,0,6,19,3,28,30,46,95,53,224,16,78,94,318
12/03/2014,MAF,TX,ASW,CE,Combined TRACON& Tower with Radar,32,38,82,78,230,0,5,20,3,28,32,43,102,81,258,24,208,232,490
12/04/2014,MAF,TX,ASW,CE,Combined TRACON& Tower with Radar,34,43,82,0,159,0,1,14,0,15,34,44,96,0,174,0,0,0,174
12/05/2014,MAF,TX,ASW,CE,Combined TRACON& Tower with Radar,31,37,50,23,141,0,4,22,3,29,31,41,72,26,170,8,112,120,290
12/06/2014,MAF,TX,ASW,CE,Combined TRACON& Tower with Radar,22,25,24,0,71,0,2,24,4,30,22,27,48,4,101,0,0,0,101
12/07/2014,MAF,TX,ASW,CE,Combined TRACON& Tower with Radar,24,36,48,2,110,0,0,3,2,5,24,36,51,4,115,28,0,28,143
12/08/2014,MAF,TX,ASW,CE,Combined TRACON& Tower with Radar,24,40,52,17,133,0,2,18,4,24,24,42,70,21,157,6,142,148,305
12/09/2014,MAF,TX,ASW,CE,Combined TRACON& Tower with Radar,26,38,83,23,170,0,0,9,1,10,26,38,92,24,180,0,0,0,180
12/10/2014,MAF,TX,ASW,CE,Combined TRACON& Tower with Radar,31,57,83,18,189,0,0,8,0,8,31,57,91,18,197,0,2,2,199
12/11/2014,MAF,TX,ASW,CE,Combined TRACON& Tower with Radar,30,51,82,26,189,0,0,10,2,12,30,51,92,28,201,14,14,28,229
12/12/2014,MAF,TX,ASW,CE,Combined TRACON& Tower with Radar,30,43,49,44,166,0,1,11,3,15,30,44,60,47,181,0,32,32,213
12/13/2014,MAF,TX,ASW,CE,Combined TRACON& Tower with Radar,22,27,33,1,83,0,0,21,1,22,22,27,54,2,105,4,0,4,109
12/14/2014,MAF,TX,ASW,CE,Combined TRACON& Tower with Radar,21,35,32,0,88,0,1,8,0,9,21,36,40,0,97,0,0,0,97
12/15/2014,MAF,TX,ASW,CE,Combined TRACON& Tower with Radar,30,39,50,34,153,0,4,39,14,57,30,43,89,48,210,0,96,96,306
12/16/2014,MAF,TX,ASW,CE,Combined TRACON& Tower with Radar,32,42,77,45,196,0,3,50,5,58,32,45,127,50,254,4,106,110,364
12/17/2014,MAF,TX,ASW,CE,Combined TRACON& Tower with Radar,31,44,94,55,224,0,4,13,12,29,31,48,107,67,253,2,119,121,374
12/18/2014,MAF,TX,ASW,CE,Combined TRACON& Tower with Radar,34,42,69,69,214,0,3,33,20,56,34,45,102,89,270,1,148,149,419
12/19/2014,MAF,TX,ASW,CE,Combined TRACON& Tower with Radar,34,48,42,21,145,0,2,24,0,26,34,50,66,21,171,0,88,88,259
12/20/2014,MAF,TX,ASW,CE,Combined TRACON& Tower with Radar,27,23,38,0,88,0,2,31,1,34,27,25,69,1,122,0,0,0,122
12/21/2014,MAF,TX,ASW,CE,Combined TRACON& Tower with Radar,28,19,73,1,121,0,5,32,2,39,28,24,105,3,160,18,20,38,198
12/22/2014,MAF,TX,ASW,CE,Combined TRACON& Tower with Radar,33,29,45,35,142,0,2,40,3,45,33,31,85,38,187,6,128,134,321
12/23/2014,MAF,TX,ASW,CE,Combined TRACON& Tower with Radar,31,30,48,3,112,0,2,21,0,23,31,32,69,3,135,12,2,14,149
12/24/2014,MAF,TX,ASW,CE,Combined TRACON& Tower with Radar,25,31,14,0,70,0,2,16,0,18,25,33,30,0,88,0,0,0,88
12/25/2014,MAF,TX,ASW,CE,Combined TRACON& Tower with Radar,25,13,2,4,44,0,0,8,3,11,25,13,10,7,55,2,0,2,57
12/26/2014,MAF,TX,ASW,CE,Combined TRACON& Tower with Radar,36,32,33,0,101,0,2,20,0,22,36,34,53,0,123,14,0,14,137
12/27/2014,MAF,TX,ASW,CE,Combined TRACON& Tower with Radar,32,29,51,0,112,0,0,11,0,11,32,29,62,0,123,0,0,0,123
12/28/2014,MAF,TX,ASW,CE,Combined TRACON& Tower with Radar,30,26,45,1,102,0,0,16,0,16,30,26,61,1,118,10,0,10,128
12/29/2014,MAF,TX,ASW,CE,Combined TRACON& Tower with Radar,34,25,37,6,102,0,4,20,2,26,34,29,57,8,128,10,8,18,146
12/30/2014,MAF,TX,ASW,CE,Combined TRACON& Tower with Radar,23,27,31,0,81,0,0,0,0,0,23,27,31,0,81,0,0,0,81
12/31/2014,MAF,TX,ASW,CE,Combined TRACON& Tower with Radar,9,3,16,0,28,0,0,0,0,0,9,3,16,0,28,0,0,0,28
01/01/2015,MAF,TX,ASW,CE,Combined TRACON& Tower with Radar,10,10,11,0,31,0,0,0,0,0,10,10,11,0,31,0,0,0,31
01/02/2015,MAF,TX,ASW,CE,Combined TRACON& Tower with Radar,13,4,8,0,25,0,0,0,0,0,13,4,8,0,25,0,0,0,25
01/03/2015,MAF,TX,ASW,CE,Combined TRACON& Tower with Radar,27,28,62,2,119,0,0,15,2,17,27,28,77,4,136,4,0,4,140
01/04/2015,MAF,TX,ASW,CE,Combined TRACON& Tower with Radar,34,24,64,0,122,0,3,14,1,18,34,27,78,1,140,12,0,12,152
01/05/2015,MAF,TX,ASW,CE,Combined TRACON& Tower with Radar,31,32,40,26,129,0,2,19,4,25,31,34,59,30,154,4,10,14,168
01/06/2015,MAF,TX,ASW,CE,Combined TRACON& Tower with Radar,27,38,42,16,123,0,3,29,5,37,27,41,71,21,160,14,112,126,286
01/07/2015,MAF,TX,ASW,CE,Combined TRACON& Tower with Radar,28,41,58,26,153,0,1,17,11,29,28,42,75,37,182,10,12,22,204
01/08/2015,MAF,TX,ASW,CE,Combined TRACON& Tower with Radar,28,42,52,32,154,0,3,21,4,28,28,45,73,36,182,0,84,84,266
01/09/2015,MAF,TX,ASW,CE,Combined TRACON& Tower with Radar,27,47,46,14,134,0,2,4,2,8,27,49,50,16,142,2,184,186,328
01/10/2015,MAF,TX,ASW,CE,Combined TRACON& Tower with Radar,18,23,18,8,67,0,1,4,2,7,18,24,22,10,74,0,2,2,76
01/11/2015,MAF,TX,ASW,CE,Combined TRACON& Tower with Radar,26,37,26,16,105,0,0,12,1,13,26,37,38,17,118,2,10,12,130
01/12/2015,MAF,TX,ASW,CE,Combined TRACON& Tower with Radar,26,51,50,2,129,0,0,0,0,0,26,51,50,2,129,0,0,0,129
01/13/2015,MAF,TX,ASW,CE,Combined TRACON& Tower with Radar,26,49,52,23,150,0,1,5,0,6,26,50,57,23,156,0,0,0,156
01/14/2015,MAF,TX,ASW,CE,Combined TRACON& Tower with Radar,24,53,50,2,129,0,0,3,0,3,24,53,53,2,132,0,0,0,132
01/15/2015,MAF,TX,ASW,CE,Combined TRACON& Tower with Radar,31,50,79,30,190,0,7,36,8,51,31,57,115,38,241,30,97,127,368
01/16/2015,MAF,TX,ASW,CE,Combined TRACON& Tower with Radar,25,41,49,20,135,0,11,25,5,41,25,52,74,25,176,20,48,68,244
01/17/2015,MAF,TX,ASW,CE,Combined TRACON& Tower with Radar,18,21,12,4,55,0,4,12,10,26,18,25,24,14,81,22,0,22,103
01/18/2015,MAF,TX,ASW,CE,Combined TRACON& Tower with Radar,24,28,20,0,72,0,0,27,4,31,24,28,47,4,103,4,0,4,107
01/19/2015,MAF,TX,ASW,CE,Combined TRACON& Tower with Radar,27,43,46,0,116,0,0,15,4,19,27,43,61,4,135,0,0,0,135
01/20/2015,MAF,TX,ASW,CE,Combined TRACON& Tower with Radar,26,41,70,25,162,0,2,30,5,37,26,43,100,30,199,0,56,56,255
01/21/2015,MAF,TX,ASW,CE,Combined TRACON& Tower with Radar,29,52,71,33,185,0,2,5,2,9,29,54,76,35,194,0,36,36,230
01/22/2015,MAF,TX,ASW,CE,Combined TRACON& Tower with Radar,25,35,25,2,87,0,0,0,0,0,25,35,25,2,87,0,0,0,87
01/23/2015,MAF,TX,ASW,CE,Combined TRACON& Tower with Radar,24,51,50,12,137,0,1,16,8,25,24,52,66,20,162,6,0,6,168
01/24/2015,MAF,TX,ASW,CE,Combined TRACON& Tower with Radar,20,20,16,8,64,0,1,16,4,21,20,21,32,12,85,1,0,1,86
01/25/2015,MAF,TX,ASW,CE,Combined TRACON& Tower with Radar,22,37,25,2,86,0,0,13,7,20,22,37,38,9,106,10,0,10,116
01/26/2015,MAF,TX,ASW,CE,Combined TRACON& Tower with Radar,25,43,32,46,146,0,4,23,3,30,25,47,55,49,176,24,92,116,292
01/27/2015,MAF,TX,ASW,CE,Combined TRACON& Tower with Radar,26,40,62,17,145,0,4,36,8,48,26,44,98,25,193,10,0,10,203
01/28/2015,MAF,TX,ASW,CE,Combined TRACON& Tower with Radar,24,44,50,29,147,0,6,30,7,43,24,50,80,36,190,0,20,20,210
01/29/2015,MAF,TX,ASW,CE,Combined TRACON& Tower with Radar,26,43,53,22,144,0,5,18,2,25,26,48,71,24,169,0,0,0,169
01/30/2015,MAF,TX,ASW,CE,Combined TRACON& Tower with Radar,28,42,44,30,144,0,3,12,3,18,28,45,56,33,162,16,58,74,236
01/31/2015,MAF,TX,ASW,CE,Combined TRACON& Tower with Radar,20,22,30,2,74,0,0,0,0,0,20,22,30,2,74,0,0,0,74
02/01/2015,MAF,TX,ASW,CE,Combined TRACON& Tower with Radar,22,34,32,3,91,0,1,21,2,24,22,35,53,5,115,0,0,0,115
02/02/2015,MAF,TX,ASW,CE,Combined TRACON& Tower with Radar,28,46,59,40,173,0,2,18,8,28,28,48,77,48,201,0,82,82,283
02/03/2015,MAF,TX,ASW,CE,Combined TRACON& Tower with Radar,24,39,59,62,184,0,2,22,13,37,24,41,81,75,221,18,136,154,375
02/04/2015,MAF,TX,ASW,CE,Combined TRACON& Tower with Radar,26,46,62,40,174,0,1,6,14,21,26,47,68,54,195,0,110,110,305
02/05/2015,MAF,TX,ASW,CE,Combined TRACON& Tower with Radar,23,47,66,38,174,0,1,13,6,20,23,48,79,44,194,18,38,56,250
02/06/2015,MAF,TX,ASW,CE,Combined TRACON& Tower with Radar,26,38,37,49,150,0,3,36,14,53,26,41,73,63,203,18,46,64,267
02/07/2015,MAF,TX,ASW,CE,Combined TRACON& Tower with Radar,20,20,23,11,74,0,0,23,14,37,20,20,46,25,111,22,0,22,133
02/08/2015,MAF,TX,ASW,CE,Combined TRACON& Tower with Radar,22,35,41,5,103,0,2,16,11,29,22,37,57,16,132,18,0,18,150
02/09/2015,MAF,TX,ASW,CE,Combined TRACON& Tower with Radar,25,36,38,10,109,0,3,39,7,49,25,39,77,17,158,28,26,54,212
02/10/2015,MAF,TX,ASW,CE,Combined TRACON& Tower with Radar,26,43,66,35,170,0,5,44,15,64,26,48,110,50,234,34,104,138,372
02/11/2015,MAF,TX,ASW,CE,Combined TRACON& Tower with Radar,27,45,69,18,159,0,5,18,1,24,27,50,87,19,183,0,8,8,191
02/12/2015,MAF,TX,ASW,CE,Combined TRACON& Tower with Radar,24,48,60,34,166,0,2,34,2,38,24,50,94,36,204,8,56,64,268
02/13/2015,MAF,TX,ASW,CE,Combined TRACON& Tower with Radar,24,43,60,37,164,0,6,30,9,45,24,49,90,46,209,5,12,17,226
02/14/2015,MAF,TX,ASW,CE,Combined TRACON& Tower with Radar,23,27,38,2,90,0,2,34,12,48,23,29,72,14,138,64,38,102,240
02/15/2015,MAF,TX,ASW,CE,Combined TRACON& Tower with Radar,44,36,29,1,110,0,5,29,6,40,44,41,58,7,150,78,0,78,228
02/16/2015,MAF,TX,ASW,CE,Combined TRACON& Tower with Radar,35,41,41,0,117,0,1,17,0,18,35,42,58,0,135,68,0,68,203
02/17/2015,MAF,TX,ASW,CE,Combined TRACON& Tower with Radar,24,44,69,28,165,0,2,14,6,22,24,46,83,34,187,32,0,32,219
02/18/2015,MAF,TX,ASW,CE,Combined TRACON& Tower with Radar,27,49,64,46,186,0,3,33,6,42,27,52,97,52,228,16,52,68,296
02/19/2015,MAF,TX,ASW,CE,Combined TRACON& Tower with Radar,26,46,59,17,148,21,0,84,10,115,47,46,143,27,263,118,0,118,381
02/20/2015,MAF,TX,ASW,CE,Combined TRACON& Tower with Radar,149,43,50,60,302,0,0,30,9,39,149,43,80,69,341,245,198,443,784
02/21/2015,MAF,TX,ASW,CE,Combined TRACON& Tower with Radar,45,32,21,19,117,0,0,18,8,26,45,32,39,27,143,102,6,108,251
02/22/2015,MAF,TX,ASW,CE,Combined TRACON& Tower with Radar,18,27,41,0,86,0,0,0,0,0,18,27,41,0,86,0,0,0,86
02/23/2015,MAF,TX,ASW,CE,Combined TRACON& Tower with Radar,11,30,11,3,55,0,0,0,0,0,11,30,11,3,55,0,0,0,55
02/24/2015,MAF,TX,ASW,CE,Combined TRACON& Tower with Radar,22,44,66,28,160,0,1,16,3,20,22,45,82,31,180,0,46,46,226
02/25/2015,MAF,TX,ASW,CE,Combined TRACON& Tower with Radar,23,50,55,19,147,0,1,33,9,43,23,51,88,28,190,14,0,14,204
02/26/2015,MAF,TX,ASW,CE,Combined TRACON& Tower with Radar,23,44,75,11,153,0,0,11,1,12,23,44,86,12,165,4,0,4,169
02/27/2015,MAF,TX,ASW,CE,Combined TRACON& Tower with Radar,17,27,31,0,75,0,0,0,0,0,17,27,31,0,75,0,0,0,75
02/28/2015,MAF,TX,ASW,CE,Combined TRACON& Tower with Radar,16,23,9,0,48,0,0,0,0,0,16,23,9,0,48,0,0,0,48
03/01/2015,MAF,TX,ASW,CE,Combined TRACON& Tower with Radar,20,30,41,0,91,0,0,2,0,2,20,30,43,0,93,0,0,0,93
03/02/2015,MAF,TX,ASW,CE,Combined TRACON& Tower with Radar,28,37,45,8,118,0,0,0,0,0,28,37,45,8,118,0,0,0,118
03/03/2015,MAF,TX,ASW,CE,Combined TRACON& Tower with Radar,29,44,49,17,139,0,0,13,7,20,29,44,62,24,159,0,25,25,184
03/04/2015,MAF,TX,ASW,CE,Combined TRACON& Tower with Radar,27,45,45,0,117,0,0,7,0,7,27,45,52,0,124,0,0,0,124
03/05/2015,MAF,TX,ASW,CE,Combined TRACON& Tower with Radar,20,32,53,31,136,0,0,20,15,35,20,32,73,46,171,13,2,15,186
03/06/2015,MAF,TX,ASW,CE,Combined TRACON& Tower with Radar,28,42,52,5,127,0,0,26,6,32,28,42,78,11,159,10,8,18,177
03/07/2015,MAF,TX,ASW,CE,Combined TRACON& Tower with Radar,15,33,21,0,69,0,0,21,2,23,15,33,42,2,92,0,0,0,92
03/08/2015,MAF,TX,ASW,CE,Combined TRACON& Tower with Radar,27,35,40,3,105,0,0,17,3,20,27,35,57,6,125,10,0,10,135
03/09/2015,MAF,TX,ASW,CE,Combined TRACON& Tower with Radar,29,43,46,14,132,0,0,2,1,3,29,43,48,15,135,4,6,10,145
03/10/2015,MAF,TX,ASW,CE,Combined TRACON& Tower with Radar,28,45,58,24,155,0,2,13,11,26,28,47,71,35,181,0,14,14,195
03/11/2015,MAF,TX,ASW,CE,Combined TRACON& Tower with Radar,29,59,45,69,202,0,1,35,13,49,29,60,80,82,251,31,160,191,442
03/12/2015,MAF,TX,ASW,CE,Combined TRACON& Tower with Radar,28,41,51,29,149,0,3,26,2,31,28,44,77,31,180,15,76,91,271
03/13/2015,MAF,TX,ASW,CE,Combined TRACON& Tower with Radar,27,43,42,25,137,0,2,26,3,31,27,45,68,28,168,0,44,44,212
03/14/2015,MAF,TX,ASW,CE,Combined TRACON& Tower with Radar,14,35,28,2,79,0,2,13,0,15,14,37,41,2,94,6,0,6,100
03/15/2015,MAF,TX,ASW,CE,Combined TRACON& Tower with Radar,29,41,32,6,108,0,4,16,6,26,29,45,48,12,134,51,2,53,187
03/16/2015,MAF,TX,ASW,CE,Combined TRACON& Tower with Radar,29,44,43,49,165,0,2,22,3,27,29,46,65,52,192,8,52,60,252
03/17/2015,MAF,TX,ASW,CE,Combined TRACON& Tower with Radar,30,43,47,20,140,0,4,2,1,7,30,47,49,21,147,0,18,18,165
03/18/2015,MAF,TX,ASW,CE,Combined TRACON& Tower with Radar,31,56,60,35,182,0,1,17,3,21,31,57,77,38,203,0,42,42,245
03/19/2015,MAF,TX,ASW,CE,Combined TRACON& Tower with Radar,27,45,48,63,183,0,1,13,3,17,27,46,61,66,200,6,60,66,266
03/20/2015,MAF,TX,ASW,CE,Combined TRACON& Tower with Radar,29,44,43,23,139,0,0,0,1,1,29,44,43,24,140,0,8,8,148
03/21/2015,MAF,TX,ASW,CE,Combined TRACON& Tower with Radar,14,35,18,1,68,0,4,0,2,6,14,39,18,3,74,0,0,0,74
03/22/2015,MAF,TX,ASW,CE,Combined TRACON& Tower with Radar,26,46,33,4,109,0,0,34,7,41,26,46,67,11,150,24,0,24,174
03/23/2015,MAF,TX,ASW,CE,Combined TRACON& Tower with Radar,29,41,36,17,123,0,3,18,15,36,29,44,54,32,159,0,2,2,161
03/24/2015,MAF,TX,ASW,CE,Combined TRACON& Tower with Radar,28,46,53,5,132,0,2,31,3,36,28,48,84,8,168,50,0,50,218
03/25/2015,MAF,TX,ASW,CE,Combined TRACON& Tower with Radar,28,45,59,20,152,0,2,29,3,34,28,47,88,23,186,0,4,4,190
03/26/2015,MAF,TX,ASW,CE,Combined TRACON& Tower with Radar,28,45,59,44,176,0,2,26,2,30,28,47,85,46,206,0,75,75,281
03/27/2015,MAF,TX,ASW,CE,Combined TRACON& Tower with Radar,29,40,42,10,121,0,2,24,4,30,29,42,66,14,151,10,26,36,187
03/28/2015,MAF,TX,ASW,CE,Combined TRACON& Tower with Radar,14,32,26,1,73,0,1,33,3,37,14,33,59,4,110,19,0,19,129
03/29/2015,MAF,TX,ASW,CE,Combined TRACON& Tower with Radar,34,26,28,1,89,0,3,20,6,29,34,29,48,7,118,18,10,28,146
03/30/2015,MAF,TX,ASW,CE,Combined TRACON& Tower with Radar,30,45,37,28,140,0,1,20,4,25,30,46,57,32,165,18,40,58,223
03/31/2015,MAF,TX,ASW,CE,Combined TRACON& Tower with Radar,32,31,45,44,152,0,0,24,1,25,32,31,69,45,177,0,82,82,259
04/01/2015,MAF,TX,ASW,CE,Combined TRACON& Tower with Radar,34,51,68,87,240,0,0,19,11,30,34,51,87,98,270,0,144,144,414
04/02/2015,MAF,TX,ASW,CE,Combined TRACON& Tower with Radar,31,41,56,49,177,0,1,18,4,23,31,42,74,53,200,22,28,50,250
04/03/2015,MAF,TX,ASW,CE,Combined TRACON& Tower with Radar,30,45,27,18,120,0,0,9,3,12,30,45,36,21,132,0,34,34,166
04/04/2015,MAF,TX,ASW,CE,Combined TRACON& Tower with Radar,16,26,12,0,54,0,0,13,4,17,16,26,25,4,71,48,0,48,119
04/05/2015,MAF,TX,ASW,CE,Combined TRACON& Tower with Radar,32,30,40,0,102,0,0,24,0,24,32,30,64,0,126,0,0,0,126
04/06/2015,MAF,TX,ASW,CE,Combined TRACON& Tower with Radar,30,39,41,19,129,0,4,17,6,27,30,43,58,25,156,8,38,46,202
04/07/2015,MAF,TX,ASW,CE,Combined TRACON& Tower with Radar,31,36,67,18,152,0,1,20,5,26,31,37,87,23,178,16,32,48,226
04/08/2015,MAF,TX,ASW,CE,Combined TRACON& Tower with Radar,33,36,46,15,130,0,3,16,3,22,33,39,62,18,152,26,2,28,180
04/09/2015,MAF,TX,ASW,CE,Combined TRACON& Tower with Radar,33,42,62,35,172,0,3,28,9,40,33,45,90,44,212,22,50,72,284
04/10/2015,MAF,TX,ASW,CE,Combined TRACON& Tower with Radar,31,37,44,54,166,0,2,17,2,21,31,39,61,56,187,0,110,110,297
04/11/2015,MAF,TX,ASW,CE,Combined TRACON& Tower with Radar,14,23,20,2,59,0,3,13,9,25,14,26,33,11,84,2,0,2,86
04/12/2015,MAF,TX,ASW,CE,Combined TRACON& Tower with Radar,34,31,34,3,102,0,3,7,6,16,34,34,41,9,118,20,0,20,138
04/13/2015,MAF,TX,ASW,CE,Combined TRACON& Tower with Radar,32,32,34,8,106,0,0,9,2,11,32,32,43,10,117,0,0,0,117
04/14/2015,MAF,TX,ASW,CE,Combined TRACON& Tower with Radar,30,39,59,44,172,0,0,21,4,25,30,39,80,48,197,25,120,145,342
04/15/2015,MAF,TX,ASW,CE,Combined TRACON& Tower with Radar,32,44,57,16,149,0,1,15,5,21,32,45,72,21,170,20,10,30,200
04/16/2015,MAF,TX,ASW,CE,Combined TRACON& Tower with Radar,29,29,63,39,160,0,3,20,6,29,29,32,83,45,189,15,30,45,234
04/17/2015,MAF,TX,ASW,CE,Combined TRACON& Tower with Radar,35,31,59,14,139,0,0,18,1,19,35,31,77,15,158,16,2,18,176
04/18/2015,MAF,TX,ASW,CE,Combined TRACON& Tower with Radar,15,23,27,4,69,0,0,13,11,24,15,23,40,15,93,18,0,18,111
04/19/2015,MAF,TX,ASW,CE,Combined TRACON& Tower with Radar,29,28,39,8,104,0,0,7,10,17,29,28,46,18,121,4,0,4,125
04/20/2015,MAF,TX,ASW,CE,Combined TRACON& Tower with Radar,32,35,53,35,155,0,2,33,10,45,32,37,86,45,200,8,26,34,234
04/21/2015,MAF,TX,ASW,CE,Combined TRACON& Tower with Radar,32,41,48,19,140,0,1,30,16,47,32,42,78,35,187,2,60,62,249
04/22/2015,MAF,TX,ASW,CE,Combined TRACON& Tower with Radar,32,33,54,43,162,0,1,18,5,24,32,34,72,48,186,10,78,88,274
04/23/2015,MAF,TX,ASW,CE,Combined TRACON& Tower with Radar,32,41,46,10,129,0,1,9,2,12,32,42,55,12,141,2,12,14,155
04/24/2015,MAF,TX,ASW,CE,Combined TRACON& Tower with Radar,38,35,49,89,211,0,3,13,5,21,38,38,62,94,232,0,20,20,252
04/25/2015,MAF,TX,ASW,CE,Combined TRACON& Tower with Radar,21,17,21,8,67,0,2,7,4,13,21,19,28,12,80,10,0,10,90
04/26/2015,MAF,TX,ASW,CE,Combined TRACON& Tower with Radar,26,30,42,4,102,0,1,8,0,9,26,31,50,4,111,24,0,24,135
04/27/2015,MAF,TX,ASW,CE,Combined TRACON& Tower with Radar,33,39,25,67,164,0,1,16,11,28,33,40,41,78,192,30,12,42,234
04/28/2015,MAF,TX,ASW,CE,Combined TRACON& Tower with Radar,31,40,73,32,176,0,0,7,1,8,31,40,80,33,184,19,70,89,273
04/29/2015,MAF,TX,ASW,CE,Combined TRACON& Tower with Radar,35,41,45,9,130,0,0,19,10,29,35,41,64,19,159,4,8,12,171
04/30/2015,MAF,TX,ASW,CE,Combined TRACON& Tower with Radar,34,44,60,35,173,0,0,36,16,52,34,44,96,51,225,24,52,76,301
05/01/2015,MAF,TX,ASW,CE,Combined TRACON& Tower with Radar,32,37,71,31,171,0,0,24,7,31,32,37,95,38,202,34,120,154,356
05/02/2015,MAF,TX,ASW,CE,Combined TRACON& Tower with Radar,18,24,15,20,77,0,0,6,3,9,18,24,21,23,86,0,4,4,90
05/03/2015,MAF,TX,ASW,CE,Combined TRACON& Tower with Radar,29,34,43,4,110,0,0,19,5,24,29,34,62,9,134,10,0,10,144
05/04/2015,MAF,TX,ASW,CE,Combined TRACON& Tower with Radar,35,37,40,61,173,0,0,9,4,13,35,37,49,65,186,7,60,67,253
05/05/2015,MAF,TX,ASW,CE,Combined TRACON& Tower with Radar,30,42,50,49,171,0,0,15,6,21,30,42,65,55,192,3,134,137,329
05/06/2015,MAF,TX,ASW,CE,Combined TRACON& Tower with Radar,32,41,38,51,162,0,4,21,16,41,32,45,59,67,203,0,127,127,330
05/07/2015,MAF,TX,ASW,CE,Combined TRACON& Tower with Radar,38,36,74,30,178,0,0,24,12,36,38,36,98,42,214,6,170,176,390
05/08/2015,MAF,TX,ASW,CE,Combined TRACON& Tower with Radar,33,38,42,89,202,0,0,12,10,22,33,38,54,99,224,2,114,116,340
05/09/2015,MAF,TX,ASW,CE,Combined TRACON& Tower with Radar,18,18,18,12,66,0,0,11,2,13,18,18,29,14,79,0,0,0,79
05/10/2015,MAF,TX,ASW,CE,Combined TRACON& Tower with Radar,29,26,33,2,90,0,1,15,0,16,29,27,48,2,106,0,0,0,106
05/11/2015,MAF,TX,ASW,CE,Combined TRACON& Tower with Radar,33,29,46,35,143,0,0,15,0,15,33,29,61,35,158,16,18,34,192
05/12/2015,MAF,TX,ASW,CE,Combined TRACON& Tower with Radar,30,39,63,4,136,0,0,9,0,9,30,39,72,4,145,0,0,0,145
05/13/2015,MAF,TX,ASW,CE,Combined TRACON& Tower with Radar,35,41,47,60,183,0,0,8,1,9,35,41,55,61,192,0,38,38,230
05/14/2015,MAF,TX,ASW,CE,Combined TRACON& Tower with Radar,36,38,67,23,164,0,0,12,2,14,36,38,79,25,178,10,8,18,196
05/15/2015,MAF,TX,ASW,CE,Combined TRACON& Tower with Radar,37,37,44,17,135,0,1,14,2,17,37,38,58,19,152,14,14,28,180
05/16/2015,MAF,TX,ASW,CE,Combined TRACON& Tower with Radar,22,20,15,19,76,0,0,8,1,9,22,20,23,20,85,12,0,12,97
05/17/2015,MAF,TX,ASW,CE,Combined TRACON& Tower with Radar,31,28,34,6,99,0,0,12,0,12,31,28,46,6,111,6,0,6,117
05/18/2015,MAF,TX,ASW,CE,Combined TRACON& Tower with Radar,34,30,34,54,152,0,1,11,21,33,34,31,45,75,185,1,6,7,192
05/19/2015,MAF,TX,ASW,CE,Combined TRACON& Tower with Radar,32,40,69,43,184,0,2,13,3,18,32,42,82,46,202,37,24,61,263
05/20/2015,MAF,TX,ASW,CE,Combined TRACON& Tower with Radar,37,38,61,45,181,0,2,12,5,19,37,40,73,50,200,0,0,0,200
05/21/2015,MAF,TX,ASW,CE,Combined TRACON& Tower with Radar,38,37,68,15,158,0,0,3,1,4,38,37,71,16,162,0,0,0,162
05/22/2015,MAF,TX,ASW,CE,Combined TRACON& Tower with Radar,37,46,70,4,157,0,0,14,0,14,37,46,84,4,171,8,0,8,179
05/23/2015,MAF,TX,ASW,CE,Combined TRACON& Tower with Radar,23,19,19,0,61,0,0,3,2,5,23,19,22,2,66,0,0,0,66
05/24/2015,MAF,TX,ASW,CE,Combined TRACON& Tower with Radar,20,19,18,2,59,0,1,9,5,15,20,20,27,7,74,0,0,0,74
05/25/2015,MAF,TX,ASW,CE,Combined TRACON& Tower with Radar,29,30,37,2,98,0,1,30,12,43,29,31,67,14,141,2,0,2,143
05/26/2015,MAF,TX,ASW,CE,Combined TRACON& Tower with Radar,32,37,58,77,204,0,0,14,11,25,32,37,72,88,229,12,114,126,355
05/27/2015,MAF,TX,ASW,CE,Combined TRACON& Tower with Radar,35,39,75,48,197,0,0,20,15,35,35,39,95,63,232,6,116,122,354
05/28/2015,MAF,TX,ASW,CE,Combined TRACON& Tower with Radar,35,32,52,28,147,0,0,11,5,16,35,32,63,33,163,0,0,0,163
05/29/2015,MAF,TX,ASW,CE,Combined TRACON& Tower with Radar,38,43,41,16,138,0,2,17,6,25,38,45,58,22,163,16,0,16,179
05/30/2015,MAF,TX,ASW,CE,Combined TRACON& Tower with Radar,25,19,23,7,74,0,0,12,3,15,25,19,35,10,89,8,6,14,103
05/31/2015,MAF,TX,ASW,CE,Combined TRACON& Tower with Radar,33,24,42,17,116,0,0,18,6,24,33,24,60,23,140,0,0,0,140
06/01/2015,MAF,TX,ASW,CE,Combined TRACON& Tower with Radar,35,37,46,53,171,0,1,26,13,40,35,38,72,66,211,12,42,54,265
06/02/2015,MAF,TX,ASW,CE,Combined TRACON& Tower with Radar,33,42,49,21,145,0,0,42,6,48,33,42,91,27,193,18,48,66,259
06/03/2015,MAF,TX,ASW,CE,Combined TRACON& Tower with Radar,28,46,49,30,153,0,1,32,10,43,28,47,81,40,196,8,76,84,280
06/04/2015,MAF,TX,ASW,CE,Combined TRACON& Tower with Radar,35,42,68,12,157,0,0,17,8,25,35,42,85,20,182,0,0,0,182
06/05/2015,MAF,TX,ASW,CE,Combined TRACON& Tower with Radar,37,31,22,17,107,0,0,28,5,33,37,31,50,22,140,4,14,18,158
06/06/2015,MAF,TX,ASW,CE,Combined TRACON& Tower with Radar,23,20,18,30,91,0,0,11,10,21,23,20,29,40,112,2,16,18,130
06/07/2015,MAF,TX,ASW,CE,Combined TRACON& Tower with Radar,34,28,26,1,89,0,1,20,2,23,34,29,46,3,112,4,0,4,116
06/08/2015,MAF,TX,ASW,CE,Combined TRACON& Tower with Radar,35,33,31,24,123,0,0,15,11,26,35,33,46,35,149,8,70,78,227
06/09/2015,MAF,TX,ASW,CE,Combined TRACON& Tower with Radar,35,31,51,40,157,0,0,24,5,29,35,31,75,45,186,0,86,86,272
06/10/2015,MAF,TX,ASW,CE,Combined TRACON& Tower with Radar,33,42,56,11,142,0,1,34,2,37,33,43,90,13,179,0,22,22,201
06/11/2015,MAF,TX,ASW,CE,Combined TRACON& Tower with Radar,36,29,58,27,150,0,0,38,5,43,36,29,96,32,193,4,100,104,297
06/12/2015,MAF,TX,ASW,CE,Combined TRACON& Tower with Radar,36,33,48,37,154,0,0,8,10,18,36,33,56,47,172,0,8,8,180
06/13/2015,MAF,TX,ASW,CE,Combined TRACON& Tower with Radar,21,17,30,2,70,0,0,15,5,20,21,17,45,7,90,0,0,0,90
06/14/2015,MAF,TX,ASW,CE,Combined TRACON& Tower with Radar,36,27,27,0,90,0,0,12,2,14,36,27,39,2,104,12,0,12,116
06/15/2015,MAF,TX,ASW,CE,Combined TRACON& Tower with Radar,35,22,59,83,199,0,1,17,13,31,35,23,76,96,230,0,56,56,286
06/16/2015,MAF,TX,ASW,CE,Combined TRACON& Tower with Radar,31,26,56,8,121,0,2,10,4,16,31,28,66,12,137,0,24,24,161
06/17/2015,MAF,TX,ASW,CE,Combined TRACON& Tower with Radar,35,33,47,73,188,0,4,19,5,28,35,37,66,78,216,42,186,228,444
06/18/2015,MAF,TX,ASW,CE,Combined TRACON& Tower with Radar,35,32,70,67,204,0,1,39,8,48,35,33,109,75,252,18,90,108,360
06/19/2015,MAF,TX,ASW,CE,Combined TRACON& Tower with Radar,40,27,44,23,134,0,4,14,5,23,40,31,58,28,157,12,8,20,177
06/20/2015,MAF,TX,ASW,CE,Combined TRACON& Tower with Radar,26,14,24,22,86,0,1,9,4,14,26,15,33,26,100,6,2,8,108
06/21/2015,MAF,TX,ASW,CE,Combined TRACON& Tower with Radar,31,31,35,5,102,0,0,5,1,6,31,31,40,6,108,32,26,58,166
06/22/2015,MAF,TX,ASW,CE,Combined TRACON& Tower with Radar,41,25,37,45,148,0,0,16,3,19,41,25,53,48,167,0,72,72,239
06/23/2015,MAF,TX,ASW,CE,Combined TRACON& Tower with Radar,38,26,58,20,142,0,0,17,0,17,38,26,75,20,159,28,34,62,221
06/24/2015,MAF,TX,ASW,CE,Combined TRACON& Tower with Radar,35,41,80,16,172,0,0,33,6,39,35,41,113,22,211,19,0,19,230
06/25/2015,MAF,TX,ASW,CE,Combined TRACON& Tower with Radar,39,34,72,37,182,0,0,21,3,24,39,34,93,40,206,8,0,8,214
06/26/2015,MAF,TX,ASW,CE,Combined TRACON& Tower with Radar,37,30,45,19,131,0,0,14,1,15,37,30,59,20,146,6,18,24,170
06/27/2015,MAF,TX,ASW,CE,Combined TRACON& Tower with Radar,20,17,20,14,71,0,0,13,2,15,20,17,33,16,86,8,0,8,94
06/28/2015,MAF,TX,ASW,CE,Combined TRACON& Tower with Radar,35,34,47,0,116,0,0,15,0,15,35,34,62,0,131,12,0,12,143
06/29/2015,MAF,TX,ASW,CE,Combined TRACON& Tower with Radar,37,28,30,34,129,0,3,19,12,34,37,31,49,46,163,12,28,40,203
06/30/2015,MAF,TX,ASW,CE,Combined TRACON& Tower with Radar,38,38,56,16,148,0,4,22,15,41,38,42,78,31,189,0,0,0,189
07/01/2015,MAF,TX,ASW,CE,Combined TRACON& Tower with Radar,40,32,69,16,157,0,4,13,2,19,40,36,82,18,176,5,2,7,183
07/02/2015,MAF,TX,ASW,CE,Combined TRACON& Tower with Radar,37,37,71,2,147,0,0,20,4,24,37,37,91,6,171,0,0,0,171
07/03/2015,MAF,TX,ASW,CE,Combined TRACON& Tower with Radar,32,22,17,2,73,0,0,10,4,14,32,22,27,6,87,11,0,11,98
07/04/2015,MAF,TX,ASW,CE,Combined TRACON& Tower with Radar,22,10,3,0,35,0,0,19,3,22,22,10,22,3,57,30,0,30,87
07/05/2015,MAF,TX,ASW,CE,Combined TRACON& Tower with Radar,33,26,31,0,90,0,1,14,0,15,33,27,45,0,105,0,0,0,105
07/06/2015,MAF,TX,ASW,CE,Combined TRACON& Tower with Radar,37,35,26,39,137,0,3,16,3,22,37,38,42,42,159,2,92,94,253
07/07/2015,MAF,TX,ASW,CE,Combined TRACON& Tower with Radar,36,46,75,8,165,0,0,17,6,23,36,46,92,14,188,26,0,26,214
07/08/2015,MAF,TX,ASW,CE,Combined TRACON& Tower with Radar,34,41,71,25,171,0,2,10,6,18,34,43,81,31,189,0,0,0,189
07/09/2015,MAF,TX,ASW,CE,Combined TRACON& Tower with Radar,34,34,51,34,153,0,2,24,8,34,34,36,75,42,187,54,32,86,273
07/10/2015,MAF,TX,ASW,CE,Combined TRACON& Tower with Radar,35,30,35,21,121,0,0,23,6,29,35,30,58,27,150,2,2,4,154
07/11/2015,MAF,TX,ASW,CE,Combined TRACON& Tower with Radar,25,13,23,6,67,0,0,23,8,31,25,13,46,14,98,18,0,18,116
07/12/2015,MAF,TX,ASW,CE,Combined TRACON& Tower with Radar,36,19,36,2,93,0,1,15,0,16,36,20,51,2,109,38,0,38,147
07/13/2015,MAF,TX,ASW,CE,Combined TRACON& Tower with Radar,36,31,35,36,138,0,4,20,11,35,36,35,55,47,173,16,6,22,195
07/14/2015,MAF,TX,ASW,CE,Combined TRACON& Tower with Radar,31,34,57,46,168,0,1,23,11,35,31,35,80,57,203,34,46,80,283
07/15/2015,MAF,TX,ASW,CE,Combined TRACON& Tower with Radar,38,34,45,24,141,0,1,27,4,32,38,35,72,28,173,0,54,54,227
07/16/2015,MAF,TX,ASW,CE,Combined TRACON& Tower with Radar,37,32,60,22,151,0,1,30,4,35,37,33,90,26,186,6,12,18,204
07/17/2015,MAF,TX,ASW,CE,Combined TRACON& Tower with Radar,36,28,54,41,159,0,0,36,5,41,36,28,90,46,200,0,30,30,230
07/18/2015,MAF,TX,ASW,CE,Combined TRACON& Tower with Radar,25,14,16,1,56,0,1,16,1,18,25,15,32,2,74,18,0,18,92
07/19/2015,MAF,TX,ASW,CE,Combined TRACON& Tower with Radar,34,28,30,1,93,0,1,10,3,14,34,29,40,4,107,52,0,52,159
07/20/2015,MAF,TX,ASW,CE,Combined TRACON& Tower with Radar,34,31,40,37,142,0,0,11,3,14,34,31,51,40,156,0,28,28,184
07/21/2015,MAF,TX,ASW,CE,Combined TRACON& Tower with Radar,36,27,41,44,148,0,0,21,0,21,36,27,62,44,169,0,16,16,185
07/22/2015,MAF,TX,ASW,CE,Combined TRACON& Tower with Radar,36,36,64,12,148,0,2,23,2,27,36,38,87,14,175,42,2,44,219
07/23/2015,MAF,TX,ASW,CE,Combined TRACON& Tower with Radar,36,38,80,13,167,0,0,19,8,27,36,38,99,21,194,14,0,14,208
07/24/2015,MAF,TX,ASW,CE,Combined TRACON& Tower with Radar,37,37,21,34,129,0,1,8,11,20,37,38,29,45,149,18,8,26,175
07/25/2015,MAF,TX,ASW,CE,Combined TRACON& Tower with Radar,26,13,26,8,73,0,0,12,4,16,26,13,38,12,89,10,0,10,99
07/26/2015,MAF,TX,ASW,CE,Combined TRACON& Tower with Radar,36,24,31,3,94,0,0,4,3,7,36,24,35,6,101,21,0,21,122
07/27/2015,MAF,TX,ASW,CE,Combined TRACON& Tower with Radar,37,30,32,52,151,0,0,18,10,28,37,30,50,62,179,8,66,74,253
07/28/2015,MAF,TX,ASW,CE,Combined TRACON& Tower with Radar,37,26,52,52,167,0,2,40,10,52,37,28,92,62,219,0,34,34,253
07/29/2015,MAF,TX,ASW,CE,Combined TRACON& Tower with Radar,35,32,49,18,134,0,1,24,0,25,35,33,73,18,159,0,64,64,223
07/30/2015,MAF,TX,ASW,CE,Combined TRACON& Tower with Radar,40,33,50,31,154,0,0,33,15,48,40,33,83,46,202,26,33,59,261
07/31/2015,MAF,TX,ASW,CE,Combined TRACON& Tower with Radar,37,36,39,23,135,0,0,13,3,16,37,36,52,26,151,0,48,48,199
08/01/2015,MAF,TX,ASW,CE,Combined TRACON& Tower with Radar,23,19,19,31,92,0,1,18,4,23,23,20,37,35,115,13,0,13,128
08/02/2015,MAF,TX,ASW,CE,Combined TRACON& Tower with Radar,34,23,37,0,94,0,1,27,0,28,34,24,64,0,122,4,0,4,126
08/03/2015,MAF,TX,ASW,CE,Combined TRACON& Tower with Radar,41,28,32,46,147,0,0,12,6,18,41,28,44,52,165,0,50,50,215
08/04/2015,MAF,TX,ASW,CE,Combined TRACON& Tower with Radar,41,27,62,17,147,0,0,22,4,26,41,27,84,21,173,20,33,53,226
08/05/2015,MAF,TX,ASW,CE,Combined TRACON& Tower with Radar,36,40,57,40,173,0,1,22,8,31,36,41,79,48,204,4,28,32,236
08/06/2015,MAF,TX,ASW,CE,Combined TRACON& Tower with Radar,37,33,52,33,155,0,1,25,6,32,37,34,77,39,187,10,116,126,313
08/07/2015,MAF,TX,ASW,CE,Combined TRACON& Tower with Radar,35,32,35,29,131,0,0,7,4,11,35,32,42,33,142,0,47,47,189
08/08/2015,MAF,TX,ASW,CE,Combined TRACON& Tower with Radar,27,14,13,19,73,0,0,19,5,24,27,14,32,24,97,8,0,8,105
08/09/2015,MAF,TX,ASW,CE,Combined TRACON& Tower with Radar,37,19,38,1,95,0,0,12,6,18,37,19,50,7,113,6,0,6,119
08/10/2015,MAF,TX,ASW,CE,Combined TRACON& Tower with Radar,39,21,48,30,138,0,2,20,6,28,39,23,68,36,166,6,58,64,230
08/11/2015,MAF,TX,ASW,CE,Combined TRACON& Tower with Radar,37,18,50,23,128,0,2,40,4,46,37,20,90,27,174,0,78,78,252
08/12/2015,MAF,TX,ASW,CE,Combined TRACON& Tower with Radar,42,29,55,24,150,0,1,20,4,25,42,30,75,28,175,29,30,59,234
08/13/2015,MAF,TX,ASW,CE,Combined TRACON& Tower with Radar,39,32,50,20,141,0,1,24,8,33,39,33,74,28,174,36,18,54,228
08/14/2015,MAF,TX,ASW,CE,Combined TRACON& Tower with Radar,39,26,37,62,164,0,2,38,14,54,39,28,75,76,218,12,102,114,332
08/15/2015,MAF,TX,ASW,CE,Combined TRACON& Tower with Radar,27,15,19,1,62,0,2,17,11,30,27,17,36,12,92,0,0,0,92
08/16/2015,MAF,TX,ASW,CE,Combined TRACON& Tower with Radar,35,20,27,3,85,0,4,8,1,13,35,24,35,4,98,8,0,8,106
08/17/2015,MAF,TX,ASW,CE,Combined TRACON& Tower with Radar,39,25,45,42,151,0,2,19,4,25,39,27,64,46,176,0,24,24,200
08/18/2015,MAF,TX,ASW,CE,Combined TRACON& Tower with Radar,40,25,55,21,141,0,3,27,1,31,40,28,82,22,172,4,0,4,176
08/19/2015,MAF,TX,ASW,CE,Combined TRACON& Tower with Radar,34,34,62,39,169,0,0,20,1,21,34,34,82,40,190,0,76,76,266
08/20/2015,MAF,TX,ASW,CE,Combined TRACON& Tower with Radar,36,30,64,24,154,0,0,25,2,27,36,30,89,26,181,16,96,112,293
08/21/2015,MAF,TX,ASW,CE,Combined TRACON& Tower with Radar,41,30,48,18,137,0,0,19,2,21,41,30,67,20,158,2,6,8,166
08/22/2015,MAF,TX,ASW,CE,Combined TRACON& Tower with Radar,22,18,13,31,84,0,0,15,14,29,22,18,28,45,113,20,8,28,141
08/23/2015,MAF,TX,ASW,CE,Combined TRACON& Tower with Radar,30,23,27,0,80,0,0,13,0,13,30,23,40,0,93,0,0,0,93
08/24/2015,MAF,TX,ASW,CE,Combined TRACON& Tower with Radar,34,35,38,8,115,0,0,17,2,19,34,35,55,10,134,8,0,8,142
08/25/2015,MAF,TX,ASW,CE,Combined TRACON& Tower with Radar,35,29,53,42,159,0,0,35,10,45,35,29,88,52,204,18,92,110,314
08/26/2015,MAF,TX,ASW,CE,Combined TRACON& Tower with Radar,39,32,41,11,123,0,0,31,5,36,39,32,72,16,159,2,40,42,201
08/27/2015,MAF,TX,ASW,CE,Combined TRACON& Tower with Radar,38,42,44,16,140,0,0,23,9,32,38,42,67,25,172,8,0,8,180
08/28/2015,MAF,TX,ASW,CE,Combined TRACON& Tower with Radar,35,29,18,6,88,0,1,25,24,50,35,30,43,30,138,18,8,26,164
08/29/2015,MAF,TX,ASW,CE,Combined TRACON& Tower with Radar,17,15,8,5,45,0,0,57,31,88,17,15,65,36,133,79,0,79,212
08/30/2015,MAF,TX,ASW,CE,Combined TRACON& Tower with Radar,27,25,14,16,82,0,1,81,14,96,27,26,95,30,178,0,0,0,178
08/31/2015,MAF,TX,ASW,CE,Combined TRACON& Tower with Radar,34,29,31,21,115,0,0,21,7,28,34,29,52,28,143,6,36,42,185
09/01/2015,MAF,TX,ASW,CE,Combined TRACON& Tower with Radar,34,29,61,46,170,0,1,15,15,31,34,30,76,61,201,6,94,100,301
09/02/2015,MAF,TX,ASW,CE,Combined TRACON& Tower with Radar,36,36,54,27,153,0,0,16,7,23,36,36,70,34,176,4,46,50,226
09/03/2015,MAF,TX,ASW,CE,Combined TRACON& Tower with Radar,36,40,62,38,176,0,1,27,14,42,36,41,89,52,218,18,42,60,278
09/04/2015,MAF,TX,ASW,CE,Combined TRACON& Tower with Radar,36,30,51,10,127,0,1,18,8,27,36,31,69,18,154,1,2,3,157
09/05/2015,MAF,TX,ASW,CE,Combined TRACON& Tower with Radar,13,22,18,2,55,0,0,8,11,19,13,22,26,13,74,0,0,0,74
09/06/2015,MAF,TX,ASW,CE,Combined TRACON& Tower with Radar,17,14,24,1,56,0,0,9,7,16,17,14,33,8,72,10,0,10,82
09/07/2015,MAF,TX,ASW,CE,Combined TRACON& Tower with Radar,33,26,43,0,102,0,1,21,7,29,33,27,64,7,131,30,0,30,161
09/08/2015,MAF,TX,ASW,CE,Combined TRACON& Tower with Radar,35,28,52,29,144,0,2,8,6,16,35,30,60,35,160,2,104,106,266
09/09/2015,MAF,TX,ASW,CE,Combined TRACON& Tower with Radar,35,30,57,81,203,0,0,18,12,30,35,30,75,93,233,18,92,110,343
09/10/2015,MAF,TX,ASW,CE,Combined TRACON& Tower with Radar,38,25,45,24,132,0,1,18,2,21,38,26,63,26,153,20,54,74,227
09/11/2015,MAF,TX,ASW,CE,Combined TRACON& Tower with Radar,40,32,37,57,166,0,1,16,8,25,40,33,53,65,191,16,102,118,309
09/12/2015,MAF,TX,ASW,CE,Combined TRACON& Tower with Radar,20,19,32,4,75,0,1,18,0,19,20,20,50,4,94,13,0,13,107
09/13/2015,MAF,TX,ASW,CE,Combined TRACON& Tower with Radar,30,29,37,13,109,0,2,13,2,17,30,31,50,15,126,2,0,2,128
09/14/2015,MAF,TX,ASW,CE,Combined TRACON& Tower with Radar,35,33,41,43,152,0,0,11,4,15,35,33,52,47,167,0,38,38,205
09/15/2015,MAF,TX,ASW,CE,Combined TRACON& Tower with Radar,35,33,47,30,145,0,0,16,9,25,35,33,63,39,170,12,50,62,232
09/16/2015,MAF,TX,ASW,CE,Combined TRACON& Tower with Radar,38,33,57,46,174,0,1,26,11,38,38,34,83,57,212,26,122,148,360
09/17/2015,MAF,TX,ASW,CE,Combined TRACON& Tower with Radar,39,38,59,13,149,0,2,21,8,31,39,40,80,21,180,20,74,94,274
09/18/2015,MAF,TX,ASW,CE,Combined TRACON& Tower with Radar,38,34,58,58,188,0,0,9,16,25,38,34,67,74,213,18,86,104,317
09/19/2015,MAF,TX,ASW,CE,Combined TRACON& Tower with Radar,22,21,22,1,66,0,0,9,0,9,22,21,31,1,75,0,0,0,75
09/20/2015,MAF,TX,ASW,CE,Combined TRACON& Tower with Radar,29,36,42,0,107,0,0,5,0,5,29,36,47,0,112,0,0,0,112
09/21/2015,MAF,TX,ASW,CE,Combined TRACON& Tower with Radar,36,32,33,43,144,0,0,15,10,25,36,32,48,53,169,0,32,32,201
09/22/2015,MAF,TX,ASW,CE,Combined TRACON& Tower with Radar,39,25,62,15,141,0,0,35,9,44,39,25,97,24,185,0,0,0,185
09/23/2015,MAF,TX,ASW,CE,Combined TRACON& Tower with Radar,37,33,47,22,139,0,4,15,10,29,37,37,62,32,168,4,16,20,188
09/24/2015,MAF,TX,ASW,CE,Combined TRACON& Tower with Radar,40,34,63,30,167,0,0,17,4,21,40,34,80,34,188,28,44,72,260
09/25/2015,MAF,TX,ASW,CE,Combined TRACON& Tower with Radar,41,31,44,46,162,0,0,19,9,28,41,31,63,55,190,23,90,113,303
09/26/2015,MAF,TX,ASW,CE,Combined TRACON& Tower with Radar,23,18,35,18,94,0,0,11,3,14,23,18,46,21,108,14,10,24,132
09/27/2015,MAF,TX,ASW,CE,Combined TRACON& Tower with Radar,36,26,60,1,123,0,1,21,2,24,36,27,81,3,147,40,0,40,187
09/28/2015,MAF,TX,ASW,CE,Combined TRACON& Tower with Radar,38,30,37,31,136,0,3,26,7,36,38,33,63,38,172,34,66,100,272
09/29/2015,MAF,TX,ASW,CE,Combined TRACON& Tower with Radar,41,23,56,60,180,0,5,14,28,47,41,28,70,88,227,10,34,44,271
09/30/2015,MAF,TX,ASW,CE,Combined TRACON& Tower with Radar,36,33,53,29,151,0,2,32,3,37,36,35,85,32,188,0,62,62,250
10/01/2015,MAF,TX,ASW,CE,Combined TRACON& Tower with Radar,39,29,49,24,141,0,1,24,8,33,39,30,73,32,174,18,34,52,226
10/02/2015,MAF,TX,ASW,CE,Combined TRACON& Tower with Radar,38,31,50,41,160,0,0,22,11,33,38,31,72,52,193,8,0,8,201
10/03/2015,MAF,TX,ASW,CE,Combined TRACON& Tower with Radar,23,12,15,4,54,0,0,10,0,10,23,12,25,4,64,10,0,10,74
10/04/2015,MAF,TX,ASW,CE,Combined TRACON& Tower with Radar,37,16,46,0,99,0,0,3,2,5,37,16,49,2,104,0,0,0,104
10/05/2015,MAF,TX,ASW,CE,Combined TRACON& Tower with Radar,39,25,48,33,145,0,0,6,10,16,39,25,54,43,161,50,116,166,327
10/06/2015,MAF,TX,ASW,CE,Combined TRACON& Tower with Radar,42,27,64,47,180,0,0,29,10,39,42,27,93,57,219,12,36,48,267
10/07/2015,MAF,TX,ASW,CE,Combined TRACON& Tower with Radar,39,37,62,23,161,0,0,29,5,34,39,37,91,28,195,28,20,48,243
10/08/2015,MAF,TX,ASW,CE,Combined TRACON& Tower with Radar,43,33,46,2,124,0,0,5,0,5,43,33,51,2,129,0,0,0,129
10/09/2015,MAF,TX,ASW,CE,Combined TRACON& Tower with Radar,41,26,48,15,130,0,0,18,8,26,41,26,66,23,156,8,6,14,170
10/10/2015,MAF,TX,ASW,CE,Combined TRACON& Tower with Radar,25,13,20,1,59,0,1,8,4,13,25,14,28,5,72,48,0,48,120
10/11/2015,MAF,TX,ASW,CE,Combined TRACON& Tower with Radar,35,22,36,5,98,0,3,23,8,34,35,25,59,13,132,14,0,14,146
10/12/2015,MAF,TX,ASW,CE,Combined TRACON& Tower with Radar,43,27,45,2,117,0,0,18,7,25,43,27,63,9,142,18,0,18,160
10/13/2015,MAF,TX,ASW,CE,Combined TRACON& Tower with Radar,41,26,50,57,174,0,1,33,19,53,41,27,83,76,227,12,22,34,261
10/14/2015,MAF,TX,ASW,CE,Combined TRACON& Tower with Radar,37,33,57,29,156,0,0,22,12,34,37,33,79,41,190,2,30,32,222
10/15/2015,MAF,TX,ASW,CE,Combined TRACON& Tower with Radar,41,26,53,62,182,0,0,19,9,28,41,26,72,71,210,2,34,36,246
10/16/2015,MAF,TX,ASW,CE,Combined TRACON& Tower with Radar,43,31,31,43,148,0,1,26,5,32,43,32,57,48,180,13,4,17,197
10/17/2015,MAF,TX,ASW,CE,Combined TRACON& Tower with Radar,27,10,28,2,67,0,1,23,2,26,27,11,51,4,93,4,0,4,97
10/18/2015,MAF,TX,ASW,CE,Combined TRACON& Tower with Radar,36,16,36,0,88,0,0,12,0,12,36,16,48,0,100,0,0,0,100
10/19/2015,MAF,TX,ASW,CE,Combined TRACON& Tower with Radar,41,24,36,30,131,0,0,17,0,17,41,24,53,30,148,0,10,10,158
10/20/2015,MAF,TX,ASW,CE,Combined TRACON& Tower with Radar,41,24,49,80,194,0,0,30,9,39,41,24,79,89,233,64,35,99,332
10/21/2015,MAF,TX,ASW,CE,Combined TRACON& Tower with Radar,39,45,54,0,138,0,0,4,2,6,39,45,58,2,144,0,4,4,148
10/22/2015,MAF,TX,ASW,CE,Combined TRACON& Tower with Radar,39,30,40,67,176,0,1,6,0,7,39,31,46,67,183,0,8,8,191
10/23/2015,MAF,TX,ASW,CE,Combined TRACON& Tower with Radar,45,34,30,24,133,0,0,9,8,17,45,34,39,32,150,0,0,0,150
10/24/2015,MAF,TX,ASW,CE,Combined TRACON& Tower with Radar,26,10,11,1,48,0,1,12,6,19,26,11,23,7,67,14,0,14,81
10/25/2015,MAF,TX,ASW,CE,Combined TRACON& Tower with Radar,31,31,32,14,108,0,1,16,4,21,31,32,48,18,129,2,4,6,135
10/26/2015,MAF,TX,ASW,CE,Combined TRACON& Tower with Radar,42,25,26,55,148,0,5,18,9,32,42,30,44,64,180,14,74,88,268
10/27/2015,MAF,TX,ASW,CE,Combined TRACON& Tower with Radar,39,17,57,40,153,0,2,22,18,42,39,19,79,58,195,0,36,36,231
10/28/2015,MAF,TX,ASW,CE,Combined TRACON& Tower with Radar,43,22,66,18,149,0,1,19,11,31,43,23,85,29,180,18,24,42,222
10/29/2015,MAF,TX,ASW,CE,Combined TRACON& Tower with Radar,38,27,56,36,157,0,0,30,4,34,38,27,86,40,191,2,38,40,231
10/30/2015,MAF,TX,ASW,CE,Combined TRACON& Tower with Radar,49,20,38,26,133,0,0,8,0,8,49,20,46,26,141,0,14,14,155
10/31/2015,MAF,TX,ASW,CE,Combined TRACON& Tower with Radar,19,12,20,34,85,0,0,21,9,30,19,12,41,43,115,0,0,0,115
11/01/2015,MAF,TX,ASW,CE,Combined TRACON& Tower with Radar,33,19,49,0,101,0,0,20,2,22,33,19,69,2,123,14,0,14,137
11/02/2015,MAF,TX,ASW,CE,Combined TRACON& Tower with Radar,39,18,45,36,138,0,1,33,5,39,39,19,78,41,177,6,8,14,191
11/03/2015,MAF,TX,ASW,CE,Combined TRACON& Tower with Radar,39,23,49,37,148,0,5,38,25,68,39,28,87,62,216,0,26,26,242
11/04/2015,MAF,TX,ASW,CE,Combined TRACON& Tower with Radar,41,34,55,40,170,0,2,7,5,14,41,36,62,45,184,1,28,29,213
11/05/2015,MAF,TX,ASW,CE,Combined TRACON& Tower with Radar,42,32,59,43,176,0,1,19,9,29,42,33,78,52,205,8,54,62,267
11/06/2015,MAF,TX,ASW,CE,Combined TRACON& Tower with Radar,37,26,68,11,142,0,0,26,2,28,37,26,94,13,170,8,0,8,178
11/07/2015,MAF,TX,ASW,CE,Combined TRACON& Tower with Radar,22,15,32,14,83,0,0,12,1,13,22,15,44,15,96,6,0,6,102
11/08/2015,MAF,TX,ASW,CE,Combined TRACON& Tower with Radar,38,25,59,15,137,0,0,7,0,7,38,25,66,15,144,8,0,8,152
11/09/2015,MAF,TX,ASW,CE,Combined TRACON& Tower with Radar,35,21,54,34,144,0,0,27,0,27,35,21,81,34,171,6,52,58,229
11/10/2015,MAF,TX,ASW,CE,Combined TRACON& Tower with Radar,36,26,59,82,203,0,1,22,4,27,36,27,81,86,230,16,66,82,312
11/11/2015,MAF,TX,ASW,CE,Combined TRACON& Tower with Radar,35,35,48,0,118,0,0,9,2,11,35,35,57,2,129,4,0,4,133
11/12/2015,MAF,TX,ASW,CE,Combined TRACON& Tower with Radar,36,35,56,46,173,0,1,29,11,41,36,36,85,57,214,0,14,14,228
11/13/2015,MAF,TX,ASW,CE,Combined TRACON& Tower with Radar,35,22,56,57,170,0,0,25,5,30,35,22,81,62,200,7,56,63,263
11/14/2015,MAF,TX,ASW,CE,Combined TRACON& Tower with Radar,21,15,25,18,79,0,0,10,2,12,21,15,35,20,91,2,0,2,93
11/15/2015,MAF,TX,ASW,CE,Combined TRACON& Tower with Radar,32,21,52,3,108,0,0,1,0,1,32,21,53,3,109,0,0,0,109
11/16/2015,MAF,TX,ASW,CE,Combined TRACON& Tower with Radar,32,32,42,39,145,0,0,6,1,7,32,32,48,40,152,8,0,8,160
11/17/2015,MAF,TX,ASW,CE,Combined TRACON& Tower with Radar,31,31,46,22,130,0,1,6,3,10,31,32,52,25,140,6,0,6,146
11/18/2015,MAF,TX,ASW,CE,Combined TRACON& Tower with Radar,36,33,54,28,151,0,0,28,6,34,36,33,82,34,185,49,80,129,314
11/19/2015,MAF,TX,ASW,CE,Combined TRACON& Tower with Radar,36,31,59,12,138,0,0,30,10,40,36,31,89,22,178,14,10,24,202
11/20/2015,MAF,TX,ASW,CE,Combined TRACON& Tower with Radar,37,32,55,43,167,0,0,39,4,43,37,32,94,47,210,0,44,44,254
11/21/2015,MAF,TX,ASW,CE,Combined TRACON& Tower with Radar,21,15,23,6,65,0,0,15,0,15,21,15,38,6,80,0,0,0,80
11/22/2015,MAF,TX,ASW,CE,Combined TRACON& Tower with Radar,31,17,21,1,70,0,0,8,3,11,31,17,29,4,81,0,0,0,81
11/23/2015,MAF,TX,ASW,CE,Combined TRACON& Tower with Radar,36,19,34,28,117,0,0,20,1,21,36,19,54,29,138,18,20,38,176
11/24/2015,MAF,TX,ASW,CE,Combined TRACON& Tower with Radar,34,23,60,48,165,0,0,24,16,40,34,23,84,64,205,0,0,0,205
11/25/2015,MAF,TX,ASW,CE,Combined TRACON& Tower with Radar,34,28,46,13,121,0,0,15,0,15,34,28,61,13,136,0,8,8,144
11/26/2015,MAF,TX,ASW,CE,Combined TRACON& Tower with Radar,14,10,13,0,37,0,0,1,0,1,14,10,14,0,38,0,0,0,38
11/27/2015,MAF,TX,ASW,CE,Combined TRACON& Tower with Radar,22,17,17,1,57,0,0,0,0,0,22,17,17,1,57,0,0,0,57
11/28/2015,MAF,TX,ASW,CE,Combined TRACON& Tower with Radar,24,21,20,0,65,0,0,1,0,1,24,21,21,0,66,0,0,0,66
11/29/2015,MAF,TX,ASW,CE,Combined TRACON& Tower with Radar,35,17,54,0,106,0,0,1,0,1,35,17,55,0,107,0,0,0,107
11/30/2015,MAF,TX,ASW,CE,Combined TRACON& Tower with Radar,37,23,31,15,106,0,0,10,4,14,37,23,41,19,120,0,0,0,120
12/01/2015,MAF,TX,ASW,CE,Combined TRACON& Tower with Radar,37,21,51,43,152,0,2,23,9,34,37,23,74,52,186,24,32,56,242
12/02/2015,MAF,TX,ASW,CE,Combined TRACON& Tower with Radar,33,28,54,48,163,0,1,51,18,70,33,29,105,66,233,8,71,79,312
12/03/2015,MAF,TX,ASW,CE,Combined TRACON& Tower with Radar,36,26,57,74,193,0,2,37,6,45,36,28,94,80,238,33,78,111,349
12/04/2015,MAF,TX,ASW,CE,Combined TRACON& Tower with Radar,38,27,46,64,175,0,1,29,17,47,38,28,75,81,222,0,48,48,270
12/05/2015,MAF,TX,ASW,CE,Combined TRACON& Tower with Radar,20,18,29,4,71,0,2,38,9,49,20,20,67,13,120,56,0,56,176
12/06/2015,MAF,TX,ASW,CE,Combined TRACON& Tower with Radar,28,23,28,5,84,0,1,21,3,25,28,24,49,8,109,20,0,20,129
12/07/2015,MAF,TX,ASW,CE,Combined TRACON& Tower with Radar,33,28,51,50,162,0,0,24,2,26,33,28,75,52,188,0,37,37,225
12/08/2015,MAF,TX,ASW,CE,Combined TRACON& Tower with Radar,32,32,44,51,159,0,0,26,5,31,32,32,70,56,190,6,64,70,260
12/09/2015,MAF,TX,ASW,CE,Combined TRACON& Tower with Radar,34,35,66,26,161,0,0,37,4,41,34,35,103,30,202,6,92,98,300
12/10/2015,MAF,TX,ASW,CE,Combined TRACON& Tower with Radar,37,34,54,37,162,0,2,39,7,48,37,36,93,44,210,0,30,30,240
12/11/2015,MAF,TX,ASW,CE,Combined TRACON& Tower with Radar,31,33,59,10,133,0,0,34,3,37,31,33,93,13,170,0,0,0,170
12/12/2015,MAF,TX,ASW,CE,Combined TRACON& Tower with Radar,22,19,15,12,68,0,0,7,6,13,22,19,22,18,81,18,0,18,99
12/13/2015,MAF,TX,ASW,CE,Combined TRACON& Tower with Radar,31,24,23,14,92,0,0,15,2,17,31,24,38,16,109,8,2,10,119
12/14/2015,MAF,TX,ASW,CE,Combined TRACON& Tower with Radar,33,25,54,13,125,0,1,32,6,39,33,26,86,19,164,0,42,42,206
12/15/2015,MAF,TX,ASW,CE,Combined TRACON& Tower with Radar,35,28,71,38,172,0,3,26,7,36,35,31,97,45,208,0,48,48,256
12/16/2015,MAF,TX,ASW,CE,Combined TRACON& Tower with Radar,33,29,60,9,131,0,0,53,13,66,33,29,113,22,197,0,0,0,197
12/17/2015,MAF,TX,ASW,CE,Combined TRACON& Tower with Radar,34,27,67,7,135,0,1,39,5,45,34,28,106,12,180,9,0,9,189
12/18/2015,MAF,TX,ASW,CE,Combined TRACON& Tower with Radar,35,24,63,36,158,0,1,41,5,47,35,25,104,41,205,0,3,3,208
12/19/2015,MAF,TX,ASW,CE,Combined TRACON& Tower with Radar,27,13,28,0,68,0,2,27,2,31,27,15,55,2,99,10,0,10,109
12/20/2015,MAF,TX,ASW,CE,Combined TRACON& Tower with Radar,31,16,33,6,86,0,1,20,4,25,31,17,53,10,111,0,0,0,111
12/21/2015,MAF,TX,ASW,CE,Combined TRACON& Tower with Radar,32,24,32,5,93,0,1,34,3,38,32,25,66,8,131,0,0,0,131
12/22/2015,MAF,TX,ASW,CE,Combined TRACON& Tower with Radar,33,29,39,12,113,0,0,33,0,33,33,29,72,12,146,0,1,1,147
12/23/2015,MAF,TX,ASW,CE,Combined TRACON& Tower with Radar,33,22,30,18,103,0,2,33,11,46,33,24,63,29,149,0,0,0,149
12/24/2015,MAF,TX,ASW,CE,Combined TRACON& Tower with Radar,27,25,14,2,68,0,0,10,2,12,27,25,24,4,80,4,44,48,128
12/25/2015,MAF,TX,ASW,CE,Combined TRACON& Tower with Radar,24,13,8,0,45,0,0,8,1,9,24,13,16,1,54,0,0,0,54
12/26/2015,MAF,TX,ASW,CE,Combined TRACON& Tower with Radar,20,20,48,0,88,0,0,4,0,4,20,20,52,0,92,0,0,0,92
12/27/2015,MAF,TX,ASW,CE,Combined TRACON& Tower with Radar,0,0,4,0,4,0,0,2,0,2,0,0,6,0,6,0,0,0,6
12/28/2015,MAF,TX,ASW,CE,Combined TRACON& Tower with Radar,26,25,50,2,103,0,0,14,2,16,26,25,64,4,119,0,0,0,119
12/29/2015,MAF,TX,ASW,CE,Combined TRACON& Tower with Radar,28,36,38,0,102,0,0,17,0,17,28,36,55,0,119,0,0,0,119
12/30/2015,MAF,TX,ASW,CE,Combined TRACON& Tower with Radar,33,31,39,1,104,0,0,14,1,15,33,31,53,2,119,0,0,0,119
12/31/2015,MAF,TX,ASW,CE,Combined TRACON& Tower with Radar,19,26,25,0,70,0,0,1,0,1,19,26,26,0,71,0,0,0,71
01/01/2016,MAF,TX,ASW,CE,Combined TRACON& Tower with Radar,19,17,12,2,50,0,0,0,0,0,19,17,12,2,50,0,0,0,50
01/02/2016,MAF,TX,ASW,CE,Combined TRACON& Tower with Radar,25,29,44,1,99,0,0,6,0,6,25,29,50,1,105,0,0,0,105
01/03/2016,MAF,TX,ASW,CE,Combined TRACON& Tower with Radar,30,24,52,2,108,0,0,10,0,10,30,24,62,2,118,0,0,0,118
01/04/2016,MAF,TX,ASW,CE,Combined TRACON& Tower with Radar,30,28,42,0,100,0,2,34,2,38,30,30,76,2,138,0,0,0,138
01/05/2016,MAF,TX,ASW,CE,Combined TRACON& Tower with Radar,28,27,40,16,111,0,0,7,1,8,28,27,47,17,119,0,0,0,119
01/06/2016,MAF,TX,ASW,CE,Combined TRACON& Tower with Radar,31,28,45,20,124,0,0,5,4,9,31,28,50,24,133,0,8,8,141
01/07/2016,MAF,TX,ASW,CE,Combined TRACON& Tower with Radar,30,34,43,27,134,0,2,18,17,37,30,36,61,44,171,10,40,50,221
01/08/2016,MAF,TX,ASW,CE,Combined TRACON& Tower with Radar,32,31,42,86,191,0,0,11,18,29,32,31,53,104,220,0,24,24,244
01/09/2016,MAF,TX,ASW,CE,Combined TRACON& Tower with Radar,20,14,26,18,78,0,1,10,7,18,20,15,36,25,96,14,0,14,110
01/10/2016,MAF,TX,ASW,CE,Combined TRACON& Tower with Radar,32,14,22,15,83,0,0,12,4,16,32,14,34,19,99,0,0,0,99
01/11/2016,MAF,TX,ASW,CE,Combined TRACON& Tower with Radar,32,24,40,25,121,0,0,21,8,29,32,24,61,33,150,0,36,36,186
01/12/2016,MAF,TX,ASW,CE,Combined TRACON& Tower with Radar,30,33,45,20,128,0,0,26,10,36,30,33,71,30,164,38,18,56,220
01/13/2016,MAF,TX,ASW,CE,Combined TRACON& Tower with Radar,29,28,51,48,156,0,1,42,6,49,29,29,93,54,205,0,64,64,269
01/14/2016,MAF,TX,ASW,CE,Combined TRACON& Tower with Radar,33,34,61,21,149,0,0,26,9,35,33,34,87,30,184,0,30,30,214
01/15/2016,MAF,TX,ASW,CE,Combined TRACON& Tower with Radar,31,27,35,6,99,0,1,24,6,31,31,28,59,12,130,4,2,6,136
01/16/2016,MAF,TX,ASW,CE,Combined TRACON& Tower with Radar,22,10,27,0,59,0,0,16,7,23,22,10,43,7,82,14,0,14,96
01/17/2016,MAF,TX,ASW,CE,Combined TRACON& Tower with Radar,27,12,29,6,74,0,0,14,1,15,27,12,43,7,89,14,0,14,103
01/18/2016,MAF,TX,ASW,CE,Combined TRACON& Tower with Radar,28,28,50,2,108,0,0,10,0,10,28,28,60,2,118,0,0,0,118
01/19/2016,MAF,TX,ASW,CE,Combined TRACON& Tower with Radar,29,28,70,28,155,0,0,17,11,28,29,28,87,39,183,6,68,74,257
01/20/2016,MAF,TX,ASW,CE,Combined TRACON& Tower with Radar,27,31,43,39,140,0,0,34,14,48,27,31,77,53,188,34,74,108,296
01/21/2016,MAF,TX,ASW,CE,Combined TRACON& Tower with Radar,33,25,37,6,101,0,0,16,0,16,33,25,53,6,117,16,0,16,133
01/22/2016,MAF,TX,ASW,CE,Combined TRACON& Tower with Radar,33,24,47,11,115,0,0,30,7,37,33,24,77,18,152,14,0,14,166
01/23/2016,MAF,TX,ASW,CE,Combined TRACON& Tower with Radar,20,13,13,8,54,0,1,34,15,50,20,14,47,23,104,33,2,35,139
01/24/2016,MAF,TX,ASW,CE,Combined TRACON& Tower with Radar,30,17,21,14,82,0,6,16,8,30,30,23,37,22,112,2,0,2,114
01/25/2016,MAF,TX,ASW,CE,Combined TRACON& Tower with Radar,33,23,52,8,116,0,2,19,6,27,33,25,71,14,143,14,0,14,157
01/26/2016,MAF,TX,ASW,CE,Combined TRACON& Tower with Radar,29,30,53,5,117,0,0,7,0,7,29,30,60,5,124,20,0,20,144
01/27/2016,MAF,TX,ASW,CE,Combined TRACON& Tower with Radar,30,31,50,24,135,0,0,22,7,29,30,31,72,31,164,8,20,28,192
01/28/2016,MAF,TX,ASW,CE,Combined TRACON& Tower with Radar,33,28,64,18,143,0,1,37,8,46,33,29,101,26,189,10,46,56,245
01/29/2016,MAF,TX,ASW,CE,Combined TRACON& Tower with Radar,32,22,50,34,138,0,0,22,5,27,32,22,72,39,165,8,54,62,227
01/30/2016,MAF,TX,ASW,CE,Combined TRACON& Tower with Radar,20,18,22,7,67,0,1,15,5,21,20,19,37,12,88,14,0,14,102
01/31/2016,MAF,TX,ASW,CE,Combined TRACON& Tower with Radar,27,17,27,23,94,0,0,13,4,17,27,17,40,27,111,8,2,10,121
02/01/2016,MAF,TX,ASW,CE,Combined TRACON& Tower with Radar,30,23,30,26,109,0,0,8,5,13,30,23,38,31,122,0,2,2,124
02/02/2016,MAF,TX,ASW,CE,Combined TRACON& Tower with Radar,27,26,37,44,134,0,0,11,8,19,27,26,48,52,153,0,87,87,240
02/03/2016,MAF,TX,ASW,CE,Combined TRACON& Tower with Radar,26,34,43,28,131,0,1,22,7,30,26,35,65,35,161,0,60,60,221
02/04/2016,MAF,TX,ASW,CE,Combined TRACON& Tower with Radar,31,34,59,14,138,0,0,28,7,35,31,34,87,21,173,4,0,4,177
02/05/2016,MAF,TX,ASW,CE,Combined TRACON& Tower with Radar,29,30,36,31,126,0,0,16,10,26,29,30,52,41,152,28,50,78,230
02/06/2016,MAF,TX,ASW,CE,Combined TRACON& Tower with Radar,21,19,30,8,78,0,0,14,6,20,21,19,44,14,98,42,0,42,140
02/07/2016,MAF,TX,ASW,CE,Combined TRACON& Tower with Radar,24,20,24,2,70,0,0,14,5,19,24,20,38,7,89,9,0,9,98
02/08/2016,MAF,TX,ASW,CE,Combined TRACON& Tower with Radar,33,26,44,35,138,0,0,16,4,20,33,26,60,39,158,32,72,104,262
02/09/2016,MAF,TX,ASW,CE,Combined TRACON& Tower with Radar,29,30,42,15,116,0,1,31,8,40,29,31,73,23,156,20,20,40,196
02/10/2016,MAF,TX,ASW,CE,Combined TRACON& Tower with Radar,26,30,44,22,122,0,0,37,7,44,26,30,81,29,166,20,86,106,272
02/11/2016,MAF,TX,ASW,CE,Combined TRACON& Tower with Radar,31,33,38,62,164,0,2,32,7,41,31,35,70,69,205,10,94,104,309
02/12/2016,MAF,TX,ASW,CE,Combined TRACON& Tower with Radar,31,28,42,32,133,0,2,34,16,52,31,30,76,48,185,27,30,57,242
02/13/2016,MAF,TX,ASW,CE,Combined TRACON& Tower with Radar,18,18,19,3,58,0,1,25,8,34,18,19,44,11,92,18,0,18,110
02/14/2016,MAF,TX,ASW,CE,Combined TRACON& Tower with Radar,27,19,35,0,81,0,2,11,4,17,27,21,46,4,98,26,0,26,124
02/15/2016,MAF,TX,ASW,CE,Combined TRACON& Tower with Radar,31,25,33,2,91,0,0,19,4,23,31,25,52,6,114,0,0,0,114
02/16/2016,MAF,TX,ASW,CE,Combined TRACON& Tower with Radar,30,29,65,37,161,0,4,28,4,36,30,33,93,41,197,42,28,70,267
02/17/2016,MAF,TX,ASW,CE,Combined TRACON& Tower with Radar,27,34,50,37,148,0,1,27,10,38,27,35,77,47,186,16,52,68,254
02/18/2016,MAF,TX,ASW,CE,Combined TRACON& Tower with Radar,31,30,51,23,135,0,2,15,6,23,31,32,66,29,158,0,38,38,196
02/19/2016,MAF,TX,ASW,CE,Combined TRACON& Tower with Radar,29,32,35,53,149,0,2,18,12,32,29,34,53,65,181,32,43,75,256
02/20/2016,MAF,TX,ASW,CE,Combined TRACON& Tower with Radar,20,21,24,17,82,0,0,23,3,26,20,21,47,20,108,19,0,19,127
02/21/2016,MAF,TX,ASW,CE,Combined TRACON& Tower with Radar,27,28,35,0,90,0,0,5,0,5,27,28,40,0,95,18,0,18,113
02/22/2016,MAF,TX,ASW,CE,Combined TRACON& Tower with Radar,30,33,33,21,117,0,0,18,3,21,30,33,51,24,138,20,52,72,210
02/23/2016,MAF,TX,ASW,CE,Combined TRACON& Tower with Radar,29,29,48,4,110,0,0,8,0,8,29,29,56,4,118,0,0,0,118
02/24/2016,MAF,TX,ASW,CE,Combined TRACON& Tower with Radar,29,36,47,2,114,0,0,30,12,42,29,36,77,14,156,36,40,76,232
02/25/2016,MAF,TX,ASW,CE,Combined TRACON& Tower with Radar,29,31,56,6,122,0,1,23,4,28,29,32,79,10,150,8,0,8,158
02/26/2016,MAF,TX,ASW,CE,Combined TRACON& Tower with Radar,31,27,46,12,116,0,1,20,11,32,31,28,66,23,148,18,0,18,166
02/27/2016,MAF,TX,ASW,CE,Combined TRACON& Tower with Radar,18,17,16,12,63,0,0,27,14,41,18,17,43,26,104,48,0,48,152
02/28/2016,MAF,TX,ASW,CE,Combined TRACON& Tower with Radar,28,20,32,2,82,0,5,11,9,25,28,25,43,11,107,4,0,4,111
02/29/2016,MAF,TX,ASW,CE,Combined TRACON& Tower with Radar,31,25,43,4,103,0,3,23,6,32,31,28,66,10,135,8,0,8,143
03/01/2016,MAF,TX,ASW,CE,Combined TRACON& Tower with Radar,28,32,41,19,120,0,0,27,8,35,28,32,68,27,155,30,46,76,231
03/02/2016,MAF,TX,ASW,CE,Combined TRACON& Tower with Radar,29,37,33,28,127,0,3,38,9,50,29,40,71,37,177,8,32,40,217
03/03/2016,MAF,TX,ASW,CE,Combined TRACON& Tower with Radar,34,31,55,14,134,0,1,29,9,39,34,32,84,23,173,26,6,32,205
03/04/2016,MAF,TX,ASW,CE,Combined TRACON& Tower with Radar,34,27,37,16,114,0,0,18,4,22,34,27,55,20,136,26,7,33,169
03/05/2016,MAF,TX,ASW,CE,Combined TRACON& Tower with Radar,23,16,21,51,111,0,0,4,7,11,23,16,25,58,122,50,2,52,174
03/06/2016,MAF,TX,ASW,CE,Combined TRACON& Tower with Radar,28,26,35,17,106,0,0,17,4,21,28,26,52,21,127,0,0,0,127
03/07/2016,MAF,TX,ASW,CE,Combined TRACON& Tower with Radar,35,26,46,28,135,0,0,15,7,22,35,26,61,35,157,12,86,98,255
03/08/2016,MAF,TX,ASW,CE,Combined TRACON& Tower with Radar,31,26,55,20,132,0,0,27,12,39,31,26,82,32,171,4,8,12,183
03/09/2016,MAF,TX,ASW,CE,Combined TRACON& Tower with Radar,30,34,39,1,104,0,0,3,2,5,30,34,42,3,109,0,0,0,109
03/10/2016,MAF,TX,ASW,CE,Combined TRACON& Tower with Radar,34,27,59,13,133,0,0,17,2,19,34,27,76,15,152,0,0,0,152
03/11/2016,MAF,TX,ASW,CE,Combined TRACON& Tower with Radar,34,27,41,51,153,0,0,16,13,29,34,27,57,64,182,12,25,37,219
03/12/2016,MAF,TX,ASW,CE,Combined TRACON& Tower with Radar,21,21,24,18,84,0,0,18,9,27,21,21,42,27,111,23,0,23,134
03/13/2016,MAF,TX,ASW,CE,Combined TRACON& Tower with Radar,35,19,26,12,92,0,0,16,4,20,35,19,42,16,112,15,46,61,173
03/14/2016,MAF,TX,ASW,CE,Combined TRACON& Tower with Radar,39,21,36,19,115,0,0,19,2,21,39,21,55,21,136,15,0,15,151
03/15/2016,MAF,TX,ASW,CE,Combined TRACON& Tower with Radar,31,33,37,17,118,0,0,19,0,19,31,33,56,17,137,24,62,86,223
03/16/2016,MAF,TX,ASW,CE,Combined TRACON& Tower with Radar,38,37,60,46,181,0,1,36,16,53,38,38,96,62,234,28,36,64,298
03/17/2016,MAF,TX,ASW,CE,Combined TRACON& Tower with Radar,35,24,43,17,119,0,0,21,7,28,35,24,64,24,147,18,28,46,193
03/18/2016,MAF,TX,ASW,CE,Combined TRACON& Tower with Radar,32,33,28,66,159,0,0,9,3,12,32,33,37,69,171,11,9,20,191
03/19/2016,MAF,TX,ASW,CE,Combined TRACON& Tower with Radar,22,16,24,1,63,0,0,36,4,40,22,16,60,5,103,40,0,40,143
03/20/2016,MAF,TX,ASW,CE,Combined TRACON& Tower with Radar,33,20,22,33,108,0,0,28,7,35,33,20,50,40,143,26,14,40,183
03/21/2016,MAF,TX,ASW,CE,Combined TRACON& Tower with Radar,36,25,32,12,105,0,0,12,4,16,36,25,44,16,121,0,16,16,137
03/22/2016,MAF,TX,ASW,CE,Combined TRACON& Tower with Radar,32,25,62,16,135,0,0,29,8,37,32,25,91,24,172,38,14,52,224
03/23/2016,MAF,TX,ASW,CE,Combined TRACON& Tower with Radar,34,27,42,43,146,0,0,11,7,18,34,27,53,50,164,14,28,42,206
03/24/2016,MAF,TX,ASW,CE,Combined TRACON& Tower with Radar,38,27,53,15,133,0,0,22,10,32,38,27,75,25,165,18,20,38,203
03/25/2016,MAF,TX,ASW,CE,Combined TRACON& Tower with Radar,32,27,41,41,141,0,0,17,13,30,32,27,58,54,171,0,6,6,177
03/26/2016,MAF,TX,ASW,CE,Combined TRACON& Tower with Radar,17,12,10,0,39,0,0,17,4,21,17,12,27,4,60,40,0,40,100
03/27/2016,MAF,TX,ASW,CE,Combined TRACON& Tower with Radar,30,15,23,4,72,0,0,18,9,27,30,15,41,13,99,14,0,14,113
03/28/2016,MAF,TX,ASW,CE,Combined TRACON& Tower with Radar,37,20,48,32,137,0,0,23,3,26,37,20,71,35,163,0,16,16,179
03/29/2016,MAF,TX,ASW,CE,Combined TRACON& Tower with Radar,33,28,51,16,128,0,1,27,8,36,33,29,78,24,164,14,12,26,190
03/30/2016,MAF,TX,ASW,CE,Combined TRACON& Tower with Radar,32,26,51,10,119,0,0,18,5,23,32,26,69,15,142,4,28,32,174
03/31/2016,MAF,TX,ASW,CE,Combined TRACON& Tower with Radar,35,30,42,22,129,0,0,29,13,42,35,30,71,35,171,6,32,38,209
04/01/2016,MAF,TX,ASW,CE,Combined TRACON& Tower with Radar,32,32,35,40,139,0,0,2,0,2,32,32,37,40,141,0,0,0,141
04/02/2016,MAF,TX,ASW,CE,Combined TRACON& Tower with Radar,23,15,21,7,66,0,0,23,7,30,23,15,44,14,96,28,0,28,124
04/03/2016,MAF,TX,ASW,CE,Combined TRACON& Tower with Radar,36,19,30,13,98,0,0,21,6,27,36,19,51,19,125,64,0,64,189
04/04/2016,MAF,TX,ASW,CE,Combined TRACON& Tower with Radar,39,23,43,23,128,0,0,35,13,48,39,23,78,36,176,31,2,33,209
04/05/2016,MAF,TX,ASW,CE,Combined TRACON& Tower with Radar,37,23,44,27,131,0,1,15,6,22,37,24,59,33,153,0,32,32,185
04/06/2016,MAF,TX,ASW,CE,Combined TRACON& Tower with Radar,34,28,34,41,137,0,0,22,10,32,34,28,56,51,169,0,4,4,173
04/07/2016,MAF,TX,ASW,CE,Combined TRACON& Tower with Radar,36,30,38,34,138,0,0,36,10,46,36,30,74,44,184,39,60,99,283
04/08/2016,MAF,TX,ASW,CE,Combined TRACON& Tower with Radar,32,30,36,46,144,0,0,25,10,35,32,30,61,56,179,22,42,64,243
04/09/2016,MAF,TX,ASW,CE,Combined TRACON& Tower with Radar,22,19,12,22,75,0,0,8,3,11,22,19,20,25,86,56,0,56,142
04/10/2016,MAF,TX,ASW,CE,Combined TRACON& Tower with Radar,34,21,33,1,89,0,0,14,5,19,34,21,47,6,108,4,0,4,112
04/11/2016,MAF,TX,ASW,CE,Combined TRACON& Tower with Radar,37,28,27,35,127,0,1,14,13,28,37,29,41,48,155,4,110,114,269
04/12/2016,MAF,TX,ASW,CE,Combined TRACON& Tower with Radar,35,30,40,0,105,0,0,4,0,4,35,30,44,0,109,4,0,4,113
04/13/2016,MAF,TX,ASW,CE,Combined TRACON& Tower with Radar,32,35,63,44,174,0,0,12,5,17,32,35,75,49,191,16,114,130,321
04/14/2016,MAF,TX,ASW,CE,Combined TRACON& Tower with Radar,36,34,51,68,189,0,0,21,7,28,36,34,72,75,217,15,52,67,284
04/15/2016,MAF,TX,ASW,CE,Combined TRACON& Tower with Radar,32,35,27,19,113,0,0,7,3,10,32,35,34,22,123,30,2,32,155
04/16/2016,MAF,TX,ASW,CE,Combined TRACON& Tower with Radar,24,9,11,23,67,0,0,10,14,24,24,9,21,37,91,12,4,16,107
04/17/2016,MAF,TX,ASW,CE,Combined TRACON& Tower with Radar,30,16,18,10,74,0,0,2,4,6,30,16,20,14,80,22,6,28,108
04/18/2016,MAF,TX,ASW,CE,Combined TRACON& Tower with Radar,29,28,41,32,130,0,0,9,0,9,29,28,50,32,139,16,12,28,167
04/19/2016,MAF,TX,ASW,CE,Combined TRACON& Tower with Radar,36,25,52,80,193,0,0,13,1,14,36,25,65,81,207,6,12,18,225
04/20/2016,MAF,TX,ASW,CE,Combined TRACON& Tower with Radar,32,27,62,48,169,0,0,15,0,15,32,27,77,48,184,0,48,48,232
04/21/2016,MAF,TX,ASW,CE,Combined TRACON& Tower with Radar,34,32,45,50,161,0,0,15,7,22,34,32,60,57,183,0,76,76,259
04/22/2016,MAF,TX,ASW,CE,Combined TRACON& Tower with Radar,36,30,19,26,111,0,0,19,6,25,36,30,38,32,136,29,32,61,197
04/23/2016,MAF,TX,ASW,CE,Combined TRACON& Tower with Radar,24,14,22,0,60,0,0,20,5,25,24,14,42,5,85,18,0,18,103
04/24/2016,MAF,TX,ASW,CE,Combined TRACON& Tower with Radar,28,20,32,17,97,0,0,9,1,10,28,20,41,18,107,7,18,25,132
04/25/2016,MAF,TX,ASW,CE,Combined TRACON& Tower with Radar,31,26,39,26,122,0,0,17,4,21,31,26,56,30,143,0,20,20,163
04/26/2016,MAF,TX,ASW,CE,Combined TRACON& Tower with Radar,33,28,57,42,160,0,0,16,2,18,33,28,73,44,178,0,0,0,178
04/27/2016,MAF,TX,ASW,CE,Combined TRACON& Tower with Radar,34,36,63,25,158,0,0,32,7,39,34,36,95,32,197,0,58,58,255
04/28/2016,MAF,TX,ASW,CE,Combined TRACON& Tower with Radar,35,34,57,46,172,0,0,36,6,42,35,34,93,52,214,11,58,69,283
04/29/2016,MAF,TX,ASW,CE,Combined TRACON& Tower with Radar,32,42,39,84,197,0,0,11,7,18,32,42,50,91,215,6,86,92,307
04/30/2016,MAF,TX,ASW,CE,Combined TRACON& Tower with Radar,21,15,18,38,92,0,0,15,14,29,21,15,33,52,121,39,2,41,162
05/01/2016,MAF,TX,ASW,CE,Combined TRACON& Tower with Radar,28,17,40,6,91,0,0,1,6,7,28,17,41,12,98,0,0,0,98
05/02/2016,MAF,TX,ASW,CE,Combined TRACON& Tower with Radar,34,26,28,24,112,0,0,10,11,21,34,26,38,35,133,22,20,42,175
05/03/2016,MAF,TX,ASW,CE,Combined TRACON& Tower with Radar,33,30,49,34,146,0,0,15,22,37,33,30,64,56,183,5,26,31,214
05/04/2016,MAF,TX,ASW,CE,Combined TRACON& Tower with Radar,32,30,60,23,145,0,0,33,4,37,32,30,93,27,182,12,0,12,194
05/05/2016,MAF,TX,ASW,CE,Combined TRACON& Tower with Radar,33,27,61,11,132,0,0,44,10,54,33,27,105,21,186,24,0,24,210
05/06/2016,MAF,TX,ASW,CE,Combined TRACON& Tower with Radar,35,29,41,9,114,0,0,18,1,19,35,29,59,10,133,0,0,0,133
05/07/2016,MAF,TX,ASW,CE,Combined TRACON& Tower with Radar,25,15,13,13,66,0,5,11,4,20,25,20,24,17,86,4,0,4,90
05/08/2016,MAF,TX,ASW,CE,Combined TRACON& Tower with Radar,32,20,31,28,111,0,7,7,2,16,32,27,38,30,127,0,28,28,155
05/09/2016,MAF,TX,ASW,CE,Combined TRACON& Tower with Radar,34,21,31,33,119,0,0,8,0,8,34,21,39,33,127,0,82,82,209
05/10/2016,MAF,TX,ASW,CE,Combined TRACON& Tower with Radar,39,24,43,41,147,0,1,13,16,30,39,25,56,57,177,32,48,80,257
05/11/2016,MAF,TX,ASW,CE,Combined TRACON& Tower with Radar,35,25,63,44,167,0,0,17,6,23,35,25,80,50,190,59,110,169,359
05/12/2016,MAF,TX,ASW,CE,Combined TRACON& Tower with Radar,35,26,44,18,123,0,0,9,7,16,35,26,53,25,139,39,6,45,184
05/13/2016,MAF,TX,ASW,CE,Combined TRACON& Tower with Radar,35,26,40,43,144,0,0,20,1,21,35,26,60,44,165,20,6,26,191
05/14/2016,MAF,TX,ASW,CE,Combined TRACON& Tower with Radar,30,12,10,1,53,0,0,17,1,18,30,12,27,2,71,0,0,0,71
05/15/2016,MAF,TX,ASW,CE,Combined TRACON& Tower with Radar,34,23,40,2,99,0,0,2,0,2,34,23,42,2,101,0,0,0,101
05/16/2016,MAF,TX,ASW,CE,Combined TRACON& Tower with Radar,34,19,21,59,133,0,0,14,4,18,34,19,35,63,151,28,184,212,363
05/17/2016,MAF,TX,ASW,CE,Combined TRACON& Tower with Radar,35,30,41,31,137,0,0,11,10,21,35,30,52,41,158,23,42,65,223
05/18/2016,MAF,TX,ASW,CE,Combined TRACON& Tower with Radar,37,31,64,19,151,0,0,3,0,3,37,31,67,19,154,0,0,0,154
05/19/2016,MAF,TX,ASW,CE,Combined TRACON& Tower with Radar,35,31,46,47,159,0,0,9,4,13,35,31,55,51,172,55,38,93,265
05/20/2016,MAF,TX,ASW,CE,Combined TRACON& Tower with Radar,37,21,35,26,119,0,2,28,14,44,37,23,63,40,163,98,40,138,301
05/21/2016,MAF,TX,ASW,CE,Combined TRACON& Tower with Radar,26,13,13,9,61,0,2,13,8,23,26,15,26,17,84,4,0,4,88
05/22/2016,MAF,TX,ASW,CE,Combined TRACON& Tower with Radar,32,14,29,4,79,0,0,15,7,22,32,14,44,11,101,54,0,54,155
05/23/2016,MAF,TX,ASW,CE,Combined TRACON& Tower with Radar,35,21,36,47,139,0,0,15,6,21,35,21,51,53,160,8,112,120,280
05/24/2016,MAF,TX,ASW,CE,Combined TRACON& Tower with Radar,36,28,50,46,160,0,0,31,12,43,36,28,81,58,203,52,110,162,365
05/25/2016,MAF,TX,ASW,CE,Combined TRACON& Tower with Radar,35,26,46,11,118,0,0,29,2,31,35,26,75,13,149,46,38,84,233
05/26/2016,MAF,TX,ASW,CE,Combined TRACON& Tower with Radar,34,26,56,32,148,0,0,20,12,32,34,26,76,44,180,8,19,27,207
05/27/2016,MAF,TX,ASW,CE,Combined TRACON& Tower with Radar,35,21,41,6,103,0,0,30,3,33,35,21,71,9,136,14,0,14,150
05/28/2016,MAF,TX,ASW,CE,Combined TRACON& Tower with Radar,23,15,18,1,57,0,0,16,3,19,23,15,34,4,76,26,0,26,102
05/29/2016,MAF,TX,ASW,CE,Combined TRACON& Tower with Radar,28,13,8,0,49,0,0,8,1,9,28,13,16,1,58,0,0,0,58
05/30/2016,MAF,TX,ASW,CE,Combined TRACON& Tower with Radar,30,14,36,4,84,0,0,28,6,34,30,14,64,10,118,32,0,32,150
05/31/2016,MAF,TX,ASW,CE,Combined TRACON& Tower with Radar,27,21,35,58,141,0,0,11,13,24,27,21,46,71,165,26,80,106,271
06/01/2016,MAF,TX,ASW,CE,Combined TRACON& Tower with Radar,33,22,50,28,133,0,1,14,2,17,33,23,64,30,150,0,29,29,179
06/02/2016,MAF,TX,ASW,CE,Combined TRACON& Tower with Radar,34,27,59,26,146,0,1,16,2,19,34,28,75,28,165,32,86,118,283
06/03/2016,MAF,TX,ASW,CE,Combined TRACON& Tower with Radar,35,25,31,14,105,0,1,18,4,23,35,26,49,18,128,0,9,9,137
06/04/2016,MAF,TX,ASW,CE,Combined TRACON& Tower with Radar,21,15,13,4,53,0,0,16,3,19,21,15,29,7,72,75,0,75,147
06/05/2016,MAF,TX,ASW,CE,Combined TRACON& Tower with Radar,32,15,24,1,72,0,0,8,2,10,32,15,32,3,82,0,0,0,82
06/06/2016,MAF,TX,ASW,CE,Combined TRACON& Tower with Radar,34,21,46,20,121,0,2,28,2,32,34,23,74,22,153,0,0,0,153
06/07/2016,MAF,TX,ASW,CE,Combined TRACON& Tower with Radar,34,33,47,24,138,0,4,19,13,36,34,37,66,37,174,45,29,74,248
06/08/2016,MAF,TX,ASW,CE,Combined TRACON& Tower with Radar,34,28,33,35,130,0,2,13,3,18,34,30,46,38,148,40,50,90,238
06/09/2016,MAF,TX,ASW,CE,Combined TRACON& Tower with Radar,38,26,47,50,161,0,2,36,11,49,38,28,83,61,210,21,36,57,267
06/10/2016,MAF,TX,ASW,CE,Combined TRACON& Tower with Radar,35,24,40,31,130,0,0,24,5,29,35,24,64,36,159,20,22,42,201
06/11/2016,MAF,TX,ASW,CE,Combined TRACON& Tower with Radar,21,21,18,6,66,0,2,13,4,19,21,23,31,10,85,6,0,6,91
06/12/2016,MAF,TX,ASW,CE,Combined TRACON& Tower with Radar,35,20,28,11,94,0,0,16,7,23,35,20,44,18,117,38,0,38,155
06/13/2016,MAF,TX,ASW,CE,Combined TRACON& Tower with Radar,34,26,44,62,166,0,1,9,8,18,34,27,53,70,184,0,0,0,184
06/14/2016,MAF,TX,ASW,CE,Combined TRACON& Tower with Radar,37,23,54,41,155,0,1,24,10,35,37,24,78,51,190,16,102,118,308
06/15/2016,MAF,TX,ASW,CE,Combined TRACON& Tower with Radar,37,24,40,40,141,0,2,21,6,29,37,26,61,46,170,92,0,92,262
06/16/2016,MAF,TX,ASW,CE,Combined TRACON& Tower with Radar,38,26,58,36,158,0,1,15,2,18,38,27,73,38,176,14,2,16,192
06/17/2016,MAF,TX,ASW,CE,Combined TRACON& Tower with Radar,39,19,36,43,137,0,2,22,11,35,39,21,58,54,172,22,6,28,200
06/18/2016,MAF,TX,ASW,CE,Combined TRACON& Tower with Radar,23,19,24,2,68,0,0,32,0,32,23,19,56,2,100,28,0,28,128
06/19/2016,MAF,TX,ASW,CE,Combined TRACON& Tower with Radar,33,20,28,0,81,0,0,6,0,6,33,20,34,0,87,0,0,0,87
06/20/2016,MAF,TX,ASW,CE,Combined TRACON& Tower with Radar,39,20,46,66,171,0,2,26,7,35,39,22,72,73,206,28,72,100,306
06/21/2016,MAF,TX,ASW,CE,Combined TRACON& Tower with Radar,38,24,37,45,144,0,3,23,6,32,38,27,60,51,176,18,37,55,231
06/22/2016,MAF,TX,ASW,CE,Combined TRACON& Tower with Radar,41,22,42,54,159,0,2,31,11,44,41,24,73,65,203,16,12,28,231
06/23/2016,MAF,TX,ASW,CE,Combined TRACON& Tower with Radar,36,24,57,35,152,0,2,18,13,33,36,26,75,48,185,30,61,91,276
06/24/2016,MAF,TX,ASW,CE,Combined TRACON& Tower with Radar,37,20,44,54,155,0,2,27,5,34,37,22,71,59,189,56,4,60,249
06/25/2016,MAF,TX,ASW,CE,Combined TRACON& Tower with Radar,26,14,27,0,67,0,0,13,1,14,26,14,40,1,81,43,0,43,124
06/26/2016,MAF,TX,ASW,CE,Combined TRACON& Tower with Radar,35,20,24,9,88,0,0,14,0,14,35,20,38,9,102,6,0,6,108
06/27/2016,MAF,TX,ASW,CE,Combined TRACON& Tower with Radar,37,23,48,48,156,0,0,7,12,19,37,23,55,60,175,2,46,48,223
06/28/2016,MAF,TX,ASW,CE,Combined TRACON& Tower with Radar,34,29,41,84,188,0,0,18,6,24,34,29,59,90,212,48,8,56,268
06/29/2016,MAF,TX,ASW,CE,Combined TRACON& Tower with Radar,35,28,52,61,176,0,1,29,14,44,35,29,81,75,220,32,196,228,448
06/30/2016,MAF,TX,ASW,CE,Combined TRACON& Tower with Radar,34,29,60,32,155,0,1,38,4,43,34,30,98,36,198,0,12,12,210
07/01/2016,MAF,TX,ASW,CE,Combined TRACON& Tower with Radar,34,23,39,74,170,0,1,19,18,38,34,24,58,92,208,4,40,44,252
07/02/2016,MAF,TX,ASW,CE,Combined TRACON& Tower with Radar,21,12,16,1,50,0,1,14,0,15,21,13,30,1,65,24,0,24,89
07/03/2016,MAF,TX,ASW,CE,Combined TRACON& Tower with Radar,28,6,3,3,40,0,0,11,1,12,28,6,14,4,52,0,0,0,52
07/04/2016,MAF,TX,ASW,CE,Combined TRACON& Tower with Radar,29,8,18,1,56,0,0,7,5,12,29,8,25,6,68,0,0,0,68
07/05/2016,MAF,TX,ASW,CE,Combined TRACON& Tower with Radar,37,21,35,3,96,0,3,14,5,22,37,24,49,8,118,0,0,0,118
07/06/2016,MAF,TX,ASW,CE,Combined TRACON& Tower with Radar,37,23,39,25,124,0,2,26,6,34,37,25,65,31,158,18,9,27,185
07/07/2016,MAF,TX,ASW,CE,Combined TRACON& Tower with Radar,36,22,34,41,133,0,2,21,7,30,36,24,55,48,163,0,55,55,218
07/08/2016,MAF,TX,ASW,CE,Combined TRACON& Tower with Radar,35,22,24,32,113,0,2,25,2,29,35,24,49,34,142,22,70,92,234
07/09/2016,MAF,TX,ASW,CE,Combined TRACON& Tower with Radar,18,14,18,0,50,0,0,14,7,21,18,14,32,7,71,17,0,17,88
07/10/2016,MAF,TX,ASW,CE,Combined TRACON& Tower with Radar,35,13,29,0,77,0,0,12,0,12,35,13,41,0,89,4,0,4,93
07/11/2016,MAF,TX,ASW,CE,Combined TRACON& Tower with Radar,35,20,46,35,136,0,1,19,2,22,35,21,65,37,158,0,0,0,158
07/12/2016,MAF,TX,ASW,CE,Combined TRACON& Tower with Radar,34,27,42,71,174,0,3,20,2,25,34,30,62,73,199,4,46,50,249
07/13/2016,MAF,TX,ASW,CE,Combined TRACON& Tower with Radar,35,31,46,71,183,0,3,11,11,25,35,34,57,82,208,20,32,52,260
07/14/2016,MAF,TX,ASW,CE,Combined TRACON& Tower with Radar,34,19,52,35,140,0,2,20,1,23,34,21,72,36,163,18,61,79,242
07/15/2016,MAF,TX,ASW,CE,Combined TRACON& Tower with Radar,38,23,31,32,124,0,1,25,0,26,38,24,56,32,150,2,0,2,152
07/16/2016,MAF,TX,ASW,CE,Combined TRACON& Tower with Radar,18,20,15,2,55,0,0,23,2,25,18,20,38,4,80,12,0,12,92
07/17/2016,MAF,TX,ASW,CE,Combined TRACON& Tower with Radar,35,13,33,2,83,0,1,6,4,11,35,14,39,6,94,2,0,2,96
07/18/2016,MAF,TX,ASW,CE,Combined TRACON& Tower with Radar,35,18,32,47,132,0,2,16,0,18,35,20,48,47,150,0,14,14,164
07/19/2016,MAF,TX,ASW,CE,Combined TRACON& Tower with Radar,36,22,43,47,148,0,2,34,14,50,36,24,77,61,198,25,43,68,266
07/20/2016,MAF,TX,ASW,CE,Combined TRACON& Tower with Radar,30,23,53,20,126,0,2,15,4,21,30,25,68,24,147,22,0,22,169
07/21/2016,MAF,TX,ASW,CE,Combined TRACON& Tower with Radar,27,34,57,31,149,0,2,28,7,37,27,36,85,38,186,29,46,75,261
07/22/2016,MAF,TX,ASW,CE,Combined TRACON& Tower with Radar,26,25,30,26,107,0,2,19,9,30,26,27,49,35,137,66,32,98,235
07/23/2016,MAF,TX,ASW,CE,Combined TRACON& Tower with Radar,18,15,23,3,59,0,1,16,7,24,18,16,39,10,83,30,0,30,113
07/24/2016,MAF,TX,ASW,CE,Combined TRACON& Tower with Radar,31,21,36,3,91,0,0,12,1,13,31,21,48,4,104,20,0,20,124
07/25/2016,MAF,TX,ASW,CE,Combined TRACON& Tower with Radar,22,30,37,34,123,0,2,18,3,23,22,32,55,37,146,0,0,0,146
07/26/2016,MAF,TX,ASW,CE,Combined TRACON& Tower with Radar,27,32,48,20,127,0,2,6,2,10,27,34,54,22,137,22,59,81,218
07/27/2016,MAF,TX,ASW,CE,Combined TRACON& Tower with Radar,33,30,51,80,194,0,2,12,13,27,33,32,63,93,221,22,40,62,283
07/28/2016,MAF,TX,ASW,CE,Combined TRACON& Tower with Radar,33,33,48,28,142,0,3,16,3,22,33,36,64,31,164,0,100,100,264
07/29/2016,MAF,TX,ASW,CE,Combined TRACON& Tower with Radar,29,27,36,47,139,0,3,17,2,22,29,30,53,49,161,26,16,42,203
07/30/2016,MAF,TX,ASW,CE,Combined TRACON& Tower with Radar,18,23,22,3,66,0,0,20,23,43,18,23,42,26,109,0,0,0,109
07/31/2016,MAF,TX,ASW,CE,Combined TRACON& Tower with Radar,32,20,30,7,89,0,0,9,6,15,32,20,39,13,104,4,0,4,108
08/01/2016,MAF,TX,ASW,CE,Combined TRACON& Tower with Radar,29,27,37,13,106,0,0,23,16,39,29,27,60,29,145,0,0,0,145
08/02/2016,MAF,TX,ASW,CE,Combined TRACON& Tower with Radar,29,35,47,38,149,0,0,21,6,27,29,35,68,44,176,48,22,70,246
08/03/2016,MAF,TX,ASW,CE,Combined TRACON& Tower with Radar,30,36,45,62,173,0,3,26,11,40,30,39,71,73,213,0,57,57,270
08/04/2016,MAF,TX,ASW,CE,Combined TRACON& Tower with Radar,30,36,54,47,167,0,0,27,10,37,30,36,81,57,204,27,22,49,253
08/05/2016,MAF,TX,ASW,CE,Combined TRACON& Tower with Radar,30,36,22,38,126,0,1,14,8,23,30,37,36,46,149,10,0,10,159
08/06/2016,MAF,TX,ASW,CE,Combined TRACON& Tower with Radar,18,20,24,1,63,0,0,25,9,34,18,20,49,10,97,7,2,9,106
08/07/2016,MAF,TX,ASW,CE,Combined TRACON& Tower with Radar,29,29,17,0,75,0,0,12,3,15,29,29,29,3,90,36,0,36,126
08/08/2016,MAF,TX,ASW,CE,Combined TRACON& Tower with Radar,29,32,37,26,124,0,3,33,11,47,29,35,70,37,171,16,28,44,215
08/09/2016,MAF,TX,ASW,CE,Combined TRACON& Tower with Radar,30,31,34,3,98,0,1,20,2,23,30,32,54,5,121,15,0,15,136
08/10/2016,MAF,TX,ASW,CE,Combined TRACON& Tower with Radar,30,38,73,45,186,0,0,20,5,25,30,38,93,50,211,6,0,6,217
08/11/2016,MAF,TX,ASW,CE,Combined TRACON& Tower with Radar,29,29,64,46,168,0,1,40,3,44,29,30,104,49,212,12,54,66,278
08/12/2016,MAF,TX,ASW,CE,Combined TRACON& Tower with Radar,24,31,46,40,141,0,1,37,3,41,24,32,83,43,182,23,16,39,221
08/13/2016,MAF,TX,ASW,CE,Combined TRACON& Tower with Radar,18,22,12,7,59,0,0,22,6,28,18,22,34,13,87,4,0,4,91
08/14/2016,MAF,TX,ASW,CE,Combined TRACON& Tower with Radar,31,22,26,2,81,0,0,12,4,16,31,22,38,6,97,0,0,0,97
08/15/2016,MAF,TX,ASW,CE,Combined TRACON& Tower with Radar,27,30,47,36,140,0,0,18,4,22,27,30,65,40,162,0,0,0,162
08/16/2016,MAF,TX,ASW,CE,Combined TRACON& Tower with Radar,30,31,50,87,198,0,2,21,11,34,30,33,71,98,232,25,114,139,371
08/17/2016,MAF,TX,ASW,CE,Combined TRACON& Tower with Radar,29,36,59,94,218,0,2,23,12,37,29,38,82,106,255,22,60,82,337
08/18/2016,MAF,TX,ASW,CE,Combined TRACON& Tower with Radar,28,32,40,33,133,0,5,30,5,40,28,37,70,38,173,22,57,79,252
08/19/2016,MAF,TX,ASW,CE,Combined TRACON& Tower with Radar,33,22,46,82,183,0,1,13,5,19,33,23,59,87,202,36,30,66,268
08/20/2016,MAF,TX,ASW,CE,Combined TRACON& Tower with Radar,19,22,20,2,63,0,0,9,1,10,19,22,29,3,73,6,0,6,79
08/21/2016,MAF,TX,ASW,CE,Combined TRACON& Tower with Radar,31,21,30,4,86,0,0,12,0,12,31,21,42,4,98,0,0,0,98
08/22/2016,MAF,TX,ASW,CE,Combined TRACON& Tower with Radar,27,30,24,42,123,0,0,14,8,22,27,30,38,50,145,10,32,42,187
08/23/2016,MAF,TX,ASW,CE,Combined TRACON& Tower with Radar,28,30,41,20,119,0,2,12,8,22,28,32,53,28,141,3,26,29,170
08/24/2016,MAF,TX,ASW,CE,Combined TRACON& Tower with Radar,29,36,40,23,128,0,0,23,6,29,29,36,63,29,157,0,70,70,227
08/25/2016,MAF,TX,ASW,CE,Combined TRACON& Tower with Radar,29,34,50,30,143,0,0,32,10,42,29,34,82,40,185,29,0,29,214
08/26/2016,MAF,TX,ASW,CE,Combined TRACON& Tower with Radar,33,25,11,6,75,0,0,29,4,33,33,25,40,10,108,18,0,18,126
08/27/2016,MAF,TX,ASW,CE,Combined TRACON& Tower with Radar,23,13,14,3,53,0,0,49,3,52,23,13,63,6,105,84,0,84,189
08/28/2016,MAF,TX,ASW,CE,Combined TRACON& Tower with Radar,32,17,23,1,73,0,0,47,3,50,32,17,70,4,123,2,0,2,125
08/29/2016,MAF,TX,ASW,CE,Combined TRACON& Tower with Radar,29,25,43,14,111,0,0,14,2,16,29,25,57,16,127,2,10,12,139
08/30/2016,MAF,TX,ASW,CE,Combined TRACON& Tower with Radar,30,25,41,31,127,0,0,13,6,19,30,25,54,37,146,12,0,12,158
08/31/2016,MAF,TX,ASW,CE,Combined TRACON& Tower with Radar,32,34,51,22,139,0,1,15,3,19,32,35,66,25,158,10,10,20,178
09/01/2016,MAF,TX,ASW,CE,Combined TRACON& Tower with Radar,32,35,29,4,100,0,0,5,1,6,32,35,34,5,106,0,0,0,106
09/02/2016,MAF,TX,ASW,CE,Combined TRACON& Tower with Radar,33,32,33,1,99,0,0,18,2,20,33,32,51,3,119,0,0,0,119
09/03/2016,MAF,TX,ASW,CE,Combined TRACON& Tower with Radar,23,15,15,3,56,0,0,6,4,10,23,15,21,7,66,22,0,22,88
09/04/2016,MAF,TX,ASW,CE,Combined TRACON& Tower with Radar,19,15,13,1,48,0,0,7,7,14,19,15,20,8,62,14,0,14,76
09/05/2016,MAF,TX,ASW,CE,Combined TRACON& Tower with Radar,30,21,23,5,79,0,0,6,2,8,30,21,29,7,87,0,0,0,87
09/06/2016,MAF,TX,ASW,CE,Combined TRACON& Tower with Radar,31,28,46,48,153,0,0,17,4,21,31,28,63,52,174,24,22,46,220
09/07/2016,MAF,TX,ASW,CE,Combined TRACON& Tower with Radar,34,35,48,32,149,0,0,18,4,22,34,35,66,36,171,22,10,32,203
09/08/2016,MAF,TX,ASW,CE,Combined TRACON& Tower with Radar,37,24,54,13,128,0,0,22,15,37,37,24,76,28,165,20,16,36,201
09/09/2016,MAF,TX,ASW,CE,Combined TRACON& Tower with Radar,37,20,37,34,128,0,0,24,7,31,37,20,61,41,159,11,0,11,170
09/10/2016,MAF,TX,ASW,CE,Combined TRACON& Tower with Radar,20,15,21,0,56,0,0,3,0,3,20,15,24,0,59,0,0,0,59
09/11/2016,MAF,TX,ASW,CE,Combined TRACON& Tower with Radar,33,22,42,2,99,0,0,19,4,23,33,22,61,6,122,8,0,8,130
09/12/2016,MAF,TX,ASW,CE,Combined TRACON& Tower with Radar,33,25,45,23,126,0,0,11,2,13,33,25,56,25,139,0,0,0,139
09/13/2016,MAF,TX,ASW,CE,Combined TRACON& Tower with Radar,32,23,48,47,150,0,1,21,5,27,32,24,69,52,177,0,0,0,177
09/14/2016,MAF,TX,ASW,CE,Combined TRACON& Tower with Radar,34,27,58,26,145,0,0,21,2,23,34,27,79,28,168,26,4,30,198
09/15/2016,MAF,TX,ASW,CE,Combined TRACON& Tower with Radar,34,26,53,34,147,0,0,20,0,20,34,26,73,34,167,0,32,32,199
09/16/2016,MAF,TX,ASW,CE,Combined TRACON& Tower with Radar,36,28,45,16,125,0,0,11,2,13,36,28,56,18,138,0,0,0,138
09/17/2016,MAF,TX,ASW,CE,Combined TRACON& Tower with Radar,21,14,24,3,62,0,0,24,0,24,21,14,48,3,86,4,0,4,90
09/18/2016,MAF,TX,ASW,CE,Combined TRACON& Tower with Radar,32,20,26,22,100,0,0,15,2,17,32,20,41,24,117,15,4,19,136
09/19/2016,MAF,TX,ASW,CE,Combined TRACON& Tower with Radar,33,23,46,55,157,0,0,19,4,23,33,23,65,59,180,0,0,0,180
09/20/2016,MAF,TX,ASW,CE,Combined TRACON& Tower with Radar,32,26,43,36,137,0,1,38,7,46,32,27,81,43,183,0,2,2,185
09/21/2016,MAF,TX,ASW,CE,Combined TRACON& Tower with Radar,33,26,51,60,170,0,0,32,8,40,33,26,83,68,210,41,38,79,289
09/22/2016,MAF,TX,ASW,CE,Combined TRACON& Tower with Radar,34,30,40,34,138,0,0,20,4,24,34,30,60,38,162,22,6,28,190
09/23/2016,MAF,TX,ASW,CE,Combined TRACON& Tower with Radar,34,34,21,24,113,0,0,26,3,29,34,34,47,27,142,8,0,8,150
09/24/2016,MAF,TX,ASW,CE,Combined TRACON& Tower with Radar,21,14,15,4,54,0,0,22,0,22,21,14,37,4,76,0,0,0,76
09/25/2016,MAF,TX,ASW,CE,Combined TRACON& Tower with Radar,27,19,26,15,87,0,0,1,0,1,27,19,27,15,88,42,0,42,130
09/26/2016,MAF,TX,ASW,CE,Combined TRACON& Tower with Radar,32,26,32,46,136,0,0,13,2,15,32,26,45,48,151,0,48,48,199
09/27/2016,MAF,TX,ASW,CE,Combined TRACON& Tower with Radar,32,22,34,28,116,0,0,19,0,19,32,22,53,28,135,26,0,26,161
09/28/2016,MAF,TX,ASW,CE,Combined TRACON& Tower with Radar,31,29,34,12,106,0,0,31,6,37,31,29,65,18,143,18,30,48,191
09/29/2016,MAF,TX,ASW,CE,Combined TRACON& Tower with Radar,36,26,50,51,163,0,0,43,5,48,36,26,93,56,211,0,34,34,245
09/30/2016,MAF,TX,ASW,CE,Combined TRACON& Tower with Radar,34,27,38,20,119,0,0,28,0,28,34,27,66,20,147,0,4,4,151
10/01/2016,MAF,TX,ASW,CE,Combined TRACON& Tower with Radar,21,14,22,4,61,0,0,23,0,23,21,14,45,4,84,10,0,10,94
10/02/2016,MAF,TX,ASW,CE,Combined TRACON& Tower with Radar,36,14,27,2,79,0,0,20,3,23,36,14,47,5,102,4,0,4,106
10/03/2016,MAF,TX,ASW,CE,Combined TRACON& Tower with Radar,33,21,33,7,94,0,0,31,0,31,33,21,64,7,125,0,0,0,125
10/04/2016,MAF,TX,ASW,CE,Combined TRACON& Tower with Radar,32,21,54,31,138,0,0,23,0,23,32,21,77,31,161,0,0,0,161
10/05/2016,MAF,TX,ASW,CE,Combined TRACON& Tower with Radar,35,29,48,37,149,0,0,33,5,38,35,29,81,42,187,0,44,44,231
10/06/2016,MAF,TX,ASW,CE,Combined TRACON& Tower with Radar,30,28,45,20,123,0,0,34,3,37,30,28,79,23,160,6,26,32,192
10/07/2016,MAF,TX,ASW,CE,Combined TRACON& Tower with Radar,29,38,37,9,113,0,0,4,0,4,29,38,41,9,117,8,23,31,148
10/08/2016,MAF,TX,ASW,CE,Combined TRACON& Tower with Radar,23,17,17,14,71,0,0,32,0,32,23,17,49,14,103,12,0,12,115
10/09/2016,MAF,TX,ASW,CE,Combined TRACON& Tower with Radar,34,12,53,0,99,0,0,14,0,14,34,12,67,0,113,16,0,16,129
10/10/2016,MAF,TX,ASW,CE,Combined TRACON& Tower with Radar,29,29,35,1,94,0,0,19,2,21,29,29,54,3,115,0,0,0,115
10/11/2016,MAF,TX,ASW,CE,Combined TRACON& Tower with Radar,28,29,47,23,127,0,0,31,2,33,28,29,78,25,160,0,0,0,160
10/12/2016,MAF,TX,ASW,CE,Combined TRACON& Tower with Radar,31,35,60,22,148,0,0,33,0,33,31,35,93,22,181,10,65,75,256
10/13/2016,MAF,TX,ASW,CE,Combined TRACON& Tower with Radar,29,30,58,24,141,0,0,3,0,3,29,30,61,24,144,0,0,0,144
10/14/2016,MAF,TX,ASW,CE,Combined TRACON& Tower with Radar,30,32,30,25,117,0,0,10,0,10,30,32,40,25,127,18,4,22,149
10/15/2016,MAF,TX,ASW,CE,Combined TRACON& Tower with Radar,23,16,9,1,49,0,0,28,3,31,23,16,37,4,80,0,0,0,80
10/16/2016,MAF,TX,ASW,CE,Combined TRACON& Tower with Radar,32,18,28,0,78,0,0,17,4,21,32,18,45,4,99,2,0,2,101
10/17/2016,MAF,TX,ASW,CE,Combined TRACON& Tower with Radar,29,26,49,24,128,0,0,26,1,27,29,26,75,25,155,13,0,13,168
10/18/2016,MAF,TX,ASW,CE,Combined TRACON& Tower with Radar,30,30,59,52,171,0,0,31,7,38,30,30,90,59,209,70,37,107,316
10/19/2016,MAF,TX,ASW,CE,Combined TRACON& Tower with Radar,32,38,67,50,187,0,0,27,5,32,32,38,94,55,219,38,56,94,313
10/20/2016,MAF,TX,ASW,CE,Combined TRACON& Tower with Radar,43,36,50,8,137,0,1,21,2,24,43,37,71,10,161,0,4,4,165
10/21/2016,MAF,TX,ASW,CE,Combined TRACON& Tower with Radar,30,35,30,16,111,0,0,47,0,47,30,35,77,16,158,0,0,0,158
10/22/2016,MAF,TX,ASW,CE,Combined TRACON& Tower with Radar,22,13,22,0,57,0,0,35,0,35,22,13,57,0,92,12,0,12,104
10/23/2016,MAF,TX,ASW,CE,Combined TRACON& Tower with Radar,29,19,31,10,89,0,0,22,1,23,29,19,53,11,112,10,0,10,122
10/24/2016,MAF,TX,ASW,CE,Combined TRACON& Tower with Radar,33,31,29,14,107,0,0,29,0,29,33,31,58,14,136,30,6,36,172
10/25/2016,MAF,TX,ASW,CE,Combined TRACON& Tower with Radar,28,32,39,26,125,0,0,12,0,12,28,32,51,26,137,0,23,23,160
10/26/2016,MAF,TX,ASW,CE,Combined TRACON& Tower with Radar,32,33,52,14,131,0,0,30,1,31,32,33,82,15,162,4,0,4,166
10/27/2016,MAF,TX,ASW,CE,Combined TRACON& Tower with Radar,30,31,45,6,112,0,0,26,3,29,30,31,71,9,141,18,0,18,159
10/28/2016,MAF,TX,ASW,CE,Combined TRACON& Tower with Radar,33,31,30,5,99,0,0,27,5,32,33,31,57,10,131,14,0,14,145
10/29/2016,MAF,TX,ASW,CE,Combined TRACON& Tower with Radar,18,19,27,1,65,0,0,21,1,22,18,19,48,2,87,24,0,24,111
10/30/2016,MAF,TX,ASW,CE,Combined TRACON& Tower with Radar,24,20,48,0,92,0,0,18,0,18,24,20,66,0,110,0,0,0,110
10/31/2016,MAF,TX,ASW,CE,Combined TRACON& Tower with Radar,27,28,56,0,111,0,2,36,2,40,27,30,92,2,151,9,0,9,160
11/01/2016,MAF,TX,ASW,CE,Combined TRACON& Tower with Radar,27,35,70,41,173,0,0,35,0,35,27,35,105,41,208,53,58,111,319
11/02/2016,MAF,TX,ASW,CE,Combined TRACON& Tower with Radar,32,31,52,61,176,0,0,10,4,14,32,31,62,65,190,0,38,38,228
11/03/2016,MAF,TX,ASW,CE,Combined TRACON& Tower with Radar,28,30,61,10,129,0,0,0,0,0,28,30,61,10,129,0,0,0,129
11/04/2016,MAF,TX,ASW,CE,Combined TRACON& Tower with Radar,31,29,41,7,108,0,0,1,0,1,31,29,42,7,109,0,0,0,109
11/05/2016,MAF,TX,ASW,CE,Combined TRACON& Tower with Radar,20,15,24,0,59,0,0,0,0,0,20,15,24,0,59,0,0,0,59
11/06/2016,MAF,TX,ASW,CE,Combined TRACON& Tower with Radar,28,22,29,3,82,0,0,4,1,5,28,22,33,4,87,0,0,0,87
11/07/2016,MAF,TX,ASW,CE,Combined TRACON& Tower with Radar,34,27,61,43,165,0,0,21,0,21,34,27,82,43,186,14,44,58,244
11/08/2016,MAF,TX,ASW,CE,Combined TRACON& Tower with Radar,31,42,64,21,158,0,0,10,0,10,31,42,74,21,168,10,84,94,262
11/09/2016,MAF,TX,ASW,CE,Combined TRACON& Tower with Radar,33,35,69,17,154,0,0,2,0,2,33,35,71,17,156,12,0,12,168
11/10/2016,MAF,TX,ASW,CE,Combined TRACON& Tower with Radar,30,42,62,2,136,0,0,15,0,15,30,42,77,2,151,0,0,0,151
11/11/2016,MAF,TX,ASW,CE,Combined TRACON& Tower with Radar,32,33,45,0,110,0,0,23,0,23,32,33,68,0,133,6,0,6,139
11/12/2016,MAF,TX,ASW,CE,Combined TRACON& Tower with Radar,20,18,14,6,58,0,2,29,4,35,20,20,43,10,93,0,0,0,93
11/13/2016,MAF,TX,ASW,CE,Combined TRACON& Tower with Radar,34,20,35,1,90,0,1,24,0,25,34,21,59,1,115,10,0,10,125
11/14/2016,MAF,TX,ASW,CE,Combined TRACON& Tower with Radar,38,26,39,11,114,0,0,26,3,29,38,26,65,14,143,0,0,0,143
11/15/2016,MAF,TX,ASW,CE,Combined TRACON& Tower with Radar,26,33,67,36,162,0,0,35,3,38,26,33,102,39,200,24,20,44,244
11/16/2016,MAF,TX,ASW,CE,Combined TRACON& Tower with Radar,29,31,45,36,141,0,0,36,1,37,29,31,81,37,178,66,28,94,272
11/17/2016,MAF,TX,ASW,CE,Combined TRACON& Tower with Radar,31,40,58,37,166,0,0,37,4,41,31,40,95,41,207,12,28,40,247
11/18/2016,MAF,TX,ASW,CE,Combined TRACON& Tower with Radar,32,33,28,41,134,0,1,25,0,26,32,34,53,41,160,24,26,50,210
11/19/2016,MAF,TX,ASW,CE,Combined TRACON& Tower with Radar,20,18,29,15,82,0,0,24,3,27,20,18,53,18,109,54,2,56,165
11/20/2016,MAF,TX,ASW,CE,Combined TRACON& Tower with Radar,26,17,31,5,79,0,0,21,4,25,26,17,52,9,104,12,2,14,118
11/21/2016,MAF,TX,ASW,CE,Combined TRACON& Tower with Radar,29,19,27,34,109,0,2,30,2,34,29,21,57,36,143,38,0,38,181
11/22/2016,MAF,TX,ASW,CE,Combined TRACON& Tower with Radar,35,24,39,13,111,0,1,26,2,29,35,25,65,15,140,20,5,25,165
11/23/2016,MAF,TX,ASW,CE,Combined TRACON& Tower with Radar,32,27,37,6,102,0,0,34,2,36,32,27,71,8,138,52,98,150,288
11/24/2016,MAF,TX,ASW,CE,Combined TRACON& Tower with Radar,20,10,7,0,37,0,0,17,0,17,20,10,24,0,54,0,0,0,54
11/25/2016,MAF,TX,ASW,CE,Combined TRACON& Tower with Radar,30,20,17,2,69,0,0,16,0,16,30,20,33,2,85,0,0,0,85
11/26/2016,MAF,TX,ASW,CE,Combined TRACON& Tower with Radar,21,25,38,0,84,0,0,0,0,0,21,25,38,0,84,0,0,0,84
11/27/2016,MAF,TX,ASW,CE,Combined TRACON& Tower with Radar,27,27,34,0,88,0,0,19,0,19,27,27,53,0,107,6,0,6,113
11/28/2016,MAF,TX,ASW,CE,Combined TRACON& Tower with Radar,31,23,27,14,95,0,0,17,0,17,31,23,44,14,112,0,0,0,112
11/29/2016,MAF,TX,ASW,CE,Combined TRACON& Tower with Radar,29,24,58,29,140,0,2,38,5,45,29,26,96,34,185,48,10,58,243
11/30/2016,MAF,TX,ASW,CE,Combined TRACON& Tower with Radar,32,32,57,13,134,0,0,56,0,56,32,32,113,13,190,35,2,37,227
12/01/2016,MAF,TX,ASW,CE,Combined TRACON& Tower with Radar,31,41,53,34,159,0,0,54,1,55,31,41,107,35,214,11,6,17,231
12/02/2016,MAF,TX,ASW,CE,Combined TRACON& Tower with Radar,33,40,59,9,141,0,0,0,0,0,33,40,59,9,141,0,0,0,141
12/03/2016,MAF,TX,ASW,CE,Combined TRACON& Tower with Radar,19,21,18,0,58,0,0,1,0,1,19,21,19,0,59,0,0,0,59
12/04/2016,MAF,TX,ASW,CE,Combined TRACON& Tower with Radar,24,29,32,0,85,0,0,8,0,8,24,29,40,0,93,0,0,0,93
12/05/2016,MAF,TX,ASW,CE,Combined TRACON& Tower with Radar,32,30,38,38,138,0,0,39,1,40,32,30,77,39,178,0,0,0,178
12/06/2016,MAF,TX,ASW,CE,Combined TRACON& Tower with Radar,30,27,53,31,141,0,0,18,1,19,30,27,71,32,160,6,62,68,228
12/07/2016,MAF,TX,ASW,CE,Combined TRACON& Tower with Radar,30,33,67,31,161,0,2,17,1,20,30,35,84,32,181,0,0,0,181
12/08/2016,MAF,TX,ASW,CE,Combined TRACON& Tower with Radar,30,37,47,3,117,0,0,5,0,5,30,37,52,3,122,0,0,0,122
12/09/2016,MAF,TX,ASW,CE,Combined TRACON& Tower with Radar,31,35,56,14,136,0,0,34,0,34,31,35,90,14,170,18,0,18,188
12/10/2016,MAF,TX,ASW,CE,Combined TRACON& Tower with Radar,19,21,27,2,69,0,0,24,3,27,19,21,51,5,96,3,0,3,99
12/11/2016,MAF,TX,ASW,CE,Combined TRACON& Tower with Radar,24,26,30,3,83,0,0,16,3,19,24,26,46,6,102,24,4,28,130
12/12/2016,MAF,TX,ASW,CE,Combined TRACON& Tower with Radar,30,28,64,30,152,0,0,32,1,33,30,28,96,31,185,8,20,28,213
12/13/2016,MAF,TX,ASW,CE,Combined TRACON& Tower with Radar,30,28,53,42,153,0,0,36,2,38,30,28,89,44,191,0,0,0,191
12/14/2016,MAF,TX,ASW,CE,Combined TRACON& Tower with Radar,31,27,64,24,146,0,0,45,0,45,31,27,109,24,191,18,68,86,277
12/15/2016,MAF,TX,ASW,CE,Combined TRACON& Tower with Radar,29,33,68,21,151,0,0,2,0,2,29,33,70,21,153,0,0,0,153
12/16/2016,MAF,TX,ASW,CE,Combined TRACON& Tower with Radar,32,24,43,26,125,0,0,24,3,27,32,24,67,29,152,0,14,14,166
12/17/2016,MAF,TX,ASW,CE,Combined TRACON& Tower with Radar,21,19,22,1,63,0,0,11,0,11,21,19,33,1,74,6,0,6,80
12/18/2016,MAF,TX,ASW,CE,Combined TRACON& Tower with Radar,24,20,34,0,78,0,0,34,1,35,24,20,68,1,113,0,0,0,113
12/19/2016,MAF,TX,ASW,CE,Combined TRACON& Tower with Radar,31,20,31,25,107,0,0,46,4,50,31,20,77,29,157,0,0,0,157
12/20/2016,MAF,TX,ASW,CE,Combined TRACON& Tower with Radar,34,33,33,16,116,0,2,54,1,57,34,35,87,17,173,37,0,37,210
12/21/2016,MAF,TX,ASW,CE,Combined TRACON& Tower with Radar,32,33,39,14,118,0,1,45,7,53,32,34,84,21,171,43,0,43,214
12/22/2016,MAF,TX,ASW,CE,Combined TRACON& Tower with Radar,32,26,33,7,98,0,0,35,1,36,32,26,68,8,134,21,0,21,155
12/23/2016,MAF,TX,ASW,CE,Combined TRACON& Tower with Radar,32,22,42,22,118,0,0,40,0,40,32,22,82,22,158,4,8,12,170
12/24/2016,MAF,TX,ASW,CE,Combined TRACON& Tower with Radar,24,18,10,0,52,0,0,12,0,12,24,18,22,0,64,24,0,24,88
12/25/2016,MAF,TX,ASW,CE,Combined TRACON& Tower with Radar,20,13,5,0,38,0,0,2,0,2,20,13,7,0,40,0,0,0,40
12/26/2016,MAF,TX,ASW,CE,Combined TRACON& Tower with Radar,30,17,43,0,90,0,0,17,0,17,30,17,60,0,107,0,0,0,107
12/27/2016,MAF,TX,ASW,CE,Combined TRACON& Tower with Radar,33,21,36,0,90,0,0,30,0,30,33,21,66,0,120,16,0,16,136
12/28/2016,MAF,TX,ASW,CE,Combined TRACON& Tower with Radar,32,22,26,0,80,0,0,16,0,16,32,22,42,0,96,4,0,4,100
12/29/2016,MAF,TX,ASW,CE,Combined TRACON& Tower with Radar,32,25,28,0,85,0,0,21,0,21,32,25,49,0,106,0,0,0,106
12/30/2016,MAF,TX,ASW,CE,Combined TRACON& Tower with Radar,32,21,32,0,85,0,0,24,0,24,32,21,56,0,109,3,0,3,112
12/31/2016,MAF,TX,ASW,CE,Combined TRACON& Tower with Radar,21,12,14,1,48,0,0,18,1,19,21,12,32,2,67,8,0,8,75
01/01/2017,MAF,TX,ASW,CE,Combined TRACON& Tower with Radar,27,14,11,0,52,0,0,9,0,9,27,14,20,0,61,2,0,2,63
01/02/2017,MAF,TX,ASW,CE,Combined TRACON& Tower with Radar,33,17,42,0,92,0,0,25,0,25,33,17,67,0,117,6,0,6,123
01/03/2017,MAF,TX,ASW,CE,Combined TRACON& Tower with Radar,30,25,31,6,92,0,0,19,0,19,30,25,50,6,111,2,0,2,113
01/04/2017,MAF,TX,ASW,CE,Combined TRACON& Tower with Radar,33,25,47,34,139,0,0,22,0,22,33,25,69,34,161,2,56,58,219
01/05/2017,MAF,TX,ASW,CE,Combined TRACON& Tower with Radar,32,35,46,12,125,0,0,26,2,28,32,35,72,14,153,0,16,16,169
01/06/2017,MAF,TX,ASW,CE,Combined TRACON& Tower with Radar,34,22,29,18,103,0,0,16,1,17,34,22,45,19,120,2,28,30,150
01/07/2017,MAF,TX,ASW,CE,Combined TRACON& Tower with Radar,24,14,20,5,63,0,0,13,0,13,24,14,33,5,76,4,0,4,80
01/08/2017,MAF,TX,ASW,CE,Combined TRACON& Tower with Radar,27,16,16,7,66,0,0,9,4,13,27,16,25,11,79,87,21,108,187
01/09/2017,MAF,TX,ASW,CE,Combined TRACON& Tower with Radar,35,23,44,19,121,0,0,31,1,32,35,23,75,20,153,4,0,4,157
01/10/2017,MAF,TX,ASW,CE,Combined TRACON& Tower with Radar,30,22,42,33,127,0,1,21,0,22,30,23,63,33,149,24,32,56,205
01/11/2017,MAF,TX,ASW,CE,Combined TRACON& Tower with Radar,32,28,51,38,149,0,0,24,4,28,32,28,75,42,177,0,36,36,213
01/12/2017,MAF,TX,ASW,CE,Combined TRACON& Tower with Radar,35,41,48,50,174,0,0,23,2,25,35,41,71,52,199,8,16,24,223
01/13/2017,MAF,TX,ASW,CE,Combined TRACON& Tower with Radar,32,27,41,6,106,0,0,1,0,1,32,27,42,6,107,0,0,0,107
01/14/2017,MAF,TX,ASW,CE,Combined TRACON& Tower with Radar,19,18,17,0,54,0,0,0,0,0,19,18,17,0,54,0,0,0,54
01/15/2017,MAF,TX,ASW,CE,Combined TRACON& Tower with Radar,20,22,19,0,61,0,0,3,0,3,20,22,22,0,64,0,0,0,64
01/16/2017,MAF,TX,ASW,CE,Combined TRACON& Tower with Radar,37,23,59,3,122,0,0,48,0,48,37,23,107,3,170,0,0,0,170
01/17/2017,MAF,TX,ASW,CE,Combined TRACON& Tower with Radar,31,19,66,21,137,0,1,16,0,17,31,20,82,21,154,0,0,0,154
01/18/2017,MAF,TX,ASW,CE,Combined TRACON& Tower with Radar,32,23,72,38,165,0,0,23,0,23,32,23,95,38,188,22,0,22,210
01/19/2017,MAF,TX,ASW,CE,Combined TRACON& Tower with Radar,34,34,56,19,143,0,0,41,3,44,34,34,97,22,187,21,49,70,257
01/20/2017,MAF,TX,ASW,CE,Combined TRACON& Tower with Radar,33,25,21,25,104,0,0,33,4,37,33,25,54,29,141,60,69,129,270
01/21/2017,MAF,TX,ASW,CE,Combined TRACON& Tower with Radar,23,16,25,0,64,0,0,22,0,22,23,16,47,0,86,4,0,4,90
01/22/2017,MAF,TX,ASW,CE,Combined TRACON& Tower with Radar,22,15,19,29,85,0,0,15,4,19,22,15,34,33,104,24,8,32,136
01/23/2017,MAF,TX,ASW,CE,Combined TRACON& Tower with Radar,33,28,33,24,118,0,0,31,2,33,33,28,64,26,151,0,0,0,151
01/24/2017,MAF,TX,ASW,CE,Combined TRACON& Tower with Radar,32,31,37,35,135,0,0,34,4,38,32,31,71,39,173,27,6,33,206
01/25/2017,MAF,TX,ASW,CE,Combined TRACON& Tower with Radar,32,34,58,29,153,0,0,22,5,27,32,34,80,34,180,35,29,64,244
01/26/2017,MAF,TX,ASW,CE,Combined TRACON& Tower with Radar,34,29,76,42,181,0,2,40,5,47,34,31,116,47,228,14,16,30,258
01/27/2017,MAF,TX,ASW,CE,Combined TRACON& Tower with Radar,35,26,36,49,146,0,1,8,1,10,35,27,44,50,156,0,0,0,156
01/28/2017,MAF,TX,ASW,CE,Combined TRACON& Tower with Radar,23,16,16,0,55,0,1,27,0,28,23,17,43,0,83,61,0,61,144
01/29/2017,MAF,TX,ASW,CE,Combined TRACON& Tower with Radar,26,17,26,0,69,0,0,30,0,30,26,17,56,0,99,52,0,52,151
01/30/2017,MAF,TX,ASW,CE,Combined TRACON& Tower with Radar,35,24,23,16,98,0,0,22,2,24,35,24,45,18,122,12,0,12,134
01/31/2017,MAF,TX,ASW,CE,Combined TRACON& Tower with Radar,33,24,40,21,118,0,0,31,3,34,33,24,71,24,152,12,4,16,168
02/01/2017,MAF,TX,ASW,CE,Combined TRACON& Tower with Radar,33,27,64,26,150,0,1,43,0,44,33,28,107,26,194,8,0,8,202
02/02/2017,MAF,TX,ASW,CE,Combined TRACON& Tower with Radar,34,27,43,18,122,0,0,35,0,35,34,27,78,18,157,35,2,37,194
02/03/2017,MAF,TX,ASW,CE,Combined TRACON& Tower with Radar,36,21,39,49,145,0,0,26,4,30,36,21,65,53,175,22,46,68,243
02/04/2017,MAF,TX,ASW,CE,Combined TRACON& Tower with Radar,21,19,28,2,70,0,0,11,1,12,21,19,39,3,82,0,0,0,82
02/05/2017,MAF,TX,ASW,CE,Combined TRACON& Tower with Radar,21,17,23,1,62,0,0,49,29,78,21,17,72,30,140,0,0,0,140
02/06/2017,MAF,TX,ASW,CE,Combined TRACON& Tower with Radar,32,28,39,0,99,0,0,8,3,11,32,28,47,3,110,3,0,3,113
02/07/2017,MAF,TX,ASW,CE,Combined TRACON& Tower with Radar,31,20,50,25,126,0,0,23,2,25,31,20,73,27,151,0,0,0,151
02/08/2017,MAF,TX,ASW,CE,Combined TRACON& Tower with Radar,31,25,57,6,119,0,1,25,0,26,31,26,82,6,145,20,0,20,165
02/09/2017,MAF,TX,ASW,CE,Combined TRACON& Tower with Radar,36,25,48,17,126,0,0,32,1,33,36,25,80,18,159,14,46,60,219
02/10/2017,MAF,TX,ASW,CE,Combined TRACON& Tower with Radar,35,28,36,10,109,0,0,30,0,30,35,28,66,10,139,20,3,23,162
02/11/2017,MAF,TX,ASW,CE,Combined TRACON& Tower with Radar,21,17,27,1,66,0,0,31,2,33,21,17,58,3,99,34,0,34,133
02/12/2017,MAF,TX,ASW,CE,Combined TRACON& Tower with Radar,28,17,37,0,82,0,0,4,0,4,28,17,41,0,86,0,0,0,86
02/13/2017,MAF,TX,ASW,CE,Combined TRACON& Tower with Radar,36,24,27,0,87,0,1,2,0,3,36,25,29,0,90,0,0,0,90
02/14/2017,MAF,TX,ASW,CE,Combined TRACON& Tower with Radar,33,25,34,18,110,0,0,11,2,13,33,25,45,20,123,2,0,2,125
02/15/2017,MAF,TX,ASW,CE,Combined TRACON& Tower with Radar,33,24,66,16,139,0,0,31,0,31,33,24,97,16,170,18,46,64,234
02/16/2017,MAF,TX,ASW,CE,Combined TRACON& Tower with Radar,37,27,53,18,135,0,0,33,8,41,37,27,86,26,176,62,16,78,254
02/17/2017,MAF,TX,ASW,CE,Combined TRACON& Tower with Radar,33,23,35,2,93,0,0,26,1,27,33,23,61,3,120,18,0,18,138
02/18/2017,MAF,TX,ASW,CE,Combined TRACON& Tower with Radar,20,14,11,2,47,0,0,23,4,27,20,14,34,6,74,59,0,59,133
02/19/2017,MAF,TX,ASW,CE,Combined TRACON& Tower with Radar,28,14,28,2,72,0,0,17,0,17,28,14,45,2,89,32,0,32,121
02/20/2017,MAF,TX,ASW,CE,Combined TRACON& Tower with Radar,32,23,42,0,97,0,0,12,0,12,32,23,54,0,109,8,0,8,117
02/21/2017,MAF,TX,ASW,CE,Combined TRACON& Tower with Radar,34,32,45,20,131,0,0,33,2,35,34,32,78,22,166,28,48,76,242
02/22/2017,MAF,TX,ASW,CE,Combined TRACON& Tower with Radar,33,29,46,2,110,0,1,45,2,48,33,30,91,4,158,6,0,6,164
02/23/2017,MAF,TX,ASW,CE,Combined TRACON& Tower with Radar,34,35,52,4,125,0,5,24,4,33,34,40,76,8,158,31,0,31,189
02/24/2017,MAF,TX,ASW,CE,Combined TRACON& Tower with Radar,37,34,42,8,121,0,2,28,5,35,37,36,70,13,156,12,0,12,168
02/25/2017,MAF,TX,ASW,CE,Combined TRACON& Tower with Radar,21,17,11,8,57,0,0,31,2,33,21,17,42,10,90,45,10,55,145
02/26/2017,MAF,TX,ASW,CE,Combined TRACON& Tower with Radar,28,18,33,7,86,0,1,8,7,16,28,19,41,14,102,8,0,8,110
02/27/2017,MAF,TX,ASW,CE,Combined TRACON& Tower with Radar,33,27,28,14,102,0,0,8,0,8,33,27,36,14,110,0,84,84,194
02/28/2017,MAF,TX,ASW,CE,Combined TRACON& Tower with Radar,32,27,43,28,130,0,0,20,1,21,32,27,63,29,151,20,56,76,227
03/01/2017,MAF,TX,ASW,CE,Combined TRACON& Tower with Radar,34,34,39,42,149,0,2,30,1,33,34,36,69,43,182,37,112,149,331
03/02/2017,MAF,TX,ASW,CE,Combined TRACON& Tower with Radar,34,37,55,25,151,0,0,31,1,32,34,37,86,26,183,0,28,28,211
03/03/2017,MAF,TX,ASW,CE,Combined TRACON& Tower with Radar,36,32,35,47,150,0,4,26,0,30,36,36,61,47,180,6,24,30,210
03/04/2017,MAF,TX,ASW,CE,Combined TRACON& Tower with Radar,21,19,9,5,54,0,0,10,3,13,21,19,19,8,67,0,6,6,73
03/05/2017,MAF,TX,ASW,CE,Combined TRACON& Tower with Radar,25,23,47,0,95,0,3,19,0,22,25,26,66,0,117,12,0,12,129
03/06/2017,MAF,TX,ASW,CE,Combined TRACON& Tower with Radar,32,23,32,36,123,0,0,13,0,13,32,23,45,36,136,0,88,88,224
03/07/2017,MAF,TX,ASW,CE,Combined TRACON& Tower with Radar,32,32,42,25,131,0,6,17,2,25,32,38,59,27,156,14,0,14,170
03/08/2017,MAF,TX,ASW,CE,Combined TRACON& Tower with Radar,38,44,39,17,138,0,7,38,6,51,38,51,77,23,189,12,40,52,241
03/09/2017,MAF,TX,ASW,CE,Combined TRACON& Tower with Radar,33,42,49,22,146,0,12,30,3,45,33,54,79,25,191,0,24,24,215
03/10/2017,MAF,TX,ASW,CE,Combined TRACON& Tower with Radar,33,31,47,31,142,0,0,9,0,9,33,31,56,31,151,10,6,16,167
03/11/2017,MAF,TX,ASW,CE,Combined TRACON& Tower with Radar,22,21,31,2,76,0,0,15,3,18,22,21,46,5,94,8,13,21,115
03/12/2017,MAF,TX,ASW,CE,Combined TRACON& Tower with Radar,26,16,32,14,88,0,0,2,0,2,26,16,34,14,90,0,0,0,90
03/13/2017,MAF,TX,ASW,CE,Combined TRACON& Tower with Radar,31,24,36,21,112,0,0,24,3,27,31,24,60,24,139,10,0,10,149
03/14/2017,MAF,TX,ASW,CE,Combined TRACON& Tower with Radar,31,25,37,23,116,0,0,37,0,37,31,25,74,23,153,40,6,46,199
03/15/2017,MAF,TX,ASW,CE,Combined TRACON& Tower with Radar,32,29,44,36,141,0,0,25,2,27,32,29,69,38,168,36,33,69,237
03/16/2017,MAF,TX,ASW,CE,Combined TRACON& Tower with Radar,30,31,45,41,147,0,4,14,2,20,30,35,59,43,167,33,38,71,238
03/17/2017,MAF,TX,ASW,CE,Combined TRACON& Tower with Radar,30,26,25,38,119,0,0,29,0,29,30,26,54,38,148,0,48,48,196
03/18/2017,MAF,TX,ASW,CE,Combined TRACON& Tower with Radar,20,21,25,4,70,0,0,15,2,17,20,21,40,6,87,31,0,31,118
03/19/2017,MAF,TX,ASW,CE,Combined TRACON& Tower with Radar,24,23,39,0,86,0,0,27,0,27,24,23,66,0,113,0,0,0,113
03/20/2017,MAF,TX,ASW,CE,Combined TRACON& Tower with Radar,32,24,37,26,119,0,0,30,0,30,32,24,67,26,149,4,28,32,181
03/21/2017,MAF,TX,ASW,CE,Combined TRACON& Tower with Radar,32,25,63,15,135,0,1,24,0,25,32,26,87,15,160,0,42,42,202
03/22/2017,MAF,TX,ASW,CE,Combined TRACON& Tower with Radar,32,29,48,64,173,0,0,28,4,32,32,29,76,68,205,24,6,30,235
03/23/2017,MAF,TX,ASW,CE,Combined TRACON& Tower with Radar,32,31,50,8,121,0,0,10,0,10,32,31,60,8,131,0,0,0,131
03/24/2017,MAF,TX,ASW,CE,Combined TRACON& Tower with Radar,32,28,36,51,147,0,1,19,3,23,32,29,55,54,170,0,94,94,264
03/25/2017,MAF,TX,ASW,CE,Combined TRACON& Tower with Radar,20,14,17,8,59,0,0,23,2,25,20,14,40,10,84,52,0,52,136
03/26/2017,MAF,TX,ASW,CE,Combined TRACON& Tower with Radar,22,16,28,16,82,0,0,8,0,8,22,16,36,16,90,8,0,8,98
03/27/2017,MAF,TX,ASW,CE,Combined TRACON& Tower with Radar,33,21,49,38,141,0,0,30,2,32,33,21,79,40,173,14,64,78,251
03/28/2017,MAF,TX,ASW,CE,Combined TRACON& Tower with Radar,33,26,49,15,123,0,0,18,1,19,33,26,67,16,142,0,0,0,142
03/29/2017,MAF,TX,ASW,CE,Combined TRACON& Tower with Radar,34,32,70,16,152,0,0,12,11,23,34,32,82,27,175,0,4,4,179
03/30/2017,MAF,TX,ASW,CE,Combined TRACON& Tower with Radar,29,32,60,32,153,0,1,42,2,45,29,33,102,34,198,14,63,77,275
03/31/2017,MAF,TX,ASW,CE,Combined TRACON& Tower with Radar,31,23,27,4,85,0,0,19,2,21,31,23,46,6,106,10,26,36,142
04/01/2017,MAF,TX,ASW,CE,Combined TRACON& Tower with Radar,20,15,15,5,55,0,0,7,1,8,20,15,22,6,63,18,13,31,94
04/02/2017,MAF,TX,ASW,CE,Combined TRACON& Tower with Radar,19,19,17,3,58,0,0,1,0,1,19,19,18,3,59,0,0,0,59
04/03/2017,MAF,TX,ASW,CE,Combined TRACON& Tower with Radar,30,26,37,27,120,0,0,21,5,26,30,26,58,32,146,12,14,26,172
04/04/2017,MAF,TX,ASW,CE,Combined TRACON& Tower with Radar,34,25,51,7,117,0,0,13,1,14,34,25,64,8,131,0,0,0,131
04/05/2017,MAF,TX,ASW,CE,Combined TRACON& Tower with Radar,34,31,63,18,146,0,0,34,0,34,34,31,97,18,180,23,8,31,211
04/06/2017,MAF,TX,ASW,CE,Combined TRACON& Tower with Radar,33,34,50,9,126,0,0,27,1,28,33,34,77,10,154,24,14,38,192
04/07/2017,MAF,TX,ASW,CE,Combined TRACON& Tower with Radar,34,21,24,12,91,0,0,34,2,36,34,21,58,14,127,20,0,20,147
04/08/2017,MAF,TX,ASW,CE,Combined TRACON& Tower with Radar,19,16,13,1,49,0,0,23,0,23,19,16,36,1,72,0,0,0,72
04/09/2017,MAF,TX,ASW,CE,Combined TRACON& Tower with Radar,23,23,31,3,80,0,0,16,3,19,23,23,47,6,99,0,0,0,99
04/10/2017,MAF,TX,ASW,CE,Combined TRACON& Tower with Radar,28,29,44,84,185,0,0,20,4,24,28,29,64,88,209,4,56,60,269
04/11/2017,MAF,TX,ASW,CE,Combined TRACON& Tower with Radar,31,35,58,44,168,0,1,24,1,26,31,36,82,45,194,26,96,122,316
04/12/2017,MAF,TX,ASW,CE,Combined TRACON& Tower with Radar,34,33,53,16,136,0,0,14,0,14,34,33,67,16,150,0,0,0,150
04/13/2017,MAF,TX,ASW,CE,Combined TRACON& Tower with Radar,38,35,77,19,169,0,1,18,0,19,38,36,95,19,188,10,0,10,198
04/14/2017,MAF,TX,ASW,CE,Combined TRACON& Tower with Radar,33,25,27,36,121,0,0,19,2,21,33,25,46,38,142,0,6,6,148
04/15/2017,MAF,TX,ASW,CE,Combined TRACON& Tower with Radar,19,13,8,2,42,0,0,14,2,16,19,13,22,4,58,0,0,0,58
04/16/2017,MAF,TX,ASW,CE,Combined TRACON& Tower with Radar,26,16,28,2,72,0,0,9,0,9,26,16,37,2,81,0,0,0,81
04/17/2017,MAF,TX,ASW,CE,Combined TRACON& Tower with Radar,39,27,51,47,164,0,0,27,0,27,39,27,78,47,191,0,96,96,287
04/18/2017,MAF,TX,ASW,CE,Combined TRACON& Tower with Radar,33,27,63,20,143,0,0,22,3,25,33,27,85,23,168,4,2,6,174
04/19/2017,MAF,TX,ASW,CE,Combined TRACON& Tower with Radar,36,33,77,12,158,0,0,30,9,39,36,33,107,21,197,10,30,40,237
04/20/2017,MAF,TX,ASW,CE,Combined TRACON& Tower with Radar,35,30,54,32,151,0,0,37,0,37,35,30,91,32,188,55,56,111,299
04/21/2017,MAF,TX,ASW,CE,Combined TRACON& Tower with Radar,35,25,31,60,151,0,0,27,6,33,35,25,58,66,184,14,47,61,245
04/22/2017,MAF,TX,ASW,CE,Combined TRACON& Tower with Radar,19,14,15,2,50,0,1,16,0,17,19,15,31,2,67,0,4,4,71
04/23/2017,MAF,TX,ASW,CE,Combined TRACON& Tower with Radar,24,20,35,8,87,0,0,25,2,27,24,20,60,10,114,16,0,16,130
04/24/2017,MAF,TX,ASW,CE,Combined TRACON& Tower with Radar,34,31,35,11,111,0,0,41,4,45,34,31,76,15,156,6,32,38,194
04/25/2017,MAF,TX,ASW,CE,Combined TRACON& Tower with Radar,36,26,48,15,125,0,0,19,3,22,36,26,67,18,147,2,34,36,183
04/26/2017,MAF,TX,ASW,CE,Combined TRACON& Tower with Radar,33,29,44,36,142,0,0,13,4,17,33,29,57,40,159,7,34,41,200
04/27/2017,MAF,TX,ASW,CE,Combined TRACON& Tower with Radar,31,31,65,12,139,0,0,28,7,35,31,31,93,19,174,0,0,0,174
04/28/2017,MAF,TX,ASW,CE,Combined TRACON& Tower with Radar,35,25,33,25,118,0,0,30,6,36,35,25,63,31,154,8,16,24,178
04/29/2017,MAF,TX,ASW,CE,Combined TRACON& Tower with Radar,18,17,26,12,73,0,0,9,0,9,18,17,35,12,82,0,0,0,82
04/30/2017,MAF,TX,ASW,CE,Combined TRACON& Tower with Radar,25,16,29,12,82,0,0,15,1,16,25,16,44,13,98,0,0,0,98
05/01/2017,MAF,TX,ASW,CE,Combined TRACON& Tower with Radar,34,21,40,29,124,0,0,27,5,32,34,21,67,34,156,16,25,41,197
05/02/2017,MAF,TX,ASW,CE,Combined TRACON& Tower with Radar,34,26,56,15,131,0,0,19,1,20,34,26,75,16,151,22,2,24,175
05/03/2017,MAF,TX,ASW,CE,Combined TRACON& Tower with Radar,30,31,52,32,145,0,0,20,3,23,30,31,72,35,168,14,2,16,184
05/04/2017,MAF,TX,ASW,CE,Combined TRACON& Tower with Radar,33,31,60,8,132,0,0,30,1,31,33,31,90,9,163,0,4,4,167
05/05/2017,MAF,TX,ASW,CE,Combined TRACON& Tower with Radar,35,23,38,50,146,0,0,33,1,34,35,23,71,51,180,32,56,88,268
05/06/2017,MAF,TX,ASW,CE,Combined TRACON& Tower with Radar,18,15,11,3,47,0,0,33,1,34,18,15,44,4,81,20,0,20,101
05/07/2017,MAF,TX,ASW,CE,Combined TRACON& Tower with Radar,27,22,30,0,79,0,0,16,2,18,27,22,46,2,97,0,0,0,97
05/08/2017,MAF,TX,ASW,CE,Combined TRACON& Tower with Radar,33,25,43,27,128,0,0,16,2,18,33,25,59,29,146,30,48,78,224
05/09/2017,MAF,TX,ASW,CE,Combined TRACON& Tower with Radar,36,33,54,53,176,0,1,12,0,13,36,34,66,53,189,28,62,90,279
05/10/2017,MAF,TX,ASW,CE,Combined TRACON& Tower with Radar,34,36,54,30,154,0,0,32,5,37,34,36,86,35,191,12,96,108,299
05/11/2017,MAF,TX,ASW,CE,Combined TRACON& Tower with Radar,40,29,64,24,157,0,0,18,5,23,40,29,82,29,180,5,4,9,189
05/12/2017,MAF,TX,ASW,CE,Combined TRACON& Tower with Radar,34,22,36,11,103,0,1,26,2,29,34,23,62,13,132,6,2,8,140
05/13/2017,MAF,TX,ASW,CE,Combined TRACON& Tower with Radar,22,17,14,1,54,0,0,25,2,27,22,17,39,3,81,12,0,12,93
05/14/2017,MAF,TX,ASW,CE,Combined TRACON& Tower with Radar,31,19,30,0,80,0,0,23,0,23,31,19,53,0,103,0,0,0,103
05/15/2017,MAF,TX,ASW,CE,Combined TRACON& Tower with Radar,33,24,71,15,143,0,0,36,0,36,33,24,107,15,179,30,28,58,237
05/16/2017,MAF,TX,ASW,CE,Combined TRACON& Tower with Radar,39,28,54,22,143,0,0,19,4,23,39,28,73,26,166,13,122,135,301
05/17/2017,MAF,TX,ASW,CE,Combined TRACON& Tower with Radar,34,39,50,22,145,0,0,30,1,31,34,39,80,23,176,0,2,2,178
05/18/2017,MAF,TX,ASW,CE,Combined TRACON& Tower with Radar,34,26,61,20,141,0,1,29,1,31,34,27,90,21,172,22,4,26,198
05/19/2017,MAF,TX,ASW,CE,Combined TRACON& Tower with Radar,35,25,32,27,119,0,2,24,3,29,35,27,56,30,148,30,0,30,178
05/20/2017,MAF,TX,ASW,CE,Combined TRACON& Tower with Radar,18,16,19,0,53,0,0,31,2,33,18,16,50,2,86,0,0,0,86
05/21/2017,MAF,TX,ASW,CE,Combined TRACON& Tower with Radar,29,15,24,2,70,0,0,5,3,8,29,15,29,5,78,14,0,14,92
05/22/2017,MAF,TX,ASW,CE,Combined TRACON& Tower with Radar,32,27,65,4,128,0,0,8,1,9,32,27,73,5,137,14,0,14,151
05/23/2017,MAF,TX,ASW,CE,Combined TRACON& Tower with Radar,35,31,60,17,143,0,0,21,1,22,35,31,81,18,165,32,0,32,197
05/24/2017,MAF,TX,ASW,CE,Combined TRACON& Tower with Radar,34,33,62,16,145,0,0,50,0,50,34,33,112,16,195,48,8,56,251
05/25/2017,MAF,TX,ASW,CE,Combined TRACON& Tower with Radar,35,33,71,16,155,0,0,28,2,30,35,33,99,18,185,26,14,40,225
05/26/2017,MAF,TX,ASW,CE,Combined TRACON& Tower with Radar,34,34,31,8,107,0,0,26,0,26,34,34,57,8,133,6,0,6,139
05/27/2017,MAF,TX,ASW,CE,Combined TRACON& Tower with Radar,18,18,13,18,67,0,0,12,2,14,18,18,25,20,81,0,0,0,81
05/28/2017,MAF,TX,ASW,CE,Combined TRACON& Tower with Radar,27,16,19,0,62,0,0,12,0,12,27,16,31,0,74,10,0,10,84
05/29/2017,MAF,TX,ASW,CE,Combined TRACON& Tower with Radar,30,14,42,3,89,0,0,19,1,20,30,14,61,4,109,8,0,8,117
05/30/2017,MAF,TX,ASW,CE,Combined TRACON& Tower with Radar,37,27,45,34,143,0,0,28,0,28,37,27,73,34,171,50,0,50,221
05/31/2017,MAF,TX,ASW,CE,Combined TRACON& Tower with Radar,36,31,49,2,118,0,0,17,3,20,36,31,66,5,138,26,0,26,164
06/01/2017,MAF,TX,ASW,CE,Combined TRACON& Tower with Radar,32,26,54,27,139,0,0,17,0,17,32,26,71,27,156,30,68,98,254
06/02/2017,MAF,TX,ASW,CE,Combined TRACON& Tower with Radar,34,22,30,32,118,0,7,28,8,43,34,29,58,40,161,12,71,83,244
06/03/2017,MAF,TX,ASW,CE,Combined TRACON& Tower with Radar,20,14,21,3,58,0,0,11,0,11,20,14,32,3,69,0,0,0,69
06/04/2017,MAF,TX,ASW,CE,Combined TRACON& Tower with Radar,30,16,34,0,80,0,0,15,1,16,30,16,49,1,96,24,0,24,120
06/05/2017,MAF,TX,ASW,CE,Combined TRACON& Tower with Radar,30,20,37,28,115,0,0,25,0,25,30,20,62,28,140,16,28,44,184
06/06/2017,MAF,TX,ASW,CE,Combined TRACON& Tower with Radar,37,27,40,11,115,0,0,44,1,45,37,27,84,12,160,30,0,30,190
06/07/2017,MAF,TX,ASW,CE,Combined TRACON& Tower with Radar,36,37,52,25,150,0,0,38,3,41,36,37,90,28,191,38,42,80,271
06/08/2017,MAF,TX,ASW,CE,Combined TRACON& Tower with Radar,38,26,45,12,121,0,3,33,2,38,38,29,78,14,159,16,26,42,201
06/09/2017,MAF,TX,ASW,CE,Combined TRACON& Tower with Radar,29,27,29,13,98,0,3,20,1,24,29,30,49,14,122,30,106,136,258
06/10/2017,MAF,TX,ASW,CE,Combined TRACON& Tower with Radar,24,18,13,3,58,0,1,31,0,32,24,19,44,3,90,22,0,22,112
06/11/2017,MAF,TX,ASW,CE,Combined TRACON& Tower with Radar,31,11,32,1,75,0,0,22,1,23,31,11,54,2,98,51,0,51,149
06/12/2017,MAF,TX,ASW,CE,Combined TRACON& Tower with Radar,36,18,36,18,108,0,0,20,2,22,36,18,56,20,130,38,64,102,232
06/13/2017,MAF,TX,ASW,CE,Combined TRACON& Tower with Radar,37,23,60,24,144,0,0,35,4,39,37,23,95,28,183,13,43,56,239
06/14/2017,MAF,TX,ASW,CE,Combined TRACON& Tower with Radar,36,33,60,8,137,2,0,22,2,26,38,33,82,10,163,20,24,44,207
06/15/2017,MAF,TX,ASW,CE,Combined TRACON& Tower with Radar,42,25,49,6,122,0,2,31,7,40,42,27,80,13,162,18,20,38,200
06/16/2017,MAF,TX,ASW,CE,Combined TRACON& Tower with Radar,35,22,30,35,122,0,0,31,0,31,35,22,61,35,153,5,18,23,176
06/17/2017,MAF,TX,ASW,CE,Combined TRACON& Tower with Radar,24,16,14,0,54,0,0,26,0,26,24,16,40,0,80,23,0,23,103
06/18/2017,MAF,TX,ASW,CE,Combined TRACON& Tower with Radar,33,17,29,8,87,0,0,21,0,21,33,17,50,8,108,48,0,48,156
06/19/2017,MAF,TX,ASW,CE,Combined TRACON& Tower with Radar,34,23,30,16,103,0,1,25,0,26,34,24,55,16,129,32,6,38,167
06/20/2017,MAF,TX,ASW,CE,Combined TRACON& Tower with Radar,37,29,47,14,127,0,0,37,4,41,37,29,84,18,168,30,52,82,250
06/21/2017,MAF,TX,ASW,CE,Combined TRACON& Tower with Radar,37,30,55,4,126,3,0,31,4,38,40,30,86,8,164,6,18,24,188
06/22/2017,MAF,TX,ASW,CE,Combined TRACON& Tower with Radar,39,32,51,19,141,0,0,31,8,39,39,32,82,27,180,8,22,30,210
06/23/2017,MAF,TX,ASW,CE,Combined TRACON& Tower with Radar,37,24,24,42,127,0,0,20,2,22,37,24,44,44,149,14,14,28,177
06/24/2017,MAF,TX,ASW,CE,Combined TRACON& Tower with Radar,23,17,22,6,68,0,0,12,1,13,23,17,34,7,81,0,0,0,81
06/25/2017,MAF,TX,ASW,CE,Combined TRACON& Tower with Radar,32,14,26,31,103,0,0,6,0,6,32,14,32,31,109,13,19,32,141
06/26/2017,MAF,TX,ASW,CE,Combined TRACON& Tower with Radar,36,21,36,23,116,0,0,24,6,30,36,21,60,29,146,62,30,92,238
06/27/2017,MAF,TX,ASW,CE,Combined TRACON& Tower with Radar,37,25,61,18,141,0,0,21,0,21,37,25,82,18,162,7,0,7,169
06/28/2017,MAF,TX,ASW,CE,Combined TRACON& Tower with Radar,37,23,46,2,108,0,0,28,3,31,37,23,74,5,139,48,2,50,189
06/29/2017,MAF,TX,ASW,CE,Combined TRACON& Tower with Radar,36,23,59,0,118,0,0,40,0,40,36,23,99,0,158,19,0,19,177
06/30/2017,MAF,TX,ASW,CE,Combined TRACON& Tower with Radar,38,26,55,17,136,0,0,24,0,24,38,26,79,17,160,0,0,0,160
07/01/2017,MAF,TX,ASW,CE,Combined TRACON& Tower with Radar,22,21,27,5,75,0,0,13,1,14,22,21,40,6,89,0,0,0,89
07/02/2017,MAF,TX,ASW,CE,Combined TRACON& Tower with Radar,27,12,18,0,57,0,0,14,0,14,27,12,32,0,71,0,0,0,71
07/03/2017,MAF,TX,ASW,CE,Combined TRACON& Tower with Radar,27,11,14,1,53,0,0,18,1,19,27,11,32,2,72,22,2,24,96
07/04/2017,MAF,TX,ASW,CE,Combined TRACON& Tower with Radar,20,12,17,0,49,0,0,15,0,15,20,12,32,0,64,41,0,41,105
07/05/2017,MAF,TX,ASW,CE,Combined TRACON& Tower with Radar,34,29,49,15,127,0,0,27,1,28,34,29,76,16,155,54,8,62,217
07/06/2017,MAF,TX,ASW,CE,Combined TRACON& Tower with Radar,31,34,44,30,139,0,0,24,1,25,31,34,68,31,164,65,70,135,299
07/07/2017,MAF,TX,ASW,CE,Combined TRACON& Tower with Radar,31,27,30,14,102,0,0,37,0,37,31,27,67,14,139,28,56,84,223
07/08/2017,MAF,TX,ASW,CE,Combined TRACON& Tower with Radar,28,12,24,0,64,0,0,24,6,30,28,12,48,6,94,10,0,10,104
07/09/2017,MAF,TX,ASW,CE,Combined TRACON& Tower with Radar,30,7,30,2,69,0,0,18,0,18,30,7,48,2,87,0,0,0,87
07/10/2017,MAF,TX,ASW,CE,Combined TRACON& Tower with Radar,30,30,37,19,116,0,0,29,1,30,30,30,66,20,146,50,0,50,196
07/11/2017,MAF,TX,ASW,CE,Combined TRACON& Tower with Radar,33,31,41,43,148,0,0,29,4,33,33,31,70,47,181,0,30,30,211
07/12/2017,MAF,TX,ASW,CE,Combined TRACON& Tower with Radar,31,44,55,16,146,0,2,33,4,39,31,46,88,20,185,6,68,74,259
07/13/2017,MAF,TX,ASW,CE,Combined TRACON& Tower with Radar,31,35,46,18,130,0,1,24,3,28,31,36,70,21,158,54,6,60,218
07/14/2017,MAF,TX,ASW,CE,Combined TRACON& Tower with Radar,31,30,35,12,108,0,0,27,2,29,31,30,62,14,137,0,0,0,137
07/15/2017,MAF,TX,ASW,CE,Combined TRACON& Tower with Radar,21,21,26,0,68,0,0,23,3,26,21,21,49,3,94,22,0,22,116
07/16/2017,MAF,TX,ASW,CE,Combined TRACON& Tower with Radar,34,10,41,0,85,0,0,15,0,15,34,10,56,0,100,0,0,0,100
07/17/2017,MAF,TX,ASW,CE,Combined TRACON& Tower with Radar,32,31,38,20,121,0,0,15,0,15,32,31,53,20,136,8,18,26,162
07/18/2017,MAF,TX,ASW,CE,Combined TRACON& Tower with Radar,33,25,49,30,137,0,0,19,3,22,33,25,68,33,159,0,38,38,197
07/19/2017,MAF,TX,ASW,CE,Combined TRACON& Tower with Radar,31,31,62,13,137,0,0,40,9,49,31,31,102,22,186,24,24,48,234
07/20/2017,MAF,TX,ASW,CE,Combined TRACON& Tower with Radar,32,32,57,2,123,0,0,31,4,35,32,32,88,6,158,20,0,20,178
07/21/2017,MAF,TX,ASW,CE,Combined TRACON& Tower with Radar,33,30,42,38,143,0,1,41,9,51,33,31,83,47,194,6,26,32,226
07/22/2017,MAF,TX,ASW,CE,Combined TRACON& Tower with Radar,23,16,13,0,52,0,0,21,0,21,23,16,34,0,73,0,0,0,73
07/23/2017,MAF,TX,ASW,CE,Combined TRACON& Tower with Radar,34,14,20,0,68,0,0,9,0,9,34,14,29,0,77,0,0,0,77
07/24/2017,MAF,TX,ASW,CE,Combined TRACON& Tower with Radar,30,28,46,33,137,0,0,12,3,15,30,28,58,36,152,0,76,76,228
07/25/2017,MAF,TX,ASW,CE,Combined TRACON& Tower with Radar,35,28,47,18,128,0,1,34,6,41,35,29,81,24,169,8,72,80,249
07/26/2017,MAF,TX,ASW,CE,Combined TRACON& Tower with Radar,33,36,55,8,132,0,1,28,0,29,33,37,83,8,161,40,22,62,223
07/27/2017,MAF,TX,ASW,CE,Combined TRACON& Tower with Radar,33,30,59,0,122,0,1,33,2,36,33,31,92,2,158,8,0,8,166
07/28/2017,MAF,TX,ASW,CE,Combined TRACON& Tower with Radar,29,29,23,22,103,0,0,31,1,32,29,29,54,23,135,9,45,54,189
07/29/2017,MAF,TX,ASW,CE,Combined TRACON& Tower with Radar,23,13,20,5,61,0,0,16,6,22,23,13,36,11,83,0,0,0,83
07/30/2017,MAF,TX,ASW,CE,Combined TRACON& Tower with Radar,31,10,34,7,82,0,0,13,1,14,31,10,47,8,96,0,0,0,96
07/31/2017,MAF,TX,ASW,CE,Combined TRACON& Tower with Radar,27,34,39,4,104,0,0,16,2,18,27,34,55,6,122,12,0,12,134
08/01/2017,MAF,TX,ASW,CE,Combined TRACON& Tower with Radar,36,28,57,10,131,0,0,16,0,16,36,28,73,10,147,0,0,0,147
08/02/2017,MAF,TX,ASW,CE,Combined TRACON& Tower with Radar,30,36,48,12,126,0,0,22,0,22,30,36,70,12,148,0,0,0,148
08/03/2017,MAF,TX,ASW,CE,Combined TRACON& Tower with Radar,31,24,41,9,105,0,0,39,1,40,31,24,80,10,145,55,51,106,251
08/04/2017,MAF,TX,ASW,CE,Combined TRACON& Tower with Radar,32,25,26,11,94,0,0,27,4,31,32,25,53,15,125,0,42,42,167
08/05/2017,MAF,TX,ASW,CE,Combined TRACON& Tower with Radar,24,16,8,2,50,0,0,11,0,11,24,16,19,2,61,29,0,29,90
08/06/2017,MAF,TX,ASW,CE,Combined TRACON& Tower with Radar,30,10,27,1,68,0,0,10,0,10,30,10,37,1,78,8,0,8,86
08/07/2017,MAF,TX,ASW,CE,Combined TRACON& Tower with Radar,34,27,46,26,133,0,0,6,2,8,34,27,52,28,141,12,4,16,157
08/08/2017,MAF,TX,ASW,CE,Combined TRACON& Tower with Radar,33,28,69,6,136,0,0,22,0,22,33,28,91,6,158,4,14,18,176
08/09/2017,MAF,TX,ASW,CE,Combined TRACON& Tower with Radar,35,35,43,18,131,0,0,28,0,28,35,35,71,18,159,46,24,70,229
08/10/2017,MAF,TX,ASW,CE,Combined TRACON& Tower with Radar,30,30,44,25,129,0,0,42,2,44,30,30,86,27,173,0,4,4,177
08/11/2017,MAF,TX,ASW,CE,Combined TRACON& Tower with Radar,33,29,42,61,165,0,0,38,0,38,33,29,80,61,203,0,2,2,205
08/12/2017,MAF,TX,ASW,CE,Combined TRACON& Tower with Radar,22,16,11,1,50,0,0,21,1,22,22,16,32,2,72,26,0,26,98
08/13/2017,MAF,TX,ASW,CE,Combined TRACON& Tower with Radar,30,14,30,4,78,0,0,10,1,11,30,14,40,5,89,8,0,8,97
08/14/2017,MAF,TX,ASW,CE,Combined TRACON& Tower with Radar,34,27,50,8,119,0,0,20,2,22,34,27,70,10,141,18,0,18,159
08/15/2017,MAF,TX,ASW,CE,Combined TRACON& Tower with Radar,36,20,43,20,119,0,0,32,1,33,36,20,75,21,152,58,48,106,258
08/16/2017,MAF,TX,ASW,CE,Combined TRACON& Tower with Radar,36,28,50,21,135,0,0,26,14,40,36,28,76,35,175,48,16,64,239
08/17/2017,MAF,TX,ASW,CE,Combined TRACON& Tower with Radar,37,21,59,31,148,0,0,26,1,27,37,21,85,32,175,2,64,66,241
08/18/2017,MAF,TX,ASW,CE,Combined TRACON& Tower with Radar,34,26,44,28,132,0,0,24,3,27,34,26,68,31,159,0,24,24,183
08/19/2017,MAF,TX,ASW,CE,Combined TRACON& Tower with Radar,23,17,28,3,71,0,0,25,3,28,23,17,53,6,99,14,0,14,113
08/20/2017,MAF,TX,ASW,CE,Combined TRACON& Tower with Radar,30,14,37,0,81,0,0,16,0,16,30,14,53,0,97,8,0,8,105
08/21/2017,MAF,TX,ASW,CE,Combined TRACON& Tower with Radar,35,22,45,23,125,0,0,24,0,24,35,22,69,23,149,10,56,66,215
08/22/2017,MAF,TX,ASW,CE,Combined TRACON& Tower with Radar,36,30,37,7,110,0,0,26,1,27,36,30,63,8,137,8,0,8,145
08/23/2017,MAF,TX,ASW,CE,Combined TRACON& Tower with Radar,37,29,41,38,145,0,1,29,2,32,37,30,70,40,177,2,0,2,179
08/24/2017,MAF,TX,ASW,CE,Combined TRACON& Tower with Radar,40,31,39,78,188,0,0,21,1,22,40,31,60,79,210,16,38,54,264
08/25/2017,MAF,TX,ASW,CE,Combined TRACON& Tower with Radar,36,20,30,44,130,0,0,16,3,19,36,20,46,47,149,16,48,64,213
08/26/2017,MAF,TX,ASW,CE,Combined TRACON& Tower with Radar,23,9,32,3,67,0,0,21,2,23,23,9,53,5,90,38,0,38,128
08/27/2017,MAF,TX,ASW,CE,Combined TRACON& Tower with Radar,21,8,19,1,49,0,0,19,0,19,21,8,38,1,68,34,0,34,102
08/28/2017,MAF,TX,ASW,CE,Combined TRACON& Tower with Radar,25,17,41,24,107,0,0,22,3,25,25,17,63,27,132,4,64,68,200
08/29/2017,MAF,TX,ASW,CE,Combined TRACON& Tower with Radar,25,19,51,26,121,0,1,36,5,42,25,20,87,31,163,54,73,127,290
08/30/2017,MAF,TX,ASW,CE,Combined TRACON& Tower with Radar,26,22,46,8,102,0,0,44,4,48,26,22,90,12,150,22,28,50,200
08/31/2017,MAF,TX,ASW,CE,Combined TRACON& Tower with Radar,28,16,49,27,120,0,0,31,0,31,28,16,80,27,151,3,18,21,172
09/01/2017,MAF,TX,ASW,CE,Combined TRACON& Tower with Radar,30,15,44,4,93,0,0,39,4,43,30,15,83,8,136,24,0,24,160
09/02/2017,MAF,TX,ASW,CE,Combined TRACON& Tower with Radar,20,4,18,0,42,0,0,13,0,13,20,4,31,0,55,0,0,0,55
09/03/2017,MAF,TX,ASW,CE,Combined TRACON& Tower with Radar,20,4,11,0,35,0,0,10,0,10,20,4,21,0,45,2,0,2,47
09/04/2017,MAF,TX,ASW,CE,Combined TRACON& Tower with Radar,29,13,38,1,81,0,0,11,1,12,29,13,49,2,93,19,0,19,112
09/05/2017,MAF,TX,ASW,CE,Combined TRACON& Tower with Radar,28,20,44,22,114,0,0,33,10,43,28,20,77,32,157,21,42,63,220
09/06/2017,MAF,TX,ASW,CE,Combined TRACON& Tower with Radar,34,38,46,41,159,0,0,30,0,30,34,38,76,41,189,24,104,128,317
09/07/2017,MAF,TX,ASW,CE,Combined TRACON& Tower with Radar,35,32,62,4,133,0,0,28,0,28,35,32,90,4,161,0,0,0,161
09/08/2017,MAF,TX,ASW,CE,Combined TRACON& Tower with Radar,38,26,29,44,137,0,0,46,5,51,38,26,75,49,188,8,74,82,270
09/09/2017,MAF,TX,ASW,CE,Combined TRACON& Tower with Radar,25,10,25,6,66,0,0,23,5,28,25,10,48,11,94,14,0,14,108
09/10/2017,MAF,TX,ASW,CE,Combined TRACON& Tower with Radar,32,19,44,14,109,0,0,24,13,37,32,19,68,27,146,62,0,62,208
09/11/2017,MAF,TX,ASW,CE,Combined TRACON& Tower with Radar,35,22,44,8,109,0,0,31,4,35,35,22,75,12,144,8,24,32,176
09/12/2017,MAF,TX,ASW,CE,Combined TRACON& Tower with Radar,36,21,63,22,142,0,2,32,5,39,36,23,95,27,181,14,28,42,223
09/13/2017,MAF,TX,ASW,CE,Combined TRACON& Tower with Radar,36,35,54,23,148,0,1,24,3,28,36,36,78,26,176,6,42,48,224
09/14/2017,MAF,TX,ASW,CE,Combined TRACON& Tower with Radar,36,34,54,10,134,0,0,48,3,51,36,34,102,13,185,40,0,40,225
09/15/2017,MAF,TX,ASW,CE,Combined TRACON& Tower with Radar,35,27,36,9,107,0,1,25,2,28,35,28,61,11,135,4,0,4,139
09/16/2017,MAF,TX,ASW,CE,Combined TRACON& Tower with Radar,24,7,13,2,46,0,0,24,6,30,24,7,37,8,76,0,0,0,76
09/17/2017,MAF,TX,ASW,CE,Combined TRACON& Tower with Radar,32,12,24,9,77,0,0,39,5,44,32,12,63,14,121,0,0,0,121
09/18/2017,MAF,TX,ASW,CE,Combined TRACON& Tower with Radar,35,26,43,16,120,0,0,22,3,25,35,26,65,19,145,8,66,74,219
09/19/2017,MAF,TX,ASW,CE,Combined TRACON& Tower with Radar,36,31,69,43,179,0,0,23,0,23,36,31,92,43,202,22,0,22,224
09/20/2017,MAF,TX,ASW,CE,Combined TRACON& Tower with Radar,35,37,74,11,157,0,0,29,2,31,35,37,103,13,188,4,0,4,192
09/21/2017,MAF,TX,ASW,CE,Combined TRACON& Tower with Radar,37,36,59,14,146,0,0,29,10,39,37,36,88,24,185,48,28,76,261
09/22/2017,MAF,TX,ASW,CE,Combined TRACON& Tower with Radar,36,27,39,30,132,0,0,21,0,21,36,27,60,30,153,60,0,60,213
09/23/2017,MAF,TX,ASW,CE,Combined TRACON& Tower with Radar,25,13,24,1,63,0,0,12,1,13,25,13,36,2,76,26,0,26,102
09/24/2017,MAF,TX,ASW,CE,Combined TRACON& Tower with Radar,32,17,31,4,84,0,0,2,0,2,32,17,33,4,86,0,4,4,90
09/25/2017,MAF,TX,ASW,CE,Combined TRACON& Tower with Radar,37,21,42,0,100,0,0,8,0,8,37,21,50,0,108,0,0,0,108
09/26/2017,MAF,TX,ASW,CE,Combined TRACON& Tower with Radar,36,26,48,30,140,0,0,0,0,0,36,26,48,30,140,0,0,0,140
09/27/2017,MAF,TX,ASW,CE,Combined TRACON& Tower with Radar,36,35,61,9,141,0,0,0,0,0,36,35,61,9,141,0,0,0,141
09/28/2017,MAF,TX,ASW,CE,Combined TRACON& Tower with Radar,36,33,54,1,124,0,0,0,0,0,36,33,54,1,124,0,0,0,124
09/29/2017,MAF,TX,ASW,CE,Combined TRACON& Tower with Radar,37,33,62,0,132,0,0,0,0,0,37,33,62,0,132,0,0,0,132
09/30/2017,MAF,TX,ASW,CE,Combined TRACON& Tower with Radar,24,11,33,0,68,0,0,0,0,0,24,11,33,0,68,0,0,0,68
10/01/2017,MAF,TX,ASW,CE,Combined TRACON& Tower with Radar,32,20,78,2,132,0,0,11,0,11,32,20,89,2,143,22,0,22,165
10/02/2017,MAF,TX,ASW,CE,Combined TRACON& Tower with Radar,34,21,48,19,122,0,0,30,2,32,34,21,78,21,154,12,38,50,204
10/03/2017,MAF,TX,ASW,CE,Combined TRACON& Tower with Radar,37,30,58,26,151,0,0,18,0,18,37,30,76,26,169,28,18,46,215
10/04/2017,MAF,TX,ASW,CE,Combined TRACON& Tower with Radar,36,31,57,35,159,0,0,11,0,11,36,31,68,35,170,0,56,56,226
10/05/2017,MAF,TX,ASW,CE,Combined TRACON& Tower with Radar,38,31,60,9,138,0,0,28,3,31,38,31,88,12,169,14,38,52,221
10/06/2017,MAF,TX,ASW,CE,Combined TRACON& Tower with Radar,38,22,41,46,147,0,0,20,1,21,38,22,61,47,168,8,0,8,176
10/07/2017,MAF,TX,ASW,CE,Combined TRACON& Tower with Radar,25,10,31,2,68,0,0,19,3,22,25,10,50,5,90,27,0,27,117
10/08/2017,MAF,TX,ASW,CE,Combined TRACON& Tower with Radar,34,18,54,3,109,0,0,16,1,17,34,18,70,4,126,0,0,0,126
10/09/2017,MAF,TX,ASW,CE,Combined TRACON& Tower with Radar,35,20,45,0,100,0,0,11,0,11,35,20,56,0,111,0,0,0,111
10/10/2017,MAF,TX,ASW,CE,Combined TRACON& Tower with Radar,36,24,50,35,145,0,0,37,4,41,36,24,87,39,186,16,87,103,289
10/11/2017,MAF,TX,ASW,CE,Combined TRACON& Tower with Radar,34,33,69,44,180,0,0,26,1,27,34,33,95,45,207,40,64,104,311
10/12/2017,MAF,TX,ASW,CE,Combined TRACON& Tower with Radar,35,33,59,30,157,0,0,24,0,24,35,33,83,30,181,10,76,86,267
10/13/2017,MAF,TX,ASW,CE,Combined TRACON& Tower with Radar,35,25,37,35,132,0,1,26,1,28,35,26,63,36,160,0,60,60,220
10/14/2017,MAF,TX,ASW,CE,Combined TRACON& Tower with Radar,25,12,13,0,50,0,0,14,0,14,25,12,27,0,64,28,0,28,92
10/15/2017,MAF,TX,ASW,CE,Combined TRACON& Tower with Radar,32,14,24,0,70,0,0,11,0,11,32,14,35,0,81,0,0,0,81
10/16/2017,MAF,TX,ASW,CE,Combined TRACON& Tower with Radar,35,25,37,47,144,0,0,21,0,21,35,25,58,47,165,0,65,65,230
10/17/2017,MAF,TX,ASW,CE,Combined TRACON& Tower with Radar,36,28,70,60,194,0,0,26,6,32,36,28,96,66,226,18,68,86,312
10/18/2017,MAF,TX,ASW,CE,Combined TRACON& Tower with Radar,34,25,64,48,171,0,0,43,4,47,34,25,107,52,218,20,58,78,296
10/19/2017,MAF,TX,ASW,CE,Combined TRACON& Tower with Radar,37,29,52,43,161,0,0,30,0,30,37,29,82,43,191,8,98,106,297
10/20/2017,MAF,TX,ASW,CE,Combined TRACON& Tower with Radar,37,23,26,30,116,0,0,14,9,23,37,23,40,39,139,0,0,0,139
10/21/2017,MAF,TX,ASW,CE,Combined TRACON& Tower with Radar,26,11,14,12,63,0,0,10,3,13,26,11,24,15,76,5,7,12,88
10/22/2017,MAF,TX,ASW,CE,Combined TRACON& Tower with Radar,32,13,29,5,79,0,0,15,2,17,32,13,44,7,96,4,0,4,100
10/23/2017,MAF,TX,ASW,CE,Combined TRACON& Tower with Radar,34,22,35,41,132,0,1,12,2,15,34,23,47,43,147,0,44,44,191
10/24/2017,MAF,TX,ASW,CE,Combined TRACON& Tower with Radar,36,25,58,48,167,0,1,35,1,37,36,26,93,49,204,18,72,90,294
10/25/2017,MAF,TX,ASW,CE,Combined TRACON& Tower with Radar,34,32,75,6,147,0,0,35,0,35,34,32,110,6,182,22,0,22,204
10/26/2017,MAF,TX,ASW,CE,Combined TRACON& Tower with Radar,40,38,59,14,151,0,0,30,0,30,40,38,89,14,181,20,0,20,201
10/27/2017,MAF,TX,ASW,CE,Combined TRACON& Tower with Radar,37,22,36,0,95,0,0,15,0,15,37,22,51,0,110,6,0,6,116
10/28/2017,MAF,TX,ASW,CE,Combined TRACON& Tower with Radar,25,9,26,1,61,0,0,22,3,25,25,9,48,4,86,0,0,0,86
10/29/2017,MAF,TX,ASW,CE,Combined TRACON& Tower with Radar,37,19,40,0,96,0,0,21,1,22,37,19,61,1,118,16,0,16,134
10/30/2017,MAF,TX,ASW,CE,Combined TRACON& Tower with Radar,40,23,43,9,115,0,0,16,1,17,40,23,59,10,132,3,0,3,135
10/31/2017,MAF,TX,ASW,CE,Combined TRACON& Tower with Radar,34,26,36,50,146,0,0,20,4,24,34,26,56,54,170,8,34,42,212
11/01/2017,MAF,TX,ASW,CE,Combined TRACON& Tower with Radar,37,30,61,31,159,0,0,19,1,20,37,30,80,32,179,12,18,30,209
11/02/2017,MAF,TX,ASW,CE,Combined TRACON& Tower with Radar,41,26,71,27,165,0,0,45,1,46,41,26,116,28,211,0,60,60,271
11/03/2017,MAF,TX,ASW,CE,Combined TRACON& Tower with Radar,45,17,37,1,100,0,0,26,0,26,45,17,63,1,126,30,0,30,156
11/04/2017,MAF,TX,ASW,CE,Combined TRACON& Tower with Radar,28,15,23,0,66,0,0,14,0,14,28,15,37,0,80,8,0,8,88
11/05/2017,MAF,TX,ASW,CE,Combined TRACON& Tower with Radar,36,12,53,0,101,0,0,19,1,20,36,12,72,1,121,0,0,0,121
11/06/2017,MAF,TX,ASW,CE,Combined TRACON& Tower with Radar,41,22,56,20,139,0,0,22,6,28,41,22,78,26,167,24,30,54,221
11/07/2017,MAF,TX,ASW,CE,Combined TRACON& Tower with Radar,41,26,78,18,163,0,0,11,0,11,41,26,89,18,174,12,78,90,264
11/08/2017,MAF,TX,ASW,CE,Combined TRACON& Tower with Radar,39,27,53,53,172,0,0,6,2,8,39,27,59,55,180,4,6,10,190
11/09/2017,MAF,TX,ASW,CE,Combined TRACON& Tower with Radar,41,30,68,32,171,0,1,21,2,24,41,31,89,34,195,0,28,28,223
11/10/2017,MAF,TX,ASW,CE,Combined TRACON& Tower with Radar,41,28,44,0,113,0,0,9,0,9,41,28,53,0,122,0,0,0,122
11/11/2017,MAF,TX,ASW,CE,Combined TRACON& Tower with Radar,28,10,22,0,60,0,0,15,0,15,28,10,37,0,75,18,0,18,93
11/12/2017,MAF,TX,ASW,CE,Combined TRACON& Tower with Radar,37,21,38,0,96,0,0,1,0,1,37,21,39,0,97,0,0,0,97
11/13/2017,MAF,TX,ASW,CE,Combined TRACON& Tower with Radar,38,26,40,2,106,0,0,3,0,3,38,26,43,2,109,0,0,0,109
11/14/2017,MAF,TX,ASW,CE,Combined TRACON& Tower with Radar,39,28,52,29,148,0,0,17,2,19,39,28,69,31,167,10,6,16,183
11/15/2017,MAF,TX,ASW,CE,Combined TRACON& Tower with Radar,43,25,64,97,229,0,0,26,13,39,43,25,90,110,268,18,108,126,394
11/16/2017,MAF,TX,ASW,CE,Combined TRACON& Tower with Radar,43,26,66,34,169,0,0,22,9,31,43,26,88,43,200,0,0,0,200
11/17/2017,MAF,TX,ASW,CE,Combined TRACON& Tower with Radar,40,30,47,26,143,0,2,31,5,38,40,32,78,31,181,4,40,44,225
11/18/2017,MAF,TX,ASW,CE,Combined TRACON& Tower with Radar,28,14,18,0,60,0,0,4,1,5,28,14,22,1,65,0,0,0,65
11/19/2017,MAF,TX,ASW,CE,Combined TRACON& Tower with Radar,37,18,34,14,103,0,1,20,6,27,37,19,54,20,130,0,0,0,130
11/20/2017,MAF,TX,ASW,CE,Combined TRACON& Tower with Radar,37,18,32,12,99,0,3,17,2,22,37,21,49,14,121,0,0,0,121
11/21/2017,MAF,TX,ASW,CE,Combined TRACON& Tower with Radar,39,21,46,2,108,0,2,16,0,18,39,23,62,2,126,8,0,8,134
11/22/2017,MAF,TX,ASW,CE,Combined TRACON& Tower with Radar,40,19,31,0,90,0,0,41,1,42,40,19,72,1,132,52,0,52,184
11/23/2017,MAF,TX,ASW,CE,Combined TRACON& Tower with Radar,22,11,19,0,52,0,0,9,0,9,22,11,28,0,61,0,0,0,61
11/24/2017,MAF,TX,ASW,CE,Combined TRACON& Tower with Radar,30,14,15,0,59,0,0,18,0,18,30,14,33,0,77,0,0,0,77
11/25/2017,MAF,TX,ASW,CE,Combined TRACON& Tower with Radar,34,15,18,0,67,0,0,25,1,26,34,15,43,1,93,4,0,4,97
11/26/2017,MAF,TX,ASW,CE,Combined TRACON& Tower with Radar,33,13,44,1,91,0,0,31,0,31,33,13,75,1,122,2,0,2,124
11/27/2017,MAF,TX,ASW,CE,Combined TRACON& Tower with Radar,38,17,42,15,112,0,0,35,4,39,38,17,77,19,151,8,56,64,215
11/28/2017,MAF,TX,ASW,CE,Combined TRACON& Tower with Radar,42,24,51,19,136,0,2,17,0,19,42,26,68,19,155,32,82,114,269
11/29/2017,MAF,TX,ASW,CE,Combined TRACON& Tower with Radar,41,24,65,5,135,0,0,34,1,35,41,24,99,6,170,0,0,0,170
11/30/2017,MAF,TX,ASW,CE,Combined TRACON& Tower with Radar,43,23,55,3,124,0,0,39,5,44,43,23,94,8,168,8,0,8,176
12/01/2017,MAF,TX,ASW,CE,Combined TRACON& Tower with Radar,45,24,41,42,152,0,0,31,9,40,45,24,72,51,192,14,78,92,284
12/02/2017,MAF,TX,ASW,CE,Combined TRACON& Tower with Radar,29,14,28,0,71,0,0,26,0,26,29,14,54,0,97,38,0,38,135
12/03/2017,MAF,TX,ASW,CE,Combined TRACON& Tower with Radar,37,17,38,0,92,0,0,19,2,21,37,17,57,2,113,15,0,15,128
12/04/2017,MAF,TX,ASW,CE,Combined TRACON& Tower with Radar,40,17,42,17,116,0,0,19,3,22,40,17,61,20,138,10,33,43,181
12/05/2017,MAF,TX,ASW,CE,Combined TRACON& Tower with Radar,43,22,53,22,140,0,0,20,0,20,43,22,73,22,160,10,74,84,244
12/06/2017,MAF,TX,ASW,CE,Combined TRACON& Tower with Radar,40,35,61,11,147,0,0,1,0,1,40,35,62,11,148,0,0,0,148
12/07/2017,MAF,TX,ASW,CE,Combined TRACON& Tower with Radar,46,27,53,3,129,0,0,10,0,10,46,27,63,3,139,10,0,10,149
12/08/2017,MAF,TX,ASW,CE,Combined TRACON& Tower with Radar,44,20,27,22,113,0,1,33,5,39,44,21,60,27,152,32,6,38,190
12/09/2017,MAF,TX,ASW,CE,Combined TRACON& Tower with Radar,35,14,17,1,67,0,0,14,5,19,35,14,31,6,86,20,0,20,106
12/10/2017,MAF,TX,ASW,CE,Combined TRACON& Tower with Radar,37,13,33,3,86,0,0,21,1,22,37,13,54,4,108,26,0,26,134
12/11/2017,MAF,TX,ASW,CE,Combined TRACON& Tower with Radar,42,15,49,28,134,0,0,15,3,18,42,15,64,31,152,0,17,17,169
12/12/2017,MAF,TX,ASW,CE,Combined TRACON& Tower with Radar,44,17,60,6,127,0,0,31,4,35,44,17,91,10,162,18,50,68,230
12/13/2017,MAF,TX,ASW,CE,Combined TRACON& Tower with Radar,43,22,56,15,136,0,1,38,3,42,43,23,94,18,178,14,40,54,232
12/14/2017,MAF,TX,ASW,CE,Combined TRACON& Tower with Radar,47,23,51,22,143,0,0,57,0,57,47,23,108,22,200,20,52,72,272
12/15/2017,MAF,TX,ASW,CE,Combined TRACON& Tower with Radar,42,22,45,22,131,0,0,53,2,55,42,22,98,24,186,6,2,8,194
12/16/2017,MAF,TX,ASW,CE,Combined TRACON& Tower with Radar,31,10,20,11,72,0,0,32,3,35,31,10,52,14,107,0,0,0,107
12/17/2017,MAF,TX,ASW,CE,Combined TRACON& Tower with Radar,39,13,27,13,92,0,0,32,6,38,39,13,59,19,130,0,0,0,130
12/18/2017,MAF,TX,ASW,CE,Combined TRACON& Tower with Radar,43,25,47,58,173,0,0,17,2,19,43,25,64,60,192,26,12,38,230
12/19/2017,MAF,TX,ASW,CE,Combined TRACON& Tower with Radar,40,28,35,81,184,0,0,35,2,37,40,28,70,83,221,21,101,122,343
12/20/2017,MAF,TX,ASW,CE,Combined TRACON& Tower with Radar,33,41,48,22,144,0,0,40,6,46,33,41,88,28,190,10,34,44,234
12/21/2017,MAF,TX,ASW,CE,Combined TRACON& Tower with Radar,30,30,49,23,132,0,2,41,7,50,30,32,90,30,182,44,30,74,256
12/22/2017,MAF,TX,ASW,CE,Combined TRACON& Tower with Radar,29,29,47,29,134,0,0,39,4,43,29,29,86,33,177,22,16,38,215
12/23/2017,MAF,TX,ASW,CE,Combined TRACON& Tower with Radar,28,20,8,0,56,0,0,37,0,37,28,20,45,0,93,0,0,0,93
12/24/2017,MAF,TX,ASW,CE,Combined TRACON& Tower with Radar,25,10,13,2,50,0,0,13,0,13,25,10,26,2,63,0,0,0,63
12/25/2017,MAF,TX,ASW,CE,Combined TRACON& Tower with Radar,26,23,2,0,51,0,0,14,0,14,26,23,16,0,65,0,0,0,65
12/26/2017,MAF,TX,ASW,CE,Combined TRACON& Tower with Radar,29,22,37,0,88,0,0,1,0,1,29,22,38,0,89,0,0,0,89
12/27/2017,MAF,TX,ASW,CE,Combined TRACON& Tower with Radar,30,27,28,0,85,0,0,0,0,0,30,27,28,0,85,0,0,0,85
12/28/2017,MAF,TX,ASW,CE,Combined TRACON& Tower with Radar,29,26,40,0,95,0,0,23,0,23,29,26,63,0,118,0,0,0,118
12/29/2017,MAF,TX,ASW,CE,Combined TRACON& Tower with Radar,47,29,25,2,103,0,0,9,0,9,47,29,34,2,112,0,0,0,112
12/30/2017,MAF,TX,ASW,CE,Combined TRACON& Tower with Radar,24,24,31,2,81,0,0,0,0,0,24,24,31,2,81,0,0,0,81
12/31/2017,MAF,TX,ASW,CE,Combined TRACON& Tower with Radar,21,15,6,0,42,0,0,0,0,0,21,15,6,0,42,0,0,0,42
01/01/2018,MAF,TX,ASW,CE,Combined TRACON& Tower with Radar,30,16,13,4,63,0,1,6,0,7,30,17,19,4,70,0,0,0,70
01/02/2018,MAF,TX,ASW,CE,Combined TRACON& Tower with Radar,31,27,51,3,112,0,0,6,0,6,31,27,57,3,118,14,0,14,132
01/03/2018,MAF,TX,ASW,CE,Combined TRACON& Tower with Radar,35,35,48,8,126,0,0,31,0,31,35,35,79,8,157,14,2,16,173
01/04/2018,MAF,TX,ASW,CE,Combined TRACON& Tower with Radar,33,27,41,51,152,0,0,28,0,28,33,27,69,51,180,10,54,64,244
01/05/2018,MAF,TX,ASW,CE,Combined TRACON& Tower with Radar,33,24,37,50,144,0,0,31,7,38,33,24,68,57,182,12,8,20,202
01/06/2018,MAF,TX,ASW,CE,Combined TRACON& Tower with Radar,24,18,13,0,55,0,0,16,2,18,24,18,29,2,73,8,0,8,81
01/07/2018,MAF,TX,ASW,CE,Combined TRACON& Tower with Radar,28,19,27,0,74,0,0,4,0,4,28,19,31,0,78,0,0,0,78
01/08/2018,MAF,TX,ASW,CE,Combined TRACON& Tower with Radar,41,20,51,34,146,0,0,25,2,27,41,20,76,36,173,0,56,56,229
01/09/2018,MAF,TX,ASW,CE,Combined TRACON& Tower with Radar,44,34,43,29,150,0,0,30,0,30,44,34,73,29,180,14,20,34,214
01/10/2018,MAF,TX,ASW,CE,Combined TRACON& Tower with Radar,51,31,58,8,148,1,0,37,4,42,52,31,95,12,190,6,30,36,226
01/11/2018,MAF,TX,ASW,CE,Combined TRACON& Tower with Radar,43,28,35,17,123,0,0,20,0,20,43,28,55,17,143,0,14,14,157
01/12/2018,MAF,TX,ASW,CE,Combined TRACON& Tower with Radar,42,17,48,37,144,0,1,38,1,40,42,18,86,38,184,28,52,80,264
01/13/2018,MAF,TX,ASW,CE,Combined TRACON& Tower with Radar,31,7,28,1,67,0,0,16,1,17,31,7,44,2,84,32,0,32,116
01/14/2018,MAF,TX,ASW,CE,Combined TRACON& Tower with Radar,34,8,19,15,76,0,0,9,3,12,34,8,28,18,88,8,0,8,96
01/15/2018,MAF,TX,ASW,CE,Combined TRACON& Tower with Radar,39,17,43,22,121,0,0,23,0,23,39,17,66,22,144,0,0,0,144
01/16/2018,MAF,TX,ASW,CE,Combined TRACON& Tower with Radar,29,16,32,4,81,0,0,10,0,10,29,16,42,4,91,0,0,0,91
01/17/2018,MAF,TX,ASW,CE,Combined TRACON& Tower with Radar,41,20,53,58,172,0,0,22,2,24,41,20,75,60,196,0,38,38,234
01/18/2018,MAF,TX,ASW,CE,Combined TRACON& Tower with Radar,43,23,66,53,185,0,2,34,0,36,43,25,100,53,221,22,86,108,329
01/19/2018,MAF,TX,ASW,CE,Combined TRACON& Tower with Radar,42,23,22,67,154,0,0,39,4,43,42,23,61,71,197,22,104,126,323
01/20/2018,MAF,TX,ASW,CE,Combined TRACON& Tower with Radar,32,6,19,12,69,0,0,27,4,31,32,6,46,16,100,0,0,0,100
01/21/2018,MAF,TX,ASW,CE,Combined TRACON& Tower with Radar,35,10,23,0,68,0,1,4,1,6,35,11,27,1,74,0,0,0,74
01/22/2018,MAF,TX,ASW,CE,Combined TRACON& Tower with Radar,43,18,42,53,156,0,0,26,4,30,43,18,68,57,186,0,0,0,186
01/23/2018,MAF,TX,ASW,CE,Combined TRACON& Tower with Radar,48,22,44,40,154,2,0,29,16,47,50,22,73,56,201,18,0,18,219
01/24/2018,MAF,TX,ASW,CE,Combined TRACON& Tower with Radar,43,21,53,82,199,0,1,34,8,43,43,22,87,90,242,36,80,116,358
01/25/2018,MAF,TX,ASW,CE,Combined TRACON& Tower with Radar,43,24,51,18,136,0,0,25,1,26,43,24,76,19,162,10,0,10,172
01/26/2018,MAF,TX,ASW,CE,Combined TRACON& Tower with Radar,42,24,46,37,149,0,0,11,5,16,42,24,57,42,165,18,38,56,221
01/27/2018,MAF,TX,ASW,CE,Combined TRACON& Tower with Radar,31,7,13,3,54,0,0,21,2,23,31,7,34,5,77,4,0,4,81
01/28/2018,MAF,TX,ASW,CE,Combined TRACON& Tower with Radar,35,17,31,14,97,0,0,19,0,19,35,17,50,14,116,24,18,42,158
01/29/2018,MAF,TX,ASW,CE,Combined TRACON& Tower with Radar,42,21,44,35,142,0,0,31,1,32,42,21,75,36,174,20,14,34,208
01/30/2018,MAF,TX,ASW,CE,Combined TRACON& Tower with Radar,45,24,46,39,154,0,3,38,2,43,45,27,84,41,197,2,64,66,263
01/31/2018,MAF,TX,ASW,CE,Combined TRACON& Tower with Radar,42,34,68,51,195,0,2,36,11,49,42,36,104,62,244,10,86,96,340
02/01/2018,MAF,TX,ASW,CE,Combined TRACON& Tower with Radar,45,44,92,25,206,0,0,40,0,40,45,44,132,25,246,24,2,26,272
02/02/2018,MAF,TX,ASW,CE,Combined TRACON& Tower with Radar,48,19,40,53,160,0,0,32,11,43,48,19,72,64,203,40,22,62,265
02/03/2018,MAF,TX,ASW,CE,Combined TRACON& Tower with Radar,28,6,23,6,63,0,0,19,1,20,28,6,42,7,83,28,0,28,111
02/04/2018,MAF,TX,ASW,CE,Combined TRACON& Tower with Radar,33,12,20,18,83,0,1,16,1,18,33,13,36,19,101,30,0,30,131
02/05/2018,MAF,TX,ASW,CE,Combined TRACON& Tower with Radar,46,18,38,79,181,0,1,12,3,16,46,19,50,82,197,2,40,42,239
02/06/2018,MAF,TX,ASW,CE,Combined TRACON& Tower with Radar,41,24,55,39,159,0,0,8,2,10,41,24,63,41,169,22,0,22,191
02/07/2018,MAF,TX,ASW,CE,Combined TRACON& Tower with Radar,44,29,64,35,172,0,1,30,1,32,44,30,94,36,204,24,4,28,232
02/08/2018,MAF,TX,ASW,CE,Combined TRACON& Tower with Radar,44,32,57,30,163,0,0,25,3,28,44,32,82,33,191,46,6,52,243
02/09/2018,MAF,TX,ASW,CE,Combined TRACON& Tower with Radar,45,30,40,45,160,0,0,24,2,26,45,30,64,47,186,0,0,0,186
02/10/2018,MAF,TX,ASW,CE,Combined TRACON& Tower with Radar,34,6,13,0,53,0,1,17,0,18,34,7,30,0,71,32,0,32,103
02/11/2018,MAF,TX,ASW,CE,Combined TRACON& Tower with Radar,37,8,24,0,69,0,0,12,0,12,37,8,36,0,81,18,0,18,99
02/12/2018,MAF,TX,ASW,CE,Combined TRACON& Tower with Radar,41,15,54,39,149,0,0,23,6,29,41,15,77,45,178,6,80,86,264
02/13/2018,MAF,TX,ASW,CE,Combined TRACON& Tower with Radar,46,33,47,27,153,0,0,27,6,33,46,33,74,33,186,0,46,46,232
02/14/2018,MAF,TX,ASW,CE,Combined TRACON& Tower with Radar,43,34,49,87,213,0,0,15,1,16,43,34,64,88,229,16,76,92,321
02/15/2018,MAF,TX,ASW,CE,Combined TRACON& Tower with Radar,39,29,61,40,169,0,0,29,2,31,39,29,90,42,200,30,96,126,326
02/16/2018,MAF,TX,ASW,CE,Combined TRACON& Tower with Radar,41,24,49,7,121,0,0,37,2,39,41,24,86,9,160,22,26,48,208
02/17/2018,MAF,TX,ASW,CE,Combined TRACON& Tower with Radar,29,12,29,12,82,0,0,37,0,37,29,12,66,12,119,24,0,24,143
02/18/2018,MAF,TX,ASW,CE,Combined TRACON& Tower with Radar,29,19,15,0,63,0,0,8,0,8,29,19,23,0,71,14,0,14,85
02/19/2018,MAF,TX,ASW,CE,Combined TRACON& Tower with Radar,36,23,48,0,107,0,1,21,1,23,36,24,69,1,130,12,0,12,142
02/20/2018,MAF,TX,ASW,CE,Combined TRACON& Tower with Radar,33,37,62,52,184,0,2,27,6,35,33,39,89,58,219,30,150,180,399
02/21/2018,MAF,TX,ASW,CE,Combined TRACON& Tower with Radar,41,34,52,2,129,0,0,0,0,0,41,34,52,2,129,0,0,0,129
02/22/2018,MAF,TX,ASW,CE,Combined TRACON& Tower with Radar,41,28,56,36,161,0,1,5,6,12,41,29,61,42,173,0,0,0,173
02/23/2018,MAF,TX,ASW,CE,Combined TRACON& Tower with Radar,37,25,47,50,159,0,2,20,3,25,37,27,67,53,184,10,48,58,242
02/24/2018,MAF,TX,ASW,CE,Combined TRACON& Tower with Radar,28,13,7,19,67,0,2,15,6,23,28,15,22,25,90,26,2,28,118
02/25/2018,MAF,TX,ASW,CE,Combined TRACON& Tower with Radar,32,16,29,18,95,0,2,18,0,20,32,18,47,18,115,10,0,10,125
02/26/2018,MAF,TX,ASW,CE,Combined TRACON& Tower with Radar,39,21,46,43,149,0,2,33,6,41,39,23,79,49,190,20,82,102,292
02/27/2018,MAF,TX,ASW,CE,Combined TRACON& Tower with Radar,40,35,76,132,283,0,0,29,5,34,40,35,105,137,317,0,24,24,341
02/28/2018,MAF,TX,ASW,CE,Combined TRACON& Tower with Radar,39,42,62,28,171,0,1,23,3,27,39,43,85,31,198,20,34,54,252
03/01/2018,MAF,TX,ASW,CE,Combined TRACON& Tower with Radar,42,36,59,26,163,0,2,41,1,44,42,38,100,27,207,18,70,88,295
03/02/2018,MAF,TX,ASW,CE,Combined TRACON& Tower with Radar,38,25,38,13,114,0,2,37,4,43,38,27,75,17,157,2,6,8,165
03/03/2018,MAF,TX,ASW,CE,Combined TRACON& Tower with Radar,29,11,13,0,53,0,0,24,0,24,29,11,37,0,77,21,0,21,98
03/04/2018,MAF,TX,ASW,CE,Combined TRACON& Tower with Radar,31,18,28,4,81,0,1,23,0,24,31,19,51,4,105,0,8,8,113
03/05/2018,MAF,TX,ASW,CE,Combined TRACON& Tower with Radar,35,27,43,31,136,0,0,35,2,37,35,27,78,33,173,12,86,98,271
03/06/2018,MAF,TX,ASW,CE,Combined TRACON& Tower with Radar,37,36,42,27,142,0,0,35,5,40,37,36,77,32,182,22,126,148,330
03/07/2018,MAF,TX,ASW,CE,Combined TRACON& Tower with Radar,40,33,63,51,187,0,0,31,0,31,40,33,94,51,218,14,26,40,258
03/08/2018,MAF,TX,ASW,CE,Combined TRACON& Tower with Radar,38,30,63,22,153,0,0,36,5,41,38,30,99,27,194,0,0,0,194
03/09/2018,MAF,TX,ASW,CE,Combined TRACON& Tower with Radar,37,27,40,76,180,0,0,48,0,48,37,27,88,76,228,0,0,0,228
03/10/2018,MAF,TX,ASW,CE,Combined TRACON& Tower with Radar,25,20,27,38,110,0,0,32,6,38,25,20,59,44,148,0,0,0,148
03/11/2018,MAF,TX,ASW,CE,Combined TRACON& Tower with Radar,29,18,26,0,73,0,1,11,0,12,29,19,37,0,85,0,0,0,85
03/12/2018,MAF,TX,ASW,CE,Combined TRACON& Tower with Radar,38,24,30,47,139,0,0,22,2,24,38,24,52,49,163,16,44,60,223
03/13/2018,MAF,TX,ASW,CE,Combined TRACON& Tower with Radar,38,35,47,66,186,0,2,43,4,49,38,37,90,70,235,6,36,42,277
03/14/2018,MAF,TX,ASW,CE,Combined TRACON& Tower with Radar,38,28,55,63,184,0,0,40,9,49,38,28,95,72,233,40,46,86,319
03/15/2018,MAF,TX,ASW,CE,Combined TRACON& Tower with Radar,38,32,61,25,156,0,0,27,3,30,38,32,88,28,186,20,44,64,250
03/16/2018,MAF,TX,ASW,CE,Combined TRACON& Tower with Radar,38,29,22,76,165,0,0,28,0,28,38,29,50,76,193,8,30,38,231
03/17/2018,MAF,TX,ASW,CE,Combined TRACON& Tower with Radar,25,22,37,0,84,0,0,21,2,23,25,22,58,2,107,24,0,24,131
03/18/2018,MAF,TX,ASW,CE,Combined TRACON& Tower with Radar,29,24,27,3,83,0,0,8,1,9,29,24,35,4,92,6,0,6,98
03/19/2018,MAF,TX,ASW,CE,Combined TRACON& Tower with Radar,39,22,38,24,123,0,0,25,6,31,39,22,63,30,154,6,16,22,176
03/20/2018,MAF,TX,ASW,CE,Combined TRACON& Tower with Radar,39,38,66,31,174,0,0,30,0,30,39,38,96,31,204,2,80,82,286
03/21/2018,MAF,TX,ASW,CE,Combined TRACON& Tower with Radar,43,30,55,51,179,4,1,44,1,50,47,31,99,52,229,28,56,84,313
03/22/2018,MAF,TX,ASW,CE,Combined TRACON& Tower with Radar,44,30,55,53,182,0,0,31,2,33,44,30,86,55,215,20,100,120,335
03/23/2018,MAF,TX,ASW,CE,Combined TRACON& Tower with Radar,38,22,41,39,140,0,0,25,0,25,38,22,66,39,165,22,12,34,199
03/24/2018,MAF,TX,ASW,CE,Combined TRACON& Tower with Radar,25,16,30,2,73,0,0,17,2,19,25,16,47,4,92,0,0,0,92
03/25/2018,MAF,TX,ASW,CE,Combined TRACON& Tower with Radar,28,18,42,13,101,0,0,15,5,20,28,18,57,18,121,0,0,0,121
03/26/2018,MAF,TX,ASW,CE,Combined TRACON& Tower with Radar,37,28,48,24,137,0,0,30,1,31,37,28,78,25,168,6,46,52,220
03/27/2018,MAF,TX,ASW,CE,Combined TRACON& Tower with Radar,38,31,46,7,122,0,0,14,0,14,38,31,60,7,136,0,0,0,136
03/28/2018,MAF,TX,ASW,CE,Combined TRACON& Tower with Radar,34,25,56,34,149,0,0,16,1,17,34,25,72,35,166,0,20,20,186
03/29/2018,MAF,TX,ASW,CE,Combined TRACON& Tower with Radar,42,31,72,36,181,0,0,20,3,23,42,31,92,39,204,0,144,144,348
03/30/2018,MAF,TX,ASW,CE,Combined TRACON& Tower with Radar,38,21,28,84,171,0,0,27,6,33,38,21,55,90,204,2,61,63,267
03/31/2018,MAF,TX,ASW,CE,Combined TRACON& Tower with Radar,22,15,16,1,54,0,0,22,1,23,22,15,38,2,77,0,0,0,77
04/01/2018,MAF,TX,ASW,CE,Combined TRACON& Tower with Radar,28,13,30,2,73,0,0,12,0,12,28,13,42,2,85,14,0,14,99
04/02/2018,MAF,TX,ASW,CE,Combined TRACON& Tower with Radar,36,27,44,41,148,0,0,6,0,6,36,27,50,41,154,0,4,4,158
04/03/2018,MAF,TX,ASW,CE,Combined TRACON& Tower with Radar,37,33,70,27,167,0,1,21,5,27,37,34,91,32,194,6,88,94,288
04/04/2018,MAF,TX,ASW,CE,Combined TRACON& Tower with Radar,40,34,57,42,173,0,0,27,1,28,40,34,84,43,201,2,42,44,245
04/05/2018,MAF,TX,ASW,CE,Combined TRACON& Tower with Radar,41,37,83,40,201,0,2,30,2,34,41,39,113,42,235,2,18,20,255
04/06/2018,MAF,TX,ASW,CE,Combined TRACON& Tower with Radar,37,23,38,57,155,0,0,23,10,33,37,23,61,67,188,4,86,90,278
04/07/2018,MAF,TX,ASW,CE,Combined TRACON& Tower with Radar,25,11,38,33,107,0,0,10,3,13,25,11,48,36,120,0,18,18,138
04/08/2018,MAF,TX,ASW,CE,Combined TRACON& Tower with Radar,38,14,38,12,102,0,0,20,5,25,38,14,58,17,127,2,2,4,131
04/09/2018,MAF,TX,ASW,CE,Combined TRACON& Tower with Radar,41,20,62,36,159,0,0,14,0,14,41,20,76,36,173,30,52,82,255
04/10/2018,MAF,TX,ASW,CE,Combined TRACON& Tower with Radar,42,24,75,54,195,0,0,43,9,52,42,24,118,63,247,24,58,82,329
04/11/2018,MAF,TX,ASW,CE,Combined TRACON& Tower with Radar,44,22,65,45,176,0,0,40,6,46,44,22,105,51,222,12,16,28,250
04/12/2018,MAF,TX,ASW,CE,Combined TRACON& Tower with Radar,45,31,60,35,171,0,0,25,2,27,45,31,85,37,198,16,80,96,294
04/13/2018,MAF,TX,ASW,CE,Combined TRACON& Tower with Radar,41,27,25,10,103,0,0,5,0,5,41,27,30,10,108,0,0,0,108
04/14/2018,MAF,TX,ASW,CE,Combined TRACON& Tower with Radar,30,9,31,31,101,0,0,28,3,31,30,9,59,34,132,8,0,8,140
04/15/2018,MAF,TX,ASW,CE,Combined TRACON& Tower with Radar,43,16,33,20,112,0,0,26,0,26,43,16,59,20,138,20,0,20,158
04/16/2018,MAF,TX,ASW,CE,Combined TRACON& Tower with Radar,41,22,47,20,130,0,0,28,1,29,41,22,75,21,159,4,24,28,187
04/17/2018,MAF,TX,ASW,CE,Combined TRACON& Tower with Radar,40,27,45,10,122,0,0,27,0,27,40,27,72,10,149,34,34,68,217
04/18/2018,MAF,TX,ASW,CE,Combined TRACON& Tower with Radar,45,29,68,12,154,0,0,40,0,40,45,29,108,12,194,4,0,4,198
04/19/2018,MAF,TX,ASW,CE,Combined TRACON& Tower with Radar,43,27,66,54,190,0,0,28,4,32,43,27,94,58,222,0,66,66,288
04/20/2018,MAF,TX,ASW,CE,Combined TRACON& Tower with Radar,43,21,30,1,95,0,0,6,0,6,43,21,36,1,101,0,0,0,101
04/21/2018,MAF,TX,ASW,CE,Combined TRACON& Tower with Radar,33,8,20,0,61,0,0,6,0,6,33,8,26,0,67,8,0,8,75
04/22/2018,MAF,TX,ASW,CE,Combined TRACON& Tower with Radar,36,12,31,1,80,0,0,20,1,21,36,12,51,2,101,20,0,20,121
04/23/2018,MAF,TX,ASW,CE,Combined TRACON& Tower with Radar,42,20,39,30,131,0,0,21,1,22,42,20,60,31,153,4,38,42,195
04/24/2018,MAF,TX,ASW,CE,Combined TRACON& Tower with Radar,43,29,55,59,186,0,0,36,3,39,43,29,91,62,225,10,24,34,259
04/25/2018,MAF,TX,ASW,CE,Combined TRACON& Tower with Radar,45,20,68,1,134,0,0,15,1,16,45,20,83,2,150,0,0,0,150
04/26/2018,MAF,TX,ASW,CE,Combined TRACON& Tower with Radar,45,40,62,28,175,0,0,33,2,35,45,40,95,30,210,0,85,85,295
04/27/2018,MAF,TX,ASW,CE,Combined TRACON& Tower with Radar,41,27,48,51,167,0,2,30,3,35,41,29,78,54,202,0,0,0,202
04/28/2018,MAF,TX,ASW,CE,Combined TRACON& Tower with Radar,29,12,27,2,70,0,1,35,0,36,29,13,62,2,106,4,0,4,110
04/29/2018,MAF,TX,ASW,CE,Combined TRACON& Tower with Radar,41,16,32,5,94,0,0,28,4,32,41,16,60,9,126,0,0,0,126
04/30/2018,MAF,TX,ASW,CE,Combined TRACON& Tower with Radar,44,23,36,20,123,0,0,15,2,17,44,23,51,22,140,34,62,96,236
05/01/2018,MAF,TX,ASW,CE,Combined TRACON& Tower with Radar,43,25,70,44,182,0,0,32,3,35,43,25,102,47,217,2,54,56,273
05/02/2018,MAF,TX,ASW,CE,Combined TRACON& Tower with Radar,43,27,58,18,146,0,0,19,5,24,43,27,77,23,170,0,12,12,182
05/03/2018,MAF,TX,ASW,CE,Combined TRACON& Tower with Radar,42,32,69,35,178,0,0,35,1,36,42,32,104,36,214,29,46,75,289
05/04/2018,MAF,TX,ASW,CE,Combined TRACON& Tower with Radar,40,20,41,24,125,0,0,19,4,23,40,20,60,28,148,0,0,0,148
05/05/2018,MAF,TX,ASW,CE,Combined TRACON& Tower with Radar,29,9,21,0,59,0,0,27,8,35,29,9,48,8,94,0,0,0,94
05/06/2018,MAF,TX,ASW,CE,Combined TRACON& Tower with Radar,39,8,31,1,79,0,0,21,2,23,39,8,52,3,102,0,0,0,102
05/07/2018,MAF,TX,ASW,CE,Combined TRACON& Tower with Radar,42,15,57,5,119,0,0,36,0,36,42,15,93,5,155,6,0,6,161
05/08/2018,MAF,TX,ASW,CE,Combined TRACON& Tower with Radar,43,20,41,20,124,0,0,33,4,37,43,20,74,24,161,0,0,0,161
05/09/2018,MAF,TX,ASW,CE,Combined TRACON& Tower with Radar,42,26,69,24,161,0,0,36,0,36,42,26,105,24,197,0,129,129,326
05/10/2018,MAF,TX,ASW,CE,Combined TRACON& Tower with Radar,43,25,56,25,149,0,0,25,2,27,43,25,81,27,176,0,0,0,176
05/11/2018,MAF,TX,ASW,CE,Combined TRACON& Tower with Radar,44,17,43,40,144,0,0,14,0,14,44,17,57,40,158,10,0,10,168
05/12/2018,MAF,TX,ASW,CE,Combined TRACON& Tower with Radar,31,10,16,4,61,0,1,19,2,22,31,11,35,6,83,0,0,0,83
05/13/2018,MAF,TX,ASW,CE,Combined TRACON& Tower with Radar,36,7,31,8,82,0,0,18,2,20,36,7,49,10,102,8,0,8,110
05/14/2018,MAF,TX,ASW,CE,Combined TRACON& Tower with Radar,40,25,38,9,112,0,1,17,0,18,40,26,55,9,130,0,0,0,130
05/15/2018,MAF,TX,ASW,CE,Combined TRACON& Tower with Radar,47,21,51,24,143,0,1,27,1,29,47,22,78,25,172,0,58,58,230
05/16/2018,MAF,TX,ASW,CE,Combined TRACON& Tower with Radar,42,25,68,10,145,0,0,19,0,19,42,25,87,10,164,4,42,46,210
05/17/2018,MAF,TX,ASW,CE,Combined TRACON& Tower with Radar,43,31,63,13,150,0,0,21,2,23,43,31,84,15,173,0,46,46,219
05/18/2018,MAF,TX,ASW,CE,Combined TRACON& Tower with Radar,41,22,40,26,129,0,0,23,0,23,41,22,63,26,152,0,86,86,238
05/19/2018,MAF,TX,ASW,CE,Combined TRACON& Tower with Radar,32,9,13,2,56,0,0,28,3,31,32,9,41,5,87,18,0,18,105
05/20/2018,MAF,TX,ASW,CE,Combined TRACON& Tower with Radar,39,13,30,15,97,0,0,11,5,16,39,13,41,20,113,4,0,4,117
05/21/2018,MAF,TX,ASW,CE,Combined TRACON& Tower with Radar,39,22,48,15,124,0,0,22,2,24,39,22,70,17,148,6,6,12,160
05/22/2018,MAF,TX,ASW,CE,Combined TRACON& Tower with Radar,42,24,72,21,159,0,0,24,0,24,42,24,96,21,183,20,4,24,207
05/23/2018,MAF,TX,ASW,CE,Combined TRACON& Tower with Radar,44,23,74,13,154,0,1,16,0,17,44,24,90,13,171,0,28,28,199
05/24/2018,MAF,TX,ASW,CE,Combined TRACON& Tower with Radar,42,31,76,21,170,0,0,33,4,37,42,31,109,25,207,14,2,16,223
05/25/2018,MAF,TX,ASW,CE,Combined TRACON& Tower with Radar,47,21,40,2,110,0,0,26,0,26,47,21,66,2,136,0,0,0,136
05/26/2018,MAF,TX,ASW,CE,Combined TRACON& Tower with Radar,29,11,30,1,71,0,0,11,1,12,29,11,41,2,83,6,0,6,89
05/27/2018,MAF,TX,ASW,CE,Combined TRACON& Tower with Radar,32,6,7,1,46,0,0,8,0,8,32,6,15,1,54,0,0,0,54
05/28/2018,MAF,TX,ASW,CE,Combined TRACON& Tower with Radar,36,8,35,1,80,0,0,19,0,19,36,8,54,1,99,0,0,0,99
05/29/2018,MAF,TX,ASW,CE,Combined TRACON& Tower with Radar,44,26,52,16,138,0,0,27,4,31,44,26,79,20,169,10,13,23,192
05/30/2018,MAF,TX,ASW,CE,Combined TRACON& Tower with Radar,44,29,61,0,134,0,0,23,0,23,44,29,84,0,157,0,0,0,157
05/31/2018,MAF,TX,ASW,CE,Combined TRACON& Tower with Radar,46,34,78,13,171,0,4,30,0,34,46,38,108,13,205,0,26,26,231
06/01/2018,MAF,TX,ASW,CE,Combined TRACON& Tower with Radar,44,25,42,36,147,0,2,28,3,33,44,27,70,39,180,2,30,32,212
06/02/2018,MAF,TX,ASW,CE,Combined TRACON& Tower with Radar,30,14,22,2,68,0,1,15,0,16,30,15,37,2,84,20,0,20,104
06/03/2018,MAF,TX,ASW,CE,Combined TRACON& Tower with Radar,36,12,26,0,74,0,0,7,1,8,36,12,33,1,82,0,0,0,82
06/04/2018,MAF,TX,ASW,CE,Combined TRACON& Tower with Radar,45,22,35,12,114,0,0,19,1,20,45,22,54,13,134,10,34,44,178
06/05/2018,MAF,TX,ASW,CE,Combined TRACON& Tower with Radar,39,29,52,16,136,0,0,25,0,25,39,29,77,16,161,0,0,0,161
06/06/2018,MAF,TX,ASW,CE,Combined TRACON& Tower with Radar,40,30,65,35,170,0,0,33,1,34,40,30,98,36,204,10,39,49,253
06/07/2018,MAF,TX,ASW,CE,Combined TRACON& Tower with Radar,44,33,52,19,148,0,0,32,0,32,44,33,84,19,180,0,38,38,218
06/08/2018,MAF,TX,ASW,CE,Combined TRACON& Tower with Radar,42,22,33,20,117,0,0,19,1,20,42,22,52,21,137,0,78,78,215
06/09/2018,MAF,TX,ASW,CE,Combined TRACON& Tower with Radar,32,17,20,6,75,0,0,27,2,29,32,17,47,8,104,32,0,32,136
06/10/2018,MAF,TX,ASW,CE,Combined TRACON& Tower with Radar,43,14,22,4,83,0,0,19,0,19,43,14,41,4,102,12,0,12,114
06/11/2018,MAF,TX,ASW,CE,Combined TRACON& Tower with Radar,42,20,41,8,111,0,0,28,0,28,42,20,69,8,139,0,28,28,167
06/12/2018,MAF,TX,ASW,CE,Combined TRACON& Tower with Radar,46,35,51,12,144,0,0,32,0,32,46,35,83,12,176,28,60,88,264
06/13/2018,MAF,TX,ASW,CE,Combined TRACON& Tower with Radar,47,31,62,42,182,0,0,23,2,25,47,31,85,44,207,2,118,120,327
06/14/2018,MAF,TX,ASW,CE,Combined TRACON& Tower with Radar,51,22,68,10,151,0,0,25,0,25,51,22,93,10,176,4,26,30,206
06/15/2018,MAF,TX,ASW,CE,Combined TRACON& Tower with Radar,44,23,35,20,122,0,0,12,14,26,44,23,47,34,148,0,24,24,172
06/16/2018,MAF,TX,ASW,CE,Combined TRACON& Tower with Radar,27,20,17,4,68,0,0,8,0,8,27,20,25,4,76,0,0,0,76
06/17/2018,MAF,TX,ASW,CE,Combined TRACON& Tower with Radar,43,15,31,2,91,0,0,14,1,15,43,15,45,3,106,10,0,10,116
06/18/2018,MAF,TX,ASW,CE,Combined TRACON& Tower with Radar,47,26,40,34,147,0,0,20,1,21,47,26,60,35,168,4,44,48,216
06/19/2018,MAF,TX,ASW,CE,Combined TRACON& Tower with Radar,42,35,70,16,163,0,0,28,3,31,42,35,98,19,194,8,90,98,292
06/20/2018,MAF,TX,ASW,CE,Combined TRACON& Tower with Radar,41,30,79,57,207,0,0,11,7,18,41,30,90,64,225,6,91,97,322
06/21/2018,MAF,TX,ASW,CE,Combined TRACON& Tower with Radar,47,34,71,22,174,0,1,30,2,33,47,35,101,24,207,0,0,0,207
06/22/2018,MAF,TX,ASW,CE,Combined TRACON& Tower with Radar,45,20,53,27,145,0,2,19,4,25,45,22,72,31,170,0,34,34,204
06/23/2018,MAF,TX,ASW,CE,Combined TRACON& Tower with Radar,32,14,23,8,77,0,0,17,1,18,32,14,40,9,95,0,0,0,95
06/24/2018,MAF,TX,ASW,CE,Combined TRACON& Tower with Radar,42,8,42,5,97,0,0,9,2,11,42,8,51,7,108,0,0,0,108
06/25/2018,MAF,TX,ASW,CE,Combined TRACON& Tower with Radar,44,35,51,39,169,0,1,29,3,33,44,36,80,42,202,0,60,60,262
06/26/2018,MAF,TX,ASW,CE,Combined TRACON& Tower with Radar,45,26,63,27,161,0,0,28,4,32,45,26,91,31,193,0,28,28,221
06/27/2018,MAF,TX,ASW,CE,Combined TRACON& Tower with Radar,43,28,64,12,147,0,0,27,4,31,43,28,91,16,178,6,63,69,247
06/28/2018,MAF,TX,ASW,CE,Combined TRACON& Tower with Radar,44,22,61,12,139,0,0,20,2,22,44,22,81,14,161,8,0,8,169
06/29/2018,MAF,TX,ASW,CE,Combined TRACON& Tower with Radar,40,22,41,0,103,0,0,22,1,23,40,22,63,1,126,0,0,0,126
06/30/2018,MAF,TX,ASW,CE,Combined TRACON& Tower with Radar,33,12,25,0,70,0,0,7,0,7,33,12,32,0,77,14,0,14,91
07/01/2018,MAF,TX,ASW,CE,Combined TRACON& Tower with Radar,37,12,26,2,77,0,0,17,0,17,37,12,43,2,94,0,0,0,94
07/02/2018,MAF,TX,ASW,CE,Combined TRACON& Tower with Radar,42,19,33,26,120,0,1,20,0,21,42,20,53,26,141,17,0,17,158
07/03/2018,MAF,TX,ASW,CE,Combined TRACON& Tower with Radar,37,19,41,30,127,0,0,29,1,30,37,19,70,31,157,10,26,36,193
07/04/2018,MAF,TX,ASW,CE,Combined TRACON& Tower with Radar,32,7,19,0,58,0,2,23,1,26,32,9,42,1,84,0,0,0,84
07/05/2018,MAF,TX,ASW,CE,Combined TRACON& Tower with Radar,40,24,33,8,105,0,0,14,0,14,40,24,47,8,119,0,0,0,119
07/06/2018,MAF,TX,ASW,CE,Combined TRACON& Tower with Radar,43,14,20,26,103,0,1,19,1,21,43,15,39,27,124,2,44,46,170
07/07/2018,MAF,TX,ASW,CE,Combined TRACON& Tower with Radar,33,13,23,1,70,0,0,13,1,14,33,13,36,2,84,0,0,0,84
07/08/2018,MAF,TX,ASW,CE,Combined TRACON& Tower with Radar,41,11,37,0,89,0,0,20,0,20,41,11,57,0,109,38,0,38,147
07/09/2018,MAF,TX,ASW,CE,Combined TRACON& Tower with Radar,44,28,35,7,114,0,1,21,0,22,44,29,56,7,136,8,54,62,198
07/10/2018,MAF,TX,ASW,CE,Combined TRACON& Tower with Radar,43,24,47,14,128,0,0,29,0,29,43,24,76,14,157,40,0,40,197
07/11/2018,MAF,TX,ASW,CE,Combined TRACON& Tower with Radar,46,28,57,21,152,0,0,40,3,43,46,28,97,24,195,29,34,63,258
07/12/2018,MAF,TX,ASW,CE,Combined TRACON& Tower with Radar,48,27,76,47,198,0,3,39,3,45,48,30,115,50,243,28,155,183,426
07/13/2018,MAF,TX,ASW,CE,Combined TRACON& Tower with Radar,48,25,41,43,157,0,0,25,4,29,48,25,66,47,186,20,198,218,404
07/14/2018,MAF,TX,ASW,CE,Combined TRACON& Tower with Radar,33,14,16,3,66,0,0,18,0,18,33,14,34,3,84,20,14,34,118
07/15/2018,MAF,TX,ASW,CE,Combined TRACON& Tower with Radar,40,9,20,0,69,0,0,10,0,10,40,9,30,0,79,0,0,0,79
07/16/2018,MAF,TX,ASW,CE,Combined TRACON& Tower with Radar,40,26,49,12,127,0,1,25,3,29,40,27,74,15,156,0,20,20,176
07/17/2018,MAF,TX,ASW,CE,Combined TRACON& Tower with Radar,43,36,54,14,147,0,1,29,1,31,43,37,83,15,178,2,50,52,230
07/18/2018,MAF,TX,ASW,CE,Combined TRACON& Tower with Radar,47,40,59,12,158,0,0,25,2,27,47,40,84,14,185,8,16,24,209
07/19/2018,MAF,TX,ASW,CE,Combined TRACON& Tower with Radar,42,28,63,11,144,0,2,24,0,26,42,30,87,11,170,52,0,52,222
07/20/2018,MAF,TX,ASW,CE,Combined TRACON& Tower with Radar,41,26,49,67,183,0,0,29,4,33,41,26,78,71,216,20,34,54,270
07/21/2018,MAF,TX,ASW,CE,Combined TRACON& Tower with Radar,34,12,19,4,69,0,0,16,5,21,34,12,35,9,90,8,0,8,98
07/22/2018,MAF,TX,ASW,CE,Combined TRACON& Tower with Radar,40,15,37,5,97,0,0,24,4,28,40,15,61,9,125,14,0,14,139
07/23/2018,MAF,TX,ASW,CE,Combined TRACON& Tower with Radar,41,28,40,10,119,0,0,15,5,20,41,28,55,15,139,20,18,38,177
07/24/2018,MAF,TX,ASW,CE,Combined TRACON& Tower with Radar,45,25,71,6,147,0,0,24,6,30,45,25,95,12,177,22,12,34,211
07/25/2018,MAF,TX,ASW,CE,Combined TRACON& Tower with Radar,46,33,82,7,168,0,0,22,0,22,46,33,104,7,190,4,22,26,216
07/26/2018,MAF,TX,ASW,CE,Combined TRACON& Tower with Radar,48,27,64,14,153,0,2,36,1,39,48,29,100,15,192,0,0,0,192
07/27/2018,MAF,TX,ASW,CE,Combined TRACON& Tower with Radar,42,19,48,36,145,0,0,36,4,40,42,19,84,40,185,6,22,28,213
07/28/2018,MAF,TX,ASW,CE,Combined TRACON& Tower with Radar,32,12,29,14,87,0,0,21,2,23,32,12,50,16,110,0,0,0,110
07/29/2018,MAF,TX,ASW,CE,Combined TRACON& Tower with Radar,40,11,42,12,105,0,0,17,0,17,40,11,59,12,122,18,0,18,140
07/30/2018,MAF,TX,ASW,CE,Combined TRACON& Tower with Radar,41,15,36,31,123,0,0,18,2,20,41,15,54,33,143,6,50,56,199
07/31/2018,MAF,TX,ASW,CE,Combined TRACON& Tower with Radar,49,30,42,3,124,0,0,20,3,23,49,30,62,6,147,20,0,20,167
08/01/2018,MAF,TX,ASW,CE,Combined TRACON& Tower with Radar,46,27,58,12,143,0,0,38,1,39,46,27,96,13,182,8,53,61,243
08/02/2018,MAF,TX,ASW,CE,Combined TRACON& Tower with Radar,44,19,57,14,134,0,0,34,2,36,44,19,91,16,170,12,0,12,182
08/03/2018,MAF,TX,ASW,CE,Combined TRACON& Tower with Radar,48,24,32,38,142,0,0,16,0,16,48,24,48,38,158,0,0,0,158
08/04/2018,MAF,TX,ASW,CE,Combined TRACON& Tower with Radar,33,14,25,2,74,0,0,23,1,24,33,14,48,3,98,0,0,0,98
08/05/2018,MAF,TX,ASW,CE,Combined TRACON& Tower with Radar,41,16,29,0,86,0,0,15,0,15,41,16,44,0,101,0,0,0,101
08/06/2018,MAF,TX,ASW,CE,Combined TRACON& Tower with Radar,42,20,45,24,131,0,0,16,0,16,42,20,61,24,147,0,0,0,147
08/07/2018,MAF,TX,ASW,CE,Combined TRACON& Tower with Radar,46,21,40,18,125,0,0,31,5,36,46,21,71,23,161,4,76,80,241
08/08/2018,MAF,TX,ASW,CE,Combined TRACON& Tower with Radar,39,22,54,32,147,0,2,31,4,37,39,24,85,36,184,6,14,20,204
08/09/2018,MAF,TX,ASW,CE,Combined TRACON& Tower with Radar,47,22,64,9,142,0,1,17,1,19,47,23,81,10,161,0,4,4,165
08/10/2018,MAF,TX,ASW,CE,Combined TRACON& Tower with Radar,44,20,28,48,140,0,1,21,0,22,44,21,49,48,162,0,77,77,239
08/11/2018,MAF,TX,ASW,CE,Combined TRACON& Tower with Radar,32,12,24,0,68,0,0,10,0,10,32,12,34,0,78,0,0,0,78
08/12/2018,MAF,TX,ASW,CE,Combined TRACON& Tower with Radar,42,6,31,14,93,0,0,9,0,9,42,6,40,14,102,2,0,2,104
08/13/2018,MAF,TX,ASW,CE,Combined TRACON& Tower with Radar,40,17,40,4,101,0,0,6,0,6,40,17,46,4,107,7,40,47,154
08/14/2018,MAF,TX,ASW,CE,Combined TRACON& Tower with Radar,47,27,43,1,118,0,0,21,2,23,47,27,64,3,141,14,0,14,155
08/15/2018,MAF,TX,ASW,CE,Combined TRACON& Tower with Radar,47,31,71,7,156,0,1,38,6,45,47,32,109,13,201,8,2,10,211
08/16/2018,MAF,TX,ASW,CE,Combined TRACON& Tower with Radar,46,23,69,45,183,0,0,39,3,42,46,23,108,48,225,0,0,0,225
08/17/2018,MAF,TX,ASW,CE,Combined TRACON& Tower with Radar,46,23,47,31,147,0,1,36,3,40,46,24,83,34,187,0,0,0,187
08/18/2018,MAF,TX,ASW,CE,Combined TRACON& Tower with Radar,31,16,13,0,60,0,0,16,0,16,31,16,29,0,76,10,0,10,86
08/19/2018,MAF,TX,ASW,CE,Combined TRACON& Tower with Radar,45,8,33,0,86,0,0,11,0,11,45,8,44,0,97,0,0,0,97
08/20/2018,MAF,TX,ASW,CE,Combined TRACON& Tower with Radar,44,17,50,3,114,0,0,10,0,10,44,17,60,3,124,32,0,32,156
08/21/2018,MAF,TX,ASW,CE,Combined TRACON& Tower with Radar,44,22,46,8,120,0,0,25,4,29,44,22,71,12,149,4,24,28,177
08/22/2018,MAF,TX,ASW,CE,Combined TRACON& Tower with Radar,41,29,78,17,165,0,0,20,0,20,41,29,98,17,185,2,14,16,201
08/23/2018,MAF,TX,ASW,CE,Combined TRACON& Tower with Radar,40,25,73,20,158,0,1,33,4,38,40,26,106,24,196,12,24,36,232
08/24/2018,MAF,TX,ASW,CE,Combined TRACON& Tower with Radar,40,22,36,28,126,0,1,38,0,39,40,23,74,28,165,0,22,22,187
08/25/2018,MAF,TX,ASW,CE,Combined TRACON& Tower with Radar,30,11,24,1,66,0,0,20,2,22,30,11,44,3,88,16,0,16,104
08/26/2018,MAF,TX,ASW,CE,Combined TRACON& Tower with Radar,36,17,19,0,72,0,0,30,0,30,36,17,49,0,102,10,0,10,112
08/27/2018,MAF,TX,ASW,CE,Combined TRACON& Tower with Radar,39,24,45,12,120,0,2,21,1,24,39,26,66,13,144,16,0,16,160
08/28/2018,MAF,TX,ASW,CE,Combined TRACON& Tower with Radar,41,28,57,12,138,0,0,24,6,30,41,28,81,18,168,16,49,65,233
08/29/2018,MAF,TX,ASW,CE,Combined TRACON& Tower with Radar,39,23,57,28,147,0,0,42,1,43,39,23,99,29,190,22,52,74,264
08/30/2018,MAF,TX,ASW,CE,Combined TRACON& Tower with Radar,41,38,59,33,171,0,0,25,2,27,41,38,84,35,198,20,10,30,228
08/31/2018,MAF,TX,ASW,CE,Combined TRACON& Tower with Radar,42,32,41,4,119,0,0,19,2,21,42,32,60,6,140,10,0,10,150
09/01/2018,MAF,TX,ASW,CE,Combined TRACON& Tower with Radar,21,12,23,1,57,0,0,14,1,15,21,12,37,2,72,0,0,0,72
09/02/2018,MAF,TX,ASW,CE,Combined TRACON& Tower with Radar,25,10,16,0,51,0,0,10,0,10,25,10,26,0,61,10,0,10,71
09/03/2018,MAF,TX,ASW,CE,Combined TRACON& Tower with Radar,34,20,37,0,91,0,1,14,0,15,34,21,51,0,106,4,0,4,110
09/04/2018,MAF,TX,ASW,CE,Combined TRACON& Tower with Radar,42,27,49,20,138,0,0,23,1,24,42,27,72,21,162,0,26,26,188
09/05/2018,MAF,TX,ASW,CE,Combined TRACON& Tower with Radar,40,37,58,23,158,0,0,17,0,17,40,37,75,23,175,33,0,33,208
09/06/2018,MAF,TX,ASW,CE,Combined TRACON& Tower with Radar,40,41,68,8,157,0,0,11,0,11,40,41,79,8,168,6,0,6,174
09/07/2018,MAF,TX,ASW,CE,Combined TRACON& Tower with Radar,48,28,41,1,118,0,0,2,0,2,48,28,43,1,120,0,0,0,120
09/08/2018,MAF,TX,ASW,CE,Combined TRACON& Tower with Radar,30,11,18,1,60,0,0,2,0,2,30,11,20,1,62,51,0,51,113
09/09/2018,MAF,TX,ASW,CE,Combined TRACON& Tower with Radar,36,18,38,7,99,0,0,22,3,25,36,18,60,10,124,6,0,6,130
09/10/2018,MAF,TX,ASW,CE,Combined TRACON& Tower with Radar,40,30,30,43,143,0,0,39,1,40,40,30,69,44,183,0,0,0,183
09/11/2018,MAF,TX,ASW,CE,Combined TRACON& Tower with Radar,43,34,66,75,218,0,0,41,19,60,43,34,107,94,278,18,90,108,386
09/12/2018,MAF,TX,ASW,CE,Combined TRACON& Tower with Radar,46,44,76,31,197,0,0,36,5,41,46,44,112,36,238,2,66,68,306
09/13/2018,MAF,TX,ASW,CE,Combined TRACON& Tower with Radar,42,41,83,28,194,0,2,41,10,53,42,43,124,38,247,2,26,28,275
09/14/2018,MAF,TX,ASW,CE,Combined TRACON& Tower with Radar,42,28,25,5,100,0,3,42,8,53,42,31,67,13,153,6,0,6,159
09/15/2018,MAF,TX,ASW,CE,Combined TRACON& Tower with Radar,29,11,8,4,52,0,2,20,15,37,29,13,28,19,89,0,0,0,89
09/16/2018,MAF,TX,ASW,CE,Combined TRACON& Tower with Radar,36,16,20,2,74,0,3,37,11,51,36,19,57,13,125,0,0,0,125
09/17/2018,MAF,TX,ASW,CE,Combined TRACON& Tower with Radar,40,22,60,18,140,0,0,15,2,17,40,22,75,20,157,20,2,22,179
09/18/2018,MAF,TX,ASW,CE,Combined TRACON& Tower with Radar,43,31,42,37,153,0,0,17,0,17,43,31,59,37,170,0,4,4,174
09/19/2018,MAF,TX,ASW,CE,Combined TRACON& Tower with Radar,41,32,62,8,143,0,2,26,0,28,41,34,88,8,171,0,0,0,171
09/20/2018,MAF,TX,ASW,CE,Combined TRACON& Tower with Radar,40,33,70,8,151,0,0,23,0,23,40,33,93,8,174,0,0,0,174
09/21/2018,MAF,TX,ASW,CE,Combined TRACON& Tower with Radar,42,32,35,7,116,0,0,7,0,7,42,32,42,7,123,0,0,0,123
09/22/2018,MAF,TX,ASW,CE,Combined TRACON& Tower with Radar,26,16,30,0,72,0,0,7,0,7,26,16,37,0,79,12,0,12,91
09/23/2018,MAF,TX,ASW,CE,Combined TRACON& Tower with Radar,38,18,35,0,91,0,0,26,2,28,38,18,61,2,119,2,0,2,121
09/24/2018,MAF,TX,ASW,CE,Combined TRACON& Tower with Radar,42,28,41,30,141,0,0,20,3,23,42,28,61,33,164,8,70,78,242
09/25/2018,MAF,TX,ASW,CE,Combined TRACON& Tower with Radar,42,40,46,17,145,0,0,38,0,38,42,40,84,17,183,10,6,16,199
09/26/2018,MAF,TX,ASW,CE,Combined TRACON& Tower with Radar,42,33,60,10,145,0,0,3,0,3,42,33,63,10,148,6,0,6,154
09/27/2018,MAF,TX,ASW,CE,Combined TRACON& Tower with Radar,47,33,66,15,161,0,0,21,3,24,47,33,87,18,185,6,0,6,191
09/28/2018,MAF,TX,ASW,CE,Combined TRACON& Tower with Radar,42,29,44,25,140,0,0,36,4,40,42,29,80,29,180,26,8,34,214
09/29/2018,MAF,TX,ASW,CE,Combined TRACON& Tower with Radar,28,9,29,0,66,0,0,17,0,17,28,9,46,0,83,2,0,2,85
09/30/2018,MAF,TX,ASW,CE,Combined TRACON& Tower with Radar,36,19,45,3,103,0,0,22,3,25,36,19,67,6,128,0,6,6,134
10/01/2018,MAF,TX,ASW,CE,Combined TRACON& Tower with Radar,40,22,47,9,118,0,0,23,1,24,40,22,70,10,142,16,16,32,174
10/02/2018,MAF,TX,ASW,CE,Combined TRACON& Tower with Radar,41,36,55,38,170,0,1,28,0,29,41,37,83,38,199,0,34,34,233
10/03/2018,MAF,TX,ASW,CE,Combined TRACON& Tower with Radar,40,29,67,8,144,0,2,17,2,21,40,31,84,10,165,0,20,20,185
10/04/2018,MAF,TX,ASW,CE,Combined TRACON& Tower with Radar,46,27,70,40,183,0,0,34,2,36,46,27,104,42,219,6,38,44,263
10/05/2018,MAF,TX,ASW,CE,Combined TRACON& Tower with Radar,46,20,49,46,161,1,0,23,2,26,47,20,72,48,187,10,62,72,259
10/06/2018,MAF,TX,ASW,CE,Combined TRACON& Tower with Radar,34,6,15,7,62,0,0,12,0,12,34,6,27,7,74,0,0,0,74
10/07/2018,MAF,TX,ASW,CE,Combined TRACON& Tower with Radar,42,11,35,0,88,0,0,10,0,10,42,11,45,0,98,6,0,6,104
10/08/2018,MAF,TX,ASW,CE,Combined TRACON& Tower with Radar,40,17,57,0,114,0,0,8,0,8,40,17,65,0,122,0,0,0,122
10/09/2018,MAF,TX,ASW,CE,Combined TRACON& Tower with Radar,54,23,50,8,135,0,0,24,0,24,54,23,74,8,159,0,0,0,159
10/10/2018,MAF,TX,ASW,CE,Combined TRACON& Tower with Radar,49,24,80,24,177,0,0,45,5,50,49,24,125,29,227,0,20,20,247
10/11/2018,MAF,TX,ASW,CE,Combined TRACON& Tower with Radar,48,28,65,0,141,0,0,15,0,15,48,28,80,0,156,0,0,0,156
10/12/2018,MAF,TX,ASW,CE,Combined TRACON& Tower with Radar,49,17,45,20,131,0,0,19,0,19,49,17,64,20,150,4,0,4,154
10/13/2018,MAF,TX,ASW,CE,Combined TRACON& Tower with Radar,33,8,11,4,56,0,0,4,0,4,33,8,15,4,60,0,0,0,60
10/14/2018,MAF,TX,ASW,CE,Combined TRACON& Tower with Radar,41,9,51,38,139,0,0,8,1,9,41,9,59,39,148,0,0,0,148
10/15/2018,MAF,TX,ASW,CE,Combined TRACON& Tower with Radar,46,19,43,5,113,0,0,1,1,2,46,19,44,6,115,0,0,0,115
10/16/2018,MAF,TX,ASW,CE,Combined TRACON& Tower with Radar,55,30,58,16,159,0,0,0,0,0,55,30,58,16,159,0,0,0,159
10/17/2018,MAF,TX,ASW,CE,Combined TRACON& Tower with Radar,56,25,79,3,163,0,0,0,0,0,56,25,79,3,163,0,0,0,163
10/18/2018,MAF,TX,ASW,CE,Combined TRACON& Tower with Radar,59,31,90,0,180,0,0,0,0,0,59,31,90,0,180,0,0,0,180
10/19/2018,MAF,TX,ASW,CE,Combined TRACON& Tower with Radar,47,23,38,18,126,0,0,9,0,9,47,23,47,18,135,0,4,4,139
10/20/2018,MAF,TX,ASW,CE,Combined TRACON& Tower with Radar,31,10,20,1,62,0,1,20,9,30,31,11,40,10,92,0,0,0,92
10/21/2018,MAF,TX,ASW,CE,Combined TRACON& Tower with Radar,44,7,32,4,87,0,0,15,0,15,44,7,47,4,102,12,0,12,114
10/22/2018,MAF,TX,ASW,CE,Combined TRACON& Tower with Radar,50,13,56,20,139,0,0,23,0,23,50,13,79,20,162,25,0,25,187
10/23/2018,MAF,TX,ASW,CE,Combined TRACON& Tower with Radar,49,21,76,0,146,0,0,2,0,2,49,21,78,0,148,0,0,0,148
10/24/2018,MAF,TX,ASW,CE,Combined TRACON& Tower with Radar,74,23,60,0,157,0,0,0,0,0,74,23,60,0,157,0,0,0,157
10/25/2018,MAF,TX,ASW,CE,Combined TRACON& Tower with Radar,48,25,69,3,145,0,0,27,0,27,48,25,96,3,172,0,0,0,172
10/26/2018,MAF,TX,ASW,CE,Combined TRACON& Tower with Radar,49,17,41,16,123,0,0,50,0,50,49,17,91,16,173,0,8,8,181
10/27/2018,MAF,TX,ASW,CE,Combined TRACON& Tower with Radar,32,8,20,3,63,0,1,24,1,26,32,9,44,4,89,0,0,0,89
10/28/2018,MAF,TX,ASW,CE,Combined TRACON& Tower with Radar,44,10,36,11,101,0,0,16,5,21,44,10,52,16,122,10,0,10,132
10/29/2018,MAF,TX,ASW,CE,Combined TRACON& Tower with Radar,52,12,43,9,116,0,0,31,0,31,52,12,74,9,147,4,4,8,155
10/30/2018,MAF,TX,ASW,CE,Combined TRACON& Tower with Radar,51,22,56,10,139,0,0,25,11,36,51,22,81,21,175,0,2,2,177
10/31/2018,MAF,TX,ASW,CE,Combined TRACON& Tower with Radar,40,20,69,0,129,0,0,2,0,2,40,20,71,0,131,0,0,0,131
11/01/2018,MAF,TX,ASW,CE,Combined TRACON& Tower with Radar,50,32,67,20,169,0,0,29,1,30,50,32,96,21,199,17,32,49,248
11/02/2018,MAF,TX,ASW,CE,Combined TRACON& Tower with Radar,54,16,42,28,140,0,0,45,4,49,54,16,87,32,189,0,20,20,209
11/03/2018,MAF,TX,ASW,CE,Combined TRACON& Tower with Radar,33,3,35,3,74,0,0,41,1,42,33,3,76,4,116,8,0,8,124
11/04/2018,MAF,TX,ASW,CE,Combined TRACON& Tower with Radar,48,9,33,6,96,0,0,22,2,24,48,9,55,8,120,18,0,18,138
11/05/2018,MAF,TX,ASW,CE,Combined TRACON& Tower with Radar,49,19,73,2,143,0,0,16,2,18,49,19,89,4,161,6,26,32,193
11/06/2018,MAF,TX,ASW,CE,Combined TRACON& Tower with Radar,52,24,62,34,172,0,1,27,5,33,52,25,89,39,205,6,64,70,275
11/07/2018,MAF,TX,ASW,CE,Combined TRACON& Tower with Radar,52,32,93,7,184,0,0,4,0,4,52,32,97,7,188,0,0,0,188
11/08/2018,MAF,TX,ASW,CE,Combined TRACON& Tower with Radar,56,30,71,4,161,0,0,0,0,0,56,30,71,4,161,0,0,0,161
11/09/2018,MAF,TX,ASW,CE,Combined TRACON& Tower with Radar,49,20,45,6,120,0,0,16,2,18,49,20,61,8,138,16,0,16,154
11/10/2018,MAF,TX,ASW,CE,Combined TRACON& Tower with Radar,34,5,24,6,69,0,0,6,0,6,34,5,30,6,75,13,0,13,88
11/11/2018,MAF,TX,ASW,CE,Combined TRACON& Tower with Radar,48,7,27,10,92,0,0,21,0,21,48,7,48,10,113,46,0,46,159
11/12/2018,MAF,TX,ASW,CE,Combined TRACON& Tower with Radar,52,16,54,1,123,0,0,2,0,2,52,16,56,1,125,0,0,0,125
11/13/2018,MAF,TX,ASW,CE,Combined TRACON& Tower with Radar,49,26,65,10,150,0,0,27,4,31,49,26,92,14,181,6,0,6,187
11/14/2018,MAF,TX,ASW,CE,Combined TRACON& Tower with Radar,53,21,69,2,145,0,0,37,0,37,53,21,106,2,182,0,0,0,182
11/15/2018,MAF,TX,ASW,CE,Combined TRACON& Tower with Radar,50,29,53,2,134,0,0,24,0,24,50,29,77,2,158,0,0,0,158
11/16/2018,MAF,TX,ASW,CE,Combined TRACON& Tower with Radar,47,19,33,22,121,0,0,41,0,41,47,19,74,22,162,20,0,20,182
11/17/2018,MAF,TX,ASW,CE,Combined TRACON& Tower with Radar,34,7,21,1,63,0,0,27,1,28,34,7,48,2,91,0,0,0,91
11/18/2018,MAF,TX,ASW,CE,Combined TRACON& Tower with Radar,46,5,22,4,77,0,0,8,0,8,46,5,30,4,85,0,0,0,85
11/19/2018,MAF,TX,ASW,CE,Combined TRACON& Tower with Radar,48,11,46,11,116,0,0,24,1,25,48,11,70,12,141,0,0,0,141
11/20/2018,MAF,TX,ASW,CE,Combined TRACON& Tower with Radar,50,13,49,5,117,0,0,19,3,22,50,13,68,8,139,10,0,10,149
11/21/2018,MAF,TX,ASW,CE,Combined TRACON& Tower with Radar,50,15,28,4,97,0,0,14,0,14,50,15,42,4,111,0,0,0,111
11/22/2018,MAF,TX,ASW,CE,Combined TRACON& Tower with Radar,30,2,12,0,44,0,0,5,0,5,30,2,17,0,49,0,0,0,49
11/23/2018,MAF,TX,ASW,CE,Combined TRACON& Tower with Radar,35,8,26,2,71,0,1,14,0,15,35,9,40,2,86,6,0,6,92
11/24/2018,MAF,TX,ASW,CE,Combined TRACON& Tower with Radar,38,17,33,0,88,0,2,19,2,23,38,19,52,2,111,0,0,0,111
11/25/2018,MAF,TX,ASW,CE,Combined TRACON& Tower with Radar,45,5,34,2,86,0,0,8,0,8,45,5,42,2,94,4,0,4,98
11/26/2018,MAF,TX,ASW,CE,Combined TRACON& Tower with Radar,47,12,50,27,136,0,0,38,0,38,47,12,88,27,174,0,20,20,194
11/27/2018,MAF,TX,ASW,CE,Combined TRACON& Tower with Radar,51,19,67,10,147,0,0,46,1,47,51,19,113,11,194,10,0,10,204
11/28/2018,MAF,TX,ASW,CE,Combined TRACON& Tower with Radar,53,20,51,3,127,0,0,32,3,35,53,20,83,6,162,0,0,0,162
11/29/2018,MAF,TX,ASW,CE,Combined TRACON& Tower with Radar,53,18,65,5,141,0,0,24,1,25,53,18,89,6,166,0,0,0,166
11/30/2018,MAF,TX,ASW,CE,Combined TRACON& Tower with Radar,60,20,41,6,127,0,0,29,0,29,60,20,70,6,156,18,0,18,174
12/01/2018,MAF,TX,ASW,CE,Combined TRACON& Tower with Radar,35,13,22,15,85,0,0,16,0,16,35,13,38,15,101,18,0,18,119
12/02/2018,MAF,TX,ASW,CE,Combined TRACON& Tower with Radar,44,11,37,19,111,0,0,24,4,28,44,11,61,23,139,8,0,8,147
12/03/2018,MAF,TX,ASW,CE,Combined TRACON& Tower with Radar,48,11,44,22,125,0,0,33,0,33,48,11,77,22,158,38,0,38,196
12/04/2018,MAF,TX,ASW,CE,Combined TRACON& Tower with Radar,47,23,49,2,121,0,0,38,1,39,47,23,87,3,160,8,0,8,168
12/05/2018,MAF,TX,ASW,CE,Combined TRACON& Tower with Radar,49,27,56,6,138,0,1,24,0,25,49,28,80,6,163,22,0,22,185
12/06/2018,MAF,TX,ASW,CE,Combined TRACON& Tower with Radar,49,27,74,12,162,0,0,16,2,18,49,27,90,14,180,4,0,4,184
12/07/2018,MAF,TX,ASW,CE,Combined TRACON& Tower with Radar,46,18,29,10,103,0,0,0,0,0,46,18,29,10,103,0,0,0,103
12/08/2018,MAF,TX,ASW,CE,Combined TRACON& Tower with Radar,32,12,16,0,60,0,0,3,0,3,32,12,19,0,63,0,0,0,63
12/09/2018,MAF,TX,ASW,CE,Combined TRACON& Tower with Radar,41,6,61,10,118,0,0,22,0,22,41,6,83,10,140,46,0,46,186
12/10/2018,MAF,TX,ASW,CE,Combined TRACON& Tower with Radar,47,17,61,17,142,0,0,24,3,27,47,17,85,20,169,6,0,6,175
12/11/2018,MAF,TX,ASW,CE,Combined TRACON& Tower with Radar,46,20,67,19,152,0,0,32,4,36,46,20,99,23,188,0,34,34,222
12/12/2018,MAF,TX,ASW,CE,Combined TRACON& Tower with Radar,51,19,66,27,163,0,0,25,3,28,51,19,91,30,191,24,12,36,227
12/13/2018,MAF,TX,ASW,CE,Combined TRACON& Tower with Radar,53,27,63,1,144,0,0,15,0,15,53,27,78,1,159,0,0,0,159
12/14/2018,MAF,TX,ASW,CE,Combined TRACON& Tower with Radar,50,19,54,21,144,0,0,35,0,35,50,19,89,21,179,20,42,62,241
12/15/2018,MAF,TX,ASW,CE,Combined TRACON& Tower with Radar,33,9,27,2,71,0,0,50,0,50,33,9,77,2,121,34,0,34,155
12/16/2018,MAF,TX,ASW,CE,Combined TRACON& Tower with Radar,40,6,32,9,87,0,0,39,5,44,40,6,71,14,131,4,0,4,135
12/17/2018,MAF,TX,ASW,CE,Combined TRACON& Tower with Radar,46,14,48,32,140,0,0,22,5,27,46,14,70,37,167,22,46,68,235
12/18/2018,MAF,TX,ASW,CE,Combined TRACON& Tower with Radar,52,18,53,10,133,0,0,45,0,45,52,18,98,10,178,34,62,96,274
12/19/2018,MAF,TX,ASW,CE,Combined TRACON& Tower with Radar,45,21,51,12,129,0,0,53,2,55,45,21,104,14,184,16,10,26,210
12/20/2018,MAF,TX,ASW,CE,Combined TRACON& Tower with Radar,45,20,53,12,130,0,0,49,0,49,45,20,102,12,179,10,4,14,193
12/21/2018,MAF,TX,ASW,CE,Combined TRACON& Tower with Radar,45,19,41,3,108,0,0,53,1,54,45,19,94,4,162,4,0,4,166
12/22/2018,MAF,TX,ASW,CE,Combined TRACON& Tower with Radar,34,12,21,0,67,0,0,44,0,44,34,12,65,0,111,30,0,30,141
12/23/2018,MAF,TX,ASW,CE,Combined TRACON& Tower with Radar,37,10,32,0,79,0,0,39,0,39,37,10,71,0,118,26,0,26,144
12/24/2018,MAF,TX,ASW,CE,Combined TRACON& Tower with Radar,33,8,10,0,51,0,0,7,0,7,33,8,17,0,58,0,0,0,58
12/25/2018,MAF,TX,ASW,CE,Combined TRACON& Tower with Radar,37,12,0,0,49,0,0,5,0,5,37,12,5,0,54,0,0,0,54
12/26/2018,MAF,TX,ASW,CE,Combined TRACON& Tower with Radar,40,11,35,0,86,0,0,2,0,2,40,11,37,0,88,0,0,0,88
12/27/2018,MAF,TX,ASW,CE,Combined TRACON& Tower with Radar,42,24,50,0,116,0,0,34,0,34,42,24,84,0,150,30,0,30,180
12/28/2018,MAF,TX,ASW,CE,Combined TRACON& Tower with Radar,41,25,32,0,98,0,0,11,0,11,41,25,43,0,109,24,0,24,133
12/29/2018,MAF,TX,ASW,CE,Combined TRACON& Tower with Radar,32,13,25,0,70,0,0,3,0,3,32,13,28,0,73,0,0,0,73
12/30/2018,MAF,TX,ASW,CE,Combined TRACON& Tower with Radar,35,17,34,0,86,0,0,8,0,8,35,17,42,0,94,22,0,22,116
12/31/2018,MAF,TX,ASW,CE,Combined TRACON& Tower with Radar,30,10,10,3,53,0,0,13,0,13,30,10,23,3,66,0,0,0,66
01/01/2019,MAF,TX,ASW,CE,Combined TRACON& Tower with Radar,38,17,22,0,77,0,0,3,0,3,38,17,25,0,80,0,0,0,80
01/02/2019,MAF,TX,ASW,CE,Combined TRACON& Tower with Radar,46,17,32,2,97,0,0,1,0,1,46,17,33,2,98,0,0,0,98
01/03/2019,MAF,TX,ASW,CE,Combined TRACON& Tower with Radar,45,25,37,16,123,0,0,22,3,25,45,25,59,19,148,0,27,27,175
01/04/2019,MAF,TX,ASW,CE,Combined TRACON& Tower with Radar,45,22,38,51,156,0,0,30,5,35,45,22,68,56,191,0,48,48,239
01/05/2019,MAF,TX,ASW,CE,Combined TRACON& Tower with Radar,30,14,31,3,78,0,0,23,2,25,30,14,54,5,103,48,0,48,151
01/06/2019,MAF,TX,ASW,CE,Combined TRACON& Tower with Radar,38,15,34,5,92,0,0,19,4,23,38,15,53,9,115,12,0,12,127
01/07/2019,MAF,TX,ASW,CE,Combined TRACON& Tower with Radar,49,16,46,28,139,0,1,22,0,23,49,17,68,28,162,12,46,58,220
01/08/2019,MAF,TX,ASW,CE,Combined TRACON& Tower with Radar,53,19,37,27,136,0,2,28,5,35,53,21,65,32,171,14,28,42,213
01/09/2019,MAF,TX,ASW,CE,Combined TRACON& Tower with Radar,52,25,56,39,172,0,2,30,8,40,52,27,86,47,212,44,50,94,306
01/10/2019,MAF,TX,ASW,CE,Combined TRACON& Tower with Radar,54,21,45,20,140,0,0,32,3,35,54,21,77,23,175,12,24,36,211
01/11/2019,MAF,TX,ASW,CE,Combined TRACON& Tower with Radar,51,13,49,40,153,0,0,16,0,16,51,13,65,40,169,0,0,0,169
01/12/2019,MAF,TX,ASW,CE,Combined TRACON& Tower with Radar,29,8,16,7,60,0,0,13,2,15,29,8,29,9,75,10,0,10,85
01/13/2019,MAF,TX,ASW,CE,Combined TRACON& Tower with Radar,44,4,22,7,77,0,0,10,8,18,44,4,32,15,95,4,0,4,99
01/14/2019,MAF,TX,ASW,CE,Combined TRACON& Tower with Radar,48,19,48,2,117,0,0,4,0,4,48,19,52,2,121,0,0,0,121
01/15/2019,MAF,TX,ASW,CE,Combined TRACON& Tower with Radar,51,19,59,41,170,0,0,11,2,13,51,19,70,43,183,4,6,10,193
01/16/2019,MAF,TX,ASW,CE,Combined TRACON& Tower with Radar,55,19,82,55,211,0,0,21,2,23,55,19,103,57,234,16,76,92,326
01/17/2019,MAF,TX,ASW,CE,Combined TRACON& Tower with Radar,51,22,87,24,184,0,0,35,0,35,51,22,122,24,219,22,42,64,283
01/18/2019,MAF,TX,ASW,CE,Combined TRACON& Tower with Radar,50,15,49,29,143,0,1,11,3,15,50,16,60,32,158,20,62,82,240
01/19/2019,MAF,TX,ASW,CE,Combined TRACON& Tower with Radar,28,6,16,8,58,0,1,15,0,16,28,7,31,8,74,12,0,12,86
01/20/2019,MAF,TX,ASW,CE,Combined TRACON& Tower with Radar,46,11,37,11,105,0,0,28,0,28,46,11,65,11,133,0,0,0,133
01/21/2019,MAF,TX,ASW,CE,Combined TRACON& Tower with Radar,50,9,52,0,111,0,0,14,0,14,50,9,66,0,125,4,0,4,129
01/22/2019,MAF,TX,ASW,CE,Combined TRACON& Tower with Radar,51,25,57,23,156,0,1,18,5,24,51,26,75,28,180,10,28,38,218
01/23/2019,MAF,TX,ASW,CE,Combined TRACON& Tower with Radar,50,19,51,21,141,0,0,40,2,42,50,19,91,23,183,22,0,22,205
01/24/2019,MAF,TX,ASW,CE,Combined TRACON& Tower with Radar,51,16,87,6,160,0,1,23,4,28,51,17,110,10,188,0,14,14,202
01/25/2019,MAF,TX,ASW,CE,Combined TRACON& Tower with Radar,53,14,32,27,126,0,0,30,4,34,53,14,62,31,160,14,36,50,210
01/26/2019,MAF,TX,ASW,CE,Combined TRACON& Tower with Radar,27,6,18,18,69,0,0,28,18,46,27,6,46,36,115,16,0,16,131
01/27/2019,MAF,TX,ASW,CE,Combined TRACON& Tower with Radar,47,9,38,3,97,0,0,21,0,21,47,9,59,3,118,0,0,0,118
01/28/2019,MAF,TX,ASW,CE,Combined TRACON& Tower with Radar,51,20,50,9,130,0,1,20,2,23,51,21,70,11,153,0,6,6,159
01/29/2019,MAF,TX,ASW,CE,Combined TRACON& Tower with Radar,51,28,54,61,194,0,2,26,10,38,51,30,80,71,232,0,76,76,308
01/30/2019,MAF,TX,ASW,CE,Combined TRACON& Tower with Radar,50,19,55,60,184,0,0,28,1,29,50,19,83,61,213,0,38,38,251
01/31/2019,MAF,TX,ASW,CE,Combined TRACON& Tower with Radar,53,18,51,109,231,0,0,34,5,39,53,18,85,114,270,0,86,86,356
02/01/2019,MAF,TX,ASW,CE,Combined TRACON& Tower with Radar,54,22,57,39,172,0,0,25,10,35,54,22,82,49,207,10,22,32,239
02/02/2019,MAF,TX,ASW,CE,Combined TRACON& Tower with Radar,28,10,27,46,111,0,0,19,6,25,28,10,46,52,136,10,32,42,178
02/03/2019,MAF,TX,ASW,CE,Combined TRACON& Tower with Radar,38,9,27,2,76,0,0,14,0,14,38,9,41,2,90,0,0,0,90
02/04/2019,MAF,TX,ASW,CE,Combined TRACON& Tower with Radar,50,15,54,40,159,0,0,19,1,20,50,15,73,41,179,0,0,0,179
02/05/2019,MAF,TX,ASW,CE,Combined TRACON& Tower with Radar,52,17,47,68,184,0,1,12,14,27,52,18,59,82,211,10,46,56,267
02/06/2019,MAF,TX,ASW,CE,Combined TRACON& Tower with Radar,51,21,67,34,173,0,1,26,0,27,51,22,93,34,200,8,28,36,236
02/07/2019,MAF,TX,ASW,CE,Combined TRACON& Tower with Radar,49,15,81,80,225,0,0,24,8,32,49,15,105,88,257,16,64,80,337
02/08/2019,MAF,TX,ASW,CE,Combined TRACON& Tower with Radar,52,13,54,74,193,0,0,22,7,29,52,13,76,81,222,0,22,22,244
02/09/2019,MAF,TX,ASW,CE,Combined TRACON& Tower with Radar,25,7,6,2,40,0,0,7,0,7,25,7,13,2,47,0,0,0,47
02/10/2019,MAF,TX,ASW,CE,Combined TRACON& Tower with Radar,46,9,27,50,132,0,0,8,1,9,46,9,35,51,141,16,0,16,157
02/11/2019,MAF,TX,ASW,CE,Combined TRACON& Tower with Radar,53,16,45,19,133,0,0,13,3,16,53,16,58,22,149,18,8,26,175
02/12/2019,MAF,TX,ASW,CE,Combined TRACON& Tower with Radar,52,22,56,32,162,0,1,33,2,36,52,23,89,34,198,56,20,76,274
02/13/2019,MAF,TX,ASW,CE,Combined TRACON& Tower with Radar,50,19,62,80,211,0,1,27,8,36,50,20,89,88,247,6,90,96,343
02/14/2019,MAF,TX,ASW,CE,Combined TRACON& Tower with Radar,51,18,57,50,176,0,0,31,3,34,51,18,88,53,210,4,98,102,312
02/15/2019,MAF,TX,ASW,CE,Combined TRACON& Tower with Radar,51,18,57,39,165,0,0,35,4,39,51,18,92,43,204,0,66,66,270
02/16/2019,MAF,TX,ASW,CE,Combined TRACON& Tower with Radar,28,10,14,14,66,0,0,21,0,21,28,10,35,14,87,20,0,20,107
02/17/2019,MAF,TX,ASW,CE,Combined TRACON& Tower with Radar,42,9,51,2,104,0,2,22,4,28,42,11,73,6,132,8,20,28,160
02/18/2019,MAF,TX,ASW,CE,Combined TRACON& Tower with Radar,50,19,54,0,123,0,1,36,2,39,50,20,90,2,162,10,0,10,172
02/19/2019,MAF,TX,ASW,CE,Combined TRACON& Tower with Radar,48,21,66,130,265,0,0,12,4,16,48,21,78,134,281,0,74,74,355
02/20/2019,MAF,TX,ASW,CE,Combined TRACON& Tower with Radar,50,21,50,55,176,0,0,31,4,35,50,21,81,59,211,18,92,110,321
02/21/2019,MAF,TX,ASW,CE,Combined TRACON& Tower with Radar,50,24,67,46,187,0,0,16,2,18,50,24,83,48,205,0,0,0,205
02/22/2019,MAF,TX,ASW,CE,Combined TRACON& Tower with Radar,54,18,58,189,319,0,0,26,16,42,54,18,84,205,361,16,62,78,439
02/23/2019,MAF,TX,ASW,CE,Combined TRACON& Tower with Radar,24,7,18,5,54,0,0,4,0,4,24,7,22,5,58,0,0,0,58
02/24/2019,MAF,TX,ASW,CE,Combined TRACON& Tower with Radar,41,7,24,11,83,0,0,24,2,26,41,7,48,13,109,0,0,0,109
02/25/2019,MAF,TX,ASW,CE,Combined TRACON& Tower with Radar,49,16,60,34,159,0,0,29,2,31,49,16,89,36,190,0,6,6,196
02/26/2019,MAF,TX,ASW,CE,Combined TRACON& Tower with Radar,51,19,62,88,220,0,0,30,9,39,51,19,92,97,259,34,38,72,331
02/27/2019,MAF,TX,ASW,CE,Combined TRACON& Tower with Radar,48,20,56,81,205,0,1,17,11,29,48,21,73,92,234,10,20,30,264
02/28/2019,MAF,TX,ASW,CE,Combined TRACON& Tower with Radar,53,26,69,38,186,0,0,23,0,23,53,26,92,38,209,2,18,20,229
03/01/2019,MAF,TX,ASW,CE,Combined TRACON& Tower with Radar,51,12,35,44,142,0,1,20,3,24,51,13,55,47,166,16,14,30,196
03/02/2019,MAF,TX,ASW,CE,Combined TRACON& Tower with Radar,28,7,24,11,70,0,0,3,0,3,28,7,27,11,73,0,0,0,73
03/03/2019,MAF,TX,ASW,CE,Combined TRACON& Tower with Radar,44,12,22,2,80,0,1,1,1,3,44,13,23,3,83,0,0,0,83
03/04/2019,MAF,TX,ASW,CE,Combined TRACON& Tower with Radar,47,21,45,20,133,0,1,22,1,24,47,22,67,21,157,2,28,30,187
03/05/2019,MAF,TX,ASW,CE,Combined TRACON& Tower with Radar,52,24,57,44,177,0,0,36,8,44,52,24,93,52,221,0,12,12,233
03/06/2019,MAF,TX,ASW,CE,Combined TRACON& Tower with Radar,55,24,48,32,159,0,0,25,1,26,55,24,73,33,185,0,14,14,199
03/07/2019,MAF,TX,ASW,CE,Combined TRACON& Tower with Radar,52,25,77,50,204,1,0,29,6,36,53,25,106,56,240,24,12,36,276
03/08/2019,MAF,TX,ASW,CE,Combined TRACON& Tower with Radar,53,17,39,29,138,0,0,19,1,20,53,17,58,30,158,0,14,14,172
03/09/2019,MAF,TX,ASW,CE,Combined TRACON& Tower with Radar,36,12,21,12,81,0,0,39,2,41,36,12,60,14,122,0,0,0,122
03/10/2019,MAF,TX,ASW,CE,Combined TRACON& Tower with Radar,43,6,32,12,93,0,0,12,1,13,43,6,44,13,106,0,0,0,106
03/11/2019,MAF,TX,ASW,CE,Combined TRACON& Tower with Radar,50,18,45,8,121,0,0,0,0,0,50,18,45,8,121,0,0,0,121
03/12/2019,MAF,TX,ASW,CE,Combined TRACON& Tower with Radar,34,22,38,2,96,0,0,0,0,0,34,22,38,2,96,0,0,0,96
03/13/2019,MAF,TX,ASW,CE,Combined TRACON& Tower with Radar,44,12,31,2,89,0,0,6,0,6,44,12,37,2,95,0,0,0,95
03/14/2019,MAF,TX,ASW,CE,Combined TRACON& Tower with Radar,55,21,67,77,220,0,0,37,2,39,55,21,104,79,259,6,81,87,346
03/15/2019,MAF,TX,ASW,CE,Combined TRACON& Tower with Radar,53,15,44,44,156,0,0,31,3,34,53,15,75,47,190,0,0,0,190
03/16/2019,MAF,TX,ASW,CE,Combined TRACON& Tower with Radar,31,17,33,0,81,0,0,19,9,28,31,17,52,9,109,0,0,0,109
03/17/2019,MAF,TX,ASW,CE,Combined TRACON& Tower with Radar,47,11,43,13,114,0,0,30,3,33,47,11,73,16,147,10,0,10,157
03/18/2019,MAF,TX,ASW,CE,Combined TRACON& Tower with Radar,51,19,52,14,136,0,0,32,7,39,51,19,84,21,175,0,0,0,175
03/19/2019,MAF,TX,ASW,CE,Combined TRACON& Tower with Radar,53,20,56,60,189,0,0,25,5,30,53,20,81,65,219,23,24,47,266
03/20/2019,MAF,TX,ASW,CE,Combined TRACON& Tower with Radar,53,19,67,6,145,0,0,26,4,30,53,19,93,10,175,16,0,16,191
03/21/2019,MAF,TX,ASW,CE,Combined TRACON& Tower with Radar,53,16,68,22,159,0,0,37,1,38,53,16,105,23,197,4,0,4,201
03/22/2019,MAF,TX,ASW,CE,Combined TRACON& Tower with Radar,55,17,38,12,122,0,0,12,0,12,55,17,50,12,134,0,0,0,134
03/23/2019,MAF,TX,ASW,CE,Combined TRACON& Tower with Radar,34,6,16,13,69,0,0,24,1,25,34,6,40,14,94,8,0,8,102
03/24/2019,MAF,TX,ASW,CE,Combined TRACON& Tower with Radar,44,13,40,1,98,0,0,18,4,22,44,13,58,5,120,6,12,18,138
03/25/2019,MAF,TX,ASW,CE,Combined TRACON& Tower with Radar,52,18,51,45,166,0,0,22,1,23,52,18,73,46,189,0,0,0,189
03/26/2019,MAF,TX,ASW,CE,Combined TRACON& Tower with Radar,53,23,49,48,173,0,0,37,1,38,53,23,86,49,211,6,36,42,253
03/27/2019,MAF,TX,ASW,CE,Combined TRACON& Tower with Radar,51,23,62,13,149,0,0,25,3,28,51,23,87,16,177,10,0,10,187
03/28/2019,MAF,TX,ASW,CE,Combined TRACON& Tower with Radar,55,30,67,31,183,0,0,28,4,32,55,30,95,35,215,0,44,44,259
03/29/2019,MAF,TX,ASW,CE,Combined TRACON& Tower with Radar,52,17,49,40,158,0,0,36,9,45,52,17,85,49,203,1,12,13,216
03/30/2019,MAF,TX,ASW,CE,Combined TRACON& Tower with Radar,32,11,24,26,93,0,0,7,5,12,32,11,31,31,105,0,14,14,119
03/31/2019,MAF,TX,ASW,CE,Combined TRACON& Tower with Radar,41,11,42,19,113,0,0,31,2,33,41,11,73,21,146,2,0,2,148
04/01/2019,MAF,TX,ASW,CE,Combined TRACON& Tower with Radar,49,15,50,18,132,0,0,34,7,41,49,15,84,25,173,42,6,48,221
04/02/2019,MAF,TX,ASW,CE,Combined TRACON& Tower with Radar,49,20,57,25,151,0,3,36,4,43,49,23,93,29,194,0,47,47,241
04/03/2019,MAF,TX,ASW,CE,Combined TRACON& Tower with Radar,50,22,62,45,179,0,1,42,7,50,50,23,104,52,229,8,52,60,289
04/04/2019,MAF,TX,ASW,CE,Combined TRACON& Tower with Radar,50,23,62,34,169,0,0,43,6,49,50,23,105,40,218,4,16,20,238
04/05/2019,MAF,TX,ASW,CE,Combined TRACON& Tower with Radar,51,20,61,40,172,0,0,29,14,43,51,20,90,54,215,16,70,86,301
04/06/2019,MAF,TX,ASW,CE,Combined TRACON& Tower with Radar,29,11,25,11,76,0,0,27,2,29,29,11,52,13,105,10,0,10,115
04/07/2019,MAF,TX,ASW,CE,Combined TRACON& Tower with Radar,33,17,31,25,106,0,4,19,4,27,33,21,50,29,133,4,10,14,147
04/08/2019,MAF,TX,ASW,CE,Combined TRACON& Tower with Radar,49,12,66,19,146,0,0,24,3,27,49,12,90,22,173,0,0,0,173
04/09/2019,MAF,TX,ASW,CE,Combined TRACON& Tower with Radar,46,31,94,13,184,0,1,39,3,43,46,32,133,16,227,0,4,4,231
04/10/2019,MAF,TX,ASW,CE,Combined TRACON& Tower with Radar,47,26,57,7,137,0,0,13,4,17,47,26,70,11,154,0,24,24,178
04/11/2019,MAF,TX,ASW,CE,Combined TRACON& Tower with Radar,55,30,61,19,165,0,0,35,3,38,55,30,96,22,203,0,0,0,203
04/12/2019,MAF,TX,ASW,CE,Combined TRACON& Tower with Radar,56,18,69,21,164,0,1,23,0,24,56,19,92,21,188,0,48,48,236
04/13/2019,MAF,TX,ASW,CE,Combined TRACON& Tower with Radar,30,8,17,15,70,0,0,3,1,4,30,8,20,16,74,0,0,0,74
04/14/2019,MAF,TX,ASW,CE,Combined TRACON& Tower with Radar,46,9,39,31,125,0,0,22,3,25,46,9,61,34,150,0,0,0,150
04/15/2019,MAF,TX,ASW,CE,Combined TRACON& Tower with Radar,50,21,63,5,139,0,0,24,3,27,50,21,87,8,166,4,2,6,172
04/16/2019,MAF,TX,ASW,CE,Combined TRACON& Tower with Radar,50,34,59,5,148,0,0,34,1,35,50,34,93,6,183,0,38,38,221
04/17/2019,MAF,TX,ASW,CE,Combined TRACON& Tower with Radar,41,26,55,6,128,0,0,15,3,18,41,26,70,9,146,0,0,0,146
04/18/2019,MAF,TX,ASW,CE,Combined TRACON& Tower with Radar,52,29,69,6,156,0,0,29,0,29,52,29,98,6,185,0,0,0,185
04/19/2019,MAF,TX,ASW,CE,Combined TRACON& Tower with Radar,52,15,29,50,146,0,0,33,0,33,52,15,62,50,179,0,0,0,179
04/20/2019,MAF,TX,ASW,CE,Combined TRACON& Tower with Radar,30,11,16,1,58,0,0,7,0,7,30,11,23,1,65,6,0,6,71
04/21/2019,MAF,TX,ASW,CE,Combined TRACON& Tower with Radar,41,16,26,5,88,0,0,12,1,13,41,16,38,6,101,0,0,0,101
04/22/2019,MAF,TX,ASW,CE,Combined TRACON& Tower with Radar,53,15,68,47,183,0,1,16,1,18,53,16,84,48,201,16,32,48,249
04/23/2019,MAF,TX,ASW,CE,Combined TRACON& Tower with Radar,48,25,63,18,154,0,2,6,0,8,48,27,69,18,162,0,6,6,168
04/24/2019,MAF,TX,ASW,CE,Combined TRACON& Tower with Radar,47,28,58,2,135,0,0,4,0,4,47,28,62,2,139,0,0,0,139
04/25/2019,MAF,TX,ASW,CE,Combined TRACON& Tower with Radar,50,24,73,32,179,0,0,27,3,30,50,24,100,35,209,4,96,100,309
04/26/2019,MAF,TX,ASW,CE,Combined TRACON& Tower with Radar,52,24,53,48,177,0,2,29,8,39,52,26,82,56,216,24,10,34,250
04/27/2019,MAF,TX,ASW,CE,Combined TRACON& Tower with Radar,30,12,17,5,64,0,0,17,1,18,30,12,34,6,82,0,0,0,82
04/28/2019,MAF,TX,ASW,CE,Combined TRACON& Tower with Radar,45,20,39,12,116,0,0,20,0,20,45,20,59,12,136,12,0,12,148
04/29/2019,MAF,TX,ASW,CE,Combined TRACON& Tower with Radar,53,14,43,39,149,0,0,17,3,20,53,14,60,42,169,42,24,66,235
04/30/2019,MAF,TX,ASW,CE,Combined TRACON& Tower with Radar,53,21,66,85,225,0,3,18,5,26,53,24,84,90,251,20,104,124,375
05/01/2019,MAF,TX,ASW,CE,Combined TRACON& Tower with Radar,50,22,43,57,172,0,1,23,13,37,50,23,66,70,209,0,78,78,287
05/02/2019,MAF,TX,ASW,CE,Combined TRACON& Tower with Radar,45,20,59,20,144,0,0,10,2,12,45,20,69,22,156,0,4,4,160
05/03/2019,MAF,TX,ASW,CE,Combined TRACON& Tower with Radar,48,16,43,62,169,0,0,12,1,13,48,16,55,63,182,0,4,4,186
05/04/2019,MAF,TX,ASW,CE,Combined TRACON& Tower with Radar,35,7,23,6,71,0,0,15,1,16,35,7,38,7,87,0,0,0,87
05/05/2019,MAF,TX,ASW,CE,Combined TRACON& Tower with Radar,46,11,21,13,91,0,0,11,3,14,46,11,32,16,105,0,0,0,105
05/06/2019,MAF,TX,ASW,CE,Combined TRACON& Tower with Radar,54,13,46,58,171,0,0,28,9,37,54,13,74,67,208,0,74,74,282
05/07/2019,MAF,TX,ASW,CE,Combined TRACON& Tower with Radar,49,19,51,37,156,0,0,20,2,22,49,19,71,39,178,0,0,0,178
05/08/2019,MAF,TX,ASW,CE,Combined TRACON& Tower with Radar,49,25,34,73,181,0,0,24,17,41,49,25,58,90,222,6,168,174,396
05/09/2019,MAF,TX,ASW,CE,Combined TRACON& Tower with Radar,58,21,75,43,197,0,0,22,1,23,58,21,97,44,220,0,0,0,220
05/10/2019,MAF,TX,ASW,CE,Combined TRACON& Tower with Radar,54,17,39,21,131,0,0,3,0,3,54,17,42,21,134,0,0,0,134
05/11/2019,MAF,TX,ASW,CE,Combined TRACON& Tower with Radar,34,11,10,2,57,0,0,7,2,9,34,11,17,4,66,0,0,0,66
05/12/2019,MAF,TX,ASW,CE,Combined TRACON& Tower with Radar,46,10,18,1,75,0,0,29,1,30,46,10,47,2,105,26,0,26,131
05/13/2019,MAF,TX,ASW,CE,Combined TRACON& Tower with Radar,54,22,45,16,137,0,2,12,1,15,54,24,57,17,152,0,0,0,152
05/14/2019,MAF,TX,ASW,CE,Combined TRACON& Tower with Radar,53,18,62,64,197,0,0,37,2,39,53,18,99,66,236,0,32,32,268
05/15/2019,MAF,TX,ASW,CE,Combined TRACON& Tower with Radar,54,19,70,32,175,0,0,37,2,39,54,19,107,34,214,6,44,50,264
05/16/2019,MAF,TX,ASW,CE,Combined TRACON& Tower with Radar,54,28,80,22,184,0,0,21,0,21,54,28,101,22,205,0,0,0,205
05/17/2019,MAF,TX,ASW,CE,Combined TRACON& Tower with Radar,51,18,30,35,134,0,1,16,12,29,51,19,46,47,163,0,22,22,185
05/18/2019,MAF,TX,ASW,CE,Combined TRACON& Tower with Radar,33,8,8,2,51,0,0,15,0,15,33,8,23,2,66,10,0,10,76
05/19/2019,MAF,TX,ASW,CE,Combined TRACON& Tower with Radar,44,15,27,32,118,0,1,19,3,23,44,16,46,35,141,20,0,20,161
05/20/2019,MAF,TX,ASW,CE,Combined TRACON& Tower with Radar,51,16,42,9,118,0,0,7,4,11,51,16,49,13,129,0,14,14,143
05/21/2019,MAF,TX,ASW,CE,Combined TRACON& Tower with Radar,47,18,49,81,195,0,0,25,10,35,47,18,74,91,230,0,100,100,330
05/22/2019,MAF,TX,ASW,CE,Combined TRACON& Tower with Radar,52,19,57,76,204,0,0,42,25,67,52,19,99,101,271,30,112,142,413
05/23/2019,MAF,TX,ASW,CE,Combined TRACON& Tower with Radar,52,39,87,8,186,0,0,29,1,30,52,39,116,9,216,0,0,0,216
05/24/2019,MAF,TX,ASW,CE,Combined TRACON& Tower with Radar,52,15,33,0,100,0,0,19,4,23,52,15,52,4,123,2,0,2,125
05/25/2019,MAF,TX,ASW,CE,Combined TRACON& Tower with Radar,35,12,13,2,62,0,0,6,0,6,35,12,19,2,68,0,0,0,68
05/26/2019,MAF,TX,ASW,CE,Combined TRACON& Tower with Radar,36,6,14,1,57,0,0,5,0,5,36,6,19,1,62,0,0,0,62
05/27/2019,MAF,TX,ASW,CE,Combined TRACON& Tower with Radar,48,9,44,11,112,0,0,42,3,45,48,9,86,14,157,7,0,7,164
05/28/2019,MAF,TX,ASW,CE,Combined TRACON& Tower with Radar,53,17,54,39,163,0,2,25,0,27,53,19,79,39,190,0,116,116,306
05/29/2019,MAF,TX,ASW,CE,Combined TRACON& Tower with Radar,47,18,50,3,118,0,0,20,1,21,47,18,70,4,139,0,0,0,139
05/30/2019,MAF,TX,ASW,CE,Combined TRACON& Tower with Radar,49,14,53,6,122,0,0,19,0,19,49,14,72,6,141,0,0,0,141
05/31/2019,MAF,TX,ASW,CE,Combined TRACON& Tower with Radar,49,17,32,8,106,0,0,20,0,20,49,17,52,8,126,0,0,0,126
06/01/2019,MAF,TX,ASW,CE,Combined TRACON& Tower with Radar,33,11,18,2,64,0,0,33,0,33,33,11,51,2,97,2,0,2,99
06/02/2019,MAF,TX,ASW,CE,Combined TRACON& Tower with Radar,45,10,27,0,82,0,0,14,0,14,45,10,41,0,96,24,0,24,120
06/03/2019,MAF,TX,ASW,CE,Combined TRACON& Tower with Radar,54,14,33,25,126,0,0,27,1,28,54,14,60,26,154,14,14,28,182
06/04/2019,MAF,TX,ASW,CE,Combined TRACON& Tower with Radar,50,22,64,34,170,0,0,20,5,25,50,22,84,39,195,10,6,16,211
06/05/2019,MAF,TX,ASW,CE,Combined TRACON& Tower with Radar,51,31,46,30,158,0,1,29,9,39,51,32,75,39,197,0,32,32,229
06/06/2019,MAF,TX,ASW,CE,Combined TRACON& Tower with Radar,53,18,67,23,161,0,0,45,0,45,53,18,112,23,206,29,10,39,245
06/07/2019,MAF,TX,ASW,CE,Combined TRACON& Tower with Radar,55,17,33,5,110,0,0,35,1,36,55,17,68,6,146,6,0,6,152
06/08/2019,MAF,TX,ASW,CE,Combined TRACON& Tower with Radar,38,14,29,1,82,0,0,38,0,38,38,14,67,1,120,2,0,2,122
06/09/2019,MAF,TX,ASW,CE,Combined TRACON& Tower with Radar,41,8,26,4,79,0,0,20,0,20,41,8,46,4,99,0,0,0,99
06/10/2019,MAF,TX,ASW,CE,Combined TRACON& Tower with Radar,49,20,46,1,116,0,0,8,2,10,49,20,54,3,126,32,0,32,158
06/11/2019,MAF,TX,ASW,CE,Combined TRACON& Tower with Radar,56,17,54,41,168,0,0,27,1,28,56,17,81,42,196,14,12,26,222
06/12/2019,MAF,TX,ASW,CE,Combined TRACON& Tower with Radar,56,24,59,21,160,0,1,21,3,25,56,25,80,24,185,6,0,6,191
06/13/2019,MAF,TX,ASW,CE,Combined TRACON& Tower with Radar,57,34,63,16,170,0,0,35,1,36,57,34,98,17,206,4,4,8,214
06/14/2019,MAF,TX,ASW,CE,Combined TRACON& Tower with Radar,56,23,37,0,116,0,0,35,0,35,56,23,72,0,151,0,0,0,151
06/15/2019,MAF,TX,ASW,CE,Combined TRACON& Tower with Radar,38,11,15,2,66,0,1,25,0,26,38,12,40,2,92,20,0,20,112
06/16/2019,MAF,TX,ASW,CE,Combined TRACON& Tower with Radar,44,14,33,21,112,0,0,16,7,23,44,14,49,28,135,0,0,0,135
06/17/2019,MAF,TX,ASW,CE,Combined TRACON& Tower with Radar,51,22,76,46,195,0,0,17,4,21,51,22,93,50,216,0,50,50,266
06/18/2019,MAF,TX,ASW,CE,Combined TRACON& Tower with Radar,54,34,41,23,152,0,0,18,0,18,54,34,59,23,170,20,16,36,206
06/19/2019,MAF,TX,ASW,CE,Combined TRACON& Tower with Radar,51,24,52,3,130,0,0,23,1,24,51,24,75,4,154,9,0,9,163
06/20/2019,MAF,TX,ASW,CE,Combined TRACON& Tower with Radar,55,28,72,4,159,0,0,31,4,35,55,28,103,8,194,14,2,16,210
06/21/2019,MAF,TX,ASW,CE,Combined TRACON& Tower with Radar,56,19,47,19,141,0,1,25,4,30,56,20,72,23,171,12,70,82,253
06/22/2019,MAF,TX,ASW,CE,Combined TRACON& Tower with Radar,43,15,21,13,92,0,0,14,4,18,43,15,35,17,110,0,12,12,122
06/23/2019,MAF,TX,ASW,CE,Combined TRACON& Tower with Radar,46,7,28,4,85,0,0,32,5,37,46,7,60,9,122,0,0,0,122
06/24/2019,MAF,TX,ASW,CE,Combined TRACON& Tower with Radar,53,20,49,20,142,0,0,18,1,19,53,20,67,21,161,8,0,8,169
06/25/2019,MAF,TX,ASW,CE,Combined TRACON& Tower with Radar,59,29,50,49,187,0,0,30,0,30,59,29,80,49,217,0,58,58,275
06/26/2019,MAF,TX,ASW,CE,Combined TRACON& Tower with Radar,58,24,41,38,161,0,0,30,3,33,58,24,71,41,194,0,6,6,200
06/27/2019,MAF,TX,ASW,CE,Combined TRACON& Tower with Radar,57,30,55,59,201,0,0,30,3,33,57,30,85,62,234,0,16,16,250
06/28/2019,MAF,TX,ASW,CE,Combined TRACON& Tower with Radar,54,14,40,30,138,0,0,38,4,42,54,14,78,34,180,0,12,12,192
06/29/2019,MAF,TX,ASW,CE,Combined TRACON& Tower with Radar,36,17,15,8,76,0,0,30,5,35,36,17,45,13,111,12,0,12,123
06/30/2019,MAF,TX,ASW,CE,Combined TRACON& Tower with Radar,49,6,29,14,98,0,0,19,1,20,49,6,48,15,118,8,6,14,132
07/01/2019,MAF,TX,ASW,CE,Combined TRACON& Tower with Radar,43,15,41,55,154,0,0,27,6,33,43,15,68,61,187,18,18,36,223
07/02/2019,MAF,TX,ASW,CE,Combined TRACON& Tower with Radar,62,15,41,54,172,0,0,41,2,43,62,15,82,56,215,10,58,68,283
07/03/2019,MAF,TX,ASW,CE,Combined TRACON& Tower with Radar,48,17,54,47,166,0,0,29,7,36,48,17,83,54,202,0,10,10,212
07/04/2019,MAF,TX,ASW,CE,Combined TRACON& Tower with Radar,39,2,15,1,57,0,3,16,0,19,39,5,31,1,76,6,0,6,82
07/05/2019,MAF,TX,ASW,CE,Combined TRACON& Tower with Radar,42,13,9,0,64,0,0,16,0,16,42,13,25,0,80,0,0,0,80
07/06/2019,MAF,TX,ASW,CE,Combined TRACON& Tower with Radar,36,9,11,0,56,0,0,8,0,8,36,9,19,0,64,17,0,17,81
07/07/2019,MAF,TX,ASW,CE,Combined TRACON& Tower with Radar,44,7,41,0,92,0,0,12,0,12,44,7,53,0,104,0,0,0,104
07/08/2019,MAF,TX,ASW,CE,Combined TRACON& Tower with Radar,54,16,44,38,152,0,0,21,5,26,54,16,65,43,178,0,0,0,178
07/09/2019,MAF,TX,ASW,CE,Combined TRACON& Tower with Radar,56,19,56,25,156,0,2,24,0,26,56,21,80,25,182,8,0,8,190
07/10/2019,MAF,TX,ASW,CE,Combined TRACON& Tower with Radar,50,14,65,48,177,0,0,23,2,25,50,14,88,50,202,18,26,44,246
07/11/2019,MAF,TX,ASW,CE,Combined TRACON& Tower with Radar,57,18,56,5,136,0,1,26,1,28,57,19,82,6,164,0,24,24,188
07/12/2019,MAF,TX,ASW,CE,Combined TRACON& Tower with Radar,55,15,45,15,130,0,0,35,1,36,55,15,80,16,166,12,0,12,178
07/13/2019,MAF,TX,ASW,CE,Combined TRACON& Tower with Radar,36,13,18,7,74,0,0,26,0,26,36,13,44,7,100,10,0,10,110
07/14/2019,MAF,TX,ASW,CE,Combined TRACON& Tower with Radar,49,4,30,0,83,0,0,20,0,20,49,4,50,0,103,46,0,46,149
07/15/2019,MAF,TX,ASW,CE,Combined TRACON& Tower with Radar,55,13,54,31,153,0,0,28,10,38,55,13,82,41,191,34,96,130,321
07/16/2019,MAF,TX,ASW,CE,Combined TRACON& Tower with Radar,54,16,38,10,118,0,2,36,5,43,54,18,74,15,161,2,16,18,179
07/17/2019,MAF,TX,ASW,CE,Combined TRACON& Tower with Radar,53,25,57,38,173,0,4,38,1,43,53,29,95,39,216,8,28,36,252
07/18/2019,MAF,TX,ASW,CE,Combined TRACON& Tower with Radar,56,24,73,23,176,0,0,46,5,51,56,24,119,28,227,4,0,4,231
07/19/2019,MAF,TX,ASW,CE,Combined TRACON& Tower with Radar,54,17,32,7,110,0,0,29,1,30,54,17,61,8,140,30,6,36,176
07/20/2019,MAF,TX,ASW,CE,Combined TRACON& Tower with Radar,37,12,16,2,67,0,0,22,0,22,37,12,38,2,89,34,0,34,123
07/21/2019,MAF,TX,ASW,CE,Combined TRACON& Tower with Radar,50,14,25,8,97,0,0,29,0,29,50,14,54,8,126,2,0,2,128
07/22/2019,MAF,TX,ASW,CE,Combined TRACON& Tower with Radar,55,20,46,7,128,0,0,17,1,18,55,20,63,8,146,0,0,0,146
07/23/2019,MAF,TX,ASW,CE,Combined TRACON& Tower with Radar,54,27,62,3,146,0,0,26,1,27,54,27,88,4,173,26,0,26,199
07/24/2019,MAF,TX,ASW,CE,Combined TRACON& Tower with Radar,54,20,60,7,141,0,0,32,1,33,54,20,92,8,174,0,14,14,188
07/25/2019,MAF,TX,ASW,CE,Combined TRACON& Tower with Radar,55,19,53,8,135,0,0,37,1,38,55,19,90,9,173,12,66,78,251
07/26/2019,MAF,TX,ASW,CE,Combined TRACON& Tower with Radar,56,17,33,18,124,0,0,29,2,31,56,17,62,20,155,18,32,50,205
07/27/2019,MAF,TX,ASW,CE,Combined TRACON& Tower with Radar,37,14,14,4,69,0,0,14,3,17,37,14,28,7,86,6,0,6,92
07/28/2019,MAF,TX,ASW,CE,Combined TRACON& Tower with Radar,50,17,31,4,102,0,0,13,2,15,50,17,44,6,117,0,0,0,117
07/29/2019,MAF,TX,ASW,CE,Combined TRACON& Tower with Radar,56,12,40,26,134,0,2,15,6,23,56,14,55,32,157,0,2,2,159
07/30/2019,MAF,TX,ASW,CE,Combined TRACON& Tower with Radar,57,18,53,22,150,0,0,26,6,32,57,18,79,28,182,6,54,60,242
07/31/2019,MAF,TX,ASW,CE,Combined TRACON& Tower with Radar,55,25,43,24,147,0,0,25,2,27,55,25,68,26,174,28,40,68,242
08/01/2019,MAF,TX,ASW,CE,Combined TRACON& Tower with Radar,54,27,62,14,157,0,0,31,2,33,54,27,93,16,190,10,2,12,202
08/02/2019,MAF,TX,ASW,CE,Combined TRACON& Tower with Radar,55,13,45,1,114,0,0,25,3,28,55,13,70,4,142,28,0,28,170
08/03/2019,MAF,TX,ASW,CE,Combined TRACON& Tower with Radar,37,15,10,1,63,0,0,11,3,14,37,15,21,4,77,30,0,30,107
08/04/2019,MAF,TX,ASW,CE,Combined TRACON& Tower with Radar,49,14,28,2,93,0,0,19,3,22,49,14,47,5,115,6,10,16,131
08/05/2019,MAF,TX,ASW,CE,Combined TRACON& Tower with Radar,52,16,35,8,111,0,0,24,0,24,52,16,59,8,135,46,66,112,247
08/06/2019,MAF,TX,ASW,CE,Combined TRACON& Tower with Radar,58,20,60,19,157,0,0,20,1,21,58,20,80,20,178,48,0,48,226
08/07/2019,MAF,TX,ASW,CE,Combined TRACON& Tower with Radar,57,24,69,0,150,0,0,24,0,24,57,24,93,0,174,28,0,28,202
08/08/2019,MAF,TX,ASW,CE,Combined TRACON& Tower with Radar,55,17,60,10,142,0,0,38,7,45,55,17,98,17,187,26,28,54,241
08/09/2019,MAF,TX,ASW,CE,Combined TRACON& Tower with Radar,53,18,38,29,138,0,0,23,1,24,53,18,61,30,162,10,0,10,172
08/10/2019,MAF,TX,ASW,CE,Combined TRACON& Tower with Radar,35,11,11,0,57,0,1,23,1,25,35,12,34,1,82,18,0,18,100
08/11/2019,MAF,TX,ASW,CE,Combined TRACON& Tower with Radar,49,10,32,0,91,0,0,18,0,18,49,10,50,0,109,2,0,2,111
08/12/2019,MAF,TX,ASW,CE,Combined TRACON& Tower with Radar,57,12,56,9,134,0,1,17,1,19,57,13,73,10,153,18,16,34,187
08/13/2019,MAF,TX,ASW,CE,Combined TRACON& Tower with Radar,55,20,44,15,134,0,0,24,3,27,55,20,68,18,161,6,6,12,173
08/14/2019,MAF,TX,ASW,CE,Combined TRACON& Tower with Radar,56,14,56,1,127,0,0,20,0,20,56,14,76,1,147,22,0,22,169
08/15/2019,MAF,TX,ASW,CE,Combined TRACON& Tower with Radar,55,16,50,18,139,0,1,32,3,36,55,17,82,21,175,0,0,0,175
08/16/2019,MAF,TX,ASW,CE,Combined TRACON& Tower with Radar,55,14,29,20,118,0,2,22,0,24,55,16,51,20,142,0,14,14,156
08/17/2019,MAF,TX,ASW,CE,Combined TRACON& Tower with Radar,35,11,19,1,66,0,0,16,1,17,35,11,35,2,83,18,0,18,101
08/18/2019,MAF,TX,ASW,CE,Combined TRACON& Tower with Radar,47,6,21,9,83,0,0,19,0,19,47,6,40,9,102,6,0,6,108
08/19/2019,MAF,TX,ASW,CE,Combined TRACON& Tower with Radar,54,19,52,11,136,0,0,14,1,15,54,19,66,12,151,8,0,8,159
08/20/2019,MAF,TX,ASW,CE,Combined TRACON& Tower with Radar,55,18,61,13,147,0,1,21,2,24,55,19,82,15,171,4,38,42,213
08/21/2019,MAF,TX,ASW,CE,Combined TRACON& Tower with Radar,54,14,51,15,134,0,0,24,2,26,54,14,75,17,160,4,0,4,164
08/22/2019,MAF,TX,ASW,CE,Combined TRACON& Tower with Radar,58,21,68,21,168,0,0,37,6,43,58,21,105,27,211,8,50,58,269
08/23/2019,MAF,TX,ASW,CE,Combined TRACON& Tower with Radar,53,14,30,29,126,0,0,19,3,22,53,14,49,32,148,8,42,50,198
08/24/2019,MAF,TX,ASW,CE,Combined TRACON& Tower with Radar,39,5,20,11,75,0,0,12,0,12,39,5,32,11,87,2,0,2,89
08/25/2019,MAF,TX,ASW,CE,Combined TRACON& Tower with Radar,52,8,33,16,109,0,0,18,0,18,52,8,51,16,127,13,0,13,140
08/26/2019,MAF,TX,ASW,CE,Combined TRACON& Tower with Radar,54,16,35,7,112,0,0,15,1,16,54,16,50,8,128,24,0,24,152
08/27/2019,MAF,TX,ASW,CE,Combined TRACON& Tower with Radar,51,17,40,55,163,0,3,18,4,25,51,20,58,59,188,14,52,66,254
08/28/2019,MAF,TX,ASW,CE,Combined TRACON& Tower with Radar,56,24,50,18,148,0,0,11,4,15,56,24,61,22,163,28,4,32,195
08/29/2019,MAF,TX,ASW,CE,Combined TRACON& Tower with Radar,56,18,71,4,149,0,1,34,0,35,56,19,105,4,184,0,0,0,184
08/30/2019,MAF,TX,ASW,CE,Combined TRACON& Tower with Radar,55,12,41,6,114,0,4,20,0,24,55,16,61,6,138,14,0,14,152
08/31/2019,MAF,TX,ASW,CE,Combined TRACON& Tower with Radar,37,6,8,1,52,1,0,23,0,24,38,6,31,1,76,14,0,14,90
09/01/2019,MAF,TX,ASW,CE,Combined TRACON& Tower with Radar,36,2,19,2,59,0,0,16,3,19,36,2,35,5,78,30,0,30,108
09/02/2019,MAF,TX,ASW,CE,Combined TRACON& Tower with Radar,49,8,36,1,94,0,0,22,0,22,49,8,58,1,116,28,0,28,144
09/03/2019,MAF,TX,ASW,CE,Combined TRACON& Tower with Radar,55,16,45,10,126,0,1,36,0,37,55,17,81,10,163,24,30,54,217
09/04/2019,MAF,TX,ASW,CE,Combined TRACON& Tower with Radar,56,17,43,1,117,0,0,26,1,27,56,17,69,2,144,16,0,16,160
09/05/2019,MAF,TX,ASW,CE,Combined TRACON& Tower with Radar,56,14,59,4,133,0,0,34,2,36,56,14,93,6,169,10,26,36,205
09/06/2019,MAF,TX,ASW,CE,Combined TRACON& Tower with Radar,58,13,40,38,149,0,0,33,8,41,58,13,73,46,190,20,44,64,254
09/07/2019,MAF,TX,ASW,CE,Combined TRACON& Tower with Radar,37,9,16,15,77,0,0,9,6,15,37,9,25,21,92,6,10,16,108
09/08/2019,MAF,TX,ASW,CE,Combined TRACON& Tower with Radar,53,8,40,1,102,0,0,18,5,23,53,8,58,6,125,2,0,2,127
09/09/2019,MAF,TX,ASW,CE,Combined TRACON& Tower with Radar,55,10,41,2,108,0,0,22,2,24,55,10,63,4,132,8,0,8,140
09/10/2019,MAF,TX,ASW,CE,Combined TRACON& Tower with Radar,56,21,49,14,140,0,1,12,0,13,56,22,61,14,153,8,38,46,199
09/11/2019,MAF,TX,ASW,CE,Combined TRACON& Tower with Radar,55,25,64,45,189,0,0,17,1,18,55,25,81,46,207,0,0,0,207
09/12/2019,MAF,TX,ASW,CE,Combined TRACON& Tower with Radar,56,15,55,13,139,0,1,35,3,39,56,16,90,16,178,0,0,0,178
09/13/2019,MAF,TX,ASW,CE,Combined TRACON& Tower with Radar,57,14,31,12,114,0,0,28,8,36,57,14,59,20,150,10,0,10,160
09/14/2019,MAF,TX,ASW,CE,Combined TRACON& Tower with Radar,37,6,12,1,56,0,0,18,0,18,37,6,30,1,74,0,0,0,74
09/15/2019,MAF,TX,ASW,CE,Combined TRACON& Tower with Radar,51,2,15,0,68,0,0,42,7,49,51,2,57,7,117,0,0,0,117
09/16/2019,MAF,TX,ASW,CE,Combined TRACON& Tower with Radar,55,22,47,16,140,0,4,28,2,34,55,26,75,18,174,0,8,8,182
09/17/2019,MAF,TX,ASW,CE,Combined TRACON& Tower with Radar,56,30,48,27,161,0,0,32,9,41,56,30,80,36,202,6,48,54,256
09/18/2019,MAF,TX,ASW,CE,Combined TRACON& Tower with Radar,54,25,40,48,167,0,2,37,10,49,54,27,77,58,216,3,40,43,259
09/19/2019,MAF,TX,ASW,CE,Combined TRACON& Tower with Radar,49,22,52,18,141,0,0,21,4,25,49,22,73,22,166,16,27,43,209
09/20/2019,MAF,TX,ASW,CE,Combined TRACON& Tower with Radar,51,20,32,42,145,0,0,18,8,26,51,20,50,50,171,22,2,24,195
09/21/2019,MAF,TX,ASW,CE,Combined TRACON& Tower with Radar,34,7,23,2,66,0,0,7,0,7,34,7,30,2,73,4,0,4,77
09/22/2019,MAF,TX,ASW,CE,Combined TRACON& Tower with Radar,53,11,43,6,113,0,0,18,0,18,53,11,61,6,131,14,0,14,145
09/23/2019,MAF,TX,ASW,CE,Combined TRACON& Tower with Radar,56,9,36,17,118,0,0,23,6,29,56,9,59,23,147,16,8,24,171
09/24/2019,MAF,TX,ASW,CE,Combined TRACON& Tower with Radar,55,20,38,36,149,0,0,24,4,28,55,20,62,40,177,0,4,4,181
09/25/2019,MAF,TX,ASW,CE,Combined TRACON& Tower with Radar,57,18,60,26,161,0,0,28,9,37,57,18,88,35,198,5,0,5,203
09/26/2019,MAF,TX,ASW,CE,Combined TRACON& Tower with Radar,57,15,57,24,153,0,0,37,5,42,57,15,94,29,195,12,0,12,207
09/27/2019,MAF,TX,ASW,CE,Combined TRACON& Tower with Radar,58,11,32,25,126,0,0,31,4,35,58,11,63,29,161,10,36,46,207
09/28/2019,MAF,TX,ASW,CE,Combined TRACON& Tower with Radar,38,7,26,10,81,0,0,8,1,9,38,7,34,11,90,0,8,8,98
09/29/2019,MAF,TX,ASW,CE,Combined TRACON& Tower with Radar,51,12,34,9,106,0,0,11,1,12,51,12,45,10,118,0,0,0,118
09/30/2019,MAF,TX,ASW,CE,Combined TRACON& Tower with Radar,54,27,45,14,140,0,0,15,2,17,54,27,60,16,157,24,0,24,181
10/01/2019,MAF,TX,ASW,CE,Combined TRACON& Tower with Radar,57,23,68,23,171,0,0,17,7,24,57,23,85,30,195,12,48,60,255
10/02/2019,MAF,TX,ASW,CE,Combined TRACON& Tower with Radar,55,25,73,21,174,0,0,26,5,31,55,25,99,26,205,20,4,24,229
10/03/2019,MAF,TX,ASW,CE,Combined TRACON& Tower with Radar,56,17,52,14,139,0,0,41,2,43,56,17,93,16,182,19,48,67,249
10/04/2019,MAF,TX,ASW,CE,Combined TRACON& Tower with Radar,57,20,29,30,136,0,0,40,4,44,57,20,69,34,180,24,0,24,204
10/05/2019,MAF,TX,ASW,CE,Combined TRACON& Tower with Radar,34,11,22,9,76,0,0,18,1,19,34,11,40,10,95,28,0,28,123
10/06/2019,MAF,TX,ASW,CE,Combined TRACON& Tower with Radar,48,11,51,11,121,0,0,7,2,9,48,11,58,13,130,6,0,6,136
10/07/2019,MAF,TX,ASW,CE,Combined TRACON& Tower with Radar,56,19,44,25,144,0,1,29,3,33,56,20,73,28,177,0,8,8,185
10/08/2019,MAF,TX,ASW,CE,Combined TRACON& Tower with Radar,57,23,54,31,165,0,1,28,7,36,57,24,82,38,201,10,26,36,237
10/09/2019,MAF,TX,ASW,CE,Combined TRACON& Tower with Radar,57,23,55,1,136,0,0,34,1,35,57,23,89,2,171,35,0,35,206
10/10/2019,MAF,TX,ASW,CE,Combined TRACON& Tower with Radar,56,22,48,26,152,0,0,27,2,29,56,22,75,28,181,0,18,18,199
10/11/2019,MAF,TX,ASW,CE,Combined TRACON& Tower with Radar,50,20,47,37,154,0,0,19,5,24,50,20,66,42,178,6,68,74,252
10/12/2019,MAF,TX,ASW,CE,Combined TRACON& Tower with Radar,37,7,22,14,80,0,0,12,0,12,37,7,34,14,92,24,0,24,116
10/13/2019,MAF,TX,ASW,CE,Combined TRACON& Tower with Radar,51,7,37,3,98,0,0,20,1,21,51,7,57,4,119,6,0,6,125
10/14/2019,MAF,TX,ASW,CE,Combined TRACON& Tower with Radar,54,21,53,2,130,0,1,15,0,16,54,22,68,2,146,30,0,30,176
10/15/2019,MAF,TX,ASW,CE,Combined TRACON& Tower with Radar,57,16,46,15,134,0,0,24,0,24,57,16,70,15,158,2,4,6,164
10/16/2019,MAF,TX,ASW,CE,Combined TRACON& Tower with Radar,53,26,53,4,136,0,0,16,0,16,53,26,69,4,152,20,0,20,172
10/17/2019,MAF,TX,ASW,CE,Combined TRACON& Tower with Radar,54,17,56,26,153,0,0,33,4,37,54,17,89,30,190,10,0,10,200
10/18/2019,MAF,TX,ASW,CE,Combined TRACON& Tower with Radar,56,15,24,16,111,0,0,17,0,17,56,15,41,16,128,0,0,0,128
10/19/2019,MAF,TX,ASW,CE,Combined TRACON& Tower with Radar,37,9,33,13,92,0,3,10,1,14,37,12,43,14,106,0,4,4,110
10/20/2019,MAF,TX,ASW,CE,Combined TRACON& Tower with Radar,51,11,22,6,90,0,1,12,0,13,51,12,34,6,103,4,0,4,107
10/21/2019,MAF,TX,ASW,CE,Combined TRACON& Tower with Radar,52,9,39,5,105,0,0,28,2,30,52,9,67,7,135,0,0,0,135
10/22/2019,MAF,TX,ASW,CE,Combined TRACON& Tower with Radar,59,22,61,17,159,0,0,29,2,31,59,22,90,19,190,12,0,12,202
10/23/2019,MAF,TX,ASW,CE,Combined TRACON& Tower with Radar,58,28,45,11,142,0,0,30,4,34,58,28,75,15,176,10,0,10,186
10/24/2019,MAF,TX,ASW,CE,Combined TRACON& Tower with Radar,57,23,51,15,146,0,0,7,8,15,57,23,58,23,161,4,26,30,191
10/25/2019,MAF,TX,ASW,CE,Combined TRACON& Tower with Radar,56,21,40,28,145,0,0,29,0,29,56,21,69,28,174,0,18,18,192
10/26/2019,MAF,TX,ASW,CE,Combined TRACON& Tower with Radar,35,8,15,0,58,0,0,21,1,22,35,8,36,1,80,28,0,28,108
10/27/2019,MAF,TX,ASW,CE,Combined TRACON& Tower with Radar,54,10,35,1,100,0,0,15,1,16,54,10,50,2,116,0,0,0,116
10/28/2019,MAF,TX,ASW,CE,Combined TRACON& Tower with Radar,50,14,38,49,151,0,0,17,6,23,50,14,55,55,174,6,38,44,218
10/29/2019,MAF,TX,ASW,CE,Combined TRACON& Tower with Radar,49,18,62,7,136,0,0,2,0,2,49,18,64,7,138,0,0,0,138
10/30/2019,MAF,TX,ASW,CE,Combined TRACON& Tower with Radar,53,20,58,10,141,0,0,6,0,6,53,20,64,10,147,0,0,0,147
10/31/2019,MAF,TX,ASW,CE,Combined TRACON& Tower with Radar,53,16,55,2,126,0,0,48,0,48,53,16,103,2,174,2,0,2,176
11/01/2019,MAF,TX,ASW,CE,Combined TRACON& Tower with Radar,51,12,50,11,124,0,0,37,5,42,51,12,87,16,166,4,6,10,176
11/02/2019,MAF,TX,ASW,CE,Combined TRACON& Tower with Radar,35,8,29,22,94,0,0,24,4,28,35,8,53,26,122,34,14,48,170
11/03/2019,MAF,TX,ASW,CE,Combined TRACON& Tower with Radar,54,16,36,4,110,0,0,22,0,22,54,16,58,4,132,8,0,8,140
11/04/2019,MAF,TX,ASW,CE,Combined TRACON& Tower with Radar,53,12,56,10,131,0,0,27,0,27,53,12,83,10,158,6,0,6,164
11/05/2019,MAF,TX,ASW,CE,Combined TRACON& Tower with Radar,56,17,48,19,140,0,0,22,0,22,56,17,70,19,162,0,0,0,162
11/06/2019,MAF,TX,ASW,CE,Combined TRACON& Tower with Radar,54,30,67,8,159,0,0,19,0,19,54,30,86,8,178,0,0,0,178
11/07/2019,MAF,TX,ASW,CE,Combined TRACON& Tower with Radar,53,23,48,3,127,0,0,0,0,0,53,23,48,3,127,0,0,0,127
11/08/2019,MAF,TX,ASW,CE,Combined TRACON& Tower with Radar,55,21,43,10,129,0,0,8,0,8,55,21,51,10,137,23,0,23,160
11/09/2019,MAF,TX,ASW,CE,Combined TRACON& Tower with Radar,35,18,19,6,78,0,0,27,1,28,35,18,46,7,106,36,0,36,142
11/10/2019,MAF,TX,ASW,CE,Combined TRACON& Tower with Radar,51,7,41,0,99,0,0,18,0,18,51,7,59,0,117,0,0,0,117
11/11/2019,MAF,TX,ASW,CE,Combined TRACON& Tower with Radar,53,15,35,0,103,0,0,6,4,10,53,15,41,4,113,0,0,0,113
11/12/2019,MAF,TX,ASW,CE,Combined TRACON& Tower with Radar,54,19,44,6,123,0,0,29,1,30,54,19,73,7,153,14,8,22,175
11/13/2019,MAF,TX,ASW,CE,Combined TRACON& Tower with Radar,54,28,40,18,140,0,0,23,4,27,54,28,63,22,167,2,36,38,205
11/14/2019,MAF,TX,ASW,CE,Combined TRACON& Tower with Radar,55,23,68,23,169,0,0,28,1,29,55,23,96,24,198,12,0,12,210
11/15/2019,MAF,TX,ASW,CE,Combined TRACON& Tower with Radar,54,14,42,26,136,0,0,20,0,20,54,14,62,26,156,2,4,6,162
11/16/2019,MAF,TX,ASW,CE,Combined TRACON& Tower with Radar,33,13,13,0,59,0,0,14,2,16,33,13,27,2,75,8,0,8,83
11/17/2019,MAF,TX,ASW,CE,Combined TRACON& Tower with Radar,51,7,33,15,106,0,0,15,5,20,51,7,48,20,126,0,0,0,126
11/18/2019,MAF,TX,ASW,CE,Combined TRACON& Tower with Radar,56,14,49,18,137,0,1,26,3,30,56,15,75,21,167,0,0,0,167
11/19/2019,MAF,TX,ASW,CE,Combined TRACON& Tower with Radar,55,14,54,11,134,0,2,37,3,42,55,16,91,14,176,0,4,4,180
11/20/2019,MAF,TX,ASW,CE,Combined TRACON& Tower with Radar,56,24,57,11,148,0,0,23,7,30,56,24,80,18,178,0,14,14,192
11/21/2019,MAF,TX,ASW,CE,Combined TRACON& Tower with Radar,59,20,73,6,158,0,0,16,2,18,59,20,89,8,176,0,0,0,176
11/22/2019,MAF,TX,ASW,CE,Combined TRACON& Tower with Radar,54,12,40,31,137,0,0,11,0,11,54,12,51,31,148,0,8,8,156
11/23/2019,MAF,TX,ASW,CE,Combined TRACON& Tower with Radar,38,17,33,6,94,0,0,18,3,21,38,17,51,9,115,0,0,0,115
11/24/2019,MAF,TX,ASW,CE,Combined TRACON& Tower with Radar,53,5,26,4,88,0,0,15,4,19,53,5,41,8,107,6,3,9,116
11/25/2019,MAF,TX,ASW,CE,Combined TRACON& Tower with Radar,54,14,49,8,125,0,0,24,7,31,54,14,73,15,156,0,0,0,156
11/26/2019,MAF,TX,ASW,CE,Combined TRACON& Tower with Radar,54,19,42,8,123,0,0,7,2,9,54,19,49,10,132,0,0,0,132
11/27/2019,MAF,TX,ASW,CE,Combined TRACON& Tower with Radar,56,17,36,2,111,0,2,18,1,21,56,19,54,3,132,6,34,40,172
11/28/2019,MAF,TX,ASW,CE,Combined TRACON& Tower with Radar,23,5,19,2,49,0,0,1,1,2,23,5,20,3,51,6,0,6,57
11/29/2019,MAF,TX,ASW,CE,Combined TRACON& Tower with Radar,46,7,19,0,72,0,2,6,1,9,46,9,25,1,81,12,0,12,93
11/30/2019,MAF,TX,ASW,CE,Combined TRACON& Tower with Radar,39,11,27,2,79,0,0,15,0,15,39,11,42,2,94,0,0,0,94
12/01/2019,MAF,TX,ASW,CE,Combined TRACON& Tower with Radar,51,8,32,0,91,0,0,26,0,26,51,8,58,0,117,0,0,0,117
12/02/2019,MAF,TX,ASW,CE,Combined TRACON& Tower with Radar,53,15,37,24,129,0,0,26,0,26,53,15,63,24,155,0,11,11,166
12/03/2019,MAF,TX,ASW,CE,Combined TRACON& Tower with Radar,53,27,57,8,145,0,0,28,4,32,53,27,85,12,177,16,0,16,193
12/04/2019,MAF,TX,ASW,CE,Combined TRACON& Tower with Radar,56,21,52,12,141,0,1,32,8,41,56,22,84,20,182,0,24,24,206
12/05/2019,MAF,TX,ASW,CE,Combined TRACON& Tower with Radar,55,20,50,3,128,0,1,31,0,32,55,21,81,3,160,0,0,0,160
12/06/2019,MAF,TX,ASW,CE,Combined TRACON& Tower with Radar,58,20,38,46,162,0,0,30,3,33,58,20,68,49,195,4,12,16,211
12/07/2019,MAF,TX,ASW,CE,Combined TRACON& Tower with Radar,34,11,19,2,66,0,2,19,2,23,34,13,38,4,89,23,0,23,112
12/08/2019,MAF,TX,ASW,CE,Combined TRACON& Tower with Radar,54,6,17,12,89,0,0,12,1,13,54,6,29,13,102,0,0,0,102
12/09/2019,MAF,TX,ASW,CE,Combined TRACON& Tower with Radar,51,12,45,9,117,0,0,9,4,13,51,12,54,13,130,0,0,0,130
12/10/2019,MAF,TX,ASW,CE,Combined TRACON& Tower with Radar,53,22,45,0,120,0,0,29,1,30,53,22,74,1,150,0,0,0,150
12/11/2019,MAF,TX,ASW,CE,Combined TRACON& Tower with Radar,54,20,70,0,144,0,0,10,1,11,54,20,80,1,155,0,0,0,155
12/12/2019,MAF,TX,ASW,CE,Combined TRACON& Tower with Radar,56,22,52,1,131,0,1,34,1,36,56,23,86,2,167,10,0,10,177
12/13/2019,MAF,TX,ASW,CE,Combined TRACON& Tower with Radar,55,24,42,22,143,0,0,39,5,44,55,24,81,27,187,0,18,18,205
12/14/2019,MAF,TX,ASW,CE,Combined TRACON& Tower with Radar,33,12,36,39,120,0,0,39,0,39,33,12,75,39,159,0,0,0,159
12/15/2019,MAF,TX,ASW,CE,Combined TRACON& Tower with Radar,55,8,48,14,125,0,0,41,2,43,55,8,89,16,168,2,0,2,170
12/16/2019,MAF,TX,ASW,CE,Combined TRACON& Tower with Radar,54,14,57,33,158,0,0,34,1,35,54,14,91,34,193,4,16,20,213
12/17/2019,MAF,TX,ASW,CE,Combined TRACON& Tower with Radar,54,15,50,2,121,0,0,38,4,42,54,15,88,6,163,6,0,6,169
12/18/2019,MAF,TX,ASW,CE,Combined TRACON& Tower with Radar,51,25,54,3,133,0,0,43,2,45,51,25,97,5,178,19,0,19,197
12/19/2019,MAF,TX,ASW,CE,Combined TRACON& Tower with Radar,50,19,36,15,120,0,0,41,1,42,50,19,77,16,162,9,0,9,171
12/20/2019,MAF,TX,ASW,CE,Combined TRACON& Tower with Radar,53,14,23,11,101,0,0,27,1,28,53,14,50,12,129,18,0,18,147
12/21/2019,MAF,TX,ASW,CE,Combined TRACON& Tower with Radar,39,13,19,2,73,0,1,27,2,30,39,14,46,4,103,26,0,26,129
12/22/2019,MAF,TX,ASW,CE,Combined TRACON& Tower with Radar,50,7,20,0,77,0,0,35,0,35,50,7,55,0,112,14,0,14,126
12/23/2019,MAF,TX,ASW,CE,Combined TRACON& Tower with Radar,46,12,37,2,97,0,0,28,0,28,46,12,65,2,125,0,0,0,125
12/24/2019,MAF,TX,ASW,CE,Combined TRACON& Tower with Radar,43,13,11,0,67,0,0,14,0,14,43,13,25,0,81,0,0,0,81
12/25/2019,MAF,TX,ASW,CE,Combined TRACON& Tower with Radar,43,6,5,0,54,0,0,4,0,4,43,6,9,0,58,3,0,3,61
12/26/2019,MAF,TX,ASW,CE,Combined TRACON& Tower with Radar,47,15,32,0,94,0,0,4,0,4,47,15,36,0,98,0,0,0,98
12/27/2019,MAF,TX,ASW,CE,Combined TRACON& Tower with Radar,50,17,43,3,113,0,0,4,0,4,50,17,47,3,117,0,0,0,117
12/28/2019,MAF,TX,ASW,CE,Combined TRACON& Tower with Radar,37,12,28,0,77,0,0,11,0,11,37,12,39,0,88,0,0,0,88
12/29/2019,MAF,TX,ASW,CE,Combined TRACON& Tower with Radar,43,6,32,0,81,0,0,9,0,9,43,6,41,0,90,0,0,0,90
12/30/2019,MAF,TX,ASW,CE,Combined TRACON& Tower with Radar,47,11,27,0,85,0,0,21,0,21,47,11,48,0,106,14,0,14,120
12/31/2019,MAF,TX,ASW,CE,Combined TRACON& Tower with Radar,45,14,15,0,74,0,2,18,0,20,45,16,33,0,94,0,0,0,94
01/01/2020,MAF,TX,ASW,CE,Combined TRACON& Tower with Radar,47,5,14,0,66,0,0,8,0,8,47,5,22,0,74,0,0,0,74
01/02/2020,MAF,TX,ASW,CE,Combined TRACON& Tower with Radar,50,14,28,2,94,0,2,8,0,10,50,16,36,2,104,4,0,4,108
01/03/2020,MAF,TX,ASW,CE,Combined TRACON& Tower with Radar,52,18,36,5,111,0,0,15,1,16,52,18,51,6,127,8,0,8,135
01/04/2020,MAF,TX,ASW,CE,Combined TRACON& Tower with Radar,37,10,28,2,77,0,0,5,1,6,37,10,33,3,83,25,0,25,108
01/05/2020,MAF,TX,ASW,CE,Combined TRACON& Tower with Radar,47,7,34,2,90,0,0,4,0,4,47,7,38,2,94,0,0,0,94
01/06/2020,MAF,TX,ASW,CE,Combined TRACON& Tower with Radar,48,15,27,12,102,0,0,20,2,22,48,15,47,14,124,0,0,0,124
01/07/2020,MAF,TX,ASW,CE,Combined TRACON& Tower with Radar,51,19,36,9,115,0,0,29,1,30,51,19,65,10,145,0,0,0,145
01/08/2020,MAF,TX,ASW,CE,Combined TRACON& Tower with Radar,54,23,38,7,122,0,0,21,1,22,54,23,59,8,144,0,0,0,144
01/09/2020,MAF,TX,ASW,CE,Combined TRACON& Tower with Radar,54,31,55,71,211,0,0,15,8,23,54,31,70,79,234,0,58,58,292
01/10/2020,MAF,TX,ASW,CE,Combined TRACON& Tower with Radar,52,15,36,115,218,0,0,7,5,12,52,15,43,120,230,0,50,50,280
01/11/2020,MAF,TX,ASW,CE,Combined TRACON& Tower with Radar,31,13,9,0,53,0,2,16,0,18,31,15,25,0,71,8,0,8,79
01/12/2020,MAF,TX,ASW,CE,Combined TRACON& Tower with Radar,50,10,29,4,93,0,0,18,0,18,50,10,47,4,111,13,0,13,124
01/13/2020,MAF,TX,ASW,CE,Combined TRACON& Tower with Radar,51,13,43,31,138,0,0,17,5,22,51,13,60,36,160,14,152,166,326
01/14/2020,MAF,TX,ASW,CE,Combined TRACON& Tower with Radar,48,23,57,34,162,0,0,17,13,30,48,23,74,47,192,0,54,54,246
01/15/2020,MAF,TX,ASW,CE,Combined TRACON& Tower with Radar,51,24,50,14,139,0,0,19,0,19,51,24,69,14,158,4,4,8,166
01/16/2020,MAF,TX,ASW,CE,Combined TRACON& Tower with Radar,50,24,65,0,139,0,0,0,0,0,50,24,65,0,139,0,0,0,139
01/17/2020,MAF,TX,ASW,CE,Combined TRACON& Tower with Radar,59,16,25,12,112,0,0,13,0,13,59,16,38,12,125,6,4,10,135
01/18/2020,MAF,TX,ASW,CE,Combined TRACON& Tower with Radar,24,12,22,2,60,0,0,12,0,12,24,12,34,2,72,0,0,0,72
01/19/2020,MAF,TX,ASW,CE,Combined TRACON& Tower with Radar,40,7,18,8,73,0,0,10,2,12,40,7,28,10,85,0,0,0,85
01/20/2020,MAF,TX,ASW,CE,Combined TRACON& Tower with Radar,51,13,51,3,118,0,0,21,6,27,51,13,72,9,145,14,0,14,159
01/21/2020,MAF,TX,ASW,CE,Combined TRACON& Tower with Radar,50,24,48,23,145,0,0,20,5,25,50,24,68,28,170,0,35,35,205
01/22/2020,MAF,TX,ASW,CE,Combined TRACON& Tower with Radar,54,23,40,31,148,0,0,20,14,34,54,23,60,45,182,0,0,0,182
01/23/2020,MAF,TX,ASW,CE,Combined TRACON& Tower with Radar,54,26,52,12,144,0,0,26,6,32,54,26,78,18,176,28,14,42,218
01/24/2020,MAF,TX,ASW,CE,Combined TRACON& Tower with Radar,52,16,49,45,162,0,0,19,2,21,52,16,68,47,183,14,12,26,209
01/25/2020,MAF,TX,ASW,CE,Combined TRACON& Tower with Radar,31,7,14,10,62,0,0,19,0,19,31,7,33,10,81,4,0,4,85
01/26/2020,MAF,TX,ASW,CE,Combined TRACON& Tower with Radar,46,12,31,15,104,0,1,34,3,38,46,13,65,18,142,14,0,14,156
01/27/2020,MAF,TX,ASW,CE,Combined TRACON& Tower with Radar,48,12,37,8,105,0,0,19,2,21,48,12,56,10,126,0,0,0,126
01/28/2020,MAF,TX,ASW,CE,Combined TRACON& Tower with Radar,50,21,55,34,160,0,2,5,15,22,50,23,60,49,182,2,40,42,224
01/29/2020,MAF,TX,ASW,CE,Combined TRACON& Tower with Radar,51,20,73,18,162,0,0,39,8,47,51,20,112,26,209,10,42,52,261
01/30/2020,MAF,TX,ASW,CE,Combined TRACON& Tower with Radar,52,21,55,22,150,0,0,13,0,13,52,21,68,22,163,14,36,50,213
01/31/2020,MAF,TX,ASW,CE,Combined TRACON& Tower with Radar,52,17,40,3,112,0,2,22,1,25,52,19,62,4,137,8,0,8,145
02/01/2020,MAF,TX,ASW,CE,Combined TRACON& Tower with Radar,29,14,12,2,57,0,0,26,3,29,29,14,38,5,86,36,0,36,122
02/02/2020,MAF,TX,ASW,CE,Combined TRACON& Tower with Radar,45,9,24,1,79,0,1,10,1,12,45,10,34,2,91,28,0,28,119
02/03/2020,MAF,TX,ASW,CE,Combined TRACON& Tower with Radar,50,20,50,8,128,0,0,14,3,17,50,20,64,11,145,0,32,32,177
02/04/2020,MAF,TX,ASW,CE,Combined TRACON& Tower with Radar,44,27,56,15,142,0,0,0,0,0,44,27,56,15,142,0,0,0,142
02/05/2020,MAF,TX,ASW,CE,Combined TRACON& Tower with Radar,0,0,4,0,4,0,0,0,0,0,0,0,4,0,4,0,0,0,4
02/06/2020,MAF,TX,ASW,CE,Combined TRACON& Tower with Radar,40,30,40,4,114,0,0,16,2,18,40,30,56,6,132,0,4,4,136
02/07/2020,MAF,TX,ASW,CE,Combined TRACON& Tower with Radar,49,24,42,11,126,0,0,33,1,34,49,24,75,12,160,0,0,0,160
02/08/2020,MAF,TX,ASW,CE,Combined TRACON& Tower with Radar,31,9,18,22,80,0,0,33,1,34,31,9,51,23,114,34,0,34,148
02/09/2020,MAF,TX,ASW,CE,Combined TRACON& Tower with Radar,46,10,19,25,100,0,0,15,2,17,46,10,34,27,117,0,0,0,117
02/10/2020,MAF,TX,ASW,CE,Combined TRACON& Tower with Radar,53,20,29,21,123,0,0,11,0,11,53,20,40,21,134,0,0,0,134
02/11/2020,MAF,TX,ASW,CE,Combined TRACON& Tower with Radar,52,20,27,3,102,0,0,0,0,0,52,20,27,3,102,0,0,0,102
02/12/2020,MAF,TX,ASW,CE,Combined TRACON& Tower with Radar,54,19,42,32,147,0,1,9,9,19,54,20,51,41,166,0,42,42,208
02/13/2020,MAF,TX,ASW,CE,Combined TRACON& Tower with Radar,52,15,77,29,173,0,0,30,8,38,52,15,107,37,211,14,18,32,243
02/14/2020,MAF,TX,ASW,CE,Combined TRACON& Tower with Radar,56,19,28,8,111,0,0,12,2,14,56,19,40,10,125,0,0,0,125
02/15/2020,MAF,TX,ASW,CE,Combined TRACON& Tower with Radar,32,7,13,6,58,0,0,17,0,17,32,7,30,6,75,36,0,36,111
02/16/2020,MAF,TX,ASW,CE,Combined TRACON& Tower with Radar,48,6,25,5,84,0,1,29,1,31,48,7,54,6,115,7,0,7,122
02/17/2020,MAF,TX,ASW,CE,Combined TRACON& Tower with Radar,52,13,52,2,119,0,0,26,0,26,52,13,78,2,145,0,0,0,145
02/18/2020,MAF,TX,ASW,CE,Combined TRACON& Tower with Radar,54,18,70,21,163,0,0,10,3,13,54,18,80,24,176,0,8,8,184
02/19/2020,MAF,TX,ASW,CE,Combined TRACON& Tower with Radar,57,20,62,50,189,0,0,10,0,10,57,20,72,50,199,8,13,21,220
02/20/2020,MAF,TX,ASW,CE,Combined TRACON& Tower with Radar,52,26,53,2,133,0,0,11,0,11,52,26,64,2,144,0,0,0,144
02/21/2020,MAF,TX,ASW,CE,Combined TRACON& Tower with Radar,59,26,32,27,144,0,1,25,2,28,59,27,57,29,172,0,68,68,240
02/22/2020,MAF,TX,ASW,CE,Combined TRACON& Tower with Radar,34,10,16,0,60,0,0,26,0,26,34,10,42,0,86,74,0,74,160
02/23/2020,MAF,TX,ASW,CE,Combined TRACON& Tower with Radar,49,6,39,7,101,0,0,6,0,6,49,6,45,7,107,16,6,22,129
02/24/2020,MAF,TX,ASW,CE,Combined TRACON& Tower with Radar,53,11,33,17,114,0,0,23,6,29,53,11,56,23,143,0,0,0,143
02/25/2020,MAF,TX,ASW,CE,Combined TRACON& Tower with Radar,54,20,52,8,134,0,0,33,1,34,54,20,85,9,168,0,16,16,184
02/26/2020,MAF,TX,ASW,CE,Combined TRACON& Tower with Radar,58,20,49,17,144,0,0,38,5,43,58,20,87,22,187,0,0,0,187
02/27/2020,MAF,TX,ASW,CE,Combined TRACON& Tower with Radar,55,18,76,20,169,0,0,41,9,50,55,18,117,29,219,30,25,55,274
02/28/2020,MAF,TX,ASW,CE,Combined TRACON& Tower with Radar,57,21,30,23,131,0,0,38,4,42,57,21,68,27,173,12,0,12,185
02/29/2020,MAF,TX,ASW,CE,Combined TRACON& Tower with Radar,32,7,16,1,56,0,0,19,0,19,32,7,35,1,75,14,0,14,89
03/01/2020,MAF,TX,ASW,CE,Combined TRACON& Tower with Radar,50,13,31,0,94,0,0,8,0,8,50,13,39,0,102,6,0,6,108
03/02/2020,MAF,TX,ASW,CE,Combined TRACON& Tower with Radar,53,14,42,22,131,0,0,24,6,30,53,14,66,28,161,13,15,28,189
03/03/2020,MAF,TX,ASW,CE,Combined TRACON& Tower with Radar,54,20,48,4,126,0,0,6,0,6,54,20,54,4,132,10,0,10,142
03/04/2020,MAF,TX,ASW,CE,Combined TRACON& Tower with Radar,54,24,43,2,123,0,0,1,0,1,54,24,44,2,124,0,0,0,124
03/05/2020,MAF,TX,ASW,CE,Combined TRACON& Tower with Radar,57,21,47,2,127,0,1,55,1,57,57,22,102,3,184,33,0,33,217
03/06/2020,MAF,TX,ASW,CE,Combined TRACON& Tower with Radar,57,17,28,22,124,0,1,28,4,33,57,18,56,26,157,4,0,4,161
03/07/2020,MAF,TX,ASW,CE,Combined TRACON& Tower with Radar,34,17,17,4,72,0,0,8,3,11,34,17,25,7,83,10,0,10,93
03/08/2020,MAF,TX,ASW,CE,Combined TRACON& Tower with Radar,48,5,14,14,81,0,0,8,0,8,48,5,22,14,89,0,0,0,89
03/09/2020,MAF,TX,ASW,CE,Combined TRACON& Tower with Radar,53,9,36,20,118,0,0,27,1,28,53,9,63,21,146,0,0,0,146
03/10/2020,MAF,TX,ASW,CE,Combined TRACON& Tower with Radar,51,29,56,10,146,0,0,21,2,23,51,29,77,12,169,6,38,44,213
03/11/2020,MAF,TX,ASW,CE,Combined TRACON& Tower with Radar,51,17,41,6,115,0,0,25,2,27,51,17,66,8,142,10,42,52,194
03/12/2020,MAF,TX,ASW,CE,Combined TRACON& Tower with Radar,57,17,46,1,121,0,0,29,0,29,57,17,75,1,150,0,0,0,150
03/13/2020,MAF,TX,ASW,CE,Combined TRACON& Tower with Radar,51,23,33,15,122,0,0,0,0,0,51,23,33,15,122,0,0,0,122
03/14/2020,MAF,TX,ASW,CE,Combined TRACON& Tower with Radar,39,28,39,2,108,0,1,26,4,31,39,29,65,6,139,0,0,0,139
03/15/2020,MAF,TX,ASW,CE,Combined TRACON& Tower with Radar,47,15,38,0,100,0,0,0,0,0,47,15,38,0,100,0,0,0,100
03/16/2020,MAF,TX,ASW,CE,Combined TRACON& Tower with Radar,47,18,20,12,97,0,2,6,0,8,47,20,26,12,105,0,0,0,105
03/17/2020,MAF,TX,ASW,CE,Combined TRACON& Tower with Radar,47,20,31,25,123,0,2,12,1,15,47,22,43,26,138,0,0,0,138
03/18/2020,MAF,TX,ASW,CE,Combined TRACON& Tower with Radar,47,19,18,13,97,0,0,22,0,22,47,19,40,13,119,0,35,35,154
03/19/2020,MAF,TX,ASW,CE,Combined TRACON& Tower with Radar,46,14,13,44,117,0,0,21,13,34,46,14,34,57,151,0,118,118,269
03/20/2020,MAF,TX,ASW,CE,Combined TRACON& Tower with Radar,49,13,19,10,91,0,0,27,2,29,49,13,46,12,120,34,4,38,158
03/21/2020,MAF,TX,ASW,CE,Combined TRACON& Tower with Radar,33,5,7,4,49,0,0,0,0,0,33,5,7,4,49,0,0,0,49
03/22/2020,MAF,TX,ASW,CE,Combined TRACON& Tower with Radar,41,2,9,4,56,0,0,8,2,10,41,2,17,6,66,22,0,22,88
03/23/2020,MAF,TX,ASW,CE,Combined TRACON& Tower with Radar,36,7,10,31,84,0,0,15,2,17,36,7,25,33,101,8,62,70,171
03/24/2020,MAF,TX,ASW,CE,Combined TRACON& Tower with Radar,36,11,20,6,73,0,0,29,7,36,36,11,49,13,109,50,16,66,175
03/25/2020,MAF,TX,ASW,CE,Combined TRACON& Tower with Radar,42,9,14,6,71,0,0,27,3,30,42,9,41,9,101,12,0,12,113
03/26/2020,MAF,TX,ASW,CE,Combined TRACON& Tower with Radar,37,9,13,1,60,0,0,34,5,39,37,9,47,6,99,6,0,6,105
03/27/2020,MAF,TX,ASW,CE,Combined TRACON& Tower with Radar,28,9,8,18,63,0,1,16,2,19,28,10,24,20,82,15,90,105,187
03/28/2020,MAF,TX,ASW,CE,Combined TRACON& Tower with Radar,16,3,6,0,25,0,0,10,0,10,16,3,16,0,35,0,0,0,35
03/29/2020,MAF,TX,ASW,CE,Combined TRACON& Tower with Radar,22,3,15,4,44,0,0,15,2,17,22,3,30,6,61,2,0,2,63
03/30/2020,MAF,TX,ASW,CE,Combined TRACON& Tower with Radar,31,4,3,17,55,0,0,11,3,14,31,4,14,20,69,0,11,11,80
03/31/2020,MAF,TX,ASW,CE,Combined TRACON& Tower with Radar,38,14,28,21,101,0,0,32,2,34,38,14,60,23,135,60,43,103,238
04/01/2020,MAF,TX,ASW,CE,Combined TRACON& Tower with Radar,28,11,15,38,92,0,0,16,5,21,28,11,31,43,113,10,0,10,123
04/02/2020,MAF,TX,ASW,CE,Combined TRACON& Tower with Radar,26,8,4,16,54,0,1,12,2,15,26,9,16,18,69,0,100,100,169
04/03/2020,MAF,TX,ASW,CE,Combined TRACON& Tower with Radar,22,7,5,0,34,0,0,8,0,8,22,7,13,0,42,0,0,0,42
04/04/2020,MAF,TX,ASW,CE,Combined TRACON& Tower with Radar,19,4,2,38,63,0,0,0,0,0,19,4,2,38,63,0,0,0,63
04/05/2020,MAF,TX,ASW,CE,Combined TRACON& Tower with Radar,16,2,3,14,35,0,0,10,3,13,16,2,13,17,48,0,0,0,48
04/06/2020,MAF,TX,ASW,CE,Combined TRACON& Tower with Radar,18,4,5,29,56,0,0,7,0,7,18,4,12,29,63,12,2,14,77
04/07/2020,MAF,TX,ASW,CE,Combined TRACON& Tower with Radar,25,7,12,20,64,0,1,21,3,25,25,8,33,23,89,28,10,38,127
04/08/2020,MAF,TX,ASW,CE,Combined TRACON& Tower with Radar,24,17,29,17,87,0,1,23,5,29,24,18,52,22,116,20,28,48,164
04/09/2020,MAF,TX,ASW,CE,Combined TRACON& Tower with Radar,19,7,10,41,77,0,0,20,9,29,19,7,30,50,106,42,130,172,278
04/10/2020,MAF,TX,ASW,CE,Combined TRACON& Tower with Radar,22,8,9,0,39,0,0,9,0,9,22,8,18,0,48,0,0,0,48
04/11/2020,MAF,TX,ASW,CE,Combined TRACON& Tower with Radar,15,4,3,21,43,0,0,4,0,4,15,4,7,21,47,8,33,41,88
04/12/2020,MAF,TX,ASW,CE,Combined TRACON& Tower with Radar,17,3,3,0,23,0,0,7,0,7,17,3,10,0,30,16,0,16,46
04/13/2020,MAF,TX,ASW,CE,Combined TRACON& Tower with Radar,19,3,18,7,47,0,0,18,2,20,19,3,36,9,67,8,16,24,91
04/14/2020,MAF,TX,ASW,CE,Combined TRACON& Tower with Radar,19,10,11,7,47,0,0,20,0,20,19,10,31,7,67,18,0,18,85
04/15/2020,MAF,TX,ASW,CE,Combined TRACON& Tower with Radar,16,6,13,28,63,0,1,26,7,34,16,7,39,35,97,34,48,82,179
04/16/2020,MAF,TX,ASW,CE,Combined TRACON& Tower with Radar,16,7,22,3,48,0,0,27,3,30,16,7,49,6,78,20,0,20,98
04/17/2020,MAF,TX,ASW,CE,Combined TRACON& Tower with Radar,16,9,22,12,59,0,0,9,2,11,16,9,31,14,70,34,12,46,116
04/18/2020,MAF,TX,ASW,CE,Combined TRACON& Tower with Radar,15,4,15,29,63,0,0,14,3,17,15,4,29,32,80,12,0,12,92
04/19/2020,MAF,TX,ASW,CE,Combined TRACON& Tower with Radar,10,2,9,0,21,0,0,9,0,9,10,2,18,0,30,4,0,4,34
04/20/2020,MAF,TX,ASW,CE,Combined TRACON& Tower with Radar,13,5,12,12,42,0,0,33,6,39,13,5,45,18,81,25,18,43,124
04/21/2020,MAF,TX,ASW,CE,Combined TRACON& Tower with Radar,17,9,18,41,85,0,0,27,9,36,17,9,45,50,121,52,55,107,228
04/22/2020,MAF,TX,ASW,CE,Combined TRACON& Tower with Radar,16,7,29,27,79,0,0,14,7,21,16,7,43,34,100,12,62,74,174
04/23/2020,MAF,TX,ASW,CE,Combined TRACON& Tower with Radar,16,7,16,12,51,0,0,23,2,25,16,7,39,14,76,6,19,25,101
04/24/2020,MAF,TX,ASW,CE,Combined TRACON& Tower with Radar,14,5,8,6,33,0,0,23,2,25,14,5,31,8,58,22,12,34,92
04/25/2020,MAF,TX,ASW,CE,Combined TRACON& Tower with Radar,16,1,2,8,27,0,0,13,4,17,16,1,15,12,44,2,34,36,80
04/26/2020,MAF,TX,ASW,CE,Combined TRACON& Tower with Radar,12,2,7,0,21,0,0,16,0,16,12,2,23,0,37,0,0,0,37
04/27/2020,MAF,TX,ASW,CE,Combined TRACON& Tower with Radar,13,4,16,5,38,0,0,26,3,29,13,4,42,8,67,0,4,4,71
04/28/2020,MAF,TX,ASW,CE,Combined TRACON& Tower with Radar,15,8,10,15,48,0,0,19,0,19,15,8,29,15,67,26,10,36,103
04/29/2020,MAF,TX,ASW,CE,Combined TRACON& Tower with Radar,15,8,18,15,56,0,0,25,1,26,15,8,43,16,82,14,20,34,116
04/30/2020,MAF,TX,ASW,CE,Combined TRACON& Tower with Radar,21,9,38,7,75,0,0,30,1,31,21,9,68,8,106,38,0,38,144
05/01/2020,MAF,TX,ASW,CE,Combined TRACON& Tower with Radar,13,8,11,7,39,0,0,18,0,18,13,8,29,7,57,28,0,28,85
05/02/2020,MAF,TX,ASW,CE,Combined TRACON& Tower with Radar,15,4,4,5,28,0,0,20,0,20,15,4,24,5,48,0,0,0,48
05/03/2020,MAF,TX,ASW,CE,Combined TRACON& Tower with Radar,14,3,8,0,25,0,2,13,0,15,14,5,21,0,40,0,0,0,40
05/04/2020,MAF,TX,ASW,CE,Combined TRACON& Tower with Radar,16,8,24,3,51,0,0,27,1,28,16,8,51,4,79,26,0,26,105
05/05/2020,MAF,TX,ASW,CE,Combined TRACON& Tower with Radar,17,9,18,19,63,0,2,14,1,17,17,11,32,20,80,0,2,2,82
05/06/2020,MAF,TX,ASW,CE,Combined TRACON& Tower with Radar,17,14,41,13,85,0,5,30,3,38,17,19,71,16,123,15,76,91,214
05/07/2020,MAF,TX,ASW,CE,Combined TRACON& Tower with Radar,18,13,31,2,64,0,0,21,0,21,18,13,52,2,85,22,0,22,107
05/08/2020,MAF,TX,ASW,CE,Combined TRACON& Tower with Radar,19,11,13,2,45,0,0,12,0,12,19,11,25,2,57,4,0,4,61
05/09/2020,MAF,TX,ASW,CE,Combined TRACON& Tower with Radar,17,5,12,26,60,0,0,28,4,32,17,5,40,30,92,44,16,60,152
05/10/2020,MAF,TX,ASW,CE,Combined TRACON& Tower with Radar,18,2,15,0,35,0,0,9,0,9,18,2,24,0,44,34,0,34,78
05/11/2020,MAF,TX,ASW,CE,Combined TRACON& Tower with Radar,19,7,19,3,48,0,0,11,0,11,19,7,30,3,59,16,0,16,75
05/12/2020,MAF,TX,ASW,CE,Combined TRACON& Tower with Radar,18,11,16,23,68,0,0,33,0,33,18,11,49,23,101,8,32,40,141
05/13/2020,MAF,TX,ASW,CE,Combined TRACON& Tower with Radar,20,12,36,1,69,0,0,24,3,27,20,12,60,4,96,12,0,12,108
05/14/2020,MAF,TX,ASW,CE,Combined TRACON& Tower with Radar,22,11,31,4,68,0,0,27,2,29,22,11,58,6,97,20,0,20,117
05/15/2020,MAF,TX,ASW,CE,Combined TRACON& Tower with Radar,20,18,19,20,77,0,2,16,6,24,20,20,35,26,101,20,38,58,159
05/16/2020,MAF,TX,ASW,CE,Combined TRACON& Tower with Radar,17,3,23,24,67,0,0,23,3,26,17,3,46,27,93,10,4,14,107
05/17/2020,MAF,TX,ASW,CE,Combined TRACON& Tower with Radar,16,4,23,6,49,0,0,19,1,20,16,4,42,7,69,4,0,4,73
05/18/2020,MAF,TX,ASW,CE,Combined TRACON& Tower with Radar,19,7,21,38,85,0,0,40,1,41,19,7,61,39,126,8,28,36,162
05/19/2020,MAF,TX,ASW,CE,Combined TRACON& Tower with Radar,18,17,21,8,64,0,0,32,1,33,18,17,53,9,97,44,0,44,141
05/20/2020,MAF,TX,ASW,CE,Combined TRACON& Tower with Radar,22,12,45,5,84,0,0,29,1,30,22,12,74,6,114,12,0,12,126
05/21/2020,MAF,TX,ASW,CE,Combined TRACON& Tower with Radar,20,12,34,0,66,0,0,15,1,16,20,12,49,1,82,46,0,46,128
05/22/2020,MAF,TX,ASW,CE,Combined TRACON& Tower with Radar,20,9,34,0,63,0,0,17,0,17,20,9,51,0,80,0,0,0,80
05/23/2020,MAF,TX,ASW,CE,Combined TRACON& Tower with Radar,17,3,12,0,32,0,0,13,0,13,17,3,25,0,45,6,0,6,51
05/24/2020,MAF,TX,ASW,CE,Combined TRACON& Tower with Radar,17,0,13,0,30,0,0,6,0,6,17,0,19,0,36,0,0,0,36
05/25/2020,MAF,TX,ASW,CE,Combined TRACON& Tower with Radar,18,3,38,0,59,0,0,6,0,6,18,3,44,0,65,10,0,10,75
05/26/2020,MAF,TX,ASW,CE,Combined TRACON& Tower with Radar,21,9,40,18,88,0,0,38,13,51,21,9,78,31,139,44,0,44,183
05/27/2020,MAF,TX,ASW,CE,Combined TRACON& Tower with Radar,20,9,38,43,110,0,0,22,6,28,20,9,60,49,138,14,52,66,204
05/28/2020,MAF,TX,ASW,CE,Combined TRACON& Tower with Radar,22,11,43,20,96,0,0,31,12,43,22,11,74,32,139,68,68,136,275
05/29/2020,MAF,TX,ASW,CE,Combined TRACON& Tower with Radar,20,10,33,8,71,0,2,41,2,45,20,12,74,10,116,42,40,82,198
05/30/2020,MAF,TX,ASW,CE,Combined TRACON& Tower with Radar,17,2,18,0,37,0,0,18,0,18,17,2,36,0,55,8,0,8,63
05/31/2020,MAF,TX,ASW,CE,Combined TRACON& Tower with Radar,18,6,33,1,58,0,0,27,1,28,18,6,60,2,86,12,0,12,98
06/01/2020,MAF,TX,ASW,CE,Combined TRACON& Tower with Radar,21,6,18,35,80,0,0,10,4,14,21,6,28,39,94,0,120,120,214
06/02/2020,MAF,TX,ASW,CE,Combined TRACON& Tower with Radar,18,20,23,54,115,0,0,32,11,43,18,20,55,65,158,15,26,41,199
06/03/2020,MAF,TX,ASW,CE,Combined TRACON& Tower with Radar,19,19,36,62,136,0,0,37,7,44,19,19,73,69,180,36,70,106,286
06/04/2020,MAF,TX,ASW,CE,Combined TRACON& Tower with Radar,19,13,27,14,73,0,0,25,12,37,19,13,52,26,110,8,74,82,192
06/05/2020,MAF,TX,ASW,CE,Combined TRACON& Tower with Radar,17,12,25,55,109,0,1,23,4,28,17,13,48,59,137,0,34,34,171
06/06/2020,MAF,TX,ASW,CE,Combined TRACON& Tower with Radar,15,5,15,10,45,0,0,26,2,28,15,5,41,12,73,26,8,34,107
06/07/2020,MAF,TX,ASW,CE,Combined TRACON& Tower with Radar,18,5,29,9,61,0,0,10,1,11,18,5,39,10,72,22,0,22,94
06/08/2020,MAF,TX,ASW,CE,Combined TRACON& Tower with Radar,21,4,25,44,94,0,5,25,14,44,21,9,50,58,138,52,26,78,216
06/09/2020,MAF,TX,ASW,CE,Combined TRACON& Tower with Radar,20,10,27,44,101,0,0,17,2,19,20,10,44,46,120,8,12,20,140
06/10/2020,MAF,TX,ASW,CE,Combined TRACON& Tower with Radar,20,12,48,56,136,0,0,40,15,55,20,12,88,71,191,44,64,108,299
06/11/2020,MAF,TX,ASW,CE,Combined TRACON& Tower with Radar,20,12,34,35,101,0,0,25,8,33,20,12,59,43,134,0,35,35,169
06/12/2020,MAF,TX,ASW,CE,Combined TRACON& Tower with Radar,22,9,19,70,120,0,1,33,9,43,22,10,52,79,163,20,80,100,263
06/13/2020,MAF,TX,ASW,CE,Combined TRACON& Tower with Radar,19,5,17,12,53,0,0,14,8,22,19,5,31,20,75,4,4,8,83
06/14/2020,MAF,TX,ASW,CE,Combined TRACON& Tower with Radar,22,6,26,2,56,0,0,22,1,23,22,6,48,3,79,20,0,20,99
06/15/2020,MAF,TX,ASW,CE,Combined TRACON& Tower with Radar,23,3,40,27,93,0,0,16,7,23,23,3,56,34,116,22,18,40,156
06/16/2020,MAF,TX,ASW,CE,Combined TRACON& Tower with Radar,22,9,40,38,109,0,1,31,13,45,22,10,71,51,154,0,96,96,250
06/17/2020,MAF,TX,ASW,CE,Combined TRACON& Tower with Radar,24,15,34,26,99,0,0,26,17,43,24,15,60,43,142,8,56,64,206
06/18/2020,MAF,TX,ASW,CE,Combined TRACON& Tower with Radar,26,19,38,39,122,0,0,22,6,28,26,19,60,45,150,12,70,82,232
06/19/2020,MAF,TX,ASW,CE,Combined TRACON& Tower with Radar,24,18,18,58,118,0,0,18,11,29,24,18,36,69,147,0,176,176,323
06/20/2020,MAF,TX,ASW,CE,Combined TRACON& Tower with Radar,21,5,21,2,49,0,0,14,0,14,21,5,35,2,63,0,0,0,63
06/21/2020,MAF,TX,ASW,CE,Combined TRACON& Tower with Radar,24,1,21,0,46,0,1,20,0,21,24,2,41,0,67,6,0,6,73
06/22/2020,MAF,TX,ASW,CE,Combined TRACON& Tower with Radar,23,9,30,14,76,0,0,24,3,27,23,9,54,17,103,0,0,0,103
06/23/2020,MAF,TX,ASW,CE,Combined TRACON& Tower with Radar,22,12,25,29,88,0,0,21,6,27,22,12,46,35,115,4,32,36,151
06/24/2020,MAF,TX,ASW,CE,Combined TRACON& Tower with Radar,22,15,33,25,95,0,0,30,6,36,22,15,63,31,131,10,2,12,143
06/25/2020,MAF,TX,ASW,CE,Combined TRACON& Tower with Radar,28,8,40,62,138,0,0,43,16,59,28,8,83,78,197,2,94,96,293
06/26/2020,MAF,TX,ASW,CE,Combined TRACON& Tower with Radar,26,14,42,47,129,0,0,24,32,56,26,14,66,79,185,14,200,214,399
06/27/2020,MAF,TX,ASW,CE,Combined TRACON& Tower with Radar,21,5,17,1,44,0,0,13,1,14,21,5,30,2,58,0,0,0,58
06/28/2020,MAF,TX,ASW,CE,Combined TRACON& Tower with Radar,21,2,28,1,52,0,0,11,1,12,21,2,39,2,64,0,0,0,64
06/29/2020,MAF,TX,ASW,CE,Combined TRACON& Tower with Radar,23,9,12,17,61,0,0,28,4,32,23,9,40,21,93,20,46,66,159
06/30/2020,MAF,TX,ASW,CE,Combined TRACON& Tower with Radar,24,8,23,20,75,0,1,21,3,25,24,9,44,23,100,16,48,64,164
07/01/2020,MAF,TX,ASW,CE,Combined TRACON& Tower with Radar,24,12,50,27,113,0,0,24,6,30,24,12,74,33,143,20,42,62,205
07/02/2020,MAF,TX,ASW,CE,Combined TRACON& Tower with Radar,23,8,37,17,85,0,0,25,0,25,23,8,62,17,110,26,46,72,182
07/03/2020,MAF,TX,ASW,CE,Combined TRACON& Tower with Radar,24,9,21,2,56,0,0,17,0,17,24,9,38,2,73,16,0,16,89
07/04/2020,MAF,TX,ASW,CE,Combined TRACON& Tower with Radar,18,3,9,2,32,0,0,10,2,12,18,3,19,4,44,10,0,10,54
07/05/2020,MAF,TX,ASW,CE,Combined TRACON& Tower with Radar,21,3,27,0,51,0,0,10,0,10,21,3,37,0,61,0,0,0,61
07/06/2020,MAF,TX,ASW,CE,Combined TRACON& Tower with Radar,27,5,30,0,62,0,0,13,0,13,27,5,43,0,75,0,0,0,75
07/07/2020,MAF,TX,ASW,CE,Combined TRACON& Tower with Radar,28,13,23,17,81,0,1,34,10,45,28,14,57,27,126,4,50,54,180
07/08/2020,MAF,TX,ASW,CE,Combined TRACON& Tower with Radar,29,10,39,12,90,0,2,44,3,49,29,12,83,15,139,30,34,64,203
07/09/2020,MAF,TX,ASW,CE,Combined TRACON& Tower with Radar,31,17,26,26,100,0,0,25,1,26,31,17,51,27,126,0,0,0,126
07/10/2020,MAF,TX,ASW,CE,Combined TRACON& Tower with Radar,33,17,27,20,97,0,0,18,2,20,33,17,45,22,117,6,64,70,187
07/11/2020,MAF,TX,ASW,CE,Combined TRACON& Tower with Radar,25,11,17,14,67,0,0,10,0,10,25,11,27,14,77,0,0,0,77
07/12/2020,MAF,TX,ASW,CE,Combined TRACON& Tower with Radar,30,10,14,4,58,0,0,15,0,15,30,10,29,4,73,0,0,0,73
07/13/2020,MAF,TX,ASW,CE,Combined TRACON& Tower with Radar,29,12,28,4,73,0,0,19,0,19,29,12,47,4,92,24,0,24,116
07/14/2020,MAF,TX,ASW,CE,Combined TRACON& Tower with Radar,30,18,22,7,77,0,0,23,0,23,30,18,45,7,100,0,4,4,104
07/15/2020,MAF,TX,ASW,CE,Combined TRACON& Tower with Radar,32,13,41,13,99,0,0,28,6,34,32,13,69,19,133,0,34,34,167
07/16/2020,MAF,TX,ASW,CE,Combined TRACON& Tower with Radar,29,16,43,13,101,0,0,34,4,38,29,16,77,17,139,48,42,90,229
07/17/2020,MAF,TX,ASW,CE,Combined TRACON& Tower with Radar,33,16,26,12,87,0,0,22,10,32,33,16,48,22,119,6,60,66,185
07/18/2020,MAF,TX,ASW,CE,Combined TRACON& Tower with Radar,25,12,14,0,51,0,0,14,0,14,25,12,28,0,65,12,6,18,83
07/19/2020,MAF,TX,ASW,CE,Combined TRACON& Tower with Radar,28,11,18,4,61,0,0,7,0,7,28,11,25,4,68,20,0,20,88
07/20/2020,MAF,TX,ASW,CE,Combined TRACON& Tower with Radar,29,12,30,9,80,0,0,21,5,26,29,12,51,14,106,14,0,14,120
07/21/2020,MAF,TX,ASW,CE,Combined TRACON& Tower with Radar,31,12,37,26,106,0,1,25,16,42,31,13,62,42,148,0,0,0,148
07/22/2020,MAF,TX,ASW,CE,Combined TRACON& Tower with Radar,31,15,32,33,111,0,0,27,9,36,31,15,59,42,147,0,66,66,213
07/23/2020,MAF,TX,ASW,CE,Combined TRACON& Tower with Radar,30,24,29,61,144,0,0,31,12,43,30,24,60,73,187,24,66,90,277
07/24/2020,MAF,TX,ASW,CE,Combined TRACON& Tower with Radar,32,13,18,40,103,0,0,21,5,26,32,13,39,45,129,20,34,54,183
07/25/2020,MAF,TX,ASW,CE,Combined TRACON& Tower with Radar,25,7,21,18,71,0,0,19,2,21,25,7,40,20,92,6,4,10,102
07/26/2020,MAF,TX,ASW,CE,Combined TRACON& Tower with Radar,28,11,24,5,68,0,0,17,1,18,28,11,41,6,86,0,0,0,86
07/27/2020,MAF,TX,ASW,CE,Combined TRACON& Tower with Radar,29,10,22,50,111,0,1,26,1,28,29,11,48,51,139,26,10,36,175
07/28/2020,MAF,TX,ASW,CE,Combined TRACON& Tower with Radar,29,17,17,27,90,0,2,25,4,31,29,19,42,31,121,44,20,64,185
07/29/2020,MAF,TX,ASW,CE,Combined TRACON& Tower with Radar,29,15,32,4,80,0,0,15,0,15,29,15,47,4,95,20,0,20,115
07/30/2020,MAF,TX,ASW,CE,Combined TRACON& Tower with Radar,28,22,31,34,115,0,0,49,1,50,28,22,80,35,165,0,51,51,216
07/31/2020,MAF,TX,ASW,CE,Combined TRACON& Tower with Radar,28,15,31,11,85,0,0,27,3,30,28,15,58,14,115,22,43,65,180
08/01/2020,MAF,TX,ASW,CE,Combined TRACON& Tower with Radar,27,11,17,5,60,0,0,16,3,19,27,11,33,8,79,4,0,4,83
08/02/2020,MAF,TX,ASW,CE,Combined TRACON& Tower with Radar,26,13,21,7,67,0,0,10,0,10,26,13,31,7,77,0,0,0,77
08/03/2020,MAF,TX,ASW,CE,Combined TRACON& Tower with Radar,25,14,19,8,66,0,0,17,3,20,25,14,36,11,86,60,0,60,146
08/04/2020,MAF,TX,ASW,CE,Combined TRACON& Tower with Radar,27,13,26,3,69,0,0,18,1,19,27,13,44,4,88,52,0,52,140
08/05/2020,MAF,TX,ASW,CE,Combined TRACON& Tower with Radar,27,20,25,11,83,0,0,44,2,46,27,20,69,13,129,100,4,104,233
08/06/2020,MAF,TX,ASW,CE,Combined TRACON& Tower with Radar,28,26,24,27,105,0,0,34,11,45,28,26,58,38,150,56,52,108,258
08/07/2020,MAF,TX,ASW,CE,Combined TRACON& Tower with Radar,28,20,38,35,121,0,0,34,4,38,28,20,72,39,159,70,46,116,275
08/08/2020,MAF,TX,ASW,CE,Combined TRACON& Tower with Radar,21,11,9,2,43,0,0,23,1,24,21,11,32,3,67,14,92,106,173
08/09/2020,MAF,TX,ASW,CE,Combined TRACON& Tower with Radar,24,11,23,0,58,0,0,14,0,14,24,11,37,0,72,36,0,36,108
08/10/2020,MAF,TX,ASW,CE,Combined TRACON& Tower with Radar,25,31,19,20,95,0,0,27,1,28,25,31,46,21,123,53,49,102,225
08/11/2020,MAF,TX,ASW,CE,Combined TRACON& Tower with Radar,27,16,27,75,145,0,0,48,20,68,27,16,75,95,213,0,78,78,291
08/12/2020,MAF,TX,ASW,CE,Combined TRACON& Tower with Radar,27,12,48,37,124,0,0,37,10,47,27,12,85,47,171,10,64,74,245
08/13/2020,MAF,TX,ASW,CE,Combined TRACON& Tower with Radar,28,17,28,23,96,0,1,37,5,43,28,18,65,28,139,40,6,46,185
08/14/2020,MAF,TX,ASW,CE,Combined TRACON& Tower with Radar,28,17,30,30,105,0,0,21,1,22,28,17,51,31,127,44,16,60,187
08/15/2020,MAF,TX,ASW,CE,Combined TRACON& Tower with Radar,23,11,22,5,61,0,0,28,3,31,23,11,50,8,92,32,0,32,124
08/16/2020,MAF,TX,ASW,CE,Combined TRACON& Tower with Radar,23,14,14,0,51,0,0,9,4,13,23,14,23,4,64,0,4,4,68
08/17/2020,MAF,TX,ASW,CE,Combined TRACON& Tower with Radar,25,13,21,20,79,0,0,14,3,17,25,13,35,23,96,14,0,14,110
08/18/2020,MAF,TX,ASW,CE,Combined TRACON& Tower with Radar,34,15,26,17,92,0,0,25,4,29,34,15,51,21,121,0,52,52,173
08/19/2020,MAF,TX,ASW,CE,Combined TRACON& Tower with Radar,29,12,30,43,114,0,0,44,4,48,29,12,74,47,162,20,60,80,242
08/20/2020,MAF,TX,ASW,CE,Combined TRACON& Tower with Radar,29,23,30,58,140,0,0,39,17,56,29,23,69,75,196,84,280,364,560
08/21/2020,MAF,TX,ASW,CE,Combined TRACON& Tower with Radar,32,16,23,11,82,0,0,27,1,28,32,16,50,12,110,0,24,24,134
08/22/2020,MAF,TX,ASW,CE,Combined TRACON& Tower with Radar,24,10,14,4,52,0,0,20,2,22,24,10,34,6,74,22,0,22,96
08/23/2020,MAF,TX,ASW,CE,Combined TRACON& Tower with Radar,22,8,20,0,50,0,0,16,0,16,22,8,36,0,66,0,0,0,66
08/24/2020,MAF,TX,ASW,CE,Combined TRACON& Tower with Radar,25,10,29,42,106,0,0,26,2,28,25,10,55,44,134,46,40,86,220
08/25/2020,MAF,TX,ASW,CE,Combined TRACON& Tower with Radar,38,18,32,19,107,0,0,33,1,34,38,18,65,20,141,18,16,34,175
08/26/2020,MAF,TX,ASW,CE,Combined TRACON& Tower with Radar,22,16,32,93,163,0,0,33,11,44,22,16,65,104,207,0,44,44,251
08/27/2020,MAF,TX,ASW,CE,Combined TRACON& Tower with Radar,34,20,29,50,133,0,0,30,10,40,34,20,59,60,173,16,50,66,239
08/28/2020,MAF,TX,ASW,CE,Combined TRACON& Tower with Radar,26,18,26,18,88,0,0,29,4,33,26,18,55,22,121,17,20,37,158
08/29/2020,MAF,TX,ASW,CE,Combined TRACON& Tower with Radar,23,10,19,2,54,0,0,21,2,23,23,10,40,4,77,24,0,24,101
08/30/2020,MAF,TX,ASW,CE,Combined TRACON& Tower with Radar,22,12,28,7,69,0,0,21,2,23,22,12,49,9,92,9,0,9,101
08/31/2020,MAF,TX,ASW,CE,Combined TRACON& Tower with Radar,25,14,30,21,90,0,0,20,4,24,25,14,50,25,114,0,0,0,114
09/01/2020,MAF,TX,ASW,CE,Combined TRACON& Tower with Radar,29,15,31,25,100,0,1,31,8,40,29,16,62,33,140,10,100,110,250
09/02/2020,MAF,TX,ASW,CE,Combined TRACON& Tower with Radar,30,17,39,62,148,0,0,21,3,24,30,17,60,65,172,4,26,30,202
09/03/2020,MAF,TX,ASW,CE,Combined TRACON& Tower with Radar,29,24,37,28,118,0,2,26,17,45,29,26,63,45,163,16,100,116,279
09/04/2020,MAF,TX,ASW,CE,Combined TRACON& Tower with Radar,29,15,34,4,82,0,0,19,0,19,29,15,53,4,101,12,0,12,113
09/05/2020,MAF,TX,ASW,CE,Combined TRACON& Tower with Radar,22,9,8,1,40,0,0,9,1,10,22,9,17,2,50,6,0,6,56
09/06/2020,MAF,TX,ASW,CE,Combined TRACON& Tower with Radar,21,4,8,0,33,0,0,15,0,15,21,4,23,0,48,0,0,0,48
09/07/2020,MAF,TX,ASW,CE,Combined TRACON& Tower with Radar,24,12,37,0,73,0,3,22,2,27,24,15,59,2,100,28,0,28,128
09/08/2020,MAF,TX,ASW,CE,Combined TRACON& Tower with Radar,29,10,28,11,78,0,0,21,1,22,29,10,49,12,100,0,0,0,100
09/09/2020,MAF,TX,ASW,CE,Combined TRACON& Tower with Radar,31,21,35,53,140,0,0,6,1,7,31,21,41,54,147,0,20,20,167
09/10/2020,MAF,TX,ASW,CE,Combined TRACON& Tower with Radar,32,15,54,11,112,0,0,1,0,1,32,15,55,11,113,0,0,0,113
09/11/2020,MAF,TX,ASW,CE,Combined TRACON& Tower with Radar,33,15,38,16,102,0,1,19,7,27,33,16,57,23,129,2,16,18,147
09/12/2020,MAF,TX,ASW,CE,Combined TRACON& Tower with Radar,25,12,15,0,52,0,0,14,0,14,25,12,29,0,66,24,0,24,90
09/13/2020,MAF,TX,ASW,CE,Combined TRACON& Tower with Radar,28,10,25,0,63,0,0,8,7,15,28,10,33,7,78,8,0,8,86
09/14/2020,MAF,TX,ASW,CE,Combined TRACON& Tower with Radar,30,11,24,19,84,0,3,21,8,32,30,14,45,27,116,4,62,66,182
09/15/2020,MAF,TX,ASW,CE,Combined TRACON& Tower with Radar,32,10,24,38,104,0,0,23,23,46,32,10,47,61,150,0,52,52,202
09/16/2020,MAF,TX,ASW,CE,Combined TRACON& Tower with Radar,33,19,45,40,137,0,0,34,7,41,33,19,79,47,178,14,88,102,280
09/17/2020,MAF,TX,ASW,CE,Combined TRACON& Tower with Radar,31,25,44,45,145,0,0,28,0,28,31,25,72,45,173,78,36,114,287
09/18/2020,MAF,TX,ASW,CE,Combined TRACON& Tower with Radar,31,17,42,47,137,0,0,26,1,27,31,17,68,48,164,26,23,49,213
09/19/2020,MAF,TX,ASW,CE,Combined TRACON& Tower with Radar,25,9,16,7,57,0,0,12,5,17,25,9,28,12,74,70,0,70,144
09/20/2020,MAF,TX,ASW,CE,Combined TRACON& Tower with Radar,30,12,40,4,86,0,0,13,2,15,30,12,53,6,101,8,0,8,109
09/21/2020,MAF,TX,ASW,CE,Combined TRACON& Tower with Radar,31,15,31,41,118,0,0,16,18,34,31,15,47,59,152,30,150,180,332
09/22/2020,MAF,TX,ASW,CE,Combined TRACON& Tower with Radar,35,16,27,95,173,0,1,27,33,61,35,17,54,128,234,10,130,140,374
09/23/2020,MAF,TX,ASW,CE,Combined TRACON& Tower with Radar,33,15,36,25,109,0,1,22,8,31,33,16,58,33,140,42,0,42,182
09/24/2020,MAF,TX,ASW,CE,Combined TRACON& Tower with Radar,31,16,50,48,145,0,0,34,6,40,31,16,84,54,185,66,8,74,259
09/25/2020,MAF,TX,ASW,CE,Combined TRACON& Tower with Radar,33,24,44,16,117,0,6,35,6,47,33,30,79,22,164,86,32,118,282
09/26/2020,MAF,TX,ASW,CE,Combined TRACON& Tower with Radar,26,12,34,6,78,0,2,24,1,27,26,14,58,7,105,10,0,10,115
09/27/2020,MAF,TX,ASW,CE,Combined TRACON& Tower with Radar,27,9,36,10,82,0,0,23,0,23,27,9,59,10,105,0,0,0,105
09/28/2020,MAF,TX,ASW,CE,Combined TRACON& Tower with Radar,29,9,26,19,83,0,0,12,7,19,29,9,38,26,102,0,56,56,158
09/29/2020,MAF,TX,ASW,CE,Combined TRACON& Tower with Radar,32,12,36,19,99,0,0,36,3,39,32,12,72,22,138,26,16,42,180
09/30/2020,MAF,TX,ASW,CE,Combined TRACON& Tower with Radar,31,28,28,50,137,0,1,34,10,45,31,29,62,60,182,69,4,73,255
10/01/2020,MAF,TX,ASW,CE,Combined TRACON& Tower with Radar,33,30,37,27,127,0,0,19,9,28,33,30,56,36,155,30,8,38,193
10/02/2020,MAF,TX,ASW,CE,Combined TRACON& Tower with Radar,33,16,20,47,116,0,4,26,12,42,33,20,46,59,158,26,52,78,236
10/03/2020,MAF,TX,ASW,CE,Combined TRACON& Tower with Radar,25,13,19,2,59,0,1,12,3,16,25,14,31,5,75,0,0,0,75
10/04/2020,MAF,TX,ASW,CE,Combined TRACON& Tower with Radar,28,10,31,5,74,0,0,21,1,22,28,10,52,6,96,56,0,56,152
10/05/2020,MAF,TX,ASW,CE,Combined TRACON& Tower with Radar,29,10,29,27,95,0,0,24,12,36,29,10,53,39,131,40,46,86,217
10/06/2020,MAF,TX,ASW,CE,Combined TRACON& Tower with Radar,31,19,34,45,129,0,0,34,16,50,31,19,68,61,179,0,66,66,245
10/07/2020,MAF,TX,ASW,CE,Combined TRACON& Tower with Radar,33,22,49,48,152,0,0,32,21,53,33,22,81,69,205,0,70,70,275
10/08/2020,MAF,TX,ASW,CE,Combined TRACON& Tower with Radar,33,17,43,33,126,0,2,34,8,44,33,19,77,41,170,32,5,37,207
10/09/2020,MAF,TX,ASW,CE,Combined TRACON& Tower with Radar,37,18,35,19,109,0,0,18,12,30,37,18,53,31,139,50,46,96,235
10/10/2020,MAF,TX,ASW,CE,Combined TRACON& Tower with Radar,21,8,20,6,55,0,0,14,2,16,21,8,34,8,71,58,0,58,129
10/11/2020,MAF,TX,ASW,CE,Combined TRACON& Tower with Radar,32,9,40,0,81,0,0,15,2,17,32,9,55,2,98,22,0,22,120
10/12/2020,MAF,TX,ASW,CE,Combined TRACON& Tower with Radar,34,18,24,17,93,0,0,17,1,18,34,18,41,18,111,0,0,0,111
10/13/2020,MAF,TX,ASW,CE,Combined TRACON& Tower with Radar,31,18,42,33,124,0,2,29,9,40,31,20,71,42,164,18,28,46,210
10/14/2020,MAF,TX,ASW,CE,Combined TRACON& Tower with Radar,31,19,28,31,109,0,2,32,6,40,31,21,60,37,149,18,30,48,197
10/15/2020,MAF,TX,ASW,CE,Combined TRACON& Tower with Radar,36,16,31,21,104,0,0,23,6,29,36,16,54,27,133,8,2,10,143
10/16/2020,MAF,TX,ASW,CE,Combined TRACON& Tower with Radar,34,14,32,45,125,0,0,28,19,47,34,14,60,64,172,4,10,14,186
10/17/2020,MAF,TX,ASW,CE,Combined TRACON& Tower with Radar,21,13,10,29,73,0,3,23,11,37,21,16,33,40,110,48,102,150,260
10/18/2020,MAF,TX,ASW,CE,Combined TRACON& Tower with Radar,32,9,25,5,71,0,0,23,6,29,32,9,48,11,100,16,6,22,122
10/19/2020,MAF,TX,ASW,CE,Combined TRACON& Tower with Radar,33,10,23,31,97,0,1,18,1,20,33,11,41,32,117,36,0,36,153
10/20/2020,MAF,TX,ASW,CE,Combined TRACON& Tower with Radar,32,18,32,78,160,0,0,35,15,50,32,18,67,93,210,14,10,24,234
10/21/2020,MAF,TX,ASW,CE,Combined TRACON& Tower with Radar,30,14,44,11,99,0,2,34,7,43,30,16,78,18,142,24,0,24,166
10/22/2020,MAF,TX,ASW,CE,Combined TRACON& Tower with Radar,30,15,25,22,92,0,0,27,12,39,30,15,52,34,131,2,10,12,143
10/23/2020,MAF,TX,ASW,CE,Combined TRACON& Tower with Radar,36,12,43,44,135,0,0,15,0,15,36,12,58,44,150,6,2,8,158
10/24/2020,MAF,TX,ASW,CE,Combined TRACON& Tower with Radar,21,8,26,16,71,0,1,18,1,20,21,9,44,17,91,28,0,28,119
10/25/2020,MAF,TX,ASW,CE,Combined TRACON& Tower with Radar,30,8,45,15,98,0,1,9,5,15,30,9,54,20,113,2,0,2,115
10/26/2020,MAF,TX,ASW,CE,Combined TRACON& Tower with Radar,26,9,34,0,69,0,0,0,0,0,26,9,34,0,69,0,0,0,69
10/27/2020,MAF,TX,ASW,CE,Combined TRACON& Tower with Radar,16,4,12,1,33,0,0,0,0,0,16,4,12,1,33,0,0,0,33
10/28/2020,MAF,TX,ASW,CE,Combined TRACON& Tower with Radar,32,20,34,23,109,0,2,14,8,24,32,22,48,31,133,0,5,5,138
10/29/2020,MAF,TX,ASW,CE,Combined TRACON& Tower with Radar,33,17,27,31,108,0,5,28,12,45,33,22,55,43,153,0,12,12,165
10/30/2020,MAF,TX,ASW,CE,Combined TRACON& Tower with Radar,34,12,32,26,104,0,1,20,3,24,34,13,52,29,128,4,4,8,136
10/31/2020,MAF,TX,ASW,CE,Combined TRACON& Tower with Radar,20,10,24,5,59,0,1,28,4,33,20,11,52,9,92,28,0,28,120
11/01/2020,MAF,TX,ASW,CE,Combined TRACON& Tower with Radar,30,5,22,14,71,0,0,14,3,17,30,5,36,17,88,0,14,14,102
11/02/2020,MAF,TX,ASW,CE,Combined TRACON& Tower with Radar,34,12,29,12,87,0,0,23,8,31,34,12,52,20,118,2,46,48,166
11/03/2020,MAF,TX,ASW,CE,Combined TRACON& Tower with Radar,30,17,26,13,86,0,4,39,2,45,30,21,65,15,131,12,46,58,189
11/04/2020,MAF,TX,ASW,CE,Combined TRACON& Tower with Radar,33,17,46,32,128,0,1,27,5,33,33,18,73,37,161,4,4,8,169
11/05/2020,MAF,TX,ASW,CE,Combined TRACON& Tower with Radar,40,17,26,5,88,0,0,24,6,30,40,17,50,11,118,10,0,10,128
11/06/2020,MAF,TX,ASW,CE,Combined TRACON& Tower with Radar,41,13,45,41,140,0,0,32,3,35,41,13,77,44,175,26,0,26,201
11/07/2020,MAF,TX,ASW,CE,Combined TRACON& Tower with Radar,31,8,15,0,54,0,0,6,2,8,31,8,21,2,62,8,0,8,70
11/08/2020,MAF,TX,ASW,CE,Combined TRACON& Tower with Radar,36,12,24,16,88,0,0,12,1,13,36,12,36,17,101,10,0,10,111
11/09/2020,MAF,TX,ASW,CE,Combined TRACON& Tower with Radar,36,14,23,27,100,0,5,16,5,26,36,19,39,32,126,7,140,147,273
11/10/2020,MAF,TX,ASW,CE,Combined TRACON& Tower with Radar,32,16,37,11,96,0,0,33,7,40,32,16,70,18,136,0,74,74,210
11/11/2020,MAF,TX,ASW,CE,Combined TRACON& Tower with Radar,32,19,32,2,85,0,0,32,0,32,32,19,64,2,117,0,0,0,117
11/12/2020,MAF,TX,ASW,CE,Combined TRACON& Tower with Radar,37,17,42,21,117,0,1,30,4,35,37,18,72,25,152,6,14,20,172
11/13/2020,MAF,TX,ASW,CE,Combined TRACON& Tower with Radar,38,13,22,27,100,0,0,15,4,19,38,13,37,31,119,0,0,0,119
11/14/2020,MAF,TX,ASW,CE,Combined TRACON& Tower with Radar,29,8,12,2,51,0,1,5,4,10,29,9,17,6,61,0,0,0,61
11/15/2020,MAF,TX,ASW,CE,Combined TRACON& Tower with Radar,38,11,29,28,106,0,0,16,15,31,38,11,45,43,137,4,16,20,157
11/16/2020,MAF,TX,ASW,CE,Combined TRACON& Tower with Radar,36,11,23,21,91,0,0,29,1,30,36,11,52,22,121,27,0,27,148
11/17/2020,MAF,TX,ASW,CE,Combined TRACON& Tower with Radar,33,18,34,18,103,0,1,37,2,40,33,19,71,20,143,4,22,26,169
11/18/2020,MAF,TX,ASW,CE,Combined TRACON& Tower with Radar,33,22,43,9,107,0,1,37,4,42,33,23,80,13,149,14,0,14,163
11/19/2020,MAF,TX,ASW,CE,Combined TRACON& Tower with Radar,38,16,22,17,93,0,0,38,6,44,38,16,60,23,137,2,4,6,143
11/20/2020,MAF,TX,ASW,CE,Combined TRACON& Tower with Radar,38,15,24,17,94,0,0,19,2,21,38,15,43,19,115,0,8,8,123
11/21/2020,MAF,TX,ASW,CE,Combined TRACON& Tower with Radar,35,12,24,3,74,0,4,13,1,18,35,16,37,4,92,0,0,0,92
11/22/2020,MAF,TX,ASW,CE,Combined TRACON& Tower with Radar,35,9,34,0,78,0,0,1,0,1,35,9,35,0,79,0,0,0,79
11/23/2020,MAF,TX,ASW,CE,Combined TRACON& Tower with Radar,28,17,32,3,80,0,0,2,0,2,28,17,34,3,82,0,0,0,82
11/24/2020,MAF,TX,ASW,CE,Combined TRACON& Tower with Radar,37,15,30,21,103,0,0,10,7,17,37,15,40,28,120,0,42,42,162
11/25/2020,MAF,TX,ASW,CE,Combined TRACON& Tower with Radar,35,17,37,8,97,0,0,36,10,46,35,17,73,18,143,0,36,36,179
11/26/2020,MAF,TX,ASW,CE,Combined TRACON& Tower with Radar,18,6,6,1,31,0,0,6,1,7,18,6,12,2,38,26,0,26,64
11/27/2020,MAF,TX,ASW,CE,Combined TRACON& Tower with Radar,30,14,21,0,65,0,0,8,0,8,30,14,29,0,73,0,0,0,73
11/28/2020,MAF,TX,ASW,CE,Combined TRACON& Tower with Radar,43,15,27,0,85,0,0,11,0,11,43,15,38,0,96,6,0,6,102
11/29/2020,MAF,TX,ASW,CE,Combined TRACON& Tower with Radar,38,7,34,0,79,0,0,8,0,8,38,7,42,0,87,0,0,0,87
11/30/2020,MAF,TX,ASW,CE,Combined TRACON& Tower with Radar,34,11,15,14,74,0,0,28,4,32,34,11,43,18,106,12,0,12,118
12/01/2020,MAF,TX,ASW,CE,Combined TRACON& Tower with Radar,38,12,29,19,98,0,0,33,2,35,38,12,62,21,133,4,0,4,137
12/02/2020,MAF,TX,ASW,CE,Combined TRACON& Tower with Radar,31,18,39,20,108,0,0,19,7,26,31,18,58,27,134,10,18,28,162
12/03/2020,MAF,TX,ASW,CE,Combined TRACON& Tower with Radar,34,16,30,35,115,0,0,24,5,29,34,16,54,40,144,0,6,6,150
12/04/2020,MAF,TX,ASW,CE,Combined TRACON& Tower with Radar,36,15,24,13,88,0,0,37,2,39,36,15,61,15,127,16,0,16,143
12/05/2020,MAF,TX,ASW,CE,Combined TRACON& Tower with Radar,27,14,17,8,66,0,0,13,5,18,27,14,30,13,84,0,0,0,84
12/06/2020,MAF,TX,ASW,CE,Combined TRACON& Tower with Radar,34,6,8,14,62,0,0,20,2,22,34,6,28,16,84,16,10,26,110
12/07/2020,MAF,TX,ASW,CE,Combined TRACON& Tower with Radar,34,8,20,23,85,0,0,30,4,34,34,8,50,27,119,26,18,44,163
12/08/2020,MAF,TX,ASW,CE,Combined TRACON& Tower with Radar,31,14,32,6,83,0,2,24,1,27,31,16,56,7,110,0,0,0,110
12/09/2020,MAF,TX,ASW,CE,Combined TRACON& Tower with Radar,30,15,29,11,85,0,0,44,3,47,30,15,73,14,132,0,6,6,138
12/10/2020,MAF,TX,ASW,CE,Combined TRACON& Tower with Radar,36,22,40,12,110,0,0,31,2,33,36,22,71,14,143,0,0,0,143
12/11/2020,MAF,TX,ASW,CE,Combined TRACON& Tower with Radar,36,12,15,38,101,0,1,30,3,34,36,13,45,41,135,0,0,0,135
12/12/2020,MAF,TX,ASW,CE,Combined TRACON& Tower with Radar,27,13,13,2,55,0,0,51,1,52,27,13,64,3,107,38,22,60,167
12/13/2020,MAF,TX,ASW,CE,Combined TRACON& Tower with Radar,32,9,24,25,90,0,0,27,0,27,32,9,51,25,117,0,0,0,117
12/14/2020,MAF,TX,ASW,CE,Combined TRACON& Tower with Radar,34,10,30,23,97,0,4,33,2,39,34,14,63,25,136,0,44,44,180
12/15/2020,MAF,TX,ASW,CE,Combined TRACON& Tower with Radar,32,18,26,10,86,0,0,38,4,42,32,18,64,14,128,0,0,0,128
12/16/2020,MAF,TX,ASW,CE,Combined TRACON& Tower with Radar,30,15,47,7,99,0,0,68,3,71,30,15,115,10,170,0,0,0,170
12/17/2020,MAF,TX,ASW,CE,Combined TRACON& Tower with Radar,37,19,44,10,110,0,0,79,6,85,37,19,123,16,195,26,6,32,227
12/18/2020,MAF,TX,ASW,CE,Combined TRACON& Tower with Radar,38,17,19,24,98,0,1,44,13,58,38,18,63,37,156,0,98,98,254
12/19/2020,MAF,TX,ASW,CE,Combined TRACON& Tower with Radar,33,14,13,8,68,0,1,43,4,48,33,15,56,12,116,0,0,0,116
12/20/2020,MAF,TX,ASW,CE,Combined TRACON& Tower with Radar,34,7,39,0,80,0,0,38,0,38,34,7,77,0,118,0,0,0,118
12/21/2020,MAF,TX,ASW,CE,Combined TRACON& Tower with Radar,37,8,13,1,59,0,0,49,1,50,37,8,62,2,109,0,14,14,123
12/22/2020,MAF,TX,ASW,CE,Combined TRACON& Tower with Radar,39,13,29,15,96,0,3,57,1,61,39,16,86,16,157,0,4,4,161
12/23/2020,MAF,TX,ASW,CE,Combined TRACON& Tower with Radar,34,15,26,2,77,0,0,30,0,30,34,15,56,2,107,0,0,0,107
12/24/2020,MAF,TX,ASW,CE,Combined TRACON& Tower with Radar,29,14,10,0,53,0,0,23,0,23,29,14,33,0,76,14,0,14,90
12/25/2020,MAF,TX,ASW,CE,Combined TRACON& Tower with Radar,22,4,5,0,31,0,0,9,0,9,22,4,14,0,40,10,0,10,50
12/26/2020,MAF,TX,ASW,CE,Combined TRACON& Tower with Radar,32,10,33,1,76,0,0,22,1,23,32,10,55,2,99,20,0,20,119
12/27/2020,MAF,TX,ASW,CE,Combined TRACON& Tower with Radar,32,5,37,0,74,0,2,30,0,32,32,7,67,0,106,14,0,14,120
12/28/2020,MAF,TX,ASW,CE,Combined TRACON& Tower with Radar,37,7,23,0,67,0,1,24,0,25,37,8,47,0,92,0,0,0,92
12/29/2020,MAF,TX,ASW,CE,Combined TRACON& Tower with Radar,45,14,35,1,95,0,0,17,1,18,45,14,52,2,113,0,0,0,113
12/30/2020,MAF,TX,ASW,CE,Combined TRACON& Tower with Radar,32,27,16,0,75,0,0,0,0,0,32,27,16,0,75,0,0,0,75
12/31/2020,MAF,TX,ASW,CE,Combined TRACON& Tower with Radar,23,9,8,0,40,0,0,0,0,0,23,9,8,0,40,0,0,0,40
01/01/2021,MAF,TX,ASW,CE,Combined TRACON& Tower with Radar,27,7,13,0,47,0,0,9,0,9,27,7,22,0,56,0,0,0,56
01/02/2021,MAF,TX,ASW,CE,Combined TRACON& Tower with Radar,31,7,24,0,62,0,0,21,0,21,31,7,45,0,83,50,0,50,133
01/03/2021,MAF,TX,ASW,CE,Combined TRACON& Tower with Radar,32,5,26,0,63,0,0,20,0,20,32,5,46,0,83,36,0,36,119
01/04/2021,MAF,TX,ASW,CE,Combined TRACON& Tower with Radar,36,10,28,2,76,0,0,16,0,16,36,10,44,2,92,14,0,14,106
01/05/2021,MAF,TX,ASW,CE,Combined TRACON& Tower with Radar,35,15,22,7,79,0,0,31,0,31,35,15,53,7,110,0,0,0,110
01/06/2021,MAF,TX,ASW,CE,Combined TRACON& Tower with Radar,37,16,24,27,104,0,2,16,8,26,37,18,40,35,130,2,36,38,168
01/07/2021,MAF,TX,ASW,CE,Combined TRACON& Tower with Radar,33,15,24,7,79,0,0,24,5,29,33,15,48,12,108,0,0,0,108
01/08/2021,MAF,TX,ASW,CE,Combined TRACON& Tower with Radar,38,15,30,17,100,0,0,6,0,6,38,15,36,17,106,0,0,0,106
01/09/2021,MAF,TX,ASW,CE,Combined TRACON& Tower with Radar,28,10,14,0,52,0,0,0,0,0,28,10,14,0,52,0,0,0,52
01/10/2021,MAF,TX,ASW,CE,Combined TRACON& Tower with Radar,21,6,13,0,40,0,0,0,0,0,21,6,13,0,40,0,0,0,40
01/11/2021,MAF,TX,ASW,CE,Combined TRACON& Tower with Radar,33,13,31,62,139,0,0,7,7,14,33,13,38,69,153,0,36,36,189
01/12/2021,MAF,TX,ASW,CE,Combined TRACON& Tower with Radar,35,14,29,1,79,0,1,25,2,28,35,15,54,3,107,0,0,0,107
01/13/2021,MAF,TX,ASW,CE,Combined TRACON& Tower with Radar,37,15,44,7,103,0,0,24,0,24,37,15,68,7,127,0,0,0,127
01/14/2021,MAF,TX,ASW,CE,Combined TRACON& Tower with Radar,34,9,36,2,81,0,0,17,2,19,34,9,53,4,100,0,0,0,100
01/15/2021,MAF,TX,ASW,CE,Combined TRACON& Tower with Radar,36,15,22,8,81,0,0,18,7,25,36,15,40,15,106,32,46,78,184
01/16/2021,MAF,TX,ASW,CE,Combined TRACON& Tower with Radar,27,7,18,0,52,0,0,20,0,20,27,7,38,0,72,13,0,13,85
01/17/2021,MAF,TX,ASW,CE,Combined TRACON& Tower with Radar,34,4,16,6,60,0,0,21,2,23,34,4,37,8,83,14,0,14,97
01/18/2021,MAF,TX,ASW,CE,Combined TRACON& Tower with Radar,33,9,30,0,72,0,0,25,0,25,33,9,55,0,97,14,0,14,111
01/19/2021,MAF,TX,ASW,CE,Combined TRACON& Tower with Radar,34,17,46,24,121,0,0,21,0,21,34,17,67,24,142,14,0,14,156
01/20/2021,MAF,TX,ASW,CE,Combined TRACON& Tower with Radar,38,13,31,7,89,0,0,16,0,16,38,13,47,7,105,0,0,0,105
01/21/2021,MAF,TX,ASW,CE,Combined TRACON& Tower with Radar,38,9,50,34,131,0,0,20,13,33,38,9,70,47,164,8,42,50,214
01/22/2021,MAF,TX,ASW,CE,Combined TRACON& Tower with Radar,39,10,24,91,164,0,0,30,30,60,39,10,54,121,224,2,262,264,488
01/23/2021,MAF,TX,ASW,CE,Combined TRACON& Tower with Radar,28,8,23,1,60,0,0,12,3,15,28,8,35,4,75,48,0,48,123
01/24/2021,MAF,TX,ASW,CE,Combined TRACON& Tower with Radar,34,4,25,13,76,0,0,12,0,12,34,4,37,13,88,22,0,22,110
01/25/2021,MAF,TX,ASW,CE,Combined TRACON& Tower with Radar,35,10,29,12,86,0,0,35,11,46,35,10,64,23,132,2,18,20,152
01/26/2021,MAF,TX,ASW,CE,Combined TRACON& Tower with Radar,34,11,40,13,98,0,0,19,1,20,34,11,59,14,118,0,0,0,118
01/27/2021,MAF,TX,ASW,CE,Combined TRACON& Tower with Radar,34,14,45,24,117,0,1,31,20,52,34,15,76,44,169,0,54,54,223
01/28/2021,MAF,TX,ASW,CE,Combined TRACON& Tower with Radar,34,15,29,19,97,0,0,29,7,36,34,15,58,26,133,12,48,60,193
01/29/2021,MAF,TX,ASW,CE,Combined TRACON& Tower with Radar,35,15,21,21,92,0,1,27,2,30,35,16,48,23,122,56,32,88,210
01/30/2021,MAF,TX,ASW,CE,Combined TRACON& Tower with Radar,24,5,9,2,40,0,0,8,8,16,24,5,17,10,56,0,38,38,94
01/31/2021,MAF,TX,ASW,CE,Combined TRACON& Tower with Radar,33,5,23,11,72,0,0,23,1,24,33,5,46,12,96,0,24,24,120
02/01/2021,MAF,TX,ASW,CE,Combined TRACON& Tower with Radar,33,9,34,40,116,0,1,28,4,33,33,10,62,44,149,2,112,114,263
02/02/2021,MAF,TX,ASW,CE,Combined TRACON& Tower with Radar,34,15,25,22,96,0,0,28,15,43,34,15,53,37,139,0,68,68,207
02/03/2021,MAF,TX,ASW,CE,Combined TRACON& Tower with Radar,36,15,30,25,106,0,0,32,8,40,36,15,62,33,146,6,18,24,170
02/04/2021,MAF,TX,ASW,CE,Combined TRACON& Tower with Radar,36,21,41,11,109,0,0,27,8,35,36,21,68,19,144,0,22,22,166
02/05/2021,MAF,TX,ASW,CE,Combined TRACON& Tower with Radar,38,14,28,38,118,0,0,37,11,48,38,14,65,49,166,8,26,34,200
02/06/2021,MAF,TX,ASW,CE,Combined TRACON& Tower with Radar,25,5,12,28,70,0,0,23,7,30,25,5,35,35,100,8,8,16,116
02/07/2021,MAF,TX,ASW,CE,Combined TRACON& Tower with Radar,34,4,16,10,64,0,1,17,0,18,34,5,33,10,82,0,0,0,82
02/08/2021,MAF,TX,ASW,CE,Combined TRACON& Tower with Radar,35,7,31,36,109,0,2,23,16,41,35,9,54,52,150,0,74,74,224
02/09/2021,MAF,TX,ASW,CE,Combined TRACON& Tower with Radar,36,19,30,13,98,0,0,15,7,22,36,19,45,20,120,0,48,48,168
02/10/2021,MAF,TX,ASW,CE,Combined TRACON& Tower with Radar,35,20,20,0,75,0,0,9,0,9,35,20,29,0,84,0,0,0,84
02/11/2021,MAF,TX,ASW,CE,Combined TRACON& Tower with Radar,40,15,25,6,86,0,0,0,0,0,40,15,25,6,86,0,0,0,86
02/12/2021,MAF,TX,ASW,CE,Combined TRACON& Tower with Radar,37,22,15,6,80,0,0,0,0,0,37,22,15,6,80,0,0,0,80
02/13/2021,MAF,TX,ASW,CE,Combined TRACON& Tower with Radar,22,6,7,0,35,0,0,0,0,0,22,6,7,0,35,0,0,0,35
02/14/2021,MAF,TX,ASW,CE,Combined TRACON& Tower with Radar,4,0,2,0,6,0,0,0,0,0,4,0,2,0,6,0,0,0,6
02/15/2021,MAF,TX,ASW,CE,Combined TRACON& Tower with Radar,1,3,17,0,21,0,0,7,1,8,1,3,24,1,29,0,0,0,29
02/16/2021,MAF,TX,ASW,CE,Combined TRACON& Tower with Radar,6,8,9,0,23,0,0,2,0,2,6,8,11,0,25,0,0,0,25
02/17/2021,MAF,TX,ASW,CE,Combined TRACON& Tower with Radar,5,4,12,2,23,0,0,6,0,6,5,4,18,2,29,0,0,0,29
02/18/2021,MAF,TX,ASW,CE,Combined TRACON& Tower with Radar,17,10,13,0,40,0,0,3,2,5,17,10,16,2,45,0,0,0,45
02/19/2021,MAF,TX,ASW,CE,Combined TRACON& Tower with Radar,35,19,36,19,109,0,0,30,0,30,35,19,66,19,139,38,0,38,177
02/20/2021,MAF,TX,ASW,CE,Combined TRACON& Tower with Radar,25,10,18,0,53,0,0,29,3,32,25,10,47,3,85,34,0,34,119
02/21/2021,MAF,TX,ASW,CE,Combined TRACON& Tower with Radar,34,7,23,14,78,0,0,16,0,16,34,7,39,14,94,10,0,10,104
02/22/2021,MAF,TX,ASW,CE,Combined TRACON& Tower with Radar,35,10,24,26,95,0,3,33,3,39,35,13,57,29,134,0,16,16,150
02/23/2021,MAF,TX,ASW,CE,Combined TRACON& Tower with Radar,36,21,27,7,91,0,0,34,4,38,36,21,61,11,129,14,0,14,143
02/24/2021,MAF,TX,ASW,CE,Combined TRACON& Tower with Radar,34,24,53,34,145,0,1,25,4,30,34,25,78,38,175,0,30,30,205
02/25/2021,MAF,TX,ASW,CE,Combined TRACON& Tower with Radar,33,26,37,28,124,0,0,12,2,14,33,26,49,30,138,0,20,20,158
02/26/2021,MAF,TX,ASW,CE,Combined TRACON& Tower with Radar,41,20,41,72,174,0,1,30,28,59,41,21,71,100,233,2,78,80,313
02/27/2021,MAF,TX,ASW,CE,Combined TRACON& Tower with Radar,25,6,9,9,49,0,0,18,1,19,25,6,27,10,68,26,0,26,94
02/28/2021,MAF,TX,ASW,CE,Combined TRACON& Tower with Radar,29,9,24,4,66,0,0,13,0,13,29,9,37,4,79,15,2,17,96
03/01/2021,MAF,TX,ASW,CE,Combined TRACON& Tower with Radar,34,16,13,20,83,0,0,13,3,16,34,16,26,23,99,0,30,30,129
03/02/2021,MAF,TX,ASW,CE,Combined TRACON& Tower with Radar,38,18,46,24,126,0,0,31,7,38,38,18,77,31,164,4,48,52,216
03/03/2021,MAF,TX,ASW,CE,Combined TRACON& Tower with Radar,34,27,38,11,110,0,0,38,10,48,34,27,76,21,158,7,58,65,223
03/04/2021,MAF,TX,ASW,CE,Combined TRACON& Tower with Radar,40,31,35,17,123,0,0,28,5,33,40,31,63,22,156,0,12,12,168
03/05/2021,MAF,TX,ASW,CE,Combined TRACON& Tower with Radar,39,25,32,33,129,0,0,9,2,11,39,25,41,35,140,0,0,0,140
03/06/2021,MAF,TX,ASW,CE,Combined TRACON& Tower with Radar,25,18,17,0,60,0,0,44,1,45,25,18,61,1,105,18,0,18,123
03/07/2021,MAF,TX,ASW,CE,Combined TRACON& Tower with Radar,39,9,25,28,101,0,0,8,7,15,39,9,33,35,116,0,0,0,116
03/08/2021,MAF,TX,ASW,CE,Combined TRACON& Tower with Radar,39,20,24,13,96,0,0,25,3,28,39,20,49,16,124,2,56,58,182
03/09/2021,MAF,TX,ASW,CE,Combined TRACON& Tower with Radar,38,28,26,30,122,0,0,26,7,33,38,28,52,37,155,12,66,78,233
03/10/2021,MAF,TX,ASW,CE,Combined TRACON& Tower with Radar,38,24,49,23,134,0,0,43,9,52,38,24,92,32,186,34,50,84,270
03/11/2021,MAF,TX,ASW,CE,Combined TRACON& Tower with Radar,40,16,46,23,125,0,3,27,1,31,40,19,73,24,156,5,10,15,171
03/12/2021,MAF,TX,ASW,CE,Combined TRACON& Tower with Radar,34,8,33,10,85,0,0,13,2,15,34,8,46,12,100,0,9,9,109
03/13/2021,MAF,TX,ASW,CE,Combined TRACON& Tower with Radar,29,20,17,5,71,0,1,10,0,11,29,21,27,5,82,0,0,0,82
03/14/2021,MAF,TX,ASW,CE,Combined TRACON& Tower with Radar,38,13,20,3,74,0,0,6,0,6,38,13,26,3,80,0,0,0,80
03/15/2021,MAF,TX,ASW,CE,Combined TRACON& Tower with Radar,39,9,46,3,97,0,0,34,5,39,39,9,80,8,136,0,0,0,136
03/16/2021,MAF,TX,ASW,CE,Combined TRACON& Tower with Radar,38,15,33,3,89,0,0,36,1,37,38,15,69,4,126,0,0,0,126
03/17/2021,MAF,TX,ASW,CE,Combined TRACON& Tower with Radar,33,23,30,9,95,0,0,14,2,16,33,23,44,11,111,0,14,14,125
03/18/2021,MAF,TX,ASW,CE,Combined TRACON& Tower with Radar,42,15,39,16,112,0,0,39,8,47,42,15,78,24,159,12,110,122,281
03/19/2021,MAF,TX,ASW,CE,Combined TRACON& Tower with Radar,46,16,30,13,105,0,0,20,4,24,46,16,50,17,129,0,2,2,131
03/20/2021,MAF,TX,ASW,CE,Combined TRACON& Tower with Radar,35,10,20,11,76,0,1,16,5,22,35,11,36,16,98,0,48,48,146
03/21/2021,MAF,TX,ASW,CE,Combined TRACON& Tower with Radar,40,13,21,0,74,0,0,16,0,16,40,13,37,0,90,12,0,12,102
03/22/2021,MAF,TX,ASW,CE,Combined TRACON& Tower with Radar,43,18,9,7,77,0,0,14,0,14,43,18,23,7,91,0,0,0,91
03/23/2021,MAF,TX,ASW,CE,Combined TRACON& Tower with Radar,38,14,35,26,113,0,1,26,6,33,38,15,61,32,146,0,20,20,166
03/24/2021,MAF,TX,ASW,CE,Combined TRACON& Tower with Radar,40,18,43,70,171,0,0,32,25,57,40,18,75,95,228,0,44,44,272
03/25/2021,MAF,TX,ASW,CE,Combined TRACON& Tower with Radar,40,18,28,23,109,0,0,37,9,46,40,18,65,32,155,34,76,110,265
03/26/2021,MAF,TX,ASW,CE,Combined TRACON& Tower with Radar,42,15,41,27,125,0,0,35,8,43,42,15,76,35,168,20,64,84,252
03/27/2021,MAF,TX,ASW,CE,Combined TRACON& Tower with Radar,28,14,16,2,60,0,2,11,0,13,28,16,27,2,73,6,0,6,79
03/28/2021,MAF,TX,ASW,CE,Combined TRACON& Tower with Radar,37,10,20,9,76,0,0,12,1,13,37,10,32,10,89,0,0,0,89
03/29/2021,MAF,TX,ASW,CE,Combined TRACON& Tower with Radar,39,16,26,13,94,0,0,19,3,22,39,16,45,16,116,0,0,0,116
03/30/2021,MAF,TX,ASW,CE,Combined TRACON& Tower with Radar,42,19,46,2,109,0,0,24,3,27,42,19,70,5,136,0,0,0,136
03/31/2021,MAF,TX,ASW,CE,Combined TRACON& Tower with Radar,40,16,37,22,115,0,1,35,6,42,40,17,72,28,157,4,35,39,196
04/01/2021,MAF,TX,ASW,CE,Combined TRACON& Tower with Radar,40,22,54,59,175,0,0,15,2,17,40,22,69,61,192,0,49,49,241
04/02/2021,MAF,TX,ASW,CE,Combined TRACON& Tower with Radar,41,16,22,24,103,0,2,18,3,23,41,18,40,27,126,40,0,40,166
04/03/2021,MAF,TX,ASW,CE,Combined TRACON& Tower with Radar,31,8,13,3,55,0,0,6,3,9,31,8,19,6,64,12,0,12,76
04/04/2021,MAF,TX,ASW,CE,Combined TRACON& Tower with Radar,35,7,33,21,96,0,0,5,0,5,35,7,38,21,101,0,0,0,101
04/05/2021,MAF,TX,ASW,CE,Combined TRACON& Tower with Radar,39,8,25,21,93,0,0,14,7,21,39,8,39,28,114,0,12,12,126
04/06/2021,MAF,TX,ASW,CE,Combined TRACON& Tower with Radar,38,22,29,19,108,0,0,20,0,20,38,22,49,19,128,0,0,0,128
04/07/2021,MAF,TX,ASW,CE,Combined TRACON& Tower with Radar,38,22,59,25,144,0,2,31,2,35,38,24,90,27,179,21,20,41,220
04/08/2021,MAF,TX,ASW,CE,Combined TRACON& Tower with Radar,40,24,36,14,114,0,0,22,5,27,40,24,58,19,141,12,24,36,177
04/09/2021,MAF,TX,ASW,CE,Combined TRACON& Tower with Radar,42,16,30,33,121,0,0,26,2,28,42,16,56,35,149,12,0,12,161
04/10/2021,MAF,TX,ASW,CE,Combined TRACON& Tower with Radar,35,11,13,7,66,0,0,14,0,14,35,11,27,7,80,22,0,22,102
04/11/2021,MAF,TX,ASW,CE,Combined TRACON& Tower with Radar,39,14,26,15,94,0,0,17,3,20,39,14,43,18,114,0,0,0,114
04/12/2021,MAF,TX,ASW,CE,Combined TRACON& Tower with Radar,37,15,20,41,113,0,1,24,6,31,37,16,44,47,144,6,4,10,154
04/13/2021,MAF,TX,ASW,CE,Combined TRACON& Tower with Radar,40,15,32,49,136,0,0,14,5,19,40,15,46,54,155,0,8,8,163
04/14/2021,MAF,TX,ASW,CE,Combined TRACON& Tower with Radar,36,20,46,30,132,0,0,12,2,14,36,20,58,32,146,0,0,0,146
04/15/2021,MAF,TX,ASW,CE,Combined TRACON& Tower with Radar,46,22,30,0,98,0,0,0,0,0,46,22,30,0,98,0,0,0,98
04/16/2021,MAF,TX,ASW,CE,Combined TRACON& Tower with Radar,36,21,32,58,147,0,0,5,3,8,36,21,37,61,155,20,24,44,199
04/17/2021,MAF,TX,ASW,CE,Combined TRACON& Tower with Radar,38,10,16,8,72,0,0,11,0,11,38,10,27,8,83,0,0,0,83
04/18/2021,MAF,TX,ASW,CE,Combined TRACON& Tower with Radar,34,12,33,25,104,0,0,18,7,25,34,12,51,32,129,18,4,22,151
04/19/2021,MAF,TX,ASW,CE,Combined TRACON& Tower with Radar,37,13,24,28,102,0,0,38,6,44,37,13,62,34,146,18,35,53,199
04/20/2021,MAF,TX,ASW,CE,Combined TRACON& Tower with Radar,38,20,35,15,108,0,0,26,0,26,38,20,61,15,134,0,0,0,134
04/21/2021,MAF,TX,ASW,CE,Combined TRACON& Tower with Radar,38,23,44,53,158,0,0,31,11,42,38,23,75,64,200,0,33,33,233
04/22/2021,MAF,TX,ASW,CE,Combined TRACON& Tower with Radar,42,17,34,46,139,0,0,19,4,23,42,17,53,50,162,8,13,21,183
04/23/2021,MAF,TX,ASW,CE,Combined TRACON& Tower with Radar,44,15,13,56,128,0,0,22,12,34,44,15,35,68,162,16,152,168,330
04/24/2021,MAF,TX,ASW,CE,Combined TRACON& Tower with Radar,35,9,15,39,98,0,1,22,6,29,35,10,37,45,127,18,7,25,152
04/25/2021,MAF,TX,ASW,CE,Combined TRACON& Tower with Radar,36,8,33,4,81,0,1,18,0,19,36,9,51,4,100,0,0,0,100
04/26/2021,MAF,TX,ASW,CE,Combined TRACON& Tower with Radar,40,14,32,52,138,0,0,22,21,43,40,14,54,73,181,8,38,46,227
04/27/2021,MAF,TX,ASW,CE,Combined TRACON& Tower with Radar,36,24,41,10,111,0,0,32,0,32,36,24,73,10,143,0,0,0,143
04/28/2021,MAF,TX,ASW,CE,Combined TRACON& Tower with Radar,36,17,63,36,152,0,0,13,3,16,36,17,76,39,168,0,0,0,168
04/29/2021,MAF,TX,ASW,CE,Combined TRACON& Tower with Radar,42,26,51,31,150,0,0,7,0,7,42,26,58,31,157,0,0,0,157
04/30/2021,MAF,TX,ASW,CE,Combined TRACON& Tower with Radar,41,19,28,28,116,0,0,16,0,16,41,19,44,28,132,28,22,50,182
05/01/2021,MAF,TX,ASW,CE,Combined TRACON& Tower with Radar,35,11,14,2,62,0,0,11,1,12,35,11,25,3,74,32,0,32,106
05/02/2021,MAF,TX,ASW,CE,Combined TRACON& Tower with Radar,33,10,41,10,94,0,0,18,2,20,33,10,59,12,114,3,0,3,117
05/03/2021,MAF,TX,ASW,CE,Combined TRACON& Tower with Radar,39,11,30,13,93,0,0,29,0,29,39,11,59,13,122,0,4,4,126
05/04/2021,MAF,TX,ASW,CE,Combined TRACON& Tower with Radar,37,20,39,16,112,0,0,16,5,21,37,20,55,21,133,18,52,70,203
05/05/2021,MAF,TX,ASW,CE,Combined TRACON& Tower with Radar,39,22,35,12,108,0,0,22,5,27,39,22,57,17,135,0,0,0,135
05/06/2021,MAF,TX,ASW,CE,Combined TRACON& Tower with Radar,44,27,42,16,129,0,2,17,4,23,44,29,59,20,152,0,6,6,158
05/07/2021,MAF,TX,ASW,CE,Combined TRACON& Tower with Radar,43,18,23,10,94,0,0,12,1,13,43,18,35,11,107,0,0,0,107
05/08/2021,MAF,TX,ASW,CE,Combined TRACON& Tower with Radar,36,14,9,0,59,0,0,20,2,22,36,14,29,2,81,14,0,14,95
05/09/2021,MAF,TX,ASW,CE,Combined TRACON& Tower with Radar,38,22,24,3,87,0,0,12,0,12,38,22,36,3,99,14,0,14,113
05/10/2021,MAF,TX,ASW,CE,Combined TRACON& Tower with Radar,42,18,32,26,118,0,0,5,0,5,42,18,37,26,123,0,0,0,123
05/11/2021,MAF,TX,ASW,CE,Combined TRACON& Tower with Radar,47,16,38,2,103,0,0,7,0,7,47,16,45,2,110,0,0,0,110
05/12/2021,MAF,TX,ASW,CE,Combined TRACON& Tower with Radar,38,18,54,93,203,0,0,23,10,33,38,18,77,103,236,24,114,138,374
05/13/2021,MAF,TX,ASW,CE,Combined TRACON& Tower with Radar,42,18,45,12,117,0,0,32,2,34,42,18,77,14,151,0,0,0,151
05/14/2021,MAF,TX,ASW,CE,Combined TRACON& Tower with Radar,41,22,36,37,136,0,1,37,2,40,41,23,73,39,176,6,0,6,182
05/15/2021,MAF,TX,ASW,CE,Combined TRACON& Tower with Radar,36,13,17,3,69,0,0,13,3,16,36,13,30,6,85,14,0,14,99
05/16/2021,MAF,TX,ASW,CE,Combined TRACON& Tower with Radar,37,11,30,6,84,0,0,12,7,19,37,11,42,13,103,0,0,0,103
05/17/2021,MAF,TX,ASW,CE,Combined TRACON& Tower with Radar,40,14,34,27,115,0,0,8,3,11,40,14,42,30,126,16,14,30,156
05/18/2021,MAF,TX,ASW,CE,Combined TRACON& Tower with Radar,36,20,36,127,219,0,0,22,5,27,36,20,58,132,246,14,89,103,349
05/19/2021,MAF,TX,ASW,CE,Combined TRACON& Tower with Radar,46,15,54,81,196,0,0,14,7,21,46,15,68,88,217,12,62,74,291
05/20/2021,MAF,TX,ASW,CE,Combined TRACON& Tower with Radar,42,36,47,44,169,0,2,36,22,60,42,38,83,66,229,0,18,18,247
05/21/2021,MAF,TX,ASW,CE,Combined TRACON& Tower with Radar,47,16,26,53,142,0,3,14,8,25,47,19,40,61,167,44,0,44,211
05/22/2021,MAF,TX,ASW,CE,Combined TRACON& Tower with Radar,42,16,19,14,91,0,0,4,7,11,42,16,23,21,102,10,4,14,116
05/23/2021,MAF,TX,ASW,CE,Combined TRACON& Tower with Radar,49,10,18,32,109,0,3,5,2,10,49,13,23,34,119,0,0,0,119
05/24/2021,MAF,TX,ASW,CE,Combined TRACON& Tower with Radar,42,16,34,64,156,0,0,12,21,33,42,16,46,85,189,26,94,120,309
05/25/2021,MAF,TX,ASW,CE,Combined TRACON& Tower with Radar,37,29,36,44,146,0,1,18,14,33,37,30,54,58,179,1,92,93,272
05/26/2021,MAF,TX,ASW,CE,Combined TRACON& Tower with Radar,39,21,74,16,150,0,1,26,3,30,39,22,100,19,180,0,16,16,196
05/27/2021,MAF,TX,ASW,CE,Combined TRACON& Tower with Radar,41,33,42,17,133,0,2,29,16,47,41,35,71,33,180,50,98,148,328
05/28/2021,MAF,TX,ASW,CE,Combined TRACON& Tower with Radar,42,17,36,34,129,0,0,2,1,3,42,17,38,35,132,52,0,52,184
05/29/2021,MAF,TX,ASW,CE,Combined TRACON& Tower with Radar,41,14,28,18,101,0,0,18,2,20,41,14,46,20,121,38,0,38,159
05/30/2021,MAF,TX,ASW,CE,Combined TRACON& Tower with Radar,41,3,17,11,72,0,0,6,1,7,41,3,23,12,79,0,0,0,79
05/31/2021,MAF,TX,ASW,CE,Combined TRACON& Tower with Radar,38,7,22,0,67,0,0,3,0,3,38,7,25,0,70,0,0,0,70
06/01/2021,MAF,TX,ASW,CE,Combined TRACON& Tower with Radar,39,21,32,49,141,0,0,9,3,12,39,21,41,52,153,0,30,30,183
06/02/2021,MAF,TX,ASW,CE,Combined TRACON& Tower with Radar,37,31,51,61,180,0,1,21,20,42,37,32,72,81,222,0,110,110,332
06/03/2021,MAF,TX,ASW,CE,Combined TRACON& Tower with Radar,41,28,40,47,156,0,1,18,0,19,41,29,58,47,175,24,8,32,207
06/04/2021,MAF,TX,ASW,CE,Combined TRACON& Tower with Radar,43,18,24,73,158,0,0,24,5,29,43,18,48,78,187,68,0,68,255
06/05/2021,MAF,TX,ASW,CE,Combined TRACON& Tower with Radar,33,17,19,47,116,0,0,21,2,23,33,17,40,49,139,14,0,14,153
06/06/2021,MAF,TX,ASW,CE,Combined TRACON& Tower with Radar,39,17,29,20,105,0,0,11,0,11,39,17,40,20,116,4,0,4,120
06/07/2021,MAF,TX,ASW,CE,Combined TRACON& Tower with Radar,41,10,44,135,230,0,0,15,22,37,41,10,59,157,267,0,82,82,349
06/08/2021,MAF,TX,ASW,CE,Combined TRACON& Tower with Radar,46,13,48,14,121,0,1,17,3,21,46,14,65,17,142,0,0,0,142
06/09/2021,MAF,TX,ASW,CE,Combined TRACON& Tower with Radar,44,15,56,40,155,0,1,32,21,54,44,16,88,61,209,12,76,88,297
06/10/2021,MAF,TX,ASW,CE,Combined TRACON& Tower with Radar,45,16,44,16,121,0,0,25,8,33,45,16,69,24,154,16,0,16,170
06/11/2021,MAF,TX,ASW,CE,Combined TRACON& Tower with Radar,48,19,32,9,108,0,2,25,10,37,48,21,57,19,145,12,8,20,165
06/12/2021,MAF,TX,ASW,CE,Combined TRACON& Tower with Radar,30,18,12,1,61,0,1,15,1,17,30,19,27,2,78,0,0,0,78
06/13/2021,MAF,TX,ASW,CE,Combined TRACON& Tower with Radar,37,12,20,21,90,0,0,11,3,14,37,12,31,24,104,15,4,19,123
06/14/2021,MAF,TX,ASW,CE,Combined TRACON& Tower with Radar,45,20,25,4,94,0,0,20,3,23,45,20,45,7,117,0,0,0,117
06/15/2021,MAF,TX,ASW,CE,Combined TRACON& Tower with Radar,40,25,45,26,136,0,0,34,9,43,40,25,79,35,179,52,32,84,263
06/16/2021,MAF,TX,ASW,CE,Combined TRACON& Tower with Radar,42,27,40,29,138,0,0,41,5,46,42,27,81,34,184,8,0,8,192
06/17/2021,MAF,TX,ASW,CE,Combined TRACON& Tower with Radar,46,20,35,24,125,0,3,32,17,52,46,23,67,41,177,16,58,74,251
06/18/2021,MAF,TX,ASW,CE,Combined TRACON& Tower with Radar,41,18,43,29,131,0,0,23,3,26,41,18,66,32,157,50,0,50,207
06/19/2021,MAF,TX,ASW,CE,Combined TRACON& Tower with Radar,28,15,25,6,74,0,0,21,0,21,28,15,46,6,95,20,0,20,115
06/20/2021,MAF,TX,ASW,CE,Combined TRACON& Tower with Radar,39,8,26,16,89,0,0,19,2,21,39,8,45,18,110,0,8,8,118
06/21/2021,MAF,TX,ASW,CE,Combined TRACON& Tower with Radar,38,18,30,18,104,0,0,12,2,14,38,18,42,20,118,0,14,14,132
06/22/2021,MAF,TX,ASW,CE,Combined TRACON& Tower with Radar,45,17,42,3,107,0,0,23,1,24,45,17,65,4,131,6,16,22,153
06/23/2021,MAF,TX,ASW,CE,Combined TRACON& Tower with Radar,44,15,46,39,144,0,1,32,15,48,44,16,78,54,192,2,112,114,306
06/24/2021,MAF,TX,ASW,CE,Combined TRACON& Tower with Radar,43,18,59,10,130,0,1,35,5,41,43,19,94,15,171,0,20,20,191
06/25/2021,MAF,TX,ASW,CE,Combined TRACON& Tower with Radar,46,15,24,48,133,0,0,17,3,20,46,15,41,51,153,18,28,46,199
06/26/2021,MAF,TX,ASW,CE,Combined TRACON& Tower with Radar,31,10,22,55,118,0,0,24,1,25,31,10,46,56,143,0,0,0,143
06/27/2021,MAF,TX,ASW,CE,Combined TRACON& Tower with Radar,45,13,35,2,95,0,0,4,0,4,45,13,39,2,99,0,0,0,99
06/28/2021,MAF,TX,ASW,CE,Combined TRACON& Tower with Radar,44,20,19,37,120,0,0,10,2,12,44,20,29,39,132,0,12,12,144
06/29/2021,MAF,TX,ASW,CE,Combined TRACON& Tower with Radar,39,22,33,120,214,0,0,13,10,23,39,22,46,130,237,48,48,96,333
06/30/2021,MAF,TX,ASW,CE,Combined TRACON& Tower with Radar,44,27,38,63,172,0,0,21,1,22,44,27,59,64,194,10,0,10,204
07/01/2021,MAF,TX,ASW,CE,Combined TRACON& Tower with Radar,47,20,49,17,133,0,0,38,3,41,47,20,87,20,174,16,8,24,198
07/02/2021,MAF,TX,ASW,CE,Combined TRACON& Tower with Radar,41,15,29,0,85,0,0,13,2,15,41,15,42,2,100,22,0,22,122
07/03/2021,MAF,TX,ASW,CE,Combined TRACON& Tower with Radar,27,17,14,2,60,0,0,5,1,6,27,17,19,3,66,0,0,0,66
07/04/2021,MAF,TX,ASW,CE,Combined TRACON& Tower with Radar,35,6,7,1,49,0,0,8,1,9,35,6,15,2,58,0,0,0,58
07/05/2021,MAF,TX,ASW,CE,Combined TRACON& Tower with Radar,38,10,44,0,92,0,0,8,0,8,38,10,52,0,100,4,0,4,104
07/06/2021,MAF,TX,ASW,CE,Combined TRACON& Tower with Radar,38,19,35,138,230,0,3,8,28,39,38,22,43,166,269,0,92,92,361
07/07/2021,MAF,TX,ASW,CE,Combined TRACON& Tower with Radar,44,21,56,72,193,0,0,28,36,64,44,21,84,108,257,0,88,88,345
07/08/2021,MAF,TX,ASW,CE,Combined TRACON& Tower with Radar,42,25,44,48,159,0,0,23,10,33,42,25,67,58,192,28,46,74,266
07/09/2021,MAF,TX,ASW,CE,Combined TRACON& Tower with Radar,44,18,23,71,156,0,4,26,51,81,44,22,49,122,237,2,142,144,381
07/10/2021,MAF,TX,ASW,CE,Combined TRACON& Tower with Radar,27,14,21,4,66,0,2,11,5,18,27,16,32,9,84,0,34,34,118
07/11/2021,MAF,TX,ASW,CE,Combined TRACON& Tower with Radar,37,5,37,14,93,0,0,20,1,21,37,5,57,15,114,20,0,20,134
07/12/2021,MAF,TX,ASW,CE,Combined TRACON& Tower with Radar,42,10,27,29,108,0,1,21,5,27,42,11,48,34,135,16,30,46,181
07/13/2021,MAF,TX,ASW,CE,Combined TRACON& Tower with Radar,35,30,37,30,132,0,2,30,16,48,35,32,67,46,180,32,62,94,274
07/14/2021,MAF,TX,ASW,CE,Combined TRACON& Tower with Radar,46,20,43,60,169,0,0,31,16,47,46,20,74,76,216,6,40,46,262
07/15/2021,MAF,TX,ASW,CE,Combined TRACON& Tower with Radar,46,24,54,30,154,0,2,10,5,17,46,26,64,35,171,0,0,0,171
07/16/2021,MAF,TX,ASW,CE,Combined TRACON& Tower with Radar,42,25,25,52,144,0,1,15,2,18,42,26,40,54,162,0,0,0,162
07/17/2021,MAF,TX,ASW,CE,Combined TRACON& Tower with Radar,28,20,15,4,67,0,0,19,0,19,28,20,34,4,86,0,0,0,86
07/18/2021,MAF,TX,ASW,CE,Combined TRACON& Tower with Radar,41,11,32,12,96,0,0,12,1,13,41,11,44,13,109,0,0,0,109
07/19/2021,MAF,TX,ASW,CE,Combined TRACON& Tower with Radar,41,18,30,22,111,0,0,15,1,16,41,18,45,23,127,0,0,0,127
07/20/2021,MAF,TX,ASW,CE,Combined TRACON& Tower with Radar,41,27,43,13,124,0,0,18,4,22,41,27,61,17,146,0,0,0,146
07/21/2021,MAF,TX,ASW,CE,Combined TRACON& Tower with Radar,43,26,54,44,167,0,0,27,17,44,43,26,81,61,211,0,0,0,211
07/22/2021,MAF,TX,ASW,CE,Combined TRACON& Tower with Radar,45,24,30,15,114,0,0,23,11,34,45,24,53,26,148,0,0,0,148
07/23/2021,MAF,TX,ASW,CE,Combined TRACON& Tower with Radar,45,16,24,18,103,0,0,5,0,5,45,16,29,18,108,0,0,0,108
07/24/2021,MAF,TX,ASW,CE,Combined TRACON& Tower with Radar,29,23,17,1,70,0,0,19,1,20,29,23,36,2,90,0,0,0,90
07/25/2021,MAF,TX,ASW,CE,Combined TRACON& Tower with Radar,38,6,35,14,93,0,0,4,2,6,38,6,39,16,99,0,0,0,99
07/26/2021,MAF,TX,ASW,CE,Combined TRACON& Tower with Radar,42,12,47,28,129,0,0,18,6,24,42,12,65,34,153,0,0,0,153
07/27/2021,MAF,TX,ASW,CE,Combined TRACON& Tower with Radar,43,22,35,10,110,0,2,12,3,17,43,24,47,13,127,0,0,0,127
07/28/2021,MAF,TX,ASW,CE,Combined TRACON& Tower with Radar,45,23,43,5,116,0,0,7,3,10,45,23,50,8,126,0,0,0,126
07/29/2021,MAF,TX,ASW,CE,Combined TRACON& Tower with Radar,43,20,38,4,105,0,0,16,0,16,43,20,54,4,121,0,0,0,121
07/30/2021,MAF,TX,ASW,CE,Combined TRACON& Tower with Radar,45,19,21,53,138,0,1,9,21,31,45,20,30,74,169,0,0,0,169
07/31/2021,MAF,TX,ASW,CE,Combined TRACON& Tower with Radar,26,18,25,4,73,0,0,12,1,13,26,18,37,5,86,0,0,0,86
08/01/2021,MAF,TX,ASW,CE,Combined TRACON& Tower with Radar,30,13,33,3,79,0,0,4,0,4,30,13,37,3,83,0,0,0,83
08/02/2021,MAF,TX,ASW,CE,Combined TRACON& Tower with Radar,43,18,39,5,105,0,0,6,1,7,43,18,45,6,112,0,0,0,112
08/03/2021,MAF,TX,ASW,CE,Combined TRACON& Tower with Radar,46,15,34,23,118,0,0,22,4,26,46,15,56,27,144,0,0,0,144
08/04/2021,MAF,TX,ASW,CE,Combined TRACON& Tower with Radar,45,16,39,7,107,0,1,34,2,37,45,17,73,9,144,0,0,0,144
08/05/2021,MAF,TX,ASW,CE,Combined TRACON& Tower with Radar,47,14,35,34,130,0,0,21,14,35,47,14,56,48,165,0,0,0,165
08/06/2021,MAF,TX,ASW,CE,Combined TRACON& Tower with Radar,45,16,19,31,111,0,1,19,14,34,45,17,38,45,145,18,12,30,175
08/07/2021,MAF,TX,ASW,CE,Combined TRACON& Tower with Radar,29,14,20,8,71,0,0,18,1,19,29,14,38,9,90,8,0,8,98
08/08/2021,MAF,TX,ASW,CE,Combined TRACON& Tower with Radar,40,6,28,0,74,0,0,11,0,11,40,6,39,0,85,8,0,8,93
08/09/2021,MAF,TX,ASW,CE,Combined TRACON& Tower with Radar,44,12,25,35,116,0,0,23,21,44,44,12,48,56,160,0,0,0,160
08/10/2021,MAF,TX,ASW,CE,Combined TRACON& Tower with Radar,43,15,44,15,117,0,0,25,3,28,43,15,69,18,145,0,0,0,145
08/11/2021,MAF,TX,ASW,CE,Combined TRACON& Tower with Radar,46,18,50,28,142,0,0,9,4,13,46,18,59,32,155,0,0,0,155
08/12/2021,MAF,TX,ASW,CE,Combined TRACON& Tower with Radar,49,18,43,3,113,0,0,10,2,12,49,18,53,5,125,0,0,0,125
08/13/2021,MAF,TX,ASW,CE,Combined TRACON& Tower with Radar,45,23,32,37,137,0,1,10,4,15,45,24,42,41,152,0,0,0,152
08/14/2021,MAF,TX,ASW,CE,Combined TRACON& Tower with Radar,31,16,18,6,71,0,0,9,9,18,31,16,27,15,89,0,0,0,89
08/15/2021,MAF,TX,ASW,CE,Combined TRACON& Tower with Radar,38,12,37,10,97,0,0,8,1,9,38,12,45,11,106,10,4,14,120
08/16/2021,MAF,TX,ASW,CE,Combined TRACON& Tower with Radar,46,16,24,41,127,0,0,20,10,30,46,16,44,51,157,24,38,62,219
08/17/2021,MAF,TX,ASW,CE,Combined TRACON& Tower with Radar,43,20,31,1,95,0,0,11,0,11,43,20,42,1,106,0,0,0,106
08/18/2021,MAF,TX,ASW,CE,Combined TRACON& Tower with Radar,44,26,47,57,174,0,2,20,7,29,44,28,67,64,203,0,0,0,203
08/19/2021,MAF,TX,ASW,CE,Combined TRACON& Tower with Radar,44,16,30,13,103,0,0,22,7,29,44,16,52,20,132,0,0,0,132
08/20/2021,MAF,TX,ASW,CE,Combined TRACON& Tower with Radar,47,15,11,32,105,0,0,19,6,25,47,15,30,38,130,0,0,0,130
08/21/2021,MAF,TX,ASW,CE,Combined TRACON& Tower with Radar,30,14,16,3,63,0,0,17,2,19,30,14,33,5,82,0,0,0,82
08/22/2021,MAF,TX,ASW,CE,Combined TRACON& Tower with Radar,41,6,29,3,79,0,0,13,0,13,41,6,42,3,92,0,4,4,96
08/23/2021,MAF,TX,ASW,CE,Combined TRACON& Tower with Radar,45,15,31,6,97,0,1,20,2,23,45,16,51,8,120,0,0,0,120
08/24/2021,MAF,TX,ASW,CE,Combined TRACON& Tower with Radar,42,20,36,15,113,0,0,22,5,27,42,20,58,20,140,0,0,0,140
08/25/2021,MAF,TX,ASW,CE,Combined TRACON& Tower with Radar,48,12,43,30,133,0,0,22,8,30,48,12,65,38,163,0,0,0,163
08/26/2021,MAF,TX,ASW,CE,Combined TRACON& Tower with Radar,50,17,48,35,150,0,1,26,3,30,50,18,74,38,180,0,0,0,180
08/27/2021,MAF,TX,ASW,CE,Combined TRACON& Tower with Radar,48,14,27,72,161,0,3,13,7,23,48,17,40,79,184,0,0,0,184
08/28/2021,MAF,TX,ASW,CE,Combined TRACON& Tower with Radar,30,20,18,0,68,0,0,5,0,5,30,20,23,0,73,0,0,0,73
08/29/2021,MAF,TX,ASW,CE,Combined TRACON& Tower with Radar,41,4,23,17,85,0,0,9,3,12,41,4,32,20,97,0,0,0,97
08/30/2021,MAF,TX,ASW,CE,Combined TRACON& Tower with Radar,43,11,21,24,99,0,0,16,13,29,43,11,37,37,128,12,0,12,140
08/31/2021,MAF,TX,ASW,CE,Combined TRACON& Tower with Radar,43,22,45,24,134,0,0,26,2,28,43,22,71,26,162,0,0,0,162
09/01/2021,MAF,TX,ASW,CE,Combined TRACON& Tower with Radar,48,22,44,54,168,0,0,20,22,42,48,22,64,76,210,0,0,0,210
09/02/2021,MAF,TX,ASW,CE,Combined TRACON& Tower with Radar,49,20,29,25,123,0,0,9,5,14,49,20,38,30,137,0,0,0,137
09/03/2021,MAF,TX,ASW,CE,Combined TRACON& Tower with Radar,49,14,59,6,128,0,0,20,0,20,49,14,79,6,148,0,0,0,148
09/04/2021,MAF,TX,ASW,CE,Combined TRACON& Tower with Radar,30,7,12,11,60,0,0,16,0,16,30,7,28,11,76,32,0,32,108
09/05/2021,MAF,TX,ASW,CE,Combined TRACON& Tower with Radar,35,6,13,2,56,0,0,10,2,12,35,6,23,4,68,0,0,0,68
09/06/2021,MAF,TX,ASW,CE,Combined TRACON& Tower with Radar,42,11,45,13,111,0,1,17,3,21,42,12,62,16,132,0,0,0,132
09/07/2021,MAF,TX,ASW,CE,Combined TRACON& Tower with Radar,38,19,31,35,123,0,0,32,14,46,38,19,63,49,169,0,0,0,169
09/08/2021,MAF,TX,ASW,CE,Combined TRACON& Tower with Radar,45,16,52,20,133,0,2,39,1,42,45,18,91,21,175,0,0,0,175
09/09/2021,MAF,TX,ASW,CE,Combined TRACON& Tower with Radar,52,22,51,26,151,0,4,32,6,42,52,26,83,32,193,30,12,42,235
09/10/2021,MAF,TX,ASW,CE,Combined TRACON& Tower with Radar,54,16,29,4,103,0,0,33,7,40,54,16,62,11,143,0,0,0,143
09/11/2021,MAF,TX,ASW,CE,Combined TRACON& Tower with Radar,27,15,9,1,52,1,0,21,5,27,28,15,30,6,79,0,0,0,79
09/12/2021,MAF,TX,ASW,CE,Combined TRACON& Tower with Radar,39,9,15,1,64,0,0,32,5,37,39,9,47,6,101,0,0,0,101
09/13/2021,MAF,TX,ASW,CE,Combined TRACON& Tower with Radar,41,16,28,74,159,0,0,15,12,27,41,16,43,86,186,0,0,0,186
09/14/2021,MAF,TX,ASW,CE,Combined TRACON& Tower with Radar,36,19,28,25,108,0,0,25,7,32,36,19,53,32,140,0,0,0,140
09/15/2021,MAF,TX,ASW,CE,Combined TRACON& Tower with Radar,44,13,36,14,107,0,1,28,11,40,44,14,64,25,147,0,0,0,147
09/16/2021,MAF,TX,ASW,CE,Combined TRACON& Tower with Radar,49,17,34,45,145,0,0,23,8,31,49,17,57,53,176,0,0,0,176
09/17/2021,MAF,TX,ASW,CE,Combined TRACON& Tower with Radar,49,16,26,25,116,0,0,12,3,15,49,16,38,28,131,0,0,0,131
09/18/2021,MAF,TX,ASW,CE,Combined TRACON& Tower with Radar,27,11,12,3,53,0,0,20,3,23,27,11,32,6,76,0,0,0,76
09/19/2021,MAF,TX,ASW,CE,Combined TRACON& Tower with Radar,45,5,49,0,99,0,0,24,2,26,45,5,73,2,125,0,0,0,125
09/20/2021,MAF,TX,ASW,CE,Combined TRACON& Tower with Radar,46,13,23,20,102,0,0,18,0,18,46,13,41,20,120,0,0,0,120
09/21/2021,MAF,TX,ASW,CE,Combined TRACON& Tower with Radar,42,15,38,2,97,0,0,10,2,12,42,15,48,4,109,6,0,6,115
09/22/2021,MAF,TX,ASW,CE,Combined TRACON& Tower with Radar,49,11,53,13,126,0,0,32,19,51,49,11,85,32,177,0,0,0,177
09/23/2021,MAF,TX,ASW,CE,Combined TRACON& Tower with Radar,54,13,39,27,133,0,0,30,14,44,54,13,69,41,177,0,0,0,177
09/24/2021,MAF,TX,ASW,CE,Combined TRACON& Tower with Radar,51,20,27,2,100,0,1,13,0,14,51,21,40,2,114,0,0,0,114
09/25/2021,MAF,TX,ASW,CE,Combined TRACON& Tower with Radar,28,8,29,1,66,0,0,11,1,12,28,8,40,2,78,0,0,0,78
09/26/2021,MAF,TX,ASW,CE,Combined TRACON& Tower with Radar,43,9,33,0,85,0,0,6,0,6,43,9,39,0,91,10,0,10,101
09/27/2021,MAF,TX,ASW,CE,Combined TRACON& Tower with Radar,45,15,37,16,113,0,0,18,0,18,45,15,55,16,131,0,0,0,131
09/28/2021,MAF,TX,ASW,CE,Combined TRACON& Tower with Radar,47,17,44,24,132,0,0,29,14,43,47,17,73,38,175,16,72,88,263
09/29/2021,MAF,TX,ASW,CE,Combined TRACON& Tower with Radar,46,19,31,21,117,0,0,26,14,40,46,19,57,35,157,0,0,0,157
09/30/2021,MAF,TX,ASW,CE,Combined TRACON& Tower with Radar,47,24,49,13,133,0,0,18,6,24,47,24,67,19,157,0,0,0,157
10/01/2021,MAF,TX,ASW,CE,Combined TRACON& Tower with Radar,49,14,49,39,151,0,0,18,6,24,49,14,67,45,175,0,0,0,175
10/02/2021,MAF,TX,ASW,CE,Combined TRACON& Tower with Radar,25,12,30,31,98,0,0,16,6,22,25,12,46,37,120,0,0,0,120
10/03/2021,MAF,TX,ASW,CE,Combined TRACON& Tower with Radar,44,13,54,9,120,0,0,10,7,17,44,13,64,16,137,0,0,0,137
10/04/2021,MAF,TX,ASW,CE,Combined TRACON& Tower with Radar,44,12,46,18,120,0,0,29,0,29,44,12,75,18,149,0,0,0,149
10/05/2021,MAF,TX,ASW,CE,Combined TRACON& Tower with Radar,42,19,38,47,146,0,0,27,0,27,42,19,65,47,173,0,0,0,173
10/06/2021,MAF,TX,ASW,CE,Combined TRACON& Tower with Radar,46,19,56,15,136,0,1,24,3,28,46,20,80,18,164,0,0,0,164
10/07/2021,MAF,TX,ASW,CE,Combined TRACON& Tower with Radar,56,18,53,17,144,0,0,25,22,47,56,18,78,39,191,0,0,0,191
10/08/2021,MAF,TX,ASW,CE,Combined TRACON& Tower with Radar,52,17,23,9,101,0,0,21,3,24,52,17,44,12,125,0,0,0,125
10/09/2021,MAF,TX,ASW,CE,Combined TRACON& Tower with Radar,30,9,16,5,60,0,0,14,1,15,30,9,30,6,75,0,0,0,75
10/10/2021,MAF,TX,ASW,CE,Combined TRACON& Tower with Radar,37,9,45,4,95,0,0,3,0,3,37,9,48,4,98,4,0,4,102
10/11/2021,MAF,TX,ASW,CE,Combined TRACON& Tower with Radar,49,17,47,2,115,0,0,21,0,21,49,17,68,2,136,0,0,0,136
10/12/2021,MAF,TX,ASW,CE,Combined TRACON& Tower with Radar,52,20,52,35,159,0,0,9,18,27,52,20,61,53,186,0,0,0,186
10/13/2021,MAF,TX,ASW,CE,Combined TRACON& Tower with Radar,47,20,46,26,139,0,0,12,5,17,47,20,58,31,156,0,0,0,156
10/14/2021,MAF,TX,ASW,CE,Combined TRACON& Tower with Radar,54,24,33,25,136,0,0,17,15,32,54,24,50,40,168,0,0,0,168
10/15/2021,MAF,TX,ASW,CE,Combined TRACON& Tower with Radar,52,13,29,3,97,0,0,27,4,31,52,13,56,7,128,0,0,0,128
10/16/2021,MAF,TX,ASW,CE,Combined TRACON& Tower with Radar,29,12,19,4,64,0,0,15,4,19,29,12,34,8,83,0,0,0,83
10/17/2021,MAF,TX,ASW,CE,Combined TRACON& Tower with Radar,44,10,30,23,107,0,0,21,4,25,44,10,51,27,132,0,0,0,132
10/18/2021,MAF,TX,ASW,CE,Combined TRACON& Tower with Radar,51,18,28,5,102,0,0,22,1,23,51,18,50,6,125,0,0,0,125
10/19/2021,MAF,TX,ASW,CE,Combined TRACON& Tower with Radar,47,29,48,5,129,0,0,23,9,32,47,29,71,14,161,0,0,0,161
10/20/2021,MAF,TX,ASW,CE,Combined TRACON& Tower with Radar,47,22,70,34,173,0,0,28,12,40,47,22,98,46,213,0,0,0,213
10/21/2021,MAF,TX,ASW,CE,Combined TRACON& Tower with Radar,50,24,63,6,143,0,0,8,0,8,50,24,71,6,151,0,0,0,151
10/22/2021,MAF,TX,ASW,CE,Combined TRACON& Tower with Radar,52,13,46,16,127,0,0,23,0,23,52,13,69,16,150,60,0,60,210
10/23/2021,MAF,TX,ASW,CE,Combined TRACON& Tower with Radar,33,8,18,0,59,0,0,11,1,12,33,8,29,1,71,0,0,0,71
10/24/2021,MAF,TX,ASW,CE,Combined TRACON& Tower with Radar,41,15,36,2,94,0,0,14,1,15,41,15,50,3,109,22,0,22,131
10/25/2021,MAF,TX,ASW,CE,Combined TRACON& Tower with Radar,47,17,38,19,121,0,1,17,5,23,47,18,55,24,144,0,0,0,144
10/26/2021,MAF,TX,ASW,CE,Combined TRACON& Tower with Radar,52,20,38,15,125,0,0,18,8,26,52,20,56,23,151,0,0,0,151
10/27/2021,MAF,TX,ASW,CE,Combined TRACON& Tower with Radar,48,22,22,34,126,0,0,11,15,26,48,22,33,49,152,0,22,22,174
10/28/2021,MAF,TX,ASW,CE,Combined TRACON& Tower with Radar,47,24,49,23,143,0,0,23,11,34,47,24,72,34,177,0,0,0,177
10/29/2021,MAF,TX,ASW,CE,Combined TRACON& Tower with Radar,53,13,17,28,111,0,0,17,11,28,53,13,34,39,139,0,0,0,139
10/30/2021,MAF,TX,ASW,CE,Combined TRACON& Tower with Radar,29,10,20,2,61,0,0,14,1,15,29,10,34,3,76,34,0,34,110
10/31/2021,MAF,TX,ASW,CE,Combined TRACON& Tower with Radar,37,13,30,1,81,0,0,9,0,9,37,13,39,1,90,12,0,12,102
11/01/2021,MAF,TX,ASW,CE,Combined TRACON& Tower with Radar,47,15,36,15,113,0,0,8,0,8,47,15,44,15,121,0,0,0,121
11/02/2021,MAF,TX,ASW,CE,Combined TRACON& Tower with Radar,48,29,37,13,127,0,0,0,0,0,48,29,37,13,127,0,0,0,127
11/03/2021,MAF,TX,ASW,CE,Combined TRACON& Tower with Radar,54,28,60,20,162,0,0,3,0,3,54,28,63,20,165,0,0,0,165
11/04/2021,MAF,TX,ASW,CE,Combined TRACON& Tower with Radar,51,19,55,52,177,0,1,5,9,15,51,20,60,61,192,0,62,62,254
11/05/2021,MAF,TX,ASW,CE,Combined TRACON& Tower with Radar,54,16,35,50,155,0,1,25,1,27,54,17,60,51,182,0,0,0,182
11/06/2021,MAF,TX,ASW,CE,Combined TRACON& Tower with Radar,33,20,29,1,83,0,0,27,1,28,33,20,56,2,111,0,0,0,111
11/07/2021,MAF,TX,ASW,CE,Combined TRACON& Tower with Radar,43,22,33,39,137,0,0,22,3,25,43,22,55,42,162,16,4,20,182
11/08/2021,MAF,TX,ASW,CE,Combined TRACON& Tower with Radar,45,24,27,36,132,0,1,26,11,38,45,25,53,47,170,0,0,0,170
11/09/2021,MAF,TX,ASW,CE,Combined TRACON& Tower with Radar,49,26,40,40,155,0,0,39,35,74,49,26,79,75,229,28,88,116,345
11/10/2021,MAF,TX,ASW,CE,Combined TRACON& Tower with Radar,45,24,42,12,123,0,0,18,11,29,45,24,60,23,152,0,0,0,152
11/11/2021,MAF,TX,ASW,CE,Combined TRACON& Tower with Radar,52,23,52,6,133,0,0,19,3,22,52,23,71,9,155,14,0,14,169
11/12/2021,MAF,TX,ASW,CE,Combined TRACON& Tower with Radar,50,13,27,19,109,0,0,25,3,28,50,13,52,22,137,0,0,0,137
11/13/2021,MAF,TX,ASW,CE,Combined TRACON& Tower with Radar,34,12,20,6,72,0,0,10,3,13,34,12,30,9,85,0,0,0,85
11/14/2021,MAF,TX,ASW,CE,Combined TRACON& Tower with Radar,41,12,36,11,100,0,0,19,1,20,41,12,55,12,120,0,0,0,120
11/15/2021,MAF,TX,ASW,CE,Combined TRACON& Tower with Radar,47,21,28,22,118,0,1,17,5,23,47,22,45,27,141,28,44,72,213
11/16/2021,MAF,TX,ASW,CE,Combined TRACON& Tower with Radar,47,22,41,21,131,0,2,21,7,30,47,24,62,28,161,0,0,0,161
11/17/2021,MAF,TX,ASW,CE,Combined TRACON& Tower with Radar,55,24,38,18,135,0,2,22,4,28,55,26,60,22,163,0,0,0,163
11/18/2021,MAF,TX,ASW,CE,Combined TRACON& Tower with Radar,55,29,61,20,165,0,1,15,9,25,55,30,76,29,190,0,0,0,190
11/19/2021,MAF,TX,ASW,CE,Combined TRACON& Tower with Radar,50,25,35,6,116,0,0,23,0,23,50,25,58,6,139,0,0,0,139
11/20/2021,MAF,TX,ASW,CE,Combined TRACON& Tower with Radar,35,10,24,7,76,0,0,18,0,18,35,10,42,7,94,0,0,0,94
11/21/2021,MAF,TX,ASW,CE,Combined TRACON& Tower with Radar,38,11,33,0,82,0,0,11,0,11,38,11,44,0,93,6,0,6,99
11/22/2021,MAF,TX,ASW,CE,Combined TRACON& Tower with Radar,49,14,28,4,95,0,0,25,0,25,49,14,53,4,120,0,0,0,120
11/23/2021,MAF,TX,ASW,CE,Combined TRACON& Tower with Radar,51,13,29,5,98,0,1,19,5,25,51,14,48,10,123,0,0,0,123
11/24/2021,MAF,TX,ASW,CE,Combined TRACON& Tower with Radar,54,13,35,2,104,0,0,10,0,10,54,13,45,2,114,0,0,0,114
11/25/2021,MAF,TX,ASW,CE,Combined TRACON& Tower with Radar,32,4,9,0,45,0,0,2,0,2,32,4,11,0,47,0,0,0,47
11/26/2021,MAF,TX,ASW,CE,Combined TRACON& Tower with Radar,43,14,17,2,76,0,0,17,4,21,43,14,34,6,97,20,0,20,117
11/27/2021,MAF,TX,ASW,CE,Combined TRACON& Tower with Radar,36,16,21,0,73,0,0,8,0,8,36,16,29,0,81,24,0,24,105
11/28/2021,MAF,TX,ASW,CE,Combined TRACON& Tower with Radar,43,11,35,0,89,0,0,13,0,13,43,11,48,0,102,0,0,0,102
11/29/2021,MAF,TX,ASW,CE,Combined TRACON& Tower with Radar,46,10,27,9,92,0,1,17,0,18,46,11,44,9,110,8,8,16,126
11/30/2021,MAF,TX,ASW,CE,Combined TRACON& Tower with Radar,52,23,29,16,120,0,5,20,5,30,52,28,49,21,150,0,0,0,150
12/01/2021,MAF,TX,ASW,CE,Combined TRACON& Tower with Radar,52,15,41,47,155,0,0,33,3,36,52,15,74,50,191,0,0,0,191
12/02/2021,MAF,TX,ASW,CE,Combined TRACON& Tower with Radar,56,16,44,16,132,0,0,31,1,32,56,16,75,17,164,0,0,0,164
12/03/2021,MAF,TX,ASW,CE,Combined TRACON& Tower with Radar,48,12,21,38,119,0,1,33,15,49,48,13,54,53,168,0,0,0,168
12/04/2021,MAF,TX,ASW,CE,Combined TRACON& Tower with Radar,29,24,32,22,107,0,0,19,0,19,29,24,51,22,126,0,0,0,126
12/05/2021,MAF,TX,ASW,CE,Combined TRACON& Tower with Radar,37,17,31,29,114,0,0,17,2,19,37,17,48,31,133,10,0,10,143
12/06/2021,MAF,TX,ASW,CE,Combined TRACON& Tower with Radar,44,15,27,27,113,0,0,20,6,26,44,15,47,33,139,0,0,0,139
12/07/2021,MAF,TX,ASW,CE,Combined TRACON& Tower with Radar,48,23,41,3,115,0,0,32,1,33,48,23,73,4,148,0,0,0,148
12/08/2021,MAF,TX,ASW,CE,Combined TRACON& Tower with Radar,52,18,46,26,142,0,0,29,0,29,52,18,75,26,171,0,0,0,171
12/09/2021,MAF,TX,ASW,CE,Combined TRACON& Tower with Radar,49,23,51,14,137,0,0,20,1,21,49,23,71,15,158,0,0,0,158
12/10/2021,MAF,TX,ASW,CE,Combined TRACON& Tower with Radar,44,15,25,14,98,0,0,17,1,18,44,15,42,15,116,0,0,0,116
12/11/2021,MAF,TX,ASW,CE,Combined TRACON& Tower with Radar,28,19,19,30,96,0,0,34,2,36,28,19,53,32,132,0,0,0,132
12/12/2021,MAF,TX,ASW,CE,Combined TRACON& Tower with Radar,35,10,51,8,104,0,2,48,3,53,35,12,99,11,157,0,0,0,157
12/13/2021,MAF,TX,ASW,CE,Combined TRACON& Tower with Radar,46,11,30,78,165,0,0,27,16,43,46,11,57,94,208,22,86,108,316
12/14/2021,MAF,TX,ASW,CE,Combined TRACON& Tower with Radar,51,17,36,117,221,0,0,13,56,69,51,17,49,173,290,0,0,0,290
12/15/2021,MAF,TX,ASW,CE,Combined TRACON& Tower with Radar,45,26,45,19,135,0,1,31,5,37,45,27,76,24,172,0,0,0,172
12/16/2021,MAF,TX,ASW,CE,Combined TRACON& Tower with Radar,47,15,52,38,152,0,0,31,8,39,47,15,83,46,191,0,0,0,191
12/17/2021,MAF,TX,ASW,CE,Combined TRACON& Tower with Radar,40,25,47,12,124,0,0,33,0,33,40,25,80,12,157,0,0,0,157
12/18/2021,MAF,TX,ASW,CE,Combined TRACON& Tower with Radar,29,16,11,3,59,0,0,53,1,54,29,16,64,4,113,0,0,0,113
12/19/2021,MAF,TX,ASW,CE,Combined TRACON& Tower with Radar,32,14,17,0,63,0,0,38,0,38,32,14,55,0,101,18,0,18,119
12/20/2021,MAF,TX,ASW,CE,Combined TRACON& Tower with Radar,38,17,38,26,119,0,0,32,4,36,38,17,70,30,155,0,0,0,155
12/21/2021,MAF,TX,ASW,CE,Combined TRACON& Tower with Radar,41,26,23,6,96,0,0,33,6,39,41,26,56,12,135,44,10,54,189
12/22/2021,MAF,TX,ASW,CE,Combined TRACON& Tower with Radar,42,20,36,8,106,0,0,42,4,46,42,20,78,12,152,0,0,0,152
12/23/2021,MAF,TX,ASW,CE,Combined TRACON& Tower with Radar,39,20,26,0,85,0,0,9,0,9,39,20,35,0,94,0,0,0,94
12/24/2021,MAF,TX,ASW,CE,Combined TRACON& Tower with Radar,32,17,5,0,54,0,0,1,0,1,32,17,6,0,55,0,0,0,55
12/25/2021,MAF,TX,ASW,CE,Combined TRACON& Tower with Radar,24,14,5,0,43,0,0,11,0,11,24,14,16,0,54,0,0,0,54
12/26/2021,MAF,TX,ASW,CE,Combined TRACON& Tower with Radar,34,11,38,0,83,0,0,9,0,9,34,11,47,0,92,0,0,0,92
12/27/2021,MAF,TX,ASW,CE,Combined TRACON& Tower with Radar,33,21,26,0,80,0,0,14,0,14,33,21,40,0,94,0,0,0,94
12/28/2021,MAF,TX,ASW,CE,Combined TRACON& Tower with Radar,32,18,22,2,74,0,0,9,0,9,32,18,31,2,83,0,0,0,83
12/29/2021,MAF,TX,ASW,CE,Combined TRACON& Tower with Radar,40,17,9,2,68,0,0,7,0,7,40,17,16,2,75,0,0,0,75
12/30/2021,MAF,TX,ASW,CE,Combined TRACON& Tower with Radar,40,18,29,0,87,0,0,14,0,14,40,18,43,0,101,0,0,0,101
12/31/2021,MAF,TX,ASW,CE,Combined TRACON& Tower with Radar,29,15,7,0,51,0,0,10,0,10,29,15,17,0,61,18,0,18,79
01/01/2022,MAF,TX,ASW,CE,Combined TRACON& Tower with Radar,25,16,11,0,52,0,0,3,0,3,25,16,14,0,55,0,0,0,55
01/02/2022,MAF,TX,ASW,CE,Combined TRACON& Tower with Radar,29,12,38,0,79,0,0,15,0,15,29,12,53,0,94,30,0,30,124
01/03/2022,MAF,TX,ASW,CE,Combined TRACON& Tower with Radar,25,22,23,10,80,0,0,17,0,17,25,22,40,10,97,0,0,0,97
01/04/2022,MAF,TX,ASW,CE,Combined TRACON& Tower with Radar,38,19,23,4,84,0,0,12,0,12,38,19,35,4,96,0,0,0,96
01/05/2022,MAF,TX,ASW,CE,Combined TRACON& Tower with Radar,34,17,47,6,104,0,0,16,4,20,34,17,63,10,124,0,0,0,124
01/06/2022,MAF,TX,ASW,CE,Combined TRACON& Tower with Radar,43,16,30,4,93,0,4,22,2,28,43,20,52,6,121,40,0,40,161
01/07/2022,MAF,TX,ASW,CE,Combined TRACON& Tower with Radar,38,14,24,31,107,0,0,26,7,33,38,14,50,38,140,16,6,22,162
01/08/2022,MAF,TX,ASW,CE,Combined TRACON& Tower with Radar,23,9,10,26,68,0,0,8,0,8,23,9,18,26,76,4,0,4,80
01/09/2022,MAF,TX,ASW,CE,Combined TRACON& Tower with Radar,33,12,17,23,85,0,0,5,4,9,33,12,22,27,94,6,0,6,100
01/10/2022,MAF,TX,ASW,CE,Combined TRACON& Tower with Radar,31,19,23,3,76,0,0,15,0,15,31,19,38,3,91,0,0,0,91
01/11/2022,MAF,TX,ASW,CE,Combined TRACON& Tower with Radar,41,24,28,34,127,0,0,28,9,37,41,24,56,43,164,0,56,56,220
01/12/2022,MAF,TX,ASW,CE,Combined TRACON& Tower with Radar,40,18,39,32,129,0,0,26,5,31,40,18,65,37,160,0,0,0,160
01/13/2022,MAF,TX,ASW,CE,Combined TRACON& Tower with Radar,36,19,39,8,102,0,0,19,2,21,36,19,58,10,123,0,0,0,123
01/14/2022,MAF,TX,ASW,CE,Combined TRACON& Tower with Radar,41,19,37,15,112,0,0,20,3,23,41,19,57,18,135,0,0,0,135
01/15/2022,MAF,TX,ASW,CE,Combined TRACON& Tower with Radar,24,16,14,12,66,0,0,12,0,12,24,16,26,12,78,0,0,0,78
01/16/2022,MAF,TX,ASW,CE,Combined TRACON& Tower with Radar,30,15,40,10,95,0,0,15,2,17,30,15,55,12,112,0,0,0,112
01/17/2022,MAF,TX,ASW,CE,Combined TRACON& Tower with Radar,40,18,38,15,111,0,1,23,4,28,40,19,61,19,139,0,0,0,139
01/18/2022,MAF,TX,ASW,CE,Combined TRACON& Tower with Radar,37,23,31,3,94,0,0,15,8,23,37,23,46,11,117,0,0,0,117
01/19/2022,MAF,TX,ASW,CE,Combined TRACON& Tower with Radar,40,25,35,14,114,0,4,20,5,29,40,29,55,19,143,0,0,0,143
01/20/2022,MAF,TX,ASW,CE,Combined TRACON& Tower with Radar,36,25,26,17,104,0,0,13,6,19,36,25,39,23,123,0,36,36,159
01/21/2022,MAF,TX,ASW,CE,Combined TRACON& Tower with Radar,42,16,24,40,122,0,1,18,0,19,42,17,42,40,141,0,0,0,141
01/22/2022,MAF,TX,ASW,CE,Combined TRACON& Tower with Radar,20,13,10,8,51,0,0,6,0,6,20,13,16,8,57,0,0,0,57
01/23/2022,MAF,TX,ASW,CE,Combined TRACON& Tower with Radar,36,20,26,4,86,0,0,13,1,14,36,20,39,5,100,18,0,18,118
01/24/2022,MAF,TX,ASW,CE,Combined TRACON& Tower with Radar,37,17,30,19,103,0,1,19,11,31,37,18,49,30,134,0,0,0,134
01/25/2022,MAF,TX,ASW,CE,Combined TRACON& Tower with Radar,36,38,35,27,136,0,5,17,7,29,36,43,52,34,165,12,18,30,195
01/26/2022,MAF,TX,ASW,CE,Combined TRACON& Tower with Radar,38,24,39,3,104,0,0,0,0,0,38,24,39,3,104,0,0,0,104
01/27/2022,MAF,TX,ASW,CE,Combined TRACON& Tower with Radar,43,31,41,13,128,0,0,12,3,15,43,31,53,16,143,0,4,4,147
01/28/2022,MAF,TX,ASW,CE,Combined TRACON& Tower with Radar,39,18,40,23,120,0,1,26,4,31,39,19,66,27,151,16,26,42,193
01/29/2022,MAF,TX,ASW,CE,Combined TRACON& Tower with Radar,24,15,13,4,56,0,0,15,0,15,24,15,28,4,71,6,16,22,93
01/30/2022,MAF,TX,ASW,CE,Combined TRACON& Tower with Radar,35,22,25,1,83,0,0,12,1,13,35,22,37,2,96,0,0,0,96
01/31/2022,MAF,TX,ASW,CE,Combined TRACON& Tower with Radar,39,17,29,51,136,0,0,11,8,19,39,17,40,59,155,6,80,86,241
02/01/2022,MAF,TX,ASW,CE,Combined TRACON& Tower with Radar,39,29,47,30,145,0,3,39,10,52,39,32,86,40,197,0,0,0,197
02/02/2022,MAF,TX,ASW,CE,Combined TRACON& Tower with Radar,37,17,38,10,102,0,0,8,0,8,37,17,46,10,110,0,0,0,110
02/03/2022,MAF,TX,ASW,CE,Combined TRACON& Tower with Radar,20,8,11,1,40,0,0,0,0,0,20,8,11,1,40,0,0,0,40
02/04/2022,MAF,TX,ASW,CE,Combined TRACON& Tower with Radar,22,13,39,60,134,0,0,10,10,20,22,13,49,70,154,0,0,0,154
02/05/2022,MAF,TX,ASW,CE,Combined TRACON& Tower with Radar,21,15,14,8,58,0,0,18,2,20,21,15,32,10,78,0,0,0,78
02/06/2022,MAF,TX,ASW,CE,Combined TRACON& Tower with Radar,36,15,34,6,91,0,0,10,2,12,36,15,44,8,103,0,0,0,103
02/07/2022,MAF,TX,ASW,CE,Combined TRACON& Tower with Radar,40,24,28,14,106,0,0,32,5,37,40,24,60,19,143,0,0,0,143
02/08/2022,MAF,TX,ASW,CE,Combined TRACON& Tower with Radar,37,26,37,25,125,0,0,19,7,26,37,26,56,32,151,0,0,0,151
02/09/2022,MAF,TX,ASW,CE,Combined TRACON& Tower with Radar,36,23,50,7,116,0,0,22,4,26,36,23,72,11,142,0,0,0,142
02/10/2022,MAF,TX,ASW,CE,Combined TRACON& Tower with Radar,40,32,51,4,127,0,2,16,1,19,40,34,67,5,146,26,0,26,172
02/11/2022,MAF,TX,ASW,CE,Combined TRACON& Tower with Radar,43,23,47,48,161,0,1,16,8,25,43,24,63,56,186,0,64,64,250
02/12/2022,MAF,TX,ASW,CE,Combined TRACON& Tower with Radar,27,7,19,0,53,0,1,8,2,11,27,8,27,2,64,0,0,0,64
02/13/2022,MAF,TX,ASW,CE,Combined TRACON& Tower with Radar,41,17,26,13,97,0,1,10,12,23,41,18,36,25,120,28,0,28,148
02/14/2022,MAF,TX,ASW,CE,Combined TRACON& Tower with Radar,41,17,35,22,115,0,0,15,1,16,41,17,50,23,131,0,10,10,141
02/15/2022,MAF,TX,ASW,CE,Combined TRACON& Tower with Radar,41,21,48,27,137,0,5,17,6,28,41,26,65,33,165,0,0,0,165
02/16/2022,MAF,TX,ASW,CE,Combined TRACON& Tower with Radar,39,25,48,13,125,0,1,12,2,15,39,26,60,15,140,0,0,0,140
02/17/2022,MAF,TX,ASW,CE,Combined TRACON& Tower with Radar,45,25,40,13,123,0,0,7,6,13,45,25,47,19,136,8,40,48,184
02/18/2022,MAF,TX,ASW,CE,Combined TRACON& Tower with Radar,42,20,35,83,180,0,0,28,2,30,42,20,63,85,210,0,12,12,222
02/19/2022,MAF,TX,ASW,CE,Combined TRACON& Tower with Radar,28,9,18,23,78,0,0,12,3,15,28,9,30,26,93,36,0,36,129
02/20/2022,MAF,TX,ASW,CE,Combined TRACON& Tower with Radar,40,14,26,4,84,0,0,9,2,11,40,14,35,6,95,30,0,30,125
02/21/2022,MAF,TX,ASW,CE,Combined TRACON& Tower with Radar,40,9,44,20,113,0,0,9,1,10,40,9,53,21,123,0,0,0,123
02/22/2022,MAF,TX,ASW,CE,Combined TRACON& Tower with Radar,42,12,41,40,135,0,1,27,8,36,42,13,68,48,171,4,86,90,261
02/23/2022,MAF,TX,ASW,CE,Combined TRACON& Tower with Radar,30,23,46,15,114,0,0,9,3,12,30,23,55,18,126,0,0,0,126
02/24/2022,MAF,TX,ASW,CE,Combined TRACON& Tower with Radar,29,17,51,26,123,0,0,12,22,34,29,17,63,48,157,28,90,118,275
02/25/2022,MAF,TX,ASW,CE,Combined TRACON& Tower with Radar,45,14,28,48,135,0,1,7,3,11,45,15,35,51,146,0,0,0,146
02/26/2022,MAF,TX,ASW,CE,Combined TRACON& Tower with Radar,29,9,5,25,68,0,0,13,4,17,29,9,18,29,85,54,0,54,139
02/27/2022,MAF,TX,ASW,CE,Combined TRACON& Tower with Radar,42,13,41,26,122,0,0,11,8,19,42,13,52,34,141,0,0,0,141
02/28/2022,MAF,TX,ASW,CE,Combined TRACON& Tower with Radar,42,16,42,20,120,0,0,18,0,18,42,16,60,20,138,0,0,0,138
03/01/2022,MAF,TX,ASW,CE,Combined TRACON& Tower with Radar,40,24,49,25,138,0,0,26,5,31,40,24,75,30,169,0,34,34,203
03/02/2022,MAF,TX,ASW,CE,Combined TRACON& Tower with Radar,41,20,43,38,142,0,0,16,3,19,41,20,59,41,161,0,0,0,161
03/03/2022,MAF,TX,ASW,CE,Combined TRACON& Tower with Radar,42,24,51,46,163,0,1,21,15,37,42,25,72,61,200,12,82,94,294
03/04/2022,MAF,TX,ASW,CE,Combined TRACON& Tower with Radar,40,30,34,51,155,0,1,19,30,50,40,31,53,81,205,8,76,84,289
03/05/2022,MAF,TX,ASW,CE,Combined TRACON& Tower with Radar,28,12,21,11,72,0,1,29,1,31,28,13,50,12,103,30,16,46,149
03/06/2022,MAF,TX,ASW,CE,Combined TRACON& Tower with Radar,31,6,30,14,81,0,0,6,2,8,31,6,36,16,89,0,0,0,89
03/07/2022,MAF,TX,ASW,CE,Combined TRACON& Tower with Radar,38,21,31,27,117,0,0,23,2,25,38,21,54,29,142,18,22,40,182
03/08/2022,MAF,TX,ASW,CE,Combined TRACON& Tower with Radar,39,25,45,72,181,0,1,19,26,46,39,26,64,98,227,14,108,122,349
03/09/2022,MAF,TX,ASW,CE,Combined TRACON& Tower with Radar,39,19,44,29,131,0,1,22,11,34,39,20,66,40,165,0,0,0,165
03/10/2022,MAF,TX,ASW,CE,Combined TRACON& Tower with Radar,41,22,51,9,123,0,1,28,2,31,41,23,79,11,154,4,0,4,158
03/11/2022,MAF,TX,ASW,CE,Combined TRACON& Tower with Radar,44,22,22,27,115,0,1,3,5,9,44,23,25,32,124,0,24,24,148
03/12/2022,MAF,TX,ASW,CE,Combined TRACON& Tower with Radar,27,18,38,12,95,0,1,15,0,16,27,19,53,12,111,0,2,2,113
03/13/2022,MAF,TX,ASW,CE,Combined TRACON& Tower with Radar,34,7,29,26,96,0,1,14,3,18,34,8,43,29,114,10,10,20,134
03/14/2022,MAF,TX,ASW,CE,Combined TRACON& Tower with Radar,38,18,30,15,101,0,0,8,10,18,38,18,38,25,119,0,34,34,153
03/15/2022,MAF,TX,ASW,CE,Combined TRACON& Tower with Radar,39,18,32,68,157,0,0,23,8,31,39,18,55,76,188,28,56,84,272
03/16/2022,MAF,TX,ASW,CE,Combined TRACON& Tower with Radar,38,22,45,37,142,0,1,8,7,16,38,23,53,44,158,0,26,26,184
03/17/2022,MAF,TX,ASW,CE,Combined TRACON& Tower with Radar,42,21,32,23,118,0,0,7,3,10,42,21,39,26,128,14,6,20,148
03/18/2022,MAF,TX,ASW,CE,Combined TRACON& Tower with Radar,40,18,32,12,102,0,0,20,8,28,40,18,52,20,130,0,0,0,130
03/19/2022,MAF,TX,ASW,CE,Combined TRACON& Tower with Radar,30,15,13,3,61,0,0,21,3,24,30,15,34,6,85,56,0,56,141
03/20/2022,MAF,TX,ASW,CE,Combined TRACON& Tower with Radar,38,13,33,6,90,0,0,5,2,7,38,13,38,8,97,0,0,0,97
03/21/2022,MAF,TX,ASW,CE,Combined TRACON& Tower with Radar,33,17,38,25,113,0,4,2,2,8,33,21,40,27,121,2,10,12,133
03/22/2022,MAF,TX,ASW,CE,Combined TRACON& Tower with Radar,38,28,40,18,124,0,0,6,7,13,38,28,46,25,137,0,0,0,137
03/23/2022,MAF,TX,ASW,CE,Combined TRACON& Tower with Radar,41,27,60,20,148,0,0,12,2,14,41,27,72,22,162,0,0,0,162
03/24/2022,MAF,TX,ASW,CE,Combined TRACON& Tower with Radar,41,27,40,18,126,0,0,12,6,18,41,27,52,24,144,0,36,36,180
03/25/2022,MAF,TX,ASW,CE,Combined TRACON& Tower with Radar,41,16,25,9,91,0,1,20,13,34,41,17,45,22,125,16,44,60,185
03/26/2022,MAF,TX,ASW,CE,Combined TRACON& Tower with Radar,29,13,19,6,67,0,0,18,0,18,29,13,37,6,85,0,0,0,85
03/27/2022,MAF,TX,ASW,CE,Combined TRACON& Tower with Radar,39,5,24,3,71,0,0,17,2,19,39,5,41,5,90,6,0,6,96
03/28/2022,MAF,TX,ASW,CE,Combined TRACON& Tower with Radar,40,13,19,14,86,0,0,11,6,17,40,13,30,20,103,0,0,0,103
03/29/2022,MAF,TX,ASW,CE,Combined TRACON& Tower with Radar,44,17,48,26,135,0,1,7,12,20,44,18,55,38,155,0,18,18,173
03/30/2022,MAF,TX,ASW,CE,Combined TRACON& Tower with Radar,43,24,37,18,122,0,1,13,10,24,43,25,50,28,146,6,76,82,228
03/31/2022,MAF,TX,ASW,CE,Combined TRACON& Tower with Radar,45,27,36,21,129,0,0,11,3,14,45,27,47,24,143,0,0,0,143
04/01/2022,MAF,TX,ASW,CE,Combined TRACON& Tower with Radar,44,17,27,16,104,0,1,10,4,15,44,18,37,20,119,20,0,20,139
04/02/2022,MAF,TX,ASW,CE,Combined TRACON& Tower with Radar,31,16,7,1,55,0,0,21,1,22,31,16,28,2,77,6,0,6,83
04/03/2022,MAF,TX,ASW,CE,Combined TRACON& Tower with Radar,40,19,23,0,82,0,0,9,0,9,40,19,32,0,91,10,0,10,101
04/04/2022,MAF,TX,ASW,CE,Combined TRACON& Tower with Radar,37,15,47,57,156,0,1,12,30,43,37,16,59,87,199,0,0,0,199
04/05/2022,MAF,TX,ASW,CE,Combined TRACON& Tower with Radar,48,30,41,31,150,0,0,13,5,18,48,30,54,36,168,0,0,0,168
04/06/2022,MAF,TX,ASW,CE,Combined TRACON& Tower with Radar,52,32,49,44,177,0,0,20,5,25,52,32,69,49,202,0,0,0,202
04/07/2022,MAF,TX,ASW,CE,Combined TRACON& Tower with Radar,53,26,36,34,149,0,0,14,6,20,53,26,50,40,169,0,26,26,195
04/08/2022,MAF,TX,ASW,CE,Combined TRACON& Tower with Radar,48,16,25,16,105,0,0,22,2,24,48,16,47,18,129,0,0,0,129
04/09/2022,MAF,TX,ASW,CE,Combined TRACON& Tower with Radar,38,11,8,2,59,0,0,14,0,14,38,11,22,2,73,6,0,6,79
04/10/2022,MAF,TX,ASW,CE,Combined TRACON& Tower with Radar,50,16,30,7,103,0,0,10,3,13,50,16,40,10,116,3,0,3,119
04/11/2022,MAF,TX,ASW,CE,Combined TRACON& Tower with Radar,47,22,38,18,125,0,0,11,3,14,47,22,49,21,139,0,14,14,153
04/12/2022,MAF,TX,ASW,CE,Combined TRACON& Tower with Radar,47,32,39,24,142,0,0,6,12,18,47,32,45,36,160,8,90,98,258
04/13/2022,MAF,TX,ASW,CE,Combined TRACON& Tower with Radar,49,27,38,8,122,0,1,17,6,24,49,28,55,14,146,0,0,0,146
04/14/2022,MAF,TX,ASW,CE,Combined TRACON& Tower with Radar,50,27,41,23,141,0,0,25,18,43,50,27,66,41,184,0,0,0,184
04/15/2022,MAF,TX,ASW,CE,Combined TRACON& Tower with Radar,51,17,33,43,144,0,0,11,15,26,51,17,44,58,170,0,54,54,224
04/16/2022,MAF,TX,ASW,CE,Combined TRACON& Tower with Radar,38,9,8,4,59,0,0,7,0,7,38,9,15,4,66,14,0,14,80
04/17/2022,MAF,TX,ASW,CE,Combined TRACON& Tower with Radar,49,9,20,1,79,0,0,6,1,7,49,9,26,2,86,0,0,0,86
04/18/2022,MAF,TX,ASW,CE,Combined TRACON& Tower with Radar,49,26,59,48,182,0,1,17,33,51,49,27,76,81,233,2,74,76,309
04/19/2022,MAF,TX,ASW,CE,Combined TRACON& Tower with Radar,49,35,42,0,126,0,1,7,0,8,49,36,49,0,134,8,0,8,142
04/20/2022,MAF,TX,ASW,CE,Combined TRACON& Tower with Radar,52,20,54,5,131,0,0,14,9,23,52,20,68,14,154,0,42,42,196
04/21/2022,MAF,TX,ASW,CE,Combined TRACON& Tower with Radar,52,25,64,42,183,0,0,24,7,31,52,25,88,49,214,20,92,112,326
04/22/2022,MAF,TX,ASW,CE,Combined TRACON& Tower with Radar,52,26,27,28,133,0,2,0,3,5,52,28,27,31,138,0,60,60,198
04/23/2022,MAF,TX,ASW,CE,Combined TRACON& Tower with Radar,41,19,16,32,108,0,0,11,7,18,41,19,27,39,126,0,0,0,126
04/24/2022,MAF,TX,ASW,CE,Combined TRACON& Tower with Radar,48,17,40,8,113,0,0,18,1,19,48,17,58,9,132,0,0,0,132
04/25/2022,MAF,TX,ASW,CE,Combined TRACON& Tower with Radar,47,29,31,5,112,0,1,11,3,15,47,30,42,8,127,0,0,0,127
04/26/2022,MAF,TX,ASW,CE,Combined TRACON& Tower with Radar,46,21,36,46,149,0,2,14,10,26,46,23,50,56,175,0,36,36,211
04/27/2022,MAF,TX,ASW,CE,Combined TRACON& Tower with Radar,50,20,40,25,135,0,4,14,21,39,50,24,54,46,174,0,0,0,174
04/28/2022,MAF,TX,ASW,CE,Combined TRACON& Tower with Radar,54,19,38,25,136,0,0,21,14,35,54,19,59,39,171,0,0,0,171
04/29/2022,MAF,TX,ASW,CE,Combined TRACON& Tower with Radar,51,19,24,29,123,0,0,17,4,21,51,19,41,33,144,0,0,0,144
04/30/2022,MAF,TX,ASW,CE,Combined TRACON& Tower with Radar,37,9,9,30,85,0,0,14,7,21,37,9,23,37,106,0,0,0,106
05/01/2022,MAF,TX,ASW,CE,Combined TRACON& Tower with Radar,42,11,23,4,80,0,0,10,0,10,42,11,33,4,90,0,0,0,90
05/02/2022,MAF,TX,ASW,CE,Combined TRACON& Tower with Radar,49,14,44,21,128,0,0,10,10,20,49,14,54,31,148,0,0,0,148
05/03/2022,MAF,TX,ASW,CE,Combined TRACON& Tower with Radar,51,22,28,51,152,0,3,11,16,30,51,25,39,67,182,0,0,0,182
05/04/2022,MAF,TX,ASW,CE,Combined TRACON& Tower with Radar,47,26,50,58,181,0,1,9,5,15,47,27,59,63,196,0,38,38,234
05/05/2022,MAF,TX,ASW,CE,Combined TRACON& Tower with Radar,42,28,37,37,144,0,1,18,14,33,42,29,55,51,177,0,76,76,253
05/06/2022,MAF,TX,ASW,CE,Combined TRACON& Tower with Radar,54,22,42,14,132,0,0,16,3,19,54,22,58,17,151,0,0,0,151
05/07/2022,MAF,TX,ASW,CE,Combined TRACON& Tower with Radar,38,11,4,0,53,0,0,4,0,4,38,11,8,0,57,0,0,0,57
05/08/2022,MAF,TX,ASW,CE,Combined TRACON& Tower with Radar,44,16,27,6,93,0,0,12,0,12,44,16,39,6,105,0,0,0,105
05/09/2022,MAF,TX,ASW,CE,Combined TRACON& Tower with Radar,49,17,40,19,125,0,0,12,5,17,49,17,52,24,142,0,0,0,142
05/10/2022,MAF,TX,ASW,CE,Combined TRACON& Tower with Radar,46,27,29,23,125,0,6,12,11,29,46,33,41,34,154,0,40,40,194
05/11/2022,MAF,TX,ASW,CE,Combined TRACON& Tower with Radar,50,26,51,39,166,0,0,13,0,13,50,26,64,39,179,0,0,0,179
05/12/2022,MAF,TX,ASW,CE,Combined TRACON& Tower with Radar,51,26,52,29,158,0,3,23,2,28,51,29,75,31,186,12,6,18,204
05/13/2022,MAF,TX,ASW,CE,Combined TRACON& Tower with Radar,49,20,34,29,132,0,1,16,1,18,49,21,50,30,150,0,0,0,150
05/14/2022,MAF,TX,ASW,CE,Combined TRACON& Tower with Radar,38,11,12,2,63,0,1,18,0,19,38,12,30,2,82,14,0,14,96
05/15/2022,MAF,TX,ASW,CE,Combined TRACON& Tower with Radar,47,14,39,13,113,0,0,13,1,14,47,14,52,14,127,16,0,16,143
05/16/2022,MAF,TX,ASW,CE,Combined TRACON& Tower with Radar,47,19,40,18,124,0,0,10,0,10,47,19,50,18,134,0,0,0,134
05/17/2022,MAF,TX,ASW,CE,Combined TRACON& Tower with Radar,49,25,37,11,122,0,0,7,5,12,49,25,44,16,134,0,0,0,134
05/18/2022,MAF,TX,ASW,CE,Combined TRACON& Tower with Radar,52,19,41,12,124,0,0,16,13,29,52,19,57,25,153,0,0,0,153
05/19/2022,MAF,TX,ASW,CE,Combined TRACON& Tower with Radar,51,22,44,4,121,0,0,12,12,24,51,22,56,16,145,4,70,74,219
05/20/2022,MAF,TX,ASW,CE,Combined TRACON& Tower with Radar,49,20,26,29,124,0,0,7,6,13,49,20,33,35,137,0,0,0,137
05/21/2022,MAF,TX,ASW,CE,Combined TRACON& Tower with Radar,38,17,18,17,90,0,0,5,4,9,38,17,23,21,99,0,0,0,99
05/22/2022,MAF,TX,ASW,CE,Combined TRACON& Tower with Radar,45,8,29,28,110,0,0,15,5,20,45,8,44,33,130,16,0,16,146
05/23/2022,MAF,TX,ASW,CE,Combined TRACON& Tower with Radar,47,14,42,3,106,0,0,4,1,5,47,14,46,4,111,2,0,2,113
05/24/2022,MAF,TX,ASW,CE,Combined TRACON& Tower with Radar,39,15,30,49,133,0,0,5,14,19,39,15,35,63,152,0,106,106,258
05/25/2022,MAF,TX,ASW,CE,Combined TRACON& Tower with Radar,48,32,49,32,161,0,1,31,17,49,48,33,80,49,210,12,20,32,242
05/26/2022,MAF,TX,ASW,CE,Combined TRACON& Tower with Radar,51,34,47,44,176,0,1,25,14,40,51,35,72,58,216,18,96,114,330
05/27/2022,MAF,TX,ASW,CE,Combined TRACON& Tower with Radar,51,19,26,0,96,0,1,17,0,18,51,20,43,0,114,0,0,0,114
05/28/2022,MAF,TX,ASW,CE,Combined TRACON& Tower with Radar,38,15,13,0,66,0,0,6,0,6,38,15,19,0,72,22,0,22,94
05/29/2022,MAF,TX,ASW,CE,Combined TRACON& Tower with Radar,43,9,22,0,74,0,0,8,0,8,43,9,30,0,82,0,0,0,82
05/30/2022,MAF,TX,ASW,CE,Combined TRACON& Tower with Radar,46,9,22,1,78,0,0,13,1,14,46,9,35,2,92,0,0,0,92
05/31/2022,MAF,TX,ASW,CE,Combined TRACON& Tower with Radar,50,17,41,20,128,0,4,12,8,24,50,21,53,28,152,0,0,0,152
06/01/2022,MAF,TX,ASW,CE,Combined TRACON& Tower with Radar,46,14,47,50,157,0,0,5,11,16,46,14,52,61,173,0,68,68,241
06/02/2022,MAF,TX,ASW,CE,Combined TRACON& Tower with Radar,48,23,46,18,135,0,0,3,1,4,48,23,49,19,139,26,0,26,165
06/03/2022,MAF,TX,ASW,CE,Combined TRACON& Tower with Radar,50,12,37,62,161,0,0,15,6,21,50,12,52,68,182,30,14,44,226
06/04/2022,MAF,TX,ASW,CE,Combined TRACON& Tower with Radar,26,22,13,14,75,0,0,14,3,17,26,22,27,17,92,20,0,20,112
06/05/2022,MAF,TX,ASW,CE,Combined TRACON& Tower with Radar,52,14,35,8,109,0,0,14,2,16,52,14,49,10,125,0,0,0,125
06/06/2022,MAF,TX,ASW,CE,Combined TRACON& Tower with Radar,52,20,35,8,115,0,1,16,9,26,52,21,51,17,141,0,0,0,141
06/07/2022,MAF,TX,ASW,CE,Combined TRACON& Tower with Radar,56,31,44,12,143,0,1,20,1,22,56,32,64,13,165,4,16,20,185
06/08/2022,MAF,TX,ASW,CE,Combined TRACON& Tower with Radar,59,16,49,28,152,0,0,12,6,18,59,16,61,34,170,0,0,0,170
06/09/2022,MAF,TX,ASW,CE,Combined TRACON& Tower with Radar,58,29,39,12,138,0,0,19,5,24,58,29,58,17,162,0,0,0,162
06/10/2022,MAF,TX,ASW,CE,Combined TRACON& Tower with Radar,53,24,31,53,161,0,0,18,6,24,53,24,49,59,185,22,22,44,229
06/11/2022,MAF,TX,ASW,CE,Combined TRACON& Tower with Radar,28,24,21,6,79,0,0,28,1,29,28,24,49,7,108,6,0,6,114
06/12/2022,MAF,TX,ASW,CE,Combined TRACON& Tower with Radar,51,11,38,12,112,0,0,11,3,14,51,11,49,15,126,0,0,0,126
06/13/2022,MAF,TX,ASW,CE,Combined TRACON& Tower with Radar,53,25,31,7,116,0,0,11,2,13,53,25,42,9,129,0,0,0,129
06/14/2022,MAF,TX,ASW,CE,Combined TRACON& Tower with Radar,53,11,45,22,131,0,0,16,12,28,53,11,61,34,159,40,38,78,237
06/15/2022,MAF,TX,ASW,CE,Combined TRACON& Tower with Radar,57,19,41,31,148,0,3,22,2,27,57,22,63,33,175,0,0,0,175
06/16/2022,MAF,TX,ASW,CE,Combined TRACON& Tower with Radar,54,21,43,14,132,0,1,16,5,22,54,22,59,19,154,0,0,0,154
06/17/2022,MAF,TX,ASW,CE,Combined TRACON& Tower with Radar,56,24,28,29,137,0,1,20,9,30,56,25,48,38,167,80,30,110,277
06/18/2022,MAF,TX,ASW,CE,Combined TRACON& Tower with Radar,30,18,28,7,83,0,0,12,3,15,30,18,40,10,98,0,0,0,98
06/19/2022,MAF,TX,ASW,CE,Combined TRACON& Tower with Radar,51,10,28,0,89,0,0,6,0,6,51,10,34,0,95,6,0,6,101
06/20/2022,MAF,TX,ASW,CE,Combined TRACON& Tower with Radar,53,14,25,0,92,0,0,7,0,7,53,14,32,0,99,0,0,0,99
06/21/2022,MAF,TX,ASW,CE,Combined TRACON& Tower with Radar,52,19,35,17,123,0,0,19,6,25,52,19,54,23,148,2,52,54,202
06/22/2022,MAF,TX,ASW,CE,Combined TRACON& Tower with Radar,54,17,34,20,125,0,0,10,8,18,54,17,44,28,143,0,0,0,143
06/23/2022,MAF,TX,ASW,CE,Combined TRACON& Tower with Radar,51,16,49,29,145,0,3,24,12,39,51,19,73,41,184,0,0,0,184
06/24/2022,MAF,TX,ASW,CE,Combined TRACON& Tower with Radar,50,16,35,40,141,0,3,20,7,30,50,19,55,47,171,0,9,9,180
06/25/2022,MAF,TX,ASW,CE,Combined TRACON& Tower with Radar,31,16,12,7,66,0,1,18,1,20,31,17,30,8,86,52,6,58,144
06/26/2022,MAF,TX,ASW,CE,Combined TRACON& Tower with Radar,46,9,28,8,91,0,0,9,1,10,46,9,37,9,101,4,0,4,105
06/27/2022,MAF,TX,ASW,CE,Combined TRACON& Tower with Radar,57,17,38,28,140,0,0,6,3,9,57,17,44,31,149,0,0,0,149
06/28/2022,MAF,TX,ASW,CE,Combined TRACON& Tower with Radar,53,29,46,18,146,0,0,22,10,32,53,29,68,28,178,10,58,68,246
06/29/2022,MAF,TX,ASW,CE,Combined TRACON& Tower with Radar,54,18,46,38,156,0,0,17,13,30,54,18,63,51,186,46,66,112,298
06/30/2022,MAF,TX,ASW,CE,Combined TRACON& Tower with Radar,53,26,52,21,152,0,0,19,6,25,53,26,71,27,177,0,4,4,181
07/01/2022,MAF,TX,ASW,CE,Combined TRACON& Tower with Radar,58,16,39,0,113,0,0,18,1,19,58,16,57,1,132,10,0,10,142
07/02/2022,MAF,TX,ASW,CE,Combined TRACON& Tower with Radar,32,15,30,2,79,0,1,14,1,16,32,16,44,3,95,12,0,12,107
07/03/2022,MAF,TX,ASW,CE,Combined TRACON& Tower with Radar,49,4,9,1,63,0,0,4,1,5,49,4,13,2,68,12,0,12,80
07/04/2022,MAF,TX,ASW,CE,Combined TRACON& Tower with Radar,51,8,14,0,73,0,0,8,0,8,51,8,22,0,81,0,0,0,81
07/05/2022,MAF,TX,ASW,CE,Combined TRACON& Tower with Radar,53,16,28,8,105,0,0,8,3,11,53,16,36,11,116,0,24,24,140
07/06/2022,MAF,TX,ASW,CE,Combined TRACON& Tower with Radar,54,22,50,9,135,0,0,13,3,16,54,22,63,12,151,16,14,30,181
07/07/2022,MAF,TX,ASW,CE,Combined TRACON& Tower with Radar,57,19,42,19,137,0,2,25,16,43,57,21,67,35,180,38,64,102,282
07/08/2022,MAF,TX,ASW,CE,Combined TRACON& Tower with Radar,53,13,31,46,143,0,0,16,3,19,53,13,47,49,162,30,20,50,212
07/09/2022,MAF,TX,ASW,CE,Combined TRACON& Tower with Radar,28,14,11,19,72,0,0,31,2,33,28,14,42,21,105,0,0,0,105
07/10/2022,MAF,TX,ASW,CE,Combined TRACON& Tower with Radar,52,10,36,15,113,0,0,13,1,14,52,10,49,16,127,16,0,16,143
07/11/2022,MAF,TX,ASW,CE,Combined TRACON& Tower with Radar,53,19,41,9,122,0,0,14,3,17,53,19,55,12,139,0,0,0,139
07/12/2022,MAF,TX,ASW,CE,Combined TRACON& Tower with Radar,47,25,35,16,123,0,2,14,6,22,47,27,49,22,145,0,0,0,145
07/13/2022,MAF,TX,ASW,CE,Combined TRACON& Tower with Radar,49,15,36,27,127,0,0,21,2,23,49,15,57,29,150,0,0,0,150
07/14/2022,MAF,TX,ASW,CE,Combined TRACON& Tower with Radar,53,21,50,31,155,0,1,16,9,26,53,22,66,40,181,10,30,40,221
07/15/2022,MAF,TX,ASW,CE,Combined TRACON& Tower with Radar,53,26,17,59,155,0,0,15,0,15,53,26,32,59,170,10,0,10,180
07/16/2022,MAF,TX,ASW,CE,Combined TRACON& Tower with Radar,31,16,21,0,68,0,0,11,1,12,31,16,32,1,80,2,0,2,82
07/17/2022,MAF,TX,ASW,CE,Combined TRACON& Tower with Radar,55,12,34,17,118,0,0,13,1,14,55,12,47,18,132,0,0,0,132
07/18/2022,MAF,TX,ASW,CE,Combined TRACON& Tower with Radar,56,12,40,22,130,0,0,6,15,21,56,12,46,37,151,0,4,4,155
07/19/2022,MAF,TX,ASW,CE,Combined TRACON& Tower with Radar,52,19,40,8,119,0,2,19,3,24,52,21,59,11,143,0,10,10,153
07/20/2022,MAF,TX,ASW,CE,Combined TRACON& Tower with Radar,56,18,50,33,157,0,2,21,8,31,56,20,71,41,188,0,0,0,188
07/21/2022,MAF,TX,ASW,CE,Combined TRACON& Tower with Radar,54,32,49,12,147,0,2,11,4,17,54,34,60,16,164,0,16,16,180
07/22/2022,MAF,TX,ASW,CE,Combined TRACON& Tower with Radar,57,11,43,13,124,0,3,31,1,35,57,14,74,14,159,14,18,32,191
07/23/2022,MAF,TX,ASW,CE,Combined TRACON& Tower with Radar,27,17,19,3,66,0,0,19,1,20,27,17,38,4,86,0,0,0,86
07/24/2022,MAF,TX,ASW,CE,Combined TRACON& Tower with Radar,50,16,37,1,104,0,0,16,1,17,50,16,53,2,121,0,0,0,121
07/25/2022,MAF,TX,ASW,CE,Combined TRACON& Tower with Radar,55,11,39,12,117,0,0,23,1,24,55,11,62,13,141,0,0,0,141
07/26/2022,MAF,TX,ASW,CE,Combined TRACON& Tower with Radar,49,16,33,8,106,0,3,17,1,21,49,19,50,9,127,0,0,0,127
07/27/2022,MAF,TX,ASW,CE,Combined TRACON& Tower with Radar,53,24,37,20,134,0,0,27,0,27,53,24,64,20,161,4,0,4,165
07/28/2022,MAF,TX,ASW,CE,Combined TRACON& Tower with Radar,62,19,57,29,167,10,2,12,2,26,72,21,69,31,193,0,0,0,193
07/29/2022,MAF,TX,ASW,CE,Combined TRACON& Tower with Radar,58,11,18,19,106,15,1,11,1,28,73,12,29,20,134,0,4,4,138
07/30/2022,MAF,TX,ASW,CE,Combined TRACON& Tower with Radar,33,18,23,6,80,0,0,21,2,23,33,18,44,8,103,0,0,0,103
07/31/2022,MAF,TX,ASW,CE,Combined TRACON& Tower with Radar,50,15,23,0,88,0,0,5,0,5,50,15,28,0,93,8,0,8,101
08/01/2022,MAF,TX,ASW,CE,Combined TRACON& Tower with Radar,53,14,41,18,126,0,0,13,5,18,53,14,54,23,144,0,0,0,144
08/02/2022,MAF,TX,ASW,CE,Combined TRACON& Tower with Radar,51,16,38,10,115,0,2,22,2,26,51,18,60,12,141,0,24,24,165
08/03/2022,MAF,TX,ASW,CE,Combined TRACON& Tower with Radar,56,26,52,11,145,0,1,24,6,31,56,27,76,17,176,0,0,0,176
08/04/2022,MAF,TX,ASW,CE,Combined TRACON& Tower with Radar,49,20,39,0,108,0,0,35,0,35,49,20,74,0,143,4,0,4,147
08/05/2022,MAF,TX,ASW,CE,Combined TRACON& Tower with Radar,47,22,39,21,129,0,2,21,3,26,47,24,60,24,155,8,0,8,163
08/06/2022,MAF,TX,ASW,CE,Combined TRACON& Tower with Radar,27,15,9,3,54,0,0,16,2,18,27,15,25,5,72,0,0,0,72
08/07/2022,MAF,TX,ASW,CE,Combined TRACON& Tower with Radar,49,6,32,9,96,0,0,15,2,17,49,6,47,11,113,22,0,22,135
08/08/2022,MAF,TX,ASW,CE,Combined TRACON& Tower with Radar,53,12,30,17,112,0,0,21,0,21,53,12,51,17,133,0,0,0,133
08/09/2022,MAF,TX,ASW,CE,Combined TRACON& Tower with Radar,53,19,34,34,140,0,0,17,13,30,53,19,51,47,170,0,0,0,170
08/10/2022,MAF,TX,ASW,CE,Combined TRACON& Tower with Radar,63,25,44,7,139,0,1,16,8,25,63,26,60,15,164,8,0,8,172
08/11/2022,MAF,TX,ASW,CE,Combined TRACON& Tower with Radar,50,14,39,18,121,0,0,16,8,24,50,14,55,26,145,0,0,0,145
08/12/2022,MAF,TX,ASW,CE,Combined TRACON& Tower with Radar,55,13,28,62,158,0,0,12,10,22,55,13,40,72,180,0,14,14,194
08/13/2022,MAF,TX,ASW,CE,Combined TRACON& Tower with Radar,29,22,13,3,67,0,0,14,4,18,29,22,27,7,85,4,0,4,89
08/14/2022,MAF,TX,ASW,CE,Combined TRACON& Tower with Radar,51,6,30,4,91,0,0,17,2,19,51,6,47,6,110,10,0,10,120
08/15/2022,MAF,TX,ASW,CE,Combined TRACON& Tower with Radar,53,22,43,31,149,0,0,22,3,25,53,22,65,34,174,8,0,8,182
08/16/2022,MAF,TX,ASW,CE,Combined TRACON& Tower with Radar,52,21,37,0,110,0,0,11,0,11,52,21,48,0,121,0,0,0,121
08/17/2022,MAF,TX,ASW,CE,Combined TRACON& Tower with Radar,59,24,42,4,129,0,0,12,1,13,59,24,54,5,142,0,10,10,152
08/18/2022,MAF,TX,ASW,CE,Combined TRACON& Tower with Radar,52,18,43,6,119,0,0,11,2,13,52,18,54,8,132,26,0,26,158
08/19/2022,MAF,TX,ASW,CE,Combined TRACON& Tower with Radar,56,20,32,44,152,0,1,25,18,44,56,21,57,62,196,0,0,0,196
08/20/2022,MAF,TX,ASW,CE,Combined TRACON& Tower with Radar,32,11,25,4,72,0,0,14,2,16,32,11,39,6,88,0,0,0,88
08/21/2022,MAF,TX,ASW,CE,Combined TRACON& Tower with Radar,38,11,28,0,77,0,0,2,0,2,38,11,30,0,79,0,0,0,79
08/22/2022,MAF,TX,ASW,CE,Combined TRACON& Tower with Radar,58,28,37,1,124,0,1,2,0,3,58,29,39,1,127,0,0,0,127
08/23/2022,MAF,TX,ASW,CE,Combined TRACON& Tower with Radar,47,23,28,20,118,0,0,7,0,7,47,23,35,20,125,0,0,0,125
08/24/2022,MAF,TX,ASW,CE,Combined TRACON& Tower with Radar,50,21,59,49,179,0,0,21,23,44,50,21,80,72,223,18,12,30,253
08/25/2022,MAF,TX,ASW,CE,Combined TRACON& Tower with Radar,52,23,49,29,153,0,1,26,8,35,52,24,75,37,188,0,0,0,188
08/26/2022,MAF,TX,ASW,CE,Combined TRACON& Tower with Radar,54,18,27,35,134,0,0,25,1,26,54,18,52,36,160,0,32,32,192
08/27/2022,MAF,TX,ASW,CE,Combined TRACON& Tower with Radar,36,8,6,2,52,0,0,26,2,28,36,8,32,4,80,0,0,0,80
08/28/2022,MAF,TX,ASW,CE,Combined TRACON& Tower with Radar,48,12,28,8,96,0,0,19,4,23,48,12,47,12,119,0,0,0,119
08/29/2022,MAF,TX,ASW,CE,Combined TRACON& Tower with Radar,44,20,45,11,120,0,0,24,2,26,44,20,69,13,146,0,0,0,146
08/30/2022,MAF,TX,ASW,CE,Combined TRACON& Tower with Radar,51,28,28,14,121,0,0,5,0,5,51,28,33,14,126,8,0,8,134
08/31/2022,MAF,TX,ASW,CE,Combined TRACON& Tower with Radar,50,20,42,3,115,0,0,2,1,3,50,20,44,4,118,0,0,0,118
09/01/2022,MAF,TX,ASW,CE,Combined TRACON& Tower with Radar,46,32,45,11,134,0,2,4,1,7,46,34,49,12,141,22,0,22,163
09/02/2022,MAF,TX,ASW,CE,Combined TRACON& Tower with Radar,50,17,45,1,113,0,0,2,1,3,50,17,47,2,116,0,0,0,116
09/03/2022,MAF,TX,ASW,CE,Combined TRACON& Tower with Radar,28,9,23,0,60,0,0,11,0,11,28,9,34,0,71,4,0,4,75
09/04/2022,MAF,TX,ASW,CE,Combined TRACON& Tower with Radar,36,6,12,0,54,0,0,11,0,11,36,6,23,0,65,0,0,0,65
09/05/2022,MAF,TX,ASW,CE,Combined TRACON& Tower with Radar,45,11,26,0,82,0,0,22,0,22,45,11,48,0,104,10,0,10,114
09/06/2022,MAF,TX,ASW,CE,Combined TRACON& Tower with Radar,47,25,38,32,142,0,0,9,13,22,47,25,47,45,164,10,80,90,254
09/07/2022,MAF,TX,ASW,CE,Combined TRACON& Tower with Radar,55,17,46,9,127,0,0,22,15,37,55,17,68,24,164,2,8,10,174
09/08/2022,MAF,TX,ASW,CE,Combined TRACON& Tower with Radar,56,20,36,7,119,0,0,15,2,17,56,20,51,9,136,0,0,0,136
09/09/2022,MAF,TX,ASW,CE,Combined TRACON& Tower with Radar,52,20,28,5,105,0,0,20,1,21,52,20,48,6,126,12,0,12,138
09/10/2022,MAF,TX,ASW,CE,Combined TRACON& Tower with Radar,41,6,13,10,70,0,1,10,2,13,41,7,23,12,83,6,6,12,95
09/11/2022,MAF,TX,ASW,CE,Combined TRACON& Tower with Radar,46,14,14,0,74,0,2,15,3,20,46,16,29,3,94,0,0,0,94
09/12/2022,MAF,TX,ASW,CE,Combined TRACON& Tower with Radar,59,16,41,41,157,0,1,22,13,36,59,17,63,54,193,10,36,46,239
09/13/2022,MAF,TX,ASW,CE,Combined TRACON& Tower with Radar,54,19,49,33,155,0,0,29,10,39,54,19,78,43,194,8,34,42,236
09/14/2022,MAF,TX,ASW,CE,Combined TRACON& Tower with Radar,58,21,48,36,163,0,0,10,8,18,58,21,58,44,181,0,62,62,243
09/15/2022,MAF,TX,ASW,CE,Combined TRACON& Tower with Radar,58,23,55,55,191,0,2,14,18,34,58,25,69,73,225,0,90,90,315
09/16/2022,MAF,TX,ASW,CE,Combined TRACON& Tower with Radar,58,18,31,38,145,0,0,10,12,22,58,18,41,50,167,4,92,96,263
09/17/2022,MAF,TX,ASW,CE,Combined TRACON& Tower with Radar,43,15,30,8,96,0,0,12,0,12,43,15,42,8,108,0,0,0,108
09/18/2022,MAF,TX,ASW,CE,Combined TRACON& Tower with Radar,48,14,28,8,98,0,2,15,0,17,48,16,43,8,115,10,0,10,125
09/19/2022,MAF,TX,ASW,CE,Combined TRACON& Tower with Radar,57,20,43,51,171,0,1,20,10,31,57,21,63,61,202,34,40,74,276
09/20/2022,MAF,TX,ASW,CE,Combined TRACON& Tower with Radar,52,25,34,50,161,0,2,22,7,31,52,27,56,57,192,0,0,0,192
09/21/2022,MAF,TX,ASW,CE,Combined TRACON& Tower with Radar,55,20,38,27,140,0,0,16,4,20,55,20,54,31,160,0,0,0,160
09/22/2022,MAF,TX,ASW,CE,Combined TRACON& Tower with Radar,58,25,45,28,156,0,2,18,13,33,58,27,63,41,189,4,60,64,253
09/23/2022,MAF,TX,ASW,CE,Combined TRACON& Tower with Radar,62,18,38,49,167,0,1,17,12,30,62,19,55,61,197,2,10,12,209
09/24/2022,MAF,TX,ASW,CE,Combined TRACON& Tower with Radar,41,9,28,17,95,0,0,15,2,17,41,9,43,19,112,0,0,0,112
09/25/2022,MAF,TX,ASW,CE,Combined TRACON& Tower with Radar,49,9,30,6,94,0,0,23,3,26,49,9,53,9,120,38,0,38,158
09/26/2022,MAF,TX,ASW,CE,Combined TRACON& Tower with Radar,59,8,25,30,122,0,1,16,8,25,59,9,41,38,147,0,0,0,147
09/27/2022,MAF,TX,ASW,CE,Combined TRACON& Tower with Radar,56,17,41,30,144,0,0,29,7,36,56,17,70,37,180,0,0,0,180
09/28/2022,MAF,TX,ASW,CE,Combined TRACON& Tower with Radar,53,25,50,30,158,0,0,30,7,37,53,25,80,37,195,0,42,42,237
09/29/2022,MAF,TX,ASW,CE,Combined TRACON& Tower with Radar,57,21,50,10,138,0,3,23,2,28,57,24,73,12,166,4,62,66,232
09/30/2022,MAF,TX,ASW,CE,Combined TRACON& Tower with Radar,56,23,31,27,137,0,1,17,16,34,56,24,48,43,171,2,32,34,205
10/01/2022,MAF,TX,ASW,CE,Combined TRACON& Tower with Radar,42,10,20,3,75,0,0,15,4,19,42,10,35,7,94,0,0,0,94
10/02/2022,MAF,TX,ASW,CE,Combined TRACON& Tower with Radar,48,14,22,6,90,0,2,25,2,29,48,16,47,8,119,0,0,0,119
10/03/2022,MAF,TX,ASW,CE,Combined TRACON& Tower with Radar,54,14,39,7,114,0,0,24,1,25,54,14,63,8,139,0,0,0,139
10/04/2022,MAF,TX,ASW,CE,Combined TRACON& Tower with Radar,55,23,44,30,152,0,1,21,9,31,55,24,65,39,183,6,66,72,255
10/05/2022,MAF,TX,ASW,CE,Combined TRACON& Tower with Radar,54,29,55,44,182,0,1,21,8,30,54,30,76,52,212,0,39,39,251
10/06/2022,MAF,TX,ASW,CE,Combined TRACON& Tower with Radar,56,25,43,26,150,0,0,14,8,22,56,25,57,34,172,0,12,12,184
10/07/2022,MAF,TX,ASW,CE,Combined TRACON& Tower with Radar,59,20,47,12,138,0,0,25,4,29,59,20,72,16,167,28,16,44,211
10/08/2022,MAF,TX,ASW,CE,Combined TRACON& Tower with Radar,39,11,16,2,68,0,0,22,1,23,39,11,38,3,91,14,0,14,105
10/09/2022,MAF,TX,ASW,CE,Combined TRACON& Tower with Radar,51,11,32,0,94,0,0,17,0,17,51,11,49,0,111,0,0,0,111
10/10/2022,MAF,TX,ASW,CE,Combined TRACON& Tower with Radar,54,14,33,2,103,0,0,6,0,6,54,14,39,2,109,0,0,0,109
10/11/2022,MAF,TX,ASW,CE,Combined TRACON& Tower with Radar,56,26,36,29,147,0,0,34,6,40,56,26,70,35,187,0,30,30,217
10/12/2022,MAF,TX,ASW,CE,Combined TRACON& Tower with Radar,57,20,53,34,164,0,0,37,5,42,57,20,90,39,206,0,64,64,270
10/13/2022,MAF,TX,ASW,CE,Combined TRACON& Tower with Radar,57,24,56,5,142,0,0,35,1,36,57,24,91,6,178,0,0,0,178
10/14/2022,MAF,TX,ASW,CE,Combined TRACON& Tower with Radar,56,21,36,24,137,0,0,24,2,26,56,21,60,26,163,12,24,36,199
10/15/2022,MAF,TX,ASW,CE,Combined TRACON& Tower with Radar,41,16,35,1,93,0,0,19,1,20,41,16,54,2,113,22,0,22,135
10/16/2022,MAF,TX,ASW,CE,Combined TRACON& Tower with Radar,48,16,24,7,95,0,0,8,1,9,48,16,32,8,104,0,0,0,104
10/17/2022,MAF,TX,ASW,CE,Combined TRACON& Tower with Radar,57,17,39,0,113,0,0,11,2,13,57,17,50,2,126,0,0,0,126
10/18/2022,MAF,TX,ASW,CE,Combined TRACON& Tower with Radar,57,25,48,60,190,0,0,36,14,50,57,25,84,74,240,12,34,46,286
10/19/2022,MAF,TX,ASW,CE,Combined TRACON& Tower with Radar,57,16,45,22,140,0,0,37,10,47,57,16,82,32,187,4,60,64,251
10/20/2022,MAF,TX,ASW,CE,Combined TRACON& Tower with Radar,57,20,40,12,129,0,0,29,0,29,57,20,69,12,158,0,0,0,158
10/21/2022,MAF,TX,ASW,CE,Combined TRACON& Tower with Radar,61,15,32,16,124,0,1,22,16,39,61,16,54,32,163,8,24,32,195
10/22/2022,MAF,TX,ASW,CE,Combined TRACON& Tower with Radar,41,7,20,0,68,0,0,12,0,12,41,7,32,0,80,42,0,42,122
10/23/2022,MAF,TX,ASW,CE,Combined TRACON& Tower with Radar,49,12,44,9,114,1,0,17,1,19,50,12,61,10,133,0,0,0,133
10/24/2022,MAF,TX,ASW,CE,Combined TRACON& Tower with Radar,54,18,30,4,106,0,0,3,2,5,54,18,33,6,111,0,0,0,111
10/25/2022,MAF,TX,ASW,CE,Combined TRACON& Tower with Radar,54,29,34,7,124,0,0,25,2,27,54,29,59,9,151,8,4,12,163
10/26/2022,MAF,TX,ASW,CE,Combined TRACON& Tower with Radar,63,21,43,5,132,0,1,30,0,31,63,22,73,5,163,7,4,11,174
10/27/2022,MAF,TX,ASW,CE,Combined TRACON& Tower with Radar,59,21,49,4,133,0,0,14,6,20,59,21,63,10,153,0,14,14,167
10/28/2022,MAF,TX,ASW,CE,Combined TRACON& Tower with Radar,51,15,38,27,131,0,0,6,3,9,51,15,44,30,140,0,20,20,160
10/29/2022,MAF,TX,ASW,CE,Combined TRACON& Tower with Radar,38,11,22,0,71,0,0,13,0,13,38,11,35,0,84,34,0,34,118
10/30/2022,MAF,TX,ASW,CE,Combined TRACON& Tower with Radar,48,6,43,11,108,0,0,12,1,13,48,6,55,12,121,8,0,8,129
10/31/2022,MAF,TX,ASW,CE,Combined TRACON& Tower with Radar,49,10,30,26,115,0,0,18,3,21,49,10,48,29,136,12,14,26,162
11/01/2022,MAF,TX,ASW,CE,Combined TRACON& Tower with Radar,53,21,54,7,135,0,0,15,3,18,53,21,69,10,153,0,0,0,153
11/02/2022,MAF,TX,ASW,CE,Combined TRACON& Tower with Radar,54,25,49,38,166,0,0,13,8,21,54,25,62,46,187,18,64,82,269
11/03/2022,MAF,TX,ASW,CE,Combined TRACON& Tower with Radar,49,30,43,44,166,0,0,12,5,17,49,30,55,49,183,0,0,0,183
11/04/2022,MAF,TX,ASW,CE,Combined TRACON& Tower with Radar,48,20,36,48,152,0,0,11,6,17,48,20,47,54,169,12,16,28,197
11/05/2022,MAF,TX,ASW,CE,Combined TRACON& Tower with Radar,39,13,28,2,82,0,0,8,4,12,39,13,36,6,94,14,0,14,108
11/06/2022,MAF,TX,ASW,CE,Combined TRACON& Tower with Radar,49,19,39,10,117,0,4,23,3,30,49,23,62,13,147,34,0,34,181
11/07/2022,MAF,TX,ASW,CE,Combined TRACON& Tower with Radar,52,17,44,39,152,0,0,14,12,26,52,17,58,51,178,0,0,0,178
11/08/2022,MAF,TX,ASW,CE,Combined TRACON& Tower with Radar,48,18,28,37,131,0,3,7,5,15,48,21,35,42,146,0,0,0,146
11/09/2022,MAF,TX,ASW,CE,Combined TRACON& Tower with Radar,48,30,45,34,157,0,0,13,1,14,48,30,58,35,171,4,0,4,175
11/10/2022,MAF,TX,ASW,CE,Combined TRACON& Tower with Radar,50,22,57,7,136,0,0,17,1,18,50,22,74,8,154,0,16,16,170
11/11/2022,MAF,TX,ASW,CE,Combined TRACON& Tower with Radar,53,19,40,6,118,0,0,9,0,9,53,19,49,6,127,0,0,0,127
11/12/2022,MAF,TX,ASW,CE,Combined TRACON& Tower with Radar,40,8,21,1,70,0,0,23,3,26,40,8,44,4,96,0,0,0,96
11/13/2022,MAF,TX,ASW,CE,Combined TRACON& Tower with Radar,49,9,27,5,90,0,0,15,0,15,49,9,42,5,105,0,0,0,105
11/14/2022,MAF,TX,ASW,CE,Combined TRACON& Tower with Radar,48,22,30,17,117,0,0,8,1,9,48,22,38,18,126,0,0,0,126
11/15/2022,MAF,TX,ASW,CE,Combined TRACON& Tower with Radar,48,28,49,35,160,0,0,21,7,28,48,28,70,42,188,10,60,70,258
11/16/2022,MAF,TX,ASW,CE,Combined TRACON& Tower with Radar,46,35,47,6,134,0,0,26,1,27,46,35,73,7,161,36,8,44,205
11/17/2022,MAF,TX,ASW,CE,Combined TRACON& Tower with Radar,49,22,40,17,128,0,0,17,15,32,49,22,57,32,160,0,24,24,184
11/18/2022,MAF,TX,ASW,CE,Combined TRACON& Tower with Radar,53,21,40,36,150,0,0,22,3,25,53,21,62,39,175,16,4,20,195
11/19/2022,MAF,TX,ASW,CE,Combined TRACON& Tower with Radar,40,16,23,0,79,0,0,13,0,13,40,16,36,0,92,16,0,16,108
11/20/2022,MAF,TX,ASW,CE,Combined TRACON& Tower with Radar,51,22,20,0,93,0,0,7,0,7,51,22,27,0,100,20,0,20,120
11/21/2022,MAF,TX,ASW,CE,Combined TRACON& Tower with Radar,50,17,23,9,99,0,0,19,4,23,50,17,42,13,122,40,0,40,162
11/22/2022,MAF,TX,ASW,CE,Combined TRACON& Tower with Radar,47,32,28,53,160,0,4,24,4,32,47,36,52,57,192,0,78,78,270
11/23/2022,MAF,TX,ASW,CE,Combined TRACON& Tower with Radar,46,23,43,0,112,0,0,8,0,8,46,23,51,0,120,8,0,8,128
11/24/2022,MAF,TX,ASW,CE,Combined TRACON& Tower with Radar,36,8,6,0,50,0,0,4,0,4,36,8,10,0,54,0,0,0,54
11/25/2022,MAF,TX,ASW,CE,Combined TRACON& Tower with Radar,48,17,11,0,76,0,0,1,0,1,48,17,12,0,77,0,0,0,77
11/26/2022,MAF,TX,ASW,CE,Combined TRACON& Tower with Radar,43,17,23,0,83,0,0,5,0,5,43,17,28,0,88,0,0,0,88
11/27/2022,MAF,TX,ASW,CE,Combined TRACON& Tower with Radar,46,19,36,1,102,0,0,23,1,24,46,19,59,2,126,0,0,0,126
11/28/2022,MAF,TX,ASW,CE,Combined TRACON& Tower with Radar,44,23,39,4,110,0,0,11,1,12,44,23,50,5,122,0,8,8,130
11/29/2022,MAF,TX,ASW,CE,Combined TRACON& Tower with Radar,52,23,38,11,124,0,1,8,4,13,52,24,46,15,137,2,10,12,149
11/30/2022,MAF,TX,ASW,CE,Combined TRACON& Tower with Radar,47,21,39,19,126,0,0,36,4,40,47,21,75,23,166,30,0,30,196
12/01/2022,MAF,TX,ASW,CE,Combined TRACON& Tower with Radar,47,33,46,46,172,0,1,23,7,31,47,34,69,53,203,24,44,68,271
12/02/2022,MAF,TX,ASW,CE,Combined TRACON& Tower with Radar,49,16,41,16,122,0,2,32,1,35,49,18,73,17,157,16,22,38,195
12/03/2022,MAF,TX,ASW,CE,Combined TRACON& Tower with Radar,34,16,29,9,88,0,0,18,5,23,34,16,47,14,111,28,0,28,139
12/04/2022,MAF,TX,ASW,CE,Combined TRACON& Tower with Radar,40,13,35,0,88,0,0,12,0,12,40,13,47,0,100,6,0,6,106
12/05/2022,MAF,TX,ASW,CE,Combined TRACON& Tower with Radar,49,13,28,9,99,0,0,13,5,18,49,13,41,14,117,0,0,0,117
12/06/2022,MAF,TX,ASW,CE,Combined TRACON& Tower with Radar,50,24,37,13,124,0,0,20,4,24,50,24,57,17,148,10,18,28,176
12/07/2022,MAF,TX,ASW,CE,Combined TRACON& Tower with Radar,49,24,44,16,133,0,0,15,0,15,49,24,59,16,148,10,0,10,158
12/08/2022,MAF,TX,ASW,CE,Combined TRACON& Tower with Radar,52,25,66,5,148,0,0,11,0,11,52,25,77,5,159,0,0,0,159
12/09/2022,MAF,TX,ASW,CE,Combined TRACON& Tower with Radar,49,26,38,0,113,0,0,0,0,0,49,26,38,0,113,0,0,0,113
12/10/2022,MAF,TX,ASW,CE,Combined TRACON& Tower with Radar,30,19,28,0,77,0,0,2,0,2,30,19,30,0,79,4,0,4,83
12/11/2022,MAF,TX,ASW,CE,Combined TRACON& Tower with Radar,47,15,43,0,105,0,0,12,0,12,47,15,55,0,117,0,0,0,117
12/12/2022,MAF,TX,ASW,CE,Combined TRACON& Tower with Radar,48,20,42,22,132,0,0,17,4,21,48,20,59,26,153,12,43,55,208
12/13/2022,MAF,TX,ASW,CE,Combined TRACON& Tower with Radar,44,18,41,17,120,0,0,34,15,49,44,18,75,32,169,10,10,20,189
12/14/2022,MAF,TX,ASW,CE,Combined TRACON& Tower with Radar,48,25,60,15,148,0,3,45,4,52,48,28,105,19,200,28,12,40,240
12/15/2022,MAF,TX,ASW,CE,Combined TRACON& Tower with Radar,47,27,57,10,141,0,0,44,0,44,47,27,101,10,185,18,4,22,207
12/16/2022,MAF,TX,ASW,CE,Combined TRACON& Tower with Radar,48,28,42,31,149,0,1,44,7,52,48,29,86,38,201,10,0,10,211
12/17/2022,MAF,TX,ASW,CE,Combined TRACON& Tower with Radar,36,15,31,3,85,0,2,53,1,56,36,17,84,4,141,6,0,6,147
12/18/2022,MAF,TX,ASW,CE,Combined TRACON& Tower with Radar,43,13,17,6,79,0,1,26,0,27,43,14,43,6,106,0,0,0,106
12/19/2022,MAF,TX,ASW,CE,Combined TRACON& Tower with Radar,42,19,23,31,115,0,0,20,14,34,42,19,43,45,149,4,0,4,153
12/20/2022,MAF,TX,ASW,CE,Combined TRACON& Tower with Radar,45,25,34,58,162,0,0,37,26,63,45,25,71,84,225,26,20,46,271
12/21/2022,MAF,TX,ASW,CE,Combined TRACON& Tower with Radar,43,33,37,9,122,0,0,27,3,30,43,33,64,12,152,28,0,28,180
12/22/2022,MAF,TX,ASW,CE,Combined TRACON& Tower with Radar,35,19,41,0,95,0,0,6,0,6,35,19,47,0,101,10,0,10,111
12/23/2022,MAF,TX,ASW,CE,Combined TRACON& Tower with Radar,39,20,35,2,96,0,0,5,0,5,39,20,40,2,101,18,0,18,119
12/24/2022,MAF,TX,ASW,CE,Combined TRACON& Tower with Radar,25,15,12,0,52,0,0,11,0,11,25,15,23,0,63,20,0,20,83
12/25/2022,MAF,TX,ASW,CE,Combined TRACON& Tower with Radar,20,14,2,0,36,0,0,6,0,6,20,14,8,0,42,0,0,0,42
12/26/2022,MAF,TX,ASW,CE,Combined TRACON& Tower with Radar,20,15,38,0,73,0,0,26,0,26,20,15,64,0,99,18,0,18,117
12/27/2022,MAF,TX,ASW,CE,Combined TRACON& Tower with Radar,25,22,32,2,81,0,0,25,2,27,25,22,57,4,108,10,0,10,118
12/28/2022,MAF,TX,ASW,CE,Combined TRACON& Tower with Radar,29,23,29,0,81,0,2,18,0,20,29,25,47,0,101,10,0,10,111
12/29/2022,MAF,TX,ASW,CE,Combined TRACON& Tower with Radar,33,23,33,0,89,0,0,17,0,17,33,23,50,0,106,8,0,8,114
12/30/2022,MAF,TX,ASW,CE,Combined TRACON& Tower with Radar,43,22,39,0,104,0,0,7,0,7,43,22,46,0,111,4,0,4,115
12/31/2022,MAF,TX,ASW,CE,Combined TRACON& Tower with Radar,29,18,5,0,52,0,1,5,0,6,29,19,10,0,58,0,0,0,58
01/01/2023,MAF,TX,ASW,CE,Combined TRACON& Tower with Radar,40,13,28,2,83,0,0,10,2,12,40,13,38,4,95,6,0,6,101
01/02/2023,MAF,TX,ASW,CE,Combined TRACON& Tower with Radar,36,13,42,0,91,0,0,6,0,6,36,13,48,0,97,0,0,0,97
01/03/2023,MAF,TX,ASW,CE,Combined TRACON& Tower with Radar,46,23,31,0,100,0,2,5,0,7,46,25,36,0,107,0,0,0,107
01/04/2023,MAF,TX,ASW,CE,Combined TRACON& Tower with Radar,53,22,31,12,118,0,7,22,1,30,53,29,53,13,148,0,0,0,148
01/05/2023,MAF,TX,ASW,CE,Combined TRACON& Tower with Radar,51,20,43,19,133,0,0,14,10,24,51,20,57,29,157,12,28,40,197
01/06/2023,MAF,TX,ASW,CE,Combined TRACON& Tower with Radar,52,10,17,15,94,0,0,21,9,30,52,10,38,24,124,0,0,0,124
01/07/2023,MAF,TX,ASW,CE,Combined TRACON& Tower with Radar,42,6,21,6,75,0,0,31,7,38,42,6,52,13,113,24,6,30,143
01/08/2023,MAF,TX,ASW,CE,Combined TRACON& Tower with Radar,44,13,33,33,123,0,0,25,5,30,44,13,58,38,153,0,0,0,153
01/09/2023,MAF,TX,ASW,CE,Combined TRACON& Tower with Radar,52,8,45,15,120,0,0,18,1,19,52,8,63,16,139,0,0,0,139
01/10/2023,MAF,TX,ASW,CE,Combined TRACON& Tower with Radar,51,25,56,8,140,0,1,21,3,25,51,26,77,11,165,24,16,40,205
01/11/2023,MAF,TX,ASW,CE,Combined TRACON& Tower with Radar,50,13,28,5,96,0,0,14,0,14,50,13,42,5,110,0,0,0,110
01/12/2023,MAF,TX,ASW,CE,Combined TRACON& Tower with Radar,53,21,57,13,144,0,0,29,2,31,53,21,86,15,175,12,4,16,191
01/13/2023,MAF,TX,ASW,CE,Combined TRACON& Tower with Radar,52,8,34,6,100,0,0,29,9,38,52,8,63,15,138,12,4,16,154
01/14/2023,MAF,TX,ASW,CE,Combined TRACON& Tower with Radar,38,14,7,4,63,0,0,13,4,17,38,14,20,8,80,0,0,0,80
01/15/2023,MAF,TX,ASW,CE,Combined TRACON& Tower with Radar,40,1,22,8,71,0,0,20,2,22,40,1,42,10,93,18,0,18,111
01/16/2023,MAF,TX,ASW,CE,Combined TRACON& Tower with Radar,50,14,38,0,102,0,0,7,0,7,50,14,45,0,109,0,0,0,109
01/17/2023,MAF,TX,ASW,CE,Combined TRACON& Tower with Radar,53,18,37,6,114,0,0,21,5,26,53,18,58,11,140,32,0,32,172
01/18/2023,MAF,TX,ASW,CE,Combined TRACON& Tower with Radar,50,26,40,13,129,0,0,11,0,11,50,26,51,13,140,0,0,0,140
01/19/2023,MAF,TX,ASW,CE,Combined TRACON& Tower with Radar,54,28,48,12,142,0,0,33,7,40,54,28,81,19,182,0,0,0,182
01/20/2023,MAF,TX,ASW,CE,Combined TRACON& Tower with Radar,59,12,27,27,125,0,0,17,13,30,59,12,44,40,155,0,50,50,205
01/21/2023,MAF,TX,ASW,CE,Combined TRACON& Tower with Radar,36,13,15,6,70,0,2,13,5,20,36,15,28,11,90,0,0,0,90
01/22/2023,MAF,TX,ASW,CE,Combined TRACON& Tower with Radar,42,10,33,9,94,0,0,10,5,15,42,10,43,14,109,0,0,0,109
01/23/2023,MAF,TX,ASW,CE,Combined TRACON& Tower with Radar,50,16,27,15,108,0,0,8,0,8,50,16,35,15,116,10,0,10,126
01/24/2023,MAF,TX,ASW,CE,Combined TRACON& Tower with Radar,53,10,33,15,111,0,0,3,2,5,53,10,36,17,116,6,14,20,136
01/25/2023,MAF,TX,ASW,CE,Combined TRACON& Tower with Radar,50,12,37,22,121,0,0,19,11,30,50,12,56,33,151,0,56,56,207
01/26/2023,MAF,TX,ASW,CE,Combined TRACON& Tower with Radar,55,22,46,19,142,0,0,23,1,24,55,22,69,20,166,8,0,8,174
01/27/2023,MAF,TX,ASW,CE,Combined TRACON& Tower with Radar,56,20,23,11,110,0,0,23,2,25,56,20,46,13,135,10,22,32,167
01/28/2023,MAF,TX,ASW,CE,Combined TRACON& Tower with Radar,35,10,22,10,77,0,2,21,0,23,35,12,43,10,100,0,0,0,100
01/29/2023,MAF,TX,ASW,CE,Combined TRACON& Tower with Radar,39,13,23,6,81,0,0,8,0,8,39,13,31,6,89,0,0,0,89
01/30/2023,MAF,TX,ASW,CE,Combined TRACON& Tower with Radar,39,3,17,0,59,0,0,0,0,0,39,3,17,0,59,0,0,0,59
01/31/2023,MAF,TX,ASW,CE,Combined TRACON& Tower with Radar,35,7,17,0,59,0,0,0,0,0,35,7,17,0,59,0,0,0,59
02/01/2023,MAF,TX,ASW,CE,Combined TRACON& Tower with Radar,27,2,6,0,35,0,0,0,0,0,27,2,6,0,35,0,0,0,35
02/02/2023,MAF,TX,ASW,CE,Combined TRACON& Tower with Radar,54,19,17,7,97,0,0,6,4,10,54,19,23,11,107,8,26,34,141
02/03/2023,MAF,TX,ASW,CE,Combined TRACON& Tower with Radar,57,8,29,18,112,0,0,22,6,28,57,8,51,24,140,14,24,38,178
02/04/2023,MAF,TX,ASW,CE,Combined TRACON& Tower with Radar,39,12,11,6,68,0,0,15,1,16,39,12,26,7,84,0,0,0,84
02/05/2023,MAF,TX,ASW,CE,Combined TRACON& Tower with Radar,45,9,32,4,90,0,0,18,0,18,45,9,50,4,108,0,0,0,108
02/06/2023,MAF,TX,ASW,CE,Combined TRACON& Tower with Radar,58,11,36,32,137,0,0,21,20,41,58,11,57,52,178,4,8,12,190
02/07/2023,MAF,TX,ASW,CE,Combined TRACON& Tower with Radar,58,31,33,70,192,0,2,2,16,20,58,33,35,86,212,0,116,116,328
02/08/2023,MAF,TX,ASW,CE,Combined TRACON& Tower with Radar,54,20,57,26,157,0,2,27,7,36,54,22,84,33,193,16,42,58,251
02/09/2023,MAF,TX,ASW,CE,Combined TRACON& Tower with Radar,58,21,44,15,138,0,2,27,11,40,58,23,71,26,178,10,30,40,218
02/10/2023,MAF,TX,ASW,CE,Combined TRACON& Tower with Radar,54,18,36,38,146,0,0,23,11,34,54,18,59,49,180,20,38,58,238
02/11/2023,MAF,TX,ASW,CE,Combined TRACON& Tower with Radar,38,7,9,7,61,0,0,22,4,26,38,7,31,11,87,0,0,0,87
02/12/2023,MAF,TX,ASW,CE,Combined TRACON& Tower with Radar,46,12,30,8,96,0,0,20,1,21,46,12,50,9,117,0,0,0,117
02/13/2023,MAF,TX,ASW,CE,Combined TRACON& Tower with Radar,54,17,42,36,149,0,1,28,10,39,54,18,70,46,188,20,0,20,208
02/14/2023,MAF,TX,ASW,CE,Combined TRACON& Tower with Radar,50,19,27,1,97,0,3,1,0,4,50,22,28,1,101,0,0,0,101
02/15/2023,MAF,TX,ASW,CE,Combined TRACON& Tower with Radar,51,22,38,35,146,0,0,8,2,10,51,22,46,37,156,6,114,120,276
02/16/2023,MAF,TX,ASW,CE,Combined TRACON& Tower with Radar,57,18,67,26,168,0,1,25,11,37,57,19,92,37,205,2,36,38,243
02/17/2023,MAF,TX,ASW,CE,Combined TRACON& Tower with Radar,60,17,36,8,121,0,0,28,1,29,60,17,64,9,150,0,42,42,192
02/18/2023,MAF,TX,ASW,CE,Combined TRACON& Tower with Radar,37,13,12,4,66,0,0,7,0,7,37,13,19,4,73,0,0,0,73
02/19/2023,MAF,TX,ASW,CE,Combined TRACON& Tower with Radar,46,11,26,0,83,0,0,10,0,10,46,11,36,0,93,0,0,0,93
02/20/2023,MAF,TX,ASW,CE,Combined TRACON& Tower with Radar,53,16,41,2,112,0,0,15,0,15,53,16,56,2,127,0,0,0,127
02/21/2023,MAF,TX,ASW,CE,Combined TRACON& Tower with Radar,56,23,40,10,129,0,0,20,7,27,56,23,60,17,156,8,0,8,164
02/22/2023,MAF,TX,ASW,CE,Combined TRACON& Tower with Radar,59,11,41,2,113,0,0,2,0,2,59,11,43,2,115,0,0,0,115
02/23/2023,MAF,TX,ASW,CE,Combined TRACON& Tower with Radar,56,23,55,17,151,0,0,32,1,33,56,23,87,18,184,0,18,18,202
02/24/2023,MAF,TX,ASW,CE,Combined TRACON& Tower with Radar,55,18,32,46,151,0,0,1,0,1,55,18,33,46,152,0,0,0,152
02/25/2023,MAF,TX,ASW,CE,Combined TRACON& Tower with Radar,38,19,23,0,80,0,0,0,0,0,38,19,23,0,80,0,0,0,80
02/26/2023,MAF,TX,ASW,CE,Combined TRACON& Tower with Radar,47,14,24,0,85,0,2,0,0,2,47,16,24,0,87,0,0,0,87
02/27/2023,MAF,TX,ASW,CE,Combined TRACON& Tower with Radar,56,22,37,16,131,0,1,19,7,27,56,23,56,23,158,0,2,2,160
02/28/2023,MAF,TX,ASW,CE,Combined TRACON& Tower with Radar,52,34,46,11,143,0,2,33,8,43,52,36,79,19,186,0,0,0,186
03/01/2023,MAF,TX,ASW,CE,Combined TRACON& Tower with Radar,48,31,48,22,149,0,2,22,5,29,48,33,70,27,178,0,20,20,198
03/02/2023,MAF,TX,ASW,CE,Combined TRACON& Tower with Radar,41,19,39,0,99,0,1,4,1,6,41,20,43,1,105,0,0,0,105
03/03/2023,MAF,TX,ASW,CE,Combined TRACON& Tower with Radar,49,22,42,36,149,0,4,38,10,52,49,26,80,46,201,12,44,56,257
03/04/2023,MAF,TX,ASW,CE,Combined TRACON& Tower with Radar,30,17,18,3,68,0,0,26,0,26,30,17,44,3,94,0,0,0,94
03/05/2023,MAF,TX,ASW,CE,Combined TRACON& Tower with Radar,40,10,30,6,86,0,0,21,0,21,40,10,51,6,107,0,0,0,107
03/06/2023,MAF,TX,ASW,CE,Combined TRACON& Tower with Radar,47,17,43,12,119,0,0,9,7,16,47,17,52,19,135,0,4,4,139
03/07/2023,MAF,TX,ASW,CE,Combined TRACON& Tower with Radar,48,29,58,51,186,0,0,16,8,24,48,29,74,59,210,0,24,24,234
03/08/2023,MAF,TX,ASW,CE,Combined TRACON& Tower with Radar,45,28,52,12,137,0,0,1,0,1,45,28,53,12,138,0,0,0,138
03/09/2023,MAF,TX,ASW,CE,Combined TRACON& Tower with Radar,46,29,76,4,155,0,0,6,2,8,46,29,82,6,163,0,0,0,163
03/10/2023,MAF,TX,ASW,CE,Combined TRACON& Tower with Radar,48,28,39,9,124,0,0,20,1,21,48,28,59,10,145,0,20,20,165
03/11/2023,MAF,TX,ASW,CE,Combined TRACON& Tower with Radar,27,21,28,3,79,0,1,5,0,6,27,22,33,3,85,0,0,0,85
03/12/2023,MAF,TX,ASW,CE,Combined TRACON& Tower with Radar,40,19,31,1,91,0,0,20,4,24,40,19,51,5,115,10,0,10,125
03/13/2023,MAF,TX,ASW,CE,Combined TRACON& Tower with Radar,50,10,22,41,123,0,2,17,18,37,50,12,39,59,160,0,4,4,164
03/14/2023,MAF,TX,ASW,CE,Combined TRACON& Tower with Radar,45,27,24,46,142,0,3,22,1,26,45,30,46,47,168,14,0,14,182
03/15/2023,MAF,TX,ASW,CE,Combined TRACON& Tower with Radar,44,18,38,6,106,0,0,9,0,9,44,18,47,6,115,0,0,0,115
03/16/2023,MAF,TX,ASW,CE,Combined TRACON& Tower with Radar,52,27,29,11,119,0,0,4,4,8,52,27,33,15,127,0,0,0,127
03/17/2023,MAF,TX,ASW,CE,Combined TRACON& Tower with Radar,53,24,15,10,102,0,1,10,3,14,53,25,25,13,116,5,0,5,121
03/18/2023,MAF,TX,ASW,CE,Combined TRACON& Tower with Radar,31,19,37,0,87,0,0,12,0,12,31,19,49,0,99,0,0,0,99
03/19/2023,MAF,TX,ASW,CE,Combined TRACON& Tower with Radar,42,14,18,1,75,0,1,11,3,15,42,15,29,4,90,0,0,0,90
03/20/2023,MAF,TX,ASW,CE,Combined TRACON& Tower with Radar,49,18,45,35,147,0,1,8,6,15,49,19,53,41,162,0,18,18,180
03/21/2023,MAF,TX,ASW,CE,Combined TRACON& Tower with Radar,44,21,36,7,108,0,0,11,2,13,44,21,47,9,121,2,0,2,123
03/22/2023,MAF,TX,ASW,CE,Combined TRACON& Tower with Radar,49,23,50,27,149,0,0,19,11,30,49,23,69,38,179,16,26,42,221
03/23/2023,MAF,TX,ASW,CE,Combined TRACON& Tower with Radar,52,23,40,34,149,0,0,12,26,38,52,23,52,60,187,0,140,140,327
03/24/2023,MAF,TX,ASW,CE,Combined TRACON& Tower with Radar,53,26,24,16,119,0,0,5,5,10,53,26,29,21,129,0,10,10,139
03/25/2023,MAF,TX,ASW,CE,Combined TRACON& Tower with Radar,31,14,23,4,72,0,0,15,2,17,31,14,38,6,89,0,0,0,89
03/26/2023,MAF,TX,ASW,CE,Combined TRACON& Tower with Radar,36,15,22,7,80,0,1,20,5,26,36,16,42,12,106,0,0,0,106
03/27/2023,MAF,TX,ASW,CE,Combined TRACON& Tower with Radar,48,13,46,11,118,0,0,26,2,28,48,13,72,13,146,8,16,24,170
03/28/2023,MAF,TX,ASW,CE,Combined TRACON& Tower with Radar,43,22,63,9,137,0,0,29,5,34,43,22,92,14,171,10,9,19,190
03/29/2023,MAF,TX,ASW,CE,Combined TRACON& Tower with Radar,43,25,57,32,157,0,1,20,16,37,43,26,77,48,194,0,58,58,252
03/30/2023,MAF,TX,ASW,CE,Combined TRACON& Tower with Radar,46,28,64,90,228,0,4,5,16,25,46,32,69,106,253,12,150,162,415
03/31/2023,MAF,TX,ASW,CE,Combined TRACON& Tower with Radar,47,26,33,42,148,0,0,11,14,25,47,26,44,56,173,2,98,100,273
04/01/2023,MAF,TX,ASW,CE,Combined TRACON& Tower with Radar,28,16,18,1,63,0,1,67,0,68,28,17,85,1,131,8,0,8,139
04/02/2023,MAF,TX,ASW,CE,Combined TRACON& Tower with Radar,29,13,31,12,85,0,0,9,2,11,29,13,40,14,96,0,0,0,96
04/03/2023,MAF,TX,ASW,CE,Combined TRACON& Tower with Radar,46,21,28,25,120,0,0,8,15,23,46,21,36,40,143,0,14,14,157
04/04/2023,MAF,TX,ASW,CE,Combined TRACON& Tower with Radar,49,32,41,9,131,0,0,7,1,8,49,32,48,10,139,0,0,0,139
04/05/2023,MAF,TX,ASW,CE,Combined TRACON& Tower with Radar,43,29,46,38,156,0,0,22,12,34,43,29,68,50,190,32,64,96,286
04/06/2023,MAF,TX,ASW,CE,Combined TRACON& Tower with Radar,49,20,46,15,130,0,0,17,0,17,49,20,63,15,147,0,14,14,161
04/07/2023,MAF,TX,ASW,CE,Combined TRACON& Tower with Radar,50,28,23,27,128,0,0,10,14,24,50,28,33,41,152,4,46,50,202
04/08/2023,MAF,TX,ASW,CE,Combined TRACON& Tower with Radar,31,8,13,8,60,0,0,16,0,16,31,8,29,8,76,0,0,0,76
04/09/2023,MAF,TX,ASW,CE,Combined TRACON& Tower with Radar,34,14,23,0,71,0,0,16,0,16,34,14,39,0,87,8,0,8,95
04/10/2023,MAF,TX,ASW,CE,Combined TRACON& Tower with Radar,48,22,47,20,137,0,2,24,27,53,48,24,71,47,190,10,56,66,256
04/11/2023,MAF,TX,ASW,CE,Combined TRACON& Tower with Radar,49,40,48,26,163,0,0,19,14,33,49,40,67,40,196,0,68,68,264
04/12/2023,MAF,TX,ASW,CE,Combined TRACON& Tower with Radar,49,28,42,16,135,0,5,13,13,31,49,33,55,29,166,0,18,18,184
04/13/2023,MAF,TX,ASW,CE,Combined TRACON& Tower with Radar,51,23,54,22,150,0,1,15,6,22,51,24,69,28,172,0,0,0,172
04/14/2023,MAF,TX,ASW,CE,Combined TRACON& Tower with Radar,50,25,29,27,131,0,2,12,11,25,50,27,41,38,156,0,0,0,156
04/15/2023,MAF,TX,ASW,CE,Combined TRACON& Tower with Radar,39,10,12,9,70,0,0,17,3,20,39,10,29,12,90,6,0,6,96
04/16/2023,MAF,TX,ASW,CE,Combined TRACON& Tower with Radar,34,11,29,0,74,0,1,17,0,18,34,12,46,0,92,0,0,0,92
04/17/2023,MAF,TX,ASW,CE,Combined TRACON& Tower with Radar,50,20,34,6,110,0,0,8,2,10,50,20,42,8,120,0,0,0,120
04/18/2023,MAF,TX,ASW,CE,Combined TRACON& Tower with Radar,49,29,37,22,137,0,3,11,3,17,49,32,48,25,154,12,64,76,230
04/19/2023,MAF,TX,ASW,CE,Combined TRACON& Tower with Radar,50,21,45,61,177,0,0,13,5,18,50,21,58,66,195,38,76,114,309
04/20/2023,MAF,TX,ASW,CE,Combined TRACON& Tower with Radar,49,30,61,16,156,0,0,17,2,19,49,30,78,18,175,6,0,6,181
04/21/2023,MAF,TX,ASW,CE,Combined TRACON& Tower with Radar,51,29,32,25,137,0,1,19,5,25,51,30,51,30,162,26,0,26,188
04/22/2023,MAF,TX,ASW,CE,Combined TRACON& Tower with Radar,37,17,15,4,73,0,0,14,4,18,37,17,29,8,91,10,0,10,101
04/23/2023,MAF,TX,ASW,CE,Combined TRACON& Tower with Radar,31,25,45,6,107,0,0,0,0,0,31,25,45,6,107,0,0,0,107
04/24/2023,MAF,TX,ASW,CE,Combined TRACON& Tower with Radar,48,13,43,8,112,0,0,9,0,9,48,13,52,8,121,2,0,2,123
04/25/2023,MAF,TX,ASW,CE,Combined TRACON& Tower with Radar,48,26,37,25,136,0,0,17,9,26,48,26,54,34,162,0,14,14,176
04/26/2023,MAF,TX,ASW,CE,Combined TRACON& Tower with Radar,43,22,36,38,139,0,0,16,12,28,43,22,52,50,167,4,54,58,225
04/27/2023,MAF,TX,ASW,CE,Combined TRACON& Tower with Radar,53,29,61,19,162,0,0,16,14,30,53,29,77,33,192,0,12,12,204
04/28/2023,MAF,TX,ASW,CE,Combined TRACON& Tower with Radar,51,27,38,17,133,0,0,3,4,7,51,27,41,21,140,0,0,0,140
04/29/2023,MAF,TX,ASW,CE,Combined TRACON& Tower with Radar,37,17,16,16,86,0,0,22,1,23,37,17,38,17,109,17,0,17,126
04/30/2023,MAF,TX,ASW,CE,Combined TRACON& Tower with Radar,35,20,31,11,97,0,0,13,0,13,35,20,44,11,110,0,0,0,110
05/01/2023,MAF,TX,ASW,CE,Combined TRACON& Tower with Radar,50,18,48,20,136,0,0,14,10,24,50,18,62,30,160,0,22,22,182
05/02/2023,MAF,TX,ASW,CE,Combined TRACON& Tower with Radar,49,25,50,6,130,0,0,3,5,8,49,25,53,11,138,0,4,4,142
05/03/2023,MAF,TX,ASW,CE,Combined TRACON& Tower with Radar,49,20,62,8,139,0,0,22,3,25,49,20,84,11,164,16,12,28,192
05/04/2023,MAF,TX,ASW,CE,Combined TRACON& Tower with Radar,48,18,54,5,125,0,0,11,5,16,48,18,65,10,141,4,8,12,153
05/05/2023,MAF,TX,ASW,CE,Combined TRACON& Tower with Radar,50,19,42,20,131,0,0,9,4,13,50,19,51,24,144,6,8,14,158
05/06/2023,MAF,TX,ASW,CE,Combined TRACON& Tower with Radar,38,16,2,2,58,0,2,11,8,21,38,18,13,10,79,28,0,28,107
05/07/2023,MAF,TX,ASW,CE,Combined TRACON& Tower with Radar,39,13,51,2,105,0,0,9,1,10,39,13,60,3,115,0,0,0,115
05/08/2023,MAF,TX,ASW,CE,Combined TRACON& Tower with Radar,49,24,33,23,129,0,1,20,3,24,49,25,53,26,153,6,22,28,181
05/09/2023,MAF,TX,ASW,CE,Combined TRACON& Tower with Radar,48,19,38,28,133,0,0,18,11,29,48,19,56,39,162,20,40,60,222
05/10/2023,MAF,TX,ASW,CE,Combined TRACON& Tower with Radar,46,23,44,44,157,0,0,14,9,23,46,23,58,53,180,32,40,72,252
05/11/2023,MAF,TX,ASW,CE,Combined TRACON& Tower with Radar,49,39,47,18,153,0,3,17,6,26,49,42,64,24,179,20,31,51,230
05/12/2023,MAF,TX,ASW,CE,Combined TRACON& Tower with Radar,49,19,35,21,124,0,0,8,8,16,49,19,43,29,140,0,0,0,140
05/13/2023,MAF,TX,ASW,CE,Combined TRACON& Tower with Radar,38,14,24,5,81,0,0,4,0,4,38,14,28,5,85,6,0,6,91
05/14/2023,MAF,TX,ASW,CE,Combined TRACON& Tower with Radar,31,14,18,22,85,0,0,10,2,12,31,14,28,24,97,0,0,0,97
05/15/2023,MAF,TX,ASW,CE,Combined TRACON& Tower with Radar,49,15,45,10,119,0,0,11,0,11,49,15,56,10,130,0,4,4,134
05/16/2023,MAF,TX,ASW,CE,Combined TRACON& Tower with Radar,49,27,30,46,152,0,0,13,2,15,49,27,43,48,167,0,40,40,207
05/17/2023,MAF,TX,ASW,CE,Combined TRACON& Tower with Radar,55,28,32,26,141,0,2,19,1,22,55,30,51,27,163,0,0,0,163
05/18/2023,MAF,TX,ASW,CE,Combined TRACON& Tower with Radar,52,24,59,5,140,0,0,20,0,20,52,24,79,5,160,6,0,6,166
05/19/2023,MAF,TX,ASW,CE,Combined TRACON& Tower with Radar,48,17,28,16,109,0,0,12,4,16,48,17,40,20,125,0,0,0,125
05/20/2023,MAF,TX,ASW,CE,Combined TRACON& Tower with Radar,42,13,20,4,79,0,0,3,0,3,42,13,23,4,82,0,0,0,82
05/21/2023,MAF,TX,ASW,CE,Combined TRACON& Tower with Radar,36,24,26,1,87,0,0,15,3,18,36,24,41,4,105,0,0,0,105
05/22/2023,MAF,TX,ASW,CE,Combined TRACON& Tower with Radar,52,20,42,5,119,0,1,10,3,14,52,21,52,8,133,0,6,6,139
05/23/2023,MAF,TX,ASW,CE,Combined TRACON& Tower with Radar,49,22,52,18,141,0,0,9,20,29,49,22,61,38,170,2,36,38,208
05/24/2023,MAF,TX,ASW,CE,Combined TRACON& Tower with Radar,53,30,37,20,140,0,0,5,2,7,53,30,42,22,147,12,16,28,175
05/25/2023,MAF,TX,ASW,CE,Combined TRACON& Tower with Radar,53,28,54,3,138,0,0,6,1,7,53,28,60,4,145,0,0,0,145
05/26/2023,MAF,TX,ASW,CE,Combined TRACON& Tower with Radar,55,21,40,0,116,0,0,4,1,5,55,21,44,1,121,12,0,12,133
05/27/2023,MAF,TX,ASW,CE,Combined TRACON& Tower with Radar,41,15,15,1,72,0,0,4,1,5,41,15,19,2,77,0,0,0,77
05/28/2023,MAF,TX,ASW,CE,Combined TRACON& Tower with Radar,36,14,13,20,83,0,0,8,3,11,36,14,21,23,94,0,0,0,94
05/29/2023,MAF,TX,ASW,CE,Combined TRACON& Tower with Radar,54,15,10,2,81,0,0,23,2,25,54,15,33,4,106,4,0,4,110
05/30/2023,MAF,TX,ASW,CE,Combined TRACON& Tower with Radar,49,25,49,41,164,0,2,12,14,28,49,27,61,55,192,22,54,76,268
05/31/2023,MAF,TX,ASW,CE,Combined TRACON& Tower with Radar,50,23,40,26,139,0,1,15,3,19,50,24,55,29,158,6,40,46,204
06/01/2023,MAF,TX,ASW,CE,Combined TRACON& Tower with Radar,56,16,51,16,139,0,0,15,0,15,56,16,66,16,154,0,0,0,154
06/02/2023,MAF,TX,ASW,CE,Combined TRACON& Tower with Radar,56,20,38,19,133,0,0,4,3,7,56,20,42,22,140,0,0,0,140
06/03/2023,MAF,TX,ASW,CE,Combined TRACON& Tower with Radar,30,21,26,0,77,0,1,5,0,6,30,22,31,0,83,0,0,0,83
06/04/2023,MAF,TX,ASW,CE,Combined TRACON& Tower with Radar,36,24,26,1,87,0,0,15,3,18,36,24,41,4,105,0,0,0,105
06/05/2023,MAF,TX,ASW,CE,Combined TRACON& Tower with Radar,55,16,41,20,132,0,0,17,6,23,55,16,58,26,155,14,22,36,191
06/06/2023,MAF,TX,ASW,CE,Combined TRACON& Tower with Radar,50,25,42,41,158,0,3,15,6,24,50,28,57,47,182,8,24,32,214
06/07/2023,MAF,TX,ASW,CE,Combined TRACON& Tower with Radar,51,20,58,17,146,0,0,9,6,15,51,20,67,23,161,6,14,20,181
06/08/2023,MAF,TX,ASW,CE,Combined TRACON& Tower with Radar,50,31,48,32,161,0,8,22,10,40,50,39,70,42,201,0,56,56,257
06/09/2023,MAF,TX,ASW,CE,Combined TRACON& Tower with Radar,54,22,28,30,134,0,0,12,1,13,54,22,40,31,147,0,29,29,176
06/10/2023,MAF,TX,ASW,CE,Combined TRACON& Tower with Radar,35,21,20,2,78,0,0,15,4,19,35,21,35,6,97,8,0,8,105
06/11/2023,MAF,TX,ASW,CE,Combined TRACON& Tower with Radar,39,11,28,12,90,0,1,6,1,8,39,12,34,13,98,0,0,0,98
06/12/2023,MAF,TX,ASW,CE,Combined TRACON& Tower with Radar,49,21,39,69,178,0,0,10,12,22,49,21,49,81,200,0,66,66,266
06/13/2023,MAF,TX,ASW,CE,Combined TRACON& Tower with Radar,48,46,39,31,164,0,3,7,10,20,48,49,46,41,184,0,0,0,184
06/14/2023,MAF,TX,ASW,CE,Combined TRACON& Tower with Radar,51,18,59,20,148,0,0,18,8,26,51,18,77,28,174,0,0,0,174
06/15/2023,MAF,TX,ASW,CE,Combined TRACON& Tower with Radar,54,24,69,8,155,0,1,24,4,29,54,25,93,12,184,0,0,0,184
06/16/2023,MAF,TX,ASW,CE,Combined TRACON& Tower with Radar,52,19,40,19,130,0,0,19,9,28,52,19,59,28,158,0,0,0,158
06/17/2023,MAF,TX,ASW,CE,Combined TRACON& Tower with Radar,38,16,26,2,82,0,0,23,3,26,38,16,49,5,108,6,0,6,114
06/18/2023,MAF,TX,ASW,CE,Combined TRACON& Tower with Radar,40,27,25,1,93,0,2,14,1,17,40,29,39,2,110,6,0,6,116
06/19/2023,MAF,TX,ASW,CE,Combined TRACON& Tower with Radar,50,17,46,0,113,0,0,21,0,21,50,17,67,0,134,6,0,6,140
06/20/2023,MAF,TX,ASW,CE,Combined TRACON& Tower with Radar,53,29,57,21,160,0,0,10,8,18,53,29,67,29,178,0,6,6,184
06/21/2023,MAF,TX,ASW,CE,Combined TRACON& Tower with Radar,55,32,48,6,141,0,0,11,0,11,55,32,59,6,152,0,0,0,152
06/22/2023,MAF,TX,ASW,CE,Combined TRACON& Tower with Radar,51,28,59,2,140,0,0,26,1,27,51,28,85,3,167,0,0,0,167
06/23/2023,MAF,TX,ASW,CE,Combined TRACON& Tower with Radar,51,30,39,6,126,0,0,14,0,14,51,30,53,6,140,0,0,0,140
06/24/2023,MAF,TX,ASW,CE,Combined TRACON& Tower with Radar,31,27,18,0,76,0,0,9,0,9,31,27,27,0,85,6,0,6,91
06/25/2023,MAF,TX,ASW,CE,Combined TRACON& Tower with Radar,41,11,40,0,92,0,0,17,0,17,41,11,57,0,109,0,0,0,109
06/26/2023,MAF,TX,ASW,CE,Combined TRACON& Tower with Radar,50,21,32,4,107,0,1,9,1,11,50,22,41,5,118,0,0,0,118
06/27/2023,MAF,TX,ASW,CE,Combined TRACON& Tower with Radar,53,30,39,4,126,0,1,15,2,18,53,31,54,6,144,6,0,6,150
06/28/2023,MAF,TX,ASW,CE,Combined TRACON& Tower with Radar,52,26,32,8,118,0,3,7,3,13,52,29,39,11,131,0,16,16,147
06/29/2023,MAF,TX,ASW,CE,Combined TRACON& Tower with Radar,52,24,50,20,146,0,0,16,5,21,52,24,66,25,167,0,0,0,167
06/30/2023,MAF,TX,ASW,CE,Combined TRACON& Tower with Radar,56,28,35,8,127,0,0,9,5,14,56,28,44,13,141,0,0,0,141
07/01/2023,MAF,TX,ASW,CE,Combined TRACON& Tower with Radar,35,13,20,0,68,0,0,7,0,7,35,13,27,0,75,10,0,10,85
07/02/2023,MAF,TX,ASW,CE,Combined TRACON& Tower with Radar,36,7,18,1,62,0,0,8,1,9,36,7,26,2,71,0,0,0,71
07/03/2023,MAF,TX,ASW,CE,Combined TRACON& Tower with Radar,45,9,15,1,70,0,0,12,1,13,45,9,27,2,83,0,0,0,83
07/04/2023,MAF,TX,ASW,CE,Combined TRACON& Tower with Radar,43,9,15,2,69,0,0,8,3,11,43,9,23,5,80,6,0,6,86
07/05/2023,MAF,TX,ASW,CE,Combined TRACON& Tower with Radar,49,22,34,32,137,0,0,9,8,17,49,22,43,40,154,0,30,30,184
07/06/2023,MAF,TX,ASW,CE,Combined TRACON& Tower with Radar,50,31,51,46,178,0,3,9,27,39,50,34,60,73,217,0,148,148,365
07/07/2023,MAF,TX,ASW,CE,Combined TRACON& Tower with Radar,55,22,29,24,130,0,0,13,5,18,55,22,42,29,148,0,0,0,148
07/08/2023,MAF,TX,ASW,CE,Combined TRACON& Tower with Radar,35,15,18,0,68,0,1,8,1,10,35,16,26,1,78,0,0,0,78
07/09/2023,MAF,TX,ASW,CE,Combined TRACON& Tower with Radar,38,21,21,19,99,0,0,7,6,13,38,21,28,25,112,0,0,0,112
07/10/2023,MAF,TX,ASW,CE,Combined TRACON& Tower with Radar,52,21,38,21,132,0,0,7,9,16,52,21,45,30,148,18,0,18,166
07/11/2023,MAF,TX,ASW,CE,Combined TRACON& Tower with Radar,54,25,37,17,133,0,0,9,5,14,54,25,46,22,147,0,24,24,171
07/12/2023,MAF,TX,ASW,CE,Combined TRACON& Tower with Radar,54,22,45,8,129,0,0,8,2,10,54,22,53,10,139,0,0,0,139
07/13/2023,MAF,TX,ASW,CE,Combined TRACON& Tower with Radar,56,23,53,8,140,0,0,14,5,19,56,23,67,13,159,0,0,0,159
07/14/2023,MAF,TX,ASW,CE,Combined TRACON& Tower with Radar,52,26,22,3,103,0,0,15,0,15,52,26,37,3,118,0,0,0,118
07/15/2023,MAF,TX,ASW,CE,Combined TRACON& Tower with Radar,35,13,11,6,65,0,1,19,0,20,35,14,30,6,85,0,0,0,85
07/16/2023,MAF,TX,ASW,CE,Combined TRACON& Tower with Radar,37,12,27,3,79,0,1,12,4,17,37,13,39,7,96,0,0,0,96
07/17/2023,MAF,TX,ASW,CE,Combined TRACON& Tower with Radar,56,24,36,28,144,0,1,18,10,29,56,25,54,38,173,20,0,20,193
07/18/2023,MAF,TX,ASW,CE,Combined TRACON& Tower with Radar,52,27,42,9,130,0,1,12,5,18,52,28,54,14,148,0,2,2,150
07/19/2023,MAF,TX,ASW,CE,Combined TRACON& Tower with Radar,56,26,74,18,174,0,0,18,17,35,56,26,92,35,209,0,46,46,255
07/20/2023,MAF,TX,ASW,CE,Combined TRACON& Tower with Radar,52,25,56,9,142,0,0,10,4,14,52,25,66,13,156,0,8,8,164
07/21/2023,MAF,TX,ASW,CE,Combined TRACON& Tower with Radar,52,24,25,14,115,0,0,12,2,14,52,24,37,16,129,14,0,14,143
07/22/2023,MAF,TX,ASW,CE,Combined TRACON& Tower with Radar,33,15,16,0,64,0,0,14,0,14,33,15,30,0,78,0,0,0,78
07/23/2023,MAF,TX,ASW,CE,Combined TRACON& Tower with Radar,42,13,29,3,87,0,0,17,3,20,42,13,46,6,107,0,0,0,107
07/24/2023,MAF,TX,ASW,CE,Combined TRACON& Tower with Radar,52,24,30,9,115,0,1,25,2,28,52,25,55,11,143,0,0,0,143
07/25/2023,MAF,TX,ASW,CE,Combined TRACON& Tower with Radar,50,26,39,8,123,0,0,16,2,18,50,26,55,10,141,6,0,6,147
07/26/2023,MAF,TX,ASW,CE,Combined TRACON& Tower with Radar,53,25,33,2,113,0,0,17,7,24,53,25,50,9,137,8,6,14,151
07/27/2023,MAF,TX,ASW,CE,Combined TRACON& Tower with Radar,57,25,39,16,137,0,2,16,2,20,57,27,55,18,157,2,30,32,189
07/28/2023,MAF,TX,ASW,CE,Combined TRACON& Tower with Radar,53,25,33,7,118,0,1,12,1,14,53,26,45,8,132,2,6,8,140
07/29/2023,MAF,TX,ASW,CE,Combined TRACON& Tower with Radar,37,16,20,0,73,0,0,10,0,10,37,16,30,0,83,10,0,10,93
07/30/2023,MAF,TX,ASW,CE,Combined TRACON& Tower with Radar,42,16,39,3,100,0,0,10,1,11,42,16,49,4,111,8,0,8,119
07/31/2023,MAF,TX,ASW,CE,Combined TRACON& Tower with Radar,57,17,34,9,117,0,0,6,6,12,57,17,40,15,129,0,14,14,143
08/01/2023,MAF,TX,ASW,CE,Combined TRACON& Tower with Radar,56,17,41,12,126,0,0,16,0,16,56,17,57,12,142,12,14,26,168
08/02/2023,MAF,TX,ASW,CE,Combined TRACON& Tower with Radar,60,22,42,17,141,0,0,14,11,25,60,22,56,28,166,8,20,28,194
08/03/2023,MAF,TX,ASW,CE,Combined TRACON& Tower with Radar,56,27,52,15,150,0,0,4,5,9,56,27,56,20,159,0,20,20,179
08/04/2023,MAF,TX,ASW,CE,Combined TRACON& Tower with Radar,55,22,26,8,111,0,0,12,3,15,55,22,38,11,126,6,0,6,132
08/05/2023,MAF,TX,ASW,CE,Combined TRACON& Tower with Radar,34,17,18,3,72,0,2,17,2,21,34,19,35,5,93,0,0,0,93
08/06/2023,MAF,TX,ASW,CE,Combined TRACON& Tower with Radar,46,12,30,3,91,0,0,6,1,7,46,12,36,4,98,0,0,0,98
08/07/2023,MAF,TX,ASW,CE,Combined TRACON& Tower with Radar,59,18,49,12,138,0,2,20,7,29,59,20,69,19,167,0,0,0,167
08/08/2023,MAF,TX,ASW,CE,Combined TRACON& Tower with Radar,56,20,35,15,126,0,1,9,6,16,56,21,44,21,142,0,0,0,142
08/09/2023,MAF,TX,ASW,CE,Combined TRACON& Tower with Radar,59,29,44,13,145,0,3,12,2,17,59,32,56,15,162,14,10,24,186
08/10/2023,MAF,TX,ASW,CE,Combined TRACON& Tower with Radar,58,27,40,18,143,1,3,10,7,21,59,30,50,25,164,0,0,0,164
08/11/2023,MAF,TX,ASW,CE,Combined TRACON& Tower with Radar,56,19,36,8,119,0,1,13,3,17,56,20,49,11,136,0,4,4,140
08/12/2023,MAF,TX,ASW,CE,Combined TRACON& Tower with Radar,32,27,14,1,74,0,0,10,1,11,32,27,24,2,85,0,0,0,85
08/13/2023,MAF,TX,ASW,CE,Combined TRACON& Tower with Radar,43,15,19,2,79,0,0,9,0,9,43,15,28,2,88,0,0,0,88
08/14/2023,MAF,TX,ASW,CE,Combined TRACON& Tower with Radar,54,17,40,2,113,0,0,8,4,12,54,17,48,6,125,10,10,20,145
08/15/2023,MAF,TX,ASW,CE,Combined TRACON& Tower with Radar,55,17,28,6,106,0,0,11,2,13,55,17,39,8,119,0,12,12,131
08/16/2023,MAF,TX,ASW,CE,Combined TRACON& Tower with Radar,57,16,47,4,124,0,2,10,0,12,57,18,57,4,136,0,0,0,136
08/17/2023,MAF,TX,ASW,CE,Combined TRACON& Tower with Radar,59,22,48,13,142,0,0,17,3,20,59,22,65,16,162,0,20,20,182
08/18/2023,MAF,TX,ASW,CE,Combined TRACON& Tower with Radar,56,18,27,4,105,0,0,14,5,19,56,18,41,9,124,0,14,14,138
08/19/2023,MAF,TX,ASW,CE,Combined TRACON& Tower with Radar,35,24,23,11,93,0,0,15,3,18,35,24,38,14,111,0,0,0,111
08/20/2023,MAF,TX,ASW,CE,Combined TRACON& Tower with Radar,52,10,22,7,91,0,0,7,1,8,52,10,29,8,99,0,0,0,99
08/21/2023,MAF,TX,ASW,CE,Combined TRACON& Tower with Radar,58,25,41,6,130,0,0,5,3,8,58,25,46,9,138,0,0,0,138
08/22/2023,MAF,TX,ASW,CE,Combined TRACON& Tower with Radar,53,18,33,8,112,0,0,8,0,8,53,18,41,8,120,0,0,0,120
08/23/2023,MAF,TX,ASW,CE,Combined TRACON& Tower with Radar,57,20,52,11,140,0,0,15,0,15,57,20,67,11,155,12,4,16,171
08/24/2023,MAF,TX,ASW,CE,Combined TRACON& Tower with Radar,55,28,52,39,174,0,0,28,7,35,55,28,80,46,209,12,6,18,227
08/25/2023,MAF,TX,ASW,CE,Combined TRACON& Tower with Radar,53,22,26,27,128,0,2,6,6,14,53,24,32,33,142,0,0,0,142
08/26/2023,MAF,TX,ASW,CE,Combined TRACON& Tower with Radar,37,16,21,14,88,0,0,20,2,22,37,16,41,16,110,0,0,0,110
08/27/2023,MAF,TX,ASW,CE,Combined TRACON& Tower with Radar,55,16,31,0,102,0,0,14,2,16,55,16,45,2,118,0,6,6,124
08/28/2023,MAF,TX,ASW,CE,Combined TRACON& Tower with Radar,55,20,35,5,115,0,2,12,0,14,55,22,47,5,129,4,0,4,133
08/29/2023,MAF,TX,ASW,CE,Combined TRACON& Tower with Radar,56,27,50,15,148,0,0,31,3,34,56,27,81,18,182,0,0,0,182
08/30/2023,MAF,TX,ASW,CE,Combined TRACON& Tower with Radar,57,24,46,11,138,0,1,26,0,27,57,25,72,11,165,6,15,21,186
08/31/2023,MAF,TX,ASW,CE,Combined TRACON& Tower with Radar,58,27,66,12,163,0,0,19,7,26,58,27,85,19,189,30,18,48,237
