01/01/2000,MBS,MI,AGL,CE,Towers with Radar,17,14,6,0,37,1,1,16,0,18,18,15,22,0,55,10,0,10,65
01/02/2000,MBS,MI,AGL,CE,Towers with Radar,21,16,11,0,48,0,1,0,0,1,21,17,11,0,49,0,0,0,49
01/03/2000,MBS,MI,AGL,CE,Towers with Radar,24,39,11,0,74,0,0,4,0,4,24,39,15,0,78,0,0,0,78
01/04/2000,MBS,MI,AGL,CE,Towers with Radar,25,36,17,0,78,0,1,1,0,2,25,37,18,0,80,2,0,2,82
01/05/2000,MBS,MI,AGL,CE,Towers with Radar,23,29,14,0,66,0,2,33,0,35,23,31,47,0,101,40,0,40,141
01/06/2000,MBS,MI,AGL,CE,Towers with Radar,27,44,26,0,97,0,0,17,0,17,27,44,43,0,114,18,0,18,132
01/07/2000,MBS,MI,AGL,CE,Towers with Radar,30,40,25,0,95,0,0,23,0,23,30,40,48,0,118,32,0,32,150
01/08/2000,MBS,MI,AGL,CE,Towers with Radar,19,28,17,0,64,0,0,22,0,22,19,28,39,0,86,56,0,56,142
01/09/2000,MBS,MI,AGL,CE,Towers with Radar,19,18,8,0,45,1,0,0,0,1,20,18,8,0,46,0,0,0,46
01/10/2000,MBS,MI,AGL,CE,Towers with Radar,27,36,39,0,102,1,0,0,0,1,28,36,39,0,103,0,0,0,103
01/11/2000,MBS,MI,AGL,CE,Towers with Radar,22,36,35,0,93,0,0,6,0,6,22,36,41,0,99,0,0,0,99
01/12/2000,MBS,MI,AGL,CE,Towers with Radar,31,34,35,0,100,0,0,6,0,6,31,34,41,0,106,4,0,4,110
01/13/2000,MBS,MI,AGL,CE,Towers with Radar,31,34,40,0,105,0,0,21,0,21,31,34,61,0,126,34,0,34,160
01/14/2000,MBS,MI,AGL,CE,Towers with Radar,33,40,27,0,100,1,0,32,0,33,34,40,59,0,133,64,0,64,197
01/15/2000,MBS,MI,AGL,CE,Towers with Radar,23,25,37,0,85,0,0,40,0,40,23,25,77,0,125,46,0,46,171
01/16/2000,MBS,MI,AGL,CE,Towers with Radar,21,29,8,0,58,1,0,9,0,10,22,29,17,0,68,12,0,12,80
01/17/2000,MBS,MI,AGL,CE,Towers with Radar,22,40,38,0,100,1,0,12,0,13,23,40,50,0,113,35,0,35,148
01/18/2000,MBS,MI,AGL,CE,Towers with Radar,29,45,37,0,111,0,0,0,0,0,29,45,37,0,111,0,0,0,111
01/19/2000,MBS,MI,AGL,CE,Towers with Radar,22,39,19,16,96,0,1,9,0,10,22,40,28,16,106,14,0,14,120
01/20/2000,MBS,MI,AGL,CE,Towers with Radar,28,50,39,0,117,0,1,17,0,18,28,51,56,0,135,48,0,48,183
01/21/2000,MBS,MI,AGL,CE,Towers with Radar,31,34,49,0,114,0,0,17,0,17,31,34,66,0,131,32,0,32,163
01/22/2000,MBS,MI,AGL,CE,Towers with Radar,18,25,25,0,68,0,0,15,0,15,18,25,40,0,83,33,0,33,116
01/23/2000,MBS,MI,AGL,CE,Towers with Radar,21,18,10,0,49,0,1,0,0,1,21,19,10,0,50,0,0,0,50
01/24/2000,MBS,MI,AGL,CE,Towers with Radar,26,36,29,0,91,0,1,19,0,20,26,37,48,0,111,26,0,26,137
01/25/2000,MBS,MI,AGL,CE,Towers with Radar,26,32,20,0,78,0,0,0,0,0,26,32,20,0,78,0,0,0,78
01/26/2000,MBS,MI,AGL,CE,Towers with Radar,29,50,22,0,101,0,0,8,0,8,29,50,30,0,109,20,0,20,129
01/27/2000,MBS,MI,AGL,CE,Towers with Radar,30,29,45,0,104,0,1,25,0,26,30,30,70,0,130,38,0,38,168
01/28/2000,MBS,MI,AGL,CE,Towers with Radar,30,45,34,0,109,0,4,23,0,27,30,49,57,0,136,79,0,79,215
01/29/2000,MBS,MI,AGL,CE,Towers with Radar,21,21,21,0,63,0,1,13,0,14,21,22,34,0,77,30,0,30,107
01/30/2000,MBS,MI,AGL,CE,Towers with Radar,21,18,4,0,43,0,1,0,0,1,21,19,4,0,44,0,0,0,44
01/31/2000,MBS,MI,AGL,CE,Towers with Radar,30,36,27,0,93,0,1,5,0,6,30,37,32,0,99,8,0,8,107
02/01/2000,MBS,MI,AGL,CE,Towers with Radar,22,29,34,0,85,4,5,15,0,24,26,34,49,0,109,14,0,14,123
02/02/2000,MBS,MI,AGL,CE,Towers with Radar,24,34,38,0,96,1,14,37,0,52,25,48,75,0,148,64,0,64,212
02/03/2000,MBS,MI,AGL,CE,Towers with Radar,20,33,39,0,92,2,0,1,0,3,22,33,40,0,95,0,0,0,95
02/04/2000,MBS,MI,AGL,CE,Towers with Radar,26,32,27,2,87,2,0,3,0,5,28,32,30,2,92,0,4,4,96
02/05/2000,MBS,MI,AGL,CE,Towers with Radar,18,24,20,0,62,2,0,23,0,25,20,24,43,0,87,37,0,37,124
02/06/2000,MBS,MI,AGL,CE,Towers with Radar,21,16,24,0,61,2,0,51,0,53,23,16,75,0,114,70,0,70,184
02/07/2000,MBS,MI,AGL,CE,Towers with Radar,25,38,29,0,92,2,0,42,0,44,27,38,71,0,136,44,0,44,180
02/08/2000,MBS,MI,AGL,CE,Towers with Radar,25,34,30,2,91,2,0,34,0,36,27,34,64,2,127,56,4,60,187
02/09/2000,MBS,MI,AGL,CE,Towers with Radar,28,37,54,0,119,2,0,8,0,10,30,37,62,0,129,26,0,26,155
02/10/2000,MBS,MI,AGL,CE,Towers with Radar,28,36,40,0,104,2,0,2,0,4,30,36,42,0,108,4,0,4,112
02/11/2000,MBS,MI,AGL,CE,Towers with Radar,25,40,30,0,95,2,0,17,0,19,27,40,47,0,114,24,0,24,138
02/12/2000,MBS,MI,AGL,CE,Towers with Radar,21,26,57,0,104,2,0,56,0,58,23,26,113,0,162,110,0,110,272
02/13/2000,MBS,MI,AGL,CE,Towers with Radar,17,16,3,0,36,2,0,1,0,3,19,16,4,0,39,0,0,0,39
02/14/2000,MBS,MI,AGL,CE,Towers with Radar,24,29,45,0,98,2,0,28,0,30,26,29,73,0,128,32,0,32,160
02/15/2000,MBS,MI,AGL,CE,Towers with Radar,24,40,33,0,97,2,0,6,0,8,26,40,39,0,105,17,0,17,122
02/16/2000,MBS,MI,AGL,CE,Towers with Radar,24,34,38,0,96,2,0,19,0,21,26,34,57,0,117,29,0,29,146
02/17/2000,MBS,MI,AGL,CE,Towers with Radar,26,42,61,0,129,0,0,82,0,82,26,42,143,0,211,124,0,124,335
02/18/2000,MBS,MI,AGL,CE,Towers with Radar,15,19,22,0,56,0,8,2,0,10,15,27,24,0,66,0,0,0,66
02/19/2000,MBS,MI,AGL,CE,Towers with Radar,23,18,41,0,82,1,1,11,0,13,24,19,52,0,95,34,0,34,129
02/20/2000,MBS,MI,AGL,CE,Towers with Radar,24,15,22,0,61,1,1,22,0,24,25,16,44,0,85,8,0,8,93
02/21/2000,MBS,MI,AGL,CE,Towers with Radar,28,32,54,0,114,1,1,22,0,24,29,33,76,0,138,34,0,34,172
02/22/2000,MBS,MI,AGL,CE,Towers with Radar,25,40,36,0,101,1,0,21,0,22,26,40,57,0,123,16,0,16,139
02/23/2000,MBS,MI,AGL,CE,Towers with Radar,25,36,57,0,118,0,0,0,0,0,25,36,57,0,118,36,0,36,154
02/24/2000,MBS,MI,AGL,CE,Towers with Radar,24,36,37,0,97,0,0,0,0,0,24,36,37,0,97,10,0,10,107
02/25/2000,MBS,MI,AGL,CE,Towers with Radar,24,45,46,0,115,0,1,2,0,3,24,46,48,0,118,14,0,14,132
02/26/2000,MBS,MI,AGL,CE,Towers with Radar,20,20,39,0,79,0,1,14,0,15,20,21,53,0,94,70,0,70,164
02/27/2000,MBS,MI,AGL,CE,Towers with Radar,25,15,22,0,62,0,1,4,0,5,25,16,26,0,67,10,0,10,77
02/28/2000,MBS,MI,AGL,CE,Towers with Radar,24,31,35,0,90,6,6,35,0,47,30,37,70,0,137,28,0,28,165
02/29/2000,MBS,MI,AGL,CE,Towers with Radar,24,46,30,0,100,0,2,34,1,37,24,48,64,1,137,40,0,40,177
03/01/2000,MBS,MI,AGL,CE,Towers with Radar,32,42,50,0,124,1,1,0,0,2,33,43,50,0,126,6,0,6,132
03/02/2000,MBS,MI,AGL,CE,Towers with Radar,29,37,39,0,105,1,0,72,0,73,30,37,111,0,178,47,0,47,225
03/03/2000,MBS,MI,AGL,CE,Towers with Radar,26,35,35,0,96,0,6,42,0,48,26,41,77,0,144,65,0,65,209
03/04/2000,MBS,MI,AGL,CE,Towers with Radar,20,27,30,0,77,1,1,59,0,61,21,28,89,0,138,110,0,110,248
03/05/2000,MBS,MI,AGL,CE,Towers with Radar,20,15,41,0,76,1,1,57,0,59,21,16,98,0,135,58,0,58,193
03/06/2000,MBS,MI,AGL,CE,Towers with Radar,30,35,28,0,93,1,1,39,0,41,31,36,67,0,134,52,0,52,186
03/07/2000,MBS,MI,AGL,CE,Towers with Radar,28,45,56,0,129,1,5,36,0,42,29,50,92,0,171,66,0,66,237
03/08/2000,MBS,MI,AGL,CE,Towers with Radar,30,42,56,0,128,0,0,48,0,48,30,42,104,0,176,76,0,76,252
03/09/2000,MBS,MI,AGL,CE,Towers with Radar,30,42,50,0,122,0,0,7,0,7,30,42,57,0,129,4,0,4,133
03/10/2000,MBS,MI,AGL,CE,Towers with Radar,30,40,24,0,94,1,0,8,0,9,31,40,32,0,103,18,0,18,121
03/11/2000,MBS,MI,AGL,CE,Towers with Radar,23,25,33,0,81,0,0,0,0,0,23,25,33,0,81,53,0,53,134
03/12/2000,MBS,MI,AGL,CE,Towers with Radar,24,20,29,0,73,1,0,24,0,25,25,20,53,0,98,38,0,38,136
03/13/2000,MBS,MI,AGL,CE,Towers with Radar,30,53,26,0,109,1,0,0,0,1,31,53,26,0,110,4,0,4,114
03/14/2000,MBS,MI,AGL,CE,Towers with Radar,27,30,54,4,115,3,8,30,0,41,30,38,84,4,156,66,4,70,226
03/15/2000,MBS,MI,AGL,CE,Towers with Radar,30,50,45,0,125,1,0,4,0,5,31,50,49,0,130,10,0,10,140
03/16/2000,MBS,MI,AGL,CE,Towers with Radar,40,55,53,0,148,1,1,3,0,5,41,56,56,0,153,38,0,38,191
03/17/2000,MBS,MI,AGL,CE,Towers with Radar,34,70,24,0,128,1,7,33,0,41,35,77,57,0,169,42,0,42,211
03/18/2000,MBS,MI,AGL,CE,Towers with Radar,23,28,51,0,102,1,0,77,0,78,24,28,128,0,180,118,0,118,298
03/19/2000,MBS,MI,AGL,CE,Towers with Radar,23,20,31,0,74,1,0,12,0,13,24,20,43,0,87,32,0,32,119
03/20/2000,MBS,MI,AGL,CE,Towers with Radar,27,68,22,0,117,1,0,0,0,1,28,68,22,0,118,50,0,50,168
03/21/2000,MBS,MI,AGL,CE,Towers with Radar,30,51,36,0,117,1,0,7,0,8,31,51,43,0,125,30,0,30,155
03/22/2000,MBS,MI,AGL,CE,Towers with Radar,33,57,54,1,145,0,9,13,1,23,33,66,67,2,168,32,0,32,200
03/23/2000,MBS,MI,AGL,CE,Towers with Radar,39,33,38,0,110,1,0,31,0,32,40,33,69,0,142,35,0,35,177
03/24/2000,MBS,MI,AGL,CE,Towers with Radar,32,40,42,0,114,1,0,30,0,31,33,40,72,0,145,92,0,92,237
03/25/2000,MBS,MI,AGL,CE,Towers with Radar,21,23,13,0,57,1,0,4,0,5,22,23,17,0,62,7,0,7,69
03/26/2000,MBS,MI,AGL,CE,Towers with Radar,25,20,33,0,78,0,1,39,0,40,25,21,72,0,118,66,0,66,184
03/27/2000,MBS,MI,AGL,CE,Towers with Radar,28,27,27,0,82,0,3,3,0,6,28,30,30,0,88,2,0,2,90
03/28/2000,MBS,MI,AGL,CE,Towers with Radar,33,48,45,5,131,0,20,27,5,52,33,68,72,10,183,26,13,39,222
03/29/2000,MBS,MI,AGL,CE,Towers with Radar,34,43,48,0,125,0,3,21,0,24,34,46,69,0,149,6,0,6,155
03/30/2000,MBS,MI,AGL,CE,Towers with Radar,41,48,38,0,127,0,3,38,0,41,41,51,76,0,168,124,0,124,292
03/31/2000,MBS,MI,AGL,CE,Towers with Radar,37,50,22,0,109,0,1,52,0,53,37,51,74,0,162,42,0,42,204
04/01/2000,MBS,MI,AGL,CE,Towers with Radar,19,19,12,0,50,1,1,17,0,19,20,20,29,0,69,26,0,26,95
04/02/2000,MBS,MI,AGL,CE,Towers with Radar,20,18,31,0,69,2,0,18,0,20,22,18,49,0,89,44,0,44,133
04/03/2000,MBS,MI,AGL,CE,Towers with Radar,33,44,27,0,104,2,1,8,0,11,35,45,35,0,115,0,0,0,115
04/04/2000,MBS,MI,AGL,CE,Towers with Radar,33,54,34,0,121,2,3,0,0,5,35,57,34,0,126,0,0,0,126
04/05/2000,MBS,MI,AGL,CE,Towers with Radar,33,39,51,0,123,1,5,31,0,37,34,44,82,0,160,32,0,32,192
04/06/2000,MBS,MI,AGL,CE,Towers with Radar,31,35,37,0,103,1,2,16,0,19,32,37,53,0,122,3,0,3,125
04/07/2000,MBS,MI,AGL,CE,Towers with Radar,27,33,34,0,94,1,2,1,0,4,28,35,35,0,98,2,0,2,100
04/08/2000,MBS,MI,AGL,CE,Towers with Radar,19,31,23,0,73,1,2,7,0,10,20,33,30,0,83,8,0,8,91
04/09/2000,MBS,MI,AGL,CE,Towers with Radar,25,22,12,0,59,1,2,0,0,3,26,24,12,0,62,0,0,0,62
04/10/2000,MBS,MI,AGL,CE,Towers with Radar,33,27,64,0,124,1,3,23,0,27,34,30,87,0,151,62,0,62,213
04/11/2000,MBS,MI,AGL,CE,Towers with Radar,32,42,26,0,100,1,1,0,0,2,33,43,26,0,102,28,0,28,130
04/12/2000,MBS,MI,AGL,CE,Towers with Radar,34,38,54,0,126,0,0,49,0,49,34,38,103,0,175,30,0,30,205
04/13/2000,MBS,MI,AGL,CE,Towers with Radar,28,31,23,0,82,1,0,14,1,16,29,31,37,1,98,18,2,20,118
04/14/2000,MBS,MI,AGL,CE,Towers with Radar,32,36,37,0,105,1,0,27,0,28,33,36,64,0,133,14,0,14,147
04/15/2000,MBS,MI,AGL,CE,Towers with Radar,29,31,33,1,94,1,0,49,0,50,30,31,82,1,144,54,0,54,198
04/16/2000,MBS,MI,AGL,CE,Towers with Radar,28,19,13,1,61,1,0,2,0,3,29,19,15,1,64,6,0,6,70
04/17/2000,MBS,MI,AGL,CE,Towers with Radar,26,35,43,0,104,1,0,13,0,14,27,35,56,0,118,24,0,24,142
04/18/2000,MBS,MI,AGL,CE,Towers with Radar,28,31,71,0,130,1,0,35,0,36,29,31,106,0,166,50,0,50,216
04/19/2000,MBS,MI,AGL,CE,Towers with Radar,30,37,45,0,112,1,0,7,0,8,31,37,52,0,120,12,2,14,134
04/20/2000,MBS,MI,AGL,CE,Towers with Radar,23,33,31,0,87,1,0,0,0,1,24,33,31,0,88,0,0,0,88
04/21/2000,MBS,MI,AGL,CE,Towers with Radar,34,34,16,0,84,0,1,0,0,1,34,35,16,0,85,0,0,0,85
04/22/2000,MBS,MI,AGL,CE,Towers with Radar,19,20,40,0,79,0,1,44,0,45,19,21,84,0,124,129,0,129,253
04/23/2000,MBS,MI,AGL,CE,Towers with Radar,27,19,23,0,69,0,1,13,0,14,27,20,36,0,83,58,0,58,141
04/24/2000,MBS,MI,AGL,CE,Towers with Radar,30,32,32,0,94,0,2,35,0,37,30,34,67,0,131,26,0,26,157
04/25/2000,MBS,MI,AGL,CE,Towers with Radar,28,22,53,0,103,0,1,55,0,56,28,23,108,0,159,22,0,22,181
04/26/2000,MBS,MI,AGL,CE,Towers with Radar,31,48,55,0,134,0,0,46,0,46,31,48,101,0,180,46,0,46,226
04/27/2000,MBS,MI,AGL,CE,Towers with Radar,28,34,49,0,111,0,1,29,0,30,28,35,78,0,141,38,0,38,179
04/28/2000,MBS,MI,AGL,CE,Towers with Radar,34,35,44,0,113,0,0,35,0,35,34,35,79,0,148,59,0,59,207
04/29/2000,MBS,MI,AGL,CE,Towers with Radar,25,17,19,0,61,0,1,27,0,28,25,18,46,0,89,41,0,41,130
04/30/2000,MBS,MI,AGL,CE,Towers with Radar,24,17,28,0,69,0,1,47,0,48,24,18,75,0,117,44,0,44,161
05/01/2000,MBS,MI,AGL,CE,Towers with Radar,38,40,34,0,112,2,1,12,0,15,40,41,46,0,127,14,0,14,141
05/02/2000,MBS,MI,AGL,CE,Towers with Radar,35,42,60,4,141,1,0,49,0,50,36,42,109,4,191,38,2,40,231
05/03/2000,MBS,MI,AGL,CE,Towers with Radar,40,34,59,1,134,1,1,52,0,54,41,35,111,1,188,31,0,31,219
05/04/2000,MBS,MI,AGL,CE,Towers with Radar,34,47,64,0,145,1,0,24,0,25,35,47,88,0,170,26,0,26,196
05/05/2000,MBS,MI,AGL,CE,Towers with Radar,33,38,48,0,119,0,0,24,0,24,33,38,72,0,143,31,0,31,174
05/06/2000,MBS,MI,AGL,CE,Towers with Radar,25,24,31,0,80,6,0,28,0,34,31,24,59,0,114,63,0,63,177
05/07/2000,MBS,MI,AGL,CE,Towers with Radar,23,19,19,0,61,1,0,3,0,4,24,19,22,0,65,4,0,4,69
05/08/2000,MBS,MI,AGL,CE,Towers with Radar,29,35,29,0,93,1,0,2,0,3,30,35,31,0,96,0,0,0,96
05/09/2000,MBS,MI,AGL,CE,Towers with Radar,54,38,47,0,139,1,0,3,0,4,55,38,50,0,143,18,0,18,161
05/10/2000,MBS,MI,AGL,CE,Towers with Radar,28,36,52,0,116,0,1,31,0,32,28,37,83,0,148,33,0,33,181
05/11/2000,MBS,MI,AGL,CE,Towers with Radar,37,46,69,1,153,0,2,21,0,23,37,48,90,1,176,58,0,58,234
05/12/2000,MBS,MI,AGL,CE,Towers with Radar,31,28,42,0,101,0,1,19,0,20,31,29,61,0,121,14,0,14,135
05/13/2000,MBS,MI,AGL,CE,Towers with Radar,32,23,27,0,82,0,1,15,0,16,32,24,42,0,98,36,0,36,134
05/14/2000,MBS,MI,AGL,CE,Towers with Radar,23,19,21,0,63,0,1,11,0,12,23,20,32,0,75,13,0,13,88
05/15/2000,MBS,MI,AGL,CE,Towers with Radar,29,25,34,0,88,4,0,23,3,30,33,25,57,3,118,24,4,28,146
05/16/2000,MBS,MI,AGL,CE,Towers with Radar,43,24,31,0,98,0,1,0,0,1,43,25,31,0,99,13,0,13,112
05/17/2000,MBS,MI,AGL,CE,Towers with Radar,32,50,62,0,144,0,1,4,0,5,32,51,66,0,149,2,0,2,151
05/18/2000,MBS,MI,AGL,CE,Towers with Radar,54,36,51,0,141,0,1,0,0,1,54,37,51,0,142,9,0,9,151
05/19/2000,MBS,MI,AGL,CE,Towers with Radar,33,32,44,0,109,0,1,2,0,3,33,33,46,0,112,0,0,0,112
05/20/2000,MBS,MI,AGL,CE,Towers with Radar,25,17,24,0,66,0,0,64,0,64,25,17,88,0,130,72,0,72,202
05/21/2000,MBS,MI,AGL,CE,Towers with Radar,25,17,24,0,66,0,0,33,0,33,25,17,57,0,99,20,0,20,119
05/22/2000,MBS,MI,AGL,CE,Towers with Radar,33,29,34,0,96,0,1,32,0,33,33,30,66,0,129,32,0,32,161
05/23/2000,MBS,MI,AGL,CE,Towers with Radar,38,42,62,2,144,0,0,5,0,5,38,42,67,2,149,16,2,18,167
05/24/2000,MBS,MI,AGL,CE,Towers with Radar,40,43,32,0,115,1,0,9,0,10,41,43,41,0,125,9,0,9,134
05/25/2000,MBS,MI,AGL,CE,Towers with Radar,48,49,59,0,156,0,0,59,0,59,48,49,118,0,215,34,0,34,249
05/26/2000,MBS,MI,AGL,CE,Towers with Radar,32,42,50,0,124,0,12,43,0,55,32,54,93,0,179,76,0,76,255
05/27/2000,MBS,MI,AGL,CE,Towers with Radar,20,15,9,0,44,1,0,11,0,12,21,15,20,0,56,36,0,36,92
05/28/2000,MBS,MI,AGL,CE,Towers with Radar,20,13,14,0,47,1,0,9,0,10,21,13,23,0,57,6,0,6,63
05/29/2000,MBS,MI,AGL,CE,Towers with Radar,29,15,15,0,59,1,0,49,0,50,30,15,64,0,109,27,0,27,136
05/30/2000,MBS,MI,AGL,CE,Towers with Radar,38,43,47,0,128,1,0,26,0,27,39,43,73,0,155,10,0,10,165
05/31/2000,MBS,MI,AGL,CE,Towers with Radar,32,36,43,0,111,0,4,2,4,10,32,40,45,4,121,10,8,18,139
06/01/2000,MBS,MI,AGL,CE,Towers with Radar,27,31,30,0,88,0,0,3,0,3,27,31,33,0,91,8,0,8,99
06/02/2000,MBS,MI,AGL,CE,Towers with Radar,28,26,29,0,83,0,1,8,0,9,28,27,37,0,92,2,0,2,94
06/03/2000,MBS,MI,AGL,CE,Towers with Radar,21,23,27,0,71,0,0,38,0,38,21,23,65,0,109,58,0,58,167
06/04/2000,MBS,MI,AGL,CE,Towers with Radar,22,20,21,0,63,0,0,46,0,46,22,20,67,0,109,26,0,26,135
06/05/2000,MBS,MI,AGL,CE,Towers with Radar,28,38,37,2,105,0,2,14,0,16,28,40,51,2,121,27,4,31,152
06/06/2000,MBS,MI,AGL,CE,Towers with Radar,33,62,73,2,170,0,0,31,0,31,33,62,104,2,201,58,6,64,265
06/07/2000,MBS,MI,AGL,CE,Towers with Radar,36,60,41,1,138,0,8,44,0,52,36,68,85,1,190,50,2,52,242
06/08/2000,MBS,MI,AGL,CE,Towers with Radar,29,42,42,0,113,5,20,28,2,55,34,62,70,2,168,66,0,66,234
06/09/2000,MBS,MI,AGL,CE,Towers with Radar,31,43,44,0,118,0,8,17,3,28,31,51,61,3,146,58,0,58,204
06/10/2000,MBS,MI,AGL,CE,Towers with Radar,26,20,11,0,57,0,0,23,0,23,26,20,34,0,80,44,0,44,124
06/11/2000,MBS,MI,AGL,CE,Towers with Radar,22,16,19,0,57,0,0,0,0,0,22,16,19,0,57,0,0,0,57
06/12/2000,MBS,MI,AGL,CE,Towers with Radar,10,40,25,0,75,0,0,2,0,2,10,40,27,0,77,2,0,2,79
06/13/2000,MBS,MI,AGL,CE,Towers with Radar,29,45,78,2,154,0,0,0,0,0,29,45,78,2,154,4,0,4,158
06/14/2000,MBS,MI,AGL,CE,Towers with Radar,31,46,51,8,136,1,0,23,0,24,32,46,74,8,160,20,8,28,188
06/15/2000,MBS,MI,AGL,CE,Towers with Radar,32,48,46,0,126,0,0,13,0,13,32,48,59,0,139,4,0,4,143
06/16/2000,MBS,MI,AGL,CE,Towers with Radar,36,40,52,0,128,0,0,6,0,6,36,40,58,0,134,22,0,22,156
06/17/2000,MBS,MI,AGL,CE,Towers with Radar,26,36,27,0,89,0,0,62,0,62,26,36,89,0,151,60,0,60,211
06/18/2000,MBS,MI,AGL,CE,Towers with Radar,21,28,20,0,69,0,0,26,0,26,21,28,46,0,95,46,0,46,141
06/19/2000,MBS,MI,AGL,CE,Towers with Radar,28,44,41,0,113,0,0,52,0,52,28,44,93,0,165,30,0,30,195
06/20/2000,MBS,MI,AGL,CE,Towers with Radar,36,56,58,0,150,0,0,23,0,23,36,56,81,0,173,14,0,14,187
06/21/2000,MBS,MI,AGL,CE,Towers with Radar,44,56,58,0,158,0,0,17,0,17,44,56,75,0,175,6,0,6,181
06/22/2000,MBS,MI,AGL,CE,Towers with Radar,38,53,86,2,179,0,3,39,0,42,38,56,125,2,221,22,0,22,243
06/23/2000,MBS,MI,AGL,CE,Towers with Radar,43,51,54,0,148,0,0,54,0,54,43,51,108,0,202,37,0,37,239
06/24/2000,MBS,MI,AGL,CE,Towers with Radar,15,35,16,0,66,0,0,14,0,14,15,35,30,0,80,6,0,6,86
06/25/2000,MBS,MI,AGL,CE,Towers with Radar,22,19,26,0,67,0,0,24,0,24,22,19,50,0,91,16,0,16,107
06/26/2000,MBS,MI,AGL,CE,Towers with Radar,25,51,33,0,109,0,2,16,0,18,25,53,49,0,127,44,0,44,171
06/27/2000,MBS,MI,AGL,CE,Towers with Radar,38,57,55,0,150,0,0,60,0,60,38,57,115,0,210,0,2,2,212
06/28/2000,MBS,MI,AGL,CE,Towers with Radar,39,46,64,0,149,0,0,30,0,30,39,46,94,0,179,28,0,28,207
06/29/2000,MBS,MI,AGL,CE,Towers with Radar,36,56,73,2,167,0,0,15,0,15,36,56,88,2,182,44,0,44,226
06/30/2000,MBS,MI,AGL,CE,Towers with Radar,33,40,76,5,154,0,0,45,0,45,33,40,121,5,199,62,0,62,261
07/01/2000,MBS,MI,AGL,CE,Towers with Radar,24,25,16,0,65,0,0,25,0,25,24,25,41,0,90,68,0,68,158
07/02/2000,MBS,MI,AGL,CE,Towers with Radar,21,16,24,0,61,0,0,13,0,13,21,16,37,0,74,28,0,28,102
07/03/2000,MBS,MI,AGL,CE,Towers with Radar,26,31,36,0,93,0,0,4,0,4,26,31,40,0,97,20,0,20,117
07/04/2000,MBS,MI,AGL,CE,Towers with Radar,31,21,25,0,77,0,0,19,0,19,31,21,44,0,96,16,0,16,112
07/05/2000,MBS,MI,AGL,CE,Towers with Radar,36,46,57,0,139,8,7,74,0,89,44,53,131,0,228,44,0,44,272
07/06/2000,MBS,MI,AGL,CE,Towers with Radar,37,50,56,0,143,0,0,17,0,17,37,50,73,0,160,46,0,46,206
07/07/2000,MBS,MI,AGL,CE,Towers with Radar,32,27,73,1,133,0,0,44,3,47,32,27,117,4,180,55,14,69,249
07/08/2000,MBS,MI,AGL,CE,Towers with Radar,25,22,35,0,82,0,0,17,0,17,25,22,52,0,99,46,0,46,145
07/09/2000,MBS,MI,AGL,CE,Towers with Radar,22,23,36,0,81,0,0,2,0,2,22,23,38,0,83,12,0,12,95
07/10/2000,MBS,MI,AGL,CE,Towers with Radar,29,45,27,0,101,0,0,15,0,15,29,45,42,0,116,24,0,24,140
07/11/2000,MBS,MI,AGL,CE,Towers with Radar,28,36,47,2,113,0,15,29,0,44,28,51,76,2,157,68,0,68,225
07/12/2000,MBS,MI,AGL,CE,Towers with Radar,26,46,51,0,123,0,0,71,4,75,26,46,122,4,198,104,1,105,303
07/13/2000,MBS,MI,AGL,CE,Towers with Radar,29,37,51,2,119,0,0,23,0,23,29,37,74,2,142,30,0,30,172
07/14/2000,MBS,MI,AGL,CE,Towers with Radar,21,33,46,0,100,0,0,7,0,7,21,33,53,0,107,8,0,8,115
07/15/2000,MBS,MI,AGL,CE,Towers with Radar,22,25,11,0,58,0,0,7,0,7,22,25,18,0,65,7,5,12,77
07/16/2000,MBS,MI,AGL,CE,Towers with Radar,23,21,31,0,75,0,0,7,0,7,23,21,38,0,82,28,0,28,110
07/17/2000,MBS,MI,AGL,CE,Towers with Radar,23,41,18,0,82,0,0,34,2,36,23,41,52,2,118,52,0,52,170
07/18/2000,MBS,MI,AGL,CE,Towers with Radar,37,45,53,0,135,0,0,66,5,71,37,45,119,5,206,6,0,6,212
07/19/2000,MBS,MI,AGL,CE,Towers with Radar,31,56,64,0,151,0,0,32,1,33,31,56,96,1,184,34,0,34,218
07/20/2000,MBS,MI,AGL,CE,Towers with Radar,32,48,92,0,172,0,0,36,0,36,32,48,128,0,208,70,2,72,280
07/21/2000,MBS,MI,AGL,CE,Towers with Radar,36,37,54,0,127,0,0,42,0,42,36,37,96,0,169,36,0,36,205
07/22/2000,MBS,MI,AGL,CE,Towers with Radar,26,29,48,0,103,0,0,7,0,7,26,29,55,0,110,32,0,32,142
07/23/2000,MBS,MI,AGL,CE,Towers with Radar,19,20,21,0,60,0,0,48,0,48,19,20,69,0,108,80,0,80,188
07/24/2000,MBS,MI,AGL,CE,Towers with Radar,35,37,49,0,121,0,1,50,0,51,35,38,99,0,172,24,0,24,196
07/25/2000,MBS,MI,AGL,CE,Towers with Radar,37,46,60,0,143,4,7,139,0,150,41,53,199,0,293,26,0,26,319
07/26/2000,MBS,MI,AGL,CE,Towers with Radar,39,54,62,0,155,0,1,23,0,24,39,55,85,0,179,68,0,68,247
07/27/2000,MBS,MI,AGL,CE,Towers with Radar,33,39,64,0,136,0,0,2,0,2,33,39,66,0,138,28,0,28,166
07/28/2000,MBS,MI,AGL,CE,Towers with Radar,31,37,53,0,121,0,0,5,0,5,31,37,58,0,126,24,0,24,150
07/29/2000,MBS,MI,AGL,CE,Towers with Radar,15,25,38,0,78,0,0,0,0,0,15,25,38,0,78,2,0,2,80
07/30/2000,MBS,MI,AGL,CE,Towers with Radar,19,18,33,0,70,0,0,0,0,0,19,18,33,0,70,0,0,0,70
07/31/2000,MBS,MI,AGL,CE,Towers with Radar,26,33,40,0,99,0,0,9,0,9,26,33,49,0,108,16,0,16,124
08/01/2000,MBS,MI,AGL,CE,Towers with Radar,33,48,43,0,124,0,1,20,1,22,33,49,63,1,146,8,4,12,158
08/02/2000,MBS,MI,AGL,CE,Towers with Radar,44,43,43,0,130,0,1,7,2,10,44,44,50,2,140,10,2,12,152
08/03/2000,MBS,MI,AGL,CE,Towers with Radar,35,64,59,0,158,0,1,29,0,30,35,65,88,0,188,36,0,36,224
08/04/2000,MBS,MI,AGL,CE,Towers with Radar,41,46,39,0,126,0,6,40,0,46,41,52,79,0,172,40,8,48,220
08/05/2000,MBS,MI,AGL,CE,Towers with Radar,23,26,22,0,71,0,1,34,2,37,23,27,56,2,108,26,6,32,140
08/06/2000,MBS,MI,AGL,CE,Towers with Radar,17,17,16,0,50,0,1,2,0,3,17,18,18,0,53,10,2,12,65
08/07/2000,MBS,MI,AGL,CE,Towers with Radar,20,41,65,0,126,0,2,56,14,72,20,43,121,14,198,0,0,0,198
08/08/2000,MBS,MI,AGL,CE,Towers with Radar,25,40,38,0,103,0,1,11,0,12,25,41,49,0,115,6,0,6,121
08/09/2000,MBS,MI,AGL,CE,Towers with Radar,23,46,45,0,114,0,1,14,0,15,23,47,59,0,129,20,0,20,149
08/10/2000,MBS,MI,AGL,CE,Towers with Radar,30,49,43,0,122,0,1,15,0,16,30,50,58,0,138,54,0,54,192
08/11/2000,MBS,MI,AGL,CE,Towers with Radar,31,39,42,0,112,0,1,34,0,35,31,40,76,0,147,30,0,30,177
08/12/2000,MBS,MI,AGL,CE,Towers with Radar,15,20,22,0,57,0,3,27,0,30,15,23,49,0,87,34,0,34,121
08/13/2000,MBS,MI,AGL,CE,Towers with Radar,22,15,35,0,72,0,3,26,0,29,22,18,61,0,101,7,23,30,131
08/14/2000,MBS,MI,AGL,CE,Towers with Radar,0,58,59,0,117,43,0,63,0,106,43,58,122,0,223,39,2,41,264
08/15/2000,MBS,MI,AGL,CE,Towers with Radar,31,36,55,0,122,0,1,10,1,12,31,37,65,1,134,12,0,12,146
08/16/2000,MBS,MI,AGL,CE,Towers with Radar,31,39,44,0,114,4,0,48,0,52,35,39,92,0,166,78,0,78,244
08/17/2000,MBS,MI,AGL,CE,Towers with Radar,36,58,59,0,153,0,0,0,0,0,36,58,59,0,153,0,0,0,153
08/18/2000,MBS,MI,AGL,CE,Towers with Radar,29,53,50,0,132,0,1,40,4,45,29,54,90,4,177,70,0,70,247
08/19/2000,MBS,MI,AGL,CE,Towers with Radar,22,30,50,0,102,0,2,46,0,48,22,32,96,0,150,38,0,38,188
08/20/2000,MBS,MI,AGL,CE,Towers with Radar,30,33,33,0,96,0,1,44,0,45,30,34,77,0,141,32,0,32,173
08/21/2000,MBS,MI,AGL,CE,Towers with Radar,31,39,26,0,96,0,2,33,0,35,31,41,59,0,131,12,0,12,143
08/22/2000,MBS,MI,AGL,CE,Towers with Radar,31,48,39,0,118,0,1,15,0,16,31,49,54,0,134,4,0,4,138
08/23/2000,MBS,MI,AGL,CE,Towers with Radar,28,44,44,0,116,0,14,0,0,14,28,58,44,0,130,38,0,38,168
08/24/2000,MBS,MI,AGL,CE,Towers with Radar,48,73,82,0,203,0,0,51,2,53,48,73,133,2,256,22,0,22,278
08/25/2000,MBS,MI,AGL,CE,Towers with Radar,37,49,27,0,113,0,0,67,0,67,37,49,94,0,180,50,0,50,230
08/26/2000,MBS,MI,AGL,CE,Towers with Radar,15,21,21,0,57,6,14,13,0,33,21,35,34,0,90,112,0,112,202
08/27/2000,MBS,MI,AGL,CE,Towers with Radar,26,22,23,0,71,0,0,14,0,14,26,22,37,0,85,12,0,12,97
08/28/2000,MBS,MI,AGL,CE,Towers with Radar,33,46,40,0,119,0,0,2,1,3,33,46,42,1,122,0,2,2,124
08/29/2000,MBS,MI,AGL,CE,Towers with Radar,40,50,47,0,137,0,0,11,0,11,40,50,58,0,148,22,0,22,170
08/30/2000,MBS,MI,AGL,CE,Towers with Radar,27,44,43,0,114,0,7,33,0,40,27,51,76,0,154,60,0,60,214
08/31/2000,MBS,MI,AGL,CE,Towers with Radar,27,49,52,0,128,0,0,22,0,22,27,49,74,0,150,20,0,20,170
09/01/2000,MBS,MI,AGL,CE,Towers with Radar,34,42,36,0,112,0,0,22,0,22,34,42,58,0,134,20,0,20,154
09/02/2000,MBS,MI,AGL,CE,Towers with Radar,0,0,0,0,0,0,0,0,0,0,0,0,0,0,0,0,0,0,0
09/03/2000,MBS,MI,AGL,CE,Towers with Radar,0,0,0,0,0,0,0,0,0,0,0,0,0,0,0,0,0,0,0
09/04/2000,MBS,MI,AGL,CE,Towers with Radar,21,28,9,0,58,0,0,4,0,4,21,28,13,0,62,0,0,0,62
09/05/2000,MBS,MI,AGL,CE,Towers with Radar,39,38,33,0,110,0,0,43,1,44,39,38,76,1,154,34,2,36,190
09/06/2000,MBS,MI,AGL,CE,Towers with Radar,46,49,56,0,151,5,8,35,1,49,51,57,91,1,200,56,0,56,256
09/07/2000,MBS,MI,AGL,CE,Towers with Radar,34,41,48,0,123,0,0,28,0,28,34,41,76,0,151,10,0,10,161
09/08/2000,MBS,MI,AGL,CE,Towers with Radar,41,35,32,0,108,0,0,9,0,9,41,35,41,0,117,6,0,6,123
09/09/2000,MBS,MI,AGL,CE,Towers with Radar,24,26,23,0,73,0,0,5,0,5,24,26,28,0,78,6,0,6,84
09/10/2000,MBS,MI,AGL,CE,Towers with Radar,22,23,21,0,66,0,0,0,0,0,22,23,21,0,66,0,0,0,66
09/11/2000,MBS,MI,AGL,CE,Towers with Radar,41,44,28,0,113,0,0,0,0,0,41,44,28,0,113,0,0,0,113
09/12/2000,MBS,MI,AGL,CE,Towers with Radar,36,40,58,0,134,0,2,15,0,17,36,42,73,0,151,14,0,14,165
09/13/2000,MBS,MI,AGL,CE,Towers with Radar,42,49,50,0,141,0,1,64,0,65,42,50,114,0,206,38,0,38,244
09/14/2000,MBS,MI,AGL,CE,Towers with Radar,47,46,77,0,170,0,0,0,0,0,47,46,77,0,170,0,0,0,170
09/15/2000,MBS,MI,AGL,CE,Towers with Radar,45,40,59,0,144,0,0,34,0,34,45,40,93,0,178,34,0,34,212
09/16/2000,MBS,MI,AGL,CE,Towers with Radar,34,31,35,0,100,0,0,78,0,78,34,31,113,0,178,66,0,66,244
09/17/2000,MBS,MI,AGL,CE,Towers with Radar,18,18,22,0,58,5,0,7,0,12,23,18,29,0,70,4,0,4,74
09/18/2000,MBS,MI,AGL,CE,Towers with Radar,32,33,40,0,105,0,0,20,0,20,32,33,60,0,125,14,0,14,139
09/19/2000,MBS,MI,AGL,CE,Towers with Radar,30,27,24,0,81,0,0,14,0,14,30,27,38,0,95,21,0,21,116
09/20/2000,MBS,MI,AGL,CE,Towers with Radar,32,41,52,0,125,0,0,2,0,2,32,41,54,0,127,4,0,4,131
09/21/2000,MBS,MI,AGL,CE,Towers with Radar,41,45,48,0,134,0,0,16,0,16,41,45,64,0,150,6,0,6,156
09/22/2000,MBS,MI,AGL,CE,Towers with Radar,39,49,77,0,165,0,0,65,0,65,39,49,142,0,230,18,0,18,248
09/23/2000,MBS,MI,AGL,CE,Towers with Radar,22,16,24,0,62,0,0,3,0,3,22,16,27,0,65,10,0,10,75
09/24/2000,MBS,MI,AGL,CE,Towers with Radar,20,35,59,0,114,0,0,49,0,49,20,35,108,0,163,124,0,124,287
09/25/2000,MBS,MI,AGL,CE,Towers with Radar,33,30,34,1,98,0,0,29,0,29,33,30,63,1,127,12,0,12,139
09/26/2000,MBS,MI,AGL,CE,Towers with Radar,38,39,51,1,129,0,0,24,0,24,38,39,75,1,153,34,0,34,187
09/27/2000,MBS,MI,AGL,CE,Towers with Radar,52,56,64,0,172,6,9,81,0,96,58,65,145,0,268,28,0,28,296
09/28/2000,MBS,MI,AGL,CE,Towers with Radar,47,57,79,0,183,1,0,61,0,62,48,57,140,0,245,99,0,99,344
09/29/2000,MBS,MI,AGL,CE,Towers with Radar,41,44,76,0,161,0,0,54,0,54,41,44,130,0,215,16,0,16,231
09/30/2000,MBS,MI,AGL,CE,Towers with Radar,31,27,15,0,73,0,0,13,0,13,31,27,28,0,86,20,0,20,106
10/01/2000,MBS,MI,AGL,CE,Towers with Radar,27,20,16,0,63,0,1,22,0,23,27,21,38,0,86,6,0,6,92
10/02/2000,MBS,MI,AGL,CE,Towers with Radar,34,26,43,0,103,0,2,14,0,16,34,28,57,0,119,8,0,8,127
10/03/2000,MBS,MI,AGL,CE,Towers with Radar,39,42,59,0,140,0,0,36,0,36,39,42,95,0,176,6,0,6,182
10/04/2000,MBS,MI,AGL,CE,Towers with Radar,37,90,96,0,223,0,0,80,0,80,37,90,176,0,303,50,0,50,353
10/05/2000,MBS,MI,AGL,CE,Towers with Radar,35,39,52,0,126,1,0,8,2,11,36,39,60,2,137,20,6,26,163
10/06/2000,MBS,MI,AGL,CE,Towers with Radar,26,53,47,0,126,0,0,5,0,5,26,53,52,0,131,0,0,0,131
10/07/2000,MBS,MI,AGL,CE,Towers with Radar,26,23,8,0,57,0,0,12,0,12,26,23,20,0,69,12,0,12,81
10/08/2000,MBS,MI,AGL,CE,Towers with Radar,31,34,54,0,119,0,0,0,0,0,31,34,54,0,119,0,0,0,119
10/09/2000,MBS,MI,AGL,CE,Towers with Radar,31,36,35,0,102,0,0,14,0,14,31,36,49,0,116,10,0,10,126
10/10/2000,MBS,MI,AGL,CE,Towers with Radar,39,48,61,0,148,0,0,39,0,39,39,48,100,0,187,20,4,24,211
10/11/2000,MBS,MI,AGL,CE,Towers with Radar,40,49,47,0,136,0,0,34,0,34,40,49,81,0,170,12,0,12,182
10/12/2000,MBS,MI,AGL,CE,Towers with Radar,34,31,80,0,145,0,1,49,0,50,34,32,129,0,195,44,0,44,239
10/13/2000,MBS,MI,AGL,CE,Towers with Radar,28,32,35,0,95,0,0,20,0,20,28,32,55,0,115,41,0,41,156
10/14/2000,MBS,MI,AGL,CE,Towers with Radar,21,17,11,0,49,0,0,1,0,1,21,17,12,0,50,34,0,34,84
10/15/2000,MBS,MI,AGL,CE,Towers with Radar,28,26,50,0,104,0,0,0,0,0,28,26,50,0,104,10,0,10,114
10/16/2000,MBS,MI,AGL,CE,Towers with Radar,31,37,49,0,117,0,2,18,0,20,31,39,67,0,137,51,0,51,188
10/17/2000,MBS,MI,AGL,CE,Towers with Radar,47,44,56,2,149,0,0,37,0,37,47,44,93,2,186,30,0,30,216
10/18/2000,MBS,MI,AGL,CE,Towers with Radar,27,40,48,0,115,0,0,19,1,20,27,40,67,1,135,48,1,49,184
10/19/2000,MBS,MI,AGL,CE,Towers with Radar,37,43,51,0,131,0,0,26,0,26,37,43,77,0,157,38,0,38,195
10/20/2000,MBS,MI,AGL,CE,Towers with Radar,39,57,70,0,166,0,0,47,0,47,39,57,117,0,213,100,0,100,313
10/21/2000,MBS,MI,AGL,CE,Towers with Radar,34,37,70,0,141,0,0,61,0,61,34,37,131,0,202,134,0,134,336
10/22/2000,MBS,MI,AGL,CE,Towers with Radar,43,52,84,0,179,0,0,93,0,93,43,52,177,0,272,44,0,44,316
10/23/2000,MBS,MI,AGL,CE,Towers with Radar,30,31,57,2,120,0,0,11,0,11,30,31,68,2,131,42,0,42,173
10/24/2000,MBS,MI,AGL,CE,Towers with Radar,48,48,59,0,155,0,0,0,0,0,48,48,59,0,155,4,0,4,159
10/25/2000,MBS,MI,AGL,CE,Towers with Radar,39,35,59,0,133,0,0,0,0,0,39,35,59,0,133,6,0,6,139
10/26/2000,MBS,MI,AGL,CE,Towers with Radar,30,45,41,0,116,0,0,6,0,6,30,45,47,0,122,58,0,58,180
10/27/2000,MBS,MI,AGL,CE,Towers with Radar,35,58,61,0,154,0,0,20,0,20,35,58,81,0,174,6,0,6,180
10/28/2000,MBS,MI,AGL,CE,Towers with Radar,36,23,48,0,107,0,0,22,0,22,36,23,70,0,129,62,0,62,191
10/29/2000,MBS,MI,AGL,CE,Towers with Radar,23,23,31,0,77,0,0,96,0,96,23,23,127,0,173,30,0,30,203
10/30/2000,MBS,MI,AGL,CE,Towers with Radar,32,37,25,0,94,0,0,45,0,45,32,37,70,0,139,38,0,38,177
10/31/2000,MBS,MI,AGL,CE,Towers with Radar,30,32,37,0,99,0,0,30,0,30,30,32,67,0,129,11,6,17,146
11/01/2000,MBS,MI,AGL,CE,Towers with Radar,49,48,42,0,139,0,0,40,0,40,49,48,82,0,179,54,0,54,233
11/02/2000,MBS,MI,AGL,CE,Towers with Radar,25,37,88,0,150,0,0,35,0,35,25,37,123,0,185,117,1,118,303
11/03/2000,MBS,MI,AGL,CE,Towers with Radar,35,34,39,0,108,0,0,31,0,31,35,34,70,0,139,0,0,0,139
11/04/2000,MBS,MI,AGL,CE,Towers with Radar,30,24,26,0,80,0,0,27,0,27,30,24,53,0,107,0,0,0,107
11/05/2000,MBS,MI,AGL,CE,Towers with Radar,33,28,46,0,107,0,0,51,0,51,33,28,97,0,158,66,0,66,224
11/06/2000,MBS,MI,AGL,CE,Towers with Radar,29,30,52,2,113,0,0,35,0,35,29,30,87,2,148,46,0,46,194
11/07/2000,MBS,MI,AGL,CE,Towers with Radar,35,33,37,0,105,2,0,0,0,2,37,33,37,0,107,0,0,0,107
11/08/2000,MBS,MI,AGL,CE,Towers with Radar,50,54,62,0,166,1,16,48,0,65,51,70,110,0,231,94,0,94,325
11/09/2000,MBS,MI,AGL,CE,Towers with Radar,31,35,35,0,101,0,1,0,0,1,31,36,35,0,102,2,0,2,104
11/10/2000,MBS,MI,AGL,CE,Towers with Radar,11,11,9,0,31,3,0,0,0,3,14,11,9,0,34,15,0,15,49
11/11/2000,MBS,MI,AGL,CE,Towers with Radar,37,47,53,0,137,0,3,66,0,69,37,50,119,0,206,88,0,88,294
11/12/2000,MBS,MI,AGL,CE,Towers with Radar,20,22,25,0,67,6,0,6,0,12,26,22,31,0,79,22,0,22,101
11/13/2000,MBS,MI,AGL,CE,Towers with Radar,30,30,27,0,87,0,0,0,0,0,30,30,27,0,87,16,0,16,103
11/14/2000,MBS,MI,AGL,CE,Towers with Radar,35,32,25,2,94,0,0,0,0,0,35,32,25,2,94,16,0,16,110
11/15/2000,MBS,MI,AGL,CE,Towers with Radar,49,51,63,0,163,0,0,40,0,40,49,51,103,0,203,12,0,12,215
11/16/2000,MBS,MI,AGL,CE,Towers with Radar,40,75,51,0,166,0,0,3,0,3,40,75,54,0,169,0,0,0,169
11/17/2000,MBS,MI,AGL,CE,Towers with Radar,35,44,12,0,91,0,0,3,0,3,35,44,15,0,94,50,0,50,144
11/18/2000,MBS,MI,AGL,CE,Towers with Radar,31,23,16,0,70,0,0,0,0,0,31,23,16,0,70,4,0,4,74
11/19/2000,MBS,MI,AGL,CE,Towers with Radar,26,23,49,0,98,0,0,21,0,21,26,23,70,0,119,18,0,18,137
11/20/2000,MBS,MI,AGL,CE,Towers with Radar,29,33,30,0,92,0,0,4,0,4,29,33,34,0,96,4,0,4,100
11/21/2000,MBS,MI,AGL,CE,Towers with Radar,40,47,46,0,133,0,0,0,0,0,40,47,46,0,133,0,0,0,133
11/22/2000,MBS,MI,AGL,CE,Towers with Radar,52,60,70,0,182,0,0,20,0,20,52,60,90,0,202,28,0,28,230
11/23/2000,MBS,MI,AGL,CE,Towers with Radar,38,35,35,0,108,0,0,38,0,38,38,35,73,0,146,46,0,46,192
11/24/2000,MBS,MI,AGL,CE,Towers with Radar,37,35,50,0,122,0,0,50,0,50,37,35,100,0,172,96,0,96,268
11/25/2000,MBS,MI,AGL,CE,Towers with Radar,31,26,27,0,84,0,0,26,0,26,31,26,53,0,110,90,0,90,200
11/26/2000,MBS,MI,AGL,CE,Towers with Radar,23,21,7,0,51,0,0,0,0,0,23,21,7,0,51,0,0,0,51
11/27/2000,MBS,MI,AGL,CE,Towers with Radar,33,36,63,0,132,0,0,2,0,2,33,36,65,0,134,18,0,18,152
11/28/2000,MBS,MI,AGL,CE,Towers with Radar,47,50,62,0,159,0,0,0,0,0,47,50,62,0,159,22,0,22,181
11/29/2000,MBS,MI,AGL,CE,Towers with Radar,40,41,85,0,166,0,4,0,0,4,40,45,85,0,170,0,0,0,170
11/30/2000,MBS,MI,AGL,CE,Towers with Radar,47,74,89,1,211,0,0,4,0,4,47,74,93,1,215,20,0,20,235
12/01/2000,MBS,MI,AGL,CE,Towers with Radar,39,37,46,0,122,0,0,12,0,12,39,37,58,0,134,58,0,58,192
12/02/2000,MBS,MI,AGL,CE,Towers with Radar,31,31,69,0,131,0,0,75,0,75,31,31,144,0,206,160,0,160,366
12/03/2000,MBS,MI,AGL,CE,Towers with Radar,36,28,85,0,149,0,0,108,0,108,36,28,193,0,257,110,0,110,367
12/04/2000,MBS,MI,AGL,CE,Towers with Radar,36,30,36,2,104,0,0,19,0,19,36,30,55,2,123,21,2,23,146
12/05/2000,MBS,MI,AGL,CE,Towers with Radar,43,52,60,0,155,0,0,2,0,2,43,52,62,0,157,0,0,0,157
12/06/2000,MBS,MI,AGL,CE,Towers with Radar,45,47,53,0,145,0,0,3,0,3,45,47,56,0,148,12,0,12,160
12/07/2000,MBS,MI,AGL,CE,Towers with Radar,42,46,45,0,133,0,0,0,0,0,42,46,45,0,133,0,0,0,133
12/08/2000,MBS,MI,AGL,CE,Towers with Radar,34,34,48,0,116,0,0,16,0,16,34,34,64,0,132,52,0,52,184
12/09/2000,MBS,MI,AGL,CE,Towers with Radar,27,27,37,0,91,0,0,58,0,58,27,27,95,0,149,128,0,128,277
12/10/2000,MBS,MI,AGL,CE,Towers with Radar,43,48,29,0,120,0,0,1,0,1,43,48,30,0,121,0,0,0,121
12/11/2000,MBS,MI,AGL,CE,Towers with Radar,17,15,20,0,52,0,0,0,0,0,17,15,20,0,52,2,0,2,54
12/12/2000,MBS,MI,AGL,CE,Towers with Radar,30,53,34,0,117,0,0,3,0,3,30,53,37,0,120,0,0,0,120
12/13/2000,MBS,MI,AGL,CE,Towers with Radar,23,44,35,0,102,0,1,4,0,5,23,45,39,0,107,0,0,0,107
12/14/2000,MBS,MI,AGL,CE,Towers with Radar,29,47,56,0,132,0,0,8,0,8,29,47,64,0,140,6,16,22,162
12/15/2000,MBS,MI,AGL,CE,Towers with Radar,35,55,47,0,137,0,3,7,0,10,35,58,54,0,147,44,0,44,191
12/16/2000,MBS,MI,AGL,CE,Towers with Radar,25,23,5,0,53,0,0,0,0,0,25,23,5,0,53,0,0,0,53
12/17/2000,MBS,MI,AGL,CE,Towers with Radar,23,9,9,0,41,0,0,0,0,0,23,9,9,0,41,0,0,0,41
12/18/2000,MBS,MI,AGL,CE,Towers with Radar,33,21,34,0,88,0,0,10,0,10,33,21,44,0,98,10,0,10,108
12/19/2000,MBS,MI,AGL,CE,Towers with Radar,41,45,43,0,129,0,0,6,0,6,41,45,49,0,135,50,0,50,185
12/20/2000,MBS,MI,AGL,CE,Towers with Radar,44,32,54,4,134,0,0,10,0,10,44,32,64,4,144,38,16,54,198
12/21/2000,MBS,MI,AGL,CE,Towers with Radar,29,35,40,0,104,0,0,1,0,1,29,35,41,0,105,0,0,0,105
12/22/2000,MBS,MI,AGL,CE,Towers with Radar,24,27,29,0,80,0,0,0,0,0,24,27,29,0,80,36,0,36,116
12/23/2000,MBS,MI,AGL,CE,Towers with Radar,22,23,7,0,52,0,0,0,0,0,22,23,7,0,52,0,0,0,52
12/24/2000,MBS,MI,AGL,CE,Towers with Radar,21,11,6,0,38,0,0,0,0,0,21,11,6,0,38,0,0,0,38
12/25/2000,MBS,MI,AGL,CE,Towers with Radar,8,8,4,0,20,13,6,0,0,19,21,14,4,0,39,0,0,0,39
12/26/2000,MBS,MI,AGL,CE,Towers with Radar,38,38,32,0,108,0,0,17,0,17,38,38,49,0,125,16,0,16,141
12/27/2000,MBS,MI,AGL,CE,Towers with Radar,35,75,30,0,140,0,0,15,0,15,35,75,45,0,155,60,0,60,215
12/28/2000,MBS,MI,AGL,CE,Towers with Radar,42,29,10,0,81,0,0,16,0,16,42,29,26,0,97,44,0,44,141
12/29/2000,MBS,MI,AGL,CE,Towers with Radar,31,39,17,0,87,0,0,0,0,0,31,39,17,0,87,2,0,2,89
12/30/2000,MBS,MI,AGL,CE,Towers with Radar,23,15,6,0,44,0,0,0,0,0,23,15,6,0,44,0,0,0,44
12/31/2000,MBS,MI,AGL,CE,Towers with Radar,19,8,10,0,37,0,0,10,0,10,19,8,20,0,47,8,0,8,55
01/01/2001,MBS,MI,AGL,CE,Towers with Radar,33,20,32,0,85,1,1,19,0,21,34,21,51,0,106,22,0,22,128
01/02/2001,MBS,MI,AGL,CE,Towers with Radar,41,34,17,0,92,0,2,30,0,32,41,36,47,0,124,58,0,58,182
01/03/2001,MBS,MI,AGL,CE,Towers with Radar,46,45,57,0,148,0,2,4,0,6,46,47,61,0,154,0,0,0,154
01/04/2001,MBS,MI,AGL,CE,Towers with Radar,42,51,50,0,143,0,10,23,0,33,42,61,73,0,176,64,0,64,240
01/05/2001,MBS,MI,AGL,CE,Towers with Radar,34,39,40,0,113,0,2,0,0,2,34,41,40,0,115,22,0,22,137
01/06/2001,MBS,MI,AGL,CE,Towers with Radar,27,15,22,0,64,0,2,28,0,30,27,17,50,0,94,91,0,91,185
01/07/2001,MBS,MI,AGL,CE,Towers with Radar,26,8,13,0,47,0,2,3,0,5,26,10,16,0,52,24,0,24,76
01/08/2001,MBS,MI,AGL,CE,Towers with Radar,51,55,54,0,160,0,1,42,0,43,51,56,96,0,203,63,4,67,270
01/09/2001,MBS,MI,AGL,CE,Towers with Radar,40,43,48,0,131,0,0,31,0,31,40,43,79,0,162,16,0,16,178
01/10/2001,MBS,MI,AGL,CE,Towers with Radar,27,44,40,0,111,0,3,14,0,17,27,47,54,0,128,67,0,67,195
01/11/2001,MBS,MI,AGL,CE,Towers with Radar,44,39,68,0,151,0,4,37,0,41,44,43,105,0,192,78,0,78,270
01/12/2001,MBS,MI,AGL,CE,Towers with Radar,47,49,37,0,133,0,1,2,0,3,47,50,39,0,136,0,0,0,136
01/13/2001,MBS,MI,AGL,CE,Towers with Radar,24,17,13,0,54,0,1,2,0,3,24,18,15,0,57,2,0,2,59
01/14/2001,MBS,MI,AGL,CE,Towers with Radar,31,27,20,0,78,0,1,0,0,1,31,28,20,0,79,6,0,6,85
01/15/2001,MBS,MI,AGL,CE,Towers with Radar,41,46,32,0,119,0,1,0,0,1,41,47,32,0,120,0,0,0,120
01/16/2001,MBS,MI,AGL,CE,Towers with Radar,41,44,42,0,127,1,1,1,0,3,42,45,43,0,130,11,0,11,141
01/17/2001,MBS,MI,AGL,CE,Towers with Radar,41,47,71,0,159,1,1,0,0,2,42,48,71,0,161,0,0,0,161
01/18/2001,MBS,MI,AGL,CE,Towers with Radar,44,54,75,2,175,1,1,17,0,19,45,55,92,2,194,46,2,48,242
01/19/2001,MBS,MI,AGL,CE,Towers with Radar,44,50,47,0,141,1,1,34,0,36,45,51,81,0,177,88,0,88,265
01/20/2001,MBS,MI,AGL,CE,Towers with Radar,30,18,41,0,89,0,0,59,2,61,30,18,100,2,150,124,0,124,274
01/21/2001,MBS,MI,AGL,CE,Towers with Radar,27,18,49,0,94,1,0,29,0,30,28,18,78,0,124,22,0,22,146
01/22/2001,MBS,MI,AGL,CE,Towers with Radar,45,46,53,0,144,1,0,9,0,10,46,46,62,0,154,4,0,4,158
01/23/2001,MBS,MI,AGL,CE,Towers with Radar,38,48,54,0,140,1,0,0,0,1,39,48,54,0,141,12,0,12,153
01/24/2001,MBS,MI,AGL,CE,Towers with Radar,41,49,49,0,139,1,0,8,0,9,42,49,57,0,148,60,0,60,208
01/25/2001,MBS,MI,AGL,CE,Towers with Radar,36,46,50,0,132,1,0,36,0,37,37,46,86,0,169,100,0,100,269
01/26/2001,MBS,MI,AGL,CE,Towers with Radar,27,32,20,0,79,1,0,11,0,12,28,32,31,0,91,6,0,6,97
01/27/2001,MBS,MI,AGL,CE,Towers with Radar,31,28,12,0,71,1,0,23,0,24,32,28,35,0,95,14,0,14,109
01/28/2001,MBS,MI,AGL,CE,Towers with Radar,32,38,48,0,118,1,0,51,0,52,33,38,99,0,170,46,0,46,216
01/29/2001,MBS,MI,AGL,CE,Towers with Radar,40,49,24,0,113,1,0,2,0,3,41,49,26,0,116,2,0,2,118
01/30/2001,MBS,MI,AGL,CE,Towers with Radar,41,58,38,0,137,0,1,6,0,7,41,59,44,0,144,2,0,2,146
01/31/2001,MBS,MI,AGL,CE,Towers with Radar,41,35,30,0,106,0,1,0,0,1,41,36,30,0,107,1,0,1,108
02/01/2001,MBS,MI,AGL,CE,Towers with Radar,30,27,41,0,98,1,1,15,0,17,31,28,56,0,115,56,0,56,171
02/02/2001,MBS,MI,AGL,CE,Towers with Radar,32,28,28,3,91,0,2,2,0,4,32,30,30,3,95,62,0,62,157
02/03/2001,MBS,MI,AGL,CE,Towers with Radar,23,14,23,0,60,0,2,40,3,45,23,16,63,3,105,62,4,66,171
02/04/2001,MBS,MI,AGL,CE,Towers with Radar,25,14,9,0,48,0,2,0,0,2,25,16,9,0,50,0,0,0,50
02/05/2001,MBS,MI,AGL,CE,Towers with Radar,43,44,25,0,112,0,1,0,0,1,43,45,25,0,113,0,0,0,113
02/06/2001,MBS,MI,AGL,CE,Towers with Radar,49,57,68,2,176,0,1,2,0,3,49,58,70,2,179,0,12,12,191
02/07/2001,MBS,MI,AGL,CE,Towers with Radar,51,58,77,0,186,0,2,35,0,37,51,60,112,0,223,112,0,112,335
02/08/2001,MBS,MI,AGL,CE,Towers with Radar,32,32,37,0,101,0,1,0,0,1,32,33,37,0,102,2,0,2,104
02/09/2001,MBS,MI,AGL,CE,Towers with Radar,21,25,26,0,72,0,1,0,0,1,21,26,26,0,73,0,0,0,73
02/10/2001,MBS,MI,AGL,CE,Towers with Radar,26,24,25,0,75,1,1,17,1,20,27,25,42,1,95,50,0,50,145
02/11/2001,MBS,MI,AGL,CE,Towers with Radar,42,37,56,0,135,0,0,102,5,107,42,37,158,5,242,130,14,144,386
02/12/2001,MBS,MI,AGL,CE,Towers with Radar,62,58,73,5,198,1,1,77,1,80,63,59,150,6,278,56,0,56,334
02/13/2001,MBS,MI,AGL,CE,Towers with Radar,55,59,67,0,181,1,1,33,0,35,56,60,100,0,216,4,0,4,220
02/14/2001,MBS,MI,AGL,CE,Towers with Radar,28,28,33,0,89,1,1,0,0,2,29,29,33,0,91,0,0,0,91
02/15/2001,MBS,MI,AGL,CE,Towers with Radar,36,34,55,0,125,1,1,24,0,26,37,35,79,0,151,42,0,42,193
02/16/2001,MBS,MI,AGL,CE,Towers with Radar,39,38,43,0,120,0,1,21,0,22,39,39,64,0,142,55,0,55,197
02/17/2001,MBS,MI,AGL,CE,Towers with Radar,17,16,22,0,55,0,1,6,0,7,17,17,28,0,62,28,0,28,90
02/18/2001,MBS,MI,AGL,CE,Towers with Radar,19,12,25,0,56,9,0,21,0,30,28,12,46,0,86,32,0,32,118
02/19/2001,MBS,MI,AGL,CE,Towers with Radar,52,42,54,0,148,1,1,11,0,13,53,43,65,0,161,6,0,6,167
02/20/2001,MBS,MI,AGL,CE,Towers with Radar,61,66,60,0,187,1,1,49,0,51,62,67,109,0,238,2,0,2,240
02/21/2001,MBS,MI,AGL,CE,Towers with Radar,35,40,56,0,131,1,1,34,0,36,36,41,90,0,167,78,0,78,245
02/22/2001,MBS,MI,AGL,CE,Towers with Radar,28,40,51,0,119,1,1,8,0,10,29,41,59,0,129,4,0,4,133
02/23/2001,MBS,MI,AGL,CE,Towers with Radar,38,40,66,0,144,0,0,43,0,43,38,40,109,0,187,32,0,32,219
02/24/2001,MBS,MI,AGL,CE,Towers with Radar,21,17,13,0,51,0,4,3,0,7,21,21,16,0,58,0,0,0,58
02/25/2001,MBS,MI,AGL,CE,Towers with Radar,25,15,13,0,53,0,1,0,0,1,25,16,13,0,54,0,0,0,54
02/26/2001,MBS,MI,AGL,CE,Towers with Radar,51,52,64,0,167,0,1,12,0,13,51,53,76,0,180,0,0,0,180
02/27/2001,MBS,MI,AGL,CE,Towers with Radar,37,57,78,0,172,0,1,51,0,52,37,58,129,0,224,64,0,64,288
02/28/2001,MBS,MI,AGL,CE,Towers with Radar,55,54,75,0,184,0,1,55,0,56,55,55,130,0,240,54,0,54,294
03/01/2001,MBS,MI,AGL,CE,Towers with Radar,40,35,44,0,119,2,0,11,0,13,42,35,55,0,132,0,0,0,132
03/02/2001,MBS,MI,AGL,CE,Towers with Radar,42,34,30,0,106,0,0,9,0,9,42,34,39,0,115,70,0,70,185
03/03/2001,MBS,MI,AGL,CE,Towers with Radar,37,26,54,0,117,0,0,56,0,56,37,26,110,0,173,110,6,116,289
03/04/2001,MBS,MI,AGL,CE,Towers with Radar,25,14,13,0,52,0,0,13,0,13,25,14,26,0,65,4,0,4,69
03/05/2001,MBS,MI,AGL,CE,Towers with Radar,52,57,52,0,161,0,0,1,0,1,52,57,53,0,162,4,0,4,166
03/06/2001,MBS,MI,AGL,CE,Towers with Radar,58,53,42,0,153,0,2,26,1,29,58,55,68,1,182,86,0,86,268
03/07/2001,MBS,MI,AGL,CE,Towers with Radar,32,32,34,0,98,0,1,21,0,22,32,33,55,0,120,76,0,76,196
03/08/2001,MBS,MI,AGL,CE,Towers with Radar,37,38,32,0,107,0,0,4,0,4,37,38,36,0,111,0,0,0,111
03/09/2001,MBS,MI,AGL,CE,Towers with Radar,31,39,42,9,121,0,0,21,0,21,31,39,63,9,142,110,0,110,252
03/10/2001,MBS,MI,AGL,CE,Towers with Radar,27,20,29,0,76,0,0,80,0,80,27,20,109,0,156,190,0,190,346
03/11/2001,MBS,MI,AGL,CE,Towers with Radar,38,28,56,0,122,0,0,45,0,45,38,28,101,0,167,86,0,86,253
03/12/2001,MBS,MI,AGL,CE,Towers with Radar,57,56,52,0,165,0,0,12,0,12,57,56,64,0,177,24,0,24,201
03/13/2001,MBS,MI,AGL,CE,Towers with Radar,58,57,53,0,168,0,0,9,0,9,58,57,62,0,177,0,0,0,177
03/14/2001,MBS,MI,AGL,CE,Towers with Radar,36,51,61,0,148,0,0,44,0,44,36,51,105,0,192,90,0,90,282
03/15/2001,MBS,MI,AGL,CE,Towers with Radar,49,50,95,0,194,0,0,22,0,22,49,50,117,0,216,100,0,100,316
03/16/2001,MBS,MI,AGL,CE,Towers with Radar,35,35,33,0,103,9,11,0,0,20,44,46,33,0,123,32,0,32,155
03/17/2001,MBS,MI,AGL,CE,Towers with Radar,37,22,32,0,91,0,0,29,0,29,37,22,61,0,120,92,0,92,212
03/18/2001,MBS,MI,AGL,CE,Towers with Radar,22,15,40,0,77,0,0,55,0,55,22,15,95,0,132,58,0,58,190
03/19/2001,MBS,MI,AGL,CE,Towers with Radar,56,49,82,0,187,0,0,54,0,54,56,49,136,0,241,104,0,104,345
03/20/2001,MBS,MI,AGL,CE,Towers with Radar,52,49,82,0,183,0,2,87,0,89,52,51,169,0,272,78,0,78,350
03/21/2001,MBS,MI,AGL,CE,Towers with Radar,35,53,58,0,146,0,0,51,0,51,35,53,109,0,197,97,0,97,294
03/22/2001,MBS,MI,AGL,CE,Towers with Radar,32,35,44,9,120,0,0,40,5,45,32,35,84,14,165,90,24,114,279
03/23/2001,MBS,MI,AGL,CE,Towers with Radar,36,38,40,0,114,0,0,39,0,39,36,38,79,0,153,100,0,100,253
03/24/2001,MBS,MI,AGL,CE,Towers with Radar,25,27,14,0,66,0,0,3,0,3,25,27,17,0,69,7,0,7,76
03/25/2001,MBS,MI,AGL,CE,Towers with Radar,30,16,17,0,63,0,1,12,0,13,30,17,29,0,76,14,0,14,90
03/26/2001,MBS,MI,AGL,CE,Towers with Radar,41,47,34,0,122,0,0,4,0,4,41,47,38,0,126,2,0,2,128
03/27/2001,MBS,MI,AGL,CE,Towers with Radar,44,76,48,0,168,0,0,0,0,0,44,76,48,0,168,16,0,16,184
03/28/2001,MBS,MI,AGL,CE,Towers with Radar,46,55,56,0,157,0,6,47,0,53,46,61,103,0,210,66,0,66,276
03/29/2001,MBS,MI,AGL,CE,Towers with Radar,39,37,44,0,120,0,0,3,0,3,39,37,47,0,123,46,0,46,169
03/30/2001,MBS,MI,AGL,CE,Towers with Radar,27,46,40,0,113,0,1,1,0,2,27,47,41,0,115,0,0,0,115
03/31/2001,MBS,MI,AGL,CE,Towers with Radar,26,23,21,0,70,0,0,21,0,21,26,23,42,0,91,68,0,68,159
04/01/2001,MBS,MI,AGL,CE,Towers with Radar,20,9,15,0,44,1,1,2,0,4,21,10,17,0,48,4,0,4,52
04/02/2001,MBS,MI,AGL,CE,Towers with Radar,39,46,62,0,147,0,3,23,0,26,39,49,85,0,173,11,0,11,184
04/03/2001,MBS,MI,AGL,CE,Towers with Radar,48,48,72,0,168,0,1,30,0,31,48,49,102,0,199,16,0,16,215
04/04/2001,MBS,MI,AGL,CE,Towers with Radar,42,41,55,0,138,0,8,66,0,74,42,49,121,0,212,91,0,91,303
04/05/2001,MBS,MI,AGL,CE,Towers with Radar,31,31,47,0,109,0,0,38,0,38,31,31,85,0,147,132,0,132,279
04/06/2001,MBS,MI,AGL,CE,Towers with Radar,36,30,29,7,102,0,0,5,0,5,36,30,34,7,107,78,0,78,185
04/07/2001,MBS,MI,AGL,CE,Towers with Radar,25,20,20,0,65,0,0,11,0,11,25,20,31,0,76,24,0,24,100
04/08/2001,MBS,MI,AGL,CE,Towers with Radar,33,26,46,0,105,1,0,23,0,24,34,26,69,0,129,12,0,12,141
04/09/2001,MBS,MI,AGL,CE,Towers with Radar,37,27,28,0,92,1,0,2,0,3,38,27,30,0,95,0,0,0,95
04/10/2001,MBS,MI,AGL,CE,Towers with Radar,29,32,31,0,92,1,0,15,0,16,30,32,46,0,108,8,0,8,116
04/11/2001,MBS,MI,AGL,CE,Towers with Radar,35,42,63,0,140,1,0,40,0,41,36,42,103,0,181,34,0,34,215
04/12/2001,MBS,MI,AGL,CE,Towers with Radar,36,37,47,0,120,1,0,1,0,2,37,37,48,0,122,2,0,2,124
04/13/2001,MBS,MI,AGL,CE,Towers with Radar,26,33,38,0,97,1,0,49,0,50,27,33,87,0,147,124,0,124,271
04/14/2001,MBS,MI,AGL,CE,Towers with Radar,16,16,21,0,53,2,4,24,0,30,18,20,45,0,83,60,0,60,143
04/15/2001,MBS,MI,AGL,CE,Towers with Radar,19,11,14,0,44,1,0,21,0,22,20,11,35,0,66,22,0,22,88
04/16/2001,MBS,MI,AGL,CE,Towers with Radar,27,24,39,0,90,1,0,5,0,6,28,24,44,0,96,38,0,38,134
04/17/2001,MBS,MI,AGL,CE,Towers with Radar,58,48,67,0,173,1,2,9,0,12,59,50,76,0,185,2,0,2,187
04/18/2001,MBS,MI,AGL,CE,Towers with Radar,45,42,65,0,152,0,0,49,2,51,45,42,114,2,203,90,0,90,293
04/19/2001,MBS,MI,AGL,CE,Towers with Radar,40,39,60,0,139,1,0,93,0,94,41,39,153,0,233,156,0,156,389
04/20/2001,MBS,MI,AGL,CE,Towers with Radar,26,29,28,0,83,1,0,0,0,1,27,29,28,0,84,0,0,0,84
04/21/2001,MBS,MI,AGL,CE,Towers with Radar,22,16,16,0,54,1,0,1,0,2,23,16,17,0,56,2,0,2,58
04/22/2001,MBS,MI,AGL,CE,Towers with Radar,27,12,14,0,53,0,1,57,0,58,27,13,71,0,111,46,0,46,157
04/23/2001,MBS,MI,AGL,CE,Towers with Radar,46,40,59,0,145,0,1,6,0,7,46,41,65,0,152,16,0,16,168
04/24/2001,MBS,MI,AGL,CE,Towers with Radar,41,41,45,0,127,0,1,24,0,25,41,42,69,0,152,16,0,16,168
04/25/2001,MBS,MI,AGL,CE,Towers with Radar,46,51,74,0,171,0,0,56,0,56,46,51,130,0,227,0,0,0,227
04/26/2001,MBS,MI,AGL,CE,Towers with Radar,46,54,80,8,188,0,1,44,0,45,46,55,124,8,233,38,8,46,279
04/27/2001,MBS,MI,AGL,CE,Towers with Radar,27,38,63,0,128,0,1,84,0,85,27,39,147,0,213,133,0,133,346
04/28/2001,MBS,MI,AGL,CE,Towers with Radar,21,17,14,0,52,0,1,46,0,47,21,18,60,0,99,54,0,54,153
04/29/2001,MBS,MI,AGL,CE,Towers with Radar,28,14,36,0,78,3,0,66,0,69,31,14,102,0,147,63,0,63,210
04/30/2001,MBS,MI,AGL,CE,Towers with Radar,44,41,66,0,151,0,1,46,0,47,44,42,112,0,198,32,0,32,230
05/01/2001,MBS,MI,AGL,CE,Towers with Radar,48,49,59,0,156,1,0,15,0,16,49,49,74,0,172,4,0,4,176
05/02/2001,MBS,MI,AGL,CE,Towers with Radar,32,34,41,0,107,6,8,44,0,58,38,42,85,0,165,64,0,64,229
05/03/2001,MBS,MI,AGL,CE,Towers with Radar,31,42,65,0,138,1,0,67,0,68,32,42,132,0,206,144,0,144,350
05/04/2001,MBS,MI,AGL,CE,Towers with Radar,30,39,45,0,114,1,0,12,0,13,31,39,57,0,127,16,0,16,143
05/05/2001,MBS,MI,AGL,CE,Towers with Radar,35,20,26,0,81,1,0,35,0,36,36,20,61,0,117,44,0,44,161
05/06/2001,MBS,MI,AGL,CE,Towers with Radar,27,12,33,1,73,1,0,34,0,35,28,12,67,1,108,68,0,68,176
05/07/2001,MBS,MI,AGL,CE,Towers with Radar,54,52,43,2,151,0,0,22,0,22,54,52,65,2,173,72,2,74,247
05/08/2001,MBS,MI,AGL,CE,Towers with Radar,39,43,71,0,153,0,0,14,0,14,39,43,85,0,167,8,0,8,175
05/09/2001,MBS,MI,AGL,CE,Towers with Radar,44,54,68,0,166,0,0,55,0,55,44,54,123,0,221,44,0,44,265
05/10/2001,MBS,MI,AGL,CE,Towers with Radar,44,44,52,0,140,0,1,12,0,13,44,45,64,0,153,22,0,22,175
05/11/2001,MBS,MI,AGL,CE,Towers with Radar,29,29,26,0,84,0,0,3,0,3,29,29,29,0,87,8,0,8,95
05/12/2001,MBS,MI,AGL,CE,Towers with Radar,29,16,25,0,70,0,0,33,0,33,29,16,58,0,103,124,0,124,227
05/13/2001,MBS,MI,AGL,CE,Towers with Radar,25,9,15,0,49,0,0,48,0,48,25,9,63,0,97,70,0,70,167
05/14/2001,MBS,MI,AGL,CE,Towers with Radar,48,43,63,0,154,0,1,65,0,66,48,44,128,0,220,40,0,40,260
05/15/2001,MBS,MI,AGL,CE,Towers with Radar,38,43,54,1,136,0,0,3,0,3,38,43,57,1,139,0,0,0,139
05/16/2001,MBS,MI,AGL,CE,Towers with Radar,24,31,45,0,100,0,0,9,0,9,24,31,54,0,109,6,0,6,115
05/17/2001,MBS,MI,AGL,CE,Towers with Radar,28,41,54,1,124,0,0,11,5,16,28,41,65,6,140,96,14,110,250
05/18/2001,MBS,MI,AGL,CE,Towers with Radar,34,27,43,0,104,0,1,53,0,54,34,28,96,0,158,38,0,38,196
05/19/2001,MBS,MI,AGL,CE,Towers with Radar,26,21,24,0,71,0,0,29,0,29,26,21,53,0,100,106,0,106,206
05/20/2001,MBS,MI,AGL,CE,Towers with Radar,31,8,42,3,84,0,0,43,0,43,31,8,85,3,127,82,0,82,209
05/21/2001,MBS,MI,AGL,CE,Towers with Radar,42,49,48,0,139,0,0,4,0,4,42,49,52,0,143,0,0,0,143
05/22/2001,MBS,MI,AGL,CE,Towers with Radar,46,62,69,0,177,0,4,34,0,38,46,66,103,0,215,18,0,18,233
05/23/2001,MBS,MI,AGL,CE,Towers with Radar,49,45,56,0,150,0,2,17,0,19,49,47,73,0,169,40,0,40,209
05/24/2001,MBS,MI,AGL,CE,Towers with Radar,32,45,56,0,133,0,1,11,0,12,32,46,67,0,145,6,0,6,151
05/25/2001,MBS,MI,AGL,CE,Towers with Radar,34,28,38,0,100,0,3,8,0,11,34,31,46,0,111,32,0,32,143
05/26/2001,MBS,MI,AGL,CE,Towers with Radar,23,22,14,0,59,0,0,15,0,15,23,22,29,0,74,6,0,6,80
05/27/2001,MBS,MI,AGL,CE,Towers with Radar,16,13,20,0,49,4,0,10,4,18,20,13,30,4,67,15,0,15,82
05/28/2001,MBS,MI,AGL,CE,Towers with Radar,27,21,39,1,88,0,0,20,1,21,27,21,59,2,109,0,0,0,109
05/29/2001,MBS,MI,AGL,CE,Towers with Radar,47,44,42,0,133,0,0,28,0,28,47,44,70,0,161,26,0,26,187
05/30/2001,MBS,MI,AGL,CE,Towers with Radar,41,70,58,23,192,0,0,48,0,48,41,70,106,23,240,40,12,52,292
05/31/2001,MBS,MI,AGL,CE,Towers with Radar,38,38,50,5,131,0,0,45,0,45,38,38,95,5,176,96,0,96,272
06/01/2001,MBS,MI,AGL,CE,Towers with Radar,32,35,37,0,104,0,0,4,0,4,32,35,41,0,108,14,0,14,122
06/02/2001,MBS,MI,AGL,CE,Towers with Radar,32,20,0,0,52,0,0,4,0,4,32,20,4,0,56,14,0,14,70
06/03/2001,MBS,MI,AGL,CE,Towers with Radar,38,26,73,0,137,0,0,52,0,52,38,26,125,0,189,50,0,50,239
06/04/2001,MBS,MI,AGL,CE,Towers with Radar,55,53,68,0,176,0,0,9,0,9,55,53,77,0,185,2,0,2,187
06/05/2001,MBS,MI,AGL,CE,Towers with Radar,33,58,103,4,198,0,0,28,1,29,33,58,131,5,227,10,0,10,237
06/06/2001,MBS,MI,AGL,CE,Towers with Radar,38,69,85,6,198,0,0,19,1,20,38,69,104,7,218,24,6,30,248
06/07/2001,MBS,MI,AGL,CE,Towers with Radar,36,39,49,0,124,0,16,57,0,73,36,55,106,0,197,62,0,62,259
06/08/2001,MBS,MI,AGL,CE,Towers with Radar,38,33,48,1,120,0,0,53,1,54,38,33,101,2,174,58,0,58,232
06/09/2001,MBS,MI,AGL,CE,Towers with Radar,38,21,26,0,85,0,0,33,0,33,38,21,59,0,118,62,0,62,180
06/10/2001,MBS,MI,AGL,CE,Towers with Radar,38,25,47,0,110,0,0,44,0,44,38,25,91,0,154,34,0,34,188
06/11/2001,MBS,MI,AGL,CE,Towers with Radar,48,43,51,0,142,0,0,33,0,33,48,43,84,0,175,23,0,23,198
06/12/2001,MBS,MI,AGL,CE,Towers with Radar,48,54,65,10,177,0,1,44,0,45,48,55,109,10,222,64,14,78,300
06/13/2001,MBS,MI,AGL,CE,Towers with Radar,38,38,49,0,125,1,6,64,0,71,39,44,113,0,196,55,0,55,251
06/14/2001,MBS,MI,AGL,CE,Towers with Radar,28,32,41,0,101,0,2,20,0,22,28,34,61,0,123,50,0,50,173
06/15/2001,MBS,MI,AGL,CE,Towers with Radar,35,25,42,0,102,0,0,0,0,0,35,25,42,0,102,29,0,29,131
06/16/2001,MBS,MI,AGL,CE,Towers with Radar,26,22,15,0,63,0,0,57,0,57,26,22,72,0,120,44,0,44,164
06/17/2001,MBS,MI,AGL,CE,Towers with Radar,27,11,37,0,75,0,0,44,0,44,27,11,81,0,119,52,0,52,171
06/18/2001,MBS,MI,AGL,CE,Towers with Radar,29,27,37,0,93,11,0,8,0,19,40,27,45,0,112,32,0,32,144
06/19/2001,MBS,MI,AGL,CE,Towers with Radar,30,32,30,0,92,0,0,7,0,7,30,32,37,0,99,0,0,0,99
06/20/2001,MBS,MI,AGL,CE,Towers with Radar,22,50,21,0,93,0,1,24,0,25,22,51,45,0,118,30,0,30,148
06/21/2001,MBS,MI,AGL,CE,Towers with Radar,35,34,65,0,134,0,0,7,0,7,35,34,72,0,141,34,0,34,175
06/22/2001,MBS,MI,AGL,CE,Towers with Radar,37,40,45,0,122,0,0,30,0,30,37,40,75,0,152,72,0,72,224
06/23/2001,MBS,MI,AGL,CE,Towers with Radar,30,14,20,0,64,0,0,39,0,39,30,14,59,0,103,122,0,122,225
06/24/2001,MBS,MI,AGL,CE,Towers with Radar,28,13,20,0,61,0,0,46,0,46,28,13,66,0,107,69,0,69,176
06/25/2001,MBS,MI,AGL,CE,Towers with Radar,44,46,59,1,150,0,1,104,1,106,44,47,163,2,256,84,2,86,342
06/26/2001,MBS,MI,AGL,CE,Towers with Radar,41,46,78,1,166,0,9,53,0,62,41,55,131,1,228,78,0,78,306
06/27/2001,MBS,MI,AGL,CE,Towers with Radar,39,47,53,0,139,0,0,58,0,58,39,47,111,0,197,66,0,66,263
06/28/2001,MBS,MI,AGL,CE,Towers with Radar,37,37,48,0,122,1,0,25,0,26,38,37,73,0,148,89,0,89,237
06/29/2001,MBS,MI,AGL,CE,Towers with Radar,32,39,30,5,106,0,0,21,0,21,32,39,51,5,127,56,0,56,183
06/30/2001,MBS,MI,AGL,CE,Towers with Radar,25,18,31,0,74,5,0,4,0,9,30,18,35,0,83,36,0,36,119
07/01/2001,MBS,MI,AGL,CE,Towers with Radar,34,17,25,0,76,0,0,33,0,33,34,17,58,0,109,14,0,14,123
07/02/2001,MBS,MI,AGL,CE,Towers with Radar,38,37,45,0,120,9,1,108,0,118,47,38,153,0,238,102,0,102,340
07/03/2001,MBS,MI,AGL,CE,Towers with Radar,42,35,45,0,122,0,0,55,0,55,42,35,100,0,177,32,0,32,209
07/04/2001,MBS,MI,AGL,CE,Towers with Radar,19,17,21,0,57,10,0,4,0,14,29,17,25,0,71,20,0,20,91
07/05/2001,MBS,MI,AGL,CE,Towers with Radar,30,33,11,0,74,0,0,31,0,31,30,33,42,0,105,44,0,44,149
07/06/2001,MBS,MI,AGL,CE,Towers with Radar,31,22,34,0,87,0,0,46,0,46,31,22,80,0,133,54,0,54,187
07/07/2001,MBS,MI,AGL,CE,Towers with Radar,34,19,10,0,63,0,2,7,0,9,34,21,17,0,72,46,0,46,118
07/08/2001,MBS,MI,AGL,CE,Towers with Radar,25,12,29,0,66,2,0,20,0,22,27,12,49,0,88,50,0,50,138
07/09/2001,MBS,MI,AGL,CE,Towers with Radar,22,40,32,0,94,0,0,33,0,33,22,40,65,0,127,58,0,58,185
07/10/2001,MBS,MI,AGL,CE,Towers with Radar,30,29,35,0,94,1,6,34,0,41,31,35,69,0,135,87,0,87,222
07/11/2001,MBS,MI,AGL,CE,Towers with Radar,33,36,41,0,110,0,4,52,0,56,33,40,93,0,166,32,0,32,198
07/12/2001,MBS,MI,AGL,CE,Towers with Radar,40,26,49,2,117,0,0,47,2,49,40,26,96,4,166,68,2,70,236
07/13/2001,MBS,MI,AGL,CE,Towers with Radar,45,45,62,0,152,0,0,110,0,110,45,45,172,0,262,108,0,108,370
07/14/2001,MBS,MI,AGL,CE,Towers with Radar,26,19,24,0,69,0,0,41,0,41,26,19,65,0,110,83,0,83,193
07/15/2001,MBS,MI,AGL,CE,Towers with Radar,42,25,31,0,98,0,0,70,1,71,42,25,101,1,169,52,0,52,221
07/16/2001,MBS,MI,AGL,CE,Towers with Radar,36,49,63,0,148,0,0,62,0,62,36,49,125,0,210,30,0,30,240
07/17/2001,MBS,MI,AGL,CE,Towers with Radar,33,31,38,0,102,0,7,90,0,97,33,38,128,0,199,50,0,50,249
07/18/2001,MBS,MI,AGL,CE,Towers with Radar,38,33,39,0,110,0,0,24,0,24,38,33,63,0,134,41,0,41,175
07/19/2001,MBS,MI,AGL,CE,Towers with Radar,35,40,38,0,113,0,0,20,0,20,35,40,58,0,133,66,0,66,199
07/20/2001,MBS,MI,AGL,CE,Towers with Radar,46,45,41,3,135,0,0,29,0,29,46,45,70,3,164,32,0,32,196
07/21/2001,MBS,MI,AGL,CE,Towers with Radar,24,36,8,0,68,0,0,10,2,12,24,36,18,2,80,12,0,12,92
07/22/2001,MBS,MI,AGL,CE,Towers with Radar,40,17,81,0,138,0,0,31,0,31,40,17,112,0,169,32,0,32,201
07/23/2001,MBS,MI,AGL,CE,Towers with Radar,26,47,64,0,137,0,0,40,0,40,26,47,104,0,177,44,0,44,221
07/24/2001,MBS,MI,AGL,CE,Towers with Radar,37,67,63,0,167,0,11,70,0,81,37,78,133,0,248,88,0,88,336
07/25/2001,MBS,MI,AGL,CE,Towers with Radar,38,55,67,0,160,0,0,53,0,53,38,55,120,0,213,44,0,44,257
07/26/2001,MBS,MI,AGL,CE,Towers with Radar,38,50,92,0,180,0,0,54,0,54,38,50,146,0,234,108,0,108,342
07/27/2001,MBS,MI,AGL,CE,Towers with Radar,33,44,37,9,123,0,0,74,0,74,33,44,111,9,197,106,6,112,309
07/28/2001,MBS,MI,AGL,CE,Towers with Radar,30,21,28,0,79,0,0,85,0,85,30,21,113,0,164,110,0,110,274
07/29/2001,MBS,MI,AGL,CE,Towers with Radar,38,23,73,0,134,0,0,38,0,38,38,23,111,0,172,14,0,14,186
07/30/2001,MBS,MI,AGL,CE,Towers with Radar,48,49,78,4,179,0,0,80,0,80,48,49,158,4,259,50,2,52,311
07/31/2001,MBS,MI,AGL,CE,Towers with Radar,29,31,43,0,103,0,3,25,0,28,29,34,68,0,131,2,0,2,133
08/01/2001,MBS,MI,AGL,CE,Towers with Radar,41,59,50,0,150,1,0,33,0,34,42,59,83,0,184,40,0,40,224
08/02/2001,MBS,MI,AGL,CE,Towers with Radar,29,36,52,0,117,0,0,5,0,5,29,36,57,0,122,16,0,16,138
08/03/2001,MBS,MI,AGL,CE,Towers with Radar,38,33,31,0,102,0,0,39,0,39,38,33,70,0,141,44,0,44,185
08/04/2001,MBS,MI,AGL,CE,Towers with Radar,31,23,27,0,81,0,0,66,0,66,31,23,93,0,147,46,0,46,193
08/05/2001,MBS,MI,AGL,CE,Towers with Radar,29,18,46,0,93,0,0,32,0,32,29,18,78,0,125,36,0,36,161
08/06/2001,MBS,MI,AGL,CE,Towers with Radar,53,37,51,0,141,0,0,46,0,46,53,37,97,0,187,32,0,32,219
08/07/2001,MBS,MI,AGL,CE,Towers with Radar,46,42,54,0,142,0,0,28,0,28,46,42,82,0,170,20,0,20,190
08/08/2001,MBS,MI,AGL,CE,Towers with Radar,34,38,34,0,106,0,0,39,0,39,34,38,73,0,145,22,0,22,167
08/09/2001,MBS,MI,AGL,CE,Towers with Radar,28,38,46,0,112,0,0,2,0,2,28,38,48,0,114,0,0,0,114
08/10/2001,MBS,MI,AGL,CE,Towers with Radar,32,37,35,0,104,0,1,40,0,41,32,38,75,0,145,75,0,75,220
08/11/2001,MBS,MI,AGL,CE,Towers with Radar,39,33,23,0,95,0,0,42,0,42,39,33,65,0,137,78,0,78,215
08/12/2001,MBS,MI,AGL,CE,Towers with Radar,37,28,48,0,113,0,0,54,0,54,37,28,102,0,167,44,0,44,211
08/13/2001,MBS,MI,AGL,CE,Towers with Radar,48,39,28,0,115,0,0,56,0,56,48,39,84,0,171,18,0,18,189
08/14/2001,MBS,MI,AGL,CE,Towers with Radar,34,46,47,0,127,0,0,42,0,42,34,46,89,0,169,8,0,8,177
08/15/2001,MBS,MI,AGL,CE,Towers with Radar,38,46,67,0,151,1,1,31,0,33,39,47,98,0,184,32,0,32,216
08/16/2001,MBS,MI,AGL,CE,Towers with Radar,32,38,53,0,123,1,0,0,0,1,33,38,53,0,124,8,2,10,134
08/17/2001,MBS,MI,AGL,CE,Towers with Radar,31,35,35,0,101,1,0,12,0,13,32,35,47,0,114,0,0,0,114
08/18/2001,MBS,MI,AGL,CE,Towers with Radar,26,19,31,0,76,8,0,25,0,33,34,19,56,0,109,72,0,72,181
08/19/2001,MBS,MI,AGL,CE,Towers with Radar,23,18,25,0,66,1,0,0,0,1,24,18,25,0,67,0,0,0,67
08/20/2001,MBS,MI,AGL,CE,Towers with Radar,52,45,54,0,151,0,2,18,0,20,52,47,72,0,171,26,0,26,197
08/21/2001,MBS,MI,AGL,CE,Towers with Radar,43,36,66,2,147,0,7,58,0,65,43,43,124,2,212,62,0,62,274
08/22/2001,MBS,MI,AGL,CE,Towers with Radar,26,34,39,2,101,0,1,6,0,7,26,35,45,2,108,0,0,0,108
08/23/2001,MBS,MI,AGL,CE,Towers with Radar,40,35,48,0,123,0,0,21,1,22,40,35,69,1,145,48,0,48,193
08/24/2001,MBS,MI,AGL,CE,Towers with Radar,29,39,33,0,101,0,1,18,1,20,29,40,51,1,121,44,0,44,165
08/25/2001,MBS,MI,AGL,CE,Towers with Radar,24,25,12,0,61,0,0,27,0,27,24,25,39,0,88,37,0,37,125
08/26/2001,MBS,MI,AGL,CE,Towers with Radar,32,22,40,0,94,0,0,21,0,21,32,22,61,0,115,34,0,34,149
08/27/2001,MBS,MI,AGL,CE,Towers with Radar,53,43,93,0,189,0,0,46,0,46,53,43,139,0,235,36,0,36,271
08/28/2001,MBS,MI,AGL,CE,Towers with Radar,47,37,49,0,133,0,0,81,0,81,47,37,130,0,214,48,0,48,262
08/29/2001,MBS,MI,AGL,CE,Towers with Radar,43,50,45,0,138,0,0,32,0,32,43,50,77,0,170,10,0,10,180
08/30/2001,MBS,MI,AGL,CE,Towers with Radar,26,35,42,0,103,0,20,40,4,64,26,55,82,4,167,80,0,80,247
08/31/2001,MBS,MI,AGL,CE,Towers with Radar,32,31,33,0,96,0,0,9,0,9,32,31,42,0,105,52,0,52,157
09/01/2001,MBS,MI,AGL,CE,Towers with Radar,24,26,26,0,76,1,1,72,0,74,25,27,98,0,150,66,0,66,216
09/02/2001,MBS,MI,AGL,CE,Towers with Radar,20,13,16,0,49,2,0,62,0,64,22,13,78,0,113,38,0,38,151
09/03/2001,MBS,MI,AGL,CE,Towers with Radar,37,16,30,0,83,2,0,60,0,62,39,16,90,0,145,40,0,40,185
09/04/2001,MBS,MI,AGL,CE,Towers with Radar,41,40,38,0,119,1,0,49,3,53,42,40,87,3,172,24,0,24,196
09/05/2001,MBS,MI,AGL,CE,Towers with Radar,5,35,45,0,85,0,6,78,1,85,5,41,123,1,170,42,0,42,212
09/06/2001,MBS,MI,AGL,CE,Towers with Radar,29,32,41,0,102,1,0,49,2,52,30,32,90,2,154,58,0,58,212
09/07/2001,MBS,MI,AGL,CE,Towers with Radar,21,29,39,0,89,1,0,4,0,5,22,29,43,0,94,0,0,0,94
09/08/2001,MBS,MI,AGL,CE,Towers with Radar,31,18,14,0,63,1,0,2,0,3,32,18,16,0,66,0,0,0,66
09/09/2001,MBS,MI,AGL,CE,Towers with Radar,33,15,33,0,81,1,0,3,0,4,34,15,36,0,85,0,0,0,85
09/10/2001,MBS,MI,AGL,CE,Towers with Radar,32,34,44,0,110,10,0,51,0,61,42,34,95,0,171,60,0,60,231
09/11/2001,MBS,MI,AGL,CE,Towers with Radar,10,12,16,0,38,1,0,2,0,3,11,12,18,0,41,4,0,4,45
09/12/2001,MBS,MI,AGL,CE,Towers with Radar,0,0,0,0,0,0,0,0,0,0,0,0,0,0,0,0,0,0,0
09/13/2001,MBS,MI,AGL,CE,Towers with Radar,4,25,0,0,29,1,0,0,0,1,5,25,0,0,30,0,0,0,30
09/14/2001,MBS,MI,AGL,CE,Towers with Radar,18,25,5,0,48,1,0,0,0,1,19,25,5,0,49,0,0,0,49
09/15/2001,MBS,MI,AGL,CE,Towers with Radar,19,15,29,0,63,1,0,3,0,4,20,15,32,0,67,10,0,10,77
09/16/2001,MBS,MI,AGL,CE,Towers with Radar,22,29,43,0,94,1,4,6,0,11,23,33,49,0,105,26,0,26,131
09/17/2001,MBS,MI,AGL,CE,Towers with Radar,36,33,28,0,97,1,0,0,0,1,37,33,28,0,98,0,0,0,98
09/18/2001,MBS,MI,AGL,CE,Towers with Radar,38,26,44,0,108,1,0,7,0,8,39,26,51,0,116,4,0,4,120
09/19/2001,MBS,MI,AGL,CE,Towers with Radar,28,39,43,0,110,1,0,0,0,1,29,39,43,0,111,0,0,0,111
09/20/2001,MBS,MI,AGL,CE,Towers with Radar,21,29,35,0,85,1,0,5,0,6,22,29,40,0,91,2,0,2,93
09/21/2001,MBS,MI,AGL,CE,Towers with Radar,25,31,42,0,98,0,0,6,0,6,25,31,48,0,104,6,0,6,110
09/22/2001,MBS,MI,AGL,CE,Towers with Radar,22,20,29,0,71,1,0,11,0,12,23,20,40,0,83,12,0,12,95
09/23/2001,MBS,MI,AGL,CE,Towers with Radar,21,23,12,0,56,1,0,2,0,3,22,23,14,0,59,4,0,4,63
09/24/2001,MBS,MI,AGL,CE,Towers with Radar,27,29,40,2,98,1,0,5,0,6,28,29,45,2,104,10,0,10,114
09/25/2001,MBS,MI,AGL,CE,Towers with Radar,25,53,64,0,142,1,0,8,0,9,26,53,72,0,151,24,0,24,175
09/26/2001,MBS,MI,AGL,CE,Towers with Radar,27,34,42,0,103,1,0,8,0,9,28,34,50,0,112,16,0,16,128
09/27/2001,MBS,MI,AGL,CE,Towers with Radar,49,51,70,0,170,0,1,27,0,28,49,52,97,0,198,24,2,26,224
09/28/2001,MBS,MI,AGL,CE,Towers with Radar,28,26,62,0,116,0,1,28,0,29,28,27,90,0,145,24,0,24,169
09/29/2001,MBS,MI,AGL,CE,Towers with Radar,23,15,19,0,57,0,1,59,0,60,23,16,78,0,117,56,0,56,173
09/30/2001,MBS,MI,AGL,CE,Towers with Radar,22,7,18,0,47,0,2,34,0,36,22,9,52,0,83,44,0,44,127
10/01/2001,MBS,MI,AGL,CE,Towers with Radar,43,35,35,0,113,1,0,50,0,51,44,35,85,0,164,46,0,46,210
10/02/2001,MBS,MI,AGL,CE,Towers with Radar,48,41,51,0,140,1,0,48,0,49,49,41,99,0,189,32,0,32,221
10/03/2001,MBS,MI,AGL,CE,Towers with Radar,36,33,42,0,111,1,0,33,0,34,37,33,75,0,145,30,0,30,175
10/04/2001,MBS,MI,AGL,CE,Towers with Radar,31,30,36,0,97,0,0,0,0,0,31,30,36,0,97,2,0,2,99
10/05/2001,MBS,MI,AGL,CE,Towers with Radar,31,31,50,0,112,1,0,11,0,12,32,31,61,0,124,4,0,4,128
10/06/2001,MBS,MI,AGL,CE,Towers with Radar,24,26,29,0,79,1,0,32,0,33,25,26,61,0,112,64,0,64,176
10/07/2001,MBS,MI,AGL,CE,Towers with Radar,27,19,37,0,83,1,0,43,0,44,28,19,80,0,127,46,0,46,173
10/08/2001,MBS,MI,AGL,CE,Towers with Radar,32,33,50,0,115,1,0,32,0,33,33,33,82,0,148,28,0,28,176
10/09/2001,MBS,MI,AGL,CE,Towers with Radar,37,39,54,2,132,1,0,33,0,34,38,39,87,2,166,12,0,12,178
10/10/2001,MBS,MI,AGL,CE,Towers with Radar,32,30,47,0,109,1,0,8,0,9,33,30,55,0,118,2,0,2,120
10/11/2001,MBS,MI,AGL,CE,Towers with Radar,19,40,69,0,128,1,1,21,0,23,20,41,90,0,151,14,0,14,165
10/12/2001,MBS,MI,AGL,CE,Towers with Radar,23,31,24,2,80,1,1,1,0,3,24,32,25,2,83,16,0,16,99
10/13/2001,MBS,MI,AGL,CE,Towers with Radar,15,23,27,0,65,0,0,5,0,5,15,23,32,0,70,29,0,29,99
10/14/2001,MBS,MI,AGL,CE,Towers with Radar,20,18,18,0,56,0,0,0,0,0,20,18,18,0,56,0,0,0,56
10/15/2001,MBS,MI,AGL,CE,Towers with Radar,42,41,50,0,133,0,0,49,0,49,42,41,99,0,182,60,0,60,242
10/16/2001,MBS,MI,AGL,CE,Towers with Radar,41,25,22,0,88,1,0,0,0,1,42,25,22,0,89,0,0,0,89
10/17/2001,MBS,MI,AGL,CE,Towers with Radar,52,40,54,0,146,1,0,25,0,26,53,40,79,0,172,39,0,39,211
10/18/2001,MBS,MI,AGL,CE,Towers with Radar,30,36,44,0,110,0,5,31,0,36,30,41,75,0,146,90,0,90,236
10/19/2001,MBS,MI,AGL,CE,Towers with Radar,16,34,44,0,94,1,0,10,0,11,17,34,54,0,105,78,0,78,183
10/20/2001,MBS,MI,AGL,CE,Towers with Radar,28,30,11,0,69,1,0,88,0,89,29,30,99,0,158,94,0,94,252
10/21/2001,MBS,MI,AGL,CE,Towers with Radar,31,21,67,0,119,1,0,48,0,49,32,21,115,0,168,62,0,62,230
10/22/2001,MBS,MI,AGL,CE,Towers with Radar,37,27,51,0,115,1,0,79,0,80,38,27,130,0,195,82,0,82,277
10/23/2001,MBS,MI,AGL,CE,Towers with Radar,42,27,57,0,126,1,0,5,0,6,43,27,62,0,132,14,0,14,146
10/24/2001,MBS,MI,AGL,CE,Towers with Radar,39,42,37,2,120,0,0,10,0,10,39,42,47,2,130,10,4,14,144
10/25/2001,MBS,MI,AGL,CE,Towers with Radar,38,40,19,0,97,0,0,1,0,1,38,40,20,0,98,0,0,0,98
10/26/2001,MBS,MI,AGL,CE,Towers with Radar,27,32,23,0,82,0,0,2,0,2,27,32,25,0,84,6,0,6,90
10/27/2001,MBS,MI,AGL,CE,Towers with Radar,23,19,11,0,53,0,0,36,0,36,23,19,47,0,89,70,0,70,159
10/28/2001,MBS,MI,AGL,CE,Towers with Radar,19,15,14,0,48,0,0,46,0,46,19,15,60,0,94,26,0,26,120
10/29/2001,MBS,MI,AGL,CE,Towers with Radar,37,34,30,0,101,0,0,92,0,92,37,34,122,0,193,94,0,94,287
10/30/2001,MBS,MI,AGL,CE,Towers with Radar,39,43,50,0,132,0,15,49,0,64,39,58,99,0,196,36,0,36,232
10/31/2001,MBS,MI,AGL,CE,Towers with Radar,26,51,31,0,108,0,0,68,0,68,26,51,99,0,176,68,0,68,244
11/01/2001,MBS,MI,AGL,CE,Towers with Radar,24,43,59,0,126,2,0,13,0,15,26,43,72,0,141,0,0,0,141
11/02/2001,MBS,MI,AGL,CE,Towers with Radar,24,25,48,0,97,1,0,28,86,115,25,25,76,86,212,0,0,0,212
11/03/2001,MBS,MI,AGL,CE,Towers with Radar,21,42,17,0,80,0,0,70,0,70,21,42,87,0,150,64,0,64,214
11/04/2001,MBS,MI,AGL,CE,Towers with Radar,23,21,48,0,92,1,0,88,0,89,24,21,136,0,181,1106,0,1106,1287
11/05/2001,MBS,MI,AGL,CE,Towers with Radar,38,36,58,0,132,1,0,85,0,86,39,36,143,0,218,80,0,80,298
11/06/2001,MBS,MI,AGL,CE,Towers with Radar,35,40,60,0,135,1,0,97,0,98,36,40,157,0,233,82,0,82,315
11/07/2001,MBS,MI,AGL,CE,Towers with Radar,21,31,41,0,93,1,0,37,0,38,22,31,78,0,131,60,0,60,191
11/08/2001,MBS,MI,AGL,CE,Towers with Radar,24,46,47,0,117,1,0,17,0,18,25,46,64,0,135,30,0,30,165
11/09/2001,MBS,MI,AGL,CE,Towers with Radar,26,31,14,0,71,1,0,25,0,26,27,31,39,0,97,31,0,31,128
11/10/2001,MBS,MI,AGL,CE,Towers with Radar,15,20,16,0,51,1,0,26,0,27,16,20,42,0,78,28,0,28,106
11/11/2001,MBS,MI,AGL,CE,Towers with Radar,20,17,40,0,77,1,0,41,0,42,21,17,81,0,119,48,0,48,167
11/12/2001,MBS,MI,AGL,CE,Towers with Radar,33,41,48,0,122,1,2,35,0,38,34,43,83,0,160,58,0,58,218
11/13/2001,MBS,MI,AGL,CE,Towers with Radar,50,78,53,9,190,1,11,50,0,62,51,89,103,9,252,90,12,102,354
11/14/2001,MBS,MI,AGL,CE,Towers with Radar,23,37,39,1,100,0,4,17,3,24,23,41,56,4,124,4,4,8,132
11/15/2001,MBS,MI,AGL,CE,Towers with Radar,19,37,39,0,95,0,3,3,0,6,19,40,42,0,101,0,0,0,101
11/16/2001,MBS,MI,AGL,CE,Towers with Radar,31,35,25,9,100,1,1,48,0,50,32,36,73,9,150,34,0,34,184
11/17/2001,MBS,MI,AGL,CE,Towers with Radar,23,22,4,0,49,1,0,25,0,26,24,22,29,0,75,18,0,18,93
11/18/2001,MBS,MI,AGL,CE,Towers with Radar,27,9,10,0,46,1,0,0,0,1,28,9,10,0,47,0,0,0,47
11/19/2001,MBS,MI,AGL,CE,Towers with Radar,37,26,52,2,117,1,0,2,0,3,38,26,54,2,120,12,0,12,132
11/20/2001,MBS,MI,AGL,CE,Towers with Radar,33,44,48,0,125,1,0,39,0,40,34,44,87,0,165,36,0,36,201
11/21/2001,MBS,MI,AGL,CE,Towers with Radar,27,28,34,0,89,1,0,27,0,28,28,28,61,0,117,40,0,40,157
11/22/2001,MBS,MI,AGL,CE,Towers with Radar,18,20,12,0,50,1,0,12,0,13,19,20,24,0,63,34,6,40,103
11/23/2001,MBS,MI,AGL,CE,Towers with Radar,26,17,22,0,65,1,0,36,0,37,27,17,58,0,102,108,0,108,210
11/24/2001,MBS,MI,AGL,CE,Towers with Radar,19,15,4,0,38,1,0,5,0,6,20,15,9,0,44,0,0,0,44
11/25/2001,MBS,MI,AGL,CE,Towers with Radar,26,15,26,0,67,1,0,0,0,1,27,15,26,0,68,0,0,0,68
11/26/2001,MBS,MI,AGL,CE,Towers with Radar,34,25,32,2,93,0,1,12,0,13,34,26,44,2,106,10,2,12,118
11/27/2001,MBS,MI,AGL,CE,Towers with Radar,34,38,28,0,100,0,0,0,0,0,34,38,28,0,100,0,0,0,100
11/28/2001,MBS,MI,AGL,CE,Towers with Radar,33,44,34,0,111,0,0,0,0,0,33,44,34,0,111,0,0,0,111
11/29/2001,MBS,MI,AGL,CE,Towers with Radar,18,42,25,5,90,0,0,0,0,0,18,42,25,5,90,0,0,0,90
11/30/2001,MBS,MI,AGL,CE,Towers with Radar,26,29,24,0,79,0,0,0,0,0,26,29,24,0,79,0,0,0,79
12/01/2001,MBS,MI,AGL,CE,Towers with Radar,24,13,14,0,51,1,1,3,0,5,25,14,17,0,56,18,0,18,74
12/02/2001,MBS,MI,AGL,CE,Towers with Radar,44,10,45,0,99,0,1,26,0,27,44,11,71,0,126,72,0,72,198
12/03/2001,MBS,MI,AGL,CE,Towers with Radar,40,29,32,0,101,0,1,90,0,91,40,30,122,0,192,94,0,94,286
12/04/2001,MBS,MI,AGL,CE,Towers with Radar,38,40,40,4,122,0,1,23,0,24,38,41,63,4,146,40,0,40,186
12/05/2001,MBS,MI,AGL,CE,Towers with Radar,35,37,31,0,103,0,3,21,0,24,35,40,52,0,127,32,0,32,159
12/06/2001,MBS,MI,AGL,CE,Towers with Radar,39,23,46,0,108,0,6,17,0,23,39,29,63,0,131,86,0,86,217
12/07/2001,MBS,MI,AGL,CE,Towers with Radar,39,18,21,0,78,0,1,29,0,30,39,19,50,0,108,72,0,72,180
12/08/2001,MBS,MI,AGL,CE,Towers with Radar,24,22,23,0,69,0,0,0,0,0,24,22,23,0,69,2,0,2,71
12/09/2001,MBS,MI,AGL,CE,Towers with Radar,25,9,23,0,57,0,0,46,0,46,25,9,69,0,103,44,0,44,147
12/10/2001,MBS,MI,AGL,CE,Towers with Radar,39,42,48,0,129,0,0,35,0,35,39,42,83,0,164,56,0,56,220
12/11/2001,MBS,MI,AGL,CE,Towers with Radar,34,40,63,0,137,0,0,33,0,33,34,40,96,0,170,24,0,24,194
12/12/2001,MBS,MI,AGL,CE,Towers with Radar,31,29,32,0,92,0,5,14,2,21,31,34,46,2,113,10,2,12,125
12/13/2001,MBS,MI,AGL,CE,Towers with Radar,35,39,41,0,115,0,0,0,0,0,35,39,41,0,115,28,0,28,143
12/14/2001,MBS,MI,AGL,CE,Towers with Radar,27,33,14,0,74,0,0,2,0,2,27,33,16,0,76,0,0,0,76
12/15/2001,MBS,MI,AGL,CE,Towers with Radar,23,6,10,0,39,1,0,0,0,1,24,6,10,0,40,0,0,0,40
12/16/2001,MBS,MI,AGL,CE,Towers with Radar,25,14,20,0,59,1,0,53,0,54,26,14,73,0,113,30,0,30,143
12/17/2001,MBS,MI,AGL,CE,Towers with Radar,48,28,60,0,136,0,0,0,0,0,48,28,60,0,136,0,0,0,136
12/18/2001,MBS,MI,AGL,CE,Towers with Radar,44,42,55,0,141,0,0,37,0,37,44,42,92,0,178,34,0,34,212
12/19/2001,MBS,MI,AGL,CE,Towers with Radar,39,44,27,0,110,1,0,0,0,1,40,44,27,0,111,0,0,0,111
12/20/2001,MBS,MI,AGL,CE,Towers with Radar,38,42,39,2,121,1,0,14,0,15,39,42,53,2,136,52,2,54,190
12/21/2001,MBS,MI,AGL,CE,Towers with Radar,25,21,26,0,72,1,0,72,0,73,26,21,98,0,145,160,0,160,305
12/22/2001,MBS,MI,AGL,CE,Towers with Radar,37,26,22,0,85,1,0,45,0,46,38,26,67,0,131,130,0,130,261
12/23/2001,MBS,MI,AGL,CE,Towers with Radar,20,14,0,0,34,1,0,0,0,1,21,14,0,0,35,0,0,0,35
12/24/2001,MBS,MI,AGL,CE,Towers with Radar,28,19,9,0,56,1,0,0,0,1,29,19,9,0,57,0,0,0,57
12/25/2001,MBS,MI,AGL,CE,Towers with Radar,32,9,4,0,45,1,0,0,0,1,33,9,4,0,46,0,0,0,46
12/26/2001,MBS,MI,AGL,CE,Towers with Radar,29,17,12,0,58,0,0,0,0,0,29,17,12,0,58,2,0,2,60
12/27/2001,MBS,MI,AGL,CE,Towers with Radar,35,22,17,0,74,0,0,2,0,2,35,22,19,0,76,0,0,0,76
12/28/2001,MBS,MI,AGL,CE,Towers with Radar,34,17,9,0,60,0,0,13,0,13,34,17,22,0,73,16,0,16,89
12/29/2001,MBS,MI,AGL,CE,Towers with Radar,27,19,16,0,62,0,4,7,0,11,27,23,23,0,73,12,0,12,85
12/30/2001,MBS,MI,AGL,CE,Towers with Radar,28,5,8,0,41,0,1,9,0,10,28,6,17,0,51,12,0,12,63
12/31/2001,MBS,MI,AGL,CE,Towers with Radar,34,18,18,0,70,0,1,11,0,12,34,19,29,0,82,16,0,16,98
01/01/2002,MBS,MI,AGL,CE,Towers with Radar,32,19,13,0,64,1,0,29,0,30,33,19,42,0,94,20,0,20,114
01/02/2002,MBS,MI,AGL,CE,Towers with Radar,40,31,32,0,103,0,0,52,0,52,40,31,84,0,155,80,0,80,235
01/03/2002,MBS,MI,AGL,CE,Towers with Radar,39,28,33,0,100,0,0,34,0,34,39,28,67,0,134,76,0,76,210
01/04/2002,MBS,MI,AGL,CE,Towers with Radar,31,21,12,0,64,0,0,22,0,22,31,21,34,0,86,70,0,70,156
01/05/2002,MBS,MI,AGL,CE,Towers with Radar,30,16,23,0,69,0,0,37,0,37,30,16,60,0,106,82,0,82,188
01/06/2002,MBS,MI,AGL,CE,Towers with Radar,15,8,13,0,36,8,0,3,0,11,23,8,16,0,47,0,0,0,47
01/07/2002,MBS,MI,AGL,CE,Towers with Radar,39,39,33,3,114,0,3,44,2,49,39,42,77,5,163,68,0,68,231
01/08/2002,MBS,MI,AGL,CE,Towers with Radar,35,25,23,0,83,0,0,14,2,16,35,25,37,2,99,15,0,15,114
01/09/2002,MBS,MI,AGL,CE,Towers with Radar,42,33,40,0,115,0,0,10,0,10,42,33,50,0,125,10,0,10,135
01/10/2002,MBS,MI,AGL,CE,Towers with Radar,45,30,40,0,115,0,0,30,0,30,45,30,70,0,145,46,0,46,191
01/11/2002,MBS,MI,AGL,CE,Towers with Radar,35,30,31,0,96,0,0,37,0,37,35,30,68,0,133,120,0,120,253
01/12/2002,MBS,MI,AGL,CE,Towers with Radar,23,17,18,0,58,4,2,1,0,7,27,19,19,0,65,12,0,12,77
01/13/2002,MBS,MI,AGL,CE,Towers with Radar,36,12,24,0,72,0,0,47,0,47,36,12,71,0,119,48,0,48,167
01/14/2002,MBS,MI,AGL,CE,Towers with Radar,39,39,34,0,112,0,0,0,0,0,39,39,34,0,112,0,0,0,112
01/15/2002,MBS,MI,AGL,CE,Towers with Radar,37,39,29,0,105,0,0,0,0,0,37,39,29,0,105,2,0,2,107
01/16/2002,MBS,MI,AGL,CE,Towers with Radar,28,22,24,0,74,0,13,7,0,20,28,35,31,0,94,2,0,2,96
01/17/2002,MBS,MI,AGL,CE,Towers with Radar,35,26,35,0,96,0,0,21,0,21,35,26,56,0,117,48,0,48,165
01/18/2002,MBS,MI,AGL,CE,Towers with Radar,35,29,12,0,76,0,0,23,0,23,35,29,35,0,99,64,0,64,163
01/19/2002,MBS,MI,AGL,CE,Towers with Radar,24,15,19,0,58,8,0,54,0,62,32,15,73,0,120,58,0,58,178
01/20/2002,MBS,MI,AGL,CE,Towers with Radar,25,8,20,0,53,2,0,3,0,5,27,8,23,0,58,6,0,6,64
01/21/2002,MBS,MI,AGL,CE,Towers with Radar,38,29,34,0,101,0,1,1,0,2,38,30,35,0,103,6,0,6,109
01/22/2002,MBS,MI,AGL,CE,Towers with Radar,49,40,65,0,154,0,0,35,0,35,49,40,100,0,189,42,0,42,231
01/23/2002,MBS,MI,AGL,CE,Towers with Radar,43,32,34,0,109,0,0,1,0,1,43,32,35,0,110,6,0,6,116
01/24/2002,MBS,MI,AGL,CE,Towers with Radar,39,23,40,0,102,0,0,12,0,12,39,23,52,0,114,6,0,6,120
01/25/2002,MBS,MI,AGL,CE,Towers with Radar,44,40,48,0,132,0,0,71,0,71,44,40,119,0,203,110,0,110,313
01/26/2002,MBS,MI,AGL,CE,Towers with Radar,29,16,24,0,69,0,0,73,0,73,29,16,97,0,142,152,0,152,294
01/27/2002,MBS,MI,AGL,CE,Towers with Radar,33,14,27,0,74,0,0,63,0,63,33,14,90,0,137,70,0,70,207
01/28/2002,MBS,MI,AGL,CE,Towers with Radar,41,26,41,0,108,0,0,27,0,27,41,26,68,0,135,12,0,12,147
01/29/2002,MBS,MI,AGL,CE,Towers with Radar,38,29,30,0,97,0,10,0,0,10,38,39,30,0,107,2,0,2,109
01/30/2002,MBS,MI,AGL,CE,Towers with Radar,35,25,20,0,80,0,0,0,0,0,35,25,20,0,80,2,0,2,82
01/31/2002,MBS,MI,AGL,CE,Towers with Radar,13,8,6,0,27,4,12,0,0,16,17,20,6,0,43,0,0,0,43
02/01/2002,MBS,MI,AGL,CE,Towers with Radar,34,28,24,0,86,1,0,2,0,3,35,28,26,0,89,0,0,0,89
02/02/2002,MBS,MI,AGL,CE,Towers with Radar,23,30,24,0,77,1,0,29,2,32,24,30,53,2,109,63,0,63,172
02/03/2002,MBS,MI,AGL,CE,Towers with Radar,31,13,42,0,86,1,0,9,0,10,32,13,51,0,96,8,0,8,104
02/04/2002,MBS,MI,AGL,CE,Towers with Radar,38,30,38,0,106,0,1,19,0,20,38,31,57,0,126,32,0,32,158
02/05/2002,MBS,MI,AGL,CE,Towers with Radar,49,38,32,0,119,0,0,13,0,13,49,38,45,0,132,20,0,20,152
02/06/2002,MBS,MI,AGL,CE,Towers with Radar,36,37,38,3,114,0,0,31,2,33,36,37,69,5,147,22,0,22,169
02/07/2002,MBS,MI,AGL,CE,Towers with Radar,43,50,55,3,151,0,0,23,0,23,43,50,78,3,174,60,2,62,236
02/08/2002,MBS,MI,AGL,CE,Towers with Radar,60,38,35,0,133,0,0,31,0,31,60,38,66,0,164,42,0,42,206
02/09/2002,MBS,MI,AGL,CE,Towers with Radar,29,17,2,0,48,0,0,51,1,52,29,17,53,1,100,58,0,58,158
02/10/2002,MBS,MI,AGL,CE,Towers with Radar,25,9,5,0,39,0,0,1,0,1,25,9,6,0,40,0,0,0,40
02/11/2002,MBS,MI,AGL,CE,Towers with Radar,39,17,25,0,81,0,2,41,0,43,39,19,66,0,124,36,0,36,160
02/12/2002,MBS,MI,AGL,CE,Towers with Radar,43,38,46,0,127,0,0,10,0,10,43,38,56,0,137,0,0,0,137
02/13/2002,MBS,MI,AGL,CE,Towers with Radar,47,33,64,0,144,0,0,68,0,68,47,33,132,0,212,88,0,88,300
02/14/2002,MBS,MI,AGL,CE,Towers with Radar,40,42,43,0,125,0,0,27,0,27,40,42,70,0,152,58,0,58,210
02/15/2002,MBS,MI,AGL,CE,Towers with Radar,35,20,23,0,78,0,0,4,0,4,35,20,27,0,82,0,0,0,82
02/16/2002,MBS,MI,AGL,CE,Towers with Radar,24,21,5,0,50,0,0,2,0,2,24,21,7,0,52,4,0,4,56
02/17/2002,MBS,MI,AGL,CE,Towers with Radar,24,22,51,0,97,0,1,71,0,72,24,23,122,0,169,82,0,82,251
02/18/2002,MBS,MI,AGL,CE,Towers with Radar,41,29,47,0,117,0,0,88,0,88,41,29,135,0,205,72,0,72,277
02/19/2002,MBS,MI,AGL,CE,Towers with Radar,48,40,25,0,113,0,0,0,0,0,48,40,25,0,113,0,0,0,113
02/20/2002,MBS,MI,AGL,CE,Towers with Radar,39,32,43,0,114,0,0,0,0,0,39,32,43,0,114,0,0,0,114
02/21/2002,MBS,MI,AGL,CE,Towers with Radar,41,31,35,0,107,5,8,16,0,29,46,39,51,0,136,22,0,22,158
02/22/2002,MBS,MI,AGL,CE,Towers with Radar,39,30,49,0,118,0,0,42,0,42,39,30,91,0,160,67,0,67,227
02/23/2002,MBS,MI,AGL,CE,Towers with Radar,26,14,13,0,53,0,0,61,0,61,26,14,74,0,114,60,0,60,174
02/24/2002,MBS,MI,AGL,CE,Towers with Radar,37,13,16,0,66,0,1,27,0,28,37,14,43,0,94,14,0,14,108
02/25/2002,MBS,MI,AGL,CE,Towers with Radar,49,30,33,0,112,0,0,30,0,30,49,30,63,0,142,78,0,78,220
02/26/2002,MBS,MI,AGL,CE,Towers with Radar,37,28,34,0,99,0,0,0,0,0,37,28,34,0,99,0,0,0,99
02/27/2002,MBS,MI,AGL,CE,Towers with Radar,47,34,34,0,115,0,0,2,0,2,47,34,36,0,117,0,0,0,117
02/28/2002,MBS,MI,AGL,CE,Towers with Radar,44,45,64,0,153,0,0,31,0,31,44,45,95,0,184,50,0,50,234
03/01/2002,MBS,MI,AGL,CE,Towers with Radar,33,31,14,0,78,1,0,24,0,25,34,31,38,0,103,82,0,82,185
03/02/2002,MBS,MI,AGL,CE,Towers with Radar,11,8,0,0,19,13,12,0,0,25,24,20,0,0,44,0,0,0,44
03/03/2002,MBS,MI,AGL,CE,Towers with Radar,31,8,21,0,60,1,0,0,0,1,32,8,21,0,61,0,0,0,61
03/04/2002,MBS,MI,AGL,CE,Towers with Radar,54,29,42,0,125,34,0,0,0,34,88,29,42,0,159,6,0,6,165
03/05/2002,MBS,MI,AGL,CE,Towers with Radar,44,45,45,0,134,1,0,9,0,10,45,45,54,0,144,8,0,8,152
03/06/2002,MBS,MI,AGL,CE,Towers with Radar,34,30,35,0,99,0,0,10,0,10,34,30,45,0,109,0,0,0,109
03/07/2002,MBS,MI,AGL,CE,Towers with Radar,38,35,42,0,115,0,1,5,0,6,38,36,47,0,121,24,0,24,145
03/08/2002,MBS,MI,AGL,CE,Towers with Radar,40,25,18,0,83,0,1,0,0,1,40,26,18,0,84,0,0,0,84
03/09/2002,MBS,MI,AGL,CE,Towers with Radar,24,17,1,0,42,0,1,2,0,3,24,18,3,0,45,3,0,3,48
03/10/2002,MBS,MI,AGL,CE,Towers with Radar,30,10,12,0,52,0,1,0,0,1,30,11,12,0,53,0,0,0,53
03/11/2002,MBS,MI,AGL,CE,Towers with Radar,42,27,63,0,132,0,2,13,0,15,42,29,76,0,147,6,0,6,153
03/12/2002,MBS,MI,AGL,CE,Towers with Radar,43,47,28,0,118,0,1,81,0,82,43,48,109,0,200,36,0,36,236
03/13/2002,MBS,MI,AGL,CE,Towers with Radar,45,34,48,0,127,0,0,44,0,44,45,34,92,0,171,18,0,18,189
03/14/2002,MBS,MI,AGL,CE,Towers with Radar,39,26,47,0,112,0,0,11,0,11,39,26,58,0,123,42,0,42,165
03/15/2002,MBS,MI,AGL,CE,Towers with Radar,42,27,37,0,106,0,1,6,0,7,42,28,43,0,113,6,0,6,119
03/16/2002,MBS,MI,AGL,CE,Towers with Radar,27,20,30,0,77,0,1,55,0,56,27,21,85,0,133,110,0,110,243
03/17/2002,MBS,MI,AGL,CE,Towers with Radar,38,12,27,0,77,0,1,32,0,33,38,13,59,0,110,26,0,26,136
03/18/2002,MBS,MI,AGL,CE,Towers with Radar,41,26,52,0,119,0,1,36,0,37,41,27,88,0,156,26,0,26,182
03/19/2002,MBS,MI,AGL,CE,Towers with Radar,47,33,50,1,131,0,1,60,3,64,47,34,110,4,195,64,2,66,261
03/20/2002,MBS,MI,AGL,CE,Towers with Radar,35,24,18,0,77,0,1,5,0,6,35,25,23,0,83,0,0,0,83
03/21/2002,MBS,MI,AGL,CE,Towers with Radar,36,29,28,2,95,0,1,1,0,2,36,30,29,2,97,0,0,0,97
03/22/2002,MBS,MI,AGL,CE,Towers with Radar,38,25,32,2,97,0,1,5,0,6,38,26,37,2,103,22,0,22,125
03/23/2002,MBS,MI,AGL,CE,Towers with Radar,33,28,27,0,88,0,1,17,0,18,33,29,44,0,106,12,0,12,118
03/24/2002,MBS,MI,AGL,CE,Towers with Radar,34,18,31,0,83,0,0,64,0,64,34,18,95,0,147,70,0,70,217
03/25/2002,MBS,MI,AGL,CE,Towers with Radar,52,31,32,0,115,1,4,50,0,55,53,35,82,0,170,70,0,70,240
03/26/2002,MBS,MI,AGL,CE,Towers with Radar,40,39,20,0,99,0,0,1,0,1,40,39,21,0,100,20,0,20,120
03/27/2002,MBS,MI,AGL,CE,Towers with Radar,48,34,42,0,124,0,1,120,0,121,48,35,162,0,245,72,0,72,317
03/28/2002,MBS,MI,AGL,CE,Towers with Radar,48,35,39,0,122,0,8,33,0,41,48,43,72,0,163,70,0,70,233
03/29/2002,MBS,MI,AGL,CE,Towers with Radar,27,19,12,0,58,0,0,1,0,1,27,19,13,0,59,12,0,12,71
03/30/2002,MBS,MI,AGL,CE,Towers with Radar,23,15,18,0,56,0,0,53,0,53,23,15,71,0,109,81,0,81,190
03/31/2002,MBS,MI,AGL,CE,Towers with Radar,29,12,6,0,47,0,0,10,0,10,29,12,16,0,57,8,0,8,65
04/01/2002,MBS,MI,AGL,CE,Towers with Radar,35,47,45,0,127,1,0,63,0,64,36,47,108,0,191,86,0,86,277
04/02/2002,MBS,MI,AGL,CE,Towers with Radar,34,29,23,0,86,1,0,0,0,1,35,29,23,0,87,0,0,0,87
04/03/2002,MBS,MI,AGL,CE,Towers with Radar,35,27,31,0,93,0,1,5,0,6,35,28,36,0,99,0,0,0,99
04/04/2002,MBS,MI,AGL,CE,Towers with Radar,38,28,28,0,94,1,0,28,0,29,39,28,56,0,123,122,0,122,245
04/05/2002,MBS,MI,AGL,CE,Towers with Radar,43,18,20,0,81,1,0,9,0,10,44,18,29,0,91,0,0,0,91
04/06/2002,MBS,MI,AGL,CE,Towers with Radar,22,18,16,0,56,1,0,58,0,59,23,18,74,0,115,98,0,98,213
04/07/2002,MBS,MI,AGL,CE,Towers with Radar,32,11,31,0,74,1,0,7,0,8,33,11,38,0,82,20,0,20,102
04/08/2002,MBS,MI,AGL,CE,Towers with Radar,34,16,40,0,90,1,0,2,0,3,35,16,42,0,93,4,0,4,97
04/09/2002,MBS,MI,AGL,CE,Towers with Radar,34,34,60,6,134,0,0,5,0,5,34,34,65,6,139,18,0,18,157
04/10/2002,MBS,MI,AGL,CE,Towers with Radar,33,20,53,2,108,0,0,53,2,55,33,20,106,4,163,0,0,0,163
04/11/2002,MBS,MI,AGL,CE,Towers with Radar,37,41,55,0,133,0,29,35,0,64,37,70,90,0,197,86,0,86,283
04/12/2002,MBS,MI,AGL,CE,Towers with Radar,40,34,19,0,93,0,1,8,0,9,40,35,27,0,102,26,0,26,128
04/13/2002,MBS,MI,AGL,CE,Towers with Radar,25,16,24,0,65,0,0,40,0,40,25,16,64,0,105,32,2,34,139
04/14/2002,MBS,MI,AGL,CE,Towers with Radar,34,9,11,0,54,0,0,38,0,38,34,9,49,0,92,38,0,38,130
04/15/2002,MBS,MI,AGL,CE,Towers with Radar,46,25,46,0,117,0,0,43,0,43,46,25,89,0,160,40,0,40,200
04/16/2002,MBS,MI,AGL,CE,Towers with Radar,44,33,37,0,114,0,0,38,0,38,44,33,75,0,152,26,0,26,178
04/17/2002,MBS,MI,AGL,CE,Towers with Radar,48,35,48,3,134,0,0,52,0,52,48,35,100,3,186,18,8,26,212
04/18/2002,MBS,MI,AGL,CE,Towers with Radar,40,35,42,0,117,0,10,108,0,118,40,45,150,0,235,82,0,82,317
04/19/2002,MBS,MI,AGL,CE,Towers with Radar,37,24,22,0,83,0,0,58,0,58,37,24,80,0,141,6,0,6,147
04/20/2002,MBS,MI,AGL,CE,Towers with Radar,30,26,43,0,99,0,0,49,0,49,30,26,92,0,148,40,0,40,188
04/21/2002,MBS,MI,AGL,CE,Towers with Radar,34,12,20,0,66,0,0,19,0,19,34,12,39,0,85,10,0,10,95
04/22/2002,MBS,MI,AGL,CE,Towers with Radar,36,21,20,0,77,0,1,7,0,8,36,22,27,0,85,20,0,20,105
04/23/2002,MBS,MI,AGL,CE,Towers with Radar,47,35,39,0,121,0,0,125,0,125,47,35,164,0,246,84,0,84,330
04/24/2002,MBS,MI,AGL,CE,Towers with Radar,51,38,48,0,137,0,2,36,0,38,51,40,84,0,175,64,0,64,239
04/25/2002,MBS,MI,AGL,CE,Towers with Radar,40,27,27,0,94,0,0,4,2,6,40,27,31,2,100,2,0,2,102
04/26/2002,MBS,MI,AGL,CE,Towers with Radar,39,15,28,8,90,0,0,30,2,32,39,15,58,10,122,54,0,54,176
04/27/2002,MBS,MI,AGL,CE,Towers with Radar,28,18,12,0,58,0,0,29,0,29,28,18,41,0,87,70,0,70,157
04/28/2002,MBS,MI,AGL,CE,Towers with Radar,32,20,18,0,70,0,0,0,0,0,32,20,18,0,70,6,0,6,76
04/29/2002,MBS,MI,AGL,CE,Towers with Radar,39,48,36,0,123,0,2,33,0,35,39,50,69,0,158,78,0,78,236
04/30/2002,MBS,MI,AGL,CE,Towers with Radar,43,31,37,1,112,2,6,39,6,53,45,37,76,7,165,40,0,40,205
05/01/2002,MBS,MI,AGL,CE,Towers with Radar,39,21,34,9,103,1,0,31,0,32,40,21,65,9,135,20,18,38,173
05/02/2002,MBS,MI,AGL,CE,Towers with Radar,38,29,40,0,107,0,0,5,0,5,38,29,45,0,112,6,0,6,118
05/03/2002,MBS,MI,AGL,CE,Towers with Radar,34,38,34,0,106,0,0,88,0,88,34,38,122,0,194,124,0,124,318
05/04/2002,MBS,MI,AGL,CE,Towers with Radar,36,12,19,0,67,0,8,40,0,48,36,20,59,0,115,132,0,132,247
05/05/2002,MBS,MI,AGL,CE,Towers with Radar,38,16,55,0,109,0,3,51,0,54,38,19,106,0,163,46,0,46,209
05/06/2002,MBS,MI,AGL,CE,Towers with Radar,37,24,26,0,87,0,0,3,0,3,37,24,29,0,90,4,0,4,94
05/07/2002,MBS,MI,AGL,CE,Towers with Radar,44,39,55,0,138,0,8,39,0,47,44,47,94,0,185,28,0,28,213
05/08/2002,MBS,MI,AGL,CE,Towers with Radar,33,29,37,0,99,0,13,4,0,17,33,42,41,0,116,22,0,22,138
05/09/2002,MBS,MI,AGL,CE,Towers with Radar,38,27,28,0,93,0,0,7,0,7,38,27,35,0,100,0,0,0,100
05/10/2002,MBS,MI,AGL,CE,Towers with Radar,35,25,35,0,95,0,0,5,6,11,35,25,40,6,106,27,4,31,137
05/11/2002,MBS,MI,AGL,CE,Towers with Radar,28,12,25,0,65,5,0,41,0,46,33,12,66,0,111,61,0,61,172
05/12/2002,MBS,MI,AGL,CE,Towers with Radar,36,16,10,0,62,0,0,2,0,2,36,16,12,0,64,0,0,0,64
05/13/2002,MBS,MI,AGL,CE,Towers with Radar,37,36,46,0,119,0,1,32,0,33,37,37,78,0,152,26,0,26,178
05/14/2002,MBS,MI,AGL,CE,Towers with Radar,38,27,35,1,101,2,3,12,0,17,40,30,47,1,118,10,2,12,130
05/15/2002,MBS,MI,AGL,CE,Towers with Radar,54,35,48,9,146,0,0,67,8,75,54,35,115,17,221,26,28,54,275
05/16/2002,MBS,MI,AGL,CE,Towers with Radar,47,33,33,0,113,0,0,4,0,4,47,33,37,0,117,12,0,12,129
05/17/2002,MBS,MI,AGL,CE,Towers with Radar,40,28,39,0,107,3,9,0,0,12,43,37,39,0,119,62,0,62,181
05/18/2002,MBS,MI,AGL,CE,Towers with Radar,28,17,21,0,66,1,0,15,0,16,29,17,36,0,82,28,0,28,110
05/19/2002,MBS,MI,AGL,CE,Towers with Radar,33,9,63,0,105,1,0,41,0,42,34,9,104,0,147,48,0,48,195
05/20/2002,MBS,MI,AGL,CE,Towers with Radar,38,28,14,0,80,0,3,14,0,17,38,31,28,0,97,4,0,4,101
05/21/2002,MBS,MI,AGL,CE,Towers with Radar,37,30,43,0,110,0,0,52,0,52,37,30,95,0,162,62,0,62,224
05/22/2002,MBS,MI,AGL,CE,Towers with Radar,40,37,33,0,110,0,0,37,0,37,40,37,70,0,147,8,0,8,155
05/23/2002,MBS,MI,AGL,CE,Towers with Radar,48,32,57,0,137,0,0,46,0,46,48,32,103,0,183,60,0,60,243
05/24/2002,MBS,MI,AGL,CE,Towers with Radar,29,28,57,0,114,0,1,53,0,54,29,29,110,0,168,110,0,110,278
05/25/2002,MBS,MI,AGL,CE,Towers with Radar,27,15,23,0,65,0,0,8,0,8,27,15,31,0,73,16,0,16,89
05/26/2002,MBS,MI,AGL,CE,Towers with Radar,34,22,22,0,78,0,2,83,0,85,34,24,105,0,163,34,0,34,197
05/27/2002,MBS,MI,AGL,CE,Towers with Radar,32,19,37,0,88,0,0,60,0,60,32,19,97,0,148,26,0,26,174
05/28/2002,MBS,MI,AGL,CE,Towers with Radar,48,34,46,0,128,0,7,66,0,73,48,41,112,0,201,54,0,54,255
05/29/2002,MBS,MI,AGL,CE,Towers with Radar,32,29,29,2,92,0,0,12,0,12,32,29,41,2,104,6,6,12,116
05/30/2002,MBS,MI,AGL,CE,Towers with Radar,37,30,57,1,125,0,0,8,0,8,37,30,65,1,133,46,0,46,179
05/31/2002,MBS,MI,AGL,CE,Towers with Radar,34,21,35,0,90,0,0,33,4,37,34,21,68,4,127,60,0,60,187
06/01/2002,MBS,MI,AGL,CE,Towers with Radar,25,19,31,0,75,14,0,7,0,21,39,19,38,0,96,60,0,60,156
06/02/2002,MBS,MI,AGL,CE,Towers with Radar,38,14,22,0,74,0,0,23,0,23,38,14,45,0,97,14,0,14,111
06/03/2002,MBS,MI,AGL,CE,Towers with Radar,38,22,70,0,130,0,0,8,0,8,38,22,78,0,138,16,0,16,154
06/04/2002,MBS,MI,AGL,CE,Towers with Radar,28,28,32,0,88,0,0,2,0,2,28,28,34,0,90,4,0,4,94
06/05/2002,MBS,MI,AGL,CE,Towers with Radar,42,35,50,0,127,0,0,17,0,17,42,35,67,0,144,29,0,29,173
06/06/2002,MBS,MI,AGL,CE,Towers with Radar,51,44,63,1,159,0,0,74,0,74,51,44,137,1,233,64,0,64,297
06/07/2002,MBS,MI,AGL,CE,Towers with Radar,40,28,27,0,95,0,0,48,0,48,40,28,75,0,143,66,0,66,209
06/08/2002,MBS,MI,AGL,CE,Towers with Radar,30,20,10,7,67,0,0,54,1,55,30,20,64,8,122,71,0,71,193
06/09/2002,MBS,MI,AGL,CE,Towers with Radar,33,16,45,0,94,0,0,49,0,49,33,16,94,0,143,78,0,78,221
06/10/2002,MBS,MI,AGL,CE,Towers with Radar,44,47,67,0,158,0,0,54,0,54,44,47,121,0,212,72,0,72,284
06/11/2002,MBS,MI,AGL,CE,Towers with Radar,32,25,36,0,93,1,0,29,0,30,33,25,65,0,123,12,0,12,135
06/12/2002,MBS,MI,AGL,CE,Towers with Radar,37,33,47,0,117,0,19,10,0,29,37,52,57,0,146,35,0,35,181
06/13/2002,MBS,MI,AGL,CE,Towers with Radar,46,22,71,0,139,0,0,24,0,24,46,22,95,0,163,98,0,98,261
06/14/2002,MBS,MI,AGL,CE,Towers with Radar,44,41,39,2,126,0,0,0,0,0,44,41,39,2,126,10,10,20,146
06/15/2002,MBS,MI,AGL,CE,Towers with Radar,48,35,37,0,120,0,0,2,0,2,48,35,39,0,122,62,0,62,184
06/16/2002,MBS,MI,AGL,CE,Towers with Radar,32,24,43,0,99,0,0,8,0,8,32,24,51,0,107,0,0,0,107
06/17/2002,MBS,MI,AGL,CE,Towers with Radar,41,35,58,0,134,0,4,31,0,35,41,39,89,0,169,48,0,48,217
06/18/2002,MBS,MI,AGL,CE,Towers with Radar,48,39,55,0,142,0,0,107,0,107,48,39,162,0,249,74,0,74,323
06/19/2002,MBS,MI,AGL,CE,Towers with Radar,47,37,53,0,137,0,31,95,0,126,47,68,148,0,263,93,0,93,356
06/20/2002,MBS,MI,AGL,CE,Towers with Radar,45,29,25,0,99,0,3,22,0,25,45,32,47,0,124,56,0,56,180
06/21/2002,MBS,MI,AGL,CE,Towers with Radar,32,20,27,0,79,0,0,19,0,19,32,20,46,0,98,2,0,2,100
06/22/2002,MBS,MI,AGL,CE,Towers with Radar,36,16,13,0,65,0,0,4,0,4,36,16,17,0,69,2,0,2,71
06/23/2002,MBS,MI,AGL,CE,Towers with Radar,43,14,34,0,91,0,0,41,0,41,43,14,75,0,132,12,0,12,144
06/24/2002,MBS,MI,AGL,CE,Towers with Radar,32,23,45,0,100,0,1,25,0,26,32,24,70,0,126,30,0,30,156
06/25/2002,MBS,MI,AGL,CE,Towers with Radar,33,40,65,5,143,0,0,33,1,34,33,40,98,6,177,48,12,60,237
06/26/2002,MBS,MI,AGL,CE,Towers with Radar,30,32,32,0,94,0,0,15,0,15,30,32,47,0,109,2,0,2,111
06/27/2002,MBS,MI,AGL,CE,Towers with Radar,42,33,49,0,124,2,0,33,0,35,44,33,82,0,159,120,0,120,279
06/28/2002,MBS,MI,AGL,CE,Towers with Radar,33,21,40,0,94,0,0,36,0,36,33,21,76,0,130,100,0,100,230
06/29/2002,MBS,MI,AGL,CE,Towers with Radar,33,13,30,0,76,0,0,26,0,26,33,13,56,0,102,48,0,48,150
06/30/2002,MBS,MI,AGL,CE,Towers with Radar,34,16,28,0,78,0,0,25,0,25,34,16,53,0,103,24,0,24,127
07/01/2002,MBS,MI,AGL,CE,Towers with Radar,38,35,39,0,112,2,4,56,0,62,40,39,95,0,174,60,0,60,234
07/02/2002,MBS,MI,AGL,CE,Towers with Radar,50,34,46,17,147,3,0,83,1,87,53,34,129,18,234,66,20,86,320
07/03/2002,MBS,MI,AGL,CE,Towers with Radar,35,30,23,0,88,3,0,29,0,32,38,30,52,0,120,18,0,18,138
07/04/2002,MBS,MI,AGL,CE,Towers with Radar,34,7,13,0,54,3,0,33,0,36,37,7,46,0,90,25,0,25,115
07/05/2002,MBS,MI,AGL,CE,Towers with Radar,31,8,6,0,45,3,0,28,0,31,34,8,34,0,76,10,0,10,86
07/06/2002,MBS,MI,AGL,CE,Towers with Radar,36,33,29,0,98,3,2,36,2,43,39,35,65,2,141,102,0,102,243
07/07/2002,MBS,MI,AGL,CE,Towers with Radar,19,15,15,0,49,3,0,19,0,22,22,15,34,0,71,4,0,4,75
07/08/2002,MBS,MI,AGL,CE,Towers with Radar,29,23,34,0,86,2,15,16,2,35,31,38,50,2,121,26,0,26,147
07/09/2002,MBS,MI,AGL,CE,Towers with Radar,38,29,44,0,111,0,9,14,0,23,38,38,58,0,134,22,0,22,156
07/10/2002,MBS,MI,AGL,CE,Towers with Radar,33,33,34,0,100,2,0,54,0,56,35,33,88,0,156,63,0,63,219
07/11/2002,MBS,MI,AGL,CE,Towers with Radar,38,25,45,0,108,2,0,53,0,55,40,25,98,0,163,62,2,64,227
07/12/2002,MBS,MI,AGL,CE,Towers with Radar,52,31,53,1,137,2,0,91,1,94,54,31,144,2,231,110,2,112,343
07/13/2002,MBS,MI,AGL,CE,Towers with Radar,28,16,16,0,60,2,0,39,0,41,30,16,55,0,101,110,0,110,211
07/14/2002,MBS,MI,AGL,CE,Towers with Radar,31,26,65,0,122,2,0,56,0,58,33,26,121,0,180,68,0,68,248
07/15/2002,MBS,MI,AGL,CE,Towers with Radar,52,39,97,0,188,1,1,84,0,86,53,40,181,0,274,106,0,106,380
07/16/2002,MBS,MI,AGL,CE,Towers with Radar,43,39,39,0,121,1,3,47,0,51,44,42,86,0,172,30,0,30,202
07/17/2002,MBS,MI,AGL,CE,Towers with Radar,37,28,36,0,101,1,1,42,0,44,38,29,78,0,145,14,0,14,159
07/18/2002,MBS,MI,AGL,CE,Towers with Radar,50,34,62,0,146,1,1,11,0,13,51,35,73,0,159,18,0,18,177
07/19/2002,MBS,MI,AGL,CE,Towers with Radar,32,20,32,0,84,1,1,17,0,19,33,21,49,0,103,84,0,84,187
07/20/2002,MBS,MI,AGL,CE,Towers with Radar,31,19,27,0,77,1,3,49,0,53,32,22,76,0,130,134,0,134,264
07/21/2002,MBS,MI,AGL,CE,Towers with Radar,33,7,18,0,58,1,1,7,0,9,34,8,25,0,67,12,0,12,79
07/22/2002,MBS,MI,AGL,CE,Towers with Radar,56,24,49,0,129,1,1,9,0,11,57,25,58,0,140,0,0,0,140
07/23/2002,MBS,MI,AGL,CE,Towers with Radar,46,31,50,0,127,1,16,84,0,101,47,47,134,0,228,36,0,36,264
07/24/2002,MBS,MI,AGL,CE,Towers with Radar,48,35,70,0,153,1,1,74,0,76,49,36,144,0,229,29,0,29,258
07/25/2002,MBS,MI,AGL,CE,Towers with Radar,40,25,54,0,119,0,0,69,0,69,40,25,123,0,188,38,0,38,226
07/26/2002,MBS,MI,AGL,CE,Towers with Radar,36,23,50,0,109,0,0,11,4,15,36,23,61,4,124,68,0,68,192
07/27/2002,MBS,MI,AGL,CE,Towers with Radar,28,14,42,0,84,0,0,11,0,11,28,14,53,0,95,14,0,14,109
07/28/2002,MBS,MI,AGL,CE,Towers with Radar,26,17,44,0,87,0,0,13,0,13,26,17,57,0,100,12,2,14,114
07/29/2002,MBS,MI,AGL,CE,Towers with Radar,35,33,51,0,119,1,4,46,0,51,36,37,97,0,170,38,0,38,208
07/30/2002,MBS,MI,AGL,CE,Towers with Radar,37,22,28,0,87,1,0,30,0,31,38,22,58,0,118,50,0,50,168
07/31/2002,MBS,MI,AGL,CE,Towers with Radar,39,25,41,0,105,1,0,33,0,34,40,25,74,0,139,42,0,42,181
08/01/2002,MBS,MI,AGL,CE,Towers with Radar,51,29,32,0,112,0,0,20,0,20,51,29,52,0,132,34,0,34,166
08/02/2002,MBS,MI,AGL,CE,Towers with Radar,29,28,33,0,90,0,0,43,0,43,29,28,76,0,133,98,0,98,231
08/03/2002,MBS,MI,AGL,CE,Towers with Radar,30,13,16,0,59,0,0,42,1,43,30,13,58,1,102,94,0,94,196
08/04/2002,MBS,MI,AGL,CE,Towers with Radar,31,9,15,0,55,0,0,8,0,8,31,9,23,0,63,0,0,0,63
08/05/2002,MBS,MI,AGL,CE,Towers with Radar,27,23,29,0,79,0,2,34,0,36,27,25,63,0,115,12,0,12,127
08/06/2002,MBS,MI,AGL,CE,Towers with Radar,42,23,53,0,118,0,2,52,0,54,42,25,105,0,172,90,0,90,262
08/07/2002,MBS,MI,AGL,CE,Towers with Radar,39,22,35,1,97,0,0,60,0,60,39,22,95,1,157,34,2,36,193
08/08/2002,MBS,MI,AGL,CE,Towers with Radar,39,29,34,0,102,0,2,44,0,46,39,31,78,0,148,78,0,78,226
08/09/2002,MBS,MI,AGL,CE,Towers with Radar,42,15,30,0,87,0,0,41,0,41,42,15,71,0,128,130,0,130,258
08/10/2002,MBS,MI,AGL,CE,Towers with Radar,38,27,26,0,91,0,0,73,0,73,38,27,99,0,164,152,0,152,316
08/11/2002,MBS,MI,AGL,CE,Towers with Radar,37,24,31,0,92,0,0,38,0,38,37,24,69,0,130,26,0,26,156
08/12/2002,MBS,MI,AGL,CE,Towers with Radar,51,41,29,2,123,0,5,47,0,52,51,46,76,2,175,64,4,68,243
08/13/2002,MBS,MI,AGL,CE,Towers with Radar,47,38,27,0,112,0,2,26,0,28,47,40,53,0,140,28,0,28,168
08/14/2002,MBS,MI,AGL,CE,Towers with Radar,42,25,38,0,105,0,2,16,0,18,42,27,54,0,123,24,0,24,147
08/15/2002,MBS,MI,AGL,CE,Towers with Radar,40,20,52,5,117,0,0,36,0,36,40,20,88,5,153,102,2,104,257
08/16/2002,MBS,MI,AGL,CE,Towers with Radar,40,20,34,5,99,0,0,21,1,22,40,20,55,6,121,52,4,56,177
08/17/2002,MBS,MI,AGL,CE,Towers with Radar,28,11,24,0,63,0,1,10,0,11,28,12,34,0,74,42,0,42,116
08/18/2002,MBS,MI,AGL,CE,Towers with Radar,40,17,50,1,108,0,0,65,1,66,40,17,115,2,174,48,4,52,226
08/19/2002,MBS,MI,AGL,CE,Towers with Radar,50,31,59,0,140,0,2,40,0,42,50,33,99,0,182,28,0,28,210
08/20/2002,MBS,MI,AGL,CE,Towers with Radar,46,39,53,0,138,0,3,102,0,105,46,42,155,0,243,114,0,114,357
08/21/2002,MBS,MI,AGL,CE,Towers with Radar,64,45,60,0,169,0,2,45,0,47,64,47,105,0,216,26,0,26,242
08/22/2002,MBS,MI,AGL,CE,Towers with Radar,35,35,35,0,105,0,0,0,0,0,35,35,35,0,105,10,0,10,115
08/23/2002,MBS,MI,AGL,CE,Towers with Radar,31,25,37,1,94,0,0,0,0,0,31,25,37,1,94,10,0,10,104
08/24/2002,MBS,MI,AGL,CE,Towers with Radar,26,14,17,0,57,0,0,11,0,11,26,14,28,0,68,40,0,40,108
08/25/2002,MBS,MI,AGL,CE,Towers with Radar,28,10,26,0,64,0,0,31,0,31,28,10,57,0,95,57,0,57,152
08/26/2002,MBS,MI,AGL,CE,Towers with Radar,52,22,46,0,120,0,3,61,0,64,52,25,107,0,184,38,0,38,222
08/27/2002,MBS,MI,AGL,CE,Towers with Radar,37,23,35,0,95,0,1,38,0,39,37,24,73,0,134,64,0,64,198
08/28/2002,MBS,MI,AGL,CE,Towers with Radar,35,25,27,5,92,0,2,39,0,41,35,27,66,5,133,20,22,42,175
08/29/2002,MBS,MI,AGL,CE,Towers with Radar,44,25,42,0,111,0,1,37,2,40,44,26,79,2,151,53,0,53,204
08/30/2002,MBS,MI,AGL,CE,Towers with Radar,38,16,43,2,99,0,0,17,0,17,38,16,60,2,116,31,0,31,147
08/31/2002,MBS,MI,AGL,CE,Towers with Radar,22,23,18,0,63,0,0,29,0,29,22,23,47,0,92,31,0,31,123
09/01/2002,MBS,MI,AGL,CE,Towers with Radar,42,9,15,0,66,1,1,67,0,69,43,10,82,0,135,46,0,46,181
09/02/2002,MBS,MI,AGL,CE,Towers with Radar,42,10,38,0,90,1,1,12,0,14,43,11,50,0,104,20,0,20,124
09/03/2002,MBS,MI,AGL,CE,Towers with Radar,55,29,49,0,133,0,1,51,0,52,55,30,100,0,185,78,0,78,263
09/04/2002,MBS,MI,AGL,CE,Towers with Radar,51,45,51,0,147,0,5,39,0,44,51,50,90,0,191,50,0,50,241
09/05/2002,MBS,MI,AGL,CE,Towers with Radar,42,27,35,0,104,0,0,46,0,46,42,27,81,0,150,110,0,110,260
09/06/2002,MBS,MI,AGL,CE,Towers with Radar,29,26,31,0,86,0,0,80,0,80,29,26,111,0,166,142,0,142,308
09/07/2002,MBS,MI,AGL,CE,Towers with Radar,24,24,12,0,60,0,2,47,0,49,24,26,59,0,109,104,0,104,213
09/08/2002,MBS,MI,AGL,CE,Towers with Radar,42,11,27,0,80,0,0,49,0,49,42,11,76,0,129,68,0,68,197
09/09/2002,MBS,MI,AGL,CE,Towers with Radar,40,21,35,0,96,7,5,94,0,106,47,26,129,0,202,28,0,28,230
09/10/2002,MBS,MI,AGL,CE,Towers with Radar,38,34,30,0,102,0,2,11,0,13,38,36,41,0,115,14,0,14,129
09/11/2002,MBS,MI,AGL,CE,Towers with Radar,34,25,33,0,92,0,2,28,0,30,34,27,61,0,122,74,0,74,196
09/12/2002,MBS,MI,AGL,CE,Towers with Radar,42,30,36,0,108,0,2,54,0,56,42,32,90,0,164,57,0,57,221
09/13/2002,MBS,MI,AGL,CE,Towers with Radar,30,33,40,0,103,0,0,49,0,49,30,33,89,0,152,133,0,133,285
09/14/2002,MBS,MI,AGL,CE,Towers with Radar,33,8,13,0,54,0,0,51,0,51,33,8,64,0,105,39,0,39,144
09/15/2002,MBS,MI,AGL,CE,Towers with Radar,44,11,28,0,83,1,0,0,0,1,45,11,28,0,84,0,0,0,84
09/16/2002,MBS,MI,AGL,CE,Towers with Radar,43,14,49,0,106,0,1,58,0,59,43,15,107,0,165,116,0,116,281
09/17/2002,MBS,MI,AGL,CE,Towers with Radar,37,22,43,0,102,0,5,36,0,41,37,27,79,0,143,46,0,46,189
09/18/2002,MBS,MI,AGL,CE,Towers with Radar,40,27,33,0,100,0,3,16,0,19,40,30,49,0,119,14,0,14,133
09/19/2002,MBS,MI,AGL,CE,Towers with Radar,35,19,30,0,84,0,0,0,6,6,35,19,30,6,90,0,22,22,112
09/20/2002,MBS,MI,AGL,CE,Towers with Radar,39,18,39,0,96,0,0,6,0,6,39,18,45,0,102,0,0,0,102
09/21/2002,MBS,MI,AGL,CE,Towers with Radar,46,17,44,0,107,0,0,70,4,74,46,17,114,4,181,86,0,86,267
09/22/2002,MBS,MI,AGL,CE,Towers with Radar,42,10,40,0,92,0,0,21,0,21,42,10,61,0,113,18,0,18,131
09/23/2002,MBS,MI,AGL,CE,Towers with Radar,44,34,44,0,122,0,2,59,0,61,44,36,103,0,183,68,0,68,251
09/24/2002,MBS,MI,AGL,CE,Towers with Radar,33,20,35,0,88,0,2,39,0,41,33,22,74,0,129,30,0,30,159
09/25/2002,MBS,MI,AGL,CE,Towers with Radar,50,31,42,0,123,0,5,44,0,49,50,36,86,0,172,24,0,24,196
09/26/2002,MBS,MI,AGL,CE,Towers with Radar,40,30,41,4,115,0,2,46,1,49,40,32,87,5,164,116,12,128,292
09/27/2002,MBS,MI,AGL,CE,Towers with Radar,29,15,34,0,78,0,0,5,0,5,29,15,39,0,83,30,0,30,113
09/28/2002,MBS,MI,AGL,CE,Towers with Radar,33,20,22,0,75,1,0,62,0,63,34,20,84,0,138,163,0,163,301
09/29/2002,MBS,MI,AGL,CE,Towers with Radar,32,8,34,0,74,1,0,3,0,4,33,8,37,0,78,0,0,0,78
09/30/2002,MBS,MI,AGL,CE,Towers with Radar,56,17,44,0,117,0,3,50,0,53,56,20,94,0,170,36,0,36,206
10/01/2002,MBS,MI,AGL,CE,Towers with Radar,36,28,17,0,81,2,0,19,0,21,38,28,36,0,102,11,0,11,113
10/02/2002,MBS,MI,AGL,CE,Towers with Radar,40,23,38,0,101,0,0,7,0,7,40,23,45,0,108,6,0,6,114
10/03/2002,MBS,MI,AGL,CE,Towers with Radar,28,28,45,0,101,0,0,3,0,3,28,28,48,0,104,6,0,6,110
10/04/2002,MBS,MI,AGL,CE,Towers with Radar,36,18,36,0,90,0,0,0,0,0,36,18,36,0,90,0,0,0,90
10/05/2002,MBS,MI,AGL,CE,Towers with Radar,22,13,27,0,62,0,0,39,0,39,22,13,66,0,101,48,0,48,149
10/06/2002,MBS,MI,AGL,CE,Towers with Radar,29,4,30,0,63,0,0,9,0,9,29,4,39,0,72,6,0,6,78
10/07/2002,MBS,MI,AGL,CE,Towers with Radar,37,18,35,0,90,1,2,84,3,90,38,20,119,3,180,42,0,42,222
10/08/2002,MBS,MI,AGL,CE,Towers with Radar,35,20,31,0,86,0,3,34,0,37,35,23,65,0,123,22,0,22,145
10/09/2002,MBS,MI,AGL,CE,Towers with Radar,40,22,40,0,102,0,2,19,0,21,40,24,59,0,123,32,0,32,155
10/10/2002,MBS,MI,AGL,CE,Towers with Radar,36,30,39,0,105,0,0,12,0,12,36,30,51,0,117,16,0,16,133
10/11/2002,MBS,MI,AGL,CE,Towers with Radar,50,18,38,0,106,0,0,31,0,31,50,18,69,0,137,114,0,114,251
10/12/2002,MBS,MI,AGL,CE,Towers with Radar,37,8,17,0,62,0,0,0,0,0,37,8,17,0,62,2,0,2,64
10/13/2002,MBS,MI,AGL,CE,Towers with Radar,34,3,33,0,70,0,0,16,0,16,34,3,49,0,86,6,0,6,92
10/14/2002,MBS,MI,AGL,CE,Towers with Radar,52,16,44,0,112,0,2,41,0,43,52,18,85,0,155,92,0,92,247
10/15/2002,MBS,MI,AGL,CE,Towers with Radar,40,20,28,0,88,0,2,34,0,36,40,22,62,0,124,12,0,12,136
10/16/2002,MBS,MI,AGL,CE,Towers with Radar,38,23,44,0,105,0,6,25,0,31,38,29,69,0,136,25,4,29,165
10/17/2002,MBS,MI,AGL,CE,Towers with Radar,32,27,20,0,79,0,0,16,0,16,32,27,36,0,95,0,0,0,95
10/18/2002,MBS,MI,AGL,CE,Towers with Radar,38,18,32,3,91,0,0,10,0,10,38,18,42,3,101,4,0,4,105
10/19/2002,MBS,MI,AGL,CE,Towers with Radar,30,8,28,0,66,0,0,0,0,0,30,8,28,0,66,26,0,26,92
10/20/2002,MBS,MI,AGL,CE,Towers with Radar,33,0,47,0,80,0,0,47,0,47,33,0,94,0,127,52,0,52,179
10/21/2002,MBS,MI,AGL,CE,Towers with Radar,41,19,36,0,96,4,4,37,0,45,45,23,73,0,141,10,0,10,151
10/22/2002,MBS,MI,AGL,CE,Towers with Radar,49,22,40,2,113,0,0,4,0,4,49,22,44,2,117,4,0,4,121
10/23/2002,MBS,MI,AGL,CE,Towers with Radar,38,19,50,0,107,0,2,54,0,56,38,21,104,0,163,124,0,124,287
10/24/2002,MBS,MI,AGL,CE,Towers with Radar,38,32,28,0,98,0,2,68,0,70,38,34,96,0,168,128,0,128,296
10/25/2002,MBS,MI,AGL,CE,Towers with Radar,39,26,49,0,114,0,0,1,0,1,39,26,50,0,115,66,0,66,181
10/26/2002,MBS,MI,AGL,CE,Towers with Radar,12,5,11,0,28,20,7,6,0,33,32,12,17,0,61,8,0,8,69
10/27/2002,MBS,MI,AGL,CE,Towers with Radar,38,10,33,0,81,0,2,21,0,23,38,12,54,0,104,38,0,38,142
10/28/2002,MBS,MI,AGL,CE,Towers with Radar,43,18,40,0,101,2,0,24,0,26,45,18,64,0,127,34,0,34,161
10/29/2002,MBS,MI,AGL,CE,Towers with Radar,42,37,45,0,124,0,3,28,0,31,42,40,73,0,155,30,0,30,185
10/30/2002,MBS,MI,AGL,CE,Towers with Radar,33,24,29,0,86,0,3,19,0,22,33,27,48,0,108,28,0,28,136
10/31/2002,MBS,MI,AGL,CE,Towers with Radar,34,21,34,3,92,0,1,14,0,15,34,22,48,3,107,24,6,30,137
11/01/2002,MBS,MI,AGL,CE,Towers with Radar,37,23,18,0,78,0,0,11,0,11,37,23,29,0,89,16,0,16,105
11/02/2002,MBS,MI,AGL,CE,Towers with Radar,39,16,26,0,81,0,0,15,0,15,39,16,41,0,96,28,0,28,124
11/03/2002,MBS,MI,AGL,CE,Towers with Radar,37,8,28,0,73,0,0,62,0,62,37,8,90,0,135,48,0,48,183
11/04/2002,MBS,MI,AGL,CE,Towers with Radar,38,15,25,3,81,0,2,38,0,40,38,17,63,3,121,34,0,34,155
11/05/2002,MBS,MI,AGL,CE,Towers with Radar,42,28,13,0,83,0,0,3,0,3,42,28,16,0,86,0,0,0,86
11/06/2002,MBS,MI,AGL,CE,Towers with Radar,35,22,23,0,80,0,1,11,0,12,35,23,34,0,92,16,0,16,108
11/07/2002,MBS,MI,AGL,CE,Towers with Radar,52,26,39,0,117,0,1,54,0,55,52,27,93,0,172,68,0,68,240
11/08/2002,MBS,MI,AGL,CE,Towers with Radar,40,11,22,0,73,0,0,31,0,31,40,11,53,0,104,30,0,30,134
11/09/2002,MBS,MI,AGL,CE,Towers with Radar,33,14,7,0,54,0,1,20,0,21,33,15,27,0,75,36,0,36,111
11/10/2002,MBS,MI,AGL,CE,Towers with Radar,31,7,7,0,45,0,0,1,0,1,31,7,8,0,46,0,0,0,46
11/11/2002,MBS,MI,AGL,CE,Towers with Radar,47,20,44,0,111,0,0,8,0,8,47,20,52,0,119,8,0,8,127
11/12/2002,MBS,MI,AGL,CE,Towers with Radar,39,24,43,2,108,0,3,13,0,16,39,27,56,2,124,24,0,24,148
11/13/2002,MBS,MI,AGL,CE,Towers with Radar,37,16,36,0,89,0,1,11,0,12,37,17,47,0,101,4,0,4,105
11/14/2002,MBS,MI,AGL,CE,Towers with Radar,34,28,20,0,82,0,0,18,0,18,34,28,38,0,100,4,0,4,104
11/15/2002,MBS,MI,AGL,CE,Towers with Radar,33,15,21,0,69,0,6,6,0,12,33,21,27,0,81,16,0,16,97
11/16/2002,MBS,MI,AGL,CE,Towers with Radar,36,11,18,0,65,0,0,25,0,25,36,11,43,0,90,56,0,56,146
11/17/2002,MBS,MI,AGL,CE,Towers with Radar,42,8,21,0,71,0,0,59,0,59,42,8,80,0,130,46,0,46,176
11/18/2002,MBS,MI,AGL,CE,Towers with Radar,44,9,57,0,110,0,2,28,0,30,44,11,85,0,140,18,0,18,158
11/19/2002,MBS,MI,AGL,CE,Towers with Radar,43,18,27,0,88,0,2,8,0,10,43,20,35,0,98,11,0,11,109
11/20/2002,MBS,MI,AGL,CE,Towers with Radar,34,16,30,0,80,0,3,49,0,52,34,19,79,0,132,42,0,42,174
11/21/2002,MBS,MI,AGL,CE,Towers with Radar,45,24,29,0,98,0,0,1,0,1,45,24,30,0,99,0,0,0,99
11/22/2002,MBS,MI,AGL,CE,Towers with Radar,35,15,22,0,72,0,2,11,0,13,35,17,33,0,85,12,0,12,97
11/23/2002,MBS,MI,AGL,CE,Towers with Radar,30,16,6,0,52,0,0,10,0,10,30,16,16,0,62,25,0,25,87
11/24/2002,MBS,MI,AGL,CE,Towers with Radar,40,5,18,0,63,0,0,21,0,21,40,5,39,0,84,34,0,34,118
11/25/2002,MBS,MI,AGL,CE,Towers with Radar,39,13,21,0,73,0,1,17,0,18,39,14,38,0,91,26,0,26,117
11/26/2002,MBS,MI,AGL,CE,Towers with Radar,36,25,33,0,94,0,3,30,0,33,36,28,63,0,127,24,0,24,151
11/27/2002,MBS,MI,AGL,CE,Towers with Radar,42,27,33,0,102,0,3,25,0,28,42,30,58,0,130,20,0,20,150
11/28/2002,MBS,MI,AGL,CE,Towers with Radar,30,5,12,0,47,0,0,4,0,4,30,5,16,0,51,0,0,0,51
11/29/2002,MBS,MI,AGL,CE,Towers with Radar,24,9,12,0,45,7,0,0,0,7,31,9,12,0,52,1,0,1,53
11/30/2002,MBS,MI,AGL,CE,Towers with Radar,36,12,7,0,55,0,0,0,0,0,36,12,7,0,55,0,0,0,55
12/01/2002,MBS,MI,AGL,CE,Towers with Radar,37,14,15,0,66,1,0,1,0,2,38,14,16,0,68,30,0,30,98
12/02/2002,MBS,MI,AGL,CE,Towers with Radar,29,21,14,0,64,0,3,0,0,3,29,24,14,0,67,0,0,0,67
12/03/2002,MBS,MI,AGL,CE,Towers with Radar,44,27,36,0,107,0,2,32,4,38,44,29,68,4,145,42,0,42,187
12/04/2002,MBS,MI,AGL,CE,Towers with Radar,39,16,31,0,86,0,1,21,0,22,39,17,52,0,108,12,0,12,120
12/05/2002,MBS,MI,AGL,CE,Towers with Radar,40,20,33,0,93,0,0,15,0,15,40,20,48,0,108,12,0,12,120
12/06/2002,MBS,MI,AGL,CE,Towers with Radar,34,16,27,0,77,0,0,25,0,25,34,16,52,0,102,24,0,24,126
12/07/2002,MBS,MI,AGL,CE,Towers with Radar,29,16,24,0,69,0,0,13,0,13,29,16,37,0,82,46,0,46,128
12/08/2002,MBS,MI,AGL,CE,Towers with Radar,34,6,19,0,59,0,0,8,0,8,34,6,27,0,67,24,0,24,91
12/09/2002,MBS,MI,AGL,CE,Towers with Radar,32,11,24,0,67,0,6,19,0,25,32,17,43,0,92,12,0,12,104
12/10/2002,MBS,MI,AGL,CE,Towers with Radar,35,30,37,0,102,0,2,23,0,25,35,32,60,0,127,14,0,14,141
12/11/2002,MBS,MI,AGL,CE,Towers with Radar,2,0,2,0,4,36,18,87,0,141,38,18,89,0,145,54,0,54,199
12/12/2002,MBS,MI,AGL,CE,Towers with Radar,44,28,47,0,119,0,1,27,0,28,44,29,74,0,147,54,0,54,201
12/13/2002,MBS,MI,AGL,CE,Towers with Radar,30,24,25,0,79,0,0,1,0,1,30,24,26,0,80,0,0,0,80
12/14/2002,MBS,MI,AGL,CE,Towers with Radar,27,18,29,0,74,0,0,19,0,19,27,18,48,0,93,86,0,86,179
12/15/2002,MBS,MI,AGL,CE,Towers with Radar,46,2,11,0,59,0,0,1,0,1,46,2,12,0,60,14,0,14,74
12/16/2002,MBS,MI,AGL,CE,Towers with Radar,44,22,37,0,103,0,0,26,0,26,44,22,63,0,129,24,0,24,153
12/17/2002,MBS,MI,AGL,CE,Towers with Radar,34,24,29,0,87,0,1,23,0,24,34,25,52,0,111,26,0,26,137
12/18/2002,MBS,MI,AGL,CE,Towers with Radar,45,25,40,0,110,0,3,0,0,3,45,28,40,0,113,14,0,14,127
12/19/2002,MBS,MI,AGL,CE,Towers with Radar,40,24,22,0,86,0,1,0,0,1,40,25,22,0,87,0,0,0,87
12/20/2002,MBS,MI,AGL,CE,Towers with Radar,36,28,6,0,70,0,0,0,0,0,36,28,6,0,70,0,0,0,70
12/21/2002,MBS,MI,AGL,CE,Towers with Radar,19,18,24,0,61,0,0,3,0,3,19,18,27,0,64,6,0,6,70
12/22/2002,MBS,MI,AGL,CE,Towers with Radar,35,2,7,0,44,0,0,0,0,0,35,2,7,0,44,0,0,0,44
12/23/2002,MBS,MI,AGL,CE,Towers with Radar,39,8,31,0,78,0,4,0,0,4,39,12,31,0,82,10,0,10,92
12/24/2002,MBS,MI,AGL,CE,Towers with Radar,35,12,12,0,59,0,1,9,0,10,35,13,21,0,69,6,0,6,75
12/25/2002,MBS,MI,AGL,CE,Towers with Radar,28,4,1,0,33,0,0,0,0,0,28,4,1,0,33,0,0,0,33
12/26/2002,MBS,MI,AGL,CE,Towers with Radar,36,16,19,0,71,0,0,15,0,15,36,16,34,0,86,42,0,42,128
12/27/2002,MBS,MI,AGL,CE,Towers with Radar,33,16,17,0,66,0,0,0,0,0,33,16,17,0,66,7,0,7,73
12/28/2002,MBS,MI,AGL,CE,Towers with Radar,34,14,13,0,61,0,0,0,0,0,34,14,13,0,61,0,0,0,61
12/29/2002,MBS,MI,AGL,CE,Towers with Radar,38,2,9,0,49,0,0,0,0,0,38,2,9,0,49,2,0,2,51
12/30/2002,MBS,MI,AGL,CE,Towers with Radar,24,17,22,0,63,0,0,1,0,1,24,17,23,0,64,0,0,0,64
12/31/2002,MBS,MI,AGL,CE,Towers with Radar,41,19,22,0,82,0,3,25,0,28,41,22,47,0,110,38,0,38,148
01/01/2003,MBS,MI,AGL,CE,Towers with Radar,43,4,8,0,55,1,0,9,0,10,44,4,17,0,65,4,0,4,69
01/02/2003,MBS,MI,AGL,CE,Towers with Radar,40,20,37,0,97,0,1,10,0,11,40,21,47,0,108,62,0,62,170
01/03/2003,MBS,MI,AGL,CE,Towers with Radar,36,11,5,0,52,0,1,0,0,1,36,12,5,0,53,3,0,3,56
01/04/2003,MBS,MI,AGL,CE,Towers with Radar,27,15,31,0,73,0,1,29,0,30,27,16,60,0,103,96,0,96,199
01/05/2003,MBS,MI,AGL,CE,Towers with Radar,31,10,25,0,66,0,1,8,0,9,31,11,33,0,75,18,0,18,93
01/06/2003,MBS,MI,AGL,CE,Towers with Radar,39,13,12,0,64,0,3,4,0,7,39,16,16,0,71,2,0,2,73
01/07/2003,MBS,MI,AGL,CE,Towers with Radar,43,29,25,0,97,0,1,2,0,3,43,30,27,0,100,0,0,0,100
01/08/2003,MBS,MI,AGL,CE,Towers with Radar,44,29,36,2,111,0,1,29,0,30,44,30,65,2,141,28,2,30,171
01/09/2003,MBS,MI,AGL,CE,Towers with Radar,50,24,34,6,114,0,1,1,0,2,50,25,35,6,116,4,0,4,120
01/10/2003,MBS,MI,AGL,CE,Towers with Radar,34,33,24,0,91,0,1,0,0,1,34,34,24,0,92,0,0,0,92
01/11/2003,MBS,MI,AGL,CE,Towers with Radar,30,22,22,0,74,0,1,4,0,5,30,23,26,0,79,25,0,25,104
01/12/2003,MBS,MI,AGL,CE,Towers with Radar,25,2,18,0,45,8,0,21,0,29,33,2,39,0,74,6,0,6,80
01/13/2003,MBS,MI,AGL,CE,Towers with Radar,38,15,15,0,68,0,2,12,0,14,38,17,27,0,82,16,0,16,98
01/14/2003,MBS,MI,AGL,CE,Towers with Radar,42,25,40,0,107,0,1,9,0,10,42,26,49,0,117,0,0,0,117
01/15/2003,MBS,MI,AGL,CE,Towers with Radar,40,22,44,0,106,0,6,19,0,25,40,28,63,0,131,42,0,42,173
01/16/2003,MBS,MI,AGL,CE,Towers with Radar,35,20,27,1,83,0,1,43,2,46,35,21,70,3,129,78,0,78,207
01/17/2003,MBS,MI,AGL,CE,Towers with Radar,38,20,31,0,89,0,2,16,0,18,38,22,47,0,107,50,0,50,157
01/18/2003,MBS,MI,AGL,CE,Towers with Radar,32,17,21,0,70,0,2,1,0,3,32,19,22,0,73,4,0,4,77
01/19/2003,MBS,MI,AGL,CE,Towers with Radar,34,1,18,0,53,0,1,2,0,3,34,2,20,0,56,0,0,0,56
01/20/2003,MBS,MI,AGL,CE,Towers with Radar,39,14,31,0,84,0,2,22,0,24,39,16,53,0,108,46,0,46,154
01/21/2003,MBS,MI,AGL,CE,Towers with Radar,28,30,26,0,84,0,2,47,0,49,28,32,73,0,133,37,2,39,172
01/22/2003,MBS,MI,AGL,CE,Towers with Radar,44,23,19,0,86,0,0,9,0,9,44,23,28,0,95,8,0,8,103
01/23/2003,MBS,MI,AGL,CE,Towers with Radar,37,27,30,5,99,0,1,1,2,4,37,28,31,7,103,14,4,18,121
01/24/2003,MBS,MI,AGL,CE,Towers with Radar,41,23,29,0,93,0,0,11,2,13,41,23,40,2,106,65,0,65,171
01/25/2003,MBS,MI,AGL,CE,Towers with Radar,33,19,12,0,64,0,0,2,0,2,33,19,14,0,66,56,0,56,122
01/26/2003,MBS,MI,AGL,CE,Towers with Radar,24,5,17,0,46,0,0,22,0,22,24,5,39,0,68,96,0,96,164
01/27/2003,MBS,MI,AGL,CE,Towers with Radar,34,19,24,0,77,0,1,28,2,31,34,20,52,2,108,24,0,24,132
01/28/2003,MBS,MI,AGL,CE,Towers with Radar,21,33,24,0,78,0,0,11,0,11,21,33,35,0,89,0,4,4,93
01/29/2003,MBS,MI,AGL,CE,Towers with Radar,25,21,15,0,61,0,2,20,0,22,25,23,35,0,83,28,0,28,111
01/30/2003,MBS,MI,AGL,CE,Towers with Radar,45,20,34,0,99,0,0,30,0,30,45,20,64,0,129,100,0,100,229
01/31/2003,MBS,MI,AGL,CE,Towers with Radar,33,20,20,0,73,1,0,2,3,6,34,20,22,3,79,0,0,0,79
02/01/2003,MBS,MI,AGL,CE,Towers with Radar,26,7,10,0,43,1,0,0,0,1,27,7,10,0,44,0,0,0,44
02/02/2003,MBS,MI,AGL,CE,Towers with Radar,17,0,8,0,25,15,0,0,0,15,32,0,8,0,40,7,0,7,47
02/03/2003,MBS,MI,AGL,CE,Towers with Radar,34,16,19,0,69,0,0,1,0,1,34,16,20,0,70,0,0,0,70
02/04/2003,MBS,MI,AGL,CE,Towers with Radar,32,28,20,0,80,0,0,4,0,4,32,28,24,0,84,2,0,2,86
02/05/2003,MBS,MI,AGL,CE,Towers with Radar,46,21,49,3,119,0,3,16,0,19,46,24,65,3,138,16,2,18,156
02/06/2003,MBS,MI,AGL,CE,Towers with Radar,37,19,19,0,75,0,0,2,0,2,37,19,21,0,77,0,0,0,77
02/07/2003,MBS,MI,AGL,CE,Towers with Radar,41,20,34,0,95,0,1,17,0,18,41,21,51,0,113,48,0,48,161
02/08/2003,MBS,MI,AGL,CE,Towers with Radar,28,12,20,8,68,0,1,29,0,30,28,13,49,8,98,14,0,14,112
02/09/2003,MBS,MI,AGL,CE,Towers with Radar,34,15,26,0,75,0,2,5,1,8,34,17,31,1,83,6,0,6,89
02/10/2003,MBS,MI,AGL,CE,Towers with Radar,27,20,17,0,64,0,5,1,0,6,27,25,18,0,70,0,0,0,70
02/11/2003,MBS,MI,AGL,CE,Towers with Radar,32,15,28,0,75,0,0,0,0,0,32,15,28,0,75,0,0,0,75
02/12/2003,MBS,MI,AGL,CE,Towers with Radar,45,17,39,0,101,0,1,11,0,12,45,18,50,0,113,12,0,12,125
02/13/2003,MBS,MI,AGL,CE,Towers with Radar,45,17,44,1,107,0,3,5,1,9,45,20,49,2,116,14,4,18,134
02/14/2003,MBS,MI,AGL,CE,Towers with Radar,41,31,26,4,102,0,0,42,1,43,41,31,68,5,145,116,0,116,261
02/15/2003,MBS,MI,AGL,CE,Towers with Radar,42,18,32,0,92,0,0,10,0,10,42,18,42,0,102,24,0,24,126
02/16/2003,MBS,MI,AGL,CE,Towers with Radar,27,5,17,0,49,0,0,15,0,15,27,5,32,0,64,42,0,42,106
02/17/2003,MBS,MI,AGL,CE,Towers with Radar,36,12,15,0,63,0,0,23,0,23,36,12,38,0,86,70,0,70,156
02/18/2003,MBS,MI,AGL,CE,Towers with Radar,37,18,15,0,70,0,0,3,0,3,37,18,18,0,73,4,0,4,77
02/19/2003,MBS,MI,AGL,CE,Towers with Radar,46,28,69,0,143,0,3,73,0,76,46,31,142,0,219,110,0,110,329
02/20/2003,MBS,MI,AGL,CE,Towers with Radar,45,21,59,0,125,0,3,36,0,39,45,24,95,0,164,16,0,16,180
02/21/2003,MBS,MI,AGL,CE,Towers with Radar,52,20,55,0,127,0,1,60,0,61,52,21,115,0,188,84,0,84,272
02/22/2003,MBS,MI,AGL,CE,Towers with Radar,35,16,8,0,59,0,0,1,0,1,35,16,9,0,60,0,0,0,60
02/23/2003,MBS,MI,AGL,CE,Towers with Radar,27,4,19,0,50,0,0,29,0,29,27,4,48,0,79,24,0,24,103
02/24/2003,MBS,MI,AGL,CE,Towers with Radar,33,28,39,0,100,0,1,0,0,1,33,29,39,0,101,0,0,0,101
02/25/2003,MBS,MI,AGL,CE,Towers with Radar,50,24,50,0,124,0,5,25,1,31,50,29,75,1,155,41,18,59,214
02/26/2003,MBS,MI,AGL,CE,Towers with Radar,49,23,60,10,142,0,2,29,2,33,49,25,89,12,175,62,28,90,265
02/27/2003,MBS,MI,AGL,CE,Towers with Radar,41,15,40,0,96,0,3,31,0,34,41,18,71,0,130,118,0,118,248
02/28/2003,MBS,MI,AGL,CE,Towers with Radar,43,12,24,2,81,0,0,37,1,38,43,12,61,3,119,98,0,98,217
03/01/2003,MBS,MI,AGL,CE,Towers with Radar,40,15,32,0,87,1,0,53,0,54,41,15,85,0,141,124,0,124,265
03/02/2003,MBS,MI,AGL,CE,Towers with Radar,31,14,3,0,48,1,0,4,0,5,32,14,7,0,53,0,0,0,53
03/03/2003,MBS,MI,AGL,CE,Towers with Radar,37,20,26,2,85,1,0,23,0,24,38,20,49,2,109,12,0,12,121
03/04/2003,MBS,MI,AGL,CE,Towers with Radar,41,15,28,0,84,1,0,21,0,22,42,15,49,0,106,16,0,16,122
03/05/2003,MBS,MI,AGL,CE,Towers with Radar,41,25,27,0,93,1,5,6,0,12,42,30,33,0,105,24,0,24,129
03/06/2003,MBS,MI,AGL,CE,Towers with Radar,45,13,32,0,90,1,2,25,0,28,46,15,57,0,118,82,0,82,200
03/07/2003,MBS,MI,AGL,CE,Towers with Radar,39,22,27,0,88,1,0,13,0,14,40,22,40,0,102,52,0,52,154
03/08/2003,MBS,MI,AGL,CE,Towers with Radar,29,24,19,0,72,1,0,0,0,1,30,24,19,0,73,20,0,20,93
03/09/2003,MBS,MI,AGL,CE,Towers with Radar,32,9,20,0,61,1,0,19,0,20,33,9,39,0,81,41,0,41,122
03/10/2003,MBS,MI,AGL,CE,Towers with Radar,36,11,30,0,77,1,2,9,0,12,37,13,39,0,89,0,0,0,89
03/11/2003,MBS,MI,AGL,CE,Towers with Radar,40,27,24,0,91,1,2,9,0,12,41,29,33,0,103,12,0,12,115
03/12/2003,MBS,MI,AGL,CE,Towers with Radar,40,11,35,2,88,1,0,0,0,1,41,11,35,2,89,2,2,4,93
03/13/2003,MBS,MI,AGL,CE,Towers with Radar,54,10,50,0,114,1,2,20,0,23,55,12,70,0,137,86,0,86,223
03/14/2003,MBS,MI,AGL,CE,Towers with Radar,35,19,38,0,92,1,0,39,0,40,36,19,77,0,132,120,0,120,252
03/15/2003,MBS,MI,AGL,CE,Towers with Radar,31,9,22,0,62,1,1,56,0,58,32,10,78,0,120,114,0,114,234
03/16/2003,MBS,MI,AGL,CE,Towers with Radar,33,0,27,0,60,0,0,12,0,12,33,0,39,0,72,22,0,22,94
03/17/2003,MBS,MI,AGL,CE,Towers with Radar,34,16,23,2,75,0,1,8,2,11,34,17,31,4,86,0,0,0,86
03/18/2003,MBS,MI,AGL,CE,Towers with Radar,43,20,41,0,104,0,0,10,0,10,43,20,51,0,114,4,0,4,118
03/19/2003,MBS,MI,AGL,CE,Towers with Radar,36,14,26,0,76,0,4,4,0,8,36,18,30,0,84,0,0,0,84
03/20/2003,MBS,MI,AGL,CE,Towers with Radar,31,16,34,3,84,0,5,12,0,17,31,21,46,3,101,66,0,66,167
03/21/2003,MBS,MI,AGL,CE,Towers with Radar,44,15,34,0,93,0,0,2,0,2,44,15,36,0,95,0,0,0,95
03/22/2003,MBS,MI,AGL,CE,Towers with Radar,38,13,6,0,57,0,0,1,0,1,38,13,7,0,58,0,0,0,58
03/23/2003,MBS,MI,AGL,CE,Towers with Radar,32,14,17,0,63,0,0,39,0,39,32,14,56,0,102,70,0,70,172
03/24/2003,MBS,MI,AGL,CE,Towers with Radar,39,16,29,0,84,0,1,43,0,44,39,17,72,0,128,76,0,76,204
03/25/2003,MBS,MI,AGL,CE,Towers with Radar,39,20,40,0,99,0,0,39,0,39,39,20,79,0,138,47,0,47,185
03/26/2003,MBS,MI,AGL,CE,Towers with Radar,57,22,62,6,147,0,0,40,0,40,57,22,102,6,187,28,0,28,215
03/27/2003,MBS,MI,AGL,CE,Towers with Radar,55,27,41,0,123,0,7,21,0,28,55,34,62,0,151,68,0,68,219
03/28/2003,MBS,MI,AGL,CE,Towers with Radar,39,15,18,0,72,0,0,1,0,1,39,15,19,0,73,0,0,0,73
03/29/2003,MBS,MI,AGL,CE,Towers with Radar,40,12,8,0,60,0,0,10,0,10,40,12,18,0,70,38,0,38,108
03/30/2003,MBS,MI,AGL,CE,Towers with Radar,35,3,20,0,58,0,0,20,0,20,35,3,40,0,78,68,0,68,146
03/31/2003,MBS,MI,AGL,CE,Towers with Radar,39,10,34,0,83,0,3,25,0,28,39,13,59,0,111,32,0,32,143
04/01/2003,MBS,MI,AGL,CE,Towers with Radar,44,14,20,2,80,0,3,21,0,24,44,17,41,2,104,14,0,14,118
04/02/2003,MBS,MI,AGL,CE,Towers with Radar,37,15,50,2,104,0,2,3,0,5,37,17,53,2,109,18,0,18,127
04/03/2003,MBS,MI,AGL,CE,Towers with Radar,50,28,40,0,118,0,2,0,0,2,50,30,40,0,120,0,0,0,120
04/04/2003,MBS,MI,AGL,CE,Towers with Radar,19,10,16,0,45,0,2,0,0,2,19,12,16,0,47,0,0,0,47
04/05/2003,MBS,MI,AGL,CE,Towers with Radar,30,6,17,4,57,0,1,2,0,3,30,7,19,4,60,0,0,0,60
04/06/2003,MBS,MI,AGL,CE,Towers with Radar,30,1,23,1,55,10,0,16,0,26,40,1,39,1,81,45,0,45,126
04/07/2003,MBS,MI,AGL,CE,Towers with Radar,28,12,27,0,67,0,1,0,0,1,28,13,27,0,68,4,0,4,72
04/08/2003,MBS,MI,AGL,CE,Towers with Radar,40,17,47,6,110,0,1,0,0,1,40,18,47,6,111,0,18,18,129
04/09/2003,MBS,MI,AGL,CE,Towers with Radar,37,24,38,0,99,0,3,22,0,25,37,27,60,0,124,8,0,8,132
04/10/2003,MBS,MI,AGL,CE,Towers with Radar,48,19,52,0,119,0,3,52,0,55,48,22,104,0,174,108,0,108,282
04/11/2003,MBS,MI,AGL,CE,Towers with Radar,45,20,22,0,87,0,1,67,0,68,45,21,89,0,155,81,0,81,236
04/12/2003,MBS,MI,AGL,CE,Towers with Radar,39,7,37,2,85,0,1,36,0,37,39,8,73,2,122,59,0,59,181
04/13/2003,MBS,MI,AGL,CE,Towers with Radar,33,3,30,0,66,0,1,39,0,40,33,4,69,0,106,45,0,45,151
04/14/2003,MBS,MI,AGL,CE,Towers with Radar,42,15,24,0,81,0,3,22,0,25,42,18,46,0,106,65,0,65,171
04/15/2003,MBS,MI,AGL,CE,Towers with Radar,45,15,25,2,87,0,3,9,0,12,45,18,34,2,99,0,4,4,103
04/16/2003,MBS,MI,AGL,CE,Towers with Radar,40,20,51,0,111,0,2,4,0,6,40,22,55,0,117,2,0,2,119
04/17/2003,MBS,MI,AGL,CE,Towers with Radar,55,25,39,0,119,0,1,7,0,8,55,26,46,0,127,18,0,18,145
04/18/2003,MBS,MI,AGL,CE,Towers with Radar,34,8,21,0,63,0,0,1,0,1,34,8,22,0,64,0,0,0,64
04/19/2003,MBS,MI,AGL,CE,Towers with Radar,30,5,20,0,55,0,0,33,0,33,30,5,53,0,88,82,0,82,170
04/20/2003,MBS,MI,AGL,CE,Towers with Radar,32,0,3,0,35,0,0,8,0,8,32,0,11,0,43,5,0,5,48
04/21/2003,MBS,MI,AGL,CE,Towers with Radar,51,14,26,14,105,0,0,3,0,3,51,14,29,14,108,0,0,0,108
04/22/2003,MBS,MI,AGL,CE,Towers with Radar,39,13,27,0,79,0,3,10,0,13,39,16,37,0,92,2,0,2,94
04/23/2003,MBS,MI,AGL,CE,Towers with Radar,47,20,59,0,126,0,5,71,0,76,47,25,130,0,202,76,0,76,278
04/24/2003,MBS,MI,AGL,CE,Towers with Radar,40,20,25,0,85,0,5,23,0,28,40,25,48,0,113,26,0,26,139
04/25/2003,MBS,MI,AGL,CE,Towers with Radar,45,18,22,0,85,0,0,46,0,46,45,18,68,0,131,18,0,18,149
04/26/2003,MBS,MI,AGL,CE,Towers with Radar,41,8,20,0,69,0,0,24,0,24,41,8,44,0,93,133,0,133,226
04/27/2003,MBS,MI,AGL,CE,Towers with Radar,26,0,20,0,46,10,0,11,0,21,36,0,31,0,67,56,0,56,123
04/28/2003,MBS,MI,AGL,CE,Towers with Radar,40,26,38,10,114,0,2,16,0,18,40,28,54,10,132,26,0,26,158
04/29/2003,MBS,MI,AGL,CE,Towers with Radar,40,13,44,0,97,0,2,116,0,118,40,15,160,0,215,39,0,39,254
04/30/2003,MBS,MI,AGL,CE,Towers with Radar,32,27,38,4,101,0,0,110,0,110,32,27,148,4,211,26,0,26,237
05/01/2003,MBS,MI,AGL,CE,Towers with Radar,40,20,27,4,91,2,1,0,1,4,42,21,27,5,95,0,0,0,95
05/02/2003,MBS,MI,AGL,CE,Towers with Radar,36,14,25,4,79,0,2,55,0,57,36,16,80,4,136,51,0,51,187
05/03/2003,MBS,MI,AGL,CE,Towers with Radar,34,6,17,0,57,0,2,36,0,38,34,8,53,0,95,154,0,154,249
05/04/2003,MBS,MI,AGL,CE,Towers with Radar,42,1,42,4,89,0,1,102,0,103,42,2,144,4,192,244,0,244,436
05/05/2003,MBS,MI,AGL,CE,Towers with Radar,38,20,38,0,96,0,1,2,0,3,38,21,40,0,99,0,0,0,99
05/06/2003,MBS,MI,AGL,CE,Towers with Radar,41,10,56,0,107,0,2,33,0,35,41,12,89,0,142,70,0,70,212
05/07/2003,MBS,MI,AGL,CE,Towers with Radar,45,44,68,0,157,0,0,24,0,24,45,44,92,0,181,99,0,99,280
05/08/2003,MBS,MI,AGL,CE,Towers with Radar,48,22,43,0,113,0,2,17,0,19,48,24,60,0,132,82,2,84,216
05/09/2003,MBS,MI,AGL,CE,Towers with Radar,34,12,45,0,91,0,0,24,0,24,34,12,69,0,115,70,0,70,185
05/10/2003,MBS,MI,AGL,CE,Towers with Radar,40,9,33,0,82,0,0,11,0,11,40,9,44,0,93,30,0,30,123
05/11/2003,MBS,MI,AGL,CE,Towers with Radar,14,1,5,0,20,21,0,0,2,23,35,1,5,2,43,0,0,0,43
05/12/2003,MBS,MI,AGL,CE,Towers with Radar,41,8,20,0,69,0,1,5,0,6,41,9,25,0,75,10,0,10,85
05/13/2003,MBS,MI,AGL,CE,Towers with Radar,37,16,35,0,88,0,2,55,0,57,37,18,90,0,145,102,2,104,249
05/14/2003,MBS,MI,AGL,CE,Towers with Radar,40,19,65,0,124,0,8,57,0,65,40,27,122,0,189,95,0,95,284
05/15/2003,MBS,MI,AGL,CE,Towers with Radar,40,13,60,0,113,0,2,23,0,25,40,15,83,0,138,78,0,78,216
05/16/2003,MBS,MI,AGL,CE,Towers with Radar,45,10,54,0,109,0,1,10,0,11,45,11,64,0,120,6,0,6,126
05/17/2003,MBS,MI,AGL,CE,Towers with Radar,38,10,36,0,84,1,1,58,0,60,39,11,94,0,144,27,0,27,171
05/18/2003,MBS,MI,AGL,CE,Towers with Radar,40,0,34,0,74,0,0,50,0,50,40,0,84,0,124,160,0,160,284
05/19/2003,MBS,MI,AGL,CE,Towers with Radar,34,11,36,20,101,0,3,24,0,27,34,14,60,20,128,59,0,59,187
05/20/2003,MBS,MI,AGL,CE,Towers with Radar,38,11,33,0,82,0,1,14,0,15,38,12,47,0,97,37,0,37,134
05/21/2003,MBS,MI,AGL,CE,Towers with Radar,45,10,38,0,93,0,7,41,1,49,45,17,79,1,142,147,0,147,289
05/22/2003,MBS,MI,AGL,CE,Towers with Radar,44,17,35,0,96,0,2,61,0,63,44,19,96,0,159,100,0,100,259
05/23/2003,MBS,MI,AGL,CE,Towers with Radar,45,13,66,3,127,0,0,29,2,31,45,13,95,5,158,49,0,49,207
05/24/2003,MBS,MI,AGL,CE,Towers with Radar,28,7,17,0,52,22,1,0,0,23,50,8,17,0,75,22,0,22,97
05/25/2003,MBS,MI,AGL,CE,Towers with Radar,32,0,18,0,50,0,0,11,0,11,32,0,29,0,61,29,0,29,90
05/26/2003,MBS,MI,AGL,CE,Towers with Radar,36,0,38,0,74,0,0,2,0,2,36,0,40,0,76,50,0,50,126
05/27/2003,MBS,MI,AGL,CE,Towers with Radar,41,5,38,0,84,0,1,21,0,22,41,6,59,0,106,43,0,43,149
05/28/2003,MBS,MI,AGL,CE,Towers with Radar,43,9,29,0,81,0,4,41,0,45,43,13,70,0,126,36,0,36,162
05/29/2003,MBS,MI,AGL,CE,Towers with Radar,51,17,75,3,146,0,4,25,0,29,51,21,100,3,175,32,2,34,209
05/30/2003,MBS,MI,AGL,CE,Towers with Radar,49,31,35,0,115,0,1,23,0,24,49,32,58,0,139,49,0,49,188
05/31/2003,MBS,MI,AGL,CE,Towers with Radar,38,6,13,0,57,1,1,9,0,11,39,7,22,0,68,8,0,8,76
06/01/2003,MBS,MI,AGL,CE,Towers with Radar,30,4,33,0,67,0,0,99,0,99,30,4,132,0,166,106,0,106,272
06/02/2003,MBS,MI,AGL,CE,Towers with Radar,35,8,17,10,70,0,1,39,0,40,35,9,56,10,110,64,0,64,174
06/03/2003,MBS,MI,AGL,CE,Towers with Radar,44,17,30,0,91,0,1,7,0,8,44,18,37,0,99,30,0,30,129
06/04/2003,MBS,MI,AGL,CE,Towers with Radar,38,13,35,0,86,0,3,13,0,16,38,16,48,0,102,26,0,26,128
06/05/2003,MBS,MI,AGL,CE,Towers with Radar,52,15,53,0,120,0,3,45,0,48,52,18,98,0,168,60,0,60,228
06/06/2003,MBS,MI,AGL,CE,Towers with Radar,47,22,35,0,104,0,2,32,0,34,47,24,67,0,138,70,0,70,208
06/07/2003,MBS,MI,AGL,CE,Towers with Radar,35,7,11,0,53,0,1,17,0,18,35,8,28,0,71,36,0,36,107
06/08/2003,MBS,MI,AGL,CE,Towers with Radar,37,0,12,5,54,1,0,0,0,1,38,0,12,5,55,0,0,0,55
06/09/2003,MBS,MI,AGL,CE,Towers with Radar,37,10,30,0,77,0,2,12,0,14,37,12,42,0,91,78,0,78,169
06/10/2003,MBS,MI,AGL,CE,Towers with Radar,32,11,29,0,72,5,2,19,5,31,37,13,48,5,103,30,8,38,141
06/11/2003,MBS,MI,AGL,CE,Towers with Radar,44,25,61,0,130,1,3,59,0,63,45,28,120,0,193,92,0,92,285
06/12/2003,MBS,MI,AGL,CE,Towers with Radar,44,41,52,0,137,0,1,14,0,15,44,42,66,0,152,18,0,18,170
06/13/2003,MBS,MI,AGL,CE,Towers with Radar,58,34,59,0,151,0,1,20,0,21,58,35,79,0,172,118,0,118,290
06/14/2003,MBS,MI,AGL,CE,Towers with Radar,35,21,24,0,80,0,1,22,0,23,35,22,46,0,103,57,0,57,160
06/15/2003,MBS,MI,AGL,CE,Towers with Radar,33,0,29,0,62,2,0,26,0,28,35,0,55,0,90,72,0,72,162
06/16/2003,MBS,MI,AGL,CE,Towers with Radar,37,10,32,1,80,0,3,45,1,49,37,13,77,2,129,50,0,50,179
06/17/2003,MBS,MI,AGL,CE,Towers with Radar,38,22,48,0,108,0,5,55,0,60,38,27,103,0,168,67,0,67,235
06/18/2003,MBS,MI,AGL,CE,Towers with Radar,42,15,37,0,94,0,4,37,0,41,42,19,74,0,135,36,0,36,171
06/19/2003,MBS,MI,AGL,CE,Towers with Radar,39,11,40,0,90,0,4,40,0,44,39,15,80,0,134,106,0,106,240
06/20/2003,MBS,MI,AGL,CE,Towers with Radar,38,9,20,0,67,0,1,82,0,83,38,10,102,0,150,88,0,88,238
06/21/2003,MBS,MI,AGL,CE,Towers with Radar,47,11,43,2,103,0,1,148,0,149,47,12,191,2,252,168,0,168,420
06/22/2003,MBS,MI,AGL,CE,Towers with Radar,37,1,22,0,60,0,5,37,0,42,37,6,59,0,102,14,0,14,116
06/23/2003,MBS,MI,AGL,CE,Towers with Radar,34,7,11,0,52,0,3,66,0,69,34,10,77,0,121,98,0,98,219
06/24/2003,MBS,MI,AGL,CE,Towers with Radar,49,13,42,3,107,0,7,52,0,59,49,20,94,3,166,35,4,39,205
06/25/2003,MBS,MI,AGL,CE,Towers with Radar,38,20,55,0,113,0,6,55,0,61,38,26,110,0,174,62,0,62,236
06/26/2003,MBS,MI,AGL,CE,Towers with Radar,40,10,32,0,82,0,5,22,0,27,40,15,54,0,109,14,0,14,123
06/27/2003,MBS,MI,AGL,CE,Towers with Radar,48,17,41,4,110,0,0,21,2,23,48,17,62,6,133,54,0,54,187
06/28/2003,MBS,MI,AGL,CE,Towers with Radar,37,9,9,0,55,0,0,26,0,26,37,9,35,0,81,30,0,30,111
06/29/2003,MBS,MI,AGL,CE,Towers with Radar,33,1,24,0,58,0,0,8,0,8,33,1,32,0,66,0,0,0,66
06/30/2003,MBS,MI,AGL,CE,Towers with Radar,38,16,41,0,95,0,2,105,10,117,38,18,146,10,212,108,0,108,320
07/01/2003,MBS,MI,AGL,CE,Towers with Radar,39,12,20,0,71,2,0,88,0,90,41,12,108,0,161,122,0,122,283
07/02/2003,MBS,MI,AGL,CE,Towers with Radar,32,17,13,0,62,1,5,65,0,71,33,22,78,0,133,82,0,82,215
07/03/2003,MBS,MI,AGL,CE,Towers with Radar,53,23,65,0,141,0,1,66,0,67,53,24,131,0,208,130,0,130,338
07/04/2003,MBS,MI,AGL,CE,Towers with Radar,27,9,4,0,40,0,0,11,0,11,27,9,15,0,51,10,0,10,61
07/05/2003,MBS,MI,AGL,CE,Towers with Radar,35,9,7,0,51,0,2,13,0,15,35,11,20,0,66,30,0,30,96
07/06/2003,MBS,MI,AGL,CE,Towers with Radar,31,3,28,0,62,0,0,67,0,67,31,3,95,0,129,74,0,74,203
07/07/2003,MBS,MI,AGL,CE,Towers with Radar,35,16,22,0,73,0,2,22,0,24,35,18,44,0,97,6,0,6,103
07/08/2003,MBS,MI,AGL,CE,Towers with Radar,33,22,30,2,87,0,0,65,2,67,33,22,95,4,154,60,0,60,214
07/09/2003,MBS,MI,AGL,CE,Towers with Radar,28,17,45,0,90,0,3,95,2,100,28,20,140,2,190,110,0,110,300
07/10/2003,MBS,MI,AGL,CE,Towers with Radar,41,18,37,0,96,4,11,4,0,19,45,29,41,0,115,0,0,0,115
07/11/2003,MBS,MI,AGL,CE,Towers with Radar,44,18,33,0,95,0,7,0,0,7,44,25,33,0,102,10,0,10,112
07/12/2003,MBS,MI,AGL,CE,Towers with Radar,37,15,11,0,63,0,1,26,0,27,37,16,37,0,90,16,0,16,106
07/13/2003,MBS,MI,AGL,CE,Towers with Radar,31,4,28,0,63,6,0,86,3,95,37,4,114,3,158,44,0,44,202
07/14/2003,MBS,MI,AGL,CE,Towers with Radar,42,23,38,2,105,0,5,107,0,112,42,28,145,2,217,140,2,142,359
07/15/2003,MBS,MI,AGL,CE,Towers with Radar,36,13,25,0,74,0,0,64,0,64,36,13,89,0,138,79,0,79,217
07/16/2003,MBS,MI,AGL,CE,Towers with Radar,45,20,39,4,108,0,3,69,2,74,45,23,108,6,182,50,0,50,232
07/17/2003,MBS,MI,AGL,CE,Towers with Radar,35,17,33,0,85,0,0,9,0,9,35,17,42,0,94,6,0,6,100
07/18/2003,MBS,MI,AGL,CE,Towers with Radar,58,18,67,0,143,0,1,72,0,73,58,19,139,0,216,95,0,95,311
07/19/2003,MBS,MI,AGL,CE,Towers with Radar,34,13,11,0,58,0,0,56,0,56,34,13,67,0,114,90,0,90,204
07/20/2003,MBS,MI,AGL,CE,Towers with Radar,38,4,14,0,56,0,0,10,0,10,38,4,24,0,66,22,0,22,88
07/21/2003,MBS,MI,AGL,CE,Towers with Radar,38,21,38,0,97,0,0,13,0,13,38,21,51,0,110,19,0,19,129
07/22/2003,MBS,MI,AGL,CE,Towers with Radar,33,16,63,0,112,0,0,15,0,15,33,16,78,0,127,4,0,4,131
07/23/2003,MBS,MI,AGL,CE,Towers with Radar,51,20,54,0,125,0,0,76,0,76,51,20,130,0,201,50,0,50,251
07/24/2003,MBS,MI,AGL,CE,Towers with Radar,41,11,53,0,105,0,3,55,0,58,41,14,108,0,163,88,0,88,251
07/25/2003,MBS,MI,AGL,CE,Towers with Radar,59,41,54,0,154,0,0,39,2,41,59,41,93,2,195,55,0,55,250
07/26/2003,MBS,MI,AGL,CE,Towers with Radar,42,15,18,0,75,0,0,16,0,16,42,15,34,0,91,18,0,18,109
07/27/2003,MBS,MI,AGL,CE,Towers with Radar,35,9,28,0,72,0,0,21,0,21,35,9,49,0,93,80,1,81,174
07/28/2003,MBS,MI,AGL,CE,Towers with Radar,32,18,55,0,105,0,2,54,0,56,32,20,109,0,161,78,0,78,239
07/29/2003,MBS,MI,AGL,CE,Towers with Radar,33,13,42,0,88,0,2,53,0,55,33,15,95,0,143,68,0,68,211
07/30/2003,MBS,MI,AGL,CE,Towers with Radar,37,16,36,1,90,0,9,61,3,73,37,25,97,4,163,67,4,71,234
07/31/2003,MBS,MI,AGL,CE,Towers with Radar,55,24,70,0,149,0,2,46,0,48,55,26,116,0,197,70,0,70,267
08/01/2003,MBS,MI,AGL,CE,Towers with Radar,46,22,44,0,112,1,1,13,0,15,47,23,57,0,127,8,0,8,135
08/02/2003,MBS,MI,AGL,CE,Towers with Radar,37,7,20,0,64,0,0,42,0,42,37,7,62,0,106,51,0,51,157
08/03/2003,MBS,MI,AGL,CE,Towers with Radar,30,6,33,0,69,0,0,3,0,3,30,6,36,0,72,16,0,16,88
08/04/2003,MBS,MI,AGL,CE,Towers with Radar,35,17,35,0,87,0,2,8,0,10,35,19,43,0,97,0,0,0,97
08/05/2003,MBS,MI,AGL,CE,Towers with Radar,35,15,23,0,73,0,0,19,0,19,35,15,42,0,92,75,0,75,167
08/06/2003,MBS,MI,AGL,CE,Towers with Radar,36,20,35,0,91,0,0,16,0,16,36,20,51,0,107,18,0,18,125
08/07/2003,MBS,MI,AGL,CE,Towers with Radar,41,12,36,0,89,0,0,22,0,22,41,12,58,0,111,20,0,20,131
08/08/2003,MBS,MI,AGL,CE,Towers with Radar,37,20,28,0,85,0,0,13,0,13,37,20,41,0,98,18,0,18,116
08/09/2003,MBS,MI,AGL,CE,Towers with Radar,40,15,20,0,75,0,0,36,2,38,40,15,56,2,113,79,2,81,194
08/10/2003,MBS,MI,AGL,CE,Towers with Radar,34,4,20,0,58,0,0,55,0,55,34,4,75,0,113,42,0,42,155
08/11/2003,MBS,MI,AGL,CE,Towers with Radar,33,18,31,0,82,0,0,15,0,15,33,18,46,0,97,8,0,8,105
08/12/2003,MBS,MI,AGL,CE,Towers with Radar,38,19,27,0,84,0,0,12,0,12,38,19,39,0,96,18,0,18,114
08/13/2003,MBS,MI,AGL,CE,Towers with Radar,40,16,47,2,105,0,2,47,0,49,40,18,94,2,154,56,0,56,210
08/14/2003,MBS,MI,AGL,CE,Towers with Radar,33,16,37,0,86,0,0,40,0,40,33,16,77,0,126,100,0,100,226
08/15/2003,MBS,MI,AGL,CE,Towers with Radar,36,23,33,1,93,0,0,8,0,8,36,23,41,1,101,13,0,13,114
08/16/2003,MBS,MI,AGL,CE,Towers with Radar,38,19,12,0,69,0,0,6,2,8,38,19,18,2,77,38,2,40,117
08/17/2003,MBS,MI,AGL,CE,Towers with Radar,29,14,25,0,68,0,0,39,0,39,29,14,64,0,107,12,0,12,119
08/18/2003,MBS,MI,AGL,CE,Towers with Radar,31,13,26,0,70,6,13,33,0,52,37,26,59,0,122,63,0,63,185
08/19/2003,MBS,MI,AGL,CE,Towers with Radar,33,14,39,0,86,0,1,60,0,61,33,15,99,0,147,117,0,117,264
08/20/2003,MBS,MI,AGL,CE,Towers with Radar,47,18,50,0,115,0,5,26,0,31,47,23,76,0,146,12,0,12,158
08/21/2003,MBS,MI,AGL,CE,Towers with Radar,42,14,51,0,107,0,0,12,0,12,42,14,63,0,119,14,2,16,135
08/22/2003,MBS,MI,AGL,CE,Towers with Radar,38,22,44,0,104,0,0,38,0,38,38,22,82,0,142,34,0,34,176
08/23/2003,MBS,MI,AGL,CE,Towers with Radar,37,8,8,0,53,0,0,44,0,44,37,8,52,0,97,48,0,48,145
08/24/2003,MBS,MI,AGL,CE,Towers with Radar,42,8,22,0,72,0,0,27,2,29,42,8,49,2,101,138,0,138,239
08/25/2003,MBS,MI,AGL,CE,Towers with Radar,38,13,31,0,82,0,2,40,0,42,38,15,71,0,124,88,0,88,212
08/26/2003,MBS,MI,AGL,CE,Towers with Radar,39,13,27,0,79,0,3,22,2,27,39,16,49,2,106,71,0,71,177
08/27/2003,MBS,MI,AGL,CE,Towers with Radar,52,21,40,0,113,0,5,75,1,81,52,26,115,1,194,60,0,60,254
08/28/2003,MBS,MI,AGL,CE,Towers with Radar,50,21,44,0,115,0,13,43,3,59,50,34,87,3,174,44,0,44,218
08/29/2003,MBS,MI,AGL,CE,Towers with Radar,49,22,61,0,132,0,0,21,0,21,49,22,82,0,153,120,0,120,273
08/30/2003,MBS,MI,AGL,CE,Towers with Radar,36,12,9,0,57,0,0,37,0,37,36,12,46,0,94,78,0,78,172
08/31/2003,MBS,MI,AGL,CE,Towers with Radar,36,3,15,0,54,0,0,39,0,39,36,3,54,0,93,86,0,86,179
09/01/2003,MBS,MI,AGL,CE,Towers with Radar,42,9,20,0,71,1,1,105,0,107,43,10,125,0,178,102,0,102,280
09/02/2003,MBS,MI,AGL,CE,Towers with Radar,33,22,40,5,100,0,1,30,2,33,33,23,70,7,133,41,0,41,174
09/03/2003,MBS,MI,AGL,CE,Towers with Radar,52,22,53,0,127,0,3,19,0,22,52,25,72,0,149,42,0,42,191
09/04/2003,MBS,MI,AGL,CE,Towers with Radar,42,24,51,2,119,0,3,39,0,42,42,27,90,2,161,84,0,84,245
09/05/2003,MBS,MI,AGL,CE,Towers with Radar,47,24,62,0,133,0,2,16,0,18,47,26,78,0,151,62,0,62,213
09/06/2003,MBS,MI,AGL,CE,Towers with Radar,46,20,9,0,75,0,3,58,5,66,46,23,67,5,141,100,0,100,241
09/07/2003,MBS,MI,AGL,CE,Towers with Radar,28,10,42,0,80,0,3,36,0,39,28,13,78,0,119,16,0,16,135
09/08/2003,MBS,MI,AGL,CE,Towers with Radar,30,20,43,0,93,0,1,16,0,17,30,21,59,0,110,28,0,28,138
09/09/2003,MBS,MI,AGL,CE,Towers with Radar,36,16,30,1,83,0,2,37,1,40,36,18,67,2,123,44,2,46,169
09/10/2003,MBS,MI,AGL,CE,Towers with Radar,39,24,30,0,93,0,3,20,0,23,39,27,50,0,116,28,0,28,144
09/11/2003,MBS,MI,AGL,CE,Towers with Radar,31,23,40,0,94,0,3,15,0,18,31,26,55,0,112,18,0,18,130
09/12/2003,MBS,MI,AGL,CE,Towers with Radar,40,30,30,0,100,0,0,28,0,28,40,30,58,0,128,68,0,68,196
09/13/2003,MBS,MI,AGL,CE,Towers with Radar,34,16,21,0,71,0,2,47,0,49,34,18,68,0,120,96,0,96,216
09/14/2003,MBS,MI,AGL,CE,Towers with Radar,31,17,24,0,72,0,0,32,0,32,31,17,56,0,104,118,0,118,222
09/15/2003,MBS,MI,AGL,CE,Towers with Radar,40,15,53,0,108,0,2,7,0,9,40,17,60,0,117,4,0,4,121
09/16/2003,MBS,MI,AGL,CE,Towers with Radar,34,16,41,0,91,0,5,35,0,40,34,21,76,0,131,44,0,44,175
09/17/2003,MBS,MI,AGL,CE,Towers with Radar,31,21,58,0,110,0,6,78,0,84,31,27,136,0,194,130,0,130,324
09/18/2003,MBS,MI,AGL,CE,Towers with Radar,47,35,55,0,137,0,4,42,0,46,47,39,97,0,183,104,0,104,287
09/19/2003,MBS,MI,AGL,CE,Towers with Radar,44,38,48,0,130,1,0,48,0,49,45,38,96,0,179,76,0,76,255
09/20/2003,MBS,MI,AGL,CE,Towers with Radar,39,18,26,0,83,1,0,72,0,73,40,18,98,0,156,116,0,116,272
09/21/2003,MBS,MI,AGL,CE,Towers with Radar,34,11,36,0,81,2,0,71,0,73,36,11,107,0,154,114,0,114,268
09/22/2003,MBS,MI,AGL,CE,Towers with Radar,41,27,42,0,110,1,2,13,0,16,42,29,55,0,126,12,0,12,138
09/23/2003,MBS,MI,AGL,CE,Towers with Radar,37,21,33,0,91,1,3,14,0,18,38,24,47,0,109,26,0,26,135
09/24/2003,MBS,MI,AGL,CE,Towers with Radar,39,21,29,0,89,1,4,6,0,11,40,25,35,0,100,4,0,4,104
09/25/2003,MBS,MI,AGL,CE,Towers with Radar,34,18,40,0,92,1,4,32,0,37,35,22,72,0,129,74,0,74,203
09/26/2003,MBS,MI,AGL,CE,Towers with Radar,44,25,61,0,130,1,0,13,0,14,45,25,74,0,144,34,0,34,178
09/27/2003,MBS,MI,AGL,CE,Towers with Radar,41,14,30,0,85,1,4,47,0,52,42,18,77,0,137,79,0,79,216
09/28/2003,MBS,MI,AGL,CE,Towers with Radar,34,7,55,0,96,1,0,48,0,49,35,7,103,0,145,68,0,68,213
09/29/2003,MBS,MI,AGL,CE,Towers with Radar,30,24,53,0,107,1,0,34,0,35,31,24,87,0,142,70,0,70,212
09/30/2003,MBS,MI,AGL,CE,Towers with Radar,37,23,30,0,90,1,3,14,0,18,38,26,44,0,108,18,0,18,126
10/01/2003,MBS,MI,AGL,CE,Towers with Radar,31,19,33,0,83,2,0,9,0,11,33,19,42,0,94,8,0,8,102
10/02/2003,MBS,MI,AGL,CE,Towers with Radar,45,24,48,1,118,1,0,52,10,63,46,24,100,11,181,102,0,102,283
10/03/2003,MBS,MI,AGL,CE,Towers with Radar,44,16,46,0,106,4,0,10,0,14,48,16,56,0,120,2,0,2,122
10/04/2003,MBS,MI,AGL,CE,Towers with Radar,21,12,22,0,55,15,1,10,0,26,36,13,32,0,81,87,0,87,168
10/05/2003,MBS,MI,AGL,CE,Towers with Radar,25,12,26,0,63,5,0,78,0,83,30,12,104,0,146,112,0,112,258
10/06/2003,MBS,MI,AGL,CE,Towers with Radar,34,20,36,0,90,0,8,38,0,46,34,28,74,0,136,56,0,56,192
10/07/2003,MBS,MI,AGL,CE,Towers with Radar,34,20,36,0,90,0,0,31,0,31,34,20,67,0,121,48,0,48,169
10/08/2003,MBS,MI,AGL,CE,Towers with Radar,51,31,55,1,138,0,3,81,7,91,51,34,136,8,229,58,0,58,287
10/09/2003,MBS,MI,AGL,CE,Towers with Radar,48,25,58,0,131,0,0,33,0,33,48,25,91,0,164,22,0,22,186
10/10/2003,MBS,MI,AGL,CE,Towers with Radar,43,27,64,0,134,0,0,37,0,37,43,27,101,0,171,66,0,66,237
10/11/2003,MBS,MI,AGL,CE,Towers with Radar,34,16,37,1,88,4,0,35,1,40,38,16,72,2,128,67,0,67,195
10/12/2003,MBS,MI,AGL,CE,Towers with Radar,28,9,33,0,70,0,0,23,0,23,28,9,56,0,93,32,0,32,125
10/13/2003,MBS,MI,AGL,CE,Towers with Radar,27,16,29,0,72,10,2,66,0,78,37,18,95,0,150,58,0,58,208
10/14/2003,MBS,MI,AGL,CE,Towers with Radar,30,18,27,1,76,0,11,0,1,12,30,29,27,2,88,2,2,4,92
10/15/2003,MBS,MI,AGL,CE,Towers with Radar,35,21,40,0,96,0,3,19,0,22,35,24,59,0,118,0,0,0,118
10/16/2003,MBS,MI,AGL,CE,Towers with Radar,49,21,52,0,122,6,0,8,0,14,55,21,60,0,136,6,0,6,142
10/17/2003,MBS,MI,AGL,CE,Towers with Radar,43,32,60,0,135,0,8,34,0,42,43,40,94,0,177,28,0,28,205
10/18/2003,MBS,MI,AGL,CE,Towers with Radar,24,13,22,0,59,11,5,0,0,16,35,18,22,0,75,28,0,28,103
10/19/2003,MBS,MI,AGL,CE,Towers with Radar,29,15,32,0,76,0,0,36,0,36,29,15,68,0,112,48,0,48,160
10/20/2003,MBS,MI,AGL,CE,Towers with Radar,35,18,36,0,89,2,8,41,0,51,37,26,77,0,140,36,0,36,176
10/21/2003,MBS,MI,AGL,CE,Towers with Radar,33,18,33,0,84,0,2,0,3,5,33,20,33,3,89,8,0,8,97
10/22/2003,MBS,MI,AGL,CE,Towers with Radar,34,18,35,0,87,1,10,47,0,58,35,28,82,0,145,42,0,42,187
10/23/2003,MBS,MI,AGL,CE,Towers with Radar,53,30,55,0,138,1,5,39,0,45,54,35,94,0,183,56,0,56,239
10/24/2003,MBS,MI,AGL,CE,Towers with Radar,42,21,48,0,111,0,0,45,0,45,42,21,93,0,156,155,0,155,311
10/25/2003,MBS,MI,AGL,CE,Towers with Radar,32,18,33,0,83,2,2,0,0,4,34,20,33,0,87,114,0,114,201
10/26/2003,MBS,MI,AGL,CE,Towers with Radar,23,13,23,0,59,3,4,19,0,26,26,17,42,0,85,22,0,22,107
10/27/2003,MBS,MI,AGL,CE,Towers with Radar,31,19,33,0,83,0,3,11,3,17,31,22,44,3,100,20,0,20,120
10/28/2003,MBS,MI,AGL,CE,Towers with Radar,32,18,33,0,83,2,18,14,0,34,34,36,47,0,117,24,0,24,141
10/29/2003,MBS,MI,AGL,CE,Towers with Radar,33,21,39,0,93,0,6,19,0,25,33,27,58,0,118,6,0,6,124
10/30/2003,MBS,MI,AGL,CE,Towers with Radar,40,24,43,0,107,0,12,50,0,62,40,36,93,0,169,142,0,142,311
10/31/2003,MBS,MI,AGL,CE,Towers with Radar,34,25,45,0,104,0,4,51,0,55,34,29,96,0,159,26,0,26,185
11/01/2003,MBS,MI,AGL,CE,Towers with Radar,37,17,35,0,89,4,0,11,0,15,41,17,46,0,104,12,0,12,116
11/02/2003,MBS,MI,AGL,CE,Towers with Radar,24,7,17,0,48,4,0,0,0,4,28,7,17,0,52,26,0,26,78
11/03/2003,MBS,MI,AGL,CE,Towers with Radar,25,15,26,0,66,0,5,7,0,12,25,20,33,0,78,28,0,28,106
11/04/2003,MBS,MI,AGL,CE,Towers with Radar,30,17,29,0,76,2,6,5,1,14,32,23,34,1,90,0,0,0,90
11/05/2003,MBS,MI,AGL,CE,Towers with Radar,31,22,41,0,94,0,0,18,2,20,31,22,59,2,114,6,0,6,120
11/06/2003,MBS,MI,AGL,CE,Towers with Radar,43,18,43,0,104,0,0,48,0,48,43,18,91,0,152,86,0,86,238
11/07/2003,MBS,MI,AGL,CE,Towers with Radar,43,30,54,0,127,0,1,25,0,26,43,31,79,0,153,38,0,38,191
11/08/2003,MBS,MI,AGL,CE,Towers with Radar,29,15,28,0,72,13,4,56,0,73,42,19,84,0,145,56,0,56,201
11/09/2003,MBS,MI,AGL,CE,Towers with Radar,21,6,21,0,48,8,0,76,0,84,29,6,97,0,132,57,0,57,189
11/10/2003,MBS,MI,AGL,CE,Towers with Radar,33,18,31,0,82,2,4,11,0,17,35,22,42,0,99,8,0,8,107
11/11/2003,MBS,MI,AGL,CE,Towers with Radar,32,18,38,0,88,0,0,13,0,13,32,18,51,0,101,4,0,4,105
11/12/2003,MBS,MI,AGL,CE,Towers with Radar,36,20,35,0,91,0,1,2,1,4,36,21,37,1,95,0,0,0,95
11/13/2003,MBS,MI,AGL,CE,Towers with Radar,34,19,35,0,88,0,7,5,0,12,34,26,40,0,100,0,0,0,100
11/14/2003,MBS,MI,AGL,CE,Towers with Radar,38,31,53,0,122,0,5,40,2,47,38,36,93,2,169,84,0,84,253
11/15/2003,MBS,MI,AGL,CE,Towers with Radar,27,13,25,0,65,12,3,22,0,37,39,16,47,0,102,107,0,107,209
11/16/2003,MBS,MI,AGL,CE,Towers with Radar,28,5,29,0,62,0,0,3,0,3,28,5,32,0,65,12,0,12,77
11/17/2003,MBS,MI,AGL,CE,Towers with Radar,29,19,35,0,83,0,6,22,0,28,29,25,57,0,111,64,0,64,175
11/18/2003,MBS,MI,AGL,CE,Towers with Radar,31,16,22,0,69,3,12,0,0,15,34,28,22,0,84,0,0,0,84
11/19/2003,MBS,MI,AGL,CE,Towers with Radar,50,29,54,0,133,0,0,51,0,51,50,29,105,0,184,74,0,74,258
11/20/2003,MBS,MI,AGL,CE,Towers with Radar,42,15,39,0,96,3,0,18,0,21,45,15,57,0,117,90,0,90,207
11/21/2003,MBS,MI,AGL,CE,Towers with Radar,47,22,47,0,116,0,0,98,0,98,47,22,145,0,214,110,0,110,324
11/22/2003,MBS,MI,AGL,CE,Towers with Radar,30,17,27,0,74,0,1,67,0,68,30,18,94,0,142,100,0,100,242
11/23/2003,MBS,MI,AGL,CE,Towers with Radar,21,9,18,0,48,4,0,9,0,13,25,9,27,0,61,64,0,64,125
11/24/2003,MBS,MI,AGL,CE,Towers with Radar,25,14,15,0,54,6,4,0,0,10,31,18,15,0,64,0,0,0,64
11/25/2003,MBS,MI,AGL,CE,Towers with Radar,30,17,27,0,74,0,7,27,0,34,30,24,54,0,108,26,0,26,134
11/26/2003,MBS,MI,AGL,CE,Towers with Radar,37,27,46,0,110,0,6,49,0,55,37,33,95,0,165,70,0,70,235
11/27/2003,MBS,MI,AGL,CE,Towers with Radar,15,8,6,0,29,15,0,0,0,15,30,8,6,0,44,0,0,0,44
11/28/2003,MBS,MI,AGL,CE,Towers with Radar,28,15,17,0,60,6,6,0,0,12,34,21,17,0,72,0,0,0,72
11/29/2003,MBS,MI,AGL,CE,Towers with Radar,29,15,26,0,70,5,0,23,0,28,34,15,49,0,98,53,0,53,151
11/30/2003,MBS,MI,AGL,CE,Towers with Radar,29,16,26,0,71,10,2,83,0,95,39,18,109,0,166,109,0,109,275
12/01/2003,MBS,MI,AGL,CE,Towers with Radar,30,17,24,0,71,0,9,9,0,18,30,26,33,0,89,0,0,0,89
12/02/2003,MBS,MI,AGL,CE,Towers with Radar,34,16,28,0,78,0,0,42,0,42,34,16,70,0,120,38,0,38,158
12/03/2003,MBS,MI,AGL,CE,Towers with Radar,49,26,43,0,118,0,0,82,0,82,49,26,125,0,200,52,0,52,252
12/04/2003,MBS,MI,AGL,CE,Towers with Radar,44,22,39,1,106,0,0,61,2,63,44,22,100,3,169,108,0,108,277
12/05/2003,MBS,MI,AGL,CE,Towers with Radar,33,22,33,0,88,0,0,22,0,22,33,22,55,0,110,45,0,45,155
12/06/2003,MBS,MI,AGL,CE,Towers with Radar,35,20,37,0,92,0,0,20,0,20,35,20,57,0,112,70,0,70,182
12/07/2003,MBS,MI,AGL,CE,Towers with Radar,27,6,22,0,55,9,0,45,0,54,36,6,67,0,109,54,0,54,163
12/08/2003,MBS,MI,AGL,CE,Towers with Radar,36,17,29,1,83,2,0,37,1,40,38,17,66,2,123,60,0,60,183
12/09/2003,MBS,MI,AGL,CE,Towers with Radar,25,21,31,1,78,0,2,9,3,14,25,23,40,4,92,0,0,0,92
12/10/2003,MBS,MI,AGL,CE,Towers with Radar,36,22,32,0,90,0,0,17,0,17,36,22,49,0,107,4,0,4,111
12/11/2003,MBS,MI,AGL,CE,Towers with Radar,49,25,39,0,113,1,0,12,0,13,50,25,51,0,126,8,0,8,134
12/12/2003,MBS,MI,AGL,CE,Towers with Radar,48,25,42,0,115,0,0,39,0,39,48,25,81,0,154,47,0,47,201
12/13/2003,MBS,MI,AGL,CE,Towers with Radar,36,16,31,0,83,0,0,88,0,88,36,16,119,0,171,105,0,105,276
12/14/2003,MBS,MI,AGL,CE,Towers with Radar,19,7,15,0,41,17,0,1,0,18,36,7,16,0,59,5,0,5,64
12/15/2003,MBS,MI,AGL,CE,Towers with Radar,30,21,32,0,83,0,12,3,0,15,30,33,35,0,98,10,0,10,108
12/16/2003,MBS,MI,AGL,CE,Towers with Radar,32,19,30,0,81,0,13,14,12,39,32,32,44,12,120,4,0,4,124
12/17/2003,MBS,MI,AGL,CE,Towers with Radar,46,22,34,0,102,3,0,0,0,3,49,22,34,0,105,0,0,0,105
12/18/2003,MBS,MI,AGL,CE,Towers with Radar,48,32,48,0,128,0,11,13,0,24,48,43,61,0,152,64,0,64,216
12/19/2003,MBS,MI,AGL,CE,Towers with Radar,40,27,37,0,104,0,4,15,0,19,40,31,52,0,123,46,0,46,169
12/20/2003,MBS,MI,AGL,CE,Towers with Radar,38,12,29,0,79,3,0,52,0,55,41,12,81,0,134,194,0,194,328
12/21/2003,MBS,MI,AGL,CE,Towers with Radar,24,12,17,0,53,8,12,18,0,38,32,24,35,0,91,35,0,35,126
12/22/2003,MBS,MI,AGL,CE,Towers with Radar,30,17,22,0,69,1,3,8,0,12,31,20,30,0,81,6,0,6,87
12/23/2003,MBS,MI,AGL,CE,Towers with Radar,34,19,13,0,66,0,0,0,0,0,34,19,13,0,66,0,0,0,66
12/24/2003,MBS,MI,AGL,CE,Towers with Radar,29,15,13,0,57,6,11,0,0,17,35,26,13,0,74,0,0,0,74
12/25/2003,MBS,MI,AGL,CE,Towers with Radar,17,8,6,0,31,26,0,0,0,26,43,8,6,0,57,0,0,0,57
12/26/2003,MBS,MI,AGL,CE,Towers with Radar,35,19,26,0,80,0,0,22,0,22,35,19,48,0,102,64,0,64,166
12/27/2003,MBS,MI,AGL,CE,Towers with Radar,27,14,20,0,61,5,3,25,0,33,32,17,45,0,94,106,0,106,200
12/28/2003,MBS,MI,AGL,CE,Towers with Radar,23,10,17,0,50,16,0,20,0,36,39,10,37,0,86,10,0,10,96
12/29/2003,MBS,MI,AGL,CE,Towers with Radar,30,19,22,0,71,0,1,0,0,1,30,20,22,0,72,14,0,14,86
12/30/2003,MBS,MI,AGL,CE,Towers with Radar,35,20,28,0,83,0,5,1,0,6,35,25,29,0,89,38,0,38,127
12/31/2003,MBS,MI,AGL,CE,Towers with Radar,30,14,22,0,66,9,0,0,0,9,39,14,22,0,75,0,0,0,75
01/01/2004,MBS,MI,AGL,CE,Towers with Radar,25,10,20,0,55,15,0,65,0,80,40,10,85,0,135,80,0,80,215
01/02/2004,MBS,MI,AGL,CE,Towers with Radar,31,17,12,0,60,0,0,0,0,0,31,17,12,0,60,30,0,30,90
01/03/2004,MBS,MI,AGL,CE,Towers with Radar,34,15,36,0,85,0,0,64,0,64,34,15,100,0,149,134,0,134,283
01/04/2004,MBS,MI,AGL,CE,Towers with Radar,17,9,15,0,41,8,0,1,0,9,25,9,16,0,50,10,0,10,60
01/05/2004,MBS,MI,AGL,CE,Towers with Radar,19,17,28,0,64,0,13,6,0,19,19,30,34,0,83,0,0,0,83
01/06/2004,MBS,MI,AGL,CE,Towers with Radar,39,25,21,0,85,0,5,0,0,5,39,30,21,0,90,10,0,10,100
01/07/2004,MBS,MI,AGL,CE,Towers with Radar,36,16,34,0,86,0,0,21,0,21,36,16,55,0,107,10,0,10,117
01/08/2004,MBS,MI,AGL,CE,Towers with Radar,35,23,37,1,96,0,1,16,1,18,35,24,53,2,114,74,2,76,190
01/09/2004,MBS,MI,AGL,CE,Towers with Radar,38,19,32,0,89,2,4,28,0,34,40,23,60,0,123,38,1,39,162
01/10/2004,MBS,MI,AGL,CE,Towers with Radar,34,10,33,0,77,0,0,62,0,62,34,10,95,0,139,42,0,42,181
01/11/2004,MBS,MI,AGL,CE,Towers with Radar,18,2,6,0,26,18,0,0,0,18,36,2,6,0,44,16,0,16,60
01/12/2004,MBS,MI,AGL,CE,Towers with Radar,33,19,31,0,83,0,4,26,2,32,33,23,57,2,115,30,0,30,145
01/13/2004,MBS,MI,AGL,CE,Towers with Radar,34,21,26,0,81,0,3,0,0,3,34,24,26,0,84,82,0,82,166
01/14/2004,MBS,MI,AGL,CE,Towers with Radar,25,16,26,0,67,0,8,1,0,9,25,24,27,0,76,0,0,0,76
01/15/2004,MBS,MI,AGL,CE,Towers with Radar,43,19,36,0,98,0,0,16,0,16,43,19,52,0,114,18,0,18,132
01/16/2004,MBS,MI,AGL,CE,Towers with Radar,32,20,33,0,85,0,1,14,0,15,32,21,47,0,100,35,0,35,135
01/17/2004,MBS,MI,AGL,CE,Towers with Radar,19,9,16,0,44,15,7,22,0,44,34,16,38,0,88,46,0,46,134
01/18/2004,MBS,MI,AGL,CE,Towers with Radar,20,5,16,0,41,9,0,1,0,10,29,5,17,0,51,2,0,2,53
01/19/2004,MBS,MI,AGL,CE,Towers with Radar,38,22,35,0,95,0,6,16,0,22,38,28,51,0,117,6,0,6,123
01/20/2004,MBS,MI,AGL,CE,Towers with Radar,34,16,29,0,79,0,0,9,0,9,34,16,38,0,88,46,0,46,134
01/21/2004,MBS,MI,AGL,CE,Towers with Radar,34,18,28,0,80,0,2,10,0,12,34,20,38,0,92,4,0,4,96
01/22/2004,MBS,MI,AGL,CE,Towers with Radar,35,18,27,0,80,10,8,5,0,23,45,26,32,0,103,4,0,4,107
01/23/2004,MBS,MI,AGL,CE,Towers with Radar,30,19,31,0,80,0,0,6,0,6,30,19,37,0,86,1,0,1,87
01/24/2004,MBS,MI,AGL,CE,Towers with Radar,26,9,20,0,55,9,0,85,0,94,35,9,105,0,149,84,0,84,233
01/25/2004,MBS,MI,AGL,CE,Towers with Radar,28,9,22,0,59,0,0,53,0,53,28,9,75,0,112,44,0,44,156
01/26/2004,MBS,MI,AGL,CE,Towers with Radar,25,13,20,0,58,5,2,9,0,16,30,15,29,0,74,0,0,0,74
01/27/2004,MBS,MI,AGL,CE,Towers with Radar,21,11,10,0,42,7,14,0,0,21,28,25,10,0,63,0,0,0,63
01/28/2004,MBS,MI,AGL,CE,Towers with Radar,35,18,29,0,82,0,0,15,0,15,35,18,44,0,97,0,0,0,97
01/29/2004,MBS,MI,AGL,CE,Towers with Radar,28,17,32,0,77,0,0,12,0,12,28,17,44,0,89,54,2,56,145
01/30/2004,MBS,MI,AGL,CE,Towers with Radar,42,10,31,0,83,3,0,0,6,9,45,10,31,6,92,4,0,4,96
01/31/2004,MBS,MI,AGL,CE,Towers with Radar,20,10,15,0,45,12,0,15,0,27,32,10,30,0,72,24,0,24,96
02/01/2004,MBS,MI,AGL,CE,Towers with Radar,24,8,24,0,56,4,0,28,0,32,28,8,52,0,88,63,0,63,151
02/02/2004,MBS,MI,AGL,CE,Towers with Radar,37,17,43,0,97,0,6,14,0,20,37,23,57,0,117,14,0,14,131
02/03/2004,MBS,MI,AGL,CE,Towers with Radar,26,7,13,0,46,9,0,0,0,9,35,7,13,0,55,0,0,0,55
02/04/2004,MBS,MI,AGL,CE,Towers with Radar,37,16,41,0,94,0,0,20,0,20,37,16,61,0,114,36,0,36,150
02/05/2004,MBS,MI,AGL,CE,Towers with Radar,34,14,45,0,93,0,0,36,3,39,34,14,81,3,132,102,2,104,236
02/06/2004,MBS,MI,AGL,CE,Towers with Radar,36,14,36,0,86,4,2,29,0,35,40,16,65,0,121,86,0,86,207
02/07/2004,MBS,MI,AGL,CE,Towers with Radar,26,11,26,0,63,6,3,5,0,14,32,14,31,0,77,6,0,6,83
02/08/2004,MBS,MI,AGL,CE,Towers with Radar,23,1,24,0,48,9,0,6,0,15,32,1,30,0,63,59,0,59,122
02/09/2004,MBS,MI,AGL,CE,Towers with Radar,24,11,23,0,58,0,6,0,0,6,24,17,23,0,64,6,0,6,70
02/10/2004,MBS,MI,AGL,CE,Towers with Radar,29,13,33,0,75,0,4,13,2,19,29,17,46,2,94,20,0,20,114
02/11/2004,MBS,MI,AGL,CE,Towers with Radar,30,10,39,0,79,0,0,31,0,31,30,10,70,0,110,22,0,22,132
02/12/2004,MBS,MI,AGL,CE,Towers with Radar,33,14,37,1,85,0,5,6,1,12,33,19,43,2,97,113,0,113,210
02/13/2004,MBS,MI,AGL,CE,Towers with Radar,33,15,39,0,87,0,5,20,0,25,33,20,59,0,112,32,0,32,144
02/14/2004,MBS,MI,AGL,CE,Towers with Radar,24,7,25,0,56,12,0,35,0,47,36,7,60,0,103,98,0,98,201
02/15/2004,MBS,MI,AGL,CE,Towers with Radar,22,0,21,0,43,6,0,60,0,66,28,0,81,0,109,87,0,87,196
02/16/2004,MBS,MI,AGL,CE,Towers with Radar,37,14,35,0,86,7,4,36,0,47,44,18,71,0,133,48,0,48,181
02/17/2004,MBS,MI,AGL,CE,Towers with Radar,36,17,43,0,96,0,8,41,0,49,36,25,84,0,145,54,0,54,199
02/18/2004,MBS,MI,AGL,CE,Towers with Radar,37,10,38,0,85,0,0,17,0,17,37,10,55,0,102,6,0,6,108
02/19/2004,MBS,MI,AGL,CE,Towers with Radar,36,18,44,1,99,0,3,8,5,16,36,21,52,6,115,12,2,14,129
02/20/2004,MBS,MI,AGL,CE,Towers with Radar,28,12,27,0,67,0,4,0,0,4,28,16,27,0,71,0,0,0,71
02/21/2004,MBS,MI,AGL,CE,Towers with Radar,23,8,15,0,46,13,4,0,0,17,36,12,15,0,63,16,0,16,79
02/22/2004,MBS,MI,AGL,CE,Towers with Radar,37,7,35,0,79,1,0,82,0,83,38,7,117,0,162,58,0,58,220
02/23/2004,MBS,MI,AGL,CE,Towers with Radar,46,17,32,0,95,8,11,0,0,19,54,28,32,0,114,20,0,20,134
02/24/2004,MBS,MI,AGL,CE,Towers with Radar,36,14,28,0,78,0,10,0,0,10,36,24,28,0,88,16,0,16,104
02/25/2004,MBS,MI,AGL,CE,Towers with Radar,46,19,48,0,113,0,12,30,0,42,46,31,78,0,155,27,0,27,182
02/26/2004,MBS,MI,AGL,CE,Towers with Radar,37,11,40,0,88,0,0,40,0,40,37,11,80,0,128,74,0,74,202
02/27/2004,MBS,MI,AGL,CE,Towers with Radar,29,9,31,0,69,0,0,35,0,35,29,9,66,0,104,72,0,72,176
02/28/2004,MBS,MI,AGL,CE,Towers with Radar,34,12,32,0,78,4,2,62,0,68,38,14,94,0,146,116,0,116,262
02/29/2004,MBS,MI,AGL,CE,Towers with Radar,22,3,21,0,46,7,0,57,0,64,29,3,78,0,110,144,0,144,254
03/01/2004,MBS,MI,AGL,CE,Towers with Radar,35,16,25,0,76,0,13,0,0,13,35,29,25,0,89,8,0,8,97
03/02/2004,MBS,MI,AGL,CE,Towers with Radar,60,26,25,0,111,1,8,0,0,9,61,34,25,0,120,2,0,2,122
03/03/2004,MBS,MI,AGL,CE,Towers with Radar,33,15,29,0,77,1,3,15,0,19,34,18,44,0,96,10,0,10,106
03/04/2004,MBS,MI,AGL,CE,Towers with Radar,30,16,32,0,78,0,4,17,6,27,30,20,49,6,105,36,4,40,145
03/05/2004,MBS,MI,AGL,CE,Towers with Radar,23,11,12,0,46,3,0,0,0,3,26,11,12,0,49,1,0,1,50
03/06/2004,MBS,MI,AGL,CE,Towers with Radar,26,12,24,0,62,15,4,25,0,44,41,16,49,0,106,72,0,72,178
03/07/2004,MBS,MI,AGL,CE,Towers with Radar,23,3,21,0,47,13,0,0,0,13,36,3,21,0,60,0,0,0,60
03/08/2004,MBS,MI,AGL,CE,Towers with Radar,37,21,44,0,102,0,14,35,0,49,37,35,79,0,151,22,0,22,173
03/09/2004,MBS,MI,AGL,CE,Towers with Radar,37,22,45,1,105,0,5,27,2,34,37,27,72,3,139,42,0,42,181
03/10/2004,MBS,MI,AGL,CE,Towers with Radar,41,19,39,0,99,0,2,39,0,41,41,21,78,0,140,68,0,68,208
03/11/2004,MBS,MI,AGL,CE,Towers with Radar,27,9,15,0,51,13,0,0,0,13,40,9,15,0,64,0,0,0,64
03/12/2004,MBS,MI,AGL,CE,Towers with Radar,30,13,33,0,76,0,0,10,0,10,30,13,43,0,86,21,0,21,107
03/13/2004,MBS,MI,AGL,CE,Towers with Radar,33,14,30,0,77,5,4,101,0,110,38,18,131,0,187,105,0,105,292
03/14/2004,MBS,MI,AGL,CE,Towers with Radar,16,7,14,0,37,17,0,5,0,22,33,7,19,0,59,0,0,0,59
03/15/2004,MBS,MI,AGL,CE,Towers with Radar,40,19,40,0,99,0,0,21,0,21,40,19,61,0,120,2,0,2,122
03/16/2004,MBS,MI,AGL,CE,Towers with Radar,31,12,24,0,67,5,10,0,0,15,36,22,24,0,82,56,0,56,138
03/17/2004,MBS,MI,AGL,CE,Towers with Radar,34,13,29,0,76,0,0,19,0,19,34,13,48,0,95,2,0,2,97
03/18/2004,MBS,MI,AGL,CE,Towers with Radar,33,12,28,0,73,0,0,10,0,10,33,12,38,0,83,0,0,0,83
03/19/2004,MBS,MI,AGL,CE,Towers with Radar,46,19,47,0,112,0,0,11,1,12,46,19,58,1,124,31,0,31,155
03/20/2004,MBS,MI,AGL,CE,Towers with Radar,30,12,25,0,67,11,0,39,0,50,41,12,64,0,117,44,0,44,161
03/21/2004,MBS,MI,AGL,CE,Towers with Radar,29,5,24,0,58,14,0,22,0,36,43,5,46,0,94,16,0,16,110
03/22/2004,MBS,MI,AGL,CE,Towers with Radar,34,15,29,0,78,0,3,29,1,33,34,18,58,1,111,16,0,16,127
03/23/2004,MBS,MI,AGL,CE,Towers with Radar,38,16,34,0,88,0,0,23,0,23,38,16,57,0,111,48,0,48,159
03/24/2004,MBS,MI,AGL,CE,Towers with Radar,30,14,26,0,70,0,0,0,0,0,30,14,26,0,70,12,0,12,82
03/25/2004,MBS,MI,AGL,CE,Towers with Radar,35,17,36,0,88,0,0,33,2,35,35,17,69,2,123,92,0,92,215
03/26/2004,MBS,MI,AGL,CE,Towers with Radar,37,14,35,0,86,0,0,3,0,3,37,14,38,0,89,3,0,3,92
03/27/2004,MBS,MI,AGL,CE,Towers with Radar,51,18,48,0,117,0,0,41,0,41,51,18,89,0,158,92,0,92,250
03/28/2004,MBS,MI,AGL,CE,Towers with Radar,25,3,21,0,49,6,0,16,0,22,31,3,37,0,71,12,0,12,83
03/29/2004,MBS,MI,AGL,CE,Towers with Radar,36,16,37,0,89,0,0,33,0,33,36,16,70,0,122,72,0,72,194
03/30/2004,MBS,MI,AGL,CE,Towers with Radar,29,14,30,0,73,0,0,2,0,2,29,14,32,0,75,32,0,32,107
03/31/2004,MBS,MI,AGL,CE,Towers with Radar,33,15,30,0,78,0,1,20,0,21,33,16,50,0,99,30,0,30,129
04/01/2004,MBS,MI,AGL,CE,Towers with Radar,27,13,25,0,65,1,1,7,0,9,28,14,32,0,74,6,0,6,80
04/02/2004,MBS,MI,AGL,CE,Towers with Radar,42,16,38,0,96,0,0,23,0,23,42,16,61,0,119,117,0,117,236
04/03/2004,MBS,MI,AGL,CE,Towers with Radar,29,7,27,0,63,16,0,40,0,56,45,7,67,0,119,180,0,180,299
04/04/2004,MBS,MI,AGL,CE,Towers with Radar,18,6,17,0,41,16,0,28,0,44,34,6,45,0,85,0,0,0,85
04/05/2004,MBS,MI,AGL,CE,Towers with Radar,36,16,33,0,85,5,10,48,0,63,41,26,81,0,148,50,0,50,198
04/06/2004,MBS,MI,AGL,CE,Towers with Radar,34,15,31,0,80,1,7,23,0,31,35,22,54,0,111,10,0,10,121
04/07/2004,MBS,MI,AGL,CE,Towers with Radar,31,18,36,0,85,0,3,74,0,77,31,21,110,0,162,99,2,101,263
04/08/2004,MBS,MI,AGL,CE,Towers with Radar,31,16,33,0,80,0,5,13,0,18,31,21,46,0,98,63,0,63,161
04/09/2004,MBS,MI,AGL,CE,Towers with Radar,48,13,47,0,108,0,0,79,0,79,48,13,126,0,187,149,0,149,336
04/10/2004,MBS,MI,AGL,CE,Towers with Radar,22,8,20,0,50,13,0,68,0,81,35,8,88,0,131,95,0,95,226
04/11/2004,MBS,MI,AGL,CE,Towers with Radar,18,6,17,0,41,7,0,6,0,13,25,6,23,0,54,14,0,14,68
04/12/2004,MBS,MI,AGL,CE,Towers with Radar,28,12,24,0,64,2,3,12,0,17,30,15,36,0,81,24,0,24,105
04/13/2004,MBS,MI,AGL,CE,Towers with Radar,31,14,27,0,72,1,5,63,0,69,32,19,90,0,141,46,0,46,187
04/14/2004,MBS,MI,AGL,CE,Towers with Radar,35,19,37,0,91,0,10,101,2,113,35,29,138,2,204,61,2,63,267
04/15/2004,MBS,MI,AGL,CE,Towers with Radar,43,22,45,0,110,0,4,119,0,123,43,26,164,0,233,108,0,108,341
04/16/2004,MBS,MI,AGL,CE,Towers with Radar,30,13,25,0,68,0,2,32,1,35,30,15,57,1,103,74,0,74,177
04/17/2004,MBS,MI,AGL,CE,Towers with Radar,29,11,23,0,63,7,0,0,0,7,36,11,23,0,70,8,0,8,78
04/18/2004,MBS,MI,AGL,CE,Towers with Radar,22,9,19,0,50,10,3,14,0,27,32,12,33,0,77,20,0,20,97
04/19/2004,MBS,MI,AGL,CE,Towers with Radar,30,12,26,0,68,1,3,7,0,11,31,15,33,0,79,0,0,0,79
04/20/2004,MBS,MI,AGL,CE,Towers with Radar,35,20,41,0,96,0,4,17,0,21,35,24,58,0,117,10,0,10,127
04/21/2004,MBS,MI,AGL,CE,Towers with Radar,29,13,27,0,69,0,7,0,0,7,29,20,27,0,76,16,0,16,92
04/22/2004,MBS,MI,AGL,CE,Towers with Radar,26,16,34,0,76,0,6,22,0,28,26,22,56,0,104,40,0,40,144
04/23/2004,MBS,MI,AGL,CE,Towers with Radar,29,15,30,0,74,0,4,39,0,43,29,19,69,0,117,118,0,118,235
04/24/2004,MBS,MI,AGL,CE,Towers with Radar,23,9,21,0,53,6,0,61,0,67,29,9,82,0,120,110,0,110,230
04/25/2004,MBS,MI,AGL,CE,Towers with Radar,23,9,20,0,52,8,7,2,0,17,31,16,22,0,69,4,0,4,73
04/26/2004,MBS,MI,AGL,CE,Towers with Radar,29,12,24,0,65,1,5,0,0,6,30,17,24,0,71,0,0,0,71
04/27/2004,MBS,MI,AGL,CE,Towers with Radar,25,13,28,0,66,0,3,17,0,20,25,16,45,0,86,32,0,32,118
04/28/2004,MBS,MI,AGL,CE,Towers with Radar,28,12,33,0,73,0,0,26,0,26,28,12,59,0,99,34,0,34,133
04/29/2004,MBS,MI,AGL,CE,Towers with Radar,32,16,35,0,83,0,0,3,0,3,32,16,38,0,86,13,0,13,99
04/30/2004,MBS,MI,AGL,CE,Towers with Radar,30,13,29,0,72,0,1,10,0,11,30,14,39,0,83,4,0,4,87
05/01/2004,MBS,MI,AGL,CE,Towers with Radar,22,8,24,0,54,2,0,10,0,12,24,8,34,0,66,26,0,26,92
05/02/2004,MBS,MI,AGL,CE,Towers with Radar,18,5,20,0,43,16,0,16,0,32,34,5,36,0,75,0,0,0,75
05/03/2004,MBS,MI,AGL,CE,Towers with Radar,31,18,47,0,96,0,0,50,5,55,31,18,97,5,151,48,6,54,205
05/04/2004,MBS,MI,AGL,CE,Towers with Radar,32,16,40,0,88,0,10,18,6,34,32,26,58,6,122,44,0,44,166
05/05/2004,MBS,MI,AGL,CE,Towers with Radar,30,14,36,0,80,0,0,71,0,71,30,14,107,0,151,50,0,50,201
05/06/2004,MBS,MI,AGL,CE,Towers with Radar,28,13,32,0,73,2,2,25,0,29,30,15,57,0,102,60,0,60,162
05/07/2004,MBS,MI,AGL,CE,Towers with Radar,28,13,33,0,74,0,12,53,0,65,28,25,86,0,139,122,0,122,261
05/08/2004,MBS,MI,AGL,CE,Towers with Radar,13,6,4,0,23,11,4,0,0,15,24,10,4,0,38,0,0,0,38
05/09/2004,MBS,MI,AGL,CE,Towers with Radar,27,9,19,0,55,11,0,0,0,11,38,9,19,0,66,0,0,0,66
05/10/2004,MBS,MI,AGL,CE,Towers with Radar,29,14,34,0,77,2,6,39,0,47,31,20,73,0,124,46,0,46,170
05/11/2004,MBS,MI,AGL,CE,Towers with Radar,31,20,48,0,99,0,4,49,0,53,31,24,97,0,152,86,0,86,238
05/12/2004,MBS,MI,AGL,CE,Towers with Radar,31,16,39,0,86,0,3,79,0,82,31,19,118,0,168,92,0,92,260
05/13/2004,MBS,MI,AGL,CE,Towers with Radar,28,11,32,0,71,3,0,10,0,13,31,11,42,0,84,36,0,36,120
05/14/2004,MBS,MI,AGL,CE,Towers with Radar,29,13,31,0,73,8,7,0,0,15,37,20,31,0,88,2,0,2,90
05/15/2004,MBS,MI,AGL,CE,Towers with Radar,32,13,41,0,86,0,0,39,0,39,32,13,80,0,125,122,0,122,247
05/16/2004,MBS,MI,AGL,CE,Towers with Radar,26,2,30,0,58,7,0,135,0,142,33,2,165,0,200,92,0,92,292
05/17/2004,MBS,MI,AGL,CE,Towers with Radar,29,13,34,0,76,0,1,17,0,18,29,14,51,0,94,10,0,10,104
05/18/2004,MBS,MI,AGL,CE,Towers with Radar,28,19,50,1,98,0,10,28,3,41,28,29,78,4,139,18,0,18,157
05/19/2004,MBS,MI,AGL,CE,Towers with Radar,26,12,31,0,69,0,0,64,0,64,26,12,95,0,133,92,0,92,225
05/20/2004,MBS,MI,AGL,CE,Towers with Radar,33,14,35,0,82,0,3,8,0,11,33,17,43,0,93,8,0,8,101
05/21/2004,MBS,MI,AGL,CE,Towers with Radar,32,13,36,0,81,0,0,0,0,0,32,13,36,0,81,0,0,0,81
05/22/2004,MBS,MI,AGL,CE,Towers with Radar,18,7,19,0,44,9,3,4,0,16,27,10,23,0,60,12,0,12,72
05/23/2004,MBS,MI,AGL,CE,Towers with Radar,18,7,18,0,43,6,1,0,0,7,24,8,18,0,50,0,0,0,50
05/24/2004,MBS,MI,AGL,CE,Towers with Radar,30,12,35,0,77,0,0,0,0,0,30,12,35,0,77,4,0,4,81
05/25/2004,MBS,MI,AGL,CE,Towers with Radar,34,16,41,0,91,0,8,9,0,17,34,24,50,0,108,0,0,0,108
05/26/2004,MBS,MI,AGL,CE,Towers with Radar,28,12,34,0,74,0,0,32,0,32,28,12,66,0,106,40,0,40,146
05/27/2004,MBS,MI,AGL,CE,Towers with Radar,33,19,48,0,100,0,1,41,0,42,33,20,89,0,142,40,0,40,182
05/28/2004,MBS,MI,AGL,CE,Towers with Radar,32,11,42,0,85,0,0,47,1,48,32,11,89,1,133,38,0,38,171
05/29/2004,MBS,MI,AGL,CE,Towers with Radar,20,8,21,0,49,8,0,61,0,69,28,8,82,0,118,110,0,110,228
05/30/2004,MBS,MI,AGL,CE,Towers with Radar,20,4,21,0,45,6,0,46,0,52,26,4,67,0,97,26,0,26,123
05/31/2004,MBS,MI,AGL,CE,Towers with Radar,33,8,40,0,81,0,0,5,0,5,33,8,45,0,86,26,0,26,112
06/01/2004,MBS,MI,AGL,CE,Towers with Radar,27,11,33,0,71,0,7,16,2,25,27,18,49,2,96,15,0,15,111
06/02/2004,MBS,MI,AGL,CE,Towers with Radar,32,13,38,0,83,7,0,44,0,51,39,13,82,0,134,28,0,28,162
06/03/2004,MBS,MI,AGL,CE,Towers with Radar,35,14,42,0,91,0,3,21,0,24,35,17,63,0,115,70,0,70,185
06/04/2004,MBS,MI,AGL,CE,Towers with Radar,29,8,36,0,73,1,0,32,0,33,30,8,68,0,106,46,0,46,152
06/05/2004,MBS,MI,AGL,CE,Towers with Radar,28,11,34,0,73,6,1,56,0,63,34,12,90,0,136,78,0,78,214
06/06/2004,MBS,MI,AGL,CE,Towers with Radar,24,7,30,0,61,10,0,46,0,56,34,7,76,0,117,14,0,14,131
06/07/2004,MBS,MI,AGL,CE,Towers with Radar,37,14,45,0,96,0,0,48,0,48,37,14,93,0,144,18,0,18,162
06/08/2004,MBS,MI,AGL,CE,Towers with Radar,25,10,31,0,66,8,2,15,0,25,33,12,46,0,91,18,0,18,109
06/09/2004,MBS,MI,AGL,CE,Towers with Radar,25,10,31,0,66,0,5,16,0,21,25,15,47,0,87,7,0,7,94
06/10/2004,MBS,MI,AGL,CE,Towers with Radar,27,15,45,0,87,0,1,18,0,19,27,16,63,0,106,85,0,85,191
06/11/2004,MBS,MI,AGL,CE,Towers with Radar,33,13,38,0,84,0,1,56,0,57,33,14,94,0,141,62,0,62,203
06/12/2004,MBS,MI,AGL,CE,Towers with Radar,20,8,23,0,51,1,2,64,0,67,21,10,87,0,118,89,0,89,207
06/13/2004,MBS,MI,AGL,CE,Towers with Radar,30,4,34,0,68,1,0,6,2,9,31,4,40,2,77,18,0,18,95
06/14/2004,MBS,MI,AGL,CE,Towers with Radar,33,13,38,0,84,5,1,33,0,39,38,14,71,0,123,40,0,40,163
06/15/2004,MBS,MI,AGL,CE,Towers with Radar,20,13,42,0,75,0,0,25,0,25,20,13,67,0,100,36,0,36,136
06/16/2004,MBS,MI,AGL,CE,Towers with Radar,33,12,37,0,82,0,1,31,0,32,33,13,68,0,114,26,0,26,140
06/17/2004,MBS,MI,AGL,CE,Towers with Radar,22,10,32,0,64,0,6,11,0,17,22,16,43,0,81,12,0,12,93
06/18/2004,MBS,MI,AGL,CE,Towers with Radar,42,17,52,0,111,0,0,30,0,30,42,17,82,0,141,62,0,62,203
06/19/2004,MBS,MI,AGL,CE,Towers with Radar,22,8,25,0,55,6,0,50,0,56,28,8,75,0,111,192,0,192,303
06/20/2004,MBS,MI,AGL,CE,Towers with Radar,27,8,31,0,66,1,0,26,0,27,28,8,57,0,93,36,0,36,129
06/21/2004,MBS,MI,AGL,CE,Towers with Radar,36,12,42,0,90,0,0,35,0,35,36,12,77,0,125,44,0,44,169
06/22/2004,MBS,MI,AGL,CE,Towers with Radar,27,13,40,0,80,0,5,33,0,38,27,18,73,0,118,60,0,60,178
06/23/2004,MBS,MI,AGL,CE,Towers with Radar,27,10,31,1,69,4,5,19,0,28,31,15,50,1,97,15,0,15,112
06/24/2004,MBS,MI,AGL,CE,Towers with Radar,26,13,42,1,82,0,16,0,1,17,26,29,42,2,99,2,0,2,101
06/25/2004,MBS,MI,AGL,CE,Towers with Radar,30,11,40,0,81,0,0,10,9,19,30,11,50,9,100,7,0,7,107
06/26/2004,MBS,MI,AGL,CE,Towers with Radar,22,5,25,0,52,10,0,21,0,31,32,5,46,0,83,58,0,58,141
06/27/2004,MBS,MI,AGL,CE,Towers with Radar,24,8,29,0,61,12,0,15,0,27,36,8,44,0,88,44,0,44,132
06/28/2004,MBS,MI,AGL,CE,Towers with Radar,33,12,45,0,90,0,0,32,0,32,33,12,77,0,122,60,0,60,182
06/29/2004,MBS,MI,AGL,CE,Towers with Radar,27,10,32,0,69,2,2,41,0,45,29,12,73,0,114,68,0,68,182
06/30/2004,MBS,MI,AGL,CE,Towers with Radar,32,13,43,0,88,0,3,22,0,25,32,16,65,0,113,38,0,38,151
07/01/2004,MBS,MI,AGL,CE,Towers with Radar,29,11,35,0,75,0,2,34,0,36,29,13,69,0,111,66,0,66,177
07/02/2004,MBS,MI,AGL,CE,Towers with Radar,31,11,35,0,77,0,3,32,0,35,31,14,67,0,112,18,0,18,130
07/03/2004,MBS,MI,AGL,CE,Towers with Radar,17,4,20,1,42,8,0,28,1,37,25,4,48,2,79,60,2,62,141
07/04/2004,MBS,MI,AGL,CE,Towers with Radar,14,4,9,1,28,20,0,0,2,22,34,4,9,3,50,0,0,0,50
07/05/2004,MBS,MI,AGL,CE,Towers with Radar,30,6,44,0,80,0,0,90,0,90,30,6,134,0,170,118,0,118,288
07/06/2004,MBS,MI,AGL,CE,Towers with Radar,25,9,29,0,63,5,7,13,0,25,30,16,42,0,88,44,0,44,132
07/07/2004,MBS,MI,AGL,CE,Towers with Radar,24,11,35,0,70,0,7,12,1,20,24,18,47,1,90,12,2,14,104
07/08/2004,MBS,MI,AGL,CE,Towers with Radar,30,11,35,0,76,0,5,22,0,27,30,16,57,0,103,38,0,38,141
07/09/2004,MBS,MI,AGL,CE,Towers with Radar,28,7,35,0,70,0,0,33,0,33,28,7,68,0,103,146,0,146,249
07/10/2004,MBS,MI,AGL,CE,Towers with Radar,24,5,27,0,56,10,0,35,8,53,34,5,62,8,109,56,0,56,165
07/11/2004,MBS,MI,AGL,CE,Towers with Radar,26,5,29,0,60,2,0,27,0,29,28,5,56,0,89,48,0,48,137
07/12/2004,MBS,MI,AGL,CE,Towers with Radar,27,12,37,0,76,0,10,33,0,43,27,22,70,0,119,48,0,48,167
07/13/2004,MBS,MI,AGL,CE,Towers with Radar,22,8,25,0,55,9,9,28,0,46,31,17,53,0,101,28,0,28,129
07/14/2004,MBS,MI,AGL,CE,Towers with Radar,21,8,25,0,54,0,6,20,0,26,21,14,45,0,80,42,0,42,122
07/15/2004,MBS,MI,AGL,CE,Towers with Radar,27,8,31,0,66,10,0,41,0,51,37,8,72,0,117,60,0,60,177
07/16/2004,MBS,MI,AGL,CE,Towers with Radar,29,8,33,0,70,2,0,7,0,9,31,8,40,0,79,70,0,70,149
07/17/2004,MBS,MI,AGL,CE,Towers with Radar,21,6,22,0,49,7,1,5,0,13,28,7,27,0,62,35,0,35,97
07/18/2004,MBS,MI,AGL,CE,Towers with Radar,34,4,36,0,74,10,0,51,0,61,44,4,87,0,135,52,0,52,187
07/19/2004,MBS,MI,AGL,CE,Towers with Radar,37,15,64,0,116,0,0,61,0,61,37,15,125,0,177,58,0,58,235
07/20/2004,MBS,MI,AGL,CE,Towers with Radar,26,8,28,1,63,2,11,62,8,83,28,19,90,9,146,90,14,104,250
07/21/2004,MBS,MI,AGL,CE,Towers with Radar,32,10,39,1,82,0,0,36,3,39,32,10,75,4,121,16,4,20,141
07/22/2004,MBS,MI,AGL,CE,Towers with Radar,26,11,36,1,74,0,2,25,1,28,26,13,61,2,102,50,0,50,152
07/23/2004,MBS,MI,AGL,CE,Towers with Radar,30,11,35,1,77,0,10,40,1,51,30,21,75,2,128,27,0,27,155
07/24/2004,MBS,MI,AGL,CE,Towers with Radar,18,5,18,1,42,7,2,53,0,62,25,7,71,1,104,62,0,62,166
07/25/2004,MBS,MI,AGL,CE,Towers with Radar,28,8,30,1,67,2,0,57,3,62,30,8,87,4,129,18,4,22,151
07/26/2004,MBS,MI,AGL,CE,Towers with Radar,33,12,38,1,84,0,2,72,2,76,33,14,110,3,160,44,0,44,204
07/27/2004,MBS,MI,AGL,CE,Towers with Radar,29,13,42,2,86,0,16,34,1,51,29,29,76,3,137,44,4,48,185
07/28/2004,MBS,MI,AGL,CE,Towers with Radar,28,11,36,0,75,0,1,57,0,58,28,12,93,0,133,116,0,116,249
07/29/2004,MBS,MI,AGL,CE,Towers with Radar,33,13,44,0,90,0,2,64,0,66,33,15,108,0,156,86,0,86,242
07/30/2004,MBS,MI,AGL,CE,Towers with Radar,27,10,38,1,76,0,0,27,1,28,27,10,65,2,104,25,0,25,129
07/31/2004,MBS,MI,AGL,CE,Towers with Radar,26,8,28,0,62,3,0,8,0,11,29,8,36,0,73,46,0,46,119
08/01/2004,MBS,MI,AGL,CE,Towers with Radar,30,3,46,0,79,0,0,43,0,43,30,3,89,0,122,38,0,38,160
08/02/2004,MBS,MI,AGL,CE,Towers with Radar,28,13,44,0,85,0,0,59,3,62,28,13,103,3,147,58,0,58,205
08/03/2004,MBS,MI,AGL,CE,Towers with Radar,30,15,44,0,89,0,0,53,0,53,30,15,97,0,142,92,0,92,234
08/04/2004,MBS,MI,AGL,CE,Towers with Radar,33,16,46,0,95,0,16,22,3,41,33,32,68,3,136,34,0,34,170
08/05/2004,MBS,MI,AGL,CE,Towers with Radar,28,13,38,0,79,2,0,9,2,13,30,13,47,2,92,20,2,22,114
08/06/2004,MBS,MI,AGL,CE,Towers with Radar,25,14,40,0,79,0,0,39,2,41,25,14,79,2,120,16,0,16,136
08/07/2004,MBS,MI,AGL,CE,Towers with Radar,20,8,28,0,56,2,0,24,0,26,22,8,52,0,82,54,0,54,136
08/08/2004,MBS,MI,AGL,CE,Towers with Radar,33,4,45,0,82,2,0,55,7,64,35,4,100,7,146,28,0,28,174
08/09/2004,MBS,MI,AGL,CE,Towers with Radar,31,15,44,0,90,0,9,23,0,32,31,24,67,0,122,18,0,18,140
08/10/2004,MBS,MI,AGL,CE,Towers with Radar,34,18,52,0,104,0,7,39,0,46,34,25,91,0,150,72,0,72,222
08/11/2004,MBS,MI,AGL,CE,Towers with Radar,24,12,34,0,70,0,3,13,0,16,24,15,47,0,86,16,0,16,102
08/12/2004,MBS,MI,AGL,CE,Towers with Radar,27,15,43,0,85,0,1,37,0,38,27,16,80,0,123,46,0,46,169
08/13/2004,MBS,MI,AGL,CE,Towers with Radar,30,15,43,0,88,0,3,43,2,48,30,18,86,2,136,52,0,52,188
08/14/2004,MBS,MI,AGL,CE,Towers with Radar,18,7,25,0,50,8,0,26,0,34,26,7,51,0,84,16,0,16,100
08/15/2004,MBS,MI,AGL,CE,Towers with Radar,28,5,36,0,69,0,0,67,0,67,28,5,103,0,136,26,0,26,162
08/16/2004,MBS,MI,AGL,CE,Towers with Radar,34,14,44,1,93,2,4,25,1,32,36,18,69,2,125,20,0,20,145
08/17/2004,MBS,MI,AGL,CE,Towers with Radar,27,12,36,0,75,2,7,36,0,45,29,19,72,0,120,84,0,84,204
08/18/2004,MBS,MI,AGL,CE,Towers with Radar,26,11,33,1,71,3,2,12,0,17,29,13,45,1,88,34,0,34,122
08/19/2004,MBS,MI,AGL,CE,Towers with Radar,28,12,35,0,75,2,9,14,0,25,30,21,49,0,100,55,0,55,155
08/20/2004,MBS,MI,AGL,CE,Towers with Radar,26,11,33,0,70,0,5,1,0,6,26,16,34,0,76,30,0,30,106
08/21/2004,MBS,MI,AGL,CE,Towers with Radar,19,5,23,0,47,6,0,21,0,27,25,5,44,0,74,54,0,54,128
08/22/2004,MBS,MI,AGL,CE,Towers with Radar,24,0,32,0,56,0,0,34,0,34,24,0,66,0,90,91,0,91,181
08/23/2004,MBS,MI,AGL,CE,Towers with Radar,27,14,44,0,85,0,3,13,0,16,27,17,57,0,101,116,0,116,217
08/24/2004,MBS,MI,AGL,CE,Towers with Radar,25,11,35,0,71,0,3,21,0,24,25,14,56,0,95,60,0,60,155
08/25/2004,MBS,MI,AGL,CE,Towers with Radar,26,12,37,0,75,0,1,2,0,3,26,13,39,0,78,62,0,62,140
08/26/2004,MBS,MI,AGL,CE,Towers with Radar,30,13,39,0,82,2,3,41,0,46,32,16,80,0,128,26,0,26,154
08/27/2004,MBS,MI,AGL,CE,Towers with Radar,23,10,29,0,62,7,6,3,0,16,30,16,32,0,78,11,0,11,89
08/28/2004,MBS,MI,AGL,CE,Towers with Radar,19,8,24,0,51,10,1,7,0,18,29,9,31,0,69,28,0,28,97
08/29/2004,MBS,MI,AGL,CE,Towers with Radar,34,10,45,0,89,1,0,20,2,23,35,10,65,2,112,24,0,24,136
08/30/2004,MBS,MI,AGL,CE,Towers with Radar,34,19,59,0,112,0,1,39,0,40,34,20,98,0,152,44,0,44,196
08/31/2004,MBS,MI,AGL,CE,Towers with Radar,34,14,45,0,93,2,2,113,0,117,36,16,158,0,210,94,0,94,304
09/01/2004,MBS,MI,AGL,CE,Towers with Radar,25,12,31,0,68,0,9,61,10,80,25,21,92,10,148,40,4,44,192
09/02/2004,MBS,MI,AGL,CE,Towers with Radar,43,17,54,0,114,0,0,32,0,32,43,17,86,0,146,28,0,28,174
09/03/2004,MBS,MI,AGL,CE,Towers with Radar,37,24,64,0,125,0,1,23,2,26,37,25,87,2,151,34,2,36,187
09/04/2004,MBS,MI,AGL,CE,Towers with Radar,25,9,28,0,62,0,0,34,0,34,25,9,62,0,96,46,0,46,142
09/05/2004,MBS,MI,AGL,CE,Towers with Radar,24,5,33,0,62,0,0,22,0,22,24,5,55,0,84,20,0,20,104
09/06/2004,MBS,MI,AGL,CE,Towers with Radar,33,8,32,0,73,0,0,0,2,2,33,8,32,2,75,0,2,2,77
09/07/2004,MBS,MI,AGL,CE,Towers with Radar,29,13,34,0,76,2,1,49,1,53,31,14,83,1,129,69,0,69,198
09/08/2004,MBS,MI,AGL,CE,Towers with Radar,27,12,35,0,74,0,0,19,0,19,27,12,54,0,93,52,0,52,145
09/09/2004,MBS,MI,AGL,CE,Towers with Radar,34,15,39,0,88,1,8,38,0,47,35,23,77,0,135,40,0,40,175
09/10/2004,MBS,MI,AGL,CE,Towers with Radar,31,14,37,0,82,0,5,45,0,50,31,19,82,0,132,18,0,18,150
09/11/2004,MBS,MI,AGL,CE,Towers with Radar,17,8,20,0,45,9,5,22,0,36,26,13,42,0,81,90,0,90,171
09/12/2004,MBS,MI,AGL,CE,Towers with Radar,29,6,33,0,68,11,0,8,0,19,40,6,41,0,87,4,0,4,91
09/13/2004,MBS,MI,AGL,CE,Towers with Radar,32,12,38,0,82,0,0,15,0,15,32,12,53,0,97,28,0,28,125
09/14/2004,MBS,MI,AGL,CE,Towers with Radar,28,12,31,0,71,6,3,0,0,9,34,15,31,0,80,10,0,10,90
09/15/2004,MBS,MI,AGL,CE,Towers with Radar,33,15,38,0,86,1,6,19,0,26,34,21,57,0,112,16,0,16,128
09/16/2004,MBS,MI,AGL,CE,Towers with Radar,25,13,35,0,73,0,1,18,0,19,25,14,53,0,92,16,0,16,108
09/17/2004,MBS,MI,AGL,CE,Towers with Radar,28,10,32,0,70,1,0,27,0,28,29,10,59,0,98,31,0,31,129
09/18/2004,MBS,MI,AGL,CE,Towers with Radar,19,7,20,0,46,6,2,33,0,41,25,9,53,0,87,78,0,78,165
09/19/2004,MBS,MI,AGL,CE,Towers with Radar,26,10,28,0,64,7,1,42,0,50,33,11,70,0,114,40,0,40,154
09/20/2004,MBS,MI,AGL,CE,Towers with Radar,34,14,37,0,85,5,7,21,0,33,39,21,58,0,118,24,0,24,142
09/21/2004,MBS,MI,AGL,CE,Towers with Radar,29,14,48,0,91,0,0,7,0,7,29,14,55,0,98,38,0,38,136
09/22/2004,MBS,MI,AGL,CE,Towers with Radar,27,11,31,0,69,0,4,62,0,66,27,15,93,0,135,80,0,80,215
09/23/2004,MBS,MI,AGL,CE,Towers with Radar,27,11,31,0,69,0,1,97,0,98,27,12,128,0,167,80,0,80,247
09/24/2004,MBS,MI,AGL,CE,Towers with Radar,28,11,32,0,71,0,4,32,0,36,28,15,64,0,107,22,0,22,129
09/25/2004,MBS,MI,AGL,CE,Towers with Radar,21,8,23,0,52,4,1,36,0,41,25,9,59,0,93,54,0,54,147
09/26/2004,MBS,MI,AGL,CE,Towers with Radar,33,9,35,0,77,0,0,63,0,63,33,9,98,0,140,40,0,40,180
09/27/2004,MBS,MI,AGL,CE,Towers with Radar,31,12,33,0,76,5,5,49,0,59,36,17,82,0,135,80,0,80,215
09/28/2004,MBS,MI,AGL,CE,Towers with Radar,31,12,33,0,76,4,6,23,0,33,35,18,56,0,109,44,0,44,153
09/29/2004,MBS,MI,AGL,CE,Towers with Radar,33,13,37,0,83,0,0,39,0,39,33,13,76,0,122,42,0,42,164
09/30/2004,MBS,MI,AGL,CE,Towers with Radar,25,10,27,0,62,7,5,43,0,55,32,15,70,0,117,21,0,21,138
10/01/2004,MBS,MI,AGL,CE,Towers with Radar,26,11,24,1,62,0,0,15,0,15,26,11,39,1,77,28,0,28,105
10/02/2004,MBS,MI,AGL,CE,Towers with Radar,24,8,31,0,63,0,1,18,0,19,24,9,49,0,82,18,0,18,100
10/03/2004,MBS,MI,AGL,CE,Towers with Radar,27,6,33,0,66,0,0,29,0,29,27,6,62,0,95,8,0,8,103
10/04/2004,MBS,MI,AGL,CE,Towers with Radar,37,16,31,0,84,0,2,32,0,34,37,18,63,0,118,20,0,20,138
10/05/2004,MBS,MI,AGL,CE,Towers with Radar,32,12,34,0,78,0,2,43,0,45,32,14,77,0,123,68,0,68,191
10/06/2004,MBS,MI,AGL,CE,Towers with Radar,31,19,52,0,102,0,6,20,0,26,31,25,72,0,128,16,0,16,144
10/07/2004,MBS,MI,AGL,CE,Towers with Radar,37,24,40,0,101,0,0,35,0,35,37,24,75,0,136,15,0,15,151
10/08/2004,MBS,MI,AGL,CE,Towers with Radar,26,12,25,0,63,0,0,15,0,15,26,12,40,0,78,8,0,8,86
10/09/2004,MBS,MI,AGL,CE,Towers with Radar,29,9,9,0,47,0,0,22,0,22,29,9,31,0,69,57,0,57,126
10/10/2004,MBS,MI,AGL,CE,Towers with Radar,27,3,29,0,59,0,0,24,0,24,27,3,53,0,83,117,0,117,200
10/11/2004,MBS,MI,AGL,CE,Towers with Radar,41,13,26,0,80,0,3,28,0,31,41,16,54,0,111,50,0,50,161
10/12/2004,MBS,MI,AGL,CE,Towers with Radar,27,9,21,0,57,0,1,20,0,21,27,10,41,0,78,48,0,48,126
10/13/2004,MBS,MI,AGL,CE,Towers with Radar,30,17,33,0,80,0,0,21,0,21,30,17,54,0,101,26,0,26,127
10/14/2004,MBS,MI,AGL,CE,Towers with Radar,30,16,30,1,77,0,0,2,0,2,30,16,32,1,79,3,0,3,82
10/15/2004,MBS,MI,AGL,CE,Towers with Radar,29,21,32,0,82,0,0,0,0,0,29,21,32,0,82,0,0,0,82
10/16/2004,MBS,MI,AGL,CE,Towers with Radar,24,8,8,0,40,0,0,0,0,0,24,8,8,0,40,21,0,21,61
10/17/2004,MBS,MI,AGL,CE,Towers with Radar,24,2,15,0,41,0,1,0,0,1,24,3,15,0,42,0,0,0,42
10/18/2004,MBS,MI,AGL,CE,Towers with Radar,42,22,42,0,106,0,2,14,1,17,42,24,56,1,123,32,0,32,155
10/19/2004,MBS,MI,AGL,CE,Towers with Radar,27,23,45,4,99,0,0,7,0,7,27,23,52,4,106,42,0,42,148
10/20/2004,MBS,MI,AGL,CE,Towers with Radar,28,13,48,0,89,0,0,5,0,5,28,13,53,0,94,39,0,39,133
10/21/2004,MBS,MI,AGL,CE,Towers with Radar,30,23,55,0,108,0,0,10,0,10,30,23,65,0,118,0,0,0,118
10/22/2004,MBS,MI,AGL,CE,Towers with Radar,30,11,50,0,91,0,0,21,0,21,30,11,71,0,112,78,0,78,190
10/23/2004,MBS,MI,AGL,CE,Towers with Radar,24,6,18,0,48,0,0,3,0,3,24,6,21,0,51,46,0,46,97
10/24/2004,MBS,MI,AGL,CE,Towers with Radar,24,3,26,0,53,0,8,0,0,8,24,11,26,0,61,23,0,23,84
10/25/2004,MBS,MI,AGL,CE,Towers with Radar,32,13,29,0,74,0,4,41,0,45,32,17,70,0,119,46,0,46,165
10/26/2004,MBS,MI,AGL,CE,Towers with Radar,30,14,45,2,91,0,3,18,0,21,30,17,63,2,112,41,0,41,153
10/27/2004,MBS,MI,AGL,CE,Towers with Radar,27,18,31,0,76,0,0,13,10,23,27,18,44,10,99,26,0,26,125
10/28/2004,MBS,MI,AGL,CE,Towers with Radar,30,12,23,13,78,0,2,14,10,26,30,14,37,23,104,0,50,50,154
10/29/2004,MBS,MI,AGL,CE,Towers with Radar,26,12,14,0,52,0,0,0,0,0,26,12,14,0,52,0,0,0,52
10/30/2004,MBS,MI,AGL,CE,Towers with Radar,23,5,2,0,30,0,0,2,0,2,23,5,4,0,32,4,0,4,36
10/31/2004,MBS,MI,AGL,CE,Towers with Radar,30,5,23,0,58,0,0,7,0,7,30,5,30,0,65,14,0,14,79
11/01/2004,MBS,MI,AGL,CE,Combined TRACON& Tower with Radar,31,13,24,4,72,0,0,0,0,0,31,13,24,4,72,2,4,6,78
11/02/2004,MBS,MI,AGL,CE,Combined TRACON& Tower with Radar,30,22,22,0,74,0,0,2,0,2,30,22,24,0,76,10,0,10,86
11/03/2004,MBS,MI,AGL,CE,Combined TRACON& Tower with Radar,34,22,16,0,72,0,0,22,0,22,34,22,38,0,94,15,0,15,109
11/04/2004,MBS,MI,AGL,CE,Combined TRACON& Tower with Radar,27,12,31,0,70,0,2,1,0,3,27,14,32,0,73,0,0,0,73
11/05/2004,MBS,MI,AGL,CE,Combined TRACON& Tower with Radar,29,12,30,0,71,0,2,20,0,22,29,14,50,0,93,6,0,6,99
11/06/2004,MBS,MI,AGL,CE,Combined TRACON& Tower with Radar,26,8,6,0,40,0,0,22,0,22,26,8,28,0,62,48,0,48,110
11/07/2004,MBS,MI,AGL,CE,Combined TRACON& Tower with Radar,30,4,14,0,48,0,0,6,0,6,30,4,20,0,54,45,0,45,99
11/08/2004,MBS,MI,AGL,CE,Combined TRACON& Tower with Radar,30,16,41,0,87,0,2,51,0,53,30,18,92,0,140,42,0,42,182
11/09/2004,MBS,MI,AGL,CE,Combined TRACON& Tower with Radar,30,16,39,0,85,0,0,39,0,39,30,16,78,0,124,38,0,38,162
11/10/2004,MBS,MI,AGL,CE,Combined TRACON& Tower with Radar,27,14,32,0,73,0,1,22,0,23,27,15,54,0,96,42,0,42,138
11/11/2004,MBS,MI,AGL,CE,Combined TRACON& Tower with Radar,33,14,54,0,101,0,1,19,0,20,33,15,73,0,121,0,0,0,121
11/12/2004,MBS,MI,AGL,CE,Combined TRACON& Tower with Radar,26,17,38,0,81,0,2,24,0,26,26,19,62,0,107,31,0,31,138
11/13/2004,MBS,MI,AGL,CE,Combined TRACON& Tower with Radar,27,9,30,0,66,0,0,34,0,34,27,9,64,0,100,42,0,42,142
11/14/2004,MBS,MI,AGL,CE,Combined TRACON& Tower with Radar,25,5,38,0,68,0,0,65,0,65,25,5,103,0,133,60,0,60,193
11/15/2004,MBS,MI,AGL,CE,Combined TRACON& Tower with Radar,35,20,20,3,78,0,4,18,1,23,35,24,38,4,101,16,0,16,117
11/16/2004,MBS,MI,AGL,CE,Combined TRACON& Tower with Radar,31,15,34,0,80,0,0,1,0,1,31,15,35,0,81,0,0,0,81
11/17/2004,MBS,MI,AGL,CE,Combined TRACON& Tower with Radar,29,22,32,0,83,0,0,0,0,0,29,22,32,0,83,0,0,0,83
11/18/2004,MBS,MI,AGL,CE,Combined TRACON& Tower with Radar,30,11,38,0,79,0,2,23,0,25,30,13,61,0,104,12,0,12,116
11/19/2004,MBS,MI,AGL,CE,Combined TRACON& Tower with Radar,32,9,18,0,59,0,0,11,0,11,32,9,29,0,70,40,0,40,110
11/20/2004,MBS,MI,AGL,CE,Combined TRACON& Tower with Radar,26,10,24,0,60,0,0,0,0,0,26,10,24,0,60,10,0,10,70
11/21/2004,MBS,MI,AGL,CE,Combined TRACON& Tower with Radar,24,7,15,0,46,0,0,18,0,18,24,7,33,0,64,58,0,58,122
11/22/2004,MBS,MI,AGL,CE,Combined TRACON& Tower with Radar,31,13,21,0,65,0,2,39,0,41,31,15,60,0,106,26,0,26,132
11/23/2004,MBS,MI,AGL,CE,Combined TRACON& Tower with Radar,35,18,20,0,73,0,6,3,0,9,35,24,23,0,82,2,0,2,84
11/24/2004,MBS,MI,AGL,CE,Combined TRACON& Tower with Radar,23,11,10,0,44,0,0,1,0,1,23,11,11,0,45,0,0,0,45
11/25/2004,MBS,MI,AGL,CE,Combined TRACON& Tower with Radar,25,4,7,0,36,0,0,7,0,7,25,4,14,0,43,0,0,0,43
11/26/2004,MBS,MI,AGL,CE,Combined TRACON& Tower with Radar,26,9,21,0,56,0,0,30,0,30,26,9,51,0,86,16,0,16,102
11/27/2004,MBS,MI,AGL,CE,Combined TRACON& Tower with Radar,28,10,3,0,41,0,0,0,0,0,28,10,3,0,41,8,0,8,49
11/28/2004,MBS,MI,AGL,CE,Combined TRACON& Tower with Radar,29,11,24,0,64,0,0,0,0,0,29,11,24,0,64,0,0,0,64
11/29/2004,MBS,MI,AGL,CE,Combined TRACON& Tower with Radar,32,17,50,0,99,0,0,10,0,10,32,17,60,0,109,20,0,20,129
11/30/2004,MBS,MI,AGL,CE,Combined TRACON& Tower with Radar,26,15,25,0,66,0,0,0,0,0,26,15,25,0,66,0,0,0,66
12/01/2004,MBS,MI,AGL,CE,Combined TRACON& Tower with Radar,25,14,22,0,61,0,2,25,0,27,25,16,47,0,88,26,0,26,114
12/02/2004,MBS,MI,AGL,CE,Combined TRACON& Tower with Radar,28,13,17,0,58,0,2,12,0,14,28,15,29,0,72,12,0,12,84
12/03/2004,MBS,MI,AGL,CE,Combined TRACON& Tower with Radar,27,16,28,0,71,0,0,12,0,12,27,16,40,0,83,22,0,22,105
12/04/2004,MBS,MI,AGL,CE,Combined TRACON& Tower with Radar,24,3,7,0,34,0,0,7,0,7,24,3,14,0,41,8,0,8,49
12/05/2004,MBS,MI,AGL,CE,Combined TRACON& Tower with Radar,29,3,24,0,56,0,0,18,0,18,29,3,42,0,74,69,0,69,143
12/06/2004,MBS,MI,AGL,CE,Combined TRACON& Tower with Radar,29,18,21,0,68,0,0,0,0,0,29,18,21,0,68,0,0,0,68
12/07/2004,MBS,MI,AGL,CE,Combined TRACON& Tower with Radar,27,11,17,0,55,0,0,0,0,0,27,11,17,0,55,6,0,6,61
12/08/2004,MBS,MI,AGL,CE,Combined TRACON& Tower with Radar,28,12,50,4,94,0,2,20,0,22,28,14,70,4,116,36,4,40,156
12/09/2004,MBS,MI,AGL,CE,Combined TRACON& Tower with Radar,33,19,25,0,77,0,1,9,0,10,33,20,34,0,87,23,0,23,110
12/10/2004,MBS,MI,AGL,CE,Combined TRACON& Tower with Radar,26,15,21,0,62,0,0,0,0,0,26,15,21,0,62,0,0,0,62
12/11/2004,MBS,MI,AGL,CE,Combined TRACON& Tower with Radar,24,7,13,0,44,0,0,4,0,4,24,7,17,0,48,0,0,0,48
12/12/2004,MBS,MI,AGL,CE,Combined TRACON& Tower with Radar,19,0,9,0,28,0,0,0,0,0,19,0,9,0,28,0,0,0,28
12/13/2004,MBS,MI,AGL,CE,Combined TRACON& Tower with Radar,27,15,20,0,62,0,0,0,0,0,27,15,20,0,62,14,0,14,76
12/14/2004,MBS,MI,AGL,CE,Combined TRACON& Tower with Radar,29,18,41,4,92,0,3,16,2,21,29,21,57,6,113,47,0,47,160
12/15/2004,MBS,MI,AGL,CE,Combined TRACON& Tower with Radar,24,14,45,0,83,0,5,29,0,34,24,19,74,0,117,63,0,63,180
12/16/2004,MBS,MI,AGL,CE,Combined TRACON& Tower with Radar,28,12,19,0,59,0,0,2,0,2,28,12,21,0,61,30,0,30,91
12/17/2004,MBS,MI,AGL,CE,Combined TRACON& Tower with Radar,28,12,43,0,83,0,0,18,0,18,28,12,61,0,101,55,0,55,156
12/18/2004,MBS,MI,AGL,CE,Combined TRACON& Tower with Radar,27,15,26,0,68,0,0,1,0,1,27,15,27,0,69,32,0,32,101
12/19/2004,MBS,MI,AGL,CE,Combined TRACON& Tower with Radar,25,3,7,0,35,0,0,0,0,0,25,3,7,0,35,6,0,6,41
12/20/2004,MBS,MI,AGL,CE,Combined TRACON& Tower with Radar,29,13,19,0,61,0,0,1,0,1,29,13,20,0,62,8,0,8,70
12/21/2004,MBS,MI,AGL,CE,Combined TRACON& Tower with Radar,28,15,19,0,62,0,3,12,0,15,28,18,31,0,77,4,0,4,81
12/22/2004,MBS,MI,AGL,CE,Combined TRACON& Tower with Radar,28,18,30,0,76,0,0,5,0,5,28,18,35,0,81,26,0,26,107
12/23/2004,MBS,MI,AGL,CE,Combined TRACON& Tower with Radar,31,11,11,0,53,0,1,10,0,11,31,12,21,0,64,16,0,16,80
12/24/2004,MBS,MI,AGL,CE,Combined TRACON& Tower with Radar,33,3,8,0,44,0,0,20,0,20,33,3,28,0,64,32,0,32,96
12/25/2004,MBS,MI,AGL,CE,Combined TRACON& Tower with Radar,26,3,2,0,31,0,1,3,0,4,26,4,5,0,35,0,0,0,35
12/26/2004,MBS,MI,AGL,CE,Combined TRACON& Tower with Radar,29,4,6,0,39,0,0,15,0,15,29,4,21,0,54,20,0,20,74
12/27/2004,MBS,MI,AGL,CE,Combined TRACON& Tower with Radar,33,10,28,0,71,0,3,17,0,20,33,13,45,0,91,24,0,24,115
12/28/2004,MBS,MI,AGL,CE,Combined TRACON& Tower with Radar,31,17,26,0,74,0,5,17,0,22,31,22,43,0,96,36,0,36,132
12/29/2004,MBS,MI,AGL,CE,Combined TRACON& Tower with Radar,26,16,20,0,62,0,0,0,0,0,26,16,20,0,62,6,0,6,68
12/30/2004,MBS,MI,AGL,CE,Combined TRACON& Tower with Radar,30,15,14,0,59,0,0,0,0,0,30,15,14,0,59,0,0,0,59
12/31/2004,MBS,MI,AGL,CE,Combined TRACON& Tower with Radar,30,8,13,0,51,0,0,6,0,6,30,8,19,0,57,16,0,16,73
01/01/2005,MBS,MI,AGL,CE,Combined TRACON& Tower with Radar,27,5,22,0,54,0,1,56,0,57,27,6,78,0,111,90,0,90,201
01/02/2005,MBS,MI,AGL,CE,Combined TRACON& Tower with Radar,28,4,16,0,48,0,0,0,0,0,28,4,16,0,48,2,0,2,50
01/03/2005,MBS,MI,AGL,CE,Combined TRACON& Tower with Radar,28,28,29,0,85,0,0,10,0,10,28,28,39,0,95,8,0,8,103
01/04/2005,MBS,MI,AGL,CE,Combined TRACON& Tower with Radar,37,19,23,0,79,0,0,3,0,3,37,19,26,0,82,0,0,0,82
01/05/2005,MBS,MI,AGL,CE,Combined TRACON& Tower with Radar,25,18,23,0,66,0,0,1,0,1,25,18,24,0,67,4,0,4,71
01/06/2005,MBS,MI,AGL,CE,Combined TRACON& Tower with Radar,38,9,25,0,72,0,0,0,0,0,38,9,25,0,72,22,0,22,94
01/07/2005,MBS,MI,AGL,CE,Combined TRACON& Tower with Radar,32,16,48,0,96,0,0,16,0,16,32,16,64,0,112,60,0,60,172
01/08/2005,MBS,MI,AGL,CE,Combined TRACON& Tower with Radar,34,8,12,0,54,0,0,5,0,5,34,8,17,0,59,60,0,60,119
01/09/2005,MBS,MI,AGL,CE,Combined TRACON& Tower with Radar,38,2,18,0,58,0,0,2,0,2,38,2,20,0,60,22,0,22,82
01/10/2005,MBS,MI,AGL,CE,Combined TRACON& Tower with Radar,39,13,26,0,78,0,1,19,0,20,39,14,45,0,98,24,0,24,122
01/11/2005,MBS,MI,AGL,CE,Combined TRACON& Tower with Radar,38,13,27,0,78,0,0,0,0,0,38,13,27,0,78,0,0,0,78
01/12/2005,MBS,MI,AGL,CE,Combined TRACON& Tower with Radar,25,9,10,0,44,0,0,0,0,0,25,9,10,0,44,0,0,0,44
01/13/2005,MBS,MI,AGL,CE,Combined TRACON& Tower with Radar,28,9,27,0,64,0,0,0,0,0,28,9,27,0,64,0,0,0,64
01/14/2005,MBS,MI,AGL,CE,Combined TRACON& Tower with Radar,34,10,24,0,68,0,0,0,0,0,34,10,24,0,68,7,0,7,75
01/15/2005,MBS,MI,AGL,CE,Combined TRACON& Tower with Radar,26,7,36,0,69,0,0,22,0,22,26,7,58,0,91,69,0,69,160
01/16/2005,MBS,MI,AGL,CE,Combined TRACON& Tower with Radar,30,1,31,0,62,0,0,34,0,34,30,1,65,0,96,76,0,76,172
01/17/2005,MBS,MI,AGL,CE,Combined TRACON& Tower with Radar,33,17,23,0,73,0,1,6,0,7,33,18,29,0,80,28,0,28,108
01/18/2005,MBS,MI,AGL,CE,Combined TRACON& Tower with Radar,42,20,32,0,94,0,4,14,0,18,42,24,46,0,112,12,0,12,124
01/19/2005,MBS,MI,AGL,CE,Combined TRACON& Tower with Radar,41,12,31,0,84,2,6,0,0,8,43,18,31,0,92,28,0,28,120
01/20/2005,MBS,MI,AGL,CE,Combined TRACON& Tower with Radar,31,12,33,2,78,0,0,6,0,6,31,12,39,2,84,0,0,0,84
01/21/2005,MBS,MI,AGL,CE,Combined TRACON& Tower with Radar,41,15,25,0,81,0,0,10,0,10,41,15,35,0,91,2,0,2,93
01/22/2005,MBS,MI,AGL,CE,Combined TRACON& Tower with Radar,14,5,4,0,23,0,0,0,0,0,14,5,4,0,23,0,0,0,23
01/23/2005,MBS,MI,AGL,CE,Combined TRACON& Tower with Radar,24,3,25,0,52,0,0,29,0,29,24,3,54,0,81,28,0,28,109
01/24/2005,MBS,MI,AGL,CE,Combined TRACON& Tower with Radar,41,18,28,0,87,0,3,16,0,19,41,21,44,0,106,28,0,28,134
01/25/2005,MBS,MI,AGL,CE,Combined TRACON& Tower with Radar,40,17,24,0,81,0,2,6,0,8,40,19,30,0,89,0,0,0,89
01/26/2005,MBS,MI,AGL,CE,Combined TRACON& Tower with Radar,31,16,12,0,59,0,1,9,0,10,31,17,21,0,69,46,0,46,115
01/27/2005,MBS,MI,AGL,CE,Combined TRACON& Tower with Radar,37,14,28,0,79,0,2,37,2,41,37,16,65,2,120,28,0,28,148
01/28/2005,MBS,MI,AGL,CE,Combined TRACON& Tower with Radar,29,8,18,0,55,0,0,42,0,42,29,8,60,0,97,26,0,26,123
01/29/2005,MBS,MI,AGL,CE,Combined TRACON& Tower with Radar,29,6,45,0,80,0,0,40,6,46,29,6,85,6,126,74,0,74,200
01/30/2005,MBS,MI,AGL,CE,Combined TRACON& Tower with Radar,38,2,40,0,80,0,0,20,0,20,38,2,60,0,100,50,0,50,150
01/31/2005,MBS,MI,AGL,CE,Combined TRACON& Tower with Radar,32,21,32,0,85,0,2,41,0,43,32,23,73,0,128,44,0,44,172
02/01/2005,MBS,MI,AGL,CE,Combined TRACON& Tower with Radar,29,17,36,0,82,0,5,20,0,25,29,22,56,0,107,76,0,76,183
02/02/2005,MBS,MI,AGL,CE,Combined TRACON& Tower with Radar,28,10,30,0,68,0,2,32,0,34,28,12,62,0,102,40,0,40,142
02/03/2005,MBS,MI,AGL,CE,Combined TRACON& Tower with Radar,36,16,32,1,85,0,3,29,0,32,36,19,61,1,117,64,0,64,181
02/04/2005,MBS,MI,AGL,CE,Combined TRACON& Tower with Radar,37,11,42,0,90,0,0,21,0,21,37,11,63,0,111,92,0,92,203
02/05/2005,MBS,MI,AGL,CE,Combined TRACON& Tower with Radar,30,7,21,0,58,0,0,19,0,19,30,7,40,0,77,34,0,34,111
02/06/2005,MBS,MI,AGL,CE,Combined TRACON& Tower with Radar,24,5,24,1,54,0,2,25,0,27,24,7,49,1,81,60,0,60,141
02/07/2005,MBS,MI,AGL,CE,Combined TRACON& Tower with Radar,28,10,29,1,68,0,0,2,0,2,28,10,31,1,70,12,0,12,82
02/08/2005,MBS,MI,AGL,CE,Combined TRACON& Tower with Radar,28,14,22,0,64,0,0,1,1,2,28,14,23,1,66,4,0,4,70
02/09/2005,MBS,MI,AGL,CE,Combined TRACON& Tower with Radar,32,12,22,0,66,0,0,0,0,0,32,12,22,0,66,0,0,0,66
02/10/2005,MBS,MI,AGL,CE,Combined TRACON& Tower with Radar,35,12,35,0,82,0,0,26,0,26,35,12,61,0,108,70,0,70,178
02/11/2005,MBS,MI,AGL,CE,Combined TRACON& Tower with Radar,32,14,24,0,70,0,0,5,0,5,32,14,29,0,75,22,0,22,97
02/12/2005,MBS,MI,AGL,CE,Combined TRACON& Tower with Radar,40,7,45,0,92,0,0,60,0,60,40,7,105,0,152,68,0,68,220
02/13/2005,MBS,MI,AGL,CE,Combined TRACON& Tower with Radar,28,3,34,0,65,0,0,57,0,57,28,3,91,0,122,118,0,118,240
02/14/2005,MBS,MI,AGL,CE,Combined TRACON& Tower with Radar,39,15,28,0,82,0,1,0,0,1,39,16,28,0,83,10,0,10,93
02/15/2005,MBS,MI,AGL,CE,Combined TRACON& Tower with Radar,34,16,18,1,69,0,2,10,0,12,34,18,28,1,81,10,0,10,91
02/16/2005,MBS,MI,AGL,CE,Combined TRACON& Tower with Radar,27,16,51,0,94,0,3,5,0,8,27,19,56,0,102,38,0,38,140
02/17/2005,MBS,MI,AGL,CE,Combined TRACON& Tower with Radar,34,20,41,1,96,0,4,3,0,7,34,24,44,1,103,32,0,32,135
02/18/2005,MBS,MI,AGL,CE,Combined TRACON& Tower with Radar,31,16,29,2,78,0,0,22,0,22,31,16,51,2,100,32,0,32,132
02/19/2005,MBS,MI,AGL,CE,Combined TRACON& Tower with Radar,37,8,16,0,61,0,2,18,0,20,37,10,34,0,81,38,0,38,119
02/20/2005,MBS,MI,AGL,CE,Combined TRACON& Tower with Radar,14,5,0,0,19,0,0,0,0,0,14,5,0,0,19,0,0,0,19
02/21/2005,MBS,MI,AGL,CE,Combined TRACON& Tower with Radar,28,17,42,0,87,0,2,3,0,5,28,19,45,0,92,10,0,10,102
02/22/2005,MBS,MI,AGL,CE,Combined TRACON& Tower with Radar,27,16,20,0,63,0,0,6,0,6,27,16,26,0,69,2,0,2,71
02/23/2005,MBS,MI,AGL,CE,Combined TRACON& Tower with Radar,36,21,38,0,95,0,4,6,0,10,36,25,44,0,105,4,0,4,109
02/24/2005,MBS,MI,AGL,CE,Combined TRACON& Tower with Radar,35,17,24,0,76,0,1,32,0,33,35,18,56,0,109,22,0,22,131
02/25/2005,MBS,MI,AGL,CE,Combined TRACON& Tower with Radar,36,9,28,0,73,0,0,0,0,0,36,9,28,0,73,0,0,0,73
02/26/2005,MBS,MI,AGL,CE,Combined TRACON& Tower with Radar,33,8,34,0,75,0,0,44,0,44,33,8,78,0,119,74,0,74,193
02/27/2005,MBS,MI,AGL,CE,Combined TRACON& Tower with Radar,27,11,27,0,65,0,0,35,0,35,27,11,62,0,100,54,0,54,154
02/28/2005,MBS,MI,AGL,CE,Combined TRACON& Tower with Radar,30,14,13,0,57,0,0,0,0,0,30,14,13,0,57,0,0,0,57
03/01/2005,MBS,MI,AGL,CE,Combined TRACON& Tower with Radar,24,17,11,0,52,0,0,0,0,0,24,17,11,0,52,0,0,0,52
03/02/2005,MBS,MI,AGL,CE,Combined TRACON& Tower with Radar,37,18,17,0,72,0,0,3,0,3,37,18,20,0,75,10,0,10,85
03/03/2005,MBS,MI,AGL,CE,Combined TRACON& Tower with Radar,36,11,25,0,72,0,1,36,0,37,36,12,61,0,109,44,0,44,153
03/04/2005,MBS,MI,AGL,CE,Combined TRACON& Tower with Radar,38,12,8,0,58,0,0,14,0,14,38,12,22,0,72,4,0,4,76
03/05/2005,MBS,MI,AGL,CE,Combined TRACON& Tower with Radar,28,11,24,0,63,0,0,23,0,23,28,11,47,0,86,48,0,48,134
03/06/2005,MBS,MI,AGL,CE,Combined TRACON& Tower with Radar,28,2,27,0,57,0,0,4,0,4,28,2,31,0,61,28,0,28,89
03/07/2005,MBS,MI,AGL,CE,Combined TRACON& Tower with Radar,26,23,13,0,62,0,0,2,0,2,26,23,15,0,64,4,0,4,68
03/08/2005,MBS,MI,AGL,CE,Combined TRACON& Tower with Radar,33,14,12,2,61,0,4,40,0,44,33,18,52,2,105,34,0,34,139
03/09/2005,MBS,MI,AGL,CE,Combined TRACON& Tower with Radar,32,13,28,0,73,0,1,5,0,6,32,14,33,0,79,0,0,0,79
03/10/2005,MBS,MI,AGL,CE,Combined TRACON& Tower with Radar,32,17,35,0,84,0,0,57,0,57,32,17,92,0,141,138,0,138,279
03/11/2005,MBS,MI,AGL,CE,Combined TRACON& Tower with Radar,37,10,12,0,59,0,2,6,0,8,37,12,18,0,67,14,0,14,81
03/12/2005,MBS,MI,AGL,CE,Combined TRACON& Tower with Radar,39,6,18,0,63,0,0,5,0,5,39,6,23,0,68,34,0,34,102
03/13/2005,MBS,MI,AGL,CE,Combined TRACON& Tower with Radar,28,5,30,0,63,0,0,75,0,75,28,5,105,0,138,62,0,62,200
03/14/2005,MBS,MI,AGL,CE,Combined TRACON& Tower with Radar,28,15,22,0,65,0,2,28,0,30,28,17,50,0,95,24,0,24,119
03/15/2005,MBS,MI,AGL,CE,Combined TRACON& Tower with Radar,30,13,42,8,93,0,3,47,0,50,30,16,89,8,143,66,0,66,209
03/16/2005,MBS,MI,AGL,CE,Combined TRACON& Tower with Radar,33,17,25,13,88,0,4,7,0,11,33,21,32,13,99,26,6,32,131
03/17/2005,MBS,MI,AGL,CE,Combined TRACON& Tower with Radar,35,13,30,4,82,0,0,23,0,23,35,13,53,4,105,74,0,74,179
03/18/2005,MBS,MI,AGL,CE,Combined TRACON& Tower with Radar,31,14,23,2,70,0,0,4,0,4,31,14,27,2,74,14,0,14,88
03/19/2005,MBS,MI,AGL,CE,Combined TRACON& Tower with Radar,29,9,17,0,55,0,0,5,0,5,29,9,22,0,60,6,0,6,66
03/20/2005,MBS,MI,AGL,CE,Combined TRACON& Tower with Radar,25,11,6,0,42,0,0,0,0,0,25,11,6,0,42,8,0,8,50
03/21/2005,MBS,MI,AGL,CE,Combined TRACON& Tower with Radar,37,6,44,0,87,0,3,60,0,63,37,9,104,0,150,98,0,98,248
03/22/2005,MBS,MI,AGL,CE,Combined TRACON& Tower with Radar,32,15,36,2,85,0,2,24,0,26,32,17,60,2,111,16,4,20,131
03/23/2005,MBS,MI,AGL,CE,Combined TRACON& Tower with Radar,40,19,74,0,133,0,0,5,0,5,40,19,79,0,138,40,0,40,178
03/24/2005,MBS,MI,AGL,CE,Combined TRACON& Tower with Radar,35,20,24,0,79,0,1,47,0,48,35,21,71,0,127,82,0,82,209
03/25/2005,MBS,MI,AGL,CE,Combined TRACON& Tower with Radar,28,10,24,0,62,0,0,22,0,22,28,10,46,0,84,110,0,110,194
03/26/2005,MBS,MI,AGL,CE,Combined TRACON& Tower with Radar,30,5,50,0,85,0,0,65,0,65,30,5,115,0,150,220,0,220,370
03/27/2005,MBS,MI,AGL,CE,Combined TRACON& Tower with Radar,29,4,5,0,38,0,0,103,0,103,29,4,108,0,141,84,0,84,225
03/28/2005,MBS,MI,AGL,CE,Combined TRACON& Tower with Radar,35,23,37,0,95,0,0,45,0,45,35,23,82,0,140,44,0,44,184
03/29/2005,MBS,MI,AGL,CE,Combined TRACON& Tower with Radar,34,17,47,0,98,0,6,39,0,45,34,23,86,0,143,56,0,56,199
03/30/2005,MBS,MI,AGL,CE,Combined TRACON& Tower with Radar,34,17,21,1,73,0,2,28,0,30,34,19,49,1,103,36,0,36,139
03/31/2005,MBS,MI,AGL,CE,Combined TRACON& Tower with Radar,30,10,20,0,60,0,1,3,0,4,30,11,23,0,64,2,0,2,66
04/01/2005,MBS,MI,AGL,CE,Combined TRACON& Tower with Radar,35,17,23,2,77,0,0,15,3,18,35,17,38,5,95,54,0,54,149
04/02/2005,MBS,MI,AGL,CE,Combined TRACON& Tower with Radar,38,7,5,2,52,0,1,5,0,6,38,8,10,2,58,12,0,12,70
04/03/2005,MBS,MI,AGL,CE,Combined TRACON& Tower with Radar,27,17,11,0,55,0,0,22,0,22,27,17,33,0,77,24,0,24,101
04/04/2005,MBS,MI,AGL,CE,Combined TRACON& Tower with Radar,34,25,26,0,85,0,3,49,0,52,34,28,75,0,137,78,0,78,215
04/05/2005,MBS,MI,AGL,CE,Combined TRACON& Tower with Radar,35,15,20,0,70,0,5,39,0,44,35,20,59,0,114,36,0,36,150
04/06/2005,MBS,MI,AGL,CE,Combined TRACON& Tower with Radar,38,20,18,0,76,0,0,11,0,11,38,20,29,0,87,28,0,28,115
04/07/2005,MBS,MI,AGL,CE,Combined TRACON& Tower with Radar,33,12,42,0,87,0,3,11,0,14,33,15,53,0,101,38,0,38,139
04/08/2005,MBS,MI,AGL,CE,Combined TRACON& Tower with Radar,32,18,34,0,84,0,0,62,0,62,32,18,96,0,146,142,0,142,288
04/09/2005,MBS,MI,AGL,CE,Combined TRACON& Tower with Radar,53,20,33,0,106,0,0,96,0,96,53,20,129,0,202,184,0,184,386
04/10/2005,MBS,MI,AGL,CE,Combined TRACON& Tower with Radar,35,4,32,0,71,0,0,72,0,72,35,4,104,0,143,90,0,90,233
04/11/2005,MBS,MI,AGL,CE,Combined TRACON& Tower with Radar,48,11,75,0,134,0,2,42,0,44,48,13,117,0,178,48,0,48,226
04/12/2005,MBS,MI,AGL,CE,Combined TRACON& Tower with Radar,43,19,37,0,99,0,5,32,0,37,43,24,69,0,136,44,0,44,180
04/13/2005,MBS,MI,AGL,CE,Combined TRACON& Tower with Radar,31,19,33,0,83,0,5,29,0,34,31,24,62,0,117,32,0,32,149
04/14/2005,MBS,MI,AGL,CE,Combined TRACON& Tower with Radar,30,20,38,0,88,0,0,31,1,32,30,20,69,1,120,26,0,26,146
04/15/2005,MBS,MI,AGL,CE,Combined TRACON& Tower with Radar,28,16,25,0,69,0,0,25,0,25,28,16,50,0,94,42,0,42,136
04/16/2005,MBS,MI,AGL,CE,Combined TRACON& Tower with Radar,44,6,28,0,78,0,0,45,0,45,44,6,73,0,123,108,0,108,231
04/17/2005,MBS,MI,AGL,CE,Combined TRACON& Tower with Radar,35,2,27,0,64,0,0,48,0,48,35,2,75,0,112,166,0,166,278
04/18/2005,MBS,MI,AGL,CE,Combined TRACON& Tower with Radar,41,16,47,0,104,0,0,20,0,20,41,16,67,0,124,100,0,100,224
04/19/2005,MBS,MI,AGL,CE,Combined TRACON& Tower with Radar,47,20,84,0,151,0,6,42,0,48,47,26,126,0,199,118,0,118,317
04/20/2005,MBS,MI,AGL,CE,Combined TRACON& Tower with Radar,27,16,60,0,103,0,3,7,0,10,27,19,67,0,113,26,0,26,139
04/21/2005,MBS,MI,AGL,CE,Combined TRACON& Tower with Radar,33,12,47,1,93,0,2,66,0,68,33,14,113,1,161,100,0,100,261
04/22/2005,MBS,MI,AGL,CE,Combined TRACON& Tower with Radar,32,12,26,0,70,0,0,5,0,5,32,12,31,0,75,20,0,20,95
04/23/2005,MBS,MI,AGL,CE,Combined TRACON& Tower with Radar,43,10,17,0,70,0,0,1,0,1,43,10,18,0,71,0,0,0,71
04/24/2005,MBS,MI,AGL,CE,Combined TRACON& Tower with Radar,34,2,11,0,47,0,0,0,0,0,34,2,11,0,47,0,0,0,47
04/25/2005,MBS,MI,AGL,CE,Combined TRACON& Tower with Radar,35,15,45,1,96,0,2,10,0,12,35,17,55,1,108,14,0,14,122
04/26/2005,MBS,MI,AGL,CE,Combined TRACON& Tower with Radar,30,15,65,0,110,0,2,27,0,29,30,17,92,0,139,64,0,64,203
04/27/2005,MBS,MI,AGL,CE,Combined TRACON& Tower with Radar,33,18,52,0,103,0,0,39,0,39,33,18,91,0,142,66,0,66,208
04/28/2005,MBS,MI,AGL,CE,Combined TRACON& Tower with Radar,27,17,25,0,69,0,2,67,0,69,27,19,92,0,138,104,0,104,242
04/29/2005,MBS,MI,AGL,CE,Combined TRACON& Tower with Radar,29,29,17,0,75,0,4,56,0,60,29,33,73,0,135,94,0,94,229
04/30/2005,MBS,MI,AGL,CE,Combined TRACON& Tower with Radar,26,7,37,0,70,0,0,31,0,31,26,7,68,0,101,90,0,90,191
05/01/2005,MBS,MI,AGL,CE,Combined TRACON& Tower with Radar,33,3,17,0,53,0,0,22,0,22,33,3,39,0,75,86,0,86,161
05/02/2005,MBS,MI,AGL,CE,Combined TRACON& Tower with Radar,34,11,31,0,76,0,0,9,0,9,34,11,40,0,85,6,0,6,91
05/03/2005,MBS,MI,AGL,CE,Combined TRACON& Tower with Radar,37,14,37,0,88,0,4,31,0,35,37,18,68,0,123,42,0,42,165
05/04/2005,MBS,MI,AGL,CE,Combined TRACON& Tower with Radar,46,11,34,0,91,0,6,35,0,41,46,17,69,0,132,56,0,56,188
05/05/2005,MBS,MI,AGL,CE,Combined TRACON& Tower with Radar,38,11,52,0,101,0,1,45,0,46,38,12,97,0,147,94,0,94,241
05/06/2005,MBS,MI,AGL,CE,Combined TRACON& Tower with Radar,33,11,25,0,69,0,0,30,0,30,33,11,55,0,99,98,0,98,197
05/07/2005,MBS,MI,AGL,CE,Combined TRACON& Tower with Radar,38,10,9,0,57,0,0,9,0,9,38,10,18,0,66,36,0,36,102
05/08/2005,MBS,MI,AGL,CE,Combined TRACON& Tower with Radar,35,11,37,0,83,0,0,35,0,35,35,11,72,0,118,44,0,44,162
05/09/2005,MBS,MI,AGL,CE,Combined TRACON& Tower with Radar,35,10,32,4,81,0,2,26,0,28,35,12,58,4,109,56,0,56,165
05/10/2005,MBS,MI,AGL,CE,Combined TRACON& Tower with Radar,41,14,27,1,83,0,3,4,0,7,41,17,31,1,90,4,0,4,94
05/11/2005,MBS,MI,AGL,CE,Combined TRACON& Tower with Radar,38,26,54,0,118,0,3,9,0,12,38,29,63,0,130,36,0,36,166
05/12/2005,MBS,MI,AGL,CE,Combined TRACON& Tower with Radar,31,16,21,0,68,0,0,15,0,15,31,16,36,0,83,6,0,6,89
05/13/2005,MBS,MI,AGL,CE,Combined TRACON& Tower with Radar,32,13,30,0,75,0,0,9,0,9,32,13,39,0,84,52,0,52,136
05/14/2005,MBS,MI,AGL,CE,Combined TRACON& Tower with Radar,40,15,26,0,81,0,0,1,0,1,40,15,27,0,82,6,0,6,88
05/15/2005,MBS,MI,AGL,CE,Combined TRACON& Tower with Radar,39,10,28,0,77,0,1,21,0,22,39,11,49,0,99,38,0,38,137
05/16/2005,MBS,MI,AGL,CE,Combined TRACON& Tower with Radar,42,27,42,0,111,0,3,26,0,29,42,30,68,0,140,50,0,50,190
05/17/2005,MBS,MI,AGL,CE,Combined TRACON& Tower with Radar,41,31,53,11,136,0,8,75,0,83,41,39,128,11,219,82,24,106,325
05/18/2005,MBS,MI,AGL,CE,Combined TRACON& Tower with Radar,35,17,34,0,86,0,6,43,0,49,35,23,77,0,135,72,0,72,207
05/19/2005,MBS,MI,AGL,CE,Combined TRACON& Tower with Radar,38,11,37,0,86,0,0,10,0,10,38,11,47,0,96,76,0,76,172
05/20/2005,MBS,MI,AGL,CE,Combined TRACON& Tower with Radar,39,14,48,0,101,0,0,45,0,45,39,14,93,0,146,26,0,26,172
05/21/2005,MBS,MI,AGL,CE,Combined TRACON& Tower with Radar,35,10,33,0,78,0,0,49,0,49,35,10,82,0,127,100,0,100,227
05/22/2005,MBS,MI,AGL,CE,Combined TRACON& Tower with Radar,29,0,18,0,47,0,0,23,0,23,29,0,41,0,70,86,0,86,156
05/23/2005,MBS,MI,AGL,CE,Combined TRACON& Tower with Radar,40,23,43,0,106,0,1,4,0,5,40,24,47,0,111,26,0,26,137
05/24/2005,MBS,MI,AGL,CE,Combined TRACON& Tower with Radar,34,6,37,0,77,0,6,16,0,22,34,12,53,0,99,42,0,42,141
05/25/2005,MBS,MI,AGL,CE,Combined TRACON& Tower with Radar,35,17,62,0,114,0,0,52,0,52,35,17,114,0,166,118,0,118,284
05/26/2005,MBS,MI,AGL,CE,Combined TRACON& Tower with Radar,40,13,39,2,94,0,3,21,0,24,40,16,60,2,118,112,0,112,230
05/27/2005,MBS,MI,AGL,CE,Combined TRACON& Tower with Radar,38,11,37,0,86,0,0,24,0,24,38,11,61,0,110,110,0,110,220
05/28/2005,MBS,MI,AGL,CE,Combined TRACON& Tower with Radar,28,8,33,0,69,0,0,8,0,8,28,8,41,0,77,44,0,44,121
05/29/2005,MBS,MI,AGL,CE,Combined TRACON& Tower with Radar,19,1,11,0,31,0,3,24,0,27,19,4,35,0,58,128,0,128,186
05/30/2005,MBS,MI,AGL,CE,Combined TRACON& Tower with Radar,30,6,46,0,82,0,0,35,0,35,30,6,81,0,117,60,0,60,177
05/31/2005,MBS,MI,AGL,CE,Combined TRACON& Tower with Radar,33,7,40,0,80,0,5,40,0,45,33,12,80,0,125,60,0,60,185
06/01/2005,MBS,MI,AGL,CE,Combined TRACON& Tower with Radar,31,24,34,0,89,0,2,60,0,62,31,26,94,0,151,108,0,108,259
06/02/2005,MBS,MI,AGL,CE,Combined TRACON& Tower with Radar,35,12,39,0,86,0,2,21,0,23,35,14,60,0,109,76,0,76,185
06/03/2005,MBS,MI,AGL,CE,Combined TRACON& Tower with Radar,33,9,40,0,82,0,0,27,0,27,33,9,67,0,109,108,0,108,217
06/04/2005,MBS,MI,AGL,CE,Combined TRACON& Tower with Radar,34,4,43,0,81,0,0,29,0,29,34,4,72,0,110,70,0,70,180
06/05/2005,MBS,MI,AGL,CE,Combined TRACON& Tower with Radar,32,0,24,0,56,0,0,18,0,18,32,0,42,0,74,8,0,8,82
06/06/2005,MBS,MI,AGL,CE,Combined TRACON& Tower with Radar,28,14,33,0,75,0,2,17,0,19,28,16,50,0,94,20,0,20,114
06/07/2005,MBS,MI,AGL,CE,Combined TRACON& Tower with Radar,37,12,46,0,95,0,6,32,0,38,37,18,78,0,133,70,0,70,203
06/08/2005,MBS,MI,AGL,CE,Combined TRACON& Tower with Radar,30,18,40,0,88,0,4,18,0,22,30,22,58,0,110,58,0,58,168
06/09/2005,MBS,MI,AGL,CE,Combined TRACON& Tower with Radar,25,9,34,0,68,0,0,17,0,17,25,9,51,0,85,52,0,52,137
06/10/2005,MBS,MI,AGL,CE,Combined TRACON& Tower with Radar,28,19,30,0,77,0,0,26,0,26,28,19,56,0,103,42,0,42,145
06/11/2005,MBS,MI,AGL,CE,Combined TRACON& Tower with Radar,32,6,21,0,59,0,0,8,0,8,32,6,29,0,67,56,0,56,123
06/12/2005,MBS,MI,AGL,CE,Combined TRACON& Tower with Radar,27,6,29,0,62,0,0,20,0,20,27,6,49,0,82,38,0,38,120
06/13/2005,MBS,MI,AGL,CE,Combined TRACON& Tower with Radar,30,25,17,0,72,0,2,8,0,10,30,27,25,0,82,32,0,32,114
06/14/2005,MBS,MI,AGL,CE,Combined TRACON& Tower with Radar,32,8,25,0,65,0,3,32,0,35,32,11,57,0,100,58,0,58,158
06/15/2005,MBS,MI,AGL,CE,Combined TRACON& Tower with Radar,28,17,38,0,83,0,0,0,0,0,28,17,38,0,83,38,0,38,121
06/16/2005,MBS,MI,AGL,CE,Combined TRACON& Tower with Radar,32,14,33,0,79,0,2,32,0,34,32,16,65,0,113,64,0,64,177
06/17/2005,MBS,MI,AGL,CE,Combined TRACON& Tower with Radar,26,14,17,0,57,0,0,22,0,22,26,14,39,0,79,34,0,34,113
06/18/2005,MBS,MI,AGL,CE,Combined TRACON& Tower with Radar,32,8,34,0,74,0,0,46,0,46,32,8,80,0,120,134,0,134,254
06/19/2005,MBS,MI,AGL,CE,Combined TRACON& Tower with Radar,37,10,34,0,81,0,0,43,0,43,37,10,77,0,124,106,0,106,230
06/20/2005,MBS,MI,AGL,CE,Combined TRACON& Tower with Radar,34,8,47,0,89,0,2,64,0,66,34,10,111,0,155,52,0,52,207
06/21/2005,MBS,MI,AGL,CE,Combined TRACON& Tower with Radar,27,24,17,1,69,0,5,13,0,18,27,29,30,1,87,24,0,24,111
06/22/2005,MBS,MI,AGL,CE,Combined TRACON& Tower with Radar,26,14,32,0,72,0,1,35,0,36,26,15,67,0,108,50,0,50,158
06/23/2005,MBS,MI,AGL,CE,Combined TRACON& Tower with Radar,29,13,35,0,77,0,2,33,0,35,29,15,68,0,112,88,0,88,200
06/24/2005,MBS,MI,AGL,CE,Combined TRACON& Tower with Radar,29,21,22,0,72,0,0,26,0,26,29,21,48,0,98,106,0,106,204
06/25/2005,MBS,MI,AGL,CE,Combined TRACON& Tower with Radar,37,12,15,0,64,0,0,24,0,24,37,12,39,0,88,42,0,42,130
06/26/2005,MBS,MI,AGL,CE,Combined TRACON& Tower with Radar,38,8,47,0,93,0,0,23,0,23,38,8,70,0,116,52,0,52,168
06/27/2005,MBS,MI,AGL,CE,Combined TRACON& Tower with Radar,29,15,33,0,77,0,0,33,0,33,29,15,66,0,110,20,0,20,130
06/28/2005,MBS,MI,AGL,CE,Combined TRACON& Tower with Radar,31,17,34,0,82,0,1,29,0,30,31,18,63,0,112,18,0,18,130
06/29/2005,MBS,MI,AGL,CE,Combined TRACON& Tower with Radar,33,20,37,0,90,0,1,30,2,33,33,21,67,2,123,62,0,62,185
06/30/2005,MBS,MI,AGL,CE,Combined TRACON& Tower with Radar,31,19,43,0,93,0,0,17,0,17,31,19,60,0,110,30,0,30,140
07/01/2005,MBS,MI,AGL,CE,Combined TRACON& Tower with Radar,29,15,26,0,70,0,0,32,0,32,29,15,58,0,102,82,0,82,184
07/02/2005,MBS,MI,AGL,CE,Combined TRACON& Tower with Radar,29,10,19,0,58,0,0,27,0,27,29,10,46,0,85,120,0,120,205
07/03/2005,MBS,MI,AGL,CE,Combined TRACON& Tower with Radar,18,1,14,0,33,0,0,27,0,27,18,1,41,0,60,60,0,60,120
07/04/2005,MBS,MI,AGL,CE,Combined TRACON& Tower with Radar,22,4,24,0,50,0,0,21,0,21,22,4,45,0,71,32,0,32,103
07/05/2005,MBS,MI,AGL,CE,Combined TRACON& Tower with Radar,24,14,26,0,64,0,0,5,0,5,24,14,31,0,69,2,0,2,71
07/06/2005,MBS,MI,AGL,CE,Combined TRACON& Tower with Radar,31,12,27,0,70,0,0,37,0,37,31,12,64,0,107,126,0,126,233
07/07/2005,MBS,MI,AGL,CE,Combined TRACON& Tower with Radar,26,9,39,0,74,0,1,36,0,37,26,10,75,0,111,118,0,118,229
07/08/2005,MBS,MI,AGL,CE,Combined TRACON& Tower with Radar,26,11,8,0,45,0,0,27,0,27,26,11,35,0,72,148,0,148,220
07/09/2005,MBS,MI,AGL,CE,Combined TRACON& Tower with Radar,25,8,17,0,50,0,0,36,0,36,25,8,53,0,86,80,0,80,166
07/10/2005,MBS,MI,AGL,CE,Combined TRACON& Tower with Radar,30,5,15,0,50,0,0,37,0,37,30,5,52,0,87,30,0,30,117
07/11/2005,MBS,MI,AGL,CE,Combined TRACON& Tower with Radar,28,10,25,0,63,0,2,33,0,35,28,12,58,0,98,34,0,34,132
07/12/2005,MBS,MI,AGL,CE,Combined TRACON& Tower with Radar,23,15,36,0,74,0,4,44,0,48,23,19,80,0,122,98,0,98,220
07/13/2005,MBS,MI,AGL,CE,Combined TRACON& Tower with Radar,25,15,23,0,63,0,1,21,0,22,25,16,44,0,85,22,0,22,107
07/14/2005,MBS,MI,AGL,CE,Combined TRACON& Tower with Radar,41,14,22,0,77,0,4,29,0,33,41,18,51,0,110,131,0,131,241
07/15/2005,MBS,MI,AGL,CE,Combined TRACON& Tower with Radar,30,17,32,0,79,0,0,13,0,13,30,17,45,0,92,64,0,64,156
07/16/2005,MBS,MI,AGL,CE,Combined TRACON& Tower with Radar,26,15,8,1,50,0,0,2,0,2,26,15,10,1,52,6,0,6,58
07/17/2005,MBS,MI,AGL,CE,Combined TRACON& Tower with Radar,23,4,24,0,51,0,1,13,1,15,23,5,37,1,66,68,0,68,134
07/18/2005,MBS,MI,AGL,CE,Combined TRACON& Tower with Radar,30,16,37,0,83,0,2,15,0,17,30,18,52,0,100,12,0,12,112
07/19/2005,MBS,MI,AGL,CE,Combined TRACON& Tower with Radar,26,13,31,0,70,0,3,60,0,63,26,16,91,0,133,32,0,32,165
07/20/2005,MBS,MI,AGL,CE,Combined TRACON& Tower with Radar,26,26,39,0,91,0,0,37,0,37,26,26,76,0,128,72,0,72,200
07/21/2005,MBS,MI,AGL,CE,Combined TRACON& Tower with Radar,28,12,42,0,82,0,1,27,0,28,28,13,69,0,110,52,0,52,162
07/22/2005,MBS,MI,AGL,CE,Combined TRACON& Tower with Radar,25,15,25,0,65,0,0,24,0,24,25,15,49,0,89,52,0,52,141
07/23/2005,MBS,MI,AGL,CE,Combined TRACON& Tower with Radar,38,15,24,0,77,0,0,47,0,47,38,15,71,0,124,99,0,99,223
07/24/2005,MBS,MI,AGL,CE,Combined TRACON& Tower with Radar,23,6,19,0,48,0,0,9,0,9,23,6,28,0,57,32,0,32,89
07/25/2005,MBS,MI,AGL,CE,Combined TRACON& Tower with Radar,26,10,46,0,82,0,1,40,0,41,26,11,86,0,123,50,0,50,173
07/26/2005,MBS,MI,AGL,CE,Combined TRACON& Tower with Radar,28,21,29,1,79,0,2,9,0,11,28,23,38,1,90,0,0,0,90
07/27/2005,MBS,MI,AGL,CE,Combined TRACON& Tower with Radar,29,19,33,0,81,0,3,36,0,39,29,22,69,0,120,44,0,44,164
07/28/2005,MBS,MI,AGL,CE,Combined TRACON& Tower with Radar,26,14,55,0,95,0,0,54,0,54,26,14,109,0,149,94,0,94,243
07/29/2005,MBS,MI,AGL,CE,Combined TRACON& Tower with Radar,31,18,28,0,77,0,0,51,0,51,31,18,79,0,128,80,0,80,208
07/30/2005,MBS,MI,AGL,CE,Combined TRACON& Tower with Radar,27,13,24,0,64,0,0,57,0,57,27,13,81,0,121,108,0,108,229
07/31/2005,MBS,MI,AGL,CE,Combined TRACON& Tower with Radar,31,6,25,0,62,0,0,48,0,48,31,6,73,0,110,32,0,32,142
08/01/2005,MBS,MI,AGL,CE,Combined TRACON& Tower with Radar,31,14,39,0,84,0,2,22,0,24,31,16,61,0,108,82,0,82,190
08/02/2005,MBS,MI,AGL,CE,Combined TRACON& Tower with Radar,30,14,21,0,65,0,5,15,0,20,30,19,36,0,85,6,0,6,91
08/03/2005,MBS,MI,AGL,CE,Combined TRACON& Tower with Radar,29,14,34,5,82,0,1,24,1,26,29,15,58,6,108,28,0,28,136
08/04/2005,MBS,MI,AGL,CE,Combined TRACON& Tower with Radar,30,11,25,0,66,0,0,1,0,1,30,11,26,0,67,54,0,54,121
08/05/2005,MBS,MI,AGL,CE,Combined TRACON& Tower with Radar,25,16,34,0,75,0,0,35,0,35,25,16,69,0,110,22,0,22,132
08/06/2005,MBS,MI,AGL,CE,Combined TRACON& Tower with Radar,33,10,19,0,62,0,0,60,0,60,33,10,79,0,122,134,0,134,256
08/07/2005,MBS,MI,AGL,CE,Combined TRACON& Tower with Radar,27,7,17,0,51,0,0,22,0,22,27,7,39,0,73,10,0,10,83
08/08/2005,MBS,MI,AGL,CE,Combined TRACON& Tower with Radar,38,10,42,0,90,0,0,66,0,66,38,10,108,0,156,58,0,58,214
08/09/2005,MBS,MI,AGL,CE,Combined TRACON& Tower with Radar,33,18,19,0,70,0,3,23,0,26,33,21,42,0,96,12,0,12,108
08/10/2005,MBS,MI,AGL,CE,Combined TRACON& Tower with Radar,25,14,36,0,75,0,0,31,0,31,25,14,67,0,106,46,0,46,152
08/11/2005,MBS,MI,AGL,CE,Combined TRACON& Tower with Radar,27,13,36,0,76,0,1,20,0,21,27,14,56,0,97,54,0,54,151
08/12/2005,MBS,MI,AGL,CE,Combined TRACON& Tower with Radar,31,27,29,0,87,0,0,9,0,9,31,27,38,0,96,56,0,56,152
08/13/2005,MBS,MI,AGL,CE,Combined TRACON& Tower with Radar,31,6,17,0,54,0,2,11,0,13,31,8,28,0,67,14,0,14,81
08/14/2005,MBS,MI,AGL,CE,Combined TRACON& Tower with Radar,32,9,49,0,90,0,0,29,0,29,32,9,78,0,119,34,0,34,153
08/15/2005,MBS,MI,AGL,CE,Combined TRACON& Tower with Radar,34,9,18,0,61,0,2,15,0,17,34,11,33,0,78,6,0,6,84
08/16/2005,MBS,MI,AGL,CE,Combined TRACON& Tower with Radar,30,13,20,0,63,0,4,30,0,34,30,17,50,0,97,26,0,26,123
08/17/2005,MBS,MI,AGL,CE,Combined TRACON& Tower with Radar,27,17,20,0,64,0,3,21,0,24,27,20,41,0,88,92,0,92,180
08/18/2005,MBS,MI,AGL,CE,Combined TRACON& Tower with Radar,25,13,21,0,59,0,2,14,0,16,25,15,35,0,75,64,0,64,139
08/19/2005,MBS,MI,AGL,CE,Combined TRACON& Tower with Radar,27,11,32,0,70,0,0,13,0,13,27,11,45,0,83,122,0,122,205
08/20/2005,MBS,MI,AGL,CE,Combined TRACON& Tower with Radar,17,7,11,0,35,0,0,4,0,4,17,7,15,0,39,36,0,36,75
08/21/2005,MBS,MI,AGL,CE,Combined TRACON& Tower with Radar,29,1,27,0,57,0,0,25,0,25,29,1,52,0,82,82,0,82,164
08/22/2005,MBS,MI,AGL,CE,Combined TRACON& Tower with Radar,32,9,38,0,79,0,2,22,0,24,32,11,60,0,103,18,0,18,121
08/23/2005,MBS,MI,AGL,CE,Combined TRACON& Tower with Radar,25,13,37,0,75,0,3,24,0,27,25,16,61,0,102,22,0,22,124
08/24/2005,MBS,MI,AGL,CE,Combined TRACON& Tower with Radar,32,19,55,0,106,0,5,33,0,38,32,24,88,0,144,52,0,52,196
08/25/2005,MBS,MI,AGL,CE,Combined TRACON& Tower with Radar,27,17,11,4,59,0,1,24,0,25,27,18,35,4,84,106,2,108,192
08/26/2005,MBS,MI,AGL,CE,Combined TRACON& Tower with Radar,31,22,41,0,94,0,0,16,0,16,31,22,57,0,110,70,0,70,180
08/27/2005,MBS,MI,AGL,CE,Combined TRACON& Tower with Radar,19,9,8,0,36,0,2,23,0,25,19,11,31,0,61,22,0,22,83
08/28/2005,MBS,MI,AGL,CE,Combined TRACON& Tower with Radar,27,2,27,0,56,0,0,31,0,31,27,2,58,0,87,100,0,100,187
08/29/2005,MBS,MI,AGL,CE,Combined TRACON& Tower with Radar,33,20,43,0,96,0,4,52,0,56,33,24,95,0,152,116,0,116,268
08/30/2005,MBS,MI,AGL,CE,Combined TRACON& Tower with Radar,30,11,22,0,63,0,0,38,0,38,30,11,60,0,101,20,0,20,121
08/31/2005,MBS,MI,AGL,CE,Combined TRACON& Tower with Radar,28,21,35,0,84,0,1,21,1,23,28,22,56,1,107,56,0,56,163
09/01/2005,MBS,MI,AGL,CE,Combined TRACON& Tower with Radar,33,24,33,0,90,0,0,26,0,26,33,24,59,0,116,106,0,106,222
09/02/2005,MBS,MI,AGL,CE,Combined TRACON& Tower with Radar,26,23,19,0,68,0,0,25,0,25,26,23,44,0,93,18,0,18,111
09/03/2005,MBS,MI,AGL,CE,Combined TRACON& Tower with Radar,18,6,9,0,33,0,0,44,0,44,18,6,53,0,77,100,0,100,177
09/04/2005,MBS,MI,AGL,CE,Combined TRACON& Tower with Radar,15,2,16,0,33,0,0,15,0,15,15,2,31,0,48,66,0,66,114
09/05/2005,MBS,MI,AGL,CE,Combined TRACON& Tower with Radar,24,1,30,0,55,0,0,41,0,41,24,1,71,0,96,48,0,48,144
09/06/2005,MBS,MI,AGL,CE,Combined TRACON& Tower with Radar,27,17,40,0,84,0,3,21,0,24,27,20,61,0,108,6,0,6,114
09/07/2005,MBS,MI,AGL,CE,Combined TRACON& Tower with Radar,29,15,35,0,79,0,0,14,0,14,29,15,49,0,93,66,0,66,159
09/08/2005,MBS,MI,AGL,CE,Combined TRACON& Tower with Radar,31,26,42,1,100,0,0,25,1,26,31,26,67,2,126,38,2,40,166
09/09/2005,MBS,MI,AGL,CE,Combined TRACON& Tower with Radar,30,21,32,0,83,0,0,41,0,41,30,21,73,0,124,46,0,46,170
09/10/2005,MBS,MI,AGL,CE,Combined TRACON& Tower with Radar,33,11,24,0,68,0,0,27,0,27,33,11,51,0,95,92,0,92,187
09/11/2005,MBS,MI,AGL,CE,Combined TRACON& Tower with Radar,25,7,27,0,59,0,0,45,0,45,25,7,72,0,104,48,0,48,152
09/12/2005,MBS,MI,AGL,CE,Combined TRACON& Tower with Radar,29,8,31,0,68,0,2,38,0,40,29,10,69,0,108,60,0,60,168
09/13/2005,MBS,MI,AGL,CE,Combined TRACON& Tower with Radar,27,9,30,0,66,0,3,14,0,17,27,12,44,0,83,60,0,60,143
09/14/2005,MBS,MI,AGL,CE,Combined TRACON& Tower with Radar,27,14,22,0,63,0,1,5,0,6,27,15,27,0,69,0,0,0,69
09/15/2005,MBS,MI,AGL,CE,Combined TRACON& Tower with Radar,35,7,33,0,75,0,2,19,1,22,35,9,52,1,97,32,0,32,129
09/16/2005,MBS,MI,AGL,CE,Combined TRACON& Tower with Radar,29,15,34,0,78,0,0,5,0,5,29,15,39,0,83,4,0,4,87
09/17/2005,MBS,MI,AGL,CE,Combined TRACON& Tower with Radar,18,6,53,0,77,0,1,34,0,35,18,7,87,0,112,90,0,90,202
09/18/2005,MBS,MI,AGL,CE,Combined TRACON& Tower with Radar,27,5,40,0,72,0,2,62,0,64,27,7,102,0,136,90,0,90,226
09/19/2005,MBS,MI,AGL,CE,Combined TRACON& Tower with Radar,29,8,31,0,68,0,3,16,0,19,29,11,47,0,87,26,0,26,113
09/20/2005,MBS,MI,AGL,CE,Combined TRACON& Tower with Radar,31,1,34,2,68,0,3,25,0,28,31,4,59,2,96,20,0,20,116
09/21/2005,MBS,MI,AGL,CE,Combined TRACON& Tower with Radar,30,16,46,0,92,0,4,34,0,38,30,20,80,0,130,50,0,50,180
09/22/2005,MBS,MI,AGL,CE,Combined TRACON& Tower with Radar,33,8,34,0,75,0,0,6,0,6,33,8,40,0,81,12,0,12,93
09/23/2005,MBS,MI,AGL,CE,Combined TRACON& Tower with Radar,37,15,38,5,95,0,0,47,0,47,37,15,85,5,142,42,0,42,184
09/24/2005,MBS,MI,AGL,CE,Combined TRACON& Tower with Radar,19,10,23,0,52,0,0,61,0,61,19,10,84,0,113,78,0,78,191
09/25/2005,MBS,MI,AGL,CE,Combined TRACON& Tower with Radar,28,7,21,0,56,0,0,0,0,0,28,7,21,0,56,0,0,0,56
09/26/2005,MBS,MI,AGL,CE,Combined TRACON& Tower with Radar,34,19,55,0,108,0,2,6,0,8,34,21,61,0,116,36,0,36,152
09/27/2005,MBS,MI,AGL,CE,Combined TRACON& Tower with Radar,37,15,63,0,115,0,7,41,0,48,37,22,104,0,163,72,0,72,235
09/28/2005,MBS,MI,AGL,CE,Combined TRACON& Tower with Radar,29,14,38,0,81,0,0,33,0,33,29,14,71,0,114,52,0,52,166
09/29/2005,MBS,MI,AGL,CE,Combined TRACON& Tower with Radar,30,14,22,0,66,0,1,21,0,22,30,15,43,0,88,22,10,32,120
09/30/2005,MBS,MI,AGL,CE,Combined TRACON& Tower with Radar,26,13,22,0,61,0,0,34,0,34,26,13,56,0,95,68,0,68,163
10/01/2005,MBS,MI,AGL,CE,Combined TRACON& Tower with Radar,17,6,13,0,36,0,0,46,0,46,17,6,59,0,82,70,0,70,152
10/02/2005,MBS,MI,AGL,CE,Combined TRACON& Tower with Radar,17,7,18,0,42,0,0,61,0,61,17,7,79,0,103,114,0,114,217
10/03/2005,MBS,MI,AGL,CE,Combined TRACON& Tower with Radar,26,4,26,0,56,0,2,12,0,14,26,6,38,0,70,24,0,24,94
10/04/2005,MBS,MI,AGL,CE,Combined TRACON& Tower with Radar,32,8,34,3,77,0,4,31,0,35,32,12,65,3,112,62,0,62,174
10/05/2005,MBS,MI,AGL,CE,Combined TRACON& Tower with Radar,31,15,34,0,80,0,3,34,0,37,31,18,68,0,117,2,0,2,119
10/06/2005,MBS,MI,AGL,CE,Combined TRACON& Tower with Radar,35,9,25,0,69,0,1,16,0,17,35,10,41,0,86,36,0,36,122
10/07/2005,MBS,MI,AGL,CE,Combined TRACON& Tower with Radar,26,18,29,0,73,0,0,14,0,14,26,18,43,0,87,46,0,46,133
10/08/2005,MBS,MI,AGL,CE,Combined TRACON& Tower with Radar,22,10,37,0,69,0,0,16,0,16,22,10,53,0,85,16,0,16,101
10/09/2005,MBS,MI,AGL,CE,Combined TRACON& Tower with Radar,22,2,20,0,44,0,0,65,0,65,22,2,85,0,109,176,0,176,285
10/10/2005,MBS,MI,AGL,CE,Combined TRACON& Tower with Radar,25,7,13,0,45,0,2,7,0,9,25,9,20,0,54,10,0,10,64
10/11/2005,MBS,MI,AGL,CE,Combined TRACON& Tower with Radar,30,12,40,0,82,0,2,3,0,5,30,14,43,0,87,12,0,12,99
10/12/2005,MBS,MI,AGL,CE,Combined TRACON& Tower with Radar,39,4,10,0,53,0,1,1,0,2,39,5,11,0,55,2,0,2,57
10/13/2005,MBS,MI,AGL,CE,Combined TRACON& Tower with Radar,30,8,25,0,63,0,2,8,0,10,30,10,33,0,73,14,0,14,87
10/14/2005,MBS,MI,AGL,CE,Combined TRACON& Tower with Radar,25,10,16,0,51,0,0,20,0,20,25,10,36,0,71,80,0,80,151
10/15/2005,MBS,MI,AGL,CE,Combined TRACON& Tower with Radar,17,5,15,0,37,0,0,14,0,14,17,5,29,0,51,22,0,22,73
10/16/2005,MBS,MI,AGL,CE,Combined TRACON& Tower with Radar,24,10,17,0,51,0,0,18,0,18,24,10,35,0,69,64,0,64,133
10/17/2005,MBS,MI,AGL,CE,Combined TRACON& Tower with Radar,25,18,24,0,67,0,2,12,0,14,25,20,36,0,81,20,0,20,101
10/18/2005,MBS,MI,AGL,CE,Combined TRACON& Tower with Radar,27,11,34,0,72,0,4,22,0,26,27,15,56,0,98,6,0,6,104
10/19/2005,MBS,MI,AGL,CE,Combined TRACON& Tower with Radar,28,13,45,0,86,0,2,8,0,10,28,15,53,0,96,20,0,20,116
10/20/2005,MBS,MI,AGL,CE,Combined TRACON& Tower with Radar,31,21,28,0,80,0,1,17,0,18,31,22,45,0,98,22,0,22,120
10/21/2005,MBS,MI,AGL,CE,Combined TRACON& Tower with Radar,28,12,47,0,87,0,0,18,0,18,28,12,65,0,105,92,0,92,197
10/22/2005,MBS,MI,AGL,CE,Combined TRACON& Tower with Radar,18,5,18,0,41,0,0,12,0,12,18,5,30,0,53,82,0,82,135
10/23/2005,MBS,MI,AGL,CE,Combined TRACON& Tower with Radar,26,6,26,0,58,0,0,36,0,36,26,6,62,0,94,62,0,62,156
10/24/2005,MBS,MI,AGL,CE,Combined TRACON& Tower with Radar,28,12,29,0,69,0,0,2,0,2,28,12,31,0,71,10,0,10,81
10/25/2005,MBS,MI,AGL,CE,Combined TRACON& Tower with Radar,32,11,59,0,102,0,4,6,0,10,32,15,65,0,112,2,0,2,114
10/26/2005,MBS,MI,AGL,CE,Combined TRACON& Tower with Radar,26,11,46,0,83,0,4,26,0,30,26,15,72,0,113,20,0,20,133
10/27/2005,MBS,MI,AGL,CE,Combined TRACON& Tower with Radar,31,7,19,0,57,0,1,16,0,17,31,8,35,0,74,4,0,4,78
10/28/2005,MBS,MI,AGL,CE,Combined TRACON& Tower with Radar,25,14,26,0,65,0,4,21,0,25,25,18,47,0,90,52,0,52,142
10/29/2005,MBS,MI,AGL,CE,Combined TRACON& Tower with Radar,16,5,12,0,33,0,0,45,0,45,16,5,57,0,78,72,0,72,150
10/30/2005,MBS,MI,AGL,CE,Combined TRACON& Tower with Radar,22,4,25,0,51,0,0,23,0,23,22,4,48,0,74,56,0,56,130
10/31/2005,MBS,MI,AGL,CE,Combined TRACON& Tower with Radar,24,4,23,0,51,0,0,4,0,4,24,4,27,0,55,4,0,4,59
11/01/2005,MBS,MI,AGL,CE,Combined TRACON& Tower with Radar,25,7,35,0,67,0,2,8,0,10,25,9,43,0,77,22,0,22,99
11/02/2005,MBS,MI,AGL,CE,Combined TRACON& Tower with Radar,27,12,29,0,68,0,3,42,0,45,27,15,71,0,113,74,0,74,187
11/03/2005,MBS,MI,AGL,CE,Combined TRACON& Tower with Radar,30,12,19,0,61,0,1,19,0,20,30,13,38,0,81,4,0,4,85
11/04/2005,MBS,MI,AGL,CE,Combined TRACON& Tower with Radar,28,12,13,6,59,0,0,13,0,13,28,12,26,6,72,2,0,2,74
11/05/2005,MBS,MI,AGL,CE,Combined TRACON& Tower with Radar,18,7,33,0,58,0,1,2,0,3,18,8,35,0,61,18,0,18,79
11/06/2005,MBS,MI,AGL,CE,Combined TRACON& Tower with Radar,17,0,13,0,30,0,0,0,0,0,17,0,13,0,30,0,0,0,30
11/07/2005,MBS,MI,AGL,CE,Combined TRACON& Tower with Radar,24,10,24,0,58,0,1,20,0,21,24,11,44,0,79,18,0,18,97
11/08/2005,MBS,MI,AGL,CE,Combined TRACON& Tower with Radar,29,12,34,0,75,0,4,13,0,17,29,16,47,0,92,10,0,10,102
11/09/2005,MBS,MI,AGL,CE,Combined TRACON& Tower with Radar,23,5,32,0,60,1,4,1,0,6,24,9,33,0,66,0,0,0,66
11/10/2005,MBS,MI,AGL,CE,Combined TRACON& Tower with Radar,22,17,34,0,73,0,3,17,0,20,22,20,51,0,93,28,0,28,121
11/11/2005,MBS,MI,AGL,CE,Combined TRACON& Tower with Radar,26,10,27,0,63,0,0,40,0,40,26,10,67,0,103,66,0,66,169
11/12/2005,MBS,MI,AGL,CE,Combined TRACON& Tower with Radar,19,6,17,0,42,0,0,32,0,32,19,6,49,0,74,62,0,62,136
11/13/2005,MBS,MI,AGL,CE,Combined TRACON& Tower with Radar,21,0,16,0,37,0,0,1,0,1,21,0,17,0,38,0,0,0,38
11/14/2005,MBS,MI,AGL,CE,Combined TRACON& Tower with Radar,27,2,21,0,50,0,0,28,0,28,27,2,49,0,78,20,0,20,98
11/15/2005,MBS,MI,AGL,CE,Combined TRACON& Tower with Radar,22,9,22,0,53,0,0,0,0,0,22,9,22,0,53,6,0,6,59
11/16/2005,MBS,MI,AGL,CE,Combined TRACON& Tower with Radar,20,7,23,0,50,0,0,0,0,0,20,7,23,0,50,0,0,0,50
11/17/2005,MBS,MI,AGL,CE,Combined TRACON& Tower with Radar,29,11,30,0,70,0,2,2,0,4,29,13,32,0,74,0,0,0,74
11/18/2005,MBS,MI,AGL,CE,Combined TRACON& Tower with Radar,32,10,15,0,57,0,1,8,0,9,32,11,23,0,66,0,0,0,66
11/19/2005,MBS,MI,AGL,CE,Combined TRACON& Tower with Radar,17,6,9,0,32,0,0,14,0,14,17,6,23,0,46,92,0,92,138
11/20/2005,MBS,MI,AGL,CE,Combined TRACON& Tower with Radar,18,2,17,0,37,0,0,14,0,14,18,2,31,0,51,82,0,82,133
11/21/2005,MBS,MI,AGL,CE,Combined TRACON& Tower with Radar,27,26,26,0,79,0,1,5,0,6,27,27,31,0,85,34,0,34,119
11/22/2005,MBS,MI,AGL,CE,Combined TRACON& Tower with Radar,27,3,9,0,39,0,5,7,0,12,27,8,16,0,51,6,0,6,57
11/23/2005,MBS,MI,AGL,CE,Combined TRACON& Tower with Radar,26,4,24,0,54,0,0,0,0,0,26,4,24,0,54,12,0,12,66
11/24/2005,MBS,MI,AGL,CE,Combined TRACON& Tower with Radar,20,0,4,0,24,0,0,0,0,0,20,0,4,0,24,0,0,0,24
11/25/2005,MBS,MI,AGL,CE,Combined TRACON& Tower with Radar,21,5,16,0,42,0,0,16,0,16,21,5,32,0,58,40,0,40,98
11/26/2005,MBS,MI,AGL,CE,Combined TRACON& Tower with Radar,17,8,3,0,28,0,1,6,0,7,17,9,9,0,35,46,0,46,81
11/27/2005,MBS,MI,AGL,CE,Combined TRACON& Tower with Radar,21,5,15,0,41,0,0,0,0,0,21,5,15,0,41,2,0,2,43
11/28/2005,MBS,MI,AGL,CE,Combined TRACON& Tower with Radar,23,5,18,0,46,0,0,1,0,1,23,5,19,0,47,6,0,6,53
11/29/2005,MBS,MI,AGL,CE,Combined TRACON& Tower with Radar,30,15,25,0,70,0,2,8,0,10,30,17,33,0,80,22,0,22,102
11/30/2005,MBS,MI,AGL,CE,Combined TRACON& Tower with Radar,26,14,26,0,66,0,1,4,0,5,26,15,30,0,71,8,0,8,79
12/01/2005,MBS,MI,AGL,CE,Combined TRACON& Tower with Radar,26,15,15,0,56,0,0,2,0,2,26,15,17,0,58,2,0,2,60
12/02/2005,MBS,MI,AGL,CE,Combined TRACON& Tower with Radar,22,16,28,0,66,0,0,1,0,1,22,16,29,0,67,2,0,2,69
12/03/2005,MBS,MI,AGL,CE,Combined TRACON& Tower with Radar,18,16,40,1,75,0,5,74,0,79,18,21,114,1,154,118,4,122,276
12/04/2005,MBS,MI,AGL,CE,Combined TRACON& Tower with Radar,17,1,26,0,44,0,0,3,0,3,17,1,29,0,47,30,0,30,77
12/05/2005,MBS,MI,AGL,CE,Combined TRACON& Tower with Radar,25,3,25,0,53,0,1,6,0,7,25,4,31,0,60,16,0,16,76
12/06/2005,MBS,MI,AGL,CE,Combined TRACON& Tower with Radar,24,4,29,2,59,0,0,6,0,6,24,4,35,2,65,12,4,16,81
12/07/2005,MBS,MI,AGL,CE,Combined TRACON& Tower with Radar,21,5,26,0,52,0,1,19,0,20,21,6,45,0,72,32,0,32,104
12/08/2005,MBS,MI,AGL,CE,Combined TRACON& Tower with Radar,28,14,34,0,76,0,0,25,0,25,28,14,59,0,101,98,0,98,199
12/09/2005,MBS,MI,AGL,CE,Combined TRACON& Tower with Radar,22,9,24,0,55,0,1,13,0,14,22,10,37,0,69,6,0,6,75
12/10/2005,MBS,MI,AGL,CE,Combined TRACON& Tower with Radar,17,6,14,0,37,0,0,8,0,8,17,6,22,0,45,10,0,10,55
12/11/2005,MBS,MI,AGL,CE,Combined TRACON& Tower with Radar,17,1,6,0,24,0,0,1,0,1,17,1,7,0,25,0,0,0,25
12/12/2005,MBS,MI,AGL,CE,Combined TRACON& Tower with Radar,25,4,45,0,74,0,3,21,0,24,25,7,66,0,98,22,0,22,120
12/13/2005,MBS,MI,AGL,CE,Combined TRACON& Tower with Radar,27,5,25,5,62,0,2,9,0,11,27,7,34,5,73,14,2,16,89
12/14/2005,MBS,MI,AGL,CE,Combined TRACON& Tower with Radar,21,15,28,2,66,0,3,1,0,4,21,18,29,2,70,4,8,12,82
12/15/2005,MBS,MI,AGL,CE,Combined TRACON& Tower with Radar,15,12,25,0,52,0,0,0,0,0,15,12,25,0,52,0,0,0,52
12/16/2005,MBS,MI,AGL,CE,Combined TRACON& Tower with Radar,20,19,24,0,63,0,0,2,0,2,20,19,26,0,65,8,0,8,73
12/17/2005,MBS,MI,AGL,CE,Combined TRACON& Tower with Radar,18,7,24,0,49,0,3,10,0,13,18,10,34,0,62,6,0,6,68
12/18/2005,MBS,MI,AGL,CE,Combined TRACON& Tower with Radar,21,2,2,0,25,0,0,9,0,9,21,2,11,0,34,8,0,8,42
12/19/2005,MBS,MI,AGL,CE,Combined TRACON& Tower with Radar,22,5,15,0,42,0,2,5,0,7,22,7,20,0,49,2,0,2,51
12/20/2005,MBS,MI,AGL,CE,Combined TRACON& Tower with Radar,24,7,16,0,47,0,2,17,0,19,24,9,33,0,66,38,0,38,104
12/21/2005,MBS,MI,AGL,CE,Combined TRACON& Tower with Radar,22,9,20,0,51,0,0,1,0,1,22,9,21,0,52,0,0,0,52
12/22/2005,MBS,MI,AGL,CE,Combined TRACON& Tower with Radar,27,6,13,0,46,0,2,0,0,2,27,8,13,0,48,0,0,0,48
12/23/2005,MBS,MI,AGL,CE,Combined TRACON& Tower with Radar,27,5,11,0,43,0,0,0,0,0,27,5,11,0,43,2,0,2,45
12/24/2005,MBS,MI,AGL,CE,Combined TRACON& Tower with Radar,19,7,11,0,37,0,0,2,0,2,19,7,13,0,39,22,0,22,61
12/25/2005,MBS,MI,AGL,CE,Combined TRACON& Tower with Radar,19,4,0,0,23,0,0,0,0,0,19,4,0,0,23,0,0,0,23
12/26/2005,MBS,MI,AGL,CE,Combined TRACON& Tower with Radar,21,8,5,0,34,0,0,29,0,29,21,8,34,0,63,32,0,32,95
12/27/2005,MBS,MI,AGL,CE,Combined TRACON& Tower with Radar,20,9,9,0,38,0,0,5,0,5,20,9,14,0,43,0,0,0,43
12/28/2005,MBS,MI,AGL,CE,Combined TRACON& Tower with Radar,19,8,10,0,37,0,0,0,0,0,19,8,10,0,37,0,0,0,37
12/29/2005,MBS,MI,AGL,CE,Combined TRACON& Tower with Radar,27,15,10,0,52,0,1,5,0,6,27,16,15,0,58,146,0,146,204
12/30/2005,MBS,MI,AGL,CE,Combined TRACON& Tower with Radar,18,5,18,0,41,0,0,22,0,22,18,5,40,0,63,48,0,48,111
12/31/2005,MBS,MI,AGL,CE,Combined TRACON& Tower with Radar,24,1,3,0,28,0,0,0,0,0,24,1,3,0,28,0,0,0,28
01/01/2006,MBS,MI,AGL,CE,Combined TRACON& Tower with Radar,25,2,28,0,55,0,0,13,0,13,25,2,41,0,68,64,0,64,132
01/02/2006,MBS,MI,AGL,CE,Combined TRACON& Tower with Radar,18,11,14,0,43,0,0,0,0,0,18,11,14,0,43,0,0,0,43
01/03/2006,MBS,MI,AGL,CE,Combined TRACON& Tower with Radar,23,5,16,0,44,0,0,0,0,0,23,5,16,0,44,0,0,0,44
01/04/2006,MBS,MI,AGL,CE,Combined TRACON& Tower with Radar,26,5,19,0,50,0,0,0,0,0,26,5,19,0,50,0,0,0,50
01/05/2006,MBS,MI,AGL,CE,Combined TRACON& Tower with Radar,27,9,13,0,49,0,2,0,0,2,27,11,13,0,51,0,0,0,51
01/06/2006,MBS,MI,AGL,CE,Combined TRACON& Tower with Radar,26,12,24,0,62,0,1,33,0,34,26,13,57,0,96,52,0,52,148
01/07/2006,MBS,MI,AGL,CE,Combined TRACON& Tower with Radar,20,4,9,0,33,0,0,0,0,0,20,4,9,0,33,0,0,0,33
01/08/2006,MBS,MI,AGL,CE,Combined TRACON& Tower with Radar,18,1,27,0,46,0,0,36,0,36,18,1,63,0,82,82,0,82,164
01/09/2006,MBS,MI,AGL,CE,Combined TRACON& Tower with Radar,26,5,10,0,41,0,2,6,0,8,26,7,16,0,49,54,0,54,103
01/10/2006,MBS,MI,AGL,CE,Combined TRACON& Tower with Radar,28,7,27,0,62,0,2,66,0,68,28,9,93,0,130,150,0,150,280
01/11/2006,MBS,MI,AGL,CE,Combined TRACON& Tower with Radar,21,7,12,0,40,0,0,0,0,0,21,7,12,0,40,2,0,2,42
01/12/2006,MBS,MI,AGL,CE,Combined TRACON& Tower with Radar,32,4,25,0,61,0,2,21,0,23,32,6,46,0,84,66,0,66,150
01/13/2006,MBS,MI,AGL,CE,Combined TRACON& Tower with Radar,26,9,23,0,58,0,0,1,0,1,26,9,24,0,59,0,0,0,59
01/14/2006,MBS,MI,AGL,CE,Combined TRACON& Tower with Radar,19,3,18,0,40,0,0,40,0,40,19,3,58,0,80,52,0,52,132
01/15/2006,MBS,MI,AGL,CE,Combined TRACON& Tower with Radar,21,2,26,0,49,0,0,34,0,34,21,2,60,0,83,68,0,68,151
01/16/2006,MBS,MI,AGL,CE,Combined TRACON& Tower with Radar,23,6,31,0,60,0,1,8,0,9,23,7,39,0,69,20,0,20,89
01/17/2006,MBS,MI,AGL,CE,Combined TRACON& Tower with Radar,24,22,22,0,68,0,0,0,0,0,24,22,22,0,68,0,0,0,68
01/18/2006,MBS,MI,AGL,CE,Combined TRACON& Tower with Radar,24,13,25,0,62,0,0,2,0,2,24,13,27,0,64,0,0,0,64
01/19/2006,MBS,MI,AGL,CE,Combined TRACON& Tower with Radar,30,14,41,0,85,0,1,18,0,19,30,15,59,0,104,40,0,40,144
01/20/2006,MBS,MI,AGL,CE,Combined TRACON& Tower with Radar,22,17,24,0,63,0,0,4,0,4,22,17,28,0,67,42,0,42,109
01/21/2006,MBS,MI,AGL,CE,Combined TRACON& Tower with Radar,20,9,10,0,39,0,0,1,0,1,20,9,11,0,40,0,0,0,40
01/22/2006,MBS,MI,AGL,CE,Combined TRACON& Tower with Radar,16,5,18,0,39,0,0,48,0,48,16,5,66,0,87,84,0,84,171
01/23/2006,MBS,MI,AGL,CE,Combined TRACON& Tower with Radar,27,19,27,0,73,0,10,26,0,36,27,29,53,0,109,66,0,66,175
01/24/2006,MBS,MI,AGL,CE,Combined TRACON& Tower with Radar,22,6,11,0,39,0,1,0,0,1,22,7,11,0,40,0,0,0,40
01/25/2006,MBS,MI,AGL,CE,Combined TRACON& Tower with Radar,25,8,32,0,65,0,4,0,0,4,25,12,32,0,69,18,0,18,87
01/26/2006,MBS,MI,AGL,CE,Combined TRACON& Tower with Radar,29,22,28,0,79,0,5,17,0,22,29,27,45,0,101,100,0,100,201
01/27/2006,MBS,MI,AGL,CE,Combined TRACON& Tower with Radar,27,15,27,0,69,0,0,26,0,26,27,15,53,0,95,34,0,34,129
01/28/2006,MBS,MI,AGL,CE,Combined TRACON& Tower with Radar,19,15,14,0,48,0,0,22,0,22,19,15,36,0,70,72,0,72,142
01/29/2006,MBS,MI,AGL,CE,Combined TRACON& Tower with Radar,21,4,12,0,37,0,0,0,0,0,21,4,12,0,37,28,0,28,65
01/30/2006,MBS,MI,AGL,CE,Combined TRACON& Tower with Radar,24,6,17,0,47,0,0,0,0,0,24,6,17,0,47,6,0,6,53
01/31/2006,MBS,MI,AGL,CE,Combined TRACON& Tower with Radar,25,5,13,0,43,0,2,10,0,12,25,7,23,0,55,0,0,0,55
02/01/2006,MBS,MI,AGL,CE,Combined TRACON& Tower with Radar,28,12,32,0,72,0,5,4,0,9,28,17,36,0,81,4,0,4,85
02/02/2006,MBS,MI,AGL,CE,Combined TRACON& Tower with Radar,32,7,25,0,64,0,0,30,0,30,32,7,55,0,94,80,0,80,174
02/03/2006,MBS,MI,AGL,CE,Combined TRACON& Tower with Radar,35,6,26,0,67,0,0,4,0,4,35,6,30,0,71,28,0,28,99
02/04/2006,MBS,MI,AGL,CE,Combined TRACON& Tower with Radar,16,5,6,0,27,0,0,1,0,1,16,5,7,0,28,0,0,0,28
02/05/2006,MBS,MI,AGL,CE,Combined TRACON& Tower with Radar,17,0,6,0,23,0,0,0,0,0,17,0,6,0,23,0,0,0,23
02/06/2006,MBS,MI,AGL,CE,Combined TRACON& Tower with Radar,24,5,20,0,49,0,2,0,0,2,24,7,20,0,51,0,0,0,51
02/07/2006,MBS,MI,AGL,CE,Combined TRACON& Tower with Radar,28,7,33,0,68,0,2,14,0,16,28,9,47,0,84,22,0,22,106
02/08/2006,MBS,MI,AGL,CE,Combined TRACON& Tower with Radar,21,10,28,0,59,0,1,8,0,9,21,11,36,0,68,12,0,12,80
02/09/2006,MBS,MI,AGL,CE,Combined TRACON& Tower with Radar,25,12,17,0,54,0,2,17,0,19,25,14,34,0,73,40,0,40,113
02/10/2006,MBS,MI,AGL,CE,Combined TRACON& Tower with Radar,34,10,30,0,74,0,0,3,0,3,34,10,33,0,77,64,0,64,141
02/11/2006,MBS,MI,AGL,CE,Combined TRACON& Tower with Radar,20,6,5,0,31,0,0,2,0,2,20,6,7,0,33,36,0,36,69
02/12/2006,MBS,MI,AGL,CE,Combined TRACON& Tower with Radar,22,3,11,0,36,0,0,21,0,21,22,3,32,0,57,44,0,44,101
02/13/2006,MBS,MI,AGL,CE,Combined TRACON& Tower with Radar,28,2,16,0,46,0,4,2,0,6,28,6,18,0,52,0,0,0,52
02/14/2006,MBS,MI,AGL,CE,Combined TRACON& Tower with Radar,27,7,29,0,63,0,3,26,0,29,27,10,55,0,92,36,0,36,128
02/15/2006,MBS,MI,AGL,CE,Combined TRACON& Tower with Radar,32,7,30,0,69,0,4,4,1,9,32,11,34,1,78,46,0,46,124
02/16/2006,MBS,MI,AGL,CE,Combined TRACON& Tower with Radar,25,13,22,0,60,0,0,0,0,0,25,13,22,0,60,0,0,0,60
02/17/2006,MBS,MI,AGL,CE,Combined TRACON& Tower with Radar,26,3,14,0,43,0,0,2,0,2,26,3,16,0,45,38,0,38,83
02/18/2006,MBS,MI,AGL,CE,Combined TRACON& Tower with Radar,17,4,7,0,28,0,0,14,0,14,17,4,21,0,42,10,0,10,52
02/19/2006,MBS,MI,AGL,CE,Combined TRACON& Tower with Radar,23,0,15,0,38,0,0,3,0,3,23,0,18,0,41,4,0,4,45
02/20/2006,MBS,MI,AGL,CE,Combined TRACON& Tower with Radar,23,5,11,0,39,0,1,13,0,14,23,6,24,0,53,20,0,20,73
02/21/2006,MBS,MI,AGL,CE,Combined TRACON& Tower with Radar,25,5,18,0,48,0,3,28,0,31,25,8,46,0,79,46,0,46,125
02/22/2006,MBS,MI,AGL,CE,Combined TRACON& Tower with Radar,28,6,28,0,62,0,5,34,0,39,28,11,62,0,101,48,0,48,149
02/23/2006,MBS,MI,AGL,CE,Combined TRACON& Tower with Radar,29,5,27,0,61,0,2,3,0,5,29,7,30,0,66,24,0,24,90
02/24/2006,MBS,MI,AGL,CE,Combined TRACON& Tower with Radar,29,4,33,0,66,0,2,22,0,24,29,6,55,0,90,46,0,46,136
02/25/2006,MBS,MI,AGL,CE,Combined TRACON& Tower with Radar,21,10,15,0,46,0,0,2,0,2,21,10,17,0,48,16,0,16,64
02/26/2006,MBS,MI,AGL,CE,Combined TRACON& Tower with Radar,21,1,20,0,42,0,0,35,0,35,21,1,55,0,77,54,0,54,131
02/27/2006,MBS,MI,AGL,CE,Combined TRACON& Tower with Radar,24,9,23,0,56,0,0,16,0,16,24,9,39,0,72,38,0,38,110
02/28/2006,MBS,MI,AGL,CE,Combined TRACON& Tower with Radar,29,8,37,0,74,0,3,51,0,54,29,11,88,0,128,76,0,76,204
03/01/2006,MBS,MI,AGL,CE,Combined TRACON& Tower with Radar,26,4,38,0,68,0,3,11,0,14,26,7,49,0,82,38,0,38,120
03/02/2006,MBS,MI,AGL,CE,Combined TRACON& Tower with Radar,21,3,26,0,50,0,4,1,0,5,21,7,27,0,55,14,0,14,69
03/03/2006,MBS,MI,AGL,CE,Combined TRACON& Tower with Radar,25,7,28,1,61,0,0,22,0,22,25,7,50,1,83,86,0,86,169
03/04/2006,MBS,MI,AGL,CE,Combined TRACON& Tower with Radar,21,6,30,0,57,0,0,33,0,33,21,6,63,0,90,118,0,118,208
03/05/2006,MBS,MI,AGL,CE,Combined TRACON& Tower with Radar,20,0,23,0,43,0,0,51,0,51,20,0,74,0,94,96,0,96,190
03/06/2006,MBS,MI,AGL,CE,Combined TRACON& Tower with Radar,26,4,20,0,50,0,2,9,0,11,26,6,29,0,61,18,0,18,79
03/07/2006,MBS,MI,AGL,CE,Combined TRACON& Tower with Radar,26,5,28,0,59,0,1,26,0,27,26,6,54,0,86,74,0,74,160
03/08/2006,MBS,MI,AGL,CE,Combined TRACON& Tower with Radar,31,5,12,0,48,0,1,11,0,12,31,6,23,0,60,28,0,28,88
03/09/2006,MBS,MI,AGL,CE,Combined TRACON& Tower with Radar,28,21,23,2,74,0,0,0,0,0,28,21,23,2,74,18,2,20,94
03/10/2006,MBS,MI,AGL,CE,Combined TRACON& Tower with Radar,26,15,22,0,63,0,1,22,1,24,26,16,44,1,87,48,0,48,135
03/11/2006,MBS,MI,AGL,CE,Combined TRACON& Tower with Radar,26,4,25,0,55,0,0,56,0,56,26,4,81,0,111,44,0,44,155
03/12/2006,MBS,MI,AGL,CE,Combined TRACON& Tower with Radar,22,0,30,0,52,0,0,10,0,10,22,0,40,0,62,26,0,26,88
03/13/2006,MBS,MI,AGL,CE,Combined TRACON& Tower with Radar,26,5,7,0,38,0,0,0,0,0,26,5,7,0,38,0,0,0,38
03/14/2006,MBS,MI,AGL,CE,Combined TRACON& Tower with Radar,27,8,20,0,55,0,5,0,0,5,27,13,20,0,60,0,0,0,60
03/15/2006,MBS,MI,AGL,CE,Combined TRACON& Tower with Radar,27,6,20,0,53,0,7,20,1,28,27,13,40,1,81,44,0,44,125
03/16/2006,MBS,MI,AGL,CE,Combined TRACON& Tower with Radar,28,12,30,0,70,0,4,30,0,34,28,16,60,0,104,100,0,100,204
03/17/2006,MBS,MI,AGL,CE,Combined TRACON& Tower with Radar,22,11,33,0,66,0,0,22,0,22,22,11,55,0,88,110,0,110,198
03/18/2006,MBS,MI,AGL,CE,Combined TRACON& Tower with Radar,20,4,19,0,43,0,0,27,0,27,20,4,46,0,70,48,0,48,118
03/19/2006,MBS,MI,AGL,CE,Combined TRACON& Tower with Radar,24,0,16,0,40,0,0,24,0,24,24,0,40,0,64,34,0,34,98
03/20/2006,MBS,MI,AGL,CE,Combined TRACON& Tower with Radar,30,5,22,0,57,0,1,22,0,23,30,6,44,0,80,42,0,42,122
03/21/2006,MBS,MI,AGL,CE,Combined TRACON& Tower with Radar,34,3,43,0,80,0,4,9,1,14,34,7,52,1,94,38,0,38,132
03/22/2006,MBS,MI,AGL,CE,Combined TRACON& Tower with Radar,26,8,25,0,59,0,5,3,0,8,26,13,28,0,67,22,0,22,89
03/23/2006,MBS,MI,AGL,CE,Combined TRACON& Tower with Radar,29,15,33,0,77,0,1,20,0,21,29,16,53,0,98,102,0,102,200
03/24/2006,MBS,MI,AGL,CE,Combined TRACON& Tower with Radar,21,10,13,0,44,0,1,4,0,5,21,11,17,0,49,14,0,14,63
03/25/2006,MBS,MI,AGL,CE,Combined TRACON& Tower with Radar,21,5,2,0,28,0,0,2,0,2,21,5,4,0,30,6,0,6,36
03/26/2006,MBS,MI,AGL,CE,Combined TRACON& Tower with Radar,29,3,35,0,67,0,0,57,0,57,29,3,92,0,124,92,0,92,216
03/27/2006,MBS,MI,AGL,CE,Combined TRACON& Tower with Radar,25,1,24,0,50,0,2,20,0,22,25,3,44,0,72,22,0,22,94
03/28/2006,MBS,MI,AGL,CE,Combined TRACON& Tower with Radar,28,3,18,0,49,0,2,8,0,10,28,5,26,0,59,32,0,32,91
03/29/2006,MBS,MI,AGL,CE,Combined TRACON& Tower with Radar,26,14,23,0,63,0,5,35,0,40,26,19,58,0,103,28,0,28,131
03/30/2006,MBS,MI,AGL,CE,Combined TRACON& Tower with Radar,25,7,24,0,56,0,2,14,0,16,25,9,38,0,72,32,0,32,104
03/31/2006,MBS,MI,AGL,CE,Combined TRACON& Tower with Radar,27,7,11,0,45,0,0,6,0,6,27,7,17,0,51,18,0,18,69
04/01/2006,MBS,MI,AGL,CE,Combined TRACON& Tower with Radar,25,3,15,0,43,0,0,3,0,3,25,3,18,0,46,12,0,12,58
04/02/2006,MBS,MI,AGL,CE,Combined TRACON& Tower with Radar,20,2,21,0,43,0,0,10,0,10,20,2,31,0,53,10,0,10,63
04/03/2006,MBS,MI,AGL,CE,Combined TRACON& Tower with Radar,23,4,15,0,42,0,2,1,0,3,23,6,16,0,45,0,0,0,45
04/04/2006,MBS,MI,AGL,CE,Combined TRACON& Tower with Radar,28,8,25,0,61,0,0,3,0,3,28,8,28,0,64,12,0,12,76
04/05/2006,MBS,MI,AGL,CE,Combined TRACON& Tower with Radar,22,13,14,0,49,0,3,11,0,14,22,16,25,0,63,32,0,32,95
04/06/2006,MBS,MI,AGL,CE,Combined TRACON& Tower with Radar,40,6,34,0,80,0,1,26,0,27,40,7,60,0,107,26,0,26,133
04/07/2006,MBS,MI,AGL,CE,Combined TRACON& Tower with Radar,29,8,22,0,59,0,0,0,0,0,29,8,22,0,59,0,0,0,59
04/08/2006,MBS,MI,AGL,CE,Combined TRACON& Tower with Radar,20,5,19,0,44,0,1,30,0,31,20,6,49,0,75,84,0,84,159
04/09/2006,MBS,MI,AGL,CE,Combined TRACON& Tower with Radar,22,4,45,0,71,0,0,52,0,52,22,4,97,0,123,76,0,76,199
04/10/2006,MBS,MI,AGL,CE,Combined TRACON& Tower with Radar,27,15,29,0,71,0,2,16,0,18,27,17,45,0,89,84,0,84,173
04/11/2006,MBS,MI,AGL,CE,Combined TRACON& Tower with Radar,30,7,32,0,69,0,2,16,0,18,30,9,48,0,87,8,0,8,95
04/12/2006,MBS,MI,AGL,CE,Combined TRACON& Tower with Radar,30,3,22,0,55,0,6,2,2,10,30,9,24,2,65,34,0,34,99
04/13/2006,MBS,MI,AGL,CE,Combined TRACON& Tower with Radar,24,10,20,0,54,0,0,20,0,20,24,10,40,0,74,76,0,76,150
04/14/2006,MBS,MI,AGL,CE,Combined TRACON& Tower with Radar,20,2,8,0,30,0,0,12,0,12,20,2,20,0,42,4,0,4,46
04/15/2006,MBS,MI,AGL,CE,Combined TRACON& Tower with Radar,22,7,17,0,46,0,0,24,0,24,22,7,41,0,70,92,0,92,162
04/16/2006,MBS,MI,AGL,CE,Combined TRACON& Tower with Radar,20,0,20,0,40,0,0,8,0,8,20,0,28,0,48,10,0,10,58
04/17/2006,MBS,MI,AGL,CE,Combined TRACON& Tower with Radar,27,3,13,0,43,0,1,15,0,16,27,4,28,0,59,4,0,4,63
04/18/2006,MBS,MI,AGL,CE,Combined TRACON& Tower with Radar,28,6,27,0,61,0,5,45,0,50,28,11,72,0,111,76,0,76,187
04/19/2006,MBS,MI,AGL,CE,Combined TRACON& Tower with Radar,26,2,24,0,52,0,4,34,0,38,26,6,58,0,90,52,0,52,142
04/20/2006,MBS,MI,AGL,CE,Combined TRACON& Tower with Radar,25,9,21,0,55,0,1,17,0,18,25,10,38,0,73,22,0,22,95
04/21/2006,MBS,MI,AGL,CE,Combined TRACON& Tower with Radar,28,8,21,0,57,0,2,21,0,23,28,10,42,0,80,38,0,38,118
04/22/2006,MBS,MI,AGL,CE,Combined TRACON& Tower with Radar,20,7,21,0,48,0,2,6,0,8,20,9,27,0,56,88,0,88,144
04/23/2006,MBS,MI,AGL,CE,Combined TRACON& Tower with Radar,16,3,16,0,35,0,0,1,0,1,16,3,17,0,36,2,0,2,38
04/24/2006,MBS,MI,AGL,CE,Combined TRACON& Tower with Radar,26,15,11,0,52,0,0,8,0,8,26,15,19,0,60,16,0,16,76
04/25/2006,MBS,MI,AGL,CE,Combined TRACON& Tower with Radar,29,8,52,0,89,0,7,27,4,38,29,15,79,4,127,60,0,60,187
04/26/2006,MBS,MI,AGL,CE,Combined TRACON& Tower with Radar,21,12,26,0,59,0,6,32,0,38,21,18,58,0,97,28,0,28,125
04/27/2006,MBS,MI,AGL,CE,Combined TRACON& Tower with Radar,27,6,23,0,56,0,1,23,0,24,27,7,46,0,80,28,0,28,108
04/28/2006,MBS,MI,AGL,CE,Combined TRACON& Tower with Radar,27,14,17,0,58,0,0,18,0,18,27,14,35,0,76,78,0,78,154
04/29/2006,MBS,MI,AGL,CE,Combined TRACON& Tower with Radar,22,5,5,0,32,0,0,15,0,15,22,5,20,0,47,30,0,30,77
04/30/2006,MBS,MI,AGL,CE,Combined TRACON& Tower with Radar,18,2,16,0,36,0,0,14,4,18,18,2,30,4,54,80,0,80,134
05/01/2006,MBS,MI,AGL,CE,Combined TRACON& Tower with Radar,27,7,20,0,54,0,2,20,2,24,27,9,40,2,78,18,0,18,96
05/02/2006,MBS,MI,AGL,CE,Combined TRACON& Tower with Radar,27,7,22,2,58,0,0,2,0,2,27,7,24,2,60,2,0,2,62
05/03/2006,MBS,MI,AGL,CE,Combined TRACON& Tower with Radar,26,3,50,0,79,0,5,34,0,39,26,8,84,0,118,62,0,62,180
05/04/2006,MBS,MI,AGL,CE,Combined TRACON& Tower with Radar,30,10,18,0,58,0,2,8,0,10,30,12,26,0,68,4,0,4,72
05/05/2006,MBS,MI,AGL,CE,Combined TRACON& Tower with Radar,26,8,24,0,58,0,0,25,1,26,26,8,49,1,84,64,10,74,158
05/06/2006,MBS,MI,AGL,CE,Combined TRACON& Tower with Radar,25,4,13,0,42,0,0,31,0,31,25,4,44,0,73,36,0,36,109
05/07/2006,MBS,MI,AGL,CE,Combined TRACON& Tower with Radar,22,2,13,3,40,0,0,8,0,8,22,2,21,3,48,0,0,0,48
05/08/2006,MBS,MI,AGL,CE,Combined TRACON& Tower with Radar,27,2,25,0,54,0,2,42,0,44,27,4,67,0,98,48,0,48,146
05/09/2006,MBS,MI,AGL,CE,Combined TRACON& Tower with Radar,28,10,35,4,77,0,8,29,0,37,28,18,64,4,114,42,2,44,158
05/10/2006,MBS,MI,AGL,CE,Combined TRACON& Tower with Radar,29,12,30,0,71,0,0,9,0,9,29,12,39,0,80,6,0,6,86
05/11/2006,MBS,MI,AGL,CE,Combined TRACON& Tower with Radar,23,6,32,0,61,0,1,0,0,1,23,7,32,0,62,8,0,8,70
05/12/2006,MBS,MI,AGL,CE,Combined TRACON& Tower with Radar,24,8,22,0,54,0,0,2,0,2,24,8,24,0,56,0,0,0,56
05/13/2006,MBS,MI,AGL,CE,Combined TRACON& Tower with Radar,24,8,17,0,49,0,0,1,0,1,24,8,18,0,50,0,0,0,50
05/14/2006,MBS,MI,AGL,CE,Combined TRACON& Tower with Radar,28,2,33,0,63,0,0,0,0,0,28,2,33,0,63,8,0,8,71
05/15/2006,MBS,MI,AGL,CE,Combined TRACON& Tower with Radar,24,6,35,0,65,0,0,9,0,9,24,6,44,0,74,30,0,30,104
05/16/2006,MBS,MI,AGL,CE,Combined TRACON& Tower with Radar,28,9,63,0,100,0,3,73,0,76,28,12,136,0,176,84,0,84,260
05/17/2006,MBS,MI,AGL,CE,Combined TRACON& Tower with Radar,25,10,34,4,73,0,7,8,0,15,25,17,42,4,88,42,2,44,132
05/18/2006,MBS,MI,AGL,CE,Combined TRACON& Tower with Radar,29,3,40,2,74,0,0,2,0,2,29,3,42,2,76,10,0,10,86
05/19/2006,MBS,MI,AGL,CE,Combined TRACON& Tower with Radar,28,8,26,0,62,0,0,1,0,1,28,8,27,0,63,8,0,8,71
05/20/2006,MBS,MI,AGL,CE,Combined TRACON& Tower with Radar,21,5,17,0,43,0,0,17,0,17,21,5,34,0,60,58,0,58,118
05/21/2006,MBS,MI,AGL,CE,Combined TRACON& Tower with Radar,24,1,15,0,40,0,0,9,0,9,24,1,24,0,49,8,0,8,57
05/22/2006,MBS,MI,AGL,CE,Combined TRACON& Tower with Radar,30,7,46,0,83,0,2,41,0,43,30,9,87,0,126,84,0,84,210
05/23/2006,MBS,MI,AGL,CE,Combined TRACON& Tower with Radar,25,14,41,0,80,0,5,69,0,74,25,19,110,0,154,94,0,94,248
05/24/2006,MBS,MI,AGL,CE,Combined TRACON& Tower with Radar,22,8,24,0,54,0,5,22,0,27,22,13,46,0,81,40,0,40,121
05/25/2006,MBS,MI,AGL,CE,Combined TRACON& Tower with Radar,25,10,33,0,68,0,3,0,0,3,25,13,33,0,71,6,0,6,77
05/26/2006,MBS,MI,AGL,CE,Combined TRACON& Tower with Radar,28,10,20,0,58,0,0,7,0,7,28,10,27,0,65,16,0,16,81
05/27/2006,MBS,MI,AGL,CE,Combined TRACON& Tower with Radar,15,3,19,0,37,0,0,31,0,31,15,3,50,0,68,112,0,112,180
05/28/2006,MBS,MI,AGL,CE,Combined TRACON& Tower with Radar,16,0,22,0,38,0,0,16,0,16,16,0,38,0,54,22,2,24,78
05/29/2006,MBS,MI,AGL,CE,Combined TRACON& Tower with Radar,22,0,28,0,50,0,0,28,0,28,22,0,56,0,78,26,0,26,104
05/30/2006,MBS,MI,AGL,CE,Combined TRACON& Tower with Radar,28,11,27,0,66,0,3,11,0,14,28,14,38,0,80,24,0,24,104
05/31/2006,MBS,MI,AGL,CE,Combined TRACON& Tower with Radar,25,18,23,0,66,0,0,9,0,9,25,18,32,0,75,4,0,4,79
06/01/2006,MBS,MI,AGL,CE,Combined TRACON& Tower with Radar,27,4,26,0,57,0,1,14,0,15,27,5,40,0,72,76,0,76,148
06/02/2006,MBS,MI,AGL,CE,Combined TRACON& Tower with Radar,28,15,19,0,62,0,0,19,0,19,28,15,38,0,81,52,0,52,133
06/03/2006,MBS,MI,AGL,CE,Combined TRACON& Tower with Radar,26,3,19,0,48,0,1,45,0,46,26,4,64,0,94,76,0,76,170
06/04/2006,MBS,MI,AGL,CE,Combined TRACON& Tower with Radar,26,4,26,0,56,0,0,45,0,45,26,4,71,0,101,38,0,38,139
06/05/2006,MBS,MI,AGL,CE,Combined TRACON& Tower with Radar,27,3,31,2,63,0,4,50,0,54,27,7,81,2,117,44,0,44,161
06/06/2006,MBS,MI,AGL,CE,Combined TRACON& Tower with Radar,25,8,33,0,66,0,1,22,0,23,25,9,55,0,89,42,0,42,131
06/07/2006,MBS,MI,AGL,CE,Combined TRACON& Tower with Radar,24,6,31,0,61,0,6,12,0,18,24,12,43,0,79,14,0,14,93
06/08/2006,MBS,MI,AGL,CE,Combined TRACON& Tower with Radar,27,4,30,0,61,0,2,17,0,19,27,6,47,0,80,34,0,34,114
06/09/2006,MBS,MI,AGL,CE,Combined TRACON& Tower with Radar,25,8,31,0,64,0,0,18,0,18,25,8,49,0,82,10,0,10,92
06/10/2006,MBS,MI,AGL,CE,Combined TRACON& Tower with Radar,21,6,28,0,55,0,0,32,0,32,21,6,60,0,87,84,0,84,171
06/11/2006,MBS,MI,AGL,CE,Combined TRACON& Tower with Radar,32,3,27,0,62,0,10,34,0,44,32,13,61,0,106,68,0,68,174
06/12/2006,MBS,MI,AGL,CE,Combined TRACON& Tower with Radar,26,15,28,0,69,0,3,27,0,30,26,18,55,0,99,50,0,50,149
06/13/2006,MBS,MI,AGL,CE,Combined TRACON& Tower with Radar,29,7,15,0,51,0,2,25,0,27,29,9,40,0,78,30,0,30,108
06/14/2006,MBS,MI,AGL,CE,Combined TRACON& Tower with Radar,24,4,44,0,72,0,5,47,0,52,24,9,91,0,124,84,0,84,208
06/15/2006,MBS,MI,AGL,CE,Combined TRACON& Tower with Radar,23,6,29,0,58,0,5,28,0,33,23,11,57,0,91,36,0,36,127
06/16/2006,MBS,MI,AGL,CE,Combined TRACON& Tower with Radar,24,16,23,5,68,0,0,17,1,18,24,16,40,6,86,48,8,56,142
06/17/2006,MBS,MI,AGL,CE,Combined TRACON& Tower with Radar,18,17,12,0,47,0,7,23,0,30,18,24,35,0,77,40,0,40,117
06/18/2006,MBS,MI,AGL,CE,Combined TRACON& Tower with Radar,26,6,18,0,50,0,0,23,0,23,26,6,41,0,73,28,0,28,101
06/19/2006,MBS,MI,AGL,CE,Combined TRACON& Tower with Radar,24,14,28,0,66,0,2,18,0,20,24,16,46,0,86,26,0,26,112
06/20/2006,MBS,MI,AGL,CE,Combined TRACON& Tower with Radar,31,8,31,0,70,0,4,30,0,34,31,12,61,0,104,142,0,142,246
06/21/2006,MBS,MI,AGL,CE,Combined TRACON& Tower with Radar,26,7,19,0,52,0,4,0,0,4,26,11,19,0,56,2,0,2,58
06/22/2006,MBS,MI,AGL,CE,Combined TRACON& Tower with Radar,19,12,42,2,75,0,1,28,0,29,19,13,70,2,104,66,2,68,172
06/23/2006,MBS,MI,AGL,CE,Combined TRACON& Tower with Radar,22,7,21,0,50,0,0,29,0,29,22,7,50,0,79,64,0,64,143
06/24/2006,MBS,MI,AGL,CE,Combined TRACON& Tower with Radar,25,6,8,0,39,0,0,13,0,13,25,6,21,0,52,26,0,26,78
06/25/2006,MBS,MI,AGL,CE,Combined TRACON& Tower with Radar,25,2,15,0,42,0,0,28,0,28,25,2,43,0,70,50,0,50,120
06/26/2006,MBS,MI,AGL,CE,Combined TRACON& Tower with Radar,34,8,34,0,76,0,0,37,0,37,34,8,71,0,113,76,0,76,189
06/27/2006,MBS,MI,AGL,CE,Combined TRACON& Tower with Radar,24,6,33,0,63,0,5,4,10,19,24,11,37,10,82,6,0,6,88
06/28/2006,MBS,MI,AGL,CE,Combined TRACON& Tower with Radar,38,8,37,0,83,0,5,17,3,25,38,13,54,3,108,42,0,42,150
06/29/2006,MBS,MI,AGL,CE,Combined TRACON& Tower with Radar,26,3,32,5,66,0,7,19,3,29,26,10,51,8,95,94,10,104,199
06/30/2006,MBS,MI,AGL,CE,Combined TRACON& Tower with Radar,26,6,41,0,73,0,0,20,0,20,26,6,61,0,93,26,0,26,119
07/01/2006,MBS,MI,AGL,CE,Combined TRACON& Tower with Radar,25,7,17,0,49,0,0,16,0,16,25,7,33,0,65,20,0,20,85
07/02/2006,MBS,MI,AGL,CE,Combined TRACON& Tower with Radar,23,0,6,0,29,0,0,15,0,15,23,0,21,0,44,32,0,32,76
07/03/2006,MBS,MI,AGL,CE,Combined TRACON& Tower with Radar,19,2,11,0,32,0,1,10,0,11,19,3,21,0,43,8,0,8,51
07/04/2006,MBS,MI,AGL,CE,Combined TRACON& Tower with Radar,27,0,21,0,48,0,0,17,2,19,27,0,38,2,67,28,0,28,95
07/05/2006,MBS,MI,AGL,CE,Combined TRACON& Tower with Radar,30,7,33,0,70,0,5,36,0,41,30,12,69,0,111,54,0,54,165
07/06/2006,MBS,MI,AGL,CE,Combined TRACON& Tower with Radar,23,7,25,0,55,0,1,36,0,37,23,8,61,0,92,64,0,64,156
07/07/2006,MBS,MI,AGL,CE,Combined TRACON& Tower with Radar,26,9,9,2,46,0,0,31,0,31,26,9,40,2,77,50,0,50,127
07/08/2006,MBS,MI,AGL,CE,Combined TRACON& Tower with Radar,24,6,10,0,40,0,0,34,2,36,24,6,44,2,76,52,0,52,128
07/09/2006,MBS,MI,AGL,CE,Combined TRACON& Tower with Radar,22,2,6,0,30,0,0,6,4,10,22,2,12,4,40,34,0,34,74
07/10/2006,MBS,MI,AGL,CE,Combined TRACON& Tower with Radar,24,2,20,0,46,0,2,22,0,24,24,4,42,0,70,62,0,62,132
07/11/2006,MBS,MI,AGL,CE,Combined TRACON& Tower with Radar,24,8,34,0,66,0,0,12,0,12,24,8,46,0,78,18,0,18,96
07/12/2006,MBS,MI,AGL,CE,Combined TRACON& Tower with Radar,31,4,26,0,61,0,2,32,0,34,31,6,58,0,95,32,0,32,127
07/13/2006,MBS,MI,AGL,CE,Combined TRACON& Tower with Radar,33,6,45,0,84,0,2,38,0,40,33,8,83,0,124,150,0,150,274
07/14/2006,MBS,MI,AGL,CE,Combined TRACON& Tower with Radar,26,8,21,0,55,0,0,10,0,10,26,8,31,0,65,16,0,16,81
07/15/2006,MBS,MI,AGL,CE,Combined TRACON& Tower with Radar,26,11,31,0,68,1,6,49,0,56,27,17,80,0,124,62,0,62,186
07/16/2006,MBS,MI,AGL,CE,Combined TRACON& Tower with Radar,22,0,10,0,32,0,0,18,0,18,22,0,28,0,50,46,0,46,96
07/17/2006,MBS,MI,AGL,CE,Combined TRACON& Tower with Radar,25,5,26,0,56,0,0,10,0,10,25,5,36,0,66,14,0,14,80
07/18/2006,MBS,MI,AGL,CE,Combined TRACON& Tower with Radar,25,6,38,0,69,0,2,22,0,24,25,8,60,0,93,62,0,62,155
07/19/2006,MBS,MI,AGL,CE,Combined TRACON& Tower with Radar,22,10,43,0,75,0,7,47,0,54,22,17,90,0,129,94,0,94,223
07/20/2006,MBS,MI,AGL,CE,Combined TRACON& Tower with Radar,17,10,39,0,66,0,2,4,0,6,17,12,43,0,72,50,0,50,122
07/21/2006,MBS,MI,AGL,CE,Combined TRACON& Tower with Radar,28,5,43,0,76,0,0,15,0,15,28,5,58,0,91,22,0,22,113
07/22/2006,MBS,MI,AGL,CE,Combined TRACON& Tower with Radar,21,5,20,0,46,0,0,21,0,21,21,5,41,0,67,12,0,12,79
07/23/2006,MBS,MI,AGL,CE,Combined TRACON& Tower with Radar,23,0,37,0,60,0,0,36,0,36,23,0,73,0,96,42,0,42,138
07/24/2006,MBS,MI,AGL,CE,Combined TRACON& Tower with Radar,26,6,47,2,81,0,2,25,0,27,26,8,72,2,108,38,0,38,146
07/25/2006,MBS,MI,AGL,CE,Combined TRACON& Tower with Radar,26,4,29,0,59,0,2,7,0,9,26,6,36,0,68,8,0,8,76
07/26/2006,MBS,MI,AGL,CE,Combined TRACON& Tower with Radar,29,9,28,0,66,0,5,24,0,29,29,14,52,0,95,16,0,16,111
07/27/2006,MBS,MI,AGL,CE,Combined TRACON& Tower with Radar,26,5,49,0,80,0,1,8,0,9,26,6,57,0,89,32,0,32,121
07/28/2006,MBS,MI,AGL,CE,Combined TRACON& Tower with Radar,27,0,32,0,59,0,0,20,0,20,27,0,52,0,79,54,0,54,133
07/29/2006,MBS,MI,AGL,CE,Combined TRACON& Tower with Radar,26,8,9,0,43,0,0,20,1,21,26,8,29,1,64,72,2,74,138
07/30/2006,MBS,MI,AGL,CE,Combined TRACON& Tower with Radar,19,0,10,0,29,0,0,8,0,8,19,0,18,0,37,8,0,8,45
07/31/2006,MBS,MI,AGL,CE,Combined TRACON& Tower with Radar,20,20,28,0,68,0,1,12,0,13,20,21,40,0,81,26,0,26,107
08/01/2006,MBS,MI,AGL,CE,Combined TRACON& Tower with Radar,31,6,27,0,64,0,2,37,0,39,31,8,64,0,103,16,0,16,119
08/02/2006,MBS,MI,AGL,CE,Combined TRACON& Tower with Radar,29,7,21,0,57,0,6,14,0,20,29,13,35,0,77,22,0,22,99
08/03/2006,MBS,MI,AGL,CE,Combined TRACON& Tower with Radar,33,9,23,0,65,0,0,6,0,6,33,9,29,0,71,6,0,6,77
08/04/2006,MBS,MI,AGL,CE,Combined TRACON& Tower with Radar,28,6,20,0,54,0,0,34,0,34,28,6,54,0,88,52,0,52,140
08/05/2006,MBS,MI,AGL,CE,Combined TRACON& Tower with Radar,22,4,8,0,34,0,1,31,0,32,22,5,39,0,66,20,0,20,86
08/06/2006,MBS,MI,AGL,CE,Combined TRACON& Tower with Radar,22,2,13,0,37,0,1,34,2,37,22,3,47,2,74,32,0,32,106
08/07/2006,MBS,MI,AGL,CE,Combined TRACON& Tower with Radar,29,3,11,0,43,0,3,18,0,21,29,6,29,0,64,4,0,4,68
08/08/2006,MBS,MI,AGL,CE,Combined TRACON& Tower with Radar,29,1,27,6,63,0,4,37,2,43,29,5,64,8,106,48,0,48,154
08/09/2006,MBS,MI,AGL,CE,Combined TRACON& Tower with Radar,26,8,20,0,54,0,4,18,1,23,26,12,38,1,77,20,0,20,97
08/10/2006,MBS,MI,AGL,CE,Combined TRACON& Tower with Radar,22,4,23,0,49,0,1,37,0,38,22,5,60,0,87,34,0,34,121
08/11/2006,MBS,MI,AGL,CE,Combined TRACON& Tower with Radar,33,14,24,0,71,0,1,27,3,31,33,15,51,3,102,32,8,40,142
08/12/2006,MBS,MI,AGL,CE,Combined TRACON& Tower with Radar,26,4,11,0,41,0,0,26,2,28,26,4,37,2,69,66,6,72,141
08/13/2006,MBS,MI,AGL,CE,Combined TRACON& Tower with Radar,24,0,17,4,45,0,0,24,4,28,24,0,41,8,73,22,8,30,103
08/14/2006,MBS,MI,AGL,CE,Combined TRACON& Tower with Radar,23,3,15,1,42,0,0,8,0,8,23,3,23,1,50,0,0,0,50
08/15/2006,MBS,MI,AGL,CE,Combined TRACON& Tower with Radar,28,8,21,0,57,0,3,31,0,34,28,11,52,0,91,36,0,36,127
08/16/2006,MBS,MI,AGL,CE,Combined TRACON& Tower with Radar,27,16,23,0,66,0,7,23,0,30,27,23,46,0,96,44,0,44,140
08/17/2006,MBS,MI,AGL,CE,Combined TRACON& Tower with Radar,32,15,30,14,91,0,0,29,1,30,32,15,59,15,121,80,18,98,219
08/18/2006,MBS,MI,AGL,CE,Combined TRACON& Tower with Radar,33,10,26,0,69,0,2,24,0,26,33,12,50,0,95,8,0,8,103
08/19/2006,MBS,MI,AGL,CE,Combined TRACON& Tower with Radar,25,8,12,0,45,0,0,5,0,5,25,8,17,0,50,130,0,130,180
08/20/2006,MBS,MI,AGL,CE,Combined TRACON& Tower with Radar,25,1,19,0,45,0,0,44,0,44,25,1,63,0,89,22,0,22,111
08/21/2006,MBS,MI,AGL,CE,Combined TRACON& Tower with Radar,28,5,21,0,54,0,2,34,0,36,28,7,55,0,90,22,0,22,112
08/22/2006,MBS,MI,AGL,CE,Combined TRACON& Tower with Radar,27,2,23,0,52,0,3,26,0,29,27,5,49,0,81,32,0,32,113
08/23/2006,MBS,MI,AGL,CE,Combined TRACON& Tower with Radar,28,6,22,0,56,0,5,13,0,18,28,11,35,0,74,38,0,38,112
08/24/2006,MBS,MI,AGL,CE,Combined TRACON& Tower with Radar,21,12,46,0,79,0,3,15,0,18,21,15,61,0,97,14,0,14,111
08/25/2006,MBS,MI,AGL,CE,Combined TRACON& Tower with Radar,27,8,11,0,46,0,0,3,0,3,27,8,14,0,49,6,0,6,55
08/26/2006,MBS,MI,AGL,CE,Combined TRACON& Tower with Radar,21,8,19,0,48,0,0,0,0,0,21,8,19,0,48,24,0,24,72
08/27/2006,MBS,MI,AGL,CE,Combined TRACON& Tower with Radar,24,5,19,0,48,0,0,4,0,4,24,5,23,0,52,8,0,8,60
08/28/2006,MBS,MI,AGL,CE,Combined TRACON& Tower with Radar,23,9,25,4,61,0,1,34,0,35,23,10,59,4,96,62,2,64,160
08/29/2006,MBS,MI,AGL,CE,Combined TRACON& Tower with Radar,26,13,31,0,70,0,4,29,0,33,26,17,60,0,103,34,0,34,137
08/30/2006,MBS,MI,AGL,CE,Combined TRACON& Tower with Radar,28,10,28,2,68,0,7,22,0,29,28,17,50,2,97,30,0,30,127
08/31/2006,MBS,MI,AGL,CE,Combined TRACON& Tower with Radar,33,6,34,2,75,0,1,27,0,28,33,7,61,2,103,80,34,114,217
09/01/2006,MBS,MI,AGL,CE,Combined TRACON& Tower with Radar,25,15,21,0,61,0,0,36,0,36,25,15,57,0,97,48,0,48,145
09/02/2006,MBS,MI,AGL,CE,Combined TRACON& Tower with Radar,20,3,8,0,31,0,0,24,0,24,20,3,32,0,55,10,0,10,65
09/03/2006,MBS,MI,AGL,CE,Combined TRACON& Tower with Radar,25,4,13,0,42,0,0,0,0,0,25,4,13,0,42,16,0,16,58
09/04/2006,MBS,MI,AGL,CE,Combined TRACON& Tower with Radar,30,18,31,0,79,0,0,38,0,38,30,18,69,0,117,26,0,26,143
09/05/2006,MBS,MI,AGL,CE,Combined TRACON& Tower with Radar,27,4,26,0,57,0,2,29,0,31,27,6,55,0,88,28,0,28,116
09/06/2006,MBS,MI,AGL,CE,Combined TRACON& Tower with Radar,25,14,25,0,64,0,2,19,0,21,25,16,44,0,85,14,0,14,99
09/07/2006,MBS,MI,AGL,CE,Combined TRACON& Tower with Radar,26,12,30,4,72,0,1,13,0,14,26,13,43,4,86,20,2,22,108
09/08/2006,MBS,MI,AGL,CE,Combined TRACON& Tower with Radar,23,8,21,0,52,0,0,18,0,18,23,8,39,0,70,44,0,44,114
09/09/2006,MBS,MI,AGL,CE,Combined TRACON& Tower with Radar,24,8,17,0,49,0,0,0,0,0,24,8,17,0,49,14,0,14,63
09/10/2006,MBS,MI,AGL,CE,Combined TRACON& Tower with Radar,20,4,26,0,50,0,0,37,0,37,20,4,63,0,87,40,0,40,127
09/11/2006,MBS,MI,AGL,CE,Combined TRACON& Tower with Radar,25,9,18,0,52,0,2,20,0,22,25,11,38,0,74,36,0,36,110
09/12/2006,MBS,MI,AGL,CE,Combined TRACON& Tower with Radar,24,18,23,2,67,0,0,0,0,0,24,18,23,2,67,0,0,0,67
09/13/2006,MBS,MI,AGL,CE,Combined TRACON& Tower with Radar,35,7,40,2,84,0,0,1,0,1,35,7,41,2,85,14,0,14,99
09/14/2006,MBS,MI,AGL,CE,Combined TRACON& Tower with Radar,28,8,33,0,69,0,2,31,2,35,28,10,64,2,104,50,0,50,154
09/15/2006,MBS,MI,AGL,CE,Combined TRACON& Tower with Radar,28,5,32,0,65,0,0,12,0,12,28,5,44,0,77,68,0,68,145
09/16/2006,MBS,MI,AGL,CE,Combined TRACON& Tower with Radar,24,9,19,0,52,0,0,12,0,12,24,9,31,0,64,20,0,20,84
09/17/2006,MBS,MI,AGL,CE,Combined TRACON& Tower with Radar,22,7,20,0,49,0,1,29,0,30,22,8,49,0,79,14,0,14,93
09/18/2006,MBS,MI,AGL,CE,Combined TRACON& Tower with Radar,25,9,24,0,58,0,1,8,0,9,25,10,32,0,67,10,0,10,77
09/19/2006,MBS,MI,AGL,CE,Combined TRACON& Tower with Radar,28,9,22,3,62,0,0,16,0,16,28,9,38,3,78,30,0,30,108
09/20/2006,MBS,MI,AGL,CE,Combined TRACON& Tower with Radar,25,8,18,0,51,0,2,18,0,20,25,10,36,0,71,24,0,24,95
09/21/2006,MBS,MI,AGL,CE,Combined TRACON& Tower with Radar,30,7,39,0,76,0,3,37,2,42,30,10,76,2,118,138,0,138,256
09/22/2006,MBS,MI,AGL,CE,Combined TRACON& Tower with Radar,27,41,20,0,88,0,0,12,0,12,27,41,32,0,100,32,0,32,132
09/23/2006,MBS,MI,AGL,CE,Combined TRACON& Tower with Radar,19,17,8,0,44,0,0,2,0,2,19,17,10,0,46,12,0,12,58
09/24/2006,MBS,MI,AGL,CE,Combined TRACON& Tower with Radar,25,2,32,0,59,0,0,19,0,19,25,2,51,0,78,72,0,72,150
09/25/2006,MBS,MI,AGL,CE,Combined TRACON& Tower with Radar,24,1,31,0,56,0,2,15,0,17,24,3,46,0,73,58,0,58,131
09/26/2006,MBS,MI,AGL,CE,Combined TRACON& Tower with Radar,29,14,24,0,67,0,4,27,0,31,29,18,51,0,98,40,0,40,138
09/27/2006,MBS,MI,AGL,CE,Combined TRACON& Tower with Radar,23,17,13,0,53,0,2,6,0,8,23,19,19,0,61,24,0,24,85
09/28/2006,MBS,MI,AGL,CE,Combined TRACON& Tower with Radar,37,27,55,4,123,0,1,28,0,29,37,28,83,4,152,128,2,130,282
09/29/2006,MBS,MI,AGL,CE,Combined TRACON& Tower with Radar,24,14,20,0,58,0,0,15,0,15,24,14,35,0,73,28,0,28,101
09/30/2006,MBS,MI,AGL,CE,Combined TRACON& Tower with Radar,25,9,5,0,39,0,0,1,0,1,25,9,6,0,40,0,0,0,40
10/01/2006,MBS,MI,AGL,CE,Combined TRACON& Tower with Radar,21,3,12,0,36,0,2,40,0,42,21,5,52,0,78,56,0,56,134
10/02/2006,MBS,MI,AGL,CE,Combined TRACON& Tower with Radar,19,2,18,0,39,0,2,10,0,12,19,4,28,0,51,22,0,22,73
10/03/2006,MBS,MI,AGL,CE,Combined TRACON& Tower with Radar,30,17,23,0,70,0,3,15,1,19,30,20,38,1,89,34,0,34,123
10/04/2006,MBS,MI,AGL,CE,Combined TRACON& Tower with Radar,28,21,17,0,66,0,0,1,0,1,28,21,18,0,67,0,0,0,67
10/05/2006,MBS,MI,AGL,CE,Combined TRACON& Tower with Radar,33,20,35,0,88,0,4,45,0,49,33,24,80,0,137,52,0,52,189
10/06/2006,MBS,MI,AGL,CE,Combined TRACON& Tower with Radar,30,20,38,0,88,0,0,42,0,42,30,20,80,0,130,68,0,68,198
10/07/2006,MBS,MI,AGL,CE,Combined TRACON& Tower with Radar,25,7,6,0,38,0,4,26,0,30,25,11,32,0,68,58,0,58,126
10/08/2006,MBS,MI,AGL,CE,Combined TRACON& Tower with Radar,25,4,25,0,54,0,0,37,0,37,25,4,62,0,91,82,0,82,173
10/09/2006,MBS,MI,AGL,CE,Combined TRACON& Tower with Radar,28,4,23,0,55,0,2,23,0,25,28,6,46,0,80,20,0,20,100
10/10/2006,MBS,MI,AGL,CE,Combined TRACON& Tower with Radar,27,5,25,6,63,0,3,33,2,38,27,8,58,8,101,68,4,72,173
10/11/2006,MBS,MI,AGL,CE,Combined TRACON& Tower with Radar,26,11,42,0,79,0,0,0,0,0,26,11,42,0,79,16,0,16,95
10/12/2006,MBS,MI,AGL,CE,Combined TRACON& Tower with Radar,22,16,43,0,81,0,0,2,0,2,22,16,45,0,83,6,0,6,89
10/13/2006,MBS,MI,AGL,CE,Combined TRACON& Tower with Radar,21,9,30,0,60,0,0,0,0,0,21,9,30,0,60,0,0,0,60
10/14/2006,MBS,MI,AGL,CE,Combined TRACON& Tower with Radar,30,13,11,0,54,0,1,12,0,13,30,14,23,0,67,46,0,46,113
10/15/2006,MBS,MI,AGL,CE,Combined TRACON& Tower with Radar,19,4,41,0,64,0,0,47,0,47,19,4,88,0,111,72,0,72,183
10/16/2006,MBS,MI,AGL,CE,Combined TRACON& Tower with Radar,31,1,31,0,63,0,2,30,0,32,31,3,61,0,95,24,0,24,119
10/17/2006,MBS,MI,AGL,CE,Combined TRACON& Tower with Radar,25,7,21,0,53,0,0,0,0,0,25,7,21,0,53,0,0,0,53
10/18/2006,MBS,MI,AGL,CE,Combined TRACON& Tower with Radar,28,12,18,0,58,0,3,9,0,12,28,15,27,0,70,0,0,0,70
10/19/2006,MBS,MI,AGL,CE,Combined TRACON& Tower with Radar,20,13,38,0,71,0,1,8,0,9,20,14,46,0,80,8,0,8,88
10/20/2006,MBS,MI,AGL,CE,Combined TRACON& Tower with Radar,27,19,26,0,72,0,2,17,0,19,27,21,43,0,91,24,0,24,115
10/21/2006,MBS,MI,AGL,CE,Combined TRACON& Tower with Radar,20,10,7,0,37,0,0,2,0,2,20,10,9,0,39,6,0,6,45
10/22/2006,MBS,MI,AGL,CE,Combined TRACON& Tower with Radar,20,1,9,0,30,0,0,0,0,0,20,1,9,0,30,0,0,0,30
10/23/2006,MBS,MI,AGL,CE,Combined TRACON& Tower with Radar,20,11,8,0,39,0,3,7,0,10,20,14,15,0,49,0,0,0,49
10/24/2006,MBS,MI,AGL,CE,Combined TRACON& Tower with Radar,26,1,29,2,58,0,2,8,0,10,26,3,37,2,68,6,0,6,74
10/25/2006,MBS,MI,AGL,CE,Combined TRACON& Tower with Radar,21,12,40,0,73,0,2,33,0,35,21,14,73,0,108,54,0,54,162
10/26/2006,MBS,MI,AGL,CE,Combined TRACON& Tower with Radar,25,7,39,4,75,0,2,20,0,22,25,9,59,4,97,24,0,24,121
10/27/2006,MBS,MI,AGL,CE,Combined TRACON& Tower with Radar,21,20,26,0,67,0,0,10,0,10,21,20,36,0,77,60,0,60,137
10/28/2006,MBS,MI,AGL,CE,Combined TRACON& Tower with Radar,20,4,7,0,31,0,0,2,0,2,20,4,9,0,33,0,0,0,33
10/29/2006,MBS,MI,AGL,CE,Combined TRACON& Tower with Radar,23,3,18,0,44,0,0,33,0,33,23,3,51,0,77,16,0,16,93
10/30/2006,MBS,MI,AGL,CE,Combined TRACON& Tower with Radar,28,9,32,0,69,0,3,18,0,21,28,12,50,0,90,14,0,14,104
10/31/2006,MBS,MI,AGL,CE,Combined TRACON& Tower with Radar,25,10,13,0,48,0,4,6,0,10,25,14,19,0,58,0,0,0,58
11/01/2006,MBS,MI,AGL,CE,Combined TRACON& Tower with Radar,25,7,33,3,68,0,3,35,0,38,25,10,68,3,106,46,0,46,152
11/02/2006,MBS,MI,AGL,CE,Combined TRACON& Tower with Radar,35,6,32,0,73,0,1,20,0,21,35,7,52,0,94,22,0,22,116
11/03/2006,MBS,MI,AGL,CE,Combined TRACON& Tower with Radar,30,6,14,0,50,0,0,19,0,19,30,6,33,0,69,92,0,92,161
11/04/2006,MBS,MI,AGL,CE,Combined TRACON& Tower with Radar,20,12,15,0,47,0,1,25,0,26,20,13,40,0,73,82,0,82,155
11/05/2006,MBS,MI,AGL,CE,Combined TRACON& Tower with Radar,24,5,39,1,69,0,0,82,0,82,24,5,121,1,151,96,0,96,247
11/06/2006,MBS,MI,AGL,CE,Combined TRACON& Tower with Radar,20,21,7,0,48,0,0,52,0,52,20,21,59,0,100,52,0,52,152
11/07/2006,MBS,MI,AGL,CE,Combined TRACON& Tower with Radar,24,11,32,0,67,0,0,9,0,9,24,11,41,0,76,16,0,16,92
11/08/2006,MBS,MI,AGL,CE,Combined TRACON& Tower with Radar,24,19,46,3,92,0,0,1,0,1,24,19,47,3,93,46,2,48,141
11/09/2006,MBS,MI,AGL,CE,Combined TRACON& Tower with Radar,32,12,37,0,81,0,3,26,0,29,32,15,63,0,110,86,0,86,196
11/10/2006,MBS,MI,AGL,CE,Combined TRACON& Tower with Radar,20,18,42,0,80,0,0,11,0,11,20,18,53,0,91,62,0,62,153
11/11/2006,MBS,MI,AGL,CE,Combined TRACON& Tower with Radar,20,7,13,0,40,0,0,0,0,0,20,7,13,0,40,10,0,10,50
11/12/2006,MBS,MI,AGL,CE,Combined TRACON& Tower with Radar,20,6,31,0,57,0,0,19,0,19,20,6,50,0,76,74,0,74,150
11/13/2006,MBS,MI,AGL,CE,Combined TRACON& Tower with Radar,21,5,25,0,51,0,2,9,0,11,21,7,34,0,62,18,0,18,80
11/14/2006,MBS,MI,AGL,CE,Combined TRACON& Tower with Radar,23,11,25,0,59,0,2,3,0,5,23,13,28,0,64,4,0,4,68
11/15/2006,MBS,MI,AGL,CE,Combined TRACON& Tower with Radar,28,15,34,2,79,0,0,1,0,1,28,15,35,2,80,40,4,44,124
11/16/2006,MBS,MI,AGL,CE,Combined TRACON& Tower with Radar,22,9,44,0,75,0,0,0,0,0,22,9,44,0,75,8,0,8,83
11/17/2006,MBS,MI,AGL,CE,Combined TRACON& Tower with Radar,32,14,21,0,67,0,0,8,0,8,32,14,29,0,75,28,0,28,103
11/18/2006,MBS,MI,AGL,CE,Combined TRACON& Tower with Radar,25,6,26,0,57,0,0,20,0,20,25,6,46,0,77,70,0,70,147
11/19/2006,MBS,MI,AGL,CE,Combined TRACON& Tower with Radar,20,2,20,0,42,0,0,0,0,0,20,2,20,0,42,14,0,14,56
11/20/2006,MBS,MI,AGL,CE,Combined TRACON& Tower with Radar,25,8,39,0,72,0,2,19,0,21,25,10,58,0,93,46,0,46,139
11/21/2006,MBS,MI,AGL,CE,Combined TRACON& Tower with Radar,28,2,38,0,68,0,7,27,0,34,28,9,65,0,102,32,0,32,134
11/22/2006,MBS,MI,AGL,CE,Combined TRACON& Tower with Radar,24,9,21,0,54,0,4,23,0,27,24,13,44,0,81,12,0,12,93
11/23/2006,MBS,MI,AGL,CE,Combined TRACON& Tower with Radar,28,2,7,0,37,0,0,16,0,16,28,2,23,0,53,16,0,16,69
11/24/2006,MBS,MI,AGL,CE,Combined TRACON& Tower with Radar,28,2,2,0,32,0,0,15,0,15,28,2,17,0,47,22,0,22,69
11/25/2006,MBS,MI,AGL,CE,Combined TRACON& Tower with Radar,23,2,15,0,40,0,2,20,0,22,23,4,35,0,62,86,0,86,148
11/26/2006,MBS,MI,AGL,CE,Combined TRACON& Tower with Radar,23,6,30,0,59,0,0,6,0,6,23,6,36,0,65,28,0,28,93
11/27/2006,MBS,MI,AGL,CE,Combined TRACON& Tower with Radar,24,21,27,2,74,0,2,18,0,20,24,23,45,2,94,56,0,56,150
11/28/2006,MBS,MI,AGL,CE,Combined TRACON& Tower with Radar,28,9,43,0,80,0,2,14,0,16,28,11,57,0,96,38,0,38,134
11/29/2006,MBS,MI,AGL,CE,Combined TRACON& Tower with Radar,22,22,26,0,70,0,0,2,0,2,22,22,28,0,72,6,0,6,78
11/30/2006,MBS,MI,AGL,CE,Combined TRACON& Tower with Radar,35,3,30,0,68,0,0,0,0,0,35,3,30,0,68,0,0,0,68
12/01/2006,MBS,MI,AGL,CE,Combined TRACON& Tower with Radar,24,7,9,0,40,0,0,0,0,0,24,7,9,0,40,0,0,0,40
12/02/2006,MBS,MI,AGL,CE,Combined TRACON& Tower with Radar,30,10,25,0,65,0,0,25,0,25,30,10,50,0,90,54,0,54,144
12/03/2006,MBS,MI,AGL,CE,Combined TRACON& Tower with Radar,18,0,11,0,29,0,0,19,0,19,18,0,30,0,48,42,0,42,90
12/04/2006,MBS,MI,AGL,CE,Combined TRACON& Tower with Radar,25,10,30,0,65,0,0,2,0,2,25,10,32,0,67,0,0,0,67
12/05/2006,MBS,MI,AGL,CE,Combined TRACON& Tower with Radar,30,0,28,0,58,0,3,19,0,22,30,3,47,0,80,14,0,14,94
12/06/2006,MBS,MI,AGL,CE,Combined TRACON& Tower with Radar,23,15,21,0,59,0,1,0,0,1,23,16,21,0,60,4,0,4,64
12/07/2006,MBS,MI,AGL,CE,Combined TRACON& Tower with Radar,19,13,31,0,63,0,1,4,0,5,19,14,35,0,68,10,0,10,78
12/08/2006,MBS,MI,AGL,CE,Combined TRACON& Tower with Radar,31,3,18,0,52,0,2,15,0,17,31,5,33,0,69,2,0,2,71
12/09/2006,MBS,MI,AGL,CE,Combined TRACON& Tower with Radar,20,8,24,0,52,0,0,21,0,21,20,8,45,0,73,54,0,54,127
12/10/2006,MBS,MI,AGL,CE,Combined TRACON& Tower with Radar,21,4,20,0,45,0,1,31,0,32,21,5,51,0,77,52,0,52,129
12/11/2006,MBS,MI,AGL,CE,Combined TRACON& Tower with Radar,21,6,26,0,53,0,3,1,0,4,21,9,27,0,57,0,0,0,57
12/12/2006,MBS,MI,AGL,CE,Combined TRACON& Tower with Radar,22,11,25,0,58,0,0,4,0,4,22,11,29,0,62,0,0,0,62
12/13/2006,MBS,MI,AGL,CE,Combined TRACON& Tower with Radar,24,32,50,0,106,0,13,6,0,19,24,45,56,0,125,46,0,46,171
12/14/2006,MBS,MI,AGL,CE,Combined TRACON& Tower with Radar,21,4,34,0,59,0,4,11,0,15,21,8,45,0,74,2,0,2,76
12/15/2006,MBS,MI,AGL,CE,Combined TRACON& Tower with Radar,23,11,21,0,55,0,0,12,0,12,23,11,33,0,67,16,0,16,83
12/16/2006,MBS,MI,AGL,CE,Combined TRACON& Tower with Radar,20,5,16,0,41,0,1,30,0,31,20,6,46,0,72,40,0,40,112
12/17/2006,MBS,MI,AGL,CE,Combined TRACON& Tower with Radar,23,1,5,0,29,0,0,10,0,10,23,1,15,0,39,16,0,16,55
12/18/2006,MBS,MI,AGL,CE,Combined TRACON& Tower with Radar,22,0,17,0,39,0,2,18,0,20,22,2,35,0,59,54,0,54,113
12/19/2006,MBS,MI,AGL,CE,Combined TRACON& Tower with Radar,23,2,20,0,45,0,3,37,0,40,23,5,57,0,85,16,0,16,101
12/20/2006,MBS,MI,AGL,CE,Combined TRACON& Tower with Radar,28,3,35,0,66,0,2,28,0,30,28,5,63,0,96,30,0,30,126
12/21/2006,MBS,MI,AGL,CE,Combined TRACON& Tower with Radar,18,15,22,0,55,0,0,13,0,13,18,15,35,0,68,80,0,80,148
12/22/2006,MBS,MI,AGL,CE,Combined TRACON& Tower with Radar,19,6,8,0,33,0,0,0,0,0,19,6,8,0,33,0,0,0,33
12/23/2006,MBS,MI,AGL,CE,Combined TRACON& Tower with Radar,23,10,5,0,38,0,0,0,0,0,23,10,5,0,38,20,0,20,58
12/24/2006,MBS,MI,AGL,CE,Combined TRACON& Tower with Radar,27,0,13,0,40,0,0,15,0,15,27,0,28,0,55,78,0,78,133
12/25/2006,MBS,MI,AGL,CE,Combined TRACON& Tower with Radar,22,3,2,0,27,0,0,0,0,0,22,3,2,0,27,0,0,0,27
12/26/2006,MBS,MI,AGL,CE,Combined TRACON& Tower with Radar,22,9,6,0,37,0,0,1,0,1,22,9,7,0,38,0,0,0,38
12/27/2006,MBS,MI,AGL,CE,Combined TRACON& Tower with Radar,24,7,21,0,52,0,3,18,0,21,24,10,39,0,73,28,0,28,101
12/28/2006,MBS,MI,AGL,CE,Combined TRACON& Tower with Radar,29,9,24,0,62,0,0,5,0,5,29,9,29,0,67,0,0,0,67
12/29/2006,MBS,MI,AGL,CE,Combined TRACON& Tower with Radar,20,3,12,0,35,0,0,0,0,0,20,3,12,0,35,0,0,0,35
12/30/2006,MBS,MI,AGL,CE,Combined TRACON& Tower with Radar,23,6,18,0,47,0,0,9,0,9,23,6,27,0,56,86,0,86,142
12/31/2006,MBS,MI,AGL,CE,Combined TRACON& Tower with Radar,19,0,5,0,24,0,0,0,0,0,19,0,5,0,24,0,0,0,24
01/01/2007,MBS,MI,AGL,CE,Combined TRACON& Tower with Radar,20,0,2,0,22,0,0,6,0,6,20,0,8,0,28,18,0,18,46
01/02/2007,MBS,MI,AGL,CE,Combined TRACON& Tower with Radar,28,6,20,0,54,0,5,26,0,31,28,11,46,0,85,28,0,28,113
01/03/2007,MBS,MI,AGL,CE,Combined TRACON& Tower with Radar,25,7,14,0,46,0,0,12,0,12,25,7,26,0,58,8,0,8,66
01/04/2007,MBS,MI,AGL,CE,Combined TRACON& Tower with Radar,24,11,14,0,49,0,1,4,0,5,24,12,18,0,54,10,0,10,64
01/05/2007,MBS,MI,AGL,CE,Combined TRACON& Tower with Radar,27,6,21,0,54,0,1,8,0,9,27,7,29,0,63,16,0,16,79
01/06/2007,MBS,MI,AGL,CE,Combined TRACON& Tower with Radar,20,5,6,0,31,0,0,10,0,10,20,5,16,0,41,12,0,12,53
01/07/2007,MBS,MI,AGL,CE,Combined TRACON& Tower with Radar,22,5,34,0,61,0,1,25,0,26,22,6,59,0,87,54,0,54,141
01/08/2007,MBS,MI,AGL,CE,Combined TRACON& Tower with Radar,26,4,11,0,41,0,1,0,0,1,26,5,11,0,42,0,0,0,42
01/09/2007,MBS,MI,AGL,CE,Combined TRACON& Tower with Radar,29,4,18,0,51,0,4,12,0,16,29,8,30,0,67,4,0,4,71
01/10/2007,MBS,MI,AGL,CE,Combined TRACON& Tower with Radar,30,10,6,0,46,0,2,13,0,15,30,12,19,0,61,18,0,18,79
01/11/2007,MBS,MI,AGL,CE,Combined TRACON& Tower with Radar,25,4,23,0,52,0,3,1,0,4,25,7,24,0,56,48,0,48,104
01/12/2007,MBS,MI,AGL,CE,Combined TRACON& Tower with Radar,26,3,30,0,59,0,0,0,0,0,26,3,30,0,59,0,0,0,59
01/13/2007,MBS,MI,AGL,CE,Combined TRACON& Tower with Radar,18,5,20,0,43,0,2,9,0,11,18,7,29,0,54,38,0,38,92
01/14/2007,MBS,MI,AGL,CE,Combined TRACON& Tower with Radar,19,0,7,0,26,0,0,14,0,14,19,0,21,0,40,16,0,16,56
01/15/2007,MBS,MI,AGL,CE,Combined TRACON& Tower with Radar,22,8,7,0,37,0,0,0,0,0,22,8,7,0,37,0,0,0,37
01/16/2007,MBS,MI,AGL,CE,Combined TRACON& Tower with Radar,24,14,39,0,77,0,2,7,0,9,24,16,46,0,86,8,0,8,94
01/17/2007,MBS,MI,AGL,CE,Combined TRACON& Tower with Radar,28,13,32,0,73,0,2,4,0,6,28,15,36,0,79,10,0,10,89
01/18/2007,MBS,MI,AGL,CE,Combined TRACON& Tower with Radar,30,10,21,0,61,0,0,0,0,0,30,10,21,0,61,0,0,0,61
01/19/2007,MBS,MI,AGL,CE,Combined TRACON& Tower with Radar,25,14,12,0,51,0,0,3,0,3,25,14,15,0,54,0,0,0,54
01/20/2007,MBS,MI,AGL,CE,Combined TRACON& Tower with Radar,20,3,14,0,37,0,0,29,0,29,20,3,43,0,66,86,0,86,152
01/21/2007,MBS,MI,AGL,CE,Combined TRACON& Tower with Radar,13,11,10,0,34,0,1,3,0,4,13,12,13,0,38,18,0,18,56
01/22/2007,MBS,MI,AGL,CE,Combined TRACON& Tower with Radar,30,5,15,0,50,0,1,2,0,3,30,6,17,0,53,0,0,0,53
01/23/2007,MBS,MI,AGL,CE,Combined TRACON& Tower with Radar,26,2,34,0,62,0,3,3,0,6,26,5,37,0,68,0,0,0,68
01/24/2007,MBS,MI,AGL,CE,Combined TRACON& Tower with Radar,28,8,15,0,51,0,3,4,0,7,28,11,19,0,58,4,0,4,62
01/25/2007,MBS,MI,AGL,CE,Combined TRACON& Tower with Radar,27,5,22,0,54,0,4,10,0,14,27,9,32,0,68,40,0,40,108
01/26/2007,MBS,MI,AGL,CE,Combined TRACON& Tower with Radar,28,19,17,0,64,0,1,0,0,1,28,20,17,0,65,0,0,0,65
01/27/2007,MBS,MI,AGL,CE,Combined TRACON& Tower with Radar,17,16,8,0,41,0,5,3,0,8,17,21,11,0,49,0,0,0,49
01/28/2007,MBS,MI,AGL,CE,Combined TRACON& Tower with Radar,21,3,6,0,30,0,0,1,0,1,21,3,7,0,31,0,0,0,31
01/29/2007,MBS,MI,AGL,CE,Combined TRACON& Tower with Radar,27,7,25,0,59,0,0,8,0,8,27,7,33,0,67,40,0,40,107
01/30/2007,MBS,MI,AGL,CE,Combined TRACON& Tower with Radar,30,8,32,3,73,0,1,13,0,14,30,9,45,3,87,30,0,30,117
01/31/2007,MBS,MI,AGL,CE,Combined TRACON& Tower with Radar,25,10,32,0,67,0,3,13,0,16,25,13,45,0,83,18,0,18,101
02/01/2007,MBS,MI,AGL,CE,Combined TRACON& Tower with Radar,28,9,53,0,90,0,1,2,0,3,28,10,55,0,93,30,0,30,123
02/02/2007,MBS,MI,AGL,CE,Combined TRACON& Tower with Radar,26,15,16,0,57,0,0,0,0,0,26,15,16,0,57,2,0,2,59
02/03/2007,MBS,MI,AGL,CE,Combined TRACON& Tower with Radar,14,3,7,0,24,0,0,0,0,0,14,3,7,0,24,0,0,0,24
02/04/2007,MBS,MI,AGL,CE,Combined TRACON& Tower with Radar,18,1,13,0,32,0,0,0,0,0,18,1,13,0,32,6,0,6,38
02/05/2007,MBS,MI,AGL,CE,Combined TRACON& Tower with Radar,22,15,17,0,54,0,2,15,0,17,22,17,32,0,71,28,0,28,99
02/06/2007,MBS,MI,AGL,CE,Combined TRACON& Tower with Radar,19,6,24,0,49,0,0,10,0,10,19,6,34,0,59,16,0,16,75
02/07/2007,MBS,MI,AGL,CE,Combined TRACON& Tower with Radar,25,5,30,0,60,0,2,5,0,7,25,7,35,0,67,0,0,0,67
02/08/2007,MBS,MI,AGL,CE,Combined TRACON& Tower with Radar,26,6,26,0,58,0,2,11,3,16,26,8,37,3,74,8,0,8,82
02/09/2007,MBS,MI,AGL,CE,Combined TRACON& Tower with Radar,29,11,30,0,70,0,1,31,0,32,29,12,61,0,102,40,0,40,142
02/10/2007,MBS,MI,AGL,CE,Combined TRACON& Tower with Radar,16,4,22,0,42,0,0,20,0,20,16,4,42,0,62,32,0,32,94
02/11/2007,MBS,MI,AGL,CE,Combined TRACON& Tower with Radar,18,6,15,0,39,0,1,5,0,6,18,7,20,0,45,4,0,4,49
02/12/2007,MBS,MI,AGL,CE,Combined TRACON& Tower with Radar,24,6,38,0,68,0,2,12,1,15,24,8,50,1,83,18,0,18,101
02/13/2007,MBS,MI,AGL,CE,Combined TRACON& Tower with Radar,18,5,34,10,67,0,0,2,0,2,18,5,36,10,69,2,24,26,95
02/14/2007,MBS,MI,AGL,CE,Combined TRACON& Tower with Radar,29,4,24,0,57,0,2,7,0,9,29,6,31,0,66,0,0,0,66
02/15/2007,MBS,MI,AGL,CE,Combined TRACON& Tower with Radar,26,9,31,0,66,0,4,15,0,19,26,13,46,0,85,12,0,12,97
02/16/2007,MBS,MI,AGL,CE,Combined TRACON& Tower with Radar,37,15,38,0,90,0,0,10,0,10,37,15,48,0,100,24,0,24,124
02/17/2007,MBS,MI,AGL,CE,Combined TRACON& Tower with Radar,16,6,12,0,34,0,0,2,0,2,16,6,14,0,36,6,0,6,42
02/18/2007,MBS,MI,AGL,CE,Combined TRACON& Tower with Radar,21,1,21,0,43,0,0,9,2,11,21,1,30,2,54,8,0,8,62
02/19/2007,MBS,MI,AGL,CE,Combined TRACON& Tower with Radar,20,5,36,0,61,0,2,8,0,10,20,7,44,0,71,32,0,32,103
02/20/2007,MBS,MI,AGL,CE,Combined TRACON& Tower with Radar,27,2,33,0,62,0,2,14,0,16,27,4,47,0,78,12,0,12,90
02/21/2007,MBS,MI,AGL,CE,Combined TRACON& Tower with Radar,32,13,36,2,83,0,0,17,2,19,32,13,53,4,102,20,0,20,122
02/22/2007,MBS,MI,AGL,CE,Combined TRACON& Tower with Radar,23,6,14,0,43,0,2,0,0,2,23,8,14,0,45,0,0,0,45
02/23/2007,MBS,MI,AGL,CE,Combined TRACON& Tower with Radar,24,4,14,0,42,0,0,24,1,25,24,4,38,1,67,20,0,20,87
02/24/2007,MBS,MI,AGL,CE,Combined TRACON& Tower with Radar,21,5,17,0,43,0,5,22,1,28,21,10,39,1,71,86,0,86,157
02/25/2007,MBS,MI,AGL,CE,Combined TRACON& Tower with Radar,13,0,8,0,21,0,0,0,0,0,13,0,8,0,21,0,0,0,21
02/26/2007,MBS,MI,AGL,CE,Combined TRACON& Tower with Radar,24,11,18,0,53,0,0,2,0,2,24,11,20,0,55,0,0,0,55
02/27/2007,MBS,MI,AGL,CE,Combined TRACON& Tower with Radar,30,15,23,4,72,0,0,0,0,0,30,15,23,4,72,0,6,6,78
02/28/2007,MBS,MI,AGL,CE,Combined TRACON& Tower with Radar,29,24,31,1,85,0,0,7,2,9,29,24,38,3,94,16,2,18,112
03/01/2007,MBS,MI,AGL,CE,Combined TRACON& Tower with Radar,21,13,11,0,45,0,0,0,0,0,21,13,11,0,45,0,0,0,45
03/02/2007,MBS,MI,AGL,CE,Combined TRACON& Tower with Radar,28,21,36,1,86,0,0,0,1,1,28,21,36,2,87,20,0,20,107
03/03/2007,MBS,MI,AGL,CE,Combined TRACON& Tower with Radar,21,5,10,0,36,0,0,0,0,0,21,5,10,0,36,0,0,0,36
03/04/2007,MBS,MI,AGL,CE,Combined TRACON& Tower with Radar,20,3,14,0,37,0,0,21,0,21,20,3,35,0,58,40,0,40,98
03/05/2007,MBS,MI,AGL,CE,Combined TRACON& Tower with Radar,24,5,17,0,46,0,2,2,0,4,24,7,19,0,50,12,0,12,62
03/06/2007,MBS,MI,AGL,CE,Combined TRACON& Tower with Radar,23,12,22,14,71,0,0,29,16,45,23,12,51,30,116,26,28,54,170
03/07/2007,MBS,MI,AGL,CE,Combined TRACON& Tower with Radar,28,8,26,0,62,0,2,11,0,13,28,10,37,0,75,12,0,12,87
03/08/2007,MBS,MI,AGL,CE,Combined TRACON& Tower with Radar,24,4,47,0,75,0,2,32,0,34,24,6,79,0,109,82,0,82,191
03/09/2007,MBS,MI,AGL,CE,Combined TRACON& Tower with Radar,30,5,25,5,65,0,5,47,6,58,30,10,72,11,123,86,38,124,247
03/10/2007,MBS,MI,AGL,CE,Combined TRACON& Tower with Radar,18,8,8,0,34,0,0,22,0,22,18,8,30,0,56,78,0,78,134
03/11/2007,MBS,MI,AGL,CE,Combined TRACON& Tower with Radar,24,2,34,6,66,0,1,44,4,49,24,3,78,10,115,132,8,140,255
03/12/2007,MBS,MI,AGL,CE,Combined TRACON& Tower with Radar,27,4,14,0,45,0,2,3,0,5,27,6,17,0,50,2,0,2,52
03/13/2007,MBS,MI,AGL,CE,Combined TRACON& Tower with Radar,30,9,32,6,77,0,2,19,0,21,30,11,51,6,98,18,8,26,124
03/14/2007,MBS,MI,AGL,CE,Combined TRACON& Tower with Radar,33,7,25,10,75,0,1,5,0,6,33,8,30,10,81,0,12,12,93
03/15/2007,MBS,MI,AGL,CE,Combined TRACON& Tower with Radar,26,5,35,0,66,0,1,10,0,11,26,6,45,0,77,12,0,12,89
03/16/2007,MBS,MI,AGL,CE,Combined TRACON& Tower with Radar,37,16,45,0,98,0,2,26,0,28,37,18,71,0,126,52,0,52,178
03/17/2007,MBS,MI,AGL,CE,Combined TRACON& Tower with Radar,23,8,20,0,51,0,0,39,0,39,23,8,59,0,90,80,0,80,170
03/18/2007,MBS,MI,AGL,CE,Combined TRACON& Tower with Radar,21,3,20,0,44,0,0,39,0,39,21,3,59,0,83,64,0,64,147
03/19/2007,MBS,MI,AGL,CE,Combined TRACON& Tower with Radar,26,3,9,0,38,0,2,0,0,2,26,5,9,0,40,6,0,6,46
03/20/2007,MBS,MI,AGL,CE,Combined TRACON& Tower with Radar,29,4,17,0,50,0,3,16,0,19,29,7,33,0,69,12,0,12,81
03/21/2007,MBS,MI,AGL,CE,Combined TRACON& Tower with Radar,22,8,23,0,53,0,0,0,0,0,22,8,23,0,53,0,0,0,53
03/22/2007,MBS,MI,AGL,CE,Combined TRACON& Tower with Radar,25,4,14,0,43,0,3,2,0,5,25,7,16,0,48,6,0,6,54
03/23/2007,MBS,MI,AGL,CE,Combined TRACON& Tower with Radar,26,2,18,0,46,0,0,27,0,27,26,2,45,0,73,88,0,88,161
03/24/2007,MBS,MI,AGL,CE,Combined TRACON& Tower with Radar,15,5,23,0,43,0,3,8,0,11,15,8,31,0,54,20,0,20,74
03/25/2007,MBS,MI,AGL,CE,Combined TRACON& Tower with Radar,22,0,19,0,41,0,0,26,0,26,22,0,45,0,67,16,0,16,83
03/26/2007,MBS,MI,AGL,CE,Combined TRACON& Tower with Radar,22,3,13,0,38,0,2,2,0,4,22,5,15,0,42,0,0,0,42
03/27/2007,MBS,MI,AGL,CE,Combined TRACON& Tower with Radar,22,15,15,0,52,0,0,6,0,6,22,15,21,0,58,2,0,2,60
03/28/2007,MBS,MI,AGL,CE,Combined TRACON& Tower with Radar,24,4,34,0,62,0,1,13,1,15,24,5,47,1,77,18,0,18,95
03/29/2007,MBS,MI,AGL,CE,Combined TRACON& Tower with Radar,30,5,27,0,62,0,0,64,0,64,30,5,91,0,126,110,2,112,238
03/30/2007,MBS,MI,AGL,CE,Combined TRACON& Tower with Radar,24,5,17,0,46,0,0,16,0,16,24,5,33,0,62,40,0,40,102
03/31/2007,MBS,MI,AGL,CE,Combined TRACON& Tower with Radar,20,5,15,0,40,0,0,20,0,20,20,5,35,0,60,26,6,32,92
04/01/2007,MBS,MI,AGL,CE,Combined TRACON& Tower with Radar,22,0,13,0,35,0,0,1,0,1,22,0,14,0,36,6,0,6,42
04/02/2007,MBS,MI,AGL,CE,Combined TRACON& Tower with Radar,27,8,19,0,54,0,0,3,0,3,27,8,22,0,57,6,0,6,63
04/03/2007,MBS,MI,AGL,CE,Combined TRACON& Tower with Radar,23,22,31,0,76,0,0,0,0,0,23,22,31,0,76,0,0,0,76
04/04/2007,MBS,MI,AGL,CE,Combined TRACON& Tower with Radar,28,20,27,0,75,0,0,0,0,0,28,20,27,0,75,0,0,0,75
04/05/2007,MBS,MI,AGL,CE,Combined TRACON& Tower with Radar,28,6,28,0,62,0,2,0,0,2,28,8,28,0,64,0,0,0,64
04/06/2007,MBS,MI,AGL,CE,Combined TRACON& Tower with Radar,25,2,15,0,42,0,0,0,0,0,25,2,15,0,42,0,0,0,42
04/07/2007,MBS,MI,AGL,CE,Combined TRACON& Tower with Radar,24,5,19,0,48,0,0,0,0,0,24,5,19,0,48,0,0,0,48
04/08/2007,MBS,MI,AGL,CE,Combined TRACON& Tower with Radar,21,2,8,0,31,0,0,1,0,1,21,2,9,0,32,2,0,2,34
04/09/2007,MBS,MI,AGL,CE,Combined TRACON& Tower with Radar,26,3,15,0,44,0,2,14,0,16,26,5,29,0,60,4,0,4,64
04/10/2007,MBS,MI,AGL,CE,Combined TRACON& Tower with Radar,27,7,32,0,66,0,0,42,0,42,27,7,74,0,108,16,0,16,124
04/11/2007,MBS,MI,AGL,CE,Combined TRACON& Tower with Radar,27,12,31,0,70,0,0,0,0,0,27,12,31,0,70,0,0,0,70
04/12/2007,MBS,MI,AGL,CE,Combined TRACON& Tower with Radar,26,7,27,0,60,0,1,0,0,1,26,8,27,0,61,0,0,0,61
04/13/2007,MBS,MI,AGL,CE,Combined TRACON& Tower with Radar,24,10,22,1,57,0,3,17,1,21,24,13,39,2,78,12,4,16,94
04/14/2007,MBS,MI,AGL,CE,Combined TRACON& Tower with Radar,25,12,20,0,57,0,1,30,0,31,25,13,50,0,88,62,0,62,150
04/15/2007,MBS,MI,AGL,CE,Combined TRACON& Tower with Radar,20,0,9,0,29,0,1,19,0,20,20,1,28,0,49,24,0,24,73
04/16/2007,MBS,MI,AGL,CE,Combined TRACON& Tower with Radar,29,17,10,0,56,0,0,10,0,10,29,17,20,0,66,34,0,34,100
04/17/2007,MBS,MI,AGL,CE,Combined TRACON& Tower with Radar,31,9,11,0,51,0,6,19,0,25,31,15,30,0,76,32,0,32,108
04/18/2007,MBS,MI,AGL,CE,Combined TRACON& Tower with Radar,25,22,27,0,74,0,0,2,0,2,25,22,29,0,76,0,0,0,76
04/19/2007,MBS,MI,AGL,CE,Combined TRACON& Tower with Radar,25,5,23,3,56,0,4,25,2,31,25,9,48,5,87,64,0,64,151
04/20/2007,MBS,MI,AGL,CE,Combined TRACON& Tower with Radar,31,13,26,0,70,0,3,34,1,38,31,16,60,1,108,136,0,136,244
04/21/2007,MBS,MI,AGL,CE,Combined TRACON& Tower with Radar,21,4,22,0,47,0,1,41,0,42,21,5,63,0,89,52,0,52,141
04/22/2007,MBS,MI,AGL,CE,Combined TRACON& Tower with Radar,21,0,15,4,40,0,0,37,2,39,21,0,52,6,79,56,0,56,135
04/23/2007,MBS,MI,AGL,CE,Combined TRACON& Tower with Radar,25,6,15,0,46,0,0,7,0,7,25,6,22,0,53,0,0,0,53
04/24/2007,MBS,MI,AGL,CE,Combined TRACON& Tower with Radar,36,11,29,2,78,0,8,18,0,26,36,19,47,2,104,18,0,18,122
04/25/2007,MBS,MI,AGL,CE,Combined TRACON& Tower with Radar,31,8,60,0,99,0,0,8,0,8,31,8,68,0,107,66,0,66,173
04/26/2007,MBS,MI,AGL,CE,Combined TRACON& Tower with Radar,30,5,27,0,62,0,0,0,0,0,30,5,27,0,62,0,0,0,62
04/27/2007,MBS,MI,AGL,CE,Combined TRACON& Tower with Radar,21,11,31,0,63,0,0,0,0,0,21,11,31,0,63,0,0,0,63
04/28/2007,MBS,MI,AGL,CE,Combined TRACON& Tower with Radar,20,7,20,0,47,0,5,45,0,50,20,12,65,0,97,86,0,86,183
04/29/2007,MBS,MI,AGL,CE,Combined TRACON& Tower with Radar,23,0,10,0,33,0,0,12,0,12,23,0,22,0,45,26,0,26,71
04/30/2007,MBS,MI,AGL,CE,Combined TRACON& Tower with Radar,21,7,36,0,64,0,0,32,0,32,21,7,68,0,96,58,0,58,154
05/01/2007,MBS,MI,AGL,CE,Combined TRACON& Tower with Radar,30,8,19,0,57,0,0,1,0,1,30,8,20,0,58,0,0,0,58
05/02/2007,MBS,MI,AGL,CE,Combined TRACON& Tower with Radar,28,9,32,0,69,0,3,20,0,23,28,12,52,0,92,8,0,8,100
05/03/2007,MBS,MI,AGL,CE,Combined TRACON& Tower with Radar,35,10,31,0,76,0,6,41,0,47,35,16,72,0,123,122,0,122,245
05/04/2007,MBS,MI,AGL,CE,Combined TRACON& Tower with Radar,25,4,32,0,61,0,1,42,0,43,25,5,74,0,104,116,0,116,220
05/05/2007,MBS,MI,AGL,CE,Combined TRACON& Tower with Radar,18,16,25,0,59,0,10,35,0,45,18,26,60,0,104,114,0,114,218
05/06/2007,MBS,MI,AGL,CE,Combined TRACON& Tower with Radar,24,9,19,0,52,0,10,29,0,39,24,19,48,0,91,76,0,76,167
05/07/2007,MBS,MI,AGL,CE,Combined TRACON& Tower with Radar,24,5,21,0,50,0,2,12,0,14,24,7,33,0,64,34,0,34,98
05/08/2007,MBS,MI,AGL,CE,Combined TRACON& Tower with Radar,25,3,29,2,59,0,4,41,0,45,25,7,70,2,104,50,0,50,154
05/09/2007,MBS,MI,AGL,CE,Combined TRACON& Tower with Radar,27,8,30,0,65,0,0,1,0,1,27,8,31,0,66,0,0,0,66
05/10/2007,MBS,MI,AGL,CE,Combined TRACON& Tower with Radar,27,20,52,0,99,0,6,30,0,36,27,26,82,0,135,92,0,92,227
05/11/2007,MBS,MI,AGL,CE,Combined TRACON& Tower with Radar,25,14,19,0,58,0,9,42,0,51,25,23,61,0,109,130,0,130,239
05/12/2007,MBS,MI,AGL,CE,Combined TRACON& Tower with Radar,20,11,14,0,45,0,10,21,0,31,20,21,35,0,76,88,0,88,164
05/13/2007,MBS,MI,AGL,CE,Combined TRACON& Tower with Radar,22,14,19,0,55,0,11,39,0,50,22,25,58,0,105,90,0,90,195
05/14/2007,MBS,MI,AGL,CE,Combined TRACON& Tower with Radar,26,9,14,0,49,0,9,3,0,12,26,18,17,0,61,22,0,22,83
05/15/2007,MBS,MI,AGL,CE,Combined TRACON& Tower with Radar,26,16,20,0,62,0,2,6,0,8,26,18,26,0,70,6,0,6,76
05/16/2007,MBS,MI,AGL,CE,Combined TRACON& Tower with Radar,26,40,34,0,100,0,7,2,0,9,26,47,36,0,109,84,0,84,193
05/17/2007,MBS,MI,AGL,CE,Combined TRACON& Tower with Radar,33,7,40,0,80,0,6,31,0,37,33,13,71,0,117,108,0,108,225
05/18/2007,MBS,MI,AGL,CE,Combined TRACON& Tower with Radar,25,29,75,0,129,0,12,71,0,83,25,41,146,0,212,228,0,228,440
05/19/2007,MBS,MI,AGL,CE,Combined TRACON& Tower with Radar,21,6,19,0,46,0,0,19,0,19,21,6,38,0,65,28,0,28,93
05/20/2007,MBS,MI,AGL,CE,Combined TRACON& Tower with Radar,23,2,30,0,55,0,0,13,0,13,23,2,43,0,68,6,0,6,74
05/21/2007,MBS,MI,AGL,CE,Combined TRACON& Tower with Radar,26,22,21,0,69,0,2,20,0,22,26,24,41,0,91,46,0,46,137
05/22/2007,MBS,MI,AGL,CE,Combined TRACON& Tower with Radar,22,5,24,0,51,0,2,17,0,19,22,7,41,0,70,6,0,6,76
05/23/2007,MBS,MI,AGL,CE,Combined TRACON& Tower with Radar,24,27,34,0,85,0,2,15,0,17,24,29,49,0,102,58,0,58,160
05/24/2007,MBS,MI,AGL,CE,Combined TRACON& Tower with Radar,30,7,55,0,92,0,5,26,0,31,30,12,81,0,123,48,0,48,171
05/25/2007,MBS,MI,AGL,CE,Combined TRACON& Tower with Radar,32,24,33,0,89,0,4,35,0,39,32,28,68,0,128,44,0,44,172
05/26/2007,MBS,MI,AGL,CE,Combined TRACON& Tower with Radar,20,4,13,0,37,0,0,11,0,11,20,4,24,0,48,18,0,18,66
05/27/2007,MBS,MI,AGL,CE,Combined TRACON& Tower with Radar,16,0,16,0,32,0,0,2,0,2,16,0,18,0,34,0,0,0,34
05/28/2007,MBS,MI,AGL,CE,Combined TRACON& Tower with Radar,18,3,24,0,45,0,2,22,0,24,18,5,46,0,69,32,0,32,101
05/29/2007,MBS,MI,AGL,CE,Combined TRACON& Tower with Radar,27,6,29,0,62,0,2,20,0,22,27,8,49,0,84,22,0,22,106
05/30/2007,MBS,MI,AGL,CE,Combined TRACON& Tower with Radar,29,7,25,0,61,0,2,11,0,13,29,9,36,0,74,6,0,6,80
05/31/2007,MBS,MI,AGL,CE,Combined TRACON& Tower with Radar,28,8,25,0,61,0,3,33,0,36,28,11,58,0,97,166,0,166,263
06/01/2007,MBS,MI,AGL,CE,Combined TRACON& Tower with Radar,26,4,23,1,54,0,0,4,2,6,26,4,27,3,60,2,2,4,64
06/02/2007,MBS,MI,AGL,CE,Combined TRACON& Tower with Radar,22,12,10,3,47,0,0,14,0,14,22,12,24,3,61,24,0,24,85
06/03/2007,MBS,MI,AGL,CE,Combined TRACON& Tower with Radar,23,5,25,0,53,0,0,7,0,7,23,5,32,0,60,8,0,8,68
06/04/2007,MBS,MI,AGL,CE,Combined TRACON& Tower with Radar,19,7,16,1,43,0,2,0,1,3,19,9,16,2,46,2,0,2,48
06/05/2007,MBS,MI,AGL,CE,Combined TRACON& Tower with Radar,26,6,33,0,65,0,3,10,0,13,26,9,43,0,78,66,0,66,144
06/06/2007,MBS,MI,AGL,CE,Combined TRACON& Tower with Radar,24,4,37,0,65,0,0,15,0,15,24,4,52,0,80,52,0,52,132
06/07/2007,MBS,MI,AGL,CE,Combined TRACON& Tower with Radar,21,5,26,1,53,0,5,6,1,12,21,10,32,2,65,22,0,22,87
06/08/2007,MBS,MI,AGL,CE,Combined TRACON& Tower with Radar,23,6,21,0,50,0,2,4,0,6,23,8,25,0,56,2,0,2,58
06/09/2007,MBS,MI,AGL,CE,Combined TRACON& Tower with Radar,26,4,16,0,46,0,1,21,0,22,26,5,37,0,68,74,0,74,142
06/10/2007,MBS,MI,AGL,CE,Combined TRACON& Tower with Radar,22,1,25,0,48,0,0,41,0,41,22,1,66,0,89,50,0,50,139
06/11/2007,MBS,MI,AGL,CE,Combined TRACON& Tower with Radar,29,12,26,0,67,0,1,26,0,27,29,13,52,0,94,2,2,4,98
06/12/2007,MBS,MI,AGL,CE,Combined TRACON& Tower with Radar,26,6,31,0,63,0,2,15,0,17,26,8,46,0,80,24,0,24,104
06/13/2007,MBS,MI,AGL,CE,Combined TRACON& Tower with Radar,28,22,29,0,79,0,4,18,1,23,28,26,47,1,102,22,0,22,124
06/14/2007,MBS,MI,AGL,CE,Combined TRACON& Tower with Radar,30,6,36,0,72,0,2,42,0,44,30,8,78,0,116,110,0,110,226
06/15/2007,MBS,MI,AGL,CE,Combined TRACON& Tower with Radar,25,6,20,0,51,0,0,32,0,32,25,6,52,0,83,84,0,84,167
06/16/2007,MBS,MI,AGL,CE,Combined TRACON& Tower with Radar,25,5,15,0,45,0,0,32,0,32,25,5,47,0,77,64,0,64,141
06/17/2007,MBS,MI,AGL,CE,Combined TRACON& Tower with Radar,23,0,24,0,47,0,0,34,0,34,23,0,58,0,81,58,0,58,139
06/18/2007,MBS,MI,AGL,CE,Combined TRACON& Tower with Radar,24,12,47,0,83,0,2,11,0,13,24,14,58,0,96,38,0,38,134
06/19/2007,MBS,MI,AGL,CE,Combined TRACON& Tower with Radar,25,10,4,0,39,0,2,2,0,4,25,12,6,0,43,36,0,36,79
06/20/2007,MBS,MI,AGL,CE,Combined TRACON& Tower with Radar,24,10,33,0,67,0,2,16,0,18,24,12,49,0,85,28,0,28,113
06/21/2007,MBS,MI,AGL,CE,Combined TRACON& Tower with Radar,28,5,35,0,68,0,5,17,1,23,28,10,52,1,91,2,0,2,93
06/22/2007,MBS,MI,AGL,CE,Combined TRACON& Tower with Radar,23,12,40,0,75,0,0,42,0,42,23,12,82,0,117,84,0,84,201
06/23/2007,MBS,MI,AGL,CE,Combined TRACON& Tower with Radar,25,8,16,0,49,0,3,18,2,23,25,11,34,2,72,56,0,56,128
06/24/2007,MBS,MI,AGL,CE,Combined TRACON& Tower with Radar,23,2,40,0,65,0,0,19,0,19,23,2,59,0,84,14,0,14,98
06/25/2007,MBS,MI,AGL,CE,Combined TRACON& Tower with Radar,22,7,35,0,64,0,2,25,0,27,22,9,60,0,91,40,0,40,131
06/26/2007,MBS,MI,AGL,CE,Combined TRACON& Tower with Radar,26,9,33,0,68,0,0,14,2,16,26,9,47,2,84,42,0,42,126
06/27/2007,MBS,MI,AGL,CE,Combined TRACON& Tower with Radar,19,18,17,0,54,0,4,6,0,10,19,22,23,0,64,0,0,0,64
06/28/2007,MBS,MI,AGL,CE,Combined TRACON& Tower with Radar,26,10,24,0,60,0,2,15,0,17,26,12,39,0,77,4,0,4,81
06/29/2007,MBS,MI,AGL,CE,Combined TRACON& Tower with Radar,27,5,43,0,75,0,0,27,0,27,27,5,70,0,102,16,0,16,118
06/30/2007,MBS,MI,AGL,CE,Combined TRACON& Tower with Radar,24,2,9,0,35,0,1,31,0,32,24,3,40,0,67,86,0,86,153
07/01/2007,MBS,MI,AGL,CE,Combined TRACON& Tower with Radar,24,0,23,0,47,0,0,16,0,16,24,0,39,0,63,12,0,12,75
07/02/2007,MBS,MI,AGL,CE,Combined TRACON& Tower with Radar,21,8,14,0,43,0,0,26,0,26,21,8,40,0,69,40,0,40,109
07/03/2007,MBS,MI,AGL,CE,Combined TRACON& Tower with Radar,20,10,36,0,66,0,2,22,0,24,20,12,58,0,90,60,0,60,150
07/04/2007,MBS,MI,AGL,CE,Combined TRACON& Tower with Radar,17,3,8,0,28,0,0,2,0,2,17,3,10,0,30,4,0,4,34
07/05/2007,MBS,MI,AGL,CE,Combined TRACON& Tower with Radar,21,10,9,0,40,0,0,8,0,8,21,10,17,0,48,6,0,6,54
07/06/2007,MBS,MI,AGL,CE,Combined TRACON& Tower with Radar,28,17,22,0,67,0,4,30,0,34,28,21,52,0,101,70,0,70,171
07/07/2007,MBS,MI,AGL,CE,Combined TRACON& Tower with Radar,29,2,15,0,46,0,0,21,0,21,29,2,36,0,67,18,0,18,85
07/08/2007,MBS,MI,AGL,CE,Combined TRACON& Tower with Radar,23,2,19,0,44,0,0,11,0,11,23,2,30,0,55,0,0,0,55
07/09/2007,MBS,MI,AGL,CE,Combined TRACON& Tower with Radar,21,19,21,0,61,0,2,6,0,8,21,21,27,0,69,2,0,2,71
07/10/2007,MBS,MI,AGL,CE,Combined TRACON& Tower with Radar,31,12,27,0,70,0,2,10,0,12,31,14,37,0,82,22,0,22,104
07/11/2007,MBS,MI,AGL,CE,Combined TRACON& Tower with Radar,26,6,53,2,87,0,1,14,0,15,26,7,67,2,102,60,0,60,162
07/12/2007,MBS,MI,AGL,CE,Combined TRACON& Tower with Radar,25,12,24,0,61,0,3,12,0,15,25,15,36,0,76,30,0,30,106
07/13/2007,MBS,MI,AGL,CE,Combined TRACON& Tower with Radar,29,2,14,0,45,0,0,20,0,20,29,2,34,0,65,72,0,72,137
07/14/2007,MBS,MI,AGL,CE,Combined TRACON& Tower with Radar,21,5,7,0,33,0,0,0,0,0,21,5,7,0,33,0,0,0,33
07/15/2007,MBS,MI,AGL,CE,Combined TRACON& Tower with Radar,24,3,15,0,42,0,0,32,0,32,24,3,47,0,74,50,0,50,124
07/16/2007,MBS,MI,AGL,CE,Combined TRACON& Tower with Radar,25,5,25,0,55,0,3,13,0,16,25,8,38,0,71,8,0,8,79
07/17/2007,MBS,MI,AGL,CE,Combined TRACON& Tower with Radar,26,5,35,8,74,0,2,17,6,25,26,7,52,14,99,56,6,62,161
07/18/2007,MBS,MI,AGL,CE,Combined TRACON& Tower with Radar,26,4,39,0,69,0,2,0,0,2,26,6,39,0,71,0,0,0,71
07/19/2007,MBS,MI,AGL,CE,Combined TRACON& Tower with Radar,26,6,39,0,71,0,2,9,0,11,26,8,48,0,82,4,0,4,86
07/20/2007,MBS,MI,AGL,CE,Combined TRACON& Tower with Radar,27,3,26,1,57,0,1,49,1,51,27,4,75,2,108,128,0,128,236
07/21/2007,MBS,MI,AGL,CE,Combined TRACON& Tower with Radar,25,5,18,0,48,0,0,52,0,52,25,5,70,0,100,46,0,46,146
07/22/2007,MBS,MI,AGL,CE,Combined TRACON& Tower with Radar,24,2,36,0,62,0,0,35,0,35,24,2,71,0,97,64,0,64,161
07/23/2007,MBS,MI,AGL,CE,Combined TRACON& Tower with Radar,26,7,36,0,69,0,4,22,0,26,26,11,58,0,95,16,0,16,111
07/24/2007,MBS,MI,AGL,CE,Combined TRACON& Tower with Radar,23,6,30,0,59,0,3,23,1,27,23,9,53,1,86,24,0,24,110
07/25/2007,MBS,MI,AGL,CE,Combined TRACON& Tower with Radar,23,8,35,0,66,0,0,18,0,18,23,8,53,0,84,4,0,4,88
07/26/2007,MBS,MI,AGL,CE,Combined TRACON& Tower with Radar,26,9,38,0,73,0,0,3,0,3,26,9,41,0,76,0,0,0,76
07/27/2007,MBS,MI,AGL,CE,Combined TRACON& Tower with Radar,26,2,16,0,44,0,0,6,0,6,26,2,22,0,50,4,0,4,54
07/28/2007,MBS,MI,AGL,CE,Combined TRACON& Tower with Radar,23,2,27,0,52,0,2,18,0,20,23,4,45,0,72,84,0,84,156
07/29/2007,MBS,MI,AGL,CE,Combined TRACON& Tower with Radar,24,1,21,0,46,0,0,26,0,26,24,1,47,0,72,28,0,28,100
07/30/2007,MBS,MI,AGL,CE,Combined TRACON& Tower with Radar,22,11,12,0,45,0,1,17,0,18,22,12,29,0,63,0,0,0,63
07/31/2007,MBS,MI,AGL,CE,Combined TRACON& Tower with Radar,23,6,23,0,52,0,1,18,0,19,23,7,41,0,71,12,0,12,83
08/01/2007,MBS,MI,AGL,CE,Combined TRACON& Tower with Radar,25,17,24,0,66,0,2,11,0,13,25,19,35,0,79,12,0,12,91
08/02/2007,MBS,MI,AGL,CE,Combined TRACON& Tower with Radar,24,10,40,0,74,0,4,11,0,15,24,14,51,0,89,10,0,10,99
08/03/2007,MBS,MI,AGL,CE,Combined TRACON& Tower with Radar,25,2,20,0,47,0,1,26,0,27,25,3,46,0,74,10,0,10,84
08/04/2007,MBS,MI,AGL,CE,Combined TRACON& Tower with Radar,19,7,7,0,33,0,2,25,0,27,19,9,32,0,60,12,0,12,72
08/05/2007,MBS,MI,AGL,CE,Combined TRACON& Tower with Radar,22,1,27,0,50,0,1,10,0,11,22,2,37,0,61,42,0,42,103
08/06/2007,MBS,MI,AGL,CE,Combined TRACON& Tower with Radar,32,7,19,0,58,0,2,14,0,16,32,9,33,0,74,6,0,6,80
08/07/2007,MBS,MI,AGL,CE,Combined TRACON& Tower with Radar,30,3,24,0,57,0,3,8,0,11,30,6,32,0,68,24,0,24,92
08/08/2007,MBS,MI,AGL,CE,Combined TRACON& Tower with Radar,23,12,35,0,70,0,2,34,0,36,23,14,69,0,106,40,0,40,146
08/09/2007,MBS,MI,AGL,CE,Combined TRACON& Tower with Radar,23,4,18,0,45,0,1,4,0,5,23,5,22,0,50,0,0,0,50
08/10/2007,MBS,MI,AGL,CE,Combined TRACON& Tower with Radar,27,4,13,0,44,0,0,6,0,6,27,4,19,0,50,16,0,16,66
08/11/2007,MBS,MI,AGL,CE,Combined TRACON& Tower with Radar,24,5,2,0,31,0,1,22,0,23,24,6,24,0,54,58,0,58,112
08/12/2007,MBS,MI,AGL,CE,Combined TRACON& Tower with Radar,22,0,14,0,36,0,0,20,0,20,22,0,34,0,56,2,0,2,58
08/13/2007,MBS,MI,AGL,CE,Combined TRACON& Tower with Radar,22,11,4,0,37,0,3,23,0,26,22,14,27,0,63,20,0,20,83
08/14/2007,MBS,MI,AGL,CE,Combined TRACON& Tower with Radar,29,4,17,0,50,0,5,14,1,20,29,9,31,1,70,14,0,14,84
08/15/2007,MBS,MI,AGL,CE,Combined TRACON& Tower with Radar,26,13,23,1,63,0,3,16,0,19,26,16,39,1,82,32,0,32,114
08/16/2007,MBS,MI,AGL,CE,Combined TRACON& Tower with Radar,26,11,18,0,55,0,1,18,0,19,26,12,36,0,74,6,0,6,80
08/17/2007,MBS,MI,AGL,CE,Combined TRACON& Tower with Radar,28,8,30,0,66,0,0,38,1,39,28,8,68,1,105,96,0,96,201
08/18/2007,MBS,MI,AGL,CE,Combined TRACON& Tower with Radar,28,6,15,0,49,0,0,21,0,21,28,6,36,0,70,4,0,4,74
08/19/2007,MBS,MI,AGL,CE,Combined TRACON& Tower with Radar,18,0,26,0,44,0,0,1,0,1,18,0,27,0,45,0,0,0,45
08/20/2007,MBS,MI,AGL,CE,Combined TRACON& Tower with Radar,24,8,45,0,77,0,0,1,0,1,24,8,46,0,78,8,0,8,86
08/21/2007,MBS,MI,AGL,CE,Combined TRACON& Tower with Radar,24,8,14,0,46,0,0,4,0,4,24,8,18,0,50,6,0,6,56
08/22/2007,MBS,MI,AGL,CE,Combined TRACON& Tower with Radar,23,14,17,0,54,0,0,11,0,11,23,14,28,0,65,14,0,14,79
08/23/2007,MBS,MI,AGL,CE,Combined TRACON& Tower with Radar,20,9,25,0,54,0,2,11,0,13,20,11,36,0,67,12,0,12,79
08/24/2007,MBS,MI,AGL,CE,Combined TRACON& Tower with Radar,25,4,33,0,62,0,2,17,0,19,25,6,50,0,81,18,0,18,99
08/25/2007,MBS,MI,AGL,CE,Combined TRACON& Tower with Radar,19,5,12,0,36,0,0,19,1,20,19,5,31,1,56,20,0,20,76
08/26/2007,MBS,MI,AGL,CE,Combined TRACON& Tower with Radar,22,1,31,0,54,0,0,48,0,48,22,1,79,0,102,32,0,32,134
08/27/2007,MBS,MI,AGL,CE,Combined TRACON& Tower with Radar,21,18,19,0,58,0,2,13,0,15,21,20,32,0,73,10,0,10,83
08/28/2007,MBS,MI,AGL,CE,Combined TRACON& Tower with Radar,25,6,19,0,50,0,4,22,0,26,25,10,41,0,76,24,0,24,100
08/29/2007,MBS,MI,AGL,CE,Combined TRACON& Tower with Radar,25,15,25,0,65,0,1,21,0,22,25,16,46,0,87,14,0,14,101
08/30/2007,MBS,MI,AGL,CE,Combined TRACON& Tower with Radar,24,6,27,0,57,0,3,23,0,26,24,9,50,0,83,12,0,12,95
08/31/2007,MBS,MI,AGL,CE,Combined TRACON& Tower with Radar,24,3,15,0,42,0,2,53,0,55,24,5,68,0,97,78,0,78,175
09/01/2007,MBS,MI,AGL,CE,Combined TRACON& Tower with Radar,18,6,8,0,32,0,0,22,0,22,18,6,30,0,54,8,0,8,62
09/02/2007,MBS,MI,AGL,CE,Combined TRACON& Tower with Radar,19,0,4,0,23,0,0,18,0,18,19,0,22,0,41,10,0,10,51
09/03/2007,MBS,MI,AGL,CE,Combined TRACON& Tower with Radar,23,1,12,0,36,0,0,14,0,14,23,1,26,0,50,4,0,4,54
09/04/2007,MBS,MI,AGL,CE,Combined TRACON& Tower with Radar,25,4,19,0,48,0,4,20,0,24,25,8,39,0,72,16,0,16,88
09/05/2007,MBS,MI,AGL,CE,Combined TRACON& Tower with Radar,23,9,26,0,58,0,2,21,0,23,23,11,47,0,81,38,0,38,119
09/06/2007,MBS,MI,AGL,CE,Combined TRACON& Tower with Radar,28,34,18,0,80,0,9,9,0,18,28,43,27,0,98,6,0,6,104
09/07/2007,MBS,MI,AGL,CE,Combined TRACON& Tower with Radar,24,5,36,0,65,0,0,7,2,9,24,5,43,2,74,0,0,0,74
09/08/2007,MBS,MI,AGL,CE,Combined TRACON& Tower with Radar,20,10,16,0,46,0,1,15,0,16,20,11,31,0,62,62,0,62,124
09/09/2007,MBS,MI,AGL,CE,Combined TRACON& Tower with Radar,21,1,25,0,47,0,0,12,0,12,21,1,37,0,59,10,0,10,69
09/10/2007,MBS,MI,AGL,CE,Combined TRACON& Tower with Radar,26,7,27,0,60,0,2,4,4,10,26,9,31,4,70,8,0,8,78
09/11/2007,MBS,MI,AGL,CE,Combined TRACON& Tower with Radar,24,9,39,0,72,0,4,0,4,8,24,13,39,4,80,6,0,6,86
09/12/2007,MBS,MI,AGL,CE,Combined TRACON& Tower with Radar,25,10,40,0,75,0,2,26,0,28,25,12,66,0,103,28,0,28,131
09/13/2007,MBS,MI,AGL,CE,Combined TRACON& Tower with Radar,35,5,25,0,65,0,3,28,0,31,35,8,53,0,96,20,0,20,116
09/14/2007,MBS,MI,AGL,CE,Combined TRACON& Tower with Radar,39,4,41,0,84,0,0,17,0,17,39,4,58,0,101,12,0,12,113
09/15/2007,MBS,MI,AGL,CE,Combined TRACON& Tower with Radar,18,4,12,0,34,0,0,41,0,41,18,4,53,0,75,54,0,54,129
09/16/2007,MBS,MI,AGL,CE,Combined TRACON& Tower with Radar,21,2,21,0,44,0,0,31,0,31,21,2,52,0,75,46,0,46,121
09/17/2007,MBS,MI,AGL,CE,Combined TRACON& Tower with Radar,25,7,25,0,57,0,2,28,0,30,25,9,53,0,87,44,0,44,131
09/18/2007,MBS,MI,AGL,CE,Combined TRACON& Tower with Radar,26,8,12,0,46,0,4,11,0,15,26,12,23,0,61,22,0,22,83
09/19/2007,MBS,MI,AGL,CE,Combined TRACON& Tower with Radar,30,7,37,2,76,0,3,16,0,19,30,10,53,2,95,4,0,4,99
09/20/2007,MBS,MI,AGL,CE,Combined TRACON& Tower with Radar,35,7,40,0,82,0,4,14,0,18,35,11,54,0,100,4,0,4,104
09/21/2007,MBS,MI,AGL,CE,Combined TRACON& Tower with Radar,26,4,35,0,65,0,0,14,0,14,26,4,49,0,79,54,0,54,133
09/22/2007,MBS,MI,AGL,CE,Combined TRACON& Tower with Radar,22,2,13,2,39,0,0,49,0,49,22,2,62,2,88,40,0,40,128
09/23/2007,MBS,MI,AGL,CE,Combined TRACON& Tower with Radar,19,4,17,2,42,0,0,45,0,45,19,4,62,2,87,92,0,92,179
09/24/2007,MBS,MI,AGL,CE,Combined TRACON& Tower with Radar,24,12,26,0,62,0,2,18,1,21,24,14,44,1,83,30,0,30,113
09/25/2007,MBS,MI,AGL,CE,Combined TRACON& Tower with Radar,31,10,25,5,71,0,5,12,0,17,31,15,37,5,88,12,0,12,100
09/26/2007,MBS,MI,AGL,CE,Combined TRACON& Tower with Radar,28,13,28,2,71,0,0,15,0,15,28,13,43,2,86,16,0,16,102
09/27/2007,MBS,MI,AGL,CE,Combined TRACON& Tower with Radar,33,3,40,0,76,0,2,21,0,23,33,5,61,0,99,56,0,56,155
09/28/2007,MBS,MI,AGL,CE,Combined TRACON& Tower with Radar,26,3,27,0,56,0,0,26,0,26,26,3,53,0,82,52,0,52,134
09/29/2007,MBS,MI,AGL,CE,Combined TRACON& Tower with Radar,15,7,10,0,32,0,0,50,1,51,15,7,60,1,83,26,0,26,109
09/30/2007,MBS,MI,AGL,CE,Combined TRACON& Tower with Radar,19,0,26,0,45,0,0,18,0,18,19,0,44,0,63,16,0,16,79
10/01/2007,MBS,MI,AGL,CE,Combined TRACON& Tower with Radar,24,6,31,0,61,0,0,0,0,0,24,6,31,0,61,0,0,0,61
10/02/2007,MBS,MI,AGL,CE,Combined TRACON& Tower with Radar,24,5,26,0,55,0,2,4,0,6,24,7,30,0,61,12,0,12,73
10/03/2007,MBS,MI,AGL,CE,Combined TRACON& Tower with Radar,30,9,29,0,68,0,0,24,0,24,30,9,53,0,92,24,0,24,116
10/04/2007,MBS,MI,AGL,CE,Combined TRACON& Tower with Radar,34,5,29,0,68,0,3,21,0,24,34,8,50,0,92,32,0,32,124
10/05/2007,MBS,MI,AGL,CE,Combined TRACON& Tower with Radar,28,3,15,0,46,0,0,36,0,36,28,3,51,0,82,16,0,16,98
10/06/2007,MBS,MI,AGL,CE,Combined TRACON& Tower with Radar,16,5,8,0,29,0,0,21,0,21,16,5,29,0,50,10,0,10,60
10/07/2007,MBS,MI,AGL,CE,Combined TRACON& Tower with Radar,23,1,17,0,41,0,0,3,0,3,23,1,20,0,44,0,0,0,44
10/08/2007,MBS,MI,AGL,CE,Combined TRACON& Tower with Radar,25,11,23,0,59,0,1,17,0,18,25,12,40,0,77,0,0,0,77
10/09/2007,MBS,MI,AGL,CE,Combined TRACON& Tower with Radar,25,6,24,0,55,0,2,7,0,9,25,8,31,0,64,6,0,6,70
10/10/2007,MBS,MI,AGL,CE,Combined TRACON& Tower with Radar,30,9,26,0,65,0,0,5,0,5,30,9,31,0,70,12,0,12,82
10/11/2007,MBS,MI,AGL,CE,Combined TRACON& Tower with Radar,29,21,28,0,78,0,1,3,0,4,29,22,31,0,82,0,0,0,82
10/12/2007,MBS,MI,AGL,CE,Combined TRACON& Tower with Radar,30,5,23,0,58,0,0,17,0,17,30,5,40,0,75,108,0,108,183
10/13/2007,MBS,MI,AGL,CE,Combined TRACON& Tower with Radar,21,7,10,0,38,0,0,35,0,35,21,7,45,0,73,46,0,46,119
10/14/2007,MBS,MI,AGL,CE,Combined TRACON& Tower with Radar,18,0,15,0,33,0,0,19,0,19,18,0,34,0,52,8,0,8,60
10/15/2007,MBS,MI,AGL,CE,Combined TRACON& Tower with Radar,26,7,18,0,51,0,0,11,0,11,26,7,29,0,62,8,0,8,70
10/16/2007,MBS,MI,AGL,CE,Combined TRACON& Tower with Radar,29,9,45,0,83,0,0,4,0,4,29,9,49,0,87,4,0,4,91
10/17/2007,MBS,MI,AGL,CE,Combined TRACON& Tower with Radar,20,9,27,0,56,0,2,26,0,28,20,11,53,0,84,24,0,24,108
10/18/2007,MBS,MI,AGL,CE,Combined TRACON& Tower with Radar,36,9,18,0,63,0,6,4,0,10,36,15,22,0,73,0,0,0,73
10/19/2007,MBS,MI,AGL,CE,Combined TRACON& Tower with Radar,25,6,15,0,46,0,0,0,0,0,25,6,15,0,46,0,0,0,46
10/20/2007,MBS,MI,AGL,CE,Combined TRACON& Tower with Radar,18,4,8,0,30,0,1,3,0,4,18,5,11,0,34,18,0,18,52
10/21/2007,MBS,MI,AGL,CE,Combined TRACON& Tower with Radar,19,1,10,0,30,0,0,12,0,12,19,1,22,0,42,2,0,2,44
10/22/2007,MBS,MI,AGL,CE,Combined TRACON& Tower with Radar,24,13,33,0,70,0,1,8,0,9,24,14,41,0,79,0,0,0,79
10/23/2007,MBS,MI,AGL,CE,Combined TRACON& Tower with Radar,29,7,29,0,65,0,2,6,0,8,29,9,35,0,73,2,0,2,75
10/24/2007,MBS,MI,AGL,CE,Combined TRACON& Tower with Radar,24,9,26,0,59,0,2,4,0,6,24,11,30,0,65,4,0,4,69
10/25/2007,MBS,MI,AGL,CE,Combined TRACON& Tower with Radar,26,12,24,0,62,0,2,42,0,44,26,14,66,0,106,8,0,8,114
10/26/2007,MBS,MI,AGL,CE,Combined TRACON& Tower with Radar,26,4,24,0,54,0,0,0,0,0,26,4,24,0,54,2,0,2,56
10/27/2007,MBS,MI,AGL,CE,Combined TRACON& Tower with Radar,16,7,5,0,28,0,0,2,0,2,16,7,7,0,30,0,0,0,30
10/28/2007,MBS,MI,AGL,CE,Combined TRACON& Tower with Radar,20,1,16,0,37,0,0,22,2,24,20,1,38,2,61,2,0,2,63
10/29/2007,MBS,MI,AGL,CE,Combined TRACON& Tower with Radar,24,10,10,0,44,0,1,9,0,10,24,11,19,0,54,6,0,6,60
10/30/2007,MBS,MI,AGL,CE,Combined TRACON& Tower with Radar,26,8,27,0,61,0,6,60,0,66,26,14,87,0,127,26,0,26,153
10/31/2007,MBS,MI,AGL,CE,Combined TRACON& Tower with Radar,26,8,20,0,54,0,0,3,0,3,26,8,23,0,57,8,0,8,65
11/01/2007,MBS,MI,AGL,CE,Combined TRACON& Tower with Radar,26,16,26,2,70,0,3,32,0,35,26,19,58,2,105,34,0,34,139
11/02/2007,MBS,MI,AGL,CE,Combined TRACON& Tower with Radar,32,5,21,0,58,0,0,6,0,6,32,5,27,0,64,34,0,34,98
11/03/2007,MBS,MI,AGL,CE,Combined TRACON& Tower with Radar,18,4,5,0,27,0,1,20,0,21,18,5,25,0,48,10,0,10,58
11/04/2007,MBS,MI,AGL,CE,Combined TRACON& Tower with Radar,23,1,14,0,38,0,0,25,0,25,23,1,39,0,63,10,0,10,73
11/05/2007,MBS,MI,AGL,CE,Combined TRACON& Tower with Radar,24,5,15,0,44,0,2,6,0,8,24,7,21,0,52,6,0,6,58
11/06/2007,MBS,MI,AGL,CE,Combined TRACON& Tower with Radar,26,5,15,0,46,0,2,0,0,2,26,7,15,0,48,6,0,6,54
11/07/2007,MBS,MI,AGL,CE,Combined TRACON& Tower with Radar,31,9,52,2,94,0,2,8,2,12,31,11,60,4,106,4,4,8,114
11/08/2007,MBS,MI,AGL,CE,Combined TRACON& Tower with Radar,26,5,45,0,76,0,4,5,0,9,26,9,50,0,85,14,0,14,99
11/09/2007,MBS,MI,AGL,CE,Combined TRACON& Tower with Radar,29,5,22,0,56,0,0,1,0,1,29,5,23,0,57,0,0,0,57
11/10/2007,MBS,MI,AGL,CE,Combined TRACON& Tower with Radar,16,9,18,0,43,0,0,33,0,33,16,9,51,0,76,86,0,86,162
11/11/2007,MBS,MI,AGL,CE,Combined TRACON& Tower with Radar,19,0,27,0,46,0,0,0,0,0,19,0,27,0,46,10,0,10,56
11/12/2007,MBS,MI,AGL,CE,Combined TRACON& Tower with Radar,27,11,20,0,58,0,4,3,0,7,27,15,23,0,65,4,0,4,69
11/13/2007,MBS,MI,AGL,CE,Combined TRACON& Tower with Radar,25,6,14,0,45,0,2,13,0,15,25,8,27,0,60,2,0,2,62
11/14/2007,MBS,MI,AGL,CE,Combined TRACON& Tower with Radar,24,7,29,0,60,0,2,7,0,9,24,9,36,0,69,10,0,10,79
11/15/2007,MBS,MI,AGL,CE,Combined TRACON& Tower with Radar,27,7,17,0,51,0,5,5,0,10,27,12,22,0,61,8,0,8,69
11/16/2007,MBS,MI,AGL,CE,Combined TRACON& Tower with Radar,28,5,8,0,41,0,0,19,0,19,28,5,27,0,60,10,0,10,70
11/17/2007,MBS,MI,AGL,CE,Combined TRACON& Tower with Radar,16,8,6,2,32,0,2,10,2,14,16,10,16,4,46,2,4,6,52
11/18/2007,MBS,MI,AGL,CE,Combined TRACON& Tower with Radar,19,3,23,0,45,0,0,78,0,78,19,3,101,0,123,14,0,14,137
11/19/2007,MBS,MI,AGL,CE,Combined TRACON& Tower with Radar,19,8,20,2,49,0,0,18,0,18,19,8,38,2,67,2,0,2,69
11/20/2007,MBS,MI,AGL,CE,Combined TRACON& Tower with Radar,24,15,16,0,55,0,0,7,0,7,24,15,23,0,62,16,0,16,78
11/21/2007,MBS,MI,AGL,CE,Combined TRACON& Tower with Radar,21,10,35,0,66,0,0,0,0,0,21,10,35,0,66,0,0,0,66
11/22/2007,MBS,MI,AGL,CE,Combined TRACON& Tower with Radar,15,2,2,0,19,0,0,3,0,3,15,2,5,0,22,0,0,0,22
11/23/2007,MBS,MI,AGL,CE,Combined TRACON& Tower with Radar,21,3,21,0,45,0,0,31,0,31,21,3,52,0,76,62,0,62,138
11/24/2007,MBS,MI,AGL,CE,Combined TRACON& Tower with Radar,21,4,4,0,29,0,0,30,0,30,21,4,34,0,59,36,0,36,95
11/25/2007,MBS,MI,AGL,CE,Combined TRACON& Tower with Radar,22,5,28,0,55,0,0,4,0,4,22,5,32,0,59,14,0,14,73
11/26/2007,MBS,MI,AGL,CE,Combined TRACON& Tower with Radar,26,8,25,0,59,0,0,5,0,5,26,8,30,0,64,14,0,14,78
11/27/2007,MBS,MI,AGL,CE,Combined TRACON& Tower with Radar,31,13,17,0,61,0,3,1,0,4,31,16,18,0,65,0,0,0,65
11/28/2007,MBS,MI,AGL,CE,Combined TRACON& Tower with Radar,27,10,20,0,57,0,6,17,0,23,27,16,37,0,80,8,0,8,88
11/29/2007,MBS,MI,AGL,CE,Combined TRACON& Tower with Radar,30,9,18,0,57,0,1,12,0,13,30,10,30,0,70,0,0,0,70
11/30/2007,MBS,MI,AGL,CE,Combined TRACON& Tower with Radar,30,3,19,0,52,0,0,9,0,9,30,3,28,0,61,2,0,2,63
12/01/2007,MBS,MI,AGL,CE,Combined TRACON& Tower with Radar,20,8,14,0,42,0,4,45,0,49,20,12,59,0,91,74,0,74,165
12/02/2007,MBS,MI,AGL,CE,Combined TRACON& Tower with Radar,15,0,3,0,18,0,0,0,0,0,15,0,3,0,18,0,0,0,18
12/03/2007,MBS,MI,AGL,CE,Combined TRACON& Tower with Radar,28,8,10,0,46,0,2,2,0,4,28,10,12,0,50,2,2,4,54
12/04/2007,MBS,MI,AGL,CE,Combined TRACON& Tower with Radar,21,5,19,5,50,0,2,5,0,7,21,7,24,5,57,8,0,8,65
12/05/2007,MBS,MI,AGL,CE,Combined TRACON& Tower with Radar,25,27,21,0,73,1,7,23,0,31,26,34,44,0,104,36,0,36,140
12/06/2007,MBS,MI,AGL,CE,Combined TRACON& Tower with Radar,25,17,27,0,69,0,1,18,0,19,25,18,45,0,88,18,0,18,106
12/07/2007,MBS,MI,AGL,CE,Combined TRACON& Tower with Radar,30,7,14,0,51,0,0,1,0,1,30,7,15,0,52,0,0,0,52
12/08/2007,MBS,MI,AGL,CE,Combined TRACON& Tower with Radar,15,13,21,0,49,0,3,43,0,46,15,16,64,0,95,72,0,72,167
12/09/2007,MBS,MI,AGL,CE,Combined TRACON& Tower with Radar,14,3,9,0,26,0,0,2,0,2,14,3,11,0,28,0,0,0,28
12/10/2007,MBS,MI,AGL,CE,Combined TRACON& Tower with Radar,21,14,32,0,67,0,3,19,0,22,21,17,51,0,89,30,0,30,119
12/11/2007,MBS,MI,AGL,CE,Combined TRACON& Tower with Radar,22,5,14,0,41,0,0,0,5,5,22,5,14,5,46,4,0,4,50
12/12/2007,MBS,MI,AGL,CE,Combined TRACON& Tower with Radar,27,18,20,0,65,0,3,14,0,17,27,21,34,0,82,36,0,36,118
12/13/2007,MBS,MI,AGL,CE,Combined TRACON& Tower with Radar,23,13,26,0,62,0,4,2,0,6,23,17,28,0,68,0,0,0,68
12/14/2007,MBS,MI,AGL,CE,Combined TRACON& Tower with Radar,30,11,28,0,69,0,0,23,0,23,30,11,51,0,92,48,0,48,140
12/15/2007,MBS,MI,AGL,CE,Combined TRACON& Tower with Radar,18,7,15,0,40,0,0,6,0,6,18,7,21,0,46,2,0,2,48
12/16/2007,MBS,MI,AGL,CE,Combined TRACON& Tower with Radar,11,0,5,0,16,0,1,0,0,1,11,1,5,0,17,0,0,0,17
12/17/2007,MBS,MI,AGL,CE,Combined TRACON& Tower with Radar,24,16,21,0,61,0,1,5,0,6,24,17,26,0,67,0,0,0,67
12/18/2007,MBS,MI,AGL,CE,Combined TRACON& Tower with Radar,30,12,38,0,80,0,12,15,0,27,30,24,53,0,107,42,0,42,149
12/19/2007,MBS,MI,AGL,CE,Combined TRACON& Tower with Radar,28,8,36,0,72,0,4,7,0,11,28,12,43,0,83,4,0,4,87
12/20/2007,MBS,MI,AGL,CE,Combined TRACON& Tower with Radar,19,13,25,4,61,0,0,1,0,1,19,13,26,4,62,4,0,4,66
12/21/2007,MBS,MI,AGL,CE,Combined TRACON& Tower with Radar,17,3,11,0,31,0,0,3,0,3,17,3,14,0,34,0,0,0,34
12/22/2007,MBS,MI,AGL,CE,Combined TRACON& Tower with Radar,24,4,6,0,34,0,2,4,0,6,24,6,10,0,40,0,0,0,40
12/23/2007,MBS,MI,AGL,CE,Combined TRACON& Tower with Radar,17,1,5,0,23,0,0,0,0,0,17,1,5,0,23,0,0,0,23
12/24/2007,MBS,MI,AGL,CE,Combined TRACON& Tower with Radar,20,3,2,0,25,0,0,0,0,0,20,3,2,0,25,0,0,0,25
12/25/2007,MBS,MI,AGL,CE,Combined TRACON& Tower with Radar,21,4,1,0,26,0,0,0,0,0,21,4,1,0,26,0,0,0,26
12/26/2007,MBS,MI,AGL,CE,Combined TRACON& Tower with Radar,27,12,28,0,67,0,0,18,0,18,27,12,46,0,85,18,0,18,103
12/27/2007,MBS,MI,AGL,CE,Combined TRACON& Tower with Radar,24,6,3,4,37,0,1,4,0,5,24,7,7,4,42,0,2,2,44
12/28/2007,MBS,MI,AGL,CE,Combined TRACON& Tower with Radar,13,9,6,0,28,0,0,0,0,0,13,9,6,0,28,0,0,0,28
12/29/2007,MBS,MI,AGL,CE,Combined TRACON& Tower with Radar,20,4,6,0,30,0,1,6,0,7,20,5,12,0,37,28,0,28,65
12/30/2007,MBS,MI,AGL,CE,Combined TRACON& Tower with Radar,20,2,15,0,37,0,0,16,0,16,20,2,31,0,53,34,0,34,87
12/31/2007,MBS,MI,AGL,CE,Combined TRACON& Tower with Radar,15,6,6,0,27,0,0,0,0,0,15,6,6,0,27,0,0,0,27
01/01/2008,MBS,MI,AGL,CE,Combined TRACON& Tower with Radar,17,4,1,0,22,0,0,0,0,0,17,4,1,0,22,0,0,0,22
01/02/2008,MBS,MI,AGL,CE,Combined TRACON& Tower with Radar,33,5,8,0,46,0,3,10,0,13,33,8,18,0,59,12,0,12,71
01/03/2008,MBS,MI,AGL,CE,Combined TRACON& Tower with Radar,30,8,30,0,68,0,3,21,0,24,30,11,51,0,92,10,0,10,102
01/04/2008,MBS,MI,AGL,CE,Combined TRACON& Tower with Radar,29,6,13,1,49,0,5,23,1,29,29,11,36,2,78,44,0,44,122
01/05/2008,MBS,MI,AGL,CE,Combined TRACON& Tower with Radar,33,9,10,0,52,0,2,1,0,3,33,11,11,0,55,0,0,0,55
01/06/2008,MBS,MI,AGL,CE,Combined TRACON& Tower with Radar,19,0,7,0,26,0,0,0,0,0,19,0,7,0,26,0,0,0,26
01/07/2008,MBS,MI,AGL,CE,Combined TRACON& Tower with Radar,20,9,13,2,44,0,1,0,0,1,20,10,13,2,45,0,0,0,45
01/08/2008,MBS,MI,AGL,CE,Combined TRACON& Tower with Radar,27,17,16,0,60,0,0,0,0,0,27,17,16,0,60,0,0,0,60
01/09/2008,MBS,MI,AGL,CE,Combined TRACON& Tower with Radar,30,5,27,0,62,0,5,6,0,11,30,10,33,0,73,18,0,18,91
01/10/2008,MBS,MI,AGL,CE,Combined TRACON& Tower with Radar,28,5,28,0,61,0,0,8,0,8,28,5,36,0,69,40,0,40,109
01/11/2008,MBS,MI,AGL,CE,Combined TRACON& Tower with Radar,29,7,31,0,67,0,0,0,0,0,29,7,31,0,67,2,0,2,69
01/12/2008,MBS,MI,AGL,CE,Combined TRACON& Tower with Radar,19,8,28,0,55,0,2,29,0,31,19,10,57,0,86,30,0,30,116
01/13/2008,MBS,MI,AGL,CE,Combined TRACON& Tower with Radar,19,1,9,0,29,0,0,0,0,0,19,1,9,0,29,0,0,0,29
01/14/2008,MBS,MI,AGL,CE,Combined TRACON& Tower with Radar,24,10,18,0,52,0,0,0,0,0,24,10,18,0,52,0,0,0,52
01/15/2008,MBS,MI,AGL,CE,Combined TRACON& Tower with Radar,30,5,30,0,65,0,5,5,0,10,30,10,35,0,75,0,0,0,75
01/16/2008,MBS,MI,AGL,CE,Combined TRACON& Tower with Radar,28,5,15,0,48,0,2,20,0,22,28,7,35,0,70,18,0,18,88
01/17/2008,MBS,MI,AGL,CE,Combined TRACON& Tower with Radar,22,9,17,0,48,0,0,4,0,4,22,9,21,0,52,6,0,6,58
01/18/2008,MBS,MI,AGL,CE,Combined TRACON& Tower with Radar,32,10,15,0,57,0,2,3,0,5,32,12,18,0,62,2,0,2,64
01/19/2008,MBS,MI,AGL,CE,Combined TRACON& Tower with Radar,19,5,19,0,43,0,0,0,0,0,19,5,19,0,43,0,0,0,43
01/20/2008,MBS,MI,AGL,CE,Combined TRACON& Tower with Radar,21,0,16,0,37,0,0,8,0,8,21,0,24,0,45,38,0,38,83
01/21/2008,MBS,MI,AGL,CE,Combined TRACON& Tower with Radar,21,8,22,0,51,0,1,2,0,3,21,9,24,0,54,8,0,8,62
01/22/2008,MBS,MI,AGL,CE,Combined TRACON& Tower with Radar,22,7,40,0,69,0,0,0,0,0,22,7,40,0,69,22,0,22,91
01/23/2008,MBS,MI,AGL,CE,Combined TRACON& Tower with Radar,27,6,26,2,61,0,1,7,0,8,27,7,33,2,69,16,0,16,85
01/24/2008,MBS,MI,AGL,CE,Combined TRACON& Tower with Radar,43,16,40,0,99,0,3,19,0,22,43,19,59,0,121,54,0,54,175
01/25/2008,MBS,MI,AGL,CE,Combined TRACON& Tower with Radar,25,12,24,0,61,0,5,29,0,34,25,17,53,0,95,24,0,24,119
01/26/2008,MBS,MI,AGL,CE,Combined TRACON& Tower with Radar,21,8,6,0,35,0,0,0,0,0,21,8,6,0,35,4,0,4,39
01/27/2008,MBS,MI,AGL,CE,Combined TRACON& Tower with Radar,23,2,23,0,48,0,0,3,0,3,23,2,26,0,51,12,0,12,63
01/28/2008,MBS,MI,AGL,CE,Combined TRACON& Tower with Radar,23,12,16,0,51,0,2,11,0,13,23,14,27,0,64,6,0,6,70
01/29/2008,MBS,MI,AGL,CE,Combined TRACON& Tower with Radar,24,25,43,0,92,0,0,0,0,0,24,25,43,0,92,6,0,6,98
01/30/2008,MBS,MI,AGL,CE,Combined TRACON& Tower with Radar,27,16,35,0,78,0,2,1,0,3,27,18,36,0,81,0,0,0,81
01/31/2008,MBS,MI,AGL,CE,Combined TRACON& Tower with Radar,26,26,46,0,98,0,2,11,0,13,26,28,57,0,111,12,0,12,123
02/01/2008,MBS,MI,AGL,CE,Combined TRACON& Tower with Radar,18,10,12,0,40,0,0,0,0,0,18,10,12,0,40,0,0,0,40
02/02/2008,MBS,MI,AGL,CE,Combined TRACON& Tower with Radar,19,5,5,0,29,0,0,0,0,0,19,5,5,0,29,0,0,0,29
02/03/2008,MBS,MI,AGL,CE,Combined TRACON& Tower with Radar,18,3,19,0,40,0,0,14,0,14,18,3,33,0,54,48,0,48,102
02/04/2008,MBS,MI,AGL,CE,Combined TRACON& Tower with Radar,25,27,13,0,65,0,0,4,0,4,25,27,17,0,69,2,0,2,71
02/05/2008,MBS,MI,AGL,CE,Combined TRACON& Tower with Radar,29,20,20,0,69,0,0,4,0,4,29,20,24,0,73,0,0,0,73
02/06/2008,MBS,MI,AGL,CE,Combined TRACON& Tower with Radar,12,5,12,0,29,0,0,0,0,0,12,5,12,0,29,0,0,0,29
02/07/2008,MBS,MI,AGL,CE,Combined TRACON& Tower with Radar,28,22,28,0,78,0,1,8,0,9,28,23,36,0,87,6,0,6,93
02/08/2008,MBS,MI,AGL,CE,Combined TRACON& Tower with Radar,23,13,20,0,56,0,0,3,0,3,23,13,23,0,59,0,0,0,59
02/09/2008,MBS,MI,AGL,CE,Combined TRACON& Tower with Radar,19,9,9,0,37,0,0,0,0,0,19,9,9,0,37,0,0,0,37
02/10/2008,MBS,MI,AGL,CE,Combined TRACON& Tower with Radar,15,4,4,0,23,0,0,0,0,0,15,4,4,0,23,0,0,0,23
02/11/2008,MBS,MI,AGL,CE,Combined TRACON& Tower with Radar,23,9,15,0,47,0,2,8,0,10,23,11,23,0,57,0,0,0,57
02/12/2008,MBS,MI,AGL,CE,Combined TRACON& Tower with Radar,19,19,24,0,62,0,0,0,0,0,19,19,24,0,62,0,0,0,62
02/13/2008,MBS,MI,AGL,CE,Combined TRACON& Tower with Radar,20,20,38,0,78,0,2,21,0,23,20,22,59,0,101,14,0,14,115
02/14/2008,MBS,MI,AGL,CE,Combined TRACON& Tower with Radar,22,30,37,1,90,0,0,0,0,0,22,30,37,1,90,0,0,0,90
02/15/2008,MBS,MI,AGL,CE,Combined TRACON& Tower with Radar,25,15,27,0,67,0,1,18,0,19,25,16,45,0,86,4,0,4,90
02/16/2008,MBS,MI,AGL,CE,Combined TRACON& Tower with Radar,26,5,19,0,50,0,0,32,0,32,26,5,51,0,82,70,0,70,152
02/17/2008,MBS,MI,AGL,CE,Combined TRACON& Tower with Radar,13,2,1,0,16,0,0,0,0,0,13,2,1,0,16,0,0,0,16
02/18/2008,MBS,MI,AGL,CE,Combined TRACON& Tower with Radar,22,3,21,0,46,0,0,0,0,0,22,3,21,0,46,0,0,0,46
02/19/2008,MBS,MI,AGL,CE,Combined TRACON& Tower with Radar,26,15,18,0,59,0,2,0,1,3,26,17,18,1,62,0,0,0,62
02/20/2008,MBS,MI,AGL,CE,Combined TRACON& Tower with Radar,28,16,18,0,62,0,19,16,0,35,28,35,34,0,97,46,0,46,143
02/21/2008,MBS,MI,AGL,CE,Combined TRACON& Tower with Radar,31,18,15,0,64,0,1,12,0,13,31,19,27,0,77,14,0,14,91
02/22/2008,MBS,MI,AGL,CE,Combined TRACON& Tower with Radar,25,12,17,1,55,0,0,12,3,15,25,12,29,4,70,16,0,16,86
02/23/2008,MBS,MI,AGL,CE,Combined TRACON& Tower with Radar,23,6,28,0,57,0,1,82,0,83,23,7,110,0,140,70,0,70,210
02/24/2008,MBS,MI,AGL,CE,Combined TRACON& Tower with Radar,23,2,25,0,50,0,0,33,0,33,23,2,58,0,83,44,0,44,127
02/25/2008,MBS,MI,AGL,CE,Combined TRACON& Tower with Radar,18,23,4,0,45,0,0,0,0,0,18,23,4,0,45,0,0,0,45
02/26/2008,MBS,MI,AGL,CE,Combined TRACON& Tower with Radar,24,10,20,0,54,0,0,0,0,0,24,10,20,0,54,0,0,0,54
02/27/2008,MBS,MI,AGL,CE,Combined TRACON& Tower with Radar,28,8,26,1,63,0,5,8,1,14,28,13,34,2,77,4,0,4,81
02/28/2008,MBS,MI,AGL,CE,Combined TRACON& Tower with Radar,24,11,21,0,56,0,4,38,0,42,24,15,59,0,98,24,0,24,122
02/29/2008,MBS,MI,AGL,CE,Combined TRACON& Tower with Radar,25,13,23,0,61,0,0,0,0,0,25,13,23,0,61,0,0,0,61
03/01/2008,MBS,MI,AGL,CE,Combined TRACON& Tower with Radar,23,8,22,0,53,0,0,33,0,33,23,8,55,0,86,26,0,26,112
03/02/2008,MBS,MI,AGL,CE,Combined TRACON& Tower with Radar,23,5,29,0,57,0,0,15,0,15,23,5,44,0,72,18,0,18,90
03/03/2008,MBS,MI,AGL,CE,Combined TRACON& Tower with Radar,21,14,11,0,46,0,0,0,0,0,21,14,11,0,46,0,0,0,46
03/04/2008,MBS,MI,AGL,CE,Combined TRACON& Tower with Radar,30,17,22,2,71,0,2,7,0,9,30,19,29,2,80,28,0,28,108
03/05/2008,MBS,MI,AGL,CE,Combined TRACON& Tower with Radar,23,11,34,0,68,0,2,18,0,20,23,13,52,0,88,14,0,14,102
03/06/2008,MBS,MI,AGL,CE,Combined TRACON& Tower with Radar,24,11,41,0,76,0,2,12,0,14,24,13,53,0,90,80,0,80,170
03/07/2008,MBS,MI,AGL,CE,Combined TRACON& Tower with Radar,29,14,22,0,65,0,0,12,0,12,29,14,34,0,77,26,0,26,103
03/08/2008,MBS,MI,AGL,CE,Combined TRACON& Tower with Radar,24,5,5,0,34,0,0,0,0,0,24,5,5,0,34,0,0,0,34
03/09/2008,MBS,MI,AGL,CE,Combined TRACON& Tower with Radar,21,4,15,0,40,0,0,46,0,46,21,4,61,0,86,74,0,74,160
03/10/2008,MBS,MI,AGL,CE,Combined TRACON& Tower with Radar,29,15,15,0,59,0,2,8,0,10,29,17,23,0,69,0,0,0,69
03/11/2008,MBS,MI,AGL,CE,Combined TRACON& Tower with Radar,25,15,14,0,54,0,2,6,0,8,25,17,20,0,62,2,0,2,64
03/12/2008,MBS,MI,AGL,CE,Combined TRACON& Tower with Radar,28,18,33,0,79,0,2,35,0,37,28,20,68,0,116,38,0,38,154
03/13/2008,MBS,MI,AGL,CE,Combined TRACON& Tower with Radar,24,11,24,0,59,0,2,13,0,15,24,13,37,0,74,36,0,36,110
03/14/2008,MBS,MI,AGL,CE,Combined TRACON& Tower with Radar,32,8,14,0,54,0,0,48,0,48,32,8,62,0,102,48,0,48,150
03/15/2008,MBS,MI,AGL,CE,Combined TRACON& Tower with Radar,24,5,12,0,41,0,0,33,0,33,24,5,45,0,74,48,0,48,122
03/16/2008,MBS,MI,AGL,CE,Combined TRACON& Tower with Radar,24,0,8,0,32,0,0,19,0,19,24,0,27,0,51,6,0,6,57
03/17/2008,MBS,MI,AGL,CE,Combined TRACON& Tower with Radar,22,6,23,2,53,0,2,1,0,3,22,8,24,2,56,8,0,8,64
03/18/2008,MBS,MI,AGL,CE,Combined TRACON& Tower with Radar,24,6,12,0,42,0,0,0,0,0,24,6,12,0,42,0,0,0,42
03/19/2008,MBS,MI,AGL,CE,Combined TRACON& Tower with Radar,26,13,14,0,53,0,2,5,3,10,26,15,19,3,63,14,0,14,77
03/20/2008,MBS,MI,AGL,CE,Combined TRACON& Tower with Radar,29,9,11,0,49,0,2,12,2,16,29,11,23,2,65,6,4,10,75
03/21/2008,MBS,MI,AGL,CE,Combined TRACON& Tower with Radar,17,12,25,0,54,0,0,57,1,58,17,12,82,1,112,70,0,70,182
03/22/2008,MBS,MI,AGL,CE,Combined TRACON& Tower with Radar,24,11,6,0,41,0,0,23,16,39,24,11,29,16,80,82,6,88,168
03/23/2008,MBS,MI,AGL,CE,Combined TRACON& Tower with Radar,20,1,4,0,25,0,0,10,1,11,20,1,14,1,36,10,0,10,46
03/24/2008,MBS,MI,AGL,CE,Combined TRACON& Tower with Radar,23,5,12,0,40,0,2,14,0,16,23,7,26,0,56,10,0,10,66
03/25/2008,MBS,MI,AGL,CE,Combined TRACON& Tower with Radar,28,15,18,0,61,0,2,0,2,4,28,17,18,2,65,2,0,2,67
03/26/2008,MBS,MI,AGL,CE,Combined TRACON& Tower with Radar,27,11,23,0,61,0,0,37,6,43,27,11,60,6,104,28,0,28,132
03/27/2008,MBS,MI,AGL,CE,Combined TRACON& Tower with Radar,26,17,24,0,67,0,0,1,0,1,26,17,25,0,68,0,0,0,68
03/28/2008,MBS,MI,AGL,CE,Combined TRACON& Tower with Radar,26,9,12,0,47,0,2,12,0,14,26,11,24,0,61,0,0,0,61
03/29/2008,MBS,MI,AGL,CE,Combined TRACON& Tower with Radar,22,5,10,0,37,0,3,44,0,47,22,8,54,0,84,80,0,80,164
03/30/2008,MBS,MI,AGL,CE,Combined TRACON& Tower with Radar,17,2,10,0,29,0,0,12,0,12,17,2,22,0,41,0,0,0,41
03/31/2008,MBS,MI,AGL,CE,Combined TRACON& Tower with Radar,20,9,13,0,42,0,0,0,0,0,20,9,13,0,42,0,0,0,42
04/01/2008,MBS,MI,AGL,CE,Combined TRACON& Tower with Radar,25,10,6,0,41,0,2,3,0,5,25,12,9,0,46,0,0,0,46
04/02/2008,MBS,MI,AGL,CE,Combined TRACON& Tower with Radar,28,8,15,0,51,0,4,25,0,29,28,12,40,0,80,14,0,14,94
04/03/2008,MBS,MI,AGL,CE,Combined TRACON& Tower with Radar,25,12,22,0,59,0,2,21,5,28,25,14,43,5,87,46,8,54,141
04/04/2008,MBS,MI,AGL,CE,Combined TRACON& Tower with Radar,23,8,14,0,45,0,0,15,0,15,23,8,29,0,60,16,0,16,76
04/05/2008,MBS,MI,AGL,CE,Combined TRACON& Tower with Radar,26,4,12,0,42,0,1,52,0,53,26,5,64,0,95,90,0,90,185
04/06/2008,MBS,MI,AGL,CE,Combined TRACON& Tower with Radar,24,0,17,0,41,0,0,30,0,30,24,0,47,0,71,42,0,42,113
04/07/2008,MBS,MI,AGL,CE,Combined TRACON& Tower with Radar,21,9,24,0,54,0,2,23,0,25,21,11,47,0,79,10,0,10,89
04/08/2008,MBS,MI,AGL,CE,Combined TRACON& Tower with Radar,25,19,25,0,69,0,2,18,4,24,25,21,43,4,93,98,0,98,191
04/09/2008,MBS,MI,AGL,CE,Combined TRACON& Tower with Radar,27,15,42,0,84,0,3,2,1,6,27,18,44,1,90,2,0,2,92
04/10/2008,MBS,MI,AGL,CE,Combined TRACON& Tower with Radar,27,17,43,2,89,0,8,10,0,18,27,25,53,2,107,74,0,74,181
04/11/2008,MBS,MI,AGL,CE,Combined TRACON& Tower with Radar,22,10,15,0,47,0,0,0,0,0,22,10,15,0,47,0,0,0,47
04/12/2008,MBS,MI,AGL,CE,Combined TRACON& Tower with Radar,20,8,25,0,53,0,0,0,0,0,20,8,25,0,53,12,0,12,65
04/13/2008,MBS,MI,AGL,CE,Combined TRACON& Tower with Radar,19,2,9,0,30,0,0,3,0,3,19,2,12,0,33,4,0,4,37
04/14/2008,MBS,MI,AGL,CE,Combined TRACON& Tower with Radar,28,4,25,0,57,0,2,40,0,42,28,6,65,0,99,62,0,62,161
04/15/2008,MBS,MI,AGL,CE,Combined TRACON& Tower with Radar,28,17,42,0,87,0,3,45,0,48,28,20,87,0,135,86,0,86,221
04/16/2008,MBS,MI,AGL,CE,Combined TRACON& Tower with Radar,23,16,29,0,68,0,6,6,0,12,23,22,35,0,80,10,0,10,90
04/17/2008,MBS,MI,AGL,CE,Combined TRACON& Tower with Radar,36,11,21,0,68,0,3,37,5,45,36,14,58,5,113,80,0,80,193
04/18/2008,MBS,MI,AGL,CE,Combined TRACON& Tower with Radar,30,8,23,0,61,0,0,35,0,35,30,8,58,0,96,58,0,58,154
04/19/2008,MBS,MI,AGL,CE,Combined TRACON& Tower with Radar,22,5,16,0,43,0,0,23,1,24,22,5,39,1,67,36,0,36,103
04/20/2008,MBS,MI,AGL,CE,Combined TRACON& Tower with Radar,19,2,14,0,35,0,0,30,0,30,19,2,44,0,65,66,0,66,131
04/21/2008,MBS,MI,AGL,CE,Combined TRACON& Tower with Radar,21,7,25,0,53,0,2,15,0,17,21,9,40,0,70,14,0,14,84
04/22/2008,MBS,MI,AGL,CE,Combined TRACON& Tower with Radar,31,16,37,0,84,0,1,18,0,19,31,17,55,0,103,26,0,26,129
04/23/2008,MBS,MI,AGL,CE,Combined TRACON& Tower with Radar,29,10,29,0,68,0,2,33,0,35,29,12,62,0,103,46,0,46,149
04/24/2008,MBS,MI,AGL,CE,Combined TRACON& Tower with Radar,29,9,31,0,69,0,1,14,0,15,29,10,45,0,84,26,0,26,110
04/25/2008,MBS,MI,AGL,CE,Combined TRACON& Tower with Radar,28,7,15,0,50,0,1,5,0,6,28,8,20,0,56,0,0,0,56
04/26/2008,MBS,MI,AGL,CE,Combined TRACON& Tower with Radar,17,8,5,0,30,0,0,0,0,0,17,8,5,0,30,0,0,0,30
04/27/2008,MBS,MI,AGL,CE,Combined TRACON& Tower with Radar,17,4,13,0,34,0,1,37,0,38,17,5,50,0,72,34,0,34,106
04/28/2008,MBS,MI,AGL,CE,Combined TRACON& Tower with Radar,23,11,12,0,46,0,0,10,0,10,23,11,22,0,56,8,0,8,64
04/29/2008,MBS,MI,AGL,CE,Combined TRACON& Tower with Radar,33,9,40,0,82,0,0,95,0,95,33,9,135,0,177,56,0,56,233
04/30/2008,MBS,MI,AGL,CE,Combined TRACON& Tower with Radar,31,7,18,0,56,0,2,52,0,54,31,9,70,0,110,22,0,22,132
05/01/2008,MBS,MI,AGL,CE,Combined TRACON& Tower with Radar,33,12,31,0,76,0,0,8,0,8,33,12,39,0,84,8,0,8,92
05/02/2008,MBS,MI,AGL,CE,Combined TRACON& Tower with Radar,22,11,16,0,49,0,0,1,0,1,22,11,17,0,50,0,0,0,50
05/03/2008,MBS,MI,AGL,CE,Combined TRACON& Tower with Radar,17,6,7,0,30,0,0,3,0,3,17,6,10,0,33,2,0,2,35
05/04/2008,MBS,MI,AGL,CE,Combined TRACON& Tower with Radar,16,4,13,0,33,0,0,28,0,28,16,4,41,0,61,28,0,28,89
05/05/2008,MBS,MI,AGL,CE,Combined TRACON& Tower with Radar,25,11,28,0,64,0,8,24,0,32,25,19,52,0,96,24,0,24,120
05/06/2008,MBS,MI,AGL,CE,Combined TRACON& Tower with Radar,27,13,18,0,58,0,4,40,0,44,27,17,58,0,102,28,0,28,130
05/07/2008,MBS,MI,AGL,CE,Combined TRACON& Tower with Radar,24,9,27,0,60,0,2,0,0,2,24,11,27,0,62,0,0,0,62
05/08/2008,MBS,MI,AGL,CE,Combined TRACON& Tower with Radar,28,23,44,0,95,0,3,18,0,21,28,26,62,0,116,12,0,12,128
05/09/2008,MBS,MI,AGL,CE,Combined TRACON& Tower with Radar,23,20,27,0,70,0,2,20,0,22,23,22,47,0,92,26,0,26,118
05/10/2008,MBS,MI,AGL,CE,Combined TRACON& Tower with Radar,19,7,24,0,50,0,0,40,0,40,19,7,64,0,90,84,0,84,174
05/11/2008,MBS,MI,AGL,CE,Combined TRACON& Tower with Radar,17,0,21,0,38,1,0,1,0,2,18,0,22,0,40,20,0,20,60
05/12/2008,MBS,MI,AGL,CE,Combined TRACON& Tower with Radar,23,12,21,0,56,0,2,3,0,5,23,14,24,0,61,4,0,4,65
05/13/2008,MBS,MI,AGL,CE,Combined TRACON& Tower with Radar,26,13,40,0,79,0,2,32,0,34,26,15,72,0,113,32,0,32,145
05/14/2008,MBS,MI,AGL,CE,Combined TRACON& Tower with Radar,27,16,24,0,67,0,0,0,0,0,27,16,24,0,67,0,0,0,67
05/15/2008,MBS,MI,AGL,CE,Combined TRACON& Tower with Radar,35,23,43,0,101,0,2,39,0,41,35,25,82,0,142,92,0,92,234
05/16/2008,MBS,MI,AGL,CE,Combined TRACON& Tower with Radar,22,8,16,0,46,0,0,25,2,27,22,8,41,2,73,34,0,34,107
05/17/2008,MBS,MI,AGL,CE,Combined TRACON& Tower with Radar,20,4,12,0,36,0,0,15,0,15,20,4,27,0,51,26,0,26,77
05/18/2008,MBS,MI,AGL,CE,Combined TRACON& Tower with Radar,20,0,16,0,36,0,0,1,2,3,20,0,17,2,39,2,0,2,41
05/19/2008,MBS,MI,AGL,CE,Combined TRACON& Tower with Radar,25,8,27,0,60,0,3,39,0,42,25,11,66,0,102,8,0,8,110
05/20/2008,MBS,MI,AGL,CE,Combined TRACON& Tower with Radar,28,18,26,0,72,0,1,23,0,24,28,19,49,0,96,0,0,0,96
05/21/2008,MBS,MI,AGL,CE,Combined TRACON& Tower with Radar,31,11,33,2,77,0,2,5,1,8,31,13,38,3,85,10,0,10,95
05/22/2008,MBS,MI,AGL,CE,Combined TRACON& Tower with Radar,30,15,20,0,65,0,3,11,0,14,30,18,31,0,79,20,0,20,99
05/23/2008,MBS,MI,AGL,CE,Combined TRACON& Tower with Radar,25,8,16,2,51,0,0,21,0,21,25,8,37,2,72,24,0,24,96
05/24/2008,MBS,MI,AGL,CE,Combined TRACON& Tower with Radar,18,4,24,0,46,0,0,22,0,22,18,4,46,0,68,40,0,40,108
05/25/2008,MBS,MI,AGL,CE,Combined TRACON& Tower with Radar,13,2,6,0,21,0,0,9,0,9,13,2,15,0,30,2,0,2,32
05/26/2008,MBS,MI,AGL,CE,Combined TRACON& Tower with Radar,21,0,8,0,29,0,0,2,0,2,21,0,10,0,31,0,0,0,31
05/27/2008,MBS,MI,AGL,CE,Combined TRACON& Tower with Radar,27,15,21,0,63,0,3,18,0,21,27,18,39,0,84,18,0,18,102
05/28/2008,MBS,MI,AGL,CE,Combined TRACON& Tower with Radar,29,13,33,35,110,0,2,27,0,29,29,15,60,35,139,18,0,18,157
05/29/2008,MBS,MI,AGL,CE,Combined TRACON& Tower with Radar,31,12,25,0,68,0,2,48,0,50,31,14,73,0,118,22,0,22,140
05/30/2008,MBS,MI,AGL,CE,Combined TRACON& Tower with Radar,22,7,21,0,50,0,0,8,0,8,22,7,29,0,58,24,0,24,82
05/31/2008,MBS,MI,AGL,CE,Combined TRACON& Tower with Radar,22,6,15,0,43,0,0,1,0,1,22,6,16,0,44,2,0,2,46
06/01/2008,MBS,MI,AGL,CE,Combined TRACON& Tower with Radar,19,1,16,0,36,0,0,22,0,22,19,1,38,0,58,12,0,12,70
06/02/2008,MBS,MI,AGL,CE,Combined TRACON& Tower with Radar,26,9,26,0,61,0,0,0,0,0,26,9,26,0,61,18,0,18,79
06/03/2008,MBS,MI,AGL,CE,Combined TRACON& Tower with Radar,20,11,8,1,40,0,0,5,2,7,20,11,13,3,47,0,0,0,47
06/04/2008,MBS,MI,AGL,CE,Combined TRACON& Tower with Radar,24,13,28,0,65,0,0,2,0,2,24,13,30,0,67,8,0,8,75
06/05/2008,MBS,MI,AGL,CE,Combined TRACON& Tower with Radar,26,18,27,0,71,0,2,2,0,4,26,20,29,0,75,2,0,2,77
06/06/2008,MBS,MI,AGL,CE,Combined TRACON& Tower with Radar,30,23,31,2,86,0,0,13,1,14,30,23,44,3,100,46,2,48,148
06/07/2008,MBS,MI,AGL,CE,Combined TRACON& Tower with Radar,18,6,2,0,26,0,1,16,0,17,18,7,18,0,43,18,0,18,61
06/08/2008,MBS,MI,AGL,CE,Combined TRACON& Tower with Radar,17,4,20,0,41,0,0,7,0,7,17,4,27,0,48,4,0,4,52
06/09/2008,MBS,MI,AGL,CE,Combined TRACON& Tower with Radar,23,15,23,0,61,0,1,5,0,6,23,16,28,0,67,24,0,24,91
06/10/2008,MBS,MI,AGL,CE,Combined TRACON& Tower with Radar,25,9,28,0,62,0,2,14,0,16,25,11,42,0,78,32,0,32,110
06/11/2008,MBS,MI,AGL,CE,Combined TRACON& Tower with Radar,25,8,17,0,50,0,5,27,0,32,25,13,44,0,82,44,0,44,126
06/12/2008,MBS,MI,AGL,CE,Combined TRACON& Tower with Radar,24,15,51,0,90,0,2,33,0,35,24,17,84,0,125,44,0,44,169
06/13/2008,MBS,MI,AGL,CE,Combined TRACON& Tower with Radar,25,9,11,0,45,0,0,18,0,18,25,9,29,0,63,12,0,12,75
06/14/2008,MBS,MI,AGL,CE,Combined TRACON& Tower with Radar,19,7,27,0,53,0,2,26,0,28,19,9,53,0,81,56,0,56,137
06/15/2008,MBS,MI,AGL,CE,Combined TRACON& Tower with Radar,19,4,12,0,35,0,0,17,0,17,19,4,29,0,52,22,0,22,74
06/16/2008,MBS,MI,AGL,CE,Combined TRACON& Tower with Radar,25,8,36,0,69,0,2,23,0,25,25,10,59,0,94,76,0,76,170
06/17/2008,MBS,MI,AGL,CE,Combined TRACON& Tower with Radar,25,16,29,1,71,0,2,15,0,17,25,18,44,1,88,44,0,44,132
06/18/2008,MBS,MI,AGL,CE,Combined TRACON& Tower with Radar,25,9,31,0,65,0,4,18,0,22,25,13,49,0,87,70,0,70,157
06/19/2008,MBS,MI,AGL,CE,Combined TRACON& Tower with Radar,24,14,27,1,66,0,2,30,0,32,24,16,57,1,98,10,0,10,108
06/20/2008,MBS,MI,AGL,CE,Combined TRACON& Tower with Radar,26,13,28,0,67,0,0,30,0,30,26,13,58,0,97,94,0,94,191
06/21/2008,MBS,MI,AGL,CE,Combined TRACON& Tower with Radar,24,6,11,0,41,0,0,14,0,14,24,6,25,0,55,8,0,8,63
06/22/2008,MBS,MI,AGL,CE,Combined TRACON& Tower with Radar,20,2,24,0,46,0,0,30,3,33,20,2,54,3,79,58,0,58,137
06/23/2008,MBS,MI,AGL,CE,Combined TRACON& Tower with Radar,23,7,34,0,64,0,2,21,0,23,23,9,55,0,87,56,0,56,143
06/24/2008,MBS,MI,AGL,CE,Combined TRACON& Tower with Radar,27,11,23,2,63,0,2,24,0,26,27,13,47,2,89,52,4,56,145
06/25/2008,MBS,MI,AGL,CE,Combined TRACON& Tower with Radar,33,18,30,0,81,0,2,9,0,11,33,20,39,0,92,4,0,4,96
06/26/2008,MBS,MI,AGL,CE,Combined TRACON& Tower with Radar,24,18,21,0,63,0,2,11,0,13,24,20,32,0,76,4,0,4,80
06/27/2008,MBS,MI,AGL,CE,Combined TRACON& Tower with Radar,22,9,23,0,54,0,0,11,0,11,22,9,34,0,65,46,0,46,111
06/28/2008,MBS,MI,AGL,CE,Combined TRACON& Tower with Radar,20,5,6,0,31,0,0,0,0,0,20,5,6,0,31,14,0,14,45
06/29/2008,MBS,MI,AGL,CE,Combined TRACON& Tower with Radar,17,3,23,0,43,0,1,15,0,16,17,4,38,0,59,80,0,80,139
06/30/2008,MBS,MI,AGL,CE,Combined TRACON& Tower with Radar,24,11,14,0,49,0,4,8,0,12,24,15,22,0,61,16,0,16,77
07/01/2008,MBS,MI,AGL,CE,Combined TRACON& Tower with Radar,24,10,34,0,68,0,2,29,0,31,24,12,63,0,99,22,0,22,121
07/02/2008,MBS,MI,AGL,CE,Combined TRACON& Tower with Radar,18,10,19,0,47,0,2,6,0,8,18,12,25,0,55,0,0,0,55
07/03/2008,MBS,MI,AGL,CE,Combined TRACON& Tower with Radar,21,12,27,0,60,0,3,22,0,25,21,15,49,0,85,22,0,22,107
07/04/2008,MBS,MI,AGL,CE,Combined TRACON& Tower with Radar,18,3,14,0,35,0,0,29,0,29,18,3,43,0,64,92,0,92,156
07/05/2008,MBS,MI,AGL,CE,Combined TRACON& Tower with Radar,19,5,5,0,29,0,0,50,0,50,19,5,55,0,79,52,0,52,131
07/06/2008,MBS,MI,AGL,CE,Combined TRACON& Tower with Radar,20,1,12,0,33,0,0,32,0,32,20,1,44,0,65,40,0,40,105
07/07/2008,MBS,MI,AGL,CE,Combined TRACON& Tower with Radar,23,20,16,0,59,0,2,8,0,10,23,22,24,0,69,8,0,8,77
07/08/2008,MBS,MI,AGL,CE,Combined TRACON& Tower with Radar,22,10,22,0,54,0,0,9,0,9,22,10,31,0,63,32,0,32,95
07/09/2008,MBS,MI,AGL,CE,Combined TRACON& Tower with Radar,24,14,36,0,74,0,2,32,0,34,24,16,68,0,108,12,0,12,120
07/10/2008,MBS,MI,AGL,CE,Combined TRACON& Tower with Radar,27,23,43,1,94,0,3,24,0,27,27,26,67,1,121,8,0,8,129
07/11/2008,MBS,MI,AGL,CE,Combined TRACON& Tower with Radar,22,10,7,0,39,0,0,7,0,7,22,10,14,0,46,4,0,4,50
07/12/2008,MBS,MI,AGL,CE,Combined TRACON& Tower with Radar,23,4,18,0,45,0,0,2,0,2,23,4,20,0,47,54,0,54,101
07/13/2008,MBS,MI,AGL,CE,Combined TRACON& Tower with Radar,20,3,18,0,41,0,0,5,0,5,20,3,23,0,46,8,0,8,54
07/14/2008,MBS,MI,AGL,CE,Combined TRACON& Tower with Radar,22,13,16,0,51,0,0,11,0,11,22,13,27,0,62,4,0,4,66
07/15/2008,MBS,MI,AGL,CE,Combined TRACON& Tower with Radar,25,6,20,0,51,0,2,24,0,26,25,8,44,0,77,28,0,28,105
07/16/2008,MBS,MI,AGL,CE,Combined TRACON& Tower with Radar,21,20,16,0,57,0,2,14,0,16,21,22,30,0,73,32,0,32,105
07/17/2008,MBS,MI,AGL,CE,Combined TRACON& Tower with Radar,26,19,33,0,78,0,2,13,0,15,26,21,46,0,93,18,0,18,111
07/18/2008,MBS,MI,AGL,CE,Combined TRACON& Tower with Radar,24,12,25,1,62,0,2,22,1,25,24,14,47,2,87,70,8,78,165
07/19/2008,MBS,MI,AGL,CE,Combined TRACON& Tower with Radar,20,9,9,0,38,0,0,6,0,6,20,9,15,0,44,2,0,2,46
07/20/2008,MBS,MI,AGL,CE,Combined TRACON& Tower with Radar,19,0,12,0,31,0,0,3,0,3,19,0,15,0,34,0,0,0,34
07/21/2008,MBS,MI,AGL,CE,Combined TRACON& Tower with Radar,24,15,23,0,62,0,2,0,0,2,24,17,23,0,64,26,0,26,90
07/22/2008,MBS,MI,AGL,CE,Combined TRACON& Tower with Radar,24,9,18,0,51,0,2,8,0,10,24,11,26,0,61,4,0,4,65
07/23/2008,MBS,MI,AGL,CE,Combined TRACON& Tower with Radar,23,9,25,0,57,0,2,22,0,24,23,11,47,0,81,26,0,26,107
07/24/2008,MBS,MI,AGL,CE,Combined TRACON& Tower with Radar,28,14,32,0,74,0,0,26,0,26,28,14,58,0,100,40,0,40,140
07/25/2008,MBS,MI,AGL,CE,Combined TRACON& Tower with Radar,25,26,24,0,75,0,2,12,0,14,25,28,36,0,89,80,0,80,169
07/26/2008,MBS,MI,AGL,CE,Combined TRACON& Tower with Radar,24,10,24,0,58,0,3,22,0,25,24,13,46,0,83,80,0,80,163
07/27/2008,MBS,MI,AGL,CE,Combined TRACON& Tower with Radar,26,1,23,0,50,0,1,12,0,13,26,2,35,0,63,14,0,14,77
07/28/2008,MBS,MI,AGL,CE,Combined TRACON& Tower with Radar,24,12,33,0,69,0,1,30,0,31,24,13,63,0,100,14,0,14,114
07/29/2008,MBS,MI,AGL,CE,Combined TRACON& Tower with Radar,28,10,26,3,67,0,10,23,0,33,28,20,49,3,100,20,0,20,120
07/30/2008,MBS,MI,AGL,CE,Combined TRACON& Tower with Radar,21,8,33,0,62,0,2,17,0,19,21,10,50,0,81,2,0,2,83
07/31/2008,MBS,MI,AGL,CE,Combined TRACON& Tower with Radar,30,17,64,0,111,0,4,56,0,60,30,21,120,0,171,62,0,62,233
08/01/2008,MBS,MI,AGL,CE,Combined TRACON& Tower with Radar,24,14,12,0,50,1,1,19,0,21,25,15,31,0,71,4,6,10,81
08/02/2008,MBS,MI,AGL,CE,Combined TRACON& Tower with Radar,20,8,15,0,43,2,2,28,0,32,22,10,43,0,75,30,0,30,105
08/03/2008,MBS,MI,AGL,CE,Combined TRACON& Tower with Radar,20,2,21,0,43,0,0,32,0,32,20,2,53,0,75,2,0,2,77
08/04/2008,MBS,MI,AGL,CE,Combined TRACON& Tower with Radar,18,8,23,0,49,0,2,15,0,17,18,10,38,0,66,6,0,6,72
08/05/2008,MBS,MI,AGL,CE,Combined TRACON& Tower with Radar,21,8,21,0,50,0,1,18,0,19,21,9,39,0,69,6,0,6,75
08/06/2008,MBS,MI,AGL,CE,Combined TRACON& Tower with Radar,25,6,35,0,66,0,2,21,0,23,25,8,56,0,89,44,0,44,133
08/07/2008,MBS,MI,AGL,CE,Combined TRACON& Tower with Radar,26,12,13,0,51,0,2,29,0,31,26,14,42,0,82,26,0,26,108
08/08/2008,MBS,MI,AGL,CE,Combined TRACON& Tower with Radar,24,9,22,0,55,0,0,13,0,13,24,9,35,0,68,18,0,18,86
08/09/2008,MBS,MI,AGL,CE,Combined TRACON& Tower with Radar,24,6,8,0,38,0,0,5,0,5,24,6,13,0,43,4,0,4,47
08/10/2008,MBS,MI,AGL,CE,Combined TRACON& Tower with Radar,21,4,13,0,38,0,0,2,0,2,21,4,15,0,40,0,0,0,40
08/11/2008,MBS,MI,AGL,CE,Combined TRACON& Tower with Radar,23,9,29,0,61,0,2,33,0,35,23,11,62,0,96,38,0,38,134
08/12/2008,MBS,MI,AGL,CE,Combined TRACON& Tower with Radar,26,16,19,0,61,0,2,22,0,24,26,18,41,0,85,32,0,32,117
08/13/2008,MBS,MI,AGL,CE,Combined TRACON& Tower with Radar,25,10,21,0,56,0,2,8,0,10,25,12,29,0,66,2,0,2,68
08/14/2008,MBS,MI,AGL,CE,Combined TRACON& Tower with Radar,28,12,33,0,73,0,4,10,0,14,28,16,43,0,87,18,0,18,105
08/15/2008,MBS,MI,AGL,CE,Combined TRACON& Tower with Radar,25,9,21,0,55,0,3,14,0,17,25,12,35,0,72,14,0,14,86
08/16/2008,MBS,MI,AGL,CE,Combined TRACON& Tower with Radar,21,2,19,0,42,0,2,18,0,20,21,4,37,0,62,28,0,28,90
08/17/2008,MBS,MI,AGL,CE,Combined TRACON& Tower with Radar,21,1,15,0,37,0,0,14,0,14,21,1,29,0,51,10,0,10,61
08/18/2008,MBS,MI,AGL,CE,Combined TRACON& Tower with Radar,24,9,18,0,51,0,0,13,0,13,24,9,31,0,64,2,0,2,66
08/19/2008,MBS,MI,AGL,CE,Combined TRACON& Tower with Radar,25,12,30,0,67,0,3,13,0,16,25,15,43,0,83,2,0,2,85
08/20/2008,MBS,MI,AGL,CE,Combined TRACON& Tower with Radar,23,9,23,0,55,0,4,25,0,29,23,13,48,0,84,34,0,34,118
08/21/2008,MBS,MI,AGL,CE,Combined TRACON& Tower with Radar,25,17,18,0,60,0,2,25,0,27,25,19,43,0,87,26,0,26,113
08/22/2008,MBS,MI,AGL,CE,Combined TRACON& Tower with Radar,22,7,7,0,36,0,2,13,0,15,22,9,20,0,51,0,0,0,51
08/23/2008,MBS,MI,AGL,CE,Combined TRACON& Tower with Radar,26,6,5,0,37,0,0,33,0,33,26,6,38,0,70,36,0,36,106
08/24/2008,MBS,MI,AGL,CE,Combined TRACON& Tower with Radar,20,0,11,0,31,0,0,13,0,13,20,0,24,0,44,0,0,0,44
08/25/2008,MBS,MI,AGL,CE,Combined TRACON& Tower with Radar,25,9,15,0,49,0,2,31,0,33,25,11,46,0,82,22,0,22,104
08/26/2008,MBS,MI,AGL,CE,Combined TRACON& Tower with Radar,24,7,29,0,60,0,2,24,0,26,24,9,53,0,86,8,0,8,94
08/27/2008,MBS,MI,AGL,CE,Combined TRACON& Tower with Radar,24,9,23,0,56,0,8,32,0,40,24,17,55,0,96,10,0,10,106
08/28/2008,MBS,MI,AGL,CE,Combined TRACON& Tower with Radar,29,11,28,0,68,0,2,4,0,6,29,13,32,0,74,8,0,8,82
08/29/2008,MBS,MI,AGL,CE,Combined TRACON& Tower with Radar,26,10,5,0,41,0,0,9,0,9,26,10,14,0,50,16,0,16,66
08/30/2008,MBS,MI,AGL,CE,Combined TRACON& Tower with Radar,16,4,3,0,23,0,6,18,0,24,16,10,21,0,47,6,0,6,53
08/31/2008,MBS,MI,AGL,CE,Combined TRACON& Tower with Radar,17,1,12,2,32,0,0,19,0,19,17,1,31,2,51,28,0,28,79
09/01/2008,MBS,MI,AGL,CE,Combined TRACON& Tower with Radar,19,0,6,0,25,0,0,21,0,21,19,0,27,0,46,18,0,18,64
09/02/2008,MBS,MI,AGL,CE,Combined TRACON& Tower with Radar,27,7,30,0,64,0,2,26,0,28,27,9,56,0,92,12,0,12,104
09/03/2008,MBS,MI,AGL,CE,Combined TRACON& Tower with Radar,24,8,24,0,56,0,0,4,0,4,24,8,28,0,60,0,0,0,60
09/04/2008,MBS,MI,AGL,CE,Combined TRACON& Tower with Radar,27,21,28,0,76,0,0,2,0,2,27,21,30,0,78,12,0,12,90
09/05/2008,MBS,MI,AGL,CE,Combined TRACON& Tower with Radar,28,17,21,0,66,0,1,9,0,10,28,18,30,0,76,10,0,10,86
09/06/2008,MBS,MI,AGL,CE,Combined TRACON& Tower with Radar,15,8,25,0,48,0,0,34,0,34,15,8,59,0,82,26,0,26,108
09/07/2008,MBS,MI,AGL,CE,Combined TRACON& Tower with Radar,19,0,10,0,29,0,2,18,0,20,19,2,28,0,49,26,0,26,75
09/08/2008,MBS,MI,AGL,CE,Combined TRACON& Tower with Radar,23,15,21,0,59,0,0,16,0,16,23,15,37,0,75,2,0,2,77
09/09/2008,MBS,MI,AGL,CE,Combined TRACON& Tower with Radar,26,12,16,0,54,0,2,16,0,18,26,14,32,0,72,32,0,32,104
09/10/2008,MBS,MI,AGL,CE,Combined TRACON& Tower with Radar,23,10,28,8,69,0,4,25,0,29,23,14,53,8,98,16,0,16,114
09/11/2008,MBS,MI,AGL,CE,Combined TRACON& Tower with Radar,29,17,28,3,77,0,2,27,3,32,29,19,55,6,109,50,8,58,167
09/12/2008,MBS,MI,AGL,CE,Combined TRACON& Tower with Radar,23,8,24,0,55,0,0,0,0,0,23,8,24,0,55,6,0,6,61
09/13/2008,MBS,MI,AGL,CE,Combined TRACON& Tower with Radar,18,7,33,0,58,0,0,0,0,0,18,7,33,0,58,18,0,18,76
09/14/2008,MBS,MI,AGL,CE,Combined TRACON& Tower with Radar,19,6,9,0,34,0,0,0,0,0,19,6,9,0,34,0,0,0,34
09/15/2008,MBS,MI,AGL,CE,Combined TRACON& Tower with Radar,22,13,23,0,58,2,3,6,0,11,24,16,29,0,69,8,0,8,77
09/16/2008,MBS,MI,AGL,CE,Combined TRACON& Tower with Radar,22,9,22,0,53,0,2,19,0,21,22,11,41,0,74,14,0,14,88
09/17/2008,MBS,MI,AGL,CE,Combined TRACON& Tower with Radar,24,14,23,0,61,0,2,21,0,23,24,16,44,0,84,54,0,54,138
09/18/2008,MBS,MI,AGL,CE,Combined TRACON& Tower with Radar,33,16,35,2,86,0,5,30,1,36,33,21,65,3,122,52,0,52,174
09/19/2008,MBS,MI,AGL,CE,Combined TRACON& Tower with Radar,23,10,14,0,47,0,0,18,0,18,23,10,32,0,65,16,0,16,81
09/20/2008,MBS,MI,AGL,CE,Combined TRACON& Tower with Radar,15,7,4,0,26,0,0,14,0,14,15,7,18,0,40,20,0,20,60
09/21/2008,MBS,MI,AGL,CE,Combined TRACON& Tower with Radar,20,5,14,0,39,0,1,19,0,20,20,6,33,0,59,30,0,30,89
09/22/2008,MBS,MI,AGL,CE,Combined TRACON& Tower with Radar,26,10,17,0,53,3,1,14,0,18,29,11,31,0,71,0,0,0,71
09/23/2008,MBS,MI,AGL,CE,Combined TRACON& Tower with Radar,27,13,25,0,65,0,2,19,0,21,27,15,44,0,86,16,0,16,102
09/24/2008,MBS,MI,AGL,CE,Combined TRACON& Tower with Radar,25,13,32,0,70,0,6,18,0,24,25,19,50,0,94,28,0,28,122
09/25/2008,MBS,MI,AGL,CE,Combined TRACON& Tower with Radar,25,15,25,0,65,0,4,9,0,13,25,19,34,0,78,12,0,12,90
09/26/2008,MBS,MI,AGL,CE,Combined TRACON& Tower with Radar,22,10,11,0,43,0,0,15,0,15,22,10,26,0,58,8,0,8,66
09/27/2008,MBS,MI,AGL,CE,Combined TRACON& Tower with Radar,16,7,5,0,28,0,0,17,0,17,16,7,22,0,45,30,0,30,75
09/28/2008,MBS,MI,AGL,CE,Combined TRACON& Tower with Radar,19,5,17,0,41,0,0,6,0,6,19,5,23,0,47,20,0,20,67
09/29/2008,MBS,MI,AGL,CE,Combined TRACON& Tower with Radar,24,11,28,0,63,0,0,8,0,8,24,11,36,0,71,6,0,6,77
09/30/2008,MBS,MI,AGL,CE,Combined TRACON& Tower with Radar,21,16,17,0,54,0,0,2,0,2,21,16,19,0,56,0,0,0,56
10/01/2008,MBS,MI,AGL,CE,Combined TRACON& Tower with Radar,23,10,14,0,47,0,2,14,0,16,23,12,28,0,63,20,0,20,83
10/02/2008,MBS,MI,AGL,CE,Combined TRACON& Tower with Radar,25,17,22,0,64,0,0,9,0,9,25,17,31,0,73,18,0,18,91
10/03/2008,MBS,MI,AGL,CE,Combined TRACON& Tower with Radar,23,13,18,0,54,0,6,12,0,18,23,19,30,0,72,6,0,6,78
10/04/2008,MBS,MI,AGL,CE,Combined TRACON& Tower with Radar,17,4,6,0,27,0,1,12,0,13,17,5,18,0,40,16,0,16,56
10/05/2008,MBS,MI,AGL,CE,Combined TRACON& Tower with Radar,20,0,6,0,26,0,0,21,0,21,20,0,27,0,47,8,0,8,55
10/06/2008,MBS,MI,AGL,CE,Combined TRACON& Tower with Radar,25,5,22,0,52,0,2,26,0,28,25,7,48,0,80,15,0,15,95
10/07/2008,MBS,MI,AGL,CE,Combined TRACON& Tower with Radar,22,10,16,0,48,0,3,15,1,19,22,13,31,1,67,2,0,2,69
10/08/2008,MBS,MI,AGL,CE,Combined TRACON& Tower with Radar,22,11,34,2,69,0,0,1,0,1,22,11,35,2,70,4,0,4,74
10/09/2008,MBS,MI,AGL,CE,Combined TRACON& Tower with Radar,24,17,25,0,66,0,2,22,0,24,24,19,47,0,90,14,0,14,104
10/10/2008,MBS,MI,AGL,CE,Combined TRACON& Tower with Radar,25,23,10,0,58,0,6,23,2,31,25,29,33,2,89,38,0,38,127
10/11/2008,MBS,MI,AGL,CE,Combined TRACON& Tower with Radar,17,5,21,0,43,0,0,51,0,51,17,5,72,0,94,42,0,42,136
10/12/2008,MBS,MI,AGL,CE,Combined TRACON& Tower with Radar,17,6,29,0,52,0,1,28,0,29,17,7,57,0,81,66,0,66,147
10/13/2008,MBS,MI,AGL,CE,Combined TRACON& Tower with Radar,25,5,20,0,50,0,1,17,0,18,25,6,37,0,68,4,0,4,72
10/14/2008,MBS,MI,AGL,CE,Combined TRACON& Tower with Radar,23,14,15,0,52,1,2,12,1,16,24,16,27,1,68,4,0,4,72
10/15/2008,MBS,MI,AGL,CE,Combined TRACON& Tower with Radar,26,17,21,4,68,0,0,4,0,4,26,17,25,4,72,8,0,8,80
10/16/2008,MBS,MI,AGL,CE,Combined TRACON& Tower with Radar,24,20,33,10,87,0,2,11,0,13,24,22,44,10,100,50,0,50,150
10/17/2008,MBS,MI,AGL,CE,Combined TRACON& Tower with Radar,25,7,12,0,44,0,1,8,2,11,25,8,20,2,55,18,2,20,75
10/18/2008,MBS,MI,AGL,CE,Combined TRACON& Tower with Radar,17,6,8,0,31,0,0,18,0,18,17,6,26,0,49,20,0,20,69
10/19/2008,MBS,MI,AGL,CE,Combined TRACON& Tower with Radar,19,4,8,0,31,0,0,8,0,8,19,4,16,0,39,2,0,2,41
10/20/2008,MBS,MI,AGL,CE,Combined TRACON& Tower with Radar,25,9,19,0,53,0,2,3,0,5,25,11,22,0,58,0,0,0,58
10/21/2008,MBS,MI,AGL,CE,Combined TRACON& Tower with Radar,28,17,22,0,67,0,3,20,0,23,28,20,42,0,90,24,0,24,114
10/22/2008,MBS,MI,AGL,CE,Combined TRACON& Tower with Radar,23,13,24,0,60,0,2,15,0,17,23,15,39,0,77,12,0,12,89
10/23/2008,MBS,MI,AGL,CE,Combined TRACON& Tower with Radar,26,16,21,2,65,0,2,13,1,16,26,18,34,3,81,48,4,52,133
10/24/2008,MBS,MI,AGL,CE,Combined TRACON& Tower with Radar,26,17,22,2,67,0,0,6,0,6,26,17,28,2,73,4,2,6,79
10/25/2008,MBS,MI,AGL,CE,Combined TRACON& Tower with Radar,15,7,18,0,40,0,0,0,0,0,15,7,18,0,40,8,0,8,48
10/26/2008,MBS,MI,AGL,CE,Combined TRACON& Tower with Radar,20,2,3,0,25,0,0,0,0,0,20,2,3,0,25,0,0,0,25
10/27/2008,MBS,MI,AGL,CE,Combined TRACON& Tower with Radar,25,13,15,0,53,0,2,10,0,12,25,15,25,0,65,18,0,18,83
10/28/2008,MBS,MI,AGL,CE,Combined TRACON& Tower with Radar,21,10,16,0,47,0,2,12,0,14,21,12,28,0,61,34,0,34,95
10/29/2008,MBS,MI,AGL,CE,Combined TRACON& Tower with Radar,22,12,37,6,77,0,1,8,0,9,22,13,45,6,86,52,0,52,138
10/30/2008,MBS,MI,AGL,CE,Combined TRACON& Tower with Radar,22,17,21,0,60,0,2,38,0,40,22,19,59,0,100,70,0,70,170
10/31/2008,MBS,MI,AGL,CE,Combined TRACON& Tower with Radar,24,8,17,0,49,0,0,32,0,32,24,8,49,0,81,22,0,22,103
11/01/2008,MBS,MI,AGL,CE,Combined TRACON& Tower with Radar,16,3,10,0,29,0,1,37,0,38,16,4,47,0,67,44,0,44,111
11/02/2008,MBS,MI,AGL,CE,Combined TRACON& Tower with Radar,18,3,12,0,33,0,0,7,0,7,18,3,19,0,40,8,0,8,48
11/03/2008,MBS,MI,AGL,CE,Combined TRACON& Tower with Radar,23,11,16,0,50,0,1,19,0,20,23,12,35,0,70,16,0,16,86
11/04/2008,MBS,MI,AGL,CE,Combined TRACON& Tower with Radar,25,10,10,0,45,0,4,14,0,18,25,14,24,0,63,8,0,8,71
11/05/2008,MBS,MI,AGL,CE,Combined TRACON& Tower with Radar,22,4,20,0,46,0,2,21,0,23,22,6,41,0,69,16,0,16,85
11/06/2008,MBS,MI,AGL,CE,Combined TRACON& Tower with Radar,27,15,27,0,69,0,1,7,0,8,27,16,34,0,77,18,0,18,95
11/07/2008,MBS,MI,AGL,CE,Combined TRACON& Tower with Radar,24,12,25,0,61,0,2,8,0,10,24,14,33,0,71,18,0,18,89
11/08/2008,MBS,MI,AGL,CE,Combined TRACON& Tower with Radar,19,5,4,0,28,0,0,2,0,2,19,5,6,0,30,0,0,0,30
11/09/2008,MBS,MI,AGL,CE,Combined TRACON& Tower with Radar,20,1,7,0,28,0,0,0,0,0,20,1,7,0,28,0,0,0,28
11/10/2008,MBS,MI,AGL,CE,Combined TRACON& Tower with Radar,23,8,16,0,47,0,2,4,0,6,23,10,20,0,53,14,0,14,67
11/11/2008,MBS,MI,AGL,CE,Combined TRACON& Tower with Radar,21,19,21,1,62,0,3,12,0,15,21,22,33,1,77,22,0,22,99
11/12/2008,MBS,MI,AGL,CE,Combined TRACON& Tower with Radar,20,12,25,0,57,0,0,2,0,2,20,12,27,0,59,0,0,0,59
11/13/2008,MBS,MI,AGL,CE,Combined TRACON& Tower with Radar,26,14,31,3,74,0,2,4,0,6,26,16,35,3,80,6,2,8,88
11/14/2008,MBS,MI,AGL,CE,Combined TRACON& Tower with Radar,21,6,18,0,45,0,0,4,0,4,21,6,22,0,49,8,0,8,57
11/15/2008,MBS,MI,AGL,CE,Combined TRACON& Tower with Radar,18,7,14,0,39,0,0,4,0,4,18,7,18,0,43,6,0,6,49
11/16/2008,MBS,MI,AGL,CE,Combined TRACON& Tower with Radar,22,0,17,0,39,0,0,3,0,3,22,0,20,0,42,14,0,14,56
11/17/2008,MBS,MI,AGL,CE,Combined TRACON& Tower with Radar,26,13,19,0,58,0,2,15,0,17,26,15,34,0,75,8,0,8,83
11/18/2008,MBS,MI,AGL,CE,Combined TRACON& Tower with Radar,21,14,14,0,49,0,2,13,0,15,21,16,27,0,64,20,0,20,84
11/19/2008,MBS,MI,AGL,CE,Combined TRACON& Tower with Radar,22,17,23,0,62,0,0,16,0,16,22,17,39,0,78,8,0,8,86
11/20/2008,MBS,MI,AGL,CE,Combined TRACON& Tower with Radar,24,20,19,0,63,0,6,10,0,16,24,26,29,0,79,36,0,36,115
11/21/2008,MBS,MI,AGL,CE,Combined TRACON& Tower with Radar,22,7,22,0,51,0,0,10,0,10,22,7,32,0,61,25,0,25,86
11/22/2008,MBS,MI,AGL,CE,Combined TRACON& Tower with Radar,20,6,17,0,43,0,0,22,0,22,20,6,39,0,65,54,0,54,119
11/23/2008,MBS,MI,AGL,CE,Combined TRACON& Tower with Radar,21,1,6,0,28,0,0,15,0,15,21,1,21,0,43,16,0,16,59
11/24/2008,MBS,MI,AGL,CE,Combined TRACON& Tower with Radar,24,18,9,0,51,0,0,0,0,0,24,18,9,0,51,0,0,0,51
11/25/2008,MBS,MI,AGL,CE,Combined TRACON& Tower with Radar,26,12,7,0,45,0,2,2,0,4,26,14,9,0,49,0,0,0,49
11/26/2008,MBS,MI,AGL,CE,Combined TRACON& Tower with Radar,23,12,18,1,54,0,2,20,0,22,23,14,38,1,76,10,0,10,86
11/27/2008,MBS,MI,AGL,CE,Combined TRACON& Tower with Radar,14,0,0,0,14,0,0,10,0,10,14,0,10,0,24,10,0,10,34
11/28/2008,MBS,MI,AGL,CE,Combined TRACON& Tower with Radar,14,8,3,1,26,0,0,2,0,2,14,8,5,1,28,0,0,0,28
11/29/2008,MBS,MI,AGL,CE,Combined TRACON& Tower with Radar,24,6,5,0,35,0,0,15,0,15,24,6,20,0,50,20,0,20,70
11/30/2008,MBS,MI,AGL,CE,Combined TRACON& Tower with Radar,22,5,8,0,35,0,0,1,0,1,22,5,9,0,36,2,0,2,38
12/01/2008,MBS,MI,AGL,CE,Combined TRACON& Tower with Radar,21,6,8,0,35,0,0,0,0,0,21,6,8,0,35,0,0,0,35
12/02/2008,MBS,MI,AGL,CE,Combined TRACON& Tower with Radar,26,12,12,0,50,0,2,3,0,5,26,14,15,0,55,0,0,0,55
12/03/2008,MBS,MI,AGL,CE,Combined TRACON& Tower with Radar,22,8,12,0,42,0,0,2,0,2,22,8,14,0,44,0,0,0,44
12/04/2008,MBS,MI,AGL,CE,Combined TRACON& Tower with Radar,24,9,35,0,68,0,0,0,0,0,24,9,35,0,68,0,0,0,68
12/05/2008,MBS,MI,AGL,CE,Combined TRACON& Tower with Radar,26,8,7,0,41,0,0,4,0,4,26,8,11,0,45,8,0,8,53
12/06/2008,MBS,MI,AGL,CE,Combined TRACON& Tower with Radar,13,6,7,2,28,0,0,0,0,0,13,6,7,2,28,0,0,0,28
12/07/2008,MBS,MI,AGL,CE,Combined TRACON& Tower with Radar,19,2,11,4,36,0,0,17,0,17,19,2,28,4,53,34,0,34,87
12/08/2008,MBS,MI,AGL,CE,Combined TRACON& Tower with Radar,24,18,7,0,49,0,0,9,0,9,24,18,16,0,58,8,0,8,66
12/09/2008,MBS,MI,AGL,CE,Combined TRACON& Tower with Radar,22,15,11,0,48,0,0,0,0,0,22,15,11,0,48,0,0,0,48
12/10/2008,MBS,MI,AGL,CE,Combined TRACON& Tower with Radar,25,11,16,0,52,0,2,5,0,7,25,13,21,0,59,0,0,0,59
12/11/2008,MBS,MI,AGL,CE,Combined TRACON& Tower with Radar,24,27,35,0,86,0,2,6,0,8,24,29,41,0,94,18,0,18,112
12/12/2008,MBS,MI,AGL,CE,Combined TRACON& Tower with Radar,27,9,9,0,45,0,1,1,0,2,27,10,10,0,47,0,0,0,47
12/13/2008,MBS,MI,AGL,CE,Combined TRACON& Tower with Radar,14,7,28,0,49,0,0,9,0,9,14,7,37,0,58,10,0,10,68
12/14/2008,MBS,MI,AGL,CE,Combined TRACON& Tower with Radar,18,2,14,0,34,0,0,1,0,1,18,2,15,0,35,8,0,8,43
12/15/2008,MBS,MI,AGL,CE,Combined TRACON& Tower with Radar,24,12,19,0,55,0,6,0,4,10,24,18,19,4,65,0,0,0,65
12/16/2008,MBS,MI,AGL,CE,Combined TRACON& Tower with Radar,22,19,10,0,51,1,1,4,0,6,23,20,14,0,57,4,0,4,61
12/17/2008,MBS,MI,AGL,CE,Combined TRACON& Tower with Radar,24,12,13,0,49,0,0,2,0,2,24,12,15,0,51,0,0,0,51
12/18/2008,MBS,MI,AGL,CE,Combined TRACON& Tower with Radar,23,19,31,0,73,0,1,0,0,1,23,20,31,0,74,16,0,16,90
12/19/2008,MBS,MI,AGL,CE,Combined TRACON& Tower with Radar,15,13,11,0,39,0,0,0,0,0,15,13,11,0,39,0,0,0,39
12/20/2008,MBS,MI,AGL,CE,Combined TRACON& Tower with Radar,21,7,9,0,37,0,0,3,0,3,21,7,12,0,40,4,0,4,44
12/21/2008,MBS,MI,AGL,CE,Combined TRACON& Tower with Radar,20,1,1,0,22,0,0,0,0,0,20,1,1,0,22,0,0,0,22
12/22/2008,MBS,MI,AGL,CE,Combined TRACON& Tower with Radar,21,7,4,0,32,0,2,1,0,3,21,9,5,0,35,0,0,0,35
12/23/2008,MBS,MI,AGL,CE,Combined TRACON& Tower with Radar,21,11,3,0,35,0,0,0,0,0,21,11,3,0,35,0,0,0,35
12/24/2008,MBS,MI,AGL,CE,Combined TRACON& Tower with Radar,17,8,5,0,30,0,0,0,0,0,17,8,5,0,30,0,0,0,30
12/25/2008,MBS,MI,AGL,CE,Combined TRACON& Tower with Radar,17,4,3,0,24,0,0,4,0,4,17,4,7,0,28,4,0,4,32
12/26/2008,MBS,MI,AGL,CE,Combined TRACON& Tower with Radar,16,6,5,0,27,0,0,0,0,0,16,6,5,0,27,0,0,0,27
12/27/2008,MBS,MI,AGL,CE,Combined TRACON& Tower with Radar,12,0,4,0,16,0,0,0,0,0,12,0,4,0,16,0,0,0,16
12/28/2008,MBS,MI,AGL,CE,Combined TRACON& Tower with Radar,21,3,1,0,25,0,0,0,0,0,21,3,1,0,25,0,0,0,25
12/29/2008,MBS,MI,AGL,CE,Combined TRACON& Tower with Radar,23,8,7,0,38,0,3,5,0,8,23,11,12,0,46,2,0,2,48
12/30/2008,MBS,MI,AGL,CE,Combined TRACON& Tower with Radar,21,11,10,0,42,0,0,4,0,4,21,11,14,0,46,6,0,6,52
12/31/2008,MBS,MI,AGL,CE,Combined TRACON& Tower with Radar,21,10,5,0,36,0,0,4,0,4,21,10,9,0,40,0,0,0,40
01/01/2009,MBS,MI,AGL,CE,Combined TRACON& Tower with Radar,21,0,6,0,27,0,1,0,0,1,21,1,6,0,28,4,0,4,32
01/02/2009,MBS,MI,AGL,CE,Combined TRACON& Tower with Radar,24,7,9,0,40,0,0,0,0,0,24,7,9,0,40,2,0,2,42
01/03/2009,MBS,MI,AGL,CE,Combined TRACON& Tower with Radar,17,6,31,0,54,0,0,56,0,56,17,6,87,0,110,123,0,123,233
01/04/2009,MBS,MI,AGL,CE,Combined TRACON& Tower with Radar,19,2,3,0,24,0,0,0,0,0,19,2,3,0,24,0,0,0,24
01/05/2009,MBS,MI,AGL,CE,Combined TRACON& Tower with Radar,23,10,18,0,51,0,2,13,0,15,23,12,31,0,66,14,0,14,80
01/06/2009,MBS,MI,AGL,CE,Combined TRACON& Tower with Radar,19,10,10,0,39,0,0,7,0,7,19,10,17,0,46,8,0,8,54
01/07/2009,MBS,MI,AGL,CE,Combined TRACON& Tower with Radar,23,7,15,0,45,0,0,0,0,0,23,7,15,0,45,0,0,0,45
01/08/2009,MBS,MI,AGL,CE,Combined TRACON& Tower with Radar,28,13,17,0,58,0,1,2,0,3,28,14,19,0,61,6,0,6,67
01/09/2009,MBS,MI,AGL,CE,Combined TRACON& Tower with Radar,22,10,16,0,48,0,0,4,0,4,22,10,20,0,52,28,0,28,80
01/10/2009,MBS,MI,AGL,CE,Combined TRACON& Tower with Radar,19,5,10,0,34,0,0,6,0,6,19,5,16,0,40,20,0,20,60
01/11/2009,MBS,MI,AGL,CE,Combined TRACON& Tower with Radar,18,1,9,0,28,0,0,1,0,1,18,1,10,0,29,0,0,0,29
01/12/2009,MBS,MI,AGL,CE,Combined TRACON& Tower with Radar,30,20,18,0,68,0,2,0,0,2,30,22,18,0,70,34,0,34,104
01/13/2009,MBS,MI,AGL,CE,Combined TRACON& Tower with Radar,21,17,6,0,44,0,2,0,0,2,21,19,6,0,46,0,0,0,46
01/14/2009,MBS,MI,AGL,CE,Combined TRACON& Tower with Radar,21,9,15,0,45,0,0,1,0,1,21,9,16,0,46,0,0,0,46
01/15/2009,MBS,MI,AGL,CE,Combined TRACON& Tower with Radar,23,15,21,3,62,0,0,4,0,4,23,15,25,3,66,6,0,6,72
01/16/2009,MBS,MI,AGL,CE,Combined TRACON& Tower with Radar,27,7,9,0,43,0,2,10,0,12,27,9,19,0,55,66,0,66,121
01/17/2009,MBS,MI,AGL,CE,Combined TRACON& Tower with Radar,15,10,10,0,35,0,0,0,0,0,15,10,10,0,35,2,0,2,37
01/18/2009,MBS,MI,AGL,CE,Combined TRACON& Tower with Radar,18,4,5,0,27,0,0,1,0,1,18,4,6,0,28,0,0,0,28
01/19/2009,MBS,MI,AGL,CE,Combined TRACON& Tower with Radar,19,8,25,0,52,0,0,11,0,11,19,8,36,0,63,10,0,10,73
01/20/2009,MBS,MI,AGL,CE,Combined TRACON& Tower with Radar,23,6,15,0,44,0,3,3,0,6,23,9,18,0,50,4,0,4,54
01/21/2009,MBS,MI,AGL,CE,Combined TRACON& Tower with Radar,20,11,31,1,63,0,1,8,0,9,20,12,39,1,72,32,0,32,104
01/22/2009,MBS,MI,AGL,CE,Combined TRACON& Tower with Radar,24,10,17,0,51,0,0,3,0,3,24,10,20,0,54,0,0,0,54
01/23/2009,MBS,MI,AGL,CE,Combined TRACON& Tower with Radar,25,7,8,0,40,0,0,4,0,4,25,7,12,0,44,4,0,4,48
01/24/2009,MBS,MI,AGL,CE,Combined TRACON& Tower with Radar,14,6,20,0,40,1,0,20,2,23,15,6,40,2,63,58,0,58,121
01/25/2009,MBS,MI,AGL,CE,Combined TRACON& Tower with Radar,18,0,16,0,34,0,0,13,0,13,18,0,29,0,47,26,0,26,73
01/26/2009,MBS,MI,AGL,CE,Combined TRACON& Tower with Radar,28,14,7,0,49,0,0,16,0,16,28,14,23,0,65,0,0,0,65
01/27/2009,MBS,MI,AGL,CE,Combined TRACON& Tower with Radar,23,4,24,0,51,0,0,8,0,8,23,4,32,0,59,14,0,14,73
01/28/2009,MBS,MI,AGL,CE,Combined TRACON& Tower with Radar,23,6,27,0,56,0,0,7,0,7,23,6,34,0,63,24,0,24,87
01/29/2009,MBS,MI,AGL,CE,Combined TRACON& Tower with Radar,23,12,24,0,59,0,0,4,0,4,23,12,28,0,63,4,0,4,67
01/30/2009,MBS,MI,AGL,CE,Combined TRACON& Tower with Radar,36,8,8,0,52,0,0,1,0,1,36,8,9,0,53,22,0,22,75
01/31/2009,MBS,MI,AGL,CE,Combined TRACON& Tower with Radar,16,8,9,0,33,0,0,2,0,2,16,8,11,0,35,4,0,4,39
02/01/2009,MBS,MI,AGL,CE,Combined TRACON& Tower with Radar,20,0,8,0,28,0,0,20,0,20,20,0,28,0,48,36,0,36,84
02/02/2009,MBS,MI,AGL,CE,Combined TRACON& Tower with Radar,25,8,21,0,54,0,0,5,0,5,25,8,26,0,59,12,0,12,71
02/03/2009,MBS,MI,AGL,CE,Combined TRACON& Tower with Radar,21,8,7,0,36,0,0,2,0,2,21,8,9,0,38,0,0,0,38
02/04/2009,MBS,MI,AGL,CE,Combined TRACON& Tower with Radar,21,7,14,0,42,0,1,7,0,8,21,8,21,0,50,14,0,14,64
02/05/2009,MBS,MI,AGL,CE,Combined TRACON& Tower with Radar,25,13,21,0,59,0,0,6,0,6,25,13,27,0,65,72,0,72,137
02/06/2009,MBS,MI,AGL,CE,Combined TRACON& Tower with Radar,24,11,28,0,63,0,0,14,0,14,24,11,42,0,77,72,0,72,149
02/07/2009,MBS,MI,AGL,CE,Combined TRACON& Tower with Radar,14,9,5,0,28,1,1,3,0,5,15,10,8,0,33,6,0,6,39
02/08/2009,MBS,MI,AGL,CE,Combined TRACON& Tower with Radar,19,4,38,0,61,0,0,35,0,35,19,4,73,0,96,44,0,44,140
02/09/2009,MBS,MI,AGL,CE,Combined TRACON& Tower with Radar,30,8,13,1,52,0,0,6,0,6,30,8,19,1,58,6,0,6,64
02/10/2009,MBS,MI,AGL,CE,Combined TRACON& Tower with Radar,23,9,21,3,56,0,0,0,0,0,23,9,21,3,56,0,0,0,56
02/11/2009,MBS,MI,AGL,CE,Combined TRACON& Tower with Radar,21,8,32,0,61,0,0,0,0,0,21,8,32,0,61,0,0,0,61
02/12/2009,MBS,MI,AGL,CE,Combined TRACON& Tower with Radar,30,23,37,0,90,0,0,3,0,3,30,23,40,0,93,0,0,0,93
02/13/2009,MBS,MI,AGL,CE,Combined TRACON& Tower with Radar,34,8,10,0,52,0,1,4,0,5,34,9,14,0,57,4,0,4,61
02/14/2009,MBS,MI,AGL,CE,Combined TRACON& Tower with Radar,18,10,8,0,36,0,0,2,0,2,18,10,10,0,38,0,0,0,38
02/15/2009,MBS,MI,AGL,CE,Combined TRACON& Tower with Radar,22,5,20,0,47,0,0,26,0,26,22,5,46,0,73,54,0,54,127
02/16/2009,MBS,MI,AGL,CE,Combined TRACON& Tower with Radar,26,7,29,0,62,0,1,32,0,33,26,8,61,0,95,28,0,28,123
02/17/2009,MBS,MI,AGL,CE,Combined TRACON& Tower with Radar,23,5,5,0,33,0,1,12,0,13,23,6,17,0,46,0,0,0,46
02/18/2009,MBS,MI,AGL,CE,Combined TRACON& Tower with Radar,23,10,24,0,57,0,0,0,0,0,23,10,24,0,57,0,0,0,57
02/19/2009,MBS,MI,AGL,CE,Combined TRACON& Tower with Radar,36,16,23,0,75,0,0,0,0,0,36,16,23,0,75,0,0,0,75
02/20/2009,MBS,MI,AGL,CE,Combined TRACON& Tower with Radar,32,13,14,0,59,0,0,5,0,5,32,13,19,0,64,6,0,6,70
02/21/2009,MBS,MI,AGL,CE,Combined TRACON& Tower with Radar,19,3,6,0,28,0,0,0,0,0,19,3,6,0,28,0,0,0,28
02/22/2009,MBS,MI,AGL,CE,Combined TRACON& Tower with Radar,21,1,20,0,42,0,0,8,0,8,21,1,28,0,50,6,0,6,56
02/23/2009,MBS,MI,AGL,CE,Combined TRACON& Tower with Radar,33,8,13,0,54,0,0,5,0,5,33,8,18,0,59,10,0,10,69
02/24/2009,MBS,MI,AGL,CE,Combined TRACON& Tower with Radar,26,7,36,0,69,0,1,23,0,24,26,8,59,0,93,12,0,12,105
02/25/2009,MBS,MI,AGL,CE,Combined TRACON& Tower with Radar,27,14,25,6,72,0,2,9,0,11,27,16,34,6,83,20,0,20,103
02/26/2009,MBS,MI,AGL,CE,Combined TRACON& Tower with Radar,24,7,20,2,53,0,2,0,0,2,24,9,20,2,55,0,2,2,57
02/27/2009,MBS,MI,AGL,CE,Combined TRACON& Tower with Radar,28,7,8,2,45,0,0,1,1,2,28,7,9,3,47,6,2,8,55
02/28/2009,MBS,MI,AGL,CE,Combined TRACON& Tower with Radar,23,6,16,0,45,0,1,16,0,17,23,7,32,0,62,46,0,46,108
03/01/2009,MBS,MI,AGL,CE,Combined TRACON& Tower with Radar,18,0,11,0,29,0,0,13,0,13,18,0,24,0,42,40,0,40,82
03/02/2009,MBS,MI,AGL,CE,Combined TRACON& Tower with Radar,29,9,10,0,48,0,0,13,0,13,29,9,23,0,61,24,0,24,85
03/03/2009,MBS,MI,AGL,CE,Combined TRACON& Tower with Radar,26,6,15,1,48,0,0,11,0,11,26,6,26,1,59,20,0,20,79
03/04/2009,MBS,MI,AGL,CE,Combined TRACON& Tower with Radar,29,12,21,0,62,0,0,18,0,18,29,12,39,0,80,8,0,8,88
03/05/2009,MBS,MI,AGL,CE,Combined TRACON& Tower with Radar,30,23,20,0,73,0,1,12,0,13,30,24,32,0,86,66,0,66,152
03/06/2009,MBS,MI,AGL,CE,Combined TRACON& Tower with Radar,32,11,18,0,61,0,0,5,0,5,32,11,23,0,66,6,0,6,72
03/07/2009,MBS,MI,AGL,CE,Combined TRACON& Tower with Radar,26,5,5,0,36,0,0,0,0,0,26,5,5,0,36,0,0,0,36
03/08/2009,MBS,MI,AGL,CE,Combined TRACON& Tower with Radar,17,2,5,0,24,0,0,0,0,0,17,2,5,0,24,0,0,0,24
03/09/2009,MBS,MI,AGL,CE,Combined TRACON& Tower with Radar,30,9,7,0,46,0,0,4,0,4,30,9,11,0,50,12,0,12,62
03/10/2009,MBS,MI,AGL,CE,Combined TRACON& Tower with Radar,20,12,11,0,43,0,0,0,0,0,20,12,11,0,43,0,0,0,43
03/11/2009,MBS,MI,AGL,CE,Combined TRACON& Tower with Radar,23,15,21,0,59,0,1,0,0,1,23,16,21,0,60,2,0,2,62
03/12/2009,MBS,MI,AGL,CE,Combined TRACON& Tower with Radar,31,17,14,2,64,0,2,1,0,3,31,19,15,2,67,24,2,26,93
03/13/2009,MBS,MI,AGL,CE,Combined TRACON& Tower with Radar,31,10,22,0,63,0,4,33,0,37,31,14,55,0,100,80,0,80,180
03/14/2009,MBS,MI,AGL,CE,Combined TRACON& Tower with Radar,23,8,18,0,49,0,2,24,0,26,23,10,42,0,75,42,0,42,117
03/15/2009,MBS,MI,AGL,CE,Combined TRACON& Tower with Radar,27,3,10,0,40,0,1,26,0,27,27,4,36,0,67,92,0,92,159
03/16/2009,MBS,MI,AGL,CE,Combined TRACON& Tower with Radar,28,4,35,0,67,0,1,29,0,30,28,5,64,0,97,76,0,76,173
03/17/2009,MBS,MI,AGL,CE,Combined TRACON& Tower with Radar,26,10,31,0,67,0,0,18,0,18,26,10,49,0,85,40,0,40,125
03/18/2009,MBS,MI,AGL,CE,Combined TRACON& Tower with Radar,30,12,25,0,67,0,0,12,0,12,30,12,37,0,79,30,0,30,109
03/19/2009,MBS,MI,AGL,CE,Combined TRACON& Tower with Radar,34,23,23,0,80,0,0,12,0,12,34,23,35,0,92,26,0,26,118
03/20/2009,MBS,MI,AGL,CE,Combined TRACON& Tower with Radar,32,13,25,0,70,0,1,31,0,32,32,14,56,0,102,58,0,58,160
03/21/2009,MBS,MI,AGL,CE,Combined TRACON& Tower with Radar,25,9,8,0,42,0,1,35,0,36,25,10,43,0,78,54,0,54,132
03/22/2009,MBS,MI,AGL,CE,Combined TRACON& Tower with Radar,22,2,19,0,43,0,0,12,0,12,22,2,31,0,55,2,0,2,57
03/23/2009,MBS,MI,AGL,CE,Combined TRACON& Tower with Radar,25,9,13,0,47,0,2,21,0,23,25,11,34,0,70,10,0,10,80
03/24/2009,MBS,MI,AGL,CE,Combined TRACON& Tower with Radar,26,10,17,0,53,0,0,8,0,8,26,10,25,0,61,8,0,8,69
03/25/2009,MBS,MI,AGL,CE,Combined TRACON& Tower with Radar,26,9,17,0,52,0,0,1,0,1,26,9,18,0,53,0,0,0,53
03/26/2009,MBS,MI,AGL,CE,Combined TRACON& Tower with Radar,28,14,17,0,59,0,0,6,0,6,28,14,23,0,65,52,0,52,117
03/27/2009,MBS,MI,AGL,CE,Combined TRACON& Tower with Radar,31,15,9,0,55,0,1,19,2,22,31,16,28,2,77,34,0,34,111
03/28/2009,MBS,MI,AGL,CE,Combined TRACON& Tower with Radar,23,8,20,0,51,0,1,13,0,14,23,9,33,0,65,36,0,36,101
03/29/2009,MBS,MI,AGL,CE,Combined TRACON& Tower with Radar,21,4,4,0,29,0,0,0,0,0,21,4,4,0,29,0,0,0,29
03/30/2009,MBS,MI,AGL,CE,Combined TRACON& Tower with Radar,25,11,21,0,57,0,0,20,0,20,25,11,41,0,77,22,0,22,99
03/31/2009,MBS,MI,AGL,CE,Combined TRACON& Tower with Radar,33,6,5,0,44,0,0,5,0,5,33,6,10,0,49,0,0,0,49
04/01/2009,MBS,MI,AGL,CE,Combined TRACON& Tower with Radar,30,11,16,0,57,0,1,5,0,6,30,12,21,0,63,0,0,0,63
04/02/2009,MBS,MI,AGL,CE,Combined TRACON& Tower with Radar,31,15,29,0,75,0,1,13,0,14,31,16,42,0,89,46,0,46,135
04/03/2009,MBS,MI,AGL,CE,Combined TRACON& Tower with Radar,29,13,19,0,61,0,2,0,0,2,29,15,19,0,63,0,0,0,63
04/04/2009,MBS,MI,AGL,CE,Combined TRACON& Tower with Radar,23,7,25,0,55,0,0,36,0,36,23,7,61,0,91,140,0,140,231
04/05/2009,MBS,MI,AGL,CE,Combined TRACON& Tower with Radar,33,2,15,0,50,0,0,7,0,7,33,2,22,0,57,60,0,60,117
04/06/2009,MBS,MI,AGL,CE,Combined TRACON& Tower with Radar,21,5,16,0,42,0,0,1,0,1,21,5,17,0,43,0,0,0,43
04/07/2009,MBS,MI,AGL,CE,Combined TRACON& Tower with Radar,22,9,9,0,40,0,0,0,0,0,22,9,9,0,40,0,0,0,40
04/08/2009,MBS,MI,AGL,CE,Combined TRACON& Tower with Radar,28,20,18,0,66,0,5,35,0,40,28,25,53,0,106,34,0,34,140
04/09/2009,MBS,MI,AGL,CE,Combined TRACON& Tower with Radar,30,16,21,0,67,0,3,30,0,33,30,19,51,0,100,57,0,57,157
04/10/2009,MBS,MI,AGL,CE,Combined TRACON& Tower with Radar,29,8,18,1,56,0,0,26,0,26,29,8,44,1,82,82,0,82,164
04/11/2009,MBS,MI,AGL,CE,Combined TRACON& Tower with Radar,17,7,22,0,46,0,10,56,0,66,17,17,78,0,112,96,0,96,208
04/12/2009,MBS,MI,AGL,CE,Combined TRACON& Tower with Radar,23,1,29,0,53,0,2,12,0,14,23,3,41,0,67,84,0,84,151
04/13/2009,MBS,MI,AGL,CE,Combined TRACON& Tower with Radar,24,7,17,0,48,0,0,14,0,14,24,7,31,0,62,36,0,36,98
04/14/2009,MBS,MI,AGL,CE,Combined TRACON& Tower with Radar,21,8,15,0,44,0,0,2,0,2,21,8,17,0,46,2,0,2,48
04/15/2009,MBS,MI,AGL,CE,Combined TRACON& Tower with Radar,28,13,23,2,66,0,2,15,0,17,28,15,38,2,83,38,2,40,123
04/16/2009,MBS,MI,AGL,CE,Combined TRACON& Tower with Radar,26,12,21,0,59,1,3,18,0,22,27,15,39,0,81,46,0,46,127
04/17/2009,MBS,MI,AGL,CE,Combined TRACON& Tower with Radar,33,9,16,0,58,0,3,32,0,35,33,12,48,0,93,44,0,44,137
04/18/2009,MBS,MI,AGL,CE,Combined TRACON& Tower with Radar,19,5,9,0,33,0,2,32,0,34,19,7,41,0,67,66,0,66,133
04/19/2009,MBS,MI,AGL,CE,Combined TRACON& Tower with Radar,19,2,5,0,26,0,0,3,0,3,19,2,8,0,29,14,0,14,43
04/20/2009,MBS,MI,AGL,CE,Combined TRACON& Tower with Radar,25,11,16,0,52,0,0,0,0,0,25,11,16,0,52,2,0,2,54
04/21/2009,MBS,MI,AGL,CE,Combined TRACON& Tower with Radar,24,6,14,0,44,0,0,0,0,0,24,6,14,0,44,4,0,4,48
04/22/2009,MBS,MI,AGL,CE,Combined TRACON& Tower with Radar,29,9,19,0,57,0,1,8,0,9,29,10,27,0,66,24,0,24,90
04/23/2009,MBS,MI,AGL,CE,Combined TRACON& Tower with Radar,33,12,24,0,69,0,1,27,0,28,33,13,51,0,97,22,0,22,119
04/24/2009,MBS,MI,AGL,CE,Combined TRACON& Tower with Radar,34,10,14,0,58,0,0,7,0,7,34,10,21,0,65,18,0,18,83
04/25/2009,MBS,MI,AGL,CE,Combined TRACON& Tower with Radar,18,5,7,0,30,0,0,2,0,2,18,5,9,0,32,0,0,0,32
04/26/2009,MBS,MI,AGL,CE,Combined TRACON& Tower with Radar,21,2,24,0,47,0,0,1,0,1,21,2,25,0,48,22,0,22,70
04/27/2009,MBS,MI,AGL,CE,Combined TRACON& Tower with Radar,27,6,11,0,44,0,0,5,0,5,27,6,16,0,49,4,0,4,53
04/28/2009,MBS,MI,AGL,CE,Combined TRACON& Tower with Radar,23,6,15,2,46,0,0,16,0,16,23,6,31,2,62,26,2,28,90
04/29/2009,MBS,MI,AGL,CE,Combined TRACON& Tower with Radar,26,8,21,0,55,0,2,24,0,26,26,10,45,0,81,16,0,16,97
04/30/2009,MBS,MI,AGL,CE,Combined TRACON& Tower with Radar,29,19,34,0,82,0,0,0,0,0,29,19,34,0,82,16,0,16,98
05/01/2009,MBS,MI,AGL,CE,Combined TRACON& Tower with Radar,31,8,14,0,53,0,1,18,2,21,31,9,32,2,74,22,0,22,96
05/02/2009,MBS,MI,AGL,CE,Combined TRACON& Tower with Radar,20,6,8,0,34,0,0,27,0,27,20,6,35,0,61,16,0,16,77
05/03/2009,MBS,MI,AGL,CE,Combined TRACON& Tower with Radar,25,2,13,0,40,0,0,33,0,33,25,2,46,0,73,68,0,68,141
05/04/2009,MBS,MI,AGL,CE,Combined TRACON& Tower with Radar,28,4,13,0,45,0,3,27,0,30,28,7,40,0,75,8,0,8,83
05/05/2009,MBS,MI,AGL,CE,Combined TRACON& Tower with Radar,23,9,15,0,47,0,3,24,0,27,23,12,39,0,74,40,1,41,115
05/06/2009,MBS,MI,AGL,CE,Combined TRACON& Tower with Radar,29,8,21,0,58,0,1,9,0,10,29,9,30,0,68,10,0,10,78
05/07/2009,MBS,MI,AGL,CE,Combined TRACON& Tower with Radar,34,16,16,0,66,0,0,10,0,10,34,16,26,0,76,12,0,12,88
05/08/2009,MBS,MI,AGL,CE,Combined TRACON& Tower with Radar,31,11,38,0,80,0,1,29,0,30,31,12,67,0,110,36,0,36,146
05/09/2009,MBS,MI,AGL,CE,Combined TRACON& Tower with Radar,18,5,30,0,53,0,1,0,0,1,18,6,30,0,54,14,0,14,68
05/10/2009,MBS,MI,AGL,CE,Combined TRACON& Tower with Radar,22,2,6,0,30,1,0,6,0,7,23,2,12,0,37,4,0,4,41
05/11/2009,MBS,MI,AGL,CE,Combined TRACON& Tower with Radar,26,9,20,0,55,0,0,21,0,21,26,9,41,0,76,16,0,16,92
05/12/2009,MBS,MI,AGL,CE,Combined TRACON& Tower with Radar,20,11,15,0,46,0,0,25,0,25,20,11,40,0,71,20,0,20,91
05/13/2009,MBS,MI,AGL,CE,Combined TRACON& Tower with Radar,17,16,35,0,68,0,1,10,0,11,17,17,45,0,79,12,0,12,91
05/14/2009,MBS,MI,AGL,CE,Combined TRACON& Tower with Radar,29,23,26,0,78,0,4,8,0,12,29,27,34,0,90,14,0,14,104
05/15/2009,MBS,MI,AGL,CE,Combined TRACON& Tower with Radar,27,6,23,0,56,8,1,22,0,31,35,7,45,0,87,88,0,88,175
05/16/2009,MBS,MI,AGL,CE,Combined TRACON& Tower with Radar,19,9,11,0,39,0,0,5,0,5,19,9,16,0,44,0,0,0,44
05/17/2009,MBS,MI,AGL,CE,Combined TRACON& Tower with Radar,23,5,20,0,48,0,0,21,0,21,23,5,41,0,69,42,0,42,111
05/18/2009,MBS,MI,AGL,CE,Combined TRACON& Tower with Radar,18,21,16,0,55,0,3,24,0,27,18,24,40,0,82,18,0,18,100
05/19/2009,MBS,MI,AGL,CE,Combined TRACON& Tower with Radar,20,17,26,4,67,0,0,18,0,18,20,17,44,4,85,16,0,16,101
05/20/2009,MBS,MI,AGL,CE,Combined TRACON& Tower with Radar,26,7,23,0,56,0,2,18,0,20,26,9,41,0,76,22,0,22,98
05/21/2009,MBS,MI,AGL,CE,Combined TRACON& Tower with Radar,25,12,18,0,55,0,1,15,0,16,25,13,33,0,71,42,0,42,113
05/22/2009,MBS,MI,AGL,CE,Combined TRACON& Tower with Radar,25,6,19,1,51,0,4,11,0,15,25,10,30,1,66,10,0,10,76
05/23/2009,MBS,MI,AGL,CE,Combined TRACON& Tower with Radar,15,21,17,0,53,0,0,10,0,10,15,21,27,0,63,22,0,22,85
05/24/2009,MBS,MI,AGL,CE,Combined TRACON& Tower with Radar,19,0,2,0,21,0,0,21,0,21,19,0,23,0,42,2,0,2,44
05/25/2009,MBS,MI,AGL,CE,Combined TRACON& Tower with Radar,22,2,12,0,36,0,0,6,0,6,22,2,18,0,42,0,0,0,42
05/26/2009,MBS,MI,AGL,CE,Combined TRACON& Tower with Radar,19,9,17,0,45,0,0,10,0,10,19,9,27,0,55,20,0,20,75
05/27/2009,MBS,MI,AGL,CE,Combined TRACON& Tower with Radar,28,13,26,0,67,0,0,0,0,0,28,13,26,0,67,0,0,0,67
05/28/2009,MBS,MI,AGL,CE,Combined TRACON& Tower with Radar,29,10,29,0,68,0,0,4,0,4,29,10,33,0,72,24,0,24,96
05/29/2009,MBS,MI,AGL,CE,Combined TRACON& Tower with Radar,22,9,25,0,56,0,1,14,0,15,22,10,39,0,71,32,0,32,103
05/30/2009,MBS,MI,AGL,CE,Combined TRACON& Tower with Radar,15,10,14,0,39,0,0,10,0,10,15,10,24,0,49,14,0,14,63
05/31/2009,MBS,MI,AGL,CE,Combined TRACON& Tower with Radar,22,1,20,0,43,0,0,34,0,34,22,1,54,0,77,59,0,59,136
06/01/2009,MBS,MI,AGL,CE,Combined TRACON& Tower with Radar,25,6,19,1,51,0,0,13,0,13,25,6,32,1,64,28,6,34,98
06/02/2009,MBS,MI,AGL,CE,Combined TRACON& Tower with Radar,20,6,18,0,44,0,0,0,0,0,20,6,18,0,44,4,0,4,48
06/03/2009,MBS,MI,AGL,CE,Combined TRACON& Tower with Radar,24,9,42,2,77,0,1,34,1,36,24,10,76,3,113,31,0,31,144
06/04/2009,MBS,MI,AGL,CE,Combined TRACON& Tower with Radar,29,8,60,0,97,0,0,30,0,30,29,8,90,0,127,55,0,55,182
06/05/2009,MBS,MI,AGL,CE,Combined TRACON& Tower with Radar,24,5,29,0,58,0,0,36,0,36,24,5,65,0,94,66,0,66,160
06/06/2009,MBS,MI,AGL,CE,Combined TRACON& Tower with Radar,21,9,27,0,57,0,1,24,0,25,21,10,51,0,82,42,0,42,124
06/07/2009,MBS,MI,AGL,CE,Combined TRACON& Tower with Radar,23,3,12,0,38,0,0,2,0,2,23,3,14,0,40,4,0,4,44
06/08/2009,MBS,MI,AGL,CE,Combined TRACON& Tower with Radar,28,3,17,0,48,0,0,1,0,1,28,3,18,0,49,10,0,10,59
06/09/2009,MBS,MI,AGL,CE,Combined TRACON& Tower with Radar,23,8,32,0,63,0,0,8,0,8,23,8,40,0,71,6,4,10,81
06/10/2009,MBS,MI,AGL,CE,Combined TRACON& Tower with Radar,29,9,25,2,65,0,0,13,1,14,29,9,38,3,79,24,0,24,103
06/11/2009,MBS,MI,AGL,CE,Combined TRACON& Tower with Radar,30,8,30,0,68,0,0,6,0,6,30,8,36,0,74,12,0,12,86
06/12/2009,MBS,MI,AGL,CE,Combined TRACON& Tower with Radar,23,11,20,0,54,0,0,16,0,16,23,11,36,0,70,48,0,48,118
06/13/2009,MBS,MI,AGL,CE,Combined TRACON& Tower with Radar,21,4,5,0,30,0,0,12,0,12,21,4,17,0,42,8,0,8,50
06/14/2009,MBS,MI,AGL,CE,Combined TRACON& Tower with Radar,20,6,26,0,52,0,0,24,0,24,20,6,50,0,76,22,0,22,98
06/15/2009,MBS,MI,AGL,CE,Combined TRACON& Tower with Radar,27,11,39,0,77,0,0,34,0,34,27,11,73,0,111,42,0,42,153
06/16/2009,MBS,MI,AGL,CE,Combined TRACON& Tower with Radar,22,5,26,0,53,0,4,20,0,24,22,9,46,0,77,34,0,34,111
06/17/2009,MBS,MI,AGL,CE,Combined TRACON& Tower with Radar,24,7,30,0,61,0,0,1,0,1,24,7,31,0,62,8,0,8,70
06/18/2009,MBS,MI,AGL,CE,Combined TRACON& Tower with Radar,30,10,41,0,81,0,0,10,0,10,30,10,51,0,91,36,0,36,127
06/19/2009,MBS,MI,AGL,CE,Combined TRACON& Tower with Radar,25,5,28,0,58,0,0,6,0,6,25,5,34,0,64,16,0,16,80
06/20/2009,MBS,MI,AGL,CE,Combined TRACON& Tower with Radar,19,9,29,0,57,0,0,3,0,3,19,9,32,0,60,46,0,46,106
06/21/2009,MBS,MI,AGL,CE,Combined TRACON& Tower with Radar,26,3,22,0,51,0,0,6,0,6,26,3,28,0,57,6,0,6,63
06/22/2009,MBS,MI,AGL,CE,Combined TRACON& Tower with Radar,28,3,20,0,51,0,0,26,0,26,28,3,46,0,77,24,0,24,101
06/23/2009,MBS,MI,AGL,CE,Combined TRACON& Tower with Radar,25,5,21,0,51,0,1,30,0,31,25,6,51,0,82,30,0,30,112
06/24/2009,MBS,MI,AGL,CE,Combined TRACON& Tower with Radar,25,7,28,0,60,0,0,38,0,38,25,7,66,0,98,42,0,42,140
06/25/2009,MBS,MI,AGL,CE,Combined TRACON& Tower with Radar,24,8,44,0,76,0,0,22,0,22,24,8,66,0,98,90,0,90,188
06/26/2009,MBS,MI,AGL,CE,Combined TRACON& Tower with Radar,26,4,24,0,54,0,0,22,2,24,26,4,46,2,78,24,0,24,102
06/27/2009,MBS,MI,AGL,CE,Combined TRACON& Tower with Radar,24,4,18,0,46,0,1,39,0,40,24,5,57,0,86,54,0,54,140
06/28/2009,MBS,MI,AGL,CE,Combined TRACON& Tower with Radar,21,1,19,0,41,0,0,6,0,6,21,1,25,0,47,4,0,4,51
06/29/2009,MBS,MI,AGL,CE,Combined TRACON& Tower with Radar,25,0,16,8,49,0,1,10,4,15,25,1,26,12,64,4,2,6,70
06/30/2009,MBS,MI,AGL,CE,Combined TRACON& Tower with Radar,24,9,21,0,54,0,0,2,0,2,24,9,23,0,56,76,0,76,132
07/01/2009,MBS,MI,AGL,CE,Combined TRACON& Tower with Radar,24,15,30,0,69,0,0,2,0,2,24,15,32,0,71,16,0,16,87
07/02/2009,MBS,MI,AGL,CE,Combined TRACON& Tower with Radar,28,12,22,0,62,0,2,21,0,23,28,14,43,0,85,122,0,122,207
07/03/2009,MBS,MI,AGL,CE,Combined TRACON& Tower with Radar,26,3,11,0,40,0,1,7,0,8,26,4,18,0,48,4,0,4,52
07/04/2009,MBS,MI,AGL,CE,Combined TRACON& Tower with Radar,19,1,0,0,20,0,0,11,0,11,19,1,11,0,31,0,0,0,31
07/05/2009,MBS,MI,AGL,CE,Combined TRACON& Tower with Radar,23,2,16,0,41,0,0,18,0,18,23,2,34,0,59,8,0,8,67
07/06/2009,MBS,MI,AGL,CE,Combined TRACON& Tower with Radar,25,4,18,0,47,0,0,9,0,9,25,4,27,0,56,14,0,14,70
07/07/2009,MBS,MI,AGL,CE,Combined TRACON& Tower with Radar,25,10,18,0,53,0,0,7,0,7,25,10,25,0,60,4,0,4,64
07/08/2009,MBS,MI,AGL,CE,Combined TRACON& Tower with Radar,27,18,38,0,83,0,5,17,0,22,27,23,55,0,105,30,0,30,135
07/09/2009,MBS,MI,AGL,CE,Combined TRACON& Tower with Radar,37,12,36,0,85,0,1,12,0,13,37,13,48,0,98,6,0,6,104
07/10/2009,MBS,MI,AGL,CE,Combined TRACON& Tower with Radar,34,3,42,0,79,0,0,23,0,23,34,3,65,0,102,52,0,52,154
07/11/2009,MBS,MI,AGL,CE,Combined TRACON& Tower with Radar,22,5,8,0,35,0,0,10,0,10,22,5,18,0,45,32,0,32,77
07/12/2009,MBS,MI,AGL,CE,Combined TRACON& Tower with Radar,23,2,6,0,31,0,0,5,0,5,23,2,11,0,36,4,0,4,40
07/13/2009,MBS,MI,AGL,CE,Combined TRACON& Tower with Radar,30,2,39,0,71,0,0,19,0,19,30,2,58,0,90,18,0,18,108
07/14/2009,MBS,MI,AGL,CE,Combined TRACON& Tower with Radar,25,8,17,0,50,0,4,22,2,28,25,12,39,2,78,8,0,8,86
07/15/2009,MBS,MI,AGL,CE,Combined TRACON& Tower with Radar,27,8,33,7,75,0,0,6,0,6,27,8,39,7,81,38,4,42,123
07/16/2009,MBS,MI,AGL,CE,Combined TRACON& Tower with Radar,33,10,27,2,72,0,0,18,1,19,33,10,45,3,91,40,0,40,131
07/17/2009,MBS,MI,AGL,CE,Combined TRACON& Tower with Radar,26,5,26,0,57,1,1,10,0,12,27,6,36,0,69,6,0,6,75
07/18/2009,MBS,MI,AGL,CE,Combined TRACON& Tower with Radar,26,5,4,0,35,0,1,4,0,5,26,6,8,0,40,8,0,8,48
07/19/2009,MBS,MI,AGL,CE,Combined TRACON& Tower with Radar,23,2,11,0,36,0,0,27,0,27,23,2,38,0,63,32,0,32,95
07/20/2009,MBS,MI,AGL,CE,Combined TRACON& Tower with Radar,27,3,20,0,50,1,0,15,0,16,28,3,35,0,66,10,0,10,76
07/21/2009,MBS,MI,AGL,CE,Combined TRACON& Tower with Radar,23,5,25,0,53,0,0,22,0,22,23,5,47,0,75,22,0,22,97
07/22/2009,MBS,MI,AGL,CE,Combined TRACON& Tower with Radar,24,6,33,0,63,0,0,1,0,1,24,6,34,0,64,0,0,0,64
07/23/2009,MBS,MI,AGL,CE,Combined TRACON& Tower with Radar,25,6,25,0,56,0,0,1,0,1,25,6,26,0,57,4,0,4,61
07/24/2009,MBS,MI,AGL,CE,Combined TRACON& Tower with Radar,30,2,55,0,87,0,2,17,0,19,30,4,72,0,106,75,0,75,181
07/25/2009,MBS,MI,AGL,CE,Combined TRACON& Tower with Radar,27,8,2,0,37,0,0,2,0,2,27,8,4,0,39,0,0,0,39
07/26/2009,MBS,MI,AGL,CE,Combined TRACON& Tower with Radar,23,15,41,0,79,0,0,16,0,16,23,15,57,0,95,42,0,42,137
07/27/2009,MBS,MI,AGL,CE,Combined TRACON& Tower with Radar,26,16,40,0,82,0,4,49,0,53,26,20,89,0,135,62,0,62,197
07/28/2009,MBS,MI,AGL,CE,Combined TRACON& Tower with Radar,22,6,22,0,50,0,1,9,0,10,22,7,31,0,60,2,0,2,62
07/29/2009,MBS,MI,AGL,CE,Combined TRACON& Tower with Radar,31,8,26,0,65,0,1,19,0,20,31,9,45,0,85,14,0,14,99
07/30/2009,MBS,MI,AGL,CE,Combined TRACON& Tower with Radar,35,13,49,0,97,0,1,26,0,27,35,14,75,0,124,68,0,68,192
07/31/2009,MBS,MI,AGL,CE,Combined TRACON& Tower with Radar,30,5,37,0,72,1,0,32,0,33,31,5,69,0,105,4,0,4,109
08/01/2009,MBS,MI,AGL,CE,Combined TRACON& Tower with Radar,20,8,21,0,49,0,0,11,0,11,20,8,32,0,60,2,0,2,62
08/02/2009,MBS,MI,AGL,CE,Combined TRACON& Tower with Radar,23,7,14,0,44,0,0,13,0,13,23,7,27,0,57,20,0,20,77
08/03/2009,MBS,MI,AGL,CE,Combined TRACON& Tower with Radar,28,6,15,0,49,0,0,2,0,2,28,6,17,0,51,0,0,0,51
08/04/2009,MBS,MI,AGL,CE,Combined TRACON& Tower with Radar,30,5,17,0,52,0,0,6,0,6,30,5,23,0,58,8,0,8,66
08/05/2009,MBS,MI,AGL,CE,Combined TRACON& Tower with Radar,29,4,41,0,74,1,0,20,0,21,30,4,61,0,95,52,0,52,147
08/06/2009,MBS,MI,AGL,CE,Combined TRACON& Tower with Radar,29,8,40,0,77,0,0,23,0,23,29,8,63,0,100,46,0,46,146
08/07/2009,MBS,MI,AGL,CE,Combined TRACON& Tower with Radar,27,9,23,0,59,0,1,31,0,32,27,10,54,0,91,24,0,24,115
08/08/2009,MBS,MI,AGL,CE,Combined TRACON& Tower with Radar,23,7,8,1,39,0,0,0,0,0,23,7,8,1,39,6,0,6,45
08/09/2009,MBS,MI,AGL,CE,Combined TRACON& Tower with Radar,25,3,10,0,38,0,1,0,0,1,25,4,10,0,39,2,0,2,41
08/10/2009,MBS,MI,AGL,CE,Combined TRACON& Tower with Radar,26,2,27,0,55,0,0,6,0,6,26,2,33,0,61,6,0,6,67
08/11/2009,MBS,MI,AGL,CE,Combined TRACON& Tower with Radar,21,3,31,57,112,0,0,21,2,23,21,3,52,59,135,36,0,36,171
08/12/2009,MBS,MI,AGL,CE,Combined TRACON& Tower with Radar,26,8,21,0,55,0,0,24,8,32,26,8,45,8,87,8,0,8,95
08/13/2009,MBS,MI,AGL,CE,Combined TRACON& Tower with Radar,25,8,21,0,54,0,0,18,0,18,25,8,39,0,72,2,0,2,74
08/14/2009,MBS,MI,AGL,CE,Combined TRACON& Tower with Radar,25,11,17,0,53,0,0,25,0,25,25,11,42,0,78,15,0,15,93
08/15/2009,MBS,MI,AGL,CE,Combined TRACON& Tower with Radar,22,4,1,0,27,0,0,13,0,13,22,4,14,0,40,14,0,14,54
08/16/2009,MBS,MI,AGL,CE,Combined TRACON& Tower with Radar,20,0,12,0,32,0,0,6,0,6,20,0,18,0,38,0,0,0,38
08/17/2009,MBS,MI,AGL,CE,Combined TRACON& Tower with Radar,25,3,23,0,51,0,0,3,1,4,25,3,26,1,55,2,0,2,57
08/18/2009,MBS,MI,AGL,CE,Combined TRACON& Tower with Radar,26,10,18,1,55,0,4,10,0,14,26,14,28,1,69,8,4,12,81
08/19/2009,MBS,MI,AGL,CE,Combined TRACON& Tower with Radar,27,11,25,0,63,0,4,41,0,45,27,15,66,0,108,34,0,34,142
08/20/2009,MBS,MI,AGL,CE,Combined TRACON& Tower with Radar,26,4,26,0,56,0,2,1,0,3,26,6,27,0,59,0,0,0,59
08/21/2009,MBS,MI,AGL,CE,Combined TRACON& Tower with Radar,26,3,18,3,50,0,0,4,0,4,26,3,22,3,54,12,0,12,66
08/22/2009,MBS,MI,AGL,CE,Combined TRACON& Tower with Radar,20,8,10,0,38,0,0,18,0,18,20,8,28,0,56,2,0,2,58
08/23/2009,MBS,MI,AGL,CE,Combined TRACON& Tower with Radar,21,0,17,0,38,0,0,12,0,12,21,0,29,0,50,30,0,30,80
08/24/2009,MBS,MI,AGL,CE,Combined TRACON& Tower with Radar,27,4,17,0,48,0,0,18,0,18,27,4,35,0,66,16,0,16,82
08/25/2009,MBS,MI,AGL,CE,Combined TRACON& Tower with Radar,24,13,32,0,69,0,0,15,0,15,24,13,47,0,84,6,0,6,90
08/26/2009,MBS,MI,AGL,CE,Combined TRACON& Tower with Radar,28,4,22,2,56,0,0,6,0,6,28,4,28,2,62,4,0,4,66
08/27/2009,MBS,MI,AGL,CE,Combined TRACON& Tower with Radar,27,11,25,0,63,0,0,13,0,13,27,11,38,0,76,14,2,16,92
08/28/2009,MBS,MI,AGL,CE,Combined TRACON& Tower with Radar,27,10,24,0,61,0,0,6,0,6,27,10,30,0,67,28,0,28,95
08/29/2009,MBS,MI,AGL,CE,Combined TRACON& Tower with Radar,26,10,4,0,40,0,0,0,0,0,26,10,4,0,40,0,0,0,40
08/30/2009,MBS,MI,AGL,CE,Combined TRACON& Tower with Radar,22,0,7,0,29,0,1,8,0,9,22,1,15,0,38,2,0,2,40
08/31/2009,MBS,MI,AGL,CE,Combined TRACON& Tower with Radar,21,7,14,0,42,0,0,31,0,31,21,7,45,0,73,16,0,16,89
09/01/2009,MBS,MI,AGL,CE,Combined TRACON& Tower with Radar,24,8,7,0,39,0,1,40,0,41,24,9,47,0,80,24,0,24,104
09/02/2009,MBS,MI,AGL,CE,Combined TRACON& Tower with Radar,24,12,26,0,62,0,0,25,0,25,24,12,51,0,87,8,0,8,95
09/03/2009,MBS,MI,AGL,CE,Combined TRACON& Tower with Radar,21,12,30,0,63,0,0,22,0,22,21,12,52,0,85,16,0,16,101
09/04/2009,MBS,MI,AGL,CE,Combined TRACON& Tower with Radar,27,9,13,0,49,0,3,32,0,35,27,12,45,0,84,11,0,11,95
09/05/2009,MBS,MI,AGL,CE,Combined TRACON& Tower with Radar,18,7,10,0,35,0,1,20,0,21,18,8,30,0,56,38,0,38,94
09/06/2009,MBS,MI,AGL,CE,Combined TRACON& Tower with Radar,17,2,5,0,24,0,0,10,0,10,17,2,15,0,34,2,0,2,36
09/07/2009,MBS,MI,AGL,CE,Combined TRACON& Tower with Radar,19,6,19,0,44,0,0,21,0,21,19,6,40,0,65,22,0,22,87
09/08/2009,MBS,MI,AGL,CE,Combined TRACON& Tower with Radar,27,12,24,0,63,0,1,5,0,6,27,13,29,0,69,6,0,6,75
09/09/2009,MBS,MI,AGL,CE,Combined TRACON& Tower with Radar,21,9,31,0,61,0,0,24,0,24,21,9,55,0,85,32,0,32,117
09/10/2009,MBS,MI,AGL,CE,Combined TRACON& Tower with Radar,29,10,42,0,81,0,0,12,0,12,29,10,54,0,93,8,0,8,101
09/11/2009,MBS,MI,AGL,CE,Combined TRACON& Tower with Radar,30,8,24,0,62,0,3,9,0,12,30,11,33,0,74,42,0,42,116
09/12/2009,MBS,MI,AGL,CE,Combined TRACON& Tower with Radar,14,14,17,0,45,0,0,17,0,17,14,14,34,0,62,42,0,42,104
09/13/2009,MBS,MI,AGL,CE,Combined TRACON& Tower with Radar,22,3,26,0,51,0,1,32,0,33,22,4,58,0,84,32,0,32,116
09/14/2009,MBS,MI,AGL,CE,Combined TRACON& Tower with Radar,27,9,16,0,52,1,0,10,0,11,28,9,26,0,63,6,0,6,69
09/15/2009,MBS,MI,AGL,CE,Combined TRACON& Tower with Radar,24,9,28,0,61,0,0,5,0,5,24,9,33,0,66,20,0,20,86
09/16/2009,MBS,MI,AGL,CE,Combined TRACON& Tower with Radar,26,11,36,3,76,0,0,15,0,15,26,11,51,3,91,30,0,30,121
09/17/2009,MBS,MI,AGL,CE,Combined TRACON& Tower with Radar,27,19,26,0,72,0,0,15,0,15,27,19,41,0,87,10,0,10,97
09/18/2009,MBS,MI,AGL,CE,Combined TRACON& Tower with Radar,27,8,19,0,54,0,0,18,0,18,27,8,37,0,72,32,0,32,104
09/19/2009,MBS,MI,AGL,CE,Combined TRACON& Tower with Radar,17,7,15,0,39,0,0,15,0,15,17,7,30,0,54,58,0,58,112
09/20/2009,MBS,MI,AGL,CE,Combined TRACON& Tower with Radar,22,8,15,0,45,0,0,16,0,16,22,8,31,0,61,22,0,22,83
09/21/2009,MBS,MI,AGL,CE,Combined TRACON& Tower with Radar,25,8,46,0,79,0,0,0,0,0,25,8,46,0,79,18,0,18,97
09/22/2009,MBS,MI,AGL,CE,Combined TRACON& Tower with Radar,24,13,37,0,74,0,0,0,0,0,24,13,37,0,74,36,0,36,110
09/23/2009,MBS,MI,AGL,CE,Combined TRACON& Tower with Radar,23,14,51,0,88,0,0,6,0,6,23,14,57,0,94,44,0,44,138
09/24/2009,MBS,MI,AGL,CE,Combined TRACON& Tower with Radar,23,7,23,0,53,0,0,9,0,9,23,7,32,0,62,2,0,2,64
09/25/2009,MBS,MI,AGL,CE,Combined TRACON& Tower with Radar,30,6,11,0,47,0,1,15,0,16,30,7,26,0,63,35,0,35,98
09/26/2009,MBS,MI,AGL,CE,Combined TRACON& Tower with Radar,14,8,14,0,36,0,0,10,0,10,14,8,24,0,46,22,0,22,68
09/27/2009,MBS,MI,AGL,CE,Combined TRACON& Tower with Radar,24,4,11,2,41,0,0,7,0,7,24,4,18,2,48,8,0,8,56
09/28/2009,MBS,MI,AGL,CE,Combined TRACON& Tower with Radar,27,4,20,0,51,0,0,1,0,1,27,4,21,0,52,12,0,12,64
09/29/2009,MBS,MI,AGL,CE,Combined TRACON& Tower with Radar,25,10,20,0,55,0,0,2,0,2,25,10,22,0,57,0,0,0,57
09/30/2009,MBS,MI,AGL,CE,Combined TRACON& Tower with Radar,26,13,29,0,68,0,1,21,2,24,26,14,50,2,92,46,0,46,138
10/01/2009,MBS,MI,AGL,CE,Combined TRACON& Tower with Radar,24,15,27,0,66,0,0,30,0,30,24,15,57,0,96,28,0,28,124
10/02/2009,MBS,MI,AGL,CE,Combined TRACON& Tower with Radar,23,3,15,0,41,0,0,1,0,1,23,3,16,0,42,2,0,2,44
10/03/2009,MBS,MI,AGL,CE,Combined TRACON& Tower with Radar,16,7,7,0,30,0,0,1,0,1,16,7,8,0,31,2,0,2,33
10/04/2009,MBS,MI,AGL,CE,Combined TRACON& Tower with Radar,20,4,7,0,31,0,1,1,0,2,20,5,8,0,33,2,0,2,35
10/05/2009,MBS,MI,AGL,CE,Combined TRACON& Tower with Radar,21,13,17,0,51,0,0,6,0,6,21,13,23,0,57,8,0,8,65
10/06/2009,MBS,MI,AGL,CE,Combined TRACON& Tower with Radar,22,12,15,0,49,0,0,8,0,8,22,12,23,0,57,12,0,12,69
10/07/2009,MBS,MI,AGL,CE,Combined TRACON& Tower with Radar,22,7,23,0,52,0,0,0,0,0,22,7,23,0,52,0,0,0,52
10/08/2009,MBS,MI,AGL,CE,Combined TRACON& Tower with Radar,21,16,26,0,63,0,0,6,0,6,21,16,32,0,69,0,0,0,69
10/09/2009,MBS,MI,AGL,CE,Combined TRACON& Tower with Radar,24,10,23,0,57,0,0,0,0,0,24,10,23,0,57,4,0,4,61
10/10/2009,MBS,MI,AGL,CE,Combined TRACON& Tower with Radar,17,6,5,0,28,0,0,15,1,16,17,6,20,1,44,10,0,10,54
10/11/2009,MBS,MI,AGL,CE,Combined TRACON& Tower with Radar,20,4,15,0,39,0,0,18,0,18,20,4,33,0,57,44,0,44,101
10/12/2009,MBS,MI,AGL,CE,Combined TRACON& Tower with Radar,23,9,17,0,49,0,0,25,0,25,23,9,42,0,74,21,0,21,95
10/13/2009,MBS,MI,AGL,CE,Combined TRACON& Tower with Radar,20,12,24,0,56,0,0,17,0,17,20,12,41,0,73,20,0,20,93
10/14/2009,MBS,MI,AGL,CE,Combined TRACON& Tower with Radar,22,6,24,0,52,0,0,25,0,25,22,6,49,0,77,22,0,22,99
10/15/2009,MBS,MI,AGL,CE,Combined TRACON& Tower with Radar,26,12,25,0,63,0,0,7,0,7,26,12,32,0,70,24,0,24,94
10/16/2009,MBS,MI,AGL,CE,Combined TRACON& Tower with Radar,23,6,20,0,49,0,2,24,0,26,23,8,44,0,75,32,0,32,107
10/17/2009,MBS,MI,AGL,CE,Combined TRACON& Tower with Radar,18,7,7,0,32,0,1,47,0,48,18,8,54,0,80,44,0,44,124
10/18/2009,MBS,MI,AGL,CE,Combined TRACON& Tower with Radar,22,1,14,0,37,0,0,27,0,27,22,1,41,0,64,28,0,28,92
10/19/2009,MBS,MI,AGL,CE,Combined TRACON& Tower with Radar,21,6,32,0,59,0,0,23,0,23,21,6,55,0,82,28,2,30,112
10/20/2009,MBS,MI,AGL,CE,Combined TRACON& Tower with Radar,22,6,26,2,56,0,1,18,0,19,22,7,44,2,75,6,2,8,83
10/21/2009,MBS,MI,AGL,CE,Combined TRACON& Tower with Radar,27,7,22,0,56,0,2,6,0,8,27,9,28,0,64,6,0,6,70
10/22/2009,MBS,MI,AGL,CE,Combined TRACON& Tower with Radar,27,14,22,0,63,0,0,2,0,2,27,14,24,0,65,10,0,10,75
10/23/2009,MBS,MI,AGL,CE,Combined TRACON& Tower with Radar,25,16,12,0,53,0,0,0,0,0,25,16,12,0,53,0,0,0,53
10/24/2009,MBS,MI,AGL,CE,Combined TRACON& Tower with Radar,17,7,4,1,29,0,1,3,0,4,17,8,7,1,33,2,0,2,35
10/25/2009,MBS,MI,AGL,CE,Combined TRACON& Tower with Radar,21,1,16,0,38,0,4,13,0,17,21,5,29,0,55,16,0,16,71
10/26/2009,MBS,MI,AGL,CE,Combined TRACON& Tower with Radar,23,8,33,0,64,0,0,9,0,9,23,8,42,0,73,22,0,22,95
10/27/2009,MBS,MI,AGL,CE,Combined TRACON& Tower with Radar,24,10,24,0,58,0,4,20,0,24,24,14,44,0,82,46,0,46,128
10/28/2009,MBS,MI,AGL,CE,Combined TRACON& Tower with Radar,22,9,24,0,55,0,0,1,0,1,22,9,25,0,56,4,0,4,60
10/29/2009,MBS,MI,AGL,CE,Combined TRACON& Tower with Radar,26,3,30,0,59,0,0,4,0,4,26,3,34,0,63,2,0,2,65
10/30/2009,MBS,MI,AGL,CE,Combined TRACON& Tower with Radar,22,10,28,2,62,0,0,2,0,2,22,10,30,2,64,4,4,8,72
10/31/2009,MBS,MI,AGL,CE,Combined TRACON& Tower with Radar,20,5,12,0,37,0,0,7,0,7,20,5,19,0,44,14,0,14,58
11/01/2009,MBS,MI,AGL,CE,Combined TRACON& Tower with Radar,18,5,14,0,37,0,0,18,0,18,18,5,32,0,55,28,0,28,83
11/02/2009,MBS,MI,AGL,CE,Combined TRACON& Tower with Radar,29,7,26,0,62,0,0,4,0,4,29,7,30,0,66,9,0,9,75
11/03/2009,MBS,MI,AGL,CE,Combined TRACON& Tower with Radar,27,14,36,14,91,0,0,4,0,4,27,14,40,14,95,30,2,32,127
11/04/2009,MBS,MI,AGL,CE,Combined TRACON& Tower with Radar,25,7,28,0,60,0,1,19,0,20,25,8,47,0,80,56,0,56,136
11/05/2009,MBS,MI,AGL,CE,Combined TRACON& Tower with Radar,2,32,22,0,56,0,0,1,1,2,2,32,23,1,58,14,0,14,72
11/06/2009,MBS,MI,AGL,CE,Combined TRACON& Tower with Radar,4,29,27,0,60,0,1,22,0,23,4,30,49,0,83,28,2,30,113
11/07/2009,MBS,MI,AGL,CE,Combined TRACON& Tower with Radar,0,19,13,0,32,0,0,6,0,6,0,19,19,0,38,36,0,36,74
11/08/2009,MBS,MI,AGL,CE,Combined TRACON& Tower with Radar,3,22,8,0,33,0,0,9,0,9,3,22,17,0,42,14,0,14,56
11/09/2009,MBS,MI,AGL,CE,Combined TRACON& Tower with Radar,2,26,20,0,48,0,0,17,0,17,2,26,37,0,65,46,0,46,111
11/10/2009,MBS,MI,AGL,CE,Combined TRACON& Tower with Radar,2,23,31,0,56,0,0,12,0,12,2,23,43,0,68,25,0,25,93
11/11/2009,MBS,MI,AGL,CE,Combined TRACON& Tower with Radar,4,22,30,0,56,0,0,12,0,12,4,22,42,0,68,4,0,4,72
11/12/2009,MBS,MI,AGL,CE,Combined TRACON& Tower with Radar,2,35,31,0,68,0,1,17,0,18,2,36,48,0,86,86,0,86,172
11/13/2009,MBS,MI,AGL,CE,Combined TRACON& Tower with Radar,3,35,23,0,61,0,0,15,0,15,3,35,38,0,76,20,2,22,98
11/14/2009,MBS,MI,AGL,CE,Combined TRACON& Tower with Radar,2,23,6,0,31,0,0,11,0,11,2,23,17,0,42,58,0,58,100
11/15/2009,MBS,MI,AGL,CE,Combined TRACON& Tower with Radar,5,20,9,0,34,0,0,10,0,10,5,20,19,0,44,30,0,30,74
11/16/2009,MBS,MI,AGL,CE,Combined TRACON& Tower with Radar,3,24,17,0,44,0,0,19,1,20,3,24,36,1,64,28,0,28,92
11/17/2009,MBS,MI,AGL,CE,Combined TRACON& Tower with Radar,2,23,22,1,48,0,0,6,0,6,2,23,28,1,54,0,0,0,54
11/18/2009,MBS,MI,AGL,CE,Combined TRACON& Tower with Radar,2,23,23,0,48,0,0,2,0,2,2,23,25,0,50,13,0,13,63
11/19/2009,MBS,MI,AGL,CE,Combined TRACON& Tower with Radar,4,26,14,6,50,0,0,1,0,1,4,26,15,6,51,9,0,9,60
11/20/2009,MBS,MI,AGL,CE,Combined TRACON& Tower with Radar,4,24,37,0,65,0,0,2,0,2,4,24,39,0,67,28,0,28,95
11/21/2009,MBS,MI,AGL,CE,Combined TRACON& Tower with Radar,2,17,16,2,37,0,0,6,0,6,2,17,22,2,43,42,2,44,87
11/22/2009,MBS,MI,AGL,CE,Combined TRACON& Tower with Radar,3,16,7,0,26,0,0,0,0,0,3,16,7,0,26,46,0,46,72
11/23/2009,MBS,MI,AGL,CE,Combined TRACON& Tower with Radar,3,16,20,0,39,0,0,1,0,1,3,16,21,0,40,4,0,4,44
11/24/2009,MBS,MI,AGL,CE,Combined TRACON& Tower with Radar,2,27,10,0,39,0,0,0,0,0,2,27,10,0,39,2,0,2,41
11/25/2009,MBS,MI,AGL,CE,Combined TRACON& Tower with Radar,3,24,15,0,42,0,0,1,0,1,3,24,16,0,43,0,0,0,43
11/26/2009,MBS,MI,AGL,CE,Combined TRACON& Tower with Radar,0,13,0,0,13,0,0,0,0,0,0,13,0,0,13,0,0,0,13
11/27/2009,MBS,MI,AGL,CE,Combined TRACON& Tower with Radar,0,13,6,0,19,0,0,0,0,0,0,13,6,0,19,2,0,2,21
11/28/2009,MBS,MI,AGL,CE,Combined TRACON& Tower with Radar,1,23,12,0,36,0,1,16,0,17,1,24,28,0,53,32,0,32,85
11/29/2009,MBS,MI,AGL,CE,Combined TRACON& Tower with Radar,3,21,15,0,39,0,0,0,0,0,3,21,15,0,39,0,0,0,39
11/30/2009,MBS,MI,AGL,CE,Combined TRACON& Tower with Radar,3,24,26,0,53,0,0,4,1,5,3,24,30,1,58,4,0,4,62
12/01/2009,MBS,MI,AGL,CE,Combined TRACON& Tower with Radar,2,29,21,0,52,0,0,7,0,7,2,29,28,0,59,28,0,28,87
12/02/2009,MBS,MI,AGL,CE,Combined TRACON& Tower with Radar,2,25,28,1,56,0,0,15,0,15,2,25,43,1,71,50,0,50,121
12/03/2009,MBS,MI,AGL,CE,Combined TRACON& Tower with Radar,2,28,23,0,53,0,0,0,0,0,2,28,23,0,53,6,0,6,59
12/04/2009,MBS,MI,AGL,CE,Combined TRACON& Tower with Radar,4,28,24,0,56,0,0,3,0,3,4,28,27,0,59,10,0,10,69
12/05/2009,MBS,MI,AGL,CE,Combined TRACON& Tower with Radar,0,19,33,0,52,0,3,91,0,94,0,22,124,0,146,34,0,34,180
12/06/2009,MBS,MI,AGL,CE,Combined TRACON& Tower with Radar,3,20,14,1,38,0,0,5,1,6,3,20,19,2,44,36,0,36,80
12/07/2009,MBS,MI,AGL,CE,Combined TRACON& Tower with Radar,3,24,21,0,48,0,1,3,0,4,3,25,24,0,52,10,0,10,62
12/08/2009,MBS,MI,AGL,CE,Combined TRACON& Tower with Radar,2,21,40,0,63,0,0,0,0,0,2,21,40,0,63,18,0,18,81
12/09/2009,MBS,MI,AGL,CE,Combined TRACON& Tower with Radar,3,20,12,0,35,0,0,0,0,0,3,20,12,0,35,0,0,0,35
12/10/2009,MBS,MI,AGL,CE,Combined TRACON& Tower with Radar,2,31,17,0,50,0,0,0,0,0,2,31,17,0,50,0,0,0,50
12/11/2009,MBS,MI,AGL,CE,Combined TRACON& Tower with Radar,4,20,19,0,43,0,0,2,0,2,4,20,21,0,45,0,0,0,45
12/12/2009,MBS,MI,AGL,CE,Combined TRACON& Tower with Radar,0,19,27,0,46,0,2,19,0,21,0,21,46,0,67,82,0,82,149
12/13/2009,MBS,MI,AGL,CE,Combined TRACON& Tower with Radar,7,17,5,0,29,0,0,0,0,0,7,17,5,0,29,0,0,0,29
12/14/2009,MBS,MI,AGL,CE,Combined TRACON& Tower with Radar,3,27,18,0,48,0,0,0,0,0,3,27,18,0,48,0,0,0,48
12/15/2009,MBS,MI,AGL,CE,Combined TRACON& Tower with Radar,2,33,19,0,54,0,0,0,0,0,2,33,19,0,54,0,0,0,54
12/16/2009,MBS,MI,AGL,CE,Combined TRACON& Tower with Radar,2,24,24,0,50,0,0,10,0,10,2,24,34,0,60,6,0,6,66
12/17/2009,MBS,MI,AGL,CE,Combined TRACON& Tower with Radar,2,28,23,0,53,0,0,17,0,17,2,28,40,0,70,24,0,24,94
12/18/2009,MBS,MI,AGL,CE,Combined TRACON& Tower with Radar,1,29,16,0,46,0,0,14,0,14,1,29,30,0,60,80,0,80,140
12/19/2009,MBS,MI,AGL,CE,Combined TRACON& Tower with Radar,0,25,6,0,31,0,0,0,0,0,0,25,6,0,31,0,0,0,31
12/20/2009,MBS,MI,AGL,CE,Combined TRACON& Tower with Radar,1,19,8,0,28,0,2,16,0,18,1,21,24,0,46,38,0,38,84
12/21/2009,MBS,MI,AGL,CE,Combined TRACON& Tower with Radar,1,22,7,0,30,0,0,5,0,5,1,22,12,0,35,6,0,6,41
12/22/2009,MBS,MI,AGL,CE,Combined TRACON& Tower with Radar,0,20,24,0,44,0,0,19,0,19,0,20,43,0,63,22,0,22,85
12/23/2009,MBS,MI,AGL,CE,Combined TRACON& Tower with Radar,0,19,11,0,30,0,0,9,1,10,0,19,20,1,40,22,0,22,62
12/24/2009,MBS,MI,AGL,CE,Combined TRACON& Tower with Radar,2,17,5,0,24,0,0,0,0,0,2,17,5,0,24,2,0,2,26
12/25/2009,MBS,MI,AGL,CE,Combined TRACON& Tower with Radar,0,13,0,0,13,0,0,0,0,0,0,13,0,0,13,0,0,0,13
12/26/2009,MBS,MI,AGL,CE,Combined TRACON& Tower with Radar,0,22,14,0,36,0,0,2,0,2,0,22,16,0,38,26,0,26,64
12/27/2009,MBS,MI,AGL,CE,Combined TRACON& Tower with Radar,1,20,7,0,28,0,0,0,0,0,1,20,7,0,28,0,0,0,28
12/28/2009,MBS,MI,AGL,CE,Combined TRACON& Tower with Radar,1,22,5,0,28,0,0,0,0,0,1,22,5,0,28,0,0,0,28
12/29/2009,MBS,MI,AGL,CE,Combined TRACON& Tower with Radar,0,27,13,0,40,0,0,8,0,8,0,27,21,0,48,0,0,0,48
12/30/2009,MBS,MI,AGL,CE,Combined TRACON& Tower with Radar,0,27,11,0,38,0,0,14,0,14,0,27,25,0,52,18,0,18,70
12/31/2009,MBS,MI,AGL,CE,Combined TRACON& Tower with Radar,0,20,10,0,30,0,0,0,0,0,0,20,10,0,30,2,0,2,32
01/01/2010,MBS,MI,AGL,CE,Combined TRACON& Tower with Radar,0,15,0,0,15,0,0,2,0,2,0,15,2,0,17,2,0,2,19
01/02/2010,MBS,MI,AGL,CE,Combined TRACON& Tower with Radar,0,24,0,0,24,0,2,0,0,2,0,26,0,0,26,8,0,8,34
01/03/2010,MBS,MI,AGL,CE,Combined TRACON& Tower with Radar,1,22,10,0,33,0,0,3,0,3,1,22,13,0,36,28,0,28,64
01/04/2010,MBS,MI,AGL,CE,Combined TRACON& Tower with Radar,5,26,9,2,42,0,0,1,0,1,5,26,10,2,43,0,0,0,43
01/05/2010,MBS,MI,AGL,CE,Combined TRACON& Tower with Radar,8,27,13,4,52,0,0,0,0,0,8,27,13,4,52,0,8,8,60
01/06/2010,MBS,MI,AGL,CE,Combined TRACON& Tower with Radar,2,24,12,0,38,0,0,0,0,0,2,24,12,0,38,8,0,8,46
01/07/2010,MBS,MI,AGL,CE,Combined TRACON& Tower with Radar,2,25,18,0,45,0,0,4,0,4,2,25,22,0,49,0,0,0,49
01/08/2010,MBS,MI,AGL,CE,Combined TRACON& Tower with Radar,3,25,16,0,44,0,0,1,0,1,3,25,17,0,45,0,0,0,45
01/09/2010,MBS,MI,AGL,CE,Combined TRACON& Tower with Radar,0,18,6,0,24,0,0,9,0,9,0,18,15,0,33,54,0,54,87
01/10/2010,MBS,MI,AGL,CE,Combined TRACON& Tower with Radar,3,21,11,0,35,0,0,11,0,11,3,21,22,0,46,30,0,30,76
01/11/2010,MBS,MI,AGL,CE,Combined TRACON& Tower with Radar,5,20,17,0,42,0,0,0,0,0,5,20,17,0,42,0,0,0,42
01/12/2010,MBS,MI,AGL,CE,Combined TRACON& Tower with Radar,2,23,26,0,51,0,0,19,0,19,2,23,45,0,70,52,0,52,122
01/13/2010,MBS,MI,AGL,CE,Combined TRACON& Tower with Radar,2,23,9,2,36,0,0,4,0,4,2,23,13,2,40,0,0,0,40
01/14/2010,MBS,MI,AGL,CE,Combined TRACON& Tower with Radar,1,29,15,0,45,0,0,2,0,2,1,29,17,0,47,0,0,0,47
01/15/2010,MBS,MI,AGL,CE,Combined TRACON& Tower with Radar,4,25,15,0,44,0,0,7,0,7,4,25,22,0,51,34,0,34,85
01/16/2010,MBS,MI,AGL,CE,Combined TRACON& Tower with Radar,0,21,5,0,26,0,2,0,0,2,0,23,5,0,28,0,0,0,28
01/17/2010,MBS,MI,AGL,CE,Combined TRACON& Tower with Radar,1,17,0,0,18,0,0,0,0,0,1,17,0,0,18,0,0,0,18
01/18/2010,MBS,MI,AGL,CE,Combined TRACON& Tower with Radar,4,29,21,0,54,0,0,2,0,2,4,29,23,0,56,16,0,16,72
01/19/2010,MBS,MI,AGL,CE,Combined TRACON& Tower with Radar,4,26,28,0,58,0,2,21,0,23,4,28,49,0,81,52,4,56,137
01/20/2010,MBS,MI,AGL,CE,Combined TRACON& Tower with Radar,34,29,31,0,94,0,2,6,0,8,34,31,37,0,102,128,0,128,230
01/21/2010,MBS,MI,AGL,CE,Combined TRACON& Tower with Radar,2,28,14,0,44,0,0,3,0,3,2,28,17,0,47,14,0,14,61
01/22/2010,MBS,MI,AGL,CE,Combined TRACON& Tower with Radar,4,22,14,0,40,0,2,0,0,2,4,24,14,0,42,6,0,6,48
01/23/2010,MBS,MI,AGL,CE,Combined TRACON& Tower with Radar,0,19,12,0,31,0,2,2,0,4,0,21,14,0,35,10,0,10,45
01/24/2010,MBS,MI,AGL,CE,Combined TRACON& Tower with Radar,1,20,3,0,24,0,0,0,0,0,1,20,3,0,24,0,0,0,24
01/25/2010,MBS,MI,AGL,CE,Combined TRACON& Tower with Radar,5,23,18,0,46,0,0,0,0,0,5,23,18,0,46,0,0,0,46
01/26/2010,MBS,MI,AGL,CE,Combined TRACON& Tower with Radar,1,28,19,0,48,0,0,3,0,3,1,28,22,0,51,6,0,6,57
01/27/2010,MBS,MI,AGL,CE,Combined TRACON& Tower with Radar,6,96,10,1,113,0,0,1,1,2,6,96,11,2,115,110,0,110,225
01/28/2010,MBS,MI,AGL,CE,Combined TRACON& Tower with Radar,3,36,15,0,54,0,0,4,0,4,3,36,19,0,58,48,0,48,106
01/29/2010,MBS,MI,AGL,CE,Combined TRACON& Tower with Radar,2,28,22,0,52,0,0,12,0,12,2,28,34,0,64,12,0,12,76
01/30/2010,MBS,MI,AGL,CE,Combined TRACON& Tower with Radar,2,20,9,0,31,0,0,24,0,24,2,20,33,0,55,68,0,68,123
01/31/2010,MBS,MI,AGL,CE,Combined TRACON& Tower with Radar,1,21,9,0,31,0,0,0,0,0,1,21,9,0,31,8,0,8,39
02/01/2010,MBS,MI,AGL,CE,Combined TRACON& Tower with Radar,5,26,27,0,58,0,1,8,0,9,5,27,35,0,67,12,0,12,79
02/02/2010,MBS,MI,AGL,CE,Combined TRACON& Tower with Radar,2,26,28,0,56,0,0,0,0,0,2,26,28,0,56,30,0,30,86
02/03/2010,MBS,MI,AGL,CE,Combined TRACON& Tower with Radar,2,25,17,0,44,0,0,0,0,0,2,25,17,0,44,16,0,16,60
02/04/2010,MBS,MI,AGL,CE,Combined TRACON& Tower with Radar,4,52,24,0,80,0,0,16,0,16,4,52,40,0,96,92,0,92,188
02/05/2010,MBS,MI,AGL,CE,Combined TRACON& Tower with Radar,4,21,13,0,38,0,0,2,0,2,4,21,15,0,40,0,0,0,40
02/06/2010,MBS,MI,AGL,CE,Combined TRACON& Tower with Radar,0,22,11,0,33,0,0,0,0,0,0,22,11,0,33,0,0,0,33
02/07/2010,MBS,MI,AGL,CE,Combined TRACON& Tower with Radar,1,22,8,0,31,0,0,1,0,1,1,22,9,0,32,70,0,70,102
02/08/2010,MBS,MI,AGL,CE,Combined TRACON& Tower with Radar,4,28,26,0,58,0,1,24,0,25,4,29,50,0,83,52,0,52,135
02/09/2010,MBS,MI,AGL,CE,Combined TRACON& Tower with Radar,2,28,21,0,51,0,0,0,0,0,2,28,21,0,51,0,0,0,51
02/10/2010,MBS,MI,AGL,CE,Combined TRACON& Tower with Radar,0,26,28,0,54,0,0,0,0,0,0,26,28,0,54,6,0,6,60
02/11/2010,MBS,MI,AGL,CE,Combined TRACON& Tower with Radar,1,37,23,2,63,0,0,8,2,10,1,37,31,4,73,22,0,22,95
02/12/2010,MBS,MI,AGL,CE,Combined TRACON& Tower with Radar,4,23,21,1,49,0,0,16,1,17,4,23,37,2,66,0,0,0,66
02/13/2010,MBS,MI,AGL,CE,Combined TRACON& Tower with Radar,2,20,10,0,32,0,0,12,0,12,2,20,22,0,44,52,0,52,96
02/14/2010,MBS,MI,AGL,CE,Combined TRACON& Tower with Radar,1,18,3,0,22,0,0,1,0,1,1,18,4,0,23,38,0,38,61
02/15/2010,MBS,MI,AGL,CE,Combined TRACON& Tower with Radar,25,31,24,2,82,0,0,5,0,5,25,31,29,2,87,52,0,52,139
02/16/2010,MBS,MI,AGL,CE,Combined TRACON& Tower with Radar,4,25,10,4,43,0,0,6,0,6,4,25,16,4,49,0,0,0,49
02/17/2010,MBS,MI,AGL,CE,Combined TRACON& Tower with Radar,20,48,16,0,84,0,1,2,0,3,20,49,18,0,87,52,0,52,139
02/18/2010,MBS,MI,AGL,CE,Combined TRACON& Tower with Radar,29,57,23,0,109,0,2,10,0,12,29,59,33,0,121,132,0,132,253
02/19/2010,MBS,MI,AGL,CE,Combined TRACON& Tower with Radar,4,23,13,0,40,0,1,19,0,20,4,24,32,0,60,132,0,132,192
02/20/2010,MBS,MI,AGL,CE,Combined TRACON& Tower with Radar,0,22,13,0,35,0,0,19,0,19,0,22,32,0,54,58,0,58,112
02/21/2010,MBS,MI,AGL,CE,Combined TRACON& Tower with Radar,2,17,19,0,38,0,2,18,0,20,2,19,37,0,58,56,0,56,114
02/22/2010,MBS,MI,AGL,CE,Combined TRACON& Tower with Radar,5,17,13,0,35,0,0,0,0,0,5,17,13,0,35,0,0,0,35
02/23/2010,MBS,MI,AGL,CE,Combined TRACON& Tower with Radar,2,25,31,0,58,0,1,12,0,13,2,26,43,0,71,18,0,18,89
02/24/2010,MBS,MI,AGL,CE,Combined TRACON& Tower with Radar,3,45,19,3,70,0,2,0,0,2,3,47,19,3,72,28,8,36,108
02/25/2010,MBS,MI,AGL,CE,Combined TRACON& Tower with Radar,0,27,19,3,49,0,3,0,0,3,0,30,19,3,52,6,4,10,62
02/26/2010,MBS,MI,AGL,CE,Combined TRACON& Tower with Radar,4,26,11,0,41,0,0,0,0,0,4,26,11,0,41,0,0,0,41
02/27/2010,MBS,MI,AGL,CE,Combined TRACON& Tower with Radar,8,22,3,0,33,0,0,2,0,2,8,22,5,0,35,6,0,6,41
02/28/2010,MBS,MI,AGL,CE,Combined TRACON& Tower with Radar,0,21,13,0,34,0,0,9,0,9,0,21,22,0,43,22,0,22,65
03/01/2010,MBS,MI,AGL,CE,Combined TRACON& Tower with Radar,4,24,27,0,55,0,2,10,0,12,4,26,37,0,67,18,0,18,85
03/02/2010,MBS,MI,AGL,CE,Combined TRACON& Tower with Radar,2,24,18,1,45,0,0,4,1,5,2,24,22,2,50,0,2,2,52
03/03/2010,MBS,MI,AGL,CE,Combined TRACON& Tower with Radar,2,23,22,2,49,0,0,23,0,23,2,23,45,2,72,48,6,54,126
03/04/2010,MBS,MI,AGL,CE,Combined TRACON& Tower with Radar,1,24,27,5,57,0,0,19,0,19,1,24,46,5,76,70,0,70,146
03/05/2010,MBS,MI,AGL,CE,Combined TRACON& Tower with Radar,5,27,17,4,53,0,0,17,0,17,5,27,34,4,70,28,2,30,100
03/06/2010,MBS,MI,AGL,CE,Combined TRACON& Tower with Radar,2,22,19,0,43,0,0,34,0,34,2,22,53,0,77,60,0,60,137
03/07/2010,MBS,MI,AGL,CE,Combined TRACON& Tower with Radar,2,21,7,0,30,0,1,10,0,11,2,22,17,0,41,94,0,94,135
03/08/2010,MBS,MI,AGL,CE,Combined TRACON& Tower with Radar,5,30,23,0,58,0,0,9,0,9,5,30,32,0,67,10,0,10,77
03/09/2010,MBS,MI,AGL,CE,Combined TRACON& Tower with Radar,2,23,22,0,47,0,2,12,0,14,2,25,34,0,61,16,0,16,77
03/10/2010,MBS,MI,AGL,CE,Combined TRACON& Tower with Radar,4,24,24,0,52,0,0,3,0,3,4,24,27,0,55,4,0,4,59
03/11/2010,MBS,MI,AGL,CE,Combined TRACON& Tower with Radar,2,31,30,2,65,0,0,6,0,6,2,31,36,2,71,6,2,8,79
03/12/2010,MBS,MI,AGL,CE,Combined TRACON& Tower with Radar,1,26,20,0,47,0,0,0,0,0,1,26,20,0,47,0,0,0,47
03/13/2010,MBS,MI,AGL,CE,Combined TRACON& Tower with Radar,0,18,6,0,24,0,0,0,0,0,0,18,6,0,24,0,0,0,24
03/14/2010,MBS,MI,AGL,CE,Combined TRACON& Tower with Radar,1,19,7,0,27,0,0,3,0,3,1,19,10,0,30,0,0,0,30
03/15/2010,MBS,MI,AGL,CE,Combined TRACON& Tower with Radar,5,23,17,0,45,0,0,6,0,6,5,23,23,0,51,48,0,48,99
03/16/2010,MBS,MI,AGL,CE,Combined TRACON& Tower with Radar,2,23,14,0,39,0,0,6,0,6,2,23,20,0,45,4,0,4,49
03/17/2010,MBS,MI,AGL,CE,Combined TRACON& Tower with Radar,2,24,20,0,46,0,1,30,0,31,2,25,50,0,77,28,0,28,105
03/18/2010,MBS,MI,AGL,CE,Combined TRACON& Tower with Radar,2,30,20,0,52,0,0,12,0,12,2,30,32,0,64,10,0,10,74
03/19/2010,MBS,MI,AGL,CE,Combined TRACON& Tower with Radar,3,29,25,2,59,0,0,8,0,8,3,29,33,2,67,4,4,8,75
03/20/2010,MBS,MI,AGL,CE,Combined TRACON& Tower with Radar,0,22,2,0,24,0,0,0,0,0,0,22,2,0,24,0,0,0,24
03/21/2010,MBS,MI,AGL,CE,Combined TRACON& Tower with Radar,1,19,13,0,33,0,0,14,0,14,1,19,27,0,47,10,0,10,57
03/22/2010,MBS,MI,AGL,CE,Combined TRACON& Tower with Radar,5,24,12,0,41,0,0,3,0,3,5,24,15,0,44,0,0,0,44
03/23/2010,MBS,MI,AGL,CE,Combined TRACON& Tower with Radar,1,25,13,0,39,0,0,11,0,11,1,25,24,0,50,2,0,2,52
03/24/2010,MBS,MI,AGL,CE,Combined TRACON& Tower with Radar,2,27,27,0,56,0,0,17,0,17,2,27,44,0,73,34,0,34,107
03/25/2010,MBS,MI,AGL,CE,Combined TRACON& Tower with Radar,2,26,23,0,51,0,0,3,0,3,2,26,26,0,54,10,0,10,64
03/26/2010,MBS,MI,AGL,CE,Combined TRACON& Tower with Radar,1,27,18,0,46,0,0,14,0,14,1,27,32,0,60,32,0,32,92
03/27/2010,MBS,MI,AGL,CE,Combined TRACON& Tower with Radar,0,22,11,0,33,0,0,8,0,8,0,22,19,0,41,20,0,20,61
03/28/2010,MBS,MI,AGL,CE,Combined TRACON& Tower with Radar,1,21,15,0,37,0,0,2,0,2,1,21,17,0,39,16,0,16,55
03/29/2010,MBS,MI,AGL,CE,Combined TRACON& Tower with Radar,5,24,17,1,47,0,1,5,1,7,5,25,22,2,54,14,0,14,68
03/30/2010,MBS,MI,AGL,CE,Combined TRACON& Tower with Radar,2,24,17,2,45,0,0,14,0,14,2,24,31,2,59,18,2,20,79
03/31/2010,MBS,MI,AGL,CE,Combined TRACON& Tower with Radar,2,28,22,3,55,0,0,9,1,10,2,28,31,4,65,14,2,16,81
04/01/2010,MBS,MI,AGL,CE,Combined TRACON& Tower with Radar,2,28,8,0,38,0,0,5,0,5,2,28,13,0,43,16,0,16,59
04/02/2010,MBS,MI,AGL,CE,Combined TRACON& Tower with Radar,0,23,17,0,40,0,0,16,0,16,0,23,33,0,56,22,0,22,78
04/03/2010,MBS,MI,AGL,CE,Combined TRACON& Tower with Radar,1,22,5,0,28,0,0,3,0,3,1,22,8,0,31,4,0,4,35
04/04/2010,MBS,MI,AGL,CE,Combined TRACON& Tower with Radar,3,17,6,0,26,0,0,5,0,5,3,17,11,0,31,24,0,24,55
04/05/2010,MBS,MI,AGL,CE,Combined TRACON& Tower with Radar,5,21,18,0,44,0,0,13,0,13,5,21,31,0,57,16,0,16,73
04/06/2010,MBS,MI,AGL,CE,Combined TRACON& Tower with Radar,2,25,21,0,48,0,0,4,0,4,2,25,25,0,52,0,0,0,52
04/07/2010,MBS,MI,AGL,CE,Combined TRACON& Tower with Radar,2,26,18,0,46,0,0,0,0,0,2,26,18,0,46,0,0,0,46
04/08/2010,MBS,MI,AGL,CE,Combined TRACON& Tower with Radar,2,23,32,0,57,0,0,0,0,0,2,23,32,0,57,20,0,20,77
04/09/2010,MBS,MI,AGL,CE,Combined TRACON& Tower with Radar,5,25,21,0,51,0,0,16,0,16,5,25,37,0,67,28,0,28,95
04/10/2010,MBS,MI,AGL,CE,Combined TRACON& Tower with Radar,1,23,18,0,42,0,0,36,0,36,1,23,54,0,78,112,0,112,190
04/11/2010,MBS,MI,AGL,CE,Combined TRACON& Tower with Radar,1,27,13,0,41,0,0,46,0,46,1,27,59,0,87,48,0,48,135
04/12/2010,MBS,MI,AGL,CE,Combined TRACON& Tower with Radar,5,28,36,0,69,0,0,24,0,24,5,28,60,0,93,50,0,50,143
04/13/2010,MBS,MI,AGL,CE,Combined TRACON& Tower with Radar,2,28,24,0,54,0,1,8,0,9,2,29,32,0,63,0,0,0,63
04/14/2010,MBS,MI,AGL,CE,Combined TRACON& Tower with Radar,7,18,13,0,38,4,4,10,0,18,11,22,23,0,56,20,0,20,76
04/15/2010,MBS,MI,AGL,CE,Combined TRACON& Tower with Radar,6,36,21,2,65,3,1,9,4,17,9,37,30,6,82,14,0,14,96
04/16/2010,MBS,MI,AGL,CE,Combined TRACON& Tower with Radar,2,27,13,0,42,0,0,6,0,6,2,27,19,0,48,8,0,8,56
04/17/2010,MBS,MI,AGL,CE,Combined TRACON& Tower with Radar,0,27,7,0,34,0,0,4,0,4,0,27,11,0,38,12,0,12,50
04/18/2010,MBS,MI,AGL,CE,Combined TRACON& Tower with Radar,1,21,2,0,24,0,0,10,0,10,1,21,12,0,34,14,0,14,48
04/19/2010,MBS,MI,AGL,CE,Combined TRACON& Tower with Radar,5,25,23,0,53,0,0,21,0,21,5,25,44,0,74,18,0,18,92
04/20/2010,MBS,MI,AGL,CE,Combined TRACON& Tower with Radar,2,26,29,0,57,0,1,28,2,31,2,27,57,2,88,51,0,51,139
04/21/2010,MBS,MI,AGL,CE,Combined TRACON& Tower with Radar,2,27,22,9,60,0,0,13,0,13,2,27,35,9,73,20,4,24,97
04/22/2010,MBS,MI,AGL,CE,Combined TRACON& Tower with Radar,2,36,25,0,63,0,1,15,0,16,2,37,40,0,79,18,0,18,97
04/23/2010,MBS,MI,AGL,CE,Combined TRACON& Tower with Radar,4,28,17,0,49,0,0,29,0,29,4,28,46,0,78,42,0,42,120
04/24/2010,MBS,MI,AGL,CE,Combined TRACON& Tower with Radar,0,20,8,0,28,0,0,5,0,5,0,20,13,0,33,22,0,22,55
04/25/2010,MBS,MI,AGL,CE,Combined TRACON& Tower with Radar,1,21,12,0,34,0,0,0,0,0,1,21,12,0,34,6,0,6,40
04/26/2010,MBS,MI,AGL,CE,Combined TRACON& Tower with Radar,5,28,23,0,56,0,1,4,0,5,5,29,27,0,61,0,0,0,61
04/27/2010,MBS,MI,AGL,CE,Combined TRACON& Tower with Radar,2,30,17,0,49,0,0,15,0,15,2,30,32,0,64,26,0,26,90
04/28/2010,MBS,MI,AGL,CE,Combined TRACON& Tower with Radar,2,27,17,0,46,0,0,16,0,16,2,27,33,0,62,6,0,6,68
04/29/2010,MBS,MI,AGL,CE,Combined TRACON& Tower with Radar,2,33,23,0,58,0,0,7,0,7,2,33,30,0,65,34,0,34,99
04/30/2010,MBS,MI,AGL,CE,Combined TRACON& Tower with Radar,2,27,15,0,44,0,0,9,0,9,2,27,24,0,53,28,0,28,81
05/01/2010,MBS,MI,AGL,CE,Combined TRACON& Tower with Radar,0,29,5,0,34,0,1,1,0,2,0,30,6,0,36,0,0,0,36
05/02/2010,MBS,MI,AGL,CE,Combined TRACON& Tower with Radar,1,23,17,0,41,0,0,0,0,0,1,23,17,0,41,12,0,12,53
05/03/2010,MBS,MI,AGL,CE,Combined TRACON& Tower with Radar,5,28,13,0,46,0,0,15,0,15,5,28,28,0,61,10,0,10,71
05/04/2010,MBS,MI,AGL,CE,Combined TRACON& Tower with Radar,1,27,15,0,43,0,1,14,0,15,1,28,29,0,58,24,0,24,82
05/05/2010,MBS,MI,AGL,CE,Combined TRACON& Tower with Radar,2,27,24,2,55,0,0,5,0,5,2,27,29,2,60,8,0,8,68
05/06/2010,MBS,MI,AGL,CE,Combined TRACON& Tower with Radar,1,32,31,2,66,0,0,21,0,21,1,32,52,2,87,32,0,32,119
05/07/2010,MBS,MI,AGL,CE,Combined TRACON& Tower with Radar,4,26,11,0,41,0,0,0,0,0,4,26,11,0,41,0,0,0,41
05/08/2010,MBS,MI,AGL,CE,Combined TRACON& Tower with Radar,0,23,3,0,26,0,0,0,0,0,0,23,3,0,26,2,0,2,28
05/09/2010,MBS,MI,AGL,CE,Combined TRACON& Tower with Radar,1,23,9,0,33,0,0,6,0,6,1,23,15,0,39,24,0,24,63
05/10/2010,MBS,MI,AGL,CE,Combined TRACON& Tower with Radar,5,31,20,0,56,0,0,15,0,15,5,31,35,0,71,16,0,16,87
05/11/2010,MBS,MI,AGL,CE,Combined TRACON& Tower with Radar,2,26,14,0,42,0,0,0,0,0,2,26,14,0,42,0,0,0,42
05/12/2010,MBS,MI,AGL,CE,Combined TRACON& Tower with Radar,2,28,34,0,64,0,0,6,0,6,2,28,40,0,70,12,0,12,82
05/13/2010,MBS,MI,AGL,CE,Combined TRACON& Tower with Radar,2,37,26,0,65,0,0,0,0,0,2,37,26,0,65,0,0,0,65
05/14/2010,MBS,MI,AGL,CE,Combined TRACON& Tower with Radar,2,26,14,0,42,0,0,9,0,9,2,26,23,0,51,14,0,14,65
05/15/2010,MBS,MI,AGL,CE,Combined TRACON& Tower with Radar,0,24,10,0,34,0,0,20,0,20,0,24,30,0,54,36,0,36,90
05/16/2010,MBS,MI,AGL,CE,Combined TRACON& Tower with Radar,1,21,19,0,41,0,0,14,0,14,1,21,33,0,55,38,0,38,93
05/17/2010,MBS,MI,AGL,CE,Combined TRACON& Tower with Radar,5,27,18,0,50,0,0,17,0,17,5,27,35,0,67,42,0,42,109
05/18/2010,MBS,MI,AGL,CE,Combined TRACON& Tower with Radar,2,25,24,1,52,0,0,9,0,9,2,25,33,1,61,2,0,2,63
05/19/2010,MBS,MI,AGL,CE,Combined TRACON& Tower with Radar,2,28,15,0,45,0,1,16,0,17,2,29,31,0,62,34,0,34,96
05/20/2010,MBS,MI,AGL,CE,Combined TRACON& Tower with Radar,2,33,25,0,60,0,1,45,0,46,2,34,70,0,106,50,2,52,158
05/21/2010,MBS,MI,AGL,CE,Combined TRACON& Tower with Radar,4,28,21,0,53,0,0,3,0,3,4,28,24,0,56,14,0,14,70
05/22/2010,MBS,MI,AGL,CE,Combined TRACON& Tower with Radar,2,22,19,0,43,0,0,7,0,7,2,22,26,0,50,28,0,28,78
05/23/2010,MBS,MI,AGL,CE,Combined TRACON& Tower with Radar,1,21,12,0,34,0,0,23,0,23,1,21,35,0,57,32,0,32,89
05/24/2010,MBS,MI,AGL,CE,Combined TRACON& Tower with Radar,5,27,14,0,46,0,0,14,0,14,5,27,28,0,60,22,0,22,82
05/25/2010,MBS,MI,AGL,CE,Combined TRACON& Tower with Radar,4,28,16,6,54,0,0,17,0,17,4,28,33,6,71,34,0,34,105
05/26/2010,MBS,MI,AGL,CE,Combined TRACON& Tower with Radar,2,27,27,4,60,0,0,23,0,23,2,27,50,4,83,38,8,46,129
05/27/2010,MBS,MI,AGL,CE,Combined TRACON& Tower with Radar,2,30,17,0,49,0,0,6,0,6,2,30,23,0,55,46,0,46,101
05/28/2010,MBS,MI,AGL,CE,Combined TRACON& Tower with Radar,2,27,7,0,36,0,0,22,0,22,2,27,29,0,58,30,0,30,88
05/29/2010,MBS,MI,AGL,CE,Combined TRACON& Tower with Radar,0,21,1,0,22,0,0,9,0,9,0,21,10,0,31,34,0,34,65
05/30/2010,MBS,MI,AGL,CE,Combined TRACON& Tower with Radar,0,19,6,0,25,0,0,16,0,16,0,19,22,0,41,10,0,10,51
05/31/2010,MBS,MI,AGL,CE,Combined TRACON& Tower with Radar,0,19,6,0,25,0,0,4,0,4,0,19,10,0,29,0,0,0,29
06/01/2010,MBS,MI,AGL,CE,Combined TRACON& Tower with Radar,3,26,21,0,50,0,1,19,0,20,3,27,40,0,70,20,0,20,90
06/02/2010,MBS,MI,AGL,CE,Combined TRACON& Tower with Radar,2,27,17,4,50,0,0,2,1,3,2,27,19,5,53,6,2,8,61
06/03/2010,MBS,MI,AGL,CE,Combined TRACON& Tower with Radar,2,30,12,3,47,0,0,3,2,5,2,30,15,5,52,0,4,4,56
06/04/2010,MBS,MI,AGL,CE,Combined TRACON& Tower with Radar,5,23,20,0,48,0,0,5,0,5,5,23,25,0,53,7,0,7,60
06/05/2010,MBS,MI,AGL,CE,Combined TRACON& Tower with Radar,1,22,9,0,32,0,0,5,1,6,1,22,14,1,38,44,0,44,82
06/06/2010,MBS,MI,AGL,CE,Combined TRACON& Tower with Radar,0,22,21,0,43,0,0,1,0,1,0,22,22,0,44,18,0,18,62
06/07/2010,MBS,MI,AGL,CE,Combined TRACON& Tower with Radar,5,30,15,2,52,0,0,15,0,15,5,30,30,2,67,20,2,22,89
06/08/2010,MBS,MI,AGL,CE,Combined TRACON& Tower with Radar,2,26,25,0,53,0,0,15,0,15,2,26,40,0,68,14,0,14,82
06/09/2010,MBS,MI,AGL,CE,Combined TRACON& Tower with Radar,2,26,23,0,51,0,0,3,0,3,2,26,26,0,54,2,0,2,56
06/10/2010,MBS,MI,AGL,CE,Combined TRACON& Tower with Radar,2,32,21,0,55,0,1,14,0,15,2,33,35,0,70,4,0,4,74
06/11/2010,MBS,MI,AGL,CE,Combined TRACON& Tower with Radar,2,29,11,0,42,0,0,4,0,4,2,29,15,0,46,0,0,0,46
06/12/2010,MBS,MI,AGL,CE,Combined TRACON& Tower with Radar,0,23,12,0,35,0,0,2,0,2,0,23,14,0,37,0,0,0,37
06/13/2010,MBS,MI,AGL,CE,Combined TRACON& Tower with Radar,0,18,24,0,42,0,0,13,0,13,0,18,37,0,55,16,0,16,71
06/14/2010,MBS,MI,AGL,CE,Combined TRACON& Tower with Radar,4,27,17,0,48,0,0,12,0,12,4,27,29,0,60,28,0,28,88
06/15/2010,MBS,MI,AGL,CE,Combined TRACON& Tower with Radar,1,30,18,0,49,0,1,24,0,25,1,31,42,0,74,24,0,24,98
06/16/2010,MBS,MI,AGL,CE,Combined TRACON& Tower with Radar,2,32,20,0,54,0,0,3,0,3,2,32,23,0,57,4,0,4,61
06/17/2010,MBS,MI,AGL,CE,Combined TRACON& Tower with Radar,2,27,28,0,57,0,0,28,0,28,2,27,56,0,85,40,0,40,125
06/18/2010,MBS,MI,AGL,CE,Combined TRACON& Tower with Radar,4,27,20,0,51,0,3,18,0,21,4,30,38,0,72,24,0,24,96
06/19/2010,MBS,MI,AGL,CE,Combined TRACON& Tower with Radar,0,24,9,0,33,0,0,32,0,32,0,24,41,0,65,36,0,36,101
06/20/2010,MBS,MI,AGL,CE,Combined TRACON& Tower with Radar,0,21,9,1,31,0,3,19,0,22,0,24,28,1,53,66,0,66,119
06/21/2010,MBS,MI,AGL,CE,Combined TRACON& Tower with Radar,6,25,31,3,65,0,0,9,0,9,6,25,40,3,74,78,0,78,152
06/22/2010,MBS,MI,AGL,CE,Combined TRACON& Tower with Radar,2,34,23,0,59,0,0,11,0,11,2,34,34,0,70,0,0,0,70
06/23/2010,MBS,MI,AGL,CE,Combined TRACON& Tower with Radar,3,22,15,0,40,0,0,1,0,1,3,22,16,0,41,0,0,0,41
06/24/2010,MBS,MI,AGL,CE,Combined TRACON& Tower with Radar,2,37,22,0,61,0,0,11,0,11,2,37,33,0,72,106,0,106,178
06/25/2010,MBS,MI,AGL,CE,Combined TRACON& Tower with Radar,4,29,17,0,50,0,2,13,0,15,4,31,30,0,65,6,0,6,71
06/26/2010,MBS,MI,AGL,CE,Combined TRACON& Tower with Radar,0,27,20,0,47,0,0,1,0,1,0,27,21,0,48,44,0,44,92
06/27/2010,MBS,MI,AGL,CE,Combined TRACON& Tower with Radar,0,24,13,0,37,0,0,1,0,1,0,24,14,0,38,0,0,0,38
06/28/2010,MBS,MI,AGL,CE,Combined TRACON& Tower with Radar,4,25,12,0,41,0,0,6,0,6,4,25,18,0,47,16,0,16,63
06/29/2010,MBS,MI,AGL,CE,Combined TRACON& Tower with Radar,2,27,23,0,52,0,0,21,0,21,2,27,44,0,73,42,0,42,115
06/30/2010,MBS,MI,AGL,CE,Combined TRACON& Tower with Radar,2,25,22,0,49,0,0,17,0,17,2,25,39,0,66,12,0,12,78
07/01/2010,MBS,MI,AGL,CE,Combined TRACON& Tower with Radar,2,25,24,0,51,0,0,23,0,23,2,25,47,0,74,52,0,52,126
07/02/2010,MBS,MI,AGL,CE,Combined TRACON& Tower with Radar,4,26,13,0,43,0,2,17,4,23,4,28,30,4,66,75,4,79,145
07/03/2010,MBS,MI,AGL,CE,Combined TRACON& Tower with Radar,0,21,0,0,21,0,2,13,0,15,0,23,13,0,36,32,0,32,68
07/04/2010,MBS,MI,AGL,CE,Combined TRACON& Tower with Radar,1,15,4,0,20,0,2,8,0,10,1,17,12,0,30,18,0,18,48
07/05/2010,MBS,MI,AGL,CE,Combined TRACON& Tower with Radar,2,17,13,0,32,0,0,6,0,6,2,17,19,0,38,0,0,0,38
07/06/2010,MBS,MI,AGL,CE,Combined TRACON& Tower with Radar,3,25,12,0,40,0,0,12,1,13,3,25,24,1,53,16,0,16,69
07/07/2010,MBS,MI,AGL,CE,Combined TRACON& Tower with Radar,2,26,7,0,35,0,2,5,0,7,2,28,12,0,42,6,0,6,48
07/08/2010,MBS,MI,AGL,CE,Combined TRACON& Tower with Radar,3,29,19,0,51,0,0,2,0,2,3,29,21,0,53,0,0,0,53
07/09/2010,MBS,MI,AGL,CE,Combined TRACON& Tower with Radar,0,31,10,0,41,0,0,12,0,12,0,31,22,0,53,28,0,28,81
07/10/2010,MBS,MI,AGL,CE,Combined TRACON& Tower with Radar,0,24,5,0,29,0,1,10,0,11,0,25,15,0,40,26,0,26,66
07/11/2010,MBS,MI,AGL,CE,Combined TRACON& Tower with Radar,1,18,10,0,29,0,0,16,0,16,1,18,26,0,45,46,0,46,91
07/12/2010,MBS,MI,AGL,CE,Combined TRACON& Tower with Radar,4,32,13,0,49,0,0,1,0,1,4,32,14,0,50,60,0,60,110
07/13/2010,MBS,MI,AGL,CE,Combined TRACON& Tower with Radar,1,33,23,0,57,0,0,6,0,6,1,33,29,0,63,54,0,54,117
07/14/2010,MBS,MI,AGL,CE,Combined TRACON& Tower with Radar,2,34,18,0,54,0,0,17,0,17,2,34,35,0,71,18,0,18,89
07/15/2010,MBS,MI,AGL,CE,Combined TRACON& Tower with Radar,4,32,16,0,52,0,0,2,0,2,4,32,18,0,54,14,0,14,68
07/16/2010,MBS,MI,AGL,CE,Combined TRACON& Tower with Radar,4,32,13,2,51,0,0,7,0,7,4,32,20,2,58,4,4,8,66
07/17/2010,MBS,MI,AGL,CE,Combined TRACON& Tower with Radar,0,26,12,0,38,0,0,5,0,5,0,26,17,0,43,34,0,34,77
07/18/2010,MBS,MI,AGL,CE,Combined TRACON& Tower with Radar,2,21,4,0,27,0,0,0,0,0,2,21,4,0,27,0,0,0,27
07/19/2010,MBS,MI,AGL,CE,Combined TRACON& Tower with Radar,5,25,15,0,45,0,1,11,0,12,5,26,26,0,57,22,0,22,79
07/20/2010,MBS,MI,AGL,CE,Combined TRACON& Tower with Radar,2,31,17,0,50,0,2,6,0,8,2,33,23,0,58,26,0,26,84
07/21/2010,MBS,MI,AGL,CE,Combined TRACON& Tower with Radar,2,34,10,0,46,0,0,8,0,8,2,34,18,0,54,10,0,10,64
07/22/2010,MBS,MI,AGL,CE,Combined TRACON& Tower with Radar,2,32,9,0,43,0,0,15,0,15,2,32,24,0,58,8,0,8,66
07/23/2010,MBS,MI,AGL,CE,Combined TRACON& Tower with Radar,2,28,11,0,41,0,1,9,0,10,2,29,20,0,51,4,0,4,55
07/24/2010,MBS,MI,AGL,CE,Combined TRACON& Tower with Radar,0,25,12,0,37,0,1,4,0,5,0,26,16,0,42,0,0,0,42
07/25/2010,MBS,MI,AGL,CE,Combined TRACON& Tower with Radar,1,24,28,0,53,0,3,33,0,36,1,27,61,0,89,34,0,34,123
07/26/2010,MBS,MI,AGL,CE,Combined TRACON& Tower with Radar,5,30,29,0,64,0,0,27,0,27,5,30,56,0,91,38,0,38,129
07/27/2010,MBS,MI,AGL,CE,Combined TRACON& Tower with Radar,2,32,24,0,58,0,3,33,0,36,2,35,57,0,94,22,0,22,116
07/28/2010,MBS,MI,AGL,CE,Combined TRACON& Tower with Radar,2,28,12,0,42,0,0,3,0,3,2,28,15,0,45,14,0,14,59
07/29/2010,MBS,MI,AGL,CE,Combined TRACON& Tower with Radar,3,31,34,0,68,0,0,33,0,33,3,31,67,0,101,34,0,34,135
07/30/2010,MBS,MI,AGL,CE,Combined TRACON& Tower with Radar,5,33,19,0,57,0,1,15,0,16,5,34,34,0,73,4,0,4,77
07/31/2010,MBS,MI,AGL,CE,Combined TRACON& Tower with Radar,0,26,6,0,32,0,0,5,0,5,0,26,11,0,37,8,0,8,45
08/01/2010,MBS,MI,AGL,CE,Combined TRACON& Tower with Radar,1,21,15,0,37,0,0,14,0,14,1,21,29,0,51,34,0,34,85
08/02/2010,MBS,MI,AGL,CE,Combined TRACON& Tower with Radar,5,26,20,6,57,0,0,21,0,21,5,26,41,6,78,22,12,34,112
08/03/2010,MBS,MI,AGL,CE,Combined TRACON& Tower with Radar,2,30,14,4,50,0,0,8,0,8,2,30,22,4,58,12,4,16,74
08/04/2010,MBS,MI,AGL,CE,Combined TRACON& Tower with Radar,2,30,26,4,62,0,0,18,0,18,2,30,44,4,80,0,8,8,88
08/05/2010,MBS,MI,AGL,CE,Combined TRACON& Tower with Radar,2,30,16,0,48,0,0,17,0,17,2,30,33,0,65,12,0,12,77
08/06/2010,MBS,MI,AGL,CE,Combined TRACON& Tower with Radar,2,28,13,2,45,0,2,12,0,14,2,30,25,2,59,26,0,26,85
08/07/2010,MBS,MI,AGL,CE,Combined TRACON& Tower with Radar,0,23,13,2,38,0,0,13,0,13,0,23,26,2,51,8,0,8,59
08/08/2010,MBS,MI,AGL,CE,Combined TRACON& Tower with Radar,1,21,10,0,32,0,0,4,0,4,1,21,14,0,36,30,0,30,66
08/09/2010,MBS,MI,AGL,CE,Combined TRACON& Tower with Radar,5,27,14,2,48,0,0,10,0,10,5,27,24,2,58,10,0,10,68
08/10/2010,MBS,MI,AGL,CE,Combined TRACON& Tower with Radar,4,29,14,1,48,0,0,12,1,13,4,29,26,2,61,14,0,14,75
08/11/2010,MBS,MI,AGL,CE,Combined TRACON& Tower with Radar,2,27,18,0,47,0,0,2,0,2,2,27,20,0,49,4,0,4,53
08/12/2010,MBS,MI,AGL,CE,Combined TRACON& Tower with Radar,2,38,29,0,69,0,1,12,0,13,2,39,41,0,82,86,0,86,168
08/13/2010,MBS,MI,AGL,CE,Combined TRACON& Tower with Radar,5,33,19,0,57,0,1,15,0,16,5,34,34,0,73,0,0,0,73
08/14/2010,MBS,MI,AGL,CE,Combined TRACON& Tower with Radar,0,26,6,0,32,0,0,6,0,6,0,26,12,0,38,0,0,0,38
08/15/2010,MBS,MI,AGL,CE,Combined TRACON& Tower with Radar,1,18,10,0,29,0,0,16,0,16,1,18,26,0,45,20,0,20,65
08/16/2010,MBS,MI,AGL,CE,Combined TRACON& Tower with Radar,3,20,8,0,31,0,0,4,0,4,3,20,12,0,35,0,0,0,35
08/17/2010,MBS,MI,AGL,CE,Combined TRACON& Tower with Radar,1,27,12,0,40,0,0,12,0,12,1,27,24,0,52,22,0,22,74
08/18/2010,MBS,MI,AGL,CE,Combined TRACON& Tower with Radar,2,36,17,0,55,0,0,21,0,21,2,36,38,0,76,24,0,24,100
08/19/2010,MBS,MI,AGL,CE,Combined TRACON& Tower with Radar,2,37,14,0,53,0,0,5,0,5,2,37,19,0,58,0,0,0,58
08/20/2010,MBS,MI,AGL,CE,Combined TRACON& Tower with Radar,2,27,10,0,39,0,0,12,0,12,2,27,22,0,51,0,0,0,51
08/21/2010,MBS,MI,AGL,CE,Combined TRACON& Tower with Radar,0,24,3,0,27,0,0,2,0,2,0,24,5,0,29,2,0,2,31
08/22/2010,MBS,MI,AGL,CE,Combined TRACON& Tower with Radar,1,23,8,0,32,0,0,10,0,10,1,23,18,0,42,8,0,8,50
08/23/2010,MBS,MI,AGL,CE,Combined TRACON& Tower with Radar,4,28,18,0,50,0,0,8,0,8,4,28,26,0,58,72,0,72,130
08/24/2010,MBS,MI,AGL,CE,Combined TRACON& Tower with Radar,2,30,15,0,47,0,0,15,0,15,2,30,30,0,62,4,0,4,66
08/25/2010,MBS,MI,AGL,CE,Combined TRACON& Tower with Radar,4,31,18,0,53,0,0,19,0,19,4,31,37,0,72,58,0,58,130
08/26/2010,MBS,MI,AGL,CE,Combined TRACON& Tower with Radar,2,30,22,0,54,0,0,23,0,23,2,30,45,0,77,46,0,46,123
08/27/2010,MBS,MI,AGL,CE,Combined TRACON& Tower with Radar,4,30,21,0,55,0,1,37,0,38,4,31,58,0,93,74,0,74,167
08/28/2010,MBS,MI,AGL,CE,Combined TRACON& Tower with Radar,0,24,11,1,36,0,0,17,0,17,0,24,28,1,53,26,0,26,79
08/29/2010,MBS,MI,AGL,CE,Combined TRACON& Tower with Radar,1,28,8,0,37,0,0,22,0,22,1,28,30,0,59,32,0,32,91
08/30/2010,MBS,MI,AGL,CE,Combined TRACON& Tower with Radar,5,27,9,0,41,0,0,11,0,11,5,27,20,0,52,60,0,60,112
08/31/2010,MBS,MI,AGL,CE,Combined TRACON& Tower with Radar,1,32,13,2,48,0,0,10,0,10,1,32,23,2,58,2,4,6,64
09/01/2010,MBS,MI,AGL,CE,Combined TRACON& Tower with Radar,2,33,8,0,43,0,0,3,0,3,2,33,11,0,46,2,0,2,48
09/02/2010,MBS,MI,AGL,CE,Combined TRACON& Tower with Radar,2,31,11,0,44,0,0,7,0,7,2,31,18,0,51,0,0,0,51
09/03/2010,MBS,MI,AGL,CE,Combined TRACON& Tower with Radar,2,31,6,0,39,0,2,4,0,6,2,33,10,0,45,2,0,2,47
09/04/2010,MBS,MI,AGL,CE,Combined TRACON& Tower with Radar,0,24,2,0,26,0,0,2,0,2,0,24,4,0,28,0,0,0,28
09/05/2010,MBS,MI,AGL,CE,Combined TRACON& Tower with Radar,1,16,6,0,23,0,2,3,0,5,1,18,9,0,28,18,0,18,46
09/06/2010,MBS,MI,AGL,CE,Combined TRACON& Tower with Radar,1,20,3,0,24,0,0,6,0,6,1,20,9,0,30,2,0,2,32
09/07/2010,MBS,MI,AGL,CE,Combined TRACON& Tower with Radar,2,28,20,0,50,0,1,2,0,3,2,29,22,0,53,0,0,0,53
09/08/2010,MBS,MI,AGL,CE,Combined TRACON& Tower with Radar,2,30,9,0,41,0,2,6,0,8,2,32,15,0,49,16,0,16,65
09/09/2010,MBS,MI,AGL,CE,Combined TRACON& Tower with Radar,2,31,12,0,45,0,0,13,0,13,2,31,25,0,58,2,0,2,60
09/10/2010,MBS,MI,AGL,CE,Combined TRACON& Tower with Radar,4,34,12,0,50,0,0,9,0,9,4,34,21,0,59,16,0,16,75
09/11/2010,MBS,MI,AGL,CE,Combined TRACON& Tower with Radar,0,20,7,0,27,0,0,8,0,8,0,20,15,0,35,14,0,14,49
09/12/2010,MBS,MI,AGL,CE,Combined TRACON& Tower with Radar,3,21,13,0,37,0,0,13,0,13,3,21,26,0,50,12,0,12,62
09/13/2010,MBS,MI,AGL,CE,Combined TRACON& Tower with Radar,5,25,22,12,64,0,0,25,10,35,5,25,47,22,99,40,0,40,139
09/14/2010,MBS,MI,AGL,CE,Combined TRACON& Tower with Radar,2,32,24,3,61,0,0,20,8,28,2,32,44,11,89,78,4,82,171
09/15/2010,MBS,MI,AGL,CE,Combined TRACON& Tower with Radar,2,35,16,7,60,0,0,12,3,15,2,35,28,10,75,44,0,44,119
09/16/2010,MBS,MI,AGL,CE,Combined TRACON& Tower with Radar,2,27,21,0,50,0,0,2,0,2,2,27,23,0,52,0,0,0,52
09/17/2010,MBS,MI,AGL,CE,Combined TRACON& Tower with Radar,2,35,24,3,64,0,0,16,0,16,2,35,40,3,80,46,4,50,130
09/18/2010,MBS,MI,AGL,CE,Combined TRACON& Tower with Radar,0,20,18,0,38,0,0,1,0,1,0,20,19,0,39,20,0,20,59
09/19/2010,MBS,MI,AGL,CE,Combined TRACON& Tower with Radar,1,29,12,0,42,0,2,20,0,22,1,31,32,0,64,34,0,34,98
09/20/2010,MBS,MI,AGL,CE,Combined TRACON& Tower with Radar,4,30,17,0,51,0,2,13,0,15,4,32,30,0,66,120,0,120,186
09/21/2010,MBS,MI,AGL,CE,Combined TRACON& Tower with Radar,2,37,14,0,53,0,1,5,0,6,2,38,19,0,59,0,0,0,59
09/22/2010,MBS,MI,AGL,CE,Combined TRACON& Tower with Radar,2,32,18,0,52,0,0,8,0,8,2,32,26,0,60,44,0,44,104
09/23/2010,MBS,MI,AGL,CE,Combined TRACON& Tower with Radar,2,39,17,0,58,0,0,8,0,8,2,39,25,0,66,14,0,14,80
09/24/2010,MBS,MI,AGL,CE,Combined TRACON& Tower with Radar,4,31,10,0,45,0,0,1,0,1,4,31,11,0,46,0,0,0,46
09/25/2010,MBS,MI,AGL,CE,Combined TRACON& Tower with Radar,0,24,16,2,42,0,2,3,0,5,0,26,19,2,47,4,8,12,59
09/26/2010,MBS,MI,AGL,CE,Combined TRACON& Tower with Radar,2,26,13,0,41,0,1,9,0,10,2,27,22,0,51,16,0,16,67
09/27/2010,MBS,MI,AGL,CE,Combined TRACON& Tower with Radar,1,35,17,0,53,0,0,13,0,13,1,35,30,0,66,88,0,88,154
09/28/2010,MBS,MI,AGL,CE,Combined TRACON& Tower with Radar,1,32,26,0,59,0,0,5,0,5,1,32,31,0,64,112,0,112,176
09/29/2010,MBS,MI,AGL,CE,Combined TRACON& Tower with Radar,2,31,9,0,42,0,0,16,0,16,2,31,25,0,58,4,0,4,62
09/30/2010,MBS,MI,AGL,CE,Combined TRACON& Tower with Radar,2,32,21,4,59,0,0,4,0,4,2,32,25,4,63,8,8,16,79
10/01/2010,MBS,MI,AGL,CE,Combined TRACON& Tower with Radar,2,32,13,0,47,0,0,19,0,19,2,32,32,0,66,14,0,14,80
10/02/2010,MBS,MI,AGL,CE,Combined TRACON& Tower with Radar,0,21,12,0,33,0,0,2,0,2,0,21,14,0,35,6,0,6,41
10/03/2010,MBS,MI,AGL,CE,Combined TRACON& Tower with Radar,1,21,6,0,28,0,2,5,0,7,1,23,11,0,35,22,0,22,57
10/04/2010,MBS,MI,AGL,CE,Combined TRACON& Tower with Radar,5,26,14,0,45,0,0,18,0,18,5,26,32,0,63,2,0,2,65
10/05/2010,MBS,MI,AGL,CE,Combined TRACON& Tower with Radar,2,29,12,0,43,0,1,10,0,11,2,30,22,0,54,68,0,68,122
10/06/2010,MBS,MI,AGL,CE,Combined TRACON& Tower with Radar,2,36,19,8,65,0,0,24,0,24,2,36,43,8,89,44,0,44,133
10/07/2010,MBS,MI,AGL,CE,Combined TRACON& Tower with Radar,2,34,16,0,52,0,2,17,0,19,2,36,33,0,71,22,0,22,93
10/08/2010,MBS,MI,AGL,CE,Combined TRACON& Tower with Radar,6,32,14,0,52,0,0,5,0,5,6,32,19,0,57,0,0,0,57
10/09/2010,MBS,MI,AGL,CE,Combined TRACON& Tower with Radar,0,20,9,0,29,0,0,14,0,14,0,20,23,0,43,12,0,12,55
10/10/2010,MBS,MI,AGL,CE,Combined TRACON& Tower with Radar,1,21,12,0,34,0,0,12,0,12,1,21,24,0,46,26,0,26,72
10/11/2010,MBS,MI,AGL,CE,Combined TRACON& Tower with Radar,5,25,3,0,33,0,0,5,0,5,5,25,8,0,38,0,0,0,38
10/12/2010,MBS,MI,AGL,CE,Combined TRACON& Tower with Radar,2,34,19,0,55,0,0,11,0,11,2,34,30,0,66,86,0,86,152
10/13/2010,MBS,MI,AGL,CE,Combined TRACON& Tower with Radar,2,31,17,0,50,0,0,1,0,1,2,31,18,0,51,8,0,8,59
10/14/2010,MBS,MI,AGL,CE,Combined TRACON& Tower with Radar,2,34,14,0,50,0,0,21,0,21,2,34,35,0,71,20,0,20,91
10/15/2010,MBS,MI,AGL,CE,Combined TRACON& Tower with Radar,2,30,15,0,47,0,0,9,0,9,2,30,24,0,56,10,0,10,66
10/16/2010,MBS,MI,AGL,CE,Combined TRACON& Tower with Radar,0,20,8,0,28,0,0,21,0,21,0,20,29,0,49,26,0,26,75
10/17/2010,MBS,MI,AGL,CE,Combined TRACON& Tower with Radar,1,25,8,0,34,0,1,15,0,16,1,26,23,0,50,36,0,36,86
10/18/2010,MBS,MI,AGL,CE,Combined TRACON& Tower with Radar,5,29,18,0,52,0,0,25,0,25,5,29,43,0,77,46,0,46,123
10/19/2010,MBS,MI,AGL,CE,Combined TRACON& Tower with Radar,2,33,17,2,54,0,0,10,0,10,2,33,27,2,64,12,0,12,76
10/20/2010,MBS,MI,AGL,CE,Combined TRACON& Tower with Radar,2,31,13,0,46,0,0,3,0,3,2,31,16,0,49,4,0,4,53
10/21/2010,MBS,MI,AGL,CE,Combined TRACON& Tower with Radar,4,30,14,0,48,0,0,1,0,1,4,30,15,0,49,2,0,2,51
10/22/2010,MBS,MI,AGL,CE,Combined TRACON& Tower with Radar,4,29,19,0,52,0,0,20,0,20,4,29,39,0,72,64,0,64,136
10/23/2010,MBS,MI,AGL,CE,Combined TRACON& Tower with Radar,0,20,5,0,25,0,0,2,0,2,0,20,7,0,27,2,0,2,29
10/24/2010,MBS,MI,AGL,CE,Combined TRACON& Tower with Radar,3,23,6,0,32,0,0,3,0,3,3,23,9,0,35,0,0,0,35
10/25/2010,MBS,MI,AGL,CE,Combined TRACON& Tower with Radar,5,26,13,4,48,0,2,3,0,5,5,28,16,4,53,6,4,10,63
10/26/2010,MBS,MI,AGL,CE,Combined TRACON& Tower with Radar,2,21,10,0,33,0,0,0,0,0,2,21,10,0,33,0,0,0,33
10/27/2010,MBS,MI,AGL,CE,Combined TRACON& Tower with Radar,2,27,13,4,46,0,0,0,0,0,2,27,13,4,46,0,4,4,50
10/28/2010,MBS,MI,AGL,CE,Combined TRACON& Tower with Radar,2,31,15,0,48,0,0,7,0,7,2,31,22,0,55,2,6,8,63
10/29/2010,MBS,MI,AGL,CE,Combined TRACON& Tower with Radar,2,27,21,0,50,0,0,11,1,12,2,27,32,1,62,44,0,44,106
10/30/2010,MBS,MI,AGL,CE,Combined TRACON& Tower with Radar,2,21,6,0,29,0,0,5,0,5,2,21,11,0,34,8,0,8,42
10/31/2010,MBS,MI,AGL,CE,Combined TRACON& Tower with Radar,1,23,6,0,30,0,0,8,0,8,1,23,14,0,38,10,0,10,48
11/01/2010,MBS,MI,AGL,CE,Combined TRACON& Tower with Radar,3,33,26,0,62,0,0,14,0,14,3,33,40,0,76,10,0,10,86
11/02/2010,MBS,MI,AGL,CE,Combined TRACON& Tower with Radar,2,38,41,0,81,0,0,16,0,16,2,38,57,0,97,36,0,36,133
11/03/2010,MBS,MI,AGL,CE,Combined TRACON& Tower with Radar,2,35,20,0,57,0,0,3,0,3,2,35,23,0,60,0,0,0,60
11/04/2010,MBS,MI,AGL,CE,Combined TRACON& Tower with Radar,2,32,14,0,48,0,0,1,0,1,2,32,15,0,49,6,0,6,55
11/05/2010,MBS,MI,AGL,CE,Combined TRACON& Tower with Radar,4,32,14,0,50,0,0,2,0,2,4,32,16,0,52,0,0,0,52
11/06/2010,MBS,MI,AGL,CE,Combined TRACON& Tower with Radar,0,20,2,0,22,0,0,8,0,8,0,20,10,0,30,6,0,6,36
11/07/2010,MBS,MI,AGL,CE,Combined TRACON& Tower with Radar,1,21,21,0,43,0,0,17,0,17,1,21,38,0,60,36,0,36,96
11/08/2010,MBS,MI,AGL,CE,Combined TRACON& Tower with Radar,7,30,15,0,52,0,3,12,3,18,7,33,27,3,70,20,0,20,90
11/09/2010,MBS,MI,AGL,CE,Combined TRACON& Tower with Radar,2,32,14,0,48,0,1,8,2,11,2,33,22,2,59,8,0,8,67
11/10/2010,MBS,MI,AGL,CE,Combined TRACON& Tower with Radar,6,32,24,14,76,0,0,1,0,1,6,32,25,14,77,22,10,32,109
11/11/2010,MBS,MI,AGL,CE,Combined TRACON& Tower with Radar,2,20,21,1,44,0,0,9,0,9,2,20,30,1,53,14,0,14,67
11/12/2010,MBS,MI,AGL,CE,Combined TRACON& Tower with Radar,2,32,28,0,62,0,0,10,0,10,2,32,38,0,72,4,0,4,76
11/13/2010,MBS,MI,AGL,CE,Combined TRACON& Tower with Radar,0,23,7,0,30,0,0,5,0,5,0,23,12,0,35,10,0,10,45
11/14/2010,MBS,MI,AGL,CE,Combined TRACON& Tower with Radar,9,26,4,0,39,0,0,1,0,1,9,26,5,0,40,10,0,10,50
11/15/2010,MBS,MI,AGL,CE,Combined TRACON& Tower with Radar,10,28,16,0,54,3,0,12,0,15,13,28,28,0,69,12,0,12,81
11/16/2010,MBS,MI,AGL,CE,Combined TRACON& Tower with Radar,2,31,27,0,60,0,1,12,0,13,2,32,39,0,73,0,0,0,73
11/17/2010,MBS,MI,AGL,CE,Combined TRACON& Tower with Radar,2,31,12,0,45,0,0,4,0,4,2,31,16,0,49,6,0,6,55
11/18/2010,MBS,MI,AGL,CE,Combined TRACON& Tower with Radar,2,31,12,0,45,0,0,10,0,10,2,31,22,0,55,14,0,14,69
11/19/2010,MBS,MI,AGL,CE,Combined TRACON& Tower with Radar,4,30,11,0,45,0,0,14,0,14,4,30,25,0,59,10,0,10,69
11/20/2010,MBS,MI,AGL,CE,Combined TRACON& Tower with Radar,0,22,4,0,26,0,0,7,0,7,0,22,11,0,33,10,0,10,43
11/21/2010,MBS,MI,AGL,CE,Combined TRACON& Tower with Radar,1,21,12,0,34,0,0,3,0,3,1,21,15,0,37,28,0,28,65
11/22/2010,MBS,MI,AGL,CE,Combined TRACON& Tower with Radar,5,22,11,0,38,0,0,1,0,1,5,22,12,0,39,2,0,2,41
11/23/2010,MBS,MI,AGL,CE,Combined TRACON& Tower with Radar,2,30,21,0,53,0,0,1,0,1,2,30,22,0,54,8,0,8,62
11/24/2010,MBS,MI,AGL,CE,Combined TRACON& Tower with Radar,3,31,14,0,48,0,0,18,0,18,3,31,32,0,66,24,0,24,90
11/25/2010,MBS,MI,AGL,CE,Combined TRACON& Tower with Radar,0,16,4,0,20,0,0,0,0,0,0,16,4,0,20,0,0,0,20
11/26/2010,MBS,MI,AGL,CE,Combined TRACON& Tower with Radar,0,20,5,0,25,0,0,4,0,4,0,20,9,0,29,0,0,0,29
11/27/2010,MBS,MI,AGL,CE,Combined TRACON& Tower with Radar,0,23,2,0,25,0,0,4,0,4,0,23,6,0,29,50,0,50,79
11/28/2010,MBS,MI,AGL,CE,Combined TRACON& Tower with Radar,0,26,13,0,39,0,2,19,0,21,0,28,32,0,60,22,0,22,82
11/29/2010,MBS,MI,AGL,CE,Combined TRACON& Tower with Radar,6,29,22,0,57,0,0,25,0,25,6,29,47,0,82,32,0,32,114
11/30/2010,MBS,MI,AGL,CE,Combined TRACON& Tower with Radar,1,31,19,1,52,0,0,0,3,3,1,31,19,4,55,0,0,0,55
12/01/2010,MBS,MI,AGL,CE,Combined TRACON& Tower with Radar,2,31,7,0,40,0,0,0,0,0,2,31,7,0,40,0,0,0,40
12/02/2010,MBS,MI,AGL,CE,Combined TRACON& Tower with Radar,19,29,15,2,65,0,0,1,0,1,19,29,16,2,66,22,4,26,92
12/03/2010,MBS,MI,AGL,CE,Combined TRACON& Tower with Radar,4,32,26,0,62,0,0,19,0,19,4,32,45,0,81,144,0,144,225
12/04/2010,MBS,MI,AGL,CE,Combined TRACON& Tower with Radar,0,21,27,0,48,0,4,66,0,70,0,25,93,0,118,42,0,42,160
12/05/2010,MBS,MI,AGL,CE,Combined TRACON& Tower with Radar,1,23,12,0,36,0,0,2,0,2,1,23,14,0,38,18,0,18,56
12/06/2010,MBS,MI,AGL,CE,Combined TRACON& Tower with Radar,5,27,17,0,49,0,0,5,0,5,5,27,22,0,54,18,0,18,72
12/07/2010,MBS,MI,AGL,CE,Combined TRACON& Tower with Radar,1,33,17,0,51,0,0,6,0,6,1,33,23,0,57,14,0,14,71
12/08/2010,MBS,MI,AGL,CE,Combined TRACON& Tower with Radar,2,31,21,4,58,0,1,6,0,7,2,32,27,4,65,30,0,30,95
12/09/2010,MBS,MI,AGL,CE,Combined TRACON& Tower with Radar,2,29,31,0,62,0,0,10,0,10,2,29,41,0,72,40,0,40,112
12/10/2010,MBS,MI,AGL,CE,Combined TRACON& Tower with Radar,4,31,12,0,47,0,0,0,0,0,4,31,12,0,47,0,0,0,47
12/11/2010,MBS,MI,AGL,CE,Combined TRACON& Tower with Radar,0,24,7,0,31,0,0,0,0,0,0,24,7,0,31,4,0,4,35
12/12/2010,MBS,MI,AGL,CE,Combined TRACON& Tower with Radar,0,9,4,0,13,0,0,0,0,0,0,9,4,0,13,0,0,0,13
12/13/2010,MBS,MI,AGL,CE,Combined TRACON& Tower with Radar,4,16,15,0,35,0,0,0,0,0,4,16,15,0,35,0,0,0,35
12/14/2010,MBS,MI,AGL,CE,Combined TRACON& Tower with Radar,2,26,20,4,52,0,0,6,0,6,2,26,26,4,58,10,4,14,72
12/15/2010,MBS,MI,AGL,CE,Combined TRACON& Tower with Radar,2,35,20,2,59,0,0,12,0,12,2,35,32,2,71,8,4,12,83
12/16/2010,MBS,MI,AGL,CE,Combined TRACON& Tower with Radar,2,31,11,0,44,0,0,10,0,10,2,31,21,0,54,6,0,6,60
12/17/2010,MBS,MI,AGL,CE,Combined TRACON& Tower with Radar,4,25,8,2,39,0,0,4,0,4,4,25,12,2,43,0,2,2,45
12/18/2010,MBS,MI,AGL,CE,Combined TRACON& Tower with Radar,0,26,4,0,30,0,0,2,0,2,0,26,6,0,32,0,0,0,32
12/19/2010,MBS,MI,AGL,CE,Combined TRACON& Tower with Radar,0,17,3,0,20,0,2,0,0,2,0,19,3,0,22,2,0,2,24
12/20/2010,MBS,MI,AGL,CE,Combined TRACON& Tower with Radar,0,24,5,0,29,0,0,10,0,10,0,24,15,0,39,54,0,54,93
12/21/2010,MBS,MI,AGL,CE,Combined TRACON& Tower with Radar,0,21,9,0,30,0,0,3,0,3,0,21,12,0,33,4,0,4,37
12/22/2010,MBS,MI,AGL,CE,Combined TRACON& Tower with Radar,0,25,9,2,36,0,0,9,0,9,0,25,18,2,45,18,0,18,63
12/23/2010,MBS,MI,AGL,CE,Combined TRACON& Tower with Radar,0,24,16,3,43,0,0,3,1,4,0,24,19,4,47,22,0,22,69
12/24/2010,MBS,MI,AGL,CE,Combined TRACON& Tower with Radar,0,21,1,0,22,0,0,5,0,5,0,21,6,0,27,6,0,6,33
12/25/2010,MBS,MI,AGL,CE,Combined TRACON& Tower with Radar,0,16,2,0,18,0,0,0,0,0,0,16,2,0,18,0,0,0,18
12/26/2010,MBS,MI,AGL,CE,Combined TRACON& Tower with Radar,2,16,8,0,26,0,0,4,0,4,2,16,12,0,30,14,0,14,44
12/27/2010,MBS,MI,AGL,CE,Combined TRACON& Tower with Radar,0,27,17,0,44,0,0,11,0,11,0,27,28,0,55,26,0,26,81
12/28/2010,MBS,MI,AGL,CE,Combined TRACON& Tower with Radar,2,25,4,0,31,0,0,0,0,0,2,25,4,0,31,0,0,0,31
12/29/2010,MBS,MI,AGL,CE,Combined TRACON& Tower with Radar,0,25,3,0,28,0,0,5,0,5,0,25,8,0,33,18,0,18,51
12/30/2010,MBS,MI,AGL,CE,Combined TRACON& Tower with Radar,0,23,3,0,26,0,0,0,0,0,0,23,3,0,26,0,0,0,26
12/31/2010,MBS,MI,AGL,CE,Combined TRACON& Tower with Radar,0,21,2,0,23,0,0,0,0,0,0,21,2,0,23,0,0,0,23
01/01/2011,MBS,MI,AGL,CE,Combined TRACON& Tower with Radar,0,15,4,0,19,0,0,0,0,0,0,15,4,0,19,0,0,0,19
01/02/2011,MBS,MI,AGL,CE,Combined TRACON& Tower with Radar,0,24,13,0,37,0,0,0,0,0,0,24,13,0,37,12,0,12,49
01/03/2011,MBS,MI,AGL,CE,Combined TRACON& Tower with Radar,0,26,16,0,42,0,0,5,0,5,0,26,21,0,47,30,0,30,77
01/04/2011,MBS,MI,AGL,CE,Combined TRACON& Tower with Radar,0,29,17,0,46,0,0,0,0,0,0,29,17,0,46,0,0,0,46
01/05/2011,MBS,MI,AGL,CE,Combined TRACON& Tower with Radar,0,32,7,8,47,0,0,13,0,13,0,32,20,8,60,24,8,32,92
01/06/2011,MBS,MI,AGL,CE,Combined TRACON& Tower with Radar,0,28,9,0,37,0,0,0,0,0,0,28,9,0,37,0,0,0,37
01/07/2011,MBS,MI,AGL,CE,Combined TRACON& Tower with Radar,1,28,14,12,55,0,0,2,1,3,1,28,16,13,58,12,10,22,80
01/08/2011,MBS,MI,AGL,CE,Combined TRACON& Tower with Radar,0,20,5,0,25,0,1,2,0,3,0,21,7,0,28,0,0,0,28
01/09/2011,MBS,MI,AGL,CE,Combined TRACON& Tower with Radar,2,18,11,0,31,0,0,14,0,14,2,18,25,0,45,26,0,26,71
01/10/2011,MBS,MI,AGL,CE,Combined TRACON& Tower with Radar,0,25,26,0,51,0,1,5,0,6,0,26,31,0,57,20,0,20,77
01/11/2011,MBS,MI,AGL,CE,Combined TRACON& Tower with Radar,0,26,13,0,39,0,0,0,0,0,0,26,13,0,39,2,0,2,41
01/12/2011,MBS,MI,AGL,CE,Combined TRACON& Tower with Radar,0,36,11,0,47,0,0,2,0,2,0,36,13,0,49,0,0,0,49
01/13/2011,MBS,MI,AGL,CE,Combined TRACON& Tower with Radar,2,27,10,0,39,0,0,0,2,2,2,27,10,2,41,0,0,0,41
01/14/2011,MBS,MI,AGL,CE,Combined TRACON& Tower with Radar,0,30,16,0,46,0,1,4,0,5,0,31,20,0,51,0,0,0,51
01/15/2011,MBS,MI,AGL,CE,Combined TRACON& Tower with Radar,0,20,2,0,22,0,0,2,0,2,0,20,4,0,24,0,0,0,24
01/16/2011,MBS,MI,AGL,CE,Combined TRACON& Tower with Radar,0,19,10,0,29,0,0,10,2,12,0,19,20,2,41,4,0,4,45
01/17/2011,MBS,MI,AGL,CE,Combined TRACON& Tower with Radar,0,19,17,1,37,0,0,14,0,14,0,19,31,1,51,12,0,12,63
01/18/2011,MBS,MI,AGL,CE,Combined TRACON& Tower with Radar,0,26,14,0,40,0,0,0,0,0,0,26,14,0,40,0,0,0,40
01/19/2011,MBS,MI,AGL,CE,Combined TRACON& Tower with Radar,0,34,11,0,45,0,0,6,0,6,0,34,17,0,51,0,0,0,51
01/20/2011,MBS,MI,AGL,CE,Combined TRACON& Tower with Radar,0,28,16,0,44,0,0,6,0,6,0,28,22,0,50,0,0,0,50
01/21/2011,MBS,MI,AGL,CE,Combined TRACON& Tower with Radar,0,29,28,0,57,0,0,13,0,13,0,29,41,0,70,13,0,13,83
01/22/2011,MBS,MI,AGL,CE,Combined TRACON& Tower with Radar,0,20,1,0,21,0,0,0,0,0,0,20,1,0,21,0,0,0,21
01/23/2011,MBS,MI,AGL,CE,Combined TRACON& Tower with Radar,0,18,11,0,29,0,0,7,0,7,0,18,18,0,36,24,0,24,60
01/24/2011,MBS,MI,AGL,CE,Combined TRACON& Tower with Radar,0,26,18,0,44,0,0,0,0,0,0,26,18,0,44,2,0,2,46
01/25/2011,MBS,MI,AGL,CE,Combined TRACON& Tower with Radar,0,26,19,0,45,0,0,2,0,2,0,26,21,0,47,0,0,0,47
01/26/2011,MBS,MI,AGL,CE,Combined TRACON& Tower with Radar,0,28,11,0,39,0,0,2,0,2,0,28,13,0,41,0,0,0,41
01/27/2011,MBS,MI,AGL,CE,Combined TRACON& Tower with Radar,0,27,12,0,39,0,0,0,0,0,0,27,12,0,39,0,0,0,39
01/28/2011,MBS,MI,AGL,CE,Combined TRACON& Tower with Radar,0,28,19,0,47,0,0,14,0,14,0,28,33,0,61,10,0,10,71
01/29/2011,MBS,MI,AGL,CE,Combined TRACON& Tower with Radar,0,17,2,0,19,0,0,0,0,0,0,17,2,0,19,0,0,0,19
01/30/2011,MBS,MI,AGL,CE,Combined TRACON& Tower with Radar,0,19,20,0,39,0,0,23,0,23,0,19,43,0,62,28,0,28,90
01/31/2011,MBS,MI,AGL,CE,Combined TRACON& Tower with Radar,0,27,18,0,45,0,2,8,0,10,0,29,26,0,55,0,0,0,55
02/01/2011,MBS,MI,AGL,CE,Combined TRACON& Tower with Radar,0,24,13,0,37,0,0,0,0,0,0,24,13,0,37,4,0,4,41
02/02/2011,MBS,MI,AGL,CE,Combined TRACON& Tower with Radar,0,4,3,0,7,0,0,0,0,0,0,4,3,0,7,0,0,0,7
02/03/2011,MBS,MI,AGL,CE,Combined TRACON& Tower with Radar,0,27,15,4,46,0,0,13,0,13,0,27,28,4,59,14,0,14,73
02/04/2011,MBS,MI,AGL,CE,Combined TRACON& Tower with Radar,0,34,14,1,49,0,0,3,2,5,0,34,17,3,54,2,0,2,56
02/05/2011,MBS,MI,AGL,CE,Combined TRACON& Tower with Radar,0,26,14,0,40,0,0,12,0,12,0,26,26,0,52,64,0,64,116
02/06/2011,MBS,MI,AGL,CE,Combined TRACON& Tower with Radar,1,20,5,1,27,0,0,0,0,0,1,20,5,1,27,0,0,0,27
02/07/2011,MBS,MI,AGL,CE,Combined TRACON& Tower with Radar,1,30,15,0,46,0,0,3,0,3,1,30,18,0,49,2,0,2,51
02/08/2011,MBS,MI,AGL,CE,Combined TRACON& Tower with Radar,0,31,21,2,54,0,0,1,0,1,0,31,22,2,55,2,0,2,57
02/09/2011,MBS,MI,AGL,CE,Combined TRACON& Tower with Radar,0,33,30,0,63,0,0,7,0,7,0,33,37,0,70,0,0,0,70
02/10/2011,MBS,MI,AGL,CE,Combined TRACON& Tower with Radar,0,38,23,0,61,0,0,5,0,5,0,38,28,0,66,16,0,16,82
02/11/2011,MBS,MI,AGL,CE,Combined TRACON& Tower with Radar,2,26,13,0,41,0,0,4,0,4,2,26,17,0,45,0,0,0,45
02/12/2011,MBS,MI,AGL,CE,Combined TRACON& Tower with Radar,0,20,15,0,35,0,0,10,0,10,0,20,25,0,45,38,0,38,83
02/13/2011,MBS,MI,AGL,CE,Combined TRACON& Tower with Radar,2,20,15,0,37,0,0,8,0,8,2,20,23,0,45,32,0,32,77
02/14/2011,MBS,MI,AGL,CE,Combined TRACON& Tower with Radar,0,29,14,0,43,0,1,1,0,2,0,30,15,0,45,2,0,2,47
02/15/2011,MBS,MI,AGL,CE,Combined TRACON& Tower with Radar,0,28,12,0,40,0,0,8,0,8,0,28,20,0,48,42,0,42,90
02/16/2011,MBS,MI,AGL,CE,Combined TRACON& Tower with Radar,2,28,22,0,52,0,0,6,0,6,2,28,28,0,58,2,0,2,60
02/17/2011,MBS,MI,AGL,CE,Combined TRACON& Tower with Radar,0,31,26,0,57,0,0,2,0,2,0,31,28,0,59,6,0,6,65
02/18/2011,MBS,MI,AGL,CE,Combined TRACON& Tower with Radar,0,30,14,0,44,0,0,0,0,0,0,30,14,0,44,0,0,0,44
02/19/2011,MBS,MI,AGL,CE,Combined TRACON& Tower with Radar,0,19,6,0,25,0,0,12,0,12,0,19,18,0,37,34,0,34,71
02/20/2011,MBS,MI,AGL,CE,Combined TRACON& Tower with Radar,0,10,9,0,19,0,0,5,0,5,0,10,14,0,24,54,0,54,78
02/21/2011,MBS,MI,AGL,CE,Combined TRACON& Tower with Radar,0,10,14,0,24,0,0,0,0,0,0,10,14,0,24,0,0,0,24
02/22/2011,MBS,MI,AGL,CE,Combined TRACON& Tower with Radar,0,32,22,1,55,0,0,5,0,5,0,32,27,1,60,64,0,64,124
02/23/2011,MBS,MI,AGL,CE,Combined TRACON& Tower with Radar,0,32,28,0,60,0,0,5,0,5,0,32,33,0,65,26,0,26,91
02/24/2011,MBS,MI,AGL,CE,Combined TRACON& Tower with Radar,0,41,15,0,56,0,0,0,0,0,0,41,15,0,56,14,0,14,70
02/25/2011,MBS,MI,AGL,CE,Combined TRACON& Tower with Radar,0,29,13,0,42,0,0,2,0,2,0,29,15,0,44,6,0,6,50
02/26/2011,MBS,MI,AGL,CE,Combined TRACON& Tower with Radar,0,20,7,0,27,0,0,0,0,0,0,20,7,0,27,68,0,68,95
02/27/2011,MBS,MI,AGL,CE,Combined TRACON& Tower with Radar,0,18,5,0,23,0,0,0,0,0,0,18,5,0,23,0,0,0,23
02/28/2011,MBS,MI,AGL,CE,Combined TRACON& Tower with Radar,0,26,22,0,48,0,0,3,0,3,0,26,25,0,51,40,0,40,91
03/01/2011,MBS,MI,AGL,CE,Combined TRACON& Tower with Radar,0,33,17,0,50,0,0,15,0,15,0,33,32,0,65,34,0,34,99
03/02/2011,MBS,MI,AGL,CE,Combined TRACON& Tower with Radar,0,29,24,0,53,0,0,4,0,4,0,29,28,0,57,4,0,4,61
03/03/2011,MBS,MI,AGL,CE,Combined TRACON& Tower with Radar,0,33,19,1,53,0,0,3,1,4,0,33,22,2,57,10,0,10,67
03/04/2011,MBS,MI,AGL,CE,Combined TRACON& Tower with Radar,0,29,11,0,40,0,0,1,0,1,0,29,12,0,41,0,0,0,41
03/05/2011,MBS,MI,AGL,CE,Combined TRACON& Tower with Radar,0,25,9,0,34,0,0,1,0,1,0,25,10,0,35,0,0,0,35
03/06/2011,MBS,MI,AGL,CE,Combined TRACON& Tower with Radar,1,18,16,0,35,0,0,17,0,17,1,18,33,0,52,34,0,34,86
03/07/2011,MBS,MI,AGL,CE,Combined TRACON& Tower with Radar,1,26,16,0,43,0,0,9,0,9,1,26,25,0,52,54,0,54,106
03/08/2011,MBS,MI,AGL,CE,Combined TRACON& Tower with Radar,0,27,12,0,39,0,3,7,0,10,0,30,19,0,49,42,0,42,91
03/09/2011,MBS,MI,AGL,CE,Combined TRACON& Tower with Radar,2,33,10,0,45,0,0,0,0,0,2,33,10,0,45,2,0,2,47
03/10/2011,MBS,MI,AGL,CE,Combined TRACON& Tower with Radar,2,25,19,0,46,0,0,0,0,0,2,25,19,0,46,0,0,0,46
03/11/2011,MBS,MI,AGL,CE,Combined TRACON& Tower with Radar,0,29,15,0,44,0,0,2,0,2,0,29,17,0,46,12,0,12,58
03/12/2011,MBS,MI,AGL,CE,Combined TRACON& Tower with Radar,0,19,3,0,22,0,0,0,0,0,0,19,3,0,22,0,0,0,22
03/13/2011,MBS,MI,AGL,CE,Combined TRACON& Tower with Radar,1,18,15,0,34,0,0,3,0,3,1,18,18,0,37,18,0,18,55
03/14/2011,MBS,MI,AGL,CE,Combined TRACON& Tower with Radar,3,29,23,0,55,0,0,15,0,15,3,29,38,0,70,28,0,28,98
03/15/2011,MBS,MI,AGL,CE,Combined TRACON& Tower with Radar,0,31,16,0,47,0,2,1,0,3,0,33,17,0,50,0,0,0,50
03/16/2011,MBS,MI,AGL,CE,Combined TRACON& Tower with Radar,0,30,20,0,50,0,0,11,0,11,0,30,31,0,61,28,0,28,89
03/17/2011,MBS,MI,AGL,CE,Combined TRACON& Tower with Radar,0,30,14,2,46,0,1,6,2,9,0,31,20,4,55,6,0,6,61
03/18/2011,MBS,MI,AGL,CE,Combined TRACON& Tower with Radar,0,31,14,0,45,0,0,3,0,3,0,31,17,0,48,12,0,12,60
03/19/2011,MBS,MI,AGL,CE,Combined TRACON& Tower with Radar,0,25,27,0,52,0,0,29,0,29,0,25,56,0,81,72,0,72,153
03/20/2011,MBS,MI,AGL,CE,Combined TRACON& Tower with Radar,0,19,16,0,35,0,0,3,0,3,0,19,19,0,38,12,0,12,50
03/21/2011,MBS,MI,AGL,CE,Combined TRACON& Tower with Radar,0,26,20,0,46,0,0,6,0,6,0,26,26,0,52,60,0,60,112
03/22/2011,MBS,MI,AGL,CE,Combined TRACON& Tower with Radar,0,28,22,0,50,0,0,2,0,2,0,28,24,0,52,2,0,2,54
03/23/2011,MBS,MI,AGL,CE,Combined TRACON& Tower with Radar,0,24,20,0,44,0,0,0,0,0,0,24,20,0,44,2,0,2,46
03/24/2011,MBS,MI,AGL,CE,Combined TRACON& Tower with Radar,0,32,22,0,54,0,3,9,1,13,0,35,31,1,67,20,0,20,87
03/25/2011,MBS,MI,AGL,CE,Combined TRACON& Tower with Radar,0,29,18,0,47,0,0,28,0,28,0,29,46,0,75,0,0,0,75
03/26/2011,MBS,MI,AGL,CE,Combined TRACON& Tower with Radar,0,21,7,0,28,0,0,37,0,37,0,21,44,0,65,22,0,22,87
03/27/2011,MBS,MI,AGL,CE,Combined TRACON& Tower with Radar,1,18,17,0,36,0,0,15,0,15,1,18,32,0,51,30,0,30,81
03/28/2011,MBS,MI,AGL,CE,Combined TRACON& Tower with Radar,1,28,8,0,37,0,1,15,0,16,1,29,23,0,53,18,0,18,71
03/29/2011,MBS,MI,AGL,CE,Combined TRACON& Tower with Radar,0,38,21,0,59,0,1,14,0,15,0,39,35,0,74,70,0,70,144
03/30/2011,MBS,MI,AGL,CE,Combined TRACON& Tower with Radar,0,27,13,0,40,0,1,5,0,6,0,28,18,0,46,2,0,2,48
03/31/2011,MBS,MI,AGL,CE,Combined TRACON& Tower with Radar,0,27,24,10,61,0,0,9,0,9,0,27,33,10,70,36,28,64,134
04/01/2011,MBS,MI,AGL,CE,Combined TRACON& Tower with Radar,0,30,13,0,43,0,0,7,0,7,0,30,20,0,50,12,0,12,62
04/02/2011,MBS,MI,AGL,CE,Combined TRACON& Tower with Radar,0,23,13,0,36,0,0,16,0,16,0,23,29,0,52,0,0,0,52
04/03/2011,MBS,MI,AGL,CE,Combined TRACON& Tower with Radar,1,20,4,0,25,0,0,2,0,2,1,20,6,0,27,8,0,8,35
04/04/2011,MBS,MI,AGL,CE,Combined TRACON& Tower with Radar,1,35,8,0,44,0,1,1,0,2,1,36,9,0,46,0,0,0,46
04/05/2011,MBS,MI,AGL,CE,Combined TRACON& Tower with Radar,2,29,23,0,54,0,0,6,0,6,2,29,29,0,60,20,0,20,80
04/06/2011,MBS,MI,AGL,CE,Combined TRACON& Tower with Radar,0,30,20,0,50,0,0,0,0,0,0,30,20,0,50,0,0,0,50
04/07/2011,MBS,MI,AGL,CE,Combined TRACON& Tower with Radar,0,25,27,0,52,0,0,8,0,8,0,25,35,0,60,10,0,10,70
04/08/2011,MBS,MI,AGL,CE,Combined TRACON& Tower with Radar,2,24,10,1,37,0,0,1,5,6,2,24,11,6,43,0,4,4,47
04/09/2011,MBS,MI,AGL,CE,Combined TRACON& Tower with Radar,0,23,19,0,42,0,0,12,0,12,0,23,31,0,54,8,0,8,62
04/10/2011,MBS,MI,AGL,CE,Combined TRACON& Tower with Radar,3,17,6,0,26,0,0,4,0,4,3,17,10,0,30,10,0,10,40
04/11/2011,MBS,MI,AGL,CE,Combined TRACON& Tower with Radar,3,25,13,0,41,0,0,2,0,2,3,25,15,0,43,0,0,0,43
04/12/2011,MBS,MI,AGL,CE,Combined TRACON& Tower with Radar,0,27,32,0,59,0,0,23,0,23,0,27,55,0,82,64,0,64,146
04/13/2011,MBS,MI,AGL,CE,Combined TRACON& Tower with Radar,0,30,24,0,54,0,0,28,0,28,0,30,52,0,82,28,0,28,110
04/14/2011,MBS,MI,AGL,CE,Combined TRACON& Tower with Radar,0,41,21,3,65,0,1,4,0,5,0,42,25,3,70,4,4,8,78
04/15/2011,MBS,MI,AGL,CE,Combined TRACON& Tower with Radar,0,33,19,0,52,0,1,4,0,5,0,34,23,0,57,4,0,4,61
04/16/2011,MBS,MI,AGL,CE,Combined TRACON& Tower with Radar,0,23,8,0,31,0,0,0,0,0,0,23,8,0,31,0,0,0,31
04/17/2011,MBS,MI,AGL,CE,Combined TRACON& Tower with Radar,1,20,4,0,25,0,0,2,0,2,1,20,6,0,27,0,0,0,27
04/18/2011,MBS,MI,AGL,CE,Combined TRACON& Tower with Radar,5,22,18,0,45,0,0,13,0,13,5,22,31,0,58,34,0,34,92
04/19/2011,MBS,MI,AGL,CE,Combined TRACON& Tower with Radar,0,29,17,0,46,0,0,12,0,12,0,29,29,0,58,12,0,12,70
04/20/2011,MBS,MI,AGL,CE,Combined TRACON& Tower with Radar,0,28,26,0,54,0,0,0,0,0,0,28,26,0,54,2,0,2,56
04/21/2011,MBS,MI,AGL,CE,Combined TRACON& Tower with Radar,0,31,30,0,61,0,0,92,0,92,0,31,122,0,153,12,0,12,165
04/22/2011,MBS,MI,AGL,CE,Combined TRACON& Tower with Radar,2,26,16,0,44,0,0,8,0,8,2,26,24,0,52,38,0,38,90
04/23/2011,MBS,MI,AGL,CE,Combined TRACON& Tower with Radar,0,21,6,0,27,0,0,4,0,4,0,21,10,0,31,14,0,14,45
04/24/2011,MBS,MI,AGL,CE,Combined TRACON& Tower with Radar,1,18,3,0,22,0,0,9,0,9,1,18,12,0,31,10,0,10,41
04/25/2011,MBS,MI,AGL,CE,Combined TRACON& Tower with Radar,1,33,21,0,55,0,0,6,0,6,1,33,27,0,61,50,0,50,111
04/26/2011,MBS,MI,AGL,CE,Combined TRACON& Tower with Radar,0,27,17,0,44,0,0,2,0,2,0,27,19,0,46,0,0,0,46
04/27/2011,MBS,MI,AGL,CE,Combined TRACON& Tower with Radar,0,27,10,2,39,0,0,7,0,7,0,27,17,2,46,4,2,6,52
04/28/2011,MBS,MI,AGL,CE,Combined TRACON& Tower with Radar,0,25,14,2,41,0,0,2,0,2,0,25,16,2,43,6,4,10,53
04/29/2011,MBS,MI,AGL,CE,Combined TRACON& Tower with Radar,0,33,25,0,58,0,0,11,0,11,0,33,36,0,69,4,0,4,73
04/30/2011,MBS,MI,AGL,CE,Combined TRACON& Tower with Radar,0,26,6,0,32,0,0,18,0,18,0,26,24,0,50,12,0,12,62
05/01/2011,MBS,MI,AGL,CE,Combined TRACON& Tower with Radar,1,22,15,0,38,0,0,2,0,2,1,22,17,0,40,10,0,10,50
05/02/2011,MBS,MI,AGL,CE,Combined TRACON& Tower with Radar,1,32,17,0,50,0,0,11,0,11,1,32,28,0,61,54,0,54,115
05/03/2011,MBS,MI,AGL,CE,Combined TRACON& Tower with Radar,0,31,36,0,67,0,0,12,0,12,0,31,48,0,79,60,0,60,139
05/04/2011,MBS,MI,AGL,CE,Combined TRACON& Tower with Radar,0,29,40,4,73,0,0,27,0,27,0,29,67,4,100,58,4,62,162
05/05/2011,MBS,MI,AGL,CE,Combined TRACON& Tower with Radar,0,35,21,2,58,0,0,8,0,8,0,35,29,2,66,8,0,8,74
05/06/2011,MBS,MI,AGL,CE,Combined TRACON& Tower with Radar,0,36,34,2,72,0,0,9,0,9,0,36,43,2,81,6,2,8,89
05/07/2011,MBS,MI,AGL,CE,Combined TRACON& Tower with Radar,0,22,13,0,35,0,1,21,1,23,0,23,34,1,58,40,0,40,98
05/08/2011,MBS,MI,AGL,CE,Combined TRACON& Tower with Radar,1,21,9,0,31,0,0,16,0,16,1,21,25,0,47,22,0,22,69
05/09/2011,MBS,MI,AGL,CE,Combined TRACON& Tower with Radar,1,31,16,0,48,0,0,19,2,21,1,31,35,2,69,30,0,30,99
05/10/2011,MBS,MI,AGL,CE,Combined TRACON& Tower with Radar,0,31,22,6,59,0,2,2,0,4,0,33,24,6,63,90,12,102,165
05/11/2011,MBS,MI,AGL,CE,Combined TRACON& Tower with Radar,0,34,31,2,67,0,0,11,2,13,0,34,42,4,80,6,6,12,92
05/12/2011,MBS,MI,AGL,CE,Combined TRACON& Tower with Radar,0,41,31,8,80,0,0,3,0,3,0,41,34,8,83,10,10,20,103
05/13/2011,MBS,MI,AGL,CE,Combined TRACON& Tower with Radar,0,32,31,4,67,0,2,1,0,3,0,34,32,4,70,4,6,10,80
05/14/2011,MBS,MI,AGL,CE,Combined TRACON& Tower with Radar,0,22,5,1,28,0,0,0,3,3,0,22,5,4,31,0,0,0,31
05/15/2011,MBS,MI,AGL,CE,Combined TRACON& Tower with Radar,1,19,10,0,30,0,0,0,0,0,1,19,10,0,30,0,0,0,30
05/16/2011,MBS,MI,AGL,CE,Combined TRACON& Tower with Radar,1,28,16,0,45,0,0,5,0,5,1,28,21,0,50,6,0,6,56
05/17/2011,MBS,MI,AGL,CE,Combined TRACON& Tower with Radar,0,31,29,0,60,0,0,13,0,13,0,31,42,0,73,2,0,2,75
05/18/2011,MBS,MI,AGL,CE,Combined TRACON& Tower with Radar,0,28,35,0,63,0,0,0,0,0,0,28,35,0,63,6,0,6,69
05/19/2011,MBS,MI,AGL,CE,Combined TRACON& Tower with Radar,0,30,20,0,50,0,0,1,0,1,0,30,21,0,51,20,0,20,71
05/20/2011,MBS,MI,AGL,CE,Combined TRACON& Tower with Radar,0,34,27,0,61,0,0,8,0,8,0,34,35,0,69,32,0,32,101
05/21/2011,MBS,MI,AGL,CE,Combined TRACON& Tower with Radar,0,20,5,0,25,0,0,5,0,5,0,20,10,0,30,4,0,4,34
05/22/2011,MBS,MI,AGL,CE,Combined TRACON& Tower with Radar,2,20,17,0,39,0,1,12,0,13,2,21,29,0,52,16,0,16,68
05/23/2011,MBS,MI,AGL,CE,Combined TRACON& Tower with Radar,1,33,17,0,51,0,0,2,0,2,1,33,19,0,53,0,0,0,53
05/24/2011,MBS,MI,AGL,CE,Combined TRACON& Tower with Radar,0,27,21,2,50,0,4,20,0,24,0,31,41,2,74,6,18,24,98
05/25/2011,MBS,MI,AGL,CE,Combined TRACON& Tower with Radar,0,28,18,1,47,0,0,1,0,1,0,28,19,1,48,0,0,0,48
05/26/2011,MBS,MI,AGL,CE,Combined TRACON& Tower with Radar,2,32,23,1,58,0,0,0,0,0,2,32,23,1,58,6,0,6,64
05/27/2011,MBS,MI,AGL,CE,Combined TRACON& Tower with Radar,0,30,18,0,48,0,0,6,0,6,0,30,24,0,54,14,0,14,68
05/28/2011,MBS,MI,AGL,CE,Combined TRACON& Tower with Radar,0,20,15,0,35,0,1,0,0,1,0,21,15,0,36,6,0,6,42
05/29/2011,MBS,MI,AGL,CE,Combined TRACON& Tower with Radar,1,13,3,0,17,0,1,3,0,4,1,14,6,0,21,0,0,0,21
05/30/2011,MBS,MI,AGL,CE,Combined TRACON& Tower with Radar,1,26,12,0,39,0,0,15,0,15,1,26,27,0,54,12,0,12,66
05/31/2011,MBS,MI,AGL,CE,Combined TRACON& Tower with Radar,2,35,20,0,57,0,0,11,0,11,2,35,31,0,68,10,0,10,78
06/01/2011,MBS,MI,AGL,CE,Combined TRACON& Tower with Radar,0,35,23,0,58,0,2,6,0,8,0,37,29,0,66,2,0,2,68
06/02/2011,MBS,MI,AGL,CE,Combined TRACON& Tower with Radar,3,33,18,6,60,1,4,26,0,31,4,37,44,6,91,42,10,52,143
06/03/2011,MBS,MI,AGL,CE,Combined TRACON& Tower with Radar,0,32,18,6,56,0,2,13,2,17,0,34,31,8,73,4,10,14,87
06/04/2011,MBS,MI,AGL,CE,Combined TRACON& Tower with Radar,0,22,3,0,25,0,0,11,0,11,0,22,14,0,36,0,0,0,36
06/05/2011,MBS,MI,AGL,CE,Combined TRACON& Tower with Radar,6,21,13,0,40,5,0,16,0,21,11,21,29,0,61,92,0,92,153
06/06/2011,MBS,MI,AGL,CE,Combined TRACON& Tower with Radar,6,30,11,0,47,3,0,15,0,18,9,30,26,0,65,74,0,74,139
06/07/2011,MBS,MI,AGL,CE,Combined TRACON& Tower with Radar,2,32,19,0,53,0,0,21,0,21,2,32,40,0,74,30,0,30,104
06/08/2011,MBS,MI,AGL,CE,Combined TRACON& Tower with Radar,0,32,23,0,55,0,1,1,0,2,0,33,24,0,57,4,0,4,61
06/09/2011,MBS,MI,AGL,CE,Combined TRACON& Tower with Radar,0,29,32,1,62,0,0,3,0,3,0,29,35,1,65,2,0,2,67
06/10/2011,MBS,MI,AGL,CE,Combined TRACON& Tower with Radar,2,33,16,0,51,0,0,8,0,8,2,33,24,0,59,0,0,0,59
06/11/2011,MBS,MI,AGL,CE,Combined TRACON& Tower with Radar,0,21,7,0,28,0,0,2,0,2,0,21,9,0,30,0,0,0,30
06/12/2011,MBS,MI,AGL,CE,Combined TRACON& Tower with Radar,1,21,10,0,32,0,0,13,0,13,1,21,23,0,45,8,0,8,53
06/13/2011,MBS,MI,AGL,CE,Combined TRACON& Tower with Radar,1,27,21,0,49,0,0,15,0,15,1,27,36,0,64,58,0,58,122
06/14/2011,MBS,MI,AGL,CE,Combined TRACON& Tower with Radar,0,31,16,0,47,0,0,7,0,7,0,31,23,0,54,8,0,8,62
06/15/2011,MBS,MI,AGL,CE,Combined TRACON& Tower with Radar,0,30,22,0,52,0,0,0,0,0,0,30,22,0,52,0,0,0,52
06/16/2011,MBS,MI,AGL,CE,Combined TRACON& Tower with Radar,0,27,15,0,42,0,0,3,0,3,0,27,18,0,45,0,0,0,45
06/17/2011,MBS,MI,AGL,CE,Combined TRACON& Tower with Radar,0,31,20,0,51,0,0,7,0,7,0,31,27,0,58,18,0,18,76
06/18/2011,MBS,MI,AGL,CE,Combined TRACON& Tower with Radar,0,21,3,0,24,0,0,14,0,14,0,21,17,0,38,12,0,12,50
06/19/2011,MBS,MI,AGL,CE,Combined TRACON& Tower with Radar,1,22,7,0,30,0,0,3,0,3,1,22,10,0,33,8,0,8,41
06/20/2011,MBS,MI,AGL,CE,Combined TRACON& Tower with Radar,1,30,14,0,45,0,4,11,0,15,1,34,25,0,60,0,0,0,60
06/21/2011,MBS,MI,AGL,CE,Combined TRACON& Tower with Radar,0,27,12,0,39,0,0,2,0,2,0,27,14,0,41,4,0,4,45
06/22/2011,MBS,MI,AGL,CE,Combined TRACON& Tower with Radar,0,24,18,0,42,0,0,1,0,1,0,24,19,0,43,0,0,0,43
06/23/2011,MBS,MI,AGL,CE,Combined TRACON& Tower with Radar,0,32,13,0,45,0,0,0,2,2,0,32,13,2,47,0,0,0,47
06/24/2011,MBS,MI,AGL,CE,Combined TRACON& Tower with Radar,0,29,30,0,59,0,0,0,0,0,0,29,30,0,59,10,0,10,69
06/25/2011,MBS,MI,AGL,CE,Combined TRACON& Tower with Radar,0,27,14,0,41,0,3,17,0,20,0,30,31,0,61,16,0,16,77
06/26/2011,MBS,MI,AGL,CE,Combined TRACON& Tower with Radar,1,20,21,0,42,0,2,23,0,25,1,22,44,0,67,72,0,72,139
06/27/2011,MBS,MI,AGL,CE,Combined TRACON& Tower with Radar,1,29,12,0,42,0,0,7,4,11,1,29,19,4,53,18,0,18,71
06/28/2011,MBS,MI,AGL,CE,Combined TRACON& Tower with Radar,0,26,22,1,49,0,0,7,1,8,0,26,29,2,57,6,0,6,63
06/29/2011,MBS,MI,AGL,CE,Combined TRACON& Tower with Radar,0,33,27,0,60,0,0,14,0,14,0,33,41,0,74,12,0,12,86
06/30/2011,MBS,MI,AGL,CE,Combined TRACON& Tower with Radar,0,33,17,0,50,0,0,16,0,16,0,33,33,0,66,56,0,56,122
07/01/2011,MBS,MI,AGL,CE,Combined TRACON& Tower with Radar,0,28,24,0,52,0,0,11,0,11,0,28,35,0,63,60,0,60,123
07/02/2011,MBS,MI,AGL,CE,Combined TRACON& Tower with Radar,3,21,7,0,31,0,0,5,0,5,3,21,12,0,36,0,0,0,36
07/03/2011,MBS,MI,AGL,CE,Combined TRACON& Tower with Radar,0,13,7,0,20,0,0,17,0,17,0,13,24,0,37,20,0,20,57
07/04/2011,MBS,MI,AGL,CE,Combined TRACON& Tower with Radar,0,17,10,0,27,0,0,19,0,19,0,17,29,0,46,42,0,42,88
07/05/2011,MBS,MI,AGL,CE,Combined TRACON& Tower with Radar,0,26,18,0,44,0,0,19,0,19,0,26,37,0,63,40,0,40,103
07/06/2011,MBS,MI,AGL,CE,Combined TRACON& Tower with Radar,0,33,20,0,53,0,0,7,0,7,0,33,27,0,60,16,0,16,76
07/07/2011,MBS,MI,AGL,CE,Combined TRACON& Tower with Radar,0,30,17,0,47,0,0,19,0,19,0,30,36,0,66,40,0,40,106
07/08/2011,MBS,MI,AGL,CE,Combined TRACON& Tower with Radar,0,32,17,12,61,0,0,7,0,7,0,32,24,12,68,18,12,30,98
07/09/2011,MBS,MI,AGL,CE,Combined TRACON& Tower with Radar,0,26,3,0,29,0,1,10,0,11,0,27,13,0,40,40,0,40,80
07/10/2011,MBS,MI,AGL,CE,Combined TRACON& Tower with Radar,0,20,13,0,33,0,0,15,1,16,0,20,28,1,49,16,0,16,65
07/11/2011,MBS,MI,AGL,CE,Combined TRACON& Tower with Radar,1,26,21,0,48,0,0,13,0,13,1,26,34,0,61,18,0,18,79
07/12/2011,MBS,MI,AGL,CE,Combined TRACON& Tower with Radar,0,34,20,0,54,0,0,11,0,11,0,34,31,0,65,38,0,38,103
07/13/2011,MBS,MI,AGL,CE,Combined TRACON& Tower with Radar,0,39,31,0,70,0,0,16,0,16,0,39,47,0,86,20,0,20,106
07/14/2011,MBS,MI,AGL,CE,Combined TRACON& Tower with Radar,0,33,23,0,56,0,0,17,0,17,0,33,40,0,73,38,0,38,111
07/15/2011,MBS,MI,AGL,CE,Combined TRACON& Tower with Radar,0,32,18,0,50,0,0,4,0,4,0,32,22,0,54,18,0,18,72
07/16/2011,MBS,MI,AGL,CE,Combined TRACON& Tower with Radar,0,21,9,0,30,0,0,11,0,11,0,21,20,0,41,36,0,36,77
07/17/2011,MBS,MI,AGL,CE,Combined TRACON& Tower with Radar,1,17,18,0,36,0,2,20,0,22,1,19,38,0,58,36,0,36,94
07/18/2011,MBS,MI,AGL,CE,Combined TRACON& Tower with Radar,3,28,17,0,48,0,0,13,0,13,3,28,30,0,61,28,0,28,89
07/19/2011,MBS,MI,AGL,CE,Combined TRACON& Tower with Radar,0,29,27,0,56,0,0,13,0,13,0,29,40,0,69,60,0,60,129
07/20/2011,MBS,MI,AGL,CE,Combined TRACON& Tower with Radar,0,27,21,0,48,0,1,6,0,7,0,28,27,0,55,24,0,24,79
07/21/2011,MBS,MI,AGL,CE,Combined TRACON& Tower with Radar,0,39,13,10,62,0,0,9,0,9,0,39,22,10,71,56,0,56,127
07/22/2011,MBS,MI,AGL,CE,Combined TRACON& Tower with Radar,5,33,27,0,65,0,1,7,0,8,5,34,34,0,73,64,0,64,137
07/23/2011,MBS,MI,AGL,CE,Combined TRACON& Tower with Radar,0,26,19,0,45,0,0,8,0,8,0,26,27,0,53,0,0,0,53
07/24/2011,MBS,MI,AGL,CE,Combined TRACON& Tower with Radar,0,18,23,0,41,0,0,7,0,7,0,18,30,0,48,0,0,0,48
07/25/2011,MBS,MI,AGL,CE,Combined TRACON& Tower with Radar,1,35,25,0,61,0,0,16,0,16,1,35,41,0,77,14,0,14,91
07/26/2011,MBS,MI,AGL,CE,Combined TRACON& Tower with Radar,0,34,31,1,66,0,4,29,1,34,0,38,60,2,100,16,2,18,118
07/27/2011,MBS,MI,AGL,CE,Combined TRACON& Tower with Radar,0,32,25,2,59,0,1,12,0,13,0,33,37,2,72,2,0,2,74
07/28/2011,MBS,MI,AGL,CE,Combined TRACON& Tower with Radar,0,34,29,0,63,0,0,0,0,0,0,34,29,0,63,8,0,8,71
07/29/2011,MBS,MI,AGL,CE,Combined TRACON& Tower with Radar,1,37,25,2,65,0,0,18,1,19,1,37,43,3,84,0,8,8,92
07/30/2011,MBS,MI,AGL,CE,Combined TRACON& Tower with Radar,0,22,4,0,26,0,0,25,0,25,0,22,29,0,51,16,0,16,67
07/31/2011,MBS,MI,AGL,CE,Combined TRACON& Tower with Radar,1,23,14,0,38,0,0,5,0,5,1,23,19,0,43,12,0,12,55
08/01/2011,MBS,MI,AGL,CE,Combined TRACON& Tower with Radar,1,30,18,0,49,0,0,21,0,21,1,30,39,0,70,18,0,18,88
08/02/2011,MBS,MI,AGL,CE,Combined TRACON& Tower with Radar,0,28,17,0,45,0,1,3,0,4,0,29,20,0,49,0,0,0,49
08/03/2011,MBS,MI,AGL,CE,Combined TRACON& Tower with Radar,0,34,24,2,60,0,0,4,0,4,0,34,28,2,64,16,0,16,80
08/04/2011,MBS,MI,AGL,CE,Combined TRACON& Tower with Radar,0,35,19,0,54,0,0,15,0,15,0,35,34,0,69,44,0,44,113
08/05/2011,MBS,MI,AGL,CE,Combined TRACON& Tower with Radar,0,39,17,0,56,0,0,110,0,110,0,39,127,0,166,0,0,0,166
08/06/2011,MBS,MI,AGL,CE,Combined TRACON& Tower with Radar,0,26,8,0,34,0,0,1,0,1,0,26,9,0,35,12,0,12,47
08/07/2011,MBS,MI,AGL,CE,Combined TRACON& Tower with Radar,0,19,10,0,29,0,4,2,1,7,0,23,12,1,36,0,0,0,36
08/08/2011,MBS,MI,AGL,CE,Combined TRACON& Tower with Radar,1,27,17,2,47,0,0,4,0,4,1,27,21,2,51,8,6,14,65
08/09/2011,MBS,MI,AGL,CE,Combined TRACON& Tower with Radar,0,34,16,0,50,0,0,3,0,3,0,34,19,0,53,0,0,0,53
08/10/2011,MBS,MI,AGL,CE,Combined TRACON& Tower with Radar,0,41,40,0,81,0,0,23,0,23,0,41,63,0,104,22,0,22,126
08/11/2011,MBS,MI,AGL,CE,Combined TRACON& Tower with Radar,0,40,28,4,72,0,3,21,0,24,0,43,49,4,96,58,4,62,158
08/12/2011,MBS,MI,AGL,CE,Combined TRACON& Tower with Radar,0,45,32,0,77,0,0,130,0,130,0,45,162,0,207,0,0,0,207
08/13/2011,MBS,MI,AGL,CE,Combined TRACON& Tower with Radar,0,21,6,0,27,0,0,3,0,3,0,21,9,0,30,4,0,4,34
08/14/2011,MBS,MI,AGL,CE,Combined TRACON& Tower with Radar,0,19,15,0,34,0,0,6,0,6,0,19,21,0,40,0,0,0,40
08/15/2011,MBS,MI,AGL,CE,Combined TRACON& Tower with Radar,1,32,20,2,55,0,2,10,2,14,1,34,30,4,69,62,4,66,135
08/16/2011,MBS,MI,AGL,CE,Combined TRACON& Tower with Radar,0,32,31,0,63,0,0,14,1,15,0,32,45,1,78,30,0,30,108
08/17/2011,MBS,MI,AGL,CE,Combined TRACON& Tower with Radar,0,41,27,0,68,0,1,12,0,13,0,42,39,0,81,8,0,8,89
08/18/2011,MBS,MI,AGL,CE,Combined TRACON& Tower with Radar,0,34,26,0,60,0,3,10,0,13,0,37,36,0,73,44,0,44,117
08/19/2011,MBS,MI,AGL,CE,Combined TRACON& Tower with Radar,0,40,12,0,52,0,5,20,0,25,0,45,32,0,77,14,0,14,91
08/20/2011,MBS,MI,AGL,CE,Combined TRACON& Tower with Radar,0,25,5,0,30,0,0,9,0,9,0,25,14,0,39,4,0,4,43
08/21/2011,MBS,MI,AGL,CE,Combined TRACON& Tower with Radar,1,20,8,0,29,0,0,7,0,7,1,20,15,0,36,4,0,4,40
08/22/2011,MBS,MI,AGL,CE,Combined TRACON& Tower with Radar,1,39,15,0,55,0,0,14,0,14,1,39,29,0,69,2,0,2,71
08/23/2011,MBS,MI,AGL,CE,Combined TRACON& Tower with Radar,0,35,20,1,56,0,2,11,1,14,0,37,31,2,70,20,2,22,92
08/24/2011,MBS,MI,AGL,CE,Combined TRACON& Tower with Radar,0,30,17,0,47,0,1,2,0,3,0,31,19,0,50,0,0,0,50
08/25/2011,MBS,MI,AGL,CE,Combined TRACON& Tower with Radar,0,29,18,0,47,0,2,8,0,10,0,31,26,0,57,18,0,18,75
08/26/2011,MBS,MI,AGL,CE,Combined TRACON& Tower with Radar,0,34,15,0,49,0,1,11,0,12,0,35,26,0,61,132,0,132,193
08/27/2011,MBS,MI,AGL,CE,Combined TRACON& Tower with Radar,0,24,7,0,31,0,0,13,0,13,0,24,20,0,44,22,0,22,66
08/28/2011,MBS,MI,AGL,CE,Combined TRACON& Tower with Radar,1,20,16,0,37,0,0,18,0,18,1,20,34,0,55,32,0,32,87
08/29/2011,MBS,MI,AGL,CE,Combined TRACON& Tower with Radar,1,37,21,0,59,0,2,5,0,7,1,39,26,0,66,78,0,78,144
08/30/2011,MBS,MI,AGL,CE,Combined TRACON& Tower with Radar,0,36,13,2,51,0,2,15,0,17,0,38,28,2,68,69,0,69,137
08/31/2011,MBS,MI,AGL,CE,Combined TRACON& Tower with Radar,2,48,16,0,66,0,2,6,0,8,2,50,22,0,74,26,0,26,100
09/01/2011,MBS,MI,AGL,CE,Combined TRACON& Tower with Radar,0,38,27,0,65,0,1,38,0,39,0,39,65,0,104,0,0,0,104
09/02/2011,MBS,MI,AGL,CE,Combined TRACON& Tower with Radar,0,46,25,0,71,0,2,23,0,25,0,48,48,0,96,76,0,76,172
09/03/2011,MBS,MI,AGL,CE,Combined TRACON& Tower with Radar,0,22,3,0,25,0,1,2,0,3,0,23,5,0,28,2,0,2,30
09/04/2011,MBS,MI,AGL,CE,Combined TRACON& Tower with Radar,0,14,2,0,16,0,0,6,0,6,0,14,8,0,22,6,0,6,28
09/05/2011,MBS,MI,AGL,CE,Combined TRACON& Tower with Radar,0,24,16,0,40,0,1,7,0,8,0,25,23,0,48,26,0,26,74
09/06/2011,MBS,MI,AGL,CE,Combined TRACON& Tower with Radar,0,31,16,0,47,0,1,4,2,7,0,32,20,2,54,18,2,20,74
09/07/2011,MBS,MI,AGL,CE,Combined TRACON& Tower with Radar,0,34,23,0,57,0,0,2,0,2,0,34,25,0,59,10,0,10,69
09/08/2011,MBS,MI,AGL,CE,Combined TRACON& Tower with Radar,0,34,18,12,64,0,1,5,0,6,0,35,23,12,70,14,18,32,102
09/09/2011,MBS,MI,AGL,CE,Combined TRACON& Tower with Radar,2,33,13,2,50,0,0,6,0,6,2,33,19,2,56,14,4,18,74
09/10/2011,MBS,MI,AGL,CE,Combined TRACON& Tower with Radar,7,21,15,0,43,4,3,11,0,18,11,24,26,0,61,44,0,44,105
09/11/2011,MBS,MI,AGL,CE,Combined TRACON& Tower with Radar,1,20,28,0,49,0,0,7,0,7,1,20,35,0,56,24,0,24,80
09/12/2011,MBS,MI,AGL,CE,Combined TRACON& Tower with Radar,1,33,16,0,50,0,0,11,2,13,1,33,27,2,63,10,0,10,73
09/13/2011,MBS,MI,AGL,CE,Combined TRACON& Tower with Radar,0,29,18,0,47,0,2,12,6,20,0,31,30,6,67,40,0,40,107
09/14/2011,MBS,MI,AGL,CE,Combined TRACON& Tower with Radar,0,29,20,0,49,0,0,4,1,5,0,29,24,1,54,26,8,34,88
09/15/2011,MBS,MI,AGL,CE,Combined TRACON& Tower with Radar,1,28,25,0,54,1,0,11,0,12,2,28,36,0,66,16,0,16,82
09/16/2011,MBS,MI,AGL,CE,Combined TRACON& Tower with Radar,0,34,24,0,58,0,0,22,0,22,0,34,46,0,80,80,0,80,160
09/17/2011,MBS,MI,AGL,CE,Combined TRACON& Tower with Radar,0,21,15,0,36,0,0,16,0,16,0,21,31,0,52,34,0,34,86
09/18/2011,MBS,MI,AGL,CE,Combined TRACON& Tower with Radar,1,20,5,0,26,0,0,9,0,9,1,20,14,0,35,4,0,4,39
09/19/2011,MBS,MI,AGL,CE,Combined TRACON& Tower with Radar,1,32,21,0,54,0,0,0,0,0,1,32,21,0,54,4,0,4,58
09/20/2011,MBS,MI,AGL,CE,Combined TRACON& Tower with Radar,0,37,17,0,54,0,2,15,0,17,0,39,32,0,71,90,2,92,163
09/21/2011,MBS,MI,AGL,CE,Combined TRACON& Tower with Radar,0,33,28,1,62,0,0,5,0,5,0,33,33,1,67,12,0,12,79
09/22/2011,MBS,MI,AGL,CE,Combined TRACON& Tower with Radar,0,35,9,0,44,0,1,7,0,8,0,36,16,0,52,34,0,34,86
09/23/2011,MBS,MI,AGL,CE,Combined TRACON& Tower with Radar,0,34,28,0,62,0,0,3,0,3,0,34,31,0,65,36,0,36,101
09/24/2011,MBS,MI,AGL,CE,Combined TRACON& Tower with Radar,2,22,9,0,33,0,0,10,0,10,2,22,19,0,43,36,0,36,79
09/25/2011,MBS,MI,AGL,CE,Combined TRACON& Tower with Radar,1,19,7,0,27,0,0,6,0,6,1,19,13,0,33,2,0,2,35
09/26/2011,MBS,MI,AGL,CE,Combined TRACON& Tower with Radar,1,30,14,0,45,0,0,5,0,5,1,30,19,0,50,48,0,48,98
09/27/2011,MBS,MI,AGL,CE,Combined TRACON& Tower with Radar,0,30,22,0,52,0,0,7,0,7,0,30,29,0,59,6,0,6,65
09/28/2011,MBS,MI,AGL,CE,Combined TRACON& Tower with Radar,2,31,23,0,56,0,0,10,0,10,2,31,33,0,66,44,0,44,110
09/29/2011,MBS,MI,AGL,CE,Combined TRACON& Tower with Radar,0,32,12,0,44,0,0,5,0,5,0,32,17,0,49,2,0,2,51
09/30/2011,MBS,MI,AGL,CE,Combined TRACON& Tower with Radar,0,33,23,0,56,0,0,2,0,2,0,33,25,0,58,0,0,0,58
10/01/2011,MBS,MI,AGL,CE,Combined TRACON& Tower with Radar,0,24,8,0,32,0,1,6,0,7,0,25,14,0,39,40,0,40,79
10/02/2011,MBS,MI,AGL,CE,Combined TRACON& Tower with Radar,1,31,22,0,54,0,2,21,0,23,1,33,43,0,77,76,0,76,153
10/03/2011,MBS,MI,AGL,CE,Combined TRACON& Tower with Radar,1,33,19,0,53,0,3,13,0,16,1,36,32,0,69,4,0,4,73
10/04/2011,MBS,MI,AGL,CE,Combined TRACON& Tower with Radar,0,40,19,0,59,0,0,13,0,13,0,40,32,0,72,40,0,40,112
10/05/2011,MBS,MI,AGL,CE,Combined TRACON& Tower with Radar,0,37,28,0,65,0,1,6,0,7,0,38,34,0,72,32,0,32,104
10/06/2011,MBS,MI,AGL,CE,Combined TRACON& Tower with Radar,0,42,9,0,51,0,2,8,0,10,0,44,17,0,61,10,0,10,71
10/07/2011,MBS,MI,AGL,CE,Combined TRACON& Tower with Radar,2,48,15,0,65,0,1,16,0,17,2,49,31,0,82,28,0,28,110
10/08/2011,MBS,MI,AGL,CE,Combined TRACON& Tower with Radar,2,27,11,0,40,0,1,17,0,18,2,28,28,0,58,12,0,12,70
10/09/2011,MBS,MI,AGL,CE,Combined TRACON& Tower with Radar,1,29,18,0,48,0,1,14,0,15,1,30,32,0,63,34,0,34,97
10/10/2011,MBS,MI,AGL,CE,Combined TRACON& Tower with Radar,3,28,17,0,48,0,0,10,0,10,3,28,27,0,58,20,0,20,78
10/11/2011,MBS,MI,AGL,CE,Combined TRACON& Tower with Radar,2,37,18,0,57,0,0,16,0,16,2,37,34,0,73,26,0,26,99
10/12/2011,MBS,MI,AGL,CE,Combined TRACON& Tower with Radar,0,43,26,0,69,0,0,9,0,9,0,43,35,0,78,54,0,54,132
10/13/2011,MBS,MI,AGL,CE,Combined TRACON& Tower with Radar,2,46,22,0,70,0,0,0,0,0,2,46,22,0,70,16,0,16,86
10/14/2011,MBS,MI,AGL,CE,Combined TRACON& Tower with Radar,0,41,20,0,61,0,1,3,0,4,0,42,23,0,65,8,0,8,73
10/15/2011,MBS,MI,AGL,CE,Combined TRACON& Tower with Radar,0,29,6,0,35,0,1,3,0,4,0,30,9,0,39,0,0,0,39
10/16/2011,MBS,MI,AGL,CE,Combined TRACON& Tower with Radar,1,22,10,0,33,0,0,2,0,2,1,22,12,0,35,18,0,18,53
10/17/2011,MBS,MI,AGL,CE,Combined TRACON& Tower with Radar,1,46,10,0,57,0,3,3,0,6,1,49,13,0,63,4,0,4,67
10/18/2011,MBS,MI,AGL,CE,Combined TRACON& Tower with Radar,0,43,22,4,69,0,0,5,0,5,0,43,27,4,74,24,10,34,108
10/19/2011,MBS,MI,AGL,CE,Combined TRACON& Tower with Radar,0,42,19,0,61,0,0,1,0,1,0,42,20,0,62,0,0,0,62
10/20/2011,MBS,MI,AGL,CE,Combined TRACON& Tower with Radar,0,38,19,0,57,0,0,0,0,0,0,38,19,0,57,0,0,0,57
10/21/2011,MBS,MI,AGL,CE,Combined TRACON& Tower with Radar,0,32,22,0,54,0,0,6,0,6,0,32,28,0,60,42,4,46,106
10/22/2011,MBS,MI,AGL,CE,Combined TRACON& Tower with Radar,0,23,17,0,40,0,0,28,0,28,0,23,45,0,68,56,0,56,124
10/23/2011,MBS,MI,AGL,CE,Combined TRACON& Tower with Radar,1,20,14,0,35,0,1,23,0,24,1,21,37,0,59,0,0,0,59
10/24/2011,MBS,MI,AGL,CE,Combined TRACON& Tower with Radar,1,28,19,0,48,0,1,11,1,13,1,29,30,1,61,54,0,54,115
10/25/2011,MBS,MI,AGL,CE,Combined TRACON& Tower with Radar,0,33,28,0,61,0,0,7,0,7,0,33,35,0,68,30,0,30,98
10/26/2011,MBS,MI,AGL,CE,Combined TRACON& Tower with Radar,0,34,17,0,51,0,0,1,0,1,0,34,18,0,52,0,0,0,52
10/27/2011,MBS,MI,AGL,CE,Combined TRACON& Tower with Radar,0,31,25,0,56,0,0,10,0,10,0,31,35,0,66,10,0,10,76
10/28/2011,MBS,MI,AGL,CE,Combined TRACON& Tower with Radar,0,36,19,0,55,0,0,2,0,2,0,36,21,0,57,12,0,12,69
10/29/2011,MBS,MI,AGL,CE,Combined TRACON& Tower with Radar,0,21,12,0,33,0,0,4,0,4,0,21,16,0,37,14,0,14,51
10/30/2011,MBS,MI,AGL,CE,Combined TRACON& Tower with Radar,1,22,14,0,37,0,0,6,0,6,1,22,20,0,43,22,0,22,65
10/31/2011,MBS,MI,AGL,CE,Combined TRACON& Tower with Radar,1,31,11,0,43,0,0,6,0,6,1,31,17,0,49,10,0,10,59
11/01/2011,MBS,MI,AGL,CE,Combined TRACON& Tower with Radar,0,29,24,0,53,0,0,13,0,13,0,29,37,0,66,40,0,40,106
11/02/2011,MBS,MI,AGL,CE,Combined TRACON& Tower with Radar,0,33,31,0,64,0,0,9,0,9,0,33,40,0,73,34,0,34,107
11/03/2011,MBS,MI,AGL,CE,Combined TRACON& Tower with Radar,2,34,13,0,49,0,0,8,0,8,2,34,21,0,57,20,0,20,77
11/04/2011,MBS,MI,AGL,CE,Combined TRACON& Tower with Radar,0,31,25,0,56,0,2,23,0,25,0,33,48,0,81,128,0,128,209
11/05/2011,MBS,MI,AGL,CE,Combined TRACON& Tower with Radar,0,23,9,0,32,0,0,14,0,14,0,23,23,0,46,74,0,74,120
11/06/2011,MBS,MI,AGL,CE,Combined TRACON& Tower with Radar,3,18,14,0,35,0,0,2,0,2,3,18,16,0,37,8,0,8,45
11/07/2011,MBS,MI,AGL,CE,Combined TRACON& Tower with Radar,1,29,26,0,56,0,0,8,0,8,1,29,34,0,64,36,0,36,100
11/08/2011,MBS,MI,AGL,CE,Combined TRACON& Tower with Radar,2,28,15,0,45,0,0,0,0,0,2,28,15,0,45,0,0,0,45
11/09/2011,MBS,MI,AGL,CE,Combined TRACON& Tower with Radar,1,34,21,0,56,0,0,0,0,0,1,34,21,0,56,2,0,2,58
11/10/2011,MBS,MI,AGL,CE,Combined TRACON& Tower with Radar,2,28,22,3,55,0,0,2,0,2,2,28,24,3,57,0,2,2,59
11/11/2011,MBS,MI,AGL,CE,Combined TRACON& Tower with Radar,0,28,16,0,44,0,0,7,0,7,0,28,23,0,51,0,0,0,51
11/12/2011,MBS,MI,AGL,CE,Combined TRACON& Tower with Radar,0,25,21,0,46,0,0,14,0,14,0,25,35,0,60,24,0,24,84
11/13/2011,MBS,MI,AGL,CE,Combined TRACON& Tower with Radar,3,20,8,0,31,0,0,0,0,0,3,20,8,0,31,46,0,46,77
11/14/2011,MBS,MI,AGL,CE,Combined TRACON& Tower with Radar,1,25,17,1,44,0,0,5,1,6,1,25,22,2,50,66,0,66,116
11/15/2011,MBS,MI,AGL,CE,Combined TRACON& Tower with Radar,2,25,20,0,47,0,2,19,0,21,2,27,39,0,68,14,0,14,82
11/16/2011,MBS,MI,AGL,CE,Combined TRACON& Tower with Radar,0,27,25,0,52,0,0,10,0,10,0,27,35,0,62,0,0,0,62
11/17/2011,MBS,MI,AGL,CE,Combined TRACON& Tower with Radar,2,31,15,0,48,0,0,3,0,3,2,31,18,0,51,2,0,2,53
11/18/2011,MBS,MI,AGL,CE,Combined TRACON& Tower with Radar,4,27,14,0,45,0,0,6,0,6,4,27,20,0,51,4,0,4,55
11/19/2011,MBS,MI,AGL,CE,Combined TRACON& Tower with Radar,2,20,3,0,25,0,0,5,0,5,2,20,8,0,30,10,0,10,40
11/20/2011,MBS,MI,AGL,CE,Combined TRACON& Tower with Radar,3,18,15,0,36,0,1,12,0,13,3,19,27,0,49,22,0,22,71
11/21/2011,MBS,MI,AGL,CE,Combined TRACON& Tower with Radar,1,22,14,0,37,0,2,12,0,14,1,24,26,0,51,16,0,16,67
11/22/2011,MBS,MI,AGL,CE,Combined TRACON& Tower with Radar,0,29,29,0,58,0,0,8,0,8,0,29,37,0,66,4,0,4,70
11/23/2011,MBS,MI,AGL,CE,Combined TRACON& Tower with Radar,0,30,16,0,46,0,0,20,0,20,0,30,36,0,66,4,0,4,70
11/24/2011,MBS,MI,AGL,CE,Combined TRACON& Tower with Radar,2,12,1,0,15,0,0,0,0,0,2,12,1,0,15,0,0,0,15
11/25/2011,MBS,MI,AGL,CE,Combined TRACON& Tower with Radar,0,18,4,0,22,0,0,13,0,13,0,18,17,0,35,8,0,8,43
11/26/2011,MBS,MI,AGL,CE,Combined TRACON& Tower with Radar,0,23,3,0,26,0,0,4,0,4,0,23,7,0,30,0,0,0,30
11/27/2011,MBS,MI,AGL,CE,Combined TRACON& Tower with Radar,2,23,7,0,32,0,0,0,0,0,2,23,7,0,32,0,0,0,32
11/28/2011,MBS,MI,AGL,CE,Combined TRACON& Tower with Radar,0,30,27,0,57,0,0,1,0,1,0,30,28,0,58,4,0,4,62
11/29/2011,MBS,MI,AGL,CE,Combined TRACON& Tower with Radar,0,26,12,0,38,0,0,0,0,0,0,26,12,0,38,0,0,0,38
11/30/2011,MBS,MI,AGL,CE,Combined TRACON& Tower with Radar,0,23,15,1,39,0,1,5,1,7,0,24,20,2,46,10,4,14,60
12/01/2011,MBS,MI,AGL,CE,Combined TRACON& Tower with Radar,2,28,13,0,43,0,0,8,0,8,2,28,21,0,51,8,0,8,59
12/02/2011,MBS,MI,AGL,CE,Combined TRACON& Tower with Radar,0,31,18,0,49,0,0,8,0,8,0,31,26,0,57,56,0,56,113
12/03/2011,MBS,MI,AGL,CE,Combined TRACON& Tower with Radar,0,19,24,0,43,0,0,43,0,43,0,19,67,0,86,2,0,2,88
12/04/2011,MBS,MI,AGL,CE,Combined TRACON& Tower with Radar,2,17,1,0,20,0,0,0,0,0,2,17,1,0,20,0,0,0,20
12/05/2011,MBS,MI,AGL,CE,Combined TRACON& Tower with Radar,0,29,25,0,54,0,0,2,0,2,0,29,27,0,56,0,0,0,56
12/06/2011,MBS,MI,AGL,CE,Combined TRACON& Tower with Radar,0,27,20,0,47,0,3,6,0,9,0,30,26,0,56,24,0,24,80
12/07/2011,MBS,MI,AGL,CE,Combined TRACON& Tower with Radar,0,26,23,0,49,0,0,16,0,16,0,26,39,0,65,50,0,50,115
12/08/2011,MBS,MI,AGL,CE,Combined TRACON& Tower with Radar,2,30,16,6,54,0,2,5,4,11,2,32,21,10,65,8,10,18,83
12/09/2011,MBS,MI,AGL,CE,Combined TRACON& Tower with Radar,2,30,13,2,47,0,0,0,0,0,2,30,13,2,47,10,0,10,57
12/10/2011,MBS,MI,AGL,CE,Combined TRACON& Tower with Radar,0,19,3,0,22,0,0,11,0,11,0,19,14,0,33,10,0,10,43
12/11/2011,MBS,MI,AGL,CE,Combined TRACON& Tower with Radar,3,16,13,0,32,0,1,15,0,16,3,17,28,0,48,10,0,10,58
12/12/2011,MBS,MI,AGL,CE,Combined TRACON& Tower with Radar,1,25,16,0,42,0,0,3,0,3,1,25,19,0,45,6,0,6,51
12/13/2011,MBS,MI,AGL,CE,Combined TRACON& Tower with Radar,0,27,16,0,43,0,0,4,0,4,0,27,20,0,47,16,0,16,63
12/14/2011,MBS,MI,AGL,CE,Combined TRACON& Tower with Radar,0,35,27,0,62,0,0,0,0,0,0,35,27,0,62,14,0,14,76
12/15/2011,MBS,MI,AGL,CE,Combined TRACON& Tower with Radar,2,33,21,0,56,0,0,2,0,2,2,33,23,0,58,2,0,2,60
12/16/2011,MBS,MI,AGL,CE,Combined TRACON& Tower with Radar,0,28,7,0,35,0,0,5,0,5,0,28,12,0,40,0,0,0,40
12/17/2011,MBS,MI,AGL,CE,Combined TRACON& Tower with Radar,0,22,9,0,31,0,0,4,0,4,0,22,13,0,35,16,0,16,51
12/18/2011,MBS,MI,AGL,CE,Combined TRACON& Tower with Radar,3,16,8,0,27,0,0,16,0,16,3,16,24,0,43,58,0,58,101
12/19/2011,MBS,MI,AGL,CE,Combined TRACON& Tower with Radar,1,23,10,0,34,0,1,9,0,10,1,24,19,0,44,12,0,12,56
12/20/2011,MBS,MI,AGL,CE,Combined TRACON& Tower with Radar,0,26,15,0,41,0,0,6,0,6,0,26,21,0,47,40,0,40,87
12/21/2011,MBS,MI,AGL,CE,Combined TRACON& Tower with Radar,2,22,7,0,31,0,0,0,0,0,2,22,7,0,31,2,0,2,33
12/22/2011,MBS,MI,AGL,CE,Combined TRACON& Tower with Radar,0,26,20,0,46,0,0,5,0,5,0,26,25,0,51,28,0,28,79
12/23/2011,MBS,MI,AGL,CE,Combined TRACON& Tower with Radar,0,34,11,0,45,0,0,13,0,13,0,34,24,0,58,22,0,22,80
12/24/2011,MBS,MI,AGL,CE,Combined TRACON& Tower with Radar,0,19,2,0,21,0,0,2,0,2,0,19,4,0,23,0,0,0,23
12/25/2011,MBS,MI,AGL,CE,Combined TRACON& Tower with Radar,2,17,1,0,20,0,1,0,0,1,2,18,1,0,21,0,0,0,21
12/26/2011,MBS,MI,AGL,CE,Combined TRACON& Tower with Radar,0,20,7,0,27,0,0,8,0,8,0,20,15,0,35,12,0,12,47
12/27/2011,MBS,MI,AGL,CE,Combined TRACON& Tower with Radar,0,25,2,0,27,0,0,0,0,0,0,25,2,0,27,0,0,0,27
12/28/2011,MBS,MI,AGL,CE,Combined TRACON& Tower with Radar,2,28,10,2,42,0,0,17,1,18,2,28,27,3,60,18,4,22,82
12/29/2011,MBS,MI,AGL,CE,Combined TRACON& Tower with Radar,0,28,4,0,32,0,0,0,0,0,0,28,4,0,32,2,0,2,34
12/30/2011,MBS,MI,AGL,CE,Combined TRACON& Tower with Radar,0,30,5,0,35,0,0,0,0,0,0,30,5,0,35,0,0,0,35
12/31/2011,MBS,MI,AGL,CE,Combined TRACON& Tower with Radar,0,23,3,0,26,0,0,1,0,1,0,23,4,0,27,14,0,14,41
01/01/2012,MBS,MI,AGL,CE,Combined TRACON& Tower with Radar,2,16,0,0,18,0,0,0,0,0,2,16,0,0,18,0,0,0,18
01/02/2012,MBS,MI,AGL,CE,Combined TRACON& Tower with Radar,0,22,8,0,30,0,0,2,0,2,0,22,10,0,32,0,0,0,32
01/03/2012,MBS,MI,AGL,CE,Combined TRACON& Tower with Radar,0,27,17,0,44,0,0,6,0,6,0,27,23,0,50,6,0,6,56
01/04/2012,MBS,MI,AGL,CE,Combined TRACON& Tower with Radar,0,33,8,3,44,0,0,6,3,9,0,33,14,6,53,6,6,12,65
01/05/2012,MBS,MI,AGL,CE,Combined TRACON& Tower with Radar,2,28,11,1,42,0,0,13,1,14,2,28,24,2,56,6,2,8,64
01/06/2012,MBS,MI,AGL,CE,Combined TRACON& Tower with Radar,0,26,17,0,43,0,0,22,0,22,0,26,39,0,65,38,0,38,103
01/07/2012,MBS,MI,AGL,CE,Combined TRACON& Tower with Radar,0,19,15,0,34,0,0,23,0,23,0,19,38,0,57,40,0,40,97
01/08/2012,MBS,MI,AGL,CE,Combined TRACON& Tower with Radar,3,16,9,0,28,0,0,36,0,36,3,16,45,0,64,68,0,68,132
01/09/2012,MBS,MI,AGL,CE,Combined TRACON& Tower with Radar,1,30,14,2,47,0,0,4,0,4,1,30,18,2,51,12,0,12,63
01/10/2012,MBS,MI,AGL,CE,Combined TRACON& Tower with Radar,0,26,25,0,51,0,0,7,0,7,0,26,32,0,58,16,0,16,74
01/11/2012,MBS,MI,AGL,CE,Combined TRACON& Tower with Radar,0,25,28,2,55,0,0,14,1,15,0,25,42,3,70,18,2,20,90
01/12/2012,MBS,MI,AGL,CE,Combined TRACON& Tower with Radar,2,24,16,0,42,0,0,0,0,0,2,24,16,0,42,0,0,0,42
01/13/2012,MBS,MI,AGL,CE,Combined TRACON& Tower with Radar,0,24,13,0,37,0,0,1,0,1,0,24,14,0,38,6,0,6,44
01/14/2012,MBS,MI,AGL,CE,Combined TRACON& Tower with Radar,0,19,0,0,19,0,0,4,0,4,0,19,4,0,23,54,0,54,77
01/15/2012,MBS,MI,AGL,CE,Combined TRACON& Tower with Radar,3,15,13,0,31,0,0,8,0,8,3,15,21,0,39,18,0,18,57
01/16/2012,MBS,MI,AGL,CE,Combined TRACON& Tower with Radar,1,20,15,0,36,0,1,2,0,3,1,21,17,0,39,14,0,14,53
01/17/2012,MBS,MI,AGL,CE,Combined TRACON& Tower with Radar,0,25,18,0,43,0,0,0,0,0,0,25,18,0,43,0,0,0,43
01/18/2012,MBS,MI,AGL,CE,Combined TRACON& Tower with Radar,0,26,16,0,42,0,0,8,0,8,0,26,24,0,50,32,0,32,82
01/19/2012,MBS,MI,AGL,CE,Combined TRACON& Tower with Radar,2,26,7,1,36,0,0,0,1,1,2,26,7,2,37,0,2,2,39
01/20/2012,MBS,MI,AGL,CE,Combined TRACON& Tower with Radar,0,22,16,0,38,0,1,2,1,4,0,23,18,1,42,4,0,4,46
01/21/2012,MBS,MI,AGL,CE,Combined TRACON& Tower with Radar,0,19,9,0,28,0,0,11,0,11,0,19,20,0,39,14,0,14,53
01/22/2012,MBS,MI,AGL,CE,Combined TRACON& Tower with Radar,2,16,4,0,22,0,0,4,0,4,2,16,8,0,26,0,0,0,26
01/23/2012,MBS,MI,AGL,CE,Combined TRACON& Tower with Radar,1,23,13,0,37,0,0,0,0,0,1,23,13,0,37,0,0,0,37
01/24/2012,MBS,MI,AGL,CE,Combined TRACON& Tower with Radar,0,25,12,0,37,0,2,3,0,5,0,27,15,0,42,6,0,6,48
01/25/2012,MBS,MI,AGL,CE,Combined TRACON& Tower with Radar,0,23,13,0,36,0,0,10,0,10,0,23,23,0,46,76,0,76,122
01/26/2012,MBS,MI,AGL,CE,Combined TRACON& Tower with Radar,4,23,8,0,35,0,0,0,0,0,4,23,8,0,35,0,0,0,35
01/27/2012,MBS,MI,AGL,CE,Combined TRACON& Tower with Radar,2,27,15,0,44,0,0,5,1,6,2,27,20,1,50,14,0,14,64
01/28/2012,MBS,MI,AGL,CE,Combined TRACON& Tower with Radar,0,21,8,0,29,0,0,0,0,0,0,21,8,0,29,0,0,0,29
01/29/2012,MBS,MI,AGL,CE,Combined TRACON& Tower with Radar,2,21,12,0,35,0,0,4,0,4,2,21,16,0,39,10,0,10,49
01/30/2012,MBS,MI,AGL,CE,Combined TRACON& Tower with Radar,3,27,20,0,50,0,0,2,0,2,3,27,22,0,52,2,0,2,54
01/31/2012,MBS,MI,AGL,CE,Combined TRACON& Tower with Radar,0,25,16,0,41,0,2,2,0,4,0,27,18,0,45,0,0,0,45
02/01/2012,MBS,MI,AGL,CE,Combined TRACON& Tower with Radar,0,28,15,1,44,0,0,4,0,4,0,28,19,1,48,0,4,4,52
02/02/2012,MBS,MI,AGL,CE,Combined TRACON& Tower with Radar,2,29,5,0,36,0,1,7,0,8,2,30,12,0,44,0,0,0,44
02/03/2012,MBS,MI,AGL,CE,Combined TRACON& Tower with Radar,0,26,21,0,47,0,0,5,2,7,0,26,26,2,54,4,0,4,58
02/04/2012,MBS,MI,AGL,CE,Combined TRACON& Tower with Radar,0,19,23,0,42,0,0,37,1,38,0,19,60,1,80,88,0,88,168
02/05/2012,MBS,MI,AGL,CE,Combined TRACON& Tower with Radar,3,16,25,0,44,0,0,20,0,20,3,16,45,0,64,60,0,60,124
02/06/2012,MBS,MI,AGL,CE,Combined TRACON& Tower with Radar,1,24,15,0,40,0,0,5,0,5,1,24,20,0,45,24,0,24,69
02/07/2012,MBS,MI,AGL,CE,Combined TRACON& Tower with Radar,0,23,25,0,48,0,0,1,0,1,0,23,26,0,49,0,0,0,49
02/08/2012,MBS,MI,AGL,CE,Combined TRACON& Tower with Radar,0,33,34,0,67,0,0,9,1,10,0,33,43,1,77,60,0,60,137
02/09/2012,MBS,MI,AGL,CE,Combined TRACON& Tower with Radar,2,30,28,1,61,0,0,13,0,13,2,30,41,1,74,28,0,28,102
02/10/2012,MBS,MI,AGL,CE,Combined TRACON& Tower with Radar,0,24,14,0,38,0,0,0,0,0,0,24,14,0,38,2,0,2,40
02/11/2012,MBS,MI,AGL,CE,Combined TRACON& Tower with Radar,0,19,4,0,23,0,0,5,0,5,0,19,9,0,28,18,0,18,46
02/12/2012,MBS,MI,AGL,CE,Combined TRACON& Tower with Radar,3,19,9,0,31,0,0,3,0,3,3,19,12,0,34,10,0,10,44
02/13/2012,MBS,MI,AGL,CE,Combined TRACON& Tower with Radar,1,21,17,0,39,0,1,13,0,14,1,22,30,0,53,36,0,36,89
02/14/2012,MBS,MI,AGL,CE,Combined TRACON& Tower with Radar,0,27,14,0,41,0,0,0,0,0,0,27,14,0,41,2,0,2,43
02/15/2012,MBS,MI,AGL,CE,Combined TRACON& Tower with Radar,2,26,23,1,52,0,0,5,0,5,2,26,28,1,57,10,4,14,71
02/16/2012,MBS,MI,AGL,CE,Combined TRACON& Tower with Radar,0,25,19,1,45,0,0,0,1,1,0,25,19,2,46,6,0,6,52
02/17/2012,MBS,MI,AGL,CE,Combined TRACON& Tower with Radar,0,26,18,0,44,0,4,11,0,15,0,30,29,0,59,38,0,38,97
02/18/2012,MBS,MI,AGL,CE,Combined TRACON& Tower with Radar,2,20,13,0,35,0,0,7,2,9,2,20,20,2,44,16,0,16,60
02/19/2012,MBS,MI,AGL,CE,Combined TRACON& Tower with Radar,1,15,15,0,31,0,0,10,0,10,1,15,25,0,41,34,0,34,75
02/20/2012,MBS,MI,AGL,CE,Combined TRACON& Tower with Radar,1,17,17,0,35,0,0,42,0,42,1,17,59,0,77,96,0,96,173
02/21/2012,MBS,MI,AGL,CE,Combined TRACON& Tower with Radar,0,28,17,0,45,0,0,0,0,0,0,28,17,0,45,0,0,0,45
02/22/2012,MBS,MI,AGL,CE,Combined TRACON& Tower with Radar,2,35,30,1,68,0,0,6,1,7,2,35,36,2,75,32,0,32,107
02/23/2012,MBS,MI,AGL,CE,Combined TRACON& Tower with Radar,0,22,20,0,42,0,0,31,0,31,0,22,51,0,73,0,0,0,73
02/24/2012,MBS,MI,AGL,CE,Combined TRACON& Tower with Radar,0,27,12,0,39,0,0,0,0,0,0,27,12,0,39,0,0,0,39
02/25/2012,MBS,MI,AGL,CE,Combined TRACON& Tower with Radar,2,21,14,0,37,0,0,5,0,5,2,21,19,0,42,14,0,14,56
02/26/2012,MBS,MI,AGL,CE,Combined TRACON& Tower with Radar,1,17,15,0,33,0,0,11,2,13,1,17,26,2,46,24,0,24,70
02/27/2012,MBS,MI,AGL,CE,Combined TRACON& Tower with Radar,1,23,13,0,37,0,0,4,0,4,1,23,17,0,41,14,0,14,55
02/28/2012,MBS,MI,AGL,CE,Combined TRACON& Tower with Radar,0,27,25,0,52,0,0,14,0,14,0,27,39,0,66,40,0,40,106
02/29/2012,MBS,MI,AGL,CE,Combined TRACON& Tower with Radar,0,19,15,0,34,0,0,0,0,0,0,19,15,0,34,0,0,0,34
03/01/2012,MBS,MI,AGL,CE,Combined TRACON& Tower with Radar,2,26,18,0,46,0,0,1,0,1,2,26,19,0,47,0,0,0,47
03/02/2012,MBS,MI,AGL,CE,Combined TRACON& Tower with Radar,0,25,9,0,34,0,0,3,0,3,0,25,12,0,37,2,0,2,39
03/03/2012,MBS,MI,AGL,CE,Combined TRACON& Tower with Radar,0,23,4,0,27,0,0,0,0,0,0,23,4,0,27,0,0,0,27
03/04/2012,MBS,MI,AGL,CE,Combined TRACON& Tower with Radar,3,23,11,0,37,0,0,8,0,8,3,23,19,0,45,18,0,18,63
03/05/2012,MBS,MI,AGL,CE,Combined TRACON& Tower with Radar,1,26,13,0,40,0,0,10,0,10,1,26,23,0,50,46,0,46,96
03/06/2012,MBS,MI,AGL,CE,Combined TRACON& Tower with Radar,0,33,21,0,54,0,0,2,0,2,0,33,23,0,56,0,0,0,56
03/07/2012,MBS,MI,AGL,CE,Combined TRACON& Tower with Radar,0,24,17,2,43,0,0,3,4,7,0,24,20,6,50,0,0,0,50
03/08/2012,MBS,MI,AGL,CE,Combined TRACON& Tower with Radar,2,32,17,2,53,0,0,1,2,3,2,32,18,4,56,2,6,8,64
03/09/2012,MBS,MI,AGL,CE,Combined TRACON& Tower with Radar,0,32,12,0,44,0,0,2,0,2,0,32,14,0,46,2,0,2,48
03/10/2012,MBS,MI,AGL,CE,Combined TRACON& Tower with Radar,0,22,8,0,30,0,1,6,0,7,0,23,14,0,37,8,0,8,45
03/11/2012,MBS,MI,AGL,CE,Combined TRACON& Tower with Radar,3,20,19,0,42,0,0,15,0,15,3,20,34,0,57,44,0,44,101
03/12/2012,MBS,MI,AGL,CE,Combined TRACON& Tower with Radar,1,25,18,0,44,0,0,1,0,1,1,25,19,0,45,0,0,0,45
03/13/2012,MBS,MI,AGL,CE,Combined TRACON& Tower with Radar,0,29,27,4,60,0,0,8,0,8,0,29,35,4,68,20,4,24,92
03/14/2012,MBS,MI,AGL,CE,Combined TRACON& Tower with Radar,0,36,24,0,60,0,0,20,2,22,0,36,44,2,82,60,2,62,144
03/15/2012,MBS,MI,AGL,CE,Combined TRACON& Tower with Radar,2,30,12,2,46,0,0,3,2,5,2,30,15,4,51,0,0,0,51
03/16/2012,MBS,MI,AGL,CE,Combined TRACON& Tower with Radar,0,25,16,0,41,0,1,12,0,13,0,26,28,0,54,34,0,34,88
03/17/2012,MBS,MI,AGL,CE,Combined TRACON& Tower with Radar,0,23,2,0,25,0,0,24,0,24,0,23,26,0,49,62,0,62,111
03/18/2012,MBS,MI,AGL,CE,Combined TRACON& Tower with Radar,3,19,16,0,38,0,0,10,0,10,3,19,26,0,48,38,0,38,86
03/19/2012,MBS,MI,AGL,CE,Combined TRACON& Tower with Radar,1,27,12,0,40,0,0,5,0,5,1,27,17,0,45,8,0,8,53
03/20/2012,MBS,MI,AGL,CE,Combined TRACON& Tower with Radar,0,31,16,1,48,0,0,12,1,13,0,31,28,2,61,12,8,20,81
03/21/2012,MBS,MI,AGL,CE,Combined TRACON& Tower with Radar,0,28,16,12,56,0,0,20,4,24,0,28,36,16,80,46,22,68,148
03/22/2012,MBS,MI,AGL,CE,Combined TRACON& Tower with Radar,2,30,15,0,47,0,0,9,0,9,2,30,24,0,56,14,0,14,70
03/23/2012,MBS,MI,AGL,CE,Combined TRACON& Tower with Radar,0,29,18,0,47,0,0,0,0,0,0,29,18,0,47,2,0,2,49
03/24/2012,MBS,MI,AGL,CE,Combined TRACON& Tower with Radar,0,22,5,0,27,0,0,13,0,13,0,22,18,0,40,64,0,64,104
03/25/2012,MBS,MI,AGL,CE,Combined TRACON& Tower with Radar,3,21,4,0,28,0,0,43,0,43,3,21,47,0,71,38,0,38,109
03/26/2012,MBS,MI,AGL,CE,Combined TRACON& Tower with Radar,3,26,17,0,46,0,3,21,0,24,3,29,38,0,70,28,0,28,98
03/27/2012,MBS,MI,AGL,CE,Combined TRACON& Tower with Radar,2,29,12,0,43,0,1,6,0,7,2,30,18,0,50,10,0,10,60
03/28/2012,MBS,MI,AGL,CE,Combined TRACON& Tower with Radar,2,28,18,0,48,0,0,9,0,9,2,28,27,0,57,12,0,12,69
03/29/2012,MBS,MI,AGL,CE,Combined TRACON& Tower with Radar,4,30,9,3,46,0,0,28,1,29,4,30,37,4,75,14,6,20,95
03/30/2012,MBS,MI,AGL,CE,Combined TRACON& Tower with Radar,0,33,15,0,48,0,0,3,0,3,0,33,18,0,51,0,0,0,51
03/31/2012,MBS,MI,AGL,CE,Combined TRACON& Tower with Radar,0,21,5,0,26,0,0,23,0,23,0,21,28,0,49,8,0,8,57
04/01/2012,MBS,MI,AGL,CE,Combined TRACON& Tower with Radar,2,21,11,0,34,0,1,2,0,3,2,22,13,0,37,48,0,48,85
04/02/2012,MBS,MI,AGL,CE,Combined TRACON& Tower with Radar,1,25,17,0,43,0,0,12,0,12,1,25,29,0,55,48,0,48,103
04/03/2012,MBS,MI,AGL,CE,Combined TRACON& Tower with Radar,0,28,15,0,43,0,0,4,0,4,0,28,19,0,47,18,0,18,65
04/04/2012,MBS,MI,AGL,CE,Combined TRACON& Tower with Radar,0,26,22,0,48,0,0,22,0,22,0,26,44,0,70,0,0,0,70
04/05/2012,MBS,MI,AGL,CE,Combined TRACON& Tower with Radar,2,35,24,1,62,0,0,10,3,13,2,35,34,4,75,54,12,66,141
04/06/2012,MBS,MI,AGL,CE,Combined TRACON& Tower with Radar,0,31,15,0,46,0,0,25,0,25,0,31,40,0,71,104,0,104,175
04/07/2012,MBS,MI,AGL,CE,Combined TRACON& Tower with Radar,2,21,7,0,30,0,2,26,0,28,2,23,33,0,58,54,0,54,112
04/08/2012,MBS,MI,AGL,CE,Combined TRACON& Tower with Radar,3,18,4,0,25,0,0,6,0,6,3,18,10,0,31,4,0,4,35
04/09/2012,MBS,MI,AGL,CE,Combined TRACON& Tower with Radar,1,31,14,0,46,0,0,7,0,7,1,31,21,0,53,16,0,16,69
04/10/2012,MBS,MI,AGL,CE,Combined TRACON& Tower with Radar,2,31,12,0,45,0,1,4,0,5,2,32,16,0,50,34,0,34,84
04/11/2012,MBS,MI,AGL,CE,Combined TRACON& Tower with Radar,0,32,30,2,64,0,0,9,0,9,0,32,39,2,73,80,4,84,157
04/12/2012,MBS,MI,AGL,CE,Combined TRACON& Tower with Radar,2,31,18,0,51,0,0,16,0,16,2,31,34,0,67,52,0,52,119
04/13/2012,MBS,MI,AGL,CE,Combined TRACON& Tower with Radar,0,27,16,0,43,0,0,21,0,21,0,27,37,0,64,34,0,34,98
04/14/2012,MBS,MI,AGL,CE,Combined TRACON& Tower with Radar,0,21,10,0,31,0,0,9,0,9,0,21,19,0,40,18,0,18,58
04/15/2012,MBS,MI,AGL,CE,Combined TRACON& Tower with Radar,3,20,6,0,29,0,0,3,0,3,3,20,9,0,32,34,0,34,66
04/16/2012,MBS,MI,AGL,CE,Combined TRACON& Tower with Radar,1,28,17,0,46,0,0,0,0,0,1,28,17,0,46,2,0,2,48
04/17/2012,MBS,MI,AGL,CE,Combined TRACON& Tower with Radar,0,29,19,0,48,0,0,16,1,17,0,29,35,1,65,32,0,32,97
04/18/2012,MBS,MI,AGL,CE,Combined TRACON& Tower with Radar,0,27,27,0,54,0,0,9,0,9,0,27,36,0,63,30,0,30,93
04/19/2012,MBS,MI,AGL,CE,Combined TRACON& Tower with Radar,2,27,15,0,44,0,0,6,0,6,2,27,21,0,50,2,0,2,52
04/20/2012,MBS,MI,AGL,CE,Combined TRACON& Tower with Radar,0,28,17,2,47,0,0,0,4,4,0,28,17,6,51,0,0,0,51
04/21/2012,MBS,MI,AGL,CE,Combined TRACON& Tower with Radar,0,21,21,0,42,0,2,4,0,6,0,23,25,0,48,76,0,76,124
04/22/2012,MBS,MI,AGL,CE,Combined TRACON& Tower with Radar,2,19,12,0,33,0,2,5,0,7,2,21,17,0,40,12,0,12,52
04/23/2012,MBS,MI,AGL,CE,Combined TRACON& Tower with Radar,0,26,13,1,40,0,1,0,0,1,0,27,13,1,41,8,0,8,49
04/24/2012,MBS,MI,AGL,CE,Combined TRACON& Tower with Radar,0,26,12,0,38,0,2,1,0,3,0,28,13,0,41,6,0,6,47
04/25/2012,MBS,MI,AGL,CE,Combined TRACON& Tower with Radar,0,29,23,2,54,0,0,5,0,5,0,29,28,2,59,4,2,6,65
04/26/2012,MBS,MI,AGL,CE,Combined TRACON& Tower with Radar,2,31,18,2,53,0,1,1,2,4,2,32,19,4,57,6,0,6,63
04/27/2012,MBS,MI,AGL,CE,Combined TRACON& Tower with Radar,0,26,19,0,45,0,0,11,0,11,0,26,30,0,56,56,0,56,112
04/28/2012,MBS,MI,AGL,CE,Combined TRACON& Tower with Radar,0,21,15,0,36,0,0,10,0,10,0,21,25,0,46,32,0,32,78
04/29/2012,MBS,MI,AGL,CE,Combined TRACON& Tower with Radar,3,18,18,0,39,0,0,15,0,15,3,18,33,0,54,18,0,18,72
04/30/2012,MBS,MI,AGL,CE,Combined TRACON& Tower with Radar,0,31,16,0,47,0,0,0,0,0,0,31,16,0,47,0,0,0,47
05/01/2012,MBS,MI,AGL,CE,Combined TRACON& Tower with Radar,2,29,16,0,47,0,0,3,0,3,2,29,19,0,50,30,0,30,80
05/02/2012,MBS,MI,AGL,CE,Combined TRACON& Tower with Radar,2,36,15,0,53,0,0,3,0,3,2,36,18,0,56,2,0,2,58
05/03/2012,MBS,MI,AGL,CE,Combined TRACON& Tower with Radar,4,27,14,0,45,0,0,0,0,0,4,27,14,0,45,0,0,0,45
05/04/2012,MBS,MI,AGL,CE,Combined TRACON& Tower with Radar,2,33,26,0,61,0,0,0,0,0,2,33,26,0,61,10,0,10,71
05/05/2012,MBS,MI,AGL,CE,Combined TRACON& Tower with Radar,0,22,6,0,28,0,0,12,0,12,0,22,18,0,40,12,0,12,52
05/06/2012,MBS,MI,AGL,CE,Combined TRACON& Tower with Radar,3,14,15,0,32,0,3,1,0,4,3,17,16,0,36,6,0,6,42
05/07/2012,MBS,MI,AGL,CE,Combined TRACON& Tower with Radar,0,30,22,0,52,0,0,2,0,2,0,30,24,0,54,22,0,22,76
05/08/2012,MBS,MI,AGL,CE,Combined TRACON& Tower with Radar,0,26,20,1,47,0,1,10,0,11,0,27,30,1,58,14,4,18,76
05/09/2012,MBS,MI,AGL,CE,Combined TRACON& Tower with Radar,0,28,29,0,57,0,0,8,0,8,0,28,37,0,65,6,0,6,71
05/10/2012,MBS,MI,AGL,CE,Combined TRACON& Tower with Radar,2,35,27,0,64,0,0,11,2,13,2,35,38,2,77,4,0,4,81
05/11/2012,MBS,MI,AGL,CE,Combined TRACON& Tower with Radar,0,33,14,0,47,0,0,9,0,9,0,33,23,0,56,0,0,0,56
05/12/2012,MBS,MI,AGL,CE,Combined TRACON& Tower with Radar,0,28,6,1,35,0,1,5,0,6,0,29,11,1,41,10,0,10,51
05/13/2012,MBS,MI,AGL,CE,Combined TRACON& Tower with Radar,3,21,7,0,31,0,0,11,0,11,3,21,18,0,42,4,0,4,46
05/14/2012,MBS,MI,AGL,CE,Combined TRACON& Tower with Radar,0,31,19,0,50,0,0,4,0,4,0,31,23,0,54,10,0,10,64
05/15/2012,MBS,MI,AGL,CE,Combined TRACON& Tower with Radar,0,20,14,0,34,0,0,6,0,6,0,20,20,0,40,8,0,8,48
05/16/2012,MBS,MI,AGL,CE,Combined TRACON& Tower with Radar,2,32,25,0,59,0,0,12,0,12,2,32,37,0,71,50,0,50,121
05/17/2012,MBS,MI,AGL,CE,Combined TRACON& Tower with Radar,0,24,18,0,42,0,0,5,0,5,0,24,23,0,47,0,0,0,47
05/18/2012,MBS,MI,AGL,CE,Combined TRACON& Tower with Radar,0,30,16,0,46,0,0,14,0,14,0,30,30,0,60,8,0,8,68
05/19/2012,MBS,MI,AGL,CE,Combined TRACON& Tower with Radar,2,23,14,0,39,0,0,16,0,16,2,23,30,0,55,10,0,10,65
05/20/2012,MBS,MI,AGL,CE,Combined TRACON& Tower with Radar,1,19,5,0,25,0,0,10,0,10,1,19,15,0,35,8,0,8,43
05/21/2012,MBS,MI,AGL,CE,Combined TRACON& Tower with Radar,0,26,17,0,43,0,0,7,0,7,0,26,24,0,50,40,0,40,90
05/22/2012,MBS,MI,AGL,CE,Combined TRACON& Tower with Radar,0,29,21,0,50,0,0,19,0,19,0,29,40,0,69,8,0,8,77
05/23/2012,MBS,MI,AGL,CE,Combined TRACON& Tower with Radar,2,31,32,0,65,0,0,16,0,16,2,31,48,0,81,14,0,14,95
05/24/2012,MBS,MI,AGL,CE,Combined TRACON& Tower with Radar,0,30,25,0,55,0,1,11,0,12,0,31,36,0,67,18,0,18,85
05/25/2012,MBS,MI,AGL,CE,Combined TRACON& Tower with Radar,0,29,16,0,45,0,0,13,0,13,0,29,29,0,58,4,0,4,62
05/26/2012,MBS,MI,AGL,CE,Combined TRACON& Tower with Radar,2,21,3,0,26,0,0,6,0,6,2,21,9,0,32,10,0,10,42
05/27/2012,MBS,MI,AGL,CE,Combined TRACON& Tower with Radar,0,16,5,0,21,0,0,4,0,4,0,16,9,0,25,8,0,8,33
05/28/2012,MBS,MI,AGL,CE,Combined TRACON& Tower with Radar,0,21,14,0,35,0,0,5,0,5,0,21,19,0,40,2,0,2,42
05/29/2012,MBS,MI,AGL,CE,Combined TRACON& Tower with Radar,0,24,25,0,49,0,0,3,0,3,0,24,28,0,52,10,0,10,62
05/30/2012,MBS,MI,AGL,CE,Combined TRACON& Tower with Radar,2,27,25,0,54,0,0,10,0,10,2,27,35,0,64,8,0,8,72
05/31/2012,MBS,MI,AGL,CE,Combined TRACON& Tower with Radar,0,29,19,0,48,0,0,8,0,8,0,29,27,0,56,0,0,0,56
06/01/2012,MBS,MI,AGL,CE,Combined TRACON& Tower with Radar,0,29,19,0,48,0,0,0,0,0,0,29,19,0,48,0,0,0,48
06/02/2012,MBS,MI,AGL,CE,Combined TRACON& Tower with Radar,2,22,5,0,29,0,0,2,0,2,2,22,7,0,31,2,0,2,33
06/03/2012,MBS,MI,AGL,CE,Combined TRACON& Tower with Radar,1,19,9,0,29,0,0,6,0,6,1,19,15,0,35,10,0,10,45
06/04/2012,MBS,MI,AGL,CE,Combined TRACON& Tower with Radar,0,32,15,0,47,0,0,9,0,9,0,32,24,0,56,16,0,16,72
06/05/2012,MBS,MI,AGL,CE,Combined TRACON& Tower with Radar,0,28,24,0,52,0,2,13,0,15,0,30,37,0,67,20,0,20,87
06/06/2012,MBS,MI,AGL,CE,Combined TRACON& Tower with Radar,2,27,31,0,60,0,0,1,0,1,2,27,32,0,61,0,0,0,61
06/07/2012,MBS,MI,AGL,CE,Combined TRACON& Tower with Radar,0,28,24,2,54,0,0,19,0,19,0,28,43,2,73,58,0,58,131
06/08/2012,MBS,MI,AGL,CE,Combined TRACON& Tower with Radar,0,32,17,0,49,0,0,13,0,13,0,32,30,0,62,20,4,24,86
06/09/2012,MBS,MI,AGL,CE,Combined TRACON& Tower with Radar,2,22,1,0,25,0,0,10,0,10,2,22,11,0,35,0,0,0,35
06/10/2012,MBS,MI,AGL,CE,Combined TRACON& Tower with Radar,0,21,17,0,38,0,0,24,0,24,0,21,41,0,62,28,0,28,90
06/11/2012,MBS,MI,AGL,CE,Combined TRACON& Tower with Radar,1,25,18,0,44,0,1,4,0,5,1,26,22,0,49,4,0,4,53
06/12/2012,MBS,MI,AGL,CE,Combined TRACON& Tower with Radar,0,29,21,1,51,0,0,6,1,7,0,29,27,2,58,14,0,14,72
06/13/2012,MBS,MI,AGL,CE,Combined TRACON& Tower with Radar,2,30,24,0,56,0,0,27,0,27,2,30,51,0,83,64,0,64,147
06/14/2012,MBS,MI,AGL,CE,Combined TRACON& Tower with Radar,0,27,18,0,45,0,0,19,0,19,0,27,37,0,64,20,0,20,84
06/15/2012,MBS,MI,AGL,CE,Combined TRACON& Tower with Radar,0,25,32,0,57,0,1,30,0,31,0,26,62,0,88,74,0,74,162
06/16/2012,MBS,MI,AGL,CE,Combined TRACON& Tower with Radar,2,22,9,0,33,0,0,28,0,28,2,22,37,0,61,42,0,42,103
06/17/2012,MBS,MI,AGL,CE,Combined TRACON& Tower with Radar,1,18,8,0,27,0,0,8,0,8,1,18,16,0,35,8,0,8,43
06/18/2012,MBS,MI,AGL,CE,Combined TRACON& Tower with Radar,3,23,13,0,39,0,1,5,0,6,3,24,18,0,45,20,8,28,73
06/19/2012,MBS,MI,AGL,CE,Combined TRACON& Tower with Radar,0,31,19,1,51,0,2,10,2,14,0,33,29,3,65,24,4,28,93
06/20/2012,MBS,MI,AGL,CE,Combined TRACON& Tower with Radar,2,26,18,0,46,0,0,13,0,13,2,26,31,0,59,0,0,0,59
06/21/2012,MBS,MI,AGL,CE,Combined TRACON& Tower with Radar,2,26,18,0,46,0,0,26,0,26,2,26,44,0,72,0,0,0,72
06/22/2012,MBS,MI,AGL,CE,Combined TRACON& Tower with Radar,0,28,27,0,55,0,0,18,0,18,0,28,45,0,73,96,0,96,169
06/23/2012,MBS,MI,AGL,CE,Combined TRACON& Tower with Radar,2,23,8,0,33,0,0,10,0,10,2,23,18,0,43,28,0,28,71
06/24/2012,MBS,MI,AGL,CE,Combined TRACON& Tower with Radar,0,19,6,0,25,0,0,8,0,8,0,19,14,0,33,4,0,4,37
06/25/2012,MBS,MI,AGL,CE,Combined TRACON& Tower with Radar,1,24,17,0,42,0,0,15,0,15,1,24,32,0,57,14,0,14,71
06/26/2012,MBS,MI,AGL,CE,Combined TRACON& Tower with Radar,0,26,18,0,44,0,3,17,0,20,0,29,35,0,64,26,0,26,90
06/27/2012,MBS,MI,AGL,CE,Combined TRACON& Tower with Radar,2,27,24,1,54,0,1,9,0,10,2,28,33,1,64,4,0,4,68
06/28/2012,MBS,MI,AGL,CE,Combined TRACON& Tower with Radar,0,27,10,0,37,0,0,7,0,7,0,27,17,0,44,16,0,16,60
06/29/2012,MBS,MI,AGL,CE,Combined TRACON& Tower with Radar,0,28,21,0,49,0,0,4,0,4,0,28,25,0,53,2,0,2,55
06/30/2012,MBS,MI,AGL,CE,Combined TRACON& Tower with Radar,2,24,16,0,42,0,0,6,0,6,2,24,22,0,48,8,0,8,56
07/01/2012,MBS,MI,AGL,CE,Combined TRACON& Tower with Radar,1,20,4,0,25,0,3,9,0,12,1,23,13,0,37,18,0,18,55
07/02/2012,MBS,MI,AGL,CE,Combined TRACON& Tower with Radar,3,25,15,0,43,0,0,18,0,18,3,25,33,0,61,100,0,100,161
07/03/2012,MBS,MI,AGL,CE,Combined TRACON& Tower with Radar,0,26,19,0,45,0,0,9,0,9,0,26,28,0,54,6,0,6,60
07/04/2012,MBS,MI,AGL,CE,Combined TRACON& Tower with Radar,2,17,6,0,25,0,0,4,0,4,2,17,10,0,29,20,0,20,49
07/05/2012,MBS,MI,AGL,CE,Combined TRACON& Tower with Radar,0,25,16,0,41,0,2,12,0,14,0,27,28,0,55,0,0,0,55
07/06/2012,MBS,MI,AGL,CE,Combined TRACON& Tower with Radar,0,26,6,0,32,0,1,11,0,12,0,27,17,0,44,16,0,16,60
07/07/2012,MBS,MI,AGL,CE,Combined TRACON& Tower with Radar,2,23,7,2,34,0,0,10,2,12,2,23,17,4,46,28,16,44,90
07/08/2012,MBS,MI,AGL,CE,Combined TRACON& Tower with Radar,0,21,14,0,35,0,0,19,1,20,0,21,33,1,55,18,0,18,73
07/09/2012,MBS,MI,AGL,CE,Combined TRACON& Tower with Radar,1,26,7,0,34,0,0,23,0,23,1,26,30,0,57,38,0,38,95
07/10/2012,MBS,MI,AGL,CE,Combined TRACON& Tower with Radar,0,29,11,0,40,0,1,12,0,13,0,30,23,0,53,32,0,32,85
07/11/2012,MBS,MI,AGL,CE,Combined TRACON& Tower with Radar,2,34,25,0,61,0,1,9,0,10,2,35,34,0,71,6,0,6,77
07/12/2012,MBS,MI,AGL,CE,Combined TRACON& Tower with Radar,0,34,29,0,63,0,2,15,0,17,0,36,44,0,80,58,0,58,138
07/13/2012,MBS,MI,AGL,CE,Combined TRACON& Tower with Radar,0,24,12,0,36,0,0,19,0,19,0,24,31,0,55,21,0,21,76
07/14/2012,MBS,MI,AGL,CE,Combined TRACON& Tower with Radar,2,23,9,0,34,0,1,21,0,22,2,24,30,0,56,14,0,14,70
07/15/2012,MBS,MI,AGL,CE,Combined TRACON& Tower with Radar,0,18,9,0,27,0,0,11,2,13,0,18,20,2,40,0,2,2,42
07/16/2012,MBS,MI,AGL,CE,Combined TRACON& Tower with Radar,0,25,16,0,41,0,0,12,0,12,0,25,28,0,53,56,0,56,109
07/17/2012,MBS,MI,AGL,CE,Combined TRACON& Tower with Radar,0,36,24,0,60,0,0,13,0,13,0,36,37,0,73,18,0,18,91
07/18/2012,MBS,MI,AGL,CE,Combined TRACON& Tower with Radar,2,29,27,0,58,0,0,10,0,10,2,29,37,0,68,14,0,14,82
07/19/2012,MBS,MI,AGL,CE,Combined TRACON& Tower with Radar,0,24,9,0,33,0,0,0,0,0,0,24,9,0,33,0,0,0,33
07/20/2012,MBS,MI,AGL,CE,Combined TRACON& Tower with Radar,0,26,18,1,45,0,2,31,3,36,0,28,49,4,81,118,14,132,213
07/21/2012,MBS,MI,AGL,CE,Combined TRACON& Tower with Radar,2,20,17,0,39,0,4,30,0,34,2,24,47,0,73,104,0,104,177
07/22/2012,MBS,MI,AGL,CE,Combined TRACON& Tower with Radar,1,19,29,0,49,0,4,20,0,24,1,23,49,0,73,32,0,32,105
07/23/2012,MBS,MI,AGL,CE,Combined TRACON& Tower with Radar,1,23,17,0,41,0,2,9,0,11,1,25,26,0,52,22,0,22,74
07/24/2012,MBS,MI,AGL,CE,Combined TRACON& Tower with Radar,0,27,23,0,50,0,2,25,0,27,0,29,48,0,77,74,0,74,151
07/25/2012,MBS,MI,AGL,CE,Combined TRACON& Tower with Radar,2,32,35,0,69,0,5,22,0,27,2,37,57,0,96,74,0,74,170
07/26/2012,MBS,MI,AGL,CE,Combined TRACON& Tower with Radar,0,13,9,0,22,0,0,2,0,2,0,13,11,0,24,4,0,4,28
07/27/2012,MBS,MI,AGL,CE,Combined TRACON& Tower with Radar,0,22,22,0,44,0,1,1,0,2,0,23,23,0,46,6,0,6,52
07/28/2012,MBS,MI,AGL,CE,Combined TRACON& Tower with Radar,2,21,6,0,29,0,0,23,0,23,2,21,29,0,52,48,0,48,100
07/29/2012,MBS,MI,AGL,CE,Combined TRACON& Tower with Radar,1,19,31,0,51,0,2,14,0,16,1,21,45,0,67,26,0,26,93
07/30/2012,MBS,MI,AGL,CE,Combined TRACON& Tower with Radar,1,25,23,0,49,0,2,9,0,11,1,27,32,0,60,50,0,50,110
07/31/2012,MBS,MI,AGL,CE,Combined TRACON& Tower with Radar,0,26,21,1,48,0,0,11,3,14,0,26,32,4,62,10,4,14,76
08/01/2012,MBS,MI,AGL,CE,Combined TRACON& Tower with Radar,2,41,16,1,60,0,0,15,1,16,2,41,31,2,76,74,6,80,156
08/02/2012,MBS,MI,AGL,CE,Combined TRACON& Tower with Radar,0,27,13,1,41,0,0,8,1,9,0,27,21,2,50,10,0,10,60
08/03/2012,MBS,MI,AGL,CE,Combined TRACON& Tower with Radar,0,25,22,0,47,0,1,23,0,24,0,26,45,0,71,22,0,22,93
08/04/2012,MBS,MI,AGL,CE,Combined TRACON& Tower with Radar,2,22,13,0,37,0,2,15,1,18,2,24,28,1,55,26,0,26,81
08/05/2012,MBS,MI,AGL,CE,Combined TRACON& Tower with Radar,1,13,14,0,28,0,0,3,0,3,1,13,17,0,31,26,0,26,57
08/06/2012,MBS,MI,AGL,CE,Combined TRACON& Tower with Radar,1,21,17,0,39,0,0,18,0,18,1,21,35,0,57,24,0,24,81
08/07/2012,MBS,MI,AGL,CE,Combined TRACON& Tower with Radar,0,26,18,0,44,0,0,20,0,20,0,26,38,0,64,4,0,4,68
08/08/2012,MBS,MI,AGL,CE,Combined TRACON& Tower with Radar,2,12,4,0,18,0,0,33,0,33,2,12,37,0,51,0,0,0,51
08/09/2012,MBS,MI,AGL,CE,Combined TRACON& Tower with Radar,0,26,14,0,40,0,0,1,0,1,0,26,15,0,41,0,0,0,41
08/10/2012,MBS,MI,AGL,CE,Combined TRACON& Tower with Radar,0,23,15,0,38,0,0,0,0,0,0,23,15,0,38,0,0,0,38
08/11/2012,MBS,MI,AGL,CE,Combined TRACON& Tower with Radar,2,23,8,0,33,0,0,2,0,2,2,23,10,0,35,0,0,0,35
08/12/2012,MBS,MI,AGL,CE,Combined TRACON& Tower with Radar,0,17,9,0,26,0,2,16,0,18,0,19,25,0,44,58,0,58,102
08/13/2012,MBS,MI,AGL,CE,Combined TRACON& Tower with Radar,1,22,18,0,41,0,0,19,0,19,1,22,37,0,60,50,0,50,110
08/14/2012,MBS,MI,AGL,CE,Combined TRACON& Tower with Radar,0,26,30,2,58,0,0,4,0,4,0,26,34,2,62,14,0,14,76
08/15/2012,MBS,MI,AGL,CE,Combined TRACON& Tower with Radar,0,27,29,2,58,0,0,25,0,25,0,27,54,2,83,24,2,26,109
08/16/2012,MBS,MI,AGL,CE,Combined TRACON& Tower with Radar,2,32,17,0,51,0,0,0,0,0,2,32,17,0,51,4,0,4,55
08/17/2012,MBS,MI,AGL,CE,Combined TRACON& Tower with Radar,0,28,15,0,43,0,2,15,1,18,0,30,30,1,61,0,0,0,61
08/18/2012,MBS,MI,AGL,CE,Combined TRACON& Tower with Radar,2,19,10,0,31,0,0,16,0,16,2,19,26,0,47,20,0,20,67
08/19/2012,MBS,MI,AGL,CE,Combined TRACON& Tower with Radar,2,20,12,0,34,0,0,11,0,11,2,20,23,0,45,14,0,14,59
08/20/2012,MBS,MI,AGL,CE,Combined TRACON& Tower with Radar,0,24,8,0,32,0,0,12,0,12,0,24,20,0,44,72,0,72,116
08/21/2012,MBS,MI,AGL,CE,Combined TRACON& Tower with Radar,2,26,20,0,48,0,0,7,2,9,2,26,27,2,57,36,0,36,93
08/22/2012,MBS,MI,AGL,CE,Combined TRACON& Tower with Radar,0,26,25,2,53,0,0,12,0,12,0,26,37,2,65,10,4,14,79
08/23/2012,MBS,MI,AGL,CE,Combined TRACON& Tower with Radar,2,28,20,1,51,0,0,28,1,29,2,28,48,2,80,44,6,50,130
08/24/2012,MBS,MI,AGL,CE,Combined TRACON& Tower with Radar,0,33,16,0,49,0,1,13,0,14,0,34,29,0,63,74,0,74,137
08/25/2012,MBS,MI,AGL,CE,Combined TRACON& Tower with Radar,0,19,13,0,32,0,0,5,0,5,0,19,18,0,37,56,0,56,93
08/26/2012,MBS,MI,AGL,CE,Combined TRACON& Tower with Radar,2,17,15,0,34,0,0,9,0,9,2,17,24,0,43,16,0,16,59
08/27/2012,MBS,MI,AGL,CE,Combined TRACON& Tower with Radar,0,24,12,0,36,0,1,3,0,4,0,25,15,0,40,40,0,40,80
08/28/2012,MBS,MI,AGL,CE,Combined TRACON& Tower with Radar,0,26,15,0,41,0,0,9,0,9,0,26,24,0,50,6,0,6,56
08/29/2012,MBS,MI,AGL,CE,Combined TRACON& Tower with Radar,0,29,20,0,49,0,1,19,0,20,0,30,39,0,69,26,0,26,95
08/30/2012,MBS,MI,AGL,CE,Combined TRACON& Tower with Radar,2,33,15,0,50,0,1,44,0,45,2,34,59,0,95,0,0,0,95
08/31/2012,MBS,MI,AGL,CE,Combined TRACON& Tower with Radar,1,27,18,0,46,0,0,16,0,16,1,27,34,0,62,24,0,24,86
09/01/2012,MBS,MI,AGL,CE,Combined TRACON& Tower with Radar,0,17,17,0,34,0,0,23,0,23,0,17,40,0,57,32,0,32,89
09/02/2012,MBS,MI,AGL,CE,Combined TRACON& Tower with Radar,2,12,3,0,17,0,1,9,0,10,2,13,12,0,27,0,0,0,27
09/03/2012,MBS,MI,AGL,CE,Combined TRACON& Tower with Radar,0,18,14,0,32,0,2,15,0,17,0,20,29,0,49,28,0,28,77
09/04/2012,MBS,MI,AGL,CE,Combined TRACON& Tower with Radar,0,25,33,2,60,0,0,10,1,11,0,25,43,3,71,36,16,52,123
09/05/2012,MBS,MI,AGL,CE,Combined TRACON& Tower with Radar,2,36,13,0,51,0,0,15,0,15,2,36,28,0,66,0,0,0,66
09/06/2012,MBS,MI,AGL,CE,Combined TRACON& Tower with Radar,2,25,18,0,45,0,0,22,0,22,2,25,40,0,67,0,0,0,67
09/07/2012,MBS,MI,AGL,CE,Combined TRACON& Tower with Radar,0,24,21,0,45,0,0,8,0,8,0,24,29,0,53,40,0,40,93
09/08/2012,MBS,MI,AGL,CE,Combined TRACON& Tower with Radar,0,19,7,0,26,0,0,14,0,14,0,19,21,0,40,0,0,0,40
09/09/2012,MBS,MI,AGL,CE,Combined TRACON& Tower with Radar,3,16,16,0,35,0,0,17,0,17,3,16,33,0,52,24,0,24,76
09/10/2012,MBS,MI,AGL,CE,Combined TRACON& Tower with Radar,1,24,9,0,34,0,0,8,1,9,1,24,17,1,43,26,0,26,69
09/11/2012,MBS,MI,AGL,CE,Combined TRACON& Tower with Radar,0,26,28,2,56,0,2,8,1,11,0,28,36,3,67,12,8,20,87
09/12/2012,MBS,MI,AGL,CE,Combined TRACON& Tower with Radar,0,28,32,0,60,0,0,12,0,12,0,28,44,0,72,18,0,18,90
09/13/2012,MBS,MI,AGL,CE,Combined TRACON& Tower with Radar,2,26,18,0,46,0,0,4,0,4,2,26,22,0,50,10,0,10,60
09/14/2012,MBS,MI,AGL,CE,Combined TRACON& Tower with Radar,0,26,18,3,47,0,0,14,0,14,0,26,32,3,61,54,0,54,115
09/15/2012,MBS,MI,AGL,CE,Combined TRACON& Tower with Radar,0,19,5,0,24,0,0,7,1,8,0,19,12,1,32,4,0,4,36
09/16/2012,MBS,MI,AGL,CE,Combined TRACON& Tower with Radar,3,18,16,0,37,0,0,21,0,21,3,18,37,0,58,42,0,42,100
09/17/2012,MBS,MI,AGL,CE,Combined TRACON& Tower with Radar,1,25,11,1,38,0,1,5,1,7,1,26,16,2,45,0,0,0,45
09/18/2012,MBS,MI,AGL,CE,Combined TRACON& Tower with Radar,1,29,22,0,52,0,0,4,0,4,1,29,26,0,56,14,0,14,70
09/19/2012,MBS,MI,AGL,CE,Combined TRACON& Tower with Radar,0,28,16,0,44,0,2,1,0,3,0,30,17,0,47,4,0,4,51
09/20/2012,MBS,MI,AGL,CE,Combined TRACON& Tower with Radar,6,32,20,0,58,0,1,5,0,6,6,33,25,0,64,10,0,10,74
09/21/2012,MBS,MI,AGL,CE,Combined TRACON& Tower with Radar,0,26,18,0,44,0,0,4,0,4,0,26,22,0,48,6,0,6,54
09/22/2012,MBS,MI,AGL,CE,Combined TRACON& Tower with Radar,2,21,6,0,29,0,0,6,0,6,2,21,12,0,35,4,0,4,39
09/23/2012,MBS,MI,AGL,CE,Combined TRACON& Tower with Radar,3,17,14,0,34,0,0,11,0,11,3,17,25,0,45,24,0,24,69
09/24/2012,MBS,MI,AGL,CE,Combined TRACON& Tower with Radar,1,25,10,0,36,0,1,8,0,9,1,26,18,0,45,46,0,46,91
09/25/2012,MBS,MI,AGL,CE,Combined TRACON& Tower with Radar,2,29,21,0,52,0,0,8,2,10,2,29,29,2,62,22,8,30,92
09/26/2012,MBS,MI,AGL,CE,Combined TRACON& Tower with Radar,0,27,27,2,56,0,0,7,0,7,0,27,34,2,63,6,2,8,71
09/27/2012,MBS,MI,AGL,CE,Combined TRACON& Tower with Radar,0,27,19,0,46,0,0,14,0,14,0,27,33,0,60,12,0,12,72
09/28/2012,MBS,MI,AGL,CE,Combined TRACON& Tower with Radar,0,28,22,0,50,0,0,9,0,9,0,28,31,0,59,16,0,16,75
09/29/2012,MBS,MI,AGL,CE,Combined TRACON& Tower with Radar,0,22,12,0,34,0,0,19,0,19,0,22,31,0,53,24,0,24,77
09/30/2012,MBS,MI,AGL,CE,Combined TRACON& Tower with Radar,0,19,10,0,29,0,0,8,0,8,0,19,18,0,37,16,0,16,53
10/01/2012,MBS,MI,AGL,CE,Combined TRACON& Tower with Radar,1,25,20,0,46,0,0,12,0,12,1,25,32,0,58,20,0,20,78
10/02/2012,MBS,MI,AGL,CE,Combined TRACON& Tower with Radar,0,31,14,0,45,0,1,3,0,4,0,32,17,0,49,6,0,6,55
10/03/2012,MBS,MI,AGL,CE,Combined TRACON& Tower with Radar,0,26,23,1,50,0,0,2,1,3,0,26,25,2,53,6,2,8,61
10/04/2012,MBS,MI,AGL,CE,Combined TRACON& Tower with Radar,0,26,15,0,41,0,2,4,0,6,0,28,19,0,47,6,0,6,53
10/05/2012,MBS,MI,AGL,CE,Combined TRACON& Tower with Radar,0,25,18,0,43,0,0,5,0,5,0,25,23,0,48,26,0,26,74
10/06/2012,MBS,MI,AGL,CE,Combined TRACON& Tower with Radar,0,23,12,0,35,0,2,5,0,7,0,25,17,0,42,10,0,10,52
10/07/2012,MBS,MI,AGL,CE,Combined TRACON& Tower with Radar,1,16,11,0,28,0,1,12,0,13,1,17,23,0,41,16,0,16,57
10/08/2012,MBS,MI,AGL,CE,Combined TRACON& Tower with Radar,1,21,5,0,27,0,0,7,0,7,1,21,12,0,34,0,0,0,34
10/09/2012,MBS,MI,AGL,CE,Combined TRACON& Tower with Radar,0,28,13,0,41,0,0,6,0,6,0,28,19,0,47,12,0,12,59
10/10/2012,MBS,MI,AGL,CE,Combined TRACON& Tower with Radar,0,30,15,0,45,0,0,4,0,4,0,30,19,0,49,0,0,0,49
10/11/2012,MBS,MI,AGL,CE,Combined TRACON& Tower with Radar,2,30,18,0,50,0,0,6,0,6,2,30,24,0,56,2,0,2,58
10/12/2012,MBS,MI,AGL,CE,Combined TRACON& Tower with Radar,1,26,29,0,56,0,0,22,1,23,1,26,51,1,79,40,0,40,119
10/13/2012,MBS,MI,AGL,CE,Combined TRACON& Tower with Radar,0,19,4,1,24,0,0,1,1,2,0,19,5,2,26,0,4,4,30
10/14/2012,MBS,MI,AGL,CE,Combined TRACON& Tower with Radar,1,13,12,0,26,0,0,1,0,1,1,13,13,0,27,0,0,0,27
10/15/2012,MBS,MI,AGL,CE,Combined TRACON& Tower with Radar,1,23,12,0,36,0,0,1,0,1,1,23,13,0,37,0,0,0,37
10/16/2012,MBS,MI,AGL,CE,Combined TRACON& Tower with Radar,2,29,18,1,50,0,0,14,1,15,2,29,32,2,65,24,4,28,93
10/17/2012,MBS,MI,AGL,CE,Combined TRACON& Tower with Radar,0,27,20,0,47,0,0,2,0,2,0,27,22,0,49,0,0,0,49
10/18/2012,MBS,MI,AGL,CE,Combined TRACON& Tower with Radar,0,34,21,0,55,0,0,6,0,6,0,34,27,0,61,6,0,6,67
10/19/2012,MBS,MI,AGL,CE,Combined TRACON& Tower with Radar,0,30,16,0,46,0,0,3,0,3,0,30,19,0,49,4,0,4,53
10/20/2012,MBS,MI,AGL,CE,Combined TRACON& Tower with Radar,2,22,6,0,30,0,0,2,0,2,2,22,8,0,32,16,0,16,48
10/21/2012,MBS,MI,AGL,CE,Combined TRACON& Tower with Radar,1,16,17,0,34,0,2,16,0,18,1,18,33,0,52,22,0,22,74
10/22/2012,MBS,MI,AGL,CE,Combined TRACON& Tower with Radar,1,27,14,2,44,0,1,9,0,10,1,28,23,2,54,12,2,14,68
10/23/2012,MBS,MI,AGL,CE,Combined TRACON& Tower with Radar,0,22,19,0,41,0,0,0,0,0,0,22,19,0,41,4,0,4,45
10/24/2012,MBS,MI,AGL,CE,Combined TRACON& Tower with Radar,0,25,36,0,61,0,0,12,0,12,0,25,48,0,73,42,0,42,115
10/25/2012,MBS,MI,AGL,CE,Combined TRACON& Tower with Radar,0,26,14,1,41,0,2,3,1,6,0,28,17,2,47,4,2,6,53
10/26/2012,MBS,MI,AGL,CE,Combined TRACON& Tower with Radar,0,27,24,0,51,0,0,2,0,2,0,27,26,0,53,2,0,2,55
10/27/2012,MBS,MI,AGL,CE,Combined TRACON& Tower with Radar,0,19,11,0,30,0,0,11,0,11,0,19,22,0,41,32,0,32,73
10/28/2012,MBS,MI,AGL,CE,Combined TRACON& Tower with Radar,1,18,6,0,25,0,0,12,0,12,1,18,18,0,37,22,0,22,59
10/29/2012,MBS,MI,AGL,CE,Combined TRACON& Tower with Radar,2,24,15,0,41,1,0,2,0,3,3,24,17,0,44,12,0,12,56
10/30/2012,MBS,MI,AGL,CE,Combined TRACON& Tower with Radar,0,25,8,0,33,0,0,0,0,0,0,25,8,0,33,0,0,0,33
10/31/2012,MBS,MI,AGL,CE,Combined TRACON& Tower with Radar,0,22,18,2,42,0,0,2,0,2,0,22,20,2,44,0,4,4,48
11/01/2012,MBS,MI,AGL,CE,Combined TRACON& Tower with Radar,3,26,20,0,49,0,1,3,2,6,3,27,23,2,55,16,2,18,73
11/02/2012,MBS,MI,AGL,CE,Combined TRACON& Tower with Radar,0,24,23,0,47,0,0,12,0,12,0,24,35,0,59,22,4,26,85
11/03/2012,MBS,MI,AGL,CE,Combined TRACON& Tower with Radar,0,19,21,4,44,0,0,12,0,12,0,19,33,4,56,14,6,20,76
11/04/2012,MBS,MI,AGL,CE,Combined TRACON& Tower with Radar,0,17,7,0,24,0,0,4,0,4,0,17,11,0,28,2,0,2,30
11/05/2012,MBS,MI,AGL,CE,Combined TRACON& Tower with Radar,0,24,11,0,35,0,0,9,0,9,0,24,20,0,44,4,0,4,48
11/06/2012,MBS,MI,AGL,CE,Combined TRACON& Tower with Radar,0,27,20,0,47,0,0,5,0,5,0,27,25,0,52,12,0,12,64
11/07/2012,MBS,MI,AGL,CE,Combined TRACON& Tower with Radar,0,25,15,0,40,0,0,8,0,8,0,25,23,0,48,4,0,4,52
11/08/2012,MBS,MI,AGL,CE,Combined TRACON& Tower with Radar,0,26,33,0,59,0,2,7,0,9,0,28,40,0,68,58,0,58,126
11/09/2012,MBS,MI,AGL,CE,Combined TRACON& Tower with Radar,0,24,15,1,40,0,0,3,0,3,0,24,18,1,43,8,0,8,51
11/10/2012,MBS,MI,AGL,CE,Combined TRACON& Tower with Radar,0,21,14,0,35,0,0,4,0,4,0,21,18,0,39,18,0,18,57
11/11/2012,MBS,MI,AGL,CE,Combined TRACON& Tower with Radar,0,18,8,0,26,0,0,2,0,2,0,18,10,0,28,2,0,2,30
11/12/2012,MBS,MI,AGL,CE,Combined TRACON& Tower with Radar,0,22,20,0,42,0,0,0,0,0,0,22,20,0,42,0,0,0,42
11/13/2012,MBS,MI,AGL,CE,Combined TRACON& Tower with Radar,0,24,12,0,36,0,0,8,0,8,0,24,20,0,44,8,0,8,52
11/14/2012,MBS,MI,AGL,CE,Combined TRACON& Tower with Radar,0,26,15,1,42,0,0,7,1,8,0,26,22,2,50,0,0,0,50
11/15/2012,MBS,MI,AGL,CE,Combined TRACON& Tower with Radar,0,26,15,0,41,0,0,7,0,7,0,26,22,0,48,0,0,0,48
11/16/2012,MBS,MI,AGL,CE,Combined TRACON& Tower with Radar,0,28,22,0,50,0,0,7,0,7,0,28,29,0,57,12,0,12,69
11/17/2012,MBS,MI,AGL,CE,Combined TRACON& Tower with Radar,0,17,6,0,23,0,0,9,0,9,0,17,15,0,32,2,0,2,34
11/18/2012,MBS,MI,AGL,CE,Combined TRACON& Tower with Radar,0,11,6,0,17,0,0,5,0,5,0,11,11,0,22,0,0,0,22
11/19/2012,MBS,MI,AGL,CE,Combined TRACON& Tower with Radar,0,22,19,0,41,0,2,9,0,11,0,24,28,0,52,18,0,18,70
11/20/2012,MBS,MI,AGL,CE,Combined TRACON& Tower with Radar,0,26,19,0,45,0,0,11,0,11,0,26,30,0,56,40,0,40,96
11/21/2012,MBS,MI,AGL,CE,Combined TRACON& Tower with Radar,4,38,11,0,53,0,0,6,0,6,4,38,17,0,59,34,0,34,93
11/22/2012,MBS,MI,AGL,CE,Combined TRACON& Tower with Radar,2,11,1,0,14,0,0,0,0,0,2,11,1,0,14,0,0,0,14
11/23/2012,MBS,MI,AGL,CE,Combined TRACON& Tower with Radar,0,18,4,0,22,0,0,2,0,2,0,18,6,0,24,2,0,2,26
11/24/2012,MBS,MI,AGL,CE,Combined TRACON& Tower with Radar,0,24,4,0,28,0,0,1,0,1,0,24,5,0,29,0,0,0,29
11/25/2012,MBS,MI,AGL,CE,Combined TRACON& Tower with Radar,0,20,8,0,28,0,0,1,0,1,0,20,9,0,29,0,0,0,29
11/26/2012,MBS,MI,AGL,CE,Combined TRACON& Tower with Radar,0,27,23,0,50,0,2,2,0,4,0,29,25,0,54,0,0,0,54
11/27/2012,MBS,MI,AGL,CE,Combined TRACON& Tower with Radar,0,24,14,3,41,0,1,9,1,11,0,25,23,4,52,12,4,16,68
11/28/2012,MBS,MI,AGL,CE,Combined TRACON& Tower with Radar,0,28,21,4,53,0,0,5,0,5,0,28,26,4,58,4,4,8,66
11/29/2012,MBS,MI,AGL,CE,Combined TRACON& Tower with Radar,0,27,16,4,47,0,0,11,0,11,0,27,27,4,58,18,0,18,76
11/30/2012,MBS,MI,AGL,CE,Combined TRACON& Tower with Radar,0,27,14,0,41,0,0,0,0,0,0,27,14,0,41,0,0,0,41
12/01/2012,MBS,MI,AGL,CE,Combined TRACON& Tower with Radar,0,20,12,0,32,0,0,0,0,0,0,20,12,0,32,0,0,0,32
12/02/2012,MBS,MI,AGL,CE,Combined TRACON& Tower with Radar,0,18,12,0,30,0,0,0,0,0,0,18,12,0,30,0,0,0,30
12/03/2012,MBS,MI,AGL,CE,Combined TRACON& Tower with Radar,0,26,16,0,42,0,0,0,0,0,0,26,16,0,42,0,0,0,42
12/04/2012,MBS,MI,AGL,CE,Combined TRACON& Tower with Radar,0,33,15,0,48,0,0,3,0,3,0,33,18,0,51,0,0,0,51
12/05/2012,MBS,MI,AGL,CE,Combined TRACON& Tower with Radar,0,25,20,0,45,0,0,13,1,14,0,25,33,1,59,18,0,18,77
12/06/2012,MBS,MI,AGL,CE,Combined TRACON& Tower with Radar,0,26,18,0,44,0,0,7,0,7,0,26,25,0,51,16,0,16,67
12/07/2012,MBS,MI,AGL,CE,Combined TRACON& Tower with Radar,0,28,19,0,47,0,0,1,0,1,0,28,20,0,48,18,0,18,66
12/08/2012,MBS,MI,AGL,CE,Combined TRACON& Tower with Radar,0,21,10,0,31,0,0,2,0,2,0,21,12,0,33,14,0,14,47
12/09/2012,MBS,MI,AGL,CE,Combined TRACON& Tower with Radar,0,15,7,0,22,0,0,0,0,0,0,15,7,0,22,0,0,0,22
12/10/2012,MBS,MI,AGL,CE,Combined TRACON& Tower with Radar,0,26,15,0,41,0,0,2,0,2,0,26,17,0,43,4,0,4,47
12/11/2012,MBS,MI,AGL,CE,Combined TRACON& Tower with Radar,0,37,24,2,63,0,0,7,0,7,0,37,31,2,70,30,8,38,108
12/12/2012,MBS,MI,AGL,CE,Combined TRACON& Tower with Radar,0,34,20,5,59,0,0,24,0,24,0,34,44,5,83,38,12,50,133
12/13/2012,MBS,MI,AGL,CE,Combined TRACON& Tower with Radar,0,37,30,6,73,0,0,9,0,9,0,37,39,6,82,50,14,64,146
12/14/2012,MBS,MI,AGL,CE,Combined TRACON& Tower with Radar,0,27,25,1,53,0,1,28,1,30,0,28,53,2,83,46,2,48,131
12/15/2012,MBS,MI,AGL,CE,Combined TRACON& Tower with Radar,0,18,6,0,24,0,0,0,0,0,0,18,6,0,24,4,0,4,28
12/16/2012,MBS,MI,AGL,CE,Combined TRACON& Tower with Radar,1,18,3,0,22,0,0,0,0,0,1,18,3,0,22,0,0,0,22
12/17/2012,MBS,MI,AGL,CE,Combined TRACON& Tower with Radar,1,21,12,0,34,0,0,1,0,1,1,21,13,0,35,4,0,4,39
12/18/2012,MBS,MI,AGL,CE,Combined TRACON& Tower with Radar,0,31,20,2,53,0,0,8,2,10,0,31,28,4,63,22,4,26,89
12/19/2012,MBS,MI,AGL,CE,Combined TRACON& Tower with Radar,0,24,13,4,41,0,0,15,0,15,0,24,28,4,56,26,6,32,88
12/20/2012,MBS,MI,AGL,CE,Combined TRACON& Tower with Radar,0,25,10,0,35,0,0,0,0,0,0,25,10,0,35,0,0,0,35
12/21/2012,MBS,MI,AGL,CE,Combined TRACON& Tower with Radar,0,27,3,0,30,0,0,0,0,0,0,27,3,0,30,0,0,0,30
12/22/2012,MBS,MI,AGL,CE,Combined TRACON& Tower with Radar,0,16,11,0,27,0,0,4,0,4,0,16,15,0,31,6,0,6,37
12/23/2012,MBS,MI,AGL,CE,Combined TRACON& Tower with Radar,0,14,7,0,21,0,0,3,0,3,0,14,10,0,24,4,0,4,28
12/24/2012,MBS,MI,AGL,CE,Combined TRACON& Tower with Radar,0,20,5,1,26,0,0,6,0,6,0,20,11,1,32,8,0,8,40
12/25/2012,MBS,MI,AGL,CE,Combined TRACON& Tower with Radar,0,15,1,0,16,0,0,2,0,2,0,15,3,0,18,0,0,0,18
12/26/2012,MBS,MI,AGL,CE,Combined TRACON& Tower with Radar,0,24,3,0,27,0,0,1,0,1,0,24,4,0,28,0,0,0,28
12/27/2012,MBS,MI,AGL,CE,Combined TRACON& Tower with Radar,0,24,9,0,33,0,1,10,0,11,0,25,19,0,44,12,0,12,56
12/28/2012,MBS,MI,AGL,CE,Combined TRACON& Tower with Radar,0,20,0,0,20,0,0,6,0,6,0,20,6,0,26,21,0,21,47
12/29/2012,MBS,MI,AGL,CE,Combined TRACON& Tower with Radar,0,20,2,0,22,0,0,2,0,2,0,20,4,0,24,0,0,0,24
12/30/2012,MBS,MI,AGL,CE,Combined TRACON& Tower with Radar,0,14,9,0,23,0,0,4,0,4,0,14,13,0,27,28,0,28,55
12/31/2012,MBS,MI,AGL,CE,Combined TRACON& Tower with Radar,0,18,1,0,19,0,0,4,0,4,0,18,5,0,23,0,0,0,23
01/01/2013,MBS,MI,AGL,CE,Combined TRACON& Tower with Radar,0,17,8,0,25,0,0,6,0,6,0,17,14,0,31,12,0,12,43
01/02/2013,MBS,MI,AGL,CE,Combined TRACON& Tower with Radar,1,23,6,0,30,0,1,1,0,2,1,24,7,0,32,6,0,6,38
01/03/2013,MBS,MI,AGL,CE,Combined TRACON& Tower with Radar,1,24,8,0,33,0,0,3,0,3,1,24,11,0,36,28,0,28,64
01/04/2013,MBS,MI,AGL,CE,Combined TRACON& Tower with Radar,0,23,4,0,27,0,0,1,0,1,0,23,5,0,28,0,0,0,28
01/05/2013,MBS,MI,AGL,CE,Combined TRACON& Tower with Radar,0,17,5,0,22,0,0,8,0,8,0,17,13,0,30,22,0,22,52
01/06/2013,MBS,MI,AGL,CE,Combined TRACON& Tower with Radar,0,16,10,0,26,0,0,0,0,0,0,16,10,0,26,6,0,6,32
01/07/2013,MBS,MI,AGL,CE,Combined TRACON& Tower with Radar,0,22,14,0,36,0,0,3,0,3,0,22,17,0,39,0,0,0,39
01/08/2013,MBS,MI,AGL,CE,Combined TRACON& Tower with Radar,0,24,22,0,46,0,0,13,0,13,0,24,35,0,59,22,0,22,81
01/09/2013,MBS,MI,AGL,CE,Combined TRACON& Tower with Radar,0,25,26,4,55,0,1,1,0,2,0,26,27,4,57,0,0,0,57
01/10/2013,MBS,MI,AGL,CE,Combined TRACON& Tower with Radar,0,24,9,0,33,0,0,7,0,7,0,24,16,0,40,12,0,12,52
01/11/2013,MBS,MI,AGL,CE,Combined TRACON& Tower with Radar,0,24,11,0,35,0,0,0,0,0,0,24,11,0,35,0,0,0,35
01/12/2013,MBS,MI,AGL,CE,Combined TRACON& Tower with Radar,0,16,14,0,30,0,0,14,0,14,0,16,28,0,44,68,0,68,112
01/13/2013,MBS,MI,AGL,CE,Combined TRACON& Tower with Radar,0,18,6,0,24,0,0,0,0,0,0,18,6,0,24,0,0,0,24
01/14/2013,MBS,MI,AGL,CE,Combined TRACON& Tower with Radar,0,26,19,4,49,0,1,1,0,2,0,27,20,4,51,0,2,2,53
01/15/2013,MBS,MI,AGL,CE,Combined TRACON& Tower with Radar,0,27,10,1,38,0,0,11,0,11,0,27,21,1,49,30,0,30,79
01/16/2013,MBS,MI,AGL,CE,Combined TRACON& Tower with Radar,0,16,12,2,30,0,0,2,2,4,0,16,14,4,34,10,2,12,46
01/17/2013,MBS,MI,AGL,CE,Combined TRACON& Tower with Radar,0,26,11,5,42,0,0,1,2,3,0,26,12,7,45,10,6,16,61
01/18/2013,MBS,MI,AGL,CE,Combined TRACON& Tower with Radar,0,23,18,0,41,0,0,2,0,2,0,23,20,0,43,12,0,12,55
01/19/2013,MBS,MI,AGL,CE,Combined TRACON& Tower with Radar,0,16,6,0,22,0,0,3,0,3,0,16,9,0,25,6,0,6,31
01/20/2013,MBS,MI,AGL,CE,Combined TRACON& Tower with Radar,0,11,19,0,30,0,0,2,0,2,0,11,21,0,32,12,0,12,44
01/21/2013,MBS,MI,AGL,CE,Combined TRACON& Tower with Radar,0,18,17,0,35,0,0,0,0,0,0,18,17,0,35,0,0,0,35
01/22/2013,MBS,MI,AGL,CE,Combined TRACON& Tower with Radar,0,26,20,0,46,0,0,2,0,2,0,26,22,0,48,4,4,8,56
01/23/2013,MBS,MI,AGL,CE,Combined TRACON& Tower with Radar,0,25,15,0,40,0,0,0,0,0,0,25,15,0,40,0,0,0,40
01/24/2013,MBS,MI,AGL,CE,Combined TRACON& Tower with Radar,0,24,10,1,35,0,1,4,1,6,0,25,14,2,41,26,0,26,67
01/25/2013,MBS,MI,AGL,CE,Combined TRACON& Tower with Radar,0,24,14,0,38,0,0,0,0,0,0,24,14,0,38,0,0,0,38
01/26/2013,MBS,MI,AGL,CE,Combined TRACON& Tower with Radar,0,16,13,0,29,0,0,7,0,7,0,16,20,0,36,58,0,58,94
01/27/2013,MBS,MI,AGL,CE,Combined TRACON& Tower with Radar,0,12,12,0,24,0,0,4,0,4,0,12,16,0,28,18,0,18,46
01/28/2013,MBS,MI,AGL,CE,Combined TRACON& Tower with Radar,0,22,15,0,37,0,0,0,0,0,0,22,15,0,37,0,0,0,37
01/29/2013,MBS,MI,AGL,CE,Combined TRACON& Tower with Radar,0,16,10,0,26,0,0,0,0,0,0,16,10,0,26,0,0,0,26
01/30/2013,MBS,MI,AGL,CE,Combined TRACON& Tower with Radar,0,29,14,0,43,0,0,0,0,0,0,29,14,0,43,0,0,0,43
01/31/2013,MBS,MI,AGL,CE,Combined TRACON& Tower with Radar,0,22,16,0,38,0,0,0,0,0,0,22,16,0,38,0,0,0,38
02/01/2013,MBS,MI,AGL,CE,Combined TRACON& Tower with Radar,0,24,19,0,43,0,0,0,0,0,0,24,19,0,43,2,0,2,45
02/02/2013,MBS,MI,AGL,CE,Combined TRACON& Tower with Radar,0,16,2,0,18,0,0,1,0,1,0,16,3,0,19,0,0,0,19
02/03/2013,MBS,MI,AGL,CE,Combined TRACON& Tower with Radar,0,16,9,0,25,0,0,3,1,4,0,16,12,1,29,0,0,0,29
02/04/2013,MBS,MI,AGL,CE,Combined TRACON& Tower with Radar,0,26,21,0,47,0,0,1,0,1,0,26,22,0,48,0,0,0,48
02/05/2013,MBS,MI,AGL,CE,Combined TRACON& Tower with Radar,0,23,17,0,40,0,0,2,0,2,0,23,19,0,42,0,0,0,42
02/06/2013,MBS,MI,AGL,CE,Combined TRACON& Tower with Radar,2,26,41,0,69,0,0,29,0,29,2,26,70,0,98,66,0,66,164
02/07/2013,MBS,MI,AGL,CE,Combined TRACON& Tower with Radar,0,24,15,0,39,0,0,0,0,0,0,24,15,0,39,2,0,2,41
02/08/2013,MBS,MI,AGL,CE,Combined TRACON& Tower with Radar,0,18,10,0,28,0,1,0,0,1,0,19,10,0,29,0,0,0,29
02/09/2013,MBS,MI,AGL,CE,Combined TRACON& Tower with Radar,0,15,10,0,25,0,0,26,0,26,0,15,36,0,51,30,0,30,81
02/10/2013,MBS,MI,AGL,CE,Combined TRACON& Tower with Radar,0,15,12,0,27,0,0,2,0,2,0,15,14,0,29,10,0,10,39
02/11/2013,MBS,MI,AGL,CE,Combined TRACON& Tower with Radar,0,23,12,0,35,0,2,0,0,2,0,25,12,0,37,0,0,0,37
02/12/2013,MBS,MI,AGL,CE,Combined TRACON& Tower with Radar,0,26,22,0,48,0,0,0,0,0,0,26,22,0,48,0,0,0,48
02/13/2013,MBS,MI,AGL,CE,Combined TRACON& Tower with Radar,2,22,32,0,56,0,0,8,0,8,2,22,40,0,64,32,0,32,96
02/14/2013,MBS,MI,AGL,CE,Combined TRACON& Tower with Radar,0,27,18,0,45,0,1,2,0,3,0,28,20,0,48,0,0,0,48
02/15/2013,MBS,MI,AGL,CE,Combined TRACON& Tower with Radar,0,25,12,0,37,0,0,5,0,5,0,25,17,0,42,4,0,4,46
02/16/2013,MBS,MI,AGL,CE,Combined TRACON& Tower with Radar,0,20,1,0,21,0,0,0,0,0,0,20,1,0,21,14,0,14,35
02/17/2013,MBS,MI,AGL,CE,Combined TRACON& Tower with Radar,0,14,8,0,22,0,0,15,0,15,0,14,23,0,37,22,0,22,59
02/18/2013,MBS,MI,AGL,CE,Combined TRACON& Tower with Radar,0,20,12,0,32,0,1,2,0,3,0,21,14,0,35,0,0,0,35
02/19/2013,MBS,MI,AGL,CE,Combined TRACON& Tower with Radar,0,24,12,0,36,0,1,0,1,2,0,25,12,1,38,0,0,0,38
02/20/2013,MBS,MI,AGL,CE,Combined TRACON& Tower with Radar,5,26,15,0,46,1,0,0,0,1,6,26,15,0,47,4,0,4,51
02/21/2013,MBS,MI,AGL,CE,Combined TRACON& Tower with Radar,0,24,18,0,42,0,0,4,0,4,0,24,22,0,46,2,0,2,48
02/22/2013,MBS,MI,AGL,CE,Combined TRACON& Tower with Radar,0,19,20,0,39,0,0,0,0,0,0,19,20,0,39,0,0,0,39
02/23/2013,MBS,MI,AGL,CE,Combined TRACON& Tower with Radar,0,18,6,0,24,0,0,0,0,0,0,18,6,0,24,0,0,0,24
02/24/2013,MBS,MI,AGL,CE,Combined TRACON& Tower with Radar,0,16,8,0,24,0,0,2,0,2,0,16,10,0,26,8,0,8,34
02/25/2013,MBS,MI,AGL,CE,Combined TRACON& Tower with Radar,3,22,22,0,47,3,0,12,0,15,6,22,34,0,62,52,0,52,114
02/26/2013,MBS,MI,AGL,CE,Combined TRACON& Tower with Radar,0,23,12,0,35,0,0,0,0,0,0,23,12,0,35,0,0,0,35
02/27/2013,MBS,MI,AGL,CE,Combined TRACON& Tower with Radar,0,31,19,0,50,0,0,0,0,0,0,31,19,0,50,0,0,0,50
02/28/2013,MBS,MI,AGL,CE,Combined TRACON& Tower with Radar,0,26,22,0,48,0,0,2,2,4,0,26,24,2,52,0,0,0,52
03/01/2013,MBS,MI,AGL,CE,Combined TRACON& Tower with Radar,0,27,14,0,41,0,0,6,0,6,0,27,20,0,47,8,0,8,55
03/02/2013,MBS,MI,AGL,CE,Combined TRACON& Tower with Radar,0,23,7,0,30,0,0,4,0,4,0,23,11,0,34,6,0,6,40
03/03/2013,MBS,MI,AGL,CE,Combined TRACON& Tower with Radar,0,18,9,0,27,0,0,13,0,13,0,18,22,0,40,76,0,76,116
03/04/2013,MBS,MI,AGL,CE,Combined TRACON& Tower with Radar,0,24,14,0,38,0,0,12,0,12,0,24,26,0,50,14,2,16,66
03/05/2013,MBS,MI,AGL,CE,Combined TRACON& Tower with Radar,0,19,8,0,27,0,0,1,0,1,0,19,9,0,28,2,0,2,30
03/06/2013,MBS,MI,AGL,CE,Combined TRACON& Tower with Radar,0,25,15,0,40,0,0,6,0,6,0,25,21,0,46,4,0,4,50
03/07/2013,MBS,MI,AGL,CE,Combined TRACON& Tower with Radar,0,26,24,0,50,0,2,9,0,11,0,28,33,0,61,18,0,18,79
03/08/2013,MBS,MI,AGL,CE,Combined TRACON& Tower with Radar,0,27,15,2,44,0,0,16,0,16,0,27,31,2,60,6,4,10,70
03/09/2013,MBS,MI,AGL,CE,Combined TRACON& Tower with Radar,0,19,5,0,24,0,0,9,0,9,0,19,14,0,33,18,0,18,51
03/10/2013,MBS,MI,AGL,CE,Combined TRACON& Tower with Radar,0,19,14,0,33,0,0,1,0,1,0,19,15,0,34,22,0,22,56
03/11/2013,MBS,MI,AGL,CE,Combined TRACON& Tower with Radar,0,28,13,0,41,0,0,0,0,0,0,28,13,0,41,0,0,0,41
03/12/2013,MBS,MI,AGL,CE,Combined TRACON& Tower with Radar,0,28,18,0,46,0,0,0,0,0,0,28,18,0,46,6,0,6,52
03/13/2013,MBS,MI,AGL,CE,Combined TRACON& Tower with Radar,0,26,18,0,44,0,0,10,2,12,0,26,28,2,56,6,0,6,62
03/14/2013,MBS,MI,AGL,CE,Combined TRACON& Tower with Radar,0,27,27,0,54,0,0,4,0,4,0,27,31,0,58,4,0,4,62
03/15/2013,MBS,MI,AGL,CE,Combined TRACON& Tower with Radar,0,26,22,0,48,0,0,2,0,2,0,26,24,0,50,18,0,18,68
03/16/2013,MBS,MI,AGL,CE,Combined TRACON& Tower with Radar,0,20,3,0,23,0,0,0,0,0,0,20,3,0,23,0,0,0,23
03/17/2013,MBS,MI,AGL,CE,Combined TRACON& Tower with Radar,0,16,21,0,37,0,0,18,0,18,0,16,39,0,55,52,0,52,107
03/18/2013,MBS,MI,AGL,CE,Combined TRACON& Tower with Radar,0,29,14,0,43,0,0,0,0,0,0,29,14,0,43,0,0,0,43
03/19/2013,MBS,MI,AGL,CE,Combined TRACON& Tower with Radar,0,29,16,0,45,0,0,1,0,1,0,29,17,0,46,0,0,0,46
03/20/2013,MBS,MI,AGL,CE,Combined TRACON& Tower with Radar,0,27,23,4,54,0,0,0,0,0,0,27,23,4,54,6,2,8,62
03/21/2013,MBS,MI,AGL,CE,Combined TRACON& Tower with Radar,0,26,16,1,43,0,0,2,1,3,0,26,18,2,46,0,2,2,48
03/22/2013,MBS,MI,AGL,CE,Combined TRACON& Tower with Radar,0,25,14,6,45,0,0,14,0,14,0,25,28,6,59,10,4,14,73
03/23/2013,MBS,MI,AGL,CE,Combined TRACON& Tower with Radar,0,20,9,0,29,0,0,4,0,4,0,20,13,0,33,6,0,6,39
03/24/2013,MBS,MI,AGL,CE,Combined TRACON& Tower with Radar,0,17,8,0,25,0,0,13,0,13,0,17,21,0,38,18,0,18,56
03/25/2013,MBS,MI,AGL,CE,Combined TRACON& Tower with Radar,0,24,19,0,43,0,0,7,0,7,0,24,26,0,50,6,0,6,56
03/26/2013,MBS,MI,AGL,CE,Combined TRACON& Tower with Radar,0,32,8,0,40,0,0,2,2,4,0,32,10,2,44,6,0,6,50
03/27/2013,MBS,MI,AGL,CE,Combined TRACON& Tower with Radar,0,25,18,0,43,0,0,17,0,17,0,25,35,0,60,10,0,10,70
03/28/2013,MBS,MI,AGL,CE,Combined TRACON& Tower with Radar,0,28,26,0,54,0,0,11,0,11,0,28,37,0,65,64,0,64,129
03/29/2013,MBS,MI,AGL,CE,Combined TRACON& Tower with Radar,0,26,6,0,32,0,0,21,0,21,0,26,27,0,53,88,0,88,141
03/30/2013,MBS,MI,AGL,CE,Combined TRACON& Tower with Radar,0,21,2,0,23,0,0,23,0,23,0,21,25,0,46,24,0,24,70
03/31/2013,MBS,MI,AGL,CE,Combined TRACON& Tower with Radar,1,16,0,0,17,0,0,2,0,2,1,16,2,0,19,6,0,6,25
04/01/2013,MBS,MI,AGL,CE,Combined TRACON& Tower with Radar,0,24,8,0,32,0,0,2,0,2,0,24,10,0,34,4,0,4,38
04/02/2013,MBS,MI,AGL,CE,Combined TRACON& Tower with Radar,0,26,15,1,42,0,1,3,1,5,0,27,18,2,47,4,2,6,53
04/03/2013,MBS,MI,AGL,CE,Combined TRACON& Tower with Radar,2,27,16,1,46,0,0,13,1,14,2,27,29,2,60,16,2,18,78
04/04/2013,MBS,MI,AGL,CE,Combined TRACON& Tower with Radar,0,26,18,0,44,0,0,4,0,4,0,26,22,0,48,4,0,4,52
04/05/2013,MBS,MI,AGL,CE,Combined TRACON& Tower with Radar,2,26,21,0,49,0,1,23,0,24,2,27,44,0,73,50,0,50,123
04/06/2013,MBS,MI,AGL,CE,Combined TRACON& Tower with Radar,0,19,8,0,27,0,0,0,0,0,0,19,8,0,27,2,0,2,29
04/07/2013,MBS,MI,AGL,CE,Combined TRACON& Tower with Radar,0,20,8,0,28,0,2,6,0,8,0,22,14,0,36,0,0,0,36
04/08/2013,MBS,MI,AGL,CE,Combined TRACON& Tower with Radar,0,31,21,0,52,0,0,0,0,0,0,31,21,0,52,0,0,0,52
04/09/2013,MBS,MI,AGL,CE,Combined TRACON& Tower with Radar,0,31,20,0,51,0,0,0,0,0,0,31,20,0,51,0,0,0,51
04/10/2013,MBS,MI,AGL,CE,Combined TRACON& Tower with Radar,0,22,24,0,46,0,0,0,0,0,0,22,24,0,46,2,0,2,48
04/11/2013,MBS,MI,AGL,CE,Combined TRACON& Tower with Radar,0,28,25,0,53,0,0,0,0,0,0,28,25,0,53,0,0,0,53
04/12/2013,MBS,MI,AGL,CE,Combined TRACON& Tower with Radar,0,26,13,0,39,0,0,0,0,0,0,26,13,0,39,0,0,0,39
04/13/2013,MBS,MI,AGL,CE,Combined TRACON& Tower with Radar,0,18,7,0,25,0,0,0,0,0,0,18,7,0,25,4,0,4,29
04/14/2013,MBS,MI,AGL,CE,Combined TRACON& Tower with Radar,0,18,14,0,32,0,1,10,0,11,0,19,24,0,43,30,0,30,73
04/15/2013,MBS,MI,AGL,CE,Combined TRACON& Tower with Radar,0,27,14,0,41,0,0,8,0,8,0,27,22,0,49,20,0,20,69
04/16/2013,MBS,MI,AGL,CE,Combined TRACON& Tower with Radar,0,29,13,1,43,0,0,13,0,13,0,29,26,1,56,38,2,40,96
04/17/2013,MBS,MI,AGL,CE,Combined TRACON& Tower with Radar,0,21,12,0,33,0,0,3,0,3,0,21,15,0,36,4,0,4,40
04/18/2013,MBS,MI,AGL,CE,Combined TRACON& Tower with Radar,0,30,5,0,35,0,0,0,0,0,0,30,5,0,35,0,0,0,35
04/19/2013,MBS,MI,AGL,CE,Combined TRACON& Tower with Radar,0,28,13,0,41,0,0,2,0,2,0,28,15,0,43,0,0,0,43
04/20/2013,MBS,MI,AGL,CE,Combined TRACON& Tower with Radar,0,18,2,0,20,0,0,7,0,7,0,18,9,0,27,4,0,4,31
04/21/2013,MBS,MI,AGL,CE,Combined TRACON& Tower with Radar,0,19,17,0,36,0,0,20,0,20,0,19,37,0,56,64,0,64,120
04/22/2013,MBS,MI,AGL,CE,Combined TRACON& Tower with Radar,0,24,26,0,50,0,0,15,0,15,0,24,41,0,65,28,0,28,93
04/23/2013,MBS,MI,AGL,CE,Combined TRACON& Tower with Radar,0,24,17,0,41,0,0,2,0,2,0,24,19,0,43,0,0,0,43
04/24/2013,MBS,MI,AGL,CE,Combined TRACON& Tower with Radar,0,29,16,0,45,0,0,5,0,5,0,29,21,0,50,6,0,6,56
04/25/2013,MBS,MI,AGL,CE,Combined TRACON& Tower with Radar,0,26,17,0,43,0,0,5,0,5,0,26,22,0,48,0,0,0,48
04/26/2013,MBS,MI,AGL,CE,Combined TRACON& Tower with Radar,0,26,19,0,45,0,2,6,0,8,0,28,25,0,53,22,0,22,75
04/27/2013,MBS,MI,AGL,CE,Combined TRACON& Tower with Radar,0,18,10,0,28,0,1,31,0,32,0,19,41,0,60,16,0,16,76
04/28/2013,MBS,MI,AGL,CE,Combined TRACON& Tower with Radar,0,18,9,0,27,0,0,20,0,20,0,18,29,0,47,28,0,28,75
04/29/2013,MBS,MI,AGL,CE,Combined TRACON& Tower with Radar,0,24,22,0,46,0,0,59,0,59,0,24,81,0,105,42,0,42,147
04/30/2013,MBS,MI,AGL,CE,Combined TRACON& Tower with Radar,0,28,16,0,44,0,0,14,0,14,0,28,30,0,58,10,0,10,68
05/01/2013,MBS,MI,AGL,CE,Combined TRACON& Tower with Radar,2,26,16,0,44,0,0,31,0,31,2,26,47,0,75,6,0,6,81
05/02/2013,MBS,MI,AGL,CE,Combined TRACON& Tower with Radar,2,28,27,4,61,0,0,15,0,15,2,28,42,4,76,34,4,38,114
05/03/2013,MBS,MI,AGL,CE,Combined TRACON& Tower with Radar,0,25,12,0,37,0,0,10,0,10,0,25,22,0,47,4,0,4,51
05/04/2013,MBS,MI,AGL,CE,Combined TRACON& Tower with Radar,0,16,4,0,20,0,0,13,0,13,0,16,17,0,33,18,0,18,51
05/05/2013,MBS,MI,AGL,CE,Combined TRACON& Tower with Radar,0,18,13,0,31,0,1,11,1,13,0,19,24,1,44,14,0,14,58
05/06/2013,MBS,MI,AGL,CE,Combined TRACON& Tower with Radar,0,24,16,0,40,0,0,13,0,13,0,24,29,0,53,28,0,28,81
05/07/2013,MBS,MI,AGL,CE,Combined TRACON& Tower with Radar,0,27,17,0,44,0,0,11,0,11,0,27,28,0,55,10,0,10,65
05/08/2013,MBS,MI,AGL,CE,Combined TRACON& Tower with Radar,0,25,32,0,57,0,0,11,2,13,0,25,43,2,70,8,0,8,78
05/09/2013,MBS,MI,AGL,CE,Combined TRACON& Tower with Radar,0,32,26,0,58,0,0,7,0,7,0,32,33,0,65,20,0,20,85
05/10/2013,MBS,MI,AGL,CE,Combined TRACON& Tower with Radar,0,21,29,0,50,0,0,0,0,0,0,21,29,0,50,6,0,6,56
05/11/2013,MBS,MI,AGL,CE,Combined TRACON& Tower with Radar,0,17,11,0,28,0,0,1,0,1,0,17,12,0,29,6,0,6,35
05/12/2013,MBS,MI,AGL,CE,Combined TRACON& Tower with Radar,0,19,2,0,21,0,0,0,0,0,0,19,2,0,21,0,0,0,21
05/13/2013,MBS,MI,AGL,CE,Combined TRACON& Tower with Radar,2,22,25,0,49,0,0,7,0,7,2,22,32,0,56,0,0,0,56
05/14/2013,MBS,MI,AGL,CE,Combined TRACON& Tower with Radar,0,26,16,0,42,0,0,5,0,5,0,26,21,0,47,2,0,2,49
05/15/2013,MBS,MI,AGL,CE,Combined TRACON& Tower with Radar,0,30,20,0,50,0,2,8,0,10,0,32,28,0,60,6,0,6,66
05/16/2013,MBS,MI,AGL,CE,Combined TRACON& Tower with Radar,0,31,25,2,58,0,0,21,2,23,0,31,46,4,81,8,4,12,93
05/17/2013,MBS,MI,AGL,CE,Combined TRACON& Tower with Radar,0,31,30,0,61,0,0,11,0,11,0,31,41,0,72,22,0,22,94
05/18/2013,MBS,MI,AGL,CE,Combined TRACON& Tower with Radar,0,22,7,0,29,0,0,7,0,7,0,22,14,0,36,14,0,14,50
05/19/2013,MBS,MI,AGL,CE,Combined TRACON& Tower with Radar,0,18,10,0,28,0,0,21,0,21,0,18,31,0,49,20,0,20,69
05/20/2013,MBS,MI,AGL,CE,Combined TRACON& Tower with Radar,0,24,22,0,46,0,0,4,0,4,0,24,26,0,50,8,0,8,58
05/21/2013,MBS,MI,AGL,CE,Combined TRACON& Tower with Radar,0,32,17,0,49,0,0,11,0,11,0,32,28,0,60,0,0,0,60
05/22/2013,MBS,MI,AGL,CE,Combined TRACON& Tower with Radar,0,24,20,2,46,0,0,0,0,0,0,24,20,2,46,2,2,4,50
05/23/2013,MBS,MI,AGL,CE,Combined TRACON& Tower with Radar,0,26,16,0,42,0,0,0,0,0,0,26,16,0,42,0,0,0,42
05/24/2013,MBS,MI,AGL,CE,Combined TRACON& Tower with Radar,0,28,25,0,53,0,0,20,0,20,0,28,45,0,73,104,0,104,177
05/25/2013,MBS,MI,AGL,CE,Combined TRACON& Tower with Radar,0,17,1,0,18,0,2,17,0,19,0,19,18,0,37,8,0,8,45
05/26/2013,MBS,MI,AGL,CE,Combined TRACON& Tower with Radar,0,11,10,0,21,0,0,11,0,11,0,11,21,0,32,20,0,20,52
05/27/2013,MBS,MI,AGL,CE,Combined TRACON& Tower with Radar,0,22,14,0,36,0,0,11,0,11,0,22,25,0,47,44,0,44,91
05/28/2013,MBS,MI,AGL,CE,Combined TRACON& Tower with Radar,0,27,12,0,39,0,0,1,0,1,0,27,13,0,40,0,0,0,40
05/29/2013,MBS,MI,AGL,CE,Combined TRACON& Tower with Radar,0,32,26,0,58,0,3,5,0,8,0,35,31,0,66,6,0,6,72
05/30/2013,MBS,MI,AGL,CE,Combined TRACON& Tower with Radar,2,30,26,8,66,0,0,6,0,6,2,30,32,8,72,2,6,8,80
05/31/2013,MBS,MI,AGL,CE,Combined TRACON& Tower with Radar,0,24,9,2,35,0,0,1,0,1,0,24,10,2,36,10,2,12,48
06/01/2013,MBS,MI,AGL,CE,Combined TRACON& Tower with Radar,0,18,8,0,26,0,0,3,0,3,0,18,11,0,29,0,0,0,29
06/02/2013,MBS,MI,AGL,CE,Combined TRACON& Tower with Radar,0,19,27,0,46,0,0,6,0,6,0,19,33,0,52,12,0,12,64
06/03/2013,MBS,MI,AGL,CE,Combined TRACON& Tower with Radar,2,26,13,0,41,0,3,22,0,25,2,29,35,0,66,16,0,16,82
06/04/2013,MBS,MI,AGL,CE,Combined TRACON& Tower with Radar,0,32,20,0,52,0,3,19,0,22,0,35,39,0,74,26,0,26,100
06/05/2013,MBS,MI,AGL,CE,Combined TRACON& Tower with Radar,0,29,26,0,55,0,0,9,0,9,0,29,35,0,64,26,0,26,90
06/06/2013,MBS,MI,AGL,CE,Combined TRACON& Tower with Radar,0,28,16,1,45,0,0,15,0,15,0,28,31,1,60,14,2,16,76
06/07/2013,MBS,MI,AGL,CE,Combined TRACON& Tower with Radar,0,26,19,4,49,0,0,7,0,7,0,26,26,4,56,8,14,22,78
06/08/2013,MBS,MI,AGL,CE,Combined TRACON& Tower with Radar,2,16,0,0,18,0,0,4,0,4,2,16,4,0,22,0,0,0,22
06/09/2013,MBS,MI,AGL,CE,Combined TRACON& Tower with Radar,0,23,9,0,32,0,1,9,0,10,0,24,18,0,42,4,0,4,46
06/10/2013,MBS,MI,AGL,CE,Combined TRACON& Tower with Radar,0,26,30,0,56,0,0,0,0,0,0,26,30,0,56,22,0,22,78
06/11/2013,MBS,MI,AGL,CE,Combined TRACON& Tower with Radar,0,26,21,0,47,0,2,5,0,7,0,28,26,0,54,18,0,18,72
06/12/2013,MBS,MI,AGL,CE,Combined TRACON& Tower with Radar,0,19,16,0,35,0,0,7,0,7,0,19,23,0,42,0,0,0,42
06/13/2013,MBS,MI,AGL,CE,Combined TRACON& Tower with Radar,0,27,20,1,48,0,0,7,2,9,0,27,27,3,57,44,2,46,103
06/14/2013,MBS,MI,AGL,CE,Combined TRACON& Tower with Radar,0,25,24,0,49,0,0,14,0,14,0,25,38,0,63,42,0,42,105
06/15/2013,MBS,MI,AGL,CE,Combined TRACON& Tower with Radar,0,23,7,0,30,0,0,11,0,11,0,23,18,0,41,28,0,28,69
06/16/2013,MBS,MI,AGL,CE,Combined TRACON& Tower with Radar,2,21,10,0,33,0,0,5,0,5,2,21,15,0,38,0,0,0,38
06/17/2013,MBS,MI,AGL,CE,Combined TRACON& Tower with Radar,0,25,19,0,44,0,0,6,0,6,0,25,25,0,50,0,0,0,50
06/18/2013,MBS,MI,AGL,CE,Combined TRACON& Tower with Radar,0,27,20,0,47,0,0,7,1,8,0,27,27,1,55,12,0,12,67
06/19/2013,MBS,MI,AGL,CE,Combined TRACON& Tower with Radar,2,26,21,0,49,0,3,10,0,13,2,29,31,0,62,32,0,32,94
06/20/2013,MBS,MI,AGL,CE,Combined TRACON& Tower with Radar,0,27,19,0,46,0,1,9,0,10,0,28,28,0,56,20,0,20,76
06/21/2013,MBS,MI,AGL,CE,Combined TRACON& Tower with Radar,0,23,19,1,43,0,2,10,1,13,0,25,29,2,56,8,2,10,66
06/22/2013,MBS,MI,AGL,CE,Combined TRACON& Tower with Radar,0,25,10,0,35,0,0,7,0,7,0,25,17,0,42,8,0,8,50
06/23/2013,MBS,MI,AGL,CE,Combined TRACON& Tower with Radar,0,17,4,0,21,0,0,14,0,14,0,17,18,0,35,20,0,20,55
06/24/2013,MBS,MI,AGL,CE,Combined TRACON& Tower with Radar,0,26,24,0,50,0,2,13,0,15,0,28,37,0,65,4,0,4,69
06/25/2013,MBS,MI,AGL,CE,Combined TRACON& Tower with Radar,0,30,13,3,46,0,0,6,1,7,0,30,19,4,53,0,6,6,59
06/26/2013,MBS,MI,AGL,CE,Combined TRACON& Tower with Radar,2,31,18,0,51,0,2,9,0,11,2,33,27,0,62,2,0,2,64
06/27/2013,MBS,MI,AGL,CE,Combined TRACON& Tower with Radar,0,26,21,0,47,0,1,4,0,5,0,27,25,0,52,6,0,6,58
06/28/2013,MBS,MI,AGL,CE,Combined TRACON& Tower with Radar,2,25,9,0,36,0,0,0,0,0,2,25,9,0,36,2,0,2,38
06/29/2013,MBS,MI,AGL,CE,Combined TRACON& Tower with Radar,2,22,13,0,37,0,0,2,0,2,2,22,15,0,39,34,0,34,73
06/30/2013,MBS,MI,AGL,CE,Combined TRACON& Tower with Radar,0,16,13,0,29,0,3,17,0,20,0,19,30,0,49,46,0,46,95
07/01/2013,MBS,MI,AGL,CE,Combined TRACON& Tower with Radar,0,21,12,0,33,0,0,4,0,4,0,21,16,0,37,0,0,0,37
07/02/2013,MBS,MI,AGL,CE,Combined TRACON& Tower with Radar,0,23,20,2,45,0,0,11,2,13,0,23,31,4,58,30,4,34,92
07/03/2013,MBS,MI,AGL,CE,Combined TRACON& Tower with Radar,0,28,14,0,42,0,0,11,0,11,0,28,25,0,53,28,0,28,81
07/04/2013,MBS,MI,AGL,CE,Combined TRACON& Tower with Radar,0,14,2,0,16,0,0,2,0,2,0,14,4,0,18,4,0,4,22
07/05/2013,MBS,MI,AGL,CE,Combined TRACON& Tower with Radar,0,21,4,0,25,0,0,14,0,14,0,21,18,0,39,14,0,14,53
07/06/2013,MBS,MI,AGL,CE,Combined TRACON& Tower with Radar,0,22,4,0,26,0,0,18,0,18,0,22,22,0,44,14,0,14,58
07/07/2013,MBS,MI,AGL,CE,Combined TRACON& Tower with Radar,0,18,11,0,29,0,0,11,0,11,0,18,22,0,40,16,0,16,56
07/08/2013,MBS,MI,AGL,CE,Combined TRACON& Tower with Radar,0,23,21,0,44,0,0,4,0,4,0,23,25,0,48,2,0,2,50
07/09/2013,MBS,MI,AGL,CE,Combined TRACON& Tower with Radar,2,34,32,0,68,0,0,9,0,9,2,34,41,0,77,48,0,48,125
07/10/2013,MBS,MI,AGL,CE,Combined TRACON& Tower with Radar,0,26,23,0,49,0,0,16,0,16,0,26,39,0,65,12,0,12,77
07/11/2013,MBS,MI,AGL,CE,Combined TRACON& Tower with Radar,0,32,31,4,67,0,5,17,2,24,0,37,48,6,91,12,10,22,113
07/12/2013,MBS,MI,AGL,CE,Combined TRACON& Tower with Radar,2,26,26,1,55,0,1,28,1,30,2,27,54,2,85,14,0,14,99
07/13/2013,MBS,MI,AGL,CE,Combined TRACON& Tower with Radar,0,22,13,0,35,0,0,18,0,18,0,22,31,0,53,38,0,38,91
07/14/2013,MBS,MI,AGL,CE,Combined TRACON& Tower with Radar,0,15,14,0,29,0,0,20,0,20,0,15,34,0,49,46,0,46,95
07/15/2013,MBS,MI,AGL,CE,Combined TRACON& Tower with Radar,0,27,25,0,52,0,0,43,0,43,0,27,68,0,95,8,0,8,103
07/16/2013,MBS,MI,AGL,CE,Combined TRACON& Tower with Radar,0,25,8,1,34,0,6,7,1,14,0,31,15,2,48,2,0,2,50
07/17/2013,MBS,MI,AGL,CE,Combined TRACON& Tower with Radar,0,28,21,0,49,0,0,10,0,10,0,28,31,0,59,12,0,12,71
07/18/2013,MBS,MI,AGL,CE,Combined TRACON& Tower with Radar,0,23,32,0,55,0,2,6,0,8,0,25,38,0,63,6,0,6,69
07/19/2013,MBS,MI,AGL,CE,Combined TRACON& Tower with Radar,0,24,13,0,37,0,0,7,0,7,0,24,20,0,44,10,0,10,54
07/20/2013,MBS,MI,AGL,CE,Combined TRACON& Tower with Radar,0,19,11,0,30,0,4,21,2,27,0,23,32,2,57,38,0,38,95
07/21/2013,MBS,MI,AGL,CE,Combined TRACON& Tower with Radar,2,16,20,0,38,0,0,23,0,23,2,16,43,0,61,46,0,46,107
07/22/2013,MBS,MI,AGL,CE,Combined TRACON& Tower with Radar,0,25,22,0,47,0,0,11,0,11,0,25,33,0,58,0,0,0,58
07/23/2013,MBS,MI,AGL,CE,Combined TRACON& Tower with Radar,0,22,20,0,42,0,0,3,0,3,0,22,23,0,45,0,0,0,45
07/24/2013,MBS,MI,AGL,CE,Combined TRACON& Tower with Radar,0,31,25,0,56,0,0,13,0,13,0,31,38,0,69,48,0,48,117
07/25/2013,MBS,MI,AGL,CE,Combined TRACON& Tower with Radar,0,20,28,0,48,0,2,27,0,29,0,22,55,0,77,64,0,64,141
07/26/2013,MBS,MI,AGL,CE,Combined TRACON& Tower with Radar,0,24,29,0,53,0,0,6,0,6,0,24,35,0,59,4,0,4,63
07/27/2013,MBS,MI,AGL,CE,Combined TRACON& Tower with Radar,0,21,17,0,38,0,0,7,0,7,0,21,24,0,45,8,0,8,53
07/28/2013,MBS,MI,AGL,CE,Combined TRACON& Tower with Radar,0,18,39,0,57,0,0,5,0,5,0,18,44,0,62,4,0,4,66
07/29/2013,MBS,MI,AGL,CE,Combined TRACON& Tower with Radar,0,19,23,0,42,0,1,13,0,14,0,20,36,0,56,12,0,12,68
07/30/2013,MBS,MI,AGL,CE,Combined TRACON& Tower with Radar,0,24,33,0,57,0,8,24,0,32,0,32,57,0,89,26,0,26,115
07/31/2013,MBS,MI,AGL,CE,Combined TRACON& Tower with Radar,0,24,31,0,55,0,2,0,0,2,0,26,31,0,57,0,0,0,57
08/01/2013,MBS,MI,AGL,CE,Combined TRACON& Tower with Radar,0,22,35,0,57,0,4,12,0,16,0,26,47,0,73,12,0,12,85
08/02/2013,MBS,MI,AGL,CE,Combined TRACON& Tower with Radar,0,19,30,0,49,0,1,12,0,13,0,20,42,0,62,10,0,10,72
08/03/2013,MBS,MI,AGL,CE,Combined TRACON& Tower with Radar,0,19,7,0,26,0,2,9,0,11,0,21,16,0,37,6,0,6,43
08/04/2013,MBS,MI,AGL,CE,Combined TRACON& Tower with Radar,0,20,13,0,33,0,0,16,0,16,0,20,29,0,49,30,0,30,79
08/05/2013,MBS,MI,AGL,CE,Combined TRACON& Tower with Radar,0,20,19,0,39,0,0,18,0,18,0,20,37,0,57,14,0,14,71
08/06/2013,MBS,MI,AGL,CE,Combined TRACON& Tower with Radar,0,22,17,0,39,0,0,3,0,3,0,22,20,0,42,2,0,2,44
08/07/2013,MBS,MI,AGL,CE,Combined TRACON& Tower with Radar,0,22,20,0,42,0,0,7,0,7,0,22,27,0,49,20,0,20,69
08/08/2013,MBS,MI,AGL,CE,Combined TRACON& Tower with Radar,0,21,39,0,60,0,2,22,0,24,0,23,61,0,84,58,0,58,142
08/09/2013,MBS,MI,AGL,CE,Combined TRACON& Tower with Radar,0,24,29,0,53,0,0,12,0,12,0,24,41,0,65,40,0,40,105
08/10/2013,MBS,MI,AGL,CE,Combined TRACON& Tower with Radar,0,23,14,0,37,0,0,10,0,10,0,23,24,0,47,4,0,4,51
08/11/2013,MBS,MI,AGL,CE,Combined TRACON& Tower with Radar,0,22,9,0,31,0,0,16,0,16,0,22,25,0,47,24,0,24,71
08/12/2013,MBS,MI,AGL,CE,Combined TRACON& Tower with Radar,0,23,12,0,35,0,0,4,0,4,0,23,16,0,39,4,0,4,43
08/13/2013,MBS,MI,AGL,CE,Combined TRACON& Tower with Radar,0,22,22,0,44,0,1,12,0,13,0,23,34,0,57,20,0,20,77
08/14/2013,MBS,MI,AGL,CE,Combined TRACON& Tower with Radar,0,27,23,5,55,0,3,23,0,26,0,30,46,5,81,22,8,30,111
08/15/2013,MBS,MI,AGL,CE,Combined TRACON& Tower with Radar,0,24,19,0,43,0,2,13,0,15,0,26,32,0,58,12,0,12,70
08/16/2013,MBS,MI,AGL,CE,Combined TRACON& Tower with Radar,0,22,16,0,38,0,0,19,0,19,0,22,35,0,57,52,0,52,109
08/17/2013,MBS,MI,AGL,CE,Combined TRACON& Tower with Radar,0,22,7,0,29,0,0,29,0,29,0,22,36,0,58,52,0,52,110
08/18/2013,MBS,MI,AGL,CE,Combined TRACON& Tower with Radar,0,20,5,0,25,0,0,10,0,10,0,20,15,0,35,4,0,4,39
08/19/2013,MBS,MI,AGL,CE,Combined TRACON& Tower with Radar,0,21,18,0,39,0,0,16,0,16,0,21,34,0,55,16,0,16,71
08/20/2013,MBS,MI,AGL,CE,Combined TRACON& Tower with Radar,0,24,26,0,50,0,0,27,0,27,0,24,53,0,77,38,0,38,115
08/21/2013,MBS,MI,AGL,CE,Combined TRACON& Tower with Radar,0,23,19,6,48,0,1,5,0,6,0,24,24,6,54,12,6,18,72
08/22/2013,MBS,MI,AGL,CE,Combined TRACON& Tower with Radar,0,28,17,0,45,0,0,10,0,10,0,28,27,0,55,6,0,6,61
08/23/2013,MBS,MI,AGL,CE,Combined TRACON& Tower with Radar,0,27,14,0,41,0,0,4,0,4,0,27,18,0,45,76,0,76,121
08/24/2013,MBS,MI,AGL,CE,Combined TRACON& Tower with Radar,0,24,7,0,31,0,0,24,0,24,0,24,31,0,55,12,0,12,67
08/25/2013,MBS,MI,AGL,CE,Combined TRACON& Tower with Radar,0,21,10,0,31,0,0,9,0,9,0,21,19,0,40,4,0,4,44
08/26/2013,MBS,MI,AGL,CE,Combined TRACON& Tower with Radar,2,22,20,2,46,0,0,7,0,7,2,22,27,2,53,2,0,2,55
08/27/2013,MBS,MI,AGL,CE,Combined TRACON& Tower with Radar,0,24,11,0,35,0,0,0,0,0,0,24,11,0,35,0,0,0,35
08/28/2013,MBS,MI,AGL,CE,Combined TRACON& Tower with Radar,0,26,23,0,49,0,0,4,0,4,0,26,27,0,53,10,0,10,63
08/29/2013,MBS,MI,AGL,CE,Combined TRACON& Tower with Radar,0,22,24,2,48,0,0,10,0,10,0,22,34,2,58,8,0,8,66
08/30/2013,MBS,MI,AGL,CE,Combined TRACON& Tower with Radar,0,20,13,0,33,0,2,4,0,6,0,22,17,0,39,2,0,2,41
08/31/2013,MBS,MI,AGL,CE,Combined TRACON& Tower with Radar,0,18,13,0,31,0,1,17,0,18,0,19,30,0,49,30,0,30,79
09/01/2013,MBS,MI,AGL,CE,Combined TRACON& Tower with Radar,0,13,7,0,20,0,2,1,0,3,0,15,8,0,23,4,0,4,27
09/02/2013,MBS,MI,AGL,CE,Combined TRACON& Tower with Radar,0,19,6,0,25,0,0,6,0,6,0,19,12,0,31,4,0,4,35
09/03/2013,MBS,MI,AGL,CE,Combined TRACON& Tower with Radar,0,21,14,0,35,0,0,13,0,13,0,21,27,0,48,6,0,6,54
09/04/2013,MBS,MI,AGL,CE,Combined TRACON& Tower with Radar,2,24,19,6,51,0,0,13,0,13,2,24,32,6,64,36,4,40,104
09/05/2013,MBS,MI,AGL,CE,Combined TRACON& Tower with Radar,0,23,25,0,48,0,1,15,0,16,0,24,40,0,64,49,0,49,113
09/06/2013,MBS,MI,AGL,CE,Combined TRACON& Tower with Radar,0,26,17,0,43,0,0,13,2,15,0,26,30,2,58,24,0,24,82
09/07/2013,MBS,MI,AGL,CE,Combined TRACON& Tower with Radar,0,19,5,0,24,0,0,3,0,3,0,19,8,0,27,4,0,4,31
09/08/2013,MBS,MI,AGL,CE,Combined TRACON& Tower with Radar,0,21,20,0,41,0,0,10,0,10,0,21,30,0,51,30,0,30,81
09/09/2013,MBS,MI,AGL,CE,Combined TRACON& Tower with Radar,0,22,19,0,41,0,2,6,0,8,0,24,25,0,49,18,0,18,67
09/10/2013,MBS,MI,AGL,CE,Combined TRACON& Tower with Radar,0,18,19,0,37,0,1,5,0,6,0,19,24,0,43,16,0,16,59
09/11/2013,MBS,MI,AGL,CE,Combined TRACON& Tower with Radar,0,29,10,0,39,0,0,11,0,11,0,29,21,0,50,20,0,20,70
09/12/2013,MBS,MI,AGL,CE,Combined TRACON& Tower with Radar,0,22,24,0,46,0,0,9,0,9,0,22,33,0,55,14,0,14,69
09/13/2013,MBS,MI,AGL,CE,Combined TRACON& Tower with Radar,0,22,28,0,50,0,0,6,0,6,0,22,34,0,56,36,0,36,92
09/14/2013,MBS,MI,AGL,CE,Combined TRACON& Tower with Radar,0,18,9,0,27,0,0,25,0,25,0,18,34,0,52,46,0,46,98
09/15/2013,MBS,MI,AGL,CE,Combined TRACON& Tower with Radar,0,17,9,0,26,0,0,6,0,6,0,17,15,0,32,8,0,8,40
09/16/2013,MBS,MI,AGL,CE,Combined TRACON& Tower with Radar,0,23,20,0,43,0,0,7,0,7,0,23,27,0,50,18,0,18,68
09/17/2013,MBS,MI,AGL,CE,Combined TRACON& Tower with Radar,0,24,17,0,41,0,0,12,0,12,0,24,29,0,53,20,0,20,73
09/18/2013,MBS,MI,AGL,CE,Combined TRACON& Tower with Radar,2,23,37,0,62,0,0,20,0,20,2,23,57,0,82,32,0,32,114
09/19/2013,MBS,MI,AGL,CE,Combined TRACON& Tower with Radar,0,18,19,0,37,0,0,7,0,7,0,18,26,0,44,10,0,10,54
09/20/2013,MBS,MI,AGL,CE,Combined TRACON& Tower with Radar,0,22,20,2,44,0,0,0,0,0,0,22,20,2,44,2,2,4,48
09/21/2013,MBS,MI,AGL,CE,Combined TRACON& Tower with Radar,2,20,19,0,41,0,0,7,0,7,2,20,26,0,48,20,0,20,68
09/22/2013,MBS,MI,AGL,CE,Combined TRACON& Tower with Radar,0,20,8,0,28,0,0,6,0,6,0,20,14,0,34,12,0,12,46
09/23/2013,MBS,MI,AGL,CE,Combined TRACON& Tower with Radar,0,20,15,0,35,0,0,11,0,11,0,20,26,0,46,6,0,6,52
09/24/2013,MBS,MI,AGL,CE,Combined TRACON& Tower with Radar,0,22,14,0,36,0,0,12,0,12,0,22,26,0,48,20,0,20,68
09/25/2013,MBS,MI,AGL,CE,Combined TRACON& Tower with Radar,0,26,25,1,52,0,0,9,1,10,0,26,34,2,62,58,2,60,122
09/26/2013,MBS,MI,AGL,CE,Combined TRACON& Tower with Radar,0,28,27,0,55,0,0,9,0,9,0,28,36,0,64,10,0,10,74
09/27/2013,MBS,MI,AGL,CE,Combined TRACON& Tower with Radar,2,22,24,0,48,0,0,11,0,11,2,22,35,0,59,8,0,8,67
09/28/2013,MBS,MI,AGL,CE,Combined TRACON& Tower with Radar,0,17,13,0,30,0,0,10,0,10,0,17,23,0,40,14,0,14,54
09/29/2013,MBS,MI,AGL,CE,Combined TRACON& Tower with Radar,0,19,16,0,35,0,0,3,0,3,0,19,19,0,38,10,0,10,48
09/30/2013,MBS,MI,AGL,CE,Combined TRACON& Tower with Radar,0,20,22,0,42,0,0,7,0,7,0,20,29,0,49,10,0,10,59
10/01/2013,MBS,MI,AGL,CE,Combined TRACON& Tower with Radar,0,20,20,0,40,0,0,4,0,4,0,20,24,0,44,0,0,0,44
10/02/2013,MBS,MI,AGL,CE,Combined TRACON& Tower with Radar,2,23,26,0,51,0,0,19,0,19,2,23,45,0,70,32,0,32,102
10/03/2013,MBS,MI,AGL,CE,Combined TRACON& Tower with Radar,0,24,9,0,33,0,0,2,0,2,0,24,11,0,35,0,0,0,35
10/04/2013,MBS,MI,AGL,CE,Combined TRACON& Tower with Radar,0,22,16,0,38,0,0,7,0,7,0,22,23,0,45,2,0,2,47
10/05/2013,MBS,MI,AGL,CE,Combined TRACON& Tower with Radar,0,18,11,0,29,0,0,0,0,0,0,18,11,0,29,8,0,8,37
10/06/2013,MBS,MI,AGL,CE,Combined TRACON& Tower with Radar,0,24,10,0,34,0,0,0,0,0,0,24,10,0,34,0,0,0,34
10/07/2013,MBS,MI,AGL,CE,Combined TRACON& Tower with Radar,0,20,9,0,29,0,0,2,0,2,0,20,11,0,31,0,0,0,31
10/08/2013,MBS,MI,AGL,CE,Combined TRACON& Tower with Radar,0,20,16,0,36,0,0,10,0,10,0,20,26,0,46,34,0,34,80
10/09/2013,MBS,MI,AGL,CE,Combined TRACON& Tower with Radar,0,34,26,0,60,0,1,18,0,19,0,35,44,0,79,18,0,18,97
10/10/2013,MBS,MI,AGL,CE,Combined TRACON& Tower with Radar,0,25,31,0,56,0,1,16,0,17,0,26,47,0,73,16,0,16,89
10/11/2013,MBS,MI,AGL,CE,Combined TRACON& Tower with Radar,0,24,17,0,41,0,2,23,0,25,0,26,40,0,66,20,0,20,86
10/12/2013,MBS,MI,AGL,CE,Combined TRACON& Tower with Radar,0,18,8,0,26,0,0,6,0,6,0,18,14,0,32,6,0,6,38
10/13/2013,MBS,MI,AGL,CE,Combined TRACON& Tower with Radar,0,20,11,0,31,0,0,10,0,10,0,20,21,0,41,10,0,10,51
10/14/2013,MBS,MI,AGL,CE,Combined TRACON& Tower with Radar,0,20,16,0,36,0,0,17,0,17,0,20,33,0,53,16,0,16,69
10/15/2013,MBS,MI,AGL,CE,Combined TRACON& Tower with Radar,0,23,15,0,38,0,0,4,0,4,0,23,19,0,42,8,0,8,50
10/16/2013,MBS,MI,AGL,CE,Combined TRACON& Tower with Radar,2,23,17,0,42,0,0,4,0,4,2,23,21,0,46,2,0,2,48
10/17/2013,MBS,MI,AGL,CE,Combined TRACON& Tower with Radar,0,24,22,0,46,0,0,0,2,2,0,24,22,2,48,4,0,4,52
10/18/2013,MBS,MI,AGL,CE,Combined TRACON& Tower with Radar,0,23,18,0,41,0,0,5,0,5,0,23,23,0,46,10,0,10,56
10/19/2013,MBS,MI,AGL,CE,Combined TRACON& Tower with Radar,2,19,4,0,25,0,0,6,0,6,2,19,10,0,31,8,0,8,39
10/20/2013,MBS,MI,AGL,CE,Combined TRACON& Tower with Radar,0,20,14,0,34,0,0,9,1,10,0,20,23,1,44,10,0,10,54
10/21/2013,MBS,MI,AGL,CE,Combined TRACON& Tower with Radar,0,21,11,0,32,0,0,0,0,0,0,21,11,0,32,0,0,0,32
10/22/2013,MBS,MI,AGL,CE,Combined TRACON& Tower with Radar,0,21,16,1,38,0,0,12,1,13,0,21,28,2,51,6,0,6,57
10/23/2013,MBS,MI,AGL,CE,Combined TRACON& Tower with Radar,0,22,17,0,39,0,0,4,0,4,0,22,21,0,43,16,0,16,59
10/24/2013,MBS,MI,AGL,CE,Combined TRACON& Tower with Radar,0,22,19,0,41,0,0,8,0,8,0,22,27,0,49,8,0,8,57
10/25/2013,MBS,MI,AGL,CE,Combined TRACON& Tower with Radar,0,22,21,0,43,0,0,7,0,7,0,22,28,0,50,36,0,36,86
10/26/2013,MBS,MI,AGL,CE,Combined TRACON& Tower with Radar,0,18,6,0,24,0,0,18,0,18,0,18,24,0,42,6,0,6,48
10/27/2013,MBS,MI,AGL,CE,Combined TRACON& Tower with Radar,0,20,20,0,40,0,0,21,0,21,0,20,41,0,61,34,0,34,95
10/28/2013,MBS,MI,AGL,CE,Combined TRACON& Tower with Radar,0,27,20,0,47,0,0,10,0,10,0,27,30,0,57,0,0,0,57
10/29/2013,MBS,MI,AGL,CE,Combined TRACON& Tower with Radar,0,23,20,0,43,0,0,8,0,8,0,23,28,0,51,22,0,22,73
10/30/2013,MBS,MI,AGL,CE,Combined TRACON& Tower with Radar,0,26,26,0,52,0,0,17,0,17,0,26,43,0,69,22,0,22,91
10/31/2013,MBS,MI,AGL,CE,Combined TRACON& Tower with Radar,0,18,16,0,34,0,0,0,0,0,0,18,16,0,34,4,0,4,38
11/01/2013,MBS,MI,AGL,CE,Combined TRACON& Tower with Radar,0,20,15,0,35,0,0,1,0,1,0,20,16,0,36,0,0,0,36
11/02/2013,MBS,MI,AGL,CE,Combined TRACON& Tower with Radar,0,18,1,0,19,0,0,4,0,4,0,18,5,0,23,0,0,0,23
11/03/2013,MBS,MI,AGL,CE,Combined TRACON& Tower with Radar,0,23,23,0,46,0,0,20,0,20,0,23,43,0,66,34,0,34,100
11/04/2013,MBS,MI,AGL,CE,Combined TRACON& Tower with Radar,0,20,11,0,31,0,0,3,0,3,0,20,14,0,34,0,0,0,34
11/05/2013,MBS,MI,AGL,CE,Combined TRACON& Tower with Radar,0,19,17,1,37,0,0,13,2,15,0,19,30,3,52,30,0,30,82
11/06/2013,MBS,MI,AGL,CE,Combined TRACON& Tower with Radar,0,20,19,0,39,0,0,0,0,0,0,20,19,0,39,2,0,2,41
11/07/2013,MBS,MI,AGL,CE,Combined TRACON& Tower with Radar,0,26,16,0,42,0,0,5,0,5,0,26,21,0,47,4,0,4,51
11/08/2013,MBS,MI,AGL,CE,Combined TRACON& Tower with Radar,0,23,20,0,43,0,0,6,0,6,0,23,26,0,49,4,0,4,53
11/09/2013,MBS,MI,AGL,CE,Combined TRACON& Tower with Radar,0,17,7,0,24,0,0,4,0,4,0,17,11,0,28,0,0,0,28
11/10/2013,MBS,MI,AGL,CE,Combined TRACON& Tower with Radar,0,22,13,0,35,0,0,3,0,3,0,22,16,0,38,2,0,2,40
11/11/2013,MBS,MI,AGL,CE,Combined TRACON& Tower with Radar,0,20,13,0,33,0,0,2,0,2,0,20,15,0,35,0,0,0,35
11/12/2013,MBS,MI,AGL,CE,Combined TRACON& Tower with Radar,0,22,20,0,42,0,0,13,0,13,0,22,33,0,55,22,0,22,77
11/13/2013,MBS,MI,AGL,CE,Combined TRACON& Tower with Radar,0,23,21,0,44,0,0,7,0,7,0,23,28,0,51,6,0,6,57
11/14/2013,MBS,MI,AGL,CE,Combined TRACON& Tower with Radar,0,21,24,0,45,0,0,15,4,19,0,21,39,4,64,30,0,30,94
11/15/2013,MBS,MI,AGL,CE,Combined TRACON& Tower with Radar,0,21,22,0,43,0,0,9,0,9,0,21,31,0,52,14,0,14,66
11/16/2013,MBS,MI,AGL,CE,Combined TRACON& Tower with Radar,0,16,11,0,27,0,0,8,0,8,0,16,19,0,35,4,0,4,39
11/17/2013,MBS,MI,AGL,CE,Combined TRACON& Tower with Radar,0,15,7,0,22,0,0,1,0,1,0,15,8,0,23,0,0,0,23
11/18/2013,MBS,MI,AGL,CE,Combined TRACON& Tower with Radar,0,23,15,0,38,0,0,0,0,0,0,23,15,0,38,0,0,0,38
11/19/2013,MBS,MI,AGL,CE,Combined TRACON& Tower with Radar,0,22,18,0,40,0,0,12,0,12,0,22,30,0,52,30,0,30,82
11/20/2013,MBS,MI,AGL,CE,Combined TRACON& Tower with Radar,0,25,25,0,50,0,1,13,0,14,0,26,38,0,64,26,0,26,90
11/21/2013,MBS,MI,AGL,CE,Combined TRACON& Tower with Radar,0,22,13,0,35,0,0,2,0,2,0,22,15,0,37,4,0,4,41
11/22/2013,MBS,MI,AGL,CE,Combined TRACON& Tower with Radar,0,23,20,2,45,0,0,13,0,13,0,23,33,2,58,24,2,26,84
11/23/2013,MBS,MI,AGL,CE,Combined TRACON& Tower with Radar,0,16,1,0,17,0,0,12,0,12,0,16,13,0,29,0,0,0,29
11/24/2013,MBS,MI,AGL,CE,Combined TRACON& Tower with Radar,0,13,9,0,22,0,0,10,0,10,0,13,19,0,32,28,0,28,60
11/25/2013,MBS,MI,AGL,CE,Combined TRACON& Tower with Radar,0,14,13,0,27,0,0,1,0,1,0,14,14,0,28,8,0,8,36
11/26/2013,MBS,MI,AGL,CE,Combined TRACON& Tower with Radar,0,26,20,2,48,0,0,2,0,2,0,26,22,2,50,0,0,0,50
11/27/2013,MBS,MI,AGL,CE,Combined TRACON& Tower with Radar,0,23,18,0,41,0,0,7,0,7,0,23,25,0,48,10,0,10,58
11/28/2013,MBS,MI,AGL,CE,Combined TRACON& Tower with Radar,0,11,2,0,13,0,0,0,0,0,0,11,2,0,13,0,0,0,13
11/29/2013,MBS,MI,AGL,CE,Combined TRACON& Tower with Radar,0,10,16,0,26,0,0,0,0,0,0,10,16,0,26,8,0,8,34
11/30/2013,MBS,MI,AGL,CE,Combined TRACON& Tower with Radar,0,19,3,0,22,0,0,7,0,7,0,19,10,0,29,6,0,6,35
12/01/2013,MBS,MI,AGL,CE,Combined TRACON& Tower with Radar,2,22,16,0,40,0,0,1,0,1,2,22,17,0,41,0,0,0,41
12/02/2013,MBS,MI,AGL,CE,Combined TRACON& Tower with Radar,0,23,17,0,40,0,0,12,0,12,0,23,29,0,52,10,0,10,62
12/03/2013,MBS,MI,AGL,CE,Combined TRACON& Tower with Radar,0,22,17,0,39,0,0,0,0,0,0,22,17,0,39,0,0,0,39
12/04/2013,MBS,MI,AGL,CE,Combined TRACON& Tower with Radar,0,24,7,0,31,0,0,0,0,0,0,24,7,0,31,0,0,0,31
12/05/2013,MBS,MI,AGL,CE,Combined TRACON& Tower with Radar,0,27,15,0,42,0,0,12,0,12,0,27,27,0,54,2,0,2,56
12/06/2013,MBS,MI,AGL,CE,Combined TRACON& Tower with Radar,0,21,13,0,34,0,0,8,0,8,0,21,21,0,42,2,0,2,44
12/07/2013,MBS,MI,AGL,CE,Combined TRACON& Tower with Radar,0,16,9,0,25,0,0,30,0,30,0,16,39,0,55,0,0,0,55
12/08/2013,MBS,MI,AGL,CE,Combined TRACON& Tower with Radar,0,20,10,0,30,0,0,11,0,11,0,20,21,0,41,40,0,40,81
12/09/2013,MBS,MI,AGL,CE,Combined TRACON& Tower with Radar,0,19,6,0,25,0,0,0,0,0,0,19,6,0,25,0,0,0,25
12/10/2013,MBS,MI,AGL,CE,Combined TRACON& Tower with Radar,0,24,17,0,41,0,0,1,0,1,0,24,18,0,42,0,0,0,42
12/11/2013,MBS,MI,AGL,CE,Combined TRACON& Tower with Radar,0,29,18,0,47,0,0,9,2,11,0,29,27,2,58,8,0,8,66
12/12/2013,MBS,MI,AGL,CE,Combined TRACON& Tower with Radar,0,29,24,0,53,0,0,1,0,1,0,29,25,0,54,2,0,2,56
12/13/2013,MBS,MI,AGL,CE,Combined TRACON& Tower with Radar,0,22,12,0,34,0,1,6,0,7,0,23,18,0,41,0,0,0,41
12/14/2013,MBS,MI,AGL,CE,Combined TRACON& Tower with Radar,0,14,6,0,20,0,0,0,0,0,0,14,6,0,20,0,0,0,20
12/15/2013,MBS,MI,AGL,CE,Combined TRACON& Tower with Radar,0,20,7,0,27,0,0,0,0,0,0,20,7,0,27,6,0,6,33
12/16/2013,MBS,MI,AGL,CE,Combined TRACON& Tower with Radar,0,23,16,0,39,0,0,6,0,6,0,23,22,0,45,12,0,12,57
12/17/2013,MBS,MI,AGL,CE,Combined TRACON& Tower with Radar,0,25,20,1,46,0,0,2,0,2,0,25,22,1,48,0,0,0,48
12/18/2013,MBS,MI,AGL,CE,Combined TRACON& Tower with Radar,0,22,12,3,37,0,0,12,1,13,0,22,24,4,50,10,6,16,66
12/19/2013,MBS,MI,AGL,CE,Combined TRACON& Tower with Radar,0,25,11,0,36,0,0,7,0,7,0,25,18,0,43,0,0,0,43
12/20/2013,MBS,MI,AGL,CE,Combined TRACON& Tower with Radar,0,19,16,0,35,0,0,0,0,0,0,19,16,0,35,0,0,0,35
12/21/2013,MBS,MI,AGL,CE,Combined TRACON& Tower with Radar,0,17,2,0,19,0,0,0,0,0,0,17,2,0,19,0,0,0,19
12/22/2013,MBS,MI,AGL,CE,Combined TRACON& Tower with Radar,0,11,2,0,13,0,0,0,0,0,0,11,2,0,13,0,0,0,13
12/23/2013,MBS,MI,AGL,CE,Combined TRACON& Tower with Radar,10,15,4,0,29,2,0,2,0,4,12,15,6,0,33,10,0,10,43
12/24/2013,MBS,MI,AGL,CE,Combined TRACON& Tower with Radar,0,13,7,0,20,0,0,3,0,3,0,13,10,0,23,14,0,14,37
12/25/2013,MBS,MI,AGL,CE,Combined TRACON& Tower with Radar,0,12,0,0,12,0,0,0,0,0,0,12,0,0,12,0,0,0,12
12/26/2013,MBS,MI,AGL,CE,Combined TRACON& Tower with Radar,0,18,7,0,25,0,0,2,0,2,0,18,9,0,27,4,0,4,31
12/27/2013,MBS,MI,AGL,CE,Combined TRACON& Tower with Radar,0,21,15,0,36,0,0,0,0,0,0,21,15,0,36,14,0,14,50
12/28/2013,MBS,MI,AGL,CE,Combined TRACON& Tower with Radar,0,20,12,0,32,0,0,19,0,19,0,20,31,0,51,46,0,46,97
12/29/2013,MBS,MI,AGL,CE,Combined TRACON& Tower with Radar,0,12,2,0,14,0,0,5,0,5,0,12,7,0,19,0,0,0,19
12/30/2013,MBS,MI,AGL,CE,Combined TRACON& Tower with Radar,2,14,3,0,19,0,0,4,0,4,2,14,7,0,23,12,0,12,35
12/31/2013,MBS,MI,AGL,CE,Combined TRACON& Tower with Radar,0,16,3,0,19,0,0,1,0,1,0,16,4,0,20,0,0,0,20
01/01/2014,MBS,MI,AGL,CE,Combined TRACON& Tower with Radar,0,12,2,0,14,0,0,0,0,0,0,12,2,0,14,0,0,0,14
01/02/2014,MBS,MI,AGL,CE,Combined TRACON& Tower with Radar,0,12,3,0,15,0,0,3,0,3,0,12,6,0,18,0,0,0,18
01/03/2014,MBS,MI,AGL,CE,Combined TRACON& Tower with Radar,0,17,12,0,29,0,0,9,0,9,0,17,21,0,38,2,0,2,40
01/04/2014,MBS,MI,AGL,CE,Combined TRACON& Tower with Radar,0,19,3,0,22,0,1,4,0,5,0,20,7,0,27,4,0,4,31
01/05/2014,MBS,MI,AGL,CE,Combined TRACON& Tower with Radar,0,8,4,0,12,0,0,0,0,0,0,8,4,0,12,0,0,0,12
01/06/2014,MBS,MI,AGL,CE,Combined TRACON& Tower with Radar,0,3,4,0,7,0,0,0,0,0,0,3,4,0,7,0,0,0,7
01/07/2014,MBS,MI,AGL,CE,Combined TRACON& Tower with Radar,0,5,22,0,27,0,0,0,0,0,0,5,22,0,27,4,0,4,31
01/08/2014,MBS,MI,AGL,CE,Combined TRACON& Tower with Radar,0,17,10,0,27,0,0,4,0,4,0,17,14,0,31,0,0,0,31
01/09/2014,MBS,MI,AGL,CE,Combined TRACON& Tower with Radar,0,22,13,0,35,0,0,0,0,0,0,22,13,0,35,0,0,0,35
01/10/2014,MBS,MI,AGL,CE,Combined TRACON& Tower with Radar,0,21,13,0,34,0,0,0,0,0,0,21,13,0,34,0,0,0,34
01/11/2014,MBS,MI,AGL,CE,Combined TRACON& Tower with Radar,0,12,6,0,18,0,0,0,0,0,0,12,6,0,18,0,0,0,18
01/12/2014,MBS,MI,AGL,CE,Combined TRACON& Tower with Radar,0,21,19,0,40,0,0,13,0,13,0,21,32,0,53,34,0,34,87
01/13/2014,MBS,MI,AGL,CE,Combined TRACON& Tower with Radar,0,19,9,0,28,0,0,5,0,5,0,19,14,0,33,4,0,4,37
01/14/2014,MBS,MI,AGL,CE,Combined TRACON& Tower with Radar,0,20,11,0,31,0,0,3,0,3,0,20,14,0,34,24,0,24,58
01/15/2014,MBS,MI,AGL,CE,Combined TRACON& Tower with Radar,0,22,31,2,55,0,0,6,0,6,0,22,37,2,61,10,4,14,75
01/16/2014,MBS,MI,AGL,CE,Combined TRACON& Tower with Radar,0,23,12,0,35,0,0,0,0,0,0,23,12,0,35,0,0,0,35
01/17/2014,MBS,MI,AGL,CE,Combined TRACON& Tower with Radar,0,22,15,0,37,0,0,0,0,0,0,22,15,0,37,0,0,0,37
01/18/2014,MBS,MI,AGL,CE,Combined TRACON& Tower with Radar,0,12,19,0,31,0,0,0,0,0,0,12,19,0,31,16,0,16,47
01/19/2014,MBS,MI,AGL,CE,Combined TRACON& Tower with Radar,0,16,5,0,21,0,0,3,0,3,0,16,8,0,24,10,0,10,34
01/20/2014,MBS,MI,AGL,CE,Combined TRACON& Tower with Radar,0,21,12,0,33,0,0,2,0,2,0,21,14,0,35,10,0,10,45
01/21/2014,MBS,MI,AGL,CE,Combined TRACON& Tower with Radar,0,22,10,0,32,0,1,5,0,6,0,23,15,0,38,6,0,6,44
01/22/2014,MBS,MI,AGL,CE,Combined TRACON& Tower with Radar,0,20,15,0,35,0,0,0,0,0,0,20,15,0,35,0,0,0,35
01/23/2014,MBS,MI,AGL,CE,Combined TRACON& Tower with Radar,2,21,12,0,35,0,0,1,0,1,2,21,13,0,36,2,0,2,38
01/24/2014,MBS,MI,AGL,CE,Combined TRACON& Tower with Radar,0,14,11,2,27,0,0,0,0,0,0,14,11,2,27,0,0,0,27
01/25/2014,MBS,MI,AGL,CE,Combined TRACON& Tower with Radar,0,15,6,0,21,0,0,0,0,0,0,15,6,0,21,0,0,0,21
01/26/2014,MBS,MI,AGL,CE,Combined TRACON& Tower with Radar,0,16,10,0,26,0,0,0,0,0,0,16,10,0,26,0,0,0,26
01/27/2014,MBS,MI,AGL,CE,Combined TRACON& Tower with Radar,0,12,9,0,21,0,0,0,0,0,0,12,9,0,21,0,0,0,21
01/28/2014,MBS,MI,AGL,CE,Combined TRACON& Tower with Radar,0,23,13,0,36,0,0,2,0,2,0,23,15,0,38,2,0,2,40
01/29/2014,MBS,MI,AGL,CE,Combined TRACON& Tower with Radar,2,21,11,0,34,0,0,3,0,3,2,21,14,0,37,10,0,10,47
01/30/2014,MBS,MI,AGL,CE,Combined TRACON& Tower with Radar,0,16,13,0,29,0,0,0,0,0,0,16,13,0,29,0,0,0,29
01/31/2014,MBS,MI,AGL,CE,Combined TRACON& Tower with Radar,0,18,14,0,32,0,0,13,0,13,0,18,27,0,45,24,0,24,69
02/01/2014,MBS,MI,AGL,CE,Combined TRACON& Tower with Radar,1,10,3,0,14,0,0,0,0,0,1,10,3,0,14,0,0,0,14
02/02/2014,MBS,MI,AGL,CE,Combined TRACON& Tower with Radar,1,13,5,0,19,0,0,0,0,0,1,13,5,0,19,16,0,16,35
02/03/2014,MBS,MI,AGL,CE,Combined TRACON& Tower with Radar,0,19,17,0,36,0,1,6,0,7,0,20,23,0,43,26,0,26,69
02/04/2014,MBS,MI,AGL,CE,Combined TRACON& Tower with Radar,0,24,18,0,42,0,2,11,0,13,0,26,29,0,55,40,0,40,95
02/05/2014,MBS,MI,AGL,CE,Combined TRACON& Tower with Radar,0,20,11,0,31,0,0,1,0,1,0,20,12,0,32,2,0,2,34
02/06/2014,MBS,MI,AGL,CE,Combined TRACON& Tower with Radar,0,18,16,2,36,0,0,0,0,0,0,18,16,2,36,10,0,10,46
02/07/2014,MBS,MI,AGL,CE,Combined TRACON& Tower with Radar,0,20,22,4,46,0,0,2,0,2,0,20,24,4,48,6,4,10,58
02/08/2014,MBS,MI,AGL,CE,Combined TRACON& Tower with Radar,0,14,5,0,19,0,3,6,0,9,0,17,11,0,28,16,0,16,44
02/09/2014,MBS,MI,AGL,CE,Combined TRACON& Tower with Radar,0,18,5,2,25,0,0,2,0,2,0,18,7,2,27,4,0,4,31
02/10/2014,MBS,MI,AGL,CE,Combined TRACON& Tower with Radar,0,19,9,0,28,0,0,2,0,2,0,19,11,0,30,2,0,2,32
02/11/2014,MBS,MI,AGL,CE,Combined TRACON& Tower with Radar,0,24,18,0,42,0,0,14,0,14,0,24,32,0,56,30,0,30,86
02/12/2014,MBS,MI,AGL,CE,Combined TRACON& Tower with Radar,0,29,28,0,57,0,0,3,0,3,0,29,31,0,60,10,0,10,70
02/13/2014,MBS,MI,AGL,CE,Combined TRACON& Tower with Radar,0,29,20,0,49,0,1,0,0,1,0,30,20,0,50,4,0,4,54
02/14/2014,MBS,MI,AGL,CE,Combined TRACON& Tower with Radar,0,18,17,0,35,0,0,0,0,0,0,18,17,0,35,0,0,0,35
02/15/2014,MBS,MI,AGL,CE,Combined TRACON& Tower with Radar,0,17,9,0,26,0,0,18,0,18,0,17,27,0,44,32,0,32,76
02/16/2014,MBS,MI,AGL,CE,Combined TRACON& Tower with Radar,0,15,4,0,19,0,0,3,0,3,0,15,7,0,22,0,0,0,22
02/17/2014,MBS,MI,AGL,CE,Combined TRACON& Tower with Radar,0,12,11,0,23,0,0,4,0,4,0,12,15,0,27,6,0,6,33
02/18/2014,MBS,MI,AGL,CE,Combined TRACON& Tower with Radar,0,24,17,2,43,0,0,13,0,13,0,24,30,2,56,12,8,20,76
02/19/2014,MBS,MI,AGL,CE,Combined TRACON& Tower with Radar,0,22,16,0,38,0,0,8,0,8,0,22,24,0,46,12,0,12,58
02/20/2014,MBS,MI,AGL,CE,Combined TRACON& Tower with Radar,0,17,13,0,30,0,0,0,0,0,0,17,13,0,30,0,0,0,30
02/21/2014,MBS,MI,AGL,CE,Combined TRACON& Tower with Radar,0,18,11,0,29,0,0,0,0,0,0,18,11,0,29,0,0,0,29
02/22/2014,MBS,MI,AGL,CE,Combined TRACON& Tower with Radar,0,19,5,0,24,0,0,1,0,1,0,19,6,0,25,0,0,0,25
02/23/2014,MBS,MI,AGL,CE,Combined TRACON& Tower with Radar,0,17,8,0,25,0,0,4,0,4,0,17,12,0,29,22,0,22,51
02/24/2014,MBS,MI,AGL,CE,Combined TRACON& Tower with Radar,0,20,9,0,29,0,0,1,0,1,0,20,10,0,30,0,0,0,30
02/25/2014,MBS,MI,AGL,CE,Combined TRACON& Tower with Radar,0,21,12,0,33,0,0,4,0,4,0,21,16,0,37,0,0,0,37
02/26/2014,MBS,MI,AGL,CE,Combined TRACON& Tower with Radar,0,21,14,0,35,0,0,2,0,2,0,21,16,0,37,4,0,4,41
02/27/2014,MBS,MI,AGL,CE,Combined TRACON& Tower with Radar,0,20,19,2,41,0,0,1,0,1,0,20,20,2,42,0,0,0,42
02/28/2014,MBS,MI,AGL,CE,Combined TRACON& Tower with Radar,0,20,16,0,36,0,0,8,0,8,0,20,24,0,44,26,0,26,70
03/01/2014,MBS,MI,AGL,CE,Combined TRACON& Tower with Radar,2,15,2,0,19,0,0,0,0,0,2,15,2,0,19,0,0,0,19
03/02/2014,MBS,MI,AGL,CE,Combined TRACON& Tower with Radar,0,20,7,0,27,0,0,6,0,6,0,20,13,0,33,14,0,14,47
03/03/2014,MBS,MI,AGL,CE,Combined TRACON& Tower with Radar,0,18,16,0,34,0,0,12,0,12,0,18,28,0,46,16,0,16,62
03/04/2014,MBS,MI,AGL,CE,Combined TRACON& Tower with Radar,0,20,12,0,32,0,0,0,0,0,0,20,12,0,32,0,0,0,32
03/05/2014,MBS,MI,AGL,CE,Combined TRACON& Tower with Radar,0,20,16,0,36,0,0,9,0,9,0,20,25,0,45,16,0,16,61
03/06/2014,MBS,MI,AGL,CE,Combined TRACON& Tower with Radar,0,22,10,0,32,0,0,10,0,10,0,22,20,0,42,22,0,22,64
03/07/2014,MBS,MI,AGL,CE,Combined TRACON& Tower with Radar,0,20,26,0,46,0,3,14,0,17,0,23,40,0,63,24,0,24,87
03/08/2014,MBS,MI,AGL,CE,Combined TRACON& Tower with Radar,0,16,2,0,18,0,0,8,0,8,0,16,10,0,26,14,0,14,40
03/09/2014,MBS,MI,AGL,CE,Combined TRACON& Tower with Radar,0,19,13,0,32,0,1,16,2,19,0,20,29,2,51,40,0,40,91
03/10/2014,MBS,MI,AGL,CE,Combined TRACON& Tower with Radar,2,18,13,0,33,0,0,13,0,13,2,18,26,0,46,14,0,14,60
03/11/2014,MBS,MI,AGL,CE,Combined TRACON& Tower with Radar,0,20,20,0,40,0,0,8,0,8,0,20,28,0,48,12,0,12,60
03/12/2014,MBS,MI,AGL,CE,Combined TRACON& Tower with Radar,2,8,12,0,22,0,0,0,2,2,2,8,12,2,24,0,0,0,24
03/13/2014,MBS,MI,AGL,CE,Combined TRACON& Tower with Radar,0,22,15,0,37,0,0,10,0,10,0,22,25,0,47,36,0,36,83
03/14/2014,MBS,MI,AGL,CE,Combined TRACON& Tower with Radar,0,29,13,0,42,0,0,6,2,8,0,29,19,2,50,8,0,8,58
03/15/2014,MBS,MI,AGL,CE,Combined TRACON& Tower with Radar,0,17,9,0,26,0,0,10,1,11,0,17,19,1,37,36,0,36,73
03/16/2014,MBS,MI,AGL,CE,Combined TRACON& Tower with Radar,0,19,21,0,40,0,0,12,0,12,0,19,33,0,52,34,0,34,86
03/17/2014,MBS,MI,AGL,CE,Combined TRACON& Tower with Radar,0,19,13,2,34,0,0,9,0,9,0,19,22,2,43,16,0,16,59
03/18/2014,MBS,MI,AGL,CE,Combined TRACON& Tower with Radar,0,19,22,1,42,0,2,19,1,22,0,21,41,2,64,44,0,44,108
03/19/2014,MBS,MI,AGL,CE,Combined TRACON& Tower with Radar,0,19,11,2,32,0,0,0,0,0,0,19,11,2,32,0,0,0,32
03/20/2014,MBS,MI,AGL,CE,Combined TRACON& Tower with Radar,0,22,19,0,41,0,0,4,0,4,0,22,23,0,45,12,0,12,57
03/21/2014,MBS,MI,AGL,CE,Combined TRACON& Tower with Radar,0,19,13,0,32,0,0,14,0,14,0,19,27,0,46,6,0,6,52
03/22/2014,MBS,MI,AGL,CE,Combined TRACON& Tower with Radar,0,16,0,0,16,0,0,0,0,0,0,16,0,0,16,0,0,0,16
03/23/2014,MBS,MI,AGL,CE,Combined TRACON& Tower with Radar,0,16,12,0,28,0,0,13,0,13,0,16,25,0,41,20,0,20,61
03/24/2014,MBS,MI,AGL,CE,Combined TRACON& Tower with Radar,0,17,21,0,38,0,0,8,0,8,0,17,29,0,46,14,0,14,60
03/25/2014,MBS,MI,AGL,CE,Combined TRACON& Tower with Radar,0,20,9,1,30,0,0,2,1,3,0,20,11,2,33,6,0,6,39
03/26/2014,MBS,MI,AGL,CE,Combined TRACON& Tower with Radar,0,25,13,0,38,0,0,9,0,9,0,25,22,0,47,10,0,10,57
03/27/2014,MBS,MI,AGL,CE,Combined TRACON& Tower with Radar,0,25,19,0,44,0,0,1,0,1,0,25,20,0,45,4,0,4,49
03/28/2014,MBS,MI,AGL,CE,Combined TRACON& Tower with Radar,0,20,13,0,33,0,2,2,0,4,0,22,15,0,37,0,0,0,37
03/29/2014,MBS,MI,AGL,CE,Combined TRACON& Tower with Radar,0,16,11,0,27,0,0,5,0,5,0,16,16,0,32,24,0,24,56
03/30/2014,MBS,MI,AGL,CE,Combined TRACON& Tower with Radar,0,22,16,0,38,0,3,17,0,20,0,25,33,0,58,76,0,76,134
03/31/2014,MBS,MI,AGL,CE,Combined TRACON& Tower with Radar,0,20,12,0,32,0,0,8,0,8,0,20,20,0,40,14,0,14,54
04/01/2014,MBS,MI,AGL,CE,Combined TRACON& Tower with Radar,0,26,4,0,30,0,0,2,0,2,0,26,6,0,32,0,0,0,32
04/02/2014,MBS,MI,AGL,CE,Combined TRACON& Tower with Radar,0,26,23,6,55,0,0,8,2,10,0,26,31,8,65,12,10,22,87
04/03/2014,MBS,MI,AGL,CE,Combined TRACON& Tower with Radar,0,20,11,4,35,0,0,1,0,1,0,20,12,4,36,0,8,8,44
04/04/2014,MBS,MI,AGL,CE,Combined TRACON& Tower with Radar,0,20,14,0,34,0,0,0,0,0,0,20,14,0,34,0,0,0,34
04/05/2014,MBS,MI,AGL,CE,Combined TRACON& Tower with Radar,0,18,6,1,25,0,0,6,1,7,0,18,12,2,32,2,2,4,36
04/06/2014,MBS,MI,AGL,CE,Combined TRACON& Tower with Radar,0,20,14,0,34,0,0,21,0,21,0,20,35,0,55,52,0,52,107
04/07/2014,MBS,MI,AGL,CE,Combined TRACON& Tower with Radar,0,23,14,0,37,0,1,0,0,1,0,24,14,0,38,14,0,14,52
04/08/2014,MBS,MI,AGL,CE,Combined TRACON& Tower with Radar,0,29,16,0,45,0,0,9,2,11,0,29,25,2,56,10,0,10,66
04/09/2014,MBS,MI,AGL,CE,Combined TRACON& Tower with Radar,0,37,23,7,67,0,0,6,3,9,0,37,29,10,76,22,10,32,108
04/10/2014,MBS,MI,AGL,CE,Combined TRACON& Tower with Radar,0,40,25,0,65,0,2,7,1,10,0,42,32,1,75,6,0,6,81
04/11/2014,MBS,MI,AGL,CE,Combined TRACON& Tower with Radar,0,17,11,0,28,0,0,13,0,13,0,17,24,0,41,20,0,20,61
04/12/2014,MBS,MI,AGL,CE,Combined TRACON& Tower with Radar,0,17,10,0,27,0,0,9,0,9,0,17,19,0,36,46,0,46,82
04/13/2014,MBS,MI,AGL,CE,Combined TRACON& Tower with Radar,2,21,13,0,36,0,0,2,0,2,2,21,15,0,38,12,0,12,50
04/14/2014,MBS,MI,AGL,CE,Combined TRACON& Tower with Radar,0,22,14,0,36,0,0,0,0,0,0,22,14,0,36,0,0,0,36
04/15/2014,MBS,MI,AGL,CE,Combined TRACON& Tower with Radar,0,26,11,0,37,0,1,6,3,10,0,27,17,3,47,0,0,0,47
04/16/2014,MBS,MI,AGL,CE,Combined TRACON& Tower with Radar,0,29,19,2,50,0,0,10,2,12,0,29,29,4,62,16,4,20,82
04/17/2014,MBS,MI,AGL,CE,Combined TRACON& Tower with Radar,0,30,26,5,61,0,0,10,0,10,0,30,36,5,71,26,0,26,97
04/18/2014,MBS,MI,AGL,CE,Combined TRACON& Tower with Radar,0,19,16,2,37,0,2,15,0,17,0,21,31,2,54,40,2,42,96
04/19/2014,MBS,MI,AGL,CE,Combined TRACON& Tower with Radar,0,20,6,0,26,0,3,12,4,19,0,23,18,4,45,24,0,24,69
04/20/2014,MBS,MI,AGL,CE,Combined TRACON& Tower with Radar,2,18,4,0,24,0,0,11,0,11,2,18,15,0,35,18,0,18,53
04/21/2014,MBS,MI,AGL,CE,Combined TRACON& Tower with Radar,0,27,15,0,42,0,0,33,0,33,0,27,48,0,75,14,0,14,89
04/22/2014,MBS,MI,AGL,CE,Combined TRACON& Tower with Radar,0,27,18,0,45,0,0,1,1,2,0,27,19,1,47,2,0,2,49
04/23/2014,MBS,MI,AGL,CE,Combined TRACON& Tower with Radar,2,22,19,0,43,0,0,27,0,27,2,22,46,0,70,20,0,20,90
04/24/2014,MBS,MI,AGL,CE,Combined TRACON& Tower with Radar,0,26,15,1,42,0,0,33,1,34,0,26,48,2,76,10,2,12,88
04/25/2014,MBS,MI,AGL,CE,Combined TRACON& Tower with Radar,0,25,14,0,39,0,0,12,0,12,0,25,26,0,51,0,0,0,51
04/26/2014,MBS,MI,AGL,CE,Combined TRACON& Tower with Radar,0,19,9,0,28,0,0,55,0,55,0,19,64,0,83,8,0,8,91
04/27/2014,MBS,MI,AGL,CE,Combined TRACON& Tower with Radar,0,20,25,0,45,0,0,16,0,16,0,20,41,0,61,38,0,38,99
04/28/2014,MBS,MI,AGL,CE,Combined TRACON& Tower with Radar,2,18,15,0,35,0,0,0,0,0,2,18,15,0,35,0,0,0,35
04/29/2014,MBS,MI,AGL,CE,Combined TRACON& Tower with Radar,0,21,21,1,43,0,0,2,0,2,0,21,23,1,45,0,0,0,45
04/30/2014,MBS,MI,AGL,CE,Combined TRACON& Tower with Radar,0,26,13,0,39,0,0,1,0,1,0,26,14,0,40,0,0,0,40
05/01/2014,MBS,MI,AGL,CE,Combined TRACON& Tower with Radar,0,23,19,0,42,0,0,5,0,5,0,23,24,0,47,0,0,0,47
05/02/2014,MBS,MI,AGL,CE,Combined TRACON& Tower with Radar,2,19,13,0,34,0,0,0,0,0,2,19,13,0,34,6,0,6,40
05/03/2014,MBS,MI,AGL,CE,Combined TRACON& Tower with Radar,0,18,7,0,25,0,0,1,0,1,0,18,8,0,26,0,0,0,26
05/04/2014,MBS,MI,AGL,CE,Combined TRACON& Tower with Radar,0,21,10,0,31,0,0,4,0,4,0,21,14,0,35,10,0,10,45
05/05/2014,MBS,MI,AGL,CE,Combined TRACON& Tower with Radar,2,20,24,0,46,0,0,9,0,9,2,20,33,0,55,38,0,38,93
05/06/2014,MBS,MI,AGL,CE,Combined TRACON& Tower with Radar,0,26,23,0,49,0,0,13,0,13,0,26,36,0,62,8,0,8,70
05/07/2014,MBS,MI,AGL,CE,Combined TRACON& Tower with Radar,2,21,23,0,46,0,0,5,0,5,2,21,28,0,51,4,0,4,55
05/08/2014,MBS,MI,AGL,CE,Combined TRACON& Tower with Radar,2,18,27,0,47,0,0,7,0,7,2,18,34,0,54,62,0,62,116
05/09/2014,MBS,MI,AGL,CE,Combined TRACON& Tower with Radar,2,23,19,0,44,0,0,0,0,0,2,23,19,0,44,0,0,0,44
05/10/2014,MBS,MI,AGL,CE,Combined TRACON& Tower with Radar,0,18,5,0,23,0,0,7,0,7,0,18,12,0,30,18,0,18,48
05/11/2014,MBS,MI,AGL,CE,Combined TRACON& Tower with Radar,0,19,21,0,40,0,0,15,0,15,0,19,36,0,55,58,0,58,113
05/12/2014,MBS,MI,AGL,CE,Combined TRACON& Tower with Radar,2,17,13,0,32,0,0,0,0,0,2,17,13,0,32,2,0,2,34
05/13/2014,MBS,MI,AGL,CE,Combined TRACON& Tower with Radar,0,20,23,0,43,0,0,7,0,7,0,20,30,0,50,18,0,18,68
05/14/2014,MBS,MI,AGL,CE,Combined TRACON& Tower with Radar,2,33,37,0,72,0,0,11,2,13,2,33,48,2,85,22,0,22,107
05/15/2014,MBS,MI,AGL,CE,Combined TRACON& Tower with Radar,2,30,30,0,62,0,0,0,0,0,2,30,30,0,62,10,0,10,72
05/16/2014,MBS,MI,AGL,CE,Combined TRACON& Tower with Radar,2,23,23,0,48,0,0,4,0,4,2,23,27,0,52,42,0,42,94
05/17/2014,MBS,MI,AGL,CE,Combined TRACON& Tower with Radar,0,18,11,0,29,0,0,4,0,4,0,18,15,0,33,16,0,16,49
05/18/2014,MBS,MI,AGL,CE,Combined TRACON& Tower with Radar,0,19,14,0,33,0,0,10,0,10,0,19,24,0,43,34,0,34,77
05/19/2014,MBS,MI,AGL,CE,Combined TRACON& Tower with Radar,2,19,17,1,39,0,0,14,1,15,2,19,31,2,54,28,2,30,84
05/20/2014,MBS,MI,AGL,CE,Combined TRACON& Tower with Radar,0,26,33,0,59,0,0,6,0,6,0,26,39,0,65,32,0,32,97
05/21/2014,MBS,MI,AGL,CE,Combined TRACON& Tower with Radar,2,20,23,0,45,0,0,8,0,8,2,20,31,0,53,4,0,4,57
05/22/2014,MBS,MI,AGL,CE,Combined TRACON& Tower with Radar,2,22,35,0,59,0,0,14,0,14,2,22,49,0,73,52,0,52,125
05/23/2014,MBS,MI,AGL,CE,Combined TRACON& Tower with Radar,2,24,32,0,58,0,0,26,0,26,2,24,58,0,84,66,0,66,150
05/24/2014,MBS,MI,AGL,CE,Combined TRACON& Tower with Radar,0,18,1,0,19,0,0,19,0,19,0,18,20,0,38,32,0,32,70
05/25/2014,MBS,MI,AGL,CE,Combined TRACON& Tower with Radar,0,15,3,0,18,0,2,12,0,14,0,17,15,0,32,28,0,28,60
05/26/2014,MBS,MI,AGL,CE,Combined TRACON& Tower with Radar,0,19,8,0,27,0,0,10,0,10,0,19,18,0,37,14,0,14,51
05/27/2014,MBS,MI,AGL,CE,Combined TRACON& Tower with Radar,0,19,20,0,39,0,0,8,0,8,0,19,28,0,47,16,0,16,63
05/28/2014,MBS,MI,AGL,CE,Combined TRACON& Tower with Radar,2,21,11,0,34,0,0,5,0,5,2,21,16,0,39,2,0,2,41
05/29/2014,MBS,MI,AGL,CE,Combined TRACON& Tower with Radar,2,26,18,0,46,0,0,11,0,11,2,26,29,0,57,8,0,8,65
05/30/2014,MBS,MI,AGL,CE,Combined TRACON& Tower with Radar,2,20,12,0,34,0,0,13,0,13,2,20,25,0,47,18,0,18,65
05/31/2014,MBS,MI,AGL,CE,Combined TRACON& Tower with Radar,0,18,4,0,22,0,1,17,0,18,0,19,21,0,40,2,0,2,42
06/01/2014,MBS,MI,AGL,CE,Combined TRACON& Tower with Radar,2,20,7,0,29,0,0,14,0,14,2,20,21,0,43,46,0,46,89
06/02/2014,MBS,MI,AGL,CE,Combined TRACON& Tower with Radar,0,20,12,0,32,0,0,2,0,2,0,20,14,0,34,0,0,0,34
06/03/2014,MBS,MI,AGL,CE,Combined TRACON& Tower with Radar,0,24,11,1,36,0,0,3,1,4,0,24,14,2,40,2,0,2,42
06/04/2014,MBS,MI,AGL,CE,Combined TRACON& Tower with Radar,0,27,20,0,47,0,0,10,0,10,0,27,30,0,57,10,0,10,67
06/05/2014,MBS,MI,AGL,CE,Combined TRACON& Tower with Radar,2,27,27,0,56,0,0,15,1,16,2,27,42,1,72,46,0,46,118
06/06/2014,MBS,MI,AGL,CE,Combined TRACON& Tower with Radar,0,24,24,0,48,0,0,28,0,28,0,24,52,0,76,24,0,24,100
06/07/2014,MBS,MI,AGL,CE,Combined TRACON& Tower with Radar,0,21,3,0,24,0,0,11,2,13,0,21,14,2,37,18,0,18,55
06/08/2014,MBS,MI,AGL,CE,Combined TRACON& Tower with Radar,0,17,9,0,26,0,0,4,0,4,0,17,13,0,30,2,0,2,32
06/09/2014,MBS,MI,AGL,CE,Combined TRACON& Tower with Radar,0,24,12,0,36,0,0,10,0,10,0,24,22,0,46,16,0,16,62
06/10/2014,MBS,MI,AGL,CE,Combined TRACON& Tower with Radar,0,25,15,0,40,0,0,11,0,11,0,25,26,0,51,6,2,8,59
06/11/2014,MBS,MI,AGL,CE,Combined TRACON& Tower with Radar,0,27,20,0,47,0,0,0,0,0,0,27,20,0,47,0,0,0,47
06/12/2014,MBS,MI,AGL,CE,Combined TRACON& Tower with Radar,0,27,22,0,49,0,2,3,0,5,0,29,25,0,54,0,0,0,54
06/13/2014,MBS,MI,AGL,CE,Combined TRACON& Tower with Radar,0,30,19,0,49,0,3,14,1,18,0,33,33,1,67,2,0,2,69
06/14/2014,MBS,MI,AGL,CE,Combined TRACON& Tower with Radar,0,20,9,0,29,0,0,26,0,26,0,20,35,0,55,66,0,66,121
06/15/2014,MBS,MI,AGL,CE,Combined TRACON& Tower with Radar,0,19,6,0,25,0,0,8,0,8,0,19,14,0,33,16,0,16,49
06/16/2014,MBS,MI,AGL,CE,Combined TRACON& Tower with Radar,0,22,18,0,40,0,0,8,0,8,0,22,26,0,48,10,0,10,58
06/17/2014,MBS,MI,AGL,CE,Combined TRACON& Tower with Radar,0,27,14,1,42,0,1,9,0,10,0,28,23,1,52,18,2,20,72
06/18/2014,MBS,MI,AGL,CE,Combined TRACON& Tower with Radar,0,21,18,0,39,0,0,0,0,0,0,21,18,0,39,0,0,0,39
06/19/2014,MBS,MI,AGL,CE,Combined TRACON& Tower with Radar,0,27,19,4,50,0,0,10,4,14,0,27,29,8,64,10,6,16,80
06/20/2014,MBS,MI,AGL,CE,Combined TRACON& Tower with Radar,0,30,21,6,57,0,0,3,0,3,0,30,24,6,60,18,6,24,84
06/21/2014,MBS,MI,AGL,CE,Combined TRACON& Tower with Radar,0,20,14,2,36,0,3,14,8,25,0,23,28,10,61,40,0,40,101
06/22/2014,MBS,MI,AGL,CE,Combined TRACON& Tower with Radar,0,22,9,0,31,0,3,13,2,18,0,25,22,2,49,28,0,28,77
06/23/2014,MBS,MI,AGL,CE,Combined TRACON& Tower with Radar,0,29,9,0,38,0,0,4,0,4,0,29,13,0,42,0,0,0,42
06/24/2014,MBS,MI,AGL,CE,Combined TRACON& Tower with Radar,0,30,16,0,46,0,0,0,0,0,0,30,16,0,46,12,4,16,62
06/25/2014,MBS,MI,AGL,CE,Combined TRACON& Tower with Radar,0,23,36,0,59,0,0,3,3,6,0,23,39,3,65,22,0,22,87
06/26/2014,MBS,MI,AGL,CE,Combined TRACON& Tower with Radar,2,27,30,0,59,0,0,16,0,16,2,27,46,0,75,24,0,24,99
06/27/2014,MBS,MI,AGL,CE,Combined TRACON& Tower with Radar,0,30,12,0,42,0,0,23,2,25,0,30,35,2,67,52,0,52,119
06/28/2014,MBS,MI,AGL,CE,Combined TRACON& Tower with Radar,2,18,8,0,28,0,0,7,0,7,2,18,15,0,35,82,0,82,117
06/29/2014,MBS,MI,AGL,CE,Combined TRACON& Tower with Radar,0,20,9,0,29,0,0,4,0,4,0,20,13,0,33,8,0,8,41
06/30/2014,MBS,MI,AGL,CE,Combined TRACON& Tower with Radar,0,17,9,0,26,0,2,10,0,12,0,19,19,0,38,10,0,10,48
07/01/2014,MBS,MI,AGL,CE,Combined TRACON& Tower with Radar,0,21,18,0,39,0,0,5,0,5,0,21,23,0,44,12,0,12,56
07/02/2014,MBS,MI,AGL,CE,Combined TRACON& Tower with Radar,0,24,17,0,41,0,2,8,1,11,0,26,25,1,52,0,0,0,52
07/03/2014,MBS,MI,AGL,CE,Combined TRACON& Tower with Radar,0,25,12,0,37,0,0,9,0,9,0,25,21,0,46,10,0,10,56
07/04/2014,MBS,MI,AGL,CE,Combined TRACON& Tower with Radar,0,15,11,0,26,0,1,3,4,8,0,16,14,4,34,18,0,18,52
07/05/2014,MBS,MI,AGL,CE,Combined TRACON& Tower with Radar,0,19,8,0,27,0,0,10,0,10,0,19,18,0,37,12,0,12,49
07/06/2014,MBS,MI,AGL,CE,Combined TRACON& Tower with Radar,2,14,8,0,24,0,0,6,2,8,2,14,14,2,32,4,0,4,36
07/07/2014,MBS,MI,AGL,CE,Combined TRACON& Tower with Radar,0,23,12,0,35,0,0,7,0,7,0,23,19,0,42,16,0,16,58
07/08/2014,MBS,MI,AGL,CE,Combined TRACON& Tower with Radar,0,31,15,0,46,0,0,6,0,6,0,31,21,0,52,4,0,4,56
07/09/2014,MBS,MI,AGL,CE,Combined TRACON& Tower with Radar,0,26,27,1,54,0,1,25,1,27,0,27,52,2,81,38,2,40,121
07/10/2014,MBS,MI,AGL,CE,Combined TRACON& Tower with Radar,0,29,30,0,59,0,2,25,0,27,0,31,55,0,86,30,0,30,116
07/11/2014,MBS,MI,AGL,CE,Combined TRACON& Tower with Radar,0,27,23,0,50,0,0,10,0,10,0,27,33,0,60,28,0,28,88
07/12/2014,MBS,MI,AGL,CE,Combined TRACON& Tower with Radar,0,19,3,0,22,0,5,15,0,20,0,24,18,0,42,36,0,36,78
07/13/2014,MBS,MI,AGL,CE,Combined TRACON& Tower with Radar,0,20,3,0,23,0,1,5,0,6,0,21,8,0,29,4,0,4,33
07/14/2014,MBS,MI,AGL,CE,Combined TRACON& Tower with Radar,0,29,14,0,43,0,0,4,0,4,0,29,18,0,47,4,0,4,51
07/15/2014,MBS,MI,AGL,CE,Combined TRACON& Tower with Radar,0,26,25,0,51,0,0,1,0,1,0,26,26,0,52,4,0,4,56
07/16/2014,MBS,MI,AGL,CE,Combined TRACON& Tower with Radar,0,28,27,0,55,0,0,7,0,7,0,28,34,0,62,10,0,10,72
07/17/2014,MBS,MI,AGL,CE,Combined TRACON& Tower with Radar,0,25,27,0,52,0,0,11,0,11,0,25,38,0,63,14,0,14,77
07/18/2014,MBS,MI,AGL,CE,Combined TRACON& Tower with Radar,2,22,19,0,43,0,2,12,4,18,2,24,31,4,61,38,0,38,99
07/19/2014,MBS,MI,AGL,CE,Combined TRACON& Tower with Radar,0,21,1,0,22,0,0,21,0,21,0,21,22,0,43,14,0,14,57
07/20/2014,MBS,MI,AGL,CE,Combined TRACON& Tower with Radar,0,19,9,0,28,0,1,10,0,11,0,20,19,0,39,30,0,30,69
07/21/2014,MBS,MI,AGL,CE,Combined TRACON& Tower with Radar,0,27,14,0,41,0,0,19,0,19,0,27,33,0,60,22,0,22,82
07/22/2014,MBS,MI,AGL,CE,Combined TRACON& Tower with Radar,0,28,14,0,42,0,2,21,0,23,0,30,35,0,65,24,0,24,89
07/23/2014,MBS,MI,AGL,CE,Combined TRACON& Tower with Radar,0,29,25,0,54,0,0,8,0,8,0,29,33,0,62,4,0,4,66
07/24/2014,MBS,MI,AGL,CE,Combined TRACON& Tower with Radar,0,29,31,0,60,0,7,33,0,40,0,36,64,0,100,48,0,48,148
07/25/2014,MBS,MI,AGL,CE,Combined TRACON& Tower with Radar,0,24,23,0,47,0,3,36,4,43,0,27,59,4,90,16,0,16,106
07/26/2014,MBS,MI,AGL,CE,Combined TRACON& Tower with Radar,0,23,10,2,35,0,2,6,0,8,0,25,16,2,43,2,0,2,45
07/27/2014,MBS,MI,AGL,CE,Combined TRACON& Tower with Radar,0,16,28,0,44,0,0,2,0,2,0,16,30,0,46,2,0,2,48
07/28/2014,MBS,MI,AGL,CE,Combined TRACON& Tower with Radar,0,26,24,0,50,0,0,8,0,8,0,26,32,0,58,4,0,4,62
07/29/2014,MBS,MI,AGL,CE,Combined TRACON& Tower with Radar,0,24,25,0,49,0,0,12,0,12,0,24,37,0,61,8,0,8,69
07/30/2014,MBS,MI,AGL,CE,Combined TRACON& Tower with Radar,0,25,35,1,61,0,0,8,1,9,0,25,43,2,70,0,2,2,72
07/31/2014,MBS,MI,AGL,CE,Combined TRACON& Tower with Radar,2,22,29,0,53,0,0,20,0,20,2,22,49,0,73,2,0,2,75
08/01/2014,MBS,MI,AGL,CE,Combined TRACON& Tower with Radar,2,19,26,0,47,0,0,9,0,9,2,19,35,0,56,2,0,2,58
08/02/2014,MBS,MI,AGL,CE,Combined TRACON& Tower with Radar,0,18,6,0,24,0,0,10,0,10,0,18,16,0,34,12,0,12,46
08/03/2014,MBS,MI,AGL,CE,Combined TRACON& Tower with Radar,0,17,27,0,44,0,0,19,0,19,0,17,46,0,63,8,0,8,71
08/04/2014,MBS,MI,AGL,CE,Combined TRACON& Tower with Radar,0,24,15,0,39,0,0,11,0,11,0,24,26,0,50,12,0,12,62
08/05/2014,MBS,MI,AGL,CE,Combined TRACON& Tower with Radar,0,26,16,0,42,0,0,4,0,4,0,26,20,0,46,0,0,0,46
08/06/2014,MBS,MI,AGL,CE,Combined TRACON& Tower with Radar,0,24,30,0,54,0,0,12,4,16,0,24,42,4,70,50,0,50,120
08/07/2014,MBS,MI,AGL,CE,Combined TRACON& Tower with Radar,0,25,20,0,45,0,0,15,0,15,0,25,35,0,60,64,0,64,124
08/08/2014,MBS,MI,AGL,CE,Combined TRACON& Tower with Radar,0,24,19,0,43,0,0,13,0,13,0,24,32,0,56,92,0,92,148
08/09/2014,MBS,MI,AGL,CE,Combined TRACON& Tower with Radar,0,23,8,0,31,0,0,16,0,16,0,23,24,0,47,69,0,69,116
08/10/2014,MBS,MI,AGL,CE,Combined TRACON& Tower with Radar,0,18,8,0,26,0,1,12,5,18,0,19,20,5,44,6,0,6,50
08/11/2014,MBS,MI,AGL,CE,Combined TRACON& Tower with Radar,0,24,19,0,43,0,3,2,0,5,0,27,21,0,48,0,0,0,48
08/12/2014,MBS,MI,AGL,CE,Combined TRACON& Tower with Radar,0,24,16,0,40,0,0,0,0,0,0,24,16,0,40,0,0,0,40
08/13/2014,MBS,MI,AGL,CE,Combined TRACON& Tower with Radar,0,30,14,2,46,0,0,12,3,15,0,30,26,5,61,0,8,8,69
08/14/2014,MBS,MI,AGL,CE,Combined TRACON& Tower with Radar,0,25,15,0,40,0,1,15,1,17,0,26,30,1,57,60,0,60,117
08/15/2014,MBS,MI,AGL,CE,Combined TRACON& Tower with Radar,0,32,20,0,52,0,2,22,0,24,0,34,42,0,76,82,0,82,158
08/16/2014,MBS,MI,AGL,CE,Combined TRACON& Tower with Radar,0,23,6,0,29,0,0,7,0,7,0,23,13,0,36,4,0,4,40
08/17/2014,MBS,MI,AGL,CE,Combined TRACON& Tower with Radar,0,18,10,0,28,0,1,10,0,11,0,19,20,0,39,20,0,20,59
08/18/2014,MBS,MI,AGL,CE,Combined TRACON& Tower with Radar,2,21,22,0,45,0,0,12,0,12,2,21,34,0,57,32,0,32,89
08/19/2014,MBS,MI,AGL,CE,Combined TRACON& Tower with Radar,0,28,11,0,39,0,0,1,0,1,0,28,12,0,40,0,0,0,40
08/20/2014,MBS,MI,AGL,CE,Combined TRACON& Tower with Radar,0,26,35,0,61,0,1,8,0,9,0,27,43,0,70,16,0,16,86
08/21/2014,MBS,MI,AGL,CE,Combined TRACON& Tower with Radar,0,30,17,0,47,0,0,8,0,8,0,30,25,0,55,20,0,20,75
08/22/2014,MBS,MI,AGL,CE,Combined TRACON& Tower with Radar,0,30,16,0,46,0,1,7,5,13,0,31,23,5,59,10,0,10,69
08/23/2014,MBS,MI,AGL,CE,Combined TRACON& Tower with Radar,0,23,9,0,32,0,1,3,0,4,0,24,12,0,36,8,0,8,44
08/24/2014,MBS,MI,AGL,CE,Combined TRACON& Tower with Radar,0,22,21,0,43,0,0,6,2,8,0,22,27,2,51,12,0,12,63
08/25/2014,MBS,MI,AGL,CE,Combined TRACON& Tower with Radar,0,18,16,0,34,0,2,10,0,12,0,20,26,0,46,12,0,12,58
08/26/2014,MBS,MI,AGL,CE,Combined TRACON& Tower with Radar,0,26,16,0,42,0,0,5,0,5,0,26,21,0,47,10,0,10,57
08/27/2014,MBS,MI,AGL,CE,Combined TRACON& Tower with Radar,2,26,23,0,51,0,0,9,2,11,2,26,32,2,62,10,0,10,72
08/28/2014,MBS,MI,AGL,CE,Combined TRACON& Tower with Radar,3,24,22,0,49,0,0,16,0,16,3,24,38,0,65,22,0,22,87
08/29/2014,MBS,MI,AGL,CE,Combined TRACON& Tower with Radar,0,28,19,0,47,0,0,15,0,15,0,28,34,0,62,36,0,36,98
08/30/2014,MBS,MI,AGL,CE,Combined TRACON& Tower with Radar,0,22,3,0,25,0,0,0,0,0,0,22,3,0,25,2,0,2,27
08/31/2014,MBS,MI,AGL,CE,Combined TRACON& Tower with Radar,0,16,5,0,21,0,4,5,0,9,0,20,10,0,30,6,0,6,36
09/01/2014,MBS,MI,AGL,CE,Combined TRACON& Tower with Radar,6,24,10,0,40,0,0,1,0,1,6,24,11,0,41,4,0,4,45
09/02/2014,MBS,MI,AGL,CE,Combined TRACON& Tower with Radar,0,25,15,0,40,0,0,7,0,7,0,25,22,0,47,12,0,12,59
09/03/2014,MBS,MI,AGL,CE,Combined TRACON& Tower with Radar,0,26,17,0,43,0,0,14,0,14,0,26,31,0,57,22,0,22,79
09/04/2014,MBS,MI,AGL,CE,Combined TRACON& Tower with Radar,0,30,23,0,53,0,0,7,0,7,0,30,30,0,60,6,0,6,66
09/05/2014,MBS,MI,AGL,CE,Combined TRACON& Tower with Radar,0,18,21,0,39,0,0,0,0,0,0,18,21,0,39,0,0,0,39
09/06/2014,MBS,MI,AGL,CE,Combined TRACON& Tower with Radar,0,20,8,0,28,0,1,8,0,9,0,21,16,0,37,2,0,2,39
09/07/2014,MBS,MI,AGL,CE,Combined TRACON& Tower with Radar,0,20,9,0,29,0,0,21,0,21,0,20,30,0,50,10,0,10,60
09/08/2014,MBS,MI,AGL,CE,Combined TRACON& Tower with Radar,0,25,17,0,42,0,0,19,0,19,0,25,36,0,61,38,0,38,99
09/09/2014,MBS,MI,AGL,CE,Combined TRACON& Tower with Radar,0,26,26,6,58,0,0,10,0,10,0,26,36,6,68,16,4,20,88
09/10/2014,MBS,MI,AGL,CE,Combined TRACON& Tower with Radar,0,27,20,0,47,0,0,0,0,0,0,27,20,0,47,0,0,0,47
09/11/2014,MBS,MI,AGL,CE,Combined TRACON& Tower with Radar,0,27,10,1,38,0,6,2,1,9,0,33,12,2,47,4,2,6,53
09/12/2014,MBS,MI,AGL,CE,Combined TRACON& Tower with Radar,0,26,19,0,45,0,0,3,0,3,0,26,22,0,48,0,0,0,48
09/13/2014,MBS,MI,AGL,CE,Combined TRACON& Tower with Radar,0,18,13,0,31,0,0,11,0,11,0,18,24,0,42,16,0,16,58
09/14/2014,MBS,MI,AGL,CE,Combined TRACON& Tower with Radar,0,20,8,0,28,0,0,13,0,13,0,20,21,0,41,42,0,42,83
09/15/2014,MBS,MI,AGL,CE,Combined TRACON& Tower with Radar,0,22,9,0,31,0,2,2,0,4,0,24,11,0,35,0,0,0,35
09/16/2014,MBS,MI,AGL,CE,Combined TRACON& Tower with Radar,0,26,31,0,57,0,1,8,0,9,0,27,39,0,66,46,0,46,112
09/17/2014,MBS,MI,AGL,CE,Combined TRACON& Tower with Radar,0,27,33,0,60,0,0,17,1,18,0,27,50,1,78,36,0,36,114
09/18/2014,MBS,MI,AGL,CE,Combined TRACON& Tower with Radar,0,34,19,0,53,0,0,6,0,6,0,34,25,0,59,6,0,6,65
09/19/2014,MBS,MI,AGL,CE,Combined TRACON& Tower with Radar,0,26,31,0,57,0,1,10,0,11,0,27,41,0,68,6,0,6,74
09/20/2014,MBS,MI,AGL,CE,Combined TRACON& Tower with Radar,0,20,7,0,27,0,0,3,0,3,0,20,10,0,30,24,0,24,54
09/21/2014,MBS,MI,AGL,CE,Combined TRACON& Tower with Radar,0,25,7,0,32,0,0,1,0,1,0,25,8,0,33,0,0,0,33
09/22/2014,MBS,MI,AGL,CE,Combined TRACON& Tower with Radar,1,24,13,2,40,0,2,10,0,12,1,26,23,2,52,2,0,2,54
09/23/2014,MBS,MI,AGL,CE,Combined TRACON& Tower with Radar,3,28,26,0,57,0,0,21,2,23,3,28,47,2,80,26,0,26,106
09/24/2014,MBS,MI,AGL,CE,Combined TRACON& Tower with Radar,0,27,27,1,55,0,1,16,1,18,0,28,43,2,73,36,0,36,109
09/25/2014,MBS,MI,AGL,CE,Combined TRACON& Tower with Radar,0,24,16,0,40,0,0,14,0,14,0,24,30,0,54,6,0,6,60
09/26/2014,MBS,MI,AGL,CE,Combined TRACON& Tower with Radar,0,15,11,0,26,0,0,8,0,8,0,15,19,0,34,0,0,0,34
09/27/2014,MBS,MI,AGL,CE,Combined TRACON& Tower with Radar,2,15,3,0,20,0,2,10,0,12,2,17,13,0,32,12,0,12,44
09/28/2014,MBS,MI,AGL,CE,Combined TRACON& Tower with Radar,2,16,8,0,26,0,0,18,0,18,2,16,26,0,44,0,0,0,44
09/29/2014,MBS,MI,AGL,CE,Combined TRACON& Tower with Radar,0,23,24,0,47,0,1,2,1,4,0,24,26,1,51,2,0,2,53
09/30/2014,MBS,MI,AGL,CE,Combined TRACON& Tower with Radar,2,21,23,0,46,0,0,0,0,0,2,21,23,0,46,8,0,8,54
10/01/2014,MBS,MI,AGL,CE,Combined TRACON& Tower with Radar,0,22,23,0,45,0,0,8,0,8,0,22,31,0,53,36,0,36,89
10/02/2014,MBS,MI,AGL,CE,Combined TRACON& Tower with Radar,0,24,30,0,54,0,0,0,0,0,0,24,30,0,54,4,0,4,58
10/03/2014,MBS,MI,AGL,CE,Combined TRACON& Tower with Radar,0,20,25,0,45,1,0,2,0,3,1,20,27,0,48,4,0,4,52
10/04/2014,MBS,MI,AGL,CE,Combined TRACON& Tower with Radar,1,18,2,0,21,0,0,0,0,0,1,18,2,0,21,0,0,0,21
10/05/2014,MBS,MI,AGL,CE,Combined TRACON& Tower with Radar,2,18,18,0,38,0,0,8,0,8,2,18,26,0,46,26,0,26,72
10/06/2014,MBS,MI,AGL,CE,Combined TRACON& Tower with Radar,0,26,11,0,37,0,2,6,0,8,0,28,17,0,45,8,0,8,53
10/07/2014,MBS,MI,AGL,CE,Combined TRACON& Tower with Radar,0,25,16,0,41,0,0,4,0,4,0,25,20,0,45,4,0,4,49
10/08/2014,MBS,MI,AGL,CE,Combined TRACON& Tower with Radar,0,24,15,4,43,0,0,7,0,7,0,24,22,4,50,24,10,34,84
10/09/2014,MBS,MI,AGL,CE,Combined TRACON& Tower with Radar,0,31,30,2,63,0,0,9,0,9,0,31,39,2,72,10,0,10,82
10/10/2014,MBS,MI,AGL,CE,Combined TRACON& Tower with Radar,0,26,13,0,39,0,0,10,0,10,0,26,23,0,49,20,0,20,69
10/11/2014,MBS,MI,AGL,CE,Combined TRACON& Tower with Radar,2,18,15,0,35,0,0,16,1,17,2,18,31,1,52,24,0,24,76
10/12/2014,MBS,MI,AGL,CE,Combined TRACON& Tower with Radar,0,17,10,0,27,0,2,11,0,13,0,19,21,0,40,6,0,6,46
10/13/2014,MBS,MI,AGL,CE,Combined TRACON& Tower with Radar,0,22,22,0,44,0,0,0,0,0,0,22,22,0,44,2,0,2,46
10/14/2014,MBS,MI,AGL,CE,Combined TRACON& Tower with Radar,0,25,10,0,35,0,0,0,1,1,0,25,10,1,36,0,0,0,36
10/15/2014,MBS,MI,AGL,CE,Combined TRACON& Tower with Radar,0,31,32,4,67,0,0,0,2,2,0,31,32,6,69,24,4,28,97
10/16/2014,MBS,MI,AGL,CE,Combined TRACON& Tower with Radar,2,21,20,0,43,0,0,2,2,4,2,21,22,2,47,20,0,20,67
10/17/2014,MBS,MI,AGL,CE,Combined TRACON& Tower with Radar,0,26,18,0,44,0,0,1,1,2,0,26,19,1,46,18,0,18,64
10/18/2014,MBS,MI,AGL,CE,Combined TRACON& Tower with Radar,0,19,5,0,24,0,0,2,0,2,0,19,7,0,26,0,0,0,26
10/19/2014,MBS,MI,AGL,CE,Combined TRACON& Tower with Radar,0,19,13,0,32,0,0,8,0,8,0,19,21,0,40,30,0,30,70
10/20/2014,MBS,MI,AGL,CE,Combined TRACON& Tower with Radar,0,24,12,0,36,0,0,0,0,0,0,24,12,0,36,2,0,2,38
10/21/2014,MBS,MI,AGL,CE,Combined TRACON& Tower with Radar,0,25,17,0,42,0,0,4,0,4,0,25,21,0,46,10,0,10,56
10/22/2014,MBS,MI,AGL,CE,Combined TRACON& Tower with Radar,0,27,16,0,43,0,0,10,0,10,0,27,26,0,53,16,0,16,69
10/23/2014,MBS,MI,AGL,CE,Combined TRACON& Tower with Radar,0,26,19,10,55,0,0,7,0,7,0,26,26,10,62,6,10,16,78
10/24/2014,MBS,MI,AGL,CE,Combined TRACON& Tower with Radar,0,27,22,0,49,0,0,14,0,14,0,27,36,0,63,30,0,30,93
10/25/2014,MBS,MI,AGL,CE,Combined TRACON& Tower with Radar,0,19,12,0,31,0,0,7,0,7,0,19,19,0,38,20,0,20,58
10/26/2014,MBS,MI,AGL,CE,Combined TRACON& Tower with Radar,1,18,10,0,29,0,2,15,0,17,1,20,25,0,46,22,0,22,68
10/27/2014,MBS,MI,AGL,CE,Combined TRACON& Tower with Radar,1,26,20,1,48,0,0,8,0,8,1,26,28,1,56,36,0,36,92
10/28/2014,MBS,MI,AGL,CE,Combined TRACON& Tower with Radar,2,18,12,4,36,0,0,3,0,3,2,18,15,4,39,10,26,36,75
10/29/2014,MBS,MI,AGL,CE,Combined TRACON& Tower with Radar,0,22,28,0,50,0,0,7,0,7,0,22,35,0,57,34,0,34,91
10/30/2014,MBS,MI,AGL,CE,Combined TRACON& Tower with Radar,0,20,21,0,41,0,0,15,0,15,0,20,36,0,56,14,0,14,70
10/31/2014,MBS,MI,AGL,CE,Combined TRACON& Tower with Radar,2,16,18,0,36,0,0,0,0,0,2,16,18,0,36,4,0,4,40
11/01/2014,MBS,MI,AGL,CE,Combined TRACON& Tower with Radar,4,13,7,0,24,0,0,14,0,14,4,13,21,0,38,46,0,46,84
11/02/2014,MBS,MI,AGL,CE,Combined TRACON& Tower with Radar,0,18,13,0,31,0,0,19,0,19,0,18,32,0,50,24,0,24,74
11/03/2014,MBS,MI,AGL,CE,Combined TRACON& Tower with Radar,2,21,11,0,34,0,0,10,0,10,2,21,21,0,44,30,0,30,74
11/04/2014,MBS,MI,AGL,CE,Combined TRACON& Tower with Radar,0,19,19,0,38,0,0,0,0,0,0,19,19,0,38,8,0,8,46
11/05/2014,MBS,MI,AGL,CE,Combined TRACON& Tower with Radar,0,28,18,0,46,0,0,15,0,15,0,28,33,0,61,18,0,18,79
11/06/2014,MBS,MI,AGL,CE,Combined TRACON& Tower with Radar,0,25,14,5,44,0,2,2,3,7,0,27,16,8,51,6,12,18,69
11/07/2014,MBS,MI,AGL,CE,Combined TRACON& Tower with Radar,0,24,24,3,51,0,1,21,1,23,0,25,45,4,74,38,12,50,124
11/08/2014,MBS,MI,AGL,CE,Combined TRACON& Tower with Radar,0,18,9,0,27,0,0,0,0,0,0,18,9,0,27,0,0,0,27
11/09/2014,MBS,MI,AGL,CE,Combined TRACON& Tower with Radar,0,20,10,0,30,0,0,6,0,6,0,20,16,0,36,20,0,20,56
11/10/2014,MBS,MI,AGL,CE,Combined TRACON& Tower with Radar,0,21,26,0,47,0,0,16,0,16,0,21,42,0,63,30,0,30,93
11/11/2014,MBS,MI,AGL,CE,Combined TRACON& Tower with Radar,0,24,16,0,40,0,0,1,0,1,0,24,17,0,41,0,0,0,41
11/12/2014,MBS,MI,AGL,CE,Combined TRACON& Tower with Radar,0,27,19,0,46,0,1,6,1,8,0,28,25,1,54,56,0,56,110
11/13/2014,MBS,MI,AGL,CE,Combined TRACON& Tower with Radar,0,30,11,0,41,0,0,8,0,8,0,30,19,0,49,0,0,0,49
11/14/2014,MBS,MI,AGL,CE,Combined TRACON& Tower with Radar,0,27,24,0,51,0,0,4,0,4,0,27,28,0,55,16,0,16,71
11/15/2014,MBS,MI,AGL,CE,Combined TRACON& Tower with Radar,0,18,13,0,31,0,0,9,0,9,0,18,22,0,40,20,0,20,60
11/16/2014,MBS,MI,AGL,CE,Combined TRACON& Tower with Radar,0,19,13,0,32,0,0,0,0,0,0,19,13,0,32,0,0,0,32
11/17/2014,MBS,MI,AGL,CE,Combined TRACON& Tower with Radar,2,22,31,0,55,0,0,2,0,2,2,22,33,0,57,30,0,30,87
11/18/2014,MBS,MI,AGL,CE,Combined TRACON& Tower with Radar,0,24,20,4,48,0,0,0,0,0,0,24,20,4,48,14,4,18,66
11/19/2014,MBS,MI,AGL,CE,Combined TRACON& Tower with Radar,0,21,25,2,48,0,0,1,0,1,0,21,26,2,49,8,4,12,61
11/20/2014,MBS,MI,AGL,CE,Combined TRACON& Tower with Radar,0,27,29,0,56,0,0,0,0,0,0,27,29,0,56,22,0,22,78
11/21/2014,MBS,MI,AGL,CE,Combined TRACON& Tower with Radar,0,28,28,7,63,0,0,7,0,7,0,28,35,7,70,22,20,42,112
11/22/2014,MBS,MI,AGL,CE,Combined TRACON& Tower with Radar,0,17,4,0,21,0,0,0,0,0,0,17,4,0,21,0,0,0,21
11/23/2014,MBS,MI,AGL,CE,Combined TRACON& Tower with Radar,0,17,11,0,28,0,0,0,0,0,0,17,11,0,28,4,0,4,32
11/24/2014,MBS,MI,AGL,CE,Combined TRACON& Tower with Radar,0,18,6,1,25,0,0,0,0,0,0,18,6,1,25,0,0,0,25
11/25/2014,MBS,MI,AGL,CE,Combined TRACON& Tower with Radar,0,24,17,4,45,0,0,0,1,1,0,24,17,5,46,4,0,4,50
11/26/2014,MBS,MI,AGL,CE,Combined TRACON& Tower with Radar,0,28,17,2,47,0,0,9,0,9,0,28,26,2,56,6,0,6,62
11/27/2014,MBS,MI,AGL,CE,Combined TRACON& Tower with Radar,3,10,2,0,15,0,0,0,0,0,3,10,2,0,15,0,0,0,15
11/28/2014,MBS,MI,AGL,CE,Combined TRACON& Tower with Radar,3,15,1,0,19,0,0,0,0,0,3,15,1,0,19,0,0,0,19
11/29/2014,MBS,MI,AGL,CE,Combined TRACON& Tower with Radar,0,28,11,0,39,0,0,5,0,5,0,28,16,0,44,20,0,20,64
11/30/2014,MBS,MI,AGL,CE,Combined TRACON& Tower with Radar,2,22,14,0,38,0,0,0,0,0,2,22,14,0,38,6,0,6,44
12/01/2014,MBS,MI,AGL,CE,Combined TRACON& Tower with Radar,0,26,15,0,41,0,0,4,0,4,0,26,19,0,45,2,0,2,47
12/02/2014,MBS,MI,AGL,CE,Combined TRACON& Tower with Radar,0,24,31,0,55,0,0,16,0,16,0,24,47,0,71,2,0,2,73
12/03/2014,MBS,MI,AGL,CE,Combined TRACON& Tower with Radar,0,26,13,0,39,0,0,1,0,1,0,26,14,0,40,0,0,0,40
12/04/2014,MBS,MI,AGL,CE,Combined TRACON& Tower with Radar,0,23,31,2,56,0,1,13,2,16,0,24,44,4,72,14,0,14,86
12/05/2014,MBS,MI,AGL,CE,Combined TRACON& Tower with Radar,0,23,12,0,35,0,0,2,0,2,0,23,14,0,37,2,0,2,39
12/06/2014,MBS,MI,AGL,CE,Combined TRACON& Tower with Radar,0,20,11,0,31,0,0,6,0,6,0,20,17,0,37,12,0,12,49
12/07/2014,MBS,MI,AGL,CE,Combined TRACON& Tower with Radar,0,16,13,0,29,0,0,21,0,21,0,16,34,0,50,30,0,30,80
12/08/2014,MBS,MI,AGL,CE,Combined TRACON& Tower with Radar,4,22,11,0,37,3,0,4,0,7,7,22,15,0,44,18,0,18,62
12/09/2014,MBS,MI,AGL,CE,Combined TRACON& Tower with Radar,0,21,10,0,31,0,1,1,0,2,0,22,11,0,33,0,0,0,33
12/10/2014,MBS,MI,AGL,CE,Combined TRACON& Tower with Radar,0,32,20,0,52,0,0,2,0,2,0,32,22,0,54,0,0,0,54
12/11/2014,MBS,MI,AGL,CE,Combined TRACON& Tower with Radar,0,29,32,0,61,0,0,13,0,13,0,29,45,0,74,12,0,12,86
12/12/2014,MBS,MI,AGL,CE,Combined TRACON& Tower with Radar,0,23,24,0,47,0,0,0,0,0,0,23,24,0,47,2,0,2,49
12/13/2014,MBS,MI,AGL,CE,Combined TRACON& Tower with Radar,0,21,5,0,26,0,0,0,0,0,0,21,5,0,26,0,0,0,26
12/14/2014,MBS,MI,AGL,CE,Combined TRACON& Tower with Radar,1,15,7,0,23,0,0,0,0,0,1,15,7,0,23,0,0,0,23
12/15/2014,MBS,MI,AGL,CE,Combined TRACON& Tower with Radar,1,25,19,4,49,0,1,2,2,5,1,26,21,6,54,4,0,4,58
12/16/2014,MBS,MI,AGL,CE,Combined TRACON& Tower with Radar,0,29,18,0,47,0,0,0,0,0,0,29,18,0,47,0,0,0,47
12/17/2014,MBS,MI,AGL,CE,Combined TRACON& Tower with Radar,0,24,12,0,36,0,0,8,0,8,0,24,20,0,44,0,0,0,44
12/18/2014,MBS,MI,AGL,CE,Combined TRACON& Tower with Radar,0,25,19,6,50,0,0,5,0,5,0,25,24,6,55,8,0,8,63
12/19/2014,MBS,MI,AGL,CE,Combined TRACON& Tower with Radar,0,23,30,0,53,0,0,21,0,21,0,23,51,0,74,42,0,42,116
12/20/2014,MBS,MI,AGL,CE,Combined TRACON& Tower with Radar,0,24,12,0,36,0,2,6,0,8,0,26,18,0,44,6,0,6,50
12/21/2014,MBS,MI,AGL,CE,Combined TRACON& Tower with Radar,0,22,18,0,40,0,0,13,0,13,0,22,31,0,53,12,0,12,65
12/22/2014,MBS,MI,AGL,CE,Combined TRACON& Tower with Radar,0,21,10,0,31,0,0,9,0,9,0,21,19,0,40,0,0,0,40
12/23/2014,MBS,MI,AGL,CE,Combined TRACON& Tower with Radar,0,28,4,0,32,0,0,0,0,0,0,28,4,0,32,0,0,0,32
12/24/2014,MBS,MI,AGL,CE,Combined TRACON& Tower with Radar,0,14,3,0,17,0,0,0,0,0,0,14,3,0,17,0,0,0,17
12/25/2014,MBS,MI,AGL,CE,Combined TRACON& Tower with Radar,0,11,0,0,11,0,0,1,0,1,0,11,1,0,12,0,0,0,12
12/26/2014,MBS,MI,AGL,CE,Combined TRACON& Tower with Radar,0,19,12,0,31,0,0,13,0,13,0,19,25,0,44,6,0,6,50
12/27/2014,MBS,MI,AGL,CE,Combined TRACON& Tower with Radar,0,23,9,0,32,0,0,0,0,0,0,23,9,0,32,0,0,0,32
12/28/2014,MBS,MI,AGL,CE,Combined TRACON& Tower with Radar,0,22,6,0,28,0,0,11,0,11,0,22,17,0,39,8,0,8,47
12/29/2014,MBS,MI,AGL,CE,Combined TRACON& Tower with Radar,0,19,4,0,23,0,0,8,0,8,0,19,12,0,31,2,0,2,33
12/30/2014,MBS,MI,AGL,CE,Combined TRACON& Tower with Radar,0,22,15,3,40,0,0,19,1,20,0,22,34,4,60,12,2,14,74
12/31/2014,MBS,MI,AGL,CE,Combined TRACON& Tower with Radar,0,13,6,2,21,0,0,1,0,1,0,13,7,2,22,0,4,4,26
01/01/2015,MBS,MI,AGL,CE,Combined TRACON& Tower with Radar,0,15,0,0,15,0,0,0,0,0,0,15,0,0,15,0,0,0,15
01/02/2015,MBS,MI,AGL,CE,Combined TRACON& Tower with Radar,0,21,11,2,34,0,0,14,0,14,0,21,25,2,48,10,0,10,58
01/03/2015,MBS,MI,AGL,CE,Combined TRACON& Tower with Radar,0,19,3,0,22,0,0,0,0,0,0,19,3,0,22,0,0,0,22
01/04/2015,MBS,MI,AGL,CE,Combined TRACON& Tower with Radar,0,17,5,0,22,0,0,0,0,0,0,17,5,0,22,0,0,0,22
01/05/2015,MBS,MI,AGL,CE,Combined TRACON& Tower with Radar,0,19,7,0,26,0,0,7,0,7,0,19,14,0,33,2,0,2,35
01/06/2015,MBS,MI,AGL,CE,Combined TRACON& Tower with Radar,0,22,10,0,32,0,0,0,0,0,0,22,10,0,32,0,0,0,32
01/07/2015,MBS,MI,AGL,CE,Combined TRACON& Tower with Radar,0,23,20,0,43,0,0,1,0,1,0,23,21,0,44,0,0,0,44
01/08/2015,MBS,MI,AGL,CE,Combined TRACON& Tower with Radar,0,22,11,0,33,0,0,3,0,3,0,22,14,0,36,0,0,0,36
01/09/2015,MBS,MI,AGL,CE,Combined TRACON& Tower with Radar,0,24,20,0,44,0,0,4,0,4,0,24,24,0,48,0,0,0,48
01/10/2015,MBS,MI,AGL,CE,Combined TRACON& Tower with Radar,0,18,5,0,23,0,0,2,0,2,0,18,7,0,25,20,0,20,45
01/11/2015,MBS,MI,AGL,CE,Combined TRACON& Tower with Radar,0,17,4,0,21,0,0,5,0,5,0,17,9,0,26,0,0,0,26
01/12/2015,MBS,MI,AGL,CE,Combined TRACON& Tower with Radar,0,21,11,0,32,0,2,1,0,3,0,23,12,0,35,0,0,0,35
01/13/2015,MBS,MI,AGL,CE,Combined TRACON& Tower with Radar,0,24,14,0,38,0,0,10,0,10,0,24,24,0,48,8,0,8,56
01/14/2015,MBS,MI,AGL,CE,Combined TRACON& Tower with Radar,0,23,24,6,53,0,0,3,0,3,0,23,27,6,56,12,4,16,72
01/15/2015,MBS,MI,AGL,CE,Combined TRACON& Tower with Radar,0,25,17,2,44,0,0,0,0,0,0,25,17,2,44,0,0,0,44
01/16/2015,MBS,MI,AGL,CE,Combined TRACON& Tower with Radar,0,25,18,0,43,0,0,7,0,7,0,25,25,0,50,12,0,12,62
01/17/2015,MBS,MI,AGL,CE,Combined TRACON& Tower with Radar,0,16,6,0,22,0,0,5,0,5,0,16,11,0,27,2,0,2,29
01/18/2015,MBS,MI,AGL,CE,Combined TRACON& Tower with Radar,0,16,2,0,18,0,0,0,0,0,0,16,2,0,18,0,0,0,18
01/19/2015,MBS,MI,AGL,CE,Combined TRACON& Tower with Radar,0,21,14,0,35,0,0,7,0,7,0,21,21,0,42,0,0,0,42
01/20/2015,MBS,MI,AGL,CE,Combined TRACON& Tower with Radar,0,25,20,0,45,0,0,0,0,0,0,25,20,0,45,0,0,0,45
01/21/2015,MBS,MI,AGL,CE,Combined TRACON& Tower with Radar,0,21,12,0,33,0,0,0,0,0,0,21,12,0,33,0,0,0,33
01/22/2015,MBS,MI,AGL,CE,Combined TRACON& Tower with Radar,0,23,21,0,44,0,0,3,1,4,0,23,24,1,48,0,0,0,48
01/23/2015,MBS,MI,AGL,CE,Combined TRACON& Tower with Radar,0,24,16,2,42,0,2,2,1,5,0,26,18,3,47,16,0,16,63
01/24/2015,MBS,MI,AGL,CE,Combined TRACON& Tower with Radar,0,19,9,0,28,0,0,2,0,2,0,19,11,0,30,2,0,2,32
01/25/2015,MBS,MI,AGL,CE,Combined TRACON& Tower with Radar,0,21,9,0,30,0,0,5,0,5,0,21,14,0,35,6,0,6,41
01/26/2015,MBS,MI,AGL,CE,Combined TRACON& Tower with Radar,1,20,14,1,36,0,0,9,0,9,1,20,23,1,45,0,0,0,45
01/27/2015,MBS,MI,AGL,CE,Combined TRACON& Tower with Radar,1,24,8,0,33,0,0,4,3,7,1,24,12,3,40,12,0,12,52
01/28/2015,MBS,MI,AGL,CE,Combined TRACON& Tower with Radar,0,25,17,1,43,0,0,17,5,22,0,25,34,6,65,62,0,62,127
01/29/2015,MBS,MI,AGL,CE,Combined TRACON& Tower with Radar,0,22,11,0,33,0,0,0,0,0,0,22,11,0,33,0,0,0,33
01/30/2015,MBS,MI,AGL,CE,Combined TRACON& Tower with Radar,1,24,27,0,52,0,5,4,1,10,1,29,31,1,62,0,0,0,62
01/31/2015,MBS,MI,AGL,CE,Combined TRACON& Tower with Radar,1,16,13,0,30,0,0,12,0,12,1,16,25,0,42,6,0,6,48
02/01/2015,MBS,MI,AGL,CE,Combined TRACON& Tower with Radar,0,5,6,0,11,0,0,0,0,0,0,5,6,0,11,0,0,0,11
02/02/2015,MBS,MI,AGL,CE,Combined TRACON& Tower with Radar,0,11,11,0,22,0,0,5,0,5,0,11,16,0,27,0,0,0,27
02/03/2015,MBS,MI,AGL,CE,Combined TRACON& Tower with Radar,0,25,15,0,40,0,0,0,0,0,0,25,15,0,40,0,0,0,40
02/04/2015,MBS,MI,AGL,CE,Combined TRACON& Tower with Radar,0,21,17,0,38,0,0,0,5,5,0,21,17,5,43,0,0,0,43
02/05/2015,MBS,MI,AGL,CE,Combined TRACON& Tower with Radar,0,31,27,0,58,0,3,5,1,9,0,34,32,1,67,6,0,6,73
02/06/2015,MBS,MI,AGL,CE,Combined TRACON& Tower with Radar,0,26,23,0,49,0,0,5,4,9,0,26,28,4,58,4,0,4,62
02/07/2015,MBS,MI,AGL,CE,Combined TRACON& Tower with Radar,1,16,18,0,35,0,0,2,0,2,1,16,20,0,37,0,0,0,37
02/08/2015,MBS,MI,AGL,CE,Combined TRACON& Tower with Radar,1,15,6,0,22,0,0,0,0,0,1,15,6,0,22,0,0,0,22
02/09/2015,MBS,MI,AGL,CE,Combined TRACON& Tower with Radar,0,22,13,0,35,0,0,0,0,0,0,22,13,0,35,0,0,0,35
02/10/2015,MBS,MI,AGL,CE,Combined TRACON& Tower with Radar,0,22,23,1,46,0,8,7,5,20,0,30,30,6,66,12,2,14,80
02/11/2015,MBS,MI,AGL,CE,Combined TRACON& Tower with Radar,0,28,23,2,53,0,1,0,1,2,0,29,23,3,55,0,0,0,55
02/12/2015,MBS,MI,AGL,CE,Combined TRACON& Tower with Radar,1,25,21,4,51,0,2,4,1,7,1,27,25,5,58,0,12,12,70
02/13/2015,MBS,MI,AGL,CE,Combined TRACON& Tower with Radar,3,18,14,0,35,0,2,7,2,11,3,20,21,2,46,0,0,0,46
02/14/2015,MBS,MI,AGL,CE,Combined TRACON& Tower with Radar,4,20,10,0,34,0,0,0,0,0,4,20,10,0,34,0,0,0,34
02/15/2015,MBS,MI,AGL,CE,Combined TRACON& Tower with Radar,0,19,11,0,30,0,0,4,0,4,0,19,15,0,34,2,0,2,36
02/16/2015,MBS,MI,AGL,CE,Combined TRACON& Tower with Radar,2,19,15,0,36,0,0,2,0,2,2,19,17,0,38,0,0,0,38
02/17/2015,MBS,MI,AGL,CE,Combined TRACON& Tower with Radar,2,19,9,0,30,0,0,0,1,1,2,19,9,1,31,0,0,0,31
02/18/2015,MBS,MI,AGL,CE,Combined TRACON& Tower with Radar,6,14,13,0,33,0,0,0,0,0,6,14,13,0,33,0,0,0,33
02/19/2015,MBS,MI,AGL,CE,Combined TRACON& Tower with Radar,4,22,17,4,47,0,1,6,5,12,4,23,23,9,59,0,4,4,63
02/20/2015,MBS,MI,AGL,CE,Combined TRACON& Tower with Radar,3,16,15,0,34,0,0,2,2,4,3,16,17,2,38,0,0,0,38
02/21/2015,MBS,MI,AGL,CE,Combined TRACON& Tower with Radar,2,14,7,0,23,0,4,6,0,10,2,18,13,0,33,0,0,0,33
02/22/2015,MBS,MI,AGL,CE,Combined TRACON& Tower with Radar,3,17,8,0,28,0,0,7,0,7,3,17,15,0,35,2,0,2,37
02/23/2015,MBS,MI,AGL,CE,Combined TRACON& Tower with Radar,3,17,12,0,32,0,1,7,0,8,3,18,19,0,40,0,0,0,40
02/24/2015,MBS,MI,AGL,CE,Combined TRACON& Tower with Radar,5,20,19,0,44,0,0,1,4,5,5,20,20,4,49,0,0,0,49
02/25/2015,MBS,MI,AGL,CE,Combined TRACON& Tower with Radar,4,21,19,0,44,0,2,2,2,6,4,23,21,2,50,14,0,14,64
02/26/2015,MBS,MI,AGL,CE,Combined TRACON& Tower with Radar,3,20,22,0,45,0,0,4,4,8,3,20,26,4,53,4,0,4,57
02/27/2015,MBS,MI,AGL,CE,Combined TRACON& Tower with Radar,2,27,15,0,44,0,0,6,1,7,2,27,21,1,51,8,0,8,59
02/28/2015,MBS,MI,AGL,CE,Combined TRACON& Tower with Radar,2,17,0,0,19,0,2,12,0,14,2,19,12,0,33,10,0,10,43
03/01/2015,MBS,MI,AGL,CE,Combined TRACON& Tower with Radar,2,17,5,0,24,0,0,5,0,5,2,17,10,0,29,28,0,28,57
03/02/2015,MBS,MI,AGL,CE,Combined TRACON& Tower with Radar,1,21,21,0,43,0,0,8,0,8,1,21,29,0,51,0,0,0,51
03/03/2015,MBS,MI,AGL,CE,Combined TRACON& Tower with Radar,6,17,9,0,32,0,0,0,0,0,6,17,9,0,32,0,0,0,32
03/04/2015,MBS,MI,AGL,CE,Combined TRACON& Tower with Radar,4,23,11,0,38,0,1,6,0,7,4,24,17,0,45,0,0,0,45
03/05/2015,MBS,MI,AGL,CE,Combined TRACON& Tower with Radar,4,17,13,0,34,0,0,8,2,10,4,17,21,2,44,0,0,0,44
03/06/2015,MBS,MI,AGL,CE,Combined TRACON& Tower with Radar,4,22,13,0,39,0,0,3,3,6,4,22,16,3,45,4,0,4,49
03/07/2015,MBS,MI,AGL,CE,Combined TRACON& Tower with Radar,3,18,13,0,34,0,0,4,1,5,3,18,17,1,39,16,2,18,57
03/08/2015,MBS,MI,AGL,CE,Combined TRACON& Tower with Radar,1,17,10,0,28,0,0,22,0,22,1,17,32,0,50,12,0,12,62
03/09/2015,MBS,MI,AGL,CE,Combined TRACON& Tower with Radar,6,17,27,0,50,0,0,9,0,9,6,17,36,0,59,0,0,0,59
03/10/2015,MBS,MI,AGL,CE,Combined TRACON& Tower with Radar,5,17,11,0,33,0,0,0,4,4,5,17,11,4,37,0,0,0,37
03/11/2015,MBS,MI,AGL,CE,Combined TRACON& Tower with Radar,1,22,17,1,41,0,0,9,2,11,1,22,26,3,52,14,0,14,66
03/12/2015,MBS,MI,AGL,CE,Combined TRACON& Tower with Radar,3,21,19,2,45,0,1,10,3,14,3,22,29,5,59,6,12,18,77
03/13/2015,MBS,MI,AGL,CE,Combined TRACON& Tower with Radar,3,22,14,0,39,0,0,5,1,6,3,22,19,1,45,0,0,0,45
03/14/2015,MBS,MI,AGL,CE,Combined TRACON& Tower with Radar,3,19,6,0,28,0,0,2,6,8,3,19,8,6,36,0,0,0,36
03/15/2015,MBS,MI,AGL,CE,Combined TRACON& Tower with Radar,1,19,22,0,42,0,0,16,0,16,1,19,38,0,58,18,0,18,76
03/16/2015,MBS,MI,AGL,CE,Combined TRACON& Tower with Radar,4,17,21,0,42,0,0,14,0,14,4,17,35,0,56,14,0,14,70
03/17/2015,MBS,MI,AGL,CE,Combined TRACON& Tower with Radar,3,26,11,0,40,0,0,2,2,4,3,26,13,2,44,0,0,0,44
03/18/2015,MBS,MI,AGL,CE,Combined TRACON& Tower with Radar,3,19,24,2,48,0,0,16,2,18,3,19,40,4,66,18,0,18,84
03/19/2015,MBS,MI,AGL,CE,Combined TRACON& Tower with Radar,2,21,20,0,43,0,2,14,5,21,2,23,34,5,64,0,0,0,64
03/20/2015,MBS,MI,AGL,CE,Combined TRACON& Tower with Radar,2,21,22,0,45,0,0,21,1,22,2,21,43,1,67,4,0,4,71
03/21/2015,MBS,MI,AGL,CE,Combined TRACON& Tower with Radar,3,17,10,0,30,0,0,4,2,6,3,17,14,2,36,0,0,0,36
03/22/2015,MBS,MI,AGL,CE,Combined TRACON& Tower with Radar,1,18,8,0,27,0,0,18,0,18,1,18,26,0,45,28,0,28,73
03/23/2015,MBS,MI,AGL,CE,Combined TRACON& Tower with Radar,2,15,15,4,36,0,0,8,0,8,2,15,23,4,44,4,0,4,48
03/24/2015,MBS,MI,AGL,CE,Combined TRACON& Tower with Radar,3,23,19,2,47,0,4,19,1,24,3,27,38,3,71,14,0,14,85
03/25/2015,MBS,MI,AGL,CE,Combined TRACON& Tower with Radar,3,20,16,0,39,0,2,0,0,2,3,22,16,0,41,0,0,0,41
03/26/2015,MBS,MI,AGL,CE,Combined TRACON& Tower with Radar,2,27,16,0,45,0,2,6,1,9,2,29,22,1,54,0,0,0,54
03/27/2015,MBS,MI,AGL,CE,Combined TRACON& Tower with Radar,2,22,17,0,41,0,0,3,2,5,2,22,20,2,46,8,0,8,54
03/28/2015,MBS,MI,AGL,CE,Combined TRACON& Tower with Radar,3,21,18,0,42,0,1,16,0,17,3,22,34,0,59,0,0,0,59
03/29/2015,MBS,MI,AGL,CE,Combined TRACON& Tower with Radar,1,17,2,0,20,0,0,2,0,2,1,17,4,0,22,20,0,20,42
03/30/2015,MBS,MI,AGL,CE,Combined TRACON& Tower with Radar,1,20,18,0,39,0,0,8,0,8,1,20,26,0,47,0,0,0,47
03/31/2015,MBS,MI,AGL,CE,Combined TRACON& Tower with Radar,3,16,18,0,37,0,0,2,2,4,3,16,20,2,41,8,2,10,51
04/01/2015,MBS,MI,AGL,CE,Combined TRACON& Tower with Radar,2,21,19,0,42,0,0,10,0,10,2,21,29,0,52,4,0,4,56
04/02/2015,MBS,MI,AGL,CE,Combined TRACON& Tower with Radar,1,22,12,0,35,0,0,4,0,4,1,22,16,0,39,0,0,0,39
04/03/2015,MBS,MI,AGL,CE,Combined TRACON& Tower with Radar,2,17,10,0,29,0,0,3,0,3,2,17,13,0,32,0,0,0,32
04/04/2015,MBS,MI,AGL,CE,Combined TRACON& Tower with Radar,1,19,6,0,26,0,0,11,0,11,1,19,17,0,37,6,2,8,45
04/05/2015,MBS,MI,AGL,CE,Combined TRACON& Tower with Radar,3,16,3,0,22,0,0,2,0,2,3,16,5,0,24,0,0,0,24
04/06/2015,MBS,MI,AGL,CE,Combined TRACON& Tower with Radar,4,18,16,0,38,0,1,10,0,11,4,19,26,0,49,0,0,0,49
04/07/2015,MBS,MI,AGL,CE,Combined TRACON& Tower with Radar,1,20,18,0,39,0,0,1,0,1,1,20,19,0,40,0,0,0,40
04/08/2015,MBS,MI,AGL,CE,Combined TRACON& Tower with Radar,0,28,26,0,54,0,0,0,0,0,0,28,26,0,54,0,0,0,54
04/09/2015,MBS,MI,AGL,CE,Combined TRACON& Tower with Radar,1,22,15,0,38,0,0,0,0,0,1,22,15,0,38,0,0,0,38
04/10/2015,MBS,MI,AGL,CE,Combined TRACON& Tower with Radar,1,24,10,0,35,0,0,2,0,2,1,24,12,0,37,0,0,0,37
04/11/2015,MBS,MI,AGL,CE,Combined TRACON& Tower with Radar,0,20,14,0,34,0,0,37,0,37,0,20,51,0,71,24,0,24,95
04/12/2015,MBS,MI,AGL,CE,Combined TRACON& Tower with Radar,0,18,7,0,25,0,0,13,0,13,0,18,20,0,38,12,0,12,50
04/13/2015,MBS,MI,AGL,CE,Combined TRACON& Tower with Radar,1,24,17,0,42,0,0,4,2,6,1,24,21,2,48,0,0,0,48
04/14/2015,MBS,MI,AGL,CE,Combined TRACON& Tower with Radar,1,24,10,0,35,0,0,9,0,9,1,24,19,0,44,4,0,4,48
04/15/2015,MBS,MI,AGL,CE,Combined TRACON& Tower with Radar,1,22,20,0,43,0,2,29,0,31,1,24,49,0,74,14,0,14,88
04/16/2015,MBS,MI,AGL,CE,Combined TRACON& Tower with Radar,4,21,32,0,57,0,0,27,0,27,4,21,59,0,84,12,0,12,96
04/17/2015,MBS,MI,AGL,CE,Combined TRACON& Tower with Radar,3,19,21,0,43,0,0,32,0,32,3,19,53,0,75,2,0,2,77
04/18/2015,MBS,MI,AGL,CE,Combined TRACON& Tower with Radar,0,18,12,0,30,0,1,39,1,41,0,19,51,1,71,14,0,14,85
04/19/2015,MBS,MI,AGL,CE,Combined TRACON& Tower with Radar,0,18,19,0,37,0,0,14,0,14,0,18,33,0,51,52,0,52,103
04/20/2015,MBS,MI,AGL,CE,Combined TRACON& Tower with Radar,3,24,9,0,36,0,0,0,0,0,3,24,9,0,36,0,0,0,36
04/21/2015,MBS,MI,AGL,CE,Combined TRACON& Tower with Radar,1,27,19,0,47,0,0,3,1,4,1,27,22,1,51,0,0,0,51
04/22/2015,MBS,MI,AGL,CE,Combined TRACON& Tower with Radar,3,23,17,0,43,0,0,0,2,2,3,23,17,2,45,0,0,0,45
04/23/2015,MBS,MI,AGL,CE,Combined TRACON& Tower with Radar,6,26,10,0,42,0,0,7,3,10,6,26,17,3,52,0,0,0,52
04/24/2015,MBS,MI,AGL,CE,Combined TRACON& Tower with Radar,3,17,28,0,48,0,0,22,1,23,3,17,50,1,71,16,0,16,87
04/25/2015,MBS,MI,AGL,CE,Combined TRACON& Tower with Radar,0,18,13,0,31,0,0,5,4,9,0,18,18,4,40,2,0,2,42
04/26/2015,MBS,MI,AGL,CE,Combined TRACON& Tower with Radar,0,20,4,0,24,0,0,6,0,6,0,20,10,0,30,0,0,0,30
04/27/2015,MBS,MI,AGL,CE,Combined TRACON& Tower with Radar,1,20,12,0,33,0,0,9,0,9,1,20,21,0,42,0,0,0,42
04/28/2015,MBS,MI,AGL,CE,Combined TRACON& Tower with Radar,1,22,23,0,46,0,1,20,0,21,1,23,43,0,67,54,0,54,121
04/29/2015,MBS,MI,AGL,CE,Combined TRACON& Tower with Radar,1,21,30,3,55,0,0,13,2,15,1,21,43,5,70,2,0,2,72
04/30/2015,MBS,MI,AGL,CE,Combined TRACON& Tower with Radar,3,21,15,0,39,0,0,13,0,13,3,21,28,0,52,2,0,2,54
05/01/2015,MBS,MI,AGL,CE,Combined TRACON& Tower with Radar,0,29,22,0,51,0,1,11,0,12,0,30,33,0,63,16,0,16,79
05/02/2015,MBS,MI,AGL,CE,Combined TRACON& Tower with Radar,0,16,5,0,21,0,0,17,1,18,0,16,22,1,39,18,0,18,57
05/03/2015,MBS,MI,AGL,CE,Combined TRACON& Tower with Radar,0,25,7,0,32,0,1,4,0,5,0,26,11,0,37,0,0,0,37
05/04/2015,MBS,MI,AGL,CE,Combined TRACON& Tower with Radar,0,25,22,0,47,0,0,5,2,7,0,25,27,2,54,0,0,0,54
05/05/2015,MBS,MI,AGL,CE,Combined TRACON& Tower with Radar,0,20,15,1,36,0,0,6,3,9,0,20,21,4,45,6,0,6,51
05/06/2015,MBS,MI,AGL,CE,Combined TRACON& Tower with Radar,2,25,19,1,47,0,0,12,2,14,2,25,31,3,61,0,0,0,61
05/07/2015,MBS,MI,AGL,CE,Combined TRACON& Tower with Radar,0,24,26,0,50,0,1,19,3,23,0,25,45,3,73,20,0,20,93
05/08/2015,MBS,MI,AGL,CE,Combined TRACON& Tower with Radar,0,21,16,0,37,0,0,2,8,10,0,21,18,8,47,6,0,6,53
05/09/2015,MBS,MI,AGL,CE,Combined TRACON& Tower with Radar,1,18,15,0,34,0,0,0,0,0,1,18,15,0,34,0,0,0,34
05/10/2015,MBS,MI,AGL,CE,Combined TRACON& Tower with Radar,1,18,10,0,29,0,0,0,0,0,1,18,10,0,29,6,2,8,37
05/11/2015,MBS,MI,AGL,CE,Combined TRACON& Tower with Radar,0,20,13,0,33,0,0,0,0,0,0,20,13,0,33,0,0,0,33
05/12/2015,MBS,MI,AGL,CE,Combined TRACON& Tower with Radar,0,24,25,0,49,0,1,4,3,8,0,25,29,3,57,4,0,4,61
05/13/2015,MBS,MI,AGL,CE,Combined TRACON& Tower with Radar,0,33,27,0,60,0,3,4,0,7,0,36,31,0,67,0,0,0,67
05/14/2015,MBS,MI,AGL,CE,Combined TRACON& Tower with Radar,4,31,12,0,47,0,0,10,1,11,4,31,22,1,58,46,0,46,104
05/15/2015,MBS,MI,AGL,CE,Combined TRACON& Tower with Radar,2,25,18,0,45,0,3,2,1,6,2,28,20,1,51,0,0,0,51
05/16/2015,MBS,MI,AGL,CE,Combined TRACON& Tower with Radar,2,13,7,0,22,0,1,9,2,12,2,14,16,2,34,20,0,20,54
05/17/2015,MBS,MI,AGL,CE,Combined TRACON& Tower with Radar,1,20,11,0,32,0,0,1,0,1,1,20,12,0,33,6,0,6,39
05/18/2015,MBS,MI,AGL,CE,Combined TRACON& Tower with Radar,3,27,15,0,45,0,0,4,0,4,3,27,19,0,49,0,0,0,49
05/19/2015,MBS,MI,AGL,CE,Combined TRACON& Tower with Radar,0,26,34,1,61,0,0,13,4,17,0,26,47,5,78,0,0,0,78
05/20/2015,MBS,MI,AGL,CE,Combined TRACON& Tower with Radar,0,25,26,0,51,0,0,14,1,15,0,25,40,1,66,34,0,34,100
05/21/2015,MBS,MI,AGL,CE,Combined TRACON& Tower with Radar,2,22,14,0,38,0,0,12,8,20,2,22,26,8,58,2,0,2,60
05/22/2015,MBS,MI,AGL,CE,Combined TRACON& Tower with Radar,0,25,25,0,50,0,2,15,3,20,0,27,40,3,70,6,0,6,76
05/23/2015,MBS,MI,AGL,CE,Combined TRACON& Tower with Radar,2,14,7,0,23,0,0,17,0,17,2,14,24,0,40,0,0,0,40
05/24/2015,MBS,MI,AGL,CE,Combined TRACON& Tower with Radar,3,13,9,0,25,0,0,5,0,5,3,13,14,0,30,0,0,0,30
05/25/2015,MBS,MI,AGL,CE,Combined TRACON& Tower with Radar,2,21,12,0,35,0,0,2,0,2,2,21,14,0,37,0,0,0,37
05/26/2015,MBS,MI,AGL,CE,Combined TRACON& Tower with Radar,1,23,23,0,47,0,0,2,2,4,1,23,25,2,51,0,0,0,51
05/27/2015,MBS,MI,AGL,CE,Combined TRACON& Tower with Radar,0,29,29,0,58,0,0,2,0,2,0,29,31,0,60,2,0,2,62
05/28/2015,MBS,MI,AGL,CE,Combined TRACON& Tower with Radar,0,22,27,2,51,0,0,21,3,24,0,22,48,5,75,26,0,26,101
05/29/2015,MBS,MI,AGL,CE,Combined TRACON& Tower with Radar,0,25,18,4,47,0,0,8,1,9,0,25,26,5,56,0,0,0,56
05/30/2015,MBS,MI,AGL,CE,Combined TRACON& Tower with Radar,2,15,15,0,32,0,0,0,0,0,2,15,15,0,32,0,0,0,32
05/31/2015,MBS,MI,AGL,CE,Combined TRACON& Tower with Radar,2,19,16,0,37,0,0,1,0,1,2,19,17,0,38,0,0,0,38
06/01/2015,MBS,MI,AGL,CE,Combined TRACON& Tower with Radar,0,26,14,0,40,0,0,9,3,12,0,26,23,3,52,34,0,34,86
06/02/2015,MBS,MI,AGL,CE,Combined TRACON& Tower with Radar,0,24,7,0,31,0,1,42,0,43,0,25,49,0,74,6,0,6,80
06/03/2015,MBS,MI,AGL,CE,Combined TRACON& Tower with Radar,1,26,15,2,44,0,0,28,3,31,1,26,43,5,75,4,0,4,79
06/04/2015,MBS,MI,AGL,CE,Combined TRACON& Tower with Radar,2,27,20,0,49,0,4,25,2,31,2,31,45,2,80,22,0,22,102
06/05/2015,MBS,MI,AGL,CE,Combined TRACON& Tower with Radar,4,24,22,4,54,0,0,4,0,4,4,24,26,4,58,0,0,0,58
06/06/2015,MBS,MI,AGL,CE,Combined TRACON& Tower with Radar,1,19,9,0,29,0,0,20,5,25,1,19,29,5,54,28,0,28,82
06/07/2015,MBS,MI,AGL,CE,Combined TRACON& Tower with Radar,1,22,14,0,37,0,0,1,0,1,1,22,15,0,38,0,0,0,38
06/08/2015,MBS,MI,AGL,CE,Combined TRACON& Tower with Radar,2,18,23,0,43,0,0,3,0,3,2,18,26,0,46,0,0,0,46
06/09/2015,MBS,MI,AGL,CE,Combined TRACON& Tower with Radar,1,21,24,0,46,0,2,42,0,44,1,23,66,0,90,66,0,66,156
06/10/2015,MBS,MI,AGL,CE,Combined TRACON& Tower with Radar,1,24,20,0,45,0,0,7,0,7,1,24,27,0,52,0,0,0,52
06/11/2015,MBS,MI,AGL,CE,Combined TRACON& Tower with Radar,2,22,22,0,46,0,0,20,1,21,2,22,42,1,67,26,0,26,93
06/12/2015,MBS,MI,AGL,CE,Combined TRACON& Tower with Radar,2,21,18,0,41,0,0,0,2,2,2,21,18,2,43,0,0,0,43
06/13/2015,MBS,MI,AGL,CE,Combined TRACON& Tower with Radar,1,16,2,0,19,0,3,6,0,9,1,19,8,0,28,0,0,0,28
06/14/2015,MBS,MI,AGL,CE,Combined TRACON& Tower with Radar,3,17,14,0,34,0,0,0,0,0,3,17,14,0,34,2,0,2,36
06/15/2015,MBS,MI,AGL,CE,Combined TRACON& Tower with Radar,1,17,25,0,43,0,0,5,0,5,1,17,30,0,48,14,0,14,62
06/16/2015,MBS,MI,AGL,CE,Combined TRACON& Tower with Radar,1,20,24,0,45,0,1,21,1,23,1,21,45,1,68,28,0,28,96
06/17/2015,MBS,MI,AGL,CE,Combined TRACON& Tower with Radar,1,17,25,0,43,0,2,22,4,28,1,19,47,4,71,20,0,20,91
06/18/2015,MBS,MI,AGL,CE,Combined TRACON& Tower with Radar,2,20,22,0,44,0,0,1,2,3,2,20,23,2,47,0,0,0,47
06/19/2015,MBS,MI,AGL,CE,Combined TRACON& Tower with Radar,2,19,24,0,45,0,0,10,1,11,2,19,34,1,56,46,0,46,102
06/20/2015,MBS,MI,AGL,CE,Combined TRACON& Tower with Radar,1,17,11,0,29,0,0,21,0,21,1,17,32,0,50,16,0,16,66
06/21/2015,MBS,MI,AGL,CE,Combined TRACON& Tower with Radar,1,13,3,0,17,0,0,8,0,8,1,13,11,0,25,0,0,0,25
06/22/2015,MBS,MI,AGL,CE,Combined TRACON& Tower with Radar,3,14,14,0,31,0,0,2,0,2,3,14,16,0,33,0,0,0,33
06/23/2015,MBS,MI,AGL,CE,Combined TRACON& Tower with Radar,1,23,34,0,58,0,0,25,0,25,1,23,59,0,83,32,0,32,115
06/24/2015,MBS,MI,AGL,CE,Combined TRACON& Tower with Radar,3,23,26,0,52,0,0,22,0,22,3,23,48,0,74,40,0,40,114
06/25/2015,MBS,MI,AGL,CE,Combined TRACON& Tower with Radar,2,23,15,1,41,0,0,6,1,7,2,23,21,2,48,4,0,4,52
06/26/2015,MBS,MI,AGL,CE,Combined TRACON& Tower with Radar,4,20,23,0,47,0,0,11,0,11,4,20,34,0,58,24,0,24,82
06/27/2015,MBS,MI,AGL,CE,Combined TRACON& Tower with Radar,1,18,5,0,24,0,0,6,4,10,1,18,11,4,34,20,0,20,54
06/28/2015,MBS,MI,AGL,CE,Combined TRACON& Tower with Radar,4,19,7,0,30,0,0,8,0,8,4,19,15,0,38,0,0,0,38
06/29/2015,MBS,MI,AGL,CE,Combined TRACON& Tower with Radar,5,18,26,0,49,0,0,9,0,9,5,18,35,0,58,4,0,4,62
06/30/2015,MBS,MI,AGL,CE,Combined TRACON& Tower with Radar,5,14,15,1,35,0,1,7,0,8,5,15,22,1,43,22,0,22,65
07/01/2015,MBS,MI,AGL,CE,Combined TRACON& Tower with Radar,3,21,25,0,49,0,0,7,0,7,3,21,32,0,56,0,0,0,56
07/02/2015,MBS,MI,AGL,CE,Combined TRACON& Tower with Radar,4,19,25,0,48,0,1,25,1,27,4,20,50,1,75,8,8,16,91
07/03/2015,MBS,MI,AGL,CE,Combined TRACON& Tower with Radar,2,13,11,0,26,0,0,11,4,15,2,13,22,4,41,6,0,6,47
07/04/2015,MBS,MI,AGL,CE,Combined TRACON& Tower with Radar,2,8,7,1,18,0,0,9,12,21,2,8,16,13,39,24,0,24,63
07/05/2015,MBS,MI,AGL,CE,Combined TRACON& Tower with Radar,4,13,12,0,29,0,0,7,0,7,4,13,19,0,36,10,0,10,46
07/06/2015,MBS,MI,AGL,CE,Combined TRACON& Tower with Radar,4,19,13,0,36,0,0,10,2,12,4,19,23,2,48,0,0,0,48
07/07/2015,MBS,MI,AGL,CE,Combined TRACON& Tower with Radar,4,18,15,0,37,0,0,7,1,8,4,18,22,1,45,0,0,0,45
07/08/2015,MBS,MI,AGL,CE,Combined TRACON& Tower with Radar,5,25,38,0,68,0,0,9,0,9,5,25,47,0,77,0,0,0,77
07/09/2015,MBS,MI,AGL,CE,Combined TRACON& Tower with Radar,3,21,25,0,49,0,1,5,0,6,3,22,30,0,55,32,0,32,87
07/10/2015,MBS,MI,AGL,CE,Combined TRACON& Tower with Radar,2,20,33,0,55,0,0,16,0,16,2,20,49,0,71,16,0,16,87
07/11/2015,MBS,MI,AGL,CE,Combined TRACON& Tower with Radar,2,16,16,0,34,0,0,16,0,16,2,16,32,0,50,35,0,35,85
07/12/2015,MBS,MI,AGL,CE,Combined TRACON& Tower with Radar,4,14,5,0,23,0,0,12,0,12,4,14,17,0,35,6,0,6,41
07/13/2015,MBS,MI,AGL,CE,Combined TRACON& Tower with Radar,4,17,13,0,34,0,0,5,0,5,4,17,18,0,39,0,0,0,39
07/14/2015,MBS,MI,AGL,CE,Combined TRACON& Tower with Radar,4,13,13,0,30,0,0,4,0,4,4,13,17,0,34,0,0,0,34
07/15/2015,MBS,MI,AGL,CE,Combined TRACON& Tower with Radar,3,21,18,0,42,0,1,22,0,23,3,22,40,0,65,0,0,0,65
07/16/2015,MBS,MI,AGL,CE,Combined TRACON& Tower with Radar,2,20,18,0,40,0,0,9,1,10,2,20,27,1,50,10,0,10,60
07/17/2015,MBS,MI,AGL,CE,Combined TRACON& Tower with Radar,3,18,17,0,38,0,0,0,3,3,3,18,17,3,41,0,0,0,41
07/18/2015,MBS,MI,AGL,CE,Combined TRACON& Tower with Radar,2,17,10,0,29,0,3,6,1,10,2,20,16,1,39,0,0,0,39
07/19/2015,MBS,MI,AGL,CE,Combined TRACON& Tower with Radar,3,15,31,0,49,0,0,12,0,12,3,15,43,0,61,6,0,6,67
07/20/2015,MBS,MI,AGL,CE,Combined TRACON& Tower with Radar,4,20,25,0,49,0,0,16,1,17,4,20,41,1,66,14,0,14,80
07/21/2015,MBS,MI,AGL,CE,Combined TRACON& Tower with Radar,3,16,24,0,43,0,0,23,0,23,3,16,47,0,66,12,0,12,78
07/22/2015,MBS,MI,AGL,CE,Combined TRACON& Tower with Radar,4,20,39,0,63,0,2,30,0,32,4,22,69,0,95,10,0,10,105
07/23/2015,MBS,MI,AGL,CE,Combined TRACON& Tower with Radar,3,20,36,0,59,0,0,30,2,32,3,20,66,2,91,0,0,0,91
07/24/2015,MBS,MI,AGL,CE,Combined TRACON& Tower with Radar,4,18,31,0,53,0,0,23,2,25,4,18,54,2,78,32,0,32,110
07/25/2015,MBS,MI,AGL,CE,Combined TRACON& Tower with Radar,1,17,17,4,39,0,0,11,1,12,1,17,28,5,51,0,0,0,51
07/26/2015,MBS,MI,AGL,CE,Combined TRACON& Tower with Radar,5,14,12,0,31,0,1,15,1,17,5,15,27,1,48,0,0,0,48
07/27/2015,MBS,MI,AGL,CE,Combined TRACON& Tower with Radar,4,20,25,0,49,0,1,17,2,20,4,21,42,2,69,6,0,6,75
07/28/2015,MBS,MI,AGL,CE,Combined TRACON& Tower with Radar,3,17,25,0,45,0,0,16,1,17,3,17,41,1,62,0,0,0,62
07/29/2015,MBS,MI,AGL,CE,Combined TRACON& Tower with Radar,5,18,24,0,47,0,1,18,4,23,5,19,42,4,70,0,0,0,70
07/30/2015,MBS,MI,AGL,CE,Combined TRACON& Tower with Radar,3,22,13,0,38,0,0,17,2,19,3,22,30,2,57,20,0,20,77
07/31/2015,MBS,MI,AGL,CE,Combined TRACON& Tower with Radar,4,18,26,0,48,0,2,4,0,6,4,20,30,0,54,0,0,0,54
08/01/2015,MBS,MI,AGL,CE,Combined TRACON& Tower with Radar,2,20,10,0,32,0,0,23,0,23,2,20,33,0,55,14,0,14,69
08/02/2015,MBS,MI,AGL,CE,Combined TRACON& Tower with Radar,3,12,7,0,22,0,2,1,0,3,3,14,8,0,25,0,0,0,25
08/03/2015,MBS,MI,AGL,CE,Combined TRACON& Tower with Radar,5,15,21,0,41,0,0,11,1,12,5,15,32,1,53,30,0,30,83
08/04/2015,MBS,MI,AGL,CE,Combined TRACON& Tower with Radar,5,15,17,0,37,0,0,10,0,10,5,15,27,0,47,2,0,2,49
08/05/2015,MBS,MI,AGL,CE,Combined TRACON& Tower with Radar,4,21,32,2,59,0,0,17,3,20,4,21,49,5,79,6,0,6,85
08/06/2015,MBS,MI,AGL,CE,Combined TRACON& Tower with Radar,4,20,14,0,38,0,0,20,0,20,4,20,34,0,58,36,0,36,94
08/07/2015,MBS,MI,AGL,CE,Combined TRACON& Tower with Radar,2,22,15,0,39,0,0,6,1,7,2,22,21,1,46,12,0,12,58
08/08/2015,MBS,MI,AGL,CE,Combined TRACON& Tower with Radar,2,17,15,0,34,0,0,12,1,13,2,17,27,1,47,24,0,24,71
08/09/2015,MBS,MI,AGL,CE,Combined TRACON& Tower with Radar,4,15,16,0,35,0,2,14,0,16,4,17,30,0,51,4,0,4,55
08/10/2015,MBS,MI,AGL,CE,Combined TRACON& Tower with Radar,1,18,12,0,31,0,0,1,0,1,1,18,13,0,32,0,0,0,32
08/11/2015,MBS,MI,AGL,CE,Combined TRACON& Tower with Radar,4,20,23,0,47,0,0,9,0,9,4,20,32,0,56,2,0,2,58
08/12/2015,MBS,MI,AGL,CE,Combined TRACON& Tower with Radar,4,22,29,0,55,0,0,22,3,25,4,22,51,3,80,20,0,20,100
08/13/2015,MBS,MI,AGL,CE,Combined TRACON& Tower with Radar,3,21,28,0,52,0,0,21,1,22,3,21,49,1,74,6,0,6,80
08/14/2015,MBS,MI,AGL,CE,Combined TRACON& Tower with Radar,5,18,15,0,38,0,0,8,0,8,5,18,23,0,46,0,0,0,46
08/15/2015,MBS,MI,AGL,CE,Combined TRACON& Tower with Radar,2,16,15,0,33,0,0,18,2,20,2,16,33,2,53,14,0,14,67
08/16/2015,MBS,MI,AGL,CE,Combined TRACON& Tower with Radar,4,16,5,0,25,0,0,13,7,20,4,16,18,7,45,0,0,0,45
08/17/2015,MBS,MI,AGL,CE,Combined TRACON& Tower with Radar,4,20,17,0,41,0,0,3,0,3,4,20,20,0,44,0,0,0,44
08/18/2015,MBS,MI,AGL,CE,Combined TRACON& Tower with Radar,2,19,17,0,38,0,0,6,0,6,2,19,23,0,44,2,0,2,46
08/19/2015,MBS,MI,AGL,CE,Combined TRACON& Tower with Radar,2,18,16,0,36,0,0,2,0,2,2,18,18,0,38,0,0,0,38
08/20/2015,MBS,MI,AGL,CE,Combined TRACON& Tower with Radar,1,25,13,0,39,0,0,0,2,2,1,25,13,2,41,8,0,8,49
08/21/2015,MBS,MI,AGL,CE,Combined TRACON& Tower with Radar,2,22,22,0,46,0,0,28,2,30,2,22,50,2,76,38,0,38,114
08/22/2015,MBS,MI,AGL,CE,Combined TRACON& Tower with Radar,2,17,12,0,31,0,0,6,0,6,2,17,18,0,37,0,0,0,37
08/23/2015,MBS,MI,AGL,CE,Combined TRACON& Tower with Radar,1,20,12,0,33,0,0,8,0,8,1,20,20,0,41,0,0,0,41
08/24/2015,MBS,MI,AGL,CE,Combined TRACON& Tower with Radar,2,22,16,0,40,0,5,8,0,13,2,27,24,0,53,16,0,16,69
08/25/2015,MBS,MI,AGL,CE,Combined TRACON& Tower with Radar,2,18,20,0,40,0,0,8,0,8,2,18,28,0,48,2,0,2,50
08/26/2015,MBS,MI,AGL,CE,Combined TRACON& Tower with Radar,2,20,12,0,34,0,0,8,2,10,2,20,20,2,44,22,0,22,66
08/27/2015,MBS,MI,AGL,CE,Combined TRACON& Tower with Radar,2,22,20,1,45,0,0,6,1,7,2,22,26,2,52,16,0,16,68
08/28/2015,MBS,MI,AGL,CE,Combined TRACON& Tower with Radar,2,22,21,0,45,0,0,10,3,13,2,22,31,3,58,6,0,6,64
08/29/2015,MBS,MI,AGL,CE,Combined TRACON& Tower with Radar,2,14,4,0,20,0,0,0,0,0,2,14,4,0,20,0,0,0,20
08/30/2015,MBS,MI,AGL,CE,Combined TRACON& Tower with Radar,2,16,14,0,32,0,0,3,0,3,2,16,17,0,35,4,0,4,39
08/31/2015,MBS,MI,AGL,CE,Combined TRACON& Tower with Radar,6,11,12,0,29,0,0,10,1,11,6,11,22,1,40,12,0,12,52
09/01/2015,MBS,MI,AGL,CE,Combined TRACON& Tower with Radar,7,10,16,0,33,0,0,19,0,19,7,10,35,0,52,28,0,28,80
09/02/2015,MBS,MI,AGL,CE,Combined TRACON& Tower with Radar,7,15,12,0,34,0,0,3,0,3,7,15,15,0,37,2,0,2,39
09/03/2015,MBS,MI,AGL,CE,Combined TRACON& Tower with Radar,6,19,6,0,31,0,0,0,0,0,6,19,6,0,31,0,0,0,31
09/04/2015,MBS,MI,AGL,CE,Combined TRACON& Tower with Radar,6,14,21,0,41,0,0,2,0,2,6,14,23,0,43,0,0,0,43
09/05/2015,MBS,MI,AGL,CE,Combined TRACON& Tower with Radar,6,5,2,0,13,0,0,2,0,2,6,5,4,0,15,0,0,0,15
09/06/2015,MBS,MI,AGL,CE,Combined TRACON& Tower with Radar,6,7,12,0,25,0,0,6,0,6,6,7,18,0,31,6,0,6,37
09/07/2015,MBS,MI,AGL,CE,Combined TRACON& Tower with Radar,4,13,11,0,28,0,0,4,0,4,4,13,15,0,32,0,0,0,32
09/08/2015,MBS,MI,AGL,CE,Combined TRACON& Tower with Radar,5,12,7,0,24,0,0,0,0,0,5,12,7,0,24,0,0,0,24
09/09/2015,MBS,MI,AGL,CE,Combined TRACON& Tower with Radar,5,13,30,0,48,0,0,17,0,17,5,13,47,0,65,10,0,10,75
09/10/2015,MBS,MI,AGL,CE,Combined TRACON& Tower with Radar,4,15,23,0,42,0,0,17,0,17,4,15,40,0,59,38,0,38,97
09/11/2015,MBS,MI,AGL,CE,Combined TRACON& Tower with Radar,3,16,18,0,37,0,0,5,0,5,3,16,23,0,42,6,0,6,48
09/12/2015,MBS,MI,AGL,CE,Combined TRACON& Tower with Radar,5,9,4,0,18,0,0,7,3,10,5,9,11,3,28,0,0,0,28
09/13/2015,MBS,MI,AGL,CE,Combined TRACON& Tower with Radar,4,12,7,0,23,0,0,16,0,16,4,12,23,0,39,16,0,16,55
09/14/2015,MBS,MI,AGL,CE,Combined TRACON& Tower with Radar,6,11,19,0,36,0,0,7,2,9,6,11,26,2,45,0,0,0,45
09/15/2015,MBS,MI,AGL,CE,Combined TRACON& Tower with Radar,5,16,20,0,41,0,0,13,2,15,5,16,33,2,56,48,0,48,104
09/16/2015,MBS,MI,AGL,CE,Combined TRACON& Tower with Radar,6,18,30,0,54,0,1,13,2,16,6,19,43,2,70,8,0,8,78
09/17/2015,MBS,MI,AGL,CE,Combined TRACON& Tower with Radar,6,21,22,0,49,0,3,16,0,19,6,24,38,0,68,14,0,14,82
09/18/2015,MBS,MI,AGL,CE,Combined TRACON& Tower with Radar,14,25,31,0,70,0,0,6,1,7,14,25,37,1,77,12,0,12,89
09/19/2015,MBS,MI,AGL,CE,Combined TRACON& Tower with Radar,16,8,5,0,29,0,0,0,0,0,16,8,5,0,29,2,0,2,31
09/20/2015,MBS,MI,AGL,CE,Combined TRACON& Tower with Radar,4,12,5,0,21,0,0,15,0,15,4,12,20,0,36,22,0,22,58
09/21/2015,MBS,MI,AGL,CE,Combined TRACON& Tower with Radar,6,17,17,0,40,0,5,8,1,14,6,22,25,1,54,18,0,18,72
09/22/2015,MBS,MI,AGL,CE,Combined TRACON& Tower with Radar,6,18,16,1,41,0,0,16,0,16,6,18,32,1,57,24,0,24,81
09/23/2015,MBS,MI,AGL,CE,Combined TRACON& Tower with Radar,9,16,14,0,39,2,2,11,0,15,11,18,25,0,54,0,0,0,54
09/24/2015,MBS,MI,AGL,CE,Combined TRACON& Tower with Radar,5,16,19,0,40,0,0,13,0,13,5,16,32,0,53,0,0,0,53
09/25/2015,MBS,MI,AGL,CE,Combined TRACON& Tower with Radar,6,15,18,0,39,0,0,10,0,10,6,15,28,0,49,0,0,0,49
09/26/2015,MBS,MI,AGL,CE,Combined TRACON& Tower with Radar,6,8,8,0,22,0,0,18,0,18,6,8,26,0,40,6,0,6,46
09/27/2015,MBS,MI,AGL,CE,Combined TRACON& Tower with Radar,4,12,13,0,29,0,1,14,1,16,4,13,27,1,45,4,0,4,49
09/28/2015,MBS,MI,AGL,CE,Combined TRACON& Tower with Radar,5,14,19,0,38,0,2,17,2,21,5,16,36,2,59,8,0,8,67
09/29/2015,MBS,MI,AGL,CE,Combined TRACON& Tower with Radar,6,17,24,0,47,0,0,7,2,9,6,17,31,2,56,0,0,0,56
09/30/2015,MBS,MI,AGL,CE,Combined TRACON& Tower with Radar,6,22,30,0,58,0,0,8,0,8,6,22,38,0,66,12,0,12,78
10/01/2015,MBS,MI,AGL,CE,Combined TRACON& Tower with Radar,2,29,11,0,42,0,0,11,0,11,2,29,22,0,53,0,0,0,53
10/02/2015,MBS,MI,AGL,CE,Combined TRACON& Tower with Radar,2,24,10,0,36,0,2,9,0,11,2,26,19,0,47,18,0,18,65
10/03/2015,MBS,MI,AGL,CE,Combined TRACON& Tower with Radar,2,12,17,0,31,0,1,7,3,11,2,13,24,3,42,0,0,0,42
10/04/2015,MBS,MI,AGL,CE,Combined TRACON& Tower with Radar,2,16,16,0,34,0,0,0,0,0,2,16,16,0,34,0,0,0,34
10/05/2015,MBS,MI,AGL,CE,Combined TRACON& Tower with Radar,3,24,13,0,40,0,0,0,0,0,3,24,13,0,40,0,0,0,40
10/06/2015,MBS,MI,AGL,CE,Combined TRACON& Tower with Radar,6,25,20,0,51,0,2,4,0,6,6,27,24,0,57,38,0,38,95
10/07/2015,MBS,MI,AGL,CE,Combined TRACON& Tower with Radar,3,23,25,1,52,0,4,8,0,12,3,27,33,1,64,16,0,16,80
10/08/2015,MBS,MI,AGL,CE,Combined TRACON& Tower with Radar,2,27,29,0,58,0,0,9,0,9,2,27,38,0,67,12,0,12,79
10/09/2015,MBS,MI,AGL,CE,Combined TRACON& Tower with Radar,2,23,28,0,53,0,0,7,0,7,2,23,35,0,60,6,0,6,66
10/10/2015,MBS,MI,AGL,CE,Combined TRACON& Tower with Radar,4,15,12,0,31,0,0,15,0,15,4,15,27,0,46,8,0,8,54
10/11/2015,MBS,MI,AGL,CE,Combined TRACON& Tower with Radar,2,17,9,0,28,0,0,9,0,9,2,17,18,0,37,2,0,2,39
10/12/2015,MBS,MI,AGL,CE,Combined TRACON& Tower with Radar,1,18,13,0,32,0,0,8,0,8,1,18,21,0,40,2,0,2,42
10/13/2015,MBS,MI,AGL,CE,Combined TRACON& Tower with Radar,6,23,20,0,49,0,0,2,2,4,6,23,22,2,53,6,0,6,59
10/14/2015,MBS,MI,AGL,CE,Combined TRACON& Tower with Radar,3,25,22,0,50,0,1,10,4,15,3,26,32,4,65,4,0,4,69
10/15/2015,MBS,MI,AGL,CE,Combined TRACON& Tower with Radar,3,26,21,0,50,0,1,5,2,8,3,27,26,2,58,0,0,0,58
10/16/2015,MBS,MI,AGL,CE,Combined TRACON& Tower with Radar,2,22,13,0,37,0,0,7,0,7,2,22,20,0,44,10,0,10,54
10/17/2015,MBS,MI,AGL,CE,Combined TRACON& Tower with Radar,2,12,5,0,19,0,0,6,0,6,2,12,11,0,25,0,0,0,25
10/18/2015,MBS,MI,AGL,CE,Combined TRACON& Tower with Radar,2,17,11,0,30,0,0,6,0,6,2,17,17,0,36,2,0,2,38
10/19/2015,MBS,MI,AGL,CE,Combined TRACON& Tower with Radar,2,18,11,0,31,0,1,2,0,3,2,19,13,0,34,0,0,0,34
10/20/2015,MBS,MI,AGL,CE,Combined TRACON& Tower with Radar,2,20,15,0,37,0,0,10,0,10,2,20,25,0,47,28,0,28,75
10/21/2015,MBS,MI,AGL,CE,Combined TRACON& Tower with Radar,1,22,20,0,43,0,0,6,0,6,1,22,26,0,49,0,0,0,49
10/22/2015,MBS,MI,AGL,CE,Combined TRACON& Tower with Radar,2,21,21,0,44,0,0,23,1,24,2,21,44,1,68,32,0,32,100
10/23/2015,MBS,MI,AGL,CE,Combined TRACON& Tower with Radar,2,20,23,0,45,0,0,18,3,21,2,20,41,3,66,2,0,2,68
10/24/2015,MBS,MI,AGL,CE,Combined TRACON& Tower with Radar,2,12,12,0,26,0,0,0,2,2,2,12,12,2,28,0,0,0,28
10/25/2015,MBS,MI,AGL,CE,Combined TRACON& Tower with Radar,2,15,10,0,27,0,0,17,0,17,2,15,27,0,44,4,0,4,48
10/26/2015,MBS,MI,AGL,CE,Combined TRACON& Tower with Radar,2,18,26,0,46,0,0,31,2,33,2,18,57,2,79,16,0,16,95
10/27/2015,MBS,MI,AGL,CE,Combined TRACON& Tower with Radar,1,18,17,0,36,0,0,18,3,21,1,18,35,3,57,6,0,6,63
10/28/2015,MBS,MI,AGL,CE,Combined TRACON& Tower with Radar,0,20,10,0,30,0,0,0,4,4,0,20,10,4,34,0,0,0,34
10/29/2015,MBS,MI,AGL,CE,Combined TRACON& Tower with Radar,3,22,13,0,38,0,0,1,3,4,3,22,14,3,42,0,0,0,42
10/30/2015,MBS,MI,AGL,CE,Combined TRACON& Tower with Radar,2,17,18,0,37,0,0,25,4,29,2,17,43,4,66,0,0,0,66
10/31/2015,MBS,MI,AGL,CE,Combined TRACON& Tower with Radar,2,12,12,0,26,0,0,8,2,10,2,12,20,2,36,0,0,0,36
11/01/2015,MBS,MI,AGL,CE,Combined TRACON& Tower with Radar,3,13,10,0,26,0,0,14,0,14,3,13,24,0,40,20,0,20,60
11/02/2015,MBS,MI,AGL,CE,Combined TRACON& Tower with Radar,2,17,8,0,27,0,0,9,0,9,2,17,17,0,36,0,0,0,36
11/03/2015,MBS,MI,AGL,CE,Combined TRACON& Tower with Radar,2,21,19,0,42,0,0,16,3,19,2,21,35,3,61,20,0,20,81
11/04/2015,MBS,MI,AGL,CE,Combined TRACON& Tower with Radar,2,20,20,0,42,0,0,16,1,17,2,20,36,1,59,20,0,20,79
11/05/2015,MBS,MI,AGL,CE,Combined TRACON& Tower with Radar,2,22,24,0,48,0,2,10,4,16,2,24,34,4,64,16,0,16,80
11/06/2015,MBS,MI,AGL,CE,Combined TRACON& Tower with Radar,2,17,24,0,43,0,0,0,1,1,2,17,24,1,44,0,0,0,44
11/07/2015,MBS,MI,AGL,CE,Combined TRACON& Tower with Radar,0,16,6,0,22,0,0,4,3,7,0,16,10,3,29,2,0,2,31
11/08/2015,MBS,MI,AGL,CE,Combined TRACON& Tower with Radar,0,16,28,0,44,0,4,29,0,33,0,20,57,0,77,12,0,12,89
11/09/2015,MBS,MI,AGL,CE,Combined TRACON& Tower with Radar,2,23,10,0,35,0,0,8,0,8,2,23,18,0,43,6,0,6,49
11/10/2015,MBS,MI,AGL,CE,Combined TRACON& Tower with Radar,2,25,16,0,43,0,0,2,0,2,2,25,18,0,45,0,0,0,45
11/11/2015,MBS,MI,AGL,CE,Combined TRACON& Tower with Radar,2,20,23,0,45,0,0,7,0,7,2,20,30,0,52,0,0,0,52
11/12/2015,MBS,MI,AGL,CE,Combined TRACON& Tower with Radar,2,26,25,0,53,0,0,0,0,0,2,26,25,0,53,0,0,0,53
11/13/2015,MBS,MI,AGL,CE,Combined TRACON& Tower with Radar,2,20,20,0,42,0,0,1,3,4,2,20,21,3,46,0,0,0,46
11/14/2015,MBS,MI,AGL,CE,Combined TRACON& Tower with Radar,0,18,13,0,31,0,1,7,0,8,0,19,20,0,39,0,0,0,39
11/15/2015,MBS,MI,AGL,CE,Combined TRACON& Tower with Radar,2,17,23,0,42,0,0,19,0,19,2,17,42,0,61,48,0,48,109
11/16/2015,MBS,MI,AGL,CE,Combined TRACON& Tower with Radar,3,20,18,0,41,0,0,7,0,7,3,20,25,0,48,2,0,2,50
11/17/2015,MBS,MI,AGL,CE,Combined TRACON& Tower with Radar,3,20,13,0,36,0,0,2,1,3,3,20,15,1,39,10,0,10,49
11/18/2015,MBS,MI,AGL,CE,Combined TRACON& Tower with Radar,3,17,9,0,29,0,0,0,0,0,3,17,9,0,29,0,0,0,29
11/19/2015,MBS,MI,AGL,CE,Combined TRACON& Tower with Radar,3,19,15,0,37,0,0,0,1,1,3,19,15,1,38,0,0,0,38
11/20/2015,MBS,MI,AGL,CE,Combined TRACON& Tower with Radar,3,28,16,0,47,0,0,9,3,12,3,28,25,3,59,12,0,12,71
11/21/2015,MBS,MI,AGL,CE,Combined TRACON& Tower with Radar,0,13,3,0,16,0,0,0,0,0,0,13,3,0,16,0,0,0,16
11/22/2015,MBS,MI,AGL,CE,Combined TRACON& Tower with Radar,1,18,14,0,33,0,0,6,0,6,1,18,20,0,39,2,0,2,41
11/23/2015,MBS,MI,AGL,CE,Combined TRACON& Tower with Radar,2,25,13,0,40,0,0,0,0,0,2,25,13,0,40,2,0,2,42
11/24/2015,MBS,MI,AGL,CE,Combined TRACON& Tower with Radar,0,21,20,1,42,0,1,10,7,18,0,22,30,8,60,24,0,24,84
11/25/2015,MBS,MI,AGL,CE,Combined TRACON& Tower with Radar,2,23,6,0,31,0,0,2,2,4,2,23,8,2,35,0,0,0,35
11/26/2015,MBS,MI,AGL,CE,Combined TRACON& Tower with Radar,3,10,0,0,13,0,0,0,0,0,3,10,0,0,13,0,0,0,13
11/27/2015,MBS,MI,AGL,CE,Combined TRACON& Tower with Radar,3,13,1,0,17,0,0,0,0,0,3,13,1,0,17,0,0,0,17
11/28/2015,MBS,MI,AGL,CE,Combined TRACON& Tower with Radar,2,19,7,0,28,0,0,6,3,9,2,19,13,3,37,0,0,0,37
11/29/2015,MBS,MI,AGL,CE,Combined TRACON& Tower with Radar,4,16,15,0,35,0,2,16,2,20,4,18,31,2,55,10,0,10,65
11/30/2015,MBS,MI,AGL,CE,Combined TRACON& Tower with Radar,2,19,18,0,39,0,0,5,0,5,2,19,23,0,44,4,0,4,48
12/01/2015,MBS,MI,AGL,CE,Combined TRACON& Tower with Radar,0,26,15,2,43,0,0,0,2,2,0,26,15,4,45,0,0,0,45
12/02/2015,MBS,MI,AGL,CE,Combined TRACON& Tower with Radar,0,23,8,0,31,0,0,1,3,4,0,23,9,3,35,0,0,0,35
12/03/2015,MBS,MI,AGL,CE,Combined TRACON& Tower with Radar,0,27,21,0,48,0,0,2,1,3,0,27,23,1,51,0,0,0,51
12/04/2015,MBS,MI,AGL,CE,Combined TRACON& Tower with Radar,0,24,22,1,47,0,0,6,1,7,0,24,28,2,54,18,0,18,72
12/05/2015,MBS,MI,AGL,CE,Combined TRACON& Tower with Radar,0,16,3,0,19,0,0,8,4,12,0,16,11,4,31,0,0,0,31
12/06/2015,MBS,MI,AGL,CE,Combined TRACON& Tower with Radar,0,16,12,0,28,0,0,1,0,1,0,16,13,0,29,0,0,0,29
12/07/2015,MBS,MI,AGL,CE,Combined TRACON& Tower with Radar,2,20,21,0,43,0,0,0,0,0,2,20,21,0,43,0,0,0,43
12/08/2015,MBS,MI,AGL,CE,Combined TRACON& Tower with Radar,12,25,9,0,46,0,0,1,0,1,12,25,10,0,47,12,0,12,59
12/09/2015,MBS,MI,AGL,CE,Combined TRACON& Tower with Radar,8,32,23,0,63,2,2,8,0,12,10,34,31,0,75,10,0,10,85
12/10/2015,MBS,MI,AGL,CE,Combined TRACON& Tower with Radar,9,27,28,0,64,7,0,2,0,9,16,27,30,0,73,6,0,6,79
12/11/2015,MBS,MI,AGL,CE,Combined TRACON& Tower with Radar,7,26,24,0,57,4,4,14,0,22,11,30,38,0,79,8,0,8,87
12/12/2015,MBS,MI,AGL,CE,Combined TRACON& Tower with Radar,3,12,3,0,18,0,0,0,0,0,3,12,3,0,18,0,0,0,18
12/13/2015,MBS,MI,AGL,CE,Combined TRACON& Tower with Radar,0,16,5,0,21,0,0,0,0,0,0,16,5,0,21,0,0,0,21
12/14/2015,MBS,MI,AGL,CE,Combined TRACON& Tower with Radar,3,20,29,0,52,0,0,0,0,0,3,20,29,0,52,20,0,20,72
12/15/2015,MBS,MI,AGL,CE,Combined TRACON& Tower with Radar,0,24,14,4,42,0,0,2,2,4,0,24,16,6,46,0,0,0,46
12/16/2015,MBS,MI,AGL,CE,Combined TRACON& Tower with Radar,0,28,23,0,51,0,0,0,3,3,0,28,23,3,54,0,0,0,54
12/17/2015,MBS,MI,AGL,CE,Combined TRACON& Tower with Radar,0,26,23,4,53,0,1,1,6,8,0,27,24,10,61,0,10,10,71
12/18/2015,MBS,MI,AGL,CE,Combined TRACON& Tower with Radar,0,23,19,4,46,0,0,3,3,6,0,23,22,7,52,0,8,8,60
12/19/2015,MBS,MI,AGL,CE,Combined TRACON& Tower with Radar,9,16,10,0,35,6,1,4,1,12,15,17,14,1,47,6,0,6,53
12/20/2015,MBS,MI,AGL,CE,Combined TRACON& Tower with Radar,0,17,19,0,36,0,0,3,0,3,0,17,22,0,39,2,0,2,41
12/21/2015,MBS,MI,AGL,CE,Combined TRACON& Tower with Radar,11,19,15,0,45,0,0,0,0,0,11,19,15,0,45,0,0,0,45
12/22/2015,MBS,MI,AGL,CE,Combined TRACON& Tower with Radar,2,14,8,0,24,0,0,1,4,5,2,14,9,4,29,0,0,0,29
12/23/2015,MBS,MI,AGL,CE,Combined TRACON& Tower with Radar,0,16,6,0,22,0,0,0,0,0,0,16,6,0,22,0,0,0,22
12/24/2015,MBS,MI,AGL,CE,Combined TRACON& Tower with Radar,2,12,8,4,26,0,0,0,0,0,2,12,8,4,26,0,4,4,30
12/25/2015,MBS,MI,AGL,CE,Combined TRACON& Tower with Radar,0,11,1,0,12,0,0,7,0,7,0,11,8,0,19,10,0,10,29
12/26/2015,MBS,MI,AGL,CE,Combined TRACON& Tower with Radar,0,19,0,0,19,0,0,7,0,7,0,19,7,0,26,28,0,28,54
12/27/2015,MBS,MI,AGL,CE,Combined TRACON& Tower with Radar,8,15,2,0,25,0,0,2,0,2,8,15,4,0,27,0,0,0,27
12/28/2015,MBS,MI,AGL,CE,Combined TRACON& Tower with Radar,0,6,0,0,6,0,0,0,0,0,0,6,0,0,6,0,0,0,6
12/29/2015,MBS,MI,AGL,CE,Combined TRACON& Tower with Radar,0,13,6,0,19,0,0,0,0,0,0,13,6,0,19,0,0,0,19
12/30/2015,MBS,MI,AGL,CE,Combined TRACON& Tower with Radar,0,18,1,0,19,0,0,0,2,2,0,18,1,2,21,0,0,0,21
12/31/2015,MBS,MI,AGL,CE,Combined TRACON& Tower with Radar,0,14,0,0,14,0,0,6,0,6,0,14,6,0,20,30,0,30,50
01/01/2016,MBS,MI,AGL,CE,Combined TRACON& Tower with Radar,0,10,0,0,10,0,0,0,0,0,0,10,0,0,10,0,0,0,10
01/02/2016,MBS,MI,AGL,CE,Combined TRACON& Tower with Radar,0,16,9,0,25,0,2,12,0,14,0,18,21,0,39,32,0,32,71
01/03/2016,MBS,MI,AGL,CE,Combined TRACON& Tower with Radar,0,19,4,0,23,0,0,6,0,6,0,19,10,0,29,10,0,10,39
01/04/2016,MBS,MI,AGL,CE,Combined TRACON& Tower with Radar,0,16,10,0,26,0,0,2,0,2,0,16,12,0,28,0,0,0,28
01/05/2016,MBS,MI,AGL,CE,Combined TRACON& Tower with Radar,1,22,11,1,35,0,2,15,3,20,1,24,26,4,55,2,0,2,57
01/06/2016,MBS,MI,AGL,CE,Combined TRACON& Tower with Radar,2,22,28,2,54,0,0,12,6,18,2,22,40,8,72,20,0,20,92
01/07/2016,MBS,MI,AGL,CE,Combined TRACON& Tower with Radar,1,27,23,0,51,0,4,18,2,24,1,31,41,2,75,68,0,68,143
01/08/2016,MBS,MI,AGL,CE,Combined TRACON& Tower with Radar,0,22,14,0,36,0,0,1,0,1,0,22,15,0,37,0,0,0,37
01/09/2016,MBS,MI,AGL,CE,Combined TRACON& Tower with Radar,0,14,5,0,19,0,0,0,0,0,0,14,5,0,19,0,0,0,19
01/10/2016,MBS,MI,AGL,CE,Combined TRACON& Tower with Radar,2,13,1,0,16,0,0,0,0,0,2,13,1,0,16,0,0,0,16
01/11/2016,MBS,MI,AGL,CE,Combined TRACON& Tower with Radar,0,18,14,0,32,0,0,3,0,3,0,18,17,0,35,0,0,0,35
01/12/2016,MBS,MI,AGL,CE,Combined TRACON& Tower with Radar,0,26,16,0,42,0,0,0,3,3,0,26,16,3,45,0,0,0,45
01/13/2016,MBS,MI,AGL,CE,Combined TRACON& Tower with Radar,0,23,19,0,42,0,0,2,2,4,0,23,21,2,46,10,0,10,56
01/14/2016,MBS,MI,AGL,CE,Combined TRACON& Tower with Radar,0,22,20,0,42,0,0,0,3,3,0,22,20,3,45,0,0,0,45
01/15/2016,MBS,MI,AGL,CE,Combined TRACON& Tower with Radar,0,22,21,0,43,0,0,0,0,0,0,22,21,0,43,0,0,0,43
01/16/2016,MBS,MI,AGL,CE,Combined TRACON& Tower with Radar,0,14,3,0,17,0,1,6,1,8,0,15,9,1,25,24,0,24,49
01/17/2016,MBS,MI,AGL,CE,Combined TRACON& Tower with Radar,1,16,10,0,27,0,0,7,1,8,1,16,17,1,35,2,0,2,37
01/18/2016,MBS,MI,AGL,CE,Combined TRACON& Tower with Radar,2,19,20,0,41,0,0,4,0,4,2,19,24,0,45,0,0,0,45
01/19/2016,MBS,MI,AGL,CE,Combined TRACON& Tower with Radar,1,25,13,1,40,0,4,11,1,16,1,29,24,2,56,14,0,14,70
01/20/2016,MBS,MI,AGL,CE,Combined TRACON& Tower with Radar,0,23,13,2,38,0,0,0,3,3,0,23,13,5,41,0,0,0,41
01/21/2016,MBS,MI,AGL,CE,Combined TRACON& Tower with Radar,0,28,18,0,46,0,1,2,3,6,0,29,20,3,52,0,4,4,56
01/22/2016,MBS,MI,AGL,CE,Combined TRACON& Tower with Radar,0,21,25,1,47,0,0,6,5,11,0,21,31,6,58,12,0,12,70
01/23/2016,MBS,MI,AGL,CE,Combined TRACON& Tower with Radar,0,17,4,0,21,0,0,4,0,4,0,17,8,0,25,0,0,0,25
01/24/2016,MBS,MI,AGL,CE,Combined TRACON& Tower with Radar,0,16,2,0,18,0,0,4,0,4,0,16,6,0,22,0,0,0,22
01/25/2016,MBS,MI,AGL,CE,Combined TRACON& Tower with Radar,0,30,15,0,45,0,0,8,0,8,0,30,23,0,53,16,0,16,69
01/26/2016,MBS,MI,AGL,CE,Combined TRACON& Tower with Radar,0,24,15,1,40,0,0,0,3,3,0,24,15,4,43,0,0,0,43
01/27/2016,MBS,MI,AGL,CE,Combined TRACON& Tower with Radar,0,28,21,2,51,0,0,2,1,3,0,28,23,3,54,6,0,6,60
01/28/2016,MBS,MI,AGL,CE,Combined TRACON& Tower with Radar,0,25,25,0,50,0,0,0,3,3,0,25,25,3,53,0,0,0,53
01/29/2016,MBS,MI,AGL,CE,Combined TRACON& Tower with Radar,0,25,33,0,58,0,0,16,1,17,0,25,49,1,75,8,2,10,85
01/30/2016,MBS,MI,AGL,CE,Combined TRACON& Tower with Radar,0,19,9,0,28,0,0,5,3,8,0,19,14,3,36,10,0,10,46
01/31/2016,MBS,MI,AGL,CE,Combined TRACON& Tower with Radar,0,17,13,0,30,0,0,3,0,3,0,17,16,0,33,10,0,10,43
02/01/2016,MBS,MI,AGL,CE,Combined TRACON& Tower with Radar,0,21,18,0,39,0,1,13,1,15,0,22,31,1,54,8,0,8,62
02/02/2016,MBS,MI,AGL,CE,Combined TRACON& Tower with Radar,0,18,17,0,35,0,0,0,0,0,0,18,17,0,35,0,0,0,35
02/03/2016,MBS,MI,AGL,CE,Combined TRACON& Tower with Radar,0,17,18,2,37,0,0,0,0,0,0,17,18,2,37,0,4,4,41
02/04/2016,MBS,MI,AGL,CE,Combined TRACON& Tower with Radar,0,23,20,6,49,0,0,2,1,3,0,23,22,7,52,16,8,24,76
02/05/2016,MBS,MI,AGL,CE,Combined TRACON& Tower with Radar,0,22,16,0,38,0,1,9,3,13,0,23,25,3,51,12,0,12,63
02/06/2016,MBS,MI,AGL,CE,Combined TRACON& Tower with Radar,0,18,11,3,32,0,1,13,0,14,0,19,24,3,46,40,0,40,86
02/07/2016,MBS,MI,AGL,CE,Combined TRACON& Tower with Radar,0,17,6,0,23,0,0,2,0,2,0,17,8,0,25,20,0,20,45
02/08/2016,MBS,MI,AGL,CE,Combined TRACON& Tower with Radar,0,21,13,0,34,0,0,4,1,5,0,21,17,1,39,16,0,16,55
02/09/2016,MBS,MI,AGL,CE,Combined TRACON& Tower with Radar,1,21,20,0,42,0,0,0,0,0,1,21,20,0,42,0,0,0,42
02/10/2016,MBS,MI,AGL,CE,Combined TRACON& Tower with Radar,4,18,21,2,45,0,0,0,3,3,4,18,21,5,48,10,4,14,62
02/11/2016,MBS,MI,AGL,CE,Combined TRACON& Tower with Radar,0,24,18,2,44,0,1,14,1,16,0,25,32,3,60,10,0,10,70
02/12/2016,MBS,MI,AGL,CE,Combined TRACON& Tower with Radar,0,25,28,0,53,0,0,2,3,5,0,25,30,3,58,6,0,6,64
02/13/2016,MBS,MI,AGL,CE,Combined TRACON& Tower with Radar,0,18,4,0,22,0,0,3,0,3,0,18,7,0,25,26,0,26,51
02/14/2016,MBS,MI,AGL,CE,Combined TRACON& Tower with Radar,5,19,16,0,40,4,1,18,0,23,9,20,34,0,63,70,0,70,133
02/15/2016,MBS,MI,AGL,CE,Combined TRACON& Tower with Radar,8,23,16,0,47,0,0,0,0,0,8,23,16,0,47,0,0,0,47
02/16/2016,MBS,MI,AGL,CE,Combined TRACON& Tower with Radar,4,26,14,0,44,0,0,3,0,3,4,26,17,0,47,44,0,44,91
02/17/2016,MBS,MI,AGL,CE,Combined TRACON& Tower with Radar,0,27,20,4,51,0,0,17,0,17,0,27,37,4,68,6,0,6,74
02/18/2016,MBS,MI,AGL,CE,Combined TRACON& Tower with Radar,2,22,30,6,60,0,0,19,1,20,2,22,49,7,80,68,2,70,150
02/19/2016,MBS,MI,AGL,CE,Combined TRACON& Tower with Radar,0,22,25,0,47,0,0,0,0,0,0,22,25,0,47,0,0,0,47
02/20/2016,MBS,MI,AGL,CE,Combined TRACON& Tower with Radar,0,17,7,0,24,0,0,6,0,6,0,17,13,0,30,4,0,4,34
02/21/2016,MBS,MI,AGL,CE,Combined TRACON& Tower with Radar,0,17,15,1,33,0,0,8,1,9,0,17,23,2,42,30,0,30,72
02/22/2016,MBS,MI,AGL,CE,Combined TRACON& Tower with Radar,2,20,22,0,44,0,0,19,0,19,2,20,41,0,63,28,0,28,91
02/23/2016,MBS,MI,AGL,CE,Combined TRACON& Tower with Radar,0,21,21,1,43,0,2,16,3,21,0,23,37,4,64,30,0,30,94
02/24/2016,MBS,MI,AGL,CE,Combined TRACON& Tower with Radar,0,11,11,0,22,0,0,0,0,0,0,11,11,0,22,0,0,0,22
02/25/2016,MBS,MI,AGL,CE,Combined TRACON& Tower with Radar,0,17,17,0,34,0,0,2,0,2,0,17,19,0,36,0,0,0,36
02/26/2016,MBS,MI,AGL,CE,Combined TRACON& Tower with Radar,0,23,9,0,32,0,1,13,0,14,0,24,22,0,46,28,0,28,74
02/27/2016,MBS,MI,AGL,CE,Combined TRACON& Tower with Radar,0,16,10,0,26,0,0,4,4,8,0,16,14,4,34,6,0,6,40
02/28/2016,MBS,MI,AGL,CE,Combined TRACON& Tower with Radar,0,18,17,0,35,0,0,9,0,9,0,18,26,0,44,16,0,16,60
02/29/2016,MBS,MI,AGL,CE,Combined TRACON& Tower with Radar,2,30,17,1,50,0,0,2,1,3,2,30,19,2,53,0,0,0,53
03/01/2016,MBS,MI,AGL,CE,Combined TRACON& Tower with Radar,0,12,11,0,23,0,0,0,0,0,0,12,11,0,23,0,0,0,23
03/02/2016,MBS,MI,AGL,CE,Combined TRACON& Tower with Radar,3,14,14,0,31,0,0,0,5,5,3,14,14,5,36,0,0,0,36
03/03/2016,MBS,MI,AGL,CE,Combined TRACON& Tower with Radar,3,22,22,0,47,0,2,16,3,21,3,24,38,3,68,8,0,8,76
03/04/2016,MBS,MI,AGL,CE,Combined TRACON& Tower with Radar,3,20,27,1,51,0,0,17,2,19,3,20,44,3,70,6,0,6,76
03/05/2016,MBS,MI,AGL,CE,Combined TRACON& Tower with Radar,2,15,1,0,18,0,0,0,1,1,2,15,1,1,19,0,0,0,19
03/06/2016,MBS,MI,AGL,CE,Combined TRACON& Tower with Radar,3,16,7,0,26,0,1,3,0,4,3,17,10,0,30,2,0,2,32
03/07/2016,MBS,MI,AGL,CE,Combined TRACON& Tower with Radar,3,19,16,0,38,0,0,15,0,15,3,19,31,0,53,18,0,18,71
03/08/2016,MBS,MI,AGL,CE,Combined TRACON& Tower with Radar,3,19,27,6,55,0,0,11,2,13,3,19,38,8,68,20,8,28,96
03/09/2016,MBS,MI,AGL,CE,Combined TRACON& Tower with Radar,3,25,20,0,48,0,0,2,0,2,3,25,22,0,50,0,0,0,50
03/10/2016,MBS,MI,AGL,CE,Combined TRACON& Tower with Radar,2,19,17,0,38,0,0,5,3,8,2,19,22,3,46,0,0,0,46
03/11/2016,MBS,MI,AGL,CE,Combined TRACON& Tower with Radar,3,23,27,0,53,0,0,20,3,23,3,23,47,3,76,20,0,20,96
03/12/2016,MBS,MI,AGL,CE,Combined TRACON& Tower with Radar,6,15,10,0,31,3,1,16,2,22,9,16,26,2,53,12,0,12,65
03/13/2016,MBS,MI,AGL,CE,Combined TRACON& Tower with Radar,10,15,8,1,34,5,0,7,0,12,15,15,15,1,46,40,0,40,86
03/14/2016,MBS,MI,AGL,CE,Combined TRACON& Tower with Radar,3,16,19,0,38,0,0,0,0,0,3,16,19,0,38,0,0,0,38
03/15/2016,MBS,MI,AGL,CE,Combined TRACON& Tower with Radar,13,20,16,5,54,0,0,2,2,4,13,20,18,7,58,2,0,2,60
03/16/2016,MBS,MI,AGL,CE,Combined TRACON& Tower with Radar,2,24,17,5,48,0,1,0,0,1,2,25,17,5,49,0,4,4,53
03/17/2016,MBS,MI,AGL,CE,Combined TRACON& Tower with Radar,17,19,20,0,56,8,1,8,2,19,25,20,28,2,75,0,0,0,75
03/18/2016,MBS,MI,AGL,CE,Combined TRACON& Tower with Radar,3,20,25,4,52,0,0,2,4,6,3,20,27,8,58,0,0,0,58
03/19/2016,MBS,MI,AGL,CE,Combined TRACON& Tower with Radar,2,15,8,0,25,0,2,12,2,16,2,17,20,2,41,16,0,16,57
03/20/2016,MBS,MI,AGL,CE,Combined TRACON& Tower with Radar,7,15,12,0,34,4,0,15,0,19,11,15,27,0,53,60,0,60,113
03/21/2016,MBS,MI,AGL,CE,Combined TRACON& Tower with Radar,3,21,20,1,45,0,1,10,5,16,3,22,30,6,61,26,0,26,87
03/22/2016,MBS,MI,AGL,CE,Combined TRACON& Tower with Radar,3,23,17,0,43,0,0,3,0,3,3,23,20,0,46,2,0,2,48
03/23/2016,MBS,MI,AGL,CE,Combined TRACON& Tower with Radar,3,15,18,0,36,0,0,0,0,0,3,15,18,0,36,0,0,0,36
03/24/2016,MBS,MI,AGL,CE,Combined TRACON& Tower with Radar,4,17,14,0,35,0,0,0,0,0,4,17,14,0,35,0,0,0,35
03/25/2016,MBS,MI,AGL,CE,Combined TRACON& Tower with Radar,3,16,10,0,29,0,0,10,0,10,3,16,20,0,39,2,0,2,41
03/26/2016,MBS,MI,AGL,CE,Combined TRACON& Tower with Radar,2,15,9,0,26,0,3,23,1,27,2,18,32,1,53,26,0,26,79
03/27/2016,MBS,MI,AGL,CE,Combined TRACON& Tower with Radar,2,12,5,0,19,0,0,2,0,2,2,12,7,0,21,0,0,0,21
03/28/2016,MBS,MI,AGL,CE,Combined TRACON& Tower with Radar,3,18,5,0,26,0,0,4,0,4,3,18,9,0,30,0,0,0,30
03/29/2016,MBS,MI,AGL,CE,Combined TRACON& Tower with Radar,3,23,19,0,45,0,0,18,0,18,3,23,37,0,63,46,0,46,109
03/30/2016,MBS,MI,AGL,CE,Combined TRACON& Tower with Radar,3,18,25,0,46,0,0,7,0,7,3,18,32,0,53,8,0,8,61
03/31/2016,MBS,MI,AGL,CE,Combined TRACON& Tower with Radar,3,19,7,0,29,0,0,0,0,0,3,19,7,0,29,0,0,0,29
04/01/2016,MBS,MI,AGL,CE,Combined TRACON& Tower with Radar,3,19,18,0,40,0,0,3,0,3,3,19,21,0,43,20,0,20,63
04/02/2016,MBS,MI,AGL,CE,Combined TRACON& Tower with Radar,2,15,4,0,21,0,0,0,0,0,2,15,4,0,21,0,0,0,21
04/03/2016,MBS,MI,AGL,CE,Combined TRACON& Tower with Radar,3,17,6,0,26,0,0,0,0,0,3,17,6,0,26,0,0,0,26
04/04/2016,MBS,MI,AGL,CE,Combined TRACON& Tower with Radar,4,16,15,0,35,0,0,0,0,0,4,16,15,0,35,0,0,0,35
04/05/2016,MBS,MI,AGL,CE,Combined TRACON& Tower with Radar,4,19,23,0,46,0,0,10,1,11,4,19,33,1,57,30,0,30,87
04/06/2016,MBS,MI,AGL,CE,Combined TRACON& Tower with Radar,5,19,13,0,37,0,0,0,0,0,5,19,13,0,37,0,0,0,37
04/07/2016,MBS,MI,AGL,CE,Combined TRACON& Tower with Radar,2,20,15,0,37,0,0,0,2,2,2,20,15,2,39,0,0,0,39
04/08/2016,MBS,MI,AGL,CE,Combined TRACON& Tower with Radar,3,19,16,0,38,0,2,8,3,13,3,21,24,3,51,74,0,74,125
04/09/2016,MBS,MI,AGL,CE,Combined TRACON& Tower with Radar,3,13,13,0,29,0,0,13,0,13,3,13,26,0,42,40,0,40,82
04/10/2016,MBS,MI,AGL,CE,Combined TRACON& Tower with Radar,0,19,4,0,23,0,0,0,0,0,0,19,4,0,23,0,0,0,23
04/11/2016,MBS,MI,AGL,CE,Combined TRACON& Tower with Radar,3,16,15,0,34,0,0,1,1,2,3,16,16,1,36,0,0,0,36
04/12/2016,MBS,MI,AGL,CE,Combined TRACON& Tower with Radar,4,17,14,0,35,0,0,10,0,10,4,17,24,0,45,0,0,0,45
04/13/2016,MBS,MI,AGL,CE,Combined TRACON& Tower with Radar,5,22,22,0,49,0,1,16,1,18,5,23,38,1,67,8,0,8,75
04/14/2016,MBS,MI,AGL,CE,Combined TRACON& Tower with Radar,4,25,15,1,45,0,0,42,5,47,4,25,57,6,92,0,0,0,92
04/15/2016,MBS,MI,AGL,CE,Combined TRACON& Tower with Radar,4,22,24,0,50,0,0,29,5,34,4,22,53,5,84,40,0,40,124
04/16/2016,MBS,MI,AGL,CE,Combined TRACON& Tower with Radar,3,17,7,0,27,0,2,21,0,23,3,19,28,0,50,0,0,0,50
04/17/2016,MBS,MI,AGL,CE,Combined TRACON& Tower with Radar,1,16,13,0,30,0,0,9,0,9,1,16,22,0,39,0,0,0,39
04/18/2016,MBS,MI,AGL,CE,Combined TRACON& Tower with Radar,2,24,26,0,52,0,2,17,0,19,2,26,43,0,71,40,0,40,111
04/19/2016,MBS,MI,AGL,CE,Combined TRACON& Tower with Radar,5,19,29,0,53,0,0,0,1,1,5,19,29,1,54,2,0,2,56
04/20/2016,MBS,MI,AGL,CE,Combined TRACON& Tower with Radar,5,19,27,7,58,0,4,10,6,20,5,23,37,13,78,26,0,26,104
04/21/2016,MBS,MI,AGL,CE,Combined TRACON& Tower with Radar,4,24,15,0,43,0,0,2,1,3,4,24,17,1,46,0,0,0,46
04/22/2016,MBS,MI,AGL,CE,Combined TRACON& Tower with Radar,3,18,26,0,47,0,0,1,1,2,3,18,27,1,49,0,0,0,49
04/23/2016,MBS,MI,AGL,CE,Combined TRACON& Tower with Radar,3,14,11,0,28,0,0,23,1,24,3,14,34,1,52,8,0,8,60
04/24/2016,MBS,MI,AGL,CE,Combined TRACON& Tower with Radar,1,16,20,0,37,0,0,18,0,18,1,16,38,0,55,8,0,8,63
04/25/2016,MBS,MI,AGL,CE,Combined TRACON& Tower with Radar,3,20,22,0,45,0,0,15,0,15,3,20,37,0,60,0,0,0,60
04/26/2016,MBS,MI,AGL,CE,Combined TRACON& Tower with Radar,4,24,12,1,41,0,0,2,3,5,4,24,14,4,46,6,2,8,54
04/27/2016,MBS,MI,AGL,CE,Combined TRACON& Tower with Radar,5,18,19,0,42,0,0,9,1,10,5,18,28,1,52,0,0,0,52
04/28/2016,MBS,MI,AGL,CE,Combined TRACON& Tower with Radar,3,21,23,2,49,0,3,8,0,11,3,24,31,2,60,14,0,14,74
04/29/2016,MBS,MI,AGL,CE,Combined TRACON& Tower with Radar,4,17,23,0,44,0,0,8,3,11,4,17,31,3,55,0,0,0,55
04/30/2016,MBS,MI,AGL,CE,Combined TRACON& Tower with Radar,2,15,13,0,30,0,1,14,4,19,2,16,27,4,49,30,0,30,79
05/01/2016,MBS,MI,AGL,CE,Combined TRACON& Tower with Radar,4,14,14,0,32,0,0,0,0,0,4,14,14,0,32,0,0,0,32
05/02/2016,MBS,MI,AGL,CE,Combined TRACON& Tower with Radar,4,17,7,2,30,0,0,2,0,2,4,17,9,2,32,0,0,0,32
05/03/2016,MBS,MI,AGL,CE,Combined TRACON& Tower with Radar,4,20,17,4,45,0,0,16,5,21,4,20,33,9,66,4,4,8,74
05/04/2016,MBS,MI,AGL,CE,Combined TRACON& Tower with Radar,4,20,20,0,44,0,0,0,0,0,4,20,20,0,44,0,0,0,44
05/05/2016,MBS,MI,AGL,CE,Combined TRACON& Tower with Radar,4,26,26,2,58,0,4,14,3,21,4,30,40,5,79,10,0,10,89
05/06/2016,MBS,MI,AGL,CE,Combined TRACON& Tower with Radar,5,20,29,0,54,0,1,33,0,34,5,21,62,0,88,30,0,30,118
05/07/2016,MBS,MI,AGL,CE,Combined TRACON& Tower with Radar,1,14,0,0,15,0,0,3,0,3,1,14,3,0,18,0,0,0,18
05/08/2016,MBS,MI,AGL,CE,Combined TRACON& Tower with Radar,1,16,11,0,28,0,0,4,0,4,1,16,15,0,32,0,0,0,32
05/09/2016,MBS,MI,AGL,CE,Combined TRACON& Tower with Radar,4,17,19,0,40,0,0,12,0,12,4,17,31,0,52,8,0,8,60
05/10/2016,MBS,MI,AGL,CE,Combined TRACON& Tower with Radar,6,18,16,2,42,0,1,7,0,8,6,19,23,2,50,6,0,6,56
05/11/2016,MBS,MI,AGL,CE,Combined TRACON& Tower with Radar,4,28,27,0,59,0,4,13,0,17,4,32,40,0,76,10,0,10,86
05/12/2016,MBS,MI,AGL,CE,Combined TRACON& Tower with Radar,4,17,21,2,44,0,0,0,2,2,4,17,21,4,46,0,0,0,46
05/13/2016,MBS,MI,AGL,CE,Combined TRACON& Tower with Radar,4,20,21,0,45,0,1,10,2,13,4,21,31,2,58,2,0,2,60
05/14/2016,MBS,MI,AGL,CE,Combined TRACON& Tower with Radar,5,14,4,0,23,0,0,3,1,4,5,14,7,1,27,0,0,0,27
05/15/2016,MBS,MI,AGL,CE,Combined TRACON& Tower with Radar,3,14,8,0,25,0,0,5,0,5,3,14,13,0,30,8,0,8,38
05/16/2016,MBS,MI,AGL,CE,Combined TRACON& Tower with Radar,4,18,15,0,37,0,0,1,0,1,4,18,16,0,38,0,0,0,38
05/17/2016,MBS,MI,AGL,CE,Combined TRACON& Tower with Radar,4,24,21,0,49,0,0,21,0,21,4,24,42,0,70,4,0,4,74
05/18/2016,MBS,MI,AGL,CE,Combined TRACON& Tower with Radar,4,22,29,1,56,0,0,8,2,10,4,22,37,3,66,10,0,10,76
05/19/2016,MBS,MI,AGL,CE,Combined TRACON& Tower with Radar,4,16,20,0,40,0,0,16,5,21,4,16,36,5,61,2,0,2,63
05/20/2016,MBS,MI,AGL,CE,Combined TRACON& Tower with Radar,4,18,27,0,49,0,0,17,1,18,4,18,44,1,67,14,0,14,81
05/21/2016,MBS,MI,AGL,CE,Combined TRACON& Tower with Radar,3,17,10,0,30,0,0,12,1,13,3,17,22,1,43,46,0,46,89
05/22/2016,MBS,MI,AGL,CE,Combined TRACON& Tower with Radar,1,15,5,0,21,0,0,8,0,8,1,15,13,0,29,4,0,4,33
05/23/2016,MBS,MI,AGL,CE,Combined TRACON& Tower with Radar,4,19,15,0,38,0,0,11,0,11,4,19,26,0,49,0,0,0,49
05/24/2016,MBS,MI,AGL,CE,Combined TRACON& Tower with Radar,4,22,16,0,42,0,0,17,0,17,4,22,33,0,59,8,0,8,67
05/25/2016,MBS,MI,AGL,CE,Combined TRACON& Tower with Radar,4,15,11,1,31,0,0,5,1,6,4,15,16,2,37,0,0,0,37
05/26/2016,MBS,MI,AGL,CE,Combined TRACON& Tower with Radar,4,19,16,4,43,0,0,12,2,14,4,19,28,6,57,0,6,6,63
05/27/2016,MBS,MI,AGL,CE,Combined TRACON& Tower with Radar,3,15,15,0,33,0,0,8,3,11,3,15,23,3,44,8,0,8,52
05/28/2016,MBS,MI,AGL,CE,Combined TRACON& Tower with Radar,4,13,6,0,23,0,0,8,0,8,4,13,14,0,31,4,0,4,35
05/29/2016,MBS,MI,AGL,CE,Combined TRACON& Tower with Radar,3,12,2,0,17,0,0,0,0,0,3,12,2,0,17,0,0,0,17
05/30/2016,MBS,MI,AGL,CE,Combined TRACON& Tower with Radar,3,17,14,0,34,0,0,18,0,18,3,17,32,0,52,2,0,2,54
05/31/2016,MBS,MI,AGL,CE,Combined TRACON& Tower with Radar,4,13,20,0,37,0,0,15,1,16,4,13,35,1,53,10,0,10,63
06/01/2016,MBS,MI,AGL,CE,Combined TRACON& Tower with Radar,4,20,15,3,42,0,0,7,3,10,4,20,22,6,52,4,0,4,56
06/02/2016,MBS,MI,AGL,CE,Combined TRACON& Tower with Radar,4,18,24,0,46,0,0,16,1,17,4,18,40,1,63,0,0,0,63
06/03/2016,MBS,MI,AGL,CE,Combined TRACON& Tower with Radar,4,19,33,0,56,0,0,23,1,24,4,19,56,1,80,0,0,0,80
06/04/2016,MBS,MI,AGL,CE,Combined TRACON& Tower with Radar,3,17,8,0,28,0,0,18,0,18,3,17,26,0,46,19,0,19,65
06/05/2016,MBS,MI,AGL,CE,Combined TRACON& Tower with Radar,1,15,10,0,26,0,0,1,0,1,1,15,11,0,27,0,0,0,27
06/06/2016,MBS,MI,AGL,CE,Combined TRACON& Tower with Radar,3,16,19,0,38,0,0,0,2,2,3,16,19,2,40,0,0,0,40
06/07/2016,MBS,MI,AGL,CE,Combined TRACON& Tower with Radar,6,17,19,0,42,0,0,2,3,5,6,17,21,3,47,0,0,0,47
06/08/2016,MBS,MI,AGL,CE,Combined TRACON& Tower with Radar,3,17,22,0,42,0,0,15,2,17,3,17,37,2,59,30,0,30,89
06/09/2016,MBS,MI,AGL,CE,Combined TRACON& Tower with Radar,2,22,26,0,50,0,0,27,0,27,2,22,53,0,77,16,0,16,93
06/10/2016,MBS,MI,AGL,CE,Combined TRACON& Tower with Radar,2,18,27,0,47,0,0,18,2,20,2,18,45,2,67,14,0,14,81
06/11/2016,MBS,MI,AGL,CE,Combined TRACON& Tower with Radar,4,16,3,0,23,0,0,2,4,6,4,16,5,4,29,0,0,0,29
06/12/2016,MBS,MI,AGL,CE,Combined TRACON& Tower with Radar,2,16,14,0,32,0,0,14,0,14,2,16,28,0,46,18,0,18,64
06/13/2016,MBS,MI,AGL,CE,Combined TRACON& Tower with Radar,2,17,9,0,28,0,0,10,0,10,2,17,19,0,38,0,0,0,38
06/14/2016,MBS,MI,AGL,CE,Combined TRACON& Tower with Radar,2,21,21,0,44,0,1,15,2,18,2,22,36,2,62,12,0,12,74
06/15/2016,MBS,MI,AGL,CE,Combined TRACON& Tower with Radar,2,22,23,0,47,0,0,5,2,7,2,22,28,2,54,0,0,0,54
06/16/2016,MBS,MI,AGL,CE,Combined TRACON& Tower with Radar,2,21,15,0,38,0,0,0,0,0,2,21,15,0,38,0,0,0,38
06/17/2016,MBS,MI,AGL,CE,Combined TRACON& Tower with Radar,2,17,19,0,38,0,0,18,0,18,2,17,37,0,56,6,0,6,62
06/18/2016,MBS,MI,AGL,CE,Combined TRACON& Tower with Radar,2,15,18,0,35,0,2,11,0,13,2,17,29,0,48,12,0,12,60
06/19/2016,MBS,MI,AGL,CE,Combined TRACON& Tower with Radar,2,16,6,0,24,0,0,15,0,15,2,16,21,0,39,8,0,8,47
06/20/2016,MBS,MI,AGL,CE,Combined TRACON& Tower with Radar,2,16,18,0,36,0,0,6,0,6,2,16,24,0,42,0,0,0,42
06/21/2016,MBS,MI,AGL,CE,Combined TRACON& Tower with Radar,2,17,21,4,44,0,1,7,0,8,2,18,28,4,52,10,0,10,62
06/22/2016,MBS,MI,AGL,CE,Combined TRACON& Tower with Radar,2,21,20,2,45,0,0,15,0,15,2,21,35,2,60,8,0,8,68
06/23/2016,MBS,MI,AGL,CE,Combined TRACON& Tower with Radar,2,20,19,1,42,0,0,13,1,14,2,20,32,2,56,8,0,8,64
06/24/2016,MBS,MI,AGL,CE,Combined TRACON& Tower with Radar,4,16,16,1,37,0,0,16,0,16,4,16,32,1,53,30,0,30,83
06/25/2016,MBS,MI,AGL,CE,Combined TRACON& Tower with Radar,2,16,8,0,26,0,0,15,0,15,2,16,23,0,41,12,0,12,53
06/26/2016,MBS,MI,AGL,CE,Combined TRACON& Tower with Radar,2,19,11,0,32,0,0,8,0,8,2,19,19,0,40,2,0,2,42
06/27/2016,MBS,MI,AGL,CE,Combined TRACON& Tower with Radar,2,19,12,0,33,0,0,11,0,11,2,19,23,0,44,0,0,0,44
06/28/2016,MBS,MI,AGL,CE,Combined TRACON& Tower with Radar,2,22,31,1,56,0,1,15,4,20,2,23,46,5,76,38,0,38,114
06/29/2016,MBS,MI,AGL,CE,Combined TRACON& Tower with Radar,2,20,20,0,42,0,3,21,1,25,2,23,41,1,67,8,0,8,75
06/30/2016,MBS,MI,AGL,CE,Combined TRACON& Tower with Radar,2,18,16,0,36,0,0,10,3,13,2,18,26,3,49,0,0,0,49
07/01/2016,MBS,MI,AGL,CE,Combined TRACON& Tower with Radar,3,14,17,0,34,0,0,6,1,7,3,14,23,1,41,20,0,20,61
07/02/2016,MBS,MI,AGL,CE,Combined TRACON& Tower with Radar,1,18,1,0,20,0,0,10,6,16,1,18,11,6,36,0,0,0,36
07/03/2016,MBS,MI,AGL,CE,Combined TRACON& Tower with Radar,3,10,0,0,13,0,2,4,0,6,3,12,4,0,19,8,0,8,27
07/04/2016,MBS,MI,AGL,CE,Combined TRACON& Tower with Radar,2,11,8,0,21,0,0,10,3,13,2,11,18,3,34,28,0,28,62
07/05/2016,MBS,MI,AGL,CE,Combined TRACON& Tower with Radar,0,18,17,0,35,0,0,7,1,8,0,18,24,1,43,2,0,2,45
07/06/2016,MBS,MI,AGL,CE,Combined TRACON& Tower with Radar,4,16,14,1,35,0,0,7,0,7,4,16,21,1,42,40,0,40,82
07/07/2016,MBS,MI,AGL,CE,Combined TRACON& Tower with Radar,1,16,26,0,43,0,1,4,2,7,1,17,30,2,50,0,0,0,50
07/08/2016,MBS,MI,AGL,CE,Combined TRACON& Tower with Radar,1,20,17,0,38,0,0,2,2,4,1,20,19,2,42,6,0,6,48
07/09/2016,MBS,MI,AGL,CE,Combined TRACON& Tower with Radar,1,20,9,0,30,0,0,5,0,5,1,20,14,0,35,4,0,4,39
07/10/2016,MBS,MI,AGL,CE,Combined TRACON& Tower with Radar,1,17,4,0,22,0,0,9,0,9,1,17,13,0,31,12,0,12,43
07/11/2016,MBS,MI,AGL,CE,Combined TRACON& Tower with Radar,1,18,21,0,40,0,0,8,2,10,1,18,29,2,50,8,0,8,58
07/12/2016,MBS,MI,AGL,CE,Combined TRACON& Tower with Radar,1,21,19,0,41,0,0,13,1,14,1,21,32,1,55,10,0,10,65
07/13/2016,MBS,MI,AGL,CE,Combined TRACON& Tower with Radar,1,22,27,0,50,0,0,4,3,7,1,22,31,3,57,0,0,0,57
07/14/2016,MBS,MI,AGL,CE,Combined TRACON& Tower with Radar,2,19,34,0,55,0,0,3,4,7,2,19,37,4,62,0,0,0,62
07/15/2016,MBS,MI,AGL,CE,Combined TRACON& Tower with Radar,1,21,18,1,41,0,3,11,2,16,1,24,29,3,57,0,2,2,59
07/16/2016,MBS,MI,AGL,CE,Combined TRACON& Tower with Radar,1,19,4,0,24,0,0,9,3,12,1,19,13,3,36,6,0,6,42
07/17/2016,MBS,MI,AGL,CE,Combined TRACON& Tower with Radar,1,17,10,0,28,0,3,5,0,8,1,20,15,0,36,0,0,0,36
07/18/2016,MBS,MI,AGL,CE,Combined TRACON& Tower with Radar,1,18,16,0,35,0,0,10,1,11,1,18,26,1,46,14,0,14,60
07/19/2016,MBS,MI,AGL,CE,Combined TRACON& Tower with Radar,2,17,20,0,39,0,0,21,1,22,2,17,41,1,61,2,0,2,63
07/20/2016,MBS,MI,AGL,CE,Combined TRACON& Tower with Radar,2,19,13,0,34,0,0,9,3,12,2,19,22,3,46,2,0,2,48
07/21/2016,MBS,MI,AGL,CE,Combined TRACON& Tower with Radar,1,20,21,0,42,0,0,12,4,16,1,20,33,4,58,12,0,12,70
07/22/2016,MBS,MI,AGL,CE,Combined TRACON& Tower with Radar,1,20,27,2,50,0,3,14,3,20,1,23,41,5,70,6,0,6,76
07/23/2016,MBS,MI,AGL,CE,Combined TRACON& Tower with Radar,1,17,8,0,26,0,0,25,1,26,1,17,33,1,52,0,0,0,52
07/24/2016,MBS,MI,AGL,CE,Combined TRACON& Tower with Radar,1,19,18,0,38,0,0,8,0,8,1,19,26,0,46,2,0,2,48
07/25/2016,MBS,MI,AGL,CE,Combined TRACON& Tower with Radar,1,21,21,0,43,0,0,19,0,19,1,21,40,0,62,0,0,0,62
07/26/2016,MBS,MI,AGL,CE,Combined TRACON& Tower with Radar,2,16,38,0,56,0,0,19,4,23,2,16,57,4,79,4,0,4,83
07/27/2016,MBS,MI,AGL,CE,Combined TRACON& Tower with Radar,1,20,32,2,55,0,1,27,3,31,1,21,59,5,86,8,10,18,104
07/28/2016,MBS,MI,AGL,CE,Combined TRACON& Tower with Radar,2,17,27,0,46,0,2,18,3,23,2,19,45,3,69,0,0,0,69
07/29/2016,MBS,MI,AGL,CE,Combined TRACON& Tower with Radar,1,16,19,0,36,0,0,11,1,12,1,16,30,1,48,0,0,0,48
07/30/2016,MBS,MI,AGL,CE,Combined TRACON& Tower with Radar,1,19,7,0,27,0,0,16,0,16,1,19,23,0,43,0,0,0,43
07/31/2016,MBS,MI,AGL,CE,Combined TRACON& Tower with Radar,1,18,21,0,40,0,0,0,0,0,1,18,21,0,40,0,0,0,40
08/01/2016,MBS,MI,AGL,CE,Combined TRACON& Tower with Radar,2,21,14,0,37,0,0,19,0,19,2,21,33,0,56,26,0,26,82
08/02/2016,MBS,MI,AGL,CE,Combined TRACON& Tower with Radar,1,19,12,0,32,0,0,19,3,22,1,19,31,3,54,6,0,6,60
08/03/2016,MBS,MI,AGL,CE,Combined TRACON& Tower with Radar,3,23,24,0,50,0,0,8,3,11,3,23,32,3,61,4,0,4,65
08/04/2016,MBS,MI,AGL,CE,Combined TRACON& Tower with Radar,1,23,13,0,37,0,0,17,6,23,1,23,30,6,60,12,0,12,72
08/05/2016,MBS,MI,AGL,CE,Combined TRACON& Tower with Radar,1,24,23,0,48,0,0,10,4,14,1,24,33,4,62,6,0,6,68
08/06/2016,MBS,MI,AGL,CE,Combined TRACON& Tower with Radar,1,19,9,0,29,0,0,15,1,16,1,19,24,1,45,0,0,0,45
08/07/2016,MBS,MI,AGL,CE,Combined TRACON& Tower with Radar,1,18,5,0,24,0,0,9,0,9,1,18,14,0,33,10,0,10,43
08/08/2016,MBS,MI,AGL,CE,Combined TRACON& Tower with Radar,2,17,16,0,35,0,0,23,0,23,2,17,39,0,58,6,0,6,64
08/09/2016,MBS,MI,AGL,CE,Combined TRACON& Tower with Radar,1,20,24,1,46,0,0,9,2,11,1,20,33,3,57,4,0,4,61
08/10/2016,MBS,MI,AGL,CE,Combined TRACON& Tower with Radar,1,21,18,0,40,0,1,8,4,13,1,22,26,4,53,6,0,6,59
08/11/2016,MBS,MI,AGL,CE,Combined TRACON& Tower with Radar,1,19,25,0,45,0,1,9,5,15,1,20,34,5,60,2,0,2,62
08/12/2016,MBS,MI,AGL,CE,Combined TRACON& Tower with Radar,1,18,29,0,48,0,0,1,2,3,1,18,30,2,51,0,0,0,51
08/13/2016,MBS,MI,AGL,CE,Combined TRACON& Tower with Radar,1,17,7,0,25,0,0,3,1,4,1,17,10,1,29,0,0,0,29
08/14/2016,MBS,MI,AGL,CE,Combined TRACON& Tower with Radar,1,23,8,0,32,0,1,8,0,9,1,24,16,0,41,12,0,12,53
08/15/2016,MBS,MI,AGL,CE,Combined TRACON& Tower with Radar,1,20,29,0,50,0,0,10,0,10,1,20,39,0,60,12,0,12,72
08/16/2016,MBS,MI,AGL,CE,Combined TRACON& Tower with Radar,2,22,19,0,43,0,0,7,8,15,2,22,26,8,58,2,0,2,60
08/17/2016,MBS,MI,AGL,CE,Combined TRACON& Tower with Radar,1,25,25,0,51,0,0,0,0,0,1,25,25,0,51,0,0,0,51
08/18/2016,MBS,MI,AGL,CE,Combined TRACON& Tower with Radar,1,23,15,0,39,0,0,20,0,20,1,23,35,0,59,28,0,28,87
08/19/2016,MBS,MI,AGL,CE,Combined TRACON& Tower with Radar,1,27,20,0,48,0,0,8,2,10,1,27,28,2,58,4,0,4,62
08/20/2016,MBS,MI,AGL,CE,Combined TRACON& Tower with Radar,3,22,2,0,27,0,1,3,0,4,3,23,5,0,31,0,0,0,31
08/21/2016,MBS,MI,AGL,CE,Combined TRACON& Tower with Radar,1,28,6,0,35,0,0,0,3,3,1,28,6,3,38,0,0,0,38
08/22/2016,MBS,MI,AGL,CE,Combined TRACON& Tower with Radar,4,24,15,0,43,0,0,16,2,18,4,24,31,2,61,8,0,8,69
08/23/2016,MBS,MI,AGL,CE,Combined TRACON& Tower with Radar,3,24,18,0,45,0,1,16,1,18,3,25,34,1,63,56,0,56,119
08/24/2016,MBS,MI,AGL,CE,Combined TRACON& Tower with Radar,1,31,20,4,56,0,0,5,3,8,1,31,25,7,64,0,0,0,64
08/25/2016,MBS,MI,AGL,CE,Combined TRACON& Tower with Radar,1,27,24,0,52,0,0,2,1,3,1,27,26,1,55,0,0,0,55
08/26/2016,MBS,MI,AGL,CE,Combined TRACON& Tower with Radar,2,32,17,0,51,0,0,21,2,23,2,32,38,2,74,8,0,8,82
08/27/2016,MBS,MI,AGL,CE,Combined TRACON& Tower with Radar,3,21,7,0,31,0,0,2,0,2,3,21,9,0,33,0,0,0,33
08/28/2016,MBS,MI,AGL,CE,Combined TRACON& Tower with Radar,3,22,10,0,35,0,0,5,0,5,3,22,15,0,40,4,0,4,44
08/29/2016,MBS,MI,AGL,CE,Combined TRACON& Tower with Radar,5,28,11,0,44,0,2,4,0,6,5,30,15,0,50,0,0,0,50
08/30/2016,MBS,MI,AGL,CE,Combined TRACON& Tower with Radar,8,26,18,2,54,0,1,2,4,7,8,27,20,6,61,2,0,2,63
08/31/2016,MBS,MI,AGL,CE,Combined TRACON& Tower with Radar,6,29,10,0,45,0,1,4,3,8,6,30,14,3,53,10,0,10,63
09/01/2016,MBS,MI,AGL,CE,Combined TRACON& Tower with Radar,8,21,34,0,63,0,0,19,1,20,8,21,53,1,83,24,0,24,107
09/02/2016,MBS,MI,AGL,CE,Combined TRACON& Tower with Radar,6,29,19,1,55,0,0,12,1,13,6,29,31,2,68,0,0,0,68
09/03/2016,MBS,MI,AGL,CE,Combined TRACON& Tower with Radar,6,16,4,0,26,0,0,10,1,11,6,16,14,1,37,0,0,0,37
09/04/2016,MBS,MI,AGL,CE,Combined TRACON& Tower with Radar,1,15,0,0,16,0,2,15,0,17,1,17,15,0,33,2,0,2,35
09/05/2016,MBS,MI,AGL,CE,Combined TRACON& Tower with Radar,3,20,15,0,38,0,0,15,0,15,3,20,30,0,53,6,0,6,59
09/06/2016,MBS,MI,AGL,CE,Combined TRACON& Tower with Radar,5,13,18,0,36,0,0,7,4,11,5,13,25,4,47,22,0,22,69
09/07/2016,MBS,MI,AGL,CE,Combined TRACON& Tower with Radar,4,15,16,0,35,0,0,1,2,3,4,15,17,2,38,0,0,0,38
09/08/2016,MBS,MI,AGL,CE,Combined TRACON& Tower with Radar,6,30,21,0,57,0,0,2,0,2,6,30,23,0,59,0,0,0,59
09/09/2016,MBS,MI,AGL,CE,Combined TRACON& Tower with Radar,6,26,28,0,60,0,0,8,1,9,6,26,36,1,69,12,0,12,81
09/10/2016,MBS,MI,AGL,CE,Combined TRACON& Tower with Radar,8,17,1,0,26,0,1,3,4,8,8,18,4,4,34,0,0,0,34
09/11/2016,MBS,MI,AGL,CE,Combined TRACON& Tower with Radar,4,19,14,0,37,0,0,9,0,9,4,19,23,0,46,0,0,0,46
09/12/2016,MBS,MI,AGL,CE,Combined TRACON& Tower with Radar,6,21,11,0,38,0,2,14,2,18,6,23,25,2,56,0,0,0,56
09/13/2016,MBS,MI,AGL,CE,Combined TRACON& Tower with Radar,6,24,20,4,54,0,1,5,2,8,6,25,25,6,62,6,0,6,68
09/14/2016,MBS,MI,AGL,CE,Combined TRACON& Tower with Radar,8,54,17,0,79,0,1,4,6,11,8,55,21,6,90,0,0,0,90
09/15/2016,MBS,MI,AGL,CE,Combined TRACON& Tower with Radar,6,29,16,0,51,0,0,7,9,16,6,29,23,9,67,8,0,8,75
09/16/2016,MBS,MI,AGL,CE,Combined TRACON& Tower with Radar,5,31,17,0,53,0,1,16,1,18,5,32,33,1,71,0,0,0,71
09/17/2016,MBS,MI,AGL,CE,Combined TRACON& Tower with Radar,7,13,8,0,28,0,0,1,3,4,7,13,9,3,32,0,0,0,32
09/18/2016,MBS,MI,AGL,CE,Combined TRACON& Tower with Radar,5,17,7,0,29,0,0,11,0,11,5,17,18,0,40,14,0,14,54
09/19/2016,MBS,MI,AGL,CE,Combined TRACON& Tower with Radar,6,17,20,0,43,0,0,2,2,4,6,17,22,2,47,0,0,0,47
09/20/2016,MBS,MI,AGL,CE,Combined TRACON& Tower with Radar,6,19,22,1,48,0,3,6,4,13,6,22,28,5,61,6,0,6,67
09/21/2016,MBS,MI,AGL,CE,Combined TRACON& Tower with Radar,6,13,18,2,39,0,0,6,4,10,6,13,24,6,49,0,0,0,49
09/22/2016,MBS,MI,AGL,CE,Combined TRACON& Tower with Radar,8,13,19,1,41,0,0,4,2,6,8,13,23,3,47,6,0,6,53
09/23/2016,MBS,MI,AGL,CE,Combined TRACON& Tower with Radar,6,14,19,1,40,0,0,8,5,13,6,14,27,6,53,22,0,22,75
09/24/2016,MBS,MI,AGL,CE,Combined TRACON& Tower with Radar,4,14,5,0,23,0,0,12,0,12,4,14,17,0,35,10,0,10,45
09/25/2016,MBS,MI,AGL,CE,Combined TRACON& Tower with Radar,3,14,17,0,34,0,0,13,0,13,3,14,30,0,47,20,0,20,67
09/26/2016,MBS,MI,AGL,CE,Combined TRACON& Tower with Radar,5,12,9,0,26,0,0,4,4,8,5,12,13,4,34,4,0,4,38
09/27/2016,MBS,MI,AGL,CE,Combined TRACON& Tower with Radar,5,20,15,0,40,0,0,5,5,10,5,20,20,5,50,22,0,22,72
09/28/2016,MBS,MI,AGL,CE,Combined TRACON& Tower with Radar,5,15,15,2,37,0,0,3,2,5,5,15,18,4,42,0,0,0,42
09/29/2016,MBS,MI,AGL,CE,Combined TRACON& Tower with Radar,6,24,19,0,49,0,0,0,2,2,6,24,19,2,51,0,0,0,51
09/30/2016,MBS,MI,AGL,CE,Combined TRACON& Tower with Radar,5,18,8,0,31,0,0,0,2,2,5,18,8,2,33,0,0,0,33
10/01/2016,MBS,MI,AGL,CE,Combined TRACON& Tower with Radar,1,19,7,4,31,0,0,0,2,2,1,19,7,6,33,0,0,0,33
10/02/2016,MBS,MI,AGL,CE,Combined TRACON& Tower with Radar,3,20,16,0,39,0,0,8,1,9,3,20,24,1,48,36,0,36,84
10/03/2016,MBS,MI,AGL,CE,Combined TRACON& Tower with Radar,4,19,21,0,44,0,0,7,0,7,4,19,28,0,51,14,0,14,65
10/04/2016,MBS,MI,AGL,CE,Combined TRACON& Tower with Radar,3,19,21,0,43,0,0,5,4,9,3,19,26,4,52,36,0,36,88
10/05/2016,MBS,MI,AGL,CE,Combined TRACON& Tower with Radar,4,18,20,2,44,0,0,8,2,10,4,18,28,4,54,0,0,0,54
10/06/2016,MBS,MI,AGL,CE,Combined TRACON& Tower with Radar,3,15,13,0,31,0,0,4,1,5,3,15,17,1,36,2,0,2,38
10/07/2016,MBS,MI,AGL,CE,Combined TRACON& Tower with Radar,3,15,17,0,35,0,0,8,3,11,3,15,25,3,46,4,0,4,50
10/08/2016,MBS,MI,AGL,CE,Combined TRACON& Tower with Radar,2,12,0,0,14,0,2,4,3,9,2,14,4,3,23,0,0,0,23
10/09/2016,MBS,MI,AGL,CE,Combined TRACON& Tower with Radar,3,14,15,0,32,0,1,15,0,16,3,15,30,0,48,4,0,4,52
10/10/2016,MBS,MI,AGL,CE,Combined TRACON& Tower with Radar,3,17,14,0,34,0,1,12,1,14,3,18,26,1,48,2,0,2,50
10/11/2016,MBS,MI,AGL,CE,Combined TRACON& Tower with Radar,3,16,14,0,33,0,2,20,2,24,3,18,34,2,57,28,0,28,85
10/12/2016,MBS,MI,AGL,CE,Combined TRACON& Tower with Radar,3,21,30,0,54,0,0,5,1,6,3,21,35,1,60,16,0,16,76
10/13/2016,MBS,MI,AGL,CE,Combined TRACON& Tower with Radar,3,23,24,0,50,0,0,5,0,5,3,23,29,0,55,2,0,2,57
10/14/2016,MBS,MI,AGL,CE,Combined TRACON& Tower with Radar,3,19,23,0,45,0,0,23,1,24,3,19,46,1,69,4,0,4,73
10/15/2016,MBS,MI,AGL,CE,Combined TRACON& Tower with Radar,2,16,6,0,24,0,0,2,1,3,2,16,8,1,27,6,0,6,33
10/16/2016,MBS,MI,AGL,CE,Combined TRACON& Tower with Radar,4,15,7,0,26,0,0,0,0,0,4,15,7,0,26,0,0,0,26
10/17/2016,MBS,MI,AGL,CE,Combined TRACON& Tower with Radar,4,16,11,0,31,0,0,2,0,2,4,16,13,0,33,38,0,38,71
10/18/2016,MBS,MI,AGL,CE,Combined TRACON& Tower with Radar,2,18,25,0,45,0,0,10,5,15,2,18,35,5,60,18,0,18,78
10/19/2016,MBS,MI,AGL,CE,Combined TRACON& Tower with Radar,5,16,14,0,35,0,1,10,1,12,5,17,24,1,47,12,0,12,59
10/20/2016,MBS,MI,AGL,CE,Combined TRACON& Tower with Radar,2,18,13,0,33,0,0,1,1,2,2,18,14,1,35,0,0,0,35
10/21/2016,MBS,MI,AGL,CE,Combined TRACON& Tower with Radar,3,21,23,0,47,0,0,10,1,11,3,21,33,1,58,4,0,4,62
10/22/2016,MBS,MI,AGL,CE,Combined TRACON& Tower with Radar,3,13,4,0,20,0,0,7,0,7,3,13,11,0,27,0,0,0,27
10/23/2016,MBS,MI,AGL,CE,Combined TRACON& Tower with Radar,4,14,9,0,27,0,2,16,0,18,4,16,25,0,45,0,0,0,45
10/24/2016,MBS,MI,AGL,CE,Combined TRACON& Tower with Radar,3,14,21,0,38,0,0,11,0,11,3,14,32,0,49,0,0,0,49
10/25/2016,MBS,MI,AGL,CE,Combined TRACON& Tower with Radar,3,18,18,1,40,0,2,11,2,15,3,20,29,3,55,2,0,2,57
10/26/2016,MBS,MI,AGL,CE,Combined TRACON& Tower with Radar,4,13,10,0,27,0,0,2,0,2,4,13,12,0,29,0,0,0,29
10/27/2016,MBS,MI,AGL,CE,Combined TRACON& Tower with Radar,4,23,26,0,53,0,0,0,1,1,4,23,26,1,54,0,0,0,54
10/28/2016,MBS,MI,AGL,CE,Combined TRACON& Tower with Radar,3,16,28,0,47,0,0,7,3,10,3,16,35,3,57,0,0,0,57
10/29/2016,MBS,MI,AGL,CE,Combined TRACON& Tower with Radar,2,14,5,0,21,0,0,2,3,5,2,14,7,3,26,0,0,0,26
10/30/2016,MBS,MI,AGL,CE,Combined TRACON& Tower with Radar,4,14,11,0,29,0,0,7,4,11,4,14,18,4,40,46,0,46,86
10/31/2016,MBS,MI,AGL,CE,Combined TRACON& Tower with Radar,4,15,18,0,37,0,1,6,3,10,4,16,24,3,47,16,0,16,63
11/01/2016,MBS,MI,AGL,CE,Combined TRACON& Tower with Radar,3,16,25,1,45,0,2,22,0,24,3,18,47,1,69,4,0,4,73
11/02/2016,MBS,MI,AGL,CE,Combined TRACON& Tower with Radar,2,22,22,2,48,0,0,3,2,5,2,22,25,4,53,0,0,0,53
11/03/2016,MBS,MI,AGL,CE,Combined TRACON& Tower with Radar,4,19,17,0,40,0,2,8,0,10,4,21,25,0,50,0,0,0,50
11/04/2016,MBS,MI,AGL,CE,Combined TRACON& Tower with Radar,4,17,20,0,41,0,0,16,1,17,4,17,36,1,58,0,0,0,58
11/05/2016,MBS,MI,AGL,CE,Combined TRACON& Tower with Radar,2,13,7,0,22,0,0,21,0,21,2,13,28,0,43,8,0,8,51
11/06/2016,MBS,MI,AGL,CE,Combined TRACON& Tower with Radar,0,16,6,0,22,0,2,16,0,18,0,18,22,0,40,6,0,6,46
11/07/2016,MBS,MI,AGL,CE,Combined TRACON& Tower with Radar,4,15,19,0,38,0,0,15,3,18,4,15,34,3,56,4,0,4,60
11/08/2016,MBS,MI,AGL,CE,Combined TRACON& Tower with Radar,5,16,14,0,35,0,0,8,2,10,5,16,22,2,45,0,0,0,45
11/09/2016,MBS,MI,AGL,CE,Combined TRACON& Tower with Radar,3,24,16,0,43,0,0,7,5,12,3,24,23,5,55,0,0,0,55
11/10/2016,MBS,MI,AGL,CE,Combined TRACON& Tower with Radar,3,16,10,0,29,0,0,4,1,5,3,16,14,1,34,0,0,0,34
11/11/2016,MBS,MI,AGL,CE,Combined TRACON& Tower with Radar,3,19,19,0,41,0,2,9,0,11,3,21,28,0,52,6,0,6,58
11/12/2016,MBS,MI,AGL,CE,Combined TRACON& Tower with Radar,4,11,12,0,27,0,0,15,0,15,4,11,27,0,42,0,0,0,42
11/13/2016,MBS,MI,AGL,CE,Combined TRACON& Tower with Radar,4,15,23,0,42,0,0,7,0,7,4,15,30,0,49,0,0,0,49
11/14/2016,MBS,MI,AGL,CE,Combined TRACON& Tower with Radar,5,15,13,0,33,0,1,15,0,16,5,16,28,0,49,8,0,8,57
11/15/2016,MBS,MI,AGL,CE,Combined TRACON& Tower with Radar,5,16,10,0,31,0,0,6,3,9,5,16,16,3,40,0,0,0,40
11/16/2016,MBS,MI,AGL,CE,Combined TRACON& Tower with Radar,3,16,20,0,39,0,0,3,2,5,3,16,23,2,44,4,0,4,48
11/17/2016,MBS,MI,AGL,CE,Combined TRACON& Tower with Radar,4,17,16,0,37,0,0,2,1,3,4,17,18,1,40,0,0,0,40
11/18/2016,MBS,MI,AGL,CE,Combined TRACON& Tower with Radar,2,20,15,0,37,0,0,4,0,4,2,20,19,0,41,0,0,0,41
11/19/2016,MBS,MI,AGL,CE,Combined TRACON& Tower with Radar,4,10,1,0,15,0,0,1,0,1,4,10,2,0,16,0,0,0,16
11/20/2016,MBS,MI,AGL,CE,Combined TRACON& Tower with Radar,2,17,12,0,31,0,0,4,2,6,2,17,16,2,37,0,0,0,37
11/21/2016,MBS,MI,AGL,CE,Combined TRACON& Tower with Radar,4,14,18,0,36,0,1,6,3,10,4,15,24,3,46,10,0,10,56
11/22/2016,MBS,MI,AGL,CE,Combined TRACON& Tower with Radar,4,16,22,1,43,0,0,11,2,13,4,16,33,3,56,6,6,12,68
11/23/2016,MBS,MI,AGL,CE,Combined TRACON& Tower with Radar,3,20,13,0,36,0,0,0,0,0,3,20,13,0,36,0,0,0,36
11/24/2016,MBS,MI,AGL,CE,Combined TRACON& Tower with Radar,2,9,0,0,11,0,0,0,0,0,2,9,0,0,11,0,0,0,11
11/25/2016,MBS,MI,AGL,CE,Combined TRACON& Tower with Radar,4,13,3,0,20,0,0,0,0,0,4,13,3,0,20,0,0,0,20
11/26/2016,MBS,MI,AGL,CE,Combined TRACON& Tower with Radar,4,20,9,0,33,0,0,2,0,2,4,20,11,0,35,0,0,0,35
11/27/2016,MBS,MI,AGL,CE,Combined TRACON& Tower with Radar,4,16,12,0,32,0,0,0,0,0,4,16,12,0,32,0,0,0,32
11/28/2016,MBS,MI,AGL,CE,Combined TRACON& Tower with Radar,2,15,20,0,37,0,0,2,1,3,2,15,22,1,40,0,0,0,40
11/29/2016,MBS,MI,AGL,CE,Combined TRACON& Tower with Radar,1,18,21,0,40,0,0,11,0,11,1,18,32,0,51,20,0,20,71
11/30/2016,MBS,MI,AGL,CE,Combined TRACON& Tower with Radar,1,21,20,0,42,0,0,7,0,7,1,21,27,0,49,2,0,2,51
12/01/2016,MBS,MI,AGL,CE,Combined TRACON& Tower with Radar,1,27,12,1,41,0,0,0,1,1,1,27,12,2,42,2,0,2,44
12/02/2016,MBS,MI,AGL,CE,Combined TRACON& Tower with Radar,1,26,17,0,44,0,0,1,0,1,1,26,18,0,45,0,0,0,45
12/03/2016,MBS,MI,AGL,CE,Combined TRACON& Tower with Radar,2,22,14,0,38,0,1,11,0,12,2,23,25,0,50,0,0,0,50
12/04/2016,MBS,MI,AGL,CE,Combined TRACON& Tower with Radar,1,12,8,0,21,0,0,6,0,6,1,12,14,0,27,10,0,10,37
12/05/2016,MBS,MI,AGL,CE,Combined TRACON& Tower with Radar,2,17,17,0,36,0,0,5,0,5,2,17,22,0,41,8,0,8,49
12/06/2016,MBS,MI,AGL,CE,Combined TRACON& Tower with Radar,2,18,9,0,29,0,0,1,0,1,2,18,10,0,30,0,0,0,30
12/07/2016,MBS,MI,AGL,CE,Combined TRACON& Tower with Radar,1,20,18,0,39,0,0,4,2,6,1,20,22,2,45,2,0,2,47
12/08/2016,MBS,MI,AGL,CE,Combined TRACON& Tower with Radar,1,19,13,1,34,0,0,8,1,9,1,19,21,2,43,0,0,0,43
12/09/2016,MBS,MI,AGL,CE,Combined TRACON& Tower with Radar,2,24,22,0,48,0,0,4,0,4,2,24,26,0,52,0,0,0,52
12/10/2016,MBS,MI,AGL,CE,Combined TRACON& Tower with Radar,2,22,11,0,35,0,0,4,0,4,2,22,15,0,39,0,0,0,39
12/11/2016,MBS,MI,AGL,CE,Combined TRACON& Tower with Radar,1,2,7,0,10,0,0,0,0,0,1,2,7,0,10,0,0,0,10
12/12/2016,MBS,MI,AGL,CE,Combined TRACON& Tower with Radar,1,17,19,0,37,0,0,1,0,1,1,17,20,0,38,4,0,4,42
12/13/2016,MBS,MI,AGL,CE,Combined TRACON& Tower with Radar,1,23,24,0,48,0,0,7,0,7,1,23,31,0,55,18,0,18,73
12/14/2016,MBS,MI,AGL,CE,Combined TRACON& Tower with Radar,0,26,27,0,53,0,0,0,0,0,0,26,27,0,53,0,0,0,53
12/15/2016,MBS,MI,AGL,CE,Combined TRACON& Tower with Radar,3,31,18,2,54,0,0,2,0,2,3,31,20,2,56,0,0,0,56
12/16/2016,MBS,MI,AGL,CE,Combined TRACON& Tower with Radar,1,16,23,0,40,0,0,4,0,4,1,16,27,0,44,0,0,0,44
12/17/2016,MBS,MI,AGL,CE,Combined TRACON& Tower with Radar,2,13,5,0,20,0,0,0,0,0,2,13,5,0,20,0,0,0,20
12/18/2016,MBS,MI,AGL,CE,Combined TRACON& Tower with Radar,0,12,7,0,19,0,0,6,0,6,0,12,13,0,25,0,0,0,25
12/19/2016,MBS,MI,AGL,CE,Combined TRACON& Tower with Radar,0,14,13,0,27,0,0,11,0,11,0,14,24,0,38,12,0,12,50
12/20/2016,MBS,MI,AGL,CE,Combined TRACON& Tower with Radar,0,18,15,0,33,0,0,6,4,10,0,18,21,4,43,0,0,0,43
12/21/2016,MBS,MI,AGL,CE,Combined TRACON& Tower with Radar,0,15,15,0,30,0,0,7,0,7,0,15,22,0,37,0,0,0,37
12/22/2016,MBS,MI,AGL,CE,Combined TRACON& Tower with Radar,0,18,15,0,33,0,2,10,0,12,0,20,25,0,45,4,0,4,49
12/23/2016,MBS,MI,AGL,CE,Combined TRACON& Tower with Radar,0,12,17,0,29,0,0,6,0,6,0,12,23,0,35,4,0,4,39
12/24/2016,MBS,MI,AGL,CE,Combined TRACON& Tower with Radar,0,12,5,0,17,0,0,0,0,0,0,12,5,0,17,0,0,0,17
12/25/2016,MBS,MI,AGL,CE,Combined TRACON& Tower with Radar,0,9,1,0,10,0,0,0,0,0,0,9,1,0,10,0,0,0,10
12/26/2016,MBS,MI,AGL,CE,Combined TRACON& Tower with Radar,0,16,3,0,19,0,0,5,0,5,0,16,8,0,24,0,0,0,24
12/27/2016,MBS,MI,AGL,CE,Combined TRACON& Tower with Radar,0,16,6,0,22,0,0,2,4,6,0,16,8,4,28,8,0,8,36
12/28/2016,MBS,MI,AGL,CE,Combined TRACON& Tower with Radar,0,17,8,0,25,0,2,6,0,8,0,19,14,0,33,10,0,10,43
12/29/2016,MBS,MI,AGL,CE,Combined TRACON& Tower with Radar,0,16,5,2,23,0,0,0,0,0,0,16,5,2,23,0,0,0,23
12/30/2016,MBS,MI,AGL,CE,Combined TRACON& Tower with Radar,0,16,1,0,17,0,0,2,0,2,0,16,3,0,19,0,8,8,27
12/31/2016,MBS,MI,AGL,CE,Combined TRACON& Tower with Radar,0,12,1,0,13,0,0,1,0,1,0,12,2,0,14,0,0,0,14
01/01/2017,MBS,MI,AGL,CE,Towers with Radar,0,8,3,0,11,0,0,9,0,9,0,8,12,0,20,18,0,18,38
01/02/2017,MBS,MI,AGL,CE,Towers with Radar,0,17,7,0,24,0,0,13,0,13,0,17,20,0,37,18,0,18,55
01/03/2017,MBS,MI,AGL,CE,Towers with Radar,2,12,4,0,18,0,0,0,0,0,2,12,4,0,18,0,0,0,18
01/04/2017,MBS,MI,AGL,CE,Towers with Radar,0,21,9,0,30,0,0,0,0,0,0,21,9,0,30,0,0,0,30
01/05/2017,MBS,MI,AGL,CE,Towers with Radar,0,17,12,0,29,0,0,0,1,1,0,17,12,1,30,0,0,0,30
01/06/2017,MBS,MI,AGL,CE,Towers with Radar,1,16,19,0,36,0,0,6,1,7,1,16,25,1,43,8,0,8,51
01/07/2017,MBS,MI,AGL,CE,Towers with Radar,2,15,4,0,21,0,1,0,3,4,2,16,4,3,25,0,0,0,25
01/08/2017,MBS,MI,AGL,CE,Towers with Radar,3,11,8,0,22,0,0,6,0,6,3,11,14,0,28,15,0,15,43
01/09/2017,MBS,MI,AGL,CE,Towers with Radar,3,14,11,0,28,0,0,2,0,2,3,14,13,0,30,0,0,0,30
01/10/2017,MBS,MI,AGL,CE,Towers with Radar,2,14,9,0,25,0,0,0,0,0,2,14,9,0,25,0,0,0,25
01/11/2017,MBS,MI,AGL,CE,Towers with Radar,4,16,11,1,32,0,1,5,4,10,4,17,16,5,42,0,0,0,42
01/12/2017,MBS,MI,AGL,CE,Towers with Radar,2,16,14,0,32,0,0,2,4,6,2,16,16,4,38,0,0,0,38
01/13/2017,MBS,MI,AGL,CE,Towers with Radar,2,18,18,0,38,0,0,11,2,13,2,18,29,2,51,4,0,4,55
01/14/2017,MBS,MI,AGL,CE,Towers with Radar,2,13,3,0,18,0,2,9,1,12,2,15,12,1,30,0,0,0,30
01/15/2017,MBS,MI,AGL,CE,Towers with Radar,3,12,22,0,37,0,0,19,0,19,3,12,41,0,56,28,0,28,84
01/16/2017,MBS,MI,AGL,CE,Towers with Radar,2,13,11,0,26,0,0,0,0,0,2,13,11,0,26,0,0,0,26
01/17/2017,MBS,MI,AGL,CE,Towers with Radar,1,18,12,0,31,0,0,0,0,0,1,18,12,0,31,0,0,0,31
01/18/2017,MBS,MI,AGL,CE,Towers with Radar,4,15,10,0,29,0,0,0,0,0,4,15,10,0,29,0,0,0,29
01/19/2017,MBS,MI,AGL,CE,Towers with Radar,1,21,12,0,34,0,0,1,2,3,1,21,13,2,37,0,0,0,37
01/20/2017,MBS,MI,AGL,CE,Towers with Radar,3,17,12,0,32,0,0,0,0,0,3,17,12,0,32,0,0,0,32
01/21/2017,MBS,MI,AGL,CE,Towers with Radar,2,2,15,0,19,0,0,0,0,0,2,2,15,0,19,0,0,0,19
01/22/2017,MBS,MI,AGL,CE,Towers with Radar,0,0,4,0,4,0,0,0,0,0,0,0,4,0,4,0,0,0,4
01/23/2017,MBS,MI,AGL,CE,Towers with Radar,1,15,7,0,23,0,0,0,0,0,1,15,7,0,23,0,0,0,23
01/24/2017,MBS,MI,AGL,CE,Towers with Radar,4,14,16,0,34,0,0,0,0,0,4,14,16,0,34,0,0,0,34
01/25/2017,MBS,MI,AGL,CE,Towers with Radar,3,19,15,0,37,0,0,0,0,0,3,19,15,0,37,0,0,0,37
01/26/2017,MBS,MI,AGL,CE,Towers with Radar,1,19,14,0,34,0,0,2,0,2,1,19,16,0,36,0,0,0,36
01/27/2017,MBS,MI,AGL,CE,Towers with Radar,3,17,18,0,38,0,0,1,0,1,3,17,19,0,39,0,0,0,39
01/28/2017,MBS,MI,AGL,CE,Towers with Radar,3,14,3,0,20,0,0,0,4,4,3,14,3,4,24,0,0,0,24
01/29/2017,MBS,MI,AGL,CE,Towers with Radar,1,15,18,0,34,0,0,11,0,11,1,15,29,0,45,4,0,4,49
01/30/2017,MBS,MI,AGL,CE,Towers with Radar,2,17,25,0,44,0,0,15,0,15,2,17,40,0,59,0,0,0,59
01/31/2017,MBS,MI,AGL,CE,Towers with Radar,3,20,18,1,42,0,0,0,1,1,3,20,18,2,43,0,0,0,43
02/01/2017,MBS,MI,AGL,CE,Towers with Radar,5,16,17,0,38,0,3,7,2,12,5,19,24,2,50,0,0,0,50
02/02/2017,MBS,MI,AGL,CE,Towers with Radar,2,19,14,0,35,0,1,8,3,12,2,20,22,3,47,2,0,2,49
02/03/2017,MBS,MI,AGL,CE,Towers with Radar,4,19,22,0,45,0,2,8,3,13,4,21,30,3,58,0,0,0,58
02/04/2017,MBS,MI,AGL,CE,Towers with Radar,3,12,7,0,22,0,0,8,5,13,3,12,15,5,35,10,0,10,45
02/05/2017,MBS,MI,AGL,CE,Towers with Radar,2,13,6,2,23,0,0,4,0,4,2,13,10,2,27,6,0,6,33
02/06/2017,MBS,MI,AGL,CE,Towers with Radar,2,16,19,0,37,0,0,11,0,11,2,16,30,0,48,16,0,16,64
02/07/2017,MBS,MI,AGL,CE,Towers with Radar,4,18,11,0,33,0,0,0,0,0,4,18,11,0,33,0,0,0,33
02/08/2017,MBS,MI,AGL,CE,Towers with Radar,4,19,14,0,37,0,0,2,1,3,4,19,16,1,40,0,0,0,40
02/09/2017,MBS,MI,AGL,CE,Towers with Radar,0,23,23,0,46,0,0,0,1,1,0,23,23,1,47,0,0,0,47
02/10/2017,MBS,MI,AGL,CE,Towers with Radar,2,19,11,0,32,0,0,0,3,3,2,19,11,3,35,0,0,0,35
02/11/2017,MBS,MI,AGL,CE,Towers with Radar,3,13,15,1,32,0,0,15,3,18,3,13,30,4,50,26,0,26,76
02/12/2017,MBS,MI,AGL,CE,Towers with Radar,1,14,7,0,22,0,0,0,0,0,1,14,7,0,22,0,0,0,22
02/13/2017,MBS,MI,AGL,CE,Towers with Radar,2,18,31,0,51,0,0,26,0,26,2,18,57,0,77,2,0,2,79
02/14/2017,MBS,MI,AGL,CE,Towers with Radar,3,19,15,0,37,0,0,7,0,7,3,19,22,0,44,4,0,4,48
02/15/2017,MBS,MI,AGL,CE,Towers with Radar,4,19,18,0,41,0,0,1,2,3,4,19,19,2,44,0,0,0,44
02/16/2017,MBS,MI,AGL,CE,Towers with Radar,2,26,15,0,43,0,0,1,5,6,2,26,16,5,49,0,0,0,49
02/17/2017,MBS,MI,AGL,CE,Towers with Radar,1,17,12,0,30,0,1,23,2,26,1,18,35,2,56,8,0,8,64
02/18/2017,MBS,MI,AGL,CE,Towers with Radar,1,19,14,0,34,0,0,19,3,22,1,19,33,3,56,4,0,4,60
02/19/2017,MBS,MI,AGL,CE,Towers with Radar,1,15,17,0,33,0,0,7,0,7,1,15,24,0,40,0,0,0,40
02/20/2017,MBS,MI,AGL,CE,Towers with Radar,2,17,11,0,30,0,0,10,0,10,2,17,21,0,40,62,0,62,102
02/21/2017,MBS,MI,AGL,CE,Towers with Radar,0,18,17,0,35,0,0,0,0,0,0,18,17,0,35,0,0,0,35
02/22/2017,MBS,MI,AGL,CE,Towers with Radar,0,23,21,3,47,0,0,1,1,2,0,23,22,4,49,0,0,0,49
02/23/2017,MBS,MI,AGL,CE,Towers with Radar,2,27,35,0,64,0,1,12,1,14,2,28,47,1,78,4,0,4,82
02/24/2017,MBS,MI,AGL,CE,Towers with Radar,1,27,11,0,39,0,0,0,0,0,1,27,11,0,39,0,0,0,39
02/25/2017,MBS,MI,AGL,CE,Towers with Radar,2,21,1,0,24,0,0,3,3,6,2,21,4,3,30,0,0,0,30
02/26/2017,MBS,MI,AGL,CE,Towers with Radar,2,13,10,0,25,0,0,2,0,2,2,13,12,0,27,0,0,0,27
02/27/2017,MBS,MI,AGL,CE,Towers with Radar,0,18,19,0,37,0,0,10,0,10,0,18,29,0,47,16,0,16,63
02/28/2017,MBS,MI,AGL,CE,Towers with Radar,0,21,12,0,33,0,0,0,0,0,0,21,12,0,33,0,0,0,33
03/01/2017,MBS,MI,AGL,CE,Towers with Radar,0,16,16,0,32,0,0,0,0,0,0,16,16,0,32,0,0,0,32
03/02/2017,MBS,MI,AGL,CE,Towers with Radar,2,28,17,0,47,0,0,4,3,7,2,28,21,3,54,0,0,0,54
03/03/2017,MBS,MI,AGL,CE,Towers with Radar,1,18,20,2,41,0,0,4,3,7,1,18,24,5,48,10,0,10,58
03/04/2017,MBS,MI,AGL,CE,Towers with Radar,2,13,7,0,22,0,1,11,2,14,2,14,18,2,36,12,0,12,48
03/05/2017,MBS,MI,AGL,CE,Towers with Radar,1,17,7,0,25,0,0,6,0,6,1,17,13,0,31,56,0,56,87
03/06/2017,MBS,MI,AGL,CE,Towers with Radar,1,18,12,0,31,0,0,2,0,2,1,18,14,0,33,0,0,0,33
03/07/2017,MBS,MI,AGL,CE,Towers with Radar,1,20,11,2,34,0,0,4,0,4,1,20,15,2,38,0,0,0,38
03/08/2017,MBS,MI,AGL,CE,Towers with Radar,1,24,9,0,34,0,0,0,0,0,1,24,9,0,34,0,0,0,34
03/09/2017,MBS,MI,AGL,CE,Towers with Radar,2,18,22,0,42,0,0,14,2,16,2,18,36,2,58,22,0,22,80
03/10/2017,MBS,MI,AGL,CE,Towers with Radar,1,22,28,0,51,0,0,5,1,6,1,22,33,1,57,0,0,0,57
03/11/2017,MBS,MI,AGL,CE,Towers with Radar,2,17,2,0,21,0,0,6,1,7,2,17,8,1,28,78,0,78,106
03/12/2017,MBS,MI,AGL,CE,Towers with Radar,2,12,17,0,31,0,0,13,0,13,2,12,30,0,44,0,0,0,44
03/13/2017,MBS,MI,AGL,CE,Towers with Radar,1,14,11,0,26,0,0,0,0,0,1,14,11,0,26,0,0,0,26
03/14/2017,MBS,MI,AGL,CE,Towers with Radar,1,19,11,4,35,0,2,2,1,5,1,21,13,5,40,0,0,0,40
03/15/2017,MBS,MI,AGL,CE,Towers with Radar,2,18,18,0,38,0,0,9,2,11,2,18,27,2,49,26,0,26,75
03/16/2017,MBS,MI,AGL,CE,Towers with Radar,2,19,19,1,41,0,0,17,4,21,2,19,36,5,62,10,10,20,82
03/17/2017,MBS,MI,AGL,CE,Towers with Radar,1,19,16,0,36,0,0,0,0,0,1,19,16,0,36,0,0,0,36
03/18/2017,MBS,MI,AGL,CE,Towers with Radar,2,12,2,0,16,0,0,0,0,0,2,12,2,0,16,0,0,0,16
03/19/2017,MBS,MI,AGL,CE,Towers with Radar,1,15,9,0,25,0,0,10,0,10,1,15,19,0,35,6,0,6,41
03/20/2017,MBS,MI,AGL,CE,Towers with Radar,2,22,25,0,49,0,0,2,0,2,2,22,27,0,51,0,0,0,51
03/21/2017,MBS,MI,AGL,CE,Towers with Radar,2,18,21,0,41,0,0,10,3,13,2,18,31,3,54,0,0,0,54
03/22/2017,MBS,MI,AGL,CE,Towers with Radar,1,22,25,0,48,0,0,17,3,20,1,22,42,3,68,14,0,14,82
03/23/2017,MBS,MI,AGL,CE,Towers with Radar,2,18,23,0,43,0,0,17,1,18,2,18,40,1,61,0,0,0,61
03/24/2017,MBS,MI,AGL,CE,Towers with Radar,1,25,23,0,49,0,0,2,2,4,1,25,25,2,53,0,0,0,53
03/25/2017,MBS,MI,AGL,CE,Towers with Radar,2,15,2,0,19,0,0,0,0,0,2,15,2,0,19,0,0,0,19
03/26/2017,MBS,MI,AGL,CE,Towers with Radar,2,14,14,0,30,0,0,0,0,0,2,14,14,0,30,0,0,0,30
03/27/2017,MBS,MI,AGL,CE,Towers with Radar,1,17,21,0,39,0,0,0,0,0,1,17,21,0,39,0,0,0,39
03/28/2017,MBS,MI,AGL,CE,Towers with Radar,1,26,11,0,38,0,0,2,5,7,1,26,13,5,45,8,0,8,53
03/29/2017,MBS,MI,AGL,CE,Towers with Radar,4,33,15,2,54,0,0,15,0,15,4,33,30,2,69,32,0,32,101
03/30/2017,MBS,MI,AGL,CE,Towers with Radar,0,20,14,0,34,0,0,0,0,0,0,20,14,0,34,0,0,0,34
03/31/2017,MBS,MI,AGL,CE,Towers with Radar,0,21,16,0,37,0,0,0,0,0,0,21,16,0,37,0,0,0,37
04/01/2017,MBS,MI,AGL,CE,Towers with Radar,1,16,9,0,26,0,2,15,3,20,1,18,24,3,46,34,0,34,80
04/02/2017,MBS,MI,AGL,CE,Towers with Radar,4,13,8,0,25,0,0,11,0,11,4,13,19,0,36,26,0,26,62
04/03/2017,MBS,MI,AGL,CE,Towers with Radar,1,16,10,0,27,0,0,1,0,1,1,16,11,0,28,0,0,0,28
04/04/2017,MBS,MI,AGL,CE,Towers with Radar,0,18,17,3,38,0,0,1,3,4,0,18,18,6,42,0,0,0,42
04/05/2017,MBS,MI,AGL,CE,Towers with Radar,1,18,12,0,31,0,0,2,0,2,1,18,14,0,33,0,0,0,33
04/06/2017,MBS,MI,AGL,CE,Towers with Radar,1,14,16,0,31,0,0,0,0,0,1,14,16,0,31,0,0,0,31
04/07/2017,MBS,MI,AGL,CE,Towers with Radar,0,18,13,0,31,0,1,8,2,11,0,19,21,2,42,34,0,34,76
04/08/2017,MBS,MI,AGL,CE,Towers with Radar,2,17,4,0,23,0,1,15,1,17,2,18,19,1,40,4,0,4,44
04/09/2017,MBS,MI,AGL,CE,Towers with Radar,2,13,11,0,26,0,0,2,0,2,2,13,13,0,28,0,0,0,28
04/10/2017,MBS,MI,AGL,CE,Towers with Radar,1,17,14,0,32,0,0,9,0,9,1,17,23,0,41,0,0,0,41
04/11/2017,MBS,MI,AGL,CE,Towers with Radar,0,18,20,0,38,0,0,0,0,0,0,18,20,0,38,2,0,2,40
04/12/2017,MBS,MI,AGL,CE,Towers with Radar,1,31,29,4,65,0,0,11,4,15,1,31,40,8,80,34,0,34,114
04/13/2017,MBS,MI,AGL,CE,Towers with Radar,1,27,25,0,53,0,0,4,3,7,1,27,29,3,60,2,0,2,62
04/14/2017,MBS,MI,AGL,CE,Towers with Radar,3,19,21,0,43,0,0,24,4,28,3,19,45,4,71,16,0,16,87
04/15/2017,MBS,MI,AGL,CE,Towers with Radar,3,18,4,0,25,0,0,7,1,8,3,18,11,1,33,0,0,0,33
04/16/2017,MBS,MI,AGL,CE,Towers with Radar,3,17,1,0,21,0,0,5,0,5,3,17,6,0,26,4,0,4,30
04/17/2017,MBS,MI,AGL,CE,Towers with Radar,1,20,49,0,70,0,1,138,0,139,1,21,187,0,209,22,0,22,231
04/18/2017,MBS,MI,AGL,CE,Towers with Radar,1,20,20,1,42,0,1,39,2,42,1,21,59,3,84,46,0,46,130
04/19/2017,MBS,MI,AGL,CE,Towers with Radar,0,21,21,3,45,0,0,18,3,21,0,21,39,6,66,2,0,2,68
04/20/2017,MBS,MI,AGL,CE,Towers with Radar,0,17,10,0,27,0,0,0,0,0,0,17,10,0,27,0,0,0,27
04/21/2017,MBS,MI,AGL,CE,Towers with Radar,2,19,15,0,36,0,0,2,2,4,2,19,17,2,40,12,0,12,52
04/22/2017,MBS,MI,AGL,CE,Towers with Radar,2,17,9,0,28,0,1,28,5,34,2,18,37,5,62,12,0,12,74
04/23/2017,MBS,MI,AGL,CE,Towers with Radar,2,15,8,0,25,0,0,12,0,12,2,15,20,0,37,12,0,12,49
04/24/2017,MBS,MI,AGL,CE,Towers with Radar,1,25,16,0,42,0,3,19,0,22,1,28,35,0,64,10,0,10,74
04/25/2017,MBS,MI,AGL,CE,Towers with Radar,1,22,19,1,43,0,0,15,4,19,1,22,34,5,62,42,0,42,104
04/26/2017,MBS,MI,AGL,CE,Towers with Radar,1,23,17,2,43,0,0,8,2,10,1,23,25,4,53,4,4,8,61
04/27/2017,MBS,MI,AGL,CE,Towers with Radar,1,20,14,0,35,0,0,0,2,2,1,20,14,2,37,0,0,0,37
04/28/2017,MBS,MI,AGL,CE,Towers with Radar,1,19,29,0,49,0,0,17,5,22,1,19,46,5,71,10,0,10,81
04/29/2017,MBS,MI,AGL,CE,Towers with Radar,2,17,12,1,32,0,0,10,1,11,2,17,22,2,43,8,0,8,51
04/30/2017,MBS,MI,AGL,CE,Towers with Radar,1,17,5,0,23,0,0,0,0,0,1,17,5,0,23,0,0,0,23
05/01/2017,MBS,MI,AGL,CE,Towers with Radar,4,20,12,0,36,0,0,5,0,5,4,20,17,0,41,12,0,12,53
05/02/2017,MBS,MI,AGL,CE,Towers with Radar,2,18,20,0,40,0,0,1,2,3,2,18,21,2,43,0,0,0,43
05/03/2017,MBS,MI,AGL,CE,Towers with Radar,3,21,25,0,49,0,0,21,2,23,3,21,46,2,72,28,0,28,100
05/04/2017,MBS,MI,AGL,CE,Towers with Radar,2,22,19,2,45,0,0,5,2,7,2,22,24,4,52,0,0,0,52
05/05/2017,MBS,MI,AGL,CE,Towers with Radar,3,19,23,0,45,0,0,0,0,0,3,19,23,0,45,0,0,0,45
05/06/2017,MBS,MI,AGL,CE,Towers with Radar,4,13,6,0,23,0,0,7,1,8,4,13,13,1,31,0,0,0,31
05/07/2017,MBS,MI,AGL,CE,Towers with Radar,4,16,9,0,29,0,0,18,0,18,4,16,27,0,47,26,0,26,73
05/08/2017,MBS,MI,AGL,CE,Towers with Radar,4,20,17,0,41,0,0,9,0,9,4,20,26,0,50,0,0,0,50
05/09/2017,MBS,MI,AGL,CE,Towers with Radar,4,20,29,0,53,0,0,14,2,16,4,20,43,2,69,34,0,34,103
05/10/2017,MBS,MI,AGL,CE,Towers with Radar,2,20,28,4,54,0,0,14,2,16,2,20,42,6,70,32,6,38,108
05/11/2017,MBS,MI,AGL,CE,Towers with Radar,3,22,29,2,56,0,0,12,3,15,3,22,41,5,71,0,0,0,71
05/12/2017,MBS,MI,AGL,CE,Towers with Radar,1,21,24,0,46,0,0,14,2,16,1,21,38,2,62,8,0,8,70
05/13/2017,MBS,MI,AGL,CE,Towers with Radar,2,15,2,0,19,0,0,13,1,14,2,15,15,1,33,10,0,10,43
05/14/2017,MBS,MI,AGL,CE,Towers with Radar,4,10,4,0,18,0,0,2,1,3,4,10,6,1,21,0,0,0,21
05/15/2017,MBS,MI,AGL,CE,Towers with Radar,2,17,21,0,40,0,0,15,0,15,2,17,36,0,55,0,0,0,55
05/16/2017,MBS,MI,AGL,CE,Towers with Radar,2,17,22,0,41,0,0,5,2,7,2,17,27,2,48,0,0,0,48
05/17/2017,MBS,MI,AGL,CE,Towers with Radar,3,23,25,0,51,0,3,2,1,6,3,26,27,1,57,4,0,4,61
05/18/2017,MBS,MI,AGL,CE,Towers with Radar,2,17,13,0,32,0,0,6,0,6,2,17,19,0,38,0,0,0,38
05/19/2017,MBS,MI,AGL,CE,Towers with Radar,3,17,24,0,44,0,0,4,0,4,3,17,28,0,48,0,0,0,48
05/20/2017,MBS,MI,AGL,CE,Towers with Radar,4,13,11,0,28,0,0,4,0,4,4,13,15,0,32,4,0,4,36
05/21/2017,MBS,MI,AGL,CE,Towers with Radar,3,12,20,0,35,0,0,2,0,2,3,12,22,0,37,0,0,0,37
05/22/2017,MBS,MI,AGL,CE,Towers with Radar,3,17,26,0,46,0,0,12,0,12,3,17,38,0,58,0,0,0,58
05/23/2017,MBS,MI,AGL,CE,Towers with Radar,3,17,16,1,37,0,2,10,2,14,3,19,26,3,51,32,0,32,83
05/24/2017,MBS,MI,AGL,CE,Towers with Radar,3,17,20,1,41,0,0,3,1,4,3,17,23,2,45,2,0,2,47
05/25/2017,MBS,MI,AGL,CE,Towers with Radar,7,19,18,0,44,0,0,0,0,0,7,19,18,0,44,0,0,0,44
05/26/2017,MBS,MI,AGL,CE,Towers with Radar,4,17,34,0,55,0,0,15,3,18,4,17,49,3,73,22,0,22,95
05/27/2017,MBS,MI,AGL,CE,Towers with Radar,3,13,6,0,22,0,0,16,1,17,3,13,22,1,39,34,0,34,73
05/28/2017,MBS,MI,AGL,CE,Towers with Radar,2,10,8,0,20,0,0,10,0,10,2,10,18,0,30,0,0,0,30
05/29/2017,MBS,MI,AGL,CE,Towers with Radar,3,12,5,0,20,0,0,7,0,7,3,12,12,0,27,2,0,2,29
05/30/2017,MBS,MI,AGL,CE,Towers with Radar,4,19,16,0,39,0,1,3,0,4,4,20,19,0,43,0,0,0,43
05/31/2017,MBS,MI,AGL,CE,Towers with Radar,3,19,23,0,45,0,1,12,3,16,3,20,35,3,61,0,0,0,61
06/01/2017,MBS,MI,AGL,CE,Towers with Radar,5,15,25,0,45,0,1,19,1,21,5,16,44,1,66,24,0,24,90
06/02/2017,MBS,MI,AGL,CE,Towers with Radar,3,17,18,0,38,0,0,18,0,18,3,17,36,0,56,0,0,0,56
06/03/2017,MBS,MI,AGL,CE,Towers with Radar,4,15,4,0,23,0,0,6,2,8,4,15,10,2,31,0,0,0,31
06/04/2017,MBS,MI,AGL,CE,Towers with Radar,4,15,9,0,28,0,1,6,0,7,4,16,15,0,35,0,0,0,35
06/05/2017,MBS,MI,AGL,CE,Towers with Radar,3,20,21,0,44,0,0,1,0,1,3,20,22,0,45,0,0,0,45
06/06/2017,MBS,MI,AGL,CE,Towers with Radar,2,19,25,0,46,0,0,8,2,10,2,19,33,2,56,12,0,12,68
06/07/2017,MBS,MI,AGL,CE,Towers with Radar,4,21,16,4,45,0,1,16,3,20,4,22,32,7,65,20,0,20,85
06/08/2017,MBS,MI,AGL,CE,Towers with Radar,3,21,18,0,42,0,3,24,2,29,3,24,42,2,71,6,0,6,77
06/09/2017,MBS,MI,AGL,CE,Towers with Radar,5,18,21,0,44,0,0,15,0,15,5,18,36,0,59,32,0,32,91
06/10/2017,MBS,MI,AGL,CE,Towers with Radar,4,16,18,0,38,0,0,18,1,19,4,16,36,1,57,12,0,12,69
06/11/2017,MBS,MI,AGL,CE,Towers with Radar,4,10,17,0,31,0,0,12,0,12,4,10,29,0,43,0,0,0,43
06/12/2017,MBS,MI,AGL,CE,Towers with Radar,0,16,14,0,30,0,0,6,0,6,0,16,20,0,36,0,0,0,36
06/13/2017,MBS,MI,AGL,CE,Towers with Radar,1,21,18,1,41,0,1,8,1,10,1,22,26,2,51,2,0,2,53
06/14/2017,MBS,MI,AGL,CE,Towers with Radar,0,30,22,0,52,0,0,4,4,8,0,30,26,4,60,6,0,6,66
06/15/2017,MBS,MI,AGL,CE,Towers with Radar,2,22,22,0,46,0,0,8,3,11,2,22,30,3,57,0,0,0,57
06/16/2017,MBS,MI,AGL,CE,Towers with Radar,1,22,24,0,47,0,0,9,1,10,1,22,33,1,57,0,0,0,57
06/17/2017,MBS,MI,AGL,CE,Towers with Radar,4,14,7,0,25,0,0,4,0,4,4,14,11,0,29,0,0,0,29
06/18/2017,MBS,MI,AGL,CE,Towers with Radar,1,18,2,0,21,0,0,2,0,2,1,18,4,0,23,0,0,0,23
06/19/2017,MBS,MI,AGL,CE,Towers with Radar,0,16,34,0,50,0,0,10,0,10,0,16,44,0,60,12,0,12,72
06/20/2017,MBS,MI,AGL,CE,Towers with Radar,1,25,19,0,45,0,0,5,0,5,1,25,24,0,50,2,0,2,52
06/21/2017,MBS,MI,AGL,CE,Towers with Radar,2,18,23,0,43,0,3,24,3,30,2,21,47,3,73,0,0,0,73
06/22/2017,MBS,MI,AGL,CE,Towers with Radar,5,23,23,0,51,0,0,1,0,1,5,23,24,0,52,2,0,2,54
06/23/2017,MBS,MI,AGL,CE,Towers with Radar,2,24,24,0,50,0,0,8,5,13,2,24,32,5,63,5,0,5,68
06/24/2017,MBS,MI,AGL,CE,Towers with Radar,4,15,3,0,22,0,0,6,0,6,4,15,9,0,28,10,0,10,38
06/25/2017,MBS,MI,AGL,CE,Towers with Radar,6,12,9,0,27,0,0,5,0,5,6,12,14,0,32,0,0,0,32
06/26/2017,MBS,MI,AGL,CE,Towers with Radar,1,21,25,0,47,0,0,6,0,6,1,21,31,0,53,2,0,2,55
06/27/2017,MBS,MI,AGL,CE,Towers with Radar,5,20,36,0,61,3,1,27,5,36,8,21,63,5,97,20,0,20,117
06/28/2017,MBS,MI,AGL,CE,Towers with Radar,1,22,25,0,48,0,0,10,0,10,1,22,35,0,58,6,0,6,64
06/29/2017,MBS,MI,AGL,CE,Towers with Radar,1,19,21,9,50,0,1,8,3,12,1,20,29,12,62,6,8,14,76
06/30/2017,MBS,MI,AGL,CE,Towers with Radar,1,16,22,0,39,0,1,3,0,4,1,17,25,0,43,4,0,4,47
07/01/2017,MBS,MI,AGL,CE,Towers with Radar,2,19,6,0,27,0,1,1,3,5,2,20,7,3,32,0,0,0,32
07/02/2017,MBS,MI,AGL,CE,Towers with Radar,2,12,4,0,18,0,0,16,0,16,2,12,20,0,34,26,0,26,60
07/03/2017,MBS,MI,AGL,CE,Towers with Radar,2,12,8,0,22,0,3,11,2,16,2,15,19,2,38,82,0,82,120
07/04/2017,MBS,MI,AGL,CE,Towers with Radar,4,8,9,0,21,0,0,3,3,6,4,8,12,3,27,0,0,0,27
07/05/2017,MBS,MI,AGL,CE,Towers with Radar,6,15,10,0,31,0,0,21,2,23,6,15,31,2,54,32,0,32,86
07/06/2017,MBS,MI,AGL,CE,Towers with Radar,2,18,10,0,30,0,0,14,5,19,2,18,24,5,49,8,0,8,57
07/07/2017,MBS,MI,AGL,CE,Towers with Radar,4,16,12,0,32,0,0,6,1,7,4,16,18,1,39,58,0,58,97
07/08/2017,MBS,MI,AGL,CE,Towers with Radar,2,16,7,0,25,0,0,13,4,17,2,16,20,4,42,6,0,6,48
07/09/2017,MBS,MI,AGL,CE,Towers with Radar,4,15,6,0,25,0,0,11,0,11,4,15,17,0,36,0,0,0,36
07/10/2017,MBS,MI,AGL,CE,Towers with Radar,0,19,25,0,44,0,0,2,1,3,0,19,27,1,47,0,0,0,47
07/11/2017,MBS,MI,AGL,CE,Towers with Radar,2,21,25,0,48,0,3,12,0,15,2,24,37,0,63,36,0,36,99
07/12/2017,MBS,MI,AGL,CE,Towers with Radar,1,15,28,0,44,0,1,4,1,6,1,16,32,1,50,0,0,0,50
07/13/2017,MBS,MI,AGL,CE,Towers with Radar,1,20,32,0,53,0,0,0,1,1,1,20,32,1,54,0,0,0,54
07/14/2017,MBS,MI,AGL,CE,Towers with Radar,2,19,31,2,54,0,0,21,1,22,2,19,52,3,76,20,0,20,96
07/15/2017,MBS,MI,AGL,CE,Towers with Radar,2,16,19,0,37,0,3,23,2,28,2,19,42,2,65,10,0,10,75
07/16/2017,MBS,MI,AGL,CE,Towers with Radar,2,16,12,0,30,0,0,3,0,3,2,16,15,0,33,0,0,0,33
07/17/2017,MBS,MI,AGL,CE,Towers with Radar,7,18,21,0,46,5,3,13,1,22,12,21,34,1,68,32,0,32,100
07/18/2017,MBS,MI,AGL,CE,Towers with Radar,6,20,27,0,53,4,1,16,3,24,10,21,43,3,77,18,0,18,95
07/19/2017,MBS,MI,AGL,CE,Towers with Radar,1,30,15,6,52,0,2,14,5,21,1,32,29,11,73,102,0,102,175
07/20/2017,MBS,MI,AGL,CE,Towers with Radar,1,19,21,4,45,0,0,13,3,16,1,19,34,7,61,16,4,20,81
07/21/2017,MBS,MI,AGL,CE,Towers with Radar,0,16,26,0,42,0,1,34,6,41,0,17,60,6,83,8,0,8,91
07/22/2017,MBS,MI,AGL,CE,Towers with Radar,0,17,15,0,32,0,0,7,0,7,0,17,22,0,39,0,0,0,39
07/23/2017,MBS,MI,AGL,CE,Towers with Radar,2,17,34,0,53,0,0,9,0,9,2,17,43,0,62,0,0,0,62
07/24/2017,MBS,MI,AGL,CE,Towers with Radar,0,19,25,0,44,0,1,17,1,19,0,20,42,1,63,14,0,14,77
07/25/2017,MBS,MI,AGL,CE,Towers with Radar,0,21,35,0,56,0,1,39,8,48,0,22,74,8,104,14,0,14,118
07/26/2017,MBS,MI,AGL,CE,Towers with Radar,1,19,28,0,48,0,0,12,1,13,1,19,40,1,61,0,0,0,61
07/27/2017,MBS,MI,AGL,CE,Towers with Radar,0,23,32,0,55,0,0,12,3,15,0,23,44,3,70,0,0,0,70
07/28/2017,MBS,MI,AGL,CE,Towers with Radar,1,20,21,0,42,0,0,30,1,31,1,20,51,1,73,6,0,6,79
07/29/2017,MBS,MI,AGL,CE,Towers with Radar,3,23,13,0,39,0,0,13,3,16,3,23,26,3,55,0,0,0,55
07/30/2017,MBS,MI,AGL,CE,Towers with Radar,1,17,15,0,33,0,0,25,0,25,1,17,40,0,58,0,0,0,58
07/31/2017,MBS,MI,AGL,CE,Towers with Radar,1,19,22,0,42,0,0,15,2,17,1,19,37,2,59,8,0,8,67
08/01/2017,MBS,MI,AGL,CE,Towers with Radar,1,18,23,0,42,0,0,13,7,20,1,18,36,7,62,36,0,36,98
08/02/2017,MBS,MI,AGL,CE,Towers with Radar,3,22,20,0,45,0,0,13,2,15,3,22,33,2,60,0,0,0,60
08/03/2017,MBS,MI,AGL,CE,Towers with Radar,0,17,17,0,34,0,0,0,3,3,0,17,17,3,37,4,0,4,41
08/04/2017,MBS,MI,AGL,CE,Towers with Radar,0,20,30,0,50,0,0,0,2,2,0,20,30,2,52,0,0,0,52
08/05/2017,MBS,MI,AGL,CE,Towers with Radar,2,16,18,0,36,0,0,21,0,21,2,16,39,0,57,2,0,2,59
08/06/2017,MBS,MI,AGL,CE,Towers with Radar,4,15,4,0,23,0,0,5,0,5,4,15,9,0,28,10,0,10,38
08/07/2017,MBS,MI,AGL,CE,Towers with Radar,3,16,22,0,41,0,0,16,2,18,3,16,38,2,59,30,0,30,89
08/08/2017,MBS,MI,AGL,CE,Towers with Radar,1,21,21,0,43,0,0,21,5,26,1,21,42,5,69,20,0,20,89
08/09/2017,MBS,MI,AGL,CE,Towers with Radar,2,22,16,2,42,0,0,19,1,20,2,22,35,3,62,12,0,12,74
08/10/2017,MBS,MI,AGL,CE,Towers with Radar,1,19,27,0,47,0,1,12,5,18,1,20,39,5,65,0,0,0,65
08/11/2017,MBS,MI,AGL,CE,Towers with Radar,0,18,23,0,41,0,0,3,3,6,0,18,26,3,47,0,0,0,47
08/12/2017,MBS,MI,AGL,CE,Towers with Radar,2,20,6,0,28,0,0,2,0,2,2,20,8,0,30,0,0,0,30
08/13/2017,MBS,MI,AGL,CE,Towers with Radar,1,16,7,0,24,0,0,18,0,18,1,16,25,0,42,6,0,6,48
08/14/2017,MBS,MI,AGL,CE,Towers with Radar,1,22,25,0,48,0,0,13,0,13,1,22,38,0,61,0,0,0,61
08/15/2017,MBS,MI,AGL,CE,Towers with Radar,2,18,20,2,42,0,0,15,1,16,2,18,35,3,58,26,4,30,88
08/16/2017,MBS,MI,AGL,CE,Towers with Radar,1,21,24,0,46,0,0,20,1,21,1,21,44,1,67,0,0,0,67
08/17/2017,MBS,MI,AGL,CE,Towers with Radar,2,21,27,0,50,0,2,0,0,2,2,23,27,0,52,4,0,4,56
08/18/2017,MBS,MI,AGL,CE,Towers with Radar,2,17,19,0,38,0,0,11,1,12,2,17,30,1,50,2,0,2,52
08/19/2017,MBS,MI,AGL,CE,Towers with Radar,2,17,11,0,30,0,0,14,0,14,2,17,25,0,44,4,0,4,48
08/20/2017,MBS,MI,AGL,CE,Towers with Radar,2,16,12,0,30,0,0,11,0,11,2,16,23,0,41,1,0,1,42
08/21/2017,MBS,MI,AGL,CE,Towers with Radar,2,21,16,0,39,0,1,15,0,16,2,22,31,0,55,0,0,0,55
08/22/2017,MBS,MI,AGL,CE,Towers with Radar,1,20,24,0,45,0,0,7,0,7,1,20,31,0,52,4,0,4,56
08/23/2017,MBS,MI,AGL,CE,Towers with Radar,1,24,20,4,49,0,0,24,3,27,1,24,44,7,76,8,2,10,86
08/24/2017,MBS,MI,AGL,CE,Towers with Radar,1,20,32,2,55,0,0,12,5,17,1,20,44,7,72,18,0,18,90
08/25/2017,MBS,MI,AGL,CE,Towers with Radar,1,22,16,0,39,0,0,16,1,17,1,22,32,1,56,34,0,34,90
08/26/2017,MBS,MI,AGL,CE,Towers with Radar,3,15,4,0,22,0,0,21,1,22,3,15,25,1,44,8,0,8,52
08/27/2017,MBS,MI,AGL,CE,Towers with Radar,2,14,8,0,24,0,0,9,0,9,2,14,17,0,33,8,0,8,41
08/28/2017,MBS,MI,AGL,CE,Towers with Radar,2,14,20,0,36,0,0,1,4,5,2,14,21,4,41,0,0,0,41
08/29/2017,MBS,MI,AGL,CE,Towers with Radar,3,16,14,0,33,0,0,5,0,5,3,16,19,0,38,0,0,0,38
08/30/2017,MBS,MI,AGL,CE,Towers with Radar,3,15,26,2,46,0,4,18,0,22,3,19,44,2,68,14,0,14,82
08/31/2017,MBS,MI,AGL,CE,Towers with Radar,4,17,21,0,42,0,0,12,3,15,4,17,33,3,57,10,0,10,67
09/01/2017,MBS,MI,AGL,CE,Towers with Radar,3,17,16,0,36,0,0,12,3,15,3,17,28,3,51,14,0,14,65
09/02/2017,MBS,MI,AGL,CE,Towers with Radar,4,13,3,0,20,0,0,16,0,16,4,13,19,0,36,8,0,8,44
09/03/2017,MBS,MI,AGL,CE,Towers with Radar,1,10,7,0,18,0,0,11,0,11,1,10,18,0,29,2,0,2,31
09/04/2017,MBS,MI,AGL,CE,Towers with Radar,0,15,10,0,25,0,1,1,2,4,0,16,11,2,29,0,0,0,29
09/05/2017,MBS,MI,AGL,CE,Towers with Radar,1,20,15,0,36,0,0,10,4,14,1,20,25,4,50,4,0,4,54
09/06/2017,MBS,MI,AGL,CE,Towers with Radar,4,17,22,10,53,0,0,8,1,9,4,17,30,11,62,6,16,22,84
09/07/2017,MBS,MI,AGL,CE,Towers with Radar,4,15,19,1,39,0,0,0,4,4,4,15,19,5,43,0,0,0,43
09/08/2017,MBS,MI,AGL,CE,Towers with Radar,4,17,16,0,37,0,0,11,0,11,4,17,27,0,48,94,0,94,142
09/09/2017,MBS,MI,AGL,CE,Towers with Radar,4,15,6,0,25,0,0,20,0,20,4,15,26,0,45,0,0,0,45
09/10/2017,MBS,MI,AGL,CE,Towers with Radar,4,16,11,0,31,0,0,18,0,18,4,16,29,0,49,4,0,4,53
09/11/2017,MBS,MI,AGL,CE,Towers with Radar,3,14,17,0,34,0,0,7,1,8,3,14,24,1,42,2,0,2,44
09/12/2017,MBS,MI,AGL,CE,Towers with Radar,3,16,19,0,38,0,0,10,4,14,3,16,29,4,52,12,0,12,64
09/13/2017,MBS,MI,AGL,CE,Towers with Radar,5,18,22,0,45,0,0,10,3,13,5,18,32,3,58,4,0,4,62
09/14/2017,MBS,MI,AGL,CE,Towers with Radar,3,13,22,0,38,0,0,13,1,14,3,13,35,1,52,8,0,8,60
09/15/2017,MBS,MI,AGL,CE,Towers with Radar,2,17,21,0,40,0,0,23,3,26,2,17,44,3,66,18,0,18,84
09/16/2017,MBS,MI,AGL,CE,Towers with Radar,4,12,9,0,25,0,3,8,1,12,4,15,17,1,37,0,0,0,37
09/17/2017,MBS,MI,AGL,CE,Towers with Radar,6,13,11,0,30,0,0,5,0,5,6,13,16,0,35,0,0,0,35
09/18/2017,MBS,MI,AGL,CE,Towers with Radar,2,16,15,0,33,0,1,0,1,2,2,17,15,1,35,20,0,20,55
09/19/2017,MBS,MI,AGL,CE,Towers with Radar,4,16,17,0,37,0,2,1,0,3,4,18,18,0,40,10,0,10,50
09/20/2017,MBS,MI,AGL,CE,Towers with Radar,3,23,31,0,57,0,0,6,0,6,3,23,37,0,63,10,0,10,73
09/21/2017,MBS,MI,AGL,CE,Towers with Radar,5,18,12,0,35,0,0,13,7,20,5,18,25,7,55,24,0,24,79
09/22/2017,MBS,MI,AGL,CE,Towers with Radar,3,17,14,0,34,0,0,14,2,16,3,17,28,2,50,30,0,30,80
09/23/2017,MBS,MI,AGL,CE,Towers with Radar,4,13,5,0,22,0,0,9,2,11,4,13,14,2,33,4,0,4,37
09/24/2017,MBS,MI,AGL,CE,Towers with Radar,7,16,15,0,38,0,0,19,0,19,7,16,34,0,57,4,0,4,61
09/25/2017,MBS,MI,AGL,CE,Towers with Radar,3,19,25,0,47,0,0,12,4,16,3,19,37,4,63,6,0,6,69
09/26/2017,MBS,MI,AGL,CE,Towers with Radar,7,19,25,0,51,0,0,16,1,17,7,19,41,1,68,0,0,0,68
09/27/2017,MBS,MI,AGL,CE,Towers with Radar,7,20,18,0,45,0,0,15,2,17,7,20,33,2,62,70,0,70,132
09/28/2017,MBS,MI,AGL,CE,Towers with Radar,4,26,25,4,59,0,1,13,1,15,4,27,38,5,74,0,6,6,80
09/29/2017,MBS,MI,AGL,CE,Towers with Radar,3,17,22,2,44,0,0,8,3,11,3,17,30,5,55,0,0,0,55
09/30/2017,MBS,MI,AGL,CE,Towers with Radar,4,14,4,0,22,0,0,2,0,2,4,14,6,0,24,0,0,0,24
10/01/2017,MBS,MI,AGL,CE,Towers with Radar,2,20,13,0,35,0,0,23,0,23,2,20,36,0,58,6,0,6,64
10/02/2017,MBS,MI,AGL,CE,Towers with Radar,1,16,21,0,38,0,0,16,0,16,1,16,37,0,54,40,0,40,94
10/03/2017,MBS,MI,AGL,CE,Towers with Radar,1,21,29,0,51,0,0,17,2,19,1,21,46,2,70,18,0,18,88
10/04/2017,MBS,MI,AGL,CE,Towers with Radar,1,19,19,0,39,0,0,5,2,7,1,19,24,2,46,0,0,0,46
10/05/2017,MBS,MI,AGL,CE,Towers with Radar,1,19,28,0,48,0,0,27,2,29,1,19,55,2,77,50,0,50,127
10/06/2017,MBS,MI,AGL,CE,Towers with Radar,1,22,22,0,45,0,0,6,4,10,1,22,28,4,55,4,0,4,59
10/07/2017,MBS,MI,AGL,CE,Towers with Radar,2,15,3,0,20,0,0,2,2,4,2,15,5,2,24,0,0,0,24
10/08/2017,MBS,MI,AGL,CE,Towers with Radar,2,17,15,0,34,0,0,18,0,18,2,17,33,0,52,10,0,10,62
10/09/2017,MBS,MI,AGL,CE,Towers with Radar,1,16,24,0,41,0,0,11,0,11,1,16,35,0,52,0,0,0,52
10/10/2017,MBS,MI,AGL,CE,Towers with Radar,1,20,25,3,49,0,0,16,2,18,1,20,41,5,67,8,0,8,75
10/11/2017,MBS,MI,AGL,CE,Towers with Radar,1,29,40,0,70,0,0,0,3,3,1,29,40,3,73,0,0,0,73
10/12/2017,MBS,MI,AGL,CE,Towers with Radar,2,22,43,0,67,0,0,5,2,7,2,22,48,2,74,0,0,0,74
10/13/2017,MBS,MI,AGL,CE,Towers with Radar,1,20,19,0,40,0,0,7,3,10,1,20,26,3,50,0,0,0,50
10/14/2017,MBS,MI,AGL,CE,Towers with Radar,2,16,4,0,22,0,0,0,0,0,2,16,4,0,22,0,0,0,22
10/15/2017,MBS,MI,AGL,CE,Towers with Radar,2,18,2,0,22,0,0,0,0,0,2,18,2,0,22,0,0,0,22
10/16/2017,MBS,MI,AGL,CE,Towers with Radar,1,18,39,0,58,0,0,21,0,21,1,18,60,0,79,34,0,34,113
10/17/2017,MBS,MI,AGL,CE,Towers with Radar,1,20,17,0,38,0,0,15,2,17,1,20,32,2,55,44,0,44,99
10/18/2017,MBS,MI,AGL,CE,Towers with Radar,1,20,26,0,47,0,0,6,1,7,1,20,32,1,54,6,0,6,60
10/19/2017,MBS,MI,AGL,CE,Towers with Radar,1,22,18,2,43,0,0,13,3,16,1,22,31,5,59,32,0,32,91
10/20/2017,MBS,MI,AGL,CE,Towers with Radar,3,17,14,2,36,0,1,16,0,17,3,18,30,2,53,2,0,2,55
10/21/2017,MBS,MI,AGL,CE,Towers with Radar,2,15,9,0,26,0,0,6,1,7,2,15,15,1,33,0,0,0,33
10/22/2017,MBS,MI,AGL,CE,Towers with Radar,2,16,11,0,29,0,0,14,0,14,2,16,25,0,43,0,0,0,43
10/23/2017,MBS,MI,AGL,CE,Towers with Radar,1,19,8,0,28,0,0,0,0,0,1,19,8,0,28,0,0,0,28
10/24/2017,MBS,MI,AGL,CE,Towers with Radar,2,20,18,0,40,0,0,0,0,0,2,20,18,0,40,0,0,0,40
10/25/2017,MBS,MI,AGL,CE,Towers with Radar,2,16,20,6,44,0,0,4,4,8,2,16,24,10,52,14,0,14,66
10/26/2017,MBS,MI,AGL,CE,Towers with Radar,2,19,25,0,46,0,0,15,3,18,2,19,40,3,64,38,0,38,102
10/27/2017,MBS,MI,AGL,CE,Towers with Radar,3,24,17,0,44,0,0,0,5,5,3,24,17,5,49,0,0,0,49
10/28/2017,MBS,MI,AGL,CE,Towers with Radar,2,20,2,0,24,0,0,3,0,3,2,20,5,0,27,0,0,0,27
10/29/2017,MBS,MI,AGL,CE,Towers with Radar,2,15,28,0,45,0,0,10,0,10,2,15,38,0,55,0,0,0,55
10/30/2017,MBS,MI,AGL,CE,Towers with Radar,2,15,20,2,39,0,0,5,3,8,2,15,25,5,47,0,0,0,47
10/31/2017,MBS,MI,AGL,CE,Towers with Radar,2,20,10,1,33,0,0,2,3,5,2,20,12,4,38,0,0,0,38
11/01/2017,MBS,MI,AGL,CE,Towers with Radar,1,18,23,0,42,0,0,4,0,4,1,18,27,0,46,20,0,20,66
11/02/2017,MBS,MI,AGL,CE,Towers with Radar,1,23,18,0,42,0,0,0,0,0,1,23,18,0,42,0,0,0,42
11/03/2017,MBS,MI,AGL,CE,Towers with Radar,7,20,22,0,49,1,0,20,1,22,8,20,42,1,71,12,0,12,83
11/04/2017,MBS,MI,AGL,CE,Towers with Radar,3,17,6,0,26,0,0,6,2,8,3,17,12,2,34,14,0,14,48
11/05/2017,MBS,MI,AGL,CE,Towers with Radar,3,11,6,0,20,0,0,0,0,0,3,11,6,0,20,0,0,0,20
11/06/2017,MBS,MI,AGL,CE,Towers with Radar,6,19,32,0,57,0,0,25,0,25,6,19,57,0,82,0,0,0,82
11/07/2017,MBS,MI,AGL,CE,Towers with Radar,8,18,27,0,53,0,1,16,3,20,8,19,43,3,73,32,0,32,105
11/08/2017,MBS,MI,AGL,CE,Towers with Radar,8,20,19,0,47,0,2,7,1,10,8,22,26,1,57,12,0,12,69
11/09/2017,MBS,MI,AGL,CE,Towers with Radar,4,18,20,0,42,0,0,2,3,5,4,18,22,3,47,0,0,0,47
11/10/2017,MBS,MI,AGL,CE,Towers with Radar,10,21,28,0,59,0,2,24,0,26,10,23,52,0,85,40,0,40,125
11/11/2017,MBS,MI,AGL,CE,Towers with Radar,5,14,2,0,21,0,0,7,0,7,5,14,9,0,28,16,0,16,44
11/12/2017,MBS,MI,AGL,CE,Towers with Radar,7,14,8,0,29,0,0,3,0,3,7,14,11,0,32,0,0,0,32
11/13/2017,MBS,MI,AGL,CE,Towers with Radar,7,14,18,0,39,0,0,9,0,9,7,14,27,0,48,20,0,20,68
11/14/2017,MBS,MI,AGL,CE,Towers with Radar,9,15,22,0,46,0,0,19,0,19,9,15,41,0,65,24,0,24,89
11/15/2017,MBS,MI,AGL,CE,Towers with Radar,7,22,17,0,46,0,0,0,0,0,7,22,17,0,46,0,0,0,46
11/16/2017,MBS,MI,AGL,CE,Towers with Radar,9,17,15,0,41,0,0,12,1,13,9,17,27,1,54,0,0,0,54
11/17/2017,MBS,MI,AGL,CE,Towers with Radar,8,18,15,0,41,0,0,6,2,8,8,18,21,2,49,0,0,0,49
11/18/2017,MBS,MI,AGL,CE,Towers with Radar,6,18,0,0,24,0,0,0,0,0,6,18,0,0,24,0,0,0,24
11/19/2017,MBS,MI,AGL,CE,Towers with Radar,4,14,8,0,26,0,0,5,2,7,4,14,13,2,33,0,0,0,33
11/20/2017,MBS,MI,AGL,CE,Towers with Radar,3,14,28,4,49,0,2,17,0,19,3,16,45,4,68,14,12,26,94
11/21/2017,MBS,MI,AGL,CE,Towers with Radar,6,16,21,0,43,0,0,6,3,9,6,16,27,3,52,24,0,24,76
11/22/2017,MBS,MI,AGL,CE,Towers with Radar,4,16,21,0,41,0,0,16,1,17,4,16,37,1,58,20,0,20,78
11/23/2017,MBS,MI,AGL,CE,Towers with Radar,7,8,1,0,16,0,0,1,0,1,7,8,2,0,17,0,0,0,17
11/24/2017,MBS,MI,AGL,CE,Towers with Radar,3,10,4,0,17,0,0,9,0,9,3,10,13,0,26,6,0,6,32
11/25/2017,MBS,MI,AGL,CE,Towers with Radar,3,19,2,0,24,0,0,3,4,7,3,19,5,4,31,2,0,2,33
11/26/2017,MBS,MI,AGL,CE,Towers with Radar,2,15,14,0,31,0,0,13,0,13,2,15,27,0,44,10,0,10,54
11/27/2017,MBS,MI,AGL,CE,Towers with Radar,4,14,15,0,33,0,0,17,0,17,4,14,32,0,50,0,0,0,50
11/28/2017,MBS,MI,AGL,CE,Towers with Radar,1,16,17,0,34,0,0,4,2,6,1,16,21,2,40,0,0,0,40
11/29/2017,MBS,MI,AGL,CE,Towers with Radar,1,18,14,1,34,0,0,8,3,11,1,18,22,4,45,0,0,0,45
11/30/2017,MBS,MI,AGL,CE,Towers with Radar,1,24,14,3,42,0,0,0,3,3,1,24,14,6,45,0,2,2,47
12/01/2017,MBS,MI,AGL,CE,Towers with Radar,1,13,16,0,30,0,2,15,4,21,1,15,31,4,51,66,0,66,117
12/02/2017,MBS,MI,AGL,CE,Towers with Radar,2,12,11,0,25,0,0,65,1,66,2,12,76,1,91,14,0,14,105
12/03/2017,MBS,MI,AGL,CE,Towers with Radar,5,11,16,0,32,0,0,14,0,14,5,11,30,0,46,24,0,24,70
12/04/2017,MBS,MI,AGL,CE,Towers with Radar,1,17,28,0,46,0,0,0,0,0,1,17,28,0,46,0,0,0,46
12/05/2017,MBS,MI,AGL,CE,Towers with Radar,1,16,16,3,36,0,0,1,1,2,1,16,17,4,38,0,0,0,38
12/06/2017,MBS,MI,AGL,CE,Towers with Radar,1,18,27,2,48,0,0,1,0,1,1,18,28,2,49,0,0,0,49
12/07/2017,MBS,MI,AGL,CE,Towers with Radar,1,17,15,0,33,0,0,1,2,3,1,17,16,2,36,0,0,0,36
12/08/2017,MBS,MI,AGL,CE,Towers with Radar,1,13,30,0,44,0,0,3,0,3,1,13,33,0,47,0,0,0,47
12/09/2017,MBS,MI,AGL,CE,Towers with Radar,2,11,1,0,14,0,0,0,0,0,2,11,1,0,14,0,0,0,14
12/10/2017,MBS,MI,AGL,CE,Towers with Radar,3,11,6,0,20,0,0,0,0,0,3,11,6,0,20,0,0,0,20
12/11/2017,MBS,MI,AGL,CE,Towers with Radar,1,12,12,0,25,0,0,0,0,0,1,12,12,0,25,0,0,0,25
12/12/2017,MBS,MI,AGL,CE,Towers with Radar,3,17,20,2,42,0,0,2,1,3,3,17,22,3,45,2,0,2,47
12/13/2017,MBS,MI,AGL,CE,Towers with Radar,0,8,16,0,24,0,0,0,0,0,0,8,16,0,24,0,0,0,24
12/14/2017,MBS,MI,AGL,CE,Towers with Radar,3,20,20,0,43,0,0,12,4,16,3,20,32,4,59,56,8,64,123
12/15/2017,MBS,MI,AGL,CE,Towers with Radar,1,13,28,0,42,0,0,0,4,4,1,13,28,4,46,0,0,0,46
12/16/2017,MBS,MI,AGL,CE,Towers with Radar,2,11,2,0,15,0,0,0,2,2,2,11,2,2,17,0,0,0,17
12/17/2017,MBS,MI,AGL,CE,Towers with Radar,4,12,8,0,24,0,0,0,0,0,4,12,8,0,24,4,0,4,28
12/18/2017,MBS,MI,AGL,CE,Towers with Radar,4,19,15,0,38,0,0,0,0,0,4,19,15,0,38,0,0,0,38
12/19/2017,MBS,MI,AGL,CE,Towers with Radar,1,17,20,2,40,0,0,18,3,21,1,17,38,5,61,8,0,8,69
12/20/2017,MBS,MI,AGL,CE,Towers with Radar,0,13,19,5,37,0,0,16,3,19,0,13,35,8,56,0,4,4,60
12/21/2017,MBS,MI,AGL,CE,Towers with Radar,0,16,17,0,33,0,0,7,0,7,0,16,24,0,40,8,0,8,48
12/22/2017,MBS,MI,AGL,CE,Towers with Radar,0,12,9,0,21,0,0,0,0,0,0,12,9,0,21,0,0,0,21
12/23/2017,MBS,MI,AGL,CE,Towers with Radar,0,14,3,0,17,0,0,2,4,6,0,14,5,4,23,0,0,0,23
12/24/2017,MBS,MI,AGL,CE,Towers with Radar,0,12,6,0,18,0,0,0,0,0,0,12,6,0,18,0,0,0,18
12/25/2017,MBS,MI,AGL,CE,Towers with Radar,0,10,1,0,11,0,0,0,0,0,0,10,1,0,11,0,0,0,11
12/26/2017,MBS,MI,AGL,CE,Towers with Radar,0,13,3,0,16,0,0,2,0,2,0,13,5,0,18,0,0,0,18
12/27/2017,MBS,MI,AGL,CE,Towers with Radar,0,14,5,0,19,0,0,3,3,6,0,14,8,3,25,0,0,0,25
12/28/2017,MBS,MI,AGL,CE,Towers with Radar,0,18,13,0,31,0,0,5,2,7,0,18,18,2,38,16,0,16,54
12/29/2017,MBS,MI,AGL,CE,Towers with Radar,0,12,3,0,15,0,0,0,0,0,0,12,3,0,15,0,0,0,15
12/30/2017,MBS,MI,AGL,CE,Towers with Radar,0,14,0,0,14,0,0,1,1,2,0,14,1,1,16,0,0,0,16
12/31/2017,MBS,MI,AGL,CE,Towers with Radar,0,12,1,0,13,0,0,5,0,5,0,12,6,0,18,2,0,2,20
01/01/2018,MBS,MI,AGL,CE,Towers with Radar,0,14,0,0,14,0,0,0,0,0,0,14,0,0,14,0,0,0,14
01/02/2018,MBS,MI,AGL,CE,Towers with Radar,1,15,10,0,26,0,0,1,0,1,1,15,11,0,27,0,0,0,27
01/03/2018,MBS,MI,AGL,CE,Towers with Radar,4,13,4,0,21,0,0,0,4,4,4,13,4,4,25,0,0,0,25
01/04/2018,MBS,MI,AGL,CE,Towers with Radar,4,14,9,0,27,0,0,1,2,3,4,14,10,2,30,18,0,18,48
01/05/2018,MBS,MI,AGL,CE,Towers with Radar,3,13,14,0,30,0,0,8,4,12,3,13,22,4,42,0,0,0,42
01/06/2018,MBS,MI,AGL,CE,Towers with Radar,3,11,2,0,16,0,0,4,2,6,3,11,6,2,22,6,0,6,28
01/07/2018,MBS,MI,AGL,CE,Towers with Radar,4,10,12,0,26,0,0,3,0,3,4,10,15,0,29,2,0,2,31
01/08/2018,MBS,MI,AGL,CE,Towers with Radar,7,13,6,0,26,0,2,2,0,4,7,15,8,0,30,0,0,0,30
01/09/2018,MBS,MI,AGL,CE,Towers with Radar,5,16,11,0,32,0,0,5,2,7,5,16,16,2,39,14,6,20,59
01/10/2018,MBS,MI,AGL,CE,Towers with Radar,5,17,13,0,35,0,0,0,0,0,5,17,13,0,35,0,0,0,35
01/11/2018,MBS,MI,AGL,CE,Towers with Radar,5,17,14,0,36,0,0,3,0,3,5,17,17,0,39,0,0,0,39
01/12/2018,MBS,MI,AGL,CE,Towers with Radar,6,12,13,0,31,0,1,0,3,4,6,13,13,3,35,0,0,0,35
01/13/2018,MBS,MI,AGL,CE,Towers with Radar,4,10,5,0,19,0,0,1,6,7,4,10,6,6,26,0,0,0,26
01/14/2018,MBS,MI,AGL,CE,Towers with Radar,4,8,15,0,27,0,0,15,0,15,4,8,30,0,42,4,0,4,46
01/15/2018,MBS,MI,AGL,CE,Towers with Radar,8,9,16,0,33,0,0,0,0,0,8,9,16,0,33,0,0,0,33
01/16/2018,MBS,MI,AGL,CE,Towers with Radar,5,13,20,0,38,0,0,0,0,0,5,13,20,0,38,0,0,0,38
01/17/2018,MBS,MI,AGL,CE,Towers with Radar,5,14,20,4,43,0,0,8,2,10,5,14,28,6,53,34,4,38,91
01/18/2018,MBS,MI,AGL,CE,Towers with Radar,5,16,22,5,48,0,0,7,3,10,5,16,29,8,58,0,2,2,60
01/19/2018,MBS,MI,AGL,CE,Towers with Radar,5,15,14,0,34,0,0,12,3,15,5,15,26,3,49,64,0,64,113
01/20/2018,MBS,MI,AGL,CE,Towers with Radar,3,9,2,0,14,0,0,9,0,9,3,9,11,0,23,12,0,12,35
01/21/2018,MBS,MI,AGL,CE,Towers with Radar,4,13,13,0,30,0,0,0,0,0,4,13,13,0,30,0,0,0,30
01/22/2018,MBS,MI,AGL,CE,Towers with Radar,7,12,11,0,30,0,1,0,0,1,7,13,11,0,31,0,0,0,31
01/23/2018,MBS,MI,AGL,CE,Towers with Radar,10,11,15,0,36,0,0,1,2,3,10,11,16,2,39,0,0,0,39
01/24/2018,MBS,MI,AGL,CE,Towers with Radar,9,15,32,0,56,0,0,5,1,6,9,15,37,1,62,0,0,0,62
01/25/2018,MBS,MI,AGL,CE,Towers with Radar,7,21,30,4,62,0,0,9,5,14,7,21,39,9,76,28,0,28,104
01/26/2018,MBS,MI,AGL,CE,Towers with Radar,7,29,21,0,57,1,3,7,2,13,8,32,28,2,70,0,0,0,70
01/27/2018,MBS,MI,AGL,CE,Towers with Radar,3,9,8,0,20,0,0,9,4,13,3,9,17,4,33,0,0,0,33
01/28/2018,MBS,MI,AGL,CE,Towers with Radar,5,10,17,0,32,0,2,8,0,10,5,12,25,0,42,6,0,6,48
01/29/2018,MBS,MI,AGL,CE,Towers with Radar,6,12,23,0,41,0,0,0,0,0,6,12,23,0,41,0,0,0,41
01/30/2018,MBS,MI,AGL,CE,Towers with Radar,5,18,27,0,50,0,0,37,2,39,5,18,64,2,89,14,0,14,103
01/31/2018,MBS,MI,AGL,CE,Towers with Radar,4,13,18,0,35,0,0,3,2,5,4,13,21,2,40,0,0,0,40
02/01/2018,MBS,MI,AGL,CE,Towers with Radar,5,18,19,0,42,0,0,4,4,8,5,18,23,4,50,32,0,32,82
02/02/2018,MBS,MI,AGL,CE,Towers with Radar,4,14,15,0,33,0,0,5,5,10,4,14,20,5,43,0,0,0,43
02/03/2018,MBS,MI,AGL,CE,Towers with Radar,4,14,9,0,27,0,0,0,0,0,4,14,9,0,27,0,0,0,27
02/04/2018,MBS,MI,AGL,CE,Towers with Radar,4,4,4,0,12,0,0,0,0,0,4,4,4,0,12,0,0,0,12
02/05/2018,MBS,MI,AGL,CE,Towers with Radar,6,13,23,0,42,0,0,9,0,9,6,13,32,0,51,0,0,0,51
02/06/2018,MBS,MI,AGL,CE,Towers with Radar,6,11,14,0,31,0,0,18,0,18,6,11,32,0,49,41,0,41,90
02/07/2018,MBS,MI,AGL,CE,Towers with Radar,6,19,21,2,48,0,1,2,2,5,6,20,23,4,53,0,0,0,53
02/08/2018,MBS,MI,AGL,CE,Towers with Radar,5,15,10,0,30,0,0,4,0,4,5,15,14,0,34,24,0,24,58
02/09/2018,MBS,MI,AGL,CE,Towers with Radar,3,10,11,0,24,0,0,0,0,0,3,10,11,0,24,0,0,0,24
02/10/2018,MBS,MI,AGL,CE,Towers with Radar,2,12,9,0,23,0,0,0,0,0,2,12,9,0,23,0,0,0,23
02/11/2018,MBS,MI,AGL,CE,Towers with Radar,3,12,2,0,17,0,0,0,0,0,3,12,2,0,17,0,0,0,17
02/12/2018,MBS,MI,AGL,CE,Towers with Radar,6,17,21,0,44,0,0,18,0,18,6,17,39,0,62,21,0,21,83
02/13/2018,MBS,MI,AGL,CE,Towers with Radar,5,25,17,1,48,0,0,19,4,23,5,25,36,5,71,0,0,0,71
02/14/2018,MBS,MI,AGL,CE,Towers with Radar,4,15,30,0,49,0,0,12,2,14,4,15,42,2,63,0,0,0,63
02/15/2018,MBS,MI,AGL,CE,Towers with Radar,2,16,25,0,43,0,0,0,0,0,2,16,25,0,43,0,0,0,43
02/16/2018,MBS,MI,AGL,CE,Towers with Radar,0,18,24,0,42,0,0,6,4,10,0,18,30,4,52,0,0,0,52
02/17/2018,MBS,MI,AGL,CE,Towers with Radar,2,10,15,0,27,0,1,9,1,11,2,11,24,1,38,16,0,16,54
02/18/2018,MBS,MI,AGL,CE,Towers with Radar,3,10,17,0,30,0,0,12,0,12,3,10,29,0,42,12,0,12,54
02/19/2018,MBS,MI,AGL,CE,Towers with Radar,1,14,16,0,31,0,1,0,0,1,1,15,16,0,32,0,0,0,32
02/20/2018,MBS,MI,AGL,CE,Towers with Radar,1,16,9,0,26,0,1,0,0,1,1,17,9,0,27,0,0,0,27
02/21/2018,MBS,MI,AGL,CE,Towers with Radar,1,17,20,0,38,0,0,1,5,6,1,17,21,5,44,0,0,0,44
02/22/2018,MBS,MI,AGL,CE,Towers with Radar,1,17,14,2,34,0,2,10,4,16,1,19,24,6,50,54,0,54,104
02/23/2018,MBS,MI,AGL,CE,Towers with Radar,1,19,20,1,41,0,1,0,0,1,1,20,20,1,42,0,0,0,42
02/24/2018,MBS,MI,AGL,CE,Towers with Radar,2,12,3,0,17,0,0,14,0,14,2,12,17,0,31,28,0,28,59
02/25/2018,MBS,MI,AGL,CE,Towers with Radar,2,13,2,0,17,0,0,0,0,0,2,13,2,0,17,0,0,0,17
02/26/2018,MBS,MI,AGL,CE,Towers with Radar,0,17,25,0,42,0,0,19,1,20,0,17,44,1,62,14,0,14,76
02/27/2018,MBS,MI,AGL,CE,Towers with Radar,1,23,19,0,43,0,1,25,2,28,1,24,44,2,71,12,0,12,83
02/28/2018,MBS,MI,AGL,CE,Towers with Radar,1,18,28,0,47,0,0,7,5,12,1,18,35,5,59,0,0,0,59
03/01/2018,MBS,MI,AGL,CE,Towers with Radar,0,20,11,0,31,0,0,0,0,0,0,20,11,0,31,0,0,0,31
03/02/2018,MBS,MI,AGL,CE,Towers with Radar,1,18,23,0,42,0,2,11,0,13,1,20,34,0,55,12,0,12,67
03/03/2018,MBS,MI,AGL,CE,Towers with Radar,1,12,9,1,23,0,0,20,2,22,1,12,29,3,45,8,0,8,53
03/04/2018,MBS,MI,AGL,CE,Towers with Radar,1,15,16,1,33,0,0,23,0,23,1,15,39,1,56,8,0,8,64
03/05/2018,MBS,MI,AGL,CE,Towers with Radar,1,16,17,2,36,0,0,9,0,9,1,16,26,2,45,0,0,0,45
03/06/2018,MBS,MI,AGL,CE,Towers with Radar,1,20,13,0,34,0,0,0,0,0,1,20,13,0,34,0,0,0,34
03/07/2018,MBS,MI,AGL,CE,Towers with Radar,2,19,17,0,38,0,0,1,0,1,2,19,18,0,39,0,0,0,39
03/08/2018,MBS,MI,AGL,CE,Towers with Radar,0,24,13,0,37,0,0,0,0,0,0,24,13,0,37,0,0,0,37
03/09/2018,MBS,MI,AGL,CE,Towers with Radar,1,23,14,0,38,0,1,7,0,8,1,24,21,0,46,0,0,0,46
03/10/2018,MBS,MI,AGL,CE,Towers with Radar,1,15,5,0,21,0,0,16,3,19,1,15,21,3,40,22,0,22,62
03/11/2018,MBS,MI,AGL,CE,Towers with Radar,1,19,15,0,35,0,0,16,0,16,1,19,31,0,51,9,0,9,60
03/12/2018,MBS,MI,AGL,CE,Towers with Radar,2,19,12,0,33,0,0,1,0,1,2,19,13,0,34,0,0,0,34
03/13/2018,MBS,MI,AGL,CE,Towers with Radar,1,19,8,0,28,0,0,5,0,5,1,19,13,0,33,22,0,22,55
03/14/2018,MBS,MI,AGL,CE,Towers with Radar,1,19,23,0,43,0,0,12,0,12,1,19,35,0,55,42,0,42,97
03/15/2018,MBS,MI,AGL,CE,Towers with Radar,1,21,14,0,36,0,0,5,0,5,1,21,19,0,41,22,0,22,63
03/16/2018,MBS,MI,AGL,CE,Towers with Radar,3,20,23,0,46,0,1,18,2,21,3,21,41,2,67,2,0,2,69
03/17/2018,MBS,MI,AGL,CE,Towers with Radar,1,14,18,0,33,0,0,29,3,32,1,14,47,3,65,6,0,6,71
03/18/2018,MBS,MI,AGL,CE,Towers with Radar,1,17,11,0,29,0,0,23,0,23,1,17,34,0,52,56,0,56,108
03/19/2018,MBS,MI,AGL,CE,Towers with Radar,1,16,31,0,48,0,0,10,0,10,1,16,41,0,58,0,0,0,58
03/20/2018,MBS,MI,AGL,CE,Towers with Radar,0,17,18,0,35,0,0,8,0,8,0,17,26,0,43,0,0,0,43
03/21/2018,MBS,MI,AGL,CE,Towers with Radar,5,18,22,0,45,0,0,6,0,6,5,18,28,0,51,2,0,2,53
03/22/2018,MBS,MI,AGL,CE,Towers with Radar,1,21,10,0,32,0,0,20,0,20,1,21,30,0,52,0,0,0,52
03/23/2018,MBS,MI,AGL,CE,Towers with Radar,0,19,22,0,41,0,1,18,2,21,0,20,40,2,62,8,0,8,70
03/24/2018,MBS,MI,AGL,CE,Towers with Radar,1,15,1,0,17,0,0,7,3,10,1,15,8,3,27,0,0,0,27
03/25/2018,MBS,MI,AGL,CE,Towers with Radar,5,14,13,0,32,0,0,17,0,17,5,14,30,0,49,0,0,0,49
03/26/2018,MBS,MI,AGL,CE,Towers with Radar,1,19,11,0,31,0,0,10,0,10,1,19,21,0,41,6,0,6,47
03/27/2018,MBS,MI,AGL,CE,Towers with Radar,1,20,15,0,36,0,0,0,0,0,1,20,15,0,36,0,0,0,36
03/28/2018,MBS,MI,AGL,CE,Towers with Radar,3,18,21,0,42,0,0,9,6,15,3,18,30,6,57,0,0,0,57
03/29/2018,MBS,MI,AGL,CE,Towers with Radar,0,21,15,4,40,0,0,3,2,5,0,21,18,6,45,0,0,0,45
03/30/2018,MBS,MI,AGL,CE,Towers with Radar,0,22,12,7,41,0,0,16,10,26,0,22,28,17,67,4,14,18,85
03/31/2018,MBS,MI,AGL,CE,Towers with Radar,1,16,5,0,22,0,0,4,0,4,1,16,9,0,26,0,0,0,26
04/01/2018,MBS,MI,AGL,CE,Towers with Radar,1,16,6,0,23,0,0,6,0,6,1,16,12,0,29,0,0,0,29
04/02/2018,MBS,MI,AGL,CE,Towers with Radar,3,15,14,0,32,0,0,14,0,14,3,15,28,0,46,0,0,0,46
04/03/2018,MBS,MI,AGL,CE,Towers with Radar,1,17,6,0,24,0,0,0,0,0,1,17,6,0,24,0,0,0,24
04/04/2018,MBS,MI,AGL,CE,Towers with Radar,2,20,18,0,40,0,0,0,0,0,2,20,18,0,40,0,0,0,40
04/05/2018,MBS,MI,AGL,CE,Towers with Radar,1,19,6,0,26,0,0,10,4,14,1,19,16,4,40,2,0,2,42
04/06/2018,MBS,MI,AGL,CE,Towers with Radar,1,23,11,0,35,0,0,0,0,0,1,23,11,0,35,0,0,0,35
04/07/2018,MBS,MI,AGL,CE,Towers with Radar,1,15,8,0,24,0,0,13,0,13,1,15,21,0,37,4,0,4,41
04/08/2018,MBS,MI,AGL,CE,Towers with Radar,0,16,18,0,34,0,0,14,0,14,0,16,32,0,48,16,0,16,64
04/09/2018,MBS,MI,AGL,CE,Towers with Radar,1,17,21,0,39,0,0,2,0,2,1,17,23,0,41,2,0,2,43
04/10/2018,MBS,MI,AGL,CE,Towers with Radar,3,22,16,0,41,0,2,15,4,21,3,24,31,4,62,27,0,27,89
04/11/2018,MBS,MI,AGL,CE,Towers with Radar,1,21,16,0,38,0,0,1,1,2,1,21,17,1,40,16,0,16,56
04/12/2018,MBS,MI,AGL,CE,Towers with Radar,1,26,20,0,47,0,0,5,2,7,1,26,25,2,54,0,0,0,54
04/13/2018,MBS,MI,AGL,CE,Towers with Radar,1,17,22,0,40,0,0,2,0,2,1,17,24,0,42,0,0,0,42
04/14/2018,MBS,MI,AGL,CE,Towers with Radar,3,7,0,0,10,0,0,0,0,0,3,7,0,0,10,0,0,0,10
04/15/2018,MBS,MI,AGL,CE,Towers with Radar,1,11,4,0,16,0,0,0,0,0,1,11,4,0,16,0,0,0,16
04/16/2018,MBS,MI,AGL,CE,Towers with Radar,0,28,20,0,48,0,0,0,0,0,0,28,20,0,48,0,0,0,48
04/17/2018,MBS,MI,AGL,CE,Towers with Radar,1,18,9,0,28,0,0,1,1,2,1,18,10,1,30,0,0,0,30
04/18/2018,MBS,MI,AGL,CE,Towers with Radar,1,23,23,0,47,0,0,9,3,12,1,23,32,3,59,8,0,8,67
04/19/2018,MBS,MI,AGL,CE,Towers with Radar,1,22,16,0,39,0,0,19,1,20,1,22,35,1,59,32,0,32,91
04/20/2018,MBS,MI,AGL,CE,Towers with Radar,1,21,23,0,45,0,0,25,3,28,1,21,48,3,73,8,0,8,81
04/21/2018,MBS,MI,AGL,CE,Towers with Radar,1,14,3,0,18,0,0,16,0,16,1,14,19,0,34,24,0,24,58
04/22/2018,MBS,MI,AGL,CE,Towers with Radar,1,17,16,0,34,0,0,30,1,31,1,17,46,1,65,14,0,14,79
04/23/2018,MBS,MI,AGL,CE,Towers with Radar,1,21,18,0,40,0,0,11,0,11,1,21,29,0,51,0,0,0,51
04/24/2018,MBS,MI,AGL,CE,Towers with Radar,1,23,34,0,58,0,0,22,4,26,1,23,56,4,84,0,0,0,84
04/25/2018,MBS,MI,AGL,CE,Towers with Radar,1,30,21,0,52,0,0,20,1,21,1,30,41,1,73,28,0,28,101
04/26/2018,MBS,MI,AGL,CE,Towers with Radar,2,20,28,1,51,0,0,18,4,22,2,20,46,5,73,14,0,14,87
04/27/2018,MBS,MI,AGL,CE,Towers with Radar,1,22,16,0,39,0,0,7,1,8,1,22,23,1,47,6,0,6,53
04/28/2018,MBS,MI,AGL,CE,Towers with Radar,1,14,3,0,18,0,0,7,4,11,1,14,10,4,29,8,0,8,37
04/29/2018,MBS,MI,AGL,CE,Towers with Radar,1,15,24,0,40,0,0,23,0,23,1,15,47,0,63,16,0,16,79
04/30/2018,MBS,MI,AGL,CE,Towers with Radar,1,19,28,0,48,0,1,24,3,28,1,20,52,3,76,0,0,0,76
05/01/2018,MBS,MI,AGL,CE,Towers with Radar,1,20,16,0,37,0,0,7,2,9,1,20,23,2,46,8,0,8,54
05/02/2018,MBS,MI,AGL,CE,Towers with Radar,0,17,20,5,42,0,2,8,5,15,0,19,28,10,57,0,6,6,63
05/03/2018,MBS,MI,AGL,CE,Towers with Radar,1,17,16,0,34,0,0,0,0,0,1,17,16,0,34,0,0,0,34
05/04/2018,MBS,MI,AGL,CE,Towers with Radar,1,22,19,0,42,0,0,0,6,6,1,22,19,6,48,0,0,0,48
05/05/2018,MBS,MI,AGL,CE,Towers with Radar,1,15,15,0,31,0,0,21,0,21,1,15,36,0,52,14,0,14,66
05/06/2018,MBS,MI,AGL,CE,Towers with Radar,1,18,14,0,33,0,0,7,0,7,1,18,21,0,40,6,0,6,46
05/07/2018,MBS,MI,AGL,CE,Towers with Radar,1,18,23,0,42,0,0,24,0,24,1,18,47,0,66,20,0,20,86
05/08/2018,MBS,MI,AGL,CE,Towers with Radar,1,29,23,0,53,0,0,27,1,28,1,29,50,1,81,12,0,12,93
05/09/2018,MBS,MI,AGL,CE,Towers with Radar,0,21,26,0,47,0,2,2,3,7,0,23,28,3,54,0,0,0,54
05/10/2018,MBS,MI,AGL,CE,Towers with Radar,0,17,18,1,36,0,0,6,2,8,0,17,24,3,44,0,0,0,44
05/11/2018,MBS,MI,AGL,CE,Towers with Radar,1,25,18,0,44,0,0,1,2,3,1,25,19,2,47,0,0,0,47
05/12/2018,MBS,MI,AGL,CE,Towers with Radar,2,14,6,0,22,0,0,4,1,5,2,14,10,1,27,12,0,12,39
05/13/2018,MBS,MI,AGL,CE,Towers with Radar,2,12,11,0,25,0,0,11,0,11,2,12,22,0,36,0,0,0,36
05/14/2018,MBS,MI,AGL,CE,Towers with Radar,1,16,29,0,46,0,0,6,1,7,1,16,35,1,53,16,0,16,69
05/15/2018,MBS,MI,AGL,CE,Towers with Radar,2,17,13,1,33,0,0,10,4,14,2,17,23,5,47,14,0,14,61
05/16/2018,MBS,MI,AGL,CE,Towers with Radar,1,22,36,0,59,0,0,17,3,20,1,22,53,3,79,18,0,18,97
05/17/2018,MBS,MI,AGL,CE,Towers with Radar,1,21,20,1,43,0,0,26,4,30,1,21,46,5,73,46,0,46,119
05/18/2018,MBS,MI,AGL,CE,Towers with Radar,2,22,27,2,53,0,28,13,1,42,2,50,40,3,95,0,0,0,95
05/19/2018,MBS,MI,AGL,CE,Towers with Radar,3,14,3,0,20,0,0,0,0,0,3,14,3,0,20,0,0,0,20
05/20/2018,MBS,MI,AGL,CE,Towers with Radar,1,15,13,0,29,0,0,4,0,4,1,15,17,0,33,16,0,16,49
05/21/2018,MBS,MI,AGL,CE,Towers with Radar,1,17,10,0,28,0,0,5,0,5,1,17,15,0,33,0,0,0,33
05/22/2018,MBS,MI,AGL,CE,Towers with Radar,3,22,18,0,43,0,0,3,0,3,3,22,21,0,46,14,0,14,60
05/23/2018,MBS,MI,AGL,CE,Towers with Radar,3,23,26,0,52,0,0,21,0,21,3,23,47,0,73,34,0,34,107
05/24/2018,MBS,MI,AGL,CE,Towers with Radar,1,19,19,0,39,0,0,28,2,30,1,19,47,2,69,44,0,44,113
05/25/2018,MBS,MI,AGL,CE,Towers with Radar,1,20,18,0,39,0,0,17,1,18,1,20,35,1,57,12,0,12,69
05/26/2018,MBS,MI,AGL,CE,Towers with Radar,1,16,3,0,20,0,0,6,1,7,1,16,9,1,27,16,0,16,43
05/27/2018,MBS,MI,AGL,CE,Towers with Radar,0,10,6,0,16,0,0,19,2,21,0,10,25,2,37,4,0,4,41
05/28/2018,MBS,MI,AGL,CE,Towers with Radar,1,15,10,0,26,0,2,14,0,16,1,17,24,0,42,5,0,5,47
05/29/2018,MBS,MI,AGL,CE,Towers with Radar,1,16,13,2,32,0,0,20,0,20,1,16,33,2,52,4,2,6,58
05/30/2018,MBS,MI,AGL,CE,Towers with Radar,0,21,13,6,40,0,0,8,4,12,0,21,21,10,52,2,0,2,54
05/31/2018,MBS,MI,AGL,CE,Towers with Radar,3,20,23,0,46,0,0,13,4,17,3,20,36,4,63,22,0,22,85
06/01/2018,MBS,MI,AGL,CE,Towers with Radar,2,15,14,0,31,0,0,8,2,10,2,15,22,2,41,4,0,4,45
06/02/2018,MBS,MI,AGL,CE,Towers with Radar,1,16,15,0,32,0,0,11,1,12,1,16,26,1,44,8,0,8,52
06/03/2018,MBS,MI,AGL,CE,Towers with Radar,0,15,17,0,32,0,0,8,0,8,0,15,25,0,40,2,0,2,42
06/04/2018,MBS,MI,AGL,CE,Towers with Radar,1,17,21,0,39,0,0,5,2,7,1,17,26,2,46,22,0,22,68
06/05/2018,MBS,MI,AGL,CE,Towers with Radar,2,21,20,0,43,0,0,18,0,18,2,21,38,0,61,44,0,44,105
06/06/2018,MBS,MI,AGL,CE,Towers with Radar,1,25,31,0,57,0,0,24,3,27,1,25,55,3,84,20,0,20,104
06/07/2018,MBS,MI,AGL,CE,Towers with Radar,1,20,29,0,50,0,0,29,3,32,1,20,58,3,82,18,0,18,100
06/08/2018,MBS,MI,AGL,CE,Towers with Radar,2,19,28,0,49,0,0,17,1,18,2,19,45,1,67,12,0,12,79
06/09/2018,MBS,MI,AGL,CE,Towers with Radar,4,10,6,0,20,0,0,4,3,7,4,10,10,3,27,10,0,10,37
06/10/2018,MBS,MI,AGL,CE,Towers with Radar,6,12,14,0,32,0,0,3,0,3,6,12,17,0,35,0,0,0,35
06/11/2018,MBS,MI,AGL,CE,Towers with Radar,3,15,24,0,42,0,0,13,3,16,3,15,37,3,58,18,0,18,76
06/12/2018,MBS,MI,AGL,CE,Towers with Radar,3,17,7,0,27,0,0,11,1,12,3,17,18,1,39,24,0,24,63
06/13/2018,MBS,MI,AGL,CE,Towers with Radar,3,16,29,0,48,0,2,4,2,8,3,18,33,2,56,12,0,12,68
06/14/2018,MBS,MI,AGL,CE,Towers with Radar,3,20,19,0,42,0,0,26,1,27,3,20,45,1,69,26,0,26,95
06/15/2018,MBS,MI,AGL,CE,Towers with Radar,3,22,22,0,47,0,1,10,3,14,3,23,32,3,61,14,0,14,75
06/16/2018,MBS,MI,AGL,CE,Towers with Radar,4,12,11,0,27,0,0,11,0,11,4,12,22,0,38,2,0,2,40
06/17/2018,MBS,MI,AGL,CE,Towers with Radar,4,10,9,0,23,0,0,8,1,9,4,10,17,1,32,14,0,14,46
06/18/2018,MBS,MI,AGL,CE,Towers with Radar,3,13,14,0,30,0,2,6,0,8,3,15,20,0,38,0,0,0,38
06/19/2018,MBS,MI,AGL,CE,Towers with Radar,3,18,13,0,34,0,1,11,1,13,3,19,24,1,47,6,0,6,53
06/20/2018,MBS,MI,AGL,CE,Towers with Radar,3,15,26,0,44,0,0,14,1,15,3,15,40,1,59,0,0,0,59
06/21/2018,MBS,MI,AGL,CE,Towers with Radar,3,19,8,0,30,0,0,21,4,25,3,19,29,4,55,16,0,16,71
06/22/2018,MBS,MI,AGL,CE,Towers with Radar,3,18,23,0,44,0,0,6,0,6,3,18,29,0,50,0,0,0,50
06/23/2018,MBS,MI,AGL,CE,Towers with Radar,4,13,7,0,24,0,0,1,0,1,4,13,8,0,25,0,0,0,25
06/24/2018,MBS,MI,AGL,CE,Towers with Radar,4,13,7,0,24,0,0,3,0,3,4,13,10,0,27,0,0,0,27
06/25/2018,MBS,MI,AGL,CE,Towers with Radar,3,18,14,1,36,0,0,25,0,25,3,18,39,1,61,16,0,16,77
06/26/2018,MBS,MI,AGL,CE,Towers with Radar,3,20,19,0,42,0,0,10,0,10,3,20,29,0,52,6,0,6,58
06/27/2018,MBS,MI,AGL,CE,Towers with Radar,3,19,22,0,44,0,0,0,4,4,3,19,22,4,48,0,0,0,48
06/28/2018,MBS,MI,AGL,CE,Towers with Radar,3,16,22,1,42,0,1,20,1,22,3,17,42,2,64,12,0,12,76
06/29/2018,MBS,MI,AGL,CE,Towers with Radar,3,17,17,0,37,0,0,13,4,17,3,17,30,4,54,12,0,12,66
06/30/2018,MBS,MI,AGL,CE,Towers with Radar,2,14,3,0,19,0,1,4,2,7,2,15,7,2,26,4,0,4,30
07/01/2018,MBS,MI,AGL,CE,Towers with Radar,2,10,4,0,16,0,0,5,0,5,2,10,9,0,21,10,0,10,31
07/02/2018,MBS,MI,AGL,CE,Towers with Radar,4,8,12,0,24,0,0,10,0,10,4,8,22,0,34,0,0,0,34
07/03/2018,MBS,MI,AGL,CE,Towers with Radar,4,8,20,1,33,0,1,17,4,22,4,9,37,5,55,6,0,6,61
07/04/2018,MBS,MI,AGL,CE,Towers with Radar,4,9,0,0,13,0,0,4,0,4,4,9,4,0,17,14,0,14,31
07/05/2018,MBS,MI,AGL,CE,Towers with Radar,6,9,4,0,19,0,0,8,2,10,6,9,12,2,29,2,0,2,31
07/06/2018,MBS,MI,AGL,CE,Towers with Radar,4,12,19,0,35,0,0,12,5,17,4,12,31,5,52,2,0,2,54
07/07/2018,MBS,MI,AGL,CE,Towers with Radar,2,13,4,0,19,4,0,6,1,11,6,13,10,1,30,0,0,0,30
07/08/2018,MBS,MI,AGL,CE,Towers with Radar,5,10,7,0,22,0,0,23,0,23,5,10,30,0,45,6,0,6,51
07/09/2018,MBS,MI,AGL,CE,Towers with Radar,2,14,16,0,32,0,0,11,0,11,2,14,27,0,43,4,0,4,47
07/10/2018,MBS,MI,AGL,CE,Towers with Radar,3,16,26,0,45,0,0,16,0,16,3,16,42,0,61,18,0,18,79
07/11/2018,MBS,MI,AGL,CE,Towers with Radar,3,17,23,0,43,0,0,11,3,14,3,17,34,3,57,4,0,4,61
07/12/2018,MBS,MI,AGL,CE,Towers with Radar,3,16,19,1,39,0,2,16,2,20,3,18,35,3,59,0,0,0,59
07/13/2018,MBS,MI,AGL,CE,Towers with Radar,3,17,12,0,32,0,0,6,2,8,3,17,18,2,40,2,0,2,42
07/14/2018,MBS,MI,AGL,CE,Towers with Radar,8,12,5,0,25,0,0,5,0,5,8,12,10,0,30,0,0,0,30
07/15/2018,MBS,MI,AGL,CE,Towers with Radar,3,11,5,0,19,0,0,8,0,8,3,11,13,0,27,0,0,0,27
07/16/2018,MBS,MI,AGL,CE,Towers with Radar,3,14,23,0,40,0,0,5,0,5,3,14,28,0,45,16,0,16,61
07/17/2018,MBS,MI,AGL,CE,Towers with Radar,2,19,26,0,47,0,0,29,1,30,2,19,55,1,77,0,0,0,77
07/18/2018,MBS,MI,AGL,CE,Towers with Radar,6,21,12,0,39,0,0,9,3,12,6,21,21,3,51,10,0,10,61
07/19/2018,MBS,MI,AGL,CE,Towers with Radar,3,17,25,0,45,0,2,20,3,25,3,19,45,3,70,13,0,13,83
07/20/2018,MBS,MI,AGL,CE,Towers with Radar,3,20,11,0,34,0,0,8,5,13,3,20,19,5,47,2,0,2,49
07/21/2018,MBS,MI,AGL,CE,Towers with Radar,6,11,5,0,22,0,2,7,2,11,6,13,12,2,33,0,0,0,33
07/22/2018,MBS,MI,AGL,CE,Towers with Radar,4,11,24,0,39,0,0,1,0,1,4,11,25,0,40,0,0,0,40
07/23/2018,MBS,MI,AGL,CE,Towers with Radar,4,17,24,0,45,0,0,11,4,15,4,17,35,4,60,0,0,0,60
07/24/2018,MBS,MI,AGL,CE,Towers with Radar,3,18,16,0,37,0,0,6,1,7,3,18,22,1,44,0,0,0,44
07/25/2018,MBS,MI,AGL,CE,Towers with Radar,3,17,30,4,54,0,0,23,3,26,3,17,53,7,80,24,0,24,104
07/26/2018,MBS,MI,AGL,CE,Towers with Radar,10,23,24,0,57,0,1,15,0,16,10,24,39,0,73,18,0,18,91
07/27/2018,MBS,MI,AGL,CE,Towers with Radar,3,19,15,1,38,0,1,20,2,23,3,20,35,3,61,30,0,30,91
07/28/2018,MBS,MI,AGL,CE,Towers with Radar,6,12,13,1,32,0,0,15,0,15,6,12,28,1,47,0,0,0,47
07/29/2018,MBS,MI,AGL,CE,Towers with Radar,4,15,24,0,43,0,0,28,0,28,4,15,52,0,71,2,0,2,73
07/30/2018,MBS,MI,AGL,CE,Towers with Radar,3,17,17,0,37,0,0,17,0,17,3,17,34,0,54,0,0,0,54
07/31/2018,MBS,MI,AGL,CE,Towers with Radar,3,16,23,0,42,0,0,15,4,19,3,16,38,4,61,16,0,16,77
08/01/2018,MBS,MI,AGL,CE,Towers with Radar,3,17,20,0,40,0,0,16,3,19,3,17,36,3,59,0,0,0,59
08/02/2018,MBS,MI,AGL,CE,Towers with Radar,4,14,16,0,34,0,0,11,1,12,4,14,27,1,46,4,0,4,50
08/03/2018,MBS,MI,AGL,CE,Towers with Radar,3,14,21,0,38,0,0,7,3,10,3,14,28,3,48,26,0,26,74
08/04/2018,MBS,MI,AGL,CE,Towers with Radar,6,11,7,0,24,0,1,26,4,31,6,12,33,4,55,26,0,26,81
08/05/2018,MBS,MI,AGL,CE,Towers with Radar,4,10,9,0,23,0,1,20,0,21,4,11,29,0,44,18,0,18,62
08/06/2018,MBS,MI,AGL,CE,Towers with Radar,4,17,17,0,38,0,0,8,5,13,4,17,25,5,51,0,0,0,51
08/07/2018,MBS,MI,AGL,CE,Towers with Radar,2,16,21,0,39,0,0,4,1,5,2,16,25,1,44,0,0,0,44
08/08/2018,MBS,MI,AGL,CE,Towers with Radar,4,16,25,1,46,0,1,7,3,11,4,17,32,4,57,0,0,0,57
08/09/2018,MBS,MI,AGL,CE,Towers with Radar,3,15,14,0,32,0,0,10,1,11,3,15,24,1,43,0,0,0,43
08/10/2018,MBS,MI,AGL,CE,Towers with Radar,2,15,29,0,46,0,0,29,4,33,2,15,58,4,79,14,0,14,93
08/11/2018,MBS,MI,AGL,CE,Towers with Radar,7,9,11,0,27,0,0,21,0,21,7,9,32,0,48,8,0,8,56
08/12/2018,MBS,MI,AGL,CE,Towers with Radar,4,10,11,0,25,0,0,15,0,15,4,10,26,0,40,0,0,0,40
08/13/2018,MBS,MI,AGL,CE,Towers with Radar,5,15,19,2,41,0,0,19,0,19,5,15,38,2,60,6,0,6,66
08/14/2018,MBS,MI,AGL,CE,Towers with Radar,5,21,26,0,52,0,3,22,1,26,5,24,48,1,78,16,0,16,94
08/15/2018,MBS,MI,AGL,CE,Towers with Radar,5,13,22,0,40,0,0,18,3,21,5,13,40,3,61,12,0,12,73
08/16/2018,MBS,MI,AGL,CE,Towers with Radar,5,17,22,4,48,0,0,2,1,3,5,17,24,5,51,0,0,0,51
08/17/2018,MBS,MI,AGL,CE,Towers with Radar,6,18,32,0,56,0,0,0,1,1,6,18,32,1,57,0,0,0,57
08/18/2018,MBS,MI,AGL,CE,Towers with Radar,6,12,17,0,35,0,1,7,0,8,6,13,24,0,43,23,0,23,66
08/19/2018,MBS,MI,AGL,CE,Towers with Radar,6,15,10,0,31,0,1,8,0,9,6,16,18,0,40,10,0,10,50
08/20/2018,MBS,MI,AGL,CE,Towers with Radar,5,9,19,0,33,0,0,15,2,17,5,9,34,2,50,0,0,0,50
08/21/2018,MBS,MI,AGL,CE,Towers with Radar,4,13,11,0,28,0,2,0,2,4,4,15,11,2,32,0,0,0,32
08/22/2018,MBS,MI,AGL,CE,Towers with Radar,5,15,34,0,54,0,0,9,4,13,5,15,43,4,67,8,0,8,75
08/23/2018,MBS,MI,AGL,CE,Towers with Radar,5,19,15,0,39,0,0,30,1,31,5,19,45,1,70,14,0,14,84
08/24/2018,MBS,MI,AGL,CE,Towers with Radar,5,13,15,0,33,0,0,7,2,9,5,13,22,2,42,4,0,4,46
08/25/2018,MBS,MI,AGL,CE,Towers with Radar,6,9,14,0,29,0,0,1,2,3,6,9,15,2,32,4,0,4,36
08/26/2018,MBS,MI,AGL,CE,Towers with Radar,6,9,17,0,32,0,0,5,0,5,6,9,22,0,37,0,0,0,37
08/27/2018,MBS,MI,AGL,CE,Towers with Radar,7,11,17,0,35,0,0,1,4,5,7,11,18,4,40,0,0,0,40
08/28/2018,MBS,MI,AGL,CE,Towers with Radar,5,18,20,0,43,0,0,9,4,13,5,18,29,4,56,8,0,8,64
08/29/2018,MBS,MI,AGL,CE,Towers with Radar,5,24,15,8,52,0,1,4,3,8,5,25,19,11,60,4,0,4,64
08/30/2018,MBS,MI,AGL,CE,Towers with Radar,8,20,22,4,54,0,1,9,3,13,8,21,31,7,67,0,6,6,73
08/31/2018,MBS,MI,AGL,CE,Towers with Radar,8,14,26,0,48,0,0,24,0,24,8,14,50,0,72,8,0,8,80
09/01/2018,MBS,MI,AGL,CE,Towers with Radar,4,13,9,0,26,0,0,13,0,13,4,13,22,0,39,14,0,14,53
09/02/2018,MBS,MI,AGL,CE,Towers with Radar,2,11,5,0,18,0,0,1,1,2,2,11,6,1,20,0,0,0,20
09/03/2018,MBS,MI,AGL,CE,Towers with Radar,2,14,15,0,31,0,0,4,1,5,2,14,19,1,36,8,0,8,44
09/04/2018,MBS,MI,AGL,CE,Towers with Radar,2,17,18,0,37,0,0,13,4,17,2,17,31,4,54,4,0,4,58
09/05/2018,MBS,MI,AGL,CE,Towers with Radar,2,16,26,0,44,0,0,4,4,8,2,16,30,4,52,0,0,0,52
09/06/2018,MBS,MI,AGL,CE,Towers with Radar,2,23,29,0,54,0,1,10,3,14,2,24,39,3,68,8,0,8,76
09/07/2018,MBS,MI,AGL,CE,Towers with Radar,2,19,31,8,60,0,0,14,5,19,2,19,45,13,79,8,0,8,87
09/08/2018,MBS,MI,AGL,CE,Towers with Radar,1,15,7,0,23,0,0,12,1,13,1,15,19,1,36,0,0,0,36
09/09/2018,MBS,MI,AGL,CE,Towers with Radar,4,11,12,0,27,0,1,6,0,7,4,12,18,0,34,6,0,6,40
09/10/2018,MBS,MI,AGL,CE,Towers with Radar,3,14,30,0,47,0,0,2,0,2,3,14,32,0,49,4,0,4,53
09/11/2018,MBS,MI,AGL,CE,Towers with Radar,3,14,20,0,37,0,0,5,1,6,3,14,25,1,43,4,0,4,47
09/12/2018,MBS,MI,AGL,CE,Towers with Radar,5,17,20,0,42,0,0,19,2,21,5,17,39,2,63,26,0,26,89
09/13/2018,MBS,MI,AGL,CE,Towers with Radar,3,18,29,0,50,0,0,17,2,19,3,18,46,2,69,18,0,18,87
09/14/2018,MBS,MI,AGL,CE,Towers with Radar,4,15,17,0,36,0,0,10,3,13,4,15,27,3,49,10,0,10,59
09/15/2018,MBS,MI,AGL,CE,Towers with Radar,4,15,10,0,29,0,0,3,1,4,4,15,13,1,33,0,0,0,33
09/16/2018,MBS,MI,AGL,CE,Towers with Radar,3,11,24,0,38,0,0,15,0,15,3,11,39,0,53,0,0,0,53
09/17/2018,MBS,MI,AGL,CE,Towers with Radar,10,15,31,0,56,9,0,13,1,23,19,15,44,1,79,12,0,12,91
09/18/2018,MBS,MI,AGL,CE,Towers with Radar,1,22,26,0,49,0,0,15,3,18,1,22,41,3,67,30,0,30,97
09/19/2018,MBS,MI,AGL,CE,Towers with Radar,1,25,27,0,53,0,5,18,1,24,1,30,45,1,77,0,0,0,77
09/20/2018,MBS,MI,AGL,CE,Towers with Radar,0,19,29,0,48,0,0,5,4,9,0,19,34,4,57,2,0,2,59
09/21/2018,MBS,MI,AGL,CE,Towers with Radar,1,18,28,0,47,0,0,4,1,5,1,18,32,1,52,6,0,6,58
09/22/2018,MBS,MI,AGL,CE,Towers with Radar,2,13,8,0,23,0,0,25,2,27,2,13,33,2,50,0,0,0,50
09/23/2018,MBS,MI,AGL,CE,Towers with Radar,2,17,8,0,27,0,0,14,0,14,2,17,22,0,41,18,0,18,59
09/24/2018,MBS,MI,AGL,CE,Towers with Radar,1,18,37,12,68,0,0,2,4,6,1,18,39,16,74,2,0,2,76
09/25/2018,MBS,MI,AGL,CE,Towers with Radar,1,18,18,0,37,0,0,0,0,0,1,18,18,0,37,0,0,0,37
09/26/2018,MBS,MI,AGL,CE,Towers with Radar,1,18,22,7,48,0,0,2,3,5,1,18,24,10,53,6,20,26,79
09/27/2018,MBS,MI,AGL,CE,Towers with Radar,1,22,16,0,39,0,0,25,3,28,1,22,41,3,67,12,0,12,79
09/28/2018,MBS,MI,AGL,CE,Towers with Radar,2,21,25,0,48,0,0,15,2,17,2,21,40,2,65,14,0,14,79
09/29/2018,MBS,MI,AGL,CE,Towers with Radar,2,12,14,0,28,0,0,21,5,26,2,12,35,5,54,22,0,22,76
09/30/2018,MBS,MI,AGL,CE,Towers with Radar,4,11,16,0,31,0,0,0,0,0,4,11,16,0,31,0,0,0,31
10/01/2018,MBS,MI,AGL,CE,Towers with Radar,5,16,21,0,42,0,0,0,0,0,5,16,21,0,42,0,0,0,42
10/02/2018,MBS,MI,AGL,CE,Towers with Radar,7,11,9,2,29,0,0,0,0,0,7,11,9,2,29,0,0,0,29
10/03/2018,MBS,MI,AGL,CE,Towers with Radar,5,18,27,3,53,0,0,11,4,15,5,18,38,7,68,10,4,14,82
10/04/2018,MBS,MI,AGL,CE,Towers with Radar,5,16,21,1,43,0,2,15,3,20,5,18,36,4,63,20,0,20,83
10/05/2018,MBS,MI,AGL,CE,Towers with Radar,5,13,29,0,47,0,0,4,2,6,5,13,33,2,53,0,0,0,53
10/06/2018,MBS,MI,AGL,CE,Towers with Radar,4,13,7,0,24,0,0,1,0,1,4,13,8,0,25,0,0,0,25
10/07/2018,MBS,MI,AGL,CE,Towers with Radar,6,8,9,0,23,0,0,0,0,0,6,8,9,0,23,0,0,0,23
10/08/2018,MBS,MI,AGL,CE,Towers with Radar,6,17,14,0,37,0,0,4,0,4,6,17,18,0,41,0,0,0,41
10/09/2018,MBS,MI,AGL,CE,Towers with Radar,7,21,32,0,60,0,0,14,2,16,7,21,46,2,76,28,0,28,104
10/10/2018,MBS,MI,AGL,CE,Towers with Radar,5,16,31,0,52,0,0,0,4,4,5,16,31,4,56,0,0,0,56
10/11/2018,MBS,MI,AGL,CE,Towers with Radar,4,20,26,0,50,0,0,2,3,5,4,20,28,3,55,4,0,4,59
10/12/2018,MBS,MI,AGL,CE,Towers with Radar,5,17,23,0,45,0,1,11,1,13,5,18,34,1,58,28,0,28,86
10/13/2018,MBS,MI,AGL,CE,Towers with Radar,6,13,23,0,42,0,0,27,2,29,6,13,50,2,71,28,0,28,99
10/14/2018,MBS,MI,AGL,CE,Towers with Radar,6,8,16,0,30,0,2,18,0,20,6,10,34,0,50,11,0,11,61
10/15/2018,MBS,MI,AGL,CE,Towers with Radar,11,11,16,0,38,0,2,2,0,4,11,13,18,0,42,0,0,0,42
10/16/2018,MBS,MI,AGL,CE,Towers with Radar,5,11,14,0,30,0,0,13,3,16,5,11,27,3,46,10,0,10,56
10/17/2018,MBS,MI,AGL,CE,Towers with Radar,4,14,21,1,40,0,0,2,4,6,4,14,23,5,46,0,0,0,46
10/18/2018,MBS,MI,AGL,CE,Towers with Radar,5,18,22,0,45,0,0,18,4,22,5,18,40,4,67,0,0,0,67
10/19/2018,MBS,MI,AGL,CE,Towers with Radar,5,20,15,0,40,0,0,5,1,6,5,20,20,1,46,2,0,2,48
10/20/2018,MBS,MI,AGL,CE,Towers with Radar,4,9,12,0,25,0,0,4,0,4,4,9,16,0,29,16,0,16,45
10/21/2018,MBS,MI,AGL,CE,Towers with Radar,6,9,12,0,27,0,0,18,0,18,6,9,30,0,45,6,0,6,51
10/22/2018,MBS,MI,AGL,CE,Towers with Radar,6,16,21,0,43,0,0,7,0,7,6,16,28,0,50,6,0,6,56
10/23/2018,MBS,MI,AGL,CE,Towers with Radar,5,14,17,0,36,0,3,16,5,24,5,17,33,5,60,10,0,10,70
10/24/2018,MBS,MI,AGL,CE,Towers with Radar,5,17,24,0,46,0,6,15,1,22,5,23,39,1,68,14,0,14,82
10/25/2018,MBS,MI,AGL,CE,Towers with Radar,5,14,31,0,50,0,6,22,4,32,5,20,53,4,82,15,0,15,97
10/26/2018,MBS,MI,AGL,CE,Towers with Radar,5,15,27,0,47,0,0,13,0,13,5,15,40,0,60,18,0,18,78
10/27/2018,MBS,MI,AGL,CE,Towers with Radar,4,9,8,0,21,0,0,0,0,0,4,9,8,0,21,0,0,0,21
10/28/2018,MBS,MI,AGL,CE,Towers with Radar,8,7,10,0,25,0,0,1,0,1,8,7,11,0,26,0,0,0,26
10/29/2018,MBS,MI,AGL,CE,Towers with Radar,6,17,16,0,39,0,2,10,0,12,6,19,26,0,51,14,0,14,65
10/30/2018,MBS,MI,AGL,CE,Towers with Radar,7,12,16,5,40,0,4,10,3,17,7,16,26,8,57,8,8,16,73
10/31/2018,MBS,MI,AGL,CE,Towers with Radar,6,12,11,1,30,0,0,4,3,7,6,12,15,4,37,14,0,14,51
11/01/2018,MBS,MI,AGL,CE,Towers with Radar,4,16,19,0,39,0,3,10,9,22,4,19,29,9,61,0,0,0,61
11/02/2018,MBS,MI,AGL,CE,Towers with Radar,5,14,19,0,38,0,0,4,1,5,5,14,23,1,43,2,0,2,45
11/03/2018,MBS,MI,AGL,CE,Towers with Radar,3,11,12,0,26,0,0,14,0,14,3,11,26,0,40,0,0,0,40
11/04/2018,MBS,MI,AGL,CE,Towers with Radar,6,9,10,0,25,0,0,2,0,2,6,9,12,0,27,0,0,0,27
11/05/2018,MBS,MI,AGL,CE,Towers with Radar,4,13,21,0,38,0,0,12,0,12,4,13,33,0,50,30,0,30,80
11/06/2018,MBS,MI,AGL,CE,Towers with Radar,4,18,27,1,50,0,0,0,1,1,4,18,27,2,51,0,0,0,51
11/07/2018,MBS,MI,AGL,CE,Towers with Radar,4,22,19,1,46,0,0,0,4,4,4,22,19,5,50,0,0,0,50
11/08/2018,MBS,MI,AGL,CE,Towers with Radar,4,15,14,0,33,0,1,16,1,18,4,16,30,1,51,8,0,8,59
11/09/2018,MBS,MI,AGL,CE,Towers with Radar,4,15,20,0,39,0,0,0,0,0,4,15,20,0,39,0,0,0,39
11/10/2018,MBS,MI,AGL,CE,Towers with Radar,6,10,6,0,22,0,0,3,2,5,6,10,9,2,27,0,0,0,27
11/11/2018,MBS,MI,AGL,CE,Towers with Radar,5,11,10,0,26,0,0,7,0,7,5,11,17,0,33,0,0,0,33
11/12/2018,MBS,MI,AGL,CE,Towers with Radar,2,13,17,0,32,0,0,9,2,11,2,13,26,2,43,0,0,0,43
11/13/2018,MBS,MI,AGL,CE,Towers with Radar,5,19,8,2,34,0,1,7,5,13,5,20,15,7,47,24,0,24,71
11/14/2018,MBS,MI,AGL,CE,Towers with Radar,5,13,23,1,42,0,0,16,6,22,5,13,39,7,64,56,0,56,120
11/15/2018,MBS,MI,AGL,CE,Towers with Radar,9,13,8,4,34,1,2,5,0,8,10,15,13,4,42,0,0,0,42
11/16/2018,MBS,MI,AGL,CE,Towers with Radar,6,15,16,3,40,0,0,0,3,3,6,15,16,6,43,0,0,0,43
11/17/2018,MBS,MI,AGL,CE,Towers with Radar,6,7,4,0,17,0,0,1,1,2,6,7,5,1,19,0,0,0,19
11/18/2018,MBS,MI,AGL,CE,Towers with Radar,7,7,23,0,37,0,0,15,0,15,7,7,38,0,52,14,0,14,66
11/19/2018,MBS,MI,AGL,CE,Towers with Radar,4,15,34,5,58,0,0,11,0,11,4,15,45,5,69,14,0,14,83
11/20/2018,MBS,MI,AGL,CE,Towers with Radar,4,17,12,0,33,0,1,10,1,12,4,18,22,1,45,8,0,8,53
11/21/2018,MBS,MI,AGL,CE,Towers with Radar,4,14,14,0,32,0,0,15,3,18,4,14,29,3,50,64,0,64,114
11/22/2018,MBS,MI,AGL,CE,Towers with Radar,5,5,5,0,15,0,0,7,0,7,5,5,12,0,22,0,0,0,22
11/23/2018,MBS,MI,AGL,CE,Towers with Radar,4,11,3,0,18,0,0,12,0,12,4,11,15,0,30,0,0,0,30
11/24/2018,MBS,MI,AGL,CE,Towers with Radar,4,13,8,0,25,0,0,0,0,0,4,13,8,0,25,0,0,0,25
11/25/2018,MBS,MI,AGL,CE,Towers with Radar,5,14,15,0,34,0,0,2,0,2,5,14,17,0,36,0,0,0,36
11/26/2018,MBS,MI,AGL,CE,Towers with Radar,3,8,9,0,20,0,0,1,0,1,3,8,10,0,21,0,0,0,21
11/27/2018,MBS,MI,AGL,CE,Towers with Radar,11,19,15,0,45,0,0,3,5,8,11,19,18,5,53,0,0,0,53
11/28/2018,MBS,MI,AGL,CE,Towers with Radar,0,17,20,0,37,0,0,0,2,2,0,17,20,2,39,0,0,0,39
11/29/2018,MBS,MI,AGL,CE,Towers with Radar,0,23,11,0,34,0,0,1,0,1,0,23,12,0,35,0,0,0,35
11/30/2018,MBS,MI,AGL,CE,Towers with Radar,1,17,14,0,32,0,0,4,4,8,1,17,18,4,40,12,0,12,52
12/01/2018,MBS,MI,AGL,CE,Towers with Radar,4,7,4,0,15,0,0,0,0,0,4,7,4,0,15,0,0,0,15
12/02/2018,MBS,MI,AGL,CE,Towers with Radar,1,10,10,0,21,0,0,0,0,0,1,10,10,0,21,0,0,0,21
12/03/2018,MBS,MI,AGL,CE,Towers with Radar,0,17,16,2,35,0,0,0,1,1,0,17,16,3,36,2,2,4,40
12/04/2018,MBS,MI,AGL,CE,Towers with Radar,1,16,24,0,41,0,1,21,2,24,1,17,45,2,65,0,0,0,65
12/05/2018,MBS,MI,AGL,CE,Towers with Radar,0,17,18,0,35,0,0,3,3,6,0,17,21,3,41,0,0,0,41
12/06/2018,MBS,MI,AGL,CE,Towers with Radar,2,22,26,0,50,0,0,1,1,2,2,22,27,1,52,0,0,0,52
12/07/2018,MBS,MI,AGL,CE,Towers with Radar,0,20,17,0,37,0,1,2,6,9,0,21,19,6,46,0,0,0,46
12/08/2018,MBS,MI,AGL,CE,Towers with Radar,4,9,19,0,32,0,0,48,0,48,4,9,67,0,80,28,0,28,108
12/09/2018,MBS,MI,AGL,CE,Towers with Radar,2,12,21,0,35,0,0,6,0,6,2,12,27,0,41,24,0,24,65
12/10/2018,MBS,MI,AGL,CE,Towers with Radar,0,21,22,0,43,0,0,4,1,5,0,21,26,1,48,0,0,0,48
12/11/2018,MBS,MI,AGL,CE,Towers with Radar,1,16,15,0,32,0,0,5,3,8,1,16,20,3,40,6,0,6,46
12/12/2018,MBS,MI,AGL,CE,Towers with Radar,0,19,17,7,43,0,0,3,2,5,0,19,20,9,48,0,8,8,56
12/13/2018,MBS,MI,AGL,CE,Towers with Radar,1,20,22,0,43,0,0,5,4,9,1,20,27,4,52,0,0,0,52
12/14/2018,MBS,MI,AGL,CE,Towers with Radar,1,10,18,0,29,0,0,0,0,0,1,10,18,0,29,0,0,0,29
12/15/2018,MBS,MI,AGL,CE,Towers with Radar,4,10,7,0,21,0,0,0,0,0,4,10,7,0,21,0,0,0,21
12/16/2018,MBS,MI,AGL,CE,Towers with Radar,2,11,7,0,20,0,0,0,0,0,2,11,7,0,20,0,0,0,20
12/17/2018,MBS,MI,AGL,CE,Towers with Radar,1,17,17,0,35,0,1,10,0,11,1,18,27,0,46,0,0,0,46
12/18/2018,MBS,MI,AGL,CE,Towers with Radar,0,23,28,1,52,0,0,10,7,17,0,23,38,8,69,18,2,20,89
12/19/2018,MBS,MI,AGL,CE,Towers with Radar,1,18,17,0,36,0,0,22,4,26,1,18,39,4,62,30,0,30,92
12/20/2018,MBS,MI,AGL,CE,Towers with Radar,6,20,29,4,59,0,0,0,2,2,6,20,29,6,61,0,0,0,61
12/21/2018,MBS,MI,AGL,CE,Towers with Radar,0,15,22,0,37,0,0,0,2,2,0,15,22,2,39,0,0,0,39
12/22/2018,MBS,MI,AGL,CE,Towers with Radar,0,14,15,0,29,0,4,3,2,9,0,18,18,2,38,0,0,0,38
12/23/2018,MBS,MI,AGL,CE,Towers with Radar,0,21,3,0,24,0,0,0,0,0,0,21,3,0,24,0,0,0,24
12/24/2018,MBS,MI,AGL,CE,Towers with Radar,0,15,11,0,26,0,0,3,1,4,0,15,14,1,30,12,0,12,42
12/25/2018,MBS,MI,AGL,CE,Towers with Radar,0,12,0,0,12,0,0,2,0,2,0,12,2,0,14,0,0,0,14
12/26/2018,MBS,MI,AGL,CE,Towers with Radar,0,20,1,0,21,0,0,0,2,2,0,20,1,2,23,0,0,0,23
12/27/2018,MBS,MI,AGL,CE,Towers with Radar,0,14,3,0,17,0,0,0,0,0,0,14,3,0,17,0,0,0,17
12/28/2018,MBS,MI,AGL,CE,Towers with Radar,0,13,8,0,21,0,0,2,3,5,0,13,10,3,26,0,0,0,26
12/29/2018,MBS,MI,AGL,CE,Towers with Radar,0,15,8,0,23,0,0,2,1,3,0,15,10,1,26,18,0,18,44
12/30/2018,MBS,MI,AGL,CE,Towers with Radar,0,15,4,0,19,0,0,4,0,4,0,15,8,0,23,0,0,0,23
12/31/2018,MBS,MI,AGL,CE,Towers with Radar,0,17,6,0,23,0,0,3,0,3,0,17,9,0,26,0,0,0,26
01/01/2019,MBS,MI,AGL,CE,Towers with Radar,0,14,1,0,15,0,0,1,0,1,0,14,2,0,16,0,0,0,16
01/02/2019,MBS,MI,AGL,CE,Towers with Radar,0,18,18,0,36,0,0,2,0,2,0,18,20,0,38,0,0,0,38
01/03/2019,MBS,MI,AGL,CE,Towers with Radar,0,20,10,0,30,0,2,11,0,13,0,22,21,0,43,0,0,0,43
01/04/2019,MBS,MI,AGL,CE,Towers with Radar,0,17,15,0,32,0,0,22,4,26,0,17,37,4,58,0,0,0,58
01/05/2019,MBS,MI,AGL,CE,Towers with Radar,4,16,10,2,32,0,0,11,2,13,4,16,21,4,45,0,0,0,45
01/06/2019,MBS,MI,AGL,CE,Towers with Radar,5,10,14,0,29,0,0,15,0,15,5,10,29,0,44,24,0,24,68
01/07/2019,MBS,MI,AGL,CE,Towers with Radar,3,13,11,0,27,0,0,0,0,0,3,13,11,0,27,0,0,0,27
01/08/2019,MBS,MI,AGL,CE,Towers with Radar,3,15,8,0,26,0,0,0,2,2,3,15,8,2,28,0,0,0,28
01/09/2019,MBS,MI,AGL,CE,Towers with Radar,3,17,22,0,42,0,0,3,1,4,3,17,25,1,46,0,0,0,46
01/10/2019,MBS,MI,AGL,CE,Towers with Radar,3,16,21,0,40,0,2,15,3,20,3,18,36,3,60,6,0,6,66
01/11/2019,MBS,MI,AGL,CE,Towers with Radar,5,13,26,0,44,0,1,10,1,12,5,14,36,1,56,6,0,6,62
01/12/2019,MBS,MI,AGL,CE,Towers with Radar,5,11,11,0,27,0,0,15,4,19,5,11,26,4,46,62,0,62,108
01/13/2019,MBS,MI,AGL,CE,Towers with Radar,5,9,24,0,38,0,0,15,0,15,5,9,39,0,53,0,0,0,53
01/14/2019,MBS,MI,AGL,CE,Towers with Radar,3,12,24,0,39,0,0,9,0,9,3,12,33,0,48,0,0,0,48
01/15/2019,MBS,MI,AGL,CE,Towers with Radar,5,14,20,0,39,0,0,0,0,0,5,14,20,0,39,0,0,0,39
01/16/2019,MBS,MI,AGL,CE,Towers with Radar,4,13,15,0,32,0,0,4,4,8,4,13,19,4,40,0,0,0,40
01/17/2019,MBS,MI,AGL,CE,Towers with Radar,3,16,24,0,43,0,0,0,0,0,3,16,24,0,43,0,0,0,43
01/18/2019,MBS,MI,AGL,CE,Towers with Radar,3,16,14,0,33,0,0,4,4,8,3,16,18,4,41,0,0,0,41
01/19/2019,MBS,MI,AGL,CE,Towers with Radar,5,3,3,0,11,0,0,0,0,0,5,3,3,0,11,0,0,0,11
01/20/2019,MBS,MI,AGL,CE,Towers with Radar,5,6,12,0,23,0,0,4,0,4,5,6,16,0,27,0,0,0,27
01/21/2019,MBS,MI,AGL,CE,Towers with Radar,3,13,22,0,38,0,0,9,0,9,3,13,31,0,47,30,0,30,77
01/22/2019,MBS,MI,AGL,CE,Towers with Radar,2,15,12,0,29,0,0,5,3,8,2,15,17,3,37,0,0,0,37
01/23/2019,MBS,MI,AGL,CE,Towers with Radar,4,11,9,0,24,0,0,0,1,1,4,11,9,1,25,4,0,4,29
01/24/2019,MBS,MI,AGL,CE,Towers with Radar,4,17,20,0,41,0,0,2,0,2,4,17,22,0,43,0,0,0,43
01/25/2019,MBS,MI,AGL,CE,Towers with Radar,4,15,21,0,40,0,0,3,3,6,4,15,24,3,46,0,0,0,46
01/26/2019,MBS,MI,AGL,CE,Towers with Radar,5,10,9,0,24,0,0,12,2,14,5,10,21,2,38,0,0,0,38
01/27/2019,MBS,MI,AGL,CE,Towers with Radar,5,10,18,0,33,0,1,1,2,4,5,11,19,2,37,0,0,0,37
01/28/2019,MBS,MI,AGL,CE,Towers with Radar,4,6,3,0,13,0,0,0,0,0,4,6,3,0,13,0,0,0,13
01/29/2019,MBS,MI,AGL,CE,Towers with Radar,4,9,12,0,25,0,0,0,0,0,4,9,12,0,25,0,0,0,25
01/30/2019,MBS,MI,AGL,CE,Towers with Radar,5,9,14,0,28,0,0,0,0,0,5,9,14,0,28,0,0,0,28
01/31/2019,MBS,MI,AGL,CE,Towers with Radar,6,5,6,0,17,0,0,2,0,2,6,5,8,0,19,2,0,2,21
02/01/2019,MBS,MI,AGL,CE,Towers with Radar,3,12,12,2,29,0,0,19,4,23,3,12,31,6,52,8,0,8,60
02/02/2019,MBS,MI,AGL,CE,Towers with Radar,7,12,3,0,22,0,0,0,0,0,7,12,3,0,22,0,0,0,22
02/03/2019,MBS,MI,AGL,CE,Towers with Radar,4,7,4,0,15,0,0,0,0,0,4,7,4,0,15,0,0,0,15
02/04/2019,MBS,MI,AGL,CE,Towers with Radar,5,22,14,0,41,0,0,0,0,0,5,22,14,0,41,0,0,0,41
02/05/2019,MBS,MI,AGL,CE,Towers with Radar,5,16,21,4,46,0,1,14,2,17,5,17,35,6,63,32,8,40,103
02/06/2019,MBS,MI,AGL,CE,Towers with Radar,5,11,18,0,34,0,0,0,0,0,5,11,18,0,34,0,0,0,34
02/07/2019,MBS,MI,AGL,CE,Towers with Radar,5,10,9,0,24,0,0,0,0,0,5,10,9,0,24,0,0,0,24
02/08/2019,MBS,MI,AGL,CE,Towers with Radar,4,17,12,0,33,0,0,0,4,4,4,17,12,4,37,0,0,0,37
02/09/2019,MBS,MI,AGL,CE,Towers with Radar,5,8,12,0,25,0,0,15,2,17,5,8,27,2,42,0,0,0,42
02/10/2019,MBS,MI,AGL,CE,Towers with Radar,5,7,17,3,32,0,0,6,0,6,5,7,23,3,38,8,0,8,46
02/11/2019,MBS,MI,AGL,CE,Towers with Radar,3,12,21,1,37,0,0,2,0,2,3,12,23,1,39,14,0,14,53
02/12/2019,MBS,MI,AGL,CE,Towers with Radar,3,9,12,0,24,0,0,0,0,0,3,9,12,0,24,0,0,0,24
02/13/2019,MBS,MI,AGL,CE,Towers with Radar,3,12,16,0,31,0,0,4,3,7,3,12,20,3,38,0,0,0,38
02/14/2019,MBS,MI,AGL,CE,Towers with Radar,3,21,17,5,46,0,0,8,5,13,3,21,25,10,59,24,0,24,83
02/15/2019,MBS,MI,AGL,CE,Towers with Radar,3,17,18,0,38,0,0,2,2,4,3,17,20,2,42,0,0,0,42
02/16/2019,MBS,MI,AGL,CE,Towers with Radar,5,8,8,0,21,0,0,18,1,19,5,8,26,1,40,2,0,2,42
02/17/2019,MBS,MI,AGL,CE,Towers with Radar,5,7,15,0,27,0,0,5,0,5,5,7,20,0,32,12,0,12,44
02/18/2019,MBS,MI,AGL,CE,Towers with Radar,7,15,24,0,46,0,0,9,0,9,7,15,33,0,55,28,0,28,83
02/19/2019,MBS,MI,AGL,CE,Towers with Radar,3,18,18,0,39,0,1,11,0,12,3,19,29,0,51,28,0,28,79
02/20/2019,MBS,MI,AGL,CE,Towers with Radar,3,14,6,0,23,0,0,0,1,1,3,14,6,1,24,0,0,0,24
02/21/2019,MBS,MI,AGL,CE,Towers with Radar,5,21,23,0,49,0,2,13,4,19,5,23,36,4,68,12,0,12,80
02/22/2019,MBS,MI,AGL,CE,Towers with Radar,3,14,18,0,35,0,1,21,2,24,3,15,39,2,59,18,0,18,77
02/23/2019,MBS,MI,AGL,CE,Towers with Radar,5,11,12,0,28,0,0,4,0,4,5,11,16,0,32,0,0,0,32
02/24/2019,MBS,MI,AGL,CE,Towers with Radar,5,8,3,0,16,0,0,0,0,0,5,8,3,0,16,0,0,0,16
02/25/2019,MBS,MI,AGL,CE,Towers with Radar,2,23,20,0,45,0,0,2,0,2,2,23,22,0,47,6,0,6,53
02/26/2019,MBS,MI,AGL,CE,Towers with Radar,5,18,13,0,36,0,0,14,2,16,5,18,27,2,52,12,0,12,64
02/27/2019,MBS,MI,AGL,CE,Towers with Radar,5,21,21,0,47,0,0,0,1,1,5,21,21,1,48,0,0,0,48
02/28/2019,MBS,MI,AGL,CE,Towers with Radar,4,20,17,4,45,0,0,19,2,21,4,20,36,6,66,36,4,40,106
03/01/2019,MBS,MI,AGL,CE,Towers with Radar,5,16,27,0,48,0,0,24,3,27,5,16,51,3,75,16,0,16,91
03/02/2019,MBS,MI,AGL,CE,Towers with Radar,3,15,9,0,27,0,0,2,1,3,3,15,11,1,30,0,0,0,30
03/03/2019,MBS,MI,AGL,CE,Towers with Radar,4,11,6,0,21,0,0,3,0,3,4,11,9,0,24,4,0,4,28
03/04/2019,MBS,MI,AGL,CE,Towers with Radar,3,13,19,0,35,0,0,2,2,4,3,13,21,2,39,0,0,0,39
03/05/2019,MBS,MI,AGL,CE,Towers with Radar,4,19,16,0,39,0,0,2,6,8,4,19,18,6,47,0,0,0,47
03/06/2019,MBS,MI,AGL,CE,Towers with Radar,4,18,26,0,48,0,0,10,4,14,4,18,36,4,62,8,0,8,70
03/07/2019,MBS,MI,AGL,CE,Towers with Radar,4,17,25,0,46,0,4,21,3,28,4,21,46,3,74,10,0,10,84
03/08/2019,MBS,MI,AGL,CE,Towers with Radar,2,16,15,3,36,0,0,31,1,32,2,16,46,4,68,10,8,18,86
03/09/2019,MBS,MI,AGL,CE,Towers with Radar,3,12,8,0,23,0,0,4,4,8,3,12,12,4,31,26,0,26,57
03/10/2019,MBS,MI,AGL,CE,Towers with Radar,3,13,1,0,17,0,0,0,1,1,3,13,1,1,18,0,0,0,18
03/11/2019,MBS,MI,AGL,CE,Towers with Radar,3,17,24,0,44,0,0,4,0,4,3,17,28,0,48,2,0,2,50
03/12/2019,MBS,MI,AGL,CE,Towers with Radar,3,18,31,0,52,0,2,14,2,18,3,20,45,2,70,6,0,6,76
03/13/2019,MBS,MI,AGL,CE,Towers with Radar,2,17,17,0,36,0,0,0,0,0,2,17,17,0,36,0,0,0,36
03/14/2019,MBS,MI,AGL,CE,Towers with Radar,1,13,21,0,35,0,0,4,3,7,1,13,25,3,42,8,0,8,50
03/15/2019,MBS,MI,AGL,CE,Towers with Radar,7,16,16,0,39,0,0,0,0,0,7,16,16,0,39,0,0,0,39
03/16/2019,MBS,MI,AGL,CE,Towers with Radar,4,12,4,0,20,0,0,4,0,4,4,12,8,0,24,0,0,0,24
03/17/2019,MBS,MI,AGL,CE,Towers with Radar,3,13,10,0,26,0,0,17,0,17,3,13,27,0,43,12,0,12,55
03/18/2019,MBS,MI,AGL,CE,Towers with Radar,3,16,20,0,39,0,0,13,0,13,3,16,33,0,52,0,0,0,52
03/19/2019,MBS,MI,AGL,CE,Towers with Radar,4,21,24,0,49,0,0,16,3,19,4,21,40,3,68,18,0,18,86
03/20/2019,MBS,MI,AGL,CE,Towers with Radar,2,18,17,0,37,0,0,8,0,8,2,18,25,0,45,14,0,14,59
03/21/2019,MBS,MI,AGL,CE,Towers with Radar,3,14,13,0,30,0,0,0,0,0,3,14,13,0,30,0,0,0,30
03/22/2019,MBS,MI,AGL,CE,Towers with Radar,3,23,13,0,39,0,0,2,0,2,3,23,15,0,41,0,0,0,41
03/23/2019,MBS,MI,AGL,CE,Towers with Radar,4,13,20,0,37,0,0,19,0,19,4,13,39,0,56,12,0,12,68
03/24/2019,MBS,MI,AGL,CE,Towers with Radar,4,11,9,0,24,0,0,7,0,7,4,11,16,0,31,8,0,8,39
03/25/2019,MBS,MI,AGL,CE,Towers with Radar,3,14,13,0,30,0,0,14,0,14,3,14,27,0,44,50,0,50,94
03/26/2019,MBS,MI,AGL,CE,Towers with Radar,2,16,18,0,36,0,3,23,3,29,2,19,41,3,65,24,0,24,89
03/27/2019,MBS,MI,AGL,CE,Towers with Radar,2,21,24,2,49,0,0,17,5,22,2,21,41,7,71,12,0,12,83
03/28/2019,MBS,MI,AGL,CE,Towers with Radar,2,17,17,0,36,0,0,2,0,2,2,17,19,0,38,0,0,0,38
03/29/2019,MBS,MI,AGL,CE,Towers with Radar,5,18,13,1,37,0,1,7,7,15,5,19,20,8,52,0,0,0,52
03/30/2019,MBS,MI,AGL,CE,Towers with Radar,6,10,2,0,18,0,0,0,0,0,6,10,2,0,18,0,0,0,18
03/31/2019,MBS,MI,AGL,CE,Towers with Radar,3,13,10,0,26,0,0,5,0,5,3,13,15,0,31,0,0,0,31
04/01/2019,MBS,MI,AGL,CE,Towers with Radar,4,18,30,2,54,0,4,12,0,16,4,22,42,2,70,4,0,4,74
04/02/2019,MBS,MI,AGL,CE,Towers with Radar,5,13,19,0,37,0,2,16,4,22,5,15,35,4,59,6,0,6,65
04/03/2019,MBS,MI,AGL,CE,Towers with Radar,5,15,16,0,36,0,0,5,2,7,5,15,21,2,43,4,0,4,47
04/04/2019,MBS,MI,AGL,CE,Towers with Radar,9,16,13,0,38,2,0,8,4,14,11,16,21,4,52,0,0,0,52
04/05/2019,MBS,MI,AGL,CE,Towers with Radar,5,13,23,0,41,0,0,1,2,3,5,13,24,2,44,0,0,0,44
04/06/2019,MBS,MI,AGL,CE,Towers with Radar,6,12,10,0,28,0,1,15,3,19,6,13,25,3,47,26,0,26,73
04/07/2019,MBS,MI,AGL,CE,Towers with Radar,6,9,2,0,17,0,0,15,0,15,6,9,17,0,32,20,0,20,52
04/08/2019,MBS,MI,AGL,CE,Towers with Radar,5,13,18,0,36,0,0,9,1,10,5,13,27,1,46,0,0,0,46
04/09/2019,MBS,MI,AGL,CE,Towers with Radar,4,14,18,0,36,0,0,4,2,6,4,14,22,2,42,0,0,0,42
04/10/2019,MBS,MI,AGL,CE,Towers with Radar,4,13,29,0,46,0,0,15,4,19,4,13,44,4,65,0,0,0,65
04/11/2019,MBS,MI,AGL,CE,Towers with Radar,6,18,18,0,42,0,0,3,1,4,6,18,21,1,46,0,0,0,46
04/12/2019,MBS,MI,AGL,CE,Towers with Radar,4,18,20,0,42,0,0,2,1,3,4,18,22,1,45,0,0,0,45
04/13/2019,MBS,MI,AGL,CE,Towers with Radar,7,16,13,0,36,0,0,16,2,18,7,16,29,2,54,14,0,14,68
04/14/2019,MBS,MI,AGL,CE,Towers with Radar,6,6,2,0,14,0,0,0,0,0,6,6,2,0,14,0,0,0,14
04/15/2019,MBS,MI,AGL,CE,Towers with Radar,5,12,16,0,33,0,0,22,0,22,5,12,38,0,55,10,0,10,65
04/16/2019,MBS,MI,AGL,CE,Towers with Radar,4,15,17,0,36,0,0,1,2,3,4,15,18,2,39,0,0,0,39
04/17/2019,MBS,MI,AGL,CE,Towers with Radar,6,17,15,0,38,0,0,10,2,12,6,17,25,2,50,0,0,0,50
04/18/2019,MBS,MI,AGL,CE,Towers with Radar,4,17,22,0,43,0,0,2,2,4,4,17,24,2,47,4,0,4,51
04/19/2019,MBS,MI,AGL,CE,Towers with Radar,4,12,4,0,20,0,0,0,2,2,4,12,4,2,22,0,0,0,22
04/20/2019,MBS,MI,AGL,CE,Towers with Radar,4,9,6,0,19,0,0,2,6,8,4,9,8,6,27,0,0,0,27
04/21/2019,MBS,MI,AGL,CE,Towers with Radar,6,8,18,0,32,0,0,14,0,14,6,8,32,0,46,0,0,0,46
04/22/2019,MBS,MI,AGL,CE,Towers with Radar,5,11,15,0,31,0,4,23,0,27,5,15,38,0,58,8,0,8,66
04/23/2019,MBS,MI,AGL,CE,Towers with Radar,5,13,24,0,42,0,0,2,2,4,5,13,26,2,46,0,0,0,46
04/24/2019,MBS,MI,AGL,CE,Towers with Radar,7,11,29,0,47,0,0,46,3,49,7,11,75,3,96,0,0,0,96
04/25/2019,MBS,MI,AGL,CE,Towers with Radar,5,14,13,0,32,0,0,11,3,14,5,14,24,3,46,0,0,0,46
04/26/2019,MBS,MI,AGL,CE,Towers with Radar,4,14,11,2,31,0,0,0,4,4,4,14,11,6,35,0,0,0,35
04/27/2019,MBS,MI,AGL,CE,Towers with Radar,6,6,4,0,16,0,0,13,1,14,6,6,17,1,30,16,0,16,46
04/28/2019,MBS,MI,AGL,CE,Towers with Radar,8,8,10,0,26,0,2,15,0,17,8,10,25,0,43,4,0,4,47
04/29/2019,MBS,MI,AGL,CE,Towers with Radar,5,8,19,0,32,0,0,4,0,4,5,8,23,0,36,0,0,0,36
04/30/2019,MBS,MI,AGL,CE,Towers with Radar,5,18,12,0,35,0,0,0,0,0,5,18,12,0,35,0,0,0,35
05/01/2019,MBS,MI,AGL,CE,Towers with Radar,2,22,18,0,42,0,0,0,0,0,2,22,18,0,42,0,0,0,42
05/02/2019,MBS,MI,AGL,CE,Towers with Radar,3,15,21,0,39,0,0,2,0,2,3,15,23,0,41,0,0,0,41
05/03/2019,MBS,MI,AGL,CE,Towers with Radar,4,14,28,0,46,0,0,0,1,1,4,14,28,1,47,0,0,0,47
05/04/2019,MBS,MI,AGL,CE,Towers with Radar,4,13,11,0,28,0,0,27,5,32,4,13,38,5,60,20,0,20,80
05/05/2019,MBS,MI,AGL,CE,Towers with Radar,4,10,6,0,20,0,0,26,0,26,4,10,32,0,46,10,0,10,56
05/06/2019,MBS,MI,AGL,CE,Towers with Radar,5,19,21,0,45,2,0,2,0,4,7,19,23,0,49,24,0,24,73
05/07/2019,MBS,MI,AGL,CE,Towers with Radar,3,20,6,0,29,0,1,9,1,11,3,21,15,1,40,0,0,0,40
05/08/2019,MBS,MI,AGL,CE,Towers with Radar,3,16,20,0,39,0,0,6,3,9,3,16,26,3,48,0,0,0,48
05/09/2019,MBS,MI,AGL,CE,Towers with Radar,3,15,9,0,27,0,0,0,1,1,3,15,9,1,28,0,0,0,28
05/10/2019,MBS,MI,AGL,CE,Towers with Radar,2,18,19,0,39,0,0,7,5,12,2,18,26,5,51,4,0,4,55
05/11/2019,MBS,MI,AGL,CE,Towers with Radar,4,7,18,0,29,0,0,9,3,12,4,7,27,3,41,10,0,10,51
05/12/2019,MBS,MI,AGL,CE,Towers with Radar,5,12,8,0,25,0,0,10,0,10,5,12,18,0,35,2,0,2,37
05/13/2019,MBS,MI,AGL,CE,Towers with Radar,3,19,22,0,44,0,0,2,3,5,3,19,24,3,49,0,0,0,49
05/14/2019,MBS,MI,AGL,CE,Towers with Radar,3,18,25,0,46,0,0,24,3,27,3,18,49,3,73,31,0,31,104
05/15/2019,MBS,MI,AGL,CE,Towers with Radar,3,18,22,3,46,0,0,10,1,11,3,18,32,4,57,4,0,4,61
05/16/2019,MBS,MI,AGL,CE,Towers with Radar,3,17,19,1,40,0,0,11,3,14,3,17,30,4,54,0,0,0,54
05/17/2019,MBS,MI,AGL,CE,Towers with Radar,3,18,28,0,49,0,0,22,1,23,3,18,50,1,72,41,0,41,113
05/18/2019,MBS,MI,AGL,CE,Towers with Radar,4,10,8,0,22,0,0,3,7,10,4,10,11,7,32,14,0,14,46
05/19/2019,MBS,MI,AGL,CE,Towers with Radar,4,15,5,0,24,0,0,0,0,0,4,15,5,0,24,0,0,0,24
05/20/2019,MBS,MI,AGL,CE,Towers with Radar,2,14,19,0,35,0,0,7,0,7,2,14,26,0,42,1,0,1,43
05/21/2019,MBS,MI,AGL,CE,Towers with Radar,3,18,20,0,41,0,0,29,3,32,3,18,49,3,73,7,0,7,80
05/22/2019,MBS,MI,AGL,CE,Towers with Radar,2,20,14,0,36,0,0,6,1,7,2,20,20,1,43,0,0,0,43
05/23/2019,MBS,MI,AGL,CE,Towers with Radar,3,17,16,0,36,0,0,8,3,11,3,17,24,3,47,8,0,8,55
05/24/2019,MBS,MI,AGL,CE,Towers with Radar,3,18,16,0,37,0,0,16,3,19,3,18,32,3,56,8,0,8,64
05/25/2019,MBS,MI,AGL,CE,Towers with Radar,4,9,4,0,17,0,0,0,3,3,4,9,4,3,20,1,0,1,21
05/26/2019,MBS,MI,AGL,CE,Towers with Radar,3,10,8,0,21,0,0,8,0,8,3,10,16,0,29,8,0,8,37
05/27/2019,MBS,MI,AGL,CE,Towers with Radar,3,13,9,0,25,0,0,12,2,14,3,13,21,2,39,0,0,0,39
05/28/2019,MBS,MI,AGL,CE,Towers with Radar,2,15,16,0,33,0,0,0,0,0,2,15,16,0,33,0,0,0,33
05/29/2019,MBS,MI,AGL,CE,Towers with Radar,2,16,23,0,41,0,0,4,0,4,2,16,27,0,45,0,0,0,45
05/30/2019,MBS,MI,AGL,CE,Towers with Radar,3,16,14,0,33,0,0,5,4,9,3,16,19,4,42,16,0,16,58
05/31/2019,MBS,MI,AGL,CE,Towers with Radar,3,18,17,0,38,0,0,13,2,15,3,18,30,2,53,22,0,22,75
06/01/2019,MBS,MI,AGL,CE,Towers with Radar,4,10,6,0,20,0,0,0,0,0,4,10,6,0,20,0,0,0,20
06/02/2019,MBS,MI,AGL,CE,Towers with Radar,4,11,13,0,28,0,0,4,0,4,4,11,17,0,32,0,0,0,32
06/03/2019,MBS,MI,AGL,CE,Towers with Radar,3,15,16,0,34,0,0,11,0,11,3,15,27,0,45,74,0,74,119
06/04/2019,MBS,MI,AGL,CE,Towers with Radar,3,18,12,0,33,0,0,8,1,9,3,18,20,1,42,6,0,6,48
06/05/2019,MBS,MI,AGL,CE,Towers with Radar,2,17,28,0,47,0,0,0,0,0,2,17,28,0,47,0,0,0,47
06/06/2019,MBS,MI,AGL,CE,Towers with Radar,4,17,20,0,41,0,0,9,4,13,4,17,29,4,54,0,0,0,54
06/07/2019,MBS,MI,AGL,CE,Towers with Radar,3,13,16,0,32,0,0,18,5,23,3,13,34,5,55,0,0,0,55
06/08/2019,MBS,MI,AGL,CE,Towers with Radar,2,14,11,0,27,0,1,22,4,27,2,15,33,4,54,33,0,33,87
06/09/2019,MBS,MI,AGL,CE,Towers with Radar,4,11,9,0,24,0,0,14,0,14,4,11,23,0,38,0,0,0,38
06/10/2019,MBS,MI,AGL,CE,Towers with Radar,2,15,16,0,33,0,0,0,0,0,2,15,16,0,33,0,0,0,33
06/11/2019,MBS,MI,AGL,CE,Towers with Radar,4,19,29,0,52,0,0,18,3,21,4,19,47,3,73,7,0,7,80
06/12/2019,MBS,MI,AGL,CE,Towers with Radar,2,15,29,0,46,0,0,22,0,22,2,15,51,0,68,0,0,0,68
06/13/2019,MBS,MI,AGL,CE,Towers with Radar,3,21,17,0,41,0,0,3,0,3,3,21,20,0,44,0,0,0,44
06/14/2019,MBS,MI,AGL,CE,Towers with Radar,3,17,15,0,35,0,0,8,0,8,3,17,23,0,43,0,0,0,43
06/15/2019,MBS,MI,AGL,CE,Towers with Radar,2,19,6,0,27,0,0,1,0,1,2,19,7,0,28,0,0,0,28
06/16/2019,MBS,MI,AGL,CE,Towers with Radar,4,10,6,0,20,0,1,6,2,9,4,11,12,2,29,0,0,0,29
06/17/2019,MBS,MI,AGL,CE,Towers with Radar,3,13,13,0,29,0,0,7,0,7,3,13,20,0,36,0,0,0,36
06/18/2019,MBS,MI,AGL,CE,Towers with Radar,2,15,19,0,36,0,6,24,0,30,2,21,43,0,66,0,0,0,66
06/19/2019,MBS,MI,AGL,CE,Towers with Radar,3,17,15,0,35,0,0,5,0,5,3,17,20,0,40,0,0,0,40
06/20/2019,MBS,MI,AGL,CE,Towers with Radar,4,25,15,0,44,0,0,1,0,1,4,25,16,0,45,0,0,0,45
06/21/2019,MBS,MI,AGL,CE,Towers with Radar,4,18,22,0,44,0,0,23,0,23,4,18,45,0,67,0,0,0,67
06/22/2019,MBS,MI,AGL,CE,Towers with Radar,3,15,5,0,23,0,0,10,0,10,3,15,15,0,33,0,0,0,33
06/23/2019,MBS,MI,AGL,CE,Towers with Radar,6,12,11,0,29,0,0,10,0,10,6,12,21,0,39,0,0,0,39
06/24/2019,MBS,MI,AGL,CE,Towers with Radar,2,11,17,0,30,0,0,1,0,1,2,11,18,0,31,0,0,0,31
06/25/2019,MBS,MI,AGL,CE,Towers with Radar,7,15,12,0,34,0,0,6,0,6,7,15,18,0,40,0,0,0,40
06/26/2019,MBS,MI,AGL,CE,Towers with Radar,2,19,9,0,30,0,1,7,0,8,2,20,16,0,38,0,0,0,38
06/27/2019,MBS,MI,AGL,CE,Towers with Radar,2,19,19,0,40,0,1,26,0,27,2,20,45,0,67,0,0,0,67
06/28/2019,MBS,MI,AGL,CE,Towers with Radar,2,19,7,0,28,0,1,6,0,7,2,20,13,0,35,0,0,0,35
06/29/2019,MBS,MI,AGL,CE,Towers with Radar,4,18,6,0,28,0,1,22,0,23,4,19,28,0,51,0,0,0,51
06/30/2019,MBS,MI,AGL,CE,Towers with Radar,3,9,5,0,17,0,0,16,0,16,3,9,21,0,33,0,0,0,33
07/01/2019,MBS,MI,AGL,CE,Towers with Radar,4,11,15,0,30,0,0,24,0,24,4,11,39,0,54,0,0,0,54
07/02/2019,MBS,MI,AGL,CE,Towers with Radar,4,8,7,0,19,0,0,5,0,5,4,8,12,0,24,0,0,0,24
07/03/2019,MBS,MI,AGL,CE,Towers with Radar,3,10,10,0,23,0,0,10,0,10,3,10,20,0,33,0,0,0,33
07/04/2019,MBS,MI,AGL,CE,Towers with Radar,4,9,4,0,17,0,1,10,0,11,4,10,14,0,28,0,0,0,28
07/05/2019,MBS,MI,AGL,CE,Towers with Radar,4,14,0,0,18,0,0,2,0,2,4,14,2,0,20,0,0,0,20
07/06/2019,MBS,MI,AGL,CE,Towers with Radar,6,10,2,0,18,0,1,7,0,8,6,11,9,0,26,0,0,0,26
07/07/2019,MBS,MI,AGL,CE,Towers with Radar,4,10,16,0,30,0,1,9,0,10,4,11,25,0,40,0,0,0,40
07/08/2019,MBS,MI,AGL,CE,Towers with Radar,3,14,14,0,31,0,0,18,0,18,3,14,32,0,49,0,0,0,49
07/09/2019,MBS,MI,AGL,CE,Towers with Radar,5,14,22,0,41,0,0,15,0,15,5,14,37,0,56,19,0,19,75
07/10/2019,MBS,MI,AGL,CE,Towers with Radar,3,14,19,2,38,0,0,17,0,17,3,14,36,2,55,0,0,0,55
07/11/2019,MBS,MI,AGL,CE,Towers with Radar,2,16,17,0,35,0,0,8,0,8,2,16,25,0,43,0,0,0,43
07/12/2019,MBS,MI,AGL,CE,Towers with Radar,3,12,18,0,33,0,0,5,0,5,3,12,23,0,38,24,0,24,62
07/13/2019,MBS,MI,AGL,CE,Towers with Radar,6,11,7,0,24,0,0,11,0,11,6,11,18,0,35,2,0,2,37
07/14/2019,MBS,MI,AGL,CE,Towers with Radar,4,9,10,0,23,0,0,17,0,17,4,9,27,0,40,0,0,0,40
07/15/2019,MBS,MI,AGL,CE,Towers with Radar,4,12,17,0,33,0,1,9,0,10,4,13,26,0,43,0,0,0,43
07/16/2019,MBS,MI,AGL,CE,Towers with Radar,2,19,20,0,41,0,0,5,0,5,2,19,25,0,46,0,0,0,46
07/17/2019,MBS,MI,AGL,CE,Towers with Radar,2,15,22,0,39,0,0,14,0,14,2,15,36,0,53,4,0,4,57
07/18/2019,MBS,MI,AGL,CE,Towers with Radar,2,14,26,0,42,0,0,9,0,9,2,14,35,0,51,0,0,0,51
07/19/2019,MBS,MI,AGL,CE,Towers with Radar,2,14,24,0,40,0,0,10,0,10,2,14,34,0,50,0,0,0,50
07/20/2019,MBS,MI,AGL,CE,Towers with Radar,5,14,4,0,23,0,0,4,0,4,5,14,8,0,27,0,0,0,27
07/21/2019,MBS,MI,AGL,CE,Towers with Radar,3,10,39,0,52,0,0,24,2,26,3,10,63,2,78,6,0,6,84
07/22/2019,MBS,MI,AGL,CE,Towers with Radar,2,14,20,0,36,0,0,21,0,21,2,14,41,0,57,0,0,0,57
07/23/2019,MBS,MI,AGL,CE,Towers with Radar,4,15,16,0,35,0,0,8,0,8,4,15,24,0,43,0,0,0,43
07/24/2019,MBS,MI,AGL,CE,Towers with Radar,2,15,36,0,53,0,0,29,0,29,2,15,65,0,82,0,0,0,82
07/25/2019,MBS,MI,AGL,CE,Towers with Radar,3,14,22,0,39,0,0,13,0,13,3,14,35,0,52,16,0,16,68
07/26/2019,MBS,MI,AGL,CE,Towers with Radar,2,14,19,0,35,0,0,21,0,21,2,14,40,0,56,2,0,2,58
07/27/2019,MBS,MI,AGL,CE,Towers with Radar,6,12,3,0,21,0,0,10,0,10,6,12,13,0,31,2,0,2,33
07/28/2019,MBS,MI,AGL,CE,Towers with Radar,4,12,5,0,21,0,2,8,0,10,4,14,13,0,31,4,0,4,35
07/29/2019,MBS,MI,AGL,CE,Towers with Radar,2,16,17,4,39,0,0,5,0,5,2,16,22,4,44,10,0,10,54
07/30/2019,MBS,MI,AGL,CE,Towers with Radar,2,22,14,4,42,0,0,20,0,20,2,22,34,4,62,32,0,32,94
07/31/2019,MBS,MI,AGL,CE,Towers with Radar,2,13,12,0,27,0,0,21,0,21,2,13,33,0,48,12,0,12,60
08/01/2019,MBS,MI,AGL,CE,Towers with Radar,3,19,13,0,35,0,0,33,0,33,3,19,46,0,68,42,0,42,110
08/02/2019,MBS,MI,AGL,CE,Towers with Radar,2,16,17,0,35,0,0,16,0,16,2,16,33,0,51,4,0,4,55
08/03/2019,MBS,MI,AGL,CE,Towers with Radar,4,11,6,0,21,0,0,0,0,0,4,11,6,0,21,2,0,2,23
08/04/2019,MBS,MI,AGL,CE,Towers with Radar,4,11,2,0,17,0,0,7,0,7,4,11,9,0,24,0,0,0,24
08/05/2019,MBS,MI,AGL,CE,Towers with Radar,3,17,15,0,35,0,2,20,0,22,3,19,35,0,57,12,0,12,69
08/06/2019,MBS,MI,AGL,CE,Towers with Radar,3,16,10,0,29,0,0,5,0,5,3,16,15,0,34,6,0,6,40
08/07/2019,MBS,MI,AGL,CE,Towers with Radar,5,14,22,0,41,0,0,8,0,8,5,14,30,0,49,14,0,14,63
08/08/2019,MBS,MI,AGL,CE,Towers with Radar,1,16,6,0,23,0,0,8,0,8,1,16,14,0,31,2,0,2,33
08/09/2019,MBS,MI,AGL,CE,Towers with Radar,3,18,16,0,37,0,0,20,0,20,3,18,36,0,57,24,0,24,81
08/10/2019,MBS,MI,AGL,CE,Towers with Radar,4,11,6,0,21,0,0,18,0,18,4,11,24,0,39,30,0,30,69
08/11/2019,MBS,MI,AGL,CE,Towers with Radar,4,11,11,0,26,0,0,11,0,11,4,11,22,0,37,14,0,14,51
08/12/2019,MBS,MI,AGL,CE,Towers with Radar,4,14,25,0,43,0,0,10,0,10,4,14,35,0,53,0,0,0,53
08/13/2019,MBS,MI,AGL,CE,Towers with Radar,5,11,15,2,33,0,0,12,0,12,5,11,27,2,45,14,0,14,59
08/14/2019,MBS,MI,AGL,CE,Towers with Radar,5,14,30,0,49,0,0,21,0,21,5,14,51,0,70,2,0,2,72
08/15/2019,MBS,MI,AGL,CE,Towers with Radar,4,15,16,1,36,0,0,6,0,6,4,15,22,1,42,6,0,6,48
08/16/2019,MBS,MI,AGL,CE,Towers with Radar,3,17,12,0,32,0,0,23,0,23,3,17,35,0,55,6,0,6,61
08/17/2019,MBS,MI,AGL,CE,Towers with Radar,7,9,0,0,16,0,0,14,1,15,7,9,14,1,31,0,0,0,31
08/18/2019,MBS,MI,AGL,CE,Towers with Radar,5,9,5,0,19,0,0,0,0,0,5,9,5,0,19,0,0,0,19
08/19/2019,MBS,MI,AGL,CE,Towers with Radar,5,11,19,0,35,0,0,21,0,21,5,11,40,0,56,40,0,40,96
08/20/2019,MBS,MI,AGL,CE,Towers with Radar,2,12,5,0,19,0,0,4,0,4,2,12,9,0,23,28,0,28,51
08/21/2019,MBS,MI,AGL,CE,Towers with Radar,7,12,17,0,36,0,0,7,0,7,7,12,24,0,43,29,0,29,72
08/22/2019,MBS,MI,AGL,CE,Towers with Radar,6,10,25,0,41,0,0,40,0,40,6,10,65,0,81,18,0,18,99
08/23/2019,MBS,MI,AGL,CE,Towers with Radar,6,13,19,18,56,0,0,37,0,37,6,13,56,18,93,24,0,24,117
08/24/2019,MBS,MI,AGL,CE,Towers with Radar,7,8,10,0,25,0,0,16,0,16,7,8,26,0,41,10,0,10,51
08/25/2019,MBS,MI,AGL,CE,Towers with Radar,8,9,10,0,27,0,0,17,0,17,8,9,27,0,44,2,0,2,46
08/26/2019,MBS,MI,AGL,CE,Towers with Radar,4,10,16,0,30,0,0,6,0,6,4,10,22,0,36,0,0,0,36
08/27/2019,MBS,MI,AGL,CE,Towers with Radar,6,14,19,0,39,0,0,13,0,13,6,14,32,0,52,18,0,18,70
08/28/2019,MBS,MI,AGL,CE,Towers with Radar,5,17,18,0,40,0,0,11,2,13,5,17,29,2,53,10,0,10,63
08/29/2019,MBS,MI,AGL,CE,Towers with Radar,5,19,26,0,50,0,0,12,0,12,5,19,38,0,62,8,0,8,70
08/30/2019,MBS,MI,AGL,CE,Towers with Radar,5,16,26,0,47,0,0,21,0,21,5,16,47,0,68,0,0,0,68
08/31/2019,MBS,MI,AGL,CE,Towers with Radar,6,9,6,0,21,0,0,11,0,11,6,9,17,0,32,6,0,6,38
09/01/2019,MBS,MI,AGL,CE,Towers with Radar,6,11,1,0,18,0,0,5,0,5,6,11,6,0,23,0,0,0,23
09/02/2019,MBS,MI,AGL,CE,Towers with Radar,4,14,15,2,35,0,0,8,0,8,4,14,23,2,43,0,0,0,43
09/03/2019,MBS,MI,AGL,CE,Towers with Radar,4,10,15,0,29,0,0,1,0,1,4,10,16,0,30,0,0,0,30
09/04/2019,MBS,MI,AGL,CE,Towers with Radar,5,14,15,0,34,0,0,8,0,8,5,14,23,0,42,0,0,0,42
09/05/2019,MBS,MI,AGL,CE,Towers with Radar,7,14,31,8,60,0,2,19,0,21,7,16,50,8,81,22,0,22,103
09/06/2019,MBS,MI,AGL,CE,Towers with Radar,8,18,28,0,54,0,0,3,0,3,8,18,31,0,57,0,0,0,57
09/07/2019,MBS,MI,AGL,CE,Towers with Radar,8,9,6,0,23,0,0,11,0,11,8,9,17,0,34,0,0,0,34
09/08/2019,MBS,MI,AGL,CE,Towers with Radar,5,14,18,0,37,0,0,17,0,17,5,14,35,0,54,25,0,25,79
09/09/2019,MBS,MI,AGL,CE,Towers with Radar,4,12,26,0,42,0,0,11,0,11,4,12,37,0,53,26,0,26,79
09/10/2019,MBS,MI,AGL,CE,Towers with Radar,4,14,18,0,36,0,0,8,0,8,4,14,26,0,44,10,0,10,54
09/11/2019,MBS,MI,AGL,CE,Towers with Radar,4,13,13,0,30,0,0,3,0,3,4,13,16,0,33,4,0,4,37
09/12/2019,MBS,MI,AGL,CE,Towers with Radar,4,12,19,0,35,0,0,2,0,2,4,12,21,0,37,51,0,51,88
09/13/2019,MBS,MI,AGL,CE,Towers with Radar,4,12,18,0,34,0,0,7,0,7,4,12,25,0,41,14,0,14,55
09/14/2019,MBS,MI,AGL,CE,Towers with Radar,8,10,27,0,45,0,0,14,0,14,8,10,41,0,59,0,0,0,59
09/15/2019,MBS,MI,AGL,CE,Towers with Radar,5,15,6,0,26,0,0,2,0,2,5,15,8,0,28,0,0,0,28
09/16/2019,MBS,MI,AGL,CE,Towers with Radar,4,14,8,0,26,0,0,4,0,4,4,14,12,0,30,0,0,0,30
09/17/2019,MBS,MI,AGL,CE,Towers with Radar,5,16,32,0,53,0,0,12,0,12,5,16,44,0,65,12,0,12,77
09/18/2019,MBS,MI,AGL,CE,Towers with Radar,6,16,30,0,52,0,0,25,0,25,6,16,55,0,77,26,0,26,103
09/19/2019,MBS,MI,AGL,CE,Towers with Radar,4,18,28,0,50,0,0,22,0,22,4,18,50,0,72,25,0,25,97
09/20/2019,MBS,MI,AGL,CE,Towers with Radar,7,15,29,0,51,0,0,15,0,15,7,15,44,0,66,2,0,2,68
09/21/2019,MBS,MI,AGL,CE,Towers with Radar,5,11,3,0,19,0,0,2,0,2,5,11,5,0,21,0,0,0,21
09/22/2019,MBS,MI,AGL,CE,Towers with Radar,5,12,7,0,24,0,0,1,0,1,5,12,8,0,25,0,0,0,25
09/23/2019,MBS,MI,AGL,CE,Towers with Radar,4,16,16,0,36,0,0,3,0,3,4,16,19,0,39,26,0,26,65
09/24/2019,MBS,MI,AGL,CE,Towers with Radar,4,20,17,0,41,0,1,25,0,26,4,21,42,0,67,6,0,6,73
09/25/2019,MBS,MI,AGL,CE,Towers with Radar,4,15,15,0,34,0,0,2,0,2,4,15,17,0,36,0,0,0,36
09/26/2019,MBS,MI,AGL,CE,Towers with Radar,4,22,15,0,41,0,0,15,0,15,4,22,30,0,56,3,0,3,59
09/27/2019,MBS,MI,AGL,CE,Towers with Radar,5,18,38,3,64,0,0,6,1,7,5,18,44,4,71,0,0,0,71
09/28/2019,MBS,MI,AGL,CE,Towers with Radar,6,14,17,0,37,0,0,3,0,3,6,14,20,0,40,0,0,0,40
09/29/2019,MBS,MI,AGL,CE,Towers with Radar,5,11,15,0,31,0,0,2,0,2,5,11,17,0,33,4,0,4,37
09/30/2019,MBS,MI,AGL,CE,Towers with Radar,4,16,34,0,54,0,0,6,0,6,4,16,40,0,60,6,0,6,66
10/01/2019,MBS,MI,AGL,CE,Towers with Radar,6,14,17,0,37,0,0,0,0,0,6,14,17,0,37,0,0,0,37
10/02/2019,MBS,MI,AGL,CE,Towers with Radar,8,14,16,0,38,0,0,3,0,3,8,14,19,0,41,0,0,0,41
10/03/2019,MBS,MI,AGL,CE,Towers with Radar,3,18,30,0,51,0,0,0,0,0,3,18,30,0,51,0,0,0,51
10/04/2019,MBS,MI,AGL,CE,Towers with Radar,4,16,23,0,43,0,0,9,0,9,4,16,32,0,52,0,0,0,52
10/05/2019,MBS,MI,AGL,CE,Towers with Radar,6,13,7,0,26,0,0,11,0,11,6,13,18,0,37,9,0,9,46
10/06/2019,MBS,MI,AGL,CE,Towers with Radar,4,9,11,0,24,0,0,9,0,9,4,9,20,0,33,6,0,6,39
10/07/2019,MBS,MI,AGL,CE,Towers with Radar,4,14,24,0,42,0,0,32,0,32,4,14,56,0,74,28,0,28,102
10/08/2019,MBS,MI,AGL,CE,Towers with Radar,4,14,20,0,38,0,0,12,0,12,4,14,32,0,50,16,0,16,66
10/09/2019,MBS,MI,AGL,CE,Towers with Radar,4,15,22,0,41,0,0,20,0,20,4,15,42,0,61,12,0,12,73
10/10/2019,MBS,MI,AGL,CE,Towers with Radar,4,16,27,4,51,0,0,23,0,23,4,16,50,4,74,12,6,18,92
10/11/2019,MBS,MI,AGL,CE,Towers with Radar,8,12,15,0,35,0,0,0,0,0,8,12,15,0,35,0,0,0,35
10/12/2019,MBS,MI,AGL,CE,Towers with Radar,4,15,7,0,26,0,0,8,0,8,4,15,15,0,34,0,0,0,34
10/13/2019,MBS,MI,AGL,CE,Towers with Radar,4,10,9,0,23,0,0,0,0,0,4,10,9,0,23,0,0,0,23
10/14/2019,MBS,MI,AGL,CE,Towers with Radar,4,15,25,0,44,0,0,17,0,17,4,15,42,0,61,10,0,10,71
10/15/2019,MBS,MI,AGL,CE,Towers with Radar,4,17,13,0,34,0,0,10,2,12,4,17,23,2,46,18,0,18,64
10/16/2019,MBS,MI,AGL,CE,Towers with Radar,4,20,11,0,35,0,0,2,0,2,4,20,13,0,37,0,0,0,37
10/17/2019,MBS,MI,AGL,CE,Towers with Radar,4,14,22,0,40,0,0,15,0,15,4,14,37,0,55,12,0,12,67
10/18/2019,MBS,MI,AGL,CE,Towers with Radar,4,14,10,0,28,0,0,12,1,13,4,14,22,1,41,0,0,0,41
10/19/2019,MBS,MI,AGL,CE,Towers with Radar,4,11,14,0,29,0,0,13,0,13,4,11,27,0,42,12,0,12,54
10/20/2019,MBS,MI,AGL,CE,Towers with Radar,6,8,16,0,30,0,0,23,0,23,6,8,39,0,53,12,0,12,65
10/21/2019,MBS,MI,AGL,CE,Towers with Radar,5,10,18,0,33,0,0,4,0,4,5,10,22,0,37,0,0,0,37
10/22/2019,MBS,MI,AGL,CE,Towers with Radar,4,16,9,0,29,0,0,4,0,4,4,16,13,0,33,0,0,0,33
10/23/2019,MBS,MI,AGL,CE,Towers with Radar,4,16,17,0,37,0,0,13,0,13,4,16,30,0,50,16,0,16,66
10/24/2019,MBS,MI,AGL,CE,Towers with Radar,4,20,29,1,54,0,0,12,0,12,4,20,41,1,66,7,0,7,73
10/25/2019,MBS,MI,AGL,CE,Towers with Radar,6,22,22,0,50,0,0,10,0,10,6,22,32,0,60,2,0,2,62
10/26/2019,MBS,MI,AGL,CE,Towers with Radar,5,10,8,0,23,0,0,7,0,7,5,10,15,0,30,48,0,48,78
10/27/2019,MBS,MI,AGL,CE,Towers with Radar,5,12,8,0,25,0,0,1,0,1,5,12,9,0,26,0,0,0,26
10/28/2019,MBS,MI,AGL,CE,Towers with Radar,4,19,25,0,48,0,0,18,0,18,4,19,43,0,66,52,0,52,118
10/29/2019,MBS,MI,AGL,CE,Towers with Radar,4,14,20,0,38,0,0,2,0,2,4,14,22,0,40,0,0,0,40
10/30/2019,MBS,MI,AGL,CE,Towers with Radar,4,16,18,0,38,0,0,0,0,0,4,16,18,0,38,0,0,0,38
10/31/2019,MBS,MI,AGL,CE,Towers with Radar,4,9,7,0,20,0,0,0,0,0,4,9,7,0,20,0,0,0,20
11/01/2019,MBS,MI,AGL,CE,Towers with Radar,4,13,15,0,32,0,0,19,2,21,4,13,34,2,53,0,0,0,53
11/02/2019,MBS,MI,AGL,CE,Towers with Radar,6,9,4,0,19,0,0,1,1,2,6,9,5,1,21,0,0,0,21
11/03/2019,MBS,MI,AGL,CE,Towers with Radar,5,10,15,0,30,0,0,11,0,11,5,10,26,0,41,11,0,11,52
11/04/2019,MBS,MI,AGL,CE,Towers with Radar,6,10,12,0,28,0,0,6,0,6,6,10,18,0,34,6,0,6,40
11/05/2019,MBS,MI,AGL,CE,Towers with Radar,9,14,18,0,41,0,1,20,0,21,9,15,38,0,62,12,0,12,74
11/06/2019,MBS,MI,AGL,CE,Towers with Radar,9,14,20,0,43,0,0,4,0,4,9,14,24,0,47,0,0,0,47
11/07/2019,MBS,MI,AGL,CE,Towers with Radar,7,14,21,0,42,0,0,15,0,15,7,14,36,0,57,0,0,0,57
11/08/2019,MBS,MI,AGL,CE,Towers with Radar,6,11,15,0,32,0,0,21,0,21,6,11,36,0,53,3,0,3,56
11/09/2019,MBS,MI,AGL,CE,Towers with Radar,6,12,11,0,29,0,0,5,0,5,6,12,16,0,34,6,0,6,40
11/10/2019,MBS,MI,AGL,CE,Towers with Radar,5,9,11,0,25,0,0,8,0,8,5,9,19,0,33,0,0,0,33
11/11/2019,MBS,MI,AGL,CE,Towers with Radar,4,5,8,0,17,0,0,0,0,0,4,5,8,0,17,0,0,0,17
11/12/2019,MBS,MI,AGL,CE,Towers with Radar,6,11,6,0,23,0,0,4,1,5,6,11,10,1,28,3,0,3,31
11/13/2019,MBS,MI,AGL,CE,Towers with Radar,5,12,18,3,38,0,0,10,0,10,5,12,28,3,48,0,0,0,48
11/14/2019,MBS,MI,AGL,CE,Towers with Radar,7,11,14,0,32,0,0,3,0,3,7,11,17,0,35,0,0,0,35
11/15/2019,MBS,MI,AGL,CE,Towers with Radar,6,13,12,0,31,0,0,7,0,7,6,13,19,0,38,6,0,6,44
11/16/2019,MBS,MI,AGL,CE,Towers with Radar,6,9,10,0,25,0,0,11,0,11,6,9,21,0,36,0,0,0,36
11/17/2019,MBS,MI,AGL,CE,Towers with Radar,5,11,22,0,38,0,0,22,0,22,5,11,44,0,60,10,0,10,70
11/18/2019,MBS,MI,AGL,CE,Towers with Radar,8,11,17,0,36,0,0,4,0,4,8,11,21,0,40,0,0,0,40
11/19/2019,MBS,MI,AGL,CE,Towers with Radar,6,12,18,0,36,0,0,0,0,0,6,12,18,0,36,0,0,0,36
11/20/2019,MBS,MI,AGL,CE,Towers with Radar,8,10,20,0,38,0,0,4,0,4,8,10,24,0,42,0,0,0,42
11/21/2019,MBS,MI,AGL,CE,Towers with Radar,6,12,24,0,42,0,0,0,0,0,6,12,24,0,42,0,0,0,42
11/22/2019,MBS,MI,AGL,CE,Towers with Radar,8,12,9,0,29,0,0,21,0,21,8,12,30,0,50,11,0,11,61
11/23/2019,MBS,MI,AGL,CE,Towers with Radar,6,9,11,0,26,0,0,22,0,22,6,9,33,0,48,18,0,18,66
11/24/2019,MBS,MI,AGL,CE,Towers with Radar,5,10,7,0,22,0,0,6,0,6,5,10,13,0,28,8,0,8,36
11/25/2019,MBS,MI,AGL,CE,Towers with Radar,6,13,11,4,34,0,0,1,0,1,6,13,12,4,35,2,8,10,45
11/26/2019,MBS,MI,AGL,CE,Towers with Radar,6,13,19,0,38,0,3,7,2,12,6,16,26,2,50,0,0,0,50
11/27/2019,MBS,MI,AGL,CE,Towers with Radar,5,9,9,0,23,0,0,0,0,0,5,9,9,0,23,0,0,0,23
11/28/2019,MBS,MI,AGL,CE,Towers with Radar,4,7,0,0,11,0,0,0,0,0,4,7,0,0,11,0,0,0,11
11/29/2019,MBS,MI,AGL,CE,Towers with Radar,6,10,7,0,23,0,0,2,0,2,6,10,9,0,25,0,0,0,25
11/30/2019,MBS,MI,AGL,CE,Towers with Radar,5,10,4,0,19,0,0,6,0,6,5,10,10,0,25,4,0,4,29
12/01/2019,MBS,MI,AGL,CE,Towers with Radar,8,5,6,0,19,0,0,0,0,0,8,5,6,0,19,0,0,0,19
12/02/2019,MBS,MI,AGL,CE,Towers with Radar,7,11,25,0,43,0,0,0,0,0,7,11,25,0,43,0,0,0,43
12/03/2019,MBS,MI,AGL,CE,Towers with Radar,6,12,15,0,33,0,0,1,0,1,6,12,16,0,34,0,0,0,34
12/04/2019,MBS,MI,AGL,CE,Towers with Radar,6,13,15,0,34,0,0,1,0,1,6,13,16,0,35,0,0,0,35
12/05/2019,MBS,MI,AGL,CE,Towers with Radar,5,15,31,0,51,0,0,5,0,5,5,15,36,0,56,0,0,0,56
12/06/2019,MBS,MI,AGL,CE,Towers with Radar,7,14,12,0,33,0,0,6,0,6,7,14,18,0,39,0,0,0,39
12/07/2019,MBS,MI,AGL,CE,Towers with Radar,9,7,20,0,36,0,0,74,0,74,9,7,94,0,110,26,0,26,136
12/08/2019,MBS,MI,AGL,CE,Towers with Radar,7,9,10,0,26,0,0,4,0,4,7,9,14,0,30,16,0,16,46
12/09/2019,MBS,MI,AGL,CE,Towers with Radar,6,15,23,0,44,0,0,0,0,0,6,15,23,0,44,0,0,0,44
12/10/2019,MBS,MI,AGL,CE,Towers with Radar,7,16,18,0,41,0,0,4,0,4,7,16,22,0,45,0,0,0,45
12/11/2019,MBS,MI,AGL,CE,Towers with Radar,6,13,31,0,50,0,0,9,0,9,6,13,40,0,59,6,0,6,65
12/12/2019,MBS,MI,AGL,CE,Towers with Radar,6,18,25,0,49,0,0,13,0,13,6,18,38,0,62,13,0,13,75
12/13/2019,MBS,MI,AGL,CE,Towers with Radar,6,11,16,0,33,0,0,15,0,15,6,11,31,0,48,24,0,24,72
12/14/2019,MBS,MI,AGL,CE,Towers with Radar,6,9,5,0,20,0,0,1,0,1,6,9,6,0,21,0,0,0,21
12/15/2019,MBS,MI,AGL,CE,Towers with Radar,7,8,5,0,20,0,0,8,0,8,7,8,13,0,28,24,0,24,52
12/16/2019,MBS,MI,AGL,CE,Towers with Radar,6,13,12,2,33,0,1,15,0,16,6,14,27,2,49,0,0,0,49
12/17/2019,MBS,MI,AGL,CE,Towers with Radar,6,11,6,0,23,0,0,9,1,10,6,11,15,1,33,12,0,12,45
12/18/2019,MBS,MI,AGL,CE,Towers with Radar,8,10,23,2,43,0,0,8,3,11,8,10,31,5,54,4,0,4,58
12/19/2019,MBS,MI,AGL,CE,Towers with Radar,10,10,26,2,48,0,0,13,3,16,10,10,39,5,64,2,0,2,66
12/20/2019,MBS,MI,AGL,CE,Towers with Radar,5,10,20,0,35,0,1,7,0,8,5,11,27,0,43,7,0,7,50
12/21/2019,MBS,MI,AGL,CE,Towers with Radar,1,13,11,0,25,0,0,26,0,26,1,13,37,0,51,3,0,3,54
12/22/2019,MBS,MI,AGL,CE,Towers with Radar,0,13,21,0,34,0,0,11,0,11,0,13,32,0,45,0,0,0,45
12/23/2019,MBS,MI,AGL,CE,Towers with Radar,0,14,9,0,23,0,0,2,0,2,0,14,11,0,25,0,0,0,25
12/24/2019,MBS,MI,AGL,CE,Towers with Radar,0,17,10,0,27,0,0,2,0,2,0,17,12,0,29,0,0,0,29
12/25/2019,MBS,MI,AGL,CE,Towers with Radar,0,11,3,0,14,0,0,3,0,3,0,11,6,0,17,0,0,0,17
12/26/2019,MBS,MI,AGL,CE,Towers with Radar,0,16,3,0,19,0,0,6,0,6,0,16,9,0,25,10,0,10,35
12/27/2019,MBS,MI,AGL,CE,Towers with Radar,0,16,13,0,29,0,0,4,0,4,0,16,17,0,33,0,0,0,33
12/28/2019,MBS,MI,AGL,CE,Towers with Radar,0,12,5,0,17,0,0,3,0,3,0,12,8,0,20,0,0,0,20
12/29/2019,MBS,MI,AGL,CE,Towers with Radar,2,10,4,0,16,0,0,0,0,0,2,10,4,0,16,0,0,0,16
12/30/2019,MBS,MI,AGL,CE,Towers with Radar,0,14,4,0,18,0,0,0,0,0,0,14,4,0,18,0,0,0,18
12/31/2019,MBS,MI,AGL,CE,Towers with Radar,0,18,3,0,21,0,0,0,0,0,0,18,3,0,21,0,0,0,21
01/01/2020,MBS,MI,AGL,CE,Towers with Radar,0,12,2,0,14,0,0,5,0,5,0,12,7,0,19,28,0,28,47
01/02/2020,MBS,MI,AGL,CE,Towers with Radar,0,15,5,0,20,0,0,6,0,6,0,15,11,0,26,2,0,2,28
01/03/2020,MBS,MI,AGL,CE,Towers with Radar,0,16,2,0,18,0,0,7,0,7,0,16,9,0,25,3,0,3,28
01/04/2020,MBS,MI,AGL,CE,Towers with Radar,0,14,4,0,18,0,0,1,0,1,0,14,5,0,19,0,0,0,19
01/05/2020,MBS,MI,AGL,CE,Towers with Radar,2,16,4,0,22,0,0,0,0,0,2,16,4,0,22,0,0,0,22
01/06/2020,MBS,MI,AGL,CE,Towers with Radar,6,14,15,0,35,0,0,9,0,9,6,14,24,0,44,8,0,8,52
01/07/2020,MBS,MI,AGL,CE,Towers with Radar,4,14,8,0,26,0,0,9,0,9,4,14,17,0,35,0,0,0,35
01/08/2020,MBS,MI,AGL,CE,Towers with Radar,4,14,7,0,25,0,0,7,0,7,4,14,14,0,32,0,0,0,32
01/09/2020,MBS,MI,AGL,CE,Towers with Radar,4,15,24,0,43,0,0,6,0,6,4,15,30,0,49,18,0,18,67
01/10/2020,MBS,MI,AGL,CE,Towers with Radar,3,16,21,0,40,0,0,0,0,0,3,16,21,0,40,0,0,0,40
01/11/2020,MBS,MI,AGL,CE,Towers with Radar,1,2,2,0,5,0,0,0,0,0,1,2,2,0,5,0,0,0,5
01/12/2020,MBS,MI,AGL,CE,Towers with Radar,7,7,11,0,25,0,0,0,0,0,7,7,11,0,25,0,0,0,25
01/13/2020,MBS,MI,AGL,CE,Towers with Radar,5,14,12,0,31,0,0,0,0,0,5,14,12,0,31,0,0,0,31
01/14/2020,MBS,MI,AGL,CE,Towers with Radar,3,15,13,0,31,0,0,0,0,0,3,15,13,0,31,0,0,0,31
01/15/2020,MBS,MI,AGL,CE,Towers with Radar,5,20,16,0,41,0,0,10,0,10,5,20,26,0,51,0,0,0,51
01/16/2020,MBS,MI,AGL,CE,Towers with Radar,3,17,6,0,26,0,1,1,0,2,3,18,7,0,28,0,0,0,28
01/17/2020,MBS,MI,AGL,CE,Towers with Radar,3,18,15,0,36,0,0,15,0,15,3,18,30,0,51,4,0,4,55
01/18/2020,MBS,MI,AGL,CE,Towers with Radar,4,9,1,0,14,0,0,0,0,0,4,9,1,0,14,0,0,0,14
01/19/2020,MBS,MI,AGL,CE,Towers with Radar,4,10,5,0,19,0,0,2,0,2,4,10,7,0,21,2,0,2,23
01/20/2020,MBS,MI,AGL,CE,Towers with Radar,5,14,22,0,41,3,1,24,0,28,8,15,46,0,69,4,0,4,73
01/21/2020,MBS,MI,AGL,CE,Towers with Radar,3,18,9,0,30,0,0,10,3,13,3,18,19,3,43,6,2,8,51
01/22/2020,MBS,MI,AGL,CE,Towers with Radar,3,15,14,0,32,0,1,12,0,13,3,16,26,0,45,10,0,10,55
01/23/2020,MBS,MI,AGL,CE,Towers with Radar,3,16,13,0,32,0,0,12,3,15,3,16,25,3,47,26,0,26,73
01/24/2020,MBS,MI,AGL,CE,Towers with Radar,3,14,7,0,24,0,0,0,0,0,3,14,7,0,24,0,0,0,24
01/25/2020,MBS,MI,AGL,CE,Towers with Radar,5,12,3,0,20,0,0,0,0,0,5,12,3,0,20,0,0,0,20
01/26/2020,MBS,MI,AGL,CE,Towers with Radar,3,11,2,0,16,0,0,0,0,0,3,11,2,0,16,0,0,0,16
01/27/2020,MBS,MI,AGL,CE,Towers with Radar,3,15,14,0,32,0,0,4,0,4,3,15,18,0,36,0,0,0,36
01/28/2020,MBS,MI,AGL,CE,Towers with Radar,5,15,14,0,34,0,0,10,0,10,5,15,24,0,44,26,0,26,70
01/29/2020,MBS,MI,AGL,CE,Towers with Radar,3,17,11,0,31,0,0,10,0,10,3,17,21,0,41,0,0,0,41
01/30/2020,MBS,MI,AGL,CE,Towers with Radar,3,17,12,0,32,0,0,10,0,10,3,17,22,0,42,0,0,0,42
01/31/2020,MBS,MI,AGL,CE,Towers with Radar,3,14,12,0,29,0,0,3,0,3,3,14,15,0,32,22,0,22,54
02/01/2020,MBS,MI,AGL,CE,Towers with Radar,3,9,4,0,16,0,0,0,0,0,3,9,4,0,16,0,0,0,16
02/02/2020,MBS,MI,AGL,CE,Towers with Radar,3,10,5,0,18,0,0,5,0,5,3,10,10,0,23,4,0,4,27
02/03/2020,MBS,MI,AGL,CE,Towers with Radar,2,16,21,0,39,0,0,24,0,24,2,16,45,0,63,14,0,14,77
02/04/2020,MBS,MI,AGL,CE,Towers with Radar,5,13,19,0,37,0,0,23,0,23,5,13,42,0,60,20,0,20,80
02/05/2020,MBS,MI,AGL,CE,Towers with Radar,4,21,12,0,37,0,1,19,3,23,4,22,31,3,60,27,0,27,87
02/06/2020,MBS,MI,AGL,CE,Towers with Radar,5,14,14,0,33,0,0,0,0,0,5,14,14,0,33,0,0,0,33
02/07/2020,MBS,MI,AGL,CE,Towers with Radar,3,16,13,0,32,0,0,1,5,6,3,16,14,5,38,0,0,0,38
02/08/2020,MBS,MI,AGL,CE,Towers with Radar,4,12,2,0,18,0,1,14,0,15,4,13,16,0,33,40,0,40,73
02/09/2020,MBS,MI,AGL,CE,Towers with Radar,3,9,4,0,16,0,0,2,0,2,3,9,6,0,18,4,0,4,22
02/10/2020,MBS,MI,AGL,CE,Towers with Radar,11,13,16,0,40,0,0,2,0,2,11,13,18,0,42,16,0,16,58
02/11/2020,MBS,MI,AGL,CE,Towers with Radar,3,17,18,0,38,0,2,3,0,5,3,19,21,0,43,0,0,0,43
02/12/2020,MBS,MI,AGL,CE,Towers with Radar,3,16,20,0,39,0,0,7,0,7,3,16,27,0,46,8,0,8,54
02/13/2020,MBS,MI,AGL,CE,Towers with Radar,3,13,22,0,38,0,0,0,0,0,3,13,22,0,38,0,0,0,38
02/14/2020,MBS,MI,AGL,CE,Towers with Radar,3,15,18,0,36,0,0,10,0,10,3,15,28,0,46,0,0,0,46
02/15/2020,MBS,MI,AGL,CE,Towers with Radar,4,12,5,0,21,0,0,0,0,0,4,12,5,0,21,0,0,0,21
02/16/2020,MBS,MI,AGL,CE,Towers with Radar,6,9,19,1,35,0,0,19,0,19,6,9,38,1,54,32,0,32,86
02/17/2020,MBS,MI,AGL,CE,Towers with Radar,3,12,9,0,24,0,0,3,0,3,3,12,12,0,27,14,0,14,41
02/18/2020,MBS,MI,AGL,CE,Towers with Radar,4,13,2,2,21,0,0,2,0,2,4,13,4,2,23,4,4,8,31
02/19/2020,MBS,MI,AGL,CE,Towers with Radar,3,15,9,0,27,0,0,10,0,10,3,15,19,0,37,0,0,0,37
02/20/2020,MBS,MI,AGL,CE,Towers with Radar,5,15,22,0,42,0,0,10,6,16,5,15,32,6,58,14,0,14,72
02/21/2020,MBS,MI,AGL,CE,Towers with Radar,3,16,14,0,33,0,1,8,0,9,3,17,22,0,42,4,0,4,46
02/22/2020,MBS,MI,AGL,CE,Towers with Radar,4,11,1,0,16,0,0,13,0,13,4,11,14,0,29,0,0,0,29
02/23/2020,MBS,MI,AGL,CE,Towers with Radar,3,14,9,0,26,0,0,36,0,36,3,14,45,0,62,0,0,0,62
02/24/2020,MBS,MI,AGL,CE,Towers with Radar,5,15,17,0,37,0,0,7,6,13,5,15,24,6,50,0,0,0,50
02/25/2020,MBS,MI,AGL,CE,Towers with Radar,3,20,15,0,38,0,0,0,0,0,3,20,15,0,38,0,0,0,38
02/26/2020,MBS,MI,AGL,CE,Towers with Radar,5,12,10,0,27,0,0,0,0,0,5,12,10,0,27,0,0,0,27
02/27/2020,MBS,MI,AGL,CE,Towers with Radar,4,19,16,0,39,0,0,0,0,0,4,19,16,0,39,0,0,0,39
02/28/2020,MBS,MI,AGL,CE,Towers with Radar,3,15,10,0,28,0,0,1,0,1,3,15,11,0,29,0,0,0,29
02/29/2020,MBS,MI,AGL,CE,Towers with Radar,4,16,5,0,25,0,0,9,0,9,4,16,14,0,34,0,0,0,34
03/01/2020,MBS,MI,AGL,CE,Towers with Radar,5,12,10,0,27,0,0,12,0,12,5,12,22,0,39,6,0,6,45
03/02/2020,MBS,MI,AGL,CE,Towers with Radar,5,13,18,0,36,0,0,16,0,16,5,13,34,0,52,20,0,20,72
03/03/2020,MBS,MI,AGL,CE,Towers with Radar,3,17,16,1,37,0,0,4,1,5,3,17,20,2,42,2,0,2,44
03/04/2020,MBS,MI,AGL,CE,Towers with Radar,3,18,19,3,43,0,0,8,0,8,3,18,27,3,51,0,0,0,51
03/05/2020,MBS,MI,AGL,CE,Towers with Radar,3,16,16,0,35,0,0,9,0,9,3,16,25,0,44,2,0,2,46
03/06/2020,MBS,MI,AGL,CE,Towers with Radar,3,17,5,0,25,0,0,1,0,1,3,17,6,0,26,0,0,0,26
03/07/2020,MBS,MI,AGL,CE,Towers with Radar,3,13,10,4,30,0,1,17,0,18,3,14,27,4,48,14,0,14,62
03/08/2020,MBS,MI,AGL,CE,Towers with Radar,4,12,3,0,19,0,0,10,0,10,4,12,13,0,29,4,0,4,33
03/09/2020,MBS,MI,AGL,CE,Towers with Radar,3,16,22,0,41,0,0,5,0,5,3,16,27,0,46,0,0,0,46
03/10/2020,MBS,MI,AGL,CE,Towers with Radar,3,15,8,0,26,0,0,5,0,5,3,15,13,0,31,10,0,10,41
03/11/2020,MBS,MI,AGL,CE,Towers with Radar,3,20,12,0,35,0,0,1,0,1,3,20,13,0,36,6,0,6,42
03/12/2020,MBS,MI,AGL,CE,Towers with Radar,2,18,21,0,41,0,0,4,0,4,2,18,25,0,45,20,0,20,65
03/13/2020,MBS,MI,AGL,CE,Towers with Radar,2,16,10,0,28,0,0,0,0,0,2,16,10,0,28,0,0,0,28
03/14/2020,MBS,MI,AGL,CE,Towers with Radar,6,10,14,0,30,0,0,10,1,11,6,10,24,1,41,8,0,8,49
03/15/2020,MBS,MI,AGL,CE,Towers with Radar,3,14,17,0,34,0,0,18,0,18,3,14,35,0,52,3,0,3,55
03/16/2020,MBS,MI,AGL,CE,Towers with Radar,2,13,12,1,28,0,0,14,1,15,2,13,26,2,43,15,0,15,58
03/17/2020,MBS,MI,AGL,CE,Towers with Radar,2,16,3,6,27,0,0,6,5,11,2,16,9,11,38,7,4,11,49
03/18/2020,MBS,MI,AGL,CE,Towers with Radar,2,15,11,0,28,0,0,9,0,9,2,15,20,0,37,6,0,6,43
03/19/2020,MBS,MI,AGL,CE,Towers with Radar,2,14,3,0,19,0,0,3,0,3,2,14,6,0,22,10,0,10,32
03/20/2020,MBS,MI,AGL,CE,Towers with Radar,3,15,5,0,23,0,0,0,0,0,3,15,5,0,23,0,0,0,23
03/21/2020,MBS,MI,AGL,CE,Towers with Radar,8,5,11,0,24,0,0,10,0,10,8,5,21,0,34,6,0,6,40
03/22/2020,MBS,MI,AGL,CE,Towers with Radar,3,11,6,0,20,0,0,12,0,12,3,11,18,0,32,10,0,10,42
03/23/2020,MBS,MI,AGL,CE,Towers with Radar,4,9,4,0,17,0,0,3,0,3,4,9,7,0,20,0,0,0,20
03/24/2020,MBS,MI,AGL,CE,Towers with Radar,3,15,1,0,19,0,0,4,0,4,3,15,5,0,23,0,0,0,23
03/25/2020,MBS,MI,AGL,CE,Towers with Radar,2,11,6,0,19,0,0,0,0,0,2,11,6,0,19,0,0,0,19
03/26/2020,MBS,MI,AGL,CE,Towers with Radar,3,11,4,0,18,0,0,2,1,3,3,11,6,1,21,6,0,6,27
03/27/2020,MBS,MI,AGL,CE,Towers with Radar,2,10,5,0,17,0,0,5,0,5,2,10,10,0,22,0,0,0,22
03/28/2020,MBS,MI,AGL,CE,Towers with Radar,8,6,8,0,22,0,0,0,0,0,8,6,8,0,22,0,0,0,22
03/29/2020,MBS,MI,AGL,CE,Towers with Radar,3,4,0,0,7,0,0,0,0,0,3,4,0,0,7,0,0,0,7
03/30/2020,MBS,MI,AGL,CE,Towers with Radar,3,7,0,0,10,0,0,0,0,0,3,7,0,0,10,0,0,0,10
03/31/2020,MBS,MI,AGL,CE,Towers with Radar,2,8,8,0,18,0,0,0,0,0,2,8,8,0,18,0,0,0,18
04/01/2020,MBS,MI,AGL,CE,Towers with Radar,2,6,8,0,16,0,0,0,0,0,2,6,8,0,16,0,0,0,16
04/02/2020,MBS,MI,AGL,CE,Towers with Radar,0,10,10,0,20,0,1,17,0,18,0,11,27,0,38,14,0,14,52
04/03/2020,MBS,MI,AGL,CE,Towers with Radar,0,7,3,0,10,0,0,12,0,12,0,7,15,0,22,1,0,1,23
04/04/2020,MBS,MI,AGL,CE,Towers with Radar,0,7,1,0,8,0,0,0,0,0,0,7,1,0,8,0,0,0,8
04/05/2020,MBS,MI,AGL,CE,Towers with Radar,0,5,8,0,13,0,1,4,0,5,0,6,12,0,18,17,0,17,35
04/06/2020,MBS,MI,AGL,CE,Towers with Radar,0,2,6,0,8,0,0,5,0,5,0,2,11,0,13,0,0,0,13
04/07/2020,MBS,MI,AGL,CE,Towers with Radar,0,10,4,0,14,0,0,0,0,0,0,10,4,0,14,1,0,1,15
04/08/2020,MBS,MI,AGL,CE,Towers with Radar,0,11,7,0,18,0,0,9,0,9,0,11,16,0,27,4,0,4,31
04/09/2020,MBS,MI,AGL,CE,Towers with Radar,0,10,3,0,13,0,0,3,0,3,0,10,6,0,16,0,0,0,16
04/10/2020,MBS,MI,AGL,CE,Towers with Radar,0,10,2,0,12,0,0,2,0,2,0,10,4,0,14,0,0,0,14
04/11/2020,MBS,MI,AGL,CE,Towers with Radar,0,9,4,2,15,0,0,6,0,6,0,9,10,2,21,6,2,8,29
04/12/2020,MBS,MI,AGL,CE,Towers with Radar,0,5,0,0,5,0,0,0,0,0,0,5,0,0,5,0,0,0,5
04/13/2020,MBS,MI,AGL,CE,Towers with Radar,0,5,0,0,5,0,0,0,0,0,0,5,0,0,5,0,0,0,5
04/14/2020,MBS,MI,AGL,CE,Towers with Radar,0,9,3,0,12,0,0,2,0,2,0,9,5,0,14,0,0,0,14
04/15/2020,MBS,MI,AGL,CE,Towers with Radar,0,8,1,1,10,0,0,6,1,7,0,8,7,2,17,0,0,0,17
04/16/2020,MBS,MI,AGL,CE,Towers with Radar,0,8,8,0,16,0,1,7,0,8,0,9,15,0,24,0,0,0,24
04/17/2020,MBS,MI,AGL,CE,Towers with Radar,0,5,7,0,12,0,0,8,0,8,0,5,15,0,20,2,0,2,22
04/18/2020,MBS,MI,AGL,CE,Towers with Radar,0,7,7,0,14,0,0,6,0,6,0,7,13,0,20,0,0,0,20
04/19/2020,MBS,MI,AGL,CE,Towers with Radar,0,3,11,0,14,0,0,1,0,1,0,3,12,0,15,0,0,0,15
04/20/2020,MBS,MI,AGL,CE,Towers with Radar,0,5,4,0,9,0,0,8,0,8,0,5,12,0,17,2,0,2,19
04/21/2020,MBS,MI,AGL,CE,Towers with Radar,0,8,3,0,11,0,0,1,1,2,0,8,4,1,13,0,0,0,13
04/22/2020,MBS,MI,AGL,CE,Towers with Radar,0,10,4,0,14,0,0,2,0,2,0,10,6,0,16,0,0,0,16
04/23/2020,MBS,MI,AGL,CE,Towers with Radar,0,7,6,0,13,0,0,0,0,0,0,7,6,0,13,0,0,0,13
04/24/2020,MBS,MI,AGL,CE,Towers with Radar,0,5,18,0,23,0,1,8,0,9,0,6,26,0,32,25,0,25,57
04/25/2020,MBS,MI,AGL,CE,Towers with Radar,0,5,4,0,9,0,0,6,0,6,0,5,10,0,15,23,0,23,38
04/26/2020,MBS,MI,AGL,CE,Towers with Radar,0,3,5,0,8,0,0,4,0,4,0,3,9,0,12,1,0,1,13
04/27/2020,MBS,MI,AGL,CE,Towers with Radar,0,4,6,0,10,0,0,8,0,8,0,4,14,0,18,3,0,3,21
04/28/2020,MBS,MI,AGL,CE,Towers with Radar,0,6,5,2,13,0,0,5,0,5,0,6,10,2,18,0,0,0,18
04/29/2020,MBS,MI,AGL,CE,Towers with Radar,0,8,0,2,10,0,0,0,0,0,0,8,0,2,10,0,0,0,10
04/30/2020,MBS,MI,AGL,CE,Towers with Radar,0,6,1,2,9,0,0,0,0,0,0,6,1,2,9,0,0,0,9
05/01/2020,MBS,MI,AGL,CE,Towers with Radar,0,6,6,0,12,0,0,2,0,2,0,6,8,0,14,0,0,0,14
05/02/2020,MBS,MI,AGL,CE,Towers with Radar,0,6,4,0,10,0,0,2,0,2,0,6,6,0,12,6,0,6,18
05/03/2020,MBS,MI,AGL,CE,Towers with Radar,0,3,6,0,9,0,2,6,0,8,0,5,12,0,17,0,0,0,17
05/04/2020,MBS,MI,AGL,CE,Towers with Radar,0,4,3,0,7,0,0,9,0,9,0,4,12,0,16,0,0,0,16
05/05/2020,MBS,MI,AGL,CE,Towers with Radar,0,2,7,0,9,0,0,9,0,9,0,2,16,0,18,0,0,0,18
05/06/2020,MBS,MI,AGL,CE,Towers with Radar,0,5,15,4,24,0,0,5,0,5,0,5,20,4,29,0,0,0,29
05/07/2020,MBS,MI,AGL,CE,Towers with Radar,0,6,1,0,7,0,1,2,0,3,0,7,3,0,10,0,0,0,10
05/08/2020,MBS,MI,AGL,CE,Towers with Radar,0,5,4,0,9,0,0,0,0,0,0,5,4,0,9,0,0,0,9
05/09/2020,MBS,MI,AGL,CE,Towers with Radar,0,2,8,0,10,0,0,2,0,2,0,2,10,0,12,4,0,4,16
05/10/2020,MBS,MI,AGL,CE,Towers with Radar,0,4,0,0,4,0,0,0,0,0,0,4,0,0,4,0,0,0,4
05/11/2020,MBS,MI,AGL,CE,Towers with Radar,0,4,5,0,9,0,0,2,0,2,0,4,7,0,11,0,0,0,11
05/12/2020,MBS,MI,AGL,CE,Towers with Radar,0,7,3,0,10,0,0,9,0,9,0,7,12,0,19,0,0,0,19
05/13/2020,MBS,MI,AGL,CE,Towers with Radar,0,5,6,0,11,0,0,9,0,9,0,5,15,0,20,0,0,0,20
05/14/2020,MBS,MI,AGL,CE,Towers with Radar,0,5,2,0,7,0,0,0,0,0,0,5,2,0,7,0,0,0,7
05/15/2020,MBS,MI,AGL,CE,Towers with Radar,0,8,12,0,20,0,0,0,0,0,0,8,12,0,20,0,0,0,20
05/16/2020,MBS,MI,AGL,CE,Towers with Radar,0,7,2,0,9,0,0,3,0,3,0,7,5,0,12,0,0,0,12
05/17/2020,MBS,MI,AGL,CE,Towers with Radar,9,3,0,0,12,1,0,3,0,4,10,3,3,0,16,0,0,0,16
05/18/2020,MBS,MI,AGL,CE,Towers with Radar,0,4,8,0,12,0,0,0,0,0,0,4,8,0,12,0,0,0,12
05/19/2020,MBS,MI,AGL,CE,Towers with Radar,0,4,3,0,7,0,0,2,0,2,0,4,5,0,9,0,0,0,9
05/20/2020,MBS,MI,AGL,CE,Towers with Radar,0,4,11,0,15,0,0,25,0,25,0,4,36,0,40,16,1,17,57
05/21/2020,MBS,MI,AGL,CE,Towers with Radar,0,5,14,0,19,0,0,16,0,16,0,5,30,0,35,14,0,14,49
05/22/2020,MBS,MI,AGL,CE,Towers with Radar,0,5,17,0,22,0,0,24,0,24,0,5,41,0,46,4,0,4,50
05/23/2020,MBS,MI,AGL,CE,Towers with Radar,0,5,11,0,16,0,0,5,0,5,0,5,16,0,21,4,0,4,25
05/24/2020,MBS,MI,AGL,CE,Towers with Radar,0,3,4,0,7,0,0,2,0,2,0,3,6,0,9,0,0,0,9
05/25/2020,MBS,MI,AGL,CE,Towers with Radar,0,4,8,0,12,0,0,6,0,6,0,4,14,0,18,6,0,6,24
05/26/2020,MBS,MI,AGL,CE,Towers with Radar,0,7,14,3,24,0,0,13,0,13,0,7,27,3,37,32,2,34,71
05/27/2020,MBS,MI,AGL,CE,Towers with Radar,0,7,4,0,11,0,0,5,0,5,0,7,9,0,16,0,0,0,16
05/28/2020,MBS,MI,AGL,CE,Towers with Radar,0,15,11,0,26,0,0,0,0,0,0,15,11,0,26,0,0,0,26
05/29/2020,MBS,MI,AGL,CE,Towers with Radar,0,8,2,0,10,0,0,0,0,0,0,8,2,0,10,0,0,0,10
05/30/2020,MBS,MI,AGL,CE,Towers with Radar,0,6,2,0,8,0,0,14,0,14,0,6,16,0,22,4,0,4,26
05/31/2020,MBS,MI,AGL,CE,Towers with Radar,0,4,4,0,8,0,0,13,0,13,0,4,17,0,21,2,0,2,23
06/01/2020,MBS,MI,AGL,CE,Towers with Radar,0,3,12,7,22,1,1,13,0,15,1,4,25,7,37,14,16,30,67
06/02/2020,MBS,MI,AGL,CE,Towers with Radar,1,6,6,1,14,0,0,9,0,9,1,6,15,1,23,2,0,2,25
06/03/2020,MBS,MI,AGL,CE,Towers with Radar,0,7,16,0,23,0,0,6,0,6,0,7,22,0,29,0,0,0,29
06/04/2020,MBS,MI,AGL,CE,Towers with Radar,0,7,8,0,15,0,1,11,0,12,0,8,19,0,27,1,0,1,28
06/05/2020,MBS,MI,AGL,CE,Towers with Radar,0,5,3,0,8,0,0,2,0,2,0,5,5,0,10,2,0,2,12
06/06/2020,MBS,MI,AGL,CE,Towers with Radar,0,8,3,3,14,0,0,8,0,8,0,8,11,3,22,3,4,7,29
06/07/2020,MBS,MI,AGL,CE,Towers with Radar,0,7,10,0,17,0,0,14,0,14,0,7,24,0,31,0,0,0,31
06/08/2020,MBS,MI,AGL,CE,Towers with Radar,0,3,7,3,13,0,0,11,0,11,0,3,18,3,24,6,0,6,30
06/09/2020,MBS,MI,AGL,CE,Towers with Radar,3,4,2,0,9,0,0,4,3,7,3,4,6,3,16,0,0,0,16
06/10/2020,MBS,MI,AGL,CE,Towers with Radar,0,5,5,0,10,0,0,0,0,0,0,5,5,0,10,0,0,0,10
06/11/2020,MBS,MI,AGL,CE,Towers with Radar,0,4,12,0,16,0,0,0,3,3,0,4,12,3,19,1,1,2,21
06/12/2020,MBS,MI,AGL,CE,Towers with Radar,0,4,8,0,12,0,0,10,0,10,0,4,18,0,22,4,0,4,26
06/13/2020,MBS,MI,AGL,CE,Towers with Radar,0,7,3,0,10,0,0,6,0,6,0,7,9,0,16,2,0,2,18
06/14/2020,MBS,MI,AGL,CE,Towers with Radar,0,4,6,0,10,0,0,13,0,13,0,4,19,0,23,38,0,38,61
06/15/2020,MBS,MI,AGL,CE,Towers with Radar,0,4,8,0,12,0,0,8,2,10,0,4,16,2,22,6,0,6,28
06/16/2020,MBS,MI,AGL,CE,Towers with Radar,0,5,15,0,20,0,0,12,0,12,0,5,27,0,32,4,0,4,36
06/17/2020,MBS,MI,AGL,CE,Towers with Radar,0,4,12,0,16,0,0,18,0,18,0,4,30,0,34,7,0,7,41
06/18/2020,MBS,MI,AGL,CE,Towers with Radar,0,5,5,0,10,0,0,8,0,8,0,5,13,0,18,0,0,0,18
06/19/2020,MBS,MI,AGL,CE,Towers with Radar,0,5,12,0,17,0,0,11,0,11,0,5,23,0,28,0,0,0,28
06/20/2020,MBS,MI,AGL,CE,Towers with Radar,0,4,4,0,8,0,0,8,0,8,0,4,12,0,16,0,0,0,16
06/21/2020,MBS,MI,AGL,CE,Towers with Radar,0,4,3,0,7,0,0,0,0,0,0,4,3,0,7,0,0,0,7
06/22/2020,MBS,MI,AGL,CE,Towers with Radar,0,10,8,0,18,0,2,7,0,9,0,12,15,0,27,0,0,0,27
06/23/2020,MBS,MI,AGL,CE,Towers with Radar,1,8,0,0,9,0,0,0,0,0,1,8,0,0,9,0,0,0,9
06/24/2020,MBS,MI,AGL,CE,Towers with Radar,0,7,10,0,17,0,0,4,0,4,0,7,14,0,21,4,0,4,25
06/25/2020,MBS,MI,AGL,CE,Towers with Radar,0,9,12,0,21,0,11,12,0,23,0,20,24,0,44,0,0,0,44
06/26/2020,MBS,MI,AGL,CE,Towers with Radar,0,10,3,0,13,0,1,8,0,9,0,11,11,0,22,9,0,9,31
06/27/2020,MBS,MI,AGL,CE,Towers with Radar,0,7,12,0,19,0,0,0,0,0,0,7,12,0,19,28,0,28,47
06/28/2020,MBS,MI,AGL,CE,Towers with Radar,0,5,19,0,24,0,0,4,0,4,0,5,23,0,28,0,0,0,28
06/29/2020,MBS,MI,AGL,CE,Towers with Radar,0,5,5,0,10,0,1,7,1,9,0,6,12,1,19,12,0,12,31
06/30/2020,MBS,MI,AGL,CE,Towers with Radar,0,6,5,0,11,0,0,18,4,22,0,6,23,4,33,34,0,34,67
07/01/2020,MBS,MI,AGL,CE,Towers with Radar,0,5,16,0,21,0,0,16,0,16,0,5,32,0,37,10,0,10,47
07/02/2020,MBS,MI,AGL,CE,Towers with Radar,0,11,15,0,26,0,0,6,0,6,0,11,21,0,32,6,0,6,38
07/03/2020,MBS,MI,AGL,CE,Towers with Radar,0,9,5,0,14,0,0,4,0,4,0,9,9,0,18,2,0,2,20
07/04/2020,MBS,MI,AGL,CE,Towers with Radar,0,8,2,0,10,0,0,4,0,4,0,8,6,0,14,2,0,2,16
07/05/2020,MBS,MI,AGL,CE,Towers with Radar,0,12,12,0,24,0,0,6,0,6,0,12,18,0,30,0,0,0,30
07/06/2020,MBS,MI,AGL,CE,Towers with Radar,0,9,9,0,18,0,0,5,0,5,0,9,14,0,23,1,0,1,24
07/07/2020,MBS,MI,AGL,CE,Towers with Radar,2,8,15,0,25,0,0,8,0,8,2,8,23,0,33,0,0,0,33
07/08/2020,MBS,MI,AGL,CE,Towers with Radar,0,11,8,3,22,0,0,12,0,12,0,11,20,3,34,0,4,4,38
07/09/2020,MBS,MI,AGL,CE,Towers with Radar,0,10,7,0,17,0,0,5,5,10,0,10,12,5,27,10,0,10,37
07/10/2020,MBS,MI,AGL,CE,Towers with Radar,2,9,2,0,13,0,0,1,0,1,2,9,3,0,14,0,0,0,14
07/11/2020,MBS,MI,AGL,CE,Towers with Radar,0,12,7,0,19,0,0,3,0,3,0,12,10,0,22,0,0,0,22
07/12/2020,MBS,MI,AGL,CE,Towers with Radar,0,9,10,0,19,0,0,6,0,6,0,9,16,0,25,0,0,0,25
07/13/2020,MBS,MI,AGL,CE,Towers with Radar,0,10,14,0,24,0,0,9,0,9,0,10,23,0,33,0,0,0,33
07/14/2020,MBS,MI,AGL,CE,Towers with Radar,2,10,8,0,20,0,0,9,0,9,2,10,17,0,29,6,0,6,35
07/15/2020,MBS,MI,AGL,CE,Towers with Radar,0,12,11,3,26,0,0,11,1,12,0,12,22,4,38,10,0,10,48
07/16/2020,MBS,MI,AGL,CE,Towers with Radar,0,18,5,2,25,0,0,1,0,1,0,18,6,2,26,0,0,0,26
07/17/2020,MBS,MI,AGL,CE,Towers with Radar,0,9,11,0,20,0,0,22,1,23,0,9,33,1,43,7,0,7,50
07/18/2020,MBS,MI,AGL,CE,Towers with Radar,0,11,4,0,15,0,0,6,0,6,0,11,10,0,21,10,0,10,31
07/19/2020,MBS,MI,AGL,CE,Towers with Radar,0,6,2,0,8,0,0,3,0,3,0,6,5,0,11,8,0,8,19
07/20/2020,MBS,MI,AGL,CE,Towers with Radar,0,8,10,4,22,0,1,20,0,21,0,9,30,4,43,1,0,1,44
07/21/2020,MBS,MI,AGL,CE,Towers with Radar,0,7,12,0,19,0,1,12,0,13,0,8,24,0,32,12,0,12,44
07/22/2020,MBS,MI,AGL,CE,Towers with Radar,0,10,5,0,15,0,0,3,0,3,0,10,8,0,18,10,0,10,28
07/23/2020,MBS,MI,AGL,CE,Towers with Radar,0,11,10,0,21,0,0,11,0,11,0,11,21,0,32,0,0,0,32
07/24/2020,MBS,MI,AGL,CE,Towers with Radar,0,0,0,0,0,0,0,0,0,0,0,0,0,0,0,0,0,0,0
07/25/2020,MBS,MI,AGL,CE,Towers with Radar,0,10,11,0,21,0,0,19,0,19,0,10,30,0,40,14,0,14,54
07/26/2020,MBS,MI,AGL,CE,Towers with Radar,0,14,6,0,20,0,0,0,0,0,0,14,6,0,20,1,0,1,21
07/27/2020,MBS,MI,AGL,CE,Towers with Radar,0,0,0,0,0,0,0,0,0,0,0,0,0,0,0,0,0,0,0
07/28/2020,MBS,MI,AGL,CE,Towers with Radar,0,11,2,0,13,0,0,13,5,18,0,11,15,5,31,6,0,6,37
07/29/2020,MBS,MI,AGL,CE,Towers with Radar,0,0,0,0,0,0,0,0,0,0,0,0,0,0,0,0,0,0,0
07/30/2020,MBS,MI,AGL,CE,Towers with Radar,0,0,0,0,0,0,0,0,0,0,0,0,0,0,0,0,0,0,0
07/31/2020,MBS,MI,AGL,CE,Towers with Radar,1,6,8,0,15,0,0,12,0,12,1,6,20,0,27,0,0,0,27
08/01/2020,MBS,MI,AGL,CE,Towers with Radar,4,8,13,0,25,0,0,8,0,8,4,8,21,0,33,14,0,14,47
08/02/2020,MBS,MI,AGL,CE,Towers with Radar,4,6,6,0,16,0,0,0,0,0,4,6,6,0,16,0,0,0,16
08/03/2020,MBS,MI,AGL,CE,Towers with Radar,0,0,0,0,0,0,0,0,0,0,0,0,0,0,0,0,0,0,0
08/04/2020,MBS,MI,AGL,CE,Towers with Radar,4,7,4,0,15,0,0,3,0,3,4,7,7,0,18,1,0,1,19
08/05/2020,MBS,MI,AGL,CE,Towers with Radar,4,7,8,0,19,0,0,21,0,21,4,7,29,0,40,1,0,1,41
08/06/2020,MBS,MI,AGL,CE,Towers with Radar,0,0,0,0,0,0,0,0,0,0,0,0,0,0,0,0,0,0,0
08/07/2020,MBS,MI,AGL,CE,Towers with Radar,0,0,0,0,0,0,0,0,0,0,0,0,0,0,0,0,0,0,0
08/08/2020,MBS,MI,AGL,CE,Towers with Radar,0,0,0,0,0,0,0,0,0,0,0,0,0,0,0,0,0,0,0
08/09/2020,MBS,MI,AGL,CE,Towers with Radar,0,0,0,0,0,0,0,0,0,0,0,0,0,0,0,0,0,0,0
08/10/2020,MBS,MI,AGL,CE,Towers with Radar,0,0,0,0,0,0,0,0,0,0,0,0,0,0,0,0,0,0,0
08/11/2020,MBS,MI,AGL,CE,Towers with Radar,4,10,3,0,17,0,3,8,0,11,4,13,11,0,28,60,0,60,88
08/12/2020,MBS,MI,AGL,CE,Towers with Radar,0,0,0,0,0,0,0,0,0,0,0,0,0,0,0,0,0,0,0
08/13/2020,MBS,MI,AGL,CE,Towers with Radar,0,0,0,0,0,0,0,0,0,0,0,0,0,0,0,0,0,0,0
08/14/2020,MBS,MI,AGL,CE,Towers with Radar,4,8,4,0,16,0,0,10,0,10,4,8,14,0,26,0,0,0,26
08/15/2020,MBS,MI,AGL,CE,Towers with Radar,4,10,6,0,20,0,0,6,0,6,4,10,12,0,26,0,0,0,26
08/16/2020,MBS,MI,AGL,CE,Towers with Radar,4,6,2,0,12,0,1,0,0,1,4,7,2,0,13,0,0,0,13
08/17/2020,MBS,MI,AGL,CE,Towers with Radar,0,0,0,0,0,0,0,0,0,0,0,0,0,0,0,0,0,0,0
08/18/2020,MBS,MI,AGL,CE,Towers with Radar,4,17,13,0,34,0,6,9,0,15,4,23,22,0,49,8,0,8,57
08/19/2020,MBS,MI,AGL,CE,Towers with Radar,4,19,24,0,47,0,10,12,0,22,4,29,36,0,69,29,0,29,98
08/20/2020,MBS,MI,AGL,CE,Towers with Radar,4,12,5,0,21,0,5,11,0,16,4,17,16,0,37,16,0,16,53
08/21/2020,MBS,MI,AGL,CE,Towers with Radar,4,15,3,0,22,0,7,7,0,14,4,22,10,0,36,8,0,8,44
08/22/2020,MBS,MI,AGL,CE,Towers with Radar,4,13,11,0,28,0,4,14,1,19,4,17,25,1,47,0,0,0,47
08/23/2020,MBS,MI,AGL,CE,Towers with Radar,4,10,7,0,21,0,5,10,0,15,4,15,17,0,36,0,0,0,36
08/24/2020,MBS,MI,AGL,CE,Towers with Radar,4,21,4,0,29,0,4,2,0,6,4,25,6,0,35,0,0,0,35
08/25/2020,MBS,MI,AGL,CE,Towers with Radar,5,14,6,0,25,0,7,8,3,18,5,21,14,3,43,6,0,6,49
08/26/2020,MBS,MI,AGL,CE,Towers with Radar,5,13,7,0,25,0,6,1,0,7,5,19,8,0,32,0,0,0,32
08/27/2020,MBS,MI,AGL,CE,Towers with Radar,4,11,15,0,30,1,12,10,1,24,5,23,25,1,54,8,0,8,62
08/28/2020,MBS,MI,AGL,CE,Towers with Radar,4,7,1,0,12,0,0,0,0,0,4,7,1,0,12,0,0,0,12
08/29/2020,MBS,MI,AGL,CE,Towers with Radar,6,21,7,0,34,0,7,1,0,8,6,28,8,0,42,0,0,0,42
08/30/2020,MBS,MI,AGL,CE,Towers with Radar,4,17,1,0,22,0,6,12,0,18,4,23,13,0,40,4,0,4,44
08/31/2020,MBS,MI,AGL,CE,Towers with Radar,4,16,8,1,29,0,8,6,0,14,4,24,14,1,43,4,0,4,47
09/01/2020,MBS,MI,AGL,CE,Towers with Radar,4,14,4,0,22,0,2,5,0,7,4,16,9,0,29,0,0,0,29
09/02/2020,MBS,MI,AGL,CE,Towers with Radar,4,23,11,0,38,0,4,6,0,10,4,27,17,0,48,2,0,2,50
09/03/2020,MBS,MI,AGL,CE,Towers with Radar,4,10,1,0,15,0,0,9,0,9,4,10,10,0,24,1,0,1,25
09/04/2020,MBS,MI,AGL,CE,Towers with Radar,4,10,3,1,18,0,0,7,0,7,4,10,10,1,25,1,0,1,26
09/05/2020,MBS,MI,AGL,CE,Towers with Radar,4,7,3,0,14,0,0,1,0,1,4,7,4,0,15,0,0,0,15
09/06/2020,MBS,MI,AGL,CE,Towers with Radar,4,2,2,0,8,0,0,6,0,6,4,2,8,0,14,6,0,6,20
09/07/2020,MBS,MI,AGL,CE,Towers with Radar,4,8,11,0,23,0,0,8,0,8,4,8,19,0,31,0,0,0,31
09/08/2020,MBS,MI,AGL,CE,Towers with Radar,5,8,11,2,26,0,0,0,1,1,5,8,11,3,27,0,0,0,27
09/09/2020,MBS,MI,AGL,CE,Towers with Radar,6,6,41,2,55,0,0,7,0,7,6,6,48,2,62,0,0,0,62
09/10/2020,MBS,MI,AGL,CE,Towers with Radar,6,6,9,3,24,0,0,3,0,3,6,6,12,3,27,0,0,0,27
09/11/2020,MBS,MI,AGL,CE,Towers with Radar,6,5,7,3,21,0,0,8,0,8,6,5,15,3,29,2,0,2,31
09/12/2020,MBS,MI,AGL,CE,Towers with Radar,6,8,5,0,19,0,0,7,0,7,6,8,12,0,26,14,0,14,40
09/13/2020,MBS,MI,AGL,CE,Towers with Radar,6,6,5,0,17,0,1,4,0,5,6,7,9,0,22,20,0,20,42
09/14/2020,MBS,MI,AGL,CE,Towers with Radar,5,2,6,0,13,0,0,18,0,18,5,2,24,0,31,16,0,16,47
09/15/2020,MBS,MI,AGL,CE,Towers with Radar,6,7,8,0,21,0,0,5,0,5,6,7,13,0,26,7,0,7,33
09/16/2020,MBS,MI,AGL,CE,Towers with Radar,5,6,3,0,14,0,0,3,0,3,5,6,6,0,17,1,0,1,18
09/17/2020,MBS,MI,AGL,CE,Towers with Radar,6,4,10,0,20,0,0,12,0,12,6,4,22,0,32,2,0,2,34
09/18/2020,MBS,MI,AGL,CE,Towers with Radar,6,9,6,0,21,0,1,14,0,15,6,10,20,0,36,4,0,4,40
09/19/2020,MBS,MI,AGL,CE,Towers with Radar,6,6,9,0,21,0,0,21,0,21,6,6,30,0,42,6,0,6,48
09/20/2020,MBS,MI,AGL,CE,Towers with Radar,6,4,7,0,17,0,0,11,0,11,6,4,18,0,28,6,0,6,34
09/21/2020,MBS,MI,AGL,CE,Towers with Radar,6,5,8,0,19,0,1,8,0,9,6,6,16,0,28,5,0,5,33
09/22/2020,MBS,MI,AGL,CE,Towers with Radar,6,5,5,0,16,0,0,7,0,7,6,5,12,0,23,0,0,0,23
09/23/2020,MBS,MI,AGL,CE,Towers with Radar,6,6,8,0,20,0,2,9,0,11,6,8,17,0,31,3,0,3,34
09/24/2020,MBS,MI,AGL,CE,Towers with Radar,6,6,7,0,19,0,0,9,0,9,6,6,16,0,28,0,0,0,28
09/25/2020,MBS,MI,AGL,CE,Towers with Radar,6,4,5,0,15,0,0,4,0,4,6,4,9,0,19,0,0,0,19
09/26/2020,MBS,MI,AGL,CE,Towers with Radar,8,4,2,0,14,0,2,13,0,15,8,6,15,0,29,4,0,4,33
09/27/2020,MBS,MI,AGL,CE,Towers with Radar,6,4,4,0,14,0,0,4,0,4,6,4,8,0,18,0,0,0,18
09/28/2020,MBS,MI,AGL,CE,Towers with Radar,6,2,3,0,11,0,0,0,0,0,6,2,3,0,11,0,0,0,11
09/29/2020,MBS,MI,AGL,CE,Towers with Radar,6,8,9,0,23,0,0,5,0,5,6,8,14,0,28,0,0,0,28
09/30/2020,MBS,MI,AGL,CE,Towers with Radar,8,8,4,0,20,0,0,0,0,0,8,8,4,0,20,0,0,0,20
10/01/2020,MBS,MI,AGL,CE,Towers with Radar,6,15,15,0,36,0,0,2,0,2,6,15,17,0,38,0,0,0,38
10/02/2020,MBS,MI,AGL,CE,Towers with Radar,6,5,6,0,17,0,0,4,0,4,6,5,10,0,21,0,0,0,21
10/03/2020,MBS,MI,AGL,CE,Towers with Radar,4,6,5,0,15,0,0,9,0,9,4,6,14,0,24,3,0,3,27
10/04/2020,MBS,MI,AGL,CE,Towers with Radar,6,8,8,0,22,0,0,2,0,2,6,8,10,0,24,0,0,0,24
10/05/2020,MBS,MI,AGL,CE,Towers with Radar,5,5,9,0,19,0,0,2,0,2,5,5,11,0,21,1,0,1,22
10/06/2020,MBS,MI,AGL,CE,Towers with Radar,4,4,6,0,14,0,0,14,0,14,4,4,20,0,28,16,0,16,44
10/07/2020,MBS,MI,AGL,CE,Towers with Radar,4,8,3,0,15,0,0,3,0,3,4,8,6,0,18,0,0,0,18
10/08/2020,MBS,MI,AGL,CE,Towers with Radar,6,4,12,0,22,0,1,5,0,6,6,5,17,0,28,3,0,3,31
10/09/2020,MBS,MI,AGL,CE,Towers with Radar,6,7,4,0,17,0,0,8,0,8,6,7,12,0,25,2,0,2,27
10/10/2020,MBS,MI,AGL,CE,Towers with Radar,4,7,9,0,20,0,0,8,0,8,4,7,17,0,28,4,0,4,32
10/11/2020,MBS,MI,AGL,CE,Towers with Radar,6,4,13,0,23,0,0,15,0,15,6,4,28,0,38,9,0,9,47
10/12/2020,MBS,MI,AGL,CE,Towers with Radar,6,9,14,0,29,0,0,0,0,0,6,9,14,0,29,0,0,0,29
10/13/2020,MBS,MI,AGL,CE,Towers with Radar,4,8,13,2,27,0,0,12,0,12,4,8,25,2,39,9,0,9,48
10/14/2020,MBS,MI,AGL,CE,Towers with Radar,4,30,10,0,44,0,0,3,0,3,4,30,13,0,47,0,0,0,47
10/15/2020,MBS,MI,AGL,CE,Towers with Radar,6,6,15,0,27,0,0,4,0,4,6,6,19,0,31,4,0,4,35
10/16/2020,MBS,MI,AGL,CE,Towers with Radar,5,8,14,0,27,0,0,16,0,16,5,8,30,0,43,15,0,15,58
10/17/2020,MBS,MI,AGL,CE,Towers with Radar,4,6,0,0,10,0,0,4,0,4,4,6,4,0,14,14,0,14,28
10/18/2020,MBS,MI,AGL,CE,Towers with Radar,6,5,20,0,31,0,0,0,0,0,6,5,20,0,31,0,0,0,31
10/19/2020,MBS,MI,AGL,CE,Towers with Radar,6,4,5,0,15,0,0,4,0,4,6,4,9,0,19,36,0,36,55
10/20/2020,MBS,MI,AGL,CE,Towers with Radar,4,11,17,0,32,0,0,5,0,5,4,11,22,0,37,0,0,0,37
10/21/2020,MBS,MI,AGL,CE,Towers with Radar,4,7,19,0,30,0,0,8,0,8,4,7,27,0,38,0,0,0,38
10/22/2020,MBS,MI,AGL,CE,Towers with Radar,10,6,12,0,28,0,0,0,0,0,10,6,12,0,28,0,0,0,28
10/23/2020,MBS,MI,AGL,CE,Towers with Radar,8,7,8,0,23,0,0,2,0,2,8,7,10,0,25,0,0,0,25
10/24/2020,MBS,MI,AGL,CE,Towers with Radar,4,5,9,0,18,0,0,13,0,13,4,5,22,0,31,15,0,15,46
10/25/2020,MBS,MI,AGL,CE,Towers with Radar,6,4,2,0,12,0,0,0,0,0,6,4,2,0,12,0,0,0,12
10/26/2020,MBS,MI,AGL,CE,Towers with Radar,6,6,1,0,13,0,0,1,0,1,6,6,2,0,14,14,0,14,28
10/27/2020,MBS,MI,AGL,CE,Towers with Radar,6,8,12,0,26,0,0,2,0,2,6,8,14,0,28,3,0,3,31
10/28/2020,MBS,MI,AGL,CE,Towers with Radar,4,9,3,0,16,0,0,5,0,5,4,9,8,0,21,5,0,5,26
10/29/2020,MBS,MI,AGL,CE,Towers with Radar,6,9,13,0,28,0,0,0,0,0,6,9,13,0,28,0,0,0,28
10/30/2020,MBS,MI,AGL,CE,Towers with Radar,6,5,10,0,21,0,0,3,0,3,6,5,13,0,24,0,0,0,24
10/31/2020,MBS,MI,AGL,CE,Towers with Radar,4,4,4,0,12,0,0,7,0,7,4,4,11,0,19,8,0,8,27
11/01/2020,MBS,MI,AGL,CE,Towers with Radar,6,4,1,0,11,0,0,1,0,1,6,4,2,0,12,0,0,0,12
11/02/2020,MBS,MI,AGL,CE,Towers with Radar,6,10,7,0,23,0,0,6,0,6,6,10,13,0,29,0,0,0,29
11/03/2020,MBS,MI,AGL,CE,Towers with Radar,4,5,15,0,24,0,0,14,0,14,4,5,29,0,38,0,0,0,38
11/04/2020,MBS,MI,AGL,CE,Towers with Radar,4,5,6,0,15,0,0,8,0,8,4,5,14,0,23,0,0,0,23
11/05/2020,MBS,MI,AGL,CE,Towers with Radar,5,8,6,0,19,0,0,4,0,4,5,8,10,0,23,9,0,9,32
11/06/2020,MBS,MI,AGL,CE,Towers with Radar,6,2,9,0,17,0,3,9,0,12,6,5,18,0,29,1,0,1,30
11/07/2020,MBS,MI,AGL,CE,Towers with Radar,4,7,7,0,18,0,1,10,0,11,4,8,17,0,29,3,0,3,32
11/08/2020,MBS,MI,AGL,CE,Towers with Radar,6,4,9,0,19,0,1,16,0,17,6,5,25,0,36,31,0,31,67
11/09/2020,MBS,MI,AGL,CE,Towers with Radar,6,4,3,0,13,0,0,9,0,9,6,4,12,0,22,12,0,12,34
11/10/2020,MBS,MI,AGL,CE,Towers with Radar,4,5,11,0,20,0,2,8,0,10,4,7,19,0,30,12,0,12,42
11/11/2020,MBS,MI,AGL,CE,Towers with Radar,6,5,6,0,17,0,0,4,0,4,6,5,10,0,21,8,0,8,29
11/12/2020,MBS,MI,AGL,CE,Towers with Radar,6,5,7,0,18,0,0,20,4,24,6,5,27,4,42,10,0,10,52
11/13/2020,MBS,MI,AGL,CE,Towers with Radar,6,6,4,0,16,0,0,0,0,0,6,6,4,0,16,0,0,0,16
11/14/2020,MBS,MI,AGL,CE,Towers with Radar,4,7,8,0,19,0,0,20,0,20,4,7,28,0,39,14,0,14,53
11/15/2020,MBS,MI,AGL,CE,Towers with Radar,6,4,0,0,10,0,0,0,0,0,6,4,0,0,10,0,0,0,10
11/16/2020,MBS,MI,AGL,CE,Towers with Radar,5,4,7,0,16,0,0,1,0,1,5,4,8,0,17,0,0,0,17
11/17/2020,MBS,MI,AGL,CE,Towers with Radar,4,4,5,0,13,0,0,1,0,1,4,4,6,0,14,4,0,4,18
11/18/2020,MBS,MI,AGL,CE,Towers with Radar,4,5,3,0,12,0,1,18,0,19,4,6,21,0,31,12,0,12,43
11/19/2020,MBS,MI,AGL,CE,Towers with Radar,6,6,8,0,20,0,0,4,0,4,6,6,12,0,24,0,0,0,24
11/20/2020,MBS,MI,AGL,CE,Towers with Radar,6,8,6,0,20,0,0,4,0,4,6,8,10,0,24,0,0,0,24
11/21/2020,MBS,MI,AGL,CE,Towers with Radar,6,5,10,0,21,0,0,9,0,9,6,5,19,0,30,12,0,12,42
11/22/2020,MBS,MI,AGL,CE,Towers with Radar,6,5,5,0,16,0,0,8,0,8,6,5,13,0,24,4,0,4,28
11/23/2020,MBS,MI,AGL,CE,Towers with Radar,4,6,8,0,18,0,0,3,0,3,4,6,11,0,21,6,0,6,27
11/24/2020,MBS,MI,AGL,CE,Towers with Radar,4,8,10,0,22,0,1,6,0,7,4,9,16,0,29,32,0,32,61
11/25/2020,MBS,MI,AGL,CE,Towers with Radar,7,10,2,0,19,0,0,0,0,0,7,10,2,0,19,0,0,0,19
11/26/2020,MBS,MI,AGL,CE,Towers with Radar,4,4,0,0,8,0,0,0,0,0,4,4,0,0,8,0,0,0,8
11/27/2020,MBS,MI,AGL,CE,Towers with Radar,2,10,2,0,14,0,0,0,0,0,2,10,2,0,14,17,0,17,31
11/28/2020,MBS,MI,AGL,CE,Towers with Radar,6,9,11,0,26,0,0,18,0,18,6,9,29,0,44,4,0,4,48
11/29/2020,MBS,MI,AGL,CE,Towers with Radar,6,6,7,0,19,0,0,10,0,10,6,6,17,0,29,12,0,12,41
11/30/2020,MBS,MI,AGL,CE,Towers with Radar,6,7,2,0,15,0,0,0,0,0,6,7,2,0,15,0,0,0,15
12/01/2020,MBS,MI,AGL,CE,Towers with Radar,6,9,4,0,19,0,0,1,0,1,6,9,5,0,20,0,0,0,20
12/02/2020,MBS,MI,AGL,CE,Towers with Radar,4,8,2,0,14,0,0,8,0,8,4,8,10,0,22,0,0,0,22
12/03/2020,MBS,MI,AGL,CE,Towers with Radar,4,6,10,0,20,0,1,4,0,5,4,7,14,0,25,0,0,0,25
12/04/2020,MBS,MI,AGL,CE,Towers with Radar,4,8,2,0,14,0,0,2,0,2,4,8,4,0,16,2,0,2,18
12/05/2020,MBS,MI,AGL,CE,Towers with Radar,4,6,9,0,19,0,0,8,0,8,4,6,17,0,27,18,0,18,45
12/06/2020,MBS,MI,AGL,CE,Towers with Radar,5,3,8,0,16,0,0,2,0,2,5,3,10,0,18,5,0,5,23
12/07/2020,MBS,MI,AGL,CE,Towers with Radar,5,5,12,0,22,0,0,10,0,10,5,5,22,0,32,0,0,0,32
12/08/2020,MBS,MI,AGL,CE,Towers with Radar,4,12,9,0,25,0,0,3,0,3,4,12,12,0,28,0,0,0,28
12/09/2020,MBS,MI,AGL,CE,Towers with Radar,4,8,2,0,14,0,0,0,0,0,4,8,2,0,14,0,0,0,14
12/10/2020,MBS,MI,AGL,CE,Towers with Radar,4,12,4,0,20,0,0,12,0,12,4,12,16,0,32,1,0,1,33
12/11/2020,MBS,MI,AGL,CE,Towers with Radar,4,10,8,0,22,0,0,3,0,3,4,10,11,0,25,1,0,1,26
12/12/2020,MBS,MI,AGL,CE,Towers with Radar,4,6,1,0,11,0,0,0,0,0,4,6,1,0,11,0,0,0,11
12/13/2020,MBS,MI,AGL,CE,Towers with Radar,3,5,4,0,12,0,0,1,0,1,3,5,5,0,13,1,0,1,14
12/14/2020,MBS,MI,AGL,CE,Towers with Radar,4,5,10,0,19,0,0,2,0,2,4,5,12,0,21,6,0,6,27
12/15/2020,MBS,MI,AGL,CE,Towers with Radar,4,5,10,0,19,0,0,12,0,12,4,5,22,0,31,16,0,16,47
12/16/2020,MBS,MI,AGL,CE,Towers with Radar,4,7,3,0,14,0,0,0,0,0,4,7,3,0,14,0,0,0,14
12/17/2020,MBS,MI,AGL,CE,Towers with Radar,7,3,8,0,18,0,0,1,0,1,7,3,9,0,19,1,0,1,20
12/18/2020,MBS,MI,AGL,CE,Towers with Radar,8,3,11,0,22,0,0,11,0,11,8,3,22,0,33,10,0,10,43
12/19/2020,MBS,MI,AGL,CE,Towers with Radar,7,4,6,0,17,0,1,1,0,2,7,5,7,0,19,0,0,0,19
12/20/2020,MBS,MI,AGL,CE,Towers with Radar,8,3,2,0,13,0,0,5,0,5,8,3,7,0,18,6,0,6,24
12/21/2020,MBS,MI,AGL,CE,Towers with Radar,10,0,2,0,12,0,0,0,0,0,10,0,2,0,12,0,0,0,12
12/22/2020,MBS,MI,AGL,CE,Towers with Radar,8,4,16,0,28,0,0,5,0,5,8,4,21,0,33,0,0,0,33
12/23/2020,MBS,MI,AGL,CE,Towers with Radar,7,3,8,0,18,0,0,7,0,7,7,3,15,0,25,2,0,2,27
12/24/2020,MBS,MI,AGL,CE,Towers with Radar,2,4,0,0,6,0,0,2,0,2,2,4,2,0,8,0,0,0,8
12/25/2020,MBS,MI,AGL,CE,Towers with Radar,4,2,1,0,7,0,0,0,0,0,4,2,1,0,7,0,0,0,7
12/26/2020,MBS,MI,AGL,CE,Towers with Radar,6,5,3,0,14,0,0,2,0,2,6,5,5,0,16,0,0,0,16
12/27/2020,MBS,MI,AGL,CE,Towers with Radar,10,2,11,0,23,0,0,14,0,14,10,2,25,0,37,36,0,36,73
12/28/2020,MBS,MI,AGL,CE,Towers with Radar,7,4,8,0,19,0,0,0,0,0,7,4,8,0,19,0,0,0,19
12/29/2020,MBS,MI,AGL,CE,Towers with Radar,6,4,14,0,24,0,0,16,0,16,6,4,30,0,40,2,0,2,42
12/30/2020,MBS,MI,AGL,CE,Towers with Radar,7,3,4,0,14,0,0,0,0,0,7,3,4,0,14,0,0,0,14
12/31/2020,MBS,MI,AGL,CE,Towers with Radar,5,3,1,0,9,0,0,5,0,5,5,3,6,0,14,0,0,0,14
01/01/2021,MBS,MI,AGL,CE,Towers with Radar,5,0,2,0,7,0,0,0,0,0,5,0,2,0,7,4,0,4,11
01/02/2021,MBS,MI,AGL,CE,Towers with Radar,6,3,6,0,15,0,0,0,0,0,6,3,6,0,15,0,0,0,15
01/03/2021,MBS,MI,AGL,CE,Towers with Radar,7,3,4,0,14,0,0,0,0,0,7,3,4,0,14,0,0,0,14
01/04/2021,MBS,MI,AGL,CE,Towers with Radar,8,2,2,0,12,0,0,0,0,0,8,2,2,0,12,0,0,0,12
01/05/2021,MBS,MI,AGL,CE,Towers with Radar,3,9,0,0,12,0,0,0,0,0,3,9,0,0,12,0,0,0,12
01/06/2021,MBS,MI,AGL,CE,Towers with Radar,2,12,5,0,19,0,0,0,0,0,2,12,5,0,19,2,0,2,21
01/07/2021,MBS,MI,AGL,CE,Towers with Radar,4,8,10,0,22,0,0,4,0,4,4,8,14,0,26,0,0,0,26
01/08/2021,MBS,MI,AGL,CE,Towers with Radar,2,8,6,0,16,0,0,2,0,2,2,8,8,0,18,12,0,12,30
01/09/2021,MBS,MI,AGL,CE,Towers with Radar,2,8,22,1,33,0,0,14,1,15,2,8,36,2,48,8,0,8,56
01/10/2021,MBS,MI,AGL,CE,Towers with Radar,2,6,4,0,12,0,0,2,0,2,2,6,6,0,14,8,0,8,22
01/11/2021,MBS,MI,AGL,CE,Towers with Radar,4,6,4,0,14,0,0,2,0,2,4,6,6,0,16,0,0,0,16
01/12/2021,MBS,MI,AGL,CE,Towers with Radar,2,8,3,2,15,0,0,0,0,0,2,8,3,2,15,0,0,0,15
01/13/2021,MBS,MI,AGL,CE,Towers with Radar,2,8,5,0,15,0,0,2,0,2,2,8,7,0,17,0,0,0,17
01/14/2021,MBS,MI,AGL,CE,Towers with Radar,4,6,5,0,15,0,0,5,0,5,4,6,10,0,20,4,0,4,24
01/15/2021,MBS,MI,AGL,CE,Towers with Radar,2,7,8,0,17,0,0,0,0,0,2,7,8,0,17,0,0,0,17
01/16/2021,MBS,MI,AGL,CE,Towers with Radar,2,10,4,0,16,0,0,0,0,0,2,10,4,0,16,0,0,0,16
01/17/2021,MBS,MI,AGL,CE,Towers with Radar,2,6,10,0,18,0,0,0,0,0,2,6,10,0,18,0,0,0,18
01/18/2021,MBS,MI,AGL,CE,Towers with Radar,2,7,9,0,18,0,0,1,0,1,2,7,10,0,19,0,0,0,19
01/19/2021,MBS,MI,AGL,CE,Towers with Radar,2,7,10,0,19,0,0,0,0,0,2,7,10,0,19,0,0,0,19
01/20/2021,MBS,MI,AGL,CE,Towers with Radar,2,12,15,0,29,0,0,5,0,5,2,12,20,0,34,6,0,6,40
01/21/2021,MBS,MI,AGL,CE,Towers with Radar,2,14,9,4,29,0,0,0,0,0,2,14,9,4,29,0,0,0,29
01/22/2021,MBS,MI,AGL,CE,Towers with Radar,2,17,11,0,30,0,0,2,0,2,2,17,13,0,32,7,0,7,39
01/23/2021,MBS,MI,AGL,CE,Towers with Radar,4,7,10,1,22,0,4,19,1,24,4,11,29,2,46,24,0,24,70
01/24/2021,MBS,MI,AGL,CE,Towers with Radar,4,4,3,0,11,0,0,0,0,0,4,4,3,0,11,0,0,0,11
01/25/2021,MBS,MI,AGL,CE,Towers with Radar,2,7,22,0,31,0,0,4,0,4,2,7,26,0,35,5,0,5,40
01/26/2021,MBS,MI,AGL,CE,Towers with Radar,2,10,4,0,16,0,0,0,0,0,2,10,4,0,16,0,0,0,16
01/27/2021,MBS,MI,AGL,CE,Towers with Radar,2,6,3,0,11,0,2,5,0,7,2,8,8,0,18,6,0,6,24
01/28/2021,MBS,MI,AGL,CE,Towers with Radar,2,7,11,0,20,0,0,11,0,11,2,7,22,0,31,12,0,12,43
01/29/2021,MBS,MI,AGL,CE,Towers with Radar,2,7,11,0,20,0,0,22,0,22,2,7,33,0,42,20,0,20,62
01/30/2021,MBS,MI,AGL,CE,Towers with Radar,2,10,25,0,37,0,0,12,0,12,2,10,37,0,49,0,0,0,49
01/31/2021,MBS,MI,AGL,CE,Towers with Radar,2,6,7,0,15,0,0,0,0,0,2,6,7,0,15,0,0,0,15
02/01/2021,MBS,MI,AGL,CE,Towers with Radar,2,6,12,0,20,0,0,5,0,5,2,6,17,0,25,12,0,12,37
02/02/2021,MBS,MI,AGL,CE,Towers with Radar,2,7,9,0,18,0,0,10,0,10,2,7,19,0,28,3,0,3,31
02/03/2021,MBS,MI,AGL,CE,Towers with Radar,2,7,16,0,25,0,0,23,0,23,2,7,39,0,48,11,0,11,59
02/04/2021,MBS,MI,AGL,CE,Towers with Radar,1,6,8,0,15,0,0,5,0,5,1,6,13,0,20,2,0,2,22
02/05/2021,MBS,MI,AGL,CE,Towers with Radar,3,7,3,0,13,0,0,1,0,1,3,7,4,0,14,0,0,0,14
02/06/2021,MBS,MI,AGL,CE,Towers with Radar,4,8,8,0,20,0,0,3,0,3,4,8,11,0,23,0,0,0,23
02/07/2021,MBS,MI,AGL,CE,Towers with Radar,2,6,5,0,13,0,0,2,0,2,2,6,7,0,15,0,0,0,15
02/08/2021,MBS,MI,AGL,CE,Towers with Radar,2,7,7,0,16,0,0,4,0,4,2,7,11,0,20,10,0,10,30
02/09/2021,MBS,MI,AGL,CE,Towers with Radar,2,8,5,0,15,0,0,15,0,15,2,8,20,0,30,18,0,18,48
02/10/2021,MBS,MI,AGL,CE,Towers with Radar,4,7,9,0,20,0,0,5,0,5,4,7,14,0,25,7,0,7,32
02/11/2021,MBS,MI,AGL,CE,Towers with Radar,2,10,19,0,31,0,0,10,3,13,2,10,29,3,44,14,0,14,58
02/12/2021,MBS,MI,AGL,CE,Towers with Radar,2,7,22,0,31,0,0,1,0,1,2,7,23,0,32,0,0,0,32
02/13/2021,MBS,MI,AGL,CE,Towers with Radar,2,6,0,0,8,0,0,0,0,0,2,6,0,0,8,0,0,0,8
02/14/2021,MBS,MI,AGL,CE,Towers with Radar,4,6,2,0,12,0,0,2,0,2,4,6,4,0,14,0,0,0,14
02/15/2021,MBS,MI,AGL,CE,Towers with Radar,2,6,8,0,16,0,0,2,0,2,2,6,10,0,18,0,0,0,18
02/16/2021,MBS,MI,AGL,CE,Towers with Radar,2,4,3,0,9,0,0,4,0,4,2,4,7,0,13,0,0,0,13
02/17/2021,MBS,MI,AGL,CE,Towers with Radar,2,6,17,0,25,0,0,12,0,12,2,6,29,0,37,0,0,0,37
02/18/2021,MBS,MI,AGL,CE,Towers with Radar,2,6,4,0,12,0,0,1,6,7,2,6,5,6,19,0,0,0,19
02/19/2021,MBS,MI,AGL,CE,Towers with Radar,4,6,6,0,16,0,0,4,0,4,4,6,10,0,20,8,0,8,28
02/20/2021,MBS,MI,AGL,CE,Towers with Radar,2,9,12,0,23,0,2,22,0,24,2,11,34,0,47,40,0,40,87
02/21/2021,MBS,MI,AGL,CE,Towers with Radar,2,8,16,0,26,0,0,13,0,13,2,8,29,0,39,11,0,11,50
02/22/2021,MBS,MI,AGL,CE,Towers with Radar,2,9,3,0,14,0,0,1,0,1,2,9,4,0,15,0,0,0,15
02/23/2021,MBS,MI,AGL,CE,Towers with Radar,2,11,7,0,20,0,0,7,0,7,2,11,14,0,27,30,0,30,57
02/24/2021,MBS,MI,AGL,CE,Towers with Radar,2,10,5,0,17,0,0,3,0,3,2,10,8,0,20,0,0,0,20
02/25/2021,MBS,MI,AGL,CE,Towers with Radar,2,21,8,0,31,0,0,17,0,17,2,21,25,0,48,27,0,27,75
02/26/2021,MBS,MI,AGL,CE,Towers with Radar,2,8,12,0,22,0,0,13,0,13,2,8,25,0,35,0,0,0,35
02/27/2021,MBS,MI,AGL,CE,Towers with Radar,2,9,8,0,19,0,0,5,0,5,2,9,13,0,24,14,0,14,38
02/28/2021,MBS,MI,AGL,CE,Towers with Radar,2,6,13,0,21,0,0,0,0,0,2,6,13,0,21,0,0,0,21
03/01/2021,MBS,MI,AGL,CE,Towers with Radar,4,6,13,0,23,0,0,5,0,5,4,6,18,0,28,0,0,0,28
03/02/2021,MBS,MI,AGL,CE,Towers with Radar,2,8,12,0,22,0,0,23,0,23,2,8,35,0,45,0,0,0,45
03/03/2021,MBS,MI,AGL,CE,Towers with Radar,2,6,8,0,16,0,0,6,1,7,2,6,14,1,23,36,0,36,59
03/04/2021,MBS,MI,AGL,CE,Towers with Radar,4,9,8,0,21,0,0,8,0,8,4,9,16,0,29,0,0,0,29
03/05/2021,MBS,MI,AGL,CE,Towers with Radar,2,7,13,0,22,0,0,17,0,17,2,7,30,0,39,7,0,7,46
03/06/2021,MBS,MI,AGL,CE,Towers with Radar,2,7,11,0,20,0,0,27,0,27,2,7,38,0,47,0,0,0,47
03/07/2021,MBS,MI,AGL,CE,Towers with Radar,2,7,19,0,28,0,0,20,0,20,2,7,39,0,48,16,0,16,64
03/08/2021,MBS,MI,AGL,CE,Towers with Radar,1,9,8,0,18,0,0,9,0,9,1,9,17,0,27,8,0,8,35
03/09/2021,MBS,MI,AGL,CE,Towers with Radar,2,8,10,2,22,0,0,11,0,11,2,8,21,2,33,6,4,10,43
03/10/2021,MBS,MI,AGL,CE,Towers with Radar,4,9,10,0,23,0,0,6,0,6,4,9,16,0,29,0,0,0,29
03/11/2021,MBS,MI,AGL,CE,Towers with Radar,2,9,3,0,14,0,0,2,0,2,2,9,5,0,16,0,0,0,16
03/12/2021,MBS,MI,AGL,CE,Towers with Radar,2,8,5,0,15,0,0,5,0,5,2,8,10,0,20,0,0,0,20
03/13/2021,MBS,MI,AGL,CE,Towers with Radar,2,10,11,0,23,0,0,23,0,23,2,10,34,0,46,18,0,18,64
03/14/2021,MBS,MI,AGL,CE,Towers with Radar,0,0,0,0,0,0,0,0,0,0,0,0,0,0,0,0,0,0,0
03/15/2021,MBS,MI,AGL,CE,Towers with Radar,3,8,9,0,20,0,0,1,2,3,3,8,10,2,23,3,0,3,26
03/16/2021,MBS,MI,AGL,CE,Towers with Radar,3,10,10,0,23,0,0,8,0,8,3,10,18,0,31,1,0,1,32
03/17/2021,MBS,MI,AGL,CE,Towers with Radar,2,10,13,0,25,0,0,11,0,11,2,10,24,0,36,6,0,6,42
03/18/2021,MBS,MI,AGL,CE,Towers with Radar,1,9,6,0,16,0,0,4,0,4,1,9,10,0,20,0,0,0,20
03/19/2021,MBS,MI,AGL,CE,Towers with Radar,2,9,7,0,18,0,0,10,0,10,2,9,17,0,28,1,0,1,29
03/20/2021,MBS,MI,AGL,CE,Towers with Radar,4,11,10,0,25,0,0,14,0,14,4,11,24,0,39,6,0,6,45
03/21/2021,MBS,MI,AGL,CE,Towers with Radar,4,6,5,0,15,0,0,18,0,18,4,6,23,0,33,8,0,8,41
03/22/2021,MBS,MI,AGL,CE,Towers with Radar,2,6,9,0,17,0,0,16,0,16,2,6,25,0,33,6,0,6,39
03/23/2021,MBS,MI,AGL,CE,Towers with Radar,2,10,22,8,42,0,0,11,0,11,2,10,33,8,53,6,4,10,63
03/24/2021,MBS,MI,AGL,CE,Towers with Radar,6,10,10,2,28,0,0,2,0,2,6,10,12,2,30,0,0,0,30
03/25/2021,MBS,MI,AGL,CE,Towers with Radar,6,6,10,0,22,0,0,9,0,9,6,6,19,0,31,0,0,0,31
03/26/2021,MBS,MI,AGL,CE,Towers with Radar,4,8,3,0,15,0,0,2,0,2,4,8,5,0,17,0,0,0,17
03/27/2021,MBS,MI,AGL,CE,Towers with Radar,4,10,15,0,29,0,0,14,0,14,4,10,29,0,43,0,0,0,43
03/28/2021,MBS,MI,AGL,CE,Towers with Radar,2,7,1,0,10,0,0,2,0,2,2,7,3,0,12,0,0,0,12
03/29/2021,MBS,MI,AGL,CE,Towers with Radar,2,10,16,4,32,0,0,14,0,14,2,10,30,4,46,19,0,19,65
03/30/2021,MBS,MI,AGL,CE,Towers with Radar,2,8,0,0,10,0,0,8,0,8,2,8,8,0,18,0,0,0,18
03/31/2021,MBS,MI,AGL,CE,Towers with Radar,2,11,7,0,20,0,0,8,0,8,2,11,15,0,28,7,0,7,35
04/01/2021,MBS,MI,AGL,CE,Towers with Radar,2,8,13,0,23,0,0,3,0,3,2,8,16,0,26,0,0,0,26
04/02/2021,MBS,MI,AGL,CE,Towers with Radar,2,8,21,0,31,0,0,21,0,21,2,8,42,0,52,10,0,10,62
04/03/2021,MBS,MI,AGL,CE,Towers with Radar,2,12,9,0,23,0,0,16,0,16,2,12,25,0,39,3,0,3,42
04/04/2021,MBS,MI,AGL,CE,Towers with Radar,2,10,2,0,14,0,0,1,0,1,2,10,3,0,15,0,0,0,15
04/05/2021,MBS,MI,AGL,CE,Towers with Radar,2,9,10,0,21,0,0,5,0,5,2,9,15,0,26,0,0,0,26
04/06/2021,MBS,MI,AGL,CE,Towers with Radar,2,10,18,0,30,0,0,16,0,16,2,10,34,0,46,10,0,10,56
04/07/2021,MBS,MI,AGL,CE,Towers with Radar,2,7,5,0,14,0,0,11,0,11,2,7,16,0,25,16,0,16,41
04/08/2021,MBS,MI,AGL,CE,Towers with Radar,2,13,6,0,21,0,0,2,0,2,2,13,8,0,23,0,0,0,23
04/09/2021,MBS,MI,AGL,CE,Towers with Radar,2,11,6,0,19,0,0,8,0,8,2,11,14,0,27,3,0,3,30
04/10/2021,MBS,MI,AGL,CE,Towers with Radar,2,12,6,0,20,0,0,6,0,6,2,12,12,0,26,3,0,3,29
04/11/2021,MBS,MI,AGL,CE,Towers with Radar,2,9,11,0,22,0,1,7,0,8,2,10,18,0,30,14,0,14,44
04/12/2021,MBS,MI,AGL,CE,Towers with Radar,2,11,11,0,24,0,2,1,0,3,2,13,12,0,27,6,0,6,33
04/13/2021,MBS,MI,AGL,CE,Towers with Radar,4,10,16,0,30,0,2,19,3,24,4,12,35,3,54,18,0,18,72
04/14/2021,MBS,MI,AGL,CE,Towers with Radar,2,19,17,0,38,0,0,17,0,17,2,19,34,0,55,0,0,0,55
04/15/2021,MBS,MI,AGL,CE,Towers with Radar,2,15,5,0,22,0,0,0,0,0,2,15,5,0,22,0,0,0,22
04/16/2021,MBS,MI,AGL,CE,Towers with Radar,2,10,2,0,14,0,0,16,0,16,2,10,18,0,30,0,0,0,30
04/17/2021,MBS,MI,AGL,CE,Towers with Radar,2,8,11,0,21,0,0,34,0,34,2,8,45,0,55,30,0,30,85
04/18/2021,MBS,MI,AGL,CE,Towers with Radar,2,8,16,0,26,0,0,19,0,19,2,8,35,0,45,32,0,32,77
04/19/2021,MBS,MI,AGL,CE,Towers with Radar,2,9,18,0,29,0,0,5,0,5,2,9,23,0,34,0,0,0,34
04/20/2021,MBS,MI,AGL,CE,Towers with Radar,2,14,5,2,23,0,0,9,2,11,2,14,14,4,34,0,0,0,34
04/21/2021,MBS,MI,AGL,CE,Towers with Radar,2,8,11,0,21,0,0,20,0,20,2,8,31,0,41,0,0,0,41
04/22/2021,MBS,MI,AGL,CE,Towers with Radar,2,11,13,0,26,0,0,12,0,12,2,11,25,0,38,0,0,0,38
04/23/2021,MBS,MI,AGL,CE,Towers with Radar,2,11,18,0,31,0,0,13,0,13,2,11,31,0,44,0,0,0,44
04/24/2021,MBS,MI,AGL,CE,Towers with Radar,2,8,3,0,13,0,0,13,0,13,2,8,16,0,26,4,0,4,30
04/25/2021,MBS,MI,AGL,CE,Towers with Radar,2,8,5,0,15,0,0,17,0,17,2,8,22,0,32,47,0,47,79
04/26/2021,MBS,MI,AGL,CE,Towers with Radar,2,18,8,0,28,0,0,7,0,7,2,18,15,0,35,12,0,12,47
04/27/2021,MBS,MI,AGL,CE,Towers with Radar,2,17,21,0,40,0,0,15,0,15,2,17,36,0,55,0,0,0,55
04/28/2021,MBS,MI,AGL,CE,Towers with Radar,2,16,12,0,30,0,0,5,0,5,2,16,17,0,35,0,0,0,35
04/29/2021,MBS,MI,AGL,CE,Towers with Radar,2,15,16,0,33,0,0,4,0,4,2,15,20,0,37,0,0,0,37
04/30/2021,MBS,MI,AGL,CE,Towers with Radar,2,11,7,0,20,0,0,3,0,3,2,11,10,0,23,0,0,0,23
05/01/2021,MBS,MI,AGL,CE,Towers with Radar,2,11,11,0,24,0,3,5,0,8,2,14,16,0,32,0,0,0,32
05/02/2021,MBS,MI,AGL,CE,Towers with Radar,2,10,10,0,22,0,0,8,0,8,2,10,18,0,30,7,0,7,37
05/03/2021,MBS,MI,AGL,CE,Towers with Radar,2,11,24,0,37,0,0,0,0,0,2,11,24,0,37,0,0,0,37
05/04/2021,MBS,MI,AGL,CE,Towers with Radar,3,7,8,0,18,0,0,0,0,0,3,7,8,0,18,0,0,0,18
05/05/2021,MBS,MI,AGL,CE,Towers with Radar,4,7,22,0,33,0,0,6,0,6,4,7,28,0,39,0,0,0,39
05/06/2021,MBS,MI,AGL,CE,Towers with Radar,4,13,6,0,23,0,0,6,0,6,4,13,12,0,29,0,0,0,29
05/07/2021,MBS,MI,AGL,CE,Towers with Radar,4,6,16,0,26,0,0,2,0,2,4,6,18,0,28,6,0,6,34
05/08/2021,MBS,MI,AGL,CE,Towers with Radar,4,6,15,0,25,0,0,14,0,14,4,6,29,0,39,1,0,1,40
05/09/2021,MBS,MI,AGL,CE,Towers with Radar,4,7,1,0,12,0,0,7,0,7,4,7,8,0,19,6,0,6,25
05/10/2021,MBS,MI,AGL,CE,Towers with Radar,4,7,19,0,30,0,0,9,3,12,4,7,28,3,42,0,1,1,43
05/11/2021,MBS,MI,AGL,CE,Towers with Radar,4,7,10,0,21,0,0,8,0,8,4,7,18,0,29,2,0,2,31
05/12/2021,MBS,MI,AGL,CE,Towers with Radar,4,9,17,0,30,0,3,24,0,27,4,12,41,0,57,16,0,16,73
05/13/2021,MBS,MI,AGL,CE,Towers with Radar,4,8,29,2,43,0,0,19,0,19,4,8,48,2,62,2,4,6,68
05/14/2021,MBS,MI,AGL,CE,Towers with Radar,4,12,20,0,36,0,0,12,0,12,4,12,32,0,48,0,0,0,48
05/15/2021,MBS,MI,AGL,CE,Towers with Radar,4,8,14,0,26,0,0,21,1,22,4,8,35,1,48,2,0,2,50
05/16/2021,MBS,MI,AGL,CE,Towers with Radar,4,6,8,4,22,0,0,11,0,11,4,6,19,4,33,9,4,13,46
05/17/2021,MBS,MI,AGL,CE,Towers with Radar,4,11,15,0,30,0,1,11,0,12,4,12,26,0,42,8,0,8,50
05/18/2021,MBS,MI,AGL,CE,Towers with Radar,6,9,9,0,24,0,2,7,0,9,6,11,16,0,33,0,0,0,33
05/19/2021,MBS,MI,AGL,CE,Towers with Radar,4,9,6,0,19,0,0,9,0,9,4,9,15,0,28,0,0,0,28
05/20/2021,MBS,MI,AGL,CE,Towers with Radar,4,11,13,0,28,0,0,13,4,17,4,11,26,4,45,0,0,0,45
05/21/2021,MBS,MI,AGL,CE,Towers with Radar,3,8,19,0,30,0,0,6,0,6,3,8,25,0,36,1,0,1,37
05/22/2021,MBS,MI,AGL,CE,Towers with Radar,5,8,9,0,22,0,0,10,0,10,5,8,19,0,32,0,0,0,32
05/23/2021,MBS,MI,AGL,CE,Towers with Radar,4,6,4,0,14,0,0,7,0,7,4,6,11,0,21,0,0,0,21
05/24/2021,MBS,MI,AGL,CE,Towers with Radar,4,9,22,0,35,0,0,8,0,8,4,9,30,0,43,0,0,0,43
05/25/2021,MBS,MI,AGL,CE,Towers with Radar,4,11,8,2,25,0,0,8,2,10,4,11,16,4,35,3,8,11,46
05/26/2021,MBS,MI,AGL,CE,Towers with Radar,4,8,6,0,18,0,0,4,0,4,4,8,10,0,22,0,0,0,22
05/27/2021,MBS,MI,AGL,CE,Towers with Radar,4,11,11,0,26,0,0,15,0,15,4,11,26,0,41,2,0,2,43
05/28/2021,MBS,MI,AGL,CE,Towers with Radar,4,11,4,0,19,0,0,1,0,1,4,11,5,0,20,0,0,0,20
05/29/2021,MBS,MI,AGL,CE,Towers with Radar,3,6,6,0,15,0,0,3,0,3,3,6,9,0,18,0,0,0,18
05/30/2021,MBS,MI,AGL,CE,Towers with Radar,4,6,11,0,21,0,0,12,1,13,4,6,23,1,34,8,0,8,42
05/31/2021,MBS,MI,AGL,CE,Towers with Radar,4,7,10,0,21,0,0,3,0,3,4,7,13,0,24,0,0,0,24
06/01/2021,MBS,MI,AGL,CE,Towers with Radar,4,13,18,0,35,0,0,15,0,15,4,13,33,0,50,8,0,8,58
06/02/2021,MBS,MI,AGL,CE,Towers with Radar,4,13,12,0,29,0,2,19,0,21,4,15,31,0,50,5,0,5,55
06/03/2021,MBS,MI,AGL,CE,Towers with Radar,4,12,12,0,28,0,0,13,0,13,4,12,25,0,41,14,0,14,55
06/04/2021,MBS,MI,AGL,CE,Towers with Radar,4,8,10,2,24,0,0,5,0,5,4,8,15,2,29,12,0,12,41
06/05/2021,MBS,MI,AGL,CE,Towers with Radar,2,10,6,2,20,0,1,8,2,11,2,11,14,4,31,17,0,17,48
06/06/2021,MBS,MI,AGL,CE,Towers with Radar,2,7,9,0,18,0,0,16,0,16,2,7,25,0,34,5,0,5,39
06/07/2021,MBS,MI,AGL,CE,Towers with Radar,2,9,20,0,31,0,0,8,0,8,2,9,28,0,39,0,0,0,39
06/08/2021,MBS,MI,AGL,CE,Towers with Radar,1,10,18,0,29,0,0,5,0,5,1,10,23,0,34,0,0,0,34
06/09/2021,MBS,MI,AGL,CE,Towers with Radar,2,7,18,0,27,0,0,6,0,6,2,7,24,0,33,0,0,0,33
06/10/2021,MBS,MI,AGL,CE,Towers with Radar,2,16,21,0,39,0,0,8,0,8,2,16,29,0,47,0,0,0,47
06/11/2021,MBS,MI,AGL,CE,Towers with Radar,2,10,14,0,26,0,0,9,0,9,2,10,23,0,35,0,0,0,35
06/12/2021,MBS,MI,AGL,CE,Towers with Radar,2,10,7,0,19,0,0,6,0,6,2,10,13,0,25,16,0,16,41
06/13/2021,MBS,MI,AGL,CE,Towers with Radar,1,8,9,0,18,0,0,12,0,12,1,8,21,0,30,21,0,21,51
06/14/2021,MBS,MI,AGL,CE,Towers with Radar,2,6,12,0,20,0,0,5,0,5,2,6,17,0,25,0,0,0,25
06/15/2021,MBS,MI,AGL,CE,Towers with Radar,2,10,11,0,23,0,2,13,0,15,2,12,24,0,38,0,0,0,38
06/16/2021,MBS,MI,AGL,CE,Towers with Radar,2,16,15,0,33,0,0,25,0,25,2,16,40,0,58,3,0,3,61
06/17/2021,MBS,MI,AGL,CE,Towers with Radar,2,8,12,0,22,0,0,24,0,24,2,8,36,0,46,0,0,0,46
06/18/2021,MBS,MI,AGL,CE,Towers with Radar,2,10,6,0,18,0,2,0,0,2,2,12,6,0,20,0,0,0,20
06/19/2021,MBS,MI,AGL,CE,Towers with Radar,2,8,5,0,15,0,0,1,0,1,2,8,6,0,16,0,0,0,16
06/20/2021,MBS,MI,AGL,CE,Towers with Radar,2,8,11,0,21,0,0,12,0,12,2,8,23,0,33,0,0,0,33
06/21/2021,MBS,MI,AGL,CE,Towers with Radar,2,9,5,0,16,0,0,1,0,1,2,9,6,0,17,0,0,0,17
06/22/2021,MBS,MI,AGL,CE,Towers with Radar,6,8,8,0,22,0,0,15,0,15,6,8,23,0,37,5,0,5,42
06/23/2021,MBS,MI,AGL,CE,Towers with Radar,2,11,9,0,22,0,0,15,0,15,2,11,24,0,37,0,0,0,37
06/24/2021,MBS,MI,AGL,CE,Towers with Radar,2,12,8,0,22,0,0,9,0,9,2,12,17,0,31,0,0,0,31
06/25/2021,MBS,MI,AGL,CE,Towers with Radar,2,11,2,0,15,0,0,0,0,0,2,11,2,0,15,0,0,0,15
06/26/2021,MBS,MI,AGL,CE,Towers with Radar,3,8,2,0,13,0,0,0,0,0,3,8,2,0,13,0,0,0,13
06/27/2021,MBS,MI,AGL,CE,Towers with Radar,2,6,6,0,14,0,1,1,0,2,2,7,7,0,16,0,0,0,16
06/28/2021,MBS,MI,AGL,CE,Towers with Radar,2,8,10,0,20,0,0,19,0,19,2,8,29,0,39,13,0,13,52
06/29/2021,MBS,MI,AGL,CE,Towers with Radar,2,8,5,4,19,0,0,5,0,5,2,8,10,4,24,0,0,0,24
06/30/2021,MBS,MI,AGL,CE,Towers with Radar,2,16,20,0,38,0,0,6,0,6,2,16,26,0,44,0,0,0,44
07/01/2021,MBS,MI,AGL,CE,Towers with Radar,2,10,21,0,33,0,0,11,0,11,2,10,32,0,44,4,0,4,48
07/02/2021,MBS,MI,AGL,CE,Towers with Radar,2,11,11,0,24,0,1,12,0,13,2,12,23,0,37,4,0,4,41
07/03/2021,MBS,MI,AGL,CE,Towers with Radar,2,8,17,0,27,0,0,15,0,15,2,8,32,0,42,0,0,0,42
07/04/2021,MBS,MI,AGL,CE,Towers with Radar,2,4,2,0,8,0,0,7,0,7,2,4,9,0,15,0,0,0,15
07/05/2021,MBS,MI,AGL,CE,Towers with Radar,2,8,15,0,25,0,0,13,0,13,2,8,28,0,38,0,0,0,38
07/06/2021,MBS,MI,AGL,CE,Towers with Radar,2,7,7,2,18,0,1,10,0,11,2,8,17,2,29,0,0,0,29
07/07/2021,MBS,MI,AGL,CE,Towers with Radar,3,10,14,0,27,0,0,0,0,0,3,10,14,0,27,0,0,0,27
07/08/2021,MBS,MI,AGL,CE,Towers with Radar,2,12,17,0,31,0,0,1,0,1,2,12,18,0,32,0,0,0,32
07/09/2021,MBS,MI,AGL,CE,Towers with Radar,4,10,13,2,29,0,0,17,0,17,4,10,30,2,46,10,0,10,56
07/10/2021,MBS,MI,AGL,CE,Towers with Radar,2,8,10,0,20,0,3,12,0,15,2,11,22,0,35,24,0,24,59
07/11/2021,MBS,MI,AGL,CE,Towers with Radar,2,6,3,0,11,0,0,3,0,3,2,6,6,0,14,3,0,3,17
07/12/2021,MBS,MI,AGL,CE,Towers with Radar,4,8,13,0,25,0,0,1,0,1,4,8,14,0,26,0,0,0,26
07/13/2021,MBS,MI,AGL,CE,Towers with Radar,2,15,7,2,26,0,0,1,0,1,2,15,8,2,27,0,0,0,27
07/14/2021,MBS,MI,AGL,CE,Towers with Radar,2,15,18,0,35,0,0,16,0,16,2,15,34,0,51,0,0,0,51
07/15/2021,MBS,MI,AGL,CE,Towers with Radar,2,12,21,0,35,0,0,7,0,7,2,12,28,0,42,12,0,12,54
07/16/2021,MBS,MI,AGL,CE,Towers with Radar,1,8,21,0,30,0,0,5,0,5,1,8,26,0,35,4,0,4,39
07/17/2021,MBS,MI,AGL,CE,Towers with Radar,3,8,16,0,27,0,0,8,0,8,3,8,24,0,35,2,0,2,37
07/18/2021,MBS,MI,AGL,CE,Towers with Radar,2,5,11,1,19,0,1,19,1,21,2,6,30,2,40,0,0,0,40
07/19/2021,MBS,MI,AGL,CE,Towers with Radar,2,10,23,0,35,0,0,19,0,19,2,10,42,0,54,6,0,6,60
07/20/2021,MBS,MI,AGL,CE,Towers with Radar,6,12,8,0,26,0,0,12,0,12,6,12,20,0,38,17,0,17,55
07/21/2021,MBS,MI,AGL,CE,Towers with Radar,2,13,17,0,32,0,0,2,0,2,2,13,19,0,34,0,0,0,34
07/22/2021,MBS,MI,AGL,CE,Towers with Radar,2,10,33,0,45,0,0,18,0,18,2,10,51,0,63,0,0,0,63
07/23/2021,MBS,MI,AGL,CE,Towers with Radar,2,11,19,0,32,0,1,9,0,10,2,12,28,0,42,0,0,0,42
07/24/2021,MBS,MI,AGL,CE,Towers with Radar,3,12,7,0,22,0,0,0,0,0,3,12,7,0,22,0,0,0,22
07/25/2021,MBS,MI,AGL,CE,Towers with Radar,2,6,18,0,26,0,1,9,0,10,2,7,27,0,36,9,0,9,45
07/26/2021,MBS,MI,AGL,CE,Towers with Radar,1,7,15,0,23,0,0,19,0,19,1,7,34,0,42,6,0,6,48
07/27/2021,MBS,MI,AGL,CE,Towers with Radar,4,10,12,0,26,0,0,11,0,11,4,10,23,0,37,2,0,2,39
07/28/2021,MBS,MI,AGL,CE,Towers with Radar,2,8,20,0,30,0,2,29,0,31,2,10,49,0,61,13,0,13,74
07/29/2021,MBS,MI,AGL,CE,Towers with Radar,2,10,29,0,41,0,0,15,0,15,2,10,44,0,56,21,0,21,77
07/30/2021,MBS,MI,AGL,CE,Towers with Radar,2,10,31,0,43,0,1,20,0,21,2,11,51,0,64,7,0,7,71
07/31/2021,MBS,MI,AGL,CE,Towers with Radar,2,13,18,0,33,0,0,17,0,17,2,13,35,0,50,22,0,22,72
08/01/2021,MBS,MI,AGL,CE,Towers with Radar,2,7,11,0,20,0,0,3,0,3,2,7,14,0,23,0,0,0,23
08/02/2021,MBS,MI,AGL,CE,Towers with Radar,4,8,12,0,24,0,0,21,0,21,4,8,33,0,45,17,0,17,62
08/03/2021,MBS,MI,AGL,CE,Towers with Radar,3,8,14,0,25,0,0,19,0,19,3,8,33,0,44,0,0,0,44
08/04/2021,MBS,MI,AGL,CE,Towers with Radar,5,11,18,0,34,0,2,13,0,15,5,13,31,0,49,0,0,0,49
08/05/2021,MBS,MI,AGL,CE,Towers with Radar,5,12,17,0,34,0,0,17,0,17,5,12,34,0,51,21,0,21,72
08/06/2021,MBS,MI,AGL,CE,Towers with Radar,4,6,9,0,19,0,0,7,0,7,4,6,16,0,26,3,0,3,29
08/07/2021,MBS,MI,AGL,CE,Towers with Radar,4,10,15,0,29,0,0,0,0,0,4,10,15,0,29,0,0,0,29
08/08/2021,MBS,MI,AGL,CE,Towers with Radar,4,10,5,0,19,0,0,4,0,4,4,10,9,0,23,2,0,2,25
08/09/2021,MBS,MI,AGL,CE,Towers with Radar,0,0,0,0,0,0,0,0,0,0,0,0,0,0,0,0,0,0,0
08/10/2021,MBS,MI,AGL,CE,Towers with Radar,3,12,14,0,29,0,0,6,0,6,3,12,20,0,35,4,0,4,39
08/11/2021,MBS,MI,AGL,CE,Towers with Radar,6,13,20,0,39,0,0,18,0,18,6,13,38,0,57,0,0,0,57
08/12/2021,MBS,MI,AGL,CE,Towers with Radar,4,11,26,1,42,0,0,23,0,23,4,11,49,1,65,7,0,7,72
08/13/2021,MBS,MI,AGL,CE,Towers with Radar,3,12,11,0,26,0,0,11,0,11,3,12,22,0,37,8,0,8,45
08/14/2021,MBS,MI,AGL,CE,Towers with Radar,4,13,8,0,25,0,0,18,0,18,4,13,26,0,43,2,0,2,45
08/15/2021,MBS,MI,AGL,CE,Towers with Radar,4,11,8,0,23,0,0,13,0,13,4,11,21,0,36,0,0,0,36
08/16/2021,MBS,MI,AGL,CE,Towers with Radar,4,7,11,0,22,0,2,10,0,12,4,9,21,0,34,26,0,26,60
08/17/2021,MBS,MI,AGL,CE,Towers with Radar,4,8,13,0,25,0,0,10,3,13,4,8,23,3,38,0,0,0,38
08/18/2021,MBS,MI,AGL,CE,Towers with Radar,4,12,13,0,29,0,0,4,0,4,4,12,17,0,33,6,0,6,39
08/19/2021,MBS,MI,AGL,CE,Towers with Radar,3,13,17,0,33,0,2,10,0,12,3,15,27,0,45,0,0,0,45
08/20/2021,MBS,MI,AGL,CE,Towers with Radar,4,8,13,0,25,0,0,6,0,6,4,8,19,0,31,0,0,0,31
08/21/2021,MBS,MI,AGL,CE,Towers with Radar,4,9,11,0,24,0,0,8,0,8,4,9,19,0,32,5,0,5,37
08/22/2021,MBS,MI,AGL,CE,Towers with Radar,6,4,8,0,18,0,0,4,0,4,6,4,12,0,22,0,0,0,22
08/23/2021,MBS,MI,AGL,CE,Towers with Radar,4,8,20,0,32,0,2,0,0,2,4,10,20,0,34,0,0,0,34
08/24/2021,MBS,MI,AGL,CE,Towers with Radar,3,9,4,0,16,0,0,5,3,8,3,9,9,3,24,0,0,0,24
08/25/2021,MBS,MI,AGL,CE,Towers with Radar,3,14,13,0,30,0,0,9,0,9,3,14,22,0,39,0,0,0,39
08/26/2021,MBS,MI,AGL,CE,Towers with Radar,3,8,21,0,32,0,0,8,0,8,3,8,29,0,40,0,0,0,40
08/27/2021,MBS,MI,AGL,CE,Towers with Radar,3,8,18,0,29,0,0,0,0,0,3,8,18,0,29,0,0,0,29
08/28/2021,MBS,MI,AGL,CE,Towers with Radar,3,12,2,0,17,0,0,0,0,0,3,12,2,0,17,0,0,0,17
08/29/2021,MBS,MI,AGL,CE,Towers with Radar,3,6,9,0,18,0,0,4,0,4,3,6,13,0,22,1,0,1,23
08/30/2021,MBS,MI,AGL,CE,Towers with Radar,4,8,9,0,21,0,2,11,6,19,4,10,20,6,40,6,0,6,46
08/31/2021,MBS,MI,AGL,CE,Towers with Radar,4,8,19,0,31,0,0,18,0,18,4,8,37,0,49,0,0,0,49
09/01/2021,MBS,MI,AGL,CE,Towers with Radar,4,9,15,0,28,0,0,13,0,13,4,9,28,0,41,0,0,0,41
09/02/2021,MBS,MI,AGL,CE,Towers with Radar,3,9,22,0,34,0,0,30,0,30,3,9,52,0,64,32,0,32,96
09/03/2021,MBS,MI,AGL,CE,Towers with Radar,8,8,17,0,33,0,0,15,0,15,8,8,32,0,48,16,0,16,64
09/04/2021,MBS,MI,AGL,CE,Towers with Radar,4,9,2,0,15,0,0,9,0,9,4,9,11,0,24,8,0,8,32
09/05/2021,MBS,MI,AGL,CE,Towers with Radar,3,7,2,0,12,0,0,0,0,0,3,7,2,0,12,0,0,0,12
09/06/2021,MBS,MI,AGL,CE,Towers with Radar,3,6,8,0,17,0,0,6,0,6,3,6,14,0,23,0,0,0,23
09/07/2021,MBS,MI,AGL,CE,Towers with Radar,3,7,7,0,17,0,0,10,1,11,3,7,17,1,28,6,0,6,34
09/08/2021,MBS,MI,AGL,CE,Towers with Radar,3,7,4,0,14,0,0,8,0,8,3,7,12,0,22,0,0,0,22
09/09/2021,MBS,MI,AGL,CE,Towers with Radar,4,20,20,0,44,0,0,10,0,10,4,20,30,0,54,0,0,0,54
09/10/2021,MBS,MI,AGL,CE,Towers with Radar,4,11,9,4,28,0,0,15,0,15,4,11,24,4,43,0,0,0,43
09/11/2021,MBS,MI,AGL,CE,Towers with Radar,4,8,13,0,25,0,0,13,0,13,4,8,26,0,38,10,0,10,48
09/12/2021,MBS,MI,AGL,CE,Towers with Radar,4,10,11,0,25,0,0,4,0,4,4,10,15,0,29,1,0,1,30
09/13/2021,MBS,MI,AGL,CE,Towers with Radar,4,10,7,0,21,0,0,0,0,0,4,10,7,0,21,0,0,0,21
09/14/2021,MBS,MI,AGL,CE,Towers with Radar,4,7,9,1,21,0,1,2,1,4,4,8,11,2,25,12,0,12,37
09/15/2021,MBS,MI,AGL,CE,Towers with Radar,4,9,17,2,32,0,0,15,1,16,4,9,32,3,48,13,0,13,61
09/16/2021,MBS,MI,AGL,CE,Towers with Radar,3,8,16,0,27,0,0,30,0,30,3,8,46,0,57,15,0,15,72
09/17/2021,MBS,MI,AGL,CE,Towers with Radar,4,10,16,0,30,0,0,18,2,20,4,10,34,2,50,23,0,23,73
09/18/2021,MBS,MI,AGL,CE,Towers with Radar,5,8,10,0,23,0,0,23,0,23,5,8,33,0,46,13,0,13,59
09/19/2021,MBS,MI,AGL,CE,Towers with Radar,4,8,20,0,32,0,2,18,0,20,4,10,38,0,52,4,0,4,56
09/20/2021,MBS,MI,AGL,CE,Towers with Radar,4,8,9,0,21,0,0,10,0,10,4,8,19,0,31,12,0,12,43
09/21/2021,MBS,MI,AGL,CE,Towers with Radar,4,13,9,0,26,0,0,0,0,0,4,13,9,0,26,0,0,0,26
09/22/2021,MBS,MI,AGL,CE,Towers with Radar,4,13,12,0,29,0,0,1,0,1,4,13,13,0,30,2,0,2,32
09/23/2021,MBS,MI,AGL,CE,Towers with Radar,4,8,15,0,27,0,0,0,0,0,4,8,15,0,27,0,0,0,27
09/24/2021,MBS,MI,AGL,CE,Towers with Radar,5,6,18,0,29,0,5,14,0,19,5,11,32,0,48,14,0,14,62
09/25/2021,MBS,MI,AGL,CE,Towers with Radar,5,8,4,0,17,0,0,1,0,1,5,8,5,0,18,1,0,1,19
09/26/2021,MBS,MI,AGL,CE,Towers with Radar,4,8,11,0,23,0,0,7,0,7,4,8,18,0,30,0,0,0,30
09/27/2021,MBS,MI,AGL,CE,Towers with Radar,4,10,13,0,27,0,0,14,0,14,4,10,27,0,41,4,0,4,45
09/28/2021,MBS,MI,AGL,CE,Towers with Radar,6,8,17,0,31,0,0,7,0,7,6,8,24,0,38,3,0,3,41
09/29/2021,MBS,MI,AGL,CE,Towers with Radar,4,10,23,3,40,0,0,12,0,12,4,10,35,3,52,0,0,0,52
09/30/2021,MBS,MI,AGL,CE,Towers with Radar,4,11,24,0,39,0,0,18,0,18,4,11,42,0,57,32,0,32,89
10/01/2021,MBS,MI,AGL,CE,Towers with Radar,4,13,15,0,32,0,0,7,0,7,4,13,22,0,39,0,0,0,39
10/02/2021,MBS,MI,AGL,CE,Towers with Radar,5,10,15,0,30,0,0,21,0,21,5,10,36,0,51,16,0,16,67
10/03/2021,MBS,MI,AGL,CE,Towers with Radar,3,8,5,0,16,0,0,0,0,0,3,8,5,0,16,0,0,0,16
10/04/2021,MBS,MI,AGL,CE,Towers with Radar,4,15,6,0,25,0,0,0,0,0,4,15,6,0,25,0,0,0,25
10/05/2021,MBS,MI,AGL,CE,Towers with Radar,4,18,15,0,37,0,0,5,2,7,4,18,20,2,44,5,0,5,49
10/06/2021,MBS,MI,AGL,CE,Towers with Radar,4,7,27,0,38,0,0,1,0,1,4,7,28,0,39,0,0,0,39
10/07/2021,MBS,MI,AGL,CE,Towers with Radar,3,7,20,0,30,0,0,0,0,0,3,7,20,0,30,0,0,0,30
10/08/2021,MBS,MI,AGL,CE,Towers with Radar,5,5,9,0,19,0,0,0,0,0,5,5,9,0,19,0,0,0,19
10/09/2021,MBS,MI,AGL,CE,Towers with Radar,2,2,2,0,6,0,0,1,0,1,2,2,3,0,7,20,0,20,27
10/10/2021,MBS,MI,AGL,CE,Towers with Radar,4,7,6,0,17,0,0,0,0,0,4,7,6,0,17,0,0,0,17
10/11/2021,MBS,MI,AGL,CE,Towers with Radar,4,16,17,0,37,0,3,13,0,16,4,19,30,0,53,0,0,0,53
10/12/2021,MBS,MI,AGL,CE,Towers with Radar,4,10,7,2,23,0,0,2,0,2,4,10,9,2,25,0,0,0,25
10/13/2021,MBS,MI,AGL,CE,Towers with Radar,4,8,13,2,27,0,0,6,0,6,4,8,19,2,33,0,0,0,33
10/14/2021,MBS,MI,AGL,CE,Towers with Radar,4,8,14,0,26,0,0,1,0,1,4,8,15,0,27,0,0,0,27
10/15/2021,MBS,MI,AGL,CE,Towers with Radar,4,6,8,1,19,0,0,4,1,5,4,6,12,2,24,20,0,20,44
10/16/2021,MBS,MI,AGL,CE,Towers with Radar,4,8,8,0,20,0,0,4,0,4,4,8,12,0,24,0,0,0,24
10/17/2021,MBS,MI,AGL,CE,Towers with Radar,2,4,10,0,16,0,0,5,0,5,2,4,15,0,21,0,0,0,21
10/18/2021,MBS,MI,AGL,CE,Towers with Radar,4,7,14,0,25,0,0,14,0,14,4,7,28,0,39,18,0,18,57
10/19/2021,MBS,MI,AGL,CE,Towers with Radar,4,10,10,0,24,0,0,17,0,17,4,10,27,0,41,5,0,5,46
10/20/2021,MBS,MI,AGL,CE,Towers with Radar,4,12,11,0,27,0,0,16,0,16,4,12,27,0,43,0,0,0,43
10/21/2021,MBS,MI,AGL,CE,Towers with Radar,4,9,23,0,36,0,0,0,0,0,4,9,23,0,36,0,0,0,36
10/22/2021,MBS,MI,AGL,CE,Towers with Radar,4,6,8,0,18,0,0,7,0,7,4,6,15,0,25,3,0,3,28
10/23/2021,MBS,MI,AGL,CE,Towers with Radar,4,10,9,0,23,0,0,8,0,8,4,10,17,0,31,18,0,18,49
10/24/2021,MBS,MI,AGL,CE,Towers with Radar,4,5,13,2,24,0,0,5,0,5,4,5,18,2,29,0,0,0,29
10/25/2021,MBS,MI,AGL,CE,Towers with Radar,4,4,14,0,22,0,0,0,0,0,4,4,14,0,22,0,0,0,22
10/26/2021,MBS,MI,AGL,CE,Towers with Radar,4,7,19,0,30,0,0,9,0,9,4,7,28,0,39,9,0,9,48
10/27/2021,MBS,MI,AGL,CE,Towers with Radar,4,7,16,0,27,0,0,0,0,0,4,7,16,0,27,0,0,0,27
10/28/2021,MBS,MI,AGL,CE,Towers with Radar,4,10,11,0,25,0,1,12,1,14,4,11,23,1,39,4,0,4,43
10/29/2021,MBS,MI,AGL,CE,Towers with Radar,4,6,5,0,15,0,0,0,0,0,4,6,5,0,15,0,0,0,15
10/30/2021,MBS,MI,AGL,CE,Towers with Radar,4,6,8,0,18,0,0,0,0,0,4,6,8,0,18,0,0,0,18
10/31/2021,MBS,MI,AGL,CE,Towers with Radar,1,9,11,0,21,0,0,0,0,0,1,9,11,0,21,0,0,0,21
11/01/2021,MBS,MI,AGL,CE,Towers with Radar,1,11,3,0,15,0,0,6,0,6,1,11,9,0,21,4,0,4,25
11/02/2021,MBS,MI,AGL,CE,Towers with Radar,3,11,7,1,22,0,0,9,1,10,3,11,16,2,32,0,0,0,32
11/03/2021,MBS,MI,AGL,CE,Towers with Radar,2,9,13,0,24,0,0,17,0,17,2,9,30,0,41,0,0,0,41
11/04/2021,MBS,MI,AGL,CE,Towers with Radar,2,10,28,0,40,0,0,14,0,14,2,10,42,0,54,14,0,14,68
11/05/2021,MBS,MI,AGL,CE,Towers with Radar,1,8,15,0,24,0,0,15,0,15,1,8,30,0,39,12,0,12,51
11/06/2021,MBS,MI,AGL,CE,Towers with Radar,5,7,9,2,23,0,1,4,0,5,5,8,13,2,28,0,0,0,28
11/07/2021,MBS,MI,AGL,CE,Towers with Radar,1,10,16,0,27,0,0,18,0,18,1,10,34,0,45,0,0,0,45
11/08/2021,MBS,MI,AGL,CE,Towers with Radar,1,6,23,0,30,0,0,15,0,15,1,6,38,0,45,4,0,4,49
11/09/2021,MBS,MI,AGL,CE,Towers with Radar,2,8,20,0,30,0,0,11,0,11,2,8,31,0,41,8,0,8,49
11/10/2021,MBS,MI,AGL,CE,Towers with Radar,1,11,21,0,33,0,0,24,0,24,1,11,45,0,57,14,0,14,71
11/11/2021,MBS,MI,AGL,CE,Towers with Radar,1,11,11,0,23,0,0,3,0,3,1,11,14,0,26,6,0,6,32
11/12/2021,MBS,MI,AGL,CE,Towers with Radar,1,10,14,0,25,0,0,7,0,7,1,10,21,0,32,6,0,6,38
11/13/2021,MBS,MI,AGL,CE,Towers with Radar,3,10,9,0,22,0,0,4,0,4,3,10,13,0,26,0,0,0,26
11/14/2021,MBS,MI,AGL,CE,Towers with Radar,1,4,2,0,7,0,0,0,0,0,1,4,2,0,7,0,0,0,7
11/15/2021,MBS,MI,AGL,CE,Towers with Radar,1,6,6,1,14,0,0,6,0,6,1,6,12,1,20,0,0,0,20
11/16/2021,MBS,MI,AGL,CE,Towers with Radar,2,8,14,0,24,0,0,16,0,16,2,8,30,0,40,0,0,0,40
11/17/2021,MBS,MI,AGL,CE,Towers with Radar,2,10,13,4,29,0,0,1,0,1,2,10,14,4,30,0,0,0,30
11/18/2021,MBS,MI,AGL,CE,Towers with Radar,1,10,13,3,27,0,0,2,0,2,1,10,15,3,29,0,0,0,29
11/19/2021,MBS,MI,AGL,CE,Towers with Radar,1,12,17,3,33,0,2,21,0,23,1,14,38,3,56,50,0,50,106
11/20/2021,MBS,MI,AGL,CE,Towers with Radar,2,8,16,0,26,0,2,12,0,14,2,10,28,0,40,10,0,10,50
11/21/2021,MBS,MI,AGL,CE,Towers with Radar,2,6,1,0,9,0,2,0,0,2,2,8,1,0,11,0,0,0,11
11/22/2021,MBS,MI,AGL,CE,Towers with Radar,1,6,6,6,19,0,0,9,0,9,1,6,15,6,28,18,0,18,46
11/23/2021,MBS,MI,AGL,CE,Towers with Radar,2,8,15,0,25,0,2,22,0,24,2,10,37,0,49,0,0,0,49
11/24/2021,MBS,MI,AGL,CE,Towers with Radar,1,14,17,0,32,0,0,16,1,17,1,14,33,1,49,16,0,16,65
11/25/2021,MBS,MI,AGL,CE,Towers with Radar,1,5,0,0,6,0,0,0,0,0,1,5,0,0,6,0,0,0,6
11/26/2021,MBS,MI,AGL,CE,Towers with Radar,1,9,5,0,15,0,0,4,0,4,1,9,9,0,19,0,0,0,19
11/27/2021,MBS,MI,AGL,CE,Towers with Radar,2,8,3,0,13,0,0,3,0,3,2,8,6,0,16,10,0,10,26
11/28/2021,MBS,MI,AGL,CE,Towers with Radar,1,12,15,0,28,0,0,0,0,0,1,12,15,0,28,0,0,0,28
11/29/2021,MBS,MI,AGL,CE,Towers with Radar,1,6,22,0,29,0,0,16,0,16,1,6,38,0,45,0,0,0,45
11/30/2021,MBS,MI,AGL,CE,Towers with Radar,2,13,12,0,27,0,0,3,0,3,2,13,15,0,30,0,0,0,30
12/01/2021,MBS,MI,AGL,CE,Towers with Radar,1,12,14,0,27,0,2,4,0,6,1,14,18,0,33,0,0,0,33
12/02/2021,MBS,MI,AGL,CE,Towers with Radar,2,11,21,0,34,0,0,5,2,7,2,11,26,2,41,0,0,0,41
12/03/2021,MBS,MI,AGL,CE,Towers with Radar,2,8,10,0,20,0,0,7,0,7,2,8,17,0,27,50,0,50,77
12/04/2021,MBS,MI,AGL,CE,Towers with Radar,4,4,10,2,20,0,0,12,0,12,4,4,22,2,32,4,0,4,36
12/05/2021,MBS,MI,AGL,CE,Towers with Radar,4,6,11,0,21,0,0,2,0,2,4,6,13,0,23,0,0,0,23
12/06/2021,MBS,MI,AGL,CE,Towers with Radar,1,6,6,0,13,0,0,0,0,0,1,6,6,0,13,0,0,0,13
12/07/2021,MBS,MI,AGL,CE,Towers with Radar,2,10,15,0,27,0,0,9,0,9,2,10,24,0,36,15,0,15,51
12/08/2021,MBS,MI,AGL,CE,Towers with Radar,2,13,26,4,45,0,0,13,0,13,2,13,39,4,58,0,0,0,58
12/09/2021,MBS,MI,AGL,CE,Towers with Radar,4,16,12,0,32,0,0,8,0,8,4,16,20,0,40,10,0,10,50
12/10/2021,MBS,MI,AGL,CE,Towers with Radar,1,9,21,0,31,0,0,3,0,3,1,9,24,0,34,6,0,6,40
12/11/2021,MBS,MI,AGL,CE,Towers with Radar,5,3,4,0,12,0,0,0,0,0,5,3,4,0,12,0,0,0,12
12/12/2021,MBS,MI,AGL,CE,Towers with Radar,1,11,5,0,17,0,0,6,0,6,1,11,11,0,23,0,0,0,23
12/13/2021,MBS,MI,AGL,CE,Towers with Radar,1,8,11,0,20,0,2,13,0,15,1,10,24,0,35,5,0,5,40
12/14/2021,MBS,MI,AGL,CE,Towers with Radar,2,10,16,0,28,0,2,21,0,23,2,12,37,0,51,16,0,16,67
12/15/2021,MBS,MI,AGL,CE,Towers with Radar,1,8,21,0,30,0,0,0,0,0,1,8,21,0,30,0,0,0,30
12/16/2021,MBS,MI,AGL,CE,Towers with Radar,2,6,7,0,15,0,0,0,0,0,2,6,7,0,15,0,0,0,15
12/17/2021,MBS,MI,AGL,CE,Towers with Radar,1,10,15,0,26,0,2,26,0,28,1,12,41,0,54,12,0,12,66
12/18/2021,MBS,MI,AGL,CE,Towers with Radar,1,9,6,0,16,0,0,0,0,0,1,9,6,0,16,0,0,0,16
12/19/2021,MBS,MI,AGL,CE,Towers with Radar,1,6,16,0,23,0,0,20,0,20,1,6,36,0,43,1,0,1,44
12/20/2021,MBS,MI,AGL,CE,Towers with Radar,1,7,6,0,14,0,0,0,0,0,1,7,6,0,14,0,0,0,14
12/21/2021,MBS,MI,AGL,CE,Towers with Radar,1,7,15,0,23,0,0,8,5,13,1,7,23,5,36,12,0,12,48
12/22/2021,MBS,MI,AGL,CE,Towers with Radar,1,8,14,4,27,0,0,2,0,2,1,8,16,4,29,4,4,8,37
12/23/2021,MBS,MI,AGL,CE,Towers with Radar,2,10,6,0,18,0,0,0,0,0,2,10,6,0,18,0,0,0,18
12/24/2021,MBS,MI,AGL,CE,Towers with Radar,1,9,7,0,17,0,0,0,0,0,1,9,7,0,17,0,0,0,17
12/25/2021,MBS,MI,AGL,CE,Towers with Radar,1,8,7,0,16,0,0,2,0,2,1,8,9,0,18,1,0,1,19
12/26/2021,MBS,MI,AGL,CE,Towers with Radar,4,8,7,0,19,0,0,12,0,12,4,8,19,0,31,0,0,0,31
12/27/2021,MBS,MI,AGL,CE,Towers with Radar,3,10,4,0,17,0,0,0,0,0,3,10,4,0,17,0,0,0,17
12/28/2021,MBS,MI,AGL,CE,Towers with Radar,1,8,7,2,18,0,0,15,0,15,1,8,22,2,33,32,0,32,65
12/29/2021,MBS,MI,AGL,CE,Towers with Radar,1,11,4,0,16,0,0,1,0,1,1,11,5,0,17,0,0,0,17
12/30/2021,MBS,MI,AGL,CE,Towers with Radar,1,7,11,0,19,0,0,0,0,0,1,7,11,0,19,0,0,0,19
12/31/2021,MBS,MI,AGL,CE,Towers with Radar,1,9,2,0,12,0,0,0,0,0,1,9,2,0,12,0,0,0,12
01/01/2022,MBS,MI,AGL,CE,Towers with Radar,1,7,0,0,8,0,0,0,0,0,1,7,0,0,8,0,0,0,8
01/02/2022,MBS,MI,AGL,CE,Towers with Radar,0,7,9,0,16,0,0,6,0,6,0,7,15,0,22,20,0,20,42
01/03/2022,MBS,MI,AGL,CE,Towers with Radar,0,8,12,0,20,0,0,8,3,11,0,8,20,3,31,30,0,30,61
01/04/2022,MBS,MI,AGL,CE,Towers with Radar,1,8,14,0,23,0,1,14,4,19,1,9,28,4,42,38,0,38,80
01/05/2022,MBS,MI,AGL,CE,Towers with Radar,0,6,2,0,8,0,0,0,0,0,0,6,2,0,8,0,0,0,8
01/06/2022,MBS,MI,AGL,CE,Towers with Radar,0,11,8,0,19,0,0,0,0,0,0,11,8,0,19,0,0,0,19
01/07/2022,MBS,MI,AGL,CE,Towers with Radar,0,8,18,0,26,0,0,14,0,14,0,8,32,0,40,22,0,22,62
01/08/2022,MBS,MI,AGL,CE,Towers with Radar,0,9,9,0,18,0,0,16,0,16,0,9,25,0,34,17,0,17,51
01/09/2022,MBS,MI,AGL,CE,Towers with Radar,0,8,4,0,12,0,0,1,0,1,0,8,5,0,13,0,0,0,13
01/10/2022,MBS,MI,AGL,CE,Towers with Radar,0,5,5,0,10,0,2,0,0,2,0,7,5,0,12,0,0,0,12
01/11/2022,MBS,MI,AGL,CE,Towers with Radar,0,8,10,2,20,0,0,12,0,12,0,8,22,2,32,22,0,22,54
01/12/2022,MBS,MI,AGL,CE,Towers with Radar,0,10,16,0,26,0,0,1,0,1,0,10,17,0,27,11,0,11,38
01/13/2022,MBS,MI,AGL,CE,Towers with Radar,0,9,14,0,23,0,0,2,0,2,0,9,16,0,25,0,0,0,25
01/14/2022,MBS,MI,AGL,CE,Towers with Radar,0,10,7,0,17,0,0,0,0,0,0,10,7,0,17,0,0,0,17
01/15/2022,MBS,MI,AGL,CE,Towers with Radar,0,9,7,0,16,0,0,3,0,3,0,9,10,0,19,0,0,0,19
01/16/2022,MBS,MI,AGL,CE,Towers with Radar,0,6,14,0,20,0,0,18,0,18,0,6,32,0,38,0,0,0,38
01/17/2022,MBS,MI,AGL,CE,Towers with Radar,0,8,6,0,14,0,0,3,0,3,0,8,9,0,17,10,0,10,27
01/18/2022,MBS,MI,AGL,CE,Towers with Radar,0,10,10,0,20,0,0,3,0,3,0,10,13,0,23,0,0,0,23
01/19/2022,MBS,MI,AGL,CE,Towers with Radar,2,8,12,0,22,0,0,6,0,6,2,8,18,0,28,0,0,0,28
01/20/2022,MBS,MI,AGL,CE,Towers with Radar,0,10,8,0,18,0,0,4,0,4,0,10,12,0,22,3,0,3,25
01/21/2022,MBS,MI,AGL,CE,Towers with Radar,2,8,15,0,25,0,1,18,0,19,2,9,33,0,44,36,0,36,80
01/22/2022,MBS,MI,AGL,CE,Towers with Radar,0,10,0,0,10,0,0,0,0,0,0,10,0,0,10,0,0,0,10
01/23/2022,MBS,MI,AGL,CE,Towers with Radar,2,7,10,0,19,0,0,20,0,20,2,7,30,0,39,15,0,15,54
01/24/2022,MBS,MI,AGL,CE,Towers with Radar,0,7,4,0,11,0,0,0,0,0,0,7,4,0,11,0,0,0,11
01/25/2022,MBS,MI,AGL,CE,Towers with Radar,2,12,5,0,19,0,0,7,0,7,2,12,12,0,26,20,0,20,46
01/26/2022,MBS,MI,AGL,CE,Towers with Radar,0,8,20,0,28,0,2,9,0,11,0,10,29,0,39,0,0,0,39
01/27/2022,MBS,MI,AGL,CE,Towers with Radar,0,7,16,0,23,0,0,1,0,1,0,7,17,0,24,0,0,0,24
01/28/2022,MBS,MI,AGL,CE,Towers with Radar,0,14,10,0,24,0,0,13,0,13,0,14,23,0,37,14,0,14,51
01/29/2022,MBS,MI,AGL,CE,Towers with Radar,0,9,15,0,24,0,0,13,0,13,0,9,28,0,37,0,0,0,37
01/30/2022,MBS,MI,AGL,CE,Towers with Radar,0,5,10,0,15,0,0,8,0,8,0,5,18,0,23,21,0,21,44
01/31/2022,MBS,MI,AGL,CE,Towers with Radar,2,11,12,0,25,0,0,5,0,5,2,11,17,0,30,14,0,14,44
02/01/2022,MBS,MI,AGL,CE,Towers with Radar,0,14,6,0,20,0,0,4,0,4,0,14,10,0,24,0,0,0,24
02/02/2022,MBS,MI,AGL,CE,Towers with Radar,0,4,2,0,6,0,0,0,0,0,0,4,2,0,6,0,0,0,6
02/03/2022,MBS,MI,AGL,CE,Towers with Radar,2,20,12,0,34,0,0,1,0,1,2,20,13,0,35,1,0,1,36
02/04/2022,MBS,MI,AGL,CE,Towers with Radar,5,6,11,0,22,0,0,10,0,10,5,6,21,0,32,5,0,5,37
02/05/2022,MBS,MI,AGL,CE,Towers with Radar,0,14,16,0,30,0,0,18,0,18,0,14,34,0,48,15,0,15,63
02/06/2022,MBS,MI,AGL,CE,Towers with Radar,2,6,5,0,13,0,0,6,0,6,2,6,11,0,19,4,0,4,23
02/07/2022,MBS,MI,AGL,CE,Towers with Radar,4,8,7,0,19,0,0,0,0,0,4,8,7,0,19,0,0,0,19
02/08/2022,MBS,MI,AGL,CE,Towers with Radar,2,7,31,1,41,0,0,15,0,15,2,7,46,1,56,32,0,32,88
02/09/2022,MBS,MI,AGL,CE,Towers with Radar,2,8,10,0,20,0,0,6,0,6,2,8,16,0,26,10,0,10,36
02/10/2022,MBS,MI,AGL,CE,Towers with Radar,2,12,18,0,32,0,0,4,0,4,2,12,22,0,36,11,0,11,47
02/11/2022,MBS,MI,AGL,CE,Towers with Radar,5,6,10,0,21,0,0,0,0,0,5,6,10,0,21,0,0,0,21
02/12/2022,MBS,MI,AGL,CE,Towers with Radar,1,10,10,0,21,0,0,6,0,6,1,10,16,0,27,0,0,0,27
02/13/2022,MBS,MI,AGL,CE,Towers with Radar,0,6,2,0,8,0,0,3,0,3,0,6,5,0,11,4,0,4,15
02/14/2022,MBS,MI,AGL,CE,Towers with Radar,2,7,17,0,26,0,0,12,0,12,2,7,29,0,38,0,0,0,38
02/15/2022,MBS,MI,AGL,CE,Towers with Radar,2,8,27,0,37,0,0,17,0,17,2,8,44,0,54,17,0,17,71
02/16/2022,MBS,MI,AGL,CE,Towers with Radar,2,11,7,0,20,0,0,0,0,0,2,11,7,0,20,0,0,0,20
02/17/2022,MBS,MI,AGL,CE,Towers with Radar,1,6,8,0,15,0,0,0,0,0,1,6,8,0,15,0,0,0,15
02/18/2022,MBS,MI,AGL,CE,Towers with Radar,3,11,19,4,37,0,0,10,0,10,3,11,29,4,47,14,0,14,61
02/19/2022,MBS,MI,AGL,CE,Towers with Radar,2,8,1,0,11,0,0,1,0,1,2,8,2,0,12,0,0,0,12
02/20/2022,MBS,MI,AGL,CE,Towers with Radar,0,8,7,0,15,0,0,0,0,0,0,8,7,0,15,0,0,0,15
02/21/2022,MBS,MI,AGL,CE,Towers with Radar,2,5,10,0,17,0,0,1,0,1,2,5,11,0,18,0,0,0,18
02/22/2022,MBS,MI,AGL,CE,Towers with Radar,2,8,5,0,15,0,0,0,0,0,2,8,5,0,15,0,0,0,15
02/23/2022,MBS,MI,AGL,CE,Towers with Radar,4,12,10,2,28,0,0,2,0,2,4,12,12,2,30,0,0,0,30
02/24/2022,MBS,MI,AGL,CE,Towers with Radar,2,7,14,0,23,0,0,5,0,5,2,7,19,0,28,8,0,8,36
02/25/2022,MBS,MI,AGL,CE,Towers with Radar,3,6,10,0,19,0,0,1,0,1,3,6,11,0,20,0,0,0,20
02/26/2022,MBS,MI,AGL,CE,Towers with Radar,2,10,11,0,23,0,0,6,0,6,2,10,17,0,29,4,0,4,33
02/27/2022,MBS,MI,AGL,CE,Towers with Radar,2,6,9,0,17,0,0,9,0,9,2,6,18,0,26,0,0,0,26
02/28/2022,MBS,MI,AGL,CE,Towers with Radar,2,7,8,0,17,0,0,24,0,24,2,7,32,0,41,66,0,66,107
03/01/2022,MBS,MI,AGL,CE,Towers with Radar,2,8,39,2,51,0,0,13,2,15,2,8,52,4,66,21,0,21,87
03/02/2022,MBS,MI,AGL,CE,Towers with Radar,2,10,25,0,37,0,0,5,0,5,2,10,30,0,42,0,0,0,42
03/03/2022,MBS,MI,AGL,CE,Towers with Radar,2,6,15,0,23,0,0,19,0,19,2,6,34,0,42,13,0,13,55
03/04/2022,MBS,MI,AGL,CE,Towers with Radar,2,8,12,0,22,0,0,12,0,12,2,8,24,0,34,32,0,32,66
03/05/2022,MBS,MI,AGL,CE,Towers with Radar,1,10,17,0,28,0,0,17,0,17,1,10,34,0,45,16,0,16,61
03/06/2022,MBS,MI,AGL,CE,Towers with Radar,2,11,3,0,16,0,0,0,0,0,2,11,3,0,16,0,0,0,16
03/07/2022,MBS,MI,AGL,CE,Towers with Radar,0,9,6,0,15,0,0,1,0,1,0,9,7,0,16,0,0,0,16
03/08/2022,MBS,MI,AGL,CE,Towers with Radar,0,15,8,0,23,0,0,20,0,20,0,15,28,0,43,67,0,67,110
03/09/2022,MBS,MI,AGL,CE,Towers with Radar,0,11,16,0,27,0,2,22,0,24,0,13,38,0,51,4,0,4,55
03/10/2022,MBS,MI,AGL,CE,Towers with Radar,0,10,25,2,37,0,1,17,0,18,0,11,42,2,55,36,0,36,91
03/11/2022,MBS,MI,AGL,CE,Towers with Radar,0,11,27,0,38,0,0,3,0,3,0,11,30,0,41,0,0,0,41
03/12/2022,MBS,MI,AGL,CE,Towers with Radar,0,10,6,0,16,0,0,4,0,4,0,10,10,0,20,8,0,8,28
03/13/2022,MBS,MI,AGL,CE,Towers with Radar,0,10,15,0,25,0,0,1,0,1,0,10,16,0,26,0,0,0,26
03/14/2022,MBS,MI,AGL,CE,Towers with Radar,2,9,16,2,29,0,0,15,0,15,2,9,31,2,44,13,0,13,57
03/15/2022,MBS,MI,AGL,CE,Towers with Radar,0,14,10,0,24,0,0,0,0,0,0,14,10,0,24,0,0,0,24
03/16/2022,MBS,MI,AGL,CE,Towers with Radar,0,9,12,2,23,0,1,12,0,13,0,10,24,2,36,14,0,14,50
03/17/2022,MBS,MI,AGL,CE,Towers with Radar,0,13,15,0,28,0,1,14,0,15,0,14,29,0,43,22,0,22,65
03/18/2022,MBS,MI,AGL,CE,Towers with Radar,0,12,10,0,22,0,0,0,0,0,0,12,10,0,22,0,0,0,22
03/19/2022,MBS,MI,AGL,CE,Towers with Radar,0,11,7,0,18,0,0,0,0,0,0,11,7,0,18,0,0,0,18
03/20/2022,MBS,MI,AGL,CE,Towers with Radar,0,8,17,0,25,0,0,24,0,24,0,8,41,0,49,18,0,18,67
03/21/2022,MBS,MI,AGL,CE,Towers with Radar,0,10,12,0,22,0,0,22,0,22,0,10,34,0,44,2,0,2,46
03/22/2022,MBS,MI,AGL,CE,Towers with Radar,0,12,5,0,17,0,0,11,0,11,0,12,16,0,28,0,0,0,28
03/23/2022,MBS,MI,AGL,CE,Towers with Radar,0,16,8,0,24,0,0,0,0,0,0,16,8,0,24,0,0,0,24
03/24/2022,MBS,MI,AGL,CE,Towers with Radar,0,10,10,0,20,0,0,0,0,0,0,10,10,0,20,0,0,0,20
03/25/2022,MBS,MI,AGL,CE,Towers with Radar,0,10,22,0,32,0,0,1,0,1,0,10,23,0,33,0,0,0,33
03/26/2022,MBS,MI,AGL,CE,Towers with Radar,0,12,3,0,15,0,0,0,0,0,0,12,3,0,15,0,0,0,15
03/27/2022,MBS,MI,AGL,CE,Towers with Radar,0,7,10,0,17,0,0,3,0,3,0,7,13,0,20,0,0,0,20
03/28/2022,MBS,MI,AGL,CE,Towers with Radar,2,6,13,2,23,0,0,11,0,11,2,6,24,2,34,16,0,16,50
03/29/2022,MBS,MI,AGL,CE,Towers with Radar,0,10,18,0,28,0,0,31,0,31,0,10,49,0,59,0,0,0,59
03/30/2022,MBS,MI,AGL,CE,Towers with Radar,0,9,3,0,12,0,0,0,0,0,0,9,3,0,12,0,0,0,12
03/31/2022,MBS,MI,AGL,CE,Towers with Radar,0,9,8,0,17,0,0,4,0,4,0,9,12,0,21,0,0,0,21
04/01/2022,MBS,MI,AGL,CE,Towers with Radar,0,10,11,0,21,0,0,3,0,3,0,10,14,0,24,0,0,0,24
04/02/2022,MBS,MI,AGL,CE,Towers with Radar,0,13,14,0,27,0,0,14,0,14,0,13,28,0,41,10,0,10,51
04/03/2022,MBS,MI,AGL,CE,Towers with Radar,0,10,8,0,18,0,0,0,0,0,0,10,8,0,18,4,0,4,22
04/04/2022,MBS,MI,AGL,CE,Towers with Radar,2,8,4,0,14,0,0,0,0,0,2,8,4,0,14,0,0,0,14
04/05/2022,MBS,MI,AGL,CE,Towers with Radar,0,11,12,0,23,0,0,0,0,0,0,11,12,0,23,0,0,0,23
04/06/2022,MBS,MI,AGL,CE,Towers with Radar,0,10,10,0,20,0,0,0,0,0,0,10,10,0,20,0,0,0,20
04/07/2022,MBS,MI,AGL,CE,Towers with Radar,0,8,20,0,28,0,0,7,0,7,0,8,27,0,35,42,0,42,77
04/08/2022,MBS,MI,AGL,CE,Towers with Radar,0,11,10,0,21,0,0,1,0,1,0,11,11,0,22,4,0,4,26
04/09/2022,MBS,MI,AGL,CE,Towers with Radar,0,10,18,0,28,0,0,8,0,8,0,10,26,0,36,2,0,2,38
04/10/2022,MBS,MI,AGL,CE,Towers with Radar,1,9,14,0,24,0,2,24,0,26,1,11,38,0,50,28,0,28,78
04/11/2022,MBS,MI,AGL,CE,Towers with Radar,0,8,11,0,19,0,0,7,0,7,0,8,18,0,26,0,0,0,26
04/12/2022,MBS,MI,AGL,CE,Towers with Radar,0,10,21,0,31,12,0,30,0,42,12,10,51,0,73,58,0,58,131
04/13/2022,MBS,MI,AGL,CE,Towers with Radar,0,12,14,0,26,0,0,0,2,2,0,12,14,2,28,0,0,0,28
04/14/2022,MBS,MI,AGL,CE,Towers with Radar,1,7,11,0,19,0,0,5,0,5,1,7,16,0,24,0,0,0,24
04/15/2022,MBS,MI,AGL,CE,Towers with Radar,0,10,10,0,20,0,2,0,0,2,0,12,10,0,22,0,0,0,22
04/16/2022,MBS,MI,AGL,CE,Towers with Radar,0,10,26,0,36,0,0,22,0,22,0,10,48,0,58,0,0,0,58
04/17/2022,MBS,MI,AGL,CE,Towers with Radar,0,6,8,0,14,0,0,15,0,15,0,6,23,0,29,32,0,32,61
04/18/2022,MBS,MI,AGL,CE,Towers with Radar,0,10,12,0,22,0,0,3,0,3,0,10,15,0,25,4,0,4,29
04/19/2022,MBS,MI,AGL,CE,Towers with Radar,0,13,15,0,28,0,4,2,0,6,0,17,17,0,34,0,0,0,34
04/20/2022,MBS,MI,AGL,CE,Towers with Radar,0,9,15,2,26,0,0,17,2,19,0,9,32,4,45,38,0,38,83
04/21/2022,MBS,MI,AGL,CE,Towers with Radar,0,9,14,0,23,0,0,4,0,4,0,9,18,0,27,6,0,6,33
04/22/2022,MBS,MI,AGL,CE,Towers with Radar,2,8,21,0,31,0,0,32,0,32,2,8,53,0,63,26,0,26,89
04/23/2022,MBS,MI,AGL,CE,Towers with Radar,2,10,21,0,33,0,0,33,0,33,2,10,54,0,66,45,0,45,111
04/24/2022,MBS,MI,AGL,CE,Towers with Radar,0,11,3,0,14,0,0,3,0,3,0,11,6,0,17,0,0,0,17
04/25/2022,MBS,MI,AGL,CE,Towers with Radar,2,10,19,0,31,0,0,13,0,13,2,10,32,0,44,14,0,14,58
04/26/2022,MBS,MI,AGL,CE,Towers with Radar,0,19,8,2,29,0,0,1,0,1,0,19,9,2,30,7,0,7,37
04/27/2022,MBS,MI,AGL,CE,Towers with Radar,0,14,30,0,44,0,0,12,2,14,0,14,42,2,58,17,0,17,75
04/28/2022,MBS,MI,AGL,CE,Towers with Radar,2,6,12,0,20,0,0,22,1,23,2,6,34,1,43,11,0,11,54
04/29/2022,MBS,MI,AGL,CE,Towers with Radar,0,12,26,0,38,0,0,16,0,16,0,12,42,0,54,6,0,6,60
04/30/2022,MBS,MI,AGL,CE,Towers with Radar,0,9,11,0,20,0,0,15,0,15,0,9,26,0,35,11,0,11,46
05/01/2022,MBS,MI,AGL,CE,Towers with Radar,0,7,12,0,19,0,0,3,0,3,0,7,15,0,22,0,0,0,22
05/02/2022,MBS,MI,AGL,CE,Towers with Radar,0,10,19,0,29,0,0,2,0,2,0,10,21,0,31,9,0,9,40
05/03/2022,MBS,MI,AGL,CE,Towers with Radar,0,9,23,0,32,0,0,1,0,1,0,9,24,0,33,0,0,0,33
05/04/2022,MBS,MI,AGL,CE,Towers with Radar,0,10,25,0,35,0,0,12,2,14,0,10,37,2,49,0,0,0,49
05/05/2022,MBS,MI,AGL,CE,Towers with Radar,0,12,29,0,41,0,1,17,0,18,0,13,46,0,59,14,0,14,73
05/06/2022,MBS,MI,AGL,CE,Towers with Radar,0,9,20,0,29,0,0,3,0,3,0,9,23,0,32,5,0,5,37
05/07/2022,MBS,MI,AGL,CE,Towers with Radar,2,7,11,0,20,0,0,14,0,14,2,7,25,0,34,10,0,10,44
05/08/2022,MBS,MI,AGL,CE,Towers with Radar,0,10,9,0,19,0,0,15,0,15,0,10,24,0,34,0,0,0,34
05/09/2022,MBS,MI,AGL,CE,Towers with Radar,0,10,19,0,29,0,0,6,0,6,0,10,25,0,35,5,0,5,40
05/10/2022,MBS,MI,AGL,CE,Towers with Radar,0,11,19,0,30,0,0,12,0,12,0,11,31,0,42,21,0,21,63
05/11/2022,MBS,MI,AGL,CE,Towers with Radar,2,12,6,0,20,0,0,14,0,14,2,12,20,0,34,0,0,0,34
05/12/2022,MBS,MI,AGL,CE,Towers with Radar,0,12,15,0,27,0,2,15,0,17,0,14,30,0,44,13,0,13,57
05/13/2022,MBS,MI,AGL,CE,Towers with Radar,0,11,25,0,36,0,0,18,0,18,0,11,43,0,54,14,0,14,68
05/14/2022,MBS,MI,AGL,CE,Towers with Radar,0,11,8,0,19,0,0,11,0,11,0,11,19,0,30,0,0,0,30
05/15/2022,MBS,MI,AGL,CE,Towers with Radar,2,8,8,4,22,0,0,7,0,7,2,8,15,4,29,0,0,0,29
05/16/2022,MBS,MI,AGL,CE,Towers with Radar,0,10,7,0,17,0,0,15,3,18,0,10,22,3,35,0,0,0,35
05/17/2022,MBS,MI,AGL,CE,Towers with Radar,0,10,14,2,26,0,0,10,0,10,0,10,24,2,36,12,0,12,48
05/18/2022,MBS,MI,AGL,CE,Towers with Radar,0,13,19,0,32,0,0,4,0,4,0,13,23,0,36,2,0,2,38
05/19/2022,MBS,MI,AGL,CE,Towers with Radar,0,12,24,0,36,0,0,7,0,7,0,12,31,0,43,7,0,7,50
05/20/2022,MBS,MI,AGL,CE,Towers with Radar,0,13,12,0,25,0,0,3,0,3,0,13,15,0,28,0,0,0,28
05/21/2022,MBS,MI,AGL,CE,Towers with Radar,0,13,18,0,31,0,0,8,0,8,0,13,26,0,39,0,0,0,39
05/22/2022,MBS,MI,AGL,CE,Towers with Radar,0,9,8,1,18,0,0,2,0,2,0,9,10,1,20,14,0,14,34
05/23/2022,MBS,MI,AGL,CE,Towers with Radar,0,11,19,0,30,0,2,16,4,22,0,13,35,4,52,31,0,31,83
05/24/2022,MBS,MI,AGL,CE,Towers with Radar,0,18,22,0,40,0,0,21,0,21,0,18,43,0,61,14,0,14,75
05/25/2022,MBS,MI,AGL,CE,Towers with Radar,0,12,13,0,25,0,0,6,0,6,0,12,19,0,31,6,0,6,37
05/26/2022,MBS,MI,AGL,CE,Towers with Radar,0,12,17,2,31,0,0,3,2,5,0,12,20,4,36,0,11,11,47
05/27/2022,MBS,MI,AGL,CE,Towers with Radar,0,18,20,0,38,0,0,1,0,1,0,18,21,0,39,0,0,0,39
05/28/2022,MBS,MI,AGL,CE,Towers with Radar,0,10,8,0,18,0,0,12,0,12,0,10,20,0,30,0,0,0,30
05/29/2022,MBS,MI,AGL,CE,Towers with Radar,0,7,8,0,15,0,0,16,0,16,0,7,24,0,31,5,0,5,36
05/30/2022,MBS,MI,AGL,CE,Towers with Radar,0,13,6,0,19,0,0,4,0,4,0,13,10,0,23,0,0,0,23
05/31/2022,MBS,MI,AGL,CE,Towers with Radar,0,10,20,0,30,0,2,12,0,14,0,12,32,0,44,30,0,30,74
06/01/2022,MBS,MI,AGL,CE,Towers with Radar,0,8,20,0,28,0,0,33,0,33,0,8,53,0,61,26,0,26,87
06/02/2022,MBS,MI,AGL,CE,Towers with Radar,0,13,25,0,38,0,0,20,0,20,0,13,45,0,58,9,0,9,67
06/03/2022,MBS,MI,AGL,CE,Towers with Radar,0,10,23,0,33,0,0,10,0,10,0,10,33,0,43,13,0,13,56
06/04/2022,MBS,MI,AGL,CE,Towers with Radar,0,10,1,2,13,0,0,37,0,37,0,10,38,2,50,55,0,55,105
06/05/2022,MBS,MI,AGL,CE,Towers with Radar,0,10,10,0,20,0,0,8,0,8,0,10,18,0,28,0,0,0,28
06/06/2022,MBS,MI,AGL,CE,Towers with Radar,2,6,9,4,21,0,0,4,0,4,2,6,13,4,25,0,0,0,25
06/07/2022,MBS,MI,AGL,CE,Towers with Radar,2,8,17,0,27,0,0,5,0,5,2,8,22,0,32,2,0,2,34
06/08/2022,MBS,MI,AGL,CE,Towers with Radar,2,11,21,0,34,0,0,26,3,29,2,11,47,3,63,20,0,20,83
06/09/2022,MBS,MI,AGL,CE,Towers with Radar,2,10,22,4,38,0,0,17,0,17,2,10,39,4,55,33,6,39,94
06/10/2022,MBS,MI,AGL,CE,Towers with Radar,2,8,17,0,27,0,0,12,0,12,2,8,29,0,39,10,0,10,49
06/11/2022,MBS,MI,AGL,CE,Towers with Radar,2,12,2,0,16,0,0,12,0,12,2,12,14,0,28,4,0,4,32
06/12/2022,MBS,MI,AGL,CE,Towers with Radar,2,9,17,0,28,0,0,2,0,2,2,9,19,0,30,0,0,0,30
06/13/2022,MBS,MI,AGL,CE,Towers with Radar,2,8,12,0,22,0,1,10,0,11,2,9,22,0,33,23,0,23,56
06/14/2022,MBS,MI,AGL,CE,Towers with Radar,2,8,17,0,27,0,0,16,0,16,2,8,33,0,43,17,0,17,60
06/15/2022,MBS,MI,AGL,CE,Towers with Radar,2,9,19,4,34,0,0,19,0,19,2,9,38,4,53,33,0,33,86
06/16/2022,MBS,MI,AGL,CE,Towers with Radar,2,6,22,0,30,0,0,10,0,10,2,6,32,0,40,1,0,1,41
06/17/2022,MBS,MI,AGL,CE,Towers with Radar,2,9,19,0,30,0,0,6,0,6,2,9,25,0,36,0,0,0,36
06/18/2022,MBS,MI,AGL,CE,Towers with Radar,2,16,4,1,23,0,0,23,0,23,2,16,27,1,46,16,0,16,62
06/19/2022,MBS,MI,AGL,CE,Towers with Radar,2,8,5,1,16,0,0,13,0,13,2,8,18,1,29,7,0,7,36
06/20/2022,MBS,MI,AGL,CE,Towers with Radar,2,10,17,0,29,0,0,15,0,15,2,10,32,0,44,31,0,31,75
06/21/2022,MBS,MI,AGL,CE,Towers with Radar,2,11,20,0,33,0,0,13,0,13,2,11,33,0,46,6,0,6,52
06/22/2022,MBS,MI,AGL,CE,Towers with Radar,2,11,7,0,20,0,2,11,1,14,2,13,18,1,34,10,0,10,44
06/23/2022,MBS,MI,AGL,CE,Towers with Radar,4,14,27,4,49,0,0,22,0,22,4,14,49,4,71,35,2,37,108
06/24/2022,MBS,MI,AGL,CE,Towers with Radar,2,12,22,0,36,0,0,10,2,12,2,12,32,2,48,12,0,12,60
06/25/2022,MBS,MI,AGL,CE,Towers with Radar,2,10,7,0,19,0,0,11,1,12,2,10,18,1,31,0,0,0,31
06/26/2022,MBS,MI,AGL,CE,Towers with Radar,2,8,12,0,22,0,1,7,0,8,2,9,19,0,30,12,0,12,42
06/27/2022,MBS,MI,AGL,CE,Towers with Radar,4,7,21,1,33,0,0,12,2,14,4,7,33,3,47,4,0,4,51
06/28/2022,MBS,MI,AGL,CE,Towers with Radar,2,10,14,1,27,0,0,10,1,11,2,10,24,2,38,6,0,6,44
06/29/2022,MBS,MI,AGL,CE,Towers with Radar,2,10,20,0,32,0,0,12,0,12,2,10,32,0,44,0,0,0,44
06/30/2022,MBS,MI,AGL,CE,Towers with Radar,2,8,20,0,30,0,0,12,0,12,2,8,32,0,42,10,0,10,52
07/01/2022,MBS,MI,AGL,CE,Towers with Radar,2,12,27,0,41,0,0,12,0,12,2,12,39,0,53,0,0,0,53
07/02/2022,MBS,MI,AGL,CE,Towers with Radar,2,13,7,0,22,0,0,20,0,20,2,13,27,0,42,4,0,4,46
07/03/2022,MBS,MI,AGL,CE,Towers with Radar,0,8,1,0,9,0,0,8,0,8,0,8,9,0,17,0,0,0,17
07/04/2022,MBS,MI,AGL,CE,Towers with Radar,0,7,4,0,11,0,0,4,0,4,0,7,8,0,15,3,0,3,18
07/05/2022,MBS,MI,AGL,CE,Towers with Radar,0,9,13,0,22,0,2,9,0,11,0,11,22,0,33,0,0,0,33
07/06/2022,MBS,MI,AGL,CE,Towers with Radar,2,13,20,0,35,0,0,3,0,3,2,13,23,0,38,2,0,2,40
07/07/2022,MBS,MI,AGL,CE,Towers with Radar,2,16,25,4,47,0,0,18,3,21,2,16,43,7,68,37,8,45,113
07/08/2022,MBS,MI,AGL,CE,Towers with Radar,2,16,32,0,50,0,0,15,0,15,2,16,47,0,65,5,0,5,70
07/09/2022,MBS,MI,AGL,CE,Towers with Radar,2,10,15,0,27,0,4,17,0,21,2,14,32,0,48,1,0,1,49
07/10/2022,MBS,MI,AGL,CE,Towers with Radar,2,8,16,2,28,0,0,25,0,25,2,8,41,2,53,2,0,2,55
07/11/2022,MBS,MI,AGL,CE,Towers with Radar,0,7,19,0,26,0,0,2,0,2,0,7,21,0,28,0,0,0,28
07/12/2022,MBS,MI,AGL,CE,Towers with Radar,0,20,18,0,38,0,0,6,0,6,0,20,24,0,44,19,0,19,63
07/13/2022,MBS,MI,AGL,CE,Towers with Radar,0,10,16,2,28,0,0,0,0,0,0,10,16,2,28,0,10,10,38
07/14/2022,MBS,MI,AGL,CE,Towers with Radar,2,14,7,0,23,0,0,25,0,25,2,14,32,0,48,11,0,11,59
07/15/2022,MBS,MI,AGL,CE,Towers with Radar,2,7,16,0,25,0,0,11,0,11,2,7,27,0,36,25,0,25,61
07/16/2022,MBS,MI,AGL,CE,Towers with Radar,0,15,9,1,25,0,0,4,1,5,0,15,13,2,30,23,0,23,53
07/17/2022,MBS,MI,AGL,CE,Towers with Radar,0,14,3,3,20,0,0,6,2,8,0,14,9,5,28,14,4,18,46
07/18/2022,MBS,MI,AGL,CE,Towers with Radar,0,8,28,0,36,0,2,13,0,15,0,10,41,0,51,0,0,0,51
07/19/2022,MBS,MI,AGL,CE,Towers with Radar,0,8,15,2,25,0,0,17,3,20,0,8,32,5,45,13,0,13,58
07/20/2022,MBS,MI,AGL,CE,Towers with Radar,0,11,14,2,27,0,0,12,0,12,0,11,26,2,39,0,0,0,39
07/21/2022,MBS,MI,AGL,CE,Towers with Radar,0,8,18,2,28,0,0,13,0,13,0,8,31,2,41,0,0,0,41
07/22/2022,MBS,MI,AGL,CE,Towers with Radar,0,10,25,0,35,0,0,20,0,20,0,10,45,0,55,5,0,5,60
07/23/2022,MBS,MI,AGL,CE,Towers with Radar,2,6,12,0,20,0,1,18,0,19,2,7,30,0,39,9,0,9,48
07/24/2022,MBS,MI,AGL,CE,Towers with Radar,0,11,13,0,24,0,0,7,0,7,0,11,20,0,31,17,0,17,48
07/25/2022,MBS,MI,AGL,CE,Towers with Radar,0,9,26,0,35,0,2,33,0,35,0,11,59,0,70,10,0,10,80
07/26/2022,MBS,MI,AGL,CE,Towers with Radar,2,9,13,0,24,0,1,17,0,18,2,10,30,0,42,20,0,20,62
07/27/2022,MBS,MI,AGL,CE,Towers with Radar,0,8,27,6,41,0,0,10,0,10,0,8,37,6,51,12,8,20,71
07/28/2022,MBS,MI,AGL,CE,Towers with Radar,0,12,23,0,35,0,2,12,0,14,0,14,35,0,49,20,0,20,69
07/29/2022,MBS,MI,AGL,CE,Towers with Radar,0,18,31,0,49,0,0,21,0,21,0,18,52,0,70,19,0,19,89
07/30/2022,MBS,MI,AGL,CE,Towers with Radar,2,16,7,2,27,0,0,7,0,7,2,16,14,2,34,4,0,4,38
07/31/2022,MBS,MI,AGL,CE,Towers with Radar,2,7,10,0,19,0,0,16,0,16,2,7,26,0,35,10,0,10,45
08/01/2022,MBS,MI,AGL,CE,Towers with Radar,0,8,20,0,28,0,0,5,0,5,0,8,25,0,33,2,0,2,35
08/02/2022,MBS,MI,AGL,CE,Towers with Radar,0,13,16,2,31,0,3,35,0,38,0,16,51,2,69,9,0,9,78
08/03/2022,MBS,MI,AGL,CE,Towers with Radar,0,9,8,0,17,0,0,2,0,2,0,9,10,0,19,0,0,0,19
08/04/2022,MBS,MI,AGL,CE,Towers with Radar,2,11,18,0,31,0,0,4,0,4,2,11,22,0,35,22,0,22,57
08/05/2022,MBS,MI,AGL,CE,Towers with Radar,0,9,23,0,32,0,0,12,0,12,0,9,35,0,44,40,4,44,88
08/06/2022,MBS,MI,AGL,CE,Towers with Radar,1,11,3,0,15,0,0,12,0,12,1,11,15,0,27,3,0,3,30
08/07/2022,MBS,MI,AGL,CE,Towers with Radar,0,10,7,0,17,0,0,6,0,6,0,10,13,0,23,0,0,0,23
08/08/2022,MBS,MI,AGL,CE,Towers with Radar,0,11,15,0,26,0,0,0,0,0,0,11,15,0,26,0,0,0,26
08/09/2022,MBS,MI,AGL,CE,Towers with Radar,0,11,15,0,26,0,2,28,1,31,0,13,43,1,57,36,0,36,93
08/10/2022,MBS,MI,AGL,CE,Towers with Radar,0,10,9,0,19,0,0,26,0,26,0,10,35,0,45,23,0,23,68
08/11/2022,MBS,MI,AGL,CE,Towers with Radar,0,12,12,0,24,0,0,40,0,40,0,12,52,0,64,26,0,26,90
08/12/2022,MBS,MI,AGL,CE,Towers with Radar,0,14,17,0,31,0,0,40,11,51,0,14,57,11,82,85,0,85,167
08/13/2022,MBS,MI,AGL,CE,Towers with Radar,0,10,13,0,23,0,0,45,8,53,0,10,58,8,76,30,0,30,106
08/14/2022,MBS,MI,AGL,CE,Towers with Radar,0,9,10,0,19,0,0,39,12,51,0,9,49,12,70,1,0,1,71
08/15/2022,MBS,MI,AGL,CE,Towers with Radar,0,8,10,4,22,0,0,22,0,22,0,8,32,4,44,39,0,39,83
08/16/2022,MBS,MI,AGL,CE,Towers with Radar,0,10,19,0,29,0,0,12,0,12,0,10,31,0,41,17,0,17,58
08/17/2022,MBS,MI,AGL,CE,Towers with Radar,0,8,17,0,25,0,0,25,4,29,0,8,42,4,54,22,0,22,76
08/18/2022,MBS,MI,AGL,CE,Towers with Radar,2,10,24,0,36,0,0,23,0,23,2,10,47,0,59,20,0,20,79
08/19/2022,MBS,MI,AGL,CE,Towers with Radar,0,13,20,0,33,0,3,14,0,17,0,16,34,0,50,50,0,50,100
08/20/2022,MBS,MI,AGL,CE,Towers with Radar,0,11,6,0,17,0,0,6,0,6,0,11,12,0,23,0,0,0,23
08/21/2022,MBS,MI,AGL,CE,Towers with Radar,0,7,17,0,24,0,0,6,0,6,0,7,23,0,30,8,0,8,38
08/22/2022,MBS,MI,AGL,CE,Towers with Radar,2,15,32,5,54,0,4,7,1,12,2,19,39,6,66,21,8,29,95
08/23/2022,MBS,MI,AGL,CE,Towers with Radar,0,9,15,0,24,0,0,14,0,14,0,9,29,0,38,13,0,13,51
08/24/2022,MBS,MI,AGL,CE,Towers with Radar,0,14,20,0,34,0,2,16,0,18,0,16,36,0,52,30,0,30,82
08/25/2022,MBS,MI,AGL,CE,Towers with Radar,0,15,19,0,34,0,5,6,0,11,0,20,25,0,45,9,0,9,54
08/26/2022,MBS,MI,AGL,CE,Towers with Radar,0,18,18,0,36,0,3,17,0,20,0,21,35,0,56,16,0,16,72
08/27/2022,MBS,MI,AGL,CE,Towers with Radar,0,9,10,0,19,0,0,31,0,31,0,9,41,0,50,37,0,37,87
08/28/2022,MBS,MI,AGL,CE,Towers with Radar,0,11,13,0,24,0,0,7,0,7,0,11,20,0,31,0,0,0,31
08/29/2022,MBS,MI,AGL,CE,Towers with Radar,0,22,12,0,34,0,3,3,0,6,0,25,15,0,40,0,0,0,40
08/30/2022,MBS,MI,AGL,CE,Towers with Radar,0,6,9,0,15,0,0,6,1,7,0,6,15,1,22,2,0,2,24
08/31/2022,MBS,MI,AGL,CE,Towers with Radar,2,11,23,0,36,0,3,16,0,19,2,14,39,0,55,10,0,10,65
09/01/2022,MBS,MI,AGL,CE,Towers with Radar,0,15,21,0,36,0,2,27,0,29,0,17,48,0,65,34,0,34,99
09/02/2022,MBS,MI,AGL,CE,Towers with Radar,2,11,23,0,36,0,1,13,0,14,2,12,36,0,50,29,0,29,79
09/03/2022,MBS,MI,AGL,CE,Towers with Radar,0,11,8,0,19,0,0,18,0,18,0,11,26,0,37,24,0,24,61
09/04/2022,MBS,MI,AGL,CE,Towers with Radar,0,7,3,0,10,0,0,0,0,0,0,7,3,0,10,0,0,0,10
09/05/2022,MBS,MI,AGL,CE,Towers with Radar,0,10,18,0,28,0,0,5,0,5,0,10,23,0,33,0,0,0,33
09/06/2022,MBS,MI,AGL,CE,Towers with Radar,0,7,24,0,31,0,0,14,0,14,0,7,38,0,45,43,0,43,88
09/07/2022,MBS,MI,AGL,CE,Towers with Radar,0,10,16,0,26,0,0,25,0,25,0,10,41,0,51,20,0,20,71
09/08/2022,MBS,MI,AGL,CE,Towers with Radar,0,10,15,3,28,0,0,26,1,27,0,10,41,4,55,16,0,16,71
09/09/2022,MBS,MI,AGL,CE,Towers with Radar,0,11,22,0,33,0,0,19,0,19,0,11,41,0,52,11,0,11,63
09/10/2022,MBS,MI,AGL,CE,Towers with Radar,0,12,14,14,40,0,0,12,0,12,0,12,26,14,52,15,0,15,67
09/11/2022,MBS,MI,AGL,CE,Towers with Radar,0,8,13,0,21,0,0,0,0,0,0,8,13,0,21,1,0,1,22
09/12/2022,MBS,MI,AGL,CE,Towers with Radar,0,8,14,2,24,0,0,3,0,3,0,8,17,2,27,6,0,6,33
09/13/2022,MBS,MI,AGL,CE,Towers with Radar,2,8,9,0,19,0,2,12,0,14,2,10,21,0,33,67,0,67,100
09/14/2022,MBS,MI,AGL,CE,Towers with Radar,2,11,21,0,34,0,2,8,2,12,2,13,29,2,46,6,0,6,52
09/15/2022,MBS,MI,AGL,CE,Towers with Radar,0,15,31,0,46,0,3,28,0,31,0,18,59,0,77,42,0,42,119
09/16/2022,MBS,MI,AGL,CE,Towers with Radar,0,14,22,0,36,0,8,14,0,22,0,22,36,0,58,20,0,20,78
09/17/2022,MBS,MI,AGL,CE,Towers with Radar,0,16,13,0,29,0,3,20,0,23,0,19,33,0,52,45,0,45,97
09/18/2022,MBS,MI,AGL,CE,Towers with Radar,0,11,8,0,19,0,0,8,0,8,0,11,16,0,27,0,0,0,27
09/19/2022,MBS,MI,AGL,CE,Towers with Radar,0,9,16,0,25,0,0,12,0,12,0,9,28,0,37,29,0,29,66
09/20/2022,MBS,MI,AGL,CE,Towers with Radar,0,18,11,4,33,0,4,9,0,13,0,22,20,4,46,8,1,9,55
09/21/2022,MBS,MI,AGL,CE,Towers with Radar,2,7,11,0,20,0,0,13,0,13,2,7,24,0,33,17,0,17,50
09/22/2022,MBS,MI,AGL,CE,Towers with Radar,0,19,17,0,36,0,0,9,0,9,0,19,26,0,45,40,0,40,85
09/23/2022,MBS,MI,AGL,CE,Towers with Radar,2,11,18,0,31,0,0,23,0,23,2,11,41,0,54,28,0,28,82
09/24/2022,MBS,MI,AGL,CE,Towers with Radar,3,16,9,0,28,0,3,2,0,5,3,19,11,0,33,0,0,0,33
09/25/2022,MBS,MI,AGL,CE,Towers with Radar,0,12,13,0,25,0,0,0,0,0,0,12,13,0,25,2,0,2,27
09/26/2022,MBS,MI,AGL,CE,Towers with Radar,0,15,6,0,21,0,0,0,0,0,0,15,6,0,21,0,0,0,21
09/27/2022,MBS,MI,AGL,CE,Towers with Radar,0,15,12,0,27,0,0,0,0,0,0,15,12,0,27,0,0,0,27
09/28/2022,MBS,MI,AGL,CE,Towers with Radar,2,12,16,0,30,0,0,1,0,1,2,12,17,0,31,3,0,3,34
09/29/2022,MBS,MI,AGL,CE,Towers with Radar,0,16,17,1,34,0,0,16,1,17,0,16,33,2,51,26,0,26,77
09/30/2022,MBS,MI,AGL,CE,Towers with Radar,0,12,18,0,30,0,0,11,2,13,0,12,29,2,43,6,0,6,49
10/01/2022,MBS,MI,AGL,CE,Towers with Radar,0,12,3,0,15,0,0,9,0,9,0,12,12,0,24,0,0,0,24
10/02/2022,MBS,MI,AGL,CE,Towers with Radar,0,9,15,0,24,0,0,20,0,20,0,9,35,0,44,2,0,2,46
10/03/2022,MBS,MI,AGL,CE,Towers with Radar,0,12,12,0,24,0,0,19,0,19,0,12,31,0,43,19,0,19,62
10/04/2022,MBS,MI,AGL,CE,Towers with Radar,0,11,10,3,24,0,0,13,1,14,0,11,23,4,38,19,9,28,66
10/05/2022,MBS,MI,AGL,CE,Towers with Radar,0,9,17,4,30,0,0,13,0,13,0,9,30,4,43,20,4,24,67
10/06/2022,MBS,MI,AGL,CE,Towers with Radar,0,8,18,0,26,0,0,6,0,6,0,8,24,0,32,0,0,0,32
10/07/2022,MBS,MI,AGL,CE,Towers with Radar,0,6,27,0,33,0,0,12,0,12,0,6,39,0,45,6,0,6,51
10/08/2022,MBS,MI,AGL,CE,Towers with Radar,0,9,12,0,21,0,0,1,0,1,0,9,13,0,22,1,0,1,23
10/09/2022,MBS,MI,AGL,CE,Towers with Radar,0,6,13,0,19,0,0,13,0,13,0,6,26,0,32,1,0,1,33
10/10/2022,MBS,MI,AGL,CE,Towers with Radar,0,8,15,0,23,0,0,19,0,19,0,8,34,0,42,12,0,12,54
10/11/2022,MBS,MI,AGL,CE,Towers with Radar,0,8,12,0,20,0,0,11,0,11,0,8,23,0,31,23,0,23,54
10/12/2022,MBS,MI,AGL,CE,Towers with Radar,0,19,16,0,35,0,0,0,0,0,0,19,16,0,35,5,0,5,40
10/13/2022,MBS,MI,AGL,CE,Towers with Radar,0,16,19,0,35,0,0,5,0,5,0,16,24,0,40,3,0,3,43
10/14/2022,MBS,MI,AGL,CE,Towers with Radar,0,8,23,0,31,0,0,17,0,17,0,8,40,0,48,2,0,2,50
10/15/2022,MBS,MI,AGL,CE,Towers with Radar,3,8,10,0,21,0,0,6,0,6,3,8,16,0,27,0,0,0,27
10/16/2022,MBS,MI,AGL,CE,Towers with Radar,0,6,8,0,14,0,0,13,0,13,0,6,21,0,27,2,0,2,29
10/17/2022,MBS,MI,AGL,CE,Towers with Radar,0,6,10,0,16,0,0,0,0,0,0,6,10,0,16,0,0,0,16
10/18/2022,MBS,MI,AGL,CE,Towers with Radar,0,11,7,4,22,0,0,2,0,2,0,11,9,4,24,0,8,8,32
10/19/2022,MBS,MI,AGL,CE,Towers with Radar,0,8,12,0,20,0,0,1,0,1,0,8,13,0,21,0,0,0,21
10/20/2022,MBS,MI,AGL,CE,Towers with Radar,0,8,12,4,24,0,0,0,0,0,0,8,12,4,24,0,0,0,24
10/21/2022,MBS,MI,AGL,CE,Towers with Radar,0,9,20,0,29,0,1,15,0,16,0,10,35,0,45,27,0,27,72
10/22/2022,MBS,MI,AGL,CE,Towers with Radar,0,9,12,0,21,0,0,20,0,20,0,9,32,0,41,24,0,24,65
10/23/2022,MBS,MI,AGL,CE,Towers with Radar,0,8,8,0,16,0,0,15,0,15,0,8,23,0,31,16,0,16,47
10/24/2022,MBS,MI,AGL,CE,Towers with Radar,0,8,20,0,28,0,2,18,0,20,0,10,38,0,48,16,0,16,64
10/25/2022,MBS,MI,AGL,CE,Towers with Radar,0,10,18,0,28,0,0,12,0,12,0,10,30,0,40,1,0,1,41
10/26/2022,MBS,MI,AGL,CE,Towers with Radar,2,10,12,0,24,0,0,0,0,0,2,10,12,0,24,0,0,0,24
10/27/2022,MBS,MI,AGL,CE,Towers with Radar,0,9,10,0,19,0,0,25,0,25,0,9,35,0,44,30,0,30,74
10/28/2022,MBS,MI,AGL,CE,Towers with Radar,0,8,20,0,28,0,0,24,0,24,0,8,44,0,52,27,0,27,79
10/29/2022,MBS,MI,AGL,CE,Towers with Radar,2,13,15,0,30,0,0,17,0,17,2,13,32,0,47,10,0,10,57
10/30/2022,MBS,MI,AGL,CE,Towers with Radar,2,8,12,0,22,0,2,8,0,10,2,10,20,0,32,22,0,22,54
10/31/2022,MBS,MI,AGL,CE,Towers with Radar,0,7,12,0,19,0,0,0,0,0,0,7,12,0,19,0,0,0,19
11/01/2022,MBS,MI,AGL,CE,Towers with Radar,0,8,11,0,19,0,0,12,0,12,0,8,23,0,31,23,0,23,54
11/02/2022,MBS,MI,AGL,CE,Towers with Radar,0,10,13,5,28,0,0,14,1,15,0,10,27,6,43,14,0,14,57
11/03/2022,MBS,MI,AGL,CE,Towers with Radar,1,12,14,2,29,0,1,16,0,17,1,13,30,2,46,12,0,12,58
11/04/2022,MBS,MI,AGL,CE,Towers with Radar,0,9,20,0,29,0,0,0,0,0,0,9,20,0,29,0,0,0,29
11/05/2022,MBS,MI,AGL,CE,Towers with Radar,0,12,7,0,19,0,0,1,0,1,0,12,8,0,20,0,0,0,20
11/06/2022,MBS,MI,AGL,CE,Towers with Radar,0,8,16,0,24,0,0,4,0,4,0,8,20,0,28,0,0,0,28
11/07/2022,MBS,MI,AGL,CE,Towers with Radar,0,9,23,0,32,0,0,16,0,16,0,9,39,0,48,2,0,2,50
11/08/2022,MBS,MI,AGL,CE,Towers with Radar,0,10,23,3,36,0,0,17,3,20,0,10,40,6,56,7,0,7,63
11/09/2022,MBS,MI,AGL,CE,Towers with Radar,0,12,14,0,26,0,0,6,0,6,0,12,20,0,32,10,0,10,42
11/10/2022,MBS,MI,AGL,CE,Towers with Radar,0,13,20,0,33,0,0,15,0,15,0,13,35,0,48,22,0,22,70
11/11/2022,MBS,MI,AGL,CE,Towers with Radar,0,7,19,0,26,0,0,6,0,6,0,7,25,0,32,0,0,0,32
11/12/2022,MBS,MI,AGL,CE,Towers with Radar,0,9,4,0,13,0,0,1,0,1,0,9,5,0,14,0,0,0,14
11/13/2022,MBS,MI,AGL,CE,Towers with Radar,0,9,12,0,21,0,0,7,0,7,0,9,19,0,28,20,0,20,48
11/14/2022,MBS,MI,AGL,CE,Towers with Radar,0,6,12,0,18,0,2,25,0,27,0,8,37,0,45,35,0,35,80
11/15/2022,MBS,MI,AGL,CE,Towers with Radar,0,10,3,0,13,0,0,0,0,0,0,10,3,0,13,0,0,0,13
11/16/2022,MBS,MI,AGL,CE,Towers with Radar,0,10,7,0,17,0,0,0,0,0,0,10,7,0,17,0,0,0,17
11/17/2022,MBS,MI,AGL,CE,Towers with Radar,0,12,7,0,19,0,0,3,0,3,0,12,10,0,22,28,0,28,50
11/18/2022,MBS,MI,AGL,CE,Towers with Radar,0,10,13,0,23,0,0,0,0,0,0,10,13,0,23,0,0,0,23
11/19/2022,MBS,MI,AGL,CE,Towers with Radar,0,11,4,0,15,0,0,2,0,2,0,11,6,0,17,0,0,0,17
11/20/2022,MBS,MI,AGL,CE,Towers with Radar,0,11,24,0,35,0,0,6,0,6,0,11,30,0,41,16,0,16,57
11/21/2022,MBS,MI,AGL,CE,Towers with Radar,0,5,9,0,14,0,0,2,0,2,0,5,11,0,16,0,0,0,16
11/22/2022,MBS,MI,AGL,CE,Towers with Radar,0,6,31,2,39,0,0,21,0,21,0,6,52,2,60,22,3,25,85
11/23/2022,MBS,MI,AGL,CE,Towers with Radar,2,3,19,1,25,0,0,16,1,17,2,3,35,2,42,10,1,11,53
11/24/2022,MBS,MI,AGL,CE,Towers with Radar,2,6,4,0,12,0,0,0,0,0,2,6,4,0,12,0,0,0,12
11/25/2022,MBS,MI,AGL,CE,Towers with Radar,0,11,6,0,17,0,0,4,0,4,0,11,10,0,21,5,0,5,26
11/26/2022,MBS,MI,AGL,CE,Towers with Radar,2,7,12,0,21,0,0,11,0,11,2,7,23,0,32,12,0,12,44
11/27/2022,MBS,MI,AGL,CE,Towers with Radar,0,5,11,2,18,0,0,0,1,1,0,5,11,3,19,0,0,0,19
11/28/2022,MBS,MI,AGL,CE,Towers with Radar,4,4,13,3,24,0,0,0,0,0,4,4,13,3,24,0,0,0,24
11/29/2022,MBS,MI,AGL,CE,Towers with Radar,0,9,4,3,16,0,0,7,3,10,0,9,11,6,26,3,0,3,29
11/30/2022,MBS,MI,AGL,CE,Towers with Radar,2,4,9,6,21,0,0,0,0,0,2,4,9,6,21,0,0,0,21
12/01/2022,MBS,MI,AGL,CE,Towers with Radar,0,11,8,0,19,0,0,9,0,9,0,11,17,0,28,4,0,4,32
12/02/2022,MBS,MI,AGL,CE,Towers with Radar,2,6,7,0,15,0,0,6,0,6,2,6,13,0,21,5,0,5,26
12/03/2022,MBS,MI,AGL,CE,Towers with Radar,2,5,3,0,10,0,0,0,0,0,2,5,3,0,10,0,0,0,10
12/04/2022,MBS,MI,AGL,CE,Towers with Radar,2,3,23,0,28,0,0,4,0,4,2,3,27,0,32,0,0,0,32
12/05/2022,MBS,MI,AGL,CE,Towers with Radar,2,7,13,4,26,0,0,6,0,6,2,7,19,4,32,1,4,5,37
12/06/2022,MBS,MI,AGL,CE,Towers with Radar,2,10,19,1,32,0,0,0,0,0,2,10,19,1,32,0,0,0,32
12/07/2022,MBS,MI,AGL,CE,Towers with Radar,0,15,22,0,37,0,0,3,0,3,0,15,25,0,40,1,0,1,41
12/08/2022,MBS,MI,AGL,CE,Towers with Radar,2,5,13,0,20,0,0,2,0,2,2,5,15,0,22,0,0,0,22
12/09/2022,MBS,MI,AGL,CE,Towers with Radar,0,12,10,0,22,0,0,1,0,1,0,12,11,0,23,0,0,0,23
12/10/2022,MBS,MI,AGL,CE,Towers with Radar,0,10,0,0,10,0,0,2,0,2,0,10,2,0,12,9,0,9,21
12/11/2022,MBS,MI,AGL,CE,Towers with Radar,0,6,7,0,13,0,0,0,0,0,0,6,7,0,13,0,0,0,13
12/12/2022,MBS,MI,AGL,CE,Towers with Radar,0,15,10,6,31,0,0,1,0,1,0,15,11,6,32,9,2,11,43
12/13/2022,MBS,MI,AGL,CE,Towers with Radar,0,12,20,2,34,0,0,4,0,4,0,12,24,2,38,2,0,2,40
12/14/2022,MBS,MI,AGL,CE,Towers with Radar,0,10,22,2,34,0,0,10,0,10,0,10,32,2,44,1,0,1,45
12/15/2022,MBS,MI,AGL,CE,Towers with Radar,2,10,15,0,27,0,0,1,0,1,2,10,16,0,28,0,0,0,28
12/16/2022,MBS,MI,AGL,CE,Towers with Radar,2,11,16,0,29,0,0,0,0,0,2,11,16,0,29,0,0,0,29
12/17/2022,MBS,MI,AGL,CE,Towers with Radar,2,10,4,0,16,0,0,0,0,0,2,10,4,0,16,0,0,0,16
12/18/2022,MBS,MI,AGL,CE,Towers with Radar,2,8,7,0,17,0,0,0,0,0,2,8,7,0,17,0,0,0,17
12/19/2022,MBS,MI,AGL,CE,Towers with Radar,2,10,5,0,17,0,0,0,0,0,2,10,5,0,17,0,0,0,17
12/20/2022,MBS,MI,AGL,CE,Towers with Radar,2,10,6,4,22,0,0,13,0,13,2,10,19,4,35,13,0,13,48
12/21/2022,MBS,MI,AGL,CE,Towers with Radar,2,8,14,0,24,0,2,19,0,21,2,10,33,0,45,0,0,0,45
12/22/2022,MBS,MI,AGL,CE,Towers with Radar,2,10,4,0,16,0,0,3,0,3,2,10,7,0,19,0,0,0,19
12/23/2022,MBS,MI,AGL,CE,Towers with Radar,2,2,0,0,4,0,0,0,0,0,2,2,0,0,4,0,0,0,4
12/24/2022,MBS,MI,AGL,CE,Towers with Radar,2,8,1,0,11,0,0,0,0,0,2,8,1,0,11,0,0,0,11
12/25/2022,MBS,MI,AGL,CE,Towers with Radar,4,5,1,0,10,0,0,0,0,0,4,5,1,0,10,0,0,0,10
12/26/2022,MBS,MI,AGL,CE,Towers with Radar,2,8,4,0,14,0,0,0,0,0,2,8,4,0,14,0,0,0,14
12/27/2022,MBS,MI,AGL,CE,Towers with Radar,2,11,6,0,19,0,0,0,0,0,2,11,6,0,19,3,0,3,22
12/28/2022,MBS,MI,AGL,CE,Towers with Radar,2,11,12,3,28,0,0,7,3,10,2,11,19,6,38,0,0,0,38
12/29/2022,MBS,MI,AGL,CE,Towers with Radar,2,9,6,0,17,0,0,2,0,2,2,9,8,0,19,0,0,0,19
12/30/2022,MBS,MI,AGL,CE,Towers with Radar,2,11,6,0,19,0,0,0,0,0,2,11,6,0,19,0,0,0,19
12/31/2022,MBS,MI,AGL,CE,Towers with Radar,2,10,17,0,29,0,0,1,0,1,2,10,18,0,30,0,0,0,30
01/01/2023,MBS,MI,AGL,CE,Towers with Radar,0,8,5,0,13,0,0,0,0,0,0,8,5,0,13,0,0,0,13
01/02/2023,MBS,MI,AGL,CE,Towers with Radar,0,8,7,0,15,0,0,0,0,0,0,8,7,0,15,0,0,0,15
01/03/2023,MBS,MI,AGL,CE,Towers with Radar,0,8,25,0,33,0,0,0,0,0,0,8,25,0,33,0,0,0,33
01/04/2023,MBS,MI,AGL,CE,Towers with Radar,0,10,4,0,14,0,0,0,0,0,0,10,4,0,14,0,0,0,14
01/05/2023,MBS,MI,AGL,CE,Towers with Radar,0,16,7,0,23,0,0,0,0,0,0,16,7,0,23,0,0,0,23
01/06/2023,MBS,MI,AGL,CE,Towers with Radar,0,14,8,0,22,0,0,2,0,2,0,14,10,0,24,12,0,12,36
01/07/2023,MBS,MI,AGL,CE,Towers with Radar,0,15,11,0,26,0,0,9,0,9,0,15,20,0,35,0,0,0,35
01/08/2023,MBS,MI,AGL,CE,Towers with Radar,0,14,3,0,17,0,0,1,0,1,0,14,4,0,18,3,0,3,21
01/09/2023,MBS,MI,AGL,CE,Towers with Radar,0,9,22,0,31,0,0,2,0,2,0,9,24,0,33,4,0,4,37
01/10/2023,MBS,MI,AGL,CE,Towers with Radar,0,13,8,0,21,0,0,1,0,1,0,13,9,0,22,4,0,4,26
01/11/2023,MBS,MI,AGL,CE,Towers with Radar,2,10,11,0,23,0,0,2,0,2,2,10,13,0,25,0,0,0,25
01/12/2023,MBS,MI,AGL,CE,Towers with Radar,0,9,4,0,13,0,0,0,0,0,0,9,4,0,13,0,0,0,13
01/13/2023,MBS,MI,AGL,CE,Towers with Radar,0,11,19,0,30,0,0,0,0,0,0,11,19,0,30,0,0,0,30
01/14/2023,MBS,MI,AGL,CE,Towers with Radar,0,10,18,0,28,0,0,35,0,35,0,10,53,0,63,31,0,31,94
01/15/2023,MBS,MI,AGL,CE,Towers with Radar,2,10,5,0,17,0,0,24,0,24,2,10,29,0,41,59,0,59,100
01/16/2023,MBS,MI,AGL,CE,Towers with Radar,0,9,10,0,19,0,1,10,0,11,0,10,20,0,30,22,0,22,52
01/17/2023,MBS,MI,AGL,CE,Towers with Radar,0,9,12,0,21,0,0,0,0,0,0,9,12,0,21,0,0,0,21
01/18/2023,MBS,MI,AGL,CE,Towers with Radar,0,11,11,0,22,0,0,2,0,2,0,11,13,0,24,38,0,38,62
01/19/2023,MBS,MI,AGL,CE,Towers with Radar,0,14,13,0,27,0,0,0,0,0,0,14,13,0,27,0,0,0,27
01/20/2023,MBS,MI,AGL,CE,Towers with Radar,0,13,18,0,31,0,0,2,0,2,0,13,20,0,33,4,0,4,37
01/21/2023,MBS,MI,AGL,CE,Towers with Radar,0,14,1,0,15,0,0,0,0,0,0,14,1,0,15,1,0,1,16
01/22/2023,MBS,MI,AGL,CE,Towers with Radar,0,8,3,0,11,0,0,0,0,0,0,8,3,0,11,0,0,0,11
01/23/2023,MBS,MI,AGL,CE,Towers with Radar,0,11,9,0,20,0,0,1,0,1,0,11,10,0,21,18,0,18,39
01/24/2023,MBS,MI,AGL,CE,Towers with Radar,0,11,13,1,25,0,1,21,1,23,0,12,34,2,48,51,0,51,99
01/25/2023,MBS,MI,AGL,CE,Towers with Radar,0,7,4,0,11,0,0,0,0,0,0,7,4,0,11,0,0,0,11
01/26/2023,MBS,MI,AGL,CE,Towers with Radar,0,12,10,0,22,0,0,0,0,0,0,12,10,0,22,0,0,0,22
01/27/2023,MBS,MI,AGL,CE,Towers with Radar,2,8,11,0,21,0,0,1,0,1,2,8,12,0,22,0,2,2,24
01/28/2023,MBS,MI,AGL,CE,Towers with Radar,0,10,4,0,14,0,0,12,0,12,0,10,16,0,26,22,0,22,48
01/29/2023,MBS,MI,AGL,CE,Towers with Radar,0,12,5,0,17,0,0,0,0,0,0,12,5,0,17,0,0,0,17
01/30/2023,MBS,MI,AGL,CE,Towers with Radar,4,10,8,8,30,0,1,5,0,6,4,11,13,8,36,0,0,0,36
01/31/2023,MBS,MI,AGL,CE,Towers with Radar,5,16,13,0,34,0,0,19,1,20,5,16,32,1,54,16,0,16,70
02/01/2023,MBS,MI,AGL,CE,Towers with Radar,0,11,18,4,33,0,0,13,1,14,0,11,31,5,47,18,0,18,65
02/02/2023,MBS,MI,AGL,CE,Towers with Radar,0,11,21,0,32,0,0,10,0,10,0,11,31,0,42,8,0,8,50
02/03/2023,MBS,MI,AGL,CE,Towers with Radar,0,9,11,2,22,0,0,6,0,6,0,9,17,2,28,6,0,6,34
02/04/2023,MBS,MI,AGL,CE,Towers with Radar,0,10,9,0,19,0,0,13,0,13,0,10,22,0,32,2,0,2,34
02/05/2023,MBS,MI,AGL,CE,Towers with Radar,0,12,7,0,19,0,0,0,0,0,0,12,7,0,19,6,0,6,25
02/06/2023,MBS,MI,AGL,CE,Towers with Radar,0,10,23,0,33,0,0,6,0,6,0,10,29,0,39,31,0,31,70
02/07/2023,MBS,MI,AGL,CE,Towers with Radar,0,13,13,1,27,0,0,0,1,1,0,13,13,2,28,0,0,0,28
02/08/2023,MBS,MI,AGL,CE,Towers with Radar,0,15,16,2,33,0,1,21,0,22,0,16,37,2,55,27,2,29,84
02/09/2023,MBS,MI,AGL,CE,Towers with Radar,0,12,13,0,25,0,0,0,0,0,0,12,13,0,25,0,0,0,25
02/10/2023,MBS,MI,AGL,CE,Towers with Radar,4,17,12,0,33,0,2,1,0,3,4,19,13,0,36,0,0,0,36
02/11/2023,MBS,MI,AGL,CE,Towers with Radar,2,11,15,1,29,0,0,21,1,22,2,11,36,2,51,33,0,33,84
02/12/2023,MBS,MI,AGL,CE,Towers with Radar,0,10,10,0,20,0,0,24,0,24,0,10,34,0,44,50,0,50,94
02/13/2023,MBS,MI,AGL,CE,Towers with Radar,3,12,15,0,30,0,0,8,0,8,3,12,23,0,38,4,0,4,42
02/14/2023,MBS,MI,AGL,CE,Towers with Radar,2,16,9,0,27,0,0,14,0,14,2,16,23,0,41,5,0,5,46
02/15/2023,MBS,MI,AGL,CE,Towers with Radar,0,13,9,0,22,0,0,1,0,1,0,13,10,0,23,1,0,1,24
02/16/2023,MBS,MI,AGL,CE,Towers with Radar,0,8,16,0,24,0,0,0,0,0,0,8,16,0,24,0,0,0,24
02/17/2023,MBS,MI,AGL,CE,Towers with Radar,0,10,18,0,28,0,0,6,0,6,0,10,24,0,34,0,0,0,34
02/18/2023,MBS,MI,AGL,CE,Towers with Radar,0,10,2,0,12,0,0,9,0,9,0,10,11,0,21,0,0,0,21
02/19/2023,MBS,MI,AGL,CE,Towers with Radar,0,12,3,0,15,0,0,9,0,9,0,12,12,0,24,0,0,0,24
02/20/2023,MBS,MI,AGL,CE,Towers with Radar,0,10,22,0,32,0,0,34,0,34,0,10,56,0,66,44,0,44,110
02/21/2023,MBS,MI,AGL,CE,Towers with Radar,0,12,11,0,23,0,0,1,0,1,0,12,12,0,24,0,0,0,24
02/22/2023,MBS,MI,AGL,CE,Towers with Radar,0,5,5,0,10,0,0,0,0,0,0,5,5,0,10,0,0,0,10
02/23/2023,MBS,MI,AGL,CE,Towers with Radar,0,11,7,0,18,0,0,0,0,0,0,11,7,0,18,0,0,0,18
02/24/2023,MBS,MI,AGL,CE,Towers with Radar,0,13,14,2,29,0,0,6,0,6,0,13,20,2,35,1,2,3,38
02/25/2023,MBS,MI,AGL,CE,Towers with Radar,4,8,7,0,19,0,0,0,0,0,4,8,7,0,19,1,0,1,20
02/26/2023,MBS,MI,AGL,CE,Towers with Radar,0,10,11,0,21,0,0,14,0,14,0,10,25,0,35,17,0,17,52
02/27/2023,MBS,MI,AGL,CE,Towers with Radar,0,7,8,0,15,0,0,0,0,0,0,7,8,0,15,0,0,0,15
02/28/2023,MBS,MI,AGL,CE,Towers with Radar,0,9,15,0,24,0,0,2,0,2,0,9,17,0,26,7,0,7,33
03/01/2023,MBS,MI,AGL,CE,Towers with Radar,2,11,20,4,37,0,0,7,0,7,2,11,27,4,44,0,4,4,48
03/02/2023,MBS,MI,AGL,CE,Towers with Radar,0,14,5,0,19,0,0,1,0,1,0,14,6,0,20,2,0,2,22
03/03/2023,MBS,MI,AGL,CE,Towers with Radar,0,8,7,0,15,0,0,0,0,0,0,8,7,0,15,0,0,0,15
03/04/2023,MBS,MI,AGL,CE,Towers with Radar,0,11,12,0,23,0,0,19,0,19,0,11,31,0,42,31,0,31,73
03/05/2023,MBS,MI,AGL,CE,Towers with Radar,0,6,7,0,13,0,0,21,0,21,0,6,28,0,34,11,0,11,45
03/06/2023,MBS,MI,AGL,CE,Towers with Radar,0,8,11,0,19,0,0,0,0,0,0,8,11,0,19,6,0,6,25
03/07/2023,MBS,MI,AGL,CE,Towers with Radar,0,15,25,0,40,0,0,18,0,18,0,15,43,0,58,10,0,10,68
03/08/2023,MBS,MI,AGL,CE,Towers with Radar,0,12,12,0,24,0,0,15,0,15,0,12,27,0,39,17,0,17,56
03/09/2023,MBS,MI,AGL,CE,Towers with Radar,3,12,20,0,35,0,0,12,0,12,3,12,32,0,47,9,0,9,56
03/10/2023,MBS,MI,AGL,CE,Towers with Radar,4,9,7,0,20,0,0,0,0,0,4,9,7,0,20,0,0,0,20
03/11/2023,MBS,MI,AGL,CE,Towers with Radar,3,6,12,0,21,0,0,20,0,20,3,6,32,0,41,58,0,58,99
03/12/2023,MBS,MI,AGL,CE,Towers with Radar,3,4,10,0,17,0,0,0,0,0,3,4,10,0,17,0,0,0,17
03/13/2023,MBS,MI,AGL,CE,Towers with Radar,3,10,6,0,19,0,0,0,0,0,3,10,6,0,19,0,0,0,19
03/14/2023,MBS,MI,AGL,CE,Towers with Radar,3,7,23,0,33,0,0,11,0,11,3,7,34,0,44,18,0,18,62
03/15/2023,MBS,MI,AGL,CE,Towers with Radar,3,8,13,0,24,0,0,16,0,16,3,8,29,0,40,27,0,27,67
03/16/2023,MBS,MI,AGL,CE,Towers with Radar,3,10,19,0,32,0,0,11,0,11,3,10,30,0,43,3,0,3,46
03/17/2023,MBS,MI,AGL,CE,Towers with Radar,3,9,10,0,22,0,0,0,0,0,3,9,10,0,22,0,0,0,22
03/18/2023,MBS,MI,AGL,CE,Towers with Radar,3,7,5,0,15,0,0,0,0,0,3,7,5,0,15,0,0,0,15
03/19/2023,MBS,MI,AGL,CE,Towers with Radar,3,5,13,0,21,0,0,12,0,12,3,5,25,0,33,2,0,2,35
03/20/2023,MBS,MI,AGL,CE,Towers with Radar,3,6,19,0,28,0,0,6,0,6,3,6,25,0,34,1,0,1,35
03/21/2023,MBS,MI,AGL,CE,Towers with Radar,4,12,15,0,31,0,0,15,0,15,4,12,30,0,46,6,0,6,52
03/22/2023,MBS,MI,AGL,CE,Towers with Radar,3,9,8,0,20,0,0,1,0,1,3,9,9,0,21,32,0,32,53
03/23/2023,MBS,MI,AGL,CE,Towers with Radar,3,9,9,0,21,0,0,3,0,3,3,9,12,0,24,2,0,2,26
03/24/2023,MBS,MI,AGL,CE,Towers with Radar,3,7,27,4,41,0,0,13,0,13,3,7,40,4,54,16,0,16,70
03/25/2023,MBS,MI,AGL,CE,Towers with Radar,3,7,2,0,12,0,0,0,0,0,3,7,2,0,12,0,0,0,12
03/26/2023,MBS,MI,AGL,CE,Towers with Radar,3,9,11,0,23,0,0,22,0,22,3,9,33,0,45,16,0,16,61
03/27/2023,MBS,MI,AGL,CE,Towers with Radar,3,9,6,2,20,0,0,5,0,5,3,9,11,2,25,24,0,24,49
03/28/2023,MBS,MI,AGL,CE,Towers with Radar,3,10,16,1,30,0,0,29,1,30,3,10,45,2,60,3,0,3,63
03/29/2023,MBS,MI,AGL,CE,Towers with Radar,3,8,3,0,14,0,0,1,0,1,3,8,4,0,15,0,0,0,15
03/30/2023,MBS,MI,AGL,CE,Towers with Radar,3,10,5,2,20,0,0,13,2,15,3,10,18,4,35,21,0,21,56
03/31/2023,MBS,MI,AGL,CE,Towers with Radar,3,9,11,0,23,0,0,0,0,0,3,9,11,0,23,0,0,0,23
04/01/2023,MBS,MI,AGL,CE,Towers with Radar,3,9,5,0,17,0,0,5,0,5,3,9,10,0,22,4,0,4,26
04/02/2023,MBS,MI,AGL,CE,Towers with Radar,3,8,12,0,23,0,0,16,0,16,3,8,28,0,39,7,0,7,46
04/03/2023,MBS,MI,AGL,CE,Towers with Radar,3,6,9,0,18,0,0,1,0,1,3,6,10,0,19,1,0,1,20
04/04/2023,MBS,MI,AGL,CE,Towers with Radar,3,6,13,0,22,0,0,0,0,0,3,6,13,0,22,0,0,0,22
04/05/2023,MBS,MI,AGL,CE,Towers with Radar,5,9,9,0,23,0,0,2,0,2,5,9,11,0,25,0,0,0,25
04/06/2023,MBS,MI,AGL,CE,Towers with Radar,3,15,15,0,33,0,0,4,0,4,3,15,19,0,37,0,0,0,37
04/07/2023,MBS,MI,AGL,CE,Towers with Radar,3,12,20,0,35,0,0,36,0,36,3,12,56,0,71,23,0,23,94
04/08/2023,MBS,MI,AGL,CE,Towers with Radar,3,9,1,0,13,0,1,11,0,12,3,10,12,0,25,30,0,30,55
04/09/2023,MBS,MI,AGL,CE,Towers with Radar,3,8,4,0,15,0,1,14,0,15,3,9,18,0,30,10,0,10,40
04/10/2023,MBS,MI,AGL,CE,Towers with Radar,2,10,16,0,28,0,1,11,0,12,2,11,27,0,40,3,0,3,43
04/11/2023,MBS,MI,AGL,CE,Towers with Radar,3,12,18,0,33,0,0,9,0,9,3,12,27,0,42,0,0,0,42
04/12/2023,MBS,MI,AGL,CE,Towers with Radar,3,10,15,0,28,0,0,8,0,8,3,10,23,0,36,0,0,0,36
04/13/2023,MBS,MI,AGL,CE,Towers with Radar,2,16,18,0,36,0,2,15,0,17,2,18,33,0,53,0,0,0,53
04/14/2023,MBS,MI,AGL,CE,Towers with Radar,2,10,31,0,43,0,2,22,0,24,2,12,53,0,67,0,0,0,67
04/15/2023,MBS,MI,AGL,CE,Towers with Radar,4,10,11,0,25,0,0,13,0,13,4,10,24,0,38,9,0,9,47
04/16/2023,MBS,MI,AGL,CE,Towers with Radar,4,6,4,0,14,0,0,1,0,1,4,6,5,0,15,3,0,3,18
04/17/2023,MBS,MI,AGL,CE,Towers with Radar,2,9,4,0,15,0,0,0,0,0,2,9,4,0,15,0,0,0,15
04/18/2023,MBS,MI,AGL,CE,Towers with Radar,3,10,8,0,21,0,0,2,0,2,3,10,10,0,23,1,0,1,24
04/19/2023,MBS,MI,AGL,CE,Towers with Radar,3,9,12,0,24,0,0,31,0,31,3,9,43,0,55,25,0,25,80
04/20/2023,MBS,MI,AGL,CE,Towers with Radar,4,11,13,0,28,0,0,13,0,13,4,11,26,0,41,7,0,7,48
04/21/2023,MBS,MI,AGL,CE,Towers with Radar,2,10,14,0,26,0,0,10,0,10,2,10,24,0,36,27,0,27,63
04/22/2023,MBS,MI,AGL,CE,Towers with Radar,4,9,4,0,17,0,0,5,0,5,4,9,9,0,22,13,0,13,35
04/23/2023,MBS,MI,AGL,CE,Towers with Radar,2,7,3,0,12,0,0,1,0,1,2,7,4,0,13,4,0,4,17
04/24/2023,MBS,MI,AGL,CE,Towers with Radar,2,7,10,0,19,0,0,1,0,1,2,7,11,0,20,0,0,0,20
04/25/2023,MBS,MI,AGL,CE,Towers with Radar,3,11,11,2,27,0,0,9,0,9,3,11,20,2,36,24,0,24,60
04/26/2023,MBS,MI,AGL,CE,Towers with Radar,3,15,15,2,35,0,0,18,0,18,3,15,33,2,53,5,0,5,58
04/27/2023,MBS,MI,AGL,CE,Towers with Radar,2,9,9,2,22,0,0,9,0,9,2,9,18,2,31,12,0,12,43
04/28/2023,MBS,MI,AGL,CE,Towers with Radar,3,9,17,0,29,0,0,0,0,0,3,9,17,0,29,0,0,0,29
04/29/2023,MBS,MI,AGL,CE,Towers with Radar,4,8,13,0,25,0,0,3,0,3,4,8,16,0,28,7,0,7,35
04/30/2023,MBS,MI,AGL,CE,Towers with Radar,2,6,7,0,15,0,0,6,0,6,2,6,13,0,21,0,0,0,21
05/01/2023,MBS,MI,AGL,CE,Towers with Radar,2,8,11,0,21,0,0,0,0,0,2,8,11,0,21,0,0,0,21
05/02/2023,MBS,MI,AGL,CE,Towers with Radar,3,10,9,0,22,0,0,2,0,2,3,10,11,0,24,0,0,0,24
05/03/2023,MBS,MI,AGL,CE,Towers with Radar,3,10,24,0,37,0,1,3,0,4,3,11,27,0,41,0,0,0,41
05/04/2023,MBS,MI,AGL,CE,Towers with Radar,2,10,28,0,40,0,0,26,0,26,2,10,54,0,66,5,0,5,71
05/05/2023,MBS,MI,AGL,CE,Towers with Radar,2,13,20,0,35,0,6,17,0,23,2,19,37,0,58,7,0,7,65
05/06/2023,MBS,MI,AGL,CE,Towers with Radar,4,18,2,0,24,0,9,21,0,30,4,27,23,0,54,23,0,23,77
05/07/2023,MBS,MI,AGL,CE,Towers with Radar,2,12,9,0,23,0,0,0,0,0,2,12,9,0,23,0,0,0,23
05/08/2023,MBS,MI,AGL,CE,Towers with Radar,3,6,19,2,30,0,0,11,0,11,3,6,30,2,41,0,0,0,41
05/09/2023,MBS,MI,AGL,CE,Towers with Radar,3,18,21,0,42,0,12,26,0,38,3,30,47,0,80,6,0,6,86
05/10/2023,MBS,MI,AGL,CE,Towers with Radar,3,10,36,4,53,0,3,20,0,23,3,13,56,4,76,7,8,15,91
05/11/2023,MBS,MI,AGL,CE,Towers with Radar,3,21,24,0,48,0,5,13,0,18,3,26,37,0,66,4,0,4,70
05/12/2023,MBS,MI,AGL,CE,Towers with Radar,3,20,15,0,38,0,5,14,0,19,3,25,29,0,57,30,0,30,87
05/13/2023,MBS,MI,AGL,CE,Towers with Radar,3,10,14,0,27,0,2,8,0,10,3,12,22,0,37,17,0,17,54
05/14/2023,MBS,MI,AGL,CE,Towers with Radar,5,10,6,0,21,0,0,4,0,4,5,10,10,0,25,0,0,0,25
05/15/2023,MBS,MI,AGL,CE,Towers with Radar,3,22,24,0,49,0,6,23,0,29,3,28,47,0,78,25,0,25,103
05/16/2023,MBS,MI,AGL,CE,Towers with Radar,3,25,27,0,55,0,7,12,0,19,3,32,39,0,74,22,0,22,96
05/17/2023,MBS,MI,AGL,CE,Towers with Radar,3,11,16,0,30,0,2,14,0,16,3,13,30,0,46,8,0,8,54
05/18/2023,MBS,MI,AGL,CE,Towers with Radar,5,25,31,4,65,0,3,17,0,20,5,28,48,4,85,6,4,10,95
05/19/2023,MBS,MI,AGL,CE,Towers with Radar,3,12,15,0,30,0,0,2,0,2,3,12,17,0,32,2,0,2,34
05/20/2023,MBS,MI,AGL,CE,Towers with Radar,3,16,15,1,35,0,5,1,0,6,3,21,16,1,41,0,0,0,41
05/21/2023,MBS,MI,AGL,CE,Towers with Radar,3,11,14,0,28,0,2,25,0,27,3,13,39,0,55,21,0,21,76
05/22/2023,MBS,MI,AGL,CE,Towers with Radar,3,20,17,2,42,0,4,19,0,23,3,24,36,2,65,4,0,4,69
05/23/2023,MBS,MI,AGL,CE,Towers with Radar,3,12,19,0,34,0,0,13,0,13,3,12,32,0,47,8,0,8,55
05/24/2023,MBS,MI,AGL,CE,Towers with Radar,3,9,8,0,20,0,0,0,0,0,3,9,8,0,20,0,0,0,20
05/25/2023,MBS,MI,AGL,CE,Towers with Radar,3,15,21,2,41,0,0,12,0,12,3,15,33,2,53,22,0,22,75
05/26/2023,MBS,MI,AGL,CE,Towers with Radar,3,10,17,0,30,0,0,15,0,15,3,10,32,0,45,17,0,17,62
05/27/2023,MBS,MI,AGL,CE,Towers with Radar,3,8,8,0,19,0,0,16,0,16,3,8,24,0,35,15,0,15,50
05/28/2023,MBS,MI,AGL,CE,Towers with Radar,4,6,6,0,16,0,0,6,0,6,4,6,12,0,22,16,0,16,38
05/29/2023,MBS,MI,AGL,CE,Towers with Radar,3,6,7,0,16,0,0,7,0,7,3,6,14,0,23,11,0,11,34
05/30/2023,MBS,MI,AGL,CE,Towers with Radar,3,6,25,0,34,0,3,15,0,18,3,9,40,0,52,27,0,27,79
05/31/2023,MBS,MI,AGL,CE,Towers with Radar,3,6,20,0,29,0,0,11,0,11,3,6,31,0,40,33,0,33,73
06/01/2023,MBS,MI,AGL,CE,Towers with Radar,3,9,18,0,30,0,0,9,0,9,3,9,27,0,39,22,0,22,61
06/02/2023,MBS,MI,AGL,CE,Towers with Radar,3,9,21,0,33,0,0,10,0,10,3,9,31,0,43,1,0,1,44
06/03/2023,MBS,MI,AGL,CE,Towers with Radar,3,8,7,0,18,0,0,11,0,11,3,8,18,0,29,4,0,4,33
06/04/2023,MBS,MI,AGL,CE,Towers with Radar,3,6,13,0,22,0,0,12,0,12,3,6,25,0,34,13,0,13,47
06/05/2023,MBS,MI,AGL,CE,Towers with Radar,6,9,12,0,27,0,1,1,0,2,6,10,13,0,29,2,0,2,31
06/06/2023,MBS,MI,AGL,CE,Towers with Radar,6,10,18,0,34,0,0,22,0,22,6,10,40,0,56,22,0,22,78
06/07/2023,MBS,MI,AGL,CE,Towers with Radar,6,12,18,0,36,0,0,11,0,11,6,12,29,0,47,11,0,11,58
06/08/2023,MBS,MI,AGL,CE,Towers with Radar,6,8,18,0,32,0,2,15,0,17,6,10,33,0,49,26,0,26,75
06/09/2023,MBS,MI,AGL,CE,Towers with Radar,6,14,11,0,31,0,2,6,0,8,6,16,17,0,39,2,0,2,41
06/10/2023,MBS,MI,AGL,CE,Towers with Radar,6,11,2,0,19,0,0,12,0,12,6,11,14,0,31,60,0,60,91
06/11/2023,MBS,MI,AGL,CE,Towers with Radar,6,11,9,0,26,0,0,0,0,0,6,11,9,0,26,0,0,0,26
06/12/2023,MBS,MI,AGL,CE,Towers with Radar,7,10,18,0,35,0,0,5,0,5,7,10,23,0,40,27,0,27,67
06/13/2023,MBS,MI,AGL,CE,Towers with Radar,6,16,27,0,49,0,0,5,0,5,6,16,32,0,54,20,0,20,74
06/14/2023,MBS,MI,AGL,CE,Towers with Radar,5,10,27,0,42,0,0,21,0,21,5,10,48,0,63,21,0,21,84
06/15/2023,MBS,MI,AGL,CE,Towers with Radar,8,8,9,4,29,0,0,3,0,3,8,8,12,4,32,6,0,6,38
06/16/2023,MBS,MI,AGL,CE,Towers with Radar,6,10,9,2,27,0,0,0,0,0,6,10,9,2,27,0,0,0,27
06/17/2023,MBS,MI,AGL,CE,Towers with Radar,6,9,2,0,17,0,0,14,0,14,6,9,16,0,31,31,0,31,62
06/18/2023,MBS,MI,AGL,CE,Towers with Radar,8,7,2,0,17,0,0,9,0,9,8,7,11,0,26,28,0,28,54
06/19/2023,MBS,MI,AGL,CE,Towers with Radar,6,6,25,0,37,0,0,18,0,18,6,6,43,0,55,15,0,15,70
06/20/2023,MBS,MI,AGL,CE,Towers with Radar,6,8,13,0,27,0,0,8,0,8,6,8,21,0,35,7,0,7,42
06/21/2023,MBS,MI,AGL,CE,Towers with Radar,6,10,17,0,33,0,1,14,0,15,6,11,31,0,48,18,0,18,66
06/22/2023,MBS,MI,AGL,CE,Towers with Radar,8,17,25,2,52,0,0,15,0,15,8,17,40,2,67,0,0,0,67
06/23/2023,MBS,MI,AGL,CE,Towers with Radar,6,11,22,0,39,0,0,5,0,5,6,11,27,0,44,18,0,18,62
06/24/2023,MBS,MI,AGL,CE,Towers with Radar,6,8,1,0,15,0,0,9,0,9,6,8,10,0,24,12,0,12,36
06/25/2023,MBS,MI,AGL,CE,Towers with Radar,5,4,3,0,12,0,0,2,0,2,5,4,5,0,14,2,0,2,16
06/26/2023,MBS,MI,AGL,CE,Towers with Radar,6,3,16,0,25,0,0,0,0,0,6,3,16,0,25,0,0,0,25
06/27/2023,MBS,MI,AGL,CE,Towers with Radar,3,13,16,0,32,0,0,0,0,0,3,13,16,0,32,0,0,0,32
06/28/2023,MBS,MI,AGL,CE,Towers with Radar,10,10,26,0,46,0,0,9,0,9,10,10,35,0,55,20,0,20,75
06/29/2023,MBS,MI,AGL,CE,Towers with Radar,6,6,10,0,22,0,0,0,0,0,6,6,10,0,22,0,0,0,22
06/30/2023,MBS,MI,AGL,CE,Towers with Radar,6,7,16,0,29,0,0,4,0,4,6,7,20,0,33,2,0,2,35
07/01/2023,MBS,MI,AGL,CE,Towers with Radar,8,12,2,0,22,0,0,10,0,10,8,12,12,0,32,6,0,6,38
07/02/2023,MBS,MI,AGL,CE,Towers with Radar,6,3,3,0,12,0,0,1,0,1,6,3,4,0,13,0,0,0,13
07/03/2023,MBS,MI,AGL,CE,Towers with Radar,8,1,8,0,17,0,0,8,0,8,8,1,16,0,25,3,0,3,28
07/04/2023,MBS,MI,AGL,CE,Towers with Radar,8,1,4,0,13,0,0,7,0,7,8,1,11,0,20,3,0,3,23
07/05/2023,MBS,MI,AGL,CE,Towers with Radar,10,4,19,0,33,0,0,18,0,18,10,4,37,0,51,7,0,7,58
07/06/2023,MBS,MI,AGL,CE,Towers with Radar,12,4,4,2,22,0,0,0,0,0,12,4,4,2,22,5,0,5,27
07/07/2023,MBS,MI,AGL,CE,Towers with Radar,12,2,7,0,21,0,2,17,0,19,12,4,24,0,40,10,0,10,50
07/08/2023,MBS,MI,AGL,CE,Towers with Radar,10,8,8,0,26,0,0,0,0,0,10,8,8,0,26,0,0,0,26
07/09/2023,MBS,MI,AGL,CE,Towers with Radar,10,2,22,0,34,0,0,10,0,10,10,2,32,0,44,4,0,4,48
07/10/2023,MBS,MI,AGL,CE,Towers with Radar,10,5,12,0,27,0,0,15,0,15,10,5,27,0,42,18,0,18,60
07/11/2023,MBS,MI,AGL,CE,Towers with Radar,10,10,11,0,31,0,0,3,0,3,10,10,14,0,34,0,0,0,34
07/12/2023,MBS,MI,AGL,CE,Towers with Radar,7,3,13,2,25,0,0,5,0,5,7,3,18,2,30,2,0,2,32
07/13/2023,MBS,MI,AGL,CE,Towers with Radar,10,13,30,2,55,0,0,6,1,7,10,13,36,3,62,26,0,26,88
07/14/2023,MBS,MI,AGL,CE,Towers with Radar,10,5,7,0,22,0,0,11,0,11,10,5,18,0,33,12,0,12,45
07/15/2023,MBS,MI,AGL,CE,Towers with Radar,10,4,4,0,18,0,0,2,0,2,10,4,6,0,20,0,0,0,20
07/16/2023,MBS,MI,AGL,CE,Towers with Radar,10,8,20,0,38,0,0,10,0,10,10,8,30,0,48,38,0,38,86
07/17/2023,MBS,MI,AGL,CE,Towers with Radar,12,4,15,0,31,0,0,22,0,22,12,4,37,0,53,65,0,65,118
07/18/2023,MBS,MI,AGL,CE,Towers with Radar,12,6,10,0,28,0,0,24,0,24,12,6,34,0,52,27,0,27,79
07/19/2023,MBS,MI,AGL,CE,Towers with Radar,10,10,33,2,55,0,0,18,0,18,10,10,51,2,73,14,0,14,87
07/20/2023,MBS,MI,AGL,CE,Towers with Radar,9,6,10,2,27,0,0,10,0,10,9,6,20,2,37,10,0,10,47
07/21/2023,MBS,MI,AGL,CE,Towers with Radar,8,10,31,0,49,0,0,17,0,17,8,10,48,0,66,2,0,2,68
07/22/2023,MBS,MI,AGL,CE,Towers with Radar,14,4,15,0,33,0,0,21,0,21,14,4,36,0,54,32,0,32,86
07/23/2023,MBS,MI,AGL,CE,Towers with Radar,10,6,21,0,37,0,0,18,0,18,10,6,39,0,55,0,0,0,55
07/24/2023,MBS,MI,AGL,CE,Towers with Radar,9,6,27,0,42,0,1,14,0,15,9,7,41,0,57,2,0,2,59
07/25/2023,MBS,MI,AGL,CE,Towers with Radar,9,13,25,1,48,0,0,15,1,16,9,13,40,2,64,16,0,16,80
07/26/2023,MBS,MI,AGL,CE,Towers with Radar,9,11,19,0,39,0,0,22,0,22,9,11,41,0,61,1,0,1,62
07/27/2023,MBS,MI,AGL,CE,Towers with Radar,10,4,22,0,36,0,0,22,0,22,10,4,44,0,58,18,0,18,76
07/28/2023,MBS,MI,AGL,CE,Towers with Radar,10,4,15,2,31,0,0,16,0,16,10,4,31,2,47,9,0,9,56
07/29/2023,MBS,MI,AGL,CE,Towers with Radar,11,10,15,0,36,0,2,13,0,15,11,12,28,0,51,25,0,25,76
07/30/2023,MBS,MI,AGL,CE,Towers with Radar,10,3,22,0,35,0,0,21,0,21,10,3,43,0,56,16,0,16,72
07/31/2023,MBS,MI,AGL,CE,Towers with Radar,9,4,12,1,26,0,0,17,1,18,9,4,29,2,44,13,0,13,57
08/01/2023,MBS,MI,AGL,CE,Towers with Radar,6,8,17,0,31,0,0,20,0,20,6,8,37,0,51,31,0,31,82
08/02/2023,MBS,MI,AGL,CE,Towers with Radar,6,10,16,2,34,0,0,20,0,20,6,10,36,2,54,91,0,91,145
08/03/2023,MBS,MI,AGL,CE,Towers with Radar,6,12,4,0,22,0,1,11,0,12,6,13,15,0,34,3,0,3,37
08/04/2023,MBS,MI,AGL,CE,Towers with Radar,6,12,12,0,30,0,2,13,0,15,6,14,25,0,45,25,0,25,70
08/05/2023,MBS,MI,AGL,CE,Towers with Radar,7,12,8,0,27,0,1,15,0,16,7,13,23,0,43,24,0,24,67
08/06/2023,MBS,MI,AGL,CE,Towers with Radar,7,11,4,0,22,0,0,3,0,3,7,11,7,0,25,0,0,0,25
08/07/2023,MBS,MI,AGL,CE,Towers with Radar,7,7,9,4,27,0,0,3,0,3,7,7,12,4,30,0,0,0,30
08/08/2023,MBS,MI,AGL,CE,Towers with Radar,7,8,17,12,44,0,0,19,0,19,7,8,36,12,63,18,0,18,81
08/09/2023,MBS,MI,AGL,CE,Towers with Radar,8,8,14,6,36,0,0,14,0,14,8,8,28,6,50,26,0,26,76
08/10/2023,MBS,MI,AGL,CE,Towers with Radar,6,12,21,4,43,0,0,16,0,16,6,12,37,4,59,4,0,4,63
08/11/2023,MBS,MI,AGL,CE,Towers with Radar,5,8,16,2,31,0,0,5,0,5,5,8,21,2,36,23,0,23,59
08/12/2023,MBS,MI,AGL,CE,Towers with Radar,6,8,4,0,18,0,0,4,0,4,6,8,8,0,22,26,0,26,48
08/13/2023,MBS,MI,AGL,CE,Towers with Radar,6,6,5,0,17,0,0,12,0,12,6,6,17,0,29,12,0,12,41
08/14/2023,MBS,MI,AGL,CE,Towers with Radar,6,6,15,0,27,0,0,9,0,9,6,6,24,0,36,0,0,0,36
08/15/2023,MBS,MI,AGL,CE,Towers with Radar,6,14,22,0,42,0,0,0,0,0,6,14,22,0,42,4,0,4,46
08/16/2023,MBS,MI,AGL,CE,Towers with Radar,6,8,25,14,53,0,0,22,0,22,6,8,47,14,75,26,14,40,115
08/17/2023,MBS,MI,AGL,CE,Towers with Radar,6,10,8,0,24,0,0,0,0,0,6,10,8,0,24,0,0,0,24
08/18/2023,MBS,MI,AGL,CE,Towers with Radar,6,8,15,0,29,0,0,18,0,18,6,8,33,0,47,0,0,0,47
08/19/2023,MBS,MI,AGL,CE,Towers with Radar,8,9,4,0,21,0,1,19,0,20,8,10,23,0,41,38,0,38,79
08/20/2023,MBS,MI,AGL,CE,Towers with Radar,6,6,9,0,21,0,0,14,0,14,6,6,23,0,35,33,0,33,68
08/21/2023,MBS,MI,AGL,CE,Towers with Radar,6,9,13,0,28,0,0,15,0,15,6,9,28,0,43,32,0,32,75
08/22/2023,MBS,MI,AGL,CE,Towers with Radar,6,7,8,0,21,0,0,5,0,5,6,7,13,0,26,14,0,14,40
08/23/2023,MBS,MI,AGL,CE,Towers with Radar,8,8,16,0,32,0,0,0,0,0,8,8,16,0,32,0,0,0,32
08/24/2023,MBS,MI,AGL,CE,Towers with Radar,3,7,17,0,27,0,0,0,0,0,3,7,17,0,27,0,0,0,27
08/25/2023,MBS,MI,AGL,CE,Towers with Radar,4,10,18,0,32,0,0,4,0,4,4,10,22,0,36,6,0,6,42
08/26/2023,MBS,MI,AGL,CE,Towers with Radar,6,6,5,0,17,0,0,1,0,1,6,6,6,0,18,1,0,1,19
08/27/2023,MBS,MI,AGL,CE,Towers with Radar,5,6,22,0,33,0,0,29,0,29,5,6,51,0,62,44,0,44,106
08/28/2023,MBS,MI,AGL,CE,Towers with Radar,7,7,25,0,39,0,2,8,0,10,7,9,33,0,49,33,0,33,82
08/29/2023,MBS,MI,AGL,CE,Towers with Radar,6,13,19,0,38,0,0,8,0,8,6,13,27,0,46,49,0,49,95
08/30/2023,MBS,MI,AGL,CE,Towers with Radar,6,8,18,2,34,0,0,9,0,9,6,8,27,2,43,12,0,12,55
08/31/2023,MBS,MI,AGL,CE,Towers with Radar,6,14,17,0,37,0,1,13,0,14,6,15,30,0,51,20,0,20,71
