01/01/2000,MCI,MO,ACE,CE,Towers with Radar,241,30,0,0,271,4,0,1,0,5,245,30,1,0,276,0,0,0,276
01/02/2000,MCI,MO,ACE,CE,Towers with Radar,357,53,11,0,421,3,0,10,0,13,360,53,21,0,434,0,0,0,434
01/03/2000,MCI,MO,ACE,CE,Towers with Radar,414,85,14,0,513,3,0,2,0,5,417,85,16,0,518,0,0,0,518
01/04/2000,MCI,MO,ACE,CE,Towers with Radar,466,141,9,1,617,3,2,4,0,9,469,143,13,1,626,0,0,0,626
01/05/2000,MCI,MO,ACE,CE,Towers with Radar,459,160,29,0,648,3,0,11,0,14,462,160,40,0,662,2,0,2,664
01/06/2000,MCI,MO,ACE,CE,Towers with Radar,489,146,24,3,662,3,3,0,1,7,492,149,24,4,669,4,0,4,673
01/07/2000,MCI,MO,ACE,CE,Towers with Radar,483,134,29,2,648,2,1,8,0,11,485,135,37,2,659,0,0,0,659
01/08/2000,MCI,MO,ACE,CE,Towers with Radar,333,74,12,2,421,3,1,4,0,8,336,75,16,2,429,0,0,0,429
01/09/2000,MCI,MO,ACE,CE,Towers with Radar,356,78,13,0,447,123,68,41,2,234,479,146,54,2,681,0,0,0,681
01/10/2000,MCI,MO,ACE,CE,Towers with Radar,408,114,14,0,536,3,3,4,0,10,411,117,18,0,546,2,0,2,548
01/11/2000,MCI,MO,ACE,CE,Towers with Radar,478,127,36,2,643,3,4,10,0,17,481,131,46,2,660,0,0,0,660
01/12/2000,MCI,MO,ACE,CE,Towers with Radar,454,153,25,2,634,3,3,12,0,18,457,156,37,2,652,0,0,0,652
01/13/2000,MCI,MO,ACE,CE,Towers with Radar,478,141,34,2,655,3,1,14,0,18,481,142,48,2,673,2,0,2,675
01/14/2000,MCI,MO,ACE,CE,Towers with Radar,469,155,30,2,656,3,1,16,0,20,472,156,46,2,676,0,0,0,676
01/15/2000,MCI,MO,ACE,CE,Towers with Radar,385,82,42,0,509,3,1,8,0,12,388,83,50,0,521,0,0,0,521
01/16/2000,MCI,MO,ACE,CE,Towers with Radar,350,91,13,0,454,3,0,5,0,8,353,91,18,0,462,0,0,0,462
01/17/2000,MCI,MO,ACE,CE,Towers with Radar,404,118,9,0,531,3,0,0,0,3,407,118,9,0,534,0,0,0,534
01/18/2000,MCI,MO,ACE,CE,Towers with Radar,473,131,40,2,646,3,1,2,0,6,476,132,42,2,652,0,0,0,652
01/19/2000,MCI,MO,ACE,CE,Towers with Radar,446,139,33,0,618,3,0,0,0,3,449,139,33,0,621,0,0,0,621
01/20/2000,MCI,MO,ACE,CE,Towers with Radar,451,138,29,0,618,3,1,7,0,11,454,139,36,0,629,0,0,0,629
01/21/2000,MCI,MO,ACE,CE,Towers with Radar,453,144,27,0,624,3,0,16,0,19,456,144,43,0,643,0,0,0,643
01/22/2000,MCI,MO,ACE,CE,Towers with Radar,376,82,15,1,474,3,0,8,0,11,379,82,23,1,485,2,0,2,487
01/23/2000,MCI,MO,ACE,CE,Towers with Radar,349,87,11,0,447,3,1,3,0,7,352,88,14,0,454,0,0,0,454
01/24/2000,MCI,MO,ACE,CE,Towers with Radar,419,142,18,0,579,3,2,8,0,13,422,144,26,0,592,0,0,0,592
01/25/2000,MCI,MO,ACE,CE,Towers with Radar,433,143,28,2,606,3,0,6,0,9,436,143,34,2,615,0,0,0,615
01/26/2000,MCI,MO,ACE,CE,Towers with Radar,463,142,26,0,631,0,0,0,0,0,463,142,26,0,631,0,0,0,631
01/27/2000,MCI,MO,ACE,CE,Towers with Radar,461,134,28,4,627,3,2,7,1,13,464,136,35,5,640,0,0,0,640
01/28/2000,MCI,MO,ACE,CE,Towers with Radar,464,145,33,0,642,3,0,0,0,3,467,145,33,0,645,0,0,0,645
01/29/2000,MCI,MO,ACE,CE,Towers with Radar,373,86,7,0,466,3,0,0,0,3,376,86,7,0,469,0,0,0,469
01/30/2000,MCI,MO,ACE,CE,Towers with Radar,336,88,12,1,437,3,1,2,0,6,339,89,14,1,443,0,0,0,443
01/31/2000,MCI,MO,ACE,CE,Towers with Radar,419,138,18,5,580,3,0,0,0,3,422,138,18,5,583,0,0,0,583
02/01/2000,MCI,MO,ACE,CE,Towers with Radar,485,137,32,0,654,0,1,2,0,3,485,138,34,0,657,0,0,0,657
02/02/2000,MCI,MO,ACE,CE,Towers with Radar,494,137,39,2,672,0,2,12,0,14,494,139,51,2,686,0,0,0,686
02/03/2000,MCI,MO,ACE,CE,Towers with Radar,488,149,22,2,661,0,2,11,0,13,488,151,33,2,674,0,0,0,674
02/04/2000,MCI,MO,ACE,CE,Towers with Radar,486,166,34,2,688,0,2,10,0,12,486,168,44,2,700,0,0,0,700
02/05/2000,MCI,MO,ACE,CE,Towers with Radar,371,94,8,0,473,0,1,14,0,15,371,95,22,0,488,0,0,0,488
02/06/2000,MCI,MO,ACE,CE,Towers with Radar,361,85,8,2,456,0,12,201,6,219,361,97,209,8,675,6,0,6,681
02/07/2000,MCI,MO,ACE,CE,Towers with Radar,428,116,9,0,553,0,1,10,0,11,428,117,19,0,564,4,0,4,568
02/08/2000,MCI,MO,ACE,CE,Towers with Radar,450,131,25,0,606,0,1,11,0,12,450,132,36,0,618,0,0,0,618
02/09/2000,MCI,MO,ACE,CE,Towers with Radar,469,123,21,1,614,0,1,5,0,6,469,124,26,1,620,0,0,0,620
02/10/2000,MCI,MO,ACE,CE,Towers with Radar,463,141,19,0,623,0,2,7,0,9,463,143,26,0,632,0,0,0,632
02/11/2000,MCI,MO,ACE,CE,Towers with Radar,454,124,14,0,592,0,1,0,0,1,454,125,14,0,593,0,0,0,593
02/12/2000,MCI,MO,ACE,CE,Towers with Radar,338,78,8,1,425,0,9,0,0,9,338,87,8,1,434,0,0,0,434
02/13/2000,MCI,MO,ACE,CE,Towers with Radar,270,73,8,0,351,68,14,0,1,83,338,87,8,1,434,0,0,0,434
02/14/2000,MCI,MO,ACE,CE,Towers with Radar,401,128,12,2,543,0,1,5,0,6,401,129,17,2,549,0,0,0,549
02/15/2000,MCI,MO,ACE,CE,Towers with Radar,469,112,25,0,606,0,1,5,0,6,469,113,30,0,612,0,0,0,612
02/16/2000,MCI,MO,ACE,CE,Towers with Radar,465,129,30,0,624,0,3,11,0,14,465,132,41,0,638,2,0,2,640
02/17/2000,MCI,MO,ACE,CE,Towers with Radar,459,117,22,0,598,0,2,1,0,3,459,119,23,0,601,0,0,0,601
02/18/2000,MCI,MO,ACE,CE,Towers with Radar,405,99,17,0,521,19,0,5,1,25,424,99,22,1,546,0,0,0,546
02/19/2000,MCI,MO,ACE,CE,Towers with Radar,379,77,13,0,469,6,0,0,0,6,385,77,13,0,475,0,0,0,475
02/20/2000,MCI,MO,ACE,CE,Towers with Radar,345,88,13,1,447,0,1,11,0,12,345,89,24,1,459,0,0,0,459
02/21/2000,MCI,MO,ACE,CE,Towers with Radar,428,116,16,0,560,0,5,10,0,15,428,121,26,0,575,0,0,0,575
02/22/2000,MCI,MO,ACE,CE,Towers with Radar,455,127,27,0,609,0,1,4,0,5,455,128,31,0,614,0,0,0,614
02/23/2000,MCI,MO,ACE,CE,Towers with Radar,462,127,11,2,602,0,1,3,0,4,462,128,14,2,606,0,0,0,606
02/24/2000,MCI,MO,ACE,CE,Towers with Radar,442,139,32,1,614,0,1,4,0,5,442,140,36,1,619,0,0,0,619
02/25/2000,MCI,MO,ACE,CE,Towers with Radar,442,131,16,0,589,0,1,3,0,4,442,132,19,0,593,0,0,0,593
02/26/2000,MCI,MO,ACE,CE,Towers with Radar,381,88,10,0,479,0,1,11,0,12,381,89,21,0,491,0,0,0,491
02/27/2000,MCI,MO,ACE,CE,Towers with Radar,342,93,13,0,448,12,2,9,0,23,354,95,22,0,471,6,0,6,477
02/28/2000,MCI,MO,ACE,CE,Towers with Radar,421,136,14,1,572,0,0,6,0,6,421,136,20,1,578,6,0,6,584
02/29/2000,MCI,MO,ACE,CE,Towers with Radar,453,130,22,2,607,0,0,5,0,5,453,130,27,2,612,0,0,0,612
03/01/2000,MCI,MO,ACE,CE,Towers with Radar,468,138,31,3,640,0,2,12,0,14,468,140,43,3,654,0,0,0,654
03/02/2000,MCI,MO,ACE,CE,Towers with Radar,473,133,23,1,630,0,5,9,0,14,473,138,32,1,644,0,0,0,644
03/03/2000,MCI,MO,ACE,CE,Towers with Radar,463,134,34,3,634,0,0,0,0,0,463,134,34,3,634,0,0,0,634
03/04/2000,MCI,MO,ACE,CE,Towers with Radar,384,82,18,0,484,0,0,10,0,10,384,82,28,0,494,4,0,4,498
03/05/2000,MCI,MO,ACE,CE,Towers with Radar,375,89,27,1,492,0,0,7,0,7,375,89,34,1,499,0,0,0,499
03/06/2000,MCI,MO,ACE,CE,Towers with Radar,433,125,31,3,592,0,5,10,0,15,433,130,41,3,607,0,0,0,607
03/07/2000,MCI,MO,ACE,CE,Towers with Radar,454,143,25,2,624,0,2,7,0,9,454,145,32,2,633,0,0,0,633
03/08/2000,MCI,MO,ACE,CE,Towers with Radar,469,141,15,0,625,0,0,1,0,1,469,141,16,0,626,0,0,0,626
03/09/2000,MCI,MO,ACE,CE,Towers with Radar,432,141,24,0,597,0,0,9,0,9,432,141,33,0,606,0,0,0,606
03/10/2000,MCI,MO,ACE,CE,Towers with Radar,462,140,12,2,616,0,3,11,23,37,462,143,23,25,653,0,0,0,653
03/11/2000,MCI,MO,ACE,CE,Towers with Radar,409,85,10,2,506,0,0,10,0,10,409,85,20,2,516,2,0,2,518
03/12/2000,MCI,MO,ACE,CE,Towers with Radar,373,93,18,2,486,0,1,3,0,4,373,94,21,2,490,0,0,0,490
03/13/2000,MCI,MO,ACE,CE,Towers with Radar,445,131,26,3,605,0,0,0,0,0,445,131,26,3,605,8,1,9,614
03/14/2000,MCI,MO,ACE,CE,Towers with Radar,467,136,18,4,625,0,0,1,0,1,467,136,19,4,626,0,0,0,626
03/15/2000,MCI,MO,ACE,CE,Towers with Radar,444,128,30,0,602,0,2,2,0,4,444,130,32,0,606,0,0,0,606
03/16/2000,MCI,MO,ACE,CE,Towers with Radar,475,139,21,2,637,0,0,1,0,1,475,139,22,2,638,0,0,0,638
03/17/2000,MCI,MO,ACE,CE,Towers with Radar,456,131,28,2,617,0,4,8,1,13,456,135,36,3,630,0,0,0,630
03/18/2000,MCI,MO,ACE,CE,Towers with Radar,404,83,17,0,504,0,0,0,0,0,404,83,17,0,504,2,0,2,506
03/19/2000,MCI,MO,ACE,CE,Towers with Radar,357,94,8,0,459,0,0,0,2,2,357,94,8,2,461,0,0,0,461
03/20/2000,MCI,MO,ACE,CE,Towers with Radar,438,128,22,2,590,0,0,6,0,6,438,128,28,2,596,0,0,0,596
03/21/2000,MCI,MO,ACE,CE,Towers with Radar,457,141,27,0,625,0,0,0,0,0,457,141,27,0,625,0,0,0,625
03/22/2000,MCI,MO,ACE,CE,Towers with Radar,473,142,29,2,646,1,1,2,0,4,474,143,31,2,650,0,0,0,650
03/23/2000,MCI,MO,ACE,CE,Towers with Radar,491,138,39,0,668,0,0,5,0,5,491,138,44,0,673,0,0,0,673
03/24/2000,MCI,MO,ACE,CE,Towers with Radar,480,139,25,2,646,0,0,0,0,0,480,139,25,2,646,0,0,0,646
03/25/2000,MCI,MO,ACE,CE,Towers with Radar,398,86,16,4,504,0,0,11,0,11,398,86,27,4,515,0,0,0,515
03/26/2000,MCI,MO,ACE,CE,Towers with Radar,374,95,16,4,489,1,0,10,0,11,375,95,26,4,500,0,0,0,500
03/27/2000,MCI,MO,ACE,CE,Towers with Radar,444,131,11,0,586,0,0,11,0,11,444,131,22,0,597,0,0,0,597
03/28/2000,MCI,MO,ACE,CE,Towers with Radar,461,140,36,0,637,0,1,3,0,4,461,141,39,0,641,0,0,0,641
03/29/2000,MCI,MO,ACE,CE,Towers with Radar,477,139,31,0,647,0,0,4,0,4,477,139,35,0,651,0,0,0,651
03/30/2000,MCI,MO,ACE,CE,Towers with Radar,478,141,30,2,651,0,1,16,0,17,478,142,46,2,668,0,0,0,668
03/31/2000,MCI,MO,ACE,CE,Towers with Radar,497,141,18,3,659,0,2,4,0,6,497,143,22,3,665,3,0,3,668
04/01/2000,MCI,MO,ACE,CE,Towers with Radar,396,90,15,0,501,0,1,4,0,5,396,91,19,0,506,0,0,0,506
04/02/2000,MCI,MO,ACE,CE,Towers with Radar,375,95,11,0,481,0,1,6,0,7,375,96,17,0,488,0,0,0,488
04/03/2000,MCI,MO,ACE,CE,Towers with Radar,444,125,25,0,594,0,1,7,0,8,444,126,32,0,602,0,0,0,602
04/04/2000,MCI,MO,ACE,CE,Towers with Radar,484,135,25,0,644,0,1,0,0,1,484,136,25,0,645,0,0,0,645
04/05/2000,MCI,MO,ACE,CE,Towers with Radar,475,140,27,0,642,0,1,7,1,9,475,141,34,1,651,0,0,0,651
04/06/2000,MCI,MO,ACE,CE,Towers with Radar,497,131,19,2,649,0,1,18,2,21,497,132,37,4,670,0,0,0,670
04/07/2000,MCI,MO,ACE,CE,Towers with Radar,494,125,26,0,645,0,1,7,0,8,494,126,33,0,653,0,0,0,653
04/08/2000,MCI,MO,ACE,CE,Towers with Radar,422,75,5,0,502,0,1,6,0,7,422,76,11,0,509,0,0,0,509
04/09/2000,MCI,MO,ACE,CE,Towers with Radar,388,94,14,0,496,0,1,8,0,9,388,95,22,0,505,0,0,0,505
04/10/2000,MCI,MO,ACE,CE,Towers with Radar,447,129,20,3,599,0,1,9,0,10,447,130,29,3,609,2,0,2,611
04/11/2000,MCI,MO,ACE,CE,Towers with Radar,463,134,17,0,614,0,1,2,0,3,463,135,19,0,617,0,0,0,617
04/12/2000,MCI,MO,ACE,CE,Towers with Radar,474,140,30,2,646,0,7,7,0,14,474,147,37,2,660,0,0,0,660
04/13/2000,MCI,MO,ACE,CE,Towers with Radar,498,128,39,3,668,0,1,13,0,14,498,129,52,3,682,0,0,0,682
04/14/2000,MCI,MO,ACE,CE,Towers with Radar,487,135,28,0,650,0,1,12,0,13,487,136,40,0,663,0,0,0,663
04/15/2000,MCI,MO,ACE,CE,Towers with Radar,397,81,9,0,487,0,1,9,0,10,397,82,18,0,497,6,0,6,503
04/16/2000,MCI,MO,ACE,CE,Towers with Radar,353,85,15,0,453,0,1,5,0,6,353,86,20,0,459,0,0,0,459
04/17/2000,MCI,MO,ACE,CE,Towers with Radar,443,140,25,1,609,0,1,7,0,8,443,141,32,1,617,0,0,0,617
04/18/2000,MCI,MO,ACE,CE,Towers with Radar,484,127,16,5,632,0,0,16,1,17,484,127,32,6,649,0,0,0,649
04/19/2000,MCI,MO,ACE,CE,Towers with Radar,466,128,30,0,624,0,0,12,1,13,466,128,42,1,637,0,0,0,637
04/20/2000,MCI,MO,ACE,CE,Towers with Radar,463,133,31,0,627,0,0,6,0,6,463,133,37,0,633,0,0,0,633
04/21/2000,MCI,MO,ACE,CE,Towers with Radar,475,121,24,2,622,0,0,11,0,11,475,121,35,2,633,0,0,0,633
04/22/2000,MCI,MO,ACE,CE,Towers with Radar,389,52,12,0,453,0,1,13,0,14,389,53,25,0,467,0,0,0,467
04/23/2000,MCI,MO,ACE,CE,Towers with Radar,386,89,8,0,483,0,0,4,0,4,386,89,12,0,487,0,0,0,487
04/24/2000,MCI,MO,ACE,CE,Towers with Radar,442,125,22,1,590,0,0,5,0,5,442,125,27,1,595,0,2,2,597
04/25/2000,MCI,MO,ACE,CE,Towers with Radar,485,138,14,0,637,0,0,7,0,7,485,138,21,0,644,0,0,0,644
04/26/2000,MCI,MO,ACE,CE,Towers with Radar,476,136,29,0,641,0,0,11,0,11,476,136,40,0,652,0,0,0,652
04/27/2000,MCI,MO,ACE,CE,Towers with Radar,443,119,28,0,590,0,0,10,0,10,443,119,38,0,600,0,0,0,600
04/28/2000,MCI,MO,ACE,CE,Towers with Radar,481,132,21,0,634,0,0,23,0,23,481,132,44,0,657,0,0,0,657
04/29/2000,MCI,MO,ACE,CE,Towers with Radar,345,75,16,0,436,44,0,11,0,55,389,75,27,0,491,0,0,0,491
04/30/2000,MCI,MO,ACE,CE,Towers with Radar,396,87,7,1,491,0,0,14,0,14,396,87,21,1,505,0,0,0,505
05/01/2000,MCI,MO,ACE,CE,Towers with Radar,445,135,24,1,605,0,0,5,0,5,445,135,29,1,610,0,0,0,610
05/02/2000,MCI,MO,ACE,CE,Towers with Radar,465,123,32,1,621,0,0,7,0,7,465,123,39,1,628,0,2,2,630
05/03/2000,MCI,MO,ACE,CE,Towers with Radar,470,118,33,0,621,0,0,17,0,17,470,118,50,0,638,0,0,0,638
05/04/2000,MCI,MO,ACE,CE,Towers with Radar,463,129,26,0,618,0,0,22,0,22,463,129,48,0,640,0,0,0,640
05/05/2000,MCI,MO,ACE,CE,Towers with Radar,493,135,26,3,657,0,0,8,2,10,493,135,34,5,667,0,0,0,667
05/06/2000,MCI,MO,ACE,CE,Towers with Radar,398,82,3,3,486,0,0,7,2,9,398,82,10,5,495,0,0,0,495
05/07/2000,MCI,MO,ACE,CE,Towers with Radar,393,93,18,0,504,0,0,7,0,7,393,93,25,0,511,0,0,0,511
05/08/2000,MCI,MO,ACE,CE,Towers with Radar,432,123,17,1,573,0,0,12,0,12,432,123,29,1,585,0,0,0,585
05/09/2000,MCI,MO,ACE,CE,Towers with Radar,466,127,27,2,622,0,0,6,0,6,466,127,33,2,628,0,0,0,628
05/10/2000,MCI,MO,ACE,CE,Towers with Radar,490,126,41,0,657,0,0,13,0,13,490,126,54,0,670,0,0,0,670
05/11/2000,MCI,MO,ACE,CE,Towers with Radar,472,135,23,4,634,0,0,13,0,13,472,135,36,4,647,0,0,0,647
05/12/2000,MCI,MO,ACE,CE,Towers with Radar,479,127,30,1,637,0,0,14,0,14,479,127,44,1,651,4,0,4,655
05/13/2000,MCI,MO,ACE,CE,Towers with Radar,428,77,12,0,517,0,0,4,0,4,428,77,16,0,521,0,0,0,521
05/14/2000,MCI,MO,ACE,CE,Towers with Radar,397,93,9,2,501,0,0,14,0,14,397,93,23,2,515,0,0,0,515
05/15/2000,MCI,MO,ACE,CE,Towers with Radar,440,127,14,2,583,0,0,11,0,11,440,127,25,2,594,0,0,0,594
05/16/2000,MCI,MO,ACE,CE,Towers with Radar,482,131,28,3,644,0,0,6,0,6,482,131,34,3,650,0,0,0,650
05/17/2000,MCI,MO,ACE,CE,Towers with Radar,477,132,22,0,631,0,0,3,0,3,477,132,25,0,634,0,0,0,634
05/18/2000,MCI,MO,ACE,CE,Towers with Radar,453,132,27,0,612,0,0,6,0,6,453,132,33,0,618,0,0,0,618
05/19/2000,MCI,MO,ACE,CE,Towers with Radar,480,151,35,1,667,0,0,3,0,3,480,151,38,1,670,0,0,0,670
05/20/2000,MCI,MO,ACE,CE,Towers with Radar,413,77,22,0,512,0,0,9,0,9,413,77,31,0,521,4,0,4,525
05/21/2000,MCI,MO,ACE,CE,Towers with Radar,391,93,27,2,513,0,1,8,0,9,391,94,35,2,522,0,0,0,522
05/22/2000,MCI,MO,ACE,CE,Towers with Radar,446,129,26,4,605,0,3,13,0,16,446,132,39,4,621,0,0,0,621
05/23/2000,MCI,MO,ACE,CE,Towers with Radar,491,110,30,0,631,0,0,6,0,6,491,110,36,0,637,0,0,0,637
05/24/2000,MCI,MO,ACE,CE,Towers with Radar,480,143,19,1,643,0,2,8,0,10,480,145,27,1,653,0,0,0,653
05/25/2000,MCI,MO,ACE,CE,Towers with Radar,490,140,46,3,679,0,0,17,1,18,490,140,63,4,697,0,0,0,697
05/26/2000,MCI,MO,ACE,CE,Towers with Radar,436,115,22,1,574,28,18,5,1,52,464,133,27,2,626,0,0,0,626
05/27/2000,MCI,MO,ACE,CE,Towers with Radar,415,78,8,0,501,0,0,4,0,4,415,78,12,0,505,0,0,0,505
05/28/2000,MCI,MO,ACE,CE,Towers with Radar,341,55,7,0,403,0,0,4,0,4,341,55,11,0,407,0,0,0,407
05/29/2000,MCI,MO,ACE,CE,Towers with Radar,402,87,13,1,503,0,1,8,0,9,402,88,21,1,512,0,0,0,512
05/30/2000,MCI,MO,ACE,CE,Towers with Radar,449,133,20,0,602,0,0,10,0,10,449,133,30,0,612,0,0,0,612
05/31/2000,MCI,MO,ACE,CE,Towers with Radar,475,130,25,0,630,0,14,22,0,36,475,144,47,0,666,0,0,0,666
06/01/2000,MCI,MO,ACE,CE,Towers with Radar,467,134,27,6,634,0,3,16,0,19,467,137,43,6,653,0,0,0,653
06/02/2000,MCI,MO,ACE,CE,Towers with Radar,496,147,23,4,670,0,0,0,0,0,496,147,23,4,670,0,1,1,671
06/03/2000,MCI,MO,ACE,CE,Towers with Radar,423,81,17,0,521,0,0,13,0,13,423,81,30,0,534,0,0,0,534
06/04/2000,MCI,MO,ACE,CE,Towers with Radar,402,89,16,5,512,0,0,7,0,7,402,89,23,5,519,0,0,0,519
06/05/2000,MCI,MO,ACE,CE,Towers with Radar,478,133,15,3,629,0,1,4,0,5,478,134,19,3,634,0,0,0,634
06/06/2000,MCI,MO,ACE,CE,Towers with Radar,478,152,15,2,647,0,2,19,0,21,478,154,34,2,668,0,0,0,668
06/07/2000,MCI,MO,ACE,CE,Towers with Radar,506,161,39,0,706,0,4,13,0,17,506,165,52,0,723,0,0,0,723
06/08/2000,MCI,MO,ACE,CE,Towers with Radar,493,154,30,5,682,0,5,11,0,16,493,159,41,5,698,0,0,0,698
06/09/2000,MCI,MO,ACE,CE,Towers with Radar,490,136,20,2,648,0,0,9,0,9,490,136,29,2,657,0,0,0,657
06/10/2000,MCI,MO,ACE,CE,Towers with Radar,412,85,25,0,522,0,0,6,0,6,412,85,31,0,528,0,0,0,528
06/11/2000,MCI,MO,ACE,CE,Towers with Radar,376,77,14,0,467,0,0,0,0,0,376,77,14,0,467,0,0,0,467
06/12/2000,MCI,MO,ACE,CE,Towers with Radar,459,136,35,0,630,0,5,12,0,17,459,141,47,0,647,0,0,0,647
06/13/2000,MCI,MO,ACE,CE,Towers with Radar,443,123,31,7,604,0,4,5,0,9,443,127,36,7,613,0,0,0,613
06/14/2000,MCI,MO,ACE,CE,Towers with Radar,475,153,36,0,664,0,3,10,0,13,475,156,46,0,677,0,0,0,677
06/15/2000,MCI,MO,ACE,CE,Towers with Radar,505,135,36,9,685,3,0,17,0,20,508,135,53,9,705,0,1,1,706
06/16/2000,MCI,MO,ACE,CE,Towers with Radar,491,132,35,4,662,0,1,12,0,13,491,133,47,4,675,0,0,0,675
06/17/2000,MCI,MO,ACE,CE,Towers with Radar,411,81,20,0,512,0,0,6,0,6,411,81,26,0,518,0,0,0,518
06/18/2000,MCI,MO,ACE,CE,Towers with Radar,401,80,11,0,492,0,0,13,0,13,401,80,24,0,505,0,0,0,505
06/19/2000,MCI,MO,ACE,CE,Towers with Radar,460,127,31,3,621,0,0,7,0,7,460,127,38,3,628,7,0,7,635
06/20/2000,MCI,MO,ACE,CE,Towers with Radar,467,144,20,1,632,0,0,4,0,4,467,144,24,1,636,0,0,0,636
06/21/2000,MCI,MO,ACE,CE,Towers with Radar,510,175,49,23,757,0,2,21,0,23,510,177,70,23,780,0,0,0,780
06/22/2000,MCI,MO,ACE,CE,Towers with Radar,497,174,33,2,706,0,2,12,0,14,497,176,45,2,720,0,0,0,720
06/23/2000,MCI,MO,ACE,CE,Towers with Radar,492,149,37,2,680,0,0,12,0,12,492,149,49,2,692,0,0,0,692
06/24/2000,MCI,MO,ACE,CE,Towers with Radar,438,85,12,0,535,0,2,9,3,14,438,87,21,3,549,0,0,0,549
06/25/2000,MCI,MO,ACE,CE,Towers with Radar,389,79,10,1,479,0,0,8,0,8,389,79,18,1,487,0,0,0,487
06/26/2000,MCI,MO,ACE,CE,Towers with Radar,481,144,19,2,646,0,0,6,0,6,481,144,25,2,652,0,0,0,652
06/27/2000,MCI,MO,ACE,CE,Towers with Radar,491,147,37,5,680,0,1,10,0,11,491,148,47,5,691,0,0,0,691
06/28/2000,MCI,MO,ACE,CE,Towers with Radar,490,150,26,0,666,0,1,7,0,8,490,151,33,0,674,0,0,0,674
06/29/2000,MCI,MO,ACE,CE,Towers with Radar,458,152,28,4,642,0,6,8,1,15,458,158,36,5,657,0,0,0,657
06/30/2000,MCI,MO,ACE,CE,Towers with Radar,518,171,33,14,736,0,0,11,0,11,518,171,44,14,747,0,0,0,747
07/01/2000,MCI,MO,ACE,CE,Towers with Radar,428,76,12,0,516,0,1,7,0,8,428,77,19,0,524,0,0,0,524
07/02/2000,MCI,MO,ACE,CE,Towers with Radar,374,66,5,0,445,0,0,5,0,5,374,66,10,0,450,0,0,0,450
07/03/2000,MCI,MO,ACE,CE,Towers with Radar,386,59,8,0,453,0,2,12,0,14,386,61,20,0,467,2,0,2,469
07/04/2000,MCI,MO,ACE,CE,Towers with Radar,408,83,5,0,496,0,0,2,0,2,408,83,7,0,498,0,0,0,498
07/05/2000,MCI,MO,ACE,CE,Towers with Radar,454,109,24,1,588,0,1,8,2,11,454,110,32,3,599,0,0,0,599
07/06/2000,MCI,MO,ACE,CE,Towers with Radar,492,131,20,22,665,0,1,14,0,15,492,132,34,22,680,0,0,0,680
07/07/2000,MCI,MO,ACE,CE,Towers with Radar,482,119,53,6,660,0,0,5,0,5,482,119,58,6,665,0,0,0,665
07/08/2000,MCI,MO,ACE,CE,Towers with Radar,408,72,4,0,484,0,0,8,0,8,408,72,12,0,492,0,0,0,492
07/09/2000,MCI,MO,ACE,CE,Towers with Radar,403,95,13,0,511,0,0,6,0,6,403,95,19,0,517,0,0,0,517
07/10/2000,MCI,MO,ACE,CE,Towers with Radar,448,115,5,2,570,0,1,7,0,8,448,116,12,2,578,0,0,0,578
07/11/2000,MCI,MO,ACE,CE,Towers with Radar,433,120,25,2,580,0,2,19,0,21,433,122,44,2,601,0,0,0,601
07/12/2000,MCI,MO,ACE,CE,Towers with Radar,476,128,30,0,634,0,0,3,0,3,476,128,33,0,637,0,0,0,637
07/13/2000,MCI,MO,ACE,CE,Towers with Radar,479,132,38,2,651,0,0,12,0,12,479,132,50,2,663,0,0,0,663
07/14/2000,MCI,MO,ACE,CE,Towers with Radar,466,110,21,0,597,0,1,8,0,9,466,111,29,0,606,0,0,0,606
07/15/2000,MCI,MO,ACE,CE,Towers with Radar,415,69,12,1,497,0,0,9,0,9,415,69,21,1,506,0,0,0,506
07/16/2000,MCI,MO,ACE,CE,Towers with Radar,407,91,8,0,506,0,0,6,0,6,407,91,14,0,512,0,0,0,512
07/17/2000,MCI,MO,ACE,CE,Towers with Radar,457,124,29,2,612,0,0,7,0,7,457,124,36,2,619,0,0,0,619
07/18/2000,MCI,MO,ACE,CE,Towers with Radar,479,137,28,3,647,0,0,3,0,3,479,137,31,3,650,0,0,0,650
07/19/2000,MCI,MO,ACE,CE,Towers with Radar,508,122,34,0,664,0,1,3,0,4,508,123,37,0,668,0,0,0,668
07/20/2000,MCI,MO,ACE,CE,Towers with Radar,479,127,36,4,646,0,2,3,0,5,479,129,39,4,651,0,0,0,651
07/21/2000,MCI,MO,ACE,CE,Towers with Radar,489,144,26,1,660,0,1,8,0,9,489,145,34,1,669,0,0,0,669
07/22/2000,MCI,MO,ACE,CE,Towers with Radar,428,71,13,6,518,0,0,5,0,5,428,71,18,6,523,0,0,0,523
07/23/2000,MCI,MO,ACE,CE,Towers with Radar,400,71,16,1,488,0,2,25,0,27,400,73,41,1,515,0,0,0,515
07/24/2000,MCI,MO,ACE,CE,Towers with Radar,465,131,27,18,641,0,0,20,0,20,465,131,47,18,661,2,1,3,664
07/25/2000,MCI,MO,ACE,CE,Towers with Radar,487,152,28,2,669,0,0,6,0,6,487,152,34,2,675,0,0,0,675
07/26/2000,MCI,MO,ACE,CE,Towers with Radar,478,157,35,2,672,0,1,13,0,14,478,158,48,2,686,0,0,0,686
07/27/2000,MCI,MO,ACE,CE,Towers with Radar,486,140,44,14,684,0,0,13,0,13,486,140,57,14,697,0,0,0,697
07/28/2000,MCI,MO,ACE,CE,Towers with Radar,429,138,47,0,614,0,0,2,0,2,429,138,49,0,616,0,0,0,616
07/29/2000,MCI,MO,ACE,CE,Towers with Radar,429,83,22,0,534,0,0,7,0,7,429,83,29,0,541,0,0,0,541
07/30/2000,MCI,MO,ACE,CE,Towers with Radar,399,90,19,0,508,0,0,6,0,6,399,90,25,0,514,0,0,0,514
07/31/2000,MCI,MO,ACE,CE,Towers with Radar,435,125,21,1,582,0,0,19,0,19,435,125,40,1,601,0,0,0,601
08/01/2000,MCI,MO,ACE,CE,Towers with Radar,486,142,32,8,668,1,0,13,0,14,487,142,45,8,682,0,0,0,682
08/02/2000,MCI,MO,ACE,CE,Towers with Radar,471,148,40,0,659,1,0,9,0,10,472,148,49,0,669,0,0,0,669
08/03/2000,MCI,MO,ACE,CE,Towers with Radar,487,146,31,0,664,1,0,7,1,9,488,146,38,1,673,0,0,0,673
08/04/2000,MCI,MO,ACE,CE,Towers with Radar,480,144,27,2,653,1,0,13,0,14,481,144,40,2,667,0,0,0,667
08/05/2000,MCI,MO,ACE,CE,Towers with Radar,394,83,26,0,503,0,0,0,0,0,394,83,26,0,503,0,0,0,503
08/06/2000,MCI,MO,ACE,CE,Towers with Radar,385,92,16,0,493,1,0,6,0,7,386,92,22,0,500,0,0,0,500
08/07/2000,MCI,MO,ACE,CE,Towers with Radar,445,129,21,0,595,1,0,10,0,11,446,129,31,0,606,0,0,0,606
08/08/2000,MCI,MO,ACE,CE,Towers with Radar,493,142,24,2,661,1,1,3,0,5,494,143,27,2,666,0,0,0,666
08/09/2000,MCI,MO,ACE,CE,Towers with Radar,466,129,30,0,625,1,0,16,0,17,467,129,46,0,642,1,0,1,643
08/10/2000,MCI,MO,ACE,CE,Towers with Radar,489,130,24,0,643,1,0,25,0,26,490,130,49,0,669,0,0,0,669
08/11/2000,MCI,MO,ACE,CE,Towers with Radar,470,128,23,1,622,1,0,12,1,14,471,128,35,2,636,2,0,2,638
08/12/2000,MCI,MO,ACE,CE,Towers with Radar,420,75,23,4,522,1,0,14,0,15,421,75,37,4,537,0,2,2,539
08/13/2000,MCI,MO,ACE,CE,Towers with Radar,378,83,14,3,478,1,0,8,0,9,379,83,22,3,487,0,0,0,487
08/14/2000,MCI,MO,ACE,CE,Towers with Radar,451,118,28,4,601,1,0,8,0,9,452,118,36,4,610,2,0,2,612
08/15/2000,MCI,MO,ACE,CE,Towers with Radar,476,123,23,5,627,1,0,9,0,10,477,123,32,5,637,0,0,0,637
08/16/2000,MCI,MO,ACE,CE,Towers with Radar,466,128,43,11,648,1,0,8,0,9,467,128,51,11,657,0,0,0,657
08/17/2000,MCI,MO,ACE,CE,Towers with Radar,483,130,32,2,647,1,0,15,0,16,484,130,47,2,663,0,0,0,663
08/18/2000,MCI,MO,ACE,CE,Towers with Radar,497,135,26,0,658,1,0,9,0,10,498,135,35,0,668,0,0,0,668
08/19/2000,MCI,MO,ACE,CE,Towers with Radar,404,79,13,0,496,1,0,8,0,9,405,79,21,0,505,2,0,2,507
08/20/2000,MCI,MO,ACE,CE,Towers with Radar,406,98,17,0,521,1,0,4,0,5,407,98,21,0,526,0,0,0,526
08/21/2000,MCI,MO,ACE,CE,Towers with Radar,450,122,38,0,610,1,0,16,0,17,451,122,54,0,627,0,0,0,627
08/22/2000,MCI,MO,ACE,CE,Towers with Radar,479,134,33,0,646,1,1,9,0,11,480,135,42,0,657,0,0,0,657
08/23/2000,MCI,MO,ACE,CE,Towers with Radar,488,133,29,0,650,1,0,10,0,11,489,133,39,0,661,0,0,0,661
08/24/2000,MCI,MO,ACE,CE,Towers with Radar,491,139,40,1,671,1,0,11,0,12,492,139,51,1,683,0,0,0,683
08/25/2000,MCI,MO,ACE,CE,Towers with Radar,477,129,42,4,652,1,0,1,0,2,478,129,43,4,654,0,0,0,654
08/26/2000,MCI,MO,ACE,CE,Towers with Radar,363,73,8,0,444,1,0,3,0,4,364,73,11,0,448,0,0,0,448
08/27/2000,MCI,MO,ACE,CE,Towers with Radar,400,97,7,4,508,1,0,16,0,17,401,97,23,4,525,2,0,2,527
08/28/2000,MCI,MO,ACE,CE,Towers with Radar,447,142,21,2,612,1,0,7,0,8,448,142,28,2,620,2,0,2,622
08/29/2000,MCI,MO,ACE,CE,Towers with Radar,479,133,15,2,629,1,0,4,0,5,480,133,19,2,634,0,0,0,634
08/30/2000,MCI,MO,ACE,CE,Towers with Radar,486,144,36,0,666,1,0,12,0,13,487,144,48,0,679,0,0,0,679
08/31/2000,MCI,MO,ACE,CE,Towers with Radar,479,145,51,2,677,0,4,8,0,12,479,149,59,2,689,0,0,0,689
09/01/2000,MCI,MO,ACE,CE,Towers with Radar,489,148,38,1,676,1,0,8,0,9,490,148,46,1,685,0,0,0,685
09/02/2000,MCI,MO,ACE,CE,Towers with Radar,365,72,10,1,448,0,0,5,0,5,365,72,15,1,453,0,0,0,453
09/03/2000,MCI,MO,ACE,CE,Towers with Radar,317,60,12,0,389,0,0,7,0,7,317,60,19,0,396,0,0,0,396
09/04/2000,MCI,MO,ACE,CE,Towers with Radar,407,83,11,0,501,1,0,8,0,9,408,83,19,0,510,2,0,2,512
09/05/2000,MCI,MO,ACE,CE,Towers with Radar,439,133,22,3,597,1,0,5,1,7,440,133,27,4,604,0,0,0,604
09/06/2000,MCI,MO,ACE,CE,Towers with Radar,478,135,24,0,637,1,0,12,0,13,479,135,36,0,650,0,0,0,650
09/07/2000,MCI,MO,ACE,CE,Towers with Radar,479,137,21,3,640,1,0,13,0,14,480,137,34,3,654,0,0,0,654
09/08/2000,MCI,MO,ACE,CE,Towers with Radar,516,170,53,0,739,1,0,8,0,9,517,170,61,0,748,0,0,0,748
09/09/2000,MCI,MO,ACE,CE,Towers with Radar,314,64,8,2,388,1,0,5,0,6,315,64,13,2,394,0,0,0,394
09/10/2000,MCI,MO,ACE,CE,Towers with Radar,390,100,11,3,504,1,0,7,0,8,391,100,18,3,512,0,0,0,512
09/11/2000,MCI,MO,ACE,CE,Towers with Radar,433,112,18,0,563,1,0,12,0,13,434,112,30,0,576,0,0,0,576
09/12/2000,MCI,MO,ACE,CE,Towers with Radar,485,173,55,0,713,1,1,20,0,22,486,174,75,0,735,0,0,0,735
09/13/2000,MCI,MO,ACE,CE,Towers with Radar,490,147,37,1,675,1,0,12,0,13,491,147,49,1,688,0,0,0,688
09/14/2000,MCI,MO,ACE,CE,Towers with Radar,472,146,36,0,654,1,0,20,0,21,473,146,56,0,675,0,0,0,675
09/15/2000,MCI,MO,ACE,CE,Towers with Radar,497,147,26,3,673,1,0,10,0,11,498,147,36,3,684,0,0,0,684
09/16/2000,MCI,MO,ACE,CE,Towers with Radar,393,84,11,1,489,1,0,13,0,14,394,84,24,1,503,0,0,0,503
09/17/2000,MCI,MO,ACE,CE,Towers with Radar,384,101,9,1,495,1,0,9,0,10,385,101,18,1,505,0,0,0,505
09/18/2000,MCI,MO,ACE,CE,Towers with Radar,448,133,34,0,615,1,0,11,0,12,449,133,45,0,627,0,0,0,627
09/19/2000,MCI,MO,ACE,CE,Towers with Radar,474,146,34,7,661,1,0,17,0,18,475,146,51,7,679,0,0,0,679
09/20/2000,MCI,MO,ACE,CE,Towers with Radar,485,141,27,0,653,0,5,14,0,19,485,146,41,0,672,0,0,0,672
09/21/2000,MCI,MO,ACE,CE,Towers with Radar,503,152,29,13,697,1,0,17,0,18,504,152,46,13,715,0,0,0,715
09/22/2000,MCI,MO,ACE,CE,Towers with Radar,480,132,28,1,641,3,16,16,0,35,483,148,44,1,676,0,0,0,676
09/23/2000,MCI,MO,ACE,CE,Towers with Radar,214,42,10,0,266,0,0,0,0,0,214,42,10,0,266,0,0,0,266
09/24/2000,MCI,MO,ACE,CE,Towers with Radar,384,80,16,1,481,0,0,0,1,1,384,80,16,2,482,0,0,0,482
09/25/2000,MCI,MO,ACE,CE,Towers with Radar,450,117,21,0,588,0,0,6,0,6,450,117,27,0,594,0,0,0,594
09/26/2000,MCI,MO,ACE,CE,Towers with Radar,430,139,27,1,597,0,3,13,0,16,430,142,40,1,613,0,0,0,613
09/27/2000,MCI,MO,ACE,CE,Towers with Radar,486,141,23,0,650,0,0,8,0,8,486,141,31,0,658,0,0,0,658
09/28/2000,MCI,MO,ACE,CE,Towers with Radar,503,143,35,2,683,0,1,12,0,13,503,144,47,2,696,0,0,0,696
09/29/2000,MCI,MO,ACE,CE,Towers with Radar,497,154,23,0,674,0,0,10,0,10,497,154,33,0,684,0,0,0,684
09/30/2000,MCI,MO,ACE,CE,Towers with Radar,414,75,14,0,503,0,5,8,0,13,414,80,22,0,516,0,0,0,516
10/01/2000,MCI,MO,ACE,CE,Towers with Radar,387,82,19,2,490,0,0,7,0,7,387,82,26,2,497,0,0,0,497
10/02/2000,MCI,MO,ACE,CE,Towers with Radar,455,137,14,0,606,0,3,6,0,9,455,140,20,0,615,0,0,0,615
10/03/2000,MCI,MO,ACE,CE,Towers with Radar,476,140,26,0,642,0,0,8,0,8,476,140,34,0,650,0,0,0,650
10/04/2000,MCI,MO,ACE,CE,Towers with Radar,477,129,33,0,639,0,0,2,0,2,477,129,35,0,641,0,0,0,641
10/05/2000,MCI,MO,ACE,CE,Towers with Radar,503,145,41,4,693,0,0,0,0,0,503,145,41,4,693,0,0,0,693
10/06/2000,MCI,MO,ACE,CE,Towers with Radar,491,141,28,5,665,0,0,4,0,4,491,141,32,5,669,0,0,0,669
10/07/2000,MCI,MO,ACE,CE,Towers with Radar,411,86,12,0,509,0,3,3,0,6,411,89,15,0,515,0,0,0,515
10/08/2000,MCI,MO,ACE,CE,Towers with Radar,394,90,3,0,487,0,0,14,0,14,394,90,17,0,501,0,0,0,501
10/09/2000,MCI,MO,ACE,CE,Towers with Radar,445,129,22,0,596,0,0,4,0,4,445,129,26,0,600,0,0,0,600
10/10/2000,MCI,MO,ACE,CE,Towers with Radar,472,140,34,2,648,0,0,11,0,11,472,140,45,2,659,0,0,0,659
10/11/2000,MCI,MO,ACE,CE,Towers with Radar,481,146,25,0,652,0,1,15,4,20,481,147,40,4,672,0,0,0,672
10/12/2000,MCI,MO,ACE,CE,Towers with Radar,493,152,25,8,678,0,4,10,3,17,493,156,35,11,695,0,0,0,695
10/13/2000,MCI,MO,ACE,CE,Towers with Radar,496,137,26,1,660,0,6,0,0,6,496,143,26,1,666,0,0,0,666
10/14/2000,MCI,MO,ACE,CE,Towers with Radar,413,96,12,2,523,0,0,1,2,3,413,96,13,4,526,0,0,0,526
10/15/2000,MCI,MO,ACE,CE,Towers with Radar,370,85,22,2,479,0,0,3,0,3,370,85,25,2,482,0,0,0,482
10/16/2000,MCI,MO,ACE,CE,Towers with Radar,462,132,19,9,622,0,0,1,0,1,462,132,20,9,623,0,0,0,623
10/17/2000,MCI,MO,ACE,CE,Towers with Radar,513,161,33,8,715,0,1,15,0,16,513,162,48,8,731,0,0,0,731
10/18/2000,MCI,MO,ACE,CE,Towers with Radar,493,156,34,1,684,0,3,21,0,24,493,159,55,1,708,0,0,0,708
10/19/2000,MCI,MO,ACE,CE,Towers with Radar,493,155,40,2,690,0,0,14,0,14,493,155,54,2,704,0,0,0,704
10/20/2000,MCI,MO,ACE,CE,Towers with Radar,513,149,27,6,695,0,0,17,0,17,513,149,44,6,712,0,0,0,712
10/21/2000,MCI,MO,ACE,CE,Towers with Radar,405,79,4,0,488,0,0,3,0,3,405,79,7,0,491,0,0,0,491
10/22/2000,MCI,MO,ACE,CE,Towers with Radar,405,91,21,0,517,0,1,2,0,3,405,92,23,0,520,0,0,0,520
10/23/2000,MCI,MO,ACE,CE,Towers with Radar,471,125,18,2,616,0,0,0,0,0,471,125,18,2,616,0,0,0,616
10/24/2000,MCI,MO,ACE,CE,Towers with Radar,495,133,39,13,680,0,0,2,0,2,495,133,41,13,682,0,0,0,682
10/25/2000,MCI,MO,ACE,CE,Towers with Radar,482,130,32,6,650,0,0,5,0,5,482,130,37,6,655,0,0,0,655
10/26/2000,MCI,MO,ACE,CE,Towers with Radar,484,145,36,7,672,0,0,6,0,6,484,145,42,7,678,0,0,0,678
10/27/2000,MCI,MO,ACE,CE,Towers with Radar,483,113,27,4,627,0,0,3,0,3,483,113,30,4,630,0,0,0,630
10/28/2000,MCI,MO,ACE,CE,Towers with Radar,403,78,16,0,497,0,0,0,0,0,403,78,16,0,497,0,0,0,497
10/29/2000,MCI,MO,ACE,CE,Towers with Radar,341,92,16,2,451,61,0,0,0,61,402,92,16,2,512,0,0,0,512
10/30/2000,MCI,MO,ACE,CE,Towers with Radar,460,132,16,2,610,0,0,6,0,6,460,132,22,2,616,0,0,0,616
10/31/2000,MCI,MO,ACE,CE,Towers with Radar,485,132,29,0,646,0,0,4,0,4,485,132,33,0,650,0,0,0,650
11/01/2000,MCI,MO,ACE,CE,Towers with Radar,503,129,26,4,662,0,0,1,0,1,503,129,27,4,663,0,0,0,663
11/02/2000,MCI,MO,ACE,CE,Towers with Radar,500,160,28,0,688,0,2,8,1,11,500,162,36,1,699,0,0,0,699
11/03/2000,MCI,MO,ACE,CE,Towers with Radar,515,127,40,0,682,0,0,10,0,10,515,127,50,0,692,0,0,0,692
11/04/2000,MCI,MO,ACE,CE,Towers with Radar,406,79,5,0,490,0,0,7,0,7,406,79,12,0,497,0,0,0,497
11/05/2000,MCI,MO,ACE,CE,Towers with Radar,394,89,8,2,493,0,0,0,0,0,394,89,8,2,493,0,0,0,493
11/06/2000,MCI,MO,ACE,CE,Towers with Radar,462,127,21,2,612,0,0,0,0,0,462,127,21,2,612,0,0,0,612
11/07/2000,MCI,MO,ACE,CE,Towers with Radar,534,123,18,2,677,0,0,5,0,5,534,123,23,2,682,0,0,0,682
11/08/2000,MCI,MO,ACE,CE,Towers with Radar,493,102,17,2,614,0,0,3,0,3,493,102,20,2,617,0,0,0,617
11/09/2000,MCI,MO,ACE,CE,Towers with Radar,502,107,37,3,649,0,0,7,0,7,502,107,44,3,656,0,0,0,656
11/10/2000,MCI,MO,ACE,CE,Towers with Radar,518,112,32,4,666,0,0,3,0,3,518,112,35,4,669,0,0,0,669
11/11/2000,MCI,MO,ACE,CE,Towers with Radar,408,77,8,2,495,0,0,0,0,0,408,77,8,2,495,0,0,0,495
11/12/2000,MCI,MO,ACE,CE,Towers with Radar,398,92,17,0,507,0,0,5,0,5,398,92,22,0,512,0,0,0,512
11/13/2000,MCI,MO,ACE,CE,Towers with Radar,473,124,25,0,622,0,1,6,0,7,473,125,31,0,629,0,0,0,629
11/14/2000,MCI,MO,ACE,CE,Towers with Radar,493,135,28,4,660,0,0,12,0,12,493,135,40,4,672,0,0,0,672
11/15/2000,MCI,MO,ACE,CE,Towers with Radar,497,145,19,0,661,0,1,2,0,3,497,146,21,0,664,0,0,0,664
11/16/2000,MCI,MO,ACE,CE,Towers with Radar,494,134,19,0,647,0,1,10,0,11,494,135,29,0,658,2,0,2,660
11/17/2000,MCI,MO,ACE,CE,Towers with Radar,516,113,17,0,646,0,0,13,0,13,516,113,30,0,659,0,0,0,659
11/18/2000,MCI,MO,ACE,CE,Towers with Radar,408,73,7,0,488,0,0,11,0,11,408,73,18,0,499,2,0,2,501
11/19/2000,MCI,MO,ACE,CE,Towers with Radar,406,92,10,1,509,0,4,8,0,12,406,96,18,1,521,0,0,0,521
11/20/2000,MCI,MO,ACE,CE,Towers with Radar,470,124,18,1,613,0,0,10,0,10,470,124,28,1,623,0,0,0,623
11/21/2000,MCI,MO,ACE,CE,Towers with Radar,483,135,31,3,652,0,0,12,0,12,483,135,43,3,664,0,0,0,664
11/22/2000,MCI,MO,ACE,CE,Towers with Radar,520,125,18,2,665,0,0,11,0,11,520,125,29,2,676,0,0,0,676
11/23/2000,MCI,MO,ACE,CE,Towers with Radar,369,73,5,0,447,0,0,3,0,3,369,73,8,0,450,0,0,0,450
11/24/2000,MCI,MO,ACE,CE,Towers with Radar,291,51,2,2,346,0,0,2,0,2,291,51,4,2,348,0,0,0,348
11/25/2000,MCI,MO,ACE,CE,Towers with Radar,373,75,6,0,454,0,0,3,0,3,373,75,9,0,457,0,0,0,457
11/26/2000,MCI,MO,ACE,CE,Towers with Radar,426,96,14,0,536,0,0,3,0,3,426,96,17,0,539,0,0,0,539
11/27/2000,MCI,MO,ACE,CE,Towers with Radar,472,136,26,0,634,0,0,9,0,9,472,136,35,0,643,0,0,0,643
11/28/2000,MCI,MO,ACE,CE,Towers with Radar,502,133,23,2,660,0,0,15,0,15,502,133,38,2,675,0,0,0,675
11/29/2000,MCI,MO,ACE,CE,Towers with Radar,502,129,33,0,664,0,0,15,2,17,502,129,48,2,681,0,0,0,681
11/30/2000,MCI,MO,ACE,CE,Towers with Radar,509,130,26,0,665,0,0,8,0,8,509,130,34,0,673,0,0,0,673
12/01/2000,MCI,MO,ACE,CE,Towers with Radar,509,123,12,1,645,4,1,5,0,10,513,124,17,1,655,0,0,0,655
12/02/2000,MCI,MO,ACE,CE,Towers with Radar,409,69,8,0,486,4,1,0,0,5,413,70,8,0,491,0,0,0,491
12/03/2000,MCI,MO,ACE,CE,Towers with Radar,404,80,21,4,509,4,1,10,0,15,408,81,31,4,524,0,0,0,524
12/04/2000,MCI,MO,ACE,CE,Towers with Radar,230,52,9,0,291,234,60,23,3,320,464,112,32,3,611,0,0,0,611
12/05/2000,MCI,MO,ACE,CE,Towers with Radar,497,130,25,0,652,4,1,11,0,16,501,131,36,0,668,0,0,0,668
12/06/2000,MCI,MO,ACE,CE,Towers with Radar,512,143,23,20,698,4,1,8,0,13,516,144,31,20,711,0,0,0,711
12/07/2000,MCI,MO,ACE,CE,Towers with Radar,499,139,15,2,655,4,1,17,0,22,503,140,32,2,677,0,0,0,677
12/08/2000,MCI,MO,ACE,CE,Towers with Radar,495,147,21,6,669,4,2,8,0,14,499,149,29,6,683,0,0,0,683
12/09/2000,MCI,MO,ACE,CE,Towers with Radar,407,77,8,0,492,4,1,1,0,6,411,78,9,0,498,2,0,2,500
12/10/2000,MCI,MO,ACE,CE,Towers with Radar,393,77,6,0,476,5,1,1,0,7,398,78,7,0,483,0,0,0,483
12/11/2000,MCI,MO,ACE,CE,Towers with Radar,380,85,17,1,483,4,1,0,0,5,384,86,17,1,488,0,0,0,488
12/12/2000,MCI,MO,ACE,CE,Towers with Radar,367,90,14,1,472,0,2,16,2,20,367,92,30,3,492,0,0,0,492
12/13/2000,MCI,MO,ACE,CE,Towers with Radar,376,83,37,0,496,4,3,0,0,7,380,86,37,0,503,0,0,0,503
12/14/2000,MCI,MO,ACE,CE,Towers with Radar,518,145,34,5,702,4,1,1,0,6,522,146,35,5,708,0,0,0,708
12/15/2000,MCI,MO,ACE,CE,Towers with Radar,472,111,25,2,610,4,1,0,0,5,476,112,25,2,615,0,0,0,615
12/16/2000,MCI,MO,ACE,CE,Towers with Radar,394,85,8,0,487,4,1,0,0,5,398,86,8,0,492,0,0,0,492
12/17/2000,MCI,MO,ACE,CE,Towers with Radar,354,79,11,0,444,55,2,0,0,57,409,81,11,0,501,0,0,0,501
12/18/2000,MCI,MO,ACE,CE,Towers with Radar,434,105,17,0,556,3,2,0,0,5,437,107,17,0,561,0,0,0,561
12/19/2000,MCI,MO,ACE,CE,Towers with Radar,502,143,28,1,674,3,2,8,0,13,505,145,36,1,687,0,0,0,687
12/20/2000,MCI,MO,ACE,CE,Towers with Radar,490,110,30,2,632,3,2,7,0,12,493,112,37,2,644,0,0,0,644
12/21/2000,MCI,MO,ACE,CE,Towers with Radar,462,126,23,1,612,3,2,13,0,18,465,128,36,1,630,0,0,0,630
12/22/2000,MCI,MO,ACE,CE,Towers with Radar,539,135,19,3,696,3,2,17,0,22,542,137,36,3,718,0,0,0,718
12/23/2000,MCI,MO,ACE,CE,Towers with Radar,444,60,7,0,511,3,2,9,0,14,447,62,16,0,525,0,0,0,525
12/24/2000,MCI,MO,ACE,CE,Towers with Radar,339,37,2,0,378,3,2,3,0,8,342,39,5,0,386,0,0,0,386
12/25/2000,MCI,MO,ACE,CE,Towers with Radar,325,32,2,0,359,3,1,0,0,4,328,33,2,0,363,3,0,3,366
12/26/2000,MCI,MO,ACE,CE,Towers with Radar,423,93,9,0,525,3,1,0,0,4,426,94,9,0,529,2,0,2,531
12/27/2000,MCI,MO,ACE,CE,Towers with Radar,493,109,17,0,619,3,1,8,0,12,496,110,25,0,631,0,0,0,631
12/28/2000,MCI,MO,ACE,CE,Towers with Radar,498,110,8,0,616,3,1,0,0,4,501,111,8,0,620,0,0,0,620
12/29/2000,MCI,MO,ACE,CE,Towers with Radar,483,124,8,0,615,3,1,3,0,7,486,125,11,0,622,0,0,0,622
12/30/2000,MCI,MO,ACE,CE,Towers with Radar,206,30,7,1,244,0,0,0,0,0,206,30,7,1,244,0,0,0,244
12/31/2000,MCI,MO,ACE,CE,Towers with Radar,343,42,7,0,392,3,1,2,0,6,346,43,9,0,398,0,0,0,398
01/01/2001,MCI,MO,ACE,CE,Towers with Radar,349,37,2,0,388,12,3,3,0,18,361,40,5,0,406,0,0,0,406
01/02/2001,MCI,MO,ACE,CE,Towers with Radar,462,117,9,0,588,1,4,10,0,15,463,121,19,0,603,0,0,0,603
01/03/2001,MCI,MO,ACE,CE,Towers with Radar,497,130,6,3,636,0,4,13,1,18,497,134,19,4,654,0,0,0,654
01/04/2001,MCI,MO,ACE,CE,Towers with Radar,505,125,6,0,636,1,3,17,0,21,506,128,23,0,657,0,0,0,657
01/05/2001,MCI,MO,ACE,CE,Towers with Radar,492,136,19,8,655,0,2,18,1,21,492,138,37,9,676,0,24,24,700
01/06/2001,MCI,MO,ACE,CE,Towers with Radar,408,58,3,0,469,1,2,14,0,17,409,60,17,0,486,0,0,0,486
01/07/2001,MCI,MO,ACE,CE,Towers with Radar,411,78,0,0,489,6,2,7,0,15,417,80,7,0,504,0,0,0,504
01/08/2001,MCI,MO,ACE,CE,Towers with Radar,470,110,1,2,583,0,2,11,1,14,470,112,12,3,597,0,0,0,597
01/09/2001,MCI,MO,ACE,CE,Towers with Radar,504,109,26,5,644,0,2,18,1,21,504,111,44,6,665,0,0,0,665
01/10/2001,MCI,MO,ACE,CE,Towers with Radar,512,131,39,15,697,0,0,0,0,0,512,131,39,15,697,0,0,0,697
01/11/2001,MCI,MO,ACE,CE,Towers with Radar,516,132,21,6,675,0,2,12,1,15,516,134,33,7,690,0,0,0,690
01/12/2001,MCI,MO,ACE,CE,Towers with Radar,450,62,3,2,517,0,2,11,1,14,450,64,14,3,531,0,0,0,531
01/13/2001,MCI,MO,ACE,CE,Towers with Radar,428,54,2,0,484,1,2,11,0,14,429,56,13,0,498,0,0,0,498
01/14/2001,MCI,MO,ACE,CE,Towers with Radar,427,69,3,0,499,2,2,9,0,13,429,71,12,0,512,0,0,0,512
01/15/2001,MCI,MO,ACE,CE,Towers with Radar,443,106,19,0,568,0,2,32,2,36,443,108,51,2,604,0,0,0,604
01/16/2001,MCI,MO,ACE,CE,Towers with Radar,494,111,21,0,626,2,2,11,0,15,496,113,32,0,641,0,0,0,641
01/17/2001,MCI,MO,ACE,CE,Towers with Radar,500,119,12,0,631,1,2,12,1,16,501,121,24,1,647,0,0,0,647
01/18/2001,MCI,MO,ACE,CE,Towers with Radar,489,116,20,0,625,2,1,19,0,22,491,117,39,0,647,0,0,0,647
01/19/2001,MCI,MO,ACE,CE,Towers with Radar,514,134,13,0,661,2,1,11,0,14,516,135,24,0,675,0,0,0,675
01/20/2001,MCI,MO,ACE,CE,Towers with Radar,411,65,3,0,479,2,1,17,0,20,413,66,20,0,499,0,0,0,499
01/21/2001,MCI,MO,ACE,CE,Towers with Radar,200,41,6,0,247,0,0,4,1,5,200,41,10,1,252,0,0,0,252
01/22/2001,MCI,MO,ACE,CE,Towers with Radar,472,112,0,0,584,4,1,23,0,28,476,113,23,0,612,0,0,0,612
01/23/2001,MCI,MO,ACE,CE,Towers with Radar,502,125,14,0,641,0,0,21,0,21,502,125,35,0,662,0,0,0,662
01/24/2001,MCI,MO,ACE,CE,Towers with Radar,500,121,9,0,630,2,1,23,0,26,502,122,32,0,656,0,0,0,656
01/25/2001,MCI,MO,ACE,CE,Towers with Radar,505,127,13,0,645,0,1,25,2,28,505,128,38,2,673,0,0,0,673
01/26/2001,MCI,MO,ACE,CE,Towers with Radar,504,120,14,0,638,0,1,12,2,15,504,121,26,2,653,0,0,0,653
01/27/2001,MCI,MO,ACE,CE,Towers with Radar,365,54,0,0,419,2,2,14,1,19,367,56,14,1,438,0,0,0,438
01/28/2001,MCI,MO,ACE,CE,Towers with Radar,374,64,0,0,438,5,2,5,1,13,379,66,5,1,451,26,0,26,477
01/29/2001,MCI,MO,ACE,CE,Towers with Radar,453,91,0,0,544,5,2,6,0,13,458,93,6,0,557,0,0,0,557
01/30/2001,MCI,MO,ACE,CE,Towers with Radar,505,146,14,4,669,0,2,10,2,14,505,148,24,6,683,0,0,0,683
01/31/2001,MCI,MO,ACE,CE,Towers with Radar,502,130,19,1,652,0,2,12,1,15,502,132,31,2,667,0,0,0,667
02/01/2001,MCI,MO,ACE,CE,Towers with Radar,498,123,24,5,650,0,0,0,2,2,498,123,24,7,652,0,0,0,652
02/02/2001,MCI,MO,ACE,CE,Towers with Radar,507,126,12,5,650,4,1,2,0,7,511,127,14,5,657,0,0,0,657
02/03/2001,MCI,MO,ACE,CE,Towers with Radar,399,64,15,0,478,4,0,10,0,14,403,64,25,0,492,0,0,0,492
02/04/2001,MCI,MO,ACE,CE,Towers with Radar,404,90,10,0,504,4,0,4,0,8,408,90,14,0,512,0,0,0,512
02/05/2001,MCI,MO,ACE,CE,Towers with Radar,458,110,8,0,576,3,1,12,0,16,461,111,20,0,592,0,0,0,592
02/06/2001,MCI,MO,ACE,CE,Towers with Radar,486,129,10,2,627,3,1,6,0,10,489,130,16,2,637,0,0,0,637
02/07/2001,MCI,MO,ACE,CE,Towers with Radar,498,128,21,0,647,3,0,4,0,7,501,128,25,0,654,0,0,0,654
02/08/2001,MCI,MO,ACE,CE,Towers with Radar,488,63,12,4,567,3,0,1,0,4,491,63,13,4,571,0,0,0,571
02/09/2001,MCI,MO,ACE,CE,Towers with Radar,412,32,11,2,457,3,0,1,0,4,415,32,12,2,461,0,0,0,461
02/10/2001,MCI,MO,ACE,CE,Towers with Radar,417,62,10,0,489,3,0,4,0,7,420,62,14,0,496,2,0,2,498
02/11/2001,MCI,MO,ACE,CE,Towers with Radar,404,88,9,4,505,3,0,8,0,11,407,88,17,4,516,0,0,0,516
02/12/2001,MCI,MO,ACE,CE,Towers with Radar,461,94,27,0,582,3,0,1,0,4,464,94,28,0,586,0,0,0,586
02/13/2001,MCI,MO,ACE,CE,Towers with Radar,473,70,27,4,574,3,0,1,0,4,476,70,28,4,578,0,0,0,578
02/14/2001,MCI,MO,ACE,CE,Towers with Radar,486,79,11,2,578,3,0,1,0,4,489,79,12,2,582,0,0,0,582
02/15/2001,MCI,MO,ACE,CE,Towers with Radar,506,119,31,2,658,3,0,1,0,4,509,119,32,2,662,0,0,0,662
02/16/2001,MCI,MO,ACE,CE,Towers with Radar,500,137,27,0,664,3,3,2,0,8,503,140,29,0,672,0,0,0,672
02/17/2001,MCI,MO,ACE,CE,Towers with Radar,407,66,12,3,488,3,0,7,0,10,410,66,19,3,498,0,0,0,498
02/18/2001,MCI,MO,ACE,CE,Towers with Radar,400,73,9,2,484,3,0,10,0,13,403,73,19,2,497,0,0,0,497
02/19/2001,MCI,MO,ACE,CE,Towers with Radar,464,116,3,1,584,3,3,8,0,14,467,119,11,1,598,0,0,0,598
02/20/2001,MCI,MO,ACE,CE,Towers with Radar,509,132,15,0,656,3,0,9,0,12,512,132,24,0,668,0,0,0,668
02/21/2001,MCI,MO,ACE,CE,Towers with Radar,501,118,18,37,674,3,0,6,0,9,504,118,24,37,683,0,0,0,683
02/22/2001,MCI,MO,ACE,CE,Towers with Radar,513,126,20,0,659,3,0,7,0,10,516,126,27,0,669,0,0,0,669
02/23/2001,MCI,MO,ACE,CE,Towers with Radar,504,104,10,2,620,3,0,0,0,3,507,104,10,2,623,0,0,0,623
02/24/2001,MCI,MO,ACE,CE,Towers with Radar,417,26,8,1,452,3,0,0,0,3,420,26,8,1,455,0,0,0,455
02/25/2001,MCI,MO,ACE,CE,Towers with Radar,393,88,14,3,498,3,1,3,0,7,396,89,17,3,505,0,0,0,505
02/26/2001,MCI,MO,ACE,CE,Towers with Radar,474,120,36,0,630,3,0,0,0,3,477,120,36,0,633,6,0,6,639
02/27/2001,MCI,MO,ACE,CE,Towers with Radar,487,82,26,0,595,3,0,0,0,3,490,82,26,0,598,0,0,0,598
02/28/2001,MCI,MO,ACE,CE,Towers with Radar,509,136,31,0,676,3,0,7,0,10,512,136,38,0,686,0,0,0,686
03/01/2001,MCI,MO,ACE,CE,Towers with Radar,506,134,13,6,659,2,0,0,0,2,508,134,13,6,661,0,0,0,661
03/02/2001,MCI,MO,ACE,CE,Towers with Radar,497,137,13,4,651,2,0,3,0,5,499,137,16,4,656,0,0,0,656
03/03/2001,MCI,MO,ACE,CE,Towers with Radar,404,68,8,2,482,2,0,5,0,7,406,68,13,2,489,0,0,0,489
03/04/2001,MCI,MO,ACE,CE,Towers with Radar,397,88,11,6,502,2,0,7,0,9,399,88,18,6,511,0,0,0,511
03/05/2001,MCI,MO,ACE,CE,Towers with Radar,455,113,18,2,588,2,0,3,0,5,457,113,21,2,593,0,0,0,593
03/06/2001,MCI,MO,ACE,CE,Towers with Radar,486,134,20,0,640,2,0,7,0,9,488,134,27,0,649,0,0,0,649
03/07/2001,MCI,MO,ACE,CE,Towers with Radar,495,141,16,0,652,2,0,4,0,6,497,141,20,0,658,0,0,0,658
03/08/2001,MCI,MO,ACE,CE,Towers with Radar,501,129,21,0,651,0,17,18,0,35,501,146,39,0,686,0,0,0,686
03/09/2001,MCI,MO,ACE,CE,Towers with Radar,509,130,18,7,664,1,0,11,0,12,510,130,29,7,676,0,0,0,676
03/10/2001,MCI,MO,ACE,CE,Towers with Radar,408,66,19,3,496,1,0,3,0,4,409,66,22,3,500,0,0,0,500
03/11/2001,MCI,MO,ACE,CE,Towers with Radar,403,68,10,2,483,1,0,1,0,2,404,68,11,2,485,0,0,0,485
03/12/2001,MCI,MO,ACE,CE,Towers with Radar,438,104,12,0,554,39,19,0,0,58,477,123,12,0,612,0,0,0,612
03/13/2001,MCI,MO,ACE,CE,Towers with Radar,495,137,30,2,664,1,0,11,0,12,496,137,41,2,676,0,0,0,676
03/14/2001,MCI,MO,ACE,CE,Towers with Radar,490,106,30,12,638,1,0,4,0,5,491,106,34,12,643,0,0,0,643
03/15/2001,MCI,MO,ACE,CE,Towers with Radar,520,118,17,0,655,1,0,0,0,1,521,118,17,0,656,0,0,0,656
03/16/2001,MCI,MO,ACE,CE,Towers with Radar,512,125,23,0,660,1,0,2,0,3,513,125,25,0,663,0,0,0,663
03/17/2001,MCI,MO,ACE,CE,Towers with Radar,435,69,8,0,512,1,0,7,0,8,436,69,15,0,520,0,0,0,520
03/18/2001,MCI,MO,ACE,CE,Towers with Radar,421,91,17,0,529,1,0,2,0,3,422,91,19,0,532,0,0,0,532
03/19/2001,MCI,MO,ACE,CE,Towers with Radar,454,107,19,3,583,10,11,15,2,38,464,118,34,5,621,0,0,0,621
03/20/2001,MCI,MO,ACE,CE,Towers with Radar,493,116,20,1,630,9,15,6,0,30,502,131,26,1,660,0,0,0,660
03/21/2001,MCI,MO,ACE,CE,Towers with Radar,387,97,18,4,506,0,0,15,20,35,387,97,33,24,541,0,0,0,541
03/22/2001,MCI,MO,ACE,CE,Towers with Radar,509,119,21,0,649,0,8,8,0,16,509,127,29,0,665,0,0,0,665
03/23/2001,MCI,MO,ACE,CE,Towers with Radar,495,109,17,0,621,1,0,6,0,7,496,109,23,0,628,0,0,0,628
03/24/2001,MCI,MO,ACE,CE,Towers with Radar,427,62,12,0,501,1,0,9,0,10,428,62,21,0,511,0,0,0,511
03/25/2001,MCI,MO,ACE,CE,Towers with Radar,402,84,16,0,502,1,0,6,0,7,403,84,22,0,509,0,0,0,509
03/26/2001,MCI,MO,ACE,CE,Towers with Radar,484,104,21,5,614,1,1,8,0,10,485,105,29,5,624,0,0,0,624
03/27/2001,MCI,MO,ACE,CE,Towers with Radar,501,125,20,2,648,1,0,6,0,7,502,125,26,2,655,0,0,0,655
03/28/2001,MCI,MO,ACE,CE,Towers with Radar,501,121,28,1,651,1,0,0,0,1,502,121,28,1,652,0,0,0,652
03/29/2001,MCI,MO,ACE,CE,Towers with Radar,550,123,26,9,708,1,0,4,0,5,551,123,30,9,713,0,0,0,713
03/30/2001,MCI,MO,ACE,CE,Towers with Radar,504,119,23,17,663,1,2,6,0,9,505,121,29,17,672,0,0,0,672
03/31/2001,MCI,MO,ACE,CE,Towers with Radar,446,55,27,0,528,2,0,2,0,4,448,55,29,0,532,0,0,0,532
04/01/2001,MCI,MO,ACE,CE,Towers with Radar,448,83,19,2,552,4,2,4,0,10,452,85,23,2,562,0,0,0,562
04/02/2001,MCI,MO,ACE,CE,Towers with Radar,462,98,17,0,577,2,3,1,0,6,464,101,18,0,583,0,0,0,583
04/03/2001,MCI,MO,ACE,CE,Towers with Radar,440,88,13,0,541,63,24,0,0,87,503,112,13,0,628,0,0,0,628
04/04/2001,MCI,MO,ACE,CE,Towers with Radar,498,104,31,1,634,2,3,1,0,6,500,107,32,1,640,0,0,0,640
04/05/2001,MCI,MO,ACE,CE,Towers with Radar,493,110,14,1,618,2,3,2,0,7,495,113,16,1,625,0,0,0,625
04/06/2001,MCI,MO,ACE,CE,Towers with Radar,495,104,17,2,618,2,3,1,0,6,497,107,18,2,624,0,0,0,624
04/07/2001,MCI,MO,ACE,CE,Towers with Radar,405,57,24,0,486,2,3,5,0,10,407,60,29,0,496,0,0,0,496
04/08/2001,MCI,MO,ACE,CE,Towers with Radar,412,68,7,4,491,2,3,4,0,9,414,71,11,4,500,0,0,0,500
04/09/2001,MCI,MO,ACE,CE,Towers with Radar,468,111,39,0,618,3,3,5,0,11,471,114,44,0,629,0,0,0,629
04/10/2001,MCI,MO,ACE,CE,Towers with Radar,489,98,16,0,603,5,10,0,0,15,494,108,16,0,618,0,0,0,618
04/11/2001,MCI,MO,ACE,CE,Towers with Radar,472,108,21,0,601,3,3,1,0,7,475,111,22,0,608,0,0,0,608
04/12/2001,MCI,MO,ACE,CE,Towers with Radar,512,100,22,0,634,3,6,11,0,20,515,106,33,0,654,1,0,1,655
04/13/2001,MCI,MO,ACE,CE,Towers with Radar,496,114,14,0,624,3,3,10,0,16,499,117,24,0,640,0,0,0,640
04/14/2001,MCI,MO,ACE,CE,Towers with Radar,375,50,3,0,428,3,3,7,0,13,378,53,10,0,441,0,0,0,441
04/15/2001,MCI,MO,ACE,CE,Towers with Radar,397,76,8,0,481,3,3,0,0,6,400,79,8,0,487,0,0,0,487
04/16/2001,MCI,MO,ACE,CE,Towers with Radar,462,98,16,2,578,3,3,6,0,12,465,101,22,2,590,0,0,0,590
04/17/2001,MCI,MO,ACE,CE,Towers with Radar,502,108,18,0,628,3,3,12,0,18,505,111,30,0,646,0,0,0,646
04/18/2001,MCI,MO,ACE,CE,Towers with Radar,497,113,19,15,644,3,4,11,0,18,500,117,30,15,662,0,0,0,662
04/19/2001,MCI,MO,ACE,CE,Towers with Radar,456,113,26,0,595,3,2,7,0,12,459,115,33,0,607,1,0,1,608
04/20/2001,MCI,MO,ACE,CE,Towers with Radar,441,102,28,0,571,3,2,4,0,9,444,104,32,0,580,0,0,0,580
04/21/2001,MCI,MO,ACE,CE,Towers with Radar,359,50,12,0,421,3,2,4,0,9,362,52,16,0,430,0,0,0,430
04/22/2001,MCI,MO,ACE,CE,Towers with Radar,393,64,3,0,460,3,2,4,0,9,396,66,7,0,469,0,0,0,469
04/23/2001,MCI,MO,ACE,CE,Towers with Radar,486,111,21,0,618,0,0,4,0,4,486,111,25,0,622,0,0,0,622
04/24/2001,MCI,MO,ACE,CE,Towers with Radar,505,118,23,1,647,0,3,12,10,25,505,121,35,11,672,0,1,1,673
04/25/2001,MCI,MO,ACE,CE,Towers with Radar,462,106,14,2,584,3,7,7,1,18,465,113,21,3,602,0,0,0,602
04/26/2001,MCI,MO,ACE,CE,Towers with Radar,503,113,21,0,637,3,4,12,0,19,506,117,33,0,656,2,0,2,658
04/27/2001,MCI,MO,ACE,CE,Towers with Radar,508,123,24,2,657,3,2,9,0,14,511,125,33,2,671,0,0,0,671
04/28/2001,MCI,MO,ACE,CE,Towers with Radar,394,53,1,2,450,3,2,9,0,14,397,55,10,2,464,0,0,0,464
04/29/2001,MCI,MO,ACE,CE,Towers with Radar,407,74,5,0,486,3,2,11,0,16,410,76,16,0,502,0,0,0,502
04/30/2001,MCI,MO,ACE,CE,Towers with Radar,442,108,26,2,578,3,3,11,0,17,445,111,37,2,595,0,0,0,595
05/01/2001,MCI,MO,ACE,CE,Towers with Radar,514,108,38,3,663,1,1,4,0,6,515,109,42,3,669,0,0,0,669
05/02/2001,MCI,MO,ACE,CE,Towers with Radar,502,124,22,2,650,1,0,7,0,8,503,124,29,2,658,0,0,0,658
05/03/2001,MCI,MO,ACE,CE,Towers with Radar,504,92,18,6,620,1,0,6,0,7,505,92,24,6,627,0,0,0,627
05/04/2001,MCI,MO,ACE,CE,Towers with Radar,509,105,14,0,628,1,0,2,1,4,510,105,16,1,632,0,0,0,632
05/05/2001,MCI,MO,ACE,CE,Towers with Radar,401,65,12,2,480,1,0,3,0,4,402,65,15,2,484,0,0,0,484
05/06/2001,MCI,MO,ACE,CE,Towers with Radar,389,77,12,0,478,1,0,0,0,1,390,77,12,0,479,0,0,0,479
05/07/2001,MCI,MO,ACE,CE,Towers with Radar,475,108,34,0,617,1,4,8,0,13,476,112,42,0,630,0,0,0,630
05/08/2001,MCI,MO,ACE,CE,Towers with Radar,504,112,25,0,641,1,2,25,0,28,505,114,50,0,669,0,0,0,669
05/09/2001,MCI,MO,ACE,CE,Towers with Radar,500,114,33,0,647,1,0,16,0,17,501,114,49,0,664,0,0,0,664
05/10/2001,MCI,MO,ACE,CE,Towers with Radar,512,114,21,0,647,1,0,12,0,13,513,114,33,0,660,2,0,2,662
05/11/2001,MCI,MO,ACE,CE,Towers with Radar,503,100,16,0,619,1,0,2,0,3,504,100,18,0,622,0,0,0,622
05/12/2001,MCI,MO,ACE,CE,Towers with Radar,353,60,9,2,424,1,0,4,1,6,354,60,13,3,430,0,0,0,430
05/13/2001,MCI,MO,ACE,CE,Towers with Radar,410,75,4,0,489,1,0,3,0,4,411,75,7,0,493,0,0,0,493
05/14/2001,MCI,MO,ACE,CE,Towers with Radar,466,102,34,0,602,1,1,14,0,16,467,103,48,0,618,0,0,0,618
05/15/2001,MCI,MO,ACE,CE,Towers with Radar,508,119,50,0,677,1,1,3,0,5,509,120,53,0,682,0,0,0,682
05/16/2001,MCI,MO,ACE,CE,Towers with Radar,511,131,38,2,682,1,3,8,0,12,512,134,46,2,694,0,0,0,694
05/17/2001,MCI,MO,ACE,CE,Towers with Radar,507,115,33,0,655,1,3,4,0,8,508,118,37,0,663,2,0,2,665
05/18/2001,MCI,MO,ACE,CE,Towers with Radar,516,116,28,0,660,0,7,3,0,10,516,123,31,0,670,0,0,0,670
05/19/2001,MCI,MO,ACE,CE,Towers with Radar,405,64,9,0,478,1,0,9,0,10,406,64,18,0,488,0,0,0,488
05/20/2001,MCI,MO,ACE,CE,Towers with Radar,406,73,20,0,499,1,0,5,0,6,407,73,25,0,505,0,0,0,505
05/21/2001,MCI,MO,ACE,CE,Towers with Radar,477,102,17,0,596,1,1,3,1,6,478,103,20,1,602,0,0,0,602
05/22/2001,MCI,MO,ACE,CE,Towers with Radar,509,121,28,1,659,1,1,18,0,20,510,122,46,1,679,2,0,2,681
05/23/2001,MCI,MO,ACE,CE,Towers with Radar,451,112,50,1,614,1,0,9,0,10,452,112,59,1,624,0,0,0,624
05/24/2001,MCI,MO,ACE,CE,Towers with Radar,514,120,33,17,684,1,0,10,0,11,515,120,43,17,695,0,0,0,695
05/25/2001,MCI,MO,ACE,CE,Towers with Radar,508,124,25,2,659,1,0,4,0,5,509,124,29,2,664,0,0,0,664
05/26/2001,MCI,MO,ACE,CE,Towers with Radar,391,65,10,2,468,1,0,7,0,8,392,65,17,2,476,6,0,6,482
05/27/2001,MCI,MO,ACE,CE,Towers with Radar,332,45,6,0,383,1,0,0,0,1,333,45,6,0,384,0,0,0,384
05/28/2001,MCI,MO,ACE,CE,Towers with Radar,408,85,11,0,504,1,1,14,0,16,409,86,25,0,520,0,0,0,520
05/29/2001,MCI,MO,ACE,CE,Towers with Radar,476,106,14,2,598,0,0,3,0,3,476,106,17,2,601,0,0,0,601
05/30/2001,MCI,MO,ACE,CE,Towers with Radar,502,111,21,0,634,0,0,1,0,1,502,111,22,0,635,0,0,0,635
05/31/2001,MCI,MO,ACE,CE,Towers with Radar,511,113,38,1,663,0,0,2,0,2,511,113,40,1,665,0,0,0,665
06/01/2001,MCI,MO,ACE,CE,Towers with Radar,519,120,21,0,660,0,0,6,0,6,519,120,27,0,666,0,0,0,666
06/02/2001,MCI,MO,ACE,CE,Towers with Radar,423,65,15,0,503,0,1,14,0,15,423,66,29,0,518,0,0,0,518
06/03/2001,MCI,MO,ACE,CE,Towers with Radar,400,78,9,4,491,0,0,0,0,0,400,78,9,4,491,0,0,0,491
06/04/2001,MCI,MO,ACE,CE,Towers with Radar,483,101,31,3,618,0,0,2,0,2,483,101,33,3,620,0,0,0,620
06/05/2001,MCI,MO,ACE,CE,Towers with Radar,516,111,14,2,643,0,0,1,0,1,516,111,15,2,644,0,0,0,644
06/06/2001,MCI,MO,ACE,CE,Towers with Radar,504,118,32,0,654,0,0,3,0,3,504,118,35,0,657,0,0,0,657
06/07/2001,MCI,MO,ACE,CE,Towers with Radar,521,123,33,0,677,0,0,3,0,3,521,123,36,0,680,0,0,0,680
06/08/2001,MCI,MO,ACE,CE,Towers with Radar,506,122,26,2,656,0,0,12,0,12,506,122,38,2,668,0,0,0,668
06/09/2001,MCI,MO,ACE,CE,Towers with Radar,410,69,14,0,493,0,0,7,0,7,410,69,21,0,500,0,0,0,500
06/10/2001,MCI,MO,ACE,CE,Towers with Radar,422,83,13,0,518,0,0,13,0,13,422,83,26,0,531,0,0,0,531
06/11/2001,MCI,MO,ACE,CE,Towers with Radar,467,111,25,0,603,0,1,15,0,16,467,112,40,0,619,0,0,0,619
06/12/2001,MCI,MO,ACE,CE,Towers with Radar,546,124,18,2,690,1,2,12,0,15,547,126,30,2,705,0,0,0,705
06/13/2001,MCI,MO,ACE,CE,Towers with Radar,514,134,29,5,682,0,4,9,0,13,514,138,38,5,695,12,8,20,715
06/14/2001,MCI,MO,ACE,CE,Towers with Radar,480,114,95,0,689,0,2,4,0,6,480,116,99,0,695,0,0,0,695
06/15/2001,MCI,MO,ACE,CE,Towers with Radar,505,133,28,18,684,0,2,8,0,10,505,135,36,18,694,7,0,7,701
06/16/2001,MCI,MO,ACE,CE,Towers with Radar,436,67,11,0,514,0,1,3,1,5,436,68,14,1,519,0,0,0,519
06/17/2001,MCI,MO,ACE,CE,Towers with Radar,426,82,14,0,522,0,0,9,1,10,426,82,23,1,532,0,0,0,532
06/18/2001,MCI,MO,ACE,CE,Towers with Radar,456,101,21,1,579,24,9,10,1,44,480,110,31,2,623,8,0,8,631
06/19/2001,MCI,MO,ACE,CE,Towers with Radar,510,112,21,2,645,0,0,0,0,0,510,112,21,2,645,0,0,0,645
06/20/2001,MCI,MO,ACE,CE,Towers with Radar,512,122,22,0,656,0,0,3,0,3,512,122,25,0,659,0,0,0,659
06/21/2001,MCI,MO,ACE,CE,Towers with Radar,514,125,23,2,664,0,0,6,0,6,514,125,29,2,670,0,0,0,670
06/22/2001,MCI,MO,ACE,CE,Towers with Radar,502,127,20,0,649,0,3,14,2,19,502,130,34,2,668,0,0,0,668
06/23/2001,MCI,MO,ACE,CE,Towers with Radar,382,60,12,2,456,0,1,8,0,9,382,61,20,2,465,25,0,25,490
06/24/2001,MCI,MO,ACE,CE,Towers with Radar,432,86,21,0,539,0,0,11,0,11,432,86,32,0,550,0,0,0,550
06/25/2001,MCI,MO,ACE,CE,Towers with Radar,484,112,21,0,617,0,0,8,0,8,484,112,29,0,625,0,0,0,625
06/26/2001,MCI,MO,ACE,CE,Towers with Radar,514,119,14,8,655,0,0,9,0,9,514,119,23,8,664,0,11,11,675
06/27/2001,MCI,MO,ACE,CE,Towers with Radar,511,125,13,2,651,0,0,6,1,7,511,125,19,3,658,1,0,1,659
06/28/2001,MCI,MO,ACE,CE,Towers with Radar,505,137,29,0,671,0,0,4,0,4,505,137,33,0,675,0,0,0,675
06/29/2001,MCI,MO,ACE,CE,Towers with Radar,507,128,24,2,661,0,3,9,0,12,507,131,33,2,673,0,0,0,673
06/30/2001,MCI,MO,ACE,CE,Towers with Radar,422,64,4,0,490,0,1,9,0,10,422,65,13,0,500,0,0,0,500
07/01/2001,MCI,MO,ACE,CE,Towers with Radar,421,80,13,0,514,1,1,4,0,6,422,81,17,0,520,0,0,0,520
07/02/2001,MCI,MO,ACE,CE,Towers with Radar,456,104,4,3,567,0,1,7,0,8,456,105,11,3,575,0,0,0,575
07/03/2001,MCI,MO,ACE,CE,Towers with Radar,484,116,6,0,606,0,1,1,0,2,484,117,7,0,608,4,0,4,612
07/04/2001,MCI,MO,ACE,CE,Towers with Radar,424,55,5,1,485,0,1,7,0,8,424,56,12,1,493,0,0,0,493
07/05/2001,MCI,MO,ACE,CE,Towers with Radar,445,122,15,0,582,0,1,7,0,8,445,123,22,0,590,6,0,6,596
07/06/2001,MCI,MO,ACE,CE,Towers with Radar,489,114,15,3,621,0,2,18,1,21,489,116,33,4,642,0,0,0,642
07/07/2001,MCI,MO,ACE,CE,Towers with Radar,430,60,33,0,523,1,3,8,0,12,431,63,41,0,535,0,0,0,535
07/08/2001,MCI,MO,ACE,CE,Towers with Radar,429,86,27,9,551,0,1,0,1,2,429,87,27,10,553,0,0,0,553
07/09/2001,MCI,MO,ACE,CE,Towers with Radar,474,113,26,1,614,0,0,14,1,15,474,113,40,2,629,0,0,0,629
07/10/2001,MCI,MO,ACE,CE,Towers with Radar,502,105,22,0,629,1,2,5,0,8,503,107,27,0,637,0,0,0,637
07/11/2001,MCI,MO,ACE,CE,Towers with Radar,497,109,21,0,627,1,3,13,1,18,498,112,34,1,645,0,0,0,645
07/12/2001,MCI,MO,ACE,CE,Towers with Radar,510,115,19,2,646,0,0,5,1,6,510,115,24,3,652,5,0,5,657
07/13/2001,MCI,MO,ACE,CE,Towers with Radar,516,123,41,3,683,0,1,10,1,12,516,124,51,4,695,0,0,0,695
07/14/2001,MCI,MO,ACE,CE,Towers with Radar,430,63,15,0,508,0,1,1,0,2,430,64,16,0,510,2,0,2,512
07/15/2001,MCI,MO,ACE,CE,Towers with Radar,368,87,17,0,472,0,3,8,0,11,368,90,25,0,483,0,0,0,483
07/16/2001,MCI,MO,ACE,CE,Towers with Radar,476,108,22,0,606,0,1,4,0,5,476,109,26,0,611,0,0,0,611
07/17/2001,MCI,MO,ACE,CE,Towers with Radar,501,113,23,2,639,0,1,13,0,14,501,114,36,2,653,0,0,0,653
07/18/2001,MCI,MO,ACE,CE,Towers with Radar,511,121,23,7,662,0,2,12,1,15,511,123,35,8,677,0,0,0,677
07/19/2001,MCI,MO,ACE,CE,Towers with Radar,501,113,23,0,637,0,1,6,0,7,501,114,29,0,644,0,0,0,644
07/20/2001,MCI,MO,ACE,CE,Towers with Radar,512,119,21,37,689,0,1,15,0,16,512,120,36,37,705,0,0,0,705
07/21/2001,MCI,MO,ACE,CE,Towers with Radar,427,65,8,2,502,0,1,12,0,13,427,66,20,2,515,0,0,0,515
07/22/2001,MCI,MO,ACE,CE,Towers with Radar,444,92,10,2,548,0,1,6,0,7,444,93,16,2,555,0,0,0,555
07/23/2001,MCI,MO,ACE,CE,Towers with Radar,442,116,20,2,580,0,1,11,0,12,442,117,31,2,592,0,0,0,592
07/24/2001,MCI,MO,ACE,CE,Towers with Radar,514,109,17,5,645,0,2,6,0,8,514,111,23,5,653,9,3,12,665
07/25/2001,MCI,MO,ACE,CE,Towers with Radar,507,110,22,3,642,0,0,1,0,1,507,110,23,3,643,0,0,0,643
07/26/2001,MCI,MO,ACE,CE,Towers with Radar,511,110,28,2,651,0,1,1,0,2,511,111,29,2,653,0,0,0,653
07/27/2001,MCI,MO,ACE,CE,Towers with Radar,516,110,26,20,672,0,1,4,0,5,516,111,30,20,677,0,0,0,677
07/28/2001,MCI,MO,ACE,CE,Towers with Radar,420,61,9,1,491,0,1,0,0,1,420,62,9,1,492,0,0,0,492
07/29/2001,MCI,MO,ACE,CE,Towers with Radar,511,90,14,0,615,0,0,0,0,0,511,90,14,0,615,0,0,0,615
07/30/2001,MCI,MO,ACE,CE,Towers with Radar,479,114,21,1,615,0,1,12,0,13,479,115,33,1,628,0,0,0,628
07/31/2001,MCI,MO,ACE,CE,Towers with Radar,507,117,30,22,676,0,1,12,0,13,507,118,42,22,689,0,0,0,689
08/01/2001,MCI,MO,ACE,CE,Towers with Radar,457,118,21,3,599,3,0,9,0,12,460,118,30,3,611,0,0,0,611
08/02/2001,MCI,MO,ACE,CE,Towers with Radar,458,122,12,6,598,2,0,7,0,9,460,122,19,6,607,0,0,0,607
08/03/2001,MCI,MO,ACE,CE,Towers with Radar,507,127,23,2,659,3,0,6,0,9,510,127,29,2,668,0,0,0,668
08/04/2001,MCI,MO,ACE,CE,Towers with Radar,220,32,13,1,266,0,0,0,0,0,220,32,13,1,266,0,0,0,266
08/05/2001,MCI,MO,ACE,CE,Towers with Radar,432,86,17,6,541,3,0,11,1,15,435,86,28,7,556,0,0,0,556
08/06/2001,MCI,MO,ACE,CE,Towers with Radar,477,115,26,3,621,0,0,15,1,16,477,115,41,4,637,0,0,0,637
08/07/2001,MCI,MO,ACE,CE,Towers with Radar,524,119,14,0,657,3,0,5,0,8,527,119,19,0,665,0,0,0,665
08/08/2001,MCI,MO,ACE,CE,Towers with Radar,505,126,20,1,652,3,0,9,0,12,508,126,29,1,664,2,0,2,666
08/09/2001,MCI,MO,ACE,CE,Towers with Radar,508,118,18,30,674,3,0,7,0,10,511,118,25,30,684,0,0,0,684
08/10/2001,MCI,MO,ACE,CE,Towers with Radar,503,124,25,2,654,3,0,1,0,4,506,124,26,2,658,0,0,0,658
08/11/2001,MCI,MO,ACE,CE,Towers with Radar,375,66,9,4,454,3,0,4,0,7,378,66,13,4,461,0,0,0,461
08/12/2001,MCI,MO,ACE,CE,Towers with Radar,440,91,15,4,550,3,0,9,0,12,443,91,24,4,562,0,0,0,562
08/13/2001,MCI,MO,ACE,CE,Towers with Radar,461,110,23,0,594,35,0,3,0,38,496,110,26,0,632,0,0,0,632
08/14/2001,MCI,MO,ACE,CE,Towers with Radar,525,127,25,4,681,0,0,0,0,0,525,127,25,4,681,0,0,0,681
08/15/2001,MCI,MO,ACE,CE,Towers with Radar,462,111,25,3,601,2,0,3,0,5,464,111,28,3,606,0,0,0,606
08/16/2001,MCI,MO,ACE,CE,Towers with Radar,517,125,40,24,706,2,1,11,0,14,519,126,51,24,720,0,0,0,720
08/17/2001,MCI,MO,ACE,CE,Towers with Radar,514,130,55,2,701,2,0,12,0,14,516,130,67,2,715,0,0,0,715
08/18/2001,MCI,MO,ACE,CE,Towers with Radar,439,73,30,0,542,2,0,7,2,11,441,73,37,2,553,0,0,0,553
08/19/2001,MCI,MO,ACE,CE,Towers with Radar,444,88,32,0,564,2,0,9,0,11,446,88,41,0,575,0,0,0,575
08/20/2001,MCI,MO,ACE,CE,Towers with Radar,492,115,23,1,631,3,0,9,0,12,495,115,32,1,643,0,0,0,643
08/21/2001,MCI,MO,ACE,CE,Towers with Radar,531,125,33,3,692,2,0,16,0,18,533,125,49,3,710,0,0,0,710
08/22/2001,MCI,MO,ACE,CE,Towers with Radar,465,113,27,1,606,2,0,7,0,9,467,113,34,1,615,0,0,0,615
08/23/2001,MCI,MO,ACE,CE,Towers with Radar,541,127,25,2,695,2,0,5,0,7,543,127,30,2,702,0,0,0,702
08/24/2001,MCI,MO,ACE,CE,Towers with Radar,533,128,22,2,685,2,0,4,0,6,535,128,26,2,691,0,0,0,691
08/25/2001,MCI,MO,ACE,CE,Towers with Radar,399,61,14,3,477,2,0,4,0,6,401,61,18,3,483,0,0,0,483
08/26/2001,MCI,MO,ACE,CE,Towers with Radar,434,75,14,0,523,2,0,9,0,11,436,75,23,0,534,2,0,2,536
08/27/2001,MCI,MO,ACE,CE,Towers with Radar,491,113,40,1,645,2,0,15,0,17,493,113,55,1,662,2,0,2,664
08/28/2001,MCI,MO,ACE,CE,Towers with Radar,517,134,39,2,692,2,0,12,0,14,519,134,51,2,706,2,0,2,708
08/29/2001,MCI,MO,ACE,CE,Towers with Radar,515,133,36,0,684,2,0,5,0,7,517,133,41,0,691,0,0,0,691
08/30/2001,MCI,MO,ACE,CE,Towers with Radar,505,119,22,1,647,2,0,7,0,9,507,119,29,1,656,0,0,0,656
08/31/2001,MCI,MO,ACE,CE,Towers with Radar,534,121,13,3,671,2,0,15,0,17,536,121,28,3,688,0,0,0,688
09/01/2001,MCI,MO,ACE,CE,Towers with Radar,411,63,8,0,482,11,0,12,0,23,422,63,20,0,505,0,0,0,505
09/02/2001,MCI,MO,ACE,CE,Towers with Radar,332,51,2,0,385,11,0,6,0,17,343,51,8,0,402,0,0,0,402
09/03/2001,MCI,MO,ACE,CE,Towers with Radar,418,87,17,0,522,11,0,13,0,24,429,87,30,0,546,0,0,0,546
09/04/2001,MCI,MO,ACE,CE,Towers with Radar,427,99,17,0,543,66,16,5,0,87,493,115,22,0,630,0,0,0,630
09/05/2001,MCI,MO,ACE,CE,Towers with Radar,516,112,18,2,648,11,1,12,0,24,527,113,30,2,672,0,0,0,672
09/06/2001,MCI,MO,ACE,CE,Towers with Radar,481,136,30,2,649,11,0,8,0,19,492,136,38,2,668,0,0,0,668
09/07/2001,MCI,MO,ACE,CE,Towers with Radar,446,103,19,0,568,44,32,7,0,83,490,135,26,0,651,0,0,0,651
09/08/2001,MCI,MO,ACE,CE,Towers with Radar,430,94,11,0,535,11,1,0,0,12,441,95,11,0,547,0,0,0,547
09/09/2001,MCI,MO,ACE,CE,Towers with Radar,416,100,19,0,535,11,0,6,0,17,427,100,25,0,552,0,0,0,552
09/10/2001,MCI,MO,ACE,CE,Towers with Radar,468,142,24,1,635,11,1,15,0,27,479,143,39,1,662,0,0,0,662
09/11/2001,MCI,MO,ACE,CE,Towers with Radar,172,32,7,4,215,11,0,2,0,13,183,32,9,4,228,0,0,0,228
09/12/2001,MCI,MO,ACE,CE,Towers with Radar,0,0,0,0,0,0,0,0,0,0,0,0,0,0,0,0,0,0,0
09/13/2001,MCI,MO,ACE,CE,Towers with Radar,62,21,0,0,83,11,0,0,0,11,73,21,0,0,94,0,0,0,94
09/14/2001,MCI,MO,ACE,CE,Towers with Radar,274,117,2,2,395,11,1,0,0,12,285,118,2,2,407,0,0,0,407
09/15/2001,MCI,MO,ACE,CE,Towers with Radar,305,64,10,0,379,11,0,0,0,11,316,64,10,0,390,0,0,0,390
09/16/2001,MCI,MO,ACE,CE,Towers with Radar,356,82,10,0,448,11,0,0,0,11,367,82,10,0,459,0,0,0,459
09/17/2001,MCI,MO,ACE,CE,Towers with Radar,392,98,6,1,497,11,0,0,0,11,403,98,6,1,508,0,0,0,508
09/18/2001,MCI,MO,ACE,CE,Towers with Radar,432,108,14,0,554,11,0,0,0,11,443,108,14,0,565,0,0,0,565
09/19/2001,MCI,MO,ACE,CE,Towers with Radar,461,111,17,0,589,0,0,0,0,0,461,111,17,0,589,0,0,0,589
09/20/2001,MCI,MO,ACE,CE,Towers with Radar,453,114,12,0,579,0,0,0,0,0,453,114,12,0,579,0,0,0,579
09/21/2001,MCI,MO,ACE,CE,Towers with Radar,444,112,19,4,579,11,0,0,0,11,455,112,19,4,590,0,0,0,590
09/22/2001,MCI,MO,ACE,CE,Towers with Radar,376,54,7,2,439,10,1,0,0,11,386,55,7,2,450,0,0,0,450
09/23/2001,MCI,MO,ACE,CE,Towers with Radar,376,53,9,2,440,10,0,0,0,10,386,53,9,2,450,0,0,0,450
09/24/2001,MCI,MO,ACE,CE,Towers with Radar,413,107,22,1,543,10,0,0,0,10,423,107,22,1,553,0,0,0,553
09/25/2001,MCI,MO,ACE,CE,Towers with Radar,458,110,19,1,588,0,0,0,14,14,458,110,19,15,602,0,0,0,602
09/26/2001,MCI,MO,ACE,CE,Towers with Radar,450,109,21,0,580,0,0,12,0,12,450,109,33,0,592,0,0,0,592
09/27/2001,MCI,MO,ACE,CE,Towers with Radar,462,114,20,1,597,0,0,5,0,5,462,114,25,1,602,0,0,0,602
09/28/2001,MCI,MO,ACE,CE,Towers with Radar,457,99,18,1,575,10,0,1,0,11,467,99,19,1,586,0,0,0,586
09/29/2001,MCI,MO,ACE,CE,Towers with Radar,380,52,18,1,451,10,0,0,0,10,390,52,18,1,461,0,0,0,461
09/30/2001,MCI,MO,ACE,CE,Towers with Radar,377,53,35,1,466,10,0,0,0,10,387,53,35,1,476,0,0,0,476
10/01/2001,MCI,MO,ACE,CE,Towers with Radar,429,94,17,1,541,2,1,0,0,3,431,95,17,1,544,0,0,0,544
10/02/2001,MCI,MO,ACE,CE,Towers with Radar,467,101,20,5,593,1,1,0,1,3,468,102,20,6,596,0,0,0,596
10/03/2001,MCI,MO,ACE,CE,Towers with Radar,453,107,17,0,577,1,0,0,0,1,454,107,17,0,578,0,0,0,578
10/04/2001,MCI,MO,ACE,CE,Towers with Radar,452,103,15,0,570,1,0,0,1,2,453,103,15,1,572,0,0,0,572
10/05/2001,MCI,MO,ACE,CE,Towers with Radar,443,112,13,2,570,2,0,0,0,2,445,112,13,2,572,0,0,0,572
10/06/2001,MCI,MO,ACE,CE,Towers with Radar,368,54,5,0,427,2,0,0,0,2,370,54,5,0,429,0,0,0,429
10/07/2001,MCI,MO,ACE,CE,Towers with Radar,378,76,7,0,461,2,0,0,0,2,380,76,7,0,463,0,0,0,463
10/08/2001,MCI,MO,ACE,CE,Towers with Radar,405,107,10,0,522,2,0,0,0,2,407,107,10,0,524,0,0,0,524
10/09/2001,MCI,MO,ACE,CE,Towers with Radar,440,113,18,0,571,2,0,0,0,2,442,113,18,0,573,0,0,0,573
10/10/2001,MCI,MO,ACE,CE,Towers with Radar,447,100,21,25,593,2,0,0,0,2,449,100,21,25,595,0,0,0,595
10/11/2001,MCI,MO,ACE,CE,Towers with Radar,433,103,33,8,577,2,1,1,0,4,435,104,34,8,581,0,0,0,581
10/12/2001,MCI,MO,ACE,CE,Towers with Radar,445,111,25,22,603,2,0,0,0,2,447,111,25,22,605,0,0,0,605
10/13/2001,MCI,MO,ACE,CE,Towers with Radar,368,59,14,0,441,2,0,0,0,2,370,59,14,0,443,0,0,0,443
10/14/2001,MCI,MO,ACE,CE,Towers with Radar,376,67,10,0,453,2,0,0,0,2,378,67,10,0,455,0,0,0,455
10/15/2001,MCI,MO,ACE,CE,Towers with Radar,409,95,11,0,515,2,0,0,0,2,411,95,11,0,517,0,0,0,517
10/16/2001,MCI,MO,ACE,CE,Towers with Radar,433,102,22,3,560,0,0,25,0,25,433,102,47,3,585,0,0,0,585
10/17/2001,MCI,MO,ACE,CE,Towers with Radar,438,119,33,8,598,2,0,4,0,6,440,119,37,8,604,0,0,0,604
10/18/2001,MCI,MO,ACE,CE,Towers with Radar,451,103,20,5,579,2,0,6,1,9,453,103,26,6,588,0,0,0,588
10/19/2001,MCI,MO,ACE,CE,Towers with Radar,435,116,11,1,563,2,0,2,0,4,437,116,13,1,567,0,0,0,567
10/20/2001,MCI,MO,ACE,CE,Towers with Radar,341,65,13,6,425,2,0,5,0,7,343,65,18,6,432,0,0,0,432
10/21/2001,MCI,MO,ACE,CE,Towers with Radar,353,74,9,0,436,2,0,2,0,4,355,74,11,0,440,0,0,0,440
10/22/2001,MCI,MO,ACE,CE,Towers with Radar,412,107,19,6,544,2,0,3,0,5,414,107,22,6,549,0,0,0,549
10/23/2001,MCI,MO,ACE,CE,Towers with Radar,430,100,28,4,562,2,0,1,0,3,432,100,29,4,565,0,0,0,565
10/24/2001,MCI,MO,ACE,CE,Towers with Radar,439,97,22,24,582,1,1,10,0,12,440,98,32,24,594,0,0,0,594
10/25/2001,MCI,MO,ACE,CE,Towers with Radar,457,100,27,4,588,1,1,7,0,9,458,101,34,4,597,0,0,0,597
10/26/2001,MCI,MO,ACE,CE,Towers with Radar,448,101,22,0,571,1,1,9,0,11,449,102,31,0,582,0,0,0,582
10/27/2001,MCI,MO,ACE,CE,Towers with Radar,357,57,5,1,420,1,1,2,0,4,358,58,7,1,424,0,0,0,424
10/28/2001,MCI,MO,ACE,CE,Towers with Radar,345,71,10,3,429,1,1,2,0,4,346,72,12,3,433,0,0,0,433
10/29/2001,MCI,MO,ACE,CE,Towers with Radar,391,98,14,0,503,1,3,0,0,4,392,101,14,0,507,0,0,0,507
10/30/2001,MCI,MO,ACE,CE,Towers with Radar,422,98,22,12,554,1,1,1,0,3,423,99,23,12,557,0,0,0,557
10/31/2001,MCI,MO,ACE,CE,Towers with Radar,423,123,46,6,598,1,1,5,0,7,424,124,51,6,605,0,0,0,605
11/01/2001,MCI,MO,ACE,CE,Towers with Radar,430,110,22,2,564,0,0,7,0,7,430,110,29,2,571,2,0,2,573
11/02/2001,MCI,MO,ACE,CE,Towers with Radar,436,109,25,10,580,0,1,7,0,8,436,110,32,10,588,0,0,0,588
11/03/2001,MCI,MO,ACE,CE,Towers with Radar,360,67,18,0,445,0,0,8,0,8,360,67,26,0,453,0,0,0,453
11/04/2001,MCI,MO,ACE,CE,Towers with Radar,360,85,16,10,471,0,0,2,0,2,360,85,18,10,473,0,0,0,473
11/05/2001,MCI,MO,ACE,CE,Towers with Radar,402,90,22,1,515,0,0,2,0,2,402,90,24,1,517,0,0,0,517
11/06/2001,MCI,MO,ACE,CE,Towers with Radar,429,115,15,11,570,0,0,4,0,4,429,115,19,11,574,0,0,0,574
11/07/2001,MCI,MO,ACE,CE,Towers with Radar,437,110,21,8,576,0,0,7,0,7,437,110,28,8,583,0,0,0,583
11/08/2001,MCI,MO,ACE,CE,Towers with Radar,414,116,15,4,549,0,0,1,0,1,414,116,16,4,550,0,0,0,550
11/09/2001,MCI,MO,ACE,CE,Towers with Radar,434,121,27,2,584,0,0,6,0,6,434,121,33,2,590,0,0,0,590
11/10/2001,MCI,MO,ACE,CE,Towers with Radar,360,58,13,0,431,0,0,6,0,6,360,58,19,0,437,0,0,0,437
11/11/2001,MCI,MO,ACE,CE,Towers with Radar,352,87,14,0,453,0,0,8,0,8,352,87,22,0,461,0,0,0,461
11/12/2001,MCI,MO,ACE,CE,Towers with Radar,399,115,20,0,534,0,0,3,0,3,399,115,23,0,537,0,0,0,537
11/13/2001,MCI,MO,ACE,CE,Towers with Radar,433,122,29,6,590,0,0,0,0,0,433,122,29,6,590,0,0,0,590
11/14/2001,MCI,MO,ACE,CE,Towers with Radar,436,118,37,0,591,0,0,0,0,0,436,118,37,0,591,0,0,0,591
11/15/2001,MCI,MO,ACE,CE,Towers with Radar,436,131,22,0,589,0,0,5,0,5,436,131,27,0,594,0,0,0,594
11/16/2001,MCI,MO,ACE,CE,Towers with Radar,427,124,20,3,574,0,0,8,0,8,427,124,28,3,582,0,0,0,582
11/17/2001,MCI,MO,ACE,CE,Towers with Radar,356,73,10,0,439,0,0,4,0,4,356,73,14,0,443,0,0,0,443
11/18/2001,MCI,MO,ACE,CE,Towers with Radar,360,87,5,0,452,0,0,3,0,3,360,87,8,0,455,0,0,0,455
11/19/2001,MCI,MO,ACE,CE,Towers with Radar,411,107,11,2,531,0,0,1,0,1,411,107,12,2,532,2,0,2,534
11/20/2001,MCI,MO,ACE,CE,Towers with Radar,440,137,23,1,601,0,0,0,0,0,440,137,23,1,601,0,0,0,601
11/21/2001,MCI,MO,ACE,CE,Towers with Radar,457,128,21,1,607,0,0,8,0,8,457,128,29,1,615,0,0,0,615
11/22/2001,MCI,MO,ACE,CE,Towers with Radar,309,45,12,0,366,0,0,4,0,4,309,45,16,0,370,0,0,0,370
11/23/2001,MCI,MO,ACE,CE,Towers with Radar,265,48,15,1,329,0,0,1,0,1,265,48,16,1,330,0,0,0,330
11/24/2001,MCI,MO,ACE,CE,Towers with Radar,328,61,3,0,392,0,0,0,0,0,328,61,3,0,392,0,0,0,392
11/25/2001,MCI,MO,ACE,CE,Towers with Radar,379,91,16,0,486,0,0,2,0,2,379,91,18,0,488,0,0,0,488
11/26/2001,MCI,MO,ACE,CE,Towers with Radar,407,113,21,2,543,0,0,4,0,4,407,113,25,2,547,0,0,0,547
11/27/2001,MCI,MO,ACE,CE,Towers with Radar,445,112,21,3,581,0,0,2,0,2,445,112,23,3,583,0,0,0,583
11/28/2001,MCI,MO,ACE,CE,Towers with Radar,430,118,23,0,571,0,0,0,0,0,430,118,23,0,571,0,0,0,571
11/29/2001,MCI,MO,ACE,CE,Towers with Radar,438,126,19,6,589,0,0,1,0,1,438,126,20,6,590,0,0,0,590
11/30/2001,MCI,MO,ACE,CE,Towers with Radar,443,114,15,0,572,0,0,4,0,4,443,114,19,0,576,0,0,0,576
12/01/2001,MCI,MO,ACE,CE,Towers with Radar,344,75,16,0,435,4,0,8,0,12,348,75,24,0,447,0,0,0,447
12/02/2001,MCI,MO,ACE,CE,Towers with Radar,361,91,6,2,460,4,0,0,0,4,365,91,6,2,464,0,0,0,464
12/03/2001,MCI,MO,ACE,CE,Towers with Radar,410,119,27,3,559,4,0,0,0,4,414,119,27,3,563,0,0,0,563
12/04/2001,MCI,MO,ACE,CE,Towers with Radar,435,138,12,4,589,4,0,3,0,7,439,138,15,4,596,0,0,0,596
12/05/2001,MCI,MO,ACE,CE,Towers with Radar,440,134,20,2,596,4,0,2,0,6,444,134,22,2,602,0,0,0,602
12/06/2001,MCI,MO,ACE,CE,Towers with Radar,428,126,16,3,573,0,10,9,1,20,428,136,25,4,593,0,0,0,593
12/07/2001,MCI,MO,ACE,CE,Towers with Radar,432,142,12,7,593,4,0,8,0,12,436,142,20,7,605,0,0,0,605
12/08/2001,MCI,MO,ACE,CE,Towers with Radar,354,66,11,0,431,4,0,5,0,9,358,66,16,0,440,0,0,0,440
12/09/2001,MCI,MO,ACE,CE,Towers with Radar,352,102,10,0,464,4,0,3,0,7,356,102,13,0,471,0,0,0,471
12/10/2001,MCI,MO,ACE,CE,Towers with Radar,390,135,23,10,558,4,0,6,0,10,394,135,29,10,568,0,0,0,568
12/11/2001,MCI,MO,ACE,CE,Towers with Radar,430,134,15,20,599,4,0,4,0,8,434,134,19,20,607,0,0,0,607
12/12/2001,MCI,MO,ACE,CE,Towers with Radar,432,124,19,4,579,4,0,0,0,4,436,124,19,4,583,0,0,0,583
12/13/2001,MCI,MO,ACE,CE,Towers with Radar,407,132,25,4,568,4,0,3,0,7,411,132,28,4,575,0,0,0,575
12/14/2001,MCI,MO,ACE,CE,Towers with Radar,435,134,17,2,588,4,0,0,0,4,439,134,17,2,592,0,0,0,592
12/15/2001,MCI,MO,ACE,CE,Towers with Radar,357,69,7,0,433,4,0,0,0,4,361,69,7,0,437,0,0,0,437
12/16/2001,MCI,MO,ACE,CE,Towers with Radar,363,74,3,0,440,4,0,0,0,4,367,74,3,0,444,0,0,0,444
12/17/2001,MCI,MO,ACE,CE,Towers with Radar,392,104,22,3,521,4,0,4,0,8,396,104,26,3,529,0,0,0,529
12/18/2001,MCI,MO,ACE,CE,Towers with Radar,434,110,26,0,570,4,0,2,0,6,438,110,28,0,576,0,0,0,576
12/19/2001,MCI,MO,ACE,CE,Towers with Radar,453,119,16,4,592,0,0,11,2,13,453,119,27,6,605,0,0,0,605
12/20/2001,MCI,MO,ACE,CE,Towers with Radar,441,131,24,4,600,4,0,9,0,13,445,131,33,4,613,0,0,0,613
12/21/2001,MCI,MO,ACE,CE,Towers with Radar,458,119,20,4,601,4,0,6,0,10,462,119,26,4,611,0,0,0,611
12/22/2001,MCI,MO,ACE,CE,Towers with Radar,381,57,0,0,438,4,0,1,0,5,385,57,1,0,443,0,0,0,443
12/23/2001,MCI,MO,ACE,CE,Towers with Radar,371,52,12,0,435,4,0,7,0,11,375,52,19,0,446,0,0,0,446
12/24/2001,MCI,MO,ACE,CE,Towers with Radar,317,42,6,0,365,4,0,2,0,6,321,42,8,0,371,0,0,0,371
12/25/2001,MCI,MO,ACE,CE,Towers with Radar,318,44,7,0,369,3,0,1,0,4,321,44,8,0,373,0,0,0,373
12/26/2001,MCI,MO,ACE,CE,Towers with Radar,403,103,12,0,518,3,0,5,0,8,406,103,17,0,526,0,0,0,526
12/27/2001,MCI,MO,ACE,CE,Towers with Radar,437,100,4,0,541,3,0,2,0,5,440,100,6,0,546,0,0,0,546
12/28/2001,MCI,MO,ACE,CE,Towers with Radar,430,99,5,4,538,3,0,2,0,5,433,99,7,4,543,0,0,0,543
12/29/2001,MCI,MO,ACE,CE,Towers with Radar,353,48,5,0,406,3,0,4,0,7,356,48,9,0,413,0,0,0,413
12/30/2001,MCI,MO,ACE,CE,Towers with Radar,367,69,5,0,441,3,0,4,0,7,370,69,9,0,448,0,0,0,448
12/31/2001,MCI,MO,ACE,CE,Towers with Radar,353,39,2,0,394,3,0,2,0,5,356,39,4,0,399,0,0,0,399
01/01/2002,MCI,MO,ACE,CE,Towers with Radar,334,66,7,0,407,4,0,1,0,5,338,66,8,0,412,2,0,2,414
01/02/2002,MCI,MO,ACE,CE,Towers with Radar,401,111,17,0,529,4,0,1,0,5,405,111,18,0,534,0,0,0,534
01/03/2002,MCI,MO,ACE,CE,Towers with Radar,435,120,12,2,569,4,0,5,0,9,439,120,17,2,578,0,0,0,578
01/04/2002,MCI,MO,ACE,CE,Towers with Radar,444,106,17,0,567,4,0,6,0,10,448,106,23,0,577,0,0,0,577
01/05/2002,MCI,MO,ACE,CE,Towers with Radar,360,61,11,0,432,4,0,1,0,5,364,61,12,0,437,0,0,0,437
01/06/2002,MCI,MO,ACE,CE,Towers with Radar,359,83,4,2,448,4,0,0,0,4,363,83,4,2,452,0,0,0,452
01/07/2002,MCI,MO,ACE,CE,Towers with Radar,411,113,12,3,539,4,0,6,0,10,415,113,18,3,549,0,0,0,549
01/08/2002,MCI,MO,ACE,CE,Towers with Radar,446,129,21,2,598,4,0,7,0,11,450,129,28,2,609,0,0,0,609
01/09/2002,MCI,MO,ACE,CE,Towers with Radar,441,115,8,14,578,4,0,5,1,10,445,115,13,15,588,0,0,0,588
01/10/2002,MCI,MO,ACE,CE,Towers with Radar,426,113,14,19,572,4,0,8,0,12,430,113,22,19,584,0,0,0,584
01/11/2002,MCI,MO,ACE,CE,Towers with Radar,440,120,10,4,574,4,1,5,0,10,444,121,15,4,584,0,0,0,584
01/12/2002,MCI,MO,ACE,CE,Towers with Radar,357,84,11,0,452,4,0,4,2,10,361,84,15,2,462,0,0,0,462
01/13/2002,MCI,MO,ACE,CE,Towers with Radar,357,84,11,0,452,4,0,4,0,8,361,84,15,0,460,0,0,0,460
01/14/2002,MCI,MO,ACE,CE,Towers with Radar,398,115,15,0,528,4,0,4,0,8,402,115,19,0,536,0,0,0,536
01/15/2002,MCI,MO,ACE,CE,Towers with Radar,444,122,15,4,585,0,2,6,12,20,444,124,21,16,605,0,0,0,605
01/16/2002,MCI,MO,ACE,CE,Towers with Radar,433,111,7,1,552,4,0,0,0,4,437,111,7,1,556,0,0,0,556
01/17/2002,MCI,MO,ACE,CE,Towers with Radar,449,125,20,2,596,4,1,3,0,8,453,126,23,2,604,2,0,2,606
01/18/2002,MCI,MO,ACE,CE,Towers with Radar,433,112,13,0,558,4,0,3,0,7,437,112,16,0,565,0,0,0,565
01/19/2002,MCI,MO,ACE,CE,Towers with Radar,357,57,5,0,419,4,0,3,0,7,361,57,8,0,426,0,0,0,426
01/20/2002,MCI,MO,ACE,CE,Towers with Radar,348,89,11,0,448,4,0,3,0,7,352,89,14,0,455,0,0,0,455
01/21/2002,MCI,MO,ACE,CE,Towers with Radar,400,112,18,0,530,4,0,5,0,9,404,112,23,0,539,0,0,0,539
01/22/2002,MCI,MO,ACE,CE,Towers with Radar,428,114,11,3,556,4,0,0,0,4,432,114,11,3,560,0,0,0,560
01/23/2002,MCI,MO,ACE,CE,Towers with Radar,446,115,9,0,570,3,0,0,0,3,449,115,9,0,573,2,0,2,575
01/24/2002,MCI,MO,ACE,CE,Towers with Radar,437,125,19,2,583,3,0,7,0,10,440,125,26,2,593,0,0,0,593
01/25/2002,MCI,MO,ACE,CE,Towers with Radar,403,116,14,3,536,0,10,8,0,18,403,126,22,3,554,2,0,2,556
01/26/2002,MCI,MO,ACE,CE,Towers with Radar,367,56,8,0,431,3,0,0,0,3,370,56,8,0,434,0,0,0,434
01/27/2002,MCI,MO,ACE,CE,Towers with Radar,343,80,12,0,435,3,0,6,0,9,346,80,18,0,444,0,0,0,444
01/28/2002,MCI,MO,ACE,CE,Towers with Radar,417,121,29,2,569,3,0,0,0,3,420,121,29,2,572,25,0,25,597
01/29/2002,MCI,MO,ACE,CE,Towers with Radar,425,83,15,0,523,3,0,0,0,3,428,83,15,0,526,0,0,0,526
01/30/2002,MCI,MO,ACE,CE,Towers with Radar,254,23,12,1,290,3,0,0,0,3,257,23,12,1,293,0,0,0,293
01/31/2002,MCI,MO,ACE,CE,Towers with Radar,375,88,8,5,476,3,0,0,0,3,378,88,8,5,479,0,0,0,479
02/01/2002,MCI,MO,ACE,CE,Towers with Radar,449,121,14,0,584,0,1,4,0,5,449,122,18,0,589,0,0,0,589
02/02/2002,MCI,MO,ACE,CE,Towers with Radar,367,53,8,5,433,0,1,6,0,7,367,54,14,5,440,0,0,0,440
02/03/2002,MCI,MO,ACE,CE,Towers with Radar,293,74,6,0,373,73,5,0,0,78,366,79,6,0,451,0,0,0,451
02/04/2002,MCI,MO,ACE,CE,Towers with Radar,403,112,8,0,523,0,1,7,0,8,403,113,15,0,531,0,0,0,531
02/05/2002,MCI,MO,ACE,CE,Towers with Radar,429,154,14,0,597,0,2,7,0,9,429,156,21,0,606,0,0,0,606
02/06/2002,MCI,MO,ACE,CE,Towers with Radar,254,64,8,0,326,189,62,5,0,256,443,126,13,0,582,0,0,0,582
02/07/2002,MCI,MO,ACE,CE,Towers with Radar,439,121,19,1,580,0,1,2,0,3,439,122,21,1,583,2,2,4,587
02/08/2002,MCI,MO,ACE,CE,Towers with Radar,414,90,20,0,524,0,0,5,0,5,414,90,25,0,529,0,0,0,529
02/09/2002,MCI,MO,ACE,CE,Towers with Radar,362,55,4,2,423,0,1,2,0,3,362,56,6,2,426,0,0,0,426
02/10/2002,MCI,MO,ACE,CE,Towers with Radar,297,75,8,0,380,59,7,0,4,70,356,82,8,4,450,0,0,0,450
02/11/2002,MCI,MO,ACE,CE,Towers with Radar,424,118,18,0,560,0,1,7,0,8,424,119,25,0,568,0,0,0,568
02/12/2002,MCI,MO,ACE,CE,Towers with Radar,439,114,16,0,569,0,1,10,0,11,439,115,26,0,580,0,0,0,580
02/13/2002,MCI,MO,ACE,CE,Towers with Radar,447,124,19,4,594,0,1,4,0,5,447,125,23,4,599,0,2,2,601
02/14/2002,MCI,MO,ACE,CE,Towers with Radar,449,127,12,0,588,0,2,5,0,7,449,129,17,0,595,0,0,0,595
02/15/2002,MCI,MO,ACE,CE,Towers with Radar,442,125,20,0,587,0,3,6,0,9,442,128,26,0,596,0,0,0,596
02/16/2002,MCI,MO,ACE,CE,Towers with Radar,366,62,11,0,439,0,1,14,0,15,366,63,25,0,454,0,0,0,454
02/17/2002,MCI,MO,ACE,CE,Towers with Radar,357,72,6,0,435,0,1,7,0,8,357,73,13,0,443,0,0,0,443
02/18/2002,MCI,MO,ACE,CE,Towers with Radar,413,118,15,0,546,0,1,3,0,4,413,119,18,0,550,0,0,0,550
02/19/2002,MCI,MO,ACE,CE,Towers with Radar,433,113,13,2,561,0,1,0,0,1,433,114,13,2,562,0,0,0,562
02/20/2002,MCI,MO,ACE,CE,Towers with Radar,446,119,20,0,585,0,1,2,0,3,446,120,22,0,588,0,0,0,588
02/21/2002,MCI,MO,ACE,CE,Towers with Radar,446,127,24,0,597,0,1,3,0,4,446,128,27,0,601,0,0,0,601
02/22/2002,MCI,MO,ACE,CE,Towers with Radar,459,120,22,2,603,0,2,6,0,8,459,122,28,2,611,0,0,0,611
02/23/2002,MCI,MO,ACE,CE,Towers with Radar,364,56,5,0,425,0,1,8,0,9,364,57,13,0,434,0,0,0,434
02/24/2002,MCI,MO,ACE,CE,Towers with Radar,363,80,7,1,451,0,1,0,0,1,363,81,7,1,452,0,0,0,452
02/25/2002,MCI,MO,ACE,CE,Towers with Radar,414,114,20,2,550,0,1,2,0,3,414,115,22,2,553,0,0,0,553
02/26/2002,MCI,MO,ACE,CE,Towers with Radar,425,108,14,2,549,12,19,12,0,43,437,127,26,2,592,0,0,0,592
02/27/2002,MCI,MO,ACE,CE,Towers with Radar,448,119,13,1,581,0,0,6,0,6,448,119,19,1,587,0,0,0,587
02/28/2002,MCI,MO,ACE,CE,Towers with Radar,451,123,17,5,596,0,0,8,0,8,451,123,25,5,604,0,0,0,604
03/01/2002,MCI,MO,ACE,CE,Towers with Radar,442,116,12,2,572,0,1,0,2,3,442,117,12,4,575,0,0,0,575
03/02/2002,MCI,MO,ACE,CE,Towers with Radar,350,51,5,1,407,0,1,0,0,1,350,52,5,1,408,0,0,0,408
03/03/2002,MCI,MO,ACE,CE,Towers with Radar,354,72,11,1,438,0,1,4,0,5,354,73,15,1,443,0,0,0,443
03/04/2002,MCI,MO,ACE,CE,Towers with Radar,422,107,23,2,554,0,1,2,0,3,422,108,25,2,557,0,0,0,557
03/05/2002,MCI,MO,ACE,CE,Towers with Radar,445,109,7,4,565,0,1,7,0,8,445,110,14,4,573,0,0,0,573
03/06/2002,MCI,MO,ACE,CE,Towers with Radar,442,117,15,16,590,0,1,11,0,12,442,118,26,16,602,0,0,0,602
03/07/2002,MCI,MO,ACE,CE,Towers with Radar,448,117,24,5,594,0,1,1,0,2,448,118,25,5,596,0,0,0,596
03/08/2002,MCI,MO,ACE,CE,Towers with Radar,439,116,13,0,568,0,1,0,0,1,439,117,13,0,569,2,0,2,571
03/09/2002,MCI,MO,ACE,CE,Towers with Radar,346,62,2,0,410,0,1,4,0,5,346,63,6,0,415,0,0,0,415
03/10/2002,MCI,MO,ACE,CE,Towers with Radar,369,61,24,0,454,0,0,8,0,8,369,61,32,0,462,0,0,0,462
03/11/2002,MCI,MO,ACE,CE,Towers with Radar,397,103,14,0,514,0,0,7,0,7,397,103,21,0,521,0,0,0,521
03/12/2002,MCI,MO,ACE,CE,Towers with Radar,445,102,19,10,576,0,0,11,0,11,445,102,30,10,587,0,0,0,587
03/13/2002,MCI,MO,ACE,CE,Towers with Radar,445,108,17,1,571,0,0,5,0,5,445,108,22,1,576,0,0,0,576
03/14/2002,MCI,MO,ACE,CE,Towers with Radar,450,110,31,11,602,0,0,0,1,1,450,110,31,12,603,0,0,0,603
03/15/2002,MCI,MO,ACE,CE,Towers with Radar,445,105,17,2,569,0,4,13,2,19,445,109,30,4,588,0,0,0,588
03/16/2002,MCI,MO,ACE,CE,Towers with Radar,386,67,6,2,461,0,0,9,0,9,386,67,15,2,470,0,0,0,470
03/17/2002,MCI,MO,ACE,CE,Towers with Radar,364,66,16,0,446,0,0,3,0,3,364,66,19,0,449,0,0,0,449
03/18/2002,MCI,MO,ACE,CE,Towers with Radar,392,91,22,0,505,0,0,6,0,6,392,91,28,0,511,0,0,0,511
03/19/2002,MCI,MO,ACE,CE,Towers with Radar,445,114,26,0,585,0,0,0,0,0,445,114,26,0,585,0,0,0,585
03/20/2002,MCI,MO,ACE,CE,Towers with Radar,432,112,25,4,573,0,0,10,1,11,432,112,35,5,584,2,0,2,586
03/21/2002,MCI,MO,ACE,CE,Towers with Radar,446,112,28,2,588,0,0,13,0,13,446,112,41,2,601,0,0,0,601
03/22/2002,MCI,MO,ACE,CE,Towers with Radar,449,112,12,4,577,0,0,5,0,5,449,112,17,4,582,0,0,0,582
03/23/2002,MCI,MO,ACE,CE,Towers with Radar,331,65,13,0,409,37,0,3,0,40,368,65,16,0,449,0,0,0,449
03/24/2002,MCI,MO,ACE,CE,Towers with Radar,370,69,13,0,452,0,0,1,0,1,370,69,14,0,453,0,0,0,453
03/25/2002,MCI,MO,ACE,CE,Towers with Radar,418,108,13,2,541,0,0,1,0,1,418,108,14,2,542,0,0,0,542
03/26/2002,MCI,MO,ACE,CE,Towers with Radar,450,113,15,4,582,0,0,14,0,14,450,113,29,4,596,2,0,2,598
03/27/2002,MCI,MO,ACE,CE,Towers with Radar,448,118,27,4,597,0,0,12,0,12,448,118,39,4,609,2,0,2,611
03/28/2002,MCI,MO,ACE,CE,Towers with Radar,443,123,17,0,583,0,1,21,0,22,443,124,38,0,605,0,0,0,605
03/29/2002,MCI,MO,ACE,CE,Towers with Radar,455,104,14,0,573,0,0,9,0,9,455,104,23,0,582,0,0,0,582
03/30/2002,MCI,MO,ACE,CE,Towers with Radar,368,50,9,0,427,0,0,3,0,3,368,50,12,0,430,0,0,0,430
03/31/2002,MCI,MO,ACE,CE,Towers with Radar,359,64,7,0,430,0,0,2,0,2,359,64,9,0,432,0,0,0,432
04/01/2002,MCI,MO,ACE,CE,Towers with Radar,403,92,31,4,530,2,1,0,0,3,405,93,31,4,533,0,0,0,533
04/02/2002,MCI,MO,ACE,CE,Towers with Radar,458,111,22,0,591,1,1,0,0,2,459,112,22,0,593,0,0,0,593
04/03/2002,MCI,MO,ACE,CE,Towers with Radar,439,108,18,2,567,0,2,1,0,3,439,110,19,2,570,0,0,0,570
04/04/2002,MCI,MO,ACE,CE,Towers with Radar,453,112,25,2,592,0,2,5,0,7,453,114,30,2,599,0,0,0,599
04/05/2002,MCI,MO,ACE,CE,Towers with Radar,436,105,16,0,557,0,2,0,0,2,436,107,16,0,559,0,0,0,559
04/06/2002,MCI,MO,ACE,CE,Towers with Radar,353,58,33,0,444,0,2,2,0,4,353,60,35,0,448,6,0,6,454
04/07/2002,MCI,MO,ACE,CE,Towers with Radar,354,69,15,2,440,0,2,0,0,2,354,71,15,2,442,0,0,0,442
04/08/2002,MCI,MO,ACE,CE,Towers with Radar,417,114,31,4,566,0,2,0,0,2,417,116,31,4,568,0,0,0,568
04/09/2002,MCI,MO,ACE,CE,Towers with Radar,477,113,20,0,610,0,2,0,0,2,477,115,20,0,612,0,0,0,612
04/10/2002,MCI,MO,ACE,CE,Towers with Radar,467,115,22,2,606,0,2,4,0,6,467,117,26,2,612,0,0,0,612
04/11/2002,MCI,MO,ACE,CE,Towers with Radar,460,109,19,4,592,0,2,0,0,2,460,111,19,4,594,0,0,0,594
04/12/2002,MCI,MO,ACE,CE,Towers with Radar,442,103,34,2,581,0,2,0,0,2,442,105,34,2,583,0,0,0,583
04/13/2002,MCI,MO,ACE,CE,Towers with Radar,360,62,16,0,438,0,2,0,0,2,360,64,16,0,440,0,0,0,440
04/14/2002,MCI,MO,ACE,CE,Towers with Radar,360,71,16,0,447,0,2,1,0,3,360,73,17,0,450,0,0,0,450
04/15/2002,MCI,MO,ACE,CE,Towers with Radar,418,98,35,2,553,0,4,2,0,6,418,102,37,2,559,0,0,0,559
04/16/2002,MCI,MO,ACE,CE,Towers with Radar,442,121,14,2,579,0,2,0,0,2,442,123,14,2,581,0,0,0,581
04/17/2002,MCI,MO,ACE,CE,Towers with Radar,453,110,41,6,610,0,2,0,0,2,453,112,41,6,612,0,0,0,612
04/18/2002,MCI,MO,ACE,CE,Towers with Radar,446,116,38,13,613,0,1,0,1,2,446,117,38,14,615,0,12,12,627
04/19/2002,MCI,MO,ACE,CE,Towers with Radar,456,106,17,2,581,0,2,0,0,2,456,108,17,2,583,0,0,0,583
04/20/2002,MCI,MO,ACE,CE,Towers with Radar,309,53,7,0,369,59,0,0,0,59,368,53,7,0,428,0,0,0,428
04/21/2002,MCI,MO,ACE,CE,Towers with Radar,361,65,16,1,443,0,0,0,0,0,361,65,16,1,443,0,0,0,443
04/22/2002,MCI,MO,ACE,CE,Towers with Radar,422,112,32,0,566,0,1,2,0,3,422,113,34,0,569,0,0,0,569
04/23/2002,MCI,MO,ACE,CE,Towers with Radar,457,109,27,1,594,0,1,0,0,1,457,110,27,1,595,0,0,0,595
04/24/2002,MCI,MO,ACE,CE,Towers with Radar,463,109,30,1,603,0,1,0,0,1,463,110,30,1,604,0,0,0,604
04/25/2002,MCI,MO,ACE,CE,Towers with Radar,470,114,37,13,634,0,1,4,0,5,470,115,41,13,639,0,0,0,639
04/26/2002,MCI,MO,ACE,CE,Towers with Radar,464,109,25,0,598,0,1,0,0,1,464,110,25,0,599,2,0,2,601
04/27/2002,MCI,MO,ACE,CE,Towers with Radar,354,65,9,0,428,0,1,0,0,1,354,66,9,0,429,0,0,0,429
04/28/2002,MCI,MO,ACE,CE,Towers with Radar,363,66,26,0,455,0,1,0,0,1,363,67,26,0,456,0,0,0,456
04/29/2002,MCI,MO,ACE,CE,Towers with Radar,436,113,32,2,583,0,1,4,0,5,436,114,36,2,588,2,0,2,590
04/30/2002,MCI,MO,ACE,CE,Towers with Radar,460,115,19,2,596,1,1,0,0,2,461,116,19,2,598,0,0,0,598
05/01/2002,MCI,MO,ACE,CE,Towers with Radar,447,116,18,0,581,0,0,0,0,0,447,116,18,0,581,0,0,0,581
05/02/2002,MCI,MO,ACE,CE,Towers with Radar,472,118,21,2,613,0,0,20,2,22,472,118,41,4,635,0,0,0,635
05/03/2002,MCI,MO,ACE,CE,Towers with Radar,455,126,23,2,606,0,2,5,0,7,455,128,28,2,613,0,0,0,613
05/04/2002,MCI,MO,ACE,CE,Towers with Radar,364,62,10,0,436,0,0,10,0,10,364,62,20,0,446,0,0,0,446
05/05/2002,MCI,MO,ACE,CE,Towers with Radar,360,78,25,2,465,0,0,3,0,3,360,78,28,2,468,0,0,0,468
05/06/2002,MCI,MO,ACE,CE,Towers with Radar,416,102,17,1,536,15,16,2,6,39,431,118,19,7,575,0,0,0,575
05/07/2002,MCI,MO,ACE,CE,Towers with Radar,442,139,0,0,581,0,0,0,33,33,442,139,0,33,614,0,0,0,614
05/08/2002,MCI,MO,ACE,CE,Towers with Radar,437,119,41,2,599,0,0,1,0,1,437,119,42,2,600,2,0,2,602
05/09/2002,MCI,MO,ACE,CE,Towers with Radar,332,81,14,1,428,148,47,19,12,226,480,128,33,13,654,0,0,0,654
05/10/2002,MCI,MO,ACE,CE,Towers with Radar,480,125,30,2,637,0,0,10,0,10,480,125,40,2,647,0,0,0,647
05/11/2002,MCI,MO,ACE,CE,Towers with Radar,355,55,8,1,419,0,0,0,0,0,355,55,8,1,419,0,0,0,419
05/12/2002,MCI,MO,ACE,CE,Towers with Radar,353,103,12,0,468,0,0,0,0,0,353,103,12,0,468,0,0,0,468
05/13/2002,MCI,MO,ACE,CE,Towers with Radar,425,126,19,0,570,0,0,6,0,6,425,126,25,0,576,0,0,0,576
05/14/2002,MCI,MO,ACE,CE,Towers with Radar,457,125,14,1,597,0,1,14,0,15,457,126,28,1,612,0,0,0,612
05/15/2002,MCI,MO,ACE,CE,Towers with Radar,458,119,18,0,595,0,0,2,0,2,458,119,20,0,597,0,0,0,597
05/16/2002,MCI,MO,ACE,CE,Towers with Radar,473,118,11,4,606,0,1,3,0,4,473,119,14,4,610,0,0,0,610
05/17/2002,MCI,MO,ACE,CE,Towers with Radar,459,118,21,0,598,0,1,0,0,1,459,119,21,0,599,0,0,0,599
05/18/2002,MCI,MO,ACE,CE,Towers with Radar,374,52,11,0,437,0,1,3,0,4,374,53,14,0,441,0,0,0,441
05/19/2002,MCI,MO,ACE,CE,Towers with Radar,371,68,12,0,451,0,0,2,0,2,371,68,14,0,453,0,0,0,453
05/20/2002,MCI,MO,ACE,CE,Towers with Radar,440,114,23,4,581,0,0,10,0,10,440,114,33,4,591,0,0,0,591
05/21/2002,MCI,MO,ACE,CE,Towers with Radar,466,114,27,0,607,0,0,8,0,8,466,114,35,0,615,0,0,0,615
05/22/2002,MCI,MO,ACE,CE,Towers with Radar,464,120,10,3,597,0,0,6,0,6,464,120,16,3,603,2,4,6,609
05/23/2002,MCI,MO,ACE,CE,Towers with Radar,463,120,27,1,611,0,0,0,0,0,463,120,27,1,611,2,0,2,613
05/24/2002,MCI,MO,ACE,CE,Towers with Radar,462,127,13,1,603,0,0,2,0,2,462,127,15,1,605,0,0,0,605
05/25/2002,MCI,MO,ACE,CE,Towers with Radar,324,51,12,0,387,50,0,0,0,50,374,51,12,0,437,2,0,2,439
05/26/2002,MCI,MO,ACE,CE,Towers with Radar,316,49,6,1,372,0,2,10,0,12,316,51,16,1,384,0,0,0,384
05/27/2002,MCI,MO,ACE,CE,Towers with Radar,391,77,5,0,473,0,0,3,0,3,391,77,8,0,476,0,0,0,476
05/28/2002,MCI,MO,ACE,CE,Towers with Radar,438,108,18,4,568,0,0,2,0,2,438,108,20,4,570,0,0,0,570
05/29/2002,MCI,MO,ACE,CE,Towers with Radar,460,116,23,2,601,0,0,9,0,9,460,116,32,2,610,0,0,0,610
05/30/2002,MCI,MO,ACE,CE,Towers with Radar,464,134,27,9,634,0,0,11,0,11,464,134,38,9,645,0,0,0,645
05/31/2002,MCI,MO,ACE,CE,Towers with Radar,470,117,17,6,610,0,1,14,0,15,470,118,31,6,625,0,0,0,625
06/01/2002,MCI,MO,ACE,CE,Towers with Radar,384,53,8,0,445,0,1,7,0,8,384,54,15,0,453,0,0,0,453
06/02/2002,MCI,MO,ACE,CE,Towers with Radar,375,67,11,2,455,0,0,0,0,0,375,67,11,2,455,0,0,0,455
06/03/2002,MCI,MO,ACE,CE,Towers with Radar,434,108,11,0,553,0,1,6,0,7,434,109,17,0,560,0,0,0,560
06/04/2002,MCI,MO,ACE,CE,Towers with Radar,449,122,7,2,580,0,1,1,0,2,449,123,8,2,582,0,0,0,582
06/05/2002,MCI,MO,ACE,CE,Towers with Radar,464,115,20,4,603,0,1,7,0,8,464,116,27,4,611,0,0,0,611
06/06/2002,MCI,MO,ACE,CE,Towers with Radar,482,118,22,0,622,0,1,12,0,13,482,119,34,0,635,0,0,0,635
06/07/2002,MCI,MO,ACE,CE,Towers with Radar,483,128,11,0,622,0,1,17,0,18,483,129,28,0,640,0,0,0,640
06/08/2002,MCI,MO,ACE,CE,Towers with Radar,403,58,14,0,475,0,1,3,0,4,403,59,17,0,479,0,0,0,479
06/09/2002,MCI,MO,ACE,CE,Towers with Radar,403,80,5,0,488,0,1,5,0,6,403,81,10,0,494,0,0,0,494
06/10/2002,MCI,MO,ACE,CE,Towers with Radar,436,111,10,2,559,0,1,4,0,5,436,112,14,2,564,0,0,0,564
06/11/2002,MCI,MO,ACE,CE,Towers with Radar,447,128,24,8,607,0,1,1,0,2,447,129,25,8,609,0,0,0,609
06/12/2002,MCI,MO,ACE,CE,Towers with Radar,506,119,25,2,652,0,0,8,0,8,506,119,33,2,660,0,0,0,660
06/13/2002,MCI,MO,ACE,CE,Towers with Radar,469,128,21,4,622,0,1,2,0,3,469,129,23,4,625,6,0,6,631
06/14/2002,MCI,MO,ACE,CE,Towers with Radar,443,113,17,2,575,0,1,10,0,11,443,114,27,2,586,0,0,0,586
06/15/2002,MCI,MO,ACE,CE,Towers with Radar,396,55,4,0,455,0,1,8,0,9,396,56,12,0,464,0,0,0,464
06/16/2002,MCI,MO,ACE,CE,Towers with Radar,395,77,9,1,482,0,2,2,2,6,395,79,11,3,488,0,0,0,488
06/17/2002,MCI,MO,ACE,CE,Towers with Radar,442,117,19,0,578,0,1,8,0,9,442,118,27,0,587,0,0,0,587
06/18/2002,MCI,MO,ACE,CE,Towers with Radar,489,127,19,0,635,0,1,10,0,11,489,128,29,0,646,0,0,0,646
06/19/2002,MCI,MO,ACE,CE,Towers with Radar,477,122,29,0,628,0,1,26,0,27,477,123,55,0,655,0,0,0,655
06/20/2002,MCI,MO,ACE,CE,Towers with Radar,494,125,26,0,645,0,1,6,0,7,494,126,32,0,652,12,0,12,664
06/21/2002,MCI,MO,ACE,CE,Towers with Radar,479,118,20,3,620,0,2,10,2,14,479,120,30,5,634,0,0,0,634
06/22/2002,MCI,MO,ACE,CE,Towers with Radar,301,51,10,1,363,61,0,0,1,62,362,51,10,2,425,0,0,0,425
06/23/2002,MCI,MO,ACE,CE,Towers with Radar,382,73,6,0,461,0,0,4,0,4,382,73,10,0,465,0,0,0,465
06/24/2002,MCI,MO,ACE,CE,Towers with Radar,456,111,15,5,587,0,0,4,0,4,456,111,19,5,591,0,0,0,591
06/25/2002,MCI,MO,ACE,CE,Towers with Radar,449,127,11,10,597,0,0,11,0,11,449,127,22,10,608,5,0,5,613
06/26/2002,MCI,MO,ACE,CE,Towers with Radar,428,105,23,2,558,0,1,5,0,6,428,106,28,2,564,0,0,0,564
06/27/2002,MCI,MO,ACE,CE,Towers with Radar,464,118,17,0,599,0,0,17,0,17,464,118,34,0,616,0,0,0,616
06/28/2002,MCI,MO,ACE,CE,Towers with Radar,490,134,21,0,645,0,0,5,1,6,490,134,26,1,651,0,0,0,651
06/29/2002,MCI,MO,ACE,CE,Towers with Radar,416,59,7,2,484,0,0,5,0,5,416,59,12,2,489,0,0,0,489
06/30/2002,MCI,MO,ACE,CE,Towers with Radar,397,77,15,0,489,0,0,14,0,14,397,77,29,0,503,0,0,0,503
07/01/2002,MCI,MO,ACE,CE,Towers with Radar,422,93,17,3,535,34,15,7,0,56,456,108,24,3,591,3,0,3,594
07/02/2002,MCI,MO,ACE,CE,Towers with Radar,480,115,22,0,617,0,6,14,0,20,480,121,36,0,637,0,0,0,637
07/03/2002,MCI,MO,ACE,CE,Towers with Radar,468,107,21,0,596,0,13,13,0,26,468,120,34,0,622,0,0,0,622
07/04/2002,MCI,MO,ACE,CE,Towers with Radar,305,62,13,0,380,73,0,1,0,74,378,62,14,0,454,0,0,0,454
07/05/2002,MCI,MO,ACE,CE,Towers with Radar,321,56,10,0,387,33,0,0,0,33,354,56,10,0,420,0,0,0,420
07/06/2002,MCI,MO,ACE,CE,Towers with Radar,322,53,14,0,389,83,0,8,0,91,405,53,22,0,480,0,0,0,480
07/07/2002,MCI,MO,ACE,CE,Towers with Radar,401,72,16,0,489,0,0,14,0,14,401,72,30,0,503,0,0,0,503
07/08/2002,MCI,MO,ACE,CE,Towers with Radar,451,101,21,3,576,0,2,2,3,7,451,103,23,6,583,2,4,6,589
07/09/2002,MCI,MO,ACE,CE,Towers with Radar,473,107,22,2,604,0,0,6,0,6,473,107,28,2,610,0,0,0,610
07/10/2002,MCI,MO,ACE,CE,Towers with Radar,461,102,21,3,587,0,1,6,1,8,461,103,27,4,595,0,0,0,595
07/11/2002,MCI,MO,ACE,CE,Towers with Radar,483,111,23,4,621,0,0,13,7,20,483,111,36,11,641,0,14,14,655
07/12/2002,MCI,MO,ACE,CE,Towers with Radar,478,107,15,0,600,0,4,0,0,4,478,111,15,0,604,0,0,0,604
07/13/2002,MCI,MO,ACE,CE,Towers with Radar,369,56,16,0,441,34,0,0,0,34,403,56,16,0,475,0,0,0,475
07/14/2002,MCI,MO,ACE,CE,Towers with Radar,349,69,16,2,436,49,0,3,0,52,398,69,19,2,488,0,0,0,488
07/15/2002,MCI,MO,ACE,CE,Towers with Radar,423,92,18,2,535,24,21,6,0,51,447,113,24,2,586,10,0,10,596
07/16/2002,MCI,MO,ACE,CE,Towers with Radar,481,101,23,2,607,0,0,0,0,0,481,101,23,2,607,0,0,0,607
07/17/2002,MCI,MO,ACE,CE,Towers with Radar,463,112,23,3,601,0,13,7,0,20,463,125,30,3,621,14,0,14,635
07/18/2002,MCI,MO,ACE,CE,Towers with Radar,486,112,23,2,623,0,9,11,0,20,486,121,34,2,643,2,0,2,645
07/19/2002,MCI,MO,ACE,CE,Towers with Radar,478,106,22,3,609,0,16,3,1,20,478,122,25,4,629,0,0,0,629
07/20/2002,MCI,MO,ACE,CE,Towers with Radar,358,55,11,0,424,58,0,0,0,58,416,55,11,0,482,2,0,2,484
07/21/2002,MCI,MO,ACE,CE,Towers with Radar,238,80,5,2,325,0,168,0,8,176,238,248,5,10,501,0,0,0,501
07/22/2002,MCI,MO,ACE,CE,Towers with Radar,443,98,20,2,563,0,14,8,10,32,443,112,28,12,595,0,0,0,595
07/23/2002,MCI,MO,ACE,CE,Towers with Radar,476,112,14,2,604,0,10,0,0,10,476,122,14,2,614,0,0,0,614
07/24/2002,MCI,MO,ACE,CE,Towers with Radar,472,102,23,1,598,0,0,24,0,24,472,102,47,1,622,2,0,2,624
07/25/2002,MCI,MO,ACE,CE,Towers with Radar,467,110,22,2,601,0,4,17,2,23,467,114,39,4,624,0,0,0,624
07/26/2002,MCI,MO,ACE,CE,Towers with Radar,441,97,19,0,557,0,10,19,0,29,441,107,38,0,586,0,0,0,586
07/27/2002,MCI,MO,ACE,CE,Towers with Radar,335,63,15,1,414,79,0,12,1,92,414,63,27,2,506,0,0,0,506
07/28/2002,MCI,MO,ACE,CE,Towers with Radar,341,72,14,0,427,39,0,12,0,51,380,72,26,0,478,0,0,0,478
07/29/2002,MCI,MO,ACE,CE,Towers with Radar,444,102,19,2,567,0,4,7,2,13,444,106,26,4,580,0,0,0,580
07/30/2002,MCI,MO,ACE,CE,Towers with Radar,404,99,19,1,523,0,18,6,0,24,404,117,25,1,547,0,0,0,547
07/31/2002,MCI,MO,ACE,CE,Towers with Radar,376,94,17,2,489,0,16,0,1,17,376,110,17,3,506,0,0,0,506
08/01/2002,MCI,MO,ACE,CE,Towers with Radar,405,112,20,2,539,2,0,3,0,5,407,112,23,2,544,0,0,0,544
08/02/2002,MCI,MO,ACE,CE,Towers with Radar,410,118,25,0,553,0,0,7,0,7,410,118,32,0,560,0,0,0,560
08/03/2002,MCI,MO,ACE,CE,Towers with Radar,339,55,7,0,401,2,33,166,4,205,341,88,173,4,606,0,0,0,606
08/04/2002,MCI,MO,ACE,CE,Towers with Radar,328,68,18,2,416,0,0,0,0,0,328,68,18,2,416,0,0,0,416
08/05/2002,MCI,MO,ACE,CE,Towers with Radar,379,100,19,4,502,0,0,8,0,8,379,100,27,4,510,0,0,0,510
08/06/2002,MCI,MO,ACE,CE,Towers with Radar,411,114,16,9,550,0,0,5,0,5,411,114,21,9,555,0,0,0,555
08/07/2002,MCI,MO,ACE,CE,Towers with Radar,406,115,15,4,540,0,0,3,0,3,406,115,18,4,543,0,2,2,545
08/08/2002,MCI,MO,ACE,CE,Towers with Radar,422,107,17,7,553,0,0,7,0,7,422,107,24,7,560,0,0,0,560
08/09/2002,MCI,MO,ACE,CE,Towers with Radar,408,105,18,2,533,0,0,9,0,9,408,105,27,2,542,0,0,0,542
08/10/2002,MCI,MO,ACE,CE,Towers with Radar,343,51,7,0,401,0,0,13,0,13,343,51,20,0,414,0,0,0,414
08/11/2002,MCI,MO,ACE,CE,Towers with Radar,334,71,9,0,414,0,0,3,0,3,334,71,12,0,417,0,0,0,417
08/12/2002,MCI,MO,ACE,CE,Towers with Radar,371,107,15,0,493,0,0,2,0,2,371,107,17,0,495,4,0,4,499
08/13/2002,MCI,MO,ACE,CE,Towers with Radar,400,116,4,0,520,0,0,3,0,3,400,116,7,0,523,0,0,0,523
08/14/2002,MCI,MO,ACE,CE,Towers with Radar,405,114,25,0,544,0,0,4,0,4,405,114,29,0,548,0,0,0,548
08/15/2002,MCI,MO,ACE,CE,Towers with Radar,400,100,18,8,526,0,0,5,0,5,400,100,23,8,531,0,6,6,537
08/16/2002,MCI,MO,ACE,CE,Towers with Radar,431,111,19,0,561,0,0,4,0,4,431,111,23,0,565,0,0,0,565
08/17/2002,MCI,MO,ACE,CE,Towers with Radar,343,55,12,0,410,0,0,5,0,5,343,55,17,0,415,0,0,0,415
08/18/2002,MCI,MO,ACE,CE,Towers with Radar,328,74,20,0,422,0,1,7,0,8,328,75,27,0,430,2,0,2,432
08/19/2002,MCI,MO,ACE,CE,Towers with Radar,374,98,14,6,492,0,0,6,0,6,374,98,20,6,498,2,0,2,500
08/20/2002,MCI,MO,ACE,CE,Towers with Radar,400,107,14,1,522,0,1,4,0,5,400,108,18,1,527,0,0,0,527
08/21/2002,MCI,MO,ACE,CE,Towers with Radar,416,120,22,0,558,0,0,4,0,4,416,120,26,0,562,0,0,0,562
08/22/2002,MCI,MO,ACE,CE,Towers with Radar,405,108,13,4,530,0,1,5,0,6,405,109,18,4,536,0,0,0,536
08/23/2002,MCI,MO,ACE,CE,Towers with Radar,409,110,20,4,543,0,0,5,0,5,409,110,25,4,548,0,0,0,548
08/24/2002,MCI,MO,ACE,CE,Towers with Radar,342,47,10,1,400,0,0,3,1,4,342,47,13,2,404,0,0,0,404
08/25/2002,MCI,MO,ACE,CE,Towers with Radar,321,69,15,1,406,0,0,12,1,13,321,69,27,2,419,0,0,0,419
08/26/2002,MCI,MO,ACE,CE,Towers with Radar,379,102,26,0,507,0,0,6,0,6,379,102,32,0,513,0,0,0,513
08/27/2002,MCI,MO,ACE,CE,Towers with Radar,403,117,11,1,532,0,0,5,1,6,403,117,16,2,538,0,0,0,538
08/28/2002,MCI,MO,ACE,CE,Towers with Radar,391,111,14,1,517,0,0,2,0,2,391,111,16,1,519,4,0,4,523
08/29/2002,MCI,MO,ACE,CE,Towers with Radar,412,105,20,3,540,0,0,7,0,7,412,105,27,3,547,0,0,0,547
08/30/2002,MCI,MO,ACE,CE,Towers with Radar,406,102,14,0,522,0,7,0,0,7,406,109,14,0,529,0,0,0,529
08/31/2002,MCI,MO,ACE,CE,Towers with Radar,321,48,4,0,373,0,0,2,0,2,321,48,6,0,375,0,0,0,375
09/01/2002,MCI,MO,ACE,CE,Towers with Radar,232,42,5,0,279,6,0,9,0,15,238,42,14,0,294,0,0,0,294
09/02/2002,MCI,MO,ACE,CE,Towers with Radar,314,67,7,0,388,0,0,10,0,10,314,67,17,0,398,0,0,0,398
09/03/2002,MCI,MO,ACE,CE,Towers with Radar,376,99,17,0,492,0,0,17,0,17,376,99,34,0,509,0,0,0,509
09/04/2002,MCI,MO,ACE,CE,Towers with Radar,417,95,18,2,532,0,0,20,0,20,417,95,38,2,552,0,0,0,552
09/05/2002,MCI,MO,ACE,CE,Towers with Radar,406,103,15,2,526,0,0,14,0,14,406,103,29,2,540,0,0,0,540
09/06/2002,MCI,MO,ACE,CE,Towers with Radar,414,101,14,4,533,0,0,10,0,10,414,101,24,4,543,0,0,0,543
09/07/2002,MCI,MO,ACE,CE,Towers with Radar,347,54,6,0,407,0,0,4,0,4,347,54,10,0,411,2,0,2,413
09/08/2002,MCI,MO,ACE,CE,Towers with Radar,335,54,11,4,404,0,0,9,0,9,335,54,20,4,413,0,0,0,413
09/09/2002,MCI,MO,ACE,CE,Towers with Radar,369,86,16,0,471,15,4,9,0,28,384,90,25,0,499,0,0,0,499
09/10/2002,MCI,MO,ACE,CE,Towers with Radar,386,90,18,0,494,0,0,5,0,5,386,90,23,0,499,0,0,0,499
09/11/2002,MCI,MO,ACE,CE,Towers with Radar,382,79,43,2,506,0,0,8,0,8,382,79,51,2,514,0,0,0,514
09/12/2002,MCI,MO,ACE,CE,Towers with Radar,405,108,21,1,535,0,0,21,2,23,405,108,42,3,558,2,0,2,560
09/13/2002,MCI,MO,ACE,CE,Towers with Radar,86,22,3,0,111,328,80,29,3,440,414,102,32,3,551,0,0,0,551
09/14/2002,MCI,MO,ACE,CE,Towers with Radar,301,48,4,1,354,36,0,0,3,39,337,48,4,4,393,0,0,0,393
09/15/2002,MCI,MO,ACE,CE,Towers with Radar,278,52,11,0,341,44,0,4,0,48,322,52,15,0,389,0,0,0,389
09/16/2002,MCI,MO,ACE,CE,Towers with Radar,297,70,13,1,381,82,17,12,3,114,379,87,25,4,495,0,0,0,495
09/17/2002,MCI,MO,ACE,CE,Towers with Radar,348,82,15,1,446,63,20,21,4,108,411,102,36,5,554,2,0,2,556
09/18/2002,MCI,MO,ACE,CE,Towers with Radar,405,96,17,1,519,0,7,12,0,19,405,103,29,1,538,0,0,0,538
09/19/2002,MCI,MO,ACE,CE,Towers with Radar,416,106,27,1,550,0,0,5,0,5,416,106,32,1,555,0,0,0,555
09/20/2002,MCI,MO,ACE,CE,Towers with Radar,422,99,33,2,556,0,0,3,0,3,422,99,36,2,559,0,0,0,559
09/21/2002,MCI,MO,ACE,CE,Towers with Radar,329,46,3,0,378,0,0,5,0,5,329,46,8,0,383,0,0,0,383
09/22/2002,MCI,MO,ACE,CE,Towers with Radar,335,54,12,0,401,0,0,7,0,7,335,54,19,0,408,0,0,0,408
09/23/2002,MCI,MO,ACE,CE,Towers with Radar,375,104,13,0,492,0,0,13,0,13,375,104,26,0,505,0,0,0,505
09/24/2002,MCI,MO,ACE,CE,Towers with Radar,411,109,21,2,543,0,0,12,0,12,411,109,33,2,555,0,0,0,555
09/25/2002,MCI,MO,ACE,CE,Towers with Radar,402,95,21,1,519,0,0,4,3,7,402,95,25,4,526,0,0,0,526
09/26/2002,MCI,MO,ACE,CE,Towers with Radar,411,101,34,0,546,0,0,18,0,18,411,101,52,0,564,0,0,0,564
09/27/2002,MCI,MO,ACE,CE,Towers with Radar,417,100,13,0,530,0,0,3,0,3,417,100,16,0,533,0,0,0,533
09/28/2002,MCI,MO,ACE,CE,Towers with Radar,342,41,15,0,398,0,0,6,0,6,342,41,21,0,404,0,0,0,404
09/29/2002,MCI,MO,ACE,CE,Towers with Radar,332,53,36,4,425,0,0,10,0,10,332,53,46,4,435,0,0,0,435
09/30/2002,MCI,MO,ACE,CE,Towers with Radar,376,91,12,11,490,0,0,11,0,11,376,91,23,11,501,4,10,14,515
10/01/2002,MCI,MO,ACE,CE,Towers with Radar,412,114,24,3,553,0,0,6,0,6,412,114,30,3,559,0,0,0,559
10/02/2002,MCI,MO,ACE,CE,Towers with Radar,408,111,15,2,536,0,0,2,0,2,408,111,17,2,538,0,0,0,538
10/03/2002,MCI,MO,ACE,CE,Towers with Radar,435,94,20,3,552,0,0,1,0,1,435,94,21,3,553,0,0,0,553
10/04/2002,MCI,MO,ACE,CE,Towers with Radar,418,123,13,2,556,0,0,4,0,4,418,123,17,2,560,0,0,0,560
10/05/2002,MCI,MO,ACE,CE,Towers with Radar,346,65,18,0,429,0,0,7,0,7,346,65,25,0,436,0,0,0,436
10/06/2002,MCI,MO,ACE,CE,Towers with Radar,334,63,11,0,408,0,0,6,0,6,334,63,17,0,414,0,0,0,414
10/07/2002,MCI,MO,ACE,CE,Towers with Radar,386,111,27,18,542,0,2,10,0,12,386,113,37,18,554,0,10,10,564
10/08/2002,MCI,MO,ACE,CE,Towers with Radar,431,116,31,5,583,0,0,11,0,11,431,116,42,5,594,0,0,0,594
10/09/2002,MCI,MO,ACE,CE,Towers with Radar,431,108,32,13,584,0,0,8,0,8,431,108,40,13,592,0,0,0,592
10/10/2002,MCI,MO,ACE,CE,Towers with Radar,421,115,10,12,558,0,0,8,1,9,421,115,18,13,567,0,6,6,573
10/11/2002,MCI,MO,ACE,CE,Towers with Radar,414,90,25,0,529,0,0,0,0,0,414,90,25,0,529,0,0,0,529
10/12/2002,MCI,MO,ACE,CE,Towers with Radar,349,63,8,0,420,0,0,0,0,0,349,63,8,0,420,0,0,0,420
10/13/2002,MCI,MO,ACE,CE,Towers with Radar,331,77,16,1,425,0,0,5,0,5,331,77,21,1,430,0,0,0,430
10/14/2002,MCI,MO,ACE,CE,Towers with Radar,385,112,22,2,521,0,0,5,2,7,385,112,27,4,528,0,0,0,528
10/15/2002,MCI,MO,ACE,CE,Towers with Radar,417,114,26,1,558,0,0,12,2,14,417,114,38,3,572,0,0,0,572
10/16/2002,MCI,MO,ACE,CE,Towers with Radar,425,106,20,3,554,0,0,3,0,3,425,106,23,3,557,0,0,0,557
10/17/2002,MCI,MO,ACE,CE,Towers with Radar,417,118,18,2,555,0,0,6,0,6,417,118,24,2,561,0,0,0,561
10/18/2002,MCI,MO,ACE,CE,Towers with Radar,417,121,32,0,570,0,2,4,0,6,417,123,36,0,576,0,0,0,576
10/19/2002,MCI,MO,ACE,CE,Towers with Radar,312,59,7,0,378,0,1,7,0,8,312,60,14,0,386,2,0,2,388
10/20/2002,MCI,MO,ACE,CE,Towers with Radar,325,65,7,4,401,0,0,3,0,3,325,65,10,4,404,0,0,0,404
10/21/2002,MCI,MO,ACE,CE,Towers with Radar,387,105,28,4,524,0,0,6,0,6,387,105,34,4,530,0,0,0,530
10/22/2002,MCI,MO,ACE,CE,Towers with Radar,426,113,41,6,586,0,0,2,0,2,426,113,43,6,588,0,0,0,588
10/23/2002,MCI,MO,ACE,CE,Towers with Radar,414,101,23,0,538,0,0,0,0,0,414,101,23,0,538,0,0,0,538
10/24/2002,MCI,MO,ACE,CE,Towers with Radar,421,103,25,0,549,0,0,0,0,0,421,103,25,0,549,0,0,0,549
10/25/2002,MCI,MO,ACE,CE,Towers with Radar,419,96,19,0,534,0,0,0,0,0,419,96,19,0,534,0,0,0,534
10/26/2002,MCI,MO,ACE,CE,Towers with Radar,343,62,14,6,425,0,0,3,0,3,343,62,17,6,428,0,0,0,428
10/27/2002,MCI,MO,ACE,CE,Towers with Radar,324,70,3,0,397,0,0,0,0,0,324,70,3,0,397,0,0,0,397
10/28/2002,MCI,MO,ACE,CE,Towers with Radar,371,96,18,0,485,0,0,0,0,0,371,96,18,0,485,0,0,0,485
10/29/2002,MCI,MO,ACE,CE,Towers with Radar,413,116,20,5,554,0,0,0,0,0,413,116,20,5,554,0,0,0,554
10/30/2002,MCI,MO,ACE,CE,Towers with Radar,400,121,22,0,543,0,0,1,0,1,400,121,23,0,544,0,0,0,544
10/31/2002,MCI,MO,ACE,CE,Towers with Radar,401,112,18,3,534,0,0,0,0,0,401,112,18,3,534,0,0,0,534
11/01/2002,MCI,MO,ACE,CE,Towers with Radar,408,114,14,2,538,0,3,1,0,4,408,117,15,2,542,0,0,0,542
11/02/2002,MCI,MO,ACE,CE,Towers with Radar,332,73,5,0,410,0,3,0,0,3,332,76,5,0,413,2,0,2,415
11/03/2002,MCI,MO,ACE,CE,Towers with Radar,288,68,9,0,365,39,0,0,0,39,327,68,9,0,404,0,0,0,404
11/04/2002,MCI,MO,ACE,CE,Towers with Radar,361,105,16,1,483,0,3,6,0,9,361,108,22,1,492,0,0,0,492
11/05/2002,MCI,MO,ACE,CE,Towers with Radar,401,106,16,0,523,0,3,0,0,3,401,109,16,0,526,0,0,0,526
11/06/2002,MCI,MO,ACE,CE,Towers with Radar,402,105,23,0,530,0,3,9,0,12,402,108,32,0,542,2,0,2,544
11/07/2002,MCI,MO,ACE,CE,Towers with Radar,414,95,25,0,534,0,3,6,0,9,414,98,31,0,543,0,0,0,543
11/08/2002,MCI,MO,ACE,CE,Towers with Radar,401,105,22,0,528,0,3,3,0,6,401,108,25,0,534,0,0,0,534
11/09/2002,MCI,MO,ACE,CE,Towers with Radar,341,71,11,0,423,0,4,3,0,7,341,75,14,0,430,0,0,0,430
11/10/2002,MCI,MO,ACE,CE,Towers with Radar,322,69,10,0,401,0,0,0,0,0,322,69,10,0,401,0,0,0,401
11/11/2002,MCI,MO,ACE,CE,Towers with Radar,331,81,17,0,429,45,21,0,0,66,376,102,17,0,495,0,0,0,495
11/12/2002,MCI,MO,ACE,CE,Towers with Radar,399,111,17,2,529,0,3,6,0,9,399,114,23,2,538,0,0,0,538
11/13/2002,MCI,MO,ACE,CE,Towers with Radar,399,108,9,2,518,0,0,0,0,0,399,108,9,2,518,0,0,0,518
11/14/2002,MCI,MO,ACE,CE,Towers with Radar,399,99,12,2,512,0,12,0,0,12,399,111,12,2,524,0,0,0,524
11/15/2002,MCI,MO,ACE,CE,Towers with Radar,400,105,16,1,522,0,3,0,0,3,400,108,16,1,525,0,0,0,525
11/16/2002,MCI,MO,ACE,CE,Towers with Radar,333,70,8,0,411,0,3,0,0,3,333,73,8,0,414,0,0,0,414
11/17/2002,MCI,MO,ACE,CE,Towers with Radar,315,65,11,1,392,0,3,4,0,7,315,68,15,1,399,0,0,0,399
11/18/2002,MCI,MO,ACE,CE,Towers with Radar,371,104,12,4,491,0,5,9,0,14,371,109,21,4,505,0,0,0,505
11/19/2002,MCI,MO,ACE,CE,Towers with Radar,393,113,20,0,526,0,3,8,0,11,393,116,28,0,537,0,0,0,537
11/20/2002,MCI,MO,ACE,CE,Towers with Radar,401,123,17,1,542,0,2,11,0,13,401,125,28,1,555,0,0,0,555
11/21/2002,MCI,MO,ACE,CE,Towers with Radar,418,114,33,0,565,0,2,10,0,12,418,116,43,0,577,0,0,0,577
11/22/2002,MCI,MO,ACE,CE,Towers with Radar,415,106,20,6,547,0,4,13,0,17,415,110,33,6,564,0,0,0,564
11/23/2002,MCI,MO,ACE,CE,Towers with Radar,343,81,7,0,431,0,2,3,0,5,343,83,10,0,436,0,0,0,436
11/24/2002,MCI,MO,ACE,CE,Towers with Radar,327,71,7,2,407,0,2,0,0,2,327,73,7,2,409,0,0,0,409
11/25/2002,MCI,MO,ACE,CE,Towers with Radar,369,103,27,1,500,0,2,7,0,9,369,105,34,1,509,0,0,0,509
11/26/2002,MCI,MO,ACE,CE,Towers with Radar,407,109,29,3,548,0,3,0,0,3,407,112,29,3,551,0,0,0,551
11/27/2002,MCI,MO,ACE,CE,Towers with Radar,412,121,17,12,562,0,2,2,0,4,412,123,19,12,566,0,0,0,566
11/28/2002,MCI,MO,ACE,CE,Towers with Radar,280,66,9,0,355,0,2,3,0,5,280,68,12,0,360,0,0,0,360
11/29/2002,MCI,MO,ACE,CE,Towers with Radar,251,53,13,0,317,0,3,3,0,6,251,56,16,0,323,0,0,0,323
11/30/2002,MCI,MO,ACE,CE,Towers with Radar,308,76,17,0,401,0,3,0,0,3,308,79,17,0,404,2,0,2,406
12/01/2002,MCI,MO,ACE,CE,Towers with Radar,335,76,13,4,428,3,0,4,0,7,338,76,17,4,435,0,0,0,435
12/02/2002,MCI,MO,ACE,CE,Towers with Radar,359,111,32,3,505,1,0,0,0,1,360,111,32,3,506,0,0,0,506
12/03/2002,MCI,MO,ACE,CE,Towers with Radar,420,117,11,0,548,1,0,0,0,1,421,117,11,0,549,0,0,0,549
12/04/2002,MCI,MO,ACE,CE,Towers with Radar,398,109,25,4,536,1,0,0,0,1,399,109,25,4,537,0,0,0,537
12/05/2002,MCI,MO,ACE,CE,Towers with Radar,390,107,21,0,518,1,0,0,0,1,391,107,21,0,519,4,0,4,523
12/06/2002,MCI,MO,ACE,CE,Towers with Radar,417,107,25,0,549,1,0,0,0,1,418,107,25,0,550,0,0,0,550
12/07/2002,MCI,MO,ACE,CE,Towers with Radar,328,85,13,1,427,12,0,0,2,14,340,85,13,3,441,4,0,4,445
12/08/2002,MCI,MO,ACE,CE,Towers with Radar,289,70,19,0,378,41,0,0,0,41,330,70,19,0,419,0,0,0,419
12/09/2002,MCI,MO,ACE,CE,Towers with Radar,373,111,27,1,512,1,0,0,0,1,374,111,27,1,513,0,0,0,513
12/10/2002,MCI,MO,ACE,CE,Towers with Radar,390,100,23,9,522,1,0,0,0,1,391,100,23,9,523,0,0,0,523
12/11/2002,MCI,MO,ACE,CE,Towers with Radar,403,118,11,2,534,1,0,0,0,1,404,118,11,2,535,0,0,0,535
12/12/2002,MCI,MO,ACE,CE,Towers with Radar,400,112,20,2,534,1,0,0,0,1,401,112,20,2,535,0,0,0,535
12/13/2002,MCI,MO,ACE,CE,Towers with Radar,390,123,13,0,526,1,0,0,0,1,391,123,13,0,527,0,0,0,527
12/14/2002,MCI,MO,ACE,CE,Towers with Radar,337,75,6,2,420,1,0,0,0,1,338,75,6,2,421,0,2,2,423
12/15/2002,MCI,MO,ACE,CE,Towers with Radar,313,69,12,0,394,1,0,0,0,1,314,69,12,0,395,0,0,0,395
12/16/2002,MCI,MO,ACE,CE,Towers with Radar,363,102,23,2,490,0,0,0,1,1,363,102,23,3,491,0,0,0,491
12/17/2002,MCI,MO,ACE,CE,Towers with Radar,401,109,16,4,530,1,0,0,0,1,402,109,16,4,531,0,0,0,531
12/18/2002,MCI,MO,ACE,CE,Towers with Radar,413,115,35,0,563,0,0,3,0,3,413,115,38,0,566,0,0,0,566
12/19/2002,MCI,MO,ACE,CE,Towers with Radar,408,112,22,4,546,1,0,0,0,1,409,112,22,4,547,0,0,0,547
12/20/2002,MCI,MO,ACE,CE,Towers with Radar,404,112,23,0,539,1,0,0,0,1,405,112,23,0,540,0,0,0,540
12/21/2002,MCI,MO,ACE,CE,Towers with Radar,332,75,32,0,439,1,0,0,0,1,333,75,32,0,440,0,0,0,440
12/22/2002,MCI,MO,ACE,CE,Towers with Radar,322,68,4,0,394,2,0,0,0,2,324,68,4,0,396,0,0,0,396
12/23/2002,MCI,MO,ACE,CE,Towers with Radar,363,103,5,2,473,1,0,0,0,1,364,103,5,2,474,0,0,0,474
12/24/2002,MCI,MO,ACE,CE,Towers with Radar,316,87,5,0,408,2,0,0,0,2,318,87,5,0,410,0,0,0,410
12/25/2002,MCI,MO,ACE,CE,Towers with Radar,254,59,5,0,318,2,0,0,0,2,256,59,5,0,320,0,0,0,320
12/26/2002,MCI,MO,ACE,CE,Towers with Radar,351,84,3,3,441,2,0,0,0,2,353,84,3,3,443,0,0,0,443
12/27/2002,MCI,MO,ACE,CE,Towers with Radar,395,100,15,0,510,1,0,0,0,1,396,100,15,0,511,0,0,0,511
12/28/2002,MCI,MO,ACE,CE,Towers with Radar,319,73,3,2,397,1,0,0,0,1,320,73,3,2,398,0,0,0,398
12/29/2002,MCI,MO,ACE,CE,Towers with Radar,320,71,7,0,398,1,0,0,0,1,321,71,7,0,399,0,0,0,399
12/30/2002,MCI,MO,ACE,CE,Towers with Radar,352,102,8,0,462,1,1,0,0,2,353,103,8,0,464,0,0,0,464
12/31/2002,MCI,MO,ACE,CE,Towers with Radar,332,100,15,0,447,1,0,0,0,1,333,100,15,0,448,0,0,0,448
01/01/2003,MCI,MO,ACE,CE,Towers with Radar,266,56,9,2,333,0,1,5,0,6,266,57,14,2,339,0,0,0,339
01/02/2003,MCI,MO,ACE,CE,Towers with Radar,362,107,1,1,471,0,1,4,0,5,362,108,5,1,476,2,0,2,478
01/03/2003,MCI,MO,ACE,CE,Towers with Radar,384,112,14,0,510,0,1,8,0,9,384,113,22,0,519,0,0,0,519
01/04/2003,MCI,MO,ACE,CE,Towers with Radar,322,76,6,0,404,0,1,5,0,6,322,77,11,0,410,0,0,0,410
01/05/2003,MCI,MO,ACE,CE,Towers with Radar,275,57,9,0,341,39,0,3,0,42,314,57,12,0,383,0,0,0,383
01/06/2003,MCI,MO,ACE,CE,Towers with Radar,362,98,8,0,468,0,1,1,0,2,362,99,9,0,470,0,0,0,470
01/07/2003,MCI,MO,ACE,CE,Towers with Radar,385,112,21,5,523,0,1,7,0,8,385,113,28,5,531,0,0,0,531
01/08/2003,MCI,MO,ACE,CE,Towers with Radar,395,104,9,0,508,0,1,4,0,5,395,105,13,0,513,0,0,0,513
01/09/2003,MCI,MO,ACE,CE,Towers with Radar,388,96,21,3,508,0,1,0,0,1,388,97,21,3,509,0,0,0,509
01/10/2003,MCI,MO,ACE,CE,Towers with Radar,399,105,11,0,515,0,1,7,0,8,399,106,18,0,523,0,0,0,523
01/11/2003,MCI,MO,ACE,CE,Towers with Radar,287,59,9,0,355,35,0,15,0,50,322,59,24,0,405,0,0,0,405
01/12/2003,MCI,MO,ACE,CE,Towers with Radar,321,45,4,0,370,0,1,6,0,7,321,46,10,0,377,0,0,0,377
01/13/2003,MCI,MO,ACE,CE,Towers with Radar,360,96,23,2,481,0,1,1,0,2,360,97,24,2,483,0,2,2,485
01/14/2003,MCI,MO,ACE,CE,Towers with Radar,394,100,22,3,519,0,0,10,0,10,394,100,32,3,529,4,0,4,533
01/15/2003,MCI,MO,ACE,CE,Towers with Radar,400,95,20,2,517,0,0,1,0,1,400,95,21,2,518,0,0,0,518
01/16/2003,MCI,MO,ACE,CE,Towers with Radar,385,77,16,2,480,0,0,3,0,3,385,77,19,2,483,0,0,0,483
01/17/2003,MCI,MO,ACE,CE,Towers with Radar,404,104,12,0,520,0,0,1,0,1,404,104,13,0,521,0,0,0,521
01/18/2003,MCI,MO,ACE,CE,Towers with Radar,298,68,3,0,369,0,0,4,0,4,298,68,7,0,373,0,0,0,373
01/19/2003,MCI,MO,ACE,CE,Towers with Radar,307,61,5,0,373,0,0,5,0,5,307,61,10,0,378,2,0,2,380
01/20/2003,MCI,MO,ACE,CE,Towers with Radar,353,102,8,0,463,0,0,2,0,2,353,102,10,0,465,12,0,12,477
01/21/2003,MCI,MO,ACE,CE,Towers with Radar,381,102,6,0,489,0,0,1,0,1,381,102,7,0,490,0,0,0,490
01/22/2003,MCI,MO,ACE,CE,Towers with Radar,384,97,10,0,491,0,0,0,0,0,384,97,10,0,491,0,0,0,491
01/23/2003,MCI,MO,ACE,CE,Towers with Radar,388,110,7,0,505,0,0,17,0,17,388,110,24,0,522,0,0,0,522
01/24/2003,MCI,MO,ACE,CE,Towers with Radar,403,101,10,2,516,0,6,0,3,9,403,107,10,5,525,2,0,2,527
01/25/2003,MCI,MO,ACE,CE,Towers with Radar,261,65,3,1,330,35,6,0,0,41,296,71,3,1,371,0,0,0,371
01/26/2003,MCI,MO,ACE,CE,Towers with Radar,307,61,5,2,375,0,0,1,0,1,307,61,6,2,376,0,0,0,376
01/27/2003,MCI,MO,ACE,CE,Towers with Radar,357,99,16,0,472,0,0,9,0,9,357,99,25,0,481,0,0,0,481
01/28/2003,MCI,MO,ACE,CE,Towers with Radar,374,97,9,8,488,0,0,0,0,0,374,97,9,8,488,0,0,0,488
01/29/2003,MCI,MO,ACE,CE,Towers with Radar,394,104,15,15,528,0,0,2,0,2,394,104,17,15,530,0,0,0,530
01/30/2003,MCI,MO,ACE,CE,Towers with Radar,394,99,11,6,510,0,0,6,0,6,394,99,17,6,516,0,0,0,516
01/31/2003,MCI,MO,ACE,CE,Towers with Radar,389,111,23,0,523,0,0,2,0,2,389,111,25,0,525,0,0,0,525
02/01/2003,MCI,MO,ACE,CE,Towers with Radar,301,77,11,11,400,0,0,11,0,11,301,77,22,11,411,0,0,0,411
02/02/2003,MCI,MO,ACE,CE,Towers with Radar,319,53,5,0,377,0,0,2,0,2,319,53,7,0,379,0,0,0,379
02/03/2003,MCI,MO,ACE,CE,Towers with Radar,351,88,10,4,453,0,0,0,0,0,351,88,10,4,453,0,0,0,453
02/04/2003,MCI,MO,ACE,CE,Towers with Radar,390,98,27,0,515,0,0,4,0,4,390,98,31,0,519,0,0,0,519
02/05/2003,MCI,MO,ACE,CE,Towers with Radar,393,108,15,4,520,0,0,9,0,9,393,108,24,4,529,0,0,0,529
02/06/2003,MCI,MO,ACE,CE,Towers with Radar,386,112,27,0,525,0,0,1,0,1,386,112,28,0,526,0,0,0,526
02/07/2003,MCI,MO,ACE,CE,Towers with Radar,386,113,21,3,523,0,0,1,0,1,386,113,22,3,524,0,0,0,524
02/08/2003,MCI,MO,ACE,CE,Towers with Radar,296,79,10,0,385,0,0,0,0,0,296,79,10,0,385,0,0,0,385
02/09/2003,MCI,MO,ACE,CE,Towers with Radar,308,53,11,0,372,0,0,5,0,5,308,53,16,0,377,0,0,0,377
02/10/2003,MCI,MO,ACE,CE,Towers with Radar,353,98,24,7,482,0,0,5,0,5,353,98,29,7,487,0,0,0,487
02/11/2003,MCI,MO,ACE,CE,Towers with Radar,380,98,11,16,505,0,0,6,0,6,380,98,17,16,511,0,4,4,515
02/12/2003,MCI,MO,ACE,CE,Towers with Radar,387,98,12,2,499,0,0,0,0,0,387,98,12,2,499,3,0,3,502
02/13/2003,MCI,MO,ACE,CE,Towers with Radar,396,104,16,3,519,0,0,5,0,5,396,104,21,3,524,0,0,0,524
02/14/2003,MCI,MO,ACE,CE,Towers with Radar,396,96,6,0,498,0,0,0,0,0,396,96,6,0,498,0,0,0,498
02/15/2003,MCI,MO,ACE,CE,Towers with Radar,299,70,4,0,373,0,0,0,0,0,299,70,4,0,373,0,0,0,373
02/16/2003,MCI,MO,ACE,CE,Towers with Radar,331,95,12,2,440,1,28,220,3,252,332,123,232,5,692,0,0,0,692
02/17/2003,MCI,MO,ACE,CE,Towers with Radar,331,95,12,0,438,0,0,3,0,3,331,95,15,0,441,0,0,0,441
02/18/2003,MCI,MO,ACE,CE,Towers with Radar,373,90,17,3,483,0,0,8,0,8,373,90,25,3,491,0,0,0,491
02/19/2003,MCI,MO,ACE,CE,Towers with Radar,401,109,8,14,532,0,1,9,0,10,401,110,17,14,542,0,0,0,542
02/20/2003,MCI,MO,ACE,CE,Towers with Radar,397,86,20,2,505,0,0,11,0,11,397,86,31,2,516,0,0,0,516
02/21/2003,MCI,MO,ACE,CE,Towers with Radar,405,104,17,4,530,0,0,3,0,3,405,104,20,4,533,0,0,0,533
02/22/2003,MCI,MO,ACE,CE,Towers with Radar,294,72,8,0,374,0,0,0,0,0,294,72,8,0,374,0,0,0,374
02/23/2003,MCI,MO,ACE,CE,Towers with Radar,311,50,6,0,367,0,0,0,0,0,311,50,6,0,367,0,0,0,367
02/24/2003,MCI,MO,ACE,CE,Towers with Radar,354,98,24,7,483,0,1,7,1,9,354,99,31,8,492,0,0,0,492
02/25/2003,MCI,MO,ACE,CE,Towers with Radar,385,97,29,0,511,0,0,3,0,3,385,97,32,0,514,0,0,0,514
02/26/2003,MCI,MO,ACE,CE,Towers with Radar,396,112,19,7,534,0,1,5,1,7,396,113,24,8,541,0,0,0,541
02/27/2003,MCI,MO,ACE,CE,Towers with Radar,394,118,18,2,532,0,0,0,0,0,394,118,18,2,532,0,0,0,532
02/28/2003,MCI,MO,ACE,CE,Towers with Radar,402,99,12,1,514,0,0,1,0,1,402,99,13,1,515,0,0,0,515
03/01/2003,MCI,MO,ACE,CE,Towers with Radar,304,72,8,0,384,0,1,1,0,2,304,73,9,0,386,0,0,0,386
03/02/2003,MCI,MO,ACE,CE,Towers with Radar,317,53,3,0,373,0,1,5,0,6,317,54,8,0,379,0,0,0,379
03/03/2003,MCI,MO,ACE,CE,Towers with Radar,359,96,16,2,473,0,1,4,0,5,359,97,20,2,478,0,0,0,478
03/04/2003,MCI,MO,ACE,CE,Towers with Radar,364,78,13,1,456,13,0,0,1,14,377,78,13,2,470,0,0,0,470
03/05/2003,MCI,MO,ACE,CE,Towers with Radar,402,92,23,0,517,0,1,5,0,6,402,93,28,0,523,0,0,0,523
03/06/2003,MCI,MO,ACE,CE,Towers with Radar,396,109,15,0,520,0,1,2,0,3,396,110,17,0,523,0,0,0,523
03/07/2003,MCI,MO,ACE,CE,Towers with Radar,414,97,16,0,527,0,1,1,0,2,414,98,17,0,529,0,0,0,529
03/08/2003,MCI,MO,ACE,CE,Towers with Radar,306,85,9,0,400,0,1,2,1,4,306,86,11,1,404,0,0,0,404
03/09/2003,MCI,MO,ACE,CE,Towers with Radar,310,59,14,0,383,0,1,3,0,4,310,60,17,0,387,0,0,0,387
03/10/2003,MCI,MO,ACE,CE,Towers with Radar,359,88,17,0,464,0,1,4,0,5,359,89,21,0,469,0,0,0,469
03/11/2003,MCI,MO,ACE,CE,Towers with Radar,394,100,20,0,514,0,2,6,0,8,394,102,26,0,522,0,0,0,522
03/12/2003,MCI,MO,ACE,CE,Towers with Radar,402,114,31,4,551,0,1,2,0,3,402,115,33,4,554,0,0,0,554
03/13/2003,MCI,MO,ACE,CE,Towers with Radar,405,106,21,2,534,0,2,6,0,8,405,108,27,2,542,3,0,3,545
03/14/2003,MCI,MO,ACE,CE,Towers with Radar,414,90,25,0,529,0,0,0,0,0,414,90,25,0,529,0,0,0,529
03/15/2003,MCI,MO,ACE,CE,Towers with Radar,304,84,3,1,392,0,3,2,1,6,304,87,5,2,398,0,0,0,398
03/16/2003,MCI,MO,ACE,CE,Towers with Radar,290,62,12,0,364,36,0,1,1,38,326,62,13,1,402,0,0,0,402
03/17/2003,MCI,MO,ACE,CE,Towers with Radar,352,99,4,0,455,0,1,2,0,3,352,100,6,0,458,0,0,0,458
03/18/2003,MCI,MO,ACE,CE,Towers with Radar,394,99,6,7,506,0,1,1,0,2,394,100,7,7,508,6,0,6,514
03/19/2003,MCI,MO,ACE,CE,Towers with Radar,382,94,24,0,500,0,1,1,0,2,382,95,25,0,502,0,0,0,502
03/20/2003,MCI,MO,ACE,CE,Towers with Radar,383,97,22,0,502,0,1,0,0,1,383,98,22,0,503,0,0,0,503
03/21/2003,MCI,MO,ACE,CE,Towers with Radar,418,98,15,0,531,0,1,5,0,6,418,99,20,0,537,0,0,0,537
03/22/2003,MCI,MO,ACE,CE,Towers with Radar,318,80,6,0,404,0,1,6,0,7,318,81,12,0,411,0,0,0,411
03/23/2003,MCI,MO,ACE,CE,Towers with Radar,319,66,7,0,392,0,1,4,0,5,319,67,11,0,397,0,0,0,397
03/24/2003,MCI,MO,ACE,CE,Towers with Radar,359,111,15,2,487,0,1,0,0,1,359,112,15,2,488,0,0,0,488
03/25/2003,MCI,MO,ACE,CE,Towers with Radar,396,98,26,4,524,0,0,3,0,3,396,98,29,4,527,0,0,0,527
03/26/2003,MCI,MO,ACE,CE,Towers with Radar,391,105,14,6,516,0,0,11,0,11,391,105,25,6,527,0,0,0,527
03/27/2003,MCI,MO,ACE,CE,Towers with Radar,402,100,17,1,520,0,0,6,0,6,402,100,23,1,526,0,0,0,526
03/28/2003,MCI,MO,ACE,CE,Towers with Radar,399,103,16,0,518,0,0,3,0,3,399,103,19,0,521,0,0,0,521
03/29/2003,MCI,MO,ACE,CE,Towers with Radar,305,79,11,2,397,0,0,7,1,8,305,79,18,3,405,0,0,0,405
03/30/2003,MCI,MO,ACE,CE,Towers with Radar,310,73,7,2,392,0,0,6,1,7,310,73,13,3,399,0,0,0,399
03/31/2003,MCI,MO,ACE,CE,Towers with Radar,362,94,24,1,481,0,0,5,0,5,362,94,29,1,486,0,0,0,486
04/01/2003,MCI,MO,ACE,CE,Towers with Radar,390,95,17,3,505,0,0,1,1,2,390,95,18,4,507,0,0,0,507
04/02/2003,MCI,MO,ACE,CE,Towers with Radar,383,101,14,12,510,0,0,8,1,9,383,101,22,13,519,0,2,2,521
04/03/2003,MCI,MO,ACE,CE,Towers with Radar,389,98,21,13,521,0,0,1,1,2,389,98,22,14,523,0,0,0,523
04/04/2003,MCI,MO,ACE,CE,Towers with Radar,398,110,19,6,533,0,0,0,0,0,398,110,19,6,533,0,0,0,533
04/05/2003,MCI,MO,ACE,CE,Towers with Radar,305,76,12,0,393,0,0,5,0,5,305,76,17,0,398,0,0,0,398
04/06/2003,MCI,MO,ACE,CE,Towers with Radar,295,62,9,2,368,0,0,0,0,0,295,62,9,2,368,0,0,0,368
04/07/2003,MCI,MO,ACE,CE,Towers with Radar,349,81,14,2,446,0,0,0,1,1,349,81,14,3,447,0,3,3,450
04/08/2003,MCI,MO,ACE,CE,Towers with Radar,386,83,20,0,489,0,0,4,0,4,386,83,24,0,493,2,0,2,495
04/09/2003,MCI,MO,ACE,CE,Towers with Radar,372,105,25,0,502,0,0,5,0,5,372,105,30,0,507,0,0,0,507
04/10/2003,MCI,MO,ACE,CE,Towers with Radar,393,94,20,8,515,0,0,8,0,8,393,94,28,8,523,0,4,4,527
04/11/2003,MCI,MO,ACE,CE,Towers with Radar,396,98,12,2,508,0,0,2,0,2,396,98,14,2,510,0,0,0,510
04/12/2003,MCI,MO,ACE,CE,Towers with Radar,300,65,5,2,372,0,0,7,0,7,300,65,12,2,379,0,0,0,379
04/13/2003,MCI,MO,ACE,CE,Towers with Radar,301,57,14,0,372,0,0,9,0,9,301,57,23,0,381,0,0,0,381
04/14/2003,MCI,MO,ACE,CE,Towers with Radar,346,95,21,2,464,0,2,11,0,13,346,97,32,2,477,2,6,8,485
04/15/2003,MCI,MO,ACE,CE,Towers with Radar,374,102,12,0,488,0,0,3,0,3,374,102,15,0,491,0,0,0,491
04/16/2003,MCI,MO,ACE,CE,Towers with Radar,389,97,17,0,503,0,0,1,0,1,389,97,18,0,504,0,0,0,504
04/17/2003,MCI,MO,ACE,CE,Towers with Radar,389,104,18,2,513,0,0,2,0,2,389,104,20,2,515,0,0,0,515
04/18/2003,MCI,MO,ACE,CE,Towers with Radar,392,85,16,4,497,0,0,1,0,1,392,85,17,4,498,0,0,0,498
04/19/2003,MCI,MO,ACE,CE,Towers with Radar,210,51,6,0,267,76,14,0,0,90,286,65,6,0,357,0,0,0,357
04/20/2003,MCI,MO,ACE,CE,Towers with Radar,244,57,10,1,312,49,0,4,1,54,293,57,14,2,366,0,0,0,366
04/21/2003,MCI,MO,ACE,CE,Towers with Radar,347,85,13,0,445,0,11,3,0,14,347,96,16,0,459,0,0,0,459
04/22/2003,MCI,MO,ACE,CE,Towers with Radar,381,98,18,0,497,0,0,4,0,4,381,98,22,0,501,0,0,0,501
04/23/2003,MCI,MO,ACE,CE,Towers with Radar,377,99,16,2,494,0,0,4,0,4,377,99,20,2,498,0,0,0,498
04/24/2003,MCI,MO,ACE,CE,Towers with Radar,386,89,9,2,486,0,0,0,0,0,386,89,9,2,486,0,0,0,486
04/25/2003,MCI,MO,ACE,CE,Towers with Radar,390,99,22,0,511,0,0,2,0,2,390,99,24,0,513,0,0,0,513
04/26/2003,MCI,MO,ACE,CE,Towers with Radar,291,68,12,0,371,0,0,9,0,9,291,68,21,0,380,0,0,0,380
04/27/2003,MCI,MO,ACE,CE,Towers with Radar,298,65,12,0,375,0,0,8,0,8,298,65,20,0,383,0,0,0,383
04/28/2003,MCI,MO,ACE,CE,Towers with Radar,349,98,5,0,452,0,0,0,0,0,349,98,5,0,452,0,0,0,452
04/29/2003,MCI,MO,ACE,CE,Towers with Radar,376,87,7,2,472,0,0,0,0,0,376,87,7,2,472,0,0,0,472
04/30/2003,MCI,MO,ACE,CE,Towers with Radar,365,103,17,0,485,0,0,4,0,4,365,103,21,0,489,0,0,0,489
05/01/2003,MCI,MO,ACE,CE,Towers with Radar,367,133,16,1,517,0,1,0,0,1,367,134,16,1,518,8,0,8,526
05/02/2003,MCI,MO,ACE,CE,Towers with Radar,350,144,20,0,514,0,0,0,0,0,350,144,20,0,514,0,0,0,514
05/03/2003,MCI,MO,ACE,CE,Towers with Radar,257,111,8,0,376,0,1,10,0,11,257,112,18,0,387,0,0,0,387
05/04/2003,MCI,MO,ACE,CE,Towers with Radar,268,90,11,0,369,0,1,0,0,1,268,91,11,0,370,0,0,0,370
05/05/2003,MCI,MO,ACE,CE,Towers with Radar,308,136,20,14,478,0,1,0,1,2,308,137,20,15,480,0,0,0,480
05/06/2003,MCI,MO,ACE,CE,Towers with Radar,341,132,17,6,496,0,1,0,1,2,341,133,17,7,498,0,0,0,498
05/07/2003,MCI,MO,ACE,CE,Towers with Radar,350,138,22,7,517,0,1,1,1,3,350,139,23,8,520,0,0,0,520
05/08/2003,MCI,MO,ACE,CE,Towers with Radar,344,136,9,6,495,0,1,2,0,3,344,137,11,6,498,0,0,0,498
05/09/2003,MCI,MO,ACE,CE,Towers with Radar,356,136,27,0,519,0,1,7,1,9,356,137,34,1,528,0,0,0,528
05/10/2003,MCI,MO,ACE,CE,Towers with Radar,259,117,13,0,389,0,1,1,0,2,259,118,14,0,391,0,0,0,391
05/11/2003,MCI,MO,ACE,CE,Towers with Radar,269,100,10,0,379,0,0,0,0,0,269,100,10,0,379,0,0,0,379
05/12/2003,MCI,MO,ACE,CE,Towers with Radar,306,141,11,3,461,0,0,5,0,5,306,141,16,3,466,2,0,2,468
05/13/2003,MCI,MO,ACE,CE,Towers with Radar,335,142,24,2,503,0,0,10,0,10,335,142,34,2,513,0,0,0,513
05/14/2003,MCI,MO,ACE,CE,Towers with Radar,346,135,24,2,507,0,0,1,0,1,346,135,25,2,508,0,0,0,508
05/15/2003,MCI,MO,ACE,CE,Towers with Radar,339,138,23,16,516,0,1,10,0,11,339,139,33,16,527,0,0,0,527
05/16/2003,MCI,MO,ACE,CE,Towers with Radar,351,134,23,0,508,0,0,2,0,2,351,134,25,0,510,0,0,0,510
05/17/2003,MCI,MO,ACE,CE,Towers with Radar,265,107,19,0,391,0,0,7,0,7,265,107,26,0,398,0,0,0,398
05/18/2003,MCI,MO,ACE,CE,Towers with Radar,260,126,12,0,398,0,0,1,0,1,260,126,13,0,399,0,0,0,399
05/19/2003,MCI,MO,ACE,CE,Towers with Radar,312,131,12,0,455,0,0,0,0,0,312,131,12,0,455,0,0,0,455
05/20/2003,MCI,MO,ACE,CE,Towers with Radar,340,128,16,2,486,0,0,6,1,7,340,128,22,3,493,0,0,0,493
05/21/2003,MCI,MO,ACE,CE,Towers with Radar,338,135,25,0,498,0,0,8,0,8,338,135,33,0,506,0,0,0,506
05/22/2003,MCI,MO,ACE,CE,Towers with Radar,351,133,32,7,523,0,0,12,0,12,351,133,44,7,535,0,0,0,535
05/23/2003,MCI,MO,ACE,CE,Towers with Radar,343,149,32,2,526,0,0,0,0,0,343,149,32,2,526,0,0,0,526
05/24/2003,MCI,MO,ACE,CE,Towers with Radar,246,106,6,0,358,0,0,0,0,0,246,106,6,0,358,0,0,0,358
05/25/2003,MCI,MO,ACE,CE,Towers with Radar,222,89,9,0,320,0,0,6,0,6,222,89,15,0,326,0,0,0,326
05/26/2003,MCI,MO,ACE,CE,Towers with Radar,261,113,8,0,382,0,0,6,0,6,261,113,14,0,388,0,0,0,388
05/27/2003,MCI,MO,ACE,CE,Towers with Radar,308,132,18,0,458,0,0,10,0,10,308,132,28,0,468,0,0,0,468
05/28/2003,MCI,MO,ACE,CE,Towers with Radar,345,129,43,25,542,0,1,3,0,4,345,130,46,25,546,0,0,0,546
05/29/2003,MCI,MO,ACE,CE,Towers with Radar,340,137,20,2,499,0,0,17,0,17,340,137,37,2,516,0,0,0,516
05/30/2003,MCI,MO,ACE,CE,Towers with Radar,342,146,20,0,508,0,0,2,0,2,342,146,22,0,510,0,0,0,510
05/31/2003,MCI,MO,ACE,CE,Towers with Radar,258,102,14,0,374,0,0,2,0,2,258,102,16,0,376,0,0,0,376
06/01/2003,MCI,MO,ACE,CE,Towers with Radar,264,97,11,0,372,0,1,6,0,7,264,98,17,0,379,0,0,0,379
06/02/2003,MCI,MO,ACE,CE,Towers with Radar,322,123,18,0,463,0,0,0,0,0,322,123,18,0,463,0,0,0,463
06/03/2003,MCI,MO,ACE,CE,Towers with Radar,351,131,11,2,495,0,0,2,0,2,351,131,13,2,497,0,0,0,497
06/04/2003,MCI,MO,ACE,CE,Towers with Radar,352,132,19,1,504,0,0,6,0,6,352,132,25,1,510,0,0,0,510
06/05/2003,MCI,MO,ACE,CE,Towers with Radar,343,123,28,12,506,0,0,8,0,8,343,123,36,12,514,0,0,0,514
06/06/2003,MCI,MO,ACE,CE,Towers with Radar,349,125,16,0,490,0,0,3,0,3,349,125,19,0,493,0,0,0,493
06/07/2003,MCI,MO,ACE,CE,Towers with Radar,268,101,6,0,375,0,0,3,0,3,268,101,9,0,378,0,0,0,378
06/08/2003,MCI,MO,ACE,CE,Towers with Radar,283,89,12,0,384,0,0,6,0,6,283,89,18,0,390,0,0,0,390
06/09/2003,MCI,MO,ACE,CE,Towers with Radar,319,124,18,3,464,0,0,10,0,10,319,124,28,3,474,0,0,0,474
06/10/2003,MCI,MO,ACE,CE,Towers with Radar,339,130,17,1,487,12,15,4,1,32,351,145,21,2,519,0,0,0,519
06/11/2003,MCI,MO,ACE,CE,Towers with Radar,353,136,25,0,514,0,0,3,0,3,353,136,28,0,517,0,0,0,517
06/12/2003,MCI,MO,ACE,CE,Towers with Radar,346,134,15,4,499,0,0,3,0,3,346,134,18,4,502,0,0,0,502
06/13/2003,MCI,MO,ACE,CE,Towers with Radar,351,141,23,0,515,0,0,11,0,11,351,141,34,0,526,0,0,0,526
06/14/2003,MCI,MO,ACE,CE,Towers with Radar,277,106,8,2,393,0,0,8,0,8,277,106,16,2,401,0,0,0,401
06/15/2003,MCI,MO,ACE,CE,Towers with Radar,272,108,8,0,388,0,0,5,0,5,272,108,13,0,393,0,0,0,393
06/16/2003,MCI,MO,ACE,CE,Towers with Radar,303,124,23,2,452,0,0,11,0,11,303,124,34,2,463,0,0,0,463
06/17/2003,MCI,MO,ACE,CE,Towers with Radar,342,132,25,0,499,0,0,7,0,7,342,132,32,0,506,0,0,0,506
06/18/2003,MCI,MO,ACE,CE,Towers with Radar,345,124,20,0,489,0,0,7,0,7,345,124,27,0,496,0,0,0,496
06/19/2003,MCI,MO,ACE,CE,Towers with Radar,359,133,17,2,511,0,0,2,1,3,359,133,19,3,514,0,0,0,514
06/20/2003,MCI,MO,ACE,CE,Towers with Radar,344,136,22,0,502,0,0,8,0,8,344,136,30,0,510,0,0,0,510
06/21/2003,MCI,MO,ACE,CE,Towers with Radar,274,102,9,0,385,0,0,0,0,0,274,102,9,0,385,0,0,0,385
06/22/2003,MCI,MO,ACE,CE,Towers with Radar,272,106,14,2,394,0,0,3,0,3,272,106,17,2,397,0,0,0,397
06/23/2003,MCI,MO,ACE,CE,Towers with Radar,311,127,8,2,448,0,0,2,0,2,311,127,10,2,450,0,0,0,450
06/24/2003,MCI,MO,ACE,CE,Towers with Radar,353,127,15,7,502,0,0,7,0,7,353,127,22,7,509,0,0,0,509
06/25/2003,MCI,MO,ACE,CE,Towers with Radar,341,136,21,1,499,0,0,3,0,3,341,136,24,1,502,0,0,0,502
06/26/2003,MCI,MO,ACE,CE,Towers with Radar,372,145,29,1,547,0,0,7,0,7,372,145,36,1,554,0,0,0,554
06/27/2003,MCI,MO,ACE,CE,Towers with Radar,351,149,26,0,526,0,1,10,0,11,351,150,36,0,537,0,0,0,537
06/28/2003,MCI,MO,ACE,CE,Towers with Radar,272,99,6,0,377,0,0,15,0,15,272,99,21,0,392,6,0,6,398
06/29/2003,MCI,MO,ACE,CE,Towers with Radar,269,105,14,0,388,0,0,8,0,8,269,105,22,0,396,0,0,0,396
06/30/2003,MCI,MO,ACE,CE,Towers with Radar,309,138,12,4,463,0,0,2,0,2,309,138,14,4,465,0,0,0,465
07/01/2003,MCI,MO,ACE,CE,Towers with Radar,347,121,18,0,486,0,0,6,0,6,347,121,24,0,492,0,0,0,492
07/02/2003,MCI,MO,ACE,CE,Towers with Radar,348,129,33,0,510,0,0,11,0,11,348,129,44,0,521,0,0,0,521
07/03/2003,MCI,MO,ACE,CE,Towers with Radar,355,129,23,0,507,0,0,22,0,22,355,129,45,0,529,0,0,0,529
07/04/2003,MCI,MO,ACE,CE,Towers with Radar,240,85,6,0,331,0,0,4,0,4,240,85,10,0,335,0,0,0,335
07/05/2003,MCI,MO,ACE,CE,Towers with Radar,240,87,8,0,335,0,0,2,0,2,240,87,10,0,337,0,0,0,337
07/06/2003,MCI,MO,ACE,CE,Towers with Radar,275,101,23,0,399,0,0,5,0,5,275,101,28,0,404,0,0,0,404
07/07/2003,MCI,MO,ACE,CE,Towers with Radar,314,123,13,0,450,0,0,6,0,6,314,123,19,0,456,0,0,0,456
07/08/2003,MCI,MO,ACE,CE,Towers with Radar,328,119,21,0,468,0,0,8,0,8,328,119,29,0,476,0,0,0,476
07/09/2003,MCI,MO,ACE,CE,Towers with Radar,354,121,15,10,500,0,0,1,1,2,354,121,16,11,502,0,0,0,502
07/10/2003,MCI,MO,ACE,CE,Towers with Radar,341,133,20,0,494,0,0,7,0,7,341,133,27,0,501,0,0,0,501
07/11/2003,MCI,MO,ACE,CE,Towers with Radar,357,131,27,0,515,0,0,9,0,9,357,131,36,0,524,0,0,0,524
07/12/2003,MCI,MO,ACE,CE,Towers with Radar,294,98,6,3,401,0,0,12,1,13,294,98,18,4,414,0,0,0,414
07/13/2003,MCI,MO,ACE,CE,Towers with Radar,270,102,9,4,385,0,1,10,0,11,270,103,19,4,396,0,0,0,396
07/14/2003,MCI,MO,ACE,CE,Towers with Radar,323,119,4,1,447,0,0,9,0,9,323,119,13,1,456,0,0,0,456
07/15/2003,MCI,MO,ACE,CE,Towers with Radar,344,124,11,2,481,0,0,7,0,7,344,124,18,2,488,0,0,0,488
07/16/2003,MCI,MO,ACE,CE,Towers with Radar,352,128,15,4,499,0,0,5,0,5,352,128,20,4,504,0,0,0,504
07/17/2003,MCI,MO,ACE,CE,Towers with Radar,346,128,15,3,492,0,0,5,0,5,346,128,20,3,497,0,0,0,497
07/18/2003,MCI,MO,ACE,CE,Towers with Radar,355,141,24,2,522,0,0,5,0,5,355,141,29,2,527,0,0,0,527
07/19/2003,MCI,MO,ACE,CE,Towers with Radar,275,98,7,1,381,0,0,5,0,5,275,98,12,1,386,0,0,0,386
07/20/2003,MCI,MO,ACE,CE,Towers with Radar,275,100,8,3,386,0,0,7,0,7,275,100,15,3,393,0,0,0,393
07/21/2003,MCI,MO,ACE,CE,Towers with Radar,315,119,25,5,464,0,0,7,0,7,315,119,32,5,471,0,0,0,471
07/22/2003,MCI,MO,ACE,CE,Towers with Radar,344,138,10,14,506,0,0,10,0,10,344,138,20,14,516,0,0,0,516
07/23/2003,MCI,MO,ACE,CE,Towers with Radar,356,141,21,9,527,0,0,9,2,11,356,141,30,11,538,0,0,0,538
07/24/2003,MCI,MO,ACE,CE,Towers with Radar,350,138,15,4,507,0,0,8,0,8,350,138,23,4,515,2,0,2,517
07/25/2003,MCI,MO,ACE,CE,Towers with Radar,365,133,27,14,539,0,0,7,0,7,365,133,34,14,546,0,0,0,546
07/26/2003,MCI,MO,ACE,CE,Towers with Radar,226,84,12,0,322,47,12,6,0,65,273,96,18,0,387,0,0,0,387
07/27/2003,MCI,MO,ACE,CE,Towers with Radar,263,96,5,2,366,0,0,6,0,6,263,96,11,2,372,0,0,0,372
07/28/2003,MCI,MO,ACE,CE,Towers with Radar,334,118,10,0,462,0,0,8,0,8,334,118,18,0,470,0,0,0,470
07/29/2003,MCI,MO,ACE,CE,Towers with Radar,346,131,37,2,516,0,0,4,0,4,346,131,41,2,520,0,0,0,520
07/30/2003,MCI,MO,ACE,CE,Towers with Radar,340,129,17,4,490,0,0,2,0,2,340,129,19,4,492,0,0,0,492
07/31/2003,MCI,MO,ACE,CE,Towers with Radar,335,132,35,4,506,0,0,11,1,12,335,132,46,5,518,18,0,18,536
08/01/2003,MCI,MO,ACE,CE,Towers with Radar,337,135,10,4,486,2,0,3,0,5,339,135,13,4,491,0,0,0,491
08/02/2003,MCI,MO,ACE,CE,Towers with Radar,289,100,6,0,395,1,0,5,0,6,290,100,11,0,401,2,0,2,403
08/03/2003,MCI,MO,ACE,CE,Towers with Radar,269,100,8,1,378,1,0,15,0,16,270,100,23,1,394,0,0,0,394
08/04/2003,MCI,MO,ACE,CE,Towers with Radar,326,121,16,3,466,1,0,3,0,4,327,121,19,3,470,0,0,0,470
08/05/2003,MCI,MO,ACE,CE,Towers with Radar,350,122,28,2,502,1,0,8,0,9,351,122,36,2,511,0,0,0,511
08/06/2003,MCI,MO,ACE,CE,Towers with Radar,343,127,23,0,493,1,0,5,0,6,344,127,28,0,499,0,0,0,499
08/07/2003,MCI,MO,ACE,CE,Towers with Radar,358,143,7,0,508,0,0,3,0,3,358,143,10,0,511,0,0,0,511
08/08/2003,MCI,MO,ACE,CE,Towers with Radar,347,129,16,0,492,0,0,3,0,3,347,129,19,0,495,0,0,0,495
08/09/2003,MCI,MO,ACE,CE,Towers with Radar,281,94,12,0,387,0,0,5,0,5,281,94,17,0,392,0,0,0,392
08/10/2003,MCI,MO,ACE,CE,Towers with Radar,282,101,14,0,397,0,0,5,0,5,282,101,19,0,402,0,0,0,402
08/11/2003,MCI,MO,ACE,CE,Towers with Radar,308,129,22,2,461,0,0,2,0,2,308,129,24,2,463,0,0,0,463
08/12/2003,MCI,MO,ACE,CE,Towers with Radar,353,141,17,1,512,0,0,4,1,5,353,141,21,2,517,0,0,0,517
08/13/2003,MCI,MO,ACE,CE,Towers with Radar,356,143,27,0,526,0,0,6,0,6,356,143,33,0,532,0,0,0,532
08/14/2003,MCI,MO,ACE,CE,Towers with Radar,363,128,33,3,527,0,0,6,0,6,363,128,39,3,533,0,0,0,533
08/15/2003,MCI,MO,ACE,CE,Towers with Radar,348,126,31,0,505,0,0,9,0,9,348,126,40,0,514,0,0,0,514
08/16/2003,MCI,MO,ACE,CE,Towers with Radar,265,91,21,0,377,0,0,3,0,3,265,91,24,0,380,0,0,0,380
08/17/2003,MCI,MO,ACE,CE,Towers with Radar,283,104,13,0,400,0,0,5,0,5,283,104,18,0,405,0,0,0,405
08/18/2003,MCI,MO,ACE,CE,Towers with Radar,309,108,18,1,436,0,18,11,0,29,309,126,29,1,465,0,0,0,465
08/19/2003,MCI,MO,ACE,CE,Towers with Radar,350,147,10,15,522,0,0,8,0,8,350,147,18,15,530,0,0,0,530
08/20/2003,MCI,MO,ACE,CE,Towers with Radar,343,150,30,6,529,0,0,5,0,5,343,150,35,6,534,2,0,2,536
08/21/2003,MCI,MO,ACE,CE,Towers with Radar,366,149,36,0,551,0,0,5,0,5,366,149,41,0,556,0,0,0,556
08/22/2003,MCI,MO,ACE,CE,Towers with Radar,392,129,30,3,554,0,0,8,0,8,392,129,38,3,562,0,0,0,562
08/23/2003,MCI,MO,ACE,CE,Towers with Radar,276,48,18,0,342,0,0,3,0,3,276,48,21,0,345,0,0,0,345
08/24/2003,MCI,MO,ACE,CE,Towers with Radar,324,67,17,0,408,0,0,1,0,1,324,67,18,0,409,0,0,0,409
08/25/2003,MCI,MO,ACE,CE,Towers with Radar,346,87,19,5,457,0,0,5,0,5,346,87,24,5,462,0,0,0,462
08/26/2003,MCI,MO,ACE,CE,Towers with Radar,376,87,26,0,489,0,0,8,0,8,376,87,34,0,497,0,0,0,497
08/27/2003,MCI,MO,ACE,CE,Towers with Radar,388,89,19,2,498,1,0,7,0,8,389,89,26,2,506,5,0,5,511
08/28/2003,MCI,MO,ACE,CE,Towers with Radar,397,94,25,6,522,1,2,2,0,5,398,96,27,6,527,2,0,2,529
08/29/2003,MCI,MO,ACE,CE,Towers with Radar,399,89,30,0,518,1,0,4,0,5,400,89,34,0,523,0,0,0,523
08/30/2003,MCI,MO,ACE,CE,Towers with Radar,288,55,5,0,348,1,0,3,0,4,289,55,8,0,352,0,0,0,352
08/31/2003,MCI,MO,ACE,CE,Towers with Radar,238,47,7,0,292,1,0,0,0,1,239,47,7,0,293,0,0,0,293
09/01/2003,MCI,MO,ACE,CE,Towers with Radar,304,53,15,2,374,2,2,1,0,5,306,55,16,2,379,0,0,0,379
09/02/2003,MCI,MO,ACE,CE,Towers with Radar,351,69,18,0,438,1,3,3,0,7,352,72,21,0,445,0,0,0,445
09/03/2003,MCI,MO,ACE,CE,Towers with Radar,387,74,13,2,476,1,3,3,0,7,388,77,16,2,483,0,0,0,483
09/04/2003,MCI,MO,ACE,CE,Towers with Radar,383,73,12,4,472,1,3,6,0,10,384,76,18,4,482,0,0,0,482
09/05/2003,MCI,MO,ACE,CE,Towers with Radar,401,88,18,4,511,1,3,8,2,14,402,91,26,6,525,0,0,0,525
09/06/2003,MCI,MO,ACE,CE,Towers with Radar,307,55,6,2,370,1,3,10,0,14,308,58,16,2,384,0,0,0,384
09/07/2003,MCI,MO,ACE,CE,Towers with Radar,316,51,16,0,383,1,3,5,0,9,317,54,21,0,392,0,0,0,392
09/08/2003,MCI,MO,ACE,CE,Towers with Radar,354,86,17,2,459,1,3,7,0,11,355,89,24,2,470,0,0,0,470
09/09/2003,MCI,MO,ACE,CE,Towers with Radar,392,89,12,0,493,1,2,5,0,8,393,91,17,0,501,0,0,0,501
09/10/2003,MCI,MO,ACE,CE,Towers with Radar,356,80,22,1,459,1,2,11,0,14,357,82,33,1,473,0,0,0,473
09/11/2003,MCI,MO,ACE,CE,Towers with Radar,369,90,20,1,480,2,3,2,0,7,371,93,22,1,487,0,0,0,487
09/12/2003,MCI,MO,ACE,CE,Towers with Radar,393,94,21,2,510,1,2,0,0,3,394,96,21,2,513,0,0,0,513
09/13/2003,MCI,MO,ACE,CE,Towers with Radar,291,69,6,2,368,2,2,0,0,4,293,71,6,2,372,0,0,0,372
09/14/2003,MCI,MO,ACE,CE,Towers with Radar,302,64,13,0,379,2,2,4,0,8,304,66,17,0,387,4,0,4,391
09/15/2003,MCI,MO,ACE,CE,Towers with Radar,349,88,42,0,479,2,3,5,0,10,351,91,47,0,489,0,0,0,489
09/16/2003,MCI,MO,ACE,CE,Towers with Radar,377,94,19,2,492,2,2,14,0,18,379,96,33,2,510,0,0,0,510
09/17/2003,MCI,MO,ACE,CE,Towers with Radar,393,91,20,2,506,0,20,14,3,37,393,111,34,5,543,0,0,0,543
09/18/2003,MCI,MO,ACE,CE,Towers with Radar,382,104,17,1,504,2,3,3,0,8,384,107,20,1,512,0,0,0,512
09/19/2003,MCI,MO,ACE,CE,Towers with Radar,395,103,34,4,536,2,1,5,0,8,397,104,39,4,544,4,0,4,548
09/20/2003,MCI,MO,ACE,CE,Towers with Radar,290,70,7,0,367,2,1,2,0,5,292,71,9,0,372,0,0,0,372
09/21/2003,MCI,MO,ACE,CE,Towers with Radar,306,64,11,2,383,2,1,3,0,6,308,65,14,2,389,0,0,0,389
09/22/2003,MCI,MO,ACE,CE,Towers with Radar,346,97,15,0,458,2,1,2,0,5,348,98,17,0,463,0,0,0,463
09/23/2003,MCI,MO,ACE,CE,Towers with Radar,382,83,15,4,484,2,1,12,0,15,384,84,27,4,499,4,0,4,503
09/24/2003,MCI,MO,ACE,CE,Towers with Radar,382,87,20,0,489,0,15,19,0,34,382,102,39,0,523,0,0,0,523
09/25/2003,MCI,MO,ACE,CE,Towers with Radar,383,90,19,0,492,0,10,12,0,22,383,100,31,0,514,0,0,0,514
09/26/2003,MCI,MO,ACE,CE,Towers with Radar,397,101,26,1,525,1,2,7,0,10,398,103,33,1,535,0,0,0,535
09/27/2003,MCI,MO,ACE,CE,Towers with Radar,308,74,8,0,390,1,2,5,0,8,309,76,13,0,398,0,0,0,398
09/28/2003,MCI,MO,ACE,CE,Towers with Radar,303,61,14,2,380,1,2,6,0,9,304,63,20,2,389,0,0,0,389
09/29/2003,MCI,MO,ACE,CE,Towers with Radar,351,85,24,1,461,1,2,10,0,13,352,87,34,1,474,2,0,2,476
09/30/2003,MCI,MO,ACE,CE,Towers with Radar,380,90,21,2,493,1,2,0,0,3,381,92,21,2,496,0,0,0,496
10/01/2003,MCI,MO,ACE,CE,Towers with Radar,404,96,20,3,523,0,7,14,0,21,404,103,34,3,544,0,0,0,544
10/02/2003,MCI,MO,ACE,CE,Towers with Radar,407,100,23,2,532,0,0,21,0,21,407,100,44,2,553,0,0,0,553
10/03/2003,MCI,MO,ACE,CE,Towers with Radar,368,83,19,1,471,0,0,0,0,0,368,83,19,1,471,0,0,0,471
10/04/2003,MCI,MO,ACE,CE,Towers with Radar,277,65,14,1,357,19,8,13,0,40,296,73,27,1,397,0,0,0,397
10/05/2003,MCI,MO,ACE,CE,Towers with Radar,317,68,18,0,403,0,0,33,0,33,317,68,51,0,436,0,0,0,436
10/06/2003,MCI,MO,ACE,CE,Towers with Radar,337,79,18,0,434,25,9,3,0,37,362,88,21,0,471,0,0,0,471
10/07/2003,MCI,MO,ACE,CE,Towers with Radar,393,98,21,3,515,0,6,5,2,13,393,104,26,5,528,0,0,0,528
10/08/2003,MCI,MO,ACE,CE,Towers with Radar,389,92,22,3,506,0,0,7,0,7,389,92,29,3,513,0,0,0,513
10/09/2003,MCI,MO,ACE,CE,Towers with Radar,404,99,16,3,522,0,0,0,0,0,404,99,16,3,522,0,0,0,522
10/10/2003,MCI,MO,ACE,CE,Towers with Radar,407,101,23,0,531,0,0,0,0,0,407,101,23,0,531,0,0,0,531
10/11/2003,MCI,MO,ACE,CE,Towers with Radar,279,66,15,2,362,23,7,0,0,30,302,73,15,2,392,0,0,0,392
10/12/2003,MCI,MO,ACE,CE,Towers with Radar,286,67,15,0,368,22,0,24,0,46,308,67,39,0,414,0,0,0,414
10/13/2003,MCI,MO,ACE,CE,Towers with Radar,325,77,17,0,419,28,1,2,0,31,353,78,19,0,450,0,0,0,450
10/14/2003,MCI,MO,ACE,CE,Towers with Radar,392,92,17,1,502,11,5,0,0,16,403,97,17,1,518,0,0,0,518
10/15/2003,MCI,MO,ACE,CE,Towers with Radar,400,89,20,2,511,0,0,11,3,14,400,89,31,5,525,0,0,0,525
10/16/2003,MCI,MO,ACE,CE,Towers with Radar,394,94,20,1,509,0,0,13,0,13,394,94,33,1,522,0,0,0,522
10/17/2003,MCI,MO,ACE,CE,Towers with Radar,405,95,21,0,521,0,4,24,0,28,405,99,45,0,549,0,0,0,549
10/18/2003,MCI,MO,ACE,CE,Towers with Radar,250,58,12,0,320,48,10,4,0,62,298,68,16,0,382,0,0,0,382
10/19/2003,MCI,MO,ACE,CE,Towers with Radar,284,61,15,0,360,22,0,18,0,40,306,61,33,0,400,0,0,0,400
10/20/2003,MCI,MO,ACE,CE,Towers with Radar,358,84,19,0,461,0,5,7,0,12,358,89,26,0,473,0,0,0,473
10/21/2003,MCI,MO,ACE,CE,Towers with Radar,397,90,22,2,511,0,0,7,1,8,397,90,29,3,519,0,0,0,519
10/22/2003,MCI,MO,ACE,CE,Towers with Radar,394,96,20,2,512,0,0,0,2,2,394,96,20,4,514,0,0,0,514
10/23/2003,MCI,MO,ACE,CE,Towers with Radar,396,94,21,2,513,0,7,15,2,24,396,101,36,4,537,0,0,0,537
10/24/2003,MCI,MO,ACE,CE,Towers with Radar,393,90,21,1,505,24,0,7,5,36,417,90,28,6,541,0,0,0,541
10/25/2003,MCI,MO,ACE,CE,Towers with Radar,251,58,12,1,322,51,6,7,0,64,302,64,19,1,386,0,0,0,386
10/26/2003,MCI,MO,ACE,CE,Towers with Radar,275,60,14,1,350,21,0,3,1,25,296,60,17,2,375,0,0,0,375
10/27/2003,MCI,MO,ACE,CE,Towers with Radar,368,86,19,1,474,0,3,17,5,25,368,89,36,6,499,0,0,0,499
10/28/2003,MCI,MO,ACE,CE,Towers with Radar,397,89,14,1,501,11,0,0,0,11,408,89,14,1,512,0,0,0,512
10/29/2003,MCI,MO,ACE,CE,Towers with Radar,387,90,20,0,497,13,0,22,0,35,400,90,42,0,532,0,0,0,532
10/30/2003,MCI,MO,ACE,CE,Towers with Radar,402,97,22,1,522,0,0,2,0,2,402,97,24,1,524,0,0,0,524
10/31/2003,MCI,MO,ACE,CE,Towers with Radar,390,91,21,1,503,24,8,0,5,37,414,99,21,6,540,0,0,0,540
11/01/2003,MCI,MO,ACE,CE,Towers with Radar,280,67,14,0,361,14,2,9,0,25,294,69,23,0,386,0,0,0,386
11/02/2003,MCI,MO,ACE,CE,Towers with Radar,281,64,5,0,350,26,0,0,0,26,307,64,5,0,376,0,0,0,376
11/03/2003,MCI,MO,ACE,CE,Towers with Radar,351,85,18,0,454,0,0,5,0,5,351,85,23,0,459,0,0,0,459
11/04/2003,MCI,MO,ACE,CE,Towers with Radar,383,85,18,0,486,0,0,0,0,0,383,85,18,0,486,0,0,0,486
11/05/2003,MCI,MO,ACE,CE,Towers with Radar,375,97,18,0,490,0,9,0,0,9,375,106,18,0,499,0,0,0,499
11/06/2003,MCI,MO,ACE,CE,Towers with Radar,395,90,21,0,506,0,0,29,0,29,395,90,50,0,535,0,0,0,535
11/07/2003,MCI,MO,ACE,CE,Towers with Radar,404,90,20,0,514,0,0,16,0,16,404,90,36,0,530,0,0,0,530
11/08/2003,MCI,MO,ACE,CE,Towers with Radar,269,65,13,1,348,36,6,0,3,45,305,71,13,4,393,0,0,0,393
11/09/2003,MCI,MO,ACE,CE,Towers with Radar,288,67,14,0,369,17,0,13,0,30,305,67,27,0,399,0,0,0,399
11/10/2003,MCI,MO,ACE,CE,Towers with Radar,337,81,13,0,431,4,12,0,0,16,341,93,13,0,447,0,0,0,447
11/11/2003,MCI,MO,ACE,CE,Towers with Radar,395,95,21,0,511,0,0,9,0,9,395,95,30,0,520,0,0,0,520
11/12/2003,MCI,MO,ACE,CE,Towers with Radar,370,90,19,1,480,12,4,3,0,19,382,94,22,1,499,0,0,0,499
11/13/2003,MCI,MO,ACE,CE,Towers with Radar,419,100,22,1,542,0,0,17,2,19,419,100,39,3,561,0,0,0,561
11/14/2003,MCI,MO,ACE,CE,Towers with Radar,391,92,20,1,504,0,0,10,2,12,391,92,30,3,516,0,0,0,516
11/15/2003,MCI,MO,ACE,CE,Towers with Radar,298,66,16,1,381,0,0,5,1,6,298,66,21,2,387,0,0,0,387
11/16/2003,MCI,MO,ACE,CE,Towers with Radar,289,69,14,0,372,19,6,12,0,37,308,75,26,0,409,0,0,0,409
11/17/2003,MCI,MO,ACE,CE,Towers with Radar,301,72,8,0,381,39,0,0,0,39,340,72,8,0,420,0,0,0,420
11/18/2003,MCI,MO,ACE,CE,Towers with Radar,385,93,20,0,498,0,0,6,0,6,385,93,26,0,504,0,0,0,504
11/19/2003,MCI,MO,ACE,CE,Towers with Radar,380,96,22,1,499,0,0,5,3,8,380,96,27,4,507,0,0,0,507
11/20/2003,MCI,MO,ACE,CE,Towers with Radar,389,95,20,1,505,0,0,10,2,12,389,95,30,3,517,0,0,0,517
11/21/2003,MCI,MO,ACE,CE,Towers with Radar,391,97,20,1,509,0,1,24,1,26,391,98,44,2,535,0,0,0,535
11/22/2003,MCI,MO,ACE,CE,Towers with Radar,280,67,13,1,361,6,2,3,0,11,286,69,16,1,372,0,0,0,372
11/23/2003,MCI,MO,ACE,CE,Towers with Radar,263,63,11,0,337,48,2,0,0,50,311,65,11,0,387,0,0,0,387
11/24/2003,MCI,MO,ACE,CE,Towers with Radar,311,74,16,0,401,30,15,4,0,49,341,89,20,0,450,0,0,0,450
11/25/2003,MCI,MO,ACE,CE,Towers with Radar,386,95,20,0,501,0,3,7,0,10,386,98,27,0,511,0,0,0,511
11/26/2003,MCI,MO,ACE,CE,Towers with Radar,388,98,21,0,507,0,0,4,3,7,388,98,25,3,514,0,0,0,514
11/27/2003,MCI,MO,ACE,CE,Towers with Radar,206,49,10,0,265,49,15,5,0,69,255,64,15,0,334,0,0,0,334
11/28/2003,MCI,MO,ACE,CE,Towers with Radar,218,52,10,0,280,7,15,13,0,35,225,67,23,0,315,0,0,0,315
11/29/2003,MCI,MO,ACE,CE,Towers with Radar,239,57,11,0,307,37,12,9,0,58,276,69,20,0,365,0,0,0,365
11/30/2003,MCI,MO,ACE,CE,Towers with Radar,299,71,15,0,385,17,1,4,0,22,316,72,19,0,407,0,0,0,407
12/01/2003,MCI,MO,ACE,CE,Towers with Radar,341,83,12,0,436,3,4,8,0,15,344,87,20,0,451,0,0,0,451
12/02/2003,MCI,MO,ACE,CE,Towers with Radar,385,94,12,0,491,0,0,0,0,0,385,94,12,0,491,0,0,0,491
12/03/2003,MCI,MO,ACE,CE,Towers with Radar,387,89,7,0,483,0,0,0,0,0,387,89,7,0,483,0,0,0,483
12/04/2003,MCI,MO,ACE,CE,Towers with Radar,408,96,16,1,521,0,0,19,1,20,408,96,35,2,541,0,0,0,541
12/05/2003,MCI,MO,ACE,CE,Towers with Radar,380,94,17,0,491,0,0,4,0,4,380,94,21,0,495,0,0,0,495
12/06/2003,MCI,MO,ACE,CE,Towers with Radar,307,70,13,0,390,0,0,10,0,10,307,70,23,0,400,0,0,0,400
12/07/2003,MCI,MO,ACE,CE,Towers with Radar,310,63,13,1,387,0,0,7,0,7,310,63,20,1,394,0,0,0,394
12/08/2003,MCI,MO,ACE,CE,Towers with Radar,338,84,7,1,430,0,1,0,1,2,338,85,7,2,432,0,0,0,432
12/09/2003,MCI,MO,ACE,CE,Towers with Radar,353,75,10,0,438,25,0,0,0,25,378,75,10,0,463,0,0,0,463
12/10/2003,MCI,MO,ACE,CE,Towers with Radar,401,99,16,1,517,0,13,27,3,43,401,112,43,4,560,0,0,0,560
12/11/2003,MCI,MO,ACE,CE,Towers with Radar,401,95,17,1,514,0,0,11,0,11,401,95,28,1,525,0,0,0,525
12/12/2003,MCI,MO,ACE,CE,Towers with Radar,392,100,16,0,508,0,5,26,0,31,392,105,42,0,539,0,0,0,539
12/13/2003,MCI,MO,ACE,CE,Towers with Radar,226,55,3,0,284,55,21,0,0,76,281,76,3,0,360,0,0,0,360
12/14/2003,MCI,MO,ACE,CE,Towers with Radar,277,67,8,0,352,28,0,0,0,28,305,67,8,0,380,0,0,0,380
12/15/2003,MCI,MO,ACE,CE,Towers with Radar,340,86,13,0,439,0,6,5,0,11,340,92,18,0,450,0,0,0,450
12/16/2003,MCI,MO,ACE,CE,Towers with Radar,390,95,16,1,502,0,0,7,1,8,390,95,23,2,510,0,0,0,510
12/17/2003,MCI,MO,ACE,CE,Towers with Radar,382,91,17,0,490,0,0,2,2,4,382,91,19,2,494,0,0,0,494
12/18/2003,MCI,MO,ACE,CE,Towers with Radar,405,101,17,0,523,0,5,11,0,16,405,106,28,0,539,0,0,0,539
12/19/2003,MCI,MO,ACE,CE,Towers with Radar,392,101,17,0,510,0,9,3,2,14,392,110,20,2,524,0,0,0,524
12/20/2003,MCI,MO,ACE,CE,Towers with Radar,282,67,11,0,360,13,2,8,0,23,295,69,19,0,383,0,0,0,383
12/21/2003,MCI,MO,ACE,CE,Towers with Radar,274,65,11,0,350,35,8,6,3,52,309,73,17,3,402,0,0,0,402
12/22/2003,MCI,MO,ACE,CE,Towers with Radar,342,82,13,0,437,3,7,5,0,15,345,89,18,0,452,0,0,0,452
12/23/2003,MCI,MO,ACE,CE,Towers with Radar,398,82,15,0,495,17,0,18,0,35,415,82,33,0,530,0,0,0,530
12/24/2003,MCI,MO,ACE,CE,Towers with Radar,309,74,11,0,394,34,7,11,0,52,343,81,22,0,446,0,0,0,446
12/25/2003,MCI,MO,ACE,CE,Towers with Radar,199,47,5,0,251,50,16,0,0,66,249,63,5,0,317,0,0,0,317
12/26/2003,MCI,MO,ACE,CE,Towers with Radar,326,78,12,0,416,7,5,4,0,16,333,83,16,0,432,0,0,0,432
12/27/2003,MCI,MO,ACE,CE,Towers with Radar,280,67,11,0,358,12,0,0,0,12,292,67,11,0,370,0,0,0,370
12/28/2003,MCI,MO,ACE,CE,Towers with Radar,273,58,11,0,342,33,0,9,0,42,306,58,20,0,384,0,0,0,384
12/29/2003,MCI,MO,ACE,CE,Towers with Radar,298,71,12,0,381,46,7,7,0,60,344,78,19,0,441,0,0,0,441
12/30/2003,MCI,MO,ACE,CE,Towers with Radar,353,84,7,0,444,22,2,0,2,26,375,86,7,2,470,0,0,0,470
12/31/2003,MCI,MO,ACE,CE,Towers with Radar,288,69,11,0,368,34,10,13,0,57,322,79,24,0,425,0,0,0,425
01/01/2004,MCI,MO,ACE,CE,Towers with Radar,223,54,9,0,286,35,7,2,0,44,258,61,11,0,330,0,0,0,330
01/02/2004,MCI,MO,ACE,CE,Towers with Radar,298,71,9,0,378,42,3,0,0,45,340,74,9,0,423,0,0,0,423
01/03/2004,MCI,MO,ACE,CE,Towers with Radar,227,55,10,0,292,21,8,8,0,37,248,63,18,0,329,0,0,0,329
01/04/2004,MCI,MO,ACE,CE,Towers with Radar,202,49,4,0,255,62,15,0,0,77,264,64,4,0,332,0,0,0,332
01/05/2004,MCI,MO,ACE,CE,Towers with Radar,308,74,10,0,392,31,11,0,0,42,339,85,10,0,434,0,0,0,434
01/06/2004,MCI,MO,ACE,CE,Towers with Radar,365,88,18,2,473,11,2,8,3,24,376,90,26,5,497,0,0,0,497
01/07/2004,MCI,MO,ACE,CE,Towers with Radar,373,88,18,3,482,2,0,3,0,5,375,88,21,3,487,0,0,0,487
01/08/2004,MCI,MO,ACE,CE,Towers with Radar,375,94,19,2,490,0,8,6,0,14,375,102,25,2,504,0,0,0,504
01/09/2004,MCI,MO,ACE,CE,Towers with Radar,373,88,18,2,481,10,0,1,0,11,383,88,19,2,492,0,0,0,492
01/10/2004,MCI,MO,ACE,CE,Towers with Radar,290,70,15,2,377,0,0,1,0,1,290,70,16,2,378,0,0,0,378
01/11/2004,MCI,MO,ACE,CE,Towers with Radar,297,60,14,2,373,0,0,11,3,14,297,60,25,5,387,0,0,0,387
01/12/2004,MCI,MO,ACE,CE,Towers with Radar,334,83,17,2,436,0,6,4,4,14,334,89,21,6,450,0,0,0,450
01/13/2004,MCI,MO,ACE,CE,Towers with Radar,383,98,20,2,503,0,0,0,4,4,383,98,20,6,507,0,0,0,507
01/14/2004,MCI,MO,ACE,CE,Towers with Radar,379,100,20,1,500,0,1,9,0,10,379,101,29,1,510,0,0,0,510
01/15/2004,MCI,MO,ACE,CE,Towers with Radar,382,103,20,2,507,0,0,29,2,31,382,103,49,4,538,0,0,0,538
01/16/2004,MCI,MO,ACE,CE,Towers with Radar,376,88,19,2,485,0,0,24,0,24,376,88,43,2,509,0,0,0,509
01/17/2004,MCI,MO,ACE,CE,Towers with Radar,247,58,2,0,307,40,14,0,0,54,287,72,2,0,361,0,0,0,361
01/18/2004,MCI,MO,ACE,CE,Towers with Radar,245,58,11,0,314,42,1,17,0,60,287,59,28,0,374,0,0,0,374
01/19/2004,MCI,MO,ACE,CE,Towers with Radar,311,73,15,0,399,32,6,3,0,41,343,79,18,0,440,0,0,0,440
01/20/2004,MCI,MO,ACE,CE,Towers with Radar,371,94,19,2,486,0,0,10,5,15,371,94,29,7,501,0,0,0,501
01/21/2004,MCI,MO,ACE,CE,Towers with Radar,376,80,19,2,477,0,0,1,2,3,376,80,20,4,480,0,0,0,480
01/22/2004,MCI,MO,ACE,CE,Towers with Radar,376,86,17,2,481,0,0,0,0,0,376,86,17,2,481,0,0,0,481
01/23/2004,MCI,MO,ACE,CE,Towers with Radar,372,90,17,2,481,0,2,0,0,2,372,92,17,2,483,0,0,0,483
01/24/2004,MCI,MO,ACE,CE,Towers with Radar,272,64,8,0,344,28,2,0,0,30,300,66,8,0,374,0,0,0,374
01/25/2004,MCI,MO,ACE,CE,Towers with Radar,167,39,7,0,213,68,8,0,0,76,235,47,7,0,289,0,0,0,289
01/26/2004,MCI,MO,ACE,CE,Towers with Radar,293,69,11,0,373,35,5,0,0,40,328,74,11,0,413,0,0,0,413
01/27/2004,MCI,MO,ACE,CE,Towers with Radar,378,79,19,2,478,0,0,5,0,5,378,79,24,2,483,0,0,0,483
01/28/2004,MCI,MO,ACE,CE,Towers with Radar,379,91,21,2,493,0,0,0,3,3,379,91,21,5,496,0,0,0,496
01/29/2004,MCI,MO,ACE,CE,Towers with Radar,387,89,15,2,493,0,0,0,0,0,387,89,15,2,493,0,0,0,493
01/30/2004,MCI,MO,ACE,CE,Towers with Radar,399,97,20,1,517,0,1,4,0,5,399,98,24,1,522,0,0,0,522
01/31/2004,MCI,MO,ACE,CE,Towers with Radar,254,61,11,1,327,38,12,3,0,53,292,73,14,1,380,0,0,0,380
02/01/2004,MCI,MO,ACE,CE,Towers with Radar,193,48,4,0,245,88,8,0,0,96,281,56,4,0,341,0,0,0,341
02/02/2004,MCI,MO,ACE,CE,Towers with Radar,293,73,12,3,381,29,1,2,7,39,322,74,14,10,420,0,0,0,420
02/03/2004,MCI,MO,ACE,CE,Towers with Radar,381,79,16,4,480,0,0,13,1,14,381,79,29,5,494,0,0,0,494
02/04/2004,MCI,MO,ACE,CE,Towers with Radar,368,84,12,3,467,6,0,0,0,6,374,84,12,3,473,0,0,0,473
02/05/2004,MCI,MO,ACE,CE,Towers with Radar,319,78,13,3,413,25,0,6,6,37,344,78,19,9,450,0,0,0,450
02/06/2004,MCI,MO,ACE,CE,Towers with Radar,361,82,15,3,461,13,0,0,1,14,374,82,15,4,475,0,0,0,475
02/07/2004,MCI,MO,ACE,CE,Towers with Radar,239,60,8,2,309,35,11,0,4,50,274,71,8,6,359,0,0,0,359
02/08/2004,MCI,MO,ACE,CE,Towers with Radar,260,65,11,2,338,27,6,4,0,37,287,71,15,2,375,0,0,0,375
02/09/2004,MCI,MO,ACE,CE,Towers with Radar,337,83,13,3,436,0,0,0,5,5,337,83,13,8,441,0,0,0,441
02/10/2004,MCI,MO,ACE,CE,Towers with Radar,365,95,17,4,481,0,0,10,0,10,365,95,27,4,491,0,0,0,491
02/11/2004,MCI,MO,ACE,CE,Towers with Radar,380,95,18,0,493,0,0,16,0,16,380,95,34,0,509,0,0,0,509
02/12/2004,MCI,MO,ACE,CE,Towers with Radar,372,94,17,1,484,0,0,8,0,8,372,94,25,1,492,0,0,0,492
02/13/2004,MCI,MO,ACE,CE,Towers with Radar,383,94,17,3,497,0,0,9,4,13,383,94,26,7,510,0,0,0,510
02/14/2004,MCI,MO,ACE,CE,Towers with Radar,253,64,12,0,329,33,14,2,0,49,286,78,14,0,378,0,0,0,378
02/15/2004,MCI,MO,ACE,CE,Towers with Radar,240,60,11,0,311,50,8,10,0,68,290,68,21,0,379,0,0,0,379
02/16/2004,MCI,MO,ACE,CE,Towers with Radar,327,81,15,0,423,8,7,4,0,19,335,88,19,0,442,0,0,0,442
02/17/2004,MCI,MO,ACE,CE,Towers with Radar,342,86,16,2,446,0,0,10,4,14,342,86,26,6,460,0,0,0,460
02/18/2004,MCI,MO,ACE,CE,Towers with Radar,379,99,18,0,496,0,0,7,0,7,379,99,25,0,503,0,0,0,503
02/19/2004,MCI,MO,ACE,CE,Towers with Radar,376,92,18,0,486,0,0,13,0,13,376,92,31,0,499,0,0,0,499
02/20/2004,MCI,MO,ACE,CE,Towers with Radar,375,96,16,0,487,0,1,5,0,6,375,97,21,0,493,0,0,0,493
02/21/2004,MCI,MO,ACE,CE,Towers with Radar,290,71,12,0,373,5,8,12,0,25,295,79,24,0,398,0,0,0,398
02/22/2004,MCI,MO,ACE,CE,Towers with Radar,266,65,12,1,344,18,5,9,0,32,284,70,21,1,376,0,0,0,376
02/23/2004,MCI,MO,ACE,CE,Towers with Radar,332,95,17,3,447,0,0,2,2,4,332,95,19,5,451,0,0,0,451
02/24/2004,MCI,MO,ACE,CE,Towers with Radar,371,95,14,1,481,0,0,0,0,0,371,95,14,1,481,0,0,0,481
02/25/2004,MCI,MO,ACE,CE,Towers with Radar,372,104,19,2,497,0,0,16,0,16,372,104,35,2,513,0,0,0,513
02/26/2004,MCI,MO,ACE,CE,Towers with Radar,364,99,18,3,484,0,1,15,0,16,364,100,33,3,500,0,0,0,500
02/27/2004,MCI,MO,ACE,CE,Towers with Radar,377,93,16,1,487,3,7,9,0,19,380,100,25,1,506,0,0,0,506
02/28/2004,MCI,MO,ACE,CE,Towers with Radar,265,65,12,0,342,26,4,1,0,31,291,69,13,0,373,0,0,0,373
02/29/2004,MCI,MO,ACE,CE,Towers with Radar,243,60,10,0,313,47,11,0,0,58,290,71,10,0,371,0,0,0,371
03/01/2004,MCI,MO,ACE,CE,Towers with Radar,324,80,14,2,420,12,13,1,0,26,336,93,15,2,446,0,0,0,446
03/02/2004,MCI,MO,ACE,CE,Towers with Radar,382,92,18,2,494,0,0,14,2,16,382,92,32,4,510,0,0,0,510
03/03/2004,MCI,MO,ACE,CE,Towers with Radar,365,89,13,2,469,0,0,0,0,0,365,89,13,2,469,0,0,0,469
03/04/2004,MCI,MO,ACE,CE,Towers with Radar,341,84,15,2,442,37,11,0,0,48,378,95,15,2,490,0,0,0,490
03/05/2004,MCI,MO,ACE,CE,Towers with Radar,374,103,19,0,496,0,0,14,0,14,374,103,33,0,510,0,0,0,510
03/06/2004,MCI,MO,ACE,CE,Towers with Radar,257,64,11,1,333,42,9,1,0,52,299,73,12,1,385,0,0,0,385
03/07/2004,MCI,MO,ACE,CE,Towers with Radar,235,58,7,2,302,55,13,0,0,68,290,71,7,2,370,0,0,0,370
03/08/2004,MCI,MO,ACE,CE,Towers with Radar,311,77,15,2,405,21,16,2,0,39,332,93,17,2,444,0,0,0,444
03/09/2004,MCI,MO,ACE,CE,Towers with Radar,380,93,18,0,491,0,0,8,0,8,380,93,26,0,499,0,0,0,499
03/10/2004,MCI,MO,ACE,CE,Towers with Radar,372,98,19,2,491,0,0,9,4,13,372,98,28,6,504,0,0,0,504
03/11/2004,MCI,MO,ACE,CE,Towers with Radar,373,91,19,2,485,0,0,7,3,10,373,91,26,5,495,0,0,0,495
03/12/2004,MCI,MO,ACE,CE,Towers with Radar,377,93,18,2,490,0,0,4,0,4,377,93,22,2,494,0,0,0,494
03/13/2004,MCI,MO,ACE,CE,Towers with Radar,258,64,6,1,329,45,5,0,0,50,303,69,6,1,379,0,0,0,379
03/14/2004,MCI,MO,ACE,CE,Towers with Radar,265,64,12,2,343,23,1,8,2,34,288,65,20,4,377,0,0,0,377
03/15/2004,MCI,MO,ACE,CE,Towers with Radar,324,79,15,2,420,15,5,3,0,23,339,84,18,2,443,0,0,0,443
03/16/2004,MCI,MO,ACE,CE,Towers with Radar,373,83,18,0,474,0,0,3,0,3,373,83,21,0,477,0,0,0,477
03/17/2004,MCI,MO,ACE,CE,Towers with Radar,386,92,18,1,497,0,0,15,0,15,386,92,33,1,512,0,0,0,512
03/18/2004,MCI,MO,ACE,CE,Towers with Radar,381,97,19,1,498,0,2,16,1,19,381,99,35,2,517,0,0,0,517
03/19/2004,MCI,MO,ACE,CE,Towers with Radar,386,99,19,1,505,0,3,13,1,17,386,102,32,2,522,0,0,0,522
03/20/2004,MCI,MO,ACE,CE,Towers with Radar,283,69,14,1,367,21,4,5,0,30,304,73,19,1,397,0,0,0,397
03/21/2004,MCI,MO,ACE,CE,Towers with Radar,285,66,14,1,366,19,0,2,0,21,304,66,16,1,387,0,0,0,387
03/22/2004,MCI,MO,ACE,CE,Towers with Radar,323,79,9,0,411,19,14,0,0,33,342,93,9,0,444,0,0,0,444
03/23/2004,MCI,MO,ACE,CE,Towers with Radar,379,92,18,1,490,5,6,15,1,27,384,98,33,2,517,0,0,0,517
03/24/2004,MCI,MO,ACE,CE,Towers with Radar,379,92,17,1,489,0,0,0,0,0,379,92,17,1,489,0,0,0,489
03/25/2004,MCI,MO,ACE,CE,Towers with Radar,385,99,22,0,506,0,0,10,0,10,385,99,32,0,516,0,0,0,516
03/26/2004,MCI,MO,ACE,CE,Towers with Radar,380,95,10,1,486,0,0,0,1,1,380,95,10,2,487,0,0,0,487
03/27/2004,MCI,MO,ACE,CE,Towers with Radar,248,60,6,0,314,50,11,0,0,61,298,71,6,0,375,0,0,0,375
03/28/2004,MCI,MO,ACE,CE,Towers with Radar,276,67,12,0,355,29,0,15,0,44,305,67,27,0,399,0,0,0,399
03/29/2004,MCI,MO,ACE,CE,Towers with Radar,329,81,15,1,426,12,0,1,1,14,341,81,16,2,440,0,0,0,440
03/30/2004,MCI,MO,ACE,CE,Towers with Radar,387,83,18,0,488,0,0,20,0,20,387,83,38,0,508,0,0,0,508
03/31/2004,MCI,MO,ACE,CE,Towers with Radar,378,89,18,1,486,0,0,5,2,7,378,89,23,3,493,0,0,0,493
04/01/2004,MCI,MO,ACE,CE,Towers with Radar,380,91,15,0,486,5,0,13,0,18,385,91,28,0,504,0,0,0,504
04/02/2004,MCI,MO,ACE,CE,Towers with Radar,372,89,15,0,476,3,0,25,0,28,375,89,40,0,504,0,0,0,504
04/03/2004,MCI,MO,ACE,CE,Towers with Radar,246,62,9,2,319,58,13,9,0,80,304,75,18,2,399,0,0,0,399
04/04/2004,MCI,MO,ACE,CE,Towers with Radar,251,64,10,2,327,33,7,6,0,46,284,71,16,2,373,0,0,0,373
04/05/2004,MCI,MO,ACE,CE,Towers with Radar,324,82,13,2,421,13,6,9,0,28,337,88,22,2,449,0,0,0,449
04/06/2004,MCI,MO,ACE,CE,Towers with Radar,374,93,12,1,480,0,0,0,0,0,374,93,12,1,480,0,0,0,480
04/07/2004,MCI,MO,ACE,CE,Towers with Radar,379,106,17,1,503,0,1,5,0,6,379,107,22,1,509,0,0,0,509
04/08/2004,MCI,MO,ACE,CE,Towers with Radar,370,95,15,2,482,0,0,17,1,18,370,95,32,3,500,0,0,0,500
04/09/2004,MCI,MO,ACE,CE,Towers with Radar,357,90,15,0,462,20,5,0,0,25,377,95,15,0,487,0,0,0,487
04/10/2004,MCI,MO,ACE,CE,Towers with Radar,239,61,5,0,305,20,9,0,0,29,259,70,5,0,334,0,0,0,334
04/11/2004,MCI,MO,ACE,CE,Towers with Radar,245,62,10,2,319,50,5,5,0,60,295,67,15,2,379,0,0,0,379
04/12/2004,MCI,MO,ACE,CE,Towers with Radar,340,86,14,0,440,0,5,8,0,13,340,91,22,0,453,0,0,0,453
04/13/2004,MCI,MO,ACE,CE,Towers with Radar,368,95,15,3,481,0,0,12,3,15,368,95,27,6,496,0,0,0,496
04/14/2004,MCI,MO,ACE,CE,Towers with Radar,385,90,16,1,492,0,0,0,0,0,385,90,16,1,492,0,0,0,492
04/15/2004,MCI,MO,ACE,CE,Towers with Radar,382,97,15,2,496,0,3,4,2,9,382,100,19,4,505,0,0,0,505
04/16/2004,MCI,MO,ACE,CE,Towers with Radar,380,99,16,2,497,0,0,1,4,5,380,99,17,6,502,0,0,0,502
04/17/2004,MCI,MO,ACE,CE,Towers with Radar,246,62,10,1,319,23,11,3,1,38,269,73,13,2,357,0,0,0,357
04/18/2004,MCI,MO,ACE,CE,Towers with Radar,254,63,10,0,327,37,5,4,0,46,291,68,14,0,373,0,0,0,373
04/19/2004,MCI,MO,ACE,CE,Towers with Radar,330,85,14,1,430,0,13,1,1,15,330,98,15,2,445,0,0,0,445
04/20/2004,MCI,MO,ACE,CE,Towers with Radar,357,89,14,0,460,14,1,5,0,20,371,90,19,0,480,0,0,0,480
04/21/2004,MCI,MO,ACE,CE,Towers with Radar,377,91,16,1,485,0,0,21,0,21,377,91,37,1,506,0,0,0,506
04/22/2004,MCI,MO,ACE,CE,Towers with Radar,384,91,17,2,494,0,0,0,1,1,384,91,17,3,495,0,0,0,495
04/23/2004,MCI,MO,ACE,CE,Towers with Radar,375,88,11,1,475,0,0,0,0,0,375,88,11,1,475,0,0,0,475
04/24/2004,MCI,MO,ACE,CE,Towers with Radar,257,64,10,1,332,14,4,0,0,18,271,68,10,1,350,0,0,0,350
04/25/2004,MCI,MO,ACE,CE,Towers with Radar,272,67,11,0,350,20,8,8,0,36,292,75,19,0,386,0,0,0,386
04/26/2004,MCI,MO,ACE,CE,Towers with Radar,339,84,14,0,437,2,1,8,0,11,341,85,22,0,448,0,0,0,448
04/27/2004,MCI,MO,ACE,CE,Towers with Radar,382,95,16,2,495,0,0,10,5,15,382,95,26,7,510,0,0,0,510
04/28/2004,MCI,MO,ACE,CE,Towers with Radar,378,89,16,2,485,0,0,23,4,27,378,89,39,6,512,0,0,0,512
04/29/2004,MCI,MO,ACE,CE,Towers with Radar,393,109,17,2,521,0,0,18,9,27,393,109,35,11,548,0,0,0,548
04/30/2004,MCI,MO,ACE,CE,Towers with Radar,371,92,9,1,473,9,6,0,7,22,380,98,9,8,495,0,0,0,495
05/01/2004,MCI,MO,ACE,CE,Towers with Radar,247,61,12,0,320,28,8,6,0,42,275,69,18,0,362,0,0,0,362
05/02/2004,MCI,MO,ACE,CE,Towers with Radar,254,63,12,1,330,43,5,0,0,48,297,68,12,1,378,0,0,0,378
05/03/2004,MCI,MO,ACE,CE,Towers with Radar,318,79,15,0,412,15,1,0,0,16,333,80,15,0,428,0,0,0,428
05/04/2004,MCI,MO,ACE,CE,Towers with Radar,387,98,17,3,505,0,5,11,9,25,387,103,28,12,530,0,0,0,530
05/05/2004,MCI,MO,ACE,CE,Towers with Radar,382,98,17,1,498,0,0,17,0,17,382,98,34,1,515,0,0,0,515
05/06/2004,MCI,MO,ACE,CE,Towers with Radar,385,101,17,3,506,0,0,4,1,5,385,101,21,4,511,0,0,0,511
05/07/2004,MCI,MO,ACE,CE,Towers with Radar,375,94,17,0,486,12,0,12,0,24,387,94,29,0,510,0,0,0,510
05/08/2004,MCI,MO,ACE,CE,Towers with Radar,254,64,10,0,328,34,13,8,0,55,288,77,18,0,383,0,0,0,383
05/09/2004,MCI,MO,ACE,CE,Towers with Radar,265,67,11,0,343,30,3,10,0,43,295,70,21,0,386,0,0,0,386
05/10/2004,MCI,MO,ACE,CE,Towers with Radar,339,86,8,0,433,13,7,0,0,20,352,93,8,0,453,0,0,0,453
05/11/2004,MCI,MO,ACE,CE,Towers with Radar,384,91,18,0,493,0,0,16,0,16,384,91,34,0,509,0,0,0,509
05/12/2004,MCI,MO,ACE,CE,Towers with Radar,385,95,20,1,501,0,0,3,0,3,385,95,23,1,504,0,0,0,504
05/13/2004,MCI,MO,ACE,CE,Towers with Radar,359,91,14,0,464,28,5,0,0,33,387,96,14,0,497,0,0,0,497
05/14/2004,MCI,MO,ACE,CE,Towers with Radar,399,92,19,1,511,0,0,3,0,3,399,92,22,1,514,0,0,0,514
05/15/2004,MCI,MO,ACE,CE,Towers with Radar,274,69,12,0,355,27,4,5,0,36,301,73,17,0,391,0,0,0,391
05/16/2004,MCI,MO,ACE,CE,Towers with Radar,275,70,12,1,358,18,3,4,1,26,293,73,16,2,384,0,0,0,384
05/17/2004,MCI,MO,ACE,CE,Towers with Radar,342,89,17,2,450,0,4,10,1,15,342,93,27,3,465,0,0,0,465
05/18/2004,MCI,MO,ACE,CE,Towers with Radar,367,82,17,1,467,12,0,4,0,16,379,82,21,1,483,0,0,0,483
05/19/2004,MCI,MO,ACE,CE,Towers with Radar,394,110,13,0,517,0,2,0,0,2,394,112,13,0,519,0,0,0,519
05/20/2004,MCI,MO,ACE,CE,Towers with Radar,377,110,21,2,510,0,0,10,7,17,377,110,31,9,527,0,0,0,527
05/21/2004,MCI,MO,ACE,CE,Towers with Radar,375,94,17,0,486,0,0,7,0,7,375,94,24,0,493,0,0,0,493
05/22/2004,MCI,MO,ACE,CE,Towers with Radar,297,74,14,0,385,7,13,9,0,29,304,87,23,0,414,0,0,0,414
05/23/2004,MCI,MO,ACE,CE,Towers with Radar,292,72,13,0,377,9,3,6,0,18,301,75,19,0,395,0,0,0,395
05/24/2004,MCI,MO,ACE,CE,Towers with Radar,356,93,18,2,469,0,8,10,3,21,356,101,28,5,490,0,0,0,490
05/25/2004,MCI,MO,ACE,CE,Towers with Radar,393,97,20,2,512,0,0,24,4,28,393,97,44,6,540,0,0,0,540
05/26/2004,MCI,MO,ACE,CE,Towers with Radar,393,93,21,2,509,0,0,4,3,7,393,93,25,5,516,0,0,0,516
05/27/2004,MCI,MO,ACE,CE,Towers with Radar,405,94,21,2,522,0,0,9,9,18,405,94,30,11,540,0,0,0,540
05/28/2004,MCI,MO,ACE,CE,Towers with Radar,390,97,19,0,506,0,0,9,0,9,390,97,28,0,515,0,0,0,515
05/29/2004,MCI,MO,ACE,CE,Towers with Radar,233,58,11,0,302,53,16,1,0,70,286,74,12,0,372,0,0,0,372
05/30/2004,MCI,MO,ACE,CE,Towers with Radar,197,49,7,0,253,69,13,0,0,82,266,62,7,0,335,0,0,0,335
05/31/2004,MCI,MO,ACE,CE,Towers with Radar,276,69,11,1,357,40,12,0,1,53,316,81,11,2,410,0,0,0,410
06/01/2004,MCI,MO,ACE,CE,Towers with Radar,346,91,17,2,456,13,0,17,4,34,359,91,34,6,490,0,0,0,490
06/02/2004,MCI,MO,ACE,CE,Towers with Radar,382,102,19,0,503,0,0,20,0,20,382,102,39,0,523,0,0,0,523
06/03/2004,MCI,MO,ACE,CE,Towers with Radar,393,107,22,0,522,0,0,14,0,14,393,107,36,0,536,0,0,0,536
06/04/2004,MCI,MO,ACE,CE,Towers with Radar,399,105,21,0,525,0,0,9,0,9,399,105,30,0,534,0,0,0,534
06/05/2004,MCI,MO,ACE,CE,Towers with Radar,239,64,12,1,316,63,9,14,0,86,302,73,26,1,402,0,0,0,402
06/06/2004,MCI,MO,ACE,CE,Towers with Radar,288,77,14,0,379,11,6,5,0,22,299,83,19,0,401,0,0,0,401
06/07/2004,MCI,MO,ACE,CE,Towers with Radar,341,91,18,0,450,11,1,0,0,12,352,92,18,0,462,0,0,0,462
06/08/2004,MCI,MO,ACE,CE,Towers with Radar,385,103,21,0,509,0,0,28,0,28,385,103,49,0,537,0,0,0,537
06/09/2004,MCI,MO,ACE,CE,Towers with Radar,377,103,18,2,500,0,0,0,0,0,377,103,18,2,500,0,0,0,500
06/10/2004,MCI,MO,ACE,CE,Towers with Radar,390,102,22,0,514,0,0,5,0,5,390,102,27,0,519,0,0,0,519
06/11/2004,MCI,MO,ACE,CE,Towers with Radar,384,102,20,0,506,19,1,10,0,30,403,103,30,0,536,0,0,0,536
06/12/2004,MCI,MO,ACE,CE,Towers with Radar,249,66,13,0,328,51,22,2,0,75,300,88,15,0,403,0,0,0,403
06/13/2004,MCI,MO,ACE,CE,Towers with Radar,271,72,13,1,357,36,20,23,0,79,307,92,36,1,436,0,0,0,436
06/14/2004,MCI,MO,ACE,CE,Towers with Radar,334,93,7,2,436,0,22,0,0,22,334,115,7,2,458,0,0,0,458
06/15/2004,MCI,MO,ACE,CE,Towers with Radar,379,95,19,0,493,0,0,11,0,11,379,95,30,0,504,0,0,0,504
06/16/2004,MCI,MO,ACE,CE,Towers with Radar,377,103,20,2,502,0,1,7,3,11,377,104,27,5,513,0,0,0,513
06/17/2004,MCI,MO,ACE,CE,Towers with Radar,374,103,22,2,501,0,0,3,4,7,374,103,25,6,508,0,0,0,508
06/18/2004,MCI,MO,ACE,CE,Towers with Radar,402,108,22,1,533,0,2,10,5,17,402,110,32,6,550,0,0,0,550
06/19/2004,MCI,MO,ACE,CE,Towers with Radar,282,74,15,0,371,41,7,1,0,49,323,81,16,0,420,0,0,0,420
06/20/2004,MCI,MO,ACE,CE,Towers with Radar,277,72,14,0,363,37,7,12,0,56,314,79,26,0,419,0,0,0,419
06/21/2004,MCI,MO,ACE,CE,Towers with Radar,342,91,18,1,452,0,4,9,3,16,342,95,27,4,468,0,0,0,468
06/22/2004,MCI,MO,ACE,CE,Towers with Radar,396,105,22,1,524,0,0,10,2,12,396,105,32,3,536,0,0,0,536
06/23/2004,MCI,MO,ACE,CE,Towers with Radar,385,101,22,1,509,0,0,26,1,27,385,101,48,2,536,0,0,0,536
06/24/2004,MCI,MO,ACE,CE,Towers with Radar,390,99,21,0,510,0,0,14,0,14,390,99,35,0,524,0,0,0,524
06/25/2004,MCI,MO,ACE,CE,Towers with Radar,380,101,20,0,501,0,3,9,0,12,380,104,29,0,513,0,0,0,513
06/26/2004,MCI,MO,ACE,CE,Towers with Radar,269,70,13,1,353,55,21,22,0,98,324,91,35,1,451,0,0,0,451
06/27/2004,MCI,MO,ACE,CE,Towers with Radar,289,73,7,1,370,24,0,0,1,25,313,73,7,2,395,0,0,0,395
06/28/2004,MCI,MO,ACE,CE,Towers with Radar,340,85,18,1,444,0,0,0,6,6,340,85,18,7,450,0,0,0,450
06/29/2004,MCI,MO,ACE,CE,Towers with Radar,391,95,22,0,508,0,0,1,0,1,391,95,23,0,509,0,0,0,509
06/30/2004,MCI,MO,ACE,CE,Towers with Radar,368,94,21,2,485,0,0,5,0,5,368,94,26,2,490,0,0,0,490
07/01/2004,MCI,MO,ACE,CE,Towers with Radar,400,111,23,2,536,0,3,7,9,19,400,114,30,11,555,0,0,0,555
07/02/2004,MCI,MO,ACE,CE,Towers with Radar,391,100,22,0,513,0,12,15,0,27,391,112,37,0,540,0,0,0,540
07/03/2004,MCI,MO,ACE,CE,Towers with Radar,291,72,15,0,378,14,7,24,0,45,305,79,39,0,423,0,0,0,423
07/04/2004,MCI,MO,ACE,CE,Towers with Radar,198,50,11,0,259,38,10,59,0,107,236,60,70,0,366,0,0,0,366
07/05/2004,MCI,MO,ACE,CE,Towers with Radar,264,66,12,0,342,43,6,0,0,49,307,72,12,0,391,0,0,0,391
07/06/2004,MCI,MO,ACE,CE,Towers with Radar,347,86,13,2,448,13,7,0,2,22,360,93,13,4,470,0,0,0,470
07/07/2004,MCI,MO,ACE,CE,Towers with Radar,380,102,23,1,506,0,0,2,0,2,380,102,25,1,508,0,0,0,508
07/08/2004,MCI,MO,ACE,CE,Towers with Radar,397,99,24,2,522,0,0,15,0,15,397,99,39,2,537,0,0,0,537
07/09/2004,MCI,MO,ACE,CE,Towers with Radar,348,86,19,2,455,25,4,4,1,34,373,90,23,3,489,0,0,0,489
07/10/2004,MCI,MO,ACE,CE,Towers with Radar,273,68,15,0,356,49,13,4,0,66,322,81,19,0,422,0,0,0,422
07/11/2004,MCI,MO,ACE,CE,Towers with Radar,288,66,15,1,370,34,0,14,0,48,322,66,29,1,418,0,0,0,418
07/12/2004,MCI,MO,ACE,CE,Towers with Radar,352,87,13,2,454,2,3,0,2,7,354,90,13,4,461,0,0,0,461
07/13/2004,MCI,MO,ACE,CE,Towers with Radar,381,92,21,0,494,7,0,21,0,28,388,92,42,0,522,0,0,0,522
07/14/2004,MCI,MO,ACE,CE,Towers with Radar,395,87,24,1,507,0,0,6,0,6,395,87,30,1,513,0,0,0,513
07/15/2004,MCI,MO,ACE,CE,Towers with Radar,389,92,23,2,506,0,0,14,2,16,389,92,37,4,522,0,0,0,522
07/16/2004,MCI,MO,ACE,CE,Towers with Radar,375,86,23,0,484,0,0,17,0,17,375,86,40,0,501,0,0,0,501
07/17/2004,MCI,MO,ACE,CE,Towers with Radar,295,72,14,1,382,32,8,0,1,41,327,80,14,2,423,0,0,0,423
07/18/2004,MCI,MO,ACE,CE,Towers with Radar,282,68,15,0,365,36,0,24,0,60,318,68,39,0,425,0,0,0,425
07/19/2004,MCI,MO,ACE,CE,Towers with Radar,327,80,18,0,425,37,6,3,0,46,364,86,21,0,471,0,0,0,471
07/20/2004,MCI,MO,ACE,CE,Towers with Radar,400,96,23,0,519,0,0,17,0,17,400,96,40,0,536,0,0,0,536
07/21/2004,MCI,MO,ACE,CE,Towers with Radar,390,95,20,1,506,0,0,0,2,2,390,95,20,3,508,0,0,0,508
07/22/2004,MCI,MO,ACE,CE,Towers with Radar,343,84,19,0,446,1,11,9,0,21,344,95,28,0,467,0,0,0,467
07/23/2004,MCI,MO,ACE,CE,Towers with Radar,404,93,23,1,521,0,0,4,3,7,404,93,27,4,528,0,0,0,528
07/24/2004,MCI,MO,ACE,CE,Towers with Radar,267,65,6,1,339,72,20,0,1,93,339,85,6,2,432,0,0,0,432
07/25/2004,MCI,MO,ACE,CE,Towers with Radar,292,67,16,0,375,15,0,0,0,15,307,67,16,0,390,0,0,0,390
07/26/2004,MCI,MO,ACE,CE,Towers with Radar,360,91,21,0,472,0,7,22,0,29,360,98,43,0,501,0,0,0,501
07/27/2004,MCI,MO,ACE,CE,Towers with Radar,403,96,24,0,523,0,0,20,0,20,403,96,44,0,543,0,0,0,543
07/28/2004,MCI,MO,ACE,CE,Towers with Radar,393,92,23,1,509,0,0,13,3,16,393,92,36,4,525,0,0,0,525
07/29/2004,MCI,MO,ACE,CE,Towers with Radar,398,97,24,0,519,0,0,18,0,18,398,97,42,0,537,0,0,0,537
07/30/2004,MCI,MO,ACE,CE,Towers with Radar,408,108,24,0,540,0,0,3,0,3,408,108,27,0,543,0,0,0,543
07/31/2004,MCI,MO,ACE,CE,Towers with Radar,294,73,15,1,383,30,12,5,2,49,324,85,20,3,432,0,0,0,432
08/01/2004,MCI,MO,ACE,CE,Towers with Radar,294,65,16,1,376,3,0,8,0,11,297,65,24,1,387,0,0,0,387
08/02/2004,MCI,MO,ACE,CE,Towers with Radar,368,90,21,1,480,2,0,1,0,3,370,90,22,1,483,0,0,0,483
08/03/2004,MCI,MO,ACE,CE,Towers with Radar,413,99,16,1,529,0,0,0,0,0,413,99,16,1,529,0,0,0,529
08/04/2004,MCI,MO,ACE,CE,Towers with Radar,395,108,23,2,528,0,4,7,4,15,395,112,30,6,543,0,0,0,543
08/05/2004,MCI,MO,ACE,CE,Towers with Radar,401,107,25,2,535,0,0,16,1,17,401,107,41,3,552,0,0,0,552
08/06/2004,MCI,MO,ACE,CE,Towers with Radar,393,96,8,2,499,39,11,0,0,50,432,107,8,2,549,0,0,0,549
08/07/2004,MCI,MO,ACE,CE,Towers with Radar,280,69,14,1,364,58,16,0,1,75,338,85,14,2,439,0,0,0,439
08/08/2004,MCI,MO,ACE,CE,Towers with Radar,285,70,14,0,369,22,5,0,0,27,307,75,14,0,396,0,0,0,396
08/09/2004,MCI,MO,ACE,CE,Towers with Radar,353,87,18,0,458,5,0,0,0,5,358,87,18,0,463,0,0,0,463
08/10/2004,MCI,MO,ACE,CE,Towers with Radar,399,92,22,2,515,0,0,12,0,12,399,92,34,2,527,0,0,0,527
08/11/2004,MCI,MO,ACE,CE,Towers with Radar,395,98,23,2,518,0,0,8,0,8,395,98,31,2,526,0,0,0,526
08/12/2004,MCI,MO,ACE,CE,Towers with Radar,396,99,22,0,517,0,0,5,0,5,396,99,27,0,522,0,0,0,522
08/13/2004,MCI,MO,ACE,CE,Towers with Radar,393,101,22,1,517,0,3,17,0,20,393,104,39,1,537,0,0,0,537
08/14/2004,MCI,MO,ACE,CE,Towers with Radar,282,69,16,0,367,47,8,8,0,63,329,77,24,0,430,0,0,0,430
08/15/2004,MCI,MO,ACE,CE,Towers with Radar,265,65,15,0,345,40,3,1,0,44,305,68,16,0,389,0,0,0,389
08/16/2004,MCI,MO,ACE,CE,Towers with Radar,354,87,19,0,460,8,2,9,0,19,362,89,28,0,479,0,0,0,479
08/17/2004,MCI,MO,ACE,CE,Towers with Radar,385,101,24,1,511,0,0,29,0,29,385,101,53,1,540,0,0,0,540
08/18/2004,MCI,MO,ACE,CE,Towers with Radar,398,103,21,1,523,0,3,0,4,7,398,106,21,5,530,0,0,0,530
08/19/2004,MCI,MO,ACE,CE,Towers with Radar,400,95,22,1,518,0,0,28,0,28,400,95,50,1,546,0,0,0,546
08/20/2004,MCI,MO,ACE,CE,Towers with Radar,384,95,22,0,501,0,0,12,0,12,384,95,34,0,513,0,0,0,513
08/21/2004,MCI,MO,ACE,CE,Towers with Radar,330,77,18,1,426,0,0,10,2,12,330,77,28,3,438,0,0,0,438
08/22/2004,MCI,MO,ACE,CE,Towers with Radar,274,66,14,0,354,27,6,1,1,35,301,72,15,1,389,0,0,0,389
08/23/2004,MCI,MO,ACE,CE,Towers with Radar,312,75,11,0,398,49,11,0,0,60,361,86,11,0,458,0,0,0,458
08/24/2004,MCI,MO,ACE,CE,Towers with Radar,380,84,20,1,485,3,0,5,4,12,383,84,25,5,497,0,0,0,497
08/25/2004,MCI,MO,ACE,CE,Towers with Radar,397,90,22,1,510,3,0,2,0,5,400,90,24,1,515,0,0,0,515
08/26/2004,MCI,MO,ACE,CE,Towers with Radar,416,95,23,1,535,0,0,4,3,7,416,95,27,4,542,0,0,0,542
08/27/2004,MCI,MO,ACE,CE,Towers with Radar,382,93,20,0,495,5,4,23,0,32,387,97,43,0,527,0,0,0,527
08/28/2004,MCI,MO,ACE,CE,Towers with Radar,291,70,15,0,376,53,4,1,0,58,344,74,16,0,434,0,0,0,434
08/29/2004,MCI,MO,ACE,CE,Towers with Radar,302,68,16,0,386,7,0,7,0,14,309,68,23,0,400,0,0,0,400
08/30/2004,MCI,MO,ACE,CE,Towers with Radar,339,81,18,1,439,14,5,13,0,32,353,86,31,1,471,0,0,0,471
08/31/2004,MCI,MO,ACE,CE,Towers with Radar,398,98,22,0,518,0,11,2,0,13,398,109,24,0,531,0,0,0,531
09/01/2004,MCI,MO,ACE,CE,Towers with Radar,412,102,21,0,535,0,0,10,0,10,412,102,31,0,545,0,0,0,545
09/02/2004,MCI,MO,ACE,CE,Towers with Radar,413,105,21,3,542,0,8,20,0,28,413,113,41,3,570,0,0,0,570
09/03/2004,MCI,MO,ACE,CE,Towers with Radar,403,99,20,0,522,3,2,0,0,5,406,101,20,0,527,0,0,0,527
09/04/2004,MCI,MO,ACE,CE,Towers with Radar,260,64,13,0,337,37,18,11,0,66,297,82,24,0,403,0,0,0,403
09/05/2004,MCI,MO,ACE,CE,Towers with Radar,186,46,8,0,240,39,8,1,0,48,225,54,9,0,288,0,0,0,288
09/06/2004,MCI,MO,ACE,CE,Towers with Radar,276,68,13,0,357,13,10,11,0,34,289,78,24,0,391,0,0,0,391
09/07/2004,MCI,MO,ACE,CE,Towers with Radar,359,93,19,0,471,0,14,14,0,28,359,107,33,0,499,0,0,0,499
09/08/2004,MCI,MO,ACE,CE,Towers with Radar,385,94,19,2,500,1,1,15,0,17,386,95,34,2,517,0,0,0,517
09/09/2004,MCI,MO,ACE,CE,Towers with Radar,395,97,17,3,512,0,0,0,1,1,395,97,17,4,513,0,0,0,513
09/10/2004,MCI,MO,ACE,CE,Towers with Radar,389,95,20,3,507,24,13,10,2,49,413,108,30,5,556,0,0,0,556
09/11/2004,MCI,MO,ACE,CE,Towers with Radar,278,68,15,2,363,44,6,7,5,62,322,74,22,7,425,0,0,0,425
09/12/2004,MCI,MO,ACE,CE,Towers with Radar,281,60,15,2,358,27,0,2,3,32,308,60,17,5,390,0,0,0,390
09/13/2004,MCI,MO,ACE,CE,Towers with Radar,347,89,19,2,457,0,0,28,0,28,347,89,47,2,485,0,0,0,485
09/14/2004,MCI,MO,ACE,CE,Towers with Radar,399,97,22,3,521,0,0,4,1,5,399,97,26,4,526,0,0,0,526
09/15/2004,MCI,MO,ACE,CE,Towers with Radar,402,93,22,3,520,0,0,12,1,13,402,93,34,4,533,0,0,0,533
09/16/2004,MCI,MO,ACE,CE,Towers with Radar,398,104,18,3,523,0,4,0,8,12,398,108,18,11,535,0,0,0,535
09/17/2004,MCI,MO,ACE,CE,Towers with Radar,391,95,20,3,509,0,1,6,0,7,391,96,26,3,516,0,0,0,516
09/18/2004,MCI,MO,ACE,CE,Towers with Radar,261,63,8,2,334,48,11,0,5,64,309,74,8,7,398,0,0,0,398
09/19/2004,MCI,MO,ACE,CE,Towers with Radar,282,58,12,1,353,16,0,0,0,16,298,58,12,1,369,0,0,0,369
09/20/2004,MCI,MO,ACE,CE,Towers with Radar,328,79,17,0,424,30,5,12,0,47,358,84,29,0,471,0,0,0,471
09/21/2004,MCI,MO,ACE,CE,Towers with Radar,451,118,25,2,596,0,3,23,0,26,451,121,48,2,622,0,0,0,622
09/22/2004,MCI,MO,ACE,CE,Towers with Radar,414,92,22,2,530,0,0,11,6,17,414,92,33,8,547,0,0,0,547
09/23/2004,MCI,MO,ACE,CE,Towers with Radar,397,101,23,1,522,0,0,1,0,1,397,101,24,1,523,0,0,0,523
09/24/2004,MCI,MO,ACE,CE,Towers with Radar,404,92,21,2,519,0,0,6,0,6,404,92,27,2,525,0,0,0,525
09/25/2004,MCI,MO,ACE,CE,Towers with Radar,251,60,7,0,318,52,10,0,0,62,303,70,7,0,380,0,0,0,380
09/26/2004,MCI,MO,ACE,CE,Towers with Radar,294,64,15,1,374,25,0,1,1,27,319,64,16,2,401,0,0,0,401
09/27/2004,MCI,MO,ACE,CE,Towers with Radar,346,83,18,2,449,2,0,6,0,8,348,83,24,2,457,0,0,0,457
09/28/2004,MCI,MO,ACE,CE,Towers with Radar,409,99,21,2,531,91,18,34,1,144,500,117,55,3,675,0,0,0,675
09/29/2004,MCI,MO,ACE,CE,Towers with Radar,399,95,21,0,515,0,0,11,0,11,399,95,32,0,526,0,0,0,526
09/30/2004,MCI,MO,ACE,CE,Towers with Radar,399,95,20,0,514,0,0,12,0,12,399,95,32,0,526,0,0,0,526
10/01/2004,MCI,MO,ACE,CE,Combined TRACON& Tower with Radar,405,102,25,0,532,0,0,6,0,6,405,102,31,0,538,0,0,0,538
10/02/2004,MCI,MO,ACE,CE,Combined TRACON& Tower with Radar,299,72,8,0,379,0,0,7,0,7,299,72,15,0,386,0,0,0,386
10/03/2004,MCI,MO,ACE,CE,Combined TRACON& Tower with Radar,316,62,6,0,384,0,0,4,0,4,316,62,10,0,388,0,0,0,388
10/04/2004,MCI,MO,ACE,CE,Combined TRACON& Tower with Radar,348,92,25,0,465,0,0,8,0,8,348,92,33,0,473,0,0,0,473
10/05/2004,MCI,MO,ACE,CE,Combined TRACON& Tower with Radar,399,97,18,1,515,0,0,12,0,12,399,97,30,1,527,0,0,0,527
10/06/2004,MCI,MO,ACE,CE,Combined TRACON& Tower with Radar,400,105,15,2,522,0,0,5,2,7,400,105,20,4,529,0,0,0,529
10/07/2004,MCI,MO,ACE,CE,Combined TRACON& Tower with Radar,401,102,37,2,542,0,0,4,0,4,401,102,41,2,546,0,0,0,546
10/08/2004,MCI,MO,ACE,CE,Combined TRACON& Tower with Radar,407,94,39,1,541,0,0,7,0,7,407,94,46,1,548,0,0,0,548
10/09/2004,MCI,MO,ACE,CE,Combined TRACON& Tower with Radar,306,70,13,0,389,0,1,5,0,6,306,71,18,0,395,0,0,0,395
10/10/2004,MCI,MO,ACE,CE,Combined TRACON& Tower with Radar,316,62,41,1,420,0,0,18,0,18,316,62,59,1,438,0,0,0,438
10/11/2004,MCI,MO,ACE,CE,Combined TRACON& Tower with Radar,349,81,17,0,447,0,0,0,0,0,349,81,17,0,447,0,0,0,447
10/12/2004,MCI,MO,ACE,CE,Combined TRACON& Tower with Radar,389,85,32,0,506,0,0,0,0,0,389,85,32,0,506,0,0,0,506
10/13/2004,MCI,MO,ACE,CE,Combined TRACON& Tower with Radar,387,92,21,1,501,0,0,4,0,4,387,92,25,1,505,0,0,0,505
10/14/2004,MCI,MO,ACE,CE,Combined TRACON& Tower with Radar,392,90,20,10,512,0,0,7,0,7,392,90,27,10,519,0,0,0,519
10/15/2004,MCI,MO,ACE,CE,Combined TRACON& Tower with Radar,403,91,49,2,545,0,0,6,0,6,403,91,55,2,551,0,0,0,551
10/16/2004,MCI,MO,ACE,CE,Combined TRACON& Tower with Radar,307,76,5,0,388,0,0,7,0,7,307,76,12,0,395,0,0,0,395
10/17/2004,MCI,MO,ACE,CE,Combined TRACON& Tower with Radar,313,62,14,5,394,0,0,5,0,5,313,62,19,5,399,0,0,0,399
10/18/2004,MCI,MO,ACE,CE,Combined TRACON& Tower with Radar,347,79,11,1,438,0,0,0,0,0,347,79,11,1,438,0,0,0,438
10/19/2004,MCI,MO,ACE,CE,Combined TRACON& Tower with Radar,394,91,20,7,512,0,0,2,0,2,394,91,22,7,514,0,0,0,514
10/20/2004,MCI,MO,ACE,CE,Combined TRACON& Tower with Radar,380,88,16,5,489,0,1,4,0,5,380,89,20,5,494,0,0,0,494
10/21/2004,MCI,MO,ACE,CE,Combined TRACON& Tower with Radar,395,94,22,0,511,0,0,0,0,0,395,94,22,0,511,0,0,0,511
10/22/2004,MCI,MO,ACE,CE,Combined TRACON& Tower with Radar,407,93,23,1,524,0,0,1,0,1,407,93,24,1,525,0,0,0,525
10/23/2004,MCI,MO,ACE,CE,Combined TRACON& Tower with Radar,300,74,6,0,380,0,2,10,0,12,300,76,16,0,392,0,0,0,392
10/24/2004,MCI,MO,ACE,CE,Combined TRACON& Tower with Radar,320,64,14,1,399,0,0,11,0,11,320,64,25,1,410,0,0,0,410
10/25/2004,MCI,MO,ACE,CE,Combined TRACON& Tower with Radar,359,86,15,0,460,0,0,5,0,5,359,86,20,0,465,0,0,0,465
10/26/2004,MCI,MO,ACE,CE,Combined TRACON& Tower with Radar,397,90,24,3,514,0,0,0,0,0,397,90,24,3,514,0,0,0,514
10/27/2004,MCI,MO,ACE,CE,Combined TRACON& Tower with Radar,379,85,21,1,486,0,0,0,0,0,379,85,21,1,486,0,0,0,486
10/28/2004,MCI,MO,ACE,CE,Combined TRACON& Tower with Radar,392,95,27,0,514,0,0,0,0,0,392,95,27,0,514,0,0,0,514
10/29/2004,MCI,MO,ACE,CE,Combined TRACON& Tower with Radar,406,98,29,0,533,0,0,5,0,5,406,98,34,0,538,0,0,0,538
10/30/2004,MCI,MO,ACE,CE,Combined TRACON& Tower with Radar,295,70,9,0,374,0,0,5,0,5,295,70,14,0,379,0,0,0,379
10/31/2004,MCI,MO,ACE,CE,Combined TRACON& Tower with Radar,277,63,16,5,361,0,0,5,0,5,277,63,21,5,366,0,0,0,366
11/01/2004,MCI,MO,ACE,CE,Combined TRACON& Tower with Radar,331,78,14,5,428,0,0,0,0,0,331,78,14,5,428,0,0,0,428
11/02/2004,MCI,MO,ACE,CE,Combined TRACON& Tower with Radar,369,81,10,7,467,0,0,5,0,5,369,81,15,7,472,0,0,0,472
11/03/2004,MCI,MO,ACE,CE,Combined TRACON& Tower with Radar,369,88,29,0,486,0,0,1,0,1,369,88,30,0,487,0,0,0,487
11/04/2004,MCI,MO,ACE,CE,Combined TRACON& Tower with Radar,371,92,16,0,479,0,2,8,0,10,371,94,24,0,489,0,0,0,489
11/05/2004,MCI,MO,ACE,CE,Combined TRACON& Tower with Radar,377,87,22,3,489,0,0,15,0,15,377,87,37,3,504,0,0,0,504
11/06/2004,MCI,MO,ACE,CE,Combined TRACON& Tower with Radar,296,72,4,5,377,0,0,8,0,8,296,72,12,5,385,0,0,0,385
11/07/2004,MCI,MO,ACE,CE,Combined TRACON& Tower with Radar,281,65,14,2,362,0,0,8,0,8,281,65,22,2,370,0,0,0,370
11/08/2004,MCI,MO,ACE,CE,Combined TRACON& Tower with Radar,330,95,15,0,440,0,2,10,0,12,330,97,25,0,452,0,0,0,452
11/09/2004,MCI,MO,ACE,CE,Combined TRACON& Tower with Radar,374,104,14,0,492,0,0,6,0,6,374,104,20,0,498,0,0,0,498
11/10/2004,MCI,MO,ACE,CE,Combined TRACON& Tower with Radar,364,103,22,3,492,0,0,5,1,6,364,103,27,4,498,0,0,0,498
11/11/2004,MCI,MO,ACE,CE,Combined TRACON& Tower with Radar,366,108,26,0,500,0,0,4,0,4,366,108,30,0,504,0,0,0,504
11/12/2004,MCI,MO,ACE,CE,Combined TRACON& Tower with Radar,371,101,21,0,493,0,1,13,0,14,371,102,34,0,507,0,0,0,507
11/13/2004,MCI,MO,ACE,CE,Combined TRACON& Tower with Radar,284,67,8,0,359,0,1,6,0,7,284,68,14,0,366,0,0,0,366
11/14/2004,MCI,MO,ACE,CE,Combined TRACON& Tower with Radar,288,63,5,0,356,0,0,1,0,1,288,63,6,0,357,0,0,0,357
11/15/2004,MCI,MO,ACE,CE,Combined TRACON& Tower with Radar,327,95,17,1,440,0,0,4,0,4,327,95,21,1,444,0,0,0,444
11/16/2004,MCI,MO,ACE,CE,Combined TRACON& Tower with Radar,369,90,31,5,495,0,0,1,0,1,369,90,32,5,496,0,0,0,496
11/17/2004,MCI,MO,ACE,CE,Combined TRACON& Tower with Radar,374,92,27,0,493,0,1,10,0,11,374,93,37,0,504,0,0,0,504
11/18/2004,MCI,MO,ACE,CE,Combined TRACON& Tower with Radar,355,102,32,0,489,0,0,2,0,2,355,102,34,0,491,0,0,0,491
11/19/2004,MCI,MO,ACE,CE,Combined TRACON& Tower with Radar,366,107,19,5,497,0,0,0,0,0,366,107,19,5,497,0,0,0,497
11/20/2004,MCI,MO,ACE,CE,Combined TRACON& Tower with Radar,285,76,5,2,368,0,0,4,0,4,285,76,9,2,372,0,0,0,372
11/21/2004,MCI,MO,ACE,CE,Combined TRACON& Tower with Radar,285,67,8,0,360,0,0,8,0,8,285,67,16,0,368,0,0,0,368
11/22/2004,MCI,MO,ACE,CE,Combined TRACON& Tower with Radar,321,91,20,4,436,0,0,3,0,3,321,91,23,4,439,0,0,0,439
11/23/2004,MCI,MO,ACE,CE,Combined TRACON& Tower with Radar,374,103,28,0,505,0,0,3,0,3,374,103,31,0,508,0,0,0,508
11/24/2004,MCI,MO,ACE,CE,Combined TRACON& Tower with Radar,366,97,15,0,478,0,0,5,0,5,366,97,20,0,483,0,0,0,483
11/25/2004,MCI,MO,ACE,CE,Combined TRACON& Tower with Radar,243,79,9,0,331,0,0,4,0,4,243,79,13,0,335,0,0,0,335
11/26/2004,MCI,MO,ACE,CE,Combined TRACON& Tower with Radar,234,75,7,0,316,0,0,0,0,0,234,75,7,0,316,0,0,0,316
11/27/2004,MCI,MO,ACE,CE,Combined TRACON& Tower with Radar,272,75,5,0,352,0,0,0,0,0,272,75,5,0,352,0,0,0,352
11/28/2004,MCI,MO,ACE,CE,Combined TRACON& Tower with Radar,308,75,15,0,398,0,0,3,0,3,308,75,18,0,401,0,0,0,401
11/29/2004,MCI,MO,ACE,CE,Combined TRACON& Tower with Radar,332,87,17,4,440,0,0,1,0,1,332,87,18,4,441,0,0,0,441
11/30/2004,MCI,MO,ACE,CE,Combined TRACON& Tower with Radar,382,106,12,2,502,0,0,0,0,0,382,106,12,2,502,0,0,0,502
12/01/2004,MCI,MO,ACE,CE,Combined TRACON& Tower with Radar,371,90,15,3,479,0,2,17,0,19,371,92,32,3,498,0,0,0,498
12/02/2004,MCI,MO,ACE,CE,Combined TRACON& Tower with Radar,362,100,23,6,491,0,1,12,3,16,362,101,35,9,507,0,0,0,507
12/03/2004,MCI,MO,ACE,CE,Combined TRACON& Tower with Radar,373,104,15,1,493,0,2,7,0,9,373,106,22,1,502,0,0,0,502
12/04/2004,MCI,MO,ACE,CE,Combined TRACON& Tower with Radar,294,83,8,0,385,0,0,12,2,14,294,83,20,2,399,0,0,0,399
12/05/2004,MCI,MO,ACE,CE,Combined TRACON& Tower with Radar,283,60,7,0,350,0,0,2,0,2,283,60,9,0,352,0,0,0,352
12/06/2004,MCI,MO,ACE,CE,Combined TRACON& Tower with Radar,326,80,10,4,420,0,0,2,0,2,326,80,12,4,422,0,0,0,422
12/07/2004,MCI,MO,ACE,CE,Combined TRACON& Tower with Radar,362,111,14,0,487,0,2,4,0,6,362,113,18,0,493,0,0,0,493
12/08/2004,MCI,MO,ACE,CE,Combined TRACON& Tower with Radar,367,102,10,0,479,0,0,8,0,8,367,102,18,0,487,0,0,0,487
12/09/2004,MCI,MO,ACE,CE,Combined TRACON& Tower with Radar,356,107,32,8,503,0,0,6,0,6,356,107,38,8,509,0,0,0,509
12/10/2004,MCI,MO,ACE,CE,Combined TRACON& Tower with Radar,376,110,16,0,502,0,0,5,0,5,376,110,21,0,507,0,0,0,507
12/11/2004,MCI,MO,ACE,CE,Combined TRACON& Tower with Radar,289,79,9,0,377,0,0,6,1,7,289,79,15,1,384,0,0,0,384
12/12/2004,MCI,MO,ACE,CE,Combined TRACON& Tower with Radar,284,66,5,0,355,0,0,2,0,2,284,66,7,0,357,0,0,0,357
12/13/2004,MCI,MO,ACE,CE,Combined TRACON& Tower with Radar,329,76,12,0,417,0,0,5,0,5,329,76,17,0,422,0,0,0,422
12/14/2004,MCI,MO,ACE,CE,Combined TRACON& Tower with Radar,375,98,11,5,489,0,4,2,0,6,375,102,13,5,495,0,0,0,495
12/15/2004,MCI,MO,ACE,CE,Combined TRACON& Tower with Radar,377,100,28,11,516,0,0,9,0,9,377,100,37,11,525,0,0,0,525
12/16/2004,MCI,MO,ACE,CE,Combined TRACON& Tower with Radar,375,106,11,4,496,0,0,6,0,6,375,106,17,4,502,0,0,0,502
12/17/2004,MCI,MO,ACE,CE,Combined TRACON& Tower with Radar,381,97,17,4,499,0,1,8,0,9,381,98,25,4,508,0,0,0,508
12/18/2004,MCI,MO,ACE,CE,Combined TRACON& Tower with Radar,281,74,7,0,362,0,0,0,0,0,281,74,7,0,362,0,0,0,362
12/19/2004,MCI,MO,ACE,CE,Combined TRACON& Tower with Radar,274,61,6,0,341,0,0,10,0,10,274,61,16,0,351,0,0,0,351
12/20/2004,MCI,MO,ACE,CE,Combined TRACON& Tower with Radar,324,98,10,2,434,0,0,3,0,3,324,98,13,2,437,0,0,0,437
12/21/2004,MCI,MO,ACE,CE,Combined TRACON& Tower with Radar,387,100,13,0,500,0,0,3,0,3,387,100,16,0,503,0,0,0,503
12/22/2004,MCI,MO,ACE,CE,Combined TRACON& Tower with Radar,360,94,13,2,469,0,0,6,0,6,360,94,19,2,475,0,0,0,475
12/23/2004,MCI,MO,ACE,CE,Combined TRACON& Tower with Radar,337,81,15,0,433,0,0,6,0,6,337,81,21,0,439,0,0,0,439
12/24/2004,MCI,MO,ACE,CE,Combined TRACON& Tower with Radar,351,83,7,0,441,0,0,6,0,6,351,83,13,0,447,0,0,0,447
12/25/2004,MCI,MO,ACE,CE,Combined TRACON& Tower with Radar,237,63,1,0,301,0,0,4,0,4,237,63,5,0,305,0,0,0,305
12/26/2004,MCI,MO,ACE,CE,Combined TRACON& Tower with Radar,303,59,10,0,372,0,0,5,0,5,303,59,15,0,377,0,0,0,377
12/27/2004,MCI,MO,ACE,CE,Combined TRACON& Tower with Radar,335,92,11,0,438,0,0,8,1,9,335,92,19,1,447,0,0,0,447
12/28/2004,MCI,MO,ACE,CE,Combined TRACON& Tower with Radar,359,94,10,0,463,0,3,1,0,4,359,97,11,0,467,0,0,0,467
12/29/2004,MCI,MO,ACE,CE,Combined TRACON& Tower with Radar,359,103,24,3,489,0,1,5,0,6,359,104,29,3,495,0,0,0,495
12/30/2004,MCI,MO,ACE,CE,Combined TRACON& Tower with Radar,359,91,14,0,464,0,0,6,0,6,359,91,20,0,470,0,0,0,470
12/31/2004,MCI,MO,ACE,CE,Combined TRACON& Tower with Radar,307,91,5,0,403,0,0,7,0,7,307,91,12,0,410,0,0,0,410
01/01/2005,MCI,MO,ACE,CE,Combined TRACON& Tower with Radar,244,63,4,0,311,0,0,1,0,1,244,63,5,0,312,0,0,0,312
01/02/2005,MCI,MO,ACE,CE,Combined TRACON& Tower with Radar,299,61,2,0,362,0,0,0,0,0,299,61,2,0,362,0,0,0,362
01/03/2005,MCI,MO,ACE,CE,Combined TRACON& Tower with Radar,327,84,10,0,421,0,0,0,0,0,327,84,10,0,421,0,0,0,421
01/04/2005,MCI,MO,ACE,CE,Combined TRACON& Tower with Radar,249,56,2,0,307,0,0,0,0,0,249,56,2,0,307,0,0,0,307
01/05/2005,MCI,MO,ACE,CE,Combined TRACON& Tower with Radar,256,60,7,0,323,0,0,0,0,0,256,60,7,0,323,0,0,0,323
01/06/2005,MCI,MO,ACE,CE,Combined TRACON& Tower with Radar,347,113,21,4,485,0,0,3,0,3,347,113,24,4,488,0,0,0,488
01/07/2005,MCI,MO,ACE,CE,Combined TRACON& Tower with Radar,357,101,28,0,486,0,0,2,0,2,357,101,30,0,488,0,0,0,488
01/08/2005,MCI,MO,ACE,CE,Combined TRACON& Tower with Radar,328,93,11,0,432,0,0,0,0,0,328,93,11,0,432,0,0,0,432
01/09/2005,MCI,MO,ACE,CE,Combined TRACON& Tower with Radar,272,71,9,0,352,0,0,1,0,1,272,71,10,0,353,0,0,0,353
01/10/2005,MCI,MO,ACE,CE,Combined TRACON& Tower with Radar,330,91,10,2,433,0,0,0,0,0,330,91,10,2,433,0,0,0,433
01/11/2005,MCI,MO,ACE,CE,Combined TRACON& Tower with Radar,353,84,0,2,439,0,0,0,0,0,353,84,0,2,439,0,0,0,439
01/12/2005,MCI,MO,ACE,CE,Combined TRACON& Tower with Radar,344,94,15,0,453,0,0,0,0,0,344,94,15,0,453,0,0,0,453
01/13/2005,MCI,MO,ACE,CE,Combined TRACON& Tower with Radar,357,102,26,9,494,0,0,5,0,5,357,102,31,9,499,0,0,0,499
01/14/2005,MCI,MO,ACE,CE,Combined TRACON& Tower with Radar,362,108,18,0,488,0,0,9,0,9,362,108,27,0,497,0,0,0,497
01/15/2005,MCI,MO,ACE,CE,Combined TRACON& Tower with Radar,290,75,9,0,374,0,0,4,0,4,290,75,13,0,378,0,0,0,378
01/16/2005,MCI,MO,ACE,CE,Combined TRACON& Tower with Radar,289,78,13,0,380,0,0,11,0,11,289,78,24,0,391,0,0,0,391
01/17/2005,MCI,MO,ACE,CE,Combined TRACON& Tower with Radar,324,94,12,0,430,0,0,5,0,5,324,94,17,0,435,0,0,0,435
01/18/2005,MCI,MO,ACE,CE,Combined TRACON& Tower with Radar,360,91,20,10,481,0,0,3,0,3,360,91,23,10,484,0,0,0,484
01/19/2005,MCI,MO,ACE,CE,Combined TRACON& Tower with Radar,353,91,32,1,477,0,0,4,0,4,353,91,36,1,481,0,0,0,481
01/20/2005,MCI,MO,ACE,CE,Combined TRACON& Tower with Radar,352,110,8,2,472,0,0,12,0,12,352,110,20,2,484,0,0,0,484
01/21/2005,MCI,MO,ACE,CE,Combined TRACON& Tower with Radar,358,101,14,4,477,0,0,0,0,0,358,101,14,4,477,0,0,0,477
01/22/2005,MCI,MO,ACE,CE,Combined TRACON& Tower with Radar,267,72,5,0,344,0,0,1,0,1,267,72,6,0,345,0,0,0,345
01/23/2005,MCI,MO,ACE,CE,Combined TRACON& Tower with Radar,280,66,4,2,352,0,0,7,0,7,280,66,11,2,359,0,0,0,359
01/24/2005,MCI,MO,ACE,CE,Combined TRACON& Tower with Radar,325,88,19,0,432,0,0,11,0,11,325,88,30,0,443,0,0,0,443
01/25/2005,MCI,MO,ACE,CE,Combined TRACON& Tower with Radar,364,96,22,4,486,0,0,6,0,6,364,96,28,4,492,0,0,0,492
01/26/2005,MCI,MO,ACE,CE,Combined TRACON& Tower with Radar,353,98,25,3,479,0,0,2,0,2,353,98,27,3,481,0,0,0,481
01/27/2005,MCI,MO,ACE,CE,Combined TRACON& Tower with Radar,358,103,15,0,476,0,0,4,0,4,358,103,19,0,480,0,0,0,480
01/28/2005,MCI,MO,ACE,CE,Combined TRACON& Tower with Radar,352,97,8,4,461,0,0,1,0,1,352,97,9,4,462,0,0,0,462
01/29/2005,MCI,MO,ACE,CE,Combined TRACON& Tower with Radar,277,78,11,0,366,0,0,0,0,0,277,78,11,0,366,0,0,0,366
01/30/2005,MCI,MO,ACE,CE,Combined TRACON& Tower with Radar,273,69,8,0,350,0,0,1,0,1,273,69,9,0,351,0,0,0,351
01/31/2005,MCI,MO,ACE,CE,Combined TRACON& Tower with Radar,334,78,10,2,424,0,0,0,0,0,334,78,10,2,424,0,0,0,424
02/01/2005,MCI,MO,ACE,CE,Combined TRACON& Tower with Radar,363,83,15,0,461,0,0,1,0,1,363,83,16,0,462,0,0,0,462
02/02/2005,MCI,MO,ACE,CE,Combined TRACON& Tower with Radar,361,81,7,4,453,0,0,6,0,6,361,81,13,4,459,0,0,0,459
02/03/2005,MCI,MO,ACE,CE,Combined TRACON& Tower with Radar,380,82,15,3,480,0,0,9,0,9,380,82,24,3,489,0,0,0,489
02/04/2005,MCI,MO,ACE,CE,Combined TRACON& Tower with Radar,371,94,6,0,471,0,0,10,0,10,371,94,16,0,481,0,0,0,481
02/05/2005,MCI,MO,ACE,CE,Combined TRACON& Tower with Radar,297,58,13,2,370,0,0,5,0,5,297,58,18,2,375,0,0,0,375
02/06/2005,MCI,MO,ACE,CE,Combined TRACON& Tower with Radar,298,57,2,0,357,1,1,0,0,2,299,58,2,0,359,0,0,0,359
02/07/2005,MCI,MO,ACE,CE,Combined TRACON& Tower with Radar,331,69,11,2,413,0,0,0,0,0,331,69,11,2,413,0,0,0,413
02/08/2005,MCI,MO,ACE,CE,Combined TRACON& Tower with Radar,367,73,17,2,459,0,0,0,0,0,367,73,17,2,459,0,0,0,459
02/09/2005,MCI,MO,ACE,CE,Combined TRACON& Tower with Radar,385,73,25,2,485,0,0,6,0,6,385,73,31,2,491,0,0,0,491
02/10/2005,MCI,MO,ACE,CE,Combined TRACON& Tower with Radar,379,84,8,0,471,0,0,7,0,7,379,84,15,0,478,0,0,0,478
02/11/2005,MCI,MO,ACE,CE,Combined TRACON& Tower with Radar,370,84,9,0,463,0,3,7,0,10,370,87,16,0,473,0,0,0,473
02/12/2005,MCI,MO,ACE,CE,Combined TRACON& Tower with Radar,291,53,1,0,345,0,0,4,0,4,291,53,5,0,349,0,0,0,349
02/13/2005,MCI,MO,ACE,CE,Combined TRACON& Tower with Radar,294,58,12,0,364,0,0,0,0,0,294,58,12,0,364,0,0,0,364
02/14/2005,MCI,MO,ACE,CE,Combined TRACON& Tower with Radar,337,76,33,13,459,0,0,4,0,4,337,76,37,13,463,0,0,0,463
02/15/2005,MCI,MO,ACE,CE,Combined TRACON& Tower with Radar,367,76,20,12,475,0,0,2,0,2,367,76,22,12,477,0,0,0,477
02/16/2005,MCI,MO,ACE,CE,Combined TRACON& Tower with Radar,371,83,28,4,486,0,0,5,0,5,371,83,33,4,491,0,0,0,491
02/17/2005,MCI,MO,ACE,CE,Combined TRACON& Tower with Radar,369,88,17,1,475,0,0,11,0,11,369,88,28,1,486,0,0,0,486
02/18/2005,MCI,MO,ACE,CE,Combined TRACON& Tower with Radar,371,80,4,5,460,0,0,5,0,5,371,80,9,5,465,0,0,0,465
02/19/2005,MCI,MO,ACE,CE,Combined TRACON& Tower with Radar,293,57,4,0,354,0,0,0,0,0,293,57,4,0,354,0,0,0,354
02/20/2005,MCI,MO,ACE,CE,Combined TRACON& Tower with Radar,288,61,8,0,357,0,0,2,0,2,288,61,10,0,359,0,0,0,359
02/21/2005,MCI,MO,ACE,CE,Combined TRACON& Tower with Radar,316,75,16,0,407,0,0,0,0,0,316,75,16,0,407,0,0,0,407
02/22/2005,MCI,MO,ACE,CE,Combined TRACON& Tower with Radar,379,81,14,0,474,0,0,1,0,1,379,81,15,0,475,0,0,0,475
02/23/2005,MCI,MO,ACE,CE,Combined TRACON& Tower with Radar,362,80,13,2,457,0,0,4,0,4,362,80,17,2,461,0,0,0,461
02/24/2005,MCI,MO,ACE,CE,Combined TRACON& Tower with Radar,358,83,22,3,466,0,0,9,0,9,358,83,31,3,475,0,0,0,475
02/25/2005,MCI,MO,ACE,CE,Combined TRACON& Tower with Radar,401,89,15,2,507,0,0,9,0,9,401,89,24,2,516,0,0,0,516
02/26/2005,MCI,MO,ACE,CE,Combined TRACON& Tower with Radar,296,56,9,0,361,0,0,11,0,11,296,56,20,0,372,0,0,0,372
02/27/2005,MCI,MO,ACE,CE,Combined TRACON& Tower with Radar,298,62,17,0,377,0,0,3,0,3,298,62,20,0,380,0,0,0,380
02/28/2005,MCI,MO,ACE,CE,Combined TRACON& Tower with Radar,366,43,22,0,431,0,0,7,0,7,366,43,29,0,438,0,0,0,438
03/01/2005,MCI,MO,ACE,CE,Combined TRACON& Tower with Radar,403,39,16,2,460,0,0,17,0,17,403,39,33,2,477,0,0,0,477
03/02/2005,MCI,MO,ACE,CE,Combined TRACON& Tower with Radar,419,38,13,0,470,0,0,23,0,23,419,38,36,0,493,0,0,0,493
03/03/2005,MCI,MO,ACE,CE,Combined TRACON& Tower with Radar,425,38,30,2,495,0,0,5,0,5,425,38,35,2,500,0,0,0,500
03/04/2005,MCI,MO,ACE,CE,Combined TRACON& Tower with Radar,434,39,14,0,487,0,0,12,0,12,434,39,26,0,499,0,0,0,499
03/05/2005,MCI,MO,ACE,CE,Combined TRACON& Tower with Radar,338,25,20,1,384,0,0,15,0,15,338,25,35,1,399,0,0,0,399
03/06/2005,MCI,MO,ACE,CE,Combined TRACON& Tower with Radar,339,13,9,0,361,0,0,18,1,19,339,13,27,1,380,0,0,0,380
03/07/2005,MCI,MO,ACE,CE,Combined TRACON& Tower with Radar,391,33,19,0,443,0,0,6,0,6,391,33,25,0,449,0,0,0,449
03/08/2005,MCI,MO,ACE,CE,Combined TRACON& Tower with Radar,365,78,12,2,457,0,0,12,0,12,365,78,24,2,469,0,0,0,469
03/09/2005,MCI,MO,ACE,CE,Combined TRACON& Tower with Radar,371,89,17,4,481,0,0,8,0,8,371,89,25,4,489,0,0,0,489
03/10/2005,MCI,MO,ACE,CE,Combined TRACON& Tower with Radar,371,89,17,4,481,0,0,8,0,8,371,89,25,4,489,0,0,0,489
03/11/2005,MCI,MO,ACE,CE,Combined TRACON& Tower with Radar,368,89,17,0,474,0,2,10,0,12,368,91,27,0,486,0,0,0,486
03/12/2005,MCI,MO,ACE,CE,Combined TRACON& Tower with Radar,304,65,7,0,376,0,0,1,0,1,304,65,8,0,377,0,0,0,377
03/13/2005,MCI,MO,ACE,CE,Combined TRACON& Tower with Radar,307,64,8,0,379,0,0,8,0,8,307,64,16,0,387,0,0,0,387
03/14/2005,MCI,MO,ACE,CE,Combined TRACON& Tower with Radar,329,81,15,1,426,0,0,17,0,17,329,81,32,1,443,0,0,0,443
03/15/2005,MCI,MO,ACE,CE,Combined TRACON& Tower with Radar,370,86,15,1,472,0,0,6,0,6,370,86,21,1,478,0,0,0,478
03/16/2005,MCI,MO,ACE,CE,Combined TRACON& Tower with Radar,362,92,21,2,477,0,0,7,0,7,362,92,28,2,484,0,0,0,484
03/17/2005,MCI,MO,ACE,CE,Combined TRACON& Tower with Radar,382,92,17,0,491,0,0,10,0,10,382,92,27,0,501,0,0,0,501
03/18/2005,MCI,MO,ACE,CE,Combined TRACON& Tower with Radar,370,90,19,0,479,0,0,1,0,1,370,90,20,0,480,0,0,0,480
03/19/2005,MCI,MO,ACE,CE,Combined TRACON& Tower with Radar,311,67,12,0,390,0,0,14,0,14,311,67,26,0,404,0,0,0,404
03/20/2005,MCI,MO,ACE,CE,Combined TRACON& Tower with Radar,310,58,5,0,373,0,0,11,0,11,310,58,16,0,384,0,0,0,384
03/21/2005,MCI,MO,ACE,CE,Combined TRACON& Tower with Radar,328,81,11,3,423,0,0,5,0,5,328,81,16,3,428,0,0,0,428
03/22/2005,MCI,MO,ACE,CE,Combined TRACON& Tower with Radar,367,85,10,6,468,0,0,0,0,0,367,85,10,6,468,0,0,0,468
03/23/2005,MCI,MO,ACE,CE,Combined TRACON& Tower with Radar,367,85,10,6,468,0,0,0,0,0,367,85,10,6,468,0,0,0,468
03/24/2005,MCI,MO,ACE,CE,Combined TRACON& Tower with Radar,367,92,23,2,484,0,0,6,0,6,367,92,29,2,490,0,0,0,490
03/25/2005,MCI,MO,ACE,CE,Combined TRACON& Tower with Radar,374,87,9,4,474,0,0,0,0,0,374,87,9,4,474,0,0,0,474
03/26/2005,MCI,MO,ACE,CE,Combined TRACON& Tower with Radar,308,61,6,0,375,0,0,1,0,1,308,61,7,0,376,0,0,0,376
03/27/2005,MCI,MO,ACE,CE,Combined TRACON& Tower with Radar,294,65,4,2,365,0,0,3,0,3,294,65,7,2,368,0,0,0,368
03/28/2005,MCI,MO,ACE,CE,Combined TRACON& Tower with Radar,338,84,25,4,451,0,0,40,0,40,338,84,65,4,491,0,0,0,491
03/29/2005,MCI,MO,ACE,CE,Combined TRACON& Tower with Radar,379,96,28,4,507,0,0,19,0,19,379,96,47,4,526,0,0,0,526
03/30/2005,MCI,MO,ACE,CE,Combined TRACON& Tower with Radar,380,96,28,4,508,0,0,19,0,19,380,96,47,4,527,0,0,0,527
03/31/2005,MCI,MO,ACE,CE,Combined TRACON& Tower with Radar,370,99,32,6,507,0,0,16,0,16,370,99,48,6,523,0,0,0,523
04/01/2005,MCI,MO,ACE,CE,Combined TRACON& Tower with Radar,366,107,13,0,486,0,0,15,0,15,366,107,28,0,501,0,0,0,501
04/02/2005,MCI,MO,ACE,CE,Combined TRACON& Tower with Radar,285,64,16,3,368,0,0,18,4,22,285,64,34,7,390,0,0,0,390
04/03/2005,MCI,MO,ACE,CE,Combined TRACON& Tower with Radar,307,60,20,0,387,0,0,13,0,13,307,60,33,0,400,0,0,0,400
04/04/2005,MCI,MO,ACE,CE,Combined TRACON& Tower with Radar,342,90,23,2,457,0,0,8,0,8,342,90,31,2,465,0,0,0,465
04/05/2005,MCI,MO,ACE,CE,Combined TRACON& Tower with Radar,366,93,31,0,490,0,0,6,0,6,366,93,37,0,496,0,0,0,496
04/06/2005,MCI,MO,ACE,CE,Combined TRACON& Tower with Radar,373,99,21,6,499,0,0,1,0,1,373,99,22,6,500,0,0,0,500
04/07/2005,MCI,MO,ACE,CE,Combined TRACON& Tower with Radar,367,107,21,2,497,0,0,2,0,2,367,107,23,2,499,0,0,0,499
04/08/2005,MCI,MO,ACE,CE,Combined TRACON& Tower with Radar,373,96,18,4,491,0,0,13,0,13,373,96,31,4,504,0,0,0,504
04/09/2005,MCI,MO,ACE,CE,Combined TRACON& Tower with Radar,289,58,3,1,351,0,2,16,2,20,289,60,19,3,371,0,0,0,371
04/10/2005,MCI,MO,ACE,CE,Combined TRACON& Tower with Radar,290,68,10,0,368,0,0,9,0,9,290,68,19,0,377,0,0,0,377
04/11/2005,MCI,MO,ACE,CE,Combined TRACON& Tower with Radar,334,83,23,0,440,0,0,2,0,2,334,83,25,0,442,0,0,0,442
04/12/2005,MCI,MO,ACE,CE,Combined TRACON& Tower with Radar,334,82,23,0,439,0,0,2,0,2,334,82,25,0,441,0,0,0,441
04/13/2005,MCI,MO,ACE,CE,Combined TRACON& Tower with Radar,369,100,39,4,512,0,0,0,0,0,369,100,39,4,512,0,0,0,512
04/14/2005,MCI,MO,ACE,CE,Combined TRACON& Tower with Radar,368,93,24,0,485,0,0,13,0,13,368,93,37,0,498,0,0,0,498
04/15/2005,MCI,MO,ACE,CE,Combined TRACON& Tower with Radar,369,101,25,0,495,0,0,13,0,13,369,101,38,0,508,0,0,0,508
04/16/2005,MCI,MO,ACE,CE,Combined TRACON& Tower with Radar,294,58,18,1,371,0,0,11,0,11,294,58,29,1,382,0,0,0,382
04/17/2005,MCI,MO,ACE,CE,Combined TRACON& Tower with Radar,306,73,12,1,392,0,0,10,0,10,306,73,22,1,402,0,0,0,402
04/18/2005,MCI,MO,ACE,CE,Combined TRACON& Tower with Radar,336,85,35,0,456,0,0,12,1,13,336,85,47,1,469,0,0,0,469
04/19/2005,MCI,MO,ACE,CE,Combined TRACON& Tower with Radar,372,94,38,3,507,0,1,5,0,6,372,95,43,3,513,0,0,0,513
04/20/2005,MCI,MO,ACE,CE,Combined TRACON& Tower with Radar,369,97,30,5,501,0,0,1,0,1,369,97,31,5,502,0,0,0,502
04/21/2005,MCI,MO,ACE,CE,Combined TRACON& Tower with Radar,369,99,41,0,509,0,0,9,0,9,369,99,50,0,518,0,0,0,518
04/22/2005,MCI,MO,ACE,CE,Combined TRACON& Tower with Radar,368,108,26,3,505,0,0,3,0,3,368,108,29,3,508,0,0,0,508
04/23/2005,MCI,MO,ACE,CE,Combined TRACON& Tower with Radar,297,64,19,2,382,0,0,3,0,3,297,64,22,2,385,0,0,0,385
04/24/2005,MCI,MO,ACE,CE,Combined TRACON& Tower with Radar,297,64,19,2,382,0,0,3,0,3,297,64,22,2,385,0,0,0,385
04/25/2005,MCI,MO,ACE,CE,Combined TRACON& Tower with Radar,297,64,19,2,382,0,0,3,0,3,297,64,22,2,385,0,0,0,385
04/26/2005,MCI,MO,ACE,CE,Combined TRACON& Tower with Radar,368,96,27,1,492,0,0,16,0,16,368,96,43,1,508,0,0,0,508
04/27/2005,MCI,MO,ACE,CE,Combined TRACON& Tower with Radar,369,97,38,4,508,0,0,0,0,0,369,97,38,4,508,0,0,0,508
04/28/2005,MCI,MO,ACE,CE,Combined TRACON& Tower with Radar,374,108,48,1,531,0,0,0,0,0,374,108,48,1,531,0,0,0,531
04/29/2005,MCI,MO,ACE,CE,Combined TRACON& Tower with Radar,376,93,28,0,497,0,0,11,0,11,376,93,39,0,508,2,0,2,510
04/30/2005,MCI,MO,ACE,CE,Combined TRACON& Tower with Radar,289,59,11,0,359,0,0,12,0,12,289,59,23,0,371,0,0,0,371
05/01/2005,MCI,MO,ACE,CE,Combined TRACON& Tower with Radar,310,73,15,0,398,0,0,6,0,6,310,73,21,0,404,0,0,0,404
05/02/2005,MCI,MO,ACE,CE,Combined TRACON& Tower with Radar,351,98,30,1,480,0,0,12,0,12,351,98,42,1,492,0,0,0,492
05/03/2005,MCI,MO,ACE,CE,Combined TRACON& Tower with Radar,361,94,30,7,492,0,0,12,1,13,361,94,42,8,505,2,0,2,507
05/04/2005,MCI,MO,ACE,CE,Combined TRACON& Tower with Radar,387,117,38,0,542,0,0,12,0,12,387,117,50,0,554,0,0,0,554
05/05/2005,MCI,MO,ACE,CE,Combined TRACON& Tower with Radar,387,117,38,0,542,0,0,12,0,12,387,117,50,0,554,0,0,0,554
05/06/2005,MCI,MO,ACE,CE,Combined TRACON& Tower with Radar,390,102,28,4,524,0,0,13,0,13,390,102,41,4,537,0,0,0,537
05/07/2005,MCI,MO,ACE,CE,Combined TRACON& Tower with Radar,302,72,9,0,383,0,0,4,0,4,302,72,13,0,387,0,0,0,387
05/08/2005,MCI,MO,ACE,CE,Combined TRACON& Tower with Radar,305,74,18,0,397,0,0,4,0,4,305,74,22,0,401,0,0,0,401
05/09/2005,MCI,MO,ACE,CE,Combined TRACON& Tower with Radar,349,91,31,0,471,0,0,11,0,11,349,91,42,0,482,0,0,0,482
05/10/2005,MCI,MO,ACE,CE,Combined TRACON& Tower with Radar,377,105,26,2,510,0,0,16,0,16,377,105,42,2,526,0,0,0,526
05/11/2005,MCI,MO,ACE,CE,Combined TRACON& Tower with Radar,380,112,27,0,519,0,0,9,0,9,380,112,36,0,528,0,0,0,528
05/12/2005,MCI,MO,ACE,CE,Combined TRACON& Tower with Radar,378,107,34,2,521,0,0,2,0,2,378,107,36,2,523,0,0,0,523
05/13/2005,MCI,MO,ACE,CE,Combined TRACON& Tower with Radar,385,104,16,0,505,0,0,0,0,0,385,104,16,0,505,0,0,0,505
05/14/2005,MCI,MO,ACE,CE,Combined TRACON& Tower with Radar,316,76,4,0,396,0,0,4,0,4,316,76,8,0,400,0,0,0,400
05/15/2005,MCI,MO,ACE,CE,Combined TRACON& Tower with Radar,316,76,4,0,396,0,0,4,0,4,316,76,8,0,400,0,0,0,400
05/16/2005,MCI,MO,ACE,CE,Combined TRACON& Tower with Radar,351,96,30,3,480,0,0,12,0,12,351,96,42,3,492,0,0,0,492
05/17/2005,MCI,MO,ACE,CE,Combined TRACON& Tower with Radar,376,90,47,1,514,0,0,12,0,12,376,90,59,1,526,4,0,4,530
05/18/2005,MCI,MO,ACE,CE,Combined TRACON& Tower with Radar,390,105,33,6,534,0,0,12,0,12,390,105,45,6,546,0,0,0,546
05/19/2005,MCI,MO,ACE,CE,Combined TRACON& Tower with Radar,382,106,33,7,528,0,0,8,1,9,382,106,41,8,537,0,0,0,537
05/20/2005,MCI,MO,ACE,CE,Combined TRACON& Tower with Radar,391,106,38,3,538,0,0,10,0,10,391,106,48,3,548,0,0,0,548
05/21/2005,MCI,MO,ACE,CE,Combined TRACON& Tower with Radar,310,78,16,2,406,0,0,17,0,17,310,78,33,2,423,2,0,2,425
05/22/2005,MCI,MO,ACE,CE,Combined TRACON& Tower with Radar,311,83,20,0,414,0,0,4,0,4,311,83,24,0,418,0,0,0,418
05/23/2005,MCI,MO,ACE,CE,Combined TRACON& Tower with Radar,311,83,20,0,414,0,0,4,0,4,311,83,24,0,418,0,0,0,418
05/24/2005,MCI,MO,ACE,CE,Combined TRACON& Tower with Radar,379,100,33,0,512,0,0,15,0,15,379,100,48,0,527,10,0,10,537
05/25/2005,MCI,MO,ACE,CE,Combined TRACON& Tower with Radar,375,98,48,0,521,0,0,5,0,5,375,98,53,0,526,0,0,0,526
05/26/2005,MCI,MO,ACE,CE,Combined TRACON& Tower with Radar,395,102,28,1,526,0,0,7,0,7,395,102,35,1,533,0,0,0,533
05/27/2005,MCI,MO,ACE,CE,Combined TRACON& Tower with Radar,377,109,21,1,508,0,0,3,0,3,377,109,24,1,511,0,0,0,511
05/28/2005,MCI,MO,ACE,CE,Combined TRACON& Tower with Radar,306,70,8,0,384,0,0,22,0,22,306,70,30,0,406,0,0,0,406
05/29/2005,MCI,MO,ACE,CE,Combined TRACON& Tower with Radar,266,59,4,0,329,0,0,6,0,6,266,59,10,0,335,2,0,2,337
05/30/2005,MCI,MO,ACE,CE,Combined TRACON& Tower with Radar,332,94,12,0,438,0,0,8,0,8,332,94,20,0,446,0,0,0,446
05/31/2005,MCI,MO,ACE,CE,Combined TRACON& Tower with Radar,344,98,32,2,476,0,0,4,0,4,344,98,36,2,480,0,0,0,480
06/01/2005,MCI,MO,ACE,CE,Combined TRACON& Tower with Radar,379,112,32,0,523,0,0,6,0,6,379,112,38,0,529,0,0,0,529
06/02/2005,MCI,MO,ACE,CE,Combined TRACON& Tower with Radar,390,117,42,2,551,0,0,11,0,11,390,117,53,2,562,0,0,0,562
06/03/2005,MCI,MO,ACE,CE,Combined TRACON& Tower with Radar,382,95,20,1,498,0,0,7,0,7,382,95,27,1,505,0,0,0,505
06/04/2005,MCI,MO,ACE,CE,Combined TRACON& Tower with Radar,303,74,13,0,390,0,0,4,0,4,303,74,17,0,394,0,0,0,394
06/05/2005,MCI,MO,ACE,CE,Combined TRACON& Tower with Radar,305,75,17,0,397,0,0,0,0,0,305,75,17,0,397,4,0,4,401
06/06/2005,MCI,MO,ACE,CE,Combined TRACON& Tower with Radar,343,95,34,2,474,0,0,16,0,16,343,95,50,2,490,0,0,0,490
06/07/2005,MCI,MO,ACE,CE,Combined TRACON& Tower with Radar,383,111,39,0,533,0,0,12,0,12,383,111,51,0,545,6,0,6,551
06/08/2005,MCI,MO,ACE,CE,Combined TRACON& Tower with Radar,386,111,32,2,531,0,0,12,0,12,386,111,44,2,543,0,0,0,543
06/09/2005,MCI,MO,ACE,CE,Combined TRACON& Tower with Radar,387,116,25,0,528,0,0,5,0,5,387,116,30,0,533,0,0,0,533
06/10/2005,MCI,MO,ACE,CE,Combined TRACON& Tower with Radar,380,100,26,1,507,0,0,0,0,0,380,100,26,1,507,0,2,2,509
06/11/2005,MCI,MO,ACE,CE,Combined TRACON& Tower with Radar,328,74,9,0,411,0,0,4,0,4,328,74,13,0,415,0,0,0,415
06/12/2005,MCI,MO,ACE,CE,Combined TRACON& Tower with Radar,300,78,11,0,389,0,0,4,0,4,300,78,15,0,393,20,0,20,413
06/13/2005,MCI,MO,ACE,CE,Combined TRACON& Tower with Radar,364,110,34,6,514,0,0,6,0,6,364,110,40,6,520,0,0,0,520
06/14/2005,MCI,MO,ACE,CE,Combined TRACON& Tower with Radar,386,125,39,2,552,0,0,11,0,11,386,125,50,2,563,0,0,0,563
06/15/2005,MCI,MO,ACE,CE,Combined TRACON& Tower with Radar,389,105,34,0,528,0,0,14,0,14,389,105,48,0,542,0,0,0,542
06/16/2005,MCI,MO,ACE,CE,Combined TRACON& Tower with Radar,382,103,22,3,510,0,0,11,0,11,382,103,33,3,521,0,0,0,521
06/17/2005,MCI,MO,ACE,CE,Combined TRACON& Tower with Radar,382,103,22,3,510,0,0,11,0,11,382,103,33,3,521,0,0,0,521
06/18/2005,MCI,MO,ACE,CE,Combined TRACON& Tower with Radar,311,78,8,0,397,0,0,0,0,0,311,78,8,0,397,0,0,0,397
06/19/2005,MCI,MO,ACE,CE,Combined TRACON& Tower with Radar,409,97,12,0,518,0,0,18,0,18,409,97,30,0,536,0,0,0,536
06/20/2005,MCI,MO,ACE,CE,Combined TRACON& Tower with Radar,348,92,36,1,477,0,0,7,0,7,348,92,43,1,484,0,0,0,484
06/21/2005,MCI,MO,ACE,CE,Combined TRACON& Tower with Radar,385,102,38,4,529,0,2,25,0,27,385,104,63,4,556,0,0,0,556
06/22/2005,MCI,MO,ACE,CE,Combined TRACON& Tower with Radar,373,108,35,0,516,0,0,29,0,29,373,108,64,0,545,16,0,16,561
06/23/2005,MCI,MO,ACE,CE,Combined TRACON& Tower with Radar,391,123,34,2,550,0,0,14,0,14,391,123,48,2,564,0,0,0,564
06/24/2005,MCI,MO,ACE,CE,Combined TRACON& Tower with Radar,387,101,24,0,512,4,22,24,2,52,391,123,48,2,564,0,0,0,564
06/25/2005,MCI,MO,ACE,CE,Combined TRACON& Tower with Radar,319,77,4,0,400,0,0,7,0,7,319,77,11,0,407,0,0,0,407
06/26/2005,MCI,MO,ACE,CE,Combined TRACON& Tower with Radar,310,91,23,0,424,0,0,18,0,18,310,91,41,0,442,0,0,0,442
06/27/2005,MCI,MO,ACE,CE,Combined TRACON& Tower with Radar,349,96,26,0,471,0,0,15,0,15,349,96,41,0,486,0,0,0,486
06/28/2005,MCI,MO,ACE,CE,Combined TRACON& Tower with Radar,377,105,22,0,504,0,0,11,2,13,377,105,33,2,517,0,0,0,517
06/29/2005,MCI,MO,ACE,CE,Combined TRACON& Tower with Radar,377,105,22,0,504,0,0,11,2,13,377,105,33,2,517,0,0,0,517
06/30/2005,MCI,MO,ACE,CE,Combined TRACON& Tower with Radar,380,114,48,0,542,0,0,7,0,7,380,114,55,0,549,0,0,0,549
07/01/2005,MCI,MO,ACE,CE,Combined TRACON& Tower with Radar,406,106,43,0,555,0,0,12,0,12,406,106,55,0,567,0,0,0,567
07/02/2005,MCI,MO,ACE,CE,Combined TRACON& Tower with Radar,324,66,15,4,409,0,0,17,0,17,324,66,32,4,426,0,0,0,426
07/03/2005,MCI,MO,ACE,CE,Combined TRACON& Tower with Radar,274,54,23,1,352,0,0,11,0,11,274,54,34,1,363,0,0,0,363
07/04/2005,MCI,MO,ACE,CE,Combined TRACON& Tower with Radar,322,78,9,2,411,0,0,7,0,7,322,78,16,2,418,0,0,0,418
07/05/2005,MCI,MO,ACE,CE,Combined TRACON& Tower with Radar,347,93,17,2,459,0,0,14,0,14,347,93,31,2,473,0,0,0,473
07/06/2005,MCI,MO,ACE,CE,Combined TRACON& Tower with Radar,388,98,20,5,511,0,0,17,0,17,388,98,37,5,528,0,0,0,528
07/07/2005,MCI,MO,ACE,CE,Combined TRACON& Tower with Radar,374,97,25,1,497,0,0,14,0,14,374,97,39,1,511,0,0,0,511
07/08/2005,MCI,MO,ACE,CE,Combined TRACON& Tower with Radar,381,96,23,1,501,0,1,13,0,14,381,97,36,1,515,0,0,0,515
07/09/2005,MCI,MO,ACE,CE,Combined TRACON& Tower with Radar,321,68,8,3,400,0,0,25,1,26,321,68,33,4,426,0,0,0,426
07/10/2005,MCI,MO,ACE,CE,Combined TRACON& Tower with Radar,310,80,17,0,407,0,0,22,0,22,310,80,39,0,429,0,0,0,429
07/11/2005,MCI,MO,ACE,CE,Combined TRACON& Tower with Radar,351,96,30,3,480,0,0,8,0,8,351,96,38,3,488,0,0,0,488
07/12/2005,MCI,MO,ACE,CE,Combined TRACON& Tower with Radar,379,93,23,2,497,0,0,10,0,10,379,93,33,2,507,0,0,0,507
07/13/2005,MCI,MO,ACE,CE,Combined TRACON& Tower with Radar,379,99,39,0,517,0,0,21,0,21,379,99,60,0,538,8,0,8,546
07/14/2005,MCI,MO,ACE,CE,Combined TRACON& Tower with Radar,377,106,38,6,527,0,0,14,0,14,377,106,52,6,541,12,0,12,553
07/15/2005,MCI,MO,ACE,CE,Combined TRACON& Tower with Radar,384,92,27,2,505,0,0,8,0,8,384,92,35,2,513,0,0,0,513
07/16/2005,MCI,MO,ACE,CE,Combined TRACON& Tower with Radar,331,65,12,0,408,0,0,19,0,19,331,65,31,0,427,6,0,6,433
07/17/2005,MCI,MO,ACE,CE,Combined TRACON& Tower with Radar,304,78,23,0,405,0,0,13,0,13,304,78,36,0,418,0,0,0,418
07/18/2005,MCI,MO,ACE,CE,Combined TRACON& Tower with Radar,364,85,48,0,497,0,0,9,0,9,364,85,57,0,506,0,0,0,506
07/19/2005,MCI,MO,ACE,CE,Combined TRACON& Tower with Radar,393,95,47,5,540,0,0,10,0,10,393,95,57,5,550,0,0,0,550
07/20/2005,MCI,MO,ACE,CE,Combined TRACON& Tower with Radar,389,108,44,0,541,0,0,19,6,25,389,108,63,6,566,0,0,0,566
07/21/2005,MCI,MO,ACE,CE,Combined TRACON& Tower with Radar,395,105,40,6,546,0,0,29,2,31,395,105,69,8,577,6,0,6,583
07/22/2005,MCI,MO,ACE,CE,Combined TRACON& Tower with Radar,391,101,25,1,518,0,0,20,1,21,391,101,45,2,539,0,0,0,539
07/23/2005,MCI,MO,ACE,CE,Combined TRACON& Tower with Radar,319,71,12,0,402,0,0,11,1,12,319,71,23,1,414,0,0,0,414
07/24/2005,MCI,MO,ACE,CE,Combined TRACON& Tower with Radar,312,82,12,0,406,0,0,7,2,9,312,82,19,2,415,0,0,0,415
07/25/2005,MCI,MO,ACE,CE,Combined TRACON& Tower with Radar,352,98,21,3,474,0,0,11,0,11,352,98,32,3,485,0,0,0,485
07/26/2005,MCI,MO,ACE,CE,Combined TRACON& Tower with Radar,378,107,37,1,523,0,0,2,0,2,378,107,39,1,525,0,0,0,525
07/27/2005,MCI,MO,ACE,CE,Combined TRACON& Tower with Radar,405,101,45,0,551,0,1,21,0,22,405,102,66,0,573,5,0,5,578
07/28/2005,MCI,MO,ACE,CE,Combined TRACON& Tower with Radar,398,121,37,0,556,0,0,11,0,11,398,121,48,0,567,0,0,0,567
07/29/2005,MCI,MO,ACE,CE,Combined TRACON& Tower with Radar,394,110,25,0,529,0,0,7,0,7,394,110,32,0,536,0,0,0,536
07/30/2005,MCI,MO,ACE,CE,Combined TRACON& Tower with Radar,328,73,18,0,419,0,0,14,0,14,328,73,32,0,433,0,0,0,433
07/31/2005,MCI,MO,ACE,CE,Combined TRACON& Tower with Radar,316,86,18,0,420,0,0,10,0,10,316,86,28,0,430,0,0,0,430
08/01/2005,MCI,MO,ACE,CE,Combined TRACON& Tower with Radar,353,92,25,0,470,0,0,12,0,12,353,92,37,0,482,2,0,2,484
08/02/2005,MCI,MO,ACE,CE,Combined TRACON& Tower with Radar,387,112,26,0,525,0,0,22,0,22,387,112,48,0,547,5,0,5,552
08/03/2005,MCI,MO,ACE,CE,Combined TRACON& Tower with Radar,387,106,38,2,533,0,0,16,0,16,387,106,54,2,549,0,0,0,549
08/04/2005,MCI,MO,ACE,CE,Combined TRACON& Tower with Radar,389,105,33,0,527,0,0,14,0,14,389,105,47,0,541,0,0,0,541
08/05/2005,MCI,MO,ACE,CE,Combined TRACON& Tower with Radar,391,98,31,4,524,0,0,18,0,18,391,98,49,4,542,0,0,0,542
08/06/2005,MCI,MO,ACE,CE,Combined TRACON& Tower with Radar,327,75,9,0,411,0,0,14,0,14,327,75,23,0,425,0,0,0,425
08/07/2005,MCI,MO,ACE,CE,Combined TRACON& Tower with Radar,312,90,21,0,423,0,0,14,0,14,312,90,35,0,437,0,0,0,437
08/08/2005,MCI,MO,ACE,CE,Combined TRACON& Tower with Radar,356,92,32,4,484,0,0,14,3,17,356,92,46,7,501,0,2,2,503
08/09/2005,MCI,MO,ACE,CE,Combined TRACON& Tower with Radar,388,109,36,5,538,0,0,21,0,21,388,109,57,5,559,2,0,2,561
08/10/2005,MCI,MO,ACE,CE,Combined TRACON& Tower with Radar,394,114,32,7,547,0,2,26,1,29,394,116,58,8,576,0,0,0,576
08/11/2005,MCI,MO,ACE,CE,Combined TRACON& Tower with Radar,389,103,31,4,527,0,2,14,0,16,389,105,45,4,543,0,0,0,543
08/12/2005,MCI,MO,ACE,CE,Combined TRACON& Tower with Radar,398,106,20,0,524,0,0,1,0,1,398,106,21,0,525,6,0,6,531
08/13/2005,MCI,MO,ACE,CE,Combined TRACON& Tower with Radar,321,74,10,0,405,0,0,1,0,1,321,74,11,0,406,0,0,0,406
08/14/2005,MCI,MO,ACE,CE,Combined TRACON& Tower with Radar,321,74,10,0,405,0,0,1,0,1,321,74,11,0,406,0,0,0,406
08/15/2005,MCI,MO,ACE,CE,Combined TRACON& Tower with Radar,354,113,30,3,500,0,0,2,0,2,354,113,32,3,502,4,0,4,506
08/16/2005,MCI,MO,ACE,CE,Combined TRACON& Tower with Radar,399,98,43,1,541,0,0,9,0,9,399,98,52,1,550,4,0,4,554
08/17/2005,MCI,MO,ACE,CE,Combined TRACON& Tower with Radar,388,120,56,0,564,0,0,12,0,12,388,120,68,0,576,2,0,2,578
08/18/2005,MCI,MO,ACE,CE,Combined TRACON& Tower with Radar,377,116,51,0,544,0,0,10,0,10,377,116,61,0,554,0,0,0,554
08/19/2005,MCI,MO,ACE,CE,Combined TRACON& Tower with Radar,386,101,16,3,506,0,0,9,0,9,386,101,25,3,515,0,0,0,515
08/20/2005,MCI,MO,ACE,CE,Combined TRACON& Tower with Radar,332,81,12,3,428,0,0,11,0,11,332,81,23,3,439,0,0,0,439
08/21/2005,MCI,MO,ACE,CE,Combined TRACON& Tower with Radar,304,91,19,0,414,0,0,16,0,16,304,91,35,0,430,0,0,0,430
08/22/2005,MCI,MO,ACE,CE,Combined TRACON& Tower with Radar,356,109,35,2,502,0,0,7,0,7,356,109,42,2,509,0,0,0,509
08/23/2005,MCI,MO,ACE,CE,Combined TRACON& Tower with Radar,356,109,35,2,502,0,0,7,0,7,356,109,42,2,509,0,0,0,509
08/24/2005,MCI,MO,ACE,CE,Combined TRACON& Tower with Radar,375,109,48,2,534,0,0,2,2,4,375,109,50,4,538,0,0,0,538
08/25/2005,MCI,MO,ACE,CE,Combined TRACON& Tower with Radar,413,118,28,2,561,0,0,4,0,4,413,118,32,2,565,0,0,0,565
08/26/2005,MCI,MO,ACE,CE,Combined TRACON& Tower with Radar,389,122,25,2,538,0,0,8,1,9,389,122,33,3,547,0,0,0,547
08/27/2005,MCI,MO,ACE,CE,Combined TRACON& Tower with Radar,315,75,13,5,408,0,0,20,0,20,315,75,33,5,428,2,0,2,430
08/28/2005,MCI,MO,ACE,CE,Combined TRACON& Tower with Radar,306,86,15,4,411,0,0,16,0,16,306,86,31,4,427,12,0,12,439
08/29/2005,MCI,MO,ACE,CE,Combined TRACON& Tower with Radar,335,103,34,2,474,0,0,9,0,9,335,103,43,2,483,0,0,0,483
08/30/2005,MCI,MO,ACE,CE,Combined TRACON& Tower with Radar,378,101,30,16,525,0,0,10,2,12,378,101,40,18,537,0,0,0,537
08/31/2005,MCI,MO,ACE,CE,Combined TRACON& Tower with Radar,369,111,21,0,501,0,0,13,0,13,369,111,34,0,514,0,0,0,514
09/01/2005,MCI,MO,ACE,CE,Combined TRACON& Tower with Radar,368,122,40,1,531,0,2,22,0,24,368,124,62,1,555,0,0,0,555
09/02/2005,MCI,MO,ACE,CE,Combined TRACON& Tower with Radar,367,124,26,0,517,0,0,5,0,5,367,124,31,0,522,0,0,0,522
09/03/2005,MCI,MO,ACE,CE,Combined TRACON& Tower with Radar,291,81,12,0,384,0,0,11,0,11,291,81,23,0,395,0,0,0,395
09/04/2005,MCI,MO,ACE,CE,Combined TRACON& Tower with Radar,221,62,9,2,294,0,0,6,0,6,221,62,15,2,300,0,0,0,300
09/05/2005,MCI,MO,ACE,CE,Combined TRACON& Tower with Radar,307,100,23,0,430,0,1,28,0,29,307,101,51,0,459,4,0,4,463
09/06/2005,MCI,MO,ACE,CE,Combined TRACON& Tower with Radar,335,116,38,3,492,0,0,12,0,12,335,116,50,3,504,0,0,0,504
09/07/2005,MCI,MO,ACE,CE,Combined TRACON& Tower with Radar,381,134,27,3,545,0,0,7,0,7,381,134,34,3,552,0,0,0,552
09/08/2005,MCI,MO,ACE,CE,Combined TRACON& Tower with Radar,380,113,41,3,537,0,0,15,0,15,380,113,56,3,552,0,0,0,552
09/09/2005,MCI,MO,ACE,CE,Combined TRACON& Tower with Radar,382,113,45,16,556,0,0,16,0,16,382,113,61,16,572,0,19,19,591
09/10/2005,MCI,MO,ACE,CE,Combined TRACON& Tower with Radar,300,65,8,4,377,0,0,13,0,13,300,65,21,4,390,0,0,0,390
09/11/2005,MCI,MO,ACE,CE,Combined TRACON& Tower with Radar,300,83,27,2,412,0,0,15,0,15,300,83,42,2,427,0,0,0,427
09/12/2005,MCI,MO,ACE,CE,Combined TRACON& Tower with Radar,355,102,31,10,498,0,0,12,0,12,355,102,43,10,510,0,0,0,510
09/13/2005,MCI,MO,ACE,CE,Combined TRACON& Tower with Radar,370,107,29,1,507,0,0,5,2,7,370,107,34,3,514,0,0,0,514
09/14/2005,MCI,MO,ACE,CE,Combined TRACON& Tower with Radar,379,108,46,6,539,0,2,14,3,19,379,110,60,9,558,10,2,12,570
09/15/2005,MCI,MO,ACE,CE,Combined TRACON& Tower with Radar,372,117,59,4,552,0,0,0,0,0,372,117,59,4,552,0,0,0,552
09/16/2005,MCI,MO,ACE,CE,Combined TRACON& Tower with Radar,381,110,51,6,548,0,5,23,0,28,381,115,74,6,576,0,0,0,576
09/17/2005,MCI,MO,ACE,CE,Combined TRACON& Tower with Radar,298,68,13,0,379,0,0,17,0,17,298,68,30,0,396,0,0,0,396
09/18/2005,MCI,MO,ACE,CE,Combined TRACON& Tower with Radar,309,88,23,0,420,0,0,14,0,14,309,88,37,0,434,8,0,8,442
09/19/2005,MCI,MO,ACE,CE,Combined TRACON& Tower with Radar,345,99,35,2,481,0,0,8,0,8,345,99,43,2,489,2,0,2,491
09/20/2005,MCI,MO,ACE,CE,Combined TRACON& Tower with Radar,387,103,53,3,546,0,0,36,1,37,387,103,89,4,583,20,0,20,603
09/21/2005,MCI,MO,ACE,CE,Combined TRACON& Tower with Radar,370,106,46,3,525,0,0,17,0,17,370,106,63,3,542,0,0,0,542
09/22/2005,MCI,MO,ACE,CE,Combined TRACON& Tower with Radar,371,112,46,8,537,0,3,13,0,16,371,115,59,8,553,0,0,0,553
09/23/2005,MCI,MO,ACE,CE,Combined TRACON& Tower with Radar,390,100,57,3,550,0,0,2,0,2,390,100,59,3,552,0,0,0,552
09/24/2005,MCI,MO,ACE,CE,Combined TRACON& Tower with Radar,299,65,29,1,394,0,1,19,0,20,299,66,48,1,414,0,0,0,414
09/25/2005,MCI,MO,ACE,CE,Combined TRACON& Tower with Radar,320,74,21,1,416,0,0,18,0,18,320,74,39,1,434,10,0,10,444
09/26/2005,MCI,MO,ACE,CE,Combined TRACON& Tower with Radar,351,97,34,5,487,0,0,7,0,7,351,97,41,5,494,4,0,4,498
09/27/2005,MCI,MO,ACE,CE,Combined TRACON& Tower with Radar,377,110,45,7,539,0,0,12,0,12,377,110,57,7,551,6,0,6,557
09/28/2005,MCI,MO,ACE,CE,Combined TRACON& Tower with Radar,372,107,44,4,527,0,0,7,0,7,372,107,51,4,534,0,0,0,534
09/29/2005,MCI,MO,ACE,CE,Combined TRACON& Tower with Radar,376,101,38,2,517,0,4,22,1,27,376,105,60,3,544,0,0,0,544
09/30/2005,MCI,MO,ACE,CE,Combined TRACON& Tower with Radar,399,109,32,0,540,0,0,21,0,21,399,109,53,0,561,0,0,0,561
10/01/2005,MCI,MO,ACE,CE,Combined TRACON& Tower with Radar,300,80,14,4,398,0,0,10,0,10,300,80,24,4,408,0,0,0,408
10/02/2005,MCI,MO,ACE,CE,Combined TRACON& Tower with Radar,304,97,19,0,420,0,1,9,0,10,304,98,28,0,430,0,0,0,430
10/03/2005,MCI,MO,ACE,CE,Combined TRACON& Tower with Radar,304,97,19,0,420,0,1,9,0,10,304,98,28,0,430,0,0,0,430
10/04/2005,MCI,MO,ACE,CE,Combined TRACON& Tower with Radar,369,95,20,5,489,0,0,10,0,10,369,95,30,5,499,0,0,0,499
10/05/2005,MCI,MO,ACE,CE,Combined TRACON& Tower with Radar,379,112,38,6,535,0,0,8,0,8,379,112,46,6,543,0,16,16,559
10/06/2005,MCI,MO,ACE,CE,Combined TRACON& Tower with Radar,376,108,85,7,576,0,0,22,0,22,376,108,107,7,598,10,12,22,620
10/07/2005,MCI,MO,ACE,CE,Combined TRACON& Tower with Radar,373,107,37,4,521,0,0,19,1,20,373,107,56,5,541,0,0,0,541
10/08/2005,MCI,MO,ACE,CE,Combined TRACON& Tower with Radar,310,68,36,1,415,0,0,9,0,9,310,68,45,1,424,0,0,0,424
10/09/2005,MCI,MO,ACE,CE,Combined TRACON& Tower with Radar,311,69,94,1,475,0,0,62,0,62,311,69,156,1,537,0,0,0,537
10/10/2005,MCI,MO,ACE,CE,Combined TRACON& Tower with Radar,336,96,32,0,464,0,0,14,0,14,336,96,46,0,478,0,0,0,478
10/11/2005,MCI,MO,ACE,CE,Combined TRACON& Tower with Radar,366,97,54,5,522,0,0,14,0,14,366,97,68,5,536,0,2,2,538
10/12/2005,MCI,MO,ACE,CE,Combined TRACON& Tower with Radar,364,101,45,5,515,0,3,9,0,12,364,104,54,5,527,6,0,6,533
10/13/2005,MCI,MO,ACE,CE,Combined TRACON& Tower with Radar,387,104,35,1,527,0,0,13,1,14,387,104,48,2,541,0,0,0,541
10/14/2005,MCI,MO,ACE,CE,Combined TRACON& Tower with Radar,378,99,29,4,510,0,0,18,1,19,378,99,47,5,529,2,0,2,531
10/15/2005,MCI,MO,ACE,CE,Combined TRACON& Tower with Radar,297,64,12,0,373,0,0,17,0,17,297,64,29,0,390,0,0,0,390
10/16/2005,MCI,MO,ACE,CE,Combined TRACON& Tower with Radar,298,78,29,2,407,0,6,18,0,24,298,84,47,2,431,0,0,0,431
10/17/2005,MCI,MO,ACE,CE,Combined TRACON& Tower with Radar,350,102,51,0,503,0,2,11,0,13,350,104,62,0,516,6,0,6,522
10/18/2005,MCI,MO,ACE,CE,Combined TRACON& Tower with Radar,365,97,49,0,511,0,1,10,0,11,365,98,59,0,522,0,0,0,522
10/19/2005,MCI,MO,ACE,CE,Combined TRACON& Tower with Radar,368,107,34,2,511,0,0,6,0,6,368,107,40,2,517,0,0,0,517
10/20/2005,MCI,MO,ACE,CE,Combined TRACON& Tower with Radar,370,129,41,1,541,0,0,0,0,0,370,129,41,1,541,0,0,0,541
10/21/2005,MCI,MO,ACE,CE,Combined TRACON& Tower with Radar,377,102,24,0,503,0,0,9,0,9,377,102,33,0,512,0,0,0,512
10/22/2005,MCI,MO,ACE,CE,Combined TRACON& Tower with Radar,295,69,11,2,377,0,0,10,0,10,295,69,21,2,387,0,0,0,387
10/23/2005,MCI,MO,ACE,CE,Combined TRACON& Tower with Radar,295,69,11,2,377,0,0,10,0,10,295,69,21,2,387,0,0,0,387
10/24/2005,MCI,MO,ACE,CE,Combined TRACON& Tower with Radar,338,105,50,0,493,0,0,6,0,6,338,105,56,0,499,0,0,0,499
10/25/2005,MCI,MO,ACE,CE,Combined TRACON& Tower with Radar,363,97,43,6,509,0,0,16,0,16,363,97,59,6,525,0,0,0,525
10/26/2005,MCI,MO,ACE,CE,Combined TRACON& Tower with Radar,363,97,43,6,509,0,0,16,0,16,363,97,59,6,525,0,0,0,525
10/27/2005,MCI,MO,ACE,CE,Combined TRACON& Tower with Radar,365,109,46,15,535,0,0,38,0,38,365,109,84,15,573,0,0,0,573
10/28/2005,MCI,MO,ACE,CE,Combined TRACON& Tower with Radar,372,110,40,8,530,0,0,23,0,23,372,110,63,8,553,0,0,0,553
10/29/2005,MCI,MO,ACE,CE,Combined TRACON& Tower with Radar,295,68,12,3,378,0,0,16,1,17,295,68,28,4,395,0,0,0,395
10/30/2005,MCI,MO,ACE,CE,Combined TRACON& Tower with Radar,291,69,12,5,377,0,0,16,0,16,291,69,28,5,393,0,0,0,393
10/31/2005,MCI,MO,ACE,CE,Combined TRACON& Tower with Radar,332,85,31,27,475,0,0,3,0,3,332,85,34,27,478,0,12,12,490
11/01/2005,MCI,MO,ACE,CE,Combined TRACON& Tower with Radar,376,90,39,5,510,0,0,18,0,18,376,90,57,5,528,0,0,0,528
11/02/2005,MCI,MO,ACE,CE,Combined TRACON& Tower with Radar,369,103,39,5,516,0,0,7,1,8,369,103,46,6,524,0,0,0,524
11/03/2005,MCI,MO,ACE,CE,Combined TRACON& Tower with Radar,371,100,41,1,513,0,0,10,0,10,371,100,51,1,523,0,0,0,523
11/04/2005,MCI,MO,ACE,CE,Combined TRACON& Tower with Radar,377,106,58,0,541,0,2,19,0,21,377,108,77,0,562,0,0,0,562
11/05/2005,MCI,MO,ACE,CE,Combined TRACON& Tower with Radar,296,54,13,0,363,0,0,12,0,12,296,54,25,0,375,2,0,2,377
11/06/2005,MCI,MO,ACE,CE,Combined TRACON& Tower with Radar,296,71,22,0,389,0,0,14,0,14,296,71,36,0,403,0,0,0,403
11/07/2005,MCI,MO,ACE,CE,Combined TRACON& Tower with Radar,351,99,21,5,476,0,0,13,0,13,351,99,34,5,489,0,0,0,489
11/08/2005,MCI,MO,ACE,CE,Combined TRACON& Tower with Radar,369,88,38,5,500,0,1,12,2,15,369,89,50,7,515,0,0,0,515
11/09/2005,MCI,MO,ACE,CE,Combined TRACON& Tower with Radar,369,88,38,5,500,0,1,12,2,15,369,89,50,7,515,0,0,0,515
11/10/2005,MCI,MO,ACE,CE,Combined TRACON& Tower with Radar,381,100,18,4,503,0,1,22,0,23,381,101,40,4,526,0,0,0,526
11/11/2005,MCI,MO,ACE,CE,Combined TRACON& Tower with Radar,373,97,22,0,492,0,0,16,0,16,373,97,38,0,508,0,0,0,508
11/12/2005,MCI,MO,ACE,CE,Combined TRACON& Tower with Radar,297,58,7,0,362,0,0,1,0,1,297,58,8,0,363,0,0,0,363
11/13/2005,MCI,MO,ACE,CE,Combined TRACON& Tower with Radar,305,66,21,0,392,0,0,4,0,4,305,66,25,0,396,0,0,0,396
11/14/2005,MCI,MO,ACE,CE,Combined TRACON& Tower with Radar,343,89,45,6,483,0,0,3,0,3,343,89,48,6,486,0,0,0,486
11/15/2005,MCI,MO,ACE,CE,Combined TRACON& Tower with Radar,357,91,45,3,496,0,0,2,0,2,357,91,47,3,498,0,0,0,498
11/16/2005,MCI,MO,ACE,CE,Combined TRACON& Tower with Radar,357,91,45,3,496,0,0,2,0,2,357,91,47,3,498,0,0,0,498
11/17/2005,MCI,MO,ACE,CE,Combined TRACON& Tower with Radar,379,94,18,5,496,0,0,9,0,9,379,94,27,5,505,0,0,0,505
11/18/2005,MCI,MO,ACE,CE,Combined TRACON& Tower with Radar,379,83,24,1,487,0,0,28,0,28,379,83,52,1,515,0,0,0,515
11/19/2005,MCI,MO,ACE,CE,Combined TRACON& Tower with Radar,309,49,10,2,370,0,0,6,0,6,309,49,16,2,376,0,0,0,376
11/20/2005,MCI,MO,ACE,CE,Combined TRACON& Tower with Radar,309,49,10,2,370,0,0,6,0,6,309,49,16,2,376,0,0,0,376
11/21/2005,MCI,MO,ACE,CE,Combined TRACON& Tower with Radar,353,79,22,11,465,0,0,8,0,8,353,79,30,11,473,2,12,14,487
11/22/2005,MCI,MO,ACE,CE,Combined TRACON& Tower with Radar,381,82,18,18,499,0,0,21,0,21,381,82,39,18,520,0,24,24,544
11/23/2005,MCI,MO,ACE,CE,Combined TRACON& Tower with Radar,390,86,24,2,502,0,0,4,0,4,390,86,28,2,506,0,0,0,506
11/24/2005,MCI,MO,ACE,CE,Combined TRACON& Tower with Radar,257,66,1,0,324,0,0,3,0,3,257,66,4,0,327,0,0,0,327
11/25/2005,MCI,MO,ACE,CE,Combined TRACON& Tower with Radar,251,67,6,0,324,0,0,14,0,14,251,67,20,0,338,0,0,0,338
11/26/2005,MCI,MO,ACE,CE,Combined TRACON& Tower with Radar,294,62,9,0,365,0,0,14,0,14,294,62,23,0,379,0,0,0,379
11/27/2005,MCI,MO,ACE,CE,Combined TRACON& Tower with Radar,306,67,9,1,383,0,0,2,0,2,306,67,11,1,385,0,0,0,385
11/28/2005,MCI,MO,ACE,CE,Combined TRACON& Tower with Radar,352,83,17,3,455,0,1,0,0,1,352,84,17,3,456,0,0,0,456
11/29/2005,MCI,MO,ACE,CE,Combined TRACON& Tower with Radar,377,86,16,2,481,0,0,3,0,3,377,86,19,2,484,0,0,0,484
11/30/2005,MCI,MO,ACE,CE,Combined TRACON& Tower with Radar,383,73,14,1,471,0,0,11,0,11,383,73,25,1,482,0,0,0,482
12/01/2005,MCI,MO,ACE,CE,Combined TRACON& Tower with Radar,369,100,20,7,496,0,2,8,0,10,369,102,28,7,506,0,0,0,506
12/02/2005,MCI,MO,ACE,CE,Combined TRACON& Tower with Radar,376,95,21,3,495,0,0,11,0,11,376,95,32,3,506,0,0,0,506
12/03/2005,MCI,MO,ACE,CE,Combined TRACON& Tower with Radar,302,59,5,1,367,0,0,1,0,1,302,59,6,1,368,0,0,0,368
12/04/2005,MCI,MO,ACE,CE,Combined TRACON& Tower with Radar,290,73,4,1,368,1,0,2,0,3,291,73,6,1,371,0,0,0,371
12/05/2005,MCI,MO,ACE,CE,Combined TRACON& Tower with Radar,332,93,21,6,452,0,1,3,0,4,332,94,24,6,456,0,0,0,456
12/06/2005,MCI,MO,ACE,CE,Combined TRACON& Tower with Radar,332,93,21,6,452,0,1,3,0,4,332,94,24,6,456,0,0,0,456
12/07/2005,MCI,MO,ACE,CE,Combined TRACON& Tower with Radar,340,93,26,2,461,0,0,2,0,2,340,93,28,2,463,0,0,0,463
12/08/2005,MCI,MO,ACE,CE,Combined TRACON& Tower with Radar,349,114,29,2,494,0,0,5,0,5,349,114,34,2,499,0,0,0,499
12/09/2005,MCI,MO,ACE,CE,Combined TRACON& Tower with Radar,362,98,19,0,479,0,0,13,0,13,362,98,32,0,492,0,0,0,492
12/10/2005,MCI,MO,ACE,CE,Combined TRACON& Tower with Radar,298,60,7,0,365,0,0,15,0,15,298,60,22,0,380,0,0,0,380
12/11/2005,MCI,MO,ACE,CE,Combined TRACON& Tower with Radar,298,60,7,0,365,0,0,15,0,15,298,60,22,0,380,0,0,0,380
12/12/2005,MCI,MO,ACE,CE,Combined TRACON& Tower with Radar,298,60,7,0,365,0,0,15,0,15,298,60,22,0,380,0,0,0,380
12/13/2005,MCI,MO,ACE,CE,Combined TRACON& Tower with Radar,298,60,7,0,365,0,0,15,0,15,298,60,22,0,380,0,0,0,380
12/14/2005,MCI,MO,ACE,CE,Combined TRACON& Tower with Radar,365,91,31,1,488,0,0,8,0,8,365,91,39,1,496,0,0,0,496
12/15/2005,MCI,MO,ACE,CE,Combined TRACON& Tower with Radar,371,88,15,8,482,0,0,1,0,1,371,88,16,8,483,0,0,0,483
12/16/2005,MCI,MO,ACE,CE,Combined TRACON& Tower with Radar,372,94,10,8,484,0,0,17,0,17,372,94,27,8,501,8,0,8,509
12/17/2005,MCI,MO,ACE,CE,Combined TRACON& Tower with Radar,323,57,7,0,387,0,0,0,0,0,323,57,7,0,387,0,0,0,387
12/18/2005,MCI,MO,ACE,CE,Combined TRACON& Tower with Radar,318,60,3,0,381,0,0,0,0,0,318,60,3,0,381,0,0,0,381
12/19/2005,MCI,MO,ACE,CE,Combined TRACON& Tower with Radar,337,85,14,6,442,0,0,10,0,10,337,85,24,6,452,0,10,10,462
12/20/2005,MCI,MO,ACE,CE,Combined TRACON& Tower with Radar,337,85,14,6,442,0,0,10,0,10,337,85,24,6,452,0,10,10,462
12/21/2005,MCI,MO,ACE,CE,Combined TRACON& Tower with Radar,380,98,14,0,492,0,0,2,0,2,380,98,16,0,494,0,0,0,494
12/22/2005,MCI,MO,ACE,CE,Combined TRACON& Tower with Radar,385,95,22,2,504,0,0,10,0,10,385,95,32,2,514,0,0,0,514
12/23/2005,MCI,MO,ACE,CE,Combined TRACON& Tower with Radar,377,92,5,0,474,0,1,11,0,12,377,93,16,0,486,0,0,0,486
12/24/2005,MCI,MO,ACE,CE,Combined TRACON& Tower with Radar,306,54,5,0,365,0,0,0,0,0,306,54,5,0,365,0,0,0,365
12/25/2005,MCI,MO,ACE,CE,Combined TRACON& Tower with Radar,271,58,7,0,336,0,0,0,0,0,271,58,7,0,336,0,0,0,336
12/26/2005,MCI,MO,ACE,CE,Combined TRACON& Tower with Radar,331,88,5,0,424,0,0,14,0,14,331,88,19,0,438,0,0,0,438
12/27/2005,MCI,MO,ACE,CE,Combined TRACON& Tower with Radar,353,101,9,0,463,0,0,11,0,11,353,101,20,0,474,2,0,2,476
12/28/2005,MCI,MO,ACE,CE,Combined TRACON& Tower with Radar,363,92,8,2,465,0,0,1,0,1,363,92,9,2,466,0,0,0,466
12/29/2005,MCI,MO,ACE,CE,Combined TRACON& Tower with Radar,362,88,6,0,456,0,0,2,0,2,362,88,8,0,458,0,0,0,458
12/30/2005,MCI,MO,ACE,CE,Combined TRACON& Tower with Radar,365,85,0,0,450,0,0,3,0,3,365,85,3,0,453,0,0,0,453
12/31/2005,MCI,MO,ACE,CE,Combined TRACON& Tower with Radar,305,53,10,0,368,0,0,2,0,2,305,53,12,0,370,0,0,0,370
01/01/2006,MCI,MO,ACE,CE,Combined TRACON& Tower with Radar,279,64,12,0,355,0,0,10,0,10,279,64,22,0,365,0,0,0,365
01/02/2006,MCI,MO,ACE,CE,Combined TRACON& Tower with Radar,332,87,10,0,429,0,0,0,0,0,332,87,10,0,429,0,0,0,429
01/03/2006,MCI,MO,ACE,CE,Combined TRACON& Tower with Radar,340,85,19,14,458,0,0,6,0,6,340,85,25,14,464,0,0,0,464
01/04/2006,MCI,MO,ACE,CE,Combined TRACON& Tower with Radar,369,81,10,8,468,0,2,9,0,11,369,83,19,8,479,0,0,0,479
01/05/2006,MCI,MO,ACE,CE,Combined TRACON& Tower with Radar,365,99,22,16,502,0,1,6,0,7,365,100,28,16,509,4,0,4,513
01/06/2006,MCI,MO,ACE,CE,Combined TRACON& Tower with Radar,364,93,21,5,483,0,0,9,0,9,364,93,30,5,492,0,0,0,492
01/07/2006,MCI,MO,ACE,CE,Combined TRACON& Tower with Radar,294,52,12,0,358,0,1,6,0,7,294,53,18,0,365,0,0,0,365
01/08/2006,MCI,MO,ACE,CE,Combined TRACON& Tower with Radar,302,67,12,0,381,0,0,3,1,4,302,67,15,1,385,14,0,14,399
01/09/2006,MCI,MO,ACE,CE,Combined TRACON& Tower with Radar,341,95,9,0,445,0,0,3,0,3,341,95,12,0,448,0,0,0,448
01/10/2006,MCI,MO,ACE,CE,Combined TRACON& Tower with Radar,360,84,19,1,464,0,0,1,0,1,360,84,20,1,465,0,0,0,465
01/11/2006,MCI,MO,ACE,CE,Combined TRACON& Tower with Radar,359,93,26,6,484,0,0,6,0,6,359,93,32,6,490,0,0,0,490
01/12/2006,MCI,MO,ACE,CE,Combined TRACON& Tower with Radar,357,99,29,1,486,0,0,15,0,15,357,99,44,1,501,0,0,0,501
01/13/2006,MCI,MO,ACE,CE,Combined TRACON& Tower with Radar,354,92,14,4,464,0,0,6,0,6,354,92,20,4,470,0,0,0,470
01/14/2006,MCI,MO,ACE,CE,Combined TRACON& Tower with Radar,302,52,15,0,369,0,0,20,0,20,302,52,35,0,389,0,0,0,389
01/15/2006,MCI,MO,ACE,CE,Combined TRACON& Tower with Radar,294,69,7,0,370,0,0,11,0,11,294,69,18,0,381,0,0,0,381
01/16/2006,MCI,MO,ACE,CE,Combined TRACON& Tower with Radar,332,94,29,1,456,0,0,3,0,3,332,94,32,1,459,0,0,0,459
01/17/2006,MCI,MO,ACE,CE,Combined TRACON& Tower with Radar,357,89,11,3,460,0,0,7,0,7,357,89,18,3,467,0,0,0,467
01/18/2006,MCI,MO,ACE,CE,Combined TRACON& Tower with Radar,356,83,30,0,469,0,0,12,0,12,356,83,42,0,481,0,0,0,481
01/19/2006,MCI,MO,ACE,CE,Combined TRACON& Tower with Radar,361,97,28,2,488,0,0,10,0,10,361,97,38,2,498,0,0,0,498
01/20/2006,MCI,MO,ACE,CE,Combined TRACON& Tower with Radar,344,98,11,0,453,0,0,1,0,1,344,98,12,0,454,0,0,0,454
01/21/2006,MCI,MO,ACE,CE,Combined TRACON& Tower with Radar,304,55,15,0,374,0,0,4,0,4,304,55,19,0,378,0,0,0,378
01/22/2006,MCI,MO,ACE,CE,Combined TRACON& Tower with Radar,296,74,8,1,379,0,0,0,0,0,296,74,8,1,379,0,0,0,379
01/23/2006,MCI,MO,ACE,CE,Combined TRACON& Tower with Radar,329,107,20,8,464,0,0,0,0,0,329,107,20,8,464,0,20,20,484
01/24/2006,MCI,MO,ACE,CE,Combined TRACON& Tower with Radar,364,94,21,4,483,0,0,6,0,6,364,94,27,4,489,0,0,0,489
01/25/2006,MCI,MO,ACE,CE,Combined TRACON& Tower with Radar,356,95,34,2,487,0,0,17,0,17,356,95,51,2,504,0,0,0,504
01/26/2006,MCI,MO,ACE,CE,Combined TRACON& Tower with Radar,366,93,22,0,481,0,0,10,0,10,366,93,32,0,491,6,0,6,497
01/27/2006,MCI,MO,ACE,CE,Combined TRACON& Tower with Radar,357,101,14,0,472,0,0,13,0,13,357,101,27,0,485,0,0,0,485
01/28/2006,MCI,MO,ACE,CE,Combined TRACON& Tower with Radar,297,52,8,0,357,0,0,1,0,1,297,52,9,0,358,0,0,0,358
01/29/2006,MCI,MO,ACE,CE,Combined TRACON& Tower with Radar,295,64,11,3,373,0,0,4,0,4,295,64,15,3,377,0,0,0,377
01/30/2006,MCI,MO,ACE,CE,Combined TRACON& Tower with Radar,329,102,15,4,450,0,0,10,0,10,329,102,25,4,460,0,0,0,460
01/31/2006,MCI,MO,ACE,CE,Combined TRACON& Tower with Radar,359,86,23,6,474,0,0,8,0,8,359,86,31,6,482,0,4,4,486
02/01/2006,MCI,MO,ACE,CE,Combined TRACON& Tower with Radar,362,89,24,1,476,0,0,15,0,15,362,89,39,1,491,0,0,0,491
02/02/2006,MCI,MO,ACE,CE,Combined TRACON& Tower with Radar,361,99,36,4,500,0,0,21,0,21,361,99,57,4,521,0,0,0,521
02/03/2006,MCI,MO,ACE,CE,Combined TRACON& Tower with Radar,338,102,15,0,455,0,0,2,0,2,338,102,17,0,457,0,0,0,457
02/04/2006,MCI,MO,ACE,CE,Combined TRACON& Tower with Radar,301,61,5,0,367,0,1,3,0,4,301,62,8,0,371,0,0,0,371
02/05/2006,MCI,MO,ACE,CE,Combined TRACON& Tower with Radar,310,75,6,3,394,0,0,2,0,2,310,75,8,3,396,0,0,0,396
02/06/2006,MCI,MO,ACE,CE,Combined TRACON& Tower with Radar,327,97,21,4,449,0,0,9,0,9,327,97,30,4,458,0,0,0,458
02/07/2006,MCI,MO,ACE,CE,Combined TRACON& Tower with Radar,364,91,21,4,480,0,0,11,0,11,364,91,32,4,491,4,4,8,499
02/08/2006,MCI,MO,ACE,CE,Combined TRACON& Tower with Radar,358,90,15,6,469,0,0,7,0,7,358,90,22,6,476,0,0,0,476
02/09/2006,MCI,MO,ACE,CE,Combined TRACON& Tower with Radar,365,102,30,9,506,0,0,12,0,12,365,102,42,9,518,0,0,0,518
02/10/2006,MCI,MO,ACE,CE,Combined TRACON& Tower with Radar,351,108,14,0,473,0,0,3,0,3,351,108,17,0,476,0,8,8,484
02/11/2006,MCI,MO,ACE,CE,Combined TRACON& Tower with Radar,297,63,4,0,364,0,0,0,0,0,297,63,4,0,364,0,0,0,364
02/12/2006,MCI,MO,ACE,CE,Combined TRACON& Tower with Radar,301,63,8,1,373,0,0,7,0,7,301,63,15,1,380,0,0,0,380
02/13/2006,MCI,MO,ACE,CE,Combined TRACON& Tower with Radar,343,101,12,1,457,0,0,9,0,9,343,101,21,1,466,0,0,0,466
02/14/2006,MCI,MO,ACE,CE,Combined TRACON& Tower with Radar,368,85,21,0,474,0,0,6,0,6,368,85,27,0,480,0,0,0,480
02/15/2006,MCI,MO,ACE,CE,Combined TRACON& Tower with Radar,368,89,22,0,479,0,0,7,0,7,368,89,29,0,486,0,0,0,486
02/16/2006,MCI,MO,ACE,CE,Combined TRACON& Tower with Radar,354,93,23,2,472,0,0,0,0,0,354,93,23,2,472,0,0,0,472
02/17/2006,MCI,MO,ACE,CE,Combined TRACON& Tower with Radar,421,103,27,0,551,0,0,3,0,3,421,103,30,0,554,0,0,0,554
02/18/2006,MCI,MO,ACE,CE,Combined TRACON& Tower with Radar,322,66,8,0,396,0,0,3,0,3,322,66,11,0,399,0,0,0,399
02/19/2006,MCI,MO,ACE,CE,Combined TRACON& Tower with Radar,321,67,7,0,395,0,0,8,0,8,321,67,15,0,403,0,0,0,403
02/20/2006,MCI,MO,ACE,CE,Combined TRACON& Tower with Radar,369,95,16,0,480,0,0,12,0,12,369,95,28,0,492,0,0,0,492
02/21/2006,MCI,MO,ACE,CE,Combined TRACON& Tower with Radar,374,102,32,4,512,0,0,13,0,13,374,102,45,4,525,0,0,0,525
02/22/2006,MCI,MO,ACE,CE,Combined TRACON& Tower with Radar,379,102,26,2,509,0,2,9,0,11,379,104,35,2,520,0,0,0,520
02/23/2006,MCI,MO,ACE,CE,Combined TRACON& Tower with Radar,370,101,32,6,509,0,0,6,0,6,370,101,38,6,515,0,0,0,515
02/24/2006,MCI,MO,ACE,CE,Combined TRACON& Tower with Radar,366,96,25,0,487,0,0,13,0,13,366,96,38,0,500,0,0,0,500
02/25/2006,MCI,MO,ACE,CE,Combined TRACON& Tower with Radar,304,66,7,0,377,0,0,10,0,10,304,66,17,0,387,0,0,0,387
02/26/2006,MCI,MO,ACE,CE,Combined TRACON& Tower with Radar,311,69,5,0,385,0,0,15,0,15,311,69,20,0,400,0,0,0,400
02/27/2006,MCI,MO,ACE,CE,Combined TRACON& Tower with Radar,339,107,20,5,471,0,0,12,0,12,339,107,32,5,483,0,0,0,483
02/28/2006,MCI,MO,ACE,CE,Combined TRACON& Tower with Radar,366,90,25,2,483,0,1,9,0,10,366,91,34,2,493,0,0,0,493
03/01/2006,MCI,MO,ACE,CE,Combined TRACON& Tower with Radar,369,92,24,6,491,0,0,6,1,7,369,92,30,7,498,0,0,0,498
03/02/2006,MCI,MO,ACE,CE,Combined TRACON& Tower with Radar,351,115,39,7,512,0,2,6,0,8,351,117,45,7,520,0,0,0,520
03/03/2006,MCI,MO,ACE,CE,Combined TRACON& Tower with Radar,359,109,43,1,512,0,0,14,0,14,359,109,57,1,526,0,0,0,526
03/04/2006,MCI,MO,ACE,CE,Combined TRACON& Tower with Radar,296,75,10,2,383,0,0,2,0,2,296,75,12,2,385,0,0,0,385
03/05/2006,MCI,MO,ACE,CE,Combined TRACON& Tower with Radar,303,83,27,1,414,0,0,9,0,9,303,83,36,1,423,0,0,0,423
03/06/2006,MCI,MO,ACE,CE,Combined TRACON& Tower with Radar,346,131,56,3,536,0,0,2,0,2,346,131,58,3,538,0,0,0,538
03/07/2006,MCI,MO,ACE,CE,Combined TRACON& Tower with Radar,357,118,87,3,565,0,0,10,0,10,357,118,97,3,575,0,0,0,575
03/08/2006,MCI,MO,ACE,CE,Combined TRACON& Tower with Radar,365,122,66,0,553,0,0,3,0,3,365,122,69,0,556,0,0,0,556
03/09/2006,MCI,MO,ACE,CE,Combined TRACON& Tower with Radar,358,133,76,0,567,0,1,1,0,2,358,134,77,0,569,0,0,0,569
03/10/2006,MCI,MO,ACE,CE,Combined TRACON& Tower with Radar,377,126,84,0,587,0,0,15,0,15,377,126,99,0,602,0,0,0,602
03/11/2006,MCI,MO,ACE,CE,Combined TRACON& Tower with Radar,300,76,30,3,409,0,1,8,0,9,300,77,38,3,418,0,0,0,418
03/12/2006,MCI,MO,ACE,CE,Combined TRACON& Tower with Radar,295,82,36,2,415,0,0,3,0,3,295,82,39,2,418,0,0,0,418
03/13/2006,MCI,MO,ACE,CE,Combined TRACON& Tower with Radar,346,115,44,2,507,0,0,8,0,8,346,115,52,2,515,0,0,0,515
03/14/2006,MCI,MO,ACE,CE,Combined TRACON& Tower with Radar,370,118,68,0,556,0,0,32,0,32,370,118,100,0,588,0,0,0,588
03/15/2006,MCI,MO,ACE,CE,Combined TRACON& Tower with Radar,358,123,75,0,556,0,0,9,0,9,358,123,84,0,565,0,0,0,565
03/16/2006,MCI,MO,ACE,CE,Combined TRACON& Tower with Radar,366,132,67,0,565,0,0,4,0,4,366,132,71,0,569,0,0,0,569
03/17/2006,MCI,MO,ACE,CE,Combined TRACON& Tower with Radar,363,119,77,0,559,0,0,6,0,6,363,119,83,0,565,0,0,0,565
03/18/2006,MCI,MO,ACE,CE,Combined TRACON& Tower with Radar,297,80,25,0,402,0,0,4,0,4,297,80,29,0,406,0,0,0,406
03/19/2006,MCI,MO,ACE,CE,Combined TRACON& Tower with Radar,306,89,37,0,432,0,1,4,0,5,306,90,41,0,437,0,0,0,437
03/20/2006,MCI,MO,ACE,CE,Combined TRACON& Tower with Radar,329,95,46,0,470,0,0,0,0,0,329,95,46,0,470,0,0,0,470
03/21/2006,MCI,MO,ACE,CE,Combined TRACON& Tower with Radar,375,135,75,0,585,0,1,1,0,2,375,136,76,0,587,0,0,0,587
03/22/2006,MCI,MO,ACE,CE,Combined TRACON& Tower with Radar,370,136,70,3,579,0,0,5,0,5,370,136,75,3,584,0,0,0,584
03/23/2006,MCI,MO,ACE,CE,Combined TRACON& Tower with Radar,362,137,99,5,603,0,0,7,0,7,362,137,106,5,610,0,0,0,610
03/24/2006,MCI,MO,ACE,CE,Combined TRACON& Tower with Radar,358,125,62,1,546,0,0,6,0,6,358,125,68,1,552,0,0,0,552
03/25/2006,MCI,MO,ACE,CE,Combined TRACON& Tower with Radar,299,73,14,1,387,0,0,12,0,12,299,73,26,1,399,0,0,0,399
03/26/2006,MCI,MO,ACE,CE,Combined TRACON& Tower with Radar,310,88,34,0,432,0,0,12,0,12,310,88,46,0,444,0,0,0,444
03/27/2006,MCI,MO,ACE,CE,Combined TRACON& Tower with Radar,329,120,66,0,515,0,0,9,0,9,329,120,75,0,524,0,0,0,524
03/28/2006,MCI,MO,ACE,CE,Combined TRACON& Tower with Radar,366,119,69,0,554,0,0,5,0,5,366,119,74,0,559,0,0,0,559
03/29/2006,MCI,MO,ACE,CE,Combined TRACON& Tower with Radar,362,138,69,0,569,1,0,19,0,20,363,138,88,0,589,0,0,0,589
03/30/2006,MCI,MO,ACE,CE,Combined TRACON& Tower with Radar,355,124,73,1,553,0,1,4,0,5,355,125,77,1,558,0,0,0,558
03/31/2006,MCI,MO,ACE,CE,Combined TRACON& Tower with Radar,357,127,66,2,552,0,0,14,0,14,357,127,80,2,566,0,0,0,566
04/01/2006,MCI,MO,ACE,CE,Combined TRACON& Tower with Radar,298,86,22,2,408,0,0,22,0,22,298,86,44,2,430,0,0,0,430
04/02/2006,MCI,MO,ACE,CE,Combined TRACON& Tower with Radar,301,90,34,1,426,0,0,11,0,11,301,90,45,1,437,0,0,0,437
04/03/2006,MCI,MO,ACE,CE,Combined TRACON& Tower with Radar,341,119,60,11,531,0,0,10,0,10,341,119,70,11,541,4,2,6,547
04/04/2006,MCI,MO,ACE,CE,Combined TRACON& Tower with Radar,361,122,65,8,556,0,1,10,0,11,361,123,75,8,567,0,0,0,567
04/05/2006,MCI,MO,ACE,CE,Combined TRACON& Tower with Radar,364,120,101,3,588,0,0,11,0,11,364,120,112,3,599,0,0,0,599
04/06/2006,MCI,MO,ACE,CE,Combined TRACON& Tower with Radar,354,121,72,7,554,0,0,3,0,3,354,121,75,7,557,0,0,0,557
04/07/2006,MCI,MO,ACE,CE,Combined TRACON& Tower with Radar,350,126,70,0,546,0,0,3,0,3,350,126,73,0,549,0,0,0,549
04/08/2006,MCI,MO,ACE,CE,Combined TRACON& Tower with Radar,296,78,23,0,397,0,0,9,0,9,296,78,32,0,406,0,0,0,406
04/09/2006,MCI,MO,ACE,CE,Combined TRACON& Tower with Radar,305,90,31,0,426,0,0,15,0,15,305,90,46,0,441,5,0,5,446
04/10/2006,MCI,MO,ACE,CE,Combined TRACON& Tower with Radar,331,115,63,3,512,0,0,7,0,7,331,115,70,3,519,6,0,6,525
04/11/2006,MCI,MO,ACE,CE,Combined TRACON& Tower with Radar,356,117,59,8,540,0,0,6,0,6,356,117,65,8,546,0,0,0,546
04/12/2006,MCI,MO,ACE,CE,Combined TRACON& Tower with Radar,360,133,78,1,572,0,0,12,0,12,360,133,90,1,584,0,0,0,584
04/13/2006,MCI,MO,ACE,CE,Combined TRACON& Tower with Radar,354,123,97,0,574,0,0,14,0,14,354,123,111,0,588,0,0,0,588
04/14/2006,MCI,MO,ACE,CE,Combined TRACON& Tower with Radar,354,119,47,5,525,0,0,14,0,14,354,119,61,5,539,0,0,0,539
04/15/2006,MCI,MO,ACE,CE,Combined TRACON& Tower with Radar,281,70,21,1,373,0,0,17,0,17,281,70,38,1,390,8,0,8,398
04/16/2006,MCI,MO,ACE,CE,Combined TRACON& Tower with Radar,306,90,11,0,407,0,0,13,0,13,306,90,24,0,420,0,0,0,420
04/17/2006,MCI,MO,ACE,CE,Combined TRACON& Tower with Radar,334,123,65,5,527,0,0,6,0,6,334,123,71,5,533,0,0,0,533
04/18/2006,MCI,MO,ACE,CE,Combined TRACON& Tower with Radar,355,127,70,3,555,0,0,8,0,8,355,127,78,3,563,0,0,0,563
04/19/2006,MCI,MO,ACE,CE,Combined TRACON& Tower with Radar,362,121,84,11,578,0,0,13,0,13,362,121,97,11,591,0,0,0,591
04/20/2006,MCI,MO,ACE,CE,Combined TRACON& Tower with Radar,354,138,87,5,584,0,0,13,0,13,354,138,100,5,597,4,0,4,601
04/21/2006,MCI,MO,ACE,CE,Combined TRACON& Tower with Radar,352,128,71,1,552,0,0,19,0,19,352,128,90,1,571,0,0,0,571
04/22/2006,MCI,MO,ACE,CE,Combined TRACON& Tower with Radar,285,77,19,2,383,0,1,13,0,14,285,78,32,2,397,0,0,0,397
04/23/2006,MCI,MO,ACE,CE,Combined TRACON& Tower with Radar,318,85,27,0,430,0,0,9,0,9,318,85,36,0,439,0,0,0,439
04/24/2006,MCI,MO,ACE,CE,Combined TRACON& Tower with Radar,328,120,34,0,482,0,0,3,0,3,328,120,37,0,485,0,0,0,485
04/25/2006,MCI,MO,ACE,CE,Combined TRACON& Tower with Radar,355,113,80,1,549,0,0,1,0,1,355,113,81,1,550,0,0,0,550
04/26/2006,MCI,MO,ACE,CE,Combined TRACON& Tower with Radar,358,131,90,2,581,0,1,9,0,10,358,132,99,2,591,0,0,0,591
04/27/2006,MCI,MO,ACE,CE,Combined TRACON& Tower with Radar,363,127,80,0,570,0,0,14,0,14,363,127,94,0,584,0,0,0,584
04/28/2006,MCI,MO,ACE,CE,Combined TRACON& Tower with Radar,356,118,49,0,523,0,0,6,0,6,356,118,55,0,529,2,0,2,531
04/29/2006,MCI,MO,ACE,CE,Combined TRACON& Tower with Radar,295,79,25,3,402,0,0,0,0,0,295,79,25,3,402,0,0,0,402
04/30/2006,MCI,MO,ACE,CE,Combined TRACON& Tower with Radar,309,89,27,0,425,0,0,4,0,4,309,89,31,0,429,0,0,0,429
05/01/2006,MCI,MO,ACE,CE,Combined TRACON& Tower with Radar,335,110,72,0,517,0,0,3,0,3,335,110,75,0,520,0,0,0,520
05/02/2006,MCI,MO,ACE,CE,Combined TRACON& Tower with Radar,372,124,97,1,594,0,0,15,0,15,372,124,112,1,609,0,0,0,609
05/03/2006,MCI,MO,ACE,CE,Combined TRACON& Tower with Radar,361,151,78,4,594,0,0,4,0,4,361,151,82,4,598,0,0,0,598
05/04/2006,MCI,MO,ACE,CE,Combined TRACON& Tower with Radar,368,131,95,4,598,0,0,9,0,9,368,131,104,4,607,0,0,0,607
05/05/2006,MCI,MO,ACE,CE,Combined TRACON& Tower with Radar,364,137,55,2,558,0,0,19,0,19,364,137,74,2,577,0,0,0,577
05/06/2006,MCI,MO,ACE,CE,Combined TRACON& Tower with Radar,292,73,24,0,389,0,0,8,0,8,292,73,32,0,397,0,0,0,397
05/07/2006,MCI,MO,ACE,CE,Combined TRACON& Tower with Radar,313,98,38,0,449,0,0,3,0,3,313,98,41,0,452,0,0,0,452
05/08/2006,MCI,MO,ACE,CE,Combined TRACON& Tower with Radar,335,119,70,0,524,0,0,8,0,8,335,119,78,0,532,4,0,4,536
05/09/2006,MCI,MO,ACE,CE,Combined TRACON& Tower with Radar,357,122,74,3,556,0,0,9,0,9,357,122,83,3,565,0,0,0,565
05/10/2006,MCI,MO,ACE,CE,Combined TRACON& Tower with Radar,359,134,103,7,603,0,0,10,0,10,359,134,113,7,613,0,11,11,624
05/11/2006,MCI,MO,ACE,CE,Combined TRACON& Tower with Radar,364,125,102,0,591,0,0,17,2,19,364,125,119,2,610,0,0,0,610
05/12/2006,MCI,MO,ACE,CE,Combined TRACON& Tower with Radar,367,123,59,2,551,0,0,16,0,16,367,123,75,2,567,0,0,0,567
05/13/2006,MCI,MO,ACE,CE,Combined TRACON& Tower with Radar,299,75,18,0,392,0,0,14,0,14,299,75,32,0,406,0,0,0,406
05/14/2006,MCI,MO,ACE,CE,Combined TRACON& Tower with Radar,309,87,22,0,418,0,0,8,0,8,309,87,30,0,426,3,0,3,429
05/15/2006,MCI,MO,ACE,CE,Combined TRACON& Tower with Radar,339,111,48,0,498,0,0,9,0,9,339,111,57,0,507,0,0,0,507
05/16/2006,MCI,MO,ACE,CE,Combined TRACON& Tower with Radar,363,116,88,9,576,0,1,10,0,11,363,117,98,9,587,0,0,0,587
05/17/2006,MCI,MO,ACE,CE,Combined TRACON& Tower with Radar,359,120,75,3,557,0,0,15,2,17,359,120,90,5,574,0,0,0,574
05/18/2006,MCI,MO,ACE,CE,Combined TRACON& Tower with Radar,374,130,77,3,584,0,1,39,1,41,374,131,116,4,625,8,0,8,633
05/19/2006,MCI,MO,ACE,CE,Combined TRACON& Tower with Radar,357,130,56,3,546,0,1,12,0,13,357,131,68,3,559,0,0,0,559
05/20/2006,MCI,MO,ACE,CE,Combined TRACON& Tower with Radar,301,71,18,0,390,0,0,9,0,9,301,71,27,0,399,0,0,0,399
05/21/2006,MCI,MO,ACE,CE,Combined TRACON& Tower with Radar,312,92,47,2,453,0,0,20,0,20,312,92,67,2,473,0,0,0,473
05/22/2006,MCI,MO,ACE,CE,Combined TRACON& Tower with Radar,340,126,94,0,560,0,0,8,0,8,340,126,102,0,568,0,0,0,568
05/23/2006,MCI,MO,ACE,CE,Combined TRACON& Tower with Radar,360,113,127,5,605,0,0,14,0,14,360,113,141,5,619,0,0,0,619
05/24/2006,MCI,MO,ACE,CE,Combined TRACON& Tower with Radar,356,128,85,0,569,0,0,8,0,8,356,128,93,0,577,0,0,0,577
05/25/2006,MCI,MO,ACE,CE,Combined TRACON& Tower with Radar,379,130,93,1,603,0,0,18,0,18,379,130,111,1,621,0,0,0,621
05/26/2006,MCI,MO,ACE,CE,Combined TRACON& Tower with Radar,368,135,68,1,572,0,0,13,0,13,368,135,81,1,585,0,0,0,585
05/27/2006,MCI,MO,ACE,CE,Combined TRACON& Tower with Radar,295,68,18,0,381,0,3,12,0,15,295,71,30,0,396,0,0,0,396
05/28/2006,MCI,MO,ACE,CE,Combined TRACON& Tower with Radar,285,66,25,0,376,0,0,2,0,2,285,66,27,0,378,0,0,0,378
05/29/2006,MCI,MO,ACE,CE,Combined TRACON& Tower with Radar,303,89,31,0,423,0,0,19,0,19,303,89,50,0,442,0,0,0,442
05/30/2006,MCI,MO,ACE,CE,Combined TRACON& Tower with Radar,326,111,60,1,498,0,0,7,0,7,326,111,67,1,505,0,0,0,505
05/31/2006,MCI,MO,ACE,CE,Combined TRACON& Tower with Radar,375,125,72,0,572,0,0,4,2,6,375,125,76,2,578,0,0,0,578
06/01/2006,MCI,MO,ACE,CE,Combined TRACON& Tower with Radar,370,143,87,0,600,0,0,10,0,10,370,143,97,0,610,0,0,0,610
06/02/2006,MCI,MO,ACE,CE,Combined TRACON& Tower with Radar,368,123,60,1,552,0,1,17,6,24,368,124,77,7,576,0,0,0,576
06/03/2006,MCI,MO,ACE,CE,Combined TRACON& Tower with Radar,308,76,23,0,407,0,0,17,0,17,308,76,40,0,424,0,0,0,424
06/04/2006,MCI,MO,ACE,CE,Combined TRACON& Tower with Radar,319,90,21,0,430,0,0,8,0,8,319,90,29,0,438,0,0,0,438
06/05/2006,MCI,MO,ACE,CE,Combined TRACON& Tower with Radar,339,124,65,0,528,0,0,6,0,6,339,124,71,0,534,0,0,0,534
06/06/2006,MCI,MO,ACE,CE,Combined TRACON& Tower with Radar,360,132,90,5,587,0,0,7,0,7,360,132,97,5,594,0,0,0,594
06/07/2006,MCI,MO,ACE,CE,Combined TRACON& Tower with Radar,364,135,76,0,575,0,0,16,0,16,364,135,92,0,591,0,0,0,591
06/08/2006,MCI,MO,ACE,CE,Combined TRACON& Tower with Radar,367,134,111,2,614,0,2,19,0,21,367,136,130,2,635,0,0,0,635
06/09/2006,MCI,MO,ACE,CE,Combined TRACON& Tower with Radar,363,117,73,2,555,0,1,16,0,17,363,118,89,2,572,0,0,0,572
06/10/2006,MCI,MO,ACE,CE,Combined TRACON& Tower with Radar,316,84,21,2,423,0,0,22,0,22,316,84,43,2,445,0,0,0,445
06/11/2006,MCI,MO,ACE,CE,Combined TRACON& Tower with Radar,319,110,31,0,460,0,0,12,0,12,319,110,43,0,472,0,0,0,472
06/12/2006,MCI,MO,ACE,CE,Combined TRACON& Tower with Radar,333,122,60,2,517,0,2,12,0,14,333,124,72,2,531,0,0,0,531
06/13/2006,MCI,MO,ACE,CE,Combined TRACON& Tower with Radar,376,119,86,4,585,0,0,16,0,16,376,119,102,4,601,0,0,0,601
06/14/2006,MCI,MO,ACE,CE,Combined TRACON& Tower with Radar,373,117,51,4,545,0,0,17,0,17,373,117,68,4,562,0,0,0,562
06/15/2006,MCI,MO,ACE,CE,Combined TRACON& Tower with Radar,372,126,42,2,542,0,0,8,0,8,372,126,50,2,550,0,0,0,550
06/16/2006,MCI,MO,ACE,CE,Combined TRACON& Tower with Radar,367,124,30,0,521,0,0,16,0,16,367,124,46,0,537,0,0,0,537
06/17/2006,MCI,MO,ACE,CE,Combined TRACON& Tower with Radar,313,80,4,0,397,0,0,11,0,11,313,80,15,0,408,0,0,0,408
06/18/2006,MCI,MO,ACE,CE,Combined TRACON& Tower with Radar,319,99,18,0,436,0,0,5,0,5,319,99,23,0,441,0,0,0,441
06/19/2006,MCI,MO,ACE,CE,Combined TRACON& Tower with Radar,330,118,43,0,491,0,1,13,0,14,330,119,56,0,505,0,0,0,505
06/20/2006,MCI,MO,ACE,CE,Combined TRACON& Tower with Radar,382,101,33,2,518,0,0,8,0,8,382,101,41,2,526,0,0,0,526
06/21/2006,MCI,MO,ACE,CE,Combined TRACON& Tower with Radar,357,128,24,5,514,0,0,7,0,7,357,128,31,5,521,0,0,0,521
06/22/2006,MCI,MO,ACE,CE,Combined TRACON& Tower with Radar,373,131,22,1,527,0,0,6,0,6,373,131,28,1,533,0,0,0,533
06/23/2006,MCI,MO,ACE,CE,Combined TRACON& Tower with Radar,370,116,25,2,513,0,0,2,2,4,370,116,27,4,517,0,0,0,517
06/24/2006,MCI,MO,ACE,CE,Combined TRACON& Tower with Radar,318,82,15,1,416,0,0,9,0,9,318,82,24,1,425,0,0,0,425
06/25/2006,MCI,MO,ACE,CE,Combined TRACON& Tower with Radar,307,107,12,1,427,0,0,11,0,11,307,107,23,1,438,0,0,0,438
06/26/2006,MCI,MO,ACE,CE,Combined TRACON& Tower with Radar,343,115,29,0,487,0,0,7,0,7,343,115,36,0,494,0,0,0,494
06/27/2006,MCI,MO,ACE,CE,Combined TRACON& Tower with Radar,355,110,37,2,504,0,0,6,0,6,355,110,43,2,510,0,0,0,510
06/28/2006,MCI,MO,ACE,CE,Combined TRACON& Tower with Radar,380,127,33,1,541,0,0,10,0,10,380,127,43,1,551,0,0,0,551
06/29/2006,MCI,MO,ACE,CE,Combined TRACON& Tower with Radar,379,125,32,0,536,0,1,11,2,14,379,126,43,2,550,0,0,0,550
06/30/2006,MCI,MO,ACE,CE,Combined TRACON& Tower with Radar,369,121,57,7,554,0,0,16,0,16,369,121,73,7,570,0,0,0,570
07/01/2006,MCI,MO,ACE,CE,Combined TRACON& Tower with Radar,320,78,23,0,421,0,0,16,0,16,320,78,39,0,437,0,0,0,437
07/02/2006,MCI,MO,ACE,CE,Combined TRACON& Tower with Radar,305,88,34,0,427,0,0,19,0,19,305,88,53,0,446,0,0,0,446
07/03/2006,MCI,MO,ACE,CE,Combined TRACON& Tower with Radar,290,93,8,0,391,0,0,6,0,6,290,93,14,0,397,0,0,0,397
07/04/2006,MCI,MO,ACE,CE,Combined TRACON& Tower with Radar,305,86,9,0,400,0,0,5,0,5,305,86,14,0,405,0,0,0,405
07/05/2006,MCI,MO,ACE,CE,Combined TRACON& Tower with Radar,352,105,24,3,484,0,0,22,0,22,352,105,46,3,506,0,0,0,506
07/06/2006,MCI,MO,ACE,CE,Combined TRACON& Tower with Radar,369,114,29,0,512,0,0,9,0,9,369,114,38,0,521,0,0,0,521
07/07/2006,MCI,MO,ACE,CE,Combined TRACON& Tower with Radar,356,109,20,0,485,0,0,16,0,16,356,109,36,0,501,0,0,0,501
07/08/2006,MCI,MO,ACE,CE,Combined TRACON& Tower with Radar,307,78,15,0,400,0,2,13,0,15,307,80,28,0,415,0,0,0,415
07/09/2006,MCI,MO,ACE,CE,Combined TRACON& Tower with Radar,312,95,17,0,424,0,0,2,0,2,312,95,19,0,426,0,0,0,426
07/10/2006,MCI,MO,ACE,CE,Combined TRACON& Tower with Radar,331,121,20,0,472,0,0,0,0,0,331,121,20,0,472,0,0,0,472
07/11/2006,MCI,MO,ACE,CE,Combined TRACON& Tower with Radar,363,114,34,0,511,0,1,6,0,7,363,115,40,0,518,0,0,0,518
07/12/2006,MCI,MO,ACE,CE,Combined TRACON& Tower with Radar,356,110,39,6,511,0,0,8,3,11,356,110,47,9,522,0,0,0,522
07/13/2006,MCI,MO,ACE,CE,Combined TRACON& Tower with Radar,374,114,35,1,524,0,0,11,0,11,374,114,46,1,535,0,0,0,535
07/14/2006,MCI,MO,ACE,CE,Combined TRACON& Tower with Radar,368,117,28,0,513,0,0,13,0,13,368,117,41,0,526,0,0,0,526
07/15/2006,MCI,MO,ACE,CE,Combined TRACON& Tower with Radar,308,83,9,0,400,0,0,15,0,15,308,83,24,0,415,0,0,0,415
07/16/2006,MCI,MO,ACE,CE,Combined TRACON& Tower with Radar,318,94,10,0,422,0,0,4,0,4,318,94,14,0,426,0,0,0,426
07/17/2006,MCI,MO,ACE,CE,Combined TRACON& Tower with Radar,331,113,20,19,483,0,2,22,0,24,331,115,42,19,507,0,0,0,507
07/18/2006,MCI,MO,ACE,CE,Combined TRACON& Tower with Radar,357,113,25,0,495,0,0,8,0,8,357,113,33,0,503,0,0,0,503
07/19/2006,MCI,MO,ACE,CE,Combined TRACON& Tower with Radar,377,121,34,4,536,0,0,5,0,5,377,121,39,4,541,0,0,0,541
07/20/2006,MCI,MO,ACE,CE,Combined TRACON& Tower with Radar,353,123,39,2,517,0,0,11,0,11,353,123,50,2,528,0,0,0,528
07/21/2006,MCI,MO,ACE,CE,Combined TRACON& Tower with Radar,359,119,27,0,505,0,1,2,0,3,359,120,29,0,508,0,0,0,508
07/22/2006,MCI,MO,ACE,CE,Combined TRACON& Tower with Radar,317,88,15,0,420,0,0,10,0,10,317,88,25,0,430,0,0,0,430
07/23/2006,MCI,MO,ACE,CE,Combined TRACON& Tower with Radar,323,96,20,2,441,0,0,8,0,8,323,96,28,2,449,0,0,0,449
07/24/2006,MCI,MO,ACE,CE,Combined TRACON& Tower with Radar,337,118,33,3,491,0,3,14,0,17,337,121,47,3,508,0,0,0,508
07/25/2006,MCI,MO,ACE,CE,Combined TRACON& Tower with Radar,362,117,17,0,496,0,2,6,0,8,362,119,23,0,504,0,0,0,504
07/26/2006,MCI,MO,ACE,CE,Combined TRACON& Tower with Radar,362,118,27,0,507,0,0,16,0,16,362,118,43,0,523,0,0,0,523
07/27/2006,MCI,MO,ACE,CE,Combined TRACON& Tower with Radar,366,110,42,6,524,0,0,7,0,7,366,110,49,6,531,0,0,0,531
07/28/2006,MCI,MO,ACE,CE,Combined TRACON& Tower with Radar,376,112,35,0,523,0,0,14,0,14,376,112,49,0,537,0,0,0,537
07/29/2006,MCI,MO,ACE,CE,Combined TRACON& Tower with Radar,329,87,15,0,431,0,0,10,0,10,329,87,25,0,441,0,0,0,441
07/30/2006,MCI,MO,ACE,CE,Combined TRACON& Tower with Radar,322,94,10,0,426,0,1,10,0,11,322,95,20,0,437,0,0,0,437
07/31/2006,MCI,MO,ACE,CE,Combined TRACON& Tower with Radar,333,115,21,7,476,0,0,13,1,14,333,115,34,8,490,0,0,0,490
08/01/2006,MCI,MO,ACE,CE,Combined TRACON& Tower with Radar,369,115,41,2,527,0,0,7,0,7,369,115,48,2,534,0,0,0,534
08/02/2006,MCI,MO,ACE,CE,Combined TRACON& Tower with Radar,340,123,27,5,495,0,1,5,0,6,340,124,32,5,501,0,0,0,501
08/03/2006,MCI,MO,ACE,CE,Combined TRACON& Tower with Radar,372,123,33,9,537,0,0,8,0,8,372,123,41,9,545,0,0,0,545
08/04/2006,MCI,MO,ACE,CE,Combined TRACON& Tower with Radar,379,113,35,3,530,0,0,16,1,17,379,113,51,4,547,0,0,0,547
08/05/2006,MCI,MO,ACE,CE,Combined TRACON& Tower with Radar,316,83,12,0,411,0,0,21,0,21,316,83,33,0,432,5,0,5,437
08/06/2006,MCI,MO,ACE,CE,Combined TRACON& Tower with Radar,324,99,17,0,440,0,0,10,0,10,324,99,27,0,450,0,0,0,450
08/07/2006,MCI,MO,ACE,CE,Combined TRACON& Tower with Radar,340,123,23,1,487,0,0,3,0,3,340,123,26,1,490,2,0,2,492
08/08/2006,MCI,MO,ACE,CE,Combined TRACON& Tower with Radar,375,129,32,2,538,0,0,4,0,4,375,129,36,2,542,4,0,4,546
08/09/2006,MCI,MO,ACE,CE,Combined TRACON& Tower with Radar,366,119,37,0,522,0,0,15,0,15,366,119,52,0,537,0,0,0,537
08/10/2006,MCI,MO,ACE,CE,Combined TRACON& Tower with Radar,359,111,27,0,497,0,2,14,0,16,359,113,41,0,513,0,0,0,513
08/11/2006,MCI,MO,ACE,CE,Combined TRACON& Tower with Radar,384,120,19,1,524,0,0,20,0,20,384,120,39,1,544,0,0,0,544
08/12/2006,MCI,MO,ACE,CE,Combined TRACON& Tower with Radar,322,84,11,1,418,0,0,7,0,7,322,84,18,1,425,0,0,0,425
08/13/2006,MCI,MO,ACE,CE,Combined TRACON& Tower with Radar,321,96,13,0,430,0,2,11,0,13,321,98,24,0,443,0,0,0,443
08/14/2006,MCI,MO,ACE,CE,Combined TRACON& Tower with Radar,347,120,10,0,477,0,0,3,0,3,347,120,13,0,480,0,0,0,480
08/15/2006,MCI,MO,ACE,CE,Combined TRACON& Tower with Radar,373,116,13,4,506,0,0,12,0,12,373,116,25,4,518,0,0,0,518
08/16/2006,MCI,MO,ACE,CE,Combined TRACON& Tower with Radar,372,111,20,6,509,0,0,10,0,10,372,111,30,6,519,0,0,0,519
08/17/2006,MCI,MO,ACE,CE,Combined TRACON& Tower with Radar,367,112,19,8,506,0,0,8,1,9,367,112,27,9,515,0,0,0,515
08/18/2006,MCI,MO,ACE,CE,Combined TRACON& Tower with Radar,373,115,15,1,504,0,0,8,0,8,373,115,23,1,512,0,0,0,512
08/19/2006,MCI,MO,ACE,CE,Combined TRACON& Tower with Radar,315,79,12,0,406,0,0,12,0,12,315,79,24,0,418,0,0,0,418
08/20/2006,MCI,MO,ACE,CE,Combined TRACON& Tower with Radar,321,85,15,0,421,0,0,9,0,9,321,85,24,0,430,0,0,0,430
08/21/2006,MCI,MO,ACE,CE,Combined TRACON& Tower with Radar,343,119,17,0,479,0,0,6,0,6,343,119,23,0,485,0,0,0,485
08/22/2006,MCI,MO,ACE,CE,Combined TRACON& Tower with Radar,380,102,27,0,509,0,0,5,0,5,380,102,32,0,514,0,0,0,514
08/23/2006,MCI,MO,ACE,CE,Combined TRACON& Tower with Radar,365,100,24,0,489,0,0,5,2,7,365,100,29,2,496,0,0,0,496
08/24/2006,MCI,MO,ACE,CE,Combined TRACON& Tower with Radar,351,107,21,0,479,0,0,9,0,9,351,107,30,0,488,0,0,0,488
08/25/2006,MCI,MO,ACE,CE,Combined TRACON& Tower with Radar,377,105,21,2,505,0,0,8,0,8,377,105,29,2,513,0,0,0,513
08/26/2006,MCI,MO,ACE,CE,Combined TRACON& Tower with Radar,319,78,4,0,401,0,0,3,0,3,319,78,7,0,404,0,0,0,404
08/27/2006,MCI,MO,ACE,CE,Combined TRACON& Tower with Radar,325,82,5,0,412,0,0,0,0,0,325,82,5,0,412,0,0,0,412
08/28/2006,MCI,MO,ACE,CE,Combined TRACON& Tower with Radar,339,109,15,9,472,0,0,3,0,3,339,109,18,9,475,0,0,0,475
08/29/2006,MCI,MO,ACE,CE,Combined TRACON& Tower with Radar,369,107,10,1,487,0,0,6,0,6,369,107,16,1,493,0,0,0,493
08/30/2006,MCI,MO,ACE,CE,Combined TRACON& Tower with Radar,368,120,18,0,506,0,1,16,0,17,368,121,34,0,523,0,0,0,523
08/31/2006,MCI,MO,ACE,CE,Combined TRACON& Tower with Radar,373,107,17,0,497,0,0,13,0,13,373,107,30,0,510,0,0,0,510
09/01/2006,MCI,MO,ACE,CE,Combined TRACON& Tower with Radar,374,120,16,0,510,0,1,6,0,7,374,121,22,0,517,0,0,0,517
09/02/2006,MCI,MO,ACE,CE,Combined TRACON& Tower with Radar,304,77,10,0,391,0,0,4,0,4,304,77,14,0,395,0,0,0,395
09/03/2006,MCI,MO,ACE,CE,Combined TRACON& Tower with Radar,270,75,2,0,347,0,3,7,0,10,270,78,9,0,357,0,0,0,357
09/04/2006,MCI,MO,ACE,CE,Combined TRACON& Tower with Radar,324,96,15,0,435,0,0,8,0,8,324,96,23,0,443,0,0,0,443
09/05/2006,MCI,MO,ACE,CE,Combined TRACON& Tower with Radar,347,105,22,3,477,0,3,2,0,5,347,108,24,3,482,0,0,0,482
09/06/2006,MCI,MO,ACE,CE,Combined TRACON& Tower with Radar,372,83,21,0,476,0,0,10,0,10,372,83,31,0,486,0,0,0,486
09/07/2006,MCI,MO,ACE,CE,Combined TRACON& Tower with Radar,371,93,13,3,480,0,1,7,0,8,371,94,20,3,488,0,0,0,488
09/08/2006,MCI,MO,ACE,CE,Combined TRACON& Tower with Radar,373,111,27,1,512,0,0,21,2,23,373,111,48,3,535,0,0,0,535
09/09/2006,MCI,MO,ACE,CE,Combined TRACON& Tower with Radar,321,59,4,0,384,0,0,1,0,1,321,59,5,0,385,0,0,0,385
09/10/2006,MCI,MO,ACE,CE,Combined TRACON& Tower with Radar,324,65,7,0,396,0,0,1,0,1,324,65,8,0,397,0,0,0,397
09/11/2006,MCI,MO,ACE,CE,Combined TRACON& Tower with Radar,342,93,24,6,465,0,0,2,0,2,342,93,26,6,467,0,0,0,467
09/12/2006,MCI,MO,ACE,CE,Combined TRACON& Tower with Radar,372,86,27,5,490,0,0,4,1,5,372,86,31,6,495,0,0,0,495
09/13/2006,MCI,MO,ACE,CE,Combined TRACON& Tower with Radar,374,92,21,1,488,0,0,7,0,7,374,92,28,1,495,0,0,0,495
09/14/2006,MCI,MO,ACE,CE,Combined TRACON& Tower with Radar,378,91,47,2,518,0,0,6,0,6,378,91,53,2,524,0,0,0,524
09/15/2006,MCI,MO,ACE,CE,Combined TRACON& Tower with Radar,375,95,29,1,500,0,0,8,0,8,375,95,37,1,508,0,0,0,508
09/16/2006,MCI,MO,ACE,CE,Combined TRACON& Tower with Radar,314,66,14,0,394,0,0,8,0,8,314,66,22,0,402,0,0,0,402
09/17/2006,MCI,MO,ACE,CE,Combined TRACON& Tower with Radar,328,72,27,0,427,0,0,6,0,6,328,72,33,0,433,0,0,0,433
09/18/2006,MCI,MO,ACE,CE,Combined TRACON& Tower with Radar,356,101,19,3,479,0,0,18,0,18,356,101,37,3,497,0,0,0,497
09/19/2006,MCI,MO,ACE,CE,Combined TRACON& Tower with Radar,371,91,24,3,489,0,0,12,0,12,371,91,36,3,501,0,0,0,501
09/20/2006,MCI,MO,ACE,CE,Combined TRACON& Tower with Radar,375,90,24,5,494,0,0,13,0,13,375,90,37,5,507,0,0,0,507
09/21/2006,MCI,MO,ACE,CE,Combined TRACON& Tower with Radar,374,99,25,0,498,0,0,0,0,0,374,99,25,0,498,0,0,0,498
09/22/2006,MCI,MO,ACE,CE,Combined TRACON& Tower with Radar,366,94,17,2,479,0,0,8,0,8,366,94,25,2,487,0,0,0,487
09/23/2006,MCI,MO,ACE,CE,Combined TRACON& Tower with Radar,317,59,7,1,384,0,0,3,0,3,317,59,10,1,387,0,0,0,387
09/24/2006,MCI,MO,ACE,CE,Combined TRACON& Tower with Radar,326,63,16,0,405,0,0,11,1,12,326,63,27,1,417,0,0,0,417
09/25/2006,MCI,MO,ACE,CE,Combined TRACON& Tower with Radar,355,88,26,1,470,0,0,11,0,11,355,88,37,1,481,0,0,0,481
09/26/2006,MCI,MO,ACE,CE,Combined TRACON& Tower with Radar,376,86,23,0,485,0,0,18,0,18,376,86,41,0,503,0,0,0,503
09/27/2006,MCI,MO,ACE,CE,Combined TRACON& Tower with Radar,373,92,26,3,494,0,0,15,0,15,373,92,41,3,509,0,0,0,509
09/28/2006,MCI,MO,ACE,CE,Combined TRACON& Tower with Radar,378,103,47,4,532,0,0,16,0,16,378,103,63,4,548,0,0,0,548
09/29/2006,MCI,MO,ACE,CE,Combined TRACON& Tower with Radar,384,91,22,0,497,0,2,16,0,18,384,93,38,0,515,0,0,0,515
09/30/2006,MCI,MO,ACE,CE,Combined TRACON& Tower with Radar,309,61,19,1,390,0,0,14,0,14,309,61,33,1,404,0,0,0,404
10/01/2006,MCI,MO,ACE,CE,Combined TRACON& Tower with Radar,325,65,54,4,448,0,0,20,0,20,325,65,74,4,468,0,0,0,468
10/02/2006,MCI,MO,ACE,CE,Combined TRACON& Tower with Radar,337,90,25,0,452,0,0,19,0,19,337,90,44,0,471,0,0,0,471
10/03/2006,MCI,MO,ACE,CE,Combined TRACON& Tower with Radar,385,94,22,2,503,0,0,21,0,21,385,94,43,2,524,0,0,0,524
10/04/2006,MCI,MO,ACE,CE,Combined TRACON& Tower with Radar,367,95,10,3,475,0,1,2,0,3,367,96,12,3,478,0,0,0,478
10/05/2006,MCI,MO,ACE,CE,Combined TRACON& Tower with Radar,375,100,38,5,518,0,2,15,0,17,375,102,53,5,535,0,0,0,535
10/06/2006,MCI,MO,ACE,CE,Combined TRACON& Tower with Radar,368,109,26,1,504,0,2,10,0,12,368,111,36,1,516,0,0,0,516
10/07/2006,MCI,MO,ACE,CE,Combined TRACON& Tower with Radar,312,58,8,0,378,0,0,11,0,11,312,58,19,0,389,0,0,0,389
10/08/2006,MCI,MO,ACE,CE,Combined TRACON& Tower with Radar,323,71,14,0,408,0,0,7,0,7,323,71,21,0,415,0,0,0,415
10/09/2006,MCI,MO,ACE,CE,Combined TRACON& Tower with Radar,349,91,12,0,452,0,0,13,1,14,349,91,25,1,466,0,0,0,466
10/10/2006,MCI,MO,ACE,CE,Combined TRACON& Tower with Radar,375,96,20,6,497,0,0,0,0,0,375,96,20,6,497,0,0,0,497
10/11/2006,MCI,MO,ACE,CE,Combined TRACON& Tower with Radar,366,108,16,2,492,0,0,2,0,2,366,108,18,2,494,0,0,0,494
10/12/2006,MCI,MO,ACE,CE,Combined TRACON& Tower with Radar,364,98,18,2,482,0,0,21,0,21,364,98,39,2,503,0,0,0,503
10/13/2006,MCI,MO,ACE,CE,Combined TRACON& Tower with Radar,378,104,17,6,505,0,0,10,0,10,378,104,27,6,515,0,0,0,515
10/14/2006,MCI,MO,ACE,CE,Combined TRACON& Tower with Radar,312,67,2,0,381,0,0,8,0,8,312,67,10,0,389,0,0,0,389
10/15/2006,MCI,MO,ACE,CE,Combined TRACON& Tower with Radar,322,67,4,0,393,0,0,2,0,2,322,67,6,0,395,0,0,0,395
10/16/2006,MCI,MO,ACE,CE,Combined TRACON& Tower with Radar,350,92,10,11,463,0,0,0,0,0,350,92,10,11,463,0,0,0,463
10/17/2006,MCI,MO,ACE,CE,Combined TRACON& Tower with Radar,379,95,19,4,497,0,0,0,0,0,379,95,19,4,497,0,0,0,497
10/18/2006,MCI,MO,ACE,CE,Combined TRACON& Tower with Radar,379,93,26,1,499,0,0,1,0,1,379,93,27,1,500,0,0,0,500
10/19/2006,MCI,MO,ACE,CE,Combined TRACON& Tower with Radar,372,101,15,8,496,0,0,8,0,8,372,101,23,8,504,0,0,0,504
10/20/2006,MCI,MO,ACE,CE,Combined TRACON& Tower with Radar,369,116,28,1,514,0,1,3,0,4,369,117,31,1,518,0,0,0,518
10/21/2006,MCI,MO,ACE,CE,Combined TRACON& Tower with Radar,319,68,8,0,395,0,0,5,0,5,319,68,13,0,400,0,0,0,400
10/22/2006,MCI,MO,ACE,CE,Combined TRACON& Tower with Radar,324,71,13,0,408,0,0,8,0,8,324,71,21,0,416,0,0,0,416
10/23/2006,MCI,MO,ACE,CE,Combined TRACON& Tower with Radar,365,103,13,11,492,0,1,10,2,13,365,104,23,13,505,0,0,0,505
10/24/2006,MCI,MO,ACE,CE,Combined TRACON& Tower with Radar,375,98,14,2,489,0,0,5,0,5,375,98,19,2,494,0,0,0,494
10/25/2006,MCI,MO,ACE,CE,Combined TRACON& Tower with Radar,372,101,22,3,498,0,0,8,0,8,372,101,30,3,506,0,0,0,506
10/26/2006,MCI,MO,ACE,CE,Combined TRACON& Tower with Radar,345,97,10,0,452,0,0,0,0,0,345,97,10,0,452,0,0,0,452
10/27/2006,MCI,MO,ACE,CE,Combined TRACON& Tower with Radar,386,106,23,3,518,0,0,5,0,5,386,106,28,3,523,0,0,0,523
10/28/2006,MCI,MO,ACE,CE,Combined TRACON& Tower with Radar,315,66,5,0,386,0,0,12,0,12,315,66,17,0,398,0,0,0,398
10/29/2006,MCI,MO,ACE,CE,Combined TRACON& Tower with Radar,311,69,11,0,391,0,0,21,0,21,311,69,32,0,412,2,0,2,414
10/30/2006,MCI,MO,ACE,CE,Combined TRACON& Tower with Radar,363,102,19,2,486,0,0,5,0,5,363,102,24,2,491,2,0,2,493
10/31/2006,MCI,MO,ACE,CE,Combined TRACON& Tower with Radar,385,100,10,2,497,0,0,7,0,7,385,100,17,2,504,0,0,0,504
11/01/2006,MCI,MO,ACE,CE,Combined TRACON& Tower with Radar,385,100,28,1,514,0,1,11,0,12,385,101,39,1,526,0,0,0,526
11/02/2006,MCI,MO,ACE,CE,Combined TRACON& Tower with Radar,374,103,12,2,491,0,0,9,0,9,374,103,21,2,500,0,0,0,500
11/03/2006,MCI,MO,ACE,CE,Combined TRACON& Tower with Radar,394,102,18,2,516,0,2,14,0,16,394,104,32,2,532,0,0,0,532
11/04/2006,MCI,MO,ACE,CE,Combined TRACON& Tower with Radar,308,59,13,0,380,0,0,9,0,9,308,59,22,0,389,0,0,0,389
11/05/2006,MCI,MO,ACE,CE,Combined TRACON& Tower with Radar,318,74,4,1,397,0,0,5,0,5,318,74,9,1,402,0,0,0,402
11/06/2006,MCI,MO,ACE,CE,Combined TRACON& Tower with Radar,362,101,12,3,478,0,0,0,0,0,362,101,12,3,478,0,0,0,478
11/07/2006,MCI,MO,ACE,CE,Combined TRACON& Tower with Radar,383,93,12,4,492,0,0,10,0,10,383,93,22,4,502,0,0,0,502
11/08/2006,MCI,MO,ACE,CE,Combined TRACON& Tower with Radar,379,106,32,6,523,0,0,18,0,18,379,106,50,6,541,0,0,0,541
11/09/2006,MCI,MO,ACE,CE,Combined TRACON& Tower with Radar,393,104,20,8,525,0,0,12,0,12,393,104,32,8,537,0,0,0,537
11/10/2006,MCI,MO,ACE,CE,Combined TRACON& Tower with Radar,378,109,23,0,510,0,2,1,0,3,378,111,24,0,513,0,0,0,513
11/11/2006,MCI,MO,ACE,CE,Combined TRACON& Tower with Radar,324,65,11,0,400,0,0,14,0,14,324,65,25,0,414,0,0,0,414
11/12/2006,MCI,MO,ACE,CE,Combined TRACON& Tower with Radar,313,71,14,0,398,0,0,4,0,4,313,71,18,0,402,0,0,0,402
11/13/2006,MCI,MO,ACE,CE,Combined TRACON& Tower with Radar,360,99,18,0,477,0,0,10,0,10,360,99,28,0,487,0,0,0,487
11/14/2006,MCI,MO,ACE,CE,Combined TRACON& Tower with Radar,387,107,20,2,516,0,0,4,0,4,387,107,24,2,520,0,0,0,520
11/15/2006,MCI,MO,ACE,CE,Combined TRACON& Tower with Radar,373,95,10,2,480,0,0,1,0,1,373,95,11,2,481,0,0,0,481
11/16/2006,MCI,MO,ACE,CE,Combined TRACON& Tower with Radar,387,113,35,0,535,0,0,6,0,6,387,113,41,0,541,0,0,0,541
11/17/2006,MCI,MO,ACE,CE,Combined TRACON& Tower with Radar,389,112,23,0,524,0,2,12,0,14,389,114,35,0,538,0,0,0,538
11/18/2006,MCI,MO,ACE,CE,Combined TRACON& Tower with Radar,323,62,9,0,394,0,0,10,0,10,323,62,19,0,404,0,0,0,404
11/19/2006,MCI,MO,ACE,CE,Combined TRACON& Tower with Radar,324,78,15,0,417,0,0,5,0,5,324,78,20,0,422,0,0,0,422
11/20/2006,MCI,MO,ACE,CE,Combined TRACON& Tower with Radar,359,97,10,2,468,0,0,16,0,16,359,97,26,2,484,0,0,0,484
11/21/2006,MCI,MO,ACE,CE,Combined TRACON& Tower with Radar,392,105,31,1,529,0,0,9,0,9,392,105,40,1,538,0,0,0,538
11/22/2006,MCI,MO,ACE,CE,Combined TRACON& Tower with Radar,398,110,10,2,520,0,2,11,0,13,398,112,21,2,533,0,0,0,533
11/23/2006,MCI,MO,ACE,CE,Combined TRACON& Tower with Radar,260,61,3,0,324,0,0,8,0,8,260,61,11,0,332,0,0,0,332
11/24/2006,MCI,MO,ACE,CE,Combined TRACON& Tower with Radar,284,63,3,0,350,0,1,9,0,10,284,64,12,0,360,0,0,0,360
11/25/2006,MCI,MO,ACE,CE,Combined TRACON& Tower with Radar,317,88,12,0,417,0,0,7,0,7,317,88,19,0,424,0,0,0,424
11/26/2006,MCI,MO,ACE,CE,Combined TRACON& Tower with Radar,347,82,15,2,446,0,0,2,0,2,347,82,17,2,448,0,0,0,448
11/27/2006,MCI,MO,ACE,CE,Combined TRACON& Tower with Radar,356,110,9,9,484,0,0,3,0,3,356,110,12,9,487,0,0,0,487
11/28/2006,MCI,MO,ACE,CE,Combined TRACON& Tower with Radar,384,103,8,6,501,0,0,20,2,22,384,103,28,8,523,0,0,0,523
11/29/2006,MCI,MO,ACE,CE,Combined TRACON& Tower with Radar,353,72,13,1,439,0,0,0,0,0,353,72,13,1,439,0,0,0,439
11/30/2006,MCI,MO,ACE,CE,Combined TRACON& Tower with Radar,371,120,35,8,534,0,2,2,0,4,371,122,37,8,538,0,0,0,538
12/01/2006,MCI,MO,ACE,CE,Combined TRACON& Tower with Radar,376,97,28,6,507,0,0,10,0,10,376,97,38,6,517,0,0,0,517
12/02/2006,MCI,MO,ACE,CE,Combined TRACON& Tower with Radar,333,70,11,1,415,0,0,6,0,6,333,70,17,1,421,0,0,0,421
12/03/2006,MCI,MO,ACE,CE,Combined TRACON& Tower with Radar,335,74,19,3,431,0,0,15,0,15,335,74,34,3,446,0,0,0,446
12/04/2006,MCI,MO,ACE,CE,Combined TRACON& Tower with Radar,364,102,21,0,487,0,2,16,2,20,364,104,37,2,507,0,0,0,507
12/05/2006,MCI,MO,ACE,CE,Combined TRACON& Tower with Radar,392,96,11,5,504,0,0,14,2,16,392,96,25,7,520,0,0,0,520
12/06/2006,MCI,MO,ACE,CE,Combined TRACON& Tower with Radar,386,95,17,6,504,0,0,16,0,16,386,95,33,6,520,0,0,0,520
12/07/2006,MCI,MO,ACE,CE,Combined TRACON& Tower with Radar,389,103,16,4,512,0,0,8,0,8,389,103,24,4,520,0,0,0,520
12/08/2006,MCI,MO,ACE,CE,Combined TRACON& Tower with Radar,393,111,39,1,544,0,0,13,0,13,393,111,52,1,557,0,0,0,557
12/09/2006,MCI,MO,ACE,CE,Combined TRACON& Tower with Radar,316,62,7,0,385,0,0,12,0,12,316,62,19,0,397,0,0,0,397
12/10/2006,MCI,MO,ACE,CE,Combined TRACON& Tower with Radar,323,73,11,0,407,0,0,11,0,11,323,73,22,0,418,0,0,0,418
12/11/2006,MCI,MO,ACE,CE,Combined TRACON& Tower with Radar,357,101,10,4,472,0,0,1,0,1,357,101,11,4,473,0,0,0,473
12/12/2006,MCI,MO,ACE,CE,Combined TRACON& Tower with Radar,401,105,14,1,521,0,0,7,0,7,401,105,21,1,528,0,0,0,528
12/13/2006,MCI,MO,ACE,CE,Combined TRACON& Tower with Radar,385,112,29,2,528,0,0,12,0,12,385,112,41,2,540,0,0,0,540
12/14/2006,MCI,MO,ACE,CE,Combined TRACON& Tower with Radar,391,104,24,4,523,0,0,10,0,10,391,104,34,4,533,0,0,0,533
12/15/2006,MCI,MO,ACE,CE,Combined TRACON& Tower with Radar,382,113,22,1,518,0,0,14,0,14,382,113,36,1,532,0,0,0,532
12/16/2006,MCI,MO,ACE,CE,Combined TRACON& Tower with Radar,328,61,9,0,398,0,0,3,0,3,328,61,12,0,401,0,0,0,401
12/17/2006,MCI,MO,ACE,CE,Combined TRACON& Tower with Radar,323,73,7,0,403,0,0,1,0,1,323,73,8,0,404,0,0,0,404
12/18/2006,MCI,MO,ACE,CE,Combined TRACON& Tower with Radar,360,121,19,0,500,0,0,9,0,9,360,121,28,0,509,0,0,0,509
12/19/2006,MCI,MO,ACE,CE,Combined TRACON& Tower with Radar,385,129,16,4,534,0,0,9,0,9,385,129,25,4,543,0,0,0,543
12/20/2006,MCI,MO,ACE,CE,Combined TRACON& Tower with Radar,361,117,9,0,487,0,0,0,0,0,361,117,9,0,487,0,0,0,487
12/21/2006,MCI,MO,ACE,CE,Combined TRACON& Tower with Radar,357,124,32,2,515,0,0,8,0,8,357,124,40,2,523,0,0,0,523
12/22/2006,MCI,MO,ACE,CE,Combined TRACON& Tower with Radar,363,134,23,0,520,0,0,2,0,2,363,134,25,0,522,0,0,0,522
12/23/2006,MCI,MO,ACE,CE,Combined TRACON& Tower with Radar,335,83,11,1,430,0,0,2,0,2,335,83,13,1,432,0,0,0,432
12/24/2006,MCI,MO,ACE,CE,Combined TRACON& Tower with Radar,300,71,3,0,374,0,0,6,0,6,300,71,9,0,380,0,0,0,380
12/25/2006,MCI,MO,ACE,CE,Combined TRACON& Tower with Radar,277,96,2,0,375,0,0,1,0,1,277,96,3,0,376,0,0,0,376
12/26/2006,MCI,MO,ACE,CE,Combined TRACON& Tower with Radar,351,117,8,0,476,0,2,9,0,11,351,119,17,0,487,0,0,0,487
12/27/2006,MCI,MO,ACE,CE,Combined TRACON& Tower with Radar,380,119,9,1,509,0,0,5,0,5,380,119,14,1,514,0,0,0,514
12/28/2006,MCI,MO,ACE,CE,Combined TRACON& Tower with Radar,369,115,15,0,499,0,0,2,0,2,369,115,17,0,501,0,0,0,501
12/29/2006,MCI,MO,ACE,CE,Combined TRACON& Tower with Radar,360,113,3,0,476,0,0,2,0,2,360,113,5,0,478,0,0,0,478
12/30/2006,MCI,MO,ACE,CE,Combined TRACON& Tower with Radar,329,75,2,0,406,0,0,0,0,0,329,75,2,0,406,0,0,0,406
12/31/2006,MCI,MO,ACE,CE,Combined TRACON& Tower with Radar,294,73,2,0,369,0,0,0,0,0,294,73,2,0,369,0,0,0,369
01/01/2007,MCI,MO,ACE,CE,Combined TRACON& Tower with Radar,306,99,11,0,416,0,0,7,0,7,306,99,18,0,423,0,0,0,423
01/02/2007,MCI,MO,ACE,CE,Combined TRACON& Tower with Radar,352,117,6,0,475,0,0,1,0,1,352,117,7,0,476,0,0,0,476
01/03/2007,MCI,MO,ACE,CE,Combined TRACON& Tower with Radar,386,129,14,1,530,0,0,6,0,6,386,129,20,1,536,0,0,0,536
01/04/2007,MCI,MO,ACE,CE,Combined TRACON& Tower with Radar,381,113,17,0,511,0,0,2,0,2,381,113,19,0,513,0,0,0,513
01/05/2007,MCI,MO,ACE,CE,Combined TRACON& Tower with Radar,379,117,15,0,511,0,0,0,0,0,379,117,15,0,511,0,0,0,511
01/06/2007,MCI,MO,ACE,CE,Combined TRACON& Tower with Radar,326,62,8,0,396,0,0,14,0,14,326,62,22,0,410,0,0,0,410
01/07/2007,MCI,MO,ACE,CE,Combined TRACON& Tower with Radar,318,75,13,0,406,0,0,13,0,13,318,75,26,0,419,0,0,0,419
01/08/2007,MCI,MO,ACE,CE,Combined TRACON& Tower with Radar,352,116,27,1,496,0,0,9,0,9,352,116,36,1,505,0,0,0,505
01/09/2007,MCI,MO,ACE,CE,Combined TRACON& Tower with Radar,377,116,21,10,524,0,0,7,0,7,377,116,28,10,531,0,0,0,531
01/10/2007,MCI,MO,ACE,CE,Combined TRACON& Tower with Radar,378,122,11,6,517,0,0,1,1,2,378,122,12,7,519,0,0,0,519
01/11/2007,MCI,MO,ACE,CE,Combined TRACON& Tower with Radar,369,120,17,7,513,0,0,4,2,6,369,120,21,9,519,0,0,0,519
01/12/2007,MCI,MO,ACE,CE,Combined TRACON& Tower with Radar,340,106,8,1,455,0,0,2,0,2,340,106,10,1,457,0,0,0,457
01/13/2007,MCI,MO,ACE,CE,Combined TRACON& Tower with Radar,208,49,2,5,264,0,0,2,0,2,208,49,4,5,266,0,0,0,266
01/14/2007,MCI,MO,ACE,CE,Combined TRACON& Tower with Radar,160,27,5,0,192,0,0,0,0,0,160,27,5,0,192,0,0,0,192
01/15/2007,MCI,MO,ACE,CE,Combined TRACON& Tower with Radar,348,118,26,0,492,0,0,0,0,0,348,118,26,0,492,0,0,0,492
01/16/2007,MCI,MO,ACE,CE,Combined TRACON& Tower with Radar,385,112,13,13,523,0,2,4,1,7,385,114,17,14,530,0,0,0,530
01/17/2007,MCI,MO,ACE,CE,Combined TRACON& Tower with Radar,365,109,22,4,500,0,0,3,0,3,365,109,25,4,503,0,0,0,503
01/18/2007,MCI,MO,ACE,CE,Combined TRACON& Tower with Radar,383,116,20,4,523,0,0,2,0,2,383,116,22,4,525,0,0,0,525
01/19/2007,MCI,MO,ACE,CE,Combined TRACON& Tower with Radar,390,117,14,5,526,0,0,12,0,12,390,117,26,5,538,0,0,0,538
01/20/2007,MCI,MO,ACE,CE,Combined TRACON& Tower with Radar,314,60,8,0,382,0,0,1,0,1,314,60,9,0,383,0,0,0,383
01/21/2007,MCI,MO,ACE,CE,Combined TRACON& Tower with Radar,282,88,5,1,376,0,0,1,0,1,282,88,6,1,377,0,0,0,377
01/22/2007,MCI,MO,ACE,CE,Combined TRACON& Tower with Radar,366,113,14,5,498,0,1,0,0,1,366,114,14,5,499,0,0,0,499
01/23/2007,MCI,MO,ACE,CE,Combined TRACON& Tower with Radar,382,117,24,2,525,0,0,19,1,20,382,117,43,3,545,0,0,0,545
01/24/2007,MCI,MO,ACE,CE,Combined TRACON& Tower with Radar,379,109,11,4,503,0,0,2,0,2,379,109,13,4,505,0,0,0,505
01/25/2007,MCI,MO,ACE,CE,Combined TRACON& Tower with Radar,375,129,19,6,529,0,0,6,0,6,375,129,25,6,535,0,0,0,535
01/26/2007,MCI,MO,ACE,CE,Combined TRACON& Tower with Radar,386,117,11,15,529,0,0,4,0,4,386,117,15,15,533,0,0,0,533
01/27/2007,MCI,MO,ACE,CE,Combined TRACON& Tower with Radar,313,54,9,0,376,0,0,6,0,6,313,54,15,0,382,0,0,0,382
01/28/2007,MCI,MO,ACE,CE,Combined TRACON& Tower with Radar,311,82,13,4,410,0,0,2,0,2,311,82,15,4,412,0,0,0,412
01/29/2007,MCI,MO,ACE,CE,Combined TRACON& Tower with Radar,351,121,17,7,496,0,0,7,0,7,351,121,24,7,503,0,0,0,503
01/30/2007,MCI,MO,ACE,CE,Combined TRACON& Tower with Radar,382,122,14,5,523,0,0,7,0,7,382,122,21,5,530,0,0,0,530
01/31/2007,MCI,MO,ACE,CE,Combined TRACON& Tower with Radar,377,113,24,11,525,0,0,0,0,0,377,113,24,11,525,0,0,0,525
02/01/2007,MCI,MO,ACE,CE,Combined TRACON& Tower with Radar,373,123,25,6,527,0,0,3,0,3,373,123,28,6,530,0,0,0,530
02/02/2007,MCI,MO,ACE,CE,Combined TRACON& Tower with Radar,375,122,16,6,519,0,0,9,0,9,375,122,25,6,528,0,0,0,528
02/03/2007,MCI,MO,ACE,CE,Combined TRACON& Tower with Radar,315,69,9,2,395,0,0,7,0,7,315,69,16,2,402,0,0,0,402
02/04/2007,MCI,MO,ACE,CE,Combined TRACON& Tower with Radar,308,86,5,1,400,0,0,13,0,13,308,86,18,1,413,0,0,0,413
02/05/2007,MCI,MO,ACE,CE,Combined TRACON& Tower with Radar,353,115,11,4,483,0,0,13,0,13,353,115,24,4,496,0,0,0,496
02/06/2007,MCI,MO,ACE,CE,Combined TRACON& Tower with Radar,369,109,8,2,488,0,0,4,1,5,369,109,12,3,493,0,0,0,493
02/07/2007,MCI,MO,ACE,CE,Combined TRACON& Tower with Radar,379,113,18,3,513,0,0,6,0,6,379,113,24,3,519,0,0,0,519
02/08/2007,MCI,MO,ACE,CE,Combined TRACON& Tower with Radar,385,136,10,8,539,0,0,11,0,11,385,136,21,8,550,0,0,0,550
02/09/2007,MCI,MO,ACE,CE,Combined TRACON& Tower with Radar,383,124,17,0,524,0,0,2,0,2,383,124,19,0,526,0,0,0,526
02/10/2007,MCI,MO,ACE,CE,Combined TRACON& Tower with Radar,311,60,18,0,389,0,0,10,0,10,311,60,28,0,399,0,0,0,399
02/11/2007,MCI,MO,ACE,CE,Combined TRACON& Tower with Radar,311,89,10,0,410,0,0,6,0,6,311,89,16,0,416,0,0,0,416
02/12/2007,MCI,MO,ACE,CE,Combined TRACON& Tower with Radar,345,112,12,0,469,0,0,0,0,0,345,112,12,0,469,0,0,0,469
02/13/2007,MCI,MO,ACE,CE,Combined TRACON& Tower with Radar,368,107,13,0,488,0,0,2,0,2,368,107,15,0,490,0,0,0,490
02/14/2007,MCI,MO,ACE,CE,Combined TRACON& Tower with Radar,344,120,13,0,477,0,0,4,0,4,344,120,17,0,481,0,0,0,481
02/15/2007,MCI,MO,ACE,CE,Combined TRACON& Tower with Radar,376,124,28,0,528,0,0,1,0,1,376,124,29,0,529,0,0,0,529
02/16/2007,MCI,MO,ACE,CE,Combined TRACON& Tower with Radar,386,103,22,2,513,0,0,8,0,8,386,103,30,2,521,0,0,0,521
02/17/2007,MCI,MO,ACE,CE,Combined TRACON& Tower with Radar,321,74,3,0,398,0,0,3,0,3,321,74,6,0,401,0,0,0,401
02/18/2007,MCI,MO,ACE,CE,Combined TRACON& Tower with Radar,312,80,7,0,399,0,0,1,0,1,312,80,8,0,400,0,0,0,400
02/19/2007,MCI,MO,ACE,CE,Combined TRACON& Tower with Radar,362,122,29,0,513,0,1,4,0,5,362,123,33,0,518,2,0,2,520
02/20/2007,MCI,MO,ACE,CE,Combined TRACON& Tower with Radar,375,121,18,0,514,0,1,7,0,8,375,122,25,0,522,0,0,0,522
02/21/2007,MCI,MO,ACE,CE,Combined TRACON& Tower with Radar,380,112,24,0,516,0,4,13,2,19,380,116,37,2,535,0,0,0,535
02/22/2007,MCI,MO,ACE,CE,Combined TRACON& Tower with Radar,379,133,28,1,541,0,0,25,3,28,379,133,53,4,569,0,0,0,569
02/23/2007,MCI,MO,ACE,CE,Combined TRACON& Tower with Radar,385,130,16,4,535,0,0,8,0,8,385,130,24,4,543,0,0,0,543
02/24/2007,MCI,MO,ACE,CE,Combined TRACON& Tower with Radar,288,66,11,4,369,0,0,1,0,1,288,66,12,4,370,0,0,0,370
02/25/2007,MCI,MO,ACE,CE,Combined TRACON& Tower with Radar,289,90,11,9,399,0,0,4,0,4,289,90,15,9,403,0,0,0,403
02/26/2007,MCI,MO,ACE,CE,Combined TRACON& Tower with Radar,353,113,9,1,476,0,0,12,2,14,353,113,21,3,490,0,0,0,490
02/27/2007,MCI,MO,ACE,CE,Combined TRACON& Tower with Radar,388,126,16,1,531,0,2,13,1,16,388,128,29,2,547,0,0,0,547
02/28/2007,MCI,MO,ACE,CE,Combined TRACON& Tower with Radar,372,127,24,2,525,0,0,3,0,3,372,127,27,2,528,0,0,0,528
03/01/2007,MCI,MO,ACE,CE,Combined TRACON& Tower with Radar,388,117,20,2,527,0,0,2,0,2,388,117,22,2,529,0,0,0,529
03/02/2007,MCI,MO,ACE,CE,Combined TRACON& Tower with Radar,376,122,11,0,509,0,0,4,0,4,376,122,15,0,513,0,0,0,513
03/03/2007,MCI,MO,ACE,CE,Combined TRACON& Tower with Radar,320,72,7,0,399,0,0,2,0,2,320,72,9,0,401,0,0,0,401
03/04/2007,MCI,MO,ACE,CE,Combined TRACON& Tower with Radar,321,84,9,0,414,0,0,13,0,13,321,84,22,0,427,0,0,0,427
03/05/2007,MCI,MO,ACE,CE,Combined TRACON& Tower with Radar,356,115,12,5,488,0,4,13,0,17,356,119,25,5,505,0,0,0,505
03/06/2007,MCI,MO,ACE,CE,Combined TRACON& Tower with Radar,383,118,26,3,530,0,2,10,0,12,383,120,36,3,542,0,0,0,542
03/07/2007,MCI,MO,ACE,CE,Combined TRACON& Tower with Radar,378,113,9,7,507,0,0,3,0,3,378,113,12,7,510,0,0,0,510
03/08/2007,MCI,MO,ACE,CE,Combined TRACON& Tower with Radar,389,118,26,11,544,0,0,7,0,7,389,118,33,11,551,0,0,0,551
03/09/2007,MCI,MO,ACE,CE,Combined TRACON& Tower with Radar,380,124,15,0,519,0,0,6,0,6,380,124,21,0,525,0,0,0,525
03/10/2007,MCI,MO,ACE,CE,Combined TRACON& Tower with Radar,312,73,5,2,392,0,0,11,0,11,312,73,16,2,403,0,0,0,403
03/11/2007,MCI,MO,ACE,CE,Combined TRACON& Tower with Radar,331,88,6,0,425,0,0,4,0,4,331,88,10,0,429,0,0,0,429
03/12/2007,MCI,MO,ACE,CE,Combined TRACON& Tower with Radar,356,114,7,3,480,0,2,8,0,10,356,116,15,3,490,0,0,0,490
03/13/2007,MCI,MO,ACE,CE,Combined TRACON& Tower with Radar,373,128,12,4,517,0,0,7,1,8,373,128,19,5,525,0,0,0,525
03/14/2007,MCI,MO,ACE,CE,Combined TRACON& Tower with Radar,380,127,18,0,525,0,0,9,0,9,380,127,27,0,534,0,0,0,534
03/15/2007,MCI,MO,ACE,CE,Combined TRACON& Tower with Radar,389,127,16,0,532,0,0,12,0,12,389,127,28,0,544,0,0,0,544
03/16/2007,MCI,MO,ACE,CE,Combined TRACON& Tower with Radar,367,112,19,0,498,0,1,10,0,11,367,113,29,0,509,0,0,0,509
03/17/2007,MCI,MO,ACE,CE,Combined TRACON& Tower with Radar,319,67,5,0,391,0,0,8,0,8,319,67,13,0,399,0,0,0,399
03/18/2007,MCI,MO,ACE,CE,Combined TRACON& Tower with Radar,340,86,9,2,437,0,0,3,0,3,340,86,12,2,440,0,0,0,440
03/19/2007,MCI,MO,ACE,CE,Combined TRACON& Tower with Radar,361,119,10,2,492,0,0,1,0,1,361,119,11,2,493,0,0,0,493
03/20/2007,MCI,MO,ACE,CE,Combined TRACON& Tower with Radar,382,116,27,6,531,0,0,0,0,0,382,116,27,6,531,0,0,0,531
03/21/2007,MCI,MO,ACE,CE,Combined TRACON& Tower with Radar,377,131,23,1,532,0,3,2,0,5,377,134,25,1,537,0,0,0,537
03/22/2007,MCI,MO,ACE,CE,Combined TRACON& Tower with Radar,381,115,14,4,514,0,0,2,0,2,381,115,16,4,516,0,0,0,516
03/23/2007,MCI,MO,ACE,CE,Combined TRACON& Tower with Radar,391,120,19,2,532,0,0,2,0,2,391,120,21,2,534,0,0,0,534
03/24/2007,MCI,MO,ACE,CE,Combined TRACON& Tower with Radar,324,69,7,0,400,0,0,5,0,5,324,69,12,0,405,0,0,0,405
03/25/2007,MCI,MO,ACE,CE,Combined TRACON& Tower with Radar,345,76,5,0,426,0,0,3,0,3,345,76,8,0,429,0,0,0,429
03/26/2007,MCI,MO,ACE,CE,Combined TRACON& Tower with Radar,353,117,16,2,488,0,1,3,1,5,353,118,19,3,493,0,0,0,493
03/27/2007,MCI,MO,ACE,CE,Combined TRACON& Tower with Radar,389,114,11,4,518,0,0,3,0,3,389,114,14,4,521,0,0,0,521
03/28/2007,MCI,MO,ACE,CE,Combined TRACON& Tower with Radar,378,126,8,9,521,0,0,1,0,1,378,126,9,9,522,0,0,0,522
03/29/2007,MCI,MO,ACE,CE,Combined TRACON& Tower with Radar,373,116,17,2,508,0,0,15,0,15,373,116,32,2,523,0,0,0,523
03/30/2007,MCI,MO,ACE,CE,Combined TRACON& Tower with Radar,382,125,13,2,522,0,0,0,0,0,382,125,13,2,522,0,0,0,522
03/31/2007,MCI,MO,ACE,CE,Combined TRACON& Tower with Radar,324,72,9,0,405,0,0,5,0,5,324,72,14,0,410,0,0,0,410
04/01/2007,MCI,MO,ACE,CE,Combined TRACON& Tower with Radar,342,83,13,0,438,0,0,8,0,8,342,83,21,0,446,0,0,0,446
04/02/2007,MCI,MO,ACE,CE,Combined TRACON& Tower with Radar,365,117,4,8,494,0,0,5,2,7,365,117,9,10,501,0,0,0,501
04/03/2007,MCI,MO,ACE,CE,Combined TRACON& Tower with Radar,382,122,14,5,523,0,2,6,0,8,382,124,20,5,531,0,0,0,531
04/04/2007,MCI,MO,ACE,CE,Combined TRACON& Tower with Radar,387,129,17,2,535,0,0,6,0,6,387,129,23,2,541,0,0,0,541
04/05/2007,MCI,MO,ACE,CE,Combined TRACON& Tower with Radar,394,113,30,15,552,0,0,11,0,11,394,113,41,15,563,0,0,0,563
04/06/2007,MCI,MO,ACE,CE,Combined TRACON& Tower with Radar,387,115,11,0,513,0,0,5,0,5,387,115,16,0,518,0,0,0,518
04/07/2007,MCI,MO,ACE,CE,Combined TRACON& Tower with Radar,314,86,10,0,410,0,0,14,0,14,314,86,24,0,424,0,0,0,424
04/08/2007,MCI,MO,ACE,CE,Combined TRACON& Tower with Radar,341,84,18,0,443,0,0,6,0,6,341,84,24,0,449,0,0,0,449
04/09/2007,MCI,MO,ACE,CE,Combined TRACON& Tower with Radar,358,119,14,5,496,0,0,3,0,3,358,119,17,5,499,0,0,0,499
04/10/2007,MCI,MO,ACE,CE,Combined TRACON& Tower with Radar,382,119,15,0,516,0,0,3,0,3,382,119,18,0,519,0,0,0,519
04/11/2007,MCI,MO,ACE,CE,Combined TRACON& Tower with Radar,369,123,22,1,515,0,0,0,0,0,369,123,22,1,515,0,0,0,515
04/12/2007,MCI,MO,ACE,CE,Combined TRACON& Tower with Radar,379,124,12,3,518,0,0,13,0,13,379,124,25,3,531,0,0,0,531
04/13/2007,MCI,MO,ACE,CE,Combined TRACON& Tower with Radar,381,116,19,7,523,0,0,0,0,0,381,116,19,7,523,0,0,0,523
04/14/2007,MCI,MO,ACE,CE,Combined TRACON& Tower with Radar,332,81,3,0,416,0,0,8,0,8,332,81,11,0,424,0,0,0,424
04/15/2007,MCI,MO,ACE,CE,Combined TRACON& Tower with Radar,337,93,11,0,441,0,2,17,0,19,337,95,28,0,460,0,0,0,460
04/16/2007,MCI,MO,ACE,CE,Combined TRACON& Tower with Radar,360,114,10,0,484,0,0,4,0,4,360,114,14,0,488,0,0,0,488
04/17/2007,MCI,MO,ACE,CE,Combined TRACON& Tower with Radar,380,131,11,4,526,0,0,13,0,13,380,131,24,4,539,0,0,0,539
04/18/2007,MCI,MO,ACE,CE,Combined TRACON& Tower with Radar,381,131,28,2,542,0,0,3,0,3,381,131,31,2,545,0,0,0,545
04/19/2007,MCI,MO,ACE,CE,Combined TRACON& Tower with Radar,383,130,26,1,540,0,0,21,1,22,383,130,47,2,562,0,0,0,562
04/20/2007,MCI,MO,ACE,CE,Combined TRACON& Tower with Radar,383,124,23,0,530,0,2,7,0,9,383,126,30,0,539,0,0,0,539
04/21/2007,MCI,MO,ACE,CE,Combined TRACON& Tower with Radar,316,76,10,0,402,0,0,7,0,7,316,76,17,0,409,0,0,0,409
04/22/2007,MCI,MO,ACE,CE,Combined TRACON& Tower with Radar,338,95,4,0,437,0,0,1,0,1,338,95,5,0,438,0,0,0,438
04/23/2007,MCI,MO,ACE,CE,Combined TRACON& Tower with Radar,358,125,16,2,501,0,0,10,0,10,358,125,26,2,511,0,0,0,511
04/24/2007,MCI,MO,ACE,CE,Combined TRACON& Tower with Radar,357,120,6,0,483,0,0,6,0,6,357,120,12,0,489,0,0,0,489
04/25/2007,MCI,MO,ACE,CE,Combined TRACON& Tower with Radar,390,135,15,0,540,0,0,0,0,0,390,135,15,0,540,0,0,0,540
04/26/2007,MCI,MO,ACE,CE,Combined TRACON& Tower with Radar,375,126,20,2,523,0,0,8,2,10,375,126,28,4,533,0,0,0,533
04/27/2007,MCI,MO,ACE,CE,Combined TRACON& Tower with Radar,381,143,31,2,557,0,0,9,0,9,381,143,40,2,566,0,0,0,566
04/28/2007,MCI,MO,ACE,CE,Combined TRACON& Tower with Radar,326,82,12,2,422,0,0,10,0,10,326,82,22,2,432,0,0,0,432
04/29/2007,MCI,MO,ACE,CE,Combined TRACON& Tower with Radar,343,105,29,0,477,0,0,16,0,16,343,105,45,0,493,0,0,0,493
04/30/2007,MCI,MO,ACE,CE,Combined TRACON& Tower with Radar,354,132,21,4,511,0,0,10,0,10,354,132,31,4,521,0,0,0,521
05/01/2007,MCI,MO,ACE,CE,Combined TRACON& Tower with Radar,394,144,28,2,568,0,1,17,0,18,394,145,45,2,586,0,0,0,586
05/02/2007,MCI,MO,ACE,CE,Combined TRACON& Tower with Radar,378,143,27,0,548,0,0,1,0,1,378,143,28,0,549,0,0,0,549
05/03/2007,MCI,MO,ACE,CE,Combined TRACON& Tower with Radar,387,148,17,0,552,0,1,2,0,3,387,149,19,0,555,0,0,0,555
05/04/2007,MCI,MO,ACE,CE,Combined TRACON& Tower with Radar,399,148,14,0,561,0,0,3,0,3,399,148,17,0,564,0,0,0,564
05/05/2007,MCI,MO,ACE,CE,Combined TRACON& Tower with Radar,319,95,6,0,420,0,0,8,0,8,319,95,14,0,428,0,0,0,428
05/06/2007,MCI,MO,ACE,CE,Combined TRACON& Tower with Radar,340,107,2,0,449,0,0,0,0,0,340,107,2,0,449,0,0,0,449
05/07/2007,MCI,MO,ACE,CE,Combined TRACON& Tower with Radar,381,147,6,3,537,0,1,8,0,9,381,148,14,3,546,0,0,0,546
05/08/2007,MCI,MO,ACE,CE,Combined TRACON& Tower with Radar,396,165,16,7,584,0,0,9,4,13,396,165,25,11,597,0,0,0,597
05/09/2007,MCI,MO,ACE,CE,Combined TRACON& Tower with Radar,394,158,18,1,571,0,2,19,0,21,394,160,37,1,592,0,0,0,592
05/10/2007,MCI,MO,ACE,CE,Combined TRACON& Tower with Radar,382,165,20,6,573,0,5,12,0,17,382,170,32,6,590,0,0,0,590
05/11/2007,MCI,MO,ACE,CE,Combined TRACON& Tower with Radar,403,158,22,0,583,0,3,7,0,10,403,161,29,0,593,0,0,0,593
05/12/2007,MCI,MO,ACE,CE,Combined TRACON& Tower with Radar,337,111,12,0,460,0,0,10,0,10,337,111,22,0,470,0,0,0,470
05/13/2007,MCI,MO,ACE,CE,Combined TRACON& Tower with Radar,338,116,11,0,465,0,0,2,0,2,338,116,13,0,467,0,0,0,467
05/14/2007,MCI,MO,ACE,CE,Combined TRACON& Tower with Radar,370,157,13,0,540,0,0,11,0,11,370,157,24,0,551,0,0,0,551
05/15/2007,MCI,MO,ACE,CE,Combined TRACON& Tower with Radar,413,163,14,0,590,0,0,2,0,2,413,163,16,0,592,0,0,0,592
05/16/2007,MCI,MO,ACE,CE,Combined TRACON& Tower with Radar,402,154,34,0,590,0,0,7,0,7,402,154,41,0,597,0,0,0,597
05/17/2007,MCI,MO,ACE,CE,Combined TRACON& Tower with Radar,401,160,26,0,587,0,0,8,0,8,401,160,34,0,595,0,0,0,595
05/18/2007,MCI,MO,ACE,CE,Combined TRACON& Tower with Radar,395,166,13,0,574,0,0,16,0,16,395,166,29,0,590,0,0,0,590
05/19/2007,MCI,MO,ACE,CE,Combined TRACON& Tower with Radar,329,114,8,2,453,0,0,15,3,18,329,114,23,5,471,0,0,0,471
05/20/2007,MCI,MO,ACE,CE,Combined TRACON& Tower with Radar,335,128,5,0,468,0,0,11,0,11,335,128,16,0,479,0,0,0,479
05/21/2007,MCI,MO,ACE,CE,Combined TRACON& Tower with Radar,375,158,16,0,549,0,0,6,0,6,375,158,22,0,555,0,0,0,555
05/22/2007,MCI,MO,ACE,CE,Combined TRACON& Tower with Radar,400,153,22,0,575,0,0,6,0,6,400,153,28,0,581,0,0,0,581
05/23/2007,MCI,MO,ACE,CE,Combined TRACON& Tower with Radar,388,151,19,6,564,0,0,5,0,5,388,151,24,6,569,0,0,0,569
05/24/2007,MCI,MO,ACE,CE,Combined TRACON& Tower with Radar,376,155,11,4,546,0,0,5,2,7,376,155,16,6,553,0,0,0,553
05/25/2007,MCI,MO,ACE,CE,Combined TRACON& Tower with Radar,403,151,16,0,570,0,0,6,2,8,403,151,22,2,578,0,0,0,578
05/26/2007,MCI,MO,ACE,CE,Combined TRACON& Tower with Radar,339,112,6,0,457,0,0,1,0,1,339,112,7,0,458,0,0,0,458
05/27/2007,MCI,MO,ACE,CE,Combined TRACON& Tower with Radar,298,113,5,0,416,0,0,7,0,7,298,113,12,0,423,0,0,0,423
05/28/2007,MCI,MO,ACE,CE,Combined TRACON& Tower with Radar,344,150,7,0,501,0,0,16,0,16,344,150,23,0,517,0,0,0,517
05/29/2007,MCI,MO,ACE,CE,Combined TRACON& Tower with Radar,364,162,8,7,541,0,0,1,0,1,364,162,9,7,542,0,0,0,542
05/30/2007,MCI,MO,ACE,CE,Combined TRACON& Tower with Radar,386,164,14,4,568,0,0,4,0,4,386,164,18,4,572,0,0,0,572
05/31/2007,MCI,MO,ACE,CE,Combined TRACON& Tower with Radar,403,157,21,8,589,0,0,6,0,6,403,157,27,8,595,0,0,0,595
06/01/2007,MCI,MO,ACE,CE,Combined TRACON& Tower with Radar,393,154,2,4,553,0,0,8,0,8,393,154,10,4,561,0,0,0,561
06/02/2007,MCI,MO,ACE,CE,Combined TRACON& Tower with Radar,344,108,5,3,460,0,0,7,0,7,344,108,12,3,467,0,0,0,467
06/03/2007,MCI,MO,ACE,CE,Combined TRACON& Tower with Radar,343,120,10,0,473,0,0,11,0,11,343,120,21,0,484,0,0,0,484
06/04/2007,MCI,MO,ACE,CE,Combined TRACON& Tower with Radar,364,162,19,0,545,0,0,3,0,3,364,162,22,0,548,0,0,0,548
06/05/2007,MCI,MO,ACE,CE,Combined TRACON& Tower with Radar,413,162,20,4,599,0,0,12,0,12,413,162,32,4,611,0,0,0,611
06/06/2007,MCI,MO,ACE,CE,Combined TRACON& Tower with Radar,390,162,19,2,573,0,0,3,0,3,390,162,22,2,576,0,0,0,576
06/07/2007,MCI,MO,ACE,CE,Combined TRACON& Tower with Radar,398,182,18,0,598,0,0,4,0,4,398,182,22,0,602,0,0,0,602
06/08/2007,MCI,MO,ACE,CE,Combined TRACON& Tower with Radar,374,174,14,2,564,0,1,11,0,12,374,175,25,2,576,0,0,0,576
06/09/2007,MCI,MO,ACE,CE,Combined TRACON& Tower with Radar,371,128,12,0,511,0,0,13,0,13,371,128,25,0,524,0,0,0,524
06/10/2007,MCI,MO,ACE,CE,Combined TRACON& Tower with Radar,343,134,2,2,481,0,0,4,0,4,343,134,6,2,485,0,0,0,485
06/11/2007,MCI,MO,ACE,CE,Combined TRACON& Tower with Radar,366,169,19,3,557,0,0,5,0,5,366,169,24,3,562,0,0,0,562
06/12/2007,MCI,MO,ACE,CE,Combined TRACON& Tower with Radar,380,180,31,0,591,0,0,8,0,8,380,180,39,0,599,0,0,0,599
06/13/2007,MCI,MO,ACE,CE,Combined TRACON& Tower with Radar,391,182,20,7,600,0,0,5,0,5,391,182,25,7,605,0,0,0,605
06/14/2007,MCI,MO,ACE,CE,Combined TRACON& Tower with Radar,392,180,19,3,594,0,0,9,2,11,392,180,28,5,605,0,0,0,605
06/15/2007,MCI,MO,ACE,CE,Combined TRACON& Tower with Radar,412,167,21,5,605,0,0,5,0,5,412,167,26,5,610,0,0,0,610
06/16/2007,MCI,MO,ACE,CE,Combined TRACON& Tower with Radar,340,128,14,1,483,0,0,2,3,5,340,128,16,4,488,0,0,0,488
06/17/2007,MCI,MO,ACE,CE,Combined TRACON& Tower with Radar,338,125,11,1,475,0,1,10,1,12,338,126,21,2,487,0,0,0,487
06/18/2007,MCI,MO,ACE,CE,Combined TRACON& Tower with Radar,358,170,15,0,543,0,0,0,0,0,358,170,15,0,543,0,0,0,543
06/19/2007,MCI,MO,ACE,CE,Combined TRACON& Tower with Radar,386,169,11,0,566,0,0,5,0,5,386,169,16,0,571,0,0,0,571
06/20/2007,MCI,MO,ACE,CE,Combined TRACON& Tower with Radar,400,172,18,2,592,0,0,8,0,8,400,172,26,2,600,0,0,0,600
06/21/2007,MCI,MO,ACE,CE,Combined TRACON& Tower with Radar,388,180,12,0,580,0,0,10,0,10,388,180,22,0,590,0,0,0,590
06/22/2007,MCI,MO,ACE,CE,Combined TRACON& Tower with Radar,402,177,8,0,587,0,0,7,2,9,402,177,15,2,596,0,0,0,596
06/23/2007,MCI,MO,ACE,CE,Combined TRACON& Tower with Radar,353,129,5,0,487,0,0,7,0,7,353,129,12,0,494,0,0,0,494
06/24/2007,MCI,MO,ACE,CE,Combined TRACON& Tower with Radar,345,138,16,0,499,0,0,10,0,10,345,138,26,0,509,0,0,0,509
06/25/2007,MCI,MO,ACE,CE,Combined TRACON& Tower with Radar,357,168,22,8,555,0,0,11,0,11,357,168,33,8,566,0,0,0,566
06/26/2007,MCI,MO,ACE,CE,Combined TRACON& Tower with Radar,393,179,22,12,606,0,0,2,0,2,393,179,24,12,608,0,0,0,608
06/27/2007,MCI,MO,ACE,CE,Combined TRACON& Tower with Radar,371,175,20,0,566,0,0,0,0,0,371,175,20,0,566,0,0,0,566
06/28/2007,MCI,MO,ACE,CE,Combined TRACON& Tower with Radar,404,190,20,2,616,0,0,4,0,4,404,190,24,2,620,0,0,0,620
06/29/2007,MCI,MO,ACE,CE,Combined TRACON& Tower with Radar,404,172,20,2,598,0,0,7,0,7,404,172,27,2,605,0,0,0,605
06/30/2007,MCI,MO,ACE,CE,Combined TRACON& Tower with Radar,339,126,13,1,479,0,0,1,0,1,339,126,14,1,480,0,0,0,480
07/01/2007,MCI,MO,ACE,CE,Combined TRACON& Tower with Radar,340,140,4,1,485,0,0,6,0,6,340,140,10,1,491,0,0,0,491
07/02/2007,MCI,MO,ACE,CE,Combined TRACON& Tower with Radar,357,174,16,4,551,0,0,4,0,4,357,174,20,4,555,0,0,0,555
07/03/2007,MCI,MO,ACE,CE,Combined TRACON& Tower with Radar,384,170,16,3,573,0,0,11,0,11,384,170,27,3,584,0,0,0,584
07/04/2007,MCI,MO,ACE,CE,Combined TRACON& Tower with Radar,324,154,5,0,483,0,0,7,0,7,324,154,12,0,490,0,0,0,490
07/05/2007,MCI,MO,ACE,CE,Combined TRACON& Tower with Radar,353,164,4,0,521,0,0,13,0,13,353,164,17,0,534,0,0,0,534
07/06/2007,MCI,MO,ACE,CE,Combined TRACON& Tower with Radar,371,171,12,0,554,0,0,18,0,18,371,171,30,0,572,0,0,0,572
07/07/2007,MCI,MO,ACE,CE,Combined TRACON& Tower with Radar,342,135,9,1,487,0,0,18,0,18,342,135,27,1,505,0,0,0,505
07/08/2007,MCI,MO,ACE,CE,Combined TRACON& Tower with Radar,339,143,13,3,498,0,0,16,0,16,339,143,29,3,514,0,0,0,514
07/09/2007,MCI,MO,ACE,CE,Combined TRACON& Tower with Radar,354,184,22,1,561,0,0,13,0,13,354,184,35,1,574,0,0,0,574
07/10/2007,MCI,MO,ACE,CE,Combined TRACON& Tower with Radar,382,193,16,5,596,0,0,4,1,5,382,193,20,6,601,0,0,0,601
07/11/2007,MCI,MO,ACE,CE,Combined TRACON& Tower with Radar,404,188,12,5,609,0,0,8,0,8,404,188,20,5,617,0,0,0,617
07/12/2007,MCI,MO,ACE,CE,Combined TRACON& Tower with Radar,401,188,18,1,608,0,0,4,0,4,401,188,22,1,612,0,0,0,612
07/13/2007,MCI,MO,ACE,CE,Combined TRACON& Tower with Radar,395,185,9,4,593,0,1,13,0,14,395,186,22,4,607,0,0,0,607
07/14/2007,MCI,MO,ACE,CE,Combined TRACON& Tower with Radar,343,138,9,1,491,0,0,9,0,9,343,138,18,1,500,0,0,0,500
07/15/2007,MCI,MO,ACE,CE,Combined TRACON& Tower with Radar,342,142,8,2,494,0,0,11,0,11,342,142,19,2,505,0,0,0,505
07/16/2007,MCI,MO,ACE,CE,Combined TRACON& Tower with Radar,365,191,9,1,566,0,0,9,0,9,365,191,18,1,575,0,0,0,575
07/17/2007,MCI,MO,ACE,CE,Combined TRACON& Tower with Radar,399,189,20,0,608,0,0,10,0,10,399,189,30,0,618,0,0,0,618
07/18/2007,MCI,MO,ACE,CE,Combined TRACON& Tower with Radar,395,196,23,3,617,0,0,7,0,7,395,196,30,3,624,0,0,0,624
07/19/2007,MCI,MO,ACE,CE,Combined TRACON& Tower with Radar,395,188,16,0,599,1,0,13,0,14,396,188,29,0,613,0,0,0,613
07/20/2007,MCI,MO,ACE,CE,Combined TRACON& Tower with Radar,406,193,22,2,623,0,0,8,0,8,406,193,30,2,631,0,0,0,631
07/21/2007,MCI,MO,ACE,CE,Combined TRACON& Tower with Radar,350,133,16,0,499,0,0,11,0,11,350,133,27,0,510,0,0,0,510
07/22/2007,MCI,MO,ACE,CE,Combined TRACON& Tower with Radar,342,141,13,0,496,0,0,10,0,10,342,141,23,0,506,0,0,0,506
07/23/2007,MCI,MO,ACE,CE,Combined TRACON& Tower with Radar,358,187,21,3,569,0,0,2,0,2,358,187,23,3,571,0,0,0,571
07/24/2007,MCI,MO,ACE,CE,Combined TRACON& Tower with Radar,391,194,28,6,619,0,0,14,0,14,391,194,42,6,633,0,0,0,633
07/25/2007,MCI,MO,ACE,CE,Combined TRACON& Tower with Radar,392,193,29,8,622,0,0,17,0,17,392,193,46,8,639,0,0,0,639
07/26/2007,MCI,MO,ACE,CE,Combined TRACON& Tower with Radar,392,191,29,0,612,0,0,5,0,5,392,191,34,0,617,0,0,0,617
07/27/2007,MCI,MO,ACE,CE,Combined TRACON& Tower with Radar,385,191,17,4,597,0,0,23,0,23,385,191,40,4,620,0,0,0,620
07/28/2007,MCI,MO,ACE,CE,Combined TRACON& Tower with Radar,350,133,6,0,489,0,0,10,0,10,350,133,16,0,499,0,0,0,499
07/29/2007,MCI,MO,ACE,CE,Combined TRACON& Tower with Radar,320,133,6,0,459,0,0,6,0,6,320,133,12,0,465,0,0,0,465
07/30/2007,MCI,MO,ACE,CE,Combined TRACON& Tower with Radar,374,189,7,5,575,0,0,10,0,10,374,189,17,5,585,0,0,0,585
07/31/2007,MCI,MO,ACE,CE,Combined TRACON& Tower with Radar,393,195,17,0,605,0,0,24,0,24,393,195,41,0,629,0,0,0,629
08/01/2007,MCI,MO,ACE,CE,Combined TRACON& Tower with Radar,392,188,8,3,591,0,0,4,0,4,392,188,12,3,595,0,0,0,595
08/02/2007,MCI,MO,ACE,CE,Combined TRACON& Tower with Radar,393,188,18,0,599,0,0,16,0,16,393,188,34,0,615,0,0,0,615
08/03/2007,MCI,MO,ACE,CE,Combined TRACON& Tower with Radar,386,187,21,0,594,0,5,20,0,25,386,192,41,0,619,0,0,0,619
08/04/2007,MCI,MO,ACE,CE,Combined TRACON& Tower with Radar,350,136,9,0,495,0,0,9,0,9,350,136,18,0,504,0,0,0,504
08/05/2007,MCI,MO,ACE,CE,Combined TRACON& Tower with Radar,336,150,9,0,495,0,0,13,0,13,336,150,22,0,508,0,0,0,508
08/06/2007,MCI,MO,ACE,CE,Combined TRACON& Tower with Radar,378,178,20,14,590,0,0,6,0,6,378,178,26,14,596,0,0,0,596
08/07/2007,MCI,MO,ACE,CE,Combined TRACON& Tower with Radar,390,194,22,0,606,0,0,9,0,9,390,194,31,0,615,0,0,0,615
08/08/2007,MCI,MO,ACE,CE,Combined TRACON& Tower with Radar,394,189,11,2,596,0,0,1,0,1,394,189,12,2,597,0,0,0,597
08/09/2007,MCI,MO,ACE,CE,Combined TRACON& Tower with Radar,375,195,14,4,588,0,0,14,0,14,375,195,28,4,602,0,0,0,602
08/10/2007,MCI,MO,ACE,CE,Combined TRACON& Tower with Radar,412,203,20,1,636,0,0,15,0,15,412,203,35,1,651,0,0,0,651
08/11/2007,MCI,MO,ACE,CE,Combined TRACON& Tower with Radar,356,134,7,0,497,0,0,11,0,11,356,134,18,0,508,0,0,0,508
08/12/2007,MCI,MO,ACE,CE,Combined TRACON& Tower with Radar,345,148,10,0,503,0,0,12,0,12,345,148,22,0,515,0,0,0,515
08/13/2007,MCI,MO,ACE,CE,Combined TRACON& Tower with Radar,372,192,15,0,579,0,0,10,0,10,372,192,25,0,589,0,0,0,589
08/14/2007,MCI,MO,ACE,CE,Combined TRACON& Tower with Radar,392,193,13,2,600,0,0,10,2,12,392,193,23,4,612,0,0,0,612
08/15/2007,MCI,MO,ACE,CE,Combined TRACON& Tower with Radar,390,185,16,3,594,0,0,9,0,9,390,185,25,3,603,0,0,0,603
08/16/2007,MCI,MO,ACE,CE,Combined TRACON& Tower with Radar,379,200,17,2,598,0,2,6,0,8,379,202,23,2,606,0,0,0,606
08/17/2007,MCI,MO,ACE,CE,Combined TRACON& Tower with Radar,398,187,18,3,606,0,0,1,0,1,398,187,19,3,607,0,0,0,607
08/18/2007,MCI,MO,ACE,CE,Combined TRACON& Tower with Radar,345,130,11,0,486,0,0,8,0,8,345,130,19,0,494,0,0,0,494
08/19/2007,MCI,MO,ACE,CE,Combined TRACON& Tower with Radar,341,137,4,0,482,0,0,15,0,15,341,137,19,0,497,0,0,0,497
08/20/2007,MCI,MO,ACE,CE,Combined TRACON& Tower with Radar,368,184,26,6,584,0,0,3,0,3,368,184,29,6,587,0,0,0,587
08/21/2007,MCI,MO,ACE,CE,Combined TRACON& Tower with Radar,384,184,15,3,586,0,0,12,0,12,384,184,27,3,598,0,0,0,598
08/22/2007,MCI,MO,ACE,CE,Combined TRACON& Tower with Radar,387,206,55,1,649,0,1,12,0,13,387,207,67,1,662,0,0,0,662
08/23/2007,MCI,MO,ACE,CE,Combined TRACON& Tower with Radar,395,194,31,0,620,0,1,5,0,6,395,195,36,0,626,0,0,0,626
08/24/2007,MCI,MO,ACE,CE,Combined TRACON& Tower with Radar,400,187,25,0,612,0,0,6,0,6,400,187,31,0,618,0,0,0,618
08/25/2007,MCI,MO,ACE,CE,Combined TRACON& Tower with Radar,339,131,19,2,491,0,0,7,1,8,339,131,26,3,499,0,0,0,499
08/26/2007,MCI,MO,ACE,CE,Combined TRACON& Tower with Radar,340,150,26,0,516,0,0,12,1,13,340,150,38,1,529,0,0,0,529
08/27/2007,MCI,MO,ACE,CE,Combined TRACON& Tower with Radar,373,184,16,1,574,0,0,4,0,4,373,184,20,1,578,0,0,0,578
08/28/2007,MCI,MO,ACE,CE,Combined TRACON& Tower with Radar,395,185,16,2,598,0,0,9,0,9,395,185,25,2,607,0,0,0,607
08/29/2007,MCI,MO,ACE,CE,Combined TRACON& Tower with Radar,387,187,21,8,603,0,0,5,0,5,387,187,26,8,608,0,0,0,608
08/30/2007,MCI,MO,ACE,CE,Combined TRACON& Tower with Radar,389,197,30,6,622,0,0,16,0,16,389,197,46,6,638,0,0,0,638
08/31/2007,MCI,MO,ACE,CE,Combined TRACON& Tower with Radar,398,195,21,0,614,0,0,13,0,13,398,195,34,0,627,0,0,0,627
09/01/2007,MCI,MO,ACE,CE,Combined TRACON& Tower with Radar,316,125,7,0,448,0,0,11,0,11,316,125,18,0,459,0,0,0,459
09/02/2007,MCI,MO,ACE,CE,Combined TRACON& Tower with Radar,263,124,6,0,393,0,0,6,0,6,263,124,12,0,399,0,0,0,399
09/03/2007,MCI,MO,ACE,CE,Combined TRACON& Tower with Radar,335,179,11,2,527,0,0,8,0,8,335,179,19,2,535,0,0,0,535
09/04/2007,MCI,MO,ACE,CE,Combined TRACON& Tower with Radar,370,183,12,4,569,0,0,7,0,7,370,183,19,4,576,0,0,0,576
09/05/2007,MCI,MO,ACE,CE,Combined TRACON& Tower with Radar,386,188,24,0,598,0,0,7,0,7,386,188,31,0,605,0,0,0,605
09/06/2007,MCI,MO,ACE,CE,Combined TRACON& Tower with Radar,388,192,21,10,611,0,2,7,0,9,388,194,28,10,620,0,0,0,620
09/07/2007,MCI,MO,ACE,CE,Combined TRACON& Tower with Radar,399,183,15,2,599,0,0,5,0,5,399,183,20,2,604,0,0,0,604
09/08/2007,MCI,MO,ACE,CE,Combined TRACON& Tower with Radar,323,131,6,0,460,0,0,10,0,10,323,131,16,0,470,0,0,0,470
09/09/2007,MCI,MO,ACE,CE,Combined TRACON& Tower with Radar,336,146,15,0,497,0,0,6,0,6,336,146,21,0,503,0,0,0,503
09/10/2007,MCI,MO,ACE,CE,Combined TRACON& Tower with Radar,374,175,14,3,566,0,0,0,0,0,374,175,14,3,566,6,0,6,572
09/11/2007,MCI,MO,ACE,CE,Combined TRACON& Tower with Radar,395,191,9,21,616,0,3,15,0,18,395,194,24,21,634,0,0,0,634
09/12/2007,MCI,MO,ACE,CE,Combined TRACON& Tower with Radar,396,187,18,6,607,0,0,23,0,23,396,187,41,6,630,0,0,0,630
09/13/2007,MCI,MO,ACE,CE,Combined TRACON& Tower with Radar,395,186,19,10,610,0,0,10,0,10,395,186,29,10,620,0,0,0,620
09/14/2007,MCI,MO,ACE,CE,Combined TRACON& Tower with Radar,391,186,16,3,596,0,2,13,0,15,391,188,29,3,611,0,0,0,611
09/15/2007,MCI,MO,ACE,CE,Combined TRACON& Tower with Radar,337,122,12,0,471,0,0,5,0,5,337,122,17,0,476,0,0,0,476
09/16/2007,MCI,MO,ACE,CE,Combined TRACON& Tower with Radar,330,147,14,1,492,0,0,6,0,6,330,147,20,1,498,0,0,0,498
09/17/2007,MCI,MO,ACE,CE,Combined TRACON& Tower with Radar,372,193,13,5,583,0,0,9,0,9,372,193,22,5,592,0,0,0,592
09/18/2007,MCI,MO,ACE,CE,Combined TRACON& Tower with Radar,400,185,9,0,594,0,0,3,0,3,400,185,12,0,597,0,0,0,597
09/19/2007,MCI,MO,ACE,CE,Combined TRACON& Tower with Radar,391,184,23,0,598,0,0,1,0,1,391,184,24,0,599,0,0,0,599
09/20/2007,MCI,MO,ACE,CE,Combined TRACON& Tower with Radar,395,187,21,2,605,0,0,16,0,16,395,187,37,2,621,0,0,0,621
09/21/2007,MCI,MO,ACE,CE,Combined TRACON& Tower with Radar,393,196,13,2,604,0,0,15,0,15,393,196,28,2,619,0,0,0,619
09/22/2007,MCI,MO,ACE,CE,Combined TRACON& Tower with Radar,327,128,6,0,461,0,0,9,0,9,327,128,15,0,470,0,0,0,470
09/23/2007,MCI,MO,ACE,CE,Combined TRACON& Tower with Radar,332,148,17,0,497,0,0,8,0,8,332,148,25,0,505,0,0,0,505
09/24/2007,MCI,MO,ACE,CE,Combined TRACON& Tower with Radar,370,189,12,0,571,0,0,7,0,7,370,189,19,0,578,0,0,0,578
09/25/2007,MCI,MO,ACE,CE,Combined TRACON& Tower with Radar,394,177,17,0,588,0,0,6,0,6,394,177,23,0,594,0,0,0,594
09/26/2007,MCI,MO,ACE,CE,Combined TRACON& Tower with Radar,394,186,23,3,606,0,1,17,1,19,394,187,40,4,625,0,0,0,625
09/27/2007,MCI,MO,ACE,CE,Combined TRACON& Tower with Radar,396,197,49,0,642,0,0,22,0,22,396,197,71,0,664,0,0,0,664
09/28/2007,MCI,MO,ACE,CE,Combined TRACON& Tower with Radar,413,188,12,0,613,0,0,14,0,14,413,188,26,0,627,0,0,0,627
09/29/2007,MCI,MO,ACE,CE,Combined TRACON& Tower with Radar,326,130,23,0,479,0,0,12,0,12,326,130,35,0,491,0,0,0,491
09/30/2007,MCI,MO,ACE,CE,Combined TRACON& Tower with Radar,324,154,44,0,522,0,0,19,0,19,324,154,63,0,541,0,0,0,541
10/01/2007,MCI,MO,ACE,CE,Combined TRACON& Tower with Radar,390,198,22,0,610,0,0,8,0,8,390,198,30,0,618,0,0,0,618
10/02/2007,MCI,MO,ACE,CE,Combined TRACON& Tower with Radar,381,189,13,0,583,0,0,2,0,2,381,189,15,0,585,0,0,0,585
10/03/2007,MCI,MO,ACE,CE,Combined TRACON& Tower with Radar,389,195,22,6,612,0,0,15,0,15,389,195,37,6,627,0,0,0,627
10/04/2007,MCI,MO,ACE,CE,Combined TRACON& Tower with Radar,394,196,13,0,603,0,0,11,0,11,394,196,24,0,614,0,0,0,614
10/05/2007,MCI,MO,ACE,CE,Combined TRACON& Tower with Radar,392,195,16,0,603,0,8,9,2,19,392,203,25,2,622,0,0,0,622
10/06/2007,MCI,MO,ACE,CE,Combined TRACON& Tower with Radar,317,138,6,0,461,0,0,3,0,3,317,138,9,0,464,0,0,0,464
10/07/2007,MCI,MO,ACE,CE,Combined TRACON& Tower with Radar,328,148,8,2,486,0,0,2,0,2,328,148,10,2,488,0,0,0,488
10/08/2007,MCI,MO,ACE,CE,Combined TRACON& Tower with Radar,377,198,16,1,592,0,0,1,1,2,377,198,17,2,594,0,0,0,594
10/09/2007,MCI,MO,ACE,CE,Combined TRACON& Tower with Radar,384,192,23,0,599,0,0,6,0,6,384,192,29,0,605,0,0,0,605
10/10/2007,MCI,MO,ACE,CE,Combined TRACON& Tower with Radar,392,197,18,11,618,0,0,5,0,5,392,197,23,11,623,0,0,0,623
10/11/2007,MCI,MO,ACE,CE,Combined TRACON& Tower with Radar,389,203,25,1,618,0,0,7,0,7,389,203,32,1,625,0,0,0,625
10/12/2007,MCI,MO,ACE,CE,Combined TRACON& Tower with Radar,393,195,17,3,608,0,0,7,0,7,393,195,24,3,615,0,0,0,615
10/13/2007,MCI,MO,ACE,CE,Combined TRACON& Tower with Radar,317,131,4,0,452,0,0,3,0,3,317,131,7,0,455,0,0,0,455
10/14/2007,MCI,MO,ACE,CE,Combined TRACON& Tower with Radar,327,151,10,3,491,0,0,3,0,3,327,151,13,3,494,0,0,0,494
10/15/2007,MCI,MO,ACE,CE,Combined TRACON& Tower with Radar,366,189,16,3,574,0,0,0,0,0,366,189,16,3,574,0,0,0,574
10/16/2007,MCI,MO,ACE,CE,Combined TRACON& Tower with Radar,391,191,20,2,604,0,0,9,0,9,391,191,29,2,613,0,0,0,613
10/17/2007,MCI,MO,ACE,CE,Combined TRACON& Tower with Radar,379,173,16,0,568,0,0,0,0,0,379,173,16,0,568,0,0,0,568
10/18/2007,MCI,MO,ACE,CE,Combined TRACON& Tower with Radar,396,189,20,0,605,0,2,1,0,3,396,191,21,0,608,0,0,0,608
10/19/2007,MCI,MO,ACE,CE,Combined TRACON& Tower with Radar,405,201,17,2,625,0,0,3,2,5,405,201,20,4,630,0,0,0,630
10/20/2007,MCI,MO,ACE,CE,Combined TRACON& Tower with Radar,318,136,10,0,464,0,0,16,0,16,318,136,26,0,480,0,0,0,480
10/21/2007,MCI,MO,ACE,CE,Combined TRACON& Tower with Radar,321,150,7,0,478,0,0,5,0,5,321,150,12,0,483,0,0,0,483
10/22/2007,MCI,MO,ACE,CE,Combined TRACON& Tower with Radar,367,194,7,6,574,0,0,2,0,2,367,194,9,6,576,0,0,0,576
10/23/2007,MCI,MO,ACE,CE,Combined TRACON& Tower with Radar,384,196,16,1,597,0,0,8,0,8,384,196,24,1,605,0,0,0,605
10/24/2007,MCI,MO,ACE,CE,Combined TRACON& Tower with Radar,387,205,11,2,605,0,0,6,1,7,387,205,17,3,612,0,0,0,612
10/25/2007,MCI,MO,ACE,CE,Combined TRACON& Tower with Radar,392,197,13,0,602,0,0,4,0,4,392,197,17,0,606,0,0,0,606
10/26/2007,MCI,MO,ACE,CE,Combined TRACON& Tower with Radar,399,200,19,0,618,0,0,7,0,7,399,200,26,0,625,0,0,0,625
10/27/2007,MCI,MO,ACE,CE,Combined TRACON& Tower with Radar,319,129,3,0,451,0,0,15,0,15,319,129,18,0,466,0,0,0,466
10/28/2007,MCI,MO,ACE,CE,Combined TRACON& Tower with Radar,330,155,9,0,494,0,0,12,0,12,330,155,21,0,506,0,0,0,506
10/29/2007,MCI,MO,ACE,CE,Combined TRACON& Tower with Radar,374,193,10,1,578,0,0,5,0,5,374,193,15,1,583,0,0,0,583
10/30/2007,MCI,MO,ACE,CE,Combined TRACON& Tower with Radar,381,188,22,0,591,0,0,7,0,7,381,188,29,0,598,0,0,0,598
10/31/2007,MCI,MO,ACE,CE,Combined TRACON& Tower with Radar,382,187,8,0,577,0,0,2,0,2,382,187,10,0,579,0,0,0,579
11/01/2007,MCI,MO,ACE,CE,Combined TRACON& Tower with Radar,384,193,18,14,609,0,0,4,0,4,384,193,22,14,613,0,0,0,613
11/02/2007,MCI,MO,ACE,CE,Combined TRACON& Tower with Radar,387,204,15,0,606,0,0,6,0,6,387,204,21,0,612,0,0,0,612
11/03/2007,MCI,MO,ACE,CE,Combined TRACON& Tower with Radar,316,128,22,0,466,0,0,19,0,19,316,128,41,0,485,0,0,0,485
11/04/2007,MCI,MO,ACE,CE,Combined TRACON& Tower with Radar,328,157,11,0,496,0,0,15,0,15,328,157,26,0,511,0,0,0,511
11/05/2007,MCI,MO,ACE,CE,Combined TRACON& Tower with Radar,371,194,8,0,573,0,0,0,0,0,371,194,8,0,573,0,0,0,573
11/06/2007,MCI,MO,ACE,CE,Combined TRACON& Tower with Radar,387,189,15,0,591,0,0,8,0,8,387,189,23,0,599,0,0,0,599
11/07/2007,MCI,MO,ACE,CE,Combined TRACON& Tower with Radar,383,192,5,4,584,0,0,12,0,12,383,192,17,4,596,0,0,0,596
11/08/2007,MCI,MO,ACE,CE,Combined TRACON& Tower with Radar,383,201,24,2,610,0,0,13,0,13,383,201,37,2,623,0,0,0,623
11/09/2007,MCI,MO,ACE,CE,Combined TRACON& Tower with Radar,388,191,15,0,594,0,0,18,0,18,388,191,33,0,612,0,0,0,612
11/10/2007,MCI,MO,ACE,CE,Combined TRACON& Tower with Radar,314,137,8,0,459,0,0,6,0,6,314,137,14,0,465,0,0,0,465
11/11/2007,MCI,MO,ACE,CE,Combined TRACON& Tower with Radar,327,141,27,0,495,0,0,4,0,4,327,141,31,0,499,0,0,0,499
11/12/2007,MCI,MO,ACE,CE,Combined TRACON& Tower with Radar,368,184,19,0,571,0,0,2,0,2,368,184,21,0,573,0,0,0,573
11/13/2007,MCI,MO,ACE,CE,Combined TRACON& Tower with Radar,385,185,21,0,591,0,0,7,0,7,385,185,28,0,598,0,0,0,598
11/14/2007,MCI,MO,ACE,CE,Combined TRACON& Tower with Radar,381,188,21,2,592,0,0,9,0,9,381,188,30,2,601,0,0,0,601
11/15/2007,MCI,MO,ACE,CE,Combined TRACON& Tower with Radar,387,202,12,0,601,0,2,3,0,5,387,204,15,0,606,0,0,0,606
11/16/2007,MCI,MO,ACE,CE,Combined TRACON& Tower with Radar,398,201,17,0,616,0,0,10,0,10,398,201,27,0,626,0,0,0,626
11/17/2007,MCI,MO,ACE,CE,Combined TRACON& Tower with Radar,325,133,8,0,466,0,0,7,0,7,325,133,15,0,473,0,0,0,473
11/18/2007,MCI,MO,ACE,CE,Combined TRACON& Tower with Radar,328,142,6,0,476,0,0,5,0,5,328,142,11,0,481,0,0,0,481
11/19/2007,MCI,MO,ACE,CE,Combined TRACON& Tower with Radar,358,188,18,7,571,0,2,5,0,7,358,190,23,7,578,0,0,0,578
11/20/2007,MCI,MO,ACE,CE,Combined TRACON& Tower with Radar,406,198,23,1,628,0,0,4,0,4,406,198,27,1,632,0,0,0,632
11/21/2007,MCI,MO,ACE,CE,Combined TRACON& Tower with Radar,387,186,2,0,575,0,0,5,0,5,387,186,7,0,580,0,0,0,580
11/22/2007,MCI,MO,ACE,CE,Combined TRACON& Tower with Radar,276,142,4,0,422,0,0,1,0,1,276,142,5,0,423,0,0,0,423
11/23/2007,MCI,MO,ACE,CE,Combined TRACON& Tower with Radar,277,136,6,0,419,0,0,5,0,5,277,136,11,0,424,0,0,0,424
11/24/2007,MCI,MO,ACE,CE,Combined TRACON& Tower with Radar,319,143,3,0,465,0,0,1,0,1,319,143,4,0,466,0,0,0,466
11/25/2007,MCI,MO,ACE,CE,Combined TRACON& Tower with Radar,351,159,8,0,518,0,0,7,0,7,351,159,15,0,525,0,0,0,525
11/26/2007,MCI,MO,ACE,CE,Combined TRACON& Tower with Radar,365,199,15,7,586,0,1,6,0,7,365,200,21,7,593,0,0,0,593
11/27/2007,MCI,MO,ACE,CE,Combined TRACON& Tower with Radar,403,192,17,1,613,0,0,13,2,15,403,192,30,3,628,0,0,0,628
11/28/2007,MCI,MO,ACE,CE,Combined TRACON& Tower with Radar,394,188,15,2,599,0,0,3,0,3,394,188,18,2,602,0,0,0,602
11/29/2007,MCI,MO,ACE,CE,Combined TRACON& Tower with Radar,383,191,21,4,599,0,0,9,0,9,383,191,30,4,608,0,0,0,608
11/30/2007,MCI,MO,ACE,CE,Combined TRACON& Tower with Radar,385,189,20,0,594,0,0,11,0,11,385,189,31,0,605,0,0,0,605
12/01/2007,MCI,MO,ACE,CE,Combined TRACON& Tower with Radar,297,123,7,0,427,0,0,2,0,2,297,123,9,0,429,0,0,0,429
12/02/2007,MCI,MO,ACE,CE,Combined TRACON& Tower with Radar,313,140,13,5,471,0,0,4,0,4,313,140,17,5,475,0,0,0,475
12/03/2007,MCI,MO,ACE,CE,Combined TRACON& Tower with Radar,353,184,12,0,549,0,2,6,0,8,353,186,18,0,557,0,0,0,557
12/04/2007,MCI,MO,ACE,CE,Combined TRACON& Tower with Radar,373,177,20,8,578,0,0,13,0,13,373,177,33,8,591,0,0,0,591
12/05/2007,MCI,MO,ACE,CE,Combined TRACON& Tower with Radar,356,191,25,2,574,0,0,0,0,0,356,191,25,2,574,0,0,0,574
12/06/2007,MCI,MO,ACE,CE,Combined TRACON& Tower with Radar,375,199,18,0,592,0,0,1,0,1,375,199,19,0,593,0,0,0,593
12/07/2007,MCI,MO,ACE,CE,Combined TRACON& Tower with Radar,379,187,14,2,582,0,0,0,0,0,379,187,14,2,582,0,0,0,582
12/08/2007,MCI,MO,ACE,CE,Combined TRACON& Tower with Radar,303,118,4,1,426,0,0,0,0,0,303,118,4,1,426,0,0,0,426
12/09/2007,MCI,MO,ACE,CE,Combined TRACON& Tower with Radar,296,124,9,1,430,0,0,0,0,0,296,124,9,1,430,0,0,0,430
12/10/2007,MCI,MO,ACE,CE,Combined TRACON& Tower with Radar,322,161,12,0,495,0,0,0,2,2,322,161,12,2,497,0,0,0,497
12/11/2007,MCI,MO,ACE,CE,Combined TRACON& Tower with Radar,97,59,4,0,160,0,0,0,0,0,97,59,4,0,160,0,0,0,160
12/12/2007,MCI,MO,ACE,CE,Combined TRACON& Tower with Radar,351,178,14,0,543,0,0,0,0,0,351,178,14,0,543,0,0,0,543
12/13/2007,MCI,MO,ACE,CE,Combined TRACON& Tower with Radar,367,179,36,1,583,0,0,2,0,2,367,179,38,1,585,0,0,0,585
12/14/2007,MCI,MO,ACE,CE,Combined TRACON& Tower with Radar,367,186,14,1,568,0,0,12,0,12,367,186,26,1,580,0,0,0,580
12/15/2007,MCI,MO,ACE,CE,Combined TRACON& Tower with Radar,302,132,10,1,445,0,0,1,0,1,302,132,11,1,446,0,0,0,446
12/16/2007,MCI,MO,ACE,CE,Combined TRACON& Tower with Radar,334,127,3,2,466,0,0,4,0,4,334,127,7,2,470,0,0,0,470
12/17/2007,MCI,MO,ACE,CE,Combined TRACON& Tower with Radar,353,187,9,5,554,0,0,2,1,3,353,187,11,6,557,0,0,0,557
12/18/2007,MCI,MO,ACE,CE,Combined TRACON& Tower with Radar,381,192,11,6,590,0,0,6,0,6,381,192,17,6,596,0,0,0,596
12/19/2007,MCI,MO,ACE,CE,Combined TRACON& Tower with Radar,381,195,18,3,597,0,0,6,0,6,381,195,24,3,603,0,0,0,603
12/20/2007,MCI,MO,ACE,CE,Combined TRACON& Tower with Radar,394,187,19,9,609,0,0,11,0,11,394,187,30,9,620,0,0,0,620
12/21/2007,MCI,MO,ACE,CE,Combined TRACON& Tower with Radar,379,198,9,2,588,0,0,0,0,0,379,198,9,2,588,0,0,0,588
12/22/2007,MCI,MO,ACE,CE,Combined TRACON& Tower with Radar,286,123,4,0,413,0,0,0,0,0,286,123,4,0,413,0,0,0,413
12/23/2007,MCI,MO,ACE,CE,Combined TRACON& Tower with Radar,341,154,9,1,505,0,0,7,0,7,341,154,16,1,512,0,0,0,512
12/24/2007,MCI,MO,ACE,CE,Combined TRACON& Tower with Radar,314,153,8,0,475,0,0,1,0,1,314,153,9,0,476,0,0,0,476
12/25/2007,MCI,MO,ACE,CE,Combined TRACON& Tower with Radar,252,151,2,0,405,0,0,3,0,3,252,151,5,0,408,0,0,0,408
12/26/2007,MCI,MO,ACE,CE,Combined TRACON& Tower with Radar,340,178,8,0,526,0,0,0,0,0,340,178,8,0,526,0,0,0,526
12/27/2007,MCI,MO,ACE,CE,Combined TRACON& Tower with Radar,363,190,13,0,566,0,0,0,0,0,363,190,13,0,566,0,0,0,566
12/28/2007,MCI,MO,ACE,CE,Combined TRACON& Tower with Radar,371,166,15,0,552,0,0,2,0,2,371,166,17,0,554,0,0,0,554
12/29/2007,MCI,MO,ACE,CE,Combined TRACON& Tower with Radar,340,138,2,0,480,0,0,3,0,3,340,138,5,0,483,0,0,0,483
12/30/2007,MCI,MO,ACE,CE,Combined TRACON& Tower with Radar,311,142,10,0,463,0,0,2,0,2,311,142,12,0,465,0,0,0,465
12/31/2007,MCI,MO,ACE,CE,Combined TRACON& Tower with Radar,307,160,3,0,470,0,0,5,0,5,307,160,8,0,475,0,0,0,475
01/01/2008,MCI,MO,ACE,CE,Combined TRACON& Tower with Radar,304,169,4,0,477,0,0,1,0,1,304,169,5,0,478,0,0,0,478
01/02/2008,MCI,MO,ACE,CE,Combined TRACON& Tower with Radar,359,189,5,0,553,0,0,2,0,2,359,189,7,0,555,0,0,0,555
01/03/2008,MCI,MO,ACE,CE,Combined TRACON& Tower with Radar,375,187,9,7,578,0,0,2,0,2,375,187,11,7,580,0,0,0,580
01/04/2008,MCI,MO,ACE,CE,Combined TRACON& Tower with Radar,391,183,14,0,588,0,0,3,0,3,391,183,17,0,591,0,0,0,591
01/05/2008,MCI,MO,ACE,CE,Combined TRACON& Tower with Radar,317,134,9,0,460,0,0,7,0,7,317,134,16,0,467,0,0,0,467
01/06/2008,MCI,MO,ACE,CE,Combined TRACON& Tower with Radar,314,140,12,0,466,0,0,2,0,2,314,140,14,0,468,0,0,0,468
01/07/2008,MCI,MO,ACE,CE,Combined TRACON& Tower with Radar,336,189,13,6,544,0,0,4,1,5,336,189,17,7,549,0,0,0,549
01/08/2008,MCI,MO,ACE,CE,Combined TRACON& Tower with Radar,355,175,13,7,550,0,0,1,0,1,355,175,14,7,551,0,0,0,551
01/09/2008,MCI,MO,ACE,CE,Combined TRACON& Tower with Radar,351,182,14,11,558,0,0,13,0,13,351,182,27,11,571,0,0,0,571
01/10/2008,MCI,MO,ACE,CE,Combined TRACON& Tower with Radar,361,186,13,2,562,0,0,5,0,5,361,186,18,2,567,0,0,0,567
01/11/2008,MCI,MO,ACE,CE,Combined TRACON& Tower with Radar,366,189,11,0,566,0,0,6,0,6,366,189,17,0,572,0,0,0,572
01/12/2008,MCI,MO,ACE,CE,Combined TRACON& Tower with Radar,308,119,7,0,434,0,0,8,0,8,308,119,15,0,442,0,0,0,442
01/13/2008,MCI,MO,ACE,CE,Combined TRACON& Tower with Radar,298,144,7,1,450,0,0,4,0,4,298,144,11,1,454,0,0,0,454
01/14/2008,MCI,MO,ACE,CE,Combined TRACON& Tower with Radar,349,185,18,8,560,0,0,2,0,2,349,185,20,8,562,0,0,0,562
01/15/2008,MCI,MO,ACE,CE,Combined TRACON& Tower with Radar,354,185,17,7,563,0,0,5,0,5,354,185,22,7,568,0,0,0,568
01/16/2008,MCI,MO,ACE,CE,Combined TRACON& Tower with Radar,359,183,17,2,561,0,0,1,2,3,359,183,18,4,564,0,0,0,564
01/17/2008,MCI,MO,ACE,CE,Combined TRACON& Tower with Radar,349,196,17,0,562,0,0,5,0,5,349,196,22,0,567,0,0,0,567
01/18/2008,MCI,MO,ACE,CE,Combined TRACON& Tower with Radar,374,190,9,0,573,0,0,0,0,0,374,190,9,0,573,0,0,0,573
01/19/2008,MCI,MO,ACE,CE,Combined TRACON& Tower with Radar,288,124,5,0,417,0,0,11,0,11,288,124,16,0,428,0,0,0,428
01/20/2008,MCI,MO,ACE,CE,Combined TRACON& Tower with Radar,297,151,2,0,450,0,0,9,0,9,297,151,11,0,459,0,0,0,459
01/21/2008,MCI,MO,ACE,CE,Combined TRACON& Tower with Radar,335,186,7,2,530,0,0,0,0,0,335,186,7,2,530,0,0,0,530
01/22/2008,MCI,MO,ACE,CE,Combined TRACON& Tower with Radar,369,187,16,8,580,0,0,2,0,2,369,187,18,8,582,0,0,0,582
01/23/2008,MCI,MO,ACE,CE,Combined TRACON& Tower with Radar,356,182,15,4,557,0,0,2,0,2,356,182,17,4,559,0,0,0,559
01/24/2008,MCI,MO,ACE,CE,Combined TRACON& Tower with Radar,366,192,22,0,580,0,2,11,0,13,366,194,33,0,593,0,0,0,593
01/25/2008,MCI,MO,ACE,CE,Combined TRACON& Tower with Radar,368,193,20,0,581,0,0,0,0,0,368,193,20,0,581,0,0,0,581
01/26/2008,MCI,MO,ACE,CE,Combined TRACON& Tower with Radar,301,123,5,0,429,0,0,8,0,8,301,123,13,0,437,0,0,0,437
01/27/2008,MCI,MO,ACE,CE,Combined TRACON& Tower with Radar,291,144,8,0,443,0,0,9,0,9,291,144,17,0,452,0,0,0,452
01/28/2008,MCI,MO,ACE,CE,Combined TRACON& Tower with Radar,347,193,14,5,559,0,0,6,0,6,347,193,20,5,565,0,0,0,565
01/29/2008,MCI,MO,ACE,CE,Combined TRACON& Tower with Radar,358,180,16,0,554,0,3,3,0,6,358,183,19,0,560,0,0,0,560
01/30/2008,MCI,MO,ACE,CE,Combined TRACON& Tower with Radar,356,188,16,4,564,0,0,11,0,11,356,188,27,4,575,0,0,0,575
01/31/2008,MCI,MO,ACE,CE,Combined TRACON& Tower with Radar,350,186,31,0,567,0,0,4,0,4,350,186,35,0,571,0,0,0,571
02/01/2008,MCI,MO,ACE,CE,Combined TRACON& Tower with Radar,357,203,36,4,600,0,0,8,0,8,357,203,44,4,608,0,0,0,608
02/02/2008,MCI,MO,ACE,CE,Combined TRACON& Tower with Radar,301,117,9,0,427,0,0,3,0,3,301,117,12,0,430,0,0,0,430
02/03/2008,MCI,MO,ACE,CE,Combined TRACON& Tower with Radar,297,149,4,0,450,0,0,0,0,0,297,149,4,0,450,0,0,0,450
02/04/2008,MCI,MO,ACE,CE,Combined TRACON& Tower with Radar,335,197,23,5,560,0,0,13,0,13,335,197,36,5,573,0,0,0,573
02/05/2008,MCI,MO,ACE,CE,Combined TRACON& Tower with Radar,347,168,15,4,534,0,0,0,0,0,347,168,15,4,534,0,0,0,534
02/06/2008,MCI,MO,ACE,CE,Combined TRACON& Tower with Radar,315,172,30,5,522,0,0,1,0,1,315,172,31,5,523,0,0,0,523
02/07/2008,MCI,MO,ACE,CE,Combined TRACON& Tower with Radar,362,199,24,9,594,0,0,9,0,9,362,199,33,9,603,0,0,0,603
02/08/2008,MCI,MO,ACE,CE,Combined TRACON& Tower with Radar,370,197,22,1,590,0,0,1,0,1,370,197,23,1,591,0,0,0,591
02/09/2008,MCI,MO,ACE,CE,Combined TRACON& Tower with Radar,302,113,8,0,423,0,0,4,0,4,302,113,12,0,427,0,0,0,427
02/10/2008,MCI,MO,ACE,CE,Combined TRACON& Tower with Radar,287,142,2,0,431,0,0,2,0,2,287,142,4,0,433,0,0,0,433
02/11/2008,MCI,MO,ACE,CE,Combined TRACON& Tower with Radar,348,185,13,0,546,0,0,1,0,1,348,185,14,0,547,0,0,0,547
02/12/2008,MCI,MO,ACE,CE,Combined TRACON& Tower with Radar,340,177,9,3,529,0,0,2,0,2,340,177,11,3,531,0,0,0,531
02/13/2008,MCI,MO,ACE,CE,Combined TRACON& Tower with Radar,363,185,25,0,573,0,0,3,1,4,363,185,28,1,577,0,0,0,577
02/14/2008,MCI,MO,ACE,CE,Combined TRACON& Tower with Radar,371,195,4,2,572,0,0,1,0,1,371,195,5,2,573,0,0,0,573
02/15/2008,MCI,MO,ACE,CE,Combined TRACON& Tower with Radar,362,202,13,0,577,0,1,4,0,5,362,203,17,0,582,0,0,0,582
02/16/2008,MCI,MO,ACE,CE,Combined TRACON& Tower with Radar,291,122,5,0,418,0,0,0,0,0,291,122,5,0,418,0,0,0,418
02/17/2008,MCI,MO,ACE,CE,Combined TRACON& Tower with Radar,192,84,3,0,279,0,0,2,0,2,192,84,5,0,281,0,0,0,281
02/18/2008,MCI,MO,ACE,CE,Combined TRACON& Tower with Radar,357,193,4,0,554,0,0,2,0,2,357,193,6,0,556,0,0,0,556
02/19/2008,MCI,MO,ACE,CE,Combined TRACON& Tower with Radar,372,190,21,1,584,0,0,7,0,7,372,190,28,1,591,0,0,0,591
02/20/2008,MCI,MO,ACE,CE,Combined TRACON& Tower with Radar,362,191,21,2,576,0,1,12,0,13,362,192,33,2,589,0,0,0,589
02/21/2008,MCI,MO,ACE,CE,Combined TRACON& Tower with Radar,359,177,13,0,549,0,0,1,0,1,359,177,14,0,550,0,0,0,550
02/22/2008,MCI,MO,ACE,CE,Combined TRACON& Tower with Radar,365,197,23,2,587,0,3,0,0,3,365,200,23,2,590,0,0,0,590
02/23/2008,MCI,MO,ACE,CE,Combined TRACON& Tower with Radar,301,130,9,0,440,0,0,10,0,10,301,130,19,0,450,0,0,0,450
02/24/2008,MCI,MO,ACE,CE,Combined TRACON& Tower with Radar,300,152,7,4,463,0,0,1,0,1,300,152,8,4,464,0,0,0,464
02/25/2008,MCI,MO,ACE,CE,Combined TRACON& Tower with Radar,351,194,5,0,550,0,0,1,0,1,351,194,6,0,551,0,0,0,551
02/26/2008,MCI,MO,ACE,CE,Combined TRACON& Tower with Radar,354,187,13,4,558,0,0,6,0,6,354,187,19,4,564,0,0,0,564
02/27/2008,MCI,MO,ACE,CE,Combined TRACON& Tower with Radar,370,204,18,8,600,0,0,8,0,8,370,204,26,8,608,0,0,0,608
02/28/2008,MCI,MO,ACE,CE,Combined TRACON& Tower with Radar,368,202,12,0,582,0,0,4,0,4,368,202,16,0,586,0,0,0,586
02/29/2008,MCI,MO,ACE,CE,Combined TRACON& Tower with Radar,372,186,10,0,568,0,0,1,0,1,372,186,11,0,569,0,0,0,569
03/01/2008,MCI,MO,ACE,CE,Combined TRACON& Tower with Radar,299,119,6,0,424,0,0,3,0,3,299,119,9,0,427,0,0,0,427
03/02/2008,MCI,MO,ACE,CE,Combined TRACON& Tower with Radar,307,160,8,0,475,0,0,2,0,2,307,160,10,0,477,0,0,0,477
03/03/2008,MCI,MO,ACE,CE,Combined TRACON& Tower with Radar,352,205,14,1,572,0,0,0,0,0,352,205,14,1,572,0,0,0,572
03/04/2008,MCI,MO,ACE,CE,Combined TRACON& Tower with Radar,370,201,20,7,598,0,0,1,1,2,370,201,21,8,600,0,0,0,600
03/05/2008,MCI,MO,ACE,CE,Combined TRACON& Tower with Radar,372,197,14,1,584,0,0,18,0,18,372,197,32,1,602,0,0,0,602
03/06/2008,MCI,MO,ACE,CE,Combined TRACON& Tower with Radar,365,201,15,0,581,0,2,3,2,7,365,203,18,2,588,0,0,0,588
03/07/2008,MCI,MO,ACE,CE,Combined TRACON& Tower with Radar,352,211,10,1,574,0,0,5,0,5,352,211,15,1,579,0,0,0,579
03/08/2008,MCI,MO,ACE,CE,Combined TRACON& Tower with Radar,300,119,9,0,428,0,0,14,0,14,300,119,23,0,442,0,0,0,442
03/09/2008,MCI,MO,ACE,CE,Combined TRACON& Tower with Radar,309,146,20,1,476,0,0,20,0,20,309,146,40,1,496,0,0,0,496
03/10/2008,MCI,MO,ACE,CE,Combined TRACON& Tower with Radar,356,192,25,0,573,0,0,5,0,5,356,192,30,0,578,0,0,0,578
03/11/2008,MCI,MO,ACE,CE,Combined TRACON& Tower with Radar,375,193,9,0,577,0,0,11,0,11,375,193,20,0,588,0,0,0,588
03/12/2008,MCI,MO,ACE,CE,Combined TRACON& Tower with Radar,358,194,20,0,572,0,0,8,1,9,358,194,28,1,581,0,0,0,581
03/13/2008,MCI,MO,ACE,CE,Combined TRACON& Tower with Radar,373,208,24,3,608,0,0,6,0,6,373,208,30,3,614,0,0,0,614
03/14/2008,MCI,MO,ACE,CE,Combined TRACON& Tower with Radar,379,190,17,5,591,0,0,1,0,1,379,190,18,5,592,0,0,0,592
03/15/2008,MCI,MO,ACE,CE,Combined TRACON& Tower with Radar,305,126,6,0,437,0,0,0,0,0,305,126,6,0,437,0,0,0,437
03/16/2008,MCI,MO,ACE,CE,Combined TRACON& Tower with Radar,321,153,12,0,486,0,0,2,0,2,321,153,14,0,488,0,0,0,488
03/17/2008,MCI,MO,ACE,CE,Combined TRACON& Tower with Radar,351,194,3,0,548,0,0,0,0,0,351,194,3,0,548,0,0,0,548
03/18/2008,MCI,MO,ACE,CE,Combined TRACON& Tower with Radar,364,171,12,2,549,0,0,0,0,0,364,171,12,2,549,0,0,0,549
03/19/2008,MCI,MO,ACE,CE,Combined TRACON& Tower with Radar,371,191,17,1,580,0,0,3,0,3,371,191,20,1,583,0,0,0,583
03/20/2008,MCI,MO,ACE,CE,Combined TRACON& Tower with Radar,373,206,20,0,599,0,0,10,2,12,373,206,30,2,611,0,0,0,611
03/21/2008,MCI,MO,ACE,CE,Combined TRACON& Tower with Radar,359,192,8,0,559,0,0,4,0,4,359,192,12,0,563,0,0,0,563
03/22/2008,MCI,MO,ACE,CE,Combined TRACON& Tower with Radar,297,133,4,0,434,0,0,6,0,6,297,133,10,0,440,0,0,0,440
03/23/2008,MCI,MO,ACE,CE,Combined TRACON& Tower with Radar,319,159,11,0,489,0,0,2,0,2,319,159,13,0,491,0,0,0,491
03/24/2008,MCI,MO,ACE,CE,Combined TRACON& Tower with Radar,356,199,16,0,571,0,0,3,0,3,356,199,19,0,574,0,0,0,574
03/25/2008,MCI,MO,ACE,CE,Combined TRACON& Tower with Radar,375,194,8,3,580,0,0,9,0,9,375,194,17,3,589,0,0,0,589
03/26/2008,MCI,MO,ACE,CE,Combined TRACON& Tower with Radar,361,197,18,8,584,0,1,2,0,3,361,198,20,8,587,0,0,0,587
03/27/2008,MCI,MO,ACE,CE,Combined TRACON& Tower with Radar,353,212,20,9,594,0,0,0,0,0,353,212,20,9,594,0,0,0,594
03/28/2008,MCI,MO,ACE,CE,Combined TRACON& Tower with Radar,379,199,16,0,594,0,0,7,0,7,379,199,23,0,601,0,0,0,601
03/29/2008,MCI,MO,ACE,CE,Combined TRACON& Tower with Radar,306,124,11,0,441,0,0,0,0,0,306,124,11,0,441,0,0,0,441
03/30/2008,MCI,MO,ACE,CE,Combined TRACON& Tower with Radar,307,165,14,0,486,0,0,1,0,1,307,165,15,0,487,0,0,0,487
03/31/2008,MCI,MO,ACE,CE,Combined TRACON& Tower with Radar,341,182,6,2,531,0,0,9,0,9,341,182,15,2,540,0,0,0,540
04/01/2008,MCI,MO,ACE,CE,Combined TRACON& Tower with Radar,385,188,15,0,588,0,0,2,0,2,385,188,17,0,590,0,0,0,590
04/02/2008,MCI,MO,ACE,CE,Combined TRACON& Tower with Radar,368,189,32,4,593,0,0,4,0,4,368,189,36,4,597,0,0,0,597
04/03/2008,MCI,MO,ACE,CE,Combined TRACON& Tower with Radar,366,191,18,2,577,0,0,2,0,2,366,191,20,2,579,0,0,0,579
04/04/2008,MCI,MO,ACE,CE,Combined TRACON& Tower with Radar,377,185,12,2,576,0,0,7,2,9,377,185,19,4,585,0,0,0,585
04/05/2008,MCI,MO,ACE,CE,Combined TRACON& Tower with Radar,303,133,4,0,440,0,0,16,0,16,303,133,20,0,456,0,0,0,456
04/06/2008,MCI,MO,ACE,CE,Combined TRACON& Tower with Radar,308,140,6,0,454,0,0,7,0,7,308,140,13,0,461,0,0,0,461
04/07/2008,MCI,MO,ACE,CE,Combined TRACON& Tower with Radar,357,177,17,7,558,0,0,9,0,9,357,177,26,7,567,0,0,0,567
04/08/2008,MCI,MO,ACE,CE,Combined TRACON& Tower with Radar,363,176,18,1,558,0,0,1,0,1,363,176,19,1,559,0,0,0,559
04/09/2008,MCI,MO,ACE,CE,Combined TRACON& Tower with Radar,355,189,22,3,569,0,1,0,0,1,355,190,22,3,570,0,0,0,570
04/10/2008,MCI,MO,ACE,CE,Combined TRACON& Tower with Radar,345,167,12,0,524,0,0,0,0,0,345,167,12,0,524,0,0,0,524
04/11/2008,MCI,MO,ACE,CE,Combined TRACON& Tower with Radar,375,170,18,0,563,0,0,0,0,0,375,170,18,0,563,0,0,0,563
04/12/2008,MCI,MO,ACE,CE,Combined TRACON& Tower with Radar,310,104,4,0,418,0,0,0,0,0,310,104,4,0,418,0,0,0,418
04/13/2008,MCI,MO,ACE,CE,Combined TRACON& Tower with Radar,318,136,1,2,457,0,0,3,0,3,318,136,4,2,460,0,0,0,460
04/14/2008,MCI,MO,ACE,CE,Combined TRACON& Tower with Radar,357,183,11,0,551,0,1,1,0,2,357,184,12,0,553,0,0,0,553
04/15/2008,MCI,MO,ACE,CE,Combined TRACON& Tower with Radar,371,162,8,4,545,0,0,13,0,13,371,162,21,4,558,0,0,0,558
04/16/2008,MCI,MO,ACE,CE,Combined TRACON& Tower with Radar,364,175,10,7,556,0,0,2,0,2,364,175,12,7,558,0,0,0,558
04/17/2008,MCI,MO,ACE,CE,Combined TRACON& Tower with Radar,363,160,13,1,537,0,0,4,0,4,363,160,17,1,541,0,0,0,541
04/18/2008,MCI,MO,ACE,CE,Combined TRACON& Tower with Radar,393,167,8,0,568,0,0,0,0,0,393,167,8,0,568,0,0,0,568
04/19/2008,MCI,MO,ACE,CE,Combined TRACON& Tower with Radar,298,108,7,0,413,0,0,8,0,8,298,108,15,0,421,0,0,0,421
04/20/2008,MCI,MO,ACE,CE,Combined TRACON& Tower with Radar,316,135,9,1,461,0,0,12,0,12,316,135,21,1,473,0,0,0,473
04/21/2008,MCI,MO,ACE,CE,Combined TRACON& Tower with Radar,356,177,8,2,543,0,0,15,0,15,356,177,23,2,558,0,0,0,558
04/22/2008,MCI,MO,ACE,CE,Combined TRACON& Tower with Radar,367,168,13,0,548,0,0,5,0,5,367,168,18,0,553,0,0,0,553
04/23/2008,MCI,MO,ACE,CE,Combined TRACON& Tower with Radar,369,170,14,2,555,0,0,4,0,4,369,170,18,2,559,0,0,0,559
04/24/2008,MCI,MO,ACE,CE,Combined TRACON& Tower with Radar,373,176,25,4,578,0,0,10,0,10,373,176,35,4,588,0,0,0,588
04/25/2008,MCI,MO,ACE,CE,Combined TRACON& Tower with Radar,382,167,34,0,583,0,0,0,0,0,382,167,34,0,583,0,0,0,583
04/26/2008,MCI,MO,ACE,CE,Combined TRACON& Tower with Radar,316,109,20,0,445,0,0,5,0,5,316,109,25,0,450,0,0,0,450
04/27/2008,MCI,MO,ACE,CE,Combined TRACON& Tower with Radar,313,146,27,0,486,0,0,3,0,3,313,146,30,0,489,0,0,0,489
04/28/2008,MCI,MO,ACE,CE,Combined TRACON& Tower with Radar,351,177,15,0,543,0,0,12,0,12,351,177,27,0,555,0,0,0,555
04/29/2008,MCI,MO,ACE,CE,Combined TRACON& Tower with Radar,360,169,13,4,546,0,0,17,0,17,360,169,30,4,563,0,0,0,563
04/30/2008,MCI,MO,ACE,CE,Combined TRACON& Tower with Radar,363,179,17,0,559,0,0,11,0,11,363,179,28,0,570,0,0,0,570
05/01/2008,MCI,MO,ACE,CE,Combined TRACON& Tower with Radar,368,177,13,2,560,0,2,0,0,2,368,179,13,2,562,0,0,0,562
05/02/2008,MCI,MO,ACE,CE,Combined TRACON& Tower with Radar,379,167,12,0,558,0,0,11,0,11,379,167,23,0,569,0,0,0,569
05/03/2008,MCI,MO,ACE,CE,Combined TRACON& Tower with Radar,304,105,9,0,418,0,1,22,0,23,304,106,31,0,441,0,0,0,441
05/04/2008,MCI,MO,ACE,CE,Combined TRACON& Tower with Radar,318,132,3,0,453,0,0,9,0,9,318,132,12,0,462,0,0,0,462
05/05/2008,MCI,MO,ACE,CE,Combined TRACON& Tower with Radar,350,173,14,0,537,0,0,5,0,5,350,173,19,0,542,0,0,0,542
05/06/2008,MCI,MO,ACE,CE,Combined TRACON& Tower with Radar,374,156,8,0,538,0,0,0,0,0,374,156,8,0,538,0,0,0,538
05/07/2008,MCI,MO,ACE,CE,Combined TRACON& Tower with Radar,363,157,10,2,532,0,0,0,0,0,363,157,10,2,532,0,0,0,532
05/08/2008,MCI,MO,ACE,CE,Combined TRACON& Tower with Radar,383,161,16,2,562,0,0,6,0,6,383,161,22,2,568,0,0,0,568
05/09/2008,MCI,MO,ACE,CE,Combined TRACON& Tower with Radar,377,168,19,0,564,0,0,4,0,4,377,168,23,0,568,0,0,0,568
05/10/2008,MCI,MO,ACE,CE,Combined TRACON& Tower with Radar,303,109,4,0,416,0,0,0,0,0,303,109,4,0,416,0,0,0,416
05/11/2008,MCI,MO,ACE,CE,Combined TRACON& Tower with Radar,307,132,3,0,442,0,0,2,0,2,307,132,5,0,444,0,0,0,444
05/12/2008,MCI,MO,ACE,CE,Combined TRACON& Tower with Radar,341,166,2,0,509,0,0,9,0,9,341,166,11,0,518,0,0,0,518
05/13/2008,MCI,MO,ACE,CE,Combined TRACON& Tower with Radar,357,164,5,0,526,0,0,1,0,1,357,164,6,0,527,0,0,0,527
05/14/2008,MCI,MO,ACE,CE,Combined TRACON& Tower with Radar,361,166,23,0,550,0,0,7,2,9,361,166,30,2,559,0,0,0,559
05/15/2008,MCI,MO,ACE,CE,Combined TRACON& Tower with Radar,358,162,26,9,555,0,0,4,0,4,358,162,30,9,559,0,0,0,559
05/16/2008,MCI,MO,ACE,CE,Combined TRACON& Tower with Radar,363,169,17,0,549,0,0,14,0,14,363,169,31,0,563,0,0,0,563
05/17/2008,MCI,MO,ACE,CE,Combined TRACON& Tower with Radar,299,103,5,0,407,0,1,21,0,22,299,104,26,0,429,0,0,0,429
05/18/2008,MCI,MO,ACE,CE,Combined TRACON& Tower with Radar,311,136,13,0,460,0,0,13,0,13,311,136,26,0,473,0,0,0,473
05/19/2008,MCI,MO,ACE,CE,Combined TRACON& Tower with Radar,342,170,7,2,521,0,0,9,0,9,342,170,16,2,530,0,0,0,530
05/20/2008,MCI,MO,ACE,CE,Combined TRACON& Tower with Radar,354,161,31,0,546,0,0,1,0,1,354,161,32,0,547,0,0,0,547
05/21/2008,MCI,MO,ACE,CE,Combined TRACON& Tower with Radar,361,173,18,4,556,0,1,7,0,8,361,174,25,4,564,0,0,0,564
05/22/2008,MCI,MO,ACE,CE,Combined TRACON& Tower with Radar,366,162,16,0,544,0,0,0,0,0,366,162,16,0,544,0,0,0,544
05/23/2008,MCI,MO,ACE,CE,Combined TRACON& Tower with Radar,370,171,20,0,561,0,0,4,0,4,370,171,24,0,565,0,0,0,565
05/24/2008,MCI,MO,ACE,CE,Combined TRACON& Tower with Radar,315,114,5,0,434,0,0,0,0,0,315,114,5,0,434,0,0,0,434
05/25/2008,MCI,MO,ACE,CE,Combined TRACON& Tower with Radar,276,110,6,0,392,0,0,2,0,2,276,110,8,0,394,0,0,0,394
05/26/2008,MCI,MO,ACE,CE,Combined TRACON& Tower with Radar,310,157,6,1,474,0,0,1,0,1,310,157,7,1,475,0,0,0,475
05/27/2008,MCI,MO,ACE,CE,Combined TRACON& Tower with Radar,344,152,11,5,512,0,0,3,0,3,344,152,14,5,515,0,0,0,515
05/28/2008,MCI,MO,ACE,CE,Combined TRACON& Tower with Radar,371,164,10,3,548,0,2,0,0,2,371,166,10,3,550,0,0,0,550
05/29/2008,MCI,MO,ACE,CE,Combined TRACON& Tower with Radar,370,167,15,1,553,0,0,6,0,6,370,167,21,1,559,0,0,0,559
05/30/2008,MCI,MO,ACE,CE,Combined TRACON& Tower with Radar,368,175,7,1,551,0,0,3,0,3,368,175,10,1,554,0,0,0,554
05/31/2008,MCI,MO,ACE,CE,Combined TRACON& Tower with Radar,327,113,3,0,443,0,0,9,0,9,327,113,12,0,452,0,0,0,452
06/01/2008,MCI,MO,ACE,CE,Combined TRACON& Tower with Radar,311,138,11,0,460,0,0,11,0,11,311,138,22,0,471,0,0,0,471
06/02/2008,MCI,MO,ACE,CE,Combined TRACON& Tower with Radar,347,170,16,4,537,0,0,0,0,0,347,170,16,4,537,0,0,0,537
06/03/2008,MCI,MO,ACE,CE,Combined TRACON& Tower with Radar,360,161,14,2,537,0,0,7,0,7,360,161,21,2,544,0,0,0,544
06/04/2008,MCI,MO,ACE,CE,Combined TRACON& Tower with Radar,345,173,37,0,555,0,1,5,3,9,345,174,42,3,564,0,0,0,564
06/05/2008,MCI,MO,ACE,CE,Combined TRACON& Tower with Radar,362,190,13,0,565,0,0,4,0,4,362,190,17,0,569,0,0,0,569
06/06/2008,MCI,MO,ACE,CE,Combined TRACON& Tower with Radar,362,167,26,4,559,0,0,5,0,5,362,167,31,4,564,0,0,0,564
06/07/2008,MCI,MO,ACE,CE,Combined TRACON& Tower with Radar,312,109,8,0,429,0,0,4,0,4,312,109,12,0,433,0,0,0,433
06/08/2008,MCI,MO,ACE,CE,Combined TRACON& Tower with Radar,290,122,9,1,422,0,0,4,0,4,290,122,13,1,426,0,0,0,426
06/09/2008,MCI,MO,ACE,CE,Combined TRACON& Tower with Radar,353,166,12,7,538,0,0,3,0,3,353,166,15,7,541,0,0,0,541
06/10/2008,MCI,MO,ACE,CE,Combined TRACON& Tower with Radar,352,165,8,9,534,0,0,6,0,6,352,165,14,9,540,0,0,0,540
06/11/2008,MCI,MO,ACE,CE,Combined TRACON& Tower with Radar,368,163,26,2,559,0,0,11,0,11,368,163,37,2,570,0,0,0,570
06/12/2008,MCI,MO,ACE,CE,Combined TRACON& Tower with Radar,359,164,27,0,550,0,5,6,0,11,359,169,33,0,561,0,0,0,561
06/13/2008,MCI,MO,ACE,CE,Combined TRACON& Tower with Radar,375,168,12,0,555,0,0,8,0,8,375,168,20,0,563,0,0,0,563
06/14/2008,MCI,MO,ACE,CE,Combined TRACON& Tower with Radar,322,117,12,0,451,0,0,14,0,14,322,117,26,0,465,0,0,0,465
06/15/2008,MCI,MO,ACE,CE,Combined TRACON& Tower with Radar,317,133,12,1,463,0,0,6,0,6,317,133,18,1,469,0,0,0,469
06/16/2008,MCI,MO,ACE,CE,Combined TRACON& Tower with Radar,346,173,13,2,534,0,0,8,0,8,346,173,21,2,542,0,0,0,542
06/17/2008,MCI,MO,ACE,CE,Combined TRACON& Tower with Radar,373,160,20,1,554,0,1,17,0,18,373,161,37,1,572,0,0,0,572
06/18/2008,MCI,MO,ACE,CE,Combined TRACON& Tower with Radar,368,164,18,10,560,0,0,8,0,8,368,164,26,10,568,0,0,0,568
06/19/2008,MCI,MO,ACE,CE,Combined TRACON& Tower with Radar,378,167,12,2,559,0,2,13,0,15,378,169,25,2,574,0,0,0,574
06/20/2008,MCI,MO,ACE,CE,Combined TRACON& Tower with Radar,378,188,16,0,582,0,0,17,0,17,378,188,33,0,599,0,0,0,599
06/21/2008,MCI,MO,ACE,CE,Combined TRACON& Tower with Radar,313,126,12,0,451,0,0,23,0,23,313,126,35,0,474,0,0,0,474
06/22/2008,MCI,MO,ACE,CE,Combined TRACON& Tower with Radar,319,129,10,0,458,0,0,25,0,25,319,129,35,0,483,0,0,0,483
06/23/2008,MCI,MO,ACE,CE,Combined TRACON& Tower with Radar,357,164,11,2,534,0,0,8,0,8,357,164,19,2,542,0,0,0,542
06/24/2008,MCI,MO,ACE,CE,Combined TRACON& Tower with Radar,358,169,12,2,541,0,0,16,0,16,358,169,28,2,557,0,0,0,557
06/25/2008,MCI,MO,ACE,CE,Combined TRACON& Tower with Radar,362,168,12,0,542,0,2,13,0,15,362,170,25,0,557,0,0,0,557
06/26/2008,MCI,MO,ACE,CE,Combined TRACON& Tower with Radar,366,177,14,1,558,0,0,11,0,11,366,177,25,1,569,0,0,0,569
06/27/2008,MCI,MO,ACE,CE,Combined TRACON& Tower with Radar,375,173,5,5,558,0,0,4,0,4,375,173,9,5,562,0,0,0,562
06/28/2008,MCI,MO,ACE,CE,Combined TRACON& Tower with Radar,313,116,2,2,433,0,0,11,0,11,313,116,13,2,444,0,0,0,444
06/29/2008,MCI,MO,ACE,CE,Combined TRACON& Tower with Radar,316,127,12,0,455,0,0,5,0,5,316,127,17,0,460,0,0,0,460
06/30/2008,MCI,MO,ACE,CE,Combined TRACON& Tower with Radar,352,137,7,4,500,0,0,9,0,9,352,137,16,4,509,0,0,0,509
07/01/2008,MCI,MO,ACE,CE,Combined TRACON& Tower with Radar,364,126,15,2,507,0,0,9,0,9,364,126,24,2,516,0,0,0,516
07/02/2008,MCI,MO,ACE,CE,Combined TRACON& Tower with Radar,324,108,8,0,440,0,0,1,0,1,324,108,9,0,441,0,0,0,441
07/03/2008,MCI,MO,ACE,CE,Combined TRACON& Tower with Radar,405,122,5,4,536,0,0,5,0,5,405,122,10,4,541,0,0,0,541
07/04/2008,MCI,MO,ACE,CE,Combined TRACON& Tower with Radar,276,81,3,0,360,0,0,0,0,0,276,81,3,0,360,0,0,0,360
07/05/2008,MCI,MO,ACE,CE,Combined TRACON& Tower with Radar,276,81,6,0,363,0,0,15,0,15,276,81,21,0,378,0,0,0,378
07/06/2008,MCI,MO,ACE,CE,Combined TRACON& Tower with Radar,309,92,10,2,413,0,0,13,0,13,309,92,23,2,426,0,0,0,426
07/07/2008,MCI,MO,ACE,CE,Combined TRACON& Tower with Radar,351,134,5,0,490,0,0,3,0,3,351,134,8,0,493,0,0,0,493
07/08/2008,MCI,MO,ACE,CE,Combined TRACON& Tower with Radar,354,121,14,0,489,0,0,0,2,2,354,121,14,2,491,0,0,0,491
07/09/2008,MCI,MO,ACE,CE,Combined TRACON& Tower with Radar,368,150,36,0,554,0,1,4,0,5,368,151,40,0,559,0,0,0,559
07/10/2008,MCI,MO,ACE,CE,Combined TRACON& Tower with Radar,359,127,14,1,501,0,0,12,1,13,359,127,26,2,514,0,0,0,514
07/11/2008,MCI,MO,ACE,CE,Combined TRACON& Tower with Radar,380,134,7,0,521,0,0,6,0,6,380,134,13,0,527,0,0,0,527
07/12/2008,MCI,MO,ACE,CE,Combined TRACON& Tower with Radar,308,93,3,0,404,0,0,4,0,4,308,93,7,0,408,0,0,0,408
07/13/2008,MCI,MO,ACE,CE,Combined TRACON& Tower with Radar,298,106,19,0,423,0,0,14,2,16,298,106,33,2,439,0,0,0,439
07/14/2008,MCI,MO,ACE,CE,Combined TRACON& Tower with Radar,357,128,8,2,495,0,0,6,1,7,357,128,14,3,502,0,0,0,502
07/15/2008,MCI,MO,ACE,CE,Combined TRACON& Tower with Radar,362,121,18,0,501,0,0,6,0,6,362,121,24,0,507,0,0,0,507
07/16/2008,MCI,MO,ACE,CE,Combined TRACON& Tower with Radar,366,138,24,2,530,0,1,6,0,7,366,139,30,2,537,0,0,0,537
07/17/2008,MCI,MO,ACE,CE,Combined TRACON& Tower with Radar,357,139,17,0,513,0,0,9,0,9,357,139,26,0,522,0,0,0,522
07/18/2008,MCI,MO,ACE,CE,Combined TRACON& Tower with Radar,366,152,7,2,527,0,0,3,0,3,366,152,10,2,530,0,0,0,530
07/19/2008,MCI,MO,ACE,CE,Combined TRACON& Tower with Radar,323,104,9,0,436,0,0,33,0,33,323,104,42,0,469,0,0,0,469
07/20/2008,MCI,MO,ACE,CE,Combined TRACON& Tower with Radar,308,104,4,0,416,0,0,2,0,2,308,104,6,0,418,0,0,0,418
07/21/2008,MCI,MO,ACE,CE,Combined TRACON& Tower with Radar,352,124,8,2,486,0,0,5,0,5,352,124,13,2,491,0,0,0,491
07/22/2008,MCI,MO,ACE,CE,Combined TRACON& Tower with Radar,368,111,11,0,490,0,0,1,0,1,368,111,12,0,491,0,0,0,491
07/23/2008,MCI,MO,ACE,CE,Combined TRACON& Tower with Radar,362,126,8,0,496,0,0,1,0,1,362,126,9,0,497,0,0,0,497
07/24/2008,MCI,MO,ACE,CE,Combined TRACON& Tower with Radar,363,114,18,0,495,0,0,2,0,2,363,114,20,0,497,0,0,0,497
07/25/2008,MCI,MO,ACE,CE,Combined TRACON& Tower with Radar,372,126,9,0,507,0,0,9,0,9,372,126,18,0,516,0,0,0,516
07/26/2008,MCI,MO,ACE,CE,Combined TRACON& Tower with Radar,311,89,8,1,409,0,0,8,0,8,311,89,16,1,417,0,0,0,417
07/27/2008,MCI,MO,ACE,CE,Combined TRACON& Tower with Radar,313,97,10,1,421,0,0,6,0,6,313,97,16,1,427,0,0,0,427
07/28/2008,MCI,MO,ACE,CE,Combined TRACON& Tower with Radar,352,119,10,4,485,0,0,0,0,0,352,119,10,4,485,0,0,0,485
07/29/2008,MCI,MO,ACE,CE,Combined TRACON& Tower with Radar,364,116,15,0,495,0,0,21,0,21,364,116,36,0,516,0,0,0,516
07/30/2008,MCI,MO,ACE,CE,Combined TRACON& Tower with Radar,369,118,5,0,492,0,0,1,0,1,369,118,6,0,493,0,0,0,493
07/31/2008,MCI,MO,ACE,CE,Combined TRACON& Tower with Radar,352,120,16,16,504,0,0,8,0,8,352,120,24,16,512,0,0,0,512
08/01/2008,MCI,MO,ACE,CE,Combined TRACON& Tower with Radar,366,125,11,4,506,0,0,3,0,3,366,125,14,4,509,0,0,0,509
08/02/2008,MCI,MO,ACE,CE,Combined TRACON& Tower with Radar,309,90,8,9,416,0,0,13,0,13,309,90,21,9,429,0,0,0,429
08/03/2008,MCI,MO,ACE,CE,Combined TRACON& Tower with Radar,317,99,11,0,427,0,0,9,0,9,317,99,20,0,436,0,0,0,436
08/04/2008,MCI,MO,ACE,CE,Combined TRACON& Tower with Radar,343,117,4,2,466,0,0,13,0,13,343,117,17,2,479,0,0,0,479
08/05/2008,MCI,MO,ACE,CE,Combined TRACON& Tower with Radar,363,104,9,2,478,0,0,6,0,6,363,104,15,2,484,0,0,0,484
08/06/2008,MCI,MO,ACE,CE,Combined TRACON& Tower with Radar,363,119,7,0,489,0,0,7,0,7,363,119,14,0,496,0,0,0,496
08/07/2008,MCI,MO,ACE,CE,Combined TRACON& Tower with Radar,371,118,13,2,504,0,0,3,0,3,371,118,16,2,507,0,0,0,507
08/08/2008,MCI,MO,ACE,CE,Combined TRACON& Tower with Radar,359,121,14,1,495,0,2,12,0,14,359,123,26,1,509,0,0,0,509
08/09/2008,MCI,MO,ACE,CE,Combined TRACON& Tower with Radar,312,85,5,0,402,0,0,3,0,3,312,85,8,0,405,0,0,0,405
08/10/2008,MCI,MO,ACE,CE,Combined TRACON& Tower with Radar,304,99,14,0,417,0,0,6,0,6,304,99,20,0,423,0,0,0,423
08/11/2008,MCI,MO,ACE,CE,Combined TRACON& Tower with Radar,340,124,15,0,479,0,0,5,0,5,340,124,20,0,484,0,0,0,484
08/12/2008,MCI,MO,ACE,CE,Combined TRACON& Tower with Radar,358,115,8,2,483,0,0,3,0,3,358,115,11,2,486,0,0,0,486
08/13/2008,MCI,MO,ACE,CE,Combined TRACON& Tower with Radar,357,125,15,0,497,0,0,13,2,15,357,125,28,2,512,0,0,0,512
08/14/2008,MCI,MO,ACE,CE,Combined TRACON& Tower with Radar,349,120,7,0,476,0,0,10,0,10,349,120,17,0,486,0,0,0,486
08/15/2008,MCI,MO,ACE,CE,Combined TRACON& Tower with Radar,370,124,15,2,511,0,0,4,0,4,370,124,19,2,515,0,0,0,515
08/16/2008,MCI,MO,ACE,CE,Combined TRACON& Tower with Radar,310,90,7,2,409,0,0,14,0,14,310,90,21,2,423,0,0,0,423
08/17/2008,MCI,MO,ACE,CE,Combined TRACON& Tower with Radar,310,104,9,0,423,0,0,3,0,3,310,104,12,0,426,0,0,0,426
08/18/2008,MCI,MO,ACE,CE,Combined TRACON& Tower with Radar,346,125,10,0,481,0,0,6,0,6,346,125,16,0,487,0,0,0,487
08/19/2008,MCI,MO,ACE,CE,Combined TRACON& Tower with Radar,347,111,14,4,476,0,0,8,0,8,347,111,22,4,484,0,0,0,484
08/20/2008,MCI,MO,ACE,CE,Combined TRACON& Tower with Radar,341,119,20,8,488,0,0,2,0,2,341,119,22,8,490,0,0,0,490
08/21/2008,MCI,MO,ACE,CE,Combined TRACON& Tower with Radar,337,117,9,6,469,0,0,5,0,5,337,117,14,6,474,0,0,0,474
08/22/2008,MCI,MO,ACE,CE,Combined TRACON& Tower with Radar,359,113,27,1,500,0,0,10,0,10,359,113,37,1,510,0,0,0,510
08/23/2008,MCI,MO,ACE,CE,Combined TRACON& Tower with Radar,274,86,20,2,382,0,0,4,0,4,274,86,24,2,386,0,0,0,386
08/24/2008,MCI,MO,ACE,CE,Combined TRACON& Tower with Radar,288,101,24,5,418,0,0,11,0,11,288,101,35,5,429,0,0,0,429
08/25/2008,MCI,MO,ACE,CE,Combined TRACON& Tower with Radar,334,123,12,0,469,0,0,4,0,4,334,123,16,0,473,0,0,0,473
08/26/2008,MCI,MO,ACE,CE,Combined TRACON& Tower with Radar,333,107,22,0,462,0,0,7,0,7,333,107,29,0,469,0,0,0,469
08/27/2008,MCI,MO,ACE,CE,Combined TRACON& Tower with Radar,349,113,22,4,488,0,0,4,0,4,349,113,26,4,492,0,0,0,492
08/28/2008,MCI,MO,ACE,CE,Combined TRACON& Tower with Radar,348,111,25,0,484,0,0,2,0,2,348,111,27,0,486,0,0,0,486
08/29/2008,MCI,MO,ACE,CE,Combined TRACON& Tower with Radar,348,115,9,0,472,0,2,9,0,11,348,117,18,0,483,0,0,0,483
08/30/2008,MCI,MO,ACE,CE,Combined TRACON& Tower with Radar,251,72,2,0,325,0,0,4,0,4,251,72,6,0,329,0,0,0,329
08/31/2008,MCI,MO,ACE,CE,Combined TRACON& Tower with Radar,204,74,5,0,283,0,0,7,0,7,204,74,12,0,290,0,0,0,290
09/01/2008,MCI,MO,ACE,CE,Combined TRACON& Tower with Radar,280,90,15,0,385,0,0,7,0,7,280,90,22,0,392,0,0,0,392
09/02/2008,MCI,MO,ACE,CE,Combined TRACON& Tower with Radar,337,110,15,0,462,0,0,6,0,6,337,110,21,0,468,0,0,0,468
09/03/2008,MCI,MO,ACE,CE,Combined TRACON& Tower with Radar,345,97,8,0,450,0,0,1,0,1,345,97,9,0,451,0,0,0,451
09/04/2008,MCI,MO,ACE,CE,Combined TRACON& Tower with Radar,333,108,16,0,457,0,0,0,0,0,333,108,16,0,457,0,0,0,457
09/05/2008,MCI,MO,ACE,CE,Combined TRACON& Tower with Radar,344,120,24,6,494,0,2,4,0,6,344,122,28,6,500,0,0,0,500
09/06/2008,MCI,MO,ACE,CE,Combined TRACON& Tower with Radar,264,58,3,2,327,0,0,0,0,0,264,58,3,2,327,0,0,0,327
09/07/2008,MCI,MO,ACE,CE,Combined TRACON& Tower with Radar,281,86,15,2,384,0,0,4,0,4,281,86,19,2,388,0,0,0,388
09/08/2008,MCI,MO,ACE,CE,Combined TRACON& Tower with Radar,312,97,13,4,426,0,0,0,0,0,312,97,13,4,426,0,0,0,426
09/09/2008,MCI,MO,ACE,CE,Combined TRACON& Tower with Radar,334,91,23,16,464,0,0,2,0,2,334,91,25,16,466,0,0,0,466
09/10/2008,MCI,MO,ACE,CE,Combined TRACON& Tower with Radar,334,109,9,6,458,0,0,4,0,4,334,109,13,6,462,0,0,0,462
09/11/2008,MCI,MO,ACE,CE,Combined TRACON& Tower with Radar,326,108,22,0,456,0,0,2,0,2,326,108,24,0,458,0,0,0,458
09/12/2008,MCI,MO,ACE,CE,Combined TRACON& Tower with Radar,328,95,13,0,436,0,0,0,0,0,328,95,13,0,436,0,0,0,436
09/13/2008,MCI,MO,ACE,CE,Combined TRACON& Tower with Radar,256,57,4,2,319,0,0,0,0,0,256,57,4,2,319,0,0,0,319
09/14/2008,MCI,MO,ACE,CE,Combined TRACON& Tower with Radar,270,59,5,0,334,0,0,6,0,6,270,59,11,0,340,0,0,0,340
09/15/2008,MCI,MO,ACE,CE,Combined TRACON& Tower with Radar,317,100,14,0,431,0,0,22,0,22,317,100,36,0,453,2,0,2,455
09/16/2008,MCI,MO,ACE,CE,Combined TRACON& Tower with Radar,328,98,22,0,448,0,0,5,0,5,328,98,27,0,453,0,0,0,453
09/17/2008,MCI,MO,ACE,CE,Combined TRACON& Tower with Radar,332,92,14,0,438,0,2,20,0,22,332,94,34,0,460,12,0,12,472
09/18/2008,MCI,MO,ACE,CE,Combined TRACON& Tower with Radar,324,101,21,2,448,0,0,5,0,5,324,101,26,2,453,0,0,0,453
09/19/2008,MCI,MO,ACE,CE,Combined TRACON& Tower with Radar,327,99,14,4,444,0,0,9,0,9,327,99,23,4,453,0,0,0,453
09/20/2008,MCI,MO,ACE,CE,Combined TRACON& Tower with Radar,252,63,2,2,319,0,0,13,0,13,252,63,15,2,332,0,0,0,332
09/21/2008,MCI,MO,ACE,CE,Combined TRACON& Tower with Radar,268,78,5,0,351,0,0,23,0,23,268,78,28,0,374,0,0,0,374
09/22/2008,MCI,MO,ACE,CE,Combined TRACON& Tower with Radar,317,100,6,2,425,0,3,4,0,7,317,103,10,2,432,0,0,0,432
09/23/2008,MCI,MO,ACE,CE,Combined TRACON& Tower with Radar,331,90,11,0,432,0,0,4,0,4,331,90,15,0,436,0,0,0,436
09/24/2008,MCI,MO,ACE,CE,Combined TRACON& Tower with Radar,328,104,21,6,459,5,0,10,0,15,333,104,31,6,474,0,0,0,474
09/25/2008,MCI,MO,ACE,CE,Combined TRACON& Tower with Radar,327,111,25,4,467,0,2,19,0,21,327,113,44,4,488,0,0,0,488
09/26/2008,MCI,MO,ACE,CE,Combined TRACON& Tower with Radar,334,104,21,6,465,0,2,14,0,16,334,106,35,6,481,0,0,0,481
09/27/2008,MCI,MO,ACE,CE,Combined TRACON& Tower with Radar,252,62,18,0,332,0,0,17,0,17,252,62,35,0,349,0,0,0,349
09/28/2008,MCI,MO,ACE,CE,Combined TRACON& Tower with Radar,270,92,33,0,395,0,0,17,0,17,270,92,50,0,412,0,0,0,412
09/29/2008,MCI,MO,ACE,CE,Combined TRACON& Tower with Radar,319,99,12,2,432,0,1,0,0,1,319,100,12,2,433,0,0,0,433
09/30/2008,MCI,MO,ACE,CE,Combined TRACON& Tower with Radar,321,90,8,3,422,0,1,10,0,11,321,91,18,3,433,0,0,0,433
10/01/2008,MCI,MO,ACE,CE,Combined TRACON& Tower with Radar,320,95,17,1,433,0,9,2,0,11,320,104,19,1,444,0,0,0,444
10/02/2008,MCI,MO,ACE,CE,Combined TRACON& Tower with Radar,321,102,9,0,432,0,2,15,0,17,321,104,24,0,449,0,0,0,449
10/03/2008,MCI,MO,ACE,CE,Combined TRACON& Tower with Radar,325,94,13,0,432,0,2,10,0,12,325,96,23,0,444,0,0,0,444
10/04/2008,MCI,MO,ACE,CE,Combined TRACON& Tower with Radar,255,63,3,0,321,0,0,3,0,3,255,63,6,0,324,0,0,0,324
10/05/2008,MCI,MO,ACE,CE,Combined TRACON& Tower with Radar,273,82,2,0,357,0,0,4,0,4,273,82,6,0,361,0,0,0,361
10/06/2008,MCI,MO,ACE,CE,Combined TRACON& Tower with Radar,319,94,11,0,424,0,0,2,0,2,319,94,13,0,426,0,0,0,426
10/07/2008,MCI,MO,ACE,CE,Combined TRACON& Tower with Radar,328,86,18,3,435,0,0,6,0,6,328,86,24,3,441,0,0,0,441
10/08/2008,MCI,MO,ACE,CE,Combined TRACON& Tower with Radar,324,90,20,4,438,0,0,8,0,8,324,90,28,4,446,0,0,0,446
10/09/2008,MCI,MO,ACE,CE,Combined TRACON& Tower with Radar,327,101,14,3,445,0,0,6,0,6,327,101,20,3,451,0,0,0,451
10/10/2008,MCI,MO,ACE,CE,Combined TRACON& Tower with Radar,340,102,13,1,456,0,0,9,2,11,340,102,22,3,467,0,0,0,467
10/11/2008,MCI,MO,ACE,CE,Combined TRACON& Tower with Radar,253,63,3,0,319,0,0,7,0,7,253,63,10,0,326,0,0,0,326
10/12/2008,MCI,MO,ACE,CE,Combined TRACON& Tower with Radar,275,82,11,0,368,0,0,0,0,0,275,82,11,0,368,0,0,0,368
10/13/2008,MCI,MO,ACE,CE,Combined TRACON& Tower with Radar,313,103,17,0,433,0,0,1,0,1,313,103,18,0,434,0,0,0,434
10/14/2008,MCI,MO,ACE,CE,Combined TRACON& Tower with Radar,325,92,10,16,443,0,1,0,0,1,325,93,10,16,444,0,0,0,444
10/15/2008,MCI,MO,ACE,CE,Combined TRACON& Tower with Radar,321,89,21,4,435,0,0,0,0,0,321,89,21,4,435,0,0,0,435
10/16/2008,MCI,MO,ACE,CE,Combined TRACON& Tower with Radar,320,94,44,2,460,0,0,3,2,5,320,94,47,4,465,0,0,0,465
10/17/2008,MCI,MO,ACE,CE,Combined TRACON& Tower with Radar,332,99,14,0,445,0,0,4,0,4,332,99,18,0,449,0,0,0,449
10/18/2008,MCI,MO,ACE,CE,Combined TRACON& Tower with Radar,264,60,9,0,333,0,0,10,0,10,264,60,19,0,343,0,0,0,343
10/19/2008,MCI,MO,ACE,CE,Combined TRACON& Tower with Radar,270,77,8,1,356,0,2,2,0,4,270,79,10,1,360,0,0,0,360
10/20/2008,MCI,MO,ACE,CE,Combined TRACON& Tower with Radar,322,93,18,16,449,0,0,4,0,4,322,93,22,16,453,0,0,0,453
10/21/2008,MCI,MO,ACE,CE,Combined TRACON& Tower with Radar,319,89,20,4,432,0,0,0,0,0,319,89,20,4,432,0,0,0,432
10/22/2008,MCI,MO,ACE,CE,Combined TRACON& Tower with Radar,329,86,7,4,426,0,0,0,0,0,329,86,7,4,426,0,0,0,426
10/23/2008,MCI,MO,ACE,CE,Combined TRACON& Tower with Radar,326,101,9,0,436,0,0,0,0,0,326,101,9,0,436,0,0,0,436
10/24/2008,MCI,MO,ACE,CE,Combined TRACON& Tower with Radar,325,94,12,1,432,0,0,6,0,6,325,94,18,1,438,0,0,0,438
10/25/2008,MCI,MO,ACE,CE,Combined TRACON& Tower with Radar,263,67,3,0,333,0,2,5,0,7,263,69,8,0,340,0,0,0,340
10/26/2008,MCI,MO,ACE,CE,Combined TRACON& Tower with Radar,277,90,8,3,378,0,0,5,0,5,277,90,13,3,383,0,0,0,383
10/27/2008,MCI,MO,ACE,CE,Combined TRACON& Tower with Radar,314,98,12,0,424,0,0,6,0,6,314,98,18,0,430,0,0,0,430
10/28/2008,MCI,MO,ACE,CE,Combined TRACON& Tower with Radar,322,87,11,5,425,0,0,18,0,18,322,87,29,5,443,0,0,0,443
10/29/2008,MCI,MO,ACE,CE,Combined TRACON& Tower with Radar,330,91,10,4,435,0,0,10,0,10,330,91,20,4,445,0,0,0,445
10/30/2008,MCI,MO,ACE,CE,Combined TRACON& Tower with Radar,323,100,13,1,437,0,0,4,0,4,323,100,17,1,441,0,0,0,441
10/31/2008,MCI,MO,ACE,CE,Combined TRACON& Tower with Radar,326,98,5,2,431,0,0,11,0,11,326,98,16,2,442,0,0,0,442
11/01/2008,MCI,MO,ACE,CE,Combined TRACON& Tower with Radar,252,59,12,2,325,0,0,5,0,5,252,59,17,2,330,0,0,0,330
11/02/2008,MCI,MO,ACE,CE,Combined TRACON& Tower with Radar,259,86,3,2,350,0,1,10,0,11,259,87,13,2,361,0,0,0,361
11/03/2008,MCI,MO,ACE,CE,Combined TRACON& Tower with Radar,303,113,12,2,430,0,0,8,0,8,303,113,20,2,438,0,0,0,438
11/04/2008,MCI,MO,ACE,CE,Combined TRACON& Tower with Radar,322,107,8,0,437,0,0,3,0,3,322,107,11,0,440,0,0,0,440
11/05/2008,MCI,MO,ACE,CE,Combined TRACON& Tower with Radar,316,107,20,0,443,0,0,5,0,5,316,107,25,0,448,0,0,0,448
11/06/2008,MCI,MO,ACE,CE,Combined TRACON& Tower with Radar,323,105,22,0,450,0,0,13,0,13,323,105,35,0,463,0,0,0,463
11/07/2008,MCI,MO,ACE,CE,Combined TRACON& Tower with Radar,323,104,13,0,440,0,0,3,0,3,323,104,16,0,443,0,0,0,443
11/08/2008,MCI,MO,ACE,CE,Combined TRACON& Tower with Radar,251,77,18,0,346,0,0,8,0,8,251,77,26,0,354,0,0,0,354
11/09/2008,MCI,MO,ACE,CE,Combined TRACON& Tower with Radar,262,89,27,0,378,0,2,10,0,12,262,91,37,0,390,0,0,0,390
11/10/2008,MCI,MO,ACE,CE,Combined TRACON& Tower with Radar,311,106,26,4,447,0,2,8,0,10,311,108,34,4,457,0,0,0,457
11/11/2008,MCI,MO,ACE,CE,Combined TRACON& Tower with Radar,320,109,27,0,456,0,0,0,0,0,320,109,27,0,456,0,0,0,456
11/12/2008,MCI,MO,ACE,CE,Combined TRACON& Tower with Radar,317,112,25,0,454,0,2,3,0,5,317,114,28,0,459,0,0,0,459
11/13/2008,MCI,MO,ACE,CE,Combined TRACON& Tower with Radar,321,123,29,0,473,0,3,11,0,14,321,126,40,0,487,0,0,0,487
11/14/2008,MCI,MO,ACE,CE,Combined TRACON& Tower with Radar,318,125,27,0,470,0,0,2,0,2,318,125,29,0,472,0,0,0,472
11/15/2008,MCI,MO,ACE,CE,Combined TRACON& Tower with Radar,263,75,5,1,344,0,2,4,0,6,263,77,9,1,350,0,0,0,350
11/16/2008,MCI,MO,ACE,CE,Combined TRACON& Tower with Radar,263,94,13,1,371,0,0,9,0,9,263,94,22,1,380,0,0,0,380
11/17/2008,MCI,MO,ACE,CE,Combined TRACON& Tower with Radar,305,114,13,4,436,0,0,3,0,3,305,114,16,4,439,0,0,0,439
11/18/2008,MCI,MO,ACE,CE,Combined TRACON& Tower with Radar,320,113,26,0,459,0,3,8,0,11,320,116,34,0,470,0,0,0,470
11/19/2008,MCI,MO,ACE,CE,Combined TRACON& Tower with Radar,319,113,20,2,454,0,2,12,0,14,319,115,32,2,468,0,0,0,468
11/20/2008,MCI,MO,ACE,CE,Combined TRACON& Tower with Radar,320,121,25,3,469,0,4,2,0,6,320,125,27,3,475,0,0,0,475
11/21/2008,MCI,MO,ACE,CE,Combined TRACON& Tower with Radar,319,121,11,0,451,0,0,5,0,5,319,121,16,0,456,0,0,0,456
11/22/2008,MCI,MO,ACE,CE,Combined TRACON& Tower with Radar,265,77,14,0,356,0,4,5,0,9,265,81,19,0,365,0,0,0,365
11/23/2008,MCI,MO,ACE,CE,Combined TRACON& Tower with Radar,271,93,9,0,373,0,0,3,0,3,271,93,12,0,376,0,0,0,376
11/24/2008,MCI,MO,ACE,CE,Combined TRACON& Tower with Radar,301,107,11,9,428,0,1,7,1,9,301,108,18,10,437,0,0,0,437
11/25/2008,MCI,MO,ACE,CE,Combined TRACON& Tower with Radar,335,111,15,1,462,0,0,10,0,10,335,111,25,1,472,0,0,0,472
11/26/2008,MCI,MO,ACE,CE,Combined TRACON& Tower with Radar,336,113,11,0,460,0,0,14,0,14,336,113,25,0,474,0,0,0,474
11/27/2008,MCI,MO,ACE,CE,Combined TRACON& Tower with Radar,199,71,1,0,271,0,0,0,0,0,199,71,1,0,271,0,0,0,271
11/28/2008,MCI,MO,ACE,CE,Combined TRACON& Tower with Radar,208,79,4,0,291,0,1,3,0,4,208,80,7,0,295,0,0,0,295
11/29/2008,MCI,MO,ACE,CE,Combined TRACON& Tower with Radar,262,79,4,0,345,0,0,6,0,6,262,79,10,0,351,0,0,0,351
11/30/2008,MCI,MO,ACE,CE,Combined TRACON& Tower with Radar,294,93,14,0,401,0,0,1,0,1,294,93,15,0,402,0,0,0,402
12/01/2008,MCI,MO,ACE,CE,Combined TRACON& Tower with Radar,301,112,22,2,437,0,2,4,0,6,301,114,26,2,443,0,0,0,443
12/02/2008,MCI,MO,ACE,CE,Combined TRACON& Tower with Radar,346,103,19,4,472,0,1,7,0,8,346,104,26,4,480,0,0,0,480
12/03/2008,MCI,MO,ACE,CE,Combined TRACON& Tower with Radar,312,103,10,6,431,0,0,2,0,2,312,103,12,6,433,0,0,0,433
12/04/2008,MCI,MO,ACE,CE,Combined TRACON& Tower with Radar,318,108,13,10,449,0,2,2,0,4,318,110,15,10,453,0,0,0,453
12/05/2008,MCI,MO,ACE,CE,Combined TRACON& Tower with Radar,324,112,19,5,460,0,0,9,0,9,324,112,28,5,469,0,0,0,469
12/06/2008,MCI,MO,ACE,CE,Combined TRACON& Tower with Radar,243,71,11,0,325,0,4,8,2,14,243,75,19,2,339,0,0,0,339
12/07/2008,MCI,MO,ACE,CE,Combined TRACON& Tower with Radar,256,86,7,0,349,0,0,6,0,6,256,86,13,0,355,0,0,0,355
12/08/2008,MCI,MO,ACE,CE,Combined TRACON& Tower with Radar,294,108,11,13,426,0,2,0,0,2,294,110,11,13,428,0,0,0,428
12/09/2008,MCI,MO,ACE,CE,Combined TRACON& Tower with Radar,313,116,16,0,445,0,0,0,0,0,313,116,16,0,445,0,0,0,445
12/10/2008,MCI,MO,ACE,CE,Combined TRACON& Tower with Radar,314,117,25,4,460,0,0,7,0,7,314,117,32,4,467,0,0,0,467
12/11/2008,MCI,MO,ACE,CE,Combined TRACON& Tower with Radar,306,106,14,1,427,0,0,9,0,9,306,106,23,1,436,0,0,0,436
12/12/2008,MCI,MO,ACE,CE,Combined TRACON& Tower with Radar,320,108,21,1,450,0,2,10,0,12,320,110,31,1,462,0,0,0,462
12/13/2008,MCI,MO,ACE,CE,Combined TRACON& Tower with Radar,236,73,1,0,310,0,0,3,0,3,236,73,4,0,313,0,0,0,313
12/14/2008,MCI,MO,ACE,CE,Combined TRACON& Tower with Radar,253,87,3,0,343,0,0,3,0,3,253,87,6,0,346,0,0,0,346
12/15/2008,MCI,MO,ACE,CE,Combined TRACON& Tower with Radar,304,103,6,6,419,0,0,0,2,2,304,103,6,8,421,0,0,0,421
12/16/2008,MCI,MO,ACE,CE,Combined TRACON& Tower with Radar,316,102,3,0,421,0,0,0,0,0,316,102,3,0,421,0,0,0,421
12/17/2008,MCI,MO,ACE,CE,Combined TRACON& Tower with Radar,314,122,9,0,445,0,2,8,0,10,314,124,17,0,455,0,0,0,455
12/18/2008,MCI,MO,ACE,CE,Combined TRACON& Tower with Radar,300,97,9,0,406,0,0,0,0,0,300,97,9,0,406,0,0,0,406
12/19/2008,MCI,MO,ACE,CE,Combined TRACON& Tower with Radar,326,92,8,0,426,0,0,13,0,13,326,92,21,0,439,0,0,0,439
12/20/2008,MCI,MO,ACE,CE,Combined TRACON& Tower with Radar,266,78,3,0,347,0,0,4,0,4,266,78,7,0,351,0,0,0,351
12/21/2008,MCI,MO,ACE,CE,Combined TRACON& Tower with Radar,260,78,7,0,345,0,0,4,0,4,260,78,11,0,349,0,0,0,349
12/22/2008,MCI,MO,ACE,CE,Combined TRACON& Tower with Radar,297,107,9,3,416,0,0,2,0,2,297,107,11,3,418,0,0,0,418
12/23/2008,MCI,MO,ACE,CE,Combined TRACON& Tower with Radar,297,108,1,0,406,0,0,0,0,0,297,108,1,0,406,0,0,0,406
12/24/2008,MCI,MO,ACE,CE,Combined TRACON& Tower with Radar,279,102,4,0,385,0,0,5,0,5,279,102,9,0,390,0,0,0,390
12/25/2008,MCI,MO,ACE,CE,Combined TRACON& Tower with Radar,235,84,1,0,320,0,0,0,0,0,235,84,1,0,320,0,0,0,320
12/26/2008,MCI,MO,ACE,CE,Combined TRACON& Tower with Radar,283,95,7,0,385,0,0,3,0,3,283,95,10,0,388,0,0,0,388
12/27/2008,MCI,MO,ACE,CE,Combined TRACON& Tower with Radar,269,74,6,0,349,0,0,0,0,0,269,74,6,0,349,0,0,0,349
12/28/2008,MCI,MO,ACE,CE,Combined TRACON& Tower with Radar,275,94,10,0,379,0,2,15,0,17,275,96,25,0,396,0,0,0,396
12/29/2008,MCI,MO,ACE,CE,Combined TRACON& Tower with Radar,290,113,6,0,409,0,1,5,0,6,290,114,11,0,415,0,0,0,415
12/30/2008,MCI,MO,ACE,CE,Combined TRACON& Tower with Radar,305,105,3,2,415,0,0,2,1,3,305,105,5,3,418,0,0,0,418
12/31/2008,MCI,MO,ACE,CE,Combined TRACON& Tower with Radar,266,98,4,0,368,0,0,12,0,12,266,98,16,0,380,0,0,0,380
01/01/2009,MCI,MO,ACE,CE,Combined TRACON& Tower with Radar,233,96,4,0,333,0,0,9,0,9,233,96,13,0,342,0,0,0,342
01/02/2009,MCI,MO,ACE,CE,Combined TRACON& Tower with Radar,292,107,7,0,406,0,0,3,0,3,292,107,10,0,409,0,0,0,409
01/03/2009,MCI,MO,ACE,CE,Combined TRACON& Tower with Radar,265,76,3,0,344,0,0,2,0,2,265,76,5,0,346,0,0,0,346
01/04/2009,MCI,MO,ACE,CE,Combined TRACON& Tower with Radar,267,95,10,0,372,0,0,6,0,6,267,95,16,0,378,0,0,0,378
01/05/2009,MCI,MO,ACE,CE,Combined TRACON& Tower with Radar,285,115,4,0,404,0,0,6,0,6,285,115,10,0,410,0,0,0,410
01/06/2009,MCI,MO,ACE,CE,Combined TRACON& Tower with Radar,299,103,5,0,407,0,0,0,0,0,299,103,5,0,407,0,0,0,407
01/07/2009,MCI,MO,ACE,CE,Combined TRACON& Tower with Radar,291,107,7,0,405,0,0,24,0,24,291,107,31,0,429,0,0,0,429
01/08/2009,MCI,MO,ACE,CE,Combined TRACON& Tower with Radar,310,112,31,1,454,0,0,16,0,16,310,112,47,1,470,0,0,0,470
01/09/2009,MCI,MO,ACE,CE,Combined TRACON& Tower with Radar,300,114,30,2,446,0,0,26,0,26,300,114,56,2,472,0,0,0,472
01/10/2009,MCI,MO,ACE,CE,Combined TRACON& Tower with Radar,225,65,9,2,301,0,0,9,0,9,225,65,18,2,310,0,0,0,310
01/11/2009,MCI,MO,ACE,CE,Combined TRACON& Tower with Radar,237,94,3,1,335,0,0,1,0,1,237,94,4,1,336,0,0,0,336
01/12/2009,MCI,MO,ACE,CE,Combined TRACON& Tower with Radar,284,110,5,0,399,0,0,3,0,3,284,110,8,0,402,0,0,0,402
01/13/2009,MCI,MO,ACE,CE,Combined TRACON& Tower with Radar,284,105,9,0,398,0,0,3,2,5,284,105,12,2,403,0,0,0,403
01/14/2009,MCI,MO,ACE,CE,Combined TRACON& Tower with Radar,296,106,12,4,418,0,0,2,0,2,296,106,14,4,420,0,0,0,420
01/15/2009,MCI,MO,ACE,CE,Combined TRACON& Tower with Radar,298,105,6,2,411,0,0,2,0,2,298,105,8,2,413,0,0,0,413
01/16/2009,MCI,MO,ACE,CE,Combined TRACON& Tower with Radar,292,112,12,0,416,0,0,8,0,8,292,112,20,0,424,0,0,0,424
01/17/2009,MCI,MO,ACE,CE,Combined TRACON& Tower with Radar,230,69,4,1,304,0,0,12,0,12,230,69,16,1,316,0,0,0,316
01/18/2009,MCI,MO,ACE,CE,Combined TRACON& Tower with Radar,234,91,1,2,328,0,0,4,0,4,234,91,5,2,332,0,0,0,332
01/19/2009,MCI,MO,ACE,CE,Combined TRACON& Tower with Radar,282,107,10,1,400,0,0,3,0,3,282,107,13,1,403,0,0,0,403
01/20/2009,MCI,MO,ACE,CE,Combined TRACON& Tower with Radar,291,113,4,2,410,0,0,16,0,16,291,113,20,2,426,0,0,0,426
01/21/2009,MCI,MO,ACE,CE,Combined TRACON& Tower with Radar,301,111,7,4,423,0,2,8,0,10,301,113,15,4,433,0,0,0,433
01/22/2009,MCI,MO,ACE,CE,Combined TRACON& Tower with Radar,295,112,14,0,421,0,0,13,0,13,295,112,27,0,434,0,0,0,434
01/23/2009,MCI,MO,ACE,CE,Combined TRACON& Tower with Radar,300,107,10,0,417,0,4,3,0,7,300,111,13,0,424,0,0,0,424
01/24/2009,MCI,MO,ACE,CE,Combined TRACON& Tower with Radar,233,68,6,0,307,0,2,2,0,4,233,70,8,0,311,0,0,0,311
01/25/2009,MCI,MO,ACE,CE,Combined TRACON& Tower with Radar,240,96,6,3,345,0,0,4,3,7,240,96,10,6,352,0,0,0,352
01/26/2009,MCI,MO,ACE,CE,Combined TRACON& Tower with Radar,284,115,8,4,411,0,0,0,0,0,284,115,8,4,411,0,0,0,411
01/27/2009,MCI,MO,ACE,CE,Combined TRACON& Tower with Radar,286,113,10,3,412,0,0,3,0,3,286,113,13,3,415,0,0,0,415
01/28/2009,MCI,MO,ACE,CE,Combined TRACON& Tower with Radar,299,104,8,4,415,0,2,2,0,4,299,106,10,4,419,0,0,0,419
01/29/2009,MCI,MO,ACE,CE,Combined TRACON& Tower with Radar,301,108,11,0,420,0,2,0,0,2,301,110,11,0,422,0,0,0,422
01/30/2009,MCI,MO,ACE,CE,Combined TRACON& Tower with Radar,301,116,9,0,426,0,4,0,1,5,301,120,9,1,431,0,0,0,431
01/31/2009,MCI,MO,ACE,CE,Combined TRACON& Tower with Radar,226,67,2,0,295,0,0,2,0,2,226,67,4,0,297,0,0,0,297
02/01/2009,MCI,MO,ACE,CE,Combined TRACON& Tower with Radar,242,102,4,0,348,0,4,3,0,7,242,106,7,0,355,0,0,0,355
02/02/2009,MCI,MO,ACE,CE,Combined TRACON& Tower with Radar,291,110,14,0,415,0,2,7,0,9,291,112,21,0,424,0,0,0,424
02/03/2009,MCI,MO,ACE,CE,Combined TRACON& Tower with Radar,290,98,9,1,398,0,6,6,0,12,290,104,15,1,410,0,0,0,410
02/04/2009,MCI,MO,ACE,CE,Combined TRACON& Tower with Radar,301,116,8,5,430,0,0,2,0,2,301,116,10,5,432,0,0,0,432
02/05/2009,MCI,MO,ACE,CE,Combined TRACON& Tower with Radar,295,112,16,0,423,0,9,20,0,29,295,121,36,0,452,0,0,0,452
02/06/2009,MCI,MO,ACE,CE,Combined TRACON& Tower with Radar,299,116,9,0,424,0,0,4,0,4,299,116,13,0,428,0,0,0,428
02/07/2009,MCI,MO,ACE,CE,Combined TRACON& Tower with Radar,228,72,4,0,304,0,0,10,0,10,228,72,14,0,314,0,0,0,314
02/08/2009,MCI,MO,ACE,CE,Combined TRACON& Tower with Radar,245,97,4,1,347,0,0,1,0,1,245,97,5,1,348,0,0,0,348
02/09/2009,MCI,MO,ACE,CE,Combined TRACON& Tower with Radar,281,116,21,11,429,0,0,1,0,1,281,116,22,11,430,0,0,0,430
02/10/2009,MCI,MO,ACE,CE,Combined TRACON& Tower with Radar,292,105,20,2,419,0,0,8,0,8,292,105,28,2,427,0,0,0,427
02/11/2009,MCI,MO,ACE,CE,Combined TRACON& Tower with Radar,284,119,10,8,421,0,2,6,1,9,284,121,16,9,430,0,0,0,430
02/12/2009,MCI,MO,ACE,CE,Combined TRACON& Tower with Radar,292,118,14,2,426,0,0,7,0,7,292,118,21,2,433,0,0,0,433
02/13/2009,MCI,MO,ACE,CE,Combined TRACON& Tower with Radar,295,131,9,0,435,0,1,0,0,1,295,132,9,0,436,0,0,0,436
02/14/2009,MCI,MO,ACE,CE,Combined TRACON& Tower with Radar,238,82,6,0,326,0,0,10,0,10,238,82,16,0,336,0,0,0,336
02/15/2009,MCI,MO,ACE,CE,Combined TRACON& Tower with Radar,231,94,1,0,326,0,0,6,0,6,231,94,7,0,332,0,0,0,332
02/16/2009,MCI,MO,ACE,CE,Combined TRACON& Tower with Radar,284,121,9,0,414,0,0,7,0,7,284,121,16,0,421,0,0,0,421
02/17/2009,MCI,MO,ACE,CE,Combined TRACON& Tower with Radar,288,119,12,12,431,0,0,1,0,1,288,119,13,12,432,0,0,0,432
02/18/2009,MCI,MO,ACE,CE,Combined TRACON& Tower with Radar,299,118,10,0,427,0,0,1,0,1,299,118,11,0,428,0,0,0,428
02/19/2009,MCI,MO,ACE,CE,Combined TRACON& Tower with Radar,300,121,12,0,433,0,2,5,0,7,300,123,17,0,440,0,0,0,440
02/20/2009,MCI,MO,ACE,CE,Combined TRACON& Tower with Radar,299,123,8,0,430,0,0,10,0,10,299,123,18,0,440,0,0,0,440
02/21/2009,MCI,MO,ACE,CE,Combined TRACON& Tower with Radar,227,80,1,0,308,0,0,1,0,1,227,80,2,0,309,0,0,0,309
02/22/2009,MCI,MO,ACE,CE,Combined TRACON& Tower with Radar,234,102,4,0,340,0,0,9,0,9,234,102,13,0,349,0,0,0,349
02/23/2009,MCI,MO,ACE,CE,Combined TRACON& Tower with Radar,283,118,10,6,417,0,0,9,2,11,283,118,19,8,428,0,0,0,428
02/24/2009,MCI,MO,ACE,CE,Combined TRACON& Tower with Radar,293,114,12,4,423,0,2,11,0,13,293,116,23,4,436,0,0,0,436
02/25/2009,MCI,MO,ACE,CE,Combined TRACON& Tower with Radar,296,117,10,0,423,0,0,11,2,13,296,117,21,2,436,0,0,0,436
02/26/2009,MCI,MO,ACE,CE,Combined TRACON& Tower with Radar,287,115,17,5,424,0,0,0,0,0,287,115,17,5,424,0,0,0,424
02/27/2009,MCI,MO,ACE,CE,Combined TRACON& Tower with Radar,306,118,5,2,431,0,0,6,0,6,306,118,11,2,437,0,0,0,437
02/28/2009,MCI,MO,ACE,CE,Combined TRACON& Tower with Radar,234,80,5,3,322,0,0,0,0,0,234,80,5,3,322,0,0,0,322
03/01/2009,MCI,MO,ACE,CE,Combined TRACON& Tower with Radar,217,101,2,1,321,0,0,1,0,1,217,101,3,1,322,0,0,0,322
03/02/2009,MCI,MO,ACE,CE,Combined TRACON& Tower with Radar,267,110,8,3,388,0,0,6,0,6,267,110,14,3,394,0,0,0,394
03/03/2009,MCI,MO,ACE,CE,Combined TRACON& Tower with Radar,293,113,14,8,428,0,0,5,2,7,293,113,19,10,435,4,0,4,439
03/04/2009,MCI,MO,ACE,CE,Combined TRACON& Tower with Radar,303,126,16,5,450,0,0,14,0,14,303,126,30,5,464,0,0,0,464
03/05/2009,MCI,MO,ACE,CE,Combined TRACON& Tower with Radar,293,125,16,2,436,0,0,6,0,6,293,125,22,2,442,0,0,0,442
03/06/2009,MCI,MO,ACE,CE,Combined TRACON& Tower with Radar,296,124,10,1,431,0,0,7,5,12,296,124,17,6,443,0,0,0,443
03/07/2009,MCI,MO,ACE,CE,Combined TRACON& Tower with Radar,246,74,9,0,329,0,0,1,0,1,246,74,10,0,330,0,0,0,330
03/08/2009,MCI,MO,ACE,CE,Combined TRACON& Tower with Radar,266,107,3,4,380,0,0,0,0,0,266,107,3,4,380,0,0,0,380
03/09/2009,MCI,MO,ACE,CE,Combined TRACON& Tower with Radar,280,125,17,6,428,0,0,5,0,5,280,125,22,6,433,0,0,0,433
03/10/2009,MCI,MO,ACE,CE,Combined TRACON& Tower with Radar,303,119,3,0,425,0,0,0,0,0,303,119,3,0,425,0,0,0,425
03/11/2009,MCI,MO,ACE,CE,Combined TRACON& Tower with Radar,292,128,8,4,432,0,2,11,0,13,292,130,19,4,445,0,0,0,445
03/12/2009,MCI,MO,ACE,CE,Combined TRACON& Tower with Radar,294,123,12,2,431,0,0,5,2,7,294,123,17,4,438,0,0,0,438
03/13/2009,MCI,MO,ACE,CE,Combined TRACON& Tower with Radar,292,122,16,4,434,0,0,7,0,7,292,122,23,4,441,0,0,0,441
03/14/2009,MCI,MO,ACE,CE,Combined TRACON& Tower with Radar,247,89,13,0,349,0,0,16,0,16,247,89,29,0,365,0,0,0,365
03/15/2009,MCI,MO,ACE,CE,Combined TRACON& Tower with Radar,251,107,5,1,364,0,0,8,0,8,251,107,13,1,372,0,0,0,372
03/16/2009,MCI,MO,ACE,CE,Combined TRACON& Tower with Radar,285,128,5,3,421,0,0,4,2,6,285,128,9,5,427,0,0,0,427
03/17/2009,MCI,MO,ACE,CE,Combined TRACON& Tower with Radar,299,126,11,0,436,0,1,11,0,12,299,127,22,0,448,0,0,0,448
03/18/2009,MCI,MO,ACE,CE,Combined TRACON& Tower with Radar,289,118,19,0,426,0,0,6,0,6,289,118,25,0,432,0,0,0,432
03/19/2009,MCI,MO,ACE,CE,Combined TRACON& Tower with Radar,295,133,7,2,437,0,0,11,0,11,295,133,18,2,448,0,0,0,448
03/20/2009,MCI,MO,ACE,CE,Combined TRACON& Tower with Radar,294,121,4,11,430,0,0,0,6,6,294,121,4,17,436,0,0,0,436
03/21/2009,MCI,MO,ACE,CE,Combined TRACON& Tower with Radar,249,89,13,4,355,0,0,10,0,10,249,89,23,4,365,0,0,0,365
03/22/2009,MCI,MO,ACE,CE,Combined TRACON& Tower with Radar,256,109,5,0,370,0,0,4,0,4,256,109,9,0,374,0,0,0,374
03/23/2009,MCI,MO,ACE,CE,Combined TRACON& Tower with Radar,278,128,12,0,418,0,0,0,0,0,278,128,12,0,418,0,0,0,418
03/24/2009,MCI,MO,ACE,CE,Combined TRACON& Tower with Radar,289,127,12,1,429,0,0,0,0,0,289,127,12,1,429,0,0,0,429
03/25/2009,MCI,MO,ACE,CE,Combined TRACON& Tower with Radar,280,132,27,0,439,0,2,3,2,7,280,134,30,2,446,0,0,0,446
03/26/2009,MCI,MO,ACE,CE,Combined TRACON& Tower with Radar,284,120,9,3,416,0,0,11,0,11,284,120,20,3,427,0,0,0,427
03/27/2009,MCI,MO,ACE,CE,Combined TRACON& Tower with Radar,299,121,10,3,433,0,0,4,0,4,299,121,14,3,437,0,0,0,437
03/28/2009,MCI,MO,ACE,CE,Combined TRACON& Tower with Radar,197,40,4,0,241,0,0,0,0,0,197,40,4,0,241,0,0,0,241
03/29/2009,MCI,MO,ACE,CE,Combined TRACON& Tower with Radar,257,107,8,1,373,0,2,6,0,8,257,109,14,1,381,0,0,0,381
03/30/2009,MCI,MO,ACE,CE,Combined TRACON& Tower with Radar,280,123,6,0,409,0,0,0,0,0,280,123,6,0,409,0,0,0,409
03/31/2009,MCI,MO,ACE,CE,Combined TRACON& Tower with Radar,294,123,14,0,431,0,2,10,0,12,294,125,24,0,443,12,0,12,455
04/01/2009,MCI,MO,ACE,CE,Combined TRACON& Tower with Radar,288,134,14,0,436,0,0,4,0,4,288,134,18,0,440,0,0,0,440
04/02/2009,MCI,MO,ACE,CE,Combined TRACON& Tower with Radar,293,119,7,0,419,0,0,3,0,3,293,119,10,0,422,0,0,0,422
04/03/2009,MCI,MO,ACE,CE,Combined TRACON& Tower with Radar,290,124,7,0,421,0,2,9,2,13,290,126,16,2,434,0,0,0,434
04/04/2009,MCI,MO,ACE,CE,Combined TRACON& Tower with Radar,247,73,4,0,324,0,0,6,0,6,247,73,10,0,330,0,0,0,330
04/05/2009,MCI,MO,ACE,CE,Combined TRACON& Tower with Radar,252,113,3,0,368,0,0,1,0,1,252,113,4,0,369,0,0,0,369
04/06/2009,MCI,MO,ACE,CE,Combined TRACON& Tower with Radar,281,121,7,2,411,0,0,4,0,4,281,121,11,2,415,0,0,0,415
04/07/2009,MCI,MO,ACE,CE,Combined TRACON& Tower with Radar,301,124,12,0,437,0,4,11,0,15,301,128,23,0,452,0,0,0,452
04/08/2009,MCI,MO,ACE,CE,Combined TRACON& Tower with Radar,299,124,14,2,439,0,2,9,0,11,299,126,23,2,450,0,0,0,450
04/09/2009,MCI,MO,ACE,CE,Combined TRACON& Tower with Radar,293,135,18,0,446,0,3,6,0,9,293,138,24,0,455,0,0,0,455
04/10/2009,MCI,MO,ACE,CE,Combined TRACON& Tower with Radar,299,127,6,0,432,0,0,1,0,1,299,127,7,0,433,0,0,0,433
04/11/2009,MCI,MO,ACE,CE,Combined TRACON& Tower with Radar,240,76,1,0,317,0,0,11,0,11,240,76,12,0,328,0,0,0,328
04/12/2009,MCI,MO,ACE,CE,Combined TRACON& Tower with Radar,255,107,3,0,365,0,0,14,0,14,255,107,17,0,379,0,0,0,379
04/13/2009,MCI,MO,ACE,CE,Combined TRACON& Tower with Radar,287,130,1,0,418,0,0,2,0,2,287,130,3,0,420,0,0,0,420
04/14/2009,MCI,MO,ACE,CE,Combined TRACON& Tower with Radar,294,131,17,0,442,0,0,3,0,3,294,131,20,0,445,0,0,0,445
04/15/2009,MCI,MO,ACE,CE,Combined TRACON& Tower with Radar,297,121,8,0,426,0,2,3,2,7,297,123,11,2,433,0,0,0,433
04/16/2009,MCI,MO,ACE,CE,Combined TRACON& Tower with Radar,303,130,12,4,449,0,0,4,0,4,303,130,16,4,453,0,0,0,453
04/17/2009,MCI,MO,ACE,CE,Combined TRACON& Tower with Radar,292,130,1,7,430,0,0,10,0,10,292,130,11,7,440,0,0,0,440
04/18/2009,MCI,MO,ACE,CE,Combined TRACON& Tower with Radar,250,79,8,0,337,0,0,0,0,0,250,79,8,0,337,0,0,0,337
04/19/2009,MCI,MO,ACE,CE,Combined TRACON& Tower with Radar,261,103,7,0,371,0,0,1,0,1,261,103,8,0,372,0,0,0,372
04/20/2009,MCI,MO,ACE,CE,Combined TRACON& Tower with Radar,292,131,11,2,436,0,0,11,0,11,292,131,22,2,447,0,0,0,447
04/21/2009,MCI,MO,ACE,CE,Combined TRACON& Tower with Radar,299,122,10,3,434,0,0,4,2,6,299,122,14,5,440,0,0,0,440
04/22/2009,MCI,MO,ACE,CE,Combined TRACON& Tower with Radar,298,128,14,4,444,0,2,8,0,10,298,130,22,4,454,0,0,0,454
04/23/2009,MCI,MO,ACE,CE,Combined TRACON& Tower with Radar,297,138,34,0,469,0,0,37,0,37,297,138,71,0,506,0,0,0,506
04/24/2009,MCI,MO,ACE,CE,Combined TRACON& Tower with Radar,298,126,43,2,469,0,0,37,3,40,298,126,80,5,509,0,0,0,509
04/25/2009,MCI,MO,ACE,CE,Combined TRACON& Tower with Radar,248,75,20,0,343,0,0,5,0,5,248,75,25,0,348,0,0,0,348
04/26/2009,MCI,MO,ACE,CE,Combined TRACON& Tower with Radar,245,106,22,2,375,0,0,5,0,5,245,106,27,2,380,0,0,0,380
04/27/2009,MCI,MO,ACE,CE,Combined TRACON& Tower with Radar,304,131,12,0,447,0,0,1,0,1,304,131,13,0,448,0,0,0,448
04/28/2009,MCI,MO,ACE,CE,Combined TRACON& Tower with Radar,308,126,17,4,455,0,0,11,0,11,308,126,28,4,466,0,0,0,466
04/29/2009,MCI,MO,ACE,CE,Combined TRACON& Tower with Radar,298,126,14,0,438,0,3,1,0,4,298,129,15,0,442,0,0,0,442
04/30/2009,MCI,MO,ACE,CE,Combined TRACON& Tower with Radar,294,133,8,0,435,0,2,4,0,6,294,135,12,0,441,0,0,0,441
05/01/2009,MCI,MO,ACE,CE,Combined TRACON& Tower with Radar,295,133,16,0,444,0,4,2,0,6,295,137,18,0,450,0,0,0,450
05/02/2009,MCI,MO,ACE,CE,Combined TRACON& Tower with Radar,253,71,10,0,334,0,0,13,0,13,253,71,23,0,347,0,0,0,347
05/03/2009,MCI,MO,ACE,CE,Combined TRACON& Tower with Radar,257,104,12,2,375,0,0,18,0,18,257,104,30,2,393,0,0,0,393
05/04/2009,MCI,MO,ACE,CE,Combined TRACON& Tower with Radar,291,129,8,2,430,0,0,5,0,5,291,129,13,2,435,0,0,0,435
05/05/2009,MCI,MO,ACE,CE,Combined TRACON& Tower with Radar,293,126,20,2,441,0,0,2,0,2,293,126,22,2,443,0,0,0,443
05/06/2009,MCI,MO,ACE,CE,Combined TRACON& Tower with Radar,294,122,15,0,431,0,0,4,0,4,294,122,19,0,435,0,0,0,435
05/07/2009,MCI,MO,ACE,CE,Combined TRACON& Tower with Radar,301,125,19,1,446,0,0,5,0,5,301,125,24,1,451,0,0,0,451
05/08/2009,MCI,MO,ACE,CE,Combined TRACON& Tower with Radar,300,132,16,4,452,0,0,0,0,0,300,132,16,4,452,0,0,0,452
05/09/2009,MCI,MO,ACE,CE,Combined TRACON& Tower with Radar,246,69,12,0,327,0,0,14,0,14,246,69,26,0,341,0,0,0,341
05/10/2009,MCI,MO,ACE,CE,Combined TRACON& Tower with Radar,274,102,2,0,378,0,0,2,0,2,274,102,4,0,380,0,0,0,380
05/11/2009,MCI,MO,ACE,CE,Combined TRACON& Tower with Radar,296,121,7,2,426,1,0,19,0,20,297,121,26,2,446,0,0,0,446
05/12/2009,MCI,MO,ACE,CE,Combined TRACON& Tower with Radar,302,124,10,0,436,0,0,4,0,4,302,124,14,0,440,0,0,0,440
05/13/2009,MCI,MO,ACE,CE,Combined TRACON& Tower with Radar,299,117,10,0,426,0,0,3,0,3,299,117,13,0,429,0,0,0,429
05/14/2009,MCI,MO,ACE,CE,Combined TRACON& Tower with Radar,312,123,13,2,450,0,0,4,0,4,312,123,17,2,454,0,0,0,454
05/15/2009,MCI,MO,ACE,CE,Combined TRACON& Tower with Radar,279,107,2,2,390,0,0,2,0,2,279,107,4,2,392,0,0,0,392
05/16/2009,MCI,MO,ACE,CE,Combined TRACON& Tower with Radar,280,79,7,0,366,0,0,14,0,14,280,79,21,0,380,0,0,0,380
05/17/2009,MCI,MO,ACE,CE,Combined TRACON& Tower with Radar,272,101,4,0,377,0,0,15,0,15,272,101,19,0,392,0,0,0,392
05/18/2009,MCI,MO,ACE,CE,Combined TRACON& Tower with Radar,297,122,5,2,426,0,0,7,0,7,297,122,12,2,433,0,0,0,433
05/19/2009,MCI,MO,ACE,CE,Combined TRACON& Tower with Radar,301,116,9,2,428,0,0,7,0,7,301,116,16,2,435,0,0,0,435
05/20/2009,MCI,MO,ACE,CE,Combined TRACON& Tower with Radar,310,121,11,2,444,0,0,4,2,6,310,121,15,4,450,0,0,0,450
05/21/2009,MCI,MO,ACE,CE,Combined TRACON& Tower with Radar,305,128,10,1,444,0,1,9,1,11,305,129,19,2,455,0,0,0,455
05/22/2009,MCI,MO,ACE,CE,Combined TRACON& Tower with Radar,311,126,12,0,449,0,2,7,0,9,311,128,19,0,458,0,0,0,458
05/23/2009,MCI,MO,ACE,CE,Combined TRACON& Tower with Radar,253,69,6,0,328,0,0,5,0,5,253,69,11,0,333,0,0,0,333
05/24/2009,MCI,MO,ACE,CE,Combined TRACON& Tower with Radar,232,80,6,0,318,0,0,4,0,4,232,80,10,0,322,0,0,0,322
05/25/2009,MCI,MO,ACE,CE,Combined TRACON& Tower with Radar,279,110,7,0,396,0,0,0,0,0,279,110,7,0,396,0,0,0,396
05/26/2009,MCI,MO,ACE,CE,Combined TRACON& Tower with Radar,305,120,6,0,431,0,0,1,0,1,305,120,7,0,432,0,0,0,432
05/27/2009,MCI,MO,ACE,CE,Combined TRACON& Tower with Radar,307,126,16,2,451,0,0,2,0,2,307,126,18,2,453,0,0,0,453
05/28/2009,MCI,MO,ACE,CE,Combined TRACON& Tower with Radar,307,120,7,0,434,0,2,8,0,10,307,122,15,0,444,0,0,0,444
05/29/2009,MCI,MO,ACE,CE,Combined TRACON& Tower with Radar,315,123,2,0,440,0,0,8,0,8,315,123,10,0,448,0,0,0,448
05/30/2009,MCI,MO,ACE,CE,Combined TRACON& Tower with Radar,256,78,1,0,335,0,0,22,0,22,256,78,23,0,357,0,0,0,357
05/31/2009,MCI,MO,ACE,CE,Combined TRACON& Tower with Radar,276,103,2,0,381,0,0,24,1,25,276,103,26,1,406,0,0,0,406
06/01/2009,MCI,MO,ACE,CE,Combined TRACON& Tower with Radar,302,119,12,0,433,0,0,4,1,5,302,119,16,1,438,0,0,0,438
06/02/2009,MCI,MO,ACE,CE,Combined TRACON& Tower with Radar,302,109,15,0,426,0,0,1,0,1,302,109,16,0,427,0,0,0,427
06/03/2009,MCI,MO,ACE,CE,Combined TRACON& Tower with Radar,302,127,22,0,451,0,0,17,0,17,302,127,39,0,468,0,0,0,468
06/04/2009,MCI,MO,ACE,CE,Combined TRACON& Tower with Radar,324,122,16,0,462,0,2,9,0,11,324,124,25,0,473,0,0,0,473
06/05/2009,MCI,MO,ACE,CE,Combined TRACON& Tower with Radar,323,118,19,0,460,0,0,4,0,4,323,118,23,0,464,0,0,0,464
06/06/2009,MCI,MO,ACE,CE,Combined TRACON& Tower with Radar,278,76,8,0,362,0,0,2,0,2,278,76,10,0,364,0,0,0,364
06/07/2009,MCI,MO,ACE,CE,Combined TRACON& Tower with Radar,290,104,7,0,401,0,2,7,0,9,290,106,14,0,410,0,0,0,410
06/08/2009,MCI,MO,ACE,CE,Combined TRACON& Tower with Radar,312,120,8,2,442,0,0,0,0,0,312,120,8,2,442,0,0,0,442
06/09/2009,MCI,MO,ACE,CE,Combined TRACON& Tower with Radar,313,101,21,0,435,0,0,4,0,4,313,101,25,0,439,0,0,0,439
06/10/2009,MCI,MO,ACE,CE,Combined TRACON& Tower with Radar,330,104,15,0,449,0,0,0,0,0,330,104,15,0,449,0,0,0,449
06/11/2009,MCI,MO,ACE,CE,Combined TRACON& Tower with Radar,328,108,21,2,459,0,0,3,0,3,328,108,24,2,462,0,0,0,462
06/12/2009,MCI,MO,ACE,CE,Combined TRACON& Tower with Radar,323,114,16,1,454,0,0,2,0,2,323,114,18,1,456,0,0,0,456
06/13/2009,MCI,MO,ACE,CE,Combined TRACON& Tower with Radar,278,77,9,0,364,0,0,2,0,2,278,77,11,0,366,0,0,0,366
06/14/2009,MCI,MO,ACE,CE,Combined TRACON& Tower with Radar,289,96,15,0,400,0,0,10,0,10,289,96,25,0,410,0,0,0,410
06/15/2009,MCI,MO,ACE,CE,Combined TRACON& Tower with Radar,316,112,12,1,441,0,0,0,0,0,316,112,12,1,441,0,0,0,441
06/16/2009,MCI,MO,ACE,CE,Combined TRACON& Tower with Radar,324,110,12,3,449,0,2,2,0,4,324,112,14,3,453,0,0,0,453
06/17/2009,MCI,MO,ACE,CE,Combined TRACON& Tower with Radar,332,114,13,0,459,0,0,2,0,2,332,114,15,0,461,0,0,0,461
06/18/2009,MCI,MO,ACE,CE,Combined TRACON& Tower with Radar,253,95,11,0,359,0,2,13,0,15,253,97,24,0,374,0,0,0,374
06/19/2009,MCI,MO,ACE,CE,Combined TRACON& Tower with Radar,340,118,1,0,459,0,0,3,0,3,340,118,4,0,462,0,0,0,462
06/20/2009,MCI,MO,ACE,CE,Combined TRACON& Tower with Radar,287,75,4,0,366,0,0,8,0,8,287,75,12,0,374,0,0,0,374
06/21/2009,MCI,MO,ACE,CE,Combined TRACON& Tower with Radar,293,98,8,0,399,0,0,3,0,3,293,98,11,0,402,0,0,0,402
06/22/2009,MCI,MO,ACE,CE,Combined TRACON& Tower with Radar,314,116,11,0,441,0,1,3,0,4,314,117,14,0,445,0,0,0,445
06/23/2009,MCI,MO,ACE,CE,Combined TRACON& Tower with Radar,340,116,6,2,464,0,0,3,0,3,340,116,9,2,467,0,0,0,467
06/24/2009,MCI,MO,ACE,CE,Combined TRACON& Tower with Radar,325,116,11,2,454,0,0,5,0,5,325,116,16,2,459,0,0,0,459
06/25/2009,MCI,MO,ACE,CE,Combined TRACON& Tower with Radar,322,110,8,0,440,0,0,6,0,6,322,110,14,0,446,0,0,0,446
06/26/2009,MCI,MO,ACE,CE,Combined TRACON& Tower with Radar,331,118,15,0,464,0,0,13,0,13,331,118,28,0,477,0,0,0,477
06/27/2009,MCI,MO,ACE,CE,Combined TRACON& Tower with Radar,282,75,3,0,360,0,0,2,0,2,282,75,5,0,362,0,0,0,362
06/28/2009,MCI,MO,ACE,CE,Combined TRACON& Tower with Radar,293,103,7,2,405,0,0,24,0,24,293,103,31,2,429,0,0,0,429
06/29/2009,MCI,MO,ACE,CE,Combined TRACON& Tower with Radar,311,109,12,0,432,0,0,2,0,2,311,109,14,0,434,0,0,0,434
06/30/2009,MCI,MO,ACE,CE,Combined TRACON& Tower with Radar,320,110,7,0,437,0,2,8,0,10,320,112,15,0,447,0,0,0,447
07/01/2009,MCI,MO,ACE,CE,Combined TRACON& Tower with Radar,325,102,14,8,449,0,2,5,0,7,325,104,19,8,456,0,0,0,456
07/02/2009,MCI,MO,ACE,CE,Combined TRACON& Tower with Radar,320,105,9,0,434,0,1,11,0,12,320,106,20,0,446,0,0,0,446
07/03/2009,MCI,MO,ACE,CE,Combined TRACON& Tower with Radar,322,94,2,0,418,0,2,4,0,6,322,96,6,0,424,0,0,0,424
07/04/2009,MCI,MO,ACE,CE,Combined TRACON& Tower with Radar,219,65,2,2,288,0,0,5,0,5,219,65,7,2,293,0,0,0,293
07/05/2009,MCI,MO,ACE,CE,Combined TRACON& Tower with Radar,290,96,10,0,396,0,0,15,0,15,290,96,25,0,411,0,0,0,411
07/06/2009,MCI,MO,ACE,CE,Combined TRACON& Tower with Radar,310,107,4,0,421,0,0,3,0,3,310,107,7,0,424,0,0,0,424
07/07/2009,MCI,MO,ACE,CE,Combined TRACON& Tower with Radar,324,107,11,0,442,0,2,3,0,5,324,109,14,0,447,0,0,0,447
07/08/2009,MCI,MO,ACE,CE,Combined TRACON& Tower with Radar,327,115,18,0,460,0,0,7,0,7,327,115,25,0,467,0,0,0,467
07/09/2009,MCI,MO,ACE,CE,Combined TRACON& Tower with Radar,323,111,14,2,450,0,1,7,0,8,323,112,21,2,458,0,0,0,458
07/10/2009,MCI,MO,ACE,CE,Combined TRACON& Tower with Radar,331,110,14,2,457,0,0,8,0,8,331,110,22,2,465,0,0,0,465
07/11/2009,MCI,MO,ACE,CE,Combined TRACON& Tower with Radar,272,72,3,0,347,0,0,10,0,10,272,72,13,0,357,0,0,0,357
07/12/2009,MCI,MO,ACE,CE,Combined TRACON& Tower with Radar,293,87,2,0,382,0,0,4,0,4,293,87,6,0,386,0,0,0,386
07/13/2009,MCI,MO,ACE,CE,Combined TRACON& Tower with Radar,315,107,11,4,437,0,0,3,0,3,315,107,14,4,440,0,0,0,440
07/14/2009,MCI,MO,ACE,CE,Combined TRACON& Tower with Radar,331,109,13,0,453,0,0,1,0,1,331,109,14,0,454,0,0,0,454
07/15/2009,MCI,MO,ACE,CE,Combined TRACON& Tower with Radar,324,112,14,0,450,0,0,4,0,4,324,112,18,0,454,0,0,0,454
07/16/2009,MCI,MO,ACE,CE,Combined TRACON& Tower with Radar,327,118,6,2,453,0,0,14,0,14,327,118,20,2,467,0,0,0,467
07/17/2009,MCI,MO,ACE,CE,Combined TRACON& Tower with Radar,325,114,7,0,446,0,2,2,0,4,325,116,9,0,450,0,0,0,450
07/18/2009,MCI,MO,ACE,CE,Combined TRACON& Tower with Radar,280,73,6,0,359,0,0,21,0,21,280,73,27,0,380,0,0,0,380
07/19/2009,MCI,MO,ACE,CE,Combined TRACON& Tower with Radar,287,87,10,0,384,0,0,8,0,8,287,87,18,0,392,0,0,0,392
07/20/2009,MCI,MO,ACE,CE,Combined TRACON& Tower with Radar,322,100,5,2,429,0,0,1,0,1,322,100,6,2,430,0,0,0,430
07/21/2009,MCI,MO,ACE,CE,Combined TRACON& Tower with Radar,326,117,9,6,458,0,8,2,0,10,326,125,11,6,468,0,0,0,468
07/22/2009,MCI,MO,ACE,CE,Combined TRACON& Tower with Radar,331,115,12,0,458,0,0,8,2,10,331,115,20,2,468,0,0,0,468
07/23/2009,MCI,MO,ACE,CE,Combined TRACON& Tower with Radar,323,125,22,2,472,0,1,20,0,21,323,126,42,2,493,0,0,0,493
07/24/2009,MCI,MO,ACE,CE,Combined TRACON& Tower with Radar,337,115,18,3,473,0,0,13,0,13,337,115,31,3,486,0,0,0,486
07/25/2009,MCI,MO,ACE,CE,Combined TRACON& Tower with Radar,276,75,6,0,357,0,0,18,0,18,276,75,24,0,375,0,0,0,375
07/26/2009,MCI,MO,ACE,CE,Combined TRACON& Tower with Radar,293,91,10,0,394,0,0,17,0,17,293,91,27,0,411,0,0,0,411
07/27/2009,MCI,MO,ACE,CE,Combined TRACON& Tower with Radar,322,105,13,2,442,0,0,4,0,4,322,105,17,2,446,0,0,0,446
07/28/2009,MCI,MO,ACE,CE,Combined TRACON& Tower with Radar,328,107,22,1,458,0,0,2,0,2,328,107,24,1,460,0,0,0,460
07/29/2009,MCI,MO,ACE,CE,Combined TRACON& Tower with Radar,327,107,15,1,450,0,0,4,0,4,327,107,19,1,454,0,0,0,454
07/30/2009,MCI,MO,ACE,CE,Combined TRACON& Tower with Radar,336,118,11,4,469,0,4,6,0,10,336,122,17,4,479,0,0,0,479
07/31/2009,MCI,MO,ACE,CE,Combined TRACON& Tower with Radar,325,107,4,6,442,0,2,20,0,22,325,109,24,6,464,0,0,0,464
08/01/2009,MCI,MO,ACE,CE,Combined TRACON& Tower with Radar,280,84,7,0,371,0,0,22,0,22,280,84,29,0,393,0,0,0,393
08/02/2009,MCI,MO,ACE,CE,Combined TRACON& Tower with Radar,290,82,6,0,378,0,0,14,0,14,290,82,20,0,392,0,0,0,392
08/03/2009,MCI,MO,ACE,CE,Combined TRACON& Tower with Radar,323,101,13,0,437,0,0,11,6,17,323,101,24,6,454,0,0,0,454
08/04/2009,MCI,MO,ACE,CE,Combined TRACON& Tower with Radar,332,102,16,5,455,0,0,6,0,6,332,102,22,5,461,0,0,0,461
08/05/2009,MCI,MO,ACE,CE,Combined TRACON& Tower with Radar,328,101,3,2,434,0,0,4,2,6,328,101,7,4,440,0,0,0,440
08/06/2009,MCI,MO,ACE,CE,Combined TRACON& Tower with Radar,331,101,16,2,450,0,0,13,0,13,331,101,29,2,463,0,0,0,463
08/07/2009,MCI,MO,ACE,CE,Combined TRACON& Tower with Radar,332,100,10,1,443,0,0,5,0,5,332,100,15,1,448,0,0,0,448
08/08/2009,MCI,MO,ACE,CE,Combined TRACON& Tower with Radar,280,78,8,1,367,0,0,2,0,2,280,78,10,1,369,0,0,0,369
08/09/2009,MCI,MO,ACE,CE,Combined TRACON& Tower with Radar,291,88,1,4,384,0,0,10,0,10,291,88,11,4,394,0,0,0,394
08/10/2009,MCI,MO,ACE,CE,Combined TRACON& Tower with Radar,322,110,9,0,441,0,0,0,0,0,322,110,9,0,441,0,0,0,441
08/11/2009,MCI,MO,ACE,CE,Combined TRACON& Tower with Radar,331,105,13,0,449,0,0,3,0,3,331,105,16,0,452,0,0,0,452
08/12/2009,MCI,MO,ACE,CE,Combined TRACON& Tower with Radar,319,101,13,3,436,0,0,7,0,7,319,101,20,3,443,0,0,0,443
08/13/2009,MCI,MO,ACE,CE,Combined TRACON& Tower with Radar,328,110,9,0,447,0,0,13,0,13,328,110,22,0,460,0,0,0,460
08/14/2009,MCI,MO,ACE,CE,Combined TRACON& Tower with Radar,346,106,8,1,461,0,0,19,0,19,346,106,27,1,480,0,0,0,480
08/15/2009,MCI,MO,ACE,CE,Combined TRACON& Tower with Radar,275,80,10,0,365,0,0,9,0,9,275,80,19,0,374,0,0,0,374
08/16/2009,MCI,MO,ACE,CE,Combined TRACON& Tower with Radar,281,85,7,0,373,0,0,6,0,6,281,85,13,0,379,0,0,0,379
08/17/2009,MCI,MO,ACE,CE,Combined TRACON& Tower with Radar,321,101,13,1,436,0,0,5,0,5,321,101,18,1,441,0,0,0,441
08/18/2009,MCI,MO,ACE,CE,Combined TRACON& Tower with Radar,309,97,4,5,415,0,0,3,0,3,309,97,7,5,418,0,0,0,418
08/19/2009,MCI,MO,ACE,CE,Combined TRACON& Tower with Radar,303,99,6,4,412,0,0,2,0,2,303,99,8,4,414,0,0,0,414
08/20/2009,MCI,MO,ACE,CE,Combined TRACON& Tower with Radar,313,106,17,0,436,0,0,5,0,5,313,106,22,0,441,0,0,0,441
08/21/2009,MCI,MO,ACE,CE,Combined TRACON& Tower with Radar,306,98,27,6,437,0,0,12,0,12,306,98,39,6,449,0,0,0,449
08/22/2009,MCI,MO,ACE,CE,Combined TRACON& Tower with Radar,254,72,13,0,339,0,2,17,0,19,254,74,30,0,358,0,0,0,358
08/23/2009,MCI,MO,ACE,CE,Combined TRACON& Tower with Radar,271,96,13,0,380,0,2,18,0,20,271,98,31,0,400,0,0,0,400
08/24/2009,MCI,MO,ACE,CE,Combined TRACON& Tower with Radar,304,105,3,0,412,0,2,8,0,10,304,107,11,0,422,0,0,0,422
08/25/2009,MCI,MO,ACE,CE,Combined TRACON& Tower with Radar,316,100,15,3,434,0,0,8,0,8,316,100,23,3,442,0,0,0,442
08/26/2009,MCI,MO,ACE,CE,Combined TRACON& Tower with Radar,308,101,4,2,415,0,0,0,0,0,308,101,4,2,415,0,0,0,415
08/27/2009,MCI,MO,ACE,CE,Combined TRACON& Tower with Radar,309,107,12,1,429,0,0,0,0,0,309,107,12,1,429,0,0,0,429
08/28/2009,MCI,MO,ACE,CE,Combined TRACON& Tower with Radar,316,99,4,2,421,0,0,1,0,1,316,99,5,2,422,0,0,0,422
08/29/2009,MCI,MO,ACE,CE,Combined TRACON& Tower with Radar,247,67,5,0,319,0,2,5,0,7,247,69,10,0,326,0,0,0,326
08/30/2009,MCI,MO,ACE,CE,Combined TRACON& Tower with Radar,275,87,9,0,371,0,0,17,0,17,275,87,26,0,388,0,0,0,388
08/31/2009,MCI,MO,ACE,CE,Combined TRACON& Tower with Radar,299,104,13,0,416,0,1,10,0,11,299,105,23,0,427,0,0,0,427
09/01/2009,MCI,MO,ACE,CE,Combined TRACON& Tower with Radar,306,103,13,5,427,0,0,10,0,10,306,103,23,5,437,0,0,0,437
09/02/2009,MCI,MO,ACE,CE,Combined TRACON& Tower with Radar,309,99,15,7,430,0,0,20,0,20,309,99,35,7,450,4,6,10,460
09/03/2009,MCI,MO,ACE,CE,Combined TRACON& Tower with Radar,311,107,13,13,444,0,0,8,3,11,311,107,21,16,455,0,6,6,461
09/04/2009,MCI,MO,ACE,CE,Combined TRACON& Tower with Radar,318,101,17,0,436,0,2,0,0,2,318,103,17,0,438,0,0,0,438
09/05/2009,MCI,MO,ACE,CE,Combined TRACON& Tower with Radar,234,62,6,0,302,0,0,9,0,9,234,62,15,0,311,0,0,0,311
09/06/2009,MCI,MO,ACE,CE,Combined TRACON& Tower with Radar,189,69,3,0,261,0,0,5,0,5,189,69,8,0,266,0,0,0,266
09/07/2009,MCI,MO,ACE,CE,Combined TRACON& Tower with Radar,264,95,5,0,364,0,2,1,0,3,264,97,6,0,367,0,0,0,367
09/08/2009,MCI,MO,ACE,CE,Combined TRACON& Tower with Radar,302,98,15,0,415,0,0,6,0,6,302,98,21,0,421,0,0,0,421
09/09/2009,MCI,MO,ACE,CE,Combined TRACON& Tower with Radar,313,99,10,3,425,0,0,1,0,1,313,99,11,3,426,0,0,0,426
09/10/2009,MCI,MO,ACE,CE,Combined TRACON& Tower with Radar,312,97,15,0,424,0,0,0,0,0,312,97,15,0,424,0,0,0,424
09/11/2009,MCI,MO,ACE,CE,Combined TRACON& Tower with Radar,306,95,15,4,420,0,0,8,0,8,306,95,23,4,428,0,0,0,428
09/12/2009,MCI,MO,ACE,CE,Combined TRACON& Tower with Radar,247,61,7,0,315,0,0,9,0,9,247,61,16,0,324,0,0,0,324
09/13/2009,MCI,MO,ACE,CE,Combined TRACON& Tower with Radar,265,84,13,0,362,0,2,8,0,10,265,86,21,0,372,0,0,0,372
09/14/2009,MCI,MO,ACE,CE,Combined TRACON& Tower with Radar,301,106,14,7,428,0,0,2,0,2,301,106,16,7,430,0,0,0,430
09/15/2009,MCI,MO,ACE,CE,Combined TRACON& Tower with Radar,300,107,12,1,420,0,1,2,0,3,300,108,14,1,423,0,0,0,423
09/16/2009,MCI,MO,ACE,CE,Combined TRACON& Tower with Radar,306,91,23,2,422,0,2,6,0,8,306,93,29,2,430,0,0,0,430
09/17/2009,MCI,MO,ACE,CE,Combined TRACON& Tower with Radar,307,100,10,4,421,0,4,13,0,17,307,104,23,4,438,0,0,0,438
09/18/2009,MCI,MO,ACE,CE,Combined TRACON& Tower with Radar,321,110,11,2,444,0,0,5,0,5,321,110,16,2,449,0,0,0,449
09/19/2009,MCI,MO,ACE,CE,Combined TRACON& Tower with Radar,244,63,4,0,311,0,0,17,0,17,244,63,21,0,328,0,0,0,328
09/20/2009,MCI,MO,ACE,CE,Combined TRACON& Tower with Radar,268,81,14,1,364,0,0,2,0,2,268,81,16,1,366,0,0,0,366
09/21/2009,MCI,MO,ACE,CE,Combined TRACON& Tower with Radar,299,96,10,2,407,0,0,0,0,0,299,96,10,2,407,0,0,0,407
09/22/2009,MCI,MO,ACE,CE,Combined TRACON& Tower with Radar,309,98,6,5,418,0,2,7,0,9,309,100,13,5,427,0,0,0,427
09/23/2009,MCI,MO,ACE,CE,Combined TRACON& Tower with Radar,313,100,26,2,441,0,2,0,0,2,313,102,26,2,443,0,0,0,443
09/24/2009,MCI,MO,ACE,CE,Combined TRACON& Tower with Radar,309,106,11,0,426,0,0,5,0,5,309,106,16,0,431,0,0,0,431
09/25/2009,MCI,MO,ACE,CE,Combined TRACON& Tower with Radar,315,102,12,0,429,0,2,15,0,17,315,104,27,0,446,0,0,0,446
09/26/2009,MCI,MO,ACE,CE,Combined TRACON& Tower with Radar,237,59,10,0,306,0,0,12,0,12,237,59,22,0,318,0,0,0,318
09/27/2009,MCI,MO,ACE,CE,Combined TRACON& Tower with Radar,273,85,5,0,363,0,2,3,0,5,273,87,8,0,368,0,0,0,368
09/28/2009,MCI,MO,ACE,CE,Combined TRACON& Tower with Radar,299,103,8,3,413,0,0,2,0,2,299,103,10,3,415,0,0,0,415
09/29/2009,MCI,MO,ACE,CE,Combined TRACON& Tower with Radar,304,100,11,4,419,0,0,9,0,9,304,100,20,4,428,0,0,0,428
09/30/2009,MCI,MO,ACE,CE,Combined TRACON& Tower with Radar,317,95,8,4,424,0,0,15,0,15,317,95,23,4,439,0,0,0,439
10/01/2009,MCI,MO,ACE,CE,Combined TRACON& Tower with Radar,312,112,23,0,447,0,0,2,0,2,312,112,25,0,449,0,0,0,449
10/02/2009,MCI,MO,ACE,CE,Combined TRACON& Tower with Radar,321,102,10,0,433,0,2,5,0,7,321,104,15,0,440,0,0,0,440
10/03/2009,MCI,MO,ACE,CE,Combined TRACON& Tower with Radar,247,61,12,0,320,0,0,8,1,9,247,61,20,1,329,0,0,0,329
10/04/2009,MCI,MO,ACE,CE,Combined TRACON& Tower with Radar,273,92,34,2,401,0,0,19,4,23,273,92,53,6,424,0,0,0,424
10/05/2009,MCI,MO,ACE,CE,Combined TRACON& Tower with Radar,304,102,6,1,413,0,0,3,4,7,304,102,9,5,420,0,0,0,420
10/06/2009,MCI,MO,ACE,CE,Combined TRACON& Tower with Radar,314,88,15,3,420,0,0,7,0,7,314,88,22,3,427,0,0,0,427
10/07/2009,MCI,MO,ACE,CE,Combined TRACON& Tower with Radar,322,90,14,4,430,0,0,3,0,3,322,90,17,4,433,0,0,0,433
10/08/2009,MCI,MO,ACE,CE,Combined TRACON& Tower with Radar,313,93,13,2,421,0,0,0,0,0,313,93,13,2,421,0,0,0,421
10/09/2009,MCI,MO,ACE,CE,Combined TRACON& Tower with Radar,326,106,19,14,465,0,0,7,0,7,326,106,26,14,472,0,0,0,472
10/10/2009,MCI,MO,ACE,CE,Combined TRACON& Tower with Radar,250,58,2,0,310,0,0,2,0,2,250,58,4,0,312,0,0,0,312
10/11/2009,MCI,MO,ACE,CE,Combined TRACON& Tower with Radar,271,85,7,0,363,0,0,28,0,28,271,85,35,0,391,0,0,0,391
10/12/2009,MCI,MO,ACE,CE,Combined TRACON& Tower with Radar,307,102,12,0,421,0,0,0,0,0,307,102,12,0,421,0,0,0,421
10/13/2009,MCI,MO,ACE,CE,Combined TRACON& Tower with Radar,313,97,14,0,424,0,0,0,0,0,313,97,14,0,424,0,0,0,424
10/14/2009,MCI,MO,ACE,CE,Combined TRACON& Tower with Radar,312,100,20,3,435,0,0,0,0,0,312,100,20,3,435,0,0,0,435
10/15/2009,MCI,MO,ACE,CE,Combined TRACON& Tower with Radar,313,113,15,5,446,0,0,3,0,3,313,113,18,5,449,0,0,0,449
10/16/2009,MCI,MO,ACE,CE,Combined TRACON& Tower with Radar,324,91,11,0,426,0,6,3,0,9,324,97,14,0,435,0,0,0,435
10/17/2009,MCI,MO,ACE,CE,Combined TRACON& Tower with Radar,253,61,3,0,317,0,0,2,0,2,253,61,5,0,319,0,0,0,319
10/18/2009,MCI,MO,ACE,CE,Combined TRACON& Tower with Radar,273,84,8,0,365,0,0,4,0,4,273,84,12,0,369,0,0,0,369
10/19/2009,MCI,MO,ACE,CE,Combined TRACON& Tower with Radar,303,95,15,0,413,0,0,12,0,12,303,95,27,0,425,0,0,0,425
10/20/2009,MCI,MO,ACE,CE,Combined TRACON& Tower with Radar,316,101,23,0,440,0,0,1,0,1,316,101,24,0,441,0,0,0,441
10/21/2009,MCI,MO,ACE,CE,Combined TRACON& Tower with Radar,307,97,13,2,419,0,0,0,0,0,307,97,13,2,419,0,0,0,419
10/22/2009,MCI,MO,ACE,CE,Combined TRACON& Tower with Radar,314,100,7,4,425,0,0,0,0,0,314,100,7,4,425,0,0,0,425
10/23/2009,MCI,MO,ACE,CE,Combined TRACON& Tower with Radar,326,91,14,0,431,0,0,2,0,2,326,91,16,0,433,0,0,0,433
10/24/2009,MCI,MO,ACE,CE,Combined TRACON& Tower with Radar,258,53,5,3,319,0,0,1,5,6,258,53,6,8,325,0,0,0,325
10/25/2009,MCI,MO,ACE,CE,Combined TRACON& Tower with Radar,279,81,4,5,369,0,0,2,2,4,279,81,6,7,373,0,0,0,373
10/26/2009,MCI,MO,ACE,CE,Combined TRACON& Tower with Radar,304,90,10,0,404,0,0,9,0,9,304,90,19,0,413,0,0,0,413
10/27/2009,MCI,MO,ACE,CE,Combined TRACON& Tower with Radar,304,91,11,2,408,0,0,2,4,6,304,91,13,6,414,0,0,0,414
10/28/2009,MCI,MO,ACE,CE,Combined TRACON& Tower with Radar,306,98,13,5,422,0,4,7,2,13,306,102,20,7,435,0,0,0,435
10/29/2009,MCI,MO,ACE,CE,Combined TRACON& Tower with Radar,297,104,15,3,419,0,0,0,0,0,297,104,15,3,419,0,0,0,419
10/30/2009,MCI,MO,ACE,CE,Combined TRACON& Tower with Radar,325,100,4,0,429,0,0,1,0,1,325,100,5,0,430,0,0,0,430
10/31/2009,MCI,MO,ACE,CE,Combined TRACON& Tower with Radar,258,58,4,0,320,0,0,11,0,11,258,58,15,0,331,0,0,0,331
11/01/2009,MCI,MO,ACE,CE,Combined TRACON& Tower with Radar,279,84,7,0,370,0,0,19,0,19,279,84,26,0,389,0,0,0,389
11/02/2009,MCI,MO,ACE,CE,Combined TRACON& Tower with Radar,302,110,15,2,429,0,2,4,0,6,302,112,19,2,435,0,0,0,435
11/03/2009,MCI,MO,ACE,CE,Combined TRACON& Tower with Radar,308,96,11,0,415,0,0,2,0,2,308,96,13,0,417,0,0,0,417
11/04/2009,MCI,MO,ACE,CE,Combined TRACON& Tower with Radar,311,104,13,2,430,0,0,0,0,0,311,104,13,2,430,0,0,0,430
11/05/2009,MCI,MO,ACE,CE,Combined TRACON& Tower with Radar,316,99,15,8,438,0,0,9,0,9,316,99,24,8,447,0,0,0,447
11/06/2009,MCI,MO,ACE,CE,Combined TRACON& Tower with Radar,315,108,8,0,431,0,2,11,0,13,315,110,19,0,444,0,0,0,444
11/07/2009,MCI,MO,ACE,CE,Combined TRACON& Tower with Radar,255,66,10,2,333,0,0,11,0,11,255,66,21,2,344,0,0,0,344
11/08/2009,MCI,MO,ACE,CE,Combined TRACON& Tower with Radar,277,84,3,2,366,0,0,11,0,11,277,84,14,2,377,0,0,0,377
11/09/2009,MCI,MO,ACE,CE,Combined TRACON& Tower with Radar,301,103,3,0,407,0,0,0,0,0,301,103,3,0,407,0,0,0,407
11/10/2009,MCI,MO,ACE,CE,Combined TRACON& Tower with Radar,309,92,11,2,414,0,0,2,0,2,309,92,13,2,416,0,0,0,416
11/11/2009,MCI,MO,ACE,CE,Combined TRACON& Tower with Radar,313,97,25,3,438,0,0,9,0,9,313,97,34,3,447,0,0,0,447
11/12/2009,MCI,MO,ACE,CE,Combined TRACON& Tower with Radar,314,98,14,7,433,0,4,11,0,15,314,102,25,7,448,0,0,0,448
11/13/2009,MCI,MO,ACE,CE,Combined TRACON& Tower with Radar,317,104,12,0,433,0,1,0,0,1,317,105,12,0,434,0,0,0,434
11/14/2009,MCI,MO,ACE,CE,Combined TRACON& Tower with Radar,256,64,0,0,320,0,0,0,0,0,256,64,0,0,320,0,0,0,320
11/15/2009,MCI,MO,ACE,CE,Combined TRACON& Tower with Radar,270,82,7,0,359,0,0,0,0,0,270,82,7,0,359,0,0,0,359
11/16/2009,MCI,MO,ACE,CE,Combined TRACON& Tower with Radar,302,98,4,0,404,0,0,0,0,0,302,98,4,0,404,0,0,0,404
11/17/2009,MCI,MO,ACE,CE,Combined TRACON& Tower with Radar,313,102,11,0,426,0,0,0,0,0,313,102,11,0,426,0,0,0,426
11/18/2009,MCI,MO,ACE,CE,Combined TRACON& Tower with Radar,312,103,20,0,435,0,0,0,0,0,312,103,20,0,435,0,0,0,435
11/19/2009,MCI,MO,ACE,CE,Combined TRACON& Tower with Radar,309,104,11,0,424,0,4,1,0,5,309,108,12,0,429,0,0,0,429
11/20/2009,MCI,MO,ACE,CE,Combined TRACON& Tower with Radar,310,93,6,4,413,0,0,2,0,2,310,93,8,4,415,0,0,0,415
11/21/2009,MCI,MO,ACE,CE,Combined TRACON& Tower with Radar,256,66,7,0,329,0,0,5,0,5,256,66,12,0,334,0,0,0,334
11/22/2009,MCI,MO,ACE,CE,Combined TRACON& Tower with Radar,276,90,14,0,380,0,0,8,0,8,276,90,22,0,388,0,0,0,388
11/23/2009,MCI,MO,ACE,CE,Combined TRACON& Tower with Radar,292,92,17,6,407,0,0,1,0,1,292,92,18,6,408,0,0,0,408
11/24/2009,MCI,MO,ACE,CE,Combined TRACON& Tower with Radar,317,95,15,0,427,0,0,0,0,0,317,95,15,0,427,0,0,0,427
11/25/2009,MCI,MO,ACE,CE,Combined TRACON& Tower with Radar,324,104,15,0,443,0,0,3,0,3,324,104,18,0,446,0,0,0,446
11/26/2009,MCI,MO,ACE,CE,Combined TRACON& Tower with Radar,219,71,3,0,293,0,0,0,0,0,219,71,3,0,293,0,0,0,293
11/27/2009,MCI,MO,ACE,CE,Combined TRACON& Tower with Radar,232,83,4,0,319,0,0,9,0,9,232,83,13,0,328,0,0,0,328
11/28/2009,MCI,MO,ACE,CE,Combined TRACON& Tower with Radar,274,80,6,0,360,0,0,4,0,4,274,80,10,0,364,0,0,0,364
11/29/2009,MCI,MO,ACE,CE,Combined TRACON& Tower with Radar,301,102,8,0,411,0,1,0,0,1,301,103,8,0,412,0,0,0,412
11/30/2009,MCI,MO,ACE,CE,Combined TRACON& Tower with Radar,309,106,8,0,423,0,1,4,2,7,309,107,12,2,430,0,0,0,430
12/01/2009,MCI,MO,ACE,CE,Combined TRACON& Tower with Radar,313,96,18,17,444,0,1,3,0,4,313,97,21,17,448,0,0,0,448
12/02/2009,MCI,MO,ACE,CE,Combined TRACON& Tower with Radar,304,96,12,10,422,0,0,4,0,4,304,96,16,10,426,0,2,2,428
12/03/2009,MCI,MO,ACE,CE,Combined TRACON& Tower with Radar,319,99,24,8,450,0,0,4,0,4,319,99,28,8,454,0,0,0,454
12/04/2009,MCI,MO,ACE,CE,Combined TRACON& Tower with Radar,308,80,21,0,409,0,0,7,0,7,308,80,28,0,416,0,0,0,416
12/05/2009,MCI,MO,ACE,CE,Combined TRACON& Tower with Radar,255,57,8,0,320,0,0,5,0,5,255,57,13,0,325,0,0,0,325
12/06/2009,MCI,MO,ACE,CE,Combined TRACON& Tower with Radar,278,81,10,2,371,0,0,15,0,15,278,81,25,2,386,0,0,0,386
12/07/2009,MCI,MO,ACE,CE,Combined TRACON& Tower with Radar,306,100,10,3,419,0,0,0,0,0,306,100,10,3,419,0,0,0,419
12/08/2009,MCI,MO,ACE,CE,Combined TRACON& Tower with Radar,277,84,24,0,385,0,0,0,0,0,277,84,24,0,385,0,0,0,385
12/09/2009,MCI,MO,ACE,CE,Combined TRACON& Tower with Radar,299,94,19,6,418,0,0,4,0,4,299,94,23,6,422,0,0,0,422
12/10/2009,MCI,MO,ACE,CE,Combined TRACON& Tower with Radar,306,101,5,5,417,0,1,2,0,3,306,102,7,5,420,0,0,0,420
12/11/2009,MCI,MO,ACE,CE,Combined TRACON& Tower with Radar,307,101,20,2,430,0,0,5,0,5,307,101,25,2,435,0,0,0,435
12/12/2009,MCI,MO,ACE,CE,Combined TRACON& Tower with Radar,253,65,5,0,323,0,0,1,0,1,253,65,6,0,324,0,0,0,324
12/13/2009,MCI,MO,ACE,CE,Combined TRACON& Tower with Radar,269,81,5,0,355,0,0,0,0,0,269,81,5,0,355,0,0,0,355
12/14/2009,MCI,MO,ACE,CE,Combined TRACON& Tower with Radar,285,104,12,0,401,0,0,0,0,0,285,104,12,0,401,0,0,0,401
12/15/2009,MCI,MO,ACE,CE,Combined TRACON& Tower with Radar,312,102,15,4,433,0,2,2,0,4,312,104,17,4,437,0,0,0,437
12/16/2009,MCI,MO,ACE,CE,Combined TRACON& Tower with Radar,309,113,14,7,443,0,0,5,0,5,309,113,19,7,448,0,0,0,448
12/17/2009,MCI,MO,ACE,CE,Combined TRACON& Tower with Radar,308,111,8,5,432,0,0,0,4,4,308,111,8,9,436,0,0,0,436
12/18/2009,MCI,MO,ACE,CE,Combined TRACON& Tower with Radar,302,112,8,2,424,0,0,5,0,5,302,112,13,2,429,0,0,0,429
12/19/2009,MCI,MO,ACE,CE,Combined TRACON& Tower with Radar,259,67,6,0,332,0,0,0,0,0,259,67,6,0,332,0,0,0,332
12/20/2009,MCI,MO,ACE,CE,Combined TRACON& Tower with Radar,261,85,8,2,356,0,0,11,0,11,261,85,19,2,367,0,0,0,367
12/21/2009,MCI,MO,ACE,CE,Combined TRACON& Tower with Radar,298,100,8,7,413,0,0,2,0,2,298,100,10,7,415,0,0,0,415
12/22/2009,MCI,MO,ACE,CE,Combined TRACON& Tower with Radar,326,118,3,2,449,0,0,2,0,2,326,118,5,2,451,0,0,0,451
12/23/2009,MCI,MO,ACE,CE,Combined TRACON& Tower with Radar,307,105,4,2,418,0,0,0,0,0,307,105,4,2,418,0,0,0,418
12/24/2009,MCI,MO,ACE,CE,Combined TRACON& Tower with Radar,240,67,3,0,310,0,0,0,0,0,240,67,3,0,310,0,0,0,310
12/25/2009,MCI,MO,ACE,CE,Combined TRACON& Tower with Radar,173,65,0,1,239,0,0,0,0,0,173,65,0,1,239,0,0,0,239
12/26/2009,MCI,MO,ACE,CE,Combined TRACON& Tower with Radar,250,79,4,0,333,0,0,0,0,0,250,79,4,0,333,0,0,0,333
12/27/2009,MCI,MO,ACE,CE,Combined TRACON& Tower with Radar,286,93,7,0,386,0,0,0,0,0,286,93,7,0,386,0,0,0,386
12/28/2009,MCI,MO,ACE,CE,Combined TRACON& Tower with Radar,299,101,5,1,406,0,0,2,0,2,299,101,7,1,408,0,0,0,408
12/29/2009,MCI,MO,ACE,CE,Combined TRACON& Tower with Radar,301,101,2,4,408,0,0,0,0,0,301,101,2,4,408,0,0,0,408
12/30/2009,MCI,MO,ACE,CE,Combined TRACON& Tower with Radar,303,105,4,0,412,0,0,0,0,0,303,105,4,0,412,0,0,0,412
12/31/2009,MCI,MO,ACE,CE,Combined TRACON& Tower with Radar,240,87,5,0,332,0,0,0,0,0,240,87,5,0,332,0,0,0,332
01/01/2010,MCI,MO,ACE,CE,Combined TRACON& Tower with Radar,206,73,7,0,286,0,0,0,0,0,206,73,7,0,286,0,0,0,286
01/02/2010,MCI,MO,ACE,CE,Combined TRACON& Tower with Radar,272,82,10,0,364,0,0,2,0,2,272,82,12,0,366,0,0,0,366
01/03/2010,MCI,MO,ACE,CE,Combined TRACON& Tower with Radar,284,93,4,0,381,0,0,0,0,0,284,93,4,0,381,0,0,0,381
01/04/2010,MCI,MO,ACE,CE,Combined TRACON& Tower with Radar,301,100,12,2,415,0,0,0,0,0,301,100,12,2,415,0,0,0,415
01/05/2010,MCI,MO,ACE,CE,Combined TRACON& Tower with Radar,300,88,11,0,399,0,0,9,0,9,300,88,20,0,408,0,0,0,408
01/06/2010,MCI,MO,ACE,CE,Combined TRACON& Tower with Radar,296,82,4,0,382,0,0,0,0,0,296,82,4,0,382,0,0,0,382
01/07/2010,MCI,MO,ACE,CE,Combined TRACON& Tower with Radar,262,84,10,0,356,0,0,0,0,0,262,84,10,0,356,0,0,0,356
01/08/2010,MCI,MO,ACE,CE,Combined TRACON& Tower with Radar,288,97,7,0,392,0,0,5,0,5,288,97,12,0,397,0,0,0,397
01/09/2010,MCI,MO,ACE,CE,Combined TRACON& Tower with Radar,249,46,2,0,297,0,0,2,0,2,249,46,4,0,299,0,0,0,299
01/10/2010,MCI,MO,ACE,CE,Combined TRACON& Tower with Radar,259,73,7,0,339,0,0,5,0,5,259,73,12,0,344,0,0,0,344
01/11/2010,MCI,MO,ACE,CE,Combined TRACON& Tower with Radar,286,103,5,6,400,0,0,4,0,4,286,103,9,6,404,0,0,0,404
01/12/2010,MCI,MO,ACE,CE,Combined TRACON& Tower with Radar,300,98,4,6,408,0,0,0,0,0,300,98,4,6,408,0,0,0,408
01/13/2010,MCI,MO,ACE,CE,Combined TRACON& Tower with Radar,304,99,25,7,435,0,0,9,0,9,304,99,34,7,444,0,0,0,444
01/14/2010,MCI,MO,ACE,CE,Combined TRACON& Tower with Radar,306,103,12,0,421,0,0,6,0,6,306,103,18,0,427,0,0,0,427
01/15/2010,MCI,MO,ACE,CE,Combined TRACON& Tower with Radar,300,89,2,0,391,0,0,0,0,0,300,89,2,0,391,0,0,0,391
01/16/2010,MCI,MO,ACE,CE,Combined TRACON& Tower with Radar,185,25,0,0,210,0,0,0,0,0,185,25,0,0,210,0,0,0,210
01/17/2010,MCI,MO,ACE,CE,Combined TRACON& Tower with Radar,235,36,1,0,272,0,0,2,0,2,235,36,3,0,274,0,0,0,274
01/18/2010,MCI,MO,ACE,CE,Combined TRACON& Tower with Radar,234,55,3,0,292,0,0,0,0,0,234,55,3,0,292,0,0,0,292
01/19/2010,MCI,MO,ACE,CE,Combined TRACON& Tower with Radar,297,89,6,0,392,0,0,0,0,0,297,89,6,0,392,0,0,0,392
01/20/2010,MCI,MO,ACE,CE,Combined TRACON& Tower with Radar,301,96,3,9,409,0,0,0,0,0,301,96,3,9,409,0,0,0,409
01/21/2010,MCI,MO,ACE,CE,Combined TRACON& Tower with Radar,294,95,7,9,405,0,0,0,0,0,294,95,7,9,405,0,0,0,405
01/22/2010,MCI,MO,ACE,CE,Combined TRACON& Tower with Radar,302,91,7,0,400,0,0,0,0,0,302,91,7,0,400,0,0,0,400
01/23/2010,MCI,MO,ACE,CE,Combined TRACON& Tower with Radar,231,58,0,3,292,0,0,6,0,6,231,58,6,3,298,0,0,0,298
01/24/2010,MCI,MO,ACE,CE,Combined TRACON& Tower with Radar,252,79,6,3,340,0,0,2,0,2,252,79,8,3,342,0,0,0,342
01/25/2010,MCI,MO,ACE,CE,Combined TRACON& Tower with Radar,284,83,14,2,383,0,0,2,0,2,284,83,16,2,385,0,0,0,385
01/26/2010,MCI,MO,ACE,CE,Combined TRACON& Tower with Radar,299,94,11,6,410,0,2,7,0,9,299,96,18,6,419,0,0,0,419
01/27/2010,MCI,MO,ACE,CE,Combined TRACON& Tower with Radar,297,81,12,12,402,0,0,0,0,0,297,81,12,12,402,0,0,0,402
01/28/2010,MCI,MO,ACE,CE,Combined TRACON& Tower with Radar,295,90,14,0,399,0,0,0,0,0,295,90,14,0,399,0,0,0,399
01/29/2010,MCI,MO,ACE,CE,Combined TRACON& Tower with Radar,300,88,11,0,399,0,0,0,0,0,300,88,11,0,399,0,0,0,399
01/30/2010,MCI,MO,ACE,CE,Combined TRACON& Tower with Radar,235,50,4,0,289,0,0,17,0,17,235,50,21,0,306,0,0,0,306
01/31/2010,MCI,MO,ACE,CE,Combined TRACON& Tower with Radar,250,73,5,0,328,0,0,4,0,4,250,73,9,0,332,0,0,0,332
02/01/2010,MCI,MO,ACE,CE,Combined TRACON& Tower with Radar,281,90,3,1,375,0,0,0,0,0,281,90,3,1,375,0,0,0,375
02/02/2010,MCI,MO,ACE,CE,Combined TRACON& Tower with Radar,298,93,8,0,399,0,3,4,0,7,298,96,12,0,406,0,0,0,406
02/03/2010,MCI,MO,ACE,CE,Combined TRACON& Tower with Radar,297,89,11,2,399,0,2,18,2,22,297,91,29,4,421,0,0,0,421
02/04/2010,MCI,MO,ACE,CE,Combined TRACON& Tower with Radar,303,94,11,0,408,0,0,3,1,4,303,94,14,1,412,0,0,0,412
02/05/2010,MCI,MO,ACE,CE,Combined TRACON& Tower with Radar,288,92,3,2,385,0,0,0,0,0,288,92,3,2,385,0,0,0,385
02/06/2010,MCI,MO,ACE,CE,Combined TRACON& Tower with Radar,215,50,2,4,271,0,0,1,1,2,215,50,3,5,273,0,0,0,273
02/07/2010,MCI,MO,ACE,CE,Combined TRACON& Tower with Radar,241,75,4,0,320,0,0,1,0,1,241,75,5,0,321,0,0,0,321
02/08/2010,MCI,MO,ACE,CE,Combined TRACON& Tower with Radar,280,95,9,0,384,0,0,1,0,1,280,95,10,0,385,0,0,0,385
02/09/2010,MCI,MO,ACE,CE,Combined TRACON& Tower with Radar,267,89,7,7,370,0,3,3,0,6,267,92,10,7,376,0,0,0,376
02/10/2010,MCI,MO,ACE,CE,Combined TRACON& Tower with Radar,255,83,16,8,362,0,2,6,2,10,255,85,22,10,372,0,0,0,372
02/11/2010,MCI,MO,ACE,CE,Combined TRACON& Tower with Radar,253,94,14,5,366,0,3,0,6,9,253,97,14,11,375,8,0,8,383
02/12/2010,MCI,MO,ACE,CE,Combined TRACON& Tower with Radar,272,105,7,2,386,0,0,0,1,1,272,105,7,3,387,0,0,0,387
02/13/2010,MCI,MO,ACE,CE,Combined TRACON& Tower with Radar,228,67,3,1,299,0,0,0,0,0,228,67,3,1,299,0,0,0,299
02/14/2010,MCI,MO,ACE,CE,Combined TRACON& Tower with Radar,235,79,4,0,318,0,0,0,0,0,235,79,4,0,318,0,0,0,318
02/15/2010,MCI,MO,ACE,CE,Combined TRACON& Tower with Radar,276,89,6,0,371,0,0,0,0,0,276,89,6,0,371,0,0,0,371
02/16/2010,MCI,MO,ACE,CE,Combined TRACON& Tower with Radar,291,87,6,0,384,0,2,2,0,4,291,89,8,0,388,0,0,0,388
02/17/2010,MCI,MO,ACE,CE,Combined TRACON& Tower with Radar,298,107,17,4,426,0,0,13,0,13,298,107,30,4,439,0,0,0,439
02/18/2010,MCI,MO,ACE,CE,Combined TRACON& Tower with Radar,297,109,14,4,424,0,2,6,0,8,297,111,20,4,432,0,0,0,432
02/19/2010,MCI,MO,ACE,CE,Combined TRACON& Tower with Radar,299,99,7,4,409,0,0,0,0,0,299,99,7,4,409,0,0,0,409
02/20/2010,MCI,MO,ACE,CE,Combined TRACON& Tower with Radar,228,81,8,0,317,0,0,0,0,0,228,81,8,0,317,0,0,0,317
02/21/2010,MCI,MO,ACE,CE,Combined TRACON& Tower with Radar,223,81,5,4,313,0,0,0,0,0,223,81,5,4,313,0,0,0,313
02/22/2010,MCI,MO,ACE,CE,Combined TRACON& Tower with Radar,285,99,6,5,395,0,0,0,0,0,285,99,6,5,395,0,0,0,395
02/23/2010,MCI,MO,ACE,CE,Combined TRACON& Tower with Radar,287,93,12,10,402,0,0,6,0,6,287,93,18,10,408,0,0,0,408
02/24/2010,MCI,MO,ACE,CE,Combined TRACON& Tower with Radar,282,93,21,3,399,0,3,4,0,7,282,96,25,3,406,0,0,0,406
02/25/2010,MCI,MO,ACE,CE,Combined TRACON& Tower with Radar,296,85,6,6,393,0,2,0,0,2,296,87,6,6,395,0,0,0,395
02/26/2010,MCI,MO,ACE,CE,Combined TRACON& Tower with Radar,297,82,6,5,390,0,7,5,2,14,297,89,11,7,404,0,0,0,404
02/27/2010,MCI,MO,ACE,CE,Combined TRACON& Tower with Radar,237,64,2,0,303,0,0,4,0,4,237,64,6,0,307,0,0,0,307
02/28/2010,MCI,MO,ACE,CE,Combined TRACON& Tower with Radar,241,79,8,0,328,0,0,6,0,6,241,79,14,0,334,0,0,0,334
03/01/2010,MCI,MO,ACE,CE,Combined TRACON& Tower with Radar,283,100,4,0,387,0,0,0,0,0,283,100,4,0,387,0,0,0,387
03/02/2010,MCI,MO,ACE,CE,Combined TRACON& Tower with Radar,286,94,12,2,394,0,0,2,0,2,286,94,14,2,396,0,0,0,396
03/03/2010,MCI,MO,ACE,CE,Combined TRACON& Tower with Radar,293,102,8,3,406,0,0,9,0,9,293,102,17,3,415,0,0,0,415
03/04/2010,MCI,MO,ACE,CE,Combined TRACON& Tower with Radar,294,97,11,2,404,0,2,3,0,5,294,99,14,2,409,0,0,0,409
03/05/2010,MCI,MO,ACE,CE,Combined TRACON& Tower with Radar,298,98,11,8,415,0,0,3,4,7,298,98,14,12,422,0,0,0,422
03/06/2010,MCI,MO,ACE,CE,Combined TRACON& Tower with Radar,237,81,7,1,326,0,2,0,0,2,237,83,7,1,328,0,0,0,328
03/07/2010,MCI,MO,ACE,CE,Combined TRACON& Tower with Radar,246,84,3,0,333,0,0,1,0,1,246,84,4,0,334,0,0,0,334
03/08/2010,MCI,MO,ACE,CE,Combined TRACON& Tower with Radar,280,103,8,0,391,0,2,7,0,9,280,105,15,0,400,0,0,0,400
03/09/2010,MCI,MO,ACE,CE,Combined TRACON& Tower with Radar,288,104,11,1,404,0,0,2,0,2,288,104,13,1,406,0,0,0,406
03/10/2010,MCI,MO,ACE,CE,Combined TRACON& Tower with Radar,298,108,12,7,425,0,0,4,0,4,298,108,16,7,429,0,0,0,429
03/11/2010,MCI,MO,ACE,CE,Combined TRACON& Tower with Radar,288,108,12,3,411,0,4,2,0,6,288,112,14,3,417,0,0,0,417
03/12/2010,MCI,MO,ACE,CE,Combined TRACON& Tower with Radar,301,111,10,3,425,0,0,0,0,0,301,111,10,3,425,0,0,0,425
03/13/2010,MCI,MO,ACE,CE,Combined TRACON& Tower with Radar,255,76,5,0,336,0,0,0,0,0,255,76,5,0,336,0,0,0,336
03/14/2010,MCI,MO,ACE,CE,Combined TRACON& Tower with Radar,255,79,9,2,345,0,0,2,0,2,255,79,11,2,347,0,0,0,347
03/15/2010,MCI,MO,ACE,CE,Combined TRACON& Tower with Radar,291,102,4,2,399,0,0,0,0,0,291,102,4,2,399,0,0,0,399
03/16/2010,MCI,MO,ACE,CE,Combined TRACON& Tower with Radar,300,97,9,0,406,0,0,0,0,0,300,97,9,0,406,0,0,0,406
03/17/2010,MCI,MO,ACE,CE,Combined TRACON& Tower with Radar,301,96,14,2,413,0,4,3,0,7,301,100,17,2,420,0,0,0,420
03/18/2010,MCI,MO,ACE,CE,Combined TRACON& Tower with Radar,295,103,17,3,418,0,0,10,2,12,295,103,27,5,430,0,0,0,430
03/19/2010,MCI,MO,ACE,CE,Combined TRACON& Tower with Radar,295,108,6,7,416,0,0,0,2,2,295,108,6,9,418,0,0,0,418
03/20/2010,MCI,MO,ACE,CE,Combined TRACON& Tower with Radar,252,79,9,0,340,0,0,0,0,0,252,79,9,0,340,0,0,0,340
03/21/2010,MCI,MO,ACE,CE,Combined TRACON& Tower with Radar,258,79,9,0,346,0,0,0,0,0,258,79,9,0,346,0,0,0,346
03/22/2010,MCI,MO,ACE,CE,Combined TRACON& Tower with Radar,288,103,9,0,400,0,4,5,0,9,288,107,14,0,409,0,0,0,409
03/23/2010,MCI,MO,ACE,CE,Combined TRACON& Tower with Radar,295,102,9,0,406,0,4,4,0,8,295,106,13,0,414,0,0,0,414
03/24/2010,MCI,MO,ACE,CE,Combined TRACON& Tower with Radar,289,102,6,12,409,0,2,1,0,3,289,104,7,12,412,0,0,0,412
03/25/2010,MCI,MO,ACE,CE,Combined TRACON& Tower with Radar,305,109,11,0,425,0,2,2,0,4,305,111,13,0,429,0,0,0,429
03/26/2010,MCI,MO,ACE,CE,Combined TRACON& Tower with Radar,304,109,9,0,422,0,0,12,0,12,304,109,21,0,434,0,0,0,434
03/27/2010,MCI,MO,ACE,CE,Combined TRACON& Tower with Radar,259,73,5,0,337,0,0,1,0,1,259,73,6,0,338,0,0,0,338
03/28/2010,MCI,MO,ACE,CE,Combined TRACON& Tower with Radar,268,84,2,0,354,0,2,2,0,4,268,86,4,0,358,0,0,0,358
03/29/2010,MCI,MO,ACE,CE,Combined TRACON& Tower with Radar,287,101,2,2,392,0,0,10,0,10,287,101,12,2,402,0,0,0,402
03/30/2010,MCI,MO,ACE,CE,Combined TRACON& Tower with Radar,294,89,6,18,407,0,0,2,0,2,294,89,8,18,409,0,0,0,409
03/31/2010,MCI,MO,ACE,CE,Combined TRACON& Tower with Radar,303,98,14,0,415,0,1,8,0,9,303,99,22,0,424,0,0,0,424
04/01/2010,MCI,MO,ACE,CE,Combined TRACON& Tower with Radar,302,97,11,4,414,0,0,5,0,5,302,97,16,4,419,0,0,0,419
04/02/2010,MCI,MO,ACE,CE,Combined TRACON& Tower with Radar,302,100,5,0,407,0,4,4,0,8,302,104,9,0,415,0,0,0,415
04/03/2010,MCI,MO,ACE,CE,Combined TRACON& Tower with Radar,256,69,3,0,328,0,0,2,0,2,256,69,5,0,330,0,0,0,330
04/04/2010,MCI,MO,ACE,CE,Combined TRACON& Tower with Radar,255,84,8,0,347,0,2,10,0,12,255,86,18,0,359,0,0,0,359
04/05/2010,MCI,MO,ACE,CE,Combined TRACON& Tower with Radar,282,105,9,0,396,0,0,2,0,2,282,105,11,0,398,0,0,0,398
04/06/2010,MCI,MO,ACE,CE,Combined TRACON& Tower with Radar,292,92,12,0,396,0,0,0,0,0,292,92,12,0,396,0,0,0,396
04/07/2010,MCI,MO,ACE,CE,Combined TRACON& Tower with Radar,298,87,16,2,403,0,0,5,0,5,298,87,21,2,408,0,0,0,408
04/08/2010,MCI,MO,ACE,CE,Combined TRACON& Tower with Radar,303,100,20,0,423,0,5,9,0,14,303,105,29,0,437,0,0,0,437
04/09/2010,MCI,MO,ACE,CE,Combined TRACON& Tower with Radar,300,102,5,0,407,0,0,11,0,11,300,102,16,0,418,0,0,0,418
04/10/2010,MCI,MO,ACE,CE,Combined TRACON& Tower with Radar,249,62,7,0,318,0,0,3,0,3,249,62,10,0,321,0,0,0,321
04/11/2010,MCI,MO,ACE,CE,Combined TRACON& Tower with Radar,263,77,2,0,342,1,0,15,0,16,264,77,17,0,358,0,0,0,358
04/12/2010,MCI,MO,ACE,CE,Combined TRACON& Tower with Radar,287,90,4,2,383,0,0,8,0,8,287,90,12,2,391,0,0,0,391
04/13/2010,MCI,MO,ACE,CE,Combined TRACON& Tower with Radar,292,95,16,3,406,0,1,5,1,7,292,96,21,4,413,0,0,0,413
04/14/2010,MCI,MO,ACE,CE,Combined TRACON& Tower with Radar,305,94,14,4,417,0,2,4,0,6,305,96,18,4,423,0,0,0,423
04/15/2010,MCI,MO,ACE,CE,Combined TRACON& Tower with Radar,300,96,18,2,416,0,3,7,0,10,300,99,25,2,426,0,0,0,426
04/16/2010,MCI,MO,ACE,CE,Combined TRACON& Tower with Radar,302,96,3,1,402,0,0,6,0,6,302,96,9,1,408,0,0,0,408
04/17/2010,MCI,MO,ACE,CE,Combined TRACON& Tower with Radar,250,61,3,0,314,0,0,21,0,21,250,61,24,0,335,0,0,0,335
04/18/2010,MCI,MO,ACE,CE,Combined TRACON& Tower with Radar,266,83,13,3,365,0,0,9,0,9,266,83,22,3,374,0,0,0,374
04/19/2010,MCI,MO,ACE,CE,Combined TRACON& Tower with Radar,285,100,6,4,395,0,0,10,0,10,285,100,16,4,405,0,0,0,405
04/20/2010,MCI,MO,ACE,CE,Combined TRACON& Tower with Radar,288,104,10,4,406,0,2,5,0,7,288,106,15,4,413,0,0,0,413
04/21/2010,MCI,MO,ACE,CE,Combined TRACON& Tower with Radar,294,98,14,0,406,0,1,6,0,7,294,99,20,0,413,0,0,0,413
04/22/2010,MCI,MO,ACE,CE,Combined TRACON& Tower with Radar,297,102,6,6,411,0,0,0,0,0,297,102,6,6,411,0,0,0,411
04/23/2010,MCI,MO,ACE,CE,Combined TRACON& Tower with Radar,300,102,4,0,406,0,0,0,0,0,300,102,4,0,406,0,0,0,406
04/24/2010,MCI,MO,ACE,CE,Combined TRACON& Tower with Radar,248,61,2,1,312,0,0,2,0,2,248,61,4,1,314,0,0,0,314
04/25/2010,MCI,MO,ACE,CE,Combined TRACON& Tower with Radar,257,82,7,0,346,0,0,5,0,5,257,82,12,0,351,0,0,0,351
04/26/2010,MCI,MO,ACE,CE,Combined TRACON& Tower with Radar,284,96,8,5,393,0,0,1,0,1,284,96,9,5,394,0,0,0,394
04/27/2010,MCI,MO,ACE,CE,Combined TRACON& Tower with Radar,293,104,9,8,414,0,0,5,0,5,293,104,14,8,419,0,0,0,419
04/28/2010,MCI,MO,ACE,CE,Combined TRACON& Tower with Radar,299,92,13,4,408,0,2,2,0,4,299,94,15,4,412,0,0,0,412
04/29/2010,MCI,MO,ACE,CE,Combined TRACON& Tower with Radar,297,102,18,3,420,0,0,1,0,1,297,102,19,3,421,0,0,0,421
04/30/2010,MCI,MO,ACE,CE,Combined TRACON& Tower with Radar,304,111,10,3,428,0,2,2,0,4,304,113,12,3,432,0,0,0,432
05/01/2010,MCI,MO,ACE,CE,Combined TRACON& Tower with Radar,265,65,26,2,358,0,0,5,0,5,265,65,31,2,363,0,0,0,363
05/02/2010,MCI,MO,ACE,CE,Combined TRACON& Tower with Radar,254,90,2,1,347,0,1,6,1,8,254,91,8,2,355,0,0,0,355
05/03/2010,MCI,MO,ACE,CE,Combined TRACON& Tower with Radar,289,95,13,9,406,0,2,7,0,9,289,97,20,9,415,0,0,0,415
05/04/2010,MCI,MO,ACE,CE,Combined TRACON& Tower with Radar,301,102,14,2,419,0,1,1,0,2,301,103,15,2,421,0,0,0,421
05/05/2010,MCI,MO,ACE,CE,Combined TRACON& Tower with Radar,300,98,11,10,419,0,1,16,0,17,300,99,27,10,436,0,0,0,436
05/06/2010,MCI,MO,ACE,CE,Combined TRACON& Tower with Radar,301,93,12,2,408,0,0,9,0,9,301,93,21,2,417,0,0,0,417
05/07/2010,MCI,MO,ACE,CE,Combined TRACON& Tower with Radar,296,105,13,0,414,0,0,2,0,2,296,105,15,0,416,0,0,0,416
05/08/2010,MCI,MO,ACE,CE,Combined TRACON& Tower with Radar,260,60,3,1,324,0,0,4,0,4,260,60,7,1,328,0,0,0,328
05/09/2010,MCI,MO,ACE,CE,Combined TRACON& Tower with Radar,268,84,14,0,366,0,0,6,0,6,268,84,20,0,372,0,0,0,372
05/10/2010,MCI,MO,ACE,CE,Combined TRACON& Tower with Radar,299,98,2,0,399,0,0,0,0,0,299,98,2,0,399,0,0,0,399
05/11/2010,MCI,MO,ACE,CE,Combined TRACON& Tower with Radar,319,95,8,4,426,0,0,5,0,5,319,95,13,4,431,0,0,0,431
05/12/2010,MCI,MO,ACE,CE,Combined TRACON& Tower with Radar,303,93,16,5,417,0,0,1,0,1,303,93,17,5,418,0,0,0,418
05/13/2010,MCI,MO,ACE,CE,Combined TRACON& Tower with Radar,335,103,10,0,448,0,1,1,0,2,335,104,11,0,450,0,0,0,450
05/14/2010,MCI,MO,ACE,CE,Combined TRACON& Tower with Radar,309,92,18,1,420,0,3,8,0,11,309,95,26,1,431,0,0,0,431
05/15/2010,MCI,MO,ACE,CE,Combined TRACON& Tower with Radar,267,68,8,2,345,0,0,2,0,2,267,68,10,2,347,0,0,0,347
05/16/2010,MCI,MO,ACE,CE,Combined TRACON& Tower with Radar,278,93,4,0,375,0,0,0,0,0,278,93,4,0,375,0,0,0,375
05/17/2010,MCI,MO,ACE,CE,Combined TRACON& Tower with Radar,311,101,11,2,425,0,1,4,0,5,311,102,15,2,430,0,0,0,430
05/18/2010,MCI,MO,ACE,CE,Combined TRACON& Tower with Radar,310,93,14,2,419,0,1,3,0,4,310,94,17,2,423,0,0,0,423
05/19/2010,MCI,MO,ACE,CE,Combined TRACON& Tower with Radar,312,94,8,3,417,0,2,5,0,7,312,96,13,3,424,0,0,0,424
05/20/2010,MCI,MO,ACE,CE,Combined TRACON& Tower with Radar,316,109,15,4,444,0,0,0,0,0,316,109,15,4,444,0,0,0,444
05/21/2010,MCI,MO,ACE,CE,Combined TRACON& Tower with Radar,312,101,18,0,431,0,0,0,0,0,312,101,18,0,431,0,0,0,431
05/22/2010,MCI,MO,ACE,CE,Combined TRACON& Tower with Radar,258,70,5,0,333,0,0,5,0,5,258,70,10,0,338,0,0,0,338
05/23/2010,MCI,MO,ACE,CE,Combined TRACON& Tower with Radar,271,84,6,1,362,0,0,0,0,0,271,84,6,1,362,0,0,0,362
05/24/2010,MCI,MO,ACE,CE,Combined TRACON& Tower with Radar,306,92,10,4,412,0,0,9,0,9,306,92,19,4,421,0,0,0,421
05/25/2010,MCI,MO,ACE,CE,Combined TRACON& Tower with Radar,320,96,10,0,426,0,0,4,2,6,320,96,14,2,432,0,0,0,432
05/26/2010,MCI,MO,ACE,CE,Combined TRACON& Tower with Radar,317,98,20,5,440,0,0,16,0,16,317,98,36,5,456,0,0,0,456
05/27/2010,MCI,MO,ACE,CE,Combined TRACON& Tower with Radar,318,94,9,0,421,0,1,30,0,31,318,95,39,0,452,0,0,0,452
05/28/2010,MCI,MO,ACE,CE,Combined TRACON& Tower with Radar,326,109,8,0,443,0,0,3,0,3,326,109,11,0,446,0,0,0,446
05/29/2010,MCI,MO,ACE,CE,Combined TRACON& Tower with Radar,263,67,2,0,332,0,1,9,0,10,263,68,11,0,342,0,0,0,342
05/30/2010,MCI,MO,ACE,CE,Combined TRACON& Tower with Radar,220,76,2,0,298,0,0,6,0,6,220,76,8,0,304,0,0,0,304
05/31/2010,MCI,MO,ACE,CE,Combined TRACON& Tower with Radar,276,81,4,0,361,0,0,6,0,6,276,81,10,0,367,0,0,0,367
06/01/2010,MCI,MO,ACE,CE,Combined TRACON& Tower with Radar,327,97,13,0,437,0,0,6,0,6,327,97,19,0,443,0,0,0,443
06/02/2010,MCI,MO,ACE,CE,Combined TRACON& Tower with Radar,319,89,16,1,425,0,0,0,0,0,319,89,16,1,425,0,0,0,425
06/03/2010,MCI,MO,ACE,CE,Combined TRACON& Tower with Radar,318,103,10,5,436,0,0,9,0,9,318,103,19,5,445,0,0,0,445
06/04/2010,MCI,MO,ACE,CE,Combined TRACON& Tower with Radar,322,100,5,1,428,0,0,5,1,6,322,100,10,2,434,0,0,0,434
06/05/2010,MCI,MO,ACE,CE,Combined TRACON& Tower with Radar,273,64,8,0,345,0,0,5,0,5,273,64,13,0,350,0,0,0,350
06/06/2010,MCI,MO,ACE,CE,Combined TRACON& Tower with Radar,267,83,7,0,357,0,0,19,0,19,267,83,26,0,376,0,0,0,376
06/07/2010,MCI,MO,ACE,CE,Combined TRACON& Tower with Radar,314,94,4,4,416,0,0,8,0,8,314,94,12,4,424,0,0,0,424
06/08/2010,MCI,MO,ACE,CE,Combined TRACON& Tower with Radar,310,90,7,0,407,0,4,3,0,7,310,94,10,0,414,0,0,0,414
06/09/2010,MCI,MO,ACE,CE,Combined TRACON& Tower with Radar,313,100,8,3,424,0,0,3,0,3,313,100,11,3,427,0,0,0,427
06/10/2010,MCI,MO,ACE,CE,Combined TRACON& Tower with Radar,316,115,23,3,457,0,0,2,1,3,316,115,25,4,460,0,0,0,460
06/11/2010,MCI,MO,ACE,CE,Combined TRACON& Tower with Radar,326,110,10,2,448,0,0,2,2,4,326,110,12,4,452,0,0,0,452
06/12/2010,MCI,MO,ACE,CE,Combined TRACON& Tower with Radar,284,64,11,0,359,0,0,1,0,1,284,64,12,0,360,0,0,0,360
06/13/2010,MCI,MO,ACE,CE,Combined TRACON& Tower with Radar,274,82,9,0,365,0,0,2,0,2,274,82,11,0,367,0,0,0,367
06/14/2010,MCI,MO,ACE,CE,Combined TRACON& Tower with Radar,310,97,12,8,427,0,0,4,0,4,310,97,16,8,431,0,0,0,431
06/15/2010,MCI,MO,ACE,CE,Combined TRACON& Tower with Radar,320,101,11,4,436,0,1,11,0,12,320,102,22,4,448,0,0,0,448
06/16/2010,MCI,MO,ACE,CE,Combined TRACON& Tower with Radar,320,119,15,8,462,0,0,3,0,3,320,119,18,8,465,0,0,0,465
06/17/2010,MCI,MO,ACE,CE,Combined TRACON& Tower with Radar,329,104,22,4,459,0,0,6,0,6,329,104,28,4,465,0,0,0,465
06/18/2010,MCI,MO,ACE,CE,Combined TRACON& Tower with Radar,309,104,8,4,425,0,0,4,2,6,309,104,12,6,431,0,0,0,431
06/19/2010,MCI,MO,ACE,CE,Combined TRACON& Tower with Radar,296,79,5,0,380,0,1,6,0,7,296,80,11,0,387,0,0,0,387
06/20/2010,MCI,MO,ACE,CE,Combined TRACON& Tower with Radar,280,84,6,0,370,0,0,7,0,7,280,84,13,0,377,0,0,0,377
06/21/2010,MCI,MO,ACE,CE,Combined TRACON& Tower with Radar,310,104,5,2,421,0,6,11,0,17,310,110,16,2,438,0,0,0,438
06/22/2010,MCI,MO,ACE,CE,Combined TRACON& Tower with Radar,324,117,13,0,454,0,0,19,0,19,324,117,32,0,473,0,0,0,473
06/23/2010,MCI,MO,ACE,CE,Combined TRACON& Tower with Radar,316,99,17,1,433,0,0,13,0,13,316,99,30,1,446,0,0,0,446
06/24/2010,MCI,MO,ACE,CE,Combined TRACON& Tower with Radar,323,106,22,3,454,0,3,18,2,23,323,109,40,5,477,0,0,0,477
06/25/2010,MCI,MO,ACE,CE,Combined TRACON& Tower with Radar,320,97,14,0,431,0,0,5,0,5,320,97,19,0,436,0,0,0,436
06/26/2010,MCI,MO,ACE,CE,Combined TRACON& Tower with Radar,278,68,7,0,353,0,0,3,0,3,278,68,10,0,356,0,0,0,356
06/27/2010,MCI,MO,ACE,CE,Combined TRACON& Tower with Radar,296,80,11,0,387,0,0,14,0,14,296,80,25,0,401,0,0,0,401
06/28/2010,MCI,MO,ACE,CE,Combined TRACON& Tower with Radar,300,95,17,0,412,0,0,12,0,12,300,95,29,0,424,0,0,0,424
06/29/2010,MCI,MO,ACE,CE,Combined TRACON& Tower with Radar,315,107,9,2,433,0,0,18,0,18,315,107,27,2,451,0,0,0,451
06/30/2010,MCI,MO,ACE,CE,Combined TRACON& Tower with Radar,313,108,11,2,434,0,0,3,0,3,313,108,14,2,437,0,0,0,437
07/01/2010,MCI,MO,ACE,CE,Combined TRACON& Tower with Radar,323,108,5,0,436,0,0,6,0,6,323,108,11,0,442,0,0,0,442
07/02/2010,MCI,MO,ACE,CE,Combined TRACON& Tower with Radar,317,99,4,0,420,0,1,12,0,13,317,100,16,0,433,0,0,0,433
07/03/2010,MCI,MO,ACE,CE,Combined TRACON& Tower with Radar,263,67,9,0,339,0,0,4,0,4,263,67,13,0,343,0,0,0,343
07/04/2010,MCI,MO,ACE,CE,Combined TRACON& Tower with Radar,217,66,1,0,284,0,0,2,0,2,217,66,3,0,286,0,0,0,286
07/05/2010,MCI,MO,ACE,CE,Combined TRACON& Tower with Radar,272,95,7,0,374,0,0,1,0,1,272,95,8,0,375,0,0,0,375
07/06/2010,MCI,MO,ACE,CE,Combined TRACON& Tower with Radar,306,93,5,2,406,0,0,4,0,4,306,93,9,2,410,0,0,0,410
07/07/2010,MCI,MO,ACE,CE,Combined TRACON& Tower with Radar,320,99,12,3,434,0,0,0,0,0,320,99,12,3,434,0,0,0,434
07/08/2010,MCI,MO,ACE,CE,Combined TRACON& Tower with Radar,314,106,22,1,443,0,0,5,0,5,314,106,27,1,448,0,0,0,448
07/09/2010,MCI,MO,ACE,CE,Combined TRACON& Tower with Radar,315,98,16,0,429,0,0,7,0,7,315,98,23,0,436,0,0,0,436
07/10/2010,MCI,MO,ACE,CE,Combined TRACON& Tower with Radar,281,67,7,0,355,0,0,30,0,30,281,67,37,0,385,0,0,0,385
07/11/2010,MCI,MO,ACE,CE,Combined TRACON& Tower with Radar,277,81,10,0,368,0,0,7,0,7,277,81,17,0,375,0,0,0,375
07/12/2010,MCI,MO,ACE,CE,Combined TRACON& Tower with Radar,306,99,4,6,415,0,0,6,0,6,306,99,10,6,421,0,0,0,421
07/13/2010,MCI,MO,ACE,CE,Combined TRACON& Tower with Radar,306,96,39,4,445,0,0,5,0,5,306,96,44,4,450,0,0,0,450
07/14/2010,MCI,MO,ACE,CE,Combined TRACON& Tower with Radar,318,104,14,3,439,0,0,7,0,7,318,104,21,3,446,0,0,0,446
07/15/2010,MCI,MO,ACE,CE,Combined TRACON& Tower with Radar,319,105,6,4,434,0,0,1,0,1,319,105,7,4,435,0,0,0,435
07/16/2010,MCI,MO,ACE,CE,Combined TRACON& Tower with Radar,318,108,18,0,444,0,3,5,0,8,318,111,23,0,452,0,0,0,452
07/17/2010,MCI,MO,ACE,CE,Combined TRACON& Tower with Radar,292,72,8,0,372,0,0,7,0,7,292,72,15,0,379,0,0,0,379
07/18/2010,MCI,MO,ACE,CE,Combined TRACON& Tower with Radar,281,81,9,0,371,0,0,13,0,13,281,81,22,0,384,0,0,0,384
07/19/2010,MCI,MO,ACE,CE,Combined TRACON& Tower with Radar,309,106,10,0,425,0,0,2,2,4,309,106,12,2,429,0,0,0,429
07/20/2010,MCI,MO,ACE,CE,Combined TRACON& Tower with Radar,309,102,15,5,431,0,1,2,0,3,309,103,17,5,434,0,0,0,434
07/21/2010,MCI,MO,ACE,CE,Combined TRACON& Tower with Radar,335,104,10,2,451,0,3,1,0,4,335,107,11,2,455,0,0,0,455
07/22/2010,MCI,MO,ACE,CE,Combined TRACON& Tower with Radar,310,104,17,0,431,0,0,3,0,3,310,104,20,0,434,0,0,0,434
07/23/2010,MCI,MO,ACE,CE,Combined TRACON& Tower with Radar,319,96,7,0,422,0,0,8,0,8,319,96,15,0,430,0,0,0,430
07/24/2010,MCI,MO,ACE,CE,Combined TRACON& Tower with Radar,281,61,6,0,348,0,0,6,0,6,281,61,12,0,354,0,0,0,354
07/25/2010,MCI,MO,ACE,CE,Combined TRACON& Tower with Radar,276,84,5,0,365,0,0,16,0,16,276,84,21,0,381,0,0,0,381
07/26/2010,MCI,MO,ACE,CE,Combined TRACON& Tower with Radar,311,101,12,4,428,0,0,4,0,4,311,101,16,4,432,0,0,0,432
07/27/2010,MCI,MO,ACE,CE,Combined TRACON& Tower with Radar,311,104,16,3,434,0,0,16,0,16,311,104,32,3,450,0,0,0,450
07/28/2010,MCI,MO,ACE,CE,Combined TRACON& Tower with Radar,312,98,7,4,421,0,0,8,0,8,312,98,15,4,429,0,0,0,429
07/29/2010,MCI,MO,ACE,CE,Combined TRACON& Tower with Radar,320,96,18,2,436,0,0,7,0,7,320,96,25,2,443,0,0,0,443
07/30/2010,MCI,MO,ACE,CE,Combined TRACON& Tower with Radar,323,103,4,0,430,0,0,21,0,21,323,103,25,0,451,0,0,0,451
07/31/2010,MCI,MO,ACE,CE,Combined TRACON& Tower with Radar,279,74,4,0,357,0,0,28,0,28,279,74,32,0,385,0,0,0,385
08/01/2010,MCI,MO,ACE,CE,Combined TRACON& Tower with Radar,279,81,7,0,367,0,0,15,0,15,279,81,22,0,382,0,0,0,382
08/02/2010,MCI,MO,ACE,CE,Combined TRACON& Tower with Radar,312,101,12,2,427,0,0,6,0,6,312,101,18,2,433,0,0,0,433
08/03/2010,MCI,MO,ACE,CE,Combined TRACON& Tower with Radar,311,106,4,1,422,0,0,2,0,2,311,106,6,1,424,0,0,0,424
08/04/2010,MCI,MO,ACE,CE,Combined TRACON& Tower with Radar,306,97,12,2,417,0,0,9,0,9,306,97,21,2,426,0,0,0,426
08/05/2010,MCI,MO,ACE,CE,Combined TRACON& Tower with Radar,309,100,12,2,423,0,0,4,0,4,309,100,16,2,427,0,0,0,427
08/06/2010,MCI,MO,ACE,CE,Combined TRACON& Tower with Radar,312,105,9,0,426,0,0,2,0,2,312,105,11,0,428,0,0,0,428
08/07/2010,MCI,MO,ACE,CE,Combined TRACON& Tower with Radar,273,67,6,0,346,0,0,11,0,11,273,67,17,0,357,0,0,0,357
08/08/2010,MCI,MO,ACE,CE,Combined TRACON& Tower with Radar,281,81,9,0,371,0,0,9,0,9,281,81,18,0,380,0,0,0,380
08/09/2010,MCI,MO,ACE,CE,Combined TRACON& Tower with Radar,303,100,8,0,411,0,0,4,0,4,303,100,12,0,415,0,0,0,415
08/10/2010,MCI,MO,ACE,CE,Combined TRACON& Tower with Radar,312,112,18,4,446,0,0,1,0,1,312,112,19,4,447,0,0,0,447
08/11/2010,MCI,MO,ACE,CE,Combined TRACON& Tower with Radar,306,106,12,3,427,0,0,6,0,6,306,106,18,3,433,0,0,0,433
08/12/2010,MCI,MO,ACE,CE,Combined TRACON& Tower with Radar,317,111,15,0,443,0,0,2,0,2,317,111,17,0,445,0,0,0,445
08/13/2010,MCI,MO,ACE,CE,Combined TRACON& Tower with Radar,296,88,16,2,402,0,0,10,0,10,296,88,26,2,412,0,0,0,412
08/14/2010,MCI,MO,ACE,CE,Combined TRACON& Tower with Radar,295,74,13,0,382,0,0,18,0,18,295,74,31,0,400,0,0,0,400
08/15/2010,MCI,MO,ACE,CE,Combined TRACON& Tower with Radar,283,84,6,3,376,0,0,24,0,24,283,84,30,3,400,0,0,0,400
08/16/2010,MCI,MO,ACE,CE,Combined TRACON& Tower with Radar,302,97,5,3,407,0,0,2,0,2,302,97,7,3,409,0,0,0,409
08/17/2010,MCI,MO,ACE,CE,Combined TRACON& Tower with Radar,310,97,13,10,430,0,0,0,0,0,310,97,13,10,430,0,0,0,430
08/18/2010,MCI,MO,ACE,CE,Combined TRACON& Tower with Radar,307,105,19,2,433,0,1,0,0,1,307,106,19,2,434,0,0,0,434
08/19/2010,MCI,MO,ACE,CE,Combined TRACON& Tower with Radar,312,108,10,4,434,0,1,7,0,8,312,109,17,4,442,0,0,0,442
08/20/2010,MCI,MO,ACE,CE,Combined TRACON& Tower with Radar,313,97,10,2,422,0,0,4,0,4,313,97,14,2,426,0,0,0,426
08/21/2010,MCI,MO,ACE,CE,Combined TRACON& Tower with Radar,254,68,8,0,330,0,0,26,0,26,254,68,34,0,356,0,0,0,356
08/22/2010,MCI,MO,ACE,CE,Combined TRACON& Tower with Radar,269,88,14,0,371,0,0,9,0,9,269,88,23,0,380,0,0,0,380
08/23/2010,MCI,MO,ACE,CE,Combined TRACON& Tower with Radar,304,109,12,0,425,0,1,7,0,8,304,110,19,0,433,0,0,0,433
08/24/2010,MCI,MO,ACE,CE,Combined TRACON& Tower with Radar,311,98,13,0,422,0,0,2,0,2,311,98,15,0,424,0,0,0,424
08/25/2010,MCI,MO,ACE,CE,Combined TRACON& Tower with Radar,313,92,11,4,420,0,0,13,0,13,313,92,24,4,433,0,0,0,433
08/26/2010,MCI,MO,ACE,CE,Combined TRACON& Tower with Radar,312,109,11,2,434,0,0,3,0,3,312,109,14,2,437,0,0,0,437
08/27/2010,MCI,MO,ACE,CE,Combined TRACON& Tower with Radar,319,102,5,4,430,0,0,2,0,2,319,102,7,4,432,0,0,0,432
08/28/2010,MCI,MO,ACE,CE,Combined TRACON& Tower with Radar,256,63,3,0,322,0,0,9,0,9,256,63,12,0,331,0,0,0,331
08/29/2010,MCI,MO,ACE,CE,Combined TRACON& Tower with Radar,268,81,5,0,354,0,0,2,0,2,268,81,7,0,356,0,0,0,356
08/30/2010,MCI,MO,ACE,CE,Combined TRACON& Tower with Radar,305,97,8,14,424,0,1,8,0,9,305,98,16,14,433,0,0,0,433
08/31/2010,MCI,MO,ACE,CE,Combined TRACON& Tower with Radar,306,96,16,0,418,0,0,3,0,3,306,96,19,0,421,0,0,0,421
09/01/2010,MCI,MO,ACE,CE,Combined TRACON& Tower with Radar,309,91,22,0,422,0,0,5,0,5,309,91,27,0,427,0,0,0,427
09/02/2010,MCI,MO,ACE,CE,Combined TRACON& Tower with Radar,322,100,9,6,437,0,0,0,0,0,322,100,9,6,437,0,0,0,437
09/03/2010,MCI,MO,ACE,CE,Combined TRACON& Tower with Radar,323,93,15,0,431,0,0,12,0,12,323,93,27,0,443,0,0,0,443
09/04/2010,MCI,MO,ACE,CE,Combined TRACON& Tower with Radar,239,47,0,0,286,0,0,6,0,6,239,47,6,0,292,0,0,0,292
09/05/2010,MCI,MO,ACE,CE,Combined TRACON& Tower with Radar,208,63,2,0,273,0,0,10,0,10,208,63,12,0,283,0,0,0,283
09/06/2010,MCI,MO,ACE,CE,Combined TRACON& Tower with Radar,268,90,6,0,364,0,0,1,0,1,268,90,7,0,365,0,0,0,365
09/07/2010,MCI,MO,ACE,CE,Combined TRACON& Tower with Radar,310,90,9,4,413,0,4,11,0,15,310,94,20,4,428,0,0,0,428
09/08/2010,MCI,MO,ACE,CE,Combined TRACON& Tower with Radar,313,90,11,5,419,0,4,6,0,10,313,94,17,5,429,0,0,0,429
09/09/2010,MCI,MO,ACE,CE,Combined TRACON& Tower with Radar,325,96,13,1,435,0,0,2,0,2,325,96,15,1,437,0,0,0,437
09/10/2010,MCI,MO,ACE,CE,Combined TRACON& Tower with Radar,314,82,15,0,411,0,0,2,0,2,314,82,17,0,413,0,0,0,413
09/11/2010,MCI,MO,ACE,CE,Combined TRACON& Tower with Radar,267,59,7,0,333,0,0,25,0,25,267,59,32,0,358,0,0,0,358
09/12/2010,MCI,MO,ACE,CE,Combined TRACON& Tower with Radar,272,78,5,0,355,0,0,17,0,17,272,78,22,0,372,0,0,0,372
09/13/2010,MCI,MO,ACE,CE,Combined TRACON& Tower with Radar,305,88,2,0,395,0,0,0,0,0,305,88,2,0,395,0,0,0,395
09/14/2010,MCI,MO,ACE,CE,Combined TRACON& Tower with Radar,324,86,5,2,417,0,0,2,0,2,324,86,7,2,419,0,0,0,419
09/15/2010,MCI,MO,ACE,CE,Combined TRACON& Tower with Radar,315,88,7,1,411,0,0,0,0,0,315,88,7,1,411,0,0,0,411
09/16/2010,MCI,MO,ACE,CE,Combined TRACON& Tower with Radar,317,94,24,1,436,0,1,5,0,6,317,95,29,1,442,0,0,0,442
09/17/2010,MCI,MO,ACE,CE,Combined TRACON& Tower with Radar,318,93,4,2,417,0,0,3,0,3,318,93,7,2,420,0,0,0,420
09/18/2010,MCI,MO,ACE,CE,Combined TRACON& Tower with Radar,257,47,2,0,306,0,0,14,0,14,257,47,16,0,320,0,0,0,320
09/19/2010,MCI,MO,ACE,CE,Combined TRACON& Tower with Radar,274,81,6,0,361,0,0,6,0,6,274,81,12,0,367,0,0,0,367
09/20/2010,MCI,MO,ACE,CE,Combined TRACON& Tower with Radar,308,91,10,4,413,0,1,7,0,8,308,92,17,4,421,0,0,0,421
09/21/2010,MCI,MO,ACE,CE,Combined TRACON& Tower with Radar,310,78,7,2,397,0,6,6,0,12,310,84,13,2,409,0,0,0,409
09/22/2010,MCI,MO,ACE,CE,Combined TRACON& Tower with Radar,322,91,27,0,440,0,1,8,2,11,322,92,35,2,451,0,0,0,451
09/23/2010,MCI,MO,ACE,CE,Combined TRACON& Tower with Radar,318,92,15,6,431,0,4,5,0,9,318,96,20,6,440,0,0,0,440
09/24/2010,MCI,MO,ACE,CE,Combined TRACON& Tower with Radar,315,90,15,2,422,0,2,4,0,6,315,92,19,2,428,0,0,0,428
09/25/2010,MCI,MO,ACE,CE,Combined TRACON& Tower with Radar,252,49,5,0,306,0,1,5,0,6,252,50,10,0,312,0,0,0,312
09/26/2010,MCI,MO,ACE,CE,Combined TRACON& Tower with Radar,273,81,4,10,368,0,0,11,0,11,273,81,15,10,379,0,0,0,379
09/27/2010,MCI,MO,ACE,CE,Combined TRACON& Tower with Radar,304,87,2,2,395,0,2,4,0,6,304,89,6,2,401,0,0,0,401
09/28/2010,MCI,MO,ACE,CE,Combined TRACON& Tower with Radar,313,87,20,0,420,0,5,0,1,6,313,92,20,1,426,0,0,0,426
09/29/2010,MCI,MO,ACE,CE,Combined TRACON& Tower with Radar,319,88,21,8,436,0,2,8,0,10,319,90,29,8,446,0,0,0,446
09/30/2010,MCI,MO,ACE,CE,Combined TRACON& Tower with Radar,316,96,25,8,445,0,3,14,0,17,316,99,39,8,462,0,0,0,462
10/01/2010,MCI,MO,ACE,CE,Combined TRACON& Tower with Radar,312,97,9,0,418,0,1,12,0,13,312,98,21,0,431,0,0,0,431
10/02/2010,MCI,MO,ACE,CE,Combined TRACON& Tower with Radar,248,65,14,2,329,0,0,11,0,11,248,65,25,2,340,0,0,0,340
10/03/2010,MCI,MO,ACE,CE,Combined TRACON& Tower with Radar,263,90,30,2,385,0,0,27,0,27,263,90,57,2,412,0,0,0,412
10/04/2010,MCI,MO,ACE,CE,Combined TRACON& Tower with Radar,297,94,9,4,404,0,0,7,0,7,297,94,16,4,411,0,0,0,411
10/05/2010,MCI,MO,ACE,CE,Combined TRACON& Tower with Radar,305,89,11,0,405,0,0,7,0,7,305,89,18,0,412,0,0,0,412
10/06/2010,MCI,MO,ACE,CE,Combined TRACON& Tower with Radar,317,88,23,3,431,0,2,8,0,10,317,90,31,3,441,0,0,0,441
10/07/2010,MCI,MO,ACE,CE,Combined TRACON& Tower with Radar,323,95,18,2,438,0,3,11,0,14,323,98,29,2,452,0,0,0,452
10/08/2010,MCI,MO,ACE,CE,Combined TRACON& Tower with Radar,322,104,3,4,433,0,0,7,0,7,322,104,10,4,440,0,0,0,440
10/09/2010,MCI,MO,ACE,CE,Combined TRACON& Tower with Radar,250,63,6,0,319,0,0,13,0,13,250,63,19,0,332,0,0,0,332
10/10/2010,MCI,MO,ACE,CE,Combined TRACON& Tower with Radar,265,86,5,0,356,0,0,7,0,7,265,86,12,0,363,0,0,0,363
10/11/2010,MCI,MO,ACE,CE,Combined TRACON& Tower with Radar,301,102,22,0,425,0,0,2,0,2,301,102,24,0,427,0,0,0,427
10/12/2010,MCI,MO,ACE,CE,Combined TRACON& Tower with Radar,316,93,22,0,431,0,1,6,0,7,316,94,28,0,438,0,0,0,438
10/13/2010,MCI,MO,ACE,CE,Combined TRACON& Tower with Radar,315,101,18,2,436,0,0,19,2,21,315,101,37,4,457,0,0,0,457
10/14/2010,MCI,MO,ACE,CE,Combined TRACON& Tower with Radar,313,105,28,0,446,0,2,10,0,12,313,107,38,0,458,0,0,0,458
10/15/2010,MCI,MO,ACE,CE,Combined TRACON& Tower with Radar,341,99,10,2,452,0,0,7,0,7,341,99,17,2,459,26,0,26,485
10/16/2010,MCI,MO,ACE,CE,Combined TRACON& Tower with Radar,252,62,6,0,320,0,0,9,0,9,252,62,15,0,329,0,0,0,329
10/17/2010,MCI,MO,ACE,CE,Combined TRACON& Tower with Radar,266,81,3,0,350,0,0,18,0,18,266,81,21,0,368,0,0,0,368
10/18/2010,MCI,MO,ACE,CE,Combined TRACON& Tower with Radar,302,95,13,4,414,0,2,2,0,4,302,97,15,4,418,0,0,0,418
10/19/2010,MCI,MO,ACE,CE,Combined TRACON& Tower with Radar,307,89,11,5,412,0,0,27,0,27,307,89,38,5,439,0,0,0,439
10/20/2010,MCI,MO,ACE,CE,Combined TRACON& Tower with Radar,313,95,14,2,424,0,2,5,0,7,313,97,19,2,431,0,0,0,431
10/21/2010,MCI,MO,ACE,CE,Combined TRACON& Tower with Radar,315,100,12,5,432,0,0,12,0,12,315,100,24,5,444,0,0,0,444
10/22/2010,MCI,MO,ACE,CE,Combined TRACON& Tower with Radar,316,96,16,9,437,0,0,1,0,1,316,96,17,9,438,0,0,0,438
10/23/2010,MCI,MO,ACE,CE,Combined TRACON& Tower with Radar,241,64,2,2,309,0,0,0,0,0,241,64,2,2,309,0,0,0,309
10/24/2010,MCI,MO,ACE,CE,Combined TRACON& Tower with Radar,274,77,4,1,356,0,0,4,0,4,274,77,8,1,360,0,0,0,360
10/25/2010,MCI,MO,ACE,CE,Combined TRACON& Tower with Radar,306,97,20,2,425,0,0,3,2,5,306,97,23,4,430,0,0,0,430
10/26/2010,MCI,MO,ACE,CE,Combined TRACON& Tower with Radar,308,94,22,5,429,0,0,14,0,14,308,94,36,5,443,0,0,0,443
10/27/2010,MCI,MO,ACE,CE,Combined TRACON& Tower with Radar,310,86,15,15,426,0,0,3,0,3,310,86,18,15,429,0,0,0,429
10/28/2010,MCI,MO,ACE,CE,Combined TRACON& Tower with Radar,323,104,21,5,453,0,0,5,0,5,323,104,26,5,458,0,0,0,458
10/29/2010,MCI,MO,ACE,CE,Combined TRACON& Tower with Radar,321,98,14,0,433,0,5,9,0,14,321,103,23,0,447,0,0,0,447
10/30/2010,MCI,MO,ACE,CE,Combined TRACON& Tower with Radar,244,63,8,0,315,0,2,9,0,11,244,65,17,0,326,0,0,0,326
10/31/2010,MCI,MO,ACE,CE,Combined TRACON& Tower with Radar,260,78,2,2,342,0,0,9,0,9,260,78,11,2,351,0,0,0,351
11/01/2010,MCI,MO,ACE,CE,Combined TRACON& Tower with Radar,305,89,8,6,408,0,0,4,0,4,305,89,12,6,412,0,0,0,412
11/02/2010,MCI,MO,ACE,CE,Combined TRACON& Tower with Radar,311,83,14,10,418,0,2,7,2,11,311,85,21,12,429,0,0,0,429
11/03/2010,MCI,MO,ACE,CE,Combined TRACON& Tower with Radar,321,89,12,0,422,0,0,2,2,4,321,89,14,2,426,0,0,0,426
11/04/2010,MCI,MO,ACE,CE,Combined TRACON& Tower with Radar,312,85,15,1,413,0,0,3,1,4,312,85,18,2,417,0,0,0,417
11/05/2010,MCI,MO,ACE,CE,Combined TRACON& Tower with Radar,323,95,2,0,420,0,1,5,0,6,323,96,7,0,426,0,0,0,426
11/06/2010,MCI,MO,ACE,CE,Combined TRACON& Tower with Radar,253,61,7,0,321,0,0,12,0,12,253,61,19,0,333,0,0,0,333
11/07/2010,MCI,MO,ACE,CE,Combined TRACON& Tower with Radar,287,86,12,0,385,0,1,5,2,8,287,87,17,2,393,0,0,0,393
11/08/2010,MCI,MO,ACE,CE,Combined TRACON& Tower with Radar,309,85,15,6,415,0,1,11,0,12,309,86,26,6,427,0,0,0,427
11/09/2010,MCI,MO,ACE,CE,Combined TRACON& Tower with Radar,314,88,11,0,413,0,0,1,0,1,314,88,12,0,414,0,0,0,414
11/10/2010,MCI,MO,ACE,CE,Combined TRACON& Tower with Radar,319,96,13,15,443,0,2,4,0,6,319,98,17,15,449,0,0,0,449
11/11/2010,MCI,MO,ACE,CE,Combined TRACON& Tower with Radar,320,98,18,1,437,0,0,1,0,1,320,98,19,1,438,0,0,0,438
11/12/2010,MCI,MO,ACE,CE,Combined TRACON& Tower with Radar,331,100,17,0,448,0,0,0,0,0,331,100,17,0,448,0,0,0,448
11/13/2010,MCI,MO,ACE,CE,Combined TRACON& Tower with Radar,252,63,5,0,320,0,0,6,0,6,252,63,11,0,326,0,0,0,326
11/14/2010,MCI,MO,ACE,CE,Combined TRACON& Tower with Radar,282,79,7,0,368,0,0,8,0,8,282,79,15,0,376,0,0,0,376
11/15/2010,MCI,MO,ACE,CE,Combined TRACON& Tower with Radar,313,90,14,2,419,0,2,2,0,4,313,92,16,2,423,0,0,0,423
11/16/2010,MCI,MO,ACE,CE,Combined TRACON& Tower with Radar,316,87,9,10,422,0,0,0,0,0,316,87,9,10,422,0,0,0,422
11/17/2010,MCI,MO,ACE,CE,Combined TRACON& Tower with Radar,317,82,7,0,406,0,0,0,0,0,317,82,7,0,406,0,0,0,406
11/18/2010,MCI,MO,ACE,CE,Combined TRACON& Tower with Radar,326,92,9,8,435,0,0,9,0,9,326,92,18,8,444,0,0,0,444
11/19/2010,MCI,MO,ACE,CE,Combined TRACON& Tower with Radar,325,92,14,2,433,0,1,6,0,7,325,93,20,2,440,0,0,0,440
11/20/2010,MCI,MO,ACE,CE,Combined TRACON& Tower with Radar,266,52,11,0,329,0,0,5,0,5,266,52,16,0,334,0,0,0,334
11/21/2010,MCI,MO,ACE,CE,Combined TRACON& Tower with Radar,288,77,16,2,383,0,0,6,0,6,288,77,22,2,389,0,0,0,389
11/22/2010,MCI,MO,ACE,CE,Combined TRACON& Tower with Radar,317,78,12,10,417,0,0,2,0,2,317,78,14,10,419,0,0,0,419
11/23/2010,MCI,MO,ACE,CE,Combined TRACON& Tower with Radar,335,83,15,1,434,0,0,5,4,9,335,83,20,5,443,0,0,0,443
11/24/2010,MCI,MO,ACE,CE,Combined TRACON& Tower with Radar,345,102,20,0,467,0,0,0,0,0,345,102,20,0,467,0,0,0,467
11/25/2010,MCI,MO,ACE,CE,Combined TRACON& Tower with Radar,202,59,0,0,261,0,0,1,0,1,202,59,1,0,262,0,0,0,262
11/26/2010,MCI,MO,ACE,CE,Combined TRACON& Tower with Radar,240,59,2,0,301,0,0,1,0,1,240,59,3,0,302,0,0,0,302
11/27/2010,MCI,MO,ACE,CE,Combined TRACON& Tower with Radar,292,69,4,0,365,0,0,3,0,3,292,69,7,0,368,0,0,0,368
11/28/2010,MCI,MO,ACE,CE,Combined TRACON& Tower with Radar,319,88,5,0,412,0,0,1,0,1,319,88,6,0,413,0,0,0,413
11/29/2010,MCI,MO,ACE,CE,Combined TRACON& Tower with Radar,324,93,12,2,431,0,0,2,0,2,324,93,14,2,433,0,0,0,433
11/30/2010,MCI,MO,ACE,CE,Combined TRACON& Tower with Radar,325,80,16,1,422,0,1,3,0,4,325,81,19,1,426,0,0,0,426
12/01/2010,MCI,MO,ACE,CE,Combined TRACON& Tower with Radar,313,73,13,1,400,0,1,6,0,7,313,74,19,1,407,0,0,0,407
12/02/2010,MCI,MO,ACE,CE,Combined TRACON& Tower with Radar,327,93,13,6,439,0,6,9,0,15,327,99,22,6,454,0,0,0,454
12/03/2010,MCI,MO,ACE,CE,Combined TRACON& Tower with Radar,323,84,7,2,416,0,0,0,0,0,323,84,7,2,416,0,0,0,416
12/04/2010,MCI,MO,ACE,CE,Combined TRACON& Tower with Radar,244,49,8,0,301,0,0,1,0,1,244,49,9,0,302,0,0,0,302
12/05/2010,MCI,MO,ACE,CE,Combined TRACON& Tower with Radar,281,72,6,0,359,0,0,5,0,5,281,72,11,0,364,0,0,0,364
12/06/2010,MCI,MO,ACE,CE,Combined TRACON& Tower with Radar,310,88,15,2,415,0,2,9,0,11,310,90,24,2,426,0,0,0,426
12/07/2010,MCI,MO,ACE,CE,Combined TRACON& Tower with Radar,310,79,11,0,400,0,10,26,0,36,310,89,37,0,436,0,0,0,436
12/08/2010,MCI,MO,ACE,CE,Combined TRACON& Tower with Radar,321,91,14,3,429,0,0,14,0,14,321,91,28,3,443,0,0,0,443
12/09/2010,MCI,MO,ACE,CE,Combined TRACON& Tower with Radar,318,97,12,5,432,0,0,4,0,4,318,97,16,5,436,0,0,0,436
12/10/2010,MCI,MO,ACE,CE,Combined TRACON& Tower with Radar,325,88,12,0,425,0,1,2,0,3,325,89,14,0,428,0,0,0,428
12/11/2010,MCI,MO,ACE,CE,Combined TRACON& Tower with Radar,250,49,6,0,305,0,0,2,0,2,250,49,8,0,307,0,0,0,307
12/12/2010,MCI,MO,ACE,CE,Combined TRACON& Tower with Radar,249,62,2,1,314,0,0,2,0,2,249,62,4,1,316,0,0,0,316
12/13/2010,MCI,MO,ACE,CE,Combined TRACON& Tower with Radar,314,88,10,8,420,0,0,5,0,5,314,88,15,8,425,0,0,0,425
12/14/2010,MCI,MO,ACE,CE,Combined TRACON& Tower with Radar,309,80,6,10,405,0,2,1,0,3,309,82,7,10,408,0,0,0,408
12/15/2010,MCI,MO,ACE,CE,Combined TRACON& Tower with Radar,317,83,17,0,417,0,1,2,1,4,317,84,19,1,421,0,0,0,421
12/16/2010,MCI,MO,ACE,CE,Combined TRACON& Tower with Radar,322,86,10,0,418,0,0,4,0,4,322,86,14,0,422,0,0,0,422
12/17/2010,MCI,MO,ACE,CE,Combined TRACON& Tower with Radar,331,89,5,0,425,0,0,2,0,2,331,89,7,0,427,0,0,0,427
12/18/2010,MCI,MO,ACE,CE,Combined TRACON& Tower with Radar,278,68,2,0,348,0,0,3,0,3,278,68,5,0,351,0,0,0,351
12/19/2010,MCI,MO,ACE,CE,Combined TRACON& Tower with Radar,288,74,5,0,367,0,0,2,0,2,288,74,7,0,369,0,0,0,369
12/20/2010,MCI,MO,ACE,CE,Combined TRACON& Tower with Radar,303,92,6,0,401,0,0,1,0,1,303,92,7,0,402,0,0,0,402
12/21/2010,MCI,MO,ACE,CE,Combined TRACON& Tower with Radar,326,85,7,2,420,0,3,10,0,13,326,88,17,2,433,0,0,0,433
12/22/2010,MCI,MO,ACE,CE,Combined TRACON& Tower with Radar,326,88,11,2,427,0,0,2,0,2,326,88,13,2,429,0,0,0,429
12/23/2010,MCI,MO,ACE,CE,Combined TRACON& Tower with Radar,332,85,7,0,424,0,0,2,0,2,332,85,9,0,426,0,0,0,426
12/24/2010,MCI,MO,ACE,CE,Combined TRACON& Tower with Radar,252,80,3,0,335,0,0,0,0,0,252,80,3,0,335,0,0,0,335
12/25/2010,MCI,MO,ACE,CE,Combined TRACON& Tower with Radar,199,52,2,0,253,0,0,0,0,0,199,52,2,0,253,0,0,0,253
12/26/2010,MCI,MO,ACE,CE,Combined TRACON& Tower with Radar,278,71,6,0,355,0,0,3,0,3,278,71,9,0,358,0,0,0,358
12/27/2010,MCI,MO,ACE,CE,Combined TRACON& Tower with Radar,296,72,7,0,375,0,0,4,0,4,296,72,11,0,379,0,0,0,379
12/28/2010,MCI,MO,ACE,CE,Combined TRACON& Tower with Radar,330,89,2,0,421,0,0,4,0,4,330,89,6,0,425,0,0,0,425
12/29/2010,MCI,MO,ACE,CE,Combined TRACON& Tower with Radar,319,83,12,0,414,0,0,0,0,0,319,83,12,0,414,0,0,0,414
12/30/2010,MCI,MO,ACE,CE,Combined TRACON& Tower with Radar,313,93,14,0,420,0,0,1,0,1,313,93,15,0,421,0,0,0,421
12/31/2010,MCI,MO,ACE,CE,Combined TRACON& Tower with Radar,262,81,2,0,345,0,1,0,0,1,262,82,2,0,346,0,0,0,346
01/01/2011,MCI,MO,ACE,CE,Combined TRACON& Tower with Radar,235,59,6,0,300,0,0,4,0,4,235,59,10,0,304,0,0,0,304
01/02/2011,MCI,MO,ACE,CE,Combined TRACON& Tower with Radar,290,77,5,0,372,0,0,4,0,4,290,77,9,0,376,0,0,0,376
01/03/2011,MCI,MO,ACE,CE,Combined TRACON& Tower with Radar,305,90,12,0,407,0,0,2,0,2,305,90,14,0,409,0,0,0,409
01/04/2011,MCI,MO,ACE,CE,Combined TRACON& Tower with Radar,314,86,16,2,418,0,0,4,0,4,314,86,20,2,422,0,0,0,422
01/05/2011,MCI,MO,ACE,CE,Combined TRACON& Tower with Radar,306,84,0,6,396,0,2,0,0,2,306,86,0,6,398,0,0,0,398
01/06/2011,MCI,MO,ACE,CE,Combined TRACON& Tower with Radar,303,91,8,21,423,0,0,7,0,7,303,91,15,21,430,0,0,0,430
01/07/2011,MCI,MO,ACE,CE,Combined TRACON& Tower with Radar,318,85,7,7,417,0,0,3,0,3,318,85,10,7,420,0,0,0,420
01/08/2011,MCI,MO,ACE,CE,Combined TRACON& Tower with Radar,240,61,2,0,303,0,0,2,0,2,240,61,4,0,305,0,0,0,305
01/09/2011,MCI,MO,ACE,CE,Combined TRACON& Tower with Radar,253,82,5,0,340,0,0,8,0,8,253,82,13,0,348,0,0,0,348
01/10/2011,MCI,MO,ACE,CE,Combined TRACON& Tower with Radar,265,88,9,0,362,0,0,0,0,0,265,88,9,0,362,0,0,0,362
01/11/2011,MCI,MO,ACE,CE,Combined TRACON& Tower with Radar,266,84,5,0,355,0,2,2,0,4,266,86,7,0,359,0,0,0,359
01/12/2011,MCI,MO,ACE,CE,Combined TRACON& Tower with Radar,292,77,5,0,374,0,0,2,0,2,292,77,7,0,376,0,0,0,376
01/13/2011,MCI,MO,ACE,CE,Combined TRACON& Tower with Radar,296,98,15,8,417,0,1,2,0,3,296,99,17,8,420,0,0,0,420
01/14/2011,MCI,MO,ACE,CE,Combined TRACON& Tower with Radar,310,91,17,3,421,0,0,4,2,6,310,91,21,5,427,0,0,0,427
01/15/2011,MCI,MO,ACE,CE,Combined TRACON& Tower with Radar,220,57,10,0,287,0,0,3,0,3,220,57,13,0,290,0,0,0,290
01/16/2011,MCI,MO,ACE,CE,Combined TRACON& Tower with Radar,246,74,6,0,326,0,0,3,0,3,246,74,9,0,329,0,0,0,329
01/17/2011,MCI,MO,ACE,CE,Combined TRACON& Tower with Radar,285,96,5,0,386,0,0,0,0,0,285,96,5,0,386,0,0,0,386
01/18/2011,MCI,MO,ACE,CE,Combined TRACON& Tower with Radar,298,80,10,0,388,0,0,0,0,0,298,80,10,0,388,0,0,0,388
01/19/2011,MCI,MO,ACE,CE,Combined TRACON& Tower with Radar,281,78,5,0,364,0,0,0,0,0,281,78,5,0,364,0,0,0,364
01/20/2011,MCI,MO,ACE,CE,Combined TRACON& Tower with Radar,297,96,5,6,404,0,2,2,0,4,297,98,7,6,408,0,0,0,408
01/21/2011,MCI,MO,ACE,CE,Combined TRACON& Tower with Radar,312,90,7,0,409,0,0,0,0,0,312,90,7,0,409,0,0,0,409
01/22/2011,MCI,MO,ACE,CE,Combined TRACON& Tower with Radar,223,61,2,0,286,0,0,0,0,0,223,61,2,0,286,0,0,0,286
01/23/2011,MCI,MO,ACE,CE,Combined TRACON& Tower with Radar,253,80,0,2,335,0,0,0,0,0,253,80,0,2,335,0,0,0,335
01/24/2011,MCI,MO,ACE,CE,Combined TRACON& Tower with Radar,296,94,5,0,395,0,2,2,0,4,296,96,7,0,399,0,0,0,399
01/25/2011,MCI,MO,ACE,CE,Combined TRACON& Tower with Radar,289,88,4,7,388,0,1,0,1,2,289,89,4,8,390,0,0,0,390
01/26/2011,MCI,MO,ACE,CE,Combined TRACON& Tower with Radar,290,80,12,10,392,0,0,1,0,1,290,80,13,10,393,0,0,0,393
01/27/2011,MCI,MO,ACE,CE,Combined TRACON& Tower with Radar,289,81,11,3,384,0,1,0,1,2,289,82,11,4,386,0,0,0,386
01/28/2011,MCI,MO,ACE,CE,Combined TRACON& Tower with Radar,307,85,15,0,407,0,3,2,0,5,307,88,17,0,412,0,0,0,412
01/29/2011,MCI,MO,ACE,CE,Combined TRACON& Tower with Radar,224,55,3,0,282,0,0,4,0,4,224,55,7,0,286,0,0,0,286
01/30/2011,MCI,MO,ACE,CE,Combined TRACON& Tower with Radar,252,77,2,0,331,0,0,0,0,0,252,77,2,0,331,0,0,0,331
01/31/2011,MCI,MO,ACE,CE,Combined TRACON& Tower with Radar,245,81,8,0,334,0,0,0,0,0,245,81,8,0,334,0,0,0,334
02/01/2011,MCI,MO,ACE,CE,Combined TRACON& Tower with Radar,70,18,3,0,91,0,0,0,0,0,70,18,3,0,91,0,0,0,91
02/02/2011,MCI,MO,ACE,CE,Combined TRACON& Tower with Radar,140,58,10,0,208,0,1,3,0,4,140,59,13,0,212,0,0,0,212
02/03/2011,MCI,MO,ACE,CE,Combined TRACON& Tower with Radar,292,78,12,0,382,0,2,3,0,5,292,80,15,0,387,0,0,0,387
02/04/2011,MCI,MO,ACE,CE,Combined TRACON& Tower with Radar,298,78,4,0,380,0,0,0,0,0,298,78,4,0,380,0,0,0,380
02/05/2011,MCI,MO,ACE,CE,Combined TRACON& Tower with Radar,231,57,11,2,301,0,0,2,0,2,231,57,13,2,303,0,0,0,303
02/06/2011,MCI,MO,ACE,CE,Combined TRACON& Tower with Radar,247,81,6,0,334,0,0,0,0,0,247,81,6,0,334,0,0,0,334
02/07/2011,MCI,MO,ACE,CE,Combined TRACON& Tower with Radar,286,99,6,3,394,0,2,2,0,4,286,101,8,3,398,0,0,0,398
02/08/2011,MCI,MO,ACE,CE,Combined TRACON& Tower with Radar,295,89,11,5,400,0,2,0,0,2,295,91,11,5,402,0,0,0,402
02/09/2011,MCI,MO,ACE,CE,Combined TRACON& Tower with Radar,283,91,13,7,394,0,1,3,0,4,283,92,16,7,398,0,0,0,398
02/10/2011,MCI,MO,ACE,CE,Combined TRACON& Tower with Radar,300,81,15,1,397,0,1,4,0,5,300,82,19,1,402,0,0,0,402
02/11/2011,MCI,MO,ACE,CE,Combined TRACON& Tower with Radar,307,90,13,2,412,0,0,2,0,2,307,90,15,2,414,0,0,0,414
02/12/2011,MCI,MO,ACE,CE,Combined TRACON& Tower with Radar,224,50,3,0,277,0,2,0,0,2,224,52,3,0,279,0,0,0,279
02/13/2011,MCI,MO,ACE,CE,Combined TRACON& Tower with Radar,266,72,7,0,345,0,0,0,0,0,266,72,7,0,345,0,0,0,345
02/14/2011,MCI,MO,ACE,CE,Combined TRACON& Tower with Radar,293,84,11,0,388,0,1,3,0,4,293,85,14,0,392,0,0,0,392
02/15/2011,MCI,MO,ACE,CE,Combined TRACON& Tower with Radar,294,82,9,2,387,0,0,2,0,2,294,82,11,2,389,0,0,0,389
02/16/2011,MCI,MO,ACE,CE,Combined TRACON& Tower with Radar,284,77,17,1,379,0,0,0,0,0,284,77,17,1,379,0,0,0,379
02/17/2011,MCI,MO,ACE,CE,Combined TRACON& Tower with Radar,304,91,14,4,413,0,0,2,0,2,304,91,16,4,415,0,0,0,415
02/18/2011,MCI,MO,ACE,CE,Combined TRACON& Tower with Radar,313,92,10,2,417,0,0,5,0,5,313,92,15,2,422,0,0,0,422
02/19/2011,MCI,MO,ACE,CE,Combined TRACON& Tower with Radar,225,52,1,0,278,0,0,0,0,0,225,52,1,0,278,0,0,0,278
02/20/2011,MCI,MO,ACE,CE,Combined TRACON& Tower with Radar,237,71,9,2,319,0,0,1,0,1,237,71,10,2,320,0,0,0,320
02/21/2011,MCI,MO,ACE,CE,Combined TRACON& Tower with Radar,286,85,11,0,382,0,2,1,0,3,286,87,12,0,385,0,0,0,385
02/22/2011,MCI,MO,ACE,CE,Combined TRACON& Tower with Radar,297,101,15,0,413,0,1,3,0,4,297,102,18,0,417,0,0,0,417
02/23/2011,MCI,MO,ACE,CE,Combined TRACON& Tower with Radar,299,99,6,2,406,0,0,5,0,5,299,99,11,2,411,0,0,0,411
02/24/2011,MCI,MO,ACE,CE,Combined TRACON& Tower with Radar,272,96,7,0,375,0,0,0,0,0,272,96,7,0,375,0,0,0,375
02/25/2011,MCI,MO,ACE,CE,Combined TRACON& Tower with Radar,320,90,8,0,418,0,0,0,0,0,320,90,8,0,418,0,0,0,418
02/26/2011,MCI,MO,ACE,CE,Combined TRACON& Tower with Radar,231,48,2,0,281,0,0,0,0,0,231,48,2,0,281,0,0,0,281
02/27/2011,MCI,MO,ACE,CE,Combined TRACON& Tower with Radar,238,48,3,0,289,0,0,0,0,0,238,48,3,0,289,0,0,0,289
02/28/2011,MCI,MO,ACE,CE,Combined TRACON& Tower with Radar,291,99,11,1,402,0,4,1,0,5,291,103,12,1,407,0,0,0,407
03/01/2011,MCI,MO,ACE,CE,Combined TRACON& Tower with Radar,297,92,10,4,403,0,1,4,0,5,297,93,14,4,408,0,0,0,408
03/02/2011,MCI,MO,ACE,CE,Combined TRACON& Tower with Radar,300,92,15,2,409,0,2,3,0,5,300,94,18,2,414,0,0,0,414
03/03/2011,MCI,MO,ACE,CE,Combined TRACON& Tower with Radar,297,92,10,0,399,0,2,1,0,3,297,94,11,0,402,0,0,0,402
03/04/2011,MCI,MO,ACE,CE,Combined TRACON& Tower with Radar,313,86,8,4,411,0,0,1,0,1,313,86,9,4,412,0,0,0,412
03/05/2011,MCI,MO,ACE,CE,Combined TRACON& Tower with Radar,232,60,4,0,296,0,2,2,0,4,232,62,6,0,300,0,0,0,300
03/06/2011,MCI,MO,ACE,CE,Combined TRACON& Tower with Radar,263,74,9,0,346,0,0,2,0,2,263,74,11,0,348,0,0,0,348
03/07/2011,MCI,MO,ACE,CE,Combined TRACON& Tower with Radar,299,100,5,13,417,0,7,4,0,11,299,107,9,13,428,0,0,0,428
03/08/2011,MCI,MO,ACE,CE,Combined TRACON& Tower with Radar,294,92,8,0,394,0,0,0,0,0,294,92,8,0,394,0,0,0,394
03/09/2011,MCI,MO,ACE,CE,Combined TRACON& Tower with Radar,301,91,9,0,401,0,0,0,0,0,301,91,9,0,401,0,0,0,401
03/10/2011,MCI,MO,ACE,CE,Combined TRACON& Tower with Radar,298,100,6,4,408,0,0,3,0,3,298,100,9,4,411,0,0,0,411
03/11/2011,MCI,MO,ACE,CE,Combined TRACON& Tower with Radar,313,94,7,2,416,0,0,1,0,1,313,94,8,2,417,0,0,0,417
03/12/2011,MCI,MO,ACE,CE,Combined TRACON& Tower with Radar,249,58,2,0,309,0,2,0,0,2,249,60,2,0,311,0,0,0,311
03/13/2011,MCI,MO,ACE,CE,Combined TRACON& Tower with Radar,265,75,1,0,341,0,0,3,0,3,265,75,4,0,344,0,0,0,344
03/14/2011,MCI,MO,ACE,CE,Combined TRACON& Tower with Radar,297,97,14,0,408,0,0,0,0,0,297,97,14,0,408,0,0,0,408
03/15/2011,MCI,MO,ACE,CE,Combined TRACON& Tower with Radar,296,101,15,4,416,0,4,1,0,5,296,105,16,4,421,0,0,0,421
03/16/2011,MCI,MO,ACE,CE,Combined TRACON& Tower with Radar,300,95,17,0,412,0,3,2,0,5,300,98,19,0,417,0,0,0,417
03/17/2011,MCI,MO,ACE,CE,Combined TRACON& Tower with Radar,316,92,11,4,423,0,0,2,0,2,316,92,13,4,425,0,0,0,425
03/18/2011,MCI,MO,ACE,CE,Combined TRACON& Tower with Radar,305,93,7,1,406,0,0,10,0,10,305,93,17,1,416,0,0,0,416
03/19/2011,MCI,MO,ACE,CE,Combined TRACON& Tower with Radar,247,64,8,0,319,0,0,3,0,3,247,64,11,0,322,0,0,0,322
03/20/2011,MCI,MO,ACE,CE,Combined TRACON& Tower with Radar,262,77,11,0,350,0,0,3,0,3,262,77,14,0,353,0,0,0,353
03/21/2011,MCI,MO,ACE,CE,Combined TRACON& Tower with Radar,295,94,18,2,409,0,0,8,0,8,295,94,26,2,417,0,0,0,417
03/22/2011,MCI,MO,ACE,CE,Combined TRACON& Tower with Radar,296,88,8,1,393,0,0,1,0,1,296,88,9,1,394,0,0,0,394
03/23/2011,MCI,MO,ACE,CE,Combined TRACON& Tower with Radar,290,85,9,3,387,0,1,1,0,2,290,86,10,3,389,0,0,0,389
03/24/2011,MCI,MO,ACE,CE,Combined TRACON& Tower with Radar,303,100,13,1,417,0,0,2,0,2,303,100,15,1,419,0,0,0,419
03/25/2011,MCI,MO,ACE,CE,Combined TRACON& Tower with Radar,316,95,8,2,421,0,0,0,0,0,316,95,8,2,421,0,0,0,421
03/26/2011,MCI,MO,ACE,CE,Combined TRACON& Tower with Radar,246,70,4,0,320,0,0,0,0,0,246,70,4,0,320,0,0,0,320
03/27/2011,MCI,MO,ACE,CE,Combined TRACON& Tower with Radar,264,82,7,0,353,0,0,0,0,0,264,82,7,0,353,0,0,0,353
03/28/2011,MCI,MO,ACE,CE,Combined TRACON& Tower with Radar,297,95,7,7,406,0,0,4,0,4,297,95,11,7,410,0,0,0,410
03/29/2011,MCI,MO,ACE,CE,Combined TRACON& Tower with Radar,301,91,6,2,400,0,0,6,0,6,301,91,12,2,406,0,0,0,406
03/30/2011,MCI,MO,ACE,CE,Combined TRACON& Tower with Radar,296,86,12,1,395,0,0,3,0,3,296,86,15,1,398,0,0,0,398
03/31/2011,MCI,MO,ACE,CE,Combined TRACON& Tower with Radar,294,98,19,2,413,0,1,1,0,2,294,99,20,2,415,0,0,0,415
04/01/2011,MCI,MO,ACE,CE,Combined TRACON& Tower with Radar,313,84,2,2,401,0,2,3,1,6,313,86,5,3,407,0,0,0,407
04/02/2011,MCI,MO,ACE,CE,Combined TRACON& Tower with Radar,221,69,4,0,294,0,2,0,0,2,221,71,4,0,296,0,0,0,296
04/03/2011,MCI,MO,ACE,CE,Combined TRACON& Tower with Radar,241,81,9,0,331,0,0,1,0,1,241,81,10,0,332,0,0,0,332
04/04/2011,MCI,MO,ACE,CE,Combined TRACON& Tower with Radar,302,93,5,0,400,0,0,1,0,1,302,93,6,0,401,0,0,0,401
04/05/2011,MCI,MO,ACE,CE,Combined TRACON& Tower with Radar,300,84,4,0,388,0,2,2,0,4,300,86,6,0,392,0,0,0,392
04/06/2011,MCI,MO,ACE,CE,Combined TRACON& Tower with Radar,303,87,6,0,396,0,0,6,0,6,303,87,12,0,402,0,0,0,402
04/07/2011,MCI,MO,ACE,CE,Combined TRACON& Tower with Radar,306,89,12,4,411,0,0,1,0,1,306,89,13,4,412,0,0,0,412
04/08/2011,MCI,MO,ACE,CE,Combined TRACON& Tower with Radar,307,99,12,10,428,0,0,0,0,0,307,99,12,10,428,0,0,0,428
04/09/2011,MCI,MO,ACE,CE,Combined TRACON& Tower with Radar,240,65,6,0,311,0,0,2,0,2,240,65,8,0,313,0,0,0,313
04/10/2011,MCI,MO,ACE,CE,Combined TRACON& Tower with Radar,254,81,5,0,340,0,0,2,0,2,254,81,7,0,342,0,0,0,342
04/11/2011,MCI,MO,ACE,CE,Combined TRACON& Tower with Radar,294,94,7,6,401,0,3,1,0,4,294,97,8,6,405,0,0,0,405
04/12/2011,MCI,MO,ACE,CE,Combined TRACON& Tower with Radar,297,80,15,0,392,0,4,1,0,5,297,84,16,0,397,0,0,0,397
04/13/2011,MCI,MO,ACE,CE,Combined TRACON& Tower with Radar,291,92,11,2,396,0,2,7,0,9,291,94,18,2,405,0,0,0,405
04/14/2011,MCI,MO,ACE,CE,Combined TRACON& Tower with Radar,303,97,10,8,418,0,0,2,0,2,303,97,12,8,420,0,0,0,420
04/15/2011,MCI,MO,ACE,CE,Combined TRACON& Tower with Radar,304,96,15,0,415,0,0,0,0,0,304,96,15,0,415,0,0,0,415
04/16/2011,MCI,MO,ACE,CE,Combined TRACON& Tower with Radar,236,61,1,0,298,0,0,1,0,1,236,61,2,0,299,0,0,0,299
04/17/2011,MCI,MO,ACE,CE,Combined TRACON& Tower with Radar,255,80,5,0,340,0,0,8,0,8,255,80,13,0,348,0,0,0,348
04/18/2011,MCI,MO,ACE,CE,Combined TRACON& Tower with Radar,290,94,5,0,389,0,0,0,0,0,290,94,5,0,389,0,0,0,389
04/19/2011,MCI,MO,ACE,CE,Combined TRACON& Tower with Radar,293,81,24,2,400,0,0,0,0,0,293,81,24,2,400,0,0,0,400
04/20/2011,MCI,MO,ACE,CE,Combined TRACON& Tower with Radar,315,83,12,4,414,0,1,2,0,3,315,84,14,4,417,0,0,0,417
04/21/2011,MCI,MO,ACE,CE,Combined TRACON& Tower with Radar,306,85,13,2,406,0,2,1,0,3,306,87,14,2,409,0,0,0,409
04/22/2011,MCI,MO,ACE,CE,Combined TRACON& Tower with Radar,312,88,3,0,403,0,0,0,0,0,312,88,3,0,403,0,0,0,403
04/23/2011,MCI,MO,ACE,CE,Combined TRACON& Tower with Radar,250,68,3,0,321,0,0,0,0,0,250,68,3,0,321,0,0,0,321
04/24/2011,MCI,MO,ACE,CE,Combined TRACON& Tower with Radar,244,79,2,0,325,0,0,0,0,0,244,79,2,0,325,0,0,0,325
04/25/2011,MCI,MO,ACE,CE,Combined TRACON& Tower with Radar,289,91,5,5,390,0,0,0,0,0,289,91,5,5,390,0,0,0,390
04/26/2011,MCI,MO,ACE,CE,Combined TRACON& Tower with Radar,300,77,14,2,393,0,0,1,0,1,300,77,15,2,394,0,0,0,394
04/27/2011,MCI,MO,ACE,CE,Combined TRACON& Tower with Radar,305,90,13,3,411,0,0,0,0,0,305,90,13,3,411,0,0,0,411
04/28/2011,MCI,MO,ACE,CE,Combined TRACON& Tower with Radar,302,83,9,4,398,0,6,1,0,7,302,89,10,4,405,0,0,0,405
04/29/2011,MCI,MO,ACE,CE,Combined TRACON& Tower with Radar,321,87,9,2,419,0,0,2,2,4,321,87,11,4,423,0,0,0,423
04/30/2011,MCI,MO,ACE,CE,Combined TRACON& Tower with Radar,234,57,5,0,296,0,0,3,0,3,234,57,8,0,299,0,0,0,299
05/01/2011,MCI,MO,ACE,CE,Combined TRACON& Tower with Radar,257,95,6,0,358,0,0,4,0,4,257,95,10,0,362,0,0,0,362
05/02/2011,MCI,MO,ACE,CE,Combined TRACON& Tower with Radar,292,97,7,0,396,0,0,2,0,2,292,97,9,0,398,0,0,0,398
05/03/2011,MCI,MO,ACE,CE,Combined TRACON& Tower with Radar,307,93,17,2,419,0,2,5,0,7,307,95,22,2,426,0,0,0,426
05/04/2011,MCI,MO,ACE,CE,Combined TRACON& Tower with Radar,299,87,4,4,394,0,2,1,0,3,299,89,5,4,397,0,0,0,397
05/05/2011,MCI,MO,ACE,CE,Combined TRACON& Tower with Radar,319,95,11,2,427,0,0,2,0,2,319,95,13,2,429,0,0,0,429
05/06/2011,MCI,MO,ACE,CE,Combined TRACON& Tower with Radar,319,95,5,0,419,0,0,8,0,8,319,95,13,0,427,0,0,0,427
05/07/2011,MCI,MO,ACE,CE,Combined TRACON& Tower with Radar,244,64,4,0,312,0,0,4,0,4,244,64,8,0,316,0,0,0,316
05/08/2011,MCI,MO,ACE,CE,Combined TRACON& Tower with Radar,265,84,7,0,356,0,0,1,0,1,265,84,8,0,357,0,0,0,357
05/09/2011,MCI,MO,ACE,CE,Combined TRACON& Tower with Radar,297,98,10,1,406,0,0,2,0,2,297,98,12,1,408,0,0,0,408
05/10/2011,MCI,MO,ACE,CE,Combined TRACON& Tower with Radar,310,100,7,7,424,0,0,1,0,1,310,100,8,7,425,0,0,0,425
05/11/2011,MCI,MO,ACE,CE,Combined TRACON& Tower with Radar,298,91,10,1,400,0,2,1,0,3,298,93,11,1,403,0,0,0,403
05/12/2011,MCI,MO,ACE,CE,Combined TRACON& Tower with Radar,323,95,23,5,446,0,1,4,0,5,323,96,27,5,451,0,0,0,451
05/13/2011,MCI,MO,ACE,CE,Combined TRACON& Tower with Radar,328,90,25,4,447,0,0,2,0,2,328,90,27,4,449,0,0,0,449
05/14/2011,MCI,MO,ACE,CE,Combined TRACON& Tower with Radar,232,62,7,0,301,0,0,0,0,0,232,62,7,0,301,0,0,0,301
05/15/2011,MCI,MO,ACE,CE,Combined TRACON& Tower with Radar,262,80,5,0,347,0,0,4,0,4,262,80,9,0,351,0,0,0,351
05/16/2011,MCI,MO,ACE,CE,Combined TRACON& Tower with Radar,307,91,11,0,409,0,0,7,0,7,307,91,18,0,416,0,0,0,416
05/17/2011,MCI,MO,ACE,CE,Combined TRACON& Tower with Radar,307,88,9,0,404,0,0,7,0,7,307,88,16,0,411,0,0,0,411
05/18/2011,MCI,MO,ACE,CE,Combined TRACON& Tower with Radar,311,84,11,2,408,0,2,6,0,8,311,86,17,2,416,0,0,0,416
05/19/2011,MCI,MO,ACE,CE,Combined TRACON& Tower with Radar,312,93,15,1,421,0,1,1,0,2,312,94,16,1,423,0,0,0,423
05/20/2011,MCI,MO,ACE,CE,Combined TRACON& Tower with Radar,310,93,14,0,417,0,0,1,0,1,310,93,15,0,418,0,0,0,418
05/21/2011,MCI,MO,ACE,CE,Combined TRACON& Tower with Radar,251,64,6,0,321,0,0,0,2,2,251,64,6,2,323,0,0,0,323
05/22/2011,MCI,MO,ACE,CE,Combined TRACON& Tower with Radar,258,78,2,1,339,0,0,3,0,3,258,78,5,1,342,0,0,0,342
05/23/2011,MCI,MO,ACE,CE,Combined TRACON& Tower with Radar,302,85,9,1,397,0,0,3,0,3,302,85,12,1,400,0,0,0,400
05/24/2011,MCI,MO,ACE,CE,Combined TRACON& Tower with Radar,301,83,9,0,393,0,0,3,0,3,301,83,12,0,396,0,0,0,396
05/25/2011,MCI,MO,ACE,CE,Combined TRACON& Tower with Radar,277,79,13,0,369,0,1,0,0,1,277,80,13,0,370,0,0,0,370
05/26/2011,MCI,MO,ACE,CE,Combined TRACON& Tower with Radar,315,91,20,4,430,0,3,4,0,7,315,94,24,4,437,0,0,0,437
05/27/2011,MCI,MO,ACE,CE,Combined TRACON& Tower with Radar,320,88,7,2,417,0,0,2,0,2,320,88,9,2,419,0,0,0,419
05/28/2011,MCI,MO,ACE,CE,Combined TRACON& Tower with Radar,255,60,11,0,326,0,0,0,0,0,255,60,11,0,326,0,0,0,326
05/29/2011,MCI,MO,ACE,CE,Combined TRACON& Tower with Radar,226,61,2,0,289,0,0,1,0,1,226,61,3,0,290,0,0,0,290
05/30/2011,MCI,MO,ACE,CE,Combined TRACON& Tower with Radar,277,81,7,0,365,0,0,2,0,2,277,81,9,0,367,0,0,0,367
05/31/2011,MCI,MO,ACE,CE,Combined TRACON& Tower with Radar,301,88,7,0,396,0,3,4,0,7,301,91,11,0,403,0,0,0,403
06/01/2011,MCI,MO,ACE,CE,Combined TRACON& Tower with Radar,308,91,15,0,414,0,2,0,0,2,308,93,15,0,416,0,0,0,416
06/02/2011,MCI,MO,ACE,CE,Combined TRACON& Tower with Radar,319,92,23,0,434,0,2,6,0,8,319,94,29,0,442,0,0,0,442
06/03/2011,MCI,MO,ACE,CE,Combined TRACON& Tower with Radar,316,88,8,0,412,0,1,2,0,3,316,89,10,0,415,0,0,0,415
06/04/2011,MCI,MO,ACE,CE,Combined TRACON& Tower with Radar,237,60,12,0,309,0,0,2,0,2,237,60,14,0,311,0,0,0,311
06/05/2011,MCI,MO,ACE,CE,Combined TRACON& Tower with Radar,271,84,38,0,393,0,1,6,2,9,271,85,44,2,402,0,0,0,402
06/06/2011,MCI,MO,ACE,CE,Combined TRACON& Tower with Radar,311,97,9,0,417,0,0,5,0,5,311,97,14,0,422,0,0,0,422
06/07/2011,MCI,MO,ACE,CE,Combined TRACON& Tower with Radar,319,94,11,1,425,0,2,4,0,6,319,96,15,1,431,0,0,0,431
06/08/2011,MCI,MO,ACE,CE,Combined TRACON& Tower with Radar,318,88,9,0,415,0,2,9,0,11,318,90,18,0,426,0,0,0,426
06/09/2011,MCI,MO,ACE,CE,Combined TRACON& Tower with Radar,324,95,14,0,433,0,0,3,2,5,324,95,17,2,438,0,0,0,438
06/10/2011,MCI,MO,ACE,CE,Combined TRACON& Tower with Radar,338,99,12,0,449,0,1,2,0,3,338,100,14,0,452,0,0,0,452
06/11/2011,MCI,MO,ACE,CE,Combined TRACON& Tower with Radar,278,74,4,0,356,0,0,4,0,4,278,74,8,0,360,0,0,0,360
06/12/2011,MCI,MO,ACE,CE,Combined TRACON& Tower with Radar,285,84,13,0,382,0,0,2,0,2,285,84,15,0,384,0,0,0,384
06/13/2011,MCI,MO,ACE,CE,Combined TRACON& Tower with Radar,323,100,10,0,433,0,0,2,0,2,323,100,12,0,435,0,0,0,435
06/14/2011,MCI,MO,ACE,CE,Combined TRACON& Tower with Radar,318,97,23,4,442,0,0,2,0,2,318,97,25,4,444,0,0,0,444
06/15/2011,MCI,MO,ACE,CE,Combined TRACON& Tower with Radar,332,99,15,2,448,0,2,5,0,7,332,101,20,2,455,0,0,0,455
06/16/2011,MCI,MO,ACE,CE,Combined TRACON& Tower with Radar,327,95,18,0,440,0,3,2,0,5,327,98,20,0,445,0,0,0,445
06/17/2011,MCI,MO,ACE,CE,Combined TRACON& Tower with Radar,331,95,6,0,432,0,0,3,0,3,331,95,9,0,435,0,0,0,435
06/18/2011,MCI,MO,ACE,CE,Combined TRACON& Tower with Radar,275,69,0,0,344,0,0,4,0,4,275,69,4,0,348,0,0,0,348
06/19/2011,MCI,MO,ACE,CE,Combined TRACON& Tower with Radar,288,88,6,0,382,0,1,1,0,2,288,89,7,0,384,0,0,0,384
06/20/2011,MCI,MO,ACE,CE,Combined TRACON& Tower with Radar,316,100,4,4,424,0,0,1,0,1,316,100,5,4,425,0,0,0,425
06/21/2011,MCI,MO,ACE,CE,Combined TRACON& Tower with Radar,328,98,14,0,440,0,0,2,0,2,328,98,16,0,442,0,0,0,442
06/22/2011,MCI,MO,ACE,CE,Combined TRACON& Tower with Radar,332,92,17,0,441,0,0,1,0,1,332,92,18,0,442,0,0,0,442
06/23/2011,MCI,MO,ACE,CE,Combined TRACON& Tower with Radar,335,97,20,5,457,0,2,3,0,5,335,99,23,5,462,0,0,0,462
06/24/2011,MCI,MO,ACE,CE,Combined TRACON& Tower with Radar,334,98,19,3,454,0,1,5,0,6,334,99,24,3,460,0,0,0,460
06/25/2011,MCI,MO,ACE,CE,Combined TRACON& Tower with Radar,287,69,1,0,357,0,2,5,0,7,287,71,6,0,364,0,0,0,364
06/26/2011,MCI,MO,ACE,CE,Combined TRACON& Tower with Radar,301,87,12,0,400,0,0,5,2,7,301,87,17,2,407,0,0,0,407
06/27/2011,MCI,MO,ACE,CE,Combined TRACON& Tower with Radar,318,101,17,5,441,0,1,0,4,5,318,102,17,9,446,0,0,0,446
06/28/2011,MCI,MO,ACE,CE,Combined TRACON& Tower with Radar,326,96,11,6,439,0,0,2,0,2,326,96,13,6,441,0,0,0,441
06/29/2011,MCI,MO,ACE,CE,Combined TRACON& Tower with Radar,335,101,9,2,447,0,0,2,3,5,335,101,11,5,452,0,0,0,452
06/30/2011,MCI,MO,ACE,CE,Combined TRACON& Tower with Radar,333,97,8,14,452,0,4,2,2,8,333,101,10,16,460,0,0,0,460
07/01/2011,MCI,MO,ACE,CE,Combined TRACON& Tower with Radar,331,106,11,0,448,0,0,14,0,14,331,106,25,0,462,0,0,0,462
07/02/2011,MCI,MO,ACE,CE,Combined TRACON& Tower with Radar,270,68,0,0,338,0,0,4,0,4,270,68,4,0,342,0,0,0,342
07/03/2011,MCI,MO,ACE,CE,Combined TRACON& Tower with Radar,204,74,2,1,281,0,0,0,0,0,204,74,2,1,281,0,0,0,281
07/04/2011,MCI,MO,ACE,CE,Combined TRACON& Tower with Radar,267,88,3,0,358,0,0,4,0,4,267,88,7,0,362,0,0,0,362
07/05/2011,MCI,MO,ACE,CE,Combined TRACON& Tower with Radar,317,98,10,9,434,0,0,8,0,8,317,98,18,9,442,0,0,0,442
07/06/2011,MCI,MO,ACE,CE,Combined TRACON& Tower with Radar,326,102,10,7,445,0,2,1,3,6,326,104,11,10,451,0,0,0,451
07/07/2011,MCI,MO,ACE,CE,Combined TRACON& Tower with Radar,321,101,18,10,450,0,2,4,0,6,321,103,22,10,456,0,0,0,456
07/08/2011,MCI,MO,ACE,CE,Combined TRACON& Tower with Radar,325,94,9,5,433,0,0,8,5,13,325,94,17,10,446,0,0,0,446
07/09/2011,MCI,MO,ACE,CE,Combined TRACON& Tower with Radar,278,66,6,1,351,0,0,11,7,18,278,66,17,8,369,0,0,0,369
07/10/2011,MCI,MO,ACE,CE,Combined TRACON& Tower with Radar,297,84,9,7,397,0,0,1,1,2,297,84,10,8,399,0,0,0,399
07/11/2011,MCI,MO,ACE,CE,Combined TRACON& Tower with Radar,309,97,5,3,414,0,2,5,4,11,309,99,10,7,425,0,0,0,425
07/12/2011,MCI,MO,ACE,CE,Combined TRACON& Tower with Radar,319,105,13,3,440,0,5,4,2,11,319,110,17,5,451,0,0,0,451
07/13/2011,MCI,MO,ACE,CE,Combined TRACON& Tower with Radar,328,101,8,12,449,0,0,2,4,6,328,101,10,16,455,0,0,0,455
07/14/2011,MCI,MO,ACE,CE,Combined TRACON& Tower with Radar,322,101,9,14,446,0,0,2,1,3,322,101,11,15,449,0,0,0,449
07/15/2011,MCI,MO,ACE,CE,Combined TRACON& Tower with Radar,340,97,10,4,451,0,0,1,0,1,340,97,11,4,452,0,0,0,452
07/16/2011,MCI,MO,ACE,CE,Combined TRACON& Tower with Radar,278,70,5,1,354,0,0,4,0,4,278,70,9,1,358,0,0,0,358
07/17/2011,MCI,MO,ACE,CE,Combined TRACON& Tower with Radar,287,84,9,3,383,0,0,0,0,0,287,84,9,3,383,0,0,0,383
07/18/2011,MCI,MO,ACE,CE,Combined TRACON& Tower with Radar,320,104,8,13,445,0,0,1,0,1,320,104,9,13,446,0,0,0,446
07/19/2011,MCI,MO,ACE,CE,Combined TRACON& Tower with Radar,324,102,10,6,442,0,0,2,3,5,324,102,12,9,447,0,0,0,447
07/20/2011,MCI,MO,ACE,CE,Combined TRACON& Tower with Radar,326,105,13,3,447,0,2,3,1,6,326,107,16,4,453,0,0,0,453
07/21/2011,MCI,MO,ACE,CE,Combined TRACON& Tower with Radar,323,101,15,0,439,0,3,0,10,13,323,104,15,10,452,0,0,0,452
07/22/2011,MCI,MO,ACE,CE,Combined TRACON& Tower with Radar,328,100,9,3,440,0,1,3,0,4,328,101,12,3,444,0,0,0,444
07/23/2011,MCI,MO,ACE,CE,Combined TRACON& Tower with Radar,289,67,4,0,360,0,0,2,1,3,289,67,6,1,363,0,0,0,363
07/24/2011,MCI,MO,ACE,CE,Combined TRACON& Tower with Radar,299,86,7,6,398,0,0,4,1,5,299,86,11,7,403,0,0,0,403
07/25/2011,MCI,MO,ACE,CE,Combined TRACON& Tower with Radar,310,102,45,8,465,0,2,0,2,4,310,104,45,10,469,0,0,0,469
07/26/2011,MCI,MO,ACE,CE,Combined TRACON& Tower with Radar,327,102,7,5,441,0,3,3,1,7,327,105,10,6,448,0,0,0,448
07/27/2011,MCI,MO,ACE,CE,Combined TRACON& Tower with Radar,330,103,8,5,446,0,4,4,1,9,330,107,12,6,455,0,0,0,455
07/28/2011,MCI,MO,ACE,CE,Combined TRACON& Tower with Radar,319,110,4,16,449,0,0,3,6,9,319,110,7,22,458,0,0,0,458
07/29/2011,MCI,MO,ACE,CE,Combined TRACON& Tower with Radar,330,99,7,3,439,0,0,4,0,4,330,99,11,3,443,0,0,0,443
07/30/2011,MCI,MO,ACE,CE,Combined TRACON& Tower with Radar,270,64,3,1,338,0,0,1,0,1,270,64,4,1,339,0,0,0,339
07/31/2011,MCI,MO,ACE,CE,Combined TRACON& Tower with Radar,290,89,6,0,385,0,0,9,0,9,290,89,15,0,394,0,0,0,394
08/01/2011,MCI,MO,ACE,CE,Combined TRACON& Tower with Radar,319,96,15,8,438,0,1,3,4,8,319,97,18,12,446,0,0,0,446
08/02/2011,MCI,MO,ACE,CE,Combined TRACON& Tower with Radar,321,97,4,8,430,0,3,3,1,7,321,100,7,9,437,0,0,0,437
08/03/2011,MCI,MO,ACE,CE,Combined TRACON& Tower with Radar,317,102,16,9,444,0,2,2,5,9,317,104,18,14,453,0,0,0,453
08/04/2011,MCI,MO,ACE,CE,Combined TRACON& Tower with Radar,326,101,7,8,442,0,0,0,4,4,326,101,7,12,446,0,0,0,446
08/05/2011,MCI,MO,ACE,CE,Combined TRACON& Tower with Radar,320,102,13,6,441,0,0,3,0,3,320,102,16,6,444,0,0,0,444
08/06/2011,MCI,MO,ACE,CE,Combined TRACON& Tower with Radar,268,65,4,0,337,0,0,1,0,1,268,65,5,0,338,0,0,0,338
08/07/2011,MCI,MO,ACE,CE,Combined TRACON& Tower with Radar,290,90,3,1,384,0,0,4,0,4,290,90,7,1,388,0,0,0,388
08/08/2011,MCI,MO,ACE,CE,Combined TRACON& Tower with Radar,314,100,6,5,425,0,0,0,9,9,314,100,6,14,434,0,0,0,434
08/09/2011,MCI,MO,ACE,CE,Combined TRACON& Tower with Radar,328,103,10,15,456,0,0,0,1,1,328,103,10,16,457,0,0,0,457
08/10/2011,MCI,MO,ACE,CE,Combined TRACON& Tower with Radar,326,102,8,7,443,0,4,2,2,8,326,106,10,9,451,0,8,8,459
08/11/2011,MCI,MO,ACE,CE,Combined TRACON& Tower with Radar,325,106,15,13,459,0,1,4,4,9,325,107,19,17,468,0,0,0,468
08/12/2011,MCI,MO,ACE,CE,Combined TRACON& Tower with Radar,325,98,8,3,434,0,0,0,0,0,325,98,8,3,434,0,0,0,434
08/13/2011,MCI,MO,ACE,CE,Combined TRACON& Tower with Radar,268,62,3,0,333,0,0,2,0,2,268,62,5,0,335,0,0,0,335
08/14/2011,MCI,MO,ACE,CE,Combined TRACON& Tower with Radar,268,84,6,1,359,0,2,0,0,2,268,86,6,1,361,0,0,0,361
08/15/2011,MCI,MO,ACE,CE,Combined TRACON& Tower with Radar,311,106,4,6,427,1,0,0,0,1,312,106,4,6,428,0,0,0,428
08/16/2011,MCI,MO,ACE,CE,Combined TRACON& Tower with Radar,307,95,10,14,426,0,0,2,1,3,307,95,12,15,429,0,0,0,429
08/17/2011,MCI,MO,ACE,CE,Combined TRACON& Tower with Radar,306,93,13,15,427,0,2,6,3,11,306,95,19,18,438,0,0,0,438
08/18/2011,MCI,MO,ACE,CE,Combined TRACON& Tower with Radar,299,104,10,12,425,0,0,9,5,14,299,104,19,17,439,0,0,0,439
08/19/2011,MCI,MO,ACE,CE,Combined TRACON& Tower with Radar,322,100,9,2,433,1,0,11,3,15,323,100,20,5,448,0,0,0,448
08/20/2011,MCI,MO,ACE,CE,Combined TRACON& Tower with Radar,226,71,8,4,309,0,0,6,0,6,226,71,14,4,315,0,0,0,315
08/21/2011,MCI,MO,ACE,CE,Combined TRACON& Tower with Radar,258,85,3,0,346,0,0,5,1,6,258,85,8,1,352,0,0,0,352
08/22/2011,MCI,MO,ACE,CE,Combined TRACON& Tower with Radar,296,103,8,10,417,0,0,2,2,4,296,103,10,12,421,0,0,0,421
08/23/2011,MCI,MO,ACE,CE,Combined TRACON& Tower with Radar,307,90,10,11,418,0,0,1,0,1,307,90,11,11,419,0,0,0,419
08/24/2011,MCI,MO,ACE,CE,Combined TRACON& Tower with Radar,310,95,19,10,434,0,2,0,3,5,310,97,19,13,439,0,0,0,439
08/25/2011,MCI,MO,ACE,CE,Combined TRACON& Tower with Radar,308,98,10,3,419,0,6,7,5,18,308,104,17,8,437,0,0,0,437
08/26/2011,MCI,MO,ACE,CE,Combined TRACON& Tower with Radar,308,93,7,5,413,0,4,6,0,10,308,97,13,5,423,0,0,0,423
08/27/2011,MCI,MO,ACE,CE,Combined TRACON& Tower with Radar,217,56,1,0,274,0,0,3,0,3,217,56,4,0,277,0,0,0,277
08/28/2011,MCI,MO,ACE,CE,Combined TRACON& Tower with Radar,248,69,5,0,322,0,0,2,0,2,248,69,7,0,324,0,0,0,324
08/29/2011,MCI,MO,ACE,CE,Combined TRACON& Tower with Radar,293,80,9,0,382,0,8,2,0,10,293,88,11,0,392,0,0,0,392
08/30/2011,MCI,MO,ACE,CE,Combined TRACON& Tower with Radar,296,92,15,8,411,0,0,2,3,5,296,92,17,11,416,8,0,8,424
08/31/2011,MCI,MO,ACE,CE,Combined TRACON& Tower with Radar,316,88,11,5,420,0,8,3,3,14,316,96,14,8,434,0,0,0,434
09/01/2011,MCI,MO,ACE,CE,Combined TRACON& Tower with Radar,313,94,16,1,424,0,4,7,3,14,313,98,23,4,438,0,0,0,438
09/02/2011,MCI,MO,ACE,CE,Combined TRACON& Tower with Radar,314,98,11,4,427,0,3,18,0,21,314,101,29,4,448,0,0,0,448
09/03/2011,MCI,MO,ACE,CE,Combined TRACON& Tower with Radar,224,47,0,0,271,0,0,5,0,5,224,47,5,0,276,0,0,0,276
09/04/2011,MCI,MO,ACE,CE,Combined TRACON& Tower with Radar,212,58,2,0,272,0,0,4,0,4,212,58,6,0,276,0,0,0,276
09/05/2011,MCI,MO,ACE,CE,Combined TRACON& Tower with Radar,278,85,4,0,367,0,0,8,0,8,278,85,12,0,375,0,0,0,375
09/06/2011,MCI,MO,ACE,CE,Combined TRACON& Tower with Radar,303,93,2,8,406,0,0,5,3,8,303,93,7,11,414,0,0,0,414
09/07/2011,MCI,MO,ACE,CE,Combined TRACON& Tower with Radar,293,86,8,3,390,0,6,4,5,15,293,92,12,8,405,0,0,0,405
09/08/2011,MCI,MO,ACE,CE,Combined TRACON& Tower with Radar,309,94,8,4,415,0,0,3,2,5,309,94,11,6,420,0,0,0,420
09/09/2011,MCI,MO,ACE,CE,Combined TRACON& Tower with Radar,308,92,3,2,405,0,0,0,0,0,308,92,3,2,405,0,0,0,405
09/10/2011,MCI,MO,ACE,CE,Combined TRACON& Tower with Radar,216,47,7,0,270,0,0,0,1,1,216,47,7,1,271,0,0,0,271
09/11/2011,MCI,MO,ACE,CE,Combined TRACON& Tower with Radar,263,82,2,3,350,0,1,4,0,5,263,83,6,3,355,0,0,0,355
09/12/2011,MCI,MO,ACE,CE,Combined TRACON& Tower with Radar,300,93,13,9,415,0,0,2,1,3,300,93,15,10,418,0,0,0,418
09/13/2011,MCI,MO,ACE,CE,Combined TRACON& Tower with Radar,279,93,15,4,391,0,2,2,0,4,279,95,17,4,395,0,0,0,395
09/14/2011,MCI,MO,ACE,CE,Combined TRACON& Tower with Radar,300,86,6,4,396,0,1,1,0,2,300,87,7,4,398,0,0,0,398
09/15/2011,MCI,MO,ACE,CE,Combined TRACON& Tower with Radar,314,97,11,6,428,0,0,1,2,3,314,97,12,8,431,0,0,0,431
09/16/2011,MCI,MO,ACE,CE,Combined TRACON& Tower with Radar,314,96,4,6,420,0,1,1,0,2,314,97,5,6,422,0,0,0,422
09/17/2011,MCI,MO,ACE,CE,Combined TRACON& Tower with Radar,218,45,5,2,270,0,0,0,0,0,218,45,5,2,270,0,0,0,270
09/18/2011,MCI,MO,ACE,CE,Combined TRACON& Tower with Radar,271,77,3,0,351,0,0,0,0,0,271,77,3,0,351,0,0,0,351
09/19/2011,MCI,MO,ACE,CE,Combined TRACON& Tower with Radar,303,92,9,0,404,0,0,0,0,0,303,92,9,0,404,0,0,0,404
09/20/2011,MCI,MO,ACE,CE,Combined TRACON& Tower with Radar,284,91,7,2,384,0,4,3,0,7,284,95,10,2,391,0,0,0,391
09/21/2011,MCI,MO,ACE,CE,Combined TRACON& Tower with Radar,299,92,14,0,405,0,2,5,0,7,299,94,19,0,412,0,0,0,412
09/22/2011,MCI,MO,ACE,CE,Combined TRACON& Tower with Radar,312,91,14,0,417,0,0,6,2,8,312,91,20,2,425,0,0,0,425
09/23/2011,MCI,MO,ACE,CE,Combined TRACON& Tower with Radar,312,98,18,2,430,0,0,9,0,9,312,98,27,2,439,0,0,0,439
09/24/2011,MCI,MO,ACE,CE,Combined TRACON& Tower with Radar,216,44,2,0,262,0,0,0,0,0,216,44,2,0,262,0,0,0,262
09/25/2011,MCI,MO,ACE,CE,Combined TRACON& Tower with Radar,272,86,2,1,361,0,0,0,0,0,272,86,2,1,361,0,0,0,361
09/26/2011,MCI,MO,ACE,CE,Combined TRACON& Tower with Radar,306,94,9,5,414,0,1,3,0,4,306,95,12,5,418,0,0,0,418
09/27/2011,MCI,MO,ACE,CE,Combined TRACON& Tower with Radar,288,85,10,0,383,0,3,2,0,5,288,88,12,0,388,0,0,0,388
09/28/2011,MCI,MO,ACE,CE,Combined TRACON& Tower with Radar,298,89,17,0,404,0,6,3,0,9,298,95,20,0,413,0,0,0,413
09/29/2011,MCI,MO,ACE,CE,Combined TRACON& Tower with Radar,301,86,10,0,397,0,1,0,0,1,301,87,10,0,398,0,0,0,398
09/30/2011,MCI,MO,ACE,CE,Combined TRACON& Tower with Radar,319,90,9,1,419,0,2,7,0,9,319,92,16,1,428,0,0,0,428
10/01/2011,MCI,MO,ACE,CE,Combined TRACON& Tower with Radar,209,44,8,0,261,0,0,5,0,5,209,44,13,0,266,0,0,0,266
10/02/2011,MCI,MO,ACE,CE,Combined TRACON& Tower with Radar,269,88,8,1,366,0,0,2,0,2,269,88,10,1,368,0,0,0,368
10/03/2011,MCI,MO,ACE,CE,Combined TRACON& Tower with Radar,299,95,6,1,401,0,1,7,0,8,299,96,13,1,409,0,0,0,409
10/04/2011,MCI,MO,ACE,CE,Combined TRACON& Tower with Radar,286,93,9,0,388,0,6,6,0,12,286,99,15,0,400,0,0,0,400
10/05/2011,MCI,MO,ACE,CE,Combined TRACON& Tower with Radar,305,86,26,2,419,0,2,4,0,6,305,88,30,2,425,0,0,0,425
10/06/2011,MCI,MO,ACE,CE,Combined TRACON& Tower with Radar,299,103,27,2,431,0,0,7,1,8,299,103,34,3,439,0,0,0,439
10/07/2011,MCI,MO,ACE,CE,Combined TRACON& Tower with Radar,313,99,14,1,427,0,0,0,0,0,313,99,14,1,427,0,0,0,427
10/08/2011,MCI,MO,ACE,CE,Combined TRACON& Tower with Radar,210,47,13,0,270,0,0,6,0,6,210,47,19,0,276,0,0,0,276
10/09/2011,MCI,MO,ACE,CE,Combined TRACON& Tower with Radar,276,80,26,0,382,0,2,2,0,4,276,82,28,0,386,0,0,0,386
10/10/2011,MCI,MO,ACE,CE,Combined TRACON& Tower with Radar,300,100,11,0,411,0,0,0,0,0,300,100,11,0,411,0,0,0,411
10/11/2011,MCI,MO,ACE,CE,Combined TRACON& Tower with Radar,283,99,19,2,403,0,1,0,0,1,283,100,19,2,404,0,0,0,404
10/12/2011,MCI,MO,ACE,CE,Combined TRACON& Tower with Radar,299,92,14,0,405,0,0,0,0,0,299,92,14,0,405,0,0,0,405
10/13/2011,MCI,MO,ACE,CE,Combined TRACON& Tower with Radar,303,101,13,1,418,0,0,2,0,2,303,101,15,1,420,0,0,0,420
10/14/2011,MCI,MO,ACE,CE,Combined TRACON& Tower with Radar,315,97,12,6,430,0,0,0,0,0,315,97,12,6,430,0,0,0,430
10/15/2011,MCI,MO,ACE,CE,Combined TRACON& Tower with Radar,212,48,3,0,263,0,0,4,0,4,212,48,7,0,267,0,0,0,267
10/16/2011,MCI,MO,ACE,CE,Combined TRACON& Tower with Radar,273,91,4,10,378,0,0,8,0,8,273,91,12,10,386,0,0,0,386
10/17/2011,MCI,MO,ACE,CE,Combined TRACON& Tower with Radar,299,94,5,14,412,0,0,1,0,1,299,94,6,14,413,0,0,0,413
10/18/2011,MCI,MO,ACE,CE,Combined TRACON& Tower with Radar,294,93,16,3,406,0,0,3,0,3,294,93,19,3,409,0,0,0,409
10/19/2011,MCI,MO,ACE,CE,Combined TRACON& Tower with Radar,303,93,11,7,414,0,0,6,0,6,303,93,17,7,420,0,0,0,420
10/20/2011,MCI,MO,ACE,CE,Combined TRACON& Tower with Radar,306,98,21,10,435,0,5,6,0,11,306,103,27,10,446,0,0,0,446
10/21/2011,MCI,MO,ACE,CE,Combined TRACON& Tower with Radar,316,106,16,5,443,0,4,3,0,7,316,110,19,5,450,0,0,0,450
10/22/2011,MCI,MO,ACE,CE,Combined TRACON& Tower with Radar,209,45,1,0,255,0,0,6,0,6,209,45,7,0,261,0,0,0,261
10/23/2011,MCI,MO,ACE,CE,Combined TRACON& Tower with Radar,275,86,6,0,367,0,1,6,0,7,275,87,12,0,374,0,0,0,374
10/24/2011,MCI,MO,ACE,CE,Combined TRACON& Tower with Radar,298,93,8,0,399,0,2,0,0,2,298,95,8,0,401,0,0,0,401
10/25/2011,MCI,MO,ACE,CE,Combined TRACON& Tower with Radar,270,93,8,0,371,0,1,2,0,3,270,94,10,0,374,0,0,0,374
10/26/2011,MCI,MO,ACE,CE,Combined TRACON& Tower with Radar,303,92,14,5,414,0,0,1,0,1,303,92,15,5,415,0,0,0,415
10/27/2011,MCI,MO,ACE,CE,Combined TRACON& Tower with Radar,301,98,14,0,413,0,2,1,0,3,301,100,15,0,416,0,0,0,416
10/28/2011,MCI,MO,ACE,CE,Combined TRACON& Tower with Radar,316,98,8,2,424,0,3,2,0,5,316,101,10,2,429,0,0,0,429
10/29/2011,MCI,MO,ACE,CE,Combined TRACON& Tower with Radar,212,42,3,0,257,0,0,3,0,3,212,42,6,0,260,0,0,0,260
10/30/2011,MCI,MO,ACE,CE,Combined TRACON& Tower with Radar,266,89,1,0,356,0,0,0,0,0,266,89,1,0,356,0,0,0,356
10/31/2011,MCI,MO,ACE,CE,Combined TRACON& Tower with Radar,283,86,6,6,381,0,9,1,0,10,283,95,7,6,391,0,0,0,391
11/01/2011,MCI,MO,ACE,CE,Combined TRACON& Tower with Radar,291,83,4,7,385,0,5,2,0,7,291,88,6,7,392,0,0,0,392
11/02/2011,MCI,MO,ACE,CE,Combined TRACON& Tower with Radar,297,92,20,0,409,0,0,0,0,0,297,92,20,0,409,0,0,0,409
11/03/2011,MCI,MO,ACE,CE,Combined TRACON& Tower with Radar,299,98,5,1,403,0,0,0,1,1,299,98,5,2,404,0,0,0,404
11/04/2011,MCI,MO,ACE,CE,Combined TRACON& Tower with Radar,303,98,5,0,406,0,3,7,0,10,303,101,12,0,416,0,0,0,416
11/05/2011,MCI,MO,ACE,CE,Combined TRACON& Tower with Radar,215,47,4,0,266,0,0,0,0,0,215,47,4,0,266,0,0,0,266
11/06/2011,MCI,MO,ACE,CE,Combined TRACON& Tower with Radar,266,87,13,0,366,0,0,4,0,4,266,87,17,0,370,0,0,0,370
11/07/2011,MCI,MO,ACE,CE,Combined TRACON& Tower with Radar,309,90,15,1,415,0,0,0,0,0,309,90,15,1,415,0,0,0,415
11/08/2011,MCI,MO,ACE,CE,Combined TRACON& Tower with Radar,303,97,24,0,424,0,0,0,0,0,303,97,24,0,424,0,0,0,424
11/09/2011,MCI,MO,ACE,CE,Combined TRACON& Tower with Radar,308,84,17,6,415,0,2,2,0,4,308,86,19,6,419,0,0,0,419
11/10/2011,MCI,MO,ACE,CE,Combined TRACON& Tower with Radar,308,91,17,1,417,0,5,2,0,7,308,96,19,1,424,0,0,0,424
11/11/2011,MCI,MO,ACE,CE,Combined TRACON& Tower with Radar,319,88,9,0,416,0,3,2,0,5,319,91,11,0,421,0,0,0,421
11/12/2011,MCI,MO,ACE,CE,Combined TRACON& Tower with Radar,217,37,4,0,258,0,0,6,0,6,217,37,10,0,264,0,0,0,264
11/13/2011,MCI,MO,ACE,CE,Combined TRACON& Tower with Radar,268,86,6,0,360,0,3,5,0,8,268,89,11,0,368,0,0,0,368
11/14/2011,MCI,MO,ACE,CE,Combined TRACON& Tower with Radar,314,85,8,6,413,0,0,9,0,9,314,85,17,6,422,0,0,0,422
11/15/2011,MCI,MO,ACE,CE,Combined TRACON& Tower with Radar,302,85,13,6,406,0,4,4,1,9,302,89,17,7,415,0,0,0,415
11/16/2011,MCI,MO,ACE,CE,Combined TRACON& Tower with Radar,303,84,10,3,400,0,1,0,0,1,303,85,10,3,401,0,0,0,401
11/17/2011,MCI,MO,ACE,CE,Combined TRACON& Tower with Radar,308,90,16,0,414,0,2,2,0,4,308,92,18,0,418,0,0,0,418
11/18/2011,MCI,MO,ACE,CE,Combined TRACON& Tower with Radar,311,93,7,2,413,0,2,6,0,8,311,95,13,2,421,0,0,0,421
11/19/2011,MCI,MO,ACE,CE,Combined TRACON& Tower with Radar,217,44,3,0,264,0,0,1,0,1,217,44,4,0,265,0,0,0,265
11/20/2011,MCI,MO,ACE,CE,Combined TRACON& Tower with Radar,264,88,3,0,355,0,0,0,0,0,264,88,3,0,355,0,0,0,355
11/21/2011,MCI,MO,ACE,CE,Combined TRACON& Tower with Radar,286,82,7,2,377,0,0,0,0,0,286,82,7,2,377,0,0,0,377
11/22/2011,MCI,MO,ACE,CE,Combined TRACON& Tower with Radar,317,89,7,4,417,0,0,0,0,0,317,89,7,4,417,0,0,0,417
11/23/2011,MCI,MO,ACE,CE,Combined TRACON& Tower with Radar,324,89,15,0,428,0,1,4,0,5,324,90,19,0,433,0,0,0,433
11/24/2011,MCI,MO,ACE,CE,Combined TRACON& Tower with Radar,165,52,0,0,217,0,1,1,0,2,165,53,1,0,219,0,0,0,219
11/25/2011,MCI,MO,ACE,CE,Combined TRACON& Tower with Radar,220,58,2,0,280,0,0,0,0,0,220,58,2,0,280,0,0,0,280
11/26/2011,MCI,MO,ACE,CE,Combined TRACON& Tower with Radar,257,65,0,0,322,0,0,0,0,0,257,65,0,0,322,0,0,0,322
11/27/2011,MCI,MO,ACE,CE,Combined TRACON& Tower with Radar,292,90,4,0,386,0,0,2,0,2,292,90,6,0,388,0,0,0,388
11/28/2011,MCI,MO,ACE,CE,Combined TRACON& Tower with Radar,315,90,13,4,422,0,1,1,0,2,315,91,14,4,424,0,0,0,424
11/29/2011,MCI,MO,ACE,CE,Combined TRACON& Tower with Radar,306,79,7,1,393,0,2,3,0,5,306,81,10,1,398,0,0,0,398
11/30/2011,MCI,MO,ACE,CE,Combined TRACON& Tower with Radar,307,83,11,5,406,0,4,3,0,7,307,87,14,5,413,0,0,0,413
12/01/2011,MCI,MO,ACE,CE,Combined TRACON& Tower with Radar,301,93,7,3,404,0,2,2,0,4,301,95,9,3,408,0,0,0,408
12/02/2011,MCI,MO,ACE,CE,Combined TRACON& Tower with Radar,310,91,13,0,414,0,0,1,0,1,310,91,14,0,415,0,0,0,415
12/03/2011,MCI,MO,ACE,CE,Combined TRACON& Tower with Radar,215,47,6,0,268,0,0,1,0,1,215,47,7,0,269,0,0,0,269
12/04/2011,MCI,MO,ACE,CE,Combined TRACON& Tower with Radar,265,83,3,2,353,0,1,0,0,1,265,84,3,2,354,0,0,0,354
12/05/2011,MCI,MO,ACE,CE,Combined TRACON& Tower with Radar,300,85,10,0,395,0,2,0,0,2,300,87,10,0,397,0,0,0,397
12/06/2011,MCI,MO,ACE,CE,Combined TRACON& Tower with Radar,277,91,8,2,378,0,0,1,0,1,277,91,9,2,379,0,0,0,379
12/07/2011,MCI,MO,ACE,CE,Combined TRACON& Tower with Radar,289,80,18,4,391,0,4,9,0,13,289,84,27,4,404,0,0,0,404
12/08/2011,MCI,MO,ACE,CE,Combined TRACON& Tower with Radar,306,98,7,0,411,0,0,1,0,1,306,98,8,0,412,0,0,0,412
12/09/2011,MCI,MO,ACE,CE,Combined TRACON& Tower with Radar,312,92,19,2,425,0,0,1,0,1,312,92,20,2,426,0,0,0,426
12/10/2011,MCI,MO,ACE,CE,Combined TRACON& Tower with Radar,209,46,0,1,256,0,0,2,0,2,209,46,2,1,258,0,0,0,258
12/11/2011,MCI,MO,ACE,CE,Combined TRACON& Tower with Radar,261,81,6,0,348,0,0,0,0,0,261,81,6,0,348,0,0,0,348
12/12/2011,MCI,MO,ACE,CE,Combined TRACON& Tower with Radar,301,87,8,1,397,0,0,5,2,7,301,87,13,3,404,0,0,0,404
12/13/2011,MCI,MO,ACE,CE,Combined TRACON& Tower with Radar,288,88,11,7,394,0,0,0,0,0,288,88,11,7,394,0,0,0,394
12/14/2011,MCI,MO,ACE,CE,Combined TRACON& Tower with Radar,284,90,9,16,399,0,0,0,0,0,284,90,9,16,399,0,0,0,399
12/15/2011,MCI,MO,ACE,CE,Combined TRACON& Tower with Radar,306,92,10,6,414,0,0,2,0,2,306,92,12,6,416,0,0,0,416
12/16/2011,MCI,MO,ACE,CE,Combined TRACON& Tower with Radar,316,86,6,2,410,0,1,6,0,7,316,87,12,2,417,0,0,0,417
12/17/2011,MCI,MO,ACE,CE,Combined TRACON& Tower with Radar,240,55,9,0,304,0,0,2,0,2,240,55,11,0,306,0,0,0,306
12/18/2011,MCI,MO,ACE,CE,Combined TRACON& Tower with Radar,277,74,6,0,357,0,0,2,0,2,277,74,8,0,359,0,0,0,359
12/19/2011,MCI,MO,ACE,CE,Combined TRACON& Tower with Radar,299,92,0,6,397,0,0,0,0,0,299,92,0,6,397,0,0,0,397
12/20/2011,MCI,MO,ACE,CE,Combined TRACON& Tower with Radar,303,90,7,0,400,0,0,0,0,0,303,90,7,0,400,0,0,0,400
12/21/2011,MCI,MO,ACE,CE,Combined TRACON& Tower with Radar,315,85,9,0,409,0,0,1,0,1,315,85,10,0,410,0,0,0,410
12/22/2011,MCI,MO,ACE,CE,Combined TRACON& Tower with Radar,319,97,6,2,424,0,0,0,0,0,319,97,6,2,424,0,0,0,424
12/23/2011,MCI,MO,ACE,CE,Combined TRACON& Tower with Radar,324,100,0,0,424,0,2,0,0,2,324,102,0,0,426,0,0,0,426
12/24/2011,MCI,MO,ACE,CE,Combined TRACON& Tower with Radar,204,50,0,0,254,0,0,1,0,1,204,50,1,0,255,0,0,0,255
12/25/2011,MCI,MO,ACE,CE,Combined TRACON& Tower with Radar,180,49,2,0,231,0,0,2,0,2,180,49,4,0,233,0,0,0,233
12/26/2011,MCI,MO,ACE,CE,Combined TRACON& Tower with Radar,292,82,22,0,396,0,0,0,0,0,292,82,22,0,396,0,0,0,396
12/27/2011,MCI,MO,ACE,CE,Combined TRACON& Tower with Radar,305,86,3,0,394,0,0,5,0,5,305,86,8,0,399,0,0,0,399
12/28/2011,MCI,MO,ACE,CE,Combined TRACON& Tower with Radar,311,83,4,0,398,0,8,0,0,8,311,91,4,0,406,0,0,0,406
12/29/2011,MCI,MO,ACE,CE,Combined TRACON& Tower with Radar,303,85,3,2,393,0,0,1,0,1,303,85,4,2,394,0,0,0,394
12/30/2011,MCI,MO,ACE,CE,Combined TRACON& Tower with Radar,303,84,8,0,395,0,1,2,0,3,303,85,10,0,398,0,0,0,398
12/31/2011,MCI,MO,ACE,CE,Combined TRACON& Tower with Radar,210,46,2,0,258,0,0,0,0,0,210,46,2,0,258,0,0,0,258
01/01/2012,MCI,MO,ACE,CE,Combined TRACON& Tower with Radar,225,60,2,0,287,0,0,0,0,0,225,60,2,0,287,0,0,0,287
01/02/2012,MCI,MO,ACE,CE,Combined TRACON& Tower with Radar,292,82,14,0,388,0,0,5,0,5,292,82,19,0,393,0,0,0,393
01/03/2012,MCI,MO,ACE,CE,Combined TRACON& Tower with Radar,290,83,4,4,381,0,1,1,0,2,290,84,5,4,383,0,0,0,383
01/04/2012,MCI,MO,ACE,CE,Combined TRACON& Tower with Radar,283,88,22,3,396,0,5,1,2,8,283,93,23,5,404,0,0,0,404
01/05/2012,MCI,MO,ACE,CE,Combined TRACON& Tower with Radar,281,104,6,0,391,0,0,2,0,2,281,104,8,0,393,0,0,0,393
01/06/2012,MCI,MO,ACE,CE,Combined TRACON& Tower with Radar,286,107,17,0,410,0,1,2,0,3,286,108,19,0,413,0,0,0,413
01/07/2012,MCI,MO,ACE,CE,Combined TRACON& Tower with Radar,207,49,2,0,258,0,0,4,0,4,207,49,6,0,262,0,0,0,262
01/08/2012,MCI,MO,ACE,CE,Combined TRACON& Tower with Radar,242,85,3,0,330,0,0,4,0,4,242,85,7,0,334,0,0,0,334
01/09/2012,MCI,MO,ACE,CE,Combined TRACON& Tower with Radar,276,100,10,2,388,1,0,1,0,2,277,100,11,2,390,0,0,0,390
01/10/2012,MCI,MO,ACE,CE,Combined TRACON& Tower with Radar,265,99,11,2,377,0,0,2,0,2,265,99,13,2,379,0,0,0,379
01/11/2012,MCI,MO,ACE,CE,Combined TRACON& Tower with Radar,270,91,8,2,371,0,1,0,0,1,270,92,8,2,372,0,0,0,372
01/12/2012,MCI,MO,ACE,CE,Combined TRACON& Tower with Radar,271,84,17,0,372,0,0,0,0,0,271,84,17,0,372,0,0,0,372
01/13/2012,MCI,MO,ACE,CE,Combined TRACON& Tower with Radar,290,104,7,0,401,0,1,3,0,4,290,105,10,0,405,0,0,0,405
01/14/2012,MCI,MO,ACE,CE,Combined TRACON& Tower with Radar,191,50,4,0,245,0,0,4,0,4,191,50,8,0,249,0,0,0,249
01/15/2012,MCI,MO,ACE,CE,Combined TRACON& Tower with Radar,229,73,1,0,303,0,6,2,0,8,229,79,3,0,311,0,0,0,311
01/16/2012,MCI,MO,ACE,CE,Combined TRACON& Tower with Radar,272,99,6,0,377,0,1,0,0,1,272,100,6,0,378,0,0,0,378
01/17/2012,MCI,MO,ACE,CE,Combined TRACON& Tower with Radar,267,96,14,7,384,0,1,3,9,13,267,97,17,16,397,0,0,0,397
01/18/2012,MCI,MO,ACE,CE,Combined TRACON& Tower with Radar,269,85,14,2,370,0,7,3,0,10,269,92,17,2,380,0,0,0,380
01/19/2012,MCI,MO,ACE,CE,Combined TRACON& Tower with Radar,275,102,12,2,391,0,1,0,0,1,275,103,12,2,392,0,0,0,392
01/20/2012,MCI,MO,ACE,CE,Combined TRACON& Tower with Radar,270,93,13,2,378,0,1,0,0,1,270,94,13,2,379,0,0,0,379
01/21/2012,MCI,MO,ACE,CE,Combined TRACON& Tower with Radar,194,54,10,0,258,0,0,1,0,1,194,54,11,0,259,0,0,0,259
01/22/2012,MCI,MO,ACE,CE,Combined TRACON& Tower with Radar,233,84,3,3,323,0,0,0,0,0,233,84,3,3,323,0,0,0,323
01/23/2012,MCI,MO,ACE,CE,Combined TRACON& Tower with Radar,275,111,17,3,406,0,0,3,0,3,275,111,20,3,409,0,0,0,409
01/24/2012,MCI,MO,ACE,CE,Combined TRACON& Tower with Radar,258,98,11,11,378,0,3,3,0,6,258,101,14,11,384,0,0,0,384
01/25/2012,MCI,MO,ACE,CE,Combined TRACON& Tower with Radar,273,92,11,14,390,0,3,1,2,6,273,95,12,16,396,0,0,0,396
01/26/2012,MCI,MO,ACE,CE,Combined TRACON& Tower with Radar,274,101,7,3,385,0,3,1,0,4,274,104,8,3,389,0,0,0,389
01/27/2012,MCI,MO,ACE,CE,Combined TRACON& Tower with Radar,283,98,8,7,396,0,3,1,0,4,283,101,9,7,400,0,0,0,400
01/28/2012,MCI,MO,ACE,CE,Combined TRACON& Tower with Radar,188,53,5,0,246,0,0,5,0,5,188,53,10,0,251,0,0,0,251
01/29/2012,MCI,MO,ACE,CE,Combined TRACON& Tower with Radar,237,86,1,0,324,0,0,5,0,5,237,86,6,0,329,0,0,0,329
01/30/2012,MCI,MO,ACE,CE,Combined TRACON& Tower with Radar,273,105,10,1,389,0,0,0,0,0,273,105,10,1,389,0,0,0,389
01/31/2012,MCI,MO,ACE,CE,Combined TRACON& Tower with Radar,260,93,13,9,375,0,0,2,1,3,260,93,15,10,378,0,0,0,378
02/01/2012,MCI,MO,ACE,CE,Combined TRACON& Tower with Radar,277,90,10,6,383,0,2,2,0,4,277,92,12,6,387,0,0,0,387
02/02/2012,MCI,MO,ACE,CE,Combined TRACON& Tower with Radar,276,94,12,4,386,0,7,2,3,12,276,101,14,7,398,0,0,0,398
02/03/2012,MCI,MO,ACE,CE,Combined TRACON& Tower with Radar,272,99,2,0,373,0,0,0,0,0,272,99,2,0,373,0,0,0,373
02/04/2012,MCI,MO,ACE,CE,Combined TRACON& Tower with Radar,193,57,1,0,251,0,0,0,0,0,193,57,1,0,251,0,0,0,251
02/05/2012,MCI,MO,ACE,CE,Combined TRACON& Tower with Radar,238,78,1,2,319,0,1,4,0,5,238,79,5,2,324,0,0,0,324
02/06/2012,MCI,MO,ACE,CE,Combined TRACON& Tower with Radar,276,95,4,0,375,0,0,1,0,1,276,95,5,0,376,0,0,0,376
02/07/2012,MCI,MO,ACE,CE,Combined TRACON& Tower with Radar,260,91,14,19,384,0,0,2,0,2,260,91,16,19,386,0,0,0,386
02/08/2012,MCI,MO,ACE,CE,Combined TRACON& Tower with Radar,276,84,11,0,371,0,0,0,1,1,276,84,11,1,372,0,0,0,372
02/09/2012,MCI,MO,ACE,CE,Combined TRACON& Tower with Radar,280,98,8,2,388,0,0,0,1,1,280,98,8,3,389,0,0,0,389
02/10/2012,MCI,MO,ACE,CE,Combined TRACON& Tower with Radar,281,95,10,4,390,0,0,2,0,2,281,95,12,4,392,0,0,0,392
02/11/2012,MCI,MO,ACE,CE,Combined TRACON& Tower with Radar,192,50,6,0,248,0,0,11,0,11,192,50,17,0,259,0,0,0,259
02/12/2012,MCI,MO,ACE,CE,Combined TRACON& Tower with Radar,247,80,6,0,333,0,0,0,0,0,247,80,6,0,333,0,0,0,333
02/13/2012,MCI,MO,ACE,CE,Combined TRACON& Tower with Radar,279,96,12,2,389,0,0,0,0,0,279,96,12,2,389,0,0,0,389
02/14/2012,MCI,MO,ACE,CE,Combined TRACON& Tower with Radar,270,87,11,2,370,0,0,3,0,3,270,87,14,2,373,0,0,0,373
02/15/2012,MCI,MO,ACE,CE,Combined TRACON& Tower with Radar,286,83,11,1,381,0,0,0,0,0,286,83,11,1,381,0,0,0,381
02/16/2012,MCI,MO,ACE,CE,Combined TRACON& Tower with Radar,290,100,9,7,406,0,5,5,0,10,290,105,14,7,416,0,0,0,416
02/17/2012,MCI,MO,ACE,CE,Combined TRACON& Tower with Radar,292,98,9,4,403,0,0,2,0,2,292,98,11,4,405,0,0,0,405
02/18/2012,MCI,MO,ACE,CE,Combined TRACON& Tower with Radar,196,53,6,0,255,0,0,4,0,4,196,53,10,0,259,0,0,0,259
02/19/2012,MCI,MO,ACE,CE,Combined TRACON& Tower with Radar,236,80,5,2,323,0,0,1,0,1,236,80,6,2,324,0,0,0,324
02/20/2012,MCI,MO,ACE,CE,Combined TRACON& Tower with Radar,283,94,5,0,382,0,0,0,0,0,283,94,5,0,382,0,0,0,382
02/21/2012,MCI,MO,ACE,CE,Combined TRACON& Tower with Radar,284,97,10,1,392,0,1,5,0,6,284,98,15,1,398,0,0,0,398
02/22/2012,MCI,MO,ACE,CE,Combined TRACON& Tower with Radar,284,96,4,2,386,0,3,7,2,12,284,99,11,4,398,0,0,0,398
02/23/2012,MCI,MO,ACE,CE,Combined TRACON& Tower with Radar,284,99,8,0,391,0,0,0,0,0,284,99,8,0,391,0,0,0,391
02/24/2012,MCI,MO,ACE,CE,Combined TRACON& Tower with Radar,287,98,8,3,396,0,0,2,0,2,287,98,10,3,398,0,0,0,398
02/25/2012,MCI,MO,ACE,CE,Combined TRACON& Tower with Radar,201,56,5,1,263,0,0,1,0,1,201,56,6,1,264,0,0,0,264
02/26/2012,MCI,MO,ACE,CE,Combined TRACON& Tower with Radar,260,84,8,0,352,0,0,2,0,2,260,84,10,0,354,0,0,0,354
02/27/2012,MCI,MO,ACE,CE,Combined TRACON& Tower with Radar,297,95,13,5,410,0,11,2,0,13,297,106,15,5,423,0,0,0,423
02/28/2012,MCI,MO,ACE,CE,Combined TRACON& Tower with Radar,279,85,9,4,377,0,0,0,0,0,279,85,9,4,377,0,0,0,377
02/29/2012,MCI,MO,ACE,CE,Combined TRACON& Tower with Radar,285,89,20,4,398,0,3,5,0,8,285,92,25,4,406,0,0,0,406
03/01/2012,MCI,MO,ACE,CE,Combined TRACON& Tower with Radar,292,96,14,4,406,0,5,12,0,17,292,101,26,4,423,0,0,0,423
03/02/2012,MCI,MO,ACE,CE,Combined TRACON& Tower with Radar,294,94,10,0,398,0,0,2,0,2,294,94,12,0,400,0,0,0,400
03/03/2012,MCI,MO,ACE,CE,Combined TRACON& Tower with Radar,213,54,3,1,271,0,0,0,0,0,213,54,3,1,271,0,0,0,271
03/04/2012,MCI,MO,ACE,CE,Combined TRACON& Tower with Radar,263,78,3,1,345,0,0,3,0,3,263,78,6,1,348,0,0,0,348
03/05/2012,MCI,MO,ACE,CE,Combined TRACON& Tower with Radar,299,100,14,7,420,0,0,4,0,4,299,100,18,7,424,0,0,0,424
03/06/2012,MCI,MO,ACE,CE,Combined TRACON& Tower with Radar,276,91,12,4,383,0,2,1,0,3,276,93,13,4,386,0,0,0,386
03/07/2012,MCI,MO,ACE,CE,Combined TRACON& Tower with Radar,295,101,12,14,422,0,0,1,0,1,295,101,13,14,423,0,0,0,423
03/08/2012,MCI,MO,ACE,CE,Combined TRACON& Tower with Radar,294,104,9,11,418,0,0,4,0,4,294,104,13,11,422,0,0,0,422
03/09/2012,MCI,MO,ACE,CE,Combined TRACON& Tower with Radar,305,91,11,1,408,0,8,6,0,14,305,99,17,1,422,0,0,0,422
03/10/2012,MCI,MO,ACE,CE,Combined TRACON& Tower with Radar,241,54,6,0,301,0,0,2,0,2,241,54,8,0,303,0,0,0,303
03/11/2012,MCI,MO,ACE,CE,Combined TRACON& Tower with Radar,263,79,6,0,348,0,0,0,0,0,263,79,6,0,348,0,0,0,348
03/12/2012,MCI,MO,ACE,CE,Combined TRACON& Tower with Radar,294,89,8,2,393,0,2,2,0,4,294,91,10,2,397,0,0,0,397
03/13/2012,MCI,MO,ACE,CE,Combined TRACON& Tower with Radar,278,85,12,4,379,0,1,3,0,4,278,86,15,4,383,0,0,0,383
03/14/2012,MCI,MO,ACE,CE,Combined TRACON& Tower with Radar,287,88,7,0,382,0,2,0,0,2,287,90,7,0,384,0,0,0,384
03/15/2012,MCI,MO,ACE,CE,Combined TRACON& Tower with Radar,305,98,13,0,416,0,0,0,0,0,305,98,13,0,416,0,0,0,416
03/16/2012,MCI,MO,ACE,CE,Combined TRACON& Tower with Radar,308,99,4,1,412,0,0,2,0,2,308,99,6,1,414,0,0,0,414
03/17/2012,MCI,MO,ACE,CE,Combined TRACON& Tower with Radar,247,55,6,3,311,0,0,0,0,0,247,55,6,3,311,0,0,0,311
03/18/2012,MCI,MO,ACE,CE,Combined TRACON& Tower with Radar,268,83,11,2,364,0,0,4,0,4,268,83,15,2,368,0,0,0,368
03/19/2012,MCI,MO,ACE,CE,Combined TRACON& Tower with Radar,287,88,1,0,376,0,0,0,0,0,287,88,1,0,376,0,0,0,376
03/20/2012,MCI,MO,ACE,CE,Combined TRACON& Tower with Radar,280,91,4,2,377,0,0,0,0,0,280,91,4,2,377,0,0,0,377
03/21/2012,MCI,MO,ACE,CE,Combined TRACON& Tower with Radar,298,101,13,4,416,0,0,0,0,0,298,101,13,4,416,0,0,0,416
03/22/2012,MCI,MO,ACE,CE,Combined TRACON& Tower with Radar,307,103,6,2,418,0,0,0,0,0,307,103,6,2,418,0,0,0,418
03/23/2012,MCI,MO,ACE,CE,Combined TRACON& Tower with Radar,306,96,8,3,413,0,0,0,0,0,306,96,8,3,413,0,0,0,413
03/24/2012,MCI,MO,ACE,CE,Combined TRACON& Tower with Radar,240,52,6,0,298,0,0,5,0,5,240,52,11,0,303,0,0,0,303
03/25/2012,MCI,MO,ACE,CE,Combined TRACON& Tower with Radar,268,84,8,0,360,0,0,5,0,5,268,84,13,0,365,0,0,0,365
03/26/2012,MCI,MO,ACE,CE,Combined TRACON& Tower with Radar,302,87,5,3,397,0,2,0,0,2,302,89,5,3,399,0,0,0,399
03/27/2012,MCI,MO,ACE,CE,Combined TRACON& Tower with Radar,290,85,3,0,378,0,0,0,0,0,290,85,3,0,378,0,0,0,378
03/28/2012,MCI,MO,ACE,CE,Combined TRACON& Tower with Radar,296,93,2,2,393,0,0,0,0,0,296,93,2,2,393,0,0,0,393
03/29/2012,MCI,MO,ACE,CE,Combined TRACON& Tower with Radar,299,97,6,0,402,0,0,0,0,0,299,97,6,0,402,0,0,0,402
03/30/2012,MCI,MO,ACE,CE,Combined TRACON& Tower with Radar,316,85,0,2,403,0,0,0,0,0,316,85,0,2,403,0,0,0,403
03/31/2012,MCI,MO,ACE,CE,Combined TRACON& Tower with Radar,233,56,6,0,295,0,2,2,0,4,233,58,8,0,299,0,0,0,299
04/01/2012,MCI,MO,ACE,CE,Combined TRACON& Tower with Radar,273,81,5,0,359,0,2,6,0,8,273,83,11,0,367,0,0,0,367
04/02/2012,MCI,MO,ACE,CE,Combined TRACON& Tower with Radar,299,92,7,10,408,0,2,0,0,2,299,94,7,10,410,0,0,0,410
04/03/2012,MCI,MO,ACE,CE,Combined TRACON& Tower with Radar,276,86,3,0,365,0,0,1,0,1,276,86,4,0,366,0,0,0,366
04/04/2012,MCI,MO,ACE,CE,Combined TRACON& Tower with Radar,286,88,8,2,384,0,0,2,0,2,286,88,10,2,386,0,0,0,386
04/05/2012,MCI,MO,ACE,CE,Combined TRACON& Tower with Radar,295,95,11,2,403,0,2,3,0,5,295,97,14,2,408,0,0,0,408
04/06/2012,MCI,MO,ACE,CE,Combined TRACON& Tower with Radar,295,85,9,0,389,0,0,5,0,5,295,85,14,0,394,0,0,0,394
04/07/2012,MCI,MO,ACE,CE,Combined TRACON& Tower with Radar,231,45,0,0,276,0,0,2,0,2,231,45,2,0,278,0,0,0,278
04/08/2012,MCI,MO,ACE,CE,Combined TRACON& Tower with Radar,246,75,4,0,325,0,0,4,0,4,246,75,8,0,329,0,0,0,329
04/09/2012,MCI,MO,ACE,CE,Combined TRACON& Tower with Radar,299,88,10,2,399,1,5,1,1,8,300,93,11,3,407,0,0,0,407
04/10/2012,MCI,MO,ACE,CE,Combined TRACON& Tower with Radar,285,87,8,8,388,0,3,8,0,11,285,90,16,8,399,0,0,0,399
04/11/2012,MCI,MO,ACE,CE,Combined TRACON& Tower with Radar,304,86,3,1,394,0,2,2,0,4,304,88,5,1,398,0,0,0,398
04/12/2012,MCI,MO,ACE,CE,Combined TRACON& Tower with Radar,307,94,8,1,410,0,0,8,0,8,307,94,16,1,418,0,0,0,418
04/13/2012,MCI,MO,ACE,CE,Combined TRACON& Tower with Radar,311,99,4,4,418,0,0,1,0,1,311,99,5,4,419,0,0,0,419
04/14/2012,MCI,MO,ACE,CE,Combined TRACON& Tower with Radar,235,47,3,0,285,0,0,2,0,2,235,47,5,0,287,0,0,0,287
04/15/2012,MCI,MO,ACE,CE,Combined TRACON& Tower with Radar,275,79,2,0,356,0,0,0,0,0,275,79,2,0,356,0,0,0,356
04/16/2012,MCI,MO,ACE,CE,Combined TRACON& Tower with Radar,285,93,14,0,392,0,0,1,0,1,285,93,15,0,393,0,0,0,393
04/17/2012,MCI,MO,ACE,CE,Combined TRACON& Tower with Radar,279,88,10,0,377,0,1,2,0,3,279,89,12,0,380,0,0,0,380
04/18/2012,MCI,MO,ACE,CE,Combined TRACON& Tower with Radar,286,87,6,1,380,0,2,9,0,11,286,89,15,1,391,0,0,0,391
04/19/2012,MCI,MO,ACE,CE,Combined TRACON& Tower with Radar,296,93,21,0,410,0,0,1,0,1,296,93,22,0,411,0,0,0,411
04/20/2012,MCI,MO,ACE,CE,Combined TRACON& Tower with Radar,297,87,15,0,399,0,1,2,0,3,297,88,17,0,402,0,0,0,402
04/21/2012,MCI,MO,ACE,CE,Combined TRACON& Tower with Radar,214,51,3,0,268,0,0,6,0,6,214,51,9,0,274,0,0,0,274
04/22/2012,MCI,MO,ACE,CE,Combined TRACON& Tower with Radar,264,79,24,0,367,0,0,4,0,4,264,79,28,0,371,0,0,0,371
04/23/2012,MCI,MO,ACE,CE,Combined TRACON& Tower with Radar,296,91,12,0,399,0,0,3,2,5,296,91,15,2,404,0,0,0,404
04/24/2012,MCI,MO,ACE,CE,Combined TRACON& Tower with Radar,277,83,12,2,374,0,1,9,0,10,277,84,21,2,384,0,0,0,384
04/25/2012,MCI,MO,ACE,CE,Combined TRACON& Tower with Radar,286,89,8,0,383,0,2,6,0,8,286,91,14,0,391,0,0,0,391
04/26/2012,MCI,MO,ACE,CE,Combined TRACON& Tower with Radar,297,95,6,4,402,0,1,3,3,7,297,96,9,7,409,0,0,0,409
04/27/2012,MCI,MO,ACE,CE,Combined TRACON& Tower with Radar,295,104,9,0,408,0,0,1,0,1,295,104,10,0,409,0,0,0,409
04/28/2012,MCI,MO,ACE,CE,Combined TRACON& Tower with Radar,227,54,1,2,284,0,0,0,0,0,227,54,1,2,284,0,0,0,284
04/29/2012,MCI,MO,ACE,CE,Combined TRACON& Tower with Radar,263,79,5,6,353,0,0,0,0,0,263,79,5,6,353,0,0,0,353
04/30/2012,MCI,MO,ACE,CE,Combined TRACON& Tower with Radar,293,90,10,4,397,0,0,0,0,0,293,90,10,4,397,0,0,0,397
05/01/2012,MCI,MO,ACE,CE,Combined TRACON& Tower with Radar,278,84,11,8,381,0,0,4,0,4,278,84,15,8,385,0,0,0,385
05/02/2012,MCI,MO,ACE,CE,Combined TRACON& Tower with Radar,286,87,13,4,390,0,0,0,0,0,286,87,13,4,390,0,0,0,390
05/03/2012,MCI,MO,ACE,CE,Combined TRACON& Tower with Radar,290,99,12,10,411,0,0,2,0,2,290,99,14,10,413,0,0,0,413
05/04/2012,MCI,MO,ACE,CE,Combined TRACON& Tower with Radar,303,96,3,0,402,0,0,4,1,5,303,96,7,1,407,0,0,0,407
05/05/2012,MCI,MO,ACE,CE,Combined TRACON& Tower with Radar,212,47,6,0,265,0,0,1,1,2,212,47,7,1,267,0,0,0,267
05/06/2012,MCI,MO,ACE,CE,Combined TRACON& Tower with Radar,248,72,0,0,320,0,0,2,0,2,248,72,2,0,322,0,0,0,322
05/07/2012,MCI,MO,ACE,CE,Combined TRACON& Tower with Radar,297,96,14,3,410,0,0,3,0,3,297,96,17,3,413,0,0,0,413
05/08/2012,MCI,MO,ACE,CE,Combined TRACON& Tower with Radar,284,70,16,6,376,0,6,2,0,8,284,76,18,6,384,0,0,0,384
05/09/2012,MCI,MO,ACE,CE,Combined TRACON& Tower with Radar,288,83,7,2,380,0,0,4,0,4,288,83,11,2,384,0,0,0,384
05/10/2012,MCI,MO,ACE,CE,Combined TRACON& Tower with Radar,298,82,5,4,389,0,6,1,0,7,298,88,6,4,396,0,0,0,396
05/11/2012,MCI,MO,ACE,CE,Combined TRACON& Tower with Radar,296,89,10,4,399,0,0,0,2,2,296,89,10,6,401,0,0,0,401
05/12/2012,MCI,MO,ACE,CE,Combined TRACON& Tower with Radar,222,43,2,0,267,0,0,4,0,4,222,43,6,0,271,0,0,0,271
05/13/2012,MCI,MO,ACE,CE,Combined TRACON& Tower with Radar,255,81,10,0,346,0,0,1,0,1,255,81,11,0,347,0,0,0,347
05/14/2012,MCI,MO,ACE,CE,Combined TRACON& Tower with Radar,294,94,10,4,402,0,0,5,0,5,294,94,15,4,407,0,0,0,407
05/15/2012,MCI,MO,ACE,CE,Combined TRACON& Tower with Radar,285,80,11,6,382,0,3,3,0,6,285,83,14,6,388,0,0,0,388
05/16/2012,MCI,MO,ACE,CE,Combined TRACON& Tower with Radar,290,84,11,2,387,0,1,8,0,9,290,85,19,2,396,0,0,0,396
05/17/2012,MCI,MO,ACE,CE,Combined TRACON& Tower with Radar,299,96,9,0,404,0,0,7,0,7,299,96,16,0,411,0,0,0,411
05/18/2012,MCI,MO,ACE,CE,Combined TRACON& Tower with Radar,296,91,6,0,393,0,0,2,0,2,296,91,8,0,395,0,0,0,395
05/19/2012,MCI,MO,ACE,CE,Combined TRACON& Tower with Radar,218,42,3,0,263,0,0,0,0,0,218,42,3,0,263,0,0,0,263
05/20/2012,MCI,MO,ACE,CE,Combined TRACON& Tower with Radar,264,78,2,0,344,0,0,2,4,6,264,78,4,4,350,0,0,0,350
05/21/2012,MCI,MO,ACE,CE,Combined TRACON& Tower with Radar,293,91,5,3,392,0,1,6,0,7,293,92,11,3,399,0,0,0,399
05/22/2012,MCI,MO,ACE,CE,Combined TRACON& Tower with Radar,283,86,6,2,377,0,1,13,2,16,283,87,19,4,393,0,0,0,393
05/23/2012,MCI,MO,ACE,CE,Combined TRACON& Tower with Radar,282,80,9,0,371,0,4,15,4,23,282,84,24,4,394,0,0,0,394
05/24/2012,MCI,MO,ACE,CE,Combined TRACON& Tower with Radar,301,95,7,0,403,0,1,1,0,2,301,96,8,0,405,0,0,0,405
05/25/2012,MCI,MO,ACE,CE,Combined TRACON& Tower with Radar,296,93,6,0,395,0,0,6,2,8,296,93,12,2,403,0,0,0,403
05/26/2012,MCI,MO,ACE,CE,Combined TRACON& Tower with Radar,205,45,2,0,252,0,0,4,0,4,205,45,6,0,256,0,0,0,256
05/27/2012,MCI,MO,ACE,CE,Combined TRACON& Tower with Radar,208,61,1,0,270,0,1,0,0,1,208,62,1,0,271,0,0,0,271
05/28/2012,MCI,MO,ACE,CE,Combined TRACON& Tower with Radar,263,79,4,0,346,0,0,4,0,4,263,79,8,0,350,0,0,0,350
05/29/2012,MCI,MO,ACE,CE,Combined TRACON& Tower with Radar,282,81,18,2,383,0,2,4,0,6,282,83,22,2,389,0,0,0,389
05/30/2012,MCI,MO,ACE,CE,Combined TRACON& Tower with Radar,294,78,8,2,382,0,0,9,2,11,294,78,17,4,393,0,0,0,393
05/31/2012,MCI,MO,ACE,CE,Combined TRACON& Tower with Radar,288,92,14,4,398,0,0,5,0,5,288,92,19,4,403,0,0,0,403
06/01/2012,MCI,MO,ACE,CE,Combined TRACON& Tower with Radar,281,92,6,0,379,0,0,10,0,10,281,92,16,0,389,0,0,0,389
06/02/2012,MCI,MO,ACE,CE,Combined TRACON& Tower with Radar,212,45,3,0,260,0,3,3,0,6,212,48,6,0,266,0,0,0,266
06/03/2012,MCI,MO,ACE,CE,Combined TRACON& Tower with Radar,257,76,6,3,342,0,3,2,0,5,257,79,8,3,347,0,0,0,347
06/04/2012,MCI,MO,ACE,CE,Combined TRACON& Tower with Radar,286,90,10,0,386,0,1,0,0,1,286,91,10,0,387,0,0,0,387
06/05/2012,MCI,MO,ACE,CE,Combined TRACON& Tower with Radar,282,77,13,2,374,0,7,5,0,12,282,84,18,2,386,0,0,0,386
06/06/2012,MCI,MO,ACE,CE,Combined TRACON& Tower with Radar,296,85,26,0,407,0,0,9,0,9,296,85,35,0,416,0,0,0,416
06/07/2012,MCI,MO,ACE,CE,Combined TRACON& Tower with Radar,304,100,16,0,420,0,4,1,0,5,304,104,17,0,425,0,0,0,425
06/08/2012,MCI,MO,ACE,CE,Combined TRACON& Tower with Radar,298,98,12,0,408,0,0,5,0,5,298,98,17,0,413,0,0,0,413
06/09/2012,MCI,MO,ACE,CE,Combined TRACON& Tower with Radar,228,68,9,0,305,0,0,2,2,4,228,68,11,2,309,0,0,0,309
06/10/2012,MCI,MO,ACE,CE,Combined TRACON& Tower with Radar,257,87,5,0,349,0,0,1,0,1,257,87,6,0,350,0,0,0,350
06/11/2012,MCI,MO,ACE,CE,Combined TRACON& Tower with Radar,288,98,11,2,399,0,0,8,0,8,288,98,19,2,407,0,0,0,407
06/12/2012,MCI,MO,ACE,CE,Combined TRACON& Tower with Radar,281,98,10,2,391,0,0,5,0,5,281,98,15,2,396,0,0,0,396
06/13/2012,MCI,MO,ACE,CE,Combined TRACON& Tower with Radar,284,96,9,8,397,0,2,4,2,8,284,98,13,10,405,0,0,0,405
06/14/2012,MCI,MO,ACE,CE,Combined TRACON& Tower with Radar,302,98,9,0,409,0,0,4,0,4,302,98,13,0,413,0,0,0,413
06/15/2012,MCI,MO,ACE,CE,Combined TRACON& Tower with Radar,308,96,8,3,415,0,0,0,0,0,308,96,8,3,415,0,0,0,415
06/16/2012,MCI,MO,ACE,CE,Combined TRACON& Tower with Radar,228,68,3,1,300,0,0,2,0,2,228,68,5,1,302,0,0,0,302
06/17/2012,MCI,MO,ACE,CE,Combined TRACON& Tower with Radar,252,93,6,0,351,0,0,0,0,0,252,93,6,0,351,0,0,0,351
06/18/2012,MCI,MO,ACE,CE,Combined TRACON& Tower with Radar,295,89,10,3,397,0,0,2,0,2,295,89,12,3,399,0,0,0,399
06/19/2012,MCI,MO,ACE,CE,Combined TRACON& Tower with Radar,285,105,3,7,400,0,0,2,0,2,285,105,5,7,402,0,0,0,402
06/20/2012,MCI,MO,ACE,CE,Combined TRACON& Tower with Radar,296,97,9,4,406,0,1,0,2,3,296,98,9,6,409,0,0,0,409
06/21/2012,MCI,MO,ACE,CE,Combined TRACON& Tower with Radar,294,111,14,4,423,0,0,11,0,11,294,111,25,4,434,0,0,0,434
06/22/2012,MCI,MO,ACE,CE,Combined TRACON& Tower with Radar,295,89,6,0,390,0,0,4,0,4,295,89,10,0,394,0,0,0,394
06/23/2012,MCI,MO,ACE,CE,Combined TRACON& Tower with Radar,230,74,2,2,308,0,0,4,0,4,230,74,6,2,312,0,0,0,312
06/24/2012,MCI,MO,ACE,CE,Combined TRACON& Tower with Radar,262,96,4,0,362,0,0,2,0,2,262,96,6,0,364,0,0,0,364
06/25/2012,MCI,MO,ACE,CE,Combined TRACON& Tower with Radar,266,90,9,2,367,0,0,10,0,10,266,90,19,2,377,2,0,2,379
06/26/2012,MCI,MO,ACE,CE,Combined TRACON& Tower with Radar,285,102,9,0,396,0,0,2,0,2,285,102,11,0,398,0,0,0,398
06/27/2012,MCI,MO,ACE,CE,Combined TRACON& Tower with Radar,285,104,7,2,398,0,0,4,0,4,285,104,11,2,402,0,0,0,402
06/28/2012,MCI,MO,ACE,CE,Combined TRACON& Tower with Radar,299,105,3,2,409,0,1,5,0,6,299,106,8,2,415,0,0,0,415
06/29/2012,MCI,MO,ACE,CE,Combined TRACON& Tower with Radar,284,100,5,6,395,0,1,5,0,6,284,101,10,6,401,0,0,0,401
06/30/2012,MCI,MO,ACE,CE,Combined TRACON& Tower with Radar,230,70,7,0,307,0,0,1,0,1,230,70,8,0,308,0,0,0,308
07/01/2012,MCI,MO,ACE,CE,Combined TRACON& Tower with Radar,247,84,2,0,333,0,0,2,0,2,247,84,4,0,335,0,0,0,335
07/02/2012,MCI,MO,ACE,CE,Combined TRACON& Tower with Radar,255,93,9,2,359,0,1,10,0,11,255,94,19,2,370,0,0,0,370
07/03/2012,MCI,MO,ACE,CE,Combined TRACON& Tower with Radar,257,77,7,2,343,0,3,2,1,6,257,80,9,3,349,0,0,0,349
07/04/2012,MCI,MO,ACE,CE,Combined TRACON& Tower with Radar,215,59,0,0,274,0,1,0,0,1,215,60,0,0,275,0,0,0,275
07/05/2012,MCI,MO,ACE,CE,Combined TRACON& Tower with Radar,258,75,6,0,339,0,2,2,0,4,258,77,8,0,343,0,0,0,343
07/06/2012,MCI,MO,ACE,CE,Combined TRACON& Tower with Radar,270,83,5,2,360,0,1,7,0,8,270,84,12,2,368,0,0,0,368
07/07/2012,MCI,MO,ACE,CE,Combined TRACON& Tower with Radar,223,62,2,2,289,0,0,3,0,3,223,62,5,2,292,0,0,0,292
07/08/2012,MCI,MO,ACE,CE,Combined TRACON& Tower with Radar,253,89,6,2,350,0,0,1,0,1,253,89,7,2,351,0,0,0,351
07/09/2012,MCI,MO,ACE,CE,Combined TRACON& Tower with Radar,293,83,7,7,390,0,0,3,2,5,293,83,10,9,395,0,0,0,395
07/10/2012,MCI,MO,ACE,CE,Combined TRACON& Tower with Radar,290,93,13,3,399,0,0,6,0,6,290,93,19,3,405,0,0,0,405
07/11/2012,MCI,MO,ACE,CE,Combined TRACON& Tower with Radar,297,91,18,4,410,0,0,0,2,2,297,91,18,6,412,0,0,0,412
07/12/2012,MCI,MO,ACE,CE,Combined TRACON& Tower with Radar,291,95,26,4,416,0,0,5,0,5,291,95,31,4,421,0,0,0,421
07/13/2012,MCI,MO,ACE,CE,Combined TRACON& Tower with Radar,292,89,8,2,391,0,9,0,0,9,292,98,8,2,400,0,0,0,400
07/14/2012,MCI,MO,ACE,CE,Combined TRACON& Tower with Radar,231,69,5,0,305,0,0,2,0,2,231,69,7,0,307,0,0,0,307
07/15/2012,MCI,MO,ACE,CE,Combined TRACON& Tower with Radar,257,79,3,0,339,0,0,4,0,4,257,79,7,0,343,0,0,0,343
07/16/2012,MCI,MO,ACE,CE,Combined TRACON& Tower with Radar,287,95,18,4,404,0,0,0,0,0,287,95,18,4,404,0,0,0,404
07/17/2012,MCI,MO,ACE,CE,Combined TRACON& Tower with Radar,276,106,12,1,395,0,0,6,0,6,276,106,18,1,401,0,0,0,401
07/18/2012,MCI,MO,ACE,CE,Combined TRACON& Tower with Radar,284,93,13,5,395,0,0,2,0,2,284,93,15,5,397,0,0,0,397
07/19/2012,MCI,MO,ACE,CE,Combined TRACON& Tower with Radar,283,91,6,0,380,0,0,3,0,3,283,91,9,0,383,0,0,0,383
07/20/2012,MCI,MO,ACE,CE,Combined TRACON& Tower with Radar,299,99,11,5,414,0,0,4,0,4,299,99,15,5,418,0,0,0,418
07/21/2012,MCI,MO,ACE,CE,Combined TRACON& Tower with Radar,235,79,2,0,316,0,0,3,0,3,235,79,5,0,319,0,0,0,319
07/22/2012,MCI,MO,ACE,CE,Combined TRACON& Tower with Radar,254,86,3,0,343,0,0,1,0,1,254,86,4,0,344,0,0,0,344
07/23/2012,MCI,MO,ACE,CE,Combined TRACON& Tower with Radar,282,93,7,2,384,0,0,5,1,6,282,93,12,3,390,0,0,0,390
07/24/2012,MCI,MO,ACE,CE,Combined TRACON& Tower with Radar,284,100,10,2,396,0,0,0,0,0,284,100,10,2,396,0,0,0,396
07/25/2012,MCI,MO,ACE,CE,Combined TRACON& Tower with Radar,297,107,12,4,420,0,0,0,0,0,297,107,12,4,420,0,0,0,420
07/26/2012,MCI,MO,ACE,CE,Combined TRACON& Tower with Radar,288,96,7,3,394,0,1,4,0,5,288,97,11,3,399,0,0,0,399
07/27/2012,MCI,MO,ACE,CE,Combined TRACON& Tower with Radar,297,102,6,0,405,0,0,8,0,8,297,102,14,0,413,0,0,0,413
07/28/2012,MCI,MO,ACE,CE,Combined TRACON& Tower with Radar,237,65,4,0,306,0,0,2,0,2,237,65,6,0,308,0,0,0,308
07/29/2012,MCI,MO,ACE,CE,Combined TRACON& Tower with Radar,257,84,5,0,346,0,0,3,0,3,257,84,8,0,349,0,0,0,349
07/30/2012,MCI,MO,ACE,CE,Combined TRACON& Tower with Radar,282,102,11,5,400,0,0,6,0,6,282,102,17,5,406,0,0,0,406
07/31/2012,MCI,MO,ACE,CE,Combined TRACON& Tower with Radar,283,100,13,2,398,0,0,6,0,6,283,100,19,2,404,0,0,0,404
08/01/2012,MCI,MO,ACE,CE,Combined TRACON& Tower with Radar,280,81,14,3,378,0,6,1,0,7,280,87,15,3,385,0,0,0,385
08/02/2012,MCI,MO,ACE,CE,Combined TRACON& Tower with Radar,290,97,16,0,403,0,2,2,0,4,290,99,18,0,407,0,0,0,407
08/03/2012,MCI,MO,ACE,CE,Combined TRACON& Tower with Radar,290,91,0,0,381,0,2,1,0,3,290,93,1,0,384,0,0,0,384
08/04/2012,MCI,MO,ACE,CE,Combined TRACON& Tower with Radar,237,67,1,0,305,0,0,2,0,2,237,67,3,0,307,0,0,0,307
08/05/2012,MCI,MO,ACE,CE,Combined TRACON& Tower with Radar,262,84,8,0,354,0,0,4,0,4,262,84,12,0,358,0,0,0,358
08/06/2012,MCI,MO,ACE,CE,Combined TRACON& Tower with Radar,283,87,3,0,373,1,1,2,0,4,284,88,5,0,377,0,0,0,377
08/07/2012,MCI,MO,ACE,CE,Combined TRACON& Tower with Radar,287,93,9,0,389,0,6,2,0,8,287,99,11,0,397,0,0,0,397
08/08/2012,MCI,MO,ACE,CE,Combined TRACON& Tower with Radar,287,97,12,0,396,0,0,2,0,2,287,97,14,0,398,0,0,0,398
08/09/2012,MCI,MO,ACE,CE,Combined TRACON& Tower with Radar,282,86,10,0,378,0,7,4,0,11,282,93,14,0,389,0,0,0,389
08/10/2012,MCI,MO,ACE,CE,Combined TRACON& Tower with Radar,292,80,4,1,377,0,10,5,0,15,292,90,9,1,392,0,0,0,392
08/11/2012,MCI,MO,ACE,CE,Combined TRACON& Tower with Radar,238,65,3,0,306,0,0,1,0,1,238,65,4,0,307,0,0,0,307
08/12/2012,MCI,MO,ACE,CE,Combined TRACON& Tower with Radar,251,88,4,0,343,0,0,2,0,2,251,88,6,0,345,0,0,0,345
08/13/2012,MCI,MO,ACE,CE,Combined TRACON& Tower with Radar,277,92,4,0,373,0,0,1,0,1,277,92,5,0,374,0,0,0,374
08/14/2012,MCI,MO,ACE,CE,Combined TRACON& Tower with Radar,267,91,8,3,369,0,0,3,0,3,267,91,11,3,372,0,0,0,372
08/15/2012,MCI,MO,ACE,CE,Combined TRACON& Tower with Radar,276,88,9,3,376,0,0,2,0,2,276,88,11,3,378,0,0,0,378
08/16/2012,MCI,MO,ACE,CE,Combined TRACON& Tower with Radar,284,93,9,0,386,0,0,5,0,5,284,93,14,0,391,0,0,0,391
08/17/2012,MCI,MO,ACE,CE,Combined TRACON& Tower with Radar,282,102,13,2,399,0,0,4,2,6,282,102,17,4,405,0,0,0,405
08/18/2012,MCI,MO,ACE,CE,Combined TRACON& Tower with Radar,196,66,1,0,263,0,0,1,0,1,196,66,2,0,264,0,0,0,264
08/19/2012,MCI,MO,ACE,CE,Combined TRACON& Tower with Radar,247,83,6,3,339,0,0,6,0,6,247,83,12,3,345,0,0,0,345
08/20/2012,MCI,MO,ACE,CE,Combined TRACON& Tower with Radar,278,88,4,4,374,1,0,4,0,5,279,88,8,4,379,0,0,0,379
08/21/2012,MCI,MO,ACE,CE,Combined TRACON& Tower with Radar,276,98,7,6,387,0,0,2,2,4,276,98,9,8,391,0,0,0,391
08/22/2012,MCI,MO,ACE,CE,Combined TRACON& Tower with Radar,283,92,3,2,380,0,1,4,0,5,283,93,7,2,385,0,0,0,385
08/23/2012,MCI,MO,ACE,CE,Combined TRACON& Tower with Radar,288,91,6,7,392,0,0,0,0,0,288,91,6,7,392,0,0,0,392
08/24/2012,MCI,MO,ACE,CE,Combined TRACON& Tower with Radar,294,96,6,5,401,0,0,1,0,1,294,96,7,5,402,0,0,0,402
08/25/2012,MCI,MO,ACE,CE,Combined TRACON& Tower with Radar,196,58,6,0,260,0,0,0,0,0,196,58,6,0,260,0,0,0,260
08/26/2012,MCI,MO,ACE,CE,Combined TRACON& Tower with Radar,253,82,11,0,346,0,0,22,0,22,253,82,33,0,368,0,0,0,368
08/27/2012,MCI,MO,ACE,CE,Combined TRACON& Tower with Radar,275,86,22,0,383,0,1,0,0,1,275,87,22,0,384,0,0,0,384
08/28/2012,MCI,MO,ACE,CE,Combined TRACON& Tower with Radar,277,85,7,0,369,0,0,2,0,2,277,85,9,0,371,0,0,0,371
08/29/2012,MCI,MO,ACE,CE,Combined TRACON& Tower with Radar,283,86,18,0,387,0,0,5,0,5,283,86,23,0,392,0,0,0,392
08/30/2012,MCI,MO,ACE,CE,Combined TRACON& Tower with Radar,296,93,12,2,403,0,0,7,0,7,296,93,19,2,410,0,0,0,410
08/31/2012,MCI,MO,ACE,CE,Combined TRACON& Tower with Radar,286,96,13,0,395,0,0,1,0,1,286,96,14,0,396,0,0,0,396
09/01/2012,MCI,MO,ACE,CE,Combined TRACON& Tower with Radar,176,44,1,0,221,0,0,2,0,2,176,44,3,0,223,0,0,0,223
09/02/2012,MCI,MO,ACE,CE,Combined TRACON& Tower with Radar,182,48,2,0,232,0,1,0,0,1,182,49,2,0,233,0,0,0,233
09/03/2012,MCI,MO,ACE,CE,Combined TRACON& Tower with Radar,243,70,6,0,319,0,0,2,0,2,243,70,8,0,321,0,0,0,321
09/04/2012,MCI,MO,ACE,CE,Combined TRACON& Tower with Radar,281,91,7,0,379,0,0,0,0,0,281,91,7,0,379,0,0,0,379
09/05/2012,MCI,MO,ACE,CE,Combined TRACON& Tower with Radar,288,87,9,0,384,0,0,0,0,0,288,87,9,0,384,0,0,0,384
09/06/2012,MCI,MO,ACE,CE,Combined TRACON& Tower with Radar,284,86,18,4,392,0,0,4,0,4,284,86,22,4,396,0,0,0,396
09/07/2012,MCI,MO,ACE,CE,Combined TRACON& Tower with Radar,293,89,8,3,393,0,0,0,0,0,293,89,8,3,393,0,0,0,393
09/08/2012,MCI,MO,ACE,CE,Combined TRACON& Tower with Radar,202,48,0,1,251,0,0,2,0,2,202,48,2,1,253,0,0,0,253
09/09/2012,MCI,MO,ACE,CE,Combined TRACON& Tower with Radar,256,77,7,0,340,0,0,2,0,2,256,77,9,0,342,0,0,0,342
09/10/2012,MCI,MO,ACE,CE,Combined TRACON& Tower with Radar,275,76,13,2,366,0,1,1,0,2,275,77,14,2,368,0,0,0,368
09/11/2012,MCI,MO,ACE,CE,Combined TRACON& Tower with Radar,284,83,4,3,374,0,1,1,0,2,284,84,5,3,376,0,0,0,376
09/12/2012,MCI,MO,ACE,CE,Combined TRACON& Tower with Radar,286,87,12,0,385,0,0,1,0,1,286,87,13,0,386,0,0,0,386
09/13/2012,MCI,MO,ACE,CE,Combined TRACON& Tower with Radar,286,87,5,4,382,0,0,0,0,0,286,87,5,4,382,0,0,0,382
09/14/2012,MCI,MO,ACE,CE,Combined TRACON& Tower with Radar,289,87,12,0,388,0,0,3,0,3,289,87,15,0,391,0,0,0,391
09/15/2012,MCI,MO,ACE,CE,Combined TRACON& Tower with Radar,199,46,6,0,251,0,0,0,0,0,199,46,6,0,251,0,0,0,251
09/16/2012,MCI,MO,ACE,CE,Combined TRACON& Tower with Radar,257,73,6,2,338,0,0,1,0,1,257,73,7,2,339,0,0,0,339
09/17/2012,MCI,MO,ACE,CE,Combined TRACON& Tower with Radar,277,81,13,13,384,0,1,2,2,5,277,82,15,15,389,0,0,0,389
09/18/2012,MCI,MO,ACE,CE,Combined TRACON& Tower with Radar,272,79,9,4,364,0,4,0,0,4,272,83,9,4,368,0,0,0,368
09/19/2012,MCI,MO,ACE,CE,Combined TRACON& Tower with Radar,288,79,11,1,379,0,3,1,0,4,288,82,12,1,383,0,0,0,383
09/20/2012,MCI,MO,ACE,CE,Combined TRACON& Tower with Radar,286,88,10,5,389,0,0,1,0,1,286,88,11,5,390,0,0,0,390
09/21/2012,MCI,MO,ACE,CE,Combined TRACON& Tower with Radar,291,79,9,2,381,0,6,0,0,6,291,85,9,2,387,0,0,0,387
09/22/2012,MCI,MO,ACE,CE,Combined TRACON& Tower with Radar,187,42,2,0,231,0,0,2,0,2,187,42,4,0,233,0,0,0,233
09/23/2012,MCI,MO,ACE,CE,Combined TRACON& Tower with Radar,261,67,2,0,330,0,5,5,0,10,261,72,7,0,340,0,0,0,340
09/24/2012,MCI,MO,ACE,CE,Combined TRACON& Tower with Radar,277,83,19,0,379,0,1,8,0,9,277,84,27,0,388,0,0,0,388
09/25/2012,MCI,MO,ACE,CE,Combined TRACON& Tower with Radar,280,79,3,1,363,0,1,0,0,1,280,80,3,1,364,0,0,0,364
09/26/2012,MCI,MO,ACE,CE,Combined TRACON& Tower with Radar,281,80,7,4,372,0,0,0,0,0,281,80,7,4,372,0,0,0,372
09/27/2012,MCI,MO,ACE,CE,Combined TRACON& Tower with Radar,283,89,14,0,386,0,0,3,0,3,283,89,17,0,389,0,0,0,389
09/28/2012,MCI,MO,ACE,CE,Combined TRACON& Tower with Radar,299,87,11,0,397,0,0,4,0,4,299,87,15,0,401,0,0,0,401
09/29/2012,MCI,MO,ACE,CE,Combined TRACON& Tower with Radar,191,42,5,0,238,0,0,1,0,1,191,42,6,0,239,0,0,0,239
09/30/2012,MCI,MO,ACE,CE,Combined TRACON& Tower with Radar,261,73,2,0,336,0,1,11,0,12,261,74,13,0,348,0,0,0,348
10/01/2012,MCI,MO,ACE,CE,Combined TRACON& Tower with Radar,274,86,6,0,366,0,1,1,0,2,274,87,7,0,368,0,0,0,368
10/02/2012,MCI,MO,ACE,CE,Combined TRACON& Tower with Radar,296,78,6,4,384,0,0,0,0,0,296,78,6,4,384,0,0,0,384
10/03/2012,MCI,MO,ACE,CE,Combined TRACON& Tower with Radar,292,77,11,0,380,0,7,2,0,9,292,84,13,0,389,0,0,0,389
10/04/2012,MCI,MO,ACE,CE,Combined TRACON& Tower with Radar,290,84,4,2,380,0,0,1,0,1,290,84,5,2,381,0,0,0,381
10/05/2012,MCI,MO,ACE,CE,Combined TRACON& Tower with Radar,289,90,11,2,392,0,0,1,0,1,289,90,12,2,393,0,0,0,393
10/06/2012,MCI,MO,ACE,CE,Combined TRACON& Tower with Radar,204,42,0,0,246,0,0,3,0,3,204,42,3,0,249,0,0,0,249
10/07/2012,MCI,MO,ACE,CE,Combined TRACON& Tower with Radar,260,70,2,0,332,0,2,0,0,2,260,72,2,0,334,0,0,0,334
10/08/2012,MCI,MO,ACE,CE,Combined TRACON& Tower with Radar,285,79,6,0,370,0,3,7,0,10,285,82,13,0,380,0,0,0,380
10/09/2012,MCI,MO,ACE,CE,Combined TRACON& Tower with Radar,283,78,2,4,367,0,0,0,0,0,283,78,2,4,367,0,0,0,367
10/10/2012,MCI,MO,ACE,CE,Combined TRACON& Tower with Radar,288,86,13,4,391,0,2,3,2,7,288,88,16,6,398,0,0,0,398
10/11/2012,MCI,MO,ACE,CE,Combined TRACON& Tower with Radar,285,91,11,3,390,0,2,3,0,5,285,93,14,3,395,0,0,0,395
10/12/2012,MCI,MO,ACE,CE,Combined TRACON& Tower with Radar,300,91,12,1,404,0,2,0,0,2,300,93,12,1,406,0,0,0,406
10/13/2012,MCI,MO,ACE,CE,Combined TRACON& Tower with Radar,210,45,0,0,255,0,0,0,0,0,210,45,0,0,255,0,0,0,255
10/14/2012,MCI,MO,ACE,CE,Combined TRACON& Tower with Radar,268,63,4,0,335,0,1,7,0,8,268,64,11,0,343,0,0,0,343
10/15/2012,MCI,MO,ACE,CE,Combined TRACON& Tower with Radar,294,85,7,0,386,0,0,9,0,9,294,85,16,0,395,0,0,0,395
10/16/2012,MCI,MO,ACE,CE,Combined TRACON& Tower with Radar,283,77,14,4,378,0,2,4,0,6,283,79,18,4,384,0,0,0,384
10/17/2012,MCI,MO,ACE,CE,Combined TRACON& Tower with Radar,288,90,14,2,394,0,0,0,0,0,288,90,14,2,394,0,0,0,394
10/18/2012,MCI,MO,ACE,CE,Combined TRACON& Tower with Radar,300,85,24,2,411,0,10,0,0,10,300,95,24,2,421,0,0,0,421
10/19/2012,MCI,MO,ACE,CE,Combined TRACON& Tower with Radar,299,86,14,4,403,0,2,1,0,3,299,88,15,4,406,0,0,0,406
10/20/2012,MCI,MO,ACE,CE,Combined TRACON& Tower with Radar,205,43,13,0,261,0,0,7,0,7,205,43,20,0,268,0,0,0,268
10/21/2012,MCI,MO,ACE,CE,Combined TRACON& Tower with Radar,266,65,30,0,361,0,3,5,0,8,266,68,35,0,369,0,0,0,369
10/22/2012,MCI,MO,ACE,CE,Combined TRACON& Tower with Radar,287,80,13,4,384,0,0,1,0,1,287,80,14,4,385,0,0,0,385
10/23/2012,MCI,MO,ACE,CE,Combined TRACON& Tower with Radar,283,80,9,0,372,0,0,0,0,0,283,80,9,0,372,0,0,0,372
10/24/2012,MCI,MO,ACE,CE,Combined TRACON& Tower with Radar,281,87,12,2,382,0,0,0,0,0,281,87,12,2,382,0,0,0,382
10/25/2012,MCI,MO,ACE,CE,Combined TRACON& Tower with Radar,284,92,11,2,389,0,0,0,0,0,284,92,11,2,389,0,0,0,389
10/26/2012,MCI,MO,ACE,CE,Combined TRACON& Tower with Radar,302,87,18,0,407,0,0,2,0,2,302,87,20,0,409,0,0,0,409
10/27/2012,MCI,MO,ACE,CE,Combined TRACON& Tower with Radar,212,45,5,1,263,0,0,1,0,1,212,45,6,1,264,0,0,0,264
10/28/2012,MCI,MO,ACE,CE,Combined TRACON& Tower with Radar,258,72,9,6,345,0,0,2,0,2,258,72,11,6,347,0,0,0,347
10/29/2012,MCI,MO,ACE,CE,Combined TRACON& Tower with Radar,251,71,11,3,336,1,1,4,0,6,252,72,15,3,342,0,0,0,342
10/30/2012,MCI,MO,ACE,CE,Combined TRACON& Tower with Radar,259,53,17,5,334,0,4,0,0,4,259,57,17,5,338,0,0,0,338
10/31/2012,MCI,MO,ACE,CE,Combined TRACON& Tower with Radar,248,67,4,0,319,0,1,2,0,3,248,68,6,0,322,0,0,0,322
11/01/2012,MCI,MO,ACE,CE,Combined TRACON& Tower with Radar,278,83,8,4,373,0,2,2,0,4,278,85,10,4,377,0,0,0,377
11/02/2012,MCI,MO,ACE,CE,Combined TRACON& Tower with Radar,284,88,8,2,382,0,0,1,0,1,284,88,9,2,383,0,0,0,383
11/03/2012,MCI,MO,ACE,CE,Combined TRACON& Tower with Radar,201,47,2,2,252,0,0,3,0,3,201,47,5,2,255,0,0,0,255
11/04/2012,MCI,MO,ACE,CE,Combined TRACON& Tower with Radar,252,77,3,0,332,0,0,2,0,2,252,77,5,0,334,0,0,0,334
11/05/2012,MCI,MO,ACE,CE,Combined TRACON& Tower with Radar,280,93,5,0,378,0,0,0,0,0,280,93,5,0,378,0,0,0,378
11/06/2012,MCI,MO,ACE,CE,Combined TRACON& Tower with Radar,254,75,7,0,336,0,0,0,0,0,254,75,7,0,336,0,0,0,336
11/07/2012,MCI,MO,ACE,CE,Combined TRACON& Tower with Radar,287,77,9,8,381,0,6,4,0,10,287,83,13,8,391,0,0,0,391
11/08/2012,MCI,MO,ACE,CE,Combined TRACON& Tower with Radar,286,87,22,0,395,0,2,3,0,5,286,89,25,0,400,0,0,0,400
11/09/2012,MCI,MO,ACE,CE,Combined TRACON& Tower with Radar,288,92,6,0,386,0,0,0,0,0,288,92,6,0,386,0,0,0,386
11/10/2012,MCI,MO,ACE,CE,Combined TRACON& Tower with Radar,215,49,6,0,270,0,0,4,0,4,215,49,10,0,274,0,0,0,274
11/11/2012,MCI,MO,ACE,CE,Combined TRACON& Tower with Radar,247,79,2,0,328,0,0,0,0,0,247,79,2,0,328,0,0,0,328
11/12/2012,MCI,MO,ACE,CE,Combined TRACON& Tower with Radar,285,85,10,0,380,0,5,2,0,7,285,90,12,0,387,0,0,0,387
11/13/2012,MCI,MO,ACE,CE,Combined TRACON& Tower with Radar,286,80,13,8,387,0,1,5,0,6,286,81,18,8,393,0,0,0,393
11/14/2012,MCI,MO,ACE,CE,Combined TRACON& Tower with Radar,286,77,12,4,379,0,4,6,0,10,286,81,18,4,389,0,0,0,389
11/15/2012,MCI,MO,ACE,CE,Combined TRACON& Tower with Radar,297,95,18,4,414,0,2,4,0,6,297,97,22,4,420,0,0,0,420
11/16/2012,MCI,MO,ACE,CE,Combined TRACON& Tower with Radar,282,91,12,6,391,0,2,1,0,3,282,93,13,6,394,0,0,0,394
11/17/2012,MCI,MO,ACE,CE,Combined TRACON& Tower with Radar,217,44,6,0,267,0,0,4,0,4,217,44,10,0,271,0,0,0,271
11/18/2012,MCI,MO,ACE,CE,Combined TRACON& Tower with Radar,242,76,5,0,323,0,2,1,0,3,242,78,6,0,326,0,0,0,326
11/19/2012,MCI,MO,ACE,CE,Combined TRACON& Tower with Radar,260,64,6,4,334,0,5,0,0,5,260,69,6,4,339,0,0,0,339
11/20/2012,MCI,MO,ACE,CE,Combined TRACON& Tower with Radar,289,75,11,7,382,0,0,4,0,4,289,75,15,7,386,0,0,0,386
11/21/2012,MCI,MO,ACE,CE,Combined TRACON& Tower with Radar,287,85,16,0,388,0,2,1,0,3,287,87,17,0,391,0,0,0,391
11/22/2012,MCI,MO,ACE,CE,Combined TRACON& Tower with Radar,160,48,3,0,211,0,0,0,0,0,160,48,3,0,211,0,0,0,211
11/23/2012,MCI,MO,ACE,CE,Combined TRACON& Tower with Radar,209,42,3,0,254,0,0,2,0,2,209,42,5,0,256,0,0,0,256
11/24/2012,MCI,MO,ACE,CE,Combined TRACON& Tower with Radar,233,68,7,0,308,0,2,0,0,2,233,70,7,0,310,0,0,0,310
11/25/2012,MCI,MO,ACE,CE,Combined TRACON& Tower with Radar,285,80,8,0,373,0,2,3,0,5,285,82,11,0,378,0,0,0,378
11/26/2012,MCI,MO,ACE,CE,Combined TRACON& Tower with Radar,284,90,10,0,384,0,0,2,0,2,284,90,12,0,386,0,0,0,386
11/27/2012,MCI,MO,ACE,CE,Combined TRACON& Tower with Radar,296,65,4,0,365,0,0,1,0,1,296,65,5,0,366,0,0,0,366
11/28/2012,MCI,MO,ACE,CE,Combined TRACON& Tower with Radar,284,71,4,5,364,0,5,3,0,8,284,76,7,5,372,0,0,0,372
11/29/2012,MCI,MO,ACE,CE,Combined TRACON& Tower with Radar,287,87,12,2,388,0,2,1,0,3,287,89,13,2,391,0,0,0,391
11/30/2012,MCI,MO,ACE,CE,Combined TRACON& Tower with Radar,288,81,9,0,378,0,0,3,0,3,288,81,12,0,381,0,0,0,381
12/01/2012,MCI,MO,ACE,CE,Combined TRACON& Tower with Radar,222,53,10,0,285,0,0,0,0,0,222,53,10,0,285,0,0,0,285
12/02/2012,MCI,MO,ACE,CE,Combined TRACON& Tower with Radar,257,65,10,0,332,0,0,2,0,2,257,65,12,0,334,0,0,0,334
12/03/2012,MCI,MO,ACE,CE,Combined TRACON& Tower with Radar,281,78,2,0,361,0,0,4,0,4,281,78,6,0,365,0,0,0,365
12/04/2012,MCI,MO,ACE,CE,Combined TRACON& Tower with Radar,284,70,10,4,368,0,2,5,0,7,284,72,15,4,375,0,0,0,375
12/05/2012,MCI,MO,ACE,CE,Combined TRACON& Tower with Radar,284,70,15,2,371,0,4,5,0,9,284,74,20,2,380,0,0,0,380
12/06/2012,MCI,MO,ACE,CE,Combined TRACON& Tower with Radar,286,84,19,4,393,0,0,2,0,2,286,84,21,4,395,0,0,0,395
12/07/2012,MCI,MO,ACE,CE,Combined TRACON& Tower with Radar,287,82,10,1,380,0,0,0,0,0,287,82,10,1,380,0,0,0,380
12/08/2012,MCI,MO,ACE,CE,Combined TRACON& Tower with Radar,223,40,4,0,267,0,2,0,0,2,223,42,4,0,269,0,0,0,269
12/09/2012,MCI,MO,ACE,CE,Combined TRACON& Tower with Radar,255,69,6,0,330,0,0,0,0,0,255,69,6,0,330,0,0,0,330
12/10/2012,MCI,MO,ACE,CE,Combined TRACON& Tower with Radar,286,72,8,2,368,0,1,0,0,1,286,73,8,2,369,0,0,0,369
12/11/2012,MCI,MO,ACE,CE,Combined TRACON& Tower with Radar,286,69,9,2,366,0,0,2,0,2,286,69,11,2,368,0,0,0,368
12/12/2012,MCI,MO,ACE,CE,Combined TRACON& Tower with Radar,294,71,19,0,384,0,3,4,0,7,294,74,23,0,391,0,0,0,391
12/13/2012,MCI,MO,ACE,CE,Combined TRACON& Tower with Radar,295,78,10,5,388,0,0,7,0,7,295,78,17,5,395,0,0,0,395
12/14/2012,MCI,MO,ACE,CE,Combined TRACON& Tower with Radar,296,75,9,1,381,0,0,2,0,2,296,75,11,1,383,0,0,0,383
12/15/2012,MCI,MO,ACE,CE,Combined TRACON& Tower with Radar,221,44,4,0,269,0,0,0,0,0,221,44,4,0,269,0,0,0,269
12/16/2012,MCI,MO,ACE,CE,Combined TRACON& Tower with Radar,254,69,3,0,326,0,0,0,0,0,254,69,3,0,326,0,0,0,326
12/17/2012,MCI,MO,ACE,CE,Combined TRACON& Tower with Radar,271,79,6,21,377,0,1,0,0,1,271,80,6,21,378,0,0,0,378
12/18/2012,MCI,MO,ACE,CE,Combined TRACON& Tower with Radar,287,68,6,0,361,0,1,3,0,4,287,69,9,0,365,0,0,0,365
12/19/2012,MCI,MO,ACE,CE,Combined TRACON& Tower with Radar,293,75,7,7,382,0,1,0,0,1,293,76,7,7,383,0,0,0,383
12/20/2012,MCI,MO,ACE,CE,Combined TRACON& Tower with Radar,96,41,7,0,144,0,0,0,0,0,96,41,7,0,144,0,0,0,144
12/21/2012,MCI,MO,ACE,CE,Combined TRACON& Tower with Radar,316,84,13,0,413,0,0,2,0,2,316,84,15,0,415,0,0,0,415
12/22/2012,MCI,MO,ACE,CE,Combined TRACON& Tower with Radar,258,51,5,0,314,0,0,1,0,1,258,51,6,0,315,0,0,0,315
12/23/2012,MCI,MO,ACE,CE,Combined TRACON& Tower with Radar,244,62,4,0,310,0,0,3,0,3,244,62,7,0,313,0,0,0,313
12/24/2012,MCI,MO,ACE,CE,Combined TRACON& Tower with Radar,193,46,2,0,241,0,1,0,0,1,193,47,2,0,242,0,0,0,242
12/25/2012,MCI,MO,ACE,CE,Combined TRACON& Tower with Radar,179,46,0,0,225,0,0,0,0,0,179,46,0,0,225,0,0,0,225
12/26/2012,MCI,MO,ACE,CE,Combined TRACON& Tower with Radar,276,76,7,0,359,0,3,13,0,16,276,79,20,0,375,0,0,0,375
12/27/2012,MCI,MO,ACE,CE,Combined TRACON& Tower with Radar,283,77,4,0,364,0,2,6,0,8,283,79,10,0,372,0,0,0,372
12/28/2012,MCI,MO,ACE,CE,Combined TRACON& Tower with Radar,290,73,6,0,369,0,0,1,0,1,290,73,7,0,370,0,0,0,370
12/29/2012,MCI,MO,ACE,CE,Combined TRACON& Tower with Radar,229,44,4,0,277,0,0,6,0,6,229,44,10,0,283,0,0,0,283
12/30/2012,MCI,MO,ACE,CE,Combined TRACON& Tower with Radar,249,59,9,0,317,0,6,6,0,12,249,65,15,0,329,0,0,0,329
12/31/2012,MCI,MO,ACE,CE,Combined TRACON& Tower with Radar,211,58,2,0,271,0,0,0,0,0,211,58,2,0,271,0,0,0,271
01/01/2013,MCI,MO,ACE,CE,Combined TRACON& Tower with Radar,210,58,2,0,270,0,0,2,0,2,210,58,4,0,272,0,0,0,272
01/02/2013,MCI,MO,ACE,CE,Combined TRACON& Tower with Radar,287,83,11,0,381,0,2,1,0,3,287,85,12,0,384,0,0,0,384
01/03/2013,MCI,MO,ACE,CE,Combined TRACON& Tower with Radar,284,83,3,2,372,0,0,1,0,1,284,83,4,2,373,0,0,0,373
01/04/2013,MCI,MO,ACE,CE,Combined TRACON& Tower with Radar,278,80,9,4,371,0,0,6,0,6,278,80,15,4,377,0,0,0,377
01/05/2013,MCI,MO,ACE,CE,Combined TRACON& Tower with Radar,210,43,3,0,256,0,0,0,0,0,210,43,3,0,256,0,0,0,256
01/06/2013,MCI,MO,ACE,CE,Combined TRACON& Tower with Radar,247,75,7,0,329,0,0,1,0,1,247,75,8,0,330,0,0,0,330
01/07/2013,MCI,MO,ACE,CE,Combined TRACON& Tower with Radar,268,71,18,8,365,0,6,2,0,8,268,77,20,8,373,0,0,0,373
01/08/2013,MCI,MO,ACE,CE,Combined TRACON& Tower with Radar,266,72,9,0,347,0,0,0,0,0,266,72,9,0,347,0,0,0,347
01/09/2013,MCI,MO,ACE,CE,Combined TRACON& Tower with Radar,262,83,12,1,358,0,2,2,0,4,262,85,14,1,362,0,0,0,362
01/10/2013,MCI,MO,ACE,CE,Combined TRACON& Tower with Radar,266,80,8,11,365,0,0,0,0,0,266,80,8,11,365,0,0,0,365
01/11/2013,MCI,MO,ACE,CE,Combined TRACON& Tower with Radar,273,77,6,0,356,0,1,3,0,4,273,78,9,0,360,0,0,0,360
01/12/2013,MCI,MO,ACE,CE,Combined TRACON& Tower with Radar,188,44,3,0,235,0,0,1,0,1,188,44,4,0,236,0,0,0,236
01/13/2013,MCI,MO,ACE,CE,Combined TRACON& Tower with Radar,230,72,0,2,304,0,2,0,0,2,230,74,0,2,306,0,0,0,306
01/14/2013,MCI,MO,ACE,CE,Combined TRACON& Tower with Radar,261,78,16,0,355,0,0,2,0,2,261,78,18,0,357,0,0,0,357
01/15/2013,MCI,MO,ACE,CE,Combined TRACON& Tower with Radar,255,70,9,4,338,0,0,0,0,0,255,70,9,4,338,0,0,0,338
01/16/2013,MCI,MO,ACE,CE,Combined TRACON& Tower with Radar,261,80,15,0,356,0,6,2,0,8,261,86,17,0,364,0,0,0,364
01/17/2013,MCI,MO,ACE,CE,Combined TRACON& Tower with Radar,270,81,7,6,364,0,1,3,0,4,270,82,10,6,368,0,0,0,368
01/18/2013,MCI,MO,ACE,CE,Combined TRACON& Tower with Radar,272,78,1,2,353,0,0,0,0,0,272,78,1,2,353,0,0,0,353
01/19/2013,MCI,MO,ACE,CE,Combined TRACON& Tower with Radar,183,42,0,0,225,0,0,0,0,0,183,42,0,0,225,0,0,0,225
01/20/2013,MCI,MO,ACE,CE,Combined TRACON& Tower with Radar,219,55,5,0,279,0,0,1,0,1,219,55,6,0,280,0,0,0,280
01/21/2013,MCI,MO,ACE,CE,Combined TRACON& Tower with Radar,259,76,10,1,346,0,0,0,0,0,259,76,10,1,346,0,0,0,346
01/22/2013,MCI,MO,ACE,CE,Combined TRACON& Tower with Radar,266,66,6,4,342,0,4,0,0,4,266,70,6,4,346,0,0,0,346
01/23/2013,MCI,MO,ACE,CE,Combined TRACON& Tower with Radar,262,77,6,0,345,0,2,5,0,7,262,79,11,0,352,0,0,0,352
01/24/2013,MCI,MO,ACE,CE,Combined TRACON& Tower with Radar,266,87,12,1,366,0,0,0,0,0,266,87,12,1,366,0,0,0,366
01/25/2013,MCI,MO,ACE,CE,Combined TRACON& Tower with Radar,267,78,3,3,351,0,0,6,1,7,267,78,9,4,358,0,0,0,358
01/26/2013,MCI,MO,ACE,CE,Combined TRACON& Tower with Radar,178,39,5,1,223,0,0,3,0,3,178,39,8,1,226,0,0,0,226
01/27/2013,MCI,MO,ACE,CE,Combined TRACON& Tower with Radar,226,68,2,2,298,0,0,0,0,0,226,68,2,2,298,0,0,0,298
01/28/2013,MCI,MO,ACE,CE,Combined TRACON& Tower with Radar,265,91,23,0,379,0,0,0,0,0,265,91,23,0,379,0,0,0,379
01/29/2013,MCI,MO,ACE,CE,Combined TRACON& Tower with Radar,257,77,13,0,347,0,0,0,0,0,257,77,13,0,347,0,0,0,347
01/30/2013,MCI,MO,ACE,CE,Combined TRACON& Tower with Radar,253,81,10,0,344,0,0,0,0,0,253,81,10,0,344,0,0,0,344
01/31/2013,MCI,MO,ACE,CE,Combined TRACON& Tower with Radar,272,80,11,2,365,0,0,0,0,0,272,80,11,2,365,0,0,0,365
02/01/2013,MCI,MO,ACE,CE,Combined TRACON& Tower with Radar,275,74,13,2,364,0,7,4,0,11,275,81,17,2,375,0,0,0,375
02/02/2013,MCI,MO,ACE,CE,Combined TRACON& Tower with Radar,186,38,4,2,230,0,0,0,0,0,186,38,4,2,230,0,0,0,230
02/03/2013,MCI,MO,ACE,CE,Combined TRACON& Tower with Radar,217,57,5,0,279,0,0,2,0,2,217,57,7,0,281,0,0,0,281
02/04/2013,MCI,MO,ACE,CE,Combined TRACON& Tower with Radar,259,77,10,0,346,0,0,0,0,0,259,77,10,0,346,0,0,0,346
02/05/2013,MCI,MO,ACE,CE,Combined TRACON& Tower with Radar,255,76,7,3,341,0,2,0,0,2,255,78,7,3,343,0,0,0,343
02/06/2013,MCI,MO,ACE,CE,Combined TRACON& Tower with Radar,262,82,8,0,352,0,0,0,0,0,262,82,8,0,352,0,0,0,352
02/07/2013,MCI,MO,ACE,CE,Combined TRACON& Tower with Radar,270,83,2,3,358,0,0,0,0,0,270,83,2,3,358,0,0,0,358
02/08/2013,MCI,MO,ACE,CE,Combined TRACON& Tower with Radar,265,75,9,0,349,0,0,0,0,0,265,75,9,0,349,0,0,0,349
02/09/2013,MCI,MO,ACE,CE,Combined TRACON& Tower with Radar,185,42,1,0,228,0,0,1,0,1,185,42,2,0,229,0,0,0,229
02/10/2013,MCI,MO,ACE,CE,Combined TRACON& Tower with Radar,229,68,4,0,301,0,1,0,0,1,229,69,4,0,302,0,0,0,302
02/11/2013,MCI,MO,ACE,CE,Combined TRACON& Tower with Radar,260,79,3,2,344,0,5,4,0,9,260,84,7,2,353,0,0,0,353
02/12/2013,MCI,MO,ACE,CE,Combined TRACON& Tower with Radar,263,75,9,8,355,0,1,2,0,3,263,76,11,8,358,0,0,0,358
02/13/2013,MCI,MO,ACE,CE,Combined TRACON& Tower with Radar,256,89,8,0,353,0,2,1,0,3,256,91,9,0,356,0,0,0,356
02/14/2013,MCI,MO,ACE,CE,Combined TRACON& Tower with Radar,273,87,7,0,367,0,0,0,0,0,273,87,7,0,367,0,0,0,367
02/15/2013,MCI,MO,ACE,CE,Combined TRACON& Tower with Radar,281,79,7,3,370,0,6,4,0,10,281,85,11,3,380,0,0,0,380
02/16/2013,MCI,MO,ACE,CE,Combined TRACON& Tower with Radar,194,41,2,0,237,0,0,3,0,3,194,41,5,0,240,0,0,0,240
02/17/2013,MCI,MO,ACE,CE,Combined TRACON& Tower with Radar,228,55,4,0,287,0,6,2,0,8,228,61,6,0,295,0,0,0,295
02/18/2013,MCI,MO,ACE,CE,Combined TRACON& Tower with Radar,277,81,11,0,369,0,0,0,0,0,277,81,11,0,369,0,0,0,369
02/19/2013,MCI,MO,ACE,CE,Combined TRACON& Tower with Radar,281,83,4,0,368,0,0,0,0,0,281,83,4,0,368,0,0,0,368
02/20/2013,MCI,MO,ACE,CE,Combined TRACON& Tower with Radar,276,65,4,2,347,0,0,0,0,0,276,65,4,2,347,0,0,0,347
02/21/2013,MCI,MO,ACE,CE,Combined TRACON& Tower with Radar,23,6,0,0,29,0,0,0,0,0,23,6,0,0,29,0,0,0,29
02/22/2013,MCI,MO,ACE,CE,Combined TRACON& Tower with Radar,231,99,16,2,348,0,4,3,0,7,231,103,19,2,355,0,0,0,355
02/23/2013,MCI,MO,ACE,CE,Combined TRACON& Tower with Radar,203,54,5,0,262,0,2,1,0,3,203,56,6,0,265,0,0,0,265
02/24/2013,MCI,MO,ACE,CE,Combined TRACON& Tower with Radar,232,68,6,0,306,0,2,1,0,3,232,70,7,0,309,0,0,0,309
02/25/2013,MCI,MO,ACE,CE,Combined TRACON& Tower with Radar,245,70,3,12,330,0,0,2,0,2,245,70,5,12,332,0,0,0,332
02/26/2013,MCI,MO,ACE,CE,Combined TRACON& Tower with Radar,96,41,3,0,140,0,0,0,0,0,96,41,3,0,140,0,0,0,140
02/27/2013,MCI,MO,ACE,CE,Combined TRACON& Tower with Radar,284,79,6,0,369,0,0,0,0,0,284,79,6,0,369,0,0,0,369
02/28/2013,MCI,MO,ACE,CE,Combined TRACON& Tower with Radar,283,87,11,0,381,0,2,0,0,2,283,89,11,0,383,0,0,0,383
03/01/2013,MCI,MO,ACE,CE,Combined TRACON& Tower with Radar,284,73,7,6,370,0,2,0,0,2,284,75,7,6,372,0,0,0,372
03/02/2013,MCI,MO,ACE,CE,Combined TRACON& Tower with Radar,197,57,2,8,264,0,0,0,0,0,197,57,2,8,264,0,0,0,264
03/03/2013,MCI,MO,ACE,CE,Combined TRACON& Tower with Radar,240,82,6,11,339,0,0,4,0,4,240,82,10,11,343,0,0,0,343
03/04/2013,MCI,MO,ACE,CE,Combined TRACON& Tower with Radar,276,83,3,2,364,0,0,4,0,4,276,83,7,2,368,0,0,0,368
03/05/2013,MCI,MO,ACE,CE,Combined TRACON& Tower with Radar,261,58,6,1,326,0,7,0,0,7,261,65,6,1,333,0,0,0,333
03/06/2013,MCI,MO,ACE,CE,Combined TRACON& Tower with Radar,271,71,7,3,352,0,0,5,0,5,271,71,12,3,357,0,0,0,357
03/07/2013,MCI,MO,ACE,CE,Combined TRACON& Tower with Radar,281,84,6,19,390,0,2,5,0,7,281,86,11,19,397,0,0,0,397
03/08/2013,MCI,MO,ACE,CE,Combined TRACON& Tower with Radar,282,84,11,5,382,0,0,0,0,0,282,84,11,5,382,0,0,0,382
03/09/2013,MCI,MO,ACE,CE,Combined TRACON& Tower with Radar,194,55,7,0,256,0,0,0,0,0,194,55,7,0,256,0,0,0,256
03/10/2013,MCI,MO,ACE,CE,Combined TRACON& Tower with Radar,259,75,8,0,342,0,0,0,0,0,259,75,8,0,342,0,0,0,342
03/11/2013,MCI,MO,ACE,CE,Combined TRACON& Tower with Radar,282,81,12,2,377,0,1,1,0,2,282,82,13,2,379,0,0,0,379
03/12/2013,MCI,MO,ACE,CE,Combined TRACON& Tower with Radar,285,73,5,9,372,0,7,2,0,9,285,80,7,9,381,0,0,0,381
03/13/2013,MCI,MO,ACE,CE,Combined TRACON& Tower with Radar,283,78,5,0,366,0,1,4,0,5,283,79,9,0,371,0,0,0,371
03/14/2013,MCI,MO,ACE,CE,Combined TRACON& Tower with Radar,294,88,10,0,392,0,2,4,0,6,294,90,14,0,398,0,0,0,398
03/15/2013,MCI,MO,ACE,CE,Combined TRACON& Tower with Radar,291,87,10,0,388,0,0,4,0,4,291,87,14,0,392,0,0,0,392
03/16/2013,MCI,MO,ACE,CE,Combined TRACON& Tower with Radar,219,62,3,0,284,0,0,2,0,2,219,62,5,0,286,0,0,0,286
03/17/2013,MCI,MO,ACE,CE,Combined TRACON& Tower with Radar,258,80,1,0,339,0,0,0,0,0,258,80,1,0,339,0,0,0,339
03/18/2013,MCI,MO,ACE,CE,Combined TRACON& Tower with Radar,277,79,5,5,366,0,1,0,0,1,277,80,5,5,367,0,0,0,367
03/19/2013,MCI,MO,ACE,CE,Combined TRACON& Tower with Radar,289,81,11,2,383,0,0,0,2,2,289,81,11,4,385,0,0,0,385
03/20/2013,MCI,MO,ACE,CE,Combined TRACON& Tower with Radar,285,78,10,3,376,0,1,8,0,9,285,79,18,3,385,0,0,0,385
03/21/2013,MCI,MO,ACE,CE,Combined TRACON& Tower with Radar,291,87,16,0,394,0,0,0,0,0,291,87,16,0,394,0,0,0,394
03/22/2013,MCI,MO,ACE,CE,Combined TRACON& Tower with Radar,285,81,7,0,373,0,0,0,0,0,285,81,7,0,373,0,0,0,373
03/23/2013,MCI,MO,ACE,CE,Combined TRACON& Tower with Radar,222,61,5,0,288,0,0,0,0,0,222,61,5,0,288,0,0,0,288
03/24/2013,MCI,MO,ACE,CE,Combined TRACON& Tower with Radar,244,81,5,0,330,0,0,0,0,0,244,81,5,0,330,0,0,0,330
03/25/2013,MCI,MO,ACE,CE,Combined TRACON& Tower with Radar,290,80,12,0,382,0,0,0,0,0,290,80,12,0,382,0,0,0,382
03/26/2013,MCI,MO,ACE,CE,Combined TRACON& Tower with Radar,284,81,7,7,379,0,2,7,0,9,284,83,14,7,388,4,0,4,392
03/27/2013,MCI,MO,ACE,CE,Combined TRACON& Tower with Radar,283,82,5,10,380,0,3,10,0,13,283,85,15,10,393,0,0,0,393
03/28/2013,MCI,MO,ACE,CE,Combined TRACON& Tower with Radar,289,91,14,4,398,0,2,5,0,7,289,93,19,4,405,0,0,0,405
03/29/2013,MCI,MO,ACE,CE,Combined TRACON& Tower with Radar,288,84,6,0,378,0,0,4,0,4,288,84,10,0,382,0,0,0,382
03/30/2013,MCI,MO,ACE,CE,Combined TRACON& Tower with Radar,207,50,2,0,259,0,0,0,0,0,207,50,2,0,259,0,0,0,259
03/31/2013,MCI,MO,ACE,CE,Combined TRACON& Tower with Radar,243,80,1,0,324,0,0,0,0,0,243,80,1,0,324,0,0,0,324
04/01/2013,MCI,MO,ACE,CE,Combined TRACON& Tower with Radar,288,77,8,0,373,0,0,0,0,0,288,77,8,0,373,0,0,0,373
04/02/2013,MCI,MO,ACE,CE,Combined TRACON& Tower with Radar,283,77,7,0,367,0,6,1,0,7,283,83,8,0,374,0,0,0,374
04/03/2013,MCI,MO,ACE,CE,Combined TRACON& Tower with Radar,284,79,5,0,368,0,3,0,0,3,284,82,5,0,371,0,0,0,371
04/04/2013,MCI,MO,ACE,CE,Combined TRACON& Tower with Radar,290,90,11,2,393,0,2,0,0,2,290,92,11,2,395,0,0,0,395
04/05/2013,MCI,MO,ACE,CE,Combined TRACON& Tower with Radar,283,91,6,4,384,0,0,4,0,4,283,91,10,4,388,0,0,0,388
04/06/2013,MCI,MO,ACE,CE,Combined TRACON& Tower with Radar,213,53,10,0,276,0,0,0,0,0,213,53,10,0,276,0,0,0,276
04/07/2013,MCI,MO,ACE,CE,Combined TRACON& Tower with Radar,255,83,6,0,344,0,0,2,0,2,255,83,8,0,346,0,0,0,346
04/08/2013,MCI,MO,ACE,CE,Combined TRACON& Tower with Radar,282,80,8,0,370,0,0,0,0,0,282,80,8,0,370,0,0,0,370
04/09/2013,MCI,MO,ACE,CE,Combined TRACON& Tower with Radar,272,78,4,7,361,0,0,1,0,1,272,78,5,7,362,0,0,0,362
04/10/2013,MCI,MO,ACE,CE,Combined TRACON& Tower with Radar,284,71,7,0,362,0,0,0,0,0,284,71,7,0,362,0,0,0,362
04/11/2013,MCI,MO,ACE,CE,Combined TRACON& Tower with Radar,294,76,11,0,381,0,0,2,0,2,294,76,13,0,383,0,0,0,383
04/12/2013,MCI,MO,ACE,CE,Combined TRACON& Tower with Radar,299,84,10,2,395,0,1,7,0,8,299,85,17,2,403,0,0,0,403
04/13/2013,MCI,MO,ACE,CE,Combined TRACON& Tower with Radar,211,48,2,0,261,0,0,1,0,1,211,48,3,0,262,0,0,0,262
04/14/2013,MCI,MO,ACE,CE,Combined TRACON& Tower with Radar,266,73,0,0,339,0,0,1,0,1,266,73,1,0,340,0,0,0,340
04/15/2013,MCI,MO,ACE,CE,Combined TRACON& Tower with Radar,285,80,12,2,379,0,0,2,0,2,285,80,14,2,381,0,0,0,381
04/16/2013,MCI,MO,ACE,CE,Combined TRACON& Tower with Radar,284,72,10,4,370,0,0,0,0,0,284,72,10,4,370,0,0,0,370
04/17/2013,MCI,MO,ACE,CE,Combined TRACON& Tower with Radar,278,71,9,2,360,0,0,0,0,0,278,71,9,2,360,0,0,0,360
04/18/2013,MCI,MO,ACE,CE,Combined TRACON& Tower with Radar,304,76,20,0,400,0,0,1,0,1,304,76,21,0,401,0,0,0,401
04/19/2013,MCI,MO,ACE,CE,Combined TRACON& Tower with Radar,302,80,13,0,395,0,2,1,0,3,302,82,14,0,398,0,0,0,398
04/20/2013,MCI,MO,ACE,CE,Combined TRACON& Tower with Radar,219,51,10,0,280,0,4,3,0,7,219,55,13,0,287,0,0,0,287
04/21/2013,MCI,MO,ACE,CE,Combined TRACON& Tower with Radar,273,80,30,1,384,0,3,1,0,4,273,83,31,1,388,0,0,0,388
04/22/2013,MCI,MO,ACE,CE,Combined TRACON& Tower with Radar,285,81,5,1,372,0,2,2,0,4,285,83,7,1,376,0,0,0,376
04/23/2013,MCI,MO,ACE,CE,Combined TRACON& Tower with Radar,292,74,12,1,379,0,0,0,0,0,292,74,12,1,379,0,0,0,379
04/24/2013,MCI,MO,ACE,CE,Combined TRACON& Tower with Radar,288,80,7,3,378,0,4,2,3,9,288,84,9,6,387,0,0,0,387
04/25/2013,MCI,MO,ACE,CE,Combined TRACON& Tower with Radar,292,85,5,0,382,0,4,8,0,12,292,89,13,0,394,0,0,0,394
04/26/2013,MCI,MO,ACE,CE,Combined TRACON& Tower with Radar,297,86,7,0,390,0,0,0,0,0,297,86,7,0,390,0,0,0,390
04/27/2013,MCI,MO,ACE,CE,Combined TRACON& Tower with Radar,209,48,4,2,263,0,0,0,0,0,209,48,4,2,263,0,0,0,263
04/28/2013,MCI,MO,ACE,CE,Combined TRACON& Tower with Radar,260,76,4,0,340,0,6,6,0,12,260,82,10,0,352,0,0,0,352
04/29/2013,MCI,MO,ACE,CE,Combined TRACON& Tower with Radar,297,78,12,12,399,0,0,0,9,9,297,78,12,21,408,0,0,0,408
04/30/2013,MCI,MO,ACE,CE,Combined TRACON& Tower with Radar,288,80,14,0,382,0,1,2,0,3,288,81,16,0,385,0,0,0,385
05/01/2013,MCI,MO,ACE,CE,Combined TRACON& Tower with Radar,302,85,13,3,403,0,0,3,2,5,302,85,16,5,408,0,0,0,408
05/02/2013,MCI,MO,ACE,CE,Combined TRACON& Tower with Radar,298,89,10,0,397,0,0,0,0,0,298,89,10,0,397,0,0,0,397
05/03/2013,MCI,MO,ACE,CE,Combined TRACON& Tower with Radar,301,77,6,9,393,0,1,0,0,1,301,78,6,9,394,0,0,0,394
05/04/2013,MCI,MO,ACE,CE,Combined TRACON& Tower with Radar,213,51,0,0,264,0,0,0,0,0,213,51,0,0,264,0,0,0,264
05/05/2013,MCI,MO,ACE,CE,Combined TRACON& Tower with Radar,260,81,7,1,349,0,0,1,0,1,260,81,8,1,350,0,0,0,350
05/06/2013,MCI,MO,ACE,CE,Combined TRACON& Tower with Radar,297,82,4,0,383,0,0,2,0,2,297,82,6,0,385,0,0,0,385
05/07/2013,MCI,MO,ACE,CE,Combined TRACON& Tower with Radar,293,79,7,2,381,0,0,1,0,1,293,79,8,2,382,0,0,0,382
05/08/2013,MCI,MO,ACE,CE,Combined TRACON& Tower with Radar,284,85,10,2,381,0,1,3,0,4,284,86,13,2,385,0,0,0,385
05/09/2013,MCI,MO,ACE,CE,Combined TRACON& Tower with Radar,291,86,10,0,387,0,0,2,0,2,291,86,12,0,389,0,0,0,389
05/10/2013,MCI,MO,ACE,CE,Combined TRACON& Tower with Radar,304,83,5,0,392,0,0,0,0,0,304,83,5,0,392,0,0,0,392
05/11/2013,MCI,MO,ACE,CE,Combined TRACON& Tower with Radar,219,46,3,0,268,0,0,2,0,2,219,46,5,0,270,0,0,0,270
05/12/2013,MCI,MO,ACE,CE,Combined TRACON& Tower with Radar,258,83,0,0,341,0,0,4,0,4,258,83,4,0,345,0,0,0,345
05/13/2013,MCI,MO,ACE,CE,Combined TRACON& Tower with Radar,297,81,10,0,388,0,0,7,0,7,297,81,17,0,395,0,0,0,395
05/14/2013,MCI,MO,ACE,CE,Combined TRACON& Tower with Radar,283,77,8,0,368,0,0,4,0,4,283,77,12,0,372,0,0,0,372
05/15/2013,MCI,MO,ACE,CE,Combined TRACON& Tower with Radar,291,77,9,4,381,0,2,7,0,9,291,79,16,4,390,0,0,0,390
05/16/2013,MCI,MO,ACE,CE,Combined TRACON& Tower with Radar,307,88,8,0,403,0,2,0,0,2,307,90,8,0,405,0,0,0,405
05/17/2013,MCI,MO,ACE,CE,Combined TRACON& Tower with Radar,308,96,9,0,413,0,3,2,0,5,308,99,11,0,418,0,0,0,418
05/18/2013,MCI,MO,ACE,CE,Combined TRACON& Tower with Radar,212,47,0,0,259,0,0,2,0,2,212,47,2,0,261,0,0,0,261
05/19/2013,MCI,MO,ACE,CE,Combined TRACON& Tower with Radar,258,76,0,0,334,0,2,2,0,4,258,78,2,0,338,0,0,0,338
05/20/2013,MCI,MO,ACE,CE,Combined TRACON& Tower with Radar,292,86,4,0,382,0,0,0,0,0,292,86,4,0,382,0,0,0,382
05/21/2013,MCI,MO,ACE,CE,Combined TRACON& Tower with Radar,302,83,8,0,393,0,1,5,0,6,302,84,13,0,399,0,0,0,399
05/22/2013,MCI,MO,ACE,CE,Combined TRACON& Tower with Radar,303,73,13,6,395,0,0,0,2,2,303,73,13,8,397,0,0,0,397
05/23/2013,MCI,MO,ACE,CE,Combined TRACON& Tower with Radar,297,89,16,3,405,0,0,3,0,3,297,89,19,3,408,0,0,0,408
05/24/2013,MCI,MO,ACE,CE,Combined TRACON& Tower with Radar,301,86,3,0,390,0,1,2,0,3,301,87,5,0,393,0,0,0,393
05/25/2013,MCI,MO,ACE,CE,Combined TRACON& Tower with Radar,203,49,2,0,254,0,0,4,0,4,203,49,6,0,258,0,0,0,258
05/26/2013,MCI,MO,ACE,CE,Combined TRACON& Tower with Radar,216,55,0,0,271,0,0,0,0,0,216,55,0,0,271,0,0,0,271
05/27/2013,MCI,MO,ACE,CE,Combined TRACON& Tower with Radar,286,75,4,0,365,0,0,0,0,0,286,75,4,0,365,0,0,0,365
05/28/2013,MCI,MO,ACE,CE,Combined TRACON& Tower with Radar,291,77,11,0,379,0,0,0,0,0,291,77,11,0,379,0,0,0,379
05/29/2013,MCI,MO,ACE,CE,Combined TRACON& Tower with Radar,298,81,10,0,389,0,0,4,0,4,298,81,14,0,393,0,0,0,393
05/30/2013,MCI,MO,ACE,CE,Combined TRACON& Tower with Radar,299,79,13,0,391,0,0,0,0,0,299,79,13,0,391,0,0,0,391
05/31/2013,MCI,MO,ACE,CE,Combined TRACON& Tower with Radar,312,86,9,0,407,0,0,0,0,0,312,86,9,0,407,0,0,0,407
06/01/2013,MCI,MO,ACE,CE,Combined TRACON& Tower with Radar,222,49,4,0,275,0,0,4,0,4,222,49,8,0,279,0,0,0,279
06/02/2013,MCI,MO,ACE,CE,Combined TRACON& Tower with Radar,265,74,7,9,355,0,0,3,1,4,265,74,10,10,359,0,0,0,359
06/03/2013,MCI,MO,ACE,CE,Combined TRACON& Tower with Radar,301,85,5,4,395,0,12,4,0,16,301,97,9,4,411,0,0,0,411
06/04/2013,MCI,MO,ACE,CE,Combined TRACON& Tower with Radar,301,84,10,1,396,0,2,0,0,2,301,86,10,1,398,0,0,0,398
06/05/2013,MCI,MO,ACE,CE,Combined TRACON& Tower with Radar,302,74,9,5,390,0,0,0,0,0,302,74,9,5,390,0,0,0,390
06/06/2013,MCI,MO,ACE,CE,Combined TRACON& Tower with Radar,312,78,1,1,392,0,0,3,2,5,312,78,4,3,397,0,0,0,397
06/07/2013,MCI,MO,ACE,CE,Combined TRACON& Tower with Radar,319,72,7,1,399,0,0,7,3,10,319,72,14,4,409,0,0,0,409
06/08/2013,MCI,MO,ACE,CE,Combined TRACON& Tower with Radar,243,53,12,0,308,0,0,3,0,3,243,53,15,0,311,0,0,0,311
06/09/2013,MCI,MO,ACE,CE,Combined TRACON& Tower with Radar,280,73,10,0,363,0,0,2,0,2,280,73,12,0,365,0,0,0,365
06/10/2013,MCI,MO,ACE,CE,Combined TRACON& Tower with Radar,309,74,14,9,406,0,3,2,0,5,309,77,16,9,411,0,0,0,411
06/11/2013,MCI,MO,ACE,CE,Combined TRACON& Tower with Radar,303,71,9,1,384,0,0,1,0,1,303,71,10,1,385,0,0,0,385
06/12/2013,MCI,MO,ACE,CE,Combined TRACON& Tower with Radar,315,70,0,4,389,0,0,0,0,0,315,70,0,4,389,0,0,0,389
06/13/2013,MCI,MO,ACE,CE,Combined TRACON& Tower with Radar,313,76,10,4,403,0,0,1,0,1,313,76,11,4,404,0,0,0,404
06/14/2013,MCI,MO,ACE,CE,Combined TRACON& Tower with Radar,331,77,5,5,418,0,0,9,2,11,331,77,14,7,429,0,0,0,429
06/15/2013,MCI,MO,ACE,CE,Combined TRACON& Tower with Radar,248,55,3,0,306,0,2,0,0,2,248,57,3,0,308,0,0,0,308
06/16/2013,MCI,MO,ACE,CE,Combined TRACON& Tower with Radar,285,73,3,0,361,0,0,0,0,0,285,73,3,0,361,0,0,0,361
06/17/2013,MCI,MO,ACE,CE,Combined TRACON& Tower with Radar,310,69,13,5,397,0,0,0,0,0,310,69,13,5,397,0,0,0,397
06/18/2013,MCI,MO,ACE,CE,Combined TRACON& Tower with Radar,304,73,6,7,390,0,3,4,0,7,304,76,10,7,397,0,0,0,397
06/19/2013,MCI,MO,ACE,CE,Combined TRACON& Tower with Radar,315,84,2,3,404,0,0,3,0,3,315,84,5,3,407,0,0,0,407
06/20/2013,MCI,MO,ACE,CE,Combined TRACON& Tower with Radar,311,72,11,0,394,0,0,3,0,3,311,72,14,0,397,0,0,0,397
06/21/2013,MCI,MO,ACE,CE,Combined TRACON& Tower with Radar,315,76,11,6,408,0,0,0,0,0,315,76,11,6,408,0,0,0,408
06/22/2013,MCI,MO,ACE,CE,Combined TRACON& Tower with Radar,247,59,5,0,311,0,0,0,0,0,247,59,5,0,311,0,0,0,311
06/23/2013,MCI,MO,ACE,CE,Combined TRACON& Tower with Radar,282,71,1,0,354,0,0,0,0,0,282,71,1,0,354,0,0,0,354
06/24/2013,MCI,MO,ACE,CE,Combined TRACON& Tower with Radar,311,65,13,2,391,0,0,4,0,4,311,65,17,2,395,0,0,0,395
06/25/2013,MCI,MO,ACE,CE,Combined TRACON& Tower with Radar,308,71,7,4,390,0,0,0,0,0,308,71,7,4,390,0,0,0,390
06/26/2013,MCI,MO,ACE,CE,Combined TRACON& Tower with Radar,313,76,3,4,396,0,1,3,0,4,313,77,6,4,400,0,0,0,400
06/27/2013,MCI,MO,ACE,CE,Combined TRACON& Tower with Radar,315,75,11,0,401,0,2,4,0,6,315,77,15,0,407,0,0,0,407
06/28/2013,MCI,MO,ACE,CE,Combined TRACON& Tower with Radar,305,71,9,0,385,0,5,6,0,11,305,76,15,0,396,0,0,0,396
06/29/2013,MCI,MO,ACE,CE,Combined TRACON& Tower with Radar,251,55,1,0,307,0,0,2,0,2,251,55,3,0,309,0,0,0,309
06/30/2013,MCI,MO,ACE,CE,Combined TRACON& Tower with Radar,277,64,4,0,345,0,0,3,0,3,277,64,7,0,348,0,0,0,348
07/01/2013,MCI,MO,ACE,CE,Combined TRACON& Tower with Radar,292,67,11,1,371,0,1,2,1,4,292,68,13,2,375,0,0,0,375
07/02/2013,MCI,MO,ACE,CE,Combined TRACON& Tower with Radar,294,80,9,0,383,0,0,4,0,4,294,80,13,0,387,0,0,0,387
07/03/2013,MCI,MO,ACE,CE,Combined TRACON& Tower with Radar,290,77,8,0,375,0,0,2,0,2,290,77,10,0,377,0,0,0,377
07/04/2013,MCI,MO,ACE,CE,Combined TRACON& Tower with Radar,196,54,1,0,251,0,0,4,0,4,196,54,5,0,255,0,0,0,255
07/05/2013,MCI,MO,ACE,CE,Combined TRACON& Tower with Radar,241,58,3,0,302,0,0,2,0,2,241,58,5,0,304,0,0,0,304
07/06/2013,MCI,MO,ACE,CE,Combined TRACON& Tower with Radar,235,55,0,0,290,0,0,4,0,4,235,55,4,0,294,0,0,0,294
07/07/2013,MCI,MO,ACE,CE,Combined TRACON& Tower with Radar,260,81,5,0,346,0,0,1,0,1,260,81,6,0,347,0,0,0,347
07/08/2013,MCI,MO,ACE,CE,Combined TRACON& Tower with Radar,314,76,11,3,404,0,0,3,0,3,314,76,14,3,407,0,0,0,407
07/09/2013,MCI,MO,ACE,CE,Combined TRACON& Tower with Radar,305,76,10,0,391,0,1,2,0,3,305,77,12,0,394,0,0,0,394
07/10/2013,MCI,MO,ACE,CE,Combined TRACON& Tower with Radar,301,76,16,0,393,0,1,7,0,8,301,77,23,0,401,0,0,0,401
07/11/2013,MCI,MO,ACE,CE,Combined TRACON& Tower with Radar,299,81,14,0,394,0,2,3,0,5,299,83,17,0,399,0,0,0,399
07/12/2013,MCI,MO,ACE,CE,Combined TRACON& Tower with Radar,303,75,13,20,411,0,2,2,2,6,303,77,15,22,417,0,0,0,417
07/13/2013,MCI,MO,ACE,CE,Combined TRACON& Tower with Radar,239,59,6,1,305,0,1,0,0,1,239,60,6,1,306,0,0,0,306
07/14/2013,MCI,MO,ACE,CE,Combined TRACON& Tower with Radar,267,79,3,1,350,0,0,4,0,4,267,79,7,1,354,0,0,0,354
07/15/2013,MCI,MO,ACE,CE,Combined TRACON& Tower with Radar,300,73,6,2,381,0,2,4,0,6,300,75,10,2,387,0,0,0,387
07/16/2013,MCI,MO,ACE,CE,Combined TRACON& Tower with Radar,310,77,20,0,407,0,0,3,0,3,310,77,23,0,410,0,0,0,410
07/17/2013,MCI,MO,ACE,CE,Combined TRACON& Tower with Radar,304,75,5,0,384,0,1,2,0,3,304,76,7,0,387,0,0,0,387
07/18/2013,MCI,MO,ACE,CE,Combined TRACON& Tower with Radar,297,81,11,0,389,0,0,4,0,4,297,81,15,0,393,0,0,0,393
07/19/2013,MCI,MO,ACE,CE,Combined TRACON& Tower with Radar,305,79,4,0,388,0,0,0,0,0,305,79,4,0,388,0,0,0,388
07/20/2013,MCI,MO,ACE,CE,Combined TRACON& Tower with Radar,239,50,2,0,291,0,0,0,0,0,239,50,2,0,291,0,0,0,291
07/21/2013,MCI,MO,ACE,CE,Combined TRACON& Tower with Radar,270,79,13,0,362,0,0,0,0,0,270,79,13,0,362,0,0,0,362
07/22/2013,MCI,MO,ACE,CE,Combined TRACON& Tower with Radar,305,73,8,0,386,0,0,5,0,5,305,73,13,0,391,0,0,0,391
07/23/2013,MCI,MO,ACE,CE,Combined TRACON& Tower with Radar,313,72,8,4,397,0,0,0,0,0,313,72,8,4,397,0,0,0,397
07/24/2013,MCI,MO,ACE,CE,Combined TRACON& Tower with Radar,308,76,22,2,408,0,0,0,0,0,308,76,22,2,408,0,0,0,408
07/25/2013,MCI,MO,ACE,CE,Combined TRACON& Tower with Radar,305,83,10,0,398,0,0,0,0,0,305,83,10,0,398,0,0,0,398
07/26/2013,MCI,MO,ACE,CE,Combined TRACON& Tower with Radar,313,82,20,8,423,0,0,0,0,0,313,82,20,8,423,0,0,0,423
07/27/2013,MCI,MO,ACE,CE,Combined TRACON& Tower with Radar,242,54,3,0,299,0,0,1,0,1,242,54,4,0,300,0,0,0,300
07/28/2013,MCI,MO,ACE,CE,Combined TRACON& Tower with Radar,262,80,10,2,354,0,1,2,0,3,262,81,12,2,357,0,0,0,357
07/29/2013,MCI,MO,ACE,CE,Combined TRACON& Tower with Radar,306,77,2,0,385,0,0,0,0,0,306,77,2,0,385,0,0,0,385
07/30/2013,MCI,MO,ACE,CE,Combined TRACON& Tower with Radar,306,88,17,8,419,0,0,0,0,0,306,88,17,8,419,0,0,0,419
07/31/2013,MCI,MO,ACE,CE,Combined TRACON& Tower with Radar,314,82,4,1,401,0,2,2,0,4,314,84,6,1,405,0,0,0,405
08/01/2013,MCI,MO,ACE,CE,Combined TRACON& Tower with Radar,310,78,7,29,424,0,0,4,0,4,310,78,11,29,428,0,0,0,428
08/02/2013,MCI,MO,ACE,CE,Combined TRACON& Tower with Radar,305,79,11,7,402,0,0,2,0,2,305,79,13,7,404,0,0,0,404
08/03/2013,MCI,MO,ACE,CE,Combined TRACON& Tower with Radar,239,60,9,0,308,0,0,1,0,1,239,60,10,0,309,0,0,0,309
08/04/2013,MCI,MO,ACE,CE,Combined TRACON& Tower with Radar,275,83,7,0,365,0,0,0,0,0,275,83,7,0,365,0,0,0,365
08/05/2013,MCI,MO,ACE,CE,Combined TRACON& Tower with Radar,309,81,13,0,403,0,0,2,0,2,309,81,15,0,405,0,0,0,405
08/06/2013,MCI,MO,ACE,CE,Combined TRACON& Tower with Radar,303,76,12,0,391,0,0,1,0,1,303,76,13,0,392,0,0,0,392
08/07/2013,MCI,MO,ACE,CE,Combined TRACON& Tower with Radar,303,89,4,1,397,0,0,5,0,5,303,89,9,1,402,0,0,0,402
08/08/2013,MCI,MO,ACE,CE,Combined TRACON& Tower with Radar,310,83,18,4,415,0,0,0,0,0,310,83,18,4,415,0,0,0,415
08/09/2013,MCI,MO,ACE,CE,Combined TRACON& Tower with Radar,311,84,7,4,406,0,0,2,0,2,311,84,9,4,408,0,0,0,408
08/10/2013,MCI,MO,ACE,CE,Combined TRACON& Tower with Radar,241,62,2,0,305,0,1,2,0,3,241,63,4,0,308,0,0,0,308
08/11/2013,MCI,MO,ACE,CE,Combined TRACON& Tower with Radar,245,79,3,0,327,0,0,4,0,4,245,79,7,0,331,0,0,0,331
08/12/2013,MCI,MO,ACE,CE,Combined TRACON& Tower with Radar,286,76,13,2,377,0,0,4,0,4,286,76,17,2,381,0,0,0,381
08/13/2013,MCI,MO,ACE,CE,Combined TRACON& Tower with Radar,284,74,14,0,372,0,0,1,0,1,284,74,15,0,373,0,0,0,373
08/14/2013,MCI,MO,ACE,CE,Combined TRACON& Tower with Radar,282,75,8,0,365,0,0,4,0,4,282,75,12,0,369,0,0,0,369
08/15/2013,MCI,MO,ACE,CE,Combined TRACON& Tower with Radar,295,86,11,0,392,0,0,2,0,2,295,86,13,0,394,0,0,0,394
08/16/2013,MCI,MO,ACE,CE,Combined TRACON& Tower with Radar,288,77,14,0,379,0,0,5,0,5,288,77,19,0,384,0,0,0,384
08/17/2013,MCI,MO,ACE,CE,Combined TRACON& Tower with Radar,204,48,4,0,256,0,0,0,0,0,204,48,4,0,256,0,0,0,256
08/18/2013,MCI,MO,ACE,CE,Combined TRACON& Tower with Radar,250,73,8,0,331,0,1,4,0,5,250,74,12,0,336,0,0,0,336
08/19/2013,MCI,MO,ACE,CE,Combined TRACON& Tower with Radar,289,68,8,0,365,0,0,4,0,4,289,68,12,0,369,0,0,0,369
08/20/2013,MCI,MO,ACE,CE,Combined TRACON& Tower with Radar,278,67,6,0,351,0,0,1,0,1,278,67,7,0,352,0,0,0,352
08/21/2013,MCI,MO,ACE,CE,Combined TRACON& Tower with Radar,286,76,19,0,381,0,0,2,0,2,286,76,21,0,383,0,0,0,383
08/22/2013,MCI,MO,ACE,CE,Combined TRACON& Tower with Radar,288,72,6,2,368,0,0,0,0,0,288,72,6,2,368,0,0,0,368
08/23/2013,MCI,MO,ACE,CE,Combined TRACON& Tower with Radar,292,79,10,2,383,0,2,4,0,6,292,81,14,2,389,0,0,0,389
08/24/2013,MCI,MO,ACE,CE,Combined TRACON& Tower with Radar,205,44,4,0,253,0,0,9,0,9,205,44,13,0,262,0,0,0,262
08/25/2013,MCI,MO,ACE,CE,Combined TRACON& Tower with Radar,249,72,3,0,324,0,0,4,0,4,249,72,7,0,328,0,0,0,328
08/26/2013,MCI,MO,ACE,CE,Combined TRACON& Tower with Radar,290,72,24,4,390,0,1,1,0,2,290,73,25,4,392,0,0,0,392
08/27/2013,MCI,MO,ACE,CE,Combined TRACON& Tower with Radar,285,67,4,0,356,0,0,1,0,1,285,67,5,0,357,0,0,0,357
08/28/2013,MCI,MO,ACE,CE,Combined TRACON& Tower with Radar,299,72,14,5,390,0,0,0,0,0,299,72,14,5,390,0,0,0,390
08/29/2013,MCI,MO,ACE,CE,Combined TRACON& Tower with Radar,309,83,17,2,411,0,2,0,0,2,309,85,17,2,413,0,0,0,413
08/30/2013,MCI,MO,ACE,CE,Combined TRACON& Tower with Radar,296,64,13,1,374,0,0,2,0,2,296,64,15,1,376,0,0,0,376
08/31/2013,MCI,MO,ACE,CE,Combined TRACON& Tower with Radar,183,40,3,0,226,0,0,5,0,5,183,40,8,0,231,0,0,0,231
09/01/2013,MCI,MO,ACE,CE,Combined TRACON& Tower with Radar,182,39,3,0,224,0,0,0,0,0,182,39,3,0,224,0,0,0,224
09/02/2013,MCI,MO,ACE,CE,Combined TRACON& Tower with Radar,254,65,7,0,326,0,0,2,0,2,254,65,9,0,328,0,0,0,328
09/03/2013,MCI,MO,ACE,CE,Combined TRACON& Tower with Radar,291,73,15,8,387,0,0,3,0,3,291,73,18,8,390,0,0,0,390
09/04/2013,MCI,MO,ACE,CE,Combined TRACON& Tower with Radar,283,74,22,0,379,0,0,4,0,4,283,74,26,0,383,0,0,0,383
09/05/2013,MCI,MO,ACE,CE,Combined TRACON& Tower with Radar,286,71,6,4,367,0,0,2,0,2,286,71,8,4,369,0,0,0,369
09/06/2013,MCI,MO,ACE,CE,Combined TRACON& Tower with Radar,301,71,13,0,385,0,0,8,0,8,301,71,21,0,393,0,0,0,393
09/07/2013,MCI,MO,ACE,CE,Combined TRACON& Tower with Radar,210,34,0,0,244,0,0,3,0,3,210,34,3,0,247,0,0,0,247
09/08/2013,MCI,MO,ACE,CE,Combined TRACON& Tower with Radar,263,65,2,4,334,0,2,0,0,2,263,67,2,4,336,0,0,0,336
09/09/2013,MCI,MO,ACE,CE,Combined TRACON& Tower with Radar,294,62,7,5,368,0,3,0,0,3,294,65,7,5,371,0,0,0,371
09/10/2013,MCI,MO,ACE,CE,Combined TRACON& Tower with Radar,281,61,20,11,373,0,0,0,0,0,281,61,20,11,373,0,0,0,373
09/11/2013,MCI,MO,ACE,CE,Combined TRACON& Tower with Radar,289,67,14,5,375,0,2,0,0,2,289,69,14,5,377,0,0,0,377
09/12/2013,MCI,MO,ACE,CE,Combined TRACON& Tower with Radar,300,71,16,4,391,0,1,2,0,3,300,72,18,4,394,0,0,0,394
09/13/2013,MCI,MO,ACE,CE,Combined TRACON& Tower with Radar,308,68,11,1,388,0,1,2,0,3,308,69,13,1,391,0,0,0,391
09/14/2013,MCI,MO,ACE,CE,Combined TRACON& Tower with Radar,202,30,4,0,236,0,0,1,0,1,202,30,5,0,237,0,0,0,237
09/15/2013,MCI,MO,ACE,CE,Combined TRACON& Tower with Radar,264,72,5,0,341,0,0,0,0,0,264,72,5,0,341,0,0,0,341
09/16/2013,MCI,MO,ACE,CE,Combined TRACON& Tower with Radar,299,66,8,2,375,0,0,0,0,0,299,66,8,2,375,0,0,0,375
09/17/2013,MCI,MO,ACE,CE,Combined TRACON& Tower with Radar,283,61,9,0,353,0,0,0,0,0,283,61,9,0,353,0,0,0,353
09/18/2013,MCI,MO,ACE,CE,Combined TRACON& Tower with Radar,289,59,8,2,358,0,0,1,0,1,289,59,9,2,359,0,0,0,359
09/19/2013,MCI,MO,ACE,CE,Combined TRACON& Tower with Radar,299,58,12,3,372,0,0,2,0,2,299,58,14,3,374,0,0,0,374
09/20/2013,MCI,MO,ACE,CE,Combined TRACON& Tower with Radar,314,64,10,3,391,0,0,3,0,3,314,64,13,3,394,0,0,0,394
09/21/2013,MCI,MO,ACE,CE,Combined TRACON& Tower with Radar,208,33,4,0,245,0,1,0,0,1,208,34,4,0,246,0,0,0,246
09/22/2013,MCI,MO,ACE,CE,Combined TRACON& Tower with Radar,261,61,4,0,326,0,1,4,0,5,261,62,8,0,331,0,0,0,331
09/23/2013,MCI,MO,ACE,CE,Combined TRACON& Tower with Radar,294,64,8,1,367,0,3,2,0,5,294,67,10,1,372,0,0,0,372
09/24/2013,MCI,MO,ACE,CE,Combined TRACON& Tower with Radar,286,66,7,0,359,0,0,2,0,2,286,66,9,0,361,0,0,0,361
09/25/2013,MCI,MO,ACE,CE,Combined TRACON& Tower with Radar,293,73,12,4,382,0,0,0,0,0,293,73,12,4,382,0,0,0,382
09/26/2013,MCI,MO,ACE,CE,Combined TRACON& Tower with Radar,306,81,13,1,401,0,0,3,0,3,306,81,16,1,404,0,0,0,404
09/27/2013,MCI,MO,ACE,CE,Combined TRACON& Tower with Radar,305,71,11,0,387,0,3,6,0,9,305,74,17,0,396,0,0,0,396
09/28/2013,MCI,MO,ACE,CE,Combined TRACON& Tower with Radar,199,41,2,0,242,0,0,0,0,0,199,41,2,0,242,0,0,0,242
09/29/2013,MCI,MO,ACE,CE,Combined TRACON& Tower with Radar,254,77,2,0,333,0,0,6,0,6,254,77,8,0,339,0,0,0,339
09/30/2013,MCI,MO,ACE,CE,Combined TRACON& Tower with Radar,295,70,9,0,374,0,1,0,0,1,295,71,9,0,375,0,0,0,375
10/01/2013,MCI,MO,ACE,CE,Combined TRACON& Tower with Radar,282,67,7,2,358,0,0,0,0,0,282,67,7,2,358,0,0,0,358
10/02/2013,MCI,MO,ACE,CE,Combined TRACON& Tower with Radar,298,59,14,2,373,0,0,5,0,5,298,59,19,2,378,0,0,0,378
10/03/2013,MCI,MO,ACE,CE,Combined TRACON& Tower with Radar,319,70,28,0,417,0,0,1,0,1,319,70,29,0,418,0,0,0,418
10/04/2013,MCI,MO,ACE,CE,Combined TRACON& Tower with Radar,310,72,7,1,390,0,0,2,0,2,310,72,9,1,392,0,0,0,392
10/05/2013,MCI,MO,ACE,CE,Combined TRACON& Tower with Radar,208,39,15,0,262,0,0,1,0,1,208,39,16,0,263,0,0,0,263
10/06/2013,MCI,MO,ACE,CE,Combined TRACON& Tower with Radar,262,72,36,2,372,0,0,1,0,1,262,72,37,2,373,0,0,0,373
10/07/2013,MCI,MO,ACE,CE,Combined TRACON& Tower with Radar,304,67,8,2,381,0,0,0,0,0,304,67,8,2,381,0,0,0,381
10/08/2013,MCI,MO,ACE,CE,Combined TRACON& Tower with Radar,294,59,11,5,369,0,2,2,0,4,294,61,13,5,373,0,0,0,373
10/09/2013,MCI,MO,ACE,CE,Combined TRACON& Tower with Radar,306,59,10,6,381,0,0,3,0,3,306,59,13,6,384,0,0,0,384
10/10/2013,MCI,MO,ACE,CE,Combined TRACON& Tower with Radar,311,80,12,1,404,0,0,0,0,0,311,80,12,1,404,0,0,0,404
10/11/2013,MCI,MO,ACE,CE,Combined TRACON& Tower with Radar,312,79,15,2,408,0,2,2,0,4,312,81,17,2,412,0,0,0,412
10/12/2013,MCI,MO,ACE,CE,Combined TRACON& Tower with Radar,207,42,5,0,254,0,0,6,0,6,207,42,11,0,260,0,0,0,260
10/13/2013,MCI,MO,ACE,CE,Combined TRACON& Tower with Radar,259,69,9,0,337,0,0,3,0,3,259,69,12,0,340,0,0,0,340
10/14/2013,MCI,MO,ACE,CE,Combined TRACON& Tower with Radar,300,71,6,0,377,0,0,0,0,0,300,71,6,0,377,0,0,0,377
10/15/2013,MCI,MO,ACE,CE,Combined TRACON& Tower with Radar,292,68,14,2,376,0,0,0,0,0,292,68,14,2,376,0,0,0,376
10/16/2013,MCI,MO,ACE,CE,Combined TRACON& Tower with Radar,308,65,5,0,378,0,0,9,0,9,308,65,14,0,387,0,0,0,387
10/17/2013,MCI,MO,ACE,CE,Combined TRACON& Tower with Radar,304,64,4,2,374,0,0,2,0,2,304,64,6,2,376,0,0,0,376
10/18/2013,MCI,MO,ACE,CE,Combined TRACON& Tower with Radar,307,70,8,1,386,0,0,2,0,2,307,70,10,1,388,0,0,0,388
10/19/2013,MCI,MO,ACE,CE,Combined TRACON& Tower with Radar,208,39,1,1,249,0,2,0,0,2,208,41,1,1,251,0,0,0,251
10/20/2013,MCI,MO,ACE,CE,Combined TRACON& Tower with Radar,271,79,11,0,361,0,0,3,0,3,271,79,14,0,364,0,0,0,364
10/21/2013,MCI,MO,ACE,CE,Combined TRACON& Tower with Radar,295,70,6,1,372,0,0,4,0,4,295,70,10,1,376,0,0,0,376
10/22/2013,MCI,MO,ACE,CE,Combined TRACON& Tower with Radar,292,60,6,5,363,0,0,2,0,2,292,60,8,5,365,0,0,0,365
10/23/2013,MCI,MO,ACE,CE,Combined TRACON& Tower with Radar,303,66,7,5,381,0,2,6,0,8,303,68,13,5,389,0,0,0,389
10/24/2013,MCI,MO,ACE,CE,Combined TRACON& Tower with Radar,305,75,9,5,394,0,0,0,0,0,305,75,9,5,394,0,0,0,394
10/25/2013,MCI,MO,ACE,CE,Combined TRACON& Tower with Radar,302,66,9,2,379,0,0,1,0,1,302,66,10,2,380,0,0,0,380
10/26/2013,MCI,MO,ACE,CE,Combined TRACON& Tower with Radar,212,43,0,0,255,0,0,0,1,1,212,43,0,1,256,0,0,0,256
10/27/2013,MCI,MO,ACE,CE,Combined TRACON& Tower with Radar,261,70,6,0,337,0,0,2,0,2,261,70,8,0,339,0,0,0,339
10/28/2013,MCI,MO,ACE,CE,Combined TRACON& Tower with Radar,297,69,8,21,395,1,1,1,6,9,298,70,9,27,404,0,0,0,404
10/29/2013,MCI,MO,ACE,CE,Combined TRACON& Tower with Radar,287,65,10,2,364,0,0,0,0,0,287,65,10,2,364,0,0,0,364
10/30/2013,MCI,MO,ACE,CE,Combined TRACON& Tower with Radar,298,63,14,0,375,0,0,0,0,0,298,63,14,0,375,0,0,0,375
10/31/2013,MCI,MO,ACE,CE,Combined TRACON& Tower with Radar,276,56,11,0,343,0,0,0,0,0,276,56,11,0,343,0,0,0,343
11/01/2013,MCI,MO,ACE,CE,Combined TRACON& Tower with Radar,300,70,9,0,379,0,0,9,0,9,300,70,18,0,388,0,0,0,388
11/02/2013,MCI,MO,ACE,CE,Combined TRACON& Tower with Radar,207,38,4,0,249,0,0,5,0,5,207,38,9,0,254,0,0,0,254
11/03/2013,MCI,MO,ACE,CE,Combined TRACON& Tower with Radar,262,77,6,0,345,0,0,0,0,0,262,77,6,0,345,0,0,0,345
11/04/2013,MCI,MO,ACE,CE,Combined TRACON& Tower with Radar,300,73,13,15,401,0,0,3,0,3,300,73,16,15,404,0,0,0,404
11/05/2013,MCI,MO,ACE,CE,Combined TRACON& Tower with Radar,296,57,11,0,364,0,0,0,0,0,296,57,11,0,364,0,0,0,364
11/06/2013,MCI,MO,ACE,CE,Combined TRACON& Tower with Radar,293,64,8,2,367,0,0,5,0,5,293,64,13,2,372,0,0,0,372
11/07/2013,MCI,MO,ACE,CE,Combined TRACON& Tower with Radar,299,70,17,5,391,18,0,6,0,24,317,70,23,5,415,0,0,0,415
11/08/2013,MCI,MO,ACE,CE,Combined TRACON& Tower with Radar,300,76,8,0,384,0,0,3,0,3,300,76,11,0,387,0,0,0,387
11/09/2013,MCI,MO,ACE,CE,Combined TRACON& Tower with Radar,219,41,5,0,265,0,2,2,0,4,219,43,7,0,269,0,0,0,269
11/10/2013,MCI,MO,ACE,CE,Combined TRACON& Tower with Radar,261,66,2,0,329,0,0,5,0,5,261,66,7,0,334,0,0,0,334
11/11/2013,MCI,MO,ACE,CE,Combined TRACON& Tower with Radar,291,67,12,0,370,0,0,0,0,0,291,67,12,0,370,0,0,0,370
11/12/2013,MCI,MO,ACE,CE,Combined TRACON& Tower with Radar,287,55,8,2,352,0,0,0,0,0,287,55,8,2,352,0,0,0,352
11/13/2013,MCI,MO,ACE,CE,Combined TRACON& Tower with Radar,291,63,5,0,359,0,2,0,0,2,291,65,5,0,361,0,0,0,361
11/14/2013,MCI,MO,ACE,CE,Combined TRACON& Tower with Radar,295,73,11,4,383,0,0,2,0,2,295,73,13,4,385,0,0,0,385
11/15/2013,MCI,MO,ACE,CE,Combined TRACON& Tower with Radar,300,66,14,0,380,0,3,2,0,5,300,69,16,0,385,0,0,0,385
11/16/2013,MCI,MO,ACE,CE,Combined TRACON& Tower with Radar,224,40,1,0,265,0,0,0,0,0,224,40,1,0,265,0,0,0,265
11/17/2013,MCI,MO,ACE,CE,Combined TRACON& Tower with Radar,274,59,13,0,346,0,3,2,0,5,274,62,15,0,351,0,0,0,351
11/18/2013,MCI,MO,ACE,CE,Combined TRACON& Tower with Radar,296,68,7,6,377,0,0,1,2,3,296,68,8,8,380,0,0,0,380
11/19/2013,MCI,MO,ACE,CE,Combined TRACON& Tower with Radar,288,66,12,2,368,0,0,1,0,1,288,66,13,2,369,0,0,0,369
11/20/2013,MCI,MO,ACE,CE,Combined TRACON& Tower with Radar,287,68,16,0,371,0,0,1,0,1,287,68,17,0,372,0,0,0,372
11/21/2013,MCI,MO,ACE,CE,Combined TRACON& Tower with Radar,297,75,10,6,388,0,0,0,0,0,297,75,10,6,388,0,0,0,388
11/22/2013,MCI,MO,ACE,CE,Combined TRACON& Tower with Radar,307,78,6,0,391,0,0,2,0,2,307,78,8,0,393,0,0,0,393
11/23/2013,MCI,MO,ACE,CE,Combined TRACON& Tower with Radar,218,46,4,0,268,0,0,3,0,3,218,46,7,0,271,0,0,0,271
11/24/2013,MCI,MO,ACE,CE,Combined TRACON& Tower with Radar,233,73,4,0,310,0,0,2,0,2,233,73,6,0,312,0,0,0,312
11/25/2013,MCI,MO,ACE,CE,Combined TRACON& Tower with Radar,265,61,3,7,336,0,0,2,0,2,265,61,5,7,338,0,0,0,338
11/26/2013,MCI,MO,ACE,CE,Combined TRACON& Tower with Radar,305,60,1,6,372,0,0,2,0,2,305,60,3,6,374,0,0,0,374
11/27/2013,MCI,MO,ACE,CE,Combined TRACON& Tower with Radar,307,78,11,0,396,0,0,0,0,0,307,78,11,0,396,0,0,0,396
11/28/2013,MCI,MO,ACE,CE,Combined TRACON& Tower with Radar,161,41,0,0,202,0,0,2,0,2,161,41,2,0,204,0,0,0,204
11/29/2013,MCI,MO,ACE,CE,Combined TRACON& Tower with Radar,202,47,5,0,254,0,1,10,0,11,202,48,15,0,265,0,0,0,265
11/30/2013,MCI,MO,ACE,CE,Combined TRACON& Tower with Radar,268,65,6,1,340,0,0,3,0,3,268,65,9,1,343,0,0,0,343
12/01/2013,MCI,MO,ACE,CE,Combined TRACON& Tower with Radar,311,76,6,3,396,0,0,1,0,1,311,76,7,3,397,0,0,0,397
12/02/2013,MCI,MO,ACE,CE,Combined TRACON& Tower with Radar,313,75,5,11,404,0,0,2,0,2,313,75,7,11,406,0,0,0,406
12/03/2013,MCI,MO,ACE,CE,Combined TRACON& Tower with Radar,287,72,6,8,373,0,0,6,0,6,287,72,12,8,379,0,0,0,379
12/04/2013,MCI,MO,ACE,CE,Combined TRACON& Tower with Radar,279,66,7,4,356,0,0,0,0,0,279,66,7,4,356,0,0,0,356
12/05/2013,MCI,MO,ACE,CE,Combined TRACON& Tower with Radar,281,71,19,5,376,0,0,2,0,2,281,71,21,5,378,0,0,0,378
12/06/2013,MCI,MO,ACE,CE,Combined TRACON& Tower with Radar,271,73,12,6,362,0,0,0,0,0,271,73,12,6,362,0,0,0,362
12/07/2013,MCI,MO,ACE,CE,Combined TRACON& Tower with Radar,220,35,8,0,263,0,1,0,0,1,220,36,8,0,264,0,0,0,264
12/08/2013,MCI,MO,ACE,CE,Combined TRACON& Tower with Radar,221,61,8,0,290,0,0,0,0,0,221,61,8,0,290,0,0,0,290
12/09/2013,MCI,MO,ACE,CE,Combined TRACON& Tower with Radar,274,76,7,9,366,0,0,1,0,1,274,76,8,9,367,0,0,0,367
12/10/2013,MCI,MO,ACE,CE,Combined TRACON& Tower with Radar,273,60,18,13,364,0,0,5,0,5,273,60,23,13,369,0,0,0,369
12/11/2013,MCI,MO,ACE,CE,Combined TRACON& Tower with Radar,280,62,4,11,357,0,2,1,0,3,280,64,5,11,360,0,0,0,360
12/12/2013,MCI,MO,ACE,CE,Combined TRACON& Tower with Radar,285,74,15,5,379,0,0,3,0,3,285,74,18,5,382,0,0,0,382
12/13/2013,MCI,MO,ACE,CE,Combined TRACON& Tower with Radar,288,73,1,0,362,0,0,0,0,0,288,73,1,0,362,0,0,0,362
12/14/2013,MCI,MO,ACE,CE,Combined TRACON& Tower with Radar,217,33,1,0,251,0,0,0,0,0,217,33,1,0,251,0,0,0,251
12/15/2013,MCI,MO,ACE,CE,Combined TRACON& Tower with Radar,238,65,3,0,306,0,0,5,0,5,238,65,8,0,311,0,0,0,311
12/16/2013,MCI,MO,ACE,CE,Combined TRACON& Tower with Radar,275,65,5,5,350,0,1,0,0,1,275,66,5,5,351,0,0,0,351
12/17/2013,MCI,MO,ACE,CE,Combined TRACON& Tower with Radar,281,59,5,4,349,0,0,7,0,7,281,59,12,4,356,0,0,0,356
12/18/2013,MCI,MO,ACE,CE,Combined TRACON& Tower with Radar,288,77,12,5,382,0,0,3,0,3,288,77,15,5,385,0,0,0,385
12/19/2013,MCI,MO,ACE,CE,Combined TRACON& Tower with Radar,293,77,10,2,382,0,0,5,0,5,293,77,15,2,387,0,0,0,387
12/20/2013,MCI,MO,ACE,CE,Combined TRACON& Tower with Radar,301,79,4,0,384,0,0,1,0,1,301,79,5,0,385,0,0,0,385
12/21/2013,MCI,MO,ACE,CE,Combined TRACON& Tower with Radar,266,51,2,0,319,0,0,0,0,0,266,51,2,0,319,0,0,0,319
12/22/2013,MCI,MO,ACE,CE,Combined TRACON& Tower with Radar,249,66,5,0,320,0,0,0,0,0,249,66,5,0,320,0,0,0,320
12/23/2013,MCI,MO,ACE,CE,Combined TRACON& Tower with Radar,272,68,3,0,343,0,0,2,0,2,272,68,5,0,345,0,0,0,345
12/24/2013,MCI,MO,ACE,CE,Combined TRACON& Tower with Radar,222,38,4,0,264,0,0,1,0,1,222,38,5,0,265,0,0,0,265
12/25/2013,MCI,MO,ACE,CE,Combined TRACON& Tower with Radar,199,41,2,0,242,0,0,1,0,1,199,41,3,0,243,0,0,0,243
12/26/2013,MCI,MO,ACE,CE,Combined TRACON& Tower with Radar,286,76,10,0,372,0,0,7,0,7,286,76,17,0,379,0,0,0,379
12/27/2013,MCI,MO,ACE,CE,Combined TRACON& Tower with Radar,297,78,9,0,384,0,0,1,0,1,297,78,10,0,385,0,0,0,385
12/28/2013,MCI,MO,ACE,CE,Combined TRACON& Tower with Radar,268,71,2,1,342,0,0,2,1,3,268,71,4,2,345,0,0,0,345
12/29/2013,MCI,MO,ACE,CE,Combined TRACON& Tower with Radar,244,57,0,0,301,0,0,2,0,2,244,57,2,0,303,0,0,0,303
12/30/2013,MCI,MO,ACE,CE,Combined TRACON& Tower with Radar,267,68,7,0,342,0,4,3,0,7,267,72,10,0,349,0,0,0,349
12/31/2013,MCI,MO,ACE,CE,Combined TRACON& Tower with Radar,212,47,0,0,259,0,1,2,0,3,212,48,2,0,262,0,0,0,262
01/01/2014,MCI,MO,ACE,CE,Combined TRACON& Tower with Radar,201,49,2,0,252,0,0,2,0,2,201,49,4,0,254,0,0,0,254
01/02/2014,MCI,MO,ACE,CE,Combined TRACON& Tower with Radar,261,68,8,0,337,0,0,0,0,0,261,68,8,0,337,0,0,0,337
01/03/2014,MCI,MO,ACE,CE,Combined TRACON& Tower with Radar,251,67,6,0,324,0,0,0,0,0,251,67,6,0,324,0,0,0,324
01/04/2014,MCI,MO,ACE,CE,Combined TRACON& Tower with Radar,228,54,10,0,292,0,0,2,0,2,228,54,12,0,294,0,0,0,294
01/05/2014,MCI,MO,ACE,CE,Combined TRACON& Tower with Radar,239,48,3,0,290,0,0,2,0,2,239,48,5,0,292,0,0,0,292
01/06/2014,MCI,MO,ACE,CE,Combined TRACON& Tower with Radar,258,37,4,1,300,0,1,1,0,2,258,38,5,1,302,0,0,0,302
01/07/2014,MCI,MO,ACE,CE,Combined TRACON& Tower with Radar,251,31,6,4,292,0,0,2,0,2,251,31,8,4,294,0,0,0,294
01/08/2014,MCI,MO,ACE,CE,Combined TRACON& Tower with Radar,268,54,12,9,343,0,0,5,0,5,268,54,17,9,348,0,0,0,348
01/09/2014,MCI,MO,ACE,CE,Combined TRACON& Tower with Radar,277,56,3,1,337,0,0,0,0,0,277,56,3,1,337,0,0,0,337
01/10/2014,MCI,MO,ACE,CE,Combined TRACON& Tower with Radar,271,62,3,0,336,0,0,0,0,0,271,62,3,0,336,0,0,0,336
01/11/2014,MCI,MO,ACE,CE,Combined TRACON& Tower with Radar,176,43,6,0,225,0,0,1,0,1,176,43,7,0,226,0,0,0,226
01/12/2014,MCI,MO,ACE,CE,Combined TRACON& Tower with Radar,221,64,4,2,291,0,0,0,0,0,221,64,4,2,291,0,0,0,291
01/13/2014,MCI,MO,ACE,CE,Combined TRACON& Tower with Radar,265,71,8,1,345,0,0,0,0,0,265,71,8,1,345,0,0,0,345
01/14/2014,MCI,MO,ACE,CE,Combined TRACON& Tower with Radar,256,61,11,2,330,0,4,0,0,4,256,65,11,2,334,0,0,0,334
01/15/2014,MCI,MO,ACE,CE,Combined TRACON& Tower with Radar,262,63,8,11,344,0,0,0,0,0,262,63,8,11,344,0,0,0,344
01/16/2014,MCI,MO,ACE,CE,Combined TRACON& Tower with Radar,274,77,5,0,356,0,0,0,0,0,274,77,5,0,356,0,0,0,356
01/17/2014,MCI,MO,ACE,CE,Combined TRACON& Tower with Radar,271,64,5,0,340,0,0,3,0,3,271,64,8,0,343,0,0,0,343
01/18/2014,MCI,MO,ACE,CE,Combined TRACON& Tower with Radar,175,42,2,0,219,0,0,0,0,0,175,42,2,0,219,0,0,0,219
01/19/2014,MCI,MO,ACE,CE,Combined TRACON& Tower with Radar,219,57,0,0,276,0,0,4,0,4,219,57,4,0,280,0,0,0,280
01/20/2014,MCI,MO,ACE,CE,Combined TRACON& Tower with Radar,263,74,4,2,343,0,1,1,0,2,263,75,5,2,345,0,0,0,345
01/21/2014,MCI,MO,ACE,CE,Combined TRACON& Tower with Radar,262,52,7,5,326,0,1,4,0,5,262,53,11,5,331,0,0,0,331
01/22/2014,MCI,MO,ACE,CE,Combined TRACON& Tower with Radar,258,56,5,3,322,0,0,0,0,0,258,56,5,3,322,0,0,0,322
01/23/2014,MCI,MO,ACE,CE,Combined TRACON& Tower with Radar,272,70,7,0,349,0,2,0,0,2,272,72,7,0,351,0,0,0,351
01/24/2014,MCI,MO,ACE,CE,Combined TRACON& Tower with Radar,264,58,9,0,331,0,2,2,0,4,264,60,11,0,335,0,0,0,335
01/25/2014,MCI,MO,ACE,CE,Combined TRACON& Tower with Radar,177,41,4,0,222,0,0,2,0,2,177,41,6,0,224,0,0,0,224
01/26/2014,MCI,MO,ACE,CE,Combined TRACON& Tower with Radar,228,54,3,0,285,0,1,0,0,1,228,55,3,0,286,0,0,0,286
01/27/2014,MCI,MO,ACE,CE,Combined TRACON& Tower with Radar,256,65,4,8,333,0,0,2,0,2,256,65,6,8,335,0,0,0,335
01/28/2014,MCI,MO,ACE,CE,Combined TRACON& Tower with Radar,247,43,6,3,299,0,2,1,0,3,247,45,7,3,302,0,0,0,302
01/29/2014,MCI,MO,ACE,CE,Combined TRACON& Tower with Radar,251,57,9,8,325,0,2,4,0,6,251,59,13,8,331,0,0,0,331
01/30/2014,MCI,MO,ACE,CE,Combined TRACON& Tower with Radar,259,61,10,8,338,0,0,2,0,2,259,61,12,8,340,0,0,0,340
01/31/2014,MCI,MO,ACE,CE,Combined TRACON& Tower with Radar,266,77,5,2,350,0,0,0,0,0,266,77,5,2,350,0,0,0,350
02/01/2014,MCI,MO,ACE,CE,Combined TRACON& Tower with Radar,176,40,0,0,216,0,0,0,0,0,176,40,0,0,216,0,0,0,216
02/02/2014,MCI,MO,ACE,CE,Combined TRACON& Tower with Radar,206,51,1,0,258,0,0,0,0,0,206,51,1,0,258,0,0,0,258
02/03/2014,MCI,MO,ACE,CE,Combined TRACON& Tower with Radar,273,63,7,4,347,0,3,0,0,3,273,66,7,4,350,0,0,0,350
02/04/2014,MCI,MO,ACE,CE,Combined TRACON& Tower with Radar,155,31,7,0,193,0,0,0,0,0,155,31,7,0,193,0,0,0,193
02/05/2014,MCI,MO,ACE,CE,Combined TRACON& Tower with Radar,252,57,10,0,319,0,1,1,0,2,252,58,11,0,321,0,0,0,321
02/06/2014,MCI,MO,ACE,CE,Combined TRACON& Tower with Radar,269,74,5,0,348,0,2,2,0,4,269,76,7,0,352,0,0,0,352
02/07/2014,MCI,MO,ACE,CE,Combined TRACON& Tower with Radar,286,74,10,0,370,0,0,2,0,2,286,74,12,0,372,0,0,0,372
02/08/2014,MCI,MO,ACE,CE,Combined TRACON& Tower with Radar,192,46,12,2,252,0,0,0,0,0,192,46,12,2,252,0,0,0,252
02/09/2014,MCI,MO,ACE,CE,Combined TRACON& Tower with Radar,233,62,14,0,309,0,0,0,0,0,233,62,14,0,309,0,0,0,309
02/10/2014,MCI,MO,ACE,CE,Combined TRACON& Tower with Radar,273,80,10,0,363,0,2,1,0,3,273,82,11,0,366,0,0,0,366
02/11/2014,MCI,MO,ACE,CE,Combined TRACON& Tower with Radar,259,64,9,0,332,0,2,0,0,2,259,66,9,0,334,0,0,0,334
02/12/2014,MCI,MO,ACE,CE,Combined TRACON& Tower with Radar,244,63,5,7,319,0,0,2,0,2,244,63,7,7,321,0,0,0,321
02/13/2014,MCI,MO,ACE,CE,Combined TRACON& Tower with Radar,236,66,12,1,315,0,2,4,0,6,236,68,16,1,321,0,0,0,321
02/14/2014,MCI,MO,ACE,CE,Combined TRACON& Tower with Radar,282,56,11,1,350,0,0,0,0,0,282,56,11,1,350,0,0,0,350
02/15/2014,MCI,MO,ACE,CE,Combined TRACON& Tower with Radar,194,35,0,1,230,0,1,2,0,3,194,36,2,1,233,0,0,0,233
02/16/2014,MCI,MO,ACE,CE,Combined TRACON& Tower with Radar,224,49,4,0,277,0,0,0,0,0,224,49,4,0,277,0,0,0,277
02/17/2014,MCI,MO,ACE,CE,Combined TRACON& Tower with Radar,268,66,4,2,340,0,0,2,0,2,268,66,6,2,342,0,0,0,342
02/18/2014,MCI,MO,ACE,CE,Combined TRACON& Tower with Radar,270,56,6,5,337,0,4,9,0,13,270,60,15,5,350,0,0,0,350
02/19/2014,MCI,MO,ACE,CE,Combined TRACON& Tower with Radar,277,71,5,0,353,0,4,2,0,6,277,75,7,0,359,0,0,0,359
02/20/2014,MCI,MO,ACE,CE,Combined TRACON& Tower with Radar,278,73,9,4,364,0,0,0,0,0,278,73,9,4,364,0,0,0,364
02/21/2014,MCI,MO,ACE,CE,Combined TRACON& Tower with Radar,281,71,6,5,363,0,0,0,0,0,281,71,6,5,363,0,0,0,363
02/22/2014,MCI,MO,ACE,CE,Combined TRACON& Tower with Radar,192,47,3,0,242,0,0,4,0,4,192,47,7,0,246,0,0,0,246
02/23/2014,MCI,MO,ACE,CE,Combined TRACON& Tower with Radar,248,65,2,0,315,0,0,5,0,5,248,65,7,0,320,0,0,0,320
02/24/2014,MCI,MO,ACE,CE,Combined TRACON& Tower with Radar,277,79,11,19,386,0,0,1,0,1,277,79,12,19,387,0,0,0,387
02/25/2014,MCI,MO,ACE,CE,Combined TRACON& Tower with Radar,265,65,12,5,347,0,0,1,0,1,265,65,13,5,348,0,0,0,348
02/26/2014,MCI,MO,ACE,CE,Combined TRACON& Tower with Radar,276,76,13,0,365,0,4,3,0,7,276,80,16,0,372,0,0,0,372
02/27/2014,MCI,MO,ACE,CE,Combined TRACON& Tower with Radar,289,74,17,0,380,0,0,0,0,0,289,74,17,0,380,0,0,0,380
02/28/2014,MCI,MO,ACE,CE,Combined TRACON& Tower with Radar,286,86,10,8,390,0,0,1,0,1,286,86,11,8,391,0,0,0,391
03/01/2014,MCI,MO,ACE,CE,Combined TRACON& Tower with Radar,193,38,6,2,239,0,0,1,0,1,193,38,7,2,240,0,0,0,240
03/02/2014,MCI,MO,ACE,CE,Combined TRACON& Tower with Radar,214,55,10,0,279,0,0,0,0,0,214,55,10,0,279,0,0,0,279
03/03/2014,MCI,MO,ACE,CE,Combined TRACON& Tower with Radar,264,55,2,2,323,0,1,2,0,3,264,56,4,2,326,0,0,0,326
03/04/2014,MCI,MO,ACE,CE,Combined TRACON& Tower with Radar,272,61,10,7,350,0,4,0,0,4,272,65,10,7,354,0,0,0,354
03/05/2014,MCI,MO,ACE,CE,Combined TRACON& Tower with Radar,276,67,20,0,363,0,0,0,0,0,276,67,20,0,363,0,0,0,363
03/06/2014,MCI,MO,ACE,CE,Combined TRACON& Tower with Radar,285,71,12,12,380,0,0,0,8,8,285,71,12,20,388,0,0,0,388
03/07/2014,MCI,MO,ACE,CE,Combined TRACON& Tower with Radar,281,61,9,4,355,0,5,0,0,5,281,66,9,4,360,0,0,0,360
03/08/2014,MCI,MO,ACE,CE,Combined TRACON& Tower with Radar,213,50,9,0,272,0,1,2,0,3,213,51,11,0,275,0,0,0,275
03/09/2014,MCI,MO,ACE,CE,Combined TRACON& Tower with Radar,256,57,3,0,316,0,4,1,0,5,256,61,4,0,321,0,0,0,321
03/10/2014,MCI,MO,ACE,CE,Combined TRACON& Tower with Radar,282,59,12,2,355,0,6,2,0,8,282,65,14,2,363,0,0,0,363
03/11/2014,MCI,MO,ACE,CE,Combined TRACON& Tower with Radar,281,68,7,8,364,0,2,0,0,2,281,70,7,8,366,0,0,0,366
03/12/2014,MCI,MO,ACE,CE,Combined TRACON& Tower with Radar,279,59,1,8,347,0,0,0,0,0,279,59,1,8,347,0,0,0,347
03/13/2014,MCI,MO,ACE,CE,Combined TRACON& Tower with Radar,285,82,10,0,377,0,1,1,0,2,285,83,11,0,379,0,0,0,379
03/14/2014,MCI,MO,ACE,CE,Combined TRACON& Tower with Radar,291,67,8,2,368,0,0,1,0,1,291,67,9,2,369,0,0,0,369
03/15/2014,MCI,MO,ACE,CE,Combined TRACON& Tower with Radar,220,49,4,0,273,0,0,3,0,3,220,49,7,0,276,0,0,0,276
03/16/2014,MCI,MO,ACE,CE,Combined TRACON& Tower with Radar,257,60,6,1,324,0,1,1,0,2,257,61,7,1,326,0,0,0,326
03/17/2014,MCI,MO,ACE,CE,Combined TRACON& Tower with Radar,283,57,7,5,352,0,8,0,0,8,283,65,7,5,360,0,0,0,360
03/18/2014,MCI,MO,ACE,CE,Combined TRACON& Tower with Radar,285,69,8,2,364,0,1,0,0,1,285,70,8,2,365,0,0,0,365
03/19/2014,MCI,MO,ACE,CE,Combined TRACON& Tower with Radar,285,66,8,2,361,0,0,1,0,1,285,66,9,2,362,0,0,0,362
03/20/2014,MCI,MO,ACE,CE,Combined TRACON& Tower with Radar,289,70,3,5,367,0,2,0,0,2,289,72,3,5,369,0,0,0,369
03/21/2014,MCI,MO,ACE,CE,Combined TRACON& Tower with Radar,291,67,8,3,369,0,0,2,0,2,291,67,10,3,371,0,0,0,371
03/22/2014,MCI,MO,ACE,CE,Combined TRACON& Tower with Radar,221,42,11,2,276,0,0,3,0,3,221,42,14,2,279,0,0,0,279
03/23/2014,MCI,MO,ACE,CE,Combined TRACON& Tower with Radar,257,60,10,0,327,0,4,3,0,7,257,64,13,0,334,0,0,0,334
03/24/2014,MCI,MO,ACE,CE,Combined TRACON& Tower with Radar,285,63,7,4,359,0,0,0,0,0,285,63,7,4,359,0,0,0,359
03/25/2014,MCI,MO,ACE,CE,Combined TRACON& Tower with Radar,279,74,7,0,360,0,7,2,0,9,279,81,9,0,369,0,0,0,369
03/26/2014,MCI,MO,ACE,CE,Combined TRACON& Tower with Radar,277,65,12,4,358,0,0,1,0,1,277,65,13,4,359,0,0,0,359
03/27/2014,MCI,MO,ACE,CE,Combined TRACON& Tower with Radar,288,67,13,2,370,0,2,0,0,2,288,69,13,2,372,0,0,0,372
03/28/2014,MCI,MO,ACE,CE,Combined TRACON& Tower with Radar,295,63,22,4,384,0,0,0,0,0,295,63,22,4,384,0,0,0,384
03/29/2014,MCI,MO,ACE,CE,Combined TRACON& Tower with Radar,212,47,0,0,259,0,0,4,0,4,212,47,4,0,263,0,0,0,263
03/30/2014,MCI,MO,ACE,CE,Combined TRACON& Tower with Radar,253,52,3,0,308,0,4,0,0,4,253,56,3,0,312,0,0,0,312
03/31/2014,MCI,MO,ACE,CE,Combined TRACON& Tower with Radar,277,66,5,7,355,0,4,0,0,4,277,70,5,7,359,0,0,0,359
04/01/2014,MCI,MO,ACE,CE,Combined TRACON& Tower with Radar,288,63,11,10,372,0,4,0,0,4,288,67,11,10,376,0,0,0,376
04/02/2014,MCI,MO,ACE,CE,Combined TRACON& Tower with Radar,287,65,12,9,373,0,0,0,0,0,287,65,12,9,373,0,0,0,373
04/03/2014,MCI,MO,ACE,CE,Combined TRACON& Tower with Radar,295,62,5,0,362,0,0,0,0,0,295,62,5,0,362,0,0,0,362
04/04/2014,MCI,MO,ACE,CE,Combined TRACON& Tower with Radar,287,79,17,2,385,0,2,1,1,4,287,81,18,3,389,0,0,0,389
04/05/2014,MCI,MO,ACE,CE,Combined TRACON& Tower with Radar,218,43,2,0,263,0,2,2,0,4,218,45,4,0,267,0,0,0,267
04/06/2014,MCI,MO,ACE,CE,Combined TRACON& Tower with Radar,263,57,9,1,330,0,0,0,0,0,263,57,9,1,330,0,0,0,330
04/07/2014,MCI,MO,ACE,CE,Combined TRACON& Tower with Radar,288,62,3,3,356,0,0,0,0,0,288,62,3,3,356,0,0,0,356
04/08/2014,MCI,MO,ACE,CE,Combined TRACON& Tower with Radar,285,62,7,0,354,0,5,4,0,9,285,67,11,0,363,0,0,0,363
04/09/2014,MCI,MO,ACE,CE,Combined TRACON& Tower with Radar,297,65,15,3,380,0,2,1,0,3,297,67,16,3,383,0,0,0,383
04/10/2014,MCI,MO,ACE,CE,Combined TRACON& Tower with Radar,294,72,10,4,380,0,0,1,0,1,294,72,11,4,381,0,0,0,381
04/11/2014,MCI,MO,ACE,CE,Combined TRACON& Tower with Radar,296,73,10,0,379,0,0,1,0,1,296,73,11,0,380,0,0,0,380
04/12/2014,MCI,MO,ACE,CE,Combined TRACON& Tower with Radar,216,38,5,0,259,0,0,1,0,1,216,38,6,0,260,0,0,0,260
04/13/2014,MCI,MO,ACE,CE,Combined TRACON& Tower with Radar,256,59,4,0,319,0,0,0,0,0,256,59,4,0,319,0,0,0,319
04/14/2014,MCI,MO,ACE,CE,Combined TRACON& Tower with Radar,295,67,7,0,369,0,1,0,0,1,295,68,7,0,370,0,0,0,370
04/15/2014,MCI,MO,ACE,CE,Combined TRACON& Tower with Radar,288,58,22,2,370,0,6,6,0,12,288,64,28,2,382,0,0,0,382
04/16/2014,MCI,MO,ACE,CE,Combined TRACON& Tower with Radar,299,63,13,0,375,0,8,3,0,11,299,71,16,0,386,0,0,0,386
04/17/2014,MCI,MO,ACE,CE,Combined TRACON& Tower with Radar,306,67,14,0,387,0,0,2,0,2,306,67,16,0,389,0,0,0,389
04/18/2014,MCI,MO,ACE,CE,Combined TRACON& Tower with Radar,286,64,9,4,363,0,0,4,1,5,286,64,13,5,368,0,0,0,368
04/19/2014,MCI,MO,ACE,CE,Combined TRACON& Tower with Radar,229,38,3,0,270,0,0,4,0,4,229,38,7,0,274,0,0,0,274
04/20/2014,MCI,MO,ACE,CE,Combined TRACON& Tower with Radar,250,53,3,0,306,0,0,0,0,0,250,53,3,0,306,0,0,0,306
04/21/2014,MCI,MO,ACE,CE,Combined TRACON& Tower with Radar,298,71,16,5,390,0,0,0,0,0,298,71,16,5,390,0,0,0,390
04/22/2014,MCI,MO,ACE,CE,Combined TRACON& Tower with Radar,292,54,6,4,356,0,9,2,0,11,292,63,8,4,367,0,0,0,367
04/23/2014,MCI,MO,ACE,CE,Combined TRACON& Tower with Radar,297,55,3,0,355,0,5,3,0,8,297,60,6,0,363,0,0,0,363
04/24/2014,MCI,MO,ACE,CE,Combined TRACON& Tower with Radar,300,62,22,0,384,0,0,0,0,0,300,62,22,0,384,0,0,0,384
04/25/2014,MCI,MO,ACE,CE,Combined TRACON& Tower with Radar,302,63,31,0,396,0,0,2,0,2,302,63,33,0,398,0,0,0,398
04/26/2014,MCI,MO,ACE,CE,Combined TRACON& Tower with Radar,220,37,4,0,261,0,0,0,0,0,220,37,4,0,261,0,0,0,261
04/27/2014,MCI,MO,ACE,CE,Combined TRACON& Tower with Radar,254,58,4,0,316,2,0,1,0,3,256,58,5,0,319,0,0,0,319
04/28/2014,MCI,MO,ACE,CE,Combined TRACON& Tower with Radar,313,70,11,7,401,0,0,0,0,0,313,70,11,7,401,0,0,0,401
04/29/2014,MCI,MO,ACE,CE,Combined TRACON& Tower with Radar,300,56,10,0,366,0,0,0,0,0,300,56,10,0,366,0,0,0,366
04/30/2014,MCI,MO,ACE,CE,Combined TRACON& Tower with Radar,308,61,11,2,382,0,2,2,0,4,308,63,13,2,386,0,0,0,386
05/01/2014,MCI,MO,ACE,CE,Combined TRACON& Tower with Radar,312,70,11,0,393,1,0,1,0,2,313,70,12,0,395,0,0,0,395
05/02/2014,MCI,MO,ACE,CE,Combined TRACON& Tower with Radar,321,57,14,2,394,0,3,0,0,3,321,60,14,2,397,0,0,0,397
05/03/2014,MCI,MO,ACE,CE,Combined TRACON& Tower with Radar,225,34,5,0,264,0,0,1,0,1,225,34,6,0,265,0,0,0,265
05/04/2014,MCI,MO,ACE,CE,Combined TRACON& Tower with Radar,274,47,6,0,327,0,2,2,0,4,274,49,8,0,331,0,0,0,331
05/05/2014,MCI,MO,ACE,CE,Combined TRACON& Tower with Radar,301,58,13,2,374,0,2,1,0,3,301,60,14,2,377,0,0,0,377
05/06/2014,MCI,MO,ACE,CE,Combined TRACON& Tower with Radar,301,56,1,0,358,0,2,2,0,4,301,58,3,0,362,0,0,0,362
05/07/2014,MCI,MO,ACE,CE,Combined TRACON& Tower with Radar,296,60,9,10,375,0,2,2,0,4,296,62,11,10,379,0,0,0,379
05/08/2014,MCI,MO,ACE,CE,Combined TRACON& Tower with Radar,303,62,21,0,386,0,2,0,0,2,303,64,21,0,388,0,0,0,388
05/09/2014,MCI,MO,ACE,CE,Combined TRACON& Tower with Radar,314,64,9,2,389,0,0,0,0,0,314,64,9,2,389,0,0,0,389
05/10/2014,MCI,MO,ACE,CE,Combined TRACON& Tower with Radar,226,35,16,0,277,0,2,0,0,2,226,37,16,0,279,0,0,0,279
05/11/2014,MCI,MO,ACE,CE,Combined TRACON& Tower with Radar,278,39,10,0,327,0,2,0,0,2,278,41,10,0,329,0,0,0,329
05/12/2014,MCI,MO,ACE,CE,Combined TRACON& Tower with Radar,307,57,13,8,385,0,0,0,0,0,307,57,13,8,385,0,0,0,385
05/13/2014,MCI,MO,ACE,CE,Combined TRACON& Tower with Radar,299,51,9,2,361,0,0,2,0,2,299,51,11,2,363,0,0,0,363
05/14/2014,MCI,MO,ACE,CE,Combined TRACON& Tower with Radar,310,64,8,2,384,0,1,2,0,3,310,65,10,2,387,0,0,0,387
05/15/2014,MCI,MO,ACE,CE,Combined TRACON& Tower with Radar,322,64,9,0,395,0,4,1,0,5,322,68,10,0,400,0,0,0,400
05/16/2014,MCI,MO,ACE,CE,Combined TRACON& Tower with Radar,313,64,13,0,390,0,0,1,0,1,313,64,14,0,391,0,0,0,391
05/17/2014,MCI,MO,ACE,CE,Combined TRACON& Tower with Radar,227,33,1,2,263,0,0,0,0,0,227,33,1,2,263,0,0,0,263
05/18/2014,MCI,MO,ACE,CE,Combined TRACON& Tower with Radar,284,46,4,2,336,0,4,2,0,6,284,50,6,2,342,0,0,0,342
05/19/2014,MCI,MO,ACE,CE,Combined TRACON& Tower with Radar,317,58,4,0,379,0,1,3,0,4,317,59,7,0,383,0,0,0,383
05/20/2014,MCI,MO,ACE,CE,Combined TRACON& Tower with Radar,316,45,11,12,384,0,0,6,0,6,316,45,17,12,390,0,0,0,390
05/21/2014,MCI,MO,ACE,CE,Combined TRACON& Tower with Radar,318,69,9,5,401,0,2,1,1,4,318,71,10,6,405,0,0,0,405
05/22/2014,MCI,MO,ACE,CE,Combined TRACON& Tower with Radar,315,57,7,4,383,0,0,1,1,2,315,57,8,5,385,0,0,0,385
05/23/2014,MCI,MO,ACE,CE,Combined TRACON& Tower with Radar,328,62,7,2,399,0,2,5,0,7,328,64,12,2,406,0,0,0,406
05/24/2014,MCI,MO,ACE,CE,Combined TRACON& Tower with Radar,228,32,8,0,268,0,0,0,0,0,228,32,8,0,268,0,0,0,268
05/25/2014,MCI,MO,ACE,CE,Combined TRACON& Tower with Radar,238,30,2,4,274,1,1,2,0,4,239,31,4,4,278,0,0,0,278
05/26/2014,MCI,MO,ACE,CE,Combined TRACON& Tower with Radar,283,46,3,6,338,0,1,0,0,1,283,47,3,6,339,0,0,0,339
05/27/2014,MCI,MO,ACE,CE,Combined TRACON& Tower with Radar,321,49,11,6,387,0,0,5,0,5,321,49,16,6,392,0,0,0,392
05/28/2014,MCI,MO,ACE,CE,Combined TRACON& Tower with Radar,319,59,12,0,390,0,0,3,0,3,319,59,15,0,393,0,0,0,393
05/29/2014,MCI,MO,ACE,CE,Combined TRACON& Tower with Radar,328,59,18,0,405,0,3,1,0,4,328,62,19,0,409,0,0,0,409
05/30/2014,MCI,MO,ACE,CE,Combined TRACON& Tower with Radar,314,62,7,2,385,0,0,4,0,4,314,62,11,2,389,0,0,0,389
05/31/2014,MCI,MO,ACE,CE,Combined TRACON& Tower with Radar,238,32,0,0,270,0,0,2,0,2,238,32,2,0,272,0,0,0,272
06/01/2014,MCI,MO,ACE,CE,Combined TRACON& Tower with Radar,291,43,1,0,335,0,0,6,0,6,291,43,7,0,341,0,0,0,341
06/02/2014,MCI,MO,ACE,CE,Combined TRACON& Tower with Radar,323,51,6,4,384,0,0,0,0,0,323,51,6,4,384,0,0,0,384
06/03/2014,MCI,MO,ACE,CE,Combined TRACON& Tower with Radar,316,54,16,4,390,0,0,4,0,4,316,54,20,4,394,0,0,0,394
06/04/2014,MCI,MO,ACE,CE,Combined TRACON& Tower with Radar,318,60,2,4,384,0,1,1,0,2,318,61,3,4,386,0,0,0,386
06/05/2014,MCI,MO,ACE,CE,Combined TRACON& Tower with Radar,331,54,6,0,391,0,0,0,1,1,331,54,6,1,392,0,0,0,392
06/06/2014,MCI,MO,ACE,CE,Combined TRACON& Tower with Radar,317,65,12,3,397,0,0,1,0,1,317,65,13,3,398,0,0,0,398
06/07/2014,MCI,MO,ACE,CE,Combined TRACON& Tower with Radar,237,45,5,3,290,0,0,1,0,1,237,45,6,3,291,0,0,0,291
06/08/2014,MCI,MO,ACE,CE,Combined TRACON& Tower with Radar,280,53,12,0,345,0,0,5,0,5,280,53,17,0,350,0,0,0,350
06/09/2014,MCI,MO,ACE,CE,Combined TRACON& Tower with Radar,326,53,8,3,390,0,0,0,0,0,326,53,8,3,390,0,0,0,390
06/10/2014,MCI,MO,ACE,CE,Combined TRACON& Tower with Radar,329,60,14,1,404,0,0,0,0,0,329,60,14,1,404,0,0,0,404
06/11/2014,MCI,MO,ACE,CE,Combined TRACON& Tower with Radar,326,61,8,12,407,0,0,1,0,1,326,61,9,12,408,0,0,0,408
06/12/2014,MCI,MO,ACE,CE,Combined TRACON& Tower with Radar,330,66,13,5,414,0,0,0,0,0,330,66,13,5,414,0,0,0,414
06/13/2014,MCI,MO,ACE,CE,Combined TRACON& Tower with Radar,333,58,8,0,399,0,0,0,0,0,333,58,8,0,399,0,0,0,399
06/14/2014,MCI,MO,ACE,CE,Combined TRACON& Tower with Radar,260,43,8,2,313,0,0,0,0,0,260,43,8,2,313,0,0,0,313
06/15/2014,MCI,MO,ACE,CE,Combined TRACON& Tower with Radar,285,47,4,0,336,0,0,1,0,1,285,47,5,0,337,0,0,0,337
06/16/2014,MCI,MO,ACE,CE,Combined TRACON& Tower with Radar,311,54,10,0,375,0,2,0,0,2,311,56,10,0,377,0,0,0,377
06/17/2014,MCI,MO,ACE,CE,Combined TRACON& Tower with Radar,320,63,16,4,403,0,0,1,0,1,320,63,17,4,404,0,0,0,404
06/18/2014,MCI,MO,ACE,CE,Combined TRACON& Tower with Radar,318,49,7,26,400,0,3,2,0,5,318,52,9,26,405,0,0,0,405
06/19/2014,MCI,MO,ACE,CE,Combined TRACON& Tower with Radar,313,59,15,2,389,0,1,1,0,2,313,60,16,2,391,0,0,0,391
06/20/2014,MCI,MO,ACE,CE,Combined TRACON& Tower with Radar,327,61,10,4,402,0,0,0,0,0,327,61,10,4,402,0,0,0,402
06/21/2014,MCI,MO,ACE,CE,Combined TRACON& Tower with Radar,274,48,2,0,324,0,0,0,0,0,274,48,2,0,324,0,0,0,324
06/22/2014,MCI,MO,ACE,CE,Combined TRACON& Tower with Radar,285,53,7,0,345,0,0,2,1,3,285,53,9,1,348,0,0,0,348
06/23/2014,MCI,MO,ACE,CE,Combined TRACON& Tower with Radar,316,58,10,6,390,0,2,2,1,5,316,60,12,7,395,0,0,0,395
06/24/2014,MCI,MO,ACE,CE,Combined TRACON& Tower with Radar,315,63,11,0,389,0,2,0,0,2,315,65,11,0,391,0,0,0,391
06/25/2014,MCI,MO,ACE,CE,Combined TRACON& Tower with Radar,305,58,9,6,378,0,1,0,0,1,305,59,9,6,379,0,0,0,379
06/26/2014,MCI,MO,ACE,CE,Combined TRACON& Tower with Radar,326,67,10,6,409,0,2,6,2,10,326,69,16,8,419,0,0,0,419
06/27/2014,MCI,MO,ACE,CE,Combined TRACON& Tower with Radar,315,60,5,7,387,0,0,2,0,2,315,60,7,7,389,0,0,0,389
06/28/2014,MCI,MO,ACE,CE,Combined TRACON& Tower with Radar,263,42,4,0,309,0,0,0,0,0,263,42,4,0,309,0,0,0,309
06/29/2014,MCI,MO,ACE,CE,Combined TRACON& Tower with Radar,275,45,4,0,324,0,0,0,0,0,275,45,4,0,324,0,0,0,324
06/30/2014,MCI,MO,ACE,CE,Combined TRACON& Tower with Radar,293,47,6,0,346,0,0,1,0,1,293,47,7,0,347,0,0,0,347
07/01/2014,MCI,MO,ACE,CE,Combined TRACON& Tower with Radar,299,45,5,1,350,0,1,3,0,4,299,46,8,1,354,0,0,0,354
07/02/2014,MCI,MO,ACE,CE,Combined TRACON& Tower with Radar,307,53,11,0,371,0,2,0,2,4,307,55,11,2,375,0,0,0,375
07/03/2014,MCI,MO,ACE,CE,Combined TRACON& Tower with Radar,299,46,7,0,352,0,4,2,0,6,299,50,9,0,358,0,0,0,358
07/04/2014,MCI,MO,ACE,CE,Combined TRACON& Tower with Radar,201,32,6,0,239,0,0,2,0,2,201,32,8,0,241,0,0,0,241
07/05/2014,MCI,MO,ACE,CE,Combined TRACON& Tower with Radar,238,44,2,0,284,0,0,0,0,0,238,44,2,0,284,0,0,0,284
07/06/2014,MCI,MO,ACE,CE,Combined TRACON& Tower with Radar,281,52,2,0,335,0,0,0,0,0,281,52,2,0,335,0,0,0,335
07/07/2014,MCI,MO,ACE,CE,Combined TRACON& Tower with Radar,282,57,5,0,344,0,0,1,0,1,282,57,6,0,345,0,0,0,345
07/08/2014,MCI,MO,ACE,CE,Combined TRACON& Tower with Radar,317,62,13,0,392,0,3,1,0,4,317,65,14,0,396,0,0,0,396
07/09/2014,MCI,MO,ACE,CE,Combined TRACON& Tower with Radar,315,64,5,2,386,0,2,1,0,3,315,66,6,2,389,0,0,0,389
07/10/2014,MCI,MO,ACE,CE,Combined TRACON& Tower with Radar,306,57,21,4,388,0,6,1,0,7,306,63,22,4,395,0,0,0,395
07/11/2014,MCI,MO,ACE,CE,Combined TRACON& Tower with Radar,302,64,3,4,373,0,1,3,0,4,302,65,6,4,377,0,0,0,377
07/12/2014,MCI,MO,ACE,CE,Combined TRACON& Tower with Radar,249,50,5,0,304,0,0,0,0,0,249,50,5,0,304,0,0,0,304
07/13/2014,MCI,MO,ACE,CE,Combined TRACON& Tower with Radar,279,58,6,0,343,0,0,2,0,2,279,58,8,0,345,0,0,0,345
07/14/2014,MCI,MO,ACE,CE,Combined TRACON& Tower with Radar,305,57,18,0,380,0,0,1,0,1,305,57,19,0,381,0,0,0,381
07/15/2014,MCI,MO,ACE,CE,Combined TRACON& Tower with Radar,312,58,9,2,381,0,1,10,0,11,312,59,19,2,392,0,0,0,392
07/16/2014,MCI,MO,ACE,CE,Combined TRACON& Tower with Radar,300,51,11,1,363,0,0,13,0,13,300,51,24,1,376,0,0,0,376
07/17/2014,MCI,MO,ACE,CE,Combined TRACON& Tower with Radar,312,55,11,2,380,0,4,4,4,12,312,59,15,6,392,0,0,0,392
07/18/2014,MCI,MO,ACE,CE,Combined TRACON& Tower with Radar,303,58,8,1,370,0,1,0,0,1,303,59,8,1,371,0,0,0,371
07/19/2014,MCI,MO,ACE,CE,Combined TRACON& Tower with Radar,262,40,3,0,305,0,2,4,0,6,262,42,7,0,311,0,0,0,311
07/20/2014,MCI,MO,ACE,CE,Combined TRACON& Tower with Radar,281,54,8,0,343,0,2,5,0,7,281,56,13,0,350,0,0,0,350
07/21/2014,MCI,MO,ACE,CE,Combined TRACON& Tower with Radar,305,58,6,7,376,0,0,1,1,2,305,58,7,8,378,0,0,0,378
07/22/2014,MCI,MO,ACE,CE,Combined TRACON& Tower with Radar,307,64,5,0,376,0,0,4,0,4,307,64,9,0,380,0,0,0,380
07/23/2014,MCI,MO,ACE,CE,Combined TRACON& Tower with Radar,314,63,9,0,386,0,0,3,0,3,314,63,12,0,389,0,0,0,389
07/24/2014,MCI,MO,ACE,CE,Combined TRACON& Tower with Radar,319,65,10,0,394,0,0,0,0,0,319,65,10,0,394,0,0,0,394
07/25/2014,MCI,MO,ACE,CE,Combined TRACON& Tower with Radar,318,57,7,1,383,0,3,8,0,11,318,60,15,1,394,0,0,0,394
07/26/2014,MCI,MO,ACE,CE,Combined TRACON& Tower with Radar,252,42,7,2,303,0,2,2,0,4,252,44,9,2,307,0,0,0,307
07/27/2014,MCI,MO,ACE,CE,Combined TRACON& Tower with Radar,276,58,11,0,345,0,1,2,0,3,276,59,13,0,348,0,0,0,348
07/28/2014,MCI,MO,ACE,CE,Combined TRACON& Tower with Radar,312,68,3,3,386,0,0,4,0,4,312,68,7,3,390,0,0,0,390
07/29/2014,MCI,MO,ACE,CE,Combined TRACON& Tower with Radar,313,65,10,0,388,0,0,7,0,7,313,65,17,0,395,0,0,0,395
07/30/2014,MCI,MO,ACE,CE,Combined TRACON& Tower with Radar,312,67,17,5,401,0,0,0,0,0,312,67,17,5,401,0,0,0,401
07/31/2014,MCI,MO,ACE,CE,Combined TRACON& Tower with Radar,314,69,13,4,400,0,0,19,2,21,314,69,32,6,421,0,0,0,421
08/01/2014,MCI,MO,ACE,CE,Combined TRACON& Tower with Radar,310,59,15,4,388,0,0,8,0,8,310,59,23,4,396,0,0,0,396
08/02/2014,MCI,MO,ACE,CE,Combined TRACON& Tower with Radar,256,35,4,0,295,0,0,2,0,2,256,35,6,0,297,0,0,0,297
08/03/2014,MCI,MO,ACE,CE,Combined TRACON& Tower with Radar,267,52,5,0,324,0,0,0,0,0,267,52,5,0,324,0,0,0,324
08/04/2014,MCI,MO,ACE,CE,Combined TRACON& Tower with Radar,316,53,6,2,377,0,0,0,0,0,316,53,6,2,377,0,0,0,377
08/05/2014,MCI,MO,ACE,CE,Combined TRACON& Tower with Radar,322,65,7,4,398,0,0,1,0,1,322,65,8,4,399,0,0,0,399
08/06/2014,MCI,MO,ACE,CE,Combined TRACON& Tower with Radar,301,56,15,2,374,0,0,0,0,0,301,56,15,2,374,0,0,0,374
08/07/2014,MCI,MO,ACE,CE,Combined TRACON& Tower with Radar,331,71,9,0,411,0,0,0,0,0,331,71,9,0,411,0,0,0,411
08/08/2014,MCI,MO,ACE,CE,Combined TRACON& Tower with Radar,321,60,14,4,399,0,0,5,0,5,321,60,19,4,404,0,0,0,404
08/09/2014,MCI,MO,ACE,CE,Combined TRACON& Tower with Radar,255,45,3,2,305,0,0,0,0,0,255,45,3,2,305,0,0,0,305
08/10/2014,MCI,MO,ACE,CE,Combined TRACON& Tower with Radar,283,53,8,0,344,0,0,1,0,1,283,53,9,0,345,0,0,0,345
08/11/2014,MCI,MO,ACE,CE,Combined TRACON& Tower with Radar,304,60,14,5,383,0,2,0,0,2,304,62,14,5,385,0,0,0,385
08/12/2014,MCI,MO,ACE,CE,Combined TRACON& Tower with Radar,300,61,6,2,369,0,2,2,0,4,300,63,8,2,373,0,0,0,373
08/13/2014,MCI,MO,ACE,CE,Combined TRACON& Tower with Radar,306,59,10,3,378,0,1,2,0,3,306,60,12,3,381,0,0,0,381
08/14/2014,MCI,MO,ACE,CE,Combined TRACON& Tower with Radar,309,66,20,5,400,0,2,0,0,2,309,68,20,5,402,0,0,0,402
08/15/2014,MCI,MO,ACE,CE,Combined TRACON& Tower with Radar,307,61,10,0,378,0,0,2,0,2,307,61,12,0,380,0,0,0,380
08/16/2014,MCI,MO,ACE,CE,Combined TRACON& Tower with Radar,233,40,2,0,275,0,0,0,0,0,233,40,2,0,275,0,0,0,275
08/17/2014,MCI,MO,ACE,CE,Combined TRACON& Tower with Radar,266,57,4,0,327,0,0,0,0,0,266,57,4,0,327,0,0,0,327
08/18/2014,MCI,MO,ACE,CE,Combined TRACON& Tower with Radar,306,63,6,5,380,0,0,0,0,0,306,63,6,5,380,0,0,0,380
08/19/2014,MCI,MO,ACE,CE,Combined TRACON& Tower with Radar,297,53,10,0,360,0,4,5,0,9,297,57,15,0,369,0,0,0,369
08/20/2014,MCI,MO,ACE,CE,Combined TRACON& Tower with Radar,313,58,11,2,384,0,1,0,0,1,313,59,11,2,385,0,0,0,385
08/21/2014,MCI,MO,ACE,CE,Combined TRACON& Tower with Radar,314,68,8,2,392,0,4,4,0,8,314,72,12,2,400,0,0,0,400
08/22/2014,MCI,MO,ACE,CE,Combined TRACON& Tower with Radar,323,61,8,0,392,0,4,3,0,7,323,65,11,0,399,0,0,0,399
08/23/2014,MCI,MO,ACE,CE,Combined TRACON& Tower with Radar,218,25,2,0,245,0,2,3,0,5,218,27,5,0,250,0,0,0,250
08/24/2014,MCI,MO,ACE,CE,Combined TRACON& Tower with Radar,291,42,4,0,337,0,2,6,0,8,291,44,10,0,345,0,0,0,345
08/25/2014,MCI,MO,ACE,CE,Combined TRACON& Tower with Radar,304,46,8,0,358,0,0,0,0,0,304,46,8,0,358,0,0,0,358
08/26/2014,MCI,MO,ACE,CE,Combined TRACON& Tower with Radar,301,51,10,0,362,0,0,1,0,1,301,51,11,0,363,0,0,0,363
08/27/2014,MCI,MO,ACE,CE,Combined TRACON& Tower with Radar,308,52,11,2,373,0,0,5,0,5,308,52,16,2,378,0,0,0,378
08/28/2014,MCI,MO,ACE,CE,Combined TRACON& Tower with Radar,312,59,20,0,391,0,1,0,0,1,312,60,20,0,392,0,0,0,392
08/29/2014,MCI,MO,ACE,CE,Combined TRACON& Tower with Radar,313,57,6,0,376,0,0,2,0,2,313,57,8,0,378,0,0,0,378
08/30/2014,MCI,MO,ACE,CE,Combined TRACON& Tower with Radar,205,30,1,0,236,0,0,4,0,4,205,30,5,0,240,0,0,0,240
08/31/2014,MCI,MO,ACE,CE,Combined TRACON& Tower with Radar,197,31,3,0,231,0,0,3,0,3,197,31,6,0,234,0,0,0,234
09/01/2014,MCI,MO,ACE,CE,Combined TRACON& Tower with Radar,270,43,0,0,313,0,0,3,0,3,270,43,3,0,316,0,0,0,316
09/02/2014,MCI,MO,ACE,CE,Combined TRACON& Tower with Radar,305,50,6,1,362,0,4,2,0,6,305,54,8,1,368,0,0,0,368
09/03/2014,MCI,MO,ACE,CE,Combined TRACON& Tower with Radar,286,48,4,5,343,0,0,2,1,3,286,48,6,6,346,0,0,0,346
09/04/2014,MCI,MO,ACE,CE,Combined TRACON& Tower with Radar,295,44,15,1,355,0,0,1,0,1,295,44,16,1,356,0,0,0,356
09/05/2014,MCI,MO,ACE,CE,Combined TRACON& Tower with Radar,295,42,17,0,354,0,0,0,0,0,295,42,17,0,354,0,0,0,354
09/06/2014,MCI,MO,ACE,CE,Combined TRACON& Tower with Radar,199,29,3,0,231,0,0,22,0,22,199,29,25,0,253,0,0,0,253
09/07/2014,MCI,MO,ACE,CE,Combined TRACON& Tower with Radar,278,43,9,0,330,0,0,1,0,1,278,43,10,0,331,0,0,0,331
09/08/2014,MCI,MO,ACE,CE,Combined TRACON& Tower with Radar,300,51,6,14,371,0,2,2,0,4,300,53,8,14,375,0,0,0,375
09/09/2014,MCI,MO,ACE,CE,Combined TRACON& Tower with Radar,305,59,11,7,382,0,2,1,7,10,305,61,12,14,392,0,10,10,402
09/10/2014,MCI,MO,ACE,CE,Combined TRACON& Tower with Radar,299,55,9,4,367,0,0,0,0,0,299,55,9,4,367,0,0,0,367
09/11/2014,MCI,MO,ACE,CE,Combined TRACON& Tower with Radar,314,57,9,2,382,0,0,2,0,2,314,57,11,2,384,0,0,0,384
09/12/2014,MCI,MO,ACE,CE,Combined TRACON& Tower with Radar,313,58,10,2,383,0,0,0,0,0,313,58,10,2,383,0,0,0,383
09/13/2014,MCI,MO,ACE,CE,Combined TRACON& Tower with Radar,207,27,2,0,236,0,0,5,0,5,207,27,7,0,241,0,0,0,241
09/14/2014,MCI,MO,ACE,CE,Combined TRACON& Tower with Radar,283,44,2,0,329,0,0,4,0,4,283,44,6,0,333,0,0,0,333
09/15/2014,MCI,MO,ACE,CE,Combined TRACON& Tower with Radar,303,52,9,18,382,0,0,0,0,0,303,52,9,18,382,0,0,0,382
09/16/2014,MCI,MO,ACE,CE,Combined TRACON& Tower with Radar,297,52,16,3,368,0,0,8,0,8,297,52,24,3,376,0,0,0,376
09/17/2014,MCI,MO,ACE,CE,Combined TRACON& Tower with Radar,303,53,18,4,378,0,0,0,0,0,303,53,18,4,378,0,0,0,378
09/18/2014,MCI,MO,ACE,CE,Combined TRACON& Tower with Radar,314,61,18,0,393,0,0,1,0,1,314,61,19,0,394,0,0,0,394
09/19/2014,MCI,MO,ACE,CE,Combined TRACON& Tower with Radar,310,60,15,0,385,0,0,0,0,0,310,60,15,0,385,0,0,0,385
09/20/2014,MCI,MO,ACE,CE,Combined TRACON& Tower with Radar,208,31,3,0,242,0,0,0,0,0,208,31,3,0,242,0,0,0,242
09/21/2014,MCI,MO,ACE,CE,Combined TRACON& Tower with Radar,286,57,13,0,356,0,0,4,0,4,286,57,17,0,360,0,0,0,360
09/22/2014,MCI,MO,ACE,CE,Combined TRACON& Tower with Radar,290,53,10,6,359,0,1,2,0,3,290,54,12,6,362,0,0,0,362
09/23/2014,MCI,MO,ACE,CE,Combined TRACON& Tower with Radar,293,53,9,4,359,0,0,7,2,9,293,53,16,6,368,0,0,0,368
09/24/2014,MCI,MO,ACE,CE,Combined TRACON& Tower with Radar,302,61,10,1,374,0,0,2,0,2,302,61,12,1,376,0,0,0,376
09/25/2014,MCI,MO,ACE,CE,Combined TRACON& Tower with Radar,291,62,18,0,371,0,0,4,0,4,291,62,22,0,375,0,0,0,375
09/26/2014,MCI,MO,ACE,CE,Combined TRACON& Tower with Radar,269,56,12,0,337,0,2,1,0,3,269,58,13,0,340,0,0,0,340
09/27/2014,MCI,MO,ACE,CE,Combined TRACON& Tower with Radar,198,39,8,0,245,0,0,35,0,35,198,39,43,0,280,0,0,0,280
09/28/2014,MCI,MO,ACE,CE,Combined TRACON& Tower with Radar,270,48,7,0,325,0,0,2,0,2,270,48,9,0,327,0,0,0,327
09/29/2014,MCI,MO,ACE,CE,Combined TRACON& Tower with Radar,285,54,11,0,350,0,0,5,0,5,285,54,16,0,355,0,0,0,355
09/30/2014,MCI,MO,ACE,CE,Combined TRACON& Tower with Radar,286,58,7,0,351,0,0,1,0,1,286,58,8,0,352,0,0,0,352
10/01/2014,MCI,MO,ACE,CE,Combined TRACON& Tower with Radar,288,63,12,0,363,0,0,0,0,0,288,63,12,0,363,0,0,0,363
10/02/2014,MCI,MO,ACE,CE,Combined TRACON& Tower with Radar,284,65,17,0,366,0,0,0,0,0,284,65,17,0,366,0,0,0,366
10/03/2014,MCI,MO,ACE,CE,Combined TRACON& Tower with Radar,306,72,17,2,397,0,2,6,0,8,306,74,23,2,405,0,0,0,405
10/04/2014,MCI,MO,ACE,CE,Combined TRACON& Tower with Radar,214,34,11,0,259,0,0,2,0,2,214,34,13,0,261,0,0,0,261
10/05/2014,MCI,MO,ACE,CE,Combined TRACON& Tower with Radar,280,53,20,2,355,0,0,7,0,7,280,53,27,2,362,0,0,0,362
10/06/2014,MCI,MO,ACE,CE,Combined TRACON& Tower with Radar,295,51,2,2,350,0,0,0,0,0,295,51,2,2,350,0,0,0,350
10/07/2014,MCI,MO,ACE,CE,Combined TRACON& Tower with Radar,301,58,18,4,381,0,0,13,1,14,301,58,31,5,395,0,0,0,395
10/08/2014,MCI,MO,ACE,CE,Combined TRACON& Tower with Radar,304,65,19,1,389,0,0,6,0,6,304,65,25,1,395,0,0,0,395
10/09/2014,MCI,MO,ACE,CE,Combined TRACON& Tower with Radar,307,68,14,3,392,0,0,0,0,0,307,68,14,3,392,0,0,0,392
10/10/2014,MCI,MO,ACE,CE,Combined TRACON& Tower with Radar,309,54,12,2,377,0,0,3,0,3,309,54,15,2,380,0,0,0,380
10/11/2014,MCI,MO,ACE,CE,Combined TRACON& Tower with Radar,208,38,1,0,247,0,1,0,0,1,208,39,1,0,248,0,0,0,248
10/12/2014,MCI,MO,ACE,CE,Combined TRACON& Tower with Radar,278,49,2,0,329,0,0,0,0,0,278,49,2,0,329,0,0,0,329
10/13/2014,MCI,MO,ACE,CE,Combined TRACON& Tower with Radar,287,54,7,2,350,0,0,0,0,0,287,54,7,2,350,0,0,0,350
10/14/2014,MCI,MO,ACE,CE,Combined TRACON& Tower with Radar,305,59,9,3,376,0,0,0,0,0,305,59,9,3,376,0,0,0,376
10/15/2014,MCI,MO,ACE,CE,Combined TRACON& Tower with Radar,299,65,8,3,375,0,2,4,0,6,299,67,12,3,381,0,0,0,381
10/16/2014,MCI,MO,ACE,CE,Combined TRACON& Tower with Radar,317,64,15,4,400,0,4,1,2,7,317,68,16,6,407,0,0,0,407
10/17/2014,MCI,MO,ACE,CE,Combined TRACON& Tower with Radar,314,67,19,2,402,0,0,1,0,1,314,67,20,2,403,0,0,0,403
10/18/2014,MCI,MO,ACE,CE,Combined TRACON& Tower with Radar,211,38,3,0,252,0,0,4,0,4,211,38,7,0,256,0,0,0,256
10/19/2014,MCI,MO,ACE,CE,Combined TRACON& Tower with Radar,277,52,1,2,332,0,0,3,0,3,277,52,4,2,335,0,0,0,335
10/20/2014,MCI,MO,ACE,CE,Combined TRACON& Tower with Radar,301,55,14,0,370,0,2,6,0,8,301,57,20,0,378,0,0,0,378
10/21/2014,MCI,MO,ACE,CE,Combined TRACON& Tower with Radar,307,49,7,0,363,0,4,4,0,8,307,53,11,0,371,0,0,0,371
10/22/2014,MCI,MO,ACE,CE,Combined TRACON& Tower with Radar,305,61,13,2,381,0,1,1,0,2,305,62,14,2,383,0,0,0,383
10/23/2014,MCI,MO,ACE,CE,Combined TRACON& Tower with Radar,316,59,11,0,386,0,0,3,0,3,316,59,14,0,389,0,0,0,389
10/24/2014,MCI,MO,ACE,CE,Combined TRACON& Tower with Radar,314,60,12,2,388,0,0,2,0,2,314,60,14,2,390,0,0,0,390
10/25/2014,MCI,MO,ACE,CE,Combined TRACON& Tower with Radar,209,39,0,0,248,0,2,1,0,3,209,41,1,0,251,0,0,0,251
10/26/2014,MCI,MO,ACE,CE,Combined TRACON& Tower with Radar,274,46,0,2,322,0,0,4,0,4,274,46,4,2,326,0,0,0,326
10/27/2014,MCI,MO,ACE,CE,Combined TRACON& Tower with Radar,305,47,3,2,357,0,0,0,0,0,305,47,3,2,357,0,0,0,357
10/28/2014,MCI,MO,ACE,CE,Combined TRACON& Tower with Radar,304,46,7,3,360,0,2,1,0,3,304,48,8,3,363,0,0,0,363
10/29/2014,MCI,MO,ACE,CE,Combined TRACON& Tower with Radar,309,48,16,4,377,0,1,2,0,3,309,49,18,4,380,0,0,0,380
10/30/2014,MCI,MO,ACE,CE,Combined TRACON& Tower with Radar,309,48,11,6,374,0,1,5,0,6,309,49,16,6,380,0,0,0,380
10/31/2014,MCI,MO,ACE,CE,Combined TRACON& Tower with Radar,257,51,14,4,326,0,0,0,0,0,257,51,14,4,326,0,0,0,326
11/01/2014,MCI,MO,ACE,CE,Combined TRACON& Tower with Radar,198,26,4,0,228,0,0,2,0,2,198,26,6,0,230,0,0,0,230
11/02/2014,MCI,MO,ACE,CE,Combined TRACON& Tower with Radar,275,42,4,0,321,0,0,2,0,2,275,42,6,0,323,0,0,0,323
11/03/2014,MCI,MO,ACE,CE,Combined TRACON& Tower with Radar,297,48,9,0,354,0,0,2,0,2,297,48,11,0,356,0,0,0,356
11/04/2014,MCI,MO,ACE,CE,Combined TRACON& Tower with Radar,287,49,8,0,344,0,2,0,0,2,287,51,8,0,346,0,0,0,346
11/05/2014,MCI,MO,ACE,CE,Combined TRACON& Tower with Radar,301,60,14,2,377,0,0,2,0,2,301,60,16,2,379,0,0,0,379
11/06/2014,MCI,MO,ACE,CE,Combined TRACON& Tower with Radar,309,52,21,2,384,0,2,7,0,9,309,54,28,2,393,0,0,0,393
11/07/2014,MCI,MO,ACE,CE,Combined TRACON& Tower with Radar,308,62,9,2,381,0,0,6,0,6,308,62,15,2,387,0,0,0,387
11/08/2014,MCI,MO,ACE,CE,Combined TRACON& Tower with Radar,215,35,1,0,251,0,0,0,0,0,215,35,1,0,251,0,0,0,251
11/09/2014,MCI,MO,ACE,CE,Combined TRACON& Tower with Radar,271,45,4,0,320,0,0,5,0,5,271,45,9,0,325,0,0,0,325
11/10/2014,MCI,MO,ACE,CE,Combined TRACON& Tower with Radar,292,47,7,0,346,0,0,4,0,4,292,47,11,0,350,0,0,0,350
11/11/2014,MCI,MO,ACE,CE,Combined TRACON& Tower with Radar,298,53,9,0,360,0,0,0,0,0,298,53,9,0,360,0,0,0,360
11/12/2014,MCI,MO,ACE,CE,Combined TRACON& Tower with Radar,302,51,6,9,368,0,0,4,0,4,302,51,10,9,372,0,0,0,372
11/13/2014,MCI,MO,ACE,CE,Combined TRACON& Tower with Radar,299,46,16,2,363,0,0,0,2,2,299,46,16,4,365,0,0,0,365
11/14/2014,MCI,MO,ACE,CE,Combined TRACON& Tower with Radar,312,49,5,7,373,0,0,0,0,0,312,49,5,7,373,0,0,0,373
11/15/2014,MCI,MO,ACE,CE,Combined TRACON& Tower with Radar,209,30,4,0,243,0,0,0,0,0,209,30,4,0,243,0,0,0,243
11/16/2014,MCI,MO,ACE,CE,Combined TRACON& Tower with Radar,269,51,5,0,325,0,0,12,0,12,269,51,17,0,337,0,0,0,337
11/17/2014,MCI,MO,ACE,CE,Combined TRACON& Tower with Radar,290,42,6,0,338,0,0,0,0,0,290,42,6,0,338,0,0,0,338
11/18/2014,MCI,MO,ACE,CE,Combined TRACON& Tower with Radar,295,50,4,2,351,0,0,1,0,1,295,50,5,2,352,0,0,0,352
11/19/2014,MCI,MO,ACE,CE,Combined TRACON& Tower with Radar,301,44,5,2,352,0,2,0,0,2,301,46,5,2,354,0,0,0,354
11/20/2014,MCI,MO,ACE,CE,Combined TRACON& Tower with Radar,308,52,10,3,373,0,0,0,0,0,308,52,10,3,373,0,0,0,373
11/21/2014,MCI,MO,ACE,CE,Combined TRACON& Tower with Radar,312,56,10,0,378,0,0,2,0,2,312,56,12,0,380,0,0,0,380
11/22/2014,MCI,MO,ACE,CE,Combined TRACON& Tower with Radar,218,39,0,2,259,0,0,0,0,0,218,39,0,2,259,0,0,0,259
11/23/2014,MCI,MO,ACE,CE,Combined TRACON& Tower with Radar,255,42,0,0,297,0,0,0,0,0,255,42,0,0,297,0,0,0,297
11/24/2014,MCI,MO,ACE,CE,Combined TRACON& Tower with Radar,266,49,10,4,329,0,0,0,0,0,266,49,10,4,329,0,0,0,329
11/25/2014,MCI,MO,ACE,CE,Combined TRACON& Tower with Radar,308,55,9,0,372,0,0,4,0,4,308,55,13,0,376,0,0,0,376
11/26/2014,MCI,MO,ACE,CE,Combined TRACON& Tower with Radar,325,47,6,0,378,0,0,0,0,0,325,47,6,0,378,0,0,0,378
11/27/2014,MCI,MO,ACE,CE,Combined TRACON& Tower with Radar,185,35,4,0,224,0,0,0,0,0,185,35,4,0,224,0,0,0,224
11/28/2014,MCI,MO,ACE,CE,Combined TRACON& Tower with Radar,219,39,0,0,258,0,2,2,0,4,219,41,2,0,262,0,0,0,262
11/29/2014,MCI,MO,ACE,CE,Combined TRACON& Tower with Radar,268,44,4,0,316,0,0,0,0,0,268,44,4,0,316,0,0,0,316
11/30/2014,MCI,MO,ACE,CE,Combined TRACON& Tower with Radar,304,48,10,0,362,0,0,0,0,0,304,48,10,0,362,0,0,0,362
12/01/2014,MCI,MO,ACE,CE,Combined TRACON& Tower with Radar,324,51,8,6,389,0,0,0,0,0,324,51,8,6,389,0,0,0,389
12/02/2014,MCI,MO,ACE,CE,Combined TRACON& Tower with Radar,305,44,12,6,367,0,1,0,0,1,305,45,12,6,368,0,0,0,368
12/03/2014,MCI,MO,ACE,CE,Combined TRACON& Tower with Radar,298,50,7,2,357,0,3,2,0,5,298,53,9,2,362,0,0,0,362
12/04/2014,MCI,MO,ACE,CE,Combined TRACON& Tower with Radar,305,50,17,4,376,0,0,0,0,0,305,50,17,4,376,0,0,0,376
12/05/2014,MCI,MO,ACE,CE,Combined TRACON& Tower with Radar,305,51,8,4,368,0,0,0,0,0,305,51,8,4,368,0,0,0,368
12/06/2014,MCI,MO,ACE,CE,Combined TRACON& Tower with Radar,219,33,10,0,262,0,0,0,0,0,219,33,10,0,262,0,0,0,262
12/07/2014,MCI,MO,ACE,CE,Combined TRACON& Tower with Radar,255,45,3,0,303,0,0,0,0,0,255,45,3,0,303,0,0,0,303
12/08/2014,MCI,MO,ACE,CE,Combined TRACON& Tower with Radar,283,56,5,6,350,0,3,2,0,5,283,59,7,6,355,0,0,0,355
12/09/2014,MCI,MO,ACE,CE,Combined TRACON& Tower with Radar,290,52,16,0,358,0,0,0,0,0,290,52,16,0,358,0,0,0,358
12/10/2014,MCI,MO,ACE,CE,Combined TRACON& Tower with Radar,289,47,8,0,344,0,0,0,0,0,289,47,8,0,344,0,0,0,344
12/11/2014,MCI,MO,ACE,CE,Combined TRACON& Tower with Radar,302,46,18,1,367,0,0,0,0,0,302,46,18,1,367,0,0,0,367
12/12/2014,MCI,MO,ACE,CE,Combined TRACON& Tower with Radar,300,54,2,0,356,0,0,0,0,0,300,54,2,0,356,0,0,0,356
12/13/2014,MCI,MO,ACE,CE,Combined TRACON& Tower with Radar,215,31,8,0,254,0,0,0,0,0,215,31,8,0,254,0,0,0,254
12/14/2014,MCI,MO,ACE,CE,Combined TRACON& Tower with Radar,254,47,1,2,304,0,0,0,0,0,254,47,1,2,304,0,0,0,304
12/15/2014,MCI,MO,ACE,CE,Combined TRACON& Tower with Radar,285,56,6,5,352,0,0,0,0,0,285,56,6,5,352,0,0,0,352
12/16/2014,MCI,MO,ACE,CE,Combined TRACON& Tower with Radar,298,47,15,0,360,0,0,0,0,0,298,47,15,0,360,0,0,0,360
12/17/2014,MCI,MO,ACE,CE,Combined TRACON& Tower with Radar,297,66,13,0,376,0,2,1,0,3,297,68,14,0,379,0,0,0,379
12/18/2014,MCI,MO,ACE,CE,Combined TRACON& Tower with Radar,309,71,12,0,392,0,0,0,0,0,309,71,12,0,392,0,0,0,392
12/19/2014,MCI,MO,ACE,CE,Combined TRACON& Tower with Radar,304,50,7,0,361,0,0,0,0,0,304,50,7,0,361,0,0,0,361
12/20/2014,MCI,MO,ACE,CE,Combined TRACON& Tower with Radar,280,55,7,0,342,0,0,0,0,0,280,55,7,0,342,0,0,0,342
12/21/2014,MCI,MO,ACE,CE,Combined TRACON& Tower with Radar,273,52,6,0,331,0,0,0,0,0,273,52,6,0,331,0,0,0,331
12/22/2014,MCI,MO,ACE,CE,Combined TRACON& Tower with Radar,286,75,11,0,372,0,0,5,0,5,286,75,16,0,377,0,0,0,377
12/23/2014,MCI,MO,ACE,CE,Combined TRACON& Tower with Radar,298,86,11,3,398,0,0,0,0,0,298,86,11,3,398,0,0,0,398
12/24/2014,MCI,MO,ACE,CE,Combined TRACON& Tower with Radar,238,35,5,0,278,0,0,0,0,0,238,35,5,0,278,0,0,0,278
12/25/2014,MCI,MO,ACE,CE,Combined TRACON& Tower with Radar,212,31,0,0,243,0,1,0,0,1,212,32,0,0,244,0,0,0,244
12/26/2014,MCI,MO,ACE,CE,Combined TRACON& Tower with Radar,274,51,5,0,330,0,0,0,0,0,274,51,5,0,330,0,0,0,330
12/27/2014,MCI,MO,ACE,CE,Combined TRACON& Tower with Radar,259,46,2,0,307,0,0,0,0,0,259,46,2,0,307,0,0,0,307
12/28/2014,MCI,MO,ACE,CE,Combined TRACON& Tower with Radar,275,43,2,0,320,0,0,2,0,2,275,43,4,0,322,0,0,0,322
12/29/2014,MCI,MO,ACE,CE,Combined TRACON& Tower with Radar,268,52,1,0,321,0,0,3,0,3,268,52,4,0,324,0,0,0,324
12/30/2014,MCI,MO,ACE,CE,Combined TRACON& Tower with Radar,279,53,10,0,342,0,0,4,0,4,279,53,14,0,346,0,0,0,346
12/31/2014,MCI,MO,ACE,CE,Combined TRACON& Tower with Radar,236,30,4,0,270,0,1,4,0,5,236,31,8,0,275,0,0,0,275
01/01/2015,MCI,MO,ACE,CE,Combined TRACON& Tower with Radar,212,44,3,0,259,0,0,2,0,2,212,44,5,0,261,0,0,0,261
01/02/2015,MCI,MO,ACE,CE,Combined TRACON& Tower with Radar,283,52,4,0,339,0,0,0,0,0,283,52,4,0,339,0,0,0,339
01/03/2015,MCI,MO,ACE,CE,Combined TRACON& Tower with Radar,257,40,10,0,307,0,0,0,0,0,257,40,10,0,307,0,0,0,307
01/04/2015,MCI,MO,ACE,CE,Combined TRACON& Tower with Radar,265,48,9,0,322,0,0,0,0,0,265,48,9,0,322,0,0,0,322
01/05/2015,MCI,MO,ACE,CE,Combined TRACON& Tower with Radar,280,50,4,0,334,0,0,2,0,2,280,50,6,0,336,0,0,0,336
01/06/2015,MCI,MO,ACE,CE,Combined TRACON& Tower with Radar,298,42,7,5,352,0,0,5,0,5,298,42,12,5,357,0,0,0,357
01/07/2015,MCI,MO,ACE,CE,Combined TRACON& Tower with Radar,257,41,15,4,317,0,0,0,0,0,257,41,15,4,317,0,0,0,317
01/08/2015,MCI,MO,ACE,CE,Combined TRACON& Tower with Radar,262,49,10,0,321,0,0,2,0,2,262,49,12,0,323,0,0,0,323
01/09/2015,MCI,MO,ACE,CE,Combined TRACON& Tower with Radar,270,54,17,4,345,0,2,3,0,5,270,56,20,4,350,0,0,0,350
01/10/2015,MCI,MO,ACE,CE,Combined TRACON& Tower with Radar,189,28,6,0,223,0,0,0,0,0,189,28,6,0,223,0,0,0,223
01/11/2015,MCI,MO,ACE,CE,Combined TRACON& Tower with Radar,228,35,10,0,273,0,0,0,0,0,228,35,10,0,273,0,0,0,273
01/12/2015,MCI,MO,ACE,CE,Combined TRACON& Tower with Radar,271,44,1,4,320,0,0,1,0,1,271,44,2,4,321,0,0,0,321
01/13/2015,MCI,MO,ACE,CE,Combined TRACON& Tower with Radar,266,42,8,4,320,0,0,5,0,5,266,42,13,4,325,0,0,0,325
01/14/2015,MCI,MO,ACE,CE,Combined TRACON& Tower with Radar,260,50,8,3,321,0,0,2,0,2,260,50,10,3,323,0,0,0,323
01/15/2015,MCI,MO,ACE,CE,Combined TRACON& Tower with Radar,277,50,18,18,363,0,1,3,0,4,277,51,21,18,367,0,0,0,367
01/16/2015,MCI,MO,ACE,CE,Combined TRACON& Tower with Radar,280,49,9,5,343,0,4,2,0,6,280,53,11,5,349,0,0,0,349
01/17/2015,MCI,MO,ACE,CE,Combined TRACON& Tower with Radar,183,31,7,0,221,0,0,2,0,2,183,31,9,0,223,0,0,0,223
01/18/2015,MCI,MO,ACE,CE,Combined TRACON& Tower with Radar,223,37,6,0,266,0,0,5,0,5,223,37,11,0,271,0,0,0,271
01/19/2015,MCI,MO,ACE,CE,Combined TRACON& Tower with Radar,259,49,3,1,312,0,0,6,0,6,259,49,9,1,318,0,0,0,318
01/20/2015,MCI,MO,ACE,CE,Combined TRACON& Tower with Radar,261,49,6,1,317,0,0,0,0,0,261,49,6,1,317,0,0,0,317
01/21/2015,MCI,MO,ACE,CE,Combined TRACON& Tower with Radar,257,47,9,3,316,0,0,1,0,1,257,47,10,3,317,0,0,0,317
01/22/2015,MCI,MO,ACE,CE,Combined TRACON& Tower with Radar,279,46,11,0,336,0,0,0,0,0,279,46,11,0,336,0,0,0,336
01/23/2015,MCI,MO,ACE,CE,Combined TRACON& Tower with Radar,279,46,12,3,340,0,0,2,0,2,279,46,14,3,342,0,0,0,342
01/24/2015,MCI,MO,ACE,CE,Combined TRACON& Tower with Radar,184,25,9,0,218,0,2,1,0,3,184,27,10,0,221,0,0,0,221
01/25/2015,MCI,MO,ACE,CE,Combined TRACON& Tower with Radar,226,41,6,0,273,0,0,0,0,0,226,41,6,0,273,0,0,0,273
01/26/2015,MCI,MO,ACE,CE,Combined TRACON& Tower with Radar,254,41,12,0,307,0,2,1,0,3,254,43,13,0,310,0,0,0,310
01/27/2015,MCI,MO,ACE,CE,Combined TRACON& Tower with Radar,254,45,9,0,308,0,2,9,0,11,254,47,18,0,319,0,0,0,319
01/28/2015,MCI,MO,ACE,CE,Combined TRACON& Tower with Radar,265,50,3,2,320,0,4,3,0,7,265,54,6,2,327,0,0,0,327
01/29/2015,MCI,MO,ACE,CE,Combined TRACON& Tower with Radar,281,54,11,0,346,0,0,4,0,4,281,54,15,0,350,0,0,0,350
01/30/2015,MCI,MO,ACE,CE,Combined TRACON& Tower with Radar,279,42,2,1,324,0,3,0,1,4,279,45,2,2,328,0,0,0,328
01/31/2015,MCI,MO,ACE,CE,Combined TRACON& Tower with Radar,185,22,2,0,209,0,0,0,0,0,185,22,2,0,209,0,0,0,209
02/01/2015,MCI,MO,ACE,CE,Combined TRACON& Tower with Radar,170,27,4,0,201,0,0,0,0,0,170,27,4,0,201,0,0,0,201
02/02/2015,MCI,MO,ACE,CE,Combined TRACON& Tower with Radar,241,43,7,0,291,0,2,0,0,2,241,45,7,0,293,0,0,0,293
02/03/2015,MCI,MO,ACE,CE,Combined TRACON& Tower with Radar,264,47,11,6,328,0,0,0,0,0,264,47,11,6,328,0,0,0,328
02/04/2015,MCI,MO,ACE,CE,Combined TRACON& Tower with Radar,260,38,11,6,315,0,0,0,0,0,260,38,11,6,315,0,0,0,315
02/05/2015,MCI,MO,ACE,CE,Combined TRACON& Tower with Radar,277,48,20,7,352,0,0,1,0,1,277,48,21,7,353,0,0,0,353
02/06/2015,MCI,MO,ACE,CE,Combined TRACON& Tower with Radar,273,44,9,0,326,0,2,1,1,4,273,46,10,1,330,0,0,0,330
02/07/2015,MCI,MO,ACE,CE,Combined TRACON& Tower with Radar,186,30,2,0,218,0,0,0,0,0,186,30,2,0,218,0,0,0,218
02/08/2015,MCI,MO,ACE,CE,Combined TRACON& Tower with Radar,231,31,0,0,262,0,0,4,0,4,231,31,4,0,266,0,0,0,266
02/09/2015,MCI,MO,ACE,CE,Combined TRACON& Tower with Radar,259,43,2,2,306,0,0,0,0,0,259,43,2,2,306,0,0,0,306
02/10/2015,MCI,MO,ACE,CE,Combined TRACON& Tower with Radar,267,32,11,2,312,0,2,0,0,2,267,34,11,2,314,0,0,0,314
02/11/2015,MCI,MO,ACE,CE,Combined TRACON& Tower with Radar,265,35,8,2,310,0,4,1,0,5,265,39,9,2,315,0,0,0,315
02/12/2015,MCI,MO,ACE,CE,Combined TRACON& Tower with Radar,288,36,7,0,331,0,6,0,0,6,288,42,7,0,337,0,0,0,337
02/13/2015,MCI,MO,ACE,CE,Combined TRACON& Tower with Radar,288,42,14,8,352,0,0,0,0,0,288,42,14,8,352,0,0,0,352
02/14/2015,MCI,MO,ACE,CE,Combined TRACON& Tower with Radar,200,23,0,1,224,0,0,2,0,2,200,23,2,1,226,0,0,0,226
02/15/2015,MCI,MO,ACE,CE,Combined TRACON& Tower with Radar,210,35,3,0,248,0,0,0,0,0,210,35,3,0,248,0,0,0,248
02/16/2015,MCI,MO,ACE,CE,Combined TRACON& Tower with Radar,260,41,10,0,311,0,0,0,0,0,260,41,10,0,311,0,0,0,311
02/17/2015,MCI,MO,ACE,CE,Combined TRACON& Tower with Radar,266,43,7,0,316,0,0,1,0,1,266,43,8,0,317,0,0,0,317
02/18/2015,MCI,MO,ACE,CE,Combined TRACON& Tower with Radar,290,42,17,2,351,0,2,0,0,2,290,44,17,2,353,0,0,0,353
02/19/2015,MCI,MO,ACE,CE,Combined TRACON& Tower with Radar,288,49,8,4,349,0,0,0,0,0,288,49,8,4,349,0,0,0,349
02/20/2015,MCI,MO,ACE,CE,Combined TRACON& Tower with Radar,282,42,5,0,329,0,0,0,0,0,282,42,5,0,329,0,0,0,329
02/21/2015,MCI,MO,ACE,CE,Combined TRACON& Tower with Radar,187,29,0,0,216,0,0,0,0,0,187,29,0,0,216,0,0,0,216
02/22/2015,MCI,MO,ACE,CE,Combined TRACON& Tower with Radar,227,40,8,0,275,0,2,0,0,2,227,42,8,0,277,0,0,0,277
02/23/2015,MCI,MO,ACE,CE,Combined TRACON& Tower with Radar,262,48,9,4,323,0,0,0,0,0,262,48,9,4,323,0,0,0,323
02/24/2015,MCI,MO,ACE,CE,Combined TRACON& Tower with Radar,264,38,4,3,309,0,0,0,0,0,264,38,4,3,309,0,0,0,309
02/25/2015,MCI,MO,ACE,CE,Combined TRACON& Tower with Radar,262,39,11,4,316,0,0,2,0,2,262,39,13,4,318,0,0,0,318
02/26/2015,MCI,MO,ACE,CE,Combined TRACON& Tower with Radar,285,47,6,6,344,0,2,0,0,2,285,49,6,6,346,0,0,0,346
02/27/2015,MCI,MO,ACE,CE,Combined TRACON& Tower with Radar,278,41,9,1,329,0,0,2,0,2,278,41,11,1,331,0,0,0,331
02/28/2015,MCI,MO,ACE,CE,Combined TRACON& Tower with Radar,206,25,9,0,240,0,0,2,0,2,206,25,11,0,242,0,0,0,242
03/01/2015,MCI,MO,ACE,CE,Combined TRACON& Tower with Radar,234,36,1,0,271,0,0,0,0,0,234,36,1,0,271,0,0,0,271
03/02/2015,MCI,MO,ACE,CE,Combined TRACON& Tower with Radar,283,37,7,2,329,0,0,1,0,1,283,37,8,2,330,0,0,0,330
03/03/2015,MCI,MO,ACE,CE,Combined TRACON& Tower with Radar,275,46,6,0,327,0,0,0,0,0,275,46,6,0,327,0,0,0,327
03/04/2015,MCI,MO,ACE,CE,Combined TRACON& Tower with Radar,271,49,13,4,337,0,0,0,0,0,271,49,13,4,337,0,0,0,337
03/05/2015,MCI,MO,ACE,CE,Combined TRACON& Tower with Radar,254,52,13,0,319,0,0,5,0,5,254,52,18,0,324,0,0,0,324
03/06/2015,MCI,MO,ACE,CE,Combined TRACON& Tower with Radar,291,52,12,0,355,0,3,2,0,5,291,55,14,0,360,0,0,0,360
03/07/2015,MCI,MO,ACE,CE,Combined TRACON& Tower with Radar,224,34,4,0,262,0,0,1,0,1,224,34,5,0,263,0,0,0,263
03/08/2015,MCI,MO,ACE,CE,Combined TRACON& Tower with Radar,265,36,1,0,302,0,0,2,0,2,265,36,3,0,304,0,0,0,304
03/09/2015,MCI,MO,ACE,CE,Combined TRACON& Tower with Radar,292,42,10,0,344,0,0,4,0,4,292,42,14,0,348,0,0,0,348
03/10/2015,MCI,MO,ACE,CE,Combined TRACON& Tower with Radar,292,47,16,1,356,0,0,1,0,1,292,47,17,1,357,0,0,0,357
03/11/2015,MCI,MO,ACE,CE,Combined TRACON& Tower with Radar,284,44,14,1,343,0,2,3,0,5,284,46,17,1,348,0,0,0,348
03/12/2015,MCI,MO,ACE,CE,Combined TRACON& Tower with Radar,302,43,5,2,352,0,1,0,0,1,302,44,5,2,353,0,0,0,353
03/13/2015,MCI,MO,ACE,CE,Combined TRACON& Tower with Radar,301,38,12,9,360,0,2,2,6,10,301,40,14,15,370,0,0,0,370
03/14/2015,MCI,MO,ACE,CE,Combined TRACON& Tower with Radar,234,37,0,0,271,0,0,4,0,4,234,37,4,0,275,0,0,0,275
03/15/2015,MCI,MO,ACE,CE,Combined TRACON& Tower with Radar,261,38,2,0,301,0,0,0,0,0,261,38,2,0,301,0,0,0,301
03/16/2015,MCI,MO,ACE,CE,Combined TRACON& Tower with Radar,294,37,5,2,338,0,2,0,0,2,294,39,5,2,340,0,0,0,340
03/17/2015,MCI,MO,ACE,CE,Combined TRACON& Tower with Radar,290,40,3,0,333,0,0,1,0,1,290,40,4,0,334,0,0,0,334
03/18/2015,MCI,MO,ACE,CE,Combined TRACON& Tower with Radar,290,49,9,6,354,0,0,0,0,0,290,49,9,6,354,0,0,0,354
03/19/2015,MCI,MO,ACE,CE,Combined TRACON& Tower with Radar,301,42,11,0,354,0,0,1,0,1,301,42,12,0,355,0,0,0,355
03/20/2015,MCI,MO,ACE,CE,Combined TRACON& Tower with Radar,300,45,7,5,357,0,0,2,0,2,300,45,9,5,359,0,0,0,359
03/21/2015,MCI,MO,ACE,CE,Combined TRACON& Tower with Radar,230,35,2,0,267,0,0,3,0,3,230,35,5,0,270,0,0,0,270
03/22/2015,MCI,MO,ACE,CE,Combined TRACON& Tower with Radar,273,29,6,0,308,0,2,0,0,2,273,31,6,0,310,0,0,0,310
03/23/2015,MCI,MO,ACE,CE,Combined TRACON& Tower with Radar,285,35,11,0,331,0,2,2,0,4,285,37,13,0,335,0,0,0,335
03/24/2015,MCI,MO,ACE,CE,Combined TRACON& Tower with Radar,288,30,8,3,329,0,0,0,0,0,288,30,8,3,329,0,0,0,329
03/25/2015,MCI,MO,ACE,CE,Combined TRACON& Tower with Radar,297,47,9,1,354,0,0,0,0,0,297,47,9,1,354,0,0,0,354
03/26/2015,MCI,MO,ACE,CE,Combined TRACON& Tower with Radar,307,41,13,5,366,0,0,0,0,0,307,41,13,5,366,0,0,0,366
03/27/2015,MCI,MO,ACE,CE,Combined TRACON& Tower with Radar,297,40,16,0,353,0,2,7,0,9,297,42,23,0,362,0,0,0,362
03/28/2015,MCI,MO,ACE,CE,Combined TRACON& Tower with Radar,227,38,1,0,266,0,0,0,0,0,227,38,1,0,266,0,0,0,266
03/29/2015,MCI,MO,ACE,CE,Combined TRACON& Tower with Radar,264,42,2,0,308,0,4,2,0,6,264,46,4,0,314,0,0,0,314
03/30/2015,MCI,MO,ACE,CE,Combined TRACON& Tower with Radar,285,39,1,6,331,0,4,2,0,6,285,43,3,6,337,0,0,0,337
03/31/2015,MCI,MO,ACE,CE,Combined TRACON& Tower with Radar,302,43,4,3,352,0,8,4,0,12,302,51,8,3,364,0,0,0,364
04/01/2015,MCI,MO,ACE,CE,Combined TRACON& Tower with Radar,300,46,13,3,362,0,2,1,0,3,300,48,14,3,365,0,0,0,365
04/02/2015,MCI,MO,ACE,CE,Combined TRACON& Tower with Radar,301,48,11,4,364,0,1,0,0,1,301,49,11,4,365,0,0,0,365
04/03/2015,MCI,MO,ACE,CE,Combined TRACON& Tower with Radar,289,42,3,0,334,0,0,0,0,0,289,42,3,0,334,0,0,0,334
04/04/2015,MCI,MO,ACE,CE,Combined TRACON& Tower with Radar,217,21,0,0,238,0,0,4,0,4,217,21,4,0,242,0,0,0,242
04/05/2015,MCI,MO,ACE,CE,Combined TRACON& Tower with Radar,254,27,1,0,282,0,0,2,0,2,254,27,3,0,284,6,0,6,290
04/06/2015,MCI,MO,ACE,CE,Combined TRACON& Tower with Radar,293,41,3,12,349,0,0,0,0,0,293,41,3,12,349,0,0,0,349
04/07/2015,MCI,MO,ACE,CE,Combined TRACON& Tower with Radar,296,45,10,0,351,0,0,0,0,0,296,45,10,0,351,0,0,0,351
04/08/2015,MCI,MO,ACE,CE,Combined TRACON& Tower with Radar,299,44,4,0,347,0,0,0,0,0,299,44,4,0,347,0,0,0,347
04/09/2015,MCI,MO,ACE,CE,Combined TRACON& Tower with Radar,292,49,10,0,351,0,0,0,2,2,292,49,10,2,353,0,0,0,353
04/10/2015,MCI,MO,ACE,CE,Combined TRACON& Tower with Radar,303,50,9,6,368,0,0,2,0,2,303,50,11,6,370,0,0,0,370
04/11/2015,MCI,MO,ACE,CE,Combined TRACON& Tower with Radar,224,27,8,0,259,0,0,3,0,3,224,27,11,0,262,0,0,0,262
04/12/2015,MCI,MO,ACE,CE,Combined TRACON& Tower with Radar,278,35,1,0,314,0,0,1,0,1,278,35,2,0,315,0,0,0,315
04/13/2015,MCI,MO,ACE,CE,Combined TRACON& Tower with Radar,288,44,12,13,357,0,2,0,0,2,288,46,12,13,359,0,0,0,359
04/14/2015,MCI,MO,ACE,CE,Combined TRACON& Tower with Radar,302,38,14,2,356,0,3,1,0,4,302,41,15,2,360,0,0,0,360
04/15/2015,MCI,MO,ACE,CE,Combined TRACON& Tower with Radar,302,42,10,6,360,0,0,1,0,1,302,42,11,6,361,0,0,0,361
04/16/2015,MCI,MO,ACE,CE,Combined TRACON& Tower with Radar,302,37,5,0,344,0,4,1,0,5,302,41,6,0,349,0,0,0,349
04/17/2015,MCI,MO,ACE,CE,Combined TRACON& Tower with Radar,284,31,4,1,320,0,0,0,1,1,284,31,4,2,321,0,0,0,321
04/18/2015,MCI,MO,ACE,CE,Combined TRACON& Tower with Radar,220,29,0,0,249,0,0,0,0,0,220,29,0,0,249,0,0,0,249
04/19/2015,MCI,MO,ACE,CE,Combined TRACON& Tower with Radar,279,28,2,0,309,0,0,0,0,0,279,28,2,0,309,0,0,0,309
04/20/2015,MCI,MO,ACE,CE,Combined TRACON& Tower with Radar,292,37,5,0,334,0,3,0,0,3,292,40,5,0,337,0,0,0,337
04/21/2015,MCI,MO,ACE,CE,Combined TRACON& Tower with Radar,298,43,11,2,354,0,2,4,0,6,298,45,15,2,360,0,0,0,360
04/22/2015,MCI,MO,ACE,CE,Combined TRACON& Tower with Radar,305,42,4,2,353,0,0,4,0,4,305,42,8,2,357,0,0,0,357
04/23/2015,MCI,MO,ACE,CE,Combined TRACON& Tower with Radar,308,48,9,7,372,0,2,2,0,4,308,50,11,7,376,0,0,0,376
04/24/2015,MCI,MO,ACE,CE,Combined TRACON& Tower with Radar,295,43,8,0,346,0,0,0,0,0,295,43,8,0,346,0,0,0,346
04/25/2015,MCI,MO,ACE,CE,Combined TRACON& Tower with Radar,224,31,0,0,255,0,0,0,0,0,224,31,0,0,255,0,0,0,255
04/26/2015,MCI,MO,ACE,CE,Combined TRACON& Tower with Radar,270,25,0,0,295,0,0,0,0,0,270,25,0,0,295,0,0,0,295
04/27/2015,MCI,MO,ACE,CE,Combined TRACON& Tower with Radar,295,39,8,5,347,0,2,0,0,2,295,41,8,5,349,0,0,0,349
04/28/2015,MCI,MO,ACE,CE,Combined TRACON& Tower with Radar,300,31,6,0,337,0,4,3,0,7,300,35,9,0,344,0,0,0,344
04/29/2015,MCI,MO,ACE,CE,Combined TRACON& Tower with Radar,308,40,17,1,366,0,6,1,1,8,308,46,18,2,374,0,0,0,374
04/30/2015,MCI,MO,ACE,CE,Combined TRACON& Tower with Radar,304,42,12,0,358,0,2,3,0,5,304,44,15,0,363,0,0,0,363
05/01/2015,MCI,MO,ACE,CE,Combined TRACON& Tower with Radar,306,42,8,0,356,0,0,5,0,5,306,42,13,0,361,0,0,0,361
05/02/2015,MCI,MO,ACE,CE,Combined TRACON& Tower with Radar,222,25,2,0,249,0,0,2,0,2,222,25,4,0,251,0,0,0,251
05/03/2015,MCI,MO,ACE,CE,Combined TRACON& Tower with Radar,273,29,6,0,308,0,2,2,0,4,273,31,8,0,312,0,0,0,312
05/04/2015,MCI,MO,ACE,CE,Combined TRACON& Tower with Radar,292,32,14,0,338,0,0,0,0,0,292,32,14,0,338,0,0,0,338
05/05/2015,MCI,MO,ACE,CE,Combined TRACON& Tower with Radar,297,41,16,0,354,0,0,1,0,1,297,41,17,0,355,0,0,0,355
05/06/2015,MCI,MO,ACE,CE,Combined TRACON& Tower with Radar,305,44,11,0,360,0,0,0,0,0,305,44,11,0,360,0,0,0,360
05/07/2015,MCI,MO,ACE,CE,Combined TRACON& Tower with Radar,314,47,21,6,388,0,0,0,0,0,314,47,21,6,388,0,0,0,388
05/08/2015,MCI,MO,ACE,CE,Combined TRACON& Tower with Radar,312,48,7,1,368,0,0,1,0,1,312,48,8,1,369,0,0,0,369
05/09/2015,MCI,MO,ACE,CE,Combined TRACON& Tower with Radar,215,33,6,0,254,0,0,0,0,0,215,33,6,0,254,0,0,0,254
05/10/2015,MCI,MO,ACE,CE,Combined TRACON& Tower with Radar,258,28,9,0,295,0,0,0,0,0,258,28,9,0,295,0,0,0,295
05/11/2015,MCI,MO,ACE,CE,Combined TRACON& Tower with Radar,298,36,3,0,337,0,0,2,0,2,298,36,5,0,339,0,0,0,339
05/12/2015,MCI,MO,ACE,CE,Combined TRACON& Tower with Radar,308,43,12,4,367,0,2,3,0,5,308,45,15,4,372,0,0,0,372
05/13/2015,MCI,MO,ACE,CE,Combined TRACON& Tower with Radar,304,46,9,0,359,0,2,0,0,2,304,48,9,0,361,0,0,0,361
05/14/2015,MCI,MO,ACE,CE,Combined TRACON& Tower with Radar,309,52,8,2,371,0,0,0,0,0,309,52,8,2,371,0,0,0,371
05/15/2015,MCI,MO,ACE,CE,Combined TRACON& Tower with Radar,305,43,13,0,361,0,0,0,0,0,305,43,13,0,361,0,0,0,361
05/16/2015,MCI,MO,ACE,CE,Combined TRACON& Tower with Radar,217,26,4,2,249,0,0,0,0,0,217,26,4,2,249,0,0,0,249
05/17/2015,MCI,MO,ACE,CE,Combined TRACON& Tower with Radar,276,33,8,0,317,0,1,4,0,5,276,34,12,0,322,0,0,0,322
05/18/2015,MCI,MO,ACE,CE,Combined TRACON& Tower with Radar,298,42,5,7,352,0,0,3,0,3,298,42,8,7,355,0,0,0,355
05/19/2015,MCI,MO,ACE,CE,Combined TRACON& Tower with Radar,304,40,8,0,352,0,1,3,0,4,304,41,11,0,356,0,0,0,356
05/20/2015,MCI,MO,ACE,CE,Combined TRACON& Tower with Radar,310,44,8,0,362,0,0,1,0,1,310,44,9,0,363,0,0,0,363
05/21/2015,MCI,MO,ACE,CE,Combined TRACON& Tower with Radar,311,45,8,2,366,0,0,2,0,2,311,45,10,2,368,0,0,0,368
05/22/2015,MCI,MO,ACE,CE,Combined TRACON& Tower with Radar,306,40,9,0,355,0,0,1,0,1,306,40,10,0,356,0,0,0,356
05/23/2015,MCI,MO,ACE,CE,Combined TRACON& Tower with Radar,207,26,8,0,241,0,0,2,0,2,207,26,10,0,243,0,0,0,243
05/24/2015,MCI,MO,ACE,CE,Combined TRACON& Tower with Radar,222,18,0,0,240,0,0,0,0,0,222,18,0,0,240,0,0,0,240
05/25/2015,MCI,MO,ACE,CE,Combined TRACON& Tower with Radar,266,30,4,0,300,0,0,1,0,1,266,30,5,0,301,0,0,0,301
05/26/2015,MCI,MO,ACE,CE,Combined TRACON& Tower with Radar,304,43,13,5,365,0,0,0,0,0,304,43,13,5,365,0,0,0,365
05/27/2015,MCI,MO,ACE,CE,Combined TRACON& Tower with Radar,304,39,15,1,359,0,0,2,0,2,304,39,17,1,361,0,0,0,361
05/28/2015,MCI,MO,ACE,CE,Combined TRACON& Tower with Radar,307,40,10,5,362,0,2,0,0,2,307,42,10,5,364,0,0,0,364
05/29/2015,MCI,MO,ACE,CE,Combined TRACON& Tower with Radar,312,36,6,3,357,0,0,0,0,0,312,36,6,3,357,0,0,0,357
05/30/2015,MCI,MO,ACE,CE,Combined TRACON& Tower with Radar,224,26,2,0,252,0,0,0,0,0,224,26,2,0,252,0,0,0,252
05/31/2015,MCI,MO,ACE,CE,Combined TRACON& Tower with Radar,265,26,4,1,296,0,0,0,0,0,265,26,4,1,296,0,0,0,296
06/01/2015,MCI,MO,ACE,CE,Combined TRACON& Tower with Radar,298,28,15,1,342,0,0,0,0,0,298,28,15,1,342,0,0,0,342
06/02/2015,MCI,MO,ACE,CE,Combined TRACON& Tower with Radar,313,46,12,2,373,0,4,5,0,9,313,50,17,2,382,0,0,0,382
06/03/2015,MCI,MO,ACE,CE,Combined TRACON& Tower with Radar,302,46,12,0,360,0,2,2,0,4,302,48,14,0,364,0,0,0,364
06/04/2015,MCI,MO,ACE,CE,Combined TRACON& Tower with Radar,294,46,7,0,347,0,0,1,0,1,294,46,8,0,348,0,0,0,348
06/05/2015,MCI,MO,ACE,CE,Combined TRACON& Tower with Radar,310,41,15,1,367,0,0,2,0,2,310,41,17,1,369,0,0,0,369
06/06/2015,MCI,MO,ACE,CE,Combined TRACON& Tower with Radar,220,23,4,0,247,0,0,4,0,4,220,23,8,0,251,0,0,0,251
06/07/2015,MCI,MO,ACE,CE,Combined TRACON& Tower with Radar,279,34,6,2,321,0,0,4,0,4,279,34,10,2,325,0,0,0,325
06/08/2015,MCI,MO,ACE,CE,Combined TRACON& Tower with Radar,304,44,6,1,355,0,2,2,0,4,304,46,8,1,359,0,0,0,359
06/09/2015,MCI,MO,ACE,CE,Combined TRACON& Tower with Radar,305,47,5,2,359,0,0,6,2,8,305,47,11,4,367,0,0,0,367
06/10/2015,MCI,MO,ACE,CE,Combined TRACON& Tower with Radar,303,47,8,2,360,0,0,4,0,4,303,47,12,2,364,0,0,0,364
06/11/2015,MCI,MO,ACE,CE,Combined TRACON& Tower with Radar,304,57,2,13,376,0,1,2,0,3,304,58,4,13,379,0,0,0,379
06/12/2015,MCI,MO,ACE,CE,Combined TRACON& Tower with Radar,309,60,5,3,377,0,0,2,0,2,309,60,7,3,379,0,0,0,379
06/13/2015,MCI,MO,ACE,CE,Combined TRACON& Tower with Radar,256,28,8,0,292,0,0,0,0,0,256,28,8,0,292,0,0,0,292
06/14/2015,MCI,MO,ACE,CE,Combined TRACON& Tower with Radar,288,34,2,0,324,0,0,0,0,0,288,34,2,0,324,0,0,0,324
06/15/2015,MCI,MO,ACE,CE,Combined TRACON& Tower with Radar,298,37,3,9,347,0,0,1,0,1,298,37,4,9,348,0,0,0,348
06/16/2015,MCI,MO,ACE,CE,Combined TRACON& Tower with Radar,311,41,7,1,360,0,0,0,0,0,311,41,7,1,360,0,0,0,360
06/17/2015,MCI,MO,ACE,CE,Combined TRACON& Tower with Radar,316,40,4,0,360,0,0,0,0,0,316,40,4,0,360,0,0,0,360
06/18/2015,MCI,MO,ACE,CE,Combined TRACON& Tower with Radar,299,46,16,3,364,0,0,1,0,1,299,46,17,3,365,0,0,0,365
06/19/2015,MCI,MO,ACE,CE,Combined TRACON& Tower with Radar,307,44,5,0,356,0,0,1,1,2,307,44,6,1,358,0,0,0,358
06/20/2015,MCI,MO,ACE,CE,Combined TRACON& Tower with Radar,253,28,2,0,283,0,0,2,0,2,253,28,4,0,285,0,0,0,285
06/21/2015,MCI,MO,ACE,CE,Combined TRACON& Tower with Radar,266,32,6,0,304,0,0,3,0,3,266,32,9,0,307,0,0,0,307
06/22/2015,MCI,MO,ACE,CE,Combined TRACON& Tower with Radar,298,43,6,0,347,0,1,1,0,2,298,44,7,0,349,0,0,0,349
06/23/2015,MCI,MO,ACE,CE,Combined TRACON& Tower with Radar,311,43,4,0,358,0,2,0,0,2,311,45,4,0,360,0,0,0,360
06/24/2015,MCI,MO,ACE,CE,Combined TRACON& Tower with Radar,309,39,20,2,370,0,0,3,2,5,309,39,23,4,375,0,0,0,375
06/25/2015,MCI,MO,ACE,CE,Combined TRACON& Tower with Radar,319,41,7,3,370,0,2,0,0,2,319,43,7,3,372,0,0,0,372
06/26/2015,MCI,MO,ACE,CE,Combined TRACON& Tower with Radar,302,48,7,2,359,0,1,2,0,3,302,49,9,2,362,0,0,0,362
06/27/2015,MCI,MO,ACE,CE,Combined TRACON& Tower with Radar,242,28,8,0,278,0,0,3,0,3,242,28,11,0,281,0,0,0,281
06/28/2015,MCI,MO,ACE,CE,Combined TRACON& Tower with Radar,291,29,2,0,322,0,0,2,0,2,291,29,4,0,324,0,0,0,324
06/29/2015,MCI,MO,ACE,CE,Combined TRACON& Tower with Radar,299,36,15,0,350,0,0,4,0,4,299,36,19,0,354,0,0,0,354
06/30/2015,MCI,MO,ACE,CE,Combined TRACON& Tower with Radar,292,28,9,2,331,0,2,4,0,6,292,30,13,2,337,0,0,0,337
07/01/2015,MCI,MO,ACE,CE,Combined TRACON& Tower with Radar,305,24,11,3,343,0,0,0,0,0,305,24,11,3,343,0,0,0,343
07/02/2015,MCI,MO,ACE,CE,Combined TRACON& Tower with Radar,306,27,14,0,347,0,0,0,0,0,306,27,14,0,347,0,0,0,347
07/03/2015,MCI,MO,ACE,CE,Combined TRACON& Tower with Radar,278,31,7,2,318,0,0,2,0,2,278,31,9,2,320,0,0,0,320
07/04/2015,MCI,MO,ACE,CE,Combined TRACON& Tower with Radar,197,26,0,0,223,0,2,0,0,2,197,28,0,0,225,0,0,0,225
07/05/2015,MCI,MO,ACE,CE,Combined TRACON& Tower with Radar,268,28,6,0,302,0,0,1,0,1,268,28,7,0,303,0,0,0,303
07/06/2015,MCI,MO,ACE,CE,Combined TRACON& Tower with Radar,296,24,6,0,326,0,0,5,0,5,296,24,11,0,331,0,0,0,331
07/07/2015,MCI,MO,ACE,CE,Combined TRACON& Tower with Radar,325,38,7,8,378,0,0,0,0,0,325,38,7,8,378,0,0,0,378
07/08/2015,MCI,MO,ACE,CE,Combined TRACON& Tower with Radar,316,21,12,0,349,0,0,1,0,1,316,21,13,0,350,0,0,0,350
07/09/2015,MCI,MO,ACE,CE,Combined TRACON& Tower with Radar,311,31,7,2,351,0,2,3,0,5,311,33,10,2,356,0,0,0,356
07/10/2015,MCI,MO,ACE,CE,Combined TRACON& Tower with Radar,322,31,5,0,358,0,0,0,0,0,322,31,5,0,358,0,0,0,358
07/11/2015,MCI,MO,ACE,CE,Combined TRACON& Tower with Radar,253,23,0,0,276,0,2,0,0,2,253,25,0,0,278,0,0,0,278
07/12/2015,MCI,MO,ACE,CE,Combined TRACON& Tower with Radar,287,30,6,2,325,0,0,2,0,2,287,30,8,2,327,0,0,0,327
07/13/2015,MCI,MO,ACE,CE,Combined TRACON& Tower with Radar,312,23,11,4,350,0,4,1,1,6,312,27,12,5,356,0,0,0,356
07/14/2015,MCI,MO,ACE,CE,Combined TRACON& Tower with Radar,313,33,11,2,359,0,4,0,0,4,313,37,11,2,363,0,0,0,363
07/15/2015,MCI,MO,ACE,CE,Combined TRACON& Tower with Radar,318,32,9,1,360,0,0,0,0,0,318,32,9,1,360,0,0,0,360
07/16/2015,MCI,MO,ACE,CE,Combined TRACON& Tower with Radar,316,29,15,1,361,0,0,5,0,5,316,29,20,1,366,0,0,0,366
07/17/2015,MCI,MO,ACE,CE,Combined TRACON& Tower with Radar,323,29,8,7,367,0,2,3,0,5,323,31,11,7,372,0,0,0,372
07/18/2015,MCI,MO,ACE,CE,Combined TRACON& Tower with Radar,244,25,3,0,272,0,2,0,0,2,244,27,3,0,274,0,0,0,274
07/19/2015,MCI,MO,ACE,CE,Combined TRACON& Tower with Radar,292,28,0,1,321,0,0,1,0,1,292,28,1,1,322,0,0,0,322
07/20/2015,MCI,MO,ACE,CE,Combined TRACON& Tower with Radar,315,28,10,2,355,0,0,2,0,2,315,28,12,2,357,0,0,0,357
07/21/2015,MCI,MO,ACE,CE,Combined TRACON& Tower with Radar,320,26,7,6,359,0,0,1,0,1,320,26,8,6,360,0,0,0,360
07/22/2015,MCI,MO,ACE,CE,Combined TRACON& Tower with Radar,319,25,6,6,356,0,0,0,0,0,319,25,6,6,356,0,0,0,356
07/23/2015,MCI,MO,ACE,CE,Combined TRACON& Tower with Radar,312,24,5,5,346,0,2,3,0,5,312,26,8,5,351,0,0,0,351
07/24/2015,MCI,MO,ACE,CE,Combined TRACON& Tower with Radar,317,32,10,0,359,0,0,5,0,5,317,32,15,0,364,0,0,0,364
07/25/2015,MCI,MO,ACE,CE,Combined TRACON& Tower with Radar,248,24,6,0,278,0,0,0,0,0,248,24,6,0,278,0,0,0,278
07/26/2015,MCI,MO,ACE,CE,Combined TRACON& Tower with Radar,291,29,2,0,322,0,0,1,0,1,291,29,3,0,323,0,0,0,323
07/27/2015,MCI,MO,ACE,CE,Combined TRACON& Tower with Radar,303,27,6,2,338,0,0,2,0,2,303,27,8,2,340,0,0,0,340
07/28/2015,MCI,MO,ACE,CE,Combined TRACON& Tower with Radar,311,29,4,12,356,0,0,1,0,1,311,29,5,12,357,0,0,0,357
07/29/2015,MCI,MO,ACE,CE,Combined TRACON& Tower with Radar,325,29,9,2,365,0,0,6,0,6,325,29,15,2,371,0,0,0,371
07/30/2015,MCI,MO,ACE,CE,Combined TRACON& Tower with Radar,302,30,3,0,335,0,0,1,0,1,302,30,4,0,336,0,0,0,336
07/31/2015,MCI,MO,ACE,CE,Combined TRACON& Tower with Radar,314,30,10,0,354,0,0,2,2,4,314,30,12,2,358,0,0,0,358
08/01/2015,MCI,MO,ACE,CE,Combined TRACON& Tower with Radar,230,29,4,0,263,0,0,5,0,5,230,29,9,0,268,0,0,0,268
08/02/2015,MCI,MO,ACE,CE,Combined TRACON& Tower with Radar,296,26,3,2,327,0,0,6,0,6,296,26,9,2,333,0,0,0,333
08/03/2015,MCI,MO,ACE,CE,Combined TRACON& Tower with Radar,305,36,7,0,348,0,0,6,0,6,305,36,13,0,354,0,0,0,354
08/04/2015,MCI,MO,ACE,CE,Combined TRACON& Tower with Radar,313,36,17,0,366,0,4,2,0,6,313,40,19,0,372,0,0,0,372
08/05/2015,MCI,MO,ACE,CE,Combined TRACON& Tower with Radar,323,34,7,7,371,0,0,0,0,0,323,34,7,7,371,0,0,0,371
08/06/2015,MCI,MO,ACE,CE,Combined TRACON& Tower with Radar,327,38,15,0,380,0,2,1,0,3,327,40,16,0,383,0,0,0,383
08/07/2015,MCI,MO,ACE,CE,Combined TRACON& Tower with Radar,308,39,14,3,364,0,0,1,0,1,308,39,15,3,365,0,0,0,365
08/08/2015,MCI,MO,ACE,CE,Combined TRACON& Tower with Radar,248,30,4,0,282,0,0,0,0,0,248,30,4,0,282,0,0,0,282
08/09/2015,MCI,MO,ACE,CE,Combined TRACON& Tower with Radar,278,24,3,0,305,0,0,0,0,0,278,24,3,0,305,0,0,0,305
08/10/2015,MCI,MO,ACE,CE,Combined TRACON& Tower with Radar,302,36,5,2,345,0,2,2,0,4,302,38,7,2,349,0,0,0,349
08/11/2015,MCI,MO,ACE,CE,Combined TRACON& Tower with Radar,300,38,9,3,350,0,2,1,0,3,300,40,10,3,353,0,0,0,353
08/12/2015,MCI,MO,ACE,CE,Combined TRACON& Tower with Radar,308,37,7,10,362,0,0,2,0,2,308,37,9,10,364,0,0,0,364
08/13/2015,MCI,MO,ACE,CE,Combined TRACON& Tower with Radar,296,38,8,2,344,0,2,0,0,2,296,40,8,2,346,0,0,0,346
08/14/2015,MCI,MO,ACE,CE,Combined TRACON& Tower with Radar,301,28,12,2,343,0,0,3,0,3,301,28,15,2,346,0,0,0,346
08/15/2015,MCI,MO,ACE,CE,Combined TRACON& Tower with Radar,193,31,3,0,227,0,0,2,0,2,193,31,5,0,229,0,0,0,229
08/16/2015,MCI,MO,ACE,CE,Combined TRACON& Tower with Radar,281,26,8,0,315,0,0,3,0,3,281,26,11,0,318,0,0,0,318
08/17/2015,MCI,MO,ACE,CE,Combined TRACON& Tower with Radar,283,34,11,2,330,0,0,1,0,1,283,34,12,2,331,0,0,0,331
08/18/2015,MCI,MO,ACE,CE,Combined TRACON& Tower with Radar,304,31,12,2,349,0,0,0,0,0,304,31,12,2,349,0,0,0,349
08/19/2015,MCI,MO,ACE,CE,Combined TRACON& Tower with Radar,302,30,9,8,349,0,2,0,0,2,302,32,9,8,351,0,0,0,351
08/20/2015,MCI,MO,ACE,CE,Combined TRACON& Tower with Radar,305,32,26,0,363,0,2,6,0,8,305,34,32,0,371,0,0,0,371
08/21/2015,MCI,MO,ACE,CE,Combined TRACON& Tower with Radar,316,38,20,0,374,0,0,6,0,6,316,38,26,0,380,0,0,0,380
08/22/2015,MCI,MO,ACE,CE,Combined TRACON& Tower with Radar,202,36,9,0,247,0,2,1,0,3,202,38,10,0,250,0,0,0,250
08/23/2015,MCI,MO,ACE,CE,Combined TRACON& Tower with Radar,282,36,11,0,329,0,0,4,0,4,282,36,15,0,333,0,0,0,333
08/24/2015,MCI,MO,ACE,CE,Combined TRACON& Tower with Radar,303,27,11,2,343,0,0,4,0,4,303,27,15,2,347,0,0,0,347
08/25/2015,MCI,MO,ACE,CE,Combined TRACON& Tower with Radar,299,36,11,5,351,0,0,2,2,4,299,36,13,7,355,0,0,0,355
08/26/2015,MCI,MO,ACE,CE,Combined TRACON& Tower with Radar,293,52,16,0,361,0,0,0,1,1,293,52,16,1,362,0,0,0,362
08/27/2015,MCI,MO,ACE,CE,Combined TRACON& Tower with Radar,307,54,8,2,371,0,0,2,0,2,307,54,10,2,373,0,0,0,373
08/28/2015,MCI,MO,ACE,CE,Combined TRACON& Tower with Radar,311,28,9,2,350,0,0,3,4,7,311,28,12,6,357,0,0,0,357
08/29/2015,MCI,MO,ACE,CE,Combined TRACON& Tower with Radar,198,23,3,0,224,0,0,2,0,2,198,23,5,0,226,0,0,0,226
08/30/2015,MCI,MO,ACE,CE,Combined TRACON& Tower with Radar,273,26,5,0,304,0,0,2,0,2,273,26,7,0,306,0,0,0,306
08/31/2015,MCI,MO,ACE,CE,Combined TRACON& Tower with Radar,302,33,5,1,341,0,1,0,0,1,302,34,5,1,342,0,0,0,342
09/01/2015,MCI,MO,ACE,CE,Combined TRACON& Tower with Radar,307,44,7,0,358,0,3,3,2,8,307,47,10,2,366,0,0,0,366
09/02/2015,MCI,MO,ACE,CE,Combined TRACON& Tower with Radar,306,32,14,4,356,0,4,2,0,6,306,36,16,4,362,0,0,0,362
09/03/2015,MCI,MO,ACE,CE,Combined TRACON& Tower with Radar,313,36,9,2,360,0,2,10,4,16,313,38,19,6,376,0,0,0,376
09/04/2015,MCI,MO,ACE,CE,Combined TRACON& Tower with Radar,306,27,6,0,339,0,0,4,0,4,306,27,10,0,343,0,0,0,343
09/05/2015,MCI,MO,ACE,CE,Combined TRACON& Tower with Radar,182,22,3,0,207,0,0,0,0,0,182,22,3,0,207,0,0,0,207
09/06/2015,MCI,MO,ACE,CE,Combined TRACON& Tower with Radar,207,15,2,0,224,0,0,0,0,0,207,15,2,0,224,0,0,0,224
09/07/2015,MCI,MO,ACE,CE,Combined TRACON& Tower with Radar,279,22,2,0,303,0,0,0,0,0,279,22,2,0,303,0,0,0,303
09/08/2015,MCI,MO,ACE,CE,Combined TRACON& Tower with Radar,301,32,5,3,341,0,0,0,0,0,301,32,5,3,341,0,0,0,341
09/09/2015,MCI,MO,ACE,CE,Combined TRACON& Tower with Radar,303,25,24,1,353,0,2,4,0,6,303,27,28,1,359,0,0,0,359
09/10/2015,MCI,MO,ACE,CE,Combined TRACON& Tower with Radar,285,17,16,6,324,0,2,1,0,3,285,19,17,6,327,0,0,0,327
09/11/2015,MCI,MO,ACE,CE,Combined TRACON& Tower with Radar,323,24,10,0,357,0,2,8,0,10,323,26,18,0,367,0,0,0,367
09/12/2015,MCI,MO,ACE,CE,Combined TRACON& Tower with Radar,199,14,6,4,223,0,0,4,0,4,199,14,10,4,227,0,0,0,227
09/13/2015,MCI,MO,ACE,CE,Combined TRACON& Tower with Radar,280,20,4,0,304,0,0,7,0,7,280,20,11,0,311,0,0,0,311
09/14/2015,MCI,MO,ACE,CE,Combined TRACON& Tower with Radar,305,25,16,6,352,0,0,3,0,3,305,25,19,6,355,0,0,0,355
09/15/2015,MCI,MO,ACE,CE,Combined TRACON& Tower with Radar,299,24,16,7,346,0,6,1,0,7,299,30,17,7,353,0,0,0,353
09/16/2015,MCI,MO,ACE,CE,Combined TRACON& Tower with Radar,300,27,10,4,341,0,0,0,3,3,300,27,10,7,344,0,0,0,344
09/17/2015,MCI,MO,ACE,CE,Combined TRACON& Tower with Radar,309,30,11,15,365,0,0,0,0,0,309,30,11,15,365,0,0,0,365
09/18/2015,MCI,MO,ACE,CE,Combined TRACON& Tower with Radar,310,19,11,0,340,0,0,0,0,0,310,19,11,0,340,0,0,0,340
09/19/2015,MCI,MO,ACE,CE,Combined TRACON& Tower with Radar,198,9,8,0,215,0,0,2,0,2,198,9,10,0,217,0,0,0,217
09/20/2015,MCI,MO,ACE,CE,Combined TRACON& Tower with Radar,290,22,10,2,324,0,0,0,0,0,290,22,10,2,324,0,0,0,324
09/21/2015,MCI,MO,ACE,CE,Combined TRACON& Tower with Radar,307,20,6,3,336,0,2,1,0,3,307,22,7,3,339,0,0,0,339
09/22/2015,MCI,MO,ACE,CE,Combined TRACON& Tower with Radar,282,31,9,9,331,0,0,4,0,4,282,31,13,9,335,0,0,0,335
09/23/2015,MCI,MO,ACE,CE,Combined TRACON& Tower with Radar,307,21,19,17,364,0,0,0,0,0,307,21,19,17,364,0,0,0,364
09/24/2015,MCI,MO,ACE,CE,Combined TRACON& Tower with Radar,311,57,12,5,385,0,0,1,0,1,311,57,13,5,386,0,0,0,386
09/25/2015,MCI,MO,ACE,CE,Combined TRACON& Tower with Radar,317,22,19,0,358,0,0,1,0,1,317,22,20,0,359,0,0,0,359
09/26/2015,MCI,MO,ACE,CE,Combined TRACON& Tower with Radar,206,16,4,0,226,0,0,5,0,5,206,16,9,0,231,0,0,0,231
09/27/2015,MCI,MO,ACE,CE,Combined TRACON& Tower with Radar,283,19,11,0,313,0,0,4,0,4,283,19,15,0,317,0,0,0,317
09/28/2015,MCI,MO,ACE,CE,Combined TRACON& Tower with Radar,305,23,5,0,333,0,4,11,0,15,305,27,16,0,348,0,0,0,348
09/29/2015,MCI,MO,ACE,CE,Combined TRACON& Tower with Radar,308,30,3,0,341,0,0,0,0,0,308,30,3,0,341,0,0,0,341
09/30/2015,MCI,MO,ACE,CE,Combined TRACON& Tower with Radar,317,32,9,0,358,0,0,2,0,2,317,32,11,0,360,0,0,0,360
10/01/2015,MCI,MO,ACE,CE,Combined TRACON& Tower with Radar,314,31,8,0,353,0,4,0,0,4,314,35,8,0,357,0,0,0,357
10/02/2015,MCI,MO,ACE,CE,Combined TRACON& Tower with Radar,308,22,2,0,332,0,0,1,0,1,308,22,3,0,333,0,0,0,333
10/03/2015,MCI,MO,ACE,CE,Combined TRACON& Tower with Radar,199,21,7,0,227,0,0,6,0,6,199,21,13,0,233,0,0,0,233
10/04/2015,MCI,MO,ACE,CE,Combined TRACON& Tower with Radar,282,23,6,0,311,0,0,0,0,0,282,23,6,0,311,0,0,0,311
10/05/2015,MCI,MO,ACE,CE,Combined TRACON& Tower with Radar,305,27,6,0,338,0,0,0,0,0,305,27,6,0,338,0,0,0,338
10/06/2015,MCI,MO,ACE,CE,Combined TRACON& Tower with Radar,310,29,10,4,353,0,2,2,0,4,310,31,12,4,357,0,0,0,357
10/07/2015,MCI,MO,ACE,CE,Combined TRACON& Tower with Radar,320,24,6,0,350,0,4,0,0,4,320,28,6,0,354,0,0,0,354
10/08/2015,MCI,MO,ACE,CE,Combined TRACON& Tower with Radar,302,27,18,0,347,0,0,0,0,0,302,27,18,0,347,0,0,0,347
10/09/2015,MCI,MO,ACE,CE,Combined TRACON& Tower with Radar,309,26,10,0,345,0,0,2,0,2,309,26,12,0,347,0,0,0,347
10/10/2015,MCI,MO,ACE,CE,Combined TRACON& Tower with Radar,198,19,3,4,224,0,0,6,0,6,198,19,9,4,230,0,0,0,230
10/11/2015,MCI,MO,ACE,CE,Combined TRACON& Tower with Radar,283,23,6,2,314,0,0,0,0,0,283,23,6,2,314,0,0,0,314
10/12/2015,MCI,MO,ACE,CE,Combined TRACON& Tower with Radar,310,26,8,0,344,0,0,2,0,2,310,26,10,0,346,0,0,0,346
10/13/2015,MCI,MO,ACE,CE,Combined TRACON& Tower with Radar,302,30,12,2,346,0,4,2,0,6,302,34,14,2,352,0,0,0,352
10/14/2015,MCI,MO,ACE,CE,Combined TRACON& Tower with Radar,315,24,15,3,357,0,2,1,1,4,315,26,16,4,361,0,0,0,361
10/15/2015,MCI,MO,ACE,CE,Combined TRACON& Tower with Radar,315,31,22,2,370,0,2,2,1,5,315,33,24,3,375,0,0,0,375
10/16/2015,MCI,MO,ACE,CE,Combined TRACON& Tower with Radar,311,29,13,3,356,0,0,1,1,2,311,29,14,4,358,0,0,0,358
10/17/2015,MCI,MO,ACE,CE,Combined TRACON& Tower with Radar,200,22,10,0,232,0,2,1,0,3,200,24,11,0,235,0,0,0,235
10/18/2015,MCI,MO,ACE,CE,Combined TRACON& Tower with Radar,290,27,19,0,336,0,0,0,0,0,290,27,19,0,336,0,0,0,336
10/19/2015,MCI,MO,ACE,CE,Combined TRACON& Tower with Radar,308,24,14,2,348,0,0,0,0,0,308,24,14,2,348,0,0,0,348
10/20/2015,MCI,MO,ACE,CE,Combined TRACON& Tower with Radar,302,31,3,8,344,0,2,1,1,4,302,33,4,9,348,0,0,0,348
10/21/2015,MCI,MO,ACE,CE,Combined TRACON& Tower with Radar,309,25,17,15,366,0,2,3,0,5,309,27,20,15,371,0,0,0,371
10/22/2015,MCI,MO,ACE,CE,Combined TRACON& Tower with Radar,311,32,12,1,356,0,0,2,1,3,311,32,14,2,359,0,0,0,359
10/23/2015,MCI,MO,ACE,CE,Combined TRACON& Tower with Radar,291,39,11,2,343,0,1,0,0,1,291,40,11,2,344,0,0,0,344
10/24/2015,MCI,MO,ACE,CE,Combined TRACON& Tower with Radar,204,24,5,0,233,0,0,0,0,0,204,24,5,0,233,0,0,0,233
10/25/2015,MCI,MO,ACE,CE,Combined TRACON& Tower with Radar,284,20,8,0,312,0,0,7,0,7,284,20,15,0,319,0,0,0,319
10/26/2015,MCI,MO,ACE,CE,Combined TRACON& Tower with Radar,304,30,9,6,349,0,2,2,0,4,304,32,11,6,353,0,0,0,353
10/27/2015,MCI,MO,ACE,CE,Combined TRACON& Tower with Radar,312,33,7,10,362,0,0,0,0,0,312,33,7,10,362,0,0,0,362
10/28/2015,MCI,MO,ACE,CE,Combined TRACON& Tower with Radar,302,38,15,17,372,0,2,0,7,9,302,40,15,24,381,0,0,0,381
10/29/2015,MCI,MO,ACE,CE,Combined TRACON& Tower with Radar,326,32,19,0,377,0,2,2,0,4,326,34,21,0,381,0,0,0,381
10/30/2015,MCI,MO,ACE,CE,Combined TRACON& Tower with Radar,299,40,9,0,348,0,0,0,0,0,299,40,9,0,348,0,0,0,348
10/31/2015,MCI,MO,ACE,CE,Combined TRACON& Tower with Radar,182,21,3,0,206,0,0,0,0,0,182,21,3,0,206,0,0,0,206
11/01/2015,MCI,MO,ACE,CE,Combined TRACON& Tower with Radar,269,26,0,0,295,0,0,0,0,0,269,26,0,0,295,0,0,0,295
11/02/2015,MCI,MO,ACE,CE,Combined TRACON& Tower with Radar,305,31,13,2,351,0,1,4,0,5,305,32,17,2,356,0,0,0,356
11/03/2015,MCI,MO,ACE,CE,Combined TRACON& Tower with Radar,302,27,8,2,339,0,0,0,0,0,302,27,8,2,339,0,0,0,339
11/04/2015,MCI,MO,ACE,CE,Combined TRACON& Tower with Radar,301,34,14,3,352,0,0,0,0,0,301,34,14,3,352,0,0,0,352
11/05/2015,MCI,MO,ACE,CE,Combined TRACON& Tower with Radar,307,34,12,3,356,0,0,4,0,4,307,34,16,3,360,0,0,0,360
11/06/2015,MCI,MO,ACE,CE,Combined TRACON& Tower with Radar,307,36,13,3,359,0,0,2,0,2,307,36,15,3,361,0,0,0,361
11/07/2015,MCI,MO,ACE,CE,Combined TRACON& Tower with Radar,210,22,4,2,238,0,2,4,1,7,210,24,8,3,245,0,0,0,245
11/08/2015,MCI,MO,ACE,CE,Combined TRACON& Tower with Radar,262,28,6,0,296,0,0,5,0,5,262,28,11,0,301,0,0,0,301
11/09/2015,MCI,MO,ACE,CE,Combined TRACON& Tower with Radar,296,29,11,0,336,0,0,5,0,5,296,29,16,0,341,0,0,0,341
11/10/2015,MCI,MO,ACE,CE,Combined TRACON& Tower with Radar,294,30,4,0,328,0,0,2,0,2,294,30,6,0,330,0,0,0,330
11/11/2015,MCI,MO,ACE,CE,Combined TRACON& Tower with Radar,315,39,22,0,376,0,0,1,0,1,315,39,23,0,377,0,0,0,377
11/12/2015,MCI,MO,ACE,CE,Combined TRACON& Tower with Radar,309,36,17,2,364,0,2,2,0,4,309,38,19,2,368,0,0,0,368
11/13/2015,MCI,MO,ACE,CE,Combined TRACON& Tower with Radar,312,41,7,2,362,0,0,5,0,5,312,41,12,2,367,0,0,0,367
11/14/2015,MCI,MO,ACE,CE,Combined TRACON& Tower with Radar,210,20,4,2,236,0,0,1,0,1,210,20,5,2,237,0,0,0,237
11/15/2015,MCI,MO,ACE,CE,Combined TRACON& Tower with Radar,271,31,2,0,304,0,0,3,0,3,271,31,5,0,307,0,0,0,307
11/16/2015,MCI,MO,ACE,CE,Combined TRACON& Tower with Radar,304,28,7,5,344,0,0,0,0,0,304,28,7,5,344,0,0,0,344
11/17/2015,MCI,MO,ACE,CE,Combined TRACON& Tower with Radar,291,28,6,3,328,0,0,0,0,0,291,28,6,3,328,0,0,0,328
11/18/2015,MCI,MO,ACE,CE,Combined TRACON& Tower with Radar,292,37,13,11,353,0,0,1,0,1,292,37,14,11,354,0,0,0,354
11/19/2015,MCI,MO,ACE,CE,Combined TRACON& Tower with Radar,313,35,16,2,366,0,2,0,0,2,313,37,16,2,368,0,0,0,368
11/20/2015,MCI,MO,ACE,CE,Combined TRACON& Tower with Radar,315,33,8,2,358,0,0,2,0,2,315,33,10,2,360,0,0,0,360
11/21/2015,MCI,MO,ACE,CE,Combined TRACON& Tower with Radar,199,16,0,0,215,0,0,0,0,0,199,16,0,0,215,0,0,0,215
11/22/2015,MCI,MO,ACE,CE,Combined TRACON& Tower with Radar,267,23,0,0,290,0,2,2,0,4,267,25,2,0,294,0,0,0,294
11/23/2015,MCI,MO,ACE,CE,Combined TRACON& Tower with Radar,286,24,5,2,317,0,2,2,2,6,286,26,7,4,323,0,0,0,323
11/24/2015,MCI,MO,ACE,CE,Combined TRACON& Tower with Radar,315,38,6,4,363,0,0,4,0,4,315,38,10,4,367,0,0,0,367
11/25/2015,MCI,MO,ACE,CE,Combined TRACON& Tower with Radar,324,34,8,1,367,0,0,0,0,0,324,34,8,1,367,0,0,0,367
11/26/2015,MCI,MO,ACE,CE,Combined TRACON& Tower with Radar,171,24,0,0,195,0,0,0,0,0,171,24,0,0,195,0,0,0,195
11/27/2015,MCI,MO,ACE,CE,Combined TRACON& Tower with Radar,230,16,0,0,246,0,0,0,0,0,230,16,0,0,246,0,0,0,246
11/28/2015,MCI,MO,ACE,CE,Combined TRACON& Tower with Radar,282,31,0,4,317,0,0,0,0,0,282,31,0,4,317,0,0,0,317
11/29/2015,MCI,MO,ACE,CE,Combined TRACON& Tower with Radar,326,28,3,0,357,0,0,0,0,0,326,28,3,0,357,0,0,0,357
11/30/2015,MCI,MO,ACE,CE,Combined TRACON& Tower with Radar,341,27,8,6,382,0,0,0,0,0,341,27,8,6,382,0,0,0,382
12/01/2015,MCI,MO,ACE,CE,Combined TRACON& Tower with Radar,299,28,6,3,336,0,0,0,0,0,299,28,6,3,336,0,0,0,336
12/02/2015,MCI,MO,ACE,CE,Combined TRACON& Tower with Radar,306,25,14,12,357,0,0,0,0,0,306,25,14,12,357,0,0,0,357
12/03/2015,MCI,MO,ACE,CE,Combined TRACON& Tower with Radar,305,21,11,3,340,0,4,0,0,4,305,25,11,3,344,0,0,0,344
12/04/2015,MCI,MO,ACE,CE,Combined TRACON& Tower with Radar,306,28,11,2,347,0,2,2,0,4,306,30,13,2,351,0,0,0,351
12/05/2015,MCI,MO,ACE,CE,Combined TRACON& Tower with Radar,200,17,5,0,222,0,0,7,0,7,200,17,12,0,229,0,0,0,229
12/06/2015,MCI,MO,ACE,CE,Combined TRACON& Tower with Radar,271,13,4,0,288,0,0,2,0,2,271,13,6,0,290,0,0,0,290
12/07/2015,MCI,MO,ACE,CE,Combined TRACON& Tower with Radar,296,22,9,8,335,0,0,2,0,2,296,22,11,8,337,0,0,0,337
12/08/2015,MCI,MO,ACE,CE,Combined TRACON& Tower with Radar,303,26,4,0,333,0,1,2,0,3,303,27,6,0,336,0,0,0,336
12/09/2015,MCI,MO,ACE,CE,Combined TRACON& Tower with Radar,309,25,16,2,352,0,1,2,1,4,309,26,18,3,356,0,0,0,356
12/10/2015,MCI,MO,ACE,CE,Combined TRACON& Tower with Radar,310,33,8,0,351,0,0,1,0,1,310,33,9,0,352,0,0,0,352
12/11/2015,MCI,MO,ACE,CE,Combined TRACON& Tower with Radar,306,23,9,1,339,0,0,2,0,2,306,23,11,1,341,0,0,0,341
12/12/2015,MCI,MO,ACE,CE,Combined TRACON& Tower with Radar,197,18,3,3,221,0,0,0,0,0,197,18,3,3,221,0,0,0,221
12/13/2015,MCI,MO,ACE,CE,Combined TRACON& Tower with Radar,268,13,1,3,285,0,0,0,0,0,268,13,1,3,285,0,0,0,285
12/14/2015,MCI,MO,ACE,CE,Combined TRACON& Tower with Radar,290,21,6,2,319,0,0,0,0,0,290,21,6,2,319,0,0,0,319
12/15/2015,MCI,MO,ACE,CE,Combined TRACON& Tower with Radar,300,40,14,4,358,0,3,0,0,3,300,43,14,4,361,0,0,0,361
12/16/2015,MCI,MO,ACE,CE,Combined TRACON& Tower with Radar,319,46,11,4,380,0,0,0,0,0,319,46,11,4,380,0,0,0,380
12/17/2015,MCI,MO,ACE,CE,Combined TRACON& Tower with Radar,305,44,8,2,359,0,0,2,2,4,305,44,10,4,363,0,0,0,363
12/18/2015,MCI,MO,ACE,CE,Combined TRACON& Tower with Radar,293,55,3,1,352,0,1,4,0,5,293,56,7,1,357,0,0,0,357
12/19/2015,MCI,MO,ACE,CE,Combined TRACON& Tower with Radar,239,25,0,2,266,0,0,0,0,0,239,25,0,2,266,0,0,0,266
12/20/2015,MCI,MO,ACE,CE,Combined TRACON& Tower with Radar,272,30,0,0,302,0,0,0,0,0,272,30,0,0,302,0,0,0,302
12/21/2015,MCI,MO,ACE,CE,Combined TRACON& Tower with Radar,292,35,2,0,329,0,0,0,0,0,292,35,2,0,329,0,0,0,329
12/22/2015,MCI,MO,ACE,CE,Combined TRACON& Tower with Radar,300,30,12,0,342,0,0,0,0,0,300,30,12,0,342,0,0,0,342
12/23/2015,MCI,MO,ACE,CE,Combined TRACON& Tower with Radar,307,24,10,0,341,0,0,0,0,0,307,24,10,0,341,0,0,0,341
12/24/2015,MCI,MO,ACE,CE,Combined TRACON& Tower with Radar,264,29,1,0,294,0,0,0,0,0,264,29,1,0,294,0,0,0,294
12/25/2015,MCI,MO,ACE,CE,Combined TRACON& Tower with Radar,211,19,0,0,230,0,0,2,0,2,211,19,2,0,232,0,0,0,232
12/26/2015,MCI,MO,ACE,CE,Combined TRACON& Tower with Radar,238,30,0,0,268,0,0,0,0,0,238,30,0,0,268,0,0,0,268
12/27/2015,MCI,MO,ACE,CE,Combined TRACON& Tower with Radar,269,33,6,0,308,0,0,0,0,0,269,33,6,0,308,0,0,0,308
12/28/2015,MCI,MO,ACE,CE,Combined TRACON& Tower with Radar,233,21,1,0,255,0,0,0,0,0,233,21,1,0,255,0,0,0,255
12/29/2015,MCI,MO,ACE,CE,Combined TRACON& Tower with Radar,278,28,8,0,314,0,0,0,0,0,278,28,8,0,314,0,0,0,314
12/30/2015,MCI,MO,ACE,CE,Combined TRACON& Tower with Radar,286,36,9,0,331,0,0,0,0,0,286,36,9,0,331,0,0,0,331
12/31/2015,MCI,MO,ACE,CE,Combined TRACON& Tower with Radar,221,28,4,0,253,0,0,0,0,0,221,28,4,0,253,0,0,0,253
01/01/2016,MCI,MO,ACE,CE,Combined TRACON& Tower with Radar,217,23,0,0,240,0,0,0,0,0,217,23,0,0,240,0,0,0,240
01/02/2016,MCI,MO,ACE,CE,Combined TRACON& Tower with Radar,260,24,2,0,286,0,0,4,0,4,260,24,6,0,290,0,0,0,290
01/03/2016,MCI,MO,ACE,CE,Combined TRACON& Tower with Radar,292,27,6,0,325,0,0,3,0,3,292,27,9,0,328,0,0,0,328
01/04/2016,MCI,MO,ACE,CE,Combined TRACON& Tower with Radar,290,28,2,0,320,0,0,0,0,0,290,28,2,0,320,0,0,0,320
01/05/2016,MCI,MO,ACE,CE,Combined TRACON& Tower with Radar,278,26,7,1,312,0,0,0,1,1,278,26,7,2,313,0,0,0,313
01/06/2016,MCI,MO,ACE,CE,Combined TRACON& Tower with Radar,284,22,10,2,318,0,0,0,0,0,284,22,10,2,318,0,0,0,318
01/07/2016,MCI,MO,ACE,CE,Combined TRACON& Tower with Radar,292,25,7,0,324,0,0,0,0,0,292,25,7,0,324,0,0,0,324
01/08/2016,MCI,MO,ACE,CE,Combined TRACON& Tower with Radar,295,24,7,2,328,0,0,0,0,0,295,24,7,2,328,0,0,0,328
01/09/2016,MCI,MO,ACE,CE,Combined TRACON& Tower with Radar,204,19,4,0,227,0,0,0,0,0,204,19,4,0,227,0,0,0,227
01/10/2016,MCI,MO,ACE,CE,Combined TRACON& Tower with Radar,252,14,9,0,275,0,0,2,0,2,252,14,11,0,277,0,0,0,277
01/11/2016,MCI,MO,ACE,CE,Combined TRACON& Tower with Radar,283,21,11,1,316,0,0,0,0,0,283,21,11,1,316,0,0,0,316
01/12/2016,MCI,MO,ACE,CE,Combined TRACON& Tower with Radar,287,29,10,5,331,0,0,2,0,2,287,29,12,5,333,0,0,0,333
01/13/2016,MCI,MO,ACE,CE,Combined TRACON& Tower with Radar,289,19,14,0,322,0,0,0,0,0,289,19,14,0,322,0,0,0,322
01/14/2016,MCI,MO,ACE,CE,Combined TRACON& Tower with Radar,295,34,11,1,341,0,0,0,0,0,295,34,11,1,341,0,0,0,341
01/15/2016,MCI,MO,ACE,CE,Combined TRACON& Tower with Radar,283,26,7,1,317,0,0,0,0,0,283,26,7,1,317,0,0,0,317
01/16/2016,MCI,MO,ACE,CE,Combined TRACON& Tower with Radar,211,15,5,0,231,0,0,2,0,2,211,15,7,0,233,0,0,0,233
01/17/2016,MCI,MO,ACE,CE,Combined TRACON& Tower with Radar,241,8,0,0,249,0,0,0,0,0,241,8,0,0,249,0,0,0,249
01/18/2016,MCI,MO,ACE,CE,Combined TRACON& Tower with Radar,282,17,3,0,302,0,2,0,0,2,282,19,3,0,304,0,0,0,304
01/19/2016,MCI,MO,ACE,CE,Combined TRACON& Tower with Radar,284,17,13,0,314,0,0,0,0,0,284,17,13,0,314,0,0,0,314
01/20/2016,MCI,MO,ACE,CE,Combined TRACON& Tower with Radar,293,27,16,4,340,0,0,0,0,0,293,27,16,4,340,0,0,0,340
01/21/2016,MCI,MO,ACE,CE,Combined TRACON& Tower with Radar,291,20,9,0,320,0,0,0,0,0,291,20,9,0,320,0,0,0,320
01/22/2016,MCI,MO,ACE,CE,Combined TRACON& Tower with Radar,258,21,6,0,285,0,0,0,0,0,258,21,6,0,285,0,0,0,285
01/23/2016,MCI,MO,ACE,CE,Combined TRACON& Tower with Radar,185,8,3,0,196,0,0,0,0,0,185,8,3,0,196,0,0,0,196
01/24/2016,MCI,MO,ACE,CE,Combined TRACON& Tower with Radar,230,15,2,2,249,0,0,4,0,4,230,15,6,2,253,0,0,0,253
01/25/2016,MCI,MO,ACE,CE,Combined TRACON& Tower with Radar,262,18,3,0,283,0,0,0,0,0,262,18,3,0,283,0,0,0,283
01/26/2016,MCI,MO,ACE,CE,Combined TRACON& Tower with Radar,273,16,11,0,300,0,2,0,0,2,273,18,11,0,302,0,0,0,302
01/27/2016,MCI,MO,ACE,CE,Combined TRACON& Tower with Radar,284,9,11,0,304,0,2,4,0,6,284,11,15,0,310,0,0,0,310
01/28/2016,MCI,MO,ACE,CE,Combined TRACON& Tower with Radar,290,20,9,3,322,0,2,2,0,4,290,22,11,3,326,0,0,0,326
01/29/2016,MCI,MO,ACE,CE,Combined TRACON& Tower with Radar,291,25,6,0,322,0,4,2,0,6,291,29,8,0,328,0,0,0,328
01/30/2016,MCI,MO,ACE,CE,Combined TRACON& Tower with Radar,208,10,1,0,219,0,0,0,0,0,208,10,1,0,219,0,0,0,219
01/31/2016,MCI,MO,ACE,CE,Combined TRACON& Tower with Radar,257,9,1,0,267,0,0,2,0,2,257,9,3,0,269,0,0,0,269
02/01/2016,MCI,MO,ACE,CE,Combined TRACON& Tower with Radar,271,19,2,0,292,0,0,2,0,2,271,19,4,0,294,0,0,0,294
02/02/2016,MCI,MO,ACE,CE,Combined TRACON& Tower with Radar,276,15,6,1,298,0,0,0,0,0,276,15,6,1,298,0,0,0,298
02/03/2016,MCI,MO,ACE,CE,Combined TRACON& Tower with Radar,292,21,21,0,334,0,0,0,2,2,292,21,21,2,336,0,0,0,336
02/04/2016,MCI,MO,ACE,CE,Combined TRACON& Tower with Radar,283,29,4,0,316,0,0,0,0,0,283,29,4,0,316,0,0,0,316
02/05/2016,MCI,MO,ACE,CE,Combined TRACON& Tower with Radar,284,24,4,0,312,0,2,0,0,2,284,26,4,0,314,0,0,0,314
02/06/2016,MCI,MO,ACE,CE,Combined TRACON& Tower with Radar,204,16,3,0,223,0,0,6,0,6,204,16,9,0,229,0,0,0,229
02/07/2016,MCI,MO,ACE,CE,Combined TRACON& Tower with Radar,221,10,0,0,231,0,0,0,0,0,221,10,0,0,231,0,0,0,231
02/08/2016,MCI,MO,ACE,CE,Combined TRACON& Tower with Radar,282,20,2,0,304,0,0,0,0,0,282,20,2,0,304,0,0,0,304
02/09/2016,MCI,MO,ACE,CE,Combined TRACON& Tower with Radar,275,20,6,1,302,0,2,1,0,3,275,22,7,1,305,0,0,0,305
02/10/2016,MCI,MO,ACE,CE,Combined TRACON& Tower with Radar,287,27,7,6,327,0,3,4,0,7,287,30,11,6,334,0,0,0,334
02/11/2016,MCI,MO,ACE,CE,Combined TRACON& Tower with Radar,295,30,7,2,334,0,0,0,0,0,295,30,7,2,334,0,0,0,334
02/12/2016,MCI,MO,ACE,CE,Combined TRACON& Tower with Radar,298,25,10,1,334,0,2,2,0,4,298,27,12,1,338,0,0,0,338
02/13/2016,MCI,MO,ACE,CE,Combined TRACON& Tower with Radar,206,24,4,0,234,0,2,4,0,6,206,26,8,0,240,0,0,0,240
02/14/2016,MCI,MO,ACE,CE,Combined TRACON& Tower with Radar,225,22,0,1,248,0,2,2,0,4,225,24,2,1,252,0,0,0,252
02/15/2016,MCI,MO,ACE,CE,Combined TRACON& Tower with Radar,287,25,12,0,324,0,0,1,0,1,287,25,13,0,325,0,0,0,325
02/16/2016,MCI,MO,ACE,CE,Combined TRACON& Tower with Radar,290,29,10,4,333,0,0,5,0,5,290,29,15,4,338,0,0,0,338
02/17/2016,MCI,MO,ACE,CE,Combined TRACON& Tower with Radar,300,26,18,2,346,0,6,0,0,6,300,32,18,2,352,0,0,0,352
02/18/2016,MCI,MO,ACE,CE,Combined TRACON& Tower with Radar,297,29,8,2,336,0,1,0,0,1,297,30,8,2,337,0,0,0,337
02/19/2016,MCI,MO,ACE,CE,Combined TRACON& Tower with Radar,294,21,11,0,326,0,3,0,0,3,294,24,11,0,329,0,0,0,329
02/20/2016,MCI,MO,ACE,CE,Combined TRACON& Tower with Radar,213,21,3,0,237,0,0,6,0,6,213,21,9,0,243,0,0,0,243
02/21/2016,MCI,MO,ACE,CE,Combined TRACON& Tower with Radar,259,15,7,0,281,0,0,5,0,5,259,15,12,0,286,0,0,0,286
02/22/2016,MCI,MO,ACE,CE,Combined TRACON& Tower with Radar,302,15,3,4,324,0,0,8,0,8,302,15,11,4,332,0,0,0,332
02/23/2016,MCI,MO,ACE,CE,Combined TRACON& Tower with Radar,294,17,6,4,321,0,0,2,0,2,294,17,8,4,323,0,0,0,323
02/24/2016,MCI,MO,ACE,CE,Combined TRACON& Tower with Radar,272,14,7,0,293,0,2,0,0,2,272,16,7,0,295,0,0,0,295
02/25/2016,MCI,MO,ACE,CE,Combined TRACON& Tower with Radar,297,27,9,4,337,0,0,0,0,0,297,27,9,4,337,0,0,0,337
02/26/2016,MCI,MO,ACE,CE,Combined TRACON& Tower with Radar,306,25,9,4,344,0,2,0,0,2,306,27,9,4,346,0,0,0,346
02/27/2016,MCI,MO,ACE,CE,Combined TRACON& Tower with Radar,208,14,4,0,226,0,0,2,0,2,208,14,6,0,228,0,0,0,228
02/28/2016,MCI,MO,ACE,CE,Combined TRACON& Tower with Radar,258,19,3,0,280,0,0,2,0,2,258,19,5,0,282,0,0,0,282
02/29/2016,MCI,MO,ACE,CE,Combined TRACON& Tower with Radar,301,21,6,1,329,0,0,2,0,2,301,21,8,1,331,0,0,0,331
03/01/2016,MCI,MO,ACE,CE,Combined TRACON& Tower with Radar,287,22,6,7,322,0,2,1,0,3,287,24,7,7,325,0,0,0,325
03/02/2016,MCI,MO,ACE,CE,Combined TRACON& Tower with Radar,302,23,8,0,333,0,4,2,0,6,302,27,10,0,339,0,0,0,339
03/03/2016,MCI,MO,ACE,CE,Combined TRACON& Tower with Radar,306,23,3,6,338,0,0,2,0,2,306,23,5,6,340,0,0,0,340
03/04/2016,MCI,MO,ACE,CE,Combined TRACON& Tower with Radar,285,30,12,0,327,0,0,1,0,1,285,30,13,0,328,0,0,0,328
03/05/2016,MCI,MO,ACE,CE,Combined TRACON& Tower with Radar,228,20,0,0,248,0,0,2,0,2,228,20,2,0,250,0,0,0,250
03/06/2016,MCI,MO,ACE,CE,Combined TRACON& Tower with Radar,262,24,5,0,291,0,0,0,0,0,262,24,5,0,291,0,0,0,291
03/07/2016,MCI,MO,ACE,CE,Combined TRACON& Tower with Radar,297,25,10,2,334,0,0,0,0,0,297,25,10,2,334,0,0,0,334
03/08/2016,MCI,MO,ACE,CE,Combined TRACON& Tower with Radar,293,25,8,0,326,0,0,0,0,0,293,25,8,0,326,0,0,0,326
03/09/2016,MCI,MO,ACE,CE,Combined TRACON& Tower with Radar,294,24,8,6,332,0,2,3,0,5,294,26,11,6,337,0,0,0,337
03/10/2016,MCI,MO,ACE,CE,Combined TRACON& Tower with Radar,314,26,6,0,346,0,1,3,2,6,314,27,9,2,352,0,0,0,352
03/11/2016,MCI,MO,ACE,CE,Combined TRACON& Tower with Radar,304,33,12,0,349,0,2,2,0,4,304,35,14,0,353,0,0,0,353
03/12/2016,MCI,MO,ACE,CE,Combined TRACON& Tower with Radar,236,24,6,0,266,0,0,0,0,0,236,24,6,0,266,0,0,0,266
03/13/2016,MCI,MO,ACE,CE,Combined TRACON& Tower with Radar,285,27,8,0,320,0,0,0,0,0,285,27,8,0,320,0,0,0,320
03/14/2016,MCI,MO,ACE,CE,Combined TRACON& Tower with Radar,308,28,7,8,351,0,2,1,0,3,308,30,8,8,354,0,0,0,354
03/15/2016,MCI,MO,ACE,CE,Combined TRACON& Tower with Radar,310,31,8,0,349,0,0,0,0,0,310,31,8,0,349,0,0,0,349
03/16/2016,MCI,MO,ACE,CE,Combined TRACON& Tower with Radar,323,35,20,6,384,0,2,0,4,6,323,37,20,10,390,0,0,0,390
03/17/2016,MCI,MO,ACE,CE,Combined TRACON& Tower with Radar,321,31,6,0,358,0,0,0,0,0,321,31,6,0,358,0,0,0,358
03/18/2016,MCI,MO,ACE,CE,Combined TRACON& Tower with Radar,312,31,9,0,352,0,0,2,0,2,312,31,11,0,354,0,0,0,354
03/19/2016,MCI,MO,ACE,CE,Combined TRACON& Tower with Radar,245,24,6,0,275,0,0,0,0,0,245,24,6,0,275,0,0,0,275
03/20/2016,MCI,MO,ACE,CE,Combined TRACON& Tower with Radar,295,16,10,0,321,0,0,1,0,1,295,16,11,0,322,0,0,0,322
03/21/2016,MCI,MO,ACE,CE,Combined TRACON& Tower with Radar,309,29,3,1,342,0,3,2,0,5,309,32,5,1,347,0,0,0,347
03/22/2016,MCI,MO,ACE,CE,Combined TRACON& Tower with Radar,328,25,10,0,363,0,1,2,0,3,328,26,12,0,366,0,0,0,366
03/23/2016,MCI,MO,ACE,CE,Combined TRACON& Tower with Radar,301,19,9,1,330,0,1,0,0,1,301,20,9,1,331,0,0,0,331
03/24/2016,MCI,MO,ACE,CE,Combined TRACON& Tower with Radar,320,19,18,3,360,0,0,2,0,2,320,19,20,3,362,0,0,0,362
03/25/2016,MCI,MO,ACE,CE,Combined TRACON& Tower with Radar,310,24,6,2,342,0,0,2,0,2,310,24,8,2,344,0,0,0,344
03/26/2016,MCI,MO,ACE,CE,Combined TRACON& Tower with Radar,232,15,0,0,247,0,0,0,0,0,232,15,0,0,247,0,0,0,247
03/27/2016,MCI,MO,ACE,CE,Combined TRACON& Tower with Radar,284,16,4,0,304,0,0,1,0,1,284,16,5,0,305,0,0,0,305
03/28/2016,MCI,MO,ACE,CE,Combined TRACON& Tower with Radar,308,25,10,4,347,0,6,3,0,9,308,31,13,4,356,0,0,0,356
03/29/2016,MCI,MO,ACE,CE,Combined TRACON& Tower with Radar,308,24,4,2,338,0,2,0,0,2,308,26,4,2,340,0,0,0,340
03/30/2016,MCI,MO,ACE,CE,Combined TRACON& Tower with Radar,305,15,5,3,328,0,0,0,0,0,305,15,5,3,328,0,0,0,328
03/31/2016,MCI,MO,ACE,CE,Combined TRACON& Tower with Radar,319,21,12,5,357,0,2,2,0,4,319,23,14,5,361,0,0,0,361
04/01/2016,MCI,MO,ACE,CE,Combined TRACON& Tower with Radar,297,26,13,2,338,0,0,1,0,1,297,26,14,2,339,0,0,0,339
04/02/2016,MCI,MO,ACE,CE,Combined TRACON& Tower with Radar,227,22,7,0,256,0,3,0,0,3,227,25,7,0,259,0,0,0,259
04/03/2016,MCI,MO,ACE,CE,Combined TRACON& Tower with Radar,278,28,8,0,314,0,0,2,0,2,278,28,10,0,316,0,0,0,316
04/04/2016,MCI,MO,ACE,CE,Combined TRACON& Tower with Radar,304,24,6,0,334,0,0,2,0,2,304,24,8,0,336,0,0,0,336
04/05/2016,MCI,MO,ACE,CE,Combined TRACON& Tower with Radar,316,24,16,0,356,0,0,0,0,0,316,24,16,0,356,0,0,0,356
04/06/2016,MCI,MO,ACE,CE,Combined TRACON& Tower with Radar,317,19,10,2,348,0,1,3,2,6,317,20,13,4,354,0,0,0,354
04/07/2016,MCI,MO,ACE,CE,Combined TRACON& Tower with Radar,331,26,7,2,366,0,2,3,0,5,331,28,10,2,371,0,0,0,371
04/08/2016,MCI,MO,ACE,CE,Combined TRACON& Tower with Radar,325,18,6,0,349,0,0,1,0,1,325,18,7,0,350,0,0,0,350
04/09/2016,MCI,MO,ACE,CE,Combined TRACON& Tower with Radar,228,21,1,2,252,0,0,1,0,1,228,21,2,2,253,0,0,0,253
04/10/2016,MCI,MO,ACE,CE,Combined TRACON& Tower with Radar,281,17,3,0,301,0,0,0,0,0,281,17,3,0,301,0,0,0,301
04/11/2016,MCI,MO,ACE,CE,Combined TRACON& Tower with Radar,323,21,9,2,355,0,0,4,0,4,323,21,13,2,359,0,0,0,359
04/12/2016,MCI,MO,ACE,CE,Combined TRACON& Tower with Radar,316,20,10,2,348,0,0,3,0,3,316,20,13,2,351,0,0,0,351
04/13/2016,MCI,MO,ACE,CE,Combined TRACON& Tower with Radar,324,19,10,0,353,0,0,8,0,8,324,19,18,0,361,0,0,0,361
04/14/2016,MCI,MO,ACE,CE,Combined TRACON& Tower with Radar,325,24,11,0,360,0,2,6,1,9,325,26,17,1,369,0,0,0,369
04/15/2016,MCI,MO,ACE,CE,Combined TRACON& Tower with Radar,325,21,11,2,359,0,0,0,0,0,325,21,11,2,359,0,0,0,359
04/16/2016,MCI,MO,ACE,CE,Combined TRACON& Tower with Radar,214,19,2,0,235,0,12,2,0,14,214,31,4,0,249,0,0,0,249
04/17/2016,MCI,MO,ACE,CE,Combined TRACON& Tower with Radar,281,18,3,0,302,0,0,0,0,0,281,18,3,0,302,0,0,0,302
04/18/2016,MCI,MO,ACE,CE,Combined TRACON& Tower with Radar,321,22,10,1,354,0,0,0,0,0,321,22,10,1,354,0,0,0,354
04/19/2016,MCI,MO,ACE,CE,Combined TRACON& Tower with Radar,317,25,2,2,346,0,0,2,0,2,317,25,4,2,348,0,0,0,348
04/20/2016,MCI,MO,ACE,CE,Combined TRACON& Tower with Radar,319,20,10,1,350,0,0,2,0,2,319,20,12,1,352,0,0,0,352
04/21/2016,MCI,MO,ACE,CE,Combined TRACON& Tower with Radar,326,32,6,0,364,0,1,0,0,1,326,33,6,0,365,0,0,0,365
04/22/2016,MCI,MO,ACE,CE,Combined TRACON& Tower with Radar,325,22,2,0,349,0,0,0,0,0,325,22,2,0,349,0,0,0,349
04/23/2016,MCI,MO,ACE,CE,Combined TRACON& Tower with Radar,218,20,5,0,243,0,0,3,0,3,218,20,8,0,246,0,0,0,246
04/24/2016,MCI,MO,ACE,CE,Combined TRACON& Tower with Radar,276,19,2,0,297,0,0,1,0,1,276,19,3,0,298,0,0,0,298
04/25/2016,MCI,MO,ACE,CE,Combined TRACON& Tower with Radar,318,21,1,8,348,0,0,0,0,0,318,21,1,8,348,0,0,0,348
04/26/2016,MCI,MO,ACE,CE,Combined TRACON& Tower with Radar,286,23,8,2,319,0,0,0,0,0,286,23,8,2,319,0,0,0,319
04/27/2016,MCI,MO,ACE,CE,Combined TRACON& Tower with Radar,319,25,8,3,355,0,0,0,1,1,319,25,8,4,356,0,0,0,356
04/28/2016,MCI,MO,ACE,CE,Combined TRACON& Tower with Radar,329,23,9,1,362,0,2,6,0,8,329,25,15,1,370,0,0,0,370
04/29/2016,MCI,MO,ACE,CE,Combined TRACON& Tower with Radar,323,22,17,0,362,0,0,4,0,4,323,22,21,0,366,0,0,0,366
04/30/2016,MCI,MO,ACE,CE,Combined TRACON& Tower with Radar,223,25,0,0,248,0,0,1,0,1,223,25,1,0,249,0,0,0,249
05/01/2016,MCI,MO,ACE,CE,Combined TRACON& Tower with Radar,285,16,4,2,307,0,0,6,0,6,285,16,10,2,313,0,0,0,313
05/02/2016,MCI,MO,ACE,CE,Combined TRACON& Tower with Radar,313,22,14,0,349,0,0,2,0,2,313,22,16,0,351,0,0,0,351
05/03/2016,MCI,MO,ACE,CE,Combined TRACON& Tower with Radar,324,27,6,2,359,0,0,1,0,1,324,27,7,2,360,0,0,0,360
05/04/2016,MCI,MO,ACE,CE,Combined TRACON& Tower with Radar,320,24,4,0,348,0,0,4,0,4,320,24,8,0,352,6,0,6,358
05/05/2016,MCI,MO,ACE,CE,Combined TRACON& Tower with Radar,337,27,21,4,389,0,0,3,0,3,337,27,24,4,392,0,0,0,392
05/06/2016,MCI,MO,ACE,CE,Combined TRACON& Tower with Radar,326,21,15,0,362,0,0,4,0,4,326,21,19,0,366,0,0,0,366
05/07/2016,MCI,MO,ACE,CE,Combined TRACON& Tower with Radar,247,15,20,0,282,0,0,5,0,5,247,15,25,0,287,0,0,0,287
05/08/2016,MCI,MO,ACE,CE,Combined TRACON& Tower with Radar,281,25,5,2,313,0,0,0,0,0,281,25,5,2,313,0,0,0,313
05/09/2016,MCI,MO,ACE,CE,Combined TRACON& Tower with Radar,317,22,9,4,352,0,0,0,0,0,317,22,9,4,352,0,0,0,352
05/10/2016,MCI,MO,ACE,CE,Combined TRACON& Tower with Radar,329,28,14,0,371,0,0,0,0,0,329,28,14,0,371,0,0,0,371
05/11/2016,MCI,MO,ACE,CE,Combined TRACON& Tower with Radar,345,28,11,0,384,0,0,0,0,0,345,28,11,0,384,0,0,0,384
05/12/2016,MCI,MO,ACE,CE,Combined TRACON& Tower with Radar,335,25,7,1,368,0,4,0,0,4,335,29,7,1,372,0,0,0,372
05/13/2016,MCI,MO,ACE,CE,Combined TRACON& Tower with Radar,329,23,3,3,358,0,0,0,0,0,329,23,3,3,358,0,0,0,358
05/14/2016,MCI,MO,ACE,CE,Combined TRACON& Tower with Radar,243,16,6,0,265,0,0,2,3,5,243,16,8,3,270,0,0,0,270
05/15/2016,MCI,MO,ACE,CE,Combined TRACON& Tower with Radar,286,20,3,2,311,0,2,0,0,2,286,22,3,2,313,0,0,0,313
05/16/2016,MCI,MO,ACE,CE,Combined TRACON& Tower with Radar,325,24,5,0,354,0,0,0,0,0,325,24,5,0,354,0,0,0,354
05/17/2016,MCI,MO,ACE,CE,Combined TRACON& Tower with Radar,340,35,4,1,380,0,0,2,0,2,340,35,6,1,382,0,0,0,382
05/18/2016,MCI,MO,ACE,CE,Combined TRACON& Tower with Radar,338,36,8,4,386,0,7,4,2,13,338,43,12,6,399,18,0,18,417
05/19/2016,MCI,MO,ACE,CE,Combined TRACON& Tower with Radar,327,28,11,1,367,0,0,0,0,0,327,28,11,1,367,0,0,0,367
05/20/2016,MCI,MO,ACE,CE,Combined TRACON& Tower with Radar,330,21,12,4,367,0,3,0,0,3,330,24,12,4,370,0,0,0,370
05/21/2016,MCI,MO,ACE,CE,Combined TRACON& Tower with Radar,238,13,0,0,251,0,0,2,0,2,238,13,2,0,253,0,0,0,253
05/22/2016,MCI,MO,ACE,CE,Combined TRACON& Tower with Radar,295,21,6,0,322,0,0,0,0,0,295,21,6,0,322,0,0,0,322
05/23/2016,MCI,MO,ACE,CE,Combined TRACON& Tower with Radar,321,26,17,0,364,0,0,4,0,4,321,26,21,0,368,0,0,0,368
05/24/2016,MCI,MO,ACE,CE,Combined TRACON& Tower with Radar,336,22,1,0,359,0,0,0,0,0,336,22,1,0,359,0,0,0,359
05/25/2016,MCI,MO,ACE,CE,Combined TRACON& Tower with Radar,334,27,5,4,370,0,2,0,6,8,334,29,5,10,378,0,0,0,378
05/26/2016,MCI,MO,ACE,CE,Combined TRACON& Tower with Radar,308,16,3,0,327,0,0,2,0,2,308,16,5,0,329,0,0,0,329
05/27/2016,MCI,MO,ACE,CE,Combined TRACON& Tower with Radar,337,22,8,1,368,0,0,0,0,0,337,22,8,1,368,0,0,0,368
05/28/2016,MCI,MO,ACE,CE,Combined TRACON& Tower with Radar,235,13,2,0,250,0,0,6,0,6,235,13,8,0,256,0,0,0,256
05/29/2016,MCI,MO,ACE,CE,Combined TRACON& Tower with Radar,245,13,2,1,261,0,0,1,0,1,245,13,3,1,262,0,0,0,262
05/30/2016,MCI,MO,ACE,CE,Combined TRACON& Tower with Radar,287,18,2,2,309,0,0,0,0,0,287,18,2,2,309,0,0,0,309
05/31/2016,MCI,MO,ACE,CE,Combined TRACON& Tower with Radar,321,16,9,4,350,0,0,0,0,0,321,16,9,4,350,0,0,0,350
06/01/2016,MCI,MO,ACE,CE,Combined TRACON& Tower with Radar,330,24,10,2,366,0,2,0,2,4,330,26,10,4,370,0,0,0,370
06/02/2016,MCI,MO,ACE,CE,Combined TRACON& Tower with Radar,329,23,12,2,366,0,0,4,0,4,329,23,16,2,370,0,0,0,370
06/03/2016,MCI,MO,ACE,CE,Combined TRACON& Tower with Radar,342,23,8,0,373,0,0,1,0,1,342,23,9,0,374,0,0,0,374
06/04/2016,MCI,MO,ACE,CE,Combined TRACON& Tower with Radar,239,18,4,1,262,0,0,2,0,2,239,18,6,1,264,0,0,0,264
06/05/2016,MCI,MO,ACE,CE,Combined TRACON& Tower with Radar,309,18,8,1,336,0,0,1,0,1,309,18,9,1,337,0,0,0,337
06/06/2016,MCI,MO,ACE,CE,Combined TRACON& Tower with Radar,340,19,3,6,368,0,0,0,0,0,340,19,3,6,368,0,0,0,368
06/07/2016,MCI,MO,ACE,CE,Combined TRACON& Tower with Radar,341,22,6,2,371,0,0,8,0,8,341,22,14,2,379,0,0,0,379
06/08/2016,MCI,MO,ACE,CE,Combined TRACON& Tower with Radar,344,21,7,7,379,0,0,5,0,5,344,21,12,7,384,0,0,0,384
06/09/2016,MCI,MO,ACE,CE,Combined TRACON& Tower with Radar,350,20,1,12,383,0,0,0,2,2,350,20,1,14,385,0,0,0,385
06/10/2016,MCI,MO,ACE,CE,Combined TRACON& Tower with Radar,338,25,4,2,369,0,0,0,2,2,338,25,4,4,371,0,0,0,371
06/11/2016,MCI,MO,ACE,CE,Combined TRACON& Tower with Radar,258,28,6,2,294,0,0,4,0,4,258,28,10,2,298,0,0,0,298
06/12/2016,MCI,MO,ACE,CE,Combined TRACON& Tower with Radar,303,19,2,2,326,0,0,8,0,8,303,19,10,2,334,0,0,0,334
06/13/2016,MCI,MO,ACE,CE,Combined TRACON& Tower with Radar,340,20,9,1,370,0,0,1,0,1,340,20,10,1,371,0,0,0,371
06/14/2016,MCI,MO,ACE,CE,Combined TRACON& Tower with Radar,346,21,8,1,376,0,0,7,0,7,346,21,15,1,383,0,0,0,383
06/15/2016,MCI,MO,ACE,CE,Combined TRACON& Tower with Radar,350,26,7,4,387,1,0,1,0,2,351,26,8,4,389,0,0,0,389
06/16/2016,MCI,MO,ACE,CE,Combined TRACON& Tower with Radar,339,25,6,2,372,0,0,0,0,0,339,25,6,2,372,0,0,0,372
06/17/2016,MCI,MO,ACE,CE,Combined TRACON& Tower with Radar,360,30,4,2,396,0,3,0,0,3,360,33,4,2,399,0,0,0,399
06/18/2016,MCI,MO,ACE,CE,Combined TRACON& Tower with Radar,255,31,2,0,288,0,1,4,0,5,255,32,6,0,293,0,0,0,293
06/19/2016,MCI,MO,ACE,CE,Combined TRACON& Tower with Radar,313,21,5,0,339,0,0,2,0,2,313,21,7,0,341,0,0,0,341
06/20/2016,MCI,MO,ACE,CE,Combined TRACON& Tower with Radar,340,21,10,4,375,0,0,3,0,3,340,21,13,4,378,0,0,0,378
06/21/2016,MCI,MO,ACE,CE,Combined TRACON& Tower with Radar,338,20,9,1,368,0,0,1,0,1,338,20,10,1,369,0,0,0,369
06/22/2016,MCI,MO,ACE,CE,Combined TRACON& Tower with Radar,345,28,21,4,398,0,0,10,0,10,345,28,31,4,408,12,0,12,420
06/23/2016,MCI,MO,ACE,CE,Combined TRACON& Tower with Radar,357,26,13,0,396,0,0,2,0,2,357,26,15,0,398,0,0,0,398
06/24/2016,MCI,MO,ACE,CE,Combined TRACON& Tower with Radar,354,22,7,2,385,0,0,1,2,3,354,22,8,4,388,0,0,0,388
06/25/2016,MCI,MO,ACE,CE,Combined TRACON& Tower with Radar,264,22,2,2,290,0,0,4,0,4,264,22,6,2,294,0,0,0,294
06/26/2016,MCI,MO,ACE,CE,Combined TRACON& Tower with Radar,309,19,7,1,336,0,0,2,0,2,309,19,9,1,338,0,0,0,338
06/27/2016,MCI,MO,ACE,CE,Combined TRACON& Tower with Radar,338,17,5,5,365,0,2,2,0,4,338,19,7,5,369,0,0,0,369
06/28/2016,MCI,MO,ACE,CE,Combined TRACON& Tower with Radar,336,17,7,0,360,0,0,4,2,6,336,17,11,2,366,0,0,0,366
06/29/2016,MCI,MO,ACE,CE,Combined TRACON& Tower with Radar,341,25,8,2,376,0,2,4,1,7,341,27,12,3,383,6,0,6,389
06/30/2016,MCI,MO,ACE,CE,Combined TRACON& Tower with Radar,354,24,13,4,395,0,0,2,1,3,354,24,15,5,398,0,0,0,398
07/01/2016,MCI,MO,ACE,CE,Combined TRACON& Tower with Radar,353,20,10,1,384,0,0,2,0,2,353,20,12,1,386,0,0,0,386
07/02/2016,MCI,MO,ACE,CE,Combined TRACON& Tower with Radar,254,14,2,0,270,0,0,0,0,0,254,14,2,0,270,0,0,0,270
07/03/2016,MCI,MO,ACE,CE,Combined TRACON& Tower with Radar,251,11,1,2,265,0,0,0,0,0,251,11,1,2,265,0,0,0,265
07/04/2016,MCI,MO,ACE,CE,Combined TRACON& Tower with Radar,260,10,2,0,272,0,0,0,0,0,260,10,2,0,272,0,0,0,272
07/05/2016,MCI,MO,ACE,CE,Combined TRACON& Tower with Radar,336,16,11,1,364,0,0,0,0,0,336,16,11,1,364,0,0,0,364
07/06/2016,MCI,MO,ACE,CE,Combined TRACON& Tower with Radar,336,14,11,2,363,0,2,1,0,3,336,16,12,2,366,0,0,0,366
07/07/2016,MCI,MO,ACE,CE,Combined TRACON& Tower with Radar,350,22,5,4,381,0,0,1,0,1,350,22,6,4,382,0,0,0,382
07/08/2016,MCI,MO,ACE,CE,Combined TRACON& Tower with Radar,329,11,11,1,352,0,0,1,0,1,329,11,12,1,353,0,0,0,353
07/09/2016,MCI,MO,ACE,CE,Combined TRACON& Tower with Radar,279,13,5,1,298,0,0,0,0,0,279,13,5,1,298,0,0,0,298
07/10/2016,MCI,MO,ACE,CE,Combined TRACON& Tower with Radar,315,17,5,2,339,0,0,2,0,2,315,17,7,2,341,0,0,0,341
07/11/2016,MCI,MO,ACE,CE,Combined TRACON& Tower with Radar,351,16,17,3,387,0,0,0,1,1,351,16,17,4,388,0,0,0,388
07/12/2016,MCI,MO,ACE,CE,Combined TRACON& Tower with Radar,360,21,8,2,391,0,0,0,0,0,360,21,8,2,391,0,0,0,391
07/13/2016,MCI,MO,ACE,CE,Combined TRACON& Tower with Radar,346,12,8,2,368,0,0,0,0,0,346,12,8,2,368,0,0,0,368
07/14/2016,MCI,MO,ACE,CE,Combined TRACON& Tower with Radar,360,17,7,2,386,0,2,0,0,2,360,19,7,2,388,0,0,0,388
07/15/2016,MCI,MO,ACE,CE,Combined TRACON& Tower with Radar,351,22,15,2,390,0,0,4,0,4,351,22,19,2,394,0,0,0,394
07/16/2016,MCI,MO,ACE,CE,Combined TRACON& Tower with Radar,274,25,4,2,305,0,0,10,0,10,274,25,14,2,315,0,0,0,315
07/17/2016,MCI,MO,ACE,CE,Combined TRACON& Tower with Radar,320,19,6,0,345,0,0,3,1,4,320,19,9,1,349,0,0,0,349
07/18/2016,MCI,MO,ACE,CE,Combined TRACON& Tower with Radar,337,15,12,9,373,0,0,4,0,4,337,15,16,9,377,0,0,0,377
07/19/2016,MCI,MO,ACE,CE,Combined TRACON& Tower with Radar,361,23,12,7,403,0,2,4,3,9,361,25,16,10,412,0,0,0,412
07/20/2016,MCI,MO,ACE,CE,Combined TRACON& Tower with Radar,329,19,13,0,361,0,0,1,0,1,329,19,14,0,362,12,0,12,374
07/21/2016,MCI,MO,ACE,CE,Combined TRACON& Tower with Radar,328,23,11,0,362,0,2,2,0,4,328,25,13,0,366,0,0,0,366
07/22/2016,MCI,MO,ACE,CE,Combined TRACON& Tower with Radar,336,23,14,0,373,0,0,4,0,4,336,23,18,0,377,0,0,0,377
07/23/2016,MCI,MO,ACE,CE,Combined TRACON& Tower with Radar,255,30,7,0,292,0,0,3,0,3,255,30,10,0,295,0,0,0,295
07/24/2016,MCI,MO,ACE,CE,Combined TRACON& Tower with Radar,311,31,1,0,343,0,0,3,0,3,311,31,4,0,346,0,0,0,346
07/25/2016,MCI,MO,ACE,CE,Combined TRACON& Tower with Radar,326,32,5,2,365,0,0,3,0,3,326,32,8,2,368,0,0,0,368
07/26/2016,MCI,MO,ACE,CE,Combined TRACON& Tower with Radar,334,27,5,3,369,0,0,1,1,2,334,27,6,4,371,0,0,0,371
07/27/2016,MCI,MO,ACE,CE,Combined TRACON& Tower with Radar,334,30,9,0,373,0,0,7,0,7,334,30,16,0,380,0,0,0,380
07/28/2016,MCI,MO,ACE,CE,Combined TRACON& Tower with Radar,329,28,4,0,361,0,0,2,2,4,329,28,6,2,365,0,0,0,365
07/29/2016,MCI,MO,ACE,CE,Combined TRACON& Tower with Radar,338,28,9,0,375,0,0,1,0,1,338,28,10,0,376,0,0,0,376
07/30/2016,MCI,MO,ACE,CE,Combined TRACON& Tower with Radar,248,26,2,0,276,0,0,2,0,2,248,26,4,0,278,0,0,0,278
07/31/2016,MCI,MO,ACE,CE,Combined TRACON& Tower with Radar,294,32,4,0,330,0,0,0,0,0,294,32,4,0,330,0,0,0,330
08/01/2016,MCI,MO,ACE,CE,Combined TRACON& Tower with Radar,333,28,6,0,367,0,0,0,0,0,333,28,6,0,367,0,0,0,367
08/02/2016,MCI,MO,ACE,CE,Combined TRACON& Tower with Radar,338,36,6,0,380,0,0,0,0,0,338,36,6,0,380,0,0,0,380
08/03/2016,MCI,MO,ACE,CE,Combined TRACON& Tower with Radar,341,27,7,1,376,0,0,3,5,8,341,27,10,6,384,0,0,0,384
08/04/2016,MCI,MO,ACE,CE,Combined TRACON& Tower with Radar,347,23,4,5,379,0,0,0,0,0,347,23,4,5,379,0,0,0,379
08/05/2016,MCI,MO,ACE,CE,Combined TRACON& Tower with Radar,338,39,9,2,388,0,0,1,0,1,338,39,10,2,389,0,0,0,389
08/06/2016,MCI,MO,ACE,CE,Combined TRACON& Tower with Radar,259,30,3,2,294,0,0,2,0,2,259,30,5,2,296,0,0,0,296
08/07/2016,MCI,MO,ACE,CE,Combined TRACON& Tower with Radar,298,25,0,2,325,0,0,0,0,0,298,25,0,2,325,0,0,0,325
08/08/2016,MCI,MO,ACE,CE,Combined TRACON& Tower with Radar,320,35,11,0,366,0,0,0,0,0,320,35,11,0,366,0,0,0,366
08/09/2016,MCI,MO,ACE,CE,Combined TRACON& Tower with Radar,318,20,7,4,349,0,0,2,0,2,318,20,9,4,351,0,0,0,351
08/10/2016,MCI,MO,ACE,CE,Combined TRACON& Tower with Radar,321,27,3,5,356,0,2,0,1,3,321,29,3,6,359,0,8,8,367
08/11/2016,MCI,MO,ACE,CE,Combined TRACON& Tower with Radar,348,56,15,7,426,0,0,2,0,2,348,56,17,7,428,0,0,0,428
08/12/2016,MCI,MO,ACE,CE,Combined TRACON& Tower with Radar,330,27,8,2,367,0,0,1,0,1,330,27,9,2,368,0,0,0,368
08/13/2016,MCI,MO,ACE,CE,Combined TRACON& Tower with Radar,216,35,8,1,260,0,0,1,0,1,216,35,9,1,261,0,0,0,261
08/14/2016,MCI,MO,ACE,CE,Combined TRACON& Tower with Radar,294,29,6,0,329,0,0,0,0,0,294,29,6,0,329,0,0,0,329
08/15/2016,MCI,MO,ACE,CE,Combined TRACON& Tower with Radar,316,46,11,6,379,0,0,4,1,5,316,46,15,7,384,0,0,0,384
08/16/2016,MCI,MO,ACE,CE,Combined TRACON& Tower with Radar,332,18,12,2,364,0,0,3,0,3,332,18,15,2,367,0,0,0,367
08/17/2016,MCI,MO,ACE,CE,Combined TRACON& Tower with Radar,329,40,5,4,378,0,0,1,1,2,329,40,6,5,380,0,0,0,380
08/18/2016,MCI,MO,ACE,CE,Combined TRACON& Tower with Radar,347,39,15,0,401,0,0,6,0,6,347,39,21,0,407,0,0,0,407
08/19/2016,MCI,MO,ACE,CE,Combined TRACON& Tower with Radar,310,45,4,4,363,0,0,0,1,1,310,45,4,5,364,0,0,0,364
08/20/2016,MCI,MO,ACE,CE,Combined TRACON& Tower with Radar,203,46,0,2,251,0,2,0,0,2,203,48,0,2,253,0,0,0,253
08/21/2016,MCI,MO,ACE,CE,Combined TRACON& Tower with Radar,269,45,4,0,318,0,0,2,0,2,269,45,6,0,320,0,0,0,320
08/22/2016,MCI,MO,ACE,CE,Combined TRACON& Tower with Radar,301,44,12,0,357,0,8,3,1,12,301,52,15,1,369,0,0,0,369
08/23/2016,MCI,MO,ACE,CE,Combined TRACON& Tower with Radar,302,42,10,2,356,0,0,0,1,1,302,42,10,3,357,0,0,0,357
08/24/2016,MCI,MO,ACE,CE,Combined TRACON& Tower with Radar,308,41,6,0,355,0,0,2,0,2,308,41,8,0,357,0,0,0,357
08/25/2016,MCI,MO,ACE,CE,Combined TRACON& Tower with Radar,320,49,12,0,381,0,0,6,0,6,320,49,18,0,387,0,0,0,387
08/26/2016,MCI,MO,ACE,CE,Combined TRACON& Tower with Radar,316,46,19,4,385,0,0,2,0,2,316,46,21,4,387,0,0,0,387
08/27/2016,MCI,MO,ACE,CE,Combined TRACON& Tower with Radar,205,51,5,0,261,0,0,6,0,6,205,51,11,0,267,0,0,0,267
08/28/2016,MCI,MO,ACE,CE,Combined TRACON& Tower with Radar,271,41,7,0,319,0,0,1,0,1,271,41,8,0,320,0,0,0,320
08/29/2016,MCI,MO,ACE,CE,Combined TRACON& Tower with Radar,301,45,3,2,351,0,0,2,0,2,301,45,5,2,353,0,0,0,353
08/30/2016,MCI,MO,ACE,CE,Combined TRACON& Tower with Radar,301,46,6,0,353,0,0,0,0,0,301,46,6,0,353,0,0,0,353
08/31/2016,MCI,MO,ACE,CE,Combined TRACON& Tower with Radar,316,43,3,0,362,0,0,0,0,0,316,43,3,0,362,0,0,0,362
09/01/2016,MCI,MO,ACE,CE,Combined TRACON& Tower with Radar,318,51,6,4,379,0,1,6,0,7,318,52,12,4,386,6,0,6,392
09/02/2016,MCI,MO,ACE,CE,Combined TRACON& Tower with Radar,313,52,4,0,369,0,0,1,0,1,313,52,5,0,370,0,0,0,370
09/03/2016,MCI,MO,ACE,CE,Combined TRACON& Tower with Radar,185,40,3,0,228,0,0,2,0,2,185,40,5,0,230,0,0,0,230
09/04/2016,MCI,MO,ACE,CE,Combined TRACON& Tower with Radar,193,41,1,0,235,0,0,1,0,1,193,41,2,0,236,0,0,0,236
09/05/2016,MCI,MO,ACE,CE,Combined TRACON& Tower with Radar,263,40,7,0,310,0,0,2,0,2,263,40,9,0,312,0,0,0,312
09/06/2016,MCI,MO,ACE,CE,Combined TRACON& Tower with Radar,293,45,8,4,350,0,3,0,0,3,293,48,8,4,353,0,0,0,353
09/07/2016,MCI,MO,ACE,CE,Combined TRACON& Tower with Radar,296,40,11,7,354,0,0,2,1,3,296,40,13,8,357,0,0,0,357
09/08/2016,MCI,MO,ACE,CE,Combined TRACON& Tower with Radar,298,49,11,0,358,0,0,1,0,1,298,49,12,0,359,0,0,0,359
09/09/2016,MCI,MO,ACE,CE,Combined TRACON& Tower with Radar,296,43,5,0,344,0,0,2,0,2,296,43,7,0,346,0,0,0,346
09/10/2016,MCI,MO,ACE,CE,Combined TRACON& Tower with Radar,198,43,1,2,244,0,0,5,0,5,198,43,6,2,249,0,0,0,249
09/11/2016,MCI,MO,ACE,CE,Combined TRACON& Tower with Radar,275,45,10,0,330,0,0,3,0,3,275,45,13,0,333,0,0,0,333
09/12/2016,MCI,MO,ACE,CE,Combined TRACON& Tower with Radar,290,47,4,2,343,0,2,2,0,4,290,49,6,2,347,0,0,0,347
09/13/2016,MCI,MO,ACE,CE,Combined TRACON& Tower with Radar,305,45,7,1,358,0,0,0,1,1,305,45,7,2,359,0,0,0,359
09/14/2016,MCI,MO,ACE,CE,Combined TRACON& Tower with Radar,300,52,7,4,363,0,0,0,0,0,300,52,7,4,363,0,0,0,363
09/15/2016,MCI,MO,ACE,CE,Combined TRACON& Tower with Radar,334,28,11,0,373,0,2,0,0,2,334,30,11,0,375,0,0,0,375
09/16/2016,MCI,MO,ACE,CE,Combined TRACON& Tower with Radar,343,11,11,0,365,0,0,3,0,3,343,11,14,0,368,0,0,0,368
09/17/2016,MCI,MO,ACE,CE,Combined TRACON& Tower with Radar,231,16,4,0,251,0,0,6,0,6,231,16,10,0,257,0,0,0,257
09/18/2016,MCI,MO,ACE,CE,Combined TRACON& Tower with Radar,301,16,2,0,319,0,2,0,0,2,301,18,2,0,321,0,0,0,321
09/19/2016,MCI,MO,ACE,CE,Combined TRACON& Tower with Radar,337,10,8,3,358,0,2,3,0,5,337,12,11,3,363,0,0,0,363
09/20/2016,MCI,MO,ACE,CE,Combined TRACON& Tower with Radar,331,13,6,2,352,0,0,2,0,2,331,13,8,2,354,0,0,0,354
09/21/2016,MCI,MO,ACE,CE,Combined TRACON& Tower with Radar,332,18,5,1,356,0,0,0,0,0,332,18,5,1,356,0,0,0,356
09/22/2016,MCI,MO,ACE,CE,Combined TRACON& Tower with Radar,345,15,8,14,382,0,0,3,1,4,345,15,11,15,386,0,0,0,386
09/23/2016,MCI,MO,ACE,CE,Combined TRACON& Tower with Radar,339,15,3,0,357,0,0,6,0,6,339,15,9,0,363,0,0,0,363
09/24/2016,MCI,MO,ACE,CE,Combined TRACON& Tower with Radar,231,19,0,0,250,0,0,8,1,9,231,19,8,1,259,0,0,0,259
09/25/2016,MCI,MO,ACE,CE,Combined TRACON& Tower with Radar,308,15,5,1,329,0,0,0,1,1,308,15,5,2,330,0,0,0,330
09/26/2016,MCI,MO,ACE,CE,Combined TRACON& Tower with Radar,329,15,10,1,355,0,4,2,1,7,329,19,12,2,362,0,0,0,362
09/27/2016,MCI,MO,ACE,CE,Combined TRACON& Tower with Radar,339,13,14,0,366,0,0,0,0,0,339,13,14,0,366,0,0,0,366
09/28/2016,MCI,MO,ACE,CE,Combined TRACON& Tower with Radar,335,18,10,0,363,0,0,5,0,5,335,18,15,0,368,0,0,0,368
09/29/2016,MCI,MO,ACE,CE,Combined TRACON& Tower with Radar,352,17,6,0,375,0,0,0,0,0,352,17,6,0,375,0,0,0,375
09/30/2016,MCI,MO,ACE,CE,Combined TRACON& Tower with Radar,353,17,5,0,375,0,0,6,0,6,353,17,11,0,381,0,0,0,381
10/01/2016,MCI,MO,ACE,CE,Combined TRACON& Tower with Radar,237,17,0,0,254,0,0,0,0,0,237,17,0,0,254,0,0,0,254
10/02/2016,MCI,MO,ACE,CE,Combined TRACON& Tower with Radar,302,12,2,0,316,0,0,1,0,1,302,12,3,0,317,0,0,0,317
10/03/2016,MCI,MO,ACE,CE,Combined TRACON& Tower with Radar,337,20,3,0,360,0,0,5,0,5,337,20,8,0,365,0,0,0,365
10/04/2016,MCI,MO,ACE,CE,Combined TRACON& Tower with Radar,327,18,13,10,368,0,0,3,4,7,327,18,16,14,375,0,0,0,375
10/05/2016,MCI,MO,ACE,CE,Combined TRACON& Tower with Radar,342,24,13,0,379,0,0,1,0,1,342,24,14,0,380,0,0,0,380
10/06/2016,MCI,MO,ACE,CE,Combined TRACON& Tower with Radar,332,11,5,0,348,0,0,4,0,4,332,11,9,0,352,0,0,0,352
10/07/2016,MCI,MO,ACE,CE,Combined TRACON& Tower with Radar,331,13,8,0,352,0,2,1,0,3,331,15,9,0,355,0,0,0,355
10/08/2016,MCI,MO,ACE,CE,Combined TRACON& Tower with Radar,202,18,5,0,225,0,0,0,0,0,202,18,5,0,225,0,0,0,225
10/09/2016,MCI,MO,ACE,CE,Combined TRACON& Tower with Radar,299,10,1,0,310,0,0,0,0,0,299,10,1,0,310,0,0,0,310
10/10/2016,MCI,MO,ACE,CE,Combined TRACON& Tower with Radar,331,14,8,0,353,0,0,0,0,0,331,14,8,0,353,0,0,0,353
10/11/2016,MCI,MO,ACE,CE,Combined TRACON& Tower with Radar,335,16,4,0,355,0,0,2,0,2,335,16,6,0,357,0,0,0,357
10/12/2016,MCI,MO,ACE,CE,Combined TRACON& Tower with Radar,338,19,13,4,374,0,0,1,0,1,338,19,14,4,375,0,0,0,375
10/13/2016,MCI,MO,ACE,CE,Combined TRACON& Tower with Radar,337,25,28,3,393,0,0,11,0,11,337,25,39,3,404,0,0,0,404
10/14/2016,MCI,MO,ACE,CE,Combined TRACON& Tower with Radar,345,27,11,0,383,0,0,0,0,0,345,27,11,0,383,0,0,0,383
10/15/2016,MCI,MO,ACE,CE,Combined TRACON& Tower with Radar,239,22,16,0,277,0,0,2,0,2,239,22,18,0,279,0,0,0,279
10/16/2016,MCI,MO,ACE,CE,Combined TRACON& Tower with Radar,314,16,19,0,349,0,0,2,0,2,314,16,21,0,351,0,0,0,351
10/17/2016,MCI,MO,ACE,CE,Combined TRACON& Tower with Radar,331,20,20,6,377,0,0,0,0,0,331,20,20,6,377,0,0,0,377
10/18/2016,MCI,MO,ACE,CE,Combined TRACON& Tower with Radar,335,14,12,2,363,0,0,0,0,0,335,14,12,2,363,0,0,0,363
10/19/2016,MCI,MO,ACE,CE,Combined TRACON& Tower with Radar,337,18,10,3,368,0,0,0,0,0,337,18,10,3,368,0,0,0,368
10/20/2016,MCI,MO,ACE,CE,Combined TRACON& Tower with Radar,350,21,7,0,378,0,0,0,0,0,350,21,7,0,378,0,0,0,378
10/21/2016,MCI,MO,ACE,CE,Combined TRACON& Tower with Radar,349,24,11,2,386,0,0,6,0,6,349,24,17,2,392,0,0,0,392
10/22/2016,MCI,MO,ACE,CE,Combined TRACON& Tower with Radar,246,17,2,0,265,0,0,9,0,9,246,17,11,0,274,0,0,0,274
10/23/2016,MCI,MO,ACE,CE,Combined TRACON& Tower with Radar,302,13,2,0,317,0,0,1,0,1,302,13,3,0,318,0,0,0,318
10/24/2016,MCI,MO,ACE,CE,Combined TRACON& Tower with Radar,336,14,10,2,362,0,2,4,0,6,336,16,14,2,368,0,0,0,368
10/25/2016,MCI,MO,ACE,CE,Combined TRACON& Tower with Radar,333,18,10,0,361,0,0,0,0,0,333,18,10,0,361,0,0,0,361
10/26/2016,MCI,MO,ACE,CE,Combined TRACON& Tower with Radar,349,16,8,2,375,0,2,0,0,2,349,18,8,2,377,0,0,0,377
10/27/2016,MCI,MO,ACE,CE,Combined TRACON& Tower with Radar,348,21,17,2,388,0,0,4,0,4,348,21,21,2,392,0,0,0,392
10/28/2016,MCI,MO,ACE,CE,Combined TRACON& Tower with Radar,344,28,5,2,379,0,0,0,0,0,344,28,5,2,379,0,0,0,379
10/29/2016,MCI,MO,ACE,CE,Combined TRACON& Tower with Radar,233,17,9,0,259,0,0,0,0,0,233,17,9,0,259,0,0,0,259
10/30/2016,MCI,MO,ACE,CE,Combined TRACON& Tower with Radar,298,7,8,0,313,0,0,0,0,0,298,7,8,0,313,0,0,0,313
10/31/2016,MCI,MO,ACE,CE,Combined TRACON& Tower with Radar,305,9,14,0,328,0,2,0,0,2,305,11,14,0,330,0,0,0,330
11/01/2016,MCI,MO,ACE,CE,Combined TRACON& Tower with Radar,325,37,4,6,372,0,0,1,0,1,325,37,5,6,373,0,0,0,373
11/02/2016,MCI,MO,ACE,CE,Combined TRACON& Tower with Radar,326,11,13,0,350,0,0,0,0,0,326,11,13,0,350,0,0,0,350
11/03/2016,MCI,MO,ACE,CE,Combined TRACON& Tower with Radar,340,18,2,0,360,0,4,1,0,5,340,22,3,0,365,0,0,0,365
11/04/2016,MCI,MO,ACE,CE,Combined TRACON& Tower with Radar,341,19,7,0,367,0,0,4,0,4,341,19,11,0,371,0,0,0,371
11/05/2016,MCI,MO,ACE,CE,Combined TRACON& Tower with Radar,237,6,7,0,250,0,0,4,0,4,237,6,11,0,254,0,0,0,254
11/06/2016,MCI,MO,ACE,CE,Combined TRACON& Tower with Radar,301,12,7,2,322,0,0,0,0,0,301,12,7,2,322,0,0,0,322
11/07/2016,MCI,MO,ACE,CE,Combined TRACON& Tower with Radar,323,8,10,2,343,0,0,1,0,1,323,8,11,2,344,0,0,0,344
11/08/2016,MCI,MO,ACE,CE,Combined TRACON& Tower with Radar,301,7,5,0,313,0,0,0,0,0,301,7,5,0,313,0,0,0,313
11/09/2016,MCI,MO,ACE,CE,Combined TRACON& Tower with Radar,340,16,15,1,372,0,0,1,2,3,340,16,16,3,375,0,0,0,375
11/10/2016,MCI,MO,ACE,CE,Combined TRACON& Tower with Radar,341,16,8,4,369,0,0,1,1,2,341,16,9,5,371,0,0,0,371
11/11/2016,MCI,MO,ACE,CE,Combined TRACON& Tower with Radar,337,13,7,0,357,0,0,2,0,2,337,13,9,0,359,0,0,0,359
11/12/2016,MCI,MO,ACE,CE,Combined TRACON& Tower with Radar,237,8,0,0,245,0,0,4,0,4,237,8,4,0,249,0,0,0,249
11/13/2016,MCI,MO,ACE,CE,Combined TRACON& Tower with Radar,302,17,5,0,324,0,2,3,0,5,302,19,8,0,329,0,0,0,329
11/14/2016,MCI,MO,ACE,CE,Combined TRACON& Tower with Radar,331,10,10,2,353,0,0,0,0,0,331,10,10,2,353,0,0,0,353
11/15/2016,MCI,MO,ACE,CE,Combined TRACON& Tower with Radar,330,16,7,5,358,0,0,2,0,2,330,16,9,5,360,0,0,0,360
11/16/2016,MCI,MO,ACE,CE,Combined TRACON& Tower with Radar,335,21,10,0,366,0,0,1,0,1,335,21,11,0,367,0,0,0,367
11/17/2016,MCI,MO,ACE,CE,Combined TRACON& Tower with Radar,341,23,11,2,377,0,0,2,2,4,341,23,13,4,381,0,0,0,381
11/18/2016,MCI,MO,ACE,CE,Combined TRACON& Tower with Radar,347,36,2,0,385,0,0,0,0,0,347,36,2,0,385,0,0,0,385
11/19/2016,MCI,MO,ACE,CE,Combined TRACON& Tower with Radar,265,12,5,0,282,0,0,2,0,2,265,12,7,0,284,0,0,0,284
11/20/2016,MCI,MO,ACE,CE,Combined TRACON& Tower with Radar,293,12,3,0,308,0,0,6,0,6,293,12,9,0,314,0,0,0,314
11/21/2016,MCI,MO,ACE,CE,Combined TRACON& Tower with Radar,311,14,6,0,331,0,0,3,0,3,311,14,9,0,334,0,0,0,334
11/22/2016,MCI,MO,ACE,CE,Combined TRACON& Tower with Radar,344,16,5,1,366,0,0,0,0,0,344,16,5,1,366,0,0,0,366
11/23/2016,MCI,MO,ACE,CE,Combined TRACON& Tower with Radar,352,30,4,0,386,0,0,0,0,0,352,30,4,0,386,0,0,0,386
11/24/2016,MCI,MO,ACE,CE,Combined TRACON& Tower with Radar,201,4,1,0,206,0,0,0,0,0,201,4,1,0,206,0,0,0,206
11/25/2016,MCI,MO,ACE,CE,Combined TRACON& Tower with Radar,259,8,0,0,267,0,0,0,0,0,259,8,0,0,267,0,0,0,267
11/26/2016,MCI,MO,ACE,CE,Combined TRACON& Tower with Radar,298,18,0,0,316,0,0,4,0,4,298,18,4,0,320,0,0,0,320
11/27/2016,MCI,MO,ACE,CE,Combined TRACON& Tower with Radar,344,9,2,0,355,0,0,0,0,0,344,9,2,0,355,0,0,0,355
11/28/2016,MCI,MO,ACE,CE,Combined TRACON& Tower with Radar,352,14,7,1,374,0,0,0,0,0,352,14,7,1,374,0,0,0,374
11/29/2016,MCI,MO,ACE,CE,Combined TRACON& Tower with Radar,328,11,6,2,347,0,0,4,0,4,328,11,10,2,351,0,0,0,351
11/30/2016,MCI,MO,ACE,CE,Combined TRACON& Tower with Radar,333,19,12,1,365,0,0,0,1,1,333,19,12,2,366,0,0,0,366
12/01/2016,MCI,MO,ACE,CE,Combined TRACON& Tower with Radar,338,14,13,2,367,0,0,2,0,2,338,14,15,2,369,0,0,0,369
12/02/2016,MCI,MO,ACE,CE,Combined TRACON& Tower with Radar,338,15,6,0,359,0,0,0,0,0,338,15,6,0,359,0,0,0,359
12/03/2016,MCI,MO,ACE,CE,Combined TRACON& Tower with Radar,215,16,9,0,240,0,0,0,0,0,215,16,9,0,240,0,0,0,240
12/04/2016,MCI,MO,ACE,CE,Combined TRACON& Tower with Radar,288,11,6,2,307,0,0,0,0,0,288,11,6,2,307,0,0,0,307
12/05/2016,MCI,MO,ACE,CE,Combined TRACON& Tower with Radar,332,14,9,0,355,0,2,3,0,5,332,16,12,0,360,0,0,0,360
12/06/2016,MCI,MO,ACE,CE,Combined TRACON& Tower with Radar,327,11,10,4,352,0,0,2,0,2,327,11,12,4,354,0,0,0,354
12/07/2016,MCI,MO,ACE,CE,Combined TRACON& Tower with Radar,330,15,10,4,359,0,0,1,0,1,330,15,11,4,360,0,0,0,360
12/08/2016,MCI,MO,ACE,CE,Combined TRACON& Tower with Radar,346,14,12,4,376,0,0,2,0,2,346,14,14,4,378,0,0,0,378
12/09/2016,MCI,MO,ACE,CE,Combined TRACON& Tower with Radar,334,9,6,0,349,0,0,0,2,2,334,9,6,2,351,0,0,0,351
12/10/2016,MCI,MO,ACE,CE,Combined TRACON& Tower with Radar,211,25,2,0,238,0,0,0,0,0,211,25,2,0,238,0,0,0,238
12/11/2016,MCI,MO,ACE,CE,Combined TRACON& Tower with Radar,259,9,4,8,280,0,0,0,0,0,259,9,4,8,280,0,0,0,280
12/12/2016,MCI,MO,ACE,CE,Combined TRACON& Tower with Radar,337,12,6,0,355,0,0,3,0,3,337,12,9,0,358,0,0,0,358
12/13/2016,MCI,MO,ACE,CE,Combined TRACON& Tower with Radar,332,24,16,0,372,0,3,1,0,4,332,27,17,0,376,0,0,0,376
12/14/2016,MCI,MO,ACE,CE,Combined TRACON& Tower with Radar,332,22,12,0,366,0,0,0,0,0,332,22,12,0,366,0,0,0,366
12/15/2016,MCI,MO,ACE,CE,Combined TRACON& Tower with Radar,337,24,12,5,378,0,2,3,0,5,337,26,15,5,383,0,0,0,383
12/16/2016,MCI,MO,ACE,CE,Combined TRACON& Tower with Radar,303,12,8,0,323,0,0,0,0,0,303,12,8,0,323,0,0,0,323
12/17/2016,MCI,MO,ACE,CE,Combined TRACON& Tower with Radar,237,11,8,0,256,0,0,0,0,0,237,11,8,0,256,0,0,0,256
12/18/2016,MCI,MO,ACE,CE,Combined TRACON& Tower with Radar,279,17,2,2,300,0,0,2,0,2,279,17,4,2,302,0,0,0,302
12/19/2016,MCI,MO,ACE,CE,Combined TRACON& Tower with Radar,328,14,9,0,351,0,0,1,0,1,328,14,10,0,352,0,0,0,352
12/20/2016,MCI,MO,ACE,CE,Combined TRACON& Tower with Radar,334,33,9,2,378,0,1,5,1,7,334,34,14,3,385,0,0,0,385
12/21/2016,MCI,MO,ACE,CE,Combined TRACON& Tower with Radar,343,19,11,1,374,0,1,1,0,2,343,20,12,1,376,0,0,0,376
12/22/2016,MCI,MO,ACE,CE,Combined TRACON& Tower with Radar,354,20,8,0,382,0,0,2,0,2,354,20,10,0,384,0,0,0,384
12/23/2016,MCI,MO,ACE,CE,Combined TRACON& Tower with Radar,347,32,11,0,390,0,0,4,2,6,347,32,15,2,396,0,0,0,396
12/24/2016,MCI,MO,ACE,CE,Combined TRACON& Tower with Radar,232,20,1,0,253,0,0,0,0,0,232,20,1,0,253,0,0,0,253
12/25/2016,MCI,MO,ACE,CE,Combined TRACON& Tower with Radar,223,8,0,0,231,0,0,0,0,0,223,8,0,0,231,0,0,0,231
12/26/2016,MCI,MO,ACE,CE,Combined TRACON& Tower with Radar,310,11,11,0,332,0,0,1,0,1,310,11,12,0,333,0,0,0,333
12/27/2016,MCI,MO,ACE,CE,Combined TRACON& Tower with Radar,343,13,7,4,367,0,0,3,2,5,343,13,10,6,372,0,0,0,372
12/28/2016,MCI,MO,ACE,CE,Combined TRACON& Tower with Radar,333,8,8,1,350,0,0,2,1,3,333,8,10,2,353,0,0,0,353
12/29/2016,MCI,MO,ACE,CE,Combined TRACON& Tower with Radar,344,9,2,0,355,0,0,2,0,2,344,9,4,0,357,0,0,0,357
12/30/2016,MCI,MO,ACE,CE,Combined TRACON& Tower with Radar,340,9,3,0,352,0,0,4,0,4,340,9,7,0,356,0,0,0,356
12/31/2016,MCI,MO,ACE,CE,Combined TRACON& Tower with Radar,241,8,3,0,252,0,0,2,0,2,241,8,5,0,254,0,0,0,254
01/01/2017,MCI,MO,ACE,CE,Combined TRACON& Tower with Radar,271,11,0,0,282,0,0,0,0,0,271,11,0,0,282,0,0,0,282
01/02/2017,MCI,MO,ACE,CE,Combined TRACON& Tower with Radar,314,13,6,0,333,0,0,0,0,0,314,13,6,0,333,0,0,0,333
01/03/2017,MCI,MO,ACE,CE,Combined TRACON& Tower with Radar,326,13,1,0,340,0,0,0,0,0,326,13,1,0,340,0,0,0,340
01/04/2017,MCI,MO,ACE,CE,Combined TRACON& Tower with Radar,312,12,13,0,337,0,0,2,0,2,312,12,15,0,339,0,0,0,339
01/05/2017,MCI,MO,ACE,CE,Combined TRACON& Tower with Radar,319,12,6,0,337,0,0,2,0,2,319,12,8,0,339,0,0,0,339
01/06/2017,MCI,MO,ACE,CE,Combined TRACON& Tower with Radar,322,11,10,0,343,0,0,0,0,0,322,11,10,0,343,0,0,0,343
01/07/2017,MCI,MO,ACE,CE,Combined TRACON& Tower with Radar,213,16,3,2,234,0,0,7,0,7,213,16,10,2,241,0,0,0,241
01/08/2017,MCI,MO,ACE,CE,Combined TRACON& Tower with Radar,265,16,2,0,283,0,0,0,0,0,265,16,2,0,283,0,0,0,283
01/09/2017,MCI,MO,ACE,CE,Combined TRACON& Tower with Radar,330,13,14,0,357,4,2,4,0,10,334,15,18,0,367,0,0,0,367
01/10/2017,MCI,MO,ACE,CE,Combined TRACON& Tower with Radar,306,16,10,2,334,0,0,4,0,4,306,16,14,2,338,0,0,0,338
01/11/2017,MCI,MO,ACE,CE,Combined TRACON& Tower with Radar,309,14,10,1,334,0,0,0,0,0,309,14,10,1,334,0,0,0,334
01/12/2017,MCI,MO,ACE,CE,Combined TRACON& Tower with Radar,324,17,6,1,348,0,2,2,0,4,324,19,8,1,352,0,0,0,352
01/13/2017,MCI,MO,ACE,CE,Combined TRACON& Tower with Radar,296,9,9,0,314,0,0,0,0,0,296,9,9,0,314,0,0,0,314
01/14/2017,MCI,MO,ACE,CE,Combined TRACON& Tower with Radar,190,11,7,0,208,0,0,0,0,0,190,11,7,0,208,0,0,0,208
01/15/2017,MCI,MO,ACE,CE,Combined TRACON& Tower with Radar,167,8,1,0,176,0,0,0,0,0,167,8,1,0,176,0,0,0,176
01/16/2017,MCI,MO,ACE,CE,Combined TRACON& Tower with Radar,307,17,11,0,335,0,0,0,0,0,307,17,11,0,335,0,0,0,335
01/17/2017,MCI,MO,ACE,CE,Combined TRACON& Tower with Radar,304,6,10,2,322,0,0,0,0,0,304,6,10,2,322,0,0,0,322
01/18/2017,MCI,MO,ACE,CE,Combined TRACON& Tower with Radar,311,8,24,8,351,0,2,1,9,12,311,10,25,17,363,0,0,0,363
01/19/2017,MCI,MO,ACE,CE,Combined TRACON& Tower with Radar,318,12,7,4,341,0,0,0,0,0,318,12,7,4,341,0,0,0,341
01/20/2017,MCI,MO,ACE,CE,Combined TRACON& Tower with Radar,326,7,5,0,338,0,0,0,0,0,326,7,5,0,338,0,0,0,338
01/21/2017,MCI,MO,ACE,CE,Combined TRACON& Tower with Radar,216,17,4,0,237,0,0,5,0,5,216,17,9,0,242,0,0,0,242
01/22/2017,MCI,MO,ACE,CE,Combined TRACON& Tower with Radar,259,5,0,0,264,0,0,0,0,0,259,5,0,0,264,0,0,0,264
01/23/2017,MCI,MO,ACE,CE,Combined TRACON& Tower with Radar,322,8,5,2,337,0,0,1,0,1,322,8,6,2,338,0,0,0,338
01/24/2017,MCI,MO,ACE,CE,Combined TRACON& Tower with Radar,306,11,4,0,321,0,0,0,0,0,306,11,4,0,321,0,0,0,321
01/25/2017,MCI,MO,ACE,CE,Combined TRACON& Tower with Radar,311,14,6,0,331,0,0,1,0,1,311,14,7,0,332,0,0,0,332
01/26/2017,MCI,MO,ACE,CE,Combined TRACON& Tower with Radar,320,16,14,0,350,0,2,0,0,2,320,18,14,0,352,0,0,0,352
01/27/2017,MCI,MO,ACE,CE,Combined TRACON& Tower with Radar,324,10,6,0,340,0,2,6,0,8,324,12,12,0,348,0,0,0,348
01/28/2017,MCI,MO,ACE,CE,Combined TRACON& Tower with Radar,209,11,4,0,224,0,0,6,0,6,209,11,10,0,230,0,0,0,230
01/29/2017,MCI,MO,ACE,CE,Combined TRACON& Tower with Radar,256,9,0,0,265,0,0,4,0,4,256,9,4,0,269,0,0,0,269
01/30/2017,MCI,MO,ACE,CE,Combined TRACON& Tower with Radar,323,13,11,0,347,0,0,2,1,3,323,13,13,1,350,0,0,0,350
01/31/2017,MCI,MO,ACE,CE,Combined TRACON& Tower with Radar,307,10,3,0,320,0,0,3,0,3,307,10,6,0,323,0,0,0,323
02/01/2017,MCI,MO,ACE,CE,Combined TRACON& Tower with Radar,311,13,8,1,333,0,0,1,0,1,311,13,9,1,334,0,0,0,334
02/02/2017,MCI,MO,ACE,CE,Combined TRACON& Tower with Radar,329,15,7,1,352,0,3,0,0,3,329,18,7,1,355,0,0,0,355
02/03/2017,MCI,MO,ACE,CE,Combined TRACON& Tower with Radar,327,7,12,6,352,0,4,0,0,4,327,11,12,6,356,0,0,0,356
02/04/2017,MCI,MO,ACE,CE,Combined TRACON& Tower with Radar,214,12,2,0,228,0,0,0,0,0,214,12,2,0,228,0,0,0,228
02/05/2017,MCI,MO,ACE,CE,Combined TRACON& Tower with Radar,228,4,3,0,235,0,0,0,0,0,228,4,3,0,235,0,0,0,235
02/06/2017,MCI,MO,ACE,CE,Combined TRACON& Tower with Radar,312,16,1,7,336,0,0,0,0,0,312,16,1,7,336,0,0,0,336
02/07/2017,MCI,MO,ACE,CE,Combined TRACON& Tower with Radar,311,11,6,3,331,0,0,0,0,0,311,11,6,3,331,0,0,0,331
02/08/2017,MCI,MO,ACE,CE,Combined TRACON& Tower with Radar,311,11,5,3,330,0,0,0,1,1,311,11,5,4,331,0,0,0,331
02/09/2017,MCI,MO,ACE,CE,Combined TRACON& Tower with Radar,308,11,5,0,324,0,0,4,0,4,308,11,9,0,328,0,0,0,328
02/10/2017,MCI,MO,ACE,CE,Combined TRACON& Tower with Radar,328,8,4,4,344,0,0,0,2,2,328,8,4,6,346,0,0,0,346
02/11/2017,MCI,MO,ACE,CE,Combined TRACON& Tower with Radar,218,13,9,1,241,0,0,2,0,2,218,13,11,1,243,0,0,0,243
02/12/2017,MCI,MO,ACE,CE,Combined TRACON& Tower with Radar,266,9,4,0,279,0,0,4,0,4,266,9,8,0,283,0,0,0,283
02/13/2017,MCI,MO,ACE,CE,Combined TRACON& Tower with Radar,312,2,9,2,325,0,0,4,0,4,312,2,13,2,329,0,0,0,329
02/14/2017,MCI,MO,ACE,CE,Combined TRACON& Tower with Radar,285,8,3,2,298,0,0,0,0,0,285,8,3,2,298,0,0,0,298
02/15/2017,MCI,MO,ACE,CE,Combined TRACON& Tower with Radar,308,9,16,0,333,0,0,2,0,2,308,9,18,0,335,0,0,0,335
02/16/2017,MCI,MO,ACE,CE,Combined TRACON& Tower with Radar,324,10,10,0,344,0,0,1,0,1,324,10,11,0,345,0,0,0,345
02/17/2017,MCI,MO,ACE,CE,Combined TRACON& Tower with Radar,329,17,11,0,357,0,0,3,0,3,329,17,14,0,360,0,0,0,360
02/18/2017,MCI,MO,ACE,CE,Combined TRACON& Tower with Radar,221,7,1,2,231,0,0,0,0,0,221,7,1,2,231,0,0,0,231
02/19/2017,MCI,MO,ACE,CE,Combined TRACON& Tower with Radar,257,8,6,2,273,0,0,0,0,0,257,8,6,2,273,0,0,0,273
02/20/2017,MCI,MO,ACE,CE,Combined TRACON& Tower with Radar,320,13,3,0,336,0,0,1,0,1,320,13,4,0,337,0,0,0,337
02/21/2017,MCI,MO,ACE,CE,Combined TRACON& Tower with Radar,327,15,7,0,349,0,2,0,0,2,327,17,7,0,351,0,0,0,351
02/22/2017,MCI,MO,ACE,CE,Combined TRACON& Tower with Radar,331,9,11,6,357,0,2,7,8,17,331,11,18,14,374,0,22,22,396
02/23/2017,MCI,MO,ACE,CE,Combined TRACON& Tower with Radar,324,19,14,2,359,0,0,1,2,3,324,19,15,4,362,0,0,0,362
02/24/2017,MCI,MO,ACE,CE,Combined TRACON& Tower with Radar,335,15,11,0,361,0,0,0,0,0,335,15,11,0,361,0,0,0,361
02/25/2017,MCI,MO,ACE,CE,Combined TRACON& Tower with Radar,215,12,0,1,228,0,0,7,1,8,215,12,7,2,236,0,0,0,236
02/26/2017,MCI,MO,ACE,CE,Combined TRACON& Tower with Radar,276,6,6,0,288,0,0,2,0,2,276,6,8,0,290,0,0,0,290
02/27/2017,MCI,MO,ACE,CE,Combined TRACON& Tower with Radar,328,14,11,0,353,0,0,1,0,1,328,14,12,0,354,0,0,0,354
02/28/2017,MCI,MO,ACE,CE,Combined TRACON& Tower with Radar,321,29,3,2,355,0,0,0,0,0,321,29,3,2,355,0,0,0,355
03/01/2017,MCI,MO,ACE,CE,Combined TRACON& Tower with Radar,330,13,11,0,354,0,0,2,0,2,330,13,13,0,356,0,0,0,356
03/02/2017,MCI,MO,ACE,CE,Combined TRACON& Tower with Radar,332,12,8,0,352,0,2,0,0,2,332,14,8,0,354,0,0,0,354
03/03/2017,MCI,MO,ACE,CE,Combined TRACON& Tower with Radar,332,9,6,0,347,0,2,29,0,31,332,11,35,0,378,0,0,0,378
03/04/2017,MCI,MO,ACE,CE,Combined TRACON& Tower with Radar,219,12,3,0,234,0,0,1,5,6,219,12,4,5,240,0,0,0,240
03/05/2017,MCI,MO,ACE,CE,Combined TRACON& Tower with Radar,268,10,7,0,285,0,0,0,0,0,268,10,7,0,285,0,0,0,285
03/06/2017,MCI,MO,ACE,CE,Combined TRACON& Tower with Radar,334,11,4,4,353,0,0,1,0,1,334,11,5,4,354,0,0,0,354
03/07/2017,MCI,MO,ACE,CE,Combined TRACON& Tower with Radar,326,16,11,3,356,0,0,0,0,0,326,16,11,3,356,0,0,0,356
03/08/2017,MCI,MO,ACE,CE,Combined TRACON& Tower with Radar,333,13,6,8,360,0,0,0,0,0,333,13,6,8,360,0,0,0,360
03/09/2017,MCI,MO,ACE,CE,Combined TRACON& Tower with Radar,330,13,11,2,356,0,2,4,0,6,330,15,15,2,362,0,0,0,362
03/10/2017,MCI,MO,ACE,CE,Combined TRACON& Tower with Radar,342,19,13,2,376,0,3,0,0,3,342,22,13,2,379,0,0,0,379
03/11/2017,MCI,MO,ACE,CE,Combined TRACON& Tower with Radar,252,15,9,0,276,0,0,0,0,0,252,15,9,0,276,0,0,0,276
03/12/2017,MCI,MO,ACE,CE,Combined TRACON& Tower with Radar,303,9,2,0,314,0,0,2,0,2,303,9,4,0,316,0,0,0,316
03/13/2017,MCI,MO,ACE,CE,Combined TRACON& Tower with Radar,320,10,14,0,344,0,0,0,0,0,320,10,14,0,344,0,0,0,344
03/14/2017,MCI,MO,ACE,CE,Combined TRACON& Tower with Radar,293,16,2,0,311,0,0,0,0,0,293,16,2,0,311,0,0,0,311
03/15/2017,MCI,MO,ACE,CE,Combined TRACON& Tower with Radar,336,10,11,9,366,0,0,2,0,2,336,10,13,9,368,0,0,0,368
03/16/2017,MCI,MO,ACE,CE,Combined TRACON& Tower with Radar,346,11,6,0,363,0,0,0,0,0,346,11,6,0,363,0,0,0,363
03/17/2017,MCI,MO,ACE,CE,Combined TRACON& Tower with Radar,345,14,12,0,371,0,0,0,1,1,345,14,12,1,372,0,0,0,372
03/18/2017,MCI,MO,ACE,CE,Combined TRACON& Tower with Radar,249,15,3,0,267,0,2,3,1,6,249,17,6,1,273,0,0,0,273
03/19/2017,MCI,MO,ACE,CE,Combined TRACON& Tower with Radar,304,8,5,0,317,0,0,1,0,1,304,8,6,0,318,0,0,0,318
03/20/2017,MCI,MO,ACE,CE,Combined TRACON& Tower with Radar,336,11,5,6,358,0,0,2,0,2,336,11,7,6,360,0,0,0,360
03/21/2017,MCI,MO,ACE,CE,Combined TRACON& Tower with Radar,339,10,5,2,356,0,0,5,0,5,339,10,10,2,361,0,0,0,361
03/22/2017,MCI,MO,ACE,CE,Combined TRACON& Tower with Radar,341,16,10,4,371,0,0,0,0,0,341,16,10,4,371,0,0,0,371
03/23/2017,MCI,MO,ACE,CE,Combined TRACON& Tower with Radar,337,10,7,0,354,0,0,4,0,4,337,10,11,0,358,0,0,0,358
03/24/2017,MCI,MO,ACE,CE,Combined TRACON& Tower with Radar,347,11,10,2,370,0,0,1,0,1,347,11,11,2,371,0,0,0,371
03/25/2017,MCI,MO,ACE,CE,Combined TRACON& Tower with Radar,253,17,6,0,276,0,0,0,0,0,253,17,6,0,276,0,0,0,276
03/26/2017,MCI,MO,ACE,CE,Combined TRACON& Tower with Radar,310,10,4,0,324,0,0,0,0,0,310,10,4,0,324,0,0,0,324
03/27/2017,MCI,MO,ACE,CE,Combined TRACON& Tower with Radar,341,10,10,1,362,0,0,0,0,0,341,10,10,1,362,0,0,0,362
03/28/2017,MCI,MO,ACE,CE,Combined TRACON& Tower with Radar,331,8,8,0,347,0,0,0,0,0,331,8,8,0,347,0,0,0,347
03/29/2017,MCI,MO,ACE,CE,Combined TRACON& Tower with Radar,344,17,12,1,374,0,0,0,0,0,344,17,12,1,374,0,0,0,374
03/30/2017,MCI,MO,ACE,CE,Combined TRACON& Tower with Radar,346,13,8,0,367,0,0,0,0,0,346,13,8,0,367,0,0,0,367
03/31/2017,MCI,MO,ACE,CE,Combined TRACON& Tower with Radar,334,10,8,2,354,0,0,0,0,0,334,10,8,2,354,0,0,0,354
04/01/2017,MCI,MO,ACE,CE,Combined TRACON& Tower with Radar,259,10,1,1,271,0,0,0,0,0,259,10,1,1,271,0,0,0,271
04/02/2017,MCI,MO,ACE,CE,Combined TRACON& Tower with Radar,310,6,2,0,318,0,0,0,0,0,310,6,2,0,318,0,0,0,318
04/03/2017,MCI,MO,ACE,CE,Combined TRACON& Tower with Radar,338,14,1,1,354,0,0,0,0,0,338,14,1,1,354,0,0,0,354
04/04/2017,MCI,MO,ACE,CE,Combined TRACON& Tower with Radar,321,10,6,0,337,0,0,0,0,0,321,10,6,0,337,0,0,0,337
04/05/2017,MCI,MO,ACE,CE,Combined TRACON& Tower with Radar,319,16,6,1,342,0,0,0,0,0,319,16,6,1,342,0,0,0,342
04/06/2017,MCI,MO,ACE,CE,Combined TRACON& Tower with Radar,307,14,11,3,335,0,2,5,0,7,307,16,16,3,342,0,0,0,342
04/07/2017,MCI,MO,ACE,CE,Combined TRACON& Tower with Radar,317,14,11,1,343,0,18,1,0,19,317,32,12,1,362,0,0,0,362
04/08/2017,MCI,MO,ACE,CE,Combined TRACON& Tower with Radar,245,14,3,0,262,0,0,2,0,2,245,14,5,0,264,0,0,0,264
04/09/2017,MCI,MO,ACE,CE,Combined TRACON& Tower with Radar,303,7,4,0,314,0,0,0,0,0,303,7,4,0,314,0,0,0,314
04/10/2017,MCI,MO,ACE,CE,Combined TRACON& Tower with Radar,329,14,11,0,354,0,0,2,0,2,329,14,13,0,356,0,0,0,356
04/11/2017,MCI,MO,ACE,CE,Combined TRACON& Tower with Radar,335,16,12,0,363,0,3,1,0,4,335,19,13,0,367,0,0,0,367
04/12/2017,MCI,MO,ACE,CE,Combined TRACON& Tower with Radar,335,11,19,6,371,0,1,3,0,4,335,12,22,6,375,0,0,0,375
04/13/2017,MCI,MO,ACE,CE,Combined TRACON& Tower with Radar,338,10,15,9,372,0,0,1,1,2,338,10,16,10,374,0,0,0,374
04/14/2017,MCI,MO,ACE,CE,Combined TRACON& Tower with Radar,344,8,9,0,361,0,0,0,0,0,344,8,9,0,361,0,0,0,361
04/15/2017,MCI,MO,ACE,CE,Combined TRACON& Tower with Radar,240,10,0,0,250,0,0,2,0,2,240,10,2,0,252,0,0,0,252
04/16/2017,MCI,MO,ACE,CE,Combined TRACON& Tower with Radar,297,4,5,0,306,0,2,0,0,2,297,6,5,0,308,0,0,0,308
04/17/2017,MCI,MO,ACE,CE,Combined TRACON& Tower with Radar,334,10,14,0,358,0,0,4,0,4,334,10,18,0,362,0,0,0,362
04/18/2017,MCI,MO,ACE,CE,Combined TRACON& Tower with Radar,338,15,2,1,356,0,0,6,0,6,338,15,8,1,362,0,0,0,362
04/19/2017,MCI,MO,ACE,CE,Combined TRACON& Tower with Radar,337,18,7,2,364,0,0,0,0,0,337,18,7,2,364,0,0,0,364
04/20/2017,MCI,MO,ACE,CE,Combined TRACON& Tower with Radar,341,12,4,2,359,0,2,4,2,8,341,14,8,4,367,0,0,0,367
04/21/2017,MCI,MO,ACE,CE,Combined TRACON& Tower with Radar,345,12,6,1,364,0,2,4,0,6,345,14,10,1,370,0,0,0,370
04/22/2017,MCI,MO,ACE,CE,Combined TRACON& Tower with Radar,247,12,3,0,262,0,0,1,0,1,247,12,4,0,263,0,0,0,263
04/23/2017,MCI,MO,ACE,CE,Combined TRACON& Tower with Radar,305,8,0,0,313,0,1,4,1,6,305,9,4,1,319,0,0,0,319
04/24/2017,MCI,MO,ACE,CE,Combined TRACON& Tower with Radar,339,10,12,2,363,0,0,3,0,3,339,10,15,2,366,0,0,0,366
04/25/2017,MCI,MO,ACE,CE,Combined TRACON& Tower with Radar,327,16,6,0,349,0,0,1,0,1,327,16,7,0,350,0,0,0,350
04/26/2017,MCI,MO,ACE,CE,Combined TRACON& Tower with Radar,333,12,9,0,354,0,0,0,0,0,333,12,9,0,354,0,0,0,354
04/27/2017,MCI,MO,ACE,CE,Combined TRACON& Tower with Radar,343,17,5,4,369,0,0,0,1,1,343,17,5,5,370,0,0,0,370
04/28/2017,MCI,MO,ACE,CE,Combined TRACON& Tower with Radar,345,13,9,2,369,0,0,0,0,0,345,13,9,2,369,0,0,0,369
04/29/2017,MCI,MO,ACE,CE,Combined TRACON& Tower with Radar,217,13,6,0,236,0,0,0,0,0,217,13,6,0,236,0,0,0,236
04/30/2017,MCI,MO,ACE,CE,Combined TRACON& Tower with Radar,305,8,3,0,316,0,0,0,0,0,305,8,3,0,316,0,0,0,316
05/01/2017,MCI,MO,ACE,CE,Combined TRACON& Tower with Radar,348,10,3,3,364,0,0,0,0,0,348,10,3,3,364,0,0,0,364
05/02/2017,MCI,MO,ACE,CE,Combined TRACON& Tower with Radar,333,8,8,3,352,0,4,0,0,4,333,12,8,3,356,0,0,0,356
05/03/2017,MCI,MO,ACE,CE,Combined TRACON& Tower with Radar,341,23,10,5,379,0,0,0,0,0,341,23,10,5,379,0,0,0,379
05/04/2017,MCI,MO,ACE,CE,Combined TRACON& Tower with Radar,346,13,1,6,366,0,2,0,0,2,346,15,1,6,368,0,0,0,368
05/05/2017,MCI,MO,ACE,CE,Combined TRACON& Tower with Radar,338,17,8,0,363,0,0,0,0,0,338,17,8,0,363,0,0,0,363
05/06/2017,MCI,MO,ACE,CE,Combined TRACON& Tower with Radar,246,14,5,0,265,0,0,3,0,3,246,14,8,0,268,0,0,0,268
05/07/2017,MCI,MO,ACE,CE,Combined TRACON& Tower with Radar,308,9,0,0,317,0,0,1,0,1,308,9,1,0,318,0,0,0,318
05/08/2017,MCI,MO,ACE,CE,Combined TRACON& Tower with Radar,341,10,5,0,356,0,0,5,0,5,341,10,10,0,361,0,0,0,361
05/09/2017,MCI,MO,ACE,CE,Combined TRACON& Tower with Radar,347,12,13,1,373,0,0,0,0,0,347,12,13,1,373,0,0,0,373
05/10/2017,MCI,MO,ACE,CE,Combined TRACON& Tower with Radar,351,13,12,3,379,0,0,0,0,0,351,13,12,3,379,0,0,0,379
05/11/2017,MCI,MO,ACE,CE,Combined TRACON& Tower with Radar,342,15,16,2,375,0,0,0,0,0,342,15,16,2,375,0,0,0,375
05/12/2017,MCI,MO,ACE,CE,Combined TRACON& Tower with Radar,343,13,8,0,364,0,0,3,0,3,343,13,11,0,367,0,0,0,367
05/13/2017,MCI,MO,ACE,CE,Combined TRACON& Tower with Radar,242,13,14,0,269,0,0,6,0,6,242,13,20,0,275,0,0,0,275
05/14/2017,MCI,MO,ACE,CE,Combined TRACON& Tower with Radar,311,4,9,0,324,0,0,4,0,4,311,4,13,0,328,0,0,0,328
05/15/2017,MCI,MO,ACE,CE,Combined TRACON& Tower with Radar,344,9,7,0,360,0,2,2,0,4,344,11,9,0,364,0,0,0,364
05/16/2017,MCI,MO,ACE,CE,Combined TRACON& Tower with Radar,350,9,6,2,367,0,0,0,0,0,350,9,6,2,367,0,0,0,367
05/17/2017,MCI,MO,ACE,CE,Combined TRACON& Tower with Radar,348,14,22,2,386,0,0,0,0,0,348,14,22,2,386,0,0,0,386
05/18/2017,MCI,MO,ACE,CE,Combined TRACON& Tower with Radar,316,15,19,2,352,0,0,0,0,0,316,15,19,2,352,0,0,0,352
05/19/2017,MCI,MO,ACE,CE,Combined TRACON& Tower with Radar,381,12,9,5,407,0,0,1,0,1,381,12,10,5,408,0,0,0,408
05/20/2017,MCI,MO,ACE,CE,Combined TRACON& Tower with Radar,252,13,4,0,269,0,0,0,0,0,252,13,4,0,269,0,0,0,269
05/21/2017,MCI,MO,ACE,CE,Combined TRACON& Tower with Radar,315,10,6,0,331,0,4,3,0,7,315,14,9,0,338,0,0,0,338
05/22/2017,MCI,MO,ACE,CE,Combined TRACON& Tower with Radar,339,13,7,0,359,0,0,1,0,1,339,13,8,0,360,0,0,0,360
05/23/2017,MCI,MO,ACE,CE,Combined TRACON& Tower with Radar,348,11,3,4,366,0,0,0,0,0,348,11,3,4,366,0,0,0,366
05/24/2017,MCI,MO,ACE,CE,Combined TRACON& Tower with Radar,350,15,3,2,370,0,0,6,0,6,350,15,9,2,376,0,0,0,376
05/25/2017,MCI,MO,ACE,CE,Combined TRACON& Tower with Radar,350,10,10,2,372,0,0,3,2,5,350,10,13,4,377,0,0,0,377
05/26/2017,MCI,MO,ACE,CE,Combined TRACON& Tower with Radar,353,7,10,2,372,0,0,3,0,3,353,7,13,2,375,0,0,0,375
05/27/2017,MCI,MO,ACE,CE,Combined TRACON& Tower with Radar,243,14,4,0,261,0,0,0,0,0,243,14,4,0,261,0,0,0,261
05/28/2017,MCI,MO,ACE,CE,Combined TRACON& Tower with Radar,280,2,3,2,287,0,0,3,0,3,280,2,6,2,290,0,0,0,290
05/29/2017,MCI,MO,ACE,CE,Combined TRACON& Tower with Radar,315,5,2,0,322,0,2,4,0,6,315,7,6,0,328,0,0,0,328
05/30/2017,MCI,MO,ACE,CE,Combined TRACON& Tower with Radar,331,15,3,2,351,0,4,2,0,6,331,19,5,2,357,0,0,0,357
05/31/2017,MCI,MO,ACE,CE,Combined TRACON& Tower with Radar,349,13,6,0,368,0,0,2,0,2,349,13,8,0,370,0,0,0,370
06/01/2017,MCI,MO,ACE,CE,Combined TRACON& Tower with Radar,351,9,5,0,365,0,0,0,0,0,351,9,5,0,365,0,0,0,365
06/02/2017,MCI,MO,ACE,CE,Combined TRACON& Tower with Radar,337,12,6,3,358,0,6,4,0,10,337,18,10,3,368,0,0,0,368
06/03/2017,MCI,MO,ACE,CE,Combined TRACON& Tower with Radar,252,13,1,1,267,0,0,2,0,2,252,13,3,1,269,0,0,0,269
06/04/2017,MCI,MO,ACE,CE,Combined TRACON& Tower with Radar,309,5,1,0,315,0,0,2,0,2,309,5,3,0,317,0,0,0,317
06/05/2017,MCI,MO,ACE,CE,Combined TRACON& Tower with Radar,355,15,5,5,380,0,2,0,0,2,355,17,5,5,382,0,0,0,382
06/06/2017,MCI,MO,ACE,CE,Combined TRACON& Tower with Radar,354,11,5,0,370,0,0,5,0,5,354,11,10,0,375,0,0,0,375
06/07/2017,MCI,MO,ACE,CE,Combined TRACON& Tower with Radar,350,14,16,1,381,0,0,4,0,4,350,14,20,1,385,20,0,20,405
06/08/2017,MCI,MO,ACE,CE,Combined TRACON& Tower with Radar,345,19,15,0,379,0,0,6,0,6,345,19,21,0,385,0,0,0,385
06/09/2017,MCI,MO,ACE,CE,Combined TRACON& Tower with Radar,351,16,13,0,380,0,0,2,0,2,351,16,15,0,382,0,0,0,382
06/10/2017,MCI,MO,ACE,CE,Combined TRACON& Tower with Radar,283,16,3,0,302,0,0,0,0,0,283,16,3,0,302,0,0,0,302
06/11/2017,MCI,MO,ACE,CE,Combined TRACON& Tower with Radar,310,10,6,0,326,0,0,4,0,4,310,10,10,0,330,0,0,0,330
06/12/2017,MCI,MO,ACE,CE,Combined TRACON& Tower with Radar,357,15,14,0,386,0,0,2,0,2,357,15,16,0,388,0,0,0,388
06/13/2017,MCI,MO,ACE,CE,Combined TRACON& Tower with Radar,350,16,4,4,374,0,2,0,0,2,350,18,4,4,376,0,0,0,376
06/14/2017,MCI,MO,ACE,CE,Combined TRACON& Tower with Radar,351,12,7,2,372,0,0,0,0,0,351,12,7,2,372,0,0,0,372
06/15/2017,MCI,MO,ACE,CE,Combined TRACON& Tower with Radar,351,16,10,0,377,0,0,7,0,7,351,16,17,0,384,0,0,0,384
06/16/2017,MCI,MO,ACE,CE,Combined TRACON& Tower with Radar,357,13,9,0,379,0,0,0,0,0,357,13,9,0,379,0,0,0,379
06/17/2017,MCI,MO,ACE,CE,Combined TRACON& Tower with Radar,291,12,4,0,307,0,0,4,0,4,291,12,8,0,311,0,0,0,311
06/18/2017,MCI,MO,ACE,CE,Combined TRACON& Tower with Radar,316,9,11,0,336,0,0,8,0,8,316,9,19,0,344,0,0,0,344
06/19/2017,MCI,MO,ACE,CE,Combined TRACON& Tower with Radar,330,14,6,5,355,0,14,12,1,27,330,28,18,6,382,0,0,0,382
06/20/2017,MCI,MO,ACE,CE,Combined TRACON& Tower with Radar,349,25,10,0,384,0,6,4,0,10,349,31,14,0,394,0,0,0,394
06/21/2017,MCI,MO,ACE,CE,Combined TRACON& Tower with Radar,350,15,13,5,383,0,0,4,0,4,350,15,17,5,387,0,0,0,387
06/22/2017,MCI,MO,ACE,CE,Combined TRACON& Tower with Radar,355,15,11,0,381,0,0,0,0,0,355,15,11,0,381,0,0,0,381
06/23/2017,MCI,MO,ACE,CE,Combined TRACON& Tower with Radar,346,13,5,0,364,0,0,2,0,2,346,13,7,0,366,0,0,0,366
06/24/2017,MCI,MO,ACE,CE,Combined TRACON& Tower with Radar,288,13,2,0,303,0,2,2,0,4,288,15,4,0,307,0,0,0,307
06/25/2017,MCI,MO,ACE,CE,Combined TRACON& Tower with Radar,317,11,2,0,330,0,2,6,0,8,317,13,8,0,338,0,0,0,338
06/26/2017,MCI,MO,ACE,CE,Combined TRACON& Tower with Radar,353,18,7,2,380,0,1,1,0,2,353,19,8,2,382,0,0,0,382
06/27/2017,MCI,MO,ACE,CE,Combined TRACON& Tower with Radar,353,17,7,8,385,0,0,3,0,3,353,17,10,8,388,0,0,0,388
06/28/2017,MCI,MO,ACE,CE,Combined TRACON& Tower with Radar,349,17,12,1,379,0,0,3,2,5,349,17,15,3,384,0,0,0,384
06/29/2017,MCI,MO,ACE,CE,Combined TRACON& Tower with Radar,338,14,11,0,363,0,0,2,12,14,338,14,13,12,377,0,0,0,377
06/30/2017,MCI,MO,ACE,CE,Combined TRACON& Tower with Radar,362,13,8,0,383,1,2,0,0,3,363,15,8,0,386,0,0,0,386
07/01/2017,MCI,MO,ACE,CE,Combined TRACON& Tower with Radar,289,11,4,0,304,0,0,2,0,2,289,11,6,0,306,0,0,0,306
07/02/2017,MCI,MO,ACE,CE,Combined TRACON& Tower with Radar,292,5,6,0,303,0,0,5,0,5,292,5,11,0,308,0,0,0,308
07/03/2017,MCI,MO,ACE,CE,Combined TRACON& Tower with Radar,276,11,5,0,292,0,0,5,0,5,276,11,10,0,297,0,0,0,297
07/04/2017,MCI,MO,ACE,CE,Combined TRACON& Tower with Radar,250,9,2,0,261,0,0,0,0,0,250,9,2,0,261,0,0,0,261
07/05/2017,MCI,MO,ACE,CE,Combined TRACON& Tower with Radar,334,7,13,0,354,0,0,2,0,2,334,7,15,0,356,0,0,0,356
07/06/2017,MCI,MO,ACE,CE,Combined TRACON& Tower with Radar,341,12,5,0,358,0,0,1,0,1,341,12,6,0,359,0,0,0,359
07/07/2017,MCI,MO,ACE,CE,Combined TRACON& Tower with Radar,346,10,10,0,366,0,0,5,0,5,346,10,15,0,371,0,0,0,371
07/08/2017,MCI,MO,ACE,CE,Combined TRACON& Tower with Radar,279,8,5,0,292,0,0,1,0,1,279,8,6,0,293,0,0,0,293
07/09/2017,MCI,MO,ACE,CE,Combined TRACON& Tower with Radar,314,8,6,0,328,0,0,8,0,8,314,8,14,0,336,0,0,0,336
07/10/2017,MCI,MO,ACE,CE,Combined TRACON& Tower with Radar,349,11,9,0,369,0,0,3,0,3,349,11,12,0,372,0,0,0,372
07/11/2017,MCI,MO,ACE,CE,Combined TRACON& Tower with Radar,347,14,6,12,379,0,0,6,7,13,347,14,12,19,392,0,0,0,392
07/12/2017,MCI,MO,ACE,CE,Combined TRACON& Tower with Radar,351,17,12,3,383,0,2,2,12,16,351,19,14,15,399,0,0,0,399
07/13/2017,MCI,MO,ACE,CE,Combined TRACON& Tower with Radar,337,17,10,1,365,0,0,0,4,4,337,17,10,5,369,0,11,11,380
07/14/2017,MCI,MO,ACE,CE,Combined TRACON& Tower with Radar,352,14,2,3,371,0,0,0,0,0,352,14,2,3,371,0,0,0,371
07/15/2017,MCI,MO,ACE,CE,Combined TRACON& Tower with Radar,280,9,5,0,294,0,0,0,0,0,280,9,5,0,294,0,0,0,294
07/16/2017,MCI,MO,ACE,CE,Combined TRACON& Tower with Radar,323,11,3,0,337,0,0,4,0,4,323,11,7,0,341,0,0,0,341
07/17/2017,MCI,MO,ACE,CE,Combined TRACON& Tower with Radar,341,14,6,2,363,0,0,2,0,2,341,14,8,2,365,0,0,0,365
07/18/2017,MCI,MO,ACE,CE,Combined TRACON& Tower with Radar,341,18,5,0,364,0,2,4,0,6,341,20,9,0,370,0,0,0,370
07/19/2017,MCI,MO,ACE,CE,Combined TRACON& Tower with Radar,356,17,8,0,381,0,0,1,0,1,356,17,9,0,382,0,0,0,382
07/20/2017,MCI,MO,ACE,CE,Combined TRACON& Tower with Radar,352,20,9,0,381,0,0,2,0,2,352,20,11,0,383,0,0,0,383
07/21/2017,MCI,MO,ACE,CE,Combined TRACON& Tower with Radar,348,15,6,0,369,0,0,2,0,2,348,15,8,0,371,0,0,0,371
07/22/2017,MCI,MO,ACE,CE,Combined TRACON& Tower with Radar,282,10,4,0,296,0,0,0,0,0,282,10,4,0,296,0,0,0,296
07/23/2017,MCI,MO,ACE,CE,Combined TRACON& Tower with Radar,310,9,8,0,327,0,0,4,0,4,310,9,12,0,331,0,0,0,331
07/24/2017,MCI,MO,ACE,CE,Combined TRACON& Tower with Radar,348,11,7,0,366,0,0,6,0,6,348,11,13,0,372,0,0,0,372
07/25/2017,MCI,MO,ACE,CE,Combined TRACON& Tower with Radar,349,18,15,1,383,0,0,2,0,2,349,18,17,1,385,0,0,0,385
07/26/2017,MCI,MO,ACE,CE,Combined TRACON& Tower with Radar,347,19,7,0,373,0,0,0,0,0,347,19,7,0,373,0,0,0,373
07/27/2017,MCI,MO,ACE,CE,Combined TRACON& Tower with Radar,353,19,17,2,391,0,0,8,0,8,353,19,25,2,399,24,0,24,423
07/28/2017,MCI,MO,ACE,CE,Combined TRACON& Tower with Radar,350,11,14,3,378,0,2,4,0,6,350,13,18,3,384,0,0,0,384
07/29/2017,MCI,MO,ACE,CE,Combined TRACON& Tower with Radar,284,10,5,0,299,0,0,6,0,6,284,10,11,0,305,0,0,0,305
07/30/2017,MCI,MO,ACE,CE,Combined TRACON& Tower with Radar,320,9,15,0,344,0,0,2,0,2,320,9,17,0,346,0,0,0,346
07/31/2017,MCI,MO,ACE,CE,Combined TRACON& Tower with Radar,353,14,4,0,371,0,0,3,0,3,353,14,7,0,374,0,0,0,374
08/01/2017,MCI,MO,ACE,CE,Combined TRACON& Tower with Radar,344,12,11,2,369,0,2,0,0,2,344,14,11,2,371,0,0,0,371
08/02/2017,MCI,MO,ACE,CE,Combined TRACON& Tower with Radar,340,15,9,4,368,0,0,7,1,8,340,15,16,5,376,0,0,0,376
08/03/2017,MCI,MO,ACE,CE,Combined TRACON& Tower with Radar,340,15,5,0,360,0,0,0,0,0,340,15,5,0,360,0,0,0,360
08/04/2017,MCI,MO,ACE,CE,Combined TRACON& Tower with Radar,343,10,8,0,361,0,0,2,0,2,343,10,10,0,363,0,0,0,363
08/05/2017,MCI,MO,ACE,CE,Combined TRACON& Tower with Radar,281,9,2,0,292,0,0,0,0,0,281,9,2,0,292,0,0,0,292
08/06/2017,MCI,MO,ACE,CE,Combined TRACON& Tower with Radar,321,16,3,0,340,0,0,3,0,3,321,16,6,0,343,0,0,0,343
08/07/2017,MCI,MO,ACE,CE,Combined TRACON& Tower with Radar,343,15,7,0,365,0,0,1,0,1,343,15,8,0,366,0,0,0,366
08/08/2017,MCI,MO,ACE,CE,Combined TRACON& Tower with Radar,343,15,5,2,365,0,1,2,0,3,343,16,7,2,368,0,0,0,368
08/09/2017,MCI,MO,ACE,CE,Combined TRACON& Tower with Radar,352,24,9,1,386,0,0,2,0,2,352,24,11,1,388,0,0,0,388
08/10/2017,MCI,MO,ACE,CE,Combined TRACON& Tower with Radar,351,20,17,1,389,0,0,1,0,1,351,20,18,1,390,0,0,0,390
08/11/2017,MCI,MO,ACE,CE,Combined TRACON& Tower with Radar,359,14,4,0,377,0,0,0,2,2,359,14,4,2,379,0,0,0,379
08/12/2017,MCI,MO,ACE,CE,Combined TRACON& Tower with Radar,290,12,4,0,306,0,0,5,0,5,290,12,9,0,311,0,0,0,311
08/13/2017,MCI,MO,ACE,CE,Combined TRACON& Tower with Radar,320,10,4,0,334,0,0,3,0,3,320,10,7,0,337,0,0,0,337
08/14/2017,MCI,MO,ACE,CE,Combined TRACON& Tower with Radar,343,19,9,0,371,0,0,0,0,0,343,19,9,0,371,0,0,0,371
08/15/2017,MCI,MO,ACE,CE,Combined TRACON& Tower with Radar,341,14,9,0,364,0,0,4,1,5,341,14,13,1,369,0,0,0,369
08/16/2017,MCI,MO,ACE,CE,Combined TRACON& Tower with Radar,333,16,8,0,357,0,0,0,0,0,333,16,8,0,357,0,0,0,357
08/17/2017,MCI,MO,ACE,CE,Combined TRACON& Tower with Radar,344,19,6,5,374,0,1,8,7,16,344,20,14,12,390,0,40,40,430
08/18/2017,MCI,MO,ACE,CE,Combined TRACON& Tower with Radar,334,15,3,2,354,0,2,1,0,3,334,17,4,2,357,0,0,0,357
08/19/2017,MCI,MO,ACE,CE,Combined TRACON& Tower with Radar,255,9,1,0,265,0,0,6,0,6,255,9,7,0,271,0,0,0,271
08/20/2017,MCI,MO,ACE,CE,Combined TRACON& Tower with Radar,314,11,5,0,330,0,0,4,0,4,314,11,9,0,334,0,0,0,334
08/21/2017,MCI,MO,ACE,CE,Combined TRACON& Tower with Radar,295,12,13,0,320,0,0,8,0,8,295,12,21,0,328,0,0,0,328
08/22/2017,MCI,MO,ACE,CE,Combined TRACON& Tower with Radar,371,12,14,0,397,0,0,4,0,4,371,12,18,0,401,0,0,0,401
08/23/2017,MCI,MO,ACE,CE,Combined TRACON& Tower with Radar,344,12,12,0,368,0,0,3,0,3,344,12,15,0,371,0,0,0,371
08/24/2017,MCI,MO,ACE,CE,Combined TRACON& Tower with Radar,349,16,17,2,384,0,0,0,0,0,349,16,17,2,384,0,0,0,384
08/25/2017,MCI,MO,ACE,CE,Combined TRACON& Tower with Radar,340,16,10,0,366,0,0,3,0,3,340,16,13,0,369,0,0,0,369
08/26/2017,MCI,MO,ACE,CE,Combined TRACON& Tower with Radar,229,10,9,0,248,0,2,3,0,5,229,12,12,0,253,12,0,12,265
08/27/2017,MCI,MO,ACE,CE,Combined TRACON& Tower with Radar,282,4,6,0,292,0,0,2,0,2,282,4,8,0,294,0,0,0,294
08/28/2017,MCI,MO,ACE,CE,Combined TRACON& Tower with Radar,324,6,0,4,334,0,0,2,0,2,324,6,2,4,336,0,0,0,336
08/29/2017,MCI,MO,ACE,CE,Combined TRACON& Tower with Radar,315,15,8,0,338,0,0,4,2,6,315,15,12,2,344,0,0,0,344
08/30/2017,MCI,MO,ACE,CE,Combined TRACON& Tower with Radar,326,11,12,5,354,0,4,0,3,7,326,15,12,8,361,20,22,42,403
08/31/2017,MCI,MO,ACE,CE,Combined TRACON& Tower with Radar,325,7,12,4,348,0,2,0,0,2,325,9,12,4,350,0,8,8,358
09/01/2017,MCI,MO,ACE,CE,Combined TRACON& Tower with Radar,326,13,7,2,348,0,0,0,0,0,326,13,7,2,348,0,0,0,348
09/02/2017,MCI,MO,ACE,CE,Combined TRACON& Tower with Radar,197,4,6,0,207,0,0,0,0,0,197,4,6,0,207,0,0,0,207
09/03/2017,MCI,MO,ACE,CE,Combined TRACON& Tower with Radar,218,6,5,0,229,0,0,6,0,6,218,6,11,0,235,0,0,0,235
09/04/2017,MCI,MO,ACE,CE,Combined TRACON& Tower with Radar,317,10,3,0,330,0,0,4,0,4,317,10,7,0,334,0,0,0,334
09/05/2017,MCI,MO,ACE,CE,Combined TRACON& Tower with Radar,306,8,1,7,322,0,2,1,0,3,306,10,2,7,325,0,0,0,325
09/06/2017,MCI,MO,ACE,CE,Combined TRACON& Tower with Radar,316,8,5,4,333,0,3,1,2,6,316,11,6,6,339,0,0,0,339
09/07/2017,MCI,MO,ACE,CE,Combined TRACON& Tower with Radar,320,15,9,2,346,0,0,1,0,1,320,15,10,2,347,0,0,0,347
09/08/2017,MCI,MO,ACE,CE,Combined TRACON& Tower with Radar,324,10,7,8,349,0,5,0,0,5,324,15,7,8,354,0,0,0,354
09/09/2017,MCI,MO,ACE,CE,Combined TRACON& Tower with Radar,209,11,1,0,221,0,0,3,0,3,209,11,4,0,224,0,0,0,224
09/10/2017,MCI,MO,ACE,CE,Combined TRACON& Tower with Radar,278,14,6,0,298,0,0,2,2,4,278,14,8,2,302,0,0,0,302
09/11/2017,MCI,MO,ACE,CE,Combined TRACON& Tower with Radar,308,13,7,0,328,0,2,2,0,4,308,15,9,0,332,0,0,0,332
09/12/2017,MCI,MO,ACE,CE,Combined TRACON& Tower with Radar,311,9,6,2,328,0,6,1,0,7,311,15,7,2,335,0,0,0,335
09/13/2017,MCI,MO,ACE,CE,Combined TRACON& Tower with Radar,323,12,16,2,353,0,2,0,1,3,323,14,16,3,356,0,0,0,356
09/14/2017,MCI,MO,ACE,CE,Combined TRACON& Tower with Radar,335,14,7,2,358,0,0,4,0,4,335,14,11,2,362,0,0,0,362
09/15/2017,MCI,MO,ACE,CE,Combined TRACON& Tower with Radar,344,14,11,2,371,0,1,0,0,1,344,15,11,2,372,0,0,0,372
09/16/2017,MCI,MO,ACE,CE,Combined TRACON& Tower with Radar,219,21,8,0,248,0,0,0,0,0,219,21,8,0,248,0,0,0,248
09/17/2017,MCI,MO,ACE,CE,Combined TRACON& Tower with Radar,304,19,9,0,332,0,0,0,0,0,304,19,9,0,332,0,0,0,332
09/18/2017,MCI,MO,ACE,CE,Combined TRACON& Tower with Radar,335,12,9,0,356,0,0,0,0,0,335,12,9,0,356,0,0,0,356
09/19/2017,MCI,MO,ACE,CE,Combined TRACON& Tower with Radar,334,17,7,0,358,0,0,0,0,0,334,17,7,0,358,0,0,0,358
09/20/2017,MCI,MO,ACE,CE,Combined TRACON& Tower with Radar,329,16,24,0,369,0,0,1,0,1,329,16,25,0,370,0,0,0,370
09/21/2017,MCI,MO,ACE,CE,Combined TRACON& Tower with Radar,340,14,6,6,366,0,0,2,0,2,340,14,8,6,368,0,0,0,368
09/22/2017,MCI,MO,ACE,CE,Combined TRACON& Tower with Radar,344,13,2,2,361,0,4,19,0,23,344,17,21,2,384,0,0,0,384
09/23/2017,MCI,MO,ACE,CE,Combined TRACON& Tower with Radar,215,21,5,1,242,0,0,9,0,9,215,21,14,1,251,2,0,2,253
09/24/2017,MCI,MO,ACE,CE,Combined TRACON& Tower with Radar,305,17,3,0,325,0,4,1,0,5,305,21,4,0,330,26,0,26,356
09/25/2017,MCI,MO,ACE,CE,Combined TRACON& Tower with Radar,336,20,11,5,372,0,0,0,0,0,336,20,11,5,372,0,0,0,372
09/26/2017,MCI,MO,ACE,CE,Combined TRACON& Tower with Radar,331,12,14,4,361,0,0,0,0,0,331,12,14,4,361,0,0,0,361
09/27/2017,MCI,MO,ACE,CE,Combined TRACON& Tower with Radar,333,13,16,3,365,0,2,0,0,2,333,15,16,3,367,0,0,0,367
09/28/2017,MCI,MO,ACE,CE,Combined TRACON& Tower with Radar,338,16,4,5,363,0,1,0,0,1,338,17,4,5,364,0,0,0,364
09/29/2017,MCI,MO,ACE,CE,Combined TRACON& Tower with Radar,345,9,4,0,358,0,6,0,0,6,345,15,4,0,364,0,0,0,364
09/30/2017,MCI,MO,ACE,CE,Combined TRACON& Tower with Radar,217,22,6,0,245,0,0,3,0,3,217,22,9,0,248,0,0,0,248
10/01/2017,MCI,MO,ACE,CE,Combined TRACON& Tower with Radar,295,14,5,0,314,0,4,0,0,4,295,18,5,0,318,0,10,10,328
10/02/2017,MCI,MO,ACE,CE,Combined TRACON& Tower with Radar,339,15,4,0,358,0,0,3,0,3,339,15,7,0,361,0,0,0,361
10/03/2017,MCI,MO,ACE,CE,Combined TRACON& Tower with Radar,326,16,12,2,356,0,0,0,0,0,326,16,12,2,356,0,0,0,356
10/04/2017,MCI,MO,ACE,CE,Combined TRACON& Tower with Radar,338,12,15,0,365,0,0,0,0,0,338,12,15,0,365,0,0,0,365
10/05/2017,MCI,MO,ACE,CE,Combined TRACON& Tower with Radar,342,25,8,0,375,0,0,2,0,2,342,25,10,0,377,0,0,0,377
10/06/2017,MCI,MO,ACE,CE,Combined TRACON& Tower with Radar,343,15,11,0,369,0,0,0,0,0,343,15,11,0,369,0,0,0,369
10/07/2017,MCI,MO,ACE,CE,Combined TRACON& Tower with Radar,230,11,2,1,244,0,0,2,0,2,230,11,4,1,246,0,0,0,246
10/08/2017,MCI,MO,ACE,CE,Combined TRACON& Tower with Radar,289,5,3,1,298,0,1,6,0,7,289,6,9,1,305,12,0,12,317
10/09/2017,MCI,MO,ACE,CE,Combined TRACON& Tower with Radar,336,11,6,0,353,0,0,0,0,0,336,11,6,0,353,0,0,0,353
10/10/2017,MCI,MO,ACE,CE,Combined TRACON& Tower with Radar,328,6,9,0,343,0,0,0,0,0,328,6,9,0,343,0,0,0,343
10/11/2017,MCI,MO,ACE,CE,Combined TRACON& Tower with Radar,335,15,13,7,370,0,2,3,2,7,335,17,16,9,377,0,0,0,377
10/12/2017,MCI,MO,ACE,CE,Combined TRACON& Tower with Radar,337,15,6,5,363,0,4,0,4,8,337,19,6,9,371,0,0,0,371
10/13/2017,MCI,MO,ACE,CE,Combined TRACON& Tower with Radar,347,12,9,2,370,0,2,1,1,4,347,14,10,3,374,6,0,6,380
10/14/2017,MCI,MO,ACE,CE,Combined TRACON& Tower with Radar,229,12,1,0,242,0,0,1,0,1,229,12,2,0,243,0,0,0,243
10/15/2017,MCI,MO,ACE,CE,Combined TRACON& Tower with Radar,304,6,5,0,315,0,0,1,0,1,304,6,6,0,316,0,0,0,316
10/16/2017,MCI,MO,ACE,CE,Combined TRACON& Tower with Radar,342,13,10,3,368,0,1,2,0,3,342,14,12,3,371,0,0,0,371
10/17/2017,MCI,MO,ACE,CE,Combined TRACON& Tower with Radar,330,8,4,0,342,0,0,4,2,6,330,8,8,2,348,0,0,0,348
10/18/2017,MCI,MO,ACE,CE,Combined TRACON& Tower with Radar,340,14,6,0,360,0,0,5,0,5,340,14,11,0,365,0,0,0,365
10/19/2017,MCI,MO,ACE,CE,Combined TRACON& Tower with Radar,343,17,19,2,381,0,0,6,0,6,343,17,25,2,387,0,0,0,387
10/20/2017,MCI,MO,ACE,CE,Combined TRACON& Tower with Radar,350,26,22,3,401,0,0,1,0,1,350,26,23,3,402,0,0,0,402
10/21/2017,MCI,MO,ACE,CE,Combined TRACON& Tower with Radar,223,12,14,0,249,0,0,2,0,2,223,12,16,0,251,0,0,0,251
10/22/2017,MCI,MO,ACE,CE,Combined TRACON& Tower with Radar,308,9,19,0,336,0,0,1,0,1,308,9,20,0,337,0,0,0,337
10/23/2017,MCI,MO,ACE,CE,Combined TRACON& Tower with Radar,342,11,5,2,360,0,0,1,0,1,342,11,6,2,361,0,0,0,361
10/24/2017,MCI,MO,ACE,CE,Combined TRACON& Tower with Radar,318,8,6,0,332,0,0,2,0,2,318,8,8,0,334,0,0,0,334
10/25/2017,MCI,MO,ACE,CE,Combined TRACON& Tower with Radar,327,17,19,4,367,0,1,2,2,5,327,18,21,6,372,0,0,0,372
10/26/2017,MCI,MO,ACE,CE,Combined TRACON& Tower with Radar,335,12,8,3,358,0,0,0,3,3,335,12,8,6,361,0,0,0,361
10/27/2017,MCI,MO,ACE,CE,Combined TRACON& Tower with Radar,346,14,6,0,366,0,4,3,0,7,346,18,9,0,373,0,0,0,373
10/28/2017,MCI,MO,ACE,CE,Combined TRACON& Tower with Radar,230,8,5,0,243,0,0,2,0,2,230,8,7,0,245,0,0,0,245
10/29/2017,MCI,MO,ACE,CE,Combined TRACON& Tower with Radar,288,8,2,0,298,0,0,6,0,6,288,8,8,0,304,12,0,12,316
10/30/2017,MCI,MO,ACE,CE,Combined TRACON& Tower with Radar,325,9,11,0,345,0,4,0,0,4,325,13,11,0,349,6,0,6,355
10/31/2017,MCI,MO,ACE,CE,Combined TRACON& Tower with Radar,288,14,11,0,313,0,0,0,0,0,288,14,11,0,313,0,0,0,313
11/01/2017,MCI,MO,ACE,CE,Combined TRACON& Tower with Radar,322,14,15,0,351,0,0,0,0,0,322,14,15,0,351,0,0,0,351
11/02/2017,MCI,MO,ACE,CE,Combined TRACON& Tower with Radar,329,13,9,0,351,0,0,0,0,0,329,13,9,0,351,0,0,0,351
11/03/2017,MCI,MO,ACE,CE,Combined TRACON& Tower with Radar,336,7,16,0,359,0,0,0,0,0,336,7,16,0,359,0,0,0,359
11/04/2017,MCI,MO,ACE,CE,Combined TRACON& Tower with Radar,234,9,0,0,243,0,0,0,0,0,234,9,0,0,243,0,0,0,243
11/05/2017,MCI,MO,ACE,CE,Combined TRACON& Tower with Radar,290,6,4,0,300,0,0,0,0,0,290,6,4,0,300,0,0,0,300
11/06/2017,MCI,MO,ACE,CE,Combined TRACON& Tower with Radar,321,7,4,2,334,0,0,1,0,1,321,7,5,2,335,0,0,0,335
11/07/2017,MCI,MO,ACE,CE,Combined TRACON& Tower with Radar,313,9,6,4,332,0,1,2,0,3,313,10,8,4,335,0,0,0,335
11/08/2017,MCI,MO,ACE,CE,Combined TRACON& Tower with Radar,331,9,11,0,351,0,0,0,0,0,331,9,11,0,351,0,0,0,351
11/09/2017,MCI,MO,ACE,CE,Combined TRACON& Tower with Radar,341,12,9,0,362,0,3,2,0,5,341,15,11,0,367,0,0,0,367
11/10/2017,MCI,MO,ACE,CE,Combined TRACON& Tower with Radar,333,20,3,0,356,0,7,1,0,8,333,27,4,0,364,0,0,0,364
11/11/2017,MCI,MO,ACE,CE,Combined TRACON& Tower with Radar,232,12,0,0,244,0,0,0,0,0,232,12,0,0,244,0,0,0,244
11/12/2017,MCI,MO,ACE,CE,Combined TRACON& Tower with Radar,293,6,6,0,305,0,0,0,0,0,293,6,6,0,305,0,0,0,305
11/13/2017,MCI,MO,ACE,CE,Combined TRACON& Tower with Radar,333,10,4,2,349,0,0,0,0,0,333,10,4,2,349,0,0,0,349
11/14/2017,MCI,MO,ACE,CE,Combined TRACON& Tower with Radar,324,16,4,2,346,0,0,0,0,0,324,16,4,2,346,0,0,0,346
11/15/2017,MCI,MO,ACE,CE,Combined TRACON& Tower with Radar,336,14,12,0,362,0,2,14,0,16,336,16,26,0,378,0,0,0,378
11/16/2017,MCI,MO,ACE,CE,Combined TRACON& Tower with Radar,339,9,10,2,360,0,0,6,0,6,339,9,16,2,366,0,0,0,366
11/17/2017,MCI,MO,ACE,CE,Combined TRACON& Tower with Radar,339,12,15,4,370,0,0,0,0,0,339,12,15,4,370,0,0,0,370
11/18/2017,MCI,MO,ACE,CE,Combined TRACON& Tower with Radar,252,12,3,0,267,0,0,0,0,0,252,12,3,0,267,0,0,0,267
11/19/2017,MCI,MO,ACE,CE,Combined TRACON& Tower with Radar,304,4,0,0,308,0,0,2,0,2,304,4,2,0,310,0,0,0,310
11/20/2017,MCI,MO,ACE,CE,Combined TRACON& Tower with Radar,319,23,4,0,346,0,4,3,0,7,319,27,7,0,353,0,0,0,353
11/21/2017,MCI,MO,ACE,CE,Combined TRACON& Tower with Radar,323,12,9,2,346,0,0,2,0,2,323,12,11,2,348,0,0,0,348
11/22/2017,MCI,MO,ACE,CE,Combined TRACON& Tower with Radar,342,15,4,2,363,0,0,4,0,4,342,15,8,2,367,0,0,0,367
11/23/2017,MCI,MO,ACE,CE,Combined TRACON& Tower with Radar,187,8,0,0,195,0,0,0,0,0,187,8,0,0,195,0,0,0,195
11/24/2017,MCI,MO,ACE,CE,Combined TRACON& Tower with Radar,230,4,6,0,240,0,0,1,0,1,230,4,7,0,241,0,0,0,241
11/25/2017,MCI,MO,ACE,CE,Combined TRACON& Tower with Radar,292,20,2,1,315,0,0,2,0,2,292,20,4,1,317,0,0,0,317
11/26/2017,MCI,MO,ACE,CE,Combined TRACON& Tower with Radar,332,14,13,0,359,0,0,5,2,7,332,14,18,2,366,0,0,0,366
11/27/2017,MCI,MO,ACE,CE,Combined TRACON& Tower with Radar,337,11,9,2,359,0,4,2,0,6,337,15,11,2,365,0,0,0,365
11/28/2017,MCI,MO,ACE,CE,Combined TRACON& Tower with Radar,331,16,4,5,356,0,0,1,0,1,331,16,5,5,357,0,0,0,357
11/29/2017,MCI,MO,ACE,CE,Combined TRACON& Tower with Radar,328,13,15,1,357,0,0,7,0,7,328,13,22,1,364,0,0,0,364
11/30/2017,MCI,MO,ACE,CE,Combined TRACON& Tower with Radar,334,12,12,0,358,0,0,0,0,0,334,12,12,0,358,0,0,0,358
12/01/2017,MCI,MO,ACE,CE,Combined TRACON& Tower with Radar,329,15,10,5,359,0,0,0,0,0,329,15,10,5,359,0,0,0,359
12/02/2017,MCI,MO,ACE,CE,Combined TRACON& Tower with Radar,219,9,3,2,233,0,0,3,0,3,219,9,6,2,236,0,0,0,236
12/03/2017,MCI,MO,ACE,CE,Combined TRACON& Tower with Radar,286,9,0,0,295,0,1,2,0,3,286,10,2,0,298,0,0,0,298
12/04/2017,MCI,MO,ACE,CE,Combined TRACON& Tower with Radar,329,22,6,0,357,0,1,0,0,1,329,23,6,0,358,0,0,0,358
12/05/2017,MCI,MO,ACE,CE,Combined TRACON& Tower with Radar,337,14,7,2,360,0,6,4,0,10,337,20,11,2,370,0,0,0,370
12/06/2017,MCI,MO,ACE,CE,Combined TRACON& Tower with Radar,334,19,10,0,363,0,1,1,0,2,334,20,11,0,365,0,0,0,365
12/07/2017,MCI,MO,ACE,CE,Combined TRACON& Tower with Radar,341,14,7,0,362,0,0,2,0,2,341,14,9,0,364,0,0,0,364
12/08/2017,MCI,MO,ACE,CE,Combined TRACON& Tower with Radar,320,8,2,2,332,0,0,3,0,3,320,8,5,2,335,0,0,0,335
12/09/2017,MCI,MO,ACE,CE,Combined TRACON& Tower with Radar,216,11,1,2,230,0,2,12,0,14,216,13,13,2,244,0,0,0,244
12/10/2017,MCI,MO,ACE,CE,Combined TRACON& Tower with Radar,282,8,5,0,295,0,0,2,0,2,282,8,7,0,297,0,0,0,297
12/11/2017,MCI,MO,ACE,CE,Combined TRACON& Tower with Radar,333,19,6,2,360,0,2,1,0,3,333,21,7,2,363,0,0,0,363
12/12/2017,MCI,MO,ACE,CE,Combined TRACON& Tower with Radar,336,21,9,0,366,0,1,2,0,3,336,22,11,0,369,0,0,0,369
12/13/2017,MCI,MO,ACE,CE,Combined TRACON& Tower with Radar,336,16,12,4,368,0,0,1,2,3,336,16,13,6,371,0,0,0,371
12/14/2017,MCI,MO,ACE,CE,Combined TRACON& Tower with Radar,349,17,12,0,378,0,0,5,0,5,349,17,17,0,383,0,0,0,383
12/15/2017,MCI,MO,ACE,CE,Combined TRACON& Tower with Radar,346,12,6,0,364,0,0,3,0,3,346,12,9,0,367,0,0,0,367
12/16/2017,MCI,MO,ACE,CE,Combined TRACON& Tower with Radar,237,12,3,0,252,0,0,6,0,6,237,12,9,0,258,0,0,0,258
12/17/2017,MCI,MO,ACE,CE,Combined TRACON& Tower with Radar,279,18,3,0,300,0,0,0,0,0,279,18,3,0,300,0,0,0,300
12/18/2017,MCI,MO,ACE,CE,Combined TRACON& Tower with Radar,350,13,8,2,373,0,0,5,0,5,350,13,13,2,378,0,0,0,378
12/19/2017,MCI,MO,ACE,CE,Combined TRACON& Tower with Radar,345,10,8,1,364,0,0,4,0,4,345,10,12,1,368,0,0,0,368
12/20/2017,MCI,MO,ACE,CE,Combined TRACON& Tower with Radar,332,18,13,9,372,0,0,0,0,0,332,18,13,9,372,0,0,0,372
12/21/2017,MCI,MO,ACE,CE,Combined TRACON& Tower with Radar,336,12,8,2,358,0,0,0,0,0,336,12,8,2,358,0,0,0,358
12/22/2017,MCI,MO,ACE,CE,Combined TRACON& Tower with Radar,331,14,6,0,351,0,0,0,0,0,331,14,6,0,351,0,0,0,351
12/23/2017,MCI,MO,ACE,CE,Combined TRACON& Tower with Radar,284,19,1,0,304,0,0,3,0,3,284,19,4,0,307,0,0,0,307
12/24/2017,MCI,MO,ACE,CE,Combined TRACON& Tower with Radar,240,10,0,0,250,0,0,3,0,3,240,10,3,0,253,0,0,0,253
12/25/2017,MCI,MO,ACE,CE,Combined TRACON& Tower with Radar,240,6,2,0,248,0,0,0,0,0,240,6,2,0,248,0,0,0,248
12/26/2017,MCI,MO,ACE,CE,Combined TRACON& Tower with Radar,295,12,2,0,309,0,0,0,0,0,295,12,2,0,309,0,0,0,309
12/27/2017,MCI,MO,ACE,CE,Combined TRACON& Tower with Radar,315,13,20,0,348,0,0,0,0,0,315,13,20,0,348,0,0,0,348
12/28/2017,MCI,MO,ACE,CE,Combined TRACON& Tower with Radar,310,10,4,0,324,0,0,3,2,5,310,10,7,2,329,0,0,0,329
12/29/2017,MCI,MO,ACE,CE,Combined TRACON& Tower with Radar,310,13,3,0,326,0,0,0,0,0,310,13,3,0,326,0,0,0,326
12/30/2017,MCI,MO,ACE,CE,Combined TRACON& Tower with Radar,275,14,3,0,292,0,0,2,0,2,275,14,5,0,294,0,0,0,294
12/31/2017,MCI,MO,ACE,CE,Combined TRACON& Tower with Radar,238,13,3,0,254,0,0,0,0,0,238,13,3,0,254,0,0,0,254
01/01/2018,MCI,MO,ACE,CE,Combined TRACON& Tower with Radar,285,6,0,0,291,0,0,2,0,2,285,6,2,0,293,0,0,0,293
01/02/2018,MCI,MO,ACE,CE,Combined TRACON& Tower with Radar,302,11,5,2,320,0,3,0,0,3,302,14,5,2,323,0,0,0,323
01/03/2018,MCI,MO,ACE,CE,Combined TRACON& Tower with Radar,314,17,8,0,339,0,0,0,0,0,314,17,8,0,339,0,0,0,339
01/04/2018,MCI,MO,ACE,CE,Combined TRACON& Tower with Radar,294,11,6,1,312,0,0,2,2,4,294,11,8,3,316,0,0,0,316
01/05/2018,MCI,MO,ACE,CE,Combined TRACON& Tower with Radar,316,12,9,2,339,0,0,2,0,2,316,12,11,2,341,0,0,0,341
01/06/2018,MCI,MO,ACE,CE,Combined TRACON& Tower with Radar,220,13,5,0,238,0,0,4,0,4,220,13,9,0,242,0,0,0,242
01/07/2018,MCI,MO,ACE,CE,Combined TRACON& Tower with Radar,279,13,0,0,292,0,0,0,0,0,279,13,0,0,292,0,0,0,292
01/08/2018,MCI,MO,ACE,CE,Combined TRACON& Tower with Radar,324,12,0,0,336,0,0,2,2,4,324,12,2,2,340,0,0,0,340
01/09/2018,MCI,MO,ACE,CE,Combined TRACON& Tower with Radar,319,17,2,2,340,0,1,2,1,4,319,18,4,3,344,0,0,0,344
01/10/2018,MCI,MO,ACE,CE,Combined TRACON& Tower with Radar,321,17,11,3,352,0,0,1,0,1,321,17,12,3,353,0,0,0,353
01/11/2018,MCI,MO,ACE,CE,Combined TRACON& Tower with Radar,321,18,5,0,344,0,0,0,0,0,321,18,5,0,344,0,0,0,344
01/12/2018,MCI,MO,ACE,CE,Combined TRACON& Tower with Radar,318,21,9,4,352,0,2,0,0,2,318,23,9,4,354,0,0,0,354
01/13/2018,MCI,MO,ACE,CE,Combined TRACON& Tower with Radar,223,12,3,0,238,0,0,0,0,0,223,12,3,0,238,0,0,0,238
01/14/2018,MCI,MO,ACE,CE,Combined TRACON& Tower with Radar,242,10,4,0,256,0,0,0,0,0,242,10,4,0,256,0,0,0,256
01/15/2018,MCI,MO,ACE,CE,Combined TRACON& Tower with Radar,322,20,5,0,347,0,0,0,0,0,322,20,5,0,347,0,0,0,347
01/16/2018,MCI,MO,ACE,CE,Combined TRACON& Tower with Radar,290,12,5,1,308,0,0,0,3,3,290,12,5,4,311,0,0,0,311
01/17/2018,MCI,MO,ACE,CE,Combined TRACON& Tower with Radar,304,17,12,3,336,0,1,2,2,5,304,18,14,5,341,0,0,0,341
01/18/2018,MCI,MO,ACE,CE,Combined TRACON& Tower with Radar,325,12,11,9,357,0,1,4,4,9,325,13,15,13,366,0,0,0,366
01/19/2018,MCI,MO,ACE,CE,Combined TRACON& Tower with Radar,335,12,12,3,362,0,1,18,1,20,335,13,30,4,382,20,0,20,402
01/20/2018,MCI,MO,ACE,CE,Combined TRACON& Tower with Radar,215,15,4,0,234,0,0,2,0,2,215,15,6,0,236,0,0,0,236
01/21/2018,MCI,MO,ACE,CE,Combined TRACON& Tower with Radar,256,22,4,0,282,0,0,1,0,1,256,22,5,0,283,0,0,0,283
01/22/2018,MCI,MO,ACE,CE,Combined TRACON& Tower with Radar,323,15,2,0,340,0,0,0,0,0,323,15,2,0,340,0,0,0,340
01/23/2018,MCI,MO,ACE,CE,Combined TRACON& Tower with Radar,319,16,15,2,352,0,2,1,0,3,319,18,16,2,355,0,0,0,355
01/24/2018,MCI,MO,ACE,CE,Combined TRACON& Tower with Radar,319,15,14,6,354,0,1,1,3,5,319,16,15,9,359,0,0,0,359
01/25/2018,MCI,MO,ACE,CE,Combined TRACON& Tower with Radar,329,13,8,0,350,0,0,0,0,0,329,13,8,0,350,0,0,0,350
01/26/2018,MCI,MO,ACE,CE,Combined TRACON& Tower with Radar,333,12,2,4,351,0,4,12,0,16,333,16,14,4,367,0,0,0,367
01/27/2018,MCI,MO,ACE,CE,Combined TRACON& Tower with Radar,216,14,1,0,231,0,2,4,0,6,216,16,5,0,237,2,0,2,239
01/28/2018,MCI,MO,ACE,CE,Combined TRACON& Tower with Radar,271,12,12,0,295,0,0,0,0,0,271,12,12,0,295,0,0,0,295
01/29/2018,MCI,MO,ACE,CE,Combined TRACON& Tower with Radar,323,14,9,3,349,0,2,0,0,2,323,16,9,3,351,0,0,0,351
01/30/2018,MCI,MO,ACE,CE,Combined TRACON& Tower with Radar,308,17,8,2,335,0,2,5,7,14,308,19,13,9,349,0,0,0,349
01/31/2018,MCI,MO,ACE,CE,Combined TRACON& Tower with Radar,321,15,13,1,350,0,0,0,5,5,321,15,13,6,355,0,0,0,355
02/01/2018,MCI,MO,ACE,CE,Combined TRACON& Tower with Radar,326,13,6,0,345,0,0,2,1,3,326,13,8,1,348,0,0,0,348
02/02/2018,MCI,MO,ACE,CE,Combined TRACON& Tower with Radar,334,14,14,1,363,0,0,8,0,8,334,14,22,1,371,0,0,0,371
02/03/2018,MCI,MO,ACE,CE,Combined TRACON& Tower with Radar,216,12,0,2,230,0,2,1,0,3,216,14,1,2,233,0,0,0,233
02/04/2018,MCI,MO,ACE,CE,Combined TRACON& Tower with Radar,228,13,4,0,245,0,0,0,0,0,228,13,4,0,245,0,0,0,245
02/05/2018,MCI,MO,ACE,CE,Combined TRACON& Tower with Radar,321,16,4,3,344,0,0,3,0,3,321,16,7,3,347,0,0,0,347
02/06/2018,MCI,MO,ACE,CE,Combined TRACON& Tower with Radar,316,10,10,2,338,0,0,0,0,0,316,10,10,2,338,0,0,0,338
02/07/2018,MCI,MO,ACE,CE,Combined TRACON& Tower with Radar,307,10,9,2,328,0,2,0,0,2,307,12,9,2,330,0,0,0,330
02/08/2018,MCI,MO,ACE,CE,Combined TRACON& Tower with Radar,327,19,7,0,353,0,0,1,0,1,327,19,8,0,354,0,0,0,354
02/09/2018,MCI,MO,ACE,CE,Combined TRACON& Tower with Radar,306,12,6,4,328,0,0,0,0,0,306,12,6,4,328,0,0,0,328
02/10/2018,MCI,MO,ACE,CE,Combined TRACON& Tower with Radar,217,16,2,2,237,0,0,0,0,0,217,16,2,2,237,0,0,0,237
02/11/2018,MCI,MO,ACE,CE,Combined TRACON& Tower with Radar,261,14,0,0,275,0,0,2,0,2,261,14,2,0,277,0,0,0,277
02/12/2018,MCI,MO,ACE,CE,Combined TRACON& Tower with Radar,327,16,12,0,355,0,0,0,2,2,327,16,12,2,357,0,0,0,357
02/13/2018,MCI,MO,ACE,CE,Combined TRACON& Tower with Radar,321,9,3,7,340,0,0,4,3,7,321,9,7,10,347,0,0,0,347
02/14/2018,MCI,MO,ACE,CE,Combined TRACON& Tower with Radar,293,16,4,7,320,0,2,0,1,3,293,18,4,8,323,0,0,0,323
02/15/2018,MCI,MO,ACE,CE,Combined TRACON& Tower with Radar,329,14,11,6,360,0,0,0,0,0,329,14,11,6,360,0,0,0,360
02/16/2018,MCI,MO,ACE,CE,Combined TRACON& Tower with Radar,345,13,4,0,362,0,0,0,0,0,345,13,4,0,362,0,0,0,362
02/17/2018,MCI,MO,ACE,CE,Combined TRACON& Tower with Radar,221,12,8,0,241,0,2,0,0,2,221,14,8,0,243,0,0,0,243
02/18/2018,MCI,MO,ACE,CE,Combined TRACON& Tower with Radar,258,8,0,0,266,0,0,0,0,0,258,8,0,0,266,0,0,0,266
02/19/2018,MCI,MO,ACE,CE,Combined TRACON& Tower with Radar,330,11,8,0,349,0,0,0,0,0,330,11,8,0,349,0,0,0,349
02/20/2018,MCI,MO,ACE,CE,Combined TRACON& Tower with Radar,243,15,12,2,272,0,0,0,2,2,243,15,12,4,274,0,0,0,274
02/21/2018,MCI,MO,ACE,CE,Combined TRACON& Tower with Radar,328,17,23,2,370,0,0,0,0,0,328,17,23,2,370,0,0,0,370
02/22/2018,MCI,MO,ACE,CE,Combined TRACON& Tower with Radar,319,14,7,0,340,0,0,0,0,0,319,14,7,0,340,0,0,0,340
02/23/2018,MCI,MO,ACE,CE,Combined TRACON& Tower with Radar,352,18,8,2,380,0,0,0,0,0,352,18,8,2,380,0,0,0,380
02/24/2018,MCI,MO,ACE,CE,Combined TRACON& Tower with Radar,231,15,6,0,252,0,0,0,0,0,231,15,6,0,252,0,0,0,252
02/25/2018,MCI,MO,ACE,CE,Combined TRACON& Tower with Radar,283,13,7,0,303,0,4,0,0,4,283,17,7,0,307,0,0,0,307
02/26/2018,MCI,MO,ACE,CE,Combined TRACON& Tower with Radar,333,13,2,0,348,0,0,0,0,0,333,13,2,0,348,0,0,0,348
02/27/2018,MCI,MO,ACE,CE,Combined TRACON& Tower with Radar,325,11,10,0,346,0,0,0,0,0,325,11,10,0,346,0,0,0,346
02/28/2018,MCI,MO,ACE,CE,Combined TRACON& Tower with Radar,333,11,15,0,359,0,0,0,0,0,333,11,15,0,359,0,0,0,359
03/01/2018,MCI,MO,ACE,CE,Combined TRACON& Tower with Radar,335,19,13,3,370,0,0,2,5,7,335,19,15,8,377,0,0,0,377
03/02/2018,MCI,MO,ACE,CE,Combined TRACON& Tower with Radar,324,16,10,2,352,0,0,4,0,4,324,16,14,2,356,0,0,0,356
03/03/2018,MCI,MO,ACE,CE,Combined TRACON& Tower with Radar,224,17,7,2,250,0,0,1,0,1,224,17,8,2,251,0,0,0,251
03/04/2018,MCI,MO,ACE,CE,Combined TRACON& Tower with Radar,280,9,2,0,291,0,0,1,0,1,280,9,3,0,292,0,0,0,292
03/05/2018,MCI,MO,ACE,CE,Combined TRACON& Tower with Radar,323,17,10,7,357,0,0,0,1,1,323,17,10,8,358,0,0,0,358
03/06/2018,MCI,MO,ACE,CE,Combined TRACON& Tower with Radar,336,20,12,2,370,0,0,0,0,0,336,20,12,2,370,0,0,0,370
03/07/2018,MCI,MO,ACE,CE,Combined TRACON& Tower with Radar,320,20,7,0,347,0,0,5,0,5,320,20,12,0,352,0,0,0,352
03/08/2018,MCI,MO,ACE,CE,Combined TRACON& Tower with Radar,333,22,6,3,364,0,0,4,2,6,333,22,10,5,370,6,0,6,376
03/09/2018,MCI,MO,ACE,CE,Combined TRACON& Tower with Radar,354,13,12,3,382,0,3,1,0,4,354,16,13,3,386,0,0,0,386
03/10/2018,MCI,MO,ACE,CE,Combined TRACON& Tower with Radar,265,11,3,0,279,0,0,5,0,5,265,11,8,0,284,0,0,0,284
03/11/2018,MCI,MO,ACE,CE,Combined TRACON& Tower with Radar,309,15,2,0,326,0,0,0,0,0,309,15,2,0,326,0,0,0,326
03/12/2018,MCI,MO,ACE,CE,Combined TRACON& Tower with Radar,346,13,13,0,372,0,2,2,0,4,346,15,15,0,376,0,0,0,376
03/13/2018,MCI,MO,ACE,CE,Combined TRACON& Tower with Radar,334,15,7,4,360,0,2,2,0,4,334,17,9,4,364,0,0,0,364
03/14/2018,MCI,MO,ACE,CE,Combined TRACON& Tower with Radar,345,17,17,0,379,0,1,2,1,4,345,18,19,1,383,0,0,0,383
03/15/2018,MCI,MO,ACE,CE,Combined TRACON& Tower with Radar,356,16,10,5,387,0,2,0,2,4,356,18,10,7,391,0,0,0,391
03/16/2018,MCI,MO,ACE,CE,Combined TRACON& Tower with Radar,358,20,10,2,390,0,0,1,0,1,358,20,11,2,391,0,0,0,391
03/17/2018,MCI,MO,ACE,CE,Combined TRACON& Tower with Radar,269,16,4,0,289,0,0,0,0,0,269,16,4,0,289,0,0,0,289
03/18/2018,MCI,MO,ACE,CE,Combined TRACON& Tower with Radar,308,12,5,0,325,0,0,2,0,2,308,12,7,0,327,0,0,0,327
03/19/2018,MCI,MO,ACE,CE,Combined TRACON& Tower with Radar,350,11,8,2,371,0,0,0,0,0,350,11,8,2,371,0,0,0,371
03/20/2018,MCI,MO,ACE,CE,Combined TRACON& Tower with Radar,339,12,3,3,357,0,0,1,0,1,339,12,4,3,358,0,0,0,358
03/21/2018,MCI,MO,ACE,CE,Combined TRACON& Tower with Radar,318,21,10,6,355,0,1,3,3,7,318,22,13,9,362,0,0,0,362
03/22/2018,MCI,MO,ACE,CE,Combined TRACON& Tower with Radar,350,17,15,2,384,0,2,5,1,8,350,19,20,3,392,0,0,0,392
03/23/2018,MCI,MO,ACE,CE,Combined TRACON& Tower with Radar,359,13,13,1,386,0,0,0,0,0,359,13,13,1,386,0,0,0,386
03/24/2018,MCI,MO,ACE,CE,Combined TRACON& Tower with Radar,264,14,5,0,283,0,0,0,0,0,264,14,5,0,283,0,0,0,283
03/25/2018,MCI,MO,ACE,CE,Combined TRACON& Tower with Radar,311,14,1,0,326,0,0,0,0,0,311,14,1,0,326,0,0,0,326
03/26/2018,MCI,MO,ACE,CE,Combined TRACON& Tower with Radar,350,15,7,0,372,0,0,0,0,0,350,15,7,0,372,0,0,0,372
03/27/2018,MCI,MO,ACE,CE,Combined TRACON& Tower with Radar,341,18,6,0,365,0,0,0,1,1,341,18,6,1,366,0,0,0,366
03/28/2018,MCI,MO,ACE,CE,Combined TRACON& Tower with Radar,344,23,13,5,385,0,0,0,0,0,344,23,13,5,385,0,0,0,385
03/29/2018,MCI,MO,ACE,CE,Combined TRACON& Tower with Radar,355,19,5,1,380,0,0,2,2,4,355,19,7,3,384,0,0,0,384
03/30/2018,MCI,MO,ACE,CE,Combined TRACON& Tower with Radar,357,13,5,1,376,0,1,0,0,1,357,14,5,1,377,0,0,0,377
03/31/2018,MCI,MO,ACE,CE,Combined TRACON& Tower with Radar,264,15,3,1,283,0,0,2,0,2,264,15,5,1,285,0,0,0,285
04/01/2018,MCI,MO,ACE,CE,Combined TRACON& Tower with Radar,307,11,0,1,319,0,0,0,0,0,307,11,0,1,319,0,0,0,319
04/02/2018,MCI,MO,ACE,CE,Combined TRACON& Tower with Radar,340,21,1,0,362,0,0,0,0,0,340,21,1,0,362,0,0,0,362
04/03/2018,MCI,MO,ACE,CE,Combined TRACON& Tower with Radar,341,15,2,0,358,0,0,0,0,0,341,15,2,0,358,0,0,0,358
04/04/2018,MCI,MO,ACE,CE,Combined TRACON& Tower with Radar,342,16,13,0,371,0,4,6,0,10,342,20,19,0,381,0,0,0,381
04/05/2018,MCI,MO,ACE,CE,Combined TRACON& Tower with Radar,342,15,10,4,371,0,0,2,0,2,342,15,12,4,373,0,0,0,373
04/06/2018,MCI,MO,ACE,CE,Combined TRACON& Tower with Radar,350,18,10,0,378,0,0,0,0,0,350,18,10,0,378,0,0,0,378
04/07/2018,MCI,MO,ACE,CE,Combined TRACON& Tower with Radar,256,13,3,0,272,0,2,0,0,2,256,15,3,0,274,0,0,0,274
04/08/2018,MCI,MO,ACE,CE,Combined TRACON& Tower with Radar,306,11,1,0,318,0,0,0,0,0,306,11,1,0,318,0,0,0,318
04/09/2018,MCI,MO,ACE,CE,Combined TRACON& Tower with Radar,346,17,6,2,371,0,0,0,0,0,346,17,6,2,371,0,0,0,371
04/10/2018,MCI,MO,ACE,CE,Combined TRACON& Tower with Radar,343,14,2,2,361,0,0,2,0,2,343,14,4,2,363,0,0,0,363
04/11/2018,MCI,MO,ACE,CE,Combined TRACON& Tower with Radar,344,17,17,2,380,0,0,3,0,3,344,17,20,2,383,6,0,6,389
04/12/2018,MCI,MO,ACE,CE,Combined TRACON& Tower with Radar,348,19,17,0,384,0,2,6,2,10,348,21,23,2,394,0,0,0,394
04/13/2018,MCI,MO,ACE,CE,Combined TRACON& Tower with Radar,349,15,13,0,377,0,0,0,0,0,349,15,13,0,377,0,0,0,377
04/14/2018,MCI,MO,ACE,CE,Combined TRACON& Tower with Radar,238,8,0,0,246,0,0,0,1,1,238,8,0,1,247,0,0,0,247
04/15/2018,MCI,MO,ACE,CE,Combined TRACON& Tower with Radar,293,8,0,0,301,0,0,0,1,1,293,8,0,1,302,0,0,0,302
04/16/2018,MCI,MO,ACE,CE,Combined TRACON& Tower with Radar,337,20,6,7,370,0,2,6,0,8,337,22,12,7,378,0,0,0,378
04/17/2018,MCI,MO,ACE,CE,Combined TRACON& Tower with Radar,344,29,8,2,383,0,0,2,11,13,344,29,10,13,396,0,0,0,396
04/18/2018,MCI,MO,ACE,CE,Combined TRACON& Tower with Radar,346,21,15,5,387,0,0,0,1,1,346,21,15,6,388,0,0,0,388
04/19/2018,MCI,MO,ACE,CE,Combined TRACON& Tower with Radar,340,16,12,4,372,0,0,4,1,5,340,16,16,5,377,0,0,0,377
04/20/2018,MCI,MO,ACE,CE,Combined TRACON& Tower with Radar,344,18,9,8,379,0,2,1,0,3,344,20,10,8,382,0,0,0,382
04/21/2018,MCI,MO,ACE,CE,Combined TRACON& Tower with Radar,230,10,6,0,246,0,0,1,0,1,230,10,7,0,247,0,0,0,247
04/22/2018,MCI,MO,ACE,CE,Combined TRACON& Tower with Radar,294,11,1,0,306,0,2,1,0,3,294,13,2,0,309,0,0,0,309
04/23/2018,MCI,MO,ACE,CE,Combined TRACON& Tower with Radar,334,16,16,3,369,0,5,5,0,10,334,21,21,3,379,0,0,0,379
04/24/2018,MCI,MO,ACE,CE,Combined TRACON& Tower with Radar,335,18,5,0,358,0,1,9,0,10,335,19,14,0,368,0,0,0,368
04/25/2018,MCI,MO,ACE,CE,Combined TRACON& Tower with Radar,342,17,11,0,370,0,0,1,0,1,342,17,12,0,371,0,0,0,371
04/26/2018,MCI,MO,ACE,CE,Combined TRACON& Tower with Radar,346,16,12,0,374,0,2,2,0,4,346,18,14,0,378,0,0,0,378
04/27/2018,MCI,MO,ACE,CE,Combined TRACON& Tower with Radar,349,18,14,0,381,0,2,3,0,5,349,20,17,0,386,0,0,0,386
04/28/2018,MCI,MO,ACE,CE,Combined TRACON& Tower with Radar,237,9,5,1,252,0,3,0,2,5,237,12,5,3,257,0,0,0,257
04/29/2018,MCI,MO,ACE,CE,Combined TRACON& Tower with Radar,308,8,1,1,318,0,0,1,0,1,308,8,2,1,319,0,0,0,319
04/30/2018,MCI,MO,ACE,CE,Combined TRACON& Tower with Radar,345,17,4,6,372,0,0,9,0,9,345,17,13,6,381,0,0,0,381
05/01/2018,MCI,MO,ACE,CE,Combined TRACON& Tower with Radar,336,15,8,1,360,0,0,0,1,1,336,15,8,2,361,0,0,0,361
05/02/2018,MCI,MO,ACE,CE,Combined TRACON& Tower with Radar,337,19,10,3,369,0,0,1,0,1,337,19,11,3,370,0,0,0,370
05/03/2018,MCI,MO,ACE,CE,Combined TRACON& Tower with Radar,335,16,7,3,361,0,0,0,0,0,335,16,7,3,361,0,0,0,361
05/04/2018,MCI,MO,ACE,CE,Combined TRACON& Tower with Radar,364,16,6,2,388,0,0,20,0,20,364,16,26,2,408,0,0,0,408
05/05/2018,MCI,MO,ACE,CE,Combined TRACON& Tower with Radar,248,4,3,0,255,0,0,0,0,0,248,4,3,0,255,0,0,0,255
05/06/2018,MCI,MO,ACE,CE,Combined TRACON& Tower with Radar,313,8,4,0,325,0,0,4,0,4,313,8,8,0,329,0,0,0,329
05/07/2018,MCI,MO,ACE,CE,Combined TRACON& Tower with Radar,351,18,6,4,379,0,0,5,0,5,351,18,11,4,384,0,0,0,384
05/08/2018,MCI,MO,ACE,CE,Combined TRACON& Tower with Radar,342,17,4,0,363,0,0,0,0,0,342,17,4,0,363,0,0,0,363
05/09/2018,MCI,MO,ACE,CE,Combined TRACON& Tower with Radar,353,20,4,2,379,0,0,0,2,2,353,20,4,4,381,0,0,0,381
05/10/2018,MCI,MO,ACE,CE,Combined TRACON& Tower with Radar,363,30,22,3,418,0,0,1,1,2,363,30,23,4,420,0,0,0,420
05/11/2018,MCI,MO,ACE,CE,Combined TRACON& Tower with Radar,360,19,15,0,394,0,0,0,0,0,360,19,15,0,394,0,0,0,394
05/12/2018,MCI,MO,ACE,CE,Combined TRACON& Tower with Radar,246,15,21,0,282,0,0,0,0,0,246,15,21,0,282,0,0,0,282
05/13/2018,MCI,MO,ACE,CE,Combined TRACON& Tower with Radar,306,12,6,0,324,0,2,0,0,2,306,14,6,0,326,0,0,0,326
05/14/2018,MCI,MO,ACE,CE,Combined TRACON& Tower with Radar,331,14,9,0,354,0,0,1,0,1,331,14,10,0,355,0,0,0,355
05/15/2018,MCI,MO,ACE,CE,Combined TRACON& Tower with Radar,351,12,4,0,367,0,2,0,0,2,351,14,4,0,369,0,0,0,369
05/16/2018,MCI,MO,ACE,CE,Combined TRACON& Tower with Radar,346,8,7,2,363,0,0,2,2,4,346,8,9,4,367,0,0,0,367
05/17/2018,MCI,MO,ACE,CE,Combined TRACON& Tower with Radar,356,20,6,0,382,0,0,3,0,3,356,20,9,0,385,0,0,0,385
05/18/2018,MCI,MO,ACE,CE,Combined TRACON& Tower with Radar,362,19,4,1,386,0,0,6,0,6,362,19,10,1,392,0,0,0,392
05/19/2018,MCI,MO,ACE,CE,Combined TRACON& Tower with Radar,249,6,5,1,261,0,0,1,0,1,249,6,6,1,262,0,0,0,262
05/20/2018,MCI,MO,ACE,CE,Combined TRACON& Tower with Radar,311,9,7,0,327,0,0,1,0,1,311,9,8,0,328,0,0,0,328
05/21/2018,MCI,MO,ACE,CE,Combined TRACON& Tower with Radar,353,17,7,0,377,0,0,0,0,0,353,17,7,0,377,0,0,0,377
05/22/2018,MCI,MO,ACE,CE,Combined TRACON& Tower with Radar,346,15,4,8,373,0,4,2,0,6,346,19,6,8,379,0,0,0,379
05/23/2018,MCI,MO,ACE,CE,Combined TRACON& Tower with Radar,348,18,10,1,377,0,0,4,0,4,348,18,14,1,381,0,0,0,381
05/24/2018,MCI,MO,ACE,CE,Combined TRACON& Tower with Radar,355,17,9,0,381,0,0,0,3,3,355,17,9,3,384,0,0,0,384
05/25/2018,MCI,MO,ACE,CE,Combined TRACON& Tower with Radar,366,14,10,0,390,0,0,3,3,6,366,14,13,3,396,0,0,0,396
05/26/2018,MCI,MO,ACE,CE,Combined TRACON& Tower with Radar,247,4,1,0,252,0,0,0,0,0,247,4,1,0,252,0,0,0,252
05/27/2018,MCI,MO,ACE,CE,Combined TRACON& Tower with Radar,270,3,0,0,273,0,0,6,0,6,270,3,6,0,279,0,0,0,279
05/28/2018,MCI,MO,ACE,CE,Combined TRACON& Tower with Radar,313,10,2,3,328,0,0,0,0,0,313,10,2,3,328,0,0,0,328
05/29/2018,MCI,MO,ACE,CE,Combined TRACON& Tower with Radar,343,13,2,4,362,0,0,2,0,2,343,13,4,4,364,0,0,0,364
05/30/2018,MCI,MO,ACE,CE,Combined TRACON& Tower with Radar,349,14,8,2,373,0,0,2,3,5,349,14,10,5,378,0,0,0,378
05/31/2018,MCI,MO,ACE,CE,Combined TRACON& Tower with Radar,358,14,8,0,380,0,2,8,0,10,358,16,16,0,390,0,0,0,390
06/01/2018,MCI,MO,ACE,CE,Combined TRACON& Tower with Radar,354,11,9,3,377,0,2,2,3,7,354,13,11,6,384,0,0,0,384
06/02/2018,MCI,MO,ACE,CE,Combined TRACON& Tower with Radar,258,18,10,0,286,0,0,2,0,2,258,18,12,0,288,0,0,0,288
06/03/2018,MCI,MO,ACE,CE,Combined TRACON& Tower with Radar,318,11,7,0,336,0,0,0,0,0,318,11,7,0,336,0,0,0,336
06/04/2018,MCI,MO,ACE,CE,Combined TRACON& Tower with Radar,351,16,5,2,374,0,0,0,0,0,351,16,5,2,374,0,0,0,374
06/05/2018,MCI,MO,ACE,CE,Combined TRACON& Tower with Radar,356,12,16,4,388,0,0,4,0,4,356,12,20,4,392,0,0,0,392
06/06/2018,MCI,MO,ACE,CE,Combined TRACON& Tower with Radar,346,17,10,11,384,0,0,3,1,4,346,17,13,12,388,2,0,2,390
06/07/2018,MCI,MO,ACE,CE,Combined TRACON& Tower with Radar,364,23,7,0,394,0,0,0,0,0,364,23,7,0,394,0,0,0,394
06/08/2018,MCI,MO,ACE,CE,Combined TRACON& Tower with Radar,373,21,2,4,400,0,0,2,0,2,373,21,4,4,402,0,0,0,402
06/09/2018,MCI,MO,ACE,CE,Combined TRACON& Tower with Radar,283,16,3,0,302,0,0,0,0,0,283,16,3,0,302,0,0,0,302
06/10/2018,MCI,MO,ACE,CE,Combined TRACON& Tower with Radar,321,10,8,1,340,0,0,2,1,3,321,10,10,2,343,0,0,0,343
06/11/2018,MCI,MO,ACE,CE,Combined TRACON& Tower with Radar,354,21,8,3,386,0,0,0,0,0,354,21,8,3,386,0,0,0,386
06/12/2018,MCI,MO,ACE,CE,Combined TRACON& Tower with Radar,383,24,4,2,413,0,1,8,4,13,383,25,12,6,426,0,0,0,426
06/13/2018,MCI,MO,ACE,CE,Combined TRACON& Tower with Radar,362,21,16,3,402,0,5,1,0,6,362,26,17,3,408,0,0,0,408
06/14/2018,MCI,MO,ACE,CE,Combined TRACON& Tower with Radar,377,16,13,0,406,0,0,1,0,1,377,16,14,0,407,0,0,0,407
06/15/2018,MCI,MO,ACE,CE,Combined TRACON& Tower with Radar,369,13,7,0,389,0,2,0,0,2,369,15,7,0,391,0,0,0,391
06/16/2018,MCI,MO,ACE,CE,Combined TRACON& Tower with Radar,273,16,1,0,290,0,0,1,0,1,273,16,2,0,291,0,0,0,291
06/17/2018,MCI,MO,ACE,CE,Combined TRACON& Tower with Radar,332,15,7,0,354,0,0,0,0,0,332,15,7,0,354,0,0,0,354
06/18/2018,MCI,MO,ACE,CE,Combined TRACON& Tower with Radar,361,12,8,5,386,0,0,6,1,7,361,12,14,6,393,0,0,0,393
06/19/2018,MCI,MO,ACE,CE,Combined TRACON& Tower with Radar,349,19,3,0,371,0,0,0,0,0,349,19,3,0,371,0,0,0,371
06/20/2018,MCI,MO,ACE,CE,Combined TRACON& Tower with Radar,364,17,9,5,395,0,0,5,1,6,364,17,14,6,401,0,0,0,401
06/21/2018,MCI,MO,ACE,CE,Combined TRACON& Tower with Radar,366,22,13,5,406,0,0,1,0,1,366,22,14,5,407,0,0,0,407
06/22/2018,MCI,MO,ACE,CE,Combined TRACON& Tower with Radar,367,15,14,0,396,0,0,2,0,2,367,15,16,0,398,0,0,0,398
06/23/2018,MCI,MO,ACE,CE,Combined TRACON& Tower with Radar,287,17,3,0,307,0,0,0,0,0,287,17,3,0,307,0,0,0,307
06/24/2018,MCI,MO,ACE,CE,Combined TRACON& Tower with Radar,325,13,9,0,347,0,0,1,0,1,325,13,10,0,348,0,0,0,348
06/25/2018,MCI,MO,ACE,CE,Combined TRACON& Tower with Radar,358,19,14,0,391,0,0,2,0,2,358,19,16,0,393,0,0,0,393
06/26/2018,MCI,MO,ACE,CE,Combined TRACON& Tower with Radar,358,20,14,0,392,0,0,0,0,0,358,20,14,0,392,0,0,0,392
06/27/2018,MCI,MO,ACE,CE,Combined TRACON& Tower with Radar,366,14,18,0,398,0,2,1,0,3,366,16,19,0,401,4,0,4,405
06/28/2018,MCI,MO,ACE,CE,Combined TRACON& Tower with Radar,371,16,7,2,396,0,6,4,0,10,371,22,11,2,406,0,0,0,406
06/29/2018,MCI,MO,ACE,CE,Combined TRACON& Tower with Radar,369,19,9,0,397,0,2,1,3,6,369,21,10,3,403,0,0,0,403
06/30/2018,MCI,MO,ACE,CE,Combined TRACON& Tower with Radar,281,32,14,3,330,0,0,2,0,2,281,32,16,3,332,0,0,0,332
07/01/2018,MCI,MO,ACE,CE,Combined TRACON& Tower with Radar,325,27,15,3,370,0,0,0,0,0,325,27,15,3,370,0,0,0,370
07/02/2018,MCI,MO,ACE,CE,Combined TRACON& Tower with Radar,322,13,9,0,344,0,2,6,0,8,322,15,15,0,352,0,0,0,352
07/03/2018,MCI,MO,ACE,CE,Combined TRACON& Tower with Radar,283,6,1,0,290,0,0,2,0,2,283,6,3,0,292,0,0,0,292
07/04/2018,MCI,MO,ACE,CE,Combined TRACON& Tower with Radar,249,4,0,0,253,0,0,2,0,2,249,4,2,0,255,0,0,0,255
07/05/2018,MCI,MO,ACE,CE,Combined TRACON& Tower with Radar,322,8,8,0,338,0,0,4,0,4,322,8,12,0,342,0,0,0,342
07/06/2018,MCI,MO,ACE,CE,Combined TRACON& Tower with Radar,346,8,5,0,359,0,1,0,15,16,346,9,5,15,375,0,28,28,403
07/07/2018,MCI,MO,ACE,CE,Combined TRACON& Tower with Radar,251,17,0,0,268,0,0,0,0,0,251,17,0,0,268,0,0,0,268
07/08/2018,MCI,MO,ACE,CE,Combined TRACON& Tower with Radar,324,7,6,0,337,0,0,0,0,0,324,7,6,0,337,0,0,0,337
07/09/2018,MCI,MO,ACE,CE,Combined TRACON& Tower with Radar,347,13,7,0,367,0,0,12,0,12,347,13,19,0,379,0,0,0,379
07/10/2018,MCI,MO,ACE,CE,Combined TRACON& Tower with Radar,360,11,8,0,379,0,4,0,0,4,360,15,8,0,383,0,0,0,383
07/11/2018,MCI,MO,ACE,CE,Combined TRACON& Tower with Radar,355,8,10,3,376,0,6,2,1,9,355,14,12,4,385,4,0,4,389
07/12/2018,MCI,MO,ACE,CE,Combined TRACON& Tower with Radar,366,13,19,2,400,0,0,2,0,2,366,13,21,2,402,0,0,0,402
07/13/2018,MCI,MO,ACE,CE,Combined TRACON& Tower with Radar,378,16,11,5,410,0,5,2,0,7,378,21,13,5,417,0,0,0,417
07/14/2018,MCI,MO,ACE,CE,Combined TRACON& Tower with Radar,283,18,3,0,304,0,0,0,0,0,283,18,3,0,304,0,0,0,304
07/15/2018,MCI,MO,ACE,CE,Combined TRACON& Tower with Radar,324,10,5,3,342,0,0,2,0,2,324,10,7,3,344,0,0,0,344
07/16/2018,MCI,MO,ACE,CE,Combined TRACON& Tower with Radar,360,9,7,4,380,0,0,0,1,1,360,9,7,5,381,0,0,0,381
07/17/2018,MCI,MO,ACE,CE,Combined TRACON& Tower with Radar,357,10,7,2,376,0,0,3,1,4,357,10,10,3,380,0,0,0,380
07/18/2018,MCI,MO,ACE,CE,Combined TRACON& Tower with Radar,370,15,9,6,400,0,0,1,3,4,370,15,10,9,404,0,0,0,404
07/19/2018,MCI,MO,ACE,CE,Combined TRACON& Tower with Radar,358,9,8,0,375,0,0,4,7,11,358,9,12,7,386,0,0,0,386
07/20/2018,MCI,MO,ACE,CE,Combined TRACON& Tower with Radar,363,12,17,3,395,0,0,2,0,2,363,12,19,3,397,0,0,0,397
07/21/2018,MCI,MO,ACE,CE,Combined TRACON& Tower with Radar,294,8,9,0,311,0,0,4,0,4,294,8,13,0,315,0,0,0,315
07/22/2018,MCI,MO,ACE,CE,Combined TRACON& Tower with Radar,329,8,10,1,348,0,0,6,0,6,329,8,16,1,354,0,0,0,354
07/23/2018,MCI,MO,ACE,CE,Combined TRACON& Tower with Radar,347,9,11,2,369,0,2,3,0,5,347,11,14,2,374,0,0,0,374
07/24/2018,MCI,MO,ACE,CE,Combined TRACON& Tower with Radar,355,10,12,1,378,0,0,6,5,11,355,10,18,6,389,0,0,0,389
07/25/2018,MCI,MO,ACE,CE,Combined TRACON& Tower with Radar,359,10,21,3,393,0,4,6,2,12,359,14,27,5,405,0,0,0,405
07/26/2018,MCI,MO,ACE,CE,Combined TRACON& Tower with Radar,363,11,9,1,384,0,2,8,2,12,363,13,17,3,396,0,0,0,396
07/27/2018,MCI,MO,ACE,CE,Combined TRACON& Tower with Radar,352,15,10,5,382,0,0,6,1,7,352,15,16,6,389,0,0,0,389
07/28/2018,MCI,MO,ACE,CE,Combined TRACON& Tower with Radar,285,9,4,0,298,0,0,0,0,0,285,9,4,0,298,0,0,0,298
07/29/2018,MCI,MO,ACE,CE,Combined TRACON& Tower with Radar,323,10,10,0,343,0,0,1,0,1,323,10,11,0,344,0,0,0,344
07/30/2018,MCI,MO,ACE,CE,Combined TRACON& Tower with Radar,360,13,11,3,387,0,0,2,0,2,360,13,13,3,389,0,0,0,389
07/31/2018,MCI,MO,ACE,CE,Combined TRACON& Tower with Radar,359,17,8,3,387,0,0,5,0,5,359,17,13,3,392,0,0,0,392
08/01/2018,MCI,MO,ACE,CE,Combined TRACON& Tower with Radar,356,15,12,2,385,0,2,5,4,11,356,17,17,6,396,0,0,0,396
08/02/2018,MCI,MO,ACE,CE,Combined TRACON& Tower with Radar,358,16,13,2,389,0,0,4,0,4,358,16,17,2,393,0,0,0,393
08/03/2018,MCI,MO,ACE,CE,Combined TRACON& Tower with Radar,351,14,12,2,379,0,2,2,0,4,351,16,14,2,383,0,0,0,383
08/04/2018,MCI,MO,ACE,CE,Combined TRACON& Tower with Radar,285,13,1,0,299,0,0,4,0,4,285,13,5,0,303,0,0,0,303
08/05/2018,MCI,MO,ACE,CE,Combined TRACON& Tower with Radar,335,8,5,6,354,0,0,0,0,0,335,8,5,6,354,0,0,0,354
08/06/2018,MCI,MO,ACE,CE,Combined TRACON& Tower with Radar,353,10,2,2,367,0,0,2,0,2,353,10,4,2,369,0,0,0,369
08/07/2018,MCI,MO,ACE,CE,Combined TRACON& Tower with Radar,348,9,7,0,364,0,0,0,2,2,348,9,7,2,366,0,0,0,366
08/08/2018,MCI,MO,ACE,CE,Combined TRACON& Tower with Radar,343,16,9,2,370,0,3,1,1,5,343,19,10,3,375,0,0,0,375
08/09/2018,MCI,MO,ACE,CE,Combined TRACON& Tower with Radar,353,19,12,1,385,0,0,3,0,3,353,19,15,1,388,0,0,0,388
08/10/2018,MCI,MO,ACE,CE,Combined TRACON& Tower with Radar,369,18,5,0,392,0,1,2,0,3,369,19,7,0,395,0,0,0,395
08/11/2018,MCI,MO,ACE,CE,Combined TRACON& Tower with Radar,257,11,2,7,277,0,0,4,0,4,257,11,6,7,281,0,0,0,281
08/12/2018,MCI,MO,ACE,CE,Combined TRACON& Tower with Radar,319,11,1,1,332,0,0,2,2,4,319,11,3,3,336,0,0,0,336
08/13/2018,MCI,MO,ACE,CE,Combined TRACON& Tower with Radar,334,12,6,0,352,0,0,0,1,1,334,12,6,1,353,0,0,0,353
08/14/2018,MCI,MO,ACE,CE,Combined TRACON& Tower with Radar,352,12,4,2,370,0,0,0,0,0,352,12,4,2,370,0,0,0,370
08/15/2018,MCI,MO,ACE,CE,Combined TRACON& Tower with Radar,362,17,9,5,393,0,0,0,8,8,362,17,9,13,401,0,24,24,425
08/16/2018,MCI,MO,ACE,CE,Combined TRACON& Tower with Radar,355,15,6,3,379,0,0,2,1,3,355,15,8,4,382,0,0,0,382
08/17/2018,MCI,MO,ACE,CE,Combined TRACON& Tower with Radar,357,14,6,4,381,0,1,1,2,4,357,15,7,6,385,0,0,0,385
08/18/2018,MCI,MO,ACE,CE,Combined TRACON& Tower with Radar,254,11,2,0,267,0,0,0,0,0,254,11,2,0,267,0,0,0,267
08/19/2018,MCI,MO,ACE,CE,Combined TRACON& Tower with Radar,325,6,6,0,337,0,0,0,0,0,325,6,6,0,337,0,0,0,337
08/20/2018,MCI,MO,ACE,CE,Combined TRACON& Tower with Radar,352,10,14,1,377,0,0,0,0,0,352,10,14,1,377,0,0,0,377
08/21/2018,MCI,MO,ACE,CE,Combined TRACON& Tower with Radar,346,8,13,0,367,0,0,3,1,4,346,8,16,1,371,0,0,0,371
08/22/2018,MCI,MO,ACE,CE,Combined TRACON& Tower with Radar,355,13,10,1,379,0,2,8,0,10,355,15,18,1,389,14,0,14,403
08/23/2018,MCI,MO,ACE,CE,Combined TRACON& Tower with Radar,356,11,14,4,385,0,0,0,0,0,356,11,14,4,385,0,0,0,385
08/24/2018,MCI,MO,ACE,CE,Combined TRACON& Tower with Radar,361,10,15,8,394,0,0,11,0,11,361,10,26,8,405,0,0,0,405
08/25/2018,MCI,MO,ACE,CE,Combined TRACON& Tower with Radar,246,6,1,0,253,0,0,8,1,9,246,6,9,1,262,0,0,0,262
08/26/2018,MCI,MO,ACE,CE,Combined TRACON& Tower with Radar,316,6,8,0,330,0,0,1,0,1,316,6,9,0,331,0,0,0,331
08/27/2018,MCI,MO,ACE,CE,Combined TRACON& Tower with Radar,350,12,13,2,377,0,0,1,0,1,350,12,14,2,378,0,0,0,378
08/28/2018,MCI,MO,ACE,CE,Combined TRACON& Tower with Radar,340,16,15,4,375,0,0,0,0,0,340,16,15,4,375,0,0,0,375
08/29/2018,MCI,MO,ACE,CE,Combined TRACON& Tower with Radar,353,12,14,3,382,0,0,2,0,2,353,12,16,3,384,0,0,0,384
08/30/2018,MCI,MO,ACE,CE,Combined TRACON& Tower with Radar,351,13,0,2,366,0,2,0,0,2,351,15,0,2,368,0,0,0,368
08/31/2018,MCI,MO,ACE,CE,Combined TRACON& Tower with Radar,365,10,10,1,386,0,0,4,0,4,365,10,14,1,390,0,0,0,390
09/01/2018,MCI,MO,ACE,CE,Combined TRACON& Tower with Radar,217,10,4,0,231,0,0,3,0,3,217,10,7,0,234,0,0,0,234
09/02/2018,MCI,MO,ACE,CE,Combined TRACON& Tower with Radar,221,7,2,0,230,0,2,5,0,7,221,9,7,0,237,0,0,0,237
09/03/2018,MCI,MO,ACE,CE,Combined TRACON& Tower with Radar,296,9,3,3,311,0,0,0,0,0,296,9,3,3,311,0,0,0,311
09/04/2018,MCI,MO,ACE,CE,Combined TRACON& Tower with Radar,337,9,5,1,352,0,0,1,0,1,337,9,6,1,353,0,0,0,353
09/05/2018,MCI,MO,ACE,CE,Combined TRACON& Tower with Radar,335,10,8,2,355,0,0,0,0,0,335,10,8,2,355,0,0,0,355
09/06/2018,MCI,MO,ACE,CE,Combined TRACON& Tower with Radar,334,6,8,2,350,0,0,0,0,0,334,6,8,2,350,0,0,0,350
09/07/2018,MCI,MO,ACE,CE,Combined TRACON& Tower with Radar,336,8,7,0,351,0,0,0,0,0,336,8,7,0,351,0,0,0,351
09/08/2018,MCI,MO,ACE,CE,Combined TRACON& Tower with Radar,240,6,2,0,248,0,0,2,0,2,240,6,4,0,250,0,0,0,250
09/09/2018,MCI,MO,ACE,CE,Combined TRACON& Tower with Radar,315,8,13,0,336,0,0,2,0,2,315,8,15,0,338,0,0,0,338
09/10/2018,MCI,MO,ACE,CE,Combined TRACON& Tower with Radar,345,14,3,0,362,0,0,0,0,0,345,14,3,0,362,0,0,0,362
09/11/2018,MCI,MO,ACE,CE,Combined TRACON& Tower with Radar,336,18,0,1,355,0,2,5,0,7,336,20,5,1,362,0,0,0,362
09/12/2018,MCI,MO,ACE,CE,Combined TRACON& Tower with Radar,344,14,12,2,372,0,2,3,0,5,344,16,15,2,377,0,0,0,377
09/13/2018,MCI,MO,ACE,CE,Combined TRACON& Tower with Radar,348,16,13,6,383,0,0,1,0,1,348,16,14,6,384,0,0,0,384
09/14/2018,MCI,MO,ACE,CE,Combined TRACON& Tower with Radar,351,15,1,0,367,0,0,1,0,1,351,15,2,0,368,0,0,0,368
09/15/2018,MCI,MO,ACE,CE,Combined TRACON& Tower with Radar,238,7,2,9,256,0,0,2,0,2,238,7,4,9,258,0,0,0,258
09/16/2018,MCI,MO,ACE,CE,Combined TRACON& Tower with Radar,311,11,7,0,329,0,0,0,0,0,311,11,7,0,329,0,0,0,329
09/17/2018,MCI,MO,ACE,CE,Combined TRACON& Tower with Radar,353,14,11,0,378,0,0,9,0,9,353,14,20,0,387,0,0,0,387
09/18/2018,MCI,MO,ACE,CE,Combined TRACON& Tower with Radar,342,19,12,2,375,0,2,3,1,6,342,21,15,3,381,0,0,0,381
09/19/2018,MCI,MO,ACE,CE,Combined TRACON& Tower with Radar,354,17,12,1,384,0,0,1,0,1,354,17,13,1,385,0,0,0,385
09/20/2018,MCI,MO,ACE,CE,Combined TRACON& Tower with Radar,346,16,4,0,366,0,0,4,0,4,346,16,8,0,370,0,0,0,370
09/21/2018,MCI,MO,ACE,CE,Combined TRACON& Tower with Radar,346,11,18,5,380,0,0,3,0,3,346,11,21,5,383,0,0,0,383
09/22/2018,MCI,MO,ACE,CE,Combined TRACON& Tower with Radar,238,8,9,1,256,0,2,9,0,11,238,10,18,1,267,0,0,0,267
09/23/2018,MCI,MO,ACE,CE,Combined TRACON& Tower with Radar,324,11,12,1,348,0,0,8,2,10,324,11,20,3,358,0,0,0,358
09/24/2018,MCI,MO,ACE,CE,Combined TRACON& Tower with Radar,348,14,18,1,381,0,0,0,0,0,348,14,18,1,381,0,0,0,381
09/25/2018,MCI,MO,ACE,CE,Combined TRACON& Tower with Radar,360,22,14,1,397,0,0,0,0,0,360,22,14,1,397,0,0,0,397
09/26/2018,MCI,MO,ACE,CE,Combined TRACON& Tower with Radar,352,26,18,6,402,0,4,3,3,10,352,30,21,9,412,0,0,0,412
09/27/2018,MCI,MO,ACE,CE,Combined TRACON& Tower with Radar,352,23,7,1,383,0,2,5,0,7,352,25,12,1,390,0,0,0,390
09/28/2018,MCI,MO,ACE,CE,Combined TRACON& Tower with Radar,356,12,19,0,387,0,2,0,2,4,356,14,19,2,391,0,0,0,391
09/29/2018,MCI,MO,ACE,CE,Combined TRACON& Tower with Radar,242,7,4,0,253,0,0,0,0,0,242,7,4,0,253,0,0,0,253
09/30/2018,MCI,MO,ACE,CE,Combined TRACON& Tower with Radar,317,12,4,0,333,0,0,3,0,3,317,12,7,0,336,0,0,0,336
10/01/2018,MCI,MO,ACE,CE,Combined TRACON& Tower with Radar,356,13,8,0,377,0,1,0,0,1,356,14,8,0,378,0,0,0,378
10/02/2018,MCI,MO,ACE,CE,Combined TRACON& Tower with Radar,347,23,5,4,379,0,3,1,2,6,347,26,6,6,385,0,0,0,385
10/03/2018,MCI,MO,ACE,CE,Combined TRACON& Tower with Radar,356,19,11,6,392,0,0,0,0,0,356,19,11,6,392,0,0,0,392
10/04/2018,MCI,MO,ACE,CE,Combined TRACON& Tower with Radar,360,11,10,9,390,0,0,2,0,2,360,11,12,9,392,0,0,0,392
10/05/2018,MCI,MO,ACE,CE,Combined TRACON& Tower with Radar,350,11,10,0,371,0,0,2,0,2,350,11,12,0,373,0,0,0,373
10/06/2018,MCI,MO,ACE,CE,Combined TRACON& Tower with Radar,244,4,7,0,255,0,0,0,0,0,244,4,7,0,255,0,0,0,255
10/07/2018,MCI,MO,ACE,CE,Combined TRACON& Tower with Radar,306,10,1,0,317,0,0,0,0,0,306,10,1,0,317,0,0,0,317
10/08/2018,MCI,MO,ACE,CE,Combined TRACON& Tower with Radar,361,15,9,0,385,0,0,0,0,0,361,15,9,0,385,0,0,0,385
10/09/2018,MCI,MO,ACE,CE,Combined TRACON& Tower with Radar,363,21,7,0,391,0,0,0,0,0,363,21,7,0,391,0,0,0,391
10/10/2018,MCI,MO,ACE,CE,Combined TRACON& Tower with Radar,366,21,16,14,417,0,0,2,0,2,366,21,18,14,419,0,12,12,431
10/11/2018,MCI,MO,ACE,CE,Combined TRACON& Tower with Radar,356,24,12,13,405,0,1,1,0,2,356,25,13,13,407,0,12,12,419
10/12/2018,MCI,MO,ACE,CE,Combined TRACON& Tower with Radar,362,20,11,2,395,0,0,0,0,0,362,20,11,2,395,0,0,0,395
10/13/2018,MCI,MO,ACE,CE,Combined TRACON& Tower with Radar,248,21,12,0,281,0,0,2,1,3,248,21,14,1,284,0,0,0,284
10/14/2018,MCI,MO,ACE,CE,Combined TRACON& Tower with Radar,307,15,13,2,337,0,0,0,0,0,307,15,13,2,337,0,0,0,337
10/15/2018,MCI,MO,ACE,CE,Combined TRACON& Tower with Radar,357,15,8,8,388,0,0,2,0,2,357,15,10,8,390,0,0,0,390
10/16/2018,MCI,MO,ACE,CE,Combined TRACON& Tower with Radar,367,27,5,3,402,0,3,3,0,6,367,30,8,3,408,0,0,0,408
10/17/2018,MCI,MO,ACE,CE,Combined TRACON& Tower with Radar,357,30,6,3,396,0,6,3,0,9,357,36,9,3,405,0,0,0,405
10/18/2018,MCI,MO,ACE,CE,Combined TRACON& Tower with Radar,366,28,32,0,426,0,1,1,0,2,366,29,33,0,428,0,0,0,428
10/19/2018,MCI,MO,ACE,CE,Combined TRACON& Tower with Radar,360,23,26,0,409,0,2,5,0,7,360,25,31,0,416,0,0,0,416
10/20/2018,MCI,MO,ACE,CE,Combined TRACON& Tower with Radar,248,15,23,0,286,0,0,0,0,0,248,15,23,0,286,0,0,0,286
10/21/2018,MCI,MO,ACE,CE,Combined TRACON& Tower with Radar,313,7,39,0,359,0,0,4,0,4,313,7,43,0,363,0,0,0,363
10/22/2018,MCI,MO,ACE,CE,Combined TRACON& Tower with Radar,357,15,3,2,377,0,0,0,0,0,357,15,3,2,377,0,0,0,377
10/23/2018,MCI,MO,ACE,CE,Combined TRACON& Tower with Radar,359,23,8,0,390,0,1,2,0,3,359,24,10,0,393,0,0,0,393
10/24/2018,MCI,MO,ACE,CE,Combined TRACON& Tower with Radar,355,20,13,0,388,0,2,1,0,3,355,22,14,0,391,0,0,0,391
10/25/2018,MCI,MO,ACE,CE,Combined TRACON& Tower with Radar,368,27,8,7,410,0,0,0,0,0,368,27,8,7,410,0,0,0,410
10/26/2018,MCI,MO,ACE,CE,Combined TRACON& Tower with Radar,357,24,10,7,398,0,0,2,0,2,357,24,12,7,400,0,0,0,400
10/27/2018,MCI,MO,ACE,CE,Combined TRACON& Tower with Radar,252,14,2,0,268,0,0,2,0,2,252,14,4,0,270,0,0,0,270
10/28/2018,MCI,MO,ACE,CE,Combined TRACON& Tower with Radar,297,13,10,0,320,0,2,3,0,5,297,15,13,0,325,0,0,0,325
10/29/2018,MCI,MO,ACE,CE,Combined TRACON& Tower with Radar,343,9,6,3,361,0,0,0,1,1,343,9,6,4,362,0,0,0,362
10/30/2018,MCI,MO,ACE,CE,Combined TRACON& Tower with Radar,332,9,6,2,349,0,0,1,0,1,332,9,7,2,350,0,0,0,350
10/31/2018,MCI,MO,ACE,CE,Combined TRACON& Tower with Radar,281,2,4,1,288,0,0,0,0,0,281,2,4,1,288,0,0,0,288
11/01/2018,MCI,MO,ACE,CE,Combined TRACON& Tower with Radar,343,16,5,7,371,0,0,0,0,0,343,16,5,7,371,0,0,0,371
11/02/2018,MCI,MO,ACE,CE,Combined TRACON& Tower with Radar,346,10,4,3,363,0,0,2,1,3,346,10,6,4,366,0,0,0,366
11/03/2018,MCI,MO,ACE,CE,Combined TRACON& Tower with Radar,245,6,0,0,251,0,0,2,1,3,245,6,2,1,254,0,0,0,254
11/04/2018,MCI,MO,ACE,CE,Combined TRACON& Tower with Radar,305,10,2,3,320,0,0,0,0,0,305,10,2,3,320,0,0,0,320
11/05/2018,MCI,MO,ACE,CE,Combined TRACON& Tower with Radar,331,17,8,3,359,0,0,0,0,0,331,17,8,3,359,0,0,0,359
11/06/2018,MCI,MO,ACE,CE,Combined TRACON& Tower with Radar,333,8,10,0,351,0,0,0,2,2,333,8,10,2,353,0,0,0,353
11/07/2018,MCI,MO,ACE,CE,Combined TRACON& Tower with Radar,336,18,18,0,372,0,0,0,2,2,336,18,18,2,374,0,0,0,374
11/08/2018,MCI,MO,ACE,CE,Combined TRACON& Tower with Radar,347,25,6,3,381,0,0,0,0,0,347,25,6,3,381,0,0,0,381
11/09/2018,MCI,MO,ACE,CE,Combined TRACON& Tower with Radar,349,17,6,0,372,0,0,0,0,0,349,17,6,0,372,0,0,0,372
11/10/2018,MCI,MO,ACE,CE,Combined TRACON& Tower with Radar,230,3,4,0,237,0,0,5,0,5,230,3,9,0,242,0,0,0,242
11/11/2018,MCI,MO,ACE,CE,Combined TRACON& Tower with Radar,301,6,6,0,313,0,0,2,0,2,301,6,8,0,315,0,0,0,315
11/12/2018,MCI,MO,ACE,CE,Combined TRACON& Tower with Radar,348,18,2,0,368,0,0,1,0,1,348,18,3,0,369,0,0,0,369
11/13/2018,MCI,MO,ACE,CE,Combined TRACON& Tower with Radar,347,14,3,1,365,0,0,7,0,7,347,14,10,1,372,0,0,0,372
11/14/2018,MCI,MO,ACE,CE,Combined TRACON& Tower with Radar,350,11,13,0,374,0,2,1,0,3,350,13,14,0,377,0,0,0,377
11/15/2018,MCI,MO,ACE,CE,Combined TRACON& Tower with Radar,340,18,8,0,366,0,0,1,0,1,340,18,9,0,367,0,0,0,367
11/16/2018,MCI,MO,ACE,CE,Combined TRACON& Tower with Radar,347,23,4,1,375,0,0,0,0,0,347,23,4,1,375,0,0,0,375
11/17/2018,MCI,MO,ACE,CE,Combined TRACON& Tower with Radar,268,11,4,0,283,0,0,0,0,0,268,11,4,0,283,0,0,0,283
11/18/2018,MCI,MO,ACE,CE,Combined TRACON& Tower with Radar,299,11,3,0,313,0,0,0,0,0,299,11,3,0,313,0,0,0,313
11/19/2018,MCI,MO,ACE,CE,Combined TRACON& Tower with Radar,327,18,10,2,357,0,0,5,1,6,327,18,15,3,363,0,0,0,363
11/20/2018,MCI,MO,ACE,CE,Combined TRACON& Tower with Radar,341,10,5,0,356,0,0,0,0,0,341,10,5,0,356,0,0,0,356
11/21/2018,MCI,MO,ACE,CE,Combined TRACON& Tower with Radar,342,15,10,1,368,0,0,5,0,5,342,15,15,1,373,0,0,0,373
11/22/2018,MCI,MO,ACE,CE,Combined TRACON& Tower with Radar,188,4,4,0,196,0,0,0,0,0,188,4,4,0,196,0,0,0,196
11/23/2018,MCI,MO,ACE,CE,Combined TRACON& Tower with Radar,232,4,3,2,241,0,0,0,0,0,232,4,3,2,241,0,0,0,241
11/24/2018,MCI,MO,ACE,CE,Combined TRACON& Tower with Radar,320,10,2,1,333,0,0,0,0,0,320,10,2,1,333,0,0,0,333
11/25/2018,MCI,MO,ACE,CE,Combined TRACON& Tower with Radar,135,5,3,0,143,0,0,0,0,0,135,5,3,0,143,0,0,0,143
11/26/2018,MCI,MO,ACE,CE,Combined TRACON& Tower with Radar,300,38,13,0,351,0,0,0,0,0,300,38,13,0,351,0,0,0,351
11/27/2018,MCI,MO,ACE,CE,Combined TRACON& Tower with Radar,361,10,8,2,381,0,0,4,2,6,361,10,12,4,387,0,0,0,387
11/28/2018,MCI,MO,ACE,CE,Combined TRACON& Tower with Radar,348,13,14,13,388,0,0,4,1,5,348,13,18,14,393,0,8,8,401
11/29/2018,MCI,MO,ACE,CE,Combined TRACON& Tower with Radar,360,13,9,8,390,0,0,10,0,10,360,13,19,8,400,0,0,0,400
11/30/2018,MCI,MO,ACE,CE,Combined TRACON& Tower with Radar,351,9,13,6,379,0,0,0,0,0,351,9,13,6,379,0,0,0,379
12/01/2018,MCI,MO,ACE,CE,Combined TRACON& Tower with Radar,239,11,10,1,261,0,0,1,0,1,239,11,11,1,262,0,0,0,262
12/02/2018,MCI,MO,ACE,CE,Combined TRACON& Tower with Radar,280,9,2,0,291,0,0,0,0,0,280,9,2,0,291,0,0,0,291
12/03/2018,MCI,MO,ACE,CE,Combined TRACON& Tower with Radar,345,6,5,0,356,0,0,0,0,0,345,6,5,0,356,0,0,0,356
12/04/2018,MCI,MO,ACE,CE,Combined TRACON& Tower with Radar,360,5,6,0,371,0,0,0,0,0,360,5,6,0,371,0,0,0,371
12/05/2018,MCI,MO,ACE,CE,Combined TRACON& Tower with Radar,355,10,20,1,386,0,0,2,5,7,355,10,22,6,393,0,0,0,393
12/06/2018,MCI,MO,ACE,CE,Combined TRACON& Tower with Radar,356,8,7,4,375,0,0,0,2,2,356,8,7,6,377,0,0,0,377
12/07/2018,MCI,MO,ACE,CE,Combined TRACON& Tower with Radar,351,8,6,3,368,0,0,1,0,1,351,8,7,3,369,0,0,0,369
12/08/2018,MCI,MO,ACE,CE,Combined TRACON& Tower with Radar,229,9,2,2,242,0,1,2,0,3,229,10,4,2,245,0,0,0,245
12/09/2018,MCI,MO,ACE,CE,Combined TRACON& Tower with Radar,276,7,1,0,284,0,0,1,0,1,276,7,2,0,285,0,0,0,285
12/10/2018,MCI,MO,ACE,CE,Combined TRACON& Tower with Radar,349,13,6,0,368,0,3,1,0,4,349,16,7,0,372,0,0,0,372
12/11/2018,MCI,MO,ACE,CE,Combined TRACON& Tower with Radar,354,9,10,0,373,0,0,5,0,5,354,9,15,0,378,0,0,0,378
12/12/2018,MCI,MO,ACE,CE,Combined TRACON& Tower with Radar,362,9,12,1,384,0,0,3,0,3,362,9,15,1,387,0,0,0,387
12/13/2018,MCI,MO,ACE,CE,Combined TRACON& Tower with Radar,363,9,6,4,382,0,0,0,0,0,363,9,6,4,382,0,0,0,382
12/14/2018,MCI,MO,ACE,CE,Combined TRACON& Tower with Radar,358,10,10,0,378,0,0,3,0,3,358,10,13,0,381,0,0,0,381
12/15/2018,MCI,MO,ACE,CE,Combined TRACON& Tower with Radar,237,8,1,0,246,0,0,0,0,0,237,8,1,0,246,0,0,0,246
12/16/2018,MCI,MO,ACE,CE,Combined TRACON& Tower with Radar,287,12,3,0,302,0,0,0,0,0,287,12,3,0,302,0,0,0,302
12/17/2018,MCI,MO,ACE,CE,Combined TRACON& Tower with Radar,356,9,2,2,369,0,0,4,6,10,356,9,6,8,379,0,0,0,379
12/18/2018,MCI,MO,ACE,CE,Combined TRACON& Tower with Radar,361,8,8,1,378,0,0,0,0,0,361,8,8,1,378,0,0,0,378
12/19/2018,MCI,MO,ACE,CE,Combined TRACON& Tower with Radar,371,22,18,3,414,0,0,2,0,2,371,22,20,3,416,0,0,0,416
12/20/2018,MCI,MO,ACE,CE,Combined TRACON& Tower with Radar,350,24,6,2,382,0,0,2,0,2,350,24,8,2,384,0,0,0,384
12/21/2018,MCI,MO,ACE,CE,Combined TRACON& Tower with Radar,358,20,9,7,394,0,0,2,0,2,358,20,11,7,396,0,4,4,400
12/22/2018,MCI,MO,ACE,CE,Combined TRACON& Tower with Radar,295,11,6,0,312,0,0,3,0,3,295,11,9,0,315,0,0,0,315
12/23/2018,MCI,MO,ACE,CE,Combined TRACON& Tower with Radar,317,15,3,0,335,0,0,7,0,7,317,15,10,0,342,0,0,0,342
12/24/2018,MCI,MO,ACE,CE,Combined TRACON& Tower with Radar,257,13,2,0,272,0,0,0,0,0,257,13,2,0,272,0,0,0,272
12/25/2018,MCI,MO,ACE,CE,Combined TRACON& Tower with Radar,237,12,0,0,249,0,0,2,0,2,237,12,2,0,251,0,0,0,251
12/26/2018,MCI,MO,ACE,CE,Combined TRACON& Tower with Radar,308,13,6,4,331,0,0,0,0,0,308,13,6,4,331,0,0,0,331
12/27/2018,MCI,MO,ACE,CE,Combined TRACON& Tower with Radar,329,18,5,0,352,0,0,0,0,0,329,18,5,0,352,0,0,0,352
12/28/2018,MCI,MO,ACE,CE,Combined TRACON& Tower with Radar,323,13,1,4,341,0,0,0,10,10,323,13,1,14,351,0,0,0,351
12/29/2018,MCI,MO,ACE,CE,Combined TRACON& Tower with Radar,286,16,8,0,310,0,0,2,0,2,286,16,10,0,312,0,0,0,312
12/30/2018,MCI,MO,ACE,CE,Combined TRACON& Tower with Radar,300,13,6,2,321,0,0,1,0,1,300,13,7,2,322,0,0,0,322
12/31/2018,MCI,MO,ACE,CE,Combined TRACON& Tower with Radar,271,10,3,0,284,0,0,0,0,0,271,10,3,0,284,0,0,0,284
01/01/2019,MCI,MO,ACE,CE,Combined TRACON& Tower with Radar,269,12,0,0,281,0,0,0,0,0,269,12,0,0,281,0,0,0,281
01/02/2019,MCI,MO,ACE,CE,Combined TRACON& Tower with Radar,311,17,3,0,331,0,0,1,0,1,311,17,4,0,332,0,0,0,332
01/03/2019,MCI,MO,ACE,CE,Combined TRACON& Tower with Radar,327,13,1,2,343,0,0,4,0,4,327,13,5,2,347,0,0,0,347
01/04/2019,MCI,MO,ACE,CE,Combined TRACON& Tower with Radar,328,18,11,0,357,0,0,2,0,2,328,18,13,0,359,0,0,0,359
01/05/2019,MCI,MO,ACE,CE,Combined TRACON& Tower with Radar,228,18,4,2,252,0,0,8,0,8,228,18,12,2,260,0,0,0,260
01/06/2019,MCI,MO,ACE,CE,Combined TRACON& Tower with Radar,294,16,5,2,317,0,0,3,0,3,294,16,8,2,320,0,0,0,320
01/07/2019,MCI,MO,ACE,CE,Combined TRACON& Tower with Radar,336,15,2,20,373,0,0,2,8,10,336,15,4,28,383,0,0,0,383
01/08/2019,MCI,MO,ACE,CE,Combined TRACON& Tower with Radar,315,15,2,2,334,0,0,2,1,3,315,15,4,3,337,0,0,0,337
01/09/2019,MCI,MO,ACE,CE,Combined TRACON& Tower with Radar,325,8,8,2,343,0,4,0,2,6,325,12,8,4,349,0,0,0,349
01/10/2019,MCI,MO,ACE,CE,Combined TRACON& Tower with Radar,333,8,7,0,348,0,0,6,1,7,333,8,13,1,355,0,0,0,355
01/11/2019,MCI,MO,ACE,CE,Combined TRACON& Tower with Radar,314,9,8,0,331,0,0,0,0,0,314,9,8,0,331,0,0,0,331
01/12/2019,MCI,MO,ACE,CE,Combined TRACON& Tower with Radar,195,31,26,0,252,0,0,0,0,0,195,31,26,0,252,0,0,0,252
01/13/2019,MCI,MO,ACE,CE,Combined TRACON& Tower with Radar,271,13,4,0,288,0,0,0,0,0,271,13,4,0,288,0,0,0,288
01/14/2019,MCI,MO,ACE,CE,Combined TRACON& Tower with Radar,333,8,7,2,350,0,0,0,0,0,333,8,7,2,350,0,0,0,350
01/15/2019,MCI,MO,ACE,CE,Combined TRACON& Tower with Radar,315,12,10,0,337,0,0,0,0,0,315,12,10,0,337,0,0,0,337
01/16/2019,MCI,MO,ACE,CE,Combined TRACON& Tower with Radar,315,14,4,2,335,0,0,0,0,0,315,14,4,2,335,0,0,0,335
01/17/2019,MCI,MO,ACE,CE,Combined TRACON& Tower with Radar,322,11,6,0,339,0,0,0,0,0,322,11,6,0,339,0,0,0,339
01/18/2019,MCI,MO,ACE,CE,Combined TRACON& Tower with Radar,315,13,1,0,329,0,0,0,0,0,315,13,1,0,329,0,0,0,329
01/19/2019,MCI,MO,ACE,CE,Combined TRACON& Tower with Radar,177,16,5,0,198,0,0,0,0,0,177,16,5,0,198,0,0,0,198
01/20/2019,MCI,MO,ACE,CE,Combined TRACON& Tower with Radar,236,14,7,0,257,0,0,6,0,6,236,14,13,0,263,0,0,0,263
01/21/2019,MCI,MO,ACE,CE,Combined TRACON& Tower with Radar,324,17,2,0,343,0,0,2,0,2,324,17,4,0,345,0,0,0,345
01/22/2019,MCI,MO,ACE,CE,Combined TRACON& Tower with Radar,284,17,8,0,309,0,0,0,0,0,284,17,8,0,309,0,0,0,309
01/23/2019,MCI,MO,ACE,CE,Combined TRACON& Tower with Radar,326,13,17,7,363,0,2,0,12,14,326,15,17,19,377,0,0,0,377
01/24/2019,MCI,MO,ACE,CE,Combined TRACON& Tower with Radar,332,11,7,3,353,0,0,0,0,0,332,11,7,3,353,0,0,0,353
01/25/2019,MCI,MO,ACE,CE,Combined TRACON& Tower with Radar,332,7,7,4,350,0,0,0,0,0,332,7,7,4,350,0,0,0,350
01/26/2019,MCI,MO,ACE,CE,Combined TRACON& Tower with Radar,196,8,2,1,207,0,0,0,0,0,196,8,2,1,207,0,0,0,207
01/27/2019,MCI,MO,ACE,CE,Combined TRACON& Tower with Radar,277,8,7,0,292,0,0,2,0,2,277,8,9,0,294,0,0,0,294
01/28/2019,MCI,MO,ACE,CE,Combined TRACON& Tower with Radar,303,13,3,2,321,0,0,0,0,0,303,13,3,2,321,0,0,0,321
01/29/2019,MCI,MO,ACE,CE,Combined TRACON& Tower with Radar,296,11,10,0,317,0,0,0,0,0,296,11,10,0,317,0,0,0,317
01/30/2019,MCI,MO,ACE,CE,Combined TRACON& Tower with Radar,278,12,9,0,299,0,0,0,0,0,278,12,9,0,299,0,0,0,299
01/31/2019,MCI,MO,ACE,CE,Combined TRACON& Tower with Radar,304,10,5,0,319,0,0,0,0,0,304,10,5,0,319,0,0,0,319
02/01/2019,MCI,MO,ACE,CE,Combined TRACON& Tower with Radar,319,8,8,0,335,0,0,5,0,5,319,8,13,0,340,0,0,0,340
02/02/2019,MCI,MO,ACE,CE,Combined TRACON& Tower with Radar,193,9,2,2,206,0,0,0,0,0,193,9,2,2,206,0,0,0,206
02/03/2019,MCI,MO,ACE,CE,Combined TRACON& Tower with Radar,246,11,4,0,261,0,0,0,0,0,246,11,4,0,261,0,0,0,261
02/04/2019,MCI,MO,ACE,CE,Combined TRACON& Tower with Radar,326,9,1,0,336,0,2,3,0,5,326,11,4,0,341,0,0,0,341
02/05/2019,MCI,MO,ACE,CE,Combined TRACON& Tower with Radar,308,11,4,0,323,0,0,0,0,0,308,11,4,0,323,0,0,0,323
02/06/2019,MCI,MO,ACE,CE,Combined TRACON& Tower with Radar,280,14,10,0,304,0,0,0,0,0,280,14,10,0,304,0,0,0,304
02/07/2019,MCI,MO,ACE,CE,Combined TRACON& Tower with Radar,317,38,10,2,367,0,0,1,0,1,317,38,11,2,368,0,0,0,368
02/08/2019,MCI,MO,ACE,CE,Combined TRACON& Tower with Radar,337,10,12,0,359,0,0,0,0,0,337,10,12,0,359,0,0,0,359
02/09/2019,MCI,MO,ACE,CE,Combined TRACON& Tower with Radar,201,8,6,0,215,0,0,2,0,2,201,8,8,0,217,0,0,0,217
02/10/2019,MCI,MO,ACE,CE,Combined TRACON& Tower with Radar,264,17,4,4,289,0,0,0,0,0,264,17,4,4,289,0,0,0,289
02/11/2019,MCI,MO,ACE,CE,Combined TRACON& Tower with Radar,314,15,6,0,335,0,0,0,0,0,314,15,6,0,335,0,0,0,335
02/12/2019,MCI,MO,ACE,CE,Combined TRACON& Tower with Radar,295,22,12,7,336,0,0,0,0,0,295,22,12,7,336,0,0,0,336
02/13/2019,MCI,MO,ACE,CE,Combined TRACON& Tower with Radar,328,18,15,5,366,0,0,2,0,2,328,18,17,5,368,0,0,0,368
02/14/2019,MCI,MO,ACE,CE,Combined TRACON& Tower with Radar,348,8,7,3,366,0,0,0,0,0,348,8,7,3,366,0,0,0,366
02/15/2019,MCI,MO,ACE,CE,Combined TRACON& Tower with Radar,331,13,7,0,351,0,0,0,0,0,331,13,7,0,351,0,0,0,351
02/16/2019,MCI,MO,ACE,CE,Combined TRACON& Tower with Radar,208,8,3,1,220,0,0,0,0,0,208,8,3,1,220,0,0,0,220
02/17/2019,MCI,MO,ACE,CE,Combined TRACON& Tower with Radar,240,8,2,4,254,0,0,7,0,7,240,8,9,4,261,0,0,0,261
02/18/2019,MCI,MO,ACE,CE,Combined TRACON& Tower with Radar,328,14,12,2,356,0,0,0,0,0,328,14,12,2,356,6,0,6,362
02/19/2019,MCI,MO,ACE,CE,Combined TRACON& Tower with Radar,324,10,3,11,348,0,0,0,2,2,324,10,3,13,350,0,0,0,350
02/20/2019,MCI,MO,ACE,CE,Combined TRACON& Tower with Radar,317,19,7,0,343,0,0,0,0,0,317,19,7,0,343,0,0,0,343
02/21/2019,MCI,MO,ACE,CE,Combined TRACON& Tower with Radar,334,10,13,4,361,0,1,0,1,2,334,11,13,5,363,0,0,0,363
02/22/2019,MCI,MO,ACE,CE,Combined TRACON& Tower with Radar,337,5,7,2,351,0,1,0,0,1,337,6,7,2,352,0,0,0,352
02/23/2019,MCI,MO,ACE,CE,Combined TRACON& Tower with Radar,207,5,5,6,223,0,0,0,0,0,207,5,5,6,223,0,0,0,223
02/24/2019,MCI,MO,ACE,CE,Combined TRACON& Tower with Radar,282,7,12,0,301,0,0,2,0,2,282,7,14,0,303,0,0,0,303
02/25/2019,MCI,MO,ACE,CE,Combined TRACON& Tower with Radar,327,8,2,2,339,0,12,4,0,16,327,20,6,2,355,0,0,0,355
02/26/2019,MCI,MO,ACE,CE,Combined TRACON& Tower with Radar,331,5,4,0,340,0,0,0,0,0,331,5,4,0,340,0,0,0,340
02/27/2019,MCI,MO,ACE,CE,Combined TRACON& Tower with Radar,331,27,18,0,376,1,0,0,0,1,332,27,18,0,377,0,0,0,377
02/28/2019,MCI,MO,ACE,CE,Combined TRACON& Tower with Radar,343,27,2,2,374,0,2,1,1,4,343,29,3,3,378,0,0,0,378
03/01/2019,MCI,MO,ACE,CE,Combined TRACON& Tower with Radar,345,9,11,6,371,0,0,2,0,2,345,9,13,6,373,0,0,0,373
03/02/2019,MCI,MO,ACE,CE,Combined TRACON& Tower with Radar,213,9,3,0,225,0,0,0,2,2,213,9,3,2,227,0,0,0,227
03/03/2019,MCI,MO,ACE,CE,Combined TRACON& Tower with Radar,275,7,6,0,288,0,0,0,0,0,275,7,6,0,288,0,0,0,288
03/04/2019,MCI,MO,ACE,CE,Combined TRACON& Tower with Radar,327,11,4,0,342,0,0,4,0,4,327,11,8,0,346,6,0,6,352
03/05/2019,MCI,MO,ACE,CE,Combined TRACON& Tower with Radar,332,2,5,0,339,0,0,1,0,1,332,2,6,0,340,0,0,0,340
03/06/2019,MCI,MO,ACE,CE,Combined TRACON& Tower with Radar,333,3,6,3,345,0,0,5,2,7,333,3,11,5,352,0,0,0,352
03/07/2019,MCI,MO,ACE,CE,Combined TRACON& Tower with Radar,347,10,9,2,368,0,0,2,0,2,347,10,11,2,370,0,0,0,370
03/08/2019,MCI,MO,ACE,CE,Combined TRACON& Tower with Radar,338,9,4,2,353,0,0,0,0,0,338,9,4,2,353,0,0,0,353
03/09/2019,MCI,MO,ACE,CE,Combined TRACON& Tower with Radar,244,21,4,0,269,0,0,0,0,0,244,21,4,0,269,0,0,0,269
03/10/2019,MCI,MO,ACE,CE,Combined TRACON& Tower with Radar,294,15,5,0,314,0,2,2,0,4,294,17,7,0,318,0,0,0,318
03/11/2019,MCI,MO,ACE,CE,Combined TRACON& Tower with Radar,350,8,9,4,371,0,0,0,0,0,350,8,9,4,371,0,0,0,371
03/12/2019,MCI,MO,ACE,CE,Combined TRACON& Tower with Radar,336,11,8,0,355,0,0,0,0,0,336,11,8,0,355,0,0,0,355
03/13/2019,MCI,MO,ACE,CE,Combined TRACON& Tower with Radar,326,12,3,0,341,0,0,0,0,0,326,12,3,0,341,0,0,0,341
03/14/2019,MCI,MO,ACE,CE,Combined TRACON& Tower with Radar,335,11,7,2,355,0,0,0,0,0,335,11,7,2,355,0,0,0,355
03/15/2019,MCI,MO,ACE,CE,Combined TRACON& Tower with Radar,339,7,11,0,357,0,4,6,0,10,339,11,17,0,367,8,0,8,375
03/16/2019,MCI,MO,ACE,CE,Combined TRACON& Tower with Radar,249,18,4,0,271,2,0,3,0,5,251,18,7,0,276,0,0,0,276
03/17/2019,MCI,MO,ACE,CE,Combined TRACON& Tower with Radar,296,13,7,0,316,0,0,2,0,2,296,13,9,0,318,0,0,0,318
03/18/2019,MCI,MO,ACE,CE,Combined TRACON& Tower with Radar,340,8,9,4,361,0,0,1,0,1,340,8,10,4,362,0,0,0,362
03/19/2019,MCI,MO,ACE,CE,Combined TRACON& Tower with Radar,349,6,15,4,374,0,0,0,1,1,349,6,15,5,375,0,0,0,375
03/20/2019,MCI,MO,ACE,CE,Combined TRACON& Tower with Radar,345,11,7,3,366,0,0,0,0,0,345,11,7,3,366,0,0,0,366
03/21/2019,MCI,MO,ACE,CE,Combined TRACON& Tower with Radar,343,11,14,11,379,0,2,6,1,9,343,13,20,12,388,0,0,0,388
03/22/2019,MCI,MO,ACE,CE,Combined TRACON& Tower with Radar,338,14,17,2,371,0,0,3,0,3,338,14,20,2,374,6,0,6,380
03/23/2019,MCI,MO,ACE,CE,Combined TRACON& Tower with Radar,261,21,4,1,287,0,0,0,1,1,261,21,4,2,288,0,0,0,288
03/24/2019,MCI,MO,ACE,CE,Combined TRACON& Tower with Radar,302,9,1,2,314,0,0,0,0,0,302,9,1,2,314,0,0,0,314
03/25/2019,MCI,MO,ACE,CE,Combined TRACON& Tower with Radar,341,13,6,0,360,0,0,3,1,4,341,13,9,1,364,0,0,0,364
03/26/2019,MCI,MO,ACE,CE,Combined TRACON& Tower with Radar,344,11,8,2,365,0,2,5,1,8,344,13,13,3,373,0,0,0,373
03/27/2019,MCI,MO,ACE,CE,Combined TRACON& Tower with Radar,346,19,5,0,370,0,0,1,0,1,346,19,6,0,371,0,0,0,371
03/28/2019,MCI,MO,ACE,CE,Combined TRACON& Tower with Radar,353,19,6,0,378,0,1,1,0,2,353,20,7,0,380,0,0,0,380
03/29/2019,MCI,MO,ACE,CE,Combined TRACON& Tower with Radar,351,12,13,0,376,0,0,0,0,0,351,12,13,0,376,0,0,0,376
03/30/2019,MCI,MO,ACE,CE,Combined TRACON& Tower with Radar,257,15,1,0,273,0,0,0,0,0,257,15,1,0,273,0,0,0,273
03/31/2019,MCI,MO,ACE,CE,Combined TRACON& Tower with Radar,302,16,3,0,321,0,0,6,0,6,302,16,9,0,327,0,0,0,327
04/01/2019,MCI,MO,ACE,CE,Combined TRACON& Tower with Radar,339,11,2,0,352,0,4,0,2,6,339,15,2,2,358,6,0,6,364
04/02/2019,MCI,MO,ACE,CE,Combined TRACON& Tower with Radar,345,13,8,2,368,0,0,0,0,0,345,13,8,2,368,0,0,0,368
04/03/2019,MCI,MO,ACE,CE,Combined TRACON& Tower with Radar,345,11,9,0,365,0,2,2,0,4,345,13,11,0,369,0,0,0,369
04/04/2019,MCI,MO,ACE,CE,Combined TRACON& Tower with Radar,354,15,13,2,384,0,0,0,0,0,354,15,13,2,384,0,0,0,384
04/05/2019,MCI,MO,ACE,CE,Combined TRACON& Tower with Radar,360,12,8,2,382,0,0,2,0,2,360,12,10,2,384,0,0,0,384
04/06/2019,MCI,MO,ACE,CE,Combined TRACON& Tower with Radar,246,12,2,0,260,0,2,2,0,4,246,14,4,0,264,6,0,6,270
04/07/2019,MCI,MO,ACE,CE,Combined TRACON& Tower with Radar,299,13,8,0,320,0,0,0,0,0,299,13,8,0,320,0,0,0,320
04/08/2019,MCI,MO,ACE,CE,Combined TRACON& Tower with Radar,335,11,6,2,354,0,21,1,0,22,335,32,7,2,376,0,0,0,376
04/09/2019,MCI,MO,ACE,CE,Combined TRACON& Tower with Radar,333,8,6,16,363,0,0,4,2,6,333,8,10,18,369,0,0,0,369
04/10/2019,MCI,MO,ACE,CE,Combined TRACON& Tower with Radar,329,10,14,6,359,0,1,0,0,1,329,11,14,6,360,0,0,0,360
04/11/2019,MCI,MO,ACE,CE,Combined TRACON& Tower with Radar,330,11,13,10,364,0,0,0,0,0,330,11,13,10,364,0,0,0,364
04/12/2019,MCI,MO,ACE,CE,Combined TRACON& Tower with Radar,348,13,10,5,376,0,0,2,2,4,348,13,12,7,380,0,0,0,380
04/13/2019,MCI,MO,ACE,CE,Combined TRACON& Tower with Radar,225,14,4,2,245,0,0,4,0,4,225,14,8,2,249,0,0,0,249
04/14/2019,MCI,MO,ACE,CE,Combined TRACON& Tower with Radar,285,12,12,0,309,0,0,0,0,0,285,12,12,0,309,0,0,0,309
04/15/2019,MCI,MO,ACE,CE,Combined TRACON& Tower with Radar,337,11,5,9,362,0,4,5,3,12,337,15,10,12,374,0,0,0,374
04/16/2019,MCI,MO,ACE,CE,Combined TRACON& Tower with Radar,348,8,2,4,362,0,0,10,2,12,348,8,12,6,374,0,0,0,374
04/17/2019,MCI,MO,ACE,CE,Combined TRACON& Tower with Radar,329,11,6,6,352,0,0,0,0,0,329,11,6,6,352,0,0,0,352
04/18/2019,MCI,MO,ACE,CE,Combined TRACON& Tower with Radar,337,9,5,6,357,0,0,2,0,2,337,9,7,6,359,0,0,0,359
04/19/2019,MCI,MO,ACE,CE,Combined TRACON& Tower with Radar,327,14,7,2,350,0,1,5,0,6,327,15,12,2,356,22,0,22,378
04/20/2019,MCI,MO,ACE,CE,Combined TRACON& Tower with Radar,219,10,0,0,229,0,0,7,0,7,219,10,7,0,236,0,0,0,236
04/21/2019,MCI,MO,ACE,CE,Combined TRACON& Tower with Radar,284,8,7,0,299,0,0,3,0,3,284,8,10,0,302,0,0,0,302
04/22/2019,MCI,MO,ACE,CE,Combined TRACON& Tower with Radar,337,15,3,0,355,0,0,0,0,0,337,15,3,0,355,0,0,0,355
04/23/2019,MCI,MO,ACE,CE,Combined TRACON& Tower with Radar,333,7,10,0,350,0,0,0,0,0,333,7,10,0,350,0,0,0,350
04/24/2019,MCI,MO,ACE,CE,Combined TRACON& Tower with Radar,332,13,11,7,363,0,0,3,0,3,332,13,14,7,366,0,0,0,366
04/25/2019,MCI,MO,ACE,CE,Combined TRACON& Tower with Radar,340,18,9,2,369,0,0,0,0,0,340,18,9,2,369,0,0,0,369
04/26/2019,MCI,MO,ACE,CE,Combined TRACON& Tower with Radar,327,12,12,0,351,0,0,8,0,8,327,12,20,0,359,0,0,0,359
04/27/2019,MCI,MO,ACE,CE,Combined TRACON& Tower with Radar,233,11,4,0,248,0,0,0,0,0,233,11,4,0,248,0,0,0,248
04/28/2019,MCI,MO,ACE,CE,Combined TRACON& Tower with Radar,310,10,6,2,328,0,0,0,0,0,310,10,6,2,328,0,0,0,328
04/29/2019,MCI,MO,ACE,CE,Combined TRACON& Tower with Radar,334,8,2,7,351,0,0,0,0,0,334,8,2,7,351,0,0,0,351
04/30/2019,MCI,MO,ACE,CE,Combined TRACON& Tower with Radar,309,11,5,0,325,0,0,1,0,1,309,11,6,0,326,0,0,0,326
05/01/2019,MCI,MO,ACE,CE,Combined TRACON& Tower with Radar,333,16,7,14,370,0,0,0,0,0,333,16,7,14,370,0,0,0,370
05/02/2019,MCI,MO,ACE,CE,Combined TRACON& Tower with Radar,334,12,10,4,360,0,0,0,0,0,334,12,10,4,360,0,0,0,360
05/03/2019,MCI,MO,ACE,CE,Combined TRACON& Tower with Radar,331,13,4,3,351,0,0,1,0,1,331,13,5,3,352,0,0,0,352
05/04/2019,MCI,MO,ACE,CE,Combined TRACON& Tower with Radar,237,10,1,0,248,0,0,3,0,3,237,10,4,0,251,0,0,0,251
05/05/2019,MCI,MO,ACE,CE,Combined TRACON& Tower with Radar,300,19,5,0,324,0,0,3,0,3,300,19,8,0,327,0,0,0,327
05/06/2019,MCI,MO,ACE,CE,Combined TRACON& Tower with Radar,341,8,4,6,359,0,0,0,0,0,341,8,4,6,359,0,0,0,359
05/07/2019,MCI,MO,ACE,CE,Combined TRACON& Tower with Radar,344,5,5,1,355,0,0,0,0,0,344,5,5,1,355,0,0,0,355
05/08/2019,MCI,MO,ACE,CE,Combined TRACON& Tower with Radar,339,11,16,7,373,0,0,0,0,0,339,11,16,7,373,0,0,0,373
05/09/2019,MCI,MO,ACE,CE,Combined TRACON& Tower with Radar,342,8,25,4,379,0,0,0,0,0,342,8,25,4,379,0,0,0,379
05/10/2019,MCI,MO,ACE,CE,Combined TRACON& Tower with Radar,342,8,15,0,365,0,0,2,0,2,342,8,17,0,367,0,0,0,367
05/11/2019,MCI,MO,ACE,CE,Combined TRACON& Tower with Radar,243,5,13,2,263,0,0,1,0,1,243,5,14,2,264,0,0,0,264
05/12/2019,MCI,MO,ACE,CE,Combined TRACON& Tower with Radar,309,7,11,0,327,0,0,0,0,0,309,7,11,0,327,0,0,0,327
05/13/2019,MCI,MO,ACE,CE,Combined TRACON& Tower with Radar,336,8,8,2,354,0,0,0,0,0,336,8,8,2,354,0,0,0,354
05/14/2019,MCI,MO,ACE,CE,Combined TRACON& Tower with Radar,351,8,5,3,367,0,0,2,0,2,351,8,7,3,369,0,0,0,369
05/15/2019,MCI,MO,ACE,CE,Combined TRACON& Tower with Radar,365,11,14,1,391,0,0,5,0,5,365,11,19,1,396,0,0,0,396
05/16/2019,MCI,MO,ACE,CE,Combined TRACON& Tower with Radar,363,11,4,3,381,0,4,8,0,12,363,15,12,3,393,0,0,0,393
05/17/2019,MCI,MO,ACE,CE,Combined TRACON& Tower with Radar,364,9,6,0,379,0,0,3,0,3,364,9,9,0,382,0,0,0,382
05/18/2019,MCI,MO,ACE,CE,Combined TRACON& Tower with Radar,242,6,0,0,248,0,0,0,0,0,242,6,0,0,248,0,0,0,248
05/19/2019,MCI,MO,ACE,CE,Combined TRACON& Tower with Radar,301,8,4,0,313,0,0,5,0,5,301,8,9,0,318,0,0,0,318
05/20/2019,MCI,MO,ACE,CE,Combined TRACON& Tower with Radar,332,12,2,0,346,0,0,0,0,0,332,12,2,0,346,0,0,0,346
05/21/2019,MCI,MO,ACE,CE,Combined TRACON& Tower with Radar,361,7,6,0,374,0,0,0,0,0,361,7,6,0,374,0,0,0,374
05/22/2019,MCI,MO,ACE,CE,Combined TRACON& Tower with Radar,361,15,10,4,390,0,0,4,1,5,361,15,14,5,395,0,0,0,395
05/23/2019,MCI,MO,ACE,CE,Combined TRACON& Tower with Radar,344,15,5,2,366,0,0,3,0,3,344,15,8,2,369,0,0,0,369
05/24/2019,MCI,MO,ACE,CE,Combined TRACON& Tower with Radar,354,16,5,0,375,0,0,0,0,0,354,16,5,0,375,0,0,0,375
05/25/2019,MCI,MO,ACE,CE,Combined TRACON& Tower with Radar,246,3,3,0,252,0,0,1,0,1,246,3,4,0,253,0,0,0,253
05/26/2019,MCI,MO,ACE,CE,Combined TRACON& Tower with Radar,262,7,4,0,273,0,0,2,0,2,262,7,6,0,275,0,0,0,275
05/27/2019,MCI,MO,ACE,CE,Combined TRACON& Tower with Radar,299,6,6,0,311,0,0,1,0,1,299,6,7,0,312,0,0,0,312
05/28/2019,MCI,MO,ACE,CE,Combined TRACON& Tower with Radar,263,4,6,0,273,0,0,0,0,0,263,4,6,0,273,0,0,0,273
05/29/2019,MCI,MO,ACE,CE,Combined TRACON& Tower with Radar,349,10,13,6,378,0,0,4,0,4,349,10,17,6,382,0,0,0,382
05/30/2019,MCI,MO,ACE,CE,Combined TRACON& Tower with Radar,342,7,2,2,353,0,6,5,0,11,342,13,7,2,364,0,0,0,364
05/31/2019,MCI,MO,ACE,CE,Combined TRACON& Tower with Radar,356,5,10,1,372,0,2,2,0,4,356,7,12,1,376,0,0,0,376
06/01/2019,MCI,MO,ACE,CE,Combined TRACON& Tower with Radar,250,8,2,1,261,0,0,5,0,5,250,8,7,1,266,0,0,0,266
06/02/2019,MCI,MO,ACE,CE,Combined TRACON& Tower with Radar,306,13,8,0,327,0,0,4,0,4,306,13,12,0,331,0,0,0,331
06/03/2019,MCI,MO,ACE,CE,Combined TRACON& Tower with Radar,345,10,7,2,364,0,0,0,2,2,345,10,7,4,366,0,0,0,366
06/04/2019,MCI,MO,ACE,CE,Combined TRACON& Tower with Radar,356,6,11,2,375,0,4,5,0,9,356,10,16,2,384,0,0,0,384
06/05/2019,MCI,MO,ACE,CE,Combined TRACON& Tower with Radar,351,17,14,0,382,0,2,0,0,2,351,19,14,0,384,0,0,0,384
06/06/2019,MCI,MO,ACE,CE,Combined TRACON& Tower with Radar,355,8,5,8,376,0,0,0,0,0,355,8,5,8,376,0,0,0,376
06/07/2019,MCI,MO,ACE,CE,Combined TRACON& Tower with Radar,359,7,12,4,382,0,0,3,0,3,359,7,15,4,385,0,0,0,385
06/08/2019,MCI,MO,ACE,CE,Combined TRACON& Tower with Radar,240,9,5,0,254,0,2,1,0,3,240,11,6,0,257,0,0,0,257
06/09/2019,MCI,MO,ACE,CE,Combined TRACON& Tower with Radar,312,2,4,0,318,0,0,4,0,4,312,2,8,0,322,0,0,0,322
06/10/2019,MCI,MO,ACE,CE,Combined TRACON& Tower with Radar,350,9,4,6,369,0,0,5,0,5,350,9,9,6,374,0,0,0,374
06/11/2019,MCI,MO,ACE,CE,Combined TRACON& Tower with Radar,348,10,9,6,373,0,0,5,0,5,348,10,14,6,378,0,0,0,378
06/12/2019,MCI,MO,ACE,CE,Combined TRACON& Tower with Radar,355,10,6,12,383,0,0,5,1,6,355,10,11,13,389,0,0,0,389
06/13/2019,MCI,MO,ACE,CE,Combined TRACON& Tower with Radar,348,15,13,5,381,0,0,8,0,8,348,15,21,5,389,0,0,0,389
06/14/2019,MCI,MO,ACE,CE,Combined TRACON& Tower with Radar,363,6,5,1,375,0,0,6,0,6,363,6,11,1,381,0,0,0,381
06/15/2019,MCI,MO,ACE,CE,Combined TRACON& Tower with Radar,263,16,0,2,281,0,0,2,0,2,263,16,2,2,283,0,0,0,283
06/16/2019,MCI,MO,ACE,CE,Combined TRACON& Tower with Radar,317,5,6,0,328,0,0,0,0,0,317,5,6,0,328,0,0,0,328
06/17/2019,MCI,MO,ACE,CE,Combined TRACON& Tower with Radar,347,6,11,0,364,0,0,5,0,5,347,6,16,0,369,0,0,0,369
06/18/2019,MCI,MO,ACE,CE,Combined TRACON& Tower with Radar,357,4,7,0,368,0,0,2,0,2,357,4,9,0,370,18,0,18,388
06/19/2019,MCI,MO,ACE,CE,Combined TRACON& Tower with Radar,347,8,4,5,364,0,0,0,1,1,347,8,4,6,365,0,0,0,365
06/20/2019,MCI,MO,ACE,CE,Combined TRACON& Tower with Radar,350,7,12,4,373,0,0,2,2,4,350,7,14,6,377,0,0,0,377
06/21/2019,MCI,MO,ACE,CE,Combined TRACON& Tower with Radar,355,11,12,2,380,0,0,0,3,3,355,11,12,5,383,0,0,0,383
06/22/2019,MCI,MO,ACE,CE,Combined TRACON& Tower with Radar,260,8,5,1,274,0,0,0,1,1,260,8,5,2,275,0,0,0,275
06/23/2019,MCI,MO,ACE,CE,Combined TRACON& Tower with Radar,353,5,8,0,366,0,1,1,0,2,353,6,9,0,368,0,0,0,368
06/24/2019,MCI,MO,ACE,CE,Combined TRACON& Tower with Radar,342,5,9,3,359,0,0,7,2,9,342,5,16,5,368,0,0,0,368
06/25/2019,MCI,MO,ACE,CE,Combined TRACON& Tower with Radar,366,5,9,1,381,0,0,9,0,9,366,5,18,1,390,0,0,0,390
06/26/2019,MCI,MO,ACE,CE,Combined TRACON& Tower with Radar,358,4,11,0,373,0,0,8,0,8,358,4,19,0,381,0,0,0,381
06/27/2019,MCI,MO,ACE,CE,Combined TRACON& Tower with Radar,350,10,4,4,368,0,0,8,0,8,350,10,12,4,376,0,0,0,376
06/28/2019,MCI,MO,ACE,CE,Combined TRACON& Tower with Radar,364,11,9,0,384,0,0,4,0,4,364,11,13,0,388,0,0,0,388
06/29/2019,MCI,MO,ACE,CE,Combined TRACON& Tower with Radar,267,8,7,1,283,0,0,2,0,2,267,8,9,1,285,0,0,0,285
06/30/2019,MCI,MO,ACE,CE,Combined TRACON& Tower with Radar,310,9,0,1,320,0,0,4,0,4,310,9,4,1,324,0,0,0,324
07/01/2019,MCI,MO,ACE,CE,Combined TRACON& Tower with Radar,328,6,6,0,340,0,0,4,0,4,328,6,10,0,344,0,0,0,344
07/02/2019,MCI,MO,ACE,CE,Combined TRACON& Tower with Radar,335,8,2,3,348,0,0,2,3,5,335,8,4,6,353,0,0,0,353
07/03/2019,MCI,MO,ACE,CE,Combined TRACON& Tower with Radar,317,5,17,0,339,0,0,30,0,30,317,5,47,0,369,0,0,0,369
07/04/2019,MCI,MO,ACE,CE,Combined TRACON& Tower with Radar,221,4,3,0,228,0,0,0,0,0,221,4,3,0,228,0,0,0,228
07/05/2019,MCI,MO,ACE,CE,Combined TRACON& Tower with Radar,267,13,5,0,285,0,0,1,0,1,267,13,6,0,286,0,0,0,286
07/06/2019,MCI,MO,ACE,CE,Combined TRACON& Tower with Radar,263,14,5,0,282,0,1,3,0,4,263,15,8,0,286,0,0,0,286
07/07/2019,MCI,MO,ACE,CE,Combined TRACON& Tower with Radar,334,16,14,0,364,0,0,3,0,3,334,16,17,0,367,0,0,0,367
07/08/2019,MCI,MO,ACE,CE,Combined TRACON& Tower with Radar,354,5,11,0,370,0,2,0,0,2,354,7,11,0,372,0,0,0,372
07/09/2019,MCI,MO,ACE,CE,Combined TRACON& Tower with Radar,363,3,8,0,374,6,0,3,0,9,369,3,11,0,383,6,0,6,389
07/10/2019,MCI,MO,ACE,CE,Combined TRACON& Tower with Radar,347,9,11,4,371,0,0,3,0,3,347,9,14,4,374,2,0,2,376
07/11/2019,MCI,MO,ACE,CE,Combined TRACON& Tower with Radar,349,6,11,2,368,0,0,5,0,5,349,6,16,2,373,0,0,0,373
07/12/2019,MCI,MO,ACE,CE,Combined TRACON& Tower with Radar,348,7,11,0,366,0,0,0,0,0,348,7,11,0,366,0,0,0,366
07/13/2019,MCI,MO,ACE,CE,Combined TRACON& Tower with Radar,274,6,0,2,282,0,0,4,0,4,274,6,4,2,286,0,0,0,286
07/14/2019,MCI,MO,ACE,CE,Combined TRACON& Tower with Radar,334,5,4,0,343,0,0,3,0,3,334,5,7,0,346,0,0,0,346
07/15/2019,MCI,MO,ACE,CE,Combined TRACON& Tower with Radar,363,5,16,0,384,0,2,2,0,4,363,7,18,0,388,0,0,0,388
07/16/2019,MCI,MO,ACE,CE,Combined TRACON& Tower with Radar,348,6,9,13,376,0,2,2,9,13,348,8,11,22,389,0,0,0,389
07/17/2019,MCI,MO,ACE,CE,Combined TRACON& Tower with Radar,354,10,6,9,379,0,4,5,5,14,354,14,11,14,393,0,0,0,393
07/18/2019,MCI,MO,ACE,CE,Combined TRACON& Tower with Radar,331,13,17,20,381,0,3,16,5,24,331,16,33,25,405,0,0,0,405
07/19/2019,MCI,MO,ACE,CE,Combined TRACON& Tower with Radar,355,8,14,4,381,0,0,3,0,3,355,8,17,4,384,0,0,0,384
07/20/2019,MCI,MO,ACE,CE,Combined TRACON& Tower with Radar,278,29,15,1,323,0,2,5,0,7,278,31,20,1,330,0,0,0,330
07/21/2019,MCI,MO,ACE,CE,Combined TRACON& Tower with Radar,332,18,17,0,367,0,0,0,0,0,332,18,17,0,367,0,0,0,367
07/22/2019,MCI,MO,ACE,CE,Combined TRACON& Tower with Radar,351,10,13,1,375,0,0,6,0,6,351,10,19,1,381,8,0,8,389
07/23/2019,MCI,MO,ACE,CE,Combined TRACON& Tower with Radar,351,3,12,0,366,0,0,1,0,1,351,3,13,0,367,0,0,0,367
07/24/2019,MCI,MO,ACE,CE,Combined TRACON& Tower with Radar,360,10,13,5,388,0,2,7,0,9,360,12,20,5,397,0,0,0,397
07/25/2019,MCI,MO,ACE,CE,Combined TRACON& Tower with Radar,349,9,22,2,382,0,2,4,1,7,349,11,26,3,389,0,0,0,389
07/26/2019,MCI,MO,ACE,CE,Combined TRACON& Tower with Radar,358,14,10,2,384,0,0,6,0,6,358,14,16,2,390,0,0,0,390
07/27/2019,MCI,MO,ACE,CE,Combined TRACON& Tower with Radar,275,7,1,0,283,0,2,8,0,10,275,9,9,0,293,0,0,0,293
07/28/2019,MCI,MO,ACE,CE,Combined TRACON& Tower with Radar,335,2,3,0,340,0,0,5,0,5,335,2,8,0,345,0,0,0,345
07/29/2019,MCI,MO,ACE,CE,Combined TRACON& Tower with Radar,341,6,13,1,361,0,2,6,0,8,341,8,19,1,369,0,0,0,369
07/30/2019,MCI,MO,ACE,CE,Combined TRACON& Tower with Radar,359,9,9,2,379,0,1,3,0,4,359,10,12,2,383,0,0,0,383
07/31/2019,MCI,MO,ACE,CE,Combined TRACON& Tower with Radar,344,6,9,0,359,0,0,2,0,2,344,6,11,0,361,0,0,0,361
08/01/2019,MCI,MO,ACE,CE,Combined TRACON& Tower with Radar,348,2,11,0,361,0,2,11,0,13,348,4,22,0,374,0,0,0,374
08/02/2019,MCI,MO,ACE,CE,Combined TRACON& Tower with Radar,354,10,3,2,369,0,0,0,0,0,354,10,3,2,369,0,0,0,369
08/03/2019,MCI,MO,ACE,CE,Combined TRACON& Tower with Radar,277,12,3,0,292,0,0,4,2,6,277,12,7,2,298,0,0,0,298
08/04/2019,MCI,MO,ACE,CE,Combined TRACON& Tower with Radar,330,8,4,0,342,0,1,2,0,3,330,9,6,0,345,0,0,0,345
08/05/2019,MCI,MO,ACE,CE,Combined TRACON& Tower with Radar,354,9,3,6,372,0,0,1,0,1,354,9,4,6,373,0,0,0,373
08/06/2019,MCI,MO,ACE,CE,Combined TRACON& Tower with Radar,352,14,8,4,378,0,0,3,2,5,352,14,11,6,383,0,0,0,383
08/07/2019,MCI,MO,ACE,CE,Combined TRACON& Tower with Radar,343,4,14,3,364,0,0,5,2,7,343,4,19,5,371,24,0,24,395
08/08/2019,MCI,MO,ACE,CE,Combined TRACON& Tower with Radar,346,7,11,2,366,0,1,3,2,6,346,8,14,4,372,0,0,0,372
08/09/2019,MCI,MO,ACE,CE,Combined TRACON& Tower with Radar,356,4,8,6,374,0,0,7,2,9,356,4,15,8,383,0,0,0,383
08/10/2019,MCI,MO,ACE,CE,Combined TRACON& Tower with Radar,238,10,3,0,251,0,0,2,0,2,238,10,5,0,253,0,0,0,253
08/11/2019,MCI,MO,ACE,CE,Combined TRACON& Tower with Radar,322,3,6,0,331,0,0,0,0,0,322,3,6,0,331,0,0,0,331
08/12/2019,MCI,MO,ACE,CE,Combined TRACON& Tower with Radar,350,5,3,3,361,0,0,0,0,0,350,5,3,3,361,0,0,0,361
08/13/2019,MCI,MO,ACE,CE,Combined TRACON& Tower with Radar,351,4,9,7,371,0,4,1,4,9,351,8,10,11,380,0,0,0,380
08/14/2019,MCI,MO,ACE,CE,Combined TRACON& Tower with Radar,356,8,17,5,386,0,3,6,0,9,356,11,23,5,395,0,0,0,395
08/15/2019,MCI,MO,ACE,CE,Combined TRACON& Tower with Radar,344,8,11,0,363,0,0,2,0,2,344,8,13,0,365,4,0,4,369
08/16/2019,MCI,MO,ACE,CE,Combined TRACON& Tower with Radar,353,2,8,1,364,0,0,2,0,2,353,2,10,1,366,0,0,0,366
08/17/2019,MCI,MO,ACE,CE,Combined TRACON& Tower with Radar,230,9,7,0,246,0,0,0,0,0,230,9,7,0,246,0,0,0,246
08/18/2019,MCI,MO,ACE,CE,Combined TRACON& Tower with Radar,297,6,1,0,304,0,0,1,4,5,297,6,2,4,309,0,0,0,309
08/19/2019,MCI,MO,ACE,CE,Combined TRACON& Tower with Radar,344,9,7,0,360,0,0,35,0,35,344,9,42,0,395,0,0,0,395
08/20/2019,MCI,MO,ACE,CE,Combined TRACON& Tower with Radar,339,12,7,1,359,0,0,2,0,2,339,12,9,1,361,0,0,0,361
08/21/2019,MCI,MO,ACE,CE,Combined TRACON& Tower with Radar,339,12,9,7,367,0,3,1,0,4,339,15,10,7,371,0,0,0,371
08/22/2019,MCI,MO,ACE,CE,Combined TRACON& Tower with Radar,342,10,11,0,363,0,2,0,0,2,342,12,11,0,365,0,0,0,365
08/23/2019,MCI,MO,ACE,CE,Combined TRACON& Tower with Radar,344,10,8,0,362,0,0,5,0,5,344,10,13,0,367,0,0,0,367
08/24/2019,MCI,MO,ACE,CE,Combined TRACON& Tower with Radar,234,6,3,0,243,0,0,0,0,0,234,6,3,0,243,0,0,0,243
08/25/2019,MCI,MO,ACE,CE,Combined TRACON& Tower with Radar,308,7,3,0,318,0,0,0,0,0,308,7,3,0,318,0,0,0,318
08/26/2019,MCI,MO,ACE,CE,Combined TRACON& Tower with Radar,341,10,3,0,354,0,0,0,0,0,341,10,3,0,354,0,0,0,354
08/27/2019,MCI,MO,ACE,CE,Combined TRACON& Tower with Radar,344,11,9,0,364,0,0,0,0,0,344,11,9,0,364,0,0,0,364
08/28/2019,MCI,MO,ACE,CE,Combined TRACON& Tower with Radar,354,6,15,0,375,0,12,11,0,23,354,18,26,0,398,0,0,0,398
08/29/2019,MCI,MO,ACE,CE,Combined TRACON& Tower with Radar,324,5,8,8,345,0,0,2,0,2,324,5,10,8,347,0,0,0,347
08/30/2019,MCI,MO,ACE,CE,Combined TRACON& Tower with Radar,365,14,5,0,384,0,0,0,0,0,365,14,5,0,384,0,0,0,384
08/31/2019,MCI,MO,ACE,CE,Combined TRACON& Tower with Radar,214,6,1,0,221,0,0,2,0,2,214,6,3,0,223,0,0,0,223
09/01/2019,MCI,MO,ACE,CE,Combined TRACON& Tower with Radar,217,10,0,0,227,0,2,2,0,4,217,12,2,0,231,14,0,14,245
09/02/2019,MCI,MO,ACE,CE,Combined TRACON& Tower with Radar,303,9,4,0,316,0,2,2,0,4,303,11,6,0,320,0,0,0,320
09/03/2019,MCI,MO,ACE,CE,Combined TRACON& Tower with Radar,317,13,5,0,335,0,0,0,0,0,317,13,5,0,335,0,0,0,335
09/04/2019,MCI,MO,ACE,CE,Combined TRACON& Tower with Radar,317,19,6,1,343,0,5,3,1,9,317,24,9,2,352,0,0,0,352
09/05/2019,MCI,MO,ACE,CE,Combined TRACON& Tower with Radar,328,14,4,0,346,0,0,2,0,2,328,14,6,0,348,0,0,0,348
09/06/2019,MCI,MO,ACE,CE,Combined TRACON& Tower with Radar,321,16,9,0,346,0,0,5,0,5,321,16,14,0,351,0,0,0,351
09/07/2019,MCI,MO,ACE,CE,Combined TRACON& Tower with Radar,236,12,5,0,253,0,0,1,0,1,236,12,6,0,254,0,0,0,254
09/08/2019,MCI,MO,ACE,CE,Combined TRACON& Tower with Radar,310,11,6,0,327,0,0,0,0,0,310,11,6,0,327,0,0,0,327
09/09/2019,MCI,MO,ACE,CE,Combined TRACON& Tower with Radar,333,20,8,4,365,0,2,2,0,4,333,22,10,4,369,0,0,0,369
09/10/2019,MCI,MO,ACE,CE,Combined TRACON& Tower with Radar,339,16,6,3,364,0,0,1,0,1,339,16,7,3,365,0,0,0,365
09/11/2019,MCI,MO,ACE,CE,Combined TRACON& Tower with Radar,341,16,8,5,370,0,0,2,1,3,341,16,10,6,373,0,0,0,373
09/12/2019,MCI,MO,ACE,CE,Combined TRACON& Tower with Radar,330,17,9,1,357,0,0,2,0,2,330,17,11,1,359,0,0,0,359
09/13/2019,MCI,MO,ACE,CE,Combined TRACON& Tower with Radar,341,18,10,2,371,0,0,8,0,8,341,18,18,2,379,0,0,0,379
09/14/2019,MCI,MO,ACE,CE,Combined TRACON& Tower with Radar,238,12,2,0,252,0,0,4,0,4,238,12,6,0,256,0,0,0,256
09/15/2019,MCI,MO,ACE,CE,Combined TRACON& Tower with Radar,303,13,0,2,318,0,0,4,0,4,303,13,4,2,322,0,0,0,322
09/16/2019,MCI,MO,ACE,CE,Combined TRACON& Tower with Radar,335,15,2,0,352,0,0,2,0,2,335,15,4,0,354,0,0,0,354
09/17/2019,MCI,MO,ACE,CE,Combined TRACON& Tower with Radar,339,15,7,0,361,0,0,4,0,4,339,15,11,0,365,0,0,0,365
09/18/2019,MCI,MO,ACE,CE,Combined TRACON& Tower with Radar,341,16,19,4,380,0,2,5,4,11,341,18,24,8,391,0,0,0,391
09/19/2019,MCI,MO,ACE,CE,Combined TRACON& Tower with Radar,332,10,6,0,348,0,0,4,0,4,332,10,10,0,352,0,0,0,352
09/20/2019,MCI,MO,ACE,CE,Combined TRACON& Tower with Radar,334,9,4,2,349,0,0,3,0,3,334,9,7,2,352,0,0,0,352
09/21/2019,MCI,MO,ACE,CE,Combined TRACON& Tower with Radar,239,10,10,0,259,0,0,0,0,0,239,10,10,0,259,0,0,0,259
09/22/2019,MCI,MO,ACE,CE,Combined TRACON& Tower with Radar,313,25,4,0,342,0,0,0,0,0,313,25,4,0,342,0,0,0,342
09/23/2019,MCI,MO,ACE,CE,Combined TRACON& Tower with Radar,329,23,14,2,368,0,0,7,0,7,329,23,21,2,375,0,0,0,375
09/24/2019,MCI,MO,ACE,CE,Combined TRACON& Tower with Radar,349,24,6,10,389,0,0,8,0,8,349,24,14,10,397,0,0,0,397
09/25/2019,MCI,MO,ACE,CE,Combined TRACON& Tower with Radar,338,18,20,0,376,0,0,3,1,4,338,18,23,1,380,0,0,0,380
09/26/2019,MCI,MO,ACE,CE,Combined TRACON& Tower with Radar,340,12,10,0,362,0,8,4,0,12,340,20,14,0,374,0,0,0,374
09/27/2019,MCI,MO,ACE,CE,Combined TRACON& Tower with Radar,312,21,9,0,342,0,0,2,0,2,312,21,11,0,344,0,0,0,344
09/28/2019,MCI,MO,ACE,CE,Combined TRACON& Tower with Radar,242,14,5,0,261,0,0,0,0,0,242,14,5,0,261,0,0,0,261
09/29/2019,MCI,MO,ACE,CE,Combined TRACON& Tower with Radar,311,18,3,0,332,0,0,1,0,1,311,18,4,0,333,0,0,0,333
09/30/2019,MCI,MO,ACE,CE,Combined TRACON& Tower with Radar,332,14,6,0,352,0,0,4,1,5,332,14,10,1,357,0,0,0,357
10/01/2019,MCI,MO,ACE,CE,Combined TRACON& Tower with Radar,341,14,7,2,364,0,0,2,0,2,341,14,9,2,366,0,0,0,366
10/02/2019,MCI,MO,ACE,CE,Combined TRACON& Tower with Radar,328,15,16,2,361,0,0,3,0,3,328,15,19,2,364,0,0,0,364
10/03/2019,MCI,MO,ACE,CE,Combined TRACON& Tower with Radar,344,19,15,0,378,0,1,0,2,3,344,20,15,2,381,0,0,0,381
10/04/2019,MCI,MO,ACE,CE,Combined TRACON& Tower with Radar,339,14,8,0,361,0,0,5,0,5,339,14,13,0,366,0,0,0,366
10/05/2019,MCI,MO,ACE,CE,Combined TRACON& Tower with Radar,224,9,1,0,234,0,0,0,0,0,224,9,1,0,234,0,0,0,234
10/06/2019,MCI,MO,ACE,CE,Combined TRACON& Tower with Radar,318,9,12,0,339,0,0,5,0,5,318,9,17,0,344,0,0,0,344
10/07/2019,MCI,MO,ACE,CE,Combined TRACON& Tower with Radar,338,14,2,0,354,0,0,5,2,7,338,14,7,2,361,0,0,0,361
10/08/2019,MCI,MO,ACE,CE,Combined TRACON& Tower with Radar,339,9,4,6,358,0,0,6,0,6,339,9,10,6,364,0,0,0,364
10/09/2019,MCI,MO,ACE,CE,Combined TRACON& Tower with Radar,336,10,6,9,361,0,1,0,3,4,336,11,6,12,365,0,0,0,365
10/10/2019,MCI,MO,ACE,CE,Combined TRACON& Tower with Radar,336,6,3,0,345,0,0,0,0,0,336,6,3,0,345,0,0,0,345
10/11/2019,MCI,MO,ACE,CE,Combined TRACON& Tower with Radar,340,7,5,0,352,0,1,4,2,7,340,8,9,2,359,0,0,0,359
10/12/2019,MCI,MO,ACE,CE,Combined TRACON& Tower with Radar,234,9,0,0,243,0,0,4,0,4,234,9,4,0,247,0,0,0,247
10/13/2019,MCI,MO,ACE,CE,Combined TRACON& Tower with Radar,324,11,7,0,342,0,0,21,0,21,324,11,28,0,363,0,0,0,363
10/14/2019,MCI,MO,ACE,CE,Combined TRACON& Tower with Radar,335,11,6,0,352,0,2,3,0,5,335,13,9,0,357,0,0,0,357
10/15/2019,MCI,MO,ACE,CE,Combined TRACON& Tower with Radar,350,4,3,6,363,0,0,0,0,0,350,4,3,6,363,0,0,0,363
10/16/2019,MCI,MO,ACE,CE,Combined TRACON& Tower with Radar,354,12,6,5,377,0,0,0,0,0,354,12,6,5,377,0,0,0,377
10/17/2019,MCI,MO,ACE,CE,Combined TRACON& Tower with Radar,344,15,12,4,375,0,0,7,0,7,344,15,19,4,382,0,0,0,382
10/18/2019,MCI,MO,ACE,CE,Combined TRACON& Tower with Radar,346,24,17,6,393,0,1,10,0,11,346,25,27,6,404,8,0,8,412
10/19/2019,MCI,MO,ACE,CE,Combined TRACON& Tower with Radar,227,4,9,0,240,0,0,14,0,14,227,4,23,0,254,10,0,10,264
10/20/2019,MCI,MO,ACE,CE,Combined TRACON& Tower with Radar,317,13,36,0,366,0,0,3,0,3,317,13,39,0,369,0,0,0,369
10/21/2019,MCI,MO,ACE,CE,Combined TRACON& Tower with Radar,336,8,6,2,352,0,0,1,0,1,336,8,7,2,353,0,0,0,353
10/22/2019,MCI,MO,ACE,CE,Combined TRACON& Tower with Radar,343,10,5,0,358,0,0,2,1,3,343,10,7,1,361,0,0,0,361
10/23/2019,MCI,MO,ACE,CE,Combined TRACON& Tower with Radar,337,17,19,3,376,0,1,2,1,4,337,18,21,4,380,0,0,0,380
10/24/2019,MCI,MO,ACE,CE,Combined TRACON& Tower with Radar,334,6,6,11,357,0,0,0,0,0,334,6,6,11,357,0,0,0,357
10/25/2019,MCI,MO,ACE,CE,Combined TRACON& Tower with Radar,346,15,11,1,373,0,1,1,0,2,346,16,12,1,375,0,0,0,375
10/26/2019,MCI,MO,ACE,CE,Combined TRACON& Tower with Radar,224,6,10,0,240,0,1,4,0,5,224,7,14,0,245,0,0,0,245
10/27/2019,MCI,MO,ACE,CE,Combined TRACON& Tower with Radar,309,10,10,1,330,0,0,4,0,4,309,10,14,1,334,0,0,0,334
10/28/2019,MCI,MO,ACE,CE,Combined TRACON& Tower with Radar,318,12,7,5,342,0,0,0,0,0,318,12,7,5,342,0,0,0,342
10/29/2019,MCI,MO,ACE,CE,Combined TRACON& Tower with Radar,315,12,13,0,340,0,0,0,0,0,315,12,13,0,340,0,0,0,340
10/30/2019,MCI,MO,ACE,CE,Combined TRACON& Tower with Radar,321,12,9,2,344,0,0,0,0,0,321,12,9,2,344,0,0,0,344
10/31/2019,MCI,MO,ACE,CE,Combined TRACON& Tower with Radar,284,19,4,3,310,0,1,0,0,1,284,20,4,3,311,0,0,0,311
11/01/2019,MCI,MO,ACE,CE,Combined TRACON& Tower with Radar,316,9,14,0,339,0,0,1,0,1,316,9,15,0,340,0,0,0,340
11/02/2019,MCI,MO,ACE,CE,Combined TRACON& Tower with Radar,225,8,2,0,235,0,0,2,0,2,225,8,4,0,237,0,0,0,237
11/03/2019,MCI,MO,ACE,CE,Combined TRACON& Tower with Radar,306,6,2,0,314,0,0,1,0,1,306,6,3,0,315,0,0,0,315
11/04/2019,MCI,MO,ACE,CE,Combined TRACON& Tower with Radar,321,11,5,0,337,0,0,2,2,4,321,11,7,2,341,0,0,0,341
11/05/2019,MCI,MO,ACE,CE,Combined TRACON& Tower with Radar,313,12,2,7,334,0,0,9,0,9,313,12,11,7,343,0,0,0,343
11/06/2019,MCI,MO,ACE,CE,Combined TRACON& Tower with Radar,314,28,13,3,358,0,0,0,0,0,314,28,13,3,358,0,0,0,358
11/07/2019,MCI,MO,ACE,CE,Combined TRACON& Tower with Radar,333,10,11,3,357,0,0,4,0,4,333,10,15,3,361,0,0,0,361
11/08/2019,MCI,MO,ACE,CE,Combined TRACON& Tower with Radar,330,16,6,0,352,0,0,6,0,6,330,16,12,0,358,0,0,0,358
11/09/2019,MCI,MO,ACE,CE,Combined TRACON& Tower with Radar,220,2,5,0,227,0,0,1,0,1,220,2,6,0,228,0,0,0,228
11/10/2019,MCI,MO,ACE,CE,Combined TRACON& Tower with Radar,302,7,7,1,317,0,0,7,0,7,302,7,14,1,324,0,0,0,324
11/11/2019,MCI,MO,ACE,CE,Combined TRACON& Tower with Radar,305,13,14,3,335,0,2,0,0,2,305,15,14,3,337,0,0,0,337
11/12/2019,MCI,MO,ACE,CE,Combined TRACON& Tower with Radar,327,9,8,0,344,0,0,0,0,0,327,9,8,0,344,0,0,0,344
11/13/2019,MCI,MO,ACE,CE,Combined TRACON& Tower with Radar,321,18,16,4,359,0,1,2,2,5,321,19,18,6,364,0,0,0,364
11/14/2019,MCI,MO,ACE,CE,Combined TRACON& Tower with Radar,329,16,8,0,353,0,0,0,0,0,329,16,8,0,353,0,0,0,353
11/15/2019,MCI,MO,ACE,CE,Combined TRACON& Tower with Radar,320,5,13,0,338,0,0,5,0,5,320,5,18,0,343,0,0,0,343
11/16/2019,MCI,MO,ACE,CE,Combined TRACON& Tower with Radar,213,8,3,0,224,0,0,2,0,2,213,8,5,0,226,0,0,0,226
11/17/2019,MCI,MO,ACE,CE,Combined TRACON& Tower with Radar,307,11,0,0,318,0,0,1,0,1,307,11,1,0,319,0,0,0,319
11/18/2019,MCI,MO,ACE,CE,Combined TRACON& Tower with Radar,322,16,4,9,351,0,0,3,0,3,322,16,7,9,354,0,0,0,354
11/19/2019,MCI,MO,ACE,CE,Combined TRACON& Tower with Radar,326,20,13,0,359,0,0,1,0,1,326,20,14,0,360,0,0,0,360
11/20/2019,MCI,MO,ACE,CE,Combined TRACON& Tower with Radar,327,24,18,5,374,0,0,3,5,8,327,24,21,10,382,0,0,0,382
11/21/2019,MCI,MO,ACE,CE,Combined TRACON& Tower with Radar,330,15,9,0,354,0,0,0,0,0,330,15,9,0,354,0,0,0,354
11/22/2019,MCI,MO,ACE,CE,Combined TRACON& Tower with Radar,319,12,10,4,345,0,0,3,0,3,319,12,13,4,348,0,0,0,348
11/23/2019,MCI,MO,ACE,CE,Combined TRACON& Tower with Radar,257,8,0,0,265,0,0,0,0,0,257,8,0,0,265,0,0,0,265
11/24/2019,MCI,MO,ACE,CE,Combined TRACON& Tower with Radar,293,9,4,0,306,0,0,1,0,1,293,9,5,0,307,0,0,0,307
11/25/2019,MCI,MO,ACE,CE,Combined TRACON& Tower with Radar,306,9,7,2,324,0,0,5,0,5,306,9,12,2,329,0,0,0,329
11/26/2019,MCI,MO,ACE,CE,Combined TRACON& Tower with Radar,304,23,15,4,346,0,0,0,0,0,304,23,15,4,346,0,0,0,346
11/27/2019,MCI,MO,ACE,CE,Combined TRACON& Tower with Radar,333,24,12,0,369,0,1,3,0,4,333,25,15,0,373,0,0,0,373
11/28/2019,MCI,MO,ACE,CE,Combined TRACON& Tower with Radar,186,8,0,0,194,0,0,0,0,0,186,8,0,0,194,0,0,0,194
11/29/2019,MCI,MO,ACE,CE,Combined TRACON& Tower with Radar,219,6,0,0,225,0,0,0,0,0,219,6,0,0,225,0,0,0,225
11/30/2019,MCI,MO,ACE,CE,Combined TRACON& Tower with Radar,295,13,3,2,313,0,0,1,0,1,295,13,4,2,314,0,0,0,314
12/01/2019,MCI,MO,ACE,CE,Combined TRACON& Tower with Radar,320,20,9,0,349,0,0,0,0,0,320,20,9,0,349,0,0,0,349
12/02/2019,MCI,MO,ACE,CE,Combined TRACON& Tower with Radar,324,14,10,0,348,0,1,2,0,3,324,15,12,0,351,0,0,0,351
12/03/2019,MCI,MO,ACE,CE,Combined TRACON& Tower with Radar,327,23,6,0,356,0,5,4,0,9,327,28,10,0,365,0,0,0,365
12/04/2019,MCI,MO,ACE,CE,Combined TRACON& Tower with Radar,327,16,12,3,358,0,0,4,4,8,327,16,16,7,366,0,20,20,386
12/05/2019,MCI,MO,ACE,CE,Combined TRACON& Tower with Radar,328,18,12,1,359,0,0,10,0,10,328,18,22,1,369,0,0,0,369
12/06/2019,MCI,MO,ACE,CE,Combined TRACON& Tower with Radar,317,14,3,4,338,0,4,3,1,8,317,18,6,5,346,0,0,0,346
12/07/2019,MCI,MO,ACE,CE,Combined TRACON& Tower with Radar,213,15,8,1,237,0,0,0,0,0,213,15,8,1,237,0,0,0,237
12/08/2019,MCI,MO,ACE,CE,Combined TRACON& Tower with Radar,299,12,0,0,311,0,0,0,0,0,299,12,0,0,311,0,0,0,311
12/09/2019,MCI,MO,ACE,CE,Combined TRACON& Tower with Radar,318,15,14,0,347,0,2,2,0,4,318,17,16,0,351,0,0,0,351
12/10/2019,MCI,MO,ACE,CE,Combined TRACON& Tower with Radar,324,10,9,1,344,0,0,2,1,3,324,10,11,2,347,0,0,0,347
12/11/2019,MCI,MO,ACE,CE,Combined TRACON& Tower with Radar,336,9,12,1,358,0,0,4,0,4,336,9,16,1,362,0,0,0,362
12/12/2019,MCI,MO,ACE,CE,Combined TRACON& Tower with Radar,331,14,12,0,357,0,0,8,0,8,331,14,20,0,365,20,0,20,385
12/13/2019,MCI,MO,ACE,CE,Combined TRACON& Tower with Radar,321,13,10,4,348,0,0,12,0,12,321,13,22,4,360,14,0,14,374
12/14/2019,MCI,MO,ACE,CE,Combined TRACON& Tower with Radar,214,10,2,0,226,0,0,0,0,0,214,10,2,0,226,0,0,0,226
12/15/2019,MCI,MO,ACE,CE,Combined TRACON& Tower with Radar,293,20,6,1,320,0,0,0,0,0,293,20,6,1,320,0,0,0,320
12/16/2019,MCI,MO,ACE,CE,Combined TRACON& Tower with Radar,311,15,7,1,334,0,0,0,0,0,311,15,7,1,334,0,0,0,334
12/17/2019,MCI,MO,ACE,CE,Combined TRACON& Tower with Radar,323,30,8,0,361,0,0,0,0,0,323,30,8,0,361,0,0,0,361
12/18/2019,MCI,MO,ACE,CE,Combined TRACON& Tower with Radar,324,12,12,6,354,0,0,3,0,3,324,12,15,6,357,0,0,0,357
12/19/2019,MCI,MO,ACE,CE,Combined TRACON& Tower with Radar,317,15,12,2,346,0,0,1,0,1,317,15,13,2,347,0,0,0,347
12/20/2019,MCI,MO,ACE,CE,Combined TRACON& Tower with Radar,304,14,12,4,334,0,0,8,1,9,304,14,20,5,343,0,0,0,343
12/21/2019,MCI,MO,ACE,CE,Combined TRACON& Tower with Radar,270,14,2,0,286,0,0,3,0,3,270,14,5,0,289,0,0,0,289
12/22/2019,MCI,MO,ACE,CE,Combined TRACON& Tower with Radar,287,13,1,0,301,0,0,0,0,0,287,13,1,0,301,0,0,0,301
12/23/2019,MCI,MO,ACE,CE,Combined TRACON& Tower with Radar,294,5,7,0,306,0,0,2,0,2,294,5,9,0,308,0,0,0,308
12/24/2019,MCI,MO,ACE,CE,Combined TRACON& Tower with Radar,244,4,0,0,248,0,0,0,0,0,244,4,0,0,248,0,0,0,248
12/25/2019,MCI,MO,ACE,CE,Combined TRACON& Tower with Radar,221,6,2,0,229,0,0,0,0,0,221,6,2,0,229,0,0,0,229
12/26/2019,MCI,MO,ACE,CE,Combined TRACON& Tower with Radar,301,8,7,0,316,0,0,0,0,0,301,8,7,0,316,0,0,0,316
12/27/2019,MCI,MO,ACE,CE,Combined TRACON& Tower with Radar,294,15,12,1,322,0,0,2,9,11,294,15,14,10,333,0,24,24,357
12/28/2019,MCI,MO,ACE,CE,Combined TRACON& Tower with Radar,237,20,3,0,260,0,0,0,0,0,237,20,3,0,260,0,0,0,260
12/29/2019,MCI,MO,ACE,CE,Combined TRACON& Tower with Radar,283,9,6,1,299,0,0,0,1,1,283,9,6,2,300,0,0,0,300
12/30/2019,MCI,MO,ACE,CE,Combined TRACON& Tower with Radar,295,9,12,0,316,0,0,3,0,3,295,9,15,0,319,0,0,0,319
12/31/2019,MCI,MO,ACE,CE,Combined TRACON& Tower with Radar,255,6,0,0,261,0,0,2,0,2,255,6,2,0,263,0,0,0,263
01/01/2020,MCI,MO,ACE,CE,Combined TRACON& Tower with Radar,247,6,4,0,257,0,0,0,0,0,247,6,4,0,257,0,0,0,257
01/02/2020,MCI,MO,ACE,CE,Combined TRACON& Tower with Radar,294,4,5,0,303,0,0,0,0,0,294,4,5,0,303,0,0,0,303
01/03/2020,MCI,MO,ACE,CE,Combined TRACON& Tower with Radar,284,8,6,3,301,0,0,0,1,1,284,8,6,4,302,0,0,0,302
01/04/2020,MCI,MO,ACE,CE,Combined TRACON& Tower with Radar,203,16,4,0,223,0,0,1,0,1,203,16,5,0,224,0,0,0,224
01/05/2020,MCI,MO,ACE,CE,Combined TRACON& Tower with Radar,297,10,1,0,308,0,0,1,0,1,297,10,2,0,309,0,0,0,309
01/06/2020,MCI,MO,ACE,CE,Combined TRACON& Tower with Radar,301,10,12,6,329,0,0,0,0,0,301,10,12,6,329,0,0,0,329
01/07/2020,MCI,MO,ACE,CE,Combined TRACON& Tower with Radar,306,11,7,11,335,0,0,0,0,0,306,11,7,11,335,0,0,0,335
01/08/2020,MCI,MO,ACE,CE,Combined TRACON& Tower with Radar,300,17,7,3,327,0,2,2,0,4,300,19,9,3,331,0,0,0,331
01/09/2020,MCI,MO,ACE,CE,Combined TRACON& Tower with Radar,314,12,2,2,330,0,0,0,0,0,314,12,2,2,330,0,0,0,330
01/10/2020,MCI,MO,ACE,CE,Combined TRACON& Tower with Radar,208,17,2,0,227,0,0,0,0,0,208,17,2,0,227,0,0,0,227
01/11/2020,MCI,MO,ACE,CE,Combined TRACON& Tower with Radar,182,21,8,2,213,0,0,1,0,1,182,21,9,2,214,0,0,0,214
01/12/2020,MCI,MO,ACE,CE,Combined TRACON& Tower with Radar,279,17,6,0,302,0,0,0,0,0,279,17,6,0,302,0,0,0,302
01/13/2020,MCI,MO,ACE,CE,Combined TRACON& Tower with Radar,305,13,21,0,339,0,0,2,0,2,305,13,23,0,341,0,0,0,341
01/14/2020,MCI,MO,ACE,CE,Combined TRACON& Tower with Radar,306,14,17,0,337,0,0,0,0,0,306,14,17,0,337,0,0,0,337
01/15/2020,MCI,MO,ACE,CE,Combined TRACON& Tower with Radar,309,10,7,0,326,0,0,0,0,0,309,10,7,0,326,0,0,0,326
01/16/2020,MCI,MO,ACE,CE,Combined TRACON& Tower with Radar,319,18,7,0,344,0,0,4,0,4,319,18,11,0,348,0,0,0,348
01/17/2020,MCI,MO,ACE,CE,Combined TRACON& Tower with Radar,111,9,4,0,124,0,0,0,0,0,111,9,4,0,124,0,0,0,124
01/18/2020,MCI,MO,ACE,CE,Combined TRACON& Tower with Radar,205,13,8,0,226,0,0,3,0,3,205,13,11,0,229,0,0,0,229
01/19/2020,MCI,MO,ACE,CE,Combined TRACON& Tower with Radar,253,10,11,0,274,0,0,0,0,0,253,10,11,0,274,0,0,0,274
01/20/2020,MCI,MO,ACE,CE,Combined TRACON& Tower with Radar,302,12,8,0,322,0,0,3,0,3,302,12,11,0,325,12,0,12,337
01/21/2020,MCI,MO,ACE,CE,Combined TRACON& Tower with Radar,307,11,8,4,330,0,1,0,0,1,307,12,8,4,331,0,0,0,331
01/22/2020,MCI,MO,ACE,CE,Combined TRACON& Tower with Radar,311,9,18,0,338,0,0,0,0,0,311,9,18,0,338,0,0,0,338
01/23/2020,MCI,MO,ACE,CE,Combined TRACON& Tower with Radar,310,11,8,0,329,0,0,0,0,0,310,11,8,0,329,0,0,0,329
01/24/2020,MCI,MO,ACE,CE,Combined TRACON& Tower with Radar,302,19,7,0,328,0,0,0,0,0,302,19,7,0,328,0,0,0,328
01/25/2020,MCI,MO,ACE,CE,Combined TRACON& Tower with Radar,196,7,3,0,206,0,0,0,0,0,196,7,3,0,206,0,0,0,206
01/26/2020,MCI,MO,ACE,CE,Combined TRACON& Tower with Radar,272,9,5,1,287,0,0,0,0,0,272,9,5,1,287,0,0,0,287
01/27/2020,MCI,MO,ACE,CE,Combined TRACON& Tower with Radar,306,13,12,1,332,0,0,0,0,0,306,13,12,1,332,0,0,0,332
01/28/2020,MCI,MO,ACE,CE,Combined TRACON& Tower with Radar,303,11,5,0,319,0,0,0,0,0,303,11,5,0,319,0,0,0,319
01/29/2020,MCI,MO,ACE,CE,Combined TRACON& Tower with Radar,307,13,12,0,332,0,0,0,3,3,307,13,12,3,335,0,0,0,335
01/30/2020,MCI,MO,ACE,CE,Combined TRACON& Tower with Radar,321,9,10,0,340,0,0,0,0,0,321,9,10,0,340,0,0,0,340
01/31/2020,MCI,MO,ACE,CE,Combined TRACON& Tower with Radar,346,17,7,0,370,0,0,0,0,0,346,17,7,0,370,0,0,0,370
02/01/2020,MCI,MO,ACE,CE,Combined TRACON& Tower with Radar,200,8,1,0,209,0,0,2,0,2,200,8,3,0,211,0,0,0,211
02/02/2020,MCI,MO,ACE,CE,Combined TRACON& Tower with Radar,254,5,5,2,266,0,0,5,0,5,254,5,10,2,271,0,0,0,271
02/03/2020,MCI,MO,ACE,CE,Combined TRACON& Tower with Radar,342,10,12,0,364,0,0,5,2,7,342,10,17,2,371,0,0,0,371
02/04/2020,MCI,MO,ACE,CE,Combined TRACON& Tower with Radar,316,20,7,0,343,0,0,1,0,1,316,20,8,0,344,0,0,0,344
02/05/2020,MCI,MO,ACE,CE,Combined TRACON& Tower with Radar,294,20,13,0,327,0,0,0,0,0,294,20,13,0,327,0,0,0,327
02/06/2020,MCI,MO,ACE,CE,Combined TRACON& Tower with Radar,300,15,6,0,321,0,2,9,0,11,300,17,15,0,332,0,0,0,332
02/07/2020,MCI,MO,ACE,CE,Combined TRACON& Tower with Radar,317,14,9,0,340,0,0,0,0,0,317,14,9,0,340,0,0,0,340
02/08/2020,MCI,MO,ACE,CE,Combined TRACON& Tower with Radar,197,12,0,0,209,0,0,4,0,4,197,12,4,0,213,0,0,0,213
02/09/2020,MCI,MO,ACE,CE,Combined TRACON& Tower with Radar,260,13,9,0,282,0,0,4,0,4,260,13,13,0,286,0,0,0,286
02/10/2020,MCI,MO,ACE,CE,Combined TRACON& Tower with Radar,310,10,13,1,334,0,0,0,1,1,310,10,13,2,335,0,10,10,345
02/11/2020,MCI,MO,ACE,CE,Combined TRACON& Tower with Radar,304,14,8,0,326,0,0,4,0,4,304,14,12,0,330,0,0,0,330
02/12/2020,MCI,MO,ACE,CE,Combined TRACON& Tower with Radar,295,20,15,0,330,0,0,0,0,0,295,20,15,0,330,0,0,0,330
02/13/2020,MCI,MO,ACE,CE,Combined TRACON& Tower with Radar,305,8,8,2,323,0,0,2,0,2,305,8,10,2,325,0,0,0,325
02/14/2020,MCI,MO,ACE,CE,Combined TRACON& Tower with Radar,314,12,9,2,337,0,0,4,0,4,314,12,13,2,341,0,0,0,341
02/15/2020,MCI,MO,ACE,CE,Combined TRACON& Tower with Radar,196,15,2,0,213,0,0,2,0,2,196,15,4,0,215,0,0,0,215
02/16/2020,MCI,MO,ACE,CE,Combined TRACON& Tower with Radar,263,4,0,2,269,0,0,0,0,0,263,4,0,2,269,0,0,0,269
02/17/2020,MCI,MO,ACE,CE,Combined TRACON& Tower with Radar,311,13,11,1,336,0,0,1,0,1,311,13,12,1,337,0,0,0,337
02/18/2020,MCI,MO,ACE,CE,Combined TRACON& Tower with Radar,306,9,14,3,332,0,2,0,0,2,306,11,14,3,334,0,0,0,334
02/19/2020,MCI,MO,ACE,CE,Combined TRACON& Tower with Radar,310,12,13,2,337,0,2,1,1,4,310,14,14,3,341,0,0,0,341
02/20/2020,MCI,MO,ACE,CE,Combined TRACON& Tower with Radar,314,8,9,4,335,0,0,8,1,9,314,8,17,5,344,6,0,6,350
02/21/2020,MCI,MO,ACE,CE,Combined TRACON& Tower with Radar,314,10,7,0,331,6,0,6,0,12,320,10,13,0,343,0,0,0,343
02/22/2020,MCI,MO,ACE,CE,Combined TRACON& Tower with Radar,205,13,1,1,220,0,2,5,1,8,205,15,6,2,228,0,0,0,228
02/23/2020,MCI,MO,ACE,CE,Combined TRACON& Tower with Radar,283,7,7,1,298,0,0,4,1,5,283,7,11,2,303,0,0,0,303
02/24/2020,MCI,MO,ACE,CE,Combined TRACON& Tower with Radar,307,9,3,4,323,0,0,0,0,0,307,9,3,4,323,0,0,0,323
02/25/2020,MCI,MO,ACE,CE,Combined TRACON& Tower with Radar,317,10,12,0,339,0,0,1,0,1,317,10,13,0,340,0,0,0,340
02/26/2020,MCI,MO,ACE,CE,Combined TRACON& Tower with Radar,307,9,3,2,321,0,0,0,0,0,307,9,3,2,321,0,0,0,321
02/27/2020,MCI,MO,ACE,CE,Combined TRACON& Tower with Radar,315,8,10,0,333,0,0,0,0,0,315,8,10,0,333,0,0,0,333
02/28/2020,MCI,MO,ACE,CE,Combined TRACON& Tower with Radar,312,9,10,2,333,0,2,8,0,10,312,11,18,2,343,0,0,0,343
02/29/2020,MCI,MO,ACE,CE,Combined TRACON& Tower with Radar,203,16,2,0,221,0,0,3,0,3,203,16,5,0,224,0,0,0,224
03/01/2020,MCI,MO,ACE,CE,Combined TRACON& Tower with Radar,283,6,2,0,291,0,0,3,0,3,283,6,5,0,294,0,0,0,294
03/02/2020,MCI,MO,ACE,CE,Combined TRACON& Tower with Radar,314,12,4,4,334,0,0,0,0,0,314,12,4,4,334,0,0,0,334
03/03/2020,MCI,MO,ACE,CE,Combined TRACON& Tower with Radar,319,15,5,0,339,0,2,0,0,2,319,17,5,0,341,0,0,0,341
03/04/2020,MCI,MO,ACE,CE,Combined TRACON& Tower with Radar,308,12,11,0,331,0,2,3,0,5,308,14,14,0,336,0,0,0,336
03/05/2020,MCI,MO,ACE,CE,Combined TRACON& Tower with Radar,315,14,4,0,333,0,0,1,0,1,315,14,5,0,334,0,0,0,334
03/06/2020,MCI,MO,ACE,CE,Combined TRACON& Tower with Radar,303,22,13,0,338,0,0,5,0,5,303,22,18,0,343,0,0,0,343
03/07/2020,MCI,MO,ACE,CE,Combined TRACON& Tower with Radar,245,18,2,0,265,0,0,0,1,1,245,18,2,1,266,0,0,0,266
03/08/2020,MCI,MO,ACE,CE,Combined TRACON& Tower with Radar,300,16,0,0,316,0,0,0,0,0,300,16,0,0,316,0,0,0,316
03/09/2020,MCI,MO,ACE,CE,Combined TRACON& Tower with Radar,322,14,4,2,342,0,0,0,0,0,322,14,4,2,342,0,0,0,342
03/10/2020,MCI,MO,ACE,CE,Combined TRACON& Tower with Radar,323,14,8,2,347,0,0,6,0,6,323,14,14,2,353,0,0,0,353
03/11/2020,MCI,MO,ACE,CE,Combined TRACON& Tower with Radar,316,13,10,6,345,0,2,0,0,2,316,15,10,6,347,0,0,0,347
03/12/2020,MCI,MO,ACE,CE,Combined TRACON& Tower with Radar,321,13,7,3,344,0,0,0,0,0,321,13,7,3,344,0,0,0,344
03/13/2020,MCI,MO,ACE,CE,Combined TRACON& Tower with Radar,306,12,13,4,335,0,1,1,1,3,306,13,14,5,338,0,0,0,338
03/14/2020,MCI,MO,ACE,CE,Combined TRACON& Tower with Radar,253,23,3,0,279,0,0,0,0,0,253,23,3,0,279,0,0,0,279
03/15/2020,MCI,MO,ACE,CE,Combined TRACON& Tower with Radar,295,20,4,0,319,0,0,0,0,0,295,20,4,0,319,0,0,0,319
03/16/2020,MCI,MO,ACE,CE,Combined TRACON& Tower with Radar,318,12,3,0,333,0,0,0,0,0,318,12,3,0,333,0,0,0,333
03/17/2020,MCI,MO,ACE,CE,Combined TRACON& Tower with Radar,307,19,4,2,332,0,0,0,0,0,307,19,4,2,332,0,0,0,332
03/18/2020,MCI,MO,ACE,CE,Combined TRACON& Tower with Radar,291,14,5,8,318,0,0,0,0,0,291,14,5,8,318,0,0,0,318
03/19/2020,MCI,MO,ACE,CE,Combined TRACON& Tower with Radar,286,10,2,6,304,0,0,0,0,0,286,10,2,6,304,0,0,0,304
03/20/2020,MCI,MO,ACE,CE,Combined TRACON& Tower with Radar,281,12,3,0,296,0,0,28,0,28,281,12,31,0,324,0,0,0,324
03/21/2020,MCI,MO,ACE,CE,Combined TRACON& Tower with Radar,214,15,5,0,234,0,2,22,0,24,214,17,27,0,258,22,0,22,280
03/22/2020,MCI,MO,ACE,CE,Combined TRACON& Tower with Radar,220,17,5,0,242,0,0,0,0,0,220,17,5,0,242,0,0,0,242
03/23/2020,MCI,MO,ACE,CE,Combined TRACON& Tower with Radar,209,8,0,0,217,0,0,2,0,2,209,8,2,0,219,0,0,0,219
03/24/2020,MCI,MO,ACE,CE,Combined TRACON& Tower with Radar,202,5,3,0,210,0,0,0,0,0,202,5,3,0,210,0,0,0,210
03/25/2020,MCI,MO,ACE,CE,Combined TRACON& Tower with Radar,196,3,3,0,202,0,0,4,0,4,196,3,7,0,206,0,0,0,206
03/26/2020,MCI,MO,ACE,CE,Combined TRACON& Tower with Radar,177,2,2,2,183,0,0,2,0,2,177,2,4,2,185,0,0,0,185
03/27/2020,MCI,MO,ACE,CE,Combined TRACON& Tower with Radar,169,2,0,0,171,0,0,0,0,0,169,2,0,0,171,0,0,0,171
03/28/2020,MCI,MO,ACE,CE,Combined TRACON& Tower with Radar,124,9,0,0,133,0,0,0,0,0,124,9,0,0,133,0,0,0,133
03/29/2020,MCI,MO,ACE,CE,Combined TRACON& Tower with Radar,170,2,2,0,174,0,0,0,0,0,170,2,2,0,174,0,0,0,174
03/30/2020,MCI,MO,ACE,CE,Combined TRACON& Tower with Radar,164,4,2,0,170,0,0,4,0,4,164,4,6,0,174,6,0,6,180
03/31/2020,MCI,MO,ACE,CE,Combined TRACON& Tower with Radar,175,1,2,0,178,0,0,6,0,6,175,1,8,0,184,0,0,0,184
04/01/2020,MCI,MO,ACE,CE,Combined TRACON& Tower with Radar,161,0,0,0,161,0,0,4,0,4,161,0,4,0,165,0,0,0,165
04/02/2020,MCI,MO,ACE,CE,Combined TRACON& Tower with Radar,162,4,7,0,173,0,0,1,0,1,162,4,8,0,174,0,0,0,174
04/03/2020,MCI,MO,ACE,CE,Combined TRACON& Tower with Radar,163,1,1,0,165,0,0,0,0,0,163,1,1,0,165,0,0,0,165
04/04/2020,MCI,MO,ACE,CE,Combined TRACON& Tower with Radar,105,1,0,0,106,0,0,0,0,0,105,1,0,0,106,0,0,0,106
04/05/2020,MCI,MO,ACE,CE,Combined TRACON& Tower with Radar,133,4,4,0,141,0,0,3,0,3,133,4,7,0,144,0,0,0,144
04/06/2020,MCI,MO,ACE,CE,Combined TRACON& Tower with Radar,129,3,3,4,139,0,0,0,0,0,129,3,3,4,139,0,0,0,139
04/07/2020,MCI,MO,ACE,CE,Combined TRACON& Tower with Radar,121,5,1,10,137,0,2,14,0,16,121,7,15,10,153,0,0,0,153
04/08/2020,MCI,MO,ACE,CE,Combined TRACON& Tower with Radar,123,0,6,1,130,0,1,0,1,2,123,1,6,2,132,0,0,0,132
04/09/2020,MCI,MO,ACE,CE,Combined TRACON& Tower with Radar,126,0,0,10,136,0,0,0,0,0,126,0,0,10,136,0,0,0,136
04/10/2020,MCI,MO,ACE,CE,Combined TRACON& Tower with Radar,115,0,4,6,125,0,0,4,0,4,115,0,8,6,129,0,0,0,129
04/11/2020,MCI,MO,ACE,CE,Combined TRACON& Tower with Radar,74,0,1,0,75,0,0,0,0,0,74,0,1,0,75,0,0,0,75
04/12/2020,MCI,MO,ACE,CE,Combined TRACON& Tower with Radar,122,4,0,0,126,0,0,0,0,0,122,4,0,0,126,0,0,0,126
04/13/2020,MCI,MO,ACE,CE,Combined TRACON& Tower with Radar,124,4,1,2,131,0,0,5,0,5,124,4,6,2,136,30,0,30,166
04/14/2020,MCI,MO,ACE,CE,Combined TRACON& Tower with Radar,120,2,0,2,124,0,0,4,2,6,120,2,4,4,130,0,0,0,130
04/15/2020,MCI,MO,ACE,CE,Combined TRACON& Tower with Radar,104,1,0,2,107,0,0,4,2,6,104,1,4,4,113,28,12,40,153
04/16/2020,MCI,MO,ACE,CE,Combined TRACON& Tower with Radar,104,2,0,2,108,0,0,1,0,1,104,2,1,2,109,0,0,0,109
04/17/2020,MCI,MO,ACE,CE,Combined TRACON& Tower with Radar,98,4,0,0,102,0,0,3,0,3,98,4,3,0,105,4,0,4,109
04/18/2020,MCI,MO,ACE,CE,Combined TRACON& Tower with Radar,68,2,1,0,71,0,0,9,0,9,68,2,10,0,80,0,0,0,80
04/19/2020,MCI,MO,ACE,CE,Combined TRACON& Tower with Radar,67,1,4,0,72,0,0,2,0,2,67,1,6,0,74,14,0,14,88
04/20/2020,MCI,MO,ACE,CE,Combined TRACON& Tower with Radar,93,1,2,0,96,0,0,0,0,0,93,1,2,0,96,0,0,0,96
04/21/2020,MCI,MO,ACE,CE,Combined TRACON& Tower with Radar,91,3,1,0,95,0,0,12,0,12,91,3,13,0,107,16,0,16,123
04/22/2020,MCI,MO,ACE,CE,Combined TRACON& Tower with Radar,102,0,10,0,112,0,0,0,0,0,102,0,10,0,112,0,0,0,112
04/23/2020,MCI,MO,ACE,CE,Combined TRACON& Tower with Radar,95,3,0,2,100,0,0,1,0,1,95,3,1,2,101,0,0,0,101
04/24/2020,MCI,MO,ACE,CE,Combined TRACON& Tower with Radar,95,0,0,0,95,0,0,0,0,0,95,0,0,0,95,0,0,0,95
04/25/2020,MCI,MO,ACE,CE,Combined TRACON& Tower with Radar,57,1,0,0,58,0,0,1,2,3,57,1,1,2,61,0,0,0,61
04/26/2020,MCI,MO,ACE,CE,Combined TRACON& Tower with Radar,81,1,2,0,84,0,0,3,1,4,81,1,5,1,88,0,0,0,88
04/27/2020,MCI,MO,ACE,CE,Combined TRACON& Tower with Radar,97,1,0,18,116,0,0,6,1,7,97,1,6,19,123,0,0,0,123
04/28/2020,MCI,MO,ACE,CE,Combined TRACON& Tower with Radar,92,1,0,0,93,0,0,1,0,1,92,1,1,0,94,0,0,0,94
04/29/2020,MCI,MO,ACE,CE,Combined TRACON& Tower with Radar,94,0,2,2,98,0,0,1,2,3,94,0,3,4,101,0,0,0,101
04/30/2020,MCI,MO,ACE,CE,Combined TRACON& Tower with Radar,88,5,3,6,102,0,2,7,5,14,88,7,10,11,116,0,0,0,116
05/01/2020,MCI,MO,ACE,CE,Combined TRACON& Tower with Radar,109,0,2,3,114,0,0,6,1,7,109,0,8,4,121,0,0,0,121
05/02/2020,MCI,MO,ACE,CE,Combined TRACON& Tower with Radar,68,0,0,0,68,0,0,5,0,5,68,0,5,0,73,0,0,0,73
05/03/2020,MCI,MO,ACE,CE,Combined TRACON& Tower with Radar,87,2,0,0,89,0,0,0,0,0,87,2,0,0,89,0,0,0,89
05/04/2020,MCI,MO,ACE,CE,Combined TRACON& Tower with Radar,95,5,2,1,103,0,0,0,0,0,95,5,2,1,103,0,0,0,103
05/05/2020,MCI,MO,ACE,CE,Combined TRACON& Tower with Radar,84,4,2,2,92,0,0,0,4,4,84,4,2,6,96,0,0,0,96
05/06/2020,MCI,MO,ACE,CE,Combined TRACON& Tower with Radar,97,0,4,4,105,0,0,12,6,18,97,0,16,10,123,40,0,40,163
05/07/2020,MCI,MO,ACE,CE,Combined TRACON& Tower with Radar,98,1,0,2,101,0,0,5,0,5,98,1,5,2,106,26,0,26,132
05/08/2020,MCI,MO,ACE,CE,Combined TRACON& Tower with Radar,103,1,5,4,113,0,0,1,0,1,103,1,6,4,114,0,0,0,114
05/09/2020,MCI,MO,ACE,CE,Combined TRACON& Tower with Radar,85,4,2,2,93,0,0,17,0,17,85,4,19,2,110,0,0,0,110
05/10/2020,MCI,MO,ACE,CE,Combined TRACON& Tower with Radar,94,2,1,0,97,0,0,1,0,1,94,2,2,0,98,0,0,0,98
05/11/2020,MCI,MO,ACE,CE,Combined TRACON& Tower with Radar,97,4,3,2,106,0,0,4,2,6,97,4,7,4,112,0,0,0,112
05/12/2020,MCI,MO,ACE,CE,Combined TRACON& Tower with Radar,92,0,0,10,102,0,0,9,0,9,92,0,9,10,111,0,0,0,111
05/13/2020,MCI,MO,ACE,CE,Combined TRACON& Tower with Radar,101,0,2,10,113,0,0,0,0,0,101,0,2,10,113,0,0,0,113
05/14/2020,MCI,MO,ACE,CE,Combined TRACON& Tower with Radar,99,2,5,6,112,0,0,0,1,1,99,2,5,7,113,0,0,0,113
05/15/2020,MCI,MO,ACE,CE,Combined TRACON& Tower with Radar,108,2,1,0,111,0,0,0,0,0,108,2,1,0,111,0,0,0,111
05/16/2020,MCI,MO,ACE,CE,Combined TRACON& Tower with Radar,88,0,2,0,90,0,0,0,0,0,88,0,2,0,90,0,0,0,90
05/17/2020,MCI,MO,ACE,CE,Combined TRACON& Tower with Radar,93,0,2,0,95,0,0,11,1,12,93,0,13,1,107,0,0,0,107
05/18/2020,MCI,MO,ACE,CE,Combined TRACON& Tower with Radar,108,2,0,9,119,0,0,17,1,18,108,2,17,10,137,34,4,38,175
05/19/2020,MCI,MO,ACE,CE,Combined TRACON& Tower with Radar,96,3,10,7,116,0,0,16,0,16,96,3,26,7,132,38,0,38,170
05/20/2020,MCI,MO,ACE,CE,Combined TRACON& Tower with Radar,107,1,19,1,128,0,0,11,1,12,107,1,30,2,140,52,6,58,198
05/21/2020,MCI,MO,ACE,CE,Combined TRACON& Tower with Radar,108,4,10,14,136,0,0,5,0,5,108,4,15,14,141,30,16,46,187
05/22/2020,MCI,MO,ACE,CE,Combined TRACON& Tower with Radar,112,2,0,0,114,0,0,0,0,0,112,2,0,0,114,0,0,0,114
05/23/2020,MCI,MO,ACE,CE,Combined TRACON& Tower with Radar,100,3,2,0,105,0,0,32,0,32,100,3,34,0,137,0,0,0,137
05/24/2020,MCI,MO,ACE,CE,Combined TRACON& Tower with Radar,93,2,0,0,95,0,0,3,0,3,93,2,3,0,98,0,0,0,98
05/25/2020,MCI,MO,ACE,CE,Combined TRACON& Tower with Radar,109,2,2,0,113,0,0,1,2,3,109,2,3,2,116,0,0,0,116
05/26/2020,MCI,MO,ACE,CE,Combined TRACON& Tower with Radar,92,4,6,3,105,0,0,0,0,0,92,4,6,3,105,0,0,0,105
05/27/2020,MCI,MO,ACE,CE,Combined TRACON& Tower with Radar,113,6,5,9,133,0,0,2,0,2,113,6,7,9,135,0,0,0,135
05/28/2020,MCI,MO,ACE,CE,Combined TRACON& Tower with Radar,110,5,1,10,126,0,0,1,0,1,110,5,2,10,127,0,0,0,127
05/29/2020,MCI,MO,ACE,CE,Combined TRACON& Tower with Radar,115,2,5,0,122,0,0,6,0,6,115,2,11,0,128,0,0,0,128
05/30/2020,MCI,MO,ACE,CE,Combined TRACON& Tower with Radar,92,1,0,0,93,0,0,6,0,6,92,1,6,0,99,0,0,0,99
05/31/2020,MCI,MO,ACE,CE,Combined TRACON& Tower with Radar,95,3,0,2,100,0,0,4,1,5,95,3,4,3,105,42,0,42,147
06/01/2020,MCI,MO,ACE,CE,Combined TRACON& Tower with Radar,111,1,3,9,124,0,0,6,1,7,111,1,9,10,131,6,6,12,143
06/02/2020,MCI,MO,ACE,CE,Combined TRACON& Tower with Radar,99,5,14,8,126,0,0,16,2,18,99,5,30,10,144,34,0,34,178
06/03/2020,MCI,MO,ACE,CE,Combined TRACON& Tower with Radar,114,3,9,2,128,0,0,8,1,9,114,3,17,3,137,20,0,20,157
06/04/2020,MCI,MO,ACE,CE,Combined TRACON& Tower with Radar,119,1,7,6,133,0,4,0,0,4,119,5,7,6,137,0,0,0,137
06/05/2020,MCI,MO,ACE,CE,Combined TRACON& Tower with Radar,123,2,5,4,134,0,0,2,0,2,123,2,7,4,136,0,0,0,136
06/06/2020,MCI,MO,ACE,CE,Combined TRACON& Tower with Radar,102,1,2,0,105,0,0,8,5,13,102,1,10,5,118,14,0,14,132
06/07/2020,MCI,MO,ACE,CE,Combined TRACON& Tower with Radar,124,0,0,1,125,0,0,2,0,2,124,0,2,1,127,0,0,0,127
06/08/2020,MCI,MO,ACE,CE,Combined TRACON& Tower with Radar,128,2,6,4,140,0,0,3,0,3,128,2,9,4,143,0,0,0,143
06/09/2020,MCI,MO,ACE,CE,Combined TRACON& Tower with Radar,131,6,1,20,158,0,0,0,0,0,131,6,1,20,158,0,0,0,158
06/10/2020,MCI,MO,ACE,CE,Combined TRACON& Tower with Radar,130,2,3,4,139,0,0,0,0,0,130,2,3,4,139,0,0,0,139
06/11/2020,MCI,MO,ACE,CE,Combined TRACON& Tower with Radar,138,2,10,0,150,0,0,7,0,7,138,2,17,0,157,0,0,0,157
06/12/2020,MCI,MO,ACE,CE,Combined TRACON& Tower with Radar,141,3,5,0,149,0,0,8,0,8,141,3,13,0,157,0,0,0,157
06/13/2020,MCI,MO,ACE,CE,Combined TRACON& Tower with Radar,116,2,2,0,120,0,2,7,0,9,116,4,9,0,129,0,0,0,129
06/14/2020,MCI,MO,ACE,CE,Combined TRACON& Tower with Radar,131,0,2,0,133,0,0,1,0,1,131,0,3,0,134,0,0,0,134
06/15/2020,MCI,MO,ACE,CE,Combined TRACON& Tower with Radar,147,5,2,10,164,0,12,15,0,27,147,17,17,10,191,30,0,30,221
06/16/2020,MCI,MO,ACE,CE,Combined TRACON& Tower with Radar,134,2,10,4,150,0,0,9,6,15,134,2,19,10,165,10,8,18,183
06/17/2020,MCI,MO,ACE,CE,Combined TRACON& Tower with Radar,132,4,10,1,147,0,0,2,2,4,132,4,12,3,151,0,0,0,151
06/18/2020,MCI,MO,ACE,CE,Combined TRACON& Tower with Radar,144,1,7,4,156,0,0,2,0,2,144,1,9,4,158,12,0,12,170
06/19/2020,MCI,MO,ACE,CE,Combined TRACON& Tower with Radar,141,6,6,0,153,0,0,0,0,0,141,6,6,0,153,0,0,0,153
06/20/2020,MCI,MO,ACE,CE,Combined TRACON& Tower with Radar,128,2,0,0,130,0,0,2,0,2,128,2,2,0,132,0,0,0,132
06/21/2020,MCI,MO,ACE,CE,Combined TRACON& Tower with Radar,138,0,2,0,140,0,0,5,0,5,138,0,7,0,145,14,0,14,159
06/22/2020,MCI,MO,ACE,CE,Combined TRACON& Tower with Radar,149,6,10,0,165,0,0,2,0,2,149,6,12,0,167,0,0,0,167
06/23/2020,MCI,MO,ACE,CE,Combined TRACON& Tower with Radar,142,6,12,18,178,0,0,9,0,9,142,6,21,18,187,0,0,0,187
06/24/2020,MCI,MO,ACE,CE,Combined TRACON& Tower with Radar,143,8,6,6,163,0,1,13,0,14,143,9,19,6,177,0,0,0,177
06/25/2020,MCI,MO,ACE,CE,Combined TRACON& Tower with Radar,155,8,7,0,170,0,0,7,1,8,155,8,14,1,178,0,0,0,178
06/26/2020,MCI,MO,ACE,CE,Combined TRACON& Tower with Radar,152,4,4,6,166,0,0,5,2,7,152,4,9,8,173,0,0,0,173
06/27/2020,MCI,MO,ACE,CE,Combined TRACON& Tower with Radar,140,2,2,0,144,0,0,0,2,2,140,2,2,2,146,0,0,0,146
06/28/2020,MCI,MO,ACE,CE,Combined TRACON& Tower with Radar,148,8,3,2,161,0,3,1,2,6,148,11,4,4,167,4,0,4,171
06/29/2020,MCI,MO,ACE,CE,Combined TRACON& Tower with Radar,156,0,20,8,184,0,0,9,0,9,156,0,29,8,193,16,10,26,219
06/30/2020,MCI,MO,ACE,CE,Combined TRACON& Tower with Radar,154,6,6,8,174,0,2,2,0,4,154,8,8,8,178,0,0,0,178
07/01/2020,MCI,MO,ACE,CE,Combined TRACON& Tower with Radar,155,7,1,11,174,0,0,2,0,2,155,7,3,11,176,0,0,0,176
07/02/2020,MCI,MO,ACE,CE,Combined TRACON& Tower with Radar,160,7,4,3,174,0,3,11,0,14,160,10,15,3,188,12,0,12,200
07/03/2020,MCI,MO,ACE,CE,Combined TRACON& Tower with Radar,161,2,2,0,165,0,0,0,0,0,161,2,2,0,165,0,0,0,165
07/04/2020,MCI,MO,ACE,CE,Combined TRACON& Tower with Radar,121,0,0,0,121,0,0,2,0,2,121,0,2,0,123,0,0,0,123
07/05/2020,MCI,MO,ACE,CE,Combined TRACON& Tower with Radar,148,0,4,0,152,0,0,6,0,6,148,0,10,0,158,0,0,0,158
07/06/2020,MCI,MO,ACE,CE,Combined TRACON& Tower with Radar,166,6,1,0,173,0,0,0,0,0,166,6,1,0,173,0,0,0,173
07/07/2020,MCI,MO,ACE,CE,Combined TRACON& Tower with Radar,176,0,5,5,186,0,0,2,2,4,176,0,7,7,190,0,0,0,190
07/08/2020,MCI,MO,ACE,CE,Combined TRACON& Tower with Radar,174,2,4,4,184,0,4,4,0,8,174,6,8,4,192,0,0,0,192
07/09/2020,MCI,MO,ACE,CE,Combined TRACON& Tower with Radar,179,1,7,1,188,0,0,7,1,8,179,1,14,2,196,0,0,0,196
07/10/2020,MCI,MO,ACE,CE,Combined TRACON& Tower with Radar,183,5,3,2,193,0,0,6,0,6,183,5,9,2,199,0,0,0,199
07/11/2020,MCI,MO,ACE,CE,Combined TRACON& Tower with Radar,157,4,1,0,162,0,2,2,0,4,157,6,3,0,166,0,0,0,166
07/12/2020,MCI,MO,ACE,CE,Combined TRACON& Tower with Radar,179,2,4,0,185,0,6,2,0,8,179,8,6,0,193,28,0,28,221
07/13/2020,MCI,MO,ACE,CE,Combined TRACON& Tower with Radar,187,2,4,0,193,0,4,14,0,18,187,6,18,0,211,0,0,0,211
07/14/2020,MCI,MO,ACE,CE,Combined TRACON& Tower with Radar,181,6,6,6,199,0,0,0,0,0,181,6,6,6,199,0,0,0,199
07/15/2020,MCI,MO,ACE,CE,Combined TRACON& Tower with Radar,177,8,7,0,192,0,0,1,0,1,177,8,8,0,193,0,0,0,193
07/16/2020,MCI,MO,ACE,CE,Combined TRACON& Tower with Radar,187,4,9,0,200,0,2,8,0,10,187,6,17,0,210,0,0,0,210
07/17/2020,MCI,MO,ACE,CE,Combined TRACON& Tower with Radar,196,6,7,0,209,0,0,0,0,0,196,6,7,0,209,0,0,0,209
07/18/2020,MCI,MO,ACE,CE,Combined TRACON& Tower with Radar,169,3,0,0,172,0,0,0,0,0,169,3,0,0,172,0,0,0,172
07/19/2020,MCI,MO,ACE,CE,Combined TRACON& Tower with Radar,178,6,4,0,188,0,0,0,0,0,178,6,4,0,188,0,0,0,188
07/20/2020,MCI,MO,ACE,CE,Combined TRACON& Tower with Radar,184,1,3,4,192,0,0,0,4,4,184,1,3,8,196,0,0,0,196
07/21/2020,MCI,MO,ACE,CE,Combined TRACON& Tower with Radar,182,0,10,5,197,0,0,4,12,16,182,0,14,17,213,0,0,0,213
07/22/2020,MCI,MO,ACE,CE,Combined TRACON& Tower with Radar,181,3,7,1,192,0,0,6,2,8,181,3,13,3,200,0,0,0,200
07/23/2020,MCI,MO,ACE,CE,Combined TRACON& Tower with Radar,191,3,23,4,221,0,6,17,2,25,191,9,40,6,246,0,0,0,246
07/24/2020,MCI,MO,ACE,CE,Combined TRACON& Tower with Radar,196,4,11,2,213,0,0,0,2,2,196,4,11,4,215,0,0,0,215
07/25/2020,MCI,MO,ACE,CE,Combined TRACON& Tower with Radar,172,0,11,0,183,1,0,4,0,5,173,0,15,0,188,2,0,2,190
07/26/2020,MCI,MO,ACE,CE,Combined TRACON& Tower with Radar,172,2,3,0,177,0,0,4,0,4,172,2,7,0,181,0,0,0,181
07/27/2020,MCI,MO,ACE,CE,Combined TRACON& Tower with Radar,184,3,0,2,189,0,0,2,0,2,184,3,2,2,191,16,0,16,207
07/28/2020,MCI,MO,ACE,CE,Combined TRACON& Tower with Radar,173,5,6,5,189,0,2,4,0,6,173,7,10,5,195,0,0,0,195
07/29/2020,MCI,MO,ACE,CE,Combined TRACON& Tower with Radar,177,0,2,5,184,0,0,0,0,0,177,0,2,5,184,0,0,0,184
07/30/2020,MCI,MO,ACE,CE,Combined TRACON& Tower with Radar,184,2,7,1,194,0,1,0,0,1,184,3,7,1,195,0,0,0,195
07/31/2020,MCI,MO,ACE,CE,Combined TRACON& Tower with Radar,186,2,0,7,195,0,0,16,0,16,186,2,16,7,211,22,0,22,233
08/01/2020,MCI,MO,ACE,CE,Combined TRACON& Tower with Radar,171,2,1,0,174,0,0,4,0,4,171,2,5,0,178,0,0,0,178
08/02/2020,MCI,MO,ACE,CE,Combined TRACON& Tower with Radar,176,3,4,0,183,0,0,0,0,0,176,3,4,0,183,0,0,0,183
08/03/2020,MCI,MO,ACE,CE,Combined TRACON& Tower with Radar,187,2,2,1,192,0,0,13,2,15,187,2,15,3,207,14,0,14,221
08/04/2020,MCI,MO,ACE,CE,Combined TRACON& Tower with Radar,174,8,2,1,185,0,0,10,5,15,174,8,12,6,200,18,0,18,218
08/05/2020,MCI,MO,ACE,CE,Combined TRACON& Tower with Radar,180,8,6,2,196,0,0,20,2,22,180,8,26,4,218,12,0,12,230
08/06/2020,MCI,MO,ACE,CE,Combined TRACON& Tower with Radar,191,6,1,2,200,0,0,15,0,15,191,6,16,2,215,46,0,46,261
08/07/2020,MCI,MO,ACE,CE,Combined TRACON& Tower with Radar,198,6,4,11,219,0,0,9,0,9,198,6,13,11,228,4,0,4,232
08/08/2020,MCI,MO,ACE,CE,Combined TRACON& Tower with Radar,172,4,3,1,180,0,0,3,0,3,172,4,6,1,183,18,0,18,201
08/09/2020,MCI,MO,ACE,CE,Combined TRACON& Tower with Radar,183,1,5,0,189,0,0,2,0,2,183,1,7,0,191,0,0,0,191
08/10/2020,MCI,MO,ACE,CE,Combined TRACON& Tower with Radar,205,2,0,4,211,0,0,0,2,2,205,2,0,6,213,0,0,0,213
08/11/2020,MCI,MO,ACE,CE,Combined TRACON& Tower with Radar,182,4,7,6,199,0,0,1,3,4,182,4,8,9,203,0,0,0,203
08/12/2020,MCI,MO,ACE,CE,Combined TRACON& Tower with Radar,185,2,11,1,199,0,0,0,2,2,185,2,11,3,201,0,0,0,201
08/13/2020,MCI,MO,ACE,CE,Combined TRACON& Tower with Radar,192,4,7,3,206,0,2,3,5,10,192,6,10,8,216,0,0,0,216
08/14/2020,MCI,MO,ACE,CE,Combined TRACON& Tower with Radar,197,16,7,2,222,0,0,2,2,4,197,16,9,4,226,2,0,2,228
08/15/2020,MCI,MO,ACE,CE,Combined TRACON& Tower with Radar,171,6,2,0,179,0,0,8,0,8,171,6,10,0,187,0,0,0,187
08/16/2020,MCI,MO,ACE,CE,Combined TRACON& Tower with Radar,183,2,1,0,186,0,0,6,0,6,183,2,7,0,192,8,0,8,200
08/17/2020,MCI,MO,ACE,CE,Combined TRACON& Tower with Radar,187,7,2,0,196,0,0,5,0,5,187,7,7,0,201,18,0,18,219
08/18/2020,MCI,MO,ACE,CE,Combined TRACON& Tower with Radar,180,3,4,2,189,0,2,10,0,12,180,5,14,2,201,0,0,0,201
08/19/2020,MCI,MO,ACE,CE,Combined TRACON& Tower with Radar,179,2,4,4,189,0,4,2,2,8,179,6,6,6,197,0,0,0,197
08/20/2020,MCI,MO,ACE,CE,Combined TRACON& Tower with Radar,188,3,5,0,196,0,0,40,8,48,188,3,45,8,244,0,12,12,256
08/21/2020,MCI,MO,ACE,CE,Combined TRACON& Tower with Radar,193,6,5,0,204,0,0,11,0,11,193,6,16,0,215,16,0,16,231
08/22/2020,MCI,MO,ACE,CE,Combined TRACON& Tower with Radar,168,5,0,0,173,0,0,0,0,0,168,5,0,0,173,0,0,0,173
08/23/2020,MCI,MO,ACE,CE,Combined TRACON& Tower with Radar,184,2,2,0,188,0,0,6,0,6,184,2,8,0,194,0,0,0,194
08/24/2020,MCI,MO,ACE,CE,Combined TRACON& Tower with Radar,193,3,4,5,205,0,5,1,1,7,193,8,5,6,212,0,0,0,212
08/25/2020,MCI,MO,ACE,CE,Combined TRACON& Tower with Radar,180,17,3,4,204,0,3,3,5,11,180,20,6,9,215,18,0,18,233
08/26/2020,MCI,MO,ACE,CE,Combined TRACON& Tower with Radar,168,4,8,4,184,0,2,7,1,10,168,6,15,5,194,4,0,4,198
08/27/2020,MCI,MO,ACE,CE,Combined TRACON& Tower with Radar,190,4,4,2,200,0,0,7,2,9,190,4,11,4,209,8,0,8,217
08/28/2020,MCI,MO,ACE,CE,Combined TRACON& Tower with Radar,194,9,2,1,206,0,0,1,3,4,194,9,3,4,210,0,0,0,210
08/29/2020,MCI,MO,ACE,CE,Combined TRACON& Tower with Radar,170,9,0,0,179,0,0,0,0,0,170,9,0,0,179,0,0,0,179
08/30/2020,MCI,MO,ACE,CE,Combined TRACON& Tower with Radar,184,1,2,2,189,0,10,4,0,14,184,11,6,2,203,0,0,0,203
08/31/2020,MCI,MO,ACE,CE,Combined TRACON& Tower with Radar,198,2,0,6,206,0,0,0,0,0,198,2,0,6,206,0,0,0,206
09/01/2020,MCI,MO,ACE,CE,Combined TRACON& Tower with Radar,182,2,2,5,191,0,0,2,0,2,182,2,4,5,193,0,0,0,193
09/02/2020,MCI,MO,ACE,CE,Combined TRACON& Tower with Radar,170,5,11,3,189,20,6,14,2,42,190,11,25,5,231,10,0,10,241
09/03/2020,MCI,MO,ACE,CE,Combined TRACON& Tower with Radar,196,8,2,3,209,0,2,6,2,10,196,10,8,5,219,0,0,0,219
09/04/2020,MCI,MO,ACE,CE,Combined TRACON& Tower with Radar,202,13,2,0,217,0,0,6,0,6,202,13,8,0,223,0,0,0,223
09/05/2020,MCI,MO,ACE,CE,Combined TRACON& Tower with Radar,166,2,4,0,172,0,0,5,0,5,166,2,9,0,177,0,0,0,177
09/06/2020,MCI,MO,ACE,CE,Combined TRACON& Tower with Radar,142,0,4,0,146,0,0,5,0,5,142,0,9,0,151,0,0,0,151
09/07/2020,MCI,MO,ACE,CE,Combined TRACON& Tower with Radar,161,4,1,0,166,0,0,5,0,5,161,4,6,0,171,0,0,0,171
09/08/2020,MCI,MO,ACE,CE,Combined TRACON& Tower with Radar,154,2,3,0,159,0,0,0,0,0,154,2,3,0,159,0,0,0,159
09/09/2020,MCI,MO,ACE,CE,Combined TRACON& Tower with Radar,157,2,17,6,182,0,0,0,0,0,157,2,17,6,182,0,0,0,182
09/10/2020,MCI,MO,ACE,CE,Combined TRACON& Tower with Radar,161,5,5,6,177,0,0,0,0,0,161,5,5,6,177,0,0,0,177
09/11/2020,MCI,MO,ACE,CE,Combined TRACON& Tower with Radar,161,5,12,0,178,0,0,0,0,0,161,5,12,0,178,0,0,0,178
09/12/2020,MCI,MO,ACE,CE,Combined TRACON& Tower with Radar,138,3,6,0,147,0,0,1,0,1,138,3,7,0,148,0,0,0,148
09/13/2020,MCI,MO,ACE,CE,Combined TRACON& Tower with Radar,147,6,5,0,158,0,0,3,0,3,147,6,8,0,161,0,0,0,161
09/14/2020,MCI,MO,ACE,CE,Combined TRACON& Tower with Radar,149,10,2,7,168,0,0,1,0,1,149,10,3,7,169,0,0,0,169
09/15/2020,MCI,MO,ACE,CE,Combined TRACON& Tower with Radar,146,6,9,3,164,0,4,7,2,13,146,10,16,5,177,16,0,16,193
09/16/2020,MCI,MO,ACE,CE,Combined TRACON& Tower with Radar,149,5,3,1,158,0,2,8,0,10,149,7,11,1,168,4,0,4,172
09/17/2020,MCI,MO,ACE,CE,Combined TRACON& Tower with Radar,159,12,2,3,176,0,0,5,0,5,159,12,7,3,181,12,0,12,193
09/18/2020,MCI,MO,ACE,CE,Combined TRACON& Tower with Radar,165,9,3,2,179,0,2,6,0,8,165,11,9,2,187,15,0,15,202
09/19/2020,MCI,MO,ACE,CE,Combined TRACON& Tower with Radar,142,3,5,0,150,0,0,0,0,0,142,3,5,0,150,0,0,0,150
09/20/2020,MCI,MO,ACE,CE,Combined TRACON& Tower with Radar,145,0,5,0,150,0,2,1,0,3,145,2,6,0,153,0,0,0,153
09/21/2020,MCI,MO,ACE,CE,Combined TRACON& Tower with Radar,155,1,5,4,165,0,0,2,0,2,155,1,7,4,167,0,0,0,167
09/22/2020,MCI,MO,ACE,CE,Combined TRACON& Tower with Radar,144,9,3,4,160,0,0,11,3,14,144,9,14,7,174,10,0,10,184
09/23/2020,MCI,MO,ACE,CE,Combined TRACON& Tower with Radar,150,5,19,18,192,0,0,4,0,4,150,5,23,18,196,0,0,0,196
09/24/2020,MCI,MO,ACE,CE,Combined TRACON& Tower with Radar,160,5,7,7,179,0,1,5,0,6,160,6,12,7,185,0,0,0,185
09/25/2020,MCI,MO,ACE,CE,Combined TRACON& Tower with Radar,163,4,4,1,172,0,0,6,0,6,163,4,10,1,178,6,0,6,184
09/26/2020,MCI,MO,ACE,CE,Combined TRACON& Tower with Radar,139,5,1,0,145,0,2,1,0,3,139,7,2,0,148,0,0,0,148
09/27/2020,MCI,MO,ACE,CE,Combined TRACON& Tower with Radar,149,3,8,0,160,0,0,1,0,1,149,3,9,0,161,0,0,0,161
09/28/2020,MCI,MO,ACE,CE,Combined TRACON& Tower with Radar,155,8,0,2,165,0,6,4,0,10,155,14,4,2,175,8,0,8,183
09/29/2020,MCI,MO,ACE,CE,Combined TRACON& Tower with Radar,154,6,6,0,166,0,0,0,0,0,154,6,6,0,166,0,0,0,166
09/30/2020,MCI,MO,ACE,CE,Combined TRACON& Tower with Radar,153,9,7,18,187,0,1,4,2,7,153,10,11,20,194,0,0,0,194
10/01/2020,MCI,MO,ACE,CE,Combined TRACON& Tower with Radar,165,8,4,2,179,0,2,2,2,6,165,10,6,4,185,0,0,0,185
10/02/2020,MCI,MO,ACE,CE,Combined TRACON& Tower with Radar,171,3,4,2,180,0,2,12,0,14,171,5,16,2,194,0,0,0,194
10/03/2020,MCI,MO,ACE,CE,Combined TRACON& Tower with Radar,140,0,2,0,142,0,0,4,2,6,140,0,6,2,148,0,0,0,148
10/04/2020,MCI,MO,ACE,CE,Combined TRACON& Tower with Radar,147,1,0,0,148,0,0,2,0,2,147,1,2,0,150,0,0,0,150
10/05/2020,MCI,MO,ACE,CE,Combined TRACON& Tower with Radar,160,9,4,1,174,0,6,2,4,12,160,15,6,5,186,8,0,8,194
10/06/2020,MCI,MO,ACE,CE,Combined TRACON& Tower with Radar,144,6,3,2,155,0,2,8,1,11,144,8,11,3,166,0,0,0,166
10/07/2020,MCI,MO,ACE,CE,Combined TRACON& Tower with Radar,150,3,9,2,164,0,0,2,0,2,150,3,11,2,166,0,0,0,166
10/08/2020,MCI,MO,ACE,CE,Combined TRACON& Tower with Radar,185,8,5,2,200,0,1,8,0,9,185,9,13,2,209,0,0,0,209
10/09/2020,MCI,MO,ACE,CE,Combined TRACON& Tower with Radar,179,6,5,0,190,0,0,4,0,4,179,6,9,0,194,0,0,0,194
10/10/2020,MCI,MO,ACE,CE,Combined TRACON& Tower with Radar,145,14,2,0,161,0,0,0,0,0,145,14,2,0,161,0,0,0,161
10/11/2020,MCI,MO,ACE,CE,Combined TRACON& Tower with Radar,174,8,3,0,185,0,0,3,2,5,174,8,6,2,190,0,0,0,190
10/12/2020,MCI,MO,ACE,CE,Combined TRACON& Tower with Radar,166,4,2,0,172,0,0,2,0,2,166,4,4,0,174,0,0,0,174
10/13/2020,MCI,MO,ACE,CE,Combined TRACON& Tower with Radar,148,3,13,2,166,0,2,1,0,3,148,5,14,2,169,0,0,0,169
10/14/2020,MCI,MO,ACE,CE,Combined TRACON& Tower with Radar,156,4,11,5,176,0,0,2,3,5,156,4,13,8,181,0,0,0,181
10/15/2020,MCI,MO,ACE,CE,Combined TRACON& Tower with Radar,182,4,12,5,203,0,0,0,3,3,182,4,12,8,206,0,0,0,206
10/16/2020,MCI,MO,ACE,CE,Combined TRACON& Tower with Radar,174,2,4,2,182,0,5,1,0,6,174,7,5,2,188,0,0,0,188
10/17/2020,MCI,MO,ACE,CE,Combined TRACON& Tower with Radar,147,0,22,0,169,0,0,2,0,2,147,0,24,0,171,0,0,0,171
10/18/2020,MCI,MO,ACE,CE,Combined TRACON& Tower with Radar,174,4,19,0,197,0,0,5,0,5,174,4,24,0,202,0,0,0,202
10/19/2020,MCI,MO,ACE,CE,Combined TRACON& Tower with Radar,165,6,4,8,183,0,0,0,0,0,165,6,4,8,183,0,0,0,183
10/20/2020,MCI,MO,ACE,CE,Combined TRACON& Tower with Radar,151,0,5,5,161,0,0,0,0,0,151,0,5,5,161,0,0,0,161
10/21/2020,MCI,MO,ACE,CE,Combined TRACON& Tower with Radar,152,2,12,1,167,0,0,0,0,0,152,2,12,1,167,0,0,0,167
10/22/2020,MCI,MO,ACE,CE,Combined TRACON& Tower with Radar,177,2,4,0,183,0,0,0,0,0,177,2,4,0,183,0,0,0,183
10/23/2020,MCI,MO,ACE,CE,Combined TRACON& Tower with Radar,171,2,3,0,176,0,0,2,0,2,171,2,5,0,178,0,0,0,178
10/24/2020,MCI,MO,ACE,CE,Combined TRACON& Tower with Radar,138,4,1,0,143,0,0,0,0,0,138,4,1,0,143,0,0,0,143
10/25/2020,MCI,MO,ACE,CE,Combined TRACON& Tower with Radar,148,4,3,0,155,0,0,0,0,0,148,4,3,0,155,0,0,0,155
10/26/2020,MCI,MO,ACE,CE,Combined TRACON& Tower with Radar,163,11,6,0,180,0,0,0,0,0,163,11,6,0,180,0,0,0,180
10/27/2020,MCI,MO,ACE,CE,Combined TRACON& Tower with Radar,144,4,2,0,150,0,0,0,0,0,144,4,2,0,150,0,0,0,150
10/28/2020,MCI,MO,ACE,CE,Combined TRACON& Tower with Radar,147,11,13,2,173,0,0,2,6,8,147,11,15,8,181,0,0,0,181
10/29/2020,MCI,MO,ACE,CE,Combined TRACON& Tower with Radar,158,2,8,10,178,0,0,0,2,2,158,2,8,12,180,0,0,0,180
10/30/2020,MCI,MO,ACE,CE,Combined TRACON& Tower with Radar,161,0,6,4,171,0,0,11,5,16,161,0,17,9,187,8,0,8,195
10/31/2020,MCI,MO,ACE,CE,Combined TRACON& Tower with Radar,120,3,5,0,128,0,0,1,2,3,120,3,6,2,131,0,0,0,131
11/01/2020,MCI,MO,ACE,CE,Combined TRACON& Tower with Radar,143,1,3,0,147,0,1,11,0,12,143,2,14,0,159,0,0,0,159
11/02/2020,MCI,MO,ACE,CE,Combined TRACON& Tower with Radar,155,5,5,17,182,0,0,8,1,9,155,5,13,18,191,0,0,0,191
11/03/2020,MCI,MO,ACE,CE,Combined TRACON& Tower with Radar,137,4,2,6,149,0,0,2,0,2,137,4,4,6,151,0,0,0,151
11/04/2020,MCI,MO,ACE,CE,Combined TRACON& Tower with Radar,132,5,6,6,149,0,0,3,0,3,132,5,9,6,152,0,0,0,152
11/05/2020,MCI,MO,ACE,CE,Combined TRACON& Tower with Radar,177,5,7,1,190,0,0,13,3,16,177,5,20,4,206,0,0,0,206
11/06/2020,MCI,MO,ACE,CE,Combined TRACON& Tower with Radar,171,4,4,0,179,0,0,3,0,3,171,4,7,0,182,0,0,0,182
11/07/2020,MCI,MO,ACE,CE,Combined TRACON& Tower with Radar,127,3,4,0,134,0,0,8,0,8,127,3,12,0,142,0,0,0,142
11/08/2020,MCI,MO,ACE,CE,Combined TRACON& Tower with Radar,190,3,2,0,195,0,0,2,0,2,190,3,4,0,197,0,0,0,197
11/09/2020,MCI,MO,ACE,CE,Combined TRACON& Tower with Radar,182,13,4,6,205,0,2,0,0,2,182,15,4,6,207,0,0,0,207
11/10/2020,MCI,MO,ACE,CE,Combined TRACON& Tower with Radar,146,6,13,0,165,0,0,2,0,2,146,6,15,0,167,0,0,0,167
11/11/2020,MCI,MO,ACE,CE,Combined TRACON& Tower with Radar,153,2,7,0,162,0,2,4,2,8,153,4,11,2,170,0,0,0,170
11/12/2020,MCI,MO,ACE,CE,Combined TRACON& Tower with Radar,176,6,4,0,186,0,0,2,2,4,176,6,6,2,190,0,0,0,190
11/13/2020,MCI,MO,ACE,CE,Combined TRACON& Tower with Radar,179,7,5,0,191,0,0,3,0,3,179,7,8,0,194,0,0,0,194
11/14/2020,MCI,MO,ACE,CE,Combined TRACON& Tower with Radar,139,12,0,0,151,0,0,0,0,0,139,12,0,0,151,0,0,0,151
11/15/2020,MCI,MO,ACE,CE,Combined TRACON& Tower with Radar,178,3,9,0,190,0,0,2,0,2,178,3,11,0,192,0,0,0,192
11/16/2020,MCI,MO,ACE,CE,Combined TRACON& Tower with Radar,178,0,3,6,187,0,0,2,0,2,178,0,5,6,189,0,0,0,189
11/17/2020,MCI,MO,ACE,CE,Combined TRACON& Tower with Radar,140,7,9,8,164,0,1,3,0,4,140,8,12,8,168,0,2,2,170
11/18/2020,MCI,MO,ACE,CE,Combined TRACON& Tower with Radar,155,9,8,8,180,0,0,0,0,0,155,9,8,8,180,0,0,0,180
11/19/2020,MCI,MO,ACE,CE,Combined TRACON& Tower with Radar,179,8,5,8,200,0,0,6,1,7,179,8,11,9,207,0,0,0,207
11/20/2020,MCI,MO,ACE,CE,Combined TRACON& Tower with Radar,194,1,0,7,202,0,1,2,2,5,194,2,2,9,207,0,0,0,207
11/21/2020,MCI,MO,ACE,CE,Combined TRACON& Tower with Radar,200,4,1,1,206,0,0,0,0,0,200,4,1,1,206,0,0,0,206
11/22/2020,MCI,MO,ACE,CE,Combined TRACON& Tower with Radar,171,3,2,1,177,0,1,3,0,4,171,4,5,1,181,0,0,0,181
11/23/2020,MCI,MO,ACE,CE,Combined TRACON& Tower with Radar,206,10,0,3,219,0,0,0,0,0,206,10,0,3,219,0,0,0,219
11/24/2020,MCI,MO,ACE,CE,Combined TRACON& Tower with Radar,224,4,2,10,240,0,0,0,0,0,224,4,2,10,240,0,0,0,240
11/25/2020,MCI,MO,ACE,CE,Combined TRACON& Tower with Radar,215,4,5,0,224,0,0,0,0,0,215,4,5,0,224,0,0,0,224
11/26/2020,MCI,MO,ACE,CE,Combined TRACON& Tower with Radar,94,0,5,0,99,0,0,0,0,0,94,0,5,0,99,0,0,0,99
11/27/2020,MCI,MO,ACE,CE,Combined TRACON& Tower with Radar,152,0,10,0,162,0,0,7,0,7,152,0,17,0,169,0,0,0,169
11/28/2020,MCI,MO,ACE,CE,Combined TRACON& Tower with Radar,216,3,0,2,221,0,0,8,0,8,216,3,8,2,229,0,0,0,229
11/29/2020,MCI,MO,ACE,CE,Combined TRACON& Tower with Radar,215,1,7,0,223,0,0,0,0,0,215,1,7,0,223,0,0,0,223
11/30/2020,MCI,MO,ACE,CE,Combined TRACON& Tower with Radar,222,2,7,2,233,0,2,2,0,4,222,4,9,2,237,0,0,0,237
12/01/2020,MCI,MO,ACE,CE,Combined TRACON& Tower with Radar,173,6,3,14,196,0,0,4,2,6,173,6,7,16,202,0,0,0,202
12/02/2020,MCI,MO,ACE,CE,Combined TRACON& Tower with Radar,151,4,6,8,169,0,14,1,2,17,151,18,7,10,186,12,0,12,198
12/03/2020,MCI,MO,ACE,CE,Combined TRACON& Tower with Radar,161,5,7,0,173,0,0,2,0,2,161,5,9,0,175,0,0,0,175
12/04/2020,MCI,MO,ACE,CE,Combined TRACON& Tower with Radar,169,5,4,3,181,0,0,3,3,6,169,5,7,6,187,0,0,0,187
12/05/2020,MCI,MO,ACE,CE,Combined TRACON& Tower with Radar,122,8,6,3,139,0,0,12,1,13,122,8,18,4,152,0,0,0,152
12/06/2020,MCI,MO,ACE,CE,Combined TRACON& Tower with Radar,142,2,3,1,148,0,0,1,2,3,142,2,4,3,151,0,0,0,151
12/07/2020,MCI,MO,ACE,CE,Combined TRACON& Tower with Radar,161,9,1,2,173,0,2,6,0,8,161,11,7,2,181,0,0,0,181
12/08/2020,MCI,MO,ACE,CE,Combined TRACON& Tower with Radar,141,18,8,4,171,0,1,4,1,6,141,19,12,5,177,0,0,0,177
12/09/2020,MCI,MO,ACE,CE,Combined TRACON& Tower with Radar,147,5,6,0,158,0,1,4,0,5,147,6,10,0,163,0,0,0,163
12/10/2020,MCI,MO,ACE,CE,Combined TRACON& Tower with Radar,164,8,3,0,175,0,0,7,1,8,164,8,10,1,183,0,0,0,183
12/11/2020,MCI,MO,ACE,CE,Combined TRACON& Tower with Radar,176,7,2,0,185,0,0,0,0,0,176,7,2,0,185,0,0,0,185
12/12/2020,MCI,MO,ACE,CE,Combined TRACON& Tower with Radar,123,5,2,0,130,0,0,0,0,0,123,5,2,0,130,0,0,0,130
12/13/2020,MCI,MO,ACE,CE,Combined TRACON& Tower with Radar,149,2,0,0,151,0,0,0,0,0,149,2,0,0,151,0,0,0,151
12/14/2020,MCI,MO,ACE,CE,Combined TRACON& Tower with Radar,161,9,0,2,172,0,0,2,0,2,161,9,2,2,174,0,0,0,174
12/15/2020,MCI,MO,ACE,CE,Combined TRACON& Tower with Radar,141,22,0,4,167,0,0,0,0,0,141,22,0,4,167,0,0,0,167
12/16/2020,MCI,MO,ACE,CE,Combined TRACON& Tower with Radar,148,9,9,9,175,0,0,0,1,1,148,9,9,10,176,0,0,0,176
12/17/2020,MCI,MO,ACE,CE,Combined TRACON& Tower with Radar,181,18,7,12,218,0,2,9,4,15,181,20,16,16,233,0,0,0,233
12/18/2020,MCI,MO,ACE,CE,Combined TRACON& Tower with Radar,199,8,2,0,209,0,0,0,1,1,199,8,2,1,210,0,0,0,210
12/19/2020,MCI,MO,ACE,CE,Combined TRACON& Tower with Radar,220,9,2,0,231,0,0,7,0,7,220,9,9,0,238,0,0,0,238
12/20/2020,MCI,MO,ACE,CE,Combined TRACON& Tower with Radar,179,6,7,0,192,0,0,2,0,2,179,6,9,0,194,0,0,0,194
12/21/2020,MCI,MO,ACE,CE,Combined TRACON& Tower with Radar,184,6,2,6,198,0,0,18,0,18,184,6,20,6,216,14,0,14,230
12/22/2020,MCI,MO,ACE,CE,Combined TRACON& Tower with Radar,195,4,0,1,200,0,0,2,1,3,195,4,2,2,203,0,0,0,203
12/23/2020,MCI,MO,ACE,CE,Combined TRACON& Tower with Radar,229,20,1,0,250,0,0,0,0,0,229,20,1,0,250,0,0,0,250
12/24/2020,MCI,MO,ACE,CE,Combined TRACON& Tower with Radar,128,1,5,0,134,0,0,4,0,4,128,1,9,0,138,0,0,0,138
12/25/2020,MCI,MO,ACE,CE,Combined TRACON& Tower with Radar,101,3,2,0,106,0,0,0,0,0,101,3,2,0,106,0,0,0,106
12/26/2020,MCI,MO,ACE,CE,Combined TRACON& Tower with Radar,202,5,2,0,209,0,0,6,0,6,202,5,8,0,215,10,0,10,225
12/27/2020,MCI,MO,ACE,CE,Combined TRACON& Tower with Radar,198,3,4,0,205,0,0,2,0,2,198,3,6,0,207,0,0,0,207
12/28/2020,MCI,MO,ACE,CE,Combined TRACON& Tower with Radar,171,0,1,0,172,0,0,8,0,8,171,0,9,0,180,0,0,0,180
12/29/2020,MCI,MO,ACE,CE,Combined TRACON& Tower with Radar,178,4,6,0,188,0,0,0,0,0,178,4,6,0,188,0,0,0,188
12/30/2020,MCI,MO,ACE,CE,Combined TRACON& Tower with Radar,176,0,6,0,182,0,0,2,1,3,176,0,8,1,185,0,0,0,185
12/31/2020,MCI,MO,ACE,CE,Combined TRACON& Tower with Radar,132,6,6,0,144,0,0,2,0,2,132,6,8,0,146,0,0,0,146
01/01/2021,MCI,MO,ACE,CE,Combined TRACON& Tower with Radar,106,3,5,0,114,0,0,0,0,0,106,3,5,0,114,0,0,0,114
01/02/2021,MCI,MO,ACE,CE,Combined TRACON& Tower with Radar,208,5,2,0,215,0,0,2,0,2,208,5,4,0,217,0,0,0,217
01/03/2021,MCI,MO,ACE,CE,Combined TRACON& Tower with Radar,205,3,3,0,211,0,0,0,0,0,205,3,3,0,211,0,0,0,211
01/04/2021,MCI,MO,ACE,CE,Combined TRACON& Tower with Radar,176,5,4,0,185,0,1,2,0,3,176,6,6,0,188,0,0,0,188
01/05/2021,MCI,MO,ACE,CE,Combined TRACON& Tower with Radar,167,7,6,0,180,0,2,14,0,16,167,9,20,0,196,0,0,0,196
01/06/2021,MCI,MO,ACE,CE,Combined TRACON& Tower with Radar,155,3,10,0,168,0,0,0,1,1,155,3,10,1,169,0,0,0,169
01/07/2021,MCI,MO,ACE,CE,Combined TRACON& Tower with Radar,165,3,7,0,175,0,0,0,0,0,165,3,7,0,175,0,0,0,175
01/08/2021,MCI,MO,ACE,CE,Combined TRACON& Tower with Radar,156,7,5,2,170,0,0,2,0,2,156,7,7,2,172,0,0,0,172
01/09/2021,MCI,MO,ACE,CE,Combined TRACON& Tower with Radar,121,2,2,1,126,0,0,0,3,3,121,2,2,4,129,0,0,0,129
01/10/2021,MCI,MO,ACE,CE,Combined TRACON& Tower with Radar,143,0,3,0,146,0,0,2,0,2,143,0,5,0,148,0,0,0,148
01/11/2021,MCI,MO,ACE,CE,Combined TRACON& Tower with Radar,153,3,6,4,166,0,2,1,0,3,153,5,7,4,169,0,0,0,169
01/12/2021,MCI,MO,ACE,CE,Combined TRACON& Tower with Radar,143,2,4,2,151,0,2,1,0,3,143,4,5,2,154,0,0,0,154
01/13/2021,MCI,MO,ACE,CE,Combined TRACON& Tower with Radar,145,4,6,6,161,0,0,7,3,10,145,4,13,9,171,0,0,0,171
01/14/2021,MCI,MO,ACE,CE,Combined TRACON& Tower with Radar,161,8,10,2,181,0,0,0,0,0,161,8,10,2,181,0,0,0,181
01/15/2021,MCI,MO,ACE,CE,Combined TRACON& Tower with Radar,146,8,6,0,160,0,0,0,0,0,146,8,6,0,160,0,0,0,160
01/16/2021,MCI,MO,ACE,CE,Combined TRACON& Tower with Radar,120,5,2,2,129,0,0,0,2,2,120,5,2,4,131,0,0,0,131
01/17/2021,MCI,MO,ACE,CE,Combined TRACON& Tower with Radar,143,1,7,0,151,0,0,4,0,4,143,1,11,0,155,2,0,2,157
01/18/2021,MCI,MO,ACE,CE,Combined TRACON& Tower with Radar,147,5,4,0,156,0,1,0,0,1,147,6,4,0,157,0,0,0,157
01/19/2021,MCI,MO,ACE,CE,Combined TRACON& Tower with Radar,141,7,10,4,162,0,2,0,0,2,141,9,10,4,164,0,0,0,164
01/20/2021,MCI,MO,ACE,CE,Combined TRACON& Tower with Radar,141,8,8,2,159,0,0,8,2,10,141,8,16,4,169,0,0,0,169
01/21/2021,MCI,MO,ACE,CE,Combined TRACON& Tower with Radar,171,6,9,5,191,0,2,11,6,19,171,8,20,11,210,24,0,24,234
01/22/2021,MCI,MO,ACE,CE,Combined TRACON& Tower with Radar,162,9,3,0,174,0,2,0,0,2,162,11,3,0,176,0,0,0,176
01/23/2021,MCI,MO,ACE,CE,Combined TRACON& Tower with Radar,127,8,6,8,149,0,2,2,1,5,127,10,8,9,154,0,0,0,154
01/24/2021,MCI,MO,ACE,CE,Combined TRACON& Tower with Radar,151,12,6,0,169,0,0,0,0,0,151,12,6,0,169,0,0,0,169
01/25/2021,MCI,MO,ACE,CE,Combined TRACON& Tower with Radar,154,10,9,2,175,0,0,0,0,0,154,10,9,2,175,0,0,0,175
01/26/2021,MCI,MO,ACE,CE,Combined TRACON& Tower with Radar,141,9,5,2,157,0,0,0,0,0,141,9,5,2,157,0,0,0,157
01/27/2021,MCI,MO,ACE,CE,Combined TRACON& Tower with Radar,147,9,7,3,166,0,0,0,0,0,147,9,7,3,166,0,0,0,166
01/28/2021,MCI,MO,ACE,CE,Combined TRACON& Tower with Radar,164,15,4,3,186,0,2,0,0,2,164,17,4,3,188,0,0,0,188
01/29/2021,MCI,MO,ACE,CE,Combined TRACON& Tower with Radar,164,6,4,2,176,0,0,0,0,0,164,6,4,2,176,0,0,0,176
01/30/2021,MCI,MO,ACE,CE,Combined TRACON& Tower with Radar,120,5,1,0,126,0,0,0,0,0,120,5,1,0,126,0,0,0,126
01/31/2021,MCI,MO,ACE,CE,Combined TRACON& Tower with Radar,143,7,0,0,150,0,0,0,0,0,143,7,0,0,150,0,0,0,150
02/01/2021,MCI,MO,ACE,CE,Combined TRACON& Tower with Radar,143,6,2,0,151,0,0,2,0,2,143,6,4,0,153,0,0,0,153
02/02/2021,MCI,MO,ACE,CE,Combined TRACON& Tower with Radar,145,10,5,4,164,0,0,2,0,2,145,10,7,4,166,0,0,0,166
02/03/2021,MCI,MO,ACE,CE,Combined TRACON& Tower with Radar,144,5,9,3,161,0,5,3,2,10,144,10,12,5,171,12,0,12,183
02/04/2021,MCI,MO,ACE,CE,Combined TRACON& Tower with Radar,165,19,4,2,190,0,0,2,0,2,165,19,6,2,192,0,0,0,192
02/05/2021,MCI,MO,ACE,CE,Combined TRACON& Tower with Radar,168,10,7,1,186,0,0,2,4,6,168,10,9,5,192,0,0,0,192
02/06/2021,MCI,MO,ACE,CE,Combined TRACON& Tower with Radar,122,6,3,0,131,0,0,2,1,3,122,6,5,1,134,0,0,0,134
02/07/2021,MCI,MO,ACE,CE,Combined TRACON& Tower with Radar,139,2,4,0,145,0,0,0,0,0,139,2,4,0,145,0,0,0,145
02/08/2021,MCI,MO,ACE,CE,Combined TRACON& Tower with Radar,164,9,7,2,182,0,0,0,0,0,164,9,7,2,182,0,0,0,182
02/09/2021,MCI,MO,ACE,CE,Combined TRACON& Tower with Radar,145,4,12,14,175,0,0,0,0,0,145,4,12,14,175,0,0,0,175
02/10/2021,MCI,MO,ACE,CE,Combined TRACON& Tower with Radar,143,19,11,2,175,0,0,0,0,0,143,19,11,2,175,0,0,0,175
02/11/2021,MCI,MO,ACE,CE,Combined TRACON& Tower with Radar,162,7,16,6,191,0,0,0,0,0,162,7,16,6,191,0,0,0,191
02/12/2021,MCI,MO,ACE,CE,Combined TRACON& Tower with Radar,168,7,8,8,191,0,1,0,3,4,168,8,8,11,195,0,0,0,195
02/13/2021,MCI,MO,ACE,CE,Combined TRACON& Tower with Radar,125,6,5,0,136,0,0,2,0,2,125,6,7,0,138,0,0,0,138
02/14/2021,MCI,MO,ACE,CE,Combined TRACON& Tower with Radar,118,9,5,0,132,0,0,0,0,0,118,9,5,0,132,0,0,0,132
02/15/2021,MCI,MO,ACE,CE,Combined TRACON& Tower with Radar,132,8,11,0,151,0,0,0,0,0,132,8,11,0,151,0,0,0,151
02/16/2021,MCI,MO,ACE,CE,Combined TRACON& Tower with Radar,117,2,6,2,127,0,0,0,0,0,117,2,6,2,127,0,0,0,127
02/17/2021,MCI,MO,ACE,CE,Combined TRACON& Tower with Radar,116,3,6,0,125,0,0,0,0,0,116,3,6,0,125,0,0,0,125
02/18/2021,MCI,MO,ACE,CE,Combined TRACON& Tower with Radar,143,8,7,9,167,0,0,1,0,1,143,8,8,9,168,0,0,0,168
02/19/2021,MCI,MO,ACE,CE,Combined TRACON& Tower with Radar,155,6,3,2,166,0,4,2,0,6,155,10,5,2,172,0,0,0,172
02/20/2021,MCI,MO,ACE,CE,Combined TRACON& Tower with Radar,122,4,3,0,129,0,0,8,0,8,122,4,11,0,137,0,0,0,137
02/21/2021,MCI,MO,ACE,CE,Combined TRACON& Tower with Radar,162,8,4,0,174,0,0,0,0,0,162,8,4,0,174,0,0,0,174
02/22/2021,MCI,MO,ACE,CE,Combined TRACON& Tower with Radar,156,1,6,0,163,0,7,2,4,13,156,8,8,4,176,0,0,0,176
02/23/2021,MCI,MO,ACE,CE,Combined TRACON& Tower with Radar,147,3,1,0,151,0,3,0,0,3,147,6,1,0,154,0,0,0,154
02/24/2021,MCI,MO,ACE,CE,Combined TRACON& Tower with Radar,141,14,6,9,170,0,0,2,0,2,141,14,8,9,172,0,0,0,172
02/25/2021,MCI,MO,ACE,CE,Combined TRACON& Tower with Radar,168,2,7,4,181,0,4,6,0,10,168,6,13,4,191,8,0,8,199
02/26/2021,MCI,MO,ACE,CE,Combined TRACON& Tower with Radar,170,2,12,1,185,0,0,0,1,1,170,2,12,2,186,0,12,12,198
02/27/2021,MCI,MO,ACE,CE,Combined TRACON& Tower with Radar,122,4,5,0,131,0,0,3,0,3,122,4,8,0,134,0,0,0,134
02/28/2021,MCI,MO,ACE,CE,Combined TRACON& Tower with Radar,154,4,6,0,164,0,0,2,0,2,154,4,8,0,166,0,0,0,166
03/01/2021,MCI,MO,ACE,CE,Combined TRACON& Tower with Radar,162,7,10,6,185,0,3,1,0,4,162,10,11,6,189,0,0,0,189
03/02/2021,MCI,MO,ACE,CE,Combined TRACON& Tower with Radar,149,12,3,6,170,0,0,4,2,6,149,12,7,8,176,14,0,14,190
03/03/2021,MCI,MO,ACE,CE,Combined TRACON& Tower with Radar,143,7,12,8,170,0,3,10,1,14,143,10,22,9,184,0,0,0,184
03/04/2021,MCI,MO,ACE,CE,Combined TRACON& Tower with Radar,177,15,5,4,201,0,0,3,1,4,177,15,8,5,205,0,0,0,205
03/05/2021,MCI,MO,ACE,CE,Combined TRACON& Tower with Radar,179,12,6,0,197,0,1,0,0,1,179,13,6,0,198,0,0,0,198
03/06/2021,MCI,MO,ACE,CE,Combined TRACON& Tower with Radar,144,12,16,0,172,0,0,11,2,13,144,12,27,2,185,0,0,0,185
03/07/2021,MCI,MO,ACE,CE,Combined TRACON& Tower with Radar,188,7,4,0,199,0,0,6,0,6,188,7,10,0,205,0,0,0,205
03/08/2021,MCI,MO,ACE,CE,Combined TRACON& Tower with Radar,189,3,0,10,202,0,0,2,6,8,189,3,2,16,210,0,0,0,210
03/09/2021,MCI,MO,ACE,CE,Combined TRACON& Tower with Radar,168,9,4,5,186,0,0,6,0,6,168,9,10,5,192,8,0,8,200
03/10/2021,MCI,MO,ACE,CE,Combined TRACON& Tower with Radar,158,7,2,0,167,0,0,0,0,0,158,7,2,0,167,0,0,0,167
03/11/2021,MCI,MO,ACE,CE,Combined TRACON& Tower with Radar,209,12,3,0,224,0,1,3,0,4,209,13,6,0,228,14,0,14,242
03/12/2021,MCI,MO,ACE,CE,Combined TRACON& Tower with Radar,198,9,5,0,212,0,1,0,0,1,198,10,5,0,213,4,0,4,217
03/13/2021,MCI,MO,ACE,CE,Combined TRACON& Tower with Radar,187,4,3,0,194,0,0,6,0,6,187,4,9,0,200,4,0,4,204
03/14/2021,MCI,MO,ACE,CE,Combined TRACON& Tower with Radar,176,12,4,0,192,0,0,0,0,0,176,12,4,0,192,0,0,0,192
03/15/2021,MCI,MO,ACE,CE,Combined TRACON& Tower with Radar,185,9,10,0,204,0,0,0,0,0,185,9,10,0,204,0,0,0,204
03/16/2021,MCI,MO,ACE,CE,Combined TRACON& Tower with Radar,194,6,13,6,219,0,0,0,0,0,194,6,13,6,219,0,0,0,219
03/17/2021,MCI,MO,ACE,CE,Combined TRACON& Tower with Radar,182,15,8,0,205,0,0,0,0,0,182,15,8,0,205,0,0,0,205
03/18/2021,MCI,MO,ACE,CE,Combined TRACON& Tower with Radar,208,20,4,0,232,0,0,0,0,0,208,20,4,0,232,0,0,0,232
03/19/2021,MCI,MO,ACE,CE,Combined TRACON& Tower with Radar,195,14,4,6,219,0,0,8,6,14,195,14,12,12,233,0,0,0,233
03/20/2021,MCI,MO,ACE,CE,Combined TRACON& Tower with Radar,200,14,2,0,216,0,0,4,0,4,200,14,6,0,220,2,0,2,222
03/21/2021,MCI,MO,ACE,CE,Combined TRACON& Tower with Radar,203,8,8,0,219,0,0,3,0,3,203,8,11,0,222,0,0,0,222
03/22/2021,MCI,MO,ACE,CE,Combined TRACON& Tower with Radar,202,5,12,7,226,0,0,3,2,5,202,5,15,9,231,0,0,0,231
03/23/2021,MCI,MO,ACE,CE,Combined TRACON& Tower with Radar,200,11,8,3,222,0,0,0,0,0,200,11,8,3,222,0,0,0,222
03/24/2021,MCI,MO,ACE,CE,Combined TRACON& Tower with Radar,181,14,10,6,211,0,0,0,0,0,181,14,10,6,211,0,0,0,211
03/25/2021,MCI,MO,ACE,CE,Combined TRACON& Tower with Radar,211,4,9,4,228,0,0,0,0,0,211,4,9,4,228,0,0,0,228
03/26/2021,MCI,MO,ACE,CE,Combined TRACON& Tower with Radar,205,13,14,2,234,0,2,8,0,10,205,15,22,2,244,0,0,0,244
03/27/2021,MCI,MO,ACE,CE,Combined TRACON& Tower with Radar,184,8,6,0,198,0,0,0,0,0,184,8,6,0,198,0,0,0,198
03/28/2021,MCI,MO,ACE,CE,Combined TRACON& Tower with Radar,194,3,5,0,202,0,0,7,0,7,194,3,12,0,209,0,0,0,209
03/29/2021,MCI,MO,ACE,CE,Combined TRACON& Tower with Radar,189,4,0,4,197,0,0,0,0,0,189,4,0,4,197,0,0,0,197
03/30/2021,MCI,MO,ACE,CE,Combined TRACON& Tower with Radar,195,11,0,6,212,0,2,0,2,4,195,13,0,8,216,0,0,0,216
03/31/2021,MCI,MO,ACE,CE,Combined TRACON& Tower with Radar,186,22,4,2,214,0,0,2,2,4,186,22,6,4,218,2,0,2,220
04/01/2021,MCI,MO,ACE,CE,Combined TRACON& Tower with Radar,203,10,8,13,234,0,2,2,5,9,203,12,10,18,243,0,6,6,249
04/02/2021,MCI,MO,ACE,CE,Combined TRACON& Tower with Radar,197,7,0,0,204,0,0,7,0,7,197,7,7,0,211,0,0,0,211
04/03/2021,MCI,MO,ACE,CE,Combined TRACON& Tower with Radar,184,6,1,0,191,0,0,3,0,3,184,6,4,0,194,0,0,0,194
04/04/2021,MCI,MO,ACE,CE,Combined TRACON& Tower with Radar,191,1,4,0,196,0,0,2,0,2,191,1,6,0,198,0,0,0,198
04/05/2021,MCI,MO,ACE,CE,Combined TRACON& Tower with Radar,199,0,3,1,203,0,0,0,1,1,199,0,3,2,204,0,0,0,204
04/06/2021,MCI,MO,ACE,CE,Combined TRACON& Tower with Radar,187,2,2,2,193,0,0,2,0,2,187,2,4,2,195,0,0,0,195
04/07/2021,MCI,MO,ACE,CE,Combined TRACON& Tower with Radar,182,0,6,0,188,0,0,0,0,0,182,0,6,0,188,0,0,0,188
04/08/2021,MCI,MO,ACE,CE,Combined TRACON& Tower with Radar,209,4,8,0,221,0,0,0,0,0,209,4,8,0,221,0,0,0,221
04/09/2021,MCI,MO,ACE,CE,Combined TRACON& Tower with Radar,200,1,2,5,208,0,0,5,3,8,200,1,7,8,216,0,0,0,216
04/10/2021,MCI,MO,ACE,CE,Combined TRACON& Tower with Radar,185,5,3,0,193,0,0,0,0,0,185,5,3,0,193,0,0,0,193
04/11/2021,MCI,MO,ACE,CE,Combined TRACON& Tower with Radar,189,2,6,0,197,0,0,5,0,5,189,2,11,0,202,0,0,0,202
04/12/2021,MCI,MO,ACE,CE,Combined TRACON& Tower with Radar,193,0,6,4,203,0,0,2,2,4,193,0,8,6,207,0,0,0,207
04/13/2021,MCI,MO,ACE,CE,Combined TRACON& Tower with Radar,167,5,9,16,197,0,2,8,2,12,167,7,17,18,209,0,0,0,209
04/14/2021,MCI,MO,ACE,CE,Combined TRACON& Tower with Radar,167,7,6,4,184,0,2,4,0,6,167,9,10,4,190,0,0,0,190
04/15/2021,MCI,MO,ACE,CE,Combined TRACON& Tower with Radar,205,6,10,4,225,0,2,4,0,6,205,8,14,4,231,4,0,4,235
04/16/2021,MCI,MO,ACE,CE,Combined TRACON& Tower with Radar,195,2,3,2,202,0,0,0,0,0,195,2,3,2,202,0,0,0,202
04/17/2021,MCI,MO,ACE,CE,Combined TRACON& Tower with Radar,179,8,4,0,191,0,0,2,0,2,179,8,6,0,193,0,0,0,193
04/18/2021,MCI,MO,ACE,CE,Combined TRACON& Tower with Radar,191,4,2,2,199,0,0,6,0,6,191,4,8,2,205,0,0,0,205
04/19/2021,MCI,MO,ACE,CE,Combined TRACON& Tower with Radar,194,2,6,0,202,0,0,2,0,2,194,2,8,0,204,0,0,0,204
04/20/2021,MCI,MO,ACE,CE,Combined TRACON& Tower with Radar,173,5,2,3,183,1,2,1,0,4,174,7,3,3,187,0,0,0,187
04/21/2021,MCI,MO,ACE,CE,Combined TRACON& Tower with Radar,172,4,6,2,184,0,4,4,0,8,172,8,10,2,192,2,0,2,194
04/22/2021,MCI,MO,ACE,CE,Combined TRACON& Tower with Radar,203,2,5,2,212,0,1,0,2,3,203,3,5,4,215,0,0,0,215
04/23/2021,MCI,MO,ACE,CE,Combined TRACON& Tower with Radar,194,1,3,6,204,0,0,0,0,0,194,1,3,6,204,0,0,0,204
04/24/2021,MCI,MO,ACE,CE,Combined TRACON& Tower with Radar,170,11,5,0,186,1,0,2,0,3,171,11,7,0,189,0,0,0,189
04/25/2021,MCI,MO,ACE,CE,Combined TRACON& Tower with Radar,196,7,1,0,204,0,0,6,0,6,196,7,7,0,210,12,0,12,222
04/26/2021,MCI,MO,ACE,CE,Combined TRACON& Tower with Radar,193,2,4,4,203,0,0,0,0,0,193,2,4,4,203,0,0,0,203
04/27/2021,MCI,MO,ACE,CE,Combined TRACON& Tower with Radar,167,3,11,6,187,0,0,2,0,2,167,3,13,6,189,0,0,0,189
04/28/2021,MCI,MO,ACE,CE,Combined TRACON& Tower with Radar,162,5,6,1,174,0,0,0,0,0,162,5,6,1,174,0,0,0,174
04/29/2021,MCI,MO,ACE,CE,Combined TRACON& Tower with Radar,205,4,10,4,223,0,2,0,0,2,205,6,10,4,225,0,0,0,225
04/30/2021,MCI,MO,ACE,CE,Combined TRACON& Tower with Radar,198,7,13,1,219,0,0,7,3,10,198,7,20,4,229,0,0,0,229
05/01/2021,MCI,MO,ACE,CE,Combined TRACON& Tower with Radar,181,7,25,2,215,0,0,2,2,4,181,7,27,4,219,0,0,0,219
05/02/2021,MCI,MO,ACE,CE,Combined TRACON& Tower with Radar,194,3,27,1,225,0,0,0,0,0,194,3,27,1,225,0,0,0,225
05/03/2021,MCI,MO,ACE,CE,Combined TRACON& Tower with Radar,193,7,9,0,209,0,0,0,0,0,193,7,9,0,209,0,0,0,209
05/04/2021,MCI,MO,ACE,CE,Combined TRACON& Tower with Radar,166,5,7,8,186,0,0,0,9,9,166,5,7,17,195,0,0,0,195
05/05/2021,MCI,MO,ACE,CE,Combined TRACON& Tower with Radar,178,12,4,0,194,0,0,6,0,6,178,12,10,0,200,8,0,8,208
05/06/2021,MCI,MO,ACE,CE,Combined TRACON& Tower with Radar,207,10,14,2,233,0,0,0,0,0,207,10,14,2,233,0,0,0,233
05/07/2021,MCI,MO,ACE,CE,Combined TRACON& Tower with Radar,211,3,9,6,229,0,0,2,10,12,211,3,11,16,241,0,0,0,241
05/08/2021,MCI,MO,ACE,CE,Combined TRACON& Tower with Radar,195,1,2,0,198,0,0,1,0,1,195,1,3,0,199,0,0,0,199
05/09/2021,MCI,MO,ACE,CE,Combined TRACON& Tower with Radar,212,5,1,0,218,0,0,0,0,0,212,5,1,0,218,0,0,0,218
05/10/2021,MCI,MO,ACE,CE,Combined TRACON& Tower with Radar,205,5,1,4,215,0,0,2,0,2,205,5,3,4,217,0,0,0,217
05/11/2021,MCI,MO,ACE,CE,Combined TRACON& Tower with Radar,204,6,4,7,221,0,0,2,0,2,204,6,6,7,223,0,0,0,223
05/12/2021,MCI,MO,ACE,CE,Combined TRACON& Tower with Radar,204,6,3,12,225,0,0,6,0,6,204,6,9,12,231,0,10,10,241
05/13/2021,MCI,MO,ACE,CE,Combined TRACON& Tower with Radar,227,5,3,0,235,0,1,2,0,3,227,6,5,0,238,0,0,0,238
05/14/2021,MCI,MO,ACE,CE,Combined TRACON& Tower with Radar,216,7,1,6,230,0,0,0,0,0,216,7,1,6,230,0,0,0,230
05/15/2021,MCI,MO,ACE,CE,Combined TRACON& Tower with Radar,208,2,0,0,210,0,0,0,0,0,208,2,0,0,210,0,0,0,210
05/16/2021,MCI,MO,ACE,CE,Combined TRACON& Tower with Radar,210,3,7,0,220,0,0,0,0,0,210,3,7,0,220,0,0,0,220
05/17/2021,MCI,MO,ACE,CE,Combined TRACON& Tower with Radar,214,0,11,4,229,0,0,0,0,0,214,0,11,4,229,0,0,0,229
05/18/2021,MCI,MO,ACE,CE,Combined TRACON& Tower with Radar,209,2,12,2,225,0,0,1,0,1,209,2,13,2,226,0,0,0,226
05/19/2021,MCI,MO,ACE,CE,Combined TRACON& Tower with Radar,207,2,10,2,221,0,0,0,0,0,207,2,10,2,221,0,0,0,221
05/20/2021,MCI,MO,ACE,CE,Combined TRACON& Tower with Radar,227,6,9,2,244,0,0,0,0,0,227,6,9,2,244,0,0,0,244
05/21/2021,MCI,MO,ACE,CE,Combined TRACON& Tower with Radar,217,5,8,6,236,0,0,0,0,0,217,5,8,6,236,0,0,0,236
05/22/2021,MCI,MO,ACE,CE,Combined TRACON& Tower with Radar,203,2,4,0,209,0,0,2,0,2,203,2,6,0,211,0,0,0,211
05/23/2021,MCI,MO,ACE,CE,Combined TRACON& Tower with Radar,216,3,2,0,221,0,0,0,1,1,216,3,2,1,222,0,0,0,222
05/24/2021,MCI,MO,ACE,CE,Combined TRACON& Tower with Radar,208,0,4,0,212,0,0,0,0,0,208,0,4,0,212,0,0,0,212
05/25/2021,MCI,MO,ACE,CE,Combined TRACON& Tower with Radar,210,4,5,4,223,0,0,1,0,1,210,4,6,4,224,0,0,0,224
05/26/2021,MCI,MO,ACE,CE,Combined TRACON& Tower with Radar,206,7,4,2,219,0,4,3,2,9,206,11,7,4,228,14,2,16,244
05/27/2021,MCI,MO,ACE,CE,Combined TRACON& Tower with Radar,226,3,8,4,241,0,0,0,0,0,226,3,8,4,241,0,0,0,241
05/28/2021,MCI,MO,ACE,CE,Combined TRACON& Tower with Radar,227,1,1,1,230,0,0,3,0,3,227,1,4,1,233,0,0,0,233
05/29/2021,MCI,MO,ACE,CE,Combined TRACON& Tower with Radar,205,3,2,0,210,0,2,7,0,9,205,5,9,0,219,4,0,4,223
05/30/2021,MCI,MO,ACE,CE,Combined TRACON& Tower with Radar,207,5,0,0,212,0,0,5,0,5,207,5,5,0,217,0,0,0,217
05/31/2021,MCI,MO,ACE,CE,Combined TRACON& Tower with Radar,214,3,2,0,219,0,0,0,0,0,214,3,2,0,219,0,0,0,219
06/01/2021,MCI,MO,ACE,CE,Combined TRACON& Tower with Radar,213,3,8,3,227,0,0,0,0,0,213,3,8,3,227,0,0,0,227
06/02/2021,MCI,MO,ACE,CE,Combined TRACON& Tower with Radar,218,5,7,0,230,0,0,0,0,0,218,5,7,0,230,0,0,0,230
06/03/2021,MCI,MO,ACE,CE,Combined TRACON& Tower with Radar,232,5,7,2,246,0,0,6,0,6,232,5,13,2,252,0,0,0,252
06/04/2021,MCI,MO,ACE,CE,Combined TRACON& Tower with Radar,235,2,5,0,242,0,1,2,0,3,235,3,7,0,245,0,0,0,245
06/05/2021,MCI,MO,ACE,CE,Combined TRACON& Tower with Radar,228,3,8,3,242,0,0,3,0,3,228,3,11,3,245,0,0,0,245
06/06/2021,MCI,MO,ACE,CE,Combined TRACON& Tower with Radar,249,2,3,1,255,0,0,5,0,5,249,2,8,1,260,0,0,0,260
06/07/2021,MCI,MO,ACE,CE,Combined TRACON& Tower with Radar,243,5,4,4,256,0,0,3,0,3,243,5,7,4,259,0,0,0,259
06/08/2021,MCI,MO,ACE,CE,Combined TRACON& Tower with Radar,252,5,5,2,264,0,1,1,0,2,252,6,6,2,266,0,0,0,266
06/09/2021,MCI,MO,ACE,CE,Combined TRACON& Tower with Radar,250,3,6,0,259,0,1,6,0,7,250,4,12,0,266,20,0,20,286
06/10/2021,MCI,MO,ACE,CE,Combined TRACON& Tower with Radar,259,2,6,2,269,0,2,14,4,20,259,4,20,6,289,18,0,18,307
06/11/2021,MCI,MO,ACE,CE,Combined TRACON& Tower with Radar,267,4,2,0,273,0,0,1,0,1,267,4,3,0,274,0,0,0,274
06/12/2021,MCI,MO,ACE,CE,Combined TRACON& Tower with Radar,251,3,4,0,258,0,0,4,0,4,251,3,8,0,262,0,0,0,262
06/13/2021,MCI,MO,ACE,CE,Combined TRACON& Tower with Radar,257,6,4,0,267,0,0,4,0,4,257,6,8,0,271,0,0,0,271
06/14/2021,MCI,MO,ACE,CE,Combined TRACON& Tower with Radar,255,2,5,0,262,0,0,2,0,2,255,2,7,0,264,0,0,0,264
06/15/2021,MCI,MO,ACE,CE,Combined TRACON& Tower with Radar,247,10,11,8,276,0,0,4,0,4,247,10,15,8,280,0,0,0,280
06/16/2021,MCI,MO,ACE,CE,Combined TRACON& Tower with Radar,250,7,5,2,264,0,0,13,10,23,250,7,18,12,287,10,0,10,297
06/17/2021,MCI,MO,ACE,CE,Combined TRACON& Tower with Radar,260,5,20,0,285,0,0,4,0,4,260,5,24,0,289,10,0,10,299
06/18/2021,MCI,MO,ACE,CE,Combined TRACON& Tower with Radar,262,3,8,2,275,4,1,6,0,11,266,4,14,2,286,0,0,0,286
06/19/2021,MCI,MO,ACE,CE,Combined TRACON& Tower with Radar,254,4,4,0,262,0,0,8,0,8,254,4,12,0,270,0,0,0,270
06/20/2021,MCI,MO,ACE,CE,Combined TRACON& Tower with Radar,262,2,5,0,269,0,0,1,0,1,262,2,6,0,270,0,0,0,270
06/21/2021,MCI,MO,ACE,CE,Combined TRACON& Tower with Radar,250,4,3,0,257,0,0,2,0,2,250,4,5,0,259,0,0,0,259
06/22/2021,MCI,MO,ACE,CE,Combined TRACON& Tower with Radar,252,0,8,0,260,0,0,4,0,4,252,0,12,0,264,0,0,0,264
06/23/2021,MCI,MO,ACE,CE,Combined TRACON& Tower with Radar,263,4,9,4,280,0,2,2,2,6,263,6,11,6,286,0,0,0,286
06/24/2021,MCI,MO,ACE,CE,Combined TRACON& Tower with Radar,242,2,3,0,247,0,0,1,0,1,242,2,4,0,248,0,0,0,248
06/25/2021,MCI,MO,ACE,CE,Combined TRACON& Tower with Radar,261,1,2,0,264,0,0,0,0,0,261,1,2,0,264,0,0,0,264
06/26/2021,MCI,MO,ACE,CE,Combined TRACON& Tower with Radar,232,2,0,0,234,0,0,1,0,1,232,2,1,0,235,0,0,0,235
06/27/2021,MCI,MO,ACE,CE,Combined TRACON& Tower with Radar,255,2,2,0,259,0,0,1,0,1,255,2,3,0,260,0,0,0,260
06/28/2021,MCI,MO,ACE,CE,Combined TRACON& Tower with Radar,257,2,4,0,263,0,0,11,0,11,257,2,15,0,274,0,0,0,274
06/29/2021,MCI,MO,ACE,CE,Combined TRACON& Tower with Radar,260,2,6,2,270,0,0,0,0,0,260,2,6,2,270,0,0,0,270
06/30/2021,MCI,MO,ACE,CE,Combined TRACON& Tower with Radar,254,7,5,0,266,0,0,0,0,0,254,7,5,0,266,0,0,0,266
07/01/2021,MCI,MO,ACE,CE,Combined TRACON& Tower with Radar,255,7,6,0,268,0,0,2,0,2,255,7,8,0,270,0,0,0,270
07/02/2021,MCI,MO,ACE,CE,Combined TRACON& Tower with Radar,267,1,12,0,280,0,2,12,0,14,267,3,24,0,294,8,0,8,302
07/03/2021,MCI,MO,ACE,CE,Combined TRACON& Tower with Radar,252,0,1,0,253,0,0,6,0,6,252,0,7,0,259,16,0,16,275
07/04/2021,MCI,MO,ACE,CE,Combined TRACON& Tower with Radar,221,0,0,0,221,0,0,0,0,0,221,0,0,0,221,0,0,0,221
07/05/2021,MCI,MO,ACE,CE,Combined TRACON& Tower with Radar,249,0,1,0,250,0,4,6,0,10,249,4,7,0,260,0,0,0,260
07/06/2021,MCI,MO,ACE,CE,Combined TRACON& Tower with Radar,241,6,10,0,257,0,10,11,2,23,241,16,21,2,280,0,0,0,280
07/07/2021,MCI,MO,ACE,CE,Combined TRACON& Tower with Radar,257,7,9,0,273,0,0,0,0,0,257,7,9,0,273,0,0,0,273
07/08/2021,MCI,MO,ACE,CE,Combined TRACON& Tower with Radar,253,9,4,2,268,0,0,8,0,8,253,9,12,2,276,8,0,8,284
07/09/2021,MCI,MO,ACE,CE,Combined TRACON& Tower with Radar,270,8,6,0,284,0,0,7,1,8,270,8,13,1,292,0,0,0,292
07/10/2021,MCI,MO,ACE,CE,Combined TRACON& Tower with Radar,272,3,4,0,279,0,0,0,0,0,272,3,4,0,279,0,0,0,279
07/11/2021,MCI,MO,ACE,CE,Combined TRACON& Tower with Radar,265,7,6,1,279,0,0,0,0,0,265,7,6,1,279,0,0,0,279
07/12/2021,MCI,MO,ACE,CE,Combined TRACON& Tower with Radar,256,7,11,0,274,0,2,4,0,6,256,9,15,0,280,0,0,0,280
07/13/2021,MCI,MO,ACE,CE,Combined TRACON& Tower with Radar,261,3,12,5,281,0,0,7,3,10,261,3,19,8,291,0,0,0,291
07/14/2021,MCI,MO,ACE,CE,Combined TRACON& Tower with Radar,247,2,8,2,259,0,1,4,0,5,247,3,12,2,264,0,0,0,264
07/15/2021,MCI,MO,ACE,CE,Combined TRACON& Tower with Radar,262,3,3,0,268,0,0,0,0,0,262,3,3,0,268,0,0,0,268
07/16/2021,MCI,MO,ACE,CE,Combined TRACON& Tower with Radar,270,5,7,4,286,0,0,0,0,0,270,5,7,4,286,0,0,0,286
07/17/2021,MCI,MO,ACE,CE,Combined TRACON& Tower with Radar,253,3,2,0,258,0,0,2,0,2,253,3,4,0,260,0,0,0,260
07/18/2021,MCI,MO,ACE,CE,Combined TRACON& Tower with Radar,267,0,5,0,272,0,0,8,0,8,267,0,13,0,280,0,0,0,280
07/19/2021,MCI,MO,ACE,CE,Combined TRACON& Tower with Radar,265,2,4,3,274,0,0,2,2,4,265,2,6,5,278,8,0,8,286
07/20/2021,MCI,MO,ACE,CE,Combined TRACON& Tower with Radar,263,6,7,7,283,0,2,14,6,22,263,8,21,13,305,0,12,12,317
07/21/2021,MCI,MO,ACE,CE,Combined TRACON& Tower with Radar,260,3,10,0,273,0,0,9,1,10,260,3,19,1,283,14,0,14,297
07/22/2021,MCI,MO,ACE,CE,Combined TRACON& Tower with Radar,265,9,14,3,291,0,2,4,2,8,265,11,18,5,299,0,0,0,299
07/23/2021,MCI,MO,ACE,CE,Combined TRACON& Tower with Radar,264,2,7,3,276,0,2,11,1,14,264,4,18,4,290,0,0,0,290
07/24/2021,MCI,MO,ACE,CE,Combined TRACON& Tower with Radar,258,1,13,0,272,0,0,6,0,6,258,1,19,0,278,0,0,0,278
07/25/2021,MCI,MO,ACE,CE,Combined TRACON& Tower with Radar,259,2,8,0,269,0,0,2,0,2,259,2,10,0,271,0,0,0,271
07/26/2021,MCI,MO,ACE,CE,Combined TRACON& Tower with Radar,262,4,12,1,279,0,0,7,0,7,262,4,19,1,286,8,0,8,294
07/27/2021,MCI,MO,ACE,CE,Combined TRACON& Tower with Radar,261,4,6,3,274,0,2,6,7,15,261,6,12,10,289,0,0,0,289
07/28/2021,MCI,MO,ACE,CE,Combined TRACON& Tower with Radar,261,6,5,0,272,0,0,6,0,6,261,6,11,0,278,6,0,6,284
07/29/2021,MCI,MO,ACE,CE,Combined TRACON& Tower with Radar,256,0,13,2,271,0,2,9,0,11,256,2,22,2,282,4,0,4,286
07/30/2021,MCI,MO,ACE,CE,Combined TRACON& Tower with Radar,257,0,3,0,260,0,0,1,0,1,257,0,4,0,261,0,0,0,261
07/31/2021,MCI,MO,ACE,CE,Combined TRACON& Tower with Radar,255,4,3,0,262,0,0,0,0,0,255,4,3,0,262,0,0,0,262
08/01/2021,MCI,MO,ACE,CE,Combined TRACON& Tower with Radar,251,4,3,0,258,0,0,2,0,2,251,4,5,0,260,4,0,4,264
08/02/2021,MCI,MO,ACE,CE,Combined TRACON& Tower with Radar,245,4,5,4,258,0,1,2,5,8,245,5,7,9,266,0,0,0,266
08/03/2021,MCI,MO,ACE,CE,Combined TRACON& Tower with Radar,240,0,7,5,252,0,0,2,2,4,240,0,9,7,256,0,0,0,256
08/04/2021,MCI,MO,ACE,CE,Combined TRACON& Tower with Radar,245,10,16,0,271,0,0,6,1,7,245,10,22,1,278,0,0,0,278
08/05/2021,MCI,MO,ACE,CE,Combined TRACON& Tower with Radar,259,4,6,0,269,0,0,0,0,0,259,4,6,0,269,0,0,0,269
08/06/2021,MCI,MO,ACE,CE,Combined TRACON& Tower with Radar,259,5,0,2,266,0,0,9,0,9,259,5,9,2,275,6,0,6,281
08/07/2021,MCI,MO,ACE,CE,Combined TRACON& Tower with Radar,251,1,0,0,252,0,0,2,0,2,251,1,2,0,254,0,0,0,254
08/08/2021,MCI,MO,ACE,CE,Combined TRACON& Tower with Radar,274,1,2,0,277,0,0,4,0,4,274,1,6,0,281,0,0,0,281
08/09/2021,MCI,MO,ACE,CE,Combined TRACON& Tower with Radar,259,0,8,2,269,0,2,5,0,7,259,2,13,2,276,0,0,0,276
08/10/2021,MCI,MO,ACE,CE,Combined TRACON& Tower with Radar,257,3,4,0,264,0,0,2,0,2,257,3,6,0,266,0,0,0,266
08/11/2021,MCI,MO,ACE,CE,Combined TRACON& Tower with Radar,255,10,5,2,272,0,2,1,0,3,255,12,6,2,275,0,0,0,275
08/12/2021,MCI,MO,ACE,CE,Combined TRACON& Tower with Radar,240,4,8,2,254,0,0,6,0,6,240,4,14,2,260,0,0,0,260
08/13/2021,MCI,MO,ACE,CE,Combined TRACON& Tower with Radar,284,1,7,0,292,0,0,2,0,2,284,1,9,0,294,0,0,0,294
08/14/2021,MCI,MO,ACE,CE,Combined TRACON& Tower with Radar,251,2,5,0,258,0,0,4,0,4,251,2,9,0,262,0,0,0,262
08/15/2021,MCI,MO,ACE,CE,Combined TRACON& Tower with Radar,268,2,3,0,273,0,0,3,0,3,268,2,6,0,276,4,0,4,280
08/16/2021,MCI,MO,ACE,CE,Combined TRACON& Tower with Radar,263,5,7,4,279,0,0,7,0,7,263,5,14,4,286,12,0,12,298
08/17/2021,MCI,MO,ACE,CE,Combined TRACON& Tower with Radar,249,5,2,2,258,0,2,5,2,9,249,7,7,4,267,0,0,0,267
08/18/2021,MCI,MO,ACE,CE,Combined TRACON& Tower with Radar,245,2,8,0,255,0,0,2,0,2,245,2,10,0,257,0,0,0,257
08/19/2021,MCI,MO,ACE,CE,Combined TRACON& Tower with Radar,264,7,3,0,274,0,0,1,2,3,264,7,4,2,277,0,0,0,277
08/20/2021,MCI,MO,ACE,CE,Combined TRACON& Tower with Radar,245,2,10,2,259,0,0,9,0,9,245,2,19,2,268,10,0,10,278
08/21/2021,MCI,MO,ACE,CE,Combined TRACON& Tower with Radar,263,0,0,0,263,0,0,6,0,6,263,0,6,0,269,0,0,0,269
08/22/2021,MCI,MO,ACE,CE,Combined TRACON& Tower with Radar,262,2,9,0,273,0,0,2,1,3,262,2,11,1,276,0,0,0,276
08/23/2021,MCI,MO,ACE,CE,Combined TRACON& Tower with Radar,261,1,3,4,269,0,1,4,0,5,261,2,7,4,274,0,0,0,274
08/24/2021,MCI,MO,ACE,CE,Combined TRACON& Tower with Radar,257,7,10,2,276,0,0,2,0,2,257,7,12,2,278,0,0,0,278
08/25/2021,MCI,MO,ACE,CE,Combined TRACON& Tower with Radar,248,4,15,4,271,0,3,7,4,14,248,7,22,8,285,6,0,6,291
08/26/2021,MCI,MO,ACE,CE,Combined TRACON& Tower with Radar,266,4,2,0,272,0,4,4,2,10,266,8,6,2,282,0,0,0,282
08/27/2021,MCI,MO,ACE,CE,Combined TRACON& Tower with Radar,262,3,10,12,287,0,1,1,0,2,262,4,11,12,289,0,0,0,289
08/28/2021,MCI,MO,ACE,CE,Combined TRACON& Tower with Radar,256,9,0,2,267,0,0,4,0,4,256,9,4,2,271,0,0,0,271
08/29/2021,MCI,MO,ACE,CE,Combined TRACON& Tower with Radar,259,4,8,0,271,0,0,1,0,1,259,4,9,0,272,0,0,0,272
08/30/2021,MCI,MO,ACE,CE,Combined TRACON& Tower with Radar,262,10,5,2,279,0,0,0,0,0,262,10,5,2,279,0,0,0,279
08/31/2021,MCI,MO,ACE,CE,Combined TRACON& Tower with Radar,256,2,8,0,266,0,2,2,0,4,256,4,10,0,270,0,0,0,270
09/01/2021,MCI,MO,ACE,CE,Combined TRACON& Tower with Radar,249,5,3,0,257,0,3,2,0,5,249,8,5,0,262,0,0,0,262
09/02/2021,MCI,MO,ACE,CE,Combined TRACON& Tower with Radar,269,0,4,2,275,0,0,2,0,2,269,0,6,2,277,0,0,0,277
09/03/2021,MCI,MO,ACE,CE,Combined TRACON& Tower with Radar,263,4,3,2,272,0,0,0,0,0,263,4,3,2,272,0,0,0,272
09/04/2021,MCI,MO,ACE,CE,Combined TRACON& Tower with Radar,242,2,2,1,247,0,0,0,0,0,242,2,2,1,247,0,0,0,247
09/05/2021,MCI,MO,ACE,CE,Combined TRACON& Tower with Radar,231,2,0,2,235,0,0,3,0,3,231,2,3,2,238,0,0,0,238
09/06/2021,MCI,MO,ACE,CE,Combined TRACON& Tower with Radar,236,4,6,1,247,0,0,4,0,4,236,4,10,1,251,0,0,0,251
09/07/2021,MCI,MO,ACE,CE,Combined TRACON& Tower with Radar,230,13,9,1,253,0,2,9,0,11,230,15,18,1,264,0,0,0,264
09/08/2021,MCI,MO,ACE,CE,Combined TRACON& Tower with Radar,235,5,6,2,248,0,0,3,0,3,235,5,9,2,251,0,0,0,251
09/09/2021,MCI,MO,ACE,CE,Combined TRACON& Tower with Radar,269,6,11,3,289,0,2,7,1,10,269,8,18,4,299,0,0,0,299
09/10/2021,MCI,MO,ACE,CE,Combined TRACON& Tower with Radar,262,3,6,0,271,0,6,6,0,12,262,9,12,0,283,0,0,0,283
09/11/2021,MCI,MO,ACE,CE,Combined TRACON& Tower with Radar,221,4,5,2,232,0,0,3,25,28,221,4,8,27,260,0,0,0,260
09/12/2021,MCI,MO,ACE,CE,Combined TRACON& Tower with Radar,260,4,2,0,266,0,2,3,0,5,260,6,5,0,271,0,0,0,271
09/13/2021,MCI,MO,ACE,CE,Combined TRACON& Tower with Radar,260,9,8,2,279,0,2,4,2,8,260,11,12,4,287,0,0,0,287
09/14/2021,MCI,MO,ACE,CE,Combined TRACON& Tower with Radar,244,4,6,0,254,0,2,1,2,5,244,6,7,2,259,0,0,0,259
09/15/2021,MCI,MO,ACE,CE,Combined TRACON& Tower with Radar,248,4,2,1,255,0,2,0,0,2,248,6,2,1,257,0,0,0,257
09/16/2021,MCI,MO,ACE,CE,Combined TRACON& Tower with Radar,276,4,0,3,283,0,4,11,2,17,276,8,11,5,300,0,0,0,300
09/17/2021,MCI,MO,ACE,CE,Combined TRACON& Tower with Radar,273,7,6,2,288,0,0,3,0,3,273,7,9,2,291,0,0,0,291
09/18/2021,MCI,MO,ACE,CE,Combined TRACON& Tower with Radar,215,4,9,0,228,0,0,11,0,11,215,4,20,0,239,0,0,0,239
09/19/2021,MCI,MO,ACE,CE,Combined TRACON& Tower with Radar,255,6,8,0,269,0,2,3,0,5,255,8,11,0,274,0,0,0,274
09/20/2021,MCI,MO,ACE,CE,Combined TRACON& Tower with Radar,268,3,10,0,281,0,0,3,0,3,268,3,13,0,284,0,0,0,284
09/21/2021,MCI,MO,ACE,CE,Combined TRACON& Tower with Radar,245,8,16,4,273,0,0,0,0,0,245,8,16,4,273,0,0,0,273
09/22/2021,MCI,MO,ACE,CE,Combined TRACON& Tower with Radar,248,10,9,2,269,0,2,2,0,4,248,12,11,2,273,0,0,0,273
09/23/2021,MCI,MO,ACE,CE,Combined TRACON& Tower with Radar,272,5,2,4,283,0,0,4,0,4,272,5,6,4,287,0,0,0,287
09/24/2021,MCI,MO,ACE,CE,Combined TRACON& Tower with Radar,270,1,8,4,283,0,0,2,0,2,270,1,10,4,285,0,0,0,285
09/25/2021,MCI,MO,ACE,CE,Combined TRACON& Tower with Radar,224,0,1,0,225,0,0,0,0,0,224,0,1,0,225,0,0,0,225
09/26/2021,MCI,MO,ACE,CE,Combined TRACON& Tower with Radar,259,2,9,0,270,0,0,14,0,14,259,2,23,0,284,4,0,4,288
09/27/2021,MCI,MO,ACE,CE,Combined TRACON& Tower with Radar,264,1,8,2,275,0,0,2,2,4,264,1,10,4,279,0,0,0,279
09/28/2021,MCI,MO,ACE,CE,Combined TRACON& Tower with Radar,238,6,10,0,254,0,6,14,1,21,238,12,24,1,275,0,0,0,275
09/29/2021,MCI,MO,ACE,CE,Combined TRACON& Tower with Radar,247,4,6,2,259,0,0,0,1,1,247,4,6,3,260,0,0,0,260
09/30/2021,MCI,MO,ACE,CE,Combined TRACON& Tower with Radar,273,10,10,6,299,0,0,0,0,0,273,10,10,6,299,0,0,0,299
10/01/2021,MCI,MO,ACE,CE,Combined TRACON& Tower with Radar,265,5,6,2,278,0,0,4,0,4,265,5,10,2,282,12,0,12,294
10/02/2021,MCI,MO,ACE,CE,Combined TRACON& Tower with Radar,220,4,3,0,227,0,0,0,0,0,220,4,3,0,227,0,0,0,227
10/03/2021,MCI,MO,ACE,CE,Combined TRACON& Tower with Radar,257,9,3,0,269,0,0,0,0,0,257,9,3,0,269,0,0,0,269
10/04/2021,MCI,MO,ACE,CE,Combined TRACON& Tower with Radar,264,3,6,2,275,0,0,2,0,2,264,3,8,2,277,0,0,0,277
10/05/2021,MCI,MO,ACE,CE,Combined TRACON& Tower with Radar,241,6,0,6,253,0,0,2,0,2,241,6,2,6,255,0,0,0,255
10/06/2021,MCI,MO,ACE,CE,Combined TRACON& Tower with Radar,252,12,3,4,271,0,0,1,0,1,252,12,4,4,272,0,0,0,272
10/07/2021,MCI,MO,ACE,CE,Combined TRACON& Tower with Radar,269,11,8,0,288,0,0,10,0,10,269,11,18,0,298,0,0,0,298
10/08/2021,MCI,MO,ACE,CE,Combined TRACON& Tower with Radar,278,5,6,2,291,0,0,1,0,1,278,5,7,2,292,0,0,0,292
10/09/2021,MCI,MO,ACE,CE,Combined TRACON& Tower with Radar,208,4,4,0,216,0,0,0,0,0,208,4,4,0,216,0,0,0,216
10/10/2021,MCI,MO,ACE,CE,Combined TRACON& Tower with Radar,232,4,10,0,246,0,0,0,0,0,232,4,10,0,246,0,0,0,246
10/11/2021,MCI,MO,ACE,CE,Combined TRACON& Tower with Radar,263,9,10,0,282,0,2,0,0,2,263,11,10,0,284,0,0,0,284
10/12/2021,MCI,MO,ACE,CE,Combined TRACON& Tower with Radar,242,12,3,6,263,0,0,0,1,1,242,12,3,7,264,0,0,0,264
10/13/2021,MCI,MO,ACE,CE,Combined TRACON& Tower with Radar,246,4,10,0,260,0,0,6,0,6,246,4,16,0,266,0,0,0,266
10/14/2021,MCI,MO,ACE,CE,Combined TRACON& Tower with Radar,272,11,5,4,292,0,0,4,0,4,272,11,9,4,296,0,0,0,296
10/15/2021,MCI,MO,ACE,CE,Combined TRACON& Tower with Radar,270,5,12,2,289,0,0,0,0,0,270,5,12,2,289,0,0,0,289
10/16/2021,MCI,MO,ACE,CE,Combined TRACON& Tower with Radar,244,0,2,0,246,0,0,1,0,1,244,0,3,0,247,0,0,0,247
10/17/2021,MCI,MO,ACE,CE,Combined TRACON& Tower with Radar,267,10,7,0,284,0,2,8,3,13,267,12,15,3,297,0,0,0,297
10/18/2021,MCI,MO,ACE,CE,Combined TRACON& Tower with Radar,273,7,9,1,290,0,0,4,1,5,273,7,13,2,295,0,0,0,295
10/19/2021,MCI,MO,ACE,CE,Combined TRACON& Tower with Radar,246,4,3,2,255,0,0,1,1,2,246,4,4,3,257,0,0,0,257
10/20/2021,MCI,MO,ACE,CE,Combined TRACON& Tower with Radar,252,9,9,0,270,0,0,3,3,6,252,9,12,3,276,0,0,0,276
10/21/2021,MCI,MO,ACE,CE,Combined TRACON& Tower with Radar,272,6,10,2,290,0,0,0,2,2,272,6,10,4,292,0,0,0,292
10/22/2021,MCI,MO,ACE,CE,Combined TRACON& Tower with Radar,264,8,21,3,296,0,0,8,0,8,264,8,29,3,304,0,0,0,304
10/23/2021,MCI,MO,ACE,CE,Combined TRACON& Tower with Radar,246,9,17,0,272,0,0,2,0,2,246,9,19,0,274,0,0,0,274
10/24/2021,MCI,MO,ACE,CE,Combined TRACON& Tower with Radar,256,7,17,0,280,0,0,0,0,0,256,7,17,0,280,0,0,0,280
10/25/2021,MCI,MO,ACE,CE,Combined TRACON& Tower with Radar,272,6,8,0,286,0,0,0,0,0,272,6,8,0,286,0,0,0,286
10/26/2021,MCI,MO,ACE,CE,Combined TRACON& Tower with Radar,255,12,6,8,281,0,0,0,0,0,255,12,6,8,281,0,0,0,281
10/27/2021,MCI,MO,ACE,CE,Combined TRACON& Tower with Radar,251,9,6,0,266,0,0,0,0,0,251,9,6,0,266,0,0,0,266
10/28/2021,MCI,MO,ACE,CE,Combined TRACON& Tower with Radar,264,5,17,1,287,0,0,0,0,0,264,5,17,1,287,0,0,0,287
10/29/2021,MCI,MO,ACE,CE,Combined TRACON& Tower with Radar,273,10,6,4,293,0,0,0,0,0,273,10,6,4,293,0,0,0,293
10/30/2021,MCI,MO,ACE,CE,Combined TRACON& Tower with Radar,228,7,0,0,235,0,2,0,0,2,228,9,0,0,237,0,0,0,237
10/31/2021,MCI,MO,ACE,CE,Combined TRACON& Tower with Radar,239,6,3,0,248,0,0,2,1,3,239,6,5,1,251,0,0,0,251
11/01/2021,MCI,MO,ACE,CE,Combined TRACON& Tower with Radar,255,4,4,0,263,0,0,0,0,0,255,4,4,0,263,0,0,0,263
11/02/2021,MCI,MO,ACE,CE,Combined TRACON& Tower with Radar,244,7,6,0,257,0,0,2,0,2,244,7,8,0,259,0,0,0,259
11/03/2021,MCI,MO,ACE,CE,Combined TRACON& Tower with Radar,248,10,6,4,268,0,3,1,0,4,248,13,7,4,272,8,0,8,280
11/04/2021,MCI,MO,ACE,CE,Combined TRACON& Tower with Radar,270,9,18,4,301,0,1,14,2,17,270,10,32,6,318,12,0,12,330
11/05/2021,MCI,MO,ACE,CE,Combined TRACON& Tower with Radar,276,10,2,1,289,0,0,3,0,3,276,10,5,1,292,0,0,0,292
11/06/2021,MCI,MO,ACE,CE,Combined TRACON& Tower with Radar,234,20,1,0,255,0,0,10,0,10,234,20,11,0,265,0,0,0,265
11/07/2021,MCI,MO,ACE,CE,Combined TRACON& Tower with Radar,262,6,8,0,276,0,0,2,0,2,262,6,10,0,278,0,0,0,278
11/08/2021,MCI,MO,ACE,CE,Combined TRACON& Tower with Radar,283,7,9,0,299,0,2,5,0,7,283,9,14,0,306,0,0,0,306
11/09/2021,MCI,MO,ACE,CE,Combined TRACON& Tower with Radar,250,16,9,10,285,0,2,5,0,7,250,18,14,10,292,0,14,14,306
11/10/2021,MCI,MO,ACE,CE,Combined TRACON& Tower with Radar,244,20,13,2,279,0,0,0,0,0,244,20,13,2,279,0,0,0,279
11/11/2021,MCI,MO,ACE,CE,Combined TRACON& Tower with Radar,283,11,4,0,298,0,0,2,0,2,283,11,6,0,300,0,0,0,300
11/12/2021,MCI,MO,ACE,CE,Combined TRACON& Tower with Radar,282,12,6,4,304,0,0,2,0,2,282,12,8,4,306,0,0,0,306
11/13/2021,MCI,MO,ACE,CE,Combined TRACON& Tower with Radar,206,12,3,0,221,0,0,3,0,3,206,12,6,0,224,0,0,0,224
11/14/2021,MCI,MO,ACE,CE,Combined TRACON& Tower with Radar,261,10,2,0,273,0,0,3,2,5,261,10,5,2,278,0,0,0,278
11/15/2021,MCI,MO,ACE,CE,Combined TRACON& Tower with Radar,282,5,3,0,290,0,0,5,0,5,282,5,8,0,295,0,0,0,295
11/16/2021,MCI,MO,ACE,CE,Combined TRACON& Tower with Radar,256,10,5,4,275,0,0,14,6,20,256,10,19,10,295,16,0,16,311
11/17/2021,MCI,MO,ACE,CE,Combined TRACON& Tower with Radar,259,9,4,9,281,0,0,0,3,3,259,9,4,12,284,0,0,0,284
11/18/2021,MCI,MO,ACE,CE,Combined TRACON& Tower with Radar,285,9,10,19,323,0,0,3,3,6,285,9,13,22,329,0,4,4,333
11/19/2021,MCI,MO,ACE,CE,Combined TRACON& Tower with Radar,277,14,2,6,299,0,0,2,0,2,277,14,4,6,301,0,0,0,301
11/20/2021,MCI,MO,ACE,CE,Combined TRACON& Tower with Radar,257,8,6,0,271,0,0,7,2,9,257,8,13,2,280,0,0,0,280
11/21/2021,MCI,MO,ACE,CE,Combined TRACON& Tower with Radar,260,10,9,0,279,0,0,2,0,2,260,10,11,0,281,0,0,0,281
11/22/2021,MCI,MO,ACE,CE,Combined TRACON& Tower with Radar,272,3,9,0,284,0,0,9,0,9,272,3,18,0,293,4,0,4,297
11/23/2021,MCI,MO,ACE,CE,Combined TRACON& Tower with Radar,287,14,7,1,309,0,0,0,3,3,287,14,7,4,312,0,0,0,312
11/24/2021,MCI,MO,ACE,CE,Combined TRACON& Tower with Radar,292,3,4,20,319,0,0,11,0,11,292,3,15,20,330,0,0,0,330
11/25/2021,MCI,MO,ACE,CE,Combined TRACON& Tower with Radar,171,3,1,0,175,0,0,3,0,3,171,3,4,0,178,0,0,0,178
11/26/2021,MCI,MO,ACE,CE,Combined TRACON& Tower with Radar,212,6,3,0,221,0,0,2,0,2,212,6,5,0,223,0,0,0,223
11/27/2021,MCI,MO,ACE,CE,Combined TRACON& Tower with Radar,228,4,7,0,239,0,0,2,0,2,228,4,9,0,241,0,0,0,241
11/28/2021,MCI,MO,ACE,CE,Combined TRACON& Tower with Radar,274,2,8,0,284,0,0,1,0,1,274,2,9,0,285,0,0,0,285
11/29/2021,MCI,MO,ACE,CE,Combined TRACON& Tower with Radar,286,7,6,0,299,0,0,2,0,2,286,7,8,0,301,0,0,0,301
11/30/2021,MCI,MO,ACE,CE,Combined TRACON& Tower with Radar,286,2,5,2,295,0,0,11,1,12,286,2,16,3,307,0,0,0,307
12/01/2021,MCI,MO,ACE,CE,Combined TRACON& Tower with Radar,257,6,10,2,275,0,0,7,0,7,257,6,17,2,282,0,0,0,282
12/02/2021,MCI,MO,ACE,CE,Combined TRACON& Tower with Radar,271,12,4,2,289,0,2,1,5,8,271,14,5,7,297,0,0,0,297
12/03/2021,MCI,MO,ACE,CE,Combined TRACON& Tower with Radar,270,17,5,7,299,0,0,4,2,6,270,17,9,9,305,0,0,0,305
12/04/2021,MCI,MO,ACE,CE,Combined TRACON& Tower with Radar,222,6,0,2,230,0,0,8,0,8,222,6,8,2,238,0,0,0,238
12/05/2021,MCI,MO,ACE,CE,Combined TRACON& Tower with Radar,247,11,4,1,263,0,0,1,0,1,247,11,5,1,264,0,0,0,264
12/06/2021,MCI,MO,ACE,CE,Combined TRACON& Tower with Radar,255,10,5,0,270,0,0,5,1,6,255,10,10,1,276,0,0,0,276
12/07/2021,MCI,MO,ACE,CE,Combined TRACON& Tower with Radar,254,12,11,4,281,0,2,0,2,4,254,14,11,6,285,0,0,0,285
12/08/2021,MCI,MO,ACE,CE,Combined TRACON& Tower with Radar,262,9,12,3,286,0,2,2,2,6,262,11,14,5,292,0,0,0,292
12/09/2021,MCI,MO,ACE,CE,Combined TRACON& Tower with Radar,272,16,5,1,294,0,0,6,0,6,272,16,11,1,300,0,0,0,300
12/10/2021,MCI,MO,ACE,CE,Combined TRACON& Tower with Radar,279,8,6,7,300,0,0,4,0,4,279,8,10,7,304,0,0,0,304
12/11/2021,MCI,MO,ACE,CE,Combined TRACON& Tower with Radar,216,9,4,1,230,0,0,2,1,3,216,9,6,2,233,0,0,0,233
12/12/2021,MCI,MO,ACE,CE,Combined TRACON& Tower with Radar,249,11,9,1,270,0,0,2,2,4,249,11,11,3,274,0,0,0,274
12/13/2021,MCI,MO,ACE,CE,Combined TRACON& Tower with Radar,260,3,6,1,270,0,0,1,0,1,260,3,7,1,271,0,0,0,271
12/14/2021,MCI,MO,ACE,CE,Combined TRACON& Tower with Radar,254,8,14,2,278,0,0,4,0,4,254,8,18,2,282,0,0,0,282
12/15/2021,MCI,MO,ACE,CE,Combined TRACON& Tower with Radar,250,8,7,4,269,0,0,0,0,0,250,8,7,4,269,0,0,0,269
12/16/2021,MCI,MO,ACE,CE,Combined TRACON& Tower with Radar,283,8,7,4,302,0,0,2,0,2,283,8,9,4,304,4,0,4,308
12/17/2021,MCI,MO,ACE,CE,Combined TRACON& Tower with Radar,278,4,7,4,293,0,0,0,2,2,278,4,7,6,295,0,0,0,295
12/18/2021,MCI,MO,ACE,CE,Combined TRACON& Tower with Radar,246,4,3,2,255,0,0,0,0,0,246,4,3,2,255,0,0,0,255
12/19/2021,MCI,MO,ACE,CE,Combined TRACON& Tower with Radar,240,2,5,1,248,0,0,0,0,0,240,2,5,1,248,0,0,0,248
12/20/2021,MCI,MO,ACE,CE,Combined TRACON& Tower with Radar,246,9,0,2,257,0,0,4,0,4,246,9,4,2,261,0,0,0,261
12/21/2021,MCI,MO,ACE,CE,Combined TRACON& Tower with Radar,266,16,5,1,288,0,0,0,3,3,266,16,5,4,291,0,6,6,297
12/22/2021,MCI,MO,ACE,CE,Combined TRACON& Tower with Radar,269,12,7,9,297,0,0,4,3,7,269,12,11,12,304,0,0,0,304
12/23/2021,MCI,MO,ACE,CE,Combined TRACON& Tower with Radar,269,12,2,0,283,0,0,10,0,10,269,12,12,0,293,4,0,4,297
12/24/2021,MCI,MO,ACE,CE,Combined TRACON& Tower with Radar,195,6,3,0,204,0,0,2,0,2,195,6,5,0,206,0,0,0,206
12/25/2021,MCI,MO,ACE,CE,Combined TRACON& Tower with Radar,174,6,0,0,180,0,0,2,0,2,174,6,2,0,182,0,0,0,182
12/26/2021,MCI,MO,ACE,CE,Combined TRACON& Tower with Radar,220,11,8,1,240,0,0,2,0,2,220,11,10,1,242,0,0,0,242
12/27/2021,MCI,MO,ACE,CE,Combined TRACON& Tower with Radar,239,5,3,2,249,0,0,3,3,6,239,5,6,5,255,0,6,6,261
12/28/2021,MCI,MO,ACE,CE,Combined TRACON& Tower with Radar,252,7,6,0,265,0,0,0,0,0,252,7,6,0,265,0,0,0,265
12/29/2021,MCI,MO,ACE,CE,Combined TRACON& Tower with Radar,257,14,4,0,275,0,0,0,0,0,257,14,4,0,275,0,0,0,275
12/30/2021,MCI,MO,ACE,CE,Combined TRACON& Tower with Radar,266,10,10,0,286,0,0,15,0,15,266,10,25,0,301,30,0,30,331
12/31/2021,MCI,MO,ACE,CE,Combined TRACON& Tower with Radar,182,9,1,0,192,0,0,2,0,2,182,9,3,0,194,0,0,0,194
01/01/2022,MCI,MO,ACE,CE,Combined TRACON& Tower with Radar,154,5,1,0,160,0,0,0,0,0,154,5,1,0,160,0,0,0,160
01/02/2022,MCI,MO,ACE,CE,Combined TRACON& Tower with Radar,199,7,8,0,214,0,0,1,0,1,199,7,9,0,215,0,0,0,215
01/03/2022,MCI,MO,ACE,CE,Combined TRACON& Tower with Radar,217,3,3,2,225,0,0,1,3,4,217,3,4,5,229,0,0,0,229
01/04/2022,MCI,MO,ACE,CE,Combined TRACON& Tower with Radar,228,1,8,0,237,0,0,4,0,4,228,1,12,0,241,0,0,0,241
01/05/2022,MCI,MO,ACE,CE,Combined TRACON& Tower with Radar,211,14,6,6,237,0,0,0,6,6,211,14,6,12,243,0,0,0,243
01/06/2022,MCI,MO,ACE,CE,Combined TRACON& Tower with Radar,222,9,1,0,232,0,1,0,0,1,222,10,1,0,233,0,0,0,233
01/07/2022,MCI,MO,ACE,CE,Combined TRACON& Tower with Radar,230,8,10,4,252,0,1,2,0,3,230,9,12,4,255,0,0,0,255
01/08/2022,MCI,MO,ACE,CE,Combined TRACON& Tower with Radar,185,2,4,0,191,0,0,0,0,0,185,2,4,0,191,0,0,0,191
01/09/2022,MCI,MO,ACE,CE,Combined TRACON& Tower with Radar,230,0,3,0,233,0,2,3,0,5,230,2,6,0,238,0,0,0,238
01/10/2022,MCI,MO,ACE,CE,Combined TRACON& Tower with Radar,235,9,5,8,257,0,1,0,2,3,235,10,5,10,260,0,0,0,260
01/11/2022,MCI,MO,ACE,CE,Combined TRACON& Tower with Radar,222,8,8,0,238,0,0,6,0,6,222,8,14,0,244,0,0,0,244
01/12/2022,MCI,MO,ACE,CE,Combined TRACON& Tower with Radar,227,4,7,9,247,0,1,10,2,13,227,5,17,11,260,4,0,4,264
01/13/2022,MCI,MO,ACE,CE,Combined TRACON& Tower with Radar,247,12,5,2,266,0,0,2,2,4,247,12,7,4,270,0,0,0,270
01/14/2022,MCI,MO,ACE,CE,Combined TRACON& Tower with Radar,255,6,2,1,264,0,0,0,0,0,255,6,2,1,264,0,0,0,264
01/15/2022,MCI,MO,ACE,CE,Combined TRACON& Tower with Radar,183,6,4,0,193,0,0,0,0,0,183,6,4,0,193,0,0,0,193
01/16/2022,MCI,MO,ACE,CE,Combined TRACON& Tower with Radar,197,8,11,0,216,0,0,0,0,0,197,8,11,0,216,0,0,0,216
01/17/2022,MCI,MO,ACE,CE,Combined TRACON& Tower with Radar,233,5,8,0,246,0,0,8,0,8,233,5,16,0,254,4,0,4,258
01/18/2022,MCI,MO,ACE,CE,Combined TRACON& Tower with Radar,243,5,0,0,248,0,1,0,0,1,243,6,0,0,249,0,0,0,249
01/19/2022,MCI,MO,ACE,CE,Combined TRACON& Tower with Radar,235,2,10,6,253,0,0,3,6,9,235,2,13,12,262,0,6,6,268
01/20/2022,MCI,MO,ACE,CE,Combined TRACON& Tower with Radar,257,11,9,3,280,0,0,0,2,2,257,11,9,5,282,0,0,0,282
01/21/2022,MCI,MO,ACE,CE,Combined TRACON& Tower with Radar,258,7,0,0,265,0,0,0,0,0,258,7,0,0,265,0,0,0,265
01/22/2022,MCI,MO,ACE,CE,Combined TRACON& Tower with Radar,208,11,6,0,225,0,0,1,0,1,208,11,7,0,226,0,0,0,226
01/23/2022,MCI,MO,ACE,CE,Combined TRACON& Tower with Radar,243,4,8,2,257,0,0,1,0,1,243,4,9,2,258,0,0,0,258
01/24/2022,MCI,MO,ACE,CE,Combined TRACON& Tower with Radar,251,2,3,4,260,0,0,0,0,0,251,2,3,4,260,0,0,0,260
01/25/2022,MCI,MO,ACE,CE,Combined TRACON& Tower with Radar,240,6,7,1,254,0,0,3,1,4,240,6,10,2,258,0,0,0,258
01/26/2022,MCI,MO,ACE,CE,Combined TRACON& Tower with Radar,237,13,8,0,258,10,0,4,0,14,247,13,12,0,272,0,0,0,272
01/27/2022,MCI,MO,ACE,CE,Combined TRACON& Tower with Radar,263,3,8,8,282,0,0,0,1,1,263,3,8,9,283,0,0,0,283
01/28/2022,MCI,MO,ACE,CE,Combined TRACON& Tower with Radar,245,4,6,2,257,0,0,2,0,2,245,4,8,2,259,0,0,0,259
01/29/2022,MCI,MO,ACE,CE,Combined TRACON& Tower with Radar,196,9,7,0,212,0,1,7,0,8,196,10,14,0,220,0,0,0,220
01/30/2022,MCI,MO,ACE,CE,Combined TRACON& Tower with Radar,229,19,16,0,264,0,0,0,0,0,229,19,16,0,264,0,0,0,264
01/31/2022,MCI,MO,ACE,CE,Combined TRACON& Tower with Radar,255,6,2,10,273,0,0,0,1,1,255,6,2,11,274,0,0,0,274
02/01/2022,MCI,MO,ACE,CE,Combined TRACON& Tower with Radar,224,6,5,0,235,0,0,1,0,1,224,6,6,0,236,0,0,0,236
02/02/2022,MCI,MO,ACE,CE,Combined TRACON& Tower with Radar,175,10,6,0,191,0,0,0,0,0,175,10,6,0,191,0,0,0,191
02/03/2022,MCI,MO,ACE,CE,Combined TRACON& Tower with Radar,199,21,2,4,226,0,0,0,0,0,199,21,2,4,226,0,0,0,226
02/04/2022,MCI,MO,ACE,CE,Combined TRACON& Tower with Radar,226,14,5,2,247,0,0,5,0,5,226,14,10,2,252,0,0,0,252
02/05/2022,MCI,MO,ACE,CE,Combined TRACON& Tower with Radar,201,5,2,0,208,0,0,4,0,4,201,5,6,0,212,0,0,0,212
02/06/2022,MCI,MO,ACE,CE,Combined TRACON& Tower with Radar,238,3,6,1,248,0,0,2,1,3,238,3,8,2,251,0,0,0,251
02/07/2022,MCI,MO,ACE,CE,Combined TRACON& Tower with Radar,263,6,6,1,276,0,0,0,1,1,263,6,6,2,277,0,0,0,277
02/08/2022,MCI,MO,ACE,CE,Combined TRACON& Tower with Radar,242,9,4,0,255,0,0,2,0,2,242,9,6,0,257,0,0,0,257
02/09/2022,MCI,MO,ACE,CE,Combined TRACON& Tower with Radar,246,5,3,6,260,0,0,0,0,0,246,5,3,6,260,0,0,0,260
02/10/2022,MCI,MO,ACE,CE,Combined TRACON& Tower with Radar,267,13,2,0,282,0,0,1,0,1,267,13,3,0,283,0,0,0,283
02/11/2022,MCI,MO,ACE,CE,Combined TRACON& Tower with Radar,254,18,4,5,281,0,0,0,2,2,254,18,4,7,283,0,0,0,283
02/12/2022,MCI,MO,ACE,CE,Combined TRACON& Tower with Radar,215,6,1,0,222,0,0,4,0,4,215,6,5,0,226,0,0,0,226
02/13/2022,MCI,MO,ACE,CE,Combined TRACON& Tower with Radar,228,4,8,0,240,0,0,2,0,2,228,4,10,0,242,0,0,0,242
02/14/2022,MCI,MO,ACE,CE,Combined TRACON& Tower with Radar,268,3,2,12,285,2,0,6,10,18,270,3,8,22,303,8,0,8,311
02/15/2022,MCI,MO,ACE,CE,Combined TRACON& Tower with Radar,245,7,11,6,269,0,0,0,2,2,245,7,11,8,271,0,0,0,271
02/16/2022,MCI,MO,ACE,CE,Combined TRACON& Tower with Radar,214,8,10,6,238,0,2,1,0,3,214,10,11,6,241,0,0,0,241
02/17/2022,MCI,MO,ACE,CE,Combined TRACON& Tower with Radar,176,22,18,0,216,0,0,0,0,0,176,22,18,0,216,0,0,0,216
02/18/2022,MCI,MO,ACE,CE,Combined TRACON& Tower with Radar,258,11,7,0,276,0,2,5,0,7,258,13,12,0,283,0,0,0,283
02/19/2022,MCI,MO,ACE,CE,Combined TRACON& Tower with Radar,213,10,0,0,223,0,0,2,0,2,213,10,2,0,225,0,0,0,225
02/20/2022,MCI,MO,ACE,CE,Combined TRACON& Tower with Radar,242,10,7,0,259,0,0,1,0,1,242,10,8,0,260,0,0,0,260
02/21/2022,MCI,MO,ACE,CE,Combined TRACON& Tower with Radar,261,9,7,0,277,0,0,11,0,11,261,9,18,0,288,8,0,8,296
02/22/2022,MCI,MO,ACE,CE,Combined TRACON& Tower with Radar,245,7,5,0,257,0,0,0,0,0,245,7,5,0,257,0,0,0,257
02/23/2022,MCI,MO,ACE,CE,Combined TRACON& Tower with Radar,235,8,7,0,250,0,0,0,0,0,235,8,7,0,250,0,0,0,250
02/24/2022,MCI,MO,ACE,CE,Combined TRACON& Tower with Radar,247,15,8,0,270,0,0,0,0,0,247,15,8,0,270,0,0,0,270
02/25/2022,MCI,MO,ACE,CE,Combined TRACON& Tower with Radar,257,9,7,2,275,0,0,2,0,2,257,9,9,2,277,0,0,0,277
02/26/2022,MCI,MO,ACE,CE,Combined TRACON& Tower with Radar,217,6,2,0,225,0,2,2,0,4,217,8,4,0,229,0,0,0,229
02/27/2022,MCI,MO,ACE,CE,Combined TRACON& Tower with Radar,255,1,3,0,259,0,0,5,0,5,255,1,8,0,264,0,0,0,264
02/28/2022,MCI,MO,ACE,CE,Combined TRACON& Tower with Radar,263,2,4,3,272,0,0,0,2,2,263,2,4,5,274,0,0,0,274
03/01/2022,MCI,MO,ACE,CE,Combined TRACON& Tower with Radar,253,6,6,2,267,0,0,4,2,6,253,6,10,4,273,0,0,0,273
03/02/2022,MCI,MO,ACE,CE,Combined TRACON& Tower with Radar,246,5,8,4,263,0,0,3,0,3,246,5,11,4,266,0,0,0,266
03/03/2022,MCI,MO,ACE,CE,Combined TRACON& Tower with Radar,274,8,9,11,302,0,0,0,0,0,274,8,9,11,302,0,0,0,302
03/04/2022,MCI,MO,ACE,CE,Combined TRACON& Tower with Radar,248,11,5,2,266,0,0,2,1,3,248,11,7,3,269,0,0,0,269
03/05/2022,MCI,MO,ACE,CE,Combined TRACON& Tower with Radar,203,6,4,0,213,0,0,0,0,0,203,6,4,0,213,0,0,0,213
03/06/2022,MCI,MO,ACE,CE,Combined TRACON& Tower with Radar,174,5,3,0,182,0,0,0,0,0,174,5,3,0,182,0,0,0,182
03/07/2022,MCI,MO,ACE,CE,Combined TRACON& Tower with Radar,263,8,8,0,279,0,0,0,2,2,263,8,8,2,281,0,0,0,281
03/08/2022,MCI,MO,ACE,CE,Combined TRACON& Tower with Radar,239,13,3,8,263,0,0,4,0,4,239,13,7,8,267,6,0,6,273
03/09/2022,MCI,MO,ACE,CE,Combined TRACON& Tower with Radar,243,12,3,2,260,0,2,2,3,7,243,14,5,5,267,0,0,0,267
03/10/2022,MCI,MO,ACE,CE,Combined TRACON& Tower with Radar,233,31,8,0,272,0,0,0,0,0,233,31,8,0,272,0,0,0,272
03/11/2022,MCI,MO,ACE,CE,Combined TRACON& Tower with Radar,252,6,6,2,266,0,0,2,0,2,252,6,8,2,268,2,0,2,270
03/12/2022,MCI,MO,ACE,CE,Combined TRACON& Tower with Radar,223,7,6,0,236,0,0,0,0,0,223,7,6,0,236,0,0,0,236
03/13/2022,MCI,MO,ACE,CE,Combined TRACON& Tower with Radar,252,3,4,0,259,0,0,1,0,1,252,3,5,0,260,0,0,0,260
03/14/2022,MCI,MO,ACE,CE,Combined TRACON& Tower with Radar,250,3,0,0,253,0,0,2,0,2,250,3,2,0,255,0,0,0,255
03/15/2022,MCI,MO,ACE,CE,Combined TRACON& Tower with Radar,245,4,5,0,254,0,0,2,0,2,245,4,7,0,256,0,0,0,256
03/16/2022,MCI,MO,ACE,CE,Combined TRACON& Tower with Radar,243,14,11,2,270,0,0,4,0,4,243,14,15,2,274,0,0,0,274
03/17/2022,MCI,MO,ACE,CE,Combined TRACON& Tower with Radar,252,14,6,4,276,0,0,0,5,5,252,14,6,9,281,0,0,0,281
03/18/2022,MCI,MO,ACE,CE,Combined TRACON& Tower with Radar,261,8,5,2,276,0,0,0,0,0,261,8,5,2,276,0,0,0,276
03/19/2022,MCI,MO,ACE,CE,Combined TRACON& Tower with Radar,232,17,4,0,253,0,1,2,0,3,232,18,6,0,256,0,0,0,256
03/20/2022,MCI,MO,ACE,CE,Combined TRACON& Tower with Radar,254,13,7,2,276,0,1,3,0,4,254,14,10,2,280,0,0,0,280
03/21/2022,MCI,MO,ACE,CE,Combined TRACON& Tower with Radar,254,11,3,4,272,0,0,1,0,1,254,11,4,4,273,0,0,0,273
03/22/2022,MCI,MO,ACE,CE,Combined TRACON& Tower with Radar,246,12,12,18,288,0,0,0,0,0,246,12,12,18,288,0,0,0,288
03/23/2022,MCI,MO,ACE,CE,Combined TRACON& Tower with Radar,246,14,6,1,267,0,0,0,0,0,246,14,6,1,267,0,0,0,267
03/24/2022,MCI,MO,ACE,CE,Combined TRACON& Tower with Radar,269,8,4,3,284,0,0,0,0,0,269,8,4,3,284,0,0,0,284
03/25/2022,MCI,MO,ACE,CE,Combined TRACON& Tower with Radar,276,9,5,2,292,1,0,2,0,3,277,9,7,2,295,0,0,0,295
03/26/2022,MCI,MO,ACE,CE,Combined TRACON& Tower with Radar,239,11,4,0,254,0,0,4,0,4,239,11,8,0,258,0,0,0,258
03/27/2022,MCI,MO,ACE,CE,Combined TRACON& Tower with Radar,255,8,4,0,267,0,0,2,0,2,255,8,6,0,269,0,0,0,269
03/28/2022,MCI,MO,ACE,CE,Combined TRACON& Tower with Radar,258,7,9,4,278,0,1,3,0,4,258,8,12,4,282,0,0,0,282
03/29/2022,MCI,MO,ACE,CE,Combined TRACON& Tower with Radar,244,13,8,0,265,0,1,1,0,2,244,14,9,0,267,0,0,0,267
03/30/2022,MCI,MO,ACE,CE,Combined TRACON& Tower with Radar,264,9,2,5,280,0,0,0,0,0,264,9,2,5,280,0,0,0,280
03/31/2022,MCI,MO,ACE,CE,Combined TRACON& Tower with Radar,272,20,4,2,298,0,0,8,0,8,272,20,12,2,306,4,0,4,310
04/01/2022,MCI,MO,ACE,CE,Combined TRACON& Tower with Radar,270,19,14,8,311,0,0,0,0,0,270,19,14,8,311,0,0,0,311
04/02/2022,MCI,MO,ACE,CE,Combined TRACON& Tower with Radar,220,3,4,0,227,0,0,1,4,5,220,3,5,4,232,0,0,0,232
04/03/2022,MCI,MO,ACE,CE,Combined TRACON& Tower with Radar,230,5,12,2,249,0,0,2,3,5,230,5,14,5,254,0,0,0,254
04/04/2022,MCI,MO,ACE,CE,Combined TRACON& Tower with Radar,259,8,11,2,280,0,0,1,0,1,259,8,12,2,281,0,0,0,281
04/05/2022,MCI,MO,ACE,CE,Combined TRACON& Tower with Radar,251,8,22,2,283,0,0,4,0,4,251,8,26,2,287,18,0,18,305
04/06/2022,MCI,MO,ACE,CE,Combined TRACON& Tower with Radar,253,11,14,1,279,0,0,6,3,9,253,11,20,4,288,4,0,4,292
04/07/2022,MCI,MO,ACE,CE,Combined TRACON& Tower with Radar,259,16,20,16,311,0,0,2,0,2,259,16,22,16,313,0,0,0,313
04/08/2022,MCI,MO,ACE,CE,Combined TRACON& Tower with Radar,253,10,8,6,277,0,0,0,0,0,253,10,8,6,277,0,0,0,277
04/09/2022,MCI,MO,ACE,CE,Combined TRACON& Tower with Radar,225,7,13,3,248,0,0,4,0,4,225,7,17,3,252,0,0,0,252
04/10/2022,MCI,MO,ACE,CE,Combined TRACON& Tower with Radar,244,7,6,0,257,0,0,2,0,2,244,7,8,0,259,0,0,0,259
04/11/2022,MCI,MO,ACE,CE,Combined TRACON& Tower with Radar,250,7,9,3,269,0,3,0,0,3,250,10,9,3,272,0,0,0,272
04/12/2022,MCI,MO,ACE,CE,Combined TRACON& Tower with Radar,264,5,3,0,272,0,0,0,0,0,264,5,3,0,272,0,0,0,272
04/13/2022,MCI,MO,ACE,CE,Combined TRACON& Tower with Radar,278,12,2,0,292,0,0,1,0,1,278,12,3,0,293,0,0,0,293
04/14/2022,MCI,MO,ACE,CE,Combined TRACON& Tower with Radar,271,13,9,4,297,0,4,7,18,29,271,17,16,22,326,0,0,0,326
04/15/2022,MCI,MO,ACE,CE,Combined TRACON& Tower with Radar,263,2,4,0,269,0,0,6,3,9,263,2,10,3,278,4,0,4,282
04/16/2022,MCI,MO,ACE,CE,Combined TRACON& Tower with Radar,211,2,0,0,213,0,0,5,0,5,211,2,5,0,218,0,0,0,218
04/17/2022,MCI,MO,ACE,CE,Combined TRACON& Tower with Radar,239,4,2,0,245,0,0,0,0,0,239,4,2,0,245,0,0,0,245
04/18/2022,MCI,MO,ACE,CE,Combined TRACON& Tower with Radar,256,3,6,2,267,0,0,2,0,2,256,3,8,2,269,0,0,0,269
04/19/2022,MCI,MO,ACE,CE,Combined TRACON& Tower with Radar,258,4,6,7,275,0,0,4,3,7,258,4,10,10,282,0,0,0,282
04/20/2022,MCI,MO,ACE,CE,Combined TRACON& Tower with Radar,256,9,5,0,270,0,0,0,2,2,256,9,5,2,272,0,0,0,272
04/21/2022,MCI,MO,ACE,CE,Combined TRACON& Tower with Radar,269,5,20,5,299,0,0,3,0,3,269,5,23,5,302,2,0,2,304
04/22/2022,MCI,MO,ACE,CE,Combined TRACON& Tower with Radar,258,10,9,8,285,0,0,0,1,1,258,10,9,9,286,0,0,0,286
04/23/2022,MCI,MO,ACE,CE,Combined TRACON& Tower with Radar,213,6,4,0,223,0,0,0,0,0,213,6,4,0,223,0,0,0,223
04/24/2022,MCI,MO,ACE,CE,Combined TRACON& Tower with Radar,249,7,4,0,260,0,0,6,0,6,249,7,10,0,266,0,0,0,266
04/25/2022,MCI,MO,ACE,CE,Combined TRACON& Tower with Radar,250,3,6,1,260,0,0,2,3,5,250,3,8,4,265,0,0,0,265
04/26/2022,MCI,MO,ACE,CE,Combined TRACON& Tower with Radar,261,7,16,0,284,0,0,5,0,5,261,7,21,0,289,6,0,6,295
04/27/2022,MCI,MO,ACE,CE,Combined TRACON& Tower with Radar,259,10,11,3,283,0,0,3,0,3,259,10,14,3,286,0,0,0,286
04/28/2022,MCI,MO,ACE,CE,Combined TRACON& Tower with Radar,270,10,15,6,301,0,0,3,1,4,270,10,18,7,305,0,0,0,305
04/29/2022,MCI,MO,ACE,CE,Combined TRACON& Tower with Radar,257,7,8,1,273,0,0,0,0,0,257,7,8,1,273,0,0,0,273
04/30/2022,MCI,MO,ACE,CE,Combined TRACON& Tower with Radar,229,7,6,0,242,0,0,2,0,2,229,7,8,0,244,0,0,0,244
05/01/2022,MCI,MO,ACE,CE,Combined TRACON& Tower with Radar,241,9,4,0,254,0,0,0,0,0,241,9,4,0,254,0,0,0,254
05/02/2022,MCI,MO,ACE,CE,Combined TRACON& Tower with Radar,262,7,6,2,277,0,0,1,0,1,262,7,7,2,278,0,0,0,278
05/03/2022,MCI,MO,ACE,CE,Combined TRACON& Tower with Radar,255,11,5,2,273,0,0,2,0,2,255,11,7,2,275,0,0,0,275
05/04/2022,MCI,MO,ACE,CE,Combined TRACON& Tower with Radar,250,12,24,4,290,0,0,0,0,0,250,12,24,4,290,0,0,0,290
05/05/2022,MCI,MO,ACE,CE,Combined TRACON& Tower with Radar,265,12,14,2,293,0,0,0,0,0,265,12,14,2,293,0,0,0,293
05/06/2022,MCI,MO,ACE,CE,Combined TRACON& Tower with Radar,274,11,6,0,291,0,2,0,0,2,274,13,6,0,293,0,0,0,293
05/07/2022,MCI,MO,ACE,CE,Combined TRACON& Tower with Radar,239,6,10,1,256,0,3,4,2,9,239,9,14,3,265,0,0,0,265
05/08/2022,MCI,MO,ACE,CE,Combined TRACON& Tower with Radar,255,13,4,0,272,0,0,0,1,1,255,13,4,1,273,0,0,0,273
05/09/2022,MCI,MO,ACE,CE,Combined TRACON& Tower with Radar,269,13,2,2,286,0,0,1,0,1,269,13,3,2,287,0,0,0,287
05/10/2022,MCI,MO,ACE,CE,Combined TRACON& Tower with Radar,266,10,8,0,284,1,2,6,0,9,267,12,14,0,293,2,0,2,295
05/11/2022,MCI,MO,ACE,CE,Combined TRACON& Tower with Radar,269,9,13,3,294,0,0,5,5,10,269,9,18,8,304,2,0,2,306
05/12/2022,MCI,MO,ACE,CE,Combined TRACON& Tower with Radar,287,10,12,4,313,0,0,8,0,8,287,10,20,4,321,0,0,0,321
05/13/2022,MCI,MO,ACE,CE,Combined TRACON& Tower with Radar,268,7,14,2,291,0,0,2,0,2,268,7,16,2,293,0,0,0,293
05/14/2022,MCI,MO,ACE,CE,Combined TRACON& Tower with Radar,239,2,13,2,256,0,0,11,2,13,239,2,24,4,269,4,0,4,273
05/15/2022,MCI,MO,ACE,CE,Combined TRACON& Tower with Radar,249,6,19,1,275,0,0,5,0,5,249,6,24,1,280,0,0,0,280
05/16/2022,MCI,MO,ACE,CE,Combined TRACON& Tower with Radar,261,10,9,1,281,0,0,2,0,2,261,10,11,1,283,0,0,0,283
05/17/2022,MCI,MO,ACE,CE,Combined TRACON& Tower with Radar,257,8,12,4,281,0,0,1,0,1,257,8,13,4,282,0,0,0,282
05/18/2022,MCI,MO,ACE,CE,Combined TRACON& Tower with Radar,273,5,3,0,281,0,0,0,0,0,273,5,3,0,281,0,0,0,281
05/19/2022,MCI,MO,ACE,CE,Combined TRACON& Tower with Radar,292,9,11,2,314,0,0,0,0,0,292,9,11,2,314,0,0,0,314
05/20/2022,MCI,MO,ACE,CE,Combined TRACON& Tower with Radar,263,8,16,3,290,0,0,0,2,2,263,8,16,5,292,0,0,0,292
05/21/2022,MCI,MO,ACE,CE,Combined TRACON& Tower with Radar,241,2,4,0,247,0,0,0,1,1,241,2,4,1,248,0,0,0,248
05/22/2022,MCI,MO,ACE,CE,Combined TRACON& Tower with Radar,254,8,1,0,263,0,0,1,0,1,254,8,2,0,264,0,0,0,264
05/23/2022,MCI,MO,ACE,CE,Combined TRACON& Tower with Radar,269,4,3,9,285,0,0,4,1,5,269,4,7,10,290,0,0,0,290
05/24/2022,MCI,MO,ACE,CE,Combined TRACON& Tower with Radar,260,12,7,6,285,0,0,0,0,0,260,12,7,6,285,0,0,0,285
05/25/2022,MCI,MO,ACE,CE,Combined TRACON& Tower with Radar,263,13,9,10,295,0,0,0,0,0,263,13,9,10,295,0,0,0,295
05/26/2022,MCI,MO,ACE,CE,Combined TRACON& Tower with Radar,274,10,7,6,297,0,0,0,0,0,274,10,7,6,297,0,0,0,297
05/27/2022,MCI,MO,ACE,CE,Combined TRACON& Tower with Radar,281,15,2,0,298,0,1,2,0,3,281,16,4,0,301,0,0,0,301
05/28/2022,MCI,MO,ACE,CE,Combined TRACON& Tower with Radar,236,3,4,1,244,0,0,5,0,5,236,3,9,1,249,0,0,0,249
05/29/2022,MCI,MO,ACE,CE,Combined TRACON& Tower with Radar,236,3,4,0,243,0,0,0,0,0,236,3,4,0,243,0,0,0,243
05/30/2022,MCI,MO,ACE,CE,Combined TRACON& Tower with Radar,263,0,5,2,270,0,0,1,0,1,263,0,6,2,271,0,0,0,271
05/31/2022,MCI,MO,ACE,CE,Combined TRACON& Tower with Radar,260,3,8,2,273,0,0,0,0,0,260,3,8,2,273,0,0,0,273
06/01/2022,MCI,MO,ACE,CE,Combined TRACON& Tower with Radar,264,8,2,4,278,0,0,0,4,4,264,8,2,8,282,0,0,0,282
06/02/2022,MCI,MO,ACE,CE,Combined TRACON& Tower with Radar,268,9,8,2,287,0,0,3,1,4,268,9,11,3,291,0,0,0,291
06/03/2022,MCI,MO,ACE,CE,Combined TRACON& Tower with Radar,265,13,10,2,290,0,4,2,0,6,265,17,12,2,296,0,0,0,296
06/04/2022,MCI,MO,ACE,CE,Combined TRACON& Tower with Radar,231,6,1,0,238,0,0,1,0,1,231,6,2,0,239,0,0,0,239
06/05/2022,MCI,MO,ACE,CE,Combined TRACON& Tower with Radar,271,9,5,0,285,0,0,6,0,6,271,9,11,0,291,0,0,0,291
06/06/2022,MCI,MO,ACE,CE,Combined TRACON& Tower with Radar,282,10,2,3,297,0,0,0,0,0,282,10,2,3,297,0,0,0,297
06/07/2022,MCI,MO,ACE,CE,Combined TRACON& Tower with Radar,266,13,3,2,284,1,0,7,0,8,267,13,10,2,292,0,0,0,292
06/08/2022,MCI,MO,ACE,CE,Combined TRACON& Tower with Radar,285,19,10,0,314,0,0,2,0,2,285,19,12,0,316,0,0,0,316
06/09/2022,MCI,MO,ACE,CE,Combined TRACON& Tower with Radar,286,19,6,0,311,0,0,2,2,4,286,19,8,2,315,0,0,0,315
06/10/2022,MCI,MO,ACE,CE,Combined TRACON& Tower with Radar,300,16,10,0,326,0,0,1,0,1,300,16,11,0,327,0,0,0,327
06/11/2022,MCI,MO,ACE,CE,Combined TRACON& Tower with Radar,257,4,1,0,262,0,0,1,1,2,257,4,2,1,264,0,0,0,264
06/12/2022,MCI,MO,ACE,CE,Combined TRACON& Tower with Radar,277,10,4,0,291,0,2,0,0,2,277,12,4,0,293,0,0,0,293
06/13/2022,MCI,MO,ACE,CE,Combined TRACON& Tower with Radar,298,6,17,2,323,0,0,4,0,4,298,6,21,2,327,0,0,0,327
06/14/2022,MCI,MO,ACE,CE,Combined TRACON& Tower with Radar,291,10,6,2,309,0,0,4,2,6,291,10,10,4,315,0,0,0,315
06/15/2022,MCI,MO,ACE,CE,Combined TRACON& Tower with Radar,287,16,6,4,313,0,0,2,0,2,287,16,8,4,315,0,0,0,315
06/16/2022,MCI,MO,ACE,CE,Combined TRACON& Tower with Radar,284,20,15,2,321,0,0,0,2,2,284,20,15,4,323,0,0,0,323
06/17/2022,MCI,MO,ACE,CE,Combined TRACON& Tower with Radar,283,13,8,0,304,0,0,4,0,4,283,13,12,0,308,0,0,0,308
06/18/2022,MCI,MO,ACE,CE,Combined TRACON& Tower with Radar,255,6,2,0,263,0,0,1,0,1,255,6,3,0,264,0,0,0,264
06/19/2022,MCI,MO,ACE,CE,Combined TRACON& Tower with Radar,263,3,8,0,274,0,0,0,0,0,263,3,8,0,274,0,0,0,274
06/20/2022,MCI,MO,ACE,CE,Combined TRACON& Tower with Radar,288,6,6,2,302,0,1,6,1,8,288,7,12,3,310,0,0,0,310
06/21/2022,MCI,MO,ACE,CE,Combined TRACON& Tower with Radar,277,15,8,1,301,0,0,7,0,7,277,15,15,1,308,0,0,0,308
06/22/2022,MCI,MO,ACE,CE,Combined TRACON& Tower with Radar,293,10,7,1,311,0,0,4,1,5,293,10,11,2,316,0,0,0,316
06/23/2022,MCI,MO,ACE,CE,Combined TRACON& Tower with Radar,282,13,13,1,309,0,2,9,1,12,282,15,22,2,321,8,0,8,329
06/24/2022,MCI,MO,ACE,CE,Combined TRACON& Tower with Radar,289,18,5,1,313,0,0,5,0,5,289,18,10,1,318,0,0,0,318
06/25/2022,MCI,MO,ACE,CE,Combined TRACON& Tower with Radar,260,7,4,0,271,0,0,4,0,4,260,7,8,0,275,0,0,0,275
06/26/2022,MCI,MO,ACE,CE,Combined TRACON& Tower with Radar,262,8,5,1,276,0,0,5,0,5,262,8,10,1,281,0,0,0,281
06/27/2022,MCI,MO,ACE,CE,Combined TRACON& Tower with Radar,266,6,6,1,279,0,0,19,0,19,266,6,25,1,298,0,0,0,298
06/28/2022,MCI,MO,ACE,CE,Combined TRACON& Tower with Radar,274,15,7,13,309,0,2,6,5,13,274,17,13,18,322,0,0,0,322
06/29/2022,MCI,MO,ACE,CE,Combined TRACON& Tower with Radar,269,11,17,6,303,0,0,4,0,4,269,11,21,6,307,0,0,0,307
06/30/2022,MCI,MO,ACE,CE,Combined TRACON& Tower with Radar,275,12,9,1,297,0,0,2,0,2,275,12,11,1,299,0,0,0,299
07/01/2022,MCI,MO,ACE,CE,Combined TRACON& Tower with Radar,277,4,4,1,286,0,2,6,0,8,277,6,10,1,294,0,0,0,294
07/02/2022,MCI,MO,ACE,CE,Combined TRACON& Tower with Radar,247,10,1,4,262,0,0,1,0,1,247,10,2,4,263,0,0,0,263
07/03/2022,MCI,MO,ACE,CE,Combined TRACON& Tower with Radar,247,2,2,0,251,0,0,0,0,0,247,2,2,0,251,0,0,0,251
07/04/2022,MCI,MO,ACE,CE,Combined TRACON& Tower with Radar,246,4,2,2,254,0,0,2,0,2,246,4,4,2,256,0,0,0,256
07/05/2022,MCI,MO,ACE,CE,Combined TRACON& Tower with Radar,252,9,1,2,264,0,0,2,2,4,252,9,3,4,268,0,0,0,268
07/06/2022,MCI,MO,ACE,CE,Combined TRACON& Tower with Radar,264,8,6,3,281,0,0,6,4,10,264,8,12,7,291,0,12,12,303
07/07/2022,MCI,MO,ACE,CE,Combined TRACON& Tower with Radar,277,5,7,2,291,0,0,1,4,5,277,5,8,6,296,0,0,0,296
07/08/2022,MCI,MO,ACE,CE,Combined TRACON& Tower with Radar,275,9,4,8,296,0,0,6,1,7,275,9,10,9,303,0,0,0,303
07/09/2022,MCI,MO,ACE,CE,Combined TRACON& Tower with Radar,248,11,1,0,260,0,0,0,0,0,248,11,1,0,260,0,0,0,260
07/10/2022,MCI,MO,ACE,CE,Combined TRACON& Tower with Radar,277,11,9,0,297,0,0,3,0,3,277,11,12,0,300,0,0,0,300
07/11/2022,MCI,MO,ACE,CE,Combined TRACON& Tower with Radar,278,5,13,0,296,0,0,2,0,2,278,5,15,0,298,0,0,0,298
07/12/2022,MCI,MO,ACE,CE,Combined TRACON& Tower with Radar,274,7,5,3,289,0,0,2,1,3,274,7,7,4,292,0,0,0,292
07/13/2022,MCI,MO,ACE,CE,Combined TRACON& Tower with Radar,268,11,8,2,289,0,0,5,5,10,268,11,13,7,299,0,0,0,299
07/14/2022,MCI,MO,ACE,CE,Combined TRACON& Tower with Radar,283,3,14,16,316,0,0,7,10,17,283,3,21,26,333,6,0,6,339
07/15/2022,MCI,MO,ACE,CE,Combined TRACON& Tower with Radar,291,5,5,2,303,0,0,6,0,6,291,5,11,2,309,0,0,0,309
07/16/2022,MCI,MO,ACE,CE,Combined TRACON& Tower with Radar,253,8,10,0,271,0,0,2,0,2,253,8,12,0,273,0,0,0,273
07/17/2022,MCI,MO,ACE,CE,Combined TRACON& Tower with Radar,261,6,4,0,271,0,0,3,2,5,261,6,7,2,276,0,0,0,276
07/18/2022,MCI,MO,ACE,CE,Combined TRACON& Tower with Radar,269,4,11,0,284,0,0,2,0,2,269,4,13,0,286,0,0,0,286
07/19/2022,MCI,MO,ACE,CE,Combined TRACON& Tower with Radar,277,7,5,6,295,0,2,3,0,5,277,9,8,6,300,0,0,0,300
07/20/2022,MCI,MO,ACE,CE,Combined TRACON& Tower with Radar,267,6,7,6,286,0,0,3,0,3,267,6,10,6,289,0,0,0,289
07/21/2022,MCI,MO,ACE,CE,Combined TRACON& Tower with Radar,286,7,12,0,305,0,2,9,10,21,286,9,21,10,326,8,20,28,354
07/22/2022,MCI,MO,ACE,CE,Combined TRACON& Tower with Radar,292,6,12,0,310,0,0,5,0,5,292,6,17,0,315,0,0,0,315
07/23/2022,MCI,MO,ACE,CE,Combined TRACON& Tower with Radar,257,2,0,0,259,0,0,3,0,3,257,2,3,0,262,0,0,0,262
07/24/2022,MCI,MO,ACE,CE,Combined TRACON& Tower with Radar,269,2,5,2,278,0,0,6,0,6,269,2,11,2,284,6,0,6,290
07/25/2022,MCI,MO,ACE,CE,Combined TRACON& Tower with Radar,278,7,7,0,292,0,0,0,0,0,278,7,7,0,292,0,0,0,292
07/26/2022,MCI,MO,ACE,CE,Combined TRACON& Tower with Radar,260,5,9,0,274,0,0,0,0,0,260,5,9,0,274,0,0,0,274
07/27/2022,MCI,MO,ACE,CE,Combined TRACON& Tower with Radar,277,12,7,0,296,0,0,8,0,8,277,12,15,0,304,6,0,6,310
07/28/2022,MCI,MO,ACE,CE,Combined TRACON& Tower with Radar,284,15,7,2,308,0,0,4,0,4,284,15,11,2,312,0,0,0,312
07/29/2022,MCI,MO,ACE,CE,Combined TRACON& Tower with Radar,289,10,10,2,311,0,0,8,0,8,289,10,18,2,319,12,0,12,331
07/30/2022,MCI,MO,ACE,CE,Combined TRACON& Tower with Radar,255,2,9,0,266,0,0,6,0,6,255,2,15,0,272,0,0,0,272
07/31/2022,MCI,MO,ACE,CE,Combined TRACON& Tower with Radar,270,9,4,2,285,0,0,0,0,0,270,9,4,2,285,0,0,0,285
08/01/2022,MCI,MO,ACE,CE,Combined TRACON& Tower with Radar,279,10,8,0,297,0,0,14,3,17,279,10,22,3,314,2,0,2,316
08/02/2022,MCI,MO,ACE,CE,Combined TRACON& Tower with Radar,262,14,4,0,280,0,0,9,2,11,262,14,13,2,291,0,0,0,291
08/03/2022,MCI,MO,ACE,CE,Combined TRACON& Tower with Radar,268,16,8,0,292,0,1,0,0,1,268,17,8,0,293,3,0,3,296
08/04/2022,MCI,MO,ACE,CE,Combined TRACON& Tower with Radar,269,23,4,0,296,0,0,5,0,5,269,23,9,0,301,0,0,0,301
08/05/2022,MCI,MO,ACE,CE,Combined TRACON& Tower with Radar,286,18,6,4,314,0,0,7,0,7,286,18,13,4,321,0,0,0,321
08/06/2022,MCI,MO,ACE,CE,Combined TRACON& Tower with Radar,262,9,7,0,278,0,0,0,0,0,262,9,7,0,278,0,0,0,278
08/07/2022,MCI,MO,ACE,CE,Combined TRACON& Tower with Radar,265,5,7,0,277,0,0,1,4,5,265,5,8,4,282,0,0,0,282
08/08/2022,MCI,MO,ACE,CE,Combined TRACON& Tower with Radar,281,7,6,0,294,0,0,9,0,9,281,7,15,0,303,0,0,0,303
08/09/2022,MCI,MO,ACE,CE,Combined TRACON& Tower with Radar,280,9,12,0,301,0,2,2,0,4,280,11,14,0,305,0,0,0,305
08/10/2022,MCI,MO,ACE,CE,Combined TRACON& Tower with Radar,266,15,12,5,298,0,0,11,0,11,266,15,23,5,309,0,0,0,309
08/11/2022,MCI,MO,ACE,CE,Combined TRACON& Tower with Radar,291,6,8,5,310,0,1,0,0,1,291,7,8,5,311,0,0,0,311
08/12/2022,MCI,MO,ACE,CE,Combined TRACON& Tower with Radar,287,6,3,4,300,0,0,5,1,6,287,6,8,5,306,0,0,0,306
08/13/2022,MCI,MO,ACE,CE,Combined TRACON& Tower with Radar,257,6,1,0,264,0,0,14,1,15,257,6,15,1,279,18,0,18,297
08/14/2022,MCI,MO,ACE,CE,Combined TRACON& Tower with Radar,273,3,2,2,280,0,0,7,0,7,273,3,9,2,287,0,0,0,287
08/15/2022,MCI,MO,ACE,CE,Combined TRACON& Tower with Radar,281,9,2,0,292,0,0,2,0,2,281,9,4,0,294,0,0,0,294
08/16/2022,MCI,MO,ACE,CE,Combined TRACON& Tower with Radar,284,8,13,8,313,0,0,0,0,0,284,8,13,8,313,0,0,0,313
08/17/2022,MCI,MO,ACE,CE,Combined TRACON& Tower with Radar,284,9,5,4,302,0,0,6,0,6,284,9,11,4,308,0,0,0,308
08/18/2022,MCI,MO,ACE,CE,Combined TRACON& Tower with Radar,278,10,16,8,312,0,1,5,0,6,278,11,21,8,318,0,0,0,318
08/19/2022,MCI,MO,ACE,CE,Combined TRACON& Tower with Radar,288,7,4,1,300,0,0,3,0,3,288,7,7,1,303,0,0,0,303
08/20/2022,MCI,MO,ACE,CE,Combined TRACON& Tower with Radar,254,10,3,1,268,0,0,1,0,1,254,10,4,1,269,0,0,0,269
08/21/2022,MCI,MO,ACE,CE,Combined TRACON& Tower with Radar,258,9,5,0,272,0,0,2,1,3,258,9,7,1,275,0,0,0,275
08/22/2022,MCI,MO,ACE,CE,Combined TRACON& Tower with Radar,257,10,9,2,278,0,0,4,0,4,257,10,13,2,282,0,0,0,282
08/23/2022,MCI,MO,ACE,CE,Combined TRACON& Tower with Radar,286,12,8,1,307,0,0,5,0,5,286,12,13,1,312,0,0,0,312
08/24/2022,MCI,MO,ACE,CE,Combined TRACON& Tower with Radar,280,19,9,0,308,0,4,5,0,9,280,23,14,0,317,2,0,2,319
08/25/2022,MCI,MO,ACE,CE,Combined TRACON& Tower with Radar,289,18,13,2,322,0,1,4,0,5,289,19,17,2,327,0,0,0,327
08/26/2022,MCI,MO,ACE,CE,Combined TRACON& Tower with Radar,291,7,8,0,306,0,2,3,0,5,291,9,11,0,311,0,0,0,311
08/27/2022,MCI,MO,ACE,CE,Combined TRACON& Tower with Radar,248,7,1,2,258,0,0,2,0,2,248,7,3,2,260,0,0,0,260
08/28/2022,MCI,MO,ACE,CE,Combined TRACON& Tower with Radar,265,8,6,2,281,0,0,2,0,2,265,8,8,2,283,0,0,0,283
08/29/2022,MCI,MO,ACE,CE,Combined TRACON& Tower with Radar,263,8,0,2,273,0,0,0,1,1,263,8,0,3,274,0,0,0,274
08/30/2022,MCI,MO,ACE,CE,Combined TRACON& Tower with Radar,269,12,4,3,288,0,0,5,3,8,269,12,9,6,296,0,0,0,296
08/31/2022,MCI,MO,ACE,CE,Combined TRACON& Tower with Radar,283,11,6,7,307,0,1,0,2,3,283,12,6,9,310,0,0,0,310
09/01/2022,MCI,MO,ACE,CE,Combined TRACON& Tower with Radar,293,22,13,0,328,0,0,1,0,1,293,22,14,0,329,0,0,0,329
09/02/2022,MCI,MO,ACE,CE,Combined TRACON& Tower with Radar,292,13,8,1,314,0,1,3,1,5,292,14,11,2,319,0,0,0,319
09/03/2022,MCI,MO,ACE,CE,Combined TRACON& Tower with Radar,246,12,2,0,260,0,2,1,0,3,246,14,3,0,263,0,0,0,263
09/04/2022,MCI,MO,ACE,CE,Combined TRACON& Tower with Radar,234,4,4,0,242,0,0,0,0,0,234,4,4,0,242,0,0,0,242
09/05/2022,MCI,MO,ACE,CE,Combined TRACON& Tower with Radar,274,8,4,0,286,0,0,2,0,2,274,8,6,0,288,0,0,0,288
09/06/2022,MCI,MO,ACE,CE,Combined TRACON& Tower with Radar,272,13,6,4,295,0,0,3,2,5,272,13,9,6,300,0,0,0,300
09/07/2022,MCI,MO,ACE,CE,Combined TRACON& Tower with Radar,267,8,7,4,286,0,0,0,1,1,267,8,7,5,287,0,0,0,287
09/08/2022,MCI,MO,ACE,CE,Combined TRACON& Tower with Radar,279,14,18,2,313,0,0,5,5,10,279,14,23,7,323,0,0,0,323
09/09/2022,MCI,MO,ACE,CE,Combined TRACON& Tower with Radar,298,13,18,4,333,0,0,2,1,3,298,13,20,5,336,0,0,0,336
09/10/2022,MCI,MO,ACE,CE,Combined TRACON& Tower with Radar,251,6,5,0,262,0,0,0,0,0,251,6,5,0,262,0,0,0,262
09/11/2022,MCI,MO,ACE,CE,Combined TRACON& Tower with Radar,269,8,23,0,300,0,0,1,0,1,269,8,24,0,301,0,0,0,301
09/12/2022,MCI,MO,ACE,CE,Combined TRACON& Tower with Radar,294,10,4,2,310,0,0,8,0,8,294,10,12,2,318,6,0,6,324
09/13/2022,MCI,MO,ACE,CE,Combined TRACON& Tower with Radar,284,17,6,6,313,0,2,2,0,4,284,19,8,6,317,0,0,0,317
09/14/2022,MCI,MO,ACE,CE,Combined TRACON& Tower with Radar,284,14,9,7,314,0,0,3,0,3,284,14,12,7,317,0,0,0,317
09/15/2022,MCI,MO,ACE,CE,Combined TRACON& Tower with Radar,303,15,3,1,322,0,0,2,0,2,303,15,5,1,324,0,0,0,324
09/16/2022,MCI,MO,ACE,CE,Combined TRACON& Tower with Radar,296,12,1,0,309,0,2,1,1,4,296,14,2,1,313,0,0,0,313
09/17/2022,MCI,MO,ACE,CE,Combined TRACON& Tower with Radar,232,5,2,0,239,0,0,0,0,0,232,5,2,0,239,0,0,0,239
09/18/2022,MCI,MO,ACE,CE,Combined TRACON& Tower with Radar,279,11,7,0,297,0,2,2,0,4,279,13,9,0,301,0,0,0,301
09/19/2022,MCI,MO,ACE,CE,Combined TRACON& Tower with Radar,287,6,8,2,303,0,2,4,0,6,287,8,12,2,309,0,0,0,309
09/20/2022,MCI,MO,ACE,CE,Combined TRACON& Tower with Radar,281,17,7,4,309,0,0,8,3,11,281,17,15,7,320,0,0,0,320
09/21/2022,MCI,MO,ACE,CE,Combined TRACON& Tower with Radar,283,12,9,0,304,0,0,2,0,2,283,12,11,0,306,0,0,0,306
09/22/2022,MCI,MO,ACE,CE,Combined TRACON& Tower with Radar,297,8,6,3,314,0,0,5,2,7,297,8,11,5,321,0,0,0,321
09/23/2022,MCI,MO,ACE,CE,Combined TRACON& Tower with Radar,293,8,6,4,311,0,3,0,0,3,293,11,6,4,314,0,0,0,314
09/24/2022,MCI,MO,ACE,CE,Combined TRACON& Tower with Radar,238,10,0,0,248,0,4,2,0,6,238,14,2,0,254,0,0,0,254
09/25/2022,MCI,MO,ACE,CE,Combined TRACON& Tower with Radar,275,8,2,1,286,0,2,8,0,10,275,10,10,1,296,0,0,0,296
09/26/2022,MCI,MO,ACE,CE,Combined TRACON& Tower with Radar,283,4,4,8,299,0,2,3,6,11,283,6,7,14,310,0,0,0,310
09/27/2022,MCI,MO,ACE,CE,Combined TRACON& Tower with Radar,275,8,9,3,295,0,0,6,1,7,275,8,15,4,302,0,0,0,302
09/28/2022,MCI,MO,ACE,CE,Combined TRACON& Tower with Radar,263,16,11,3,293,0,0,0,2,2,263,16,11,5,295,0,0,0,295
09/29/2022,MCI,MO,ACE,CE,Combined TRACON& Tower with Radar,285,5,0,2,292,0,0,2,1,3,285,5,2,3,295,0,0,0,295
09/30/2022,MCI,MO,ACE,CE,Combined TRACON& Tower with Radar,288,18,1,2,309,0,0,2,0,2,288,18,3,2,311,0,0,0,311
10/01/2022,MCI,MO,ACE,CE,Combined TRACON& Tower with Radar,167,5,1,0,173,0,0,1,0,1,167,5,2,0,174,2,0,2,176
10/02/2022,MCI,MO,ACE,CE,Combined TRACON& Tower with Radar,281,13,5,0,299,0,0,4,0,4,281,13,9,0,303,0,0,0,303
10/03/2022,MCI,MO,ACE,CE,Combined TRACON& Tower with Radar,291,12,11,2,316,0,2,3,1,6,291,14,14,3,322,0,0,0,322
10/04/2022,MCI,MO,ACE,CE,Combined TRACON& Tower with Radar,278,15,12,2,307,0,4,3,0,7,278,19,15,2,314,0,0,0,314
10/05/2022,MCI,MO,ACE,CE,Combined TRACON& Tower with Radar,284,14,8,4,310,0,0,3,0,3,284,14,11,4,313,0,0,0,313
10/06/2022,MCI,MO,ACE,CE,Combined TRACON& Tower with Radar,294,11,12,0,317,0,2,1,0,3,294,13,13,0,320,0,0,0,320
10/07/2022,MCI,MO,ACE,CE,Combined TRACON& Tower with Radar,293,4,6,0,303,0,0,15,0,15,293,4,21,0,318,4,0,4,322
10/08/2022,MCI,MO,ACE,CE,Combined TRACON& Tower with Radar,243,5,1,0,249,0,0,1,0,1,243,5,2,0,250,0,0,0,250
10/09/2022,MCI,MO,ACE,CE,Combined TRACON& Tower with Radar,280,10,1,0,291,0,0,4,0,4,280,10,5,0,295,0,0,0,295
10/10/2022,MCI,MO,ACE,CE,Combined TRACON& Tower with Radar,287,8,10,1,306,0,0,3,0,3,287,8,13,1,309,0,0,0,309
10/11/2022,MCI,MO,ACE,CE,Combined TRACON& Tower with Radar,282,12,3,16,313,0,0,1,2,3,282,12,4,18,316,0,0,0,316
10/12/2022,MCI,MO,ACE,CE,Combined TRACON& Tower with Radar,289,21,3,10,323,0,0,2,0,2,289,21,5,10,325,0,0,0,325
10/13/2022,MCI,MO,ACE,CE,Combined TRACON& Tower with Radar,299,8,17,4,328,0,7,9,0,16,299,15,26,4,344,0,0,0,344
10/14/2022,MCI,MO,ACE,CE,Combined TRACON& Tower with Radar,303,15,12,6,336,0,0,0,0,0,303,15,12,6,336,0,0,0,336
10/15/2022,MCI,MO,ACE,CE,Combined TRACON& Tower with Radar,237,8,9,0,254,0,0,0,0,0,237,8,9,0,254,0,0,0,254
10/16/2022,MCI,MO,ACE,CE,Combined TRACON& Tower with Radar,276,5,3,0,284,0,0,7,0,7,276,5,10,0,291,0,0,0,291
10/17/2022,MCI,MO,ACE,CE,Combined TRACON& Tower with Radar,287,8,5,1,301,0,0,0,0,0,287,8,5,1,301,0,0,0,301
10/18/2022,MCI,MO,ACE,CE,Combined TRACON& Tower with Radar,291,12,9,0,312,0,0,4,3,7,291,12,13,3,319,8,0,8,327
10/19/2022,MCI,MO,ACE,CE,Combined TRACON& Tower with Radar,286,10,8,4,308,1,0,4,0,5,287,10,12,4,313,4,0,4,317
10/20/2022,MCI,MO,ACE,CE,Combined TRACON& Tower with Radar,299,6,3,4,312,0,2,2,2,6,299,8,5,6,318,0,0,0,318
10/21/2022,MCI,MO,ACE,CE,Combined TRACON& Tower with Radar,294,6,0,7,307,0,0,6,3,9,294,6,6,10,316,0,0,0,316
10/22/2022,MCI,MO,ACE,CE,Combined TRACON& Tower with Radar,240,6,2,1,249,0,0,1,0,1,240,6,3,1,250,0,0,0,250
10/23/2022,MCI,MO,ACE,CE,Combined TRACON& Tower with Radar,282,3,3,0,288,0,0,1,0,1,282,3,4,0,289,0,0,0,289
10/24/2022,MCI,MO,ACE,CE,Combined TRACON& Tower with Radar,278,9,5,2,294,0,0,0,0,0,278,9,5,2,294,0,0,0,294
10/25/2022,MCI,MO,ACE,CE,Combined TRACON& Tower with Radar,276,8,7,3,294,0,0,2,2,4,276,8,9,5,298,0,0,0,298
10/26/2022,MCI,MO,ACE,CE,Combined TRACON& Tower with Radar,278,8,10,6,302,0,0,2,1,3,278,8,12,7,305,0,0,0,305
10/27/2022,MCI,MO,ACE,CE,Combined TRACON& Tower with Radar,293,8,6,8,315,0,1,0,0,1,293,9,6,8,316,0,0,0,316
10/28/2022,MCI,MO,ACE,CE,Combined TRACON& Tower with Radar,283,20,0,2,305,0,3,5,0,8,283,23,5,2,313,0,0,0,313
10/29/2022,MCI,MO,ACE,CE,Combined TRACON& Tower with Radar,240,8,6,0,254,0,1,5,0,6,240,9,11,0,260,0,0,0,260
10/30/2022,MCI,MO,ACE,CE,Combined TRACON& Tower with Radar,260,5,2,0,267,0,0,1,0,1,260,5,3,0,268,0,0,0,268
10/31/2022,MCI,MO,ACE,CE,Combined TRACON& Tower with Radar,261,9,3,0,273,0,2,0,0,2,261,11,3,0,275,0,0,0,275
11/01/2022,MCI,MO,ACE,CE,Combined TRACON& Tower with Radar,282,9,7,4,302,0,0,3,2,5,282,9,10,6,307,0,0,0,307
11/02/2022,MCI,MO,ACE,CE,Combined TRACON& Tower with Radar,273,12,10,0,295,0,0,0,0,0,273,12,10,0,295,0,0,0,295
11/03/2022,MCI,MO,ACE,CE,Combined TRACON& Tower with Radar,274,2,6,2,284,0,0,0,0,0,274,2,6,2,284,0,0,0,284
11/04/2022,MCI,MO,ACE,CE,Combined TRACON& Tower with Radar,272,5,6,1,284,0,0,0,0,0,272,5,6,1,284,0,0,0,284
11/05/2022,MCI,MO,ACE,CE,Combined TRACON& Tower with Radar,229,5,3,1,238,0,0,3,0,3,229,5,6,1,241,0,0,0,241
11/06/2022,MCI,MO,ACE,CE,Combined TRACON& Tower with Radar,267,4,5,0,276,0,0,3,0,3,267,4,8,0,279,0,0,0,279
11/07/2022,MCI,MO,ACE,CE,Combined TRACON& Tower with Radar,263,5,2,0,270,0,0,2,0,2,263,5,4,0,272,0,0,0,272
11/08/2022,MCI,MO,ACE,CE,Combined TRACON& Tower with Radar,268,10,6,8,292,0,0,0,0,0,268,10,6,8,292,0,0,0,292
11/09/2022,MCI,MO,ACE,CE,Combined TRACON& Tower with Radar,294,7,3,6,310,0,0,4,0,4,294,7,7,6,314,0,0,0,314
11/10/2022,MCI,MO,ACE,CE,Combined TRACON& Tower with Radar,278,17,3,0,298,0,0,0,0,0,278,17,3,0,298,0,0,0,298
11/11/2022,MCI,MO,ACE,CE,Combined TRACON& Tower with Radar,278,4,6,0,288,0,0,6,1,7,278,4,12,1,295,6,0,6,301
11/12/2022,MCI,MO,ACE,CE,Combined TRACON& Tower with Radar,233,10,2,0,245,0,0,2,0,2,233,10,4,0,247,0,0,0,247
11/13/2022,MCI,MO,ACE,CE,Combined TRACON& Tower with Radar,273,8,2,0,283,0,0,4,2,6,273,8,6,2,289,0,0,0,289
11/14/2022,MCI,MO,ACE,CE,Combined TRACON& Tower with Radar,277,9,6,9,301,0,0,1,0,1,277,9,7,9,302,0,0,0,302
11/15/2022,MCI,MO,ACE,CE,Combined TRACON& Tower with Radar,285,1,6,0,292,0,0,2,0,2,285,1,8,0,294,0,0,0,294
11/16/2022,MCI,MO,ACE,CE,Combined TRACON& Tower with Radar,278,9,12,6,305,0,0,2,0,2,278,9,14,6,307,0,0,0,307
11/17/2022,MCI,MO,ACE,CE,Combined TRACON& Tower with Radar,283,9,22,8,322,0,0,0,6,6,283,9,22,14,328,0,0,0,328
11/18/2022,MCI,MO,ACE,CE,Combined TRACON& Tower with Radar,305,5,12,0,322,0,0,4,0,4,305,5,16,0,326,0,0,0,326
11/19/2022,MCI,MO,ACE,CE,Combined TRACON& Tower with Radar,252,10,0,0,262,0,0,10,0,10,252,10,10,0,272,18,0,18,290
11/20/2022,MCI,MO,ACE,CE,Combined TRACON& Tower with Radar,279,4,5,0,288,0,3,0,0,3,279,7,5,0,291,0,0,0,291
11/21/2022,MCI,MO,ACE,CE,Combined TRACON& Tower with Radar,288,9,6,6,309,0,0,7,0,7,288,9,13,6,316,6,0,6,322
11/22/2022,MCI,MO,ACE,CE,Combined TRACON& Tower with Radar,305,14,7,0,326,0,0,2,0,2,305,14,9,0,328,0,0,0,328
11/23/2022,MCI,MO,ACE,CE,Combined TRACON& Tower with Radar,298,7,4,14,323,0,0,0,0,0,298,7,4,14,323,0,0,0,323
11/24/2022,MCI,MO,ACE,CE,Combined TRACON& Tower with Radar,200,2,0,0,202,0,0,2,0,2,200,2,2,0,204,0,0,0,204
11/25/2022,MCI,MO,ACE,CE,Combined TRACON& Tower with Radar,241,1,5,0,247,0,1,0,1,2,241,2,5,1,249,0,0,0,249
11/26/2022,MCI,MO,ACE,CE,Combined TRACON& Tower with Radar,269,8,3,0,280,0,0,4,0,4,269,8,7,0,284,0,0,0,284
11/27/2022,MCI,MO,ACE,CE,Combined TRACON& Tower with Radar,287,11,8,2,308,0,0,4,2,6,287,11,12,4,314,0,0,0,314
11/28/2022,MCI,MO,ACE,CE,Combined TRACON& Tower with Radar,285,15,4,11,315,0,0,6,2,8,285,15,10,13,323,0,0,0,323
11/29/2022,MCI,MO,ACE,CE,Combined TRACON& Tower with Radar,298,10,7,4,319,0,1,0,0,1,298,11,7,4,320,0,0,0,320
11/30/2022,MCI,MO,ACE,CE,Combined TRACON& Tower with Radar,286,13,9,10,318,0,0,4,0,4,286,13,13,10,322,0,0,0,322
12/01/2022,MCI,MO,ACE,CE,Combined TRACON& Tower with Radar,292,13,8,4,317,0,0,0,0,0,292,13,8,4,317,0,0,0,317
12/02/2022,MCI,MO,ACE,CE,Combined TRACON& Tower with Radar,291,10,3,0,304,0,0,0,0,0,291,10,3,0,304,0,0,0,304
12/03/2022,MCI,MO,ACE,CE,Combined TRACON& Tower with Radar,243,14,5,0,262,0,2,0,0,2,243,16,5,0,264,0,0,0,264
12/04/2022,MCI,MO,ACE,CE,Combined TRACON& Tower with Radar,282,9,8,2,301,0,1,2,3,6,282,10,10,5,307,0,0,0,307
12/05/2022,MCI,MO,ACE,CE,Combined TRACON& Tower with Radar,289,6,4,10,309,0,0,7,0,7,289,6,11,10,316,6,0,6,322
12/06/2022,MCI,MO,ACE,CE,Combined TRACON& Tower with Radar,293,10,5,6,314,0,0,0,0,0,293,10,5,6,314,0,0,0,314
12/07/2022,MCI,MO,ACE,CE,Combined TRACON& Tower with Radar,292,24,7,1,324,0,2,0,0,2,292,26,7,1,326,0,0,0,326
12/08/2022,MCI,MO,ACE,CE,Combined TRACON& Tower with Radar,297,14,8,5,324,0,0,0,0,0,297,14,8,5,324,0,0,0,324
12/09/2022,MCI,MO,ACE,CE,Combined TRACON& Tower with Radar,294,16,6,5,321,0,0,2,0,2,294,16,8,5,323,0,0,0,323
12/10/2022,MCI,MO,ACE,CE,Combined TRACON& Tower with Radar,242,7,1,1,251,0,0,0,0,0,242,7,1,1,251,0,0,0,251
12/11/2022,MCI,MO,ACE,CE,Combined TRACON& Tower with Radar,269,6,8,3,286,0,0,0,0,0,269,6,8,3,286,0,0,0,286
12/12/2022,MCI,MO,ACE,CE,Combined TRACON& Tower with Radar,285,16,9,3,313,0,0,0,0,0,285,16,9,3,313,0,0,0,313
12/13/2022,MCI,MO,ACE,CE,Combined TRACON& Tower with Radar,289,14,13,8,324,0,0,1,0,1,289,14,14,8,325,0,0,0,325
12/14/2022,MCI,MO,ACE,CE,Combined TRACON& Tower with Radar,288,13,8,4,313,0,0,5,0,5,288,13,13,4,318,0,0,0,318
12/15/2022,MCI,MO,ACE,CE,Combined TRACON& Tower with Radar,283,16,4,2,305,0,0,5,0,5,283,16,9,2,310,0,0,0,310
12/16/2022,MCI,MO,ACE,CE,Combined TRACON& Tower with Radar,296,11,7,5,319,0,0,2,2,4,296,11,9,7,323,0,0,0,323
12/17/2022,MCI,MO,ACE,CE,Combined TRACON& Tower with Radar,254,15,2,2,273,0,0,1,0,1,254,15,3,2,274,0,0,0,274
12/18/2022,MCI,MO,ACE,CE,Combined TRACON& Tower with Radar,263,9,5,2,279,0,2,8,0,10,263,11,13,2,289,0,0,0,289
12/19/2022,MCI,MO,ACE,CE,Combined TRACON& Tower with Radar,277,8,7,0,292,0,0,0,0,0,277,8,7,0,292,0,0,0,292
12/20/2022,MCI,MO,ACE,CE,Combined TRACON& Tower with Radar,288,9,4,4,305,0,0,0,0,0,288,9,4,4,305,0,0,0,305
12/21/2022,MCI,MO,ACE,CE,Combined TRACON& Tower with Radar,275,13,7,4,299,0,0,0,0,0,275,13,7,4,299,0,0,0,299
12/22/2022,MCI,MO,ACE,CE,Combined TRACON& Tower with Radar,185,11,0,0,196,0,0,0,0,0,185,11,0,0,196,0,0,0,196
12/23/2022,MCI,MO,ACE,CE,Combined TRACON& Tower with Radar,199,19,8,0,226,0,0,0,0,0,199,19,8,0,226,0,0,0,226
12/24/2022,MCI,MO,ACE,CE,Combined TRACON& Tower with Radar,160,10,0,0,170,0,0,0,0,0,160,10,0,0,170,0,0,0,170
12/25/2022,MCI,MO,ACE,CE,Combined TRACON& Tower with Radar,157,10,0,0,167,0,0,4,0,4,157,10,4,0,171,0,0,0,171
12/26/2022,MCI,MO,ACE,CE,Combined TRACON& Tower with Radar,165,1,5,1,172,0,0,0,0,0,165,1,5,1,172,0,0,0,172
12/27/2022,MCI,MO,ACE,CE,Combined TRACON& Tower with Radar,187,7,14,3,211,0,0,3,2,5,187,7,17,5,216,0,0,0,216
12/28/2022,MCI,MO,ACE,CE,Combined TRACON& Tower with Radar,198,7,4,0,209,0,0,2,0,2,198,7,6,0,211,0,0,0,211
12/29/2022,MCI,MO,ACE,CE,Combined TRACON& Tower with Radar,204,8,2,6,220,0,0,2,2,4,204,8,4,8,224,0,0,0,224
12/30/2022,MCI,MO,ACE,CE,Combined TRACON& Tower with Radar,270,5,4,0,279,0,0,5,2,7,270,5,9,2,286,0,0,0,286
12/31/2022,MCI,MO,ACE,CE,Combined TRACON& Tower with Radar,211,4,1,0,216,0,0,0,0,0,211,4,1,0,216,0,0,0,216
01/01/2023,MCI,MO,ACE,CE,Combined TRACON& Tower with Radar,215,5,2,0,222,0,0,5,1,6,215,5,7,1,228,0,0,0,228
01/02/2023,MCI,MO,ACE,CE,Combined TRACON& Tower with Radar,235,5,6,1,247,0,0,1,0,1,235,5,7,1,248,0,0,0,248
01/03/2023,MCI,MO,ACE,CE,Combined TRACON& Tower with Radar,290,13,9,0,312,0,0,0,0,0,290,13,9,0,312,0,0,0,312
01/04/2023,MCI,MO,ACE,CE,Combined TRACON& Tower with Radar,256,5,6,0,267,0,2,4,0,6,256,7,10,0,273,0,0,0,273
01/05/2023,MCI,MO,ACE,CE,Combined TRACON& Tower with Radar,271,8,6,2,287,0,0,0,0,0,271,8,6,2,287,0,0,0,287
01/06/2023,MCI,MO,ACE,CE,Combined TRACON& Tower with Radar,268,10,7,0,285,0,0,4,0,4,268,10,11,0,289,0,0,0,289
01/07/2023,MCI,MO,ACE,CE,Combined TRACON& Tower with Radar,217,5,7,0,229,0,0,0,0,0,217,5,7,0,229,0,0,0,229
01/08/2023,MCI,MO,ACE,CE,Combined TRACON& Tower with Radar,248,8,4,0,260,0,0,3,0,3,248,8,7,0,263,0,0,0,263
01/09/2023,MCI,MO,ACE,CE,Combined TRACON& Tower with Radar,277,4,7,3,291,0,2,1,2,5,277,6,8,5,296,0,0,0,296
01/10/2023,MCI,MO,ACE,CE,Combined TRACON& Tower with Radar,271,7,3,6,287,0,2,4,0,6,271,9,7,6,293,0,0,0,293
01/11/2023,MCI,MO,ACE,CE,Combined TRACON& Tower with Radar,250,7,6,12,275,0,0,4,2,6,250,7,10,14,281,0,16,16,297
01/12/2023,MCI,MO,ACE,CE,Combined TRACON& Tower with Radar,273,9,7,2,291,0,0,0,0,0,273,9,7,2,291,0,0,0,291
01/13/2023,MCI,MO,ACE,CE,Combined TRACON& Tower with Radar,282,14,5,2,303,0,0,6,0,6,282,14,11,2,309,34,0,34,343
01/14/2023,MCI,MO,ACE,CE,Combined TRACON& Tower with Radar,212,1,3,0,216,0,2,0,0,2,212,3,3,0,218,0,0,0,218
01/15/2023,MCI,MO,ACE,CE,Combined TRACON& Tower with Radar,249,2,5,0,256,0,0,2,0,2,249,2,7,0,258,16,0,16,274
01/16/2023,MCI,MO,ACE,CE,Combined TRACON& Tower with Radar,266,7,4,1,278,0,2,2,0,4,266,9,6,1,282,0,0,0,282
01/17/2023,MCI,MO,ACE,CE,Combined TRACON& Tower with Radar,261,3,5,9,278,0,2,8,0,10,261,5,13,9,288,10,0,10,298
01/18/2023,MCI,MO,ACE,CE,Combined TRACON& Tower with Radar,261,13,4,2,280,0,0,0,0,0,261,13,4,2,280,0,0,0,280
01/19/2023,MCI,MO,ACE,CE,Combined TRACON& Tower with Radar,276,15,9,0,300,0,0,1,1,2,276,15,10,1,302,0,0,0,302
01/20/2023,MCI,MO,ACE,CE,Combined TRACON& Tower with Radar,284,5,10,2,301,0,0,2,0,2,284,5,12,2,303,0,0,0,303
01/21/2023,MCI,MO,ACE,CE,Combined TRACON& Tower with Radar,219,9,3,6,237,0,0,0,1,1,219,9,3,7,238,0,0,0,238
01/22/2023,MCI,MO,ACE,CE,Combined TRACON& Tower with Radar,264,14,10,0,288,0,0,0,0,0,264,14,10,0,288,0,0,0,288
01/23/2023,MCI,MO,ACE,CE,Combined TRACON& Tower with Radar,269,2,6,4,281,0,0,4,0,4,269,2,10,4,285,0,0,0,285
01/24/2023,MCI,MO,ACE,CE,Combined TRACON& Tower with Radar,267,6,8,4,285,0,0,2,1,3,267,6,10,5,288,0,0,0,288
01/25/2023,MCI,MO,ACE,CE,Combined TRACON& Tower with Radar,254,8,14,0,276,0,0,0,0,0,254,8,14,0,276,0,0,0,276
01/26/2023,MCI,MO,ACE,CE,Combined TRACON& Tower with Radar,278,13,11,14,316,0,2,7,2,11,278,15,18,16,327,0,0,0,327
01/27/2023,MCI,MO,ACE,CE,Combined TRACON& Tower with Radar,276,15,8,8,307,0,3,4,1,8,276,18,12,9,315,0,0,0,315
01/28/2023,MCI,MO,ACE,CE,Combined TRACON& Tower with Radar,214,9,5,2,230,0,0,0,0,0,214,9,5,2,230,0,0,0,230
01/29/2023,MCI,MO,ACE,CE,Combined TRACON& Tower with Radar,258,4,9,2,273,0,0,0,3,3,258,4,9,5,276,0,0,0,276
01/30/2023,MCI,MO,ACE,CE,Combined TRACON& Tower with Radar,254,8,12,2,276,0,2,0,2,4,254,10,12,4,280,0,0,0,280
01/31/2023,MCI,MO,ACE,CE,Combined TRACON& Tower with Radar,248,20,8,6,282,0,0,0,0,0,248,20,8,6,282,0,0,0,282
02/01/2023,MCI,MO,ACE,CE,Combined TRACON& Tower with Radar,233,17,4,6,260,0,1,6,2,9,233,18,10,8,269,4,0,4,273
02/02/2023,MCI,MO,ACE,CE,Combined TRACON& Tower with Radar,276,18,11,4,309,0,4,8,0,12,276,22,19,4,321,18,0,18,339
02/03/2023,MCI,MO,ACE,CE,Combined TRACON& Tower with Radar,277,5,0,0,282,0,0,6,3,9,277,5,6,3,291,0,0,0,291
02/04/2023,MCI,MO,ACE,CE,Combined TRACON& Tower with Radar,219,4,0,0,223,0,0,1,0,1,219,4,1,0,224,0,0,0,224
02/05/2023,MCI,MO,ACE,CE,Combined TRACON& Tower with Radar,261,9,7,2,279,0,0,3,0,3,261,9,10,2,282,0,0,0,282
02/06/2023,MCI,MO,ACE,CE,Combined TRACON& Tower with Radar,272,9,3,6,290,0,0,2,1,3,272,9,5,7,293,0,0,0,293
02/07/2023,MCI,MO,ACE,CE,Combined TRACON& Tower with Radar,270,9,13,0,292,0,2,4,2,8,270,11,17,2,300,2,14,16,316
02/08/2023,MCI,MO,ACE,CE,Combined TRACON& Tower with Radar,265,14,13,6,298,0,0,0,0,0,265,14,13,6,298,0,0,0,298
02/09/2023,MCI,MO,ACE,CE,Combined TRACON& Tower with Radar,271,19,9,0,299,0,0,0,0,0,271,19,9,0,299,0,0,0,299
02/10/2023,MCI,MO,ACE,CE,Combined TRACON& Tower with Radar,306,12,3,2,323,0,2,5,0,7,306,14,8,2,330,0,0,0,330
02/11/2023,MCI,MO,ACE,CE,Combined TRACON& Tower with Radar,222,6,4,1,233,0,0,6,1,7,222,6,10,2,240,2,0,2,242
02/12/2023,MCI,MO,ACE,CE,Combined TRACON& Tower with Radar,253,6,0,0,259,0,0,2,0,2,253,6,2,0,261,0,0,0,261
02/13/2023,MCI,MO,ACE,CE,Combined TRACON& Tower with Radar,296,14,13,1,324,0,0,3,0,3,296,14,16,1,327,0,0,0,327
02/14/2023,MCI,MO,ACE,CE,Combined TRACON& Tower with Radar,282,15,7,5,309,0,0,0,0,0,282,15,7,5,309,0,0,0,309
02/15/2023,MCI,MO,ACE,CE,Combined TRACON& Tower with Radar,267,15,9,5,296,0,0,2,0,2,267,15,11,5,298,0,0,0,298
02/16/2023,MCI,MO,ACE,CE,Combined TRACON& Tower with Radar,267,12,6,0,285,0,0,0,0,0,267,12,6,0,285,0,0,0,285
02/17/2023,MCI,MO,ACE,CE,Combined TRACON& Tower with Radar,279,7,7,0,293,0,0,8,0,8,279,7,15,0,301,0,0,0,301
02/18/2023,MCI,MO,ACE,CE,Combined TRACON& Tower with Radar,224,8,5,0,237,0,0,1,0,1,224,8,6,0,238,0,0,0,238
02/19/2023,MCI,MO,ACE,CE,Combined TRACON& Tower with Radar,263,9,6,0,278,0,1,4,0,5,263,10,10,0,283,0,0,0,283
02/20/2023,MCI,MO,ACE,CE,Combined TRACON& Tower with Radar,277,13,10,0,300,0,0,7,0,7,277,13,17,0,307,0,0,0,307
02/21/2023,MCI,MO,ACE,CE,Combined TRACON& Tower with Radar,286,6,9,0,301,0,0,0,2,2,286,6,9,2,303,0,0,0,303
02/22/2023,MCI,MO,ACE,CE,Combined TRACON& Tower with Radar,262,17,9,14,302,0,0,1,3,4,262,17,10,17,306,0,0,0,306
02/23/2023,MCI,MO,ACE,CE,Combined TRACON& Tower with Radar,282,5,9,7,303,0,0,4,5,9,282,5,13,12,312,0,0,0,312
02/24/2023,MCI,MO,ACE,CE,Combined TRACON& Tower with Radar,287,4,2,16,309,0,0,2,1,3,287,4,4,17,312,0,0,0,312
02/25/2023,MCI,MO,ACE,CE,Combined TRACON& Tower with Radar,233,5,6,0,244,0,0,4,0,4,233,5,10,0,248,0,0,0,248
02/26/2023,MCI,MO,ACE,CE,Combined TRACON& Tower with Radar,267,7,4,0,278,0,0,0,0,0,267,7,4,0,278,0,0,0,278
02/27/2023,MCI,MO,ACE,CE,Combined TRACON& Tower with Radar,277,8,11,3,299,0,2,3,3,8,277,10,14,6,307,0,0,0,307
02/28/2023,MCI,MO,ACE,CE,Combined TRACON& Tower with Radar,274,10,14,0,298,0,0,9,2,11,274,10,23,2,309,0,0,0,309
03/01/2023,MCI,MO,ACE,CE,Combined TRACON& Tower with Radar,281,4,6,6,297,0,0,17,0,17,281,4,23,6,314,0,0,0,314
03/02/2023,MCI,MO,ACE,CE,Combined TRACON& Tower with Radar,284,6,14,5,309,0,0,0,0,0,284,6,14,5,309,0,0,0,309
03/03/2023,MCI,MO,ACE,CE,Combined TRACON& Tower with Radar,302,12,6,4,324,0,0,1,0,1,302,12,7,4,325,0,0,0,325
03/04/2023,MCI,MO,ACE,CE,Combined TRACON& Tower with Radar,229,4,1,3,237,0,0,1,1,2,229,4,2,4,239,0,0,0,239
03/05/2023,MCI,MO,ACE,CE,Combined TRACON& Tower with Radar,271,7,9,1,288,0,0,1,0,1,271,7,10,1,289,0,0,0,289
03/06/2023,MCI,MO,ACE,CE,Combined TRACON& Tower with Radar,286,5,10,2,303,0,0,0,0,0,286,5,10,2,303,0,0,0,303
03/07/2023,MCI,MO,ACE,CE,Combined TRACON& Tower with Radar,281,7,5,6,299,0,2,0,1,3,281,9,5,7,302,0,0,0,302
03/08/2023,MCI,MO,ACE,CE,Combined TRACON& Tower with Radar,281,9,6,0,296,0,0,0,0,0,281,9,6,0,296,0,0,0,296
03/09/2023,MCI,MO,ACE,CE,Combined TRACON& Tower with Radar,289,6,10,2,307,0,0,0,0,0,289,6,10,2,307,0,0,0,307
03/10/2023,MCI,MO,ACE,CE,Combined TRACON& Tower with Radar,305,12,8,4,329,0,0,4,0,4,305,12,12,4,333,0,0,0,333
03/11/2023,MCI,MO,ACE,CE,Combined TRACON& Tower with Radar,234,5,7,2,248,0,0,0,0,0,234,5,7,2,248,0,0,0,248
03/12/2023,MCI,MO,ACE,CE,Combined TRACON& Tower with Radar,269,12,3,0,284,0,1,0,0,1,269,13,3,0,285,0,0,0,285
03/13/2023,MCI,MO,ACE,CE,Combined TRACON& Tower with Radar,290,5,0,7,302,0,0,8,0,8,290,5,8,7,310,0,0,0,310
03/14/2023,MCI,MO,ACE,CE,Combined TRACON& Tower with Radar,282,7,4,2,295,0,0,4,0,4,282,7,8,2,299,0,0,0,299
03/15/2023,MCI,MO,ACE,CE,Combined TRACON& Tower with Radar,291,11,9,9,320,0,1,2,0,3,291,12,11,9,323,0,0,0,323
03/16/2023,MCI,MO,ACE,CE,Combined TRACON& Tower with Radar,284,13,4,2,303,0,0,0,2,2,284,13,4,4,305,0,0,0,305
03/17/2023,MCI,MO,ACE,CE,Combined TRACON& Tower with Radar,312,14,6,4,336,0,1,0,0,1,312,15,6,4,337,0,0,0,337
03/18/2023,MCI,MO,ACE,CE,Combined TRACON& Tower with Radar,226,8,12,0,246,0,0,0,0,0,226,8,12,0,246,0,0,0,246
03/19/2023,MCI,MO,ACE,CE,Combined TRACON& Tower with Radar,267,13,6,0,286,0,4,4,0,8,267,17,10,0,294,2,0,2,296
03/20/2023,MCI,MO,ACE,CE,Combined TRACON& Tower with Radar,296,6,6,6,314,0,2,3,0,5,296,8,9,6,319,0,0,0,319
03/21/2023,MCI,MO,ACE,CE,Combined TRACON& Tower with Radar,288,12,12,7,319,0,0,0,0,0,288,12,12,7,319,0,0,0,319
03/22/2023,MCI,MO,ACE,CE,Combined TRACON& Tower with Radar,290,8,11,7,316,0,0,0,0,0,290,8,11,7,316,0,0,0,316
03/23/2023,MCI,MO,ACE,CE,Combined TRACON& Tower with Radar,298,11,5,4,318,0,0,0,0,0,298,11,5,4,318,0,0,0,318
03/24/2023,MCI,MO,ACE,CE,Combined TRACON& Tower with Radar,305,4,14,6,329,0,0,0,0,0,305,4,14,6,329,0,0,0,329
03/25/2023,MCI,MO,ACE,CE,Combined TRACON& Tower with Radar,232,8,4,0,244,0,0,10,0,10,232,8,14,0,254,0,0,0,254
03/26/2023,MCI,MO,ACE,CE,Combined TRACON& Tower with Radar,262,4,7,0,273,0,0,2,0,2,262,4,9,0,275,0,0,0,275
03/27/2023,MCI,MO,ACE,CE,Combined TRACON& Tower with Radar,286,8,6,4,304,0,0,0,2,2,286,8,6,6,306,0,0,0,306
03/28/2023,MCI,MO,ACE,CE,Combined TRACON& Tower with Radar,295,13,7,2,317,0,0,8,5,13,295,13,15,7,330,2,6,8,338
03/29/2023,MCI,MO,ACE,CE,Combined TRACON& Tower with Radar,287,5,7,0,299,0,0,5,2,7,287,5,12,2,306,4,0,4,310
03/30/2023,MCI,MO,ACE,CE,Combined TRACON& Tower with Radar,309,10,13,8,340,0,0,0,0,0,309,10,13,8,340,0,0,0,340
03/31/2023,MCI,MO,ACE,CE,Combined TRACON& Tower with Radar,311,20,5,2,338,0,0,0,0,0,311,20,5,2,338,0,0,0,338
04/01/2023,MCI,MO,ACE,CE,Combined TRACON& Tower with Radar,228,22,7,5,262,0,1,0,0,1,228,23,7,5,263,0,0,0,263
04/02/2023,MCI,MO,ACE,CE,Combined TRACON& Tower with Radar,270,12,3,2,287,0,3,0,0,3,270,15,3,2,290,0,0,0,290
04/03/2023,MCI,MO,ACE,CE,Combined TRACON& Tower with Radar,289,14,2,2,307,0,0,2,0,2,289,14,4,2,309,0,0,0,309
04/04/2023,MCI,MO,ACE,CE,Combined TRACON& Tower with Radar,283,9,3,0,295,0,0,0,0,0,283,9,3,0,295,0,0,0,295
04/05/2023,MCI,MO,ACE,CE,Combined TRACON& Tower with Radar,281,10,5,0,296,0,0,11,0,11,281,10,16,0,307,10,0,10,317
04/06/2023,MCI,MO,ACE,CE,Combined TRACON& Tower with Radar,297,14,7,2,320,0,0,9,0,9,297,14,16,2,329,0,0,0,329
04/07/2023,MCI,MO,ACE,CE,Combined TRACON& Tower with Radar,302,3,4,4,313,0,2,7,0,9,302,5,11,4,322,10,0,10,332
04/08/2023,MCI,MO,ACE,CE,Combined TRACON& Tower with Radar,226,6,4,4,240,0,0,1,0,1,226,6,5,4,241,0,0,0,241
04/09/2023,MCI,MO,ACE,CE,Combined TRACON& Tower with Radar,261,11,0,0,272,0,0,2,0,2,261,11,2,0,274,0,0,0,274
04/10/2023,MCI,MO,ACE,CE,Combined TRACON& Tower with Radar,287,8,8,0,303,0,0,3,0,3,287,8,11,0,306,0,0,0,306
04/11/2023,MCI,MO,ACE,CE,Combined TRACON& Tower with Radar,296,9,15,6,326,0,0,0,0,0,296,9,15,6,326,0,0,0,326
04/12/2023,MCI,MO,ACE,CE,Combined TRACON& Tower with Radar,293,9,7,0,309,0,0,13,0,13,293,9,20,0,322,0,0,0,322
04/13/2023,MCI,MO,ACE,CE,Combined TRACON& Tower with Radar,303,6,9,0,318,0,0,9,0,9,303,6,18,0,327,4,0,4,331
04/14/2023,MCI,MO,ACE,CE,Combined TRACON& Tower with Radar,308,7,8,0,323,0,0,0,0,0,308,7,8,0,323,0,0,0,323
04/15/2023,MCI,MO,ACE,CE,Combined TRACON& Tower with Radar,244,12,4,0,260,0,0,0,0,0,244,12,4,0,260,0,0,0,260
04/16/2023,MCI,MO,ACE,CE,Combined TRACON& Tower with Radar,258,15,4,0,277,0,0,0,0,0,258,15,4,0,277,0,0,0,277
04/17/2023,MCI,MO,ACE,CE,Combined TRACON& Tower with Radar,308,9,2,4,323,0,2,2,0,4,308,11,4,4,327,0,0,0,327
04/18/2023,MCI,MO,ACE,CE,Combined TRACON& Tower with Radar,305,5,10,0,320,0,0,3,0,3,305,5,13,0,323,0,0,0,323
04/19/2023,MCI,MO,ACE,CE,Combined TRACON& Tower with Radar,279,7,12,4,302,0,0,3,0,3,279,7,15,4,305,0,0,0,305
04/20/2023,MCI,MO,ACE,CE,Combined TRACON& Tower with Radar,321,12,11,0,344,0,0,0,2,2,321,12,11,2,346,0,0,0,346
04/21/2023,MCI,MO,ACE,CE,Combined TRACON& Tower with Radar,309,9,9,4,331,0,0,0,2,2,309,9,9,6,333,0,0,0,333
04/22/2023,MCI,MO,ACE,CE,Combined TRACON& Tower with Radar,221,11,0,0,232,0,0,0,0,0,221,11,0,0,232,0,0,0,232
04/23/2023,MCI,MO,ACE,CE,Combined TRACON& Tower with Radar,279,7,8,0,294,0,0,0,0,0,279,7,8,0,294,0,0,0,294
04/24/2023,MCI,MO,ACE,CE,Combined TRACON& Tower with Radar,296,3,8,0,307,0,1,1,0,2,296,4,9,0,309,0,0,0,309
04/25/2023,MCI,MO,ACE,CE,Combined TRACON& Tower with Radar,290,4,5,18,317,0,0,0,2,2,290,4,5,20,319,0,16,16,335
04/26/2023,MCI,MO,ACE,CE,Combined TRACON& Tower with Radar,290,6,10,4,310,0,0,5,0,5,290,6,15,4,315,0,0,0,315
04/27/2023,MCI,MO,ACE,CE,Combined TRACON& Tower with Radar,309,11,10,2,332,0,0,2,3,5,309,11,12,5,337,0,0,0,337
04/28/2023,MCI,MO,ACE,CE,Combined TRACON& Tower with Radar,307,5,12,0,324,0,2,2,0,4,307,7,14,0,328,0,0,0,328
04/29/2023,MCI,MO,ACE,CE,Combined TRACON& Tower with Radar,230,5,2,1,238,0,2,4,0,6,230,7,6,1,244,4,0,4,248
04/30/2023,MCI,MO,ACE,CE,Combined TRACON& Tower with Radar,263,3,5,1,272,0,1,3,0,4,263,4,8,1,276,0,0,0,276
05/01/2023,MCI,MO,ACE,CE,Combined TRACON& Tower with Radar,305,7,8,0,320,0,1,3,0,4,305,8,11,0,324,0,0,0,324
05/02/2023,MCI,MO,ACE,CE,Combined TRACON& Tower with Radar,304,2,14,0,320,0,0,2,0,2,304,2,16,0,322,0,0,0,322
05/03/2023,MCI,MO,ACE,CE,Combined TRACON& Tower with Radar,297,12,9,4,322,0,3,2,0,5,297,15,11,4,327,0,0,0,327
05/04/2023,MCI,MO,ACE,CE,Combined TRACON& Tower with Radar,301,8,18,2,329,0,0,17,0,17,301,8,35,2,346,0,0,0,346
05/05/2023,MCI,MO,ACE,CE,Combined TRACON& Tower with Radar,303,5,9,0,317,0,0,2,0,2,303,5,11,0,319,2,0,2,321
05/06/2023,MCI,MO,ACE,CE,Combined TRACON& Tower with Radar,235,2,22,0,259,0,0,0,0,0,235,2,22,0,259,0,0,0,259
05/07/2023,MCI,MO,ACE,CE,Combined TRACON& Tower with Radar,272,14,22,0,308,0,0,0,0,0,272,14,22,0,308,0,0,0,308
05/08/2023,MCI,MO,ACE,CE,Combined TRACON& Tower with Radar,293,7,8,0,308,0,0,3,0,3,293,7,11,0,311,0,0,0,311
05/09/2023,MCI,MO,ACE,CE,Combined TRACON& Tower with Radar,306,13,1,0,320,0,0,0,2,2,306,13,1,2,322,0,0,0,322
05/10/2023,MCI,MO,ACE,CE,Combined TRACON& Tower with Radar,297,9,5,8,319,0,0,10,2,12,297,9,15,10,331,0,0,0,331
05/11/2023,MCI,MO,ACE,CE,Combined TRACON& Tower with Radar,300,10,13,2,325,0,2,0,0,2,300,12,13,2,327,0,0,0,327
05/12/2023,MCI,MO,ACE,CE,Combined TRACON& Tower with Radar,311,11,4,0,326,0,0,2,0,2,311,11,6,0,328,0,0,0,328
05/13/2023,MCI,MO,ACE,CE,Combined TRACON& Tower with Radar,240,4,2,0,246,0,0,15,0,15,240,4,17,0,261,4,0,4,265
05/14/2023,MCI,MO,ACE,CE,Combined TRACON& Tower with Radar,276,7,0,0,283,0,0,0,0,0,276,7,0,0,283,0,0,0,283
05/15/2023,MCI,MO,ACE,CE,Combined TRACON& Tower with Radar,292,13,4,0,309,0,0,0,0,0,292,13,4,0,309,0,0,0,309
05/16/2023,MCI,MO,ACE,CE,Combined TRACON& Tower with Radar,300,12,10,2,324,0,2,1,0,3,300,14,11,2,327,0,0,0,327
05/17/2023,MCI,MO,ACE,CE,Combined TRACON& Tower with Radar,294,13,7,0,314,0,0,4,0,4,294,13,11,0,318,0,0,0,318
05/18/2023,MCI,MO,ACE,CE,Combined TRACON& Tower with Radar,299,15,6,0,320,0,0,0,0,0,299,15,6,0,320,0,0,0,320
05/19/2023,MCI,MO,ACE,CE,Combined TRACON& Tower with Radar,312,8,4,0,324,0,0,3,0,3,312,8,7,0,327,0,0,0,327
05/20/2023,MCI,MO,ACE,CE,Combined TRACON& Tower with Radar,245,12,3,0,260,0,0,1,0,1,245,12,4,0,261,0,0,0,261
05/21/2023,MCI,MO,ACE,CE,Combined TRACON& Tower with Radar,275,7,5,0,287,0,0,7,0,7,275,7,12,0,294,0,0,0,294
05/22/2023,MCI,MO,ACE,CE,Combined TRACON& Tower with Radar,301,11,6,2,320,0,0,5,0,5,301,11,11,2,325,0,0,0,325
05/23/2023,MCI,MO,ACE,CE,Combined TRACON& Tower with Radar,309,11,11,3,334,0,0,4,3,7,309,11,15,6,341,0,0,0,341
05/24/2023,MCI,MO,ACE,CE,Combined TRACON& Tower with Radar,299,15,4,14,332,0,0,7,1,8,299,15,11,15,340,0,0,0,340
05/25/2023,MCI,MO,ACE,CE,Combined TRACON& Tower with Radar,296,16,9,0,321,0,0,4,0,4,296,16,13,0,325,0,0,0,325
05/26/2023,MCI,MO,ACE,CE,Combined TRACON& Tower with Radar,311,14,6,0,331,0,0,4,0,4,311,14,10,0,335,4,0,4,339
05/27/2023,MCI,MO,ACE,CE,Combined TRACON& Tower with Radar,234,10,0,0,244,0,0,1,0,1,234,10,1,0,245,0,0,0,245
05/28/2023,MCI,MO,ACE,CE,Combined TRACON& Tower with Radar,254,5,2,0,261,0,0,4,0,4,254,5,6,0,265,0,0,0,265
05/29/2023,MCI,MO,ACE,CE,Combined TRACON& Tower with Radar,289,7,0,0,296,0,0,2,2,4,289,7,2,2,300,6,0,6,306
05/30/2023,MCI,MO,ACE,CE,Combined TRACON& Tower with Radar,290,11,4,0,305,0,0,0,4,4,290,11,4,4,309,0,4,4,313
05/31/2023,MCI,MO,ACE,CE,Combined TRACON& Tower with Radar,296,17,7,0,320,0,0,0,0,0,296,17,7,0,320,0,0,0,320
06/01/2023,MCI,MO,ACE,CE,Combined TRACON& Tower with Radar,312,13,11,0,336,0,0,1,0,1,312,13,12,0,337,0,0,0,337
06/02/2023,MCI,MO,ACE,CE,Combined TRACON& Tower with Radar,307,12,1,2,322,0,0,3,0,3,307,12,4,2,325,0,0,0,325
06/03/2023,MCI,MO,ACE,CE,Combined TRACON& Tower with Radar,240,10,9,0,259,0,0,1,0,1,240,10,10,0,260,0,0,0,260
06/04/2023,MCI,MO,ACE,CE,Combined TRACON& Tower with Radar,307,6,7,0,320,0,2,1,0,3,307,8,8,0,323,0,0,0,323
06/05/2023,MCI,MO,ACE,CE,Combined TRACON& Tower with Radar,308,7,10,0,325,0,0,1,0,1,308,7,11,0,326,0,0,0,326
06/06/2023,MCI,MO,ACE,CE,Combined TRACON& Tower with Radar,304,14,6,4,328,1,0,4,2,7,305,14,10,6,335,0,0,0,335
06/07/2023,MCI,MO,ACE,CE,Combined TRACON& Tower with Radar,309,11,12,4,336,0,3,10,0,13,309,14,22,4,349,0,0,0,349
06/08/2023,MCI,MO,ACE,CE,Combined TRACON& Tower with Radar,325,15,11,2,353,0,0,0,2,2,325,15,11,4,355,0,0,0,355
06/09/2023,MCI,MO,ACE,CE,Combined TRACON& Tower with Radar,329,10,14,5,358,0,0,5,11,16,329,10,19,16,374,0,16,16,390
06/10/2023,MCI,MO,ACE,CE,Combined TRACON& Tower with Radar,256,28,12,0,296,0,1,0,0,1,256,29,12,0,297,0,0,0,297
06/11/2023,MCI,MO,ACE,CE,Combined TRACON& Tower with Radar,307,30,23,0,360,0,0,5,0,5,307,30,28,0,365,0,0,0,365
06/12/2023,MCI,MO,ACE,CE,Combined TRACON& Tower with Radar,315,14,15,1,345,0,4,41,1,46,315,18,56,2,391,0,0,0,391
06/13/2023,MCI,MO,ACE,CE,Combined TRACON& Tower with Radar,309,11,9,7,336,0,0,2,1,3,309,11,11,8,339,0,0,0,339
06/14/2023,MCI,MO,ACE,CE,Combined TRACON& Tower with Radar,315,15,4,0,334,0,0,2,0,2,315,15,6,0,336,0,0,0,336
06/15/2023,MCI,MO,ACE,CE,Combined TRACON& Tower with Radar,324,16,14,0,354,0,0,1,0,1,324,16,15,0,355,0,0,0,355
06/16/2023,MCI,MO,ACE,CE,Combined TRACON& Tower with Radar,323,10,6,3,342,0,0,1,1,2,323,10,7,4,344,0,0,0,344
06/17/2023,MCI,MO,ACE,CE,Combined TRACON& Tower with Radar,252,12,3,1,268,0,0,2,0,2,252,12,5,1,270,0,0,0,270
06/18/2023,MCI,MO,ACE,CE,Combined TRACON& Tower with Radar,317,8,7,0,332,0,0,2,0,2,317,8,9,0,334,0,0,0,334
06/19/2023,MCI,MO,ACE,CE,Combined TRACON& Tower with Radar,311,15,1,6,333,0,0,10,2,12,311,15,11,8,345,0,0,0,345
06/20/2023,MCI,MO,ACE,CE,Combined TRACON& Tower with Radar,314,16,1,1,332,0,0,0,1,1,314,16,1,2,333,0,2,2,335
06/21/2023,MCI,MO,ACE,CE,Combined TRACON& Tower with Radar,297,20,13,3,333,0,1,5,1,7,297,21,18,4,340,0,0,0,340
06/22/2023,MCI,MO,ACE,CE,Combined TRACON& Tower with Radar,324,10,20,0,354,0,0,0,0,0,324,10,20,0,354,0,0,0,354
06/23/2023,MCI,MO,ACE,CE,Combined TRACON& Tower with Radar,338,10,6,4,358,0,0,4,0,4,338,10,10,4,362,0,6,6,368
06/24/2023,MCI,MO,ACE,CE,Combined TRACON& Tower with Radar,261,14,3,0,278,0,0,2,0,2,261,14,5,0,280,0,0,0,280
06/25/2023,MCI,MO,ACE,CE,Combined TRACON& Tower with Radar,300,10,9,0,319,0,0,3,0,3,300,10,12,0,322,0,0,0,322
06/26/2023,MCI,MO,ACE,CE,Combined TRACON& Tower with Radar,307,13,3,3,326,0,0,0,0,0,307,13,3,3,326,0,0,0,326
06/27/2023,MCI,MO,ACE,CE,Combined TRACON& Tower with Radar,302,7,8,4,321,0,0,7,0,7,302,7,15,4,328,0,0,0,328
06/28/2023,MCI,MO,ACE,CE,Combined TRACON& Tower with Radar,306,13,6,8,333,0,0,5,4,9,306,13,11,12,342,0,2,2,344
06/29/2023,MCI,MO,ACE,CE,Combined TRACON& Tower with Radar,322,10,17,0,349,0,0,4,0,4,322,10,21,0,353,0,0,0,353
06/30/2023,MCI,MO,ACE,CE,Combined TRACON& Tower with Radar,317,9,9,2,337,0,0,1,2,3,317,9,10,4,340,0,0,0,340
07/01/2023,MCI,MO,ACE,CE,Combined TRACON& Tower with Radar,283,7,1,0,291,0,0,1,0,1,283,7,2,0,292,0,0,0,292
07/02/2023,MCI,MO,ACE,CE,Combined TRACON& Tower with Radar,300,10,7,0,317,0,0,4,0,4,300,10,11,0,321,0,0,0,321
07/03/2023,MCI,MO,ACE,CE,Combined TRACON& Tower with Radar,283,4,1,0,288,0,0,1,0,1,283,4,2,0,289,0,0,0,289
07/04/2023,MCI,MO,ACE,CE,Combined TRACON& Tower with Radar,256,4,0,0,260,0,0,2,0,2,256,4,2,0,262,0,0,0,262
07/05/2023,MCI,MO,ACE,CE,Combined TRACON& Tower with Radar,297,2,2,0,301,0,2,0,0,2,297,4,2,0,303,4,0,4,307
07/06/2023,MCI,MO,ACE,CE,Combined TRACON& Tower with Radar,321,6,12,0,339,0,0,6,0,6,321,6,18,0,345,0,0,0,345
07/07/2023,MCI,MO,ACE,CE,Combined TRACON& Tower with Radar,318,4,8,6,336,0,0,0,0,0,318,4,8,6,336,0,0,0,336
07/08/2023,MCI,MO,ACE,CE,Combined TRACON& Tower with Radar,273,7,5,0,285,0,0,0,0,0,273,7,5,0,285,0,0,0,285
07/09/2023,MCI,MO,ACE,CE,Combined TRACON& Tower with Radar,305,2,12,0,319,0,0,4,0,4,305,2,16,0,323,0,0,0,323
07/10/2023,MCI,MO,ACE,CE,Combined TRACON& Tower with Radar,311,8,11,5,335,0,0,3,0,3,311,8,14,5,338,0,0,0,338
07/11/2023,MCI,MO,ACE,CE,Combined TRACON& Tower with Radar,335,4,3,6,348,0,0,1,6,7,335,4,4,12,355,0,0,0,355
07/12/2023,MCI,MO,ACE,CE,Combined TRACON& Tower with Radar,325,15,9,2,351,0,1,2,0,3,325,16,11,2,354,0,0,0,354
07/13/2023,MCI,MO,ACE,CE,Combined TRACON& Tower with Radar,347,14,5,0,366,0,2,1,0,3,347,16,6,0,369,0,0,0,369
07/14/2023,MCI,MO,ACE,CE,Combined TRACON& Tower with Radar,320,7,6,0,333,0,2,6,2,10,320,9,12,2,343,0,0,0,343
07/15/2023,MCI,MO,ACE,CE,Combined TRACON& Tower with Radar,286,4,7,1,298,0,0,6,0,6,286,4,13,1,304,0,0,0,304
07/16/2023,MCI,MO,ACE,CE,Combined TRACON& Tower with Radar,310,8,6,0,324,0,0,0,0,0,310,8,6,0,324,0,0,0,324
07/17/2023,MCI,MO,ACE,CE,Combined TRACON& Tower with Radar,340,3,4,0,347,0,0,2,0,2,340,3,6,0,349,0,0,0,349
07/18/2023,MCI,MO,ACE,CE,Combined TRACON& Tower with Radar,330,7,8,2,347,0,0,0,0,0,330,7,8,2,347,0,0,0,347
07/19/2023,MCI,MO,ACE,CE,Combined TRACON& Tower with Radar,321,4,16,2,343,0,0,10,2,12,321,4,26,4,355,6,0,6,361
07/20/2023,MCI,MO,ACE,CE,Combined TRACON& Tower with Radar,332,12,12,0,356,0,0,7,0,7,332,12,19,0,363,4,0,4,367
07/21/2023,MCI,MO,ACE,CE,Combined TRACON& Tower with Radar,341,3,4,4,352,0,4,8,0,12,341,7,12,4,364,0,0,0,364
07/22/2023,MCI,MO,ACE,CE,Combined TRACON& Tower with Radar,292,4,2,0,298,0,0,4,0,4,292,4,6,0,302,0,0,0,302
07/23/2023,MCI,MO,ACE,CE,Combined TRACON& Tower with Radar,320,4,7,2,333,0,0,1,0,1,320,4,8,2,334,0,0,0,334
07/24/2023,MCI,MO,ACE,CE,Combined TRACON& Tower with Radar,327,5,1,0,333,0,0,7,0,7,327,5,8,0,340,0,0,0,340
07/25/2023,MCI,MO,ACE,CE,Combined TRACON& Tower with Radar,327,8,13,3,351,0,2,10,0,12,327,10,23,3,363,0,0,0,363
07/26/2023,MCI,MO,ACE,CE,Combined TRACON& Tower with Radar,320,9,9,3,341,0,0,8,2,10,320,9,17,5,351,0,0,0,351
07/27/2023,MCI,MO,ACE,CE,Combined TRACON& Tower with Radar,336,3,4,5,348,0,3,9,2,14,336,6,13,7,362,2,0,2,364
07/28/2023,MCI,MO,ACE,CE,Combined TRACON& Tower with Radar,329,7,6,0,342,0,2,0,0,2,329,9,6,0,344,0,0,0,344
07/29/2023,MCI,MO,ACE,CE,Combined TRACON& Tower with Radar,282,7,3,0,292,0,0,0,0,0,282,7,3,0,292,0,0,0,292
07/30/2023,MCI,MO,ACE,CE,Combined TRACON& Tower with Radar,329,6,5,0,340,0,0,0,0,0,329,6,5,0,340,0,0,0,340
07/31/2023,MCI,MO,ACE,CE,Combined TRACON& Tower with Radar,331,8,7,4,350,0,2,3,0,5,331,10,10,4,355,0,0,0,355
08/01/2023,MCI,MO,ACE,CE,Combined TRACON& Tower with Radar,331,11,8,4,354,0,0,4,2,6,331,11,12,6,360,0,0,0,360
08/02/2023,MCI,MO,ACE,CE,Combined TRACON& Tower with Radar,320,13,5,2,340,0,0,4,0,4,320,13,9,2,344,6,0,6,350
08/03/2023,MCI,MO,ACE,CE,Combined TRACON& Tower with Radar,324,5,5,0,334,0,0,0,0,0,324,5,5,0,334,0,0,0,334
08/04/2023,MCI,MO,ACE,CE,Combined TRACON& Tower with Radar,349,5,2,0,356,0,0,1,0,1,349,5,3,0,357,0,0,0,357
08/05/2023,MCI,MO,ACE,CE,Combined TRACON& Tower with Radar,278,3,7,1,289,0,0,1,2,3,278,3,8,3,292,0,0,0,292
08/06/2023,MCI,MO,ACE,CE,Combined TRACON& Tower with Radar,309,10,3,1,323,0,0,1,0,1,309,10,4,1,324,0,0,0,324
08/07/2023,MCI,MO,ACE,CE,Combined TRACON& Tower with Radar,322,6,8,0,336,0,0,4,4,8,322,6,12,4,344,0,0,0,344
08/08/2023,MCI,MO,ACE,CE,Combined TRACON& Tower with Radar,328,5,8,6,347,0,0,9,0,9,328,5,17,6,356,0,0,0,356
08/09/2023,MCI,MO,ACE,CE,Combined TRACON& Tower with Radar,324,16,13,4,357,0,1,6,0,7,324,17,19,4,364,12,0,12,376
08/10/2023,MCI,MO,ACE,CE,Combined TRACON& Tower with Radar,332,17,12,0,361,0,1,9,7,17,332,18,21,7,378,0,0,0,378
08/11/2023,MCI,MO,ACE,CE,Combined TRACON& Tower with Radar,341,20,7,2,370,0,1,3,0,4,341,21,10,2,374,0,0,0,374
08/12/2023,MCI,MO,ACE,CE,Combined TRACON& Tower with Radar,277,15,4,0,296,0,4,1,0,5,277,19,5,0,301,0,0,0,301
08/13/2023,MCI,MO,ACE,CE,Combined TRACON& Tower with Radar,319,6,4,0,329,0,0,1,0,1,319,6,5,0,330,0,0,0,330
08/14/2023,MCI,MO,ACE,CE,Combined TRACON& Tower with Radar,325,9,2,0,336,0,0,0,0,0,325,9,2,0,336,0,0,0,336
08/15/2023,MCI,MO,ACE,CE,Combined TRACON& Tower with Radar,324,9,7,1,341,0,0,3,3,6,324,9,10,4,347,0,0,0,347
08/16/2023,MCI,MO,ACE,CE,Combined TRACON& Tower with Radar,331,7,1,1,340,0,0,12,1,13,331,7,13,2,353,0,0,0,353
08/17/2023,MCI,MO,ACE,CE,Combined TRACON& Tower with Radar,314,0,7,2,323,0,0,7,0,7,314,0,14,2,330,0,0,0,330
08/18/2023,MCI,MO,ACE,CE,Combined TRACON& Tower with Radar,317,6,8,0,331,0,0,3,0,3,317,6,11,0,334,0,0,0,334
08/19/2023,MCI,MO,ACE,CE,Combined TRACON& Tower with Radar,266,5,4,0,275,0,0,4,0,4,266,5,8,0,279,2,0,2,281
08/20/2023,MCI,MO,ACE,CE,Combined TRACON& Tower with Radar,299,2,3,1,305,0,0,3,0,3,299,2,6,1,308,0,0,0,308
08/21/2023,MCI,MO,ACE,CE,Combined TRACON& Tower with Radar,314,4,4,3,325,0,0,4,0,4,314,4,8,3,329,0,0,0,329
08/22/2023,MCI,MO,ACE,CE,Combined TRACON& Tower with Radar,320,0,4,13,337,0,0,0,5,5,320,0,4,18,342,0,0,0,342
08/23/2023,MCI,MO,ACE,CE,Combined TRACON& Tower with Radar,320,4,7,0,331,0,2,6,2,10,320,6,13,2,341,0,0,0,341
08/24/2023,MCI,MO,ACE,CE,Combined TRACON& Tower with Radar,322,4,3,6,335,0,0,10,0,10,322,4,13,6,345,0,0,0,345
08/25/2023,MCI,MO,ACE,CE,Combined TRACON& Tower with Radar,329,1,2,2,334,0,2,4,0,6,329,3,6,2,340,10,0,10,350
08/26/2023,MCI,MO,ACE,CE,Combined TRACON& Tower with Radar,270,3,12,0,285,0,0,0,0,0,270,3,12,0,285,0,0,0,285
08/27/2023,MCI,MO,ACE,CE,Combined TRACON& Tower with Radar,296,2,6,0,304,0,3,3,0,6,296,5,9,0,310,0,0,0,310
08/28/2023,MCI,MO,ACE,CE,Combined TRACON& Tower with Radar,311,7,7,2,327,0,0,2,0,2,311,7,9,2,329,0,0,0,329
08/29/2023,MCI,MO,ACE,CE,Combined TRACON& Tower with Radar,313,7,4,2,326,0,2,4,0,6,313,9,8,2,332,0,0,0,332
08/30/2023,MCI,MO,ACE,CE,Combined TRACON& Tower with Radar,321,10,10,2,343,0,2,17,0,19,321,12,27,2,362,14,0,14,376
08/31/2023,MCI,MO,ACE,CE,Combined TRACON& Tower with Radar,315,8,8,0,331,0,2,5,10,17,315,10,13,10,348,2,10,12,360
