01/01/2000,MCN,GA,ASO,ES,Federal Contract Tower,2,4,29,0,35,2,0,4,0,6,4,4,33,0,41,0,0,0,41
01/02/2000,MCN,GA,ASO,ES,Federal Contract Tower,3,4,20,0,27,0,0,25,0,25,3,4,45,0,52,0,0,0,52
01/03/2000,MCN,GA,ASO,ES,Federal Contract Tower,3,6,37,1,47,0,0,17,5,22,3,6,54,6,69,16,2,18,87
01/04/2000,MCN,GA,ASO,ES,Federal Contract Tower,2,8,35,1,46,0,0,1,3,4,2,8,36,4,50,4,0,4,54
01/05/2000,MCN,GA,ASO,ES,Federal Contract Tower,0,14,46,1,61,0,0,65,5,70,0,14,111,6,131,16,0,16,147
01/06/2000,MCN,GA,ASO,ES,Federal Contract Tower,0,12,50,0,62,0,0,49,0,49,0,12,99,0,111,20,0,20,131
01/07/2000,MCN,GA,ASO,ES,Federal Contract Tower,3,12,36,0,51,0,5,63,0,68,3,17,99,0,119,28,0,28,147
01/08/2000,MCN,GA,ASO,ES,Federal Contract Tower,2,8,25,0,35,0,0,93,0,93,2,8,118,0,128,15,0,15,143
01/09/2000,MCN,GA,ASO,ES,Federal Contract Tower,1,7,30,1,39,0,0,4,1,5,1,7,34,2,44,0,0,0,44
01/10/2000,MCN,GA,ASO,ES,Federal Contract Tower,3,13,34,1,51,2,1,24,2,29,5,14,58,3,80,0,0,0,80
01/11/2000,MCN,GA,ASO,ES,Federal Contract Tower,0,17,49,2,68,0,14,19,6,39,0,31,68,8,107,4,2,6,113
01/12/2000,MCN,GA,ASO,ES,Federal Contract Tower,3,10,44,0,57,0,0,73,0,73,3,10,117,0,130,8,0,8,138
01/13/2000,MCN,GA,ASO,ES,Federal Contract Tower,0,8,23,1,32,0,4,38,0,42,0,12,61,1,74,0,0,0,74
01/14/2000,MCN,GA,ASO,ES,Federal Contract Tower,1,9,25,0,35,1,5,54,0,60,2,14,79,0,95,12,0,12,107
01/15/2000,MCN,GA,ASO,ES,Federal Contract Tower,2,4,30,0,36,1,0,31,0,32,3,4,61,0,68,0,0,0,68
01/16/2000,MCN,GA,ASO,ES,Federal Contract Tower,2,5,36,0,43,1,0,16,0,17,3,5,52,0,60,8,0,8,68
01/17/2000,MCN,GA,ASO,ES,Federal Contract Tower,0,9,39,0,48,0,0,26,0,26,0,9,65,0,74,18,0,18,92
01/18/2000,MCN,GA,ASO,ES,Federal Contract Tower,1,7,29,0,37,1,0,35,0,36,2,7,64,0,73,0,0,0,73
01/19/2000,MCN,GA,ASO,ES,Federal Contract Tower,1,9,26,2,38,0,2,44,0,46,1,11,70,2,84,0,0,0,84
01/20/2000,MCN,GA,ASO,ES,Federal Contract Tower,3,18,52,0,73,0,19,12,0,31,3,37,64,0,104,4,0,4,108
01/21/2000,MCN,GA,ASO,ES,Federal Contract Tower,1,7,19,0,27,2,0,77,0,79,3,7,96,0,106,8,0,8,114
01/22/2000,MCN,GA,ASO,ES,Federal Contract Tower,1,6,23,0,30,1,0,36,0,37,2,6,59,0,67,8,0,8,75
01/23/2000,MCN,GA,ASO,ES,Federal Contract Tower,0,4,6,0,10,0,3,0,0,3,0,7,6,0,13,0,0,0,13
01/24/2000,MCN,GA,ASO,ES,Federal Contract Tower,1,7,18,0,26,0,3,0,0,3,1,10,18,0,29,0,0,0,29
01/25/2000,MCN,GA,ASO,ES,Federal Contract Tower,2,5,36,2,45,0,0,56,2,58,2,5,92,4,103,14,0,14,117
01/26/2000,MCN,GA,ASO,ES,Federal Contract Tower,1,8,24,1,34,3,0,31,0,34,4,8,55,1,68,0,2,2,70
01/27/2000,MCN,GA,ASO,ES,Federal Contract Tower,1,11,29,1,42,1,3,53,3,60,2,14,82,4,102,26,0,26,128
01/28/2000,MCN,GA,ASO,ES,Federal Contract Tower,1,9,17,0,27,4,7,0,0,11,5,16,17,0,38,0,0,0,38
01/29/2000,MCN,GA,ASO,ES,Federal Contract Tower,0,4,8,0,12,0,4,0,0,4,0,8,8,0,16,0,0,0,16
01/30/2000,MCN,GA,ASO,ES,Federal Contract Tower,0,4,8,0,12,2,2,0,0,4,2,6,8,0,16,0,0,0,16
01/31/2000,MCN,GA,ASO,ES,Federal Contract Tower,2,8,37,0,47,1,0,23,0,24,3,8,60,0,71,13,0,13,84
02/01/2000,MCN,GA,ASO,ES,Federal Contract Tower,3,13,50,31,97,0,0,27,28,55,3,13,77,59,152,22,2,24,176
02/02/2000,MCN,GA,ASO,ES,Federal Contract Tower,2,12,52,33,99,0,0,25,4,29,2,12,77,37,128,40,0,40,168
02/03/2000,MCN,GA,ASO,ES,Federal Contract Tower,0,13,43,18,74,0,3,48,0,51,0,16,91,18,125,0,2,2,127
02/04/2000,MCN,GA,ASO,ES,Federal Contract Tower,0,16,53,34,103,0,1,46,13,60,0,17,99,47,163,0,0,0,163
02/05/2000,MCN,GA,ASO,ES,Federal Contract Tower,3,8,33,15,59,1,0,21,0,22,4,8,54,15,81,0,0,0,81
02/06/2000,MCN,GA,ASO,ES,Federal Contract Tower,1,5,35,22,63,0,0,31,0,31,1,5,66,22,94,0,0,0,94
02/07/2000,MCN,GA,ASO,ES,Federal Contract Tower,2,7,44,28,81,0,0,25,1,26,2,7,69,29,107,14,0,14,121
02/08/2000,MCN,GA,ASO,ES,Federal Contract Tower,3,7,37,24,71,2,0,78,7,87,5,7,115,31,158,0,0,0,158
02/09/2000,MCN,GA,ASO,ES,Federal Contract Tower,3,7,36,23,69,0,0,90,1,91,3,7,126,24,160,16,0,16,176
02/10/2000,MCN,GA,ASO,ES,Federal Contract Tower,4,15,49,30,98,2,2,60,4,68,6,17,109,34,166,4,0,4,170
02/11/2000,MCN,GA,ASO,ES,Federal Contract Tower,2,9,46,29,86,0,0,47,16,63,2,9,93,45,149,14,0,14,163
02/12/2000,MCN,GA,ASO,ES,Federal Contract Tower,1,6,22,10,39,0,6,3,0,9,1,12,25,10,48,0,0,0,48
02/13/2000,MCN,GA,ASO,ES,Federal Contract Tower,0,3,12,0,15,1,0,8,0,9,1,3,20,0,24,0,0,0,24
02/14/2000,MCN,GA,ASO,ES,Federal Contract Tower,2,12,47,30,91,1,0,39,9,49,3,12,86,39,140,0,0,0,140
02/15/2000,MCN,GA,ASO,ES,Federal Contract Tower,2,13,40,21,76,3,5,36,0,44,5,18,76,21,120,16,0,16,136
02/16/2000,MCN,GA,ASO,ES,Federal Contract Tower,2,9,41,26,78,0,0,58,5,63,2,9,99,31,141,0,0,0,141
02/17/2000,MCN,GA,ASO,ES,Federal Contract Tower,1,8,25,0,34,1,10,63,0,74,2,18,88,0,108,0,0,0,108
02/18/2000,MCN,GA,ASO,ES,Federal Contract Tower,1,11,32,20,64,0,2,0,1,3,1,13,32,21,67,0,0,0,67
02/19/2000,MCN,GA,ASO,ES,Federal Contract Tower,1,7,21,0,29,1,0,21,0,22,2,7,42,0,51,0,4,4,55
02/20/2000,MCN,GA,ASO,ES,Federal Contract Tower,2,8,38,6,54,0,0,26,0,26,2,8,64,6,80,30,0,30,110
02/21/2000,MCN,GA,ASO,ES,Federal Contract Tower,1,10,30,9,50,3,2,42,0,47,4,12,72,9,97,16,0,16,113
02/22/2000,MCN,GA,ASO,ES,Federal Contract Tower,2,10,34,12,58,3,11,60,0,74,5,21,94,12,132,0,0,0,132
02/23/2000,MCN,GA,ASO,ES,Federal Contract Tower,1,10,34,21,66,0,3,61,3,67,1,13,95,24,133,12,0,12,145
02/24/2000,MCN,GA,ASO,ES,Federal Contract Tower,3,12,51,31,97,0,0,61,11,72,3,12,112,42,169,0,0,0,169
02/25/2000,MCN,GA,ASO,ES,Federal Contract Tower,1,12,40,24,77,0,4,59,8,71,1,16,99,32,148,16,0,16,164
02/26/2000,MCN,GA,ASO,ES,Federal Contract Tower,0,4,22,8,34,0,0,35,0,35,0,4,57,8,69,8,0,8,77
02/27/2000,MCN,GA,ASO,ES,Federal Contract Tower,1,5,19,1,26,1,1,8,0,10,2,6,27,1,36,0,0,0,36
02/28/2000,MCN,GA,ASO,ES,Federal Contract Tower,1,9,31,17,58,0,5,80,0,85,1,14,111,17,143,20,0,20,163
02/29/2000,MCN,GA,ASO,ES,Federal Contract Tower,2,12,49,29,92,0,0,69,0,69,2,12,118,29,161,4,0,4,165
03/01/2000,MCN,GA,ASO,ES,Federal Contract Tower,2,15,42,5,64,0,0,38,2,40,2,15,80,7,104,10,0,10,114
03/02/2000,MCN,GA,ASO,ES,Federal Contract Tower,2,8,24,0,34,0,5,48,0,53,2,13,72,0,87,10,0,10,97
03/03/2000,MCN,GA,ASO,ES,Federal Contract Tower,3,10,28,3,44,0,0,70,1,71,3,10,98,4,115,0,0,0,115
03/04/2000,MCN,GA,ASO,ES,Federal Contract Tower,2,4,27,3,36,1,0,4,5,10,3,4,31,8,46,0,0,0,46
03/05/2000,MCN,GA,ASO,ES,Federal Contract Tower,2,5,33,4,44,0,0,44,9,53,2,5,77,13,97,10,0,10,107
03/06/2000,MCN,GA,ASO,ES,Federal Contract Tower,1,12,35,5,53,0,2,21,2,25,1,14,56,7,78,8,0,8,86
03/07/2000,MCN,GA,ASO,ES,Federal Contract Tower,1,11,32,2,46,0,8,23,0,31,1,19,55,2,77,12,0,12,89
03/08/2000,MCN,GA,ASO,ES,Federal Contract Tower,2,10,39,0,51,0,0,40,0,40,2,10,79,0,91,20,0,20,111
03/09/2000,MCN,GA,ASO,ES,Federal Contract Tower,2,10,30,3,45,0,0,57,0,57,2,10,87,3,102,6,0,6,108
03/10/2000,MCN,GA,ASO,ES,Federal Contract Tower,2,8,22,2,34,0,0,39,0,39,2,8,61,2,73,10,0,10,83
03/11/2000,MCN,GA,ASO,ES,Federal Contract Tower,1,4,15,0,20,0,0,6,0,6,1,4,21,0,26,0,0,0,26
03/12/2000,MCN,GA,ASO,ES,Federal Contract Tower,1,9,33,2,45,0,0,25,0,25,1,9,58,2,70,8,0,8,78
03/13/2000,MCN,GA,ASO,ES,Federal Contract Tower,1,7,29,2,39,0,0,62,0,62,1,7,91,2,101,26,0,26,127
03/14/2000,MCN,GA,ASO,ES,Federal Contract Tower,1,11,30,0,42,0,5,18,0,23,1,16,48,0,65,0,0,0,65
03/15/2000,MCN,GA,ASO,ES,Federal Contract Tower,0,6,17,0,23,0,1,70,0,71,0,7,87,0,94,0,0,0,94
03/16/2000,MCN,GA,ASO,ES,Federal Contract Tower,0,11,30,3,44,0,3,18,0,21,0,14,48,3,65,0,0,0,65
03/17/2000,MCN,GA,ASO,ES,Federal Contract Tower,2,5,35,2,44,0,0,82,0,82,2,5,117,2,126,6,0,6,132
03/18/2000,MCN,GA,ASO,ES,Federal Contract Tower,1,2,17,0,20,5,0,31,0,36,6,2,48,0,56,0,0,0,56
03/19/2000,MCN,GA,ASO,ES,Federal Contract Tower,1,5,16,0,22,0,0,6,0,6,1,5,22,0,28,0,0,0,28
03/20/2000,MCN,GA,ASO,ES,Federal Contract Tower,1,7,18,0,26,2,0,38,0,40,3,7,56,0,66,4,0,4,70
03/21/2000,MCN,GA,ASO,ES,Federal Contract Tower,2,8,29,2,41,1,0,75,0,76,3,8,104,2,117,30,0,30,147
03/22/2000,MCN,GA,ASO,ES,Federal Contract Tower,2,13,33,4,52,2,4,52,0,58,4,17,85,4,110,16,0,16,126
03/23/2000,MCN,GA,ASO,ES,Federal Contract Tower,2,11,30,0,43,0,2,64,0,66,2,13,94,0,109,26,0,26,135
03/24/2000,MCN,GA,ASO,ES,Federal Contract Tower,1,8,27,3,39,1,0,56,1,58,2,8,83,4,97,6,0,6,103
03/25/2000,MCN,GA,ASO,ES,Federal Contract Tower,1,7,19,0,27,2,0,39,0,41,3,7,58,0,68,10,0,10,78
03/26/2000,MCN,GA,ASO,ES,Federal Contract Tower,1,7,18,2,28,0,0,37,0,37,1,7,55,2,65,2,0,2,67
03/27/2000,MCN,GA,ASO,ES,Federal Contract Tower,1,8,20,2,31,1,4,20,3,28,2,12,40,5,59,0,0,0,59
03/28/2000,MCN,GA,ASO,ES,Federal Contract Tower,3,8,44,5,60,0,0,32,28,60,3,8,76,33,120,6,0,6,126
03/29/2000,MCN,GA,ASO,ES,Federal Contract Tower,1,17,44,5,67,0,13,51,1,65,1,30,95,6,132,8,4,12,144
03/30/2000,MCN,GA,ASO,ES,Federal Contract Tower,2,11,31,0,44,1,10,8,0,19,3,21,39,0,63,4,0,4,67
03/31/2000,MCN,GA,ASO,ES,Federal Contract Tower,2,8,31,4,45,1,0,63,2,66,3,8,94,6,111,10,2,12,123
04/01/2000,MCN,GA,ASO,ES,Federal Contract Tower,2,5,28,4,39,1,0,71,0,72,3,5,99,4,111,16,0,16,127
04/02/2000,MCN,GA,ASO,ES,Federal Contract Tower,0,10,41,10,61,0,0,10,16,26,0,10,51,26,87,0,0,0,87
04/03/2000,MCN,GA,ASO,ES,Federal Contract Tower,1,9,29,7,46,0,0,14,4,18,1,9,43,11,64,4,10,14,78
04/04/2000,MCN,GA,ASO,ES,Federal Contract Tower,2,6,31,8,47,1,0,33,4,38,3,6,64,12,85,12,0,12,97
04/05/2000,MCN,GA,ASO,ES,Federal Contract Tower,0,14,40,10,64,0,6,74,11,91,0,20,114,21,155,26,0,26,181
04/06/2000,MCN,GA,ASO,ES,Federal Contract Tower,0,9,27,6,42,0,6,47,0,53,0,15,74,6,95,8,8,16,111
04/07/2000,MCN,GA,ASO,ES,Federal Contract Tower,2,10,31,8,51,0,0,67,0,67,2,10,98,8,118,4,6,10,128
04/08/2000,MCN,GA,ASO,ES,Federal Contract Tower,2,5,22,6,35,1,0,15,0,16,3,5,37,6,51,0,0,0,51
04/09/2000,MCN,GA,ASO,ES,Federal Contract Tower,2,9,24,0,35,1,0,63,0,64,3,9,87,0,99,12,0,12,111
04/10/2000,MCN,GA,ASO,ES,Federal Contract Tower,2,11,30,4,47,0,2,64,0,66,2,13,94,4,113,0,0,0,113
04/11/2000,MCN,GA,ASO,ES,Federal Contract Tower,2,12,34,10,58,2,0,53,4,59,4,12,87,14,117,0,6,6,123
04/12/2000,MCN,GA,ASO,ES,Federal Contract Tower,1,18,47,12,78,0,7,63,6,76,1,25,110,18,154,22,6,28,182
04/13/2000,MCN,GA,ASO,ES,Federal Contract Tower,0,15,40,10,65,0,6,53,6,65,0,21,93,16,130,0,0,0,130
04/14/2000,MCN,GA,ASO,ES,Federal Contract Tower,0,9,23,0,32,0,4,16,0,20,0,13,39,0,52,0,0,0,52
04/15/2000,MCN,GA,ASO,ES,Federal Contract Tower,1,6,15,0,22,1,1,39,0,41,2,7,54,0,63,0,0,0,63
04/16/2000,MCN,GA,ASO,ES,Federal Contract Tower,0,8,25,7,40,0,0,52,1,53,0,8,77,8,93,8,0,8,101
04/17/2000,MCN,GA,ASO,ES,Federal Contract Tower,1,10,32,7,50,3,0,27,0,30,4,10,59,7,80,10,0,10,90
04/18/2000,MCN,GA,ASO,ES,Federal Contract Tower,1,9,30,8,48,0,0,71,0,71,1,9,101,8,119,12,0,12,131
04/19/2000,MCN,GA,ASO,ES,Federal Contract Tower,0,12,42,12,66,0,0,73,9,82,0,12,115,21,148,6,0,6,154
04/20/2000,MCN,GA,ASO,ES,Federal Contract Tower,0,18,48,14,80,0,10,50,8,68,0,28,98,22,148,2,0,2,150
04/21/2000,MCN,GA,ASO,ES,Federal Contract Tower,2,10,39,6,57,3,0,33,0,36,5,10,72,6,93,4,0,4,97
04/22/2000,MCN,GA,ASO,ES,Federal Contract Tower,1,5,20,3,29,2,0,58,0,60,3,5,78,3,89,0,0,0,89
04/23/2000,MCN,GA,ASO,ES,Federal Contract Tower,1,6,20,2,29,1,0,18,0,19,2,6,38,2,48,0,0,0,48
04/24/2000,MCN,GA,ASO,ES,Federal Contract Tower,1,7,19,1,28,1,5,1,0,7,2,12,20,1,35,0,0,0,35
04/25/2000,MCN,GA,ASO,ES,Federal Contract Tower,1,11,29,8,49,1,0,42,0,43,2,11,71,8,92,14,0,14,106
04/26/2000,MCN,GA,ASO,ES,Federal Contract Tower,2,13,35,8,58,0,1,75,0,76,2,14,110,8,134,4,0,4,138
04/27/2000,MCN,GA,ASO,ES,Federal Contract Tower,2,13,38,2,55,1,1,95,0,97,3,14,133,2,152,22,0,22,174
04/28/2000,MCN,GA,ASO,ES,Federal Contract Tower,1,8,32,0,41,3,0,28,0,31,4,8,60,0,72,0,0,0,72
04/29/2000,MCN,GA,ASO,ES,Federal Contract Tower,1,8,25,1,35,0,0,52,0,52,1,8,77,1,87,2,0,2,89
04/30/2000,MCN,GA,ASO,ES,Federal Contract Tower,0,6,26,6,38,0,0,63,2,65,0,6,89,8,103,14,0,14,117
05/01/2000,MCN,GA,ASO,ES,Federal Contract Tower,2,8,30,0,40,0,5,30,0,35,2,13,60,0,75,0,0,0,75
05/02/2000,MCN,GA,ASO,ES,Federal Contract Tower,4,6,27,3,40,0,2,30,1,33,4,8,57,4,73,0,0,0,73
05/03/2000,MCN,GA,ASO,ES,Federal Contract Tower,4,9,36,4,53,0,6,25,2,33,4,15,61,6,86,0,0,0,86
05/04/2000,MCN,GA,ASO,ES,Federal Contract Tower,2,7,28,2,39,0,4,38,0,42,2,11,66,2,81,18,0,18,99
05/05/2000,MCN,GA,ASO,ES,Federal Contract Tower,0,13,48,5,66,0,13,91,3,107,0,26,139,8,173,18,12,30,203
05/06/2000,MCN,GA,ASO,ES,Federal Contract Tower,0,8,38,2,48,0,0,36,0,36,0,8,74,2,84,14,0,14,98
05/07/2000,MCN,GA,ASO,ES,Federal Contract Tower,2,7,30,2,41,0,1,62,0,63,2,8,92,2,104,4,0,4,108
05/08/2000,MCN,GA,ASO,ES,Federal Contract Tower,6,14,51,5,76,2,7,6,5,20,8,21,57,10,96,10,0,10,106
05/09/2000,MCN,GA,ASO,ES,Federal Contract Tower,3,7,24,0,34,0,5,39,0,44,3,12,63,0,78,4,0,4,82
05/10/2000,MCN,GA,ASO,ES,Federal Contract Tower,0,10,42,2,54,0,0,45,0,45,0,10,87,2,99,4,8,12,111
05/11/2000,MCN,GA,ASO,ES,Federal Contract Tower,4,7,41,5,57,1,0,46,4,51,5,7,87,9,108,0,0,0,108
05/12/2000,MCN,GA,ASO,ES,Federal Contract Tower,3,11,37,4,55,0,0,19,0,19,3,11,56,4,74,2,0,2,76
05/13/2000,MCN,GA,ASO,ES,Federal Contract Tower,3,4,32,0,39,5,0,9,0,14,8,4,41,0,53,6,0,6,59
05/14/2000,MCN,GA,ASO,ES,Federal Contract Tower,1,8,24,3,36,0,0,9,1,10,1,8,33,4,46,8,0,8,54
05/15/2000,MCN,GA,ASO,ES,Federal Contract Tower,3,10,37,5,55,0,0,31,7,38,3,10,68,12,93,0,0,0,93
05/16/2000,MCN,GA,ASO,ES,Federal Contract Tower,3,10,38,0,51,0,0,53,0,53,3,10,91,0,104,10,0,10,114
05/17/2000,MCN,GA,ASO,ES,Federal Contract Tower,2,6,33,4,45,0,0,45,2,47,2,6,78,6,92,0,0,0,92
05/18/2000,MCN,GA,ASO,ES,Federal Contract Tower,2,8,24,3,37,0,0,62,0,62,2,8,86,3,99,0,0,0,99
05/19/2000,MCN,GA,ASO,ES,Federal Contract Tower,0,9,47,6,62,0,0,14,3,17,0,9,61,9,79,0,0,0,79
05/20/2000,MCN,GA,ASO,ES,Federal Contract Tower,2,8,29,0,39,2,0,26,0,28,4,8,55,0,67,10,0,10,77
05/21/2000,MCN,GA,ASO,ES,Federal Contract Tower,4,14,44,2,64,13,2,0,0,15,17,16,44,2,79,8,0,8,87
05/22/2000,MCN,GA,ASO,ES,Federal Contract Tower,3,7,41,4,55,1,0,23,7,31,4,7,64,11,86,8,0,8,94
05/23/2000,MCN,GA,ASO,ES,Federal Contract Tower,3,9,34,3,49,0,0,32,7,39,3,9,66,10,88,20,10,30,118
05/24/2000,MCN,GA,ASO,ES,Federal Contract Tower,2,8,36,2,48,0,0,31,0,31,2,8,67,2,79,10,0,10,89
05/25/2000,MCN,GA,ASO,ES,Federal Contract Tower,2,7,23,0,32,1,0,53,0,54,3,7,76,0,86,14,0,14,100
05/26/2000,MCN,GA,ASO,ES,Federal Contract Tower,2,10,38,3,53,0,0,25,0,25,2,10,63,3,78,14,0,14,92
05/27/2000,MCN,GA,ASO,ES,Federal Contract Tower,3,6,34,2,45,0,0,22,0,22,3,6,56,2,67,2,0,2,69
05/28/2000,MCN,GA,ASO,ES,Federal Contract Tower,1,6,20,0,27,3,0,2,0,5,4,6,22,0,32,4,0,4,36
05/29/2000,MCN,GA,ASO,ES,Federal Contract Tower,3,11,35,0,49,3,2,14,0,19,6,13,49,0,68,12,0,12,80
05/30/2000,MCN,GA,ASO,ES,Federal Contract Tower,4,13,42,2,61,2,2,30,0,34,6,15,72,2,95,14,0,14,109
05/31/2000,MCN,GA,ASO,ES,Federal Contract Tower,1,14,47,2,64,0,0,67,0,67,1,14,114,2,131,4,0,4,135
06/01/2000,MCN,GA,ASO,ES,Federal Contract Tower,3,6,26,0,35,0,5,57,0,62,3,11,83,0,97,0,0,0,97
06/02/2000,MCN,GA,ASO,ES,Federal Contract Tower,3,7,31,3,44,0,5,35,3,43,3,12,66,6,87,10,0,10,97
06/03/2000,MCN,GA,ASO,ES,Federal Contract Tower,4,7,29,0,40,0,0,12,0,12,4,7,41,0,52,4,0,4,56
06/04/2000,MCN,GA,ASO,ES,Federal Contract Tower,1,7,28,2,38,0,0,9,2,11,1,7,37,4,49,0,0,0,49
06/05/2000,MCN,GA,ASO,ES,Federal Contract Tower,1,10,39,0,50,0,3,26,0,29,1,13,65,0,79,10,0,10,89
06/06/2000,MCN,GA,ASO,ES,Federal Contract Tower,3,11,39,2,55,0,7,48,0,55,3,18,87,2,110,32,0,32,142
06/07/2000,MCN,GA,ASO,ES,Federal Contract Tower,2,8,30,2,42,0,0,48,2,50,2,8,78,4,92,12,0,12,104
06/08/2000,MCN,GA,ASO,ES,Federal Contract Tower,4,12,41,4,61,2,1,81,5,89,6,13,122,9,150,28,16,44,194
06/09/2000,MCN,GA,ASO,ES,Federal Contract Tower,2,7,24,2,35,0,3,59,1,63,2,10,83,3,98,12,0,12,110
06/10/2000,MCN,GA,ASO,ES,Federal Contract Tower,2,6,26,2,36,2,0,28,0,30,4,6,54,2,66,6,0,6,72
06/11/2000,MCN,GA,ASO,ES,Federal Contract Tower,2,8,25,3,38,0,0,39,3,42,2,8,64,6,80,16,0,16,96
06/12/2000,MCN,GA,ASO,ES,Federal Contract Tower,2,7,31,3,43,2,0,33,1,36,4,7,64,4,79,14,0,14,93
06/13/2000,MCN,GA,ASO,ES,Federal Contract Tower,2,7,30,0,39,1,0,45,0,46,3,7,75,0,85,0,0,0,85
06/14/2000,MCN,GA,ASO,ES,Federal Contract Tower,2,8,26,2,38,0,1,59,0,60,2,9,85,2,98,0,0,0,98
06/15/2000,MCN,GA,ASO,ES,Federal Contract Tower,2,10,32,4,48,2,7,35,0,44,4,17,67,4,92,12,0,12,104
06/16/2000,MCN,GA,ASO,ES,Federal Contract Tower,3,10,35,0,48,0,0,19,0,19,3,10,54,0,67,0,0,0,67
06/17/2000,MCN,GA,ASO,ES,Federal Contract Tower,2,5,30,0,37,2,0,58,0,60,4,5,88,0,97,6,0,6,103
06/18/2000,MCN,GA,ASO,ES,Federal Contract Tower,1,6,19,0,26,0,1,9,0,10,1,7,28,0,36,0,0,0,36
06/19/2000,MCN,GA,ASO,ES,Federal Contract Tower,3,5,39,0,47,1,0,12,0,13,4,5,51,0,60,8,2,10,70
06/20/2000,MCN,GA,ASO,ES,Federal Contract Tower,2,10,34,0,46,1,3,49,0,53,3,13,83,0,99,14,0,14,113
06/21/2000,MCN,GA,ASO,ES,Federal Contract Tower,3,11,40,2,56,1,0,31,0,32,4,11,71,2,88,0,6,6,94
06/22/2000,MCN,GA,ASO,ES,Federal Contract Tower,3,7,36,0,46,0,0,23,0,23,3,7,59,0,69,0,0,0,69
06/23/2000,MCN,GA,ASO,ES,Federal Contract Tower,0,8,39,3,50,0,0,17,9,26,0,8,56,12,76,10,0,10,86
06/24/2000,MCN,GA,ASO,ES,Federal Contract Tower,1,8,30,2,41,0,0,47,3,50,1,8,77,5,91,26,0,26,117
06/25/2000,MCN,GA,ASO,ES,Federal Contract Tower,3,10,37,2,52,2,0,10,0,12,5,10,47,2,64,0,0,0,64
06/26/2000,MCN,GA,ASO,ES,Federal Contract Tower,3,8,36,0,47,0,0,34,0,34,3,8,70,0,81,28,0,28,109
06/27/2000,MCN,GA,ASO,ES,Federal Contract Tower,2,8,49,0,59,0,0,34,0,34,2,8,83,0,93,22,0,22,115
06/28/2000,MCN,GA,ASO,ES,Federal Contract Tower,2,12,40,3,57,0,6,29,5,40,2,18,69,8,97,4,0,4,101
06/29/2000,MCN,GA,ASO,ES,Federal Contract Tower,2,8,43,0,53,0,0,30,0,30,2,8,73,0,83,0,0,0,83
06/30/2000,MCN,GA,ASO,ES,Federal Contract Tower,2,10,35,4,51,1,3,70,6,80,3,13,105,10,131,26,2,28,159
07/01/2000,MCN,GA,ASO,ES,Federal Contract Tower,2,5,20,0,27,0,1,32,0,33,2,6,52,0,60,0,0,0,60
07/02/2000,MCN,GA,ASO,ES,Federal Contract Tower,2,6,23,0,31,0,6,40,0,46,2,12,63,0,77,12,0,12,89
07/03/2000,MCN,GA,ASO,ES,Federal Contract Tower,4,3,29,0,36,0,0,29,0,29,4,3,58,0,65,4,0,4,69
07/04/2000,MCN,GA,ASO,ES,Federal Contract Tower,1,4,17,0,22,0,1,16,0,17,1,5,33,0,39,0,0,0,39
07/05/2000,MCN,GA,ASO,ES,Federal Contract Tower,4,9,35,5,53,0,0,36,0,36,4,9,71,5,89,0,0,0,89
07/06/2000,MCN,GA,ASO,ES,Federal Contract Tower,2,6,21,2,31,0,3,47,0,50,2,9,68,2,81,12,0,12,93
07/07/2000,MCN,GA,ASO,ES,Federal Contract Tower,0,8,22,0,30,0,0,65,0,65,0,8,87,0,95,0,6,6,101
07/08/2000,MCN,GA,ASO,ES,Federal Contract Tower,2,5,18,0,25,2,0,42,0,44,4,5,60,0,69,21,0,21,90
07/09/2000,MCN,GA,ASO,ES,Federal Contract Tower,2,7,20,0,29,0,0,17,0,17,2,7,37,0,46,0,0,0,46
07/10/2000,MCN,GA,ASO,ES,Federal Contract Tower,3,9,25,2,39,1,2,13,0,16,4,11,38,2,55,14,0,14,69
07/11/2000,MCN,GA,ASO,ES,Federal Contract Tower,3,9,27,2,41,4,1,38,0,43,7,10,65,2,84,10,0,10,94
07/12/2000,MCN,GA,ASO,ES,Federal Contract Tower,2,7,25,0,34,0,0,59,0,59,2,7,84,0,93,6,0,6,99
07/13/2000,MCN,GA,ASO,ES,Federal Contract Tower,2,9,24,0,35,0,0,50,0,50,2,9,74,0,85,10,18,28,113
07/14/2000,MCN,GA,ASO,ES,Federal Contract Tower,4,7,33,4,48,0,0,39,7,46,4,7,72,11,94,2,0,2,96
07/15/2000,MCN,GA,ASO,ES,Federal Contract Tower,2,7,21,0,30,1,0,44,0,45,3,7,65,0,75,0,0,0,75
07/16/2000,MCN,GA,ASO,ES,Federal Contract Tower,2,5,16,0,23,2,0,41,0,43,4,5,57,0,66,4,0,4,70
07/17/2000,MCN,GA,ASO,ES,Federal Contract Tower,2,6,27,4,39,0,0,55,2,57,2,6,82,6,96,2,0,2,98
07/18/2000,MCN,GA,ASO,ES,Federal Contract Tower,3,7,32,4,46,0,0,48,8,56,3,7,80,12,102,14,0,14,116
07/19/2000,MCN,GA,ASO,ES,Federal Contract Tower,2,4,18,0,24,2,0,45,0,47,4,4,63,0,71,20,0,20,91
07/20/2000,MCN,GA,ASO,ES,Federal Contract Tower,2,8,23,0,33,0,1,61,0,62,2,9,84,0,95,0,0,0,95
07/21/2000,MCN,GA,ASO,ES,Federal Contract Tower,3,10,31,0,44,0,1,60,0,61,3,11,91,0,105,4,0,4,109
07/22/2000,MCN,GA,ASO,ES,Federal Contract Tower,3,4,28,0,35,1,0,46,0,47,4,4,74,0,82,18,0,18,100
07/23/2000,MCN,GA,ASO,ES,Federal Contract Tower,1,6,19,0,26,0,4,6,0,10,1,10,25,0,36,0,0,0,36
07/24/2000,MCN,GA,ASO,ES,Federal Contract Tower,1,7,20,0,28,0,0,54,0,54,1,7,74,0,82,2,0,2,84
07/25/2000,MCN,GA,ASO,ES,Federal Contract Tower,3,14,41,2,60,0,3,60,0,63,3,17,101,2,123,14,0,14,137
07/26/2000,MCN,GA,ASO,ES,Federal Contract Tower,3,11,50,5,69,0,0,20,22,42,3,11,70,27,111,4,0,4,115
07/27/2000,MCN,GA,ASO,ES,Federal Contract Tower,2,6,19,0,27,0,4,52,0,56,2,10,71,0,83,24,8,32,115
07/28/2000,MCN,GA,ASO,ES,Federal Contract Tower,3,10,29,3,45,2,1,39,1,43,5,11,68,4,88,8,0,8,96
07/29/2000,MCN,GA,ASO,ES,Federal Contract Tower,2,5,18,2,27,3,3,11,0,17,5,8,29,2,44,12,0,12,56
07/30/2000,MCN,GA,ASO,ES,Federal Contract Tower,3,8,24,2,37,2,0,25,2,29,5,8,49,4,66,22,0,22,88
07/31/2000,MCN,GA,ASO,ES,Federal Contract Tower,3,9,26,2,40,0,3,33,10,46,3,12,59,12,86,14,18,32,118
08/01/2000,MCN,GA,ASO,ES,Federal Contract Tower,3,6,26,2,37,0,4,20,2,26,3,10,46,4,63,12,0,12,75
08/02/2000,MCN,GA,ASO,ES,Federal Contract Tower,5,8,40,1,54,0,2,27,0,29,5,10,67,1,83,8,0,8,91
08/03/2000,MCN,GA,ASO,ES,Federal Contract Tower,4,7,34,2,47,0,3,52,0,55,4,10,86,2,102,18,20,38,140
08/04/2000,MCN,GA,ASO,ES,Federal Contract Tower,2,6,26,2,36,0,1,29,2,32,2,7,55,4,68,2,0,2,70
08/05/2000,MCN,GA,ASO,ES,Federal Contract Tower,3,5,23,0,31,2,2,45,0,49,5,7,68,0,80,20,0,20,100
08/06/2000,MCN,GA,ASO,ES,Federal Contract Tower,2,3,21,2,28,0,0,15,4,19,2,3,36,6,47,32,0,32,79
08/07/2000,MCN,GA,ASO,ES,Federal Contract Tower,1,4,22,2,29,0,1,38,1,40,1,5,60,3,69,6,4,10,79
08/08/2000,MCN,GA,ASO,ES,Federal Contract Tower,3,8,45,4,60,0,0,36,8,44,3,8,81,12,104,20,0,20,124
08/09/2000,MCN,GA,ASO,ES,Federal Contract Tower,2,9,36,0,47,0,0,25,0,25,2,9,61,0,72,16,0,16,88
08/10/2000,MCN,GA,ASO,ES,Federal Contract Tower,2,9,32,4,47,0,5,12,0,17,2,14,44,4,64,4,0,4,68
08/11/2000,MCN,GA,ASO,ES,Federal Contract Tower,5,12,49,0,66,2,0,37,0,39,7,12,86,0,105,34,2,36,141
08/12/2000,MCN,GA,ASO,ES,Federal Contract Tower,2,5,20,0,27,0,1,19,0,20,2,6,39,0,47,6,0,6,53
08/13/2000,MCN,GA,ASO,ES,Federal Contract Tower,1,6,28,3,38,0,0,31,0,31,1,6,59,3,69,6,0,6,75
08/14/2000,MCN,GA,ASO,ES,Federal Contract Tower,3,5,27,3,38,0,0,24,5,29,3,5,51,8,67,0,0,0,67
08/15/2000,MCN,GA,ASO,ES,Federal Contract Tower,3,7,41,5,56,0,0,39,5,44,3,7,80,10,100,2,6,8,108
08/16/2000,MCN,GA,ASO,ES,Federal Contract Tower,3,8,35,4,50,0,0,47,4,51,3,8,82,8,101,26,2,28,129
08/17/2000,MCN,GA,ASO,ES,Federal Contract Tower,3,7,32,2,44,0,0,53,0,53,3,7,85,2,97,20,0,20,117
08/18/2000,MCN,GA,ASO,ES,Federal Contract Tower,3,7,26,0,36,1,2,41,0,44,4,9,67,0,80,14,0,14,94
08/19/2000,MCN,GA,ASO,ES,Federal Contract Tower,2,4,22,0,28,6,0,27,0,33,8,4,49,0,61,6,0,6,67
08/20/2000,MCN,GA,ASO,ES,Federal Contract Tower,2,4,20,2,28,2,0,6,0,8,4,4,26,2,36,14,0,14,50
08/21/2000,MCN,GA,ASO,ES,Federal Contract Tower,2,5,19,0,26,1,1,27,0,29,3,6,46,0,55,12,0,12,67
08/22/2000,MCN,GA,ASO,ES,Federal Contract Tower,2,7,25,0,34,2,1,34,0,37,4,8,59,0,71,16,0,16,87
08/23/2000,MCN,GA,ASO,ES,Federal Contract Tower,2,8,30,2,42,0,2,42,0,44,2,10,72,2,86,6,0,6,92
08/24/2000,MCN,GA,ASO,ES,Federal Contract Tower,2,7,46,4,59,0,0,45,0,45,2,7,91,4,104,16,0,16,120
08/25/2000,MCN,GA,ASO,ES,Federal Contract Tower,2,7,24,1,34,0,1,39,0,40,2,8,63,1,74,8,0,8,82
08/26/2000,MCN,GA,ASO,ES,Federal Contract Tower,2,4,22,2,30,1,0,36,2,39,3,4,58,4,69,16,0,16,85
08/27/2000,MCN,GA,ASO,ES,Federal Contract Tower,2,5,20,0,27,1,1,22,0,24,3,6,42,0,51,0,0,0,51
08/28/2000,MCN,GA,ASO,ES,Federal Contract Tower,3,7,32,0,42,0,0,64,0,64,3,7,96,0,106,2,0,2,108
08/29/2000,MCN,GA,ASO,ES,Federal Contract Tower,2,7,31,0,40,0,0,54,0,54,2,7,85,0,94,0,0,0,94
08/30/2000,MCN,GA,ASO,ES,Federal Contract Tower,4,12,46,4,66,0,0,38,6,44,4,12,84,10,110,0,4,4,114
08/31/2000,MCN,GA,ASO,ES,Federal Contract Tower,2,7,25,2,36,0,2,20,2,24,2,9,45,4,60,0,0,0,60
09/01/2000,MCN,GA,ASO,ES,Federal Contract Tower,2,5,19,1,27,0,3,18,4,25,2,8,37,5,52,0,0,0,52
09/02/2000,MCN,GA,ASO,ES,Federal Contract Tower,2,2,12,0,16,1,1,8,0,10,3,3,20,0,26,0,0,0,26
09/03/2000,MCN,GA,ASO,ES,Federal Contract Tower,2,4,14,0,20,1,1,0,0,2,3,5,14,0,22,0,0,0,22
09/04/2000,MCN,GA,ASO,ES,Federal Contract Tower,2,4,15,0,21,0,2,28,0,30,2,6,43,0,51,0,0,0,51
09/05/2000,MCN,GA,ASO,ES,Federal Contract Tower,2,6,23,1,32,0,4,20,0,24,2,10,43,1,56,0,0,0,56
09/06/2000,MCN,GA,ASO,ES,Federal Contract Tower,2,5,17,0,24,0,2,24,0,26,2,7,41,0,50,0,0,0,50
09/07/2000,MCN,GA,ASO,ES,Federal Contract Tower,2,6,18,0,26,0,0,40,0,40,2,6,58,0,66,0,0,0,66
09/08/2000,MCN,GA,ASO,ES,Federal Contract Tower,2,7,21,0,30,0,2,49,0,51,2,9,70,0,81,2,0,2,83
09/09/2000,MCN,GA,ASO,ES,Federal Contract Tower,2,6,20,0,28,0,0,24,0,24,2,6,44,0,52,4,0,4,56
09/10/2000,MCN,GA,ASO,ES,Federal Contract Tower,2,4,18,1,25,0,0,38,0,38,2,4,56,1,63,6,0,6,69
09/11/2000,MCN,GA,ASO,ES,Federal Contract Tower,2,7,22,0,31,1,5,61,0,67,3,12,83,0,98,18,0,18,116
09/12/2000,MCN,GA,ASO,ES,Federal Contract Tower,2,7,24,2,35,1,0,38,0,39,3,7,62,2,74,10,10,20,94
09/13/2000,MCN,GA,ASO,ES,Federal Contract Tower,2,7,22,0,31,0,2,49,0,51,2,9,71,0,82,28,0,28,110
09/14/2000,MCN,GA,ASO,ES,Federal Contract Tower,2,6,23,0,31,0,0,51,0,51,2,6,74,0,82,28,0,28,110
09/15/2000,MCN,GA,ASO,ES,Federal Contract Tower,1,7,22,0,30,0,2,35,0,37,1,9,57,0,67,0,0,0,67
09/16/2000,MCN,GA,ASO,ES,Federal Contract Tower,2,4,17,0,23,1,0,31,0,32,3,4,48,0,55,10,0,10,65
09/17/2000,MCN,GA,ASO,ES,Federal Contract Tower,3,7,28,2,40,3,0,38,0,41,6,7,66,2,81,8,4,12,93
09/18/2000,MCN,GA,ASO,ES,Federal Contract Tower,2,6,19,2,29,1,4,22,0,27,3,10,41,2,56,2,0,2,58
09/19/2000,MCN,GA,ASO,ES,Federal Contract Tower,2,9,28,3,42,0,0,37,3,40,2,9,65,6,82,8,0,8,90
09/20/2000,MCN,GA,ASO,ES,Federal Contract Tower,2,12,35,4,53,0,0,54,2,56,2,12,89,6,109,2,10,12,121
09/21/2000,MCN,GA,ASO,ES,Federal Contract Tower,0,6,23,3,32,0,0,50,4,54,0,6,73,7,86,4,0,4,90
09/22/2000,MCN,GA,ASO,ES,Federal Contract Tower,2,7,22,0,31,0,0,17,0,17,2,7,39,0,48,0,0,0,48
09/23/2000,MCN,GA,ASO,ES,Federal Contract Tower,3,5,29,0,37,0,0,47,0,47,3,5,76,0,84,22,0,22,106
09/24/2000,MCN,GA,ASO,ES,Federal Contract Tower,2,4,21,0,27,1,0,39,0,40,3,4,60,0,67,6,0,6,73
09/25/2000,MCN,GA,ASO,ES,Federal Contract Tower,2,8,24,0,34,4,3,9,0,16,6,11,33,0,50,0,0,0,50
09/26/2000,MCN,GA,ASO,ES,Federal Contract Tower,3,9,32,3,47,1,0,47,5,53,4,9,79,8,100,8,0,8,108
09/27/2000,MCN,GA,ASO,ES,Federal Contract Tower,2,8,32,3,45,0,0,66,5,71,2,8,98,8,116,14,0,14,130
09/28/2000,MCN,GA,ASO,ES,Federal Contract Tower,2,8,34,3,47,0,0,62,9,71,2,8,96,12,118,10,2,12,130
09/29/2000,MCN,GA,ASO,ES,Federal Contract Tower,1,10,34,3,48,0,0,78,11,89,1,10,112,14,137,24,0,24,161
09/30/2000,MCN,GA,ASO,ES,Federal Contract Tower,3,9,30,3,45,0,0,68,1,69,3,9,98,4,114,8,0,8,122
10/01/2000,MCN,GA,ASO,ES,Federal Contract Tower,2,6,25,5,38,0,0,57,5,62,2,6,82,10,100,6,0,6,106
10/02/2000,MCN,GA,ASO,ES,Federal Contract Tower,3,6,23,5,37,0,2,35,3,40,3,8,58,8,77,2,0,2,79
10/03/2000,MCN,GA,ASO,ES,Federal Contract Tower,3,9,35,4,51,0,1,48,0,49,3,10,83,4,100,20,0,20,120
10/04/2000,MCN,GA,ASO,ES,Federal Contract Tower,2,7,28,6,43,0,2,27,2,31,2,9,55,8,74,4,0,4,78
10/05/2000,MCN,GA,ASO,ES,Federal Contract Tower,2,6,22,4,34,0,4,45,0,49,2,10,67,4,83,2,0,2,85
10/06/2000,MCN,GA,ASO,ES,Federal Contract Tower,2,4,16,1,23,0,6,31,0,37,2,10,47,1,60,0,0,0,60
10/07/2000,MCN,GA,ASO,ES,Federal Contract Tower,2,3,15,0,20,1,0,35,0,36,3,3,50,0,56,14,0,14,70
10/08/2000,MCN,GA,ASO,ES,Federal Contract Tower,2,5,17,0,24,3,1,17,0,21,5,6,34,0,45,0,0,0,45
10/09/2000,MCN,GA,ASO,ES,Federal Contract Tower,3,8,25,6,42,0,3,30,0,33,3,11,55,6,75,14,0,14,89
10/10/2000,MCN,GA,ASO,ES,Federal Contract Tower,2,7,20,2,31,0,3,39,0,42,2,10,59,2,73,12,2,14,87
10/11/2000,MCN,GA,ASO,ES,Federal Contract Tower,3,12,38,9,62,0,0,59,11,70,3,12,97,20,132,20,0,20,152
10/12/2000,MCN,GA,ASO,ES,Federal Contract Tower,2,9,23,0,34,0,1,68,0,69,2,10,91,0,103,26,0,26,129
10/13/2000,MCN,GA,ASO,ES,Federal Contract Tower,1,8,29,6,44,0,0,56,9,65,1,8,85,15,109,14,24,38,147
10/14/2000,MCN,GA,ASO,ES,Federal Contract Tower,3,3,25,7,38,3,0,61,6,70,6,3,86,13,108,17,0,17,125
10/15/2000,MCN,GA,ASO,ES,Federal Contract Tower,1,5,16,0,22,0,0,58,0,58,1,5,74,0,80,20,0,20,100
10/16/2000,MCN,GA,ASO,ES,Federal Contract Tower,2,8,23,5,38,1,5,44,0,50,3,13,67,5,88,14,2,16,104
10/17/2000,MCN,GA,ASO,ES,Federal Contract Tower,2,8,20,0,30,1,0,59,0,60,3,8,79,0,90,4,16,20,110
10/18/2000,MCN,GA,ASO,ES,Federal Contract Tower,2,6,23,0,31,0,0,78,0,78,2,6,101,0,109,12,0,12,121
10/19/2000,MCN,GA,ASO,ES,Federal Contract Tower,3,9,29,7,48,0,0,68,3,71,3,9,97,10,119,12,0,12,131
10/20/2000,MCN,GA,ASO,ES,Federal Contract Tower,2,8,20,5,35,0,1,42,1,44,2,9,62,6,79,0,0,0,79
10/21/2000,MCN,GA,ASO,ES,Federal Contract Tower,2,4,17,2,25,1,0,41,0,42,3,4,58,2,67,2,0,2,69
10/22/2000,MCN,GA,ASO,ES,Federal Contract Tower,2,5,24,1,32,2,0,62,0,64,4,5,86,1,96,24,0,24,120
10/23/2000,MCN,GA,ASO,ES,Federal Contract Tower,2,8,21,5,36,4,0,26,0,30,6,8,47,5,66,0,0,0,66
10/24/2000,MCN,GA,ASO,ES,Federal Contract Tower,2,7,21,0,30,1,3,59,0,63,3,10,80,0,93,26,0,26,119
10/25/2000,MCN,GA,ASO,ES,Federal Contract Tower,2,11,31,7,51,0,1,92,28,121,2,12,123,35,172,38,0,38,210
10/26/2000,MCN,GA,ASO,ES,Federal Contract Tower,2,6,33,7,48,0,0,70,8,78,2,6,103,15,126,0,10,10,136
10/27/2000,MCN,GA,ASO,ES,Federal Contract Tower,2,7,22,5,36,0,0,67,5,72,2,7,89,10,108,6,0,6,114
10/28/2000,MCN,GA,ASO,ES,Federal Contract Tower,2,4,24,5,35,2,0,52,2,56,4,4,76,7,91,11,0,11,102
10/29/2000,MCN,GA,ASO,ES,Federal Contract Tower,2,5,19,0,26,1,0,70,0,71,3,5,89,0,97,13,0,13,110
10/30/2000,MCN,GA,ASO,ES,Federal Contract Tower,2,10,29,2,43,0,6,32,0,38,2,16,61,2,81,8,0,8,89
10/31/2000,MCN,GA,ASO,ES,Federal Contract Tower,2,8,22,5,37,1,0,28,3,32,3,8,50,8,69,7,10,17,86
11/01/2000,MCN,GA,ASO,ES,Federal Contract Tower,2,8,32,5,47,0,0,47,5,52,2,8,79,10,99,32,0,32,131
11/02/2000,MCN,GA,ASO,ES,Federal Contract Tower,2,7,28,0,37,0,2,82,0,84,2,9,110,0,121,26,6,32,153
11/03/2000,MCN,GA,ASO,ES,Federal Contract Tower,3,7,29,2,41,0,4,53,0,57,3,11,82,2,98,6,0,6,104
11/04/2000,MCN,GA,ASO,ES,Federal Contract Tower,4,4,28,2,38,0,0,8,0,8,4,4,36,2,46,24,0,24,70
11/05/2000,MCN,GA,ASO,ES,Federal Contract Tower,3,5,23,3,34,2,0,18,12,32,5,5,41,15,66,24,0,24,90
11/06/2000,MCN,GA,ASO,ES,Federal Contract Tower,3,6,22,3,34,0,1,41,3,45,3,7,63,6,79,0,0,0,79
11/07/2000,MCN,GA,ASO,ES,Federal Contract Tower,2,6,20,0,28,0,1,51,0,52,2,7,71,0,80,14,0,14,94
11/08/2000,MCN,GA,ASO,ES,Federal Contract Tower,3,5,25,4,37,0,0,46,0,46,3,5,71,4,83,4,1,5,88
11/09/2000,MCN,GA,ASO,ES,Federal Contract Tower,2,4,15,0,21,0,2,11,0,13,2,6,26,0,34,0,0,0,34
11/10/2000,MCN,GA,ASO,ES,Federal Contract Tower,2,7,27,3,39,0,6,32,4,42,2,13,59,7,81,20,0,20,101
11/11/2000,MCN,GA,ASO,ES,Federal Contract Tower,3,4,18,0,25,0,0,58,0,58,3,4,76,0,83,12,0,12,95
11/12/2000,MCN,GA,ASO,ES,Federal Contract Tower,3,5,24,3,35,0,0,24,1,25,3,5,48,4,60,16,0,16,76
11/13/2000,MCN,GA,ASO,ES,Federal Contract Tower,3,7,26,2,38,0,0,44,0,44,3,7,70,2,82,0,0,0,82
11/14/2000,MCN,GA,ASO,ES,Federal Contract Tower,4,6,27,3,40,0,0,63,0,63,4,6,90,3,103,8,0,8,111
11/15/2000,MCN,GA,ASO,ES,Federal Contract Tower,2,8,24,0,34,1,0,65,0,66,3,8,89,0,100,33,0,33,133
11/16/2000,MCN,GA,ASO,ES,Federal Contract Tower,3,9,29,4,45,0,2,52,0,54,3,11,81,4,99,14,2,16,115
11/17/2000,MCN,GA,ASO,ES,Federal Contract Tower,0,7,21,4,32,0,5,19,0,24,0,12,40,4,56,2,0,2,58
11/18/2000,MCN,GA,ASO,ES,Federal Contract Tower,2,4,24,4,34,1,0,15,2,18,3,4,39,6,52,4,0,4,56
11/19/2000,MCN,GA,ASO,ES,Federal Contract Tower,2,8,21,2,33,2,2,0,0,4,4,10,21,2,37,0,0,0,37
11/20/2000,MCN,GA,ASO,ES,Federal Contract Tower,1,8,25,4,38,0,1,31,7,39,1,9,56,11,77,0,0,0,77
11/21/2000,MCN,GA,ASO,ES,Federal Contract Tower,3,6,31,5,45,4,0,64,3,71,7,6,95,8,116,26,0,26,142
11/22/2000,MCN,GA,ASO,ES,Federal Contract Tower,3,8,26,1,38,0,0,35,0,35,3,8,61,1,73,10,0,10,83
11/23/2000,MCN,GA,ASO,ES,Federal Contract Tower,1,5,15,0,21,1,1,2,0,4,2,6,17,0,25,2,0,2,27
11/24/2000,MCN,GA,ASO,ES,Federal Contract Tower,2,5,18,0,25,0,1,20,0,21,2,6,38,0,46,12,0,12,58
11/25/2000,MCN,GA,ASO,ES,Federal Contract Tower,1,3,10,0,14,2,2,13,0,17,3,5,23,0,31,0,0,0,31
11/26/2000,MCN,GA,ASO,ES,Federal Contract Tower,1,6,17,0,24,2,2,34,0,38,3,8,51,0,62,10,0,10,72
11/27/2000,MCN,GA,ASO,ES,Federal Contract Tower,2,7,21,0,30,0,1,37,0,38,2,8,58,0,68,2,0,2,70
11/28/2000,MCN,GA,ASO,ES,Federal Contract Tower,3,8,36,5,52,0,0,43,3,46,3,8,79,8,98,17,0,17,115
11/29/2000,MCN,GA,ASO,ES,Federal Contract Tower,2,7,22,2,33,2,1,35,0,38,4,8,57,2,71,0,0,0,71
11/30/2000,MCN,GA,ASO,ES,Federal Contract Tower,3,9,41,5,58,0,0,61,5,66,3,9,102,10,124,8,0,8,132
12/01/2000,MCN,GA,ASO,ES,Federal Contract Tower,2,8,30,1,41,0,0,41,7,48,2,8,71,8,89,30,0,30,119
12/02/2000,MCN,GA,ASO,ES,Federal Contract Tower,3,5,19,0,27,0,0,19,0,19,3,5,38,0,46,0,0,0,46
12/03/2000,MCN,GA,ASO,ES,Federal Contract Tower,3,5,19,0,27,1,0,4,0,5,4,5,23,0,32,0,0,0,32
12/04/2000,MCN,GA,ASO,ES,Federal Contract Tower,3,6,23,1,33,0,0,30,3,33,3,6,53,4,66,0,0,0,66
12/05/2000,MCN,GA,ASO,ES,Federal Contract Tower,3,5,20,0,28,0,2,47,0,49,3,7,67,0,77,10,0,10,87
12/06/2000,MCN,GA,ASO,ES,Federal Contract Tower,2,8,25,1,36,0,2,35,3,40,2,10,60,4,76,8,0,8,84
12/07/2000,MCN,GA,ASO,ES,Federal Contract Tower,2,7,27,0,36,0,0,52,0,52,2,7,79,0,88,2,0,2,90
12/08/2000,MCN,GA,ASO,ES,Federal Contract Tower,3,12,35,2,52,0,0,52,2,54,3,12,87,4,106,0,0,0,106
12/09/2000,MCN,GA,ASO,ES,Federal Contract Tower,2,8,21,0,31,0,0,2,0,2,2,8,23,0,33,20,0,20,53
12/10/2000,MCN,GA,ASO,ES,Federal Contract Tower,3,5,18,1,27,0,0,21,1,22,3,5,39,2,49,0,0,0,49
12/11/2000,MCN,GA,ASO,ES,Federal Contract Tower,3,7,20,0,30,0,0,46,0,46,3,7,66,0,76,0,0,0,76
12/12/2000,MCN,GA,ASO,ES,Federal Contract Tower,3,8,20,0,31,1,0,41,0,42,4,8,61,0,73,34,0,34,107
12/13/2000,MCN,GA,ASO,ES,Federal Contract Tower,2,6,18,0,26,0,0,28,0,28,2,6,46,0,54,2,0,2,56
12/14/2000,MCN,GA,ASO,ES,Federal Contract Tower,2,6,17,0,25,2,2,29,0,33,4,8,46,0,58,4,0,4,62
12/15/2000,MCN,GA,ASO,ES,Federal Contract Tower,0,5,19,1,25,0,0,5,0,5,0,5,24,1,30,0,0,0,30
12/16/2000,MCN,GA,ASO,ES,Federal Contract Tower,1,3,8,0,12,2,0,0,0,2,3,3,8,0,14,0,0,0,14
12/17/2000,MCN,GA,ASO,ES,Federal Contract Tower,3,7,22,2,34,2,0,4,11,17,5,7,26,13,51,0,0,0,51
12/18/2000,MCN,GA,ASO,ES,Federal Contract Tower,3,9,28,2,42,0,0,43,0,43,3,9,71,2,85,26,0,26,111
12/19/2000,MCN,GA,ASO,ES,Federal Contract Tower,2,4,17,0,23,0,0,8,0,8,2,4,25,0,31,0,0,0,31
12/20/2000,MCN,GA,ASO,ES,Federal Contract Tower,4,9,32,2,47,0,0,70,4,74,4,9,102,6,121,18,2,20,141
12/21/2000,MCN,GA,ASO,ES,Federal Contract Tower,2,5,23,0,30,1,0,29,0,30,3,5,52,0,60,16,0,16,76
12/22/2000,MCN,GA,ASO,ES,Federal Contract Tower,0,8,22,0,30,0,5,31,0,36,0,13,53,0,66,10,0,10,76
12/23/2000,MCN,GA,ASO,ES,Federal Contract Tower,2,3,16,1,22,1,0,24,1,26,3,3,40,2,48,0,0,0,48
12/24/2000,MCN,GA,ASO,ES,Federal Contract Tower,1,5,14,0,20,0,2,9,0,11,1,7,23,0,31,6,0,6,37
12/25/2000,MCN,GA,ASO,ES,Federal Contract Tower,1,4,11,0,16,0,3,5,0,8,1,7,16,0,24,0,0,0,24
12/26/2000,MCN,GA,ASO,ES,Federal Contract Tower,2,7,20,0,29,0,0,44,0,44,2,7,64,0,73,6,0,6,79
12/27/2000,MCN,GA,ASO,ES,Federal Contract Tower,2,7,21,0,30,1,3,18,0,22,3,10,39,0,52,10,0,10,62
12/28/2000,MCN,GA,ASO,ES,Federal Contract Tower,2,6,10,0,18,1,5,0,0,6,3,11,10,0,24,0,0,0,24
12/29/2000,MCN,GA,ASO,ES,Federal Contract Tower,2,7,25,0,34,0,0,42,0,42,2,7,67,0,76,31,0,31,107
12/30/2000,MCN,GA,ASO,ES,Federal Contract Tower,2,5,18,0,25,0,1,5,0,6,2,6,23,0,31,0,0,0,31
12/31/2000,MCN,GA,ASO,ES,Federal Contract Tower,1,3,16,0,20,3,0,25,0,28,4,3,41,0,48,14,0,14,62
01/01/2001,MCN,GA,ASO,ES,Federal Contract Tower,0,5,17,0,22,0,2,18,0,20,0,7,35,0,42,22,0,22,64
01/02/2001,MCN,GA,ASO,ES,Federal Contract Tower,4,9,30,2,45,0,2,26,0,28,4,11,56,2,73,23,0,23,96
01/03/2001,MCN,GA,ASO,ES,Federal Contract Tower,1,8,26,3,38,0,3,22,5,30,1,11,48,8,68,0,8,8,76
01/04/2001,MCN,GA,ASO,ES,Federal Contract Tower,2,7,24,2,35,0,1,43,0,44,2,8,67,2,79,39,0,39,118
01/05/2001,MCN,GA,ASO,ES,Federal Contract Tower,2,9,26,3,40,0,1,30,6,37,2,10,56,9,77,24,0,24,101
01/06/2001,MCN,GA,ASO,ES,Federal Contract Tower,4,6,30,3,43,0,0,51,2,53,4,6,81,5,96,62,0,62,158
01/07/2001,MCN,GA,ASO,ES,Federal Contract Tower,2,4,14,1,21,1,0,16,0,17,3,4,30,1,38,33,0,33,71
01/08/2001,MCN,GA,ASO,ES,Federal Contract Tower,2,9,23,2,36,0,0,9,18,27,2,9,32,20,63,46,0,46,109
01/09/2001,MCN,GA,ASO,ES,Federal Contract Tower,3,8,21,2,34,0,1,31,27,59,3,9,52,29,93,8,2,10,103
01/10/2001,MCN,GA,ASO,ES,Federal Contract Tower,2,6,18,0,26,0,0,45,0,45,2,6,63,0,71,38,0,38,109
01/11/2001,MCN,GA,ASO,ES,Federal Contract Tower,2,7,18,0,27,0,2,44,0,46,2,9,62,0,73,20,0,20,93
01/12/2001,MCN,GA,ASO,ES,Federal Contract Tower,2,10,26,2,40,0,0,23,0,23,2,10,49,2,63,33,0,33,96
01/13/2001,MCN,GA,ASO,ES,Federal Contract Tower,2,7,25,0,34,1,0,85,0,86,3,7,110,0,120,72,0,72,192
01/14/2001,MCN,GA,ASO,ES,Federal Contract Tower,1,6,17,0,24,1,1,13,0,15,2,7,30,0,39,8,0,8,47
01/15/2001,MCN,GA,ASO,ES,Federal Contract Tower,2,7,23,0,32,1,0,49,0,50,3,7,72,0,82,34,0,34,116
01/16/2001,MCN,GA,ASO,ES,Federal Contract Tower,2,7,19,0,28,2,2,29,0,33,4,9,48,0,61,16,0,16,77
01/17/2001,MCN,GA,ASO,ES,Federal Contract Tower,2,9,32,5,48,0,0,36,7,43,2,9,68,12,91,8,10,18,109
01/18/2001,MCN,GA,ASO,ES,Federal Contract Tower,0,3,10,2,15,0,0,27,0,27,0,3,37,2,42,18,0,18,60
01/19/2001,MCN,GA,ASO,ES,Federal Contract Tower,2,7,19,0,28,0,7,27,0,34,2,14,46,0,62,4,0,4,66
01/20/2001,MCN,GA,ASO,ES,Federal Contract Tower,1,3,9,0,13,1,1,18,0,20,2,4,27,0,33,7,0,7,40
01/21/2001,MCN,GA,ASO,ES,Federal Contract Tower,2,4,22,2,30,2,0,55,0,57,4,4,77,2,87,49,0,49,136
01/22/2001,MCN,GA,ASO,ES,Federal Contract Tower,2,9,26,2,39,0,5,41,0,46,2,14,67,2,85,22,2,24,109
01/23/2001,MCN,GA,ASO,ES,Federal Contract Tower,2,8,26,3,39,0,0,52,18,70,2,8,78,21,109,38,2,40,149
01/24/2001,MCN,GA,ASO,ES,Federal Contract Tower,1,7,19,0,27,1,2,36,0,39,2,9,55,0,66,12,0,12,78
01/25/2001,MCN,GA,ASO,ES,Federal Contract Tower,2,7,30,2,41,0,0,80,0,80,2,7,110,2,121,56,2,58,179
01/26/2001,MCN,GA,ASO,ES,Federal Contract Tower,2,10,34,2,48,0,0,84,0,84,2,10,118,2,132,55,0,55,187
01/27/2001,MCN,GA,ASO,ES,Federal Contract Tower,2,5,24,2,33,1,0,52,2,55,3,5,76,4,88,32,0,32,120
01/28/2001,MCN,GA,ASO,ES,Federal Contract Tower,2,6,21,0,29,2,0,49,0,51,4,6,70,0,80,38,0,38,118
01/29/2001,MCN,GA,ASO,ES,Federal Contract Tower,2,8,22,2,34,1,2,37,0,40,3,10,59,2,74,10,0,10,84
01/30/2001,MCN,GA,ASO,ES,Federal Contract Tower,2,7,20,2,31,2,0,35,8,45,4,7,55,10,76,18,6,24,100
01/31/2001,MCN,GA,ASO,ES,Federal Contract Tower,2,10,29,3,44,0,0,60,7,67,2,10,89,10,111,18,12,30,141
02/01/2001,MCN,GA,ASO,ES,Federal Contract Tower,2,6,37,2,47,2,3,23,0,28,4,9,60,2,75,28,0,28,103
02/02/2001,MCN,GA,ASO,ES,Federal Contract Tower,2,2,26,2,32,0,7,22,12,41,2,9,48,14,73,12,0,12,85
02/03/2001,MCN,GA,ASO,ES,Federal Contract Tower,1,3,23,1,28,0,3,45,0,48,1,6,68,1,76,20,0,20,96
02/04/2001,MCN,GA,ASO,ES,Federal Contract Tower,2,3,25,0,30,1,5,44,0,50,3,8,69,0,80,24,0,24,104
02/05/2001,MCN,GA,ASO,ES,Federal Contract Tower,2,4,29,1,36,1,6,52,0,59,3,10,81,1,95,40,0,40,135
02/06/2001,MCN,GA,ASO,ES,Federal Contract Tower,1,1,12,0,14,2,5,56,3,66,3,6,68,3,80,47,2,49,129
02/07/2001,MCN,GA,ASO,ES,Federal Contract Tower,1,1,13,0,15,1,8,99,0,108,2,9,112,0,123,60,0,60,183
02/08/2001,MCN,GA,ASO,ES,Federal Contract Tower,0,2,9,0,11,0,10,52,6,68,0,12,61,6,79,30,6,36,115
02/09/2001,MCN,GA,ASO,ES,Federal Contract Tower,1,2,12,1,16,2,4,41,11,58,3,6,53,12,74,10,12,22,96
02/10/2001,MCN,GA,ASO,ES,Federal Contract Tower,1,0,5,0,6,2,2,28,0,32,3,2,33,0,38,12,0,12,50
02/11/2001,MCN,GA,ASO,ES,Federal Contract Tower,1,2,6,0,9,1,5,43,2,51,2,7,49,2,60,14,0,14,74
02/12/2001,MCN,GA,ASO,ES,Federal Contract Tower,1,5,25,0,31,0,2,24,0,26,1,7,49,0,57,4,0,4,61
02/13/2001,MCN,GA,ASO,ES,Federal Contract Tower,2,6,30,2,40,1,3,35,2,41,3,9,65,4,81,2,4,6,87
02/14/2001,MCN,GA,ASO,ES,Federal Contract Tower,0,3,12,0,15,2,7,18,0,27,2,10,30,0,42,8,0,8,50
02/15/2001,MCN,GA,ASO,ES,Federal Contract Tower,1,3,19,2,25,4,8,47,6,65,5,11,66,8,90,0,0,0,90
02/16/2001,MCN,GA,ASO,ES,Federal Contract Tower,0,2,10,0,12,1,9,58,0,68,1,11,68,0,80,16,0,16,96
02/17/2001,MCN,GA,ASO,ES,Federal Contract Tower,0,1,6,0,7,3,5,60,0,68,3,6,66,0,75,16,0,16,91
02/18/2001,MCN,GA,ASO,ES,Federal Contract Tower,1,3,19,2,25,3,3,51,0,57,4,6,70,2,82,26,0,26,108
02/19/2001,MCN,GA,ASO,ES,Federal Contract Tower,1,6,34,3,44,2,5,85,0,92,3,11,119,3,136,70,0,70,206
02/20/2001,MCN,GA,ASO,ES,Federal Contract Tower,0,2,10,1,13,3,7,53,3,66,3,9,63,4,79,60,0,60,139
02/21/2001,MCN,GA,ASO,ES,Federal Contract Tower,0,2,11,1,14,3,7,51,0,61,3,9,62,1,75,56,0,56,131
02/22/2001,MCN,GA,ASO,ES,Federal Contract Tower,1,4,22,2,29,2,5,5,0,12,3,9,27,2,41,2,0,2,43
02/23/2001,MCN,GA,ASO,ES,Federal Contract Tower,1,4,23,3,31,2,5,71,11,89,3,9,94,14,120,35,12,47,167
02/24/2001,MCN,GA,ASO,ES,Federal Contract Tower,0,2,11,1,14,2,6,22,1,31,2,8,33,2,45,20,0,20,65
02/25/2001,MCN,GA,ASO,ES,Federal Contract Tower,0,3,14,0,17,1,1,19,0,21,1,4,33,0,38,6,0,6,44
02/26/2001,MCN,GA,ASO,ES,Federal Contract Tower,0,3,14,1,18,0,4,79,0,83,0,7,93,1,101,37,0,37,138
02/27/2001,MCN,GA,ASO,ES,Federal Contract Tower,0,3,18,2,23,0,7,106,4,117,0,10,124,6,140,44,6,50,190
02/28/2001,MCN,GA,ASO,ES,Federal Contract Tower,0,3,13,1,17,4,8,64,2,78,4,11,77,3,95,24,0,24,119
03/01/2001,MCN,GA,ASO,ES,Federal Contract Tower,1,1,10,1,13,3,7,86,1,97,4,8,96,2,110,40,0,40,150
03/02/2001,MCN,GA,ASO,ES,Federal Contract Tower,1,2,21,3,27,1,8,51,1,61,2,10,72,4,88,22,0,22,110
03/03/2001,MCN,GA,ASO,ES,Federal Contract Tower,1,3,8,0,12,0,2,6,0,8,1,5,14,0,20,0,0,0,20
03/04/2001,MCN,GA,ASO,ES,Federal Contract Tower,1,2,5,0,8,2,8,12,4,26,3,10,17,4,34,0,0,0,34
03/05/2001,MCN,GA,ASO,ES,Federal Contract Tower,1,3,8,0,12,4,6,48,8,66,5,9,56,8,78,16,6,22,100
03/06/2001,MCN,GA,ASO,ES,Federal Contract Tower,1,0,0,0,1,2,9,56,0,67,3,9,56,0,68,12,0,12,80
03/07/2001,MCN,GA,ASO,ES,Federal Contract Tower,1,1,4,0,6,1,6,54,2,63,2,7,58,2,69,28,0,28,97
03/08/2001,MCN,GA,ASO,ES,Federal Contract Tower,0,2,11,3,16,2,10,72,7,91,2,12,83,10,107,60,4,64,171
03/09/2001,MCN,GA,ASO,ES,Federal Contract Tower,0,3,17,0,20,2,5,29,0,36,2,8,46,0,56,14,16,30,86
03/10/2001,MCN,GA,ASO,ES,Federal Contract Tower,0,3,16,3,22,2,3,73,5,83,2,6,89,8,105,33,4,37,142
03/11/2001,MCN,GA,ASO,ES,Federal Contract Tower,0,2,14,3,19,3,4,62,5,74,3,6,76,8,93,53,4,57,150
03/12/2001,MCN,GA,ASO,ES,Federal Contract Tower,0,2,10,0,12,1,3,22,0,26,1,5,32,0,38,12,0,12,50
03/13/2001,MCN,GA,ASO,ES,Federal Contract Tower,0,6,24,3,33,3,2,33,26,64,3,8,57,29,97,41,33,74,171
03/14/2001,MCN,GA,ASO,ES,Federal Contract Tower,0,2,6,0,8,2,6,68,0,76,2,8,74,0,84,14,0,14,98
03/15/2001,MCN,GA,ASO,ES,Federal Contract Tower,0,3,14,2,19,0,6,45,6,57,0,9,59,8,76,22,6,28,104
03/16/2001,MCN,GA,ASO,ES,Federal Contract Tower,0,2,6,0,8,0,9,63,7,79,0,11,69,7,87,12,2,14,101
03/17/2001,MCN,GA,ASO,ES,Federal Contract Tower,0,0,5,0,5,2,3,73,6,84,2,3,78,6,89,12,12,24,113
03/18/2001,MCN,GA,ASO,ES,Federal Contract Tower,0,2,9,0,11,4,4,51,2,61,4,6,60,2,72,12,0,12,84
03/19/2001,MCN,GA,ASO,ES,Federal Contract Tower,0,3,9,0,12,0,10,47,7,64,0,13,56,7,76,14,6,20,96
03/20/2001,MCN,GA,ASO,ES,Federal Contract Tower,0,4,16,0,20,0,6,28,0,34,0,10,44,0,54,24,0,24,78
03/21/2001,MCN,GA,ASO,ES,Federal Contract Tower,0,2,11,0,13,2,2,25,0,29,2,4,36,0,42,16,0,16,58
03/22/2001,MCN,GA,ASO,ES,Federal Contract Tower,0,1,6,0,7,4,8,75,2,89,4,9,81,2,96,26,2,28,124
03/23/2001,MCN,GA,ASO,ES,Federal Contract Tower,0,3,13,2,18,0,6,119,2,127,0,9,132,4,145,49,0,49,194
03/24/2001,MCN,GA,ASO,ES,Federal Contract Tower,0,4,15,1,20,3,2,48,0,53,3,6,63,1,73,30,0,30,103
03/25/2001,MCN,GA,ASO,ES,Federal Contract Tower,0,2,7,0,9,1,4,81,5,91,1,6,88,5,100,30,0,30,130
03/26/2001,MCN,GA,ASO,ES,Federal Contract Tower,0,3,9,0,12,3,5,88,6,102,3,8,97,6,114,41,6,47,161
03/27/2001,MCN,GA,ASO,ES,Federal Contract Tower,0,2,6,0,8,1,9,69,0,79,1,11,75,0,87,48,0,48,135
03/28/2001,MCN,GA,ASO,ES,Federal Contract Tower,0,2,12,0,14,1,10,70,0,81,1,12,82,0,95,32,0,32,127
03/29/2001,MCN,GA,ASO,ES,Federal Contract Tower,0,5,22,1,28,3,1,10,0,14,3,6,32,1,42,0,0,0,42
03/30/2001,MCN,GA,ASO,ES,Federal Contract Tower,0,5,19,1,25,2,4,64,7,77,2,9,83,8,102,30,0,30,132
03/31/2001,MCN,GA,ASO,ES,Federal Contract Tower,0,3,13,1,17,4,0,70,1,75,4,3,83,2,92,32,0,32,124
04/01/2001,MCN,GA,ASO,ES,Federal Contract Tower,0,0,3,1,4,2,9,20,1,32,2,9,23,2,36,10,0,10,46
04/02/2001,MCN,GA,ASO,ES,Federal Contract Tower,0,0,7,1,8,2,8,60,3,73,2,8,67,4,81,40,2,42,123
04/03/2001,MCN,GA,ASO,ES,Federal Contract Tower,0,0,6,0,6,2,9,23,0,34,2,9,29,0,40,2,0,2,42
04/04/2001,MCN,GA,ASO,ES,Federal Contract Tower,0,6,6,2,14,2,3,61,0,66,2,9,67,2,80,22,2,24,104
04/05/2001,MCN,GA,ASO,ES,Federal Contract Tower,0,6,15,5,26,1,8,50,9,68,1,14,65,14,94,12,12,24,118
04/06/2001,MCN,GA,ASO,ES,Federal Contract Tower,0,0,9,0,9,5,9,65,2,81,5,9,74,2,90,10,2,12,102
04/07/2001,MCN,GA,ASO,ES,Federal Contract Tower,0,0,7,0,7,1,9,83,3,96,1,9,90,3,103,12,0,12,115
04/08/2001,MCN,GA,ASO,ES,Federal Contract Tower,0,0,8,0,8,1,10,56,2,69,1,10,64,2,77,10,0,10,87
04/09/2001,MCN,GA,ASO,ES,Federal Contract Tower,0,0,8,0,8,1,9,48,4,62,1,9,56,4,70,16,0,16,86
04/10/2001,MCN,GA,ASO,ES,Federal Contract Tower,0,0,8,0,8,2,13,69,2,86,2,13,77,2,94,32,2,34,128
04/11/2001,MCN,GA,ASO,ES,Federal Contract Tower,0,0,13,0,13,1,10,79,5,95,1,10,92,5,108,24,8,32,140
04/12/2001,MCN,GA,ASO,ES,Federal Contract Tower,0,0,15,0,15,0,10,51,1,62,0,10,66,1,77,20,0,20,97
04/13/2001,MCN,GA,ASO,ES,Federal Contract Tower,0,0,12,0,12,0,13,44,4,61,0,13,56,4,73,18,0,18,91
04/14/2001,MCN,GA,ASO,ES,Federal Contract Tower,0,0,5,0,5,1,10,48,0,59,1,10,53,0,64,14,0,14,78
04/15/2001,MCN,GA,ASO,ES,Federal Contract Tower,0,0,5,0,5,2,11,27,1,41,2,11,32,1,46,0,0,0,46
04/16/2001,MCN,GA,ASO,ES,Federal Contract Tower,0,0,8,0,8,2,16,46,8,72,2,16,54,8,80,12,2,14,94
04/17/2001,MCN,GA,ASO,ES,Federal Contract Tower,0,0,2,0,2,4,11,42,0,57,4,11,44,0,59,6,0,6,65
04/18/2001,MCN,GA,ASO,ES,Federal Contract Tower,0,0,8,0,8,0,8,66,2,76,0,8,74,2,84,48,0,48,132
04/19/2001,MCN,GA,ASO,ES,Federal Contract Tower,0,0,13,0,13,1,15,79,3,98,1,15,92,3,111,20,0,20,131
04/20/2001,MCN,GA,ASO,ES,Federal Contract Tower,0,0,0,0,0,0,11,54,8,73,0,11,54,8,73,6,0,6,79
04/21/2001,MCN,GA,ASO,ES,Federal Contract Tower,0,0,9,0,9,0,9,39,2,50,0,9,48,2,59,8,0,8,67
04/22/2001,MCN,GA,ASO,ES,Federal Contract Tower,0,0,3,0,3,2,9,41,1,53,2,9,44,1,56,8,0,8,64
04/23/2001,MCN,GA,ASO,ES,Federal Contract Tower,0,0,12,0,12,1,16,49,2,68,1,16,61,2,80,8,0,8,88
04/24/2001,MCN,GA,ASO,ES,Federal Contract Tower,0,0,14,0,14,1,14,48,4,67,1,14,62,4,81,26,4,30,111
04/25/2001,MCN,GA,ASO,ES,Federal Contract Tower,0,0,14,0,14,0,9,30,0,39,0,9,44,0,53,10,0,10,63
04/26/2001,MCN,GA,ASO,ES,Federal Contract Tower,0,0,5,0,5,0,9,55,4,68,0,9,60,4,73,16,1,17,90
04/27/2001,MCN,GA,ASO,ES,Federal Contract Tower,0,0,5,0,5,0,11,79,10,100,0,11,84,10,105,12,0,12,117
04/28/2001,MCN,GA,ASO,ES,Federal Contract Tower,0,0,2,0,2,1,9,34,0,44,1,9,36,0,46,2,0,2,48
04/29/2001,MCN,GA,ASO,ES,Federal Contract Tower,0,0,2,0,2,3,7,42,10,62,3,7,44,10,64,10,0,10,74
04/30/2001,MCN,GA,ASO,ES,Federal Contract Tower,0,6,15,4,25,1,4,44,0,49,1,10,59,4,74,21,0,21,95
05/01/2001,MCN,GA,ASO,ES,Federal Contract Tower,1,0,15,0,16,1,8,78,4,91,2,8,93,4,107,37,0,37,144
05/02/2001,MCN,GA,ASO,ES,Federal Contract Tower,0,0,9,0,9,0,13,78,2,93,0,13,87,2,102,35,0,35,137
05/03/2001,MCN,GA,ASO,ES,Federal Contract Tower,0,1,18,2,21,0,8,59,3,70,0,9,77,5,91,55,0,55,146
05/04/2001,MCN,GA,ASO,ES,Federal Contract Tower,0,1,16,2,19,5,12,82,1,100,5,13,98,3,119,60,0,60,179
05/05/2001,MCN,GA,ASO,ES,Federal Contract Tower,0,1,8,0,9,1,8,59,3,71,1,9,67,3,80,34,0,34,114
05/06/2001,MCN,GA,ASO,ES,Federal Contract Tower,0,1,9,0,10,0,9,58,8,75,0,10,67,8,85,28,6,34,119
05/07/2001,MCN,GA,ASO,ES,Federal Contract Tower,0,1,24,2,27,2,13,47,0,62,2,14,71,2,89,36,4,40,129
05/08/2001,MCN,GA,ASO,ES,Federal Contract Tower,0,1,11,0,12,1,5,58,0,64,1,6,69,0,76,19,0,19,95
05/09/2001,MCN,GA,ASO,ES,Federal Contract Tower,0,1,19,2,22,0,10,45,7,62,0,11,64,9,84,28,8,36,120
05/10/2001,MCN,GA,ASO,ES,Federal Contract Tower,0,1,7,0,8,0,10,57,11,78,0,11,64,11,86,34,0,34,120
05/11/2001,MCN,GA,ASO,ES,Federal Contract Tower,0,1,15,2,18,0,13,56,7,76,0,14,71,9,94,35,4,39,133
05/12/2001,MCN,GA,ASO,ES,Federal Contract Tower,0,1,8,0,9,1,9,33,0,43,1,10,41,0,52,22,0,22,74
05/13/2001,MCN,GA,ASO,ES,Federal Contract Tower,0,1,7,0,8,5,7,50,3,65,5,8,57,3,73,28,0,28,101
05/14/2001,MCN,GA,ASO,ES,Federal Contract Tower,0,0,15,1,16,3,6,63,10,82,3,6,78,11,98,34,4,38,136
05/15/2001,MCN,GA,ASO,ES,Federal Contract Tower,0,0,14,1,15,2,9,79,3,93,2,9,93,4,108,28,2,30,138
05/16/2001,MCN,GA,ASO,ES,Federal Contract Tower,0,0,27,4,31,0,10,82,13,105,0,10,109,17,136,66,12,78,214
05/17/2001,MCN,GA,ASO,ES,Federal Contract Tower,0,0,13,0,13,0,12,75,5,92,0,12,88,5,105,42,0,42,147
05/18/2001,MCN,GA,ASO,ES,Federal Contract Tower,0,0,10,0,10,0,10,65,2,77,0,10,75,2,87,30,0,30,117
05/19/2001,MCN,GA,ASO,ES,Federal Contract Tower,0,0,7,0,7,3,8,33,0,44,3,8,40,0,51,32,0,32,83
05/20/2001,MCN,GA,ASO,ES,Federal Contract Tower,0,0,16,0,16,1,8,15,0,24,1,8,31,0,40,6,0,6,46
05/21/2001,MCN,GA,ASO,ES,Federal Contract Tower,0,0,16,2,18,1,11,30,3,45,1,11,46,5,63,21,2,23,86
05/22/2001,MCN,GA,ASO,ES,Federal Contract Tower,0,0,14,0,14,3,7,32,0,42,3,7,46,0,56,4,0,4,60
05/23/2001,MCN,GA,ASO,ES,Federal Contract Tower,0,0,17,0,17,0,11,70,0,81,0,11,87,0,98,36,0,36,134
05/24/2001,MCN,GA,ASO,ES,Federal Contract Tower,0,0,16,2,18,0,12,71,12,95,0,12,87,14,113,28,10,38,151
05/25/2001,MCN,GA,ASO,ES,Federal Contract Tower,0,0,17,2,19,0,10,57,1,68,0,10,74,3,87,38,4,42,129
05/26/2001,MCN,GA,ASO,ES,Federal Contract Tower,0,0,15,0,15,3,9,41,0,53,3,9,56,0,68,16,0,16,84
05/27/2001,MCN,GA,ASO,ES,Federal Contract Tower,0,0,2,0,2,2,8,18,0,28,2,8,20,0,30,4,0,4,34
05/28/2001,MCN,GA,ASO,ES,Federal Contract Tower,0,0,7,0,7,1,10,20,2,33,1,10,27,2,40,6,0,6,46
05/29/2001,MCN,GA,ASO,ES,Federal Contract Tower,0,0,29,2,31,1,9,46,1,57,1,9,75,3,88,37,0,37,125
05/30/2001,MCN,GA,ASO,ES,Federal Contract Tower,0,0,17,0,17,0,9,89,0,98,0,9,106,0,115,52,0,52,167
05/31/2001,MCN,GA,ASO,ES,Federal Contract Tower,0,0,0,0,0,0,0,0,0,0,0,0,0,0,0,0,0,0,0
06/01/2001,MCN,GA,ASO,ES,Federal Contract Tower,1,0,7,0,8,1,9,9,2,21,2,9,16,2,29,6,0,6,35
06/02/2001,MCN,GA,ASO,ES,Federal Contract Tower,0,0,9,1,10,2,11,40,7,60,2,11,49,8,70,26,6,32,102
06/03/2001,MCN,GA,ASO,ES,Federal Contract Tower,0,0,11,0,11,0,9,17,0,26,0,9,28,0,37,2,0,2,39
06/04/2001,MCN,GA,ASO,ES,Federal Contract Tower,0,2,16,4,22,1,8,46,3,58,1,10,62,7,80,20,0,20,100
06/05/2001,MCN,GA,ASO,ES,Federal Contract Tower,0,2,14,1,17,2,9,57,3,71,2,11,71,4,88,28,3,31,119
06/06/2001,MCN,GA,ASO,ES,Federal Contract Tower,0,0,12,1,13,5,11,35,1,52,5,11,47,2,65,26,0,26,91
06/07/2001,MCN,GA,ASO,ES,Federal Contract Tower,0,0,7,0,7,1,9,39,0,49,1,9,46,0,56,16,0,16,72
06/08/2001,MCN,GA,ASO,ES,Federal Contract Tower,0,2,15,4,21,1,8,23,0,32,1,10,38,4,53,24,0,24,77
06/09/2001,MCN,GA,ASO,ES,Federal Contract Tower,0,0,14,0,14,0,7,3,4,14,0,7,17,4,28,6,2,8,36
06/10/2001,MCN,GA,ASO,ES,Federal Contract Tower,0,3,15,0,18,0,8,27,0,35,0,11,42,0,53,6,0,6,59
06/11/2001,MCN,GA,ASO,ES,Federal Contract Tower,0,3,15,0,18,2,8,29,1,40,2,11,44,1,58,6,0,6,64
06/12/2001,MCN,GA,ASO,ES,Federal Contract Tower,0,0,9,0,9,0,7,8,0,15,0,7,17,0,24,0,0,0,24
06/13/2001,MCN,GA,ASO,ES,Federal Contract Tower,0,3,15,0,18,1,5,55,8,69,1,8,70,8,87,22,0,22,109
06/14/2001,MCN,GA,ASO,ES,Federal Contract Tower,0,3,15,0,18,1,7,38,3,49,1,10,53,3,67,24,0,24,91
06/15/2001,MCN,GA,ASO,ES,Federal Contract Tower,0,2,15,0,17,1,10,42,4,57,1,12,57,4,74,14,0,14,88
06/16/2001,MCN,GA,ASO,ES,Federal Contract Tower,0,0,5,0,5,0,9,46,2,57,0,9,51,2,62,22,0,22,84
06/17/2001,MCN,GA,ASO,ES,Federal Contract Tower,0,0,3,0,3,0,9,46,0,55,0,9,49,0,58,4,0,4,62
06/18/2001,MCN,GA,ASO,ES,Federal Contract Tower,0,0,10,0,10,1,8,60,2,71,1,8,70,2,81,26,0,26,107
06/19/2001,MCN,GA,ASO,ES,Federal Contract Tower,0,0,10,0,10,1,10,52,0,63,1,10,62,0,73,30,0,30,103
06/20/2001,MCN,GA,ASO,ES,Federal Contract Tower,0,2,28,0,30,1,7,57,0,65,1,9,85,0,95,22,0,22,117
06/21/2001,MCN,GA,ASO,ES,Federal Contract Tower,0,1,16,0,17,1,9,44,4,58,1,10,60,4,75,18,2,20,95
06/22/2001,MCN,GA,ASO,ES,Federal Contract Tower,0,0,7,0,7,1,11,38,2,52,1,11,45,2,59,0,0,0,59
06/23/2001,MCN,GA,ASO,ES,Federal Contract Tower,0,0,13,0,13,0,11,63,2,76,0,11,76,2,89,31,0,31,120
06/24/2001,MCN,GA,ASO,ES,Federal Contract Tower,0,1,16,0,17,0,8,32,0,40,0,9,48,0,57,14,0,14,71
06/25/2001,MCN,GA,ASO,ES,Federal Contract Tower,0,1,16,0,17,1,8,38,0,47,1,9,54,0,64,36,0,36,100
06/26/2001,MCN,GA,ASO,ES,Federal Contract Tower,0,1,18,3,22,1,7,41,3,52,1,8,59,6,74,18,0,18,92
06/27/2001,MCN,GA,ASO,ES,Federal Contract Tower,0,1,16,3,20,2,6,72,6,86,2,7,88,9,106,27,6,33,139
06/28/2001,MCN,GA,ASO,ES,Federal Contract Tower,0,0,13,0,13,2,12,53,2,69,2,12,66,2,82,14,0,14,96
06/29/2001,MCN,GA,ASO,ES,Federal Contract Tower,0,0,14,0,14,1,7,37,8,53,1,7,51,8,67,12,0,12,79
06/30/2001,MCN,GA,ASO,ES,Federal Contract Tower,0,0,16,0,16,4,9,31,2,46,4,9,47,2,62,12,0,12,74
07/01/2001,MCN,GA,ASO,ES,Federal Contract Tower,0,0,11,0,11,0,11,38,3,52,0,11,49,3,63,6,0,6,69
07/02/2001,MCN,GA,ASO,ES,Federal Contract Tower,1,4,15,0,20,0,6,32,11,49,1,10,47,11,69,12,2,14,83
07/03/2001,MCN,GA,ASO,ES,Federal Contract Tower,1,0,5,0,6,0,11,41,2,54,1,11,46,2,60,12,0,12,72
07/04/2001,MCN,GA,ASO,ES,Federal Contract Tower,0,0,8,0,8,1,8,13,0,22,1,8,21,0,30,2,0,2,32
07/05/2001,MCN,GA,ASO,ES,Federal Contract Tower,0,4,16,0,20,3,6,39,0,48,3,10,55,0,68,32,0,32,100
07/06/2001,MCN,GA,ASO,ES,Federal Contract Tower,0,2,7,1,10,1,11,71,5,88,1,13,78,6,98,30,4,34,132
07/07/2001,MCN,GA,ASO,ES,Federal Contract Tower,0,2,15,1,18,0,6,52,5,63,0,8,67,6,81,30,0,30,111
07/08/2001,MCN,GA,ASO,ES,Federal Contract Tower,0,0,5,1,6,0,9,20,0,29,0,9,25,1,35,4,0,4,39
07/09/2001,MCN,GA,ASO,ES,Federal Contract Tower,0,0,8,1,9,1,8,52,5,66,1,8,60,6,75,14,4,18,93
07/10/2001,MCN,GA,ASO,ES,Federal Contract Tower,0,1,8,0,9,2,9,52,0,63,2,10,60,0,72,4,0,4,76
07/11/2001,MCN,GA,ASO,ES,Federal Contract Tower,0,2,12,0,14,1,7,62,0,70,1,9,74,0,84,31,0,31,115
07/12/2001,MCN,GA,ASO,ES,Federal Contract Tower,0,2,16,5,23,1,9,34,2,46,1,11,50,7,69,0,2,2,71
07/13/2001,MCN,GA,ASO,ES,Federal Contract Tower,0,2,16,0,18,1,8,52,5,66,1,10,68,5,84,18,0,18,102
07/14/2001,MCN,GA,ASO,ES,Federal Contract Tower,0,2,13,0,15,0,9,55,2,66,0,11,68,2,81,19,0,19,100
07/15/2001,MCN,GA,ASO,ES,Federal Contract Tower,0,0,9,0,9,0,8,51,0,59,0,8,60,0,68,30,0,30,98
07/16/2001,MCN,GA,ASO,ES,Federal Contract Tower,0,3,17,0,20,0,5,66,1,72,0,8,83,1,92,38,0,38,130
07/17/2001,MCN,GA,ASO,ES,Federal Contract Tower,0,2,16,0,18,1,7,50,3,61,1,9,66,3,79,22,0,22,101
07/18/2001,MCN,GA,ASO,ES,Federal Contract Tower,0,0,7,0,7,1,8,63,0,72,1,8,70,0,79,22,0,22,101
07/19/2001,MCN,GA,ASO,ES,Federal Contract Tower,0,1,10,0,11,1,9,54,2,66,1,10,64,2,77,24,0,24,101
07/20/2001,MCN,GA,ASO,ES,Federal Contract Tower,0,3,17,0,20,0,5,67,6,78,0,8,84,6,98,44,0,44,142
07/21/2001,MCN,GA,ASO,ES,Federal Contract Tower,0,1,10,0,11,0,12,81,0,93,0,13,91,0,104,34,0,34,138
07/22/2001,MCN,GA,ASO,ES,Federal Contract Tower,0,0,6,0,6,0,12,30,4,46,0,12,36,4,52,6,0,6,58
07/23/2001,MCN,GA,ASO,ES,Federal Contract Tower,0,1,10,0,11,1,9,45,0,55,1,10,55,0,66,12,0,12,78
07/24/2001,MCN,GA,ASO,ES,Federal Contract Tower,0,3,24,0,27,1,8,33,0,42,1,11,57,0,69,8,0,8,77
07/25/2001,MCN,GA,ASO,ES,Federal Contract Tower,0,0,9,0,9,2,9,25,2,38,2,9,34,2,47,0,0,0,47
07/26/2001,MCN,GA,ASO,ES,Federal Contract Tower,0,4,26,3,33,1,3,54,5,63,1,7,80,8,96,38,0,38,134
07/27/2001,MCN,GA,ASO,ES,Federal Contract Tower,0,0,6,0,6,1,7,61,3,72,1,7,67,3,78,36,0,36,114
07/28/2001,MCN,GA,ASO,ES,Federal Contract Tower,0,0,8,0,8,1,11,21,0,33,1,11,29,0,41,4,0,4,45
07/29/2001,MCN,GA,ASO,ES,Federal Contract Tower,0,0,8,0,8,1,9,40,2,52,1,9,48,2,60,10,2,12,72
07/30/2001,MCN,GA,ASO,ES,Federal Contract Tower,0,2,11,0,13,1,7,42,0,50,1,9,53,0,63,10,0,10,73
07/31/2001,MCN,GA,ASO,ES,Federal Contract Tower,0,0,0,0,0,0,0,0,0,0,0,0,0,0,0,0,0,0,0
08/01/2001,MCN,GA,ASO,ES,Federal Contract Tower,1,0,9,0,10,0,12,63,4,79,1,12,72,4,89,16,0,16,105
08/02/2001,MCN,GA,ASO,ES,Federal Contract Tower,1,0,9,0,10,0,11,70,2,83,1,11,79,2,93,20,0,20,113
08/03/2001,MCN,GA,ASO,ES,Federal Contract Tower,0,0,11,1,12,0,9,47,3,59,0,9,58,4,71,32,0,32,103
08/04/2001,MCN,GA,ASO,ES,Federal Contract Tower,0,0,7,0,7,3,11,40,0,54,3,11,47,0,61,28,0,28,89
08/05/2001,MCN,GA,ASO,ES,Federal Contract Tower,0,0,0,0,0,1,12,21,4,38,1,12,21,4,38,8,0,8,46
08/06/2001,MCN,GA,ASO,ES,Federal Contract Tower,0,0,8,0,8,1,8,26,0,35,1,8,34,0,43,39,0,39,82
08/07/2001,MCN,GA,ASO,ES,Federal Contract Tower,0,2,14,0,16,1,7,48,0,56,1,9,62,0,72,14,0,14,86
08/08/2001,MCN,GA,ASO,ES,Federal Contract Tower,0,2,11,3,16,2,8,41,8,59,2,10,52,11,75,12,3,15,90
08/09/2001,MCN,GA,ASO,ES,Federal Contract Tower,0,2,13,0,15,2,7,40,0,49,2,9,53,0,64,16,0,16,80
08/10/2001,MCN,GA,ASO,ES,Federal Contract Tower,0,0,8,1,9,0,10,51,3,64,0,10,59,4,73,24,4,28,101
08/11/2001,MCN,GA,ASO,ES,Federal Contract Tower,0,2,12,2,16,3,8,49,0,60,3,10,61,2,76,24,0,24,100
08/12/2001,MCN,GA,ASO,ES,Federal Contract Tower,0,2,14,1,17,1,9,19,7,36,1,11,33,8,53,7,4,11,64
08/13/2001,MCN,GA,ASO,ES,Federal Contract Tower,0,2,16,1,19,1,6,32,3,42,1,8,48,4,61,6,0,6,67
08/14/2001,MCN,GA,ASO,ES,Federal Contract Tower,0,2,15,1,18,1,9,31,1,42,1,11,46,2,60,29,0,29,89
08/15/2001,MCN,GA,ASO,ES,Federal Contract Tower,0,0,12,0,12,1,13,45,0,59,1,13,57,0,71,4,0,4,75
08/16/2001,MCN,GA,ASO,ES,Federal Contract Tower,0,3,11,0,14,0,4,71,0,75,0,7,82,0,89,18,0,18,107
08/17/2001,MCN,GA,ASO,ES,Federal Contract Tower,0,0,10,0,10,1,9,51,0,61,1,9,61,0,71,22,0,22,93
08/18/2001,MCN,GA,ASO,ES,Federal Contract Tower,0,0,7,0,7,0,9,36,5,50,0,9,43,5,57,18,0,18,75
08/19/2001,MCN,GA,ASO,ES,Federal Contract Tower,0,2,14,0,16,1,7,50,0,58,1,9,64,0,74,40,0,40,114
08/20/2001,MCN,GA,ASO,ES,Federal Contract Tower,0,3,12,0,15,1,6,48,4,59,1,9,60,4,74,18,0,18,92
08/21/2001,MCN,GA,ASO,ES,Federal Contract Tower,0,0,11,0,11,3,8,79,0,90,3,8,90,0,101,30,0,30,131
08/22/2001,MCN,GA,ASO,ES,Federal Contract Tower,0,0,6,0,6,3,11,74,2,90,3,11,80,2,96,28,0,28,124
08/23/2001,MCN,GA,ASO,ES,Federal Contract Tower,0,0,13,0,13,1,10,77,2,90,1,10,90,2,103,60,0,60,163
08/24/2001,MCN,GA,ASO,ES,Federal Contract Tower,0,2,18,2,22,1,9,68,15,93,1,11,86,17,115,38,4,42,157
08/25/2001,MCN,GA,ASO,ES,Federal Contract Tower,0,0,13,0,13,0,10,57,0,67,0,10,70,0,80,24,0,24,104
08/26/2001,MCN,GA,ASO,ES,Federal Contract Tower,0,1,17,2,20,0,10,9,11,30,0,11,26,13,50,13,0,13,63
08/27/2001,MCN,GA,ASO,ES,Federal Contract Tower,0,2,13,0,15,0,7,55,2,64,0,9,68,2,79,28,0,28,107
08/28/2001,MCN,GA,ASO,ES,Federal Contract Tower,0,0,4,0,4,1,15,46,0,62,1,15,50,0,66,6,0,6,72
08/29/2001,MCN,GA,ASO,ES,Federal Contract Tower,0,0,3,0,3,3,10,44,2,59,3,10,47,2,62,6,0,6,68
08/30/2001,MCN,GA,ASO,ES,Federal Contract Tower,0,2,13,0,15,2,5,60,2,69,2,7,73,2,84,36,0,36,120
08/31/2001,MCN,GA,ASO,ES,Federal Contract Tower,0,1,14,2,17,3,7,76,2,88,3,8,90,4,105,49,0,49,154
09/01/2001,MCN,GA,ASO,ES,Federal Contract Tower,1,0,6,0,7,0,8,33,0,41,1,8,39,0,48,16,0,16,64
09/02/2001,MCN,GA,ASO,ES,Federal Contract Tower,1,0,6,0,7,0,5,22,0,27,1,5,28,0,34,16,0,16,50
09/03/2001,MCN,GA,ASO,ES,Federal Contract Tower,0,3,9,0,12,1,3,11,0,15,1,6,20,0,27,0,0,0,27
09/04/2001,MCN,GA,ASO,ES,Federal Contract Tower,0,3,10,0,13,0,9,24,0,33,0,12,34,0,46,0,0,0,46
09/05/2001,MCN,GA,ASO,ES,Federal Contract Tower,0,1,8,0,9,1,14,58,7,80,1,15,66,7,89,34,6,40,129
09/06/2001,MCN,GA,ASO,ES,Federal Contract Tower,0,3,11,2,16,2,6,59,2,69,2,9,70,4,85,26,2,28,113
09/07/2001,MCN,GA,ASO,ES,Federal Contract Tower,0,3,15,3,21,1,6,62,15,84,1,9,77,18,105,18,4,22,127
09/08/2001,MCN,GA,ASO,ES,Federal Contract Tower,0,2,11,1,14,1,7,34,0,42,1,9,45,1,56,20,0,20,76
09/09/2001,MCN,GA,ASO,ES,Federal Contract Tower,0,2,11,1,14,0,9,22,13,44,0,11,33,14,58,6,6,12,70
09/10/2001,MCN,GA,ASO,ES,Federal Contract Tower,0,2,13,2,17,2,10,32,0,44,2,12,45,2,61,2,0,2,63
09/11/2001,MCN,GA,ASO,ES,Federal Contract Tower,0,0,1,0,1,0,1,8,0,9,0,1,9,0,10,0,0,0,10
09/12/2001,MCN,GA,ASO,ES,Federal Contract Tower,0,0,0,0,0,0,0,0,0,0,0,0,0,0,0,0,0,0,0
09/13/2001,MCN,GA,ASO,ES,Federal Contract Tower,0,0,0,0,0,0,8,2,0,10,0,8,2,0,10,0,0,0,10
09/14/2001,MCN,GA,ASO,ES,Federal Contract Tower,0,0,0,0,0,2,19,3,0,24,2,19,3,0,24,0,0,0,24
09/15/2001,MCN,GA,ASO,ES,Federal Contract Tower,0,2,15,0,17,0,18,1,0,19,0,20,16,0,36,5,0,5,41
09/16/2001,MCN,GA,ASO,ES,Federal Contract Tower,0,2,12,0,14,0,8,0,0,8,0,10,12,0,22,6,0,6,28
09/17/2001,MCN,GA,ASO,ES,Federal Contract Tower,0,0,9,0,9,1,19,37,0,57,1,19,46,0,66,10,0,10,76
09/18/2001,MCN,GA,ASO,ES,Federal Contract Tower,0,0,5,0,5,1,15,43,10,69,1,15,48,10,74,2,12,14,88
09/19/2001,MCN,GA,ASO,ES,Federal Contract Tower,0,3,26,4,33,1,8,51,25,85,1,11,77,29,118,28,20,48,166
09/20/2001,MCN,GA,ASO,ES,Federal Contract Tower,0,1,15,1,17,3,7,36,0,46,3,8,51,1,63,16,0,16,79
09/21/2001,MCN,GA,ASO,ES,Federal Contract Tower,0,1,13,2,16,2,10,69,4,85,2,11,82,6,101,10,6,16,117
09/22/2001,MCN,GA,ASO,ES,Federal Contract Tower,0,1,12,0,13,0,9,35,0,44,0,10,47,0,57,22,0,22,79
09/23/2001,MCN,GA,ASO,ES,Federal Contract Tower,0,1,13,0,14,1,8,31,0,40,1,9,44,0,54,8,0,8,62
09/24/2001,MCN,GA,ASO,ES,Federal Contract Tower,0,1,12,0,13,1,9,22,0,32,1,10,34,0,45,8,0,8,53
09/25/2001,MCN,GA,ASO,ES,Federal Contract Tower,0,0,8,2,10,1,10,44,0,55,1,10,52,2,65,22,0,22,87
09/26/2001,MCN,GA,ASO,ES,Federal Contract Tower,0,1,14,0,15,1,13,62,0,76,1,14,76,0,91,34,0,34,125
09/27/2001,MCN,GA,ASO,ES,Federal Contract Tower,0,1,12,1,14,1,15,60,1,77,1,16,72,2,91,26,0,26,117
09/28/2001,MCN,GA,ASO,ES,Federal Contract Tower,0,1,14,0,15,2,11,63,0,76,2,12,77,0,91,24,0,24,115
09/29/2001,MCN,GA,ASO,ES,Federal Contract Tower,0,0,9,0,9,0,11,39,1,51,0,11,48,1,60,36,0,36,96
09/30/2001,MCN,GA,ASO,ES,Federal Contract Tower,0,0,9,0,9,0,17,54,2,73,0,17,63,2,82,48,0,48,130
10/01/2001,MCN,GA,ASO,ES,Federal Contract Tower,0,0,8,0,8,0,7,41,0,48,0,7,49,0,56,10,0,10,66
10/02/2001,MCN,GA,ASO,ES,Federal Contract Tower,1,0,5,0,6,0,16,68,4,88,1,16,73,4,94,32,0,32,126
10/03/2001,MCN,GA,ASO,ES,Federal Contract Tower,0,1,14,0,15,1,9,47,0,57,1,10,61,0,72,14,0,14,86
10/04/2001,MCN,GA,ASO,ES,Federal Contract Tower,0,1,8,0,9,0,13,53,0,66,0,14,61,0,75,24,0,24,99
10/05/2001,MCN,GA,ASO,ES,Federal Contract Tower,0,1,14,0,15,1,5,49,2,57,1,6,63,2,72,22,4,26,98
10/06/2001,MCN,GA,ASO,ES,Federal Contract Tower,0,1,4,0,5,0,10,16,0,26,0,11,20,0,31,0,0,0,31
10/07/2001,MCN,GA,ASO,ES,Federal Contract Tower,0,1,4,0,5,1,8,49,0,58,1,9,53,0,63,54,0,54,117
10/08/2001,MCN,GA,ASO,ES,Federal Contract Tower,0,1,13,5,19,0,11,51,1,63,0,12,64,6,82,38,2,40,122
10/09/2001,MCN,GA,ASO,ES,Federal Contract Tower,0,7,16,1,24,1,1,77,7,86,1,8,93,8,110,30,0,30,140
10/10/2001,MCN,GA,ASO,ES,Federal Contract Tower,0,0,9,0,9,1,15,59,5,80,1,15,68,5,89,14,0,14,103
10/11/2001,MCN,GA,ASO,ES,Federal Contract Tower,0,0,12,0,12,0,8,25,0,33,0,8,37,0,45,10,0,10,55
10/12/2001,MCN,GA,ASO,ES,Federal Contract Tower,0,0,5,0,5,1,13,49,3,66,1,13,54,3,71,4,2,6,77
10/13/2001,MCN,GA,ASO,ES,Federal Contract Tower,0,0,13,0,13,2,12,21,0,35,2,12,34,0,48,40,0,40,88
10/14/2001,MCN,GA,ASO,ES,Federal Contract Tower,0,0,7,0,7,0,6,22,6,34,0,6,29,6,41,24,2,26,67
10/15/2001,MCN,GA,ASO,ES,Federal Contract Tower,0,5,19,2,26,1,3,76,13,93,1,8,95,15,119,30,6,36,155
10/16/2001,MCN,GA,ASO,ES,Federal Contract Tower,0,0,15,0,15,1,10,58,3,72,1,10,73,3,87,22,0,22,109
10/17/2001,MCN,GA,ASO,ES,Federal Contract Tower,0,0,7,0,7,0,10,53,2,65,0,10,60,2,72,36,0,36,108
10/18/2001,MCN,GA,ASO,ES,Federal Contract Tower,0,0,6,0,6,1,17,36,2,56,1,17,42,2,62,16,0,16,78
10/19/2001,MCN,GA,ASO,ES,Federal Contract Tower,0,0,4,0,4,1,11,64,2,78,1,11,68,2,82,6,0,6,88
10/20/2001,MCN,GA,ASO,ES,Federal Contract Tower,0,0,10,0,10,1,13,56,0,70,1,13,66,0,80,74,0,74,154
10/21/2001,MCN,GA,ASO,ES,Federal Contract Tower,0,0,8,0,8,1,9,58,3,71,1,9,66,3,79,16,0,16,95
10/22/2001,MCN,GA,ASO,ES,Federal Contract Tower,0,0,13,4,17,1,10,48,3,62,1,10,61,7,79,10,4,14,93
10/23/2001,MCN,GA,ASO,ES,Federal Contract Tower,0,0,13,2,15,1,12,68,0,81,1,12,81,2,96,26,2,28,124
10/24/2001,MCN,GA,ASO,ES,Federal Contract Tower,0,0,15,0,15,3,13,36,1,53,3,13,51,1,68,6,0,6,74
10/25/2001,MCN,GA,ASO,ES,Federal Contract Tower,0,0,12,0,12,1,15,35,5,56,1,15,47,5,68,14,0,14,82
10/26/2001,MCN,GA,ASO,ES,Federal Contract Tower,0,0,8,0,8,1,19,34,7,61,1,19,42,7,69,4,4,8,77
10/27/2001,MCN,GA,ASO,ES,Federal Contract Tower,0,0,9,0,9,0,12,33,0,45,0,12,42,0,54,10,0,10,64
10/28/2001,MCN,GA,ASO,ES,Federal Contract Tower,0,0,14,3,17,1,13,48,0,62,1,13,62,3,79,24,2,26,105
10/29/2001,MCN,GA,ASO,ES,Federal Contract Tower,0,0,11,0,11,1,11,59,0,71,1,11,70,0,82,28,0,28,110
10/30/2001,MCN,GA,ASO,ES,Federal Contract Tower,0,0,13,2,15,1,9,55,0,65,1,9,68,2,80,48,0,48,128
10/31/2001,MCN,GA,ASO,ES,Federal Contract Tower,0,0,14,0,14,1,14,65,0,80,1,14,79,0,94,26,0,26,120
11/01/2001,MCN,GA,ASO,ES,Federal Contract Tower,1,0,11,0,12,0,11,46,4,61,1,11,57,4,73,10,0,10,83
11/02/2001,MCN,GA,ASO,ES,Federal Contract Tower,0,3,15,0,18,0,15,45,6,66,0,18,60,6,84,28,0,28,112
11/03/2001,MCN,GA,ASO,ES,Federal Contract Tower,0,2,8,1,11,0,8,66,1,75,0,10,74,2,86,26,0,26,112
11/04/2001,MCN,GA,ASO,ES,Federal Contract Tower,0,3,12,1,16,1,8,53,8,70,1,11,65,9,86,62,0,62,148
11/05/2001,MCN,GA,ASO,ES,Federal Contract Tower,0,3,11,1,15,2,7,57,4,70,2,10,68,5,85,16,0,16,101
11/06/2001,MCN,GA,ASO,ES,Federal Contract Tower,0,1,10,1,12,2,11,70,5,88,2,12,80,6,100,18,0,18,118
11/07/2001,MCN,GA,ASO,ES,Federal Contract Tower,0,0,6,0,6,4,16,66,0,86,4,16,72,0,92,14,0,14,106
11/08/2001,MCN,GA,ASO,ES,Federal Contract Tower,0,1,8,1,10,2,13,71,4,90,2,14,79,5,100,34,4,38,138
11/09/2001,MCN,GA,ASO,ES,Federal Contract Tower,0,2,11,1,14,0,9,63,6,78,0,11,74,7,92,22,0,22,114
11/10/2001,MCN,GA,ASO,ES,Federal Contract Tower,0,0,6,1,7,0,13,54,3,70,0,13,60,4,77,24,0,24,101
11/11/2001,MCN,GA,ASO,ES,Federal Contract Tower,0,1,8,0,9,0,15,49,0,64,0,16,57,0,73,40,0,40,113
11/12/2001,MCN,GA,ASO,ES,Federal Contract Tower,0,0,4,1,5,1,15,30,10,56,1,15,34,11,61,6,0,6,67
11/13/2001,MCN,GA,ASO,ES,Federal Contract Tower,0,0,4,1,5,1,9,65,1,76,1,9,69,2,81,8,0,8,89
11/14/2001,MCN,GA,ASO,ES,Federal Contract Tower,0,2,10,1,13,1,10,80,2,93,1,12,90,3,106,30,0,30,136
11/15/2001,MCN,GA,ASO,ES,Federal Contract Tower,0,1,9,1,11,1,12,76,3,92,1,13,85,4,103,18,0,18,121
11/16/2001,MCN,GA,ASO,ES,Federal Contract Tower,0,1,9,1,11,1,8,66,1,76,1,9,75,2,87,12,0,12,99
11/17/2001,MCN,GA,ASO,ES,Federal Contract Tower,0,0,7,1,8,0,11,54,9,74,0,11,61,10,82,20,0,20,102
11/18/2001,MCN,GA,ASO,ES,Federal Contract Tower,0,0,7,0,7,0,15,50,6,71,0,15,57,6,78,4,2,6,84
11/19/2001,MCN,GA,ASO,ES,Federal Contract Tower,0,2,11,0,13,1,16,47,4,68,1,18,58,4,81,16,2,18,99
11/20/2001,MCN,GA,ASO,ES,Federal Contract Tower,0,0,2,0,2,1,13,38,0,52,1,13,40,0,54,4,0,4,58
11/21/2001,MCN,GA,ASO,ES,Federal Contract Tower,0,0,2,0,2,1,9,60,0,70,1,9,62,0,72,4,0,4,76
11/22/2001,MCN,GA,ASO,ES,Federal Contract Tower,0,1,9,0,10,1,6,21,0,28,1,7,30,0,38,4,0,4,42
11/23/2001,MCN,GA,ASO,ES,Federal Contract Tower,0,2,16,0,18,1,6,9,0,16,1,8,25,0,34,2,0,2,36
11/24/2001,MCN,GA,ASO,ES,Federal Contract Tower,0,0,4,0,4,0,8,27,0,35,0,8,31,0,39,0,0,0,39
11/25/2001,MCN,GA,ASO,ES,Federal Contract Tower,0,2,12,0,14,2,9,29,2,42,2,11,41,2,56,16,0,16,72
11/26/2001,MCN,GA,ASO,ES,Federal Contract Tower,0,2,17,0,19,2,11,37,0,50,2,13,54,0,69,0,0,0,69
11/27/2001,MCN,GA,ASO,ES,Federal Contract Tower,0,2,15,0,17,2,10,45,2,59,2,12,60,2,76,12,0,12,88
11/28/2001,MCN,GA,ASO,ES,Federal Contract Tower,0,2,13,0,15,2,7,51,3,63,2,9,64,3,78,16,0,16,94
11/29/2001,MCN,GA,ASO,ES,Federal Contract Tower,0,1,10,0,11,1,14,35,0,50,1,15,45,0,61,10,0,10,71
11/30/2001,MCN,GA,ASO,ES,Federal Contract Tower,0,0,9,0,9,1,12,26,4,43,1,12,35,4,52,10,4,14,66
12/01/2001,MCN,GA,ASO,ES,Federal Contract Tower,0,0,8,0,8,0,10,43,4,57,0,10,51,4,65,20,0,20,85
12/02/2001,MCN,GA,ASO,ES,Federal Contract Tower,0,0,6,0,6,0,14,40,2,56,0,14,46,2,62,10,0,10,72
12/03/2001,MCN,GA,ASO,ES,Federal Contract Tower,1,3,7,0,11,1,6,48,11,66,2,9,55,11,77,22,8,30,107
12/04/2001,MCN,GA,ASO,ES,Federal Contract Tower,1,3,6,0,10,2,6,54,4,66,3,9,60,4,76,16,4,20,96
12/05/2001,MCN,GA,ASO,ES,Federal Contract Tower,0,3,11,0,14,1,11,50,0,62,1,14,61,0,76,24,0,24,100
12/06/2001,MCN,GA,ASO,ES,Federal Contract Tower,0,1,7,0,8,3,12,48,0,63,3,13,55,0,71,16,0,16,87
12/07/2001,MCN,GA,ASO,ES,Federal Contract Tower,0,1,6,0,7,2,8,61,0,71,2,9,67,0,78,16,0,16,94
12/08/2001,MCN,GA,ASO,ES,Federal Contract Tower,0,2,7,1,10,2,8,35,0,45,2,10,42,1,55,12,0,12,67
12/09/2001,MCN,GA,ASO,ES,Federal Contract Tower,0,0,5,0,5,0,12,24,0,36,0,12,29,0,41,0,0,0,41
12/10/2001,MCN,GA,ASO,ES,Federal Contract Tower,0,2,10,0,12,2,8,10,0,20,2,10,20,0,32,0,0,0,32
12/11/2001,MCN,GA,ASO,ES,Federal Contract Tower,0,3,17,3,23,1,5,40,1,47,1,8,57,4,70,10,0,10,80
12/12/2001,MCN,GA,ASO,ES,Federal Contract Tower,0,2,12,2,16,0,11,13,0,24,0,13,25,2,40,0,2,2,42
12/13/2001,MCN,GA,ASO,ES,Federal Contract Tower,0,3,14,1,18,1,17,10,0,28,1,20,24,1,46,0,0,0,46
12/14/2001,MCN,GA,ASO,ES,Federal Contract Tower,0,2,11,1,14,2,9,23,0,34,2,11,34,1,48,2,0,2,50
12/15/2001,MCN,GA,ASO,ES,Federal Contract Tower,0,2,8,0,10,0,7,62,0,69,0,9,70,0,79,31,0,31,110
12/16/2001,MCN,GA,ASO,ES,Federal Contract Tower,0,2,8,0,10,0,8,31,0,39,0,10,39,0,49,22,0,22,71
12/17/2001,MCN,GA,ASO,ES,Federal Contract Tower,0,2,10,0,12,2,11,22,4,39,2,13,32,4,51,2,2,4,55
12/18/2001,MCN,GA,ASO,ES,Federal Contract Tower,0,0,4,0,4,1,8,52,2,63,1,8,56,2,67,24,0,24,91
12/19/2001,MCN,GA,ASO,ES,Federal Contract Tower,0,0,6,0,6,1,10,52,1,64,1,10,58,1,70,8,0,8,78
12/20/2001,MCN,GA,ASO,ES,Federal Contract Tower,0,0,5,0,5,1,11,50,6,68,1,11,55,6,73,12,0,12,85
12/21/2001,MCN,GA,ASO,ES,Federal Contract Tower,0,0,1,0,1,1,10,41,0,52,1,10,42,0,53,4,0,4,57
12/22/2001,MCN,GA,ASO,ES,Federal Contract Tower,0,1,8,0,9,0,8,42,6,56,0,9,50,6,65,6,6,12,77
12/23/2001,MCN,GA,ASO,ES,Federal Contract Tower,0,0,2,0,2,0,9,13,0,22,0,9,15,0,24,2,0,2,26
12/24/2001,MCN,GA,ASO,ES,Federal Contract Tower,0,0,2,0,2,1,10,23,0,34,1,10,25,0,36,6,0,6,42
12/25/2001,MCN,GA,ASO,ES,Federal Contract Tower,0,0,1,0,1,1,5,9,0,15,1,5,10,0,16,0,0,0,16
12/26/2001,MCN,GA,ASO,ES,Federal Contract Tower,0,0,5,0,5,3,14,56,0,73,3,14,61,0,78,20,0,20,98
12/27/2001,MCN,GA,ASO,ES,Federal Contract Tower,0,0,4,0,4,0,14,33,2,49,0,14,37,2,53,0,0,0,53
12/28/2001,MCN,GA,ASO,ES,Federal Contract Tower,0,0,5,0,5,3,7,31,0,41,3,7,36,0,46,10,0,10,56
12/29/2001,MCN,GA,ASO,ES,Federal Contract Tower,0,0,2,0,2,0,12,42,0,54,0,12,44,0,56,18,0,18,74
12/30/2001,MCN,GA,ASO,ES,Federal Contract Tower,0,0,0,0,0,0,8,37,0,45,0,8,37,0,45,8,0,8,53
12/31/2001,MCN,GA,ASO,ES,Federal Contract Tower,0,0,0,0,0,1,11,35,0,47,1,11,35,0,47,6,0,6,53
01/01/2002,MCN,GA,ASO,ES,Federal Contract Tower,1,0,5,0,6,0,6,43,0,49,1,6,48,0,55,30,0,30,85
01/02/2002,MCN,GA,ASO,ES,Federal Contract Tower,0,1,6,0,7,1,4,5,0,10,1,5,11,0,17,0,0,0,17
01/03/2002,MCN,GA,ASO,ES,Federal Contract Tower,0,1,1,0,2,0,2,5,0,7,0,3,6,0,9,0,0,0,9
01/04/2002,MCN,GA,ASO,ES,Federal Contract Tower,0,1,6,0,7,2,15,61,0,78,2,16,67,0,85,24,0,24,109
01/05/2002,MCN,GA,ASO,ES,Federal Contract Tower,0,1,5,0,6,1,12,55,4,72,1,13,60,4,78,26,0,26,104
01/06/2002,MCN,GA,ASO,ES,Federal Contract Tower,0,1,2,0,3,2,12,10,0,24,2,13,12,0,27,0,0,0,27
01/07/2002,MCN,GA,ASO,ES,Federal Contract Tower,0,0,2,0,2,1,14,52,0,67,1,14,54,0,69,12,0,12,81
01/08/2002,MCN,GA,ASO,ES,Federal Contract Tower,0,2,9,1,12,1,16,63,5,85,1,18,72,6,97,38,0,38,135
01/09/2002,MCN,GA,ASO,ES,Federal Contract Tower,0,0,2,0,2,0,10,40,0,50,0,10,42,0,52,8,0,8,60
01/10/2002,MCN,GA,ASO,ES,Federal Contract Tower,0,0,6,2,8,0,18,66,3,87,0,18,72,5,95,54,4,58,153
01/11/2002,MCN,GA,ASO,ES,Federal Contract Tower,0,2,11,2,15,2,10,58,10,80,2,12,69,12,95,24,0,24,119
01/12/2002,MCN,GA,ASO,ES,Federal Contract Tower,0,0,6,3,9,0,9,28,1,38,0,9,34,4,47,18,0,18,65
01/13/2002,MCN,GA,ASO,ES,Federal Contract Tower,0,0,2,0,2,1,12,46,8,67,1,12,48,8,69,26,0,26,95
01/14/2002,MCN,GA,ASO,ES,Federal Contract Tower,0,0,4,0,4,0,12,32,3,47,0,12,36,3,51,4,0,4,55
01/15/2002,MCN,GA,ASO,ES,Federal Contract Tower,0,2,15,3,20,1,10,48,11,70,1,12,63,14,90,20,14,34,124
01/16/2002,MCN,GA,ASO,ES,Federal Contract Tower,0,2,10,2,14,3,11,59,6,79,3,13,69,8,93,18,2,20,113
01/17/2002,MCN,GA,ASO,ES,Federal Contract Tower,0,0,6,0,6,3,17,70,0,90,3,17,76,0,96,8,0,8,104
01/18/2002,MCN,GA,ASO,ES,Federal Contract Tower,0,0,6,2,8,1,11,22,0,34,1,11,28,2,42,4,0,4,46
01/19/2002,MCN,GA,ASO,ES,Federal Contract Tower,0,0,1,0,1,3,9,4,0,16,3,9,5,0,17,0,0,0,17
01/20/2002,MCN,GA,ASO,ES,Federal Contract Tower,0,0,6,2,8,0,12,47,0,59,0,12,53,2,67,14,4,18,85
01/21/2002,MCN,GA,ASO,ES,Federal Contract Tower,0,0,6,1,7,1,11,35,0,47,1,11,41,1,54,10,0,10,64
01/22/2002,MCN,GA,ASO,ES,Federal Contract Tower,0,0,6,2,8,1,15,55,0,71,1,15,61,2,79,27,0,27,106
01/23/2002,MCN,GA,ASO,ES,Federal Contract Tower,0,2,13,2,17,2,13,32,0,47,2,15,45,2,64,8,0,8,72
01/24/2002,MCN,GA,ASO,ES,Federal Contract Tower,0,2,15,3,20,1,18,47,7,73,1,20,62,10,93,12,8,20,113
01/25/2002,MCN,GA,ASO,ES,Federal Contract Tower,0,0,7,0,7,1,22,72,5,100,1,22,79,5,107,18,2,20,127
01/26/2002,MCN,GA,ASO,ES,Federal Contract Tower,0,2,9,0,11,0,13,83,0,96,0,15,92,0,107,66,0,66,173
01/27/2002,MCN,GA,ASO,ES,Federal Contract Tower,0,2,10,1,13,0,9,38,2,49,0,11,48,3,62,29,0,29,91
01/28/2002,MCN,GA,ASO,ES,Federal Contract Tower,0,2,10,2,14,1,9,68,0,78,1,11,78,2,92,111,0,111,203
01/29/2002,MCN,GA,ASO,ES,Federal Contract Tower,0,2,8,1,11,1,12,46,4,63,1,14,54,5,74,34,4,38,112
01/30/2002,MCN,GA,ASO,ES,Federal Contract Tower,0,0,6,0,6,1,13,40,2,56,1,13,46,2,62,14,2,16,78
01/31/2002,MCN,GA,ASO,ES,Federal Contract Tower,0,1,12,2,15,1,8,57,2,68,1,9,69,4,83,14,4,18,101
02/01/2002,MCN,GA,ASO,ES,Federal Contract Tower,1,2,15,0,18,0,9,28,6,43,1,11,43,6,61,2,6,8,69
02/02/2002,MCN,GA,ASO,ES,Federal Contract Tower,0,0,10,0,10,0,11,24,0,35,0,11,34,0,45,48,0,48,93
02/03/2002,MCN,GA,ASO,ES,Federal Contract Tower,0,4,13,0,17,0,6,22,4,32,0,10,35,4,49,27,0,27,76
02/04/2002,MCN,GA,ASO,ES,Federal Contract Tower,0,0,0,0,0,1,8,40,0,49,1,8,40,0,49,2,0,2,51
02/05/2002,MCN,GA,ASO,ES,Federal Contract Tower,0,3,12,0,15,2,5,65,2,74,2,8,77,2,89,34,2,36,125
02/06/2002,MCN,GA,ASO,ES,Federal Contract Tower,0,1,10,0,11,3,6,10,0,19,3,7,20,0,30,8,0,8,38
02/07/2002,MCN,GA,ASO,ES,Federal Contract Tower,0,1,10,0,11,0,16,14,2,32,0,17,24,2,43,8,0,8,51
02/08/2002,MCN,GA,ASO,ES,Federal Contract Tower,0,3,11,0,14,1,9,75,1,86,1,12,86,1,100,46,0,46,146
02/09/2002,MCN,GA,ASO,ES,Federal Contract Tower,0,3,15,0,18,0,7,43,0,50,0,10,58,0,68,26,0,26,94
02/10/2002,MCN,GA,ASO,ES,Federal Contract Tower,0,2,12,0,14,1,6,28,2,37,1,8,40,2,51,14,0,14,65
02/11/2002,MCN,GA,ASO,ES,Federal Contract Tower,0,0,1,1,2,1,12,64,2,79,1,12,65,3,81,34,0,34,115
02/12/2002,MCN,GA,ASO,ES,Federal Contract Tower,0,0,1,0,1,2,10,47,0,59,2,10,48,0,60,20,0,20,80
02/13/2002,MCN,GA,ASO,ES,Federal Contract Tower,0,0,4,1,5,1,21,52,1,75,1,21,56,2,80,18,0,18,98
02/14/2002,MCN,GA,ASO,ES,Federal Contract Tower,0,0,3,0,3,1,17,73,0,91,1,17,76,0,94,26,0,26,120
02/15/2002,MCN,GA,ASO,ES,Federal Contract Tower,0,0,3,1,4,1,13,66,4,84,1,13,69,5,88,22,0,22,110
02/16/2002,MCN,GA,ASO,ES,Federal Contract Tower,0,0,9,0,9,0,11,39,0,50,0,11,48,0,59,36,0,36,95
02/17/2002,MCN,GA,ASO,ES,Federal Contract Tower,0,0,2,1,3,0,14,37,1,52,0,14,39,2,55,10,0,10,65
02/18/2002,MCN,GA,ASO,ES,Federal Contract Tower,0,0,11,0,11,0,14,59,2,75,0,14,70,2,86,28,0,28,114
02/19/2002,MCN,GA,ASO,ES,Federal Contract Tower,0,0,5,0,5,0,10,52,4,66,0,10,57,4,71,6,0,6,77
02/20/2002,MCN,GA,ASO,ES,Federal Contract Tower,0,1,15,0,16,0,13,25,1,39,0,14,40,1,55,6,0,6,61
02/21/2002,MCN,GA,ASO,ES,Federal Contract Tower,0,0,9,0,9,4,19,85,2,110,4,19,94,2,119,26,0,26,145
02/22/2002,MCN,GA,ASO,ES,Federal Contract Tower,0,0,10,0,10,1,10,60,0,71,1,10,70,0,81,39,0,39,120
02/23/2002,MCN,GA,ASO,ES,Federal Contract Tower,0,1,12,0,13,2,12,34,0,48,2,13,46,0,61,41,0,41,102
02/24/2002,MCN,GA,ASO,ES,Federal Contract Tower,0,0,8,0,8,0,12,46,0,58,0,12,54,0,66,12,0,12,78
02/25/2002,MCN,GA,ASO,ES,Federal Contract Tower,0,0,2,0,2,2,14,57,0,73,2,14,59,0,75,20,0,20,95
02/26/2002,MCN,GA,ASO,ES,Federal Contract Tower,0,0,8,0,8,3,17,23,2,45,3,17,31,2,53,14,0,14,67
02/27/2002,MCN,GA,ASO,ES,Federal Contract Tower,0,0,4,0,4,1,19,35,1,56,1,19,39,1,60,8,0,8,68
02/28/2002,MCN,GA,ASO,ES,Federal Contract Tower,0,2,17,0,19,4,16,77,3,100,4,18,94,3,119,57,0,57,176
03/01/2002,MCN,GA,ASO,ES,Federal Contract Tower,1,1,7,0,9,3,13,50,9,75,4,14,57,9,84,32,4,36,120
03/02/2002,MCN,GA,ASO,ES,Federal Contract Tower,1,5,19,2,27,2,4,6,4,16,3,9,25,6,43,16,0,16,59
03/03/2002,MCN,GA,ASO,ES,Federal Contract Tower,1,3,5,0,9,0,3,21,7,31,1,6,26,7,40,6,0,6,46
03/04/2002,MCN,GA,ASO,ES,Federal Contract Tower,0,0,2,1,3,1,15,45,3,64,1,15,47,4,67,8,0,8,75
03/05/2002,MCN,GA,ASO,ES,Federal Contract Tower,0,0,2,1,3,3,13,55,3,74,3,13,57,4,77,8,4,12,89
03/06/2002,MCN,GA,ASO,ES,Federal Contract Tower,0,0,4,0,4,3,11,51,0,65,3,11,55,0,69,12,0,12,81
03/07/2002,MCN,GA,ASO,ES,Federal Contract Tower,0,2,7,2,11,3,14,73,4,94,3,16,80,6,105,24,0,24,129
03/08/2002,MCN,GA,ASO,ES,Federal Contract Tower,0,0,3,0,3,2,9,64,0,75,2,9,67,0,78,22,0,22,100
03/09/2002,MCN,GA,ASO,ES,Federal Contract Tower,0,3,7,2,12,0,8,28,2,38,0,11,35,4,50,22,0,22,72
03/10/2002,MCN,GA,ASO,ES,Federal Contract Tower,0,0,6,0,6,0,14,71,2,87,0,14,77,2,93,28,2,30,123
03/11/2002,MCN,GA,ASO,ES,Federal Contract Tower,0,0,5,0,5,0,14,38,0,52,0,14,43,0,57,10,0,10,67
03/12/2002,MCN,GA,ASO,ES,Federal Contract Tower,0,2,10,2,14,2,10,7,0,19,2,12,17,2,33,0,0,0,33
03/13/2002,MCN,GA,ASO,ES,Federal Contract Tower,0,5,19,3,27,1,9,40,5,55,1,14,59,8,82,18,6,24,106
03/14/2002,MCN,GA,ASO,ES,Federal Contract Tower,0,3,15,0,18,1,18,70,0,89,1,21,85,0,107,26,0,26,133
03/15/2002,MCN,GA,ASO,ES,Federal Contract Tower,0,3,15,3,21,2,7,47,7,63,2,10,62,10,84,12,4,16,100
03/16/2002,MCN,GA,ASO,ES,Federal Contract Tower,0,2,9,0,11,0,5,17,0,22,0,7,26,0,33,14,0,14,47
03/17/2002,MCN,GA,ASO,ES,Federal Contract Tower,0,2,7,0,9,0,8,32,2,42,0,10,39,2,51,18,0,18,69
03/18/2002,MCN,GA,ASO,ES,Federal Contract Tower,0,3,11,2,16,1,8,50,6,65,1,11,61,8,81,42,0,42,123
03/19/2002,MCN,GA,ASO,ES,Federal Contract Tower,0,3,12,0,15,3,14,74,0,91,3,17,86,0,106,28,0,28,134
03/20/2002,MCN,GA,ASO,ES,Federal Contract Tower,0,1,8,2,11,2,18,40,4,64,2,19,48,6,75,16,6,22,97
03/21/2002,MCN,GA,ASO,ES,Federal Contract Tower,0,3,13,1,17,1,16,46,0,63,1,19,59,1,80,12,2,14,94
03/22/2002,MCN,GA,ASO,ES,Federal Contract Tower,0,0,2,0,2,4,11,64,4,83,4,11,66,4,85,8,4,12,97
03/23/2002,MCN,GA,ASO,ES,Federal Contract Tower,0,2,9,2,13,1,8,96,0,105,1,10,105,2,118,30,0,30,148
03/24/2002,MCN,GA,ASO,ES,Federal Contract Tower,0,0,5,0,5,3,14,44,0,61,3,14,49,0,66,42,0,42,108
03/25/2002,MCN,GA,ASO,ES,Federal Contract Tower,0,2,7,0,9,1,10,56,2,69,1,12,63,2,78,12,2,14,92
03/26/2002,MCN,GA,ASO,ES,Federal Contract Tower,0,2,7,0,9,1,9,21,0,31,1,11,28,0,40,0,0,0,40
03/27/2002,MCN,GA,ASO,ES,Federal Contract Tower,0,0,5,0,5,1,12,47,3,63,1,12,52,3,68,14,0,14,82
03/28/2002,MCN,GA,ASO,ES,Federal Contract Tower,0,0,6,0,6,2,16,68,2,88,2,16,74,2,94,48,2,50,144
03/29/2002,MCN,GA,ASO,ES,Federal Contract Tower,0,2,6,0,8,2,8,65,5,80,2,10,71,5,88,32,2,34,122
03/30/2002,MCN,GA,ASO,ES,Federal Contract Tower,0,1,8,0,9,1,6,39,0,46,1,7,47,0,55,10,0,10,65
03/31/2002,MCN,GA,ASO,ES,Federal Contract Tower,0,0,3,0,3,1,12,10,0,23,1,12,13,0,26,2,0,2,28
04/01/2002,MCN,GA,ASO,ES,Federal Contract Tower,1,1,9,0,11,0,8,69,1,78,1,9,78,1,89,43,0,43,132
04/02/2002,MCN,GA,ASO,ES,Federal Contract Tower,1,1,7,0,9,0,8,68,5,81,1,9,75,5,90,24,2,26,116
04/03/2002,MCN,GA,ASO,ES,Federal Contract Tower,1,0,6,0,7,2,11,41,0,54,3,11,47,0,61,43,0,43,104
04/04/2002,MCN,GA,ASO,ES,Federal Contract Tower,1,0,7,0,8,0,11,53,2,66,1,11,60,2,74,34,0,34,108
04/05/2002,MCN,GA,ASO,ES,Federal Contract Tower,1,0,6,0,7,0,14,70,0,84,1,14,76,0,91,28,0,28,119
04/06/2002,MCN,GA,ASO,ES,Federal Contract Tower,0,0,6,0,6,0,9,51,2,62,0,9,57,2,68,14,0,14,82
04/07/2002,MCN,GA,ASO,ES,Federal Contract Tower,0,0,5,0,5,1,8,44,0,53,1,8,49,0,58,18,0,18,76
04/08/2002,MCN,GA,ASO,ES,Federal Contract Tower,0,0,6,1,7,1,10,37,3,51,1,10,43,4,58,32,0,32,90
04/09/2002,MCN,GA,ASO,ES,Federal Contract Tower,0,4,13,0,17,1,6,36,0,43,1,10,49,0,60,2,0,2,62
04/10/2002,MCN,GA,ASO,ES,Federal Contract Tower,0,5,19,0,24,1,5,37,0,43,1,10,56,0,67,6,0,6,73
04/11/2002,MCN,GA,ASO,ES,Federal Contract Tower,0,4,19,0,23,0,12,32,0,44,0,16,51,0,67,2,0,2,69
04/12/2002,MCN,GA,ASO,ES,Federal Contract Tower,0,4,16,0,20,2,6,40,0,48,2,10,56,0,68,12,0,12,80
04/13/2002,MCN,GA,ASO,ES,Federal Contract Tower,0,5,23,0,28,4,6,33,0,43,4,11,56,0,71,34,0,34,105
04/14/2002,MCN,GA,ASO,ES,Federal Contract Tower,0,4,13,0,17,2,5,27,9,43,2,9,40,9,60,14,2,16,76
04/15/2002,MCN,GA,ASO,ES,Federal Contract Tower,0,3,11,0,14,1,11,28,4,44,1,14,39,4,58,2,6,8,66
04/16/2002,MCN,GA,ASO,ES,Federal Contract Tower,0,0,0,0,0,1,8,51,4,64,1,8,51,4,64,45,0,45,109
04/17/2002,MCN,GA,ASO,ES,Federal Contract Tower,0,0,4,0,4,0,10,40,4,54,0,10,44,4,58,12,2,14,72
04/18/2002,MCN,GA,ASO,ES,Federal Contract Tower,0,1,9,0,10,2,6,54,8,70,2,7,63,8,80,51,8,59,139
04/19/2002,MCN,GA,ASO,ES,Federal Contract Tower,0,1,9,0,10,1,12,46,0,59,1,13,55,0,69,16,0,16,85
04/20/2002,MCN,GA,ASO,ES,Federal Contract Tower,0,0,6,0,6,2,10,53,0,65,2,10,59,0,71,22,0,22,93
04/21/2002,MCN,GA,ASO,ES,Federal Contract Tower,0,0,6,0,6,2,12,52,2,68,2,12,58,2,74,12,0,12,86
04/22/2002,MCN,GA,ASO,ES,Federal Contract Tower,0,1,8,0,9,1,7,39,0,47,1,8,47,0,56,8,0,8,64
04/23/2002,MCN,GA,ASO,ES,Federal Contract Tower,0,1,8,0,9,2,9,82,0,93,2,10,90,0,102,22,0,22,124
04/24/2002,MCN,GA,ASO,ES,Federal Contract Tower,0,0,6,0,6,2,9,46,7,64,2,9,52,7,70,24,6,30,100
04/25/2002,MCN,GA,ASO,ES,Federal Contract Tower,0,0,5,0,5,6,11,48,0,65,6,11,53,0,70,12,0,12,82
04/26/2002,MCN,GA,ASO,ES,Federal Contract Tower,0,1,8,0,9,1,10,45,8,64,1,11,53,8,73,20,0,20,93
04/27/2002,MCN,GA,ASO,ES,Federal Contract Tower,0,2,10,0,12,3,9,32,2,46,3,11,42,2,58,20,0,20,78
04/28/2002,MCN,GA,ASO,ES,Federal Contract Tower,0,0,8,0,8,1,12,14,2,29,1,12,22,2,37,14,0,14,51
04/29/2002,MCN,GA,ASO,ES,Federal Contract Tower,0,1,9,0,10,1,7,59,0,67,1,8,68,0,77,44,0,44,121
04/30/2002,MCN,GA,ASO,ES,Federal Contract Tower,0,0,0,0,0,2,12,45,1,60,2,12,45,1,60,0,0,0,60
05/01/2002,MCN,GA,ASO,ES,Federal Contract Tower,1,0,4,0,5,0,10,31,2,43,1,10,35,2,48,4,8,12,60
05/02/2002,MCN,GA,ASO,ES,Federal Contract Tower,1,0,2,0,3,4,13,59,0,76,5,13,61,0,79,12,0,12,91
05/03/2002,MCN,GA,ASO,ES,Federal Contract Tower,1,1,9,4,15,6,8,54,3,71,7,9,63,7,86,17,0,17,103
05/04/2002,MCN,GA,ASO,ES,Federal Contract Tower,0,2,5,0,7,0,9,15,0,24,0,11,20,0,31,2,0,2,33
05/05/2002,MCN,GA,ASO,ES,Federal Contract Tower,0,2,14,3,19,0,12,38,0,50,0,14,52,3,69,36,0,36,105
05/06/2002,MCN,GA,ASO,ES,Federal Contract Tower,0,2,15,4,21,1,10,61,0,72,1,12,76,4,93,40,4,44,137
05/07/2002,MCN,GA,ASO,ES,Federal Contract Tower,0,0,7,0,7,1,9,43,1,54,1,9,50,1,61,16,2,18,79
05/08/2002,MCN,GA,ASO,ES,Federal Contract Tower,0,0,4,0,4,1,10,66,0,77,1,10,70,0,81,36,0,36,117
05/09/2002,MCN,GA,ASO,ES,Federal Contract Tower,0,0,7,0,7,2,14,57,4,77,2,14,64,4,84,14,2,16,100
05/10/2002,MCN,GA,ASO,ES,Federal Contract Tower,0,2,7,0,9,0,9,57,0,66,0,11,64,0,75,50,0,50,125
05/11/2002,MCN,GA,ASO,ES,Federal Contract Tower,0,2,12,0,14,6,8,33,0,47,6,10,45,0,61,26,0,26,87
05/12/2002,MCN,GA,ASO,ES,Federal Contract Tower,0,2,11,3,16,2,11,32,2,47,2,13,43,5,63,22,4,26,89
05/13/2002,MCN,GA,ASO,ES,Federal Contract Tower,0,2,7,0,9,0,2,27,0,29,0,4,34,0,38,16,0,16,54
05/14/2002,MCN,GA,ASO,ES,Federal Contract Tower,0,0,2,0,2,1,10,67,0,78,1,10,69,0,80,6,0,6,86
05/15/2002,MCN,GA,ASO,ES,Federal Contract Tower,0,2,8,0,10,1,10,69,9,89,1,12,77,9,99,24,10,34,133
05/16/2002,MCN,GA,ASO,ES,Federal Contract Tower,0,2,7,0,9,1,16,55,12,84,1,18,62,12,93,32,0,32,125
05/17/2002,MCN,GA,ASO,ES,Federal Contract Tower,0,0,6,0,6,1,16,54,9,80,1,16,60,9,86,14,0,14,100
05/18/2002,MCN,GA,ASO,ES,Federal Contract Tower,0,1,8,0,9,0,10,13,0,23,0,11,21,0,32,10,0,10,42
05/19/2002,MCN,GA,ASO,ES,Federal Contract Tower,0,0,4,0,4,1,14,43,7,65,1,14,47,7,69,6,2,8,77
05/20/2002,MCN,GA,ASO,ES,Federal Contract Tower,0,0,7,0,7,0,15,52,4,71,0,15,59,4,78,56,4,60,138
05/21/2002,MCN,GA,ASO,ES,Federal Contract Tower,0,2,8,0,10,4,10,43,10,67,4,12,51,10,77,40,14,54,131
05/22/2002,MCN,GA,ASO,ES,Federal Contract Tower,0,2,7,0,9,1,11,65,0,77,1,13,72,0,86,38,0,38,124
05/23/2002,MCN,GA,ASO,ES,Federal Contract Tower,0,2,7,0,9,1,12,47,7,67,1,14,54,7,76,16,8,24,100
05/24/2002,MCN,GA,ASO,ES,Federal Contract Tower,0,0,3,0,3,2,9,67,4,82,2,9,70,4,85,24,0,24,109
05/25/2002,MCN,GA,ASO,ES,Federal Contract Tower,0,2,6,0,8,0,8,38,4,50,0,10,44,4,58,24,0,24,82
05/26/2002,MCN,GA,ASO,ES,Federal Contract Tower,0,0,0,0,0,0,12,33,0,45,0,12,33,0,45,4,0,4,49
05/27/2002,MCN,GA,ASO,ES,Federal Contract Tower,0,2,8,0,10,1,13,60,0,74,1,15,68,0,84,44,0,44,128
05/28/2002,MCN,GA,ASO,ES,Federal Contract Tower,0,1,7,3,11,0,13,63,5,81,0,14,70,8,92,10,0,10,102
05/29/2002,MCN,GA,ASO,ES,Federal Contract Tower,0,2,6,0,8,5,7,58,0,70,5,9,64,0,78,40,4,44,122
05/30/2002,MCN,GA,ASO,ES,Federal Contract Tower,2,4,15,2,23,0,17,58,4,79,2,21,73,6,102,60,2,62,164
05/31/2002,MCN,GA,ASO,ES,Federal Contract Tower,0,0,6,0,6,1,10,61,12,84,1,10,67,12,90,14,3,17,107
06/01/2002,MCN,GA,ASO,ES,Federal Contract Tower,1,0,6,0,7,1,8,48,2,59,2,8,54,2,66,48,0,48,114
06/02/2002,MCN,GA,ASO,ES,Federal Contract Tower,0,0,0,0,0,0,11,39,3,53,0,11,39,3,53,0,0,0,53
06/03/2002,MCN,GA,ASO,ES,Federal Contract Tower,1,3,6,0,10,1,11,62,4,78,2,14,68,4,88,10,2,12,100
06/04/2002,MCN,GA,ASO,ES,Federal Contract Tower,1,3,6,0,10,7,7,56,2,72,8,10,62,2,82,10,2,12,94
06/05/2002,MCN,GA,ASO,ES,Federal Contract Tower,1,1,8,1,11,0,11,34,0,45,1,12,42,1,56,14,0,14,70
06/06/2002,MCN,GA,ASO,ES,Federal Contract Tower,0,2,10,3,15,1,14,24,0,39,1,16,34,3,54,8,0,8,62
06/07/2002,MCN,GA,ASO,ES,Federal Contract Tower,0,3,13,3,19,0,9,48,4,61,0,12,61,7,80,10,0,10,90
06/08/2002,MCN,GA,ASO,ES,Federal Contract Tower,0,0,4,1,5,2,8,39,2,51,2,8,43,3,56,8,0,8,64
06/09/2002,MCN,GA,ASO,ES,Federal Contract Tower,0,3,15,2,20,1,8,56,4,69,1,11,71,6,89,36,0,36,125
06/10/2002,MCN,GA,ASO,ES,Federal Contract Tower,0,0,7,0,7,0,14,58,2,74,0,14,65,2,81,34,0,34,115
06/11/2002,MCN,GA,ASO,ES,Federal Contract Tower,0,4,22,3,29,2,9,56,5,72,2,13,78,8,101,24,0,24,125
06/12/2002,MCN,GA,ASO,ES,Federal Contract Tower,0,1,10,2,13,0,17,60,2,79,0,18,70,4,92,24,2,26,118
06/13/2002,MCN,GA,ASO,ES,Federal Contract Tower,0,0,6,0,6,3,14,67,0,84,3,14,73,0,90,12,0,12,102
06/14/2002,MCN,GA,ASO,ES,Federal Contract Tower,0,2,7,0,9,1,11,47,2,61,1,13,54,2,70,20,0,20,90
06/15/2002,MCN,GA,ASO,ES,Federal Contract Tower,0,0,0,0,0,0,11,58,2,71,0,11,58,2,71,12,0,12,83
06/16/2002,MCN,GA,ASO,ES,Federal Contract Tower,0,0,3,0,3,2,10,34,10,56,2,10,37,10,59,12,0,12,71
06/17/2002,MCN,GA,ASO,ES,Federal Contract Tower,0,0,4,0,4,1,14,40,0,55,1,14,44,0,59,8,0,8,67
06/18/2002,MCN,GA,ASO,ES,Federal Contract Tower,0,1,10,2,13,4,11,36,5,56,4,12,46,7,69,18,6,24,93
06/19/2002,MCN,GA,ASO,ES,Federal Contract Tower,0,2,10,2,14,2,5,46,3,56,2,7,56,5,70,22,0,22,92
06/20/2002,MCN,GA,ASO,ES,Federal Contract Tower,0,0,7,0,7,2,9,70,9,90,2,9,77,9,97,22,2,24,121
06/21/2002,MCN,GA,ASO,ES,Federal Contract Tower,0,0,8,0,8,1,17,32,13,63,1,17,40,13,71,16,4,20,91
06/22/2002,MCN,GA,ASO,ES,Federal Contract Tower,0,2,11,2,15,1,7,22,0,30,1,9,33,2,45,10,0,10,55
06/23/2002,MCN,GA,ASO,ES,Federal Contract Tower,0,2,10,0,12,1,15,32,0,48,1,17,42,0,60,10,0,10,70
06/24/2002,MCN,GA,ASO,ES,Federal Contract Tower,0,3,13,2,18,1,15,32,0,48,1,18,45,2,66,14,0,14,80
06/25/2002,MCN,GA,ASO,ES,Federal Contract Tower,0,1,10,1,12,1,12,29,0,42,1,13,39,1,54,14,0,14,68
06/26/2002,MCN,GA,ASO,ES,Federal Contract Tower,0,2,13,0,15,5,8,36,0,49,5,10,49,0,64,18,0,18,82
06/27/2002,MCN,GA,ASO,ES,Federal Contract Tower,0,2,7,0,9,1,12,66,5,84,1,14,73,5,93,30,2,32,125
06/28/2002,MCN,GA,ASO,ES,Federal Contract Tower,0,0,6,0,6,2,13,44,2,61,2,13,50,2,67,10,0,10,77
06/29/2002,MCN,GA,ASO,ES,Federal Contract Tower,0,2,7,0,9,1,9,46,2,58,1,11,53,2,67,24,2,26,93
06/30/2002,MCN,GA,ASO,ES,Federal Contract Tower,0,0,5,0,5,1,11,46,0,58,1,11,51,0,63,30,0,30,93
07/01/2002,MCN,GA,ASO,ES,Federal Contract Tower,1,0,1,0,2,0,19,23,0,42,1,19,24,0,44,4,0,4,48
07/02/2002,MCN,GA,ASO,ES,Federal Contract Tower,1,0,3,0,4,0,4,31,0,35,1,4,34,0,39,21,0,21,60
07/03/2002,MCN,GA,ASO,ES,Federal Contract Tower,1,1,5,0,7,0,12,59,0,71,1,13,64,0,78,12,0,12,90
07/04/2002,MCN,GA,ASO,ES,Federal Contract Tower,0,0,0,0,0,5,5,12,0,22,5,5,12,0,22,2,0,2,24
07/05/2002,MCN,GA,ASO,ES,Federal Contract Tower,1,2,6,0,9,0,6,34,0,40,1,8,40,0,49,10,0,10,59
07/06/2002,MCN,GA,ASO,ES,Federal Contract Tower,0,2,6,0,8,0,8,24,2,34,0,10,30,2,42,2,0,2,44
07/07/2002,MCN,GA,ASO,ES,Federal Contract Tower,0,1,5,0,6,2,6,41,0,49,2,7,46,0,55,10,0,10,65
07/08/2002,MCN,GA,ASO,ES,Federal Contract Tower,0,2,6,0,8,1,15,18,0,34,1,17,24,0,42,14,0,14,56
07/09/2002,MCN,GA,ASO,ES,Federal Contract Tower,0,2,6,0,8,1,13,45,2,61,1,15,51,2,69,22,0,22,91
07/10/2002,MCN,GA,ASO,ES,Federal Contract Tower,0,0,1,0,1,1,20,40,2,63,1,20,41,2,64,0,2,2,66
07/11/2002,MCN,GA,ASO,ES,Federal Contract Tower,0,1,6,0,7,2,10,50,0,62,2,11,56,0,69,10,0,10,79
07/12/2002,MCN,GA,ASO,ES,Federal Contract Tower,0,1,5,0,6,1,15,41,7,64,1,16,46,7,70,14,6,20,90
07/13/2002,MCN,GA,ASO,ES,Federal Contract Tower,0,7,16,1,24,0,1,9,0,10,0,8,25,1,34,16,0,16,50
07/14/2002,MCN,GA,ASO,ES,Federal Contract Tower,0,3,10,0,13,1,10,12,2,25,1,13,22,2,38,8,0,8,46
07/15/2002,MCN,GA,ASO,ES,Federal Contract Tower,0,0,5,0,5,1,8,45,2,56,1,8,50,2,61,26,0,26,87
07/16/2002,MCN,GA,ASO,ES,Federal Contract Tower,0,0,1,0,1,1,11,51,0,63,1,11,52,0,64,4,0,4,68
07/17/2002,MCN,GA,ASO,ES,Federal Contract Tower,0,0,3,0,3,1,15,63,0,79,1,15,66,0,82,18,0,18,100
07/18/2002,MCN,GA,ASO,ES,Federal Contract Tower,0,2,6,0,8,1,13,55,7,76,1,15,61,7,84,26,4,30,114
07/19/2002,MCN,GA,ASO,ES,Federal Contract Tower,0,0,4,0,4,1,10,66,5,82,1,10,70,5,86,12,0,12,98
07/20/2002,MCN,GA,ASO,ES,Federal Contract Tower,0,2,8,0,10,0,11,52,0,63,0,13,60,0,73,32,0,32,105
07/21/2002,MCN,GA,ASO,ES,Federal Contract Tower,0,1,5,0,6,1,11,33,0,45,1,12,38,0,51,38,0,38,89
07/22/2002,MCN,GA,ASO,ES,Federal Contract Tower,0,2,6,0,8,1,10,42,0,53,1,12,48,0,61,4,0,4,65
07/23/2002,MCN,GA,ASO,ES,Federal Contract Tower,0,3,13,0,16,4,9,35,0,48,4,12,48,0,64,30,0,30,94
07/24/2002,MCN,GA,ASO,ES,Federal Contract Tower,0,1,6,0,7,2,12,40,6,60,2,13,46,6,67,2,2,4,71
07/25/2002,MCN,GA,ASO,ES,Federal Contract Tower,0,2,9,0,11,2,8,27,4,41,2,10,36,4,52,26,0,26,78
07/26/2002,MCN,GA,ASO,ES,Federal Contract Tower,0,2,8,0,10,2,11,26,4,43,2,13,34,4,53,14,4,18,71
07/27/2002,MCN,GA,ASO,ES,Federal Contract Tower,0,2,8,0,10,1,7,34,0,42,1,9,42,0,52,30,0,30,82
07/28/2002,MCN,GA,ASO,ES,Federal Contract Tower,0,0,3,0,3,2,12,31,4,49,2,12,34,4,52,24,0,24,76
07/29/2002,MCN,GA,ASO,ES,Federal Contract Tower,0,1,5,0,6,2,10,68,5,85,2,11,73,5,91,16,0,16,107
07/30/2002,MCN,GA,ASO,ES,Federal Contract Tower,0,2,6,0,8,1,7,72,0,80,1,9,78,0,88,38,0,38,126
07/31/2002,MCN,GA,ASO,ES,Federal Contract Tower,0,3,13,0,16,1,13,23,4,41,1,16,36,4,57,10,6,16,73
08/01/2002,MCN,GA,ASO,ES,Federal Contract Tower,1,1,11,0,13,1,17,61,4,83,2,18,72,4,96,44,0,44,140
08/02/2002,MCN,GA,ASO,ES,Federal Contract Tower,1,2,12,1,16,0,10,39,1,50,1,12,51,2,66,32,0,32,98
08/03/2002,MCN,GA,ASO,ES,Federal Contract Tower,0,0,5,0,5,0,10,43,0,53,0,10,48,0,58,26,0,26,84
08/04/2002,MCN,GA,ASO,ES,Federal Contract Tower,1,0,3,0,4,0,12,63,6,81,1,12,66,6,85,18,0,18,103
08/05/2002,MCN,GA,ASO,ES,Federal Contract Tower,0,0,7,1,8,2,8,78,0,88,2,8,85,1,96,50,0,50,146
08/06/2002,MCN,GA,ASO,ES,Federal Contract Tower,0,2,6,0,8,3,9,50,0,62,3,11,56,0,70,20,0,20,90
08/07/2002,MCN,GA,ASO,ES,Federal Contract Tower,0,2,8,1,11,3,10,42,5,60,3,12,50,6,71,6,0,6,77
08/08/2002,MCN,GA,ASO,ES,Federal Contract Tower,0,2,8,0,10,1,12,78,0,91,1,14,86,0,101,38,0,38,139
08/09/2002,MCN,GA,ASO,ES,Federal Contract Tower,0,0,6,1,7,1,16,62,1,80,1,16,68,2,87,18,2,20,107
08/10/2002,MCN,GA,ASO,ES,Federal Contract Tower,0,2,8,1,11,1,4,57,1,63,1,6,65,2,74,24,0,24,98
08/11/2002,MCN,GA,ASO,ES,Federal Contract Tower,0,0,0,1,1,1,11,51,4,67,1,11,51,5,68,14,0,14,82
08/12/2002,MCN,GA,ASO,ES,Federal Contract Tower,0,0,5,1,6,1,15,59,6,81,1,15,64,7,87,28,5,33,120
08/13/2002,MCN,GA,ASO,ES,Federal Contract Tower,0,0,0,1,1,1,14,57,1,73,1,14,57,2,74,14,2,16,90
08/14/2002,MCN,GA,ASO,ES,Federal Contract Tower,0,3,16,2,21,1,9,31,8,49,1,12,47,10,70,11,8,19,89
08/15/2002,MCN,GA,ASO,ES,Federal Contract Tower,0,1,12,2,15,2,13,34,0,49,2,14,46,2,64,6,0,6,70
08/16/2002,MCN,GA,ASO,ES,Federal Contract Tower,0,2,13,2,17,0,16,35,6,57,0,18,48,8,74,14,6,20,94
08/17/2002,MCN,GA,ASO,ES,Federal Contract Tower,0,2,9,0,11,2,7,45,0,54,2,9,54,0,65,35,0,35,100
08/18/2002,MCN,GA,ASO,ES,Federal Contract Tower,0,0,3,0,3,0,6,27,4,37,0,6,30,4,40,6,0,6,46
08/19/2002,MCN,GA,ASO,ES,Federal Contract Tower,0,0,2,0,2,1,9,66,2,78,1,9,68,2,80,20,0,20,100
08/20/2002,MCN,GA,ASO,ES,Federal Contract Tower,0,0,4,0,4,3,14,33,2,52,3,14,37,2,56,16,2,18,74
08/21/2002,MCN,GA,ASO,ES,Federal Contract Tower,0,2,10,0,12,2,12,60,0,74,2,14,70,0,86,28,0,28,114
08/22/2002,MCN,GA,ASO,ES,Federal Contract Tower,0,0,8,0,8,0,8,46,0,54,0,8,54,0,62,26,0,26,88
08/23/2002,MCN,GA,ASO,ES,Federal Contract Tower,0,1,8,0,9,1,14,65,2,82,1,15,73,2,91,24,0,24,115
08/24/2002,MCN,GA,ASO,ES,Federal Contract Tower,0,0,2,0,2,0,9,33,0,42,0,9,35,0,44,20,0,20,64
08/25/2002,MCN,GA,ASO,ES,Federal Contract Tower,0,0,1,0,1,1,8,44,0,53,1,8,45,0,54,12,0,12,66
08/26/2002,MCN,GA,ASO,ES,Federal Contract Tower,0,1,8,0,9,1,9,38,0,48,1,10,46,0,57,0,0,0,57
08/27/2002,MCN,GA,ASO,ES,Federal Contract Tower,0,3,18,0,21,4,10,28,0,42,4,13,46,0,63,22,0,22,85
08/28/2002,MCN,GA,ASO,ES,Federal Contract Tower,0,2,16,0,18,3,11,50,0,64,3,13,66,0,82,18,0,18,100
08/29/2002,MCN,GA,ASO,ES,Federal Contract Tower,0,5,33,2,40,1,16,36,4,57,1,21,69,6,97,24,6,30,127
08/30/2002,MCN,GA,ASO,ES,Federal Contract Tower,0,2,14,0,16,1,6,14,0,21,1,8,28,0,37,0,0,0,37
08/31/2002,MCN,GA,ASO,ES,Federal Contract Tower,0,3,19,0,22,0,9,31,0,40,0,12,50,0,62,26,0,26,88
09/01/2002,MCN,GA,ASO,ES,Federal Contract Tower,0,0,5,0,5,0,8,3,0,11,0,8,8,0,16,14,0,14,30
09/02/2002,MCN,GA,ASO,ES,Federal Contract Tower,1,2,12,0,15,0,4,41,0,45,1,6,53,0,60,28,0,28,88
09/03/2002,MCN,GA,ASO,ES,Federal Contract Tower,1,3,11,2,17,4,4,34,0,42,5,7,45,2,59,24,2,26,85
09/04/2002,MCN,GA,ASO,ES,Federal Contract Tower,1,0,3,0,4,2,10,31,0,43,3,10,34,0,47,10,0,10,57
09/05/2002,MCN,GA,ASO,ES,Federal Contract Tower,1,3,9,0,13,0,8,51,13,72,1,11,60,13,85,20,6,26,111
09/06/2002,MCN,GA,ASO,ES,Federal Contract Tower,1,0,5,0,6,5,3,45,10,63,6,3,50,10,69,17,0,17,86
09/07/2002,MCN,GA,ASO,ES,Federal Contract Tower,1,2,5,0,8,0,6,46,0,52,1,8,51,0,60,20,0,20,80
09/08/2002,MCN,GA,ASO,ES,Federal Contract Tower,1,2,8,3,14,0,7,50,1,58,1,9,58,4,72,34,0,34,106
09/09/2002,MCN,GA,ASO,ES,Federal Contract Tower,0,2,6,0,8,1,11,69,0,81,1,13,75,0,89,14,0,14,103
09/10/2002,MCN,GA,ASO,ES,Federal Contract Tower,0,0,5,0,5,1,10,52,2,65,1,10,57,2,70,26,6,32,102
09/11/2002,MCN,GA,ASO,ES,Federal Contract Tower,0,1,6,0,7,1,5,61,0,67,1,6,67,0,74,8,0,8,82
09/12/2002,MCN,GA,ASO,ES,Federal Contract Tower,0,2,6,0,8,3,8,64,0,75,3,10,70,0,83,32,0,32,115
09/13/2002,MCN,GA,ASO,ES,Federal Contract Tower,0,4,16,4,24,1,11,24,2,38,1,15,40,6,62,16,4,20,82
09/14/2002,MCN,GA,ASO,ES,Federal Contract Tower,0,0,3,0,3,1,6,0,0,7,1,6,3,0,10,0,0,0,10
09/15/2002,MCN,GA,ASO,ES,Federal Contract Tower,0,0,3,0,3,2,10,20,0,32,2,10,23,0,35,0,0,0,35
09/16/2002,MCN,GA,ASO,ES,Federal Contract Tower,0,2,10,0,12,1,15,35,6,57,1,17,45,6,69,10,4,14,83
09/17/2002,MCN,GA,ASO,ES,Federal Contract Tower,0,3,11,2,16,1,6,42,0,49,1,9,53,2,65,24,0,24,89
09/18/2002,MCN,GA,ASO,ES,Federal Contract Tower,0,2,10,1,13,1,4,41,0,46,1,6,51,1,59,6,0,6,65
09/19/2002,MCN,GA,ASO,ES,Federal Contract Tower,0,3,10,0,13,1,3,42,1,47,1,6,52,1,60,10,0,10,70
09/20/2002,MCN,GA,ASO,ES,Federal Contract Tower,0,3,12,2,17,0,6,49,9,64,0,9,61,11,81,16,0,16,97
09/21/2002,MCN,GA,ASO,ES,Federal Contract Tower,0,0,5,0,5,2,5,40,0,47,2,5,45,0,52,14,0,14,66
09/22/2002,MCN,GA,ASO,ES,Federal Contract Tower,0,2,6,0,8,1,5,26,4,36,1,7,32,4,44,22,0,22,66
09/23/2002,MCN,GA,ASO,ES,Federal Contract Tower,0,3,10,0,13,2,7,44,14,67,2,10,54,14,80,6,7,13,93
09/24/2002,MCN,GA,ASO,ES,Federal Contract Tower,0,6,22,3,31,1,4,23,1,29,1,10,45,4,60,15,2,17,77
09/25/2002,MCN,GA,ASO,ES,Federal Contract Tower,0,2,11,1,14,2,6,10,0,18,2,8,21,1,32,0,0,0,32
09/26/2002,MCN,GA,ASO,ES,Federal Contract Tower,0,2,6,0,8,0,7,12,0,19,0,9,18,0,27,0,0,0,27
09/27/2002,MCN,GA,ASO,ES,Federal Contract Tower,0,2,9,0,11,7,11,27,7,52,7,13,36,7,63,10,4,14,77
09/28/2002,MCN,GA,ASO,ES,Federal Contract Tower,0,1,6,0,7,1,7,24,14,46,1,8,30,14,53,10,0,10,63
09/29/2002,MCN,GA,ASO,ES,Federal Contract Tower,0,5,20,1,26,2,3,28,0,33,2,8,48,1,59,24,0,24,83
09/30/2002,MCN,GA,ASO,ES,Federal Contract Tower,0,2,10,0,12,1,9,33,13,56,1,11,43,13,68,14,0,14,82
10/01/2002,MCN,GA,ASO,ES,Federal Contract Tower,1,1,11,0,13,4,11,46,9,70,5,12,57,9,83,30,4,34,117
10/02/2002,MCN,GA,ASO,ES,Federal Contract Tower,1,2,14,0,17,1,14,81,7,103,2,16,95,7,120,36,0,36,156
10/03/2002,MCN,GA,ASO,ES,Federal Contract Tower,1,2,10,0,13,4,13,86,0,103,5,15,96,0,116,18,0,18,134
10/04/2002,MCN,GA,ASO,ES,Federal Contract Tower,1,2,7,0,10,2,15,67,13,97,3,17,74,13,107,22,2,24,131
10/05/2002,MCN,GA,ASO,ES,Federal Contract Tower,1,1,7,0,9,2,7,21,1,31,3,8,28,1,40,2,0,2,42
10/06/2002,MCN,GA,ASO,ES,Federal Contract Tower,1,2,8,0,11,0,10,63,4,77,1,12,71,4,88,30,0,30,118
10/07/2002,MCN,GA,ASO,ES,Federal Contract Tower,1,3,14,0,18,0,3,45,16,64,1,6,59,16,82,14,4,18,100
10/08/2002,MCN,GA,ASO,ES,Federal Contract Tower,1,3,23,2,29,6,3,46,0,55,7,6,69,2,84,18,0,18,102
10/09/2002,MCN,GA,ASO,ES,Federal Contract Tower,1,4,16,0,21,0,6,17,0,23,1,10,33,0,44,16,0,16,60
10/10/2002,MCN,GA,ASO,ES,Federal Contract Tower,1,4,20,2,27,0,11,34,0,45,1,15,54,2,72,14,0,14,86
10/11/2002,MCN,GA,ASO,ES,Federal Contract Tower,1,3,14,0,18,0,16,50,6,72,1,19,64,6,90,32,8,40,130
10/12/2002,MCN,GA,ASO,ES,Federal Contract Tower,0,1,6,1,8,0,5,26,3,34,0,6,32,4,42,30,0,30,72
10/13/2002,MCN,GA,ASO,ES,Federal Contract Tower,0,2,9,0,11,1,7,19,0,27,1,9,28,0,38,0,0,0,38
10/14/2002,MCN,GA,ASO,ES,Federal Contract Tower,0,5,25,4,34,3,7,41,0,51,3,12,66,4,85,18,2,20,105
10/15/2002,MCN,GA,ASO,ES,Federal Contract Tower,0,3,17,0,20,2,0,15,3,20,2,3,32,3,40,0,0,0,40
10/16/2002,MCN,GA,ASO,ES,Federal Contract Tower,0,2,12,0,14,2,9,48,0,59,2,11,60,0,73,14,0,14,87
10/17/2002,MCN,GA,ASO,ES,Federal Contract Tower,0,0,2,0,2,1,12,80,0,93,1,12,82,0,95,26,0,26,121
10/18/2002,MCN,GA,ASO,ES,Federal Contract Tower,0,1,7,0,8,3,13,66,8,90,3,14,73,8,98,32,34,66,164
10/19/2002,MCN,GA,ASO,ES,Federal Contract Tower,0,2,8,0,10,2,7,48,1,58,2,9,56,1,68,38,0,38,106
10/20/2002,MCN,GA,ASO,ES,Federal Contract Tower,0,1,8,0,9,1,12,40,5,58,1,13,48,5,67,32,0,32,99
10/21/2002,MCN,GA,ASO,ES,Federal Contract Tower,0,3,15,0,18,2,0,38,0,40,2,3,53,0,58,12,0,12,70
10/22/2002,MCN,GA,ASO,ES,Federal Contract Tower,0,4,16,0,20,1,4,21,0,26,1,8,37,0,46,4,0,4,50
10/23/2002,MCN,GA,ASO,ES,Federal Contract Tower,0,4,24,0,28,4,6,18,0,28,4,10,42,0,56,2,0,2,58
10/24/2002,MCN,GA,ASO,ES,Federal Contract Tower,0,3,16,0,19,2,6,34,0,42,2,9,50,0,61,20,0,20,81
10/25/2002,MCN,GA,ASO,ES,Federal Contract Tower,0,3,22,2,27,1,9,11,0,21,1,12,33,2,48,6,0,6,54
10/26/2002,MCN,GA,ASO,ES,Federal Contract Tower,0,3,13,0,16,1,6,3,2,12,1,9,16,2,28,8,0,8,36
10/27/2002,MCN,GA,ASO,ES,Federal Contract Tower,0,4,16,0,20,1,4,21,0,26,1,8,37,0,46,16,0,16,62
10/28/2002,MCN,GA,ASO,ES,Federal Contract Tower,0,3,12,0,15,1,2,36,0,39,1,5,48,0,54,26,0,26,80
10/29/2002,MCN,GA,ASO,ES,Federal Contract Tower,0,3,12,0,15,2,3,31,2,38,2,6,43,2,53,12,0,12,65
10/30/2002,MCN,GA,ASO,ES,Federal Contract Tower,0,0,6,0,6,2,9,50,2,63,2,9,56,2,69,30,0,30,99
10/31/2002,MCN,GA,ASO,ES,Federal Contract Tower,0,2,8,0,10,1,4,103,0,108,1,6,111,0,118,83,0,83,201
11/01/2002,MCN,GA,ASO,ES,Federal Contract Tower,0,0,8,1,9,1,10,46,1,58,1,10,54,2,67,49,0,49,116
11/02/2002,MCN,GA,ASO,ES,Federal Contract Tower,0,0,3,1,4,0,10,40,0,50,0,10,43,1,54,20,0,20,74
11/03/2002,MCN,GA,ASO,ES,Federal Contract Tower,0,0,4,0,4,3,5,36,0,44,3,5,40,0,48,14,0,14,62
11/04/2002,MCN,GA,ASO,ES,Federal Contract Tower,1,4,21,0,26,0,2,41,0,43,1,6,62,0,69,8,0,8,77
11/05/2002,MCN,GA,ASO,ES,Federal Contract Tower,0,0,7,0,7,4,6,12,0,22,4,6,19,0,29,0,0,0,29
11/06/2002,MCN,GA,ASO,ES,Federal Contract Tower,0,0,2,0,2,0,9,26,0,35,0,9,28,0,37,4,0,4,41
11/07/2002,MCN,GA,ASO,ES,Federal Contract Tower,0,3,6,1,10,1,10,60,2,73,1,13,66,3,83,24,0,24,107
11/08/2002,MCN,GA,ASO,ES,Federal Contract Tower,0,0,7,1,8,5,7,78,6,96,5,7,85,7,104,28,12,40,144
11/09/2002,MCN,GA,ASO,ES,Federal Contract Tower,0,0,6,1,7,2,5,36,5,48,2,5,42,6,55,14,2,16,71
11/10/2002,MCN,GA,ASO,ES,Federal Contract Tower,0,4,8,0,12,2,3,22,0,27,2,7,30,0,39,4,0,4,43
11/11/2002,MCN,GA,ASO,ES,Federal Contract Tower,0,0,7,0,7,2,8,4,0,14,2,8,11,0,21,0,0,0,21
11/12/2002,MCN,GA,ASO,ES,Federal Contract Tower,0,0,7,0,7,3,4,6,0,13,3,4,13,0,20,16,0,16,36
11/13/2002,MCN,GA,ASO,ES,Federal Contract Tower,0,4,10,0,14,2,8,68,8,86,2,12,78,8,100,76,4,80,180
11/14/2002,MCN,GA,ASO,ES,Federal Contract Tower,0,0,6,0,6,3,15,72,3,93,3,15,78,3,99,82,0,82,181
11/15/2002,MCN,GA,ASO,ES,Federal Contract Tower,0,0,4,0,4,1,9,55,2,67,1,9,59,2,71,10,0,10,81
11/16/2002,MCN,GA,ASO,ES,Federal Contract Tower,0,0,8,0,8,2,2,5,0,9,2,2,13,0,17,8,0,8,25
11/17/2002,MCN,GA,ASO,ES,Federal Contract Tower,0,0,2,0,2,3,7,21,2,33,3,7,23,2,35,0,2,2,37
11/18/2002,MCN,GA,ASO,ES,Federal Contract Tower,0,0,7,0,7,2,12,75,2,91,2,12,82,2,98,66,0,66,164
11/19/2002,MCN,GA,ASO,ES,Federal Contract Tower,0,0,4,0,4,4,7,67,2,80,4,7,71,2,84,64,0,64,148
11/20/2002,MCN,GA,ASO,ES,Federal Contract Tower,0,4,8,0,12,1,11,42,1,55,1,15,50,1,67,52,0,52,119
11/21/2002,MCN,GA,ASO,ES,Federal Contract Tower,0,0,7,0,7,1,13,46,6,66,1,13,53,6,73,34,2,36,109
11/22/2002,MCN,GA,ASO,ES,Federal Contract Tower,0,0,3,0,3,1,10,56,2,69,1,10,59,2,72,14,2,16,88
11/23/2002,MCN,GA,ASO,ES,Federal Contract Tower,0,0,7,0,7,3,6,81,8,98,3,6,88,8,105,56,2,58,163
11/24/2002,MCN,GA,ASO,ES,Federal Contract Tower,0,0,3,0,3,0,11,65,1,77,0,11,68,1,80,80,0,80,160
11/25/2002,MCN,GA,ASO,ES,Federal Contract Tower,0,4,9,0,13,3,2,54,0,59,3,6,63,0,72,52,0,52,124
11/26/2002,MCN,GA,ASO,ES,Federal Contract Tower,0,0,8,0,8,1,5,75,2,83,1,5,83,2,91,28,0,28,119
11/27/2002,MCN,GA,ASO,ES,Federal Contract Tower,0,0,6,0,6,1,14,68,2,85,1,14,74,2,91,18,0,18,109
11/28/2002,MCN,GA,ASO,ES,Federal Contract Tower,0,0,0,0,0,1,5,32,0,38,1,5,32,0,38,0,0,0,38
11/29/2002,MCN,GA,ASO,ES,Federal Contract Tower,0,0,0,0,0,1,8,39,0,48,1,8,39,0,48,8,0,8,56
11/30/2002,MCN,GA,ASO,ES,Federal Contract Tower,0,0,0,0,0,2,9,34,0,45,2,9,34,0,45,0,0,0,45
12/01/2002,MCN,GA,ASO,ES,Federal Contract Tower,0,0,0,0,0,1,8,51,0,60,1,8,51,0,60,38,0,38,98
12/02/2002,MCN,GA,ASO,ES,Federal Contract Tower,1,0,3,0,4,0,7,52,2,61,1,7,55,2,65,36,2,38,103
12/03/2002,MCN,GA,ASO,ES,Federal Contract Tower,1,0,5,0,6,1,10,37,0,48,2,10,42,0,54,50,0,50,104
12/04/2002,MCN,GA,ASO,ES,Federal Contract Tower,1,0,9,0,10,1,5,22,0,28,2,5,31,0,38,12,0,12,50
12/05/2002,MCN,GA,ASO,ES,Federal Contract Tower,0,4,16,0,20,1,5,31,0,37,1,9,47,0,57,10,0,10,67
12/06/2002,MCN,GA,ASO,ES,Federal Contract Tower,0,0,9,0,9,4,7,47,4,62,4,7,56,4,71,38,0,38,109
12/07/2002,MCN,GA,ASO,ES,Federal Contract Tower,0,4,17,0,21,1,1,52,2,56,1,5,69,2,77,64,0,64,141
12/08/2002,MCN,GA,ASO,ES,Federal Contract Tower,0,0,7,0,7,1,6,47,5,59,1,6,54,5,66,26,4,30,96
12/09/2002,MCN,GA,ASO,ES,Federal Contract Tower,0,0,9,0,9,1,13,30,6,50,1,13,39,6,59,22,2,24,83
12/10/2002,MCN,GA,ASO,ES,Federal Contract Tower,0,3,19,2,24,1,1,20,0,22,1,4,39,2,46,16,0,16,62
12/11/2002,MCN,GA,ASO,ES,Federal Contract Tower,0,5,27,2,34,1,3,61,0,65,1,8,88,2,99,26,0,26,125
12/12/2002,MCN,GA,ASO,ES,Federal Contract Tower,0,4,25,0,29,3,1,36,0,40,3,5,61,0,69,18,0,18,87
12/13/2002,MCN,GA,ASO,ES,Federal Contract Tower,0,0,10,0,10,5,11,14,1,31,5,11,24,1,41,10,0,10,51
12/14/2002,MCN,GA,ASO,ES,Federal Contract Tower,0,3,16,0,19,2,5,16,5,28,2,8,32,5,47,58,0,58,105
12/15/2002,MCN,GA,ASO,ES,Federal Contract Tower,0,0,2,0,2,4,5,58,4,71,4,5,60,4,73,62,2,64,137
12/16/2002,MCN,GA,ASO,ES,Federal Contract Tower,0,0,10,0,10,1,10,65,2,78,1,10,75,2,88,70,0,70,158
12/17/2002,MCN,GA,ASO,ES,Federal Contract Tower,0,0,8,0,8,1,14,49,0,64,1,14,57,0,72,34,0,34,106
12/18/2002,MCN,GA,ASO,ES,Federal Contract Tower,0,5,29,3,37,1,2,45,5,53,1,7,74,8,90,24,0,24,114
12/19/2002,MCN,GA,ASO,ES,Federal Contract Tower,0,3,14,0,17,0,6,26,4,36,0,9,40,4,53,8,4,12,65
12/20/2002,MCN,GA,ASO,ES,Federal Contract Tower,0,0,4,0,4,0,13,18,2,33,0,13,22,2,37,14,4,18,55
12/21/2002,MCN,GA,ASO,ES,Federal Contract Tower,0,0,8,0,8,1,11,60,0,72,1,11,68,0,80,14,0,14,94
12/22/2002,MCN,GA,ASO,ES,Federal Contract Tower,0,0,4,0,4,4,7,27,2,40,4,7,31,2,44,8,0,8,52
12/23/2002,MCN,GA,ASO,ES,Federal Contract Tower,0,0,2,0,2,2,9,45,4,60,2,9,47,4,62,4,0,4,66
12/24/2002,MCN,GA,ASO,ES,Federal Contract Tower,0,0,4,0,4,2,5,0,0,7,2,5,4,0,11,0,0,0,11
12/25/2002,MCN,GA,ASO,ES,Federal Contract Tower,0,0,0,0,0,1,2,16,0,19,1,2,16,0,19,0,0,0,19
12/26/2002,MCN,GA,ASO,ES,Federal Contract Tower,0,0,1,0,1,1,6,53,0,60,1,6,54,0,61,20,0,20,81
12/27/2002,MCN,GA,ASO,ES,Federal Contract Tower,0,0,5,0,5,2,8,37,2,49,2,8,42,2,54,14,0,14,68
12/28/2002,MCN,GA,ASO,ES,Federal Contract Tower,0,0,2,0,2,7,7,57,0,71,7,7,59,0,73,36,0,36,109
12/29/2002,MCN,GA,ASO,ES,Federal Contract Tower,0,0,0,0,0,2,8,47,0,57,2,8,47,0,57,18,0,18,75
12/30/2002,MCN,GA,ASO,ES,Federal Contract Tower,0,0,10,0,10,1,7,52,0,60,1,7,62,0,70,16,0,16,86
12/31/2002,MCN,GA,ASO,ES,Federal Contract Tower,0,0,9,0,9,1,8,24,0,33,1,8,33,0,42,14,0,14,56
01/01/2003,MCN,GA,ASO,ES,Federal Contract Tower,1,0,4,0,5,1,2,17,0,20,2,2,21,0,25,0,0,0,25
01/02/2003,MCN,GA,ASO,ES,Federal Contract Tower,1,2,9,0,12,1,0,42,0,43,2,2,51,0,55,16,0,16,71
01/03/2003,MCN,GA,ASO,ES,Federal Contract Tower,1,0,2,0,3,0,7,21,2,30,1,7,23,2,33,2,0,2,35
01/04/2003,MCN,GA,ASO,ES,Federal Contract Tower,0,0,5,0,5,0,6,52,1,59,0,6,57,1,64,26,0,26,90
01/05/2003,MCN,GA,ASO,ES,Federal Contract Tower,1,0,6,0,7,0,11,48,0,59,1,11,54,0,66,20,0,20,86
01/06/2003,MCN,GA,ASO,ES,Federal Contract Tower,1,0,4,0,5,0,9,49,4,62,1,9,53,4,67,8,0,8,75
01/07/2003,MCN,GA,ASO,ES,Federal Contract Tower,1,0,3,0,4,3,8,47,0,58,4,8,50,0,62,16,0,16,78
01/08/2003,MCN,GA,ASO,ES,Federal Contract Tower,0,0,5,0,5,3,7,39,2,51,3,7,44,2,56,18,0,18,74
01/09/2003,MCN,GA,ASO,ES,Federal Contract Tower,0,0,3,0,3,1,4,51,2,58,1,4,54,2,61,20,2,22,83
01/10/2003,MCN,GA,ASO,ES,Federal Contract Tower,0,0,6,0,6,1,10,64,9,84,1,10,70,9,90,6,4,10,100
01/11/2003,MCN,GA,ASO,ES,Federal Contract Tower,0,0,7,0,7,0,5,42,3,50,0,5,49,3,57,34,0,34,91
01/12/2003,MCN,GA,ASO,ES,Federal Contract Tower,0,3,11,0,14,2,7,42,4,55,2,10,53,4,69,32,0,32,101
01/13/2003,MCN,GA,ASO,ES,Federal Contract Tower,0,3,9,0,12,1,4,43,3,51,1,7,52,3,63,22,0,22,85
01/14/2003,MCN,GA,ASO,ES,Federal Contract Tower,0,0,7,0,7,3,9,53,0,65,3,9,60,0,72,18,0,18,90
01/15/2003,MCN,GA,ASO,ES,Federal Contract Tower,0,0,5,0,5,1,8,70,6,85,1,8,75,6,90,10,10,20,110
01/16/2003,MCN,GA,ASO,ES,Federal Contract Tower,0,0,0,0,0,1,4,32,0,37,1,4,32,0,37,0,0,0,37
01/17/2003,MCN,GA,ASO,ES,Federal Contract Tower,0,0,0,0,0,1,11,27,2,41,1,11,27,2,41,0,0,0,41
01/18/2003,MCN,GA,ASO,ES,Federal Contract Tower,0,0,7,0,7,0,5,37,1,43,0,5,44,1,50,38,16,54,104
01/19/2003,MCN,GA,ASO,ES,Federal Contract Tower,0,0,4,0,4,1,7,41,1,50,1,7,45,1,54,32,0,32,86
01/20/2003,MCN,GA,ASO,ES,Federal Contract Tower,0,0,1,0,1,4,9,51,0,64,4,9,52,0,65,0,0,0,65
01/21/2003,MCN,GA,ASO,ES,Federal Contract Tower,0,0,5,0,5,1,8,37,0,46,1,8,42,0,51,32,0,32,83
01/22/2003,MCN,GA,ASO,ES,Federal Contract Tower,0,4,18,0,22,1,4,33,0,38,1,8,51,0,60,14,0,14,74
01/23/2003,MCN,GA,ASO,ES,Federal Contract Tower,0,0,7,0,7,2,14,32,7,55,2,14,39,7,62,2,8,10,72
01/24/2003,MCN,GA,ASO,ES,Federal Contract Tower,0,3,9,0,12,1,3,57,0,61,1,6,66,0,73,48,0,48,121
01/25/2003,MCN,GA,ASO,ES,Federal Contract Tower,0,0,6,0,6,0,7,48,2,57,0,7,54,2,63,16,0,16,79
01/26/2003,MCN,GA,ASO,ES,Federal Contract Tower,0,0,2,0,2,5,13,39,1,58,5,13,41,1,60,24,0,24,84
01/27/2003,MCN,GA,ASO,ES,Federal Contract Tower,0,2,8,0,10,2,7,71,2,82,2,9,79,2,92,36,0,36,128
01/28/2003,MCN,GA,ASO,ES,Federal Contract Tower,0,0,7,0,7,3,17,75,0,95,3,17,82,0,102,48,0,48,150
01/29/2003,MCN,GA,ASO,ES,Federal Contract Tower,0,0,0,0,0,1,12,41,0,54,1,12,41,0,54,16,0,16,70
01/30/2003,MCN,GA,ASO,ES,Federal Contract Tower,0,4,18,0,22,8,7,32,0,47,8,11,50,0,69,20,0,20,89
01/31/2003,MCN,GA,ASO,ES,Federal Contract Tower,0,3,14,5,22,5,7,29,7,48,5,10,43,12,70,10,4,14,84
02/01/2003,MCN,GA,ASO,ES,Federal Contract Tower,0,1,14,0,15,2,9,34,17,62,2,10,48,17,77,48,0,48,125
02/02/2003,MCN,GA,ASO,ES,Federal Contract Tower,0,1,1,0,2,1,6,50,9,66,1,7,51,9,68,6,0,6,74
02/03/2003,MCN,GA,ASO,ES,Federal Contract Tower,1,1,4,0,6,2,5,29,0,36,3,6,33,0,42,18,0,18,60
02/04/2003,MCN,GA,ASO,ES,Federal Contract Tower,0,1,5,1,7,0,6,37,3,46,0,7,42,4,53,18,4,22,75
02/05/2003,MCN,GA,ASO,ES,Federal Contract Tower,0,0,12,0,12,1,12,56,0,69,1,12,68,0,81,42,0,42,123
02/06/2003,MCN,GA,ASO,ES,Federal Contract Tower,0,2,15,0,17,1,11,27,0,39,1,13,42,0,56,10,0,10,66
02/07/2003,MCN,GA,ASO,ES,Federal Contract Tower,0,0,10,0,10,2,7,45,8,62,2,7,55,8,72,28,0,28,100
02/08/2003,MCN,GA,ASO,ES,Federal Contract Tower,0,0,10,0,10,0,9,68,3,80,0,9,78,3,90,32,0,32,122
02/09/2003,MCN,GA,ASO,ES,Federal Contract Tower,0,0,7,2,9,3,10,49,8,70,3,10,56,10,79,44,0,44,123
02/10/2003,MCN,GA,ASO,ES,Federal Contract Tower,0,1,5,0,6,1,9,42,0,52,1,10,47,0,58,4,0,4,62
02/11/2003,MCN,GA,ASO,ES,Federal Contract Tower,0,0,14,0,14,9,9,56,0,74,9,9,70,0,88,70,0,70,158
02/12/2003,MCN,GA,ASO,ES,Federal Contract Tower,0,0,7,0,7,5,9,34,3,51,5,9,41,3,58,16,0,16,74
02/13/2003,MCN,GA,ASO,ES,Federal Contract Tower,0,0,15,3,18,5,12,73,2,92,5,12,88,5,110,60,4,64,174
02/14/2003,MCN,GA,ASO,ES,Federal Contract Tower,0,0,14,0,14,0,11,49,2,62,0,11,63,2,76,32,0,32,108
02/15/2003,MCN,GA,ASO,ES,Federal Contract Tower,0,0,9,4,13,1,9,47,0,57,1,9,56,4,70,40,8,48,118
02/16/2003,MCN,GA,ASO,ES,Federal Contract Tower,0,3,4,0,7,0,2,7,0,9,0,5,11,0,16,4,0,4,20
02/17/2003,MCN,GA,ASO,ES,Federal Contract Tower,0,7,24,0,31,1,5,20,0,26,1,12,44,0,57,10,0,10,67
02/18/2003,MCN,GA,ASO,ES,Federal Contract Tower,0,0,10,2,12,1,5,47,6,59,1,5,57,8,71,22,8,30,101
02/19/2003,MCN,GA,ASO,ES,Federal Contract Tower,0,3,17,0,20,1,11,74,3,89,1,14,91,3,109,34,0,34,143
02/20/2003,MCN,GA,ASO,ES,Federal Contract Tower,0,0,18,2,20,1,13,94,9,117,1,13,112,11,137,38,12,50,187
02/21/2003,MCN,GA,ASO,ES,Federal Contract Tower,0,2,15,2,19,3,2,26,4,35,3,4,41,6,54,16,4,20,74
02/22/2003,MCN,GA,ASO,ES,Federal Contract Tower,1,1,0,0,2,3,7,5,0,15,4,8,5,0,17,0,0,0,17
02/23/2003,MCN,GA,ASO,ES,Federal Contract Tower,0,0,1,0,1,6,10,38,2,56,6,10,39,2,57,10,0,10,67
02/24/2003,MCN,GA,ASO,ES,Federal Contract Tower,0,0,11,0,11,5,11,61,0,77,5,11,72,0,88,40,0,40,128
02/25/2003,MCN,GA,ASO,ES,Federal Contract Tower,0,1,16,2,19,1,11,73,1,86,1,12,89,3,105,52,4,56,161
02/26/2003,MCN,GA,ASO,ES,Federal Contract Tower,0,6,20,1,27,1,0,35,5,41,1,6,55,6,68,28,0,28,96
02/27/2003,MCN,GA,ASO,ES,Federal Contract Tower,0,5,10,0,15,1,1,10,0,12,1,6,20,0,27,0,0,0,27
02/28/2003,MCN,GA,ASO,ES,Federal Contract Tower,0,2,19,2,23,0,5,34,2,41,0,7,53,4,64,0,0,0,64
03/01/2003,MCN,GA,ASO,ES,Federal Contract Tower,0,2,5,0,7,1,2,7,0,10,1,4,12,0,17,4,0,4,21
03/02/2003,MCN,GA,ASO,ES,Federal Contract Tower,1,1,3,0,5,2,4,15,2,23,3,5,18,2,28,14,0,14,42
03/03/2003,MCN,GA,ASO,ES,Federal Contract Tower,0,0,13,0,13,2,9,67,4,82,2,9,80,4,95,34,0,34,129
03/04/2003,MCN,GA,ASO,ES,Federal Contract Tower,1,6,34,0,41,0,2,46,0,48,1,8,80,0,89,30,0,30,119
03/05/2003,MCN,GA,ASO,ES,Federal Contract Tower,0,1,9,0,10,1,4,35,0,40,1,5,44,0,50,18,0,18,68
03/06/2003,MCN,GA,ASO,ES,Federal Contract Tower,0,1,9,0,10,2,5,30,0,37,2,6,39,0,47,8,0,8,55
03/07/2003,MCN,GA,ASO,ES,Federal Contract Tower,0,1,15,0,16,2,7,51,0,60,2,8,66,0,76,28,0,28,104
03/08/2003,MCN,GA,ASO,ES,Federal Contract Tower,0,1,10,0,11,0,5,37,2,44,0,6,47,2,55,10,0,10,65
03/09/2003,MCN,GA,ASO,ES,Federal Contract Tower,0,0,4,0,4,1,5,45,0,51,1,5,49,0,55,34,0,34,89
03/10/2003,MCN,GA,ASO,ES,Federal Contract Tower,0,0,21,1,22,0,11,86,2,99,0,11,107,3,121,44,8,52,173
03/11/2003,MCN,GA,ASO,ES,Federal Contract Tower,0,0,18,2,20,0,13,59,2,74,0,13,77,4,94,40,2,42,136
03/12/2003,MCN,GA,ASO,ES,Federal Contract Tower,0,0,12,0,12,1,7,49,1,58,1,7,61,1,70,30,0,30,100
03/13/2003,MCN,GA,ASO,ES,Federal Contract Tower,0,0,7,0,7,1,5,73,1,80,1,5,80,1,87,42,0,42,129
03/14/2003,MCN,GA,ASO,ES,Federal Contract Tower,0,3,24,8,35,3,3,35,13,54,3,6,59,21,89,32,2,34,123
03/15/2003,MCN,GA,ASO,ES,Federal Contract Tower,1,1,15,0,17,0,4,14,0,18,1,5,29,0,35,14,0,14,49
03/16/2003,MCN,GA,ASO,ES,Federal Contract Tower,0,3,14,7,24,5,4,22,7,38,5,7,36,14,62,12,0,12,74
03/17/2003,MCN,GA,ASO,ES,Federal Contract Tower,1,6,13,0,20,2,9,17,0,28,3,15,30,0,48,0,0,0,48
03/18/2003,MCN,GA,ASO,ES,Federal Contract Tower,1,5,20,3,29,2,4,40,9,55,3,9,60,12,84,22,2,24,108
03/19/2003,MCN,GA,ASO,ES,Federal Contract Tower,0,5,26,0,31,3,3,31,0,37,3,8,57,0,68,12,0,12,80
03/20/2003,MCN,GA,ASO,ES,Federal Contract Tower,0,4,15,0,19,4,14,42,2,62,4,18,57,2,81,16,0,16,97
03/21/2003,MCN,GA,ASO,ES,Federal Contract Tower,0,0,9,2,11,1,7,70,4,82,1,7,79,6,93,32,2,34,127
03/22/2003,MCN,GA,ASO,ES,Federal Contract Tower,0,0,12,1,13,2,7,81,4,94,2,7,93,5,107,32,2,34,141
03/23/2003,MCN,GA,ASO,ES,Federal Contract Tower,0,1,2,0,3,1,7,51,4,63,1,8,53,4,66,48,0,48,114
03/24/2003,MCN,GA,ASO,ES,Federal Contract Tower,0,0,12,0,12,1,9,86,5,101,1,9,98,5,113,68,0,68,181
03/25/2003,MCN,GA,ASO,ES,Federal Contract Tower,0,0,11,0,11,1,9,73,2,85,1,9,84,2,96,54,0,54,150
03/26/2003,MCN,GA,ASO,ES,Federal Contract Tower,0,0,8,0,8,0,7,61,0,68,0,7,69,0,76,42,0,42,118
03/27/2003,MCN,GA,ASO,ES,Federal Contract Tower,0,0,13,5,18,3,11,63,9,86,3,11,76,14,104,43,12,55,159
03/28/2003,MCN,GA,ASO,ES,Federal Contract Tower,0,1,12,0,13,1,5,41,1,48,1,6,53,1,61,18,0,18,79
03/29/2003,MCN,GA,ASO,ES,Federal Contract Tower,0,0,10,0,10,0,8,34,3,45,0,8,44,3,55,23,0,23,78
03/30/2003,MCN,GA,ASO,ES,Federal Contract Tower,0,0,5,0,5,1,5,22,0,28,1,5,27,0,33,8,0,8,41
03/31/2003,MCN,GA,ASO,ES,Federal Contract Tower,0,0,4,1,5,1,5,60,1,67,1,5,64,2,72,14,2,16,88
04/01/2003,MCN,GA,ASO,ES,Federal Contract Tower,0,0,15,0,15,1,7,69,1,78,1,7,84,1,93,40,0,40,133
04/02/2003,MCN,GA,ASO,ES,Federal Contract Tower,0,0,10,0,10,1,9,77,0,87,1,9,87,0,97,40,0,40,137
04/03/2003,MCN,GA,ASO,ES,Federal Contract Tower,0,0,9,1,10,4,8,74,3,89,4,8,83,4,99,22,0,22,121
04/04/2003,MCN,GA,ASO,ES,Federal Contract Tower,0,1,4,0,5,1,5,51,0,57,1,6,55,0,62,47,0,47,109
04/05/2003,MCN,GA,ASO,ES,Federal Contract Tower,0,1,4,0,5,0,4,28,2,34,0,5,32,2,39,0,0,0,39
04/06/2003,MCN,GA,ASO,ES,Federal Contract Tower,1,0,8,0,9,2,8,40,6,56,3,8,48,6,65,36,0,36,101
04/07/2003,MCN,GA,ASO,ES,Federal Contract Tower,1,1,10,0,12,0,6,12,0,18,1,7,22,0,30,0,0,0,30
04/08/2003,MCN,GA,ASO,ES,Federal Contract Tower,1,4,14,0,19,0,3,15,0,18,1,7,29,0,37,0,0,0,37
04/09/2003,MCN,GA,ASO,ES,Federal Contract Tower,0,3,15,1,19,2,3,17,1,23,2,6,32,2,42,4,0,4,46
04/10/2003,MCN,GA,ASO,ES,Federal Contract Tower,0,4,13,0,17,1,5,15,0,21,1,9,28,0,38,4,0,4,42
04/11/2003,MCN,GA,ASO,ES,Federal Contract Tower,0,1,6,1,8,1,7,32,2,42,1,8,38,3,50,22,0,22,72
04/12/2003,MCN,GA,ASO,ES,Federal Contract Tower,0,0,4,2,6,0,5,37,3,45,0,5,41,5,51,18,0,18,69
04/13/2003,MCN,GA,ASO,ES,Federal Contract Tower,0,0,8,0,8,2,8,53,0,63,2,8,61,0,71,20,0,20,91
04/14/2003,MCN,GA,ASO,ES,Federal Contract Tower,0,0,8,2,10,1,11,68,6,86,1,11,76,8,96,18,4,22,118
04/15/2003,MCN,GA,ASO,ES,Federal Contract Tower,0,0,8,1,9,3,10,76,1,90,3,10,84,2,99,18,2,20,119
04/16/2003,MCN,GA,ASO,ES,Federal Contract Tower,0,0,5,0,5,1,6,64,1,72,1,6,69,1,77,26,0,26,103
04/17/2003,MCN,GA,ASO,ES,Federal Contract Tower,0,0,9,1,10,6,6,66,5,83,6,6,75,6,93,22,2,24,117
04/18/2003,MCN,GA,ASO,ES,Federal Contract Tower,0,0,9,0,9,1,6,40,2,49,1,6,49,2,58,10,0,10,68
04/19/2003,MCN,GA,ASO,ES,Federal Contract Tower,0,2,15,0,17,0,9,31,0,40,0,11,46,0,57,30,0,30,87
04/20/2003,MCN,GA,ASO,ES,Federal Contract Tower,0,1,5,0,6,1,5,22,0,28,1,6,27,0,34,6,0,6,40
04/21/2003,MCN,GA,ASO,ES,Federal Contract Tower,0,0,9,0,9,1,4,20,0,25,1,4,29,0,34,2,0,2,36
04/22/2003,MCN,GA,ASO,ES,Federal Contract Tower,0,0,14,0,14,1,8,107,2,118,1,8,121,2,132,34,0,34,166
04/23/2003,MCN,GA,ASO,ES,Federal Contract Tower,0,1,12,2,15,2,7,74,1,84,2,8,86,3,99,44,0,44,143
04/24/2003,MCN,GA,ASO,ES,Federal Contract Tower,0,0,8,0,8,1,11,73,4,89,1,11,81,4,97,12,0,12,109
04/25/2003,MCN,GA,ASO,ES,Federal Contract Tower,0,2,10,1,13,0,6,20,1,27,0,8,30,2,40,12,0,12,52
04/26/2003,MCN,GA,ASO,ES,Federal Contract Tower,0,0,7,1,8,0,7,61,3,71,0,7,68,4,79,28,0,28,107
04/27/2003,MCN,GA,ASO,ES,Federal Contract Tower,0,0,4,0,4,0,9,56,3,68,0,9,60,3,72,28,0,28,100
04/28/2003,MCN,GA,ASO,ES,Federal Contract Tower,0,0,17,0,17,3,4,56,2,65,3,4,73,2,82,26,0,26,108
04/29/2003,MCN,GA,ASO,ES,Federal Contract Tower,0,0,10,0,10,1,5,64,8,78,1,5,74,8,88,32,8,40,128
04/30/2003,MCN,GA,ASO,ES,Federal Contract Tower,0,0,10,0,10,1,8,54,2,65,1,8,64,2,75,8,0,8,83
05/01/2003,MCN,GA,ASO,ES,Federal Contract Tower,0,0,12,0,12,0,14,45,0,59,0,14,57,0,71,24,0,24,95
05/02/2003,MCN,GA,ASO,ES,Federal Contract Tower,0,0,6,0,6,2,4,50,2,58,2,4,56,2,64,16,0,16,80
05/03/2003,MCN,GA,ASO,ES,Federal Contract Tower,0,1,4,0,5,2,10,24,2,38,2,11,28,2,43,12,0,12,55
05/04/2003,MCN,GA,ASO,ES,Federal Contract Tower,0,0,3,1,4,0,5,41,1,47,0,5,44,2,51,10,0,10,61
05/05/2003,MCN,GA,ASO,ES,Federal Contract Tower,0,2,10,0,12,1,4,31,0,36,1,6,41,0,48,14,0,14,62
05/06/2003,MCN,GA,ASO,ES,Federal Contract Tower,0,0,15,1,16,5,7,71,4,87,5,7,86,5,103,52,2,54,157
05/07/2003,MCN,GA,ASO,ES,Federal Contract Tower,0,2,8,0,10,0,3,46,2,51,0,5,54,2,61,28,0,28,89
05/08/2003,MCN,GA,ASO,ES,Federal Contract Tower,0,1,8,0,9,1,9,59,1,70,1,10,67,1,79,18,0,18,97
05/09/2003,MCN,GA,ASO,ES,Federal Contract Tower,0,0,6,2,8,0,5,77,2,84,0,5,83,4,92,42,4,46,138
05/10/2003,MCN,GA,ASO,ES,Federal Contract Tower,0,1,7,0,8,1,6,54,0,61,1,7,61,0,69,24,0,24,93
05/11/2003,MCN,GA,ASO,ES,Federal Contract Tower,0,1,2,0,3,0,3,17,0,20,0,4,19,0,23,2,0,2,25
05/12/2003,MCN,GA,ASO,ES,Federal Contract Tower,0,0,4,1,5,1,5,71,1,78,1,5,75,2,83,20,2,22,105
05/13/2003,MCN,GA,ASO,ES,Federal Contract Tower,0,0,9,0,9,1,5,69,4,79,1,5,78,4,88,32,0,32,120
05/14/2003,MCN,GA,ASO,ES,Federal Contract Tower,0,0,5,0,5,1,3,37,2,43,1,3,42,2,48,14,0,14,62
05/15/2003,MCN,GA,ASO,ES,Federal Contract Tower,1,1,13,0,15,2,5,33,0,40,3,6,46,0,55,22,0,22,77
05/16/2003,MCN,GA,ASO,ES,Federal Contract Tower,0,3,13,0,16,1,2,35,0,38,1,5,48,0,54,14,0,14,68
05/17/2003,MCN,GA,ASO,ES,Federal Contract Tower,0,0,4,0,4,1,8,30,4,43,1,8,34,4,47,14,0,14,61
05/18/2003,MCN,GA,ASO,ES,Federal Contract Tower,0,1,4,0,5,4,1,11,0,16,4,2,15,0,21,0,0,0,21
05/19/2003,MCN,GA,ASO,ES,Federal Contract Tower,0,3,16,1,20,1,3,17,1,22,1,6,33,2,42,2,0,2,44
05/20/2003,MCN,GA,ASO,ES,Federal Contract Tower,0,1,11,1,13,1,10,31,1,43,1,11,42,2,56,4,0,4,60
05/21/2003,MCN,GA,ASO,ES,Federal Contract Tower,0,1,16,0,17,1,4,51,0,56,1,5,67,0,73,32,0,32,105
05/22/2003,MCN,GA,ASO,ES,Federal Contract Tower,0,2,13,0,15,0,2,17,0,19,0,4,30,0,34,6,0,6,40
05/23/2003,MCN,GA,ASO,ES,Federal Contract Tower,0,3,20,0,23,3,6,29,0,38,3,9,49,0,61,10,0,10,71
05/24/2003,MCN,GA,ASO,ES,Federal Contract Tower,0,1,2,0,3,1,8,38,0,47,1,9,40,0,50,10,0,10,60
05/25/2003,MCN,GA,ASO,ES,Federal Contract Tower,0,0,2,0,2,5,4,29,0,38,5,4,31,0,40,18,0,18,58
05/26/2003,MCN,GA,ASO,ES,Federal Contract Tower,0,1,12,0,13,1,4,7,2,14,1,5,19,2,27,24,0,24,51
05/27/2003,MCN,GA,ASO,ES,Federal Contract Tower,1,0,10,0,11,1,9,56,0,66,2,9,66,0,77,18,0,18,95
05/28/2003,MCN,GA,ASO,ES,Federal Contract Tower,0,0,9,0,9,2,4,88,0,94,2,4,97,0,103,39,0,39,142
05/29/2003,MCN,GA,ASO,ES,Federal Contract Tower,0,0,5,0,5,4,6,68,0,78,4,6,73,0,83,22,0,22,105
05/30/2003,MCN,GA,ASO,ES,Federal Contract Tower,0,7,7,4,18,1,1,67,8,77,1,8,74,12,95,32,6,38,133
05/31/2003,MCN,GA,ASO,ES,Federal Contract Tower,0,0,1,0,1,1,5,40,2,48,1,5,41,2,49,12,0,12,61
06/01/2003,MCN,GA,ASO,ES,Federal Contract Tower,0,1,3,0,4,1,6,36,13,56,1,7,39,13,60,30,4,34,94
06/02/2003,MCN,GA,ASO,ES,Federal Contract Tower,0,1,8,1,10,1,4,51,1,57,1,5,59,2,67,42,2,44,111
06/03/2003,MCN,GA,ASO,ES,Federal Contract Tower,0,3,8,0,11,1,6,15,0,22,1,9,23,0,33,10,0,10,43
06/04/2003,MCN,GA,ASO,ES,Federal Contract Tower,0,1,4,1,6,1,3,31,2,37,1,4,35,3,43,12,0,12,55
06/05/2003,MCN,GA,ASO,ES,Federal Contract Tower,0,0,8,1,9,2,11,75,5,93,2,11,83,6,102,34,4,38,140
06/06/2003,MCN,GA,ASO,ES,Federal Contract Tower,1,3,10,3,17,1,3,32,0,36,2,6,42,3,53,20,2,22,75
06/07/2003,MCN,GA,ASO,ES,Federal Contract Tower,0,4,3,1,8,1,3,11,3,18,1,7,14,4,26,0,0,0,26
06/08/2003,MCN,GA,ASO,ES,Federal Contract Tower,0,6,0,0,6,1,1,26,1,29,1,7,26,1,35,6,0,6,41
06/09/2003,MCN,GA,ASO,ES,Federal Contract Tower,0,0,8,3,11,1,5,58,3,67,1,5,66,6,78,28,6,34,112
06/10/2003,MCN,GA,ASO,ES,Federal Contract Tower,0,1,15,2,18,1,9,66,2,78,1,10,81,4,96,36,4,40,136
06/11/2003,MCN,GA,ASO,ES,Federal Contract Tower,1,1,11,2,15,1,7,54,2,64,2,8,65,4,79,16,0,16,95
06/12/2003,MCN,GA,ASO,ES,Federal Contract Tower,0,0,6,0,6,3,7,40,0,50,3,7,46,0,56,8,0,8,64
06/13/2003,MCN,GA,ASO,ES,Federal Contract Tower,0,2,13,0,15,2,4,27,4,37,2,6,40,4,52,32,0,32,84
06/14/2003,MCN,GA,ASO,ES,Federal Contract Tower,1,2,4,1,8,1,5,6,1,13,2,7,10,2,21,0,0,0,21
06/15/2003,MCN,GA,ASO,ES,Federal Contract Tower,0,0,7,0,7,2,10,36,1,49,2,10,43,1,56,50,0,50,106
06/16/2003,MCN,GA,ASO,ES,Federal Contract Tower,0,6,4,0,10,1,1,38,6,46,1,7,42,6,56,10,6,16,72
06/17/2003,MCN,GA,ASO,ES,Federal Contract Tower,0,1,9,2,12,0,10,42,4,56,0,11,51,6,68,16,4,20,88
06/18/2003,MCN,GA,ASO,ES,Federal Contract Tower,0,1,5,1,7,0,5,22,1,28,0,6,27,2,35,12,0,12,47
06/19/2003,MCN,GA,ASO,ES,Federal Contract Tower,0,2,7,0,9,1,9,36,0,46,1,11,43,0,55,14,0,14,69
06/20/2003,MCN,GA,ASO,ES,Federal Contract Tower,0,2,17,4,23,1,3,47,4,55,1,5,64,8,78,22,0,22,100
06/21/2003,MCN,GA,ASO,ES,Federal Contract Tower,0,0,6,0,6,0,5,58,0,63,0,5,64,0,69,26,0,26,95
06/22/2003,MCN,GA,ASO,ES,Federal Contract Tower,0,0,1,0,1,1,5,31,7,44,1,5,32,7,45,4,0,4,49
06/23/2003,MCN,GA,ASO,ES,Federal Contract Tower,0,2,7,0,9,1,10,62,6,79,1,12,69,6,88,18,0,18,106
06/24/2003,MCN,GA,ASO,ES,Federal Contract Tower,0,0,14,0,14,1,11,73,0,85,1,11,87,0,99,52,0,52,151
06/25/2003,MCN,GA,ASO,ES,Federal Contract Tower,0,2,2,1,5,2,10,58,1,71,2,12,60,2,76,34,2,36,112
06/26/2003,MCN,GA,ASO,ES,Federal Contract Tower,0,0,6,0,6,1,10,61,0,72,1,10,67,0,78,22,0,22,100
06/27/2003,MCN,GA,ASO,ES,Federal Contract Tower,0,2,10,0,12,1,3,61,2,67,1,5,71,2,79,24,0,24,103
06/28/2003,MCN,GA,ASO,ES,Federal Contract Tower,0,3,5,0,8,0,8,15,0,23,0,11,20,0,31,2,0,2,33
06/29/2003,MCN,GA,ASO,ES,Federal Contract Tower,0,4,16,0,20,2,7,19,0,28,2,11,35,0,48,4,0,4,52
06/30/2003,MCN,GA,ASO,ES,Federal Contract Tower,1,0,6,2,9,10,12,45,0,67,11,12,51,2,76,32,4,36,112
07/01/2003,MCN,GA,ASO,ES,Federal Contract Tower,1,2,3,0,6,1,3,5,0,9,2,5,8,0,15,0,0,0,15
07/02/2003,MCN,GA,ASO,ES,Federal Contract Tower,1,7,1,0,9,3,2,45,0,50,4,9,46,0,59,24,0,24,83
07/03/2003,MCN,GA,ASO,ES,Federal Contract Tower,0,0,8,0,8,6,7,48,0,61,6,7,56,0,69,18,0,18,87
07/04/2003,MCN,GA,ASO,ES,Federal Contract Tower,0,1,8,0,9,1,4,12,0,17,1,5,20,0,26,24,0,24,50
07/05/2003,MCN,GA,ASO,ES,Federal Contract Tower,0,0,7,0,7,0,5,11,2,18,0,5,18,2,25,12,0,12,37
07/06/2003,MCN,GA,ASO,ES,Federal Contract Tower,0,0,6,0,6,1,6,13,0,20,1,6,19,0,26,38,0,38,64
07/07/2003,MCN,GA,ASO,ES,Federal Contract Tower,0,1,6,3,10,2,4,34,1,41,2,5,40,4,51,10,18,28,79
07/08/2003,MCN,GA,ASO,ES,Federal Contract Tower,0,0,1,0,1,5,4,36,2,47,5,4,37,2,48,18,2,20,68
07/09/2003,MCN,GA,ASO,ES,Federal Contract Tower,0,0,1,1,2,2,4,38,1,45,2,4,39,2,47,46,2,48,95
07/10/2003,MCN,GA,ASO,ES,Federal Contract Tower,0,0,8,0,8,2,3,64,2,71,2,3,72,2,79,36,0,36,115
07/11/2003,MCN,GA,ASO,ES,Federal Contract Tower,0,0,3,0,3,0,8,33,3,44,0,8,36,3,47,14,0,14,61
07/12/2003,MCN,GA,ASO,ES,Federal Contract Tower,0,0,6,0,6,0,10,49,1,60,0,10,55,1,66,25,0,25,91
07/13/2003,MCN,GA,ASO,ES,Federal Contract Tower,0,0,5,0,5,0,11,18,0,29,0,11,23,0,34,16,0,16,50
07/14/2003,MCN,GA,ASO,ES,Federal Contract Tower,1,2,16,1,20,3,4,40,1,48,4,6,56,2,68,18,2,20,88
07/15/2003,MCN,GA,ASO,ES,Federal Contract Tower,1,1,15,1,18,4,7,62,3,76,5,8,77,4,94,30,4,34,128
07/16/2003,MCN,GA,ASO,ES,Federal Contract Tower,0,0,5,0,5,1,9,66,0,76,1,9,71,0,81,20,0,20,101
07/17/2003,MCN,GA,ASO,ES,Federal Contract Tower,0,4,12,0,16,1,9,82,0,92,1,13,94,0,108,78,0,78,186
07/18/2003,MCN,GA,ASO,ES,Federal Contract Tower,0,1,17,2,20,3,6,39,11,59,3,7,56,13,79,24,7,31,110
07/19/2003,MCN,GA,ASO,ES,Federal Contract Tower,1,2,9,2,14,0,4,22,2,28,1,6,31,4,42,8,0,8,50
07/20/2003,MCN,GA,ASO,ES,Federal Contract Tower,0,2,8,2,12,0,8,30,2,40,0,10,38,4,52,14,0,14,66
07/21/2003,MCN,GA,ASO,ES,Federal Contract Tower,0,2,16,4,22,2,2,62,4,70,2,4,78,8,92,45,2,47,139
07/22/2003,MCN,GA,ASO,ES,Federal Contract Tower,0,0,17,0,17,3,3,46,1,53,3,3,63,1,70,28,0,28,98
07/23/2003,MCN,GA,ASO,ES,Federal Contract Tower,1,2,11,3,17,0,5,25,1,31,1,7,36,4,48,6,0,6,54
07/24/2003,MCN,GA,ASO,ES,Federal Contract Tower,0,2,15,0,17,1,9,98,0,108,1,11,113,0,125,32,0,32,157
07/25/2003,MCN,GA,ASO,ES,Federal Contract Tower,0,1,6,1,8,1,6,42,1,50,1,7,48,2,58,20,0,20,78
07/26/2003,MCN,GA,ASO,ES,Federal Contract Tower,1,2,5,4,12,0,6,26,4,36,1,8,31,8,48,18,12,30,78
07/27/2003,MCN,GA,ASO,ES,Federal Contract Tower,0,0,3,0,3,1,8,26,0,35,1,8,29,0,38,14,0,14,52
07/28/2003,MCN,GA,ASO,ES,Federal Contract Tower,0,0,2,0,2,2,15,47,2,66,2,15,49,2,68,46,0,46,114
07/29/2003,MCN,GA,ASO,ES,Federal Contract Tower,0,1,14,0,15,2,5,53,0,60,2,6,67,0,75,16,0,16,91
07/30/2003,MCN,GA,ASO,ES,Federal Contract Tower,1,1,17,4,23,2,8,36,7,53,3,9,53,11,76,18,10,28,104
07/31/2003,MCN,GA,ASO,ES,Federal Contract Tower,0,2,14,0,16,2,4,34,0,40,2,6,48,0,56,14,0,14,70
08/01/2003,MCN,GA,ASO,ES,Federal Contract Tower,0,3,6,1,10,1,4,30,1,36,1,7,36,2,46,4,0,4,50
08/02/2003,MCN,GA,ASO,ES,Federal Contract Tower,0,1,13,0,14,1,0,31,0,32,1,1,44,0,46,24,0,24,70
08/03/2003,MCN,GA,ASO,ES,Federal Contract Tower,0,3,3,2,8,1,5,21,10,37,1,8,24,12,45,0,0,0,45
08/04/2003,MCN,GA,ASO,ES,Federal Contract Tower,0,1,13,0,14,1,6,29,6,42,1,7,42,6,56,24,0,24,80
08/05/2003,MCN,GA,ASO,ES,Federal Contract Tower,0,2,11,0,13,1,5,69,0,75,1,7,80,0,88,46,0,46,134
08/06/2003,MCN,GA,ASO,ES,Federal Contract Tower,0,0,8,0,8,2,4,32,0,38,2,4,40,0,46,18,0,18,64
08/07/2003,MCN,GA,ASO,ES,Federal Contract Tower,1,0,10,0,11,3,6,66,2,77,4,6,76,2,88,20,0,20,108
08/08/2003,MCN,GA,ASO,ES,Federal Contract Tower,0,2,9,0,11,3,5,68,0,76,3,7,77,0,87,32,0,32,119
08/09/2003,MCN,GA,ASO,ES,Federal Contract Tower,0,3,6,0,9,2,3,57,4,66,2,6,63,4,75,28,0,28,103
08/10/2003,MCN,GA,ASO,ES,Federal Contract Tower,2,1,13,0,16,3,4,25,4,36,5,5,38,4,52,28,0,28,80
08/11/2003,MCN,GA,ASO,ES,Federal Contract Tower,0,2,13,0,15,1,4,34,0,39,1,6,47,0,54,10,0,10,64
08/12/2003,MCN,GA,ASO,ES,Federal Contract Tower,0,2,18,1,21,1,4,28,1,34,1,6,46,2,55,14,0,14,69
08/13/2003,MCN,GA,ASO,ES,Federal Contract Tower,0,2,7,0,9,1,3,29,4,37,1,5,36,4,46,2,0,2,48
08/14/2003,MCN,GA,ASO,ES,Federal Contract Tower,0,1,8,0,9,2,8,54,1,65,2,9,62,1,74,30,0,30,104
08/15/2003,MCN,GA,ASO,ES,Federal Contract Tower,0,0,6,2,8,1,12,47,5,65,1,12,53,7,73,28,2,30,103
08/16/2003,MCN,GA,ASO,ES,Federal Contract Tower,0,0,13,1,14,4,8,37,1,50,4,8,50,2,64,32,0,32,96
08/17/2003,MCN,GA,ASO,ES,Federal Contract Tower,0,1,10,1,12,1,4,31,0,36,1,5,41,1,48,28,0,28,76
08/18/2003,MCN,GA,ASO,ES,Federal Contract Tower,0,3,16,0,19,1,7,41,0,49,1,10,57,0,68,8,0,8,76
08/19/2003,MCN,GA,ASO,ES,Federal Contract Tower,0,2,12,0,14,1,3,24,0,28,1,5,36,0,42,4,0,4,46
08/20/2003,MCN,GA,ASO,ES,Federal Contract Tower,1,2,14,0,17,3,6,22,2,33,4,8,36,2,50,10,0,10,60
08/21/2003,MCN,GA,ASO,ES,Federal Contract Tower,1,1,20,0,22,1,6,45,5,57,2,7,65,5,79,16,0,16,95
08/22/2003,MCN,GA,ASO,ES,Federal Contract Tower,0,0,14,2,16,1,7,37,7,52,1,7,51,9,68,20,4,24,92
08/23/2003,MCN,GA,ASO,ES,Federal Contract Tower,0,1,6,0,7,1,3,79,4,87,1,4,85,4,94,36,2,38,132
08/24/2003,MCN,GA,ASO,ES,Federal Contract Tower,0,0,3,1,4,1,6,61,1,69,1,6,64,2,73,2,0,2,75
08/25/2003,MCN,GA,ASO,ES,Federal Contract Tower,0,1,16,1,18,1,4,34,1,40,1,5,50,2,58,14,2,16,74
08/26/2003,MCN,GA,ASO,ES,Federal Contract Tower,0,0,10,1,11,3,10,66,8,87,3,10,76,9,98,27,4,31,129
08/27/2003,MCN,GA,ASO,ES,Federal Contract Tower,0,0,10,0,10,0,7,67,2,76,0,7,77,2,86,26,0,26,112
08/28/2003,MCN,GA,ASO,ES,Federal Contract Tower,0,0,4,1,5,7,9,74,9,99,7,9,78,10,104,26,10,36,140
08/29/2003,MCN,GA,ASO,ES,Federal Contract Tower,0,1,1,1,3,1,9,48,1,59,1,10,49,2,62,10,1,11,73
08/30/2003,MCN,GA,ASO,ES,Federal Contract Tower,0,1,4,0,5,3,6,33,0,42,3,7,37,0,47,10,0,10,57
08/31/2003,MCN,GA,ASO,ES,Federal Contract Tower,0,1,4,0,5,1,7,27,0,35,1,8,31,0,40,6,0,6,46
09/01/2003,MCN,GA,ASO,ES,Federal Contract Tower,0,0,7,1,8,3,2,33,0,38,3,2,40,1,46,32,0,32,78
09/02/2003,MCN,GA,ASO,ES,Federal Contract Tower,0,0,11,0,11,3,8,25,0,36,3,8,36,0,47,1,0,1,48
09/03/2003,MCN,GA,ASO,ES,Federal Contract Tower,0,0,9,0,9,3,3,49,0,55,3,3,58,0,64,16,0,16,80
09/04/2003,MCN,GA,ASO,ES,Federal Contract Tower,0,0,5,0,5,4,6,53,0,63,4,6,58,0,68,12,0,12,80
09/05/2003,MCN,GA,ASO,ES,Federal Contract Tower,0,0,8,1,9,2,4,17,2,25,2,4,25,3,34,6,0,6,40
09/06/2003,MCN,GA,ASO,ES,Federal Contract Tower,0,2,1,0,3,1,3,5,0,9,1,5,6,0,12,0,0,0,12
09/07/2003,MCN,GA,ASO,ES,Federal Contract Tower,0,0,0,0,0,1,6,12,3,22,1,6,12,3,22,0,0,0,22
09/08/2003,MCN,GA,ASO,ES,Federal Contract Tower,0,0,8,0,8,1,6,61,0,68,1,6,69,0,76,24,0,24,100
09/09/2003,MCN,GA,ASO,ES,Federal Contract Tower,0,2,7,2,11,2,5,58,6,71,2,7,65,8,82,42,8,50,132
09/10/2003,MCN,GA,ASO,ES,Federal Contract Tower,0,0,11,0,11,1,7,48,0,56,1,7,59,0,67,34,0,34,101
09/11/2003,MCN,GA,ASO,ES,Federal Contract Tower,0,0,4,1,5,1,7,42,2,52,1,7,46,3,57,36,0,36,93
09/12/2003,MCN,GA,ASO,ES,Federal Contract Tower,0,1,6,4,11,1,5,72,14,92,1,6,78,18,103,36,0,36,139
09/13/2003,MCN,GA,ASO,ES,Federal Contract Tower,0,1,3,3,7,1,6,28,5,40,1,7,31,8,47,4,8,12,59
09/14/2003,MCN,GA,ASO,ES,Federal Contract Tower,0,0,4,3,7,0,5,28,22,55,0,5,32,25,62,10,2,12,74
09/15/2003,MCN,GA,ASO,ES,Federal Contract Tower,0,0,10,0,10,4,4,53,1,62,4,4,63,1,72,28,0,28,100
09/16/2003,MCN,GA,ASO,ES,Federal Contract Tower,0,0,7,0,7,2,5,45,0,52,2,5,52,0,59,16,0,16,75
09/17/2003,MCN,GA,ASO,ES,Federal Contract Tower,0,0,8,0,8,4,6,54,0,64,4,6,62,0,72,18,0,18,90
09/18/2003,MCN,GA,ASO,ES,Federal Contract Tower,0,0,7,2,9,2,6,51,1,60,2,6,58,3,69,12,0,12,81
09/19/2003,MCN,GA,ASO,ES,Federal Contract Tower,0,0,1,2,3,2,10,41,4,57,2,10,42,6,60,2,4,6,66
09/20/2003,MCN,GA,ASO,ES,Federal Contract Tower,0,4,3,0,7,1,3,44,17,65,1,7,47,17,72,16,0,16,88
09/21/2003,MCN,GA,ASO,ES,Federal Contract Tower,0,1,6,2,9,2,3,35,1,41,2,4,41,3,50,4,0,4,54
09/22/2003,MCN,GA,ASO,ES,Federal Contract Tower,0,2,9,0,11,2,3,22,0,27,2,5,31,0,38,14,0,14,52
09/23/2003,MCN,GA,ASO,ES,Federal Contract Tower,0,0,1,0,1,1,6,63,0,70,1,6,64,0,71,30,0,30,101
09/24/2003,MCN,GA,ASO,ES,Federal Contract Tower,0,1,6,0,7,3,6,46,0,55,3,7,52,0,62,8,0,8,70
09/25/2003,MCN,GA,ASO,ES,Federal Contract Tower,0,0,9,0,9,0,9,56,0,65,0,9,65,0,74,14,0,14,88
09/26/2003,MCN,GA,ASO,ES,Federal Contract Tower,0,0,6,0,6,1,9,51,0,61,1,9,57,0,67,14,0,14,81
09/27/2003,MCN,GA,ASO,ES,Federal Contract Tower,0,1,11,0,12,0,5,16,2,23,0,6,27,2,35,10,0,10,45
09/28/2003,MCN,GA,ASO,ES,Federal Contract Tower,0,0,4,0,4,3,6,37,2,48,3,6,41,2,52,12,0,12,64
09/29/2003,MCN,GA,ASO,ES,Federal Contract Tower,0,0,3,0,3,5,4,48,0,57,5,4,51,0,60,10,0,10,70
09/30/2003,MCN,GA,ASO,ES,Federal Contract Tower,0,0,3,0,3,1,6,77,7,91,1,6,80,7,94,10,0,10,104
10/01/2003,MCN,GA,ASO,ES,Federal Contract Tower,1,0,6,0,7,2,4,58,4,68,3,4,64,4,75,24,4,28,103
10/02/2003,MCN,GA,ASO,ES,Federal Contract Tower,1,0,3,0,4,0,12,46,2,60,1,12,49,2,64,46,2,48,112
10/03/2003,MCN,GA,ASO,ES,Federal Contract Tower,0,1,6,0,7,1,12,49,10,72,1,13,55,10,79,2,8,10,89
10/04/2003,MCN,GA,ASO,ES,Federal Contract Tower,0,1,5,0,6,1,3,46,0,50,1,4,51,0,56,20,0,20,76
10/05/2003,MCN,GA,ASO,ES,Federal Contract Tower,0,1,0,0,1,1,4,36,2,43,1,5,36,2,44,10,0,10,54
10/06/2003,MCN,GA,ASO,ES,Federal Contract Tower,0,1,4,0,5,1,11,39,0,51,1,12,43,0,56,14,0,14,70
10/07/2003,MCN,GA,ASO,ES,Federal Contract Tower,0,1,7,0,8,2,6,13,0,21,2,7,20,0,29,4,0,4,33
10/08/2003,MCN,GA,ASO,ES,Federal Contract Tower,0,0,8,2,10,1,10,33,2,46,1,10,41,4,56,4,4,8,64
10/09/2003,MCN,GA,ASO,ES,Federal Contract Tower,0,0,9,0,9,2,6,47,0,55,2,6,56,0,64,20,0,20,84
10/10/2003,MCN,GA,ASO,ES,Federal Contract Tower,0,0,10,3,13,1,5,34,2,42,1,5,44,5,55,12,0,12,67
10/11/2003,MCN,GA,ASO,ES,Federal Contract Tower,0,4,14,0,18,1,1,31,0,33,1,5,45,0,51,24,0,24,75
10/12/2003,MCN,GA,ASO,ES,Federal Contract Tower,0,0,6,0,6,0,7,26,0,33,0,7,32,0,39,6,0,6,45
10/13/2003,MCN,GA,ASO,ES,Federal Contract Tower,0,0,6,0,6,1,5,48,0,54,1,5,54,0,60,8,0,8,68
10/14/2003,MCN,GA,ASO,ES,Federal Contract Tower,0,0,4,0,4,1,4,32,0,37,1,4,36,0,41,2,0,2,43
10/15/2003,MCN,GA,ASO,ES,Federal Contract Tower,0,0,3,0,3,2,5,60,5,72,2,5,63,5,75,2,4,6,81
10/16/2003,MCN,GA,ASO,ES,Federal Contract Tower,0,0,8,0,8,3,15,65,9,92,3,15,73,9,100,8,4,12,112
10/17/2003,MCN,GA,ASO,ES,Federal Contract Tower,0,0,7,2,9,4,4,80,2,90,4,4,87,4,99,26,0,26,125
10/18/2003,MCN,GA,ASO,ES,Federal Contract Tower,0,0,5,0,5,2,6,65,0,73,2,6,70,0,78,42,0,42,120
10/19/2003,MCN,GA,ASO,ES,Federal Contract Tower,0,0,0,0,0,1,7,43,0,51,1,7,43,0,51,31,0,31,82
10/20/2003,MCN,GA,ASO,ES,Federal Contract Tower,0,0,2,0,2,1,6,28,4,39,1,6,30,4,41,2,0,2,43
10/21/2003,MCN,GA,ASO,ES,Federal Contract Tower,0,0,4,0,4,4,4,47,0,55,4,4,51,0,59,10,0,10,69
10/22/2003,MCN,GA,ASO,ES,Federal Contract Tower,0,0,3,0,3,4,6,58,0,68,4,6,61,0,71,6,0,6,77
10/23/2003,MCN,GA,ASO,ES,Federal Contract Tower,0,0,10,3,13,3,6,66,6,81,3,6,76,9,94,24,2,26,120
10/24/2003,MCN,GA,ASO,ES,Federal Contract Tower,0,0,8,0,8,1,7,38,8,54,1,7,46,8,62,18,6,24,86
10/25/2003,MCN,GA,ASO,ES,Federal Contract Tower,0,0,1,0,1,4,5,24,0,33,4,5,25,0,34,0,0,0,34
10/26/2003,MCN,GA,ASO,ES,Federal Contract Tower,0,0,4,0,4,0,6,33,2,41,0,6,37,2,45,6,0,6,51
10/27/2003,MCN,GA,ASO,ES,Federal Contract Tower,0,0,8,2,10,1,9,20,5,35,1,9,28,7,45,8,0,8,53
10/28/2003,MCN,GA,ASO,ES,Federal Contract Tower,0,4,10,0,14,1,1,23,0,25,1,5,33,0,39,12,0,12,51
10/29/2003,MCN,GA,ASO,ES,Federal Contract Tower,0,0,8,0,8,3,7,82,7,99,3,7,90,7,107,18,0,18,125
10/30/2003,MCN,GA,ASO,ES,Federal Contract Tower,0,4,11,2,17,1,8,72,4,85,1,12,83,6,102,26,6,32,134
10/31/2003,MCN,GA,ASO,ES,Federal Contract Tower,0,0,10,2,12,7,5,76,0,88,7,5,86,2,100,20,0,20,120
11/01/2003,MCN,GA,ASO,ES,Federal Contract Tower,1,0,10,0,11,1,4,51,6,62,2,4,61,6,73,22,6,28,101
11/02/2003,MCN,GA,ASO,ES,Federal Contract Tower,1,0,2,0,3,1,7,43,8,59,2,7,45,8,62,24,0,24,86
11/03/2003,MCN,GA,ASO,ES,Federal Contract Tower,1,0,5,0,6,1,5,77,4,87,2,5,82,4,93,38,0,38,131
11/04/2003,MCN,GA,ASO,ES,Federal Contract Tower,0,5,10,1,16,4,0,60,1,65,4,5,70,2,81,16,0,16,97
11/05/2003,MCN,GA,ASO,ES,Federal Contract Tower,0,1,10,4,15,3,5,44,5,57,3,6,54,9,72,18,0,18,90
11/06/2003,MCN,GA,ASO,ES,Federal Contract Tower,0,1,7,0,8,1,5,42,2,50,1,6,49,2,58,14,0,14,72
11/07/2003,MCN,GA,ASO,ES,Federal Contract Tower,0,1,9,0,10,1,5,60,6,72,1,6,69,6,82,12,0,12,94
11/08/2003,MCN,GA,ASO,ES,Federal Contract Tower,0,1,9,2,12,0,4,18,0,22,0,5,27,2,34,8,2,10,44
11/09/2003,MCN,GA,ASO,ES,Federal Contract Tower,0,1,2,0,3,2,6,31,0,39,2,7,33,0,42,6,0,6,48
11/10/2003,MCN,GA,ASO,ES,Federal Contract Tower,0,1,2,0,3,1,5,59,2,67,1,6,61,2,70,18,0,18,88
11/11/2003,MCN,GA,ASO,ES,Federal Contract Tower,0,1,9,0,10,4,6,70,0,80,4,7,79,0,90,28,0,28,118
11/12/2003,MCN,GA,ASO,ES,Federal Contract Tower,0,0,3,0,3,3,5,81,0,89,3,5,84,0,92,24,0,24,116
11/13/2003,MCN,GA,ASO,ES,Federal Contract Tower,0,0,0,0,0,5,7,48,2,62,5,7,48,2,62,12,0,12,74
11/14/2003,MCN,GA,ASO,ES,Federal Contract Tower,0,0,5,0,5,1,10,75,3,89,1,10,80,3,94,10,0,10,104
11/15/2003,MCN,GA,ASO,ES,Federal Contract Tower,0,0,12,0,12,0,7,33,14,54,0,7,45,14,66,20,14,34,100
11/16/2003,MCN,GA,ASO,ES,Federal Contract Tower,0,0,5,0,5,5,6,48,5,64,5,6,53,5,69,14,0,14,83
11/17/2003,MCN,GA,ASO,ES,Federal Contract Tower,0,0,7,0,7,3,5,48,0,56,3,5,55,0,63,22,0,22,85
11/18/2003,MCN,GA,ASO,ES,Federal Contract Tower,0,0,10,0,10,2,6,32,2,42,2,6,42,2,52,8,0,8,60
11/19/2003,MCN,GA,ASO,ES,Federal Contract Tower,0,0,3,0,3,3,5,33,0,41,3,5,36,0,44,8,0,8,52
11/20/2003,MCN,GA,ASO,ES,Federal Contract Tower,0,0,5,0,5,1,6,69,0,76,1,6,74,0,81,28,0,28,109
11/21/2003,MCN,GA,ASO,ES,Federal Contract Tower,0,0,11,4,15,1,6,94,11,112,1,6,105,15,127,39,4,43,170
11/22/2003,MCN,GA,ASO,ES,Federal Contract Tower,0,0,7,0,7,0,7,53,3,63,0,7,60,3,70,12,0,12,82
11/23/2003,MCN,GA,ASO,ES,Federal Contract Tower,0,0,6,0,6,1,7,40,3,51,1,7,46,3,57,24,0,24,81
11/24/2003,MCN,GA,ASO,ES,Federal Contract Tower,0,0,12,0,12,2,4,33,0,39,2,4,45,0,51,14,0,14,65
11/25/2003,MCN,GA,ASO,ES,Federal Contract Tower,0,0,5,0,5,1,7,71,4,83,1,7,76,4,88,20,4,24,112
11/26/2003,MCN,GA,ASO,ES,Federal Contract Tower,0,0,6,0,6,1,9,61,2,73,1,9,67,2,79,22,2,24,103
11/27/2003,MCN,GA,ASO,ES,Federal Contract Tower,0,0,0,0,0,1,6,13,0,20,1,6,13,0,20,2,0,2,22
11/28/2003,MCN,GA,ASO,ES,Federal Contract Tower,0,0,3,0,3,1,5,12,0,18,1,5,15,0,21,0,0,0,21
11/29/2003,MCN,GA,ASO,ES,Federal Contract Tower,0,0,8,0,8,1,6,28,0,35,1,6,36,0,43,24,0,24,67
11/30/2003,MCN,GA,ASO,ES,Federal Contract Tower,0,0,2,0,2,1,7,63,0,71,1,7,65,0,73,10,0,10,83
12/01/2003,MCN,GA,ASO,ES,Federal Contract Tower,1,0,3,0,4,2,5,53,0,60,3,5,56,0,64,20,0,20,84
12/02/2003,MCN,GA,ASO,ES,Federal Contract Tower,1,0,5,0,6,4,6,72,2,84,5,6,77,2,90,28,2,30,120
12/03/2003,MCN,GA,ASO,ES,Federal Contract Tower,1,0,1,0,2,3,3,47,3,56,4,3,48,3,58,16,0,16,74
12/04/2003,MCN,GA,ASO,ES,Federal Contract Tower,0,1,10,0,11,3,4,21,0,28,3,5,31,0,39,0,0,0,39
12/05/2003,MCN,GA,ASO,ES,Federal Contract Tower,0,1,8,0,9,2,1,17,6,26,2,2,25,6,35,8,0,8,43
12/06/2003,MCN,GA,ASO,ES,Federal Contract Tower,0,1,5,0,6,0,4,35,5,44,0,5,40,5,50,26,0,26,76
12/07/2003,MCN,GA,ASO,ES,Federal Contract Tower,0,1,12,0,13,2,6,44,0,52,2,7,56,0,65,46,0,46,111
12/08/2003,MCN,GA,ASO,ES,Federal Contract Tower,0,1,4,0,5,2,10,66,2,80,2,11,70,2,85,48,4,52,137
12/09/2003,MCN,GA,ASO,ES,Federal Contract Tower,0,1,2,0,3,1,7,57,2,67,1,8,59,2,70,26,4,30,100
12/10/2003,MCN,GA,ASO,ES,Federal Contract Tower,0,1,5,0,6,2,7,19,2,30,2,8,24,2,36,2,0,2,38
12/11/2003,MCN,GA,ASO,ES,Federal Contract Tower,0,1,4,0,5,1,5,31,6,43,1,6,35,6,48,2,0,2,50
12/12/2003,MCN,GA,ASO,ES,Federal Contract Tower,0,1,10,0,11,1,5,77,0,83,1,6,87,0,94,30,0,30,124
12/13/2003,MCN,GA,ASO,ES,Federal Contract Tower,0,0,8,0,8,0,4,26,0,30,0,4,34,0,38,16,0,16,54
12/14/2003,MCN,GA,ASO,ES,Federal Contract Tower,0,0,10,0,10,0,6,9,5,20,0,6,19,5,30,10,0,10,40
12/15/2003,MCN,GA,ASO,ES,Federal Contract Tower,0,0,4,0,4,2,6,47,6,61,2,6,51,6,65,14,0,14,79
12/16/2003,MCN,GA,ASO,ES,Federal Contract Tower,0,0,12,3,15,1,8,49,1,59,1,8,61,4,74,10,2,12,86
12/17/2003,MCN,GA,ASO,ES,Federal Contract Tower,0,0,3,0,3,1,5,27,0,33,1,5,30,0,36,6,0,6,42
12/18/2003,MCN,GA,ASO,ES,Federal Contract Tower,0,0,5,0,5,1,7,60,6,74,1,7,65,6,79,8,2,10,89
12/19/2003,MCN,GA,ASO,ES,Federal Contract Tower,0,0,2,0,2,2,9,50,0,61,2,9,52,0,63,4,0,4,67
12/20/2003,MCN,GA,ASO,ES,Federal Contract Tower,0,0,5,0,5,1,7,51,0,59,1,7,56,0,64,26,0,26,90
12/21/2003,MCN,GA,ASO,ES,Federal Contract Tower,0,0,2,0,2,2,6,33,0,41,2,6,35,0,43,22,0,22,65
12/22/2003,MCN,GA,ASO,ES,Federal Contract Tower,0,0,2,0,2,3,7,72,1,83,3,7,74,1,85,60,0,60,145
12/23/2003,MCN,GA,ASO,ES,Federal Contract Tower,0,0,0,0,0,1,6,45,0,52,1,6,45,0,52,8,0,8,60
12/24/2003,MCN,GA,ASO,ES,Federal Contract Tower,0,0,2,0,2,1,8,6,0,15,1,8,8,0,17,0,0,0,17
12/25/2003,MCN,GA,ASO,ES,Federal Contract Tower,0,0,1,0,1,2,5,20,0,27,2,5,21,0,28,2,0,2,30
12/26/2003,MCN,GA,ASO,ES,Federal Contract Tower,0,0,0,0,0,1,6,64,0,71,1,6,64,0,71,48,0,48,119
12/27/2003,MCN,GA,ASO,ES,Federal Contract Tower,0,0,6,0,6,3,6,48,0,57,3,6,54,0,63,18,0,18,81
12/28/2003,MCN,GA,ASO,ES,Federal Contract Tower,0,0,0,0,0,0,6,56,0,62,0,6,56,0,62,18,0,18,80
12/29/2003,MCN,GA,ASO,ES,Federal Contract Tower,0,0,3,0,3,6,8,31,0,45,6,8,34,0,48,10,0,10,58
12/30/2003,MCN,GA,ASO,ES,Federal Contract Tower,0,0,3,0,3,1,5,38,2,46,1,5,41,2,49,28,0,28,77
12/31/2003,MCN,GA,ASO,ES,Federal Contract Tower,0,0,2,0,2,2,5,54,0,61,2,5,56,0,63,12,0,12,75
01/01/2004,MCN,GA,ASO,ES,Federal Contract Tower,0,0,3,0,3,1,3,32,0,36,1,3,35,0,39,28,0,28,67
01/02/2004,MCN,GA,ASO,ES,Federal Contract Tower,0,0,1,0,1,1,4,20,0,25,1,4,21,0,26,8,0,8,34
01/03/2004,MCN,GA,ASO,ES,Federal Contract Tower,0,5,8,0,13,0,1,17,0,18,0,6,25,0,31,12,0,12,43
01/04/2004,MCN,GA,ASO,ES,Federal Contract Tower,0,0,2,0,2,2,4,43,0,49,2,4,45,0,51,6,0,6,57
01/05/2004,MCN,GA,ASO,ES,Federal Contract Tower,0,0,4,0,4,1,6,9,0,16,1,6,13,0,20,2,0,2,22
01/06/2004,MCN,GA,ASO,ES,Federal Contract Tower,0,0,2,1,3,2,3,43,1,49,2,3,45,2,52,4,0,4,56
01/07/2004,MCN,GA,ASO,ES,Federal Contract Tower,0,0,7,1,8,2,10,50,5,67,2,10,57,6,75,32,18,50,125
01/08/2004,MCN,GA,ASO,ES,Federal Contract Tower,0,0,4,0,4,1,6,50,0,57,1,6,54,0,61,32,0,32,93
01/09/2004,MCN,GA,ASO,ES,Federal Contract Tower,0,0,9,0,9,1,5,12,0,18,1,5,21,0,27,0,0,0,27
01/10/2004,MCN,GA,ASO,ES,Federal Contract Tower,0,0,6,0,6,0,7,22,0,29,0,7,28,0,35,6,0,6,41
01/11/2004,MCN,GA,ASO,ES,Federal Contract Tower,0,0,10,0,10,1,5,65,4,75,1,5,75,4,85,48,0,48,133
01/12/2004,MCN,GA,ASO,ES,Federal Contract Tower,0,0,5,0,5,1,6,53,9,69,1,6,58,9,74,32,4,36,110
01/13/2004,MCN,GA,ASO,ES,Federal Contract Tower,0,4,7,0,11,1,1,67,4,73,1,5,74,4,84,26,0,26,110
01/14/2004,MCN,GA,ASO,ES,Federal Contract Tower,0,0,10,0,10,1,6,50,2,59,1,6,60,2,69,27,0,27,96
01/15/2004,MCN,GA,ASO,ES,Federal Contract Tower,0,0,4,0,4,1,5,77,0,83,1,5,81,0,87,18,0,18,105
01/16/2004,MCN,GA,ASO,ES,Federal Contract Tower,0,0,3,0,3,4,6,57,4,71,4,6,60,4,74,36,0,36,110
01/17/2004,MCN,GA,ASO,ES,Federal Contract Tower,0,0,6,0,6,2,5,19,0,26,2,5,25,0,32,8,0,8,40
01/18/2004,MCN,GA,ASO,ES,Federal Contract Tower,0,0,1,0,1,2,5,12,2,21,2,5,13,2,22,0,0,0,22
01/19/2004,MCN,GA,ASO,ES,Federal Contract Tower,0,0,5,0,5,1,7,50,0,58,1,7,55,0,63,18,0,18,81
01/20/2004,MCN,GA,ASO,ES,Federal Contract Tower,0,0,9,0,9,1,8,68,4,81,1,8,77,4,90,32,4,36,126
01/21/2004,MCN,GA,ASO,ES,Federal Contract Tower,0,0,10,0,10,1,5,71,0,77,1,5,81,0,87,18,0,18,105
01/22/2004,MCN,GA,ASO,ES,Federal Contract Tower,0,0,6,0,6,5,11,62,4,82,5,11,68,4,88,22,10,32,120
01/23/2004,MCN,GA,ASO,ES,Federal Contract Tower,0,0,8,0,8,2,6,72,7,87,2,6,80,7,95,20,0,20,115
01/24/2004,MCN,GA,ASO,ES,Federal Contract Tower,0,0,2,0,2,1,4,41,4,50,1,4,43,4,52,10,0,10,62
01/25/2004,MCN,GA,ASO,ES,Federal Contract Tower,0,4,10,0,14,2,1,21,0,24,2,5,31,0,38,4,0,4,42
01/26/2004,MCN,GA,ASO,ES,Federal Contract Tower,0,0,10,0,10,1,9,1,0,11,1,9,11,0,21,0,0,0,21
01/27/2004,MCN,GA,ASO,ES,Federal Contract Tower,0,4,7,0,11,1,3,36,2,42,1,7,43,2,53,4,0,4,57
01/28/2004,MCN,GA,ASO,ES,Federal Contract Tower,0,0,5,0,5,1,7,71,4,83,1,7,76,4,88,20,0,20,108
01/29/2004,MCN,GA,ASO,ES,Federal Contract Tower,0,0,4,0,4,1,7,58,2,68,1,7,62,2,72,30,0,30,102
01/30/2004,MCN,GA,ASO,ES,Federal Contract Tower,0,4,8,0,12,2,2,76,2,82,2,6,84,2,94,22,0,22,116
01/31/2004,MCN,GA,ASO,ES,Federal Contract Tower,0,0,8,0,8,0,5,36,2,43,0,5,44,2,51,50,0,50,101
02/01/2004,MCN,GA,ASO,ES,Federal Contract Tower,1,0,3,0,4,0,6,23,0,29,1,6,26,0,33,10,0,10,43
02/02/2004,MCN,GA,ASO,ES,Federal Contract Tower,1,3,13,0,17,0,1,14,0,15,1,4,27,0,32,4,0,4,36
02/03/2004,MCN,GA,ASO,ES,Federal Contract Tower,1,3,14,3,21,1,2,56,1,60,2,5,70,4,81,36,4,40,121
02/04/2004,MCN,GA,ASO,ES,Federal Contract Tower,1,3,10,0,14,1,4,97,4,106,2,7,107,4,120,38,2,40,160
02/05/2004,MCN,GA,ASO,ES,Federal Contract Tower,1,2,17,3,23,1,3,27,5,36,2,5,44,8,59,10,6,16,75
02/06/2004,MCN,GA,ASO,ES,Federal Contract Tower,1,0,7,0,8,3,1,6,2,12,4,1,13,2,20,4,0,4,24
02/07/2004,MCN,GA,ASO,ES,Federal Contract Tower,1,0,2,0,3,3,4,30,4,41,4,4,32,4,44,26,0,26,70
02/08/2004,MCN,GA,ASO,ES,Federal Contract Tower,0,0,1,0,1,3,6,51,2,62,3,6,52,2,63,8,0,8,71
02/09/2004,MCN,GA,ASO,ES,Federal Contract Tower,0,0,11,0,11,1,8,56,2,67,1,8,67,2,78,28,0,28,106
02/10/2004,MCN,GA,ASO,ES,Federal Contract Tower,0,0,7,0,7,1,7,47,0,55,1,7,54,0,62,26,0,26,88
02/11/2004,MCN,GA,ASO,ES,Federal Contract Tower,0,0,3,0,3,4,5,61,0,70,4,5,64,0,73,44,0,44,117
02/12/2004,MCN,GA,ASO,ES,Federal Contract Tower,0,2,13,0,15,1,3,20,0,24,1,5,33,0,39,4,0,4,43
02/13/2004,MCN,GA,ASO,ES,Federal Contract Tower,0,0,8,0,8,2,7,49,0,58,2,7,57,0,66,20,0,20,86
02/14/2004,MCN,GA,ASO,ES,Federal Contract Tower,0,0,4,0,4,0,7,0,0,7,0,7,4,0,11,0,0,0,11
02/15/2004,MCN,GA,ASO,ES,Federal Contract Tower,0,0,2,0,2,3,6,10,4,23,3,6,12,4,25,0,4,4,29
02/16/2004,MCN,GA,ASO,ES,Federal Contract Tower,0,2,19,0,21,5,2,49,0,56,5,4,68,0,77,14,0,14,91
02/17/2004,MCN,GA,ASO,ES,Federal Contract Tower,0,0,7,0,7,1,8,34,2,45,1,8,41,2,52,10,0,10,62
02/18/2004,MCN,GA,ASO,ES,Federal Contract Tower,0,0,1,0,1,1,10,78,0,89,1,10,79,0,90,30,0,30,120
02/19/2004,MCN,GA,ASO,ES,Federal Contract Tower,0,0,5,0,5,2,8,69,10,89,2,8,74,10,94,38,0,38,132
02/20/2004,MCN,GA,ASO,ES,Federal Contract Tower,0,0,6,0,6,1,5,73,6,85,1,5,79,6,91,20,0,20,111
02/21/2004,MCN,GA,ASO,ES,Federal Contract Tower,0,0,3,0,3,1,5,42,0,48,1,5,45,0,51,32,0,32,83
02/22/2004,MCN,GA,ASO,ES,Federal Contract Tower,0,0,6,0,6,2,7,66,2,77,2,7,72,2,83,6,0,6,89
02/23/2004,MCN,GA,ASO,ES,Federal Contract Tower,0,0,6,0,6,5,7,58,3,73,5,7,64,3,79,34,0,34,113
02/24/2004,MCN,GA,ASO,ES,Federal Contract Tower,0,3,23,1,27,1,2,28,0,31,1,5,51,1,58,42,0,42,100
02/25/2004,MCN,GA,ASO,ES,Federal Contract Tower,0,3,24,3,30,1,3,20,0,24,1,6,44,3,54,2,0,2,56
02/26/2004,MCN,GA,ASO,ES,Federal Contract Tower,0,0,12,0,12,2,3,10,0,15,2,3,22,0,27,0,0,0,27
02/27/2004,MCN,GA,ASO,ES,Federal Contract Tower,0,1,12,0,13,3,8,44,5,60,3,9,56,5,73,12,0,12,85
02/28/2004,MCN,GA,ASO,ES,Federal Contract Tower,0,0,10,0,10,5,4,75,2,86,5,4,85,2,96,24,0,24,120
02/29/2004,MCN,GA,ASO,ES,Federal Contract Tower,0,2,12,0,14,4,4,59,6,73,4,6,71,6,87,40,0,40,127
03/01/2004,MCN,GA,ASO,ES,Federal Contract Tower,1,0,8,0,9,5,6,47,6,64,6,6,55,6,73,14,6,20,93
03/02/2004,MCN,GA,ASO,ES,Federal Contract Tower,1,0,5,0,6,7,5,64,11,87,8,5,69,11,93,24,10,34,127
03/03/2004,MCN,GA,ASO,ES,Federal Contract Tower,1,0,7,2,10,1,10,66,0,77,2,10,73,2,87,32,2,34,121
03/04/2004,MCN,GA,ASO,ES,Federal Contract Tower,1,0,2,0,3,0,6,53,2,61,1,6,55,2,64,34,0,34,98
03/05/2004,MCN,GA,ASO,ES,Federal Contract Tower,0,1,4,0,5,1,3,65,3,72,1,4,69,3,77,8,0,8,85
03/06/2004,MCN,GA,ASO,ES,Federal Contract Tower,0,1,4,0,5,0,4,41,0,45,0,5,45,0,50,20,0,20,70
03/07/2004,MCN,GA,ASO,ES,Federal Contract Tower,0,0,3,1,4,2,5,46,2,55,2,5,49,3,59,30,0,30,89
03/08/2004,MCN,GA,ASO,ES,Federal Contract Tower,0,0,3,1,4,2,5,51,1,59,2,5,54,2,63,4,0,4,67
03/09/2004,MCN,GA,ASO,ES,Federal Contract Tower,0,0,8,2,10,1,4,84,0,89,1,4,92,2,99,24,0,24,123
03/10/2004,MCN,GA,ASO,ES,Federal Contract Tower,0,0,5,0,5,2,6,84,10,102,2,6,89,10,107,54,8,62,169
03/11/2004,MCN,GA,ASO,ES,Federal Contract Tower,0,0,5,0,5,2,8,75,7,92,2,8,80,7,97,22,2,24,121
03/12/2004,MCN,GA,ASO,ES,Federal Contract Tower,0,0,7,0,7,1,5,76,15,97,1,5,83,15,104,40,4,44,148
03/13/2004,MCN,GA,ASO,ES,Federal Contract Tower,0,0,7,0,7,0,5,63,2,70,0,5,70,2,77,10,0,10,87
03/14/2004,MCN,GA,ASO,ES,Federal Contract Tower,0,0,10,0,10,1,5,32,4,42,1,5,42,4,52,42,0,42,94
03/15/2004,MCN,GA,ASO,ES,Federal Contract Tower,0,0,7,0,7,0,7,64,0,71,0,7,71,0,78,64,0,64,142
03/16/2004,MCN,GA,ASO,ES,Federal Contract Tower,0,0,18,0,18,2,8,64,0,74,2,8,82,0,92,32,0,32,124
03/17/2004,MCN,GA,ASO,ES,Federal Contract Tower,0,0,7,0,7,5,7,69,0,81,5,7,76,0,88,56,0,56,144
03/18/2004,MCN,GA,ASO,ES,Federal Contract Tower,0,0,8,0,8,3,5,86,0,94,3,5,94,0,102,54,0,54,156
03/19/2004,MCN,GA,ASO,ES,Federal Contract Tower,0,0,5,0,5,2,5,76,4,87,2,5,81,4,92,26,12,38,130
03/20/2004,MCN,GA,ASO,ES,Federal Contract Tower,0,0,6,0,6,0,8,51,0,59,0,8,57,0,65,28,0,28,93
03/21/2004,MCN,GA,ASO,ES,Federal Contract Tower,0,0,1,0,1,1,5,52,0,58,1,5,53,0,59,12,0,12,71
03/22/2004,MCN,GA,ASO,ES,Federal Contract Tower,0,0,9,0,9,1,10,56,18,85,1,10,65,18,94,70,14,84,178
03/23/2004,MCN,GA,ASO,ES,Federal Contract Tower,0,0,6,0,6,1,11,63,2,77,1,11,69,2,83,40,0,40,123
03/24/2004,MCN,GA,ASO,ES,Federal Contract Tower,0,0,1,0,1,4,8,90,2,104,4,8,91,2,105,38,0,38,143
03/25/2004,MCN,GA,ASO,ES,Federal Contract Tower,0,0,12,2,14,1,5,59,3,68,1,5,71,5,82,26,2,28,110
03/26/2004,MCN,GA,ASO,ES,Federal Contract Tower,0,0,5,0,5,1,5,73,6,85,1,5,78,6,90,22,6,28,118
03/27/2004,MCN,GA,ASO,ES,Federal Contract Tower,0,0,10,0,10,1,5,50,0,56,1,5,60,0,66,40,0,40,106
03/28/2004,MCN,GA,ASO,ES,Federal Contract Tower,0,0,2,0,2,2,6,63,0,71,2,6,65,0,73,18,0,18,91
03/29/2004,MCN,GA,ASO,ES,Federal Contract Tower,0,0,14,2,16,5,8,56,0,69,5,8,70,2,85,34,0,34,119
03/30/2004,MCN,GA,ASO,ES,Federal Contract Tower,0,0,7,0,7,1,4,40,6,51,1,4,47,6,58,24,0,24,82
03/31/2004,MCN,GA,ASO,ES,Federal Contract Tower,0,0,6,0,6,2,9,40,2,53,2,9,46,2,59,12,0,12,71
04/01/2004,MCN,GA,ASO,ES,Federal Contract Tower,0,1,5,1,7,1,4,66,11,82,1,5,71,12,89,18,6,24,113
04/02/2004,MCN,GA,ASO,ES,Federal Contract Tower,0,1,4,0,5,2,5,69,2,78,2,6,73,2,83,12,0,12,95
04/03/2004,MCN,GA,ASO,ES,Federal Contract Tower,0,1,2,0,3,4,3,58,1,66,4,4,60,1,69,6,0,6,75
04/04/2004,MCN,GA,ASO,ES,Federal Contract Tower,0,1,0,0,1,2,3,27,6,38,2,4,27,6,39,0,2,2,41
04/05/2004,MCN,GA,ASO,ES,Federal Contract Tower,0,0,5,3,8,1,5,73,0,79,1,5,78,3,87,24,0,24,111
04/06/2004,MCN,GA,ASO,ES,Federal Contract Tower,0,0,11,4,15,2,6,88,13,109,2,6,99,17,124,44,14,58,182
04/07/2004,MCN,GA,ASO,ES,Federal Contract Tower,0,0,10,2,12,1,6,57,2,66,1,6,67,4,78,22,4,26,104
04/08/2004,MCN,GA,ASO,ES,Federal Contract Tower,0,0,8,0,8,1,6,32,0,39,1,6,40,0,47,12,0,12,59
04/09/2004,MCN,GA,ASO,ES,Federal Contract Tower,0,0,6,1,7,3,5,94,0,102,3,5,100,1,109,22,0,22,131
04/10/2004,MCN,GA,ASO,ES,Federal Contract Tower,0,0,5,0,5,2,4,69,0,75,2,4,74,0,80,20,0,20,100
04/11/2004,MCN,GA,ASO,ES,Federal Contract Tower,0,0,0,0,0,1,5,24,0,30,1,5,24,0,30,0,0,0,30
04/12/2004,MCN,GA,ASO,ES,Federal Contract Tower,0,0,3,0,3,1,6,45,0,52,1,6,48,0,55,6,0,6,61
04/13/2004,MCN,GA,ASO,ES,Federal Contract Tower,0,0,0,0,0,1,5,32,0,38,1,5,32,0,38,6,0,6,44
04/14/2004,MCN,GA,ASO,ES,Federal Contract Tower,0,0,3,0,3,2,5,68,2,77,2,5,71,2,80,10,0,10,90
04/15/2004,MCN,GA,ASO,ES,Federal Contract Tower,0,0,10,3,13,1,6,109,1,117,1,6,119,4,130,26,0,26,156
04/16/2004,MCN,GA,ASO,ES,Federal Contract Tower,0,0,10,2,12,1,5,87,7,100,1,5,97,9,112,44,0,44,156
04/17/2004,MCN,GA,ASO,ES,Federal Contract Tower,0,0,2,0,2,1,5,60,2,68,1,5,62,2,70,14,0,14,84
04/18/2004,MCN,GA,ASO,ES,Federal Contract Tower,0,0,8,0,8,2,5,60,0,67,2,5,68,0,75,48,0,48,123
04/19/2004,MCN,GA,ASO,ES,Federal Contract Tower,0,0,6,0,6,3,7,60,0,70,3,7,66,0,76,18,0,18,94
04/20/2004,MCN,GA,ASO,ES,Federal Contract Tower,0,0,5,0,5,1,7,61,0,69,1,7,66,0,74,20,0,20,94
04/21/2004,MCN,GA,ASO,ES,Federal Contract Tower,0,0,10,1,11,1,5,56,21,83,1,5,66,22,94,14,12,26,120
04/22/2004,MCN,GA,ASO,ES,Federal Contract Tower,0,0,2,0,2,1,8,36,2,47,1,8,38,2,49,14,2,16,65
04/23/2004,MCN,GA,ASO,ES,Federal Contract Tower,0,0,5,0,5,1,10,55,4,70,1,10,60,4,75,30,0,30,105
04/24/2004,MCN,GA,ASO,ES,Federal Contract Tower,0,0,2,0,2,2,9,53,2,66,2,9,55,2,68,34,0,34,102
04/25/2004,MCN,GA,ASO,ES,Federal Contract Tower,0,0,3,0,3,4,6,49,4,63,4,6,52,4,66,8,0,8,74
04/26/2004,MCN,GA,ASO,ES,Federal Contract Tower,0,0,10,1,11,3,3,26,1,33,3,3,36,2,44,14,0,14,58
04/27/2004,MCN,GA,ASO,ES,Federal Contract Tower,0,0,8,1,9,3,4,76,9,92,3,4,84,10,101,35,4,39,140
04/28/2004,MCN,GA,ASO,ES,Federal Contract Tower,0,0,6,1,7,3,6,69,7,85,3,6,75,8,92,34,0,34,126
04/29/2004,MCN,GA,ASO,ES,Federal Contract Tower,0,0,5,0,5,4,5,57,4,70,4,5,62,4,75,10,0,10,85
04/30/2004,MCN,GA,ASO,ES,Federal Contract Tower,0,0,10,0,10,2,5,30,0,37,2,5,40,0,47,6,2,8,55
05/01/2004,MCN,GA,ASO,ES,Federal Contract Tower,0,0,4,0,4,0,3,26,0,29,0,3,30,0,33,4,0,4,37
05/02/2004,MCN,GA,ASO,ES,Federal Contract Tower,1,0,5,0,6,0,8,17,2,27,1,8,22,2,33,6,0,6,39
05/03/2004,MCN,GA,ASO,ES,Federal Contract Tower,1,0,9,0,10,0,7,69,3,79,1,7,78,3,89,34,0,34,123
05/04/2004,MCN,GA,ASO,ES,Federal Contract Tower,0,1,9,2,12,1,9,68,0,78,1,10,77,2,90,37,0,37,127
05/05/2004,MCN,GA,ASO,ES,Federal Contract Tower,0,1,4,0,5,1,6,76,4,87,1,7,80,4,92,38,4,42,134
05/06/2004,MCN,GA,ASO,ES,Federal Contract Tower,0,1,9,0,10,1,4,99,2,106,1,5,108,2,116,68,0,68,184
05/07/2004,MCN,GA,ASO,ES,Federal Contract Tower,0,1,9,0,10,1,3,76,6,86,1,4,85,6,96,31,4,35,131
05/08/2004,MCN,GA,ASO,ES,Federal Contract Tower,0,1,1,0,2,1,3,42,4,50,1,4,43,4,52,12,2,14,66
05/09/2004,MCN,GA,ASO,ES,Federal Contract Tower,0,1,2,0,3,1,3,20,6,30,1,4,22,6,33,8,2,10,43
05/10/2004,MCN,GA,ASO,ES,Federal Contract Tower,0,1,7,0,8,3,3,60,4,70,3,4,67,4,78,20,0,20,98
05/11/2004,MCN,GA,ASO,ES,Federal Contract Tower,0,0,4,0,4,4,6,84,5,99,4,6,88,5,103,52,2,54,157
05/12/2004,MCN,GA,ASO,ES,Federal Contract Tower,0,0,13,0,13,2,6,62,0,70,2,6,75,0,83,32,0,32,115
05/13/2004,MCN,GA,ASO,ES,Federal Contract Tower,0,0,11,0,11,2,6,60,0,68,2,6,71,0,79,24,0,24,103
05/14/2004,MCN,GA,ASO,ES,Federal Contract Tower,0,0,10,0,10,2,9,59,2,72,2,9,69,2,82,22,0,22,104
05/15/2004,MCN,GA,ASO,ES,Federal Contract Tower,0,0,8,0,8,1,5,28,0,34,1,5,36,0,42,24,0,24,66
05/16/2004,MCN,GA,ASO,ES,Federal Contract Tower,0,0,7,0,7,3,6,59,0,68,3,6,66,0,75,16,0,16,91
05/17/2004,MCN,GA,ASO,ES,Federal Contract Tower,0,0,5,0,5,6,5,52,2,65,6,5,57,2,70,30,0,30,100
05/18/2004,MCN,GA,ASO,ES,Federal Contract Tower,0,0,3,0,3,1,5,77,2,85,1,5,80,2,88,34,0,34,122
05/19/2004,MCN,GA,ASO,ES,Federal Contract Tower,0,0,8,0,8,2,6,67,0,75,2,6,75,0,83,47,0,47,130
05/20/2004,MCN,GA,ASO,ES,Federal Contract Tower,0,0,5,0,5,1,5,48,0,54,1,5,53,0,59,22,0,22,81
05/21/2004,MCN,GA,ASO,ES,Federal Contract Tower,0,0,11,3,14,5,5,51,13,74,5,5,62,16,88,16,16,32,120
05/22/2004,MCN,GA,ASO,ES,Federal Contract Tower,0,0,5,0,5,2,4,30,2,38,2,4,35,2,43,24,0,24,67
05/23/2004,MCN,GA,ASO,ES,Federal Contract Tower,0,0,5,0,5,3,6,33,1,43,3,6,38,1,48,26,0,26,74
05/24/2004,MCN,GA,ASO,ES,Federal Contract Tower,0,0,3,0,3,6,5,57,4,72,6,5,60,4,75,40,0,40,115
05/25/2004,MCN,GA,ASO,ES,Federal Contract Tower,0,0,3,0,3,1,9,73,0,83,1,9,76,0,86,26,0,26,112
05/26/2004,MCN,GA,ASO,ES,Federal Contract Tower,0,0,7,0,7,2,8,62,0,72,2,8,69,0,79,22,0,22,101
05/27/2004,MCN,GA,ASO,ES,Federal Contract Tower,0,0,8,3,11,1,5,50,7,63,1,5,58,10,74,40,6,46,120
05/28/2004,MCN,GA,ASO,ES,Federal Contract Tower,0,0,4,0,4,1,5,48,12,66,1,5,52,12,70,26,0,26,96
05/29/2004,MCN,GA,ASO,ES,Federal Contract Tower,0,0,1,0,1,2,4,40,2,48,2,4,41,2,49,36,0,36,85
05/30/2004,MCN,GA,ASO,ES,Federal Contract Tower,0,0,1,0,1,0,7,22,0,29,0,7,23,0,30,8,0,8,38
05/31/2004,MCN,GA,ASO,ES,Federal Contract Tower,0,0,7,0,7,2,3,22,2,29,2,3,29,2,36,8,2,10,46
06/01/2004,MCN,GA,ASO,ES,Federal Contract Tower,1,0,1,0,2,0,8,34,0,42,1,8,35,0,44,2,0,2,46
06/02/2004,MCN,GA,ASO,ES,Federal Contract Tower,1,0,7,3,11,1,7,74,7,89,2,7,81,10,100,34,2,36,136
06/03/2004,MCN,GA,ASO,ES,Federal Contract Tower,1,0,0,0,1,5,8,70,2,85,6,8,70,2,86,48,0,48,134
06/04/2004,MCN,GA,ASO,ES,Federal Contract Tower,1,0,8,0,9,0,9,45,2,56,1,9,53,2,65,32,0,32,97
06/05/2004,MCN,GA,ASO,ES,Federal Contract Tower,1,0,4,0,5,3,6,47,1,57,4,6,51,1,62,18,0,18,80
06/06/2004,MCN,GA,ASO,ES,Federal Contract Tower,1,0,1,0,2,1,5,33,0,39,2,5,34,0,41,8,0,8,49
06/07/2004,MCN,GA,ASO,ES,Federal Contract Tower,1,0,0,0,1,0,3,70,5,78,1,3,70,5,79,34,0,34,113
06/08/2004,MCN,GA,ASO,ES,Federal Contract Tower,0,3,10,2,15,1,3,28,6,38,1,6,38,8,53,32,0,32,85
06/09/2004,MCN,GA,ASO,ES,Federal Contract Tower,0,3,12,2,17,2,4,36,4,46,2,7,48,6,63,46,0,46,109
06/10/2004,MCN,GA,ASO,ES,Federal Contract Tower,0,3,9,0,12,2,7,60,0,69,2,10,69,0,81,50,0,50,131
06/11/2004,MCN,GA,ASO,ES,Federal Contract Tower,0,0,2,0,2,7,9,48,4,68,7,9,50,4,70,12,0,12,82
06/12/2004,MCN,GA,ASO,ES,Federal Contract Tower,0,0,8,3,11,0,4,26,4,34,0,4,34,7,45,14,2,16,61
06/13/2004,MCN,GA,ASO,ES,Federal Contract Tower,0,2,10,1,13,5,2,42,0,49,5,4,52,1,62,22,0,22,84
06/14/2004,MCN,GA,ASO,ES,Federal Contract Tower,0,2,11,2,15,3,18,25,0,46,3,20,36,2,61,4,10,14,75
06/15/2004,MCN,GA,ASO,ES,Federal Contract Tower,0,3,13,2,18,2,8,47,16,73,2,11,60,18,91,54,4,58,149
06/16/2004,MCN,GA,ASO,ES,Federal Contract Tower,0,2,16,3,21,0,5,25,5,35,0,7,41,8,56,10,4,14,70
06/17/2004,MCN,GA,ASO,ES,Federal Contract Tower,0,0,8,0,8,2,17,83,2,104,2,17,91,2,112,62,0,62,174
06/18/2004,MCN,GA,ASO,ES,Federal Contract Tower,0,0,4,0,4,1,8,43,6,58,1,8,47,6,62,6,0,6,68
06/19/2004,MCN,GA,ASO,ES,Federal Contract Tower,0,0,5,0,5,1,11,50,2,64,1,11,55,2,69,39,2,41,110
06/20/2004,MCN,GA,ASO,ES,Federal Contract Tower,0,0,0,0,0,1,6,34,0,41,1,6,34,0,41,6,0,6,47
06/21/2004,MCN,GA,ASO,ES,Federal Contract Tower,0,2,10,2,14,3,6,27,30,66,3,8,37,32,80,2,0,2,82
06/22/2004,MCN,GA,ASO,ES,Federal Contract Tower,0,2,12,2,16,1,2,43,13,59,1,4,55,15,75,12,4,16,91
06/23/2004,MCN,GA,ASO,ES,Federal Contract Tower,0,0,7,0,7,2,11,41,17,71,2,11,48,17,78,12,6,18,96
06/24/2004,MCN,GA,ASO,ES,Federal Contract Tower,0,0,6,0,6,1,6,42,28,77,1,6,48,28,83,10,6,16,99
06/25/2004,MCN,GA,ASO,ES,Federal Contract Tower,0,2,10,1,13,1,6,41,61,109,1,8,51,62,122,26,2,28,150
06/26/2004,MCN,GA,ASO,ES,Federal Contract Tower,0,0,9,0,9,0,6,57,4,67,0,6,66,4,76,44,0,44,120
06/27/2004,MCN,GA,ASO,ES,Federal Contract Tower,0,0,5,0,5,1,9,28,2,40,1,9,33,2,45,0,0,0,45
06/28/2004,MCN,GA,ASO,ES,Federal Contract Tower,0,0,7,0,7,2,5,43,17,67,2,5,50,17,74,22,8,30,104
06/29/2004,MCN,GA,ASO,ES,Federal Contract Tower,0,0,7,0,7,1,10,70,24,105,1,10,77,24,112,30,6,36,148
06/30/2004,MCN,GA,ASO,ES,Federal Contract Tower,0,0,7,3,10,0,8,65,31,104,0,8,72,34,114,38,4,42,156
07/01/2004,MCN,GA,ASO,ES,Federal Contract Tower,1,1,11,2,15,0,3,40,16,59,1,4,51,18,74,20,6,26,100
07/02/2004,MCN,GA,ASO,ES,Federal Contract Tower,1,0,6,2,9,0,7,42,0,49,1,7,48,2,58,54,0,54,112
07/03/2004,MCN,GA,ASO,ES,Federal Contract Tower,1,0,0,0,1,0,1,24,2,27,1,1,24,2,28,2,0,2,30
07/04/2004,MCN,GA,ASO,ES,Federal Contract Tower,1,0,1,0,2,0,11,25,0,36,1,11,26,0,38,2,0,2,40
07/05/2004,MCN,GA,ASO,ES,Federal Contract Tower,1,0,8,0,9,0,6,69,1,76,1,6,77,1,85,82,0,82,167
07/06/2004,MCN,GA,ASO,ES,Federal Contract Tower,1,0,4,0,5,6,0,58,20,84,7,0,62,20,89,32,2,34,123
07/07/2004,MCN,GA,ASO,ES,Federal Contract Tower,0,0,0,0,0,2,10,56,6,74,2,10,56,6,74,26,0,26,100
07/08/2004,MCN,GA,ASO,ES,Federal Contract Tower,1,0,1,0,2,0,9,54,40,103,1,9,55,40,105,36,2,38,143
07/09/2004,MCN,GA,ASO,ES,Federal Contract Tower,0,1,6,0,7,3,5,61,17,86,3,6,67,17,93,36,6,42,135
07/10/2004,MCN,GA,ASO,ES,Federal Contract Tower,0,1,6,4,11,1,4,57,10,72,1,5,63,14,83,24,8,32,115
07/11/2004,MCN,GA,ASO,ES,Federal Contract Tower,0,1,1,0,2,3,3,31,4,41,3,4,32,4,43,8,2,10,53
07/12/2004,MCN,GA,ASO,ES,Federal Contract Tower,0,1,5,0,6,8,5,30,6,49,8,6,35,6,55,12,2,14,69
07/13/2004,MCN,GA,ASO,ES,Federal Contract Tower,0,1,5,4,10,6,4,92,6,108,6,5,97,10,118,30,0,30,148
07/14/2004,MCN,GA,ASO,ES,Federal Contract Tower,0,0,5,0,5,5,4,53,12,74,5,4,58,12,79,20,4,24,103
07/15/2004,MCN,GA,ASO,ES,Federal Contract Tower,0,0,4,0,4,5,6,57,16,84,5,6,61,16,88,8,4,12,100
07/16/2004,MCN,GA,ASO,ES,Federal Contract Tower,0,0,7,0,7,1,9,67,12,89,1,9,74,12,96,6,0,6,102
07/17/2004,MCN,GA,ASO,ES,Federal Contract Tower,0,0,5,0,5,0,11,31,1,43,0,11,36,1,48,20,0,20,68
07/18/2004,MCN,GA,ASO,ES,Federal Contract Tower,0,0,8,0,8,1,5,43,4,53,1,5,51,4,61,6,0,6,67
07/19/2004,MCN,GA,ASO,ES,Federal Contract Tower,0,0,7,0,7,1,9,51,37,98,1,9,58,37,105,32,16,48,153
07/20/2004,MCN,GA,ASO,ES,Federal Contract Tower,0,0,1,0,1,1,6,68,8,83,1,6,69,8,84,36,0,36,120
07/21/2004,MCN,GA,ASO,ES,Federal Contract Tower,0,3,13,3,19,6,3,111,1,121,6,6,124,4,140,98,2,100,240
07/22/2004,MCN,GA,ASO,ES,Federal Contract Tower,0,3,13,2,18,5,5,62,2,74,5,8,75,4,92,66,0,66,158
07/23/2004,MCN,GA,ASO,ES,Federal Contract Tower,0,0,5,0,5,2,6,42,21,71,2,6,47,21,76,22,2,24,100
07/24/2004,MCN,GA,ASO,ES,Federal Contract Tower,0,0,6,0,6,5,0,31,3,39,5,0,37,3,45,10,0,10,55
07/25/2004,MCN,GA,ASO,ES,Federal Contract Tower,0,0,8,0,8,1,10,21,6,38,1,10,29,6,46,18,0,18,64
07/26/2004,MCN,GA,ASO,ES,Federal Contract Tower,0,3,8,1,12,1,4,80,9,94,1,7,88,10,106,57,4,61,167
07/27/2004,MCN,GA,ASO,ES,Federal Contract Tower,0,2,14,2,18,3,7,67,8,85,3,9,81,10,103,46,0,46,149
07/28/2004,MCN,GA,ASO,ES,Federal Contract Tower,0,2,13,2,17,3,4,50,8,65,3,6,63,10,82,14,4,18,100
07/29/2004,MCN,GA,ASO,ES,Federal Contract Tower,0,2,10,2,14,2,5,55,24,86,2,7,65,26,100,16,0,16,116
07/30/2004,MCN,GA,ASO,ES,Federal Contract Tower,0,0,5,0,5,3,7,35,56,101,3,7,40,56,106,8,0,8,114
07/31/2004,MCN,GA,ASO,ES,Federal Contract Tower,0,0,7,0,7,2,2,35,1,40,2,2,42,1,47,14,0,14,61
08/01/2004,MCN,GA,ASO,ES,Federal Contract Tower,1,0,0,0,1,0,8,30,0,38,1,8,30,0,39,8,0,8,47
08/02/2004,MCN,GA,ASO,ES,Federal Contract Tower,1,0,5,0,6,1,5,67,17,90,2,5,72,17,96,34,0,34,130
08/03/2004,MCN,GA,ASO,ES,Federal Contract Tower,1,0,11,0,12,3,5,64,12,84,4,5,75,12,96,22,0,22,118
08/04/2004,MCN,GA,ASO,ES,Federal Contract Tower,1,0,10,0,11,5,6,59,12,82,6,6,69,12,93,28,0,28,121
08/05/2004,MCN,GA,ASO,ES,Federal Contract Tower,1,0,11,0,12,3,8,49,10,70,4,8,60,10,82,8,2,10,92
08/06/2004,MCN,GA,ASO,ES,Federal Contract Tower,1,0,4,0,5,0,6,62,20,88,1,6,66,20,93,14,10,24,117
08/07/2004,MCN,GA,ASO,ES,Federal Contract Tower,0,0,5,1,6,1,4,52,2,59,1,4,57,3,65,49,0,49,114
08/08/2004,MCN,GA,ASO,ES,Federal Contract Tower,0,0,6,1,7,2,5,55,2,64,2,5,61,3,71,18,0,18,89
08/09/2004,MCN,GA,ASO,ES,Federal Contract Tower,0,0,5,1,6,2,6,67,50,125,2,6,72,51,131,42,2,44,175
08/10/2004,MCN,GA,ASO,ES,Federal Contract Tower,0,4,12,1,17,1,2,27,26,56,1,6,39,27,73,6,0,6,79
08/11/2004,MCN,GA,ASO,ES,Federal Contract Tower,0,0,7,1,8,2,10,42,18,72,2,10,49,19,80,52,0,52,132
08/12/2004,MCN,GA,ASO,ES,Federal Contract Tower,0,0,11,0,11,1,7,21,0,29,1,7,32,0,40,14,0,14,54
08/13/2004,MCN,GA,ASO,ES,Federal Contract Tower,0,0,6,1,7,1,6,73,11,91,1,6,79,12,98,22,0,22,120
08/14/2004,MCN,GA,ASO,ES,Federal Contract Tower,0,0,5,1,6,0,1,70,3,74,0,1,75,4,80,45,6,51,131
08/15/2004,MCN,GA,ASO,ES,Federal Contract Tower,0,0,14,0,14,1,4,31,0,36,1,4,45,0,50,14,0,14,64
08/16/2004,MCN,GA,ASO,ES,Federal Contract Tower,0,3,13,1,17,1,5,49,28,83,1,8,62,29,100,21,0,21,121
08/17/2004,MCN,GA,ASO,ES,Federal Contract Tower,0,3,15,1,19,6,4,44,17,71,6,7,59,18,90,32,0,32,122
08/18/2004,MCN,GA,ASO,ES,Federal Contract Tower,0,0,6,0,6,9,13,60,10,92,9,13,66,10,98,30,0,30,128
08/19/2004,MCN,GA,ASO,ES,Federal Contract Tower,0,0,11,0,11,1,7,75,2,85,1,7,86,2,96,40,0,40,136
08/20/2004,MCN,GA,ASO,ES,Federal Contract Tower,0,0,8,0,8,2,5,39,72,118,2,5,47,72,126,10,0,10,136
08/21/2004,MCN,GA,ASO,ES,Federal Contract Tower,0,0,7,0,7,0,7,22,23,52,0,7,29,23,59,16,0,16,75
08/22/2004,MCN,GA,ASO,ES,Federal Contract Tower,0,3,15,0,18,1,3,39,11,54,1,6,54,11,72,10,0,10,82
08/23/2004,MCN,GA,ASO,ES,Federal Contract Tower,0,3,15,0,18,1,3,32,6,42,1,6,47,6,60,8,0,8,68
08/24/2004,MCN,GA,ASO,ES,Federal Contract Tower,0,0,5,0,5,1,10,44,11,66,1,10,49,11,71,6,2,8,79
08/25/2004,MCN,GA,ASO,ES,Federal Contract Tower,0,0,7,0,7,0,11,33,38,82,0,11,40,38,89,6,0,6,95
08/26/2004,MCN,GA,ASO,ES,Federal Contract Tower,0,0,10,0,10,1,5,59,36,101,1,5,69,36,111,46,0,46,157
08/27/2004,MCN,GA,ASO,ES,Federal Contract Tower,0,0,0,0,0,0,11,63,14,88,0,11,63,14,88,30,0,30,118
08/28/2004,MCN,GA,ASO,ES,Federal Contract Tower,0,0,5,0,5,3,1,34,4,42,3,1,39,4,47,14,0,14,61
08/29/2004,MCN,GA,ASO,ES,Federal Contract Tower,0,0,7,0,7,1,4,38,1,44,1,4,45,1,51,22,0,22,73
08/30/2004,MCN,GA,ASO,ES,Federal Contract Tower,0,0,9,0,9,1,5,44,11,61,1,5,53,11,70,10,0,10,80
08/31/2004,MCN,GA,ASO,ES,Federal Contract Tower,0,3,20,0,23,2,2,64,20,88,2,5,84,20,111,20,0,20,131
09/01/2004,MCN,GA,ASO,ES,Federal Contract Tower,1,1,11,0,13,0,5,49,24,78,1,6,60,24,91,18,4,22,113
09/02/2004,MCN,GA,ASO,ES,Federal Contract Tower,1,2,11,0,14,5,4,70,22,101,6,6,81,22,115,14,4,18,133
09/03/2004,MCN,GA,ASO,ES,Federal Contract Tower,1,0,4,0,5,8,13,54,19,94,9,13,58,19,99,44,0,44,143
09/04/2004,MCN,GA,ASO,ES,Federal Contract Tower,1,0,0,0,1,1,4,16,5,26,2,4,16,5,27,2,0,2,29
09/05/2004,MCN,GA,ASO,ES,Federal Contract Tower,1,0,4,0,5,1,5,26,4,36,2,5,30,4,41,8,0,8,49
09/06/2004,MCN,GA,ASO,ES,Federal Contract Tower,1,3,11,0,15,1,2,11,0,14,2,5,22,0,29,2,0,2,31
09/07/2004,MCN,GA,ASO,ES,Federal Contract Tower,1,2,5,0,8,1,6,5,4,16,2,8,10,4,24,4,0,4,28
09/08/2004,MCN,GA,ASO,ES,Federal Contract Tower,0,4,14,1,19,4,1,15,31,51,4,5,29,32,70,4,0,4,74
09/09/2004,MCN,GA,ASO,ES,Federal Contract Tower,0,2,5,1,8,4,3,60,31,98,4,5,65,32,106,12,4,16,122
09/10/2004,MCN,GA,ASO,ES,Federal Contract Tower,0,1,9,1,11,1,16,53,14,84,1,17,62,15,95,34,0,34,129
09/11/2004,MCN,GA,ASO,ES,Federal Contract Tower,0,0,10,1,11,1,0,75,1,77,1,0,85,2,88,62,0,62,150
09/12/2004,MCN,GA,ASO,ES,Federal Contract Tower,0,2,11,1,14,1,4,38,2,45,1,6,49,3,59,12,0,12,71
09/13/2004,MCN,GA,ASO,ES,Federal Contract Tower,0,3,13,1,17,1,8,31,67,107,1,11,44,68,124,16,2,18,142
09/14/2004,MCN,GA,ASO,ES,Federal Contract Tower,0,2,13,1,16,2,11,37,23,73,2,13,50,24,89,20,0,20,109
09/15/2004,MCN,GA,ASO,ES,Federal Contract Tower,0,3,19,1,23,6,5,14,39,64,6,8,33,40,87,16,2,18,105
09/16/2004,MCN,GA,ASO,ES,Federal Contract Tower,0,0,6,0,6,3,4,7,2,16,3,4,13,2,22,2,0,2,24
09/17/2004,MCN,GA,ASO,ES,Federal Contract Tower,0,0,3,0,3,2,12,24,10,48,2,12,27,10,51,16,0,16,67
09/18/2004,MCN,GA,ASO,ES,Federal Contract Tower,0,0,3,0,3,4,0,35,5,44,4,0,38,5,47,10,0,10,57
09/19/2004,MCN,GA,ASO,ES,Federal Contract Tower,0,0,0,0,0,1,8,41,0,50,1,8,41,0,50,20,0,20,70
09/20/2004,MCN,GA,ASO,ES,Federal Contract Tower,0,0,1,0,1,2,9,65,0,76,2,9,66,0,77,18,0,18,95
09/21/2004,MCN,GA,ASO,ES,Federal Contract Tower,0,1,10,0,11,1,6,77,12,96,1,7,87,12,107,54,0,54,161
09/22/2004,MCN,GA,ASO,ES,Federal Contract Tower,0,1,8,0,9,3,10,75,4,92,3,11,83,4,101,42,0,42,143
09/23/2004,MCN,GA,ASO,ES,Federal Contract Tower,0,0,6,0,6,3,12,79,2,96,3,12,85,2,102,18,0,18,120
09/24/2004,MCN,GA,ASO,ES,Federal Contract Tower,0,2,13,0,15,1,16,57,10,84,1,18,70,10,99,36,0,36,135
09/25/2004,MCN,GA,ASO,ES,Federal Contract Tower,0,0,5,0,5,1,1,53,4,59,1,1,58,4,64,12,0,12,76
09/26/2004,MCN,GA,ASO,ES,Federal Contract Tower,0,1,7,0,8,1,5,36,12,54,1,6,43,12,62,12,0,12,74
09/27/2004,MCN,GA,ASO,ES,Federal Contract Tower,0,0,0,0,0,1,2,0,0,3,1,2,0,0,3,0,0,0,3
09/28/2004,MCN,GA,ASO,ES,Federal Contract Tower,0,0,7,0,7,6,13,61,14,94,6,13,68,14,101,18,0,18,119
09/29/2004,MCN,GA,ASO,ES,Federal Contract Tower,0,2,12,0,14,6,5,56,12,79,6,7,68,12,93,18,0,18,111
09/30/2004,MCN,GA,ASO,ES,Federal Contract Tower,0,2,11,0,13,1,3,57,6,67,1,5,68,6,80,12,0,12,92
10/01/2004,MCN,GA,ASO,ES,Federal Contract Tower,0,2,26,0,28,1,3,58,2,64,1,5,84,2,92,30,0,30,122
10/02/2004,MCN,GA,ASO,ES,Federal Contract Tower,0,0,10,0,10,2,0,36,0,38,2,0,46,0,48,12,0,12,60
10/03/2004,MCN,GA,ASO,ES,Federal Contract Tower,0,1,9,0,10,2,3,34,2,41,2,4,43,2,51,10,0,10,61
10/04/2004,MCN,GA,ASO,ES,Federal Contract Tower,0,0,8,0,8,1,10,96,8,115,1,10,104,8,123,46,2,48,171
10/05/2004,MCN,GA,ASO,ES,Federal Contract Tower,0,0,3,1,4,1,11,69,7,88,1,11,72,8,92,8,0,8,100
10/06/2004,MCN,GA,ASO,ES,Federal Contract Tower,0,2,10,3,15,1,11,70,47,129,1,13,80,50,144,8,6,14,158
10/07/2004,MCN,GA,ASO,ES,Federal Contract Tower,1,3,16,1,21,3,9,48,8,68,4,12,64,9,89,16,0,16,105
10/08/2004,MCN,GA,ASO,ES,Federal Contract Tower,0,0,5,0,5,0,3,75,6,84,0,3,80,6,89,14,0,14,103
10/09/2004,MCN,GA,ASO,ES,Federal Contract Tower,1,0,10,0,11,0,1,26,4,31,1,1,36,4,42,8,0,8,50
10/10/2004,MCN,GA,ASO,ES,Federal Contract Tower,0,2,7,0,9,2,7,18,0,27,2,9,25,0,36,4,0,4,40
10/11/2004,MCN,GA,ASO,ES,Federal Contract Tower,0,0,8,0,8,1,6,45,4,56,1,6,53,4,64,8,0,8,72
10/12/2004,MCN,GA,ASO,ES,Federal Contract Tower,0,1,22,3,26,5,5,56,33,99,5,6,78,36,125,18,4,22,147
10/13/2004,MCN,GA,ASO,ES,Federal Contract Tower,0,1,15,0,16,4,5,60,0,69,4,6,75,0,85,34,0,34,119
10/14/2004,MCN,GA,ASO,ES,Federal Contract Tower,0,1,2,0,3,4,14,60,9,87,4,15,62,9,90,2,0,2,92
10/15/2004,MCN,GA,ASO,ES,Federal Contract Tower,0,0,3,0,3,0,8,57,6,71,0,8,60,6,74,10,0,10,84
10/16/2004,MCN,GA,ASO,ES,Federal Contract Tower,0,0,6,0,6,2,2,36,2,42,2,2,42,2,48,18,0,18,66
10/17/2004,MCN,GA,ASO,ES,Federal Contract Tower,0,0,7,0,7,1,7,53,12,73,1,7,60,12,80,36,0,36,116
10/18/2004,MCN,GA,ASO,ES,Federal Contract Tower,0,1,5,0,6,2,4,37,66,109,2,5,42,66,115,2,0,2,117
10/19/2004,MCN,GA,ASO,ES,Federal Contract Tower,0,5,14,0,19,0,4,20,12,36,0,9,34,12,55,4,0,4,59
10/20/2004,MCN,GA,ASO,ES,Federal Contract Tower,0,5,28,0,33,0,5,27,2,34,0,10,55,2,67,0,0,0,67
10/21/2004,MCN,GA,ASO,ES,Federal Contract Tower,1,2,12,0,15,0,5,23,20,48,1,7,35,20,63,8,2,10,73
10/22/2004,MCN,GA,ASO,ES,Federal Contract Tower,0,1,10,2,13,1,6,39,8,54,1,7,49,10,67,10,0,10,77
10/23/2004,MCN,GA,ASO,ES,Federal Contract Tower,0,1,5,0,6,0,11,39,8,58,0,12,44,8,64,12,0,12,76
10/24/2004,MCN,GA,ASO,ES,Federal Contract Tower,0,3,8,1,12,0,4,19,5,28,0,7,27,6,40,2,0,2,42
10/25/2004,MCN,GA,ASO,ES,Federal Contract Tower,0,0,13,1,14,2,6,48,21,77,2,6,61,22,91,44,4,48,139
10/26/2004,MCN,GA,ASO,ES,Federal Contract Tower,0,0,11,0,11,1,4,50,25,80,1,4,61,25,91,50,0,50,141
10/27/2004,MCN,GA,ASO,ES,Federal Contract Tower,0,0,20,0,20,1,8,67,8,84,1,8,87,8,104,6,0,6,110
10/28/2004,MCN,GA,ASO,ES,Federal Contract Tower,0,0,12,1,13,0,2,45,6,53,0,2,57,7,66,14,10,24,90
10/29/2004,MCN,GA,ASO,ES,Federal Contract Tower,1,2,16,1,20,3,1,30,1,35,4,3,46,2,55,2,0,2,57
10/30/2004,MCN,GA,ASO,ES,Federal Contract Tower,0,0,8,0,8,2,1,35,2,40,2,1,43,2,48,10,0,10,58
10/31/2004,MCN,GA,ASO,ES,Federal Contract Tower,0,2,8,0,10,1,4,44,2,51,1,6,52,2,61,18,0,18,79
11/01/2004,MCN,GA,ASO,ES,Federal Contract Tower,2,2,18,0,22,2,11,59,32,104,4,13,77,32,126,20,0,20,146
11/02/2004,MCN,GA,ASO,ES,Federal Contract Tower,0,0,13,1,14,1,4,46,37,88,1,4,59,38,102,6,4,10,112
11/03/2004,MCN,GA,ASO,ES,Federal Contract Tower,0,1,5,0,6,4,8,48,62,122,4,9,53,62,128,36,8,44,172
11/04/2004,MCN,GA,ASO,ES,Federal Contract Tower,0,1,8,0,9,1,7,27,16,51,1,8,35,16,60,46,0,46,106
11/05/2004,MCN,GA,ASO,ES,Federal Contract Tower,0,0,3,0,3,3,8,67,8,86,3,8,70,8,89,32,0,32,121
11/06/2004,MCN,GA,ASO,ES,Federal Contract Tower,0,0,4,0,4,0,7,54,53,114,0,7,58,53,118,10,0,10,128
11/07/2004,MCN,GA,ASO,ES,Federal Contract Tower,0,0,8,0,8,4,3,50,11,68,4,3,58,11,76,22,0,22,98
11/08/2004,MCN,GA,ASO,ES,Federal Contract Tower,0,0,8,1,9,4,12,69,18,103,4,12,77,19,112,28,2,30,142
11/09/2004,MCN,GA,ASO,ES,Federal Contract Tower,0,0,5,0,5,1,5,67,85,158,1,5,72,85,163,24,4,28,191
11/10/2004,MCN,GA,ASO,ES,Federal Contract Tower,0,0,3,0,3,1,5,74,63,143,1,5,77,63,146,24,0,24,170
11/11/2004,MCN,GA,ASO,ES,Federal Contract Tower,0,0,15,0,15,1,10,37,2,50,1,10,52,2,65,26,0,26,91
11/12/2004,MCN,GA,ASO,ES,Federal Contract Tower,0,1,6,0,7,1,11,26,4,42,1,12,32,4,49,4,0,4,53
11/13/2004,MCN,GA,ASO,ES,Federal Contract Tower,1,1,12,0,14,1,8,23,6,38,2,9,35,6,52,12,0,12,64
11/14/2004,MCN,GA,ASO,ES,Federal Contract Tower,0,0,5,3,8,1,3,42,7,53,1,3,47,10,61,20,6,26,87
11/15/2004,MCN,GA,ASO,ES,Federal Contract Tower,0,0,5,0,5,3,2,53,4,62,3,2,58,4,67,14,0,14,81
11/16/2004,MCN,GA,ASO,ES,Federal Contract Tower,0,0,0,0,0,3,11,51,2,67,3,11,51,2,67,18,0,18,85
11/17/2004,MCN,GA,ASO,ES,Federal Contract Tower,0,0,5,0,5,1,6,50,6,63,1,6,55,6,68,12,0,12,80
11/18/2004,MCN,GA,ASO,ES,Federal Contract Tower,0,0,3,0,3,4,12,39,8,63,4,12,42,8,66,46,0,46,112
11/19/2004,MCN,GA,ASO,ES,Federal Contract Tower,0,2,9,3,14,1,5,31,54,91,1,7,40,57,105,6,4,10,115
11/20/2004,MCN,GA,ASO,ES,Federal Contract Tower,0,1,5,0,6,3,5,29,5,42,3,6,34,5,48,12,0,12,60
11/21/2004,MCN,GA,ASO,ES,Federal Contract Tower,1,4,10,1,16,1,2,16,2,21,2,6,26,3,37,8,8,16,53
11/22/2004,MCN,GA,ASO,ES,Federal Contract Tower,0,0,4,0,4,1,10,28,17,56,1,10,32,17,60,2,0,2,62
11/23/2004,MCN,GA,ASO,ES,Federal Contract Tower,0,1,5,0,6,1,12,19,50,82,1,13,24,50,88,2,0,2,90
11/24/2004,MCN,GA,ASO,ES,Federal Contract Tower,0,0,12,1,13,2,1,18,1,22,2,1,30,2,35,4,0,4,39
11/25/2004,MCN,GA,ASO,ES,Federal Contract Tower,0,0,1,0,1,1,4,19,0,24,1,4,20,0,25,0,0,0,25
11/26/2004,MCN,GA,ASO,ES,Federal Contract Tower,0,0,2,0,2,1,5,54,0,60,1,5,56,0,62,16,0,16,78
11/27/2004,MCN,GA,ASO,ES,Federal Contract Tower,0,3,5,0,8,1,4,15,0,20,1,7,20,0,28,6,0,6,34
11/28/2004,MCN,GA,ASO,ES,Federal Contract Tower,1,0,2,0,3,4,7,44,0,55,5,7,46,0,58,2,0,2,60
11/29/2004,MCN,GA,ASO,ES,Federal Contract Tower,0,0,2,0,2,3,8,51,30,92,3,8,53,30,94,6,0,6,100
11/30/2004,MCN,GA,ASO,ES,Federal Contract Tower,0,1,11,2,14,2,4,32,55,93,2,5,43,57,107,12,2,14,121
12/01/2004,MCN,GA,ASO,ES,Federal Contract Tower,0,0,3,0,3,2,6,49,12,69,2,6,52,12,72,6,0,6,78
12/02/2004,MCN,GA,ASO,ES,Federal Contract Tower,0,0,10,1,11,2,9,73,11,95,2,9,83,12,106,26,6,32,138
12/03/2004,MCN,GA,ASO,ES,Federal Contract Tower,0,0,13,2,15,1,16,57,13,87,1,16,70,15,102,42,4,46,148
12/04/2004,MCN,GA,ASO,ES,Federal Contract Tower,0,0,8,0,8,1,4,41,0,46,1,4,49,0,54,16,0,16,70
12/05/2004,MCN,GA,ASO,ES,Federal Contract Tower,1,0,1,0,2,2,5,29,8,44,3,5,30,8,46,10,0,10,56
12/06/2004,MCN,GA,ASO,ES,Federal Contract Tower,0,1,14,0,15,1,7,36,34,78,1,8,50,34,93,34,0,34,127
12/07/2004,MCN,GA,ASO,ES,Federal Contract Tower,0,3,8,0,11,1,6,30,36,73,1,9,38,36,84,4,0,4,88
12/08/2004,MCN,GA,ASO,ES,Federal Contract Tower,0,0,9,2,11,1,10,67,9,87,1,10,76,11,98,22,2,24,122
12/09/2004,MCN,GA,ASO,ES,Federal Contract Tower,0,1,5,0,6,1,1,34,11,47,1,2,39,11,53,0,0,0,53
12/10/2004,MCN,GA,ASO,ES,Federal Contract Tower,0,0,6,0,6,3,6,42,16,67,3,6,48,16,73,14,0,14,87
12/11/2004,MCN,GA,ASO,ES,Federal Contract Tower,0,0,6,0,6,4,11,19,2,36,4,11,25,2,42,14,0,14,56
12/12/2004,MCN,GA,ASO,ES,Federal Contract Tower,0,0,5,0,5,2,5,45,0,52,2,5,50,0,57,24,0,24,81
12/13/2004,MCN,GA,ASO,ES,Federal Contract Tower,0,0,4,3,7,1,6,56,9,72,1,6,60,12,79,10,10,20,99
12/14/2004,MCN,GA,ASO,ES,Federal Contract Tower,0,0,3,0,3,1,5,45,4,55,1,5,48,4,58,6,0,6,64
12/15/2004,MCN,GA,ASO,ES,Federal Contract Tower,0,0,9,0,9,3,7,92,14,116,3,7,101,14,125,56,0,56,181
12/16/2004,MCN,GA,ASO,ES,Federal Contract Tower,0,0,3,0,3,3,7,59,12,81,3,7,62,12,84,38,2,40,124
12/17/2004,MCN,GA,ASO,ES,Federal Contract Tower,0,0,7,0,7,3,11,46,12,72,3,11,53,12,79,36,0,36,115
12/18/2004,MCN,GA,ASO,ES,Federal Contract Tower,1,0,5,1,7,4,11,47,4,66,5,11,52,5,73,12,0,12,85
12/19/2004,MCN,GA,ASO,ES,Federal Contract Tower,0,0,0,0,0,3,14,21,2,40,3,14,21,2,40,18,0,18,58
12/20/2004,MCN,GA,ASO,ES,Federal Contract Tower,0,0,0,0,0,2,3,44,2,51,2,3,44,2,51,57,0,57,108
12/21/2004,MCN,GA,ASO,ES,Federal Contract Tower,0,0,2,2,4,1,5,58,7,71,1,5,60,9,75,10,0,10,85
12/22/2004,MCN,GA,ASO,ES,Federal Contract Tower,0,1,4,0,5,1,7,43,30,81,1,8,47,30,86,10,0,10,96
12/23/2004,MCN,GA,ASO,ES,Federal Contract Tower,0,1,4,0,5,1,5,20,8,34,1,6,24,8,39,0,0,0,39
12/24/2004,MCN,GA,ASO,ES,Federal Contract Tower,0,0,0,0,0,1,4,18,3,26,1,4,18,3,26,8,0,8,34
12/25/2004,MCN,GA,ASO,ES,Federal Contract Tower,0,0,0,0,0,1,4,12,0,17,1,4,12,0,17,0,0,0,17
12/26/2004,MCN,GA,ASO,ES,Federal Contract Tower,0,0,3,0,3,1,5,43,0,49,1,5,46,0,52,0,0,0,52
12/27/2004,MCN,GA,ASO,ES,Federal Contract Tower,0,0,0,0,0,1,5,39,2,47,1,5,39,2,47,24,0,24,71
12/28/2004,MCN,GA,ASO,ES,Federal Contract Tower,0,0,4,0,4,2,7,35,32,76,2,7,39,32,80,18,0,18,98
12/29/2004,MCN,GA,ASO,ES,Federal Contract Tower,0,1,5,0,6,2,3,46,6,57,2,4,51,6,63,10,0,10,73
12/30/2004,MCN,GA,ASO,ES,Federal Contract Tower,0,0,8,0,8,2,7,62,0,71,2,7,70,0,79,12,0,12,91
12/31/2004,MCN,GA,ASO,ES,Federal Contract Tower,0,0,9,0,9,4,9,51,0,64,4,9,60,0,73,20,0,20,93
01/01/2005,MCN,GA,ASO,ES,Federal Contract Tower,0,0,2,0,2,1,5,21,0,27,1,5,23,0,29,2,0,2,31
01/02/2005,MCN,GA,ASO,ES,Federal Contract Tower,0,0,2,0,2,2,5,50,0,57,2,5,52,0,59,8,0,8,67
01/03/2005,MCN,GA,ASO,ES,Federal Contract Tower,0,0,0,0,0,1,11,26,18,56,1,11,26,18,56,4,0,4,60
01/04/2005,MCN,GA,ASO,ES,Federal Contract Tower,0,0,1,0,1,1,7,26,10,44,1,7,27,10,45,18,0,18,63
01/05/2005,MCN,GA,ASO,ES,Federal Contract Tower,0,2,4,0,6,5,11,42,28,86,5,13,46,28,92,40,0,40,132
01/06/2005,MCN,GA,ASO,ES,Federal Contract Tower,1,1,9,0,11,2,4,31,59,96,3,5,40,59,107,0,0,0,107
01/07/2005,MCN,GA,ASO,ES,Federal Contract Tower,1,3,15,0,19,2,5,27,4,38,3,8,42,4,57,20,0,20,77
01/08/2005,MCN,GA,ASO,ES,Federal Contract Tower,0,1,16,0,17,1,3,19,6,29,1,4,35,6,46,16,0,16,62
01/09/2005,MCN,GA,ASO,ES,Federal Contract Tower,0,0,5,1,6,1,6,42,3,52,1,6,47,4,58,12,0,12,70
01/10/2005,MCN,GA,ASO,ES,Federal Contract Tower,0,2,7,0,9,1,10,49,8,68,1,12,56,8,77,12,0,12,89
01/11/2005,MCN,GA,ASO,ES,Federal Contract Tower,0,2,17,0,19,1,6,51,32,90,1,8,68,32,109,14,4,18,127
01/12/2005,MCN,GA,ASO,ES,Federal Contract Tower,0,1,14,0,15,1,5,58,31,95,1,6,72,31,110,32,0,32,142
01/13/2005,MCN,GA,ASO,ES,Federal Contract Tower,0,1,13,0,14,1,3,24,52,80,1,4,37,52,94,6,0,6,100
01/14/2005,MCN,GA,ASO,ES,Federal Contract Tower,0,0,10,0,10,1,11,57,3,72,1,11,67,3,82,26,0,26,108
01/15/2005,MCN,GA,ASO,ES,Federal Contract Tower,0,0,3,0,3,1,8,29,0,38,1,8,32,0,41,24,0,24,65
01/16/2005,MCN,GA,ASO,ES,Federal Contract Tower,0,0,1,0,1,3,13,36,0,52,3,13,37,0,53,4,0,4,57
01/17/2005,MCN,GA,ASO,ES,Federal Contract Tower,0,0,7,0,7,1,9,47,0,57,1,9,54,0,64,9,0,9,73
01/18/2005,MCN,GA,ASO,ES,Federal Contract Tower,0,0,7,1,8,1,7,50,15,73,1,7,57,16,81,12,2,14,95
01/19/2005,MCN,GA,ASO,ES,Federal Contract Tower,0,0,1,0,1,2,7,46,10,65,2,7,47,10,66,2,0,2,68
01/20/2005,MCN,GA,ASO,ES,Federal Contract Tower,0,0,4,0,4,1,11,72,4,88,1,11,76,4,92,14,0,14,106
01/21/2005,MCN,GA,ASO,ES,Federal Contract Tower,0,0,7,0,7,1,15,46,8,70,1,15,53,8,77,8,0,8,85
01/22/2005,MCN,GA,ASO,ES,Federal Contract Tower,0,0,3,0,3,0,3,10,6,19,0,3,13,6,22,2,0,2,24
01/23/2005,MCN,GA,ASO,ES,Federal Contract Tower,0,0,0,1,1,1,3,13,11,28,1,3,13,12,29,0,0,0,29
01/24/2005,MCN,GA,ASO,ES,Federal Contract Tower,0,0,6,1,7,2,7,43,39,91,2,7,49,40,98,20,2,22,120
01/25/2005,MCN,GA,ASO,ES,Federal Contract Tower,0,0,6,0,6,2,11,52,7,72,2,11,58,7,78,22,0,22,100
01/26/2005,MCN,GA,ASO,ES,Federal Contract Tower,0,0,11,0,11,2,8,49,10,69,2,8,60,10,80,26,2,28,108
01/27/2005,MCN,GA,ASO,ES,Federal Contract Tower,0,0,3,4,7,1,9,68,4,82,1,9,71,8,89,8,8,16,105
01/28/2005,MCN,GA,ASO,ES,Federal Contract Tower,0,0,2,1,3,0,5,25,5,35,0,5,27,6,38,8,0,8,46
01/29/2005,MCN,GA,ASO,ES,Federal Contract Tower,1,0,1,0,2,0,1,1,0,2,1,1,2,0,4,0,0,0,4
01/30/2005,MCN,GA,ASO,ES,Federal Contract Tower,0,0,6,1,7,0,6,26,1,33,0,6,32,2,40,24,0,24,64
01/31/2005,MCN,GA,ASO,ES,Federal Contract Tower,0,0,8,1,9,2,10,31,3,46,2,10,39,4,55,12,0,12,67
02/01/2005,MCN,GA,ASO,ES,Federal Contract Tower,1,0,6,0,7,2,4,49,50,105,3,4,55,50,112,28,0,28,140
02/02/2005,MCN,GA,ASO,ES,Federal Contract Tower,0,3,13,0,16,0,3,21,24,48,0,6,34,24,64,0,0,0,64
02/03/2005,MCN,GA,ASO,ES,Federal Contract Tower,1,1,14,0,16,2,3,12,2,19,3,4,26,2,35,4,0,4,39
02/04/2005,MCN,GA,ASO,ES,Federal Contract Tower,0,1,9,2,12,3,2,72,11,88,3,3,81,13,100,12,4,16,116
02/05/2005,MCN,GA,ASO,ES,Federal Contract Tower,0,0,9,0,9,3,5,54,2,64,3,5,63,2,73,36,0,36,109
02/06/2005,MCN,GA,ASO,ES,Federal Contract Tower,1,0,7,0,8,2,2,32,2,38,3,2,39,2,46,26,0,26,72
02/07/2005,MCN,GA,ASO,ES,Federal Contract Tower,0,0,4,0,4,1,3,50,40,94,1,3,54,40,98,8,0,8,106
02/08/2005,MCN,GA,ASO,ES,Federal Contract Tower,0,0,5,1,6,3,1,51,39,94,3,1,56,40,100,12,2,14,114
02/09/2005,MCN,GA,ASO,ES,Federal Contract Tower,0,0,11,0,11,2,1,13,2,18,2,1,24,2,29,0,0,0,29
02/10/2005,MCN,GA,ASO,ES,Federal Contract Tower,0,0,1,0,1,1,3,49,0,53,1,3,50,0,54,2,0,2,56
02/11/2005,MCN,GA,ASO,ES,Federal Contract Tower,0,0,6,0,6,1,5,77,7,90,1,5,83,7,96,28,0,28,124
02/12/2005,MCN,GA,ASO,ES,Federal Contract Tower,0,0,8,0,8,2,2,78,2,84,2,2,86,2,92,18,0,18,110
02/13/2005,MCN,GA,ASO,ES,Federal Contract Tower,0,0,4,0,4,1,2,35,14,52,1,2,39,14,56,6,0,6,62
02/14/2005,MCN,GA,ASO,ES,Federal Contract Tower,0,0,13,0,13,1,2,44,26,73,1,2,57,26,86,14,0,14,100
02/15/2005,MCN,GA,ASO,ES,Federal Contract Tower,0,0,5,0,5,4,1,54,36,95,4,1,59,36,100,0,0,0,100
02/16/2005,MCN,GA,ASO,ES,Federal Contract Tower,0,2,15,0,17,1,3,32,6,42,1,5,47,6,59,16,0,16,75
02/17/2005,MCN,GA,ASO,ES,Federal Contract Tower,0,0,5,0,5,1,6,65,2,74,1,6,70,2,79,10,0,10,89
02/18/2005,MCN,GA,ASO,ES,Federal Contract Tower,0,0,1,1,2,1,1,48,8,58,1,1,49,9,60,4,2,6,66
02/19/2005,MCN,GA,ASO,ES,Federal Contract Tower,0,0,0,0,0,0,1,40,3,44,0,1,40,3,44,0,0,0,44
02/20/2005,MCN,GA,ASO,ES,Federal Contract Tower,0,0,6,2,8,1,1,24,8,34,1,1,30,10,42,4,4,8,50
02/21/2005,MCN,GA,ASO,ES,Federal Contract Tower,1,0,18,0,19,1,2,38,2,43,2,2,56,2,62,2,0,2,64
02/22/2005,MCN,GA,ASO,ES,Federal Contract Tower,0,1,7,0,8,3,2,53,4,62,3,3,60,4,70,10,0,10,80
02/23/2005,MCN,GA,ASO,ES,Federal Contract Tower,0,0,7,0,7,4,1,43,20,68,4,1,50,20,75,16,0,16,91
02/24/2005,MCN,GA,ASO,ES,Federal Contract Tower,0,2,11,0,13,2,1,35,10,48,2,3,46,10,61,2,0,2,63
02/25/2005,MCN,GA,ASO,ES,Federal Contract Tower,0,1,13,0,14,2,1,53,26,82,2,2,66,26,96,14,0,14,110
02/26/2005,MCN,GA,ASO,ES,Federal Contract Tower,0,0,3,0,3,2,1,60,22,85,2,1,63,22,88,22,0,22,110
02/27/2005,MCN,GA,ASO,ES,Federal Contract Tower,0,1,10,0,11,1,2,13,2,18,1,3,23,2,29,4,0,4,33
02/28/2005,MCN,GA,ASO,ES,Federal Contract Tower,0,1,6,2,9,1,2,20,1,24,1,3,26,3,33,0,0,0,33
03/01/2005,MCN,GA,ASO,ES,Federal Contract Tower,0,0,3,0,3,1,2,41,6,50,1,2,44,6,53,8,0,8,61
03/02/2005,MCN,GA,ASO,ES,Federal Contract Tower,0,0,2,0,2,1,5,57,4,67,1,5,59,4,69,0,0,0,69
03/03/2005,MCN,GA,ASO,ES,Federal Contract Tower,0,0,11,0,11,0,3,58,4,65,0,3,69,4,76,12,0,12,88
03/04/2005,MCN,GA,ASO,ES,Federal Contract Tower,0,0,5,1,6,0,1,61,16,78,0,1,66,17,84,18,0,18,102
03/05/2005,MCN,GA,ASO,ES,Federal Contract Tower,0,0,1,0,1,1,7,33,0,41,1,7,34,0,42,8,0,8,50
03/06/2005,MCN,GA,ASO,ES,Federal Contract Tower,0,0,3,0,3,1,1,52,4,58,1,1,55,4,61,14,0,14,75
03/07/2005,MCN,GA,ASO,ES,Federal Contract Tower,0,0,3,1,4,2,8,44,43,97,2,8,47,44,101,8,0,8,109
03/08/2005,MCN,GA,ASO,ES,Federal Contract Tower,0,0,2,0,2,3,3,37,2,45,3,3,39,2,47,6,0,6,53
03/09/2005,MCN,GA,ASO,ES,Federal Contract Tower,1,0,2,0,3,6,2,54,6,68,7,2,56,6,71,14,0,14,85
03/10/2005,MCN,GA,ASO,ES,Federal Contract Tower,0,0,3,0,3,3,6,52,4,65,3,6,55,4,68,8,0,8,76
03/11/2005,MCN,GA,ASO,ES,Federal Contract Tower,0,1,4,0,5,0,2,40,12,54,0,3,44,12,59,24,0,24,83
03/12/2005,MCN,GA,ASO,ES,Federal Contract Tower,0,0,4,0,4,4,7,29,4,44,4,7,33,4,48,8,0,8,56
03/13/2005,MCN,GA,ASO,ES,Federal Contract Tower,0,0,2,0,2,4,1,52,2,59,4,1,54,2,61,28,0,28,89
03/14/2005,MCN,GA,ASO,ES,Federal Contract Tower,0,0,12,0,12,3,5,35,2,45,3,5,47,2,57,10,0,10,67
03/15/2005,MCN,GA,ASO,ES,Federal Contract Tower,0,0,7,3,10,2,11,47,35,95,2,11,54,38,105,22,6,28,133
03/16/2005,MCN,GA,ASO,ES,Federal Contract Tower,0,2,21,0,23,0,0,13,0,13,0,2,34,0,36,4,0,4,40
03/17/2005,MCN,GA,ASO,ES,Federal Contract Tower,3,2,19,0,24,3,0,25,2,30,6,2,44,2,54,12,0,12,66
03/18/2005,MCN,GA,ASO,ES,Federal Contract Tower,1,1,15,0,17,4,2,63,16,85,5,3,78,16,102,20,0,20,122
03/19/2005,MCN,GA,ASO,ES,Federal Contract Tower,0,0,5,0,5,5,57,0,0,62,5,57,5,0,67,18,0,18,85
03/20/2005,MCN,GA,ASO,ES,Federal Contract Tower,0,0,1,0,1,1,6,50,0,57,1,6,51,0,58,2,0,2,60
03/21/2005,MCN,GA,ASO,ES,Federal Contract Tower,0,1,11,1,13,3,1,55,41,100,3,2,66,42,113,32,2,34,147
03/22/2005,MCN,GA,ASO,ES,Federal Contract Tower,1,3,10,0,14,3,3,9,22,37,4,6,19,22,51,0,0,0,51
03/23/2005,MCN,GA,ASO,ES,Federal Contract Tower,0,0,7,2,9,1,5,54,5,65,1,5,61,7,74,22,4,26,100
03/24/2005,MCN,GA,ASO,ES,Federal Contract Tower,0,0,8,0,8,2,3,76,3,84,2,3,84,3,92,8,0,8,100
03/25/2005,MCN,GA,ASO,ES,Federal Contract Tower,0,0,3,0,3,0,17,75,28,120,0,17,78,28,123,10,0,10,133
03/26/2005,MCN,GA,ASO,ES,Federal Contract Tower,0,0,2,0,2,1,2,33,2,38,1,2,35,2,40,2,0,2,42
03/27/2005,MCN,GA,ASO,ES,Federal Contract Tower,0,0,3,0,3,0,1,15,0,16,0,1,18,0,19,0,0,0,19
03/28/2005,MCN,GA,ASO,ES,Federal Contract Tower,0,0,4,3,7,2,5,26,15,48,2,5,30,18,55,2,0,2,57
03/29/2005,MCN,GA,ASO,ES,Federal Contract Tower,0,0,5,1,6,2,6,62,7,77,2,6,67,8,83,18,0,18,101
03/30/2005,MCN,GA,ASO,ES,Federal Contract Tower,1,0,4,1,6,5,5,95,5,110,6,5,99,6,116,24,0,24,140
03/31/2005,MCN,GA,ASO,ES,Federal Contract Tower,1,4,0,0,5,3,1,25,34,63,4,5,25,34,68,2,0,2,70
04/01/2005,MCN,GA,ASO,ES,Federal Contract Tower,1,2,7,0,10,1,5,14,6,26,2,7,21,6,36,2,0,2,38
04/02/2005,MCN,GA,ASO,ES,Federal Contract Tower,0,0,5,0,5,3,9,51,6,69,3,9,56,6,74,12,0,12,86
04/03/2005,MCN,GA,ASO,ES,Federal Contract Tower,0,0,1,0,1,1,5,48,7,61,1,5,49,7,62,0,0,0,62
04/04/2005,MCN,GA,ASO,ES,Federal Contract Tower,0,0,9,0,9,1,10,90,8,109,1,10,99,8,118,40,0,40,158
04/05/2005,MCN,GA,ASO,ES,Federal Contract Tower,0,0,11,1,12,1,5,85,38,129,1,5,96,39,141,34,2,36,177
04/06/2005,MCN,GA,ASO,ES,Federal Contract Tower,0,0,9,0,9,1,3,67,71,142,1,3,76,71,151,34,0,34,185
04/07/2005,MCN,GA,ASO,ES,Federal Contract Tower,0,3,0,0,3,3,0,52,17,72,3,3,52,17,75,10,0,10,85
04/08/2005,MCN,GA,ASO,ES,Federal Contract Tower,0,0,11,0,11,1,7,33,4,45,1,7,44,4,56,8,0,8,64
04/09/2005,MCN,GA,ASO,ES,Federal Contract Tower,0,2,8,0,10,0,5,37,2,44,0,7,45,2,54,24,0,24,78
04/10/2005,MCN,GA,ASO,ES,Federal Contract Tower,0,0,3,0,3,1,4,59,0,64,1,4,62,0,67,16,0,16,83
04/11/2005,MCN,GA,ASO,ES,Federal Contract Tower,0,0,4,0,4,1,3,71,20,95,1,3,75,20,99,12,2,14,113
04/12/2005,MCN,GA,ASO,ES,Federal Contract Tower,0,0,1,0,1,1,10,38,24,73,1,10,39,24,74,4,0,4,78
04/13/2005,MCN,GA,ASO,ES,Federal Contract Tower,0,0,5,0,5,5,3,60,12,80,5,3,65,12,85,8,0,8,93
04/14/2005,MCN,GA,ASO,ES,Federal Contract Tower,0,0,5,1,6,1,2,63,5,71,1,2,68,6,77,4,0,4,81
04/15/2005,MCN,GA,ASO,ES,Federal Contract Tower,0,0,7,8,15,1,2,67,38,108,1,2,74,46,123,20,24,44,167
04/16/2005,MCN,GA,ASO,ES,Federal Contract Tower,0,0,0,3,3,1,7,25,6,39,1,7,25,9,42,0,6,6,48
04/17/2005,MCN,GA,ASO,ES,Federal Contract Tower,0,0,1,0,1,2,1,38,3,44,2,1,39,3,45,6,0,6,51
04/18/2005,MCN,GA,ASO,ES,Federal Contract Tower,0,0,6,0,6,0,2,50,5,57,0,2,56,5,63,12,0,12,75
04/19/2005,MCN,GA,ASO,ES,Federal Contract Tower,0,1,3,1,5,1,2,49,34,86,1,3,52,35,91,10,2,12,103
04/20/2005,MCN,GA,ASO,ES,Federal Contract Tower,0,0,3,0,3,1,1,75,24,101,1,1,78,24,104,12,0,12,116
04/21/2005,MCN,GA,ASO,ES,Federal Contract Tower,0,0,3,1,4,2,3,52,57,114,2,3,55,58,118,10,4,14,132
04/22/2005,MCN,GA,ASO,ES,Federal Contract Tower,0,4,3,0,7,10,0,79,28,117,10,4,82,28,124,4,10,14,138
04/23/2005,MCN,GA,ASO,ES,Federal Contract Tower,0,0,1,0,1,2,1,18,4,25,2,1,19,4,26,2,0,2,28
04/24/2005,MCN,GA,ASO,ES,Federal Contract Tower,0,0,0,2,2,2,2,38,5,47,2,2,38,7,49,2,2,4,53
04/25/2005,MCN,GA,ASO,ES,Federal Contract Tower,0,0,7,2,9,7,2,77,20,106,7,2,84,22,115,18,2,20,135
04/26/2005,MCN,GA,ASO,ES,Federal Contract Tower,1,1,6,0,8,4,4,29,46,83,5,5,35,46,91,2,0,2,93
04/27/2005,MCN,GA,ASO,ES,Federal Contract Tower,0,0,1,1,2,4,13,49,11,77,4,13,50,12,79,4,2,6,85
04/28/2005,MCN,GA,ASO,ES,Federal Contract Tower,0,0,4,0,4,2,2,72,1,77,2,2,76,1,81,28,0,28,109
04/29/2005,MCN,GA,ASO,ES,Federal Contract Tower,1,0,6,0,7,1,3,76,44,124,2,3,82,44,131,30,0,30,161
04/30/2005,MCN,GA,ASO,ES,Federal Contract Tower,1,1,0,0,2,2,5,3,2,12,3,6,3,2,14,0,0,0,14
05/01/2005,MCN,GA,ASO,ES,Federal Contract Tower,0,0,11,0,11,3,3,36,4,46,3,3,47,4,57,24,4,28,85
05/02/2005,MCN,GA,ASO,ES,Federal Contract Tower,0,0,4,1,5,1,3,63,6,73,1,3,67,7,78,22,0,22,100
05/03/2005,MCN,GA,ASO,ES,Federal Contract Tower,0,1,9,0,10,0,1,73,4,78,0,2,82,4,88,50,0,50,138
05/04/2005,MCN,GA,ASO,ES,Federal Contract Tower,0,0,4,0,4,1,2,66,6,75,1,2,70,6,79,38,0,38,117
05/05/2005,MCN,GA,ASO,ES,Federal Contract Tower,0,3,12,3,18,0,5,23,8,36,0,8,35,11,54,18,0,18,72
05/06/2005,MCN,GA,ASO,ES,Federal Contract Tower,1,1,6,5,13,5,7,59,6,77,6,8,65,11,90,4,8,12,102
05/07/2005,MCN,GA,ASO,ES,Federal Contract Tower,0,0,2,0,2,2,6,45,10,63,2,6,47,10,65,2,0,2,67
05/08/2005,MCN,GA,ASO,ES,Federal Contract Tower,1,0,0,2,3,1,5,25,12,43,2,5,25,14,46,8,2,10,56
05/09/2005,MCN,GA,ASO,ES,Federal Contract Tower,0,0,3,0,3,1,1,53,20,75,1,1,56,20,78,6,0,6,84
05/10/2005,MCN,GA,ASO,ES,Federal Contract Tower,0,0,4,0,4,1,1,60,2,64,1,1,64,2,68,0,0,0,68
05/11/2005,MCN,GA,ASO,ES,Federal Contract Tower,0,0,3,0,3,1,3,53,2,59,1,3,56,2,62,4,0,4,66
05/12/2005,MCN,GA,ASO,ES,Federal Contract Tower,0,0,8,1,9,1,2,44,5,52,1,2,52,6,61,12,4,16,77
05/13/2005,MCN,GA,ASO,ES,Federal Contract Tower,0,0,0,0,0,1,7,44,14,66,1,7,44,14,66,2,0,2,68
05/14/2005,MCN,GA,ASO,ES,Federal Contract Tower,0,0,2,1,3,1,6,19,9,35,1,6,21,10,38,6,2,8,46
05/15/2005,MCN,GA,ASO,ES,Federal Contract Tower,0,0,12,0,12,2,2,44,2,50,2,2,56,2,62,18,0,18,80
05/16/2005,MCN,GA,ASO,ES,Federal Contract Tower,0,0,4,0,4,1,6,55,6,68,1,6,59,6,72,28,0,28,100
05/17/2005,MCN,GA,ASO,ES,Federal Contract Tower,0,0,3,0,3,1,5,49,29,84,1,5,52,29,87,20,0,20,107
05/18/2005,MCN,GA,ASO,ES,Federal Contract Tower,0,0,4,1,5,1,5,36,33,75,1,5,40,34,80,12,0,12,92
05/19/2005,MCN,GA,ASO,ES,Federal Contract Tower,0,0,9,0,9,1,3,48,14,66,1,3,57,14,75,4,0,4,79
05/20/2005,MCN,GA,ASO,ES,Federal Contract Tower,1,0,5,0,6,17,5,35,10,67,18,5,40,10,73,0,2,2,75
05/21/2005,MCN,GA,ASO,ES,Federal Contract Tower,1,0,3,0,4,4,2,32,4,42,5,2,35,4,46,14,0,14,60
05/22/2005,MCN,GA,ASO,ES,Federal Contract Tower,0,0,7,0,7,1,5,51,0,57,1,5,58,0,64,36,0,36,100
05/23/2005,MCN,GA,ASO,ES,Federal Contract Tower,0,0,2,0,2,4,3,29,8,44,4,3,31,8,46,0,0,0,46
05/24/2005,MCN,GA,ASO,ES,Federal Contract Tower,0,0,7,0,7,4,1,51,2,58,4,1,58,2,65,8,0,8,73
05/25/2005,MCN,GA,ASO,ES,Federal Contract Tower,0,0,2,0,2,1,5,39,4,49,1,5,41,4,51,0,0,0,51
05/26/2005,MCN,GA,ASO,ES,Federal Contract Tower,1,0,4,1,6,1,9,52,8,70,2,9,56,9,76,18,2,20,96
05/27/2005,MCN,GA,ASO,ES,Federal Contract Tower,0,0,5,0,5,4,4,45,2,55,4,4,50,2,60,10,0,10,70
05/28/2005,MCN,GA,ASO,ES,Federal Contract Tower,0,0,4,0,4,2,4,18,2,26,2,4,22,2,30,10,0,10,40
05/29/2005,MCN,GA,ASO,ES,Federal Contract Tower,0,0,2,0,2,6,2,37,0,45,6,2,39,0,47,24,0,24,71
05/30/2005,MCN,GA,ASO,ES,Federal Contract Tower,0,0,16,0,16,1,4,35,0,40,1,4,51,0,56,4,0,4,60
05/31/2005,MCN,GA,ASO,ES,Federal Contract Tower,0,3,13,0,16,1,2,9,2,14,1,5,22,2,30,0,0,0,30
06/01/2005,MCN,GA,ASO,ES,Federal Contract Tower,1,1,15,2,19,3,2,15,28,48,4,3,30,30,67,2,0,2,69
06/02/2005,MCN,GA,ASO,ES,Federal Contract Tower,0,1,10,0,11,1,2,23,26,52,1,3,33,26,63,0,0,0,63
06/03/2005,MCN,GA,ASO,ES,Federal Contract Tower,1,1,12,0,14,1,6,23,50,80,2,7,35,50,94,6,0,6,100
06/04/2005,MCN,GA,ASO,ES,Federal Contract Tower,0,0,12,0,12,1,5,16,2,24,1,5,28,2,36,10,0,10,46
06/05/2005,MCN,GA,ASO,ES,Federal Contract Tower,0,0,10,0,10,4,3,21,6,34,4,3,31,6,44,16,0,16,60
06/06/2005,MCN,GA,ASO,ES,Federal Contract Tower,0,0,4,0,4,4,1,29,12,46,4,1,33,12,50,6,0,6,56
06/07/2005,MCN,GA,ASO,ES,Federal Contract Tower,0,0,5,0,5,5,12,39,2,58,5,12,44,2,63,12,0,12,75
06/08/2005,MCN,GA,ASO,ES,Federal Contract Tower,0,0,15,1,16,1,4,47,19,71,1,4,62,20,87,20,0,20,107
06/09/2005,MCN,GA,ASO,ES,Federal Contract Tower,0,0,2,0,2,1,1,24,45,71,1,1,26,45,73,0,0,0,73
06/10/2005,MCN,GA,ASO,ES,Federal Contract Tower,0,0,11,0,11,1,4,35,16,56,1,4,46,16,67,8,0,8,75
06/11/2005,MCN,GA,ASO,ES,Federal Contract Tower,0,0,10,0,10,0,2,15,12,29,0,2,25,12,39,12,0,12,51
06/12/2005,MCN,GA,ASO,ES,Federal Contract Tower,0,1,5,0,6,1,3,11,2,17,1,4,16,2,23,0,0,0,23
06/13/2005,MCN,GA,ASO,ES,Federal Contract Tower,0,0,13,0,13,1,2,50,12,65,1,2,63,12,78,16,0,16,94
06/14/2005,MCN,GA,ASO,ES,Federal Contract Tower,0,0,7,1,8,1,10,60,5,76,1,10,67,6,84,14,0,14,98
06/15/2005,MCN,GA,ASO,ES,Federal Contract Tower,0,0,8,0,8,1,4,57,8,70,1,4,65,8,78,12,0,12,90
06/16/2005,MCN,GA,ASO,ES,Federal Contract Tower,0,0,1,0,1,1,7,69,4,81,1,7,70,4,82,10,0,10,92
06/17/2005,MCN,GA,ASO,ES,Federal Contract Tower,0,0,5,0,5,0,1,58,5,64,0,1,63,5,69,26,0,26,95
06/18/2005,MCN,GA,ASO,ES,Federal Contract Tower,0,0,1,0,1,1,0,38,5,44,1,0,39,5,45,8,0,8,53
06/19/2005,MCN,GA,ASO,ES,Federal Contract Tower,0,0,7,0,7,1,4,24,2,31,1,4,31,2,38,12,0,12,50
06/20/2005,MCN,GA,ASO,ES,Federal Contract Tower,0,0,12,0,12,3,6,63,9,81,3,6,75,9,93,38,2,40,133
06/21/2005,MCN,GA,ASO,ES,Federal Contract Tower,1,0,5,0,6,1,3,47,0,51,2,3,52,0,57,18,0,18,75
06/22/2005,MCN,GA,ASO,ES,Federal Contract Tower,1,1,18,2,22,2,0,46,12,60,3,1,64,14,82,16,12,28,110
06/23/2005,MCN,GA,ASO,ES,Federal Contract Tower,0,1,19,0,20,2,0,56,4,62,2,1,75,4,82,18,0,18,100
06/24/2005,MCN,GA,ASO,ES,Federal Contract Tower,0,4,15,1,20,1,4,51,8,64,1,8,66,9,84,20,0,20,104
06/25/2005,MCN,GA,ASO,ES,Federal Contract Tower,0,0,4,1,5,1,2,20,15,38,1,2,24,16,43,2,8,10,53
06/26/2005,MCN,GA,ASO,ES,Federal Contract Tower,0,2,9,4,15,1,2,17,14,34,1,4,26,18,49,0,2,2,51
06/27/2005,MCN,GA,ASO,ES,Federal Contract Tower,0,1,15,0,16,1,1,43,24,69,1,2,58,24,85,4,0,4,89
06/28/2005,MCN,GA,ASO,ES,Federal Contract Tower,1,4,11,0,16,4,4,31,45,84,5,8,42,45,100,0,0,0,100
06/29/2005,MCN,GA,ASO,ES,Federal Contract Tower,1,0,17,0,18,2,1,45,16,64,3,1,62,16,82,18,0,18,100
06/30/2005,MCN,GA,ASO,ES,Federal Contract Tower,1,1,8,0,10,2,6,30,2,40,3,7,38,2,50,10,0,10,60
07/01/2005,MCN,GA,ASO,ES,Federal Contract Tower,0,2,3,4,9,4,8,51,0,63,4,10,54,4,72,4,0,4,76
07/02/2005,MCN,GA,ASO,ES,Federal Contract Tower,0,0,7,0,7,0,1,30,2,33,0,1,37,2,40,16,0,16,56
07/03/2005,MCN,GA,ASO,ES,Federal Contract Tower,0,0,13,0,13,2,1,29,0,32,2,1,42,0,45,22,0,22,67
07/04/2005,MCN,GA,ASO,ES,Federal Contract Tower,0,0,1,0,1,4,7,20,0,31,4,7,21,0,32,2,0,2,34
07/05/2005,MCN,GA,ASO,ES,Federal Contract Tower,0,0,6,0,6,1,3,44,7,55,1,3,50,7,61,0,0,0,61
07/06/2005,MCN,GA,ASO,ES,Federal Contract Tower,0,0,8,0,8,1,1,40,50,92,1,1,48,50,100,22,0,22,122
07/07/2005,MCN,GA,ASO,ES,Federal Contract Tower,0,0,5,1,6,3,1,20,29,53,3,1,25,30,59,16,0,16,75
07/08/2005,MCN,GA,ASO,ES,Federal Contract Tower,0,0,9,0,9,1,2,56,43,102,1,2,65,43,111,30,0,30,141
07/09/2005,MCN,GA,ASO,ES,Federal Contract Tower,0,2,5,0,7,2,2,16,1,21,2,4,21,1,28,10,0,10,38
07/10/2005,MCN,GA,ASO,ES,Federal Contract Tower,0,1,0,0,1,1,0,8,0,9,1,1,8,0,10,0,0,0,10
07/11/2005,MCN,GA,ASO,ES,Federal Contract Tower,0,1,2,0,3,2,4,8,28,42,2,5,10,28,45,2,0,2,47
07/12/2005,MCN,GA,ASO,ES,Federal Contract Tower,0,0,1,0,1,1,3,30,69,103,1,3,31,69,104,4,0,4,108
07/13/2005,MCN,GA,ASO,ES,Federal Contract Tower,0,0,5,0,5,1,1,32,30,64,1,1,37,30,69,6,0,6,75
07/14/2005,MCN,GA,ASO,ES,Federal Contract Tower,0,1,9,1,11,4,5,26,26,61,4,6,35,27,72,4,0,4,76
07/15/2005,MCN,GA,ASO,ES,Federal Contract Tower,0,0,8,0,8,3,1,31,30,65,3,1,39,30,73,4,0,4,77
07/16/2005,MCN,GA,ASO,ES,Federal Contract Tower,0,0,6,0,6,0,5,25,10,40,0,5,31,10,46,2,0,2,48
07/17/2005,MCN,GA,ASO,ES,Federal Contract Tower,0,0,2,0,2,1,6,48,4,59,1,6,50,4,61,32,0,32,93
07/18/2005,MCN,GA,ASO,ES,Federal Contract Tower,0,0,2,0,2,1,2,55,18,76,1,2,57,18,78,20,0,20,98
07/19/2005,MCN,GA,ASO,ES,Federal Contract Tower,2,0,6,2,10,4,0,40,12,56,6,0,46,14,66,2,0,2,68
07/20/2005,MCN,GA,ASO,ES,Federal Contract Tower,1,1,3,0,5,2,0,39,12,53,3,1,42,12,58,18,0,18,76
07/21/2005,MCN,GA,ASO,ES,Federal Contract Tower,1,0,3,0,4,3,2,44,2,51,4,2,47,2,55,14,0,14,69
07/22/2005,MCN,GA,ASO,ES,Federal Contract Tower,0,0,4,0,4,1,4,49,6,60,1,4,53,6,64,12,0,12,76
07/23/2005,MCN,GA,ASO,ES,Federal Contract Tower,0,0,8,0,8,1,0,25,0,26,1,0,33,0,34,26,0,26,60
07/24/2005,MCN,GA,ASO,ES,Federal Contract Tower,0,1,12,0,13,1,2,28,2,33,1,3,40,2,46,16,0,16,62
07/25/2005,MCN,GA,ASO,ES,Federal Contract Tower,0,0,14,1,15,1,1,24,19,45,1,1,38,20,60,8,2,10,70
07/26/2005,MCN,GA,ASO,ES,Federal Contract Tower,1,1,21,0,23,1,1,45,12,59,2,2,66,12,82,18,0,18,100
07/27/2005,MCN,GA,ASO,ES,Federal Contract Tower,2,1,13,1,17,1,3,35,2,41,3,4,48,3,58,8,2,10,68
07/28/2005,MCN,GA,ASO,ES,Federal Contract Tower,2,3,1,0,6,2,0,66,13,81,4,3,67,13,87,14,8,22,109
07/29/2005,MCN,GA,ASO,ES,Federal Contract Tower,0,1,14,1,16,3,4,39,7,53,3,5,53,8,69,22,2,24,93
07/30/2005,MCN,GA,ASO,ES,Federal Contract Tower,0,0,7,0,7,0,0,18,2,20,0,0,25,2,27,0,0,0,27
07/31/2005,MCN,GA,ASO,ES,Federal Contract Tower,0,1,11,0,12,2,6,32,2,42,2,7,43,2,54,14,0,14,68
08/01/2005,MCN,GA,ASO,ES,Federal Contract Tower,0,0,10,0,10,0,2,22,4,28,0,2,32,4,38,18,0,18,56
08/02/2005,MCN,GA,ASO,ES,Federal Contract Tower,0,0,12,0,12,5,5,28,18,56,5,5,40,18,68,8,0,8,76
08/03/2005,MCN,GA,ASO,ES,Federal Contract Tower,0,0,14,0,14,0,2,64,27,93,0,2,78,27,107,22,0,22,129
08/04/2005,MCN,GA,ASO,ES,Federal Contract Tower,0,3,10,0,13,1,4,34,16,55,1,7,44,16,68,14,0,14,82
08/05/2005,MCN,GA,ASO,ES,Federal Contract Tower,2,3,15,1,21,0,1,45,37,83,2,4,60,38,104,22,2,24,128
08/06/2005,MCN,GA,ASO,ES,Federal Contract Tower,1,0,7,0,8,0,0,36,14,50,1,0,43,14,58,10,0,10,68
08/07/2005,MCN,GA,ASO,ES,Federal Contract Tower,0,1,8,0,9,2,3,20,6,31,2,4,28,6,40,2,0,2,42
08/08/2005,MCN,GA,ASO,ES,Federal Contract Tower,0,1,7,0,8,1,2,33,29,65,1,3,40,29,73,12,0,12,85
08/09/2005,MCN,GA,ASO,ES,Federal Contract Tower,0,0,9,1,10,1,4,39,22,66,1,4,48,23,76,12,2,14,90
08/10/2005,MCN,GA,ASO,ES,Federal Contract Tower,0,1,13,0,14,2,3,38,50,93,2,4,51,50,107,2,0,2,109
08/11/2005,MCN,GA,ASO,ES,Federal Contract Tower,0,1,9,1,11,1,2,32,19,54,1,3,41,20,65,6,0,6,71
08/12/2005,MCN,GA,ASO,ES,Federal Contract Tower,0,2,6,4,12,1,2,44,53,100,1,4,50,57,112,8,0,8,120
08/13/2005,MCN,GA,ASO,ES,Federal Contract Tower,0,0,3,1,4,1,2,39,3,45,1,2,42,4,49,16,0,16,65
08/14/2005,MCN,GA,ASO,ES,Federal Contract Tower,0,1,7,5,13,4,2,24,13,43,4,3,31,18,56,12,2,14,70
08/15/2005,MCN,GA,ASO,ES,Federal Contract Tower,0,3,6,2,11,1,5,26,8,40,1,8,32,10,51,4,3,7,58
08/16/2005,MCN,GA,ASO,ES,Federal Contract Tower,2,0,9,2,13,3,3,36,46,88,5,3,45,48,101,22,0,22,123
08/17/2005,MCN,GA,ASO,ES,Federal Contract Tower,0,0,7,1,8,2,5,41,2,50,2,5,48,3,58,6,0,6,64
08/18/2005,MCN,GA,ASO,ES,Federal Contract Tower,0,0,10,0,10,3,6,42,13,64,3,6,52,13,74,16,0,16,90
08/19/2005,MCN,GA,ASO,ES,Federal Contract Tower,0,3,13,2,18,2,4,44,13,63,2,7,57,15,81,24,0,24,105
08/20/2005,MCN,GA,ASO,ES,Federal Contract Tower,2,0,14,1,17,4,0,44,3,51,6,0,58,4,68,22,0,22,90
08/21/2005,MCN,GA,ASO,ES,Federal Contract Tower,0,0,7,1,8,2,1,28,9,40,2,1,35,10,48,4,0,4,52
08/22/2005,MCN,GA,ASO,ES,Federal Contract Tower,1,0,5,0,6,1,0,38,22,61,2,0,43,22,67,14,0,14,81
08/23/2005,MCN,GA,ASO,ES,Federal Contract Tower,7,3,13,0,23,6,7,39,68,120,13,10,52,68,143,26,0,26,169
08/24/2005,MCN,GA,ASO,ES,Federal Contract Tower,0,0,13,0,13,2,1,35,24,62,2,1,48,24,75,4,0,4,79
08/25/2005,MCN,GA,ASO,ES,Federal Contract Tower,0,0,17,1,18,1,0,35,37,73,1,0,52,38,91,6,0,6,97
08/26/2005,MCN,GA,ASO,ES,Federal Contract Tower,0,0,3,0,3,1,4,50,49,104,1,4,53,49,107,4,0,4,111
08/27/2005,MCN,GA,ASO,ES,Federal Contract Tower,0,0,11,0,11,2,2,35,0,39,2,2,46,0,50,20,0,20,70
08/28/2005,MCN,GA,ASO,ES,Federal Contract Tower,1,1,5,2,9,2,1,17,12,32,3,2,22,14,41,2,2,4,45
08/29/2005,MCN,GA,ASO,ES,Federal Contract Tower,0,0,8,0,8,8,3,19,17,47,8,3,27,17,55,8,0,8,63
08/30/2005,MCN,GA,ASO,ES,Federal Contract Tower,1,0,1,1,3,3,6,22,41,72,4,6,23,42,75,0,0,0,75
08/31/2005,MCN,GA,ASO,ES,Federal Contract Tower,0,0,4,0,4,1,8,23,13,45,1,8,27,13,49,6,0,6,55
09/01/2005,MCN,GA,ASO,ES,Federal Contract Tower,0,0,5,0,5,2,2,43,14,61,2,2,48,14,66,8,0,8,74
09/02/2005,MCN,GA,ASO,ES,Federal Contract Tower,0,0,6,0,6,0,7,81,4,92,0,7,87,4,98,12,0,12,110
09/03/2005,MCN,GA,ASO,ES,Federal Contract Tower,2,0,8,0,10,2,2,34,2,40,4,2,42,2,50,20,0,20,70
09/04/2005,MCN,GA,ASO,ES,Federal Contract Tower,0,0,5,1,6,1,2,25,1,29,1,2,30,2,35,10,0,10,45
09/05/2005,MCN,GA,ASO,ES,Federal Contract Tower,0,1,2,0,3,2,1,28,0,31,2,2,30,0,34,0,0,0,34
09/06/2005,MCN,GA,ASO,ES,Federal Contract Tower,0,0,6,0,6,3,3,39,4,49,3,3,45,4,55,2,0,2,57
09/07/2005,MCN,GA,ASO,ES,Federal Contract Tower,0,0,3,0,3,1,2,72,4,79,1,2,75,4,82,24,0,24,106
09/08/2005,MCN,GA,ASO,ES,Federal Contract Tower,0,0,2,1,3,2,1,40,11,54,2,1,42,12,57,12,0,12,69
09/09/2005,MCN,GA,ASO,ES,Federal Contract Tower,0,0,0,0,0,1,3,41,12,57,1,3,41,12,57,48,0,48,105
09/10/2005,MCN,GA,ASO,ES,Federal Contract Tower,0,0,3,0,3,0,6,19,0,25,0,6,22,0,28,6,0,6,34
09/11/2005,MCN,GA,ASO,ES,Federal Contract Tower,0,0,2,0,2,2,2,38,8,50,2,2,40,8,52,8,0,8,60
09/12/2005,MCN,GA,ASO,ES,Federal Contract Tower,0,0,5,0,5,0,4,58,8,70,0,4,63,8,75,40,0,40,115
09/13/2005,MCN,GA,ASO,ES,Federal Contract Tower,0,0,6,0,6,2,6,47,11,66,2,6,53,11,72,16,0,16,88
09/14/2005,MCN,GA,ASO,ES,Federal Contract Tower,0,0,10,0,10,1,4,51,21,77,1,4,61,21,87,2,0,2,89
09/15/2005,MCN,GA,ASO,ES,Federal Contract Tower,1,0,10,3,14,4,2,32,10,48,5,2,42,13,62,38,0,38,100
09/16/2005,MCN,GA,ASO,ES,Federal Contract Tower,0,0,11,1,12,1,5,53,16,75,1,5,64,17,87,4,2,6,93
09/17/2005,MCN,GA,ASO,ES,Federal Contract Tower,0,0,2,0,2,2,3,35,14,54,2,3,37,14,56,2,0,2,58
09/18/2005,MCN,GA,ASO,ES,Federal Contract Tower,0,0,1,0,1,1,4,30,10,45,1,4,31,10,46,12,0,12,58
09/19/2005,MCN,GA,ASO,ES,Federal Contract Tower,0,0,9,0,9,4,2,47,2,55,4,2,56,2,64,16,0,16,80
09/20/2005,MCN,GA,ASO,ES,Federal Contract Tower,1,1,6,0,8,0,6,51,29,86,1,7,57,29,94,18,0,18,112
09/21/2005,MCN,GA,ASO,ES,Federal Contract Tower,0,0,6,3,9,1,2,65,9,77,1,2,71,12,86,10,8,18,104
09/22/2005,MCN,GA,ASO,ES,Federal Contract Tower,0,0,9,1,10,1,1,41,45,88,1,1,50,46,98,0,4,4,102
09/23/2005,MCN,GA,ASO,ES,Federal Contract Tower,0,1,5,1,7,1,4,50,57,112,1,5,55,58,119,4,0,4,123
09/24/2005,MCN,GA,ASO,ES,Federal Contract Tower,0,0,0,0,0,2,9,15,14,40,2,9,15,14,40,0,0,0,40
09/25/2005,MCN,GA,ASO,ES,Federal Contract Tower,0,1,4,0,5,2,5,38,8,53,2,6,42,8,58,2,4,6,64
09/26/2005,MCN,GA,ASO,ES,Federal Contract Tower,0,0,8,0,8,1,1,31,16,49,1,1,39,16,57,20,0,20,77
09/27/2005,MCN,GA,ASO,ES,Federal Contract Tower,0,1,2,0,3,3,5,36,8,52,3,6,38,8,55,2,0,2,57
09/28/2005,MCN,GA,ASO,ES,Federal Contract Tower,0,0,7,0,7,1,2,60,58,121,1,2,67,58,128,8,4,12,140
09/29/2005,MCN,GA,ASO,ES,Federal Contract Tower,0,0,8,1,9,1,2,37,7,47,1,2,45,8,56,10,4,14,70
09/30/2005,MCN,GA,ASO,ES,Federal Contract Tower,0,0,4,0,4,1,3,42,6,52,1,3,46,6,56,6,0,6,62
10/01/2005,MCN,GA,ASO,ES,Federal Contract Tower,1,0,6,0,7,2,1,31,0,34,3,1,37,0,41,10,0,10,51
10/02/2005,MCN,GA,ASO,ES,Federal Contract Tower,0,0,3,0,3,6,3,36,4,49,6,3,39,4,52,16,0,16,68
10/03/2005,MCN,GA,ASO,ES,Federal Contract Tower,0,0,5,0,5,1,2,43,8,54,1,2,48,8,59,6,0,6,65
10/04/2005,MCN,GA,ASO,ES,Federal Contract Tower,0,0,5,1,6,1,6,38,16,61,1,6,43,17,67,2,2,4,71
10/05/2005,MCN,GA,ASO,ES,Federal Contract Tower,0,3,9,1,13,2,4,25,3,34,2,7,34,4,47,6,0,6,53
10/06/2005,MCN,GA,ASO,ES,Federal Contract Tower,0,1,14,3,18,3,2,22,20,47,3,3,36,23,65,14,0,14,79
10/07/2005,MCN,GA,ASO,ES,Federal Contract Tower,0,6,16,1,23,1,2,13,25,41,1,8,29,26,64,0,0,0,64
10/08/2005,MCN,GA,ASO,ES,Federal Contract Tower,1,0,2,0,3,4,3,16,0,23,5,3,18,0,26,0,0,0,26
10/09/2005,MCN,GA,ASO,ES,Federal Contract Tower,2,3,8,0,13,0,6,20,0,26,2,9,28,0,39,0,0,0,39
10/10/2005,MCN,GA,ASO,ES,Federal Contract Tower,0,0,17,1,18,2,6,25,1,34,2,6,42,2,52,8,0,8,60
10/11/2005,MCN,GA,ASO,ES,Federal Contract Tower,1,1,6,0,8,1,2,27,0,30,2,3,33,0,38,0,0,0,38
10/12/2005,MCN,GA,ASO,ES,Federal Contract Tower,1,0,17,0,18,2,3,35,6,46,3,3,52,6,64,24,0,24,88
10/13/2005,MCN,GA,ASO,ES,Federal Contract Tower,0,0,11,0,11,1,4,71,4,80,1,4,82,4,91,36,0,36,127
10/14/2005,MCN,GA,ASO,ES,Federal Contract Tower,0,1,9,6,16,1,4,69,4,78,1,5,78,10,94,24,0,24,118
10/15/2005,MCN,GA,ASO,ES,Federal Contract Tower,0,0,0,0,0,1,8,39,0,48,1,8,39,0,48,26,0,26,74
10/16/2005,MCN,GA,ASO,ES,Federal Contract Tower,0,0,3,2,5,5,3,66,3,77,5,3,69,5,82,16,0,16,98
10/17/2005,MCN,GA,ASO,ES,Federal Contract Tower,0,0,8,0,8,1,5,49,10,65,1,5,57,10,73,18,0,18,91
10/18/2005,MCN,GA,ASO,ES,Federal Contract Tower,0,0,3,0,3,1,4,60,8,73,1,4,63,8,76,4,0,4,80
10/19/2005,MCN,GA,ASO,ES,Federal Contract Tower,0,0,5,0,5,1,7,68,4,80,1,7,73,4,85,36,0,36,121
10/20/2005,MCN,GA,ASO,ES,Federal Contract Tower,0,0,15,1,16,1,4,65,1,71,1,4,80,2,87,38,0,38,125
10/21/2005,MCN,GA,ASO,ES,Federal Contract Tower,0,0,10,1,11,1,0,54,19,74,1,0,64,20,85,10,0,10,95
10/22/2005,MCN,GA,ASO,ES,Federal Contract Tower,0,0,10,0,10,0,4,39,2,45,0,4,49,2,55,32,0,32,87
10/23/2005,MCN,GA,ASO,ES,Federal Contract Tower,0,0,3,0,3,1,4,43,8,56,1,4,46,8,59,6,8,14,73
10/24/2005,MCN,GA,ASO,ES,Federal Contract Tower,0,0,0,1,1,4,7,44,9,64,4,7,44,10,65,6,0,6,71
10/25/2005,MCN,GA,ASO,ES,Federal Contract Tower,0,0,2,0,2,1,6,41,12,60,1,6,43,12,62,8,0,8,70
10/26/2005,MCN,GA,ASO,ES,Federal Contract Tower,0,1,3,1,5,2,7,60,3,72,2,8,63,4,77,28,2,30,107
10/27/2005,MCN,GA,ASO,ES,Federal Contract Tower,0,0,3,1,4,1,5,41,21,68,1,5,44,22,72,8,4,12,84
10/28/2005,MCN,GA,ASO,ES,Federal Contract Tower,0,0,2,2,4,1,11,49,6,67,1,11,51,8,71,4,4,8,79
10/29/2005,MCN,GA,ASO,ES,Federal Contract Tower,0,0,0,0,0,1,1,37,9,48,1,1,37,9,48,0,0,0,48
10/30/2005,MCN,GA,ASO,ES,Federal Contract Tower,0,0,8,2,10,1,8,34,10,53,1,8,42,12,63,10,2,12,75
10/31/2005,MCN,GA,ASO,ES,Federal Contract Tower,0,0,6,0,6,2,2,53,6,63,2,2,59,6,69,18,0,18,87
11/01/2005,MCN,GA,ASO,ES,Federal Contract Tower,0,0,2,0,2,1,3,58,9,71,1,3,60,9,73,6,0,6,79
11/02/2005,MCN,GA,ASO,ES,Federal Contract Tower,0,0,4,0,4,4,1,48,6,59,4,1,52,6,63,20,0,20,83
11/03/2005,MCN,GA,ASO,ES,Federal Contract Tower,0,0,10,0,10,0,2,68,3,73,0,2,78,3,83,58,0,58,141
11/04/2005,MCN,GA,ASO,ES,Federal Contract Tower,0,0,7,1,8,1,1,75,16,93,1,1,82,17,101,14,0,14,115
11/05/2005,MCN,GA,ASO,ES,Federal Contract Tower,0,0,6,0,6,1,4,51,0,56,1,4,57,0,62,18,0,18,80
11/06/2005,MCN,GA,ASO,ES,Federal Contract Tower,0,1,2,3,6,1,6,27,8,42,1,7,29,11,48,32,0,32,80
11/07/2005,MCN,GA,ASO,ES,Federal Contract Tower,0,0,11,2,13,1,1,54,6,62,1,1,65,8,75,12,0,12,87
11/08/2005,MCN,GA,ASO,ES,Federal Contract Tower,0,0,8,0,8,4,2,45,12,63,4,2,53,12,71,30,0,30,101
11/09/2005,MCN,GA,ASO,ES,Federal Contract Tower,0,0,3,0,3,1,2,59,9,71,1,2,62,9,74,30,2,32,106
11/10/2005,MCN,GA,ASO,ES,Federal Contract Tower,0,0,8,2,10,3,16,59,9,87,3,16,67,11,97,20,0,20,117
11/11/2005,MCN,GA,ASO,ES,Federal Contract Tower,0,2,6,1,9,1,5,56,1,63,1,7,62,2,72,28,0,28,100
11/12/2005,MCN,GA,ASO,ES,Federal Contract Tower,0,0,4,0,4,3,2,42,0,47,3,2,46,0,51,10,0,10,61
11/13/2005,MCN,GA,ASO,ES,Federal Contract Tower,0,0,6,1,7,3,2,53,17,75,3,2,59,18,82,18,0,18,100
11/14/2005,MCN,GA,ASO,ES,Federal Contract Tower,0,0,7,2,9,1,2,40,42,85,1,2,47,44,94,14,2,16,110
11/15/2005,MCN,GA,ASO,ES,Federal Contract Tower,0,0,1,0,1,1,3,35,49,88,1,3,36,49,89,10,6,16,105
11/16/2005,MCN,GA,ASO,ES,Federal Contract Tower,0,0,0,1,1,5,5,41,29,80,5,5,41,30,81,0,6,6,87
11/17/2005,MCN,GA,ASO,ES,Federal Contract Tower,0,0,1,1,2,1,3,56,19,79,1,3,57,20,81,6,2,8,89
11/18/2005,MCN,GA,ASO,ES,Federal Contract Tower,0,0,2,1,3,1,6,46,12,65,1,6,48,13,68,20,0,20,88
11/19/2005,MCN,GA,ASO,ES,Federal Contract Tower,0,0,3,1,4,1,5,47,5,58,1,5,50,6,62,28,0,28,90
11/20/2005,MCN,GA,ASO,ES,Federal Contract Tower,0,2,18,4,24,1,2,26,16,45,1,4,44,20,69,22,16,38,107
11/21/2005,MCN,GA,ASO,ES,Federal Contract Tower,1,3,8,0,12,2,7,18,18,45,3,10,26,18,57,0,0,0,57
11/22/2005,MCN,GA,ASO,ES,Federal Contract Tower,1,0,2,0,3,3,10,40,8,61,4,10,42,8,64,4,0,4,68
11/23/2005,MCN,GA,ASO,ES,Federal Contract Tower,0,0,4,0,4,4,2,63,2,71,4,2,67,2,75,18,0,18,93
11/24/2005,MCN,GA,ASO,ES,Federal Contract Tower,0,1,0,0,1,1,0,20,0,21,1,1,20,0,22,18,0,18,40
11/25/2005,MCN,GA,ASO,ES,Federal Contract Tower,0,0,8,0,8,1,1,44,0,46,1,1,52,0,54,16,0,16,70
11/26/2005,MCN,GA,ASO,ES,Federal Contract Tower,0,0,0,0,0,1,3,46,0,50,1,3,46,0,50,0,0,0,50
11/27/2005,MCN,GA,ASO,ES,Federal Contract Tower,0,1,1,0,2,1,2,19,2,24,1,3,20,2,26,0,2,2,28
11/28/2005,MCN,GA,ASO,ES,Federal Contract Tower,0,2,12,0,14,1,2,18,32,53,1,4,30,32,67,6,0,6,73
11/29/2005,MCN,GA,ASO,ES,Federal Contract Tower,1,0,3,1,5,0,4,45,9,58,1,4,48,10,63,8,0,8,71
11/30/2005,MCN,GA,ASO,ES,Federal Contract Tower,0,0,1,1,2,0,2,51,3,56,0,2,52,4,58,18,0,18,76
12/01/2005,MCN,GA,ASO,ES,Federal Contract Tower,0,0,2,0,2,0,7,62,0,69,0,7,64,0,71,14,0,14,85
12/02/2005,MCN,GA,ASO,ES,Federal Contract Tower,0,0,6,1,7,4,1,62,11,78,4,1,68,12,85,10,0,10,95
12/03/2005,MCN,GA,ASO,ES,Federal Contract Tower,0,0,2,1,3,1,8,27,7,43,1,8,29,8,46,8,0,8,54
12/04/2005,MCN,GA,ASO,ES,Federal Contract Tower,0,0,2,1,3,1,0,16,7,24,1,0,18,8,27,0,0,0,27
12/05/2005,MCN,GA,ASO,ES,Federal Contract Tower,0,1,10,0,11,1,2,17,14,34,1,3,27,14,45,0,0,0,45
12/06/2005,MCN,GA,ASO,ES,Federal Contract Tower,0,0,10,1,11,2,1,69,14,86,2,1,79,15,97,20,2,22,119
12/07/2005,MCN,GA,ASO,ES,Federal Contract Tower,0,0,4,0,4,1,4,45,6,56,1,4,49,6,60,8,0,8,68
12/08/2005,MCN,GA,ASO,ES,Federal Contract Tower,0,0,21,0,21,0,1,26,0,27,0,1,47,0,48,8,0,8,56
12/09/2005,MCN,GA,ASO,ES,Federal Contract Tower,0,0,3,0,3,1,4,47,0,52,1,4,50,0,55,2,0,2,57
12/10/2005,MCN,GA,ASO,ES,Federal Contract Tower,0,0,5,0,5,1,3,53,4,61,1,3,58,4,66,20,0,20,86
12/11/2005,MCN,GA,ASO,ES,Federal Contract Tower,0,0,3,0,3,0,0,26,4,30,0,0,29,4,33,6,0,6,39
12/12/2005,MCN,GA,ASO,ES,Federal Contract Tower,0,0,0,0,0,3,1,30,8,42,3,1,30,8,42,4,0,4,46
12/13/2005,MCN,GA,ASO,ES,Federal Contract Tower,1,0,6,0,7,3,0,64,25,92,4,0,70,25,99,18,0,18,117
12/14/2005,MCN,GA,ASO,ES,Federal Contract Tower,0,0,12,0,12,0,8,51,64,123,0,8,63,64,135,14,0,14,149
12/15/2005,MCN,GA,ASO,ES,Federal Contract Tower,0,1,11,0,12,0,5,7,46,58,0,6,18,46,70,0,0,0,70
12/16/2005,MCN,GA,ASO,ES,Federal Contract Tower,1,0,4,0,5,4,2,60,4,70,5,2,64,4,75,8,0,8,83
12/17/2005,MCN,GA,ASO,ES,Federal Contract Tower,0,0,3,0,3,7,2,26,2,37,7,2,29,2,40,4,0,4,44
12/18/2005,MCN,GA,ASO,ES,Federal Contract Tower,1,0,7,1,9,1,3,27,3,34,2,3,34,4,43,14,2,16,59
12/19/2005,MCN,GA,ASO,ES,Federal Contract Tower,0,0,7,1,8,3,3,44,5,55,3,3,51,6,63,8,0,8,71
12/20/2005,MCN,GA,ASO,ES,Federal Contract Tower,0,0,2,0,2,8,2,42,6,58,8,2,44,6,60,2,0,2,62
12/21/2005,MCN,GA,ASO,ES,Federal Contract Tower,0,0,6,2,8,5,3,30,4,42,5,3,36,6,50,11,4,15,65
12/22/2005,MCN,GA,ASO,ES,Federal Contract Tower,0,0,7,2,9,2,2,67,4,75,2,2,74,6,84,14,10,24,108
12/23/2005,MCN,GA,ASO,ES,Federal Contract Tower,0,0,2,0,2,4,1,27,0,32,4,1,29,0,34,8,0,8,42
12/24/2005,MCN,GA,ASO,ES,Federal Contract Tower,0,0,4,0,4,1,5,21,2,29,1,5,25,2,33,2,0,2,35
12/25/2005,MCN,GA,ASO,ES,Federal Contract Tower,0,0,5,0,5,1,1,9,0,11,1,1,14,0,16,0,0,0,16
12/26/2005,MCN,GA,ASO,ES,Federal Contract Tower,0,0,1,0,1,2,1,32,0,35,2,1,33,0,36,6,0,6,42
12/27/2005,MCN,GA,ASO,ES,Federal Contract Tower,0,0,2,0,2,3,1,62,0,66,3,1,64,0,68,4,0,4,72
12/28/2005,MCN,GA,ASO,ES,Federal Contract Tower,0,1,6,0,7,1,0,20,2,23,1,1,26,2,30,0,0,0,30
12/29/2005,MCN,GA,ASO,ES,Federal Contract Tower,0,0,4,0,4,1,4,44,4,53,1,4,48,4,57,20,0,20,77
12/30/2005,MCN,GA,ASO,ES,Federal Contract Tower,0,0,1,0,1,1,0,49,2,52,1,0,50,2,53,2,0,2,55
12/31/2005,MCN,GA,ASO,ES,Federal Contract Tower,0,0,1,0,1,2,3,23,0,28,2,3,24,0,29,0,0,0,29
01/01/2006,MCN,GA,ASO,ES,Federal Contract Tower,0,0,16,0,16,1,0,17,0,18,1,0,33,0,34,12,0,12,46
01/02/2006,MCN,GA,ASO,ES,Federal Contract Tower,0,0,5,0,5,1,3,8,0,12,1,3,13,0,17,0,0,0,17
01/03/2006,MCN,GA,ASO,ES,Federal Contract Tower,0,0,2,0,2,0,1,38,0,39,0,1,40,0,41,18,0,18,59
01/04/2006,MCN,GA,ASO,ES,Federal Contract Tower,0,0,2,0,2,2,2,49,6,59,2,2,51,6,61,16,0,16,77
01/05/2006,MCN,GA,ASO,ES,Federal Contract Tower,0,0,2,1,3,3,6,42,9,60,3,6,44,10,63,8,6,14,77
01/06/2006,MCN,GA,ASO,ES,Federal Contract Tower,0,0,3,0,3,1,1,52,8,62,1,1,55,8,65,8,0,8,73
01/07/2006,MCN,GA,ASO,ES,Federal Contract Tower,0,0,1,0,1,1,2,31,6,40,1,2,32,6,41,20,0,20,61
01/08/2006,MCN,GA,ASO,ES,Federal Contract Tower,0,0,3,0,3,2,2,44,0,48,2,2,47,0,51,18,0,18,69
01/09/2006,MCN,GA,ASO,ES,Federal Contract Tower,0,0,7,0,7,1,1,42,42,86,1,1,49,42,93,10,0,10,103
01/10/2006,MCN,GA,ASO,ES,Federal Contract Tower,0,0,7,1,8,2,2,57,66,127,2,2,64,67,135,8,0,8,143
01/11/2006,MCN,GA,ASO,ES,Federal Contract Tower,0,0,3,0,3,3,5,38,50,96,3,5,41,50,99,6,0,6,105
01/12/2006,MCN,GA,ASO,ES,Federal Contract Tower,0,0,14,0,14,0,10,51,8,69,0,10,65,8,83,18,0,18,101
01/13/2006,MCN,GA,ASO,ES,Federal Contract Tower,0,0,5,0,5,0,1,25,30,56,0,1,30,30,61,2,0,2,63
01/14/2006,MCN,GA,ASO,ES,Federal Contract Tower,1,0,0,0,1,7,2,26,0,35,8,2,26,0,36,2,0,2,38
01/15/2006,MCN,GA,ASO,ES,Federal Contract Tower,0,0,3,0,3,3,1,43,0,47,3,1,46,0,50,38,0,38,88
01/16/2006,MCN,GA,ASO,ES,Federal Contract Tower,0,0,0,0,0,3,1,40,1,45,3,1,40,1,45,10,0,10,55
01/17/2006,MCN,GA,ASO,ES,Federal Contract Tower,0,0,2,0,2,2,12,17,30,61,2,12,19,30,63,12,0,12,75
01/18/2006,MCN,GA,ASO,ES,Federal Contract Tower,0,0,2,1,3,1,4,42,7,54,1,4,44,8,57,0,2,2,59
01/19/2006,MCN,GA,ASO,ES,Federal Contract Tower,0,0,5,0,5,0,3,67,12,82,0,3,72,12,87,14,0,14,101
01/20/2006,MCN,GA,ASO,ES,Federal Contract Tower,0,0,3,1,4,4,5,63,14,86,4,5,66,15,90,4,2,6,96
01/21/2006,MCN,GA,ASO,ES,Federal Contract Tower,0,0,11,0,11,2,1,23,12,38,2,1,34,12,49,14,0,14,63
01/22/2006,MCN,GA,ASO,ES,Federal Contract Tower,0,2,8,0,10,1,2,17,0,20,1,4,25,0,30,0,0,0,30
01/23/2006,MCN,GA,ASO,ES,Federal Contract Tower,0,8,19,0,27,2,2,19,0,23,2,10,38,0,50,8,0,8,58
01/24/2006,MCN,GA,ASO,ES,Federal Contract Tower,0,0,3,2,5,1,1,50,8,60,1,1,53,10,65,20,6,26,91
01/25/2006,MCN,GA,ASO,ES,Federal Contract Tower,0,0,1,0,1,1,1,38,5,45,1,1,39,5,46,0,0,0,46
01/26/2006,MCN,GA,ASO,ES,Federal Contract Tower,0,0,3,0,3,1,2,92,6,101,1,2,95,6,104,20,0,20,124
01/27/2006,MCN,GA,ASO,ES,Federal Contract Tower,0,0,2,1,3,1,2,55,39,97,1,2,57,40,100,4,0,4,104
01/28/2006,MCN,GA,ASO,ES,Federal Contract Tower,0,0,12,0,12,1,2,68,8,79,1,2,80,8,91,42,0,42,133
01/29/2006,MCN,GA,ASO,ES,Federal Contract Tower,0,1,2,0,3,2,1,11,6,20,2,2,13,6,23,0,0,0,23
01/30/2006,MCN,GA,ASO,ES,Federal Contract Tower,0,0,3,0,3,1,4,23,11,39,1,4,26,11,42,0,0,0,42
01/31/2006,MCN,GA,ASO,ES,Federal Contract Tower,0,0,7,0,7,2,1,60,5,68,2,1,67,5,75,22,0,22,97
02/01/2006,MCN,GA,ASO,ES,Federal Contract Tower,0,0,0,0,0,0,2,52,4,58,0,2,52,4,58,26,0,26,84
02/02/2006,MCN,GA,ASO,ES,Federal Contract Tower,0,0,12,0,12,1,1,18,14,34,1,1,30,14,46,2,0,2,48
02/03/2006,MCN,GA,ASO,ES,Federal Contract Tower,1,0,6,4,11,10,3,58,39,110,11,3,64,43,121,18,6,24,145
02/04/2006,MCN,GA,ASO,ES,Federal Contract Tower,0,0,0,0,0,2,1,10,0,13,2,1,10,0,13,0,0,0,13
02/05/2006,MCN,GA,ASO,ES,Federal Contract Tower,0,0,2,2,4,1,2,32,8,43,1,2,34,10,47,2,4,6,53
02/06/2006,MCN,GA,ASO,ES,Federal Contract Tower,0,0,2,0,2,3,3,34,46,86,3,3,36,46,88,4,0,4,92
02/07/2006,MCN,GA,ASO,ES,Federal Contract Tower,0,0,1,0,1,4,0,52,10,66,4,0,53,10,67,12,0,12,79
02/08/2006,MCN,GA,ASO,ES,Federal Contract Tower,1,0,3,1,5,2,1,46,13,62,3,1,49,14,67,14,4,18,85
02/09/2006,MCN,GA,ASO,ES,Federal Contract Tower,0,0,5,0,5,0,2,52,4,58,0,2,57,4,63,12,0,12,75
02/10/2006,MCN,GA,ASO,ES,Federal Contract Tower,1,0,1,1,3,0,9,60,24,93,1,9,61,25,96,4,0,4,100
02/11/2006,MCN,GA,ASO,ES,Federal Contract Tower,0,0,4,1,5,1,2,12,35,50,1,2,16,36,55,4,4,8,63
02/12/2006,MCN,GA,ASO,ES,Federal Contract Tower,0,0,1,0,1,2,2,35,2,41,2,2,36,2,42,6,0,6,48
02/13/2006,MCN,GA,ASO,ES,Federal Contract Tower,0,0,2,1,3,1,3,43,11,58,1,3,45,12,61,18,0,18,79
02/14/2006,MCN,GA,ASO,ES,Federal Contract Tower,0,0,5,1,6,3,5,62,13,83,3,5,67,14,89,32,0,32,121
02/15/2006,MCN,GA,ASO,ES,Federal Contract Tower,0,0,1,0,1,1,1,44,30,76,1,1,45,30,77,8,2,10,87
02/16/2006,MCN,GA,ASO,ES,Federal Contract Tower,0,0,1,0,1,0,2,65,32,99,0,2,66,32,100,20,0,20,120
02/17/2006,MCN,GA,ASO,ES,Federal Contract Tower,0,0,4,1,5,0,1,59,7,67,0,1,63,8,72,6,2,8,80
02/18/2006,MCN,GA,ASO,ES,Federal Contract Tower,1,0,1,0,2,0,3,13,0,16,1,3,14,0,18,0,0,0,18
02/19/2006,MCN,GA,ASO,ES,Federal Contract Tower,0,0,6,0,6,1,3,24,0,28,1,3,30,0,34,2,0,2,36
02/20/2006,MCN,GA,ASO,ES,Federal Contract Tower,0,1,13,0,14,1,1,13,0,15,1,2,26,0,29,0,0,0,29
02/21/2006,MCN,GA,ASO,ES,Federal Contract Tower,1,0,4,2,7,4,6,42,0,52,5,6,46,2,59,10,0,10,69
02/22/2006,MCN,GA,ASO,ES,Federal Contract Tower,1,0,21,0,22,5,1,36,46,88,6,1,57,46,110,0,0,0,110
02/23/2006,MCN,GA,ASO,ES,Federal Contract Tower,0,0,1,0,1,1,2,42,6,51,1,2,43,6,52,6,0,6,58
02/24/2006,MCN,GA,ASO,ES,Federal Contract Tower,0,0,3,1,4,0,1,67,9,77,0,1,70,10,81,20,0,20,101
02/25/2006,MCN,GA,ASO,ES,Federal Contract Tower,1,1,14,0,16,1,1,19,0,21,2,2,33,0,37,10,0,10,47
02/26/2006,MCN,GA,ASO,ES,Federal Contract Tower,0,0,7,0,7,5,1,63,0,69,5,1,70,0,76,32,0,32,108
02/27/2006,MCN,GA,ASO,ES,Federal Contract Tower,0,0,1,0,1,3,1,41,4,49,3,1,42,4,50,18,0,18,68
02/28/2006,MCN,GA,ASO,ES,Federal Contract Tower,0,0,3,0,3,1,3,40,4,48,1,3,43,4,51,18,0,18,69
03/01/2006,MCN,GA,ASO,ES,Federal Contract Tower,0,0,2,2,4,0,7,57,32,96,0,7,59,34,100,28,4,32,132
03/02/2006,MCN,GA,ASO,ES,Federal Contract Tower,0,0,5,0,5,0,3,30,26,59,0,3,35,26,64,2,4,6,70
03/03/2006,MCN,GA,ASO,ES,Federal Contract Tower,0,0,0,0,0,1,3,65,6,75,1,3,65,6,75,4,0,4,79
03/04/2006,MCN,GA,ASO,ES,Federal Contract Tower,0,0,5,0,5,1,5,43,4,53,1,5,48,4,58,42,0,42,100
03/05/2006,MCN,GA,ASO,ES,Federal Contract Tower,0,0,3,0,3,1,3,49,2,55,1,3,52,2,58,6,0,6,64
03/06/2006,MCN,GA,ASO,ES,Federal Contract Tower,0,0,2,0,2,1,1,31,10,43,1,1,33,10,45,4,0,4,49
03/07/2006,MCN,GA,ASO,ES,Federal Contract Tower,0,0,6,0,6,2,4,52,6,64,2,4,58,6,70,16,0,16,86
03/08/2006,MCN,GA,ASO,ES,Federal Contract Tower,0,0,4,0,4,1,7,70,56,134,1,7,74,56,138,10,0,10,148
03/09/2006,MCN,GA,ASO,ES,Federal Contract Tower,0,0,4,0,4,4,5,47,22,78,4,5,51,22,82,6,0,6,88
03/10/2006,MCN,GA,ASO,ES,Federal Contract Tower,1,0,8,0,9,1,4,20,6,31,2,4,28,6,40,0,0,0,40
03/11/2006,MCN,GA,ASO,ES,Federal Contract Tower,0,0,1,0,1,1,6,29,16,52,1,6,30,16,53,4,0,4,57
03/12/2006,MCN,GA,ASO,ES,Federal Contract Tower,0,0,2,1,3,1,1,47,5,54,1,1,49,6,57,28,0,28,85
03/13/2006,MCN,GA,ASO,ES,Federal Contract Tower,0,3,5,1,9,1,11,33,15,60,1,14,38,16,69,8,0,8,77
03/14/2006,MCN,GA,ASO,ES,Federal Contract Tower,1,0,2,1,4,5,6,55,4,70,6,6,57,5,74,16,4,20,94
03/15/2006,MCN,GA,ASO,ES,Federal Contract Tower,2,0,1,2,5,5,5,42,8,60,7,5,43,10,65,2,8,10,75
03/16/2006,MCN,GA,ASO,ES,Federal Contract Tower,0,0,7,2,9,0,1,40,4,45,0,1,47,6,54,6,0,6,60
03/17/2006,MCN,GA,ASO,ES,Federal Contract Tower,0,0,4,2,6,2,3,64,15,84,2,3,68,17,90,6,4,10,100
03/18/2006,MCN,GA,ASO,ES,Federal Contract Tower,0,0,1,0,1,1,2,29,3,35,1,2,30,3,36,16,0,16,52
03/19/2006,MCN,GA,ASO,ES,Federal Contract Tower,0,1,15,0,16,1,4,21,8,34,1,5,36,8,50,0,0,0,50
03/20/2006,MCN,GA,ASO,ES,Federal Contract Tower,0,0,7,2,9,1,1,23,34,59,1,1,30,36,68,0,0,0,68
03/21/2006,MCN,GA,ASO,ES,Federal Contract Tower,0,0,0,0,0,2,5,42,4,53,2,5,42,4,53,18,0,18,71
03/22/2006,MCN,GA,ASO,ES,Federal Contract Tower,0,0,1,0,1,1,5,62,7,75,1,5,63,7,76,2,4,6,82
03/23/2006,MCN,GA,ASO,ES,Federal Contract Tower,0,1,2,0,3,0,5,31,37,73,0,6,33,37,76,2,0,2,78
03/24/2006,MCN,GA,ASO,ES,Federal Contract Tower,0,1,6,0,7,1,2,44,19,66,1,3,50,19,73,16,0,16,89
03/25/2006,MCN,GA,ASO,ES,Federal Contract Tower,0,0,3,0,3,1,1,41,4,47,1,1,44,4,50,4,0,4,54
03/26/2006,MCN,GA,ASO,ES,Federal Contract Tower,0,0,0,0,0,5,2,48,4,59,5,2,48,4,59,26,0,26,85
03/27/2006,MCN,GA,ASO,ES,Federal Contract Tower,0,0,1,0,1,0,2,59,24,85,0,2,60,24,86,14,0,14,100
03/28/2006,MCN,GA,ASO,ES,Federal Contract Tower,0,0,0,0,0,2,6,53,38,99,2,6,53,38,99,14,0,14,113
03/29/2006,MCN,GA,ASO,ES,Federal Contract Tower,1,0,7,0,8,2,5,44,2,53,3,5,51,2,61,20,0,20,81
03/30/2006,MCN,GA,ASO,ES,Federal Contract Tower,0,0,5,0,5,2,2,45,22,71,2,2,50,22,76,24,0,24,100
03/31/2006,MCN,GA,ASO,ES,Federal Contract Tower,0,0,2,0,2,2,1,69,53,125,2,1,71,53,127,38,0,38,165
04/01/2006,MCN,GA,ASO,ES,Federal Contract Tower,1,0,5,0,6,7,1,27,0,35,8,1,32,0,41,10,0,10,51
04/02/2006,MCN,GA,ASO,ES,Federal Contract Tower,0,1,2,3,6,3,4,65,8,80,3,5,67,11,86,4,4,8,94
04/03/2006,MCN,GA,ASO,ES,Federal Contract Tower,0,0,1,0,1,1,1,28,4,34,1,1,29,4,35,0,0,0,35
04/04/2006,MCN,GA,ASO,ES,Federal Contract Tower,0,0,4,0,4,4,2,58,0,64,4,2,62,0,68,14,0,14,82
04/05/2006,MCN,GA,ASO,ES,Federal Contract Tower,0,0,5,0,5,2,2,61,4,69,2,2,66,4,74,6,0,6,80
04/06/2006,MCN,GA,ASO,ES,Federal Contract Tower,0,0,0,0,0,0,9,62,54,125,0,9,62,54,125,2,4,6,131
04/07/2006,MCN,GA,ASO,ES,Federal Contract Tower,0,0,1,0,1,2,1,52,47,102,2,1,53,47,103,0,0,0,103
04/08/2006,MCN,GA,ASO,ES,Federal Contract Tower,1,0,9,0,10,0,1,11,0,12,1,1,20,0,22,0,0,0,22
04/09/2006,MCN,GA,ASO,ES,Federal Contract Tower,1,0,13,1,15,1,1,38,2,42,2,1,51,3,57,18,0,18,75
04/10/2006,MCN,GA,ASO,ES,Federal Contract Tower,0,0,1,0,1,1,1,76,14,92,1,1,77,14,93,8,0,8,101
04/11/2006,MCN,GA,ASO,ES,Federal Contract Tower,1,0,2,0,3,1,1,66,46,114,2,1,68,46,117,30,0,30,147
04/12/2006,MCN,GA,ASO,ES,Federal Contract Tower,0,0,1,0,1,1,4,57,28,90,1,4,58,28,91,2,4,6,97
04/13/2006,MCN,GA,ASO,ES,Federal Contract Tower,0,0,4,0,4,0,1,37,4,42,0,1,41,4,46,16,0,16,62
04/14/2006,MCN,GA,ASO,ES,Federal Contract Tower,0,0,4,1,5,1,7,63,4,75,1,7,67,5,80,8,2,10,90
04/15/2006,MCN,GA,ASO,ES,Federal Contract Tower,0,0,3,0,3,1,2,41,0,44,1,2,44,0,47,22,0,22,69
04/16/2006,MCN,GA,ASO,ES,Federal Contract Tower,0,0,0,0,0,0,1,36,2,39,0,1,36,2,39,16,0,16,55
04/17/2006,MCN,GA,ASO,ES,Federal Contract Tower,0,0,8,0,8,1,0,35,0,36,1,0,43,0,44,58,0,58,102
04/18/2006,MCN,GA,ASO,ES,Federal Contract Tower,0,0,10,0,10,3,2,43,2,50,3,2,53,2,60,22,0,22,82
04/19/2006,MCN,GA,ASO,ES,Federal Contract Tower,0,2,12,1,15,1,2,37,3,43,1,4,49,4,58,0,0,0,58
04/20/2006,MCN,GA,ASO,ES,Federal Contract Tower,0,0,3,0,3,0,5,61,14,80,0,5,64,14,83,6,0,6,89
04/21/2006,MCN,GA,ASO,ES,Federal Contract Tower,0,0,2,2,4,3,1,45,54,103,3,1,47,56,107,6,10,16,123
04/22/2006,MCN,GA,ASO,ES,Federal Contract Tower,0,0,3,0,3,2,2,14,2,20,2,2,17,2,23,4,0,4,27
04/23/2006,MCN,GA,ASO,ES,Federal Contract Tower,0,0,0,0,0,2,1,34,1,38,2,1,34,1,38,14,0,14,52
04/24/2006,MCN,GA,ASO,ES,Federal Contract Tower,0,0,6,0,6,1,2,54,16,73,1,2,60,16,79,10,0,10,89
04/25/2006,MCN,GA,ASO,ES,Federal Contract Tower,0,0,1,0,1,2,2,47,2,53,2,2,48,2,54,2,0,2,56
04/26/2006,MCN,GA,ASO,ES,Federal Contract Tower,1,1,11,0,13,0,4,34,6,44,1,5,45,6,57,10,0,10,67
04/27/2006,MCN,GA,ASO,ES,Federal Contract Tower,0,7,13,0,20,0,0,51,5,56,0,7,64,5,76,30,0,30,106
04/28/2006,MCN,GA,ASO,ES,Federal Contract Tower,0,0,10,3,13,3,4,83,15,105,3,4,93,18,118,32,0,32,150
04/29/2006,MCN,GA,ASO,ES,Federal Contract Tower,0,0,8,0,8,1,2,44,22,69,1,2,52,22,77,8,0,8,85
04/30/2006,MCN,GA,ASO,ES,Federal Contract Tower,0,0,7,0,7,1,1,39,2,43,1,1,46,2,50,14,0,14,64
05/01/2006,MCN,GA,ASO,ES,Federal Contract Tower,0,0,2,1,3,2,1,43,7,53,2,1,45,8,56,4,4,8,64
05/02/2006,MCN,GA,ASO,ES,Federal Contract Tower,0,0,3,0,3,2,3,45,0,50,2,3,48,0,53,34,0,34,87
05/03/2006,MCN,GA,ASO,ES,Federal Contract Tower,1,2,10,0,13,3,6,52,10,71,4,8,62,10,84,12,0,12,96
05/04/2006,MCN,GA,ASO,ES,Federal Contract Tower,0,0,2,0,2,1,6,59,0,66,1,6,61,0,68,4,0,4,72
05/05/2006,MCN,GA,ASO,ES,Federal Contract Tower,0,0,4,2,6,0,1,43,29,73,0,1,47,31,79,4,0,4,83
05/06/2006,MCN,GA,ASO,ES,Federal Contract Tower,0,0,3,0,3,2,1,40,1,44,2,1,43,1,47,0,0,0,47
05/07/2006,MCN,GA,ASO,ES,Federal Contract Tower,0,0,5,0,5,1,1,28,4,34,1,1,33,4,39,4,0,4,43
05/08/2006,MCN,GA,ASO,ES,Federal Contract Tower,1,0,13,1,15,3,1,18,48,70,4,1,31,49,85,0,0,0,85
05/09/2006,MCN,GA,ASO,ES,Federal Contract Tower,3,2,17,1,23,0,1,33,55,89,3,3,50,56,112,14,0,14,126
05/10/2006,MCN,GA,ASO,ES,Federal Contract Tower,1,1,12,0,14,1,0,18,26,45,2,1,30,26,59,0,0,0,59
05/11/2006,MCN,GA,ASO,ES,Federal Contract Tower,0,0,4,0,4,1,1,30,0,32,1,1,34,0,36,2,0,2,38
05/12/2006,MCN,GA,ASO,ES,Federal Contract Tower,0,0,6,0,6,2,2,36,2,42,2,2,42,2,48,20,0,20,68
05/13/2006,MCN,GA,ASO,ES,Federal Contract Tower,0,0,1,0,1,0,1,23,2,26,0,1,24,2,27,0,0,0,27
05/14/2006,MCN,GA,ASO,ES,Federal Contract Tower,0,0,4,0,4,2,1,24,4,31,2,1,28,4,35,0,0,0,35
05/15/2006,MCN,GA,ASO,ES,Federal Contract Tower,0,1,3,0,4,2,2,41,12,57,2,3,44,12,61,2,0,2,63
05/16/2006,MCN,GA,ASO,ES,Federal Contract Tower,0,0,2,0,2,5,3,45,3,56,5,3,47,3,58,6,0,6,64
05/17/2006,MCN,GA,ASO,ES,Federal Contract Tower,0,1,3,0,4,1,2,50,8,61,1,3,53,8,65,0,0,0,65
05/18/2006,MCN,GA,ASO,ES,Federal Contract Tower,0,0,4,2,6,1,1,59,11,72,1,1,63,13,78,6,0,6,84
05/19/2006,MCN,GA,ASO,ES,Federal Contract Tower,0,1,1,1,3,2,3,53,8,66,2,4,54,9,69,18,0,18,87
05/20/2006,MCN,GA,ASO,ES,Federal Contract Tower,0,0,0,0,0,1,1,14,0,16,1,1,14,0,16,4,0,4,20
05/21/2006,MCN,GA,ASO,ES,Federal Contract Tower,0,0,1,1,2,1,5,26,6,38,1,5,27,7,40,10,2,12,52
05/22/2006,MCN,GA,ASO,ES,Federal Contract Tower,0,0,2,0,2,3,14,37,10,64,3,14,39,10,66,22,0,22,88
05/23/2006,MCN,GA,ASO,ES,Federal Contract Tower,0,0,2,1,3,3,2,75,7,87,3,2,77,8,90,14,2,16,106
05/24/2006,MCN,GA,ASO,ES,Federal Contract Tower,0,0,4,0,4,2,1,75,12,90,2,1,79,12,94,26,2,28,122
05/25/2006,MCN,GA,ASO,ES,Federal Contract Tower,0,0,6,1,7,0,2,59,5,66,0,2,65,6,73,10,2,12,85
05/26/2006,MCN,GA,ASO,ES,Federal Contract Tower,0,0,3,2,5,1,3,58,7,69,1,3,61,9,74,14,0,14,88
05/27/2006,MCN,GA,ASO,ES,Federal Contract Tower,0,0,0,0,0,1,4,30,0,35,1,4,30,0,35,8,0,8,43
05/28/2006,MCN,GA,ASO,ES,Federal Contract Tower,0,0,2,0,2,3,1,24,1,29,3,1,26,1,31,2,0,2,33
05/29/2006,MCN,GA,ASO,ES,Federal Contract Tower,0,0,0,0,0,3,4,35,2,44,3,4,35,2,44,12,0,12,56
05/30/2006,MCN,GA,ASO,ES,Federal Contract Tower,0,0,4,4,8,4,4,30,14,52,4,4,34,18,60,36,4,40,100
05/31/2006,MCN,GA,ASO,ES,Federal Contract Tower,1,0,4,0,5,1,3,85,2,91,2,3,89,2,96,16,0,16,112
06/01/2006,MCN,GA,ASO,ES,Federal Contract Tower,0,0,1,1,2,1,6,48,39,94,1,6,49,40,96,10,2,12,108
06/02/2006,MCN,GA,ASO,ES,Federal Contract Tower,0,0,8,0,8,2,9,45,24,80,2,9,53,24,88,14,0,14,102
06/03/2006,MCN,GA,ASO,ES,Federal Contract Tower,0,0,3,0,3,1,3,24,0,28,1,3,27,0,31,24,0,24,55
06/04/2006,MCN,GA,ASO,ES,Federal Contract Tower,0,0,3,0,3,5,1,38,0,44,5,1,41,0,47,14,0,14,61
06/05/2006,MCN,GA,ASO,ES,Federal Contract Tower,0,0,2,0,2,1,3,37,4,45,1,3,39,4,47,18,0,18,65
06/06/2006,MCN,GA,ASO,ES,Federal Contract Tower,0,0,1,0,1,2,3,46,8,59,2,3,47,8,60,14,2,16,76
06/07/2006,MCN,GA,ASO,ES,Federal Contract Tower,0,0,0,0,0,1,2,69,10,82,1,2,69,10,82,28,0,28,110
06/08/2006,MCN,GA,ASO,ES,Federal Contract Tower,0,0,1,1,2,1,2,60,9,72,1,2,61,10,74,18,2,20,94
06/09/2006,MCN,GA,ASO,ES,Federal Contract Tower,0,0,3,1,4,1,5,45,10,61,1,5,48,11,65,12,2,14,79
06/10/2006,MCN,GA,ASO,ES,Federal Contract Tower,0,0,2,0,2,5,2,38,2,47,5,2,40,2,49,14,0,14,63
06/11/2006,MCN,GA,ASO,ES,Federal Contract Tower,0,0,0,0,0,4,2,45,8,59,4,2,45,8,59,16,0,16,75
06/12/2006,MCN,GA,ASO,ES,Federal Contract Tower,0,0,1,0,1,1,6,30,30,67,1,6,31,30,68,32,0,32,100
06/13/2006,MCN,GA,ASO,ES,Federal Contract Tower,0,1,4,0,5,1,0,18,30,49,1,1,22,30,54,8,0,8,62
06/14/2006,MCN,GA,ASO,ES,Federal Contract Tower,0,0,4,0,4,2,3,49,10,64,2,3,53,10,68,12,0,12,80
06/15/2006,MCN,GA,ASO,ES,Federal Contract Tower,0,0,6,2,8,0,2,55,5,62,0,2,61,7,70,8,0,8,78
06/16/2006,MCN,GA,ASO,ES,Federal Contract Tower,1,0,5,1,7,4,3,54,48,109,5,3,59,49,116,14,0,14,130
06/17/2006,MCN,GA,ASO,ES,Federal Contract Tower,0,0,1,0,1,0,3,40,5,48,0,3,41,5,49,14,0,14,63
06/18/2006,MCN,GA,ASO,ES,Federal Contract Tower,0,0,1,1,2,1,2,26,0,29,1,2,27,1,31,4,0,4,35
06/19/2006,MCN,GA,ASO,ES,Federal Contract Tower,0,1,7,1,9,1,1,65,29,96,1,2,72,30,105,34,2,36,141
06/20/2006,MCN,GA,ASO,ES,Federal Contract Tower,0,0,1,0,1,1,1,23,19,44,1,1,24,19,45,4,0,4,49
06/21/2006,MCN,GA,ASO,ES,Federal Contract Tower,0,0,1,0,1,1,5,48,30,84,1,5,49,30,85,10,0,10,95
06/22/2006,MCN,GA,ASO,ES,Federal Contract Tower,0,0,2,2,4,1,2,41,42,86,1,2,43,44,90,4,0,4,94
06/23/2006,MCN,GA,ASO,ES,Federal Contract Tower,0,0,9,0,9,1,1,52,50,104,1,1,61,50,113,10,0,10,123
06/24/2006,MCN,GA,ASO,ES,Federal Contract Tower,0,0,1,0,1,2,1,28,4,35,2,1,29,4,36,18,0,18,54
06/25/2006,MCN,GA,ASO,ES,Federal Contract Tower,0,1,5,0,6,5,10,28,2,45,5,11,33,2,51,2,0,2,53
06/26/2006,MCN,GA,ASO,ES,Federal Contract Tower,1,3,9,0,13,3,1,29,16,49,4,4,38,16,62,0,0,0,62
06/27/2006,MCN,GA,ASO,ES,Federal Contract Tower,0,1,12,3,16,1,3,53,3,60,1,4,65,6,76,2,2,4,80
06/28/2006,MCN,GA,ASO,ES,Federal Contract Tower,0,0,10,0,10,1,2,27,0,30,1,2,37,0,40,10,0,10,50
06/29/2006,MCN,GA,ASO,ES,Federal Contract Tower,0,0,9,0,9,0,1,54,11,66,0,1,63,11,75,6,0,6,81
06/30/2006,MCN,GA,ASO,ES,Federal Contract Tower,0,0,1,0,1,1,5,59,2,67,1,5,60,2,68,8,0,8,76
07/01/2006,MCN,GA,ASO,ES,Federal Contract Tower,0,0,1,1,2,4,2,35,1,42,4,2,36,2,44,28,0,28,72
07/02/2006,MCN,GA,ASO,ES,Federal Contract Tower,0,0,3,0,3,4,4,29,0,37,4,4,32,0,40,4,0,4,44
07/03/2006,MCN,GA,ASO,ES,Federal Contract Tower,0,0,4,0,4,2,5,31,0,38,2,5,35,0,42,8,0,8,50
07/04/2006,MCN,GA,ASO,ES,Federal Contract Tower,0,0,1,0,1,4,7,10,0,21,4,7,11,0,22,4,0,4,26
07/05/2006,MCN,GA,ASO,ES,Federal Contract Tower,0,0,1,0,1,2,6,44,40,92,2,6,45,40,93,4,0,4,97
07/06/2006,MCN,GA,ASO,ES,Federal Contract Tower,1,0,6,0,7,5,5,32,8,50,6,5,38,8,57,4,0,4,61
07/07/2006,MCN,GA,ASO,ES,Federal Contract Tower,0,1,13,1,15,2,2,57,9,70,2,3,70,10,85,22,4,26,111
07/08/2006,MCN,GA,ASO,ES,Federal Contract Tower,0,0,6,0,6,0,9,51,4,64,0,9,57,4,70,6,0,6,76
07/09/2006,MCN,GA,ASO,ES,Federal Contract Tower,0,0,7,1,8,2,3,41,3,49,2,3,48,4,57,32,0,32,89
07/10/2006,MCN,GA,ASO,ES,Federal Contract Tower,0,0,3,3,6,1,3,41,17,62,1,3,44,20,68,12,14,26,94
07/11/2006,MCN,GA,ASO,ES,Federal Contract Tower,0,1,2,3,6,4,4,41,59,108,4,5,43,62,114,24,0,24,138
07/12/2006,MCN,GA,ASO,ES,Federal Contract Tower,0,0,1,1,2,1,3,49,30,83,1,3,50,31,85,8,0,8,93
07/13/2006,MCN,GA,ASO,ES,Federal Contract Tower,0,0,0,0,0,1,2,51,30,84,1,2,51,30,84,2,0,2,86
07/14/2006,MCN,GA,ASO,ES,Federal Contract Tower,0,0,2,0,2,1,0,50,8,59,1,0,52,8,61,2,0,2,63
07/15/2006,MCN,GA,ASO,ES,Federal Contract Tower,0,0,3,0,3,1,2,38,4,45,1,2,41,4,48,8,0,8,56
07/16/2006,MCN,GA,ASO,ES,Federal Contract Tower,0,0,1,0,1,1,4,16,4,25,1,4,17,4,26,14,0,14,40
07/17/2006,MCN,GA,ASO,ES,Federal Contract Tower,0,1,3,1,5,1,7,40,21,69,1,8,43,22,74,4,0,4,78
07/18/2006,MCN,GA,ASO,ES,Federal Contract Tower,0,0,2,1,3,5,4,31,63,103,5,4,33,64,106,8,2,10,116
07/19/2006,MCN,GA,ASO,ES,Federal Contract Tower,0,0,2,0,2,1,3,43,42,89,1,3,45,42,91,8,0,8,99
07/20/2006,MCN,GA,ASO,ES,Federal Contract Tower,0,2,9,0,11,0,1,41,60,102,0,3,50,60,113,10,0,10,123
07/21/2006,MCN,GA,ASO,ES,Federal Contract Tower,0,0,3,3,6,3,4,41,31,79,3,4,44,34,85,10,7,17,102
07/22/2006,MCN,GA,ASO,ES,Federal Contract Tower,3,0,2,0,5,0,2,20,4,26,3,2,22,4,31,6,0,6,37
07/23/2006,MCN,GA,ASO,ES,Federal Contract Tower,0,0,2,0,2,1,1,8,2,12,1,1,10,2,14,0,0,0,14
07/24/2006,MCN,GA,ASO,ES,Federal Contract Tower,0,0,10,2,12,2,4,38,24,68,2,4,48,26,80,0,8,8,88
07/25/2006,MCN,GA,ASO,ES,Federal Contract Tower,0,0,11,0,11,1,5,38,6,50,1,5,49,6,61,4,0,4,65
07/26/2006,MCN,GA,ASO,ES,Federal Contract Tower,0,0,1,0,1,4,1,45,10,60,4,1,46,10,61,16,0,16,77
07/27/2006,MCN,GA,ASO,ES,Federal Contract Tower,2,0,3,0,5,1,2,63,12,78,3,2,66,12,83,10,0,10,93
07/28/2006,MCN,GA,ASO,ES,Federal Contract Tower,0,0,3,0,3,3,1,41,6,51,3,1,44,6,54,4,0,4,58
07/29/2006,MCN,GA,ASO,ES,Federal Contract Tower,6,0,3,0,9,6,3,29,0,38,12,3,32,0,47,20,0,20,67
07/30/2006,MCN,GA,ASO,ES,Federal Contract Tower,2,2,7,0,11,3,7,17,0,27,5,9,24,0,38,4,0,4,42
07/31/2006,MCN,GA,ASO,ES,Federal Contract Tower,3,1,3,4,11,6,3,31,44,84,9,4,34,48,95,4,6,10,105
08/01/2006,MCN,GA,ASO,ES,Federal Contract Tower,0,0,4,0,4,2,3,63,56,124,2,3,67,56,128,32,0,32,160
08/02/2006,MCN,GA,ASO,ES,Federal Contract Tower,0,0,6,0,6,5,1,38,12,56,5,1,44,12,62,12,0,12,74
08/03/2006,MCN,GA,ASO,ES,Federal Contract Tower,0,0,2,0,2,0,3,39,2,44,0,3,41,2,46,20,0,20,66
08/04/2006,MCN,GA,ASO,ES,Federal Contract Tower,0,0,1,4,5,2,5,42,24,73,2,5,43,28,78,0,12,12,90
08/05/2006,MCN,GA,ASO,ES,Federal Contract Tower,0,0,0,0,0,3,4,34,2,43,3,4,34,2,43,12,0,12,55
08/06/2006,MCN,GA,ASO,ES,Federal Contract Tower,0,0,0,0,0,2,2,24,4,32,2,2,24,4,32,18,0,18,50
08/07/2006,MCN,GA,ASO,ES,Federal Contract Tower,0,1,3,0,4,1,6,40,12,59,1,7,43,12,63,0,0,0,63
08/08/2006,MCN,GA,ASO,ES,Federal Contract Tower,1,2,8,0,11,3,3,30,4,40,4,5,38,4,51,4,0,4,55
08/09/2006,MCN,GA,ASO,ES,Federal Contract Tower,0,0,0,0,0,2,2,41,2,47,2,2,41,2,47,12,0,12,59
08/10/2006,MCN,GA,ASO,ES,Federal Contract Tower,0,0,1,0,1,3,8,69,10,90,3,8,70,10,91,24,0,24,115
08/11/2006,MCN,GA,ASO,ES,Federal Contract Tower,0,0,1,0,1,1,3,45,2,51,1,3,46,2,52,0,0,0,52
08/12/2006,MCN,GA,ASO,ES,Federal Contract Tower,0,0,2,0,2,1,6,34,6,47,1,6,36,6,49,0,0,0,49
08/13/2006,MCN,GA,ASO,ES,Federal Contract Tower,0,0,11,0,11,5,3,20,0,28,5,3,31,0,39,8,0,8,47
08/14/2006,MCN,GA,ASO,ES,Federal Contract Tower,0,0,5,0,5,1,1,49,12,63,1,1,54,12,68,8,0,8,76
08/15/2006,MCN,GA,ASO,ES,Federal Contract Tower,0,0,0,1,1,0,4,47,11,62,0,4,47,12,63,0,10,10,73
08/16/2006,MCN,GA,ASO,ES,Federal Contract Tower,0,0,3,0,3,1,2,38,8,49,1,2,41,8,52,2,0,2,54
08/17/2006,MCN,GA,ASO,ES,Federal Contract Tower,0,4,14,3,21,1,3,52,15,71,1,7,66,18,92,8,0,8,100
08/18/2006,MCN,GA,ASO,ES,Federal Contract Tower,3,0,2,0,5,6,5,39,6,56,9,5,41,6,61,4,0,4,65
08/19/2006,MCN,GA,ASO,ES,Federal Contract Tower,0,0,0,0,0,3,5,32,10,50,3,5,32,10,50,38,14,52,102
08/20/2006,MCN,GA,ASO,ES,Federal Contract Tower,0,0,0,0,0,5,4,26,10,45,5,4,26,10,45,26,0,26,71
08/21/2006,MCN,GA,ASO,ES,Federal Contract Tower,0,0,4,0,4,3,4,37,14,58,3,4,41,14,62,2,0,2,64
08/22/2006,MCN,GA,ASO,ES,Federal Contract Tower,1,0,9,0,10,1,5,69,30,105,2,5,78,30,115,24,0,24,139
08/23/2006,MCN,GA,ASO,ES,Federal Contract Tower,2,0,7,0,9,0,4,42,10,56,2,4,49,10,65,2,0,2,67
08/24/2006,MCN,GA,ASO,ES,Federal Contract Tower,0,0,6,0,6,0,2,26,4,32,0,2,32,4,38,2,0,2,40
08/25/2006,MCN,GA,ASO,ES,Federal Contract Tower,0,0,3,5,8,4,3,37,9,53,4,3,40,14,61,0,2,2,63
08/26/2006,MCN,GA,ASO,ES,Federal Contract Tower,1,0,9,0,10,3,0,39,15,57,4,0,48,15,67,6,0,6,73
08/27/2006,MCN,GA,ASO,ES,Federal Contract Tower,0,0,4,0,4,1,4,26,5,36,1,4,30,5,40,10,0,10,50
08/28/2006,MCN,GA,ASO,ES,Federal Contract Tower,0,0,0,1,1,0,4,44,13,61,0,4,44,14,62,2,4,6,68
08/29/2006,MCN,GA,ASO,ES,Federal Contract Tower,0,0,5,0,5,2,7,46,10,65,2,7,51,10,70,10,0,10,80
08/30/2006,MCN,GA,ASO,ES,Federal Contract Tower,0,1,1,0,2,2,0,40,8,50,2,1,41,8,52,4,4,8,60
08/31/2006,MCN,GA,ASO,ES,Federal Contract Tower,0,0,8,0,8,0,0,22,10,32,0,0,30,10,40,0,0,0,40
09/01/2006,MCN,GA,ASO,ES,Federal Contract Tower,1,0,8,0,9,0,5,31,10,46,1,5,39,10,55,0,4,4,59
09/02/2006,MCN,GA,ASO,ES,Federal Contract Tower,1,0,6,0,7,0,2,28,0,30,1,2,34,0,37,24,0,24,61
09/03/2006,MCN,GA,ASO,ES,Federal Contract Tower,0,0,2,3,5,1,2,17,7,27,1,2,19,10,32,2,4,6,38
09/04/2006,MCN,GA,ASO,ES,Federal Contract Tower,0,0,6,0,6,1,1,45,0,47,1,1,51,0,53,8,0,8,61
09/05/2006,MCN,GA,ASO,ES,Federal Contract Tower,1,4,3,0,8,4,6,39,28,77,5,10,42,28,85,30,0,30,115
09/06/2006,MCN,GA,ASO,ES,Federal Contract Tower,0,0,10,4,14,0,1,24,6,31,0,1,34,10,45,4,0,4,49
09/07/2006,MCN,GA,ASO,ES,Federal Contract Tower,0,2,4,6,12,1,8,36,17,62,1,10,40,23,74,2,2,4,78
09/08/2006,MCN,GA,ASO,ES,Federal Contract Tower,1,1,4,4,10,4,7,39,43,93,5,8,43,47,103,21,4,25,128
09/09/2006,MCN,GA,ASO,ES,Federal Contract Tower,1,0,5,2,8,1,1,25,4,31,2,1,30,6,39,4,0,4,43
09/10/2006,MCN,GA,ASO,ES,Federal Contract Tower,1,0,11,4,16,3,2,36,17,58,4,2,47,21,74,28,0,28,102
09/11/2006,MCN,GA,ASO,ES,Federal Contract Tower,0,0,8,0,8,1,1,60,38,100,1,1,68,38,108,6,0,6,114
09/12/2006,MCN,GA,ASO,ES,Federal Contract Tower,1,2,10,2,15,1,5,40,52,98,2,7,50,54,113,0,14,14,127
09/13/2006,MCN,GA,ASO,ES,Federal Contract Tower,0,0,13,1,14,2,2,16,30,50,2,2,29,31,64,2,0,2,66
09/14/2006,MCN,GA,ASO,ES,Federal Contract Tower,0,0,3,1,4,3,7,39,16,65,3,7,42,17,69,6,4,10,79
09/15/2006,MCN,GA,ASO,ES,Federal Contract Tower,3,0,2,0,5,3,5,64,6,78,6,5,66,6,83,18,0,18,101
09/16/2006,MCN,GA,ASO,ES,Federal Contract Tower,0,1,4,4,9,2,2,28,13,45,2,3,32,17,54,10,6,16,70
09/17/2006,MCN,GA,ASO,ES,Federal Contract Tower,1,1,4,6,12,2,2,28,6,38,3,3,32,12,50,2,0,2,52
09/18/2006,MCN,GA,ASO,ES,Federal Contract Tower,0,0,4,0,4,1,1,30,41,73,1,1,34,41,77,0,0,0,77
09/19/2006,MCN,GA,ASO,ES,Federal Contract Tower,0,0,5,0,5,3,2,21,24,50,3,2,26,24,55,0,0,0,55
09/20/2006,MCN,GA,ASO,ES,Federal Contract Tower,0,0,0,0,0,2,3,44,8,57,2,3,44,8,57,13,0,13,70
09/21/2006,MCN,GA,ASO,ES,Federal Contract Tower,0,0,5,0,5,0,3,70,24,97,0,3,75,24,102,8,0,8,110
09/22/2006,MCN,GA,ASO,ES,Federal Contract Tower,0,0,0,1,1,9,6,47,34,96,9,6,47,35,97,10,24,34,131
09/23/2006,MCN,GA,ASO,ES,Federal Contract Tower,0,0,4,0,4,1,1,30,6,38,1,1,34,6,42,8,0,8,50
09/24/2006,MCN,GA,ASO,ES,Federal Contract Tower,0,0,5,0,5,2,1,15,8,26,2,1,20,8,31,0,0,0,31
09/25/2006,MCN,GA,ASO,ES,Federal Contract Tower,0,0,3,0,3,1,4,43,7,55,1,4,46,7,58,20,0,20,78
09/26/2006,MCN,GA,ASO,ES,Federal Contract Tower,0,0,0,0,0,2,5,50,12,69,2,5,50,12,69,6,0,6,75
09/27/2006,MCN,GA,ASO,ES,Federal Contract Tower,0,0,3,0,3,3,1,57,8,69,3,1,60,8,72,10,8,18,90
09/28/2006,MCN,GA,ASO,ES,Federal Contract Tower,0,0,2,0,2,4,1,43,18,66,4,1,45,18,68,16,0,16,84
09/29/2006,MCN,GA,ASO,ES,Federal Contract Tower,0,0,2,0,2,2,4,44,4,54,2,4,46,4,56,12,0,12,68
09/30/2006,MCN,GA,ASO,ES,Federal Contract Tower,0,0,1,0,1,1,2,14,5,22,1,2,15,5,23,4,0,4,27
10/01/2006,MCN,GA,ASO,ES,Federal Contract Tower,0,0,1,0,1,4,2,43,0,49,4,2,44,0,50,10,0,10,60
10/02/2006,MCN,GA,ASO,ES,Federal Contract Tower,0,0,4,0,4,2,2,41,8,53,2,2,45,8,57,6,0,6,63
10/03/2006,MCN,GA,ASO,ES,Federal Contract Tower,0,0,4,0,4,2,2,53,24,81,2,2,57,24,85,8,0,8,93
10/04/2006,MCN,GA,ASO,ES,Federal Contract Tower,0,2,6,0,8,1,12,46,7,66,1,14,52,7,74,24,0,24,98
10/05/2006,MCN,GA,ASO,ES,Federal Contract Tower,1,0,1,0,2,1,7,37,12,57,2,7,38,12,59,16,0,16,75
10/06/2006,MCN,GA,ASO,ES,Federal Contract Tower,0,0,7,5,12,1,10,61,13,85,1,10,68,18,97,2,4,6,103
10/07/2006,MCN,GA,ASO,ES,Federal Contract Tower,0,0,3,0,3,1,1,37,2,41,1,1,40,2,44,4,2,6,50
10/08/2006,MCN,GA,ASO,ES,Federal Contract Tower,0,0,3,0,3,3,1,34,0,38,3,1,37,0,41,4,0,4,45
10/09/2006,MCN,GA,ASO,ES,Federal Contract Tower,1,1,8,1,11,4,3,19,5,31,5,4,27,6,42,4,2,6,48
10/10/2006,MCN,GA,ASO,ES,Federal Contract Tower,0,1,0,0,1,3,7,35,0,45,3,8,35,0,46,0,0,0,46
10/11/2006,MCN,GA,ASO,ES,Federal Contract Tower,0,0,3,4,7,1,2,38,13,54,1,2,41,17,61,16,4,20,81
10/12/2006,MCN,GA,ASO,ES,Federal Contract Tower,0,0,3,0,3,5,3,51,12,71,5,3,54,12,74,12,0,12,86
10/13/2006,MCN,GA,ASO,ES,Federal Contract Tower,0,0,7,0,7,2,1,50,12,65,2,1,57,12,72,12,6,18,90
10/14/2006,MCN,GA,ASO,ES,Federal Contract Tower,0,0,2,3,5,0,1,23,13,37,0,1,25,16,42,0,10,10,52
10/15/2006,MCN,GA,ASO,ES,Federal Contract Tower,0,0,4,0,4,5,1,35,6,47,5,1,39,6,51,16,16,32,83
10/16/2006,MCN,GA,ASO,ES,Federal Contract Tower,0,0,3,2,5,1,1,34,16,52,1,1,37,18,57,6,4,10,67
10/17/2006,MCN,GA,ASO,ES,Federal Contract Tower,1,1,3,0,5,1,0,11,40,52,2,1,14,40,57,2,0,2,59
10/18/2006,MCN,GA,ASO,ES,Federal Contract Tower,0,0,8,2,10,2,3,27,4,36,2,3,35,6,46,4,0,4,50
10/19/2006,MCN,GA,ASO,ES,Federal Contract Tower,0,0,7,2,9,1,6,40,46,93,1,6,47,48,102,8,0,8,110
10/20/2006,MCN,GA,ASO,ES,Federal Contract Tower,0,0,3,3,6,2,8,45,26,81,2,8,48,29,87,4,10,14,101
10/21/2006,MCN,GA,ASO,ES,Federal Contract Tower,0,0,3,0,3,1,2,43,9,55,1,2,46,9,58,2,0,2,60
10/22/2006,MCN,GA,ASO,ES,Federal Contract Tower,0,1,3,4,8,3,3,15,7,28,3,4,18,11,36,4,6,10,46
10/23/2006,MCN,GA,ASO,ES,Federal Contract Tower,0,0,2,4,6,1,8,57,13,79,1,8,59,17,85,16,8,24,109
10/24/2006,MCN,GA,ASO,ES,Federal Contract Tower,0,0,7,0,7,3,3,52,8,66,3,3,59,8,73,18,0,18,91
10/25/2006,MCN,GA,ASO,ES,Federal Contract Tower,0,0,5,0,5,1,9,49,2,61,1,9,54,2,66,10,0,10,76
10/26/2006,MCN,GA,ASO,ES,Federal Contract Tower,0,0,4,3,7,1,3,58,84,146,1,3,62,87,153,6,4,10,163
10/27/2006,MCN,GA,ASO,ES,Federal Contract Tower,0,0,11,0,11,1,0,18,15,34,1,0,29,15,45,0,0,0,45
10/28/2006,MCN,GA,ASO,ES,Federal Contract Tower,0,0,2,0,2,1,8,49,0,58,1,8,51,0,60,10,2,12,72
10/29/2006,MCN,GA,ASO,ES,Federal Contract Tower,0,0,6,0,6,5,1,47,6,59,5,1,53,6,65,18,0,18,83
10/30/2006,MCN,GA,ASO,ES,Federal Contract Tower,0,0,6,0,6,2,3,56,5,66,2,3,62,5,72,8,0,8,80
10/31/2006,MCN,GA,ASO,ES,Federal Contract Tower,0,0,3,0,3,2,2,45,14,63,2,2,48,14,66,18,0,18,84
11/01/2006,MCN,GA,ASO,ES,Federal Contract Tower,0,1,0,1,2,4,3,59,42,108,4,4,59,43,110,6,2,8,118
11/02/2006,MCN,GA,ASO,ES,Federal Contract Tower,0,0,5,0,5,4,10,46,9,69,4,10,51,9,74,16,0,16,90
11/03/2006,MCN,GA,ASO,ES,Federal Contract Tower,0,0,0,2,2,0,3,43,20,66,0,3,43,22,68,6,4,10,78
11/04/2006,MCN,GA,ASO,ES,Federal Contract Tower,0,1,2,0,3,2,5,31,1,39,2,6,33,1,42,4,0,4,46
11/05/2006,MCN,GA,ASO,ES,Federal Contract Tower,0,0,5,2,7,5,4,46,6,61,5,4,51,8,68,14,2,16,84
11/06/2006,MCN,GA,ASO,ES,Federal Contract Tower,0,0,3,0,3,2,5,49,18,74,2,5,52,18,77,14,0,14,91
11/07/2006,MCN,GA,ASO,ES,Federal Contract Tower,1,0,13,0,14,1,1,23,0,25,2,1,36,0,39,6,0,6,45
11/08/2006,MCN,GA,ASO,ES,Federal Contract Tower,0,1,12,0,13,1,0,46,0,47,1,1,58,0,60,10,0,10,70
11/09/2006,MCN,GA,ASO,ES,Federal Contract Tower,1,0,3,1,5,2,4,65,8,79,3,4,68,9,84,6,0,6,90
11/10/2006,MCN,GA,ASO,ES,Federal Contract Tower,0,0,4,0,4,1,7,53,0,61,1,7,57,0,65,6,0,6,71
11/11/2006,MCN,GA,ASO,ES,Federal Contract Tower,1,1,4,2,8,0,7,30,4,41,1,8,34,6,49,14,4,18,67
11/12/2006,MCN,GA,ASO,ES,Federal Contract Tower,0,0,2,3,5,5,2,34,8,49,5,2,36,11,54,2,8,10,64
11/13/2006,MCN,GA,ASO,ES,Federal Contract Tower,0,2,5,1,8,1,4,37,10,52,1,6,42,11,60,8,0,8,68
11/14/2006,MCN,GA,ASO,ES,Federal Contract Tower,0,0,3,0,3,1,3,61,4,69,1,3,64,4,72,6,0,6,78
11/15/2006,MCN,GA,ASO,ES,Federal Contract Tower,0,1,3,0,4,2,1,24,24,51,2,2,27,24,55,0,0,0,55
11/16/2006,MCN,GA,ASO,ES,Federal Contract Tower,2,0,4,0,6,4,7,33,12,56,6,7,37,12,62,6,0,6,68
11/17/2006,MCN,GA,ASO,ES,Federal Contract Tower,0,0,2,2,4,3,3,60,18,84,3,3,62,20,88,12,0,12,100
11/18/2006,MCN,GA,ASO,ES,Federal Contract Tower,0,0,1,0,1,1,3,33,0,37,1,3,34,0,38,0,0,0,38
11/19/2006,MCN,GA,ASO,ES,Federal Contract Tower,0,0,3,1,4,3,2,39,3,47,3,2,42,4,51,12,0,12,63
11/20/2006,MCN,GA,ASO,ES,Federal Contract Tower,0,0,3,0,3,2,2,48,2,54,2,2,51,2,57,12,0,12,69
11/21/2006,MCN,GA,ASO,ES,Federal Contract Tower,0,0,0,0,0,1,1,33,1,36,1,1,33,1,36,2,0,2,38
11/22/2006,MCN,GA,ASO,ES,Federal Contract Tower,0,0,9,0,9,2,2,47,0,51,2,2,56,0,60,10,0,10,70
11/23/2006,MCN,GA,ASO,ES,Federal Contract Tower,0,0,1,0,1,2,3,23,0,28,2,3,24,0,29,2,0,2,31
11/24/2006,MCN,GA,ASO,ES,Federal Contract Tower,0,0,2,0,2,2,2,37,2,43,2,2,39,2,45,14,0,14,59
11/25/2006,MCN,GA,ASO,ES,Federal Contract Tower,0,0,1,0,1,1,0,35,0,36,1,0,36,0,37,22,0,22,59
11/26/2006,MCN,GA,ASO,ES,Federal Contract Tower,0,0,5,0,5,3,4,52,0,59,3,4,57,0,64,6,0,6,70
11/27/2006,MCN,GA,ASO,ES,Federal Contract Tower,0,1,7,0,8,4,0,24,8,36,4,1,31,8,44,2,4,6,50
11/28/2006,MCN,GA,ASO,ES,Federal Contract Tower,1,2,8,0,11,6,4,37,2,49,7,6,45,2,60,12,0,12,72
11/29/2006,MCN,GA,ASO,ES,Federal Contract Tower,0,0,9,0,9,2,1,48,30,81,2,1,57,30,90,6,0,6,96
11/30/2006,MCN,GA,ASO,ES,Federal Contract Tower,0,1,19,1,21,1,4,55,47,107,1,5,74,48,128,9,0,9,137
12/01/2006,MCN,GA,ASO,ES,Federal Contract Tower,0,0,2,4,6,1,2,33,18,54,1,2,35,22,60,12,4,16,76
12/02/2006,MCN,GA,ASO,ES,Federal Contract Tower,1,0,3,0,4,3,7,34,3,47,4,7,37,3,51,12,0,12,63
12/03/2006,MCN,GA,ASO,ES,Federal Contract Tower,0,1,12,0,13,4,2,28,4,38,4,3,40,4,51,0,0,0,51
12/04/2006,MCN,GA,ASO,ES,Federal Contract Tower,0,0,1,0,1,0,7,44,2,53,0,7,45,2,54,12,0,12,66
12/05/2006,MCN,GA,ASO,ES,Federal Contract Tower,0,0,7,0,7,2,3,77,2,84,2,3,84,2,91,18,0,18,109
12/06/2006,MCN,GA,ASO,ES,Federal Contract Tower,0,0,1,0,1,1,0,38,10,49,1,0,39,10,50,6,0,6,56
12/07/2006,MCN,GA,ASO,ES,Federal Contract Tower,0,0,2,0,2,1,5,55,4,65,1,5,57,4,67,8,0,8,75
12/08/2006,MCN,GA,ASO,ES,Federal Contract Tower,0,0,3,0,3,2,3,69,4,78,2,3,72,4,81,22,0,22,103
12/09/2006,MCN,GA,ASO,ES,Federal Contract Tower,0,0,3,1,4,0,3,32,10,45,0,3,35,11,49,10,0,10,59
12/10/2006,MCN,GA,ASO,ES,Federal Contract Tower,0,0,5,0,5,3,2,46,6,57,3,2,51,6,62,30,0,30,92
12/11/2006,MCN,GA,ASO,ES,Federal Contract Tower,1,0,4,0,5,5,3,75,2,85,6,3,79,2,90,26,0,26,116
12/12/2006,MCN,GA,ASO,ES,Federal Contract Tower,1,0,5,0,6,1,11,76,40,128,2,11,81,40,134,16,0,16,150
12/13/2006,MCN,GA,ASO,ES,Federal Contract Tower,0,1,2,0,3,2,5,36,18,61,2,6,38,18,64,12,10,22,86
12/14/2006,MCN,GA,ASO,ES,Federal Contract Tower,0,0,4,1,5,3,8,37,7,55,3,8,41,8,60,14,0,14,74
12/15/2006,MCN,GA,ASO,ES,Federal Contract Tower,0,0,9,4,13,1,3,62,12,78,1,3,71,16,91,20,14,34,125
12/16/2006,MCN,GA,ASO,ES,Federal Contract Tower,0,0,3,1,4,3,2,43,23,71,3,2,46,24,75,12,2,14,89
12/17/2006,MCN,GA,ASO,ES,Federal Contract Tower,0,1,4,0,5,2,7,40,6,55,2,8,44,6,60,10,0,10,70
12/18/2006,MCN,GA,ASO,ES,Federal Contract Tower,0,0,11,1,12,3,2,43,3,51,3,2,54,4,63,18,4,22,85
12/19/2006,MCN,GA,ASO,ES,Federal Contract Tower,0,0,5,0,5,2,2,76,24,104,2,2,81,24,109,34,10,44,153
12/20/2006,MCN,GA,ASO,ES,Federal Contract Tower,0,0,6,1,7,0,8,33,5,46,0,8,39,6,53,4,0,4,57
12/21/2006,MCN,GA,ASO,ES,Federal Contract Tower,0,1,17,0,18,1,5,34,4,44,1,6,51,4,62,4,0,4,66
12/22/2006,MCN,GA,ASO,ES,Federal Contract Tower,0,1,3,0,4,1,4,16,6,27,1,5,19,6,31,0,0,0,31
12/23/2006,MCN,GA,ASO,ES,Federal Contract Tower,1,1,0,0,2,1,8,30,2,41,2,9,30,2,43,0,0,0,43
12/24/2006,MCN,GA,ASO,ES,Federal Contract Tower,0,0,0,0,0,7,2,13,0,22,7,2,13,0,22,0,0,0,22
12/25/2006,MCN,GA,ASO,ES,Federal Contract Tower,1,1,0,0,2,0,0,3,0,3,1,1,3,0,5,0,0,0,5
12/26/2006,MCN,GA,ASO,ES,Federal Contract Tower,0,0,1,0,1,3,5,31,0,39,3,5,32,0,40,0,0,0,40
12/27/2006,MCN,GA,ASO,ES,Federal Contract Tower,0,0,0,0,0,1,1,2,47,51,1,1,2,47,51,10,0,10,61
12/28/2006,MCN,GA,ASO,ES,Federal Contract Tower,0,0,0,0,0,1,5,20,4,30,1,5,20,4,30,0,0,0,30
12/29/2006,MCN,GA,ASO,ES,Federal Contract Tower,0,0,1,0,1,3,5,46,0,54,3,5,47,0,55,0,0,0,55
12/30/2006,MCN,GA,ASO,ES,Federal Contract Tower,1,2,12,0,15,0,2,14,0,16,1,4,26,0,31,0,0,0,31
12/31/2006,MCN,GA,ASO,ES,Federal Contract Tower,1,1,5,0,7,0,1,6,0,7,1,2,11,0,14,0,0,0,14
01/01/2007,MCN,GA,ASO,ES,Federal Contract Tower,0,0,1,0,1,1,2,31,0,34,1,2,32,0,35,10,0,10,45
01/02/2007,MCN,GA,ASO,ES,Federal Contract Tower,0,0,2,0,2,1,10,32,0,43,1,10,34,0,45,6,0,6,51
01/03/2007,MCN,GA,ASO,ES,Federal Contract Tower,0,1,6,0,7,1,10,40,8,59,1,11,46,8,66,6,0,6,72
01/04/2007,MCN,GA,ASO,ES,Federal Contract Tower,0,2,12,0,14,3,1,12,4,20,3,3,24,4,34,4,0,4,38
01/05/2007,MCN,GA,ASO,ES,Federal Contract Tower,3,3,9,0,15,3,6,9,8,26,6,9,18,8,41,5,0,5,46
01/06/2007,MCN,GA,ASO,ES,Federal Contract Tower,1,3,3,0,7,0,7,35,12,54,1,10,38,12,61,12,0,12,73
01/07/2007,MCN,GA,ASO,ES,Federal Contract Tower,0,0,7,0,7,1,3,13,2,19,1,3,20,2,26,0,0,0,26
01/08/2007,MCN,GA,ASO,ES,Federal Contract Tower,0,0,2,3,5,2,10,38,14,64,2,10,40,17,69,10,10,20,89
01/09/2007,MCN,GA,ASO,ES,Federal Contract Tower,0,0,1,2,3,2,5,45,12,64,2,5,46,14,67,6,8,14,81
01/10/2007,MCN,GA,ASO,ES,Federal Contract Tower,1,1,3,0,5,2,4,53,2,61,3,5,56,2,66,6,0,6,72
01/11/2007,MCN,GA,ASO,ES,Federal Contract Tower,0,0,5,0,5,8,7,45,0,60,8,7,50,0,65,6,0,6,71
01/12/2007,MCN,GA,ASO,ES,Federal Contract Tower,0,0,6,1,7,2,5,64,24,95,2,5,70,25,102,10,0,10,112
01/13/2007,MCN,GA,ASO,ES,Federal Contract Tower,0,0,5,0,5,2,3,66,2,73,2,3,71,2,78,16,0,16,94
01/14/2007,MCN,GA,ASO,ES,Federal Contract Tower,0,0,1,0,1,2,3,24,2,31,2,3,25,2,32,10,0,10,42
01/15/2007,MCN,GA,ASO,ES,Federal Contract Tower,0,0,1,0,1,4,2,30,4,40,4,2,31,4,41,0,0,0,41
01/16/2007,MCN,GA,ASO,ES,Federal Contract Tower,0,0,2,0,2,3,7,33,2,45,3,7,35,2,47,0,0,0,47
01/17/2007,MCN,GA,ASO,ES,Federal Contract Tower,0,0,4,0,4,1,6,44,8,59,1,6,48,8,63,8,2,10,73
01/18/2007,MCN,GA,ASO,ES,Federal Contract Tower,0,6,21,0,27,1,3,14,4,22,1,9,35,4,49,6,0,6,55
01/19/2007,MCN,GA,ASO,ES,Federal Contract Tower,0,0,5,0,5,1,4,66,6,77,1,4,71,6,82,8,0,8,90
01/20/2007,MCN,GA,ASO,ES,Federal Contract Tower,0,0,6,0,6,1,3,45,10,59,1,3,51,10,65,56,0,56,121
01/21/2007,MCN,GA,ASO,ES,Federal Contract Tower,0,0,3,0,3,1,2,17,8,28,1,2,20,8,31,0,0,0,31
01/22/2007,MCN,GA,ASO,ES,Federal Contract Tower,1,1,13,1,16,1,3,21,3,28,2,4,34,4,44,4,0,4,48
01/23/2007,MCN,GA,ASO,ES,Federal Contract Tower,0,0,0,0,0,3,6,49,4,62,3,6,49,4,62,2,0,2,64
01/24/2007,MCN,GA,ASO,ES,Federal Contract Tower,1,0,5,0,6,3,2,69,0,74,4,2,74,0,80,30,0,30,110
01/25/2007,MCN,GA,ASO,ES,Federal Contract Tower,0,0,1,0,1,1,3,54,1,59,1,3,55,1,60,12,0,12,72
01/26/2007,MCN,GA,ASO,ES,Federal Contract Tower,0,0,3,3,6,4,5,47,7,63,4,5,50,10,69,4,4,8,77
01/27/2007,MCN,GA,ASO,ES,Federal Contract Tower,0,0,4,0,4,2,2,46,3,53,2,2,50,3,57,28,0,28,85
01/28/2007,MCN,GA,ASO,ES,Federal Contract Tower,0,0,0,1,1,2,4,19,3,28,2,4,19,4,29,0,0,0,29
01/29/2007,MCN,GA,ASO,ES,Federal Contract Tower,0,0,1,0,1,2,5,72,6,85,2,5,73,6,86,16,0,16,102
01/30/2007,MCN,GA,ASO,ES,Federal Contract Tower,1,0,1,2,4,4,8,32,14,58,5,8,33,16,62,2,2,4,66
01/31/2007,MCN,GA,ASO,ES,Federal Contract Tower,0,0,2,0,2,1,4,67,20,92,1,4,69,20,94,8,0,8,102
02/01/2007,MCN,GA,ASO,ES,Federal Contract Tower,1,3,3,0,7,0,4,7,0,11,1,7,10,0,18,0,0,0,18
02/02/2007,MCN,GA,ASO,ES,Federal Contract Tower,0,3,11,4,18,2,11,26,13,52,2,14,37,17,70,4,6,10,80
02/03/2007,MCN,GA,ASO,ES,Federal Contract Tower,0,0,2,0,2,1,6,25,0,32,1,6,27,0,34,2,0,2,36
02/04/2007,MCN,GA,ASO,ES,Federal Contract Tower,0,0,7,0,7,1,3,38,4,46,1,3,45,4,53,22,0,22,75
02/05/2007,MCN,GA,ASO,ES,Federal Contract Tower,0,0,0,1,1,4,3,49,7,63,4,3,49,8,64,2,2,4,68
02/06/2007,MCN,GA,ASO,ES,Federal Contract Tower,0,0,3,2,5,4,3,51,6,64,4,3,54,8,69,8,2,10,79
02/07/2007,MCN,GA,ASO,ES,Federal Contract Tower,0,0,1,0,1,2,1,48,4,55,2,1,49,4,56,8,0,8,64
02/08/2007,MCN,GA,ASO,ES,Federal Contract Tower,0,0,0,0,0,1,3,42,2,48,1,3,42,2,48,2,0,2,50
02/09/2007,MCN,GA,ASO,ES,Federal Contract Tower,1,1,11,0,13,1,6,23,2,32,2,7,34,2,45,0,0,0,45
02/10/2007,MCN,GA,ASO,ES,Federal Contract Tower,0,0,3,0,3,1,3,37,4,45,1,3,40,4,48,26,0,26,74
02/11/2007,MCN,GA,ASO,ES,Federal Contract Tower,0,0,0,1,1,1,15,34,3,53,1,15,34,4,54,24,2,26,80
02/12/2007,MCN,GA,ASO,ES,Federal Contract Tower,0,0,2,0,2,3,6,51,32,92,3,6,53,32,94,22,22,44,138
02/13/2007,MCN,GA,ASO,ES,Federal Contract Tower,0,3,4,0,7,3,9,23,24,59,3,12,27,24,66,2,4,6,72
02/14/2007,MCN,GA,ASO,ES,Federal Contract Tower,0,0,4,0,4,1,5,46,4,56,1,5,50,4,60,2,4,6,66
02/15/2007,MCN,GA,ASO,ES,Federal Contract Tower,0,0,3,2,5,2,1,59,0,62,2,1,62,2,67,8,0,8,75
02/16/2007,MCN,GA,ASO,ES,Federal Contract Tower,0,0,2,0,2,2,6,48,8,64,2,6,50,8,66,2,0,2,68
02/17/2007,MCN,GA,ASO,ES,Federal Contract Tower,0,1,3,0,4,1,7,33,0,41,1,8,36,0,45,6,0,6,51
02/18/2007,MCN,GA,ASO,ES,Federal Contract Tower,0,0,3,0,3,2,3,28,2,35,2,3,31,2,38,2,0,2,40
02/19/2007,MCN,GA,ASO,ES,Federal Contract Tower,0,0,1,0,1,2,3,72,0,77,2,3,73,0,78,2,0,2,80
02/20/2007,MCN,GA,ASO,ES,Federal Contract Tower,0,1,3,5,9,2,2,38,15,57,2,3,41,20,66,8,14,22,88
02/21/2007,MCN,GA,ASO,ES,Federal Contract Tower,1,0,6,0,7,3,6,14,18,41,4,6,20,18,48,0,0,0,48
02/22/2007,MCN,GA,ASO,ES,Federal Contract Tower,0,0,7,0,7,2,5,75,10,92,2,5,82,10,99,26,0,26,125
02/23/2007,MCN,GA,ASO,ES,Federal Contract Tower,0,0,0,2,2,2,4,80,8,94,2,4,80,10,96,16,2,18,114
02/24/2007,MCN,GA,ASO,ES,Federal Contract Tower,0,0,1,0,1,2,2,36,8,48,2,2,37,8,49,2,0,2,51
02/25/2007,MCN,GA,ASO,ES,Federal Contract Tower,0,0,3,0,3,2,1,19,4,26,2,1,22,4,29,32,0,32,61
02/26/2007,MCN,GA,ASO,ES,Federal Contract Tower,0,0,4,1,5,2,2,66,3,73,2,2,70,4,78,14,0,14,92
02/27/2007,MCN,GA,ASO,ES,Federal Contract Tower,1,0,7,0,8,5,6,56,2,69,6,6,63,2,77,26,0,26,103
02/28/2007,MCN,GA,ASO,ES,Federal Contract Tower,0,0,3,1,4,3,11,49,13,76,3,11,52,14,80,14,0,14,94
03/01/2007,MCN,GA,ASO,ES,Federal Contract Tower,1,1,4,0,6,2,5,14,12,33,3,6,18,12,39,2,0,2,41
03/02/2007,MCN,GA,ASO,ES,Federal Contract Tower,0,0,3,0,3,4,4,47,12,67,4,4,50,12,70,2,2,4,74
03/03/2007,MCN,GA,ASO,ES,Federal Contract Tower,0,0,3,0,3,2,2,22,8,34,2,2,25,8,37,2,0,2,39
03/04/2007,MCN,GA,ASO,ES,Federal Contract Tower,2,0,1,0,3,7,3,53,5,68,9,3,54,5,71,16,0,16,87
03/05/2007,MCN,GA,ASO,ES,Federal Contract Tower,1,0,2,0,3,3,2,66,2,73,4,2,68,2,76,12,0,12,88
03/06/2007,MCN,GA,ASO,ES,Federal Contract Tower,0,0,4,0,4,4,2,54,4,64,4,2,58,4,68,14,0,14,82
03/07/2007,MCN,GA,ASO,ES,Federal Contract Tower,0,0,2,0,2,4,6,101,8,119,4,6,103,8,121,24,0,24,145
03/08/2007,MCN,GA,ASO,ES,Federal Contract Tower,0,0,3,0,3,1,7,72,3,83,1,7,75,3,86,50,0,50,136
03/09/2007,MCN,GA,ASO,ES,Federal Contract Tower,0,2,2,2,6,1,9,32,34,76,1,11,34,36,82,16,8,24,106
03/10/2007,MCN,GA,ASO,ES,Federal Contract Tower,0,1,9,0,10,0,5,38,22,65,0,6,47,22,75,22,0,22,97
03/11/2007,MCN,GA,ASO,ES,Federal Contract Tower,0,0,6,6,12,1,6,50,17,74,1,6,56,23,86,32,2,34,120
03/12/2007,MCN,GA,ASO,ES,Federal Contract Tower,0,1,7,0,8,0,7,71,4,82,0,8,78,4,90,38,0,38,128
03/13/2007,MCN,GA,ASO,ES,Federal Contract Tower,0,1,1,2,4,0,7,57,5,69,0,8,58,7,73,44,0,44,117
03/14/2007,MCN,GA,ASO,ES,Federal Contract Tower,0,0,5,1,6,2,13,44,63,122,2,13,49,64,128,16,2,18,146
03/15/2007,MCN,GA,ASO,ES,Federal Contract Tower,0,0,2,0,2,5,7,24,24,60,5,7,26,24,62,2,0,2,64
03/16/2007,MCN,GA,ASO,ES,Federal Contract Tower,1,2,6,2,11,1,5,19,7,32,2,7,25,9,43,0,2,2,45
03/17/2007,MCN,GA,ASO,ES,Federal Contract Tower,0,0,0,0,0,2,4,38,4,48,2,4,38,4,48,0,0,0,48
03/18/2007,MCN,GA,ASO,ES,Federal Contract Tower,0,0,0,0,0,2,3,38,2,45,2,3,38,2,45,2,0,2,47
03/19/2007,MCN,GA,ASO,ES,Federal Contract Tower,0,0,1,2,3,2,6,29,54,91,2,6,30,56,94,2,4,6,100
03/20/2007,MCN,GA,ASO,ES,Federal Contract Tower,0,0,9,2,11,2,7,61,31,101,2,7,70,33,112,18,6,24,136
03/21/2007,MCN,GA,ASO,ES,Federal Contract Tower,0,2,3,2,7,3,6,51,30,90,3,8,54,32,97,22,4,26,123
03/22/2007,MCN,GA,ASO,ES,Federal Contract Tower,0,1,7,0,8,1,4,54,49,108,1,5,61,49,116,14,0,14,130
03/23/2007,MCN,GA,ASO,ES,Federal Contract Tower,0,0,0,0,0,1,8,56,76,141,1,8,56,76,141,0,0,0,141
03/24/2007,MCN,GA,ASO,ES,Federal Contract Tower,0,0,2,1,3,1,2,42,5,50,1,2,44,6,53,2,0,2,55
03/25/2007,MCN,GA,ASO,ES,Federal Contract Tower,0,0,5,2,7,1,6,45,16,68,1,6,50,18,75,12,8,20,95
03/26/2007,MCN,GA,ASO,ES,Federal Contract Tower,0,0,5,1,6,1,6,40,25,72,1,6,45,26,78,12,2,14,92
03/27/2007,MCN,GA,ASO,ES,Federal Contract Tower,0,0,2,0,2,1,5,44,68,118,1,5,46,68,120,18,2,20,140
03/28/2007,MCN,GA,ASO,ES,Federal Contract Tower,0,0,7,0,7,1,6,54,48,109,1,6,61,48,116,14,0,14,130
03/29/2007,MCN,GA,ASO,ES,Federal Contract Tower,0,1,5,1,7,2,5,86,9,102,2,6,91,10,109,20,6,26,135
03/30/2007,MCN,GA,ASO,ES,Federal Contract Tower,0,2,3,2,7,7,9,49,23,88,7,11,52,25,95,10,4,14,109
03/31/2007,MCN,GA,ASO,ES,Federal Contract Tower,1,0,5,0,6,1,3,38,16,58,2,3,43,16,64,16,0,16,80
04/01/2007,MCN,GA,ASO,ES,Federal Contract Tower,0,1,12,0,13,1,0,24,1,26,1,1,36,1,39,12,0,12,51
04/02/2007,MCN,GA,ASO,ES,Federal Contract Tower,0,0,5,0,5,3,6,20,36,65,3,6,25,36,70,4,0,4,74
04/03/2007,MCN,GA,ASO,ES,Federal Contract Tower,3,3,6,0,12,6,9,14,58,87,9,12,20,58,99,6,0,6,105
04/04/2007,MCN,GA,ASO,ES,Federal Contract Tower,0,0,1,2,3,1,6,37,12,56,1,6,38,14,59,4,4,8,67
04/05/2007,MCN,GA,ASO,ES,Federal Contract Tower,0,0,0,0,0,3,10,50,11,74,3,10,50,11,74,0,0,0,74
04/06/2007,MCN,GA,ASO,ES,Federal Contract Tower,0,0,2,0,2,3,9,52,10,74,3,9,54,10,76,20,0,20,96
04/07/2007,MCN,GA,ASO,ES,Federal Contract Tower,0,0,0,1,1,3,6,34,2,45,3,6,34,3,46,2,0,2,48
04/08/2007,MCN,GA,ASO,ES,Federal Contract Tower,1,0,0,0,1,5,7,28,0,40,6,7,28,0,41,4,0,4,45
04/09/2007,MCN,GA,ASO,ES,Federal Contract Tower,0,0,2,0,2,4,11,37,0,52,4,11,39,0,54,4,0,4,58
04/10/2007,MCN,GA,ASO,ES,Federal Contract Tower,0,0,1,0,1,1,5,46,40,92,1,5,47,40,93,6,0,6,99
04/11/2007,MCN,GA,ASO,ES,Federal Contract Tower,0,2,8,0,10,0,5,19,20,44,0,7,27,20,54,0,0,0,54
04/12/2007,MCN,GA,ASO,ES,Federal Contract Tower,0,0,0,0,0,2,10,68,9,89,2,10,68,9,89,6,2,8,97
04/13/2007,MCN,GA,ASO,ES,Federal Contract Tower,0,0,2,2,4,5,6,46,11,68,5,6,48,13,72,16,2,18,90
04/14/2007,MCN,GA,ASO,ES,Federal Contract Tower,0,0,1,1,2,2,4,20,12,38,2,4,21,13,40,0,0,0,40
04/15/2007,MCN,GA,ASO,ES,Federal Contract Tower,0,2,0,0,2,1,4,7,2,14,1,6,7,2,16,0,0,0,16
04/16/2007,MCN,GA,ASO,ES,Federal Contract Tower,0,0,2,0,2,3,1,26,5,35,3,1,28,5,37,2,0,2,39
04/17/2007,MCN,GA,ASO,ES,Federal Contract Tower,0,0,0,0,0,3,18,37,14,72,3,18,37,14,72,10,0,10,82
04/18/2007,MCN,GA,ASO,ES,Federal Contract Tower,0,0,2,0,2,3,6,62,40,111,3,6,64,40,113,6,2,8,121
04/19/2007,MCN,GA,ASO,ES,Federal Contract Tower,0,0,1,0,1,3,10,64,16,93,3,10,65,16,94,0,0,0,94
04/20/2007,MCN,GA,ASO,ES,Federal Contract Tower,0,0,3,0,3,2,8,61,6,77,2,8,64,6,80,2,0,2,82
04/21/2007,MCN,GA,ASO,ES,Federal Contract Tower,0,0,2,0,2,1,4,20,2,27,1,4,22,2,29,8,0,8,37
04/22/2007,MCN,GA,ASO,ES,Federal Contract Tower,0,0,2,0,2,1,2,37,2,42,1,2,39,2,44,4,0,4,48
04/23/2007,MCN,GA,ASO,ES,Federal Contract Tower,0,0,1,0,1,1,9,45,16,71,1,9,46,16,72,0,0,0,72
04/24/2007,MCN,GA,ASO,ES,Federal Contract Tower,0,0,0,0,0,1,4,38,48,91,1,4,38,48,91,8,0,8,99
04/25/2007,MCN,GA,ASO,ES,Federal Contract Tower,0,0,3,1,4,1,3,53,36,93,1,3,56,37,97,16,2,18,115
04/26/2007,MCN,GA,ASO,ES,Federal Contract Tower,0,0,3,0,3,5,4,30,18,57,5,4,33,18,60,0,0,0,60
04/27/2007,MCN,GA,ASO,ES,Federal Contract Tower,0,0,11,1,12,2,4,61,16,83,2,4,72,17,95,16,4,20,115
04/28/2007,MCN,GA,ASO,ES,Federal Contract Tower,0,0,2,0,2,2,6,44,1,53,2,6,46,1,55,10,0,10,65
04/29/2007,MCN,GA,ASO,ES,Federal Contract Tower,0,0,0,0,0,1,3,37,8,49,1,3,37,8,49,0,0,0,49
04/30/2007,MCN,GA,ASO,ES,Federal Contract Tower,0,0,1,0,1,2,3,43,6,54,2,3,44,6,55,6,0,6,61
05/01/2007,MCN,GA,ASO,ES,Federal Contract Tower,0,0,0,0,0,1,4,47,12,64,1,4,47,12,64,0,0,0,64
05/02/2007,MCN,GA,ASO,ES,Federal Contract Tower,0,0,1,0,1,3,3,54,11,71,3,3,55,11,72,0,0,0,72
05/03/2007,MCN,GA,ASO,ES,Federal Contract Tower,1,1,1,1,4,1,2,35,31,69,2,3,36,32,73,2,0,2,75
05/04/2007,MCN,GA,ASO,ES,Federal Contract Tower,0,0,6,2,8,1,8,24,4,37,1,8,30,6,45,0,2,2,47
05/05/2007,MCN,GA,ASO,ES,Federal Contract Tower,1,1,6,0,8,0,2,12,0,14,1,3,18,0,22,2,0,2,24
05/06/2007,MCN,GA,ASO,ES,Federal Contract Tower,0,0,13,1,14,2,2,22,5,31,2,2,35,6,45,18,0,18,63
05/07/2007,MCN,GA,ASO,ES,Federal Contract Tower,0,0,6,0,6,1,7,43,8,59,1,7,49,8,65,16,0,16,81
05/08/2007,MCN,GA,ASO,ES,Federal Contract Tower,0,0,0,1,1,1,6,68,1,76,1,6,68,2,77,8,2,10,87
05/09/2007,MCN,GA,ASO,ES,Federal Contract Tower,0,0,2,0,2,1,5,31,2,39,1,5,33,2,41,4,0,4,45
05/10/2007,MCN,GA,ASO,ES,Federal Contract Tower,0,0,6,1,7,2,5,53,7,67,2,5,59,8,74,16,0,16,90
05/11/2007,MCN,GA,ASO,ES,Federal Contract Tower,0,0,0,4,4,4,7,45,10,66,4,7,45,14,70,2,8,10,80
05/12/2007,MCN,GA,ASO,ES,Federal Contract Tower,0,0,6,0,6,3,2,11,0,16,3,2,17,0,22,0,0,0,22
05/13/2007,MCN,GA,ASO,ES,Federal Contract Tower,1,1,5,3,10,2,6,36,4,48,3,7,41,7,58,6,2,8,66
05/14/2007,MCN,GA,ASO,ES,Federal Contract Tower,1,0,3,2,6,0,6,26,2,34,1,6,29,4,40,18,0,18,58
05/15/2007,MCN,GA,ASO,ES,Federal Contract Tower,0,0,3,0,3,1,4,52,10,67,1,4,55,10,70,2,0,2,72
05/16/2007,MCN,GA,ASO,ES,Federal Contract Tower,0,0,3,1,4,7,6,37,7,57,7,6,40,8,61,8,0,8,69
05/17/2007,MCN,GA,ASO,ES,Federal Contract Tower,0,0,1,2,3,2,8,51,13,74,2,8,52,15,77,8,22,30,107
05/18/2007,MCN,GA,ASO,ES,Federal Contract Tower,0,0,0,3,3,5,9,47,13,74,5,9,47,16,77,6,8,14,91
05/19/2007,MCN,GA,ASO,ES,Federal Contract Tower,0,0,1,0,1,1,2,46,0,49,1,2,47,0,50,6,0,6,56
05/20/2007,MCN,GA,ASO,ES,Federal Contract Tower,0,0,4,1,5,2,2,33,4,41,2,2,37,5,46,20,0,20,66
05/21/2007,MCN,GA,ASO,ES,Federal Contract Tower,0,0,0,4,4,1,7,32,10,50,1,7,32,14,54,0,6,6,60
05/22/2007,MCN,GA,ASO,ES,Federal Contract Tower,0,1,7,2,10,1,3,40,28,72,1,4,47,30,82,16,2,18,100
05/23/2007,MCN,GA,ASO,ES,Federal Contract Tower,1,0,1,1,3,2,4,54,38,98,3,4,55,39,101,16,4,20,121
05/24/2007,MCN,GA,ASO,ES,Federal Contract Tower,0,0,7,3,10,3,6,64,55,128,3,6,71,58,138,34,6,40,178
05/25/2007,MCN,GA,ASO,ES,Federal Contract Tower,0,0,5,1,6,2,6,55,15,78,2,6,60,16,84,26,0,26,110
05/26/2007,MCN,GA,ASO,ES,Federal Contract Tower,0,0,1,0,1,1,3,22,4,30,1,3,23,4,31,2,0,2,33
05/27/2007,MCN,GA,ASO,ES,Federal Contract Tower,0,0,4,4,8,2,3,23,4,32,2,3,27,8,40,6,6,12,52
05/28/2007,MCN,GA,ASO,ES,Federal Contract Tower,0,0,0,0,0,2,2,26,0,30,2,2,26,0,30,0,0,0,30
05/29/2007,MCN,GA,ASO,ES,Federal Contract Tower,0,0,5,1,6,1,3,44,45,93,1,3,49,46,99,4,2,6,105
05/30/2007,MCN,GA,ASO,ES,Federal Contract Tower,0,0,5,0,5,3,15,46,50,114,3,15,51,50,119,6,0,6,125
05/31/2007,MCN,GA,ASO,ES,Federal Contract Tower,0,2,19,0,21,2,10,35,20,67,2,12,54,20,88,26,6,32,120
06/01/2007,MCN,GA,ASO,ES,Federal Contract Tower,0,2,14,1,17,1,7,31,7,46,1,9,45,8,63,4,0,4,67
06/02/2007,MCN,GA,ASO,ES,Federal Contract Tower,1,2,9,0,12,0,2,12,0,14,1,4,21,0,26,2,0,2,28
06/03/2007,MCN,GA,ASO,ES,Federal Contract Tower,1,0,0,2,3,0,1,31,4,36,1,1,31,6,39,0,2,2,41
06/04/2007,MCN,GA,ASO,ES,Federal Contract Tower,0,0,1,1,2,1,5,33,5,44,1,5,34,6,46,0,0,0,46
06/05/2007,MCN,GA,ASO,ES,Federal Contract Tower,0,0,5,0,5,1,10,43,16,70,1,10,48,16,75,10,0,10,85
06/06/2007,MCN,GA,ASO,ES,Federal Contract Tower,0,0,5,1,6,0,7,44,13,64,0,7,49,14,70,14,0,14,84
06/07/2007,MCN,GA,ASO,ES,Federal Contract Tower,0,0,9,0,9,0,17,43,32,92,0,17,52,32,101,18,0,18,119
06/08/2007,MCN,GA,ASO,ES,Federal Contract Tower,0,0,5,7,12,0,7,30,22,59,0,7,35,29,71,28,16,44,115
06/09/2007,MCN,GA,ASO,ES,Federal Contract Tower,0,0,3,0,3,1,2,29,10,42,1,2,32,10,45,14,0,14,59
06/10/2007,MCN,GA,ASO,ES,Federal Contract Tower,0,0,0,0,0,2,2,26,1,31,2,2,26,1,31,14,0,14,45
06/11/2007,MCN,GA,ASO,ES,Federal Contract Tower,0,1,9,0,10,0,5,30,14,49,0,6,39,14,59,2,0,2,61
06/12/2007,MCN,GA,ASO,ES,Federal Contract Tower,3,0,9,0,12,5,4,16,26,51,8,4,25,26,63,2,0,2,65
06/13/2007,MCN,GA,ASO,ES,Federal Contract Tower,0,0,3,0,3,3,6,67,8,84,3,6,70,8,87,26,0,26,113
06/14/2007,MCN,GA,ASO,ES,Federal Contract Tower,0,0,3,1,4,1,11,30,1,43,1,11,33,2,47,2,0,2,49
06/15/2007,MCN,GA,ASO,ES,Federal Contract Tower,0,1,2,7,10,0,4,45,11,60,0,5,47,18,70,16,4,20,90
06/16/2007,MCN,GA,ASO,ES,Federal Contract Tower,0,0,4,0,4,1,2,20,0,23,1,2,24,0,27,28,0,28,55
06/17/2007,MCN,GA,ASO,ES,Federal Contract Tower,0,0,3,0,3,1,2,33,0,36,1,2,36,0,39,24,0,24,63
06/18/2007,MCN,GA,ASO,ES,Federal Contract Tower,0,0,1,1,2,0,4,54,13,71,0,4,55,14,73,2,4,6,79
06/19/2007,MCN,GA,ASO,ES,Federal Contract Tower,0,0,8,3,11,3,9,37,24,73,3,9,45,27,84,6,40,46,130
06/20/2007,MCN,GA,ASO,ES,Federal Contract Tower,0,2,8,0,10,2,9,60,10,81,2,11,68,10,91,6,0,6,97
06/21/2007,MCN,GA,ASO,ES,Federal Contract Tower,0,0,0,0,0,0,4,43,2,49,0,4,43,2,49,4,0,4,53
06/22/2007,MCN,GA,ASO,ES,Federal Contract Tower,1,0,1,3,5,1,4,35,17,57,2,4,36,20,62,14,0,14,76
06/23/2007,MCN,GA,ASO,ES,Federal Contract Tower,0,0,2,0,2,1,3,58,0,62,1,3,60,0,64,16,0,16,80
06/24/2007,MCN,GA,ASO,ES,Federal Contract Tower,0,0,2,0,2,1,5,26,0,32,1,5,28,0,34,18,0,18,52
06/25/2007,MCN,GA,ASO,ES,Federal Contract Tower,0,0,5,2,7,5,7,41,22,75,5,7,46,24,82,12,8,20,102
06/26/2007,MCN,GA,ASO,ES,Federal Contract Tower,0,0,6,0,6,2,12,49,12,75,2,12,55,12,81,12,0,12,93
06/27/2007,MCN,GA,ASO,ES,Federal Contract Tower,0,0,0,0,0,0,5,40,40,85,0,5,40,40,85,12,0,12,97
06/28/2007,MCN,GA,ASO,ES,Federal Contract Tower,0,0,1,0,1,0,7,49,24,80,0,7,50,24,81,18,0,18,99
06/29/2007,MCN,GA,ASO,ES,Federal Contract Tower,0,0,2,1,3,1,13,51,17,82,1,13,53,18,85,6,0,6,91
06/30/2007,MCN,GA,ASO,ES,Federal Contract Tower,0,0,6,0,6,1,2,70,2,75,1,2,76,2,81,10,0,10,91
07/01/2007,MCN,GA,ASO,ES,Federal Contract Tower,0,1,4,0,5,4,1,21,0,26,4,2,25,0,31,14,0,14,45
07/02/2007,MCN,GA,ASO,ES,Federal Contract Tower,1,3,9,1,14,1,6,22,4,33,2,9,31,5,47,4,0,4,51
07/03/2007,MCN,GA,ASO,ES,Federal Contract Tower,0,0,4,0,4,1,7,19,37,64,1,7,23,37,68,0,0,0,68
07/04/2007,MCN,GA,ASO,ES,Federal Contract Tower,0,0,1,0,1,0,2,23,0,25,0,2,24,0,26,18,0,18,44
07/05/2007,MCN,GA,ASO,ES,Federal Contract Tower,0,0,3,0,3,0,6,35,28,69,0,6,38,28,72,0,0,0,72
07/06/2007,MCN,GA,ASO,ES,Federal Contract Tower,0,0,5,0,5,0,6,47,7,60,0,6,52,7,65,16,0,16,81
07/07/2007,MCN,GA,ASO,ES,Federal Contract Tower,0,0,1,0,1,1,2,22,0,25,1,2,23,0,26,0,0,0,26
07/08/2007,MCN,GA,ASO,ES,Federal Contract Tower,0,1,0,0,1,1,1,19,2,23,1,2,19,2,24,0,0,0,24
07/09/2007,MCN,GA,ASO,ES,Federal Contract Tower,0,0,10,0,10,0,5,19,0,24,0,5,29,0,34,6,0,6,40
07/10/2007,MCN,GA,ASO,ES,Federal Contract Tower,0,0,1,1,2,1,4,47,5,57,1,4,48,6,59,26,0,26,85
07/11/2007,MCN,GA,ASO,ES,Federal Contract Tower,0,0,5,0,5,1,2,33,24,60,1,2,38,24,65,0,0,0,65
07/12/2007,MCN,GA,ASO,ES,Federal Contract Tower,0,0,4,1,5,0,4,27,9,40,0,4,31,10,45,4,6,10,55
07/13/2007,MCN,GA,ASO,ES,Federal Contract Tower,0,0,6,3,9,0,11,40,6,57,0,11,46,9,66,16,2,18,84
07/14/2007,MCN,GA,ASO,ES,Federal Contract Tower,0,0,3,0,3,2,2,22,3,29,2,2,25,3,32,4,0,4,36
07/15/2007,MCN,GA,ASO,ES,Federal Contract Tower,0,0,2,1,3,1,2,13,5,21,1,2,15,6,24,26,4,30,54
07/16/2007,MCN,GA,ASO,ES,Federal Contract Tower,0,0,1,1,2,0,8,42,47,97,0,8,43,48,99,6,4,10,109
07/17/2007,MCN,GA,ASO,ES,Federal Contract Tower,0,0,5,0,5,1,5,57,28,91,1,5,62,28,96,16,0,16,112
07/18/2007,MCN,GA,ASO,ES,Federal Contract Tower,0,0,3,0,3,1,7,68,26,102,1,7,71,26,105,12,4,16,121
07/19/2007,MCN,GA,ASO,ES,Federal Contract Tower,0,0,4,0,4,8,4,55,0,67,8,4,59,0,71,4,0,4,75
07/20/2007,MCN,GA,ASO,ES,Federal Contract Tower,0,0,3,1,4,0,4,39,5,48,0,4,42,6,52,6,2,8,60
07/21/2007,MCN,GA,ASO,ES,Federal Contract Tower,0,0,12,0,12,1,4,46,9,60,1,4,58,9,72,18,6,24,96
07/22/2007,MCN,GA,ASO,ES,Federal Contract Tower,0,0,3,1,4,2,3,41,3,49,2,3,44,4,53,18,0,18,71
07/23/2007,MCN,GA,ASO,ES,Federal Contract Tower,0,0,5,5,10,1,4,36,45,86,1,4,41,50,96,10,12,22,118
07/24/2007,MCN,GA,ASO,ES,Federal Contract Tower,0,0,6,1,7,1,4,58,55,118,1,4,64,56,125,34,2,36,161
07/25/2007,MCN,GA,ASO,ES,Federal Contract Tower,0,0,12,0,12,0,6,38,42,86,0,6,50,42,98,2,0,2,100
07/26/2007,MCN,GA,ASO,ES,Federal Contract Tower,0,0,5,0,5,0,2,51,48,101,0,2,56,48,106,22,8,30,136
07/27/2007,MCN,GA,ASO,ES,Federal Contract Tower,0,0,1,0,1,0,4,58,4,66,0,4,59,4,67,12,0,12,79
07/28/2007,MCN,GA,ASO,ES,Federal Contract Tower,0,0,1,0,1,4,2,24,0,30,4,2,25,0,31,2,0,2,33
07/29/2007,MCN,GA,ASO,ES,Federal Contract Tower,0,0,1,1,2,2,1,25,7,35,2,1,26,8,37,0,2,2,39
07/30/2007,MCN,GA,ASO,ES,Federal Contract Tower,0,0,5,1,6,0,4,26,1,31,0,4,31,2,37,4,0,4,41
07/31/2007,MCN,GA,ASO,ES,Federal Contract Tower,0,0,13,0,13,1,6,33,18,58,1,6,46,18,71,18,0,18,89
08/01/2007,MCN,GA,ASO,ES,Federal Contract Tower,0,0,0,0,0,2,5,55,4,66,2,5,55,4,66,4,0,4,70
08/02/2007,MCN,GA,ASO,ES,Federal Contract Tower,0,1,1,1,3,4,3,39,21,67,4,4,40,22,70,2,0,2,72
08/03/2007,MCN,GA,ASO,ES,Federal Contract Tower,0,0,8,3,11,0,6,42,27,75,0,6,50,30,86,12,4,16,102
08/04/2007,MCN,GA,ASO,ES,Federal Contract Tower,0,0,2,0,2,2,1,50,0,53,2,1,52,0,55,2,0,2,57
08/05/2007,MCN,GA,ASO,ES,Federal Contract Tower,0,1,13,0,14,1,1,24,2,28,1,2,37,2,42,26,0,26,68
08/06/2007,MCN,GA,ASO,ES,Federal Contract Tower,0,0,6,1,7,1,4,32,1,38,1,4,38,2,45,18,2,20,65
08/07/2007,MCN,GA,ASO,ES,Federal Contract Tower,0,1,13,0,14,1,1,39,0,41,1,2,52,0,55,4,0,4,59
08/08/2007,MCN,GA,ASO,ES,Federal Contract Tower,1,2,5,5,13,4,7,28,31,70,5,9,33,36,83,2,10,12,95
08/09/2007,MCN,GA,ASO,ES,Federal Contract Tower,0,1,6,0,7,0,2,47,25,74,0,3,53,25,81,8,0,8,89
08/10/2007,MCN,GA,ASO,ES,Federal Contract Tower,0,0,1,2,3,1,6,44,11,62,1,6,45,13,65,4,4,8,73
08/11/2007,MCN,GA,ASO,ES,Federal Contract Tower,0,0,3,0,3,2,4,27,2,35,2,4,30,2,38,12,0,12,50
08/12/2007,MCN,GA,ASO,ES,Federal Contract Tower,0,0,6,1,7,2,3,22,6,33,2,3,28,7,40,6,0,6,46
08/13/2007,MCN,GA,ASO,ES,Federal Contract Tower,0,0,4,0,4,1,6,33,4,44,1,6,37,4,48,2,0,2,50
08/14/2007,MCN,GA,ASO,ES,Federal Contract Tower,0,1,2,1,4,2,6,53,7,68,2,7,55,8,72,8,0,8,80
08/15/2007,MCN,GA,ASO,ES,Federal Contract Tower,0,0,1,0,1,3,4,33,0,40,3,4,34,0,41,6,0,6,47
08/16/2007,MCN,GA,ASO,ES,Federal Contract Tower,0,0,6,0,6,0,6,34,55,95,0,6,40,55,101,20,0,20,121
08/17/2007,MCN,GA,ASO,ES,Federal Contract Tower,0,0,7,0,7,5,5,27,8,45,5,5,34,8,52,10,0,10,62
08/18/2007,MCN,GA,ASO,ES,Federal Contract Tower,4,1,5,1,11,1,2,17,10,30,5,3,22,11,41,4,0,4,45
08/19/2007,MCN,GA,ASO,ES,Federal Contract Tower,0,0,1,6,7,1,3,23,8,35,1,3,24,14,42,14,8,22,64
08/20/2007,MCN,GA,ASO,ES,Federal Contract Tower,0,0,0,4,4,3,8,38,37,86,3,8,38,41,90,0,10,10,100
08/21/2007,MCN,GA,ASO,ES,Federal Contract Tower,0,0,6,6,12,1,2,53,35,91,1,2,59,41,103,40,4,44,147
08/22/2007,MCN,GA,ASO,ES,Federal Contract Tower,0,0,0,0,0,0,6,25,4,35,0,6,25,4,35,0,0,0,35
08/23/2007,MCN,GA,ASO,ES,Federal Contract Tower,0,0,3,0,3,2,4,55,11,72,2,4,58,11,75,2,0,2,77
08/24/2007,MCN,GA,ASO,ES,Federal Contract Tower,1,0,2,0,3,6,6,49,19,80,7,6,51,19,83,8,0,8,91
08/25/2007,MCN,GA,ASO,ES,Federal Contract Tower,0,0,2,1,3,1,3,21,8,33,1,3,23,9,36,14,2,16,52
08/26/2007,MCN,GA,ASO,ES,Federal Contract Tower,0,1,5,3,9,3,6,34,6,49,3,7,39,9,58,8,4,12,70
08/27/2007,MCN,GA,ASO,ES,Federal Contract Tower,0,2,6,0,8,1,3,25,12,41,1,5,31,12,49,0,0,0,49
08/28/2007,MCN,GA,ASO,ES,Federal Contract Tower,0,0,4,0,4,3,3,24,30,60,3,3,28,30,64,6,0,6,70
08/29/2007,MCN,GA,ASO,ES,Federal Contract Tower,0,0,8,2,10,3,7,38,46,94,3,7,46,48,104,18,4,22,126
08/30/2007,MCN,GA,ASO,ES,Federal Contract Tower,0,0,1,0,1,4,9,40,2,55,4,9,41,2,56,6,0,6,62
08/31/2007,MCN,GA,ASO,ES,Federal Contract Tower,0,0,6,4,10,0,6,30,29,65,0,6,36,33,75,0,2,2,77
09/01/2007,MCN,GA,ASO,ES,Federal Contract Tower,0,2,6,0,8,1,4,11,2,18,1,6,17,2,26,0,0,0,26
09/02/2007,MCN,GA,ASO,ES,Federal Contract Tower,0,2,4,0,6,3,3,19,0,25,3,5,23,0,31,10,0,10,41
09/03/2007,MCN,GA,ASO,ES,Federal Contract Tower,0,0,3,0,3,1,3,24,1,29,1,3,27,1,32,4,0,4,36
09/04/2007,MCN,GA,ASO,ES,Federal Contract Tower,0,0,1,0,1,1,4,35,30,70,1,4,36,30,71,8,0,8,79
09/05/2007,MCN,GA,ASO,ES,Federal Contract Tower,0,0,2,1,3,0,8,35,31,74,0,8,37,32,77,0,0,0,77
09/06/2007,MCN,GA,ASO,ES,Federal Contract Tower,0,0,9,0,9,1,4,26,32,63,1,4,35,32,72,6,0,6,78
09/07/2007,MCN,GA,ASO,ES,Federal Contract Tower,0,0,1,2,3,1,7,60,62,130,1,7,61,64,133,26,8,34,167
09/08/2007,MCN,GA,ASO,ES,Federal Contract Tower,0,0,2,0,2,5,3,26,4,38,5,3,28,4,40,16,0,16,56
09/09/2007,MCN,GA,ASO,ES,Federal Contract Tower,0,0,2,4,6,2,0,31,11,44,2,0,33,15,50,16,0,16,66
09/10/2007,MCN,GA,ASO,ES,Federal Contract Tower,0,0,3,0,3,2,4,39,20,65,2,4,42,20,68,8,0,8,76
09/11/2007,MCN,GA,ASO,ES,Federal Contract Tower,0,0,3,0,3,2,5,30,24,61,2,5,33,24,64,8,0,8,72
09/12/2007,MCN,GA,ASO,ES,Federal Contract Tower,2,0,0,0,2,5,6,0,52,63,7,6,0,52,65,22,2,24,89
09/13/2007,MCN,GA,ASO,ES,Federal Contract Tower,0,2,3,1,6,1,2,34,20,57,1,4,37,21,63,2,0,2,65
09/14/2007,MCN,GA,ASO,ES,Federal Contract Tower,0,0,9,0,9,9,2,29,14,54,9,2,38,14,63,2,0,2,65
09/15/2007,MCN,GA,ASO,ES,Federal Contract Tower,0,0,2,0,2,1,4,30,2,37,1,4,32,2,39,2,0,2,41
09/16/2007,MCN,GA,ASO,ES,Federal Contract Tower,0,0,2,1,3,1,1,51,3,56,1,1,53,4,59,16,2,18,77
09/17/2007,MCN,GA,ASO,ES,Federal Contract Tower,0,0,3,0,3,4,5,42,4,55,4,5,45,4,58,18,0,18,76
09/18/2007,MCN,GA,ASO,ES,Federal Contract Tower,0,0,2,0,2,3,3,56,4,66,3,3,58,4,68,8,0,8,76
09/19/2007,MCN,GA,ASO,ES,Federal Contract Tower,0,0,1,1,2,1,3,44,5,53,1,3,45,6,55,0,0,0,55
09/20/2007,MCN,GA,ASO,ES,Federal Contract Tower,0,1,12,1,14,1,3,33,3,40,1,4,45,4,54,6,0,6,60
09/21/2007,MCN,GA,ASO,ES,Federal Contract Tower,0,1,18,1,20,0,4,22,1,27,0,5,40,2,47,8,0,8,55
09/22/2007,MCN,GA,ASO,ES,Federal Contract Tower,0,0,7,0,7,2,3,24,9,38,2,3,31,9,45,2,0,2,47
09/23/2007,MCN,GA,ASO,ES,Federal Contract Tower,0,0,2,1,3,2,2,23,3,30,2,2,25,4,33,0,2,2,35
09/24/2007,MCN,GA,ASO,ES,Federal Contract Tower,0,0,7,0,7,1,3,49,42,95,1,3,56,42,102,4,4,8,110
09/25/2007,MCN,GA,ASO,ES,Federal Contract Tower,0,1,4,0,5,1,6,24,38,69,1,7,28,38,74,0,0,0,74
09/26/2007,MCN,GA,ASO,ES,Federal Contract Tower,0,0,15,2,17,0,3,25,52,80,0,3,40,54,97,24,4,28,125
09/27/2007,MCN,GA,ASO,ES,Federal Contract Tower,0,0,6,1,7,1,5,28,7,41,1,5,34,8,48,12,4,16,64
09/28/2007,MCN,GA,ASO,ES,Federal Contract Tower,0,0,2,3,5,4,2,54,9,69,4,2,56,12,74,4,32,36,110
09/29/2007,MCN,GA,ASO,ES,Federal Contract Tower,0,1,2,0,3,2,3,31,0,36,2,4,33,0,39,18,0,18,57
09/30/2007,MCN,GA,ASO,ES,Federal Contract Tower,0,0,2,0,2,2,1,37,6,46,2,1,39,6,48,14,2,16,64
10/01/2007,MCN,GA,ASO,ES,Federal Contract Tower,0,0,1,2,3,0,5,35,10,50,0,5,36,12,53,0,16,16,69
10/02/2007,MCN,GA,ASO,ES,Federal Contract Tower,0,0,5,0,5,1,4,47,10,62,1,4,52,10,67,8,6,14,81
10/03/2007,MCN,GA,ASO,ES,Federal Contract Tower,0,3,9,0,12,2,3,14,2,21,2,6,23,2,33,0,0,0,33
10/04/2007,MCN,GA,ASO,ES,Federal Contract Tower,0,0,8,0,8,0,3,22,27,52,0,3,30,27,60,2,0,2,62
10/05/2007,MCN,GA,ASO,ES,Federal Contract Tower,0,0,10,0,10,1,4,30,38,73,1,4,40,38,83,6,0,6,89
10/06/2007,MCN,GA,ASO,ES,Federal Contract Tower,0,2,12,1,15,1,2,23,3,29,1,4,35,4,44,22,0,22,66
10/07/2007,MCN,GA,ASO,ES,Federal Contract Tower,1,0,7,0,8,0,0,27,1,28,1,0,34,1,36,22,0,22,58
10/08/2007,MCN,GA,ASO,ES,Federal Contract Tower,0,0,6,1,7,1,2,22,20,45,1,2,28,21,52,6,0,6,58
10/09/2007,MCN,GA,ASO,ES,Federal Contract Tower,0,1,4,0,5,1,3,52,14,70,1,4,56,14,75,2,0,2,77
10/10/2007,MCN,GA,ASO,ES,Federal Contract Tower,0,5,24,8,37,0,0,30,0,30,0,5,54,8,67,26,0,26,93
10/11/2007,MCN,GA,ASO,ES,Federal Contract Tower,0,0,0,0,0,0,5,48,10,63,0,5,48,10,63,8,0,8,71
10/12/2007,MCN,GA,ASO,ES,Federal Contract Tower,0,0,2,0,2,1,8,56,9,74,1,8,58,9,76,10,0,10,86
10/13/2007,MCN,GA,ASO,ES,Federal Contract Tower,0,0,0,0,0,5,8,34,0,47,5,8,34,0,47,4,0,4,51
10/14/2007,MCN,GA,ASO,ES,Federal Contract Tower,0,0,0,0,0,2,2,28,2,34,2,2,28,2,34,1,0,1,35
10/15/2007,MCN,GA,ASO,ES,Federal Contract Tower,0,1,3,1,5,3,9,33,6,51,3,10,36,7,56,2,0,2,58
10/16/2007,MCN,GA,ASO,ES,Federal Contract Tower,0,0,3,2,5,5,4,38,30,77,5,4,41,32,82,12,0,12,94
10/17/2007,MCN,GA,ASO,ES,Federal Contract Tower,0,0,6,0,6,2,1,34,24,61,2,1,40,24,67,14,0,14,81
10/18/2007,MCN,GA,ASO,ES,Federal Contract Tower,0,1,3,1,5,0,13,22,26,61,0,14,25,27,66,4,0,4,70
10/19/2007,MCN,GA,ASO,ES,Federal Contract Tower,1,3,15,0,19,2,5,15,48,70,3,8,30,48,89,4,0,4,93
10/20/2007,MCN,GA,ASO,ES,Federal Contract Tower,0,0,2,0,2,1,5,39,2,47,1,5,41,2,49,10,0,10,59
10/21/2007,MCN,GA,ASO,ES,Federal Contract Tower,0,0,0,0,0,2,2,45,0,49,2,2,45,0,49,14,0,14,63
10/22/2007,MCN,GA,ASO,ES,Federal Contract Tower,1,1,9,0,11,1,5,22,24,52,2,6,31,24,63,6,0,6,69
10/23/2007,MCN,GA,ASO,ES,Federal Contract Tower,0,1,3,0,4,7,2,28,34,71,7,3,31,34,75,0,0,0,75
10/24/2007,MCN,GA,ASO,ES,Federal Contract Tower,0,0,14,0,14,1,3,24,22,50,1,3,38,22,64,18,0,18,82
10/25/2007,MCN,GA,ASO,ES,Federal Contract Tower,1,0,1,0,2,2,3,65,40,110,3,3,66,40,112,10,2,12,124
10/26/2007,MCN,GA,ASO,ES,Federal Contract Tower,0,0,3,0,3,1,7,41,24,73,1,7,44,24,76,7,0,7,83
10/27/2007,MCN,GA,ASO,ES,Federal Contract Tower,0,1,1,2,4,1,8,42,4,55,1,9,43,6,59,8,0,8,67
10/28/2007,MCN,GA,ASO,ES,Federal Contract Tower,0,0,0,0,0,2,3,24,2,31,2,3,24,2,31,2,0,2,33
10/29/2007,MCN,GA,ASO,ES,Federal Contract Tower,0,0,1,0,1,3,3,64,4,74,3,3,65,4,75,10,34,44,119
10/30/2007,MCN,GA,ASO,ES,Federal Contract Tower,0,0,3,1,4,2,10,44,8,64,2,10,47,9,68,2,12,14,82
10/31/2007,MCN,GA,ASO,ES,Federal Contract Tower,0,0,6,0,6,5,6,39,10,60,5,6,45,10,66,16,0,16,82
11/01/2007,MCN,GA,ASO,ES,Federal Contract Tower,0,0,1,0,1,0,8,45,16,69,0,8,46,16,70,10,0,10,80
11/02/2007,MCN,GA,ASO,ES,Federal Contract Tower,0,0,0,1,1,2,9,63,3,77,2,9,63,4,78,6,4,10,88
11/03/2007,MCN,GA,ASO,ES,Federal Contract Tower,0,0,8,0,8,1,5,20,2,28,1,5,28,2,36,8,0,8,44
11/04/2007,MCN,GA,ASO,ES,Federal Contract Tower,0,0,5,0,5,2,1,40,9,52,2,1,45,9,57,6,0,6,63
11/05/2007,MCN,GA,ASO,ES,Federal Contract Tower,0,0,3,0,3,1,5,33,3,42,1,5,36,3,45,4,0,4,49
11/06/2007,MCN,GA,ASO,ES,Federal Contract Tower,0,0,0,0,0,2,3,52,6,63,2,3,52,6,63,14,0,14,77
11/07/2007,MCN,GA,ASO,ES,Federal Contract Tower,0,0,0,4,4,1,3,49,6,59,1,3,49,10,63,24,22,46,109
11/08/2007,MCN,GA,ASO,ES,Federal Contract Tower,0,0,1,0,1,0,7,43,9,59,0,7,44,9,60,2,10,12,72
11/09/2007,MCN,GA,ASO,ES,Federal Contract Tower,0,0,2,2,4,1,5,41,5,52,1,5,43,7,56,2,4,6,62
11/10/2007,MCN,GA,ASO,ES,Federal Contract Tower,0,0,3,1,4,1,6,37,8,52,1,6,40,9,56,8,2,10,66
11/11/2007,MCN,GA,ASO,ES,Federal Contract Tower,0,0,1,0,1,2,2,31,0,35,2,2,32,0,36,8,0,8,44
11/12/2007,MCN,GA,ASO,ES,Federal Contract Tower,0,0,4,1,5,4,3,58,3,68,4,3,62,4,73,42,0,42,115
11/13/2007,MCN,GA,ASO,ES,Federal Contract Tower,0,0,2,1,3,3,7,46,7,63,3,7,48,8,66,16,8,24,90
11/14/2007,MCN,GA,ASO,ES,Federal Contract Tower,0,0,0,0,0,0,5,50,18,73,0,5,50,18,73,10,14,24,97
11/15/2007,MCN,GA,ASO,ES,Federal Contract Tower,0,0,0,0,0,0,6,32,4,42,0,6,32,4,42,0,0,0,42
11/16/2007,MCN,GA,ASO,ES,Federal Contract Tower,0,0,9,1,10,2,6,47,10,65,2,6,56,11,75,6,0,6,81
11/17/2007,MCN,GA,ASO,ES,Federal Contract Tower,0,0,5,2,7,1,13,45,4,63,1,13,50,6,70,12,4,16,86
11/18/2007,MCN,GA,ASO,ES,Federal Contract Tower,0,0,3,1,4,2,1,35,5,43,2,1,38,6,47,12,2,14,61
11/19/2007,MCN,GA,ASO,ES,Federal Contract Tower,0,2,6,0,8,3,4,47,0,54,3,6,53,0,62,4,0,4,66
11/20/2007,MCN,GA,ASO,ES,Federal Contract Tower,0,0,2,0,2,2,3,70,36,111,2,3,72,36,113,2,0,2,115
11/21/2007,MCN,GA,ASO,ES,Federal Contract Tower,0,0,2,0,2,1,6,44,28,79,1,6,46,28,81,6,0,6,87
11/22/2007,MCN,GA,ASO,ES,Federal Contract Tower,0,1,0,0,1,0,1,3,0,4,0,2,3,0,5,0,0,0,5
11/23/2007,MCN,GA,ASO,ES,Federal Contract Tower,0,0,3,0,3,1,2,34,0,37,1,2,37,0,40,14,0,14,54
11/24/2007,MCN,GA,ASO,ES,Federal Contract Tower,1,1,5,0,7,0,4,24,0,28,1,5,29,0,35,6,0,6,41
11/25/2007,MCN,GA,ASO,ES,Federal Contract Tower,0,1,19,0,20,1,1,12,0,14,1,2,31,0,34,0,0,0,34
11/26/2007,MCN,GA,ASO,ES,Federal Contract Tower,0,1,10,0,11,0,1,8,16,25,0,2,18,16,36,8,0,8,44
11/27/2007,MCN,GA,ASO,ES,Federal Contract Tower,0,1,1,0,2,1,4,37,16,58,1,5,38,16,60,7,2,9,69
11/28/2007,MCN,GA,ASO,ES,Federal Contract Tower,0,0,2,0,2,5,9,48,11,73,5,9,50,11,75,2,0,2,77
11/29/2007,MCN,GA,ASO,ES,Federal Contract Tower,0,1,2,7,10,2,11,35,13,61,2,12,37,20,71,0,22,22,93
11/30/2007,MCN,GA,ASO,ES,Federal Contract Tower,0,0,2,2,4,1,8,44,4,57,1,8,46,6,61,1,4,5,66
12/01/2007,MCN,GA,ASO,ES,Federal Contract Tower,0,0,2,0,2,1,3,31,0,35,1,3,33,0,37,12,0,12,49
12/02/2007,MCN,GA,ASO,ES,Federal Contract Tower,1,0,4,0,5,4,2,26,4,36,5,2,30,4,41,22,0,22,63
12/03/2007,MCN,GA,ASO,ES,Federal Contract Tower,0,0,3,0,3,1,5,31,13,50,1,5,34,13,53,2,0,2,55
12/04/2007,MCN,GA,ASO,ES,Federal Contract Tower,0,0,2,1,3,1,4,40,5,50,1,4,42,6,53,5,0,5,58
12/05/2007,MCN,GA,ASO,ES,Federal Contract Tower,0,0,2,0,2,0,11,58,18,87,0,11,60,18,89,0,0,0,89
12/06/2007,MCN,GA,ASO,ES,Federal Contract Tower,0,0,7,1,8,0,11,38,5,54,0,11,45,6,62,22,4,26,88
12/07/2007,MCN,GA,ASO,ES,Federal Contract Tower,0,0,6,1,7,1,6,47,9,63,1,6,53,10,70,2,6,8,78
12/08/2007,MCN,GA,ASO,ES,Federal Contract Tower,0,3,4,0,7,2,2,47,2,53,2,5,51,2,60,4,0,4,64
12/09/2007,MCN,GA,ASO,ES,Federal Contract Tower,0,0,1,0,1,2,1,31,18,52,2,1,32,18,53,20,0,20,73
12/10/2007,MCN,GA,ASO,ES,Federal Contract Tower,0,0,8,0,8,1,6,66,24,97,1,6,74,24,105,20,0,20,125
12/11/2007,MCN,GA,ASO,ES,Federal Contract Tower,0,0,2,0,2,2,5,49,24,80,2,5,51,24,82,12,0,12,94
12/12/2007,MCN,GA,ASO,ES,Federal Contract Tower,0,0,8,0,8,2,9,52,49,112,2,9,60,49,120,20,0,20,140
12/13/2007,MCN,GA,ASO,ES,Federal Contract Tower,0,1,5,1,7,0,19,38,21,78,0,20,43,22,85,24,0,24,109
12/14/2007,MCN,GA,ASO,ES,Federal Contract Tower,0,0,4,3,7,1,3,37,9,50,1,3,41,12,57,6,4,10,67
12/15/2007,MCN,GA,ASO,ES,Federal Contract Tower,0,4,5,0,9,0,0,29,0,29,0,4,34,0,38,10,0,10,48
12/16/2007,MCN,GA,ASO,ES,Federal Contract Tower,0,0,2,0,2,2,1,9,4,16,2,1,11,4,18,0,0,0,18
12/17/2007,MCN,GA,ASO,ES,Federal Contract Tower,0,0,3,0,3,2,8,50,2,62,2,8,53,2,65,18,0,18,83
12/18/2007,MCN,GA,ASO,ES,Federal Contract Tower,0,0,3,0,3,2,3,55,0,60,2,3,58,0,63,18,0,18,81
12/19/2007,MCN,GA,ASO,ES,Federal Contract Tower,0,0,4,0,4,1,5,35,0,41,1,5,39,0,45,24,0,24,69
12/20/2007,MCN,GA,ASO,ES,Federal Contract Tower,0,0,2,3,5,1,5,38,29,73,1,5,40,32,78,2,6,8,86
12/21/2007,MCN,GA,ASO,ES,Federal Contract Tower,0,4,12,0,16,1,4,19,6,30,1,8,31,6,46,0,0,0,46
12/22/2007,MCN,GA,ASO,ES,Federal Contract Tower,2,2,11,2,17,2,2,13,2,19,4,4,24,4,36,6,0,6,42
12/23/2007,MCN,GA,ASO,ES,Federal Contract Tower,0,0,6,0,6,2,2,25,0,29,2,2,31,0,35,0,0,0,35
12/24/2007,MCN,GA,ASO,ES,Federal Contract Tower,0,0,6,0,6,1,3,19,0,23,1,3,25,0,29,16,0,16,45
12/25/2007,MCN,GA,ASO,ES,Federal Contract Tower,0,0,1,0,1,1,0,5,0,6,1,0,6,0,7,0,0,0,7
12/26/2007,MCN,GA,ASO,ES,Federal Contract Tower,0,0,3,0,3,3,5,33,0,41,3,5,36,0,44,6,0,6,50
12/27/2007,MCN,GA,ASO,ES,Federal Contract Tower,0,1,11,0,12,1,2,11,6,20,1,3,22,6,32,2,0,2,34
12/28/2007,MCN,GA,ASO,ES,Federal Contract Tower,0,0,6,0,6,3,6,17,8,34,3,6,23,8,40,6,0,6,46
12/29/2007,MCN,GA,ASO,ES,Federal Contract Tower,0,2,9,0,11,0,2,12,0,14,0,4,21,0,25,2,0,2,27
12/30/2007,MCN,GA,ASO,ES,Federal Contract Tower,0,1,6,0,7,1,0,4,0,5,1,1,10,0,12,0,0,0,12
12/31/2007,MCN,GA,ASO,ES,Federal Contract Tower,0,0,8,0,8,2,5,32,0,39,2,5,40,0,47,8,0,8,55
01/01/2008,MCN,GA,ASO,ES,Federal Contract Tower,0,0,0,0,0,1,1,21,0,23,1,1,21,0,23,4,0,4,27
01/02/2008,MCN,GA,ASO,ES,Federal Contract Tower,0,0,0,0,0,2,4,10,2,18,2,4,10,2,18,0,0,0,18
01/03/2008,MCN,GA,ASO,ES,Federal Contract Tower,0,0,2,0,2,1,5,46,2,54,1,5,48,2,56,22,0,22,78
01/04/2008,MCN,GA,ASO,ES,Federal Contract Tower,1,0,4,0,5,4,4,40,0,48,5,4,44,0,53,6,0,6,59
01/05/2008,MCN,GA,ASO,ES,Federal Contract Tower,0,0,5,0,5,2,4,28,4,38,2,4,33,4,43,2,0,2,45
01/06/2008,MCN,GA,ASO,ES,Federal Contract Tower,0,0,8,0,8,2,6,41,4,53,2,6,49,4,61,14,0,14,75
01/07/2008,MCN,GA,ASO,ES,Federal Contract Tower,0,0,2,0,2,4,3,26,22,55,4,3,28,22,57,6,0,6,63
01/08/2008,MCN,GA,ASO,ES,Federal Contract Tower,1,0,11,0,12,2,6,23,20,51,3,6,34,20,63,2,0,2,65
01/09/2008,MCN,GA,ASO,ES,Federal Contract Tower,0,3,12,0,15,1,1,19,52,73,1,4,31,52,88,2,0,2,90
01/10/2008,MCN,GA,ASO,ES,Federal Contract Tower,0,0,10,5,15,1,3,37,61,102,1,3,47,66,117,4,4,8,125
01/11/2008,MCN,GA,ASO,ES,Federal Contract Tower,0,0,4,3,7,1,5,39,7,52,1,5,43,10,59,4,2,6,65
01/12/2008,MCN,GA,ASO,ES,Federal Contract Tower,0,0,4,0,4,2,4,46,0,52,2,4,50,0,56,12,0,12,68
01/13/2008,MCN,GA,ASO,ES,Federal Contract Tower,0,0,1,2,3,2,2,22,8,34,2,2,23,10,37,4,0,4,41
01/14/2008,MCN,GA,ASO,ES,Federal Contract Tower,0,0,1,0,1,1,9,30,9,49,1,9,31,9,50,10,0,10,60
01/15/2008,MCN,GA,ASO,ES,Federal Contract Tower,0,0,5,0,5,1,3,56,0,60,1,3,61,0,65,32,0,32,97
01/16/2008,MCN,GA,ASO,ES,Federal Contract Tower,0,1,9,2,12,1,2,25,4,32,1,3,34,6,44,10,2,12,56
01/17/2008,MCN,GA,ASO,ES,Federal Contract Tower,0,2,7,0,9,2,2,10,0,14,2,4,17,0,23,0,0,0,23
01/18/2008,MCN,GA,ASO,ES,Federal Contract Tower,0,0,2,0,2,1,7,37,8,53,1,7,39,8,55,14,0,14,69
01/19/2008,MCN,GA,ASO,ES,Federal Contract Tower,1,0,3,0,4,0,1,2,0,3,1,1,5,0,7,0,0,0,7
01/20/2008,MCN,GA,ASO,ES,Federal Contract Tower,0,0,2,0,2,2,4,29,7,42,2,4,31,7,44,4,0,4,48
01/21/2008,MCN,GA,ASO,ES,Federal Contract Tower,0,0,1,0,1,1,9,23,2,35,1,9,24,2,36,0,0,0,36
01/22/2008,MCN,GA,ASO,ES,Federal Contract Tower,0,1,11,0,12,1,3,22,0,26,1,4,33,0,38,0,0,0,38
01/23/2008,MCN,GA,ASO,ES,Federal Contract Tower,0,0,4,1,5,1,6,34,5,46,1,6,38,6,51,10,0,10,61
01/24/2008,MCN,GA,ASO,ES,Federal Contract Tower,0,0,4,2,6,1,4,36,2,43,1,4,40,4,49,0,0,0,49
01/25/2008,MCN,GA,ASO,ES,Federal Contract Tower,0,1,11,2,14,1,16,56,12,85,1,17,67,14,99,36,8,44,143
01/26/2008,MCN,GA,ASO,ES,Federal Contract Tower,1,1,7,1,10,0,3,18,16,37,1,4,25,17,47,6,0,6,53
01/27/2008,MCN,GA,ASO,ES,Federal Contract Tower,0,0,5,2,7,1,3,39,13,56,1,3,44,15,63,16,0,16,79
01/28/2008,MCN,GA,ASO,ES,Federal Contract Tower,0,0,6,0,6,1,4,39,18,62,1,4,45,18,68,10,0,10,78
01/29/2008,MCN,GA,ASO,ES,Federal Contract Tower,0,0,5,2,7,1,5,47,58,111,1,5,52,60,118,10,0,10,128
01/30/2008,MCN,GA,ASO,ES,Federal Contract Tower,0,0,2,0,2,1,2,33,8,44,1,2,35,8,46,0,4,4,50
01/31/2008,MCN,GA,ASO,ES,Federal Contract Tower,0,3,8,0,11,4,1,42,33,80,4,4,50,33,91,4,0,4,95
02/01/2008,MCN,GA,ASO,ES,Federal Contract Tower,0,0,7,0,7,2,7,37,0,46,2,7,44,0,53,6,0,6,59
02/02/2008,MCN,GA,ASO,ES,Federal Contract Tower,0,0,7,1,8,4,8,34,22,68,4,8,41,23,76,12,2,14,90
02/03/2008,MCN,GA,ASO,ES,Federal Contract Tower,0,0,7,1,8,1,2,24,7,34,1,2,31,8,42,12,0,12,54
02/04/2008,MCN,GA,ASO,ES,Federal Contract Tower,1,0,4,0,5,4,4,30,4,42,5,4,34,4,47,4,0,4,51
02/05/2008,MCN,GA,ASO,ES,Federal Contract Tower,0,0,15,0,15,1,4,28,30,63,1,4,43,30,78,0,0,0,78
02/06/2008,MCN,GA,ASO,ES,Federal Contract Tower,0,0,5,0,5,1,3,9,18,31,1,3,14,18,36,0,0,0,36
02/07/2008,MCN,GA,ASO,ES,Federal Contract Tower,0,0,5,1,6,1,3,72,7,83,1,3,77,8,89,14,0,14,103
02/08/2008,MCN,GA,ASO,ES,Federal Contract Tower,0,0,6,1,7,1,7,61,14,83,1,7,67,15,90,8,6,14,104
02/09/2008,MCN,GA,ASO,ES,Federal Contract Tower,0,1,3,0,4,1,9,39,9,58,1,10,42,9,62,16,0,16,78
02/10/2008,MCN,GA,ASO,ES,Federal Contract Tower,0,0,4,0,4,1,7,26,2,36,1,7,30,2,40,10,0,10,50
02/11/2008,MCN,GA,ASO,ES,Federal Contract Tower,0,1,4,1,6,1,4,41,9,55,1,5,45,10,61,21,2,23,84
02/12/2008,MCN,GA,ASO,ES,Federal Contract Tower,0,0,4,0,4,1,12,33,26,72,1,12,37,26,76,2,0,2,78
02/13/2008,MCN,GA,ASO,ES,Federal Contract Tower,0,1,8,0,9,1,5,12,4,22,1,6,20,4,31,0,0,0,31
02/14/2008,MCN,GA,ASO,ES,Federal Contract Tower,0,0,6,1,7,5,7,56,9,77,5,7,62,10,84,12,4,16,100
02/15/2008,MCN,GA,ASO,ES,Federal Contract Tower,0,0,0,1,1,5,4,66,3,78,5,4,66,4,79,18,0,18,97
02/16/2008,MCN,GA,ASO,ES,Federal Contract Tower,0,0,2,2,4,2,4,42,12,60,2,4,44,14,64,22,0,22,86
02/17/2008,MCN,GA,ASO,ES,Federal Contract Tower,0,1,0,0,1,1,2,12,6,21,1,3,12,6,22,0,0,0,22
02/18/2008,MCN,GA,ASO,ES,Federal Contract Tower,0,0,0,0,0,1,1,28,0,30,1,1,28,0,30,0,0,0,30
02/19/2008,MCN,GA,ASO,ES,Federal Contract Tower,0,0,1,0,1,1,2,30,2,35,1,2,31,2,36,0,0,0,36
02/20/2008,MCN,GA,ASO,ES,Federal Contract Tower,0,0,1,1,2,1,3,74,28,106,1,3,75,29,108,8,4,12,120
02/21/2008,MCN,GA,ASO,ES,Federal Contract Tower,0,2,11,0,13,1,1,32,22,56,1,3,43,22,69,12,0,12,81
02/22/2008,MCN,GA,ASO,ES,Federal Contract Tower,0,2,10,0,12,1,1,9,8,19,1,3,19,8,31,0,0,0,31
02/23/2008,MCN,GA,ASO,ES,Federal Contract Tower,0,0,3,0,3,0,5,27,7,39,0,5,30,7,42,0,0,0,42
02/24/2008,MCN,GA,ASO,ES,Federal Contract Tower,0,0,2,1,3,7,1,25,1,34,7,1,27,2,37,2,0,2,39
02/25/2008,MCN,GA,ASO,ES,Federal Contract Tower,0,0,4,7,11,2,7,57,26,92,2,7,61,33,103,8,18,26,129
02/26/2008,MCN,GA,ASO,ES,Federal Contract Tower,1,0,3,0,4,3,6,6,0,15,4,6,9,0,19,2,0,2,21
02/27/2008,MCN,GA,ASO,ES,Federal Contract Tower,0,0,3,0,3,1,6,48,4,59,1,6,51,4,62,4,0,4,66
02/28/2008,MCN,GA,ASO,ES,Federal Contract Tower,0,0,5,1,6,0,4,59,13,76,0,4,64,14,82,18,0,18,100
02/29/2008,MCN,GA,ASO,ES,Federal Contract Tower,0,0,4,1,5,1,7,61,25,94,1,7,65,26,99,4,0,4,103
03/01/2008,MCN,GA,ASO,ES,Federal Contract Tower,0,0,1,1,2,0,7,17,3,27,0,7,18,4,29,0,0,0,29
03/02/2008,MCN,GA,ASO,ES,Federal Contract Tower,0,0,7,0,7,1,5,52,2,60,1,5,59,2,67,12,0,12,79
03/03/2008,MCN,GA,ASO,ES,Federal Contract Tower,1,0,2,0,3,6,6,24,44,80,7,6,26,44,83,2,0,2,85
03/04/2008,MCN,GA,ASO,ES,Federal Contract Tower,3,2,2,0,7,6,3,6,24,39,9,5,8,24,46,0,0,0,46
03/05/2008,MCN,GA,ASO,ES,Federal Contract Tower,0,0,3,2,5,4,15,47,10,76,4,15,50,12,81,4,2,6,87
03/06/2008,MCN,GA,ASO,ES,Federal Contract Tower,0,0,3,0,3,1,7,63,22,93,1,7,66,22,96,16,2,18,114
03/07/2008,MCN,GA,ASO,ES,Federal Contract Tower,2,3,7,1,13,2,3,11,17,33,4,6,18,18,46,0,0,0,46
03/08/2008,MCN,GA,ASO,ES,Federal Contract Tower,0,1,0,0,1,2,4,10,0,16,2,5,10,0,17,0,0,0,17
03/09/2008,MCN,GA,ASO,ES,Federal Contract Tower,0,0,6,1,7,2,5,38,5,50,2,5,44,6,57,6,2,8,65
03/10/2008,MCN,GA,ASO,ES,Federal Contract Tower,0,0,8,0,8,0,7,38,4,49,0,7,46,4,57,12,0,12,69
03/11/2008,MCN,GA,ASO,ES,Federal Contract Tower,0,1,1,0,2,1,12,45,2,60,1,13,46,2,62,4,0,4,66
03/12/2008,MCN,GA,ASO,ES,Federal Contract Tower,0,0,2,0,2,2,5,42,13,62,2,5,44,13,64,2,0,2,66
03/13/2008,MCN,GA,ASO,ES,Federal Contract Tower,0,0,0,0,0,0,9,57,18,84,0,9,57,18,84,4,0,4,88
03/14/2008,MCN,GA,ASO,ES,Federal Contract Tower,0,0,0,8,8,2,8,28,32,70,2,8,28,40,78,6,6,12,90
03/15/2008,MCN,GA,ASO,ES,Federal Contract Tower,1,4,7,0,12,6,4,14,0,24,7,8,21,0,36,0,0,0,36
03/16/2008,MCN,GA,ASO,ES,Federal Contract Tower,0,0,7,0,7,2,3,41,3,49,2,3,48,3,56,16,0,16,72
03/17/2008,MCN,GA,ASO,ES,Federal Contract Tower,0,0,4,3,7,1,5,43,27,76,1,5,47,30,83,4,8,12,95
03/18/2008,MCN,GA,ASO,ES,Federal Contract Tower,0,0,1,0,1,4,6,47,30,87,4,6,48,30,88,0,0,0,88
03/19/2008,MCN,GA,ASO,ES,Federal Contract Tower,1,4,7,0,12,1,3,11,14,29,2,7,18,14,41,0,0,0,41
03/20/2008,MCN,GA,ASO,ES,Federal Contract Tower,0,0,2,2,4,0,13,65,6,84,0,13,67,8,88,9,4,13,101
03/21/2008,MCN,GA,ASO,ES,Federal Contract Tower,0,0,0,0,0,4,11,61,12,88,4,11,61,12,88,14,0,14,102
03/22/2008,MCN,GA,ASO,ES,Federal Contract Tower,0,0,4,0,4,2,11,41,12,66,2,11,45,12,70,22,0,22,92
03/23/2008,MCN,GA,ASO,ES,Federal Contract Tower,0,0,0,0,0,4,5,16,0,25,4,5,16,0,25,8,0,8,33
03/24/2008,MCN,GA,ASO,ES,Federal Contract Tower,0,0,5,1,6,2,9,50,11,72,2,9,55,12,78,12,8,20,98
03/25/2008,MCN,GA,ASO,ES,Federal Contract Tower,0,0,4,0,4,2,6,57,6,71,2,6,61,6,75,30,0,30,105
03/26/2008,MCN,GA,ASO,ES,Federal Contract Tower,0,0,1,4,5,2,9,64,8,83,2,9,65,12,88,2,0,2,90
03/27/2008,MCN,GA,ASO,ES,Federal Contract Tower,0,0,3,0,3,0,8,45,50,103,0,8,48,50,106,1,0,1,107
03/28/2008,MCN,GA,ASO,ES,Federal Contract Tower,0,0,6,1,7,1,7,49,17,74,1,7,55,18,81,12,2,14,95
03/29/2008,MCN,GA,ASO,ES,Federal Contract Tower,0,0,3,1,4,0,7,42,5,54,0,7,45,6,58,22,0,22,80
03/30/2008,MCN,GA,ASO,ES,Federal Contract Tower,0,1,4,2,7,1,0,10,13,24,1,1,14,15,31,0,0,0,31
03/31/2008,MCN,GA,ASO,ES,Federal Contract Tower,0,1,20,0,21,4,3,15,29,51,4,4,35,29,72,2,0,2,74
04/01/2008,MCN,GA,ASO,ES,Federal Contract Tower,0,1,1,0,2,1,4,26,23,54,1,5,27,23,56,0,0,0,56
04/02/2008,MCN,GA,ASO,ES,Federal Contract Tower,0,0,4,1,5,2,7,46,11,66,2,7,50,12,71,0,0,0,71
04/03/2008,MCN,GA,ASO,ES,Federal Contract Tower,0,2,15,0,17,0,3,14,30,47,0,5,29,30,64,0,0,0,64
04/04/2008,MCN,GA,ASO,ES,Federal Contract Tower,1,0,8,0,9,8,9,17,36,70,9,9,25,36,79,0,0,0,79
04/05/2008,MCN,GA,ASO,ES,Federal Contract Tower,0,3,6,0,9,1,3,4,0,8,1,6,10,0,17,4,0,4,21
04/06/2008,MCN,GA,ASO,ES,Federal Contract Tower,2,0,8,4,14,6,3,39,12,60,8,3,47,16,74,16,0,16,90
04/07/2008,MCN,GA,ASO,ES,Federal Contract Tower,2,4,8,0,14,1,0,12,10,23,3,4,20,10,37,0,0,0,37
04/08/2008,MCN,GA,ASO,ES,Federal Contract Tower,2,0,3,0,5,1,5,44,32,82,3,5,47,32,87,14,0,14,101
04/09/2008,MCN,GA,ASO,ES,Federal Contract Tower,0,0,4,0,4,2,4,49,24,79,2,4,53,24,83,2,0,2,85
04/10/2008,MCN,GA,ASO,ES,Federal Contract Tower,0,0,4,2,6,1,8,49,36,94,1,8,53,38,100,1,2,3,103
04/11/2008,MCN,GA,ASO,ES,Federal Contract Tower,0,0,1,0,1,1,8,54,37,100,1,8,55,37,101,0,0,0,101
04/12/2008,MCN,GA,ASO,ES,Federal Contract Tower,0,0,5,0,5,1,7,14,6,28,1,7,19,6,33,0,0,0,33
04/13/2008,MCN,GA,ASO,ES,Federal Contract Tower,1,0,1,0,2,3,12,30,14,59,4,12,31,14,61,0,0,0,61
04/14/2008,MCN,GA,ASO,ES,Federal Contract Tower,0,0,1,2,3,3,9,19,0,31,3,9,20,2,34,6,0,6,40
04/15/2008,MCN,GA,ASO,ES,Federal Contract Tower,0,0,3,0,3,3,3,47,2,55,3,3,50,2,58,2,0,2,60
04/16/2008,MCN,GA,ASO,ES,Federal Contract Tower,0,0,4,0,4,2,9,49,8,68,2,9,53,8,72,6,0,6,78
04/17/2008,MCN,GA,ASO,ES,Federal Contract Tower,0,0,4,0,4,2,10,64,3,79,2,10,68,3,83,12,0,12,95
04/18/2008,MCN,GA,ASO,ES,Federal Contract Tower,0,0,1,3,4,2,15,44,16,77,2,15,45,19,81,2,0,2,83
04/19/2008,MCN,GA,ASO,ES,Federal Contract Tower,0,1,4,0,5,1,3,20,12,36,1,4,24,12,41,4,0,4,45
04/20/2008,MCN,GA,ASO,ES,Federal Contract Tower,0,0,2,0,2,2,2,35,4,43,2,2,37,4,45,2,12,14,59
04/21/2008,MCN,GA,ASO,ES,Federal Contract Tower,0,0,1,0,1,1,5,37,4,47,1,5,38,4,48,0,0,0,48
04/22/2008,MCN,GA,ASO,ES,Federal Contract Tower,0,0,2,0,2,2,3,41,2,48,2,3,43,2,50,10,0,10,60
04/23/2008,MCN,GA,ASO,ES,Federal Contract Tower,0,0,3,0,3,7,5,39,4,55,7,5,42,4,58,6,0,6,64
04/24/2008,MCN,GA,ASO,ES,Federal Contract Tower,0,0,6,0,6,4,9,58,10,81,4,9,64,10,87,20,0,20,107
04/25/2008,MCN,GA,ASO,ES,Federal Contract Tower,0,0,2,6,8,1,8,47,37,93,1,8,49,43,101,6,6,12,113
04/26/2008,MCN,GA,ASO,ES,Federal Contract Tower,0,0,0,0,0,1,6,19,6,32,1,6,19,6,32,2,0,2,34
04/27/2008,MCN,GA,ASO,ES,Federal Contract Tower,0,0,6,0,6,1,2,17,12,32,1,2,23,12,38,0,0,0,38
04/28/2008,MCN,GA,ASO,ES,Federal Contract Tower,0,2,3,0,5,2,6,24,30,62,2,8,27,30,67,0,0,0,67
04/29/2008,MCN,GA,ASO,ES,Federal Contract Tower,0,0,3,3,6,4,3,49,3,59,4,3,52,6,65,16,0,16,81
04/30/2008,MCN,GA,ASO,ES,Federal Contract Tower,0,0,2,0,2,3,3,52,3,61,3,3,54,3,63,0,0,0,63
05/01/2008,MCN,GA,ASO,ES,Federal Contract Tower,0,0,1,0,1,2,4,46,24,76,2,4,47,24,77,0,0,0,77
05/02/2008,MCN,GA,ASO,ES,Federal Contract Tower,0,0,1,1,2,2,6,48,13,69,2,6,49,14,71,8,0,8,79
05/03/2008,MCN,GA,ASO,ES,Federal Contract Tower,0,1,1,0,2,0,3,14,0,17,0,4,15,0,19,0,0,0,19
05/04/2008,MCN,GA,ASO,ES,Federal Contract Tower,0,1,2,2,5,2,4,33,7,46,2,5,35,9,51,12,0,12,63
05/05/2008,MCN,GA,ASO,ES,Federal Contract Tower,0,0,0,0,0,1,7,46,4,58,1,7,46,4,58,4,0,4,62
05/06/2008,MCN,GA,ASO,ES,Federal Contract Tower,0,0,3,1,4,2,3,57,13,75,2,3,60,14,79,0,0,0,79
05/07/2008,MCN,GA,ASO,ES,Federal Contract Tower,0,0,7,0,7,2,5,49,35,91,2,5,56,35,98,24,0,24,122
05/08/2008,MCN,GA,ASO,ES,Federal Contract Tower,0,0,3,1,4,4,14,34,3,55,4,14,37,4,59,6,0,6,65
05/09/2008,MCN,GA,ASO,ES,Federal Contract Tower,0,0,4,0,4,4,7,38,10,59,4,7,42,10,63,2,0,2,65
05/10/2008,MCN,GA,ASO,ES,Federal Contract Tower,1,3,9,0,13,0,3,25,0,28,1,6,34,0,41,16,0,16,57
05/11/2008,MCN,GA,ASO,ES,Federal Contract Tower,0,0,0,0,0,2,3,24,0,29,2,3,24,0,29,2,0,2,31
05/12/2008,MCN,GA,ASO,ES,Federal Contract Tower,0,1,0,0,1,1,7,38,2,48,1,8,38,2,49,0,0,0,49
05/13/2008,MCN,GA,ASO,ES,Federal Contract Tower,0,0,1,0,1,1,6,58,4,69,1,6,59,4,70,4,0,4,74
05/14/2008,MCN,GA,ASO,ES,Federal Contract Tower,0,0,2,2,4,2,7,41,12,62,2,7,43,14,66,4,4,8,74
05/15/2008,MCN,GA,ASO,ES,Federal Contract Tower,0,0,4,0,4,2,3,19,39,63,2,3,23,39,67,0,0,0,67
05/16/2008,MCN,GA,ASO,ES,Federal Contract Tower,0,0,5,0,5,2,9,26,2,39,2,9,31,2,44,0,0,0,44
05/17/2008,MCN,GA,ASO,ES,Federal Contract Tower,0,0,1,0,1,1,7,46,6,60,1,7,47,6,61,16,0,16,77
05/18/2008,MCN,GA,ASO,ES,Federal Contract Tower,0,0,2,2,4,3,2,24,4,33,3,2,26,6,37,0,2,2,39
05/19/2008,MCN,GA,ASO,ES,Federal Contract Tower,0,0,4,0,4,2,3,37,2,44,2,3,41,2,48,12,0,12,60
05/20/2008,MCN,GA,ASO,ES,Federal Contract Tower,0,0,1,2,3,4,5,44,12,65,4,5,45,14,68,0,0,0,68
05/21/2008,MCN,GA,ASO,ES,Federal Contract Tower,0,0,0,0,0,3,6,57,8,74,3,6,57,8,74,2,0,2,76
05/22/2008,MCN,GA,ASO,ES,Federal Contract Tower,0,0,1,0,1,5,22,49,14,90,5,22,50,14,91,12,0,12,103
05/23/2008,MCN,GA,ASO,ES,Federal Contract Tower,0,0,2,2,4,4,9,45,28,86,4,9,47,30,90,2,0,2,92
05/24/2008,MCN,GA,ASO,ES,Federal Contract Tower,0,0,0,0,0,1,7,20,0,28,1,7,20,0,28,4,0,4,32
05/25/2008,MCN,GA,ASO,ES,Federal Contract Tower,0,0,0,1,1,3,4,19,3,29,3,4,19,4,30,0,0,0,30
05/26/2008,MCN,GA,ASO,ES,Federal Contract Tower,0,0,2,0,2,5,1,51,2,59,5,1,53,2,61,18,0,18,79
05/27/2008,MCN,GA,ASO,ES,Federal Contract Tower,0,0,1,0,1,3,3,52,10,68,3,3,53,10,69,6,0,6,75
05/28/2008,MCN,GA,ASO,ES,Federal Contract Tower,0,0,0,0,0,8,10,38,5,61,8,10,38,5,61,6,0,6,67
05/29/2008,MCN,GA,ASO,ES,Federal Contract Tower,2,7,8,0,17,1,1,23,0,25,3,8,31,0,42,0,0,0,42
05/30/2008,MCN,GA,ASO,ES,Federal Contract Tower,0,0,4,1,5,4,7,55,12,78,4,7,59,13,83,8,0,8,91
05/31/2008,MCN,GA,ASO,ES,Federal Contract Tower,0,0,5,0,5,6,6,18,4,34,6,6,23,4,39,0,0,0,39
06/01/2008,MCN,GA,ASO,ES,Federal Contract Tower,0,0,0,0,0,1,2,16,0,19,1,2,16,0,19,12,0,12,31
06/02/2008,MCN,GA,ASO,ES,Federal Contract Tower,0,0,2,0,2,1,5,29,4,39,1,5,31,4,41,18,0,18,59
06/03/2008,MCN,GA,ASO,ES,Federal Contract Tower,0,0,1,2,3,4,3,33,12,52,4,3,34,14,55,8,2,10,65
06/04/2008,MCN,GA,ASO,ES,Federal Contract Tower,0,0,2,0,2,1,2,33,6,42,1,2,35,6,44,22,0,22,66
06/05/2008,MCN,GA,ASO,ES,Federal Contract Tower,0,0,2,0,2,2,8,54,44,108,2,8,56,44,110,18,0,18,128
06/06/2008,MCN,GA,ASO,ES,Federal Contract Tower,0,0,2,1,3,1,5,38,17,61,1,5,40,18,64,6,0,6,70
06/07/2008,MCN,GA,ASO,ES,Federal Contract Tower,0,0,0,0,0,1,4,24,6,35,1,4,24,6,35,2,0,2,37
06/08/2008,MCN,GA,ASO,ES,Federal Contract Tower,0,0,2,4,6,2,1,43,12,58,2,1,45,16,64,14,4,18,82
06/09/2008,MCN,GA,ASO,ES,Federal Contract Tower,0,0,5,2,7,3,7,48,52,110,3,7,53,54,117,2,10,12,129
06/10/2008,MCN,GA,ASO,ES,Federal Contract Tower,0,0,7,0,7,1,4,44,4,53,1,4,51,4,60,6,0,6,66
06/11/2008,MCN,GA,ASO,ES,Federal Contract Tower,0,0,3,0,3,2,4,39,4,49,2,4,42,4,52,8,0,8,60
06/12/2008,MCN,GA,ASO,ES,Federal Contract Tower,0,0,6,0,6,2,13,36,38,89,2,13,42,38,95,20,0,20,115
06/13/2008,MCN,GA,ASO,ES,Federal Contract Tower,0,0,8,9,17,1,9,37,47,94,1,9,45,56,111,2,4,6,117
06/14/2008,MCN,GA,ASO,ES,Federal Contract Tower,0,0,3,0,3,3,6,19,4,32,3,6,22,4,35,6,0,6,41
06/15/2008,MCN,GA,ASO,ES,Federal Contract Tower,0,1,1,0,2,1,2,10,10,23,1,3,11,10,25,0,0,0,25
06/16/2008,MCN,GA,ASO,ES,Federal Contract Tower,0,0,5,0,5,2,7,45,30,84,2,7,50,30,89,30,0,30,119
06/17/2008,MCN,GA,ASO,ES,Federal Contract Tower,0,0,3,0,3,1,6,55,4,66,1,6,58,4,69,10,0,10,79
06/18/2008,MCN,GA,ASO,ES,Federal Contract Tower,0,0,3,0,3,2,11,59,8,80,2,11,62,8,83,0,0,0,83
06/19/2008,MCN,GA,ASO,ES,Federal Contract Tower,0,0,0,0,0,1,3,63,8,75,1,3,63,8,75,16,0,16,91
06/20/2008,MCN,GA,ASO,ES,Federal Contract Tower,0,0,8,1,9,0,7,54,9,70,0,7,62,10,79,24,0,24,103
06/21/2008,MCN,GA,ASO,ES,Federal Contract Tower,0,1,2,1,4,1,7,14,8,30,1,8,16,9,34,0,0,0,34
06/22/2008,MCN,GA,ASO,ES,Federal Contract Tower,0,0,2,0,2,2,4,24,8,38,2,4,26,8,40,4,0,4,44
06/23/2008,MCN,GA,ASO,ES,Federal Contract Tower,0,0,4,0,4,1,8,27,11,47,1,8,31,11,51,10,0,10,61
06/24/2008,MCN,GA,ASO,ES,Federal Contract Tower,0,0,8,0,8,1,5,55,8,69,1,5,63,8,77,16,0,16,93
06/25/2008,MCN,GA,ASO,ES,Federal Contract Tower,0,0,8,0,8,1,6,48,2,57,1,6,56,2,65,8,0,8,73
06/26/2008,MCN,GA,ASO,ES,Federal Contract Tower,0,0,0,0,0,5,5,38,2,50,5,5,38,2,50,0,0,0,50
06/27/2008,MCN,GA,ASO,ES,Federal Contract Tower,0,0,2,9,11,4,10,52,31,97,4,10,54,40,108,2,2,4,112
06/28/2008,MCN,GA,ASO,ES,Federal Contract Tower,0,0,1,0,1,1,5,14,8,28,1,5,15,8,29,0,0,0,29
06/29/2008,MCN,GA,ASO,ES,Federal Contract Tower,0,0,3,0,3,2,5,15,1,23,2,5,18,1,26,0,0,0,26
06/30/2008,MCN,GA,ASO,ES,Federal Contract Tower,0,0,3,0,3,1,5,13,17,36,1,5,16,17,39,0,0,0,39
07/01/2008,MCN,GA,ASO,ES,Federal Contract Tower,1,5,33,8,47,0,0,39,0,39,1,5,72,8,86,16,32,48,134
07/02/2008,MCN,GA,ASO,ES,Federal Contract Tower,6,9,27,10,52,0,0,27,2,29,6,9,54,12,81,0,0,0,81
07/03/2008,MCN,GA,ASO,ES,Federal Contract Tower,5,11,33,9,58,0,0,40,3,43,5,11,73,12,101,0,0,0,101
07/04/2008,MCN,GA,ASO,ES,Federal Contract Tower,1,3,5,0,9,0,0,0,0,0,1,3,5,0,9,0,0,0,9
07/05/2008,MCN,GA,ASO,ES,Federal Contract Tower,3,3,20,0,26,0,0,8,0,8,3,3,28,0,34,0,0,0,34
07/06/2008,MCN,GA,ASO,ES,Federal Contract Tower,3,3,21,0,27,0,0,2,0,2,3,3,23,0,29,0,0,0,29
07/07/2008,MCN,GA,ASO,ES,Federal Contract Tower,2,4,15,4,25,0,0,13,4,17,2,4,28,8,42,0,0,0,42
07/08/2008,MCN,GA,ASO,ES,Federal Contract Tower,5,8,21,2,36,0,0,18,2,20,5,8,39,4,56,4,0,4,60
07/09/2008,MCN,GA,ASO,ES,Federal Contract Tower,4,6,25,0,35,0,0,14,1,15,4,6,39,1,50,12,0,12,62
07/10/2008,MCN,GA,ASO,ES,Federal Contract Tower,2,6,27,0,35,0,0,23,0,23,2,6,50,0,58,6,0,6,64
07/11/2008,MCN,GA,ASO,ES,Federal Contract Tower,5,6,33,0,44,0,0,15,2,17,5,6,48,2,61,0,0,0,61
07/12/2008,MCN,GA,ASO,ES,Federal Contract Tower,4,5,26,0,35,0,0,12,1,13,4,5,38,1,48,4,0,4,52
07/13/2008,MCN,GA,ASO,ES,Federal Contract Tower,11,2,17,0,30,0,0,9,0,9,11,2,26,0,39,14,0,14,53
07/14/2008,MCN,GA,ASO,ES,Federal Contract Tower,1,7,25,0,33,0,0,11,0,11,1,7,36,0,44,6,0,6,50
07/15/2008,MCN,GA,ASO,ES,Federal Contract Tower,5,8,22,0,35,0,2,11,0,13,5,10,33,0,48,2,0,2,50
07/16/2008,MCN,GA,ASO,ES,Federal Contract Tower,3,7,25,1,36,0,1,17,3,21,3,8,42,4,57,8,0,8,65
07/17/2008,MCN,GA,ASO,ES,Federal Contract Tower,1,3,33,4,41,0,0,23,0,23,1,3,56,4,64,2,0,2,66
07/18/2008,MCN,GA,ASO,ES,Federal Contract Tower,3,12,21,5,41,0,0,18,2,20,3,12,39,7,61,6,0,6,67
07/19/2008,MCN,GA,ASO,ES,Federal Contract Tower,2,8,12,8,30,0,0,17,0,17,2,8,29,8,47,6,2,8,55
07/20/2008,MCN,GA,ASO,ES,Federal Contract Tower,1,3,10,6,20,0,0,4,0,4,1,3,14,6,24,0,0,0,24
07/21/2008,MCN,GA,ASO,ES,Federal Contract Tower,3,9,29,0,41,0,0,16,0,16,3,9,45,0,57,2,0,2,59
07/22/2008,MCN,GA,ASO,ES,Federal Contract Tower,5,6,23,0,34,0,0,10,0,10,5,6,33,0,44,0,0,0,44
07/23/2008,MCN,GA,ASO,ES,Federal Contract Tower,1,5,22,1,29,0,0,10,0,10,1,5,32,1,39,8,0,8,47
07/24/2008,MCN,GA,ASO,ES,Federal Contract Tower,1,5,38,0,44,0,0,28,0,28,1,5,66,0,72,4,0,4,76
07/25/2008,MCN,GA,ASO,ES,Federal Contract Tower,1,3,16,4,24,0,0,9,0,9,1,3,25,4,33,5,0,5,38
07/26/2008,MCN,GA,ASO,ES,Federal Contract Tower,1,8,12,4,25,0,0,4,17,21,1,8,16,21,46,0,12,12,58
07/27/2008,MCN,GA,ASO,ES,Federal Contract Tower,2,3,21,5,31,0,0,2,0,2,2,3,23,5,33,0,0,0,33
07/28/2008,MCN,GA,ASO,ES,Federal Contract Tower,1,10,22,0,33,0,0,12,0,12,1,10,34,0,45,4,0,4,49
07/29/2008,MCN,GA,ASO,ES,Federal Contract Tower,0,5,21,0,26,0,0,12,4,16,0,5,33,4,42,6,0,6,48
07/30/2008,MCN,GA,ASO,ES,Federal Contract Tower,1,4,25,0,30,0,0,11,0,11,1,4,36,0,41,2,0,2,43
07/31/2008,MCN,GA,ASO,ES,Federal Contract Tower,4,5,25,0,34,0,0,5,0,5,4,5,30,0,39,2,0,2,41
08/01/2008,MCN,GA,ASO,ES,Federal Contract Tower,1,5,25,20,51,0,0,16,31,47,1,5,41,51,98,22,0,22,120
08/02/2008,MCN,GA,ASO,ES,Federal Contract Tower,5,7,12,3,27,0,0,4,1,5,5,7,16,4,32,0,0,0,32
08/03/2008,MCN,GA,ASO,ES,Federal Contract Tower,2,9,12,14,37,0,0,10,13,23,2,9,22,27,60,0,0,0,60
08/04/2008,MCN,GA,ASO,ES,Federal Contract Tower,2,5,11,0,18,0,0,7,2,9,2,5,18,2,27,4,0,4,31
08/05/2008,MCN,GA,ASO,ES,Federal Contract Tower,1,4,25,4,34,0,0,28,4,32,1,4,53,8,66,10,0,10,76
08/06/2008,MCN,GA,ASO,ES,Federal Contract Tower,2,6,33,4,45,0,0,7,1,8,2,6,40,5,53,4,0,4,57
08/07/2008,MCN,GA,ASO,ES,Federal Contract Tower,1,4,29,0,34,0,0,15,0,15,1,4,44,0,49,10,0,10,59
08/08/2008,MCN,GA,ASO,ES,Federal Contract Tower,2,7,24,15,48,0,0,22,5,27,2,7,46,20,75,2,0,2,77
08/09/2008,MCN,GA,ASO,ES,Federal Contract Tower,1,5,11,1,18,0,0,10,0,10,1,5,21,1,28,2,0,2,30
08/10/2008,MCN,GA,ASO,ES,Federal Contract Tower,3,2,15,3,23,0,0,12,2,14,3,2,27,5,37,0,0,0,37
08/11/2008,MCN,GA,ASO,ES,Federal Contract Tower,2,5,14,9,30,0,1,8,2,11,2,6,22,11,41,2,6,8,49
08/12/2008,MCN,GA,ASO,ES,Federal Contract Tower,2,8,21,0,31,0,0,12,0,12,2,8,33,0,43,14,0,14,57
08/13/2008,MCN,GA,ASO,ES,Federal Contract Tower,2,3,17,0,22,0,0,2,1,3,2,3,19,1,25,2,0,2,27
08/14/2008,MCN,GA,ASO,ES,Federal Contract Tower,2,3,34,0,39,0,0,11,0,11,2,3,45,0,50,22,0,22,72
08/15/2008,MCN,GA,ASO,ES,Federal Contract Tower,1,8,29,8,46,0,0,21,8,29,1,8,50,16,75,2,0,2,77
08/16/2008,MCN,GA,ASO,ES,Federal Contract Tower,2,6,17,1,26,0,0,18,17,35,2,6,35,18,61,14,0,14,75
08/17/2008,MCN,GA,ASO,ES,Federal Contract Tower,0,2,4,8,14,0,0,6,1,7,0,2,10,9,21,4,0,4,25
08/18/2008,MCN,GA,ASO,ES,Federal Contract Tower,1,4,23,0,28,0,0,6,3,9,1,4,29,3,37,0,0,0,37
08/19/2008,MCN,GA,ASO,ES,Federal Contract Tower,3,4,33,2,42,0,0,12,1,13,3,4,45,3,55,11,0,11,66
08/20/2008,MCN,GA,ASO,ES,Federal Contract Tower,1,5,25,0,31,0,0,11,0,11,1,5,36,0,42,12,0,12,54
08/21/2008,MCN,GA,ASO,ES,Federal Contract Tower,2,5,18,0,25,0,0,4,0,4,2,5,22,0,29,22,0,22,51
08/22/2008,MCN,GA,ASO,ES,Federal Contract Tower,1,13,27,0,41,0,0,4,3,7,1,13,31,3,48,12,0,12,60
08/23/2008,MCN,GA,ASO,ES,Federal Contract Tower,4,5,4,0,13,0,0,0,3,3,4,5,4,3,16,0,0,0,16
08/24/2008,MCN,GA,ASO,ES,Federal Contract Tower,2,4,8,0,14,0,0,1,0,1,2,4,9,0,15,0,0,0,15
08/25/2008,MCN,GA,ASO,ES,Federal Contract Tower,2,5,19,0,26,0,0,3,0,3,2,5,22,0,29,0,0,0,29
08/26/2008,MCN,GA,ASO,ES,Federal Contract Tower,2,10,19,0,31,0,0,1,0,1,2,10,20,0,32,0,0,0,32
08/27/2008,MCN,GA,ASO,ES,Federal Contract Tower,1,8,28,0,37,0,0,14,0,14,1,8,42,0,51,14,0,14,65
08/28/2008,MCN,GA,ASO,ES,Federal Contract Tower,2,6,23,0,31,0,3,18,6,27,2,9,41,6,58,6,2,8,66
08/29/2008,MCN,GA,ASO,ES,Federal Contract Tower,4,9,51,2,66,0,0,10,0,10,4,9,61,2,76,0,0,0,76
08/30/2008,MCN,GA,ASO,ES,Federal Contract Tower,1,5,26,0,32,0,0,17,0,17,1,5,43,0,49,0,0,0,49
08/31/2008,MCN,GA,ASO,ES,Federal Contract Tower,1,3,12,0,16,0,2,11,0,13,1,5,23,0,29,19,0,19,48
09/01/2008,MCN,GA,ASO,ES,Federal Contract Tower,1,3,20,0,24,0,0,0,0,0,1,3,20,0,24,0,0,0,24
09/02/2008,MCN,GA,ASO,ES,Federal Contract Tower,1,4,22,0,27,0,0,12,0,12,1,4,34,0,39,18,0,18,57
09/03/2008,MCN,GA,ASO,ES,Federal Contract Tower,2,5,31,0,38,0,0,13,0,13,2,5,44,0,51,6,0,6,57
09/04/2008,MCN,GA,ASO,ES,Federal Contract Tower,2,6,11,0,19,0,0,21,0,21,2,6,32,0,40,9,0,9,49
09/05/2008,MCN,GA,ASO,ES,Federal Contract Tower,3,6,13,0,22,0,0,11,0,11,3,6,24,0,33,0,0,0,33
09/06/2008,MCN,GA,ASO,ES,Federal Contract Tower,1,2,13,0,16,0,0,12,0,12,1,2,25,0,28,16,0,16,44
09/07/2008,MCN,GA,ASO,ES,Federal Contract Tower,1,2,10,0,13,0,0,6,0,6,1,2,16,0,19,12,0,12,31
09/08/2008,MCN,GA,ASO,ES,Federal Contract Tower,3,5,19,4,31,0,0,8,1,9,3,5,27,5,40,0,2,2,42
09/09/2008,MCN,GA,ASO,ES,Federal Contract Tower,1,7,19,0,27,0,0,9,0,9,1,7,28,0,36,14,0,14,50
09/10/2008,MCN,GA,ASO,ES,Federal Contract Tower,3,5,17,0,25,0,0,12,3,15,3,5,29,3,40,2,4,6,46
09/11/2008,MCN,GA,ASO,ES,Federal Contract Tower,1,3,20,0,24,0,0,4,0,4,1,3,24,0,28,2,0,2,30
09/12/2008,MCN,GA,ASO,ES,Federal Contract Tower,1,4,16,6,27,0,0,5,9,14,1,4,21,15,41,2,2,4,45
09/13/2008,MCN,GA,ASO,ES,Federal Contract Tower,1,1,20,1,23,0,0,7,1,8,1,1,27,2,31,2,0,2,33
09/14/2008,MCN,GA,ASO,ES,Federal Contract Tower,1,5,24,4,34,0,0,6,2,8,1,5,30,6,42,0,0,0,42
09/15/2008,MCN,GA,ASO,ES,Federal Contract Tower,1,9,15,0,25,0,0,8,0,8,1,9,23,0,33,0,0,0,33
09/16/2008,MCN,GA,ASO,ES,Federal Contract Tower,1,5,26,2,34,0,0,19,0,19,1,5,45,2,53,4,0,4,57
09/17/2008,MCN,GA,ASO,ES,Federal Contract Tower,1,7,28,0,36,0,0,0,0,0,1,7,28,0,36,0,0,0,36
09/18/2008,MCN,GA,ASO,ES,Federal Contract Tower,2,7,26,2,37,0,0,18,1,19,2,7,44,3,56,14,0,14,70
09/19/2008,MCN,GA,ASO,ES,Federal Contract Tower,2,3,38,4,47,0,0,24,0,24,2,3,62,4,71,6,0,6,77
09/20/2008,MCN,GA,ASO,ES,Federal Contract Tower,1,1,8,0,10,0,0,5,5,10,1,1,13,5,20,0,0,0,20
09/21/2008,MCN,GA,ASO,ES,Federal Contract Tower,1,2,12,9,24,0,0,10,9,19,1,2,22,18,43,2,0,2,45
09/22/2008,MCN,GA,ASO,ES,Federal Contract Tower,1,4,11,6,22,0,0,9,1,10,1,4,20,7,32,7,0,7,39
09/23/2008,MCN,GA,ASO,ES,Federal Contract Tower,1,5,27,4,37,0,0,11,0,11,1,5,38,4,48,6,0,6,54
09/24/2008,MCN,GA,ASO,ES,Federal Contract Tower,2,4,21,0,27,2,0,4,0,6,4,4,25,0,33,2,0,2,35
09/25/2008,MCN,GA,ASO,ES,Federal Contract Tower,8,12,34,19,73,0,0,7,2,9,8,12,41,21,82,0,0,0,82
09/26/2008,MCN,GA,ASO,ES,Federal Contract Tower,1,4,26,14,45,0,0,14,0,14,1,4,40,14,59,12,0,12,71
09/27/2008,MCN,GA,ASO,ES,Federal Contract Tower,1,2,18,3,24,0,0,6,0,6,1,2,24,3,30,8,0,8,38
09/28/2008,MCN,GA,ASO,ES,Federal Contract Tower,1,3,8,2,14,0,2,10,0,12,1,5,18,2,26,8,0,8,34
09/29/2008,MCN,GA,ASO,ES,Federal Contract Tower,3,16,19,0,38,0,0,11,0,11,3,16,30,0,49,0,0,0,49
09/30/2008,MCN,GA,ASO,ES,Federal Contract Tower,2,12,20,0,34,0,0,24,0,24,2,12,44,0,58,10,0,10,68
10/01/2008,MCN,GA,ASO,ES,Federal Contract Tower,3,12,18,0,33,0,4,13,0,17,3,16,31,0,50,10,0,10,60
10/02/2008,MCN,GA,ASO,ES,Federal Contract Tower,4,11,17,0,32,0,0,10,0,10,4,11,27,0,42,4,0,4,46
10/03/2008,MCN,GA,ASO,ES,Federal Contract Tower,1,10,24,5,40,0,0,11,0,11,1,10,35,5,51,4,2,6,57
10/04/2008,MCN,GA,ASO,ES,Federal Contract Tower,7,10,24,1,42,0,0,19,0,19,7,10,43,1,61,14,0,14,75
10/05/2008,MCN,GA,ASO,ES,Federal Contract Tower,1,10,14,2,27,0,0,13,1,14,1,10,27,3,41,6,0,6,47
10/06/2008,MCN,GA,ASO,ES,Federal Contract Tower,1,11,20,0,32,0,0,12,0,12,1,11,32,0,44,6,0,6,50
10/07/2008,MCN,GA,ASO,ES,Federal Contract Tower,1,13,15,2,31,0,0,24,0,24,1,13,39,2,55,10,0,10,65
10/08/2008,MCN,GA,ASO,ES,Federal Contract Tower,4,10,24,0,38,0,0,0,0,0,4,10,24,0,38,0,0,0,38
10/09/2008,MCN,GA,ASO,ES,Federal Contract Tower,4,14,18,0,36,0,0,2,0,2,4,14,20,0,38,0,0,0,38
10/10/2008,MCN,GA,ASO,ES,Federal Contract Tower,3,16,22,2,43,0,0,12,0,12,3,16,34,2,55,4,0,4,59
10/11/2008,MCN,GA,ASO,ES,Federal Contract Tower,1,8,24,2,35,0,0,0,0,0,1,8,24,2,35,0,0,0,35
10/12/2008,MCN,GA,ASO,ES,Federal Contract Tower,1,9,14,0,24,0,0,0,0,0,1,9,14,0,24,0,0,0,24
10/13/2008,MCN,GA,ASO,ES,Federal Contract Tower,1,15,16,0,32,0,0,3,2,5,1,15,19,2,37,2,0,2,39
10/14/2008,MCN,GA,ASO,ES,Federal Contract Tower,2,12,29,10,53,0,0,16,0,16,2,12,45,10,69,23,0,23,92
10/15/2008,MCN,GA,ASO,ES,Federal Contract Tower,1,11,22,0,34,0,0,15,0,15,1,11,37,0,49,4,0,4,53
10/16/2008,MCN,GA,ASO,ES,Federal Contract Tower,1,16,21,1,39,0,0,15,6,21,1,16,36,7,60,14,2,16,76
10/17/2008,MCN,GA,ASO,ES,Federal Contract Tower,0,12,33,3,48,0,0,14,0,14,0,12,47,3,62,22,0,22,84
10/18/2008,MCN,GA,ASO,ES,Federal Contract Tower,0,15,13,1,29,0,0,7,0,7,0,15,20,1,36,0,0,0,36
10/19/2008,MCN,GA,ASO,ES,Federal Contract Tower,1,7,9,9,26,0,0,11,1,12,1,7,20,10,38,2,0,2,40
10/20/2008,MCN,GA,ASO,ES,Federal Contract Tower,0,11,17,0,28,0,0,15,0,15,0,11,32,0,43,2,0,2,45
10/21/2008,MCN,GA,ASO,ES,Federal Contract Tower,1,8,24,0,33,0,0,13,0,13,1,8,37,0,46,14,0,14,60
10/22/2008,MCN,GA,ASO,ES,Federal Contract Tower,0,16,36,0,52,0,0,31,0,31,0,16,67,0,83,22,0,22,105
10/23/2008,MCN,GA,ASO,ES,Federal Contract Tower,0,9,24,2,35,0,0,6,1,7,0,9,30,3,42,4,0,4,46
10/24/2008,MCN,GA,ASO,ES,Federal Contract Tower,1,10,17,0,28,0,0,0,0,0,1,10,17,0,28,0,0,0,28
10/25/2008,MCN,GA,ASO,ES,Federal Contract Tower,1,11,13,0,25,0,0,9,2,11,1,11,22,2,36,4,0,4,40
10/26/2008,MCN,GA,ASO,ES,Federal Contract Tower,0,7,16,0,23,0,0,21,2,23,0,7,37,2,46,0,0,0,46
10/27/2008,MCN,GA,ASO,ES,Federal Contract Tower,0,10,17,0,27,0,0,3,0,3,0,10,20,0,30,2,0,2,32
10/28/2008,MCN,GA,ASO,ES,Federal Contract Tower,2,12,23,0,37,0,0,1,0,1,2,12,24,0,38,0,0,0,38
10/29/2008,MCN,GA,ASO,ES,Federal Contract Tower,0,10,22,0,32,0,0,8,0,8,0,10,30,0,40,8,0,8,48
10/30/2008,MCN,GA,ASO,ES,Federal Contract Tower,0,10,14,0,24,0,0,35,3,38,0,10,49,3,62,0,0,0,62
10/31/2008,MCN,GA,ASO,ES,Federal Contract Tower,2,13,13,0,28,0,0,21,0,21,2,13,34,0,49,4,0,4,53
11/01/2008,MCN,GA,ASO,ES,Federal Contract Tower,1,10,17,0,28,0,0,26,0,26,1,10,43,0,54,4,0,4,58
11/02/2008,MCN,GA,ASO,ES,Federal Contract Tower,0,8,19,2,29,0,0,3,0,3,0,8,22,2,32,0,0,0,32
11/03/2008,MCN,GA,ASO,ES,Federal Contract Tower,3,14,10,0,27,0,3,19,0,22,3,17,29,0,49,6,0,6,55
11/04/2008,MCN,GA,ASO,ES,Federal Contract Tower,0,11,16,6,33,0,0,6,0,6,0,11,22,6,39,0,0,0,39
11/05/2008,MCN,GA,ASO,ES,Federal Contract Tower,2,11,21,1,35,2,0,14,0,16,4,11,35,1,51,10,0,10,61
11/06/2008,MCN,GA,ASO,ES,Federal Contract Tower,0,17,30,6,53,0,0,26,5,31,0,17,56,11,84,2,0,2,86
11/07/2008,MCN,GA,ASO,ES,Federal Contract Tower,0,9,17,6,32,0,0,20,0,20,0,9,37,6,52,10,0,10,62
11/08/2008,MCN,GA,ASO,ES,Federal Contract Tower,1,7,2,0,10,0,0,14,0,14,1,7,16,0,24,8,0,8,32
11/09/2008,MCN,GA,ASO,ES,Federal Contract Tower,0,2,6,0,8,0,0,10,3,13,0,2,16,3,21,8,4,12,33
11/10/2008,MCN,GA,ASO,ES,Federal Contract Tower,0,16,13,9,38,0,1,11,2,14,0,17,24,11,52,0,0,0,52
11/11/2008,MCN,GA,ASO,ES,Federal Contract Tower,0,16,27,0,43,0,0,15,0,15,0,16,42,0,58,16,0,16,74
11/12/2008,MCN,GA,ASO,ES,Federal Contract Tower,0,13,19,0,32,0,0,8,0,8,0,13,27,0,40,2,0,2,42
11/13/2008,MCN,GA,ASO,ES,Federal Contract Tower,3,14,44,8,69,0,0,0,0,0,3,14,44,8,69,0,0,0,69
11/14/2008,MCN,GA,ASO,ES,Federal Contract Tower,2,8,26,9,45,0,0,1,7,8,2,8,27,16,53,0,8,8,61
11/15/2008,MCN,GA,ASO,ES,Federal Contract Tower,5,10,8,8,31,0,0,1,2,3,5,10,9,10,34,0,0,0,34
11/16/2008,MCN,GA,ASO,ES,Federal Contract Tower,0,7,17,1,25,0,0,7,5,12,0,7,24,6,37,0,0,0,37
11/17/2008,MCN,GA,ASO,ES,Federal Contract Tower,2,11,19,0,32,0,0,17,0,17,2,11,36,0,49,6,0,6,55
11/18/2008,MCN,GA,ASO,ES,Federal Contract Tower,1,12,23,0,36,0,0,10,0,10,1,12,33,0,46,4,0,4,50
11/19/2008,MCN,GA,ASO,ES,Federal Contract Tower,0,15,36,0,51,0,0,23,0,23,0,15,59,0,74,2,0,2,76
11/20/2008,MCN,GA,ASO,ES,Federal Contract Tower,0,13,25,0,38,0,0,30,1,31,0,13,55,1,69,20,0,20,89
11/21/2008,MCN,GA,ASO,ES,Federal Contract Tower,0,11,24,4,39,0,0,11,0,11,0,11,35,4,50,2,0,2,52
11/22/2008,MCN,GA,ASO,ES,Federal Contract Tower,0,10,20,9,39,0,0,4,0,4,0,10,24,9,43,4,0,4,47
11/23/2008,MCN,GA,ASO,ES,Federal Contract Tower,0,8,9,3,20,0,0,4,0,4,0,8,13,3,24,0,2,2,26
11/24/2008,MCN,GA,ASO,ES,Federal Contract Tower,0,12,23,0,35,0,0,10,0,10,0,12,33,0,45,2,0,2,47
11/25/2008,MCN,GA,ASO,ES,Federal Contract Tower,0,10,13,0,23,0,0,6,0,6,0,10,19,0,29,2,0,2,31
11/26/2008,MCN,GA,ASO,ES,Federal Contract Tower,0,11,22,0,33,0,2,12,0,14,0,13,34,0,47,2,0,2,49
11/27/2008,MCN,GA,ASO,ES,Federal Contract Tower,0,8,7,0,15,0,0,4,2,6,0,8,11,2,21,0,0,0,21
11/28/2008,MCN,GA,ASO,ES,Federal Contract Tower,0,13,10,0,23,0,0,1,0,1,0,13,11,0,24,0,0,0,24
11/29/2008,MCN,GA,ASO,ES,Federal Contract Tower,0,5,22,0,27,0,0,1,0,1,0,5,23,0,28,0,0,0,28
11/30/2008,MCN,GA,ASO,ES,Federal Contract Tower,0,9,4,2,15,0,0,0,0,0,0,9,4,2,15,0,0,0,15
12/01/2008,MCN,GA,ASO,ES,Federal Contract Tower,2,13,25,2,42,0,0,7,0,7,2,13,32,2,49,0,0,0,49
12/02/2008,MCN,GA,ASO,ES,Federal Contract Tower,4,14,20,2,40,0,0,22,0,22,4,14,42,2,62,18,4,22,84
12/03/2008,MCN,GA,ASO,ES,Federal Contract Tower,0,9,23,2,34,0,0,19,0,19,0,9,42,2,53,6,0,6,59
12/04/2008,MCN,GA,ASO,ES,Federal Contract Tower,1,11,19,2,33,0,0,5,7,12,1,11,24,9,45,0,0,0,45
12/05/2008,MCN,GA,ASO,ES,Federal Contract Tower,0,14,13,4,31,0,0,14,2,16,0,14,27,6,47,2,0,2,49
12/06/2008,MCN,GA,ASO,ES,Federal Contract Tower,0,11,18,0,29,0,0,20,0,20,0,11,38,0,49,2,0,2,51
12/07/2008,MCN,GA,ASO,ES,Federal Contract Tower,0,7,10,2,19,0,0,7,2,9,0,7,17,4,28,16,2,18,46
12/08/2008,MCN,GA,ASO,ES,Federal Contract Tower,0,16,21,4,41,0,0,8,2,10,0,16,29,6,51,4,0,4,55
12/09/2008,MCN,GA,ASO,ES,Federal Contract Tower,0,13,18,0,31,0,0,3,3,6,0,13,21,3,37,0,0,0,37
12/10/2008,MCN,GA,ASO,ES,Federal Contract Tower,0,7,13,0,20,0,0,2,0,2,0,7,15,0,22,0,0,0,22
12/11/2008,MCN,GA,ASO,ES,Federal Contract Tower,1,18,12,0,31,0,0,2,0,2,1,18,14,0,33,14,0,14,47
12/12/2008,MCN,GA,ASO,ES,Federal Contract Tower,1,18,25,3,47,0,0,16,5,21,1,18,41,8,68,0,0,0,68
12/13/2008,MCN,GA,ASO,ES,Federal Contract Tower,0,11,14,0,25,0,0,15,0,15,0,11,29,0,40,2,0,2,42
12/14/2008,MCN,GA,ASO,ES,Federal Contract Tower,0,10,13,1,24,0,0,8,1,9,0,10,21,2,33,2,0,2,35
12/15/2008,MCN,GA,ASO,ES,Federal Contract Tower,1,20,8,6,35,0,0,0,4,4,1,20,8,10,39,0,0,0,39
12/16/2008,MCN,GA,ASO,ES,Federal Contract Tower,0,15,23,4,42,0,0,3,1,4,0,15,26,5,46,0,0,0,46
12/17/2008,MCN,GA,ASO,ES,Federal Contract Tower,0,24,41,0,65,0,0,3,0,3,0,24,44,0,68,0,0,0,68
12/18/2008,MCN,GA,ASO,ES,Federal Contract Tower,1,17,40,0,58,0,0,6,0,6,1,17,46,0,64,0,0,0,64
12/19/2008,MCN,GA,ASO,ES,Federal Contract Tower,1,21,16,0,38,0,0,3,0,3,1,21,19,0,41,0,0,0,41
12/20/2008,MCN,GA,ASO,ES,Federal Contract Tower,3,9,13,8,33,0,0,0,2,2,3,9,13,10,35,0,0,0,35
12/21/2008,MCN,GA,ASO,ES,Federal Contract Tower,0,9,4,0,13,0,0,2,0,2,0,9,6,0,15,0,0,0,15
12/22/2008,MCN,GA,ASO,ES,Federal Contract Tower,0,24,18,0,42,0,0,13,0,13,0,24,31,0,55,0,0,0,55
12/23/2008,MCN,GA,ASO,ES,Federal Contract Tower,1,19,9,0,29,0,0,21,0,21,1,19,30,0,50,8,0,8,58
12/24/2008,MCN,GA,ASO,ES,Federal Contract Tower,0,24,10,0,34,0,0,4,0,4,0,24,14,0,38,0,0,0,38
12/25/2008,MCN,GA,ASO,ES,Federal Contract Tower,0,11,3,0,14,0,0,2,0,2,0,11,5,0,16,0,0,0,16
12/26/2008,MCN,GA,ASO,ES,Federal Contract Tower,0,16,14,0,30,0,0,0,0,0,0,16,14,0,30,0,0,0,30
12/27/2008,MCN,GA,ASO,ES,Federal Contract Tower,2,8,16,0,26,0,0,2,0,2,2,8,18,0,28,0,0,0,28
12/28/2008,MCN,GA,ASO,ES,Federal Contract Tower,2,9,15,0,26,0,0,4,0,4,2,9,19,0,30,0,0,0,30
12/29/2008,MCN,GA,ASO,ES,Federal Contract Tower,5,21,15,0,41,0,1,12,0,13,5,22,27,0,54,0,0,0,54
12/30/2008,MCN,GA,ASO,ES,Federal Contract Tower,1,21,11,0,33,0,0,22,0,22,1,21,33,0,55,2,0,2,57
12/31/2008,MCN,GA,ASO,ES,Federal Contract Tower,1,11,13,0,25,0,0,8,0,8,1,11,21,0,33,6,0,6,39
01/01/2009,MCN,GA,ASO,ES,Federal Contract Tower,0,7,6,0,13,0,0,8,0,8,0,7,14,0,21,14,0,14,35
01/02/2009,MCN,GA,ASO,ES,Federal Contract Tower,0,18,11,0,29,0,0,5,0,5,0,18,16,0,34,6,0,6,40
01/03/2009,MCN,GA,ASO,ES,Federal Contract Tower,0,3,13,0,16,0,0,0,0,0,0,3,13,0,16,0,0,0,16
01/04/2009,MCN,GA,ASO,ES,Federal Contract Tower,0,7,11,0,18,0,0,1,0,1,0,7,12,0,19,0,0,0,19
01/05/2009,MCN,GA,ASO,ES,Federal Contract Tower,2,22,16,0,40,0,0,3,0,3,2,22,19,0,43,0,0,0,43
01/06/2009,MCN,GA,ASO,ES,Federal Contract Tower,0,23,22,0,45,0,0,5,0,5,0,23,27,0,50,0,0,0,50
01/07/2009,MCN,GA,ASO,ES,Federal Contract Tower,1,18,13,0,32,0,0,5,0,5,1,18,18,0,37,0,0,0,37
01/08/2009,MCN,GA,ASO,ES,Federal Contract Tower,1,19,12,0,32,0,0,7,0,7,1,19,19,0,39,6,0,6,45
01/09/2009,MCN,GA,ASO,ES,Federal Contract Tower,0,19,26,13,58,0,0,28,2,30,0,19,54,15,88,14,8,22,110
01/10/2009,MCN,GA,ASO,ES,Federal Contract Tower,0,8,14,0,22,0,0,7,0,7,0,8,21,0,29,8,0,8,37
01/11/2009,MCN,GA,ASO,ES,Federal Contract Tower,0,10,10,0,20,0,0,14,0,14,0,10,24,0,34,10,0,10,44
01/12/2009,MCN,GA,ASO,ES,Federal Contract Tower,1,20,10,2,33,0,0,18,0,18,1,20,28,2,51,2,0,2,53
01/13/2009,MCN,GA,ASO,ES,Federal Contract Tower,0,24,12,0,36,0,0,15,2,17,0,24,27,2,53,0,0,0,53
01/14/2009,MCN,GA,ASO,ES,Federal Contract Tower,0,20,27,2,49,0,0,32,4,36,0,20,59,6,85,4,0,4,89
01/15/2009,MCN,GA,ASO,ES,Federal Contract Tower,0,23,10,0,33,0,0,6,0,6,0,23,16,0,39,0,0,0,39
01/16/2009,MCN,GA,ASO,ES,Federal Contract Tower,0,21,15,0,36,0,0,8,4,12,0,21,23,4,48,12,0,12,60
01/17/2009,MCN,GA,ASO,ES,Federal Contract Tower,3,4,28,0,35,0,5,20,17,42,3,9,48,17,77,14,22,36,113
01/18/2009,MCN,GA,ASO,ES,Federal Contract Tower,3,8,6,4,21,0,0,0,0,0,3,8,6,4,21,0,0,0,21
01/19/2009,MCN,GA,ASO,ES,Federal Contract Tower,0,5,20,3,28,0,4,18,0,22,0,9,38,3,50,18,4,22,72
01/20/2009,MCN,GA,ASO,ES,Federal Contract Tower,0,9,9,4,22,0,6,6,0,12,0,15,15,4,34,4,0,4,38
01/21/2009,MCN,GA,ASO,ES,Federal Contract Tower,0,9,23,4,36,0,5,8,0,13,0,14,31,4,49,2,0,2,51
01/22/2009,MCN,GA,ASO,ES,Federal Contract Tower,0,16,17,0,33,0,6,15,6,27,0,22,32,6,60,0,0,0,60
01/23/2009,MCN,GA,ASO,ES,Federal Contract Tower,0,15,20,2,37,0,0,10,7,17,0,15,30,9,54,0,0,0,54
01/24/2009,MCN,GA,ASO,ES,Federal Contract Tower,0,10,16,3,29,0,0,2,0,2,0,10,18,3,31,0,0,0,31
01/25/2009,MCN,GA,ASO,ES,Federal Contract Tower,0,8,14,7,29,0,0,5,4,9,0,8,19,11,38,2,0,2,40
01/26/2009,MCN,GA,ASO,ES,Federal Contract Tower,0,12,18,2,32,0,0,0,0,0,0,12,18,2,32,0,0,0,32
01/27/2009,MCN,GA,ASO,ES,Federal Contract Tower,2,8,17,6,33,0,0,3,2,5,2,8,20,8,38,0,0,0,38
01/28/2009,MCN,GA,ASO,ES,Federal Contract Tower,0,14,18,2,34,0,0,0,1,1,0,14,18,3,35,0,0,0,35
01/29/2009,MCN,GA,ASO,ES,Federal Contract Tower,0,15,30,2,47,0,0,20,0,20,0,15,50,2,67,2,0,2,69
01/30/2009,MCN,GA,ASO,ES,Federal Contract Tower,1,13,23,0,37,0,0,15,0,15,1,13,38,0,52,4,0,4,56
01/31/2009,MCN,GA,ASO,ES,Federal Contract Tower,3,5,14,0,22,0,3,18,0,21,3,8,32,0,43,8,0,8,51
02/01/2009,MCN,GA,ASO,ES,Federal Contract Tower,0,5,6,6,17,0,0,15,2,17,0,5,21,8,34,4,0,4,38
02/02/2009,MCN,GA,ASO,ES,Federal Contract Tower,0,15,14,0,29,0,0,3,0,3,0,15,17,0,32,0,0,0,32
02/03/2009,MCN,GA,ASO,ES,Federal Contract Tower,0,13,19,3,35,0,0,3,3,6,0,13,22,6,41,0,0,0,41
02/04/2009,MCN,GA,ASO,ES,Federal Contract Tower,0,12,16,4,32,0,0,18,0,18,0,12,34,4,50,4,4,8,58
02/05/2009,MCN,GA,ASO,ES,Federal Contract Tower,0,16,26,0,42,0,4,16,1,21,0,20,42,1,63,4,0,4,67
02/06/2009,MCN,GA,ASO,ES,Federal Contract Tower,1,12,11,1,25,0,1,24,2,27,1,13,35,3,52,20,0,20,72
02/07/2009,MCN,GA,ASO,ES,Federal Contract Tower,4,5,15,4,28,0,0,17,0,17,4,5,32,4,45,2,0,2,47
02/08/2009,MCN,GA,ASO,ES,Federal Contract Tower,0,5,12,0,17,0,0,16,3,19,0,5,28,3,36,0,6,6,42
02/09/2009,MCN,GA,ASO,ES,Federal Contract Tower,0,12,17,0,29,0,1,3,0,4,0,13,20,0,33,0,0,0,33
02/10/2009,MCN,GA,ASO,ES,Federal Contract Tower,0,12,22,0,34,0,0,13,0,13,0,12,35,0,47,0,0,0,47
02/11/2009,MCN,GA,ASO,ES,Federal Contract Tower,0,9,14,1,24,0,0,2,0,2,0,9,16,1,26,2,0,2,28
02/12/2009,MCN,GA,ASO,ES,Federal Contract Tower,0,12,22,0,34,0,0,14,3,17,0,12,36,3,51,2,0,2,53
02/13/2009,MCN,GA,ASO,ES,Federal Contract Tower,3,9,14,3,29,0,1,34,0,35,3,10,48,3,64,8,0,8,72
02/14/2009,MCN,GA,ASO,ES,Federal Contract Tower,0,5,15,0,20,0,0,0,0,0,0,5,15,0,20,0,0,0,20
02/15/2009,MCN,GA,ASO,ES,Federal Contract Tower,0,5,7,3,15,0,0,14,2,16,0,5,21,5,31,4,2,6,37
02/16/2009,MCN,GA,ASO,ES,Federal Contract Tower,0,13,15,2,30,0,0,29,0,29,0,13,44,2,59,4,0,4,63
02/17/2009,MCN,GA,ASO,ES,Federal Contract Tower,0,16,24,0,40,0,1,12,0,13,0,17,36,0,53,6,0,6,59
02/18/2009,MCN,GA,ASO,ES,Federal Contract Tower,2,8,11,0,21,0,1,1,0,2,2,9,12,0,23,0,0,0,23
02/19/2009,MCN,GA,ASO,ES,Federal Contract Tower,1,14,17,0,32,0,0,8,2,10,1,14,25,2,42,0,0,0,42
02/20/2009,MCN,GA,ASO,ES,Federal Contract Tower,0,13,39,10,62,0,0,20,0,20,0,13,59,10,82,4,4,8,90
02/21/2009,MCN,GA,ASO,ES,Federal Contract Tower,3,5,5,2,15,0,0,20,0,20,3,5,25,2,35,9,0,9,44
02/22/2009,MCN,GA,ASO,ES,Federal Contract Tower,0,6,8,7,21,0,0,4,3,7,0,6,12,10,28,8,0,8,36
02/23/2009,MCN,GA,ASO,ES,Federal Contract Tower,0,10,24,0,34,0,0,14,0,14,0,10,38,0,48,16,0,16,64
02/24/2009,MCN,GA,ASO,ES,Federal Contract Tower,0,14,28,0,42,0,0,7,0,7,0,14,35,0,49,8,0,8,57
02/25/2009,MCN,GA,ASO,ES,Federal Contract Tower,0,14,21,0,35,0,0,9,0,9,0,14,30,0,44,0,0,0,44
02/26/2009,MCN,GA,ASO,ES,Federal Contract Tower,0,14,19,0,33,0,0,7,2,9,0,14,26,2,42,0,0,0,42
02/27/2009,MCN,GA,ASO,ES,Federal Contract Tower,2,13,13,2,30,0,0,9,2,11,2,13,22,4,41,2,0,2,43
02/28/2009,MCN,GA,ASO,ES,Federal Contract Tower,0,4,2,0,6,0,0,0,0,0,0,4,2,0,6,0,0,0,6
03/01/2009,MCN,GA,ASO,ES,Federal Contract Tower,0,0,4,0,4,0,0,0,0,0,0,0,4,0,4,0,0,0,4
03/02/2009,MCN,GA,ASO,ES,Federal Contract Tower,1,2,19,0,22,0,3,12,2,17,1,5,31,2,39,6,0,6,45
03/03/2009,MCN,GA,ASO,ES,Federal Contract Tower,0,9,21,4,34,0,1,25,1,27,0,10,46,5,61,6,0,6,67
03/04/2009,MCN,GA,ASO,ES,Federal Contract Tower,0,11,19,4,34,0,0,6,2,8,0,11,25,6,42,0,0,0,42
03/05/2009,MCN,GA,ASO,ES,Federal Contract Tower,0,12,21,0,33,0,0,5,0,5,0,12,26,0,38,2,0,2,40
03/06/2009,MCN,GA,ASO,ES,Federal Contract Tower,0,12,13,2,27,0,0,14,3,17,0,12,27,5,44,0,0,0,44
03/07/2009,MCN,GA,ASO,ES,Federal Contract Tower,0,5,16,0,21,4,0,10,2,16,4,5,26,2,37,50,0,50,87
03/08/2009,MCN,GA,ASO,ES,Federal Contract Tower,0,5,4,0,9,0,0,6,2,8,0,5,10,2,17,0,0,0,17
03/09/2009,MCN,GA,ASO,ES,Federal Contract Tower,6,10,18,0,34,0,1,5,1,7,6,11,23,1,41,4,0,4,45
03/10/2009,MCN,GA,ASO,ES,Federal Contract Tower,0,11,16,10,37,0,0,14,1,15,0,11,30,11,52,0,0,0,52
03/11/2009,MCN,GA,ASO,ES,Federal Contract Tower,0,12,17,0,29,0,0,12,0,12,0,12,29,0,41,0,0,0,41
03/12/2009,MCN,GA,ASO,ES,Federal Contract Tower,0,16,16,0,32,0,1,16,4,21,0,17,32,4,53,0,0,0,53
03/13/2009,MCN,GA,ASO,ES,Federal Contract Tower,1,15,9,0,25,0,0,0,0,0,1,15,9,0,25,0,0,0,25
03/14/2009,MCN,GA,ASO,ES,Federal Contract Tower,0,6,13,0,19,0,0,0,0,0,0,6,13,0,19,0,0,0,19
03/15/2009,MCN,GA,ASO,ES,Federal Contract Tower,0,5,5,0,10,0,0,0,0,0,0,5,5,0,10,0,0,0,10
03/16/2009,MCN,GA,ASO,ES,Federal Contract Tower,0,10,12,0,22,0,0,0,0,0,0,10,12,0,22,0,0,0,22
03/17/2009,MCN,GA,ASO,ES,Federal Contract Tower,3,13,27,0,43,0,0,10,0,10,3,13,37,0,53,0,0,0,53
03/18/2009,MCN,GA,ASO,ES,Federal Contract Tower,1,14,13,0,28,0,0,18,0,18,1,14,31,0,46,4,0,4,50
03/19/2009,MCN,GA,ASO,ES,Federal Contract Tower,0,13,19,0,32,0,1,18,2,21,0,14,37,2,53,4,0,4,57
03/20/2009,MCN,GA,ASO,ES,Federal Contract Tower,2,11,17,0,30,0,0,20,0,20,2,11,37,0,50,6,0,6,56
03/21/2009,MCN,GA,ASO,ES,Federal Contract Tower,0,6,16,0,22,0,0,7,5,12,0,6,23,5,34,0,0,0,34
03/22/2009,MCN,GA,ASO,ES,Federal Contract Tower,2,5,16,2,25,0,0,15,2,17,2,5,31,4,42,6,0,6,48
03/23/2009,MCN,GA,ASO,ES,Federal Contract Tower,0,11,21,0,32,0,0,12,0,12,0,11,33,0,44,0,0,0,44
03/24/2009,MCN,GA,ASO,ES,Federal Contract Tower,0,12,27,4,43,0,0,9,0,9,0,12,36,4,52,0,0,0,52
03/25/2009,MCN,GA,ASO,ES,Federal Contract Tower,0,12,16,4,32,0,0,7,0,7,0,12,23,4,39,0,0,0,39
03/26/2009,MCN,GA,ASO,ES,Federal Contract Tower,0,8,27,0,35,0,0,0,2,2,0,8,27,2,37,0,0,0,37
03/27/2009,MCN,GA,ASO,ES,Federal Contract Tower,0,17,20,0,37,0,0,1,2,3,0,17,21,2,40,0,0,0,40
03/28/2009,MCN,GA,ASO,ES,Federal Contract Tower,0,3,5,0,8,0,0,0,0,0,0,3,5,0,8,0,0,0,8
03/29/2009,MCN,GA,ASO,ES,Federal Contract Tower,4,5,19,1,29,0,0,3,1,4,4,5,22,2,33,0,0,0,33
03/30/2009,MCN,GA,ASO,ES,Federal Contract Tower,0,11,19,2,32,0,0,9,4,13,0,11,28,6,45,0,0,0,45
03/31/2009,MCN,GA,ASO,ES,Federal Contract Tower,1,11,18,0,30,0,0,4,0,4,1,11,22,0,34,0,0,0,34
04/01/2009,MCN,GA,ASO,ES,Federal Contract Tower,0,14,18,0,32,0,0,1,0,1,0,14,19,0,33,0,0,0,33
04/02/2009,MCN,GA,ASO,ES,Federal Contract Tower,1,10,12,0,23,0,0,0,0,0,1,10,12,0,23,0,0,0,23
04/03/2009,MCN,GA,ASO,ES,Federal Contract Tower,0,12,24,2,38,1,0,13,6,20,1,12,37,8,58,0,0,0,58
04/04/2009,MCN,GA,ASO,ES,Federal Contract Tower,3,12,17,14,46,0,0,17,0,17,3,12,34,14,63,26,8,34,97
04/05/2009,MCN,GA,ASO,ES,Federal Contract Tower,0,6,12,0,18,0,0,2,0,2,0,6,14,0,20,0,0,0,20
04/06/2009,MCN,GA,ASO,ES,Federal Contract Tower,0,12,8,0,20,0,1,5,0,6,0,13,13,0,26,0,0,0,26
04/07/2009,MCN,GA,ASO,ES,Federal Contract Tower,0,11,9,0,20,0,1,5,0,6,0,12,14,0,26,0,0,0,26
04/08/2009,MCN,GA,ASO,ES,Federal Contract Tower,0,16,21,0,37,0,0,31,0,31,0,16,52,0,68,16,0,16,84
04/09/2009,MCN,GA,ASO,ES,Federal Contract Tower,0,11,26,1,38,0,0,12,0,12,0,11,38,1,50,4,0,4,54
04/10/2009,MCN,GA,ASO,ES,Federal Contract Tower,6,9,19,0,34,0,0,6,0,6,6,9,25,0,40,0,0,0,40
04/11/2009,MCN,GA,ASO,ES,Federal Contract Tower,0,5,18,0,23,0,0,9,0,9,0,5,27,0,32,2,0,2,34
04/12/2009,MCN,GA,ASO,ES,Federal Contract Tower,0,6,13,1,20,0,0,17,2,19,0,6,30,3,39,6,4,10,49
04/13/2009,MCN,GA,ASO,ES,Federal Contract Tower,1,13,7,0,21,0,0,2,0,2,1,13,9,0,23,4,0,4,27
04/14/2009,MCN,GA,ASO,ES,Federal Contract Tower,0,14,37,0,51,0,0,0,0,0,0,14,37,0,51,0,0,0,51
04/15/2009,MCN,GA,ASO,ES,Federal Contract Tower,0,10,15,0,25,0,1,20,1,22,0,11,35,1,47,4,0,4,51
04/16/2009,MCN,GA,ASO,ES,Federal Contract Tower,0,14,19,0,33,0,0,31,3,34,0,14,50,3,67,0,0,0,67
04/17/2009,MCN,GA,ASO,ES,Federal Contract Tower,0,12,22,13,47,0,0,6,1,7,0,12,28,14,54,2,4,6,60
04/18/2009,MCN,GA,ASO,ES,Federal Contract Tower,0,7,20,0,27,0,0,8,0,8,0,7,28,0,35,2,0,2,37
04/19/2009,MCN,GA,ASO,ES,Federal Contract Tower,0,10,10,5,25,0,0,7,1,8,0,10,17,6,33,22,0,22,55
04/20/2009,MCN,GA,ASO,ES,Federal Contract Tower,0,13,8,0,21,0,3,10,2,15,0,16,18,2,36,0,0,0,36
04/21/2009,MCN,GA,ASO,ES,Federal Contract Tower,1,8,21,19,49,0,2,8,5,15,1,10,29,24,64,2,0,2,66
04/22/2009,MCN,GA,ASO,ES,Federal Contract Tower,0,9,21,0,30,0,0,20,3,23,0,9,41,3,53,6,0,6,59
04/23/2009,MCN,GA,ASO,ES,Federal Contract Tower,0,12,27,7,46,0,0,15,2,17,0,12,42,9,63,8,10,18,81
04/24/2009,MCN,GA,ASO,ES,Federal Contract Tower,6,12,29,7,54,0,0,12,1,13,6,12,41,8,67,4,4,8,75
04/25/2009,MCN,GA,ASO,ES,Federal Contract Tower,2,5,22,4,33,0,0,0,0,0,2,5,22,4,33,4,0,4,37
04/26/2009,MCN,GA,ASO,ES,Federal Contract Tower,1,6,20,2,29,0,0,13,1,14,1,6,33,3,43,4,0,4,47
04/27/2009,MCN,GA,ASO,ES,Federal Contract Tower,1,12,28,0,41,0,1,7,0,8,1,13,35,0,49,0,0,0,49
04/28/2009,MCN,GA,ASO,ES,Federal Contract Tower,1,11,28,0,40,0,1,9,0,10,1,12,37,0,50,4,0,4,54
04/29/2009,MCN,GA,ASO,ES,Federal Contract Tower,1,12,30,0,43,0,0,26,2,28,1,12,56,2,71,18,0,18,89
04/30/2009,MCN,GA,ASO,ES,Federal Contract Tower,0,12,33,0,45,0,0,15,0,15,0,12,48,0,60,2,0,2,62
05/01/2009,MCN,GA,ASO,ES,Federal Contract Tower,0,10,18,1,29,0,1,10,3,14,0,11,28,4,43,0,0,0,43
05/02/2009,MCN,GA,ASO,ES,Federal Contract Tower,0,6,11,7,24,0,0,0,13,13,0,6,11,20,37,0,2,2,39
05/03/2009,MCN,GA,ASO,ES,Federal Contract Tower,0,7,13,2,22,0,0,11,4,15,0,7,24,6,37,0,0,0,37
05/04/2009,MCN,GA,ASO,ES,Federal Contract Tower,0,16,21,0,37,0,0,2,0,2,0,16,23,0,39,2,0,2,41
05/05/2009,MCN,GA,ASO,ES,Federal Contract Tower,5,14,24,6,49,0,0,2,1,3,5,14,26,7,52,2,0,2,54
05/06/2009,MCN,GA,ASO,ES,Federal Contract Tower,0,9,16,8,33,0,0,1,5,6,0,9,17,13,39,2,0,2,41
05/07/2009,MCN,GA,ASO,ES,Federal Contract Tower,1,13,20,0,34,0,0,1,0,1,1,13,21,0,35,0,0,0,35
05/08/2009,MCN,GA,ASO,ES,Federal Contract Tower,0,15,36,3,54,0,0,9,3,12,0,15,45,6,66,0,0,0,66
05/09/2009,MCN,GA,ASO,ES,Federal Contract Tower,0,5,18,0,23,0,0,18,0,18,0,5,36,0,41,0,0,0,41
05/10/2009,MCN,GA,ASO,ES,Federal Contract Tower,0,6,8,0,14,0,1,7,0,8,0,7,15,0,22,0,0,0,22
05/11/2009,MCN,GA,ASO,ES,Federal Contract Tower,2,15,22,2,41,0,0,4,0,4,2,15,26,2,45,10,0,10,55
05/12/2009,MCN,GA,ASO,ES,Federal Contract Tower,0,13,19,0,32,0,1,21,0,22,0,14,40,0,54,8,0,8,62
05/13/2009,MCN,GA,ASO,ES,Federal Contract Tower,0,13,28,4,45,0,2,17,0,19,0,15,45,4,64,6,4,10,74
05/14/2009,MCN,GA,ASO,ES,Federal Contract Tower,0,14,23,8,45,0,0,19,0,19,0,14,42,8,64,0,0,0,64
05/15/2009,MCN,GA,ASO,ES,Federal Contract Tower,1,15,21,0,37,0,0,13,0,13,1,15,34,0,50,2,0,2,52
05/16/2009,MCN,GA,ASO,ES,Federal Contract Tower,0,5,22,0,27,0,0,12,0,12,0,5,34,0,39,0,0,0,39
05/17/2009,MCN,GA,ASO,ES,Federal Contract Tower,0,6,15,1,22,0,0,4,1,5,0,6,19,2,27,0,0,0,27
05/18/2009,MCN,GA,ASO,ES,Federal Contract Tower,0,14,26,4,44,0,0,7,1,8,0,14,33,5,52,0,0,0,52
05/19/2009,MCN,GA,ASO,ES,Federal Contract Tower,0,12,14,2,28,0,0,19,0,19,0,12,33,2,47,8,2,10,57
05/20/2009,MCN,GA,ASO,ES,Federal Contract Tower,0,13,20,0,33,0,0,4,0,4,0,13,24,0,37,0,0,0,37
05/21/2009,MCN,GA,ASO,ES,Federal Contract Tower,0,11,33,0,44,0,0,2,0,2,0,11,35,0,46,2,0,2,48
05/22/2009,MCN,GA,ASO,ES,Federal Contract Tower,0,13,23,3,39,0,0,1,0,1,0,13,24,3,40,0,0,0,40
05/23/2009,MCN,GA,ASO,ES,Federal Contract Tower,0,7,21,0,28,0,0,3,0,3,0,7,24,0,31,0,0,0,31
05/24/2009,MCN,GA,ASO,ES,Federal Contract Tower,0,8,4,1,13,0,0,2,1,3,0,8,6,2,16,0,0,0,16
05/25/2009,MCN,GA,ASO,ES,Federal Contract Tower,0,8,27,0,35,0,0,4,0,4,0,8,31,0,39,2,0,2,41
05/26/2009,MCN,GA,ASO,ES,Federal Contract Tower,0,14,25,4,43,0,0,5,0,5,0,14,30,4,48,0,0,0,48
05/27/2009,MCN,GA,ASO,ES,Federal Contract Tower,0,17,31,1,49,0,0,6,0,6,0,17,37,1,55,0,0,0,55
05/28/2009,MCN,GA,ASO,ES,Federal Contract Tower,0,10,11,3,24,0,0,13,0,13,0,10,24,3,37,0,0,0,37
05/29/2009,MCN,GA,ASO,ES,Federal Contract Tower,2,13,25,8,48,0,0,15,0,15,2,13,40,8,63,2,0,2,65
05/30/2009,MCN,GA,ASO,ES,Federal Contract Tower,0,12,5,1,18,0,0,24,0,24,0,12,29,1,42,6,0,6,48
05/31/2009,MCN,GA,ASO,ES,Federal Contract Tower,0,6,13,5,24,0,0,14,1,15,0,6,27,6,39,6,0,6,45
06/01/2009,MCN,GA,ASO,ES,Federal Contract Tower,0,12,26,0,38,0,1,10,3,14,0,13,36,3,52,8,0,8,60
06/02/2009,MCN,GA,ASO,ES,Federal Contract Tower,1,12,32,1,46,0,0,16,0,16,1,12,48,1,62,6,0,6,68
06/03/2009,MCN,GA,ASO,ES,Federal Contract Tower,0,12,24,0,36,0,0,14,0,14,0,12,38,0,50,0,0,0,50
06/04/2009,MCN,GA,ASO,ES,Federal Contract Tower,0,11,10,5,26,0,0,0,0,0,0,11,10,5,26,0,0,0,26
06/05/2009,MCN,GA,ASO,ES,Federal Contract Tower,0,12,20,1,33,0,0,4,3,7,0,12,24,4,40,0,0,0,40
06/06/2009,MCN,GA,ASO,ES,Federal Contract Tower,0,5,20,11,36,0,0,8,1,9,0,5,28,12,45,8,0,8,53
06/07/2009,MCN,GA,ASO,ES,Federal Contract Tower,0,9,12,4,25,0,0,2,2,4,0,9,14,6,29,0,0,0,29
06/08/2009,MCN,GA,ASO,ES,Federal Contract Tower,0,16,21,0,37,0,0,5,0,5,0,16,26,0,42,2,0,2,44
06/09/2009,MCN,GA,ASO,ES,Federal Contract Tower,0,11,20,1,32,0,0,11,1,12,0,11,31,2,44,2,0,2,46
06/10/2009,MCN,GA,ASO,ES,Federal Contract Tower,11,11,19,4,45,0,0,14,2,16,11,11,33,6,61,4,0,4,65
06/11/2009,MCN,GA,ASO,ES,Federal Contract Tower,3,16,29,0,48,0,1,4,0,5,3,17,33,0,53,0,0,0,53
06/12/2009,MCN,GA,ASO,ES,Federal Contract Tower,1,11,19,5,36,0,0,6,4,10,1,11,25,9,46,2,0,2,48
06/13/2009,MCN,GA,ASO,ES,Federal Contract Tower,0,5,2,2,9,0,0,10,0,10,0,5,12,2,19,0,0,0,19
06/14/2009,MCN,GA,ASO,ES,Federal Contract Tower,0,5,18,0,23,0,0,12,2,14,0,5,30,2,37,6,0,6,43
06/15/2009,MCN,GA,ASO,ES,Federal Contract Tower,0,15,16,0,31,0,0,15,0,15,0,15,31,0,46,2,0,2,48
06/16/2009,MCN,GA,ASO,ES,Federal Contract Tower,0,11,18,1,30,0,0,23,0,23,0,11,41,1,53,6,2,8,61
06/17/2009,MCN,GA,ASO,ES,Federal Contract Tower,2,14,27,6,49,0,0,12,0,12,2,14,39,6,61,14,0,14,75
06/18/2009,MCN,GA,ASO,ES,Federal Contract Tower,0,10,33,0,43,0,3,9,0,12,0,13,42,0,55,24,0,24,79
06/19/2009,MCN,GA,ASO,ES,Federal Contract Tower,0,14,18,4,36,0,0,98,2,100,0,14,116,6,136,88,6,94,230
06/20/2009,MCN,GA,ASO,ES,Federal Contract Tower,0,5,14,0,19,0,0,103,0,103,0,5,117,0,122,86,0,86,208
06/21/2009,MCN,GA,ASO,ES,Federal Contract Tower,0,6,17,1,24,0,0,8,2,10,0,6,25,3,34,2,7,9,43
06/22/2009,MCN,GA,ASO,ES,Federal Contract Tower,5,13,22,0,40,0,0,9,3,12,5,13,31,3,52,2,0,2,54
06/23/2009,MCN,GA,ASO,ES,Federal Contract Tower,0,14,27,0,41,0,0,4,0,4,0,14,31,0,45,0,0,0,45
06/24/2009,MCN,GA,ASO,ES,Federal Contract Tower,0,10,27,2,39,0,0,15,0,15,0,10,42,2,54,10,0,10,64
06/25/2009,MCN,GA,ASO,ES,Federal Contract Tower,0,13,29,5,47,0,0,17,0,17,0,13,46,5,64,18,0,18,82
06/26/2009,MCN,GA,ASO,ES,Federal Contract Tower,0,11,18,8,37,0,0,11,2,13,0,11,29,10,50,2,0,2,52
06/27/2009,MCN,GA,ASO,ES,Federal Contract Tower,0,7,18,0,25,0,2,10,0,12,0,9,28,0,37,6,0,6,43
06/28/2009,MCN,GA,ASO,ES,Federal Contract Tower,0,5,15,3,23,0,0,2,1,3,0,5,17,4,26,0,0,0,26
06/29/2009,MCN,GA,ASO,ES,Federal Contract Tower,0,10,16,1,27,0,1,12,1,14,0,11,28,2,41,0,0,0,41
06/30/2009,MCN,GA,ASO,ES,Federal Contract Tower,0,9,14,2,25,0,2,6,0,8,0,11,20,2,33,0,0,0,33
07/01/2009,MCN,GA,ASO,ES,Federal Contract Tower,0,11,30,0,41,0,1,15,2,18,0,12,45,2,59,4,0,4,63
07/02/2009,MCN,GA,ASO,ES,Federal Contract Tower,0,15,34,0,49,0,0,16,0,16,0,15,50,0,65,12,0,12,77
07/03/2009,MCN,GA,ASO,ES,Federal Contract Tower,0,10,14,0,24,0,1,4,0,5,0,11,18,0,29,0,0,0,29
07/04/2009,MCN,GA,ASO,ES,Federal Contract Tower,0,5,4,0,9,0,0,6,0,6,0,5,10,0,15,0,0,0,15
07/05/2009,MCN,GA,ASO,ES,Federal Contract Tower,0,6,12,0,18,0,0,11,0,11,0,6,23,0,29,2,0,2,31
07/06/2009,MCN,GA,ASO,ES,Federal Contract Tower,0,10,21,0,31,0,0,2,0,2,0,10,23,0,33,0,0,0,33
07/07/2009,MCN,GA,ASO,ES,Federal Contract Tower,0,11,21,0,32,0,0,2,0,2,0,11,23,0,34,0,0,0,34
07/08/2009,MCN,GA,ASO,ES,Federal Contract Tower,2,10,23,0,35,0,0,4,0,4,2,10,27,0,39,0,0,0,39
07/09/2009,MCN,GA,ASO,ES,Federal Contract Tower,1,18,19,0,38,0,1,13,2,16,1,19,32,2,54,8,0,8,62
07/10/2009,MCN,GA,ASO,ES,Federal Contract Tower,0,13,23,4,40,0,0,12,2,14,0,13,35,6,54,8,0,8,62
07/11/2009,MCN,GA,ASO,ES,Federal Contract Tower,0,5,9,2,16,0,0,18,0,18,0,5,27,2,34,10,0,10,44
07/12/2009,MCN,GA,ASO,ES,Federal Contract Tower,0,5,6,2,13,0,0,12,0,12,0,5,18,2,25,2,0,2,27
07/13/2009,MCN,GA,ASO,ES,Federal Contract Tower,0,14,14,0,28,0,0,14,0,14,0,14,28,0,42,2,0,2,44
07/14/2009,MCN,GA,ASO,ES,Federal Contract Tower,0,10,43,0,53,0,1,22,2,25,0,11,65,2,78,18,0,18,96
07/15/2009,MCN,GA,ASO,ES,Federal Contract Tower,1,10,16,0,27,0,0,7,0,7,1,10,23,0,34,0,0,0,34
07/16/2009,MCN,GA,ASO,ES,Federal Contract Tower,3,11,32,3,49,0,0,5,1,6,3,11,37,4,55,0,0,0,55
07/17/2009,MCN,GA,ASO,ES,Federal Contract Tower,0,13,38,6,57,0,0,9,10,19,0,13,47,16,76,28,0,28,104
07/18/2009,MCN,GA,ASO,ES,Federal Contract Tower,0,5,13,1,19,0,0,17,1,18,0,5,30,2,37,4,0,4,41
07/19/2009,MCN,GA,ASO,ES,Federal Contract Tower,2,6,20,10,38,0,0,8,7,15,2,6,28,17,53,10,0,10,63
07/20/2009,MCN,GA,ASO,ES,Federal Contract Tower,0,11,19,0,30,0,1,10,0,11,0,12,29,0,41,2,0,2,43
07/21/2009,MCN,GA,ASO,ES,Federal Contract Tower,0,12,22,1,35,0,1,20,4,25,0,13,42,5,60,6,0,6,66
07/22/2009,MCN,GA,ASO,ES,Federal Contract Tower,2,13,28,0,43,0,0,18,2,20,2,13,46,2,63,6,0,6,69
07/23/2009,MCN,GA,ASO,ES,Federal Contract Tower,1,12,34,2,49,0,0,14,0,14,1,12,48,2,63,14,0,14,77
07/24/2009,MCN,GA,ASO,ES,Federal Contract Tower,1,10,15,8,34,0,1,18,5,24,1,11,33,13,58,0,0,0,58
07/25/2009,MCN,GA,ASO,ES,Federal Contract Tower,1,5,14,0,20,0,0,13,0,13,1,5,27,0,33,4,0,4,37
07/26/2009,MCN,GA,ASO,ES,Federal Contract Tower,0,5,14,5,24,0,0,8,3,11,0,5,22,8,35,6,0,6,41
07/27/2009,MCN,GA,ASO,ES,Federal Contract Tower,0,10,19,0,29,0,0,8,0,8,0,10,27,0,37,0,0,0,37
07/28/2009,MCN,GA,ASO,ES,Federal Contract Tower,0,8,15,2,25,0,0,18,0,18,0,8,33,2,43,2,0,2,45
07/29/2009,MCN,GA,ASO,ES,Federal Contract Tower,0,14,17,0,31,0,0,11,0,11,0,14,28,0,42,8,0,8,50
07/30/2009,MCN,GA,ASO,ES,Federal Contract Tower,2,11,17,0,30,0,0,2,0,2,2,11,19,0,32,0,0,0,32
07/31/2009,MCN,GA,ASO,ES,Federal Contract Tower,4,12,21,0,37,0,0,5,0,5,4,12,26,0,42,2,0,2,44
08/01/2009,MCN,GA,ASO,ES,Federal Contract Tower,1,5,10,0,16,0,0,10,0,10,1,5,20,0,26,2,0,2,28
08/02/2009,MCN,GA,ASO,ES,Federal Contract Tower,3,5,17,0,25,0,0,8,1,9,3,5,25,1,34,2,0,2,36
08/03/2009,MCN,GA,ASO,ES,Federal Contract Tower,0,13,20,0,33,0,0,9,0,9,0,13,29,0,42,4,0,4,46
08/04/2009,MCN,GA,ASO,ES,Federal Contract Tower,0,10,31,0,41,0,1,21,0,22,0,11,52,0,63,8,0,8,71
08/05/2009,MCN,GA,ASO,ES,Federal Contract Tower,0,15,9,0,24,0,0,10,0,10,0,15,19,0,34,2,0,2,36
08/06/2009,MCN,GA,ASO,ES,Federal Contract Tower,1,10,24,4,39,0,1,7,0,8,1,11,31,4,47,2,2,4,51
08/07/2009,MCN,GA,ASO,ES,Federal Contract Tower,0,17,29,0,46,0,0,19,0,19,0,17,48,0,65,4,0,4,69
08/08/2009,MCN,GA,ASO,ES,Federal Contract Tower,0,5,11,0,16,0,0,12,1,13,0,5,23,1,29,10,0,10,39
08/09/2009,MCN,GA,ASO,ES,Federal Contract Tower,1,8,15,0,24,0,0,14,1,15,1,8,29,1,39,12,0,12,51
08/10/2009,MCN,GA,ASO,ES,Federal Contract Tower,0,13,14,4,31,0,0,13,2,15,0,13,27,6,46,6,0,6,52
08/11/2009,MCN,GA,ASO,ES,Federal Contract Tower,0,12,25,0,37,0,0,11,2,13,0,12,36,2,50,6,0,6,56
08/12/2009,MCN,GA,ASO,ES,Federal Contract Tower,1,15,18,0,34,0,0,13,3,16,1,15,31,3,50,0,0,0,50
08/13/2009,MCN,GA,ASO,ES,Federal Contract Tower,0,10,15,0,25,0,1,11,0,12,0,11,26,0,37,0,0,0,37
08/14/2009,MCN,GA,ASO,ES,Federal Contract Tower,0,10,26,10,46,0,0,1,6,7,0,10,27,16,53,0,0,0,53
08/15/2009,MCN,GA,ASO,ES,Federal Contract Tower,0,7,15,0,22,0,0,11,2,13,0,7,26,2,35,4,0,4,39
08/16/2009,MCN,GA,ASO,ES,Federal Contract Tower,0,5,14,0,19,0,0,6,0,6,0,5,20,0,25,0,0,0,25
08/17/2009,MCN,GA,ASO,ES,Federal Contract Tower,0,12,18,2,32,0,0,0,3,3,0,12,18,5,35,0,0,0,35
08/18/2009,MCN,GA,ASO,ES,Federal Contract Tower,1,14,41,14,70,0,0,9,2,11,1,14,50,16,81,2,22,24,105
08/19/2009,MCN,GA,ASO,ES,Federal Contract Tower,3,8,21,0,32,0,0,11,0,11,3,8,32,0,43,0,0,0,43
08/20/2009,MCN,GA,ASO,ES,Federal Contract Tower,8,11,26,4,49,0,0,7,0,7,8,11,33,4,56,0,0,0,56
08/21/2009,MCN,GA,ASO,ES,Federal Contract Tower,1,12,16,0,29,0,0,9,0,9,1,12,25,0,38,8,0,8,46
08/22/2009,MCN,GA,ASO,ES,Federal Contract Tower,0,5,18,1,24,0,0,10,0,10,0,5,28,1,34,2,0,2,36
08/23/2009,MCN,GA,ASO,ES,Federal Contract Tower,0,5,21,2,28,0,0,15,4,19,0,5,36,6,47,7,2,9,56
08/24/2009,MCN,GA,ASO,ES,Federal Contract Tower,0,12,50,1,63,0,0,25,2,27,0,12,75,3,90,14,0,14,104
08/25/2009,MCN,GA,ASO,ES,Federal Contract Tower,0,11,18,3,32,0,1,10,1,12,0,12,28,4,44,0,0,0,44
08/26/2009,MCN,GA,ASO,ES,Federal Contract Tower,0,12,33,2,47,0,2,18,2,22,0,14,51,4,69,0,0,0,69
08/27/2009,MCN,GA,ASO,ES,Federal Contract Tower,1,11,21,2,35,0,0,5,4,9,1,11,26,6,44,0,2,2,46
08/28/2009,MCN,GA,ASO,ES,Federal Contract Tower,0,15,27,0,42,0,0,5,0,5,0,15,32,0,47,6,0,6,53
08/29/2009,MCN,GA,ASO,ES,Federal Contract Tower,0,8,10,0,18,0,0,11,0,11,0,8,21,0,29,4,0,4,33
08/30/2009,MCN,GA,ASO,ES,Federal Contract Tower,4,7,14,0,25,0,0,6,2,8,4,7,20,2,33,2,0,2,35
08/31/2009,MCN,GA,ASO,ES,Federal Contract Tower,0,18,15,0,33,0,0,6,0,6,0,18,21,0,39,2,0,2,41
09/01/2009,MCN,GA,ASO,ES,Federal Contract Tower,0,12,12,2,26,0,0,2,0,2,0,12,14,2,28,0,0,0,28
09/02/2009,MCN,GA,ASO,ES,Federal Contract Tower,0,11,23,4,38,0,0,22,0,22,0,11,45,4,60,6,0,6,66
09/03/2009,MCN,GA,ASO,ES,Federal Contract Tower,0,12,23,0,35,0,0,18,0,18,0,12,41,0,53,2,0,2,55
09/04/2009,MCN,GA,ASO,ES,Federal Contract Tower,2,14,24,7,47,0,1,7,0,8,2,15,31,7,55,0,0,0,55
09/05/2009,MCN,GA,ASO,ES,Federal Contract Tower,0,5,21,3,29,0,0,9,32,41,0,5,30,35,70,2,0,2,72
09/06/2009,MCN,GA,ASO,ES,Federal Contract Tower,0,5,4,0,9,0,0,12,3,15,0,5,16,3,24,0,4,4,28
09/07/2009,MCN,GA,ASO,ES,Federal Contract Tower,0,15,18,0,33,0,0,12,2,14,0,15,30,2,47,0,0,0,47
09/08/2009,MCN,GA,ASO,ES,Federal Contract Tower,0,11,25,3,39,0,0,10,3,13,0,11,35,6,52,0,4,4,56
09/09/2009,MCN,GA,ASO,ES,Federal Contract Tower,3,13,22,2,40,0,0,14,0,14,3,13,36,2,54,2,0,2,56
09/10/2009,MCN,GA,ASO,ES,Federal Contract Tower,0,20,19,0,39,0,0,4,0,4,0,20,23,0,43,0,0,0,43
09/11/2009,MCN,GA,ASO,ES,Federal Contract Tower,1,17,18,6,42,0,0,7,9,16,1,17,25,15,58,12,2,14,72
09/12/2009,MCN,GA,ASO,ES,Federal Contract Tower,0,5,12,1,18,0,0,16,1,17,0,5,28,2,35,8,0,8,43
09/13/2009,MCN,GA,ASO,ES,Federal Contract Tower,0,5,6,2,13,0,0,11,9,20,0,5,17,11,33,6,2,8,41
09/14/2009,MCN,GA,ASO,ES,Federal Contract Tower,0,13,28,2,43,0,0,8,2,10,0,13,36,4,53,0,0,0,53
09/15/2009,MCN,GA,ASO,ES,Federal Contract Tower,1,14,23,2,40,0,0,6,3,9,1,14,29,5,49,0,4,4,53
09/16/2009,MCN,GA,ASO,ES,Federal Contract Tower,0,12,24,0,36,0,0,2,0,2,0,12,26,0,38,0,0,0,38
09/17/2009,MCN,GA,ASO,ES,Federal Contract Tower,0,11,14,0,25,0,0,1,1,2,0,11,15,1,27,0,0,0,27
09/18/2009,MCN,GA,ASO,ES,Federal Contract Tower,0,14,24,0,38,0,0,2,5,7,0,14,26,5,45,0,0,0,45
09/19/2009,MCN,GA,ASO,ES,Federal Contract Tower,0,9,9,1,19,0,0,6,0,6,0,9,15,1,25,0,0,0,25
09/20/2009,MCN,GA,ASO,ES,Federal Contract Tower,0,10,11,3,24,0,0,8,2,10,0,10,19,5,34,0,0,0,34
09/21/2009,MCN,GA,ASO,ES,Federal Contract Tower,2,8,18,0,28,0,0,5,0,5,2,8,23,0,33,0,0,0,33
09/22/2009,MCN,GA,ASO,ES,Federal Contract Tower,1,12,20,4,37,0,0,16,0,16,1,12,36,4,53,0,0,0,53
09/23/2009,MCN,GA,ASO,ES,Federal Contract Tower,1,16,23,2,42,0,0,0,0,0,1,16,23,2,42,0,0,0,42
09/24/2009,MCN,GA,ASO,ES,Federal Contract Tower,2,24,25,0,51,0,0,7,0,7,2,24,32,0,58,2,0,2,60
09/25/2009,MCN,GA,ASO,ES,Federal Contract Tower,3,11,34,5,53,0,0,11,3,14,3,11,45,8,67,2,0,2,69
09/26/2009,MCN,GA,ASO,ES,Federal Contract Tower,2,6,11,3,22,0,0,6,9,15,2,6,17,12,37,2,0,2,39
09/27/2009,MCN,GA,ASO,ES,Federal Contract Tower,0,5,31,3,39,0,0,15,7,22,0,5,46,10,61,2,3,5,66
09/28/2009,MCN,GA,ASO,ES,Federal Contract Tower,0,9,16,3,28,0,1,12,3,16,0,10,28,6,44,2,0,2,46
09/29/2009,MCN,GA,ASO,ES,Federal Contract Tower,0,11,27,0,38,0,0,17,0,17,0,11,44,0,55,10,0,10,65
09/30/2009,MCN,GA,ASO,ES,Federal Contract Tower,0,11,18,12,41,0,1,17,3,21,0,12,35,15,62,4,4,8,70
10/01/2009,MCN,GA,ASO,ES,Federal Contract Tower,1,10,23,0,34,0,1,16,0,17,1,11,39,0,51,5,0,5,56
10/02/2009,MCN,GA,ASO,ES,Federal Contract Tower,2,15,34,4,55,0,0,7,0,7,2,15,41,4,62,8,0,8,70
10/03/2009,MCN,GA,ASO,ES,Federal Contract Tower,1,7,7,4,19,0,0,17,0,17,1,7,24,4,36,6,0,6,42
10/04/2009,MCN,GA,ASO,ES,Federal Contract Tower,1,5,14,10,30,0,0,10,0,10,1,5,24,10,40,0,0,0,40
10/05/2009,MCN,GA,ASO,ES,Federal Contract Tower,1,18,27,0,46,0,0,0,0,0,1,18,27,0,46,0,0,0,46
10/06/2009,MCN,GA,ASO,ES,Federal Contract Tower,0,13,22,0,35,0,0,0,0,0,0,13,22,0,35,2,0,2,37
10/07/2009,MCN,GA,ASO,ES,Federal Contract Tower,0,16,14,0,30,0,0,13,0,13,0,16,27,0,43,18,0,18,61
10/08/2009,MCN,GA,ASO,ES,Federal Contract Tower,2,10,28,0,40,0,1,18,0,19,2,11,46,0,59,2,0,2,61
10/09/2009,MCN,GA,ASO,ES,Federal Contract Tower,0,12,20,8,40,0,0,5,0,5,0,12,25,8,45,0,0,0,45
10/10/2009,MCN,GA,ASO,ES,Federal Contract Tower,0,5,13,0,18,0,0,8,0,8,0,5,21,0,26,6,0,6,32
10/11/2009,MCN,GA,ASO,ES,Federal Contract Tower,0,5,13,17,35,0,0,16,3,19,0,5,29,20,54,18,0,18,72
10/12/2009,MCN,GA,ASO,ES,Federal Contract Tower,0,9,35,2,46,0,0,0,0,0,0,9,35,2,46,0,0,0,46
10/13/2009,MCN,GA,ASO,ES,Federal Contract Tower,1,16,21,0,38,0,0,2,0,2,1,16,23,0,40,0,0,0,40
10/14/2009,MCN,GA,ASO,ES,Federal Contract Tower,0,12,18,0,30,0,0,0,0,0,0,12,18,0,30,0,0,0,30
10/15/2009,MCN,GA,ASO,ES,Federal Contract Tower,0,11,23,0,34,0,0,0,0,0,0,11,23,0,34,0,0,0,34
10/16/2009,MCN,GA,ASO,ES,Federal Contract Tower,0,11,22,7,40,1,0,5,4,10,1,11,27,11,50,0,0,0,50
10/17/2009,MCN,GA,ASO,ES,Federal Contract Tower,0,5,12,0,17,0,0,0,0,0,0,5,12,0,17,0,0,0,17
10/18/2009,MCN,GA,ASO,ES,Federal Contract Tower,0,6,9,2,17,0,0,19,0,19,0,6,28,2,36,2,0,2,38
10/19/2009,MCN,GA,ASO,ES,Federal Contract Tower,0,9,20,4,33,0,0,23,0,23,0,9,43,4,56,2,0,2,58
10/20/2009,MCN,GA,ASO,ES,Federal Contract Tower,0,11,17,0,28,0,4,9,5,18,0,15,26,5,46,2,0,2,48
10/21/2009,MCN,GA,ASO,ES,Federal Contract Tower,0,9,28,0,37,0,1,19,0,20,0,10,47,0,57,0,0,0,57
10/22/2009,MCN,GA,ASO,ES,Federal Contract Tower,0,11,23,2,36,0,1,11,2,14,0,12,34,4,50,0,0,0,50
10/23/2009,MCN,GA,ASO,ES,Federal Contract Tower,0,14,16,3,33,0,0,10,6,16,0,14,26,9,49,6,0,6,55
10/24/2009,MCN,GA,ASO,ES,Federal Contract Tower,0,5,13,1,19,0,0,5,6,11,0,5,18,7,30,12,14,26,56
10/25/2009,MCN,GA,ASO,ES,Federal Contract Tower,3,6,25,0,34,0,0,20,6,26,3,6,45,6,60,18,0,18,78
10/26/2009,MCN,GA,ASO,ES,Federal Contract Tower,2,16,27,0,45,0,0,7,0,7,2,16,34,0,52,2,0,2,54
10/27/2009,MCN,GA,ASO,ES,Federal Contract Tower,1,9,16,0,26,0,0,0,0,0,1,9,16,0,26,0,0,0,26
10/28/2009,MCN,GA,ASO,ES,Federal Contract Tower,0,18,39,3,60,0,0,21,1,22,0,18,60,4,82,14,0,14,96
10/29/2009,MCN,GA,ASO,ES,Federal Contract Tower,0,11,32,0,43,0,0,14,5,19,0,11,46,5,62,2,0,2,64
10/30/2009,MCN,GA,ASO,ES,Federal Contract Tower,0,10,26,0,36,0,0,0,0,0,0,10,26,0,36,0,0,0,36
10/31/2009,MCN,GA,ASO,ES,Federal Contract Tower,0,6,17,2,25,0,0,1,0,1,0,6,18,2,26,0,0,0,26
11/01/2009,MCN,GA,ASO,ES,Federal Contract Tower,0,5,10,0,15,0,0,19,0,19,0,5,29,0,34,16,0,16,50
11/02/2009,MCN,GA,ASO,ES,Federal Contract Tower,0,13,10,0,23,0,0,16,0,16,0,13,26,0,39,4,0,4,43
11/03/2009,MCN,GA,ASO,ES,Federal Contract Tower,1,13,31,0,45,0,0,15,0,15,1,13,46,0,60,4,0,4,64
11/04/2009,MCN,GA,ASO,ES,Federal Contract Tower,0,12,27,0,39,0,0,17,0,17,0,12,44,0,56,6,0,6,62
11/05/2009,MCN,GA,ASO,ES,Federal Contract Tower,0,13,14,0,27,0,0,16,0,16,0,13,30,0,43,8,0,8,51
11/06/2009,MCN,GA,ASO,ES,Federal Contract Tower,0,14,20,0,34,0,0,23,0,23,0,14,43,0,57,14,0,14,71
11/07/2009,MCN,GA,ASO,ES,Federal Contract Tower,0,5,22,2,29,0,0,22,2,24,0,5,44,4,53,12,0,12,65
11/08/2009,MCN,GA,ASO,ES,Federal Contract Tower,0,6,11,0,17,0,0,14,2,16,0,6,25,2,33,2,0,2,35
11/09/2009,MCN,GA,ASO,ES,Federal Contract Tower,1,17,19,0,37,0,0,7,2,9,1,17,26,2,46,0,0,0,46
11/10/2009,MCN,GA,ASO,ES,Federal Contract Tower,0,10,18,0,28,0,0,0,0,0,0,10,18,0,28,0,0,0,28
11/11/2009,MCN,GA,ASO,ES,Federal Contract Tower,0,7,18,0,25,0,0,0,0,0,0,7,18,0,25,0,0,0,25
11/12/2009,MCN,GA,ASO,ES,Federal Contract Tower,1,9,23,0,33,0,0,11,0,11,1,9,34,0,44,2,0,2,46
11/13/2009,MCN,GA,ASO,ES,Federal Contract Tower,0,12,28,0,40,0,1,27,5,33,0,13,55,5,73,8,0,8,81
11/14/2009,MCN,GA,ASO,ES,Federal Contract Tower,3,5,21,0,29,0,0,17,2,19,3,5,38,2,48,8,0,8,56
11/15/2009,MCN,GA,ASO,ES,Federal Contract Tower,0,5,21,5,31,0,0,20,6,26,0,5,41,11,57,0,6,6,63
11/16/2009,MCN,GA,ASO,ES,Federal Contract Tower,0,12,16,0,28,0,0,15,0,15,0,12,31,0,43,4,0,4,47
11/17/2009,MCN,GA,ASO,ES,Federal Contract Tower,0,12,30,0,42,0,0,15,0,15,0,12,45,0,57,26,0,26,83
11/18/2009,MCN,GA,ASO,ES,Federal Contract Tower,0,13,36,0,49,0,0,3,0,3,0,13,39,0,52,0,0,0,52
11/19/2009,MCN,GA,ASO,ES,Federal Contract Tower,4,10,30,2,46,0,2,15,0,17,4,12,45,2,63,4,0,4,67
11/20/2009,MCN,GA,ASO,ES,Federal Contract Tower,0,14,42,2,58,0,2,24,6,32,0,16,66,8,90,4,4,8,98
11/21/2009,MCN,GA,ASO,ES,Federal Contract Tower,2,5,14,4,25,0,0,12,0,12,2,5,26,4,37,10,0,10,47
11/22/2009,MCN,GA,ASO,ES,Federal Contract Tower,0,5,9,0,14,0,0,0,0,0,0,5,9,0,14,0,0,0,14
11/23/2009,MCN,GA,ASO,ES,Federal Contract Tower,2,15,15,0,32,0,0,0,0,0,2,15,15,0,32,0,0,0,32
11/24/2009,MCN,GA,ASO,ES,Federal Contract Tower,0,13,24,0,37,0,0,3,0,3,0,13,27,0,40,4,0,4,44
11/25/2009,MCN,GA,ASO,ES,Federal Contract Tower,0,9,20,0,29,0,0,18,0,18,0,9,38,0,47,10,0,10,57
11/26/2009,MCN,GA,ASO,ES,Federal Contract Tower,0,5,8,0,13,0,1,4,0,5,0,6,12,0,18,0,0,0,18
11/27/2009,MCN,GA,ASO,ES,Federal Contract Tower,0,15,10,0,25,0,0,13,0,13,0,15,23,0,38,2,0,2,40
11/28/2009,MCN,GA,ASO,ES,Federal Contract Tower,0,5,14,1,20,0,0,26,1,27,0,5,40,2,47,20,0,20,67
11/29/2009,MCN,GA,ASO,ES,Federal Contract Tower,0,6,15,0,21,0,0,2,2,4,0,6,17,2,25,0,16,16,41
11/30/2009,MCN,GA,ASO,ES,Federal Contract Tower,0,11,19,4,34,0,0,8,1,9,0,11,27,5,43,6,8,14,57
12/01/2009,MCN,GA,ASO,ES,Federal Contract Tower,3,11,11,0,25,0,0,12,0,12,3,11,23,0,37,0,0,0,37
12/02/2009,MCN,GA,ASO,ES,Federal Contract Tower,0,8,5,0,13,0,0,0,0,0,0,8,5,0,13,0,0,0,13
12/03/2009,MCN,GA,ASO,ES,Federal Contract Tower,0,12,13,0,25,0,0,11,0,11,0,12,24,0,36,0,0,0,36
12/04/2009,MCN,GA,ASO,ES,Federal Contract Tower,0,13,28,5,46,0,0,11,3,14,0,13,39,8,60,2,0,2,62
12/05/2009,MCN,GA,ASO,ES,Federal Contract Tower,0,9,10,0,19,0,0,3,0,3,0,9,13,0,22,6,0,6,28
12/06/2009,MCN,GA,ASO,ES,Federal Contract Tower,3,8,12,0,23,0,0,13,3,16,3,8,25,3,39,6,8,14,53
12/07/2009,MCN,GA,ASO,ES,Federal Contract Tower,0,9,23,0,32,0,0,12,2,14,0,9,35,2,46,7,10,17,63
12/08/2009,MCN,GA,ASO,ES,Federal Contract Tower,0,8,18,0,26,0,0,0,0,0,0,8,18,0,26,0,0,0,26
12/09/2009,MCN,GA,ASO,ES,Federal Contract Tower,0,10,14,3,27,0,0,6,0,6,0,10,20,3,33,0,0,0,33
12/10/2009,MCN,GA,ASO,ES,Federal Contract Tower,1,10,33,6,50,0,2,4,0,6,1,12,37,6,56,0,0,0,56
12/11/2009,MCN,GA,ASO,ES,Federal Contract Tower,0,8,28,2,38,0,0,17,5,22,0,8,45,7,60,2,0,2,62
12/12/2009,MCN,GA,ASO,ES,Federal Contract Tower,1,4,1,0,6,0,0,0,0,0,1,4,1,0,6,0,0,0,6
12/13/2009,MCN,GA,ASO,ES,Federal Contract Tower,0,2,14,0,16,0,0,0,0,0,0,2,14,0,16,0,0,0,16
12/14/2009,MCN,GA,ASO,ES,Federal Contract Tower,2,5,16,0,23,0,0,0,0,0,2,5,16,0,23,0,0,0,23
12/15/2009,MCN,GA,ASO,ES,Federal Contract Tower,0,13,17,0,30,0,0,0,0,0,0,13,17,0,30,0,0,0,30
12/16/2009,MCN,GA,ASO,ES,Federal Contract Tower,0,10,23,0,33,0,0,17,4,21,0,10,40,4,54,10,0,10,64
12/17/2009,MCN,GA,ASO,ES,Federal Contract Tower,2,10,31,9,52,0,0,20,3,23,2,10,51,12,75,4,0,4,79
12/18/2009,MCN,GA,ASO,ES,Federal Contract Tower,0,7,14,0,21,0,0,0,0,0,0,7,14,0,21,0,0,0,21
12/19/2009,MCN,GA,ASO,ES,Federal Contract Tower,0,4,7,0,11,0,0,1,4,5,0,4,8,4,16,0,0,0,16
12/20/2009,MCN,GA,ASO,ES,Federal Contract Tower,0,4,14,0,18,0,2,2,2,6,0,6,16,2,24,0,0,0,24
12/21/2009,MCN,GA,ASO,ES,Federal Contract Tower,0,14,15,4,33,0,0,14,0,14,0,14,29,4,47,0,0,0,47
12/22/2009,MCN,GA,ASO,ES,Federal Contract Tower,1,10,17,0,28,0,0,13,2,15,1,10,30,2,43,8,8,16,59
12/23/2009,MCN,GA,ASO,ES,Federal Contract Tower,0,11,23,0,34,0,0,11,8,19,0,11,34,8,53,0,14,14,67
12/24/2009,MCN,GA,ASO,ES,Federal Contract Tower,0,10,4,0,14,0,0,0,0,0,0,10,4,0,14,0,0,0,14
12/25/2009,MCN,GA,ASO,ES,Federal Contract Tower,0,6,7,0,13,0,0,2,0,2,0,6,9,0,15,0,0,0,15
12/26/2009,MCN,GA,ASO,ES,Federal Contract Tower,0,8,39,0,47,0,0,0,0,0,0,8,39,0,47,6,0,6,53
12/27/2009,MCN,GA,ASO,ES,Federal Contract Tower,0,6,19,2,27,0,0,11,0,11,0,6,30,2,38,0,0,0,38
12/28/2009,MCN,GA,ASO,ES,Federal Contract Tower,0,11,9,0,20,0,0,0,0,0,0,11,9,0,20,2,4,6,26
12/29/2009,MCN,GA,ASO,ES,Federal Contract Tower,0,10,13,0,23,0,0,25,0,25,0,10,38,0,48,8,0,8,56
12/30/2009,MCN,GA,ASO,ES,Federal Contract Tower,0,10,11,0,21,0,0,9,2,11,0,10,20,2,32,4,4,8,40
12/31/2009,MCN,GA,ASO,ES,Federal Contract Tower,0,12,12,0,24,0,0,0,0,0,0,12,12,0,24,0,0,0,24
01/01/2010,MCN,GA,ASO,ES,Federal Contract Tower,0,6,18,0,24,0,0,1,0,1,0,6,19,0,25,0,0,0,25
01/02/2010,MCN,GA,ASO,ES,Federal Contract Tower,0,7,27,0,34,0,0,3,0,3,0,7,30,0,37,0,0,0,37
01/03/2010,MCN,GA,ASO,ES,Federal Contract Tower,0,7,24,0,31,0,0,15,0,15,0,7,39,0,46,10,0,10,56
01/04/2010,MCN,GA,ASO,ES,Federal Contract Tower,0,9,6,0,15,0,0,5,0,5,0,9,11,0,20,0,0,0,20
01/05/2010,MCN,GA,ASO,ES,Federal Contract Tower,2,10,20,0,32,0,0,11,2,13,2,10,31,2,45,8,2,10,55
01/06/2010,MCN,GA,ASO,ES,Federal Contract Tower,2,10,20,0,32,0,0,5,0,5,2,10,25,0,37,4,0,4,41
01/07/2010,MCN,GA,ASO,ES,Federal Contract Tower,0,8,4,0,12,0,2,13,0,15,0,10,17,0,27,2,0,2,29
01/08/2010,MCN,GA,ASO,ES,Federal Contract Tower,1,10,8,4,23,0,2,2,4,8,1,12,10,8,31,3,0,3,34
01/09/2010,MCN,GA,ASO,ES,Federal Contract Tower,0,6,10,0,16,1,0,10,0,11,1,6,20,0,27,4,0,4,31
01/10/2010,MCN,GA,ASO,ES,Federal Contract Tower,0,6,9,4,19,0,0,7,2,9,0,6,16,6,28,2,0,2,30
01/11/2010,MCN,GA,ASO,ES,Federal Contract Tower,1,12,16,0,29,0,0,15,0,15,1,12,31,0,44,4,0,4,48
01/12/2010,MCN,GA,ASO,ES,Federal Contract Tower,0,10,28,2,40,0,0,17,0,17,0,10,45,2,57,12,0,12,69
01/13/2010,MCN,GA,ASO,ES,Federal Contract Tower,0,14,17,5,36,0,0,35,2,37,0,14,52,7,73,22,0,22,95
01/14/2010,MCN,GA,ASO,ES,Federal Contract Tower,0,11,15,1,27,0,0,16,0,16,0,11,31,1,43,14,0,14,57
01/15/2010,MCN,GA,ASO,ES,Federal Contract Tower,2,10,24,0,36,0,0,6,0,6,2,10,30,0,42,0,0,0,42
01/16/2010,MCN,GA,ASO,ES,Federal Contract Tower,0,4,14,0,18,0,0,0,0,0,0,4,14,0,18,0,0,0,18
01/17/2010,MCN,GA,ASO,ES,Federal Contract Tower,0,4,4,0,8,0,0,1,2,3,0,4,5,2,11,0,0,0,11
01/18/2010,MCN,GA,ASO,ES,Federal Contract Tower,2,8,33,1,44,0,0,19,2,21,2,8,52,3,65,12,0,12,77
01/19/2010,MCN,GA,ASO,ES,Federal Contract Tower,2,12,18,4,36,0,0,22,2,24,2,12,40,6,60,0,0,0,60
01/20/2010,MCN,GA,ASO,ES,Federal Contract Tower,0,13,24,0,37,0,0,15,2,17,0,13,39,2,54,8,0,8,62
01/21/2010,MCN,GA,ASO,ES,Federal Contract Tower,0,10,12,0,22,0,0,0,0,0,0,10,12,0,22,0,0,0,22
01/22/2010,MCN,GA,ASO,ES,Federal Contract Tower,0,12,17,0,29,0,0,0,0,0,0,12,17,0,29,0,0,0,29
01/23/2010,MCN,GA,ASO,ES,Federal Contract Tower,2,6,11,4,23,0,0,0,0,0,2,6,11,4,23,0,0,0,23
01/24/2010,MCN,GA,ASO,ES,Federal Contract Tower,0,3,10,0,13,0,0,1,0,1,0,3,11,0,14,0,0,0,14
01/25/2010,MCN,GA,ASO,ES,Federal Contract Tower,0,11,13,0,24,0,1,13,0,14,0,12,26,0,38,0,0,0,38
01/26/2010,MCN,GA,ASO,ES,Federal Contract Tower,1,10,20,5,36,0,0,15,0,15,1,10,35,5,51,0,0,0,51
01/27/2010,MCN,GA,ASO,ES,Federal Contract Tower,0,15,24,0,39,0,0,33,2,35,0,15,57,2,74,16,0,16,90
01/28/2010,MCN,GA,ASO,ES,Federal Contract Tower,0,10,22,0,32,0,0,18,0,18,0,10,40,0,50,16,0,16,66
01/29/2010,MCN,GA,ASO,ES,Federal Contract Tower,0,7,21,0,28,0,0,9,2,11,0,7,30,2,39,2,0,2,41
01/30/2010,MCN,GA,ASO,ES,Federal Contract Tower,1,1,6,0,8,0,0,0,0,0,1,1,6,0,8,0,0,0,8
01/31/2010,MCN,GA,ASO,ES,Federal Contract Tower,1,6,19,0,26,0,0,8,0,8,1,6,27,0,34,0,0,0,34
02/01/2010,MCN,GA,ASO,ES,Federal Contract Tower,7,15,12,0,34,0,0,18,2,20,7,15,30,2,54,4,0,4,58
02/02/2010,MCN,GA,ASO,ES,Federal Contract Tower,0,16,30,0,46,0,0,0,0,0,0,16,30,0,46,0,0,0,46
02/03/2010,MCN,GA,ASO,ES,Federal Contract Tower,2,10,22,3,37,0,0,24,1,25,2,10,46,4,62,0,0,0,62
02/04/2010,MCN,GA,ASO,ES,Federal Contract Tower,0,9,20,0,29,0,0,1,0,1,0,9,21,0,30,0,0,0,30
02/05/2010,MCN,GA,ASO,ES,Federal Contract Tower,2,9,9,0,20,0,0,0,0,0,2,9,9,0,20,0,0,0,20
02/06/2010,MCN,GA,ASO,ES,Federal Contract Tower,5,2,12,0,19,0,0,3,0,3,5,2,15,0,22,10,0,10,32
02/07/2010,MCN,GA,ASO,ES,Federal Contract Tower,1,6,13,0,20,0,0,19,2,21,1,6,32,2,41,12,6,18,59
02/08/2010,MCN,GA,ASO,ES,Federal Contract Tower,1,11,27,8,47,0,0,30,4,34,1,11,57,12,81,18,8,26,107
02/09/2010,MCN,GA,ASO,ES,Federal Contract Tower,2,12,10,4,28,0,0,2,0,2,2,12,12,4,30,6,0,6,36
02/10/2010,MCN,GA,ASO,ES,Federal Contract Tower,0,14,12,0,26,0,0,7,0,7,0,14,19,0,33,0,0,0,33
02/11/2010,MCN,GA,ASO,ES,Federal Contract Tower,0,8,19,4,31,0,0,20,0,20,0,8,39,4,51,4,0,4,55
02/12/2010,MCN,GA,ASO,ES,Federal Contract Tower,2,4,13,0,19,0,0,1,0,1,2,4,14,0,20,0,0,0,20
02/13/2010,MCN,GA,ASO,ES,Federal Contract Tower,0,9,9,2,20,0,0,14,0,14,0,9,23,2,34,2,0,2,36
02/14/2010,MCN,GA,ASO,ES,Federal Contract Tower,1,4,6,0,11,0,0,17,0,17,1,4,23,0,28,28,0,28,56
02/15/2010,MCN,GA,ASO,ES,Federal Contract Tower,0,6,7,0,13,0,0,4,0,4,0,6,11,0,17,2,0,2,19
02/16/2010,MCN,GA,ASO,ES,Federal Contract Tower,0,4,20,2,26,0,0,9,0,9,0,4,29,2,35,0,0,0,35
02/17/2010,MCN,GA,ASO,ES,Federal Contract Tower,0,8,23,0,31,0,2,15,1,18,0,10,38,1,49,6,0,6,55
02/18/2010,MCN,GA,ASO,ES,Federal Contract Tower,0,8,17,0,25,0,0,21,4,25,0,8,38,4,50,0,2,2,52
02/19/2010,MCN,GA,ASO,ES,Federal Contract Tower,1,10,17,5,33,0,0,20,3,23,1,10,37,8,56,2,0,2,58
02/20/2010,MCN,GA,ASO,ES,Federal Contract Tower,0,6,15,0,21,0,0,14,1,15,0,6,29,1,36,14,0,14,50
02/21/2010,MCN,GA,ASO,ES,Federal Contract Tower,1,7,26,2,36,0,0,28,2,30,1,7,54,4,66,0,0,0,66
02/22/2010,MCN,GA,ASO,ES,Federal Contract Tower,2,9,9,0,20,0,0,0,0,0,2,9,9,0,20,0,0,0,20
02/23/2010,MCN,GA,ASO,ES,Federal Contract Tower,1,9,29,0,39,0,0,10,0,10,1,9,39,0,49,3,0,3,52
02/24/2010,MCN,GA,ASO,ES,Federal Contract Tower,1,13,29,0,43,0,0,3,0,3,1,13,32,0,46,2,0,2,48
02/25/2010,MCN,GA,ASO,ES,Federal Contract Tower,0,13,23,0,36,0,0,8,0,8,0,13,31,0,44,2,0,2,46
02/26/2010,MCN,GA,ASO,ES,Federal Contract Tower,1,10,21,1,33,0,0,22,0,22,1,10,43,1,55,10,0,10,65
02/27/2010,MCN,GA,ASO,ES,Federal Contract Tower,0,6,17,6,29,0,0,14,3,17,0,6,31,9,46,6,14,20,66
02/28/2010,MCN,GA,ASO,ES,Federal Contract Tower,0,6,18,0,24,0,0,27,0,27,0,6,45,0,51,0,0,0,51
03/01/2010,MCN,GA,ASO,ES,Federal Contract Tower,0,10,17,2,29,0,0,21,0,21,0,10,38,2,50,14,0,14,64
03/02/2010,MCN,GA,ASO,ES,Federal Contract Tower,0,7,11,0,18,0,0,0,0,0,0,7,11,0,18,0,0,0,18
03/03/2010,MCN,GA,ASO,ES,Federal Contract Tower,0,6,18,0,24,0,0,10,0,10,0,6,28,0,34,10,0,10,44
03/04/2010,MCN,GA,ASO,ES,Federal Contract Tower,0,12,19,0,31,0,0,8,3,11,0,12,27,3,42,4,0,4,46
03/05/2010,MCN,GA,ASO,ES,Federal Contract Tower,0,10,27,4,41,0,0,21,0,21,0,10,48,4,62,10,4,14,76
03/06/2010,MCN,GA,ASO,ES,Federal Contract Tower,0,5,35,2,42,0,0,31,9,40,0,5,66,11,82,4,0,4,86
03/07/2010,MCN,GA,ASO,ES,Federal Contract Tower,1,8,11,0,20,0,0,17,3,20,1,8,28,3,40,2,0,2,42
03/08/2010,MCN,GA,ASO,ES,Federal Contract Tower,0,9,20,0,29,0,0,23,0,23,0,9,43,0,52,4,0,4,56
03/09/2010,MCN,GA,ASO,ES,Federal Contract Tower,0,10,18,7,35,0,0,14,2,16,0,10,32,9,51,0,0,0,51
03/10/2010,MCN,GA,ASO,ES,Federal Contract Tower,0,9,22,0,31,0,0,0,0,0,0,9,22,0,31,0,0,0,31
03/11/2010,MCN,GA,ASO,ES,Federal Contract Tower,0,10,20,0,30,0,0,1,0,1,0,10,21,0,31,0,0,0,31
03/12/2010,MCN,GA,ASO,ES,Federal Contract Tower,4,5,16,2,27,0,0,0,0,0,4,5,16,2,27,0,0,0,27
03/13/2010,MCN,GA,ASO,ES,Federal Contract Tower,0,4,13,0,17,0,0,7,3,10,0,4,20,3,27,0,0,0,27
03/14/2010,MCN,GA,ASO,ES,Federal Contract Tower,0,9,23,0,32,0,0,12,0,12,0,9,35,0,44,4,0,4,48
03/15/2010,MCN,GA,ASO,ES,Federal Contract Tower,3,11,15,0,29,0,0,6,0,6,3,11,21,0,35,2,0,2,37
03/16/2010,MCN,GA,ASO,ES,Federal Contract Tower,1,13,19,4,37,0,0,18,0,18,1,13,37,4,55,0,0,0,55
03/17/2010,MCN,GA,ASO,ES,Federal Contract Tower,0,8,17,6,31,0,0,0,0,0,0,8,17,6,31,0,0,0,31
03/18/2010,MCN,GA,ASO,ES,Federal Contract Tower,0,15,29,0,44,0,0,6,7,13,0,15,35,7,57,2,0,2,59
03/19/2010,MCN,GA,ASO,ES,Federal Contract Tower,0,7,40,6,53,0,0,25,2,27,0,7,65,8,80,12,0,12,92
03/20/2010,MCN,GA,ASO,ES,Federal Contract Tower,0,6,18,1,25,0,0,10,16,26,0,6,28,17,51,0,0,0,51
03/21/2010,MCN,GA,ASO,ES,Federal Contract Tower,0,4,12,2,18,0,0,0,4,4,0,4,12,6,22,0,0,0,22
03/22/2010,MCN,GA,ASO,ES,Federal Contract Tower,0,14,14,2,30,0,0,7,4,11,0,14,21,6,41,2,0,2,43
03/23/2010,MCN,GA,ASO,ES,Federal Contract Tower,0,10,25,0,35,0,0,10,0,10,0,10,35,0,45,4,0,4,49
03/24/2010,MCN,GA,ASO,ES,Federal Contract Tower,2,7,30,1,40,0,0,38,0,38,2,7,68,1,78,10,0,10,88
03/25/2010,MCN,GA,ASO,ES,Federal Contract Tower,1,12,15,2,30,0,0,15,2,17,1,12,30,4,47,0,0,0,47
03/26/2010,MCN,GA,ASO,ES,Federal Contract Tower,2,18,31,0,51,0,0,3,0,3,2,18,34,0,54,0,0,0,54
03/27/2010,MCN,GA,ASO,ES,Federal Contract Tower,0,8,11,2,21,0,0,6,8,14,0,8,17,10,35,0,0,0,35
03/28/2010,MCN,GA,ASO,ES,Federal Contract Tower,2,6,16,2,26,2,0,3,9,14,4,6,19,11,40,6,0,6,46
03/29/2010,MCN,GA,ASO,ES,Federal Contract Tower,2,10,17,0,29,0,0,7,0,7,2,10,24,0,36,0,0,0,36
03/30/2010,MCN,GA,ASO,ES,Federal Contract Tower,0,10,21,0,31,0,0,18,0,18,0,10,39,0,49,4,0,4,53
03/31/2010,MCN,GA,ASO,ES,Federal Contract Tower,0,10,28,4,42,0,0,16,1,17,0,10,44,5,59,0,0,0,59
04/01/2010,MCN,GA,ASO,ES,Federal Contract Tower,0,13,16,8,37,0,0,9,0,9,0,13,25,8,46,2,0,2,48
04/02/2010,MCN,GA,ASO,ES,Federal Contract Tower,1,10,23,4,38,0,2,23,0,25,1,12,46,4,63,0,0,0,63
04/03/2010,MCN,GA,ASO,ES,Federal Contract Tower,0,6,8,0,14,0,0,14,0,14,0,6,22,0,28,0,0,0,28
04/04/2010,MCN,GA,ASO,ES,Federal Contract Tower,0,7,18,0,25,0,0,13,1,14,0,7,31,1,39,2,0,2,41
04/05/2010,MCN,GA,ASO,ES,Federal Contract Tower,0,8,12,0,20,0,1,24,2,27,0,9,36,2,47,22,0,22,69
04/06/2010,MCN,GA,ASO,ES,Federal Contract Tower,0,11,34,0,45,0,0,19,0,19,0,11,53,0,64,8,0,8,72
04/07/2010,MCN,GA,ASO,ES,Federal Contract Tower,0,13,17,5,35,0,0,20,0,20,0,13,37,5,55,4,0,4,59
04/08/2010,MCN,GA,ASO,ES,Federal Contract Tower,3,12,11,0,26,0,0,2,0,2,3,12,13,0,28,0,0,0,28
04/09/2010,MCN,GA,ASO,ES,Federal Contract Tower,0,12,16,0,28,0,0,11,0,11,0,12,27,0,39,2,0,2,41
04/10/2010,MCN,GA,ASO,ES,Federal Contract Tower,0,6,14,0,20,0,0,9,4,13,0,6,23,4,33,2,0,2,35
04/11/2010,MCN,GA,ASO,ES,Federal Contract Tower,1,4,10,2,17,0,0,21,0,21,1,4,31,2,38,6,0,6,44
04/12/2010,MCN,GA,ASO,ES,Federal Contract Tower,1,5,22,0,28,0,0,27,0,27,1,5,49,0,55,4,0,4,59
04/13/2010,MCN,GA,ASO,ES,Federal Contract Tower,0,10,26,4,40,0,0,13,0,13,0,10,39,4,53,0,0,0,53
04/14/2010,MCN,GA,ASO,ES,Federal Contract Tower,1,12,28,6,47,0,0,22,3,25,1,12,50,9,72,0,6,6,78
04/15/2010,MCN,GA,ASO,ES,Federal Contract Tower,0,10,27,0,37,0,0,20,0,20,0,10,47,0,57,4,0,4,61
04/16/2010,MCN,GA,ASO,ES,Federal Contract Tower,0,12,16,6,34,0,2,26,1,29,0,14,42,7,63,12,0,12,75
04/17/2010,MCN,GA,ASO,ES,Federal Contract Tower,0,6,14,0,20,0,0,15,0,15,0,6,29,0,35,0,0,0,35
04/18/2010,MCN,GA,ASO,ES,Federal Contract Tower,0,10,20,1,31,0,0,16,1,17,0,10,36,2,48,10,0,10,58
04/19/2010,MCN,GA,ASO,ES,Federal Contract Tower,0,9,21,2,32,0,0,10,0,10,0,9,31,2,42,12,0,12,54
04/20/2010,MCN,GA,ASO,ES,Federal Contract Tower,0,12,20,0,32,0,0,2,0,2,0,12,22,0,34,0,0,0,34
04/21/2010,MCN,GA,ASO,ES,Federal Contract Tower,0,12,22,6,40,0,0,17,3,20,0,12,39,9,60,6,0,6,66
04/22/2010,MCN,GA,ASO,ES,Federal Contract Tower,0,11,34,0,45,0,0,13,0,13,0,11,47,0,58,4,0,4,62
04/23/2010,MCN,GA,ASO,ES,Federal Contract Tower,1,14,38,10,63,0,0,37,0,37,1,14,75,10,100,14,0,14,114
04/24/2010,MCN,GA,ASO,ES,Federal Contract Tower,0,2,3,0,5,0,0,0,0,0,0,2,3,0,5,0,0,0,5
04/25/2010,MCN,GA,ASO,ES,Federal Contract Tower,0,5,9,4,18,0,0,3,6,9,0,5,12,10,27,0,0,0,27
04/26/2010,MCN,GA,ASO,ES,Federal Contract Tower,0,15,20,0,35,0,0,5,0,5,0,15,25,0,40,0,0,0,40
04/27/2010,MCN,GA,ASO,ES,Federal Contract Tower,2,14,20,0,36,0,0,6,0,6,2,14,26,0,42,0,0,0,42
04/28/2010,MCN,GA,ASO,ES,Federal Contract Tower,0,10,19,0,29,0,0,15,0,15,0,10,34,0,44,0,0,0,44
04/29/2010,MCN,GA,ASO,ES,Federal Contract Tower,0,9,28,2,39,0,0,37,3,40,0,9,65,5,79,38,0,38,117
04/30/2010,MCN,GA,ASO,ES,Federal Contract Tower,2,12,27,2,43,0,2,8,0,10,2,14,35,2,53,0,0,0,53
05/01/2010,MCN,GA,ASO,ES,Federal Contract Tower,2,2,10,4,18,0,2,3,2,7,2,4,13,6,25,0,0,0,25
05/02/2010,MCN,GA,ASO,ES,Federal Contract Tower,0,4,16,5,25,0,0,2,1,3,0,4,18,6,28,0,0,0,28
05/03/2010,MCN,GA,ASO,ES,Federal Contract Tower,0,8,11,0,19,0,0,2,0,2,0,8,13,0,21,4,0,4,25
05/04/2010,MCN,GA,ASO,ES,Federal Contract Tower,0,9,24,2,35,0,0,10,0,10,0,9,34,2,45,12,0,12,57
05/05/2010,MCN,GA,ASO,ES,Federal Contract Tower,0,8,35,0,43,0,0,10,0,10,0,8,45,0,53,8,0,8,61
05/06/2010,MCN,GA,ASO,ES,Federal Contract Tower,0,12,21,0,33,0,0,16,0,16,0,12,37,0,49,2,0,2,51
05/07/2010,MCN,GA,ASO,ES,Federal Contract Tower,0,13,22,1,36,0,0,10,3,13,0,13,32,4,49,4,0,4,53
05/08/2010,MCN,GA,ASO,ES,Federal Contract Tower,0,4,13,0,17,0,0,24,8,32,0,4,37,8,49,0,4,4,53
05/09/2010,MCN,GA,ASO,ES,Federal Contract Tower,0,3,19,0,22,0,0,15,2,17,0,3,34,2,39,4,0,4,43
05/10/2010,MCN,GA,ASO,ES,Federal Contract Tower,2,7,13,2,24,0,0,25,0,25,2,7,38,2,49,22,0,22,71
05/11/2010,MCN,GA,ASO,ES,Federal Contract Tower,0,8,36,0,44,0,2,30,8,40,0,10,66,8,84,10,6,16,100
05/12/2010,MCN,GA,ASO,ES,Federal Contract Tower,0,5,32,0,37,0,2,9,5,16,0,7,41,5,53,8,4,12,65
05/13/2010,MCN,GA,ASO,ES,Federal Contract Tower,1,7,11,3,22,0,0,18,6,24,1,7,29,9,46,18,0,18,64
05/14/2010,MCN,GA,ASO,ES,Federal Contract Tower,0,4,36,0,40,0,0,16,1,17,0,4,52,1,57,2,0,2,59
05/15/2010,MCN,GA,ASO,ES,Federal Contract Tower,1,3,17,2,23,0,0,15,0,15,1,3,32,2,38,18,0,18,56
05/16/2010,MCN,GA,ASO,ES,Federal Contract Tower,0,7,8,2,17,0,0,9,0,9,0,7,17,2,26,0,0,0,26
05/17/2010,MCN,GA,ASO,ES,Federal Contract Tower,2,7,17,2,28,0,0,3,2,5,2,7,20,4,33,0,0,0,33
05/18/2010,MCN,GA,ASO,ES,Federal Contract Tower,1,8,20,0,29,0,0,5,0,5,1,8,25,0,34,6,0,6,40
05/19/2010,MCN,GA,ASO,ES,Federal Contract Tower,1,8,21,0,30,0,0,23,0,23,1,8,44,0,53,16,0,16,69
05/20/2010,MCN,GA,ASO,ES,Federal Contract Tower,1,15,28,0,44,0,0,13,0,13,1,15,41,0,57,2,0,2,59
05/21/2010,MCN,GA,ASO,ES,Federal Contract Tower,0,12,21,5,38,0,0,1,2,3,0,12,22,7,41,0,0,0,41
05/22/2010,MCN,GA,ASO,ES,Federal Contract Tower,0,9,11,0,20,0,0,5,0,5,0,9,16,0,25,0,0,0,25
05/23/2010,MCN,GA,ASO,ES,Federal Contract Tower,1,6,17,2,26,0,0,12,1,13,1,6,29,3,39,2,0,2,41
05/24/2010,MCN,GA,ASO,ES,Federal Contract Tower,2,12,17,0,31,0,0,13,0,13,2,12,30,0,44,0,0,0,44
05/25/2010,MCN,GA,ASO,ES,Federal Contract Tower,0,10,18,0,28,0,0,6,0,6,0,10,24,0,34,10,0,10,44
05/26/2010,MCN,GA,ASO,ES,Federal Contract Tower,0,11,19,1,31,0,0,15,2,17,0,11,34,3,48,0,2,2,50
05/27/2010,MCN,GA,ASO,ES,Federal Contract Tower,0,11,18,3,32,0,0,23,6,29,0,11,41,9,61,14,8,22,83
05/28/2010,MCN,GA,ASO,ES,Federal Contract Tower,3,10,17,0,30,0,0,17,0,17,3,10,34,0,47,2,0,2,49
05/29/2010,MCN,GA,ASO,ES,Federal Contract Tower,2,6,12,0,20,0,2,6,0,8,2,8,18,0,28,0,0,0,28
05/30/2010,MCN,GA,ASO,ES,Federal Contract Tower,0,6,8,0,14,0,0,1,0,1,0,6,9,0,15,0,0,0,15
05/31/2010,MCN,GA,ASO,ES,Federal Contract Tower,0,6,15,0,21,0,0,2,0,2,0,6,17,0,23,0,0,0,23
06/01/2010,MCN,GA,ASO,ES,Federal Contract Tower,0,16,22,0,38,0,0,3,0,3,0,16,25,0,41,0,0,0,41
06/02/2010,MCN,GA,ASO,ES,Federal Contract Tower,0,9,14,0,23,0,0,19,0,19,0,9,33,0,42,6,0,6,48
06/03/2010,MCN,GA,ASO,ES,Federal Contract Tower,1,10,17,0,28,0,0,10,2,12,1,10,27,2,40,2,0,2,42
06/04/2010,MCN,GA,ASO,ES,Federal Contract Tower,0,10,29,4,43,0,0,22,4,26,0,10,51,8,69,24,2,26,95
06/05/2010,MCN,GA,ASO,ES,Federal Contract Tower,0,6,4,0,10,0,0,4,2,6,0,6,8,2,16,0,0,0,16
06/06/2010,MCN,GA,ASO,ES,Federal Contract Tower,0,5,7,0,12,0,0,12,1,13,0,5,19,1,25,0,0,0,25
06/07/2010,MCN,GA,ASO,ES,Federal Contract Tower,0,10,7,5,22,0,0,7,2,9,0,10,14,7,31,12,2,14,45
06/08/2010,MCN,GA,ASO,ES,Federal Contract Tower,0,11,27,12,50,0,0,23,2,25,0,11,50,14,75,14,0,14,89
06/09/2010,MCN,GA,ASO,ES,Federal Contract Tower,0,11,18,2,31,0,2,29,0,31,0,13,47,2,62,22,0,22,84
06/10/2010,MCN,GA,ASO,ES,Federal Contract Tower,0,2,26,18,46,0,0,18,2,20,0,2,44,20,66,0,0,0,66
06/11/2010,MCN,GA,ASO,ES,Federal Contract Tower,0,9,25,2,36,0,0,18,0,18,0,9,43,2,54,2,0,2,56
06/12/2010,MCN,GA,ASO,ES,Federal Contract Tower,0,6,9,0,15,0,0,19,1,20,0,6,28,1,35,6,0,6,41
06/13/2010,MCN,GA,ASO,ES,Federal Contract Tower,0,5,14,2,21,0,0,17,0,17,0,5,31,2,38,4,0,4,42
06/14/2010,MCN,GA,ASO,ES,Federal Contract Tower,0,12,11,0,23,0,0,11,0,11,0,12,22,0,34,0,0,0,34
06/15/2010,MCN,GA,ASO,ES,Federal Contract Tower,3,9,16,0,28,0,0,17,0,17,3,9,33,0,45,2,0,2,47
06/16/2010,MCN,GA,ASO,ES,Federal Contract Tower,1,7,26,0,34,0,0,13,0,13,1,7,39,0,47,8,0,8,55
06/17/2010,MCN,GA,ASO,ES,Federal Contract Tower,3,13,11,2,29,0,0,7,0,7,3,13,18,2,36,12,0,12,48
06/18/2010,MCN,GA,ASO,ES,Federal Contract Tower,0,8,24,13,45,0,0,18,3,21,0,8,42,16,66,4,0,4,70
06/19/2010,MCN,GA,ASO,ES,Federal Contract Tower,0,4,18,0,22,0,0,8,2,10,0,4,26,2,32,8,0,8,40
06/20/2010,MCN,GA,ASO,ES,Federal Contract Tower,3,9,18,1,31,0,0,8,1,9,3,9,26,2,40,10,0,10,50
06/21/2010,MCN,GA,ASO,ES,Federal Contract Tower,0,9,16,0,25,0,2,23,2,27,0,11,39,2,52,16,0,16,68
06/22/2010,MCN,GA,ASO,ES,Federal Contract Tower,1,13,22,0,36,0,0,8,0,8,1,13,30,0,44,0,0,0,44
06/23/2010,MCN,GA,ASO,ES,Federal Contract Tower,0,10,12,2,24,0,0,16,0,16,0,10,28,2,40,0,0,0,40
06/24/2010,MCN,GA,ASO,ES,Federal Contract Tower,0,12,21,0,33,0,0,25,4,29,0,12,46,4,62,24,6,30,92
06/25/2010,MCN,GA,ASO,ES,Federal Contract Tower,1,10,21,0,32,0,0,18,2,20,1,10,39,2,52,0,0,0,52
06/26/2010,MCN,GA,ASO,ES,Federal Contract Tower,0,6,8,0,14,0,0,14,0,14,0,6,22,0,28,4,0,4,32
06/27/2010,MCN,GA,ASO,ES,Federal Contract Tower,0,7,14,0,21,0,0,9,0,9,0,7,23,0,30,0,0,0,30
06/28/2010,MCN,GA,ASO,ES,Federal Contract Tower,0,13,14,0,27,0,0,18,2,20,0,13,32,2,47,2,0,2,49
06/29/2010,MCN,GA,ASO,ES,Federal Contract Tower,0,12,28,0,40,0,0,20,0,20,0,12,48,0,60,28,0,28,88
06/30/2010,MCN,GA,ASO,ES,Federal Contract Tower,0,6,19,0,25,0,0,9,0,9,0,6,28,0,34,2,0,2,36
07/01/2010,MCN,GA,ASO,ES,Federal Contract Tower,0,9,34,0,43,0,0,5,0,5,0,9,39,0,48,4,0,4,52
07/02/2010,MCN,GA,ASO,ES,Federal Contract Tower,0,8,15,0,23,2,0,17,0,19,2,8,32,0,42,12,0,12,54
07/03/2010,MCN,GA,ASO,ES,Federal Contract Tower,1,6,21,0,28,0,0,16,0,16,1,6,37,0,44,0,0,0,44
07/04/2010,MCN,GA,ASO,ES,Federal Contract Tower,0,6,3,3,12,0,0,15,0,15,0,6,18,3,27,18,6,24,51
07/05/2010,MCN,GA,ASO,ES,Federal Contract Tower,0,8,13,0,21,0,0,18,4,22,0,8,31,4,43,4,14,18,61
07/06/2010,MCN,GA,ASO,ES,Federal Contract Tower,0,10,24,0,34,0,3,11,1,15,0,13,35,1,49,6,0,6,55
07/07/2010,MCN,GA,ASO,ES,Federal Contract Tower,0,9,36,3,48,0,0,25,1,26,0,9,61,4,74,16,0,16,90
07/08/2010,MCN,GA,ASO,ES,Federal Contract Tower,2,12,24,0,38,0,2,17,2,21,2,14,41,2,59,0,0,0,59
07/09/2010,MCN,GA,ASO,ES,Federal Contract Tower,1,15,15,7,38,0,0,10,10,20,1,15,25,17,58,2,0,2,60
07/10/2010,MCN,GA,ASO,ES,Federal Contract Tower,0,6,10,0,16,0,0,8,0,8,0,6,18,0,24,8,0,8,32
07/11/2010,MCN,GA,ASO,ES,Federal Contract Tower,0,6,6,1,13,0,0,21,5,26,0,6,27,6,39,20,0,20,59
07/12/2010,MCN,GA,ASO,ES,Federal Contract Tower,1,13,11,0,25,0,0,0,0,0,1,13,11,0,25,0,0,0,25
07/13/2010,MCN,GA,ASO,ES,Federal Contract Tower,2,9,16,0,27,0,0,15,0,15,2,9,31,0,42,6,0,6,48
07/14/2010,MCN,GA,ASO,ES,Federal Contract Tower,1,13,8,0,22,0,0,16,0,16,1,13,24,0,38,12,0,12,50
07/15/2010,MCN,GA,ASO,ES,Federal Contract Tower,3,12,19,3,37,0,0,25,1,26,3,12,44,4,63,30,0,30,93
07/16/2010,MCN,GA,ASO,ES,Federal Contract Tower,0,11,25,2,38,0,0,16,0,16,0,11,41,2,54,6,0,6,60
07/17/2010,MCN,GA,ASO,ES,Federal Contract Tower,0,6,1,0,7,0,2,2,0,4,0,8,3,0,11,2,0,2,13
07/18/2010,MCN,GA,ASO,ES,Federal Contract Tower,0,6,8,0,14,0,0,5,0,5,0,6,13,0,19,8,0,8,27
07/19/2010,MCN,GA,ASO,ES,Federal Contract Tower,1,13,14,1,29,0,0,11,2,13,1,13,25,3,42,0,0,0,42
07/20/2010,MCN,GA,ASO,ES,Federal Contract Tower,0,11,5,0,16,0,0,16,0,16,0,11,21,0,32,4,0,4,36
07/21/2010,MCN,GA,ASO,ES,Federal Contract Tower,0,12,26,1,39,0,2,18,1,21,0,14,44,2,60,2,0,2,62
07/22/2010,MCN,GA,ASO,ES,Federal Contract Tower,1,10,17,5,33,0,1,13,4,18,1,11,30,9,51,2,2,4,55
07/23/2010,MCN,GA,ASO,ES,Federal Contract Tower,4,8,24,0,36,0,1,22,2,25,4,9,46,2,61,16,0,16,77
07/24/2010,MCN,GA,ASO,ES,Federal Contract Tower,0,6,7,0,13,0,2,19,1,22,0,8,26,1,35,2,0,2,37
07/25/2010,MCN,GA,ASO,ES,Federal Contract Tower,0,7,25,0,32,0,0,14,1,15,0,7,39,1,47,22,0,22,69
07/26/2010,MCN,GA,ASO,ES,Federal Contract Tower,0,10,17,0,27,0,0,8,0,8,0,10,25,0,35,6,0,6,41
07/27/2010,MCN,GA,ASO,ES,Federal Contract Tower,0,11,23,0,34,0,0,23,0,23,0,11,46,0,57,4,0,4,61
07/28/2010,MCN,GA,ASO,ES,Federal Contract Tower,0,4,12,0,16,0,0,13,0,13,0,4,25,0,29,8,0,8,37
07/29/2010,MCN,GA,ASO,ES,Federal Contract Tower,0,9,26,0,35,0,0,28,0,28,0,9,54,0,63,12,0,12,75
07/30/2010,MCN,GA,ASO,ES,Federal Contract Tower,1,11,34,0,46,0,1,14,9,24,1,12,48,9,70,2,0,2,72
07/31/2010,MCN,GA,ASO,ES,Federal Contract Tower,0,5,9,0,14,0,2,23,0,25,0,7,32,0,39,14,0,14,53
08/01/2010,MCN,GA,ASO,ES,Federal Contract Tower,0,6,21,0,27,0,0,6,2,8,0,6,27,2,35,0,0,0,35
08/02/2010,MCN,GA,ASO,ES,Federal Contract Tower,1,12,41,0,54,0,2,8,0,10,1,14,49,0,64,8,0,8,72
08/03/2010,MCN,GA,ASO,ES,Federal Contract Tower,0,7,19,0,26,0,0,9,0,9,0,7,28,0,35,8,0,8,43
08/04/2010,MCN,GA,ASO,ES,Federal Contract Tower,0,12,15,0,27,0,0,9,6,15,0,12,24,6,42,16,0,16,58
08/05/2010,MCN,GA,ASO,ES,Federal Contract Tower,0,9,13,28,50,0,0,14,2,16,0,9,27,30,66,4,0,4,70
08/06/2010,MCN,GA,ASO,ES,Federal Contract Tower,1,10,23,0,34,0,0,9,0,9,1,10,32,0,43,4,0,4,47
08/07/2010,MCN,GA,ASO,ES,Federal Contract Tower,2,6,13,6,27,0,0,14,4,18,2,6,27,10,45,8,0,8,53
08/08/2010,MCN,GA,ASO,ES,Federal Contract Tower,1,7,15,0,23,0,0,12,4,16,1,7,27,4,39,2,0,2,41
08/09/2010,MCN,GA,ASO,ES,Federal Contract Tower,3,10,9,0,22,0,0,23,0,23,3,10,32,0,45,20,0,20,65
08/10/2010,MCN,GA,ASO,ES,Federal Contract Tower,1,10,26,2,39,0,0,24,2,26,1,10,50,4,65,2,0,2,67
08/11/2010,MCN,GA,ASO,ES,Federal Contract Tower,2,12,8,0,22,0,0,16,2,18,2,12,24,2,40,2,0,2,42
08/12/2010,MCN,GA,ASO,ES,Federal Contract Tower,1,10,15,6,32,0,0,9,5,14,1,10,24,11,46,2,0,2,48
08/13/2010,MCN,GA,ASO,ES,Federal Contract Tower,1,12,26,4,43,0,0,7,1,8,1,12,33,5,51,2,0,2,53
08/14/2010,MCN,GA,ASO,ES,Federal Contract Tower,0,9,11,1,21,0,0,8,0,8,0,9,19,1,29,2,0,2,31
08/15/2010,MCN,GA,ASO,ES,Federal Contract Tower,0,8,23,0,31,0,0,3,0,3,0,8,26,0,34,0,0,0,34
08/16/2010,MCN,GA,ASO,ES,Federal Contract Tower,1,11,21,6,39,0,0,5,1,6,1,11,26,7,45,0,0,0,45
08/17/2010,MCN,GA,ASO,ES,Federal Contract Tower,1,11,27,8,47,0,0,10,0,10,1,11,37,8,57,16,0,16,73
08/18/2010,MCN,GA,ASO,ES,Federal Contract Tower,1,14,29,0,44,0,0,18,12,30,1,14,47,12,74,4,0,4,78
08/19/2010,MCN,GA,ASO,ES,Federal Contract Tower,0,8,26,0,34,0,0,6,2,8,0,8,32,2,42,0,0,0,42
08/20/2010,MCN,GA,ASO,ES,Federal Contract Tower,0,13,17,4,34,0,0,13,2,15,0,13,30,6,49,2,0,2,51
08/21/2010,MCN,GA,ASO,ES,Federal Contract Tower,0,6,24,1,31,0,0,5,1,6,0,6,29,2,37,2,0,2,39
08/22/2010,MCN,GA,ASO,ES,Federal Contract Tower,0,8,4,1,13,0,0,15,3,18,0,8,19,4,31,24,0,24,55
08/23/2010,MCN,GA,ASO,ES,Federal Contract Tower,0,10,23,0,33,0,1,6,12,19,0,11,29,12,52,10,0,10,62
08/24/2010,MCN,GA,ASO,ES,Federal Contract Tower,0,9,27,0,36,0,1,12,2,15,0,10,39,2,51,2,0,2,53
08/25/2010,MCN,GA,ASO,ES,Federal Contract Tower,0,10,22,2,34,0,0,10,2,12,0,10,32,4,46,2,0,2,48
08/26/2010,MCN,GA,ASO,ES,Federal Contract Tower,1,15,24,4,44,0,0,8,0,8,1,15,32,4,52,4,0,4,56
08/27/2010,MCN,GA,ASO,ES,Federal Contract Tower,0,11,24,1,36,0,0,7,2,9,0,11,31,3,45,0,0,0,45
08/28/2010,MCN,GA,ASO,ES,Federal Contract Tower,3,3,3,0,9,0,0,5,0,5,3,3,8,0,14,0,0,0,14
08/29/2010,MCN,GA,ASO,ES,Federal Contract Tower,0,6,20,4,30,0,0,10,0,10,0,6,30,4,40,2,0,2,42
08/30/2010,MCN,GA,ASO,ES,Federal Contract Tower,0,16,23,0,39,0,0,25,2,27,0,16,48,2,66,10,0,10,76
08/31/2010,MCN,GA,ASO,ES,Federal Contract Tower,0,12,25,2,39,0,0,10,0,10,0,12,35,2,49,2,0,2,51
09/01/2010,MCN,GA,ASO,ES,Federal Contract Tower,2,8,20,0,30,0,1,19,3,23,2,9,39,3,53,8,0,8,61
09/02/2010,MCN,GA,ASO,ES,Federal Contract Tower,0,4,14,0,18,0,0,21,2,23,0,4,35,2,41,14,2,16,57
09/03/2010,MCN,GA,ASO,ES,Federal Contract Tower,0,6,39,0,45,0,0,16,2,18,0,6,55,2,63,6,0,6,69
09/04/2010,MCN,GA,ASO,ES,Federal Contract Tower,0,1,3,0,4,0,1,7,10,18,0,2,10,10,22,0,10,10,32
09/05/2010,MCN,GA,ASO,ES,Federal Contract Tower,0,6,7,0,13,0,0,10,0,10,0,6,17,0,23,0,0,0,23
09/06/2010,MCN,GA,ASO,ES,Federal Contract Tower,0,6,10,0,16,0,2,17,3,22,0,8,27,3,38,3,10,13,51
09/07/2010,MCN,GA,ASO,ES,Federal Contract Tower,0,6,14,6,26,0,0,12,0,12,0,6,26,6,38,6,0,6,44
09/08/2010,MCN,GA,ASO,ES,Federal Contract Tower,3,11,14,2,30,0,0,13,0,13,3,11,27,2,43,4,0,4,47
09/09/2010,MCN,GA,ASO,ES,Federal Contract Tower,4,12,25,3,44,0,0,10,5,15,4,12,35,8,59,0,14,14,73
09/10/2010,MCN,GA,ASO,ES,Federal Contract Tower,2,10,16,14,42,0,0,28,9,37,2,10,44,23,79,8,4,12,91
09/11/2010,MCN,GA,ASO,ES,Federal Contract Tower,0,4,5,0,9,0,0,14,0,14,0,4,19,0,23,0,0,0,23
09/12/2010,MCN,GA,ASO,ES,Federal Contract Tower,0,6,11,2,19,0,0,7,4,11,0,6,18,6,30,0,0,0,30
09/13/2010,MCN,GA,ASO,ES,Federal Contract Tower,0,9,29,2,40,0,0,16,0,16,0,9,45,2,56,0,0,0,56
09/14/2010,MCN,GA,ASO,ES,Federal Contract Tower,0,10,35,0,45,0,0,14,0,14,0,10,49,0,59,2,0,2,61
09/15/2010,MCN,GA,ASO,ES,Federal Contract Tower,1,11,19,4,35,0,1,24,0,25,1,12,43,4,60,8,0,8,68
09/16/2010,MCN,GA,ASO,ES,Federal Contract Tower,2,10,19,0,31,0,2,8,0,10,2,12,27,0,41,2,0,2,43
09/17/2010,MCN,GA,ASO,ES,Federal Contract Tower,0,11,24,4,39,0,0,21,4,25,0,11,45,8,64,12,0,12,76
09/18/2010,MCN,GA,ASO,ES,Federal Contract Tower,0,6,6,2,14,0,0,18,0,18,0,6,24,2,32,6,0,6,38
09/19/2010,MCN,GA,ASO,ES,Federal Contract Tower,0,6,18,0,24,0,0,9,0,9,0,6,27,0,33,2,0,2,35
09/20/2010,MCN,GA,ASO,ES,Federal Contract Tower,0,7,5,2,14,0,0,16,2,18,0,7,21,4,32,0,0,0,32
09/21/2010,MCN,GA,ASO,ES,Federal Contract Tower,0,8,11,4,23,0,0,10,2,12,0,8,21,6,35,10,0,10,45
09/22/2010,MCN,GA,ASO,ES,Federal Contract Tower,0,7,21,4,32,0,0,12,0,12,0,7,33,4,44,6,0,6,50
09/23/2010,MCN,GA,ASO,ES,Federal Contract Tower,0,7,26,0,33,0,0,17,0,17,0,7,43,0,50,0,0,0,50
09/24/2010,MCN,GA,ASO,ES,Federal Contract Tower,1,10,26,1,38,0,0,22,1,23,1,10,48,2,61,16,0,16,77
09/25/2010,MCN,GA,ASO,ES,Federal Contract Tower,1,4,10,0,15,0,0,19,2,21,1,4,29,2,36,2,4,6,42
09/26/2010,MCN,GA,ASO,ES,Federal Contract Tower,0,4,18,1,23,0,0,2,0,2,0,4,20,1,25,0,0,0,25
09/27/2010,MCN,GA,ASO,ES,Federal Contract Tower,8,22,0,0,30,0,5,0,0,5,8,27,0,0,35,0,0,0,35
09/28/2010,MCN,GA,ASO,ES,Federal Contract Tower,0,8,33,0,41,0,0,21,2,23,0,8,54,2,64,4,4,8,72
09/29/2010,MCN,GA,ASO,ES,Federal Contract Tower,0,8,17,3,28,0,0,11,1,12,0,8,28,4,40,2,2,4,44
09/30/2010,MCN,GA,ASO,ES,Federal Contract Tower,0,10,16,0,26,0,0,6,2,8,0,10,22,2,34,4,0,4,38
10/01/2010,MCN,GA,ASO,ES,Federal Contract Tower,0,11,18,13,42,0,0,15,3,18,0,11,33,16,60,2,0,2,62
10/02/2010,MCN,GA,ASO,ES,Federal Contract Tower,1,6,16,0,23,0,0,25,0,25,1,6,41,0,48,6,0,6,54
10/03/2010,MCN,GA,ASO,ES,Federal Contract Tower,1,7,9,0,17,0,3,18,2,23,1,10,27,2,40,12,2,14,54
10/04/2010,MCN,GA,ASO,ES,Federal Contract Tower,1,9,12,2,24,0,2,17,2,21,1,11,29,4,45,0,0,0,45
10/05/2010,MCN,GA,ASO,ES,Federal Contract Tower,0,9,14,2,25,0,3,19,0,22,0,12,33,2,47,4,0,4,51
10/06/2010,MCN,GA,ASO,ES,Federal Contract Tower,0,7,21,0,28,0,4,27,5,36,0,11,48,5,64,4,0,4,68
10/07/2010,MCN,GA,ASO,ES,Federal Contract Tower,2,12,10,0,24,0,0,20,2,22,2,12,30,2,46,2,0,2,48
10/08/2010,MCN,GA,ASO,ES,Federal Contract Tower,1,10,24,0,35,0,1,21,1,23,1,11,45,1,58,6,0,6,64
10/09/2010,MCN,GA,ASO,ES,Federal Contract Tower,0,4,24,1,29,0,2,16,0,18,0,6,40,1,47,2,0,2,49
10/10/2010,MCN,GA,ASO,ES,Federal Contract Tower,2,0,14,2,18,0,5,8,0,13,2,5,22,2,31,6,0,6,37
10/11/2010,MCN,GA,ASO,ES,Federal Contract Tower,0,6,16,2,24,0,3,12,0,15,0,9,28,2,39,2,0,2,41
10/12/2010,MCN,GA,ASO,ES,Federal Contract Tower,0,6,26,2,34,0,4,3,0,7,0,10,29,2,41,0,0,0,41
10/13/2010,MCN,GA,ASO,ES,Federal Contract Tower,0,5,28,0,33,0,6,12,0,18,0,11,40,0,51,4,0,4,55
10/14/2010,MCN,GA,ASO,ES,Federal Contract Tower,0,6,27,0,33,0,6,4,4,14,0,12,31,4,47,0,0,0,47
10/15/2010,MCN,GA,ASO,ES,Federal Contract Tower,0,9,24,10,43,0,3,16,0,19,0,12,40,10,62,2,0,2,64
10/16/2010,MCN,GA,ASO,ES,Federal Contract Tower,1,2,6,0,9,0,4,12,5,21,1,6,18,5,30,6,4,10,40
10/17/2010,MCN,GA,ASO,ES,Federal Contract Tower,0,4,13,2,19,0,6,9,4,19,0,10,22,6,38,10,2,12,50
10/18/2010,MCN,GA,ASO,ES,Federal Contract Tower,4,11,15,0,30,0,0,12,0,12,4,11,27,0,42,18,0,18,60
10/19/2010,MCN,GA,ASO,ES,Federal Contract Tower,0,10,23,10,43,0,0,7,4,11,0,10,30,14,54,2,0,2,56
10/20/2010,MCN,GA,ASO,ES,Federal Contract Tower,1,8,10,0,19,0,6,3,0,9,1,14,13,0,28,0,0,0,28
10/21/2010,MCN,GA,ASO,ES,Federal Contract Tower,0,12,29,6,47,0,0,21,3,24,0,12,50,9,71,10,6,16,87
10/22/2010,MCN,GA,ASO,ES,Federal Contract Tower,0,6,28,13,47,0,5,15,9,29,0,11,43,22,76,8,10,18,94
10/23/2010,MCN,GA,ASO,ES,Federal Contract Tower,0,2,16,0,18,0,6,13,3,22,0,8,29,3,40,10,0,10,50
10/24/2010,MCN,GA,ASO,ES,Federal Contract Tower,0,3,26,1,30,0,3,12,7,22,0,6,38,8,52,8,0,8,60
10/25/2010,MCN,GA,ASO,ES,Federal Contract Tower,0,15,14,0,29,0,0,4,0,4,0,15,18,0,33,0,0,0,33
10/26/2010,MCN,GA,ASO,ES,Federal Contract Tower,0,12,24,2,38,0,0,2,0,2,0,12,26,2,40,6,0,6,46
10/27/2010,MCN,GA,ASO,ES,Federal Contract Tower,0,13,25,0,38,0,0,2,0,2,0,13,27,0,40,2,0,2,42
10/28/2010,MCN,GA,ASO,ES,Federal Contract Tower,0,16,44,0,60,0,0,6,0,6,0,16,50,0,66,2,0,2,68
10/29/2010,MCN,GA,ASO,ES,Federal Contract Tower,1,8,20,0,29,0,2,18,5,25,1,10,38,5,54,0,0,0,54
10/30/2010,MCN,GA,ASO,ES,Federal Contract Tower,1,4,13,0,18,0,2,20,4,26,1,6,33,4,44,12,0,12,56
10/31/2010,MCN,GA,ASO,ES,Federal Contract Tower,0,5,15,9,29,0,2,11,4,17,0,7,26,13,46,0,0,0,46
11/01/2010,MCN,GA,ASO,ES,Federal Contract Tower,0,14,20,0,34,0,0,22,0,22,0,14,42,0,56,0,0,0,56
11/02/2010,MCN,GA,ASO,ES,Federal Contract Tower,0,17,22,0,39,0,0,7,4,11,0,17,29,4,50,2,0,2,52
11/03/2010,MCN,GA,ASO,ES,Federal Contract Tower,0,9,22,2,33,0,0,0,0,0,0,9,22,2,33,0,0,0,33
11/04/2010,MCN,GA,ASO,ES,Federal Contract Tower,0,10,30,0,40,0,0,5,2,7,0,10,35,2,47,0,0,0,47
11/05/2010,MCN,GA,ASO,ES,Federal Contract Tower,0,5,23,2,30,0,6,15,4,25,0,11,38,6,55,0,0,0,55
11/06/2010,MCN,GA,ASO,ES,Federal Contract Tower,4,5,13,7,29,3,2,17,3,25,7,7,30,10,54,20,0,20,74
11/07/2010,MCN,GA,ASO,ES,Federal Contract Tower,0,4,10,0,14,0,5,16,3,24,0,9,26,3,38,0,0,0,38
11/08/2010,MCN,GA,ASO,ES,Federal Contract Tower,0,10,17,2,29,0,3,17,2,22,0,13,34,4,51,8,6,14,65
11/09/2010,MCN,GA,ASO,ES,Federal Contract Tower,0,8,22,0,30,0,0,15,0,15,0,8,37,0,45,8,0,8,53
11/10/2010,MCN,GA,ASO,ES,Federal Contract Tower,0,20,19,2,41,0,0,18,1,19,0,20,37,3,60,13,0,13,73
11/11/2010,MCN,GA,ASO,ES,Federal Contract Tower,2,8,18,2,30,0,2,22,1,25,2,10,40,3,55,12,0,12,67
11/12/2010,MCN,GA,ASO,ES,Federal Contract Tower,0,6,20,4,30,0,2,23,1,26,0,8,43,5,56,20,9,29,85
11/13/2010,MCN,GA,ASO,ES,Federal Contract Tower,1,2,3,0,6,0,4,14,0,18,1,6,17,0,24,6,0,6,30
11/14/2010,MCN,GA,ASO,ES,Federal Contract Tower,0,2,23,6,31,0,4,12,1,17,0,6,35,7,48,10,0,10,58
11/15/2010,MCN,GA,ASO,ES,Federal Contract Tower,0,10,22,0,32,0,0,13,0,13,0,10,35,0,45,12,0,12,57
11/16/2010,MCN,GA,ASO,ES,Federal Contract Tower,0,10,16,0,26,0,0,1,0,1,0,10,17,0,27,0,0,0,27
11/17/2010,MCN,GA,ASO,ES,Federal Contract Tower,0,10,24,14,48,0,2,13,3,18,0,12,37,17,66,0,0,0,66
11/18/2010,MCN,GA,ASO,ES,Federal Contract Tower,0,7,22,2,31,0,2,17,0,19,0,9,39,2,50,8,0,8,58
11/19/2010,MCN,GA,ASO,ES,Federal Contract Tower,0,10,37,0,47,0,2,26,0,28,0,12,63,0,75,8,0,8,83
11/20/2010,MCN,GA,ASO,ES,Federal Contract Tower,0,2,12,20,34,0,3,16,0,19,0,5,28,20,53,6,0,6,59
11/21/2010,MCN,GA,ASO,ES,Federal Contract Tower,0,6,9,0,15,0,6,9,2,17,0,12,18,2,32,0,0,0,32
11/22/2010,MCN,GA,ASO,ES,Federal Contract Tower,0,5,18,8,31,0,5,8,2,15,0,10,26,10,46,6,2,8,54
11/23/2010,MCN,GA,ASO,ES,Federal Contract Tower,0,12,21,2,35,0,0,20,0,20,0,12,41,2,55,16,0,16,71
11/24/2010,MCN,GA,ASO,ES,Federal Contract Tower,0,10,21,0,31,0,2,2,0,4,0,12,23,0,35,2,0,2,37
11/25/2010,MCN,GA,ASO,ES,Federal Contract Tower,0,8,7,0,15,0,0,2,0,2,0,8,9,0,17,2,0,2,19
11/26/2010,MCN,GA,ASO,ES,Federal Contract Tower,0,10,2,0,12,0,0,1,0,1,0,10,3,0,13,0,0,0,13
11/27/2010,MCN,GA,ASO,ES,Federal Contract Tower,0,8,6,0,14,0,2,16,0,18,0,10,22,0,32,2,0,2,34
11/28/2010,MCN,GA,ASO,ES,Federal Contract Tower,0,6,15,0,21,0,0,13,0,13,0,6,28,0,34,0,0,0,34
11/29/2010,MCN,GA,ASO,ES,Federal Contract Tower,0,12,18,0,30,0,0,3,0,3,0,12,21,0,33,0,0,0,33
11/30/2010,MCN,GA,ASO,ES,Federal Contract Tower,3,9,19,0,31,0,0,5,0,5,3,9,24,0,36,0,0,0,36
12/01/2010,MCN,GA,ASO,ES,Federal Contract Tower,7,4,9,0,20,0,5,6,2,13,7,9,15,2,33,2,2,4,37
12/02/2010,MCN,GA,ASO,ES,Federal Contract Tower,0,7,20,0,27,0,5,17,0,22,0,12,37,0,49,6,0,6,55
12/03/2010,MCN,GA,ASO,ES,Federal Contract Tower,1,7,20,0,28,0,8,20,2,30,1,15,40,2,58,10,6,16,74
12/04/2010,MCN,GA,ASO,ES,Federal Contract Tower,0,9,5,0,14,0,1,13,2,16,0,10,18,2,30,6,0,6,36
12/05/2010,MCN,GA,ASO,ES,Federal Contract Tower,0,6,6,0,12,0,0,4,2,6,0,6,10,2,18,2,0,2,20
12/06/2010,MCN,GA,ASO,ES,Federal Contract Tower,0,13,27,3,43,0,0,7,3,10,0,13,34,6,53,2,4,6,59
12/07/2010,MCN,GA,ASO,ES,Federal Contract Tower,0,15,24,0,39,0,0,17,0,17,0,15,41,0,56,7,0,7,63
12/08/2010,MCN,GA,ASO,ES,Federal Contract Tower,3,12,17,0,32,0,0,9,0,9,3,12,26,0,41,12,0,12,53
12/09/2010,MCN,GA,ASO,ES,Federal Contract Tower,2,12,8,2,24,0,0,7,0,7,2,12,15,2,31,0,0,0,31
12/10/2010,MCN,GA,ASO,ES,Federal Contract Tower,0,9,16,4,29,0,0,9,3,12,0,9,25,7,41,4,0,4,45
12/11/2010,MCN,GA,ASO,ES,Federal Contract Tower,0,6,18,3,27,0,0,12,1,13,0,6,30,4,40,4,2,6,46
12/12/2010,MCN,GA,ASO,ES,Federal Contract Tower,0,2,8,1,11,0,0,1,1,2,0,2,9,2,13,0,0,0,13
12/13/2010,MCN,GA,ASO,ES,Federal Contract Tower,2,9,23,0,34,0,1,7,0,8,2,10,30,0,42,2,0,2,44
12/14/2010,MCN,GA,ASO,ES,Federal Contract Tower,3,10,9,0,22,0,0,8,8,16,3,10,17,8,38,8,10,18,56
12/15/2010,MCN,GA,ASO,ES,Federal Contract Tower,1,6,20,0,27,0,0,10,2,12,1,6,30,2,39,6,0,6,45
12/16/2010,MCN,GA,ASO,ES,Federal Contract Tower,0,9,15,2,26,0,0,9,2,11,0,9,24,4,37,0,0,0,37
12/17/2010,MCN,GA,ASO,ES,Federal Contract Tower,3,8,9,1,21,0,2,11,0,13,3,10,20,1,34,8,0,8,42
12/18/2010,MCN,GA,ASO,ES,Federal Contract Tower,1,6,8,0,15,0,0,0,0,0,1,6,8,0,15,0,0,0,15
12/19/2010,MCN,GA,ASO,ES,Federal Contract Tower,0,4,5,0,9,0,2,15,0,17,0,6,20,0,26,4,0,4,30
12/20/2010,MCN,GA,ASO,ES,Federal Contract Tower,0,12,23,0,35,0,0,10,0,10,0,12,33,0,45,12,0,12,57
12/21/2010,MCN,GA,ASO,ES,Federal Contract Tower,0,14,35,0,49,0,2,13,0,15,0,16,48,0,64,2,0,2,66
12/22/2010,MCN,GA,ASO,ES,Federal Contract Tower,1,14,20,0,35,0,2,0,0,2,1,16,20,0,37,0,0,0,37
12/23/2010,MCN,GA,ASO,ES,Federal Contract Tower,0,10,16,0,26,0,0,14,0,14,0,10,30,0,40,0,0,0,40
12/24/2010,MCN,GA,ASO,ES,Federal Contract Tower,0,5,3,0,8,0,6,5,0,11,0,11,8,0,19,0,0,0,19
12/25/2010,MCN,GA,ASO,ES,Federal Contract Tower,0,1,2,0,3,0,1,2,0,3,0,2,4,0,6,8,0,8,14
12/26/2010,MCN,GA,ASO,ES,Federal Contract Tower,0,0,5,0,5,0,0,2,0,2,0,0,7,0,7,0,0,0,7
12/27/2010,MCN,GA,ASO,ES,Federal Contract Tower,0,9,17,0,26,0,1,9,0,10,0,10,26,0,36,0,0,0,36
12/28/2010,MCN,GA,ASO,ES,Federal Contract Tower,1,10,11,0,22,0,2,11,2,15,1,12,22,2,37,0,0,0,37
12/29/2010,MCN,GA,ASO,ES,Federal Contract Tower,0,10,24,2,36,0,0,7,4,11,0,10,31,6,47,2,4,6,53
12/30/2010,MCN,GA,ASO,ES,Federal Contract Tower,0,10,29,0,39,0,0,10,0,10,0,10,39,0,49,2,0,2,51
12/31/2010,MCN,GA,ASO,ES,Federal Contract Tower,0,10,12,0,22,0,0,11,0,11,0,10,23,0,33,0,0,0,33
01/01/2011,MCN,GA,ASO,ES,Federal Contract Tower,0,4,2,0,6,0,4,5,0,9,0,8,7,0,15,0,0,0,15
01/02/2011,MCN,GA,ASO,ES,Federal Contract Tower,0,5,16,0,21,0,2,10,2,14,0,7,26,2,35,8,4,12,47
01/03/2011,MCN,GA,ASO,ES,Federal Contract Tower,0,11,3,0,14,0,0,9,0,9,0,11,12,0,23,2,0,2,25
01/04/2011,MCN,GA,ASO,ES,Federal Contract Tower,0,13,12,3,28,0,0,21,4,25,0,13,33,7,53,2,12,14,67
01/05/2011,MCN,GA,ASO,ES,Federal Contract Tower,0,14,29,1,44,0,0,0,1,1,0,14,29,2,45,0,0,0,45
01/06/2011,MCN,GA,ASO,ES,Federal Contract Tower,0,17,26,4,47,0,0,15,20,35,0,17,41,24,82,14,2,16,98
01/07/2011,MCN,GA,ASO,ES,Federal Contract Tower,0,19,2,0,21,0,1,4,0,5,0,20,6,0,26,2,0,2,28
01/08/2011,MCN,GA,ASO,ES,Federal Contract Tower,4,6,16,0,26,0,0,7,4,11,4,6,23,4,37,0,0,0,37
01/09/2011,MCN,GA,ASO,ES,Federal Contract Tower,0,6,10,0,16,0,2,8,0,10,0,8,18,0,26,2,0,2,28
01/10/2011,MCN,GA,ASO,ES,Federal Contract Tower,0,0,0,0,0,0,0,0,0,0,0,0,0,0,0,0,0,0,0
01/11/2011,MCN,GA,ASO,ES,Federal Contract Tower,2,7,8,0,17,0,0,0,0,0,2,7,8,0,17,0,0,0,17
01/12/2011,MCN,GA,ASO,ES,Federal Contract Tower,4,4,18,4,30,0,0,9,2,11,4,4,27,6,41,8,0,8,49
01/13/2011,MCN,GA,ASO,ES,Federal Contract Tower,1,10,31,0,42,0,0,5,1,6,1,10,36,1,48,2,0,2,50
01/14/2011,MCN,GA,ASO,ES,Federal Contract Tower,0,10,17,0,27,0,4,15,0,19,0,14,32,0,46,6,0,6,52
01/15/2011,MCN,GA,ASO,ES,Federal Contract Tower,0,4,10,0,14,0,2,21,0,23,0,6,31,0,37,18,0,18,55
01/16/2011,MCN,GA,ASO,ES,Federal Contract Tower,0,6,17,2,25,0,2,23,0,25,0,8,40,2,50,6,0,6,56
01/17/2011,MCN,GA,ASO,ES,Federal Contract Tower,0,10,11,0,21,0,1,2,0,3,0,11,13,0,24,0,0,0,24
01/18/2011,MCN,GA,ASO,ES,Federal Contract Tower,0,10,20,0,30,0,0,0,0,0,0,10,20,0,30,0,0,0,30
01/19/2011,MCN,GA,ASO,ES,Federal Contract Tower,3,11,28,1,43,0,2,2,0,4,3,13,30,1,47,2,0,2,49
01/20/2011,MCN,GA,ASO,ES,Federal Contract Tower,0,14,34,0,48,0,2,11,0,13,0,16,45,0,61,10,0,10,71
01/21/2011,MCN,GA,ASO,ES,Federal Contract Tower,0,9,23,8,40,0,1,12,0,13,0,10,35,8,53,0,0,0,53
01/22/2011,MCN,GA,ASO,ES,Federal Contract Tower,0,5,19,0,24,0,1,4,0,5,0,6,23,0,29,4,0,4,33
01/23/2011,MCN,GA,ASO,ES,Federal Contract Tower,0,4,16,0,20,0,2,12,0,14,0,6,28,0,34,4,0,4,38
01/24/2011,MCN,GA,ASO,ES,Federal Contract Tower,0,10,18,0,28,0,2,15,0,17,0,12,33,0,45,6,0,6,51
01/25/2011,MCN,GA,ASO,ES,Federal Contract Tower,0,10,15,0,25,0,0,0,0,0,0,10,15,0,25,0,0,0,25
01/26/2011,MCN,GA,ASO,ES,Federal Contract Tower,1,2,10,0,13,0,2,3,0,5,1,4,13,0,18,4,0,4,22
01/27/2011,MCN,GA,ASO,ES,Federal Contract Tower,3,6,18,0,27,0,0,14,2,16,3,6,32,2,43,14,0,14,57
01/28/2011,MCN,GA,ASO,ES,Federal Contract Tower,2,4,15,5,26,0,0,17,7,24,2,4,32,12,50,12,8,20,70
01/29/2011,MCN,GA,ASO,ES,Federal Contract Tower,4,2,14,3,23,0,2,12,7,21,4,4,26,10,44,12,14,26,70
01/30/2011,MCN,GA,ASO,ES,Federal Contract Tower,1,4,13,0,18,0,2,15,0,17,1,6,28,0,35,8,0,8,43
01/31/2011,MCN,GA,ASO,ES,Federal Contract Tower,0,12,12,0,24,0,2,2,0,4,0,14,14,0,28,0,0,0,28
02/01/2011,MCN,GA,ASO,ES,Federal Contract Tower,0,6,30,0,36,0,0,0,0,0,0,6,30,0,36,0,0,0,36
02/02/2011,MCN,GA,ASO,ES,Federal Contract Tower,0,13,21,0,34,0,0,16,2,18,0,13,37,2,52,20,0,20,72
02/03/2011,MCN,GA,ASO,ES,Federal Contract Tower,5,7,20,0,32,0,4,20,0,24,5,11,40,0,56,6,0,6,62
02/04/2011,MCN,GA,ASO,ES,Federal Contract Tower,1,9,6,0,16,0,0,0,0,0,1,9,6,0,16,0,0,0,16
02/05/2011,MCN,GA,ASO,ES,Federal Contract Tower,0,4,8,0,12,0,0,3,0,3,0,4,11,0,15,2,0,2,17
02/06/2011,MCN,GA,ASO,ES,Federal Contract Tower,0,4,8,0,12,0,3,17,6,26,0,7,25,6,38,8,4,12,50
02/07/2011,MCN,GA,ASO,ES,Federal Contract Tower,0,11,12,2,25,0,2,1,0,3,0,13,13,2,28,0,0,0,28
02/08/2011,MCN,GA,ASO,ES,Federal Contract Tower,1,8,45,0,54,0,0,23,0,23,1,8,68,0,77,10,0,10,87
02/09/2011,MCN,GA,ASO,ES,Federal Contract Tower,4,8,23,8,43,0,0,12,3,15,4,8,35,11,58,10,0,10,68
02/10/2011,MCN,GA,ASO,ES,Federal Contract Tower,0,4,13,0,17,0,0,9,3,12,0,4,22,3,29,22,0,22,51
02/11/2011,MCN,GA,ASO,ES,Federal Contract Tower,0,7,28,5,40,0,1,12,3,16,0,8,40,8,56,8,0,8,64
02/12/2011,MCN,GA,ASO,ES,Federal Contract Tower,0,4,9,4,17,0,2,22,1,25,0,6,31,5,42,10,0,10,52
02/13/2011,MCN,GA,ASO,ES,Federal Contract Tower,0,4,15,4,23,0,0,19,2,21,0,4,34,6,44,0,0,0,44
02/14/2011,MCN,GA,ASO,ES,Federal Contract Tower,0,7,16,0,23,0,0,25,0,25,0,7,41,0,48,8,0,8,56
02/15/2011,MCN,GA,ASO,ES,Federal Contract Tower,0,10,17,0,27,0,0,14,3,17,0,10,31,3,44,4,0,4,48
02/16/2011,MCN,GA,ASO,ES,Federal Contract Tower,0,8,16,7,31,0,0,17,2,19,0,8,33,9,50,10,0,10,60
02/17/2011,MCN,GA,ASO,ES,Federal Contract Tower,4,4,22,0,30,0,0,16,0,16,4,4,38,0,46,0,0,0,46
02/18/2011,MCN,GA,ASO,ES,Federal Contract Tower,3,7,22,0,32,0,0,17,0,17,3,7,39,0,49,6,0,6,55
02/19/2011,MCN,GA,ASO,ES,Federal Contract Tower,1,2,5,0,8,0,0,23,1,24,1,2,28,1,32,0,0,0,32
02/20/2011,MCN,GA,ASO,ES,Federal Contract Tower,0,2,13,0,15,0,0,11,0,11,0,2,24,0,26,4,0,4,30
02/21/2011,MCN,GA,ASO,ES,Federal Contract Tower,0,7,18,0,25,0,1,9,0,10,0,8,27,0,35,6,0,6,41
02/22/2011,MCN,GA,ASO,ES,Federal Contract Tower,0,4,24,0,28,0,2,11,1,14,0,6,35,1,42,8,0,8,50
02/23/2011,MCN,GA,ASO,ES,Federal Contract Tower,0,6,44,0,50,0,0,26,0,26,0,6,70,0,76,12,0,12,88
02/24/2011,MCN,GA,ASO,ES,Federal Contract Tower,0,8,39,0,47,0,0,2,0,2,0,8,41,0,49,0,0,0,49
02/25/2011,MCN,GA,ASO,ES,Federal Contract Tower,0,5,17,2,24,0,2,7,0,9,0,7,24,2,33,10,0,10,43
02/26/2011,MCN,GA,ASO,ES,Federal Contract Tower,3,7,12,0,22,0,0,15,4,19,3,7,27,4,41,0,0,0,41
02/27/2011,MCN,GA,ASO,ES,Federal Contract Tower,3,4,10,0,17,0,0,6,0,6,3,4,16,0,23,4,0,4,27
02/28/2011,MCN,GA,ASO,ES,Federal Contract Tower,0,8,12,0,20,0,0,0,6,6,0,8,12,6,26,0,10,10,36
03/01/2011,MCN,GA,ASO,ES,Federal Contract Tower,0,5,17,0,22,0,1,14,4,19,0,6,31,4,41,12,0,12,53
03/02/2011,MCN,GA,ASO,ES,Federal Contract Tower,0,6,25,0,31,0,3,14,0,17,0,9,39,0,48,16,0,16,64
03/03/2011,MCN,GA,ASO,ES,Federal Contract Tower,0,13,21,0,34,0,0,13,1,14,0,13,34,1,48,10,0,10,58
03/04/2011,MCN,GA,ASO,ES,Federal Contract Tower,0,8,26,0,34,0,0,3,0,3,0,8,29,0,37,0,0,0,37
03/05/2011,MCN,GA,ASO,ES,Federal Contract Tower,1,7,10,0,18,0,0,0,0,0,1,7,10,0,18,0,0,0,18
03/06/2011,MCN,GA,ASO,ES,Federal Contract Tower,1,5,7,0,13,0,0,0,0,0,1,5,7,0,13,0,0,0,13
03/07/2011,MCN,GA,ASO,ES,Federal Contract Tower,0,8,29,2,39,0,0,12,2,14,0,8,41,4,53,12,0,12,65
03/08/2011,MCN,GA,ASO,ES,Federal Contract Tower,3,9,18,0,30,0,2,19,0,21,3,11,37,0,51,8,0,8,59
03/09/2011,MCN,GA,ASO,ES,Federal Contract Tower,0,5,9,0,14,0,0,0,0,0,0,5,9,0,14,0,0,0,14
03/10/2011,MCN,GA,ASO,ES,Federal Contract Tower,0,4,14,0,18,0,0,5,0,5,0,4,19,0,23,2,0,2,25
03/11/2011,MCN,GA,ASO,ES,Federal Contract Tower,1,9,23,10,43,0,0,21,0,21,1,9,44,10,64,10,0,10,74
03/12/2011,MCN,GA,ASO,ES,Federal Contract Tower,0,6,6,2,14,0,0,15,2,17,0,6,21,4,31,4,0,4,35
03/13/2011,MCN,GA,ASO,ES,Federal Contract Tower,0,4,15,0,19,0,2,18,0,20,0,6,33,0,39,6,0,6,45
03/14/2011,MCN,GA,ASO,ES,Federal Contract Tower,0,6,15,0,21,0,0,18,0,18,0,6,33,0,39,4,0,4,43
03/15/2011,MCN,GA,ASO,ES,Federal Contract Tower,0,9,26,0,35,0,0,1,0,1,0,9,27,0,36,0,0,0,36
03/16/2011,MCN,GA,ASO,ES,Federal Contract Tower,3,4,27,0,34,0,0,9,0,9,3,4,36,0,43,4,0,4,47
03/17/2011,MCN,GA,ASO,ES,Federal Contract Tower,1,7,19,0,27,0,0,14,0,14,1,7,33,0,41,2,0,2,43
03/18/2011,MCN,GA,ASO,ES,Federal Contract Tower,4,8,21,4,37,0,2,24,4,30,4,10,45,8,67,10,0,10,77
03/19/2011,MCN,GA,ASO,ES,Federal Contract Tower,3,9,18,0,30,0,0,18,3,21,3,9,36,3,51,12,2,14,65
03/20/2011,MCN,GA,ASO,ES,Federal Contract Tower,6,6,22,3,37,0,0,6,4,10,6,6,28,7,47,2,6,8,55
03/21/2011,MCN,GA,ASO,ES,Federal Contract Tower,0,6,12,0,18,0,0,10,0,10,0,6,22,0,28,0,0,0,28
03/22/2011,MCN,GA,ASO,ES,Federal Contract Tower,5,7,21,0,33,0,2,21,0,23,5,9,42,0,56,6,0,6,62
03/23/2011,MCN,GA,ASO,ES,Federal Contract Tower,1,8,15,1,25,0,0,10,3,13,1,8,25,4,38,4,0,4,42
03/24/2011,MCN,GA,ASO,ES,Federal Contract Tower,0,6,21,3,30,0,2,29,11,42,0,8,50,14,72,16,0,16,88
03/25/2011,MCN,GA,ASO,ES,Federal Contract Tower,0,9,23,2,34,0,0,16,12,28,0,9,39,14,62,20,12,32,94
03/26/2011,MCN,GA,ASO,ES,Federal Contract Tower,0,7,14,0,21,0,0,5,5,10,0,7,19,5,31,2,0,2,33
03/27/2011,MCN,GA,ASO,ES,Federal Contract Tower,2,2,8,0,12,0,0,0,0,0,2,2,8,0,12,0,0,0,12
03/28/2011,MCN,GA,ASO,ES,Federal Contract Tower,0,13,11,2,26,0,0,3,0,3,0,13,14,2,29,0,0,0,29
03/29/2011,MCN,GA,ASO,ES,Federal Contract Tower,0,5,18,1,24,0,0,4,7,11,0,5,22,8,35,0,0,0,35
03/30/2011,MCN,GA,ASO,ES,Federal Contract Tower,0,7,13,0,20,0,0,0,0,0,0,7,13,0,20,0,0,0,20
03/31/2011,MCN,GA,ASO,ES,Federal Contract Tower,2,6,8,0,16,0,0,1,3,4,2,6,9,3,20,0,0,0,20
04/01/2011,MCN,GA,ASO,ES,Federal Contract Tower,0,8,22,6,36,0,0,17,4,21,0,8,39,10,57,0,0,0,57
04/02/2011,MCN,GA,ASO,ES,Federal Contract Tower,1,4,7,12,24,0,2,10,14,26,1,6,17,26,50,0,16,16,66
04/03/2011,MCN,GA,ASO,ES,Federal Contract Tower,0,7,14,0,21,0,4,17,0,21,0,11,31,0,42,8,0,8,50
04/04/2011,MCN,GA,ASO,ES,Federal Contract Tower,0,6,10,0,16,0,2,5,2,9,0,8,15,2,25,4,0,4,29
04/05/2011,MCN,GA,ASO,ES,Federal Contract Tower,8,18,0,0,26,0,0,11,0,11,8,18,11,0,37,0,0,0,37
04/06/2011,MCN,GA,ASO,ES,Federal Contract Tower,0,4,10,0,14,0,0,20,3,23,0,4,30,3,37,0,0,0,37
04/07/2011,MCN,GA,ASO,ES,Federal Contract Tower,1,5,24,0,30,0,0,15,2,17,1,5,39,2,47,2,0,2,49
04/08/2011,MCN,GA,ASO,ES,Federal Contract Tower,0,11,11,0,22,0,1,8,0,9,0,12,19,0,31,2,0,2,33
04/09/2011,MCN,GA,ASO,ES,Federal Contract Tower,1,4,11,0,16,0,2,14,0,16,1,6,25,0,32,2,0,2,34
04/10/2011,MCN,GA,ASO,ES,Federal Contract Tower,0,3,12,0,15,0,0,19,0,19,0,3,31,0,34,2,0,2,36
04/11/2011,MCN,GA,ASO,ES,Federal Contract Tower,0,6,19,0,25,0,0,6,0,6,0,6,25,0,31,0,0,0,31
04/12/2011,MCN,GA,ASO,ES,Federal Contract Tower,0,4,19,0,23,0,0,7,1,8,0,4,26,1,31,0,0,0,31
04/13/2011,MCN,GA,ASO,ES,Federal Contract Tower,0,7,21,0,28,0,2,9,4,15,0,9,30,4,43,2,0,2,45
04/14/2011,MCN,GA,ASO,ES,Federal Contract Tower,5,9,25,1,40,0,0,21,3,24,5,9,46,4,64,2,0,2,66
04/15/2011,MCN,GA,ASO,ES,Federal Contract Tower,1,4,20,6,31,0,0,11,1,12,1,4,31,7,43,2,0,2,45
04/16/2011,MCN,GA,ASO,ES,Federal Contract Tower,1,5,6,0,12,0,0,6,0,6,1,5,12,0,18,0,0,0,18
04/17/2011,MCN,GA,ASO,ES,Federal Contract Tower,3,4,12,0,19,0,0,11,1,12,3,4,23,1,31,4,0,4,35
04/18/2011,MCN,GA,ASO,ES,Federal Contract Tower,1,11,18,0,30,0,0,9,0,9,1,11,27,0,39,0,0,0,39
04/19/2011,MCN,GA,ASO,ES,Federal Contract Tower,1,6,24,0,31,0,0,12,0,12,1,6,36,0,43,2,0,2,45
04/20/2011,MCN,GA,ASO,ES,Federal Contract Tower,0,14,24,0,38,0,2,16,0,18,0,16,40,0,56,6,0,6,62
04/21/2011,MCN,GA,ASO,ES,Federal Contract Tower,0,14,31,2,47,0,0,8,0,8,0,14,39,2,55,6,0,6,61
04/22/2011,MCN,GA,ASO,ES,Federal Contract Tower,2,7,12,13,34,0,0,7,0,7,2,7,19,13,41,2,6,8,49
04/23/2011,MCN,GA,ASO,ES,Federal Contract Tower,1,5,3,0,9,0,0,4,0,4,1,5,7,0,13,0,0,0,13
04/24/2011,MCN,GA,ASO,ES,Federal Contract Tower,0,5,9,7,21,0,0,0,4,4,0,5,9,11,25,0,0,0,25
04/25/2011,MCN,GA,ASO,ES,Federal Contract Tower,0,9,23,0,32,0,1,12,0,13,0,10,35,0,45,0,0,0,45
04/26/2011,MCN,GA,ASO,ES,Federal Contract Tower,3,18,9,2,32,0,0,9,4,13,3,18,18,6,45,6,0,6,51
04/27/2011,MCN,GA,ASO,ES,Federal Contract Tower,0,8,16,2,26,0,0,0,2,2,0,8,16,4,28,2,0,2,30
04/28/2011,MCN,GA,ASO,ES,Federal Contract Tower,0,7,12,0,19,0,0,7,4,11,0,7,19,4,30,2,4,6,36
04/29/2011,MCN,GA,ASO,ES,Federal Contract Tower,1,6,22,2,31,0,0,37,0,37,1,6,59,2,68,2,0,2,70
04/30/2011,MCN,GA,ASO,ES,Federal Contract Tower,1,7,11,0,19,0,0,17,2,19,1,7,28,2,38,2,0,2,40
05/01/2011,MCN,GA,ASO,ES,Federal Contract Tower,1,8,9,3,21,0,0,14,4,18,1,8,23,7,39,0,4,4,43
05/02/2011,MCN,GA,ASO,ES,Federal Contract Tower,0,0,0,0,0,0,0,0,2,2,0,0,0,2,2,0,0,0,2
05/03/2011,MCN,GA,ASO,ES,Federal Contract Tower,1,0,0,0,1,0,2,7,0,9,1,2,7,0,10,0,0,0,10
05/04/2011,MCN,GA,ASO,ES,Federal Contract Tower,0,0,0,0,0,0,0,2,0,2,0,0,2,0,2,0,0,0,2
05/05/2011,MCN,GA,ASO,ES,Federal Contract Tower,0,0,0,0,0,0,0,0,2,2,0,0,0,2,2,0,0,0,2
05/06/2011,MCN,GA,ASO,ES,Federal Contract Tower,0,3,6,0,9,0,0,5,3,8,0,3,11,3,17,0,0,0,17
05/07/2011,MCN,GA,ASO,ES,Federal Contract Tower,2,5,3,0,10,0,0,25,1,26,2,5,28,1,36,0,0,0,36
05/08/2011,MCN,GA,ASO,ES,Federal Contract Tower,0,6,14,0,20,0,0,6,0,6,0,6,20,0,26,4,0,4,30
05/09/2011,MCN,GA,ASO,ES,Federal Contract Tower,0,6,25,0,31,0,0,12,1,13,0,6,37,1,44,8,0,8,52
05/10/2011,MCN,GA,ASO,ES,Federal Contract Tower,1,6,22,0,29,0,2,10,0,12,1,8,32,0,41,6,0,6,47
05/11/2011,MCN,GA,ASO,ES,Federal Contract Tower,1,12,18,0,31,0,0,16,1,17,1,12,34,1,48,2,0,2,50
05/12/2011,MCN,GA,ASO,ES,Federal Contract Tower,1,6,13,0,20,0,0,15,0,15,1,6,28,0,35,0,0,0,35
05/13/2011,MCN,GA,ASO,ES,Federal Contract Tower,0,6,39,1,46,0,0,11,0,11,0,6,50,1,57,6,0,6,63
05/14/2011,MCN,GA,ASO,ES,Federal Contract Tower,0,6,7,0,13,0,0,1,4,5,0,6,8,4,18,0,0,0,18
05/15/2011,MCN,GA,ASO,ES,Federal Contract Tower,1,6,21,0,28,0,0,7,0,7,1,6,28,0,35,0,0,0,35
05/16/2011,MCN,GA,ASO,ES,Federal Contract Tower,4,6,18,0,28,0,0,1,0,1,4,6,19,0,29,0,0,0,29
05/17/2011,MCN,GA,ASO,ES,Federal Contract Tower,0,7,18,0,25,0,2,14,0,16,0,9,32,0,41,8,0,8,49
05/18/2011,MCN,GA,ASO,ES,Federal Contract Tower,0,6,18,0,24,0,0,16,6,22,0,6,34,6,46,4,0,4,50
05/19/2011,MCN,GA,ASO,ES,Federal Contract Tower,0,9,30,0,39,0,0,24,0,24,0,9,54,0,63,14,0,14,77
05/20/2011,MCN,GA,ASO,ES,Federal Contract Tower,0,5,22,0,27,0,0,21,2,23,0,5,43,2,50,8,0,8,58
05/21/2011,MCN,GA,ASO,ES,Federal Contract Tower,0,6,11,0,17,0,0,12,14,26,0,6,23,14,43,0,0,0,43
05/22/2011,MCN,GA,ASO,ES,Federal Contract Tower,0,3,17,0,20,0,2,12,0,14,0,5,29,0,34,0,0,0,34
05/23/2011,MCN,GA,ASO,ES,Federal Contract Tower,0,10,28,0,38,0,2,11,0,13,0,12,39,0,51,6,0,6,57
05/24/2011,MCN,GA,ASO,ES,Federal Contract Tower,1,7,30,0,38,0,1,14,0,15,1,8,44,0,53,4,0,4,57
05/25/2011,MCN,GA,ASO,ES,Federal Contract Tower,4,5,13,1,23,0,0,15,3,18,4,5,28,4,41,2,0,2,43
05/26/2011,MCN,GA,ASO,ES,Federal Contract Tower,2,5,22,0,29,0,0,9,0,9,2,5,31,0,38,0,0,0,38
05/27/2011,MCN,GA,ASO,ES,Federal Contract Tower,4,6,22,0,32,0,0,12,0,12,4,6,34,0,44,0,0,0,44
05/28/2011,MCN,GA,ASO,ES,Federal Contract Tower,1,2,10,0,13,0,0,14,0,14,1,2,24,0,27,0,0,0,27
05/29/2011,MCN,GA,ASO,ES,Federal Contract Tower,0,4,11,0,15,0,2,11,0,13,0,6,22,0,28,0,0,0,28
05/30/2011,MCN,GA,ASO,ES,Federal Contract Tower,0,5,11,0,16,0,2,10,4,16,0,7,21,4,32,6,8,14,46
05/31/2011,MCN,GA,ASO,ES,Federal Contract Tower,0,14,28,0,42,0,0,11,3,14,0,14,39,3,56,3,0,3,59
06/01/2011,MCN,GA,ASO,ES,Federal Contract Tower,0,9,12,2,23,0,0,7,2,9,0,9,19,4,32,8,0,8,40
06/02/2011,MCN,GA,ASO,ES,Federal Contract Tower,0,6,21,0,27,0,0,20,0,20,0,6,41,0,47,0,0,0,47
06/03/2011,MCN,GA,ASO,ES,Federal Contract Tower,0,8,14,1,23,0,4,14,10,28,0,12,28,11,51,10,0,10,61
06/04/2011,MCN,GA,ASO,ES,Federal Contract Tower,1,6,7,0,14,0,2,20,0,22,1,8,27,0,36,6,0,6,42
06/05/2011,MCN,GA,ASO,ES,Federal Contract Tower,0,4,6,2,12,0,0,10,3,13,0,4,16,5,25,4,0,4,29
06/06/2011,MCN,GA,ASO,ES,Federal Contract Tower,0,7,15,2,24,0,0,10,3,13,0,7,25,5,37,6,0,6,43
06/07/2011,MCN,GA,ASO,ES,Federal Contract Tower,0,9,10,9,28,0,0,3,6,9,0,9,13,15,37,2,0,2,39
06/08/2011,MCN,GA,ASO,ES,Federal Contract Tower,0,8,9,0,17,0,0,17,2,19,0,8,26,2,36,0,0,0,36
06/09/2011,MCN,GA,ASO,ES,Federal Contract Tower,0,9,8,0,17,0,0,6,4,10,0,9,14,4,27,6,0,6,33
06/10/2011,MCN,GA,ASO,ES,Federal Contract Tower,1,6,21,2,30,0,0,19,0,19,1,6,40,2,49,0,0,0,49
06/11/2011,MCN,GA,ASO,ES,Federal Contract Tower,1,4,14,0,19,0,4,10,2,16,1,8,24,2,35,6,0,6,41
06/12/2011,MCN,GA,ASO,ES,Federal Contract Tower,1,7,11,0,19,0,0,17,0,17,1,7,28,0,36,2,0,2,38
06/13/2011,MCN,GA,ASO,ES,Federal Contract Tower,2,7,5,0,14,0,2,6,1,9,2,9,11,1,23,0,0,0,23
06/14/2011,MCN,GA,ASO,ES,Federal Contract Tower,1,6,26,2,35,0,0,13,1,14,1,6,39,3,49,8,0,8,57
06/15/2011,MCN,GA,ASO,ES,Federal Contract Tower,0,9,21,0,30,0,0,11,2,13,0,9,32,2,43,4,0,4,47
06/16/2011,MCN,GA,ASO,ES,Federal Contract Tower,3,8,20,2,33,0,2,1,0,3,3,10,21,2,36,0,0,0,36
06/17/2011,MCN,GA,ASO,ES,Federal Contract Tower,0,5,19,8,32,0,0,7,0,7,0,5,26,8,39,0,0,0,39
06/18/2011,MCN,GA,ASO,ES,Federal Contract Tower,0,6,15,2,23,0,2,6,4,12,0,8,21,6,35,6,4,10,45
06/19/2011,MCN,GA,ASO,ES,Federal Contract Tower,1,4,16,0,21,0,0,7,0,7,1,4,23,0,28,4,0,4,32
06/20/2011,MCN,GA,ASO,ES,Federal Contract Tower,0,7,18,0,25,0,0,8,0,8,0,7,26,0,33,0,0,0,33
06/21/2011,MCN,GA,ASO,ES,Federal Contract Tower,0,8,20,2,30,0,1,16,0,17,0,9,36,2,47,6,0,6,53
06/22/2011,MCN,GA,ASO,ES,Federal Contract Tower,0,10,24,0,34,0,0,12,6,18,0,10,36,6,52,0,0,0,52
06/23/2011,MCN,GA,ASO,ES,Federal Contract Tower,1,7,7,0,15,0,0,8,0,8,1,7,15,0,23,4,0,4,27
06/24/2011,MCN,GA,ASO,ES,Federal Contract Tower,1,6,24,0,31,0,0,8,0,8,1,6,32,0,39,6,0,6,45
06/25/2011,MCN,GA,ASO,ES,Federal Contract Tower,0,4,13,0,17,0,2,5,0,7,0,6,18,0,24,0,0,0,24
06/26/2011,MCN,GA,ASO,ES,Federal Contract Tower,3,5,7,3,18,0,0,6,2,8,3,5,13,5,26,0,6,6,32
06/27/2011,MCN,GA,ASO,ES,Federal Contract Tower,2,9,11,0,22,0,0,4,0,4,2,9,15,0,26,0,0,0,26
06/28/2011,MCN,GA,ASO,ES,Federal Contract Tower,0,4,14,1,19,0,0,18,3,21,0,4,32,4,40,12,4,16,56
06/29/2011,MCN,GA,ASO,ES,Federal Contract Tower,1,7,19,0,27,0,0,11,2,13,1,7,30,2,40,4,0,4,44
06/30/2011,MCN,GA,ASO,ES,Federal Contract Tower,0,8,14,5,27,0,0,6,0,6,0,8,20,5,33,0,0,0,33
07/01/2011,MCN,GA,ASO,ES,Federal Contract Tower,2,9,15,0,26,0,0,22,0,22,2,9,37,0,48,4,0,4,52
07/02/2011,MCN,GA,ASO,ES,Federal Contract Tower,1,2,9,0,12,0,0,5,0,5,1,2,14,0,17,2,0,2,19
07/03/2011,MCN,GA,ASO,ES,Federal Contract Tower,0,2,8,1,11,0,2,9,3,14,0,4,17,4,25,4,2,6,31
07/04/2011,MCN,GA,ASO,ES,Federal Contract Tower,0,4,4,0,8,0,0,7,0,7,0,4,11,0,15,8,0,8,23
07/05/2011,MCN,GA,ASO,ES,Federal Contract Tower,0,5,17,0,22,0,0,23,0,23,0,5,40,0,45,14,0,14,59
07/06/2011,MCN,GA,ASO,ES,Federal Contract Tower,4,6,7,0,17,0,0,8,6,14,4,6,15,6,31,4,2,6,37
07/07/2011,MCN,GA,ASO,ES,Federal Contract Tower,1,8,21,0,30,0,0,8,0,8,1,8,29,0,38,2,0,2,40
07/08/2011,MCN,GA,ASO,ES,Federal Contract Tower,0,5,21,4,30,0,2,6,0,8,0,7,27,4,38,0,0,0,38
07/09/2011,MCN,GA,ASO,ES,Federal Contract Tower,0,6,7,0,13,0,0,16,1,17,0,6,23,1,30,0,0,0,30
07/10/2011,MCN,GA,ASO,ES,Federal Contract Tower,1,9,17,1,28,0,0,5,0,5,1,9,22,1,33,0,2,2,35
07/11/2011,MCN,GA,ASO,ES,Federal Contract Tower,1,6,6,1,14,0,0,11,0,11,1,6,17,1,25,2,0,2,27
07/12/2011,MCN,GA,ASO,ES,Federal Contract Tower,0,4,22,0,26,0,0,10,5,15,0,4,32,5,41,0,0,0,41
07/13/2011,MCN,GA,ASO,ES,Federal Contract Tower,0,4,14,0,18,0,0,10,1,11,0,4,24,1,29,4,0,4,33
07/14/2011,MCN,GA,ASO,ES,Federal Contract Tower,0,3,20,0,23,0,4,7,0,11,0,7,27,0,34,6,0,6,40
07/15/2011,MCN,GA,ASO,ES,Federal Contract Tower,0,4,24,0,28,0,0,0,0,0,0,4,24,0,28,0,0,0,28
07/16/2011,MCN,GA,ASO,ES,Federal Contract Tower,0,2,2,0,4,0,0,7,0,7,0,2,9,0,11,0,0,0,11
07/17/2011,MCN,GA,ASO,ES,Federal Contract Tower,0,6,9,0,15,0,0,3,10,13,0,6,12,10,28,0,0,0,28
07/18/2011,MCN,GA,ASO,ES,Federal Contract Tower,0,13,20,3,36,0,0,16,4,20,0,13,36,7,56,4,0,4,60
07/19/2011,MCN,GA,ASO,ES,Federal Contract Tower,0,8,17,0,25,0,0,18,0,18,0,8,35,0,43,8,0,8,51
07/20/2011,MCN,GA,ASO,ES,Federal Contract Tower,0,4,16,0,20,0,2,18,0,20,0,6,34,0,40,12,0,12,52
07/21/2011,MCN,GA,ASO,ES,Federal Contract Tower,0,8,20,6,34,0,0,12,0,12,0,8,32,6,46,8,0,8,54
07/22/2011,MCN,GA,ASO,ES,Federal Contract Tower,0,3,13,0,16,0,5,7,0,12,0,8,20,0,28,4,0,4,32
07/23/2011,MCN,GA,ASO,ES,Federal Contract Tower,0,0,16,5,21,0,6,28,4,38,0,6,44,9,59,8,0,8,67
07/24/2011,MCN,GA,ASO,ES,Federal Contract Tower,0,2,12,0,14,0,2,12,0,14,0,4,24,0,28,12,0,12,40
07/25/2011,MCN,GA,ASO,ES,Federal Contract Tower,0,6,17,0,23,0,0,2,0,2,0,6,19,0,25,0,0,0,25
07/26/2011,MCN,GA,ASO,ES,Federal Contract Tower,1,8,14,0,23,0,0,0,0,0,1,8,14,0,23,0,0,0,23
07/27/2011,MCN,GA,ASO,ES,Federal Contract Tower,1,4,22,0,27,0,0,2,0,2,1,4,24,0,29,2,0,2,31
07/28/2011,MCN,GA,ASO,ES,Federal Contract Tower,1,14,34,0,49,0,4,17,1,22,1,18,51,1,71,10,0,10,81
07/29/2011,MCN,GA,ASO,ES,Federal Contract Tower,0,8,30,8,46,0,0,9,4,13,0,8,39,12,59,0,0,0,59
07/30/2011,MCN,GA,ASO,ES,Federal Contract Tower,0,10,6,2,18,0,0,19,0,19,0,10,25,2,37,16,0,16,53
07/31/2011,MCN,GA,ASO,ES,Federal Contract Tower,0,4,11,4,19,0,1,7,2,10,0,5,18,6,29,8,0,8,37
08/01/2011,MCN,GA,ASO,ES,Federal Contract Tower,0,7,33,3,43,0,0,15,5,20,0,7,48,8,63,16,6,22,85
08/02/2011,MCN,GA,ASO,ES,Federal Contract Tower,1,12,31,0,44,0,2,19,4,25,1,14,50,4,69,10,0,10,79
08/03/2011,MCN,GA,ASO,ES,Federal Contract Tower,0,8,20,0,28,0,1,13,0,14,0,9,33,0,42,10,0,10,52
08/04/2011,MCN,GA,ASO,ES,Federal Contract Tower,1,7,28,0,36,0,2,7,0,9,1,9,35,0,45,4,0,4,49
08/05/2011,MCN,GA,ASO,ES,Federal Contract Tower,0,5,18,5,28,0,1,15,9,25,0,6,33,14,53,2,0,2,55
08/06/2011,MCN,GA,ASO,ES,Federal Contract Tower,0,3,9,0,12,0,1,3,4,8,0,4,12,4,20,0,2,2,22
08/07/2011,MCN,GA,ASO,ES,Federal Contract Tower,0,0,9,0,9,0,4,9,2,15,0,4,18,2,24,2,2,4,28
08/08/2011,MCN,GA,ASO,ES,Federal Contract Tower,0,7,14,0,21,0,0,24,3,27,0,7,38,3,48,16,0,16,64
08/09/2011,MCN,GA,ASO,ES,Federal Contract Tower,2,8,18,1,29,0,0,4,1,5,2,8,22,2,34,0,0,0,34
08/10/2011,MCN,GA,ASO,ES,Federal Contract Tower,3,2,24,0,29,0,2,17,2,21,3,4,41,2,50,4,0,4,54
08/11/2011,MCN,GA,ASO,ES,Federal Contract Tower,0,3,13,0,16,0,6,10,0,16,0,9,23,0,32,4,0,4,36
08/12/2011,MCN,GA,ASO,ES,Federal Contract Tower,0,6,19,0,25,0,4,15,5,24,0,10,34,5,49,8,0,8,57
08/13/2011,MCN,GA,ASO,ES,Federal Contract Tower,0,0,11,0,11,0,4,10,0,14,0,4,21,0,25,6,0,6,31
08/14/2011,MCN,GA,ASO,ES,Federal Contract Tower,0,3,5,1,9,0,5,5,5,15,0,8,10,6,24,0,4,4,28
08/15/2011,MCN,GA,ASO,ES,Federal Contract Tower,0,8,15,0,23,0,0,17,0,17,0,8,32,0,40,12,0,12,52
08/16/2011,MCN,GA,ASO,ES,Federal Contract Tower,2,8,30,0,40,0,4,21,4,29,2,12,51,4,69,26,0,26,95
08/17/2011,MCN,GA,ASO,ES,Federal Contract Tower,4,7,8,9,28,0,0,18,3,21,4,7,26,12,49,2,0,2,51
08/18/2011,MCN,GA,ASO,ES,Federal Contract Tower,1,15,12,0,28,0,0,4,0,4,1,15,16,0,32,0,0,0,32
08/19/2011,MCN,GA,ASO,ES,Federal Contract Tower,0,9,22,0,31,0,0,24,0,24,0,9,46,0,55,10,0,10,65
08/20/2011,MCN,GA,ASO,ES,Federal Contract Tower,2,6,14,0,22,0,0,9,0,9,2,6,23,0,31,4,0,4,35
08/21/2011,MCN,GA,ASO,ES,Federal Contract Tower,0,8,7,0,15,0,0,6,0,6,0,8,13,0,21,4,0,4,25
08/22/2011,MCN,GA,ASO,ES,Federal Contract Tower,0,8,24,0,32,0,1,14,2,17,0,9,38,2,49,6,0,6,55
08/23/2011,MCN,GA,ASO,ES,Federal Contract Tower,2,7,18,0,27,0,0,17,10,27,2,7,35,10,54,6,8,14,68
08/24/2011,MCN,GA,ASO,ES,Federal Contract Tower,0,8,26,2,36,0,0,18,0,18,0,8,44,2,54,4,0,4,58
08/25/2011,MCN,GA,ASO,ES,Federal Contract Tower,0,8,15,1,24,0,0,7,10,17,0,8,22,11,41,0,0,0,41
08/26/2011,MCN,GA,ASO,ES,Federal Contract Tower,0,8,20,0,28,0,0,6,2,8,0,8,26,2,36,6,0,6,42
08/27/2011,MCN,GA,ASO,ES,Federal Contract Tower,0,6,10,0,16,0,0,18,2,20,0,6,28,2,36,2,0,2,38
08/28/2011,MCN,GA,ASO,ES,Federal Contract Tower,1,6,5,0,12,0,0,7,6,13,1,6,12,6,25,0,0,0,25
08/29/2011,MCN,GA,ASO,ES,Federal Contract Tower,0,10,8,0,18,0,0,7,0,7,0,10,15,0,25,6,0,6,31
08/30/2011,MCN,GA,ASO,ES,Federal Contract Tower,1,12,23,2,38,0,0,5,8,13,1,12,28,10,51,0,0,0,51
08/31/2011,MCN,GA,ASO,ES,Federal Contract Tower,0,8,20,0,28,0,0,16,0,16,0,8,36,0,44,7,0,7,51
09/01/2011,MCN,GA,ASO,ES,Federal Contract Tower,0,11,15,0,26,0,0,15,2,17,0,11,30,2,43,2,0,2,45
09/02/2011,MCN,GA,ASO,ES,Federal Contract Tower,0,8,19,0,27,0,0,5,2,7,0,8,24,2,34,10,0,10,44
09/03/2011,MCN,GA,ASO,ES,Federal Contract Tower,0,7,4,0,11,0,0,5,0,5,0,7,9,0,16,0,0,0,16
09/04/2011,MCN,GA,ASO,ES,Federal Contract Tower,0,2,3,0,5,0,0,0,0,0,0,2,3,0,5,0,0,0,5
09/05/2011,MCN,GA,ASO,ES,Federal Contract Tower,0,4,8,0,12,0,0,2,0,2,0,4,10,0,14,0,0,0,14
09/06/2011,MCN,GA,ASO,ES,Federal Contract Tower,3,10,17,0,30,0,0,0,0,0,3,10,17,0,30,0,0,0,30
09/07/2011,MCN,GA,ASO,ES,Federal Contract Tower,0,6,25,0,31,0,0,4,0,4,0,6,29,0,35,6,0,6,41
09/08/2011,MCN,GA,ASO,ES,Federal Contract Tower,0,12,22,0,34,0,2,12,6,20,0,14,34,6,54,10,0,10,64
09/09/2011,MCN,GA,ASO,ES,Federal Contract Tower,0,1,12,0,13,0,4,14,3,21,0,5,26,3,34,6,0,6,40
09/10/2011,MCN,GA,ASO,ES,Federal Contract Tower,0,8,15,2,25,0,0,5,0,5,0,8,20,2,30,6,0,6,36
09/11/2011,MCN,GA,ASO,ES,Federal Contract Tower,1,4,12,0,17,0,0,12,0,12,1,4,24,0,29,6,0,6,35
09/12/2011,MCN,GA,ASO,ES,Federal Contract Tower,0,7,15,2,24,0,6,21,0,27,0,13,36,2,51,0,0,0,51
09/13/2011,MCN,GA,ASO,ES,Federal Contract Tower,1,10,18,0,29,0,0,17,0,17,1,10,35,0,46,20,0,20,66
09/14/2011,MCN,GA,ASO,ES,Federal Contract Tower,5,2,35,0,42,0,2,16,0,18,5,4,51,0,60,0,0,0,60
09/15/2011,MCN,GA,ASO,ES,Federal Contract Tower,1,9,16,4,30,0,0,11,0,11,1,9,27,4,41,0,0,0,41
09/16/2011,MCN,GA,ASO,ES,Federal Contract Tower,0,6,16,0,22,0,4,9,2,15,0,10,25,2,37,2,0,2,39
09/17/2011,MCN,GA,ASO,ES,Federal Contract Tower,1,4,9,0,14,0,0,2,0,2,1,4,11,0,16,0,0,0,16
09/18/2011,MCN,GA,ASO,ES,Federal Contract Tower,0,2,11,2,15,0,2,1,4,7,0,4,12,6,22,0,2,2,24
09/19/2011,MCN,GA,ASO,ES,Federal Contract Tower,4,5,20,0,29,0,1,19,9,29,4,6,39,9,58,6,8,14,72
09/20/2011,MCN,GA,ASO,ES,Federal Contract Tower,0,9,35,0,44,0,0,13,2,15,0,9,48,2,59,10,0,10,69
09/21/2011,MCN,GA,ASO,ES,Federal Contract Tower,0,6,27,2,35,0,0,7,0,7,0,6,34,2,42,4,0,4,46
09/22/2011,MCN,GA,ASO,ES,Federal Contract Tower,0,6,39,0,45,0,2,4,0,6,0,8,43,0,51,4,0,4,55
09/23/2011,MCN,GA,ASO,ES,Federal Contract Tower,0,6,26,14,46,0,0,6,4,10,0,6,32,18,56,8,0,8,64
09/24/2011,MCN,GA,ASO,ES,Federal Contract Tower,4,8,4,1,17,0,0,16,2,18,4,8,20,3,35,10,0,10,45
09/25/2011,MCN,GA,ASO,ES,Federal Contract Tower,0,7,21,4,32,0,0,5,4,9,0,7,26,8,41,4,0,4,45
09/26/2011,MCN,GA,ASO,ES,Federal Contract Tower,0,8,18,1,27,0,4,4,1,9,0,12,22,2,36,0,0,0,36
09/27/2011,MCN,GA,ASO,ES,Federal Contract Tower,0,8,24,1,33,0,0,4,0,4,0,8,28,1,37,0,0,0,37
09/28/2011,MCN,GA,ASO,ES,Federal Contract Tower,0,3,19,0,22,0,0,11,2,13,0,3,30,2,35,12,0,12,47
09/29/2011,MCN,GA,ASO,ES,Federal Contract Tower,0,5,18,0,23,0,1,15,2,18,0,6,33,2,41,6,0,6,47
09/30/2011,MCN,GA,ASO,ES,Federal Contract Tower,0,8,32,0,40,0,2,10,0,12,0,10,42,0,52,0,0,0,52
10/01/2011,MCN,GA,ASO,ES,Federal Contract Tower,0,2,17,3,22,0,0,12,3,15,0,2,29,6,37,2,0,2,39
10/02/2011,MCN,GA,ASO,ES,Federal Contract Tower,1,6,10,2,19,3,0,9,0,12,4,6,19,2,31,10,0,10,41
10/03/2011,MCN,GA,ASO,ES,Federal Contract Tower,1,5,10,0,16,0,2,19,0,21,1,7,29,0,37,8,0,8,45
10/04/2011,MCN,GA,ASO,ES,Federal Contract Tower,0,8,24,0,32,0,1,13,0,14,0,9,37,0,46,10,0,10,56
10/05/2011,MCN,GA,ASO,ES,Federal Contract Tower,1,10,11,2,24,0,0,24,0,24,1,10,35,2,48,12,0,12,60
10/06/2011,MCN,GA,ASO,ES,Federal Contract Tower,0,11,17,0,28,0,0,14,1,15,0,11,31,1,43,8,2,10,53
10/07/2011,MCN,GA,ASO,ES,Federal Contract Tower,0,6,33,0,39,0,0,6,0,6,0,6,39,0,45,0,0,0,45
10/08/2011,MCN,GA,ASO,ES,Federal Contract Tower,0,4,8,0,12,0,0,8,0,8,0,4,16,0,20,0,0,0,20
10/09/2011,MCN,GA,ASO,ES,Federal Contract Tower,0,6,14,3,23,0,0,2,0,2,0,6,16,3,25,0,0,0,25
10/10/2011,MCN,GA,ASO,ES,Federal Contract Tower,1,0,5,0,6,0,0,3,0,3,1,0,8,0,9,0,0,0,9
10/11/2011,MCN,GA,ASO,ES,Federal Contract Tower,0,8,19,0,27,0,0,0,0,0,0,8,19,0,27,0,0,0,27
10/12/2011,MCN,GA,ASO,ES,Federal Contract Tower,0,9,24,2,35,0,0,3,0,3,0,9,27,2,38,0,0,0,38
10/13/2011,MCN,GA,ASO,ES,Federal Contract Tower,0,8,21,0,29,0,0,10,0,10,0,8,31,0,39,4,0,4,43
10/14/2011,MCN,GA,ASO,ES,Federal Contract Tower,1,8,27,8,44,0,8,19,13,40,1,16,46,21,84,6,4,10,94
10/15/2011,MCN,GA,ASO,ES,Federal Contract Tower,3,6,8,2,19,0,0,15,1,16,3,6,23,3,35,2,0,2,37
10/16/2011,MCN,GA,ASO,ES,Federal Contract Tower,0,7,17,3,27,0,0,18,7,25,0,7,35,10,52,0,0,0,52
10/17/2011,MCN,GA,ASO,ES,Federal Contract Tower,3,9,13,0,25,0,2,20,4,26,3,11,33,4,51,6,0,6,57
10/18/2011,MCN,GA,ASO,ES,Federal Contract Tower,0,7,20,1,28,0,0,0,1,1,0,7,20,2,29,0,0,0,29
10/19/2011,MCN,GA,ASO,ES,Federal Contract Tower,0,9,13,7,29,0,0,3,0,3,0,9,16,7,32,0,0,0,32
10/20/2011,MCN,GA,ASO,ES,Federal Contract Tower,0,8,22,0,30,0,0,8,0,8,0,8,30,0,38,2,0,2,40
10/21/2011,MCN,GA,ASO,ES,Federal Contract Tower,0,8,21,1,30,0,2,18,9,29,0,10,39,10,59,4,0,4,63
10/22/2011,MCN,GA,ASO,ES,Federal Contract Tower,0,6,12,10,28,0,0,5,4,9,0,6,17,14,37,0,4,4,41
10/23/2011,MCN,GA,ASO,ES,Federal Contract Tower,1,0,18,4,23,0,4,9,2,15,1,4,27,6,38,0,0,0,38
10/24/2011,MCN,GA,ASO,ES,Federal Contract Tower,0,5,6,5,16,0,2,11,2,15,0,7,17,7,31,12,4,16,47
10/25/2011,MCN,GA,ASO,ES,Federal Contract Tower,1,10,15,0,26,0,0,8,2,10,1,10,23,2,36,0,0,0,36
10/26/2011,MCN,GA,ASO,ES,Federal Contract Tower,0,10,21,0,31,0,0,19,3,22,0,10,40,3,53,12,8,20,73
10/27/2011,MCN,GA,ASO,ES,Federal Contract Tower,3,4,24,1,32,0,0,18,2,20,3,4,42,3,52,10,2,12,64
10/28/2011,MCN,GA,ASO,ES,Federal Contract Tower,0,8,21,1,30,0,4,9,0,13,0,12,30,1,43,8,0,8,51
10/29/2011,MCN,GA,ASO,ES,Federal Contract Tower,0,2,20,1,23,0,0,4,1,5,0,2,24,2,28,0,0,0,28
10/30/2011,MCN,GA,ASO,ES,Federal Contract Tower,0,8,6,13,27,0,2,11,5,18,0,10,17,18,45,2,2,4,49
10/31/2011,MCN,GA,ASO,ES,Federal Contract Tower,0,6,16,4,26,0,6,7,0,13,0,12,23,4,39,6,0,6,45
11/01/2011,MCN,GA,ASO,ES,Federal Contract Tower,0,7,15,2,24,0,4,10,0,14,0,11,25,2,38,2,0,2,40
11/02/2011,MCN,GA,ASO,ES,Federal Contract Tower,0,6,17,0,23,0,4,16,0,20,0,10,33,0,43,8,0,8,51
11/03/2011,MCN,GA,ASO,ES,Federal Contract Tower,2,9,17,1,29,0,2,7,1,10,2,11,24,2,39,8,0,8,47
11/04/2011,MCN,GA,ASO,ES,Federal Contract Tower,0,4,12,2,18,0,6,4,2,12,0,10,16,4,30,2,0,2,32
11/05/2011,MCN,GA,ASO,ES,Federal Contract Tower,0,0,8,0,8,0,6,9,0,15,0,6,17,0,23,0,0,0,23
11/06/2011,MCN,GA,ASO,ES,Federal Contract Tower,1,1,18,0,20,0,4,5,7,16,1,5,23,7,36,0,4,4,40
11/07/2011,MCN,GA,ASO,ES,Federal Contract Tower,1,9,7,0,17,0,0,8,7,15,1,9,15,7,32,4,0,4,36
11/08/2011,MCN,GA,ASO,ES,Federal Contract Tower,0,5,20,3,28,0,2,13,2,17,0,7,33,5,45,8,8,16,61
11/09/2011,MCN,GA,ASO,ES,Federal Contract Tower,2,6,17,7,32,0,0,13,2,15,2,6,30,9,47,6,0,6,53
11/10/2011,MCN,GA,ASO,ES,Federal Contract Tower,1,14,19,0,34,0,2,12,0,14,1,16,31,0,48,10,0,10,58
11/11/2011,MCN,GA,ASO,ES,Federal Contract Tower,1,7,21,0,29,0,0,17,0,17,1,7,38,0,46,16,0,16,62
11/12/2011,MCN,GA,ASO,ES,Federal Contract Tower,0,3,8,0,11,0,0,15,4,19,0,3,23,4,30,0,0,0,30
11/13/2011,MCN,GA,ASO,ES,Federal Contract Tower,0,0,14,12,26,0,6,6,2,14,0,6,20,14,40,0,0,0,40
11/14/2011,MCN,GA,ASO,ES,Federal Contract Tower,0,2,15,1,18,0,6,8,1,15,0,8,23,2,33,0,0,0,33
11/15/2011,MCN,GA,ASO,ES,Federal Contract Tower,0,6,27,0,33,0,0,17,0,17,0,6,44,0,50,2,0,2,52
11/16/2011,MCN,GA,ASO,ES,Federal Contract Tower,0,6,16,0,22,0,0,6,0,6,0,6,22,0,28,0,0,0,28
11/17/2011,MCN,GA,ASO,ES,Federal Contract Tower,0,3,34,12,49,0,6,11,0,17,0,9,45,12,66,6,0,6,72
11/18/2011,MCN,GA,ASO,ES,Federal Contract Tower,0,6,18,2,26,0,0,17,0,17,0,6,35,2,43,24,0,24,67
11/19/2011,MCN,GA,ASO,ES,Federal Contract Tower,0,2,12,3,17,0,0,12,1,13,0,2,24,4,30,0,2,2,32
11/20/2011,MCN,GA,ASO,ES,Federal Contract Tower,0,1,10,10,21,0,1,6,0,7,0,2,16,10,28,0,0,0,28
11/21/2011,MCN,GA,ASO,ES,Federal Contract Tower,0,4,12,1,17,0,2,9,1,12,0,6,21,2,29,2,0,2,31
11/22/2011,MCN,GA,ASO,ES,Federal Contract Tower,0,5,28,0,33,0,5,21,0,26,0,10,49,0,59,10,0,10,69
11/23/2011,MCN,GA,ASO,ES,Federal Contract Tower,0,2,14,0,16,0,2,4,0,6,0,4,18,0,22,0,0,0,22
11/24/2011,MCN,GA,ASO,ES,Federal Contract Tower,0,0,14,0,14,0,0,3,0,3,0,0,17,0,17,0,0,0,17
11/25/2011,MCN,GA,ASO,ES,Federal Contract Tower,0,6,8,0,14,0,0,13,0,13,0,6,21,0,27,0,0,0,27
11/26/2011,MCN,GA,ASO,ES,Federal Contract Tower,5,6,17,0,28,0,0,13,0,13,5,6,30,0,41,0,0,0,41
11/27/2011,MCN,GA,ASO,ES,Federal Contract Tower,1,4,22,0,27,0,5,10,0,15,1,9,32,0,42,6,0,6,48
11/28/2011,MCN,GA,ASO,ES,Federal Contract Tower,0,3,19,0,22,0,0,0,0,0,0,3,19,0,22,0,0,0,22
11/29/2011,MCN,GA,ASO,ES,Federal Contract Tower,0,4,14,4,22,0,1,0,0,1,0,5,14,4,23,0,8,8,31
11/30/2011,MCN,GA,ASO,ES,Federal Contract Tower,0,13,25,4,42,0,2,7,4,13,0,15,32,8,55,0,0,0,55
12/01/2011,MCN,GA,ASO,ES,Federal Contract Tower,2,6,11,2,21,0,2,15,2,19,2,8,26,4,40,4,0,4,44
12/02/2011,MCN,GA,ASO,ES,Federal Contract Tower,0,11,19,13,43,0,0,14,6,20,0,11,33,19,63,2,0,2,65
12/03/2011,MCN,GA,ASO,ES,Federal Contract Tower,0,2,8,0,10,0,6,23,0,29,0,8,31,0,39,0,0,0,39
12/04/2011,MCN,GA,ASO,ES,Federal Contract Tower,0,0,8,7,15,0,4,7,3,14,0,4,15,10,29,8,0,8,37
12/05/2011,MCN,GA,ASO,ES,Federal Contract Tower,0,2,14,0,16,0,4,0,0,4,0,6,14,0,20,0,0,0,20
12/06/2011,MCN,GA,ASO,ES,Federal Contract Tower,0,11,13,0,24,0,0,0,0,0,0,11,13,0,24,0,0,0,24
12/07/2011,MCN,GA,ASO,ES,Federal Contract Tower,2,4,18,4,28,0,0,0,0,0,2,4,18,4,28,0,0,0,28
12/08/2011,MCN,GA,ASO,ES,Federal Contract Tower,0,6,15,0,21,0,4,14,2,20,0,10,29,2,41,6,0,6,47
12/09/2011,MCN,GA,ASO,ES,Federal Contract Tower,3,6,23,1,33,0,0,8,5,13,3,6,31,6,46,2,0,2,48
12/10/2011,MCN,GA,ASO,ES,Federal Contract Tower,1,4,5,0,10,0,0,10,0,10,1,4,15,0,20,2,0,2,22
12/11/2011,MCN,GA,ASO,ES,Federal Contract Tower,1,2,24,0,27,0,0,8,0,8,1,2,32,0,35,0,0,0,35
12/12/2011,MCN,GA,ASO,ES,Federal Contract Tower,0,8,11,0,19,0,0,0,0,0,0,8,11,0,19,0,0,0,19
12/13/2011,MCN,GA,ASO,ES,Federal Contract Tower,0,7,18,0,25,0,0,16,0,16,0,7,34,0,41,2,0,2,43
12/14/2011,MCN,GA,ASO,ES,Federal Contract Tower,1,4,12,2,19,0,4,11,5,20,1,8,23,7,39,0,0,0,39
12/15/2011,MCN,GA,ASO,ES,Federal Contract Tower,3,2,17,12,34,0,8,8,4,20,3,10,25,16,54,4,6,10,64
12/16/2011,MCN,GA,ASO,ES,Federal Contract Tower,0,8,26,5,39,0,0,6,1,7,0,8,32,6,46,0,0,0,46
12/17/2011,MCN,GA,ASO,ES,Federal Contract Tower,0,6,3,0,9,0,0,12,1,13,0,6,15,1,22,0,0,0,22
12/18/2011,MCN,GA,ASO,ES,Federal Contract Tower,0,2,12,0,14,0,2,15,0,17,0,4,27,0,31,4,0,4,35
12/19/2011,MCN,GA,ASO,ES,Federal Contract Tower,0,4,22,0,26,0,0,15,0,15,0,4,37,0,41,10,0,10,51
12/20/2011,MCN,GA,ASO,ES,Federal Contract Tower,1,2,17,0,20,0,0,6,0,6,1,2,23,0,26,0,0,0,26
12/21/2011,MCN,GA,ASO,ES,Federal Contract Tower,0,6,29,0,35,0,0,1,0,1,0,6,30,0,36,0,0,0,36
12/22/2011,MCN,GA,ASO,ES,Federal Contract Tower,0,2,24,2,28,0,0,1,0,1,0,2,25,2,29,0,0,0,29
12/23/2011,MCN,GA,ASO,ES,Federal Contract Tower,0,8,9,0,17,0,0,3,0,3,0,8,12,0,20,4,0,4,24
12/24/2011,MCN,GA,ASO,ES,Federal Contract Tower,0,2,10,0,12,0,0,3,0,3,0,2,13,0,15,0,0,0,15
12/25/2011,MCN,GA,ASO,ES,Federal Contract Tower,0,0,1,0,1,0,0,0,0,0,0,0,1,0,1,0,0,0,1
12/26/2011,MCN,GA,ASO,ES,Federal Contract Tower,1,0,16,0,17,0,2,7,0,9,1,2,23,0,26,0,0,0,26
12/27/2011,MCN,GA,ASO,ES,Federal Contract Tower,0,8,9,0,17,0,0,0,0,0,0,8,9,0,17,0,0,0,17
12/28/2011,MCN,GA,ASO,ES,Federal Contract Tower,0,7,18,0,25,0,4,13,0,17,0,11,31,0,42,6,0,6,48
12/29/2011,MCN,GA,ASO,ES,Federal Contract Tower,1,8,9,0,18,0,2,16,0,18,1,10,25,0,36,6,0,6,42
12/30/2011,MCN,GA,ASO,ES,Federal Contract Tower,2,9,27,0,38,0,0,9,0,9,2,9,36,0,47,6,0,6,53
12/31/2011,MCN,GA,ASO,ES,Federal Contract Tower,1,8,9,0,18,0,0,14,0,14,1,8,23,0,32,10,0,10,42
01/01/2012,MCN,GA,ASO,ES,Federal Contract Tower,1,0,5,0,6,0,0,3,0,3,1,0,8,0,9,0,0,0,9
01/02/2012,MCN,GA,ASO,ES,Federal Contract Tower,0,4,11,0,15,0,0,10,0,10,0,4,21,0,25,0,0,0,25
01/03/2012,MCN,GA,ASO,ES,Federal Contract Tower,2,2,14,0,18,0,4,9,0,13,2,6,23,0,31,0,0,0,31
01/04/2012,MCN,GA,ASO,ES,Federal Contract Tower,0,4,20,2,26,0,0,12,0,12,0,4,32,2,38,2,0,2,40
01/05/2012,MCN,GA,ASO,ES,Federal Contract Tower,0,4,13,0,17,0,0,15,0,15,0,4,28,0,32,4,0,4,36
01/06/2012,MCN,GA,ASO,ES,Federal Contract Tower,0,8,17,4,29,0,0,6,2,8,0,8,23,6,37,0,0,0,37
01/07/2012,MCN,GA,ASO,ES,Federal Contract Tower,0,4,8,5,17,0,0,6,0,6,0,4,14,5,23,0,0,0,23
01/08/2012,MCN,GA,ASO,ES,Federal Contract Tower,2,6,13,2,23,0,0,0,0,0,2,6,13,2,23,0,0,0,23
01/09/2012,MCN,GA,ASO,ES,Federal Contract Tower,0,12,14,5,31,0,4,5,1,10,0,16,19,6,41,0,2,2,43
01/10/2012,MCN,GA,ASO,ES,Federal Contract Tower,0,9,19,0,28,0,0,0,2,2,0,9,19,2,30,0,0,0,30
01/11/2012,MCN,GA,ASO,ES,Federal Contract Tower,0,5,12,4,21,0,2,8,0,10,0,7,20,4,31,0,0,0,31
01/12/2012,MCN,GA,ASO,ES,Federal Contract Tower,0,12,12,8,32,0,1,6,2,9,0,13,18,10,41,0,0,0,41
01/13/2012,MCN,GA,ASO,ES,Federal Contract Tower,0,4,14,7,25,0,3,9,1,13,0,7,23,8,38,0,0,0,38
01/14/2012,MCN,GA,ASO,ES,Federal Contract Tower,0,2,14,0,16,0,1,14,0,15,0,3,28,0,31,4,0,4,35
01/15/2012,MCN,GA,ASO,ES,Federal Contract Tower,0,2,4,0,6,0,0,12,0,12,0,2,16,0,18,0,0,0,18
01/16/2012,MCN,GA,ASO,ES,Federal Contract Tower,1,0,10,1,12,0,0,17,1,18,1,0,27,2,30,2,0,2,32
01/17/2012,MCN,GA,ASO,ES,Federal Contract Tower,0,2,17,0,19,0,0,14,0,14,0,2,31,0,33,2,0,2,35
01/18/2012,MCN,GA,ASO,ES,Federal Contract Tower,0,2,17,4,23,0,6,18,1,25,0,8,35,5,48,0,0,0,48
01/19/2012,MCN,GA,ASO,ES,Federal Contract Tower,0,6,16,0,22,0,0,14,0,14,0,6,30,0,36,2,0,2,38
01/20/2012,MCN,GA,ASO,ES,Federal Contract Tower,0,6,15,3,24,0,0,3,0,3,0,6,18,3,27,0,0,0,27
01/21/2012,MCN,GA,ASO,ES,Federal Contract Tower,5,0,5,0,10,0,0,4,0,4,5,0,9,0,14,0,0,0,14
01/22/2012,MCN,GA,ASO,ES,Federal Contract Tower,0,1,14,5,20,0,0,0,0,0,0,1,14,5,20,0,0,0,20
01/23/2012,MCN,GA,ASO,ES,Federal Contract Tower,0,4,10,1,15,0,0,0,0,0,0,4,10,1,15,0,0,0,15
01/24/2012,MCN,GA,ASO,ES,Federal Contract Tower,3,4,29,0,36,0,0,15,0,15,3,4,44,0,51,12,0,12,63
01/25/2012,MCN,GA,ASO,ES,Federal Contract Tower,2,10,27,0,39,0,0,16,0,16,2,10,43,0,55,4,0,4,59
01/26/2012,MCN,GA,ASO,ES,Federal Contract Tower,0,9,23,0,32,0,0,6,0,6,0,9,29,0,38,4,0,4,42
01/27/2012,MCN,GA,ASO,ES,Federal Contract Tower,0,6,23,0,29,0,2,15,0,17,0,8,38,0,46,4,0,4,50
01/28/2012,MCN,GA,ASO,ES,Federal Contract Tower,2,8,14,0,24,0,0,32,1,33,2,8,46,1,57,0,0,0,57
01/29/2012,MCN,GA,ASO,ES,Federal Contract Tower,1,10,6,3,20,0,0,16,1,17,1,10,22,4,37,6,0,6,43
01/30/2012,MCN,GA,ASO,ES,Federal Contract Tower,1,10,14,0,25,0,0,15,0,15,1,10,29,0,40,0,0,0,40
01/31/2012,MCN,GA,ASO,ES,Federal Contract Tower,0,9,27,5,41,0,0,21,3,24,0,9,48,8,65,10,2,12,77
02/01/2012,MCN,GA,ASO,ES,Federal Contract Tower,1,9,20,0,30,0,0,13,0,13,1,9,33,0,43,2,0,2,45
02/02/2012,MCN,GA,ASO,ES,Federal Contract Tower,1,7,18,4,30,0,0,7,5,12,1,7,25,9,42,6,0,6,48
02/03/2012,MCN,GA,ASO,ES,Federal Contract Tower,0,12,29,7,48,0,0,13,2,15,0,12,42,9,63,0,0,0,63
02/04/2012,MCN,GA,ASO,ES,Federal Contract Tower,0,5,10,0,15,0,0,2,0,2,0,5,12,0,17,0,0,0,17
02/05/2012,MCN,GA,ASO,ES,Federal Contract Tower,0,4,0,0,4,0,0,8,0,8,0,4,8,0,12,2,0,2,14
02/06/2012,MCN,GA,ASO,ES,Federal Contract Tower,1,10,13,2,26,0,0,2,0,2,1,10,15,2,28,0,0,0,28
02/07/2012,MCN,GA,ASO,ES,Federal Contract Tower,0,4,21,0,25,0,0,10,0,10,0,4,31,0,35,8,0,8,43
02/08/2012,MCN,GA,ASO,ES,Federal Contract Tower,1,6,19,1,27,0,0,18,3,21,1,6,37,4,48,6,0,6,54
02/09/2012,MCN,GA,ASO,ES,Federal Contract Tower,1,8,14,0,23,0,0,7,10,17,1,8,21,10,40,0,0,0,40
02/10/2012,MCN,GA,ASO,ES,Federal Contract Tower,0,8,22,5,35,0,0,7,2,9,0,8,29,7,44,0,4,4,48
02/11/2012,MCN,GA,ASO,ES,Federal Contract Tower,2,0,5,0,7,0,0,3,0,3,2,0,8,0,10,4,0,4,14
02/12/2012,MCN,GA,ASO,ES,Federal Contract Tower,0,2,9,0,11,0,0,13,0,13,0,2,22,0,24,0,0,0,24
02/13/2012,MCN,GA,ASO,ES,Federal Contract Tower,0,8,9,0,17,0,0,8,2,10,0,8,17,2,27,0,0,0,27
02/14/2012,MCN,GA,ASO,ES,Federal Contract Tower,0,9,7,0,16,0,0,0,0,0,0,9,7,0,16,0,0,0,16
02/15/2012,MCN,GA,ASO,ES,Federal Contract Tower,0,6,28,1,35,0,0,10,1,11,0,6,38,2,46,4,0,4,50
02/16/2012,MCN,GA,ASO,ES,Federal Contract Tower,0,4,27,0,31,0,0,1,0,1,0,4,28,0,32,0,0,0,32
02/17/2012,MCN,GA,ASO,ES,Federal Contract Tower,3,6,13,0,22,0,0,10,0,10,3,6,23,0,32,4,0,4,36
02/18/2012,MCN,GA,ASO,ES,Federal Contract Tower,0,4,7,0,11,0,0,2,0,2,0,4,9,0,13,0,0,0,13
02/19/2012,MCN,GA,ASO,ES,Federal Contract Tower,0,2,6,2,10,0,0,0,0,0,0,2,6,2,10,0,0,0,10
02/20/2012,MCN,GA,ASO,ES,Federal Contract Tower,0,7,23,2,32,0,0,19,0,19,0,7,42,2,51,16,0,16,67
02/21/2012,MCN,GA,ASO,ES,Federal Contract Tower,0,6,11,0,17,0,0,11,0,11,0,6,22,0,28,2,0,2,30
02/22/2012,MCN,GA,ASO,ES,Federal Contract Tower,4,5,21,6,36,0,0,5,2,7,4,5,26,8,43,4,0,4,47
02/23/2012,MCN,GA,ASO,ES,Federal Contract Tower,2,7,24,0,33,0,0,7,0,7,2,7,31,0,40,0,0,0,40
02/24/2012,MCN,GA,ASO,ES,Federal Contract Tower,0,4,5,0,9,0,0,2,0,2,0,4,7,0,11,2,0,2,13
02/25/2012,MCN,GA,ASO,ES,Federal Contract Tower,0,7,5,0,12,0,2,11,0,13,0,9,16,0,25,2,0,2,27
02/26/2012,MCN,GA,ASO,ES,Federal Contract Tower,0,4,8,6,18,0,0,5,2,7,0,4,13,8,25,4,0,4,29
02/27/2012,MCN,GA,ASO,ES,Federal Contract Tower,1,7,11,2,21,0,0,0,0,0,1,7,11,2,21,0,0,0,21
02/28/2012,MCN,GA,ASO,ES,Federal Contract Tower,0,6,34,0,40,0,0,1,0,1,0,6,35,0,41,0,0,0,41
02/29/2012,MCN,GA,ASO,ES,Federal Contract Tower,1,14,25,4,44,0,0,2,2,4,1,14,27,6,48,0,0,0,48
03/01/2012,MCN,GA,ASO,ES,Federal Contract Tower,0,6,13,2,21,0,2,7,4,13,0,8,20,6,34,8,0,8,42
03/02/2012,MCN,GA,ASO,ES,Federal Contract Tower,0,9,18,5,32,0,0,8,3,11,0,9,26,8,43,0,0,0,43
03/03/2012,MCN,GA,ASO,ES,Federal Contract Tower,0,4,13,0,17,0,0,1,0,1,0,4,14,0,18,0,0,0,18
03/04/2012,MCN,GA,ASO,ES,Federal Contract Tower,0,0,12,1,13,0,0,5,5,10,0,0,17,6,23,0,0,0,23
03/05/2012,MCN,GA,ASO,ES,Federal Contract Tower,0,6,14,1,21,0,0,9,0,9,0,6,23,1,30,4,0,4,34
03/06/2012,MCN,GA,ASO,ES,Federal Contract Tower,0,4,24,0,28,0,0,9,0,9,0,4,33,0,37,2,0,2,39
03/07/2012,MCN,GA,ASO,ES,Federal Contract Tower,0,5,32,1,38,0,0,11,0,11,0,5,43,1,49,0,0,0,49
03/08/2012,MCN,GA,ASO,ES,Federal Contract Tower,0,4,24,1,29,0,0,8,2,10,0,4,32,3,39,0,4,4,43
03/09/2012,MCN,GA,ASO,ES,Federal Contract Tower,1,3,34,8,46,0,0,1,1,2,1,3,35,9,48,0,0,0,48
03/10/2012,MCN,GA,ASO,ES,Federal Contract Tower,4,5,11,0,20,0,0,2,2,4,4,5,13,2,24,0,0,0,24
03/11/2012,MCN,GA,ASO,ES,Federal Contract Tower,1,3,10,2,16,0,0,3,2,5,1,3,13,4,21,0,0,0,21
03/12/2012,MCN,GA,ASO,ES,Federal Contract Tower,4,2,13,4,23,0,0,8,0,8,4,2,21,4,31,0,0,0,31
03/13/2012,MCN,GA,ASO,ES,Federal Contract Tower,2,6,20,0,28,0,2,10,0,12,2,8,30,0,40,2,0,2,42
03/14/2012,MCN,GA,ASO,ES,Federal Contract Tower,0,2,25,0,27,0,0,10,2,12,0,2,35,2,39,0,4,4,43
03/15/2012,MCN,GA,ASO,ES,Federal Contract Tower,0,2,27,0,29,0,0,12,0,12,0,2,39,0,41,14,0,14,55
03/16/2012,MCN,GA,ASO,ES,Federal Contract Tower,6,6,14,4,30,1,0,11,3,15,7,6,25,7,45,4,0,4,49
03/17/2012,MCN,GA,ASO,ES,Federal Contract Tower,1,8,23,0,32,0,0,17,4,21,1,8,40,4,53,8,0,8,61
03/18/2012,MCN,GA,ASO,ES,Federal Contract Tower,0,6,26,4,36,0,0,12,3,15,0,6,38,7,51,6,0,6,57
03/19/2012,MCN,GA,ASO,ES,Federal Contract Tower,2,4,23,0,29,0,0,30,10,40,2,4,53,10,69,4,0,4,73
03/20/2012,MCN,GA,ASO,ES,Federal Contract Tower,0,2,9,0,11,0,0,8,3,11,0,2,17,3,22,0,0,0,22
03/21/2012,MCN,GA,ASO,ES,Federal Contract Tower,0,3,7,0,10,0,2,14,2,18,0,5,21,2,28,2,0,2,30
03/22/2012,MCN,GA,ASO,ES,Federal Contract Tower,3,2,15,2,22,0,0,15,2,17,3,2,30,4,39,14,0,14,53
03/23/2012,MCN,GA,ASO,ES,Federal Contract Tower,1,9,33,0,43,0,0,2,0,2,1,9,35,0,45,6,0,6,51
03/24/2012,MCN,GA,ASO,ES,Federal Contract Tower,2,4,9,2,17,0,1,7,18,26,2,5,16,20,43,0,0,0,43
03/25/2012,MCN,GA,ASO,ES,Federal Contract Tower,0,1,14,13,28,0,0,15,2,17,0,1,29,15,45,0,0,0,45
03/26/2012,MCN,GA,ASO,ES,Federal Contract Tower,0,0,28,0,28,0,4,23,0,27,0,4,51,0,55,8,0,8,63
03/27/2012,MCN,GA,ASO,ES,Federal Contract Tower,3,1,28,2,34,0,0,18,2,20,3,1,46,4,54,4,0,4,58
03/28/2012,MCN,GA,ASO,ES,Federal Contract Tower,0,1,14,4,19,0,2,27,2,31,0,3,41,6,50,8,2,10,60
03/29/2012,MCN,GA,ASO,ES,Federal Contract Tower,1,5,20,0,26,0,2,29,0,31,1,7,49,0,57,6,0,6,63
03/30/2012,MCN,GA,ASO,ES,Federal Contract Tower,1,2,22,2,27,0,0,12,2,14,1,2,34,4,41,4,0,4,45
03/31/2012,MCN,GA,ASO,ES,Federal Contract Tower,1,8,13,0,22,0,0,1,3,4,1,8,14,3,26,0,0,0,26
04/01/2012,MCN,GA,ASO,ES,Federal Contract Tower,0,6,5,0,11,0,0,11,0,11,0,6,16,0,22,0,0,0,22
04/02/2012,MCN,GA,ASO,ES,Federal Contract Tower,1,3,16,0,20,0,0,18,0,18,1,3,34,0,38,0,0,0,38
04/03/2012,MCN,GA,ASO,ES,Federal Contract Tower,0,7,17,2,26,0,0,6,2,8,0,7,23,4,34,4,4,8,42
04/04/2012,MCN,GA,ASO,ES,Federal Contract Tower,0,3,13,0,16,0,2,10,0,12,0,5,23,0,28,2,0,2,30
04/05/2012,MCN,GA,ASO,ES,Federal Contract Tower,0,4,24,0,28,0,0,11,0,11,0,4,35,0,39,4,0,4,43
04/06/2012,MCN,GA,ASO,ES,Federal Contract Tower,0,7,13,4,24,0,0,11,3,14,0,7,24,7,38,12,0,12,50
04/07/2012,MCN,GA,ASO,ES,Federal Contract Tower,0,5,8,0,13,0,1,16,0,17,0,6,24,0,30,6,0,6,36
04/08/2012,MCN,GA,ASO,ES,Federal Contract Tower,0,2,14,0,16,0,0,15,0,15,0,2,29,0,31,0,0,0,31
04/09/2012,MCN,GA,ASO,ES,Federal Contract Tower,0,8,6,2,16,0,0,18,0,18,0,8,24,2,34,6,0,6,40
04/10/2012,MCN,GA,ASO,ES,Federal Contract Tower,3,8,32,2,45,0,0,13,1,14,3,8,45,3,59,0,0,0,59
04/11/2012,MCN,GA,ASO,ES,Federal Contract Tower,3,4,6,0,13,0,4,9,0,13,3,8,15,0,26,0,0,0,26
04/12/2012,MCN,GA,ASO,ES,Federal Contract Tower,2,8,13,0,23,0,0,16,6,22,2,8,29,6,45,0,0,0,45
04/13/2012,MCN,GA,ASO,ES,Federal Contract Tower,0,8,14,0,22,0,0,10,2,12,0,8,24,2,34,0,0,0,34
04/14/2012,MCN,GA,ASO,ES,Federal Contract Tower,0,4,17,1,22,0,1,19,9,29,0,5,36,10,51,0,0,0,51
04/15/2012,MCN,GA,ASO,ES,Federal Contract Tower,0,6,6,2,14,0,6,7,2,15,0,12,13,4,29,0,0,0,29
04/16/2012,MCN,GA,ASO,ES,Federal Contract Tower,0,12,15,0,27,0,2,18,2,22,0,14,33,2,49,6,0,6,55
04/17/2012,MCN,GA,ASO,ES,Federal Contract Tower,5,7,14,0,26,0,0,5,2,7,5,7,19,2,33,2,0,2,35
04/18/2012,MCN,GA,ASO,ES,Federal Contract Tower,0,8,20,0,28,0,0,1,0,1,0,8,21,0,29,0,0,0,29
04/19/2012,MCN,GA,ASO,ES,Federal Contract Tower,1,7,19,0,27,0,0,0,0,0,1,7,19,0,27,0,0,0,27
04/20/2012,MCN,GA,ASO,ES,Federal Contract Tower,0,4,18,1,23,0,0,4,1,5,0,4,22,2,28,0,0,0,28
04/21/2012,MCN,GA,ASO,ES,Federal Contract Tower,2,2,5,0,9,0,0,6,0,6,2,2,11,0,15,4,0,4,19
04/22/2012,MCN,GA,ASO,ES,Federal Contract Tower,0,4,5,0,9,0,0,3,0,3,0,4,8,0,12,0,0,0,12
04/23/2012,MCN,GA,ASO,ES,Federal Contract Tower,0,0,8,0,8,0,2,8,0,10,0,2,16,0,18,2,0,2,20
04/24/2012,MCN,GA,ASO,ES,Federal Contract Tower,1,5,22,0,28,0,0,6,0,6,1,5,28,0,34,0,0,0,34
04/25/2012,MCN,GA,ASO,ES,Federal Contract Tower,0,7,20,4,31,0,0,14,0,14,0,7,34,4,45,0,0,0,45
04/26/2012,MCN,GA,ASO,ES,Federal Contract Tower,1,5,12,3,21,0,0,5,2,7,1,5,17,5,28,2,0,2,30
04/27/2012,MCN,GA,ASO,ES,Federal Contract Tower,3,4,6,4,17,0,0,3,0,3,3,4,9,4,20,0,0,0,20
04/28/2012,MCN,GA,ASO,ES,Federal Contract Tower,4,2,7,0,13,0,0,35,0,35,4,2,42,0,48,0,0,0,48
04/29/2012,MCN,GA,ASO,ES,Federal Contract Tower,2,1,9,0,12,0,2,9,0,11,2,3,18,0,23,0,0,0,23
04/30/2012,MCN,GA,ASO,ES,Federal Contract Tower,5,8,17,1,31,0,0,13,0,13,5,8,30,1,44,2,0,2,46
05/01/2012,MCN,GA,ASO,ES,Federal Contract Tower,4,9,18,2,33,0,0,22,2,24,4,9,40,4,57,0,0,0,57
05/02/2012,MCN,GA,ASO,ES,Federal Contract Tower,3,8,15,0,26,0,0,18,3,21,3,8,33,3,47,4,0,4,51
05/03/2012,MCN,GA,ASO,ES,Federal Contract Tower,0,6,28,1,35,0,0,16,1,17,0,6,44,2,52,6,0,6,58
05/04/2012,MCN,GA,ASO,ES,Federal Contract Tower,2,8,24,0,34,0,0,13,3,16,2,8,37,3,50,0,0,0,50
05/05/2012,MCN,GA,ASO,ES,Federal Contract Tower,0,6,3,4,13,0,0,12,5,17,0,6,15,9,30,10,0,10,40
05/06/2012,MCN,GA,ASO,ES,Federal Contract Tower,0,6,19,1,26,0,0,5,4,9,0,6,24,5,35,6,0,6,41
05/07/2012,MCN,GA,ASO,ES,Federal Contract Tower,0,5,7,4,16,0,0,17,0,17,0,5,24,4,33,24,0,24,57
05/08/2012,MCN,GA,ASO,ES,Federal Contract Tower,0,6,19,0,25,0,0,7,0,7,0,6,26,0,32,0,0,0,32
05/09/2012,MCN,GA,ASO,ES,Federal Contract Tower,0,4,15,0,19,0,0,6,2,8,0,4,21,2,27,0,0,0,27
05/10/2012,MCN,GA,ASO,ES,Federal Contract Tower,0,4,18,0,22,0,0,18,4,22,0,4,36,4,44,4,0,4,48
05/11/2012,MCN,GA,ASO,ES,Federal Contract Tower,0,7,26,12,45,0,2,21,3,26,0,9,47,15,71,4,2,6,77
05/12/2012,MCN,GA,ASO,ES,Federal Contract Tower,0,2,14,2,18,0,0,8,2,10,0,2,22,4,28,2,0,2,30
05/13/2012,MCN,GA,ASO,ES,Federal Contract Tower,0,3,5,5,13,0,0,1,1,2,0,3,6,6,15,0,0,0,15
05/14/2012,MCN,GA,ASO,ES,Federal Contract Tower,0,4,24,0,28,0,0,8,0,8,0,4,32,0,36,18,0,18,54
05/15/2012,MCN,GA,ASO,ES,Federal Contract Tower,3,14,20,0,37,0,1,21,0,22,3,15,41,0,59,8,0,8,67
05/16/2012,MCN,GA,ASO,ES,Federal Contract Tower,1,3,12,2,18,0,1,9,2,12,1,4,21,4,30,2,0,2,32
05/17/2012,MCN,GA,ASO,ES,Federal Contract Tower,2,3,23,0,28,0,3,23,0,26,2,6,46,0,54,0,0,0,54
05/18/2012,MCN,GA,ASO,ES,Federal Contract Tower,0,2,20,4,26,0,5,9,1,15,0,7,29,5,41,4,0,4,45
05/19/2012,MCN,GA,ASO,ES,Federal Contract Tower,0,4,12,2,18,0,2,13,4,19,0,6,25,6,37,6,0,6,43
05/20/2012,MCN,GA,ASO,ES,Federal Contract Tower,4,4,7,0,15,0,2,18,4,24,4,6,25,4,39,10,0,10,49
05/21/2012,MCN,GA,ASO,ES,Federal Contract Tower,0,1,18,0,19,0,0,14,0,14,0,1,32,0,33,0,0,0,33
05/22/2012,MCN,GA,ASO,ES,Federal Contract Tower,0,11,33,0,44,0,0,36,1,37,0,11,69,1,81,6,0,6,87
05/23/2012,MCN,GA,ASO,ES,Federal Contract Tower,2,4,20,0,26,0,0,28,3,31,2,4,48,3,57,0,0,0,57
05/24/2012,MCN,GA,ASO,ES,Federal Contract Tower,1,11,27,0,39,0,0,13,1,14,1,11,40,1,53,6,2,8,61
05/25/2012,MCN,GA,ASO,ES,Federal Contract Tower,1,5,17,0,23,0,2,18,0,20,1,7,35,0,43,4,0,4,47
05/26/2012,MCN,GA,ASO,ES,Federal Contract Tower,0,4,11,0,15,0,0,17,1,18,0,4,28,1,33,10,0,10,43
05/27/2012,MCN,GA,ASO,ES,Federal Contract Tower,1,9,7,10,27,0,0,2,0,2,1,9,9,10,29,2,0,2,31
05/28/2012,MCN,GA,ASO,ES,Federal Contract Tower,5,0,8,1,14,0,0,5,2,7,5,0,13,3,21,10,0,10,31
05/29/2012,MCN,GA,ASO,ES,Federal Contract Tower,1,8,20,0,29,0,0,0,0,0,1,8,20,0,29,2,0,2,31
05/30/2012,MCN,GA,ASO,ES,Federal Contract Tower,4,12,35,0,51,1,0,14,0,15,5,12,49,0,66,2,0,2,68
05/31/2012,MCN,GA,ASO,ES,Federal Contract Tower,0,9,16,2,27,0,0,12,2,14,0,9,28,4,41,6,0,6,47
06/01/2012,MCN,GA,ASO,ES,Federal Contract Tower,0,8,10,0,18,0,0,1,0,1,0,8,11,0,19,0,0,0,19
06/02/2012,MCN,GA,ASO,ES,Federal Contract Tower,0,4,7,0,11,0,0,23,0,23,0,4,30,0,34,12,0,12,46
06/03/2012,MCN,GA,ASO,ES,Federal Contract Tower,2,0,18,0,20,0,0,13,0,13,2,0,31,0,33,0,0,0,33
06/04/2012,MCN,GA,ASO,ES,Federal Contract Tower,2,6,6,6,20,0,2,0,2,4,2,8,6,8,24,4,0,4,28
06/05/2012,MCN,GA,ASO,ES,Federal Contract Tower,0,2,28,2,32,0,0,12,0,12,0,2,40,2,44,0,0,0,44
06/06/2012,MCN,GA,ASO,ES,Federal Contract Tower,2,4,22,6,34,0,0,11,3,14,2,4,33,9,48,8,0,8,56
06/07/2012,MCN,GA,ASO,ES,Federal Contract Tower,0,6,26,1,33,0,0,14,1,15,0,6,40,2,48,6,0,6,54
06/08/2012,MCN,GA,ASO,ES,Federal Contract Tower,0,7,10,4,21,0,1,13,2,16,0,8,23,6,37,4,0,4,41
06/09/2012,MCN,GA,ASO,ES,Federal Contract Tower,2,5,11,0,18,0,0,22,0,22,2,5,33,0,40,14,0,14,54
06/10/2012,MCN,GA,ASO,ES,Federal Contract Tower,1,0,11,3,15,0,0,0,1,1,1,0,11,4,16,0,0,0,16
06/11/2012,MCN,GA,ASO,ES,Federal Contract Tower,0,2,28,0,30,0,0,4,0,4,0,2,32,0,34,0,0,0,34
06/12/2012,MCN,GA,ASO,ES,Federal Contract Tower,0,0,25,0,25,0,0,8,0,8,0,0,33,0,33,0,0,0,33
06/13/2012,MCN,GA,ASO,ES,Federal Contract Tower,0,4,22,4,30,0,2,20,5,27,0,6,42,9,57,6,0,6,63
06/14/2012,MCN,GA,ASO,ES,Federal Contract Tower,0,2,13,2,17,0,0,2,2,4,0,2,15,4,21,4,0,4,25
06/15/2012,MCN,GA,ASO,ES,Federal Contract Tower,0,3,16,1,20,0,0,23,1,24,0,3,39,2,44,14,0,14,58
06/16/2012,MCN,GA,ASO,ES,Federal Contract Tower,2,1,13,0,16,0,0,20,0,20,2,1,33,0,36,12,0,12,48
06/17/2012,MCN,GA,ASO,ES,Federal Contract Tower,0,4,11,6,21,0,0,14,0,14,0,4,25,6,35,8,0,8,43
06/18/2012,MCN,GA,ASO,ES,Federal Contract Tower,0,6,19,1,26,0,0,19,0,19,0,6,38,1,45,2,0,2,47
06/19/2012,MCN,GA,ASO,ES,Federal Contract Tower,1,9,30,0,40,0,1,14,0,15,1,10,44,0,55,0,0,0,55
06/20/2012,MCN,GA,ASO,ES,Federal Contract Tower,3,4,21,0,28,0,0,17,0,17,3,4,38,0,45,2,0,2,47
06/21/2012,MCN,GA,ASO,ES,Federal Contract Tower,2,6,23,6,37,0,0,11,4,15,2,6,34,10,52,0,4,4,56
06/22/2012,MCN,GA,ASO,ES,Federal Contract Tower,0,4,29,5,38,0,0,21,4,25,0,4,50,9,63,2,0,2,65
06/23/2012,MCN,GA,ASO,ES,Federal Contract Tower,0,0,8,0,8,0,0,18,0,18,0,0,26,0,26,12,0,12,38
06/24/2012,MCN,GA,ASO,ES,Federal Contract Tower,0,1,13,10,24,0,0,10,2,12,0,1,23,12,36,8,0,8,44
06/25/2012,MCN,GA,ASO,ES,Federal Contract Tower,3,3,19,0,25,0,0,3,0,3,3,3,22,0,28,0,0,0,28
06/26/2012,MCN,GA,ASO,ES,Federal Contract Tower,0,4,12,2,18,0,2,7,0,9,0,6,19,2,27,2,0,2,29
06/27/2012,MCN,GA,ASO,ES,Federal Contract Tower,1,7,12,0,20,0,0,14,0,14,1,7,26,0,34,12,0,12,46
06/28/2012,MCN,GA,ASO,ES,Federal Contract Tower,0,4,20,2,26,0,0,18,5,23,0,4,38,7,49,4,8,12,61
06/29/2012,MCN,GA,ASO,ES,Federal Contract Tower,3,1,22,0,26,0,0,21,0,21,3,1,43,0,47,2,0,2,49
06/30/2012,MCN,GA,ASO,ES,Federal Contract Tower,2,0,18,0,20,0,0,19,0,19,2,0,37,0,39,6,0,6,45
07/01/2012,MCN,GA,ASO,ES,Federal Contract Tower,1,2,6,6,15,0,0,8,0,8,1,2,14,6,23,0,0,0,23
07/02/2012,MCN,GA,ASO,ES,Federal Contract Tower,0,0,8,0,8,0,2,25,0,27,0,2,33,0,35,2,0,2,37
07/03/2012,MCN,GA,ASO,ES,Federal Contract Tower,0,0,13,2,15,0,0,26,0,26,0,0,39,2,41,14,0,14,55
07/04/2012,MCN,GA,ASO,ES,Federal Contract Tower,0,2,4,0,6,0,0,3,0,3,0,2,7,0,9,2,0,2,11
07/05/2012,MCN,GA,ASO,ES,Federal Contract Tower,0,0,15,0,15,0,0,10,0,10,0,0,25,0,25,0,0,0,25
07/06/2012,MCN,GA,ASO,ES,Federal Contract Tower,3,6,11,0,20,0,0,24,0,24,3,6,35,0,44,6,0,6,50
07/07/2012,MCN,GA,ASO,ES,Federal Contract Tower,0,4,6,0,10,0,0,11,2,13,0,4,17,2,23,14,0,14,37
07/08/2012,MCN,GA,ASO,ES,Federal Contract Tower,0,6,13,9,28,0,0,3,0,3,0,6,16,9,31,0,0,0,31
07/09/2012,MCN,GA,ASO,ES,Federal Contract Tower,0,4,15,0,19,0,2,12,3,17,0,6,27,3,36,2,0,2,38
07/10/2012,MCN,GA,ASO,ES,Federal Contract Tower,0,5,25,2,32,0,2,8,1,11,0,7,33,3,43,2,0,2,45
07/11/2012,MCN,GA,ASO,ES,Federal Contract Tower,0,2,30,3,35,0,0,8,1,9,0,2,38,4,44,0,0,0,44
07/12/2012,MCN,GA,ASO,ES,Federal Contract Tower,2,2,34,5,43,0,0,13,1,14,2,2,47,6,57,2,0,2,59
07/13/2012,MCN,GA,ASO,ES,Federal Contract Tower,0,9,12,2,23,0,0,9,4,13,0,9,21,6,36,0,0,0,36
07/14/2012,MCN,GA,ASO,ES,Federal Contract Tower,1,5,17,0,23,0,0,6,0,6,1,5,23,0,29,0,0,0,29
07/15/2012,MCN,GA,ASO,ES,Federal Contract Tower,0,4,5,6,15,0,0,7,0,7,0,4,12,6,22,0,0,0,22
07/16/2012,MCN,GA,ASO,ES,Federal Contract Tower,0,0,19,0,19,0,0,13,0,13,0,0,32,0,32,10,0,10,42
07/17/2012,MCN,GA,ASO,ES,Federal Contract Tower,1,2,13,0,16,0,0,4,10,14,1,2,17,10,30,0,0,0,30
07/18/2012,MCN,GA,ASO,ES,Federal Contract Tower,3,0,17,0,20,0,0,12,6,18,3,0,29,6,38,20,2,22,60
07/19/2012,MCN,GA,ASO,ES,Federal Contract Tower,1,1,22,0,24,0,0,7,5,12,1,1,29,5,36,6,0,6,42
07/20/2012,MCN,GA,ASO,ES,Federal Contract Tower,1,0,3,8,12,0,0,10,5,15,1,0,13,13,27,14,6,20,47
07/21/2012,MCN,GA,ASO,ES,Federal Contract Tower,0,0,16,0,16,0,0,6,0,6,0,0,22,0,22,6,0,6,28
07/22/2012,MCN,GA,ASO,ES,Federal Contract Tower,0,0,9,0,9,0,0,19,0,19,0,0,28,0,28,4,0,4,32
07/23/2012,MCN,GA,ASO,ES,Federal Contract Tower,0,0,11,4,15,0,0,11,0,11,0,0,22,4,26,14,2,16,42
07/24/2012,MCN,GA,ASO,ES,Federal Contract Tower,0,2,17,2,21,0,0,15,0,15,0,2,32,2,36,10,0,10,46
07/25/2012,MCN,GA,ASO,ES,Federal Contract Tower,0,2,16,0,18,0,2,14,1,17,0,4,30,1,35,8,0,8,43
07/26/2012,MCN,GA,ASO,ES,Federal Contract Tower,0,4,13,0,17,0,0,5,0,5,0,4,18,0,22,2,0,2,24
07/27/2012,MCN,GA,ASO,ES,Federal Contract Tower,6,0,13,2,21,0,0,7,2,9,6,0,20,4,30,0,0,0,30
07/28/2012,MCN,GA,ASO,ES,Federal Contract Tower,0,7,24,0,31,0,0,14,0,14,0,7,38,0,45,6,0,6,51
07/29/2012,MCN,GA,ASO,ES,Federal Contract Tower,1,1,10,12,24,0,0,13,3,16,1,1,23,15,40,2,0,2,42
07/30/2012,MCN,GA,ASO,ES,Federal Contract Tower,0,4,16,6,26,0,0,16,0,16,0,4,32,6,42,0,0,0,42
07/31/2012,MCN,GA,ASO,ES,Federal Contract Tower,0,0,25,0,25,0,2,4,1,7,0,2,29,1,32,0,0,0,32
08/01/2012,MCN,GA,ASO,ES,Federal Contract Tower,3,2,17,2,24,0,0,10,1,11,3,2,27,3,35,10,0,10,45
08/02/2012,MCN,GA,ASO,ES,Federal Contract Tower,3,2,14,4,23,0,2,18,0,20,3,4,32,4,43,20,0,20,63
08/03/2012,MCN,GA,ASO,ES,Federal Contract Tower,0,3,19,0,22,0,0,19,3,22,0,3,38,3,44,6,0,6,50
08/04/2012,MCN,GA,ASO,ES,Federal Contract Tower,0,0,14,0,14,0,0,9,1,10,0,0,23,1,24,2,0,2,26
08/05/2012,MCN,GA,ASO,ES,Federal Contract Tower,0,0,8,1,9,0,0,3,0,3,0,0,11,1,12,0,0,0,12
08/06/2012,MCN,GA,ASO,ES,Federal Contract Tower,0,2,22,0,24,0,0,6,2,8,0,2,28,2,32,0,0,0,32
08/07/2012,MCN,GA,ASO,ES,Federal Contract Tower,0,6,39,2,47,0,0,10,0,10,0,6,49,2,57,0,0,0,57
08/08/2012,MCN,GA,ASO,ES,Federal Contract Tower,0,4,15,0,19,0,0,1,0,1,0,4,16,0,20,0,0,0,20
08/09/2012,MCN,GA,ASO,ES,Federal Contract Tower,3,6,23,3,35,0,0,10,1,11,3,6,33,4,46,22,0,22,68
08/10/2012,MCN,GA,ASO,ES,Federal Contract Tower,0,2,9,2,13,0,0,3,2,5,0,2,12,4,18,4,0,4,22
08/11/2012,MCN,GA,ASO,ES,Federal Contract Tower,2,1,12,0,15,0,0,5,0,5,2,1,17,0,20,0,0,0,20
08/12/2012,MCN,GA,ASO,ES,Federal Contract Tower,2,1,9,0,12,0,0,18,1,19,2,1,27,1,31,8,0,8,39
08/13/2012,MCN,GA,ASO,ES,Federal Contract Tower,0,1,13,0,14,0,0,36,0,36,0,1,49,0,50,10,0,10,60
08/14/2012,MCN,GA,ASO,ES,Federal Contract Tower,2,6,19,0,27,0,0,13,0,13,2,6,32,0,40,2,0,2,42
08/15/2012,MCN,GA,ASO,ES,Federal Contract Tower,0,2,29,0,31,0,0,20,0,20,0,2,49,0,51,2,0,2,53
08/16/2012,MCN,GA,ASO,ES,Federal Contract Tower,1,1,23,7,32,0,0,19,0,19,1,1,42,7,51,22,0,22,73
08/17/2012,MCN,GA,ASO,ES,Federal Contract Tower,2,4,28,4,38,0,0,11,2,13,2,4,39,6,51,2,0,2,53
08/18/2012,MCN,GA,ASO,ES,Federal Contract Tower,0,0,8,0,8,0,0,11,0,11,0,0,19,0,19,2,0,2,21
08/19/2012,MCN,GA,ASO,ES,Federal Contract Tower,2,0,11,7,20,0,0,6,5,11,2,0,17,12,31,28,0,28,59
08/20/2012,MCN,GA,ASO,ES,Federal Contract Tower,0,4,25,0,29,0,0,9,2,11,0,4,34,2,40,0,0,0,40
08/21/2012,MCN,GA,ASO,ES,Federal Contract Tower,1,3,20,1,25,0,0,10,1,11,1,3,30,2,36,5,0,5,41
08/22/2012,MCN,GA,ASO,ES,Federal Contract Tower,2,4,22,2,30,0,0,17,2,19,2,4,39,4,49,8,0,8,57
08/23/2012,MCN,GA,ASO,ES,Federal Contract Tower,1,8,23,0,32,0,2,18,0,20,1,10,41,0,52,2,0,2,54
08/24/2012,MCN,GA,ASO,ES,Federal Contract Tower,6,5,26,3,40,0,0,13,2,15,6,5,39,5,55,4,0,4,59
08/25/2012,MCN,GA,ASO,ES,Federal Contract Tower,0,0,12,5,17,0,4,18,19,41,0,4,30,24,58,4,0,4,62
08/26/2012,MCN,GA,ASO,ES,Federal Contract Tower,1,0,12,0,13,0,0,16,0,16,1,0,28,0,29,4,0,4,33
08/27/2012,MCN,GA,ASO,ES,Federal Contract Tower,1,2,25,7,35,0,0,7,0,7,1,2,32,7,42,0,0,0,42
08/28/2012,MCN,GA,ASO,ES,Federal Contract Tower,3,2,12,0,17,0,0,7,0,7,3,2,19,0,24,20,0,20,44
08/29/2012,MCN,GA,ASO,ES,Federal Contract Tower,2,6,14,2,24,0,0,0,0,0,2,6,14,2,24,0,0,0,24
08/30/2012,MCN,GA,ASO,ES,Federal Contract Tower,1,2,29,0,32,0,0,3,0,3,1,2,32,0,35,16,0,16,51
08/31/2012,MCN,GA,ASO,ES,Federal Contract Tower,0,4,32,0,36,0,0,6,0,6,0,4,38,0,42,0,0,0,42
09/01/2012,MCN,GA,ASO,ES,Federal Contract Tower,0,0,18,0,18,0,0,7,4,11,0,0,25,4,29,0,0,0,29
09/02/2012,MCN,GA,ASO,ES,Federal Contract Tower,0,0,7,0,7,0,2,10,2,14,0,2,17,2,21,8,0,8,29
09/03/2012,MCN,GA,ASO,ES,Federal Contract Tower,0,0,9,0,9,0,0,12,0,12,0,0,21,0,21,0,0,0,21
09/04/2012,MCN,GA,ASO,ES,Federal Contract Tower,1,0,12,0,13,0,0,10,0,10,1,0,22,0,23,6,0,6,29
09/05/2012,MCN,GA,ASO,ES,Federal Contract Tower,1,0,16,0,17,0,0,8,4,12,1,0,24,4,29,10,2,12,41
09/06/2012,MCN,GA,ASO,ES,Federal Contract Tower,0,0,15,0,15,0,0,14,0,14,0,0,29,0,29,16,0,16,45
09/07/2012,MCN,GA,ASO,ES,Federal Contract Tower,0,6,18,0,24,0,2,14,0,16,0,8,32,0,40,10,2,12,52
09/08/2012,MCN,GA,ASO,ES,Federal Contract Tower,1,1,8,0,10,0,0,20,1,21,1,1,28,1,31,50,0,50,81
09/09/2012,MCN,GA,ASO,ES,Federal Contract Tower,0,0,9,0,9,0,0,12,1,13,0,0,21,1,22,4,0,4,26
09/10/2012,MCN,GA,ASO,ES,Federal Contract Tower,0,2,16,0,18,0,0,16,0,16,0,2,32,0,34,0,0,0,34
09/11/2012,MCN,GA,ASO,ES,Federal Contract Tower,0,4,26,2,32,0,0,14,0,14,0,4,40,2,46,0,0,0,46
09/12/2012,MCN,GA,ASO,ES,Federal Contract Tower,0,3,15,0,18,0,0,20,0,20,0,3,35,0,38,24,0,24,62
09/13/2012,MCN,GA,ASO,ES,Federal Contract Tower,1,6,28,0,35,0,0,22,0,22,1,6,50,0,57,20,0,20,77
09/14/2012,MCN,GA,ASO,ES,Federal Contract Tower,2,2,15,0,19,0,0,20,2,22,2,2,35,2,41,32,6,38,79
09/15/2012,MCN,GA,ASO,ES,Federal Contract Tower,1,0,13,0,14,0,0,18,0,18,1,0,31,0,32,8,0,8,40
09/16/2012,MCN,GA,ASO,ES,Federal Contract Tower,0,0,21,0,21,0,0,14,0,14,0,0,35,0,35,0,0,0,35
09/17/2012,MCN,GA,ASO,ES,Federal Contract Tower,1,4,19,2,26,0,0,9,0,9,1,4,28,2,35,8,0,8,43
09/18/2012,MCN,GA,ASO,ES,Federal Contract Tower,0,6,10,0,16,0,0,0,2,2,0,6,10,2,18,0,0,0,18
09/19/2012,MCN,GA,ASO,ES,Federal Contract Tower,0,6,24,2,32,0,0,25,6,31,0,6,49,8,63,12,8,20,83
09/20/2012,MCN,GA,ASO,ES,Federal Contract Tower,0,3,19,0,22,0,0,20,2,22,0,3,39,2,44,16,2,18,62
09/21/2012,MCN,GA,ASO,ES,Federal Contract Tower,1,0,25,4,30,0,0,15,0,15,1,0,40,4,45,0,0,0,45
09/22/2012,MCN,GA,ASO,ES,Federal Contract Tower,1,2,10,0,13,0,2,14,0,16,1,4,24,0,29,6,0,6,35
09/23/2012,MCN,GA,ASO,ES,Federal Contract Tower,3,0,6,6,15,0,2,30,0,32,3,2,36,6,47,12,0,12,59
09/24/2012,MCN,GA,ASO,ES,Federal Contract Tower,2,3,17,0,22,0,0,18,0,18,2,3,35,0,40,16,0,16,56
09/25/2012,MCN,GA,ASO,ES,Federal Contract Tower,3,4,20,0,27,0,2,18,4,24,3,6,38,4,51,4,0,4,55
09/26/2012,MCN,GA,ASO,ES,Federal Contract Tower,0,8,17,0,25,0,0,17,0,17,0,8,34,0,42,0,0,0,42
09/27/2012,MCN,GA,ASO,ES,Federal Contract Tower,1,5,24,2,32,0,0,5,4,9,1,5,29,6,41,0,0,0,41
09/28/2012,MCN,GA,ASO,ES,Federal Contract Tower,0,6,18,1,25,0,2,19,2,23,0,8,37,3,48,12,0,12,60
09/29/2012,MCN,GA,ASO,ES,Federal Contract Tower,4,0,10,0,14,0,0,9,0,9,4,0,19,0,23,8,0,8,31
09/30/2012,MCN,GA,ASO,ES,Federal Contract Tower,8,0,12,7,27,0,0,4,0,4,8,0,16,7,31,0,0,0,31
10/01/2012,MCN,GA,ASO,ES,Federal Contract Tower,1,2,8,0,11,0,0,6,0,6,1,2,14,0,17,4,0,4,21
10/02/2012,MCN,GA,ASO,ES,Federal Contract Tower,0,6,24,6,36,0,0,17,3,20,0,6,41,9,56,6,0,6,62
10/03/2012,MCN,GA,ASO,ES,Federal Contract Tower,0,6,19,2,27,0,0,19,0,19,0,6,38,2,46,4,0,4,50
10/04/2012,MCN,GA,ASO,ES,Federal Contract Tower,0,6,27,0,33,0,0,15,0,15,0,6,42,0,48,0,0,0,48
10/05/2012,MCN,GA,ASO,ES,Federal Contract Tower,0,0,28,5,33,0,8,20,1,29,0,8,48,6,62,10,0,10,72
10/06/2012,MCN,GA,ASO,ES,Federal Contract Tower,0,2,6,0,8,0,6,16,0,22,0,8,22,0,30,18,0,18,48
10/07/2012,MCN,GA,ASO,ES,Federal Contract Tower,0,0,13,2,15,0,6,9,0,15,0,6,22,2,30,2,0,2,32
10/08/2012,MCN,GA,ASO,ES,Federal Contract Tower,0,6,22,0,28,0,0,14,0,14,0,6,36,0,42,14,0,14,56
10/09/2012,MCN,GA,ASO,ES,Federal Contract Tower,6,2,21,0,29,0,2,6,0,8,6,4,27,0,37,0,0,0,37
10/10/2012,MCN,GA,ASO,ES,Federal Contract Tower,1,5,23,5,34,0,0,16,2,18,1,5,39,7,52,22,0,22,74
10/11/2012,MCN,GA,ASO,ES,Federal Contract Tower,0,0,21,2,23,0,0,22,0,22,0,0,43,2,45,12,0,12,57
10/12/2012,MCN,GA,ASO,ES,Federal Contract Tower,0,2,18,3,23,0,4,12,3,19,0,6,30,6,42,0,0,0,42
10/13/2012,MCN,GA,ASO,ES,Federal Contract Tower,0,0,15,0,15,0,6,17,0,23,0,6,32,0,38,2,0,2,40
10/14/2012,MCN,GA,ASO,ES,Federal Contract Tower,0,0,15,0,15,0,8,8,2,18,0,8,23,2,33,0,0,0,33
10/15/2012,MCN,GA,ASO,ES,Federal Contract Tower,1,3,22,0,26,0,3,3,0,6,1,6,25,0,32,0,0,0,32
10/16/2012,MCN,GA,ASO,ES,Federal Contract Tower,1,0,10,9,20,0,6,23,0,29,1,6,33,9,49,8,0,8,57
10/17/2012,MCN,GA,ASO,ES,Federal Contract Tower,0,2,17,1,20,0,6,28,1,35,0,8,45,2,55,10,0,10,65
10/18/2012,MCN,GA,ASO,ES,Federal Contract Tower,1,7,24,0,32,0,0,5,0,5,1,7,29,0,37,0,0,0,37
10/19/2012,MCN,GA,ASO,ES,Federal Contract Tower,3,0,23,2,28,0,7,18,4,29,3,7,41,6,57,4,0,4,61
10/20/2012,MCN,GA,ASO,ES,Federal Contract Tower,0,1,10,0,11,0,6,14,1,21,0,7,24,1,32,0,0,0,32
10/21/2012,MCN,GA,ASO,ES,Federal Contract Tower,0,0,19,4,23,0,6,10,0,16,0,6,29,4,39,0,0,0,39
10/22/2012,MCN,GA,ASO,ES,Federal Contract Tower,0,1,9,1,11,0,7,16,2,25,0,8,25,3,36,10,0,10,46
10/23/2012,MCN,GA,ASO,ES,Federal Contract Tower,0,5,15,0,20,0,6,20,1,27,0,11,35,1,47,4,0,4,51
10/24/2012,MCN,GA,ASO,ES,Federal Contract Tower,0,3,13,2,18,0,7,16,0,23,0,10,29,2,41,8,2,10,51
10/25/2012,MCN,GA,ASO,ES,Federal Contract Tower,0,0,22,0,22,0,6,15,0,21,0,6,37,0,43,2,2,4,47
10/26/2012,MCN,GA,ASO,ES,Federal Contract Tower,0,4,11,1,16,0,0,14,3,17,0,4,25,4,33,0,0,0,33
10/27/2012,MCN,GA,ASO,ES,Federal Contract Tower,0,6,13,0,19,0,5,9,0,14,0,11,22,0,33,0,0,0,33
10/28/2012,MCN,GA,ASO,ES,Federal Contract Tower,0,8,17,0,25,0,0,15,0,15,0,8,32,0,40,6,0,6,46
10/29/2012,MCN,GA,ASO,ES,Federal Contract Tower,0,4,13,0,17,0,0,8,2,10,0,4,21,2,27,0,0,0,27
10/30/2012,MCN,GA,ASO,ES,Federal Contract Tower,0,1,23,2,26,0,0,3,0,3,0,1,26,2,29,0,0,0,29
10/31/2012,MCN,GA,ASO,ES,Federal Contract Tower,0,0,17,0,17,0,0,15,0,15,0,0,32,0,32,22,2,24,56
11/01/2012,MCN,GA,ASO,ES,Federal Contract Tower,0,1,25,2,28,0,7,25,1,33,0,8,50,3,61,0,0,0,61
11/02/2012,MCN,GA,ASO,ES,Federal Contract Tower,0,2,12,6,20,0,8,11,2,21,0,10,23,8,41,0,0,0,41
11/03/2012,MCN,GA,ASO,ES,Federal Contract Tower,1,0,13,4,18,0,6,15,0,21,1,6,28,4,39,4,0,4,43
11/04/2012,MCN,GA,ASO,ES,Federal Contract Tower,1,4,7,0,12,0,6,15,0,21,1,10,22,0,33,4,0,4,37
11/05/2012,MCN,GA,ASO,ES,Federal Contract Tower,0,0,14,0,14,0,7,17,0,24,0,7,31,0,38,6,0,6,44
11/06/2012,MCN,GA,ASO,ES,Federal Contract Tower,3,10,15,0,28,0,0,5,0,5,3,10,20,0,33,16,0,16,49
11/07/2012,MCN,GA,ASO,ES,Federal Contract Tower,1,2,19,4,26,0,0,5,0,5,1,2,24,4,31,0,0,0,31
11/08/2012,MCN,GA,ASO,ES,Federal Contract Tower,0,2,18,0,20,0,0,19,0,19,0,2,37,0,39,0,0,0,39
11/09/2012,MCN,GA,ASO,ES,Federal Contract Tower,0,2,38,4,44,0,0,34,0,34,0,2,72,4,78,14,0,14,92
11/10/2012,MCN,GA,ASO,ES,Federal Contract Tower,0,0,10,0,10,0,0,12,0,12,0,0,22,0,22,0,0,0,22
11/11/2012,MCN,GA,ASO,ES,Federal Contract Tower,0,0,19,0,19,0,0,25,0,25,0,0,44,0,44,8,0,8,52
11/12/2012,MCN,GA,ASO,ES,Federal Contract Tower,0,7,16,0,23,0,0,9,0,9,0,7,25,0,32,2,0,2,34
11/13/2012,MCN,GA,ASO,ES,Federal Contract Tower,0,0,30,0,30,0,5,22,0,27,0,5,52,0,57,4,0,4,61
11/14/2012,MCN,GA,ASO,ES,Federal Contract Tower,6,8,16,4,34,0,0,8,0,8,6,8,24,4,42,4,0,4,46
11/15/2012,MCN,GA,ASO,ES,Federal Contract Tower,2,8,30,0,40,0,0,0,0,0,2,8,30,0,40,2,0,2,42
11/16/2012,MCN,GA,ASO,ES,Federal Contract Tower,2,2,19,3,26,0,4,14,5,23,2,6,33,8,49,6,0,6,55
11/17/2012,MCN,GA,ASO,ES,Federal Contract Tower,0,0,7,0,7,0,0,15,0,15,0,0,22,0,22,14,0,14,36
11/18/2012,MCN,GA,ASO,ES,Federal Contract Tower,3,0,12,3,18,0,0,17,10,27,3,0,29,13,45,2,0,2,47
11/19/2012,MCN,GA,ASO,ES,Federal Contract Tower,1,10,18,0,29,0,0,9,0,9,1,10,27,0,38,0,0,0,38
11/20/2012,MCN,GA,ASO,ES,Federal Contract Tower,0,8,33,0,41,0,0,28,1,29,0,8,61,1,70,10,0,10,80
11/21/2012,MCN,GA,ASO,ES,Federal Contract Tower,0,8,13,0,21,0,0,23,0,23,0,8,36,0,44,10,0,10,54
11/22/2012,MCN,GA,ASO,ES,Federal Contract Tower,0,8,3,0,11,0,0,4,0,4,0,8,7,0,15,0,0,0,15
11/23/2012,MCN,GA,ASO,ES,Federal Contract Tower,4,9,14,0,27,0,0,6,0,6,4,9,20,0,33,0,0,0,33
11/24/2012,MCN,GA,ASO,ES,Federal Contract Tower,0,0,10,0,10,0,0,10,0,10,0,0,20,0,20,4,0,4,24
11/25/2012,MCN,GA,ASO,ES,Federal Contract Tower,3,0,11,0,14,0,0,12,0,12,3,0,23,0,26,0,0,0,26
11/26/2012,MCN,GA,ASO,ES,Federal Contract Tower,1,7,4,2,14,0,2,15,2,19,1,9,19,4,33,2,0,2,35
11/27/2012,MCN,GA,ASO,ES,Federal Contract Tower,0,9,18,2,29,0,0,3,0,3,0,9,21,2,32,0,0,0,32
11/28/2012,MCN,GA,ASO,ES,Federal Contract Tower,0,8,18,6,32,0,0,11,0,11,0,8,29,6,43,2,0,2,45
11/29/2012,MCN,GA,ASO,ES,Federal Contract Tower,0,7,19,0,26,0,0,11,3,14,0,7,30,3,40,0,0,0,40
11/30/2012,MCN,GA,ASO,ES,Federal Contract Tower,0,0,23,5,28,0,0,12,3,15,0,0,35,8,43,6,0,6,49
12/01/2012,MCN,GA,ASO,ES,Federal Contract Tower,0,0,15,0,15,0,0,11,0,11,0,0,26,0,26,2,0,2,28
12/02/2012,MCN,GA,ASO,ES,Federal Contract Tower,0,2,20,0,22,0,0,14,0,14,0,2,34,0,36,8,0,8,44
12/03/2012,MCN,GA,ASO,ES,Federal Contract Tower,0,6,12,0,18,0,0,6,0,6,0,6,18,0,24,0,0,0,24
12/04/2012,MCN,GA,ASO,ES,Federal Contract Tower,0,0,23,6,29,0,0,13,8,21,0,0,36,14,50,2,0,2,52
12/05/2012,MCN,GA,ASO,ES,Federal Contract Tower,0,4,19,4,27,0,0,12,0,12,0,4,31,4,39,4,0,4,43
12/06/2012,MCN,GA,ASO,ES,Federal Contract Tower,0,9,16,1,26,0,0,3,0,3,0,9,19,1,29,2,0,2,31
12/07/2012,MCN,GA,ASO,ES,Federal Contract Tower,0,12,22,1,35,0,0,7,0,7,0,12,29,1,42,0,0,0,42
12/08/2012,MCN,GA,ASO,ES,Federal Contract Tower,0,3,15,0,18,0,0,11,1,12,0,3,26,1,30,0,0,0,30
12/09/2012,MCN,GA,ASO,ES,Federal Contract Tower,0,2,13,2,17,0,0,4,0,4,0,2,17,2,21,0,0,0,21
12/10/2012,MCN,GA,ASO,ES,Federal Contract Tower,4,8,9,4,25,0,0,7,0,7,4,8,16,4,32,2,0,2,34
12/11/2012,MCN,GA,ASO,ES,Federal Contract Tower,0,8,32,2,42,0,0,2,0,2,0,8,34,2,44,2,0,2,46
12/12/2012,MCN,GA,ASO,ES,Federal Contract Tower,0,8,20,0,28,0,0,6,0,6,0,8,26,0,34,2,0,2,36
12/13/2012,MCN,GA,ASO,ES,Federal Contract Tower,5,9,23,0,37,0,0,10,0,10,5,9,33,0,47,0,0,0,47
12/14/2012,MCN,GA,ASO,ES,Federal Contract Tower,0,8,23,0,31,0,0,11,0,11,0,8,34,0,42,2,0,2,44
12/15/2012,MCN,GA,ASO,ES,Federal Contract Tower,1,0,17,0,18,0,0,11,1,12,1,0,28,1,30,4,0,4,34
12/16/2012,MCN,GA,ASO,ES,Federal Contract Tower,0,0,11,0,11,0,0,9,0,9,0,0,20,0,20,30,0,30,50
12/17/2012,MCN,GA,ASO,ES,Federal Contract Tower,0,8,13,0,21,0,0,0,0,0,0,8,13,0,21,0,0,0,21
12/18/2012,MCN,GA,ASO,ES,Federal Contract Tower,1,8,18,2,29,0,0,12,0,12,1,8,30,2,41,2,0,2,43
12/19/2012,MCN,GA,ASO,ES,Federal Contract Tower,0,8,21,0,29,0,0,20,0,20,0,8,41,0,49,2,0,2,51
12/20/2012,MCN,GA,ASO,ES,Federal Contract Tower,0,8,5,0,13,0,0,5,0,5,0,8,10,0,18,2,0,2,20
12/21/2012,MCN,GA,ASO,ES,Federal Contract Tower,3,8,15,0,26,0,0,3,0,3,3,8,18,0,29,0,0,0,29
12/22/2012,MCN,GA,ASO,ES,Federal Contract Tower,0,0,20,0,20,0,2,14,0,16,0,2,34,0,36,12,0,12,48
12/23/2012,MCN,GA,ASO,ES,Federal Contract Tower,0,0,9,0,9,0,0,14,0,14,0,0,23,0,23,8,0,8,31
12/24/2012,MCN,GA,ASO,ES,Federal Contract Tower,0,7,3,0,10,0,0,1,0,1,0,7,4,0,11,0,0,0,11
12/25/2012,MCN,GA,ASO,ES,Federal Contract Tower,0,7,2,0,9,0,1,0,0,1,0,8,2,0,10,0,0,0,10
12/26/2012,MCN,GA,ASO,ES,Federal Contract Tower,0,8,11,0,19,0,0,2,0,2,0,8,13,0,21,0,0,0,21
12/27/2012,MCN,GA,ASO,ES,Federal Contract Tower,0,8,11,0,19,0,0,1,0,1,0,8,12,0,20,0,0,0,20
12/28/2012,MCN,GA,ASO,ES,Federal Contract Tower,0,10,22,0,32,0,0,19,0,19,0,10,41,0,51,20,0,20,71
12/29/2012,MCN,GA,ASO,ES,Federal Contract Tower,0,0,5,0,5,0,0,2,0,2,0,0,7,0,7,0,0,0,7
12/30/2012,MCN,GA,ASO,ES,Federal Contract Tower,0,0,24,0,24,0,2,20,0,22,0,2,44,0,46,12,0,12,58
12/31/2012,MCN,GA,ASO,ES,Federal Contract Tower,0,8,6,0,14,0,0,8,0,8,0,8,14,0,22,0,0,0,22
01/01/2013,MCN,GA,ASO,ES,Federal Contract Tower,4,10,12,0,26,0,0,2,0,2,4,10,14,0,28,0,0,0,28
01/02/2013,MCN,GA,ASO,ES,Federal Contract Tower,0,10,19,0,29,0,0,10,0,10,0,10,29,0,39,0,0,0,39
01/03/2013,MCN,GA,ASO,ES,Federal Contract Tower,1,8,19,0,28,0,0,7,0,7,1,8,26,0,35,0,0,0,35
01/04/2013,MCN,GA,ASO,ES,Federal Contract Tower,0,9,21,4,34,0,0,14,2,16,0,9,35,6,50,6,0,6,56
01/05/2013,MCN,GA,ASO,ES,Federal Contract Tower,0,0,18,0,18,0,0,14,0,14,0,0,32,0,32,2,0,2,34
01/06/2013,MCN,GA,ASO,ES,Federal Contract Tower,0,0,6,8,14,0,0,12,0,12,0,0,18,8,26,2,0,2,28
01/07/2013,MCN,GA,ASO,ES,Federal Contract Tower,0,1,16,0,17,0,0,17,0,17,0,1,33,0,34,12,0,12,46
01/08/2013,MCN,GA,ASO,ES,Federal Contract Tower,0,0,28,0,28,0,0,4,2,6,0,0,32,2,34,2,0,2,36
01/09/2013,MCN,GA,ASO,ES,Federal Contract Tower,0,2,23,0,25,0,0,3,0,3,0,2,26,0,28,12,0,12,40
01/10/2013,MCN,GA,ASO,ES,Federal Contract Tower,1,1,25,0,27,0,0,0,0,0,1,1,25,0,27,0,0,0,27
01/11/2013,MCN,GA,ASO,ES,Federal Contract Tower,0,0,27,6,33,0,0,14,0,14,0,0,41,6,47,6,0,6,53
01/12/2013,MCN,GA,ASO,ES,Federal Contract Tower,0,0,12,0,12,0,0,13,0,13,0,0,25,0,25,2,0,2,27
01/13/2013,MCN,GA,ASO,ES,Federal Contract Tower,0,2,11,5,18,0,0,12,0,12,0,2,23,5,30,2,0,2,32
01/14/2013,MCN,GA,ASO,ES,Federal Contract Tower,0,8,15,0,23,0,0,6,0,6,0,8,21,0,29,2,0,2,31
01/15/2013,MCN,GA,ASO,ES,Federal Contract Tower,1,10,20,4,35,0,0,7,0,7,1,10,27,4,42,10,0,10,52
01/16/2013,MCN,GA,ASO,ES,Federal Contract Tower,0,8,15,0,23,0,0,3,0,3,0,8,18,0,26,0,0,0,26
01/17/2013,MCN,GA,ASO,ES,Federal Contract Tower,0,5,16,0,21,0,0,1,0,1,0,5,17,0,22,0,0,0,22
01/18/2013,MCN,GA,ASO,ES,Federal Contract Tower,3,0,23,2,28,0,8,10,2,20,3,8,33,4,48,2,6,8,56
01/19/2013,MCN,GA,ASO,ES,Federal Contract Tower,0,0,10,0,10,0,6,13,3,22,0,6,23,3,32,6,0,6,38
01/20/2013,MCN,GA,ASO,ES,Federal Contract Tower,0,0,10,1,11,0,6,11,0,17,0,6,21,1,28,4,0,4,32
01/21/2013,MCN,GA,ASO,ES,Federal Contract Tower,0,0,16,0,16,0,8,8,0,16,0,8,24,0,32,2,0,2,34
01/22/2013,MCN,GA,ASO,ES,Federal Contract Tower,0,0,27,0,27,0,0,21,1,22,0,0,48,1,49,12,0,12,61
01/23/2013,MCN,GA,ASO,ES,Federal Contract Tower,0,0,12,0,12,0,8,24,0,32,0,8,36,0,44,6,0,6,50
01/24/2013,MCN,GA,ASO,ES,Federal Contract Tower,0,0,24,2,26,0,1,8,0,9,0,1,32,2,35,10,0,10,45
01/25/2013,MCN,GA,ASO,ES,Federal Contract Tower,2,4,11,3,20,0,2,14,1,17,2,6,25,4,37,26,0,26,63
01/26/2013,MCN,GA,ASO,ES,Federal Contract Tower,2,0,18,0,20,0,0,14,0,14,2,0,32,0,34,12,0,12,46
01/27/2013,MCN,GA,ASO,ES,Federal Contract Tower,0,0,17,2,19,0,0,8,2,10,0,0,25,4,29,6,0,6,35
01/28/2013,MCN,GA,ASO,ES,Federal Contract Tower,2,0,23,0,25,0,0,13,0,13,2,0,36,0,38,0,0,0,38
01/29/2013,MCN,GA,ASO,ES,Federal Contract Tower,1,3,26,0,30,0,0,6,0,6,1,3,32,0,36,0,0,0,36
01/30/2013,MCN,GA,ASO,ES,Federal Contract Tower,0,3,5,0,8,0,0,2,0,2,0,3,7,0,10,0,0,0,10
01/31/2013,MCN,GA,ASO,ES,Federal Contract Tower,0,0,25,0,25,0,0,25,0,25,0,0,50,0,50,8,0,8,58
02/01/2013,MCN,GA,ASO,ES,Federal Contract Tower,3,3,20,0,26,0,0,33,0,33,3,3,53,0,59,10,0,10,69
02/02/2013,MCN,GA,ASO,ES,Federal Contract Tower,1,0,9,1,11,0,0,27,1,28,1,0,36,2,39,8,0,8,47
02/03/2013,MCN,GA,ASO,ES,Federal Contract Tower,0,2,12,0,14,0,0,8,0,8,0,2,20,0,22,0,0,0,22
02/04/2013,MCN,GA,ASO,ES,Federal Contract Tower,2,1,18,0,21,0,0,14,0,14,2,1,32,0,35,22,0,22,57
02/05/2013,MCN,GA,ASO,ES,Federal Contract Tower,7,3,37,0,47,0,0,27,0,27,7,3,64,0,74,30,0,30,104
02/06/2013,MCN,GA,ASO,ES,Federal Contract Tower,1,0,18,3,22,0,0,22,0,22,1,0,40,3,44,16,0,16,60
02/07/2013,MCN,GA,ASO,ES,Federal Contract Tower,0,3,10,0,13,0,0,0,0,0,0,3,10,0,13,0,0,0,13
02/08/2013,MCN,GA,ASO,ES,Federal Contract Tower,3,16,20,4,43,0,0,7,2,9,3,16,27,6,52,10,0,10,62
02/09/2013,MCN,GA,ASO,ES,Federal Contract Tower,0,0,7,0,7,0,6,30,0,36,0,6,37,0,43,28,0,28,71
02/10/2013,MCN,GA,ASO,ES,Federal Contract Tower,0,1,19,14,34,0,0,3,0,3,0,1,22,14,37,0,0,0,37
02/11/2013,MCN,GA,ASO,ES,Federal Contract Tower,0,0,19,0,19,0,0,0,0,0,0,0,19,0,19,0,0,0,19
02/12/2013,MCN,GA,ASO,ES,Federal Contract Tower,0,2,21,0,23,0,0,0,0,0,0,2,21,0,23,0,0,0,23
02/13/2013,MCN,GA,ASO,ES,Federal Contract Tower,0,2,8,0,10,0,0,4,2,6,0,2,12,2,16,0,0,0,16
02/14/2013,MCN,GA,ASO,ES,Federal Contract Tower,0,0,19,4,23,0,0,21,0,21,0,0,40,4,44,12,0,12,56
02/15/2013,MCN,GA,ASO,ES,Federal Contract Tower,0,0,22,0,22,0,0,15,0,15,0,0,37,0,37,6,0,6,43
02/16/2013,MCN,GA,ASO,ES,Federal Contract Tower,0,5,5,0,10,0,0,7,0,7,0,5,12,0,17,6,0,6,23
02/17/2013,MCN,GA,ASO,ES,Federal Contract Tower,0,0,16,0,16,0,0,11,0,11,0,0,27,0,27,0,0,0,27
02/18/2013,MCN,GA,ASO,ES,Federal Contract Tower,0,0,15,0,15,0,2,19,0,21,0,2,34,0,36,0,0,0,36
02/19/2013,MCN,GA,ASO,ES,Federal Contract Tower,0,0,14,0,14,0,0,4,0,4,0,0,18,0,18,2,0,2,20
02/20/2013,MCN,GA,ASO,ES,Federal Contract Tower,0,2,16,4,22,0,2,18,0,20,0,4,34,4,42,12,0,12,54
02/21/2013,MCN,GA,ASO,ES,Federal Contract Tower,0,2,28,0,30,0,0,26,0,26,0,2,54,0,56,12,0,12,68
02/22/2013,MCN,GA,ASO,ES,Federal Contract Tower,0,1,12,0,13,0,0,0,0,0,0,1,12,0,13,0,0,0,13
02/23/2013,MCN,GA,ASO,ES,Federal Contract Tower,0,1,13,0,14,0,0,0,0,0,0,1,13,0,14,0,0,0,14
02/24/2013,MCN,GA,ASO,ES,Federal Contract Tower,0,0,19,2,21,0,0,26,0,26,0,0,45,2,47,22,0,22,69
02/25/2013,MCN,GA,ASO,ES,Federal Contract Tower,0,0,33,2,35,0,0,0,0,0,0,0,33,2,35,0,0,0,35
02/26/2013,MCN,GA,ASO,ES,Federal Contract Tower,0,2,14,0,16,0,0,5,0,5,0,2,19,0,21,2,0,2,23
02/27/2013,MCN,GA,ASO,ES,Federal Contract Tower,0,1,19,0,20,0,7,26,0,33,0,8,45,0,53,8,0,8,61
02/28/2013,MCN,GA,ASO,ES,Federal Contract Tower,0,1,16,3,20,0,5,11,0,16,0,6,27,3,36,6,0,6,42
03/01/2013,MCN,GA,ASO,ES,Federal Contract Tower,0,10,12,7,29,0,0,20,2,22,0,10,32,9,51,2,0,2,53
03/02/2013,MCN,GA,ASO,ES,Federal Contract Tower,0,5,7,0,12,0,1,19,2,22,0,6,26,2,34,2,0,2,36
03/03/2013,MCN,GA,ASO,ES,Federal Contract Tower,0,1,8,1,10,0,4,9,3,16,0,5,17,4,26,0,0,0,26
03/04/2013,MCN,GA,ASO,ES,Federal Contract Tower,0,0,24,2,26,0,4,15,4,23,0,4,39,6,49,0,0,0,49
03/05/2013,MCN,GA,ASO,ES,Federal Contract Tower,0,0,11,0,11,0,0,0,2,2,0,0,11,2,13,0,0,0,13
03/06/2013,MCN,GA,ASO,ES,Federal Contract Tower,4,6,12,2,24,0,2,5,2,9,4,8,17,4,33,0,0,0,33
03/07/2013,MCN,GA,ASO,ES,Federal Contract Tower,0,0,18,1,19,0,8,24,0,32,0,8,42,1,51,4,0,4,55
03/08/2013,MCN,GA,ASO,ES,Federal Contract Tower,0,0,36,4,40,0,8,26,0,34,0,8,62,4,74,32,0,32,106
03/09/2013,MCN,GA,ASO,ES,Federal Contract Tower,3,0,4,0,7,0,6,33,0,39,3,6,37,0,46,94,0,94,140
03/10/2013,MCN,GA,ASO,ES,Federal Contract Tower,0,0,10,0,10,0,6,33,0,39,0,6,43,0,49,30,0,30,79
03/11/2013,MCN,GA,ASO,ES,Federal Contract Tower,0,6,17,0,23,0,2,8,0,10,0,8,25,0,33,6,0,6,39
03/12/2013,MCN,GA,ASO,ES,Federal Contract Tower,0,2,18,0,20,0,5,12,0,17,0,7,30,0,37,0,0,0,37
03/13/2013,MCN,GA,ASO,ES,Federal Contract Tower,0,0,10,0,10,0,10,7,0,17,0,10,17,0,27,10,0,10,37
03/14/2013,MCN,GA,ASO,ES,Federal Contract Tower,0,2,21,0,23,0,7,20,0,27,0,9,41,0,50,8,0,8,58
03/15/2013,MCN,GA,ASO,ES,Federal Contract Tower,0,0,14,0,14,0,10,9,0,19,0,10,23,0,33,0,0,0,33
03/16/2013,MCN,GA,ASO,ES,Federal Contract Tower,0,2,10,0,12,0,4,4,0,8,0,6,14,0,20,0,0,0,20
03/17/2013,MCN,GA,ASO,ES,Federal Contract Tower,0,2,13,9,24,0,4,11,0,15,0,6,24,9,39,0,0,0,39
03/18/2013,MCN,GA,ASO,ES,Federal Contract Tower,0,8,9,0,17,0,0,3,0,3,0,8,12,0,20,0,0,0,20
03/19/2013,MCN,GA,ASO,ES,Federal Contract Tower,0,3,18,2,23,0,6,9,0,15,0,9,27,2,38,2,0,2,40
03/20/2013,MCN,GA,ASO,ES,Federal Contract Tower,0,0,20,0,20,0,8,12,0,20,0,8,32,0,40,10,0,10,50
03/21/2013,MCN,GA,ASO,ES,Federal Contract Tower,0,3,28,2,33,0,8,25,0,33,0,11,53,2,66,8,2,10,76
03/22/2013,MCN,GA,ASO,ES,Federal Contract Tower,1,3,36,0,40,0,6,16,0,22,1,9,52,0,62,2,0,2,64
03/23/2013,MCN,GA,ASO,ES,Federal Contract Tower,0,6,6,0,12,0,0,1,0,1,0,6,7,0,13,0,0,0,13
03/24/2013,MCN,GA,ASO,ES,Federal Contract Tower,0,6,18,0,24,0,0,1,1,2,0,6,19,1,26,0,0,0,26
03/25/2013,MCN,GA,ASO,ES,Federal Contract Tower,2,0,12,0,14,0,8,5,0,13,2,8,17,0,27,0,0,0,27
03/26/2013,MCN,GA,ASO,ES,Federal Contract Tower,0,6,22,0,28,0,2,15,2,19,0,8,37,2,47,0,0,0,47
03/27/2013,MCN,GA,ASO,ES,Federal Contract Tower,0,2,22,0,24,0,8,26,0,34,0,10,48,0,58,2,0,2,60
03/28/2013,MCN,GA,ASO,ES,Federal Contract Tower,0,0,14,0,14,0,2,6,1,9,0,2,20,1,23,6,0,6,29
03/29/2013,MCN,GA,ASO,ES,Federal Contract Tower,3,0,22,2,27,0,5,17,0,22,3,5,39,2,49,14,0,14,63
03/30/2013,MCN,GA,ASO,ES,Federal Contract Tower,0,0,21,2,23,0,2,3,0,5,0,2,24,2,28,0,0,0,28
03/31/2013,MCN,GA,ASO,ES,Federal Contract Tower,0,1,10,0,11,0,0,3,0,3,0,1,13,0,14,0,0,0,14
04/01/2013,MCN,GA,ASO,ES,Federal Contract Tower,0,8,19,0,27,0,0,11,0,11,0,8,30,0,38,10,0,10,48
04/02/2013,MCN,GA,ASO,ES,Federal Contract Tower,1,4,25,1,31,0,0,20,0,20,1,4,45,1,51,2,0,2,53
04/03/2013,MCN,GA,ASO,ES,Federal Contract Tower,0,4,34,0,38,0,0,13,1,14,0,4,47,1,52,12,0,12,64
04/04/2013,MCN,GA,ASO,ES,Federal Contract Tower,0,7,14,0,21,0,0,0,0,0,0,7,14,0,21,0,0,0,21
04/05/2013,MCN,GA,ASO,ES,Federal Contract Tower,0,5,13,0,18,0,0,17,0,17,0,5,30,0,35,2,0,2,37
04/06/2013,MCN,GA,ASO,ES,Federal Contract Tower,0,2,8,0,10,0,0,18,0,18,0,2,26,0,28,2,0,2,30
04/07/2013,MCN,GA,ASO,ES,Federal Contract Tower,1,2,8,2,13,0,0,14,0,14,1,2,22,2,27,2,0,2,29
04/08/2013,MCN,GA,ASO,ES,Federal Contract Tower,1,5,16,0,22,0,0,10,0,10,1,5,26,0,32,4,0,4,36
04/09/2013,MCN,GA,ASO,ES,Federal Contract Tower,0,5,14,0,19,0,0,17,0,17,0,5,31,0,36,6,0,6,42
04/10/2013,MCN,GA,ASO,ES,Federal Contract Tower,0,6,27,0,33,0,0,12,0,12,0,6,39,0,45,0,0,0,45
04/11/2013,MCN,GA,ASO,ES,Federal Contract Tower,2,4,14,1,21,0,0,12,0,12,2,4,26,1,33,0,0,0,33
04/12/2013,MCN,GA,ASO,ES,Federal Contract Tower,0,4,24,1,29,0,0,9,3,12,0,4,33,4,41,0,0,0,41
04/13/2013,MCN,GA,ASO,ES,Federal Contract Tower,4,3,13,0,20,0,0,17,1,18,4,3,30,1,38,4,0,4,42
04/14/2013,MCN,GA,ASO,ES,Federal Contract Tower,0,2,11,6,19,0,0,10,0,10,0,2,21,6,29,6,0,6,35
04/15/2013,MCN,GA,ASO,ES,Federal Contract Tower,0,4,12,0,16,0,0,21,0,21,0,4,33,0,37,4,0,4,41
04/16/2013,MCN,GA,ASO,ES,Federal Contract Tower,1,6,18,0,25,0,0,6,2,8,1,6,24,2,33,2,0,2,35
04/17/2013,MCN,GA,ASO,ES,Federal Contract Tower,0,8,30,4,42,0,0,20,1,21,0,8,50,5,63,2,0,2,65
04/18/2013,MCN,GA,ASO,ES,Federal Contract Tower,0,4,19,2,25,0,0,6,0,6,0,4,25,2,31,0,0,0,31
04/19/2013,MCN,GA,ASO,ES,Federal Contract Tower,4,5,9,0,18,0,0,0,0,0,4,5,9,0,18,0,0,0,18
04/20/2013,MCN,GA,ASO,ES,Federal Contract Tower,0,3,14,0,17,0,0,28,0,28,0,3,42,0,45,6,0,6,51
04/21/2013,MCN,GA,ASO,ES,Federal Contract Tower,0,4,9,0,13,0,0,12,0,12,0,4,21,0,25,0,0,0,25
04/22/2013,MCN,GA,ASO,ES,Federal Contract Tower,0,3,13,0,16,0,0,8,0,8,0,3,21,0,24,0,0,0,24
04/23/2013,MCN,GA,ASO,ES,Federal Contract Tower,0,5,28,0,33,0,0,18,0,18,0,5,46,0,51,8,0,8,59
04/24/2013,MCN,GA,ASO,ES,Federal Contract Tower,0,7,26,0,33,0,0,18,2,20,0,7,44,2,53,10,0,10,63
04/25/2013,MCN,GA,ASO,ES,Federal Contract Tower,0,4,17,0,21,0,0,27,0,27,0,4,44,0,48,4,0,4,52
04/26/2013,MCN,GA,ASO,ES,Federal Contract Tower,0,4,12,4,20,0,0,20,0,20,0,4,32,4,40,4,0,4,44
04/27/2013,MCN,GA,ASO,ES,Federal Contract Tower,0,2,15,0,17,0,0,17,0,17,0,2,32,0,34,10,0,10,44
04/28/2013,MCN,GA,ASO,ES,Federal Contract Tower,0,3,19,0,22,0,0,7,0,7,0,3,26,0,29,0,0,0,29
04/29/2013,MCN,GA,ASO,ES,Federal Contract Tower,2,2,12,0,16,0,0,5,0,5,2,2,17,0,21,10,0,10,31
04/30/2013,MCN,GA,ASO,ES,Federal Contract Tower,0,4,26,0,30,0,0,21,0,21,0,4,47,0,51,14,0,14,65
05/01/2013,MCN,GA,ASO,ES,Federal Contract Tower,1,8,16,0,25,1,0,6,0,7,2,8,22,0,32,2,0,2,34
05/02/2013,MCN,GA,ASO,ES,Federal Contract Tower,0,4,27,4,35,0,0,3,1,4,0,4,30,5,39,0,0,0,39
05/03/2013,MCN,GA,ASO,ES,Federal Contract Tower,0,4,12,2,18,0,0,6,0,6,0,4,18,2,24,6,0,6,30
05/04/2013,MCN,GA,ASO,ES,Federal Contract Tower,0,2,15,0,17,0,0,1,0,1,0,2,16,0,18,0,0,0,18
05/05/2013,MCN,GA,ASO,ES,Federal Contract Tower,0,2,22,0,24,0,0,9,0,9,0,2,31,0,33,0,0,0,33
05/06/2013,MCN,GA,ASO,ES,Federal Contract Tower,0,4,10,0,14,0,0,2,0,2,0,4,12,0,16,0,0,0,16
05/07/2013,MCN,GA,ASO,ES,Federal Contract Tower,0,4,31,0,35,0,2,9,0,11,0,6,40,0,46,0,0,0,46
05/08/2013,MCN,GA,ASO,ES,Federal Contract Tower,0,4,19,0,23,0,0,26,0,26,0,4,45,0,49,10,0,10,59
05/09/2013,MCN,GA,ASO,ES,Federal Contract Tower,3,5,22,1,31,0,0,16,3,19,3,5,38,4,50,8,0,8,58
05/10/2013,MCN,GA,ASO,ES,Federal Contract Tower,3,4,23,0,30,0,0,11,1,12,3,4,34,1,42,0,0,0,42
05/11/2013,MCN,GA,ASO,ES,Federal Contract Tower,3,5,11,0,19,0,2,4,0,6,3,7,15,0,25,0,0,0,25
05/12/2013,MCN,GA,ASO,ES,Federal Contract Tower,0,4,15,3,22,0,0,11,1,12,0,4,26,4,34,0,0,0,34
05/13/2013,MCN,GA,ASO,ES,Federal Contract Tower,0,4,23,0,27,0,0,21,0,21,0,4,44,0,48,8,0,8,56
05/14/2013,MCN,GA,ASO,ES,Federal Contract Tower,0,6,16,9,31,0,0,19,0,19,0,6,35,9,50,2,10,12,62
05/15/2013,MCN,GA,ASO,ES,Federal Contract Tower,0,4,11,0,15,0,0,16,0,16,0,4,27,0,31,2,0,2,33
05/16/2013,MCN,GA,ASO,ES,Federal Contract Tower,3,4,18,0,25,0,0,9,0,9,3,4,27,0,34,0,0,0,34
05/17/2013,MCN,GA,ASO,ES,Federal Contract Tower,0,4,20,5,29,0,0,21,2,23,0,4,41,7,52,2,0,2,54
05/18/2013,MCN,GA,ASO,ES,Federal Contract Tower,0,4,14,0,18,0,0,0,0,0,0,4,14,0,18,0,0,0,18
05/19/2013,MCN,GA,ASO,ES,Federal Contract Tower,2,4,11,0,17,0,0,1,0,1,2,4,12,0,18,0,0,0,18
05/20/2013,MCN,GA,ASO,ES,Federal Contract Tower,1,4,12,0,17,0,0,7,3,10,1,4,19,3,27,8,0,8,35
05/21/2013,MCN,GA,ASO,ES,Federal Contract Tower,1,4,22,1,28,0,0,19,2,21,1,4,41,3,49,22,0,22,71
05/22/2013,MCN,GA,ASO,ES,Federal Contract Tower,0,4,21,2,27,0,0,10,1,11,0,4,31,3,38,0,0,0,38
05/23/2013,MCN,GA,ASO,ES,Federal Contract Tower,0,4,28,0,32,0,0,16,2,18,0,4,44,2,50,4,0,4,54
05/24/2013,MCN,GA,ASO,ES,Federal Contract Tower,0,4,26,0,30,0,0,14,0,14,0,4,40,0,44,8,0,8,52
05/25/2013,MCN,GA,ASO,ES,Federal Contract Tower,2,2,11,0,15,0,0,9,0,9,2,2,20,0,24,6,0,6,30
05/26/2013,MCN,GA,ASO,ES,Federal Contract Tower,0,2,16,0,18,0,0,10,0,10,0,2,26,0,28,2,0,2,30
05/27/2013,MCN,GA,ASO,ES,Federal Contract Tower,0,4,17,0,21,0,0,12,0,12,0,4,29,0,33,22,0,22,55
05/28/2013,MCN,GA,ASO,ES,Federal Contract Tower,0,4,14,0,18,0,0,17,0,17,0,4,31,0,35,2,0,2,37
05/29/2013,MCN,GA,ASO,ES,Federal Contract Tower,0,4,20,0,24,0,0,12,0,12,0,4,32,0,36,0,0,0,36
05/30/2013,MCN,GA,ASO,ES,Federal Contract Tower,0,4,17,0,21,0,0,12,0,12,0,4,29,0,33,4,0,4,37
05/31/2013,MCN,GA,ASO,ES,Federal Contract Tower,0,6,15,20,41,0,0,15,1,16,0,6,30,21,57,4,0,4,61
06/01/2013,MCN,GA,ASO,ES,Federal Contract Tower,0,2,16,2,20,0,0,18,0,18,0,2,34,2,38,6,0,6,44
06/02/2013,MCN,GA,ASO,ES,Federal Contract Tower,0,0,12,13,25,0,0,3,2,5,0,0,15,15,30,0,6,6,36
06/03/2013,MCN,GA,ASO,ES,Federal Contract Tower,1,4,6,0,11,0,0,8,0,8,1,4,14,0,19,0,0,0,19
06/04/2013,MCN,GA,ASO,ES,Federal Contract Tower,0,5,21,0,26,0,0,15,0,15,0,5,36,0,41,8,0,8,49
06/05/2013,MCN,GA,ASO,ES,Federal Contract Tower,0,3,17,0,20,0,0,6,2,8,0,3,23,2,28,6,0,6,34
06/06/2013,MCN,GA,ASO,ES,Federal Contract Tower,0,5,9,0,14,0,0,2,0,2,0,5,11,0,16,0,0,0,16
06/07/2013,MCN,GA,ASO,ES,Federal Contract Tower,1,7,14,15,37,0,0,5,1,6,1,7,19,16,43,0,0,0,43
06/08/2013,MCN,GA,ASO,ES,Federal Contract Tower,4,4,16,2,26,0,0,11,0,11,4,4,27,2,37,6,0,6,43
06/09/2013,MCN,GA,ASO,ES,Federal Contract Tower,2,2,11,0,15,0,0,4,0,4,2,2,15,0,19,0,0,0,19
06/10/2013,MCN,GA,ASO,ES,Federal Contract Tower,0,7,19,1,27,0,0,4,0,4,0,7,23,1,31,0,0,0,31
06/11/2013,MCN,GA,ASO,ES,Federal Contract Tower,0,8,7,2,17,0,0,4,0,4,0,8,11,2,21,2,0,2,23
06/12/2013,MCN,GA,ASO,ES,Federal Contract Tower,0,4,20,0,24,0,0,6,2,8,0,4,26,2,32,2,2,4,36
06/13/2013,MCN,GA,ASO,ES,Federal Contract Tower,0,4,21,0,25,0,0,7,0,7,0,4,28,0,32,0,0,0,32
06/14/2013,MCN,GA,ASO,ES,Federal Contract Tower,0,2,17,0,19,0,0,19,2,21,0,2,36,2,40,0,0,0,40
06/15/2013,MCN,GA,ASO,ES,Federal Contract Tower,0,2,8,0,10,0,0,10,0,10,0,2,18,0,20,0,0,0,20
06/16/2013,MCN,GA,ASO,ES,Federal Contract Tower,0,3,14,0,17,0,0,16,0,16,0,3,30,0,33,0,0,0,33
06/17/2013,MCN,GA,ASO,ES,Federal Contract Tower,0,5,11,0,16,0,0,2,0,2,0,5,13,0,18,0,0,0,18
06/18/2013,MCN,GA,ASO,ES,Federal Contract Tower,0,4,27,0,31,0,0,2,0,2,0,4,29,0,33,0,0,0,33
06/19/2013,MCN,GA,ASO,ES,Federal Contract Tower,0,5,20,0,25,0,0,13,0,13,0,5,33,0,38,6,0,6,44
06/20/2013,MCN,GA,ASO,ES,Federal Contract Tower,0,5,28,0,33,0,0,11,2,13,0,5,39,2,46,0,0,0,46
06/21/2013,MCN,GA,ASO,ES,Federal Contract Tower,0,4,23,4,31,0,0,20,4,24,0,4,43,8,55,6,0,6,61
06/22/2013,MCN,GA,ASO,ES,Federal Contract Tower,0,2,14,0,16,0,0,10,0,10,0,2,24,0,26,0,0,0,26
06/23/2013,MCN,GA,ASO,ES,Federal Contract Tower,0,2,20,5,27,0,0,8,2,10,0,2,28,7,37,6,0,6,43
06/24/2013,MCN,GA,ASO,ES,Federal Contract Tower,2,4,13,2,21,0,0,8,0,8,2,4,21,2,29,4,0,4,33
06/25/2013,MCN,GA,ASO,ES,Federal Contract Tower,0,6,14,0,20,0,0,3,0,3,0,6,17,0,23,0,0,0,23
06/26/2013,MCN,GA,ASO,ES,Federal Contract Tower,0,6,12,0,18,0,0,9,0,9,0,6,21,0,27,0,0,0,27
06/27/2013,MCN,GA,ASO,ES,Federal Contract Tower,0,4,10,0,14,0,0,20,0,20,0,4,30,0,34,10,0,10,44
06/28/2013,MCN,GA,ASO,ES,Federal Contract Tower,2,4,15,8,29,0,0,12,2,14,2,4,27,10,43,4,0,4,47
06/29/2013,MCN,GA,ASO,ES,Federal Contract Tower,0,6,20,0,26,0,0,4,0,4,0,6,24,0,30,12,0,12,42
06/30/2013,MCN,GA,ASO,ES,Federal Contract Tower,1,2,16,0,19,0,0,5,0,5,1,2,21,0,24,34,0,34,58
07/01/2013,MCN,GA,ASO,ES,Federal Contract Tower,1,6,7,0,14,0,0,9,0,9,1,6,16,0,23,10,0,10,33
07/02/2013,MCN,GA,ASO,ES,Federal Contract Tower,0,4,12,0,16,0,0,6,0,6,0,4,18,0,22,4,0,4,26
07/03/2013,MCN,GA,ASO,ES,Federal Contract Tower,0,6,14,0,20,0,0,1,0,1,0,6,15,0,21,0,0,0,21
07/04/2013,MCN,GA,ASO,ES,Federal Contract Tower,0,4,7,0,11,0,0,0,0,0,0,4,7,0,11,0,0,0,11
07/05/2013,MCN,GA,ASO,ES,Federal Contract Tower,1,4,9,0,14,0,0,2,0,2,1,4,11,0,16,0,0,0,16
07/06/2013,MCN,GA,ASO,ES,Federal Contract Tower,0,2,5,0,7,0,0,2,0,2,0,2,7,0,9,8,0,8,17
07/07/2013,MCN,GA,ASO,ES,Federal Contract Tower,0,4,14,0,18,0,2,4,0,6,0,6,18,0,24,10,0,10,34
07/08/2013,MCN,GA,ASO,ES,Federal Contract Tower,3,4,19,0,26,0,0,21,0,21,3,4,40,0,47,6,0,6,53
07/09/2013,MCN,GA,ASO,ES,Federal Contract Tower,6,8,14,2,30,0,0,10,0,10,6,8,24,2,40,2,0,2,42
07/10/2013,MCN,GA,ASO,ES,Federal Contract Tower,0,8,13,4,25,0,0,4,1,5,0,8,17,5,30,0,0,0,30
07/11/2013,MCN,GA,ASO,ES,Federal Contract Tower,0,6,5,0,11,0,0,5,2,7,0,6,10,2,18,0,0,0,18
07/12/2013,MCN,GA,ASO,ES,Federal Contract Tower,0,5,12,2,19,0,0,8,5,13,0,5,20,7,32,2,0,2,34
07/13/2013,MCN,GA,ASO,ES,Federal Contract Tower,1,2,19,0,22,0,0,4,0,4,1,2,23,0,26,6,0,6,32
07/14/2013,MCN,GA,ASO,ES,Federal Contract Tower,0,2,15,3,20,0,0,11,4,15,0,2,26,7,35,4,0,4,39
07/15/2013,MCN,GA,ASO,ES,Federal Contract Tower,0,4,13,0,17,0,0,3,0,3,0,4,16,0,20,0,0,0,20
07/16/2013,MCN,GA,ASO,ES,Federal Contract Tower,0,6,17,0,23,0,0,13,0,13,0,6,30,0,36,0,0,0,36
07/17/2013,MCN,GA,ASO,ES,Federal Contract Tower,0,4,11,0,15,0,0,9,0,9,0,4,20,0,24,14,0,14,38
07/18/2013,MCN,GA,ASO,ES,Federal Contract Tower,0,3,19,0,22,0,2,7,2,11,0,5,26,2,33,8,0,8,41
07/19/2013,MCN,GA,ASO,ES,Federal Contract Tower,0,6,20,4,30,0,0,13,10,23,0,6,33,14,53,8,0,8,61
07/20/2013,MCN,GA,ASO,ES,Federal Contract Tower,0,2,7,0,9,0,0,3,0,3,0,2,10,0,12,0,0,0,12
07/21/2013,MCN,GA,ASO,ES,Federal Contract Tower,2,4,13,0,19,0,0,2,10,12,2,4,15,10,31,0,0,0,31
07/22/2013,MCN,GA,ASO,ES,Federal Contract Tower,0,4,17,0,21,0,0,12,0,12,0,4,29,0,33,26,0,26,59
07/23/2013,MCN,GA,ASO,ES,Federal Contract Tower,0,3,17,0,20,0,0,5,0,5,0,3,22,0,25,22,0,22,47
07/24/2013,MCN,GA,ASO,ES,Federal Contract Tower,0,8,21,0,29,0,0,0,5,5,0,8,21,5,34,10,0,10,44
07/25/2013,MCN,GA,ASO,ES,Federal Contract Tower,0,4,24,0,28,0,0,6,0,6,0,4,30,0,34,0,0,0,34
07/26/2013,MCN,GA,ASO,ES,Federal Contract Tower,2,4,29,9,44,0,0,16,2,18,2,4,45,11,62,2,0,2,64
07/27/2013,MCN,GA,ASO,ES,Federal Contract Tower,0,2,12,0,14,0,0,9,0,9,0,2,21,0,23,2,0,2,25
07/28/2013,MCN,GA,ASO,ES,Federal Contract Tower,2,2,13,20,37,0,0,14,4,18,2,2,27,24,55,4,0,4,59
07/29/2013,MCN,GA,ASO,ES,Federal Contract Tower,0,4,20,0,24,0,0,14,0,14,0,4,34,0,38,20,0,20,58
07/30/2013,MCN,GA,ASO,ES,Federal Contract Tower,0,9,12,0,21,0,1,8,2,11,0,10,20,2,32,0,2,2,34
07/31/2013,MCN,GA,ASO,ES,Federal Contract Tower,2,8,15,0,25,0,0,2,0,2,2,8,17,0,27,4,0,4,31
08/01/2013,MCN,GA,ASO,ES,Federal Contract Tower,1,6,15,0,22,0,0,11,0,11,1,6,26,0,33,14,0,14,47
08/02/2013,MCN,GA,ASO,ES,Federal Contract Tower,0,4,19,0,23,0,0,13,0,13,0,4,32,0,36,12,0,12,48
08/03/2013,MCN,GA,ASO,ES,Federal Contract Tower,0,3,6,0,9,0,0,6,0,6,0,3,12,0,15,0,0,0,15
08/04/2013,MCN,GA,ASO,ES,Federal Contract Tower,1,6,9,0,16,0,2,19,2,23,1,8,28,2,39,6,0,6,45
08/05/2013,MCN,GA,ASO,ES,Federal Contract Tower,0,5,25,0,30,0,0,11,2,13,0,5,36,2,43,0,0,0,43
08/06/2013,MCN,GA,ASO,ES,Federal Contract Tower,2,4,24,0,30,0,0,4,2,6,2,4,28,2,36,0,0,0,36
08/07/2013,MCN,GA,ASO,ES,Federal Contract Tower,2,7,12,2,23,0,0,6,1,7,2,7,18,3,30,6,0,6,36
08/08/2013,MCN,GA,ASO,ES,Federal Contract Tower,0,4,22,4,30,0,0,16,0,16,0,4,38,4,46,18,0,18,64
08/09/2013,MCN,GA,ASO,ES,Federal Contract Tower,0,8,19,4,31,0,0,6,2,8,0,8,25,6,39,6,0,6,45
08/10/2013,MCN,GA,ASO,ES,Federal Contract Tower,0,2,8,0,10,0,0,16,0,16,0,2,24,0,26,20,0,20,46
08/11/2013,MCN,GA,ASO,ES,Federal Contract Tower,0,4,10,2,16,0,2,7,2,11,0,6,17,4,27,8,0,8,35
08/12/2013,MCN,GA,ASO,ES,Federal Contract Tower,1,6,14,2,23,0,0,25,0,25,1,6,39,2,48,6,0,6,54
08/13/2013,MCN,GA,ASO,ES,Federal Contract Tower,0,6,11,0,17,0,0,10,0,10,0,6,21,0,27,0,0,0,27
08/14/2013,MCN,GA,ASO,ES,Federal Contract Tower,0,4,21,0,25,0,0,10,0,10,0,4,31,0,35,2,0,2,37
08/15/2013,MCN,GA,ASO,ES,Federal Contract Tower,0,8,11,0,19,0,0,1,0,1,0,8,12,0,20,0,0,0,20
08/16/2013,MCN,GA,ASO,ES,Federal Contract Tower,0,10,18,0,28,0,0,1,0,1,0,10,19,0,29,0,0,0,29
08/17/2013,MCN,GA,ASO,ES,Federal Contract Tower,0,2,12,0,14,0,0,3,0,3,0,2,15,0,17,0,0,0,17
08/18/2013,MCN,GA,ASO,ES,Federal Contract Tower,5,9,8,0,22,0,0,1,1,2,5,9,9,1,24,0,0,0,24
08/19/2013,MCN,GA,ASO,ES,Federal Contract Tower,0,5,23,0,28,0,0,1,0,1,0,5,24,0,29,0,0,0,29
08/20/2013,MCN,GA,ASO,ES,Federal Contract Tower,0,2,24,2,28,0,0,3,0,3,0,2,27,2,31,4,0,4,35
08/21/2013,MCN,GA,ASO,ES,Federal Contract Tower,0,10,12,0,22,0,2,2,0,4,0,12,14,0,26,0,0,0,26
08/22/2013,MCN,GA,ASO,ES,Federal Contract Tower,0,5,16,2,23,0,0,15,0,15,0,5,31,2,38,2,0,2,40
08/23/2013,MCN,GA,ASO,ES,Federal Contract Tower,0,5,17,4,26,0,0,13,7,20,0,5,30,11,46,0,2,2,48
08/24/2013,MCN,GA,ASO,ES,Federal Contract Tower,0,2,12,1,15,0,0,6,0,6,0,2,18,1,21,22,0,22,43
08/25/2013,MCN,GA,ASO,ES,Federal Contract Tower,0,2,5,4,11,0,0,29,2,31,0,2,34,6,42,0,0,0,42
08/26/2013,MCN,GA,ASO,ES,Federal Contract Tower,0,6,9,0,15,0,0,14,0,14,0,6,23,0,29,6,0,6,35
08/27/2013,MCN,GA,ASO,ES,Federal Contract Tower,0,4,28,0,32,0,0,10,0,10,0,4,38,0,42,28,0,28,70
08/28/2013,MCN,GA,ASO,ES,Federal Contract Tower,0,4,10,0,14,0,0,26,1,27,0,4,36,1,41,8,0,8,49
08/29/2013,MCN,GA,ASO,ES,Federal Contract Tower,0,4,28,0,32,0,0,13,1,14,0,4,41,1,46,2,0,2,48
08/30/2013,MCN,GA,ASO,ES,Federal Contract Tower,0,4,21,0,25,0,0,16,0,16,0,4,37,0,41,0,0,0,41
08/31/2013,MCN,GA,ASO,ES,Federal Contract Tower,0,2,8,0,10,0,0,19,0,19,0,2,27,0,29,20,0,20,49
09/01/2013,MCN,GA,ASO,ES,Federal Contract Tower,0,4,8,0,12,0,0,3,0,3,0,4,11,0,15,4,0,4,19
09/02/2013,MCN,GA,ASO,ES,Federal Contract Tower,1,3,18,0,22,0,0,7,2,9,1,3,25,2,31,26,0,26,57
09/03/2013,MCN,GA,ASO,ES,Federal Contract Tower,0,5,21,1,27,0,0,8,0,8,0,5,29,1,35,6,0,6,41
09/04/2013,MCN,GA,ASO,ES,Federal Contract Tower,1,7,11,0,19,0,0,8,0,8,1,7,19,0,27,0,0,0,27
09/05/2013,MCN,GA,ASO,ES,Federal Contract Tower,0,3,16,3,22,0,0,14,1,15,0,3,30,4,37,0,0,0,37
09/06/2013,MCN,GA,ASO,ES,Federal Contract Tower,0,5,15,2,22,0,0,12,4,16,0,5,27,6,38,0,0,0,38
09/07/2013,MCN,GA,ASO,ES,Federal Contract Tower,0,4,13,0,17,0,0,14,0,14,0,4,27,0,31,0,0,0,31
09/08/2013,MCN,GA,ASO,ES,Federal Contract Tower,0,2,7,0,9,0,0,15,4,19,0,2,22,4,28,24,0,24,52
09/09/2013,MCN,GA,ASO,ES,Federal Contract Tower,0,4,12,0,16,0,0,11,0,11,0,4,23,0,27,36,0,36,63
09/10/2013,MCN,GA,ASO,ES,Federal Contract Tower,0,4,20,0,24,0,0,13,0,13,0,4,33,0,37,0,0,0,37
09/11/2013,MCN,GA,ASO,ES,Federal Contract Tower,0,4,22,2,28,0,0,18,1,19,0,4,40,3,47,4,2,6,53
09/12/2013,MCN,GA,ASO,ES,Federal Contract Tower,0,6,30,0,36,0,0,17,0,17,0,6,47,0,53,0,0,0,53
09/13/2013,MCN,GA,ASO,ES,Federal Contract Tower,0,7,24,0,31,0,0,4,0,4,0,7,28,0,35,0,0,0,35
09/14/2013,MCN,GA,ASO,ES,Federal Contract Tower,0,3,10,0,13,0,0,16,0,16,0,3,26,0,29,4,0,4,33
09/15/2013,MCN,GA,ASO,ES,Federal Contract Tower,0,3,12,0,15,0,0,13,0,13,0,3,25,0,28,26,0,26,54
09/16/2013,MCN,GA,ASO,ES,Federal Contract Tower,0,9,9,0,18,0,0,14,4,18,0,9,23,4,36,28,0,28,64
09/17/2013,MCN,GA,ASO,ES,Federal Contract Tower,0,6,15,4,25,0,0,0,0,0,0,6,15,4,25,0,0,0,25
09/18/2013,MCN,GA,ASO,ES,Federal Contract Tower,2,8,4,0,14,0,0,11,0,11,2,8,15,0,25,6,0,6,31
09/19/2013,MCN,GA,ASO,ES,Federal Contract Tower,1,9,23,4,37,0,0,22,0,22,1,9,45,4,59,4,0,4,63
09/20/2013,MCN,GA,ASO,ES,Federal Contract Tower,0,7,17,0,24,0,0,15,0,15,0,7,32,0,39,4,0,4,43
09/21/2013,MCN,GA,ASO,ES,Federal Contract Tower,0,2,5,0,7,0,0,4,0,4,0,2,9,0,11,8,0,8,19
09/22/2013,MCN,GA,ASO,ES,Federal Contract Tower,2,5,16,0,23,0,0,6,0,6,2,5,22,0,29,2,0,2,31
09/23/2013,MCN,GA,ASO,ES,Federal Contract Tower,0,5,16,4,25,0,0,18,7,25,0,5,34,11,50,36,0,36,86
09/24/2013,MCN,GA,ASO,ES,Federal Contract Tower,0,11,16,0,27,0,0,2,0,2,0,11,18,0,29,0,0,0,29
09/25/2013,MCN,GA,ASO,ES,Federal Contract Tower,0,7,26,0,33,0,0,0,0,0,0,7,26,0,33,0,0,0,33
09/26/2013,MCN,GA,ASO,ES,Federal Contract Tower,0,6,21,2,29,0,0,12,0,12,0,6,33,2,41,6,0,6,47
09/27/2013,MCN,GA,ASO,ES,Federal Contract Tower,0,4,25,4,33,0,0,21,2,23,0,4,46,6,56,6,0,6,62
09/28/2013,MCN,GA,ASO,ES,Federal Contract Tower,0,4,11,0,15,0,0,18,0,18,0,4,29,0,33,10,0,10,43
09/29/2013,MCN,GA,ASO,ES,Federal Contract Tower,7,4,8,13,32,0,1,22,2,25,7,5,30,15,57,4,0,4,61
09/30/2013,MCN,GA,ASO,ES,Federal Contract Tower,0,4,13,0,17,0,0,26,0,26,0,4,39,0,43,22,0,22,65
10/01/2013,MCN,GA,ASO,ES,Federal Contract Tower,0,4,29,0,33,0,0,24,0,24,0,4,53,0,57,14,0,14,71
10/02/2013,MCN,GA,ASO,ES,Federal Contract Tower,0,9,30,0,39,0,0,14,0,14,0,9,44,0,53,16,0,16,69
10/03/2013,MCN,GA,ASO,ES,Federal Contract Tower,2,7,14,0,23,0,0,26,0,26,2,7,40,0,49,9,0,9,58
10/04/2013,MCN,GA,ASO,ES,Federal Contract Tower,3,8,16,0,27,0,0,17,0,17,3,8,33,0,44,24,0,24,68
10/05/2013,MCN,GA,ASO,ES,Federal Contract Tower,0,3,31,0,34,0,0,14,0,14,0,3,45,0,48,2,0,2,50
10/06/2013,MCN,GA,ASO,ES,Federal Contract Tower,0,3,9,0,12,0,0,2,0,2,0,3,11,0,14,0,0,0,14
10/07/2013,MCN,GA,ASO,ES,Federal Contract Tower,0,4,11,0,15,0,0,2,0,2,0,4,13,0,17,0,0,0,17
10/08/2013,MCN,GA,ASO,ES,Federal Contract Tower,0,8,10,0,18,0,0,5,2,7,0,8,15,2,25,6,0,6,31
10/09/2013,MCN,GA,ASO,ES,Federal Contract Tower,0,6,16,0,22,0,0,13,1,14,0,6,29,1,36,42,4,46,82
10/10/2013,MCN,GA,ASO,ES,Federal Contract Tower,0,6,14,0,20,0,0,29,0,29,0,6,43,0,49,26,0,26,75
10/11/2013,MCN,GA,ASO,ES,Federal Contract Tower,0,2,14,0,16,0,2,24,0,26,0,4,38,0,42,28,0,28,70
10/12/2013,MCN,GA,ASO,ES,Federal Contract Tower,0,2,16,0,18,0,0,9,0,9,0,2,25,0,27,0,0,0,27
10/13/2013,MCN,GA,ASO,ES,Federal Contract Tower,0,2,16,0,18,0,0,9,0,9,0,2,25,0,27,2,0,2,29
10/14/2013,MCN,GA,ASO,ES,Federal Contract Tower,0,4,12,0,16,0,0,2,0,2,0,4,14,0,18,10,0,10,28
10/15/2013,MCN,GA,ASO,ES,Federal Contract Tower,0,4,34,4,42,0,0,18,1,19,0,4,52,5,61,32,0,32,93
10/16/2013,MCN,GA,ASO,ES,Federal Contract Tower,0,5,26,0,31,0,0,13,0,13,0,5,39,0,44,0,0,0,44
10/17/2013,MCN,GA,ASO,ES,Federal Contract Tower,0,6,24,0,30,0,0,18,0,18,0,6,42,0,48,0,0,0,48
10/18/2013,MCN,GA,ASO,ES,Federal Contract Tower,0,6,24,0,30,0,0,1,4,5,0,6,25,4,35,0,0,0,35
10/19/2013,MCN,GA,ASO,ES,Federal Contract Tower,0,2,9,0,11,0,0,8,0,8,0,2,17,0,19,70,0,70,89
10/20/2013,MCN,GA,ASO,ES,Federal Contract Tower,0,4,12,0,16,0,0,16,0,16,0,4,28,0,32,6,0,6,38
10/21/2013,MCN,GA,ASO,ES,Federal Contract Tower,0,7,19,0,26,0,0,12,0,12,0,7,31,0,38,0,0,0,38
10/22/2013,MCN,GA,ASO,ES,Federal Contract Tower,0,5,19,0,24,0,0,15,0,15,0,5,34,0,39,0,0,0,39
10/23/2013,MCN,GA,ASO,ES,Federal Contract Tower,4,4,14,0,22,0,0,7,0,7,4,4,21,0,29,12,0,12,41
10/24/2013,MCN,GA,ASO,ES,Federal Contract Tower,0,4,10,0,14,0,0,11,0,11,0,4,21,0,25,2,0,2,27
10/25/2013,MCN,GA,ASO,ES,Federal Contract Tower,3,4,7,2,16,0,0,18,0,18,3,4,25,2,34,74,0,74,108
10/26/2013,MCN,GA,ASO,ES,Federal Contract Tower,0,4,15,0,19,0,0,19,0,19,0,4,34,0,38,2,0,2,40
10/27/2013,MCN,GA,ASO,ES,Federal Contract Tower,0,7,10,2,19,0,0,11,0,11,0,7,21,2,30,20,0,20,50
10/28/2013,MCN,GA,ASO,ES,Federal Contract Tower,0,5,16,0,21,0,0,9,0,9,0,5,25,0,30,2,0,2,32
10/29/2013,MCN,GA,ASO,ES,Federal Contract Tower,0,10,18,5,33,0,2,11,1,14,0,12,29,6,47,2,0,2,49
10/30/2013,MCN,GA,ASO,ES,Federal Contract Tower,0,4,18,0,22,0,0,15,0,15,0,4,33,0,37,44,0,44,81
10/31/2013,MCN,GA,ASO,ES,Federal Contract Tower,0,4,19,6,29,0,2,18,2,22,0,6,37,8,51,22,0,22,73
11/01/2013,MCN,GA,ASO,ES,Federal Contract Tower,0,4,7,2,13,0,0,0,0,0,0,4,7,2,13,0,0,0,13
11/02/2013,MCN,GA,ASO,ES,Federal Contract Tower,0,5,9,0,14,0,0,19,0,19,0,5,28,0,33,0,0,0,33
11/03/2013,MCN,GA,ASO,ES,Federal Contract Tower,0,5,16,2,23,0,0,18,0,18,0,5,34,2,41,2,0,2,43
11/04/2013,MCN,GA,ASO,ES,Federal Contract Tower,0,6,15,2,23,0,0,10,0,10,0,6,25,2,33,46,0,46,79
11/05/2013,MCN,GA,ASO,ES,Federal Contract Tower,0,11,23,0,34,0,1,14,0,15,0,12,37,0,49,2,0,2,51
11/06/2013,MCN,GA,ASO,ES,Federal Contract Tower,0,4,23,7,34,0,0,11,1,12,0,4,34,8,46,4,0,4,50
11/07/2013,MCN,GA,ASO,ES,Federal Contract Tower,0,4,29,2,35,0,0,4,2,6,0,4,33,4,41,0,0,0,41
11/08/2013,MCN,GA,ASO,ES,Federal Contract Tower,3,4,14,2,23,0,0,22,4,26,3,4,36,6,49,14,0,14,63
11/09/2013,MCN,GA,ASO,ES,Federal Contract Tower,0,2,10,0,12,0,0,15,0,15,0,2,25,0,27,0,0,0,27
11/10/2013,MCN,GA,ASO,ES,Federal Contract Tower,0,2,16,0,18,0,0,7,0,7,0,2,23,0,25,6,0,6,31
11/11/2013,MCN,GA,ASO,ES,Federal Contract Tower,0,9,16,0,25,0,1,25,0,26,0,10,41,0,51,44,0,44,95
11/12/2013,MCN,GA,ASO,ES,Federal Contract Tower,0,2,13,2,17,0,0,17,0,17,0,2,30,2,34,4,0,4,38
11/13/2013,MCN,GA,ASO,ES,Federal Contract Tower,0,6,20,1,27,0,0,4,1,5,0,6,24,2,32,0,0,0,32
11/14/2013,MCN,GA,ASO,ES,Federal Contract Tower,2,5,12,0,19,0,0,5,0,5,2,5,17,0,24,0,0,0,24
11/15/2013,MCN,GA,ASO,ES,Federal Contract Tower,2,5,18,2,27,0,0,2,0,2,2,5,20,2,29,0,0,0,29
11/16/2013,MCN,GA,ASO,ES,Federal Contract Tower,4,2,7,6,19,0,0,8,0,8,4,2,15,6,27,20,0,20,47
11/17/2013,MCN,GA,ASO,ES,Federal Contract Tower,0,6,22,0,28,0,0,0,0,0,0,6,22,0,28,2,0,2,30
11/18/2013,MCN,GA,ASO,ES,Federal Contract Tower,3,4,9,0,16,0,0,13,1,14,3,4,22,1,30,40,0,40,70
11/19/2013,MCN,GA,ASO,ES,Federal Contract Tower,2,4,20,0,26,0,0,13,0,13,2,4,33,0,39,38,0,38,77
11/20/2013,MCN,GA,ASO,ES,Federal Contract Tower,0,5,26,0,31,0,0,7,0,7,0,5,33,0,38,4,0,4,42
11/21/2013,MCN,GA,ASO,ES,Federal Contract Tower,0,9,17,0,26,0,0,4,0,4,0,9,21,0,30,4,0,4,34
11/22/2013,MCN,GA,ASO,ES,Federal Contract Tower,0,5,15,4,24,0,0,2,0,2,0,5,17,4,26,0,0,0,26
11/23/2013,MCN,GA,ASO,ES,Federal Contract Tower,0,4,7,0,11,0,0,4,3,7,0,4,11,3,18,4,0,4,22
11/24/2013,MCN,GA,ASO,ES,Federal Contract Tower,0,2,4,2,8,0,0,12,2,14,0,2,16,4,22,2,0,2,24
11/25/2013,MCN,GA,ASO,ES,Federal Contract Tower,0,2,11,0,13,0,0,10,0,10,0,2,21,0,23,4,0,4,27
11/26/2013,MCN,GA,ASO,ES,Federal Contract Tower,0,2,18,0,20,0,0,0,0,0,0,2,18,0,20,0,0,0,20
11/27/2013,MCN,GA,ASO,ES,Federal Contract Tower,0,6,12,0,18,0,0,4,0,4,0,6,16,0,22,0,0,0,22
11/28/2013,MCN,GA,ASO,ES,Federal Contract Tower,3,2,4,0,9,0,0,7,0,7,3,2,11,0,16,0,0,0,16
11/29/2013,MCN,GA,ASO,ES,Federal Contract Tower,0,5,12,0,17,0,0,8,0,8,0,5,20,0,25,2,0,2,27
11/30/2013,MCN,GA,ASO,ES,Federal Contract Tower,0,4,6,0,10,0,0,7,0,7,0,4,13,0,17,8,0,8,25
12/01/2013,MCN,GA,ASO,ES,Federal Contract Tower,0,4,18,0,22,0,0,6,0,6,0,4,24,0,28,0,0,0,28
12/02/2013,MCN,GA,ASO,ES,Federal Contract Tower,0,2,10,1,13,0,0,6,1,7,0,2,16,2,20,4,0,4,24
12/03/2013,MCN,GA,ASO,ES,Federal Contract Tower,0,2,13,0,15,0,0,1,0,1,0,2,14,0,16,0,0,0,16
12/04/2013,MCN,GA,ASO,ES,Federal Contract Tower,0,4,14,2,20,0,0,2,0,2,0,4,16,2,22,0,0,0,22
12/05/2013,MCN,GA,ASO,ES,Federal Contract Tower,0,9,22,0,31,0,0,1,0,1,0,9,23,0,32,0,0,0,32
12/06/2013,MCN,GA,ASO,ES,Federal Contract Tower,0,2,5,0,7,0,0,9,0,9,0,2,14,0,16,0,0,0,16
12/07/2013,MCN,GA,ASO,ES,Federal Contract Tower,0,0,12,0,12,0,0,0,0,0,0,0,12,0,12,0,0,0,12
12/08/2013,MCN,GA,ASO,ES,Federal Contract Tower,0,2,2,0,4,0,0,0,0,0,0,2,2,0,4,0,0,0,4
12/09/2013,MCN,GA,ASO,ES,Federal Contract Tower,0,0,9,0,9,0,0,0,0,0,0,0,9,0,9,0,0,0,9
12/10/2013,MCN,GA,ASO,ES,Federal Contract Tower,0,4,5,0,9,0,2,5,0,7,0,6,10,0,16,0,0,0,16
12/11/2013,MCN,GA,ASO,ES,Federal Contract Tower,0,4,25,2,31,0,0,0,20,20,0,4,25,22,51,54,0,54,105
12/12/2013,MCN,GA,ASO,ES,Federal Contract Tower,0,10,16,0,26,0,1,19,0,20,0,11,35,0,46,22,0,22,68
12/13/2013,MCN,GA,ASO,ES,Federal Contract Tower,0,4,17,3,24,0,0,17,3,20,0,4,34,6,44,28,0,28,72
12/14/2013,MCN,GA,ASO,ES,Federal Contract Tower,0,2,4,0,6,0,0,2,0,2,0,2,6,0,8,10,0,10,18
12/15/2013,MCN,GA,ASO,ES,Federal Contract Tower,0,3,7,0,10,0,4,9,2,15,0,7,16,2,25,6,0,6,31
12/16/2013,MCN,GA,ASO,ES,Federal Contract Tower,0,4,4,2,10,0,0,12,0,12,0,4,16,2,22,4,0,4,26
12/17/2013,MCN,GA,ASO,ES,Federal Contract Tower,0,10,18,0,28,0,0,13,0,13,0,10,31,0,41,46,0,46,87
12/18/2013,MCN,GA,ASO,ES,Federal Contract Tower,0,9,28,0,37,0,1,23,0,24,0,10,51,0,61,46,0,46,107
12/19/2013,MCN,GA,ASO,ES,Federal Contract Tower,0,10,12,2,24,0,0,13,0,13,0,10,25,2,37,0,0,0,37
12/20/2013,MCN,GA,ASO,ES,Federal Contract Tower,3,7,21,0,31,0,0,16,0,16,3,7,37,0,47,10,0,10,57
12/21/2013,MCN,GA,ASO,ES,Federal Contract Tower,1,1,9,0,11,0,0,9,0,9,1,1,18,0,20,2,0,2,22
12/22/2013,MCN,GA,ASO,ES,Federal Contract Tower,0,0,6,0,6,0,0,0,0,0,0,0,6,0,6,0,0,0,6
12/23/2013,MCN,GA,ASO,ES,Federal Contract Tower,0,10,9,0,19,0,0,4,0,4,0,10,13,0,23,48,0,48,71
12/24/2013,MCN,GA,ASO,ES,Federal Contract Tower,4,4,1,0,9,0,0,9,0,9,4,4,10,0,18,38,0,38,56
12/25/2013,MCN,GA,ASO,ES,Federal Contract Tower,1,2,2,0,5,0,0,0,0,0,1,2,2,0,5,0,0,0,5
12/26/2013,MCN,GA,ASO,ES,Federal Contract Tower,1,4,17,0,22,0,0,14,0,14,1,4,31,0,36,0,0,0,36
12/27/2013,MCN,GA,ASO,ES,Federal Contract Tower,3,6,18,0,27,0,0,18,0,18,3,6,36,0,45,36,0,36,81
12/28/2013,MCN,GA,ASO,ES,Federal Contract Tower,1,2,12,0,15,0,0,0,0,0,1,2,12,0,15,18,0,18,33
12/29/2013,MCN,GA,ASO,ES,Federal Contract Tower,1,6,1,0,8,0,0,2,0,2,1,6,3,0,10,16,0,16,26
12/30/2013,MCN,GA,ASO,ES,Federal Contract Tower,0,4,44,0,48,0,0,21,0,21,0,4,65,0,69,82,0,82,151
12/31/2013,MCN,GA,ASO,ES,Federal Contract Tower,0,3,5,0,8,0,0,6,0,6,0,3,11,0,14,0,0,0,14
01/01/2014,MCN,GA,ASO,ES,Federal Contract Tower,0,2,5,0,7,0,0,9,0,9,0,2,14,0,16,0,0,0,16
01/02/2014,MCN,GA,ASO,ES,Federal Contract Tower,0,4,9,0,13,0,0,0,0,0,0,4,9,0,13,0,0,0,13
01/03/2014,MCN,GA,ASO,ES,Federal Contract Tower,3,2,6,6,17,0,0,11,0,11,3,2,17,6,28,2,0,2,30
01/04/2014,MCN,GA,ASO,ES,Federal Contract Tower,2,4,11,0,17,0,0,7,0,7,2,4,18,0,24,26,0,26,50
01/05/2014,MCN,GA,ASO,ES,Federal Contract Tower,0,2,5,0,7,0,0,9,0,9,0,2,14,0,16,0,0,0,16
01/06/2014,MCN,GA,ASO,ES,Federal Contract Tower,0,4,6,2,12,0,2,1,2,5,0,6,7,4,17,0,0,0,17
01/07/2014,MCN,GA,ASO,ES,Federal Contract Tower,0,2,20,4,26,0,2,11,1,14,0,4,31,5,40,54,0,54,94
01/08/2014,MCN,GA,ASO,ES,Federal Contract Tower,0,3,12,1,16,0,0,16,2,18,0,3,28,3,34,12,6,18,52
01/09/2014,MCN,GA,ASO,ES,Federal Contract Tower,1,5,26,0,32,0,0,10,0,10,1,5,36,0,42,34,0,34,76
01/10/2014,MCN,GA,ASO,ES,Federal Contract Tower,0,2,5,0,7,0,0,0,0,0,0,2,5,0,7,0,0,0,7
01/11/2014,MCN,GA,ASO,ES,Federal Contract Tower,2,4,6,0,12,0,1,1,0,2,2,5,7,0,14,0,0,0,14
01/12/2014,MCN,GA,ASO,ES,Federal Contract Tower,0,2,17,0,19,0,0,9,0,9,0,2,26,0,28,4,0,4,32
01/13/2014,MCN,GA,ASO,ES,Federal Contract Tower,0,9,14,0,23,0,0,5,0,5,0,9,19,0,28,14,0,14,42
01/14/2014,MCN,GA,ASO,ES,Federal Contract Tower,0,6,20,4,30,0,0,7,0,7,0,6,27,4,37,0,0,0,37
01/15/2014,MCN,GA,ASO,ES,Federal Contract Tower,0,6,14,2,22,0,0,17,0,17,0,6,31,2,39,0,0,0,39
01/16/2014,MCN,GA,ASO,ES,Federal Contract Tower,1,8,13,0,22,0,0,9,0,9,1,8,22,0,31,0,0,0,31
01/17/2014,MCN,GA,ASO,ES,Federal Contract Tower,0,5,14,9,28,0,0,17,7,24,0,5,31,16,52,0,0,0,52
01/18/2014,MCN,GA,ASO,ES,Federal Contract Tower,0,2,17,0,19,0,0,11,0,11,0,2,28,0,30,14,0,14,44
01/19/2014,MCN,GA,ASO,ES,Federal Contract Tower,0,2,22,7,31,0,0,6,10,16,0,2,28,17,47,0,0,0,47
01/20/2014,MCN,GA,ASO,ES,Federal Contract Tower,1,9,14,2,26,0,0,22,0,22,1,9,36,2,48,48,0,48,96
01/21/2014,MCN,GA,ASO,ES,Federal Contract Tower,0,15,12,0,27,0,0,9,0,9,0,15,21,0,36,22,0,22,58
01/22/2014,MCN,GA,ASO,ES,Federal Contract Tower,0,6,25,0,31,0,0,8,0,8,0,6,33,0,39,22,0,22,61
01/23/2014,MCN,GA,ASO,ES,Federal Contract Tower,0,4,28,4,36,0,0,10,0,10,0,4,38,4,46,2,0,2,48
01/24/2014,MCN,GA,ASO,ES,Federal Contract Tower,4,4,13,0,21,0,0,20,0,20,4,4,33,0,41,4,0,4,45
01/25/2014,MCN,GA,ASO,ES,Federal Contract Tower,0,2,7,0,9,0,0,7,0,7,0,2,14,0,16,22,0,22,38
01/26/2014,MCN,GA,ASO,ES,Federal Contract Tower,0,7,13,0,20,0,1,14,0,15,0,8,27,0,35,2,0,2,37
01/27/2014,MCN,GA,ASO,ES,Federal Contract Tower,0,3,19,2,24,0,2,11,0,13,0,5,30,2,37,88,0,88,125
01/28/2014,MCN,GA,ASO,ES,Federal Contract Tower,0,0,3,0,3,0,0,3,0,3,0,0,6,0,6,0,0,0,6
01/29/2014,MCN,GA,ASO,ES,Federal Contract Tower,0,2,3,0,5,0,0,4,0,4,0,2,7,0,9,0,0,0,9
01/30/2014,MCN,GA,ASO,ES,Federal Contract Tower,7,6,14,4,31,0,0,10,0,10,7,6,24,4,41,14,0,14,55
01/31/2014,MCN,GA,ASO,ES,Federal Contract Tower,4,4,18,1,27,0,0,14,2,16,4,4,32,3,43,4,0,4,47
02/01/2014,MCN,GA,ASO,ES,Federal Contract Tower,0,7,10,0,17,0,0,4,1,5,0,7,14,1,22,0,0,0,22
02/02/2014,MCN,GA,ASO,ES,Federal Contract Tower,0,1,2,0,3,0,0,10,0,10,0,1,12,0,13,2,0,2,15
02/03/2014,MCN,GA,ASO,ES,Federal Contract Tower,0,4,20,2,26,0,0,3,0,3,0,4,23,2,29,0,0,0,29
02/04/2014,MCN,GA,ASO,ES,Federal Contract Tower,0,2,23,1,26,0,0,0,0,0,0,2,23,1,26,0,0,0,26
02/05/2014,MCN,GA,ASO,ES,Federal Contract Tower,2,3,10,0,15,0,0,11,0,11,2,3,21,0,26,0,0,0,26
02/06/2014,MCN,GA,ASO,ES,Federal Contract Tower,0,4,13,0,17,0,0,14,0,14,0,4,27,0,31,42,0,42,73
02/07/2014,MCN,GA,ASO,ES,Federal Contract Tower,0,3,20,0,23,0,0,22,6,28,0,3,42,6,51,44,0,44,95
02/08/2014,MCN,GA,ASO,ES,Federal Contract Tower,0,7,10,0,17,0,1,5,0,6,0,8,15,0,23,0,0,0,23
02/09/2014,MCN,GA,ASO,ES,Federal Contract Tower,0,5,10,0,15,0,0,22,2,24,0,5,32,2,39,4,0,4,43
02/10/2014,MCN,GA,ASO,ES,Federal Contract Tower,0,4,10,4,18,0,0,15,0,15,0,4,25,4,33,6,0,6,39
02/11/2014,MCN,GA,ASO,ES,Federal Contract Tower,0,0,15,0,15,0,0,0,0,0,0,0,15,0,15,0,0,0,15
02/12/2014,MCN,GA,ASO,ES,Federal Contract Tower,0,0,0,0,0,0,0,0,0,0,0,0,0,0,0,0,0,0,0
02/13/2014,MCN,GA,ASO,ES,Federal Contract Tower,0,4,10,6,20,0,0,0,0,0,0,4,10,6,20,0,0,0,20
02/14/2014,MCN,GA,ASO,ES,Federal Contract Tower,0,7,29,0,36,0,2,20,0,22,0,9,49,0,58,30,0,30,88
02/15/2014,MCN,GA,ASO,ES,Federal Contract Tower,0,5,5,0,10,0,0,3,0,3,0,5,8,0,13,0,0,0,13
02/16/2014,MCN,GA,ASO,ES,Federal Contract Tower,0,2,12,0,14,0,0,19,0,19,0,2,31,0,33,6,0,6,39
02/17/2014,MCN,GA,ASO,ES,Federal Contract Tower,3,5,19,0,27,0,0,16,0,16,3,5,35,0,43,0,0,0,43
02/18/2014,MCN,GA,ASO,ES,Federal Contract Tower,1,4,28,2,35,0,0,11,2,13,1,4,39,4,48,24,0,24,72
02/19/2014,MCN,GA,ASO,ES,Federal Contract Tower,0,8,25,0,33,0,0,17,3,20,0,8,42,3,53,40,0,40,93
02/20/2014,MCN,GA,ASO,ES,Federal Contract Tower,0,4,25,2,31,0,0,11,0,11,0,4,36,2,42,16,0,16,58
02/21/2014,MCN,GA,ASO,ES,Federal Contract Tower,0,4,20,0,24,0,0,9,2,11,0,4,29,2,35,26,10,36,71
02/22/2014,MCN,GA,ASO,ES,Federal Contract Tower,4,2,10,0,16,0,0,23,0,23,4,2,33,0,39,10,0,10,49
02/23/2014,MCN,GA,ASO,ES,Federal Contract Tower,0,3,13,8,24,0,0,4,0,4,0,3,17,8,28,6,0,6,34
02/24/2014,MCN,GA,ASO,ES,Federal Contract Tower,0,6,18,0,24,0,0,11,0,11,0,6,29,0,35,24,0,24,59
02/25/2014,MCN,GA,ASO,ES,Federal Contract Tower,0,5,20,4,29,0,0,12,2,14,0,5,32,6,43,12,0,12,55
02/26/2014,MCN,GA,ASO,ES,Federal Contract Tower,0,9,16,0,25,0,0,0,0,0,0,9,16,0,25,0,0,0,25
02/27/2014,MCN,GA,ASO,ES,Federal Contract Tower,0,4,23,0,27,0,0,28,0,28,0,4,51,0,55,2,0,2,57
02/28/2014,MCN,GA,ASO,ES,Federal Contract Tower,0,3,14,0,17,0,0,14,3,17,0,3,28,3,34,4,0,4,38
03/01/2014,MCN,GA,ASO,ES,Federal Contract Tower,0,2,10,0,12,0,0,12,0,12,0,2,22,0,24,0,0,0,24
03/02/2014,MCN,GA,ASO,ES,Federal Contract Tower,0,2,12,0,14,0,0,24,2,26,0,2,36,2,40,8,0,8,48
03/03/2014,MCN,GA,ASO,ES,Federal Contract Tower,0,6,11,0,17,0,0,4,0,4,0,6,15,0,21,0,0,0,21
03/04/2014,MCN,GA,ASO,ES,Federal Contract Tower,0,6,27,0,33,0,0,5,0,5,0,6,32,0,38,4,0,4,42
03/05/2014,MCN,GA,ASO,ES,Federal Contract Tower,0,4,18,2,24,0,0,20,0,20,0,4,38,2,44,2,0,2,46
03/06/2014,MCN,GA,ASO,ES,Federal Contract Tower,0,2,20,0,22,0,0,0,0,0,0,2,20,0,22,0,0,0,22
03/07/2014,MCN,GA,ASO,ES,Federal Contract Tower,3,2,29,0,34,0,0,12,2,14,3,2,41,2,48,18,0,18,66
03/08/2014,MCN,GA,ASO,ES,Federal Contract Tower,0,2,16,0,18,0,0,37,0,37,0,2,53,0,55,2,0,2,57
03/09/2014,MCN,GA,ASO,ES,Federal Contract Tower,1,2,13,0,16,0,0,23,2,25,1,2,36,2,41,0,0,0,41
03/10/2014,MCN,GA,ASO,ES,Federal Contract Tower,1,3,16,0,20,0,0,2,0,2,1,3,18,0,22,2,0,2,24
03/11/2014,MCN,GA,ASO,ES,Federal Contract Tower,0,4,19,0,23,0,0,30,0,30,0,4,49,0,53,6,0,6,59
03/12/2014,MCN,GA,ASO,ES,Federal Contract Tower,1,6,16,3,26,1,2,1,0,4,2,8,17,3,30,0,0,0,30
03/13/2014,MCN,GA,ASO,ES,Federal Contract Tower,0,4,18,0,22,0,0,24,0,24,0,4,42,0,46,2,0,2,48
03/14/2014,MCN,GA,ASO,ES,Federal Contract Tower,0,5,15,0,20,0,0,25,1,26,0,5,40,1,46,8,0,8,54
03/15/2014,MCN,GA,ASO,ES,Federal Contract Tower,0,4,9,0,13,0,0,9,0,9,0,4,18,0,22,8,0,8,30
03/16/2014,MCN,GA,ASO,ES,Federal Contract Tower,0,4,4,0,8,0,0,1,0,1,0,4,5,0,9,0,0,0,9
03/17/2014,MCN,GA,ASO,ES,Federal Contract Tower,0,3,13,0,16,0,0,0,0,0,0,3,13,0,16,0,0,0,16
03/18/2014,MCN,GA,ASO,ES,Federal Contract Tower,0,6,22,2,30,0,0,7,0,7,0,6,29,2,37,6,0,6,43
03/19/2014,MCN,GA,ASO,ES,Federal Contract Tower,3,12,13,0,28,0,0,5,0,5,3,12,18,0,33,2,0,2,35
03/20/2014,MCN,GA,ASO,ES,Federal Contract Tower,1,4,25,0,30,0,0,20,1,21,1,4,45,1,51,12,0,12,63
03/21/2014,MCN,GA,ASO,ES,Federal Contract Tower,4,9,18,10,41,0,0,14,0,14,4,9,32,10,55,0,0,0,55
03/22/2014,MCN,GA,ASO,ES,Federal Contract Tower,3,2,4,7,16,1,0,3,0,4,4,2,7,7,20,4,0,4,24
03/23/2014,MCN,GA,ASO,ES,Federal Contract Tower,1,6,16,0,23,0,0,4,0,4,1,6,20,0,27,8,0,8,35
03/24/2014,MCN,GA,ASO,ES,Federal Contract Tower,0,12,18,1,31,0,0,21,0,21,0,12,39,1,52,4,0,4,56
03/25/2014,MCN,GA,ASO,ES,Federal Contract Tower,0,2,13,0,15,0,0,7,2,9,0,2,20,2,24,0,0,0,24
03/26/2014,MCN,GA,ASO,ES,Federal Contract Tower,0,6,18,0,24,0,0,24,0,24,0,6,42,0,48,10,0,10,58
03/27/2014,MCN,GA,ASO,ES,Federal Contract Tower,0,4,14,0,18,0,0,10,4,14,0,4,24,4,32,6,0,6,38
03/28/2014,MCN,GA,ASO,ES,Federal Contract Tower,0,0,21,0,21,0,0,0,0,0,0,0,21,0,21,0,0,0,21
03/29/2014,MCN,GA,ASO,ES,Federal Contract Tower,0,2,16,0,18,0,0,2,0,2,0,2,18,0,20,0,0,0,20
03/30/2014,MCN,GA,ASO,ES,Federal Contract Tower,0,0,22,0,22,0,0,15,0,15,0,0,37,0,37,14,0,14,51
03/31/2014,MCN,GA,ASO,ES,Federal Contract Tower,0,4,15,0,19,0,0,11,0,11,0,4,26,0,30,18,0,18,48
04/01/2014,MCN,GA,ASO,ES,Federal Contract Tower,0,8,16,0,24,0,0,21,0,21,0,8,37,0,45,18,0,18,63
04/02/2014,MCN,GA,ASO,ES,Federal Contract Tower,4,7,25,0,36,0,0,25,0,25,4,7,50,0,61,6,0,6,67
04/03/2014,MCN,GA,ASO,ES,Federal Contract Tower,2,5,22,6,35,0,0,16,4,20,2,5,38,10,55,0,4,4,59
04/04/2014,MCN,GA,ASO,ES,Federal Contract Tower,0,3,17,0,20,0,0,5,0,5,0,3,22,0,25,0,0,0,25
04/05/2014,MCN,GA,ASO,ES,Federal Contract Tower,0,2,10,0,12,0,0,16,4,20,0,2,26,4,32,18,0,18,50
04/06/2014,MCN,GA,ASO,ES,Federal Contract Tower,0,2,11,0,13,0,0,0,0,0,0,2,11,0,13,0,0,0,13
04/07/2014,MCN,GA,ASO,ES,Federal Contract Tower,0,0,6,0,6,0,0,1,0,1,0,0,7,0,7,0,0,0,7
04/08/2014,MCN,GA,ASO,ES,Federal Contract Tower,0,6,19,0,25,0,3,13,0,16,0,9,32,0,41,14,0,14,55
04/09/2014,MCN,GA,ASO,ES,Federal Contract Tower,1,3,21,4,29,0,0,7,5,12,1,3,28,9,41,0,0,0,41
04/10/2014,MCN,GA,ASO,ES,Federal Contract Tower,1,10,8,0,19,0,0,18,0,18,1,10,26,0,37,28,0,28,65
04/11/2014,MCN,GA,ASO,ES,Federal Contract Tower,0,5,20,6,31,0,0,9,2,11,0,5,29,8,42,12,0,12,54
04/12/2014,MCN,GA,ASO,ES,Federal Contract Tower,0,2,10,0,12,0,0,25,0,25,0,2,35,0,37,12,0,12,49
04/13/2014,MCN,GA,ASO,ES,Federal Contract Tower,0,2,10,5,17,0,0,17,1,18,0,2,27,6,35,8,0,8,43
04/14/2014,MCN,GA,ASO,ES,Federal Contract Tower,0,4,7,2,13,0,0,3,0,3,0,4,10,2,16,4,0,4,20
04/15/2014,MCN,GA,ASO,ES,Federal Contract Tower,0,4,15,0,19,0,0,2,0,2,0,4,17,0,21,0,0,0,21
04/16/2014,MCN,GA,ASO,ES,Federal Contract Tower,2,4,12,0,18,0,0,13,0,13,2,4,25,0,31,0,0,0,31
04/17/2014,MCN,GA,ASO,ES,Federal Contract Tower,0,4,8,0,12,0,0,20,0,20,0,4,28,0,32,2,0,2,34
04/18/2014,MCN,GA,ASO,ES,Federal Contract Tower,0,2,16,0,18,0,0,0,0,0,0,2,16,0,18,0,0,0,18
04/19/2014,MCN,GA,ASO,ES,Federal Contract Tower,4,2,8,0,14,0,0,0,0,0,4,2,8,0,14,0,0,0,14
04/20/2014,MCN,GA,ASO,ES,Federal Contract Tower,1,4,11,0,16,0,0,8,0,8,1,4,19,0,24,24,0,24,48
04/21/2014,MCN,GA,ASO,ES,Federal Contract Tower,3,4,21,0,28,0,0,26,0,26,3,4,47,0,54,12,0,12,66
04/22/2014,MCN,GA,ASO,ES,Federal Contract Tower,2,6,12,0,20,0,0,11,0,11,2,6,23,0,31,12,0,12,43
04/23/2014,MCN,GA,ASO,ES,Federal Contract Tower,1,4,14,2,21,0,1,22,0,23,1,5,36,2,44,18,0,18,62
04/24/2014,MCN,GA,ASO,ES,Federal Contract Tower,0,5,28,0,33,0,0,15,0,15,0,5,43,0,48,4,0,4,52
04/25/2014,MCN,GA,ASO,ES,Federal Contract Tower,0,6,25,1,32,0,0,7,3,10,0,6,32,4,42,4,0,4,46
04/26/2014,MCN,GA,ASO,ES,Federal Contract Tower,0,2,7,0,9,0,0,32,0,32,0,2,39,0,41,10,0,10,51
04/27/2014,MCN,GA,ASO,ES,Federal Contract Tower,3,2,16,2,23,0,0,16,0,16,3,2,32,2,39,0,0,0,39
04/28/2014,MCN,GA,ASO,ES,Federal Contract Tower,0,7,25,4,36,0,0,4,1,5,0,7,29,5,41,0,0,0,41
04/29/2014,MCN,GA,ASO,ES,Federal Contract Tower,1,4,5,0,10,0,0,2,2,4,1,4,7,2,14,0,0,0,14
04/30/2014,MCN,GA,ASO,ES,Federal Contract Tower,0,2,7,0,9,0,0,5,4,9,0,2,12,4,18,14,0,14,32
05/01/2014,MCN,GA,ASO,ES,Federal Contract Tower,4,4,20,0,28,0,0,9,5,14,4,4,29,5,42,6,0,6,48
05/02/2014,MCN,GA,ASO,ES,Federal Contract Tower,0,4,22,9,35,0,0,6,4,10,0,4,28,13,45,0,0,0,45
05/03/2014,MCN,GA,ASO,ES,Federal Contract Tower,3,3,6,0,12,0,0,11,0,11,3,3,17,0,23,4,0,4,27
05/04/2014,MCN,GA,ASO,ES,Federal Contract Tower,0,2,13,8,23,0,0,6,2,8,0,2,19,10,31,10,10,20,51
05/05/2014,MCN,GA,ASO,ES,Federal Contract Tower,0,4,12,6,22,0,0,8,1,9,0,4,20,7,31,10,0,10,41
05/06/2014,MCN,GA,ASO,ES,Federal Contract Tower,0,6,32,4,42,0,0,20,0,20,0,6,52,4,62,16,0,16,78
05/07/2014,MCN,GA,ASO,ES,Federal Contract Tower,1,6,18,2,27,0,0,13,2,15,1,6,31,4,42,0,0,0,42
05/08/2014,MCN,GA,ASO,ES,Federal Contract Tower,0,6,15,2,23,0,0,12,4,16,0,6,27,6,39,0,0,0,39
05/09/2014,MCN,GA,ASO,ES,Federal Contract Tower,0,4,17,0,21,0,0,10,3,13,0,4,27,3,34,0,0,0,34
05/10/2014,MCN,GA,ASO,ES,Federal Contract Tower,0,2,3,0,5,0,0,13,2,15,0,2,16,2,20,12,0,12,32
05/11/2014,MCN,GA,ASO,ES,Federal Contract Tower,0,4,3,1,8,0,0,4,0,4,0,4,7,1,12,0,0,0,12
05/12/2014,MCN,GA,ASO,ES,Federal Contract Tower,0,6,20,0,26,0,0,15,0,15,0,6,35,0,41,0,0,0,41
05/13/2014,MCN,GA,ASO,ES,Federal Contract Tower,0,4,14,0,18,0,0,21,0,21,0,4,35,0,39,22,0,22,61
05/14/2014,MCN,GA,ASO,ES,Federal Contract Tower,0,4,17,0,21,0,0,14,0,14,0,4,31,0,35,2,0,2,37
05/15/2014,MCN,GA,ASO,ES,Federal Contract Tower,0,8,15,0,23,0,0,2,0,2,0,8,17,0,25,0,0,0,25
05/16/2014,MCN,GA,ASO,ES,Federal Contract Tower,0,5,21,1,27,0,0,19,1,20,0,5,40,2,47,8,0,8,55
05/17/2014,MCN,GA,ASO,ES,Federal Contract Tower,0,3,7,0,10,0,0,11,0,11,0,3,18,0,21,34,0,34,55
05/18/2014,MCN,GA,ASO,ES,Federal Contract Tower,1,5,7,4,17,0,0,7,0,7,1,5,14,4,24,34,0,34,58
05/19/2014,MCN,GA,ASO,ES,Federal Contract Tower,4,4,19,2,29,0,0,9,0,9,4,4,28,2,38,32,0,32,70
05/20/2014,MCN,GA,ASO,ES,Federal Contract Tower,0,5,14,0,19,0,0,17,0,17,0,5,31,0,36,30,0,30,66
05/21/2014,MCN,GA,ASO,ES,Federal Contract Tower,0,5,14,4,23,0,0,13,1,14,0,5,27,5,37,8,0,8,45
05/22/2014,MCN,GA,ASO,ES,Federal Contract Tower,0,5,16,0,21,0,0,9,7,16,0,5,25,7,37,0,0,0,37
05/23/2014,MCN,GA,ASO,ES,Federal Contract Tower,1,5,11,0,17,0,0,14,0,14,1,5,25,0,31,16,0,16,47
05/24/2014,MCN,GA,ASO,ES,Federal Contract Tower,0,2,11,0,13,0,2,10,0,12,0,4,21,0,25,2,0,2,27
05/25/2014,MCN,GA,ASO,ES,Federal Contract Tower,0,4,14,0,18,0,0,6,0,6,0,4,20,0,24,26,0,26,50
05/26/2014,MCN,GA,ASO,ES,Federal Contract Tower,0,4,8,0,12,0,0,9,0,9,0,4,17,0,21,50,0,50,71
05/27/2014,MCN,GA,ASO,ES,Federal Contract Tower,0,4,15,0,19,0,0,6,0,6,0,4,21,0,25,2,0,2,27
05/28/2014,MCN,GA,ASO,ES,Federal Contract Tower,3,5,19,0,27,0,0,12,0,12,3,5,31,0,39,0,0,0,39
05/29/2014,MCN,GA,ASO,ES,Federal Contract Tower,0,4,10,10,24,0,0,8,0,8,0,4,18,10,32,2,0,2,34
05/30/2014,MCN,GA,ASO,ES,Federal Contract Tower,0,5,12,0,17,0,0,13,0,13,0,5,25,0,30,4,0,4,34
05/31/2014,MCN,GA,ASO,ES,Federal Contract Tower,0,2,8,0,10,0,0,12,0,12,0,2,20,0,22,0,0,0,22
06/01/2014,MCN,GA,ASO,ES,Federal Contract Tower,1,2,13,0,16,0,0,2,0,2,1,2,15,0,18,0,0,0,18
06/02/2014,MCN,GA,ASO,ES,Federal Contract Tower,2,4,12,0,18,0,0,13,0,13,2,4,25,0,31,14,0,14,45
06/03/2014,MCN,GA,ASO,ES,Federal Contract Tower,2,4,17,5,28,0,0,13,0,13,2,4,30,5,41,50,0,50,91
06/04/2014,MCN,GA,ASO,ES,Federal Contract Tower,0,4,22,2,28,0,0,9,0,9,0,4,31,2,37,10,0,10,47
06/05/2014,MCN,GA,ASO,ES,Federal Contract Tower,1,4,18,0,23,0,0,17,0,17,1,4,35,0,40,2,0,2,42
06/06/2014,MCN,GA,ASO,ES,Federal Contract Tower,0,4,17,0,21,0,0,9,0,9,0,4,26,0,30,4,0,4,34
06/07/2014,MCN,GA,ASO,ES,Federal Contract Tower,0,2,10,0,12,0,0,5,0,5,0,2,15,0,17,0,0,0,17
06/08/2014,MCN,GA,ASO,ES,Federal Contract Tower,0,2,20,6,28,0,0,12,2,14,0,2,32,8,42,8,0,8,50
06/09/2014,MCN,GA,ASO,ES,Federal Contract Tower,0,4,12,2,18,0,0,3,0,3,0,4,15,2,21,0,0,0,21
06/10/2014,MCN,GA,ASO,ES,Federal Contract Tower,0,4,10,0,14,0,0,7,0,7,0,4,17,0,21,12,0,12,33
06/11/2014,MCN,GA,ASO,ES,Federal Contract Tower,0,4,22,0,26,0,0,5,0,5,0,4,27,0,31,0,0,0,31
06/12/2014,MCN,GA,ASO,ES,Federal Contract Tower,0,4,20,1,25,0,0,15,1,16,0,4,35,2,41,28,0,28,69
06/13/2014,MCN,GA,ASO,ES,Federal Contract Tower,0,7,9,0,16,0,0,9,0,9,0,7,18,0,25,0,0,0,25
06/14/2014,MCN,GA,ASO,ES,Federal Contract Tower,4,2,19,0,25,0,0,14,0,14,4,2,33,0,39,20,0,20,59
06/15/2014,MCN,GA,ASO,ES,Federal Contract Tower,0,2,7,0,9,0,0,15,0,15,0,2,22,0,24,30,0,30,54
06/16/2014,MCN,GA,ASO,ES,Federal Contract Tower,0,4,16,0,20,0,0,16,0,16,0,4,32,0,36,8,0,8,44
06/17/2014,MCN,GA,ASO,ES,Federal Contract Tower,2,6,10,0,18,0,0,7,0,7,2,6,17,0,25,2,0,2,27
06/18/2014,MCN,GA,ASO,ES,Federal Contract Tower,0,4,19,0,23,0,2,12,0,14,0,6,31,0,37,22,0,22,59
06/19/2014,MCN,GA,ASO,ES,Federal Contract Tower,1,5,12,0,18,0,4,17,0,21,1,9,29,0,39,23,0,23,62
06/20/2014,MCN,GA,ASO,ES,Federal Contract Tower,2,6,23,0,31,0,2,8,2,12,2,8,31,2,43,6,0,6,49
06/21/2014,MCN,GA,ASO,ES,Federal Contract Tower,0,0,7,0,7,0,2,4,0,6,0,2,11,0,13,0,0,0,13
06/22/2014,MCN,GA,ASO,ES,Federal Contract Tower,0,2,5,0,7,0,2,9,2,13,0,4,14,2,20,44,0,44,64
06/23/2014,MCN,GA,ASO,ES,Federal Contract Tower,0,4,16,0,20,0,0,12,0,12,0,4,28,0,32,20,0,20,52
06/24/2014,MCN,GA,ASO,ES,Federal Contract Tower,2,6,16,0,24,0,0,15,0,15,2,6,31,0,39,2,0,2,41
06/25/2014,MCN,GA,ASO,ES,Federal Contract Tower,0,5,24,0,29,0,0,10,0,10,0,5,34,0,39,0,0,0,39
06/26/2014,MCN,GA,ASO,ES,Federal Contract Tower,3,7,13,0,23,0,0,13,0,13,3,7,26,0,36,0,0,0,36
06/27/2014,MCN,GA,ASO,ES,Federal Contract Tower,2,4,7,0,13,0,0,7,5,12,2,4,14,5,25,0,0,0,25
06/28/2014,MCN,GA,ASO,ES,Federal Contract Tower,0,3,12,0,15,0,0,19,0,19,0,3,31,0,34,2,0,2,36
06/29/2014,MCN,GA,ASO,ES,Federal Contract Tower,0,3,10,8,21,0,0,11,5,16,0,3,21,13,37,20,0,20,57
06/30/2014,MCN,GA,ASO,ES,Federal Contract Tower,2,8,13,0,23,0,0,6,0,6,2,8,19,0,29,0,0,0,29
07/01/2014,MCN,GA,ASO,ES,Federal Contract Tower,0,5,17,2,24,0,0,21,0,21,0,5,38,2,45,50,0,50,95
07/02/2014,MCN,GA,ASO,ES,Federal Contract Tower,0,4,16,0,20,0,2,7,0,9,0,6,23,0,29,18,0,18,47
07/03/2014,MCN,GA,ASO,ES,Federal Contract Tower,0,8,13,2,23,0,2,35,0,37,0,10,48,2,60,8,0,8,68
07/04/2014,MCN,GA,ASO,ES,Federal Contract Tower,0,6,1,0,7,0,0,11,0,11,0,6,12,0,18,0,0,0,18
07/05/2014,MCN,GA,ASO,ES,Federal Contract Tower,0,2,5,0,7,0,0,4,0,4,0,2,9,0,11,0,0,0,11
07/06/2014,MCN,GA,ASO,ES,Federal Contract Tower,0,4,12,0,16,0,0,5,0,5,0,4,17,0,21,0,0,0,21
07/07/2014,MCN,GA,ASO,ES,Federal Contract Tower,1,4,22,0,27,1,0,14,0,15,2,4,36,0,42,4,0,4,46
07/08/2014,MCN,GA,ASO,ES,Federal Contract Tower,0,5,11,0,16,0,1,16,0,17,0,6,27,0,33,4,0,4,37
07/09/2014,MCN,GA,ASO,ES,Federal Contract Tower,1,4,15,6,26,0,2,12,1,15,1,6,27,7,41,14,8,22,63
07/10/2014,MCN,GA,ASO,ES,Federal Contract Tower,0,3,14,0,17,0,0,6,0,6,0,3,20,0,23,2,0,2,25
07/11/2014,MCN,GA,ASO,ES,Federal Contract Tower,0,4,7,0,11,0,1,11,0,12,0,5,18,0,23,8,0,8,31
07/12/2014,MCN,GA,ASO,ES,Federal Contract Tower,4,2,2,0,8,0,0,10,0,10,4,2,12,0,18,8,0,8,26
07/13/2014,MCN,GA,ASO,ES,Federal Contract Tower,6,2,6,0,14,0,0,14,0,14,6,2,20,0,28,22,0,22,50
07/14/2014,MCN,GA,ASO,ES,Federal Contract Tower,6,4,16,3,29,0,0,14,0,14,6,4,30,3,43,34,0,34,77
07/15/2014,MCN,GA,ASO,ES,Federal Contract Tower,2,10,11,0,23,0,0,4,0,4,2,10,15,0,27,0,0,0,27
07/16/2014,MCN,GA,ASO,ES,Federal Contract Tower,1,3,17,0,21,0,0,12,0,12,1,3,29,0,33,38,0,38,71
07/17/2014,MCN,GA,ASO,ES,Federal Contract Tower,2,6,13,0,21,0,1,20,0,21,2,7,33,0,42,16,0,16,58
07/18/2014,MCN,GA,ASO,ES,Federal Contract Tower,0,4,18,1,23,0,0,13,2,15,0,4,31,3,38,8,0,8,46
07/19/2014,MCN,GA,ASO,ES,Federal Contract Tower,1,2,7,2,12,0,0,0,0,0,1,2,7,2,12,0,0,0,12
07/20/2014,MCN,GA,ASO,ES,Federal Contract Tower,0,6,14,0,20,0,0,2,0,2,0,6,16,0,22,0,0,0,22
07/21/2014,MCN,GA,ASO,ES,Federal Contract Tower,0,7,13,0,20,0,0,0,0,0,0,7,13,0,20,0,0,0,20
07/22/2014,MCN,GA,ASO,ES,Federal Contract Tower,0,4,12,2,18,0,0,4,0,4,0,4,16,2,22,8,0,8,30
07/23/2014,MCN,GA,ASO,ES,Federal Contract Tower,3,4,18,0,25,0,0,9,2,11,3,4,27,2,36,2,0,2,38
07/24/2014,MCN,GA,ASO,ES,Federal Contract Tower,2,6,19,0,27,0,0,10,2,12,2,6,29,2,39,16,0,16,55
07/25/2014,MCN,GA,ASO,ES,Federal Contract Tower,0,4,16,0,20,0,0,12,0,12,0,4,28,0,32,2,0,2,34
07/26/2014,MCN,GA,ASO,ES,Federal Contract Tower,0,7,9,3,19,0,0,8,5,13,0,7,17,8,32,0,10,10,42
07/27/2014,MCN,GA,ASO,ES,Federal Contract Tower,0,2,4,13,19,0,0,2,1,3,0,2,6,14,22,0,0,0,22
07/28/2014,MCN,GA,ASO,ES,Federal Contract Tower,0,4,18,0,22,0,0,6,0,6,0,4,24,0,28,0,0,0,28
07/29/2014,MCN,GA,ASO,ES,Federal Contract Tower,0,0,24,0,24,0,0,21,0,21,0,0,45,0,45,28,0,28,73
07/30/2014,MCN,GA,ASO,ES,Federal Contract Tower,0,4,19,2,25,0,0,27,2,29,0,4,46,4,54,6,0,6,60
07/31/2014,MCN,GA,ASO,ES,Federal Contract Tower,0,2,17,0,19,0,0,13,0,13,0,2,30,0,32,34,0,34,66
08/01/2014,MCN,GA,ASO,ES,Federal Contract Tower,0,4,23,0,27,0,0,1,0,1,0,4,24,0,28,0,0,0,28
08/02/2014,MCN,GA,ASO,ES,Federal Contract Tower,0,2,9,0,11,0,0,2,0,2,0,2,11,0,13,0,0,0,13
08/03/2014,MCN,GA,ASO,ES,Federal Contract Tower,0,2,9,0,11,0,0,3,0,3,0,2,12,0,14,0,0,0,14
08/04/2014,MCN,GA,ASO,ES,Federal Contract Tower,0,4,10,0,14,0,0,1,0,1,0,4,11,0,15,0,0,0,15
08/05/2014,MCN,GA,ASO,ES,Federal Contract Tower,0,5,13,0,18,0,0,14,0,14,0,5,27,0,32,0,0,0,32
08/06/2014,MCN,GA,ASO,ES,Federal Contract Tower,0,5,22,0,27,0,0,24,0,24,0,5,46,0,51,14,0,14,65
08/07/2014,MCN,GA,ASO,ES,Federal Contract Tower,0,4,22,0,26,0,0,19,0,19,0,4,41,0,45,6,0,6,51
08/08/2014,MCN,GA,ASO,ES,Federal Contract Tower,4,4,15,3,26,0,0,11,1,12,4,4,26,4,38,2,0,2,40
08/09/2014,MCN,GA,ASO,ES,Federal Contract Tower,0,3,6,5,14,0,0,0,0,0,0,3,6,5,14,0,0,0,14
08/10/2014,MCN,GA,ASO,ES,Federal Contract Tower,0,2,12,4,18,0,0,8,0,8,0,2,20,4,26,16,0,16,42
08/11/2014,MCN,GA,ASO,ES,Federal Contract Tower,3,4,15,4,26,0,0,1,2,3,3,4,16,6,29,0,6,6,35
08/12/2014,MCN,GA,ASO,ES,Federal Contract Tower,3,4,21,0,28,0,0,6,0,6,3,4,27,0,34,2,0,2,36
08/13/2014,MCN,GA,ASO,ES,Federal Contract Tower,0,5,11,2,18,0,0,11,0,11,0,5,22,2,29,0,0,0,29
08/14/2014,MCN,GA,ASO,ES,Federal Contract Tower,2,6,14,0,22,0,0,15,5,20,2,6,29,5,42,8,0,8,50
08/15/2014,MCN,GA,ASO,ES,Federal Contract Tower,0,8,17,2,27,0,1,13,2,16,0,9,30,4,43,0,0,0,43
08/16/2014,MCN,GA,ASO,ES,Federal Contract Tower,0,3,7,0,10,0,2,30,0,32,0,5,37,0,42,36,0,36,78
08/17/2014,MCN,GA,ASO,ES,Federal Contract Tower,0,2,12,0,14,0,2,10,0,12,0,4,22,0,26,24,0,24,50
08/18/2014,MCN,GA,ASO,ES,Federal Contract Tower,4,4,16,2,26,0,0,11,0,11,4,4,27,2,37,2,0,2,39
08/19/2014,MCN,GA,ASO,ES,Federal Contract Tower,0,4,17,0,21,0,0,4,0,4,0,4,21,0,25,0,0,0,25
08/20/2014,MCN,GA,ASO,ES,Federal Contract Tower,2,4,23,0,29,0,0,14,0,14,2,4,37,0,43,2,0,2,45
08/21/2014,MCN,GA,ASO,ES,Federal Contract Tower,0,4,20,0,24,0,0,24,0,24,0,4,44,0,48,8,0,8,56
08/22/2014,MCN,GA,ASO,ES,Federal Contract Tower,0,4,17,0,21,0,0,8,4,12,0,4,25,4,33,0,0,0,33
08/23/2014,MCN,GA,ASO,ES,Federal Contract Tower,5,2,12,4,23,0,0,18,0,18,5,2,30,4,41,30,0,30,71
08/24/2014,MCN,GA,ASO,ES,Federal Contract Tower,0,2,9,0,11,0,1,11,4,16,0,3,20,4,27,14,0,14,41
08/25/2014,MCN,GA,ASO,ES,Federal Contract Tower,2,4,16,0,22,0,0,19,0,19,2,4,35,0,41,8,0,8,49
08/26/2014,MCN,GA,ASO,ES,Federal Contract Tower,3,8,14,0,25,0,0,16,0,16,3,8,30,0,41,12,0,12,53
08/27/2014,MCN,GA,ASO,ES,Federal Contract Tower,2,4,17,6,29,0,0,17,0,17,2,4,34,6,46,16,8,24,70
08/28/2014,MCN,GA,ASO,ES,Federal Contract Tower,2,4,10,2,18,0,0,16,0,16,2,4,26,2,34,14,0,14,48
08/29/2014,MCN,GA,ASO,ES,Federal Contract Tower,0,4,18,0,22,0,0,29,0,29,0,4,47,0,51,54,0,54,105
08/30/2014,MCN,GA,ASO,ES,Federal Contract Tower,1,2,15,0,18,0,0,13,0,13,1,2,28,0,31,0,0,0,31
08/31/2014,MCN,GA,ASO,ES,Federal Contract Tower,2,4,8,0,14,0,0,5,0,5,2,4,13,0,19,0,0,0,19
09/01/2014,MCN,GA,ASO,ES,Federal Contract Tower,2,6,8,0,16,0,0,4,0,4,2,6,12,0,20,0,0,0,20
09/02/2014,MCN,GA,ASO,ES,Federal Contract Tower,2,12,11,0,25,0,0,20,0,20,2,12,31,0,45,2,0,2,47
09/03/2014,MCN,GA,ASO,ES,Federal Contract Tower,2,5,20,0,27,0,0,7,2,9,2,5,27,2,36,0,0,0,36
09/04/2014,MCN,GA,ASO,ES,Federal Contract Tower,3,5,18,0,26,0,0,9,0,9,3,5,27,0,35,2,0,2,37
09/05/2014,MCN,GA,ASO,ES,Federal Contract Tower,0,4,10,0,14,0,0,18,4,22,0,4,28,4,36,48,0,48,84
09/06/2014,MCN,GA,ASO,ES,Federal Contract Tower,0,2,4,6,12,0,0,11,0,11,0,2,15,6,23,4,0,4,27
09/07/2014,MCN,GA,ASO,ES,Federal Contract Tower,0,2,12,0,14,0,0,1,2,3,0,2,13,2,17,0,0,0,17
09/08/2014,MCN,GA,ASO,ES,Federal Contract Tower,0,4,13,1,18,0,0,3,0,3,0,4,16,1,21,0,0,0,21
09/09/2014,MCN,GA,ASO,ES,Federal Contract Tower,0,4,23,0,27,0,0,18,0,18,0,4,41,0,45,0,0,0,45
09/10/2014,MCN,GA,ASO,ES,Federal Contract Tower,0,4,30,0,34,0,0,9,0,9,0,4,39,0,43,26,0,26,69
09/11/2014,MCN,GA,ASO,ES,Federal Contract Tower,3,6,20,0,29,0,0,15,0,15,3,6,35,0,44,16,0,16,60
09/12/2014,MCN,GA,ASO,ES,Federal Contract Tower,1,3,7,0,11,0,0,10,0,10,1,3,17,0,21,2,0,2,23
09/13/2014,MCN,GA,ASO,ES,Federal Contract Tower,4,3,15,0,22,1,0,3,0,4,5,3,18,0,26,22,0,22,48
09/14/2014,MCN,GA,ASO,ES,Federal Contract Tower,0,2,10,0,12,0,0,7,0,7,0,2,17,0,19,24,0,24,43
09/15/2014,MCN,GA,ASO,ES,Federal Contract Tower,0,10,18,0,28,0,0,5,0,5,0,10,23,0,33,6,0,6,39
09/16/2014,MCN,GA,ASO,ES,Federal Contract Tower,0,6,11,0,17,0,0,6,2,8,0,6,17,2,25,4,0,4,29
09/17/2014,MCN,GA,ASO,ES,Federal Contract Tower,0,6,6,0,12,0,0,22,0,22,0,6,28,0,34,10,0,10,44
09/18/2014,MCN,GA,ASO,ES,Federal Contract Tower,0,7,29,0,36,0,0,6,0,6,0,7,35,0,42,0,0,0,42
09/19/2014,MCN,GA,ASO,ES,Federal Contract Tower,0,4,16,2,22,0,0,15,2,17,0,4,31,4,39,32,0,32,71
09/20/2014,MCN,GA,ASO,ES,Federal Contract Tower,0,8,14,0,22,0,0,14,0,14,0,8,28,0,36,26,0,26,62
09/21/2014,MCN,GA,ASO,ES,Federal Contract Tower,0,2,19,8,29,0,0,6,0,6,0,2,25,8,35,4,0,4,39
09/22/2014,MCN,GA,ASO,ES,Federal Contract Tower,0,4,16,0,20,0,0,4,0,4,0,4,20,0,24,0,0,0,24
09/23/2014,MCN,GA,ASO,ES,Federal Contract Tower,1,4,18,0,23,0,0,8,0,8,1,4,26,0,31,6,0,6,37
09/24/2014,MCN,GA,ASO,ES,Federal Contract Tower,0,8,27,0,35,0,2,20,0,22,0,10,47,0,57,24,0,24,81
09/25/2014,MCN,GA,ASO,ES,Federal Contract Tower,2,4,33,0,39,0,0,4,0,4,2,4,37,0,43,0,0,0,43
09/26/2014,MCN,GA,ASO,ES,Federal Contract Tower,0,6,23,0,29,0,0,0,0,0,0,6,23,0,29,0,0,0,29
09/27/2014,MCN,GA,ASO,ES,Federal Contract Tower,0,5,20,0,25,0,0,7,0,7,0,5,27,0,32,2,0,2,34
09/28/2014,MCN,GA,ASO,ES,Federal Contract Tower,0,4,12,2,18,0,0,4,0,4,0,4,16,2,22,2,0,2,24
09/29/2014,MCN,GA,ASO,ES,Federal Contract Tower,0,9,12,0,21,0,0,0,0,0,0,9,12,0,21,0,0,0,21
09/30/2014,MCN,GA,ASO,ES,Federal Contract Tower,0,5,21,0,26,0,0,17,0,17,0,5,38,0,43,2,0,2,45
10/01/2014,MCN,GA,ASO,ES,Federal Contract Tower,0,2,26,0,28,0,0,20,0,20,0,2,46,0,48,22,0,22,70
10/02/2014,MCN,GA,ASO,ES,Federal Contract Tower,0,6,10,13,29,0,0,29,0,29,0,6,39,13,58,6,0,6,64
10/03/2014,MCN,GA,ASO,ES,Federal Contract Tower,0,4,18,0,22,0,0,1,0,1,0,4,19,0,23,0,0,0,23
10/04/2014,MCN,GA,ASO,ES,Federal Contract Tower,0,4,3,0,7,0,0,19,0,19,0,4,22,0,26,18,0,18,44
10/05/2014,MCN,GA,ASO,ES,Federal Contract Tower,0,1,17,0,18,0,0,25,0,25,0,1,42,0,43,22,0,22,65
10/06/2014,MCN,GA,ASO,ES,Federal Contract Tower,0,2,15,0,17,0,0,17,0,17,0,2,32,0,34,4,0,4,38
10/07/2014,MCN,GA,ASO,ES,Federal Contract Tower,0,4,27,0,31,0,0,10,0,10,0,4,37,0,41,24,0,24,65
10/08/2014,MCN,GA,ASO,ES,Federal Contract Tower,0,14,19,4,37,0,0,19,0,19,0,14,38,4,56,8,0,8,64
10/09/2014,MCN,GA,ASO,ES,Federal Contract Tower,0,13,11,0,24,0,0,18,0,18,0,13,29,0,42,2,0,2,44
10/10/2014,MCN,GA,ASO,ES,Federal Contract Tower,0,8,18,4,30,0,2,21,0,23,0,10,39,4,53,0,0,0,53
10/11/2014,MCN,GA,ASO,ES,Federal Contract Tower,2,11,16,0,29,0,2,26,0,28,2,13,42,0,57,0,0,0,57
10/12/2014,MCN,GA,ASO,ES,Federal Contract Tower,0,5,22,2,29,0,0,22,0,22,0,5,44,2,51,14,0,14,65
10/13/2014,MCN,GA,ASO,ES,Federal Contract Tower,0,5,24,0,29,0,0,11,0,11,0,5,35,0,40,24,0,24,64
10/14/2014,MCN,GA,ASO,ES,Federal Contract Tower,0,5,9,0,14,0,0,0,0,0,0,5,9,0,14,0,0,0,14
10/15/2014,MCN,GA,ASO,ES,Federal Contract Tower,3,8,25,0,36,0,2,19,0,21,3,10,44,0,57,16,0,16,73
10/16/2014,MCN,GA,ASO,ES,Federal Contract Tower,2,7,19,0,28,0,2,16,2,20,2,9,35,2,48,2,0,2,50
10/17/2014,MCN,GA,ASO,ES,Federal Contract Tower,1,5,30,8,44,0,1,30,4,35,1,6,60,12,79,8,0,8,87
10/18/2014,MCN,GA,ASO,ES,Federal Contract Tower,1,7,11,0,19,0,5,21,0,26,1,12,32,0,45,10,0,10,55
10/19/2014,MCN,GA,ASO,ES,Federal Contract Tower,0,0,17,8,25,0,0,10,8,18,0,0,27,16,43,0,0,0,43
10/20/2014,MCN,GA,ASO,ES,Federal Contract Tower,0,5,9,0,14,0,0,17,0,17,0,5,26,0,31,2,0,2,33
10/21/2014,MCN,GA,ASO,ES,Federal Contract Tower,2,8,11,2,23,0,0,9,0,9,2,8,20,2,32,2,0,2,34
10/22/2014,MCN,GA,ASO,ES,Federal Contract Tower,2,4,20,0,26,0,0,22,1,23,2,4,42,1,49,16,0,16,65
10/23/2014,MCN,GA,ASO,ES,Federal Contract Tower,4,6,16,2,28,0,0,15,1,16,4,6,31,3,44,0,0,0,44
10/24/2014,MCN,GA,ASO,ES,Federal Contract Tower,0,10,19,2,31,0,0,9,2,11,0,10,28,4,42,8,0,8,50
10/25/2014,MCN,GA,ASO,ES,Federal Contract Tower,0,7,10,2,19,0,2,18,0,20,0,9,28,2,39,0,0,0,39
10/26/2014,MCN,GA,ASO,ES,Federal Contract Tower,0,2,14,0,16,0,0,11,2,13,0,2,25,2,29,10,0,10,39
10/27/2014,MCN,GA,ASO,ES,Federal Contract Tower,0,5,16,0,21,0,0,21,0,21,0,5,37,0,42,14,0,14,56
10/28/2014,MCN,GA,ASO,ES,Federal Contract Tower,0,2,20,2,24,0,0,24,5,29,0,2,44,7,53,12,0,12,65
10/29/2014,MCN,GA,ASO,ES,Federal Contract Tower,0,4,11,2,17,0,0,8,0,8,0,4,19,2,25,4,0,4,29
10/30/2014,MCN,GA,ASO,ES,Federal Contract Tower,0,4,16,0,20,0,0,25,4,29,0,4,41,4,49,18,0,18,67
10/31/2014,MCN,GA,ASO,ES,Federal Contract Tower,0,4,14,2,20,0,0,25,3,28,0,4,39,5,48,0,0,0,48
11/01/2014,MCN,GA,ASO,ES,Federal Contract Tower,0,6,11,0,17,0,0,1,0,1,0,6,12,0,18,0,0,0,18
11/02/2014,MCN,GA,ASO,ES,Federal Contract Tower,0,1,14,0,15,0,0,16,2,18,0,1,30,2,33,16,0,16,49
11/03/2014,MCN,GA,ASO,ES,Federal Contract Tower,0,4,14,0,18,0,0,21,2,23,0,4,35,2,41,26,0,26,67
11/04/2014,MCN,GA,ASO,ES,Federal Contract Tower,0,6,7,0,13,0,0,20,0,20,0,6,27,0,33,26,0,26,59
11/05/2014,MCN,GA,ASO,ES,Federal Contract Tower,0,4,25,0,29,0,0,14,0,14,0,4,39,0,43,8,0,8,51
11/06/2014,MCN,GA,ASO,ES,Federal Contract Tower,0,0,18,0,18,0,2,8,1,11,0,2,26,1,29,12,0,12,41
11/07/2014,MCN,GA,ASO,ES,Federal Contract Tower,0,0,22,5,27,0,0,26,2,28,0,0,48,7,55,2,0,2,57
11/08/2014,MCN,GA,ASO,ES,Federal Contract Tower,0,0,18,0,18,0,0,15,0,15,0,0,33,0,33,8,0,8,41
11/09/2014,MCN,GA,ASO,ES,Federal Contract Tower,0,0,20,1,21,0,0,23,3,26,0,0,43,4,47,0,0,0,47
11/10/2014,MCN,GA,ASO,ES,Federal Contract Tower,0,0,5,1,6,0,0,21,1,22,0,0,26,2,28,10,0,10,38
11/11/2014,MCN,GA,ASO,ES,Federal Contract Tower,0,2,17,0,19,0,2,24,0,26,0,4,41,0,45,30,0,30,75
11/12/2014,MCN,GA,ASO,ES,Federal Contract Tower,0,2,30,0,32,0,0,18,2,20,0,2,48,2,52,12,2,14,66
11/13/2014,MCN,GA,ASO,ES,Federal Contract Tower,0,2,17,6,25,0,0,10,0,10,0,2,27,6,35,0,0,0,35
11/14/2014,MCN,GA,ASO,ES,Federal Contract Tower,0,2,18,4,24,0,0,12,1,13,0,2,30,5,37,16,0,16,53
11/15/2014,MCN,GA,ASO,ES,Federal Contract Tower,0,0,9,2,11,0,0,16,3,19,0,0,25,5,30,40,0,40,70
11/16/2014,MCN,GA,ASO,ES,Federal Contract Tower,0,0,9,2,11,0,0,7,0,7,0,0,16,2,18,28,0,28,46
11/17/2014,MCN,GA,ASO,ES,Federal Contract Tower,1,1,8,0,10,0,0,0,0,0,1,1,8,0,10,0,0,0,10
11/18/2014,MCN,GA,ASO,ES,Federal Contract Tower,0,4,14,0,18,0,0,16,0,16,0,4,30,0,34,12,0,12,46
11/19/2014,MCN,GA,ASO,ES,Federal Contract Tower,1,0,13,0,14,0,0,18,0,18,1,0,31,0,32,42,0,42,74
11/20/2014,MCN,GA,ASO,ES,Federal Contract Tower,4,2,18,0,24,0,2,20,2,24,4,4,38,2,48,12,0,12,60
11/21/2014,MCN,GA,ASO,ES,Federal Contract Tower,0,7,26,0,33,0,0,35,0,35,0,7,61,0,68,8,0,8,76
11/22/2014,MCN,GA,ASO,ES,Federal Contract Tower,0,0,9,0,9,0,0,16,2,18,0,0,25,2,27,16,0,16,43
11/23/2014,MCN,GA,ASO,ES,Federal Contract Tower,0,0,0,0,0,0,0,0,0,0,0,0,0,0,0,0,0,0,0
11/24/2014,MCN,GA,ASO,ES,Federal Contract Tower,0,0,7,0,7,0,0,15,3,18,0,0,22,3,25,14,0,14,39
11/25/2014,MCN,GA,ASO,ES,Federal Contract Tower,0,0,15,0,15,0,0,10,0,10,0,0,25,0,25,6,0,6,31
11/26/2014,MCN,GA,ASO,ES,Federal Contract Tower,0,0,15,0,15,0,0,19,0,19,0,0,34,0,34,18,0,18,52
11/27/2014,MCN,GA,ASO,ES,Federal Contract Tower,0,0,8,0,8,0,0,3,0,3,0,0,11,0,11,0,0,0,11
11/28/2014,MCN,GA,ASO,ES,Federal Contract Tower,0,0,10,0,10,0,0,17,0,17,0,0,27,0,27,0,0,0,27
11/29/2014,MCN,GA,ASO,ES,Federal Contract Tower,0,0,12,0,12,0,0,7,0,7,0,0,19,0,19,0,0,0,19
11/30/2014,MCN,GA,ASO,ES,Federal Contract Tower,0,0,13,0,13,0,0,14,0,14,0,0,27,0,27,6,0,6,33
12/01/2014,MCN,GA,ASO,ES,Federal Contract Tower,0,2,10,0,12,0,0,26,2,28,0,2,36,2,40,8,0,8,48
12/02/2014,MCN,GA,ASO,ES,Federal Contract Tower,0,0,32,0,32,0,0,7,2,9,0,0,39,2,41,8,0,8,49
12/03/2014,MCN,GA,ASO,ES,Federal Contract Tower,0,1,13,2,16,0,0,8,0,8,0,1,21,2,24,6,0,6,30
12/04/2014,MCN,GA,ASO,ES,Federal Contract Tower,0,2,22,4,28,0,0,31,1,32,0,2,53,5,60,36,0,36,96
12/05/2014,MCN,GA,ASO,ES,Federal Contract Tower,0,1,25,4,30,0,0,7,0,7,0,1,32,4,37,14,0,14,51
12/06/2014,MCN,GA,ASO,ES,Federal Contract Tower,0,1,5,1,7,0,0,0,0,0,0,1,5,1,7,0,0,0,7
12/07/2014,MCN,GA,ASO,ES,Federal Contract Tower,0,2,17,0,19,0,0,10,0,10,0,2,27,0,29,10,0,10,39
12/08/2014,MCN,GA,ASO,ES,Federal Contract Tower,0,0,15,2,17,0,0,4,0,4,0,0,19,2,21,18,0,18,39
12/09/2014,MCN,GA,ASO,ES,Federal Contract Tower,2,1,15,0,18,0,0,12,0,12,2,1,27,0,30,24,0,24,54
12/10/2014,MCN,GA,ASO,ES,Federal Contract Tower,0,1,24,0,25,0,0,14,0,14,0,1,38,0,39,12,0,12,51
12/11/2014,MCN,GA,ASO,ES,Federal Contract Tower,1,0,15,1,17,0,1,42,1,44,1,1,57,2,61,66,0,66,127
12/12/2014,MCN,GA,ASO,ES,Federal Contract Tower,0,1,20,2,23,0,0,35,0,35,0,1,55,2,58,24,0,24,82
12/13/2014,MCN,GA,ASO,ES,Federal Contract Tower,2,0,7,0,9,0,0,26,0,26,2,0,33,0,35,14,0,14,49
12/14/2014,MCN,GA,ASO,ES,Federal Contract Tower,1,0,13,2,16,0,0,25,0,25,1,0,38,2,41,20,0,20,61
12/15/2014,MCN,GA,ASO,ES,Federal Contract Tower,2,0,19,0,21,0,0,21,0,21,2,0,40,0,42,18,0,18,60
12/16/2014,MCN,GA,ASO,ES,Federal Contract Tower,0,0,17,2,19,0,0,8,0,8,0,0,25,2,27,20,0,20,47
12/17/2014,MCN,GA,ASO,ES,Federal Contract Tower,5,4,23,0,32,0,0,34,0,34,5,4,57,0,66,76,0,76,142
12/18/2014,MCN,GA,ASO,ES,Federal Contract Tower,0,3,25,0,28,0,0,34,0,34,0,3,59,0,62,26,0,26,88
12/19/2014,MCN,GA,ASO,ES,Federal Contract Tower,1,4,20,4,29,0,0,42,0,42,1,4,62,4,71,22,0,22,93
12/20/2014,MCN,GA,ASO,ES,Federal Contract Tower,1,0,9,0,10,0,0,2,0,2,1,0,11,0,12,0,0,0,12
12/21/2014,MCN,GA,ASO,ES,Federal Contract Tower,1,0,13,0,14,0,0,1,0,1,1,0,14,0,15,0,0,0,15
12/22/2014,MCN,GA,ASO,ES,Federal Contract Tower,0,0,20,0,20,0,0,0,0,0,0,0,20,0,20,0,0,0,20
12/23/2014,MCN,GA,ASO,ES,Federal Contract Tower,0,0,8,1,9,0,0,0,0,0,0,0,8,1,9,0,0,0,9
12/24/2014,MCN,GA,ASO,ES,Federal Contract Tower,6,0,8,0,14,0,0,3,0,3,6,0,11,0,17,2,0,2,19
12/25/2014,MCN,GA,ASO,ES,Federal Contract Tower,0,1,10,0,11,0,0,11,0,11,0,1,21,0,22,10,0,10,32
12/26/2014,MCN,GA,ASO,ES,Federal Contract Tower,1,0,10,0,11,0,0,27,0,27,1,0,37,0,38,4,0,4,42
12/27/2014,MCN,GA,ASO,ES,Federal Contract Tower,0,0,15,0,15,0,0,14,0,14,0,0,29,0,29,6,0,6,35
12/28/2014,MCN,GA,ASO,ES,Federal Contract Tower,0,0,7,0,7,0,0,0,0,0,0,0,7,0,7,0,0,0,7
12/29/2014,MCN,GA,ASO,ES,Federal Contract Tower,0,2,16,0,18,0,0,9,0,9,0,2,25,0,27,10,0,10,37
12/30/2014,MCN,GA,ASO,ES,Federal Contract Tower,0,0,22,0,22,0,0,8,0,8,0,0,30,0,30,0,0,0,30
12/31/2014,MCN,GA,ASO,ES,Federal Contract Tower,1,2,13,0,16,0,0,8,0,8,1,2,21,0,24,2,0,2,26
01/01/2015,MCN,GA,ASO,ES,Federal Contract Tower,0,4,7,0,11,0,0,5,0,5,0,4,12,0,16,0,0,0,16
01/02/2015,MCN,GA,ASO,ES,Federal Contract Tower,2,0,9,0,11,0,0,11,0,11,2,0,20,0,22,48,0,48,70
01/03/2015,MCN,GA,ASO,ES,Federal Contract Tower,0,0,5,0,5,0,0,0,0,0,0,0,5,0,5,0,0,0,5
01/04/2015,MCN,GA,ASO,ES,Federal Contract Tower,1,0,16,0,17,0,0,1,0,1,1,0,17,0,18,0,0,0,18
01/05/2015,MCN,GA,ASO,ES,Federal Contract Tower,0,2,9,0,11,0,0,23,0,23,0,2,32,0,34,18,0,18,52
01/06/2015,MCN,GA,ASO,ES,Federal Contract Tower,0,0,16,0,16,0,0,18,0,18,0,0,34,0,34,0,0,0,34
01/07/2015,MCN,GA,ASO,ES,Federal Contract Tower,0,4,14,0,18,0,0,16,2,18,0,4,30,2,36,4,0,4,40
01/08/2015,MCN,GA,ASO,ES,Federal Contract Tower,0,3,15,0,18,0,0,14,0,14,0,3,29,0,32,0,0,0,32
01/09/2015,MCN,GA,ASO,ES,Federal Contract Tower,0,0,13,2,15,0,0,14,2,16,0,0,27,4,31,2,0,2,33
01/10/2015,MCN,GA,ASO,ES,Federal Contract Tower,1,0,10,2,13,0,0,28,2,30,1,0,38,4,43,28,2,30,73
01/11/2015,MCN,GA,ASO,ES,Federal Contract Tower,3,2,12,0,17,0,0,0,2,2,3,2,12,2,19,0,0,0,19
01/12/2015,MCN,GA,ASO,ES,Federal Contract Tower,1,0,3,0,4,0,0,0,0,0,1,0,3,0,4,0,0,0,4
01/13/2015,MCN,GA,ASO,ES,Federal Contract Tower,0,0,22,0,22,0,0,0,0,0,0,0,22,0,22,0,0,0,22
01/14/2015,MCN,GA,ASO,ES,Federal Contract Tower,1,0,21,0,22,0,0,0,0,0,1,0,21,0,22,0,0,0,22
01/15/2015,MCN,GA,ASO,ES,Federal Contract Tower,0,0,27,0,27,0,0,3,0,3,0,0,30,0,30,10,0,10,40
01/16/2015,MCN,GA,ASO,ES,Federal Contract Tower,0,0,24,0,24,0,0,39,0,39,0,0,63,0,63,20,0,20,83
01/17/2015,MCN,GA,ASO,ES,Federal Contract Tower,0,1,12,0,13,0,0,34,0,34,0,1,46,0,47,12,0,12,59
01/18/2015,MCN,GA,ASO,ES,Federal Contract Tower,0,0,13,0,13,0,0,12,0,12,0,0,25,0,25,0,0,0,25
01/19/2015,MCN,GA,ASO,ES,Federal Contract Tower,0,0,14,0,14,0,0,21,0,21,0,0,35,0,35,26,0,26,61
01/20/2015,MCN,GA,ASO,ES,Federal Contract Tower,3,0,10,0,13,0,0,29,0,29,3,0,39,0,42,10,0,10,52
01/21/2015,MCN,GA,ASO,ES,Federal Contract Tower,4,2,20,1,27,0,0,33,0,33,4,2,53,1,60,24,0,24,84
01/22/2015,MCN,GA,ASO,ES,Federal Contract Tower,2,0,11,0,13,0,0,18,0,18,2,0,29,0,31,28,0,28,59
01/23/2015,MCN,GA,ASO,ES,Federal Contract Tower,0,0,7,0,7,0,0,0,0,0,0,0,7,0,7,0,0,0,7
01/24/2015,MCN,GA,ASO,ES,Federal Contract Tower,0,0,6,0,6,0,0,17,0,17,0,0,23,0,23,2,0,2,25
01/25/2015,MCN,GA,ASO,ES,Federal Contract Tower,0,0,8,0,8,0,0,15,0,15,0,0,23,0,23,2,0,2,25
01/26/2015,MCN,GA,ASO,ES,Federal Contract Tower,0,2,12,2,16,0,0,9,0,9,0,2,21,2,25,0,0,0,25
01/27/2015,MCN,GA,ASO,ES,Federal Contract Tower,2,0,13,0,15,2,0,17,0,19,4,0,30,0,34,16,0,16,50
01/28/2015,MCN,GA,ASO,ES,Federal Contract Tower,1,2,14,0,17,0,0,30,0,30,1,2,44,0,47,8,0,8,55
01/29/2015,MCN,GA,ASO,ES,Federal Contract Tower,0,2,16,0,18,0,2,20,0,22,0,4,36,0,40,8,0,8,48
01/30/2015,MCN,GA,ASO,ES,Federal Contract Tower,0,3,18,1,22,0,0,14,1,15,0,3,32,2,37,4,0,4,41
01/31/2015,MCN,GA,ASO,ES,Federal Contract Tower,0,0,5,0,5,0,0,14,0,14,0,0,19,0,19,0,0,0,19
02/01/2015,MCN,GA,ASO,ES,Federal Contract Tower,4,2,10,0,16,0,0,2,0,2,4,2,12,0,18,0,0,0,18
02/02/2015,MCN,GA,ASO,ES,Federal Contract Tower,5,2,17,2,26,0,0,7,0,7,5,2,24,2,33,0,0,0,33
02/03/2015,MCN,GA,ASO,ES,Federal Contract Tower,1,8,19,8,36,0,0,13,0,13,1,8,32,8,49,12,0,12,61
02/04/2015,MCN,GA,ASO,ES,Federal Contract Tower,0,3,10,0,13,0,0,13,0,13,0,3,23,0,26,2,0,2,28
02/05/2015,MCN,GA,ASO,ES,Federal Contract Tower,1,0,16,0,17,0,0,18,0,18,1,0,34,0,35,10,0,10,45
02/06/2015,MCN,GA,ASO,ES,Federal Contract Tower,0,0,12,2,14,0,0,5,8,13,0,0,17,10,27,0,0,0,27
02/07/2015,MCN,GA,ASO,ES,Federal Contract Tower,0,0,14,0,14,0,0,20,0,20,0,0,34,0,34,14,0,14,48
02/08/2015,MCN,GA,ASO,ES,Federal Contract Tower,0,0,9,3,12,0,0,20,10,30,0,0,29,13,42,4,2,6,48
02/09/2015,MCN,GA,ASO,ES,Federal Contract Tower,0,0,11,0,11,0,0,3,0,3,0,0,14,0,14,0,0,0,14
02/10/2015,MCN,GA,ASO,ES,Federal Contract Tower,4,2,18,2,26,0,0,8,0,8,4,2,26,2,34,4,0,4,38
02/11/2015,MCN,GA,ASO,ES,Federal Contract Tower,0,0,14,0,14,0,0,27,2,29,0,0,41,2,43,32,0,32,75
02/12/2015,MCN,GA,ASO,ES,Federal Contract Tower,1,0,12,0,13,0,0,12,2,14,1,0,24,2,27,0,0,0,27
02/13/2015,MCN,GA,ASO,ES,Federal Contract Tower,1,0,10,0,11,0,0,20,0,20,1,0,30,0,31,0,0,0,31
02/14/2015,MCN,GA,ASO,ES,Federal Contract Tower,0,1,2,0,3,0,0,15,0,15,0,1,17,0,18,2,0,2,20
02/15/2015,MCN,GA,ASO,ES,Federal Contract Tower,0,4,16,0,20,0,3,16,0,19,0,7,32,0,39,0,0,0,39
02/16/2015,MCN,GA,ASO,ES,Federal Contract Tower,0,0,8,2,10,0,0,2,0,2,0,0,10,2,12,0,0,0,12
02/17/2015,MCN,GA,ASO,ES,Federal Contract Tower,1,0,9,0,10,0,0,7,0,7,1,0,16,0,17,0,0,0,17
02/18/2015,MCN,GA,ASO,ES,Federal Contract Tower,0,2,10,0,12,0,0,7,0,7,0,2,17,0,19,0,0,0,19
02/19/2015,MCN,GA,ASO,ES,Federal Contract Tower,3,2,18,0,23,0,0,8,0,8,3,2,26,0,31,0,0,0,31
02/20/2015,MCN,GA,ASO,ES,Federal Contract Tower,0,0,16,0,16,0,0,15,0,15,0,0,31,0,31,4,0,4,35
02/21/2015,MCN,GA,ASO,ES,Federal Contract Tower,0,2,7,0,9,0,0,14,0,14,0,2,21,0,23,6,0,6,29
02/22/2015,MCN,GA,ASO,ES,Federal Contract Tower,0,4,19,0,23,0,0,2,0,2,0,4,21,0,25,0,0,0,25
02/23/2015,MCN,GA,ASO,ES,Federal Contract Tower,0,0,26,0,26,0,0,5,0,5,0,0,31,0,31,2,0,2,33
02/24/2015,MCN,GA,ASO,ES,Federal Contract Tower,0,6,10,0,16,0,0,0,0,0,0,6,10,0,16,0,0,0,16
02/25/2015,MCN,GA,ASO,ES,Federal Contract Tower,0,0,10,0,10,0,0,2,0,2,0,0,12,0,12,0,0,0,12
02/26/2015,MCN,GA,ASO,ES,Federal Contract Tower,1,2,16,4,23,0,0,4,0,4,1,2,20,4,27,4,0,4,31
02/27/2015,MCN,GA,ASO,ES,Federal Contract Tower,0,1,17,0,18,0,0,26,0,26,0,1,43,0,44,14,0,14,58
02/28/2015,MCN,GA,ASO,ES,Federal Contract Tower,0,0,12,0,12,0,0,10,0,10,0,0,22,0,22,2,0,2,24
03/01/2015,MCN,GA,ASO,ES,Federal Contract Tower,0,1,7,0,8,0,0,0,0,0,0,1,7,0,8,0,0,0,8
03/02/2015,MCN,GA,ASO,ES,Federal Contract Tower,4,3,12,0,19,0,0,10,0,10,4,3,22,0,29,8,0,8,37
03/03/2015,MCN,GA,ASO,ES,Federal Contract Tower,3,0,9,0,12,0,0,8,0,8,3,0,17,0,20,0,0,0,20
03/04/2015,MCN,GA,ASO,ES,Federal Contract Tower,0,2,63,0,65,0,0,6,1,7,0,2,69,1,72,6,0,6,78
03/05/2015,MCN,GA,ASO,ES,Federal Contract Tower,2,2,11,0,15,0,0,1,0,1,2,2,12,0,16,0,0,0,16
03/06/2015,MCN,GA,ASO,ES,Federal Contract Tower,2,1,29,0,32,0,0,12,2,14,2,1,41,2,46,10,0,10,56
03/07/2015,MCN,GA,ASO,ES,Federal Contract Tower,1,3,16,3,23,0,0,33,1,34,1,3,49,4,57,20,0,20,77
03/08/2015,MCN,GA,ASO,ES,Federal Contract Tower,4,0,15,0,19,0,0,8,2,10,4,0,23,2,29,0,0,0,29
03/09/2015,MCN,GA,ASO,ES,Federal Contract Tower,0,0,16,2,18,0,0,0,8,8,0,0,16,10,26,0,0,0,26
03/10/2015,MCN,GA,ASO,ES,Federal Contract Tower,0,0,25,0,25,0,0,15,0,15,0,0,40,0,40,4,0,4,44
03/11/2015,MCN,GA,ASO,ES,Federal Contract Tower,0,2,15,2,19,0,0,9,0,9,0,2,24,2,28,12,0,12,40
03/12/2015,MCN,GA,ASO,ES,Federal Contract Tower,0,2,9,0,11,0,0,6,0,6,0,2,15,0,17,0,0,0,17
03/13/2015,MCN,GA,ASO,ES,Federal Contract Tower,0,0,21,0,21,0,0,1,0,1,0,0,22,0,22,2,0,2,24
03/14/2015,MCN,GA,ASO,ES,Federal Contract Tower,0,0,2,0,2,0,0,1,1,2,0,0,3,1,4,0,0,0,4
03/15/2015,MCN,GA,ASO,ES,Federal Contract Tower,0,5,15,0,20,0,0,16,1,17,0,5,31,1,37,2,0,2,39
03/16/2015,MCN,GA,ASO,ES,Federal Contract Tower,3,0,11,4,18,0,0,23,0,23,3,0,34,4,41,0,0,0,41
03/17/2015,MCN,GA,ASO,ES,Federal Contract Tower,0,0,21,0,21,0,0,15,0,15,0,0,36,0,36,0,0,0,36
03/18/2015,MCN,GA,ASO,ES,Federal Contract Tower,0,0,21,4,25,0,0,19,0,19,0,0,40,4,44,8,0,8,52
03/19/2015,MCN,GA,ASO,ES,Federal Contract Tower,0,0,17,0,17,0,0,0,0,0,0,0,17,0,17,0,0,0,17
03/20/2015,MCN,GA,ASO,ES,Federal Contract Tower,0,0,16,0,16,0,0,10,0,10,0,0,26,0,26,18,0,18,44
03/21/2015,MCN,GA,ASO,ES,Federal Contract Tower,0,2,17,4,23,0,0,13,0,13,0,2,30,4,36,6,0,6,42
03/22/2015,MCN,GA,ASO,ES,Federal Contract Tower,0,3,20,1,24,0,0,0,0,0,0,3,20,1,24,0,0,0,24
03/23/2015,MCN,GA,ASO,ES,Federal Contract Tower,0,0,21,0,21,0,0,0,0,0,0,0,21,0,21,0,0,0,21
03/24/2015,MCN,GA,ASO,ES,Federal Contract Tower,4,0,36,0,40,0,0,14,0,14,4,0,50,0,54,8,0,8,62
03/25/2015,MCN,GA,ASO,ES,Federal Contract Tower,0,1,11,0,12,0,0,0,0,0,0,1,11,0,12,0,0,0,12
03/26/2015,MCN,GA,ASO,ES,Federal Contract Tower,0,0,22,4,26,0,0,15,0,15,0,0,37,4,41,14,0,14,55
03/27/2015,MCN,GA,ASO,ES,Federal Contract Tower,1,0,24,0,25,0,0,8,0,8,1,0,32,0,33,6,0,6,39
03/28/2015,MCN,GA,ASO,ES,Federal Contract Tower,0,0,14,0,14,0,0,29,0,29,0,0,43,0,43,10,0,10,53
03/29/2015,MCN,GA,ASO,ES,Federal Contract Tower,0,0,18,0,18,0,0,43,0,43,0,0,61,0,61,38,0,38,99
03/30/2015,MCN,GA,ASO,ES,Federal Contract Tower,0,1,21,0,22,0,0,9,0,9,0,1,30,0,31,2,0,2,33
03/31/2015,MCN,GA,ASO,ES,Federal Contract Tower,0,0,16,2,18,0,0,27,0,27,0,0,43,2,45,26,0,26,71
04/01/2015,MCN,GA,ASO,ES,Federal Contract Tower,0,1,27,0,28,0,1,33,2,36,0,2,60,2,64,40,0,40,104
04/02/2015,MCN,GA,ASO,ES,Federal Contract Tower,0,3,18,0,21,0,0,8,0,8,0,3,26,0,29,4,0,4,33
04/03/2015,MCN,GA,ASO,ES,Federal Contract Tower,0,0,30,3,33,0,0,21,3,24,0,0,51,6,57,4,0,4,61
04/04/2015,MCN,GA,ASO,ES,Federal Contract Tower,0,2,16,0,18,0,0,10,0,10,0,2,26,0,28,4,0,4,32
04/05/2015,MCN,GA,ASO,ES,Federal Contract Tower,0,1,10,0,11,0,0,7,0,7,0,1,17,0,18,0,0,0,18
04/06/2015,MCN,GA,ASO,ES,Federal Contract Tower,4,3,19,3,29,0,0,7,0,7,4,3,26,3,36,0,0,0,36
04/07/2015,MCN,GA,ASO,ES,Federal Contract Tower,0,4,16,0,20,0,0,22,0,22,0,4,38,0,42,38,0,38,80
04/08/2015,MCN,GA,ASO,ES,Federal Contract Tower,0,1,11,8,20,0,0,17,0,17,0,1,28,8,37,14,0,14,51
04/09/2015,MCN,GA,ASO,ES,Federal Contract Tower,0,3,25,4,32,0,0,18,0,18,0,3,43,4,50,12,0,12,62
04/10/2015,MCN,GA,ASO,ES,Federal Contract Tower,0,0,20,0,20,0,0,1,2,3,0,0,21,2,23,0,0,0,23
04/11/2015,MCN,GA,ASO,ES,Federal Contract Tower,0,0,24,1,25,0,0,23,1,24,0,0,47,2,49,6,0,6,55
04/12/2015,MCN,GA,ASO,ES,Federal Contract Tower,2,0,11,10,23,0,0,0,0,0,2,0,11,10,23,0,0,0,23
04/13/2015,MCN,GA,ASO,ES,Federal Contract Tower,0,2,10,0,12,0,0,3,0,3,0,2,13,0,15,2,0,2,17
04/14/2015,MCN,GA,ASO,ES,Federal Contract Tower,2,1,17,0,20,0,0,12,0,12,2,1,29,0,32,6,0,6,38
04/15/2015,MCN,GA,ASO,ES,Federal Contract Tower,0,0,16,0,16,0,0,0,0,0,0,0,16,0,16,0,0,0,16
04/16/2015,MCN,GA,ASO,ES,Federal Contract Tower,0,0,25,0,25,0,0,1,0,1,0,0,26,0,26,0,0,0,26
04/17/2015,MCN,GA,ASO,ES,Federal Contract Tower,0,0,26,2,28,0,0,0,2,2,0,0,26,4,30,0,0,0,30
04/18/2015,MCN,GA,ASO,ES,Federal Contract Tower,1,0,11,0,12,0,0,2,0,2,1,0,13,0,14,2,0,2,16
04/19/2015,MCN,GA,ASO,ES,Federal Contract Tower,3,0,10,0,13,0,0,0,0,0,3,0,10,0,13,0,0,0,13
04/20/2015,MCN,GA,ASO,ES,Federal Contract Tower,5,0,26,0,31,0,0,3,3,6,5,0,29,3,37,12,0,12,49
04/21/2015,MCN,GA,ASO,ES,Federal Contract Tower,1,0,20,0,21,0,2,26,0,28,1,2,46,0,49,6,0,6,55
04/22/2015,MCN,GA,ASO,ES,Federal Contract Tower,0,0,27,0,27,0,0,10,0,10,0,0,37,0,37,4,0,4,41
04/23/2015,MCN,GA,ASO,ES,Federal Contract Tower,0,0,31,0,31,0,0,15,0,15,0,0,46,0,46,0,0,0,46
04/24/2015,MCN,GA,ASO,ES,Federal Contract Tower,1,0,29,0,30,0,0,18,4,22,1,0,47,4,52,2,0,2,54
04/25/2015,MCN,GA,ASO,ES,Federal Contract Tower,0,2,0,0,2,0,0,0,0,0,0,2,0,0,2,0,0,0,2
04/26/2015,MCN,GA,ASO,ES,Federal Contract Tower,0,2,12,0,14,0,0,8,0,8,0,2,20,0,22,4,0,4,26
04/27/2015,MCN,GA,ASO,ES,Federal Contract Tower,0,2,12,2,16,0,0,15,0,15,0,2,27,2,31,22,0,22,53
04/28/2015,MCN,GA,ASO,ES,Federal Contract Tower,0,0,24,0,24,0,0,12,2,14,0,0,36,2,38,0,0,0,38
04/29/2015,MCN,GA,ASO,ES,Federal Contract Tower,0,0,8,0,8,0,0,0,0,0,0,0,8,0,8,0,0,0,8
04/30/2015,MCN,GA,ASO,ES,Federal Contract Tower,3,1,13,0,17,0,0,17,0,17,3,1,30,0,34,0,0,0,34
05/01/2015,MCN,GA,ASO,ES,Federal Contract Tower,1,2,28,0,31,0,0,20,0,20,1,2,48,0,51,6,0,6,57
05/02/2015,MCN,GA,ASO,ES,Federal Contract Tower,0,4,11,0,15,0,0,27,0,27,0,4,38,0,42,0,0,0,42
05/03/2015,MCN,GA,ASO,ES,Federal Contract Tower,0,2,6,0,8,0,0,18,0,18,0,2,24,0,26,30,0,30,56
05/04/2015,MCN,GA,ASO,ES,Federal Contract Tower,0,0,24,0,24,0,0,20,0,20,0,0,44,0,44,4,0,4,48
05/05/2015,MCN,GA,ASO,ES,Federal Contract Tower,3,0,28,0,31,0,0,17,2,19,3,0,45,2,50,0,0,0,50
05/06/2015,MCN,GA,ASO,ES,Federal Contract Tower,0,7,31,0,38,0,0,24,2,26,0,7,55,2,64,6,0,6,70
05/07/2015,MCN,GA,ASO,ES,Federal Contract Tower,0,0,29,0,29,0,0,17,0,17,0,0,46,0,46,10,0,10,56
05/08/2015,MCN,GA,ASO,ES,Federal Contract Tower,0,0,19,3,22,0,0,31,1,32,0,0,50,4,54,34,0,34,88
05/09/2015,MCN,GA,ASO,ES,Federal Contract Tower,0,2,12,0,14,0,0,24,0,24,0,2,36,0,38,14,0,14,52
05/10/2015,MCN,GA,ASO,ES,Federal Contract Tower,2,0,8,2,12,0,0,21,2,23,2,0,29,4,35,24,0,24,59
05/11/2015,MCN,GA,ASO,ES,Federal Contract Tower,1,0,19,0,20,0,0,19,0,19,1,0,38,0,39,6,0,6,45
05/12/2015,MCN,GA,ASO,ES,Federal Contract Tower,0,0,8,0,8,0,0,17,0,17,0,0,25,0,25,0,0,0,25
05/13/2015,MCN,GA,ASO,ES,Federal Contract Tower,0,2,17,0,19,0,0,20,0,20,0,2,37,0,39,0,0,0,39
05/14/2015,MCN,GA,ASO,ES,Federal Contract Tower,0,0,19,0,19,0,0,16,0,16,0,0,35,0,35,0,0,0,35
05/15/2015,MCN,GA,ASO,ES,Federal Contract Tower,0,0,24,0,24,0,0,7,0,7,0,0,31,0,31,6,0,6,37
05/16/2015,MCN,GA,ASO,ES,Federal Contract Tower,0,2,6,0,8,0,0,30,0,30,0,2,36,0,38,10,0,10,48
05/17/2015,MCN,GA,ASO,ES,Federal Contract Tower,3,0,12,6,21,0,0,11,2,13,3,0,23,8,34,4,0,4,38
05/18/2015,MCN,GA,ASO,ES,Federal Contract Tower,0,0,11,0,11,0,0,9,0,9,0,0,20,0,20,2,0,2,22
05/19/2015,MCN,GA,ASO,ES,Federal Contract Tower,1,2,12,2,17,0,0,8,0,8,1,2,20,2,25,0,0,0,25
05/20/2015,MCN,GA,ASO,ES,Federal Contract Tower,0,0,15,0,15,0,0,16,4,20,0,0,31,4,35,0,0,0,35
05/21/2015,MCN,GA,ASO,ES,Federal Contract Tower,0,0,22,0,22,0,0,16,0,16,0,0,38,0,38,2,0,2,40
05/22/2015,MCN,GA,ASO,ES,Federal Contract Tower,1,2,27,0,30,0,0,22,0,22,1,2,49,0,52,26,0,26,78
05/23/2015,MCN,GA,ASO,ES,Federal Contract Tower,1,0,7,0,8,0,0,11,0,11,1,0,18,0,19,2,0,2,21
05/24/2015,MCN,GA,ASO,ES,Federal Contract Tower,0,0,12,0,12,0,0,2,0,2,0,0,14,0,14,0,0,0,14
05/25/2015,MCN,GA,ASO,ES,Federal Contract Tower,0,0,9,6,15,0,0,2,0,2,0,0,11,6,17,0,0,0,17
05/26/2015,MCN,GA,ASO,ES,Federal Contract Tower,0,1,14,2,17,0,0,3,0,3,0,1,17,2,20,2,0,2,22
05/27/2015,MCN,GA,ASO,ES,Federal Contract Tower,0,1,6,0,7,0,0,7,0,7,0,1,13,0,14,4,0,4,18
05/28/2015,MCN,GA,ASO,ES,Federal Contract Tower,0,0,18,0,18,0,0,23,2,25,0,0,41,2,43,16,0,16,59
05/29/2015,MCN,GA,ASO,ES,Federal Contract Tower,3,1,13,0,17,0,0,26,0,26,3,1,39,0,43,6,0,6,49
05/30/2015,MCN,GA,ASO,ES,Federal Contract Tower,1,1,7,8,17,0,0,10,8,18,1,1,17,16,35,8,16,24,59
05/31/2015,MCN,GA,ASO,ES,Federal Contract Tower,0,0,13,3,16,0,0,13,6,19,0,0,26,9,35,6,0,6,41
06/01/2015,MCN,GA,ASO,ES,Federal Contract Tower,0,0,12,0,12,0,0,10,0,10,0,0,22,0,22,0,0,0,22
06/02/2015,MCN,GA,ASO,ES,Federal Contract Tower,1,5,28,0,34,0,0,7,0,7,1,5,35,0,41,10,0,10,51
06/03/2015,MCN,GA,ASO,ES,Federal Contract Tower,0,2,5,0,7,0,0,5,0,5,0,2,10,0,12,0,0,0,12
06/04/2015,MCN,GA,ASO,ES,Federal Contract Tower,0,0,36,1,37,0,0,7,0,7,0,0,43,1,44,0,0,0,44
06/05/2015,MCN,GA,ASO,ES,Federal Contract Tower,3,0,44,4,51,0,0,20,0,20,3,0,64,4,71,10,0,10,81
06/06/2015,MCN,GA,ASO,ES,Federal Contract Tower,0,4,1,0,5,0,0,15,2,17,0,4,16,2,22,4,4,8,30
06/07/2015,MCN,GA,ASO,ES,Federal Contract Tower,0,0,9,0,9,0,0,7,0,7,0,0,16,0,16,0,0,0,16
06/08/2015,MCN,GA,ASO,ES,Federal Contract Tower,0,5,12,2,19,0,0,17,2,19,0,5,29,4,38,2,4,6,44
06/09/2015,MCN,GA,ASO,ES,Federal Contract Tower,0,2,13,0,15,0,0,6,0,6,0,2,19,0,21,0,0,0,21
06/10/2015,MCN,GA,ASO,ES,Federal Contract Tower,0,0,13,0,13,0,0,12,0,12,0,0,25,0,25,10,0,10,35
06/11/2015,MCN,GA,ASO,ES,Federal Contract Tower,0,0,31,0,31,0,0,15,2,17,0,0,46,2,48,8,0,8,56
06/12/2015,MCN,GA,ASO,ES,Federal Contract Tower,0,0,15,4,19,0,0,19,7,26,0,0,34,11,45,8,0,8,53
06/13/2015,MCN,GA,ASO,ES,Federal Contract Tower,0,0,10,2,12,0,1,21,0,22,0,1,31,2,34,16,0,16,50
06/14/2015,MCN,GA,ASO,ES,Federal Contract Tower,4,0,21,5,30,0,0,3,5,8,4,0,24,10,38,0,0,0,38
06/15/2015,MCN,GA,ASO,ES,Federal Contract Tower,1,0,20,0,21,0,0,21,0,21,1,0,41,0,42,0,0,0,42
06/16/2015,MCN,GA,ASO,ES,Federal Contract Tower,0,0,13,0,13,0,0,27,0,27,0,0,40,0,40,10,0,10,50
06/17/2015,MCN,GA,ASO,ES,Federal Contract Tower,2,0,24,8,34,0,0,18,2,20,2,0,42,10,54,14,6,20,74
06/18/2015,MCN,GA,ASO,ES,Federal Contract Tower,2,3,25,2,32,0,0,14,1,15,2,3,39,3,47,14,0,14,61
06/19/2015,MCN,GA,ASO,ES,Federal Contract Tower,2,1,21,7,31,0,0,10,1,11,2,1,31,8,42,8,0,8,50
06/20/2015,MCN,GA,ASO,ES,Federal Contract Tower,0,0,10,0,10,0,1,14,0,15,0,1,24,0,25,18,0,18,43
06/21/2015,MCN,GA,ASO,ES,Federal Contract Tower,4,0,12,0,16,0,0,5,0,5,4,0,17,0,21,0,0,0,21
06/22/2015,MCN,GA,ASO,ES,Federal Contract Tower,0,4,14,0,18,0,0,23,0,23,0,4,37,0,41,18,0,18,59
06/23/2015,MCN,GA,ASO,ES,Federal Contract Tower,2,1,11,0,14,0,0,12,0,12,2,1,23,0,26,2,0,2,28
06/24/2015,MCN,GA,ASO,ES,Federal Contract Tower,1,0,15,0,16,0,0,24,0,24,1,0,39,0,40,4,0,4,44
06/25/2015,MCN,GA,ASO,ES,Federal Contract Tower,0,0,18,2,20,0,0,23,0,23,0,0,41,2,43,16,0,16,59
06/26/2015,MCN,GA,ASO,ES,Federal Contract Tower,1,1,16,0,18,0,0,10,0,10,1,1,26,0,28,0,0,0,28
06/27/2015,MCN,GA,ASO,ES,Federal Contract Tower,3,0,7,0,10,0,0,5,0,5,3,0,12,0,15,20,0,20,35
06/28/2015,MCN,GA,ASO,ES,Federal Contract Tower,2,2,13,0,17,0,0,14,0,14,2,2,27,0,31,0,0,0,31
06/29/2015,MCN,GA,ASO,ES,Federal Contract Tower,2,0,21,0,23,0,0,28,0,28,2,0,49,0,51,12,0,12,63
06/30/2015,MCN,GA,ASO,ES,Federal Contract Tower,0,0,18,2,20,0,0,12,0,12,0,0,30,2,32,22,0,22,54
07/01/2015,MCN,GA,ASO,ES,Federal Contract Tower,0,0,19,2,21,0,0,19,0,19,0,0,38,2,40,10,0,10,50
07/02/2015,MCN,GA,ASO,ES,Federal Contract Tower,0,0,30,0,30,0,0,15,0,15,0,0,45,0,45,14,0,14,59
07/03/2015,MCN,GA,ASO,ES,Federal Contract Tower,2,5,6,0,13,0,0,2,0,2,2,5,8,0,15,0,0,0,15
07/04/2015,MCN,GA,ASO,ES,Federal Contract Tower,0,0,5,0,5,0,0,5,0,5,0,0,10,0,10,0,0,0,10
07/05/2015,MCN,GA,ASO,ES,Federal Contract Tower,0,0,11,0,11,0,0,5,0,5,0,0,16,0,16,0,0,0,16
07/06/2015,MCN,GA,ASO,ES,Federal Contract Tower,0,0,12,0,12,0,0,8,0,8,0,0,20,0,20,0,0,0,20
07/07/2015,MCN,GA,ASO,ES,Federal Contract Tower,2,0,7,0,9,0,0,17,0,17,2,0,24,0,26,8,0,8,34
07/08/2015,MCN,GA,ASO,ES,Federal Contract Tower,0,0,18,0,18,0,0,20,0,20,0,0,38,0,38,16,0,16,54
07/09/2015,MCN,GA,ASO,ES,Federal Contract Tower,0,6,18,0,24,0,0,30,0,30,0,6,48,0,54,14,0,14,68
07/10/2015,MCN,GA,ASO,ES,Federal Contract Tower,0,1,18,13,32,0,0,22,7,29,0,1,40,20,61,6,0,6,67
07/11/2015,MCN,GA,ASO,ES,Federal Contract Tower,0,2,12,8,22,0,0,21,0,21,0,2,33,8,43,20,0,20,63
07/12/2015,MCN,GA,ASO,ES,Federal Contract Tower,0,1,10,4,15,0,1,16,2,19,0,2,26,6,34,0,0,0,34
07/13/2015,MCN,GA,ASO,ES,Federal Contract Tower,0,2,14,0,16,0,0,20,0,20,0,2,34,0,36,2,0,2,38
07/14/2015,MCN,GA,ASO,ES,Federal Contract Tower,0,4,24,1,29,0,0,9,0,9,0,4,33,1,38,0,0,0,38
07/15/2015,MCN,GA,ASO,ES,Federal Contract Tower,0,1,19,0,20,0,0,19,0,19,0,1,38,0,39,6,0,6,45
07/16/2015,MCN,GA,ASO,ES,Federal Contract Tower,3,0,11,1,15,0,0,14,0,14,3,0,25,1,29,6,0,6,35
07/17/2015,MCN,GA,ASO,ES,Federal Contract Tower,0,1,17,0,18,0,0,9,5,14,0,1,26,5,32,0,0,0,32
07/18/2015,MCN,GA,ASO,ES,Federal Contract Tower,3,1,13,0,17,0,2,15,0,17,3,3,28,0,34,4,0,4,38
07/19/2015,MCN,GA,ASO,ES,Federal Contract Tower,0,0,15,8,23,0,0,8,8,16,0,0,23,16,39,0,0,0,39
07/20/2015,MCN,GA,ASO,ES,Federal Contract Tower,5,0,15,0,20,0,0,5,0,5,5,0,20,0,25,6,0,6,31
07/21/2015,MCN,GA,ASO,ES,Federal Contract Tower,0,1,8,0,9,0,0,11,0,11,0,1,19,0,20,4,0,4,24
07/22/2015,MCN,GA,ASO,ES,Federal Contract Tower,0,0,10,0,10,0,0,9,0,9,0,0,19,0,19,2,0,2,21
07/23/2015,MCN,GA,ASO,ES,Federal Contract Tower,0,0,21,0,21,0,0,16,0,16,0,0,37,0,37,6,0,6,43
07/24/2015,MCN,GA,ASO,ES,Federal Contract Tower,0,0,19,4,23,0,0,20,3,23,0,0,39,7,46,28,0,28,74
07/25/2015,MCN,GA,ASO,ES,Federal Contract Tower,2,2,6,0,10,0,0,24,0,24,2,2,30,0,34,14,0,14,48
07/26/2015,MCN,GA,ASO,ES,Federal Contract Tower,0,2,8,10,20,0,0,18,2,20,0,2,26,12,40,10,0,10,50
07/27/2015,MCN,GA,ASO,ES,Federal Contract Tower,0,0,16,4,20,0,0,23,0,23,0,0,39,4,43,14,0,14,57
07/28/2015,MCN,GA,ASO,ES,Federal Contract Tower,3,2,11,0,16,0,0,7,0,7,3,2,18,0,23,2,0,2,25
07/29/2015,MCN,GA,ASO,ES,Federal Contract Tower,0,1,17,0,18,0,0,15,2,17,0,1,32,2,35,0,0,0,35
07/30/2015,MCN,GA,ASO,ES,Federal Contract Tower,0,1,18,0,19,0,0,21,4,25,0,1,39,4,44,16,0,16,60
07/31/2015,MCN,GA,ASO,ES,Federal Contract Tower,4,1,21,2,28,0,0,4,0,4,4,1,25,2,32,0,0,0,32
08/01/2015,MCN,GA,ASO,ES,Federal Contract Tower,1,2,12,0,15,0,0,15,0,15,1,2,27,0,30,14,0,14,44
08/02/2015,MCN,GA,ASO,ES,Federal Contract Tower,0,1,9,0,10,0,1,8,0,9,0,2,17,0,19,2,0,2,21
08/03/2015,MCN,GA,ASO,ES,Federal Contract Tower,1,0,10,2,13,0,0,5,0,5,1,0,15,2,18,6,0,6,24
08/04/2015,MCN,GA,ASO,ES,Federal Contract Tower,0,2,13,1,16,0,0,20,1,21,0,2,33,2,37,12,0,12,49
08/05/2015,MCN,GA,ASO,ES,Federal Contract Tower,0,2,9,2,13,0,1,10,0,11,0,3,19,2,24,0,0,0,24
08/06/2015,MCN,GA,ASO,ES,Federal Contract Tower,0,0,12,0,12,0,0,3,0,3,0,0,15,0,15,8,0,8,23
08/07/2015,MCN,GA,ASO,ES,Federal Contract Tower,0,0,13,1,14,0,0,8,3,11,0,0,21,4,25,2,0,2,27
08/08/2015,MCN,GA,ASO,ES,Federal Contract Tower,0,0,11,0,11,0,0,24,0,24,0,0,35,0,35,0,0,0,35
08/09/2015,MCN,GA,ASO,ES,Federal Contract Tower,0,0,12,8,20,0,0,9,0,9,0,0,21,8,29,6,0,6,35
08/10/2015,MCN,GA,ASO,ES,Federal Contract Tower,4,0,19,0,23,0,0,13,0,13,4,0,32,0,36,8,0,8,44
08/11/2015,MCN,GA,ASO,ES,Federal Contract Tower,0,0,14,0,14,0,0,10,0,10,0,0,24,0,24,10,0,10,34
08/12/2015,MCN,GA,ASO,ES,Federal Contract Tower,0,2,27,0,29,0,0,30,2,32,0,2,57,2,61,2,0,2,63
08/13/2015,MCN,GA,ASO,ES,Federal Contract Tower,3,1,23,0,27,0,0,10,0,10,3,1,33,0,37,0,0,0,37
08/14/2015,MCN,GA,ASO,ES,Federal Contract Tower,0,0,23,7,30,0,0,16,3,19,0,0,39,10,49,12,0,12,61
08/15/2015,MCN,GA,ASO,ES,Federal Contract Tower,0,0,15,1,16,0,0,24,2,26,0,0,39,3,42,14,0,14,56
08/16/2015,MCN,GA,ASO,ES,Federal Contract Tower,0,0,11,7,18,0,0,5,5,10,0,0,16,12,28,2,0,2,30
08/17/2015,MCN,GA,ASO,ES,Federal Contract Tower,1,0,15,0,16,0,0,2,0,2,1,0,17,0,18,0,0,0,18
08/18/2015,MCN,GA,ASO,ES,Federal Contract Tower,2,1,15,2,20,0,0,6,0,6,2,1,21,2,26,2,0,2,28
08/19/2015,MCN,GA,ASO,ES,Federal Contract Tower,0,1,26,0,27,0,0,7,0,7,0,1,33,0,34,8,0,8,42
08/20/2015,MCN,GA,ASO,ES,Federal Contract Tower,0,3,10,0,13,0,0,5,0,5,0,3,15,0,18,0,0,0,18
08/21/2015,MCN,GA,ASO,ES,Federal Contract Tower,0,1,18,12,31,0,0,5,2,7,0,1,23,14,38,2,0,2,40
08/22/2015,MCN,GA,ASO,ES,Federal Contract Tower,0,2,7,0,9,0,0,24,0,24,0,2,31,0,33,14,0,14,47
08/23/2015,MCN,GA,ASO,ES,Federal Contract Tower,0,1,2,0,3,0,0,9,0,9,0,1,11,0,12,10,0,10,22
08/24/2015,MCN,GA,ASO,ES,Federal Contract Tower,0,0,14,2,16,0,0,17,0,17,0,0,31,2,33,4,0,4,37
08/25/2015,MCN,GA,ASO,ES,Federal Contract Tower,0,3,17,0,20,0,0,10,0,10,0,3,27,0,30,16,0,16,46
08/26/2015,MCN,GA,ASO,ES,Federal Contract Tower,1,1,32,0,34,0,0,15,0,15,1,1,47,0,49,4,0,4,53
08/27/2015,MCN,GA,ASO,ES,Federal Contract Tower,0,0,27,0,27,0,0,16,0,16,0,0,43,0,43,2,0,2,45
08/28/2015,MCN,GA,ASO,ES,Federal Contract Tower,2,3,10,15,30,0,0,4,1,5,2,3,14,16,35,0,0,0,35
08/29/2015,MCN,GA,ASO,ES,Federal Contract Tower,0,2,15,0,17,2,0,0,0,2,2,2,15,0,19,4,0,4,23
08/30/2015,MCN,GA,ASO,ES,Federal Contract Tower,0,1,5,0,6,0,0,1,0,1,0,1,6,0,7,0,0,0,7
08/31/2015,MCN,GA,ASO,ES,Federal Contract Tower,0,6,25,0,31,0,0,4,0,4,0,6,29,0,35,0,0,0,35
09/01/2015,MCN,GA,ASO,ES,Federal Contract Tower,0,1,24,0,25,0,0,15,0,15,0,1,39,0,40,0,0,0,40
09/02/2015,MCN,GA,ASO,ES,Federal Contract Tower,0,0,20,0,20,0,0,10,0,10,0,0,30,0,30,6,0,6,36
09/03/2015,MCN,GA,ASO,ES,Federal Contract Tower,2,2,22,0,26,0,0,11,0,11,2,2,33,0,37,2,0,2,39
09/04/2015,MCN,GA,ASO,ES,Federal Contract Tower,0,1,22,0,23,0,0,15,0,15,0,1,37,0,38,10,0,10,48
09/05/2015,MCN,GA,ASO,ES,Federal Contract Tower,1,0,9,0,10,0,0,6,0,6,1,0,15,0,16,4,0,4,20
09/06/2015,MCN,GA,ASO,ES,Federal Contract Tower,0,2,15,0,17,0,0,6,0,6,0,2,21,0,23,0,0,0,23
09/07/2015,MCN,GA,ASO,ES,Federal Contract Tower,0,5,16,0,21,0,0,6,0,6,0,5,22,0,27,0,0,0,27
09/08/2015,MCN,GA,ASO,ES,Federal Contract Tower,0,0,19,0,19,0,0,2,0,2,0,0,21,0,21,0,0,0,21
09/09/2015,MCN,GA,ASO,ES,Federal Contract Tower,0,0,13,0,13,0,0,4,0,4,0,0,17,0,17,6,0,6,23
09/10/2015,MCN,GA,ASO,ES,Federal Contract Tower,0,0,15,0,15,0,0,4,0,4,0,0,19,0,19,0,0,0,19
09/11/2015,MCN,GA,ASO,ES,Federal Contract Tower,0,4,17,2,23,0,0,10,0,10,0,4,27,2,33,0,0,0,33
09/12/2015,MCN,GA,ASO,ES,Federal Contract Tower,0,0,8,0,8,0,0,4,0,4,0,0,12,0,12,0,0,0,12
09/13/2015,MCN,GA,ASO,ES,Federal Contract Tower,0,2,18,2,22,0,0,11,0,11,0,2,29,2,33,4,0,4,37
09/14/2015,MCN,GA,ASO,ES,Federal Contract Tower,0,2,23,0,25,0,0,11,0,11,0,2,34,0,36,0,0,0,36
09/15/2015,MCN,GA,ASO,ES,Federal Contract Tower,0,4,13,0,17,0,0,23,0,23,0,4,36,0,40,4,0,4,44
09/16/2015,MCN,GA,ASO,ES,Federal Contract Tower,0,0,19,0,19,0,0,7,0,7,0,0,26,0,26,0,0,0,26
09/17/2015,MCN,GA,ASO,ES,Federal Contract Tower,2,0,12,2,16,0,0,13,0,13,2,0,25,2,29,34,0,34,63
09/18/2015,MCN,GA,ASO,ES,Federal Contract Tower,1,2,25,6,34,0,0,13,10,23,1,2,38,16,57,2,0,2,59
09/19/2015,MCN,GA,ASO,ES,Federal Contract Tower,0,0,11,0,11,0,0,21,0,21,0,0,32,0,32,4,0,4,36
09/20/2015,MCN,GA,ASO,ES,Federal Contract Tower,0,1,14,2,17,0,0,13,6,19,0,1,27,8,36,4,0,4,40
09/21/2015,MCN,GA,ASO,ES,Federal Contract Tower,0,0,25,0,25,0,0,11,0,11,0,0,36,0,36,14,0,14,50
09/22/2015,MCN,GA,ASO,ES,Federal Contract Tower,0,2,27,0,29,0,0,3,0,3,0,2,30,0,32,0,0,0,32
09/23/2015,MCN,GA,ASO,ES,Federal Contract Tower,0,5,20,0,25,0,0,17,0,17,0,5,37,0,42,6,0,6,48
09/24/2015,MCN,GA,ASO,ES,Federal Contract Tower,0,5,21,0,26,0,0,7,0,7,0,5,28,0,33,2,0,2,35
09/25/2015,MCN,GA,ASO,ES,Federal Contract Tower,0,0,26,0,26,0,0,2,0,2,0,0,28,0,28,0,0,0,28
09/26/2015,MCN,GA,ASO,ES,Federal Contract Tower,0,0,15,0,15,0,0,2,0,2,0,0,17,0,17,8,0,8,25
09/27/2015,MCN,GA,ASO,ES,Federal Contract Tower,0,2,18,0,20,0,0,0,0,0,0,2,18,0,20,0,0,0,20
09/28/2015,MCN,GA,ASO,ES,Federal Contract Tower,0,2,20,0,22,0,0,2,0,2,0,2,22,0,24,0,0,0,24
09/29/2015,MCN,GA,ASO,ES,Federal Contract Tower,0,4,8,6,18,0,0,0,0,0,0,4,8,6,18,0,0,0,18
09/30/2015,MCN,GA,ASO,ES,Federal Contract Tower,0,0,18,0,18,0,0,4,0,4,0,0,22,0,22,2,0,2,24
10/01/2015,MCN,GA,ASO,ES,Federal Contract Tower,0,2,34,0,36,0,0,2,0,2,0,2,36,0,38,0,0,0,38
10/02/2015,MCN,GA,ASO,ES,Federal Contract Tower,2,0,23,0,25,0,0,0,2,2,2,0,23,2,27,0,0,0,27
10/03/2015,MCN,GA,ASO,ES,Federal Contract Tower,0,2,4,0,6,0,0,0,0,0,0,2,4,0,6,0,0,0,6
10/04/2015,MCN,GA,ASO,ES,Federal Contract Tower,3,2,17,0,22,0,0,0,2,2,3,2,17,2,24,0,0,0,24
10/05/2015,MCN,GA,ASO,ES,Federal Contract Tower,1,1,10,0,12,0,0,2,0,2,1,1,12,0,14,0,0,0,14
10/06/2015,MCN,GA,ASO,ES,Federal Contract Tower,1,2,20,2,25,0,0,9,0,9,1,2,29,2,34,2,0,2,36
10/07/2015,MCN,GA,ASO,ES,Federal Contract Tower,1,0,21,0,22,0,0,30,2,32,1,0,51,2,54,0,0,0,54
10/08/2015,MCN,GA,ASO,ES,Federal Contract Tower,0,3,20,0,23,0,0,15,0,15,0,3,35,0,38,4,0,4,42
10/09/2015,MCN,GA,ASO,ES,Federal Contract Tower,1,0,29,0,30,0,0,13,2,15,1,0,42,2,45,0,0,0,45
10/10/2015,MCN,GA,ASO,ES,Federal Contract Tower,0,0,14,2,16,0,0,5,0,5,0,0,19,2,21,0,0,0,21
10/11/2015,MCN,GA,ASO,ES,Federal Contract Tower,1,0,20,0,21,0,0,0,0,0,1,0,20,0,21,0,0,0,21
10/12/2015,MCN,GA,ASO,ES,Federal Contract Tower,1,0,14,0,15,0,2,10,0,12,1,2,24,0,27,2,0,2,29
10/13/2015,MCN,GA,ASO,ES,Federal Contract Tower,0,0,24,0,24,0,0,10,0,10,0,0,34,0,34,6,0,6,40
10/14/2015,MCN,GA,ASO,ES,Federal Contract Tower,0,3,26,4,33,0,3,16,2,21,0,6,42,6,54,0,2,2,56
10/15/2015,MCN,GA,ASO,ES,Federal Contract Tower,0,0,14,0,14,0,0,31,0,31,0,0,45,0,45,10,0,10,55
10/16/2015,MCN,GA,ASO,ES,Federal Contract Tower,3,0,23,0,26,0,5,22,0,27,3,5,45,0,53,2,0,2,55
10/17/2015,MCN,GA,ASO,ES,Federal Contract Tower,1,0,15,0,16,0,0,30,0,30,1,0,45,0,46,16,0,16,62
10/18/2015,MCN,GA,ASO,ES,Federal Contract Tower,0,3,15,0,18,0,1,20,0,21,0,4,35,0,39,6,0,6,45
10/19/2015,MCN,GA,ASO,ES,Federal Contract Tower,0,0,13,4,17,0,0,21,0,21,0,0,34,4,38,6,0,6,44
10/20/2015,MCN,GA,ASO,ES,Federal Contract Tower,0,0,12,0,12,0,0,19,0,19,0,0,31,0,31,0,0,0,31
10/21/2015,MCN,GA,ASO,ES,Federal Contract Tower,0,0,19,0,19,0,2,24,2,28,0,2,43,2,47,8,0,8,55
10/22/2015,MCN,GA,ASO,ES,Federal Contract Tower,0,0,20,0,20,0,0,17,0,17,0,0,37,0,37,0,0,0,37
10/23/2015,MCN,GA,ASO,ES,Federal Contract Tower,0,4,40,0,44,0,0,22,9,31,0,4,62,9,75,10,0,10,85
10/24/2015,MCN,GA,ASO,ES,Federal Contract Tower,0,0,9,3,12,0,0,18,1,19,0,0,27,4,31,12,0,12,43
10/25/2015,MCN,GA,ASO,ES,Federal Contract Tower,0,10,19,0,29,0,0,2,8,10,0,10,21,8,39,0,0,0,39
10/26/2015,MCN,GA,ASO,ES,Federal Contract Tower,0,1,22,3,26,0,0,0,0,0,0,1,22,3,26,0,0,0,26
10/27/2015,MCN,GA,ASO,ES,Federal Contract Tower,0,1,27,5,33,0,0,0,0,0,0,1,27,5,33,0,0,0,33
10/28/2015,MCN,GA,ASO,ES,Federal Contract Tower,0,4,15,1,20,0,0,3,1,4,0,4,18,2,24,0,0,0,24
10/29/2015,MCN,GA,ASO,ES,Federal Contract Tower,0,0,47,0,47,0,0,8,0,8,0,0,55,0,55,0,0,0,55
10/30/2015,MCN,GA,ASO,ES,Federal Contract Tower,0,1,28,1,30,0,0,11,9,20,0,1,39,10,50,0,0,0,50
10/31/2015,MCN,GA,ASO,ES,Federal Contract Tower,3,2,15,2,22,0,0,13,0,13,3,2,28,2,35,0,0,0,35
11/01/2015,MCN,GA,ASO,ES,Federal Contract Tower,0,0,25,0,25,0,0,0,0,0,0,0,25,0,25,0,0,0,25
11/02/2015,MCN,GA,ASO,ES,Federal Contract Tower,0,2,6,0,8,0,0,0,0,0,0,2,6,0,8,0,0,0,8
11/03/2015,MCN,GA,ASO,ES,Federal Contract Tower,0,0,19,0,19,0,0,0,0,0,0,0,19,0,19,0,0,0,19
11/04/2015,MCN,GA,ASO,ES,Federal Contract Tower,0,4,31,0,35,0,0,1,0,1,0,4,32,0,36,0,0,0,36
11/05/2015,MCN,GA,ASO,ES,Federal Contract Tower,0,2,14,0,16,0,0,0,0,0,0,2,14,0,16,0,0,0,16
11/06/2015,MCN,GA,ASO,ES,Federal Contract Tower,0,3,32,2,37,0,0,10,0,10,0,3,42,2,47,2,0,2,49
11/07/2015,MCN,GA,ASO,ES,Federal Contract Tower,1,1,4,0,6,0,0,1,0,1,1,1,5,0,7,0,0,0,7
11/08/2015,MCN,GA,ASO,ES,Federal Contract Tower,0,7,14,0,21,0,0,0,0,0,0,7,14,0,21,0,0,0,21
11/09/2015,MCN,GA,ASO,ES,Federal Contract Tower,0,0,14,6,20,0,0,0,0,0,0,0,14,6,20,0,0,0,20
11/10/2015,MCN,GA,ASO,ES,Federal Contract Tower,0,2,17,4,23,0,0,10,0,10,0,2,27,4,33,0,0,0,33
11/11/2015,MCN,GA,ASO,ES,Federal Contract Tower,0,0,41,3,44,0,0,22,0,22,0,0,63,3,66,8,0,8,74
11/12/2015,MCN,GA,ASO,ES,Federal Contract Tower,0,0,22,0,22,0,0,10,0,10,0,0,32,0,32,0,0,0,32
11/13/2015,MCN,GA,ASO,ES,Federal Contract Tower,0,2,27,2,31,0,0,15,0,15,0,2,42,2,46,0,0,0,46
11/14/2015,MCN,GA,ASO,ES,Federal Contract Tower,0,3,16,3,22,0,0,10,2,12,0,3,26,5,34,0,0,0,34
11/15/2015,MCN,GA,ASO,ES,Federal Contract Tower,0,0,26,4,30,0,0,18,2,20,0,0,44,6,50,0,0,0,50
11/16/2015,MCN,GA,ASO,ES,Federal Contract Tower,0,0,30,0,30,0,0,10,2,12,0,0,40,2,42,0,0,0,42
11/17/2015,MCN,GA,ASO,ES,Federal Contract Tower,1,2,18,0,21,0,0,10,0,10,1,2,28,0,31,0,0,0,31
11/18/2015,MCN,GA,ASO,ES,Federal Contract Tower,0,0,17,2,19,0,0,2,0,2,0,0,19,2,21,0,0,0,21
11/19/2015,MCN,GA,ASO,ES,Federal Contract Tower,1,1,25,0,27,0,0,17,2,19,1,1,42,2,46,16,0,16,62
11/20/2015,MCN,GA,ASO,ES,Federal Contract Tower,0,2,22,2,26,0,0,21,4,25,0,2,43,6,51,20,0,20,71
11/21/2015,MCN,GA,ASO,ES,Federal Contract Tower,2,0,14,4,20,0,2,9,0,11,2,2,23,4,31,0,0,0,31
11/22/2015,MCN,GA,ASO,ES,Federal Contract Tower,0,4,14,9,27,0,0,11,1,12,0,4,25,10,39,4,0,4,43
11/23/2015,MCN,GA,ASO,ES,Federal Contract Tower,0,7,12,0,19,0,0,19,0,19,0,7,31,0,38,6,0,6,44
11/24/2015,MCN,GA,ASO,ES,Federal Contract Tower,0,0,18,0,18,0,0,20,0,20,0,0,38,0,38,14,0,14,52
11/25/2015,MCN,GA,ASO,ES,Federal Contract Tower,3,2,29,0,34,0,0,11,0,11,3,2,40,0,45,0,0,0,45
11/26/2015,MCN,GA,ASO,ES,Federal Contract Tower,0,0,4,0,4,0,0,4,0,4,0,0,8,0,8,0,0,0,8
11/27/2015,MCN,GA,ASO,ES,Federal Contract Tower,0,2,7,0,9,0,0,7,0,7,0,2,14,0,16,0,0,0,16
11/28/2015,MCN,GA,ASO,ES,Federal Contract Tower,0,1,8,0,9,0,0,17,0,17,0,1,25,0,26,6,0,6,32
11/29/2015,MCN,GA,ASO,ES,Federal Contract Tower,0,0,23,0,23,0,0,23,0,23,0,0,46,0,46,6,0,6,52
11/30/2015,MCN,GA,ASO,ES,Federal Contract Tower,2,1,24,0,27,0,0,16,0,16,2,1,40,0,43,0,0,0,43
12/01/2015,MCN,GA,ASO,ES,Federal Contract Tower,0,6,25,1,32,0,0,19,0,19,0,6,44,1,51,8,0,8,59
12/02/2015,MCN,GA,ASO,ES,Federal Contract Tower,0,0,17,1,18,0,0,6,1,7,0,0,23,2,25,2,0,2,27
12/03/2015,MCN,GA,ASO,ES,Federal Contract Tower,0,0,22,1,23,0,0,19,1,20,0,0,41,2,43,2,0,2,45
12/04/2015,MCN,GA,ASO,ES,Federal Contract Tower,0,4,37,5,46,0,0,18,2,20,0,4,55,7,66,10,0,10,76
12/05/2015,MCN,GA,ASO,ES,Federal Contract Tower,3,0,9,6,18,0,0,29,1,30,3,0,38,7,48,16,4,20,68
12/06/2015,MCN,GA,ASO,ES,Federal Contract Tower,2,0,15,6,23,0,0,13,2,15,2,0,28,8,38,0,0,0,38
12/07/2015,MCN,GA,ASO,ES,Federal Contract Tower,0,0,22,0,22,0,5,21,0,26,0,5,43,0,48,8,0,8,56
12/08/2015,MCN,GA,ASO,ES,Federal Contract Tower,0,1,18,1,20,0,0,21,1,22,0,1,39,2,42,0,0,0,42
12/09/2015,MCN,GA,ASO,ES,Federal Contract Tower,0,0,21,0,21,0,0,16,0,16,0,0,37,0,37,2,0,2,39
12/10/2015,MCN,GA,ASO,ES,Federal Contract Tower,0,0,25,0,25,0,0,25,0,25,0,0,50,0,50,6,0,6,56
12/11/2015,MCN,GA,ASO,ES,Federal Contract Tower,0,0,26,3,29,0,0,6,7,13,0,0,32,10,42,0,0,0,42
12/12/2015,MCN,GA,ASO,ES,Federal Contract Tower,0,0,9,0,9,0,2,29,0,31,0,2,38,0,40,8,0,8,48
12/13/2015,MCN,GA,ASO,ES,Federal Contract Tower,0,1,17,2,20,0,0,12,6,18,0,1,29,8,38,0,0,0,38
12/14/2015,MCN,GA,ASO,ES,Federal Contract Tower,0,0,24,2,26,0,0,0,0,0,0,0,24,2,26,0,0,0,26
12/15/2015,MCN,GA,ASO,ES,Federal Contract Tower,0,2,16,0,18,0,0,16,0,16,0,2,32,0,34,2,0,2,36
12/16/2015,MCN,GA,ASO,ES,Federal Contract Tower,1,0,33,0,34,0,0,18,0,18,1,0,51,0,52,4,0,4,56
12/17/2015,MCN,GA,ASO,ES,Federal Contract Tower,0,3,17,0,20,0,0,4,0,4,0,3,21,0,24,0,0,0,24
12/18/2015,MCN,GA,ASO,ES,Federal Contract Tower,0,2,18,2,22,0,0,12,0,12,0,2,30,2,34,0,2,2,36
12/19/2015,MCN,GA,ASO,ES,Federal Contract Tower,0,1,9,0,10,0,4,24,0,28,0,5,33,0,38,6,0,6,44
12/20/2015,MCN,GA,ASO,ES,Federal Contract Tower,0,0,17,0,17,0,2,21,0,23,0,2,38,0,40,0,0,0,40
12/21/2015,MCN,GA,ASO,ES,Federal Contract Tower,0,2,15,2,19,0,0,12,0,12,0,2,27,2,31,2,0,2,33
12/22/2015,MCN,GA,ASO,ES,Federal Contract Tower,0,0,18,0,18,0,0,0,0,0,0,0,18,0,18,0,0,0,18
12/23/2015,MCN,GA,ASO,ES,Federal Contract Tower,3,0,8,0,11,0,0,0,0,0,3,0,8,0,11,0,0,0,11
12/24/2015,MCN,GA,ASO,ES,Federal Contract Tower,0,0,6,0,6,0,0,0,0,0,0,0,6,0,6,0,0,0,6
12/25/2015,MCN,GA,ASO,ES,Federal Contract Tower,0,0,4,0,4,0,0,0,0,0,0,0,4,0,4,0,0,0,4
12/26/2015,MCN,GA,ASO,ES,Federal Contract Tower,0,0,14,0,14,0,0,2,0,2,0,0,16,0,16,0,0,0,16
12/27/2015,MCN,GA,ASO,ES,Federal Contract Tower,0,4,13,0,17,0,0,3,0,3,0,4,16,0,20,4,0,4,24
12/28/2015,MCN,GA,ASO,ES,Federal Contract Tower,0,1,1,0,2,0,0,3,0,3,0,1,4,0,5,0,0,0,5
12/29/2015,MCN,GA,ASO,ES,Federal Contract Tower,0,3,6,0,9,0,0,3,0,3,0,3,9,0,12,4,0,4,16
12/30/2015,MCN,GA,ASO,ES,Federal Contract Tower,0,0,11,0,11,0,0,0,0,0,0,0,11,0,11,0,0,0,11
12/31/2015,MCN,GA,ASO,ES,Federal Contract Tower,1,2,5,0,8,0,0,0,0,0,1,2,5,0,8,0,0,0,8
01/01/2016,MCN,GA,ASO,ES,Federal Contract Tower,0,2,7,0,9,0,0,3,0,3,0,2,10,0,12,0,0,0,12
01/02/2016,MCN,GA,ASO,ES,Federal Contract Tower,0,0,17,0,17,0,0,15,0,15,0,0,32,0,32,6,0,6,38
01/03/2016,MCN,GA,ASO,ES,Federal Contract Tower,0,2,18,0,20,0,0,7,0,7,0,2,25,0,27,0,0,0,27
01/04/2016,MCN,GA,ASO,ES,Federal Contract Tower,0,2,20,0,22,0,0,11,0,11,0,2,31,0,33,16,0,16,49
01/05/2016,MCN,GA,ASO,ES,Federal Contract Tower,0,4,4,0,8,0,0,28,0,28,0,4,32,0,36,4,0,4,40
01/06/2016,MCN,GA,ASO,ES,Federal Contract Tower,0,2,11,0,13,0,0,6,0,6,0,2,17,0,19,0,0,0,19
01/07/2016,MCN,GA,ASO,ES,Federal Contract Tower,0,1,35,0,36,0,1,16,0,17,0,2,51,0,53,18,0,18,71
01/08/2016,MCN,GA,ASO,ES,Federal Contract Tower,0,2,20,2,24,0,0,6,0,6,0,2,26,2,30,2,0,2,32
01/09/2016,MCN,GA,ASO,ES,Federal Contract Tower,0,5,8,3,16,0,0,0,0,0,0,5,8,3,16,0,0,0,16
01/10/2016,MCN,GA,ASO,ES,Federal Contract Tower,0,3,12,0,15,0,2,12,0,14,0,5,24,0,29,12,0,12,41
01/11/2016,MCN,GA,ASO,ES,Federal Contract Tower,0,0,11,0,11,0,0,21,6,27,0,0,32,6,38,4,0,4,42
01/12/2016,MCN,GA,ASO,ES,Federal Contract Tower,0,2,18,0,20,0,0,6,0,6,0,2,24,0,26,0,0,0,26
01/13/2016,MCN,GA,ASO,ES,Federal Contract Tower,1,1,21,0,23,0,0,20,2,22,1,1,41,2,45,12,0,12,57
01/14/2016,MCN,GA,ASO,ES,Federal Contract Tower,2,3,13,0,18,0,0,8,0,8,2,3,21,0,26,16,0,16,42
01/15/2016,MCN,GA,ASO,ES,Federal Contract Tower,3,4,17,0,24,0,0,0,0,0,3,4,17,0,24,0,0,0,24
01/16/2016,MCN,GA,ASO,ES,Federal Contract Tower,0,0,10,0,10,0,0,22,2,24,0,0,32,2,34,30,0,30,64
01/17/2016,MCN,GA,ASO,ES,Federal Contract Tower,0,5,7,0,12,0,0,4,0,4,0,5,11,0,16,2,0,2,18
01/18/2016,MCN,GA,ASO,ES,Federal Contract Tower,0,0,20,0,20,0,0,12,0,12,0,0,32,0,32,4,0,4,36
01/19/2016,MCN,GA,ASO,ES,Federal Contract Tower,1,3,27,4,35,0,1,19,0,20,1,4,46,4,55,8,0,8,63
01/20/2016,MCN,GA,ASO,ES,Federal Contract Tower,1,1,18,0,20,0,0,8,2,10,1,1,26,2,30,6,0,6,36
01/21/2016,MCN,GA,ASO,ES,Federal Contract Tower,0,0,22,0,22,0,0,0,0,0,0,0,22,0,22,0,0,0,22
01/22/2016,MCN,GA,ASO,ES,Federal Contract Tower,0,4,9,0,13,0,0,5,0,5,0,4,14,0,18,0,0,0,18
01/23/2016,MCN,GA,ASO,ES,Federal Contract Tower,0,0,9,0,9,0,0,0,1,1,0,0,9,1,10,0,0,0,10
01/24/2016,MCN,GA,ASO,ES,Federal Contract Tower,0,2,19,0,21,0,0,19,2,21,0,2,38,2,42,26,0,26,68
01/25/2016,MCN,GA,ASO,ES,Federal Contract Tower,0,6,8,0,14,0,0,13,0,13,0,6,21,0,27,2,0,2,29
01/26/2016,MCN,GA,ASO,ES,Federal Contract Tower,0,2,15,0,17,0,0,13,0,13,0,2,28,0,30,28,0,28,58
01/27/2016,MCN,GA,ASO,ES,Federal Contract Tower,0,0,22,0,22,0,0,2,0,2,0,0,24,0,24,0,0,0,24
01/28/2016,MCN,GA,ASO,ES,Federal Contract Tower,0,0,21,0,21,0,0,0,0,0,0,0,21,0,21,0,0,0,21
01/29/2016,MCN,GA,ASO,ES,Federal Contract Tower,2,4,23,2,31,0,0,29,12,41,2,4,52,14,72,4,0,4,76
01/30/2016,MCN,GA,ASO,ES,Federal Contract Tower,0,2,10,0,12,0,0,16,0,16,0,2,26,0,28,6,0,6,34
01/31/2016,MCN,GA,ASO,ES,Federal Contract Tower,0,3,13,0,16,0,0,4,2,6,0,3,17,2,22,2,0,2,24
02/01/2016,MCN,GA,ASO,ES,Federal Contract Tower,2,3,22,8,35,0,0,8,0,8,2,3,30,8,43,0,0,0,43
02/02/2016,MCN,GA,ASO,ES,Federal Contract Tower,0,4,24,4,32,0,0,8,0,8,0,4,32,4,40,0,0,0,40
02/03/2016,MCN,GA,ASO,ES,Federal Contract Tower,0,4,13,0,17,0,0,0,0,0,0,4,13,0,17,0,0,0,17
02/04/2016,MCN,GA,ASO,ES,Federal Contract Tower,0,4,27,2,33,0,0,37,0,37,0,4,64,2,70,28,0,28,98
02/05/2016,MCN,GA,ASO,ES,Federal Contract Tower,0,0,12,0,12,0,0,22,0,22,0,0,34,0,34,0,0,0,34
02/06/2016,MCN,GA,ASO,ES,Federal Contract Tower,0,0,13,0,13,0,0,14,0,14,0,0,27,0,27,8,0,8,35
02/07/2016,MCN,GA,ASO,ES,Federal Contract Tower,0,3,15,4,22,0,2,13,0,15,0,5,28,4,37,4,0,4,41
02/08/2016,MCN,GA,ASO,ES,Federal Contract Tower,0,2,23,0,25,0,0,11,5,16,0,2,34,5,41,0,2,2,43
02/09/2016,MCN,GA,ASO,ES,Federal Contract Tower,0,0,17,0,17,0,0,11,0,11,0,0,28,0,28,0,0,0,28
02/10/2016,MCN,GA,ASO,ES,Federal Contract Tower,1,0,18,0,19,0,0,19,0,19,1,0,37,0,38,4,0,4,42
02/11/2016,MCN,GA,ASO,ES,Federal Contract Tower,0,4,25,0,29,0,1,14,0,15,0,5,39,0,44,2,0,2,46
02/12/2016,MCN,GA,ASO,ES,Federal Contract Tower,0,3,24,2,29,0,0,9,0,9,0,3,33,2,38,2,0,2,40
02/13/2016,MCN,GA,ASO,ES,Federal Contract Tower,0,2,10,0,12,0,0,12,0,12,0,2,22,0,24,12,0,12,36
02/14/2016,MCN,GA,ASO,ES,Federal Contract Tower,0,2,10,0,12,0,0,10,0,10,0,2,20,0,22,0,0,0,22
02/15/2016,MCN,GA,ASO,ES,Federal Contract Tower,0,2,17,0,19,0,0,5,0,5,0,2,22,0,24,0,0,0,24
02/16/2016,MCN,GA,ASO,ES,Federal Contract Tower,2,2,16,0,20,0,0,18,0,18,2,2,34,0,38,18,0,18,56
02/17/2016,MCN,GA,ASO,ES,Federal Contract Tower,0,0,17,4,21,0,0,19,0,19,0,0,36,4,40,6,0,6,46
02/18/2016,MCN,GA,ASO,ES,Federal Contract Tower,0,0,13,0,13,0,0,17,0,17,0,0,30,0,30,0,0,0,30
02/19/2016,MCN,GA,ASO,ES,Federal Contract Tower,0,0,17,2,19,0,0,23,0,23,0,0,40,2,42,0,0,0,42
02/20/2016,MCN,GA,ASO,ES,Federal Contract Tower,0,2,25,2,29,0,6,27,2,35,0,8,52,4,64,30,0,30,94
02/21/2016,MCN,GA,ASO,ES,Federal Contract Tower,0,1,11,0,12,0,0,11,0,11,0,1,22,0,23,2,0,2,25
02/22/2016,MCN,GA,ASO,ES,Federal Contract Tower,0,0,13,2,15,0,0,0,2,2,0,0,13,4,17,0,0,0,17
02/23/2016,MCN,GA,ASO,ES,Federal Contract Tower,0,0,11,0,11,0,0,1,0,1,0,0,12,0,12,0,0,0,12
02/24/2016,MCN,GA,ASO,ES,Federal Contract Tower,0,2,10,2,14,0,0,1,0,1,0,2,11,2,15,2,0,2,17
02/25/2016,MCN,GA,ASO,ES,Federal Contract Tower,0,1,20,0,21,0,0,13,0,13,0,1,33,0,34,2,0,2,36
02/26/2016,MCN,GA,ASO,ES,Federal Contract Tower,0,1,28,12,41,0,0,26,6,32,0,1,54,18,73,8,0,8,81
02/27/2016,MCN,GA,ASO,ES,Federal Contract Tower,1,8,17,0,26,0,0,33,2,35,1,8,50,2,61,20,0,20,81
02/28/2016,MCN,GA,ASO,ES,Federal Contract Tower,0,3,35,4,42,0,0,32,3,35,0,3,67,7,77,20,0,20,97
02/29/2016,MCN,GA,ASO,ES,Federal Contract Tower,0,0,11,0,11,0,0,7,0,7,0,0,18,0,18,0,0,0,18
03/01/2016,MCN,GA,ASO,ES,Federal Contract Tower,0,0,19,2,21,0,0,18,2,20,0,0,37,4,41,24,0,24,65
03/02/2016,MCN,GA,ASO,ES,Federal Contract Tower,0,2,13,0,15,0,0,13,3,16,0,2,26,3,31,6,0,6,37
03/03/2016,MCN,GA,ASO,ES,Federal Contract Tower,4,2,15,0,21,0,0,13,0,13,4,2,28,0,34,0,0,0,34
03/04/2016,MCN,GA,ASO,ES,Federal Contract Tower,1,2,22,0,25,0,0,8,0,8,1,2,30,0,33,0,0,0,33
03/05/2016,MCN,GA,ASO,ES,Federal Contract Tower,1,5,10,0,16,0,0,18,0,18,1,5,28,0,34,2,0,2,36
03/06/2016,MCN,GA,ASO,ES,Federal Contract Tower,0,0,9,0,9,0,0,11,0,11,0,0,20,0,20,0,0,0,20
03/07/2016,MCN,GA,ASO,ES,Federal Contract Tower,0,3,13,2,18,0,0,20,2,22,0,3,33,4,40,12,2,14,54
03/08/2016,MCN,GA,ASO,ES,Federal Contract Tower,0,5,16,0,21,0,0,14,0,14,0,5,30,0,35,4,0,4,39
03/09/2016,MCN,GA,ASO,ES,Federal Contract Tower,0,4,14,0,18,0,0,15,0,15,0,4,29,0,33,0,0,0,33
03/10/2016,MCN,GA,ASO,ES,Federal Contract Tower,0,2,20,0,22,0,0,13,0,13,0,2,33,0,35,0,0,0,35
03/11/2016,MCN,GA,ASO,ES,Federal Contract Tower,0,0,20,6,26,0,0,23,2,25,0,0,43,8,51,0,0,0,51
03/12/2016,MCN,GA,ASO,ES,Federal Contract Tower,0,1,4,0,5,0,0,29,0,29,0,1,33,0,34,28,0,28,62
03/13/2016,MCN,GA,ASO,ES,Federal Contract Tower,0,0,12,6,18,0,0,5,8,13,0,0,17,14,31,0,0,0,31
03/14/2016,MCN,GA,ASO,ES,Federal Contract Tower,0,0,24,0,24,0,0,11,0,11,0,0,35,0,35,12,0,12,47
03/15/2016,MCN,GA,ASO,ES,Federal Contract Tower,0,0,13,0,13,0,0,24,2,26,0,0,37,2,39,20,0,20,59
03/16/2016,MCN,GA,ASO,ES,Federal Contract Tower,0,0,24,0,24,0,0,17,0,17,0,0,41,0,41,0,0,0,41
03/17/2016,MCN,GA,ASO,ES,Federal Contract Tower,0,1,18,0,19,0,0,25,4,29,0,1,43,4,48,12,0,12,60
03/18/2016,MCN,GA,ASO,ES,Federal Contract Tower,0,0,19,11,30,0,0,15,2,17,0,0,34,13,47,6,0,6,53
03/19/2016,MCN,GA,ASO,ES,Federal Contract Tower,0,0,6,0,6,0,0,10,1,11,0,0,16,1,17,4,0,4,21
03/20/2016,MCN,GA,ASO,ES,Federal Contract Tower,0,6,19,9,34,0,0,14,2,16,0,6,33,11,50,2,0,2,52
03/21/2016,MCN,GA,ASO,ES,Federal Contract Tower,0,0,21,4,25,0,0,17,0,17,0,0,38,4,42,2,0,2,44
03/22/2016,MCN,GA,ASO,ES,Federal Contract Tower,0,0,18,0,18,0,0,31,0,31,0,0,49,0,49,10,0,10,59
03/23/2016,MCN,GA,ASO,ES,Federal Contract Tower,0,0,21,0,21,0,0,18,0,18,0,0,39,0,39,0,0,0,39
03/24/2016,MCN,GA,ASO,ES,Federal Contract Tower,2,3,18,2,25,0,0,10,0,10,2,3,28,2,35,6,0,6,41
03/25/2016,MCN,GA,ASO,ES,Federal Contract Tower,0,0,21,1,22,0,0,2,0,2,0,0,23,1,24,0,4,4,28
03/26/2016,MCN,GA,ASO,ES,Federal Contract Tower,0,2,11,0,13,0,0,0,0,0,0,2,11,0,13,0,0,0,13
03/27/2016,MCN,GA,ASO,ES,Federal Contract Tower,0,2,6,1,9,0,0,0,0,0,0,2,6,1,9,0,0,0,9
03/28/2016,MCN,GA,ASO,ES,Federal Contract Tower,0,2,25,0,27,0,0,18,2,20,0,2,43,2,47,6,0,6,53
03/29/2016,MCN,GA,ASO,ES,Federal Contract Tower,0,4,27,0,31,0,0,28,0,28,0,4,55,0,59,10,0,10,69
03/30/2016,MCN,GA,ASO,ES,Federal Contract Tower,0,2,31,0,33,0,0,30,2,32,0,2,61,2,65,8,0,8,73
03/31/2016,MCN,GA,ASO,ES,Federal Contract Tower,0,0,23,0,23,0,0,1,2,3,0,0,24,2,26,0,0,0,26
04/01/2016,MCN,GA,ASO,ES,Federal Contract Tower,3,0,11,0,14,0,0,0,0,0,3,0,11,0,14,0,0,0,14
04/02/2016,MCN,GA,ASO,ES,Federal Contract Tower,1,0,22,6,29,0,0,18,6,24,1,0,40,12,53,6,0,6,59
04/03/2016,MCN,GA,ASO,ES,Federal Contract Tower,0,6,21,0,27,0,0,20,14,34,0,6,41,14,61,6,0,6,67
04/04/2016,MCN,GA,ASO,ES,Federal Contract Tower,0,5,13,19,37,0,0,16,10,26,0,5,29,29,63,6,0,6,69
04/05/2016,MCN,GA,ASO,ES,Federal Contract Tower,0,0,11,4,15,0,0,14,5,19,0,0,25,9,34,0,0,0,34
04/06/2016,MCN,GA,ASO,ES,Federal Contract Tower,0,3,18,0,21,0,0,15,0,15,0,3,33,0,36,2,0,2,38
04/07/2016,MCN,GA,ASO,ES,Federal Contract Tower,0,5,16,0,21,0,1,12,0,13,0,6,28,0,34,2,0,2,36
04/08/2016,MCN,GA,ASO,ES,Federal Contract Tower,0,0,24,1,25,0,0,17,1,18,0,0,41,2,43,0,0,0,43
04/09/2016,MCN,GA,ASO,ES,Federal Contract Tower,0,2,18,4,24,0,0,15,1,16,0,2,33,5,40,0,10,10,50
04/10/2016,MCN,GA,ASO,ES,Federal Contract Tower,0,2,12,1,15,0,0,16,1,17,0,2,28,2,32,18,2,20,52
04/11/2016,MCN,GA,ASO,ES,Federal Contract Tower,0,0,15,4,19,0,0,21,2,23,0,0,36,6,42,8,0,8,50
04/12/2016,MCN,GA,ASO,ES,Federal Contract Tower,1,1,7,0,9,0,0,6,0,6,1,1,13,0,15,2,0,2,17
04/13/2016,MCN,GA,ASO,ES,Federal Contract Tower,1,6,28,0,35,0,0,3,0,3,1,6,31,0,38,0,0,0,38
04/14/2016,MCN,GA,ASO,ES,Federal Contract Tower,0,0,31,0,31,0,0,11,0,11,0,0,42,0,42,16,0,16,58
04/15/2016,MCN,GA,ASO,ES,Federal Contract Tower,0,3,20,0,23,0,0,1,0,1,0,3,21,0,24,0,0,0,24
04/16/2016,MCN,GA,ASO,ES,Federal Contract Tower,0,0,12,0,12,0,0,8,0,8,0,0,20,0,20,4,0,4,24
04/17/2016,MCN,GA,ASO,ES,Federal Contract Tower,0,2,13,0,15,0,0,32,0,32,0,2,45,0,47,6,0,6,53
04/18/2016,MCN,GA,ASO,ES,Federal Contract Tower,0,0,16,0,16,0,0,28,0,28,0,0,44,0,44,24,0,24,68
04/19/2016,MCN,GA,ASO,ES,Federal Contract Tower,3,0,6,0,9,0,0,18,0,18,3,0,24,0,27,10,0,10,37
04/20/2016,MCN,GA,ASO,ES,Federal Contract Tower,1,1,22,0,24,0,0,11,2,13,1,1,33,2,37,0,2,2,39
04/21/2016,MCN,GA,ASO,ES,Federal Contract Tower,1,5,26,0,32,0,0,15,0,15,1,5,41,0,47,0,0,0,47
04/22/2016,MCN,GA,ASO,ES,Federal Contract Tower,1,0,15,0,16,0,0,6,0,6,1,0,21,0,22,0,0,0,22
04/23/2016,MCN,GA,ASO,ES,Federal Contract Tower,1,2,16,2,21,0,0,25,0,25,1,2,41,2,46,16,0,16,62
04/24/2016,MCN,GA,ASO,ES,Federal Contract Tower,0,4,10,0,14,0,0,15,0,15,0,4,25,0,29,2,0,2,31
04/25/2016,MCN,GA,ASO,ES,Federal Contract Tower,0,0,17,0,17,0,0,6,0,6,0,0,23,0,23,0,0,0,23
04/26/2016,MCN,GA,ASO,ES,Federal Contract Tower,0,0,24,0,24,0,0,8,0,8,0,0,32,0,32,0,0,0,32
04/27/2016,MCN,GA,ASO,ES,Federal Contract Tower,0,0,16,7,23,0,0,17,7,24,0,0,33,14,47,14,0,14,61
04/28/2016,MCN,GA,ASO,ES,Federal Contract Tower,2,0,19,0,21,0,0,10,0,10,2,0,29,0,31,6,0,6,37
04/29/2016,MCN,GA,ASO,ES,Federal Contract Tower,0,3,25,0,28,0,1,23,0,24,0,4,48,0,52,18,0,18,70
04/30/2016,MCN,GA,ASO,ES,Federal Contract Tower,2,0,12,0,14,0,0,29,0,29,2,0,41,0,43,10,0,10,53
05/01/2016,MCN,GA,ASO,ES,Federal Contract Tower,2,5,12,0,19,0,0,10,0,10,2,5,22,0,29,0,0,0,29
05/02/2016,MCN,GA,ASO,ES,Federal Contract Tower,0,0,16,0,16,0,0,6,0,6,0,0,22,0,22,0,0,0,22
05/03/2016,MCN,GA,ASO,ES,Federal Contract Tower,0,0,12,0,12,0,0,5,0,5,0,0,17,0,17,0,0,0,17
05/04/2016,MCN,GA,ASO,ES,Federal Contract Tower,0,2,16,0,18,0,1,12,0,13,0,3,28,0,31,2,0,2,33
05/05/2016,MCN,GA,ASO,ES,Federal Contract Tower,5,0,17,0,22,0,0,11,0,11,5,0,28,0,33,2,0,2,35
05/06/2016,MCN,GA,ASO,ES,Federal Contract Tower,6,0,16,3,25,0,0,20,0,20,6,0,36,3,45,4,0,4,49
05/07/2016,MCN,GA,ASO,ES,Federal Contract Tower,2,4,13,0,19,0,0,34,0,34,2,4,47,0,53,6,0,6,59
05/08/2016,MCN,GA,ASO,ES,Federal Contract Tower,3,3,21,0,27,0,0,16,0,16,3,3,37,0,43,18,0,18,61
05/09/2016,MCN,GA,ASO,ES,Federal Contract Tower,0,0,14,2,16,0,0,13,0,13,0,0,27,2,29,0,0,0,29
05/10/2016,MCN,GA,ASO,ES,Federal Contract Tower,0,1,26,4,31,0,0,25,0,25,0,1,51,4,56,22,0,22,78
05/11/2016,MCN,GA,ASO,ES,Federal Contract Tower,0,0,23,0,23,0,0,19,0,19,0,0,42,0,42,6,0,6,48
05/12/2016,MCN,GA,ASO,ES,Federal Contract Tower,0,1,17,0,18,0,0,33,0,33,0,1,50,0,51,0,0,0,51
05/13/2016,MCN,GA,ASO,ES,Federal Contract Tower,2,0,22,5,29,0,0,7,1,8,2,0,29,6,37,4,0,4,41
05/14/2016,MCN,GA,ASO,ES,Federal Contract Tower,0,0,8,0,8,0,0,40,0,40,0,0,48,0,48,20,0,20,68
05/15/2016,MCN,GA,ASO,ES,Federal Contract Tower,0,0,19,0,19,0,0,24,0,24,0,0,43,0,43,2,0,2,45
05/16/2016,MCN,GA,ASO,ES,Federal Contract Tower,0,2,17,0,19,0,0,15,0,15,0,2,32,0,34,20,0,20,54
05/17/2016,MCN,GA,ASO,ES,Federal Contract Tower,0,2,5,0,7,0,0,0,0,0,0,2,5,0,7,0,0,0,7
05/18/2016,MCN,GA,ASO,ES,Federal Contract Tower,0,0,18,0,18,0,0,3,0,3,0,0,21,0,21,6,0,6,27
05/19/2016,MCN,GA,ASO,ES,Federal Contract Tower,0,0,20,0,20,0,0,6,0,6,0,0,26,0,26,0,0,0,26
05/20/2016,MCN,GA,ASO,ES,Federal Contract Tower,0,0,7,4,11,0,0,0,3,3,0,0,7,7,14,0,0,0,14
05/21/2016,MCN,GA,ASO,ES,Federal Contract Tower,0,4,11,0,15,0,0,5,0,5,0,4,16,0,20,0,0,0,20
05/22/2016,MCN,GA,ASO,ES,Federal Contract Tower,0,0,11,0,11,0,0,19,0,19,0,0,30,0,30,4,0,4,34
05/23/2016,MCN,GA,ASO,ES,Federal Contract Tower,2,0,16,2,20,0,0,20,0,20,2,0,36,2,40,2,0,2,42
05/24/2016,MCN,GA,ASO,ES,Federal Contract Tower,0,4,16,4,24,0,0,12,2,14,0,4,28,6,38,4,0,4,42
05/25/2016,MCN,GA,ASO,ES,Federal Contract Tower,0,0,27,0,27,0,0,11,0,11,0,0,38,0,38,10,0,10,48
05/26/2016,MCN,GA,ASO,ES,Federal Contract Tower,0,4,15,6,25,0,0,28,4,32,0,4,43,10,57,2,0,2,59
05/27/2016,MCN,GA,ASO,ES,Federal Contract Tower,0,2,24,2,28,0,0,24,0,24,0,2,48,2,52,22,0,22,74
05/28/2016,MCN,GA,ASO,ES,Federal Contract Tower,0,0,1,0,1,0,0,28,0,28,0,0,29,0,29,6,0,6,35
05/29/2016,MCN,GA,ASO,ES,Federal Contract Tower,0,3,8,0,11,0,0,5,0,5,0,3,13,0,16,2,0,2,18
05/30/2016,MCN,GA,ASO,ES,Federal Contract Tower,3,0,12,0,15,0,0,20,0,20,3,0,32,0,35,20,0,20,55
05/31/2016,MCN,GA,ASO,ES,Federal Contract Tower,0,0,24,4,28,0,0,27,2,29,0,0,51,6,57,0,0,0,57
06/01/2016,MCN,GA,ASO,ES,Federal Contract Tower,0,2,18,0,20,0,0,15,0,15,0,2,33,0,35,6,0,6,41
06/02/2016,MCN,GA,ASO,ES,Federal Contract Tower,0,2,20,0,22,0,0,19,0,19,0,2,39,0,41,2,0,2,43
06/03/2016,MCN,GA,ASO,ES,Federal Contract Tower,0,0,19,4,23,0,0,12,1,13,0,0,31,5,36,2,0,2,38
06/04/2016,MCN,GA,ASO,ES,Federal Contract Tower,0,6,17,4,27,0,2,8,1,11,0,8,25,5,38,10,0,10,48
06/05/2016,MCN,GA,ASO,ES,Federal Contract Tower,0,2,7,8,17,0,0,4,2,6,0,2,11,10,23,0,0,0,23
06/06/2016,MCN,GA,ASO,ES,Federal Contract Tower,0,2,27,0,29,0,0,0,0,0,0,2,27,0,29,0,0,0,29
06/07/2016,MCN,GA,ASO,ES,Federal Contract Tower,2,2,5,0,9,0,0,14,0,14,2,2,19,0,23,8,0,8,31
06/08/2016,MCN,GA,ASO,ES,Federal Contract Tower,1,0,24,0,25,0,0,22,2,24,1,0,46,2,49,30,0,30,79
06/09/2016,MCN,GA,ASO,ES,Federal Contract Tower,0,1,23,0,24,0,0,32,2,34,0,1,55,2,58,2,0,2,60
06/10/2016,MCN,GA,ASO,ES,Federal Contract Tower,0,1,28,14,43,0,0,15,3,18,0,1,43,17,61,6,0,6,67
06/11/2016,MCN,GA,ASO,ES,Federal Contract Tower,0,4,11,0,15,0,0,9,0,9,0,4,20,0,24,2,0,2,26
06/12/2016,MCN,GA,ASO,ES,Federal Contract Tower,2,0,14,0,16,0,0,8,2,10,2,0,22,2,26,0,0,0,26
06/13/2016,MCN,GA,ASO,ES,Federal Contract Tower,0,0,14,2,16,0,0,19,3,22,0,0,33,5,38,2,0,2,40
06/14/2016,MCN,GA,ASO,ES,Federal Contract Tower,0,2,18,2,22,0,0,9,0,9,0,2,27,2,31,14,0,14,45
06/15/2016,MCN,GA,ASO,ES,Federal Contract Tower,2,1,19,0,22,0,0,10,0,10,2,1,29,0,32,0,0,0,32
06/16/2016,MCN,GA,ASO,ES,Federal Contract Tower,1,0,15,1,17,0,0,6,1,7,1,0,21,2,24,2,0,2,26
06/17/2016,MCN,GA,ASO,ES,Federal Contract Tower,0,1,22,23,46,0,0,19,0,19,0,1,41,23,65,4,0,4,69
06/18/2016,MCN,GA,ASO,ES,Federal Contract Tower,0,0,17,0,17,0,0,1,0,1,0,0,18,0,18,0,0,0,18
06/19/2016,MCN,GA,ASO,ES,Federal Contract Tower,0,3,22,3,28,0,0,11,1,12,0,3,33,4,40,0,0,0,40
06/20/2016,MCN,GA,ASO,ES,Federal Contract Tower,0,0,18,0,18,0,0,18,1,19,0,0,36,1,37,0,0,0,37
06/21/2016,MCN,GA,ASO,ES,Federal Contract Tower,0,0,20,2,22,0,0,14,0,14,0,0,34,2,36,28,0,28,64
06/22/2016,MCN,GA,ASO,ES,Federal Contract Tower,0,2,25,2,29,0,0,12,0,12,0,2,37,2,41,2,0,2,43
06/23/2016,MCN,GA,ASO,ES,Federal Contract Tower,0,0,13,0,13,0,0,24,0,24,0,0,37,0,37,2,0,2,39
06/24/2016,MCN,GA,ASO,ES,Federal Contract Tower,0,0,15,0,15,0,0,8,0,8,0,0,23,0,23,6,0,6,29
06/25/2016,MCN,GA,ASO,ES,Federal Contract Tower,0,4,13,0,17,0,0,10,0,10,0,4,23,0,27,0,0,0,27
06/26/2016,MCN,GA,ASO,ES,Federal Contract Tower,0,1,7,0,8,0,0,5,0,5,0,1,12,0,13,0,0,0,13
06/27/2016,MCN,GA,ASO,ES,Federal Contract Tower,0,2,15,0,17,0,0,10,0,10,0,2,25,0,27,14,0,14,41
06/28/2016,MCN,GA,ASO,ES,Federal Contract Tower,0,0,13,0,13,0,0,8,0,8,0,0,21,0,21,0,0,0,21
06/29/2016,MCN,GA,ASO,ES,Federal Contract Tower,2,2,17,0,21,0,0,9,0,9,2,2,26,0,30,0,0,0,30
06/30/2016,MCN,GA,ASO,ES,Federal Contract Tower,1,0,23,0,24,0,0,14,0,14,1,0,37,0,38,6,0,6,44
07/01/2016,MCN,GA,ASO,ES,Federal Contract Tower,1,3,23,0,27,0,0,10,0,10,1,3,33,0,37,0,0,0,37
07/02/2016,MCN,GA,ASO,ES,Federal Contract Tower,0,1,4,0,5,0,0,3,0,3,0,1,7,0,8,0,0,0,8
07/03/2016,MCN,GA,ASO,ES,Federal Contract Tower,0,0,6,0,6,0,0,4,0,4,0,0,10,0,10,0,0,0,10
07/04/2016,MCN,GA,ASO,ES,Federal Contract Tower,0,2,8,0,10,0,0,6,0,6,0,2,14,0,16,0,0,0,16
07/05/2016,MCN,GA,ASO,ES,Federal Contract Tower,1,0,14,2,17,0,0,8,0,8,1,0,22,2,25,0,0,0,25
07/06/2016,MCN,GA,ASO,ES,Federal Contract Tower,0,2,13,0,15,0,0,6,0,6,0,2,19,0,21,0,0,0,21
07/07/2016,MCN,GA,ASO,ES,Federal Contract Tower,0,0,18,2,20,0,0,14,0,14,0,0,32,2,34,10,0,10,44
07/08/2016,MCN,GA,ASO,ES,Federal Contract Tower,0,2,14,0,16,0,0,9,0,9,0,2,23,0,25,0,0,0,25
07/09/2016,MCN,GA,ASO,ES,Federal Contract Tower,2,0,8,0,10,0,0,6,0,6,2,0,14,0,16,0,0,0,16
07/10/2016,MCN,GA,ASO,ES,Federal Contract Tower,1,0,17,0,18,0,0,5,2,7,1,0,22,2,25,0,0,0,25
07/11/2016,MCN,GA,ASO,ES,Federal Contract Tower,0,6,21,0,27,0,0,12,0,12,0,6,33,0,39,0,0,0,39
07/12/2016,MCN,GA,ASO,ES,Federal Contract Tower,1,2,20,0,23,0,0,7,0,7,1,2,27,0,30,0,0,0,30
07/13/2016,MCN,GA,ASO,ES,Federal Contract Tower,0,0,28,0,28,0,0,23,2,25,0,0,51,2,53,18,0,18,71
07/14/2016,MCN,GA,ASO,ES,Federal Contract Tower,0,2,13,0,15,0,2,18,0,20,0,4,31,0,35,8,0,8,43
07/15/2016,MCN,GA,ASO,ES,Federal Contract Tower,0,6,24,0,30,0,0,21,0,21,0,6,45,0,51,2,0,2,53
07/16/2016,MCN,GA,ASO,ES,Federal Contract Tower,0,1,4,0,5,0,0,24,0,24,0,1,28,0,29,0,0,0,29
07/17/2016,MCN,GA,ASO,ES,Federal Contract Tower,0,5,12,0,17,0,0,7,0,7,0,5,19,0,24,8,0,8,32
07/18/2016,MCN,GA,ASO,ES,Federal Contract Tower,0,1,11,4,16,0,0,8,0,8,0,1,19,4,24,0,0,0,24
07/19/2016,MCN,GA,ASO,ES,Federal Contract Tower,0,0,24,0,24,0,0,13,0,13,0,0,37,0,37,0,0,0,37
07/20/2016,MCN,GA,ASO,ES,Federal Contract Tower,5,2,12,0,19,0,0,19,0,19,5,2,31,0,38,2,0,2,40
07/21/2016,MCN,GA,ASO,ES,Federal Contract Tower,0,5,14,0,19,0,0,13,0,13,0,5,27,0,32,0,0,0,32
07/22/2016,MCN,GA,ASO,ES,Federal Contract Tower,0,0,18,6,24,0,0,6,0,6,0,0,24,6,30,0,0,0,30
07/23/2016,MCN,GA,ASO,ES,Federal Contract Tower,0,1,2,5,8,0,0,13,3,16,0,1,15,8,24,2,4,6,30
07/24/2016,MCN,GA,ASO,ES,Federal Contract Tower,0,5,13,3,21,0,0,9,2,11,0,5,22,5,32,0,0,0,32
07/25/2016,MCN,GA,ASO,ES,Federal Contract Tower,0,2,18,0,20,0,0,10,0,10,0,2,28,0,30,0,0,0,30
07/26/2016,MCN,GA,ASO,ES,Federal Contract Tower,0,0,16,0,16,0,0,7,0,7,0,0,23,0,23,0,0,0,23
07/27/2016,MCN,GA,ASO,ES,Federal Contract Tower,0,5,14,5,24,0,0,17,2,19,0,5,31,7,43,4,0,4,47
07/28/2016,MCN,GA,ASO,ES,Federal Contract Tower,0,0,23,0,23,0,0,20,0,20,0,0,43,0,43,2,0,2,45
07/29/2016,MCN,GA,ASO,ES,Federal Contract Tower,0,6,12,10,28,0,0,21,3,24,0,6,33,13,52,2,0,2,54
07/30/2016,MCN,GA,ASO,ES,Federal Contract Tower,0,4,7,0,11,0,0,13,0,13,0,4,20,0,24,4,0,4,28
07/31/2016,MCN,GA,ASO,ES,Federal Contract Tower,0,0,6,1,7,0,0,10,1,11,0,0,16,2,18,4,0,4,22
08/01/2016,MCN,GA,ASO,ES,Federal Contract Tower,0,0,6,0,6,0,0,4,0,4,0,0,10,0,10,0,0,0,10
08/02/2016,MCN,GA,ASO,ES,Federal Contract Tower,0,6,11,2,19,0,0,6,0,6,0,6,17,2,25,2,0,2,27
08/03/2016,MCN,GA,ASO,ES,Federal Contract Tower,0,2,18,2,22,0,0,8,1,9,0,2,26,3,31,0,0,0,31
08/04/2016,MCN,GA,ASO,ES,Federal Contract Tower,0,2,25,2,29,0,0,5,5,10,0,2,30,7,39,2,0,2,41
08/05/2016,MCN,GA,ASO,ES,Federal Contract Tower,1,3,21,0,25,0,0,4,1,5,1,3,25,1,30,0,0,0,30
08/06/2016,MCN,GA,ASO,ES,Federal Contract Tower,0,2,7,0,9,0,2,12,0,14,0,4,19,0,23,4,0,4,27
08/07/2016,MCN,GA,ASO,ES,Federal Contract Tower,0,1,13,0,14,0,0,7,1,8,0,1,20,1,22,6,0,6,28
08/08/2016,MCN,GA,ASO,ES,Federal Contract Tower,0,2,11,0,13,0,0,0,4,4,0,2,11,4,17,0,0,0,17
08/09/2016,MCN,GA,ASO,ES,Federal Contract Tower,0,2,10,6,18,0,0,12,3,15,0,2,22,9,33,0,2,2,35
08/10/2016,MCN,GA,ASO,ES,Federal Contract Tower,0,3,16,10,29,0,0,4,0,4,0,3,20,10,33,0,0,0,33
08/11/2016,MCN,GA,ASO,ES,Federal Contract Tower,0,2,18,0,20,0,8,11,0,19,0,10,29,0,39,0,0,0,39
08/12/2016,MCN,GA,ASO,ES,Federal Contract Tower,0,2,22,12,36,0,0,18,0,18,0,2,40,12,54,38,0,38,92
08/13/2016,MCN,GA,ASO,ES,Federal Contract Tower,0,1,16,0,17,0,0,8,0,8,0,1,24,0,25,6,0,6,31
08/14/2016,MCN,GA,ASO,ES,Federal Contract Tower,2,6,16,4,28,0,0,18,2,20,2,6,34,6,48,16,0,16,64
08/15/2016,MCN,GA,ASO,ES,Federal Contract Tower,1,0,15,2,18,0,0,14,0,14,1,0,29,2,32,4,0,4,36
08/16/2016,MCN,GA,ASO,ES,Federal Contract Tower,0,0,19,0,19,0,0,0,0,0,0,0,19,0,19,0,0,0,19
08/17/2016,MCN,GA,ASO,ES,Federal Contract Tower,0,2,19,2,23,0,0,11,0,11,0,2,30,2,34,10,0,10,44
08/18/2016,MCN,GA,ASO,ES,Federal Contract Tower,1,1,15,0,17,0,5,11,2,18,1,6,26,2,35,8,0,8,43
08/19/2016,MCN,GA,ASO,ES,Federal Contract Tower,0,2,23,0,25,0,0,9,0,9,0,2,32,0,34,6,0,6,40
08/20/2016,MCN,GA,ASO,ES,Federal Contract Tower,1,0,11,9,21,0,0,9,5,14,1,0,20,14,35,14,4,18,53
08/21/2016,MCN,GA,ASO,ES,Federal Contract Tower,1,3,3,0,7,0,0,13,2,15,1,3,16,2,22,4,0,4,26
08/22/2016,MCN,GA,ASO,ES,Federal Contract Tower,0,0,20,6,26,0,0,16,0,16,0,0,36,6,42,24,0,24,66
08/23/2016,MCN,GA,ASO,ES,Federal Contract Tower,0,0,7,0,7,0,0,2,0,2,0,0,9,0,9,0,0,0,9
08/24/2016,MCN,GA,ASO,ES,Federal Contract Tower,0,5,27,4,36,0,0,12,0,12,0,5,39,4,48,0,0,0,48
08/25/2016,MCN,GA,ASO,ES,Federal Contract Tower,0,1,11,0,12,0,1,14,0,15,0,2,25,0,27,10,0,10,37
08/26/2016,MCN,GA,ASO,ES,Federal Contract Tower,2,0,20,9,31,0,0,19,5,24,2,0,39,14,55,10,0,10,65
08/27/2016,MCN,GA,ASO,ES,Federal Contract Tower,0,4,7,18,29,0,0,32,5,37,0,4,39,23,66,2,2,4,70
08/28/2016,MCN,GA,ASO,ES,Federal Contract Tower,0,1,14,13,28,0,0,20,1,21,0,1,34,14,49,8,0,8,57
08/29/2016,MCN,GA,ASO,ES,Federal Contract Tower,4,3,17,2,26,0,0,3,0,3,4,3,20,2,29,0,0,0,29
08/30/2016,MCN,GA,ASO,ES,Federal Contract Tower,0,4,27,0,31,0,0,14,2,16,0,4,41,2,47,2,0,2,49
08/31/2016,MCN,GA,ASO,ES,Federal Contract Tower,0,0,12,0,12,0,0,15,0,15,0,0,27,0,27,2,0,2,29
09/01/2016,MCN,GA,ASO,ES,Federal Contract Tower,0,0,25,0,25,0,0,5,0,5,0,0,30,0,30,0,0,0,30
09/02/2016,MCN,GA,ASO,ES,Federal Contract Tower,0,1,6,0,7,0,0,2,0,2,0,1,8,0,9,0,0,0,9
09/03/2016,MCN,GA,ASO,ES,Federal Contract Tower,0,0,3,0,3,0,0,14,0,14,0,0,17,0,17,0,0,0,17
09/04/2016,MCN,GA,ASO,ES,Federal Contract Tower,0,3,5,0,8,0,0,7,0,7,0,3,12,0,15,0,0,0,15
09/05/2016,MCN,GA,ASO,ES,Federal Contract Tower,0,1,33,0,34,0,0,17,0,17,0,1,50,0,51,2,0,2,53
09/06/2016,MCN,GA,ASO,ES,Federal Contract Tower,0,2,8,1,11,0,0,17,1,18,0,2,25,2,29,22,0,22,51
09/07/2016,MCN,GA,ASO,ES,Federal Contract Tower,1,2,24,0,27,0,0,21,0,21,1,2,45,0,48,14,0,14,62
09/08/2016,MCN,GA,ASO,ES,Federal Contract Tower,0,0,20,1,21,0,0,10,1,11,0,0,30,2,32,0,0,0,32
09/09/2016,MCN,GA,ASO,ES,Federal Contract Tower,0,3,18,0,21,0,0,14,0,14,0,3,32,0,35,6,0,6,41
09/10/2016,MCN,GA,ASO,ES,Federal Contract Tower,0,5,13,6,24,0,9,12,0,21,0,14,25,6,45,8,0,8,53
09/11/2016,MCN,GA,ASO,ES,Federal Contract Tower,0,6,6,0,12,0,3,9,4,16,0,9,15,4,28,0,0,0,28
09/12/2016,MCN,GA,ASO,ES,Federal Contract Tower,0,1,17,0,18,0,0,4,0,4,0,1,21,0,22,2,0,2,24
09/13/2016,MCN,GA,ASO,ES,Federal Contract Tower,0,2,25,0,27,0,0,5,2,7,0,2,30,2,34,0,0,0,34
09/14/2016,MCN,GA,ASO,ES,Federal Contract Tower,0,0,15,0,15,0,0,6,0,6,0,0,21,0,21,0,0,0,21
09/15/2016,MCN,GA,ASO,ES,Federal Contract Tower,0,4,15,0,19,0,0,16,0,16,0,4,31,0,35,6,0,6,41
09/16/2016,MCN,GA,ASO,ES,Federal Contract Tower,0,5,27,7,39,0,0,12,13,25,0,5,39,20,64,0,0,0,64
09/17/2016,MCN,GA,ASO,ES,Federal Contract Tower,1,2,12,0,15,0,0,18,0,18,1,2,30,0,33,12,0,12,45
09/18/2016,MCN,GA,ASO,ES,Federal Contract Tower,0,6,20,5,31,0,0,10,1,11,0,6,30,6,42,10,0,10,52
09/19/2016,MCN,GA,ASO,ES,Federal Contract Tower,1,2,12,0,15,0,0,15,0,15,1,2,27,0,30,16,0,16,46
09/20/2016,MCN,GA,ASO,ES,Federal Contract Tower,3,0,11,6,20,0,0,17,0,17,3,0,28,6,37,0,0,0,37
09/21/2016,MCN,GA,ASO,ES,Federal Contract Tower,0,1,21,0,22,0,0,14,0,14,0,1,35,0,36,16,0,16,52
09/23/2016,MCN,GA,ASO,ES,Federal Contract Tower,0,2,19,0,21,0,0,10,0,10,0,2,29,0,31,2,0,2,33
09/24/2016,MCN,GA,ASO,ES,Federal Contract Tower,2,0,11,6,19,0,0,18,0,18,2,0,29,6,37,10,0,10,47
09/25/2016,MCN,GA,ASO,ES,Federal Contract Tower,2,2,21,3,28,0,0,13,1,14,2,2,34,4,42,6,0,6,48
09/26/2016,MCN,GA,ASO,ES,Federal Contract Tower,0,1,9,0,10,0,0,5,0,5,0,1,14,0,15,2,0,2,17
09/27/2016,MCN,GA,ASO,ES,Federal Contract Tower,0,1,19,0,20,0,0,15,0,15,0,1,34,0,35,14,0,14,49
09/28/2016,MCN,GA,ASO,ES,Federal Contract Tower,0,1,13,0,14,0,0,12,0,12,0,1,25,0,26,2,0,2,28
09/29/2016,MCN,GA,ASO,ES,Federal Contract Tower,0,0,33,0,33,0,0,16,0,16,0,0,49,0,49,4,0,4,53
09/30/2016,MCN,GA,ASO,ES,Federal Contract Tower,2,0,20,0,22,0,0,8,0,8,2,0,28,0,30,0,0,0,30
10/01/2016,MCN,GA,ASO,ES,Federal Contract Tower,1,1,4,0,6,0,0,26,0,26,1,1,30,0,32,10,0,10,42
10/02/2016,MCN,GA,ASO,ES,Federal Contract Tower,0,7,9,0,16,0,0,3,0,3,0,7,12,0,19,0,0,0,19
10/03/2016,MCN,GA,ASO,ES,Federal Contract Tower,0,2,15,0,17,0,0,11,0,11,0,2,26,0,28,4,0,4,32
10/04/2016,MCN,GA,ASO,ES,Federal Contract Tower,0,1,16,0,17,0,0,11,0,11,0,1,27,0,28,12,0,12,40
10/05/2016,MCN,GA,ASO,ES,Federal Contract Tower,1,1,12,0,14,0,0,17,0,17,1,1,29,0,31,2,0,2,33
10/06/2016,MCN,GA,ASO,ES,Federal Contract Tower,0,0,19,0,19,0,0,56,0,56,0,0,75,0,75,44,0,44,119
10/07/2016,MCN,GA,ASO,ES,Federal Contract Tower,0,1,29,2,32,0,0,0,0,0,0,1,29,2,32,0,0,0,32
10/08/2016,MCN,GA,ASO,ES,Federal Contract Tower,0,4,10,0,14,0,0,34,0,34,0,4,44,0,48,30,0,30,78
10/09/2016,MCN,GA,ASO,ES,Federal Contract Tower,0,2,9,0,11,0,0,35,0,35,0,2,44,0,46,24,0,24,70
10/10/2016,MCN,GA,ASO,ES,Federal Contract Tower,0,0,13,0,13,0,0,23,0,23,0,0,36,0,36,22,0,22,58
10/11/2016,MCN,GA,ASO,ES,Federal Contract Tower,0,3,48,2,53,0,0,31,2,33,0,3,79,4,86,12,0,12,98
10/12/2016,MCN,GA,ASO,ES,Federal Contract Tower,2,0,21,0,23,0,0,29,0,29,2,0,50,0,52,8,0,8,60
10/13/2016,MCN,GA,ASO,ES,Federal Contract Tower,3,0,19,0,22,0,0,16,0,16,3,0,35,0,38,10,0,10,48
10/14/2016,MCN,GA,ASO,ES,Federal Contract Tower,0,0,19,30,49,0,0,24,6,30,0,0,43,36,79,8,0,8,87
10/15/2016,MCN,GA,ASO,ES,Federal Contract Tower,2,5,10,2,19,0,0,2,0,2,2,5,12,2,21,2,0,2,23
10/16/2016,MCN,GA,ASO,ES,Federal Contract Tower,2,0,16,4,22,0,0,14,2,16,2,0,30,6,38,2,0,2,40
10/17/2016,MCN,GA,ASO,ES,Federal Contract Tower,0,2,26,0,28,0,1,8,0,9,0,3,34,0,37,0,0,0,37
10/18/2016,MCN,GA,ASO,ES,Federal Contract Tower,1,3,24,0,28,0,0,17,0,17,1,3,41,0,45,0,0,0,45
10/19/2016,MCN,GA,ASO,ES,Federal Contract Tower,4,0,13,3,20,0,0,13,1,14,4,0,26,4,34,18,0,18,52
10/20/2016,MCN,GA,ASO,ES,Federal Contract Tower,0,1,21,0,22,0,0,26,0,26,0,1,47,0,48,10,0,10,58
10/21/2016,MCN,GA,ASO,ES,Federal Contract Tower,1,2,37,0,40,0,0,16,0,16,1,2,53,0,56,2,0,2,58
10/22/2016,MCN,GA,ASO,ES,Federal Contract Tower,0,3,9,0,12,0,0,15,0,15,0,3,24,0,27,0,0,0,27
10/23/2016,MCN,GA,ASO,ES,Federal Contract Tower,0,2,13,0,15,0,2,31,0,33,0,4,44,0,48,4,0,4,52
10/24/2016,MCN,GA,ASO,ES,Federal Contract Tower,1,10,20,0,31,0,0,21,6,27,1,10,41,6,58,0,0,0,58
10/25/2016,MCN,GA,ASO,ES,Federal Contract Tower,0,0,22,9,31,0,0,13,1,14,0,0,35,10,45,0,0,0,45
10/26/2016,MCN,GA,ASO,ES,Federal Contract Tower,0,2,23,0,25,0,0,21,0,21,0,2,44,0,46,16,0,16,62
10/27/2016,MCN,GA,ASO,ES,Federal Contract Tower,2,2,20,0,24,0,0,16,0,16,2,2,36,0,40,8,0,8,48
10/28/2016,MCN,GA,ASO,ES,Federal Contract Tower,0,3,18,0,21,0,0,26,4,30,0,3,44,4,51,0,0,0,51
10/29/2016,MCN,GA,ASO,ES,Federal Contract Tower,0,5,5,0,10,0,0,11,0,11,0,5,16,0,21,10,0,10,31
10/30/2016,MCN,GA,ASO,ES,Federal Contract Tower,0,1,15,2,18,0,0,14,0,14,0,1,29,2,32,0,0,0,32
10/31/2016,MCN,GA,ASO,ES,Federal Contract Tower,0,0,22,0,22,0,0,14,0,14,0,0,36,0,36,0,0,0,36
11/01/2016,MCN,GA,ASO,ES,Federal Contract Tower,0,4,23,0,27,0,0,15,0,15,0,4,38,0,42,0,0,0,42
11/02/2016,MCN,GA,ASO,ES,Federal Contract Tower,0,0,21,0,21,0,0,9,0,9,0,0,30,0,30,18,0,18,48
11/03/2016,MCN,GA,ASO,ES,Federal Contract Tower,0,4,27,0,31,0,0,14,2,16,0,4,41,2,47,0,0,0,47
11/04/2016,MCN,GA,ASO,ES,Federal Contract Tower,0,0,32,7,39,0,0,13,1,14,0,0,45,8,53,2,0,2,55
11/05/2016,MCN,GA,ASO,ES,Federal Contract Tower,0,0,8,0,8,0,0,16,0,16,0,0,24,0,24,14,0,14,38
11/06/2016,MCN,GA,ASO,ES,Federal Contract Tower,0,0,13,3,16,0,0,14,0,14,0,0,27,3,30,2,0,2,32
11/07/2016,MCN,GA,ASO,ES,Federal Contract Tower,0,5,20,2,27,0,0,7,0,7,0,5,27,2,34,0,0,0,34
11/08/2016,MCN,GA,ASO,ES,Federal Contract Tower,3,3,28,0,34,0,0,17,0,17,3,3,45,0,51,8,0,8,59
11/09/2016,MCN,GA,ASO,ES,Federal Contract Tower,5,1,20,0,26,0,0,10,0,10,5,1,30,0,36,0,0,0,36
11/10/2016,MCN,GA,ASO,ES,Federal Contract Tower,0,0,14,7,21,0,0,18,0,18,0,0,32,7,39,10,0,10,49
11/11/2016,MCN,GA,ASO,ES,Federal Contract Tower,0,1,26,4,31,0,0,19,0,19,0,1,45,4,50,20,0,20,70
11/12/2016,MCN,GA,ASO,ES,Federal Contract Tower,2,0,10,0,12,0,0,9,2,11,2,0,19,2,23,0,0,0,23
11/13/2016,MCN,GA,ASO,ES,Federal Contract Tower,0,0,10,0,10,0,0,8,0,8,0,0,18,0,18,0,0,0,18
11/14/2016,MCN,GA,ASO,ES,Federal Contract Tower,0,0,25,0,25,0,0,8,0,8,0,0,33,0,33,0,0,0,33
11/15/2016,MCN,GA,ASO,ES,Federal Contract Tower,0,4,22,0,26,0,0,12,0,12,0,4,34,0,38,4,0,4,42
11/16/2016,MCN,GA,ASO,ES,Federal Contract Tower,0,3,20,0,23,0,0,25,0,25,0,3,45,0,48,4,0,4,52
11/17/2016,MCN,GA,ASO,ES,Federal Contract Tower,0,2,33,5,40,0,0,11,1,12,0,2,44,6,52,6,0,6,58
11/18/2016,MCN,GA,ASO,ES,Federal Contract Tower,0,2,33,1,36,0,0,15,5,20,0,2,48,6,56,2,0,2,58
11/19/2016,MCN,GA,ASO,ES,Federal Contract Tower,0,1,13,0,14,0,0,8,0,8,0,1,21,0,22,6,0,6,28
11/20/2016,MCN,GA,ASO,ES,Federal Contract Tower,2,2,11,2,17,0,2,6,0,8,2,4,17,2,25,0,0,0,25
11/21/2016,MCN,GA,ASO,ES,Federal Contract Tower,0,3,14,0,17,0,0,9,1,10,0,3,23,1,27,8,0,8,35
11/22/2016,MCN,GA,ASO,ES,Federal Contract Tower,2,1,19,4,26,0,1,12,2,15,2,2,31,6,41,8,0,8,49
11/23/2016,MCN,GA,ASO,ES,Federal Contract Tower,3,0,18,0,21,0,0,21,0,21,3,0,39,0,42,10,0,10,52
11/24/2016,MCN,GA,ASO,ES,Federal Contract Tower,0,0,7,0,7,0,0,2,0,2,0,0,9,0,9,0,0,0,9
11/25/2016,MCN,GA,ASO,ES,Federal Contract Tower,1,3,20,0,24,0,0,12,0,12,1,3,32,0,36,6,0,6,42
11/26/2016,MCN,GA,ASO,ES,Federal Contract Tower,0,0,9,0,9,0,0,8,0,8,0,0,17,0,17,2,0,2,19
11/27/2016,MCN,GA,ASO,ES,Federal Contract Tower,0,5,29,0,34,0,0,14,0,14,0,5,43,0,48,10,0,10,58
11/28/2016,MCN,GA,ASO,ES,Federal Contract Tower,0,0,14,8,22,0,0,11,0,11,0,0,25,8,33,14,0,14,47
11/29/2016,MCN,GA,ASO,ES,Federal Contract Tower,0,2,10,2,14,0,0,0,0,0,0,2,10,2,14,0,0,0,14
11/30/2016,MCN,GA,ASO,ES,Federal Contract Tower,0,2,9,6,17,0,0,2,0,2,0,2,11,6,19,0,0,0,19
12/01/2016,MCN,GA,ASO,ES,Federal Contract Tower,1,4,24,0,29,0,0,5,0,5,1,4,29,0,34,0,0,0,34
12/02/2016,MCN,GA,ASO,ES,Federal Contract Tower,0,0,21,0,21,0,0,22,0,22,0,0,43,0,43,26,0,26,69
12/03/2016,MCN,GA,ASO,ES,Federal Contract Tower,1,2,16,4,23,0,0,18,0,18,1,2,34,4,41,8,0,8,49
12/04/2016,MCN,GA,ASO,ES,Federal Contract Tower,0,0,16,0,16,0,0,0,0,0,0,0,16,0,16,0,0,0,16
12/05/2016,MCN,GA,ASO,ES,Federal Contract Tower,1,0,20,0,21,0,0,0,0,0,1,0,20,0,21,0,0,0,21
12/06/2016,MCN,GA,ASO,ES,Federal Contract Tower,0,3,16,0,19,0,0,2,0,2,0,3,18,0,21,0,0,0,21
12/07/2016,MCN,GA,ASO,ES,Federal Contract Tower,1,0,29,0,30,0,0,20,0,20,1,0,49,0,50,14,0,14,64
12/08/2016,MCN,GA,ASO,ES,Federal Contract Tower,1,0,16,0,17,0,0,9,0,9,1,0,25,0,26,2,0,2,28
12/09/2016,MCN,GA,ASO,ES,Federal Contract Tower,2,4,13,1,20,0,0,18,2,20,2,4,31,3,40,0,0,0,40
12/10/2016,MCN,GA,ASO,ES,Federal Contract Tower,0,2,14,2,18,0,0,18,0,18,0,2,32,2,36,12,0,12,48
12/11/2016,MCN,GA,ASO,ES,Federal Contract Tower,0,3,12,9,24,0,0,6,0,6,0,3,18,9,30,0,0,0,30
12/12/2016,MCN,GA,ASO,ES,Federal Contract Tower,4,2,19,0,25,0,0,3,0,3,4,2,22,0,28,0,0,0,28
12/13/2016,MCN,GA,ASO,ES,Federal Contract Tower,0,2,17,0,19,0,0,0,0,0,0,2,17,0,19,0,0,0,19
12/14/2016,MCN,GA,ASO,ES,Federal Contract Tower,0,4,25,0,29,0,0,5,0,5,0,4,30,0,34,0,0,0,34
12/15/2016,MCN,GA,ASO,ES,Federal Contract Tower,2,4,16,0,22,0,0,12,0,12,2,4,28,0,34,0,0,0,34
12/16/2016,MCN,GA,ASO,ES,Federal Contract Tower,2,0,26,0,28,0,1,18,0,19,2,1,44,0,47,22,0,22,69
12/17/2016,MCN,GA,ASO,ES,Federal Contract Tower,0,2,13,0,15,0,0,2,2,4,0,2,15,2,19,2,0,2,21
12/18/2016,MCN,GA,ASO,ES,Federal Contract Tower,0,5,8,0,13,0,0,0,0,0,0,5,8,0,13,0,0,0,13
12/19/2016,MCN,GA,ASO,ES,Federal Contract Tower,3,0,22,0,25,0,0,0,0,0,3,0,22,0,25,0,0,0,25
12/20/2016,MCN,GA,ASO,ES,Federal Contract Tower,0,1,17,2,20,0,0,0,0,0,0,1,17,2,20,0,0,0,20
12/21/2016,MCN,GA,ASO,ES,Federal Contract Tower,0,2,28,0,30,0,0,17,0,17,0,2,45,0,47,4,0,4,51
12/22/2016,MCN,GA,ASO,ES,Federal Contract Tower,0,0,7,0,7,0,0,15,0,15,0,0,22,0,22,2,0,2,24
12/23/2016,MCN,GA,ASO,ES,Federal Contract Tower,0,0,17,0,17,0,0,16,0,16,0,0,33,0,33,2,0,2,35
12/24/2016,MCN,GA,ASO,ES,Federal Contract Tower,0,0,6,0,6,0,0,8,0,8,0,0,14,0,14,4,0,4,18
12/25/2016,MCN,GA,ASO,ES,Federal Contract Tower,0,0,3,0,3,0,0,2,0,2,0,0,5,0,5,0,0,0,5
12/26/2016,MCN,GA,ASO,ES,Federal Contract Tower,1,0,20,0,21,0,0,4,0,4,1,0,24,0,25,4,0,4,29
12/27/2016,MCN,GA,ASO,ES,Federal Contract Tower,0,1,9,0,10,0,0,1,0,1,0,1,10,0,11,0,0,0,11
12/28/2016,MCN,GA,ASO,ES,Federal Contract Tower,1,3,11,2,17,0,0,6,0,6,1,3,17,2,23,0,0,0,23
12/29/2016,MCN,GA,ASO,ES,Federal Contract Tower,0,6,17,0,23,0,1,9,0,10,0,7,26,0,33,12,0,12,45
12/30/2016,MCN,GA,ASO,ES,Federal Contract Tower,2,0,22,0,24,0,0,12,0,12,2,0,34,0,36,6,0,6,42
12/31/2016,MCN,GA,ASO,ES,Federal Contract Tower,2,0,6,0,8,0,0,12,0,12,2,0,18,0,20,12,0,12,32
01/01/2017,MCN,GA,ASO,ES,Federal Contract Tower,0,1,7,0,8,0,0,0,0,0,0,1,7,0,8,0,0,0,8
01/02/2017,MCN,GA,ASO,ES,Federal Contract Tower,0,2,10,0,12,0,0,0,0,0,0,2,10,0,12,0,0,0,12
01/03/2017,MCN,GA,ASO,ES,Federal Contract Tower,0,0,20,0,20,0,0,5,0,5,0,0,25,0,25,16,0,16,41
01/04/2017,MCN,GA,ASO,ES,Federal Contract Tower,0,0,18,6,24,0,0,9,0,9,0,0,27,6,33,6,0,6,39
01/05/2017,MCN,GA,ASO,ES,Federal Contract Tower,0,0,13,10,23,0,0,24,0,24,0,0,37,10,47,20,0,20,67
01/06/2017,MCN,GA,ASO,ES,Federal Contract Tower,1,0,6,0,7,0,0,0,0,0,1,0,6,0,7,0,0,0,7
01/07/2017,MCN,GA,ASO,ES,Federal Contract Tower,0,4,6,0,10,0,0,2,0,2,0,4,8,0,12,0,0,0,12
01/08/2017,MCN,GA,ASO,ES,Federal Contract Tower,0,2,11,2,15,0,0,7,0,7,0,2,18,2,22,0,0,0,22
01/09/2017,MCN,GA,ASO,ES,Federal Contract Tower,3,0,13,0,16,0,0,5,0,5,3,0,18,0,21,2,0,2,23
01/11/2017,MCN,GA,ASO,ES,Federal Contract Tower,0,3,34,0,37,0,2,9,0,11,0,5,43,0,48,4,0,4,52
01/12/2017,MCN,GA,ASO,ES,Federal Contract Tower,0,0,24,0,24,0,0,14,0,14,0,0,38,0,38,12,0,12,50
01/13/2017,MCN,GA,ASO,ES,Federal Contract Tower,1,0,24,2,27,0,0,26,0,26,1,0,50,2,53,0,0,0,53
01/14/2017,MCN,GA,ASO,ES,Federal Contract Tower,0,1,14,2,17,0,2,22,0,24,0,3,36,2,41,14,0,14,55
01/15/2017,MCN,GA,ASO,ES,Federal Contract Tower,1,0,20,1,22,0,0,12,1,13,1,0,32,2,35,0,0,0,35
01/16/2017,MCN,GA,ASO,ES,Federal Contract Tower,1,1,23,0,25,0,0,19,0,19,1,1,42,0,44,14,0,14,58
01/17/2017,MCN,GA,ASO,ES,Federal Contract Tower,0,6,15,2,23,0,0,5,0,5,0,6,20,2,28,0,0,0,28
01/18/2017,MCN,GA,ASO,ES,Federal Contract Tower,0,4,30,0,34,0,0,3,0,3,0,4,33,0,37,4,0,4,41
01/19/2017,MCN,GA,ASO,ES,Federal Contract Tower,3,5,15,0,23,0,0,13,0,13,3,5,28,0,36,0,0,0,36
01/20/2017,MCN,GA,ASO,ES,Federal Contract Tower,1,3,15,0,19,0,0,4,0,4,1,3,19,0,23,12,0,12,35
01/21/2017,MCN,GA,ASO,ES,Federal Contract Tower,0,3,3,0,6,0,0,1,0,1,0,3,4,0,7,0,0,0,7
01/22/2017,MCN,GA,ASO,ES,Federal Contract Tower,2,0,1,0,3,0,0,0,0,0,2,0,1,0,3,0,0,0,3
01/23/2017,MCN,GA,ASO,ES,Federal Contract Tower,0,2,9,0,11,0,0,0,0,0,0,2,9,0,11,0,0,0,11
01/24/2017,MCN,GA,ASO,ES,Federal Contract Tower,2,2,14,8,26,0,0,7,3,10,2,2,21,11,36,2,0,2,38
01/25/2017,MCN,GA,ASO,ES,Federal Contract Tower,2,0,22,12,36,0,0,14,0,14,2,0,36,12,50,6,0,6,56
01/26/2017,MCN,GA,ASO,ES,Federal Contract Tower,2,2,13,0,17,0,2,7,0,9,2,4,20,0,26,0,0,0,26
01/27/2017,MCN,GA,ASO,ES,Federal Contract Tower,2,1,18,8,29,0,0,12,0,12,2,1,30,8,41,0,0,0,41
01/28/2017,MCN,GA,ASO,ES,Federal Contract Tower,0,3,8,0,11,0,0,18,0,18,0,3,26,0,29,6,0,6,35
01/29/2017,MCN,GA,ASO,ES,Federal Contract Tower,0,2,10,10,22,0,0,11,3,14,0,2,21,13,36,0,2,2,38
01/30/2017,MCN,GA,ASO,ES,Federal Contract Tower,2,2,24,0,28,0,0,10,0,10,2,2,34,0,38,0,0,0,38
01/31/2017,MCN,GA,ASO,ES,Federal Contract Tower,0,2,31,0,33,0,0,14,2,16,0,2,45,2,49,0,0,0,49
02/01/2017,MCN,GA,ASO,ES,Federal Contract Tower,1,2,21,0,24,0,0,5,0,5,1,2,26,0,29,0,0,0,29
02/02/2017,MCN,GA,ASO,ES,Federal Contract Tower,2,5,16,0,23,0,0,20,2,22,2,5,36,2,45,2,0,2,47
02/03/2017,MCN,GA,ASO,ES,Federal Contract Tower,0,2,25,10,37,0,0,9,0,9,0,2,34,10,46,0,0,0,46
02/04/2017,MCN,GA,ASO,ES,Federal Contract Tower,0,3,20,5,28,0,0,26,0,26,0,3,46,5,54,26,0,26,80
02/05/2017,MCN,GA,ASO,ES,Federal Contract Tower,0,4,12,0,16,0,0,1,0,1,0,4,13,0,17,0,0,0,17
02/06/2017,MCN,GA,ASO,ES,Federal Contract Tower,0,0,18,0,18,0,0,14,0,14,0,0,32,0,32,2,0,2,34
02/07/2017,MCN,GA,ASO,ES,Federal Contract Tower,0,1,18,0,19,0,0,3,0,3,0,1,21,0,22,0,0,0,22
02/08/2017,MCN,GA,ASO,ES,Federal Contract Tower,0,4,11,0,15,0,0,0,0,0,0,4,11,0,15,0,0,0,15
02/09/2017,MCN,GA,ASO,ES,Federal Contract Tower,0,0,12,0,12,0,0,8,0,8,0,0,20,0,20,0,0,0,20
02/10/2017,MCN,GA,ASO,ES,Federal Contract Tower,1,2,19,0,22,0,0,25,0,25,1,2,44,0,47,10,0,10,57
02/11/2017,MCN,GA,ASO,ES,Federal Contract Tower,2,3,15,0,20,0,0,18,0,18,2,3,33,0,38,6,0,6,44
02/12/2017,MCN,GA,ASO,ES,Federal Contract Tower,1,0,12,3,16,0,0,2,2,4,1,0,14,5,20,0,2,2,22
02/13/2017,MCN,GA,ASO,ES,Federal Contract Tower,1,4,16,3,24,0,0,18,1,19,1,4,34,4,43,12,2,14,57
02/14/2017,MCN,GA,ASO,ES,Federal Contract Tower,1,0,13,2,16,0,0,7,0,7,1,0,20,2,23,2,0,2,25
02/15/2017,MCN,GA,ASO,ES,Federal Contract Tower,1,4,27,0,32,0,0,6,0,6,1,4,33,0,38,0,0,0,38
02/16/2017,MCN,GA,ASO,ES,Federal Contract Tower,4,3,29,8,44,0,0,16,0,16,4,3,45,8,60,2,0,2,62
02/17/2017,MCN,GA,ASO,ES,Federal Contract Tower,0,2,25,0,27,0,0,10,0,10,0,2,35,0,37,0,0,0,37
02/18/2017,MCN,GA,ASO,ES,Federal Contract Tower,0,0,7,0,7,0,0,2,0,2,0,0,9,0,9,0,0,0,9
02/19/2017,MCN,GA,ASO,ES,Federal Contract Tower,0,0,12,0,12,0,0,8,0,8,0,0,20,0,20,2,0,2,22
02/20/2017,MCN,GA,ASO,ES,Federal Contract Tower,1,5,29,0,35,0,0,11,0,11,1,5,40,0,46,6,0,6,52
02/21/2017,MCN,GA,ASO,ES,Federal Contract Tower,2,4,20,0,26,0,0,7,0,7,2,4,27,0,33,0,0,0,33
02/22/2017,MCN,GA,ASO,ES,Federal Contract Tower,6,0,23,2,31,0,0,7,0,7,6,0,30,2,38,8,0,8,46
02/23/2017,MCN,GA,ASO,ES,Federal Contract Tower,0,0,18,5,23,0,0,9,0,9,0,0,27,5,32,4,0,4,36
02/24/2017,MCN,GA,ASO,ES,Federal Contract Tower,0,1,20,0,21,0,0,18,1,19,0,1,38,1,40,2,0,2,42
02/25/2017,MCN,GA,ASO,ES,Federal Contract Tower,1,1,13,2,17,0,0,0,6,6,1,1,13,8,23,0,0,0,23
02/26/2017,MCN,GA,ASO,ES,Federal Contract Tower,0,0,23,2,25,0,0,20,0,20,0,0,43,2,45,6,0,6,51
02/27/2017,MCN,GA,ASO,ES,Federal Contract Tower,0,3,31,2,36,0,0,5,0,5,0,3,36,2,41,6,0,6,47
02/28/2017,MCN,GA,ASO,ES,Federal Contract Tower,2,4,20,2,28,0,0,6,0,6,2,4,26,2,34,0,0,0,34
03/01/2017,MCN,GA,ASO,ES,Federal Contract Tower,1,1,14,0,16,0,0,8,0,8,1,1,22,0,24,4,0,4,28
03/02/2017,MCN,GA,ASO,ES,Federal Contract Tower,0,3,32,2,37,0,0,17,2,19,0,3,49,4,56,16,0,16,72
03/03/2017,MCN,GA,ASO,ES,Federal Contract Tower,0,4,19,0,23,0,0,34,2,36,0,4,53,2,59,10,0,10,69
03/04/2017,MCN,GA,ASO,ES,Federal Contract Tower,0,1,9,1,11,0,0,14,1,15,0,1,23,2,26,0,0,0,26
03/05/2017,MCN,GA,ASO,ES,Federal Contract Tower,0,0,11,0,11,0,0,8,0,8,0,0,19,0,19,0,0,0,19
03/06/2017,MCN,GA,ASO,ES,Federal Contract Tower,1,2,22,1,26,0,0,14,0,14,1,2,36,1,40,4,0,4,44
03/07/2017,MCN,GA,ASO,ES,Federal Contract Tower,0,2,11,1,14,0,0,12,0,12,0,2,23,1,26,4,0,4,30
03/08/2017,MCN,GA,ASO,ES,Federal Contract Tower,2,5,24,0,31,0,0,10,2,12,2,5,34,2,43,0,0,0,43
03/09/2017,MCN,GA,ASO,ES,Federal Contract Tower,0,1,20,0,21,0,0,18,4,22,0,1,38,4,43,6,0,6,49
03/10/2017,MCN,GA,ASO,ES,Federal Contract Tower,2,2,12,2,18,0,0,17,6,23,2,2,29,8,41,6,0,6,47
03/11/2017,MCN,GA,ASO,ES,Federal Contract Tower,0,0,18,4,22,0,0,9,2,11,0,0,27,6,33,4,0,4,37
03/12/2017,MCN,GA,ASO,ES,Federal Contract Tower,0,2,14,0,16,0,0,0,0,0,0,2,14,0,16,0,0,0,16
03/13/2017,MCN,GA,ASO,ES,Federal Contract Tower,0,0,10,0,10,0,0,0,0,0,0,0,10,0,10,0,0,0,10
03/14/2017,MCN,GA,ASO,ES,Federal Contract Tower,4,2,16,0,22,0,0,4,0,4,4,2,20,0,26,0,0,0,26
03/15/2017,MCN,GA,ASO,ES,Federal Contract Tower,0,0,11,0,11,0,0,10,0,10,0,0,21,0,21,0,0,0,21
03/16/2017,MCN,GA,ASO,ES,Federal Contract Tower,2,4,13,2,21,0,2,20,2,24,2,6,33,4,45,2,0,2,47
03/17/2017,MCN,GA,ASO,ES,Federal Contract Tower,3,5,19,0,27,0,2,16,0,18,3,7,35,0,45,18,0,18,63
03/18/2017,MCN,GA,ASO,ES,Federal Contract Tower,0,3,15,1,19,0,0,1,2,3,0,3,16,3,22,0,0,0,22
03/19/2017,MCN,GA,ASO,ES,Federal Contract Tower,0,0,13,3,16,0,0,6,1,7,0,0,19,4,23,2,0,2,25
03/20/2017,MCN,GA,ASO,ES,Federal Contract Tower,0,0,18,0,18,0,0,18,0,18,0,0,36,0,36,4,0,4,40
03/21/2017,MCN,GA,ASO,ES,Federal Contract Tower,1,0,12,0,13,0,0,16,0,16,1,0,28,0,29,14,0,14,43
03/22/2017,MCN,GA,ASO,ES,Federal Contract Tower,0,2,33,2,37,0,0,23,0,23,0,2,56,2,60,2,0,2,62
03/23/2017,MCN,GA,ASO,ES,Federal Contract Tower,0,3,35,0,38,0,0,13,2,15,0,3,48,2,53,12,0,12,65
03/24/2017,MCN,GA,ASO,ES,Federal Contract Tower,0,0,15,0,15,0,0,22,0,22,0,0,37,0,37,4,0,4,41
03/25/2017,MCN,GA,ASO,ES,Federal Contract Tower,0,1,13,0,14,0,0,36,0,36,0,1,49,0,50,30,0,30,80
03/26/2017,MCN,GA,ASO,ES,Federal Contract Tower,0,0,19,0,19,0,0,10,0,10,0,0,29,0,29,4,0,4,33
03/27/2017,MCN,GA,ASO,ES,Federal Contract Tower,0,0,30,0,30,0,0,13,3,16,0,0,43,3,46,0,0,0,46
03/28/2017,MCN,GA,ASO,ES,Federal Contract Tower,0,0,17,0,17,0,0,14,0,14,0,0,31,0,31,6,0,6,37
03/29/2017,MCN,GA,ASO,ES,Federal Contract Tower,1,0,18,0,19,0,2,14,1,17,1,2,32,1,36,0,0,0,36
03/30/2017,MCN,GA,ASO,ES,Federal Contract Tower,0,0,13,0,13,0,0,8,9,17,0,0,21,9,30,0,0,0,30
03/31/2017,MCN,GA,ASO,ES,Federal Contract Tower,0,3,25,0,28,0,0,13,2,15,0,3,38,2,43,4,0,4,47
04/01/2017,MCN,GA,ASO,ES,Federal Contract Tower,2,3,21,0,26,0,0,28,0,28,2,3,49,0,54,18,0,18,72
04/02/2017,MCN,GA,ASO,ES,Federal Contract Tower,0,0,16,3,19,0,0,24,5,29,0,0,40,8,48,12,0,12,60
04/03/2017,MCN,GA,ASO,ES,Federal Contract Tower,0,0,5,0,5,0,0,2,0,2,0,0,7,0,7,0,0,0,7
04/04/2017,MCN,GA,ASO,ES,Federal Contract Tower,0,0,14,0,14,0,0,15,0,15,0,0,29,0,29,0,0,0,29
04/05/2017,MCN,GA,ASO,ES,Federal Contract Tower,0,0,2,0,2,0,0,0,0,0,0,0,2,0,2,0,0,0,2
04/06/2017,MCN,GA,ASO,ES,Federal Contract Tower,0,1,13,2,16,0,0,3,0,3,0,1,16,2,19,0,0,0,19
04/07/2017,MCN,GA,ASO,ES,Federal Contract Tower,1,4,20,10,35,0,0,27,6,33,1,4,47,16,68,0,2,2,70
04/08/2017,MCN,GA,ASO,ES,Federal Contract Tower,2,0,19,0,21,0,0,14,0,14,2,0,33,0,35,0,0,0,35
04/09/2017,MCN,GA,ASO,ES,Federal Contract Tower,0,0,12,0,12,0,0,19,4,23,0,0,31,4,35,26,0,26,61
04/10/2017,MCN,GA,ASO,ES,Federal Contract Tower,0,0,13,0,13,0,0,19,0,19,0,0,32,0,32,22,0,22,54
04/11/2017,MCN,GA,ASO,ES,Federal Contract Tower,0,0,14,4,18,0,0,8,0,8,0,0,22,4,26,0,0,0,26
04/12/2017,MCN,GA,ASO,ES,Federal Contract Tower,3,1,9,0,13,0,0,12,0,12,3,1,21,0,25,8,0,8,33
04/13/2017,MCN,GA,ASO,ES,Federal Contract Tower,0,4,21,0,25,0,0,15,0,15,0,4,36,0,40,18,0,18,58
04/14/2017,MCN,GA,ASO,ES,Federal Contract Tower,3,0,17,0,20,0,2,13,0,15,3,2,30,0,35,2,0,2,37
04/15/2017,MCN,GA,ASO,ES,Federal Contract Tower,6,3,17,0,26,0,0,19,0,19,6,3,36,0,45,16,0,16,61
04/16/2017,MCN,GA,ASO,ES,Federal Contract Tower,1,0,12,0,13,0,0,10,0,10,1,0,22,0,23,2,0,2,25
04/17/2017,MCN,GA,ASO,ES,Federal Contract Tower,1,2,22,0,25,0,0,27,0,27,1,2,49,0,52,0,0,0,52
04/18/2017,MCN,GA,ASO,ES,Federal Contract Tower,0,1,24,0,25,0,0,12,0,12,0,1,36,0,37,2,0,2,39
04/19/2017,MCN,GA,ASO,ES,Federal Contract Tower,0,2,27,4,33,0,0,20,0,20,0,2,47,4,53,6,0,6,59
04/20/2017,MCN,GA,ASO,ES,Federal Contract Tower,3,2,15,0,20,0,0,12,0,12,3,2,27,0,32,0,0,0,32
04/21/2017,MCN,GA,ASO,ES,Federal Contract Tower,2,1,13,13,29,0,0,29,9,38,2,1,42,22,67,6,0,6,73
04/22/2017,MCN,GA,ASO,ES,Federal Contract Tower,2,2,18,2,24,0,0,14,4,18,2,2,32,6,42,10,10,20,62
04/23/2017,MCN,GA,ASO,ES,Federal Contract Tower,0,1,12,0,13,0,0,8,2,10,0,1,20,2,23,0,0,0,23
04/24/2017,MCN,GA,ASO,ES,Federal Contract Tower,0,3,20,2,25,0,0,1,0,1,0,3,21,2,26,0,0,0,26
04/25/2017,MCN,GA,ASO,ES,Federal Contract Tower,0,0,11,0,11,0,0,14,0,14,0,0,25,0,25,10,0,10,35
04/26/2017,MCN,GA,ASO,ES,Federal Contract Tower,1,7,18,0,26,0,0,22,0,22,1,7,40,0,48,8,0,8,56
04/27/2017,MCN,GA,ASO,ES,Federal Contract Tower,0,1,16,0,17,0,0,4,0,4,0,1,20,0,21,2,0,2,23
04/28/2017,MCN,GA,ASO,ES,Federal Contract Tower,0,2,20,1,23,0,0,11,1,12,0,2,31,2,35,2,0,2,37
04/29/2017,MCN,GA,ASO,ES,Federal Contract Tower,0,0,10,0,10,0,0,12,0,12,0,0,22,0,22,2,0,2,24
04/30/2017,MCN,GA,ASO,ES,Federal Contract Tower,0,0,21,0,21,0,0,7,0,7,0,0,28,0,28,2,0,2,30
05/01/2017,MCN,GA,ASO,ES,Federal Contract Tower,0,0,14,0,14,0,0,3,0,3,0,0,17,0,17,8,0,8,25
05/02/2017,MCN,GA,ASO,ES,Federal Contract Tower,2,3,20,0,25,0,0,17,0,17,2,3,37,0,42,2,0,2,44
05/03/2017,MCN,GA,ASO,ES,Federal Contract Tower,1,1,23,0,25,0,0,18,0,18,1,1,41,0,43,2,0,2,45
05/04/2017,MCN,GA,ASO,ES,Federal Contract Tower,0,0,0,0,0,0,0,2,0,2,0,0,2,0,2,0,0,0,2
05/05/2017,MCN,GA,ASO,ES,Federal Contract Tower,2,5,20,1,28,0,0,0,4,4,2,5,20,5,32,0,0,0,32
05/06/2017,MCN,GA,ASO,ES,Federal Contract Tower,0,0,20,0,20,0,0,22,2,24,0,0,42,2,44,10,0,10,54
05/07/2017,MCN,GA,ASO,ES,Federal Contract Tower,0,0,17,0,17,0,0,9,1,10,0,0,26,1,27,0,0,0,27
05/08/2017,MCN,GA,ASO,ES,Federal Contract Tower,0,2,12,0,14,0,0,16,6,22,0,2,28,6,36,10,0,10,46
05/09/2017,MCN,GA,ASO,ES,Federal Contract Tower,0,0,12,0,12,0,0,16,0,16,0,0,28,0,28,0,0,0,28
05/10/2017,MCN,GA,ASO,ES,Federal Contract Tower,4,3,20,0,27,0,0,17,0,17,4,3,37,0,44,0,0,0,44
05/11/2017,MCN,GA,ASO,ES,Federal Contract Tower,0,1,14,0,15,0,0,14,0,14,0,1,28,0,29,6,0,6,35
05/12/2017,MCN,GA,ASO,ES,Federal Contract Tower,1,0,15,0,16,0,2,20,12,34,1,2,35,12,50,0,0,0,50
05/13/2017,MCN,GA,ASO,ES,Federal Contract Tower,0,0,5,0,5,0,0,3,0,3,0,0,8,0,8,0,0,0,8
05/14/2017,MCN,GA,ASO,ES,Federal Contract Tower,1,0,17,4,22,0,0,12,2,14,1,0,29,6,36,0,0,0,36
05/15/2017,MCN,GA,ASO,ES,Federal Contract Tower,0,0,13,0,13,0,0,10,0,10,0,0,23,0,23,4,0,4,27
05/16/2017,MCN,GA,ASO,ES,Federal Contract Tower,6,0,32,0,38,0,0,27,2,29,6,0,59,2,67,22,0,22,89
05/17/2017,MCN,GA,ASO,ES,Federal Contract Tower,0,4,20,4,28,0,0,10,0,10,0,4,30,4,38,0,0,0,38
05/18/2017,MCN,GA,ASO,ES,Federal Contract Tower,0,2,17,0,19,0,0,16,0,16,0,2,33,0,35,0,0,0,35
05/19/2017,MCN,GA,ASO,ES,Federal Contract Tower,0,2,18,0,20,0,1,9,2,12,0,3,27,2,32,6,0,6,38
05/20/2017,MCN,GA,ASO,ES,Federal Contract Tower,0,0,7,0,7,0,0,0,0,0,0,0,7,0,7,0,0,0,7
05/21/2017,MCN,GA,ASO,ES,Federal Contract Tower,2,0,8,4,14,0,0,4,0,4,2,0,12,4,18,8,0,8,26
05/22/2017,MCN,GA,ASO,ES,Federal Contract Tower,0,0,21,0,21,0,0,10,0,10,0,0,31,0,31,0,0,0,31
05/23/2017,MCN,GA,ASO,ES,Federal Contract Tower,2,5,17,0,24,0,0,0,0,0,2,5,17,0,24,0,0,0,24
05/24/2017,MCN,GA,ASO,ES,Federal Contract Tower,6,4,5,0,15,0,0,0,0,0,6,4,5,0,15,0,0,0,15
05/25/2017,MCN,GA,ASO,ES,Federal Contract Tower,0,2,24,0,26,0,0,24,0,24,0,2,48,0,50,0,0,0,50
05/26/2017,MCN,GA,ASO,ES,Federal Contract Tower,0,0,19,0,19,0,0,23,1,24,0,0,42,1,43,8,0,8,51
05/27/2017,MCN,GA,ASO,ES,Federal Contract Tower,0,0,6,0,6,0,0,17,0,17,0,0,23,0,23,6,0,6,29
05/28/2017,MCN,GA,ASO,ES,Federal Contract Tower,1,0,7,1,9,0,0,5,2,7,1,0,12,3,16,0,0,0,16
05/29/2017,MCN,GA,ASO,ES,Federal Contract Tower,1,0,10,0,11,0,0,21,0,21,1,0,31,0,32,8,0,8,40
05/30/2017,MCN,GA,ASO,ES,Federal Contract Tower,0,0,13,0,13,0,0,10,0,10,0,0,23,0,23,0,0,0,23
05/31/2017,MCN,GA,ASO,ES,Federal Contract Tower,0,0,16,3,19,0,0,6,0,6,0,0,22,3,25,12,0,12,37
06/01/2017,MCN,GA,ASO,ES,Federal Contract Tower,0,0,12,0,12,0,0,21,0,21,0,0,33,0,33,26,0,26,59
06/02/2017,MCN,GA,ASO,ES,Federal Contract Tower,0,8,19,16,43,0,0,19,0,19,0,8,38,16,62,8,0,8,70
06/03/2017,MCN,GA,ASO,ES,Federal Contract Tower,1,0,14,0,15,0,0,15,0,15,1,0,29,0,30,10,0,10,40
06/04/2017,MCN,GA,ASO,ES,Federal Contract Tower,1,2,9,0,12,0,1,5,0,6,1,3,14,0,18,0,0,0,18
06/05/2017,MCN,GA,ASO,ES,Federal Contract Tower,0,0,15,1,16,0,0,1,3,4,0,0,16,4,20,0,0,0,20
06/06/2017,MCN,GA,ASO,ES,Federal Contract Tower,0,0,9,0,9,0,0,0,3,3,0,0,9,3,12,0,0,0,12
06/07/2017,MCN,GA,ASO,ES,Federal Contract Tower,1,11,18,0,30,0,0,12,2,14,1,11,30,2,44,30,0,30,74
06/08/2017,MCN,GA,ASO,ES,Federal Contract Tower,0,0,19,0,19,0,0,33,0,33,0,0,52,0,52,0,0,0,52
06/09/2017,MCN,GA,ASO,ES,Federal Contract Tower,0,0,15,4,19,0,0,18,0,18,0,0,33,4,37,10,0,10,47
06/10/2017,MCN,GA,ASO,ES,Federal Contract Tower,4,0,16,1,21,0,0,10,2,12,4,0,26,3,33,2,0,2,35
06/11/2017,MCN,GA,ASO,ES,Federal Contract Tower,0,0,26,0,26,0,0,10,0,10,0,0,36,0,36,8,0,8,44
06/12/2017,MCN,GA,ASO,ES,Federal Contract Tower,0,0,20,0,20,0,0,4,0,4,0,0,24,0,24,0,0,0,24
06/13/2017,MCN,GA,ASO,ES,Federal Contract Tower,0,0,22,0,22,0,0,20,1,21,0,0,42,1,43,2,0,2,45
06/14/2017,MCN,GA,ASO,ES,Federal Contract Tower,1,1,42,0,44,0,0,22,0,22,1,1,64,0,66,40,0,40,106
06/15/2017,MCN,GA,ASO,ES,Federal Contract Tower,0,0,52,0,52,0,0,6,2,8,0,0,58,2,60,12,0,12,72
06/16/2017,MCN,GA,ASO,ES,Federal Contract Tower,0,0,20,2,22,0,0,9,4,13,0,0,29,6,35,2,0,2,37
06/17/2017,MCN,GA,ASO,ES,Federal Contract Tower,1,2,6,0,9,0,0,18,0,18,1,2,24,0,27,10,0,10,37
06/18/2017,MCN,GA,ASO,ES,Federal Contract Tower,0,1,12,7,20,0,0,2,3,5,0,1,14,10,25,0,0,0,25
06/19/2017,MCN,GA,ASO,ES,Federal Contract Tower,0,0,15,0,15,0,1,12,3,16,0,1,27,3,31,2,0,2,33
06/20/2017,MCN,GA,ASO,ES,Federal Contract Tower,0,1,20,1,22,0,0,0,0,0,0,1,20,1,22,0,0,0,22
06/21/2017,MCN,GA,ASO,ES,Federal Contract Tower,5,0,4,1,10,0,0,2,0,2,5,0,6,1,12,0,0,0,12
06/22/2017,MCN,GA,ASO,ES,Federal Contract Tower,0,0,16,4,20,0,0,13,0,13,0,0,29,4,33,14,0,14,47
06/23/2017,MCN,GA,ASO,ES,Federal Contract Tower,0,0,29,0,29,0,0,23,4,27,0,0,52,4,56,0,0,0,56
06/24/2017,MCN,GA,ASO,ES,Federal Contract Tower,0,0,12,0,12,0,0,0,0,0,0,0,12,0,12,0,0,0,12
06/25/2017,MCN,GA,ASO,ES,Federal Contract Tower,0,0,15,2,17,0,0,15,0,15,0,0,30,2,32,2,0,2,34
06/26/2017,MCN,GA,ASO,ES,Federal Contract Tower,0,1,11,2,14,0,0,20,0,20,0,1,31,2,34,8,0,8,42
06/27/2017,MCN,GA,ASO,ES,Federal Contract Tower,0,0,21,0,21,0,0,8,0,8,0,0,29,0,29,0,0,0,29
06/28/2017,MCN,GA,ASO,ES,Federal Contract Tower,0,4,23,8,35,0,0,11,3,14,0,4,34,11,49,2,8,10,59
06/29/2017,MCN,GA,ASO,ES,Federal Contract Tower,1,3,21,2,27,0,0,8,0,8,1,3,29,2,35,0,0,0,35
06/30/2017,MCN,GA,ASO,ES,Federal Contract Tower,0,0,37,0,37,0,0,1,0,1,0,0,38,0,38,0,0,0,38
07/01/2017,MCN,GA,ASO,ES,Federal Contract Tower,0,1,8,0,9,0,0,14,0,14,0,1,22,0,23,10,0,10,33
07/02/2017,MCN,GA,ASO,ES,Federal Contract Tower,0,0,7,0,7,0,0,6,0,6,0,0,13,0,13,12,0,12,25
07/03/2017,MCN,GA,ASO,ES,Federal Contract Tower,0,2,9,0,11,0,0,15,0,15,0,2,24,0,26,8,0,8,34
07/04/2017,MCN,GA,ASO,ES,Federal Contract Tower,0,0,11,0,11,0,0,4,0,4,0,0,15,0,15,0,0,0,15
07/05/2017,MCN,GA,ASO,ES,Federal Contract Tower,0,2,15,0,17,0,0,11,0,11,0,2,26,0,28,6,0,6,34
07/06/2017,MCN,GA,ASO,ES,Federal Contract Tower,0,0,13,0,13,0,0,28,0,28,0,0,41,0,41,16,0,16,57
07/07/2017,MCN,GA,ASO,ES,Federal Contract Tower,3,0,10,5,18,0,0,4,3,7,3,0,14,8,25,0,0,0,25
07/08/2017,MCN,GA,ASO,ES,Federal Contract Tower,0,3,13,0,16,0,0,9,0,9,0,3,22,0,25,10,0,10,35
07/09/2017,MCN,GA,ASO,ES,Federal Contract Tower,0,1,13,0,14,0,0,7,0,7,0,1,20,0,21,0,0,0,21
07/10/2017,MCN,GA,ASO,ES,Federal Contract Tower,0,2,10,0,12,0,0,4,0,4,0,2,14,0,16,0,0,0,16
07/11/2017,MCN,GA,ASO,ES,Federal Contract Tower,2,2,31,0,35,0,2,4,0,6,2,4,35,0,41,0,0,0,41
07/12/2017,MCN,GA,ASO,ES,Federal Contract Tower,1,3,13,0,17,0,1,15,0,16,1,4,28,0,33,10,0,10,43
07/13/2017,MCN,GA,ASO,ES,Federal Contract Tower,1,1,21,10,33,0,0,23,0,23,1,1,44,10,56,10,0,10,66
07/14/2017,MCN,GA,ASO,ES,Federal Contract Tower,0,0,13,0,13,0,0,11,0,11,0,0,24,0,24,12,0,12,36
07/15/2017,MCN,GA,ASO,ES,Federal Contract Tower,0,0,16,0,16,0,0,14,2,16,0,0,30,2,32,0,0,0,32
07/16/2017,MCN,GA,ASO,ES,Federal Contract Tower,0,0,15,0,15,0,0,5,0,5,0,0,20,0,20,0,0,0,20
07/17/2017,MCN,GA,ASO,ES,Federal Contract Tower,0,2,24,0,26,0,0,13,0,13,0,2,37,0,39,18,0,18,57
07/18/2017,MCN,GA,ASO,ES,Federal Contract Tower,1,2,16,0,19,0,0,8,0,8,1,2,24,0,27,0,2,2,29
07/19/2017,MCN,GA,ASO,ES,Federal Contract Tower,1,2,21,0,24,0,0,10,0,10,1,2,31,0,34,2,0,2,36
07/20/2017,MCN,GA,ASO,ES,Federal Contract Tower,0,0,19,2,21,0,0,10,0,10,0,0,29,2,31,4,4,8,39
07/21/2017,MCN,GA,ASO,ES,Federal Contract Tower,0,0,26,8,34,6,3,14,6,29,6,3,40,14,63,8,0,8,71
07/22/2017,MCN,GA,ASO,ES,Federal Contract Tower,0,1,7,0,8,0,0,19,0,19,0,1,26,0,27,12,0,12,39
07/23/2017,MCN,GA,ASO,ES,Federal Contract Tower,4,1,10,10,25,2,0,13,10,25,6,1,23,20,50,6,0,6,56
07/24/2017,MCN,GA,ASO,ES,Federal Contract Tower,0,0,7,0,7,0,0,4,0,4,0,0,11,0,11,0,0,0,11
07/25/2017,MCN,GA,ASO,ES,Federal Contract Tower,1,1,19,1,22,0,0,4,1,5,1,1,23,2,27,8,0,8,35
07/26/2017,MCN,GA,ASO,ES,Federal Contract Tower,0,0,20,0,20,0,0,24,0,24,0,0,44,0,44,12,0,12,56
07/27/2017,MCN,GA,ASO,ES,Federal Contract Tower,0,0,34,4,38,0,0,6,2,8,0,0,40,6,46,0,2,2,48
07/28/2017,MCN,GA,ASO,ES,Federal Contract Tower,0,0,24,4,28,0,0,7,0,7,0,0,31,4,35,6,0,6,41
07/29/2017,MCN,GA,ASO,ES,Federal Contract Tower,0,0,9,0,9,0,0,11,0,11,0,0,20,0,20,4,0,4,24
07/30/2017,MCN,GA,ASO,ES,Federal Contract Tower,0,0,10,1,11,0,0,18,2,20,0,0,28,3,31,10,6,16,47
07/31/2017,MCN,GA,ASO,ES,Federal Contract Tower,0,0,11,0,11,0,0,16,0,16,0,0,27,0,27,2,0,2,29
08/01/2017,MCN,GA,ASO,ES,Federal Contract Tower,1,0,15,0,16,0,0,12,0,12,1,0,27,0,28,12,0,12,40
08/02/2017,MCN,GA,ASO,ES,Federal Contract Tower,0,0,22,0,22,0,1,29,0,30,0,1,51,0,52,12,0,12,64
08/03/2017,MCN,GA,ASO,ES,Federal Contract Tower,0,2,23,0,25,0,0,9,0,9,0,2,32,0,34,4,0,4,38
08/04/2017,MCN,GA,ASO,ES,Federal Contract Tower,0,0,20,0,20,0,0,5,2,7,0,0,25,2,27,0,0,0,27
08/05/2017,MCN,GA,ASO,ES,Federal Contract Tower,5,0,14,0,19,0,0,11,0,11,5,0,25,0,30,6,0,6,36
08/06/2017,MCN,GA,ASO,ES,Federal Contract Tower,0,2,15,3,20,0,0,5,3,8,0,2,20,6,28,0,0,0,28
08/07/2017,MCN,GA,ASO,ES,Federal Contract Tower,0,0,25,0,25,0,0,9,0,9,0,0,34,0,34,6,0,6,40
08/08/2017,MCN,GA,ASO,ES,Federal Contract Tower,0,0,13,0,13,0,0,2,0,2,0,0,15,0,15,0,0,0,15
08/09/2017,MCN,GA,ASO,ES,Federal Contract Tower,0,3,27,0,30,0,0,0,0,0,0,3,27,0,30,0,0,0,30
08/10/2017,MCN,GA,ASO,ES,Federal Contract Tower,0,3,20,0,23,0,1,8,0,9,0,4,28,0,32,0,0,0,32
08/11/2017,MCN,GA,ASO,ES,Federal Contract Tower,0,1,20,0,21,0,0,12,0,12,0,1,32,0,33,18,0,18,51
08/12/2017,MCN,GA,ASO,ES,Federal Contract Tower,0,1,17,0,18,0,0,6,0,6,0,1,23,0,24,10,0,10,34
08/13/2017,MCN,GA,ASO,ES,Federal Contract Tower,0,0,11,0,11,0,0,15,2,17,0,0,26,2,28,24,6,30,58
08/14/2017,MCN,GA,ASO,ES,Federal Contract Tower,0,0,22,0,22,0,0,4,0,4,0,0,26,0,26,0,0,0,26
08/15/2017,MCN,GA,ASO,ES,Federal Contract Tower,0,0,15,0,15,0,0,4,0,4,0,0,19,0,19,0,0,0,19
08/16/2017,MCN,GA,ASO,ES,Federal Contract Tower,0,1,18,0,19,0,0,11,0,11,0,1,29,0,30,0,0,0,30
08/17/2017,MCN,GA,ASO,ES,Federal Contract Tower,0,1,22,2,25,0,0,6,2,8,0,1,28,4,33,0,0,0,33
08/18/2017,MCN,GA,ASO,ES,Federal Contract Tower,0,6,16,0,22,0,0,17,0,17,0,6,33,0,39,14,0,14,53
08/19/2017,MCN,GA,ASO,ES,Federal Contract Tower,0,1,9,0,10,0,0,24,0,24,0,1,33,0,34,8,0,8,42
08/20/2017,MCN,GA,ASO,ES,Federal Contract Tower,0,2,19,0,21,0,0,19,2,21,0,2,38,2,42,18,0,18,60
08/21/2017,MCN,GA,ASO,ES,Federal Contract Tower,0,2,30,1,33,0,0,16,2,18,0,2,46,3,51,0,0,0,51
08/22/2017,MCN,GA,ASO,ES,Federal Contract Tower,1,6,17,4,28,0,0,14,2,16,1,6,31,6,44,6,0,6,50
08/23/2017,MCN,GA,ASO,ES,Federal Contract Tower,0,3,42,0,45,0,0,18,0,18,0,3,60,0,63,6,0,6,69
08/24/2017,MCN,GA,ASO,ES,Federal Contract Tower,1,5,17,0,23,0,2,14,0,16,1,7,31,0,39,8,0,8,47
08/25/2017,MCN,GA,ASO,ES,Federal Contract Tower,0,3,20,8,31,0,0,1,0,1,0,3,21,8,32,0,0,0,32
08/26/2017,MCN,GA,ASO,ES,Federal Contract Tower,0,1,9,0,10,0,0,8,2,10,0,1,17,2,20,6,0,6,26
08/27/2017,MCN,GA,ASO,ES,Federal Contract Tower,0,4,11,4,19,0,0,8,2,10,0,4,19,6,29,0,2,2,31
08/28/2017,MCN,GA,ASO,ES,Federal Contract Tower,0,3,13,10,26,0,0,14,4,18,0,3,27,14,44,8,8,16,60
08/29/2017,MCN,GA,ASO,ES,Federal Contract Tower,0,3,12,1,16,0,0,19,1,20,0,3,31,2,36,0,0,0,36
08/30/2017,MCN,GA,ASO,ES,Federal Contract Tower,0,3,20,0,23,0,0,2,0,2,0,3,22,0,25,0,0,0,25
08/31/2017,MCN,GA,ASO,ES,Federal Contract Tower,2,4,12,0,18,0,0,1,0,1,2,4,13,0,19,0,0,0,19
09/01/2017,MCN,GA,ASO,ES,Federal Contract Tower,1,5,15,0,21,0,0,4,0,4,1,5,19,0,25,0,0,0,25
09/02/2017,MCN,GA,ASO,ES,Federal Contract Tower,2,3,21,0,26,0,0,15,4,19,2,3,36,4,45,8,0,8,53
09/03/2017,MCN,GA,ASO,ES,Federal Contract Tower,6,2,3,0,11,0,0,17,0,17,6,2,20,0,28,0,0,0,28
09/04/2017,MCN,GA,ASO,ES,Federal Contract Tower,2,3,7,0,12,0,0,31,4,35,2,3,38,4,47,0,0,0,47
09/05/2017,MCN,GA,ASO,ES,Federal Contract Tower,0,4,15,2,21,0,1,25,0,26,0,5,40,2,47,14,0,14,61
09/06/2017,MCN,GA,ASO,ES,Federal Contract Tower,0,9,29,0,38,0,0,16,0,16,0,9,45,0,54,2,0,2,56
09/07/2017,MCN,GA,ASO,ES,Federal Contract Tower,0,4,27,0,31,0,0,20,0,20,0,4,47,0,51,8,0,8,59
09/08/2017,MCN,GA,ASO,ES,Federal Contract Tower,0,5,58,0,63,0,0,40,0,40,0,5,98,0,103,4,0,4,107
09/09/2017,MCN,GA,ASO,ES,Federal Contract Tower,1,6,23,0,30,0,0,15,0,15,1,6,38,0,45,2,0,2,47
09/10/2017,MCN,GA,ASO,ES,Federal Contract Tower,0,3,11,2,16,0,0,1,0,1,0,3,12,2,17,0,0,0,17
09/11/2017,MCN,GA,ASO,ES,Federal Contract Tower,0,0,0,0,0,0,0,0,0,0,0,0,0,0,0,0,0,0,0
09/12/2017,MCN,GA,ASO,ES,Federal Contract Tower,0,3,20,0,23,0,0,3,0,3,0,3,23,0,26,2,0,2,28
09/13/2017,MCN,GA,ASO,ES,Federal Contract Tower,1,5,24,0,30,0,0,30,0,30,1,5,54,0,60,2,0,2,62
09/14/2017,MCN,GA,ASO,ES,Federal Contract Tower,0,3,16,0,19,0,0,12,0,12,0,3,28,0,31,2,0,2,33
09/15/2017,MCN,GA,ASO,ES,Federal Contract Tower,0,5,13,3,21,0,1,13,1,15,0,6,26,4,36,4,0,4,40
09/16/2017,MCN,GA,ASO,ES,Federal Contract Tower,0,1,10,0,11,0,0,10,0,10,0,1,20,0,21,2,0,2,23
09/17/2017,MCN,GA,ASO,ES,Federal Contract Tower,1,2,10,3,16,0,0,23,1,24,1,2,33,4,40,2,0,2,42
09/18/2017,MCN,GA,ASO,ES,Federal Contract Tower,0,5,17,0,22,0,3,26,0,29,0,8,43,0,51,4,0,4,55
09/19/2017,MCN,GA,ASO,ES,Federal Contract Tower,0,7,15,2,24,0,0,25,0,25,0,7,40,2,49,6,0,6,55
09/20/2017,MCN,GA,ASO,ES,Federal Contract Tower,0,5,20,0,25,0,0,13,0,13,0,5,33,0,38,0,0,0,38
09/21/2017,MCN,GA,ASO,ES,Federal Contract Tower,0,3,13,2,18,0,0,16,1,17,0,3,29,3,35,10,0,10,45
09/22/2017,MCN,GA,ASO,ES,Federal Contract Tower,0,5,19,5,29,0,0,19,7,26,0,5,38,12,55,12,0,12,67
09/23/2017,MCN,GA,ASO,ES,Federal Contract Tower,0,1,6,0,7,0,0,22,0,22,0,1,28,0,29,24,0,24,53
09/24/2017,MCN,GA,ASO,ES,Federal Contract Tower,0,6,15,5,26,0,0,12,5,17,0,6,27,10,43,12,0,12,55
09/25/2017,MCN,GA,ASO,ES,Federal Contract Tower,0,3,22,0,25,0,0,18,2,20,0,3,40,2,45,6,0,6,51
09/26/2017,MCN,GA,ASO,ES,Federal Contract Tower,0,5,12,0,17,0,0,14,0,14,0,5,26,0,31,6,0,6,37
09/27/2017,MCN,GA,ASO,ES,Federal Contract Tower,0,4,18,0,22,0,0,8,0,8,0,4,26,0,30,2,0,2,32
09/28/2017,MCN,GA,ASO,ES,Federal Contract Tower,0,5,34,0,39,0,0,26,0,26,0,5,60,0,65,2,0,2,67
09/29/2017,MCN,GA,ASO,ES,Federal Contract Tower,0,5,27,0,32,0,2,23,8,33,0,7,50,8,65,10,0,10,75
09/30/2017,MCN,GA,ASO,ES,Federal Contract Tower,1,4,2,0,7,0,0,7,0,7,1,4,9,0,14,2,0,2,16
10/01/2017,MCN,GA,ASO,ES,Federal Contract Tower,4,2,16,0,22,0,0,17,8,25,4,2,33,8,47,12,0,12,59
10/02/2017,MCN,GA,ASO,ES,Federal Contract Tower,0,2,24,0,26,0,0,20,2,22,0,2,44,2,48,2,0,2,50
10/03/2017,MCN,GA,ASO,ES,Federal Contract Tower,2,7,9,0,18,0,2,25,0,27,2,9,34,0,45,10,0,10,55
10/04/2017,MCN,GA,ASO,ES,Federal Contract Tower,1,4,20,0,25,0,0,20,0,20,1,4,40,0,45,4,0,4,49
10/05/2017,MCN,GA,ASO,ES,Federal Contract Tower,0,3,28,0,31,0,0,7,0,7,0,3,35,0,38,2,0,2,40
10/06/2017,MCN,GA,ASO,ES,Federal Contract Tower,0,8,23,0,31,0,0,18,0,18,0,8,41,0,49,18,0,18,67
10/07/2017,MCN,GA,ASO,ES,Federal Contract Tower,0,1,20,0,21,0,0,2,1,3,0,1,22,1,24,0,0,0,24
10/08/2017,MCN,GA,ASO,ES,Federal Contract Tower,0,4,9,0,13,0,0,0,0,0,0,4,9,0,13,0,0,0,13
10/09/2017,MCN,GA,ASO,ES,Federal Contract Tower,0,10,11,0,21,0,0,4,0,4,0,10,15,0,25,0,0,0,25
10/10/2017,MCN,GA,ASO,ES,Federal Contract Tower,1,5,14,0,20,0,0,9,0,9,1,5,23,0,29,0,0,0,29
10/11/2017,MCN,GA,ASO,ES,Federal Contract Tower,0,3,20,2,25,0,0,11,0,11,0,3,31,2,36,10,0,10,46
10/12/2017,MCN,GA,ASO,ES,Federal Contract Tower,0,3,11,0,14,0,0,21,0,21,0,3,32,0,35,14,0,14,49
10/13/2017,MCN,GA,ASO,ES,Federal Contract Tower,0,6,15,2,23,0,0,9,0,9,0,6,24,2,32,0,0,0,32
10/14/2017,MCN,GA,ASO,ES,Federal Contract Tower,0,1,14,2,17,0,0,9,0,9,0,1,23,2,26,6,0,6,32
10/15/2017,MCN,GA,ASO,ES,Federal Contract Tower,0,3,13,1,17,0,0,17,1,18,0,3,30,2,35,12,0,12,47
10/16/2017,MCN,GA,ASO,ES,Federal Contract Tower,0,5,14,0,19,0,0,6,0,6,0,5,20,0,25,0,0,0,25
10/17/2017,MCN,GA,ASO,ES,Federal Contract Tower,0,4,17,0,21,0,0,7,0,7,0,4,24,0,28,0,0,0,28
10/18/2017,MCN,GA,ASO,ES,Federal Contract Tower,1,3,23,0,27,0,0,9,0,9,1,3,32,0,36,4,0,4,40
10/19/2017,MCN,GA,ASO,ES,Federal Contract Tower,0,3,21,0,24,0,0,17,0,17,0,3,38,0,41,2,0,2,43
10/20/2017,MCN,GA,ASO,ES,Federal Contract Tower,3,5,27,10,45,0,0,11,5,16,3,5,38,15,61,6,0,6,67
10/21/2017,MCN,GA,ASO,ES,Federal Contract Tower,0,1,12,0,13,0,0,15,0,15,0,1,27,0,28,10,0,10,38
10/22/2017,MCN,GA,ASO,ES,Federal Contract Tower,0,4,22,0,26,0,0,6,4,10,0,4,28,4,36,0,0,0,36
10/23/2017,MCN,GA,ASO,ES,Federal Contract Tower,0,3,6,2,11,0,0,0,0,0,0,3,6,2,11,0,0,0,11
10/24/2017,MCN,GA,ASO,ES,Federal Contract Tower,0,3,27,0,30,0,0,12,0,12,0,3,39,0,42,6,0,6,48
10/25/2017,MCN,GA,ASO,ES,Federal Contract Tower,0,3,25,0,28,0,0,18,0,18,0,3,43,0,46,14,0,14,60
10/26/2017,MCN,GA,ASO,ES,Federal Contract Tower,0,4,23,0,27,0,0,19,0,19,0,4,42,0,46,14,0,14,60
10/27/2017,MCN,GA,ASO,ES,Federal Contract Tower,0,5,29,5,39,0,1,13,0,14,0,6,42,5,53,2,2,4,57
10/28/2017,MCN,GA,ASO,ES,Federal Contract Tower,0,1,6,2,9,0,0,11,0,11,0,1,17,2,20,0,0,0,20
10/29/2017,MCN,GA,ASO,ES,Federal Contract Tower,0,6,19,0,25,0,0,17,0,17,0,6,36,0,42,0,0,0,42
10/30/2017,MCN,GA,ASO,ES,Federal Contract Tower,0,4,20,0,24,0,0,24,0,24,0,4,44,0,48,16,0,16,64
10/31/2017,MCN,GA,ASO,ES,Federal Contract Tower,0,4,11,4,19,0,0,24,0,24,0,4,35,4,43,4,0,4,47
11/01/2017,MCN,GA,ASO,ES,Federal Contract Tower,0,9,24,0,33,0,0,16,0,16,0,9,40,0,49,4,0,4,53
11/02/2017,MCN,GA,ASO,ES,Federal Contract Tower,2,4,21,3,30,0,0,16,2,18,2,4,37,5,48,4,4,8,56
11/03/2017,MCN,GA,ASO,ES,Federal Contract Tower,1,5,14,0,20,0,0,8,2,10,1,5,22,2,30,0,0,0,30
11/04/2017,MCN,GA,ASO,ES,Federal Contract Tower,0,1,20,0,21,0,0,13,0,13,0,1,33,0,34,10,0,10,44
11/05/2017,MCN,GA,ASO,ES,Federal Contract Tower,0,2,24,0,26,0,0,12,0,12,0,2,36,0,38,16,0,16,54
11/06/2017,MCN,GA,ASO,ES,Federal Contract Tower,0,4,19,0,23,0,0,6,0,6,0,4,25,0,29,4,0,4,33
11/07/2017,MCN,GA,ASO,ES,Federal Contract Tower,1,3,22,0,26,0,0,15,0,15,1,3,37,0,41,8,0,8,49
11/08/2017,MCN,GA,ASO,ES,Federal Contract Tower,0,4,37,2,43,0,0,6,0,6,0,4,43,2,49,0,0,0,49
11/09/2017,MCN,GA,ASO,ES,Federal Contract Tower,5,3,42,0,50,0,0,1,0,1,5,3,43,0,51,0,0,0,51
11/10/2017,MCN,GA,ASO,ES,Federal Contract Tower,0,3,24,0,27,0,0,12,0,12,0,3,36,0,39,2,0,2,41
11/11/2017,MCN,GA,ASO,ES,Federal Contract Tower,0,3,15,0,18,0,1,5,0,6,0,4,20,0,24,0,0,0,24
11/12/2017,MCN,GA,ASO,ES,Federal Contract Tower,0,4,18,0,22,0,0,1,0,1,0,4,19,0,23,0,0,0,23
11/13/2017,MCN,GA,ASO,ES,Federal Contract Tower,0,3,17,0,20,0,0,14,0,14,0,3,31,0,34,34,0,34,68
11/14/2017,MCN,GA,ASO,ES,Federal Contract Tower,0,3,14,0,17,0,0,14,0,14,0,3,28,0,31,4,0,4,35
11/15/2017,MCN,GA,ASO,ES,Federal Contract Tower,0,5,24,0,29,0,0,20,0,20,0,5,44,0,49,0,0,0,49
11/16/2017,MCN,GA,ASO,ES,Federal Contract Tower,0,4,23,0,27,0,2,22,0,24,0,6,45,0,51,0,0,0,51
11/17/2017,MCN,GA,ASO,ES,Federal Contract Tower,0,3,27,7,37,0,0,13,3,16,0,3,40,10,53,8,0,8,61
11/18/2017,MCN,GA,ASO,ES,Federal Contract Tower,0,1,10,0,11,0,7,14,0,21,0,8,24,0,32,8,0,8,40
11/19/2017,MCN,GA,ASO,ES,Federal Contract Tower,0,3,15,0,18,0,0,5,0,5,0,3,20,0,23,2,0,2,25
11/20/2017,MCN,GA,ASO,ES,Federal Contract Tower,0,13,20,0,33,0,0,16,0,16,0,13,36,0,49,8,0,8,57
11/21/2017,MCN,GA,ASO,ES,Federal Contract Tower,0,4,25,0,29,0,0,10,0,10,0,4,35,0,39,12,0,12,51
11/22/2017,MCN,GA,ASO,ES,Federal Contract Tower,0,3,20,0,23,0,2,18,0,20,0,5,38,0,43,18,0,18,61
11/23/2017,MCN,GA,ASO,ES,Federal Contract Tower,0,1,3,0,4,0,0,4,0,4,0,1,7,0,8,4,0,4,12
11/24/2017,MCN,GA,ASO,ES,Federal Contract Tower,0,5,14,0,19,0,1,11,0,12,0,6,25,0,31,0,0,0,31
11/25/2017,MCN,GA,ASO,ES,Federal Contract Tower,0,3,6,0,9,0,0,13,0,13,0,3,19,0,22,20,0,20,42
11/26/2017,MCN,GA,ASO,ES,Federal Contract Tower,0,3,24,0,27,0,0,10,0,10,0,3,34,0,37,4,0,4,41
11/27/2017,MCN,GA,ASO,ES,Federal Contract Tower,0,6,9,0,15,0,0,8,0,8,0,6,17,0,23,6,0,6,29
11/28/2017,MCN,GA,ASO,ES,Federal Contract Tower,0,10,17,0,27,0,0,20,0,20,0,10,37,0,47,6,0,6,53
11/29/2017,MCN,GA,ASO,ES,Federal Contract Tower,0,13,21,0,34,0,0,2,0,2,0,13,23,0,36,4,0,4,40
11/30/2017,MCN,GA,ASO,ES,Federal Contract Tower,0,7,12,0,19,0,3,16,0,19,0,10,28,0,38,0,0,0,38
12/01/2017,MCN,GA,ASO,ES,Federal Contract Tower,0,7,18,8,33,0,0,17,3,20,0,7,35,11,53,4,0,4,57
12/02/2017,MCN,GA,ASO,ES,Federal Contract Tower,0,1,7,0,8,0,0,3,2,5,0,1,10,2,13,0,0,0,13
12/03/2017,MCN,GA,ASO,ES,Federal Contract Tower,0,2,17,8,27,0,0,5,7,12,0,2,22,15,39,0,0,0,39
12/04/2017,MCN,GA,ASO,ES,Federal Contract Tower,0,3,18,0,21,0,0,11,0,11,0,3,29,0,32,0,0,0,32
12/05/2017,MCN,GA,ASO,ES,Federal Contract Tower,0,3,12,0,15,0,0,2,0,2,0,3,14,0,17,0,0,0,17
12/06/2017,MCN,GA,ASO,ES,Federal Contract Tower,0,5,14,0,19,0,0,7,0,7,0,5,21,0,26,0,0,0,26
12/07/2017,MCN,GA,ASO,ES,Federal Contract Tower,0,10,12,0,22,0,0,0,0,0,0,10,12,0,22,0,0,0,22
12/08/2017,MCN,GA,ASO,ES,Federal Contract Tower,2,6,5,0,13,0,0,0,0,0,2,6,5,0,13,0,0,0,13
12/09/2017,MCN,GA,ASO,ES,Federal Contract Tower,0,10,6,0,16,0,0,0,0,0,0,10,6,0,16,0,0,0,16
12/10/2017,MCN,GA,ASO,ES,Federal Contract Tower,0,2,10,0,12,0,2,8,0,10,0,4,18,0,22,0,0,0,22
12/11/2017,MCN,GA,ASO,ES,Federal Contract Tower,2,6,13,0,21,0,0,24,0,24,2,6,37,0,45,12,0,12,57
12/12/2017,MCN,GA,ASO,ES,Federal Contract Tower,0,6,20,0,26,0,0,6,0,6,0,6,26,0,32,6,0,6,38
12/13/2017,MCN,GA,ASO,ES,Federal Contract Tower,0,4,16,0,20,0,0,22,0,22,0,4,38,0,42,10,0,10,52
12/14/2017,MCN,GA,ASO,ES,Federal Contract Tower,0,5,31,0,36,0,0,14,0,14,0,5,45,0,50,0,0,0,50
12/15/2017,MCN,GA,ASO,ES,Federal Contract Tower,0,5,23,4,32,0,0,6,2,8,0,5,29,6,40,0,4,4,44
12/16/2017,MCN,GA,ASO,ES,Federal Contract Tower,0,3,6,0,9,0,0,8,0,8,0,3,14,0,17,0,0,0,17
12/17/2017,MCN,GA,ASO,ES,Federal Contract Tower,0,4,10,2,16,0,0,7,3,10,0,4,17,5,26,8,0,8,34
12/18/2017,MCN,GA,ASO,ES,Federal Contract Tower,0,4,18,0,22,0,0,0,0,0,0,4,18,0,22,0,0,0,22
12/19/2017,MCN,GA,ASO,ES,Federal Contract Tower,0,4,20,0,24,0,0,12,2,14,0,4,32,2,38,8,0,8,46
12/20/2017,MCN,GA,ASO,ES,Federal Contract Tower,0,3,12,1,16,0,0,0,0,0,0,3,12,1,16,0,0,0,16
12/21/2017,MCN,GA,ASO,ES,Federal Contract Tower,0,6,12,0,18,0,0,0,0,0,0,6,12,0,18,0,0,0,18
12/22/2017,MCN,GA,ASO,ES,Federal Contract Tower,0,4,20,0,24,0,0,2,0,2,0,4,22,0,26,0,0,0,26
12/23/2017,MCN,GA,ASO,ES,Federal Contract Tower,0,5,10,0,15,0,0,0,0,0,0,5,10,0,15,0,0,0,15
12/24/2017,MCN,GA,ASO,ES,Federal Contract Tower,0,2,2,0,4,0,0,0,0,0,0,2,2,0,4,0,0,0,4
12/25/2017,MCN,GA,ASO,ES,Federal Contract Tower,0,0,0,0,0,0,0,4,0,4,0,0,4,0,4,0,0,0,4
12/26/2017,MCN,GA,ASO,ES,Federal Contract Tower,0,4,8,0,12,0,0,15,0,15,0,4,23,0,27,0,0,0,27
12/27/2017,MCN,GA,ASO,ES,Federal Contract Tower,0,5,20,0,25,0,0,0,0,0,0,5,20,0,25,0,0,0,25
12/28/2017,MCN,GA,ASO,ES,Federal Contract Tower,0,7,14,0,21,0,0,11,0,11,0,7,25,0,32,14,0,14,46
12/29/2017,MCN,GA,ASO,ES,Federal Contract Tower,0,4,26,0,30,0,0,24,0,24,0,4,50,0,54,8,0,8,62
12/30/2017,MCN,GA,ASO,ES,Federal Contract Tower,0,3,7,0,10,0,0,20,0,20,0,3,27,0,30,20,0,20,50
12/31/2017,MCN,GA,ASO,ES,Federal Contract Tower,0,2,6,0,8,0,0,1,0,1,0,2,7,0,9,0,0,0,9
01/01/2018,MCN,GA,ASO,ES,Federal Contract Tower,0,4,7,0,11,0,0,1,0,1,0,4,8,0,12,0,0,0,12
01/02/2018,MCN,GA,ASO,ES,Federal Contract Tower,0,3,13,4,20,0,0,1,0,1,0,3,14,4,21,0,0,0,21
01/03/2018,MCN,GA,ASO,ES,Federal Contract Tower,0,5,16,0,21,0,0,8,0,8,0,5,24,0,29,12,0,12,41
01/04/2018,MCN,GA,ASO,ES,Federal Contract Tower,0,3,3,0,6,0,0,7,0,7,0,3,10,0,13,0,0,0,13
01/05/2018,MCN,GA,ASO,ES,Federal Contract Tower,0,3,13,2,18,0,0,10,0,10,0,3,23,2,28,4,0,4,32
01/06/2018,MCN,GA,ASO,ES,Federal Contract Tower,0,1,10,0,11,0,0,10,0,10,0,1,20,0,21,2,0,2,23
01/07/2018,MCN,GA,ASO,ES,Federal Contract Tower,0,3,9,0,12,0,0,11,0,11,0,3,20,0,23,6,0,6,29
01/08/2018,MCN,GA,ASO,ES,Federal Contract Tower,0,3,5,0,8,0,0,3,0,3,0,3,8,0,11,0,0,0,11
01/09/2018,MCN,GA,ASO,ES,Federal Contract Tower,0,3,12,2,17,0,0,7,1,8,0,3,19,3,25,0,0,0,25
01/10/2018,MCN,GA,ASO,ES,Federal Contract Tower,0,8,10,0,18,0,0,13,0,13,0,8,23,0,31,8,0,8,39
01/11/2018,MCN,GA,ASO,ES,Federal Contract Tower,0,7,21,0,28,0,0,0,0,0,0,7,21,0,28,0,0,0,28
01/12/2018,MCN,GA,ASO,ES,Federal Contract Tower,0,3,24,0,27,0,0,0,0,0,0,3,24,0,27,0,0,0,27
01/13/2018,MCN,GA,ASO,ES,Federal Contract Tower,0,2,12,0,14,0,0,7,0,7,0,2,19,0,21,0,0,0,21
01/14/2018,MCN,GA,ASO,ES,Federal Contract Tower,0,3,17,0,20,0,0,19,0,19,0,3,36,0,39,4,0,4,43
01/15/2018,MCN,GA,ASO,ES,Federal Contract Tower,0,4,26,0,30,0,0,34,0,34,0,4,60,0,64,20,0,20,84
01/16/2018,MCN,GA,ASO,ES,Federal Contract Tower,0,4,11,0,15,0,0,10,0,10,0,4,21,0,25,0,0,0,25
01/17/2018,MCN,GA,ASO,ES,Federal Contract Tower,0,5,8,0,13,0,0,6,0,6,0,5,14,0,19,0,0,0,19
01/18/2018,MCN,GA,ASO,ES,Federal Contract Tower,0,5,16,0,21,0,0,6,0,6,0,5,22,0,27,4,0,4,31
01/19/2018,MCN,GA,ASO,ES,Federal Contract Tower,0,4,16,0,20,0,0,29,0,29,0,4,45,0,49,4,0,4,53
01/20/2018,MCN,GA,ASO,ES,Federal Contract Tower,0,1,14,0,15,0,0,20,0,20,0,1,34,0,35,20,0,20,55
01/21/2018,MCN,GA,ASO,ES,Federal Contract Tower,0,2,16,5,23,0,0,22,1,23,0,2,38,6,46,10,0,10,56
01/22/2018,MCN,GA,ASO,ES,Federal Contract Tower,0,3,13,2,18,0,0,0,2,2,0,3,13,4,20,0,0,0,20
01/23/2018,MCN,GA,ASO,ES,Federal Contract Tower,0,4,15,0,19,0,0,5,0,5,0,4,20,0,24,0,0,0,24
01/24/2018,MCN,GA,ASO,ES,Federal Contract Tower,0,7,21,0,28,0,0,15,0,15,0,7,36,0,43,8,0,8,51
01/25/2018,MCN,GA,ASO,ES,Federal Contract Tower,0,5,19,4,28,0,0,21,1,22,0,5,40,5,50,2,0,2,52
01/26/2018,MCN,GA,ASO,ES,Federal Contract Tower,0,6,21,6,33,0,0,20,2,22,0,6,41,8,55,2,0,2,57
01/27/2018,MCN,GA,ASO,ES,Federal Contract Tower,0,4,7,0,11,0,0,1,0,1,0,4,8,0,12,0,0,0,12
01/28/2018,MCN,GA,ASO,ES,Federal Contract Tower,1,5,26,0,32,0,0,0,0,0,1,5,26,0,32,0,0,0,32
01/29/2018,MCN,GA,ASO,ES,Federal Contract Tower,0,3,9,0,12,0,0,6,0,6,0,3,15,0,18,6,0,6,24
01/30/2018,MCN,GA,ASO,ES,Federal Contract Tower,0,6,15,1,22,0,0,5,1,6,0,6,20,2,28,0,0,0,28
01/31/2018,MCN,GA,ASO,ES,Federal Contract Tower,0,3,24,0,27,0,0,13,0,13,0,3,37,0,40,0,0,0,40
02/01/2018,MCN,GA,ASO,ES,Federal Contract Tower,0,3,14,1,18,0,0,19,1,20,0,3,33,2,38,8,0,8,46
02/02/2018,MCN,GA,ASO,ES,Federal Contract Tower,0,4,14,0,18,0,0,7,0,7,0,4,21,0,25,0,0,0,25
02/03/2018,MCN,GA,ASO,ES,Federal Contract Tower,0,2,0,0,2,0,0,14,0,14,0,2,14,0,16,0,0,0,16
02/04/2018,MCN,GA,ASO,ES,Federal Contract Tower,0,2,6,0,8,0,0,1,0,1,0,2,7,0,9,0,0,0,9
02/05/2018,MCN,GA,ASO,ES,Federal Contract Tower,0,4,23,3,30,0,0,30,4,34,0,4,53,7,64,6,0,6,70
02/06/2018,MCN,GA,ASO,ES,Federal Contract Tower,0,8,27,2,37,0,0,22,2,24,0,8,49,4,61,8,0,8,69
02/07/2018,MCN,GA,ASO,ES,Federal Contract Tower,0,5,10,0,15,0,0,2,0,2,0,5,12,0,17,2,0,2,19
02/08/2018,MCN,GA,ASO,ES,Federal Contract Tower,0,4,24,0,28,0,0,20,0,20,0,4,44,0,48,0,0,0,48
02/09/2018,MCN,GA,ASO,ES,Federal Contract Tower,0,3,19,2,24,0,0,4,0,4,0,3,23,2,28,0,0,0,28
02/10/2018,MCN,GA,ASO,ES,Federal Contract Tower,0,3,13,0,16,0,0,0,0,0,0,3,13,0,16,0,0,0,16
02/11/2018,MCN,GA,ASO,ES,Federal Contract Tower,0,2,2,2,6,0,0,0,0,0,0,2,2,2,6,0,0,0,6
02/12/2018,MCN,GA,ASO,ES,Federal Contract Tower,0,3,26,3,32,0,0,0,0,0,0,3,26,3,32,0,0,0,32
02/13/2018,MCN,GA,ASO,ES,Federal Contract Tower,0,1,22,0,23,0,0,0,0,0,0,1,22,0,23,0,0,0,23
02/14/2018,MCN,GA,ASO,ES,Federal Contract Tower,0,3,26,0,29,0,0,2,0,2,0,3,28,0,31,2,0,2,33
02/15/2018,MCN,GA,ASO,ES,Federal Contract Tower,0,4,23,3,30,0,0,7,2,9,0,4,30,5,39,6,2,8,47
02/16/2018,MCN,GA,ASO,ES,Federal Contract Tower,0,5,25,1,31,0,0,11,3,14,0,5,36,4,45,6,0,6,51
02/17/2018,MCN,GA,ASO,ES,Federal Contract Tower,0,3,14,0,17,0,0,13,2,15,0,3,27,2,32,2,0,2,34
02/18/2018,MCN,GA,ASO,ES,Federal Contract Tower,0,2,26,0,28,0,0,9,0,9,0,2,35,0,37,0,0,0,37
02/19/2018,MCN,GA,ASO,ES,Federal Contract Tower,0,3,26,0,29,0,0,7,0,7,0,3,33,0,36,0,0,0,36
02/20/2018,MCN,GA,ASO,ES,Federal Contract Tower,0,3,26,2,31,0,0,1,0,1,0,3,27,2,32,0,0,0,32
02/21/2018,MCN,GA,ASO,ES,Federal Contract Tower,0,3,18,2,23,0,0,8,0,8,0,3,26,2,31,2,0,2,33
02/22/2018,MCN,GA,ASO,ES,Federal Contract Tower,0,7,25,5,37,0,0,13,0,13,0,7,38,5,50,12,0,12,62
02/23/2018,MCN,GA,ASO,ES,Federal Contract Tower,0,7,24,0,31,0,0,19,0,19,0,7,43,0,50,12,0,12,62
02/24/2018,MCN,GA,ASO,ES,Federal Contract Tower,0,4,9,0,13,0,0,17,0,17,0,4,26,0,30,4,0,4,34
02/25/2018,MCN,GA,ASO,ES,Federal Contract Tower,0,7,6,0,13,0,0,1,0,1,0,7,7,0,14,0,0,0,14
02/26/2018,MCN,GA,ASO,ES,Federal Contract Tower,0,8,28,0,36,0,0,2,0,2,0,8,30,0,38,2,0,2,40
02/27/2018,MCN,GA,ASO,ES,Federal Contract Tower,0,4,25,0,29,0,0,13,0,13,0,4,38,0,42,0,0,0,42
02/28/2018,MCN,GA,ASO,ES,Federal Contract Tower,0,7,18,1,26,0,0,0,0,0,0,7,18,1,26,0,0,0,26
03/01/2018,MCN,GA,ASO,ES,Federal Contract Tower,0,4,17,0,21,0,0,1,0,1,0,4,18,0,22,0,0,0,22
03/02/2018,MCN,GA,ASO,ES,Federal Contract Tower,0,7,31,0,38,0,0,23,0,23,0,7,54,0,61,8,0,8,69
03/03/2018,MCN,GA,ASO,ES,Federal Contract Tower,0,1,19,0,20,0,0,10,0,10,0,1,29,0,30,12,0,12,42
03/04/2018,MCN,GA,ASO,ES,Federal Contract Tower,0,4,16,2,22,0,0,16,4,20,0,4,32,6,42,10,0,10,52
03/05/2018,MCN,GA,ASO,ES,Federal Contract Tower,0,3,13,0,16,0,0,5,0,5,0,3,18,0,21,0,0,0,21
03/06/2018,MCN,GA,ASO,ES,Federal Contract Tower,0,4,13,0,17,0,0,0,0,0,0,4,13,0,17,0,0,0,17
03/07/2018,MCN,GA,ASO,ES,Federal Contract Tower,0,5,16,2,23,0,0,7,0,7,0,5,23,2,30,0,0,0,30
03/08/2018,MCN,GA,ASO,ES,Federal Contract Tower,0,6,14,0,20,0,0,5,0,5,0,6,19,0,25,0,0,0,25
03/09/2018,MCN,GA,ASO,ES,Federal Contract Tower,0,5,21,8,34,0,0,8,0,8,0,5,29,8,42,0,0,0,42
03/10/2018,MCN,GA,ASO,ES,Federal Contract Tower,0,1,16,0,17,0,2,15,0,17,0,3,31,0,34,8,0,8,42
03/11/2018,MCN,GA,ASO,ES,Federal Contract Tower,0,2,6,0,8,0,0,0,0,0,0,2,6,0,8,0,0,0,8
03/12/2018,MCN,GA,ASO,ES,Federal Contract Tower,0,3,26,0,29,0,0,2,0,2,0,3,28,0,31,0,0,0,31
03/13/2018,MCN,GA,ASO,ES,Federal Contract Tower,0,5,20,0,25,0,0,20,0,20,0,5,40,0,45,12,0,12,57
03/14/2018,MCN,GA,ASO,ES,Federal Contract Tower,0,4,29,0,33,0,0,14,2,16,0,4,43,2,49,2,0,2,51
03/15/2018,MCN,GA,ASO,ES,Federal Contract Tower,0,3,24,8,35,0,0,7,0,7,0,3,31,8,42,0,2,2,44
03/16/2018,MCN,GA,ASO,ES,Federal Contract Tower,0,3,20,5,28,0,0,21,4,25,0,3,41,9,53,10,0,10,63
03/17/2018,MCN,GA,ASO,ES,Federal Contract Tower,0,1,16,0,17,0,0,8,0,8,0,1,24,0,25,2,0,2,27
03/18/2018,MCN,GA,ASO,ES,Federal Contract Tower,0,2,12,4,18,0,0,20,4,24,0,2,32,8,42,10,0,10,52
03/19/2018,MCN,GA,ASO,ES,Federal Contract Tower,0,3,38,0,41,0,0,0,0,0,0,3,38,0,41,0,0,0,41
03/20/2018,MCN,GA,ASO,ES,Federal Contract Tower,0,6,22,0,28,0,0,7,2,9,0,6,29,2,37,8,0,8,45
03/21/2018,MCN,GA,ASO,ES,Federal Contract Tower,0,0,17,0,17,0,0,3,0,3,0,0,20,0,20,0,0,0,20
03/22/2018,MCN,GA,ASO,ES,Federal Contract Tower,0,5,19,2,26,0,2,1,0,3,0,7,20,2,29,0,0,0,29
03/23/2018,MCN,GA,ASO,ES,Federal Contract Tower,0,6,21,2,29,0,0,13,4,17,0,6,34,6,46,2,0,2,48
03/24/2018,MCN,GA,ASO,ES,Federal Contract Tower,0,3,15,0,18,0,0,22,0,22,0,3,37,0,40,12,0,12,52
03/25/2018,MCN,GA,ASO,ES,Federal Contract Tower,0,2,19,0,21,0,0,0,0,0,0,2,19,0,21,0,0,0,21
03/26/2018,MCN,GA,ASO,ES,Federal Contract Tower,0,4,24,6,34,0,0,0,3,3,0,4,24,9,37,0,0,0,37
03/27/2018,MCN,GA,ASO,ES,Federal Contract Tower,0,4,30,0,34,0,0,4,8,12,0,4,34,8,46,0,0,0,46
03/28/2018,MCN,GA,ASO,ES,Federal Contract Tower,0,5,17,0,22,0,0,16,2,18,0,5,33,2,40,4,0,4,44
03/29/2018,MCN,GA,ASO,ES,Federal Contract Tower,2,4,12,0,18,0,0,3,0,3,2,4,15,0,21,0,0,0,21
03/30/2018,MCN,GA,ASO,ES,Federal Contract Tower,0,4,21,0,25,0,0,11,0,11,0,4,32,0,36,6,0,6,42
03/31/2018,MCN,GA,ASO,ES,Federal Contract Tower,0,6,25,0,31,0,0,14,2,16,0,6,39,2,47,0,0,0,47
04/01/2018,MCN,GA,ASO,ES,Federal Contract Tower,2,6,9,0,17,0,0,10,0,10,2,6,19,0,27,0,0,0,27
04/02/2018,MCN,GA,ASO,ES,Federal Contract Tower,0,3,14,0,17,0,0,8,0,8,0,3,22,0,25,2,0,2,27
04/03/2018,MCN,GA,ASO,ES,Federal Contract Tower,0,4,26,0,30,0,0,17,0,17,0,4,43,0,47,12,0,12,59
04/04/2018,MCN,GA,ASO,ES,Federal Contract Tower,0,5,24,0,29,0,0,5,0,5,0,5,29,0,34,0,0,0,34
04/05/2018,MCN,GA,ASO,ES,Federal Contract Tower,0,6,33,2,41,0,0,23,0,23,0,6,56,2,64,26,0,26,90
04/06/2018,MCN,GA,ASO,ES,Federal Contract Tower,0,4,36,2,42,0,0,22,2,24,0,4,58,4,66,32,0,32,98
04/07/2018,MCN,GA,ASO,ES,Federal Contract Tower,0,3,4,0,7,0,0,2,0,2,0,3,6,0,9,8,0,8,17
04/08/2018,MCN,GA,ASO,ES,Federal Contract Tower,0,9,22,2,33,0,0,2,4,6,0,9,24,6,39,0,0,0,39
04/09/2018,MCN,GA,ASO,ES,Federal Contract Tower,0,3,13,0,16,0,0,0,0,0,0,3,13,0,16,0,0,0,16
04/10/2018,MCN,GA,ASO,ES,Federal Contract Tower,0,6,15,0,21,0,0,7,0,7,0,6,22,0,28,26,0,26,54
04/11/2018,MCN,GA,ASO,ES,Federal Contract Tower,0,6,21,0,27,0,0,21,6,27,0,6,42,6,54,2,0,2,56
04/12/2018,MCN,GA,ASO,ES,Federal Contract Tower,0,5,8,0,13,0,0,39,0,39,0,5,47,0,52,64,0,64,116
04/13/2018,MCN,GA,ASO,ES,Federal Contract Tower,0,8,17,0,25,0,0,20,2,22,0,8,37,2,47,0,0,0,47
04/14/2018,MCN,GA,ASO,ES,Federal Contract Tower,0,1,11,0,12,0,0,10,0,10,0,1,21,0,22,0,0,0,22
04/15/2018,MCN,GA,ASO,ES,Federal Contract Tower,0,7,8,0,15,0,0,0,1,1,0,7,8,1,16,0,0,0,16
04/16/2018,MCN,GA,ASO,ES,Federal Contract Tower,0,3,8,0,11,0,0,12,1,13,0,3,20,1,24,2,0,2,26
04/17/2018,MCN,GA,ASO,ES,Federal Contract Tower,0,3,21,2,26,0,0,21,0,21,0,3,42,2,47,4,0,4,51
04/18/2018,MCN,GA,ASO,ES,Federal Contract Tower,0,2,19,0,21,0,0,16,2,18,0,2,35,2,39,6,0,6,45
04/19/2018,MCN,GA,ASO,ES,Federal Contract Tower,0,2,12,2,16,0,0,9,0,9,0,2,21,2,25,0,0,0,25
04/20/2018,MCN,GA,ASO,ES,Federal Contract Tower,0,4,22,0,26,0,0,13,0,13,0,4,35,0,39,16,0,16,55
04/21/2018,MCN,GA,ASO,ES,Federal Contract Tower,0,5,19,0,24,0,0,23,4,27,0,5,42,4,51,16,0,16,67
04/22/2018,MCN,GA,ASO,ES,Federal Contract Tower,0,6,11,0,17,0,0,0,0,0,0,6,11,0,17,0,0,0,17
04/23/2018,MCN,GA,ASO,ES,Federal Contract Tower,0,6,17,0,23,0,0,0,6,6,0,6,17,6,29,0,0,0,29
04/24/2018,MCN,GA,ASO,ES,Federal Contract Tower,0,4,45,0,49,0,0,7,0,7,0,4,52,0,56,6,0,6,62
04/25/2018,MCN,GA,ASO,ES,Federal Contract Tower,0,6,28,2,36,0,0,21,8,29,0,6,49,10,65,8,0,8,73
04/26/2018,MCN,GA,ASO,ES,Federal Contract Tower,0,3,21,2,26,0,0,12,2,14,0,3,33,4,40,8,0,8,48
04/27/2018,MCN,GA,ASO,ES,Federal Contract Tower,0,5,26,0,31,0,0,11,4,15,0,5,37,4,46,0,0,0,46
04/28/2018,MCN,GA,ASO,ES,Federal Contract Tower,0,1,18,0,19,0,0,10,0,10,0,1,28,0,29,0,0,0,29
04/29/2018,MCN,GA,ASO,ES,Federal Contract Tower,0,4,12,0,16,0,0,15,2,17,0,4,27,2,33,10,0,10,43
04/30/2018,MCN,GA,ASO,ES,Federal Contract Tower,0,4,20,2,26,0,0,15,2,17,0,4,35,4,43,16,0,16,59
05/01/2018,MCN,GA,ASO,ES,Federal Contract Tower,0,3,20,0,23,0,0,18,0,18,0,3,38,0,41,22,0,22,63
05/02/2018,MCN,GA,ASO,ES,Federal Contract Tower,0,6,21,4,31,0,1,19,0,20,0,7,40,4,51,6,0,6,57
05/03/2018,MCN,GA,ASO,ES,Federal Contract Tower,0,10,13,2,25,0,0,20,0,20,0,10,33,2,45,20,0,20,65
05/04/2018,MCN,GA,ASO,ES,Federal Contract Tower,0,7,31,7,45,0,0,16,8,24,0,7,47,15,69,8,2,10,79
05/05/2018,MCN,GA,ASO,ES,Federal Contract Tower,0,1,9,0,10,0,0,13,0,13,0,1,22,0,23,4,0,4,27
05/06/2018,MCN,GA,ASO,ES,Federal Contract Tower,0,4,17,3,24,0,0,13,2,15,0,4,30,5,39,2,0,2,41
05/07/2018,MCN,GA,ASO,ES,Federal Contract Tower,0,3,21,1,25,0,3,21,1,25,0,6,42,2,50,4,0,4,54
05/08/2018,MCN,GA,ASO,ES,Federal Contract Tower,0,7,14,0,21,0,0,15,1,16,0,7,29,1,37,22,0,22,59
05/09/2018,MCN,GA,ASO,ES,Federal Contract Tower,0,10,35,0,45,0,0,10,0,10,0,10,45,0,55,0,0,0,55
05/10/2018,MCN,GA,ASO,ES,Federal Contract Tower,0,8,8,0,16,0,0,10,0,10,0,8,18,0,26,4,0,4,30
05/11/2018,MCN,GA,ASO,ES,Federal Contract Tower,0,3,21,4,28,0,0,14,2,16,0,3,35,6,44,14,0,14,58
05/12/2018,MCN,GA,ASO,ES,Federal Contract Tower,0,6,20,0,26,0,1,18,0,19,0,7,38,0,45,4,0,4,49
05/13/2018,MCN,GA,ASO,ES,Federal Contract Tower,0,2,5,0,7,0,0,15,4,19,0,2,20,4,26,24,0,24,50
05/14/2018,MCN,GA,ASO,ES,Federal Contract Tower,0,8,25,0,33,0,0,23,0,23,0,8,48,0,56,0,0,0,56
05/15/2018,MCN,GA,ASO,ES,Federal Contract Tower,0,4,11,0,15,0,0,1,0,1,0,4,12,0,16,0,0,0,16
05/16/2018,MCN,GA,ASO,ES,Federal Contract Tower,0,4,9,0,13,0,0,2,0,2,0,4,11,0,15,0,0,0,15
05/17/2018,MCN,GA,ASO,ES,Federal Contract Tower,0,6,15,0,21,0,0,8,0,8,0,6,23,0,29,2,0,2,31
05/18/2018,MCN,GA,ASO,ES,Federal Contract Tower,0,4,18,0,22,0,0,8,0,8,0,4,26,0,30,0,0,0,30
05/19/2018,MCN,GA,ASO,ES,Federal Contract Tower,0,3,3,0,6,0,0,9,0,9,0,3,12,0,15,4,0,4,19
05/20/2018,MCN,GA,ASO,ES,Federal Contract Tower,0,7,11,4,22,0,0,2,0,2,0,7,13,4,24,0,0,0,24
05/21/2018,MCN,GA,ASO,ES,Federal Contract Tower,0,8,18,0,26,0,0,7,0,7,0,8,25,0,33,0,0,0,33
05/22/2018,MCN,GA,ASO,ES,Federal Contract Tower,0,3,12,0,15,0,0,9,0,9,0,3,21,0,24,2,0,2,26
05/23/2018,MCN,GA,ASO,ES,Federal Contract Tower,0,5,23,0,28,0,0,3,0,3,0,5,26,0,31,2,0,2,33
05/24/2018,MCN,GA,ASO,ES,Federal Contract Tower,0,5,14,0,19,0,0,0,0,0,0,5,14,0,19,0,0,0,19
05/25/2018,MCN,GA,ASO,ES,Federal Contract Tower,0,3,10,0,13,0,0,4,0,4,0,3,14,0,17,2,0,2,19
05/26/2018,MCN,GA,ASO,ES,Federal Contract Tower,0,2,4,0,6,0,0,2,0,2,0,2,6,0,8,6,0,6,14
05/27/2018,MCN,GA,ASO,ES,Federal Contract Tower,0,7,6,0,13,0,0,0,0,0,0,7,6,0,13,0,0,0,13
05/28/2018,MCN,GA,ASO,ES,Federal Contract Tower,2,7,11,0,20,0,0,1,0,1,2,7,12,0,21,0,0,0,21
05/29/2018,MCN,GA,ASO,ES,Federal Contract Tower,0,3,11,0,14,0,0,0,1,1,0,3,11,1,15,0,0,0,15
05/30/2018,MCN,GA,ASO,ES,Federal Contract Tower,0,2,19,0,21,0,0,8,1,9,0,2,27,1,30,4,0,4,34
05/31/2018,MCN,GA,ASO,ES,Federal Contract Tower,0,6,14,0,20,0,0,12,2,14,0,6,26,2,34,34,0,34,68
06/01/2018,MCN,GA,ASO,ES,Federal Contract Tower,0,11,35,8,54,0,0,18,17,35,0,11,53,25,89,16,0,16,105
06/02/2018,MCN,GA,ASO,ES,Federal Contract Tower,0,2,12,0,14,0,0,5,0,5,0,2,17,0,19,4,0,4,23
06/03/2018,MCN,GA,ASO,ES,Federal Contract Tower,0,6,16,7,29,0,0,11,9,20,0,6,27,16,49,12,0,12,61
06/04/2018,MCN,GA,ASO,ES,Federal Contract Tower,0,5,13,0,18,0,0,20,0,20,0,5,33,0,38,16,0,16,54
06/05/2018,MCN,GA,ASO,ES,Federal Contract Tower,0,3,22,0,25,0,0,33,0,33,0,3,55,0,58,26,0,26,84
06/06/2018,MCN,GA,ASO,ES,Federal Contract Tower,0,2,23,2,27,0,0,11,2,13,0,2,34,4,40,10,0,10,50
06/07/2018,MCN,GA,ASO,ES,Federal Contract Tower,0,3,18,0,21,0,0,20,0,20,0,3,38,0,41,22,0,22,63
06/08/2018,MCN,GA,ASO,ES,Federal Contract Tower,0,3,11,2,16,0,0,17,12,29,0,3,28,14,45,40,0,40,85
06/09/2018,MCN,GA,ASO,ES,Federal Contract Tower,0,2,9,0,11,0,0,11,0,11,0,2,20,0,22,24,0,24,46
06/10/2018,MCN,GA,ASO,ES,Federal Contract Tower,0,3,15,4,22,0,0,9,11,20,0,3,24,15,42,4,2,6,48
06/11/2018,MCN,GA,ASO,ES,Federal Contract Tower,0,4,9,0,13,0,0,2,0,2,0,4,11,0,15,6,0,6,21
06/12/2018,MCN,GA,ASO,ES,Federal Contract Tower,0,6,12,0,18,0,0,9,0,9,0,6,21,0,27,10,0,10,37
06/13/2018,MCN,GA,ASO,ES,Federal Contract Tower,0,3,16,0,19,0,0,2,0,2,0,3,18,0,21,0,0,0,21
06/14/2018,MCN,GA,ASO,ES,Federal Contract Tower,0,5,15,0,20,0,0,8,0,8,0,5,23,0,28,20,0,20,48
06/15/2018,MCN,GA,ASO,ES,Federal Contract Tower,0,4,32,2,38,0,0,8,0,8,0,4,40,2,46,14,0,14,60
06/16/2018,MCN,GA,ASO,ES,Federal Contract Tower,0,4,16,0,20,0,0,4,0,4,0,4,20,0,24,2,0,2,26
06/17/2018,MCN,GA,ASO,ES,Federal Contract Tower,0,5,10,0,15,0,0,3,2,5,0,5,13,2,20,4,0,4,24
06/18/2018,MCN,GA,ASO,ES,Federal Contract Tower,0,6,15,0,21,0,0,15,0,15,0,6,30,0,36,16,0,16,52
06/19/2018,MCN,GA,ASO,ES,Federal Contract Tower,0,1,25,0,26,0,0,18,0,18,0,1,43,0,44,42,0,42,86
06/20/2018,MCN,GA,ASO,ES,Federal Contract Tower,0,2,12,1,15,0,0,11,0,11,0,2,23,1,26,12,0,12,38
06/21/2018,MCN,GA,ASO,ES,Federal Contract Tower,0,4,18,0,22,0,0,21,0,21,0,4,39,0,43,38,0,38,81
06/22/2018,MCN,GA,ASO,ES,Federal Contract Tower,0,8,14,10,32,0,0,9,0,9,0,8,23,10,41,0,0,0,41
06/23/2018,MCN,GA,ASO,ES,Federal Contract Tower,0,1,7,1,9,0,0,12,1,13,0,1,19,2,22,6,0,6,28
06/24/2018,MCN,GA,ASO,ES,Federal Contract Tower,0,6,18,4,28,0,1,4,0,5,0,7,22,4,33,2,0,2,35
06/25/2018,MCN,GA,ASO,ES,Federal Contract Tower,1,2,22,2,27,0,0,9,0,9,1,2,31,2,36,2,0,2,38
06/26/2018,MCN,GA,ASO,ES,Federal Contract Tower,0,5,9,0,14,0,0,17,2,19,0,5,26,2,33,6,0,6,39
06/27/2018,MCN,GA,ASO,ES,Federal Contract Tower,0,5,24,0,29,0,0,12,0,12,0,5,36,0,41,6,0,6,47
06/28/2018,MCN,GA,ASO,ES,Federal Contract Tower,0,3,13,0,16,0,0,10,0,10,0,3,23,0,26,10,0,10,36
06/29/2018,MCN,GA,ASO,ES,Federal Contract Tower,0,3,12,5,20,0,0,12,3,15,0,3,24,8,35,8,0,8,43
06/30/2018,MCN,GA,ASO,ES,Federal Contract Tower,0,1,12,0,13,0,0,6,0,6,0,1,18,0,19,6,0,6,25
07/01/2018,MCN,GA,ASO,ES,Federal Contract Tower,0,4,8,2,14,0,0,7,2,9,0,4,15,4,23,0,0,0,23
07/02/2018,MCN,GA,ASO,ES,Federal Contract Tower,0,3,18,2,23,0,0,3,0,3,0,3,21,2,26,0,0,0,26
07/03/2018,MCN,GA,ASO,ES,Federal Contract Tower,0,4,12,0,16,0,0,0,0,0,0,4,12,0,16,0,0,0,16
07/04/2018,MCN,GA,ASO,ES,Federal Contract Tower,0,2,0,0,2,0,0,7,0,7,0,2,7,0,9,4,0,4,13
07/05/2018,MCN,GA,ASO,ES,Federal Contract Tower,0,3,9,4,16,0,0,15,2,17,0,3,24,6,33,8,4,12,45
07/06/2018,MCN,GA,ASO,ES,Federal Contract Tower,0,4,5,7,16,0,0,15,1,16,0,4,20,8,32,18,0,18,50
07/07/2018,MCN,GA,ASO,ES,Federal Contract Tower,0,3,10,1,14,0,0,4,0,4,0,3,14,1,18,0,0,0,18
07/08/2018,MCN,GA,ASO,ES,Federal Contract Tower,0,8,17,3,28,0,0,5,1,6,0,8,22,4,34,0,0,0,34
07/09/2018,MCN,GA,ASO,ES,Federal Contract Tower,0,3,24,0,27,0,0,16,0,16,0,3,40,0,43,8,0,8,51
07/10/2018,MCN,GA,ASO,ES,Federal Contract Tower,0,5,11,0,16,0,0,22,0,22,0,5,33,0,38,2,0,2,40
07/11/2018,MCN,GA,ASO,ES,Federal Contract Tower,0,3,28,2,33,0,0,13,0,13,0,3,41,2,46,6,0,6,52
07/12/2018,MCN,GA,ASO,ES,Federal Contract Tower,0,7,21,0,28,0,0,20,0,20,0,7,41,0,48,0,0,0,48
07/13/2018,MCN,GA,ASO,ES,Federal Contract Tower,0,6,15,0,21,0,0,11,0,11,0,6,26,0,32,2,0,2,34
07/14/2018,MCN,GA,ASO,ES,Federal Contract Tower,0,1,7,0,8,0,0,7,0,7,0,1,14,0,15,20,0,20,35
07/15/2018,MCN,GA,ASO,ES,Federal Contract Tower,0,5,5,2,12,0,0,0,0,0,0,5,5,2,12,0,0,0,12
07/16/2018,MCN,GA,ASO,ES,Federal Contract Tower,2,3,16,0,21,0,0,1,0,1,2,3,17,0,22,0,0,0,22
07/17/2018,MCN,GA,ASO,ES,Federal Contract Tower,0,3,36,0,39,0,0,11,0,11,0,3,47,0,50,12,0,12,62
07/18/2018,MCN,GA,ASO,ES,Federal Contract Tower,0,3,18,0,21,0,3,16,0,19,0,6,34,0,40,8,0,8,48
07/19/2018,MCN,GA,ASO,ES,Federal Contract Tower,0,5,10,2,17,0,0,7,0,7,0,5,17,2,24,2,0,2,26
07/20/2018,MCN,GA,ASO,ES,Federal Contract Tower,0,3,25,10,38,0,0,9,2,11,0,3,34,12,49,10,0,10,59
07/21/2018,MCN,GA,ASO,ES,Federal Contract Tower,2,1,9,0,12,0,0,7,0,7,2,1,16,0,19,0,0,0,19
07/22/2018,MCN,GA,ASO,ES,Federal Contract Tower,0,7,15,4,26,0,0,14,6,20,0,7,29,10,46,2,0,2,48
07/23/2018,MCN,GA,ASO,ES,Federal Contract Tower,0,5,30,0,35,0,0,13,0,13,0,5,43,0,48,4,0,4,52
07/24/2018,MCN,GA,ASO,ES,Federal Contract Tower,0,3,15,0,18,0,0,0,0,0,0,3,15,0,18,0,0,0,18
07/25/2018,MCN,GA,ASO,ES,Federal Contract Tower,0,2,18,4,24,0,0,2,1,3,0,2,20,5,27,0,2,2,29
07/26/2018,MCN,GA,ASO,ES,Federal Contract Tower,0,3,14,0,17,0,0,31,0,31,0,3,45,0,48,8,0,8,56
07/27/2018,MCN,GA,ASO,ES,Federal Contract Tower,0,3,17,10,30,0,0,21,8,29,0,3,38,18,59,4,0,4,63
07/28/2018,MCN,GA,ASO,ES,Federal Contract Tower,0,1,18,0,19,0,0,16,0,16,0,1,34,0,35,18,0,18,53
07/29/2018,MCN,GA,ASO,ES,Federal Contract Tower,0,4,17,4,25,0,0,4,0,4,0,4,21,4,29,0,0,0,29
07/30/2018,MCN,GA,ASO,ES,Federal Contract Tower,0,3,15,0,18,0,1,1,0,2,0,4,16,0,20,0,0,0,20
07/31/2018,MCN,GA,ASO,ES,Federal Contract Tower,0,3,10,0,13,0,0,1,0,1,0,3,11,0,14,0,0,0,14
08/01/2018,MCN,GA,ASO,ES,Federal Contract Tower,0,2,15,0,17,0,0,2,0,2,0,2,17,0,19,0,0,0,19
08/02/2018,MCN,GA,ASO,ES,Federal Contract Tower,0,7,19,0,26,0,0,1,0,1,0,7,20,0,27,0,0,0,27
08/03/2018,MCN,GA,ASO,ES,Federal Contract Tower,0,4,49,2,55,0,0,8,0,8,0,4,57,2,63,0,0,0,63
08/04/2018,MCN,GA,ASO,ES,Federal Contract Tower,0,1,24,2,27,0,0,11,3,14,0,1,35,5,41,0,0,0,41
08/05/2018,MCN,GA,ASO,ES,Federal Contract Tower,0,4,9,0,13,0,0,15,2,17,0,4,24,2,30,6,0,6,36
08/06/2018,MCN,GA,ASO,ES,Federal Contract Tower,0,4,13,0,17,0,0,8,0,8,0,4,21,0,25,0,0,0,25
08/07/2018,MCN,GA,ASO,ES,Federal Contract Tower,0,6,15,0,21,0,0,13,0,13,0,6,28,0,34,10,0,10,44
08/08/2018,MCN,GA,ASO,ES,Federal Contract Tower,0,2,34,0,36,0,0,14,0,14,0,2,48,0,50,8,0,8,58
08/09/2018,MCN,GA,ASO,ES,Federal Contract Tower,0,3,31,2,36,0,0,14,0,14,0,3,45,2,50,8,0,8,58
08/10/2018,MCN,GA,ASO,ES,Federal Contract Tower,0,5,19,0,24,0,0,2,0,2,0,5,21,0,26,0,0,0,26
08/11/2018,MCN,GA,ASO,ES,Federal Contract Tower,0,3,5,0,8,0,0,3,0,3,0,3,8,0,11,0,0,0,11
08/12/2018,MCN,GA,ASO,ES,Federal Contract Tower,0,4,20,5,29,0,0,13,1,14,0,4,33,6,43,6,0,6,49
08/13/2018,MCN,GA,ASO,ES,Federal Contract Tower,0,2,21,0,23,0,0,15,0,15,0,2,36,0,38,4,0,4,42
08/14/2018,MCN,GA,ASO,ES,Federal Contract Tower,0,9,29,0,38,0,2,16,0,18,0,11,45,0,56,2,0,2,58
08/15/2018,MCN,GA,ASO,ES,Federal Contract Tower,0,3,24,0,27,0,0,14,0,14,0,3,38,0,41,10,0,10,51
08/16/2018,MCN,GA,ASO,ES,Federal Contract Tower,0,3,12,0,15,0,0,12,0,12,0,3,24,0,27,0,0,0,27
08/17/2018,MCN,GA,ASO,ES,Federal Contract Tower,2,6,20,7,35,0,0,2,12,14,2,6,22,19,49,0,0,0,49
08/18/2018,MCN,GA,ASO,ES,Federal Contract Tower,0,1,14,0,15,0,0,0,0,0,0,1,14,0,15,0,0,0,15
08/19/2018,MCN,GA,ASO,ES,Federal Contract Tower,0,5,14,2,21,0,0,7,0,7,0,5,21,2,28,8,0,8,36
08/20/2018,MCN,GA,ASO,ES,Federal Contract Tower,2,4,23,0,29,0,0,7,0,7,2,4,30,0,36,2,0,2,38
08/21/2018,MCN,GA,ASO,ES,Federal Contract Tower,0,3,24,0,27,0,0,6,0,6,0,3,30,0,33,0,0,0,33
08/22/2018,MCN,GA,ASO,ES,Federal Contract Tower,0,2,28,0,30,0,0,24,0,24,0,2,52,0,54,22,0,22,76
08/23/2018,MCN,GA,ASO,ES,Federal Contract Tower,0,5,25,0,30,0,0,19,0,19,0,5,44,0,49,4,0,4,53
08/24/2018,MCN,GA,ASO,ES,Federal Contract Tower,0,3,16,4,23,0,0,37,0,37,0,3,53,4,60,16,0,16,76
08/25/2018,MCN,GA,ASO,ES,Federal Contract Tower,0,1,14,0,15,0,0,23,0,23,0,1,37,0,38,12,0,12,50
08/26/2018,MCN,GA,ASO,ES,Federal Contract Tower,0,4,13,0,17,0,0,11,0,11,0,4,24,0,28,0,0,0,28
08/27/2018,MCN,GA,ASO,ES,Federal Contract Tower,0,3,15,9,27,0,0,18,0,18,0,3,33,9,45,18,4,22,67
08/28/2018,MCN,GA,ASO,ES,Federal Contract Tower,0,3,28,1,32,0,0,12,0,12,0,3,40,1,44,0,0,0,44
08/29/2018,MCN,GA,ASO,ES,Federal Contract Tower,0,3,21,0,24,0,0,11,0,11,0,3,32,0,35,0,0,0,35
08/30/2018,MCN,GA,ASO,ES,Federal Contract Tower,0,3,24,0,27,0,0,16,0,16,0,3,40,0,43,32,0,32,75
08/31/2018,MCN,GA,ASO,ES,Federal Contract Tower,0,5,15,0,20,0,0,26,0,26,0,5,41,0,46,10,0,10,56
09/01/2018,MCN,GA,ASO,ES,Federal Contract Tower,0,6,14,0,20,0,0,25,0,25,0,6,39,0,45,28,0,28,73
09/02/2018,MCN,GA,ASO,ES,Federal Contract Tower,0,5,10,0,15,0,0,6,0,6,0,5,16,0,21,2,0,2,23
09/03/2018,MCN,GA,ASO,ES,Federal Contract Tower,0,6,17,0,23,0,0,6,1,7,0,6,23,1,30,0,0,0,30
09/04/2018,MCN,GA,ASO,ES,Federal Contract Tower,0,4,26,0,30,0,0,13,0,13,0,4,39,0,43,0,0,0,43
09/05/2018,MCN,GA,ASO,ES,Federal Contract Tower,0,4,11,0,15,0,0,13,0,13,0,4,24,0,28,14,0,14,42
09/06/2018,MCN,GA,ASO,ES,Federal Contract Tower,0,5,27,0,32,0,0,10,1,11,0,5,37,1,43,0,0,0,43
09/07/2018,MCN,GA,ASO,ES,Federal Contract Tower,0,4,14,4,22,0,0,25,5,30,0,4,39,9,52,18,0,18,70
09/08/2018,MCN,GA,ASO,ES,Federal Contract Tower,0,1,12,0,13,0,0,22,0,22,0,1,34,0,35,10,0,10,45
09/09/2018,MCN,GA,ASO,ES,Federal Contract Tower,0,4,8,0,12,0,0,13,2,15,0,4,21,2,27,6,2,8,35
09/10/2018,MCN,GA,ASO,ES,Federal Contract Tower,0,5,31,0,36,0,0,22,0,22,0,5,53,0,58,10,0,10,68
09/11/2018,MCN,GA,ASO,ES,Federal Contract Tower,0,5,12,4,21,0,0,8,0,8,0,5,20,4,29,2,0,2,31
09/12/2018,MCN,GA,ASO,ES,Federal Contract Tower,0,4,11,0,15,0,0,6,2,8,0,4,17,2,23,2,0,2,25
09/13/2018,MCN,GA,ASO,ES,Federal Contract Tower,0,3,28,0,31,0,0,7,0,7,0,3,35,0,38,10,0,10,48
09/14/2018,MCN,GA,ASO,ES,Federal Contract Tower,0,5,16,0,21,0,0,18,0,18,0,5,34,0,39,16,0,16,55
09/15/2018,MCN,GA,ASO,ES,Federal Contract Tower,0,2,13,0,15,0,0,11,0,11,0,2,24,0,26,6,0,6,32
09/16/2018,MCN,GA,ASO,ES,Federal Contract Tower,0,6,8,0,14,0,1,4,0,5,0,7,12,0,19,18,0,18,37
09/17/2018,MCN,GA,ASO,ES,Federal Contract Tower,0,8,20,0,28,0,0,2,0,2,0,8,22,0,30,0,0,0,30
09/18/2018,MCN,GA,ASO,ES,Federal Contract Tower,0,9,23,0,32,0,0,13,0,13,0,9,36,0,45,16,0,16,61
09/19/2018,MCN,GA,ASO,ES,Federal Contract Tower,0,2,25,0,27,0,0,25,0,25,0,2,50,0,52,20,0,20,72
09/20/2018,MCN,GA,ASO,ES,Federal Contract Tower,0,6,28,0,34,0,0,20,0,20,0,6,48,0,54,10,0,10,64
09/21/2018,MCN,GA,ASO,ES,Federal Contract Tower,0,6,24,8,38,0,0,22,0,22,0,6,46,8,60,14,0,14,74
09/22/2018,MCN,GA,ASO,ES,Federal Contract Tower,0,3,15,0,18,0,0,16,0,16,0,3,31,0,34,0,0,0,34
09/23/2018,MCN,GA,ASO,ES,Federal Contract Tower,2,10,25,0,37,0,0,19,0,19,2,10,44,0,56,30,0,30,86
09/24/2018,MCN,GA,ASO,ES,Federal Contract Tower,0,3,48,0,51,0,0,11,0,11,0,3,59,0,62,16,0,16,78
09/25/2018,MCN,GA,ASO,ES,Federal Contract Tower,0,3,26,0,29,0,0,2,0,2,0,3,28,0,31,0,0,0,31
09/26/2018,MCN,GA,ASO,ES,Federal Contract Tower,0,6,22,2,30,0,0,6,0,6,0,6,28,2,36,0,0,0,36
09/27/2018,MCN,GA,ASO,ES,Federal Contract Tower,0,5,18,0,23,0,0,7,0,7,0,5,25,0,30,0,0,0,30
09/28/2018,MCN,GA,ASO,ES,Federal Contract Tower,0,4,26,0,30,0,0,8,0,8,0,4,34,0,38,4,0,4,42
09/29/2018,MCN,GA,ASO,ES,Federal Contract Tower,0,5,20,0,25,0,0,15,0,15,0,5,35,0,40,8,0,8,48
09/30/2018,MCN,GA,ASO,ES,Federal Contract Tower,0,4,27,0,31,0,0,5,0,5,0,4,32,0,36,0,0,0,36
10/01/2018,MCN,GA,ASO,ES,Federal Contract Tower,0,4,28,0,32,0,0,19,0,19,0,4,47,0,51,12,0,12,63
10/02/2018,MCN,GA,ASO,ES,Federal Contract Tower,0,2,19,0,21,0,0,13,0,13,0,2,32,0,34,0,0,0,34
10/03/2018,MCN,GA,ASO,ES,Federal Contract Tower,1,4,27,2,34,0,0,13,0,13,1,4,40,2,47,6,0,6,53
10/04/2018,MCN,GA,ASO,ES,Federal Contract Tower,0,5,15,0,20,0,0,19,0,19,0,5,34,0,39,8,0,8,47
10/05/2018,MCN,GA,ASO,ES,Federal Contract Tower,3,6,26,1,36,0,0,29,0,29,3,6,55,1,65,16,0,16,81
10/06/2018,MCN,GA,ASO,ES,Federal Contract Tower,0,1,15,0,16,0,0,11,0,11,0,1,26,0,27,0,0,0,27
10/07/2018,MCN,GA,ASO,ES,Federal Contract Tower,0,7,25,0,32,0,0,10,0,10,0,7,35,0,42,6,0,6,48
10/08/2018,MCN,GA,ASO,ES,Federal Contract Tower,0,4,14,0,18,0,0,4,0,4,0,4,18,0,22,6,0,6,28
10/09/2018,MCN,GA,ASO,ES,Federal Contract Tower,0,5,13,0,18,0,0,3,0,3,0,5,16,0,21,2,0,2,23
10/10/2018,MCN,GA,ASO,ES,Federal Contract Tower,0,2,6,0,8,0,0,0,0,0,0,2,6,0,8,0,0,0,8
10/11/2018,MCN,GA,ASO,ES,Federal Contract Tower,1,5,6,1,13,0,0,10,0,10,1,5,16,1,23,0,0,0,23
10/12/2018,MCN,GA,ASO,ES,Federal Contract Tower,1,7,35,0,43,0,0,39,0,39,1,7,74,0,82,2,0,2,84
10/13/2018,MCN,GA,ASO,ES,Federal Contract Tower,0,3,14,0,17,0,0,32,0,32,0,3,46,0,49,0,0,0,49
10/14/2018,MCN,GA,ASO,ES,Federal Contract Tower,0,6,42,0,48,0,0,36,0,36,0,6,78,0,84,22,0,22,106
10/15/2018,MCN,GA,ASO,ES,Federal Contract Tower,0,3,18,0,21,0,0,3,0,3,0,3,21,0,24,0,0,0,24
10/16/2018,MCN,GA,ASO,ES,Federal Contract Tower,0,4,27,0,31,0,0,12,0,12,0,4,39,0,43,6,0,6,49
10/17/2018,MCN,GA,ASO,ES,Federal Contract Tower,1,2,37,0,40,0,0,16,0,16,1,2,53,0,56,0,0,0,56
10/18/2018,MCN,GA,ASO,ES,Federal Contract Tower,0,3,19,0,22,0,0,14,0,14,0,3,33,0,36,8,0,8,44
10/19/2018,MCN,GA,ASO,ES,Federal Contract Tower,0,4,31,2,37,0,0,8,0,8,0,4,39,2,45,2,0,2,47
10/20/2018,MCN,GA,ASO,ES,Federal Contract Tower,0,1,12,0,13,0,0,0,0,0,0,1,12,0,13,0,0,0,13
10/21/2018,MCN,GA,ASO,ES,Federal Contract Tower,2,4,26,7,39,0,0,7,3,10,2,4,33,10,49,2,0,2,51
10/22/2018,MCN,GA,ASO,ES,Federal Contract Tower,0,5,36,0,41,0,0,16,3,19,0,5,52,3,60,0,0,0,60
10/23/2018,MCN,GA,ASO,ES,Federal Contract Tower,0,7,40,0,47,0,0,11,0,11,0,7,51,0,58,0,0,0,58
10/24/2018,MCN,GA,ASO,ES,Federal Contract Tower,1,3,19,0,23,0,0,16,2,18,1,3,35,2,41,8,0,8,49
10/25/2018,MCN,GA,ASO,ES,Federal Contract Tower,0,6,29,10,45,0,0,17,2,19,0,6,46,12,64,10,0,10,74
10/26/2018,MCN,GA,ASO,ES,Federal Contract Tower,1,3,33,2,39,0,0,0,0,0,1,3,33,2,39,0,0,0,39
10/27/2018,MCN,GA,ASO,ES,Federal Contract Tower,0,1,25,0,26,0,0,3,0,3,0,1,28,0,29,0,0,0,29
10/28/2018,MCN,GA,ASO,ES,Federal Contract Tower,0,4,36,0,40,0,0,19,0,19,0,4,55,0,59,44,0,44,103
10/29/2018,MCN,GA,ASO,ES,Federal Contract Tower,0,4,21,2,27,0,0,10,0,10,0,4,31,2,37,4,0,4,41
10/30/2018,MCN,GA,ASO,ES,Federal Contract Tower,0,7,25,0,32,0,0,14,0,14,0,7,39,0,46,16,0,16,62
10/31/2018,MCN,GA,ASO,ES,Federal Contract Tower,0,4,22,0,26,0,0,20,0,20,0,4,42,0,46,2,0,2,48
11/01/2018,MCN,GA,ASO,ES,Federal Contract Tower,0,5,5,2,12,0,0,4,4,8,0,5,9,6,20,2,0,2,22
11/02/2018,MCN,GA,ASO,ES,Federal Contract Tower,0,4,39,6,49,0,0,6,6,12,0,4,45,12,61,2,0,2,63
11/03/2018,MCN,GA,ASO,ES,Federal Contract Tower,0,2,21,1,24,0,0,21,1,22,0,2,42,2,46,6,0,6,52
11/04/2018,MCN,GA,ASO,ES,Federal Contract Tower,0,4,6,2,12,0,0,17,0,17,0,4,23,2,29,6,0,6,35
11/05/2018,MCN,GA,ASO,ES,Federal Contract Tower,4,3,34,3,44,0,0,0,0,0,4,3,34,3,44,0,0,0,44
11/06/2018,MCN,GA,ASO,ES,Federal Contract Tower,0,3,9,0,12,0,0,8,0,8,0,3,17,0,20,2,0,2,22
11/07/2018,MCN,GA,ASO,ES,Federal Contract Tower,0,1,33,0,34,0,0,3,0,3,0,1,36,0,37,4,0,4,41
11/08/2018,MCN,GA,ASO,ES,Federal Contract Tower,0,5,19,0,24,0,0,0,0,0,0,5,19,0,24,0,0,0,24
11/09/2018,MCN,GA,ASO,ES,Federal Contract Tower,0,4,35,2,41,0,0,2,2,4,0,4,37,4,45,0,0,0,45
11/10/2018,MCN,GA,ASO,ES,Federal Contract Tower,0,2,8,0,10,0,0,27,0,27,0,2,35,0,37,12,0,12,49
11/11/2018,MCN,GA,ASO,ES,Federal Contract Tower,0,4,20,1,25,0,0,18,4,22,0,4,38,5,47,4,4,8,55
11/12/2018,MCN,GA,ASO,ES,Federal Contract Tower,0,4,29,0,33,0,0,0,0,0,0,4,29,0,33,0,0,0,33
11/13/2018,MCN,GA,ASO,ES,Federal Contract Tower,0,5,5,0,10,0,0,0,0,0,0,5,5,0,10,0,0,0,10
11/14/2018,MCN,GA,ASO,ES,Federal Contract Tower,0,7,15,0,22,0,0,0,0,0,0,7,15,0,22,0,0,0,22
11/15/2018,MCN,GA,ASO,ES,Federal Contract Tower,3,7,17,0,27,0,0,1,0,1,3,7,18,0,28,0,0,0,28
11/16/2018,MCN,GA,ASO,ES,Federal Contract Tower,0,3,17,2,22,0,0,13,0,13,0,3,30,2,35,0,0,0,35
11/17/2018,MCN,GA,ASO,ES,Federal Contract Tower,0,3,9,2,14,0,0,14,0,14,0,3,23,2,28,12,0,12,40
11/18/2018,MCN,GA,ASO,ES,Federal Contract Tower,2,4,15,1,22,0,0,14,1,15,2,4,29,2,37,0,0,0,37
11/19/2018,MCN,GA,ASO,ES,Federal Contract Tower,0,5,20,0,25,0,0,6,0,6,0,5,26,0,31,0,0,0,31
11/20/2018,MCN,GA,ASO,ES,Federal Contract Tower,0,7,29,0,36,0,0,13,0,13,0,7,42,0,49,4,0,4,53
11/21/2018,MCN,GA,ASO,ES,Federal Contract Tower,0,4,14,0,18,0,0,19,0,19,0,4,33,0,37,10,0,10,47
11/22/2018,MCN,GA,ASO,ES,Federal Contract Tower,0,0,2,0,2,0,0,3,0,3,0,0,5,0,5,0,0,0,5
11/23/2018,MCN,GA,ASO,ES,Federal Contract Tower,1,3,4,0,8,0,0,3,0,3,1,3,7,0,11,0,0,0,11
11/24/2018,MCN,GA,ASO,ES,Federal Contract Tower,0,6,10,0,16,0,0,0,0,0,0,6,10,0,16,0,0,0,16
11/25/2018,MCN,GA,ASO,ES,Federal Contract Tower,0,7,17,0,24,0,0,0,3,3,0,7,17,3,27,0,0,0,27
11/26/2018,MCN,GA,ASO,ES,Federal Contract Tower,0,5,25,0,30,0,0,15,3,18,0,5,40,3,48,0,0,0,48
11/27/2018,MCN,GA,ASO,ES,Federal Contract Tower,0,4,15,2,21,0,0,6,0,6,0,4,21,2,27,0,0,0,27
11/28/2018,MCN,GA,ASO,ES,Federal Contract Tower,0,5,38,2,45,0,0,7,0,7,0,5,45,2,52,0,0,0,52
11/29/2018,MCN,GA,ASO,ES,Federal Contract Tower,2,7,23,0,32,0,0,18,0,18,2,7,41,0,50,4,0,4,54
11/30/2018,MCN,GA,ASO,ES,Federal Contract Tower,0,6,21,13,40,0,0,13,0,13,0,6,34,13,53,20,0,20,73
12/01/2018,MCN,GA,ASO,ES,Federal Contract Tower,0,1,7,0,8,0,0,2,0,2,0,1,9,0,10,0,0,0,10
12/02/2018,MCN,GA,ASO,ES,Federal Contract Tower,0,4,21,0,25,0,0,4,0,4,0,4,25,0,29,0,0,0,29
12/03/2018,MCN,GA,ASO,ES,Federal Contract Tower,0,5,26,2,33,0,0,9,0,9,0,5,35,2,42,0,0,0,42
12/04/2018,MCN,GA,ASO,ES,Federal Contract Tower,0,6,22,0,28,0,0,8,0,8,0,6,30,0,36,6,0,6,42
12/05/2018,MCN,GA,ASO,ES,Federal Contract Tower,0,2,25,0,27,0,0,12,0,12,0,2,37,0,39,4,0,4,43
12/06/2018,MCN,GA,ASO,ES,Federal Contract Tower,2,5,36,2,45,0,0,10,0,10,2,5,46,2,55,14,0,14,69
12/07/2018,MCN,GA,ASO,ES,Federal Contract Tower,0,3,14,2,19,0,0,6,2,8,0,3,20,4,27,0,0,0,27
12/08/2018,MCN,GA,ASO,ES,Federal Contract Tower,0,2,8,0,10,0,0,0,0,0,0,2,8,0,10,0,0,0,10
12/09/2018,MCN,GA,ASO,ES,Federal Contract Tower,0,6,3,0,9,0,0,0,0,0,0,6,3,0,9,0,0,0,9
12/10/2018,MCN,GA,ASO,ES,Federal Contract Tower,2,3,4,18,27,0,0,1,4,5,2,3,5,22,32,0,0,0,32
12/11/2018,MCN,GA,ASO,ES,Federal Contract Tower,0,4,9,0,13,0,0,12,0,12,0,4,21,0,25,8,0,8,33
12/12/2018,MCN,GA,ASO,ES,Federal Contract Tower,0,8,15,0,23,0,0,17,0,17,0,8,32,0,40,14,0,14,54
12/13/2018,MCN,GA,ASO,ES,Federal Contract Tower,0,6,27,0,33,0,0,14,0,14,0,6,41,0,47,18,0,18,65
12/14/2018,MCN,GA,ASO,ES,Federal Contract Tower,0,6,11,0,17,0,0,0,0,0,0,6,11,0,17,0,0,0,17
12/15/2018,MCN,GA,ASO,ES,Federal Contract Tower,0,3,18,2,23,0,0,0,0,0,0,3,18,2,23,0,0,0,23
12/16/2018,MCN,GA,ASO,ES,Federal Contract Tower,2,6,21,0,29,0,0,5,0,5,2,6,26,0,34,0,0,0,34
12/17/2018,MCN,GA,ASO,ES,Federal Contract Tower,0,4,25,0,29,0,0,9,0,9,0,4,34,0,38,20,0,20,58
12/18/2018,MCN,GA,ASO,ES,Federal Contract Tower,0,3,14,0,17,0,0,26,0,26,0,3,40,0,43,6,0,6,49
12/19/2018,MCN,GA,ASO,ES,Federal Contract Tower,0,6,35,0,41,0,0,17,0,17,0,6,52,0,58,18,0,18,76
12/20/2018,MCN,GA,ASO,ES,Federal Contract Tower,0,3,8,0,11,0,0,0,0,0,0,3,8,0,11,0,0,0,11
12/21/2018,MCN,GA,ASO,ES,Federal Contract Tower,0,5,18,0,23,0,0,1,0,1,0,5,19,0,24,0,0,0,24
12/22/2018,MCN,GA,ASO,ES,Federal Contract Tower,0,8,28,0,36,0,0,11,0,11,0,8,39,0,47,4,0,4,51
12/23/2018,MCN,GA,ASO,ES,Federal Contract Tower,0,6,11,0,17,0,0,9,0,9,0,6,20,0,26,0,0,0,26
12/24/2018,MCN,GA,ASO,ES,Federal Contract Tower,0,5,6,0,11,0,0,1,0,1,0,5,7,0,12,2,0,2,14
12/25/2018,MCN,GA,ASO,ES,Federal Contract Tower,0,5,3,0,8,0,0,3,0,3,0,5,6,0,11,0,0,0,11
12/26/2018,MCN,GA,ASO,ES,Federal Contract Tower,0,4,27,0,31,0,0,16,0,16,0,4,43,0,47,16,0,16,63
12/27/2018,MCN,GA,ASO,ES,Federal Contract Tower,0,5,9,0,14,0,0,0,0,0,0,5,9,0,14,0,0,0,14
12/28/2018,MCN,GA,ASO,ES,Federal Contract Tower,0,5,5,0,10,0,0,0,0,0,0,5,5,0,10,0,0,0,10
12/29/2018,MCN,GA,ASO,ES,Federal Contract Tower,0,4,17,0,21,0,0,0,0,0,0,4,17,0,21,0,0,0,21
12/30/2018,MCN,GA,ASO,ES,Federal Contract Tower,0,5,1,0,6,0,0,0,0,0,0,5,1,0,6,0,0,0,6
12/31/2018,MCN,GA,ASO,ES,Federal Contract Tower,0,3,7,0,10,0,0,0,0,0,0,3,7,0,10,0,0,0,10
01/01/2019,MCN,GA,ASO,ES,Federal Contract Tower,0,2,4,0,6,0,0,0,0,0,0,2,4,0,6,0,0,0,6
01/02/2019,MCN,GA,ASO,ES,Federal Contract Tower,0,6,11,0,17,0,0,0,0,0,0,6,11,0,17,0,0,0,17
01/03/2019,MCN,GA,ASO,ES,Federal Contract Tower,0,3,8,0,11,0,0,0,0,0,0,3,8,0,11,0,0,0,11
01/04/2019,MCN,GA,ASO,ES,Federal Contract Tower,0,5,24,4,33,0,0,4,2,6,0,5,28,6,39,12,0,12,51
01/05/2019,MCN,GA,ASO,ES,Federal Contract Tower,0,6,7,0,13,0,0,18,0,18,0,6,25,0,31,10,0,10,41
01/06/2019,MCN,GA,ASO,ES,Federal Contract Tower,1,5,15,0,21,0,0,14,0,14,1,5,29,0,35,4,0,4,39
01/07/2019,MCN,GA,ASO,ES,Federal Contract Tower,0,3,23,0,26,0,0,10,2,12,0,3,33,2,38,0,0,0,38
01/08/2019,MCN,GA,ASO,ES,Federal Contract Tower,0,3,16,0,19,0,2,8,0,10,0,5,24,0,29,0,0,0,29
01/09/2019,MCN,GA,ASO,ES,Federal Contract Tower,0,5,14,0,19,0,0,9,0,9,0,5,23,0,28,0,0,0,28
01/10/2019,MCN,GA,ASO,ES,Federal Contract Tower,0,5,16,1,22,0,0,4,1,5,0,5,20,2,27,0,0,0,27
01/11/2019,MCN,GA,ASO,ES,Federal Contract Tower,1,3,17,2,23,0,0,6,0,6,1,3,23,2,29,6,0,6,35
01/12/2019,MCN,GA,ASO,ES,Federal Contract Tower,0,3,10,0,13,0,0,4,0,4,0,3,14,0,17,10,0,10,27
01/13/2019,MCN,GA,ASO,ES,Federal Contract Tower,0,3,8,0,11,0,0,0,0,0,0,3,8,0,11,0,0,0,11
01/14/2019,MCN,GA,ASO,ES,Federal Contract Tower,0,3,15,2,20,0,0,9,2,11,0,3,24,4,31,30,0,30,61
01/15/2019,MCN,GA,ASO,ES,Federal Contract Tower,0,4,14,0,18,0,0,8,0,8,0,4,22,0,26,0,0,0,26
01/16/2019,MCN,GA,ASO,ES,Federal Contract Tower,0,9,10,0,19,0,0,14,0,14,0,9,24,0,33,2,0,2,35
01/17/2019,MCN,GA,ASO,ES,Federal Contract Tower,0,5,24,0,29,0,0,8,2,10,0,5,32,2,39,0,0,0,39
01/18/2019,MCN,GA,ASO,ES,Federal Contract Tower,0,4,36,0,40,0,0,0,2,2,0,4,36,2,42,0,0,0,42
01/19/2019,MCN,GA,ASO,ES,Federal Contract Tower,2,3,10,5,20,0,0,1,0,1,2,3,11,5,21,0,0,0,21
01/20/2019,MCN,GA,ASO,ES,Federal Contract Tower,2,4,28,0,34,0,0,2,2,4,2,4,30,2,38,0,0,0,38
01/21/2019,MCN,GA,ASO,ES,Federal Contract Tower,0,8,19,0,27,0,1,10,0,11,0,9,29,0,38,0,0,0,38
01/22/2019,MCN,GA,ASO,ES,Federal Contract Tower,2,6,28,0,36,0,0,11,2,13,2,6,39,2,49,10,0,10,59
01/23/2019,MCN,GA,ASO,ES,Federal Contract Tower,0,6,26,0,32,0,0,2,0,2,0,6,28,0,34,0,0,0,34
01/24/2019,MCN,GA,ASO,ES,Federal Contract Tower,0,4,29,0,33,0,0,3,0,3,0,4,32,0,36,0,0,0,36
01/25/2019,MCN,GA,ASO,ES,Federal Contract Tower,0,3,30,0,33,0,0,14,0,14,0,3,44,0,47,8,0,8,55
01/26/2019,MCN,GA,ASO,ES,Federal Contract Tower,1,4,19,0,24,0,0,29,0,29,1,4,48,0,53,18,0,18,71
01/27/2019,MCN,GA,ASO,ES,Federal Contract Tower,0,4,8,2,14,0,0,8,0,8,0,4,16,2,22,16,0,16,38
01/28/2019,MCN,GA,ASO,ES,Federal Contract Tower,1,3,15,2,21,0,0,14,0,14,1,3,29,2,35,16,0,16,51
01/29/2019,MCN,GA,ASO,ES,Federal Contract Tower,2,6,11,0,19,0,0,3,0,3,2,6,14,0,22,2,0,2,24
01/30/2019,MCN,GA,ASO,ES,Federal Contract Tower,0,9,13,2,24,0,0,21,0,21,0,9,34,2,45,0,0,0,45
01/31/2019,MCN,GA,ASO,ES,Federal Contract Tower,0,6,13,0,19,0,0,11,2,13,0,6,24,2,32,0,0,0,32
02/01/2019,MCN,GA,ASO,ES,Federal Contract Tower,2,8,19,0,29,0,0,17,0,17,2,8,36,0,46,28,0,28,74
02/02/2019,MCN,GA,ASO,ES,Federal Contract Tower,0,3,8,0,11,0,0,10,0,10,0,3,18,0,21,4,0,4,25
02/03/2019,MCN,GA,ASO,ES,Federal Contract Tower,0,5,8,0,13,0,0,0,0,0,0,5,8,0,13,0,0,0,13
02/04/2019,MCN,GA,ASO,ES,Federal Contract Tower,0,6,25,3,34,0,0,12,1,13,0,6,37,4,47,12,0,12,59
02/05/2019,MCN,GA,ASO,ES,Federal Contract Tower,0,12,41,0,53,0,0,9,0,9,0,12,50,0,62,8,0,8,70
02/06/2019,MCN,GA,ASO,ES,Federal Contract Tower,0,6,11,2,19,0,0,4,0,4,0,6,15,2,23,0,0,0,23
02/07/2019,MCN,GA,ASO,ES,Federal Contract Tower,0,3,13,5,21,0,0,15,0,15,0,3,28,5,36,4,0,4,40
02/08/2019,MCN,GA,ASO,ES,Federal Contract Tower,0,5,22,2,29,0,0,4,3,7,0,5,26,5,36,0,0,0,36
02/09/2019,MCN,GA,ASO,ES,Federal Contract Tower,0,3,16,0,19,0,0,14,0,14,0,3,30,0,33,12,0,12,45
02/10/2019,MCN,GA,ASO,ES,Federal Contract Tower,0,5,11,0,16,0,0,0,2,2,0,5,11,2,18,0,0,0,18
02/11/2019,MCN,GA,ASO,ES,Federal Contract Tower,1,2,13,0,16,0,0,0,0,0,1,2,13,0,16,0,0,0,16
02/12/2019,MCN,GA,ASO,ES,Federal Contract Tower,0,4,13,0,17,0,0,0,0,0,0,4,13,0,17,0,0,0,17
02/13/2019,MCN,GA,ASO,ES,Federal Contract Tower,0,7,25,0,32,0,0,9,2,11,0,7,34,2,43,4,0,4,47
02/14/2019,MCN,GA,ASO,ES,Federal Contract Tower,0,6,25,2,33,0,0,39,0,39,0,6,64,2,72,30,0,30,102
02/15/2019,MCN,GA,ASO,ES,Federal Contract Tower,2,6,27,7,42,0,0,5,2,7,2,6,32,9,49,0,2,2,51
02/16/2019,MCN,GA,ASO,ES,Federal Contract Tower,0,5,24,0,29,0,0,11,0,11,0,5,35,0,40,0,0,0,40
02/17/2019,MCN,GA,ASO,ES,Federal Contract Tower,0,4,7,0,11,0,0,0,0,0,0,4,7,0,11,0,0,0,11
02/18/2019,MCN,GA,ASO,ES,Federal Contract Tower,0,6,28,1,35,0,1,8,0,9,0,7,36,1,44,14,0,14,58
02/19/2019,MCN,GA,ASO,ES,Federal Contract Tower,0,4,13,0,17,0,0,1,0,1,0,4,14,0,18,0,0,0,18
02/20/2019,MCN,GA,ASO,ES,Federal Contract Tower,0,5,9,0,14,0,0,0,0,0,0,5,9,0,14,0,0,0,14
02/21/2019,MCN,GA,ASO,ES,Federal Contract Tower,2,5,18,0,25,0,0,1,0,1,2,5,19,0,26,0,0,0,26
02/22/2019,MCN,GA,ASO,ES,Federal Contract Tower,1,3,18,5,27,0,0,14,5,19,1,3,32,10,46,34,0,34,80
02/23/2019,MCN,GA,ASO,ES,Federal Contract Tower,0,4,7,4,15,0,0,0,0,0,0,4,7,4,15,0,0,0,15
02/24/2019,MCN,GA,ASO,ES,Federal Contract Tower,2,7,19,4,32,0,0,9,15,24,2,7,28,19,56,2,0,2,58
02/25/2019,MCN,GA,ASO,ES,Federal Contract Tower,0,6,27,0,33,0,0,15,3,18,0,6,42,3,51,4,0,4,55
02/26/2019,MCN,GA,ASO,ES,Federal Contract Tower,0,4,45,3,52,0,0,14,2,16,0,4,59,5,68,14,0,14,82
02/27/2019,MCN,GA,ASO,ES,Federal Contract Tower,0,10,23,0,33,0,0,8,0,8,0,10,31,0,41,12,0,12,53
02/28/2019,MCN,GA,ASO,ES,Federal Contract Tower,0,5,25,0,30,0,0,0,0,0,0,5,25,0,30,0,0,0,30
03/01/2019,MCN,GA,ASO,ES,Federal Contract Tower,0,9,19,0,28,0,0,7,2,9,0,9,26,2,37,18,0,18,55
03/02/2019,MCN,GA,ASO,ES,Federal Contract Tower,0,2,12,0,14,0,0,11,2,13,0,2,23,2,27,24,0,24,51
03/03/2019,MCN,GA,ASO,ES,Federal Contract Tower,0,7,8,0,15,0,0,0,0,0,0,7,8,0,15,0,0,0,15
03/04/2019,MCN,GA,ASO,ES,Federal Contract Tower,0,2,23,0,25,0,0,4,3,7,0,2,27,3,32,0,0,0,32
03/05/2019,MCN,GA,ASO,ES,Federal Contract Tower,0,3,16,2,21,0,0,12,0,12,0,3,28,2,33,14,0,14,47
03/06/2019,MCN,GA,ASO,ES,Federal Contract Tower,0,2,28,0,30,0,0,20,4,24,0,2,48,4,54,16,0,16,70
03/07/2019,MCN,GA,ASO,ES,Federal Contract Tower,0,6,21,0,27,0,0,10,0,10,0,6,31,0,37,4,0,4,41
03/08/2019,MCN,GA,ASO,ES,Federal Contract Tower,0,6,26,0,32,0,1,9,0,10,0,7,35,0,42,6,2,8,50
03/09/2019,MCN,GA,ASO,ES,Federal Contract Tower,0,4,21,0,25,0,0,6,0,6,0,4,27,0,31,10,0,10,41
03/10/2019,MCN,GA,ASO,ES,Federal Contract Tower,0,3,6,0,9,0,0,1,0,1,0,3,7,0,10,0,0,0,10
03/11/2019,MCN,GA,ASO,ES,Federal Contract Tower,0,3,4,0,7,0,0,1,0,1,0,3,5,0,8,0,0,0,8
03/12/2019,MCN,GA,ASO,ES,Federal Contract Tower,0,5,19,0,24,0,0,15,0,15,0,5,34,0,39,10,0,10,49
03/13/2019,MCN,GA,ASO,ES,Federal Contract Tower,0,4,26,0,30,0,0,13,0,13,0,4,39,0,43,2,0,2,45
03/14/2019,MCN,GA,ASO,ES,Federal Contract Tower,0,6,18,0,24,0,0,12,0,12,0,6,30,0,36,8,0,8,44
03/15/2019,MCN,GA,ASO,ES,Federal Contract Tower,0,6,14,1,21,0,0,3,1,4,0,6,17,2,25,0,0,0,25
03/16/2019,MCN,GA,ASO,ES,Federal Contract Tower,0,2,19,0,21,0,0,11,2,13,0,2,30,2,34,0,0,0,34
03/17/2019,MCN,GA,ASO,ES,Federal Contract Tower,1,5,29,6,41,0,0,12,1,13,1,5,41,7,54,8,0,8,62
03/18/2019,MCN,GA,ASO,ES,Federal Contract Tower,0,3,19,3,25,0,0,20,3,23,0,3,39,6,48,0,0,0,48
03/19/2019,MCN,GA,ASO,ES,Federal Contract Tower,0,4,29,0,33,0,0,16,9,25,0,4,45,9,58,14,0,14,72
03/20/2019,MCN,GA,ASO,ES,Federal Contract Tower,2,2,17,0,21,0,1,14,0,15,2,3,31,0,36,4,0,4,40
03/21/2019,MCN,GA,ASO,ES,Federal Contract Tower,4,4,23,2,33,0,0,6,1,7,4,4,29,3,40,14,2,16,56
03/22/2019,MCN,GA,ASO,ES,Federal Contract Tower,0,4,25,5,34,0,0,10,5,15,0,4,35,10,49,6,0,6,55
03/23/2019,MCN,GA,ASO,ES,Federal Contract Tower,0,6,19,1,26,0,0,16,2,18,0,6,35,3,44,16,2,18,62
03/24/2019,MCN,GA,ASO,ES,Federal Contract Tower,0,6,19,0,25,0,0,7,0,7,0,6,26,0,32,0,0,0,32
03/25/2019,MCN,GA,ASO,ES,Federal Contract Tower,2,4,11,0,17,0,0,13,0,13,2,4,24,0,30,8,0,8,38
03/26/2019,MCN,GA,ASO,ES,Federal Contract Tower,1,8,19,0,28,0,0,6,0,6,1,8,25,0,34,4,0,4,38
03/27/2019,MCN,GA,ASO,ES,Federal Contract Tower,0,5,33,0,38,0,0,12,0,12,0,5,45,0,50,4,0,4,54
03/28/2019,MCN,GA,ASO,ES,Federal Contract Tower,0,6,30,0,36,0,0,19,0,19,0,6,49,0,55,22,0,22,77
03/29/2019,MCN,GA,ASO,ES,Federal Contract Tower,1,9,23,8,41,0,0,37,8,45,1,9,60,16,86,22,0,22,108
03/30/2019,MCN,GA,ASO,ES,Federal Contract Tower,0,6,16,0,22,0,0,13,0,13,0,6,29,0,35,0,0,0,35
03/31/2019,MCN,GA,ASO,ES,Federal Contract Tower,0,4,22,2,28,0,0,10,5,15,0,4,32,7,43,0,0,0,43
04/01/2019,MCN,GA,ASO,ES,Federal Contract Tower,0,5,23,3,31,0,3,6,2,11,0,8,29,5,42,8,0,8,50
04/02/2019,MCN,GA,ASO,ES,Federal Contract Tower,0,5,18,0,23,0,0,8,0,8,0,5,26,0,31,4,0,4,35
04/03/2019,MCN,GA,ASO,ES,Federal Contract Tower,0,2,37,0,39,0,0,11,0,11,0,2,48,0,50,0,0,0,50
04/04/2019,MCN,GA,ASO,ES,Federal Contract Tower,0,5,22,0,27,0,0,7,0,7,0,5,29,0,34,14,0,14,48
04/05/2019,MCN,GA,ASO,ES,Federal Contract Tower,0,3,17,0,20,0,0,2,0,2,0,3,19,0,22,0,0,0,22
04/06/2019,MCN,GA,ASO,ES,Federal Contract Tower,0,3,22,0,25,0,0,0,0,0,0,3,22,0,25,0,0,0,25
04/07/2019,MCN,GA,ASO,ES,Federal Contract Tower,0,4,17,0,21,0,0,9,0,9,0,4,26,0,30,12,0,12,42
04/08/2019,MCN,GA,ASO,ES,Federal Contract Tower,0,5,10,0,15,0,0,2,0,2,0,5,12,0,17,8,0,8,25
04/09/2019,MCN,GA,ASO,ES,Federal Contract Tower,0,4,14,0,18,0,0,1,0,1,0,4,15,0,19,0,0,0,19
04/10/2019,MCN,GA,ASO,ES,Federal Contract Tower,0,3,31,0,34,0,0,8,0,8,0,3,39,0,42,4,0,4,46
04/11/2019,MCN,GA,ASO,ES,Federal Contract Tower,0,6,21,0,27,0,3,12,0,15,0,9,33,0,42,0,0,0,42
04/12/2019,MCN,GA,ASO,ES,Federal Contract Tower,0,3,37,3,43,0,0,7,3,10,0,3,44,6,53,0,2,2,55
04/13/2019,MCN,GA,ASO,ES,Federal Contract Tower,0,1,24,0,25,0,0,16,0,16,0,1,40,0,41,20,0,20,61
04/14/2019,MCN,GA,ASO,ES,Federal Contract Tower,0,4,7,0,11,0,0,1,0,1,0,4,8,0,12,0,0,0,12
04/15/2019,MCN,GA,ASO,ES,Federal Contract Tower,1,4,24,0,29,0,0,12,0,12,1,4,36,0,41,2,0,2,43
04/16/2019,MCN,GA,ASO,ES,Federal Contract Tower,0,3,32,0,35,0,0,29,0,29,0,3,61,0,64,20,0,20,84
04/17/2019,MCN,GA,ASO,ES,Federal Contract Tower,1,4,32,0,37,0,0,25,0,25,1,4,57,0,62,20,0,20,82
04/18/2019,MCN,GA,ASO,ES,Federal Contract Tower,0,7,28,0,35,0,0,7,0,7,0,7,35,0,42,0,0,0,42
04/19/2019,MCN,GA,ASO,ES,Federal Contract Tower,0,1,15,0,16,0,0,0,0,0,0,1,15,0,16,0,0,0,16
04/20/2019,MCN,GA,ASO,ES,Federal Contract Tower,0,4,15,0,19,0,0,2,0,2,0,4,17,0,21,0,0,0,21
04/21/2019,MCN,GA,ASO,ES,Federal Contract Tower,0,5,16,0,21,0,0,17,0,17,0,5,33,0,38,6,0,6,44
04/22/2019,MCN,GA,ASO,ES,Federal Contract Tower,0,3,30,0,33,0,0,24,0,24,0,3,54,0,57,6,0,6,63
04/23/2019,MCN,GA,ASO,ES,Federal Contract Tower,0,4,15,0,19,0,0,22,0,22,0,4,37,0,41,2,0,2,43
04/24/2019,MCN,GA,ASO,ES,Federal Contract Tower,0,2,19,0,21,0,0,15,1,16,0,2,34,1,37,0,0,0,37
04/25/2019,MCN,GA,ASO,ES,Federal Contract Tower,0,2,36,0,38,0,0,15,0,15,0,2,51,0,53,6,0,6,59
04/26/2019,MCN,GA,ASO,ES,Federal Contract Tower,2,2,22,5,31,0,0,0,5,5,2,2,22,10,36,0,0,0,36
04/27/2019,MCN,GA,ASO,ES,Federal Contract Tower,2,5,13,0,20,0,0,29,0,29,2,5,42,0,49,18,0,18,67
04/28/2019,MCN,GA,ASO,ES,Federal Contract Tower,0,4,16,4,24,0,0,25,6,31,0,4,41,10,55,28,0,28,83
04/29/2019,MCN,GA,ASO,ES,Federal Contract Tower,0,4,14,4,22,0,0,22,4,26,0,4,36,8,48,12,4,16,64
04/30/2019,MCN,GA,ASO,ES,Federal Contract Tower,0,7,25,0,32,0,0,15,2,17,0,7,40,2,49,18,0,18,67
05/01/2019,MCN,GA,ASO,ES,Federal Contract Tower,0,4,13,0,17,0,0,9,0,9,0,4,22,0,26,2,0,2,28
05/02/2019,MCN,GA,ASO,ES,Federal Contract Tower,0,4,31,0,35,0,0,13,0,13,0,4,44,0,48,0,0,0,48
05/03/2019,MCN,GA,ASO,ES,Federal Contract Tower,0,5,28,0,33,0,0,14,5,19,0,5,42,5,52,4,0,4,56
05/04/2019,MCN,GA,ASO,ES,Federal Contract Tower,0,4,15,0,19,0,0,3,0,3,0,4,18,0,22,0,0,0,22
05/05/2019,MCN,GA,ASO,ES,Federal Contract Tower,0,6,6,9,21,0,0,3,0,3,0,6,9,9,24,2,0,2,26
05/06/2019,MCN,GA,ASO,ES,Federal Contract Tower,0,3,27,0,30,0,0,27,0,27,0,3,54,0,57,34,0,34,91
05/07/2019,MCN,GA,ASO,ES,Federal Contract Tower,1,2,20,0,23,0,0,10,0,10,1,2,30,0,33,2,0,2,35
05/08/2019,MCN,GA,ASO,ES,Federal Contract Tower,0,9,33,0,42,0,0,3,0,3,0,9,36,0,45,0,0,0,45
05/09/2019,MCN,GA,ASO,ES,Federal Contract Tower,0,3,26,0,29,0,0,16,0,16,0,3,42,0,45,0,0,0,45
05/10/2019,MCN,GA,ASO,ES,Federal Contract Tower,0,5,22,4,31,0,0,1,2,3,0,5,23,6,34,0,0,0,34
05/11/2019,MCN,GA,ASO,ES,Federal Contract Tower,0,6,5,0,11,0,0,0,0,0,0,6,5,0,11,0,0,0,11
05/12/2019,MCN,GA,ASO,ES,Federal Contract Tower,0,3,10,0,13,0,0,0,0,0,0,3,10,0,13,0,0,0,13
05/13/2019,MCN,GA,ASO,ES,Federal Contract Tower,0,3,19,0,22,0,0,13,0,13,0,3,32,0,35,6,0,6,41
05/14/2019,MCN,GA,ASO,ES,Federal Contract Tower,0,5,33,0,38,0,0,24,0,24,0,5,57,0,62,14,0,14,76
05/15/2019,MCN,GA,ASO,ES,Federal Contract Tower,0,4,35,1,40,0,0,30,0,30,0,4,65,1,70,16,0,16,86
05/16/2019,MCN,GA,ASO,ES,Federal Contract Tower,0,5,19,0,24,0,0,19,0,19,0,5,38,0,43,14,0,14,57
05/17/2019,MCN,GA,ASO,ES,Federal Contract Tower,0,4,24,0,28,0,0,15,0,15,0,4,39,0,43,0,0,0,43
05/18/2019,MCN,GA,ASO,ES,Federal Contract Tower,1,4,9,0,14,0,0,11,0,11,1,4,20,0,25,6,0,6,31
05/19/2019,MCN,GA,ASO,ES,Federal Contract Tower,1,5,17,1,24,0,0,12,1,13,1,5,29,2,37,0,0,0,37
05/20/2019,MCN,GA,ASO,ES,Federal Contract Tower,0,2,20,0,22,0,0,7,0,7,0,2,27,0,29,8,0,8,37
05/21/2019,MCN,GA,ASO,ES,Federal Contract Tower,0,3,15,0,18,0,0,14,0,14,0,3,29,0,32,14,0,14,46
05/22/2019,MCN,GA,ASO,ES,Federal Contract Tower,0,2,22,0,24,0,0,22,0,22,0,2,44,0,46,36,0,36,82
05/23/2019,MCN,GA,ASO,ES,Federal Contract Tower,0,3,37,0,40,0,0,10,0,10,0,3,47,0,50,0,0,0,50
05/24/2019,MCN,GA,ASO,ES,Federal Contract Tower,0,11,24,0,35,0,0,20,0,20,0,11,44,0,55,24,0,24,79
05/25/2019,MCN,GA,ASO,ES,Federal Contract Tower,0,3,4,0,7,0,0,7,0,7,0,3,11,0,14,0,0,0,14
05/26/2019,MCN,GA,ASO,ES,Federal Contract Tower,0,4,11,0,15,0,0,3,0,3,0,4,14,0,18,0,0,0,18
05/27/2019,MCN,GA,ASO,ES,Federal Contract Tower,0,4,12,0,16,0,0,0,0,0,0,4,12,0,16,0,0,0,16
05/28/2019,MCN,GA,ASO,ES,Federal Contract Tower,0,7,20,0,27,0,0,14,0,14,0,7,34,0,41,4,0,4,45
05/29/2019,MCN,GA,ASO,ES,Federal Contract Tower,0,3,15,0,18,0,0,6,0,6,0,3,21,0,24,2,0,2,26
05/30/2019,MCN,GA,ASO,ES,Federal Contract Tower,4,6,20,1,31,0,0,14,0,14,4,6,34,1,45,4,0,4,49
05/31/2019,MCN,GA,ASO,ES,Federal Contract Tower,0,3,20,5,28,0,0,14,4,18,0,3,34,9,46,2,2,4,50
06/01/2019,MCN,GA,ASO,ES,Federal Contract Tower,2,9,24,0,35,0,0,10,0,10,2,9,34,0,45,6,0,6,51
06/02/2019,MCN,GA,ASO,ES,Federal Contract Tower,1,5,11,8,25,0,0,9,0,9,1,5,20,8,34,0,0,0,34
06/03/2019,MCN,GA,ASO,ES,Federal Contract Tower,2,5,15,0,22,0,0,12,0,12,2,5,27,0,34,0,0,0,34
06/04/2019,MCN,GA,ASO,ES,Federal Contract Tower,2,2,19,0,23,0,0,21,0,21,2,2,40,0,44,10,0,10,54
06/05/2019,MCN,GA,ASO,ES,Federal Contract Tower,7,5,17,0,29,0,0,6,0,6,7,5,23,0,35,0,0,0,35
06/06/2019,MCN,GA,ASO,ES,Federal Contract Tower,0,5,17,0,22,0,0,2,0,2,0,5,19,0,24,0,0,0,24
06/07/2019,MCN,GA,ASO,ES,Federal Contract Tower,4,8,10,1,23,0,0,0,0,0,4,8,10,1,23,0,0,0,23
06/08/2019,MCN,GA,ASO,ES,Federal Contract Tower,2,9,3,0,14,0,0,2,0,2,2,9,5,0,16,4,0,4,20
06/09/2019,MCN,GA,ASO,ES,Federal Contract Tower,4,8,5,1,18,0,0,2,0,2,4,8,7,1,20,0,0,0,20
06/10/2019,MCN,GA,ASO,ES,Federal Contract Tower,2,5,22,0,29,0,0,5,0,5,2,5,27,0,34,10,0,10,44
06/11/2019,MCN,GA,ASO,ES,Federal Contract Tower,2,4,19,0,25,0,0,5,0,5,2,4,24,0,30,2,0,2,32
06/12/2019,MCN,GA,ASO,ES,Federal Contract Tower,3,3,9,3,18,0,0,4,0,4,3,3,13,3,22,12,0,12,34
06/13/2019,MCN,GA,ASO,ES,Federal Contract Tower,6,3,17,5,31,0,0,13,1,14,6,3,30,6,45,10,0,10,55
06/14/2019,MCN,GA,ASO,ES,Federal Contract Tower,0,3,14,2,19,0,0,20,2,22,0,3,34,4,41,6,0,6,47
06/15/2019,MCN,GA,ASO,ES,Federal Contract Tower,3,5,13,0,21,0,0,16,2,18,3,5,29,2,39,12,0,12,51
06/16/2019,MCN,GA,ASO,ES,Federal Contract Tower,0,4,10,7,21,0,0,3,1,4,0,4,13,8,25,0,0,0,25
06/17/2019,MCN,GA,ASO,ES,Federal Contract Tower,4,3,14,0,21,0,1,7,0,8,4,4,21,0,29,8,0,8,37
06/18/2019,MCN,GA,ASO,ES,Federal Contract Tower,4,3,11,0,18,0,0,9,0,9,4,3,20,0,27,8,0,8,35
06/19/2019,MCN,GA,ASO,ES,Federal Contract Tower,2,5,15,0,22,0,0,9,0,9,2,5,24,0,31,12,0,12,43
06/20/2019,MCN,GA,ASO,ES,Federal Contract Tower,3,6,9,0,18,0,0,6,2,8,3,6,15,2,26,6,0,6,32
06/21/2019,MCN,GA,ASO,ES,Federal Contract Tower,1,5,24,0,30,0,0,9,0,9,1,5,33,0,39,8,0,8,47
06/22/2019,MCN,GA,ASO,ES,Federal Contract Tower,0,4,16,0,20,0,0,13,0,13,0,4,29,0,33,16,0,16,49
06/23/2019,MCN,GA,ASO,ES,Federal Contract Tower,0,6,13,0,19,0,0,0,0,0,0,6,13,0,19,0,0,0,19
06/24/2019,MCN,GA,ASO,ES,Federal Contract Tower,0,3,15,2,20,0,0,5,0,5,0,3,20,2,25,0,0,0,25
06/25/2019,MCN,GA,ASO,ES,Federal Contract Tower,1,8,43,1,53,0,0,18,0,18,1,8,61,1,71,14,0,14,85
06/26/2019,MCN,GA,ASO,ES,Federal Contract Tower,2,3,27,0,32,0,0,21,0,21,2,3,48,0,53,12,0,12,65
06/27/2019,MCN,GA,ASO,ES,Federal Contract Tower,0,5,25,0,30,0,2,23,0,25,0,7,48,0,55,12,0,12,67
06/28/2019,MCN,GA,ASO,ES,Federal Contract Tower,0,3,15,0,18,0,0,8,0,8,0,3,23,0,26,0,0,0,26
06/29/2019,MCN,GA,ASO,ES,Federal Contract Tower,1,5,3,0,9,0,0,3,0,3,1,5,6,0,12,0,0,0,12
06/30/2019,MCN,GA,ASO,ES,Federal Contract Tower,0,5,3,0,8,0,0,0,0,0,0,5,3,0,8,0,0,0,8
07/01/2019,MCN,GA,ASO,ES,Federal Contract Tower,0,3,11,0,14,0,0,28,0,28,0,3,39,0,42,16,0,16,58
07/02/2019,MCN,GA,ASO,ES,Federal Contract Tower,0,1,19,0,20,0,0,6,0,6,0,1,25,0,26,0,0,0,26
07/03/2019,MCN,GA,ASO,ES,Federal Contract Tower,2,4,27,0,33,0,0,10,0,10,2,4,37,0,43,0,0,0,43
07/04/2019,MCN,GA,ASO,ES,Federal Contract Tower,1,2,1,0,4,0,0,10,0,10,1,2,11,0,14,18,0,18,32
07/05/2019,MCN,GA,ASO,ES,Federal Contract Tower,0,7,12,0,19,0,0,7,0,7,0,7,19,0,26,4,0,4,30
07/06/2019,MCN,GA,ASO,ES,Federal Contract Tower,0,6,10,0,16,0,0,3,0,3,0,6,13,0,19,0,0,0,19
07/07/2019,MCN,GA,ASO,ES,Federal Contract Tower,0,5,19,0,24,0,0,12,0,12,0,5,31,0,36,6,0,6,42
07/08/2019,MCN,GA,ASO,ES,Federal Contract Tower,1,4,15,0,20,0,0,10,0,10,1,4,25,0,30,18,0,18,48
07/09/2019,MCN,GA,ASO,ES,Federal Contract Tower,0,3,10,0,13,0,0,10,5,15,0,3,20,5,28,0,0,0,28
07/10/2019,MCN,GA,ASO,ES,Federal Contract Tower,0,2,17,0,19,0,0,8,0,8,0,2,25,0,27,0,0,0,27
07/11/2019,MCN,GA,ASO,ES,Federal Contract Tower,5,2,41,0,48,0,0,7,0,7,5,2,48,0,55,0,0,0,55
07/12/2019,MCN,GA,ASO,ES,Federal Contract Tower,0,7,19,0,26,0,2,1,0,3,0,9,20,0,29,0,0,0,29
07/13/2019,MCN,GA,ASO,ES,Federal Contract Tower,0,3,15,0,18,0,0,6,0,6,0,3,21,0,24,0,0,0,24
07/14/2019,MCN,GA,ASO,ES,Federal Contract Tower,0,4,11,0,15,0,0,12,2,14,0,4,23,2,29,16,0,16,45
07/15/2019,MCN,GA,ASO,ES,Federal Contract Tower,0,3,11,0,14,0,0,18,0,18,0,3,29,0,32,6,0,6,38
07/16/2019,MCN,GA,ASO,ES,Federal Contract Tower,0,2,20,0,22,0,0,12,0,12,0,2,32,0,34,10,0,10,44
07/18/2019,MCN,GA,ASO,ES,Federal Contract Tower,0,4,10,0,14,0,0,14,8,22,0,4,24,8,36,2,0,2,38
07/19/2019,MCN,GA,ASO,ES,Federal Contract Tower,2,6,16,1,25,0,0,19,0,19,2,6,35,1,44,10,0,10,54
07/20/2019,MCN,GA,ASO,ES,Federal Contract Tower,1,8,20,3,32,0,0,6,0,6,1,8,26,3,38,6,0,6,44
07/21/2019,MCN,GA,ASO,ES,Federal Contract Tower,2,3,20,2,27,0,0,16,0,16,2,3,36,2,43,20,0,20,63
07/22/2019,MCN,GA,ASO,ES,Federal Contract Tower,0,3,20,0,23,0,0,14,0,14,0,3,34,0,37,10,0,10,47
07/23/2019,MCN,GA,ASO,ES,Federal Contract Tower,1,5,25,1,32,0,0,2,1,3,1,5,27,2,35,2,0,2,37
07/24/2019,MCN,GA,ASO,ES,Federal Contract Tower,1,2,20,0,23,0,0,19,0,19,1,2,39,0,42,0,0,0,42
07/25/2019,MCN,GA,ASO,ES,Federal Contract Tower,1,4,33,0,38,0,0,20,0,20,1,4,53,0,58,0,0,0,58
07/26/2019,MCN,GA,ASO,ES,Federal Contract Tower,0,3,10,4,17,0,0,21,10,31,0,3,31,14,48,10,0,10,58
07/27/2019,MCN,GA,ASO,ES,Federal Contract Tower,1,3,16,0,20,0,0,23,0,23,1,3,39,0,43,14,0,14,57
07/28/2019,MCN,GA,ASO,ES,Federal Contract Tower,0,4,18,7,29,0,0,20,10,30,0,4,38,17,59,12,0,12,71
07/29/2019,MCN,GA,ASO,ES,Federal Contract Tower,1,3,15,0,19,0,0,26,0,26,1,3,41,0,45,26,0,26,71
07/30/2019,MCN,GA,ASO,ES,Federal Contract Tower,0,3,10,2,15,0,0,14,2,16,0,3,24,4,31,26,6,32,63
07/31/2019,MCN,GA,ASO,ES,Federal Contract Tower,0,2,18,0,20,0,0,14,2,16,0,2,32,2,36,16,0,16,52
08/01/2019,MCN,GA,ASO,ES,Federal Contract Tower,0,6,17,2,25,0,0,13,0,13,0,6,30,2,38,12,0,12,50
08/02/2019,MCN,GA,ASO,ES,Federal Contract Tower,4,3,9,0,16,0,0,10,0,10,4,3,19,0,26,6,0,6,32
08/03/2019,MCN,GA,ASO,ES,Federal Contract Tower,2,4,7,2,15,0,0,10,0,10,2,4,17,2,25,12,0,12,37
08/04/2019,MCN,GA,ASO,ES,Federal Contract Tower,4,5,12,0,21,0,4,7,0,11,4,9,19,0,32,0,0,0,32
08/05/2019,MCN,GA,ASO,ES,Federal Contract Tower,1,9,5,0,15,0,0,4,0,4,1,9,9,0,19,0,0,0,19
08/06/2019,MCN,GA,ASO,ES,Federal Contract Tower,3,3,20,0,26,0,0,8,0,8,3,3,28,0,34,4,0,4,38
08/07/2019,MCN,GA,ASO,ES,Federal Contract Tower,2,1,14,0,17,0,0,13,0,13,2,1,27,0,30,8,0,8,38
08/08/2019,MCN,GA,ASO,ES,Federal Contract Tower,2,3,16,0,21,0,0,14,0,14,2,3,30,0,35,2,0,2,37
08/09/2019,MCN,GA,ASO,ES,Federal Contract Tower,2,3,13,1,19,0,0,15,1,16,2,3,28,2,35,18,0,18,53
08/10/2019,MCN,GA,ASO,ES,Federal Contract Tower,4,3,9,0,16,0,0,6,0,6,4,3,15,0,22,0,0,0,22
08/11/2019,MCN,GA,ASO,ES,Federal Contract Tower,4,6,3,0,13,0,0,11,0,11,4,6,14,0,24,4,0,4,28
08/12/2019,MCN,GA,ASO,ES,Federal Contract Tower,4,5,14,2,25,0,0,5,0,5,4,5,19,2,30,0,0,0,30
08/13/2019,MCN,GA,ASO,ES,Federal Contract Tower,4,3,16,0,23,0,0,4,0,4,4,3,20,0,27,8,0,8,35
08/14/2019,MCN,GA,ASO,ES,Federal Contract Tower,1,5,37,0,43,0,0,10,0,10,1,5,47,0,53,0,0,0,53
08/15/2019,MCN,GA,ASO,ES,Federal Contract Tower,1,5,14,0,20,0,0,10,0,10,1,5,24,0,30,0,0,0,30
08/16/2019,MCN,GA,ASO,ES,Federal Contract Tower,1,0,5,0,6,0,0,4,0,4,1,0,9,0,10,2,0,2,12
08/17/2019,MCN,GA,ASO,ES,Federal Contract Tower,3,3,16,0,22,0,0,12,0,12,3,3,28,0,34,12,0,12,46
08/18/2019,MCN,GA,ASO,ES,Federal Contract Tower,1,5,24,11,41,0,0,7,0,7,1,5,31,11,48,0,0,0,48
08/19/2019,MCN,GA,ASO,ES,Federal Contract Tower,0,3,6,0,9,0,0,6,8,14,0,3,12,8,23,0,0,0,23
08/20/2019,MCN,GA,ASO,ES,Federal Contract Tower,4,6,14,0,24,0,0,8,0,8,4,6,22,0,32,0,0,0,32
08/21/2019,MCN,GA,ASO,ES,Federal Contract Tower,4,2,21,2,29,0,0,27,0,27,4,2,48,2,56,0,0,0,56
08/22/2019,MCN,GA,ASO,ES,Federal Contract Tower,6,5,24,2,37,0,0,23,0,23,6,5,47,2,60,16,0,16,76
08/23/2019,MCN,GA,ASO,ES,Federal Contract Tower,4,4,27,0,35,0,0,13,0,13,4,4,40,0,48,0,0,0,48
08/24/2019,MCN,GA,ASO,ES,Federal Contract Tower,1,2,8,0,11,0,0,10,0,10,1,2,18,0,21,14,0,14,35
08/25/2019,MCN,GA,ASO,ES,Federal Contract Tower,0,4,10,7,21,0,0,1,0,1,0,4,11,7,22,24,0,24,46
08/26/2019,MCN,GA,ASO,ES,Federal Contract Tower,2,3,35,2,42,0,0,7,0,7,2,3,42,2,49,32,0,32,81
08/27/2019,MCN,GA,ASO,ES,Federal Contract Tower,3,6,16,0,25,0,0,6,0,6,3,6,22,0,31,0,0,0,31
08/28/2019,MCN,GA,ASO,ES,Federal Contract Tower,2,4,13,0,19,0,0,12,2,14,2,4,25,2,33,16,0,16,49
08/29/2019,MCN,GA,ASO,ES,Federal Contract Tower,1,4,31,0,36,0,0,25,0,25,1,4,56,0,61,0,0,0,61
08/30/2019,MCN,GA,ASO,ES,Federal Contract Tower,0,5,41,0,46,0,0,36,0,36,0,5,77,0,82,12,0,12,94
08/31/2019,MCN,GA,ASO,ES,Federal Contract Tower,0,11,18,0,29,0,0,29,0,29,0,11,47,0,58,22,0,22,80
09/01/2019,MCN,GA,ASO,ES,Federal Contract Tower,0,6,20,0,26,0,0,4,0,4,0,6,24,0,30,0,0,0,30
09/02/2019,MCN,GA,ASO,ES,Federal Contract Tower,0,3,16,0,19,0,1,8,0,9,0,4,24,0,28,0,0,0,28
09/03/2019,MCN,GA,ASO,ES,Federal Contract Tower,0,4,15,0,19,0,0,25,0,25,0,4,40,0,44,10,0,10,54
09/04/2019,MCN,GA,ASO,ES,Federal Contract Tower,0,2,16,2,20,0,0,23,12,35,0,2,39,14,55,0,0,0,55
09/05/2019,MCN,GA,ASO,ES,Federal Contract Tower,0,5,25,2,32,0,0,44,0,44,0,5,69,2,76,0,0,0,76
09/06/2019,MCN,GA,ASO,ES,Federal Contract Tower,0,6,13,0,19,0,0,21,6,27,0,6,34,6,46,6,0,6,52
09/07/2019,MCN,GA,ASO,ES,Federal Contract Tower,0,4,9,0,13,0,0,12,0,12,0,4,21,0,25,0,0,0,25
09/08/2019,MCN,GA,ASO,ES,Federal Contract Tower,0,6,14,0,20,0,0,21,1,22,0,6,35,1,42,0,0,0,42
09/09/2019,MCN,GA,ASO,ES,Federal Contract Tower,0,2,25,0,27,0,0,9,0,9,0,2,34,0,36,0,0,0,36
09/10/2019,MCN,GA,ASO,ES,Federal Contract Tower,0,1,3,0,4,0,0,2,0,2,0,1,5,0,6,0,0,0,6
09/11/2019,MCN,GA,ASO,ES,Federal Contract Tower,0,3,25,2,30,0,0,15,0,15,0,3,40,2,45,2,0,2,47
09/12/2019,MCN,GA,ASO,ES,Federal Contract Tower,0,0,6,0,6,0,0,4,0,4,0,0,10,0,10,0,0,0,10
09/13/2019,MCN,GA,ASO,ES,Federal Contract Tower,0,7,32,0,39,0,0,23,0,23,0,7,55,0,62,22,0,22,84
09/14/2019,MCN,GA,ASO,ES,Federal Contract Tower,0,4,12,0,16,0,0,4,0,4,0,4,16,0,20,0,0,0,20
09/15/2019,MCN,GA,ASO,ES,Federal Contract Tower,0,6,13,6,25,0,0,11,0,11,0,6,24,6,36,10,0,10,46
09/16/2019,MCN,GA,ASO,ES,Federal Contract Tower,0,4,17,0,21,0,0,7,1,8,0,4,24,1,29,4,0,4,33
09/17/2019,MCN,GA,ASO,ES,Federal Contract Tower,0,2,23,0,25,0,0,14,1,15,0,2,37,1,40,18,0,18,58
09/18/2019,MCN,GA,ASO,ES,Federal Contract Tower,3,4,13,0,20,0,0,7,0,7,3,4,20,0,27,0,0,0,27
09/19/2019,MCN,GA,ASO,ES,Federal Contract Tower,0,5,16,0,21,0,0,14,0,14,0,5,30,0,35,8,0,8,43
09/20/2019,MCN,GA,ASO,ES,Federal Contract Tower,0,4,18,6,28,0,0,16,0,16,0,4,34,6,44,14,0,14,58
09/21/2019,MCN,GA,ASO,ES,Federal Contract Tower,0,5,13,3,21,0,0,11,0,11,0,5,24,3,32,6,0,6,38
09/22/2019,MCN,GA,ASO,ES,Federal Contract Tower,0,7,18,0,25,0,0,13,0,13,0,7,31,0,38,0,0,0,38
09/23/2019,MCN,GA,ASO,ES,Federal Contract Tower,0,2,11,0,13,0,0,23,0,23,0,2,34,0,36,60,0,60,96
09/24/2019,MCN,GA,ASO,ES,Federal Contract Tower,0,2,17,0,19,0,1,17,2,20,0,3,34,2,39,24,0,24,63
09/25/2019,MCN,GA,ASO,ES,Federal Contract Tower,2,4,36,0,42,0,0,11,0,11,2,4,47,0,53,8,0,8,61
09/26/2019,MCN,GA,ASO,ES,Federal Contract Tower,0,4,32,0,36,0,0,10,6,16,0,4,42,6,52,6,0,6,58
09/27/2019,MCN,GA,ASO,ES,Federal Contract Tower,0,4,13,0,17,0,0,4,0,4,0,4,17,0,21,0,0,0,21
09/28/2019,MCN,GA,ASO,ES,Federal Contract Tower,0,4,5,0,9,0,0,10,0,10,0,4,15,0,19,0,0,0,19
09/29/2019,MCN,GA,ASO,ES,Federal Contract Tower,4,7,9,1,21,0,0,12,1,13,4,7,21,2,34,0,0,0,34
09/30/2019,MCN,GA,ASO,ES,Federal Contract Tower,2,4,18,0,24,0,0,18,0,18,2,4,36,0,42,14,0,14,56
10/01/2019,MCN,GA,ASO,ES,Federal Contract Tower,0,6,20,0,26,0,0,20,0,20,0,6,40,0,46,22,0,22,68
10/02/2019,MCN,GA,ASO,ES,Federal Contract Tower,0,3,15,0,18,0,0,5,0,5,0,3,20,0,23,4,0,4,27
10/03/2019,MCN,GA,ASO,ES,Federal Contract Tower,0,3,19,0,22,0,0,20,0,20,0,3,39,0,42,0,0,0,42
10/04/2019,MCN,GA,ASO,ES,Federal Contract Tower,0,4,25,5,34,0,0,13,7,20,0,4,38,12,54,4,0,4,58
10/05/2019,MCN,GA,ASO,ES,Federal Contract Tower,0,5,14,0,19,0,0,11,2,13,0,5,25,2,32,2,0,2,34
10/06/2019,MCN,GA,ASO,ES,Federal Contract Tower,0,4,16,3,23,0,0,7,4,11,0,4,23,7,34,4,0,4,38
10/07/2019,MCN,GA,ASO,ES,Federal Contract Tower,0,5,25,0,30,0,0,10,0,10,0,5,35,0,40,2,0,2,42
10/08/2019,MCN,GA,ASO,ES,Federal Contract Tower,0,2,14,0,16,0,2,22,0,24,0,4,36,0,40,16,0,16,56
10/09/2019,MCN,GA,ASO,ES,Federal Contract Tower,0,4,30,8,42,0,0,4,0,4,0,4,34,8,46,0,0,0,46
10/10/2019,MCN,GA,ASO,ES,Federal Contract Tower,0,4,29,4,37,0,0,15,0,15,0,4,44,4,52,24,0,24,76
10/11/2019,MCN,GA,ASO,ES,Federal Contract Tower,0,5,28,4,37,0,0,13,2,15,0,5,41,6,52,8,0,8,60
10/12/2019,MCN,GA,ASO,ES,Federal Contract Tower,0,4,16,0,20,0,0,9,0,9,0,4,25,0,29,2,0,2,31
10/13/2019,MCN,GA,ASO,ES,Federal Contract Tower,2,5,26,0,33,0,0,5,0,5,2,5,31,0,38,10,0,10,48
10/14/2019,MCN,GA,ASO,ES,Federal Contract Tower,0,6,15,0,21,0,0,12,0,12,0,6,27,0,33,10,0,10,43
10/15/2019,MCN,GA,ASO,ES,Federal Contract Tower,0,3,23,0,26,0,0,0,0,0,0,3,23,0,26,0,0,0,26
10/16/2019,MCN,GA,ASO,ES,Federal Contract Tower,1,6,23,0,30,0,0,6,0,6,1,6,29,0,36,20,0,20,56
10/17/2019,MCN,GA,ASO,ES,Federal Contract Tower,0,10,35,0,45,0,0,26,0,26,0,10,61,0,71,0,0,0,71
10/18/2019,MCN,GA,ASO,ES,Federal Contract Tower,2,5,13,1,21,0,0,1,1,2,2,5,14,2,23,0,0,0,23
10/19/2019,MCN,GA,ASO,ES,Federal Contract Tower,3,6,15,0,24,0,0,0,0,0,3,6,15,0,24,0,0,0,24
10/20/2019,MCN,GA,ASO,ES,Federal Contract Tower,0,6,14,1,21,0,0,6,2,8,0,6,20,3,29,0,0,0,29
10/21/2019,MCN,GA,ASO,ES,Federal Contract Tower,0,3,2,0,5,0,0,4,0,4,0,3,6,0,9,0,0,0,9
10/22/2019,MCN,GA,ASO,ES,Federal Contract Tower,0,2,28,0,30,0,0,5,0,5,0,2,33,0,35,0,0,0,35
10/23/2019,MCN,GA,ASO,ES,Federal Contract Tower,0,2,11,0,13,0,0,12,0,12,0,2,23,0,25,4,0,4,29
10/24/2019,MCN,GA,ASO,ES,Federal Contract Tower,0,4,31,0,35,0,0,15,0,15,0,4,46,0,50,8,0,8,58
10/25/2019,MCN,GA,ASO,ES,Federal Contract Tower,1,4,8,3,16,0,0,1,1,2,1,4,9,4,18,0,0,0,18
10/26/2019,MCN,GA,ASO,ES,Federal Contract Tower,0,2,2,0,4,0,0,1,0,1,0,2,3,0,5,0,0,0,5
10/27/2019,MCN,GA,ASO,ES,Federal Contract Tower,2,6,15,5,28,0,0,3,3,6,2,6,18,8,34,0,0,0,34
10/28/2019,MCN,GA,ASO,ES,Federal Contract Tower,0,3,25,2,30,0,0,11,0,11,0,3,36,2,41,16,0,16,57
10/29/2019,MCN,GA,ASO,ES,Federal Contract Tower,0,4,21,0,25,0,0,1,0,1,0,4,22,0,26,0,0,0,26
10/30/2019,MCN,GA,ASO,ES,Federal Contract Tower,0,4,9,0,13,0,0,0,0,0,0,4,9,0,13,0,0,0,13
10/31/2019,MCN,GA,ASO,ES,Federal Contract Tower,0,3,23,0,26,0,0,1,0,1,0,3,24,0,27,0,0,0,27
11/01/2019,MCN,GA,ASO,ES,Federal Contract Tower,0,3,29,4,36,0,0,32,4,36,0,3,61,8,72,12,0,12,84
11/02/2019,MCN,GA,ASO,ES,Federal Contract Tower,2,3,16,0,21,0,1,20,0,21,2,4,36,0,42,4,0,4,46
11/03/2019,MCN,GA,ASO,ES,Federal Contract Tower,0,8,20,4,32,0,0,17,6,23,0,8,37,10,55,4,0,4,59
11/04/2019,MCN,GA,ASO,ES,Federal Contract Tower,0,7,15,0,22,0,0,9,0,9,0,7,24,0,31,0,0,0,31
11/05/2019,MCN,GA,ASO,ES,Federal Contract Tower,0,2,23,0,25,0,0,8,1,9,0,2,31,1,34,12,0,12,46
11/06/2019,MCN,GA,ASO,ES,Federal Contract Tower,2,7,15,3,27,0,1,18,4,23,2,8,33,7,50,6,0,6,56
11/07/2019,MCN,GA,ASO,ES,Federal Contract Tower,0,5,15,2,22,0,0,0,0,0,0,5,15,2,22,0,0,0,22
11/08/2019,MCN,GA,ASO,ES,Federal Contract Tower,0,7,30,12,49,0,0,11,2,13,0,7,41,14,62,10,0,10,72
11/09/2019,MCN,GA,ASO,ES,Federal Contract Tower,0,3,15,0,18,0,0,25,0,25,0,3,40,0,43,10,0,10,53
11/10/2019,MCN,GA,ASO,ES,Federal Contract Tower,0,5,20,0,25,0,0,22,0,22,0,5,42,0,47,22,0,22,69
11/11/2019,MCN,GA,ASO,ES,Federal Contract Tower,1,5,17,0,23,0,0,22,0,22,1,5,39,0,45,0,0,0,45
11/12/2019,MCN,GA,ASO,ES,Federal Contract Tower,0,2,8,0,10,0,0,4,0,4,0,2,12,0,14,0,0,0,14
11/13/2019,MCN,GA,ASO,ES,Federal Contract Tower,0,5,26,0,31,0,0,18,0,18,0,5,44,0,49,6,0,6,55
11/14/2019,MCN,GA,ASO,ES,Federal Contract Tower,1,2,16,0,19,0,0,5,0,5,1,2,21,0,24,0,0,0,24
11/15/2019,MCN,GA,ASO,ES,Federal Contract Tower,2,3,22,0,27,0,0,0,0,0,2,3,22,0,27,0,0,0,27
11/16/2019,MCN,GA,ASO,ES,Federal Contract Tower,1,3,9,0,13,0,0,16,0,16,1,3,25,0,29,22,0,22,51
11/17/2019,MCN,GA,ASO,ES,Federal Contract Tower,0,4,20,0,24,0,0,3,2,5,0,4,23,2,29,0,0,0,29
11/18/2019,MCN,GA,ASO,ES,Federal Contract Tower,0,3,28,0,31,0,0,10,0,10,0,3,38,0,41,0,0,0,41
11/19/2019,MCN,GA,ASO,ES,Federal Contract Tower,0,2,23,0,25,0,0,16,0,16,0,2,39,0,41,10,0,10,51
11/20/2019,MCN,GA,ASO,ES,Federal Contract Tower,1,2,20,0,23,0,0,27,0,27,1,2,47,0,50,22,0,22,72
11/21/2019,MCN,GA,ASO,ES,Federal Contract Tower,0,3,23,0,26,0,0,17,6,23,0,3,40,6,49,26,0,26,75
11/22/2019,MCN,GA,ASO,ES,Federal Contract Tower,0,3,18,0,21,0,0,14,0,14,0,3,32,0,35,0,0,0,35
11/23/2019,MCN,GA,ASO,ES,Federal Contract Tower,0,5,7,0,12,0,0,0,0,0,0,5,7,0,12,0,0,0,12
11/24/2019,MCN,GA,ASO,ES,Federal Contract Tower,2,6,12,0,20,0,2,13,0,15,2,8,25,0,35,0,0,0,35
11/25/2019,MCN,GA,ASO,ES,Federal Contract Tower,0,5,44,0,49,0,0,32,0,32,0,5,76,0,81,14,0,14,95
11/26/2019,MCN,GA,ASO,ES,Federal Contract Tower,0,4,24,0,28,0,0,25,2,27,0,4,49,2,55,12,0,12,67
11/27/2019,MCN,GA,ASO,ES,Federal Contract Tower,0,3,9,0,12,0,0,7,0,7,0,3,16,0,19,10,0,10,29
11/28/2019,MCN,GA,ASO,ES,Federal Contract Tower,0,0,1,0,1,0,2,8,0,10,0,2,9,0,11,6,0,6,17
11/29/2019,MCN,GA,ASO,ES,Federal Contract Tower,2,3,10,0,15,0,0,13,0,13,2,3,23,0,28,2,0,2,30
11/30/2019,MCN,GA,ASO,ES,Federal Contract Tower,3,4,12,0,19,0,0,7,0,7,3,4,19,0,26,2,0,2,28
12/01/2019,MCN,GA,ASO,ES,Federal Contract Tower,0,4,11,0,15,0,0,3,0,3,0,4,14,0,18,0,0,0,18
12/02/2019,MCN,GA,ASO,ES,Federal Contract Tower,1,3,19,0,23,0,0,11,0,11,1,3,30,0,34,12,0,12,46
12/03/2019,MCN,GA,ASO,ES,Federal Contract Tower,1,2,16,0,19,0,0,13,0,13,1,2,29,0,32,16,0,16,48
12/04/2019,MCN,GA,ASO,ES,Federal Contract Tower,0,4,25,0,29,0,0,9,0,9,0,4,34,0,38,0,0,0,38
12/05/2019,MCN,GA,ASO,ES,Federal Contract Tower,0,5,23,0,28,0,0,9,0,9,0,5,32,0,37,20,0,20,57
12/06/2019,MCN,GA,ASO,ES,Federal Contract Tower,1,3,25,0,29,0,0,12,0,12,1,3,37,0,41,2,0,2,43
12/07/2019,MCN,GA,ASO,ES,Federal Contract Tower,1,2,19,0,22,0,0,7,0,7,1,2,26,0,29,0,0,0,29
12/08/2019,MCN,GA,ASO,ES,Federal Contract Tower,0,4,18,2,24,0,0,11,4,15,0,4,29,6,39,8,0,8,47
12/09/2019,MCN,GA,ASO,ES,Federal Contract Tower,0,3,28,2,33,0,0,9,0,9,0,3,37,2,42,4,0,4,46
12/10/2019,MCN,GA,ASO,ES,Federal Contract Tower,0,5,19,2,26,0,0,0,0,0,0,5,19,2,26,0,0,0,26
12/11/2019,MCN,GA,ASO,ES,Federal Contract Tower,0,4,19,0,23,0,0,12,0,12,0,4,31,0,35,22,0,22,57
12/12/2019,MCN,GA,ASO,ES,Federal Contract Tower,1,3,32,0,36,0,0,8,2,10,1,3,40,2,46,12,0,12,58
12/13/2019,MCN,GA,ASO,ES,Federal Contract Tower,1,5,28,0,34,0,0,0,0,0,1,5,28,0,34,0,0,0,34
12/14/2019,MCN,GA,ASO,ES,Federal Contract Tower,1,6,8,2,17,0,0,7,0,7,1,6,15,2,24,0,0,0,24
12/15/2019,MCN,GA,ASO,ES,Federal Contract Tower,0,6,18,0,24,0,0,20,0,20,0,6,38,0,44,12,0,12,56
12/16/2019,MCN,GA,ASO,ES,Federal Contract Tower,0,3,14,0,17,0,0,14,0,14,0,3,28,0,31,4,0,4,35
12/17/2019,MCN,GA,ASO,ES,Federal Contract Tower,0,3,11,0,14,0,0,0,0,0,0,3,11,0,14,0,0,0,14
12/18/2019,MCN,GA,ASO,ES,Federal Contract Tower,1,4,12,0,17,0,0,18,0,18,1,4,30,0,35,6,0,6,41
12/19/2019,MCN,GA,ASO,ES,Federal Contract Tower,0,5,26,0,31,0,0,28,0,28,0,5,54,0,59,16,0,16,75
12/20/2019,MCN,GA,ASO,ES,Federal Contract Tower,1,4,21,0,26,0,0,26,0,26,1,4,47,0,52,12,0,12,64
12/21/2019,MCN,GA,ASO,ES,Federal Contract Tower,0,4,16,0,20,0,0,5,0,5,0,4,21,0,25,10,0,10,35
12/22/2019,MCN,GA,ASO,ES,Federal Contract Tower,0,5,13,0,18,0,0,0,0,0,0,5,13,0,18,0,0,0,18
12/23/2019,MCN,GA,ASO,ES,Federal Contract Tower,1,16,6,0,23,0,0,0,0,0,1,16,6,0,23,0,0,0,23
12/24/2019,MCN,GA,ASO,ES,Federal Contract Tower,0,3,11,0,14,0,0,8,0,8,0,3,19,0,22,0,0,0,22
12/25/2019,MCN,GA,ASO,ES,Federal Contract Tower,0,0,6,0,6,0,0,7,0,7,0,0,13,0,13,0,0,0,13
12/26/2019,MCN,GA,ASO,ES,Federal Contract Tower,3,6,9,0,18,0,0,14,0,14,3,6,23,0,32,4,0,4,36
12/27/2019,MCN,GA,ASO,ES,Federal Contract Tower,1,3,25,0,29,0,0,4,0,4,1,3,29,0,33,8,0,8,41
12/28/2019,MCN,GA,ASO,ES,Federal Contract Tower,0,5,20,0,25,0,0,1,0,1,0,5,21,0,26,0,0,0,26
12/29/2019,MCN,GA,ASO,ES,Federal Contract Tower,0,4,5,0,9,0,0,0,0,0,0,4,5,0,9,0,0,0,9
12/30/2019,MCN,GA,ASO,ES,Federal Contract Tower,0,5,7,0,12,0,0,9,0,9,0,5,16,0,21,8,0,8,29
12/31/2019,MCN,GA,ASO,ES,Federal Contract Tower,0,6,9,0,15,0,0,23,0,23,0,6,32,0,38,12,0,12,50
01/01/2020,MCN,GA,ASO,ES,Federal Contract Tower,1,2,3,0,6,0,0,14,0,14,1,2,17,0,20,10,0,10,30
01/02/2020,MCN,GA,ASO,ES,Federal Contract Tower,0,3,10,0,13,0,0,0,0,0,0,3,10,0,13,0,0,0,13
01/03/2020,MCN,GA,ASO,ES,Federal Contract Tower,0,6,9,0,15,0,0,0,0,0,0,6,9,0,15,0,0,0,15
01/04/2020,MCN,GA,ASO,ES,Federal Contract Tower,0,5,8,0,13,0,0,6,0,6,0,5,14,0,19,0,0,0,19
01/05/2020,MCN,GA,ASO,ES,Federal Contract Tower,0,5,13,0,18,0,0,27,0,27,0,5,40,0,45,20,0,20,65
01/06/2020,MCN,GA,ASO,ES,Federal Contract Tower,0,4,17,0,21,0,2,14,0,16,0,6,31,0,37,4,0,4,41
01/07/2020,MCN,GA,ASO,ES,Federal Contract Tower,2,2,16,0,20,0,0,6,0,6,2,2,22,0,26,6,0,6,32
01/08/2020,MCN,GA,ASO,ES,Federal Contract Tower,0,2,8,0,10,0,0,14,2,16,0,2,22,2,26,0,0,0,26
01/09/2020,MCN,GA,ASO,ES,Federal Contract Tower,1,4,13,0,18,0,0,14,0,14,1,4,27,0,32,4,0,4,36
01/10/2020,MCN,GA,ASO,ES,Federal Contract Tower,1,3,29,0,33,0,0,20,0,20,1,3,49,0,53,30,0,30,83
01/11/2020,MCN,GA,ASO,ES,Federal Contract Tower,0,3,0,0,3,0,0,0,0,0,0,3,0,0,3,0,0,0,3
01/12/2020,MCN,GA,ASO,ES,Federal Contract Tower,0,3,9,0,12,0,0,0,2,2,0,3,9,2,14,0,0,0,14
01/13/2020,MCN,GA,ASO,ES,Federal Contract Tower,0,3,17,0,20,0,0,0,0,0,0,3,17,0,20,0,0,0,20
01/14/2020,MCN,GA,ASO,ES,Federal Contract Tower,0,2,18,0,20,0,0,3,0,3,0,2,21,0,23,10,0,10,33
01/15/2020,MCN,GA,ASO,ES,Federal Contract Tower,0,2,20,0,22,0,0,10,0,10,0,2,30,0,32,2,0,2,34
01/16/2020,MCN,GA,ASO,ES,Federal Contract Tower,0,3,28,2,33,0,0,7,0,7,0,3,35,2,40,0,0,0,40
01/17/2020,MCN,GA,ASO,ES,Federal Contract Tower,0,5,41,20,66,0,0,34,2,36,0,5,75,22,102,14,0,14,116
01/18/2020,MCN,GA,ASO,ES,Federal Contract Tower,0,3,9,0,12,0,0,4,0,4,0,3,13,0,16,14,0,14,30
01/19/2020,MCN,GA,ASO,ES,Federal Contract Tower,0,4,21,0,25,0,0,3,0,3,0,4,24,0,28,6,0,6,34
01/20/2020,MCN,GA,ASO,ES,Federal Contract Tower,0,3,22,0,25,0,0,9,0,9,0,3,31,0,34,0,0,0,34
01/21/2020,MCN,GA,ASO,ES,Federal Contract Tower,0,5,29,0,34,0,0,32,0,32,0,5,61,0,66,4,0,4,70
01/22/2020,MCN,GA,ASO,ES,Federal Contract Tower,0,4,22,0,26,0,0,14,12,26,0,4,36,12,52,2,0,2,54
01/23/2020,MCN,GA,ASO,ES,Federal Contract Tower,0,7,21,0,28,0,0,5,0,5,0,7,26,0,33,2,0,2,35
01/24/2020,MCN,GA,ASO,ES,Federal Contract Tower,0,4,20,0,24,0,0,3,0,3,0,4,23,0,27,2,0,2,29
01/25/2020,MCN,GA,ASO,ES,Federal Contract Tower,0,6,9,0,15,0,0,21,0,21,0,6,30,0,36,12,0,12,48
01/26/2020,MCN,GA,ASO,ES,Federal Contract Tower,0,7,13,0,20,0,0,9,0,9,0,7,22,0,29,2,0,2,31
01/27/2020,MCN,GA,ASO,ES,Federal Contract Tower,0,2,9,0,11,0,0,3,0,3,0,2,12,0,14,10,0,10,24
01/28/2020,MCN,GA,ASO,ES,Federal Contract Tower,0,2,13,0,15,0,0,20,0,20,0,2,33,0,35,24,0,24,59
01/29/2020,MCN,GA,ASO,ES,Federal Contract Tower,0,5,21,0,26,0,0,5,0,5,0,5,26,0,31,2,0,2,33
01/30/2020,MCN,GA,ASO,ES,Federal Contract Tower,3,7,13,0,23,0,0,19,0,19,3,7,32,0,42,12,0,12,54
01/31/2020,MCN,GA,ASO,ES,Federal Contract Tower,0,6,28,0,34,0,0,0,0,0,0,6,28,0,34,0,0,0,34
02/01/2020,MCN,GA,ASO,ES,Federal Contract Tower,0,5,6,0,11,0,0,0,0,0,0,5,6,0,11,0,0,0,11
02/02/2020,MCN,GA,ASO,ES,Federal Contract Tower,2,5,18,0,25,0,0,33,0,33,2,5,51,0,58,26,0,26,84
02/03/2020,MCN,GA,ASO,ES,Federal Contract Tower,0,6,30,0,36,0,0,19,0,19,0,6,49,0,55,0,0,0,55
02/04/2020,MCN,GA,ASO,ES,Federal Contract Tower,0,3,32,0,35,0,0,13,0,13,0,3,45,0,48,10,0,10,58
02/05/2020,MCN,GA,ASO,ES,Federal Contract Tower,0,3,17,0,20,0,0,4,0,4,0,3,21,0,24,2,0,2,26
02/06/2020,MCN,GA,ASO,ES,Federal Contract Tower,1,4,7,0,12,0,0,0,0,0,1,4,7,0,12,0,0,0,12
02/07/2020,MCN,GA,ASO,ES,Federal Contract Tower,0,4,18,1,23,0,0,2,9,11,0,4,20,10,34,2,0,2,36
02/08/2020,MCN,GA,ASO,ES,Federal Contract Tower,0,3,5,3,11,0,0,10,0,10,0,3,15,3,21,4,0,4,25
02/09/2020,MCN,GA,ASO,ES,Federal Contract Tower,0,4,10,12,26,0,0,11,9,20,0,4,21,21,46,2,6,8,54
02/10/2020,MCN,GA,ASO,ES,Federal Contract Tower,0,2,13,0,15,0,0,10,3,13,0,2,23,3,28,2,0,2,30
02/11/2020,MCN,GA,ASO,ES,Federal Contract Tower,1,4,20,0,25,0,0,1,1,2,1,4,21,1,27,0,0,0,27
02/12/2020,MCN,GA,ASO,ES,Federal Contract Tower,0,6,36,0,42,0,0,2,0,2,0,6,38,0,44,2,0,2,46
02/13/2020,MCN,GA,ASO,ES,Federal Contract Tower,0,6,7,0,13,0,0,2,0,2,0,6,9,0,15,2,0,2,17
02/14/2020,MCN,GA,ASO,ES,Federal Contract Tower,0,5,23,0,28,0,0,19,0,19,0,5,42,0,47,0,0,0,47
02/15/2020,MCN,GA,ASO,ES,Federal Contract Tower,0,3,19,0,22,0,0,25,0,25,0,3,44,0,47,8,0,8,55
02/16/2020,MCN,GA,ASO,ES,Federal Contract Tower,0,6,7,0,13,0,0,0,0,0,0,6,7,0,13,0,0,0,13
02/17/2020,MCN,GA,ASO,ES,Federal Contract Tower,2,4,26,0,32,0,0,0,0,0,2,4,26,0,32,0,0,0,32
02/18/2020,MCN,GA,ASO,ES,Federal Contract Tower,1,2,12,0,15,0,0,0,0,0,1,2,12,0,15,0,0,0,15
02/19/2020,MCN,GA,ASO,ES,Federal Contract Tower,1,4,26,0,31,0,0,0,0,0,1,4,26,0,31,0,0,0,31
02/20/2020,MCN,GA,ASO,ES,Federal Contract Tower,0,11,10,0,21,0,0,0,0,0,0,11,10,0,21,0,0,0,21
02/21/2020,MCN,GA,ASO,ES,Federal Contract Tower,0,1,34,9,44,0,0,20,1,21,0,1,54,10,65,6,0,6,71
02/22/2020,MCN,GA,ASO,ES,Federal Contract Tower,0,5,20,0,25,0,0,23,0,23,0,5,43,0,48,4,0,4,52
02/23/2020,MCN,GA,ASO,ES,Federal Contract Tower,0,4,25,8,37,0,2,4,0,6,0,6,29,8,43,0,0,0,43
02/24/2020,MCN,GA,ASO,ES,Federal Contract Tower,0,4,13,0,17,0,0,2,0,2,0,4,15,0,19,4,0,4,23
02/25/2020,MCN,GA,ASO,ES,Federal Contract Tower,0,2,14,0,16,0,0,5,0,5,0,2,19,0,21,2,0,2,23
02/26/2020,MCN,GA,ASO,ES,Federal Contract Tower,0,2,17,2,21,0,0,20,0,20,0,2,37,2,41,6,0,6,47
02/27/2020,MCN,GA,ASO,ES,Federal Contract Tower,2,9,28,5,44,0,0,24,0,24,2,9,52,5,68,0,0,0,68
02/28/2020,MCN,GA,ASO,ES,Federal Contract Tower,2,4,11,0,17,0,2,2,0,4,2,6,13,0,21,12,0,12,33
02/29/2020,MCN,GA,ASO,ES,Federal Contract Tower,0,8,26,0,34,0,0,20,0,20,0,8,46,0,54,0,0,0,54
03/01/2020,MCN,GA,ASO,ES,Federal Contract Tower,0,6,24,0,30,0,0,26,0,26,0,6,50,0,56,24,0,24,80
03/02/2020,MCN,GA,ASO,ES,Federal Contract Tower,2,3,24,0,29,0,0,11,0,11,2,3,35,0,40,0,0,0,40
03/03/2020,MCN,GA,ASO,ES,Federal Contract Tower,3,4,19,0,26,0,0,1,0,1,3,4,20,0,27,0,0,0,27
03/04/2020,MCN,GA,ASO,ES,Federal Contract Tower,0,2,7,0,9,0,0,0,0,0,0,2,7,0,9,0,0,0,9
03/05/2020,MCN,GA,ASO,ES,Federal Contract Tower,0,3,17,0,20,0,0,0,0,0,0,3,17,0,20,0,0,0,20
03/06/2020,MCN,GA,ASO,ES,Federal Contract Tower,0,3,29,5,37,0,0,12,4,16,0,3,41,9,53,0,0,0,53
03/07/2020,MCN,GA,ASO,ES,Federal Contract Tower,0,3,17,0,20,0,0,29,0,29,0,3,46,0,49,12,0,12,61
03/08/2020,MCN,GA,ASO,ES,Federal Contract Tower,0,6,17,1,24,0,0,17,1,18,0,6,34,2,42,12,0,12,54
03/09/2020,MCN,GA,ASO,ES,Federal Contract Tower,0,5,20,2,27,0,0,14,0,14,0,5,34,2,41,0,0,0,41
03/10/2020,MCN,GA,ASO,ES,Federal Contract Tower,0,2,11,0,13,0,0,10,0,10,0,2,21,0,23,14,0,14,37
03/11/2020,MCN,GA,ASO,ES,Federal Contract Tower,0,6,19,2,27,0,0,6,0,6,0,6,25,2,33,14,0,14,47
03/12/2020,MCN,GA,ASO,ES,Federal Contract Tower,0,2,13,0,15,0,0,4,0,4,0,2,17,0,19,0,0,0,19
03/13/2020,MCN,GA,ASO,ES,Federal Contract Tower,0,8,28,5,41,0,0,16,6,22,0,8,44,11,63,6,0,6,69
03/14/2020,MCN,GA,ASO,ES,Federal Contract Tower,0,7,6,0,13,0,0,8,0,8,0,7,14,0,21,6,0,6,27
03/15/2020,MCN,GA,ASO,ES,Federal Contract Tower,0,5,14,12,31,0,0,7,5,12,0,5,21,17,43,0,0,0,43
03/16/2020,MCN,GA,ASO,ES,Federal Contract Tower,0,5,3,2,10,0,0,0,0,0,0,5,3,2,10,0,0,0,10
03/17/2020,MCN,GA,ASO,ES,Federal Contract Tower,1,2,10,0,13,0,0,2,0,2,1,2,12,0,15,0,0,0,15
03/18/2020,MCN,GA,ASO,ES,Federal Contract Tower,0,3,15,0,18,0,0,4,0,4,0,3,19,0,22,6,0,6,28
03/19/2020,MCN,GA,ASO,ES,Federal Contract Tower,0,5,11,0,16,0,0,18,0,18,0,5,29,0,34,0,0,0,34
03/20/2020,MCN,GA,ASO,ES,Federal Contract Tower,0,3,7,0,10,0,0,15,0,15,0,3,22,0,25,2,0,2,27
03/21/2020,MCN,GA,ASO,ES,Federal Contract Tower,0,2,3,0,5,0,0,19,2,21,0,2,22,2,26,16,0,16,42
03/22/2020,MCN,GA,ASO,ES,Federal Contract Tower,1,4,4,0,9,0,0,0,0,0,1,4,4,0,9,0,0,0,9
03/23/2020,MCN,GA,ASO,ES,Federal Contract Tower,2,3,18,0,23,0,0,1,0,1,2,3,19,0,24,0,0,0,24
03/24/2020,MCN,GA,ASO,ES,Federal Contract Tower,1,2,13,2,18,0,0,3,2,5,1,2,16,4,23,4,0,4,27
03/25/2020,MCN,GA,ASO,ES,Federal Contract Tower,0,2,12,0,14,0,0,8,0,8,0,2,20,0,22,4,0,4,26
03/26/2020,MCN,GA,ASO,ES,Federal Contract Tower,0,2,13,0,15,0,0,19,0,19,0,2,32,0,34,0,0,0,34
03/27/2020,MCN,GA,ASO,ES,Federal Contract Tower,0,4,11,0,15,0,0,9,0,9,0,4,20,0,24,2,0,2,26
03/28/2020,MCN,GA,ASO,ES,Federal Contract Tower,0,3,5,0,8,0,0,13,0,13,0,3,18,0,21,4,0,4,25
03/29/2020,MCN,GA,ASO,ES,Federal Contract Tower,0,5,2,0,7,0,0,2,0,2,0,5,4,0,9,0,0,0,9
03/30/2020,MCN,GA,ASO,ES,Federal Contract Tower,0,3,3,0,6,0,0,16,0,16,0,3,19,0,22,8,0,8,30
03/31/2020,MCN,GA,ASO,ES,Federal Contract Tower,0,4,5,0,9,0,0,2,0,2,0,4,7,0,11,0,0,0,11
04/01/2020,MCN,GA,ASO,ES,Federal Contract Tower,1,2,4,0,7,0,0,9,0,9,1,2,13,0,16,4,0,4,20
04/02/2020,MCN,GA,ASO,ES,Federal Contract Tower,0,4,2,0,6,0,0,8,0,8,0,4,10,0,14,10,0,10,24
04/03/2020,MCN,GA,ASO,ES,Federal Contract Tower,0,5,4,0,9,0,0,13,0,13,0,5,17,0,22,8,0,8,30
04/04/2020,MCN,GA,ASO,ES,Federal Contract Tower,0,3,3,0,6,0,0,7,0,7,0,3,10,0,13,2,0,2,15
04/05/2020,MCN,GA,ASO,ES,Federal Contract Tower,0,4,5,0,9,0,0,10,0,10,0,4,15,0,19,4,0,4,23
04/06/2020,MCN,GA,ASO,ES,Federal Contract Tower,0,3,10,0,13,0,0,13,0,13,0,3,23,0,26,10,0,10,36
04/07/2020,MCN,GA,ASO,ES,Federal Contract Tower,0,2,3,0,5,0,0,10,0,10,0,2,13,0,15,6,0,6,21
04/08/2020,MCN,GA,ASO,ES,Federal Contract Tower,0,2,6,0,8,0,0,1,0,1,0,2,7,0,9,0,0,0,9
04/09/2020,MCN,GA,ASO,ES,Federal Contract Tower,0,3,3,0,6,0,0,6,0,6,0,3,9,0,12,0,0,0,12
04/10/2020,MCN,GA,ASO,ES,Federal Contract Tower,0,3,7,2,12,0,0,14,0,14,0,3,21,2,26,10,0,10,36
04/11/2020,MCN,GA,ASO,ES,Federal Contract Tower,0,5,13,0,18,0,0,19,0,19,0,5,32,0,37,12,0,12,49
04/12/2020,MCN,GA,ASO,ES,Federal Contract Tower,0,7,1,0,8,0,0,0,0,0,0,7,1,0,8,0,0,0,8
04/13/2020,MCN,GA,ASO,ES,Federal Contract Tower,0,3,5,2,10,0,0,1,0,1,0,3,6,2,11,0,0,0,11
04/14/2020,MCN,GA,ASO,ES,Federal Contract Tower,0,2,12,0,14,0,0,18,0,18,0,2,30,0,32,0,0,0,32
04/15/2020,MCN,GA,ASO,ES,Federal Contract Tower,0,2,8,2,12,0,0,24,0,24,0,2,32,2,36,2,0,2,38
04/16/2020,MCN,GA,ASO,ES,Federal Contract Tower,0,4,9,0,13,0,0,16,0,16,0,4,25,0,29,4,0,4,33
04/17/2020,MCN,GA,ASO,ES,Federal Contract Tower,0,5,7,0,12,0,0,7,0,7,0,5,14,0,19,2,0,2,21
04/18/2020,MCN,GA,ASO,ES,Federal Contract Tower,0,4,7,0,11,0,0,7,0,7,0,4,14,0,18,0,0,0,18
04/19/2020,MCN,GA,ASO,ES,Federal Contract Tower,0,4,0,0,4,0,0,0,0,0,0,4,0,0,4,0,0,0,4
04/20/2020,MCN,GA,ASO,ES,Federal Contract Tower,0,4,9,0,13,0,0,7,0,7,0,4,16,0,20,12,0,12,32
04/21/2020,MCN,GA,ASO,ES,Federal Contract Tower,0,5,5,0,10,0,0,17,0,17,0,5,22,0,27,4,0,4,31
04/22/2020,MCN,GA,ASO,ES,Federal Contract Tower,0,3,7,0,10,0,0,30,0,30,0,3,37,0,40,14,0,14,54
04/23/2020,MCN,GA,ASO,ES,Federal Contract Tower,0,3,0,0,3,0,0,0,0,0,0,3,0,0,3,0,0,0,3
04/24/2020,MCN,GA,ASO,ES,Federal Contract Tower,0,4,14,0,18,0,0,11,0,11,0,4,25,0,29,8,0,8,37
04/25/2020,MCN,GA,ASO,ES,Federal Contract Tower,0,3,7,0,10,0,0,19,0,19,0,3,26,0,29,18,0,18,47
04/26/2020,MCN,GA,ASO,ES,Federal Contract Tower,0,4,6,0,10,0,0,17,0,17,0,4,23,0,27,6,0,6,33
04/27/2020,MCN,GA,ASO,ES,Federal Contract Tower,0,4,21,3,28,0,0,24,0,24,0,4,45,3,52,12,0,12,64
04/28/2020,MCN,GA,ASO,ES,Federal Contract Tower,0,3,7,0,10,0,0,24,0,24,0,3,31,0,34,12,0,12,46
04/29/2020,MCN,GA,ASO,ES,Federal Contract Tower,0,2,5,0,7,0,0,4,0,4,0,2,9,0,11,2,0,2,13
04/30/2020,MCN,GA,ASO,ES,Federal Contract Tower,0,3,3,0,6,0,0,10,0,10,0,3,13,0,16,6,0,6,22
05/01/2020,MCN,GA,ASO,ES,Federal Contract Tower,0,3,13,0,16,0,0,15,2,17,0,3,28,2,33,30,0,30,63
05/02/2020,MCN,GA,ASO,ES,Federal Contract Tower,0,5,10,0,15,0,0,15,0,15,0,5,25,0,30,2,0,2,32
05/03/2020,MCN,GA,ASO,ES,Federal Contract Tower,0,6,6,0,12,0,0,4,0,4,0,6,10,0,16,0,0,0,16
05/04/2020,MCN,GA,ASO,ES,Federal Contract Tower,0,5,10,0,15,0,0,20,0,20,0,5,30,0,35,2,0,2,37
05/05/2020,MCN,GA,ASO,ES,Federal Contract Tower,0,2,16,0,18,0,0,19,0,19,0,2,35,0,37,22,0,22,59
05/06/2020,MCN,GA,ASO,ES,Federal Contract Tower,0,2,7,0,9,0,0,7,0,7,0,2,14,0,16,2,0,2,18
05/07/2020,MCN,GA,ASO,ES,Federal Contract Tower,0,5,16,0,21,0,0,17,0,17,0,5,33,0,38,0,0,0,38
05/08/2020,MCN,GA,ASO,ES,Federal Contract Tower,0,3,5,0,8,0,0,8,0,8,0,3,13,0,16,0,0,0,16
05/09/2020,MCN,GA,ASO,ES,Federal Contract Tower,0,4,13,0,17,0,0,21,0,21,0,4,34,0,38,14,0,14,52
05/10/2020,MCN,GA,ASO,ES,Federal Contract Tower,0,7,10,0,17,0,0,8,0,8,0,7,18,0,25,12,0,12,37
05/11/2020,MCN,GA,ASO,ES,Federal Contract Tower,0,11,15,1,27,0,0,5,0,5,0,11,20,1,32,10,0,10,42
05/12/2020,MCN,GA,ASO,ES,Federal Contract Tower,0,2,10,0,12,0,0,15,0,15,0,2,25,0,27,0,0,0,27
05/13/2020,MCN,GA,ASO,ES,Federal Contract Tower,0,5,15,0,20,0,2,16,0,18,0,7,31,0,38,18,0,18,56
05/14/2020,MCN,GA,ASO,ES,Federal Contract Tower,0,6,10,0,16,0,0,18,0,18,0,6,28,0,34,6,0,6,40
05/15/2020,MCN,GA,ASO,ES,Federal Contract Tower,0,3,25,0,28,0,0,15,0,15,0,3,40,0,43,6,0,6,49
05/16/2020,MCN,GA,ASO,ES,Federal Contract Tower,0,6,21,0,27,0,0,15,0,15,0,6,36,0,42,0,0,0,42
05/17/2020,MCN,GA,ASO,ES,Federal Contract Tower,0,4,11,0,15,0,0,10,0,10,0,4,21,0,25,8,0,8,33
05/18/2020,MCN,GA,ASO,ES,Federal Contract Tower,0,5,16,0,21,0,0,1,0,1,0,5,17,0,22,0,0,0,22
05/19/2020,MCN,GA,ASO,ES,Federal Contract Tower,0,6,34,0,40,0,0,11,0,11,0,6,45,0,51,2,0,2,53
05/20/2020,MCN,GA,ASO,ES,Federal Contract Tower,0,3,12,0,15,0,0,0,0,0,0,3,12,0,15,0,0,0,15
05/21/2020,MCN,GA,ASO,ES,Federal Contract Tower,0,3,30,0,33,0,0,5,0,5,0,3,35,0,38,0,0,0,38
05/22/2020,MCN,GA,ASO,ES,Federal Contract Tower,0,3,15,0,18,0,0,15,0,15,0,3,30,0,33,0,0,0,33
05/23/2020,MCN,GA,ASO,ES,Federal Contract Tower,0,3,12,0,15,0,0,12,0,12,0,3,24,0,27,18,0,18,45
05/24/2020,MCN,GA,ASO,ES,Federal Contract Tower,0,4,15,0,19,0,0,7,0,7,0,4,22,0,26,6,0,6,32
05/25/2020,MCN,GA,ASO,ES,Federal Contract Tower,0,3,17,0,20,0,0,3,0,3,0,3,20,0,23,0,0,0,23
05/26/2020,MCN,GA,ASO,ES,Federal Contract Tower,0,2,17,0,19,0,0,0,0,0,0,2,17,0,19,0,0,0,19
05/27/2020,MCN,GA,ASO,ES,Federal Contract Tower,0,2,23,0,25,0,0,0,0,0,0,2,23,0,25,0,0,0,25
05/28/2020,MCN,GA,ASO,ES,Federal Contract Tower,0,3,13,2,18,0,1,10,2,13,0,4,23,4,31,2,0,2,33
05/29/2020,MCN,GA,ASO,ES,Federal Contract Tower,0,3,21,0,24,0,0,16,0,16,0,3,37,0,40,2,0,2,42
05/30/2020,MCN,GA,ASO,ES,Federal Contract Tower,0,3,10,0,13,0,0,11,0,11,0,3,21,0,24,0,0,0,24
05/31/2020,MCN,GA,ASO,ES,Federal Contract Tower,0,5,14,0,19,0,0,15,0,15,0,5,29,0,34,6,0,6,40
06/01/2020,MCN,GA,ASO,ES,Federal Contract Tower,0,5,18,0,23,0,0,11,0,11,0,5,29,0,34,4,0,4,38
06/02/2020,MCN,GA,ASO,ES,Federal Contract Tower,0,4,9,0,13,0,0,26,2,28,0,4,35,2,41,12,0,12,53
06/03/2020,MCN,GA,ASO,ES,Federal Contract Tower,0,2,21,0,23,0,0,15,0,15,0,2,36,0,38,12,0,12,50
06/04/2020,MCN,GA,ASO,ES,Federal Contract Tower,0,3,12,0,15,0,0,8,0,8,0,3,20,0,23,6,0,6,29
06/05/2020,MCN,GA,ASO,ES,Federal Contract Tower,0,3,16,0,19,0,0,6,0,6,0,3,22,0,25,10,0,10,35
06/06/2020,MCN,GA,ASO,ES,Federal Contract Tower,0,6,8,0,14,0,0,11,0,11,0,6,19,0,25,4,0,4,29
06/07/2020,MCN,GA,ASO,ES,Federal Contract Tower,0,6,16,0,22,0,0,4,0,4,0,6,20,0,26,2,0,2,28
06/08/2020,MCN,GA,ASO,ES,Federal Contract Tower,0,5,9,0,14,0,0,7,0,7,0,5,16,0,21,0,0,0,21
06/09/2020,MCN,GA,ASO,ES,Federal Contract Tower,0,2,10,0,12,0,0,5,0,5,0,2,15,0,17,0,0,0,17
06/10/2020,MCN,GA,ASO,ES,Federal Contract Tower,0,2,9,0,11,0,0,2,0,2,0,2,11,0,13,0,0,0,13
06/11/2020,MCN,GA,ASO,ES,Federal Contract Tower,0,5,25,0,30,0,0,17,0,17,0,5,42,0,47,4,0,4,51
06/12/2020,MCN,GA,ASO,ES,Federal Contract Tower,0,3,17,0,20,0,0,24,0,24,0,3,41,0,44,24,0,24,68
06/13/2020,MCN,GA,ASO,ES,Federal Contract Tower,0,3,10,0,13,0,0,18,0,18,0,3,28,0,31,12,0,12,43
06/14/2020,MCN,GA,ASO,ES,Federal Contract Tower,0,6,9,0,15,0,0,10,0,10,0,6,19,0,25,22,0,22,47
06/15/2020,MCN,GA,ASO,ES,Federal Contract Tower,0,3,19,0,22,0,0,18,0,18,0,3,37,0,40,8,0,8,48
06/16/2020,MCN,GA,ASO,ES,Federal Contract Tower,0,3,16,0,19,0,0,11,4,15,0,3,27,4,34,10,0,10,44
06/17/2020,MCN,GA,ASO,ES,Federal Contract Tower,0,2,18,0,20,0,0,7,0,7,0,2,25,0,27,4,0,4,31
06/18/2020,MCN,GA,ASO,ES,Federal Contract Tower,0,2,28,0,30,0,0,17,0,17,0,2,45,0,47,20,0,20,67
06/19/2020,MCN,GA,ASO,ES,Federal Contract Tower,0,7,19,3,29,0,0,20,1,21,0,7,39,4,50,14,0,14,64
06/20/2020,MCN,GA,ASO,ES,Federal Contract Tower,0,4,11,0,15,0,0,12,0,12,0,4,23,0,27,6,0,6,33
06/21/2020,MCN,GA,ASO,ES,Federal Contract Tower,0,3,17,0,20,0,0,11,0,11,0,3,28,0,31,12,0,12,43
06/22/2020,MCN,GA,ASO,ES,Federal Contract Tower,0,5,14,4,23,0,0,12,0,12,0,5,26,4,35,6,0,6,41
06/23/2020,MCN,GA,ASO,ES,Federal Contract Tower,0,6,13,1,20,0,0,9,1,10,0,6,22,2,30,8,0,8,38
06/24/2020,MCN,GA,ASO,ES,Federal Contract Tower,0,3,18,0,21,0,0,14,0,14,0,3,32,0,35,34,0,34,69
06/25/2020,MCN,GA,ASO,ES,Federal Contract Tower,0,5,20,2,27,0,0,5,2,7,0,5,25,4,34,8,2,10,44
06/26/2020,MCN,GA,ASO,ES,Federal Contract Tower,0,3,17,1,21,0,0,7,0,7,0,3,24,1,28,12,0,12,40
06/27/2020,MCN,GA,ASO,ES,Federal Contract Tower,0,5,10,0,15,0,0,6,0,6,0,5,16,0,21,2,0,2,23
06/28/2020,MCN,GA,ASO,ES,Federal Contract Tower,0,8,11,2,21,0,0,13,0,13,0,8,24,2,34,8,0,8,42
06/29/2020,MCN,GA,ASO,ES,Federal Contract Tower,0,7,15,1,23,0,0,9,1,10,0,7,24,2,33,2,0,2,35
07/01/2020,MCN,GA,ASO,ES,Federal Contract Tower,0,2,18,0,20,0,0,13,0,13,0,2,31,0,33,30,0,30,63
07/02/2020,MCN,GA,ASO,ES,Federal Contract Tower,1,3,24,2,30,0,0,17,0,17,1,3,41,2,47,16,0,16,63
07/03/2020,MCN,GA,ASO,ES,Federal Contract Tower,0,3,2,0,5,0,0,27,0,27,0,3,29,0,32,20,0,20,52
07/04/2020,MCN,GA,ASO,ES,Federal Contract Tower,0,3,11,0,14,0,0,8,0,8,0,3,19,0,22,8,0,8,30
07/05/2020,MCN,GA,ASO,ES,Federal Contract Tower,0,5,15,0,20,0,0,5,0,5,0,5,20,0,25,4,0,4,29
07/06/2020,MCN,GA,ASO,ES,Federal Contract Tower,0,3,18,0,21,0,0,4,0,4,0,3,22,0,25,0,0,0,25
07/07/2020,MCN,GA,ASO,ES,Federal Contract Tower,0,6,4,0,10,0,0,5,0,5,0,6,9,0,15,0,0,0,15
07/08/2020,MCN,GA,ASO,ES,Federal Contract Tower,0,3,30,0,33,0,0,8,0,8,0,3,38,0,41,10,0,10,51
07/09/2020,MCN,GA,ASO,ES,Federal Contract Tower,0,5,32,0,37,0,0,28,0,28,0,5,60,0,65,32,0,32,97
07/10/2020,MCN,GA,ASO,ES,Federal Contract Tower,0,4,27,5,36,0,0,16,2,18,0,4,43,7,54,20,2,22,76
07/11/2020,MCN,GA,ASO,ES,Federal Contract Tower,0,6,9,0,15,0,0,11,0,11,0,6,20,0,26,28,0,28,54
07/12/2020,MCN,GA,ASO,ES,Federal Contract Tower,0,9,10,0,19,0,0,7,0,7,0,9,17,0,26,0,0,0,26
07/13/2020,MCN,GA,ASO,ES,Federal Contract Tower,0,3,19,0,22,0,0,9,0,9,0,3,28,0,31,6,0,6,37
07/14/2020,MCN,GA,ASO,ES,Federal Contract Tower,0,3,23,0,26,0,0,30,1,31,0,3,53,1,57,40,0,40,97
07/15/2020,MCN,GA,ASO,ES,Federal Contract Tower,0,5,12,0,17,0,0,15,0,15,0,5,27,0,32,30,0,30,62
07/16/2020,MCN,GA,ASO,ES,Federal Contract Tower,1,4,20,0,25,0,0,18,0,18,1,4,38,0,43,20,0,20,63
07/17/2020,MCN,GA,ASO,ES,Federal Contract Tower,0,3,23,0,26,0,0,13,0,13,0,3,36,0,39,20,0,20,59
07/18/2020,MCN,GA,ASO,ES,Federal Contract Tower,0,3,11,0,14,0,0,13,0,13,0,3,24,0,27,12,0,12,39
07/19/2020,MCN,GA,ASO,ES,Federal Contract Tower,0,6,14,0,20,0,0,18,0,18,0,6,32,0,38,8,0,8,46
07/20/2020,MCN,GA,ASO,ES,Federal Contract Tower,3,4,12,0,19,0,0,15,0,15,3,4,27,0,34,0,0,0,34
07/21/2020,MCN,GA,ASO,ES,Federal Contract Tower,0,3,16,4,23,0,0,10,0,10,0,3,26,4,33,8,0,8,41
07/22/2020,MCN,GA,ASO,ES,Federal Contract Tower,0,3,17,0,20,0,3,8,0,11,0,6,25,0,31,14,0,14,45
07/23/2020,MCN,GA,ASO,ES,Federal Contract Tower,0,6,23,0,29,0,0,16,0,16,0,6,39,0,45,0,0,0,45
07/24/2020,MCN,GA,ASO,ES,Federal Contract Tower,0,10,29,0,39,0,0,6,0,6,0,10,35,0,45,10,0,10,55
07/25/2020,MCN,GA,ASO,ES,Federal Contract Tower,0,4,12,4,20,0,0,8,0,8,0,4,20,4,28,8,0,8,36
07/26/2020,MCN,GA,ASO,ES,Federal Contract Tower,0,3,10,0,13,0,0,15,0,15,0,3,25,0,28,16,0,16,44
07/27/2020,MCN,GA,ASO,ES,Federal Contract Tower,0,5,23,0,28,0,0,14,0,14,0,5,37,0,42,2,0,2,44
07/28/2020,MCN,GA,ASO,ES,Federal Contract Tower,0,2,11,0,13,0,0,24,0,24,0,2,35,0,37,16,0,16,53
07/29/2020,MCN,GA,ASO,ES,Federal Contract Tower,0,3,15,0,18,0,0,2,0,2,0,3,17,0,20,20,0,20,40
07/30/2020,MCN,GA,ASO,ES,Federal Contract Tower,0,7,3,0,10,0,0,2,0,2,0,7,5,0,12,0,0,0,12
07/31/2020,MCN,GA,ASO,ES,Federal Contract Tower,0,3,11,3,17,0,0,18,0,18,0,3,29,3,35,26,0,26,61
08/01/2020,MCN,GA,ASO,ES,Federal Contract Tower,0,3,11,1,15,0,0,13,0,13,0,3,24,1,28,6,0,6,34
08/02/2020,MCN,GA,ASO,ES,Federal Contract Tower,0,4,6,2,12,0,0,6,0,6,0,4,12,2,18,0,0,0,18
08/03/2020,MCN,GA,ASO,ES,Federal Contract Tower,0,5,6,0,11,0,0,8,0,8,0,5,14,0,19,6,0,6,25
08/04/2020,MCN,GA,ASO,ES,Federal Contract Tower,1,2,9,0,12,0,0,12,0,12,1,2,21,0,24,12,0,12,36
08/05/2020,MCN,GA,ASO,ES,Federal Contract Tower,0,2,8,0,10,0,0,18,0,18,0,2,26,0,28,16,0,16,44
08/06/2020,MCN,GA,ASO,ES,Federal Contract Tower,1,3,14,0,18,0,0,8,0,8,1,3,22,0,26,2,0,2,28
08/07/2020,MCN,GA,ASO,ES,Federal Contract Tower,2,4,10,0,16,0,0,21,0,21,2,4,31,0,37,20,0,20,57
08/08/2020,MCN,GA,ASO,ES,Federal Contract Tower,0,3,9,0,12,0,0,9,0,9,0,3,18,0,21,8,0,8,29
08/09/2020,MCN,GA,ASO,ES,Federal Contract Tower,1,4,12,0,17,0,0,11,0,11,1,4,23,0,28,22,0,22,50
08/10/2020,MCN,GA,ASO,ES,Federal Contract Tower,2,3,14,0,19,0,0,14,0,14,2,3,28,0,33,12,0,12,45
08/11/2020,MCN,GA,ASO,ES,Federal Contract Tower,0,2,26,0,28,0,0,13,0,13,0,2,39,0,41,8,0,8,49
08/12/2020,MCN,GA,ASO,ES,Federal Contract Tower,0,2,23,0,25,0,0,11,0,11,0,2,34,0,36,20,0,20,56
08/13/2020,MCN,GA,ASO,ES,Federal Contract Tower,0,3,15,0,18,0,0,3,0,3,0,3,18,0,21,0,0,0,21
08/14/2020,MCN,GA,ASO,ES,Federal Contract Tower,0,3,6,0,9,0,0,3,0,3,0,3,9,0,12,0,0,0,12
08/15/2020,MCN,GA,ASO,ES,Federal Contract Tower,0,5,7,0,12,0,0,3,0,3,0,5,10,0,15,6,0,6,21
08/16/2020,MCN,GA,ASO,ES,Federal Contract Tower,0,5,25,0,30,0,0,12,0,12,0,5,37,0,42,8,0,8,50
08/17/2020,MCN,GA,ASO,ES,Federal Contract Tower,0,3,13,0,16,0,0,18,0,18,0,3,31,0,34,10,0,10,44
08/18/2020,MCN,GA,ASO,ES,Federal Contract Tower,0,1,9,0,10,0,0,10,0,10,0,1,19,0,20,0,0,0,20
08/19/2020,MCN,GA,ASO,ES,Federal Contract Tower,0,3,13,0,16,0,0,19,0,19,0,3,32,0,35,38,0,38,73
08/20/2020,MCN,GA,ASO,ES,Federal Contract Tower,0,3,16,0,19,0,0,5,0,5,0,3,21,0,24,0,0,0,24
08/21/2020,MCN,GA,ASO,ES,Federal Contract Tower,0,3,12,0,15,0,0,3,0,3,0,3,15,0,18,26,0,26,44
08/22/2020,MCN,GA,ASO,ES,Federal Contract Tower,0,3,5,0,8,0,0,4,0,4,0,3,9,0,12,8,0,8,20
08/23/2020,MCN,GA,ASO,ES,Federal Contract Tower,0,4,8,0,12,0,0,2,0,2,0,4,10,0,14,0,0,0,14
08/24/2020,MCN,GA,ASO,ES,Federal Contract Tower,0,4,8,0,12,0,0,1,0,1,0,4,9,0,13,0,0,0,13
08/25/2020,MCN,GA,ASO,ES,Federal Contract Tower,1,3,3,0,7,0,0,3,0,3,1,3,6,0,10,8,0,8,18
08/26/2020,MCN,GA,ASO,ES,Federal Contract Tower,0,3,14,0,17,0,0,13,0,13,0,3,27,0,30,24,0,24,54
08/27/2020,MCN,GA,ASO,ES,Federal Contract Tower,0,4,16,0,20,0,0,24,0,24,0,4,40,0,44,14,0,14,58
08/28/2020,MCN,GA,ASO,ES,Federal Contract Tower,0,5,21,4,30,0,0,7,2,9,0,5,28,6,39,0,0,0,39
08/29/2020,MCN,GA,ASO,ES,Federal Contract Tower,0,3,6,0,9,0,0,5,0,5,0,3,11,0,14,8,0,8,22
08/30/2020,MCN,GA,ASO,ES,Federal Contract Tower,0,5,12,1,18,0,0,11,1,12,0,5,23,2,30,10,0,10,40
08/31/2020,MCN,GA,ASO,ES,Federal Contract Tower,0,5,15,2,22,0,0,8,0,8,0,5,23,2,30,16,0,16,46
09/01/2020,MCN,GA,ASO,ES,Federal Contract Tower,0,7,4,0,11,0,0,13,0,13,0,7,17,0,24,34,0,34,58
09/02/2020,MCN,GA,ASO,ES,Federal Contract Tower,0,5,17,0,22,0,0,27,0,27,0,5,44,0,49,46,0,46,95
09/03/2020,MCN,GA,ASO,ES,Federal Contract Tower,0,3,7,4,14,0,0,16,0,16,0,3,23,4,30,6,0,6,36
09/04/2020,MCN,GA,ASO,ES,Federal Contract Tower,2,3,27,0,32,0,0,15,0,15,2,3,42,0,47,22,0,22,69
09/05/2020,MCN,GA,ASO,ES,Federal Contract Tower,0,3,8,2,13,0,0,7,0,7,0,3,15,2,20,0,0,0,20
09/06/2020,MCN,GA,ASO,ES,Federal Contract Tower,0,4,5,0,9,0,0,1,0,1,0,4,6,0,10,0,0,0,10
09/07/2020,MCN,GA,ASO,ES,Federal Contract Tower,0,3,17,0,20,0,0,6,0,6,0,3,23,0,26,2,0,2,28
09/08/2020,MCN,GA,ASO,ES,Federal Contract Tower,0,2,5,0,7,0,0,16,0,16,0,2,21,0,23,44,0,44,67
09/09/2020,MCN,GA,ASO,ES,Federal Contract Tower,0,4,13,4,21,0,0,14,0,14,0,4,27,4,35,44,0,44,79
09/10/2020,MCN,GA,ASO,ES,Federal Contract Tower,0,3,4,0,7,0,0,10,0,10,0,3,14,0,17,14,0,14,31
09/11/2020,MCN,GA,ASO,ES,Federal Contract Tower,0,6,8,0,14,0,0,9,0,9,0,6,17,0,23,6,0,6,29
09/12/2020,MCN,GA,ASO,ES,Federal Contract Tower,0,7,10,0,17,0,0,21,0,21,0,7,31,0,38,18,0,18,56
09/13/2020,MCN,GA,ASO,ES,Federal Contract Tower,0,4,5,2,11,0,0,2,0,2,0,4,7,2,13,16,0,16,29
09/14/2020,MCN,GA,ASO,ES,Federal Contract Tower,0,4,18,2,24,0,0,8,0,8,0,4,26,2,32,0,0,0,32
09/15/2020,MCN,GA,ASO,ES,Federal Contract Tower,0,5,13,0,18,0,0,1,0,1,0,5,14,0,19,0,0,0,19
09/16/2020,MCN,GA,ASO,ES,Federal Contract Tower,0,3,5,0,8,0,0,0,0,0,0,3,5,0,8,0,0,0,8
09/17/2020,MCN,GA,ASO,ES,Federal Contract Tower,0,7,8,0,15,0,0,2,0,2,0,7,10,0,17,2,0,2,19
09/18/2020,MCN,GA,ASO,ES,Federal Contract Tower,2,6,25,0,33,0,0,13,0,13,2,6,38,0,46,18,0,18,64
09/19/2020,MCN,GA,ASO,ES,Federal Contract Tower,0,4,26,0,30,0,0,10,4,14,0,4,36,4,44,20,0,20,64
09/20/2020,MCN,GA,ASO,ES,Federal Contract Tower,0,4,21,0,25,0,0,9,0,9,0,4,30,0,34,22,0,22,56
09/21/2020,MCN,GA,ASO,ES,Federal Contract Tower,1,5,12,0,18,0,0,5,0,5,1,5,17,0,23,6,0,6,29
09/22/2020,MCN,GA,ASO,ES,Federal Contract Tower,0,2,19,0,21,0,0,15,0,15,0,2,34,0,36,12,0,12,48
09/23/2020,MCN,GA,ASO,ES,Federal Contract Tower,2,8,25,2,37,0,0,11,0,11,2,8,36,2,48,6,0,6,54
09/24/2020,MCN,GA,ASO,ES,Federal Contract Tower,0,4,21,0,25,0,0,7,0,7,0,4,28,0,32,4,0,4,36
09/25/2020,MCN,GA,ASO,ES,Federal Contract Tower,0,3,18,0,21,0,0,4,0,4,0,3,22,0,25,14,0,14,39
09/26/2020,MCN,GA,ASO,ES,Federal Contract Tower,1,7,11,0,19,0,0,6,0,6,1,7,17,0,25,16,0,16,41
09/27/2020,MCN,GA,ASO,ES,Federal Contract Tower,2,6,21,0,29,0,0,3,0,3,2,6,24,0,32,2,0,2,34
09/28/2020,MCN,GA,ASO,ES,Federal Contract Tower,0,7,12,0,19,0,0,2,0,2,0,7,14,0,21,12,0,12,33
09/29/2020,MCN,GA,ASO,ES,Federal Contract Tower,0,6,17,0,23,0,0,0,0,0,0,6,17,0,23,0,0,0,23
09/30/2020,MCN,GA,ASO,ES,Federal Contract Tower,1,3,13,0,17,0,0,18,0,18,1,3,31,0,35,2,0,2,37
10/01/2020,MCN,GA,ASO,ES,Federal Contract Tower,0,4,20,0,24,0,0,17,0,17,0,4,37,0,41,16,0,16,57
10/02/2020,MCN,GA,ASO,ES,Federal Contract Tower,0,8,20,10,38,0,0,20,0,20,0,8,40,10,58,18,0,18,76
10/03/2020,MCN,GA,ASO,ES,Federal Contract Tower,0,5,5,0,10,0,0,22,0,22,0,5,27,0,32,20,0,20,52
10/04/2020,MCN,GA,ASO,ES,Federal Contract Tower,0,7,13,10,30,0,0,19,6,25,0,7,32,16,55,18,0,18,73
10/05/2020,MCN,GA,ASO,ES,Federal Contract Tower,0,3,11,4,18,0,0,16,0,16,0,3,27,4,34,10,0,10,44
10/06/2020,MCN,GA,ASO,ES,Federal Contract Tower,0,9,13,0,22,0,0,13,2,15,0,9,26,2,37,6,0,6,43
10/07/2020,MCN,GA,ASO,ES,Federal Contract Tower,1,6,19,0,26,0,0,19,0,19,1,6,38,0,45,34,0,34,79
10/08/2020,MCN,GA,ASO,ES,Federal Contract Tower,2,7,18,0,27,0,0,12,0,12,2,7,30,0,39,4,0,4,43
10/09/2020,MCN,GA,ASO,ES,Federal Contract Tower,0,12,15,0,27,0,0,2,0,2,0,12,17,0,29,0,0,0,29
10/10/2020,MCN,GA,ASO,ES,Federal Contract Tower,0,7,8,0,15,0,0,2,0,2,0,7,10,0,17,0,0,0,17
10/11/2020,MCN,GA,ASO,ES,Federal Contract Tower,0,10,9,0,19,0,0,0,0,0,0,10,9,0,19,0,0,0,19
10/12/2020,MCN,GA,ASO,ES,Federal Contract Tower,0,4,18,0,22,0,0,4,0,4,0,4,22,0,26,2,0,2,28
10/13/2020,MCN,GA,ASO,ES,Federal Contract Tower,0,2,17,0,19,0,0,6,0,6,0,2,23,0,25,0,0,0,25
10/14/2020,MCN,GA,ASO,ES,Federal Contract Tower,0,3,10,1,14,0,0,21,2,23,0,3,31,3,37,28,2,30,67
10/15/2020,MCN,GA,ASO,ES,Federal Contract Tower,1,7,16,2,26,0,0,5,0,5,1,7,21,2,31,2,0,2,33
10/16/2020,MCN,GA,ASO,ES,Federal Contract Tower,2,2,16,0,20,0,0,6,0,6,2,2,22,0,26,2,0,2,28
10/17/2020,MCN,GA,ASO,ES,Federal Contract Tower,0,5,16,2,23,0,0,5,0,5,0,5,21,2,28,0,0,0,28
10/18/2020,MCN,GA,ASO,ES,Federal Contract Tower,0,4,13,0,17,0,0,9,0,9,0,4,22,0,26,10,0,10,36
10/19/2020,MCN,GA,ASO,ES,Federal Contract Tower,3,6,25,0,34,0,0,8,0,8,3,6,33,0,42,8,0,8,50
10/20/2020,MCN,GA,ASO,ES,Federal Contract Tower,0,2,22,0,24,0,0,14,0,14,0,2,36,0,38,8,0,8,46
10/21/2020,MCN,GA,ASO,ES,Federal Contract Tower,0,2,22,4,28,0,0,11,2,13,0,2,33,6,41,4,2,6,47
10/22/2020,MCN,GA,ASO,ES,Federal Contract Tower,0,3,33,0,36,0,0,1,0,1,0,3,34,0,37,0,0,0,37
10/23/2020,MCN,GA,ASO,ES,Federal Contract Tower,0,6,12,3,21,0,0,20,1,21,0,6,32,4,42,72,0,72,114
10/24/2020,MCN,GA,ASO,ES,Federal Contract Tower,0,2,10,2,14,0,0,4,0,4,0,2,14,2,18,2,0,2,20
10/25/2020,MCN,GA,ASO,ES,Federal Contract Tower,0,4,13,0,17,0,0,8,0,8,0,4,21,0,25,0,0,0,25
10/26/2020,MCN,GA,ASO,ES,Federal Contract Tower,2,6,16,0,24,0,0,0,0,0,2,6,16,0,24,0,0,0,24
10/27/2020,MCN,GA,ASO,ES,Federal Contract Tower,0,2,20,0,22,0,0,0,0,0,0,2,20,0,22,0,0,0,22
10/28/2020,MCN,GA,ASO,ES,Federal Contract Tower,0,2,12,0,14,0,0,0,0,0,0,2,12,0,14,0,0,0,14
10/29/2020,MCN,GA,ASO,ES,Federal Contract Tower,0,5,18,0,23,0,1,1,0,2,0,6,19,0,25,0,0,0,25
10/30/2020,MCN,GA,ASO,ES,Federal Contract Tower,1,3,21,0,25,0,0,17,0,17,1,3,38,0,42,10,0,10,52
10/31/2020,MCN,GA,ASO,ES,Federal Contract Tower,0,3,9,2,14,0,0,14,0,14,0,3,23,2,28,6,0,6,34
11/01/2020,MCN,GA,ASO,ES,Federal Contract Tower,0,4,7,3,14,0,0,8,3,11,0,4,15,6,25,0,0,0,25
11/02/2020,MCN,GA,ASO,ES,Federal Contract Tower,0,3,17,2,22,0,0,19,1,20,0,3,36,3,42,34,0,34,76
11/03/2020,MCN,GA,ASO,ES,Federal Contract Tower,1,3,4,2,10,0,0,14,0,14,1,3,18,2,24,0,0,0,24
11/04/2020,MCN,GA,ASO,ES,Federal Contract Tower,0,2,20,0,22,0,0,29,0,29,0,2,49,0,51,26,0,26,77
11/05/2020,MCN,GA,ASO,ES,Federal Contract Tower,0,4,27,0,31,0,0,15,0,15,0,4,42,0,46,18,0,18,64
11/06/2020,MCN,GA,ASO,ES,Federal Contract Tower,0,3,21,0,24,0,0,28,0,28,0,3,49,0,52,38,0,38,90
11/07/2020,MCN,GA,ASO,ES,Federal Contract Tower,0,5,14,0,19,0,0,6,8,14,0,5,20,8,33,0,0,0,33
11/08/2020,MCN,GA,ASO,ES,Federal Contract Tower,0,4,15,0,19,0,0,0,0,0,0,4,15,0,19,0,0,0,19
11/09/2020,MCN,GA,ASO,ES,Federal Contract Tower,0,7,21,0,28,0,0,4,0,4,0,7,25,0,32,0,0,0,32
11/10/2020,MCN,GA,ASO,ES,Federal Contract Tower,0,2,6,0,8,0,0,2,0,2,0,2,8,0,10,12,0,12,22
11/11/2020,MCN,GA,ASO,ES,Federal Contract Tower,0,3,16,0,19,0,0,2,0,2,0,3,18,0,21,0,0,0,21
11/12/2020,MCN,GA,ASO,ES,Federal Contract Tower,0,3,15,6,24,0,0,6,0,6,0,3,21,6,30,6,0,6,36
11/13/2020,MCN,GA,ASO,ES,Federal Contract Tower,0,4,20,1,25,0,0,14,0,14,0,4,34,1,39,8,0,8,47
11/14/2020,MCN,GA,ASO,ES,Federal Contract Tower,0,3,24,0,27,0,0,10,0,10,0,3,34,0,37,6,0,6,43
11/15/2020,MCN,GA,ASO,ES,Federal Contract Tower,0,4,22,0,26,0,0,0,2,2,0,4,22,2,28,0,0,0,28
11/16/2020,MCN,GA,ASO,ES,Federal Contract Tower,2,3,20,0,25,0,0,10,0,10,2,3,30,0,35,4,0,4,39
11/17/2020,MCN,GA,ASO,ES,Federal Contract Tower,1,3,6,0,10,0,0,9,6,15,1,3,15,6,25,6,0,6,31
11/18/2020,MCN,GA,ASO,ES,Federal Contract Tower,1,5,32,0,38,0,0,28,0,28,1,5,60,0,66,18,6,24,90
11/19/2020,MCN,GA,ASO,ES,Federal Contract Tower,0,5,7,2,14,0,0,20,0,20,0,5,27,2,34,24,0,24,58
11/20/2020,MCN,GA,ASO,ES,Federal Contract Tower,1,5,20,0,26,0,0,18,0,18,1,5,38,0,44,4,0,4,48
11/21/2020,MCN,GA,ASO,ES,Federal Contract Tower,0,3,14,0,17,0,0,18,0,18,0,3,32,0,35,12,0,12,47
11/22/2020,MCN,GA,ASO,ES,Federal Contract Tower,0,4,10,2,16,0,0,23,0,23,0,4,33,2,39,24,0,24,63
11/23/2020,MCN,GA,ASO,ES,Federal Contract Tower,0,3,8,4,15,0,0,14,0,14,0,3,22,4,29,2,0,2,31
11/24/2020,MCN,GA,ASO,ES,Federal Contract Tower,0,4,30,0,34,0,0,22,0,22,0,4,52,0,56,20,0,20,76
11/25/2020,MCN,GA,ASO,ES,Federal Contract Tower,2,4,16,0,22,0,0,8,0,8,2,4,24,0,30,2,0,2,32
11/26/2020,MCN,GA,ASO,ES,Federal Contract Tower,0,0,4,0,4,0,0,1,0,1,0,0,5,0,5,0,0,0,5
11/27/2020,MCN,GA,ASO,ES,Federal Contract Tower,0,3,10,0,13,0,0,13,0,13,0,3,23,0,26,10,0,10,36
11/28/2020,MCN,GA,ASO,ES,Federal Contract Tower,0,3,9,0,12,0,0,3,0,3,0,3,12,0,15,0,0,0,15
11/29/2020,MCN,GA,ASO,ES,Federal Contract Tower,0,8,15,0,23,0,0,0,0,0,0,8,15,0,23,0,0,0,23
11/30/2020,MCN,GA,ASO,ES,Federal Contract Tower,0,6,4,0,10,0,0,0,2,2,0,6,4,2,12,0,0,0,12
12/01/2020,MCN,GA,ASO,ES,Federal Contract Tower,0,4,6,0,10,0,0,9,0,9,0,4,15,0,19,0,0,0,19
12/02/2020,MCN,GA,ASO,ES,Federal Contract Tower,0,2,9,0,11,0,0,19,0,19,0,2,28,0,30,32,0,32,62
12/03/2020,MCN,GA,ASO,ES,Federal Contract Tower,0,2,5,18,25,0,0,11,0,11,0,2,16,18,36,12,0,12,48
12/04/2020,MCN,GA,ASO,ES,Federal Contract Tower,0,5,7,0,12,0,0,6,0,6,0,5,13,0,18,6,0,6,24
12/05/2020,MCN,GA,ASO,ES,Federal Contract Tower,0,5,10,0,15,0,0,8,0,8,0,5,18,0,23,14,2,16,39
12/06/2020,MCN,GA,ASO,ES,Federal Contract Tower,2,10,11,0,23,0,0,13,0,13,2,10,24,0,36,8,0,8,44
12/07/2020,MCN,GA,ASO,ES,Federal Contract Tower,0,3,4,0,7,0,0,0,2,2,0,3,4,2,9,0,0,0,9
12/08/2020,MCN,GA,ASO,ES,Federal Contract Tower,0,5,17,0,22,0,0,17,0,17,0,5,34,0,39,6,0,6,45
12/09/2020,MCN,GA,ASO,ES,Federal Contract Tower,1,5,19,0,25,0,0,28,2,30,1,5,47,2,55,32,0,32,87
12/10/2020,MCN,GA,ASO,ES,Federal Contract Tower,0,8,6,2,16,0,0,15,2,17,0,8,21,4,33,8,0,8,41
12/11/2020,MCN,GA,ASO,ES,Federal Contract Tower,0,5,12,0,17,0,0,26,0,26,0,5,38,0,43,30,0,30,73
12/12/2020,MCN,GA,ASO,ES,Federal Contract Tower,0,8,15,0,23,0,0,10,0,10,0,8,25,0,33,20,0,20,53
12/13/2020,MCN,GA,ASO,ES,Federal Contract Tower,0,3,5,0,8,0,0,0,0,0,0,3,5,0,8,0,0,0,8
12/14/2020,MCN,GA,ASO,ES,Federal Contract Tower,2,9,5,1,17,0,0,2,1,3,2,9,7,2,20,0,0,0,20
12/15/2020,MCN,GA,ASO,ES,Federal Contract Tower,0,3,17,0,20,0,0,15,0,15,0,3,32,0,35,20,0,20,55
12/16/2020,MCN,GA,ASO,ES,Federal Contract Tower,2,4,16,1,23,0,0,0,0,0,2,4,16,1,23,0,0,0,23
12/17/2020,MCN,GA,ASO,ES,Federal Contract Tower,1,6,8,2,17,0,0,6,0,6,1,6,14,2,23,20,0,20,43
12/18/2020,MCN,GA,ASO,ES,Federal Contract Tower,2,4,17,1,24,0,0,23,5,28,2,4,40,6,52,28,0,28,80
12/19/2020,MCN,GA,ASO,ES,Federal Contract Tower,0,5,13,0,18,0,0,12,0,12,0,5,25,0,30,8,0,8,38
12/20/2020,MCN,GA,ASO,ES,Federal Contract Tower,0,4,5,0,9,0,0,0,0,0,0,4,5,0,9,0,0,0,9
12/21/2020,MCN,GA,ASO,ES,Federal Contract Tower,0,9,19,6,34,0,0,10,0,10,0,9,29,6,44,2,0,2,46
12/22/2020,MCN,GA,ASO,ES,Federal Contract Tower,0,6,30,0,36,0,0,14,0,14,0,6,44,0,50,2,0,2,52
12/23/2020,MCN,GA,ASO,ES,Federal Contract Tower,0,3,15,0,18,0,0,29,0,29,0,3,44,0,47,12,0,12,59
12/24/2020,MCN,GA,ASO,ES,Federal Contract Tower,0,15,0,0,15,0,0,0,0,0,0,15,0,0,15,0,0,0,15
12/25/2020,MCN,GA,ASO,ES,Federal Contract Tower,0,2,5,0,7,0,0,3,0,3,0,2,8,0,10,0,0,0,10
12/26/2020,MCN,GA,ASO,ES,Federal Contract Tower,0,4,15,0,19,0,0,9,0,9,0,4,24,0,28,12,0,12,40
12/27/2020,MCN,GA,ASO,ES,Federal Contract Tower,0,4,14,0,18,0,0,15,0,15,0,4,29,0,33,16,0,16,49
12/28/2020,MCN,GA,ASO,ES,Federal Contract Tower,0,4,8,0,12,0,0,16,0,16,0,4,24,0,28,18,0,18,46
12/29/2020,MCN,GA,ASO,ES,Federal Contract Tower,0,4,18,0,22,0,0,20,0,20,0,4,38,0,42,10,0,10,52
12/30/2020,MCN,GA,ASO,ES,Federal Contract Tower,0,2,24,0,26,0,0,4,0,4,0,2,28,0,30,18,0,18,48
12/31/2020,MCN,GA,ASO,ES,Federal Contract Tower,0,7,3,0,10,0,0,0,0,0,0,7,3,0,10,0,0,0,10
01/01/2021,MCN,GA,ASO,ES,Federal Contract Tower,0,4,3,0,7,0,0,0,0,0,0,4,3,0,7,0,0,0,7
01/02/2021,MCN,GA,ASO,ES,Federal Contract Tower,0,6,24,0,30,0,0,7,0,7,0,6,31,0,37,6,0,6,43
01/03/2021,MCN,GA,ASO,ES,Federal Contract Tower,0,7,15,2,24,0,0,8,0,8,0,7,23,2,32,0,0,0,32
01/04/2021,MCN,GA,ASO,ES,Federal Contract Tower,1,3,12,4,20,0,0,20,0,20,1,3,32,4,40,34,0,34,74
01/05/2021,MCN,GA,ASO,ES,Federal Contract Tower,1,3,12,0,16,0,0,15,0,15,1,3,27,0,31,8,0,8,39
01/06/2021,MCN,GA,ASO,ES,Federal Contract Tower,1,2,7,0,10,0,0,9,4,13,1,2,16,4,23,14,0,14,37
01/07/2021,MCN,GA,ASO,ES,Federal Contract Tower,0,5,14,0,19,0,0,3,0,3,0,5,17,0,22,10,0,10,32
01/08/2021,MCN,GA,ASO,ES,Federal Contract Tower,0,3,9,0,12,0,0,0,0,0,0,3,9,0,12,0,0,0,12
01/09/2021,MCN,GA,ASO,ES,Federal Contract Tower,0,3,17,0,20,0,0,11,0,11,0,3,28,0,31,10,0,10,41
01/10/2021,MCN,GA,ASO,ES,Federal Contract Tower,0,3,19,1,23,0,0,18,1,19,0,3,37,2,42,14,0,14,56
01/11/2021,MCN,GA,ASO,ES,Federal Contract Tower,3,3,6,2,14,0,0,4,0,4,3,3,10,2,18,0,0,0,18
01/12/2021,MCN,GA,ASO,ES,Federal Contract Tower,0,5,10,4,19,0,0,5,0,5,0,5,15,4,24,0,0,0,24
01/13/2021,MCN,GA,ASO,ES,Federal Contract Tower,0,5,13,0,18,0,0,15,1,16,0,5,28,1,34,12,0,12,46
01/14/2021,MCN,GA,ASO,ES,Federal Contract Tower,2,5,28,0,35,0,0,27,0,27,2,5,55,0,62,28,0,28,90
01/15/2021,MCN,GA,ASO,ES,Federal Contract Tower,1,4,18,2,25,0,0,2,0,2,1,4,20,2,27,0,0,0,27
01/16/2021,MCN,GA,ASO,ES,Federal Contract Tower,4,3,8,4,19,0,0,7,0,7,4,3,15,4,26,6,0,6,32
01/17/2021,MCN,GA,ASO,ES,Federal Contract Tower,2,6,12,0,20,0,0,6,0,6,2,6,18,0,26,2,0,2,28
01/18/2021,MCN,GA,ASO,ES,Federal Contract Tower,0,3,23,0,26,0,0,8,0,8,0,3,31,0,34,0,0,0,34
01/19/2021,MCN,GA,ASO,ES,Federal Contract Tower,0,2,16,2,20,0,0,18,0,18,0,2,34,2,38,24,0,24,62
01/20/2021,MCN,GA,ASO,ES,Federal Contract Tower,3,1,11,2,17,0,0,11,0,11,3,1,22,2,28,2,0,2,30
01/21/2021,MCN,GA,ASO,ES,Federal Contract Tower,0,5,10,0,15,0,0,0,0,0,0,5,10,0,15,0,0,0,15
01/22/2021,MCN,GA,ASO,ES,Federal Contract Tower,0,3,8,0,11,0,0,2,0,2,0,3,10,0,13,0,0,0,13
01/23/2021,MCN,GA,ASO,ES,Federal Contract Tower,0,7,15,0,22,0,0,14,0,14,0,7,29,0,36,12,0,12,48
01/24/2021,MCN,GA,ASO,ES,Federal Contract Tower,1,6,24,2,33,0,0,6,0,6,1,6,30,2,39,26,0,26,65
01/25/2021,MCN,GA,ASO,ES,Federal Contract Tower,0,3,13,0,16,0,0,0,1,1,0,3,13,1,17,0,0,0,17
01/26/2021,MCN,GA,ASO,ES,Federal Contract Tower,0,3,16,2,21,0,0,3,2,5,0,3,19,4,26,20,0,20,46
01/27/2021,MCN,GA,ASO,ES,Federal Contract Tower,1,8,6,0,15,0,0,0,0,0,1,8,6,0,15,0,0,0,15
01/28/2021,MCN,GA,ASO,ES,Federal Contract Tower,0,5,7,0,12,0,0,8,3,11,0,5,15,3,23,2,0,2,25
01/29/2021,MCN,GA,ASO,ES,Federal Contract Tower,0,6,6,0,12,0,0,16,4,20,0,6,22,4,32,18,0,18,50
01/30/2021,MCN,GA,ASO,ES,Federal Contract Tower,0,7,18,0,25,0,0,19,3,22,0,7,37,3,47,10,0,10,57
01/31/2021,MCN,GA,ASO,ES,Federal Contract Tower,0,13,11,0,24,0,0,0,0,0,0,13,11,0,24,0,0,0,24
02/01/2021,MCN,GA,ASO,ES,Federal Contract Tower,0,3,8,0,11,0,0,1,0,1,0,3,9,0,12,0,0,0,12
02/02/2021,MCN,GA,ASO,ES,Federal Contract Tower,2,2,15,0,19,0,0,2,0,2,2,2,17,0,21,0,0,0,21
02/03/2021,MCN,GA,ASO,ES,Federal Contract Tower,0,2,14,0,16,0,0,19,0,19,0,2,33,0,35,8,0,8,43
02/04/2021,MCN,GA,ASO,ES,Federal Contract Tower,0,3,13,11,27,0,0,21,0,21,0,3,34,11,48,16,0,16,64
02/05/2021,MCN,GA,ASO,ES,Federal Contract Tower,2,6,20,0,28,0,0,9,0,9,2,6,29,0,37,0,0,0,37
02/06/2021,MCN,GA,ASO,ES,Federal Contract Tower,0,4,10,0,14,0,0,5,0,5,0,4,15,0,19,0,0,0,19
02/07/2021,MCN,GA,ASO,ES,Federal Contract Tower,0,9,10,0,19,0,0,17,0,17,0,9,27,0,36,18,0,18,54
02/08/2021,MCN,GA,ASO,ES,Federal Contract Tower,1,3,15,0,19,0,0,15,1,16,1,3,30,1,35,10,0,10,45
02/09/2021,MCN,GA,ASO,ES,Federal Contract Tower,0,2,24,2,28,0,0,2,0,2,0,2,26,2,30,0,0,0,30
02/10/2021,MCN,GA,ASO,ES,Federal Contract Tower,0,4,6,2,12,0,0,3,0,3,0,4,9,2,15,4,0,4,19
02/11/2021,MCN,GA,ASO,ES,Federal Contract Tower,0,4,8,0,12,0,0,0,0,0,0,4,8,0,12,0,0,0,12
02/12/2021,MCN,GA,ASO,ES,Federal Contract Tower,0,3,25,1,29,0,0,0,0,0,0,3,25,1,29,0,0,0,29
02/13/2021,MCN,GA,ASO,ES,Federal Contract Tower,0,7,4,2,13,0,0,0,0,0,0,7,4,2,13,0,0,0,13
02/14/2021,MCN,GA,ASO,ES,Federal Contract Tower,0,5,7,0,12,0,0,1,0,1,0,5,8,0,13,0,0,0,13
02/15/2021,MCN,GA,ASO,ES,Federal Contract Tower,0,6,9,0,15,0,0,0,0,0,0,6,9,0,15,0,0,0,15
02/16/2021,MCN,GA,ASO,ES,Federal Contract Tower,0,2,22,0,24,0,0,13,2,15,0,2,35,2,39,6,0,6,45
02/17/2021,MCN,GA,ASO,ES,Federal Contract Tower,2,2,14,0,18,0,0,22,0,22,2,2,36,0,40,24,0,24,64
02/18/2021,MCN,GA,ASO,ES,Federal Contract Tower,0,5,5,0,10,0,0,0,0,0,0,5,5,0,10,0,0,0,10
02/19/2021,MCN,GA,ASO,ES,Federal Contract Tower,0,4,11,4,19,0,0,5,3,8,0,4,16,7,27,16,0,16,43
02/20/2021,MCN,GA,ASO,ES,Federal Contract Tower,0,3,7,0,10,0,0,32,0,32,0,3,39,0,42,16,0,16,58
02/21/2021,MCN,GA,ASO,ES,Federal Contract Tower,2,4,13,0,19,0,0,15,0,15,2,4,28,0,34,6,0,6,40
02/22/2021,MCN,GA,ASO,ES,Federal Contract Tower,1,3,16,2,22,0,0,2,0,2,1,3,18,2,24,0,0,0,24
02/23/2021,MCN,GA,ASO,ES,Federal Contract Tower,0,2,4,0,6,0,0,20,0,20,0,2,24,0,26,24,0,24,50
02/24/2021,MCN,GA,ASO,ES,Federal Contract Tower,1,2,32,0,35,0,0,18,0,18,1,2,50,0,53,22,0,22,75
02/25/2021,MCN,GA,ASO,ES,Federal Contract Tower,2,4,16,0,22,0,0,15,0,15,2,4,31,0,37,10,0,10,47
02/26/2021,MCN,GA,ASO,ES,Federal Contract Tower,0,6,27,17,50,0,0,10,4,14,0,6,37,21,64,2,0,2,66
02/27/2021,MCN,GA,ASO,ES,Federal Contract Tower,2,4,19,2,27,0,0,7,2,9,2,4,26,4,36,6,4,10,46
02/28/2021,MCN,GA,ASO,ES,Federal Contract Tower,0,8,24,16,48,0,0,4,5,9,0,8,28,21,57,2,0,2,59
03/01/2021,MCN,GA,ASO,ES,Federal Contract Tower,0,3,13,1,17,0,0,5,3,8,0,3,18,4,25,2,2,4,29
03/02/2021,MCN,GA,ASO,ES,Federal Contract Tower,0,3,10,1,14,0,0,0,0,0,0,3,10,1,14,0,0,0,14
03/03/2021,MCN,GA,ASO,ES,Federal Contract Tower,2,4,16,0,22,0,0,6,0,6,2,4,22,0,28,6,0,6,34
03/04/2021,MCN,GA,ASO,ES,Federal Contract Tower,0,3,22,0,25,0,0,25,0,25,0,3,47,0,50,14,0,14,64
03/05/2021,MCN,GA,ASO,ES,Federal Contract Tower,0,3,23,2,28,0,0,14,0,14,0,3,37,2,42,6,0,6,48
03/06/2021,MCN,GA,ASO,ES,Federal Contract Tower,0,4,13,0,17,0,0,11,0,11,0,4,24,0,28,6,0,6,34
03/07/2021,MCN,GA,ASO,ES,Federal Contract Tower,0,5,12,0,17,0,0,19,2,21,0,5,31,2,38,14,0,14,52
03/08/2021,MCN,GA,ASO,ES,Federal Contract Tower,0,8,15,2,25,0,0,31,0,31,0,8,46,2,56,38,0,38,94
03/09/2021,MCN,GA,ASO,ES,Federal Contract Tower,0,5,22,0,27,0,0,12,0,12,0,5,34,0,39,6,0,6,45
03/10/2021,MCN,GA,ASO,ES,Federal Contract Tower,0,3,14,0,17,0,0,6,0,6,0,3,20,0,23,14,0,14,37
03/11/2021,MCN,GA,ASO,ES,Federal Contract Tower,0,5,15,0,20,0,0,10,0,10,0,5,25,0,30,32,0,32,62
03/12/2021,MCN,GA,ASO,ES,Federal Contract Tower,1,5,21,10,37,0,0,13,2,15,1,5,34,12,52,6,0,6,58
03/13/2021,MCN,GA,ASO,ES,Federal Contract Tower,3,6,18,0,27,0,0,14,0,14,3,6,32,0,41,8,0,8,49
03/14/2021,MCN,GA,ASO,ES,Federal Contract Tower,0,8,22,3,33,0,0,10,1,11,0,8,32,4,44,6,0,6,50
03/15/2021,MCN,GA,ASO,ES,Federal Contract Tower,1,2,12,0,15,0,0,8,0,8,1,2,20,0,23,4,0,4,27
03/16/2021,MCN,GA,ASO,ES,Federal Contract Tower,0,3,9,0,12,0,0,1,0,1,0,3,10,0,13,0,0,0,13
03/17/2021,MCN,GA,ASO,ES,Federal Contract Tower,0,2,11,2,15,0,0,0,0,0,0,2,11,2,15,8,0,8,23
03/18/2021,MCN,GA,ASO,ES,Federal Contract Tower,0,3,3,0,6,0,0,1,0,1,0,3,4,0,7,0,0,0,7
03/19/2021,MCN,GA,ASO,ES,Federal Contract Tower,1,3,33,0,37,0,0,10,0,10,1,3,43,0,47,8,0,8,55
03/20/2021,MCN,GA,ASO,ES,Federal Contract Tower,0,8,16,0,24,0,0,3,0,3,0,8,19,0,27,0,0,0,27
03/21/2021,MCN,GA,ASO,ES,Federal Contract Tower,3,5,25,0,33,0,0,8,0,8,3,5,33,0,41,4,0,4,45
03/22/2021,MCN,GA,ASO,ES,Federal Contract Tower,0,6,10,0,16,0,0,16,0,16,0,6,26,0,32,8,0,8,40
03/23/2021,MCN,GA,ASO,ES,Federal Contract Tower,0,2,16,0,18,0,0,8,0,8,0,2,24,0,26,0,0,0,26
03/24/2021,MCN,GA,ASO,ES,Federal Contract Tower,1,2,17,0,20,0,0,3,0,3,1,2,20,0,23,0,0,0,23
03/25/2021,MCN,GA,ASO,ES,Federal Contract Tower,2,5,18,0,25,0,0,3,0,3,2,5,21,0,28,10,0,10,38
03/26/2021,MCN,GA,ASO,ES,Federal Contract Tower,1,3,18,0,22,0,0,0,0,0,1,3,18,0,22,0,0,0,22
03/27/2021,MCN,GA,ASO,ES,Federal Contract Tower,0,3,15,0,18,0,0,7,0,7,0,3,22,0,25,6,0,6,31
03/28/2021,MCN,GA,ASO,ES,Federal Contract Tower,0,4,9,0,13,0,0,5,0,5,0,4,14,0,18,12,0,12,30
03/29/2021,MCN,GA,ASO,ES,Federal Contract Tower,0,4,15,0,19,0,0,14,0,14,0,4,29,0,33,16,0,16,49
03/30/2021,MCN,GA,ASO,ES,Federal Contract Tower,0,4,14,0,18,0,0,5,2,7,0,4,19,2,25,8,0,8,33
03/31/2021,MCN,GA,ASO,ES,Federal Contract Tower,0,8,11,0,19,0,0,3,0,3,0,8,14,0,22,8,0,8,30
04/01/2021,MCN,GA,ASO,ES,Federal Contract Tower,0,6,9,0,15,0,0,1,1,2,0,6,10,1,17,0,0,0,17
04/02/2021,MCN,GA,ASO,ES,Federal Contract Tower,2,3,24,0,29,0,0,19,0,19,2,3,43,0,48,6,0,6,54
04/03/2021,MCN,GA,ASO,ES,Federal Contract Tower,0,6,5,0,11,0,0,35,0,35,0,6,40,0,46,36,0,36,82
04/04/2021,MCN,GA,ASO,ES,Federal Contract Tower,3,5,13,0,21,0,0,17,0,17,3,5,30,0,38,2,0,2,40
04/05/2021,MCN,GA,ASO,ES,Federal Contract Tower,0,3,26,0,29,0,0,13,0,13,0,3,39,0,42,10,0,10,52
04/06/2021,MCN,GA,ASO,ES,Federal Contract Tower,0,4,10,0,14,0,0,14,0,14,0,4,24,0,28,14,0,14,42
04/07/2021,MCN,GA,ASO,ES,Federal Contract Tower,0,4,18,0,22,0,0,14,0,14,0,4,32,0,36,28,0,28,64
04/08/2021,MCN,GA,ASO,ES,Federal Contract Tower,4,5,10,0,19,0,0,5,2,7,4,5,15,2,26,2,0,2,28
04/09/2021,MCN,GA,ASO,ES,Federal Contract Tower,1,5,19,0,25,0,0,2,0,2,1,5,21,0,27,0,0,0,27
04/10/2021,MCN,GA,ASO,ES,Federal Contract Tower,0,5,8,0,13,0,0,0,0,0,0,5,8,0,13,0,0,0,13
04/11/2021,MCN,GA,ASO,ES,Federal Contract Tower,1,8,20,0,29,0,0,13,0,13,1,8,33,0,42,6,0,6,48
04/12/2021,MCN,GA,ASO,ES,Federal Contract Tower,0,5,20,0,25,0,0,15,0,15,0,5,35,0,40,4,0,4,44
04/13/2021,MCN,GA,ASO,ES,Federal Contract Tower,0,2,18,0,20,0,0,22,0,22,0,2,40,0,42,24,0,24,66
04/14/2021,MCN,GA,ASO,ES,Federal Contract Tower,0,2,36,2,40,0,0,15,0,15,0,2,51,2,55,10,0,10,65
04/15/2021,MCN,GA,ASO,ES,Federal Contract Tower,0,4,23,2,29,0,0,16,12,28,0,4,39,14,57,28,0,28,85
04/16/2021,MCN,GA,ASO,ES,Federal Contract Tower,0,6,11,10,27,0,0,28,3,31,0,6,39,13,58,22,0,22,80
04/17/2021,MCN,GA,ASO,ES,Federal Contract Tower,0,5,10,0,15,0,0,12,0,12,0,5,22,0,27,6,0,6,33
04/18/2021,MCN,GA,ASO,ES,Federal Contract Tower,0,4,12,13,29,0,0,10,11,21,0,4,22,24,50,0,0,0,50
04/19/2021,MCN,GA,ASO,ES,Federal Contract Tower,1,3,16,0,20,0,0,13,0,13,1,3,29,0,33,4,0,4,37
04/20/2021,MCN,GA,ASO,ES,Federal Contract Tower,2,2,15,0,19,0,0,14,0,14,2,2,29,0,33,24,0,24,57
04/21/2021,MCN,GA,ASO,ES,Federal Contract Tower,2,3,25,3,33,0,0,5,2,7,2,3,30,5,40,2,0,2,42
04/22/2021,MCN,GA,ASO,ES,Federal Contract Tower,2,4,33,3,42,0,0,22,6,28,2,4,55,9,70,4,0,4,74
04/23/2021,MCN,GA,ASO,ES,Federal Contract Tower,2,7,26,2,37,0,0,19,0,19,2,7,45,2,56,32,0,32,88
04/24/2021,MCN,GA,ASO,ES,Federal Contract Tower,0,3,6,0,9,0,0,0,0,0,0,3,6,0,9,0,0,0,9
04/25/2021,MCN,GA,ASO,ES,Federal Contract Tower,2,4,18,1,25,0,0,12,3,15,2,4,30,4,40,14,0,14,54
04/26/2021,MCN,GA,ASO,ES,Federal Contract Tower,0,3,11,0,14,0,0,9,2,11,0,3,20,2,25,6,0,6,31
04/27/2021,MCN,GA,ASO,ES,Federal Contract Tower,0,7,25,2,34,0,0,17,4,21,0,7,42,6,55,8,0,8,63
04/28/2021,MCN,GA,ASO,ES,Federal Contract Tower,0,6,26,0,32,0,0,15,3,18,0,6,41,3,50,4,0,4,54
04/29/2021,MCN,GA,ASO,ES,Federal Contract Tower,0,6,23,0,29,0,0,6,2,8,0,6,29,2,37,0,0,0,37
04/30/2021,MCN,GA,ASO,ES,Federal Contract Tower,0,3,12,1,16,0,0,5,1,6,0,3,17,2,22,0,0,0,22
05/01/2021,MCN,GA,ASO,ES,Federal Contract Tower,0,7,5,4,16,0,0,23,0,23,0,7,28,4,39,18,0,18,57
05/02/2021,MCN,GA,ASO,ES,Federal Contract Tower,0,3,15,0,18,0,0,12,0,12,0,3,27,0,30,0,0,0,30
05/03/2021,MCN,GA,ASO,ES,Federal Contract Tower,0,7,18,6,31,0,0,5,0,5,0,7,23,6,36,0,0,0,36
05/04/2021,MCN,GA,ASO,ES,Federal Contract Tower,0,2,19,0,21,0,0,2,0,2,0,2,21,0,23,0,0,0,23
05/05/2021,MCN,GA,ASO,ES,Federal Contract Tower,0,2,14,0,16,0,0,2,0,2,0,2,16,0,18,0,0,0,18
05/06/2021,MCN,GA,ASO,ES,Federal Contract Tower,0,5,7,2,14,0,0,19,0,19,0,5,26,2,33,6,0,6,39
05/07/2021,MCN,GA,ASO,ES,Federal Contract Tower,0,3,19,0,22,0,0,6,0,6,0,3,25,0,28,2,0,2,30
05/08/2021,MCN,GA,ASO,ES,Federal Contract Tower,1,5,18,2,26,0,0,20,0,20,1,5,38,2,46,30,0,30,76
05/09/2021,MCN,GA,ASO,ES,Federal Contract Tower,0,6,15,0,21,0,0,22,0,22,0,6,37,0,43,4,0,4,47
05/10/2021,MCN,GA,ASO,ES,Federal Contract Tower,0,3,16,0,19,0,0,16,0,16,0,3,32,0,35,76,0,76,111
05/11/2021,MCN,GA,ASO,ES,Federal Contract Tower,3,3,29,0,35,0,0,17,0,17,3,3,46,0,52,54,0,54,106
05/12/2021,MCN,GA,ASO,ES,Federal Contract Tower,0,4,16,2,22,0,0,0,0,0,0,4,16,2,22,0,0,0,22
05/13/2021,MCN,GA,ASO,ES,Federal Contract Tower,0,7,22,0,29,0,0,24,0,24,0,7,46,0,53,48,0,48,101
05/14/2021,MCN,GA,ASO,ES,Federal Contract Tower,2,8,33,2,45,0,0,53,0,53,2,8,86,2,98,64,0,64,162
05/15/2021,MCN,GA,ASO,ES,Federal Contract Tower,0,6,18,0,24,0,0,39,0,39,0,6,57,0,63,74,0,74,137
05/16/2021,MCN,GA,ASO,ES,Federal Contract Tower,0,11,21,4,36,0,0,32,0,32,0,11,53,4,68,10,0,10,78
05/17/2021,MCN,GA,ASO,ES,Federal Contract Tower,0,6,15,0,21,0,0,34,0,34,0,6,49,0,55,30,0,30,85
05/18/2021,MCN,GA,ASO,ES,Federal Contract Tower,0,4,11,0,15,0,0,24,4,28,0,4,35,4,43,60,0,60,103
05/19/2021,MCN,GA,ASO,ES,Federal Contract Tower,0,2,20,0,22,0,0,30,2,32,0,2,50,2,54,36,0,36,90
05/20/2021,MCN,GA,ASO,ES,Federal Contract Tower,0,8,20,4,32,0,1,24,0,25,0,9,44,4,57,20,0,20,77
05/21/2021,MCN,GA,ASO,ES,Federal Contract Tower,0,9,13,1,23,0,1,14,1,16,0,10,27,2,39,0,0,0,39
05/22/2021,MCN,GA,ASO,ES,Federal Contract Tower,1,8,7,0,16,0,0,22,0,22,1,8,29,0,38,10,0,10,48
05/23/2021,MCN,GA,ASO,ES,Federal Contract Tower,0,10,16,0,26,0,0,9,2,11,0,10,25,2,37,0,0,0,37
05/24/2021,MCN,GA,ASO,ES,Federal Contract Tower,0,5,12,0,17,0,0,13,0,13,0,5,25,0,30,32,0,32,62
05/25/2021,MCN,GA,ASO,ES,Federal Contract Tower,0,5,34,0,39,0,0,17,0,17,0,5,51,0,56,6,0,6,62
05/26/2021,MCN,GA,ASO,ES,Federal Contract Tower,6,2,26,2,36,0,0,11,0,11,6,2,37,2,47,12,0,12,59
05/27/2021,MCN,GA,ASO,ES,Federal Contract Tower,1,6,25,0,32,0,0,14,0,14,1,6,39,0,46,6,0,6,52
05/28/2021,MCN,GA,ASO,ES,Federal Contract Tower,0,3,18,3,24,0,0,11,1,12,0,3,29,4,36,26,0,26,62
05/29/2021,MCN,GA,ASO,ES,Federal Contract Tower,0,3,11,0,14,0,0,19,0,19,0,3,30,0,33,40,0,40,73
05/30/2021,MCN,GA,ASO,ES,Federal Contract Tower,0,7,6,0,13,0,0,9,0,9,0,7,15,0,22,22,0,22,44
05/31/2021,MCN,GA,ASO,ES,Federal Contract Tower,0,5,21,0,26,0,0,20,0,20,0,5,41,0,46,18,0,18,64
06/01/2021,MCN,GA,ASO,ES,Federal Contract Tower,0,9,28,0,37,0,0,20,0,20,0,9,48,0,57,20,0,20,77
06/02/2021,MCN,GA,ASO,ES,Federal Contract Tower,0,6,11,2,19,0,0,10,0,10,0,6,21,2,29,0,0,0,29
06/03/2021,MCN,GA,ASO,ES,Federal Contract Tower,0,5,26,2,33,0,0,17,0,17,0,5,43,2,50,32,0,32,82
06/04/2021,MCN,GA,ASO,ES,Federal Contract Tower,0,3,23,1,27,0,0,19,9,28,0,3,42,10,55,8,0,8,63
06/05/2021,MCN,GA,ASO,ES,Federal Contract Tower,4,4,7,0,15,0,0,12,0,12,4,4,19,0,27,4,0,4,31
06/06/2021,MCN,GA,ASO,ES,Federal Contract Tower,0,6,16,10,32,0,0,6,10,16,0,6,22,20,48,0,0,0,48
06/07/2021,MCN,GA,ASO,ES,Federal Contract Tower,0,3,19,0,22,0,0,8,0,8,0,3,27,0,30,18,0,18,48
06/08/2021,MCN,GA,ASO,ES,Federal Contract Tower,0,5,17,2,24,0,0,0,0,0,0,5,17,2,24,0,0,0,24
06/09/2021,MCN,GA,ASO,ES,Federal Contract Tower,2,4,28,0,34,0,0,16,0,16,2,4,44,0,50,52,0,52,102
06/10/2021,MCN,GA,ASO,ES,Federal Contract Tower,0,2,21,0,23,0,0,23,1,24,0,2,44,1,47,46,0,46,93
06/11/2021,MCN,GA,ASO,ES,Federal Contract Tower,0,4,14,0,18,0,0,8,0,8,0,4,22,0,26,0,0,0,26
06/12/2021,MCN,GA,ASO,ES,Federal Contract Tower,0,3,11,0,14,0,0,14,0,14,0,3,25,0,28,36,0,36,64
06/13/2021,MCN,GA,ASO,ES,Federal Contract Tower,0,4,10,0,14,0,0,10,0,10,0,4,20,0,24,38,0,38,62
06/14/2021,MCN,GA,ASO,ES,Federal Contract Tower,0,8,11,0,19,0,0,23,0,23,0,8,34,0,42,36,0,36,78
06/15/2021,MCN,GA,ASO,ES,Federal Contract Tower,1,2,18,0,21,0,2,20,0,22,1,4,38,0,43,34,0,34,77
06/16/2021,MCN,GA,ASO,ES,Federal Contract Tower,0,4,33,0,37,0,0,17,0,17,0,4,50,0,54,24,0,24,78
06/17/2021,MCN,GA,ASO,ES,Federal Contract Tower,0,3,26,1,30,0,0,34,0,34,0,3,60,1,64,44,0,44,108
06/18/2021,MCN,GA,ASO,ES,Federal Contract Tower,0,4,7,0,11,0,0,32,0,32,0,4,39,0,43,16,0,16,59
06/19/2021,MCN,GA,ASO,ES,Federal Contract Tower,0,1,7,0,8,0,0,11,0,11,0,1,18,0,19,22,0,22,41
06/20/2021,MCN,GA,ASO,ES,Federal Contract Tower,0,8,10,0,18,0,0,1,0,1,0,8,11,0,19,0,0,0,19
06/21/2021,MCN,GA,ASO,ES,Federal Contract Tower,0,14,11,0,25,0,0,5,0,5,0,14,16,0,30,2,0,2,32
06/22/2021,MCN,GA,ASO,ES,Federal Contract Tower,0,1,17,0,18,0,0,0,0,0,0,1,17,0,18,0,0,0,18
06/23/2021,MCN,GA,ASO,ES,Federal Contract Tower,3,2,19,0,24,0,0,36,0,36,3,2,55,0,60,66,0,66,126
06/24/2021,MCN,GA,ASO,ES,Federal Contract Tower,1,5,25,0,31,0,0,6,0,6,1,5,31,0,37,42,0,42,79
06/25/2021,MCN,GA,ASO,ES,Federal Contract Tower,0,8,18,14,40,0,0,24,10,34,0,8,42,24,74,40,22,62,136
06/26/2021,MCN,GA,ASO,ES,Federal Contract Tower,0,6,10,0,16,0,0,11,0,11,0,6,21,0,27,28,0,28,55
06/27/2021,MCN,GA,ASO,ES,Federal Contract Tower,0,8,27,2,37,0,0,4,2,6,0,8,31,4,43,0,0,0,43
06/28/2021,MCN,GA,ASO,ES,Federal Contract Tower,0,6,21,0,27,0,0,18,0,18,0,6,39,0,45,20,0,20,65
06/29/2021,MCN,GA,ASO,ES,Federal Contract Tower,0,5,16,5,26,0,0,7,1,8,0,5,23,6,34,14,0,14,48
06/30/2021,MCN,GA,ASO,ES,Federal Contract Tower,0,2,23,0,25,0,0,2,0,2,0,2,25,0,27,0,0,0,27
07/01/2021,MCN,GA,ASO,ES,Federal Contract Tower,1,3,12,2,18,0,0,10,0,10,1,3,22,2,28,20,2,22,50
07/03/2021,MCN,GA,ASO,ES,Federal Contract Tower,0,3,13,0,16,0,0,22,0,22,0,3,35,0,38,32,0,32,70
07/04/2021,MCN,GA,ASO,ES,Federal Contract Tower,0,4,9,0,13,0,0,9,0,9,0,4,18,0,22,0,0,0,22
07/05/2021,MCN,GA,ASO,ES,Federal Contract Tower,0,3,17,0,20,0,0,11,0,11,0,3,28,0,31,22,0,22,53
07/06/2021,MCN,GA,ASO,ES,Federal Contract Tower,0,2,9,8,19,0,0,6,4,10,0,2,15,12,29,10,18,28,57
07/07/2021,MCN,GA,ASO,ES,Federal Contract Tower,2,2,11,0,15,0,0,6,0,6,2,2,17,0,21,6,0,6,27
07/08/2021,MCN,GA,ASO,ES,Federal Contract Tower,0,4,21,0,25,0,0,12,0,12,0,4,33,0,37,22,0,22,59
07/09/2021,MCN,GA,ASO,ES,Federal Contract Tower,0,7,19,4,30,0,0,1,0,1,0,7,20,4,31,30,0,30,61
07/10/2021,MCN,GA,ASO,ES,Federal Contract Tower,0,2,10,0,12,0,0,6,0,6,0,2,16,0,18,2,0,2,20
07/11/2021,MCN,GA,ASO,ES,Federal Contract Tower,0,4,6,3,13,0,0,2,1,3,0,4,8,4,16,2,0,2,18
07/12/2021,MCN,GA,ASO,ES,Federal Contract Tower,0,3,30,1,34,0,0,11,12,23,0,3,41,13,57,18,0,18,75
07/13/2021,MCN,GA,ASO,ES,Federal Contract Tower,0,6,21,4,31,0,0,4,3,7,0,6,25,7,38,2,0,2,40
07/14/2021,MCN,GA,ASO,ES,Federal Contract Tower,0,8,27,1,36,0,0,17,0,17,0,8,44,1,53,20,0,20,73
07/15/2021,MCN,GA,ASO,ES,Federal Contract Tower,0,7,19,2,28,0,0,10,0,10,0,7,29,2,38,12,0,12,50
07/16/2021,MCN,GA,ASO,ES,Federal Contract Tower,0,3,11,4,18,0,0,16,3,19,0,3,27,7,37,12,0,12,49
07/17/2021,MCN,GA,ASO,ES,Federal Contract Tower,0,2,11,0,13,0,0,27,0,27,0,2,38,0,40,44,0,44,84
07/18/2021,MCN,GA,ASO,ES,Federal Contract Tower,0,12,21,9,42,0,0,10,3,13,0,12,31,12,55,6,0,6,61
07/19/2021,MCN,GA,ASO,ES,Federal Contract Tower,0,6,5,0,11,0,0,1,0,1,0,6,6,0,12,0,0,0,12
07/20/2021,MCN,GA,ASO,ES,Federal Contract Tower,0,2,21,0,23,0,0,7,0,7,0,2,28,0,30,10,0,10,40
07/21/2021,MCN,GA,ASO,ES,Federal Contract Tower,0,2,39,0,41,0,0,6,0,6,0,2,45,0,47,14,0,14,61
07/22/2021,MCN,GA,ASO,ES,Federal Contract Tower,0,3,27,0,30,0,0,5,0,5,0,3,32,0,35,0,0,0,35
07/23/2021,MCN,GA,ASO,ES,Federal Contract Tower,0,3,10,1,14,0,0,8,0,8,0,3,18,1,22,0,0,0,22
07/24/2021,MCN,GA,ASO,ES,Federal Contract Tower,1,3,18,0,22,0,0,20,0,20,1,3,38,0,42,12,0,12,54
07/25/2021,MCN,GA,ASO,ES,Federal Contract Tower,0,6,18,0,24,0,0,16,0,16,0,6,34,0,40,8,0,8,48
07/26/2021,MCN,GA,ASO,ES,Federal Contract Tower,2,4,8,2,16,0,0,11,0,11,2,4,19,2,27,4,0,4,31
07/27/2021,MCN,GA,ASO,ES,Federal Contract Tower,0,7,16,0,23,0,0,8,1,9,0,7,24,1,32,4,0,4,36
07/28/2021,MCN,GA,ASO,ES,Federal Contract Tower,0,4,22,0,26,0,0,11,0,11,0,4,33,0,37,12,0,12,49
07/29/2021,MCN,GA,ASO,ES,Federal Contract Tower,2,7,25,0,34,0,0,20,0,20,2,7,45,0,54,38,0,38,92
07/30/2021,MCN,GA,ASO,ES,Federal Contract Tower,1,7,10,8,26,0,0,21,4,25,1,7,31,12,51,32,0,32,83
07/31/2021,MCN,GA,ASO,ES,Federal Contract Tower,0,4,14,6,24,0,0,11,0,11,0,4,25,6,35,4,0,4,39
08/01/2021,MCN,GA,ASO,ES,Federal Contract Tower,0,7,12,7,26,0,0,8,3,11,0,7,20,10,37,8,0,8,45
08/02/2021,MCN,GA,ASO,ES,Federal Contract Tower,1,4,7,6,18,0,0,5,2,7,1,4,12,8,25,0,2,2,27
08/03/2021,MCN,GA,ASO,ES,Federal Contract Tower,0,3,16,8,27,0,0,1,0,1,0,3,17,8,28,0,0,0,28
08/04/2021,MCN,GA,ASO,ES,Federal Contract Tower,0,6,13,1,20,0,0,16,1,17,0,6,29,2,37,28,0,28,65
08/05/2021,MCN,GA,ASO,ES,Federal Contract Tower,2,7,13,2,24,0,0,12,0,12,2,7,25,2,36,28,0,28,64
08/06/2021,MCN,GA,ASO,ES,Federal Contract Tower,0,6,24,0,30,0,1,13,0,14,0,7,37,0,44,28,0,28,72
08/07/2021,MCN,GA,ASO,ES,Federal Contract Tower,0,1,9,0,10,0,0,7,0,7,0,1,16,0,17,6,0,6,23
08/08/2021,MCN,GA,ASO,ES,Federal Contract Tower,0,6,20,0,26,0,0,5,0,5,0,6,25,0,31,16,0,16,47
08/09/2021,MCN,GA,ASO,ES,Federal Contract Tower,0,6,14,0,20,0,0,21,0,21,0,6,35,0,41,22,0,22,63
08/10/2021,MCN,GA,ASO,ES,Federal Contract Tower,0,2,7,0,9,0,0,13,0,13,0,2,20,0,22,8,0,8,30
08/11/2021,MCN,GA,ASO,ES,Federal Contract Tower,0,5,16,5,26,0,0,12,2,14,0,5,28,7,40,32,2,34,74
08/12/2021,MCN,GA,ASO,ES,Federal Contract Tower,0,7,12,0,19,0,0,10,0,10,0,7,22,0,29,16,0,16,45
08/13/2021,MCN,GA,ASO,ES,Federal Contract Tower,0,2,21,0,23,0,0,16,0,16,0,2,37,0,39,26,0,26,65
08/14/2021,MCN,GA,ASO,ES,Federal Contract Tower,0,5,16,0,21,0,0,28,0,28,0,5,44,0,49,8,0,8,57
08/15/2021,MCN,GA,ASO,ES,Federal Contract Tower,0,5,12,0,17,0,0,1,0,1,0,5,13,0,18,0,0,0,18
08/16/2021,MCN,GA,ASO,ES,Federal Contract Tower,0,4,8,0,12,0,0,0,0,0,0,4,8,0,12,0,0,0,12
08/17/2021,MCN,GA,ASO,ES,Federal Contract Tower,1,5,3,0,9,0,0,0,0,0,1,5,3,0,9,0,0,0,9
08/18/2021,MCN,GA,ASO,ES,Federal Contract Tower,0,2,19,0,21,0,0,16,0,16,0,2,35,0,37,46,0,46,83
08/19/2021,MCN,GA,ASO,ES,Federal Contract Tower,0,6,18,0,24,0,0,15,0,15,0,6,33,0,39,8,0,8,47
08/20/2021,MCN,GA,ASO,ES,Federal Contract Tower,0,8,13,2,23,0,0,15,0,15,0,8,28,2,38,30,0,30,68
08/21/2021,MCN,GA,ASO,ES,Federal Contract Tower,0,3,8,0,11,0,0,4,0,4,0,3,12,0,15,0,0,0,15
08/22/2021,MCN,GA,ASO,ES,Federal Contract Tower,0,5,14,0,19,0,0,2,13,15,0,5,16,13,34,0,0,0,34
08/23/2021,MCN,GA,ASO,ES,Federal Contract Tower,0,4,17,0,21,0,0,13,4,17,0,4,30,4,38,6,0,6,44
08/24/2021,MCN,GA,ASO,ES,Federal Contract Tower,0,9,9,2,20,0,0,14,0,14,0,9,23,2,34,20,0,20,54
08/25/2021,MCN,GA,ASO,ES,Federal Contract Tower,0,2,15,2,19,0,0,14,2,16,0,2,29,4,35,6,2,8,43
08/26/2021,MCN,GA,ASO,ES,Federal Contract Tower,0,3,22,0,25,0,0,23,0,23,0,3,45,0,48,10,0,10,58
08/27/2021,MCN,GA,ASO,ES,Federal Contract Tower,0,5,17,0,22,0,0,3,0,3,0,5,20,0,25,0,0,0,25
08/28/2021,MCN,GA,ASO,ES,Federal Contract Tower,0,2,7,0,9,0,0,2,0,2,0,2,9,0,11,6,0,6,17
08/29/2021,MCN,GA,ASO,ES,Federal Contract Tower,3,4,7,0,14,0,0,6,0,6,3,4,13,0,20,2,0,2,22
08/30/2021,MCN,GA,ASO,ES,Federal Contract Tower,0,5,25,0,30,0,0,6,0,6,0,5,31,0,36,22,0,22,58
08/31/2021,MCN,GA,ASO,ES,Federal Contract Tower,1,2,3,0,6,0,0,0,0,0,1,2,3,0,6,0,0,0,6
09/01/2021,MCN,GA,ASO,ES,Federal Contract Tower,0,6,14,0,20,0,0,13,0,13,0,6,27,0,33,14,0,14,47
09/02/2021,MCN,GA,ASO,ES,Federal Contract Tower,0,4,28,0,32,0,0,20,0,20,0,4,48,0,52,34,0,34,86
09/03/2021,MCN,GA,ASO,ES,Federal Contract Tower,4,5,28,2,39,0,1,19,0,20,4,6,47,2,59,14,0,14,73
09/04/2021,MCN,GA,ASO,ES,Federal Contract Tower,0,5,9,0,14,0,0,5,0,5,0,5,14,0,19,20,0,20,39
09/05/2021,MCN,GA,ASO,ES,Federal Contract Tower,0,8,16,0,24,0,0,8,0,8,0,8,24,0,32,0,0,0,32
09/06/2021,MCN,GA,ASO,ES,Federal Contract Tower,0,3,16,0,19,0,0,13,0,13,0,3,29,0,32,28,0,28,60
09/07/2021,MCN,GA,ASO,ES,Federal Contract Tower,2,9,15,2,28,0,0,12,0,12,2,9,27,2,40,0,0,0,40
09/08/2021,MCN,GA,ASO,ES,Federal Contract Tower,4,5,11,1,21,0,0,8,0,8,4,5,19,1,29,16,0,16,45
09/09/2021,MCN,GA,ASO,ES,Federal Contract Tower,4,4,15,0,23,0,0,13,0,13,4,4,28,0,36,0,0,0,36
09/10/2021,MCN,GA,ASO,ES,Federal Contract Tower,0,4,25,6,35,0,0,15,6,21,0,4,40,12,56,10,0,10,66
09/11/2021,MCN,GA,ASO,ES,Federal Contract Tower,0,5,20,0,25,0,0,25,0,25,0,5,45,0,50,20,0,20,70
09/12/2021,MCN,GA,ASO,ES,Federal Contract Tower,0,7,22,4,33,0,0,14,8,22,0,7,36,12,55,22,0,22,77
09/13/2021,MCN,GA,ASO,ES,Federal Contract Tower,0,5,17,0,22,0,0,14,1,15,0,5,31,1,37,12,0,12,49
09/14/2021,MCN,GA,ASO,ES,Federal Contract Tower,0,8,19,0,27,0,0,4,0,4,0,8,23,0,31,0,0,0,31
09/15/2021,MCN,GA,ASO,ES,Federal Contract Tower,0,2,25,0,27,0,0,3,0,3,0,2,28,0,30,0,0,0,30
09/16/2021,MCN,GA,ASO,ES,Federal Contract Tower,0,3,19,0,22,0,0,4,0,4,0,3,23,0,26,2,0,2,28
09/17/2021,MCN,GA,ASO,ES,Federal Contract Tower,0,8,20,1,29,0,0,5,0,5,0,8,25,1,34,6,0,6,40
09/18/2021,MCN,GA,ASO,ES,Federal Contract Tower,1,4,4,0,9,0,0,0,0,0,1,4,4,0,9,0,0,0,9
09/19/2021,MCN,GA,ASO,ES,Federal Contract Tower,0,6,17,7,30,0,0,0,3,3,0,6,17,10,33,0,0,0,33
09/20/2021,MCN,GA,ASO,ES,Federal Contract Tower,0,4,22,0,26,0,0,0,0,0,0,4,22,0,26,0,0,0,26
09/21/2021,MCN,GA,ASO,ES,Federal Contract Tower,0,4,18,0,22,0,0,5,0,5,0,4,23,0,27,0,0,0,27
09/22/2021,MCN,GA,ASO,ES,Federal Contract Tower,4,8,16,0,28,0,0,2,2,4,4,8,18,2,32,0,4,4,36
09/23/2021,MCN,GA,ASO,ES,Federal Contract Tower,4,4,22,0,30,0,0,26,0,26,4,4,48,0,56,16,0,16,72
09/24/2021,MCN,GA,ASO,ES,Federal Contract Tower,3,5,24,2,34,0,0,35,0,35,3,5,59,2,69,16,0,16,85
09/25/2021,MCN,GA,ASO,ES,Federal Contract Tower,0,11,25,0,36,0,2,18,0,20,0,13,43,0,56,18,0,18,74
09/26/2021,MCN,GA,ASO,ES,Federal Contract Tower,3,5,16,0,24,0,0,9,0,9,3,5,25,0,33,4,0,4,37
09/27/2021,MCN,GA,ASO,ES,Federal Contract Tower,1,4,18,0,23,0,0,22,0,22,1,4,40,0,45,12,0,12,57
09/28/2021,MCN,GA,ASO,ES,Federal Contract Tower,1,8,13,4,26,0,0,25,0,25,1,8,38,4,51,12,0,12,63
09/29/2021,MCN,GA,ASO,ES,Federal Contract Tower,0,2,20,0,22,0,0,18,0,18,0,2,38,0,40,8,0,8,48
09/30/2021,MCN,GA,ASO,ES,Federal Contract Tower,1,5,27,2,35,0,0,18,1,19,1,5,45,3,54,38,0,38,92
10/01/2021,MCN,GA,ASO,ES,Federal Contract Tower,0,7,11,0,18,0,0,25,6,31,0,7,36,6,49,6,0,6,55
10/02/2021,MCN,GA,ASO,ES,Federal Contract Tower,0,2,18,0,20,0,0,4,0,4,0,2,22,0,24,2,0,2,26
10/03/2021,MCN,GA,ASO,ES,Federal Contract Tower,0,4,16,0,20,0,0,2,6,8,0,4,18,6,28,0,0,0,28
10/04/2021,MCN,GA,ASO,ES,Federal Contract Tower,0,6,10,0,16,0,0,4,0,4,0,6,14,0,20,2,0,2,22
10/05/2021,MCN,GA,ASO,ES,Federal Contract Tower,1,4,6,0,11,0,0,0,0,0,1,4,6,0,11,0,0,0,11
10/06/2021,MCN,GA,ASO,ES,Federal Contract Tower,1,5,10,0,16,0,0,0,0,0,1,5,10,0,16,0,0,0,16
10/07/2021,MCN,GA,ASO,ES,Federal Contract Tower,1,5,7,0,13,0,0,2,0,2,1,5,9,0,15,2,0,2,17
10/08/2021,MCN,GA,ASO,ES,Federal Contract Tower,0,3,28,0,31,0,0,8,0,8,0,3,36,0,39,10,0,10,49
10/09/2021,MCN,GA,ASO,ES,Federal Contract Tower,0,4,13,0,17,0,0,12,0,12,0,4,25,0,29,26,0,26,55
10/10/2021,MCN,GA,ASO,ES,Federal Contract Tower,0,4,15,0,19,0,0,12,0,12,0,4,27,0,31,12,0,12,43
10/11/2021,MCN,GA,ASO,ES,Federal Contract Tower,0,5,26,0,31,0,0,17,0,17,0,5,43,0,48,18,0,18,66
10/12/2021,MCN,GA,ASO,ES,Federal Contract Tower,0,8,19,0,27,0,0,24,0,24,0,8,43,0,51,16,0,16,67
10/13/2021,MCN,GA,ASO,ES,Federal Contract Tower,0,3,24,0,27,0,0,20,0,20,0,3,44,0,47,14,0,14,61
10/14/2021,MCN,GA,ASO,ES,Federal Contract Tower,1,5,15,0,21,0,0,19,0,19,1,5,34,0,40,10,0,10,50
10/15/2021,MCN,GA,ASO,ES,Federal Contract Tower,0,4,22,1,27,0,0,19,0,19,0,4,41,1,46,64,0,64,110
10/16/2021,MCN,GA,ASO,ES,Federal Contract Tower,3,2,16,0,21,0,0,3,0,3,3,2,19,0,24,0,0,0,24
10/17/2021,MCN,GA,ASO,ES,Federal Contract Tower,0,6,23,0,29,0,0,12,2,14,0,6,35,2,43,32,0,32,75
10/18/2021,MCN,GA,ASO,ES,Federal Contract Tower,2,5,14,10,31,0,0,20,0,20,2,5,34,10,51,28,0,28,79
10/19/2021,MCN,GA,ASO,ES,Federal Contract Tower,0,7,27,2,36,0,0,24,0,24,0,7,51,2,60,40,0,40,100
10/20/2021,MCN,GA,ASO,ES,Federal Contract Tower,0,5,32,0,37,0,0,22,0,22,0,5,54,0,59,10,0,10,69
10/21/2021,MCN,GA,ASO,ES,Federal Contract Tower,3,3,22,2,30,0,0,22,0,22,3,3,44,2,52,20,0,20,72
10/22/2021,MCN,GA,ASO,ES,Federal Contract Tower,0,5,19,6,30,0,0,24,0,24,0,5,43,6,54,16,0,16,70
10/23/2021,MCN,GA,ASO,ES,Federal Contract Tower,0,3,21,0,24,0,0,10,0,10,0,3,31,0,34,0,0,0,34
10/24/2021,MCN,GA,ASO,ES,Federal Contract Tower,1,6,20,0,27,0,0,29,0,29,1,6,49,0,56,22,0,22,78
10/25/2021,MCN,GA,ASO,ES,Federal Contract Tower,0,9,27,0,36,0,0,8,0,8,0,9,35,0,44,2,0,2,46
10/26/2021,MCN,GA,ASO,ES,Federal Contract Tower,1,5,20,7,33,0,0,15,2,17,1,5,35,9,50,4,0,4,54
10/27/2021,MCN,GA,ASO,ES,Federal Contract Tower,0,6,28,2,36,0,0,29,0,29,0,6,57,2,65,8,0,8,73
10/28/2021,MCN,GA,ASO,ES,Federal Contract Tower,0,3,24,5,32,0,0,3,0,3,0,3,27,5,35,0,0,0,35
10/29/2021,MCN,GA,ASO,ES,Federal Contract Tower,0,3,24,0,27,0,0,13,0,13,0,3,37,0,40,6,0,6,46
10/30/2021,MCN,GA,ASO,ES,Federal Contract Tower,3,4,9,0,16,0,0,4,0,4,3,4,13,0,20,2,0,2,22
10/31/2021,MCN,GA,ASO,ES,Federal Contract Tower,0,6,30,0,36,0,0,5,0,5,0,6,35,0,41,2,0,2,43
11/01/2021,MCN,GA,ASO,ES,Federal Contract Tower,0,5,8,0,13,0,0,18,4,22,0,5,26,4,35,6,0,6,41
11/02/2021,MCN,GA,ASO,ES,Federal Contract Tower,0,2,14,0,16,0,0,25,0,25,0,2,39,0,41,6,0,6,47
11/03/2021,MCN,GA,ASO,ES,Federal Contract Tower,0,6,29,0,35,0,0,10,2,12,0,6,39,2,47,10,0,10,57
11/04/2021,MCN,GA,ASO,ES,Federal Contract Tower,0,13,24,0,37,0,0,6,0,6,0,13,30,0,43,6,0,6,49
11/05/2021,MCN,GA,ASO,ES,Federal Contract Tower,2,4,23,0,29,0,0,11,10,21,2,4,34,10,50,32,0,32,82
11/06/2021,MCN,GA,ASO,ES,Federal Contract Tower,2,4,5,2,13,0,0,8,0,8,2,4,13,2,21,2,0,2,23
11/07/2021,MCN,GA,ASO,ES,Federal Contract Tower,1,6,11,0,18,0,0,7,0,7,1,6,18,0,25,0,0,0,25
11/08/2021,MCN,GA,ASO,ES,Federal Contract Tower,0,4,15,0,19,0,0,15,0,15,0,4,30,0,34,8,0,8,42
11/09/2021,MCN,GA,ASO,ES,Federal Contract Tower,0,8,12,2,22,0,0,18,0,18,0,8,30,2,40,16,0,16,56
11/10/2021,MCN,GA,ASO,ES,Federal Contract Tower,1,3,13,2,19,0,0,10,0,10,1,3,23,2,29,12,0,12,41
11/11/2021,MCN,GA,ASO,ES,Federal Contract Tower,1,6,13,0,20,0,0,7,1,8,1,6,20,1,28,18,0,18,46
11/12/2021,MCN,GA,ASO,ES,Federal Contract Tower,1,4,18,2,25,0,0,17,2,19,1,4,35,4,44,12,2,14,58
11/13/2021,MCN,GA,ASO,ES,Federal Contract Tower,0,8,8,0,16,0,0,6,0,6,0,8,14,0,22,8,0,8,30
11/14/2021,MCN,GA,ASO,ES,Federal Contract Tower,0,4,8,0,12,0,0,5,0,5,0,4,13,0,17,2,0,2,19
11/15/2021,MCN,GA,ASO,ES,Federal Contract Tower,0,6,20,0,26,0,0,25,0,25,0,6,45,0,51,20,0,20,71
11/16/2021,MCN,GA,ASO,ES,Federal Contract Tower,2,2,13,0,17,0,0,34,0,34,2,2,47,0,51,16,0,16,67
11/17/2021,MCN,GA,ASO,ES,Federal Contract Tower,0,6,30,0,36,0,0,33,0,33,0,6,63,0,69,36,0,36,105
11/18/2021,MCN,GA,ASO,ES,Federal Contract Tower,0,3,16,0,19,0,0,14,0,14,0,3,30,0,33,26,0,26,59
11/19/2021,MCN,GA,ASO,ES,Federal Contract Tower,5,3,25,0,33,0,0,25,7,32,5,3,50,7,65,18,0,18,83
11/20/2021,MCN,GA,ASO,ES,Federal Contract Tower,0,4,14,2,20,0,0,17,2,19,0,4,31,4,39,20,0,20,59
11/21/2021,MCN,GA,ASO,ES,Federal Contract Tower,0,6,10,2,18,0,7,9,0,16,0,13,19,2,34,10,0,10,44
11/22/2021,MCN,GA,ASO,ES,Federal Contract Tower,0,3,13,0,16,0,0,4,0,4,0,3,17,0,20,0,0,0,20
11/23/2021,MCN,GA,ASO,ES,Federal Contract Tower,0,8,15,0,23,0,0,13,0,13,0,8,28,0,36,12,0,12,48
11/24/2021,MCN,GA,ASO,ES,Federal Contract Tower,3,2,12,0,17,0,0,6,0,6,3,2,18,0,23,10,0,10,33
11/25/2021,MCN,GA,ASO,ES,Federal Contract Tower,0,0,4,0,4,0,0,9,0,9,0,0,13,0,13,0,0,0,13
11/26/2021,MCN,GA,ASO,ES,Federal Contract Tower,0,7,9,0,16,0,0,12,0,12,0,7,21,0,28,10,0,10,38
11/27/2021,MCN,GA,ASO,ES,Federal Contract Tower,0,5,6,0,11,0,0,15,0,15,0,5,21,0,26,20,0,20,46
11/28/2021,MCN,GA,ASO,ES,Federal Contract Tower,0,4,24,0,28,0,0,11,0,11,0,4,35,0,39,12,0,12,51
11/29/2021,MCN,GA,ASO,ES,Federal Contract Tower,0,4,10,0,14,0,0,11,0,11,0,4,21,0,25,2,0,2,27
11/30/2021,MCN,GA,ASO,ES,Federal Contract Tower,0,2,20,2,24,0,0,24,0,24,0,2,44,2,48,10,0,10,58
12/01/2021,MCN,GA,ASO,ES,Federal Contract Tower,0,3,17,0,20,0,0,18,0,18,0,3,35,0,38,14,0,14,52
12/02/2021,MCN,GA,ASO,ES,Federal Contract Tower,0,6,20,0,26,0,0,3,0,3,0,6,23,0,29,2,0,2,31
12/03/2021,MCN,GA,ASO,ES,Federal Contract Tower,6,4,11,15,36,0,0,17,8,25,6,4,28,23,61,24,4,28,89
12/04/2021,MCN,GA,ASO,ES,Federal Contract Tower,1,1,14,1,17,0,0,13,0,13,1,1,27,1,30,4,0,4,34
12/05/2021,MCN,GA,ASO,ES,Federal Contract Tower,0,4,25,4,33,0,0,8,0,8,0,4,33,4,41,0,0,0,41
12/06/2021,MCN,GA,ASO,ES,Federal Contract Tower,0,3,13,0,16,0,0,3,0,3,0,3,16,0,19,0,0,0,19
12/07/2021,MCN,GA,ASO,ES,Federal Contract Tower,0,3,23,2,28,0,0,2,0,2,0,3,25,2,30,6,0,6,36
12/08/2021,MCN,GA,ASO,ES,Federal Contract Tower,0,5,22,0,27,0,0,1,0,1,0,5,23,0,28,0,0,0,28
12/09/2021,MCN,GA,ASO,ES,Federal Contract Tower,0,5,35,0,40,0,0,2,0,2,0,5,37,0,42,0,0,0,42
12/10/2021,MCN,GA,ASO,ES,Federal Contract Tower,0,9,9,0,18,0,0,0,0,0,0,9,9,0,18,0,0,0,18
12/11/2021,MCN,GA,ASO,ES,Federal Contract Tower,0,7,8,0,15,0,0,0,0,0,0,7,8,0,15,0,0,0,15
12/12/2021,MCN,GA,ASO,ES,Federal Contract Tower,0,6,16,2,24,0,0,20,8,28,0,6,36,10,52,8,0,8,60
12/13/2021,MCN,GA,ASO,ES,Federal Contract Tower,1,3,35,0,39,0,0,27,0,27,1,3,62,0,66,14,0,14,80
12/14/2021,MCN,GA,ASO,ES,Federal Contract Tower,0,2,29,2,33,0,0,13,0,13,0,2,42,2,46,0,0,0,46
12/15/2021,MCN,GA,ASO,ES,Federal Contract Tower,0,3,26,1,30,0,0,13,1,14,0,3,39,2,44,6,0,6,50
12/16/2021,MCN,GA,ASO,ES,Federal Contract Tower,0,4,16,0,20,0,0,0,0,0,0,4,16,0,20,0,0,0,20
12/17/2021,MCN,GA,ASO,ES,Federal Contract Tower,1,5,40,0,46,0,1,3,0,4,1,6,43,0,50,0,0,0,50
12/18/2021,MCN,GA,ASO,ES,Federal Contract Tower,0,6,11,0,17,0,0,2,0,2,0,6,13,0,19,4,0,4,23
12/19/2021,MCN,GA,ASO,ES,Federal Contract Tower,0,7,11,0,18,0,0,6,0,6,0,7,17,0,24,0,0,0,24
12/20/2021,MCN,GA,ASO,ES,Federal Contract Tower,0,3,19,0,22,0,0,31,0,31,0,3,50,0,53,12,0,12,65
12/21/2021,MCN,GA,ASO,ES,Federal Contract Tower,0,2,10,0,12,0,0,1,0,1,0,2,11,0,13,0,0,0,13
12/22/2021,MCN,GA,ASO,ES,Federal Contract Tower,1,5,16,0,22,0,0,18,0,18,1,5,34,0,40,6,0,6,46
12/23/2021,MCN,GA,ASO,ES,Federal Contract Tower,0,3,17,0,20,0,0,17,0,17,0,3,34,0,37,28,0,28,65
12/24/2021,MCN,GA,ASO,ES,Federal Contract Tower,0,4,5,0,9,0,0,11,0,11,0,4,16,0,20,0,0,0,20
12/25/2021,MCN,GA,ASO,ES,Federal Contract Tower,0,1,1,0,2,0,0,2,0,2,0,1,3,0,4,0,0,0,4
12/26/2021,MCN,GA,ASO,ES,Federal Contract Tower,0,5,11,0,16,0,0,6,0,6,0,5,17,0,22,8,0,8,30
12/27/2021,MCN,GA,ASO,ES,Federal Contract Tower,0,5,19,0,24,0,0,0,0,0,0,5,19,0,24,0,0,0,24
12/28/2021,MCN,GA,ASO,ES,Federal Contract Tower,0,5,14,0,19,0,0,4,0,4,0,5,18,0,23,16,0,16,39
12/29/2021,MCN,GA,ASO,ES,Federal Contract Tower,0,5,13,0,18,0,0,5,0,5,0,5,18,0,23,4,0,4,27
12/30/2021,MCN,GA,ASO,ES,Federal Contract Tower,0,2,19,2,23,0,0,2,0,2,0,2,21,2,25,0,0,0,25
12/31/2021,MCN,GA,ASO,ES,Federal Contract Tower,0,3,14,0,17,0,0,0,0,0,0,3,14,0,17,20,0,20,37
01/01/2022,MCN,GA,ASO,ES,Federal Contract Tower,0,3,9,0,12,0,0,1,0,1,0,3,10,0,13,0,0,0,13
01/02/2022,MCN,GA,ASO,ES,Federal Contract Tower,0,6,6,0,12,0,0,0,0,0,0,6,6,0,12,0,0,0,12
01/03/2022,MCN,GA,ASO,ES,Federal Contract Tower,0,2,22,0,24,0,0,5,0,5,0,2,27,0,29,2,0,2,31
01/04/2022,MCN,GA,ASO,ES,Federal Contract Tower,0,4,15,0,19,0,0,6,0,6,0,4,21,0,25,6,0,6,31
01/05/2022,MCN,GA,ASO,ES,Federal Contract Tower,0,4,25,2,31,0,0,16,0,16,0,4,41,2,47,14,0,14,61
01/06/2022,MCN,GA,ASO,ES,Federal Contract Tower,1,4,13,11,29,0,0,4,5,9,1,4,17,16,38,0,0,0,38
01/07/2022,MCN,GA,ASO,ES,Federal Contract Tower,0,2,10,20,32,0,0,20,6,26,0,2,30,26,58,14,0,14,72
01/08/2022,MCN,GA,ASO,ES,Federal Contract Tower,0,3,16,6,25,0,0,21,2,23,0,3,37,8,48,30,0,30,78
01/09/2022,MCN,GA,ASO,ES,Federal Contract Tower,0,4,14,0,18,0,0,0,0,0,0,4,14,0,18,0,0,0,18
01/10/2022,MCN,GA,ASO,ES,Federal Contract Tower,0,4,20,0,24,0,0,9,0,9,0,4,29,0,33,8,0,8,41
01/11/2022,MCN,GA,ASO,ES,Federal Contract Tower,0,13,21,5,39,0,0,16,0,16,0,13,37,5,55,18,0,18,73
01/12/2022,MCN,GA,ASO,ES,Federal Contract Tower,0,5,20,0,25,0,0,12,0,12,0,5,32,0,37,10,0,10,47
01/13/2022,MCN,GA,ASO,ES,Federal Contract Tower,0,4,30,2,36,0,0,21,0,21,0,4,51,2,57,18,0,18,75
01/14/2022,MCN,GA,ASO,ES,Federal Contract Tower,0,7,29,0,36,0,0,23,0,23,0,7,52,0,59,14,0,14,73
01/15/2022,MCN,GA,ASO,ES,Federal Contract Tower,0,6,14,0,20,0,0,19,0,19,0,6,33,0,39,26,0,26,65
01/16/2022,MCN,GA,ASO,ES,Federal Contract Tower,0,6,4,0,10,0,0,0,0,0,0,6,4,0,10,0,0,0,10
01/17/2022,MCN,GA,ASO,ES,Federal Contract Tower,2,3,18,0,23,0,0,3,0,3,2,3,21,0,26,0,0,0,26
01/18/2022,MCN,GA,ASO,ES,Federal Contract Tower,0,5,25,2,32,0,0,12,0,12,0,5,37,2,44,6,0,6,50
01/19/2022,MCN,GA,ASO,ES,Federal Contract Tower,0,5,24,0,29,0,0,20,0,20,0,5,44,0,49,0,0,0,49
01/20/2022,MCN,GA,ASO,ES,Federal Contract Tower,0,3,12,0,15,0,0,0,0,0,0,3,12,0,15,0,0,0,15
01/21/2022,MCN,GA,ASO,ES,Federal Contract Tower,0,3,6,0,9,0,0,0,0,0,0,3,6,0,9,0,0,0,9
01/22/2022,MCN,GA,ASO,ES,Federal Contract Tower,0,4,8,0,12,0,0,0,0,0,0,4,8,0,12,0,0,0,12
01/23/2022,MCN,GA,ASO,ES,Federal Contract Tower,0,9,16,0,25,0,0,33,0,33,0,9,49,0,58,18,0,18,76
01/24/2022,MCN,GA,ASO,ES,Federal Contract Tower,0,4,10,0,14,0,0,28,0,28,0,4,38,0,42,4,0,4,46
01/25/2022,MCN,GA,ASO,ES,Federal Contract Tower,3,7,14,1,25,0,0,15,1,16,3,7,29,2,41,2,0,2,43
01/26/2022,MCN,GA,ASO,ES,Federal Contract Tower,0,3,16,7,26,0,0,41,2,43,0,3,57,9,69,20,6,26,95
01/27/2022,MCN,GA,ASO,ES,Federal Contract Tower,1,3,23,2,29,0,0,32,0,32,1,3,55,2,61,64,0,64,125
01/28/2022,MCN,GA,ASO,ES,Federal Contract Tower,1,5,9,7,22,0,0,12,11,23,1,5,21,18,45,8,0,8,53
01/29/2022,MCN,GA,ASO,ES,Federal Contract Tower,2,2,5,0,9,0,0,7,0,7,2,2,12,0,16,0,0,0,16
01/30/2022,MCN,GA,ASO,ES,Federal Contract Tower,0,5,14,3,22,0,0,9,5,14,0,5,23,8,36,10,0,10,46
01/31/2022,MCN,GA,ASO,ES,Federal Contract Tower,2,5,24,0,31,0,0,16,0,16,2,5,40,0,47,20,0,20,67
02/01/2022,MCN,GA,ASO,ES,Federal Contract Tower,0,6,20,0,26,0,0,11,0,11,0,6,31,0,37,8,0,8,45
02/02/2022,MCN,GA,ASO,ES,Federal Contract Tower,2,2,43,1,48,0,0,4,0,4,2,2,47,1,52,8,0,8,60
02/03/2022,MCN,GA,ASO,ES,Federal Contract Tower,1,4,14,0,19,0,0,5,0,5,1,4,19,0,24,0,0,0,24
02/04/2022,MCN,GA,ASO,ES,Federal Contract Tower,2,3,12,0,17,0,0,0,0,0,2,3,12,0,17,0,0,0,17
02/05/2022,MCN,GA,ASO,ES,Federal Contract Tower,1,3,12,0,16,0,0,13,0,13,1,3,25,0,29,6,0,6,35
02/06/2022,MCN,GA,ASO,ES,Federal Contract Tower,1,4,9,0,14,0,0,9,0,9,1,4,18,0,23,12,0,12,35
02/07/2022,MCN,GA,ASO,ES,Federal Contract Tower,1,5,12,0,18,0,0,0,0,0,1,5,12,0,18,0,0,0,18
02/08/2022,MCN,GA,ASO,ES,Federal Contract Tower,1,2,12,9,24,0,0,19,0,19,1,2,31,9,43,16,0,16,59
02/09/2022,MCN,GA,ASO,ES,Federal Contract Tower,0,4,17,0,21,0,0,15,0,15,0,4,32,0,36,0,0,0,36
02/10/2022,MCN,GA,ASO,ES,Federal Contract Tower,4,4,17,3,28,0,0,15,2,17,4,4,32,5,45,34,12,46,91
02/11/2022,MCN,GA,ASO,ES,Federal Contract Tower,0,4,19,0,23,0,0,17,0,17,0,4,36,0,40,12,0,12,52
02/12/2022,MCN,GA,ASO,ES,Federal Contract Tower,2,3,9,0,14,0,0,20,0,20,2,3,29,0,34,28,0,28,62
02/13/2022,MCN,GA,ASO,ES,Federal Contract Tower,0,4,15,0,19,0,0,5,0,5,0,4,20,0,24,0,0,0,24
02/14/2022,MCN,GA,ASO,ES,Federal Contract Tower,0,2,25,0,27,0,2,17,0,19,0,4,42,0,46,14,0,14,60
02/15/2022,MCN,GA,ASO,ES,Federal Contract Tower,0,2,20,3,25,0,0,14,1,15,0,2,34,4,40,16,0,16,56
02/16/2022,MCN,GA,ASO,ES,Federal Contract Tower,0,3,26,0,29,0,0,7,0,7,0,3,33,0,36,2,0,2,38
02/17/2022,MCN,GA,ASO,ES,Federal Contract Tower,0,5,7,0,12,0,0,0,0,0,0,5,7,0,12,0,0,0,12
02/18/2022,MCN,GA,ASO,ES,Federal Contract Tower,1,7,16,0,24,0,0,0,6,6,1,7,16,6,30,0,0,0,30
02/19/2022,MCN,GA,ASO,ES,Federal Contract Tower,1,4,12,0,17,0,0,17,0,17,1,4,29,0,34,8,0,8,42
02/20/2022,MCN,GA,ASO,ES,Federal Contract Tower,2,13,19,0,34,0,0,23,0,23,2,13,42,0,57,16,0,16,73
02/21/2022,MCN,GA,ASO,ES,Federal Contract Tower,1,4,25,0,30,0,0,2,0,2,1,4,27,0,32,0,0,0,32
02/22/2022,MCN,GA,ASO,ES,Federal Contract Tower,2,2,13,2,19,0,0,14,0,14,2,2,27,2,33,6,0,6,39
02/23/2022,MCN,GA,ASO,ES,Federal Contract Tower,0,4,13,0,17,0,0,8,0,8,0,4,21,0,25,2,0,2,27
02/24/2022,MCN,GA,ASO,ES,Federal Contract Tower,3,9,23,8,43,0,0,12,0,12,3,9,35,8,55,6,2,8,63
02/25/2022,MCN,GA,ASO,ES,Federal Contract Tower,2,4,14,6,26,0,0,10,2,12,2,4,24,8,38,4,0,4,42
02/26/2022,MCN,GA,ASO,ES,Federal Contract Tower,0,5,14,0,19,0,0,26,0,26,0,5,40,0,45,28,0,28,73
02/27/2022,MCN,GA,ASO,ES,Federal Contract Tower,0,5,21,7,33,0,0,8,7,15,0,5,29,14,48,16,0,16,64
02/28/2022,MCN,GA,ASO,ES,Federal Contract Tower,0,8,22,0,30,0,0,17,0,17,0,8,39,0,47,14,0,14,61
03/01/2022,MCN,GA,ASO,ES,Federal Contract Tower,0,6,14,0,20,0,0,21,0,21,0,6,35,0,41,14,0,14,55
03/02/2022,MCN,GA,ASO,ES,Federal Contract Tower,0,6,25,0,31,0,0,30,0,30,0,6,55,0,61,28,0,28,89
03/03/2022,MCN,GA,ASO,ES,Federal Contract Tower,2,6,37,0,45,0,0,20,0,20,2,6,57,0,65,4,0,4,69
03/04/2022,MCN,GA,ASO,ES,Federal Contract Tower,3,5,30,16,54,0,0,32,6,38,3,5,62,22,92,20,0,20,112
03/05/2022,MCN,GA,ASO,ES,Federal Contract Tower,0,5,13,18,36,0,0,9,2,11,0,5,22,20,47,4,2,6,53
03/06/2022,MCN,GA,ASO,ES,Federal Contract Tower,1,7,23,10,41,0,0,23,4,27,1,7,46,14,68,12,0,12,80
03/07/2022,MCN,GA,ASO,ES,Federal Contract Tower,0,8,6,0,14,0,0,8,0,8,0,8,14,0,22,2,0,2,24
03/08/2022,MCN,GA,ASO,ES,Federal Contract Tower,2,6,11,0,19,0,0,8,0,8,2,6,19,0,27,6,0,6,33
03/09/2022,MCN,GA,ASO,ES,Federal Contract Tower,0,5,17,2,24,0,0,0,0,0,0,5,17,2,24,0,0,0,24
03/10/2022,MCN,GA,ASO,ES,Federal Contract Tower,6,6,10,0,22,0,0,6,0,6,6,6,16,0,28,2,0,2,30
03/11/2022,MCN,GA,ASO,ES,Federal Contract Tower,0,5,7,0,12,0,0,0,0,0,0,5,7,0,12,0,0,0,12
03/12/2022,MCN,GA,ASO,ES,Federal Contract Tower,0,0,9,0,9,0,0,1,0,1,0,0,10,0,10,0,0,0,10
03/13/2022,MCN,GA,ASO,ES,Federal Contract Tower,2,4,12,0,18,0,0,17,0,17,2,4,29,0,35,28,0,28,63
03/14/2022,MCN,GA,ASO,ES,Federal Contract Tower,1,4,20,2,27,0,0,17,2,19,1,4,37,4,46,12,0,12,58
03/15/2022,MCN,GA,ASO,ES,Federal Contract Tower,0,5,16,2,23,0,0,4,0,4,0,5,20,2,27,8,0,8,35
03/16/2022,MCN,GA,ASO,ES,Federal Contract Tower,0,7,10,0,17,0,0,1,0,1,0,7,11,0,18,0,0,0,18
03/17/2022,MCN,GA,ASO,ES,Federal Contract Tower,0,7,15,2,24,0,0,12,0,12,0,7,27,2,36,4,0,4,40
03/18/2022,MCN,GA,ASO,ES,Federal Contract Tower,2,4,13,0,19,0,0,3,1,4,2,4,16,1,23,0,0,0,23
03/19/2022,MCN,GA,ASO,ES,Federal Contract Tower,0,2,14,2,18,0,0,8,15,23,0,2,22,17,41,4,0,4,45
03/20/2022,MCN,GA,ASO,ES,Federal Contract Tower,5,4,20,6,35,0,0,27,9,36,5,4,47,15,71,0,26,26,97
03/21/2022,MCN,GA,ASO,ES,Federal Contract Tower,1,3,28,2,34,0,0,18,4,22,1,3,46,6,56,12,0,12,68
03/22/2022,MCN,GA,ASO,ES,Federal Contract Tower,2,2,22,3,29,0,0,7,3,10,2,2,29,6,39,6,0,6,45
03/23/2022,MCN,GA,ASO,ES,Federal Contract Tower,3,5,14,0,22,0,0,1,0,1,3,5,15,0,23,0,0,0,23
03/24/2022,MCN,GA,ASO,ES,Federal Contract Tower,3,7,14,6,30,0,0,13,0,13,3,7,27,6,43,14,0,14,57
03/25/2022,MCN,GA,ASO,ES,Federal Contract Tower,0,3,18,6,27,0,0,21,6,27,0,3,39,12,54,6,0,6,60
03/26/2022,MCN,GA,ASO,ES,Federal Contract Tower,0,1,6,0,7,0,0,3,0,3,0,1,9,0,10,0,0,0,10
03/27/2022,MCN,GA,ASO,ES,Federal Contract Tower,0,4,16,6,26,0,0,5,5,10,0,4,21,11,36,8,6,14,50
03/28/2022,MCN,GA,ASO,ES,Federal Contract Tower,0,3,11,1,15,0,0,20,2,22,0,3,31,3,37,24,8,32,69
03/29/2022,MCN,GA,ASO,ES,Federal Contract Tower,0,3,12,2,17,0,0,11,0,11,0,3,23,2,28,14,0,14,42
03/30/2022,MCN,GA,ASO,ES,Federal Contract Tower,0,6,10,0,16,0,0,2,0,2,0,6,12,0,18,2,0,2,20
03/31/2022,MCN,GA,ASO,ES,Federal Contract Tower,0,8,14,0,22,0,0,9,0,9,0,8,23,0,31,26,0,26,57
04/01/2022,MCN,GA,ASO,ES,Federal Contract Tower,1,8,18,2,29,0,0,23,2,25,1,8,41,4,54,8,0,8,62
04/02/2022,MCN,GA,ASO,ES,Federal Contract Tower,0,2,14,0,16,0,0,18,0,18,0,2,32,0,34,24,0,24,58
04/03/2022,MCN,GA,ASO,ES,Federal Contract Tower,3,6,20,6,35,0,0,30,2,32,3,6,50,8,67,10,0,10,77
04/04/2022,MCN,GA,ASO,ES,Federal Contract Tower,2,3,24,4,33,0,0,56,0,56,2,3,80,4,89,98,0,98,187
04/05/2022,MCN,GA,ASO,ES,Federal Contract Tower,1,5,4,0,10,0,0,0,0,0,1,5,4,0,10,0,0,0,10
04/06/2022,MCN,GA,ASO,ES,Federal Contract Tower,1,1,20,0,22,0,0,0,0,0,1,1,20,0,22,0,0,0,22
04/07/2022,MCN,GA,ASO,ES,Federal Contract Tower,2,10,26,0,38,0,0,17,0,17,2,10,43,0,55,20,0,20,75
04/08/2022,MCN,GA,ASO,ES,Federal Contract Tower,3,12,36,0,51,0,0,12,0,12,3,12,48,0,63,10,0,10,73
04/09/2022,MCN,GA,ASO,ES,Federal Contract Tower,0,3,16,0,19,0,0,26,0,26,0,3,42,0,45,28,0,28,73
04/10/2022,MCN,GA,ASO,ES,Federal Contract Tower,0,9,24,0,33,0,0,66,0,66,0,9,90,0,99,46,0,46,145
04/11/2022,MCN,GA,ASO,ES,Federal Contract Tower,0,5,27,0,32,0,0,52,0,52,0,5,79,0,84,218,0,218,302
04/12/2022,MCN,GA,ASO,ES,Federal Contract Tower,0,2,14,0,16,0,0,68,0,68,0,2,82,0,84,180,0,180,264
04/13/2022,MCN,GA,ASO,ES,Federal Contract Tower,1,3,22,0,26,0,0,26,0,26,1,3,48,0,52,74,0,74,126
04/14/2022,MCN,GA,ASO,ES,Federal Contract Tower,0,3,20,3,26,0,0,27,1,28,0,3,47,4,54,48,0,48,102
04/15/2022,MCN,GA,ASO,ES,Federal Contract Tower,0,6,24,0,30,0,0,46,0,46,0,6,70,0,76,152,0,152,228
04/16/2022,MCN,GA,ASO,ES,Federal Contract Tower,2,2,6,0,10,0,0,1,0,1,2,2,7,0,11,0,0,0,11
04/17/2022,MCN,GA,ASO,ES,Federal Contract Tower,0,5,4,0,9,0,0,5,0,5,0,5,9,0,14,36,0,36,50
04/18/2022,MCN,GA,ASO,ES,Federal Contract Tower,1,5,17,2,25,0,0,6,2,8,1,5,23,4,33,0,2,2,35
04/19/2022,MCN,GA,ASO,ES,Federal Contract Tower,0,3,15,2,20,0,0,64,0,64,0,3,79,2,84,102,0,102,186
04/20/2022,MCN,GA,ASO,ES,Federal Contract Tower,0,2,35,0,37,0,0,28,0,28,0,2,63,0,65,102,0,102,167
04/21/2022,MCN,GA,ASO,ES,Federal Contract Tower,1,8,22,2,33,0,0,42,0,42,1,8,64,2,75,150,0,150,225
04/22/2022,MCN,GA,ASO,ES,Federal Contract Tower,2,6,19,12,39,0,0,60,6,66,2,6,79,18,105,166,0,166,271
04/23/2022,MCN,GA,ASO,ES,Federal Contract Tower,3,4,22,0,29,0,0,49,0,49,3,4,71,0,78,94,0,94,172
04/24/2022,MCN,GA,ASO,ES,Federal Contract Tower,0,5,25,8,38,0,0,37,8,45,0,5,62,16,83,72,0,72,155
04/25/2022,MCN,GA,ASO,ES,Federal Contract Tower,0,3,6,0,9,0,0,61,0,61,0,3,67,0,70,140,0,140,210
04/26/2022,MCN,GA,ASO,ES,Federal Contract Tower,0,2,19,0,21,0,0,15,0,15,0,2,34,0,36,30,0,30,66
04/27/2022,MCN,GA,ASO,ES,Federal Contract Tower,1,2,27,0,30,0,0,64,0,64,1,2,91,0,94,164,0,164,258
04/28/2022,MCN,GA,ASO,ES,Federal Contract Tower,2,8,24,6,40,0,0,66,0,66,2,8,90,6,106,94,4,98,204
04/29/2022,MCN,GA,ASO,ES,Federal Contract Tower,0,3,21,8,32,0,0,56,6,62,0,3,77,14,94,122,0,122,216
04/30/2022,MCN,GA,ASO,ES,Federal Contract Tower,1,3,22,0,26,0,0,76,0,76,1,3,98,0,102,100,0,100,202
05/01/2022,MCN,GA,ASO,ES,Federal Contract Tower,0,4,22,1,27,0,0,18,9,27,0,4,40,10,54,78,0,78,132
05/02/2022,MCN,GA,ASO,ES,Federal Contract Tower,0,4,22,0,26,0,0,41,0,41,0,4,63,0,67,106,0,106,173
05/03/2022,MCN,GA,ASO,ES,Federal Contract Tower,0,2,24,0,26,0,0,52,2,54,0,2,76,2,80,74,0,74,154
05/04/2022,MCN,GA,ASO,ES,Federal Contract Tower,2,4,10,0,16,0,0,49,0,49,2,4,59,0,65,16,0,16,81
05/05/2022,MCN,GA,ASO,ES,Federal Contract Tower,3,8,24,0,35,0,0,38,0,38,3,8,62,0,73,48,0,48,121
05/06/2022,MCN,GA,ASO,ES,Federal Contract Tower,1,5,11,0,17,0,0,3,0,3,1,5,14,0,20,0,0,0,20
05/07/2022,MCN,GA,ASO,ES,Federal Contract Tower,0,2,10,0,12,0,0,36,0,36,0,2,46,0,48,10,0,10,58
05/08/2022,MCN,GA,ASO,ES,Federal Contract Tower,0,16,41,0,57,0,0,30,0,30,0,16,71,0,87,74,0,74,161
05/09/2022,MCN,GA,ASO,ES,Federal Contract Tower,1,3,23,4,31,0,0,26,0,26,1,3,49,4,57,22,0,22,79
05/10/2022,MCN,GA,ASO,ES,Federal Contract Tower,2,6,14,0,22,0,0,78,2,80,2,6,92,2,102,92,0,92,194
05/11/2022,MCN,GA,ASO,ES,Federal Contract Tower,0,2,16,0,18,0,0,53,0,53,0,2,69,0,71,92,0,92,163
05/12/2022,MCN,GA,ASO,ES,Federal Contract Tower,0,4,35,0,39,0,0,41,0,41,0,4,76,0,80,36,0,36,116
05/13/2022,MCN,GA,ASO,ES,Federal Contract Tower,2,7,15,1,25,0,0,10,8,18,2,7,25,9,43,22,0,22,65
05/14/2022,MCN,GA,ASO,ES,Federal Contract Tower,0,3,13,0,16,0,0,36,0,36,0,3,49,0,52,72,0,72,124
05/15/2022,MCN,GA,ASO,ES,Federal Contract Tower,0,8,13,2,23,0,0,44,0,44,0,8,57,2,67,104,0,104,171
05/16/2022,MCN,GA,ASO,ES,Federal Contract Tower,0,4,17,3,24,0,0,48,0,48,0,4,65,3,72,164,0,164,236
05/17/2022,MCN,GA,ASO,ES,Federal Contract Tower,1,3,23,0,27,0,0,58,0,58,1,3,81,0,85,86,0,86,171
05/18/2022,MCN,GA,ASO,ES,Federal Contract Tower,1,6,33,2,42,0,0,38,0,38,1,6,71,2,80,48,0,48,128
05/19/2022,MCN,GA,ASO,ES,Federal Contract Tower,1,3,23,0,27,0,0,30,5,35,1,3,53,5,62,20,0,20,82
05/20/2022,MCN,GA,ASO,ES,Federal Contract Tower,2,4,11,0,17,0,0,31,0,31,2,4,42,0,48,40,0,40,88
05/21/2022,MCN,GA,ASO,ES,Federal Contract Tower,1,4,2,0,7,0,0,31,0,31,1,4,33,0,38,54,0,54,92
05/22/2022,MCN,GA,ASO,ES,Federal Contract Tower,0,8,16,0,24,0,0,36,0,36,0,8,52,0,60,58,0,58,118
05/23/2022,MCN,GA,ASO,ES,Federal Contract Tower,2,4,6,0,12,0,0,3,0,3,2,4,9,0,15,0,0,0,15
05/24/2022,MCN,GA,ASO,ES,Federal Contract Tower,1,7,14,0,22,0,0,29,3,32,1,7,43,3,54,34,0,34,88
05/25/2022,MCN,GA,ASO,ES,Federal Contract Tower,0,3,17,2,22,0,0,13,0,13,0,3,30,2,35,8,0,8,43
05/26/2022,MCN,GA,ASO,ES,Federal Contract Tower,0,5,10,0,15,0,0,1,0,1,0,5,11,0,16,0,0,0,16
05/27/2022,MCN,GA,ASO,ES,Federal Contract Tower,0,4,25,0,29,0,0,29,2,31,0,4,54,2,60,60,2,62,122
05/28/2022,MCN,GA,ASO,ES,Federal Contract Tower,1,5,21,1,28,0,0,52,0,52,1,5,73,1,80,68,0,68,148
05/29/2022,MCN,GA,ASO,ES,Federal Contract Tower,2,5,14,0,21,0,0,34,0,34,2,5,48,0,55,74,0,74,129
05/30/2022,MCN,GA,ASO,ES,Federal Contract Tower,0,3,12,0,15,0,0,16,0,16,0,3,28,0,31,6,0,6,37
05/31/2022,MCN,GA,ASO,ES,Federal Contract Tower,1,4,15,1,21,0,0,13,0,13,1,4,28,1,34,34,0,34,68
06/01/2022,MCN,GA,ASO,ES,Federal Contract Tower,2,5,21,0,28,0,0,20,0,20,2,5,41,0,48,10,0,10,58
06/02/2022,MCN,GA,ASO,ES,Federal Contract Tower,4,3,27,0,34,0,0,12,0,12,4,3,39,0,46,18,0,18,64
06/03/2022,MCN,GA,ASO,ES,Federal Contract Tower,2,1,25,1,29,0,0,24,0,24,2,1,49,1,53,30,0,30,83
06/04/2022,MCN,GA,ASO,ES,Federal Contract Tower,2,9,10,0,21,0,0,9,0,9,2,9,19,0,30,16,0,16,46
06/05/2022,MCN,GA,ASO,ES,Federal Contract Tower,2,8,16,2,28,0,0,4,2,6,2,8,20,4,34,0,0,0,34
06/06/2022,MCN,GA,ASO,ES,Federal Contract Tower,3,5,10,0,18,0,0,1,0,1,3,5,11,0,19,0,0,0,19
06/07/2022,MCN,GA,ASO,ES,Federal Contract Tower,1,3,27,1,32,0,0,15,0,15,1,3,42,1,47,6,0,6,53
06/08/2022,MCN,GA,ASO,ES,Federal Contract Tower,2,3,28,0,33,0,0,11,0,11,2,3,39,0,44,10,0,10,54
06/09/2022,MCN,GA,ASO,ES,Federal Contract Tower,0,6,9,0,15,0,0,17,0,17,0,6,26,0,32,16,0,16,48
06/10/2022,MCN,GA,ASO,ES,Federal Contract Tower,0,5,11,5,21,0,0,15,3,18,0,5,26,8,39,8,0,8,47
06/11/2022,MCN,GA,ASO,ES,Federal Contract Tower,2,3,15,0,20,0,0,17,0,17,2,3,32,0,37,14,0,14,51
06/12/2022,MCN,GA,ASO,ES,Federal Contract Tower,0,4,13,2,19,0,0,8,6,14,0,4,21,8,33,4,0,4,37
06/13/2022,MCN,GA,ASO,ES,Federal Contract Tower,2,5,12,0,19,0,0,4,0,4,2,5,16,0,23,0,0,0,23
06/14/2022,MCN,GA,ASO,ES,Federal Contract Tower,0,3,15,0,18,0,0,15,2,17,0,3,30,2,35,8,0,8,43
06/15/2022,MCN,GA,ASO,ES,Federal Contract Tower,0,6,11,2,19,0,0,6,0,6,0,6,17,2,25,0,0,0,25
06/16/2022,MCN,GA,ASO,ES,Federal Contract Tower,1,5,18,0,24,0,0,18,0,18,1,5,36,0,42,10,0,10,52
06/17/2022,MCN,GA,ASO,ES,Federal Contract Tower,0,8,20,2,30,0,0,9,0,9,0,8,29,2,39,26,0,26,65
06/18/2022,MCN,GA,ASO,ES,Federal Contract Tower,0,8,4,0,12,0,0,13,0,13,0,8,17,0,25,0,0,0,25
06/19/2022,MCN,GA,ASO,ES,Federal Contract Tower,0,4,9,2,15,0,0,9,0,9,0,4,18,2,24,28,0,28,52
06/20/2022,MCN,GA,ASO,ES,Federal Contract Tower,0,3,19,0,22,0,0,26,0,26,0,3,45,0,48,0,0,0,48
06/21/2022,MCN,GA,ASO,ES,Federal Contract Tower,0,4,9,0,13,0,0,15,0,15,0,4,24,0,28,16,0,16,44
06/22/2022,MCN,GA,ASO,ES,Federal Contract Tower,0,2,24,2,28,0,0,14,0,14,0,2,38,2,42,14,0,14,56
06/23/2022,MCN,GA,ASO,ES,Federal Contract Tower,0,6,15,0,21,0,0,12,0,12,0,6,27,0,33,12,0,12,45
06/24/2022,MCN,GA,ASO,ES,Federal Contract Tower,1,3,16,0,20,0,0,9,0,9,1,3,25,0,29,8,0,8,37
06/25/2022,MCN,GA,ASO,ES,Federal Contract Tower,0,3,6,2,11,0,0,0,0,0,0,3,6,2,11,0,0,0,11
06/26/2022,MCN,GA,ASO,ES,Federal Contract Tower,0,5,12,0,17,0,0,11,2,13,0,5,23,2,30,0,0,0,30
06/27/2022,MCN,GA,ASO,ES,Federal Contract Tower,0,4,11,0,15,0,0,6,0,6,0,4,17,0,21,4,0,4,25
06/28/2022,MCN,GA,ASO,ES,Federal Contract Tower,1,5,22,2,30,0,0,6,0,6,1,5,28,2,36,18,0,18,54
06/29/2022,MCN,GA,ASO,ES,Federal Contract Tower,0,10,15,0,25,0,0,5,0,5,0,10,20,0,30,4,0,4,34
06/30/2022,MCN,GA,ASO,ES,Federal Contract Tower,0,3,28,0,31,0,0,6,0,6,0,3,34,0,37,12,0,12,49
07/01/2022,MCN,GA,ASO,ES,Federal Contract Tower,3,3,14,0,20,0,0,1,0,1,3,3,15,0,21,0,0,0,21
07/02/2022,MCN,GA,ASO,ES,Federal Contract Tower,0,4,9,0,13,0,0,7,0,7,0,4,16,0,20,4,0,4,24
07/03/2022,MCN,GA,ASO,ES,Federal Contract Tower,0,4,7,0,11,0,0,13,0,13,0,4,20,0,24,16,0,16,40
07/04/2022,MCN,GA,ASO,ES,Federal Contract Tower,0,3,4,0,7,0,0,6,0,6,0,3,10,0,13,4,0,4,17
07/05/2022,MCN,GA,ASO,ES,Federal Contract Tower,1,2,14,2,19,0,0,8,0,8,1,2,22,2,27,10,0,10,37
07/06/2022,MCN,GA,ASO,ES,Federal Contract Tower,3,6,7,0,16,0,0,4,4,8,3,6,11,4,24,8,0,8,32
07/07/2022,MCN,GA,ASO,ES,Federal Contract Tower,0,6,14,0,20,0,0,15,0,15,0,6,29,0,35,2,0,2,37
07/08/2022,MCN,GA,ASO,ES,Federal Contract Tower,2,10,16,0,28,0,0,12,0,12,2,10,28,0,40,20,0,20,60
07/09/2022,MCN,GA,ASO,ES,Federal Contract Tower,0,6,2,0,8,0,0,0,0,0,0,6,2,0,8,0,0,0,8
07/10/2022,MCN,GA,ASO,ES,Federal Contract Tower,0,4,12,0,16,0,0,2,0,2,0,4,14,0,18,0,0,0,18
07/11/2022,MCN,GA,ASO,ES,Federal Contract Tower,0,4,21,0,25,0,0,7,0,7,0,4,28,0,32,6,0,6,38
07/12/2022,MCN,GA,ASO,ES,Federal Contract Tower,1,2,20,0,23,0,0,3,4,7,1,2,23,4,30,10,0,10,40
07/13/2022,MCN,GA,ASO,ES,Federal Contract Tower,1,4,16,0,21,0,0,0,1,1,1,4,16,1,22,0,0,0,22
07/14/2022,MCN,GA,ASO,ES,Federal Contract Tower,0,6,18,0,24,0,0,0,0,0,0,6,18,0,24,16,0,16,40
07/15/2022,MCN,GA,ASO,ES,Federal Contract Tower,1,13,10,0,24,0,0,2,4,6,1,13,12,4,30,4,0,4,34
07/16/2022,MCN,GA,ASO,ES,Federal Contract Tower,2,2,7,0,11,0,0,17,0,17,2,2,24,0,28,12,0,12,40
07/17/2022,MCN,GA,ASO,ES,Federal Contract Tower,2,4,11,1,18,0,0,17,4,21,2,4,28,5,39,22,0,22,61
07/18/2022,MCN,GA,ASO,ES,Federal Contract Tower,0,5,33,0,38,0,0,8,0,8,0,5,41,0,46,10,0,10,56
07/19/2022,MCN,GA,ASO,ES,Federal Contract Tower,0,2,10,0,12,0,0,3,0,3,0,2,13,0,15,0,0,0,15
07/20/2022,MCN,GA,ASO,ES,Federal Contract Tower,2,6,12,2,22,0,0,3,0,3,2,6,15,2,25,0,0,0,25
07/21/2022,MCN,GA,ASO,ES,Federal Contract Tower,1,7,17,0,25,0,0,4,2,6,1,7,21,2,31,2,0,2,33
07/22/2022,MCN,GA,ASO,ES,Federal Contract Tower,0,8,22,6,36,0,0,13,3,16,0,8,35,9,52,0,0,0,52
07/23/2022,MCN,GA,ASO,ES,Federal Contract Tower,2,2,8,0,12,0,0,15,0,15,2,2,23,0,27,22,0,22,49
07/24/2022,MCN,GA,ASO,ES,Federal Contract Tower,1,8,19,2,30,0,0,15,4,19,1,8,34,6,49,4,0,4,53
07/25/2022,MCN,GA,ASO,ES,Federal Contract Tower,1,7,14,4,26,0,0,19,0,19,1,7,33,4,45,28,0,28,73
07/26/2022,MCN,GA,ASO,ES,Federal Contract Tower,0,12,16,0,28,0,0,12,0,12,0,12,28,0,40,16,0,16,56
07/27/2022,MCN,GA,ASO,ES,Federal Contract Tower,0,8,15,0,23,0,0,19,0,19,0,8,34,0,42,8,0,8,50
07/28/2022,MCN,GA,ASO,ES,Federal Contract Tower,1,6,16,2,25,0,0,17,4,21,1,6,33,6,46,14,4,18,64
07/29/2022,MCN,GA,ASO,ES,Federal Contract Tower,0,3,19,4,26,0,0,9,4,13,0,3,28,8,39,8,0,8,47
07/30/2022,MCN,GA,ASO,ES,Federal Contract Tower,0,5,6,0,11,0,0,8,0,8,0,5,14,0,19,2,0,2,21
07/31/2022,MCN,GA,ASO,ES,Federal Contract Tower,2,7,13,3,25,0,0,17,3,20,2,7,30,6,45,12,0,12,57
08/01/2022,MCN,GA,ASO,ES,Federal Contract Tower,0,5,14,0,19,0,0,2,0,2,0,5,16,0,21,0,0,0,21
08/02/2022,MCN,GA,ASO,ES,Federal Contract Tower,0,5,16,0,21,0,0,4,0,4,0,5,20,0,25,6,0,6,31
08/03/2022,MCN,GA,ASO,ES,Federal Contract Tower,4,5,11,0,20,0,0,7,0,7,4,5,18,0,27,14,0,14,41
08/04/2022,MCN,GA,ASO,ES,Federal Contract Tower,3,1,12,0,16,0,0,8,0,8,3,1,20,0,24,10,0,10,34
08/05/2022,MCN,GA,ASO,ES,Federal Contract Tower,0,1,15,5,21,0,0,7,10,17,0,1,22,15,38,10,0,10,48
08/06/2022,MCN,GA,ASO,ES,Federal Contract Tower,0,6,9,0,15,0,0,0,0,0,0,6,9,0,15,0,0,0,15
08/07/2022,MCN,GA,ASO,ES,Federal Contract Tower,0,4,10,4,18,0,0,4,4,8,0,4,14,8,26,6,0,6,32
08/08/2022,MCN,GA,ASO,ES,Federal Contract Tower,0,4,17,0,21,0,0,4,0,4,0,4,21,0,25,8,0,8,33
08/09/2022,MCN,GA,ASO,ES,Federal Contract Tower,2,2,10,1,15,0,0,11,1,12,2,2,21,2,27,18,0,18,45
08/10/2022,MCN,GA,ASO,ES,Federal Contract Tower,1,2,14,0,17,0,0,4,0,4,1,2,18,0,21,8,0,8,29
08/11/2022,MCN,GA,ASO,ES,Federal Contract Tower,1,4,7,0,12,0,0,1,0,1,1,4,8,0,13,0,0,0,13
08/12/2022,MCN,GA,ASO,ES,Federal Contract Tower,0,8,19,0,27,0,0,6,0,6,0,8,25,0,33,6,0,6,39
08/13/2022,MCN,GA,ASO,ES,Federal Contract Tower,0,9,10,0,19,0,0,5,0,5,0,9,15,0,24,0,0,0,24
08/14/2022,MCN,GA,ASO,ES,Federal Contract Tower,0,8,17,0,25,0,0,11,0,11,0,8,28,0,36,10,0,10,46
08/15/2022,MCN,GA,ASO,ES,Federal Contract Tower,1,4,13,0,18,0,0,11,0,11,1,4,24,0,29,0,0,0,29
08/16/2022,MCN,GA,ASO,ES,Federal Contract Tower,0,4,24,0,28,0,0,2,0,2,0,4,26,0,30,16,0,16,46
08/17/2022,MCN,GA,ASO,ES,Federal Contract Tower,4,3,17,0,24,0,0,2,0,2,4,3,19,0,26,0,0,0,26
08/18/2022,MCN,GA,ASO,ES,Federal Contract Tower,1,5,16,0,22,0,0,7,0,7,1,5,23,0,29,4,0,4,33
08/19/2022,MCN,GA,ASO,ES,Federal Contract Tower,0,8,16,0,24,0,0,2,0,2,0,8,18,0,26,0,0,0,26
08/20/2022,MCN,GA,ASO,ES,Federal Contract Tower,1,3,10,0,14,0,0,2,0,2,1,3,12,0,16,6,0,6,22
08/21/2022,MCN,GA,ASO,ES,Federal Contract Tower,0,4,9,1,14,0,0,3,1,4,0,4,12,2,18,4,0,4,22
08/22/2022,MCN,GA,ASO,ES,Federal Contract Tower,0,5,11,0,16,0,0,5,0,5,0,5,16,0,21,0,0,0,21
08/23/2022,MCN,GA,ASO,ES,Federal Contract Tower,0,3,13,0,16,0,0,4,0,4,0,3,17,0,20,0,0,0,20
08/24/2022,MCN,GA,ASO,ES,Federal Contract Tower,1,3,18,0,22,0,0,22,0,22,1,3,40,0,44,10,0,10,54
08/25/2022,MCN,GA,ASO,ES,Federal Contract Tower,2,2,20,0,24,0,0,3,0,3,2,2,23,0,27,0,0,0,27
08/26/2022,MCN,GA,ASO,ES,Federal Contract Tower,0,5,8,0,13,0,0,2,0,2,0,5,10,0,15,0,0,0,15
08/27/2022,MCN,GA,ASO,ES,Federal Contract Tower,0,7,12,0,19,0,0,5,0,5,0,7,17,0,24,4,0,4,28
08/28/2022,MCN,GA,ASO,ES,Federal Contract Tower,0,6,9,2,17,0,0,12,0,12,0,6,21,2,29,8,0,8,37
08/29/2022,MCN,GA,ASO,ES,Federal Contract Tower,1,5,33,0,39,0,0,7,0,7,1,5,40,0,46,0,0,0,46
08/30/2022,MCN,GA,ASO,ES,Federal Contract Tower,0,2,16,0,18,0,0,14,0,14,0,2,30,0,32,12,0,12,44
08/31/2022,MCN,GA,ASO,ES,Federal Contract Tower,2,3,16,2,23,0,0,20,0,20,2,3,36,2,43,12,0,12,55
09/01/2022,MCN,GA,ASO,ES,Federal Contract Tower,0,3,19,0,22,0,0,11,0,11,0,3,30,0,33,4,0,4,37
09/02/2022,MCN,GA,ASO,ES,Federal Contract Tower,0,3,18,3,24,0,0,8,1,9,0,3,26,4,33,0,0,0,33
09/03/2022,MCN,GA,ASO,ES,Federal Contract Tower,0,2,15,0,17,0,0,7,0,7,0,2,22,0,24,2,0,2,26
09/04/2022,MCN,GA,ASO,ES,Federal Contract Tower,1,4,8,0,13,0,0,2,0,2,1,4,10,0,15,0,0,0,15
09/05/2022,MCN,GA,ASO,ES,Federal Contract Tower,0,4,25,0,29,0,0,0,0,0,0,4,25,0,29,0,0,0,29
09/06/2022,MCN,GA,ASO,ES,Federal Contract Tower,1,2,18,2,23,0,0,18,0,18,1,2,36,2,41,26,0,26,67
09/07/2022,MCN,GA,ASO,ES,Federal Contract Tower,7,5,27,0,39,0,0,15,1,16,7,5,42,1,55,46,0,46,101
09/08/2022,MCN,GA,ASO,ES,Federal Contract Tower,0,4,14,2,20,0,0,15,0,15,0,4,29,2,35,12,0,12,47
09/09/2022,MCN,GA,ASO,ES,Federal Contract Tower,0,6,22,5,33,0,0,4,0,4,0,6,26,5,37,0,0,0,37
09/10/2022,MCN,GA,ASO,ES,Federal Contract Tower,0,2,15,0,17,0,0,1,0,1,0,2,16,0,18,6,0,6,24
09/11/2022,MCN,GA,ASO,ES,Federal Contract Tower,0,4,10,0,14,0,0,5,0,5,0,4,15,0,19,8,0,8,27
09/12/2022,MCN,GA,ASO,ES,Federal Contract Tower,3,3,20,0,26,0,0,4,0,4,3,3,24,0,30,10,0,10,40
09/13/2022,MCN,GA,ASO,ES,Federal Contract Tower,1,4,19,0,24,0,0,20,0,20,1,4,39,0,44,20,0,20,64
09/14/2022,MCN,GA,ASO,ES,Federal Contract Tower,0,4,15,0,19,0,0,17,0,17,0,4,32,0,36,2,0,2,38
09/15/2022,MCN,GA,ASO,ES,Federal Contract Tower,1,4,24,0,29,0,0,21,0,21,1,4,45,0,50,12,0,12,62
09/16/2022,MCN,GA,ASO,ES,Federal Contract Tower,1,7,16,2,26,0,0,30,6,36,1,7,46,8,62,22,0,22,84
09/17/2022,MCN,GA,ASO,ES,Federal Contract Tower,2,5,14,0,21,0,0,22,0,22,2,5,36,0,43,4,0,4,47
09/18/2022,MCN,GA,ASO,ES,Federal Contract Tower,0,5,12,2,19,0,0,11,2,13,0,5,23,4,32,2,0,2,34
09/19/2022,MCN,GA,ASO,ES,Federal Contract Tower,2,4,13,0,19,0,0,23,0,23,2,4,36,0,42,12,0,12,54
09/20/2022,MCN,GA,ASO,ES,Federal Contract Tower,0,6,11,0,17,0,0,11,0,11,0,6,22,0,28,8,0,8,36
09/21/2022,MCN,GA,ASO,ES,Federal Contract Tower,0,7,11,0,18,0,0,11,0,11,0,7,22,0,29,0,0,0,29
09/22/2022,MCN,GA,ASO,ES,Federal Contract Tower,0,5,24,3,32,0,0,26,1,27,0,5,50,4,59,4,0,4,63
09/23/2022,MCN,GA,ASO,ES,Federal Contract Tower,2,5,19,2,28,0,0,19,0,19,2,5,38,2,47,6,0,6,53
09/24/2022,MCN,GA,ASO,ES,Federal Contract Tower,0,3,9,0,12,0,0,16,0,16,0,3,25,0,28,8,0,8,36
09/25/2022,MCN,GA,ASO,ES,Federal Contract Tower,0,4,15,0,19,0,0,21,0,21,0,4,36,0,40,18,0,18,58
09/26/2022,MCN,GA,ASO,ES,Federal Contract Tower,0,6,8,0,14,0,0,20,0,20,0,6,28,0,34,8,0,8,42
09/27/2022,MCN,GA,ASO,ES,Federal Contract Tower,0,4,21,0,25,0,2,27,0,29,0,6,48,0,54,44,0,44,98
09/28/2022,MCN,GA,ASO,ES,Federal Contract Tower,0,6,11,0,17,0,0,11,0,11,0,6,22,0,28,16,0,16,44
09/29/2022,MCN,GA,ASO,ES,Federal Contract Tower,0,3,4,8,15,0,0,1,0,1,0,3,5,8,16,0,0,0,16
09/30/2022,MCN,GA,ASO,ES,Federal Contract Tower,0,4,10,0,14,0,0,4,0,4,0,4,14,0,18,0,0,0,18
10/01/2022,MCN,GA,ASO,ES,Federal Contract Tower,0,2,4,0,6,0,0,8,0,8,0,2,12,0,14,0,0,0,14
10/02/2022,MCN,GA,ASO,ES,Federal Contract Tower,0,6,18,0,24,0,3,6,0,9,0,9,24,0,33,0,0,0,33
10/03/2022,MCN,GA,ASO,ES,Federal Contract Tower,0,5,11,0,16,0,0,10,0,10,0,5,21,0,26,8,0,8,34
10/04/2022,MCN,GA,ASO,ES,Federal Contract Tower,5,4,26,0,35,0,0,22,0,22,5,4,48,0,57,30,0,30,87
10/05/2022,MCN,GA,ASO,ES,Federal Contract Tower,2,4,11,0,17,0,0,17,0,17,2,4,28,0,34,18,0,18,52
10/06/2022,MCN,GA,ASO,ES,Federal Contract Tower,0,5,10,0,15,0,0,24,8,32,0,5,34,8,47,10,0,10,57
10/07/2022,MCN,GA,ASO,ES,Federal Contract Tower,0,3,14,2,19,0,0,26,0,26,0,3,40,2,45,18,0,18,63
10/08/2022,MCN,GA,ASO,ES,Federal Contract Tower,1,0,16,0,17,0,0,12,0,12,1,0,28,0,29,0,0,0,29
10/09/2022,MCN,GA,ASO,ES,Federal Contract Tower,1,6,17,0,24,0,0,21,0,21,1,6,38,0,45,18,0,18,63
10/10/2022,MCN,GA,ASO,ES,Federal Contract Tower,0,5,18,0,23,0,0,20,0,20,0,5,38,0,43,16,0,16,59
10/11/2022,MCN,GA,ASO,ES,Federal Contract Tower,0,9,21,0,30,0,0,5,0,5,0,9,26,0,35,0,0,0,35
10/12/2022,MCN,GA,ASO,ES,Federal Contract Tower,2,4,19,1,26,0,0,2,0,2,2,4,21,1,28,0,0,0,28
10/13/2022,MCN,GA,ASO,ES,Federal Contract Tower,0,5,12,0,17,0,0,7,1,8,0,5,19,1,25,2,0,2,27
10/14/2022,MCN,GA,ASO,ES,Federal Contract Tower,0,3,25,2,30,0,0,18,5,23,0,3,43,7,53,32,0,32,85
10/15/2022,MCN,GA,ASO,ES,Federal Contract Tower,0,2,10,0,12,0,0,20,0,20,0,2,30,0,32,8,0,8,40
10/16/2022,MCN,GA,ASO,ES,Federal Contract Tower,2,4,15,3,24,0,0,13,7,20,2,4,28,10,44,26,0,26,70
10/18/2022,MCN,GA,ASO,ES,Federal Contract Tower,0,3,16,4,23,0,0,4,0,4,0,3,20,4,27,0,0,0,27
10/19/2022,MCN,GA,ASO,ES,Federal Contract Tower,1,4,21,2,28,0,0,9,4,13,1,4,30,6,41,24,0,24,65
10/20/2022,MCN,GA,ASO,ES,Federal Contract Tower,0,4,32,2,38,0,0,16,0,16,0,4,48,2,54,30,0,30,84
10/21/2022,MCN,GA,ASO,ES,Federal Contract Tower,0,3,17,7,27,0,0,20,7,27,0,3,37,14,54,26,16,42,96
10/22/2022,MCN,GA,ASO,ES,Federal Contract Tower,2,2,5,0,9,0,1,11,0,12,2,3,16,0,21,0,0,0,21
10/23/2022,MCN,GA,ASO,ES,Federal Contract Tower,0,4,15,0,19,0,2,16,0,18,0,6,31,0,37,0,0,0,37
10/24/2022,MCN,GA,ASO,ES,Federal Contract Tower,0,4,23,2,29,0,0,13,0,13,0,4,36,2,42,46,2,48,90
10/25/2022,MCN,GA,ASO,ES,Federal Contract Tower,0,6,15,1,22,0,0,14,0,14,0,6,29,1,36,14,0,14,50
10/26/2022,MCN,GA,ASO,ES,Federal Contract Tower,0,4,20,0,24,0,0,21,0,21,0,4,41,0,45,18,0,18,63
10/27/2022,MCN,GA,ASO,ES,Federal Contract Tower,0,7,25,2,34,0,0,28,2,30,0,7,53,4,64,40,0,40,104
10/28/2022,MCN,GA,ASO,ES,Federal Contract Tower,0,5,25,0,30,0,0,16,0,16,0,5,41,0,46,16,0,16,62
10/29/2022,MCN,GA,ASO,ES,Federal Contract Tower,3,2,16,0,21,0,0,3,0,3,3,2,19,0,24,0,0,0,24
10/30/2022,MCN,GA,ASO,ES,Federal Contract Tower,0,8,24,0,32,0,0,0,0,0,0,8,24,0,32,0,0,0,32
10/31/2022,MCN,GA,ASO,ES,Federal Contract Tower,0,8,7,0,15,0,0,1,0,1,0,8,8,0,16,0,0,0,16
11/01/2022,MCN,GA,ASO,ES,Federal Contract Tower,0,21,18,0,39,0,0,17,8,25,0,21,35,8,64,18,0,18,82
11/02/2022,MCN,GA,ASO,ES,Federal Contract Tower,0,7,9,0,16,0,0,19,2,21,0,7,28,2,37,4,0,4,41
11/03/2022,MCN,GA,ASO,ES,Federal Contract Tower,0,9,29,0,38,0,0,19,2,21,0,9,48,2,59,10,0,10,69
11/04/2022,MCN,GA,ASO,ES,Federal Contract Tower,0,9,32,2,43,0,0,15,2,17,0,9,47,4,60,0,0,0,60
11/05/2022,MCN,GA,ASO,ES,Federal Contract Tower,0,4,19,0,23,0,0,4,2,6,0,4,23,2,29,0,0,0,29
11/06/2022,MCN,GA,ASO,ES,Federal Contract Tower,0,7,17,0,24,0,0,3,2,5,0,7,20,2,29,0,0,0,29
11/07/2022,MCN,GA,ASO,ES,Federal Contract Tower,1,6,24,0,31,0,0,16,0,16,1,6,40,0,47,34,0,34,81
11/08/2022,MCN,GA,ASO,ES,Federal Contract Tower,1,2,21,0,24,0,0,8,2,10,1,2,29,2,34,8,0,8,42
11/09/2022,MCN,GA,ASO,ES,Federal Contract Tower,0,5,14,4,23,0,0,8,0,8,0,5,22,4,31,4,0,4,35
11/10/2022,MCN,GA,ASO,ES,Federal Contract Tower,0,3,5,0,8,0,0,0,0,0,0,3,5,0,8,0,0,0,8
11/11/2022,MCN,GA,ASO,ES,Federal Contract Tower,3,6,11,0,20,0,0,0,0,0,3,6,11,0,20,0,0,0,20
11/12/2022,MCN,GA,ASO,ES,Federal Contract Tower,0,3,14,0,17,0,0,5,0,5,0,3,19,0,22,0,0,0,22
11/13/2022,MCN,GA,ASO,ES,Federal Contract Tower,0,4,14,0,18,0,0,12,2,14,0,4,26,2,32,0,0,0,32
11/14/2022,MCN,GA,ASO,ES,Federal Contract Tower,1,6,17,0,24,0,0,18,0,18,1,6,35,0,42,16,0,16,58
11/15/2022,MCN,GA,ASO,ES,Federal Contract Tower,0,11,8,0,19,0,0,0,0,0,0,11,8,0,19,0,0,0,19
11/16/2022,MCN,GA,ASO,ES,Federal Contract Tower,0,3,18,0,21,0,0,12,0,12,0,3,30,0,33,0,0,0,33
11/17/2022,MCN,GA,ASO,ES,Federal Contract Tower,0,4,5,2,11,0,0,15,0,15,0,4,20,2,26,10,0,10,36
11/18/2022,MCN,GA,ASO,ES,Federal Contract Tower,0,8,21,3,32,0,2,18,3,23,0,10,39,6,55,4,0,4,59
11/19/2022,MCN,GA,ASO,ES,Federal Contract Tower,0,2,13,0,15,0,0,28,0,28,0,2,41,0,43,22,0,22,65
11/20/2022,MCN,GA,ASO,ES,Federal Contract Tower,2,8,7,3,20,0,0,16,4,20,2,8,23,7,40,0,0,0,40
11/21/2022,MCN,GA,ASO,ES,Federal Contract Tower,2,4,33,0,39,0,0,16,0,16,2,4,49,0,55,2,0,2,57
11/22/2022,MCN,GA,ASO,ES,Federal Contract Tower,0,3,19,0,22,0,0,12,0,12,0,3,31,0,34,6,0,6,40
11/23/2022,MCN,GA,ASO,ES,Federal Contract Tower,0,7,15,0,22,0,0,11,0,11,0,7,26,0,33,18,0,18,51
11/24/2022,MCN,GA,ASO,ES,Federal Contract Tower,2,1,3,0,6,0,0,0,0,0,2,1,3,0,6,0,0,0,6
11/25/2022,MCN,GA,ASO,ES,Federal Contract Tower,0,3,10,0,13,0,0,0,0,0,0,3,10,0,13,2,0,2,15
11/26/2022,MCN,GA,ASO,ES,Federal Contract Tower,0,6,18,0,24,0,0,4,0,4,0,6,22,0,28,20,0,20,48
11/27/2022,MCN,GA,ASO,ES,Federal Contract Tower,0,4,15,0,19,0,0,7,0,7,0,4,22,0,26,4,0,4,30
11/28/2022,MCN,GA,ASO,ES,Federal Contract Tower,2,3,19,0,24,0,0,16,0,16,2,3,35,0,40,40,0,40,80
11/29/2022,MCN,GA,ASO,ES,Federal Contract Tower,0,4,18,2,24,0,0,9,1,10,0,4,27,3,34,2,2,4,38
11/30/2022,MCN,GA,ASO,ES,Federal Contract Tower,3,3,6,0,12,0,0,6,0,6,3,3,12,0,18,0,0,0,18
12/01/2022,MCN,GA,ASO,ES,Federal Contract Tower,0,16,19,0,35,0,0,21,0,21,0,16,40,0,56,12,0,12,68
12/02/2022,MCN,GA,ASO,ES,Federal Contract Tower,0,6,19,4,29,0,0,22,6,28,0,6,41,10,57,8,0,8,65
12/03/2022,MCN,GA,ASO,ES,Federal Contract Tower,0,3,9,0,12,0,0,0,1,1,0,3,9,1,13,0,0,0,13
12/04/2022,MCN,GA,ASO,ES,Federal Contract Tower,0,5,12,0,17,0,0,8,0,8,0,5,20,0,25,42,0,42,67
12/05/2022,MCN,GA,ASO,ES,Federal Contract Tower,0,6,6,2,14,0,0,0,0,0,0,6,6,2,14,0,0,0,14
12/06/2022,MCN,GA,ASO,ES,Federal Contract Tower,0,5,19,0,24,0,0,5,0,5,0,5,24,0,29,2,0,2,31
12/07/2022,MCN,GA,ASO,ES,Federal Contract Tower,0,7,15,5,27,0,0,5,1,6,0,7,20,6,33,2,0,2,35
12/08/2022,MCN,GA,ASO,ES,Federal Contract Tower,0,7,34,0,41,0,0,15,0,15,0,7,49,0,56,6,0,6,62
12/09/2022,MCN,GA,ASO,ES,Federal Contract Tower,0,5,20,0,25,0,0,8,0,8,0,5,28,0,33,8,0,8,41
12/10/2022,MCN,GA,ASO,ES,Federal Contract Tower,0,6,12,1,19,0,0,0,0,0,0,6,12,1,19,0,0,0,19
12/11/2022,MCN,GA,ASO,ES,Federal Contract Tower,0,1,24,2,27,0,0,0,0,0,0,1,24,2,27,0,0,0,27
12/12/2022,MCN,GA,ASO,ES,Federal Contract Tower,2,12,27,0,41,0,0,0,0,0,2,12,27,0,41,0,0,0,41
12/13/2022,MCN,GA,ASO,ES,Federal Contract Tower,0,4,35,0,39,0,0,11,0,11,0,4,46,0,50,14,0,14,64
12/14/2022,MCN,GA,ASO,ES,Federal Contract Tower,1,3,18,0,22,0,0,0,0,0,1,3,18,0,22,0,0,0,22
12/15/2022,MCN,GA,ASO,ES,Federal Contract Tower,0,3,13,6,22,0,0,7,3,10,0,3,20,9,32,8,6,14,46
12/16/2022,MCN,GA,ASO,ES,Federal Contract Tower,4,7,14,2,27,0,0,9,2,11,4,7,23,4,38,2,0,2,40
12/17/2022,MCN,GA,ASO,ES,Federal Contract Tower,3,4,19,0,26,0,0,23,0,23,3,4,42,0,49,4,0,4,53
12/18/2022,MCN,GA,ASO,ES,Federal Contract Tower,1,8,14,2,25,0,0,5,2,7,1,8,19,4,32,0,0,0,32
12/19/2022,MCN,GA,ASO,ES,Federal Contract Tower,0,7,19,0,26,0,0,12,0,12,0,7,31,0,38,4,0,4,42
12/20/2022,MCN,GA,ASO,ES,Federal Contract Tower,0,3,12,3,18,0,0,1,0,1,0,3,13,3,19,0,0,0,19
12/21/2022,MCN,GA,ASO,ES,Federal Contract Tower,2,8,27,1,38,0,0,0,0,0,2,8,27,1,38,0,0,0,38
12/22/2022,MCN,GA,ASO,ES,Federal Contract Tower,0,3,15,0,18,0,0,0,0,0,0,3,15,0,18,0,0,0,18
12/23/2022,MCN,GA,ASO,ES,Federal Contract Tower,1,3,7,0,11,0,0,1,0,1,1,3,8,0,12,0,0,0,12
12/24/2022,MCN,GA,ASO,ES,Federal Contract Tower,0,3,3,0,6,0,0,11,0,11,0,3,14,0,17,2,0,2,19
12/25/2022,MCN,GA,ASO,ES,Federal Contract Tower,0,2,3,0,5,0,0,0,0,0,0,2,3,0,5,0,0,0,5
12/26/2022,MCN,GA,ASO,ES,Federal Contract Tower,0,3,20,0,23,0,0,10,0,10,0,3,30,0,33,8,0,8,41
12/27/2022,MCN,GA,ASO,ES,Federal Contract Tower,0,3,16,0,19,0,0,30,0,30,0,3,46,0,49,8,0,8,57
12/28/2022,MCN,GA,ASO,ES,Federal Contract Tower,0,5,19,0,24,0,0,0,0,0,0,5,19,0,24,24,0,24,48
12/29/2022,MCN,GA,ASO,ES,Federal Contract Tower,0,5,12,0,17,0,0,17,0,17,0,5,29,0,34,8,0,8,42
12/30/2022,MCN,GA,ASO,ES,Federal Contract Tower,0,3,9,0,12,0,1,18,0,19,0,4,27,0,31,26,0,26,57
12/31/2022,MCN,GA,ASO,ES,Federal Contract Tower,0,1,7,0,8,0,0,0,0,0,0,1,7,0,8,0,0,0,8
01/01/2023,MCN,GA,ASO,ES,Federal Contract Tower,0,4,8,0,12,0,0,3,0,3,0,4,11,0,15,10,0,10,25
01/02/2023,MCN,GA,ASO,ES,Federal Contract Tower,2,5,7,0,14,0,0,12,0,12,2,5,19,0,26,10,0,10,36
01/03/2023,MCN,GA,ASO,ES,Federal Contract Tower,0,3,7,0,10,0,0,0,0,0,0,3,7,0,10,0,0,0,10
01/04/2023,MCN,GA,ASO,ES,Federal Contract Tower,1,5,9,0,15,0,0,2,0,2,1,5,11,0,17,20,0,20,37
01/05/2023,MCN,GA,ASO,ES,Federal Contract Tower,0,6,23,0,29,0,0,14,0,14,0,6,37,0,43,22,0,22,65
01/06/2023,MCN,GA,ASO,ES,Federal Contract Tower,0,6,9,4,19,0,0,19,3,22,0,6,28,7,41,12,0,12,53
01/07/2023,MCN,GA,ASO,ES,Federal Contract Tower,7,1,14,0,22,0,0,26,2,28,7,1,40,2,50,46,0,46,96
01/08/2023,MCN,GA,ASO,ES,Federal Contract Tower,0,5,15,7,27,0,0,14,5,19,0,5,29,12,46,40,0,40,86
01/09/2023,MCN,GA,ASO,ES,Federal Contract Tower,2,4,12,0,18,0,0,16,0,16,2,4,28,0,34,14,0,14,48
01/10/2023,MCN,GA,ASO,ES,Federal Contract Tower,3,6,21,2,32,0,0,25,0,25,3,6,46,2,57,10,0,10,67
01/11/2023,MCN,GA,ASO,ES,Federal Contract Tower,0,3,24,0,27,0,0,15,0,15,0,3,39,0,42,0,0,0,42
01/12/2023,MCN,GA,ASO,ES,Federal Contract Tower,0,3,14,0,17,0,0,2,0,2,0,3,16,0,19,0,0,0,19
01/13/2023,MCN,GA,ASO,ES,Federal Contract Tower,0,10,21,0,31,0,0,6,2,8,0,10,27,2,39,0,0,0,39
01/14/2023,MCN,GA,ASO,ES,Federal Contract Tower,2,3,14,0,19,0,0,45,0,45,2,3,59,0,64,8,0,8,72
01/15/2023,MCN,GA,ASO,ES,Federal Contract Tower,1,9,15,0,25,0,0,40,0,40,1,9,55,0,65,18,0,18,83
01/16/2023,MCN,GA,ASO,ES,Federal Contract Tower,0,5,10,0,15,0,0,24,0,24,0,5,34,0,39,26,0,26,65
01/17/2023,MCN,GA,ASO,ES,Federal Contract Tower,8,5,15,2,30,0,0,0,2,2,8,5,15,4,32,0,0,0,32
01/18/2023,MCN,GA,ASO,ES,Federal Contract Tower,0,2,20,0,22,0,0,2,0,2,0,2,22,0,24,2,0,2,26
01/19/2023,MCN,GA,ASO,ES,Federal Contract Tower,1,11,19,0,31,0,0,4,0,4,1,11,23,0,35,20,0,20,55
01/20/2023,MCN,GA,ASO,ES,Federal Contract Tower,2,4,10,0,16,0,0,31,0,31,2,4,41,0,47,40,0,40,87
01/21/2023,MCN,GA,ASO,ES,Federal Contract Tower,0,4,19,0,23,0,0,24,0,24,0,4,43,0,47,58,0,58,105
01/22/2023,MCN,GA,ASO,ES,Federal Contract Tower,0,4,9,2,15,0,0,0,0,0,0,4,9,2,15,0,0,0,15
01/23/2023,MCN,GA,ASO,ES,Federal Contract Tower,0,3,10,2,15,0,0,12,8,20,0,3,22,10,35,26,0,26,61
01/24/2023,MCN,GA,ASO,ES,Federal Contract Tower,0,6,20,1,27,0,0,25,0,25,0,6,45,1,52,58,0,58,110
01/25/2023,MCN,GA,ASO,ES,Federal Contract Tower,0,6,8,0,14,0,0,2,0,2,0,6,10,0,16,0,0,0,16
01/26/2023,MCN,GA,ASO,ES,Federal Contract Tower,0,5,19,0,24,0,0,9,0,9,0,5,28,0,33,2,0,2,35
01/27/2023,MCN,GA,ASO,ES,Federal Contract Tower,1,10,21,0,32,0,0,29,0,29,1,10,50,0,61,10,0,10,71
01/28/2023,MCN,GA,ASO,ES,Federal Contract Tower,2,1,12,0,15,0,0,37,0,37,2,1,49,0,52,28,0,28,80
01/29/2023,MCN,GA,ASO,ES,Federal Contract Tower,0,5,16,0,21,0,0,0,0,0,0,5,16,0,21,0,0,0,21
01/30/2023,MCN,GA,ASO,ES,Federal Contract Tower,0,8,19,0,27,0,0,0,0,0,0,8,19,0,27,0,0,0,27
01/31/2023,MCN,GA,ASO,ES,Federal Contract Tower,0,18,25,0,43,0,0,5,0,5,0,18,30,0,48,4,0,4,52
02/01/2023,MCN,GA,ASO,ES,Federal Contract Tower,2,2,17,2,23,0,0,0,0,0,2,2,17,2,23,0,0,0,23
02/02/2023,MCN,GA,ASO,ES,Federal Contract Tower,0,5,20,0,25,0,0,0,0,0,0,5,20,0,25,0,0,0,25
02/03/2023,MCN,GA,ASO,ES,Federal Contract Tower,0,4,23,6,33,0,0,10,4,14,0,4,33,10,47,0,0,0,47
02/04/2023,MCN,GA,ASO,ES,Federal Contract Tower,2,3,18,0,23,0,0,26,0,26,2,3,44,0,49,20,0,20,69
02/05/2023,MCN,GA,ASO,ES,Federal Contract Tower,0,10,14,2,26,0,0,17,2,19,0,10,31,4,45,28,0,28,73
02/06/2023,MCN,GA,ASO,ES,Federal Contract Tower,0,6,13,0,19,0,0,31,0,31,0,6,44,0,50,22,0,22,72
02/07/2023,MCN,GA,ASO,ES,Federal Contract Tower,0,3,11,0,14,0,0,30,0,30,0,3,41,0,44,4,0,4,48
02/08/2023,MCN,GA,ASO,ES,Federal Contract Tower,0,7,20,0,27,0,0,20,0,20,0,7,40,0,47,12,0,12,59
02/09/2023,MCN,GA,ASO,ES,Federal Contract Tower,0,5,8,0,13,0,0,4,0,4,0,5,12,0,17,0,0,0,17
02/10/2023,MCN,GA,ASO,ES,Federal Contract Tower,2,3,25,1,31,0,0,12,1,13,2,3,37,2,44,18,0,18,62
02/11/2023,MCN,GA,ASO,ES,Federal Contract Tower,0,4,6,0,10,0,0,2,0,2,0,4,8,0,12,2,0,2,14
02/12/2023,MCN,GA,ASO,ES,Federal Contract Tower,1,11,17,0,29,0,1,6,0,7,1,12,23,0,36,0,0,0,36
02/13/2023,MCN,GA,ASO,ES,Federal Contract Tower,2,4,24,2,32,0,0,25,0,25,2,4,49,2,57,4,0,4,61
02/14/2023,MCN,GA,ASO,ES,Federal Contract Tower,0,2,13,0,15,0,0,29,0,29,0,2,42,0,44,18,0,18,62
02/15/2023,MCN,GA,ASO,ES,Federal Contract Tower,1,9,22,2,34,0,0,24,0,24,1,9,46,2,58,6,0,6,64
02/16/2023,MCN,GA,ASO,ES,Federal Contract Tower,2,3,21,2,28,0,0,14,0,14,2,3,35,2,42,6,0,6,48
02/17/2023,MCN,GA,ASO,ES,Federal Contract Tower,0,5,13,4,22,0,2,0,0,2,0,7,13,4,24,2,0,2,26
02/18/2023,MCN,GA,ASO,ES,Federal Contract Tower,0,6,12,0,18,0,0,39,0,39,0,6,51,0,57,0,0,0,57
02/19/2023,MCN,GA,ASO,ES,Federal Contract Tower,0,6,15,0,21,0,0,31,0,31,0,6,46,0,52,36,0,36,88
02/20/2023,MCN,GA,ASO,ES,Federal Contract Tower,2,5,19,0,26,0,0,21,0,21,2,5,40,0,47,16,0,16,63
02/21/2023,MCN,GA,ASO,ES,Federal Contract Tower,4,2,12,2,20,0,0,8,4,12,4,2,20,6,32,18,0,18,50
02/22/2023,MCN,GA,ASO,ES,Federal Contract Tower,1,3,12,1,17,0,0,9,2,11,1,3,21,3,28,0,0,0,28
02/23/2023,MCN,GA,ASO,ES,Federal Contract Tower,2,5,23,0,30,0,0,10,0,10,2,5,33,0,40,0,0,0,40
02/24/2023,MCN,GA,ASO,ES,Federal Contract Tower,1,8,18,2,29,0,0,5,2,7,1,8,23,4,36,14,0,14,50
02/25/2023,MCN,GA,ASO,ES,Federal Contract Tower,0,2,16,0,18,0,0,0,0,0,0,2,16,0,18,22,0,22,40
02/26/2023,MCN,GA,ASO,ES,Federal Contract Tower,0,4,17,0,21,0,1,33,3,37,0,5,50,3,58,32,0,32,90
02/27/2023,MCN,GA,ASO,ES,Federal Contract Tower,0,1,11,0,12,0,0,3,0,3,0,1,14,0,15,26,0,26,41
02/28/2023,MCN,GA,ASO,ES,Federal Contract Tower,0,2,26,0,28,0,0,17,0,17,0,2,43,0,45,8,0,8,53
03/01/2023,MCN,GA,ASO,ES,Federal Contract Tower,0,6,17,2,25,0,0,19,0,19,0,6,36,2,44,68,0,68,112
03/02/2023,MCN,GA,ASO,ES,Federal Contract Tower,0,0,19,2,21,0,0,5,0,5,0,0,24,2,26,2,0,2,28
03/03/2023,MCN,GA,ASO,ES,Federal Contract Tower,1,2,12,4,19,0,0,0,2,2,1,2,12,6,21,0,0,0,21
03/04/2023,MCN,GA,ASO,ES,Federal Contract Tower,0,4,15,0,19,0,0,43,0,43,0,4,58,0,62,40,0,40,102
03/05/2023,MCN,GA,ASO,ES,Federal Contract Tower,0,4,14,2,20,0,0,20,0,20,0,4,34,2,40,0,0,0,40
03/06/2023,MCN,GA,ASO,ES,Federal Contract Tower,1,4,24,0,29,0,0,17,0,17,1,4,41,0,46,24,0,24,70
03/07/2023,MCN,GA,ASO,ES,Federal Contract Tower,0,4,29,0,33,0,0,25,0,25,0,4,54,0,58,26,0,26,84
03/08/2023,MCN,GA,ASO,ES,Federal Contract Tower,3,7,20,0,30,0,0,42,2,44,3,7,62,2,74,26,0,26,100
03/09/2023,MCN,GA,ASO,ES,Federal Contract Tower,0,7,23,0,30,0,0,13,0,13,0,7,36,0,43,6,0,6,49
03/10/2023,MCN,GA,ASO,ES,Federal Contract Tower,0,3,12,1,16,0,0,0,1,1,0,3,12,2,17,0,0,0,17
03/11/2023,MCN,GA,ASO,ES,Federal Contract Tower,1,4,14,0,19,0,0,42,0,42,1,4,56,0,61,40,0,40,101
03/12/2023,MCN,GA,ASO,ES,Federal Contract Tower,0,4,10,0,14,0,0,0,0,0,0,4,10,0,14,0,0,0,14
03/13/2023,MCN,GA,ASO,ES,Federal Contract Tower,0,6,6,0,12,0,0,30,0,30,0,6,36,0,42,12,0,12,54
03/14/2023,MCN,GA,ASO,ES,Federal Contract Tower,6,4,17,0,27,0,0,47,0,47,6,4,64,0,74,16,0,16,90
03/15/2023,MCN,GA,ASO,ES,Federal Contract Tower,0,9,16,0,25,0,0,73,0,73,0,9,89,0,98,16,0,16,114
03/16/2023,MCN,GA,ASO,ES,Federal Contract Tower,0,8,17,0,25,0,0,44,0,44,0,8,61,0,69,38,0,38,107
03/17/2023,MCN,GA,ASO,ES,Federal Contract Tower,0,9,19,3,31,0,0,7,5,12,0,9,26,8,43,2,0,2,45
03/18/2023,MCN,GA,ASO,ES,Federal Contract Tower,1,2,12,0,15,0,0,18,2,20,1,2,30,2,35,56,0,56,91
03/19/2023,MCN,GA,ASO,ES,Federal Contract Tower,0,8,12,0,20,0,0,23,2,25,0,8,35,2,45,24,0,24,69
03/20/2023,MCN,GA,ASO,ES,Federal Contract Tower,2,6,14,12,34,0,0,40,0,40,2,6,54,12,74,16,0,16,90
03/21/2023,MCN,GA,ASO,ES,Federal Contract Tower,3,4,14,0,21,0,0,43,0,43,3,4,57,0,64,34,0,34,98
03/22/2023,MCN,GA,ASO,ES,Federal Contract Tower,2,7,30,2,41,0,0,17,0,17,2,7,47,2,58,24,0,24,82
03/23/2023,MCN,GA,ASO,ES,Federal Contract Tower,0,3,20,0,23,0,0,48,0,48,0,3,68,0,71,26,0,26,97
03/24/2023,MCN,GA,ASO,ES,Federal Contract Tower,0,10,18,0,28,0,0,33,0,33,0,10,51,0,61,40,0,40,101
03/25/2023,MCN,GA,ASO,ES,Federal Contract Tower,3,3,9,0,15,0,0,4,0,4,3,3,13,0,19,2,0,2,21
03/26/2023,MCN,GA,ASO,ES,Federal Contract Tower,2,4,13,0,19,0,0,1,0,1,2,4,14,0,20,0,0,0,20
03/27/2023,MCN,GA,ASO,ES,Federal Contract Tower,0,1,14,0,15,0,0,1,0,1,0,1,15,0,16,0,0,0,16
03/28/2023,MCN,GA,ASO,ES,Federal Contract Tower,0,7,12,0,19,0,0,32,2,34,0,7,44,2,53,76,0,76,129
03/29/2023,MCN,GA,ASO,ES,Federal Contract Tower,0,6,16,2,24,0,0,37,0,37,0,6,53,2,61,8,0,8,69
03/30/2023,MCN,GA,ASO,ES,Federal Contract Tower,0,3,21,0,24,0,0,30,0,30,0,3,51,0,54,32,0,32,86
03/31/2023,MCN,GA,ASO,ES,Federal Contract Tower,0,3,17,0,20,0,0,22,0,22,0,3,39,0,42,60,0,60,102
04/01/2023,MCN,GA,ASO,ES,Federal Contract Tower,0,4,12,0,16,0,0,1,0,1,0,4,13,0,17,0,0,0,17
04/02/2023,MCN,GA,ASO,ES,Federal Contract Tower,0,4,20,0,24,0,0,38,0,38,0,4,58,0,62,52,0,52,114
04/03/2023,MCN,GA,ASO,ES,Federal Contract Tower,1,5,9,4,19,0,0,2,0,2,1,5,11,4,21,16,0,16,37
04/04/2023,MCN,GA,ASO,ES,Federal Contract Tower,0,2,9,0,11,0,0,11,0,11,0,2,20,0,22,34,0,34,56
04/05/2023,MCN,GA,ASO,ES,Federal Contract Tower,1,3,18,0,22,0,0,30,0,30,1,3,48,0,52,48,0,48,100
04/06/2023,MCN,GA,ASO,ES,Federal Contract Tower,0,5,20,3,28,0,0,36,7,43,0,5,56,10,71,52,0,52,123
04/07/2023,MCN,GA,ASO,ES,Federal Contract Tower,0,5,19,0,24,0,0,26,0,26,0,5,45,0,50,24,0,24,74
04/08/2023,MCN,GA,ASO,ES,Federal Contract Tower,1,4,8,0,13,0,0,0,0,0,1,4,8,0,13,0,0,0,13
04/10/2023,MCN,GA,ASO,ES,Federal Contract Tower,0,3,12,1,16,0,0,27,1,28,0,3,39,2,44,56,0,56,100
04/11/2023,MCN,GA,ASO,ES,Federal Contract Tower,2,4,20,3,29,0,0,47,0,47,2,4,67,3,76,24,0,24,100
04/12/2023,MCN,GA,ASO,ES,Federal Contract Tower,0,7,16,0,23,0,0,36,0,36,0,7,52,0,59,34,0,34,93
04/13/2023,MCN,GA,ASO,ES,Federal Contract Tower,0,5,18,0,23,0,0,1,0,1,0,5,19,0,24,0,0,0,24
04/14/2023,MCN,GA,ASO,ES,Federal Contract Tower,1,3,10,0,14,0,0,21,0,21,1,3,31,0,35,62,0,62,97
04/15/2023,MCN,GA,ASO,ES,Federal Contract Tower,1,2,15,0,18,0,0,39,0,39,1,2,54,0,57,60,0,60,117
04/16/2023,MCN,GA,ASO,ES,Federal Contract Tower,0,5,16,7,28,0,0,14,3,17,0,5,30,10,45,70,0,70,115
04/17/2023,MCN,GA,ASO,ES,Federal Contract Tower,0,6,7,2,15,0,0,36,0,36,0,6,43,2,51,36,0,36,87
04/18/2023,MCN,GA,ASO,ES,Federal Contract Tower,0,5,18,0,23,0,0,37,0,37,0,5,55,0,60,42,0,42,102
04/19/2023,MCN,GA,ASO,ES,Federal Contract Tower,0,3,31,1,35,0,0,36,1,37,0,3,67,2,72,22,0,22,94
04/20/2023,MCN,GA,ASO,ES,Federal Contract Tower,0,9,24,0,33,0,0,42,0,42,0,9,66,0,75,22,0,22,97
04/21/2023,MCN,GA,ASO,ES,Federal Contract Tower,0,5,12,0,17,0,0,28,0,28,0,5,40,0,45,58,0,58,103
04/22/2023,MCN,GA,ASO,ES,Federal Contract Tower,1,3,14,0,18,0,0,18,0,18,1,3,32,0,36,24,0,24,60
04/23/2023,MCN,GA,ASO,ES,Federal Contract Tower,1,3,14,0,18,0,0,35,0,35,1,3,49,0,53,24,0,24,77
04/24/2023,MCN,GA,ASO,ES,Federal Contract Tower,1,4,14,0,19,0,0,35,0,35,1,4,49,0,54,28,0,28,82
04/25/2023,MCN,GA,ASO,ES,Federal Contract Tower,0,2,20,2,24,0,0,29,0,29,0,2,49,2,53,26,0,26,79
04/26/2023,MCN,GA,ASO,ES,Federal Contract Tower,0,4,32,6,42,0,0,15,0,15,0,4,47,6,57,54,0,54,111
04/27/2023,MCN,GA,ASO,ES,Federal Contract Tower,2,3,21,0,26,0,0,0,0,0,2,3,21,0,26,0,0,0,26
04/28/2023,MCN,GA,ASO,ES,Federal Contract Tower,0,3,20,0,23,0,0,3,5,8,0,3,23,5,31,8,0,8,39
04/29/2023,MCN,GA,ASO,ES,Federal Contract Tower,0,3,19,0,22,0,0,28,0,28,0,3,47,0,50,18,0,18,68
04/30/2023,MCN,GA,ASO,ES,Federal Contract Tower,2,3,20,0,25,0,0,0,6,6,2,3,20,6,31,6,0,6,37
05/01/2023,MCN,GA,ASO,ES,Federal Contract Tower,1,9,11,2,23,0,0,13,0,13,1,9,24,2,36,48,0,48,84
05/02/2023,MCN,GA,ASO,ES,Federal Contract Tower,4,6,20,0,30,0,0,15,0,15,4,6,35,0,45,12,0,12,57
05/03/2023,MCN,GA,ASO,ES,Federal Contract Tower,1,3,12,0,16,0,0,26,0,26,1,3,38,0,42,28,0,28,70
05/04/2023,MCN,GA,ASO,ES,Federal Contract Tower,0,7,28,0,35,0,0,26,2,28,0,7,54,2,63,42,0,42,105
05/05/2023,MCN,GA,ASO,ES,Federal Contract Tower,2,6,20,0,28,0,0,33,0,33,2,6,53,0,61,52,0,52,113
05/06/2023,MCN,GA,ASO,ES,Federal Contract Tower,0,5,14,2,21,0,0,36,0,36,0,5,50,2,57,42,0,42,99
05/07/2023,MCN,GA,ASO,ES,Federal Contract Tower,0,7,9,0,16,0,0,38,0,38,0,7,47,0,54,64,0,64,118
05/08/2023,MCN,GA,ASO,ES,Federal Contract Tower,1,12,27,0,40,0,0,19,0,19,1,12,46,0,59,30,0,30,89
05/09/2023,MCN,GA,ASO,ES,Federal Contract Tower,1,2,12,2,17,0,0,15,0,15,1,2,27,2,32,18,0,18,50
05/10/2023,MCN,GA,ASO,ES,Federal Contract Tower,0,5,23,0,28,0,0,45,0,45,0,5,68,0,73,58,0,58,131
05/11/2023,MCN,GA,ASO,ES,Federal Contract Tower,1,8,23,0,32,0,0,34,2,36,1,8,57,2,68,16,0,16,84
05/12/2023,MCN,GA,ASO,ES,Federal Contract Tower,0,9,24,2,35,0,0,34,2,36,0,9,58,4,71,30,0,30,101
05/13/2023,MCN,GA,ASO,ES,Federal Contract Tower,0,2,20,0,22,0,0,14,0,14,0,2,34,0,36,36,0,36,72
05/14/2023,MCN,GA,ASO,ES,Federal Contract Tower,0,4,11,9,24,0,0,32,1,33,0,4,43,10,57,50,2,52,109
05/16/2023,MCN,GA,ASO,ES,Federal Contract Tower,2,4,31,2,39,0,0,8,0,8,2,4,39,2,47,62,0,62,109
05/17/2023,MCN,GA,ASO,ES,Federal Contract Tower,2,3,16,3,24,0,0,27,0,27,2,3,43,3,51,52,14,66,117
05/18/2023,MCN,GA,ASO,ES,Federal Contract Tower,0,10,22,0,32,0,0,5,0,5,0,10,27,0,37,36,0,36,73
05/19/2023,MCN,GA,ASO,ES,Federal Contract Tower,0,7,22,0,29,0,0,11,0,11,0,7,33,0,40,102,0,102,142
05/20/2023,MCN,GA,ASO,ES,Federal Contract Tower,2,1,18,0,21,0,0,17,0,17,2,1,35,0,38,126,0,126,164
05/21/2023,MCN,GA,ASO,ES,Federal Contract Tower,1,6,21,0,28,0,0,7,0,7,1,6,28,0,35,0,0,0,35
05/22/2023,MCN,GA,ASO,ES,Federal Contract Tower,1,5,18,0,24,0,0,0,0,0,1,5,18,0,24,0,0,0,24
05/23/2023,MCN,GA,ASO,ES,Federal Contract Tower,0,5,18,1,24,0,0,18,0,18,0,5,36,1,42,72,0,72,114
05/24/2023,MCN,GA,ASO,ES,Federal Contract Tower,0,4,24,0,28,0,0,44,0,44,0,4,68,0,72,88,0,88,160
05/25/2023,MCN,GA,ASO,ES,Federal Contract Tower,0,8,18,0,26,0,0,36,0,36,0,8,54,0,62,22,0,22,84
05/26/2023,MCN,GA,ASO,ES,Federal Contract Tower,1,4,19,0,24,0,0,26,0,26,1,4,45,0,50,62,0,62,112
05/27/2023,MCN,GA,ASO,ES,Federal Contract Tower,0,9,7,0,16,0,0,13,0,13,0,9,20,0,29,36,0,36,65
05/28/2023,MCN,GA,ASO,ES,Federal Contract Tower,0,7,7,0,14,0,0,10,0,10,0,7,17,0,24,10,0,10,34
05/29/2023,MCN,GA,ASO,ES,Federal Contract Tower,1,8,11,0,20,0,0,32,0,32,1,8,43,0,52,82,0,82,134
05/30/2023,MCN,GA,ASO,ES,Federal Contract Tower,2,4,14,0,20,0,0,36,1,37,2,4,50,1,57,64,0,64,121
05/31/2023,MCN,GA,ASO,ES,Federal Contract Tower,0,3,24,6,33,0,0,19,0,19,0,3,43,6,52,20,0,20,72
06/01/2023,MCN,GA,ASO,ES,Federal Contract Tower,1,5,26,0,32,0,0,46,4,50,1,5,72,4,82,86,0,86,168
06/02/2023,MCN,GA,ASO,ES,Federal Contract Tower,1,7,12,9,29,0,2,25,3,30,1,9,37,12,59,56,0,56,115
06/03/2023,MCN,GA,ASO,ES,Federal Contract Tower,0,7,12,0,19,0,0,36,0,36,0,7,48,0,55,68,0,68,123
06/04/2023,MCN,GA,ASO,ES,Federal Contract Tower,0,6,11,12,29,0,0,16,3,19,0,6,27,15,48,16,0,16,64
06/05/2023,MCN,GA,ASO,ES,Federal Contract Tower,0,3,4,0,7,0,0,27,0,27,0,3,31,0,34,90,0,90,124
06/06/2023,MCN,GA,ASO,ES,Federal Contract Tower,0,6,12,0,18,0,0,40,0,40,0,6,52,0,58,58,0,58,116
06/07/2023,MCN,GA,ASO,ES,Federal Contract Tower,0,5,4,4,13,0,0,18,0,18,0,5,22,4,31,18,0,18,49
06/08/2023,MCN,GA,ASO,ES,Federal Contract Tower,0,5,17,0,22,0,0,31,0,31,0,5,48,0,53,8,0,8,61
06/09/2023,MCN,GA,ASO,ES,Federal Contract Tower,0,3,14,7,24,0,0,29,4,33,0,3,43,11,57,26,6,32,89
06/10/2023,MCN,GA,ASO,ES,Federal Contract Tower,0,6,9,0,15,0,1,48,0,49,0,7,57,0,64,62,0,62,126
06/11/2023,MCN,GA,ASO,ES,Federal Contract Tower,0,5,5,0,10,0,0,4,1,5,0,5,9,1,15,0,0,0,15
06/12/2023,MCN,GA,ASO,ES,Federal Contract Tower,0,6,10,0,16,0,0,18,0,18,0,6,28,0,34,34,0,34,68
06/13/2023,MCN,GA,ASO,ES,Federal Contract Tower,0,4,21,0,25,0,2,23,0,25,0,6,44,0,50,10,0,10,60
06/14/2023,MCN,GA,ASO,ES,Federal Contract Tower,1,3,9,0,13,0,0,0,0,0,1,3,9,0,13,0,0,0,13
06/15/2023,MCN,GA,ASO,ES,Federal Contract Tower,0,4,7,0,11,0,0,4,0,4,0,4,11,0,15,36,0,36,51
06/16/2023,MCN,GA,ASO,ES,Federal Contract Tower,2,9,22,0,33,0,0,13,0,13,2,9,35,0,46,30,0,30,76
06/17/2023,MCN,GA,ASO,ES,Federal Contract Tower,0,7,23,0,30,0,0,49,0,49,0,7,72,0,79,104,0,104,183
06/18/2023,MCN,GA,ASO,ES,Federal Contract Tower,0,5,12,0,17,0,0,27,0,27,0,5,39,0,44,90,0,90,134
06/19/2023,MCN,GA,ASO,ES,Federal Contract Tower,0,3,7,0,10,0,0,0,0,0,0,3,7,0,10,0,0,0,10
06/20/2023,MCN,GA,ASO,ES,Federal Contract Tower,0,7,15,0,22,0,2,20,0,22,0,9,35,0,44,44,0,44,88
06/21/2023,MCN,GA,ASO,ES,Federal Contract Tower,1,3,23,2,29,0,0,8,0,8,1,3,31,2,37,16,0,16,53
06/22/2023,MCN,GA,ASO,ES,Federal Contract Tower,0,6,14,0,20,0,0,10,0,10,0,6,24,0,30,40,0,40,70
06/23/2023,MCN,GA,ASO,ES,Federal Contract Tower,0,2,13,0,15,0,0,18,2,20,0,2,31,2,35,14,0,14,49
06/24/2023,MCN,GA,ASO,ES,Federal Contract Tower,0,6,19,0,25,0,2,43,0,45,0,8,62,0,70,120,0,120,190
06/25/2023,MCN,GA,ASO,ES,Federal Contract Tower,0,6,6,0,12,0,0,16,0,16,0,6,22,0,28,18,0,18,46
06/26/2023,MCN,GA,ASO,ES,Federal Contract Tower,0,18,11,2,31,0,0,24,0,24,0,18,35,2,55,26,0,26,81
06/27/2023,MCN,GA,ASO,ES,Federal Contract Tower,0,5,12,0,17,0,0,27,0,27,0,5,39,0,44,26,0,26,70
06/28/2023,MCN,GA,ASO,ES,Federal Contract Tower,0,6,13,0,19,0,0,22,0,22,0,6,35,0,41,20,0,20,61
06/29/2023,MCN,GA,ASO,ES,Federal Contract Tower,2,8,25,0,35,0,0,21,0,21,2,8,46,0,56,2,0,2,58
06/30/2023,MCN,GA,ASO,ES,Federal Contract Tower,0,4,14,0,18,0,0,14,0,14,0,4,28,0,32,50,0,50,82
07/01/2023,MCN,GA,ASO,ES,Federal Contract Tower,1,5,3,0,9,0,0,6,0,6,1,5,9,0,15,0,0,0,15
07/02/2023,MCN,GA,ASO,ES,Federal Contract Tower,1,5,6,0,12,0,0,7,0,7,1,5,13,0,19,2,0,2,21
07/03/2023,MCN,GA,ASO,ES,Federal Contract Tower,2,4,8,0,14,0,0,7,0,7,2,4,15,0,21,0,0,0,21
07/04/2023,MCN,GA,ASO,ES,Federal Contract Tower,0,3,5,0,8,0,0,19,0,19,0,3,24,0,27,28,0,28,55
07/05/2023,MCN,GA,ASO,ES,Federal Contract Tower,0,3,22,0,25,0,0,21,0,21,0,3,43,0,46,12,0,12,58
07/06/2023,MCN,GA,ASO,ES,Federal Contract Tower,4,3,6,0,13,0,0,18,0,18,4,3,24,0,31,14,0,14,45
07/07/2023,MCN,GA,ASO,ES,Federal Contract Tower,0,7,6,2,15,0,0,36,2,38,0,7,42,4,53,36,2,38,91
07/08/2023,MCN,GA,ASO,ES,Federal Contract Tower,1,4,9,0,14,0,0,27,0,27,1,4,36,0,41,44,0,44,85
07/09/2023,MCN,GA,ASO,ES,Federal Contract Tower,0,4,15,0,19,0,0,19,0,19,0,4,34,0,38,22,0,22,60
07/10/2023,MCN,GA,ASO,ES,Federal Contract Tower,1,3,9,0,13,0,0,0,0,0,1,3,9,0,13,0,0,0,13
07/11/2023,MCN,GA,ASO,ES,Federal Contract Tower,0,4,11,0,15,0,0,37,2,39,0,4,48,2,54,6,0,6,60
07/12/2023,MCN,GA,ASO,ES,Federal Contract Tower,0,3,22,0,25,0,0,31,0,31,0,3,53,0,56,22,0,22,78
07/13/2023,MCN,GA,ASO,ES,Federal Contract Tower,1,6,16,0,23,0,0,31,0,31,1,6,47,0,54,36,0,36,90
07/14/2023,MCN,GA,ASO,ES,Federal Contract Tower,1,4,25,3,33,0,0,16,2,18,1,4,41,5,51,28,0,28,79
07/15/2023,MCN,GA,ASO,ES,Federal Contract Tower,0,8,5,0,13,0,0,23,0,23,0,8,28,0,36,32,0,32,68
07/16/2023,MCN,GA,ASO,ES,Federal Contract Tower,0,7,15,0,22,0,0,14,6,20,0,7,29,6,42,6,0,6,48
07/17/2023,MCN,GA,ASO,ES,Federal Contract Tower,0,4,11,0,15,0,0,20,0,20,0,4,31,0,35,8,0,8,43
07/18/2023,MCN,GA,ASO,ES,Federal Contract Tower,2,6,23,0,31,0,0,10,0,10,2,6,33,0,41,14,0,14,55
07/19/2023,MCN,GA,ASO,ES,Federal Contract Tower,1,5,12,0,18,0,0,18,0,18,1,5,30,0,36,30,0,30,66
07/20/2023,MCN,GA,ASO,ES,Federal Contract Tower,0,7,27,0,34,0,0,24,0,24,0,7,51,0,58,30,0,30,88
07/21/2023,MCN,GA,ASO,ES,Federal Contract Tower,0,9,12,2,23,0,0,25,0,25,0,9,37,2,48,28,0,28,76
07/22/2023,MCN,GA,ASO,ES,Federal Contract Tower,0,5,10,0,15,0,0,11,0,11,0,5,21,0,26,22,0,22,48
07/23/2023,MCN,GA,ASO,ES,Federal Contract Tower,0,6,19,0,25,0,0,23,0,23,0,6,42,0,48,44,0,44,92
07/24/2023,MCN,GA,ASO,ES,Federal Contract Tower,0,3,8,0,11,0,0,22,0,22,0,3,30,0,33,46,0,46,79
07/25/2023,MCN,GA,ASO,ES,Federal Contract Tower,0,5,15,4,24,0,0,27,0,27,0,5,42,4,51,30,0,30,81
07/26/2023,MCN,GA,ASO,ES,Federal Contract Tower,3,5,10,0,18,0,0,11,0,11,3,5,21,0,29,10,0,10,39
07/27/2023,MCN,GA,ASO,ES,Federal Contract Tower,0,7,7,0,14,0,0,18,0,18,0,7,25,0,32,4,0,4,36
07/28/2023,MCN,GA,ASO,ES,Federal Contract Tower,1,7,19,0,27,0,0,18,4,22,1,7,37,4,49,26,0,26,75
07/29/2023,MCN,GA,ASO,ES,Federal Contract Tower,4,3,25,0,32,0,0,12,0,12,4,3,37,0,44,40,0,40,84
07/30/2023,MCN,GA,ASO,ES,Federal Contract Tower,0,6,7,5,18,0,0,17,1,18,0,6,24,6,36,4,0,4,40
07/31/2023,MCN,GA,ASO,ES,Federal Contract Tower,0,2,23,2,27,0,0,28,0,28,0,2,51,2,55,48,0,48,103
08/01/2023,MCN,GA,ASO,ES,Federal Contract Tower,1,5,16,1,23,0,0,21,2,23,1,5,37,3,46,46,0,46,92
08/02/2023,MCN,GA,ASO,ES,Federal Contract Tower,0,7,18,3,28,0,0,25,2,27,0,7,43,5,55,18,0,18,73
08/03/2023,MCN,GA,ASO,ES,Federal Contract Tower,1,4,20,0,25,0,0,10,0,10,1,4,30,0,35,0,0,0,35
08/04/2023,MCN,GA,ASO,ES,Federal Contract Tower,0,9,9,0,18,0,1,9,4,14,0,10,18,4,32,4,0,4,36
08/05/2023,MCN,GA,ASO,ES,Federal Contract Tower,1,6,21,0,28,0,0,18,0,18,1,6,39,0,46,0,0,0,46
08/06/2023,MCN,GA,ASO,ES,Federal Contract Tower,0,9,12,1,22,0,0,24,2,26,0,9,36,3,48,20,0,20,68
08/07/2023,MCN,GA,ASO,ES,Federal Contract Tower,2,6,15,0,23,0,0,10,0,10,2,6,25,0,33,8,0,8,41
08/08/2023,MCN,GA,ASO,ES,Federal Contract Tower,1,5,14,0,20,0,0,15,2,17,1,5,29,2,37,22,0,22,59
08/09/2023,MCN,GA,ASO,ES,Federal Contract Tower,0,3,12,3,18,0,0,29,1,30,0,3,41,4,48,80,0,80,128
08/10/2023,MCN,GA,ASO,ES,Federal Contract Tower,0,5,13,0,18,0,0,22,0,22,0,5,35,0,40,38,0,38,78
08/11/2023,MCN,GA,ASO,ES,Federal Contract Tower,8,7,11,0,26,0,0,8,2,10,8,7,19,2,36,50,0,50,86
08/12/2023,MCN,GA,ASO,ES,Federal Contract Tower,0,7,9,0,16,0,0,24,0,24,0,7,33,0,40,64,0,64,104
08/13/2023,MCN,GA,ASO,ES,Federal Contract Tower,0,5,20,0,25,0,0,22,0,22,0,5,42,0,47,4,0,4,51
08/14/2023,MCN,GA,ASO,ES,Federal Contract Tower,2,3,8,0,13,0,0,31,0,31,2,3,39,0,44,18,0,18,62
08/15/2023,MCN,GA,ASO,ES,Federal Contract Tower,2,3,14,2,21,0,0,24,0,24,2,3,38,2,45,16,0,16,61
08/16/2023,MCN,GA,ASO,ES,Federal Contract Tower,0,9,8,0,17,0,0,36,0,36,0,9,44,0,53,50,0,50,103
08/17/2023,MCN,GA,ASO,ES,Federal Contract Tower,1,2,16,2,21,0,0,18,0,18,1,2,34,2,39,4,0,4,43
08/18/2023,MCN,GA,ASO,ES,Federal Contract Tower,0,4,10,6,20,0,0,34,11,45,0,4,44,17,65,42,6,48,113
08/19/2023,MCN,GA,ASO,ES,Federal Contract Tower,3,6,6,0,15,0,0,38,0,38,3,6,44,0,53,20,0,20,73
08/20/2023,MCN,GA,ASO,ES,Federal Contract Tower,0,6,14,6,26,0,0,12,15,27,0,6,26,21,53,0,0,0,53
08/21/2023,MCN,GA,ASO,ES,Federal Contract Tower,0,3,9,0,12,0,0,24,0,24,0,3,33,0,36,0,0,0,36
08/22/2023,MCN,GA,ASO,ES,Federal Contract Tower,0,8,15,0,23,0,0,26,0,26,0,8,41,0,49,20,0,20,69
08/23/2023,MCN,GA,ASO,ES,Federal Contract Tower,0,9,11,0,20,0,0,26,0,26,0,9,37,0,46,18,0,18,64
08/24/2023,MCN,GA,ASO,ES,Federal Contract Tower,0,3,12,2,17,0,0,25,2,27,0,3,37,4,44,28,0,28,72
08/25/2023,MCN,GA,ASO,ES,Federal Contract Tower,0,4,13,3,20,0,0,29,1,30,0,4,42,4,50,28,0,28,78
08/26/2023,MCN,GA,ASO,ES,Federal Contract Tower,0,4,6,0,10,0,0,22,0,22,0,4,28,0,32,6,0,6,38
08/27/2023,MCN,GA,ASO,ES,Federal Contract Tower,1,3,9,1,14,0,0,22,1,23,1,3,31,2,37,6,0,6,43
08/28/2023,MCN,GA,ASO,ES,Federal Contract Tower,3,4,23,4,34,0,0,23,0,23,3,4,46,4,57,34,0,34,91
08/29/2023,MCN,GA,ASO,ES,Federal Contract Tower,0,5,17,0,22,0,0,7,0,7,0,5,24,0,29,0,0,0,29
08/30/2023,MCN,GA,ASO,ES,Federal Contract Tower,1,4,0,0,5,0,0,0,0,0,1,4,0,0,5,0,0,0,5
08/31/2023,MCN,GA,ASO,ES,Federal Contract Tower,3,5,20,0,28,0,0,21,0,21,3,5,41,0,49,14,0,14,63
