01/01/2000,MCO,FL,ASO,ES,Towers with Radar,464,131,53,7,655,152,28,0,2,182,616,159,53,9,837,0,0,0,837
01/02/2000,MCO,FL,ASO,ES,Towers with Radar,705,193,106,4,1008,0,0,0,1,1,705,193,106,5,1009,0,0,0,1009
01/03/2000,MCO,FL,ASO,ES,Towers with Radar,710,186,92,7,995,0,0,11,1,12,710,186,103,8,1007,0,0,0,1007
01/04/2000,MCO,FL,ASO,ES,Towers with Radar,713,211,75,7,1006,0,0,12,0,12,713,211,87,7,1018,0,0,0,1018
01/05/2000,MCO,FL,ASO,ES,Towers with Radar,764,189,59,9,1021,0,0,27,0,27,764,189,86,9,1048,0,0,0,1048
01/06/2000,MCO,FL,ASO,ES,Towers with Radar,718,242,67,15,1042,0,0,0,0,0,718,242,67,15,1042,0,0,0,1042
01/07/2000,MCO,FL,ASO,ES,Towers with Radar,711,210,102,10,1033,0,0,20,0,20,711,210,122,10,1053,0,0,0,1053
01/08/2000,MCO,FL,ASO,ES,Towers with Radar,740,197,70,11,1018,0,0,0,0,0,740,197,70,11,1018,0,0,0,1018
01/09/2000,MCO,FL,ASO,ES,Towers with Radar,690,168,68,12,938,0,0,0,0,0,690,168,68,12,938,0,0,0,938
01/10/2000,MCO,FL,ASO,ES,Towers with Radar,625,174,54,10,863,3,5,0,4,12,628,179,54,14,875,0,0,0,875
01/11/2000,MCO,FL,ASO,ES,Towers with Radar,713,176,79,12,980,0,0,16,0,16,713,176,95,12,996,0,0,0,996
01/12/2000,MCO,FL,ASO,ES,Towers with Radar,722,208,73,17,1020,0,1,6,0,7,722,209,79,17,1027,0,0,0,1027
01/13/2000,MCO,FL,ASO,ES,Towers with Radar,689,220,105,10,1024,0,0,0,0,0,689,220,105,10,1024,0,0,0,1024
01/14/2000,MCO,FL,ASO,ES,Towers with Radar,631,176,82,10,899,26,26,17,2,71,657,202,99,12,970,0,0,0,970
01/15/2000,MCO,FL,ASO,ES,Towers with Radar,734,183,95,9,1021,15,0,44,0,59,749,183,139,9,1080,0,0,0,1080
01/16/2000,MCO,FL,ASO,ES,Towers with Radar,695,163,82,8,948,0,0,2,0,2,695,163,84,8,950,0,0,0,950
01/17/2000,MCO,FL,ASO,ES,Towers with Radar,655,196,58,12,921,0,0,8,0,8,655,196,66,12,929,0,2,2,931
01/18/2000,MCO,FL,ASO,ES,Towers with Radar,695,196,97,10,998,0,0,9,0,9,695,196,106,10,1007,0,0,0,1007
01/19/2000,MCO,FL,ASO,ES,Towers with Radar,686,214,90,10,1000,0,0,14,0,14,686,214,104,10,1014,0,0,0,1014
01/20/2000,MCO,FL,ASO,ES,Towers with Radar,668,194,95,6,963,0,0,0,0,0,668,194,95,6,963,0,0,0,963
01/21/2000,MCO,FL,ASO,ES,Towers with Radar,665,208,130,13,1016,0,0,1,0,1,665,208,131,13,1017,0,0,0,1017
01/22/2000,MCO,FL,ASO,ES,Towers with Radar,734,182,102,16,1034,0,0,1,0,1,734,182,103,16,1035,0,0,0,1035
01/23/2000,MCO,FL,ASO,ES,Towers with Radar,671,172,107,9,959,0,0,12,0,12,671,172,119,9,971,0,0,0,971
01/24/2000,MCO,FL,ASO,ES,Towers with Radar,675,183,108,9,975,0,3,6,0,9,675,186,114,9,984,0,0,0,984
01/25/2000,MCO,FL,ASO,ES,Towers with Radar,543,187,97,5,832,0,0,24,0,24,543,187,121,5,856,0,0,0,856
01/26/2000,MCO,FL,ASO,ES,Towers with Radar,652,213,110,7,982,0,0,10,0,10,652,213,120,7,992,0,0,0,992
01/27/2000,MCO,FL,ASO,ES,Towers with Radar,646,198,94,11,949,0,0,1,0,1,646,198,95,11,950,0,0,0,950
01/28/2000,MCO,FL,ASO,ES,Towers with Radar,696,187,135,20,1038,0,0,1,0,1,696,187,136,20,1039,0,0,0,1039
01/29/2000,MCO,FL,ASO,ES,Towers with Radar,722,170,88,10,990,0,19,1,0,20,722,189,89,10,1010,0,0,0,1010
01/30/2000,MCO,FL,ASO,ES,Towers with Radar,660,153,85,11,909,0,0,1,0,1,660,153,86,11,910,0,0,0,910
01/31/2000,MCO,FL,ASO,ES,Towers with Radar,664,189,73,13,939,0,0,1,0,1,664,189,74,13,940,0,0,0,940
02/01/2000,MCO,FL,ASO,ES,Towers with Radar,696,191,76,3,966,3,12,0,0,15,699,203,76,3,981,0,0,0,981
02/02/2000,MCO,FL,ASO,ES,Towers with Radar,683,187,91,5,966,19,8,16,0,43,702,195,107,5,1009,0,0,0,1009
02/03/2000,MCO,FL,ASO,ES,Towers with Radar,704,207,125,23,1059,3,0,2,2,7,707,207,127,25,1066,0,0,0,1066
02/04/2000,MCO,FL,ASO,ES,Towers with Radar,698,220,165,12,1095,3,0,2,1,6,701,220,167,13,1101,0,0,0,1101
02/05/2000,MCO,FL,ASO,ES,Towers with Radar,761,165,69,16,1011,3,0,2,1,6,764,165,71,17,1017,0,0,0,1017
02/06/2000,MCO,FL,ASO,ES,Towers with Radar,693,163,98,10,964,4,0,18,1,23,697,163,116,11,987,0,0,0,987
02/07/2000,MCO,FL,ASO,ES,Towers with Radar,673,195,84,7,959,3,0,13,1,17,676,195,97,8,976,0,0,0,976
02/08/2000,MCO,FL,ASO,ES,Towers with Radar,710,194,77,10,991,4,0,16,1,21,714,194,93,11,1012,0,0,0,1012
02/09/2000,MCO,FL,ASO,ES,Towers with Radar,701,206,77,10,994,3,0,22,1,26,704,206,99,11,1020,0,0,0,1020
02/10/2000,MCO,FL,ASO,ES,Towers with Radar,726,212,100,12,1050,0,7,0,0,7,726,219,100,12,1057,12,0,12,1069
02/11/2000,MCO,FL,ASO,ES,Towers with Radar,701,180,116,22,1019,3,0,2,0,5,704,180,118,22,1024,14,0,14,1038
02/12/2000,MCO,FL,ASO,ES,Towers with Radar,762,163,75,18,1018,3,0,2,0,5,765,163,77,18,1023,0,0,0,1023
02/13/2000,MCO,FL,ASO,ES,Towers with Radar,674,143,84,14,915,3,0,12,0,15,677,143,96,14,930,0,0,0,930
02/14/2000,MCO,FL,ASO,ES,Towers with Radar,640,174,81,11,906,41,16,0,0,57,681,190,81,11,963,0,0,0,963
02/15/2000,MCO,FL,ASO,ES,Towers with Radar,722,211,78,11,1022,3,0,14,0,17,725,211,92,11,1039,0,0,0,1039
02/16/2000,MCO,FL,ASO,ES,Towers with Radar,713,209,93,9,1024,3,0,15,0,18,716,209,108,9,1042,0,0,0,1042
02/17/2000,MCO,FL,ASO,ES,Towers with Radar,732,217,112,15,1076,3,0,2,0,5,735,217,114,15,1081,0,0,0,1081
02/18/2000,MCO,FL,ASO,ES,Towers with Radar,682,207,101,15,1005,0,5,34,1,40,682,212,135,16,1045,0,0,0,1045
02/19/2000,MCO,FL,ASO,ES,Towers with Radar,790,187,95,20,1092,2,0,2,1,5,792,187,97,21,1097,0,0,0,1097
02/20/2000,MCO,FL,ASO,ES,Towers with Radar,744,164,116,10,1034,2,0,2,1,5,746,164,118,11,1039,0,0,0,1039
02/21/2000,MCO,FL,ASO,ES,Towers with Radar,703,191,94,12,1000,11,2,36,1,50,714,193,130,13,1050,0,0,0,1050
02/22/2000,MCO,FL,ASO,ES,Towers with Radar,702,190,96,14,1002,2,0,23,1,26,704,190,119,15,1028,0,0,0,1028
02/23/2000,MCO,FL,ASO,ES,Towers with Radar,729,198,116,11,1054,3,0,10,1,14,732,198,126,12,1068,0,0,0,1068
02/24/2000,MCO,FL,ASO,ES,Towers with Radar,727,220,110,17,1074,2,0,2,1,5,729,220,112,18,1079,0,0,0,1079
02/25/2000,MCO,FL,ASO,ES,Towers with Radar,698,198,99,24,1019,2,0,2,1,5,700,198,101,25,1024,0,0,0,1024
02/26/2000,MCO,FL,ASO,ES,Towers with Radar,795,172,80,27,1074,2,0,2,1,5,797,172,82,28,1079,0,0,0,1079
02/27/2000,MCO,FL,ASO,ES,Towers with Radar,699,155,73,6,933,2,0,2,1,5,701,155,75,7,938,0,0,0,938
02/28/2000,MCO,FL,ASO,ES,Towers with Radar,713,202,106,12,1033,2,0,6,4,12,715,202,112,16,1045,0,0,0,1045
02/29/2000,MCO,FL,ASO,ES,Towers with Radar,743,206,104,8,1061,3,0,17,1,21,746,206,121,9,1082,0,0,0,1082
03/01/2000,MCO,FL,ASO,ES,Towers with Radar,703,192,93,12,1000,18,14,13,3,48,721,206,106,15,1048,0,0,0,1048
03/02/2000,MCO,FL,ASO,ES,Towers with Radar,720,198,103,23,1044,11,0,2,1,14,731,198,105,24,1058,0,0,0,1058
03/03/2000,MCO,FL,ASO,ES,Towers with Radar,699,200,103,16,1018,11,0,2,1,14,710,200,105,17,1032,0,0,0,1032
03/04/2000,MCO,FL,ASO,ES,Towers with Radar,788,167,67,9,1031,11,0,2,1,14,799,167,69,10,1045,0,0,0,1045
03/05/2000,MCO,FL,ASO,ES,Towers with Radar,719,164,104,15,1002,11,1,12,1,25,730,165,116,16,1027,0,0,0,1027
03/06/2000,MCO,FL,ASO,ES,Towers with Radar,699,193,117,17,1026,11,0,29,1,41,710,193,146,18,1067,0,0,0,1067
03/07/2000,MCO,FL,ASO,ES,Towers with Radar,739,209,110,16,1074,11,0,12,0,23,750,209,122,16,1097,0,0,0,1097
03/08/2000,MCO,FL,ASO,ES,Towers with Radar,740,191,110,4,1045,11,0,17,0,28,751,191,127,4,1073,0,0,0,1073
03/09/2000,MCO,FL,ASO,ES,Towers with Radar,593,162,78,10,843,117,38,22,7,184,710,200,100,17,1027,0,0,0,1027
03/10/2000,MCO,FL,ASO,ES,Towers with Radar,841,107,70,19,1037,11,0,2,0,13,852,107,72,19,1050,2,0,2,1052
03/11/2000,MCO,FL,ASO,ES,Towers with Radar,791,172,82,17,1062,11,0,2,0,13,802,172,84,17,1075,1,0,1,1076
03/12/2000,MCO,FL,ASO,ES,Towers with Radar,652,177,69,13,911,11,0,2,0,13,663,177,71,13,924,0,0,0,924
03/13/2000,MCO,FL,ASO,ES,Towers with Radar,728,197,117,13,1055,11,0,15,0,26,739,197,132,13,1081,0,0,0,1081
03/14/2000,MCO,FL,ASO,ES,Towers with Radar,662,201,95,14,972,11,0,10,0,21,673,201,105,14,993,0,0,0,993
03/15/2000,MCO,FL,ASO,ES,Towers with Radar,711,197,115,12,1035,12,0,6,0,18,723,197,121,12,1053,0,0,0,1053
03/16/2000,MCO,FL,ASO,ES,Towers with Radar,722,185,88,26,1021,12,0,2,0,14,734,185,90,26,1035,0,0,0,1035
03/17/2000,MCO,FL,ASO,ES,Towers with Radar,734,212,138,18,1102,12,0,2,0,14,746,212,140,18,1116,0,0,0,1116
03/18/2000,MCO,FL,ASO,ES,Towers with Radar,785,176,115,18,1094,12,0,2,0,14,797,176,117,18,1108,0,0,0,1108
03/19/2000,MCO,FL,ASO,ES,Towers with Radar,698,161,75,5,939,12,0,2,0,14,710,161,77,5,953,0,0,0,953
03/20/2000,MCO,FL,ASO,ES,Towers with Radar,714,203,77,6,1000,12,0,10,0,22,726,203,87,6,1022,0,0,0,1022
03/21/2000,MCO,FL,ASO,ES,Towers with Radar,736,198,101,10,1045,12,0,18,0,30,748,198,119,10,1075,0,0,0,1075
03/22/2000,MCO,FL,ASO,ES,Towers with Radar,728,209,113,8,1058,11,0,17,0,28,739,209,130,8,1086,0,0,0,1086
03/23/2000,MCO,FL,ASO,ES,Towers with Radar,747,203,100,9,1059,0,0,0,0,0,747,203,100,9,1059,0,0,0,1059
03/24/2000,MCO,FL,ASO,ES,Towers with Radar,603,173,85,16,877,0,0,0,0,0,603,173,85,16,877,15,1,16,893
03/25/2000,MCO,FL,ASO,ES,Towers with Radar,721,175,67,13,976,18,0,0,3,21,739,175,67,16,997,0,0,0,997
03/26/2000,MCO,FL,ASO,ES,Towers with Radar,696,160,92,6,954,0,0,2,0,2,696,160,94,6,956,0,0,0,956
03/27/2000,MCO,FL,ASO,ES,Towers with Radar,707,195,72,9,983,11,0,6,0,17,718,195,78,9,1000,0,0,0,1000
03/28/2000,MCO,FL,ASO,ES,Towers with Radar,735,204,111,1,1051,11,0,19,2,32,746,204,130,3,1083,0,0,0,1083
03/29/2000,MCO,FL,ASO,ES,Towers with Radar,729,215,92,10,1046,12,0,7,0,19,741,215,99,10,1065,0,0,0,1065
03/30/2000,MCO,FL,ASO,ES,Towers with Radar,719,202,70,6,997,11,0,2,0,13,730,202,72,6,1010,10,0,10,1020
03/31/2000,MCO,FL,ASO,ES,Towers with Radar,776,212,112,15,1115,0,0,0,1,1,776,212,112,16,1116,10,0,10,1126
04/01/2000,MCO,FL,ASO,ES,Towers with Radar,785,169,80,10,1044,26,0,0,0,26,811,169,80,10,1070,0,0,0,1070
04/02/2000,MCO,FL,ASO,ES,Towers with Radar,763,177,73,14,1027,0,0,0,0,0,763,177,73,14,1027,0,0,0,1027
04/03/2000,MCO,FL,ASO,ES,Towers with Radar,694,184,89,11,978,0,0,13,14,27,694,184,102,25,1005,0,0,0,1005
04/04/2000,MCO,FL,ASO,ES,Towers with Radar,753,223,67,7,1050,0,0,13,0,13,753,223,80,7,1063,0,0,0,1063
04/05/2000,MCO,FL,ASO,ES,Towers with Radar,683,174,91,12,960,0,0,21,6,27,683,174,112,18,987,0,0,0,987
04/06/2000,MCO,FL,ASO,ES,Towers with Radar,762,203,93,12,1070,0,0,24,0,24,762,203,117,12,1094,4,0,4,1098
04/07/2000,MCO,FL,ASO,ES,Towers with Radar,726,185,93,11,1015,0,0,30,0,30,726,185,123,11,1045,4,0,4,1049
04/08/2000,MCO,FL,ASO,ES,Towers with Radar,753,170,91,7,1021,81,0,7,0,88,834,170,98,7,1109,0,0,0,1109
04/09/2000,MCO,FL,ASO,ES,Towers with Radar,734,167,89,11,1001,0,0,27,0,27,734,167,116,11,1028,0,0,0,1028
04/10/2000,MCO,FL,ASO,ES,Towers with Radar,726,190,100,11,1027,0,0,18,0,18,726,190,118,11,1045,0,0,0,1045
04/11/2000,MCO,FL,ASO,ES,Towers with Radar,744,208,111,17,1080,0,0,25,1,26,744,208,136,18,1106,0,0,0,1106
04/12/2000,MCO,FL,ASO,ES,Towers with Radar,748,198,101,14,1061,0,0,12,0,12,748,198,113,14,1073,0,0,0,1073
04/13/2000,MCO,FL,ASO,ES,Towers with Radar,757,222,129,11,1119,0,0,0,0,0,757,222,129,11,1119,7,0,7,1126
04/14/2000,MCO,FL,ASO,ES,Towers with Radar,766,210,96,11,1083,0,0,0,0,0,766,210,96,11,1083,0,0,0,1083
04/15/2000,MCO,FL,ASO,ES,Towers with Radar,828,184,96,12,1120,0,0,3,0,3,828,184,99,12,1123,0,0,0,1123
04/16/2000,MCO,FL,ASO,ES,Towers with Radar,750,177,89,6,1022,0,0,0,0,0,750,177,89,6,1022,0,0,0,1022
04/17/2000,MCO,FL,ASO,ES,Towers with Radar,713,197,103,11,1024,0,0,11,0,11,713,197,114,11,1035,0,0,0,1035
04/18/2000,MCO,FL,ASO,ES,Towers with Radar,745,191,89,7,1032,0,0,28,0,28,745,191,117,7,1060,0,0,0,1060
04/19/2000,MCO,FL,ASO,ES,Towers with Radar,743,225,112,12,1092,1,0,23,0,24,744,225,135,12,1116,0,0,0,1116
04/20/2000,MCO,FL,ASO,ES,Towers with Radar,672,191,90,12,965,0,0,0,0,0,672,191,90,12,965,18,0,18,983
04/21/2000,MCO,FL,ASO,ES,Towers with Radar,720,196,77,12,1005,0,0,0,3,3,720,196,77,15,1008,13,0,13,1021
04/22/2000,MCO,FL,ASO,ES,Towers with Radar,836,166,69,13,1084,0,0,21,0,21,836,166,90,13,1105,0,0,0,1105
04/23/2000,MCO,FL,ASO,ES,Towers with Radar,736,175,80,9,1000,0,0,0,0,0,736,175,80,9,1000,0,0,0,1000
04/24/2000,MCO,FL,ASO,ES,Towers with Radar,694,191,101,12,998,0,0,12,0,12,694,191,113,12,1010,0,0,0,1010
04/25/2000,MCO,FL,ASO,ES,Towers with Radar,778,202,83,15,1078,0,0,8,0,8,778,202,91,15,1086,0,0,0,1086
04/26/2000,MCO,FL,ASO,ES,Towers with Radar,739,196,83,12,1030,2,0,35,1,38,741,196,118,13,1068,0,0,0,1068
04/27/2000,MCO,FL,ASO,ES,Towers with Radar,687,188,90,11,976,1,0,0,0,1,688,188,90,11,977,0,0,0,977
04/28/2000,MCO,FL,ASO,ES,Towers with Radar,745,205,96,13,1059,1,0,0,0,1,746,205,96,13,1060,0,0,0,1060
04/29/2000,MCO,FL,ASO,ES,Towers with Radar,807,176,73,18,1074,1,0,8,0,9,808,176,81,18,1083,0,0,0,1083
04/30/2000,MCO,FL,ASO,ES,Towers with Radar,739,167,99,8,1013,1,0,0,0,1,740,167,99,8,1014,0,0,0,1014
05/01/2000,MCO,FL,ASO,ES,Towers with Radar,697,184,90,14,985,26,0,9,0,35,723,184,99,14,1020,0,0,0,1020
05/02/2000,MCO,FL,ASO,ES,Towers with Radar,453,205,103,10,771,304,0,10,0,314,757,205,113,10,1085,0,0,0,1085
05/03/2000,MCO,FL,ASO,ES,Towers with Radar,440,189,100,12,741,303,0,10,0,313,743,189,110,12,1054,0,0,0,1054
05/04/2000,MCO,FL,ASO,ES,Towers with Radar,445,197,85,12,739,303,0,0,0,303,748,197,85,12,1042,7,0,7,1049
05/05/2000,MCO,FL,ASO,ES,Towers with Radar,434,198,110,23,765,303,0,0,0,303,737,198,110,23,1068,13,0,13,1081
05/06/2000,MCO,FL,ASO,ES,Towers with Radar,502,174,81,7,764,303,0,9,0,312,805,174,90,7,1076,0,0,0,1076
05/07/2000,MCO,FL,ASO,ES,Towers with Radar,408,161,78,10,657,303,0,0,0,303,711,161,78,10,960,0,0,0,960
05/08/2000,MCO,FL,ASO,ES,Towers with Radar,102,190,80,13,385,611,0,6,4,621,713,190,86,17,1006,0,0,0,1006
05/09/2000,MCO,FL,ASO,ES,Towers with Radar,423,213,94,11,741,301,0,10,0,311,724,213,104,11,1052,0,0,0,1052
05/10/2000,MCO,FL,ASO,ES,Towers with Radar,368,201,82,19,670,301,0,14,0,315,669,201,96,19,985,0,0,0,985
05/11/2000,MCO,FL,ASO,ES,Towers with Radar,393,189,99,19,700,301,0,1,0,302,694,189,100,19,1002,0,0,0,1002
05/12/2000,MCO,FL,ASO,ES,Towers with Radar,124,206,64,12,406,615,0,0,0,615,739,206,64,12,1021,7,0,7,1028
05/13/2000,MCO,FL,ASO,ES,Towers with Radar,473,167,69,20,729,301,0,8,0,309,774,167,77,20,1038,0,0,0,1038
05/14/2000,MCO,FL,ASO,ES,Towers with Radar,418,170,65,15,668,301,0,1,0,302,719,170,66,15,970,0,0,0,970
05/15/2000,MCO,FL,ASO,ES,Towers with Radar,398,168,81,17,664,301,0,13,0,314,699,168,94,17,978,0,0,0,978
05/16/2000,MCO,FL,ASO,ES,Towers with Radar,438,211,79,9,737,301,0,18,0,319,739,211,97,9,1056,0,0,0,1056
05/17/2000,MCO,FL,ASO,ES,Towers with Radar,408,195,86,7,696,301,0,7,0,308,709,195,93,7,1004,0,0,0,1004
05/18/2000,MCO,FL,ASO,ES,Towers with Radar,401,204,95,12,712,301,0,1,0,302,702,204,96,12,1014,0,0,0,1014
05/19/2000,MCO,FL,ASO,ES,Towers with Radar,403,192,64,17,676,301,0,1,0,302,704,192,65,17,978,0,0,0,978
05/20/2000,MCO,FL,ASO,ES,Towers with Radar,491,160,63,15,729,301,0,7,0,308,792,160,70,15,1037,0,0,0,1037
05/21/2000,MCO,FL,ASO,ES,Towers with Radar,400,156,63,8,627,301,0,7,0,308,701,156,70,8,935,0,0,0,935
05/22/2000,MCO,FL,ASO,ES,Towers with Radar,382,188,95,8,673,301,0,6,0,307,683,188,101,8,980,0,0,0,980
05/23/2000,MCO,FL,ASO,ES,Towers with Radar,428,187,91,11,717,301,0,5,0,306,729,187,96,11,1023,0,0,0,1023
05/24/2000,MCO,FL,ASO,ES,Towers with Radar,396,198,69,9,672,301,0,2,1,304,697,198,71,10,976,0,0,0,976
05/25/2000,MCO,FL,ASO,ES,Towers with Radar,447,197,90,11,745,301,0,1,0,302,748,197,91,11,1047,5,0,5,1052
05/26/2000,MCO,FL,ASO,ES,Towers with Radar,109,198,80,12,399,612,0,3,0,615,721,198,83,12,1014,10,0,10,1024
05/27/2000,MCO,FL,ASO,ES,Towers with Radar,417,155,56,9,637,301,0,1,0,302,718,155,57,9,939,0,0,0,939
05/28/2000,MCO,FL,ASO,ES,Towers with Radar,407,160,38,8,613,301,0,1,0,302,708,160,39,8,915,0,0,0,915
05/29/2000,MCO,FL,ASO,ES,Towers with Radar,400,174,52,20,646,301,0,8,0,309,701,174,60,20,955,0,0,0,955
05/30/2000,MCO,FL,ASO,ES,Towers with Radar,385,178,53,16,632,301,0,13,0,314,686,178,66,16,946,0,0,0,946
05/31/2000,MCO,FL,ASO,ES,Towers with Radar,408,207,72,16,703,301,0,11,1,313,709,207,83,17,1016,0,0,0,1016
06/01/2000,MCO,FL,ASO,ES,Towers with Radar,720,191,72,15,998,26,0,13,0,39,746,191,85,15,1037,0,0,0,1037
06/02/2000,MCO,FL,ASO,ES,Towers with Radar,79,100,35,10,224,235,0,0,1,236,314,100,35,11,460,4,0,4,464
06/03/2000,MCO,FL,ASO,ES,Towers with Radar,86,150,61,6,303,629,0,0,0,629,715,150,61,6,932,0,0,0,932
06/04/2000,MCO,FL,ASO,ES,Towers with Radar,406,149,34,11,600,258,0,0,0,258,664,149,34,11,858,0,0,0,858
06/05/2000,MCO,FL,ASO,ES,Towers with Radar,112,182,67,8,369,527,0,23,0,550,639,182,90,8,919,0,0,0,919
06/06/2000,MCO,FL,ASO,ES,Towers with Radar,392,183,55,4,634,258,0,6,0,264,650,183,61,4,898,0,0,0,898
06/07/2000,MCO,FL,ASO,ES,Towers with Radar,411,174,57,11,653,258,0,11,0,269,669,174,68,11,922,0,0,0,922
06/08/2000,MCO,FL,ASO,ES,Towers with Radar,479,199,69,10,757,258,0,0,0,258,737,199,69,10,1015,7,0,7,1022
06/09/2000,MCO,FL,ASO,ES,Towers with Radar,135,199,72,12,418,588,0,11,5,604,723,199,83,17,1022,4,0,4,1026
06/10/2000,MCO,FL,ASO,ES,Towers with Radar,534,163,43,8,748,257,0,0,0,257,791,163,43,8,1005,0,0,0,1005
06/11/2000,MCO,FL,ASO,ES,Towers with Radar,443,164,52,19,678,257,0,2,0,259,700,164,54,19,937,0,0,0,937
06/12/2000,MCO,FL,ASO,ES,Towers with Radar,432,189,78,12,711,257,0,2,0,259,689,189,80,12,970,0,0,0,970
06/13/2000,MCO,FL,ASO,ES,Towers with Radar,134,209,71,8,422,572,0,19,0,591,706,209,90,8,1013,0,0,0,1013
06/14/2000,MCO,FL,ASO,ES,Towers with Radar,426,187,105,10,728,257,0,6,0,263,683,187,111,10,991,0,0,0,991
06/15/2000,MCO,FL,ASO,ES,Towers with Radar,448,197,82,15,742,347,0,0,0,347,795,197,82,15,1089,13,0,13,1102
06/16/2000,MCO,FL,ASO,ES,Towers with Radar,442,195,69,14,720,257,0,8,0,265,699,195,77,14,985,4,0,4,989
06/17/2000,MCO,FL,ASO,ES,Towers with Radar,515,163,61,20,759,257,0,0,0,257,772,163,61,20,1016,0,0,0,1016
06/18/2000,MCO,FL,ASO,ES,Towers with Radar,463,150,60,7,680,257,0,2,0,259,720,150,62,7,939,0,0,0,939
06/19/2000,MCO,FL,ASO,ES,Towers with Radar,431,169,56,5,661,257,0,12,1,270,688,169,68,6,931,0,0,0,931
06/20/2000,MCO,FL,ASO,ES,Towers with Radar,488,202,69,15,774,257,0,10,0,267,745,202,79,15,1041,0,0,0,1041
06/21/2000,MCO,FL,ASO,ES,Towers with Radar,416,185,67,7,675,257,0,4,0,261,673,185,71,7,936,0,0,0,936
06/22/2000,MCO,FL,ASO,ES,Towers with Radar,471,199,76,10,756,257,0,0,0,257,728,199,76,10,1013,11,0,11,1024
06/23/2000,MCO,FL,ASO,ES,Towers with Radar,123,190,70,9,392,607,0,4,0,611,730,190,74,9,1003,13,0,13,1016
06/24/2000,MCO,FL,ASO,ES,Towers with Radar,558,164,54,13,789,257,0,0,0,257,815,164,54,13,1046,0,0,0,1046
06/25/2000,MCO,FL,ASO,ES,Towers with Radar,462,142,51,11,666,257,0,0,0,257,719,142,51,11,923,0,0,0,923
06/26/2000,MCO,FL,ASO,ES,Towers with Radar,423,189,78,15,705,256,0,4,0,260,679,189,82,15,965,0,0,0,965
06/27/2000,MCO,FL,ASO,ES,Towers with Radar,454,196,80,10,740,256,0,1,0,257,710,196,81,10,997,0,0,0,997
06/28/2000,MCO,FL,ASO,ES,Towers with Radar,488,192,84,16,780,256,0,1,0,257,744,192,85,16,1037,0,0,0,1037
06/29/2000,MCO,FL,ASO,ES,Towers with Radar,164,162,69,14,409,444,0,0,0,444,608,162,69,14,853,3,0,3,856
06/30/2000,MCO,FL,ASO,ES,Towers with Radar,173,204,70,14,461,597,0,0,4,601,770,204,70,18,1062,20,0,20,1082
07/01/2000,MCO,FL,ASO,ES,Towers with Radar,788,156,76,9,1029,0,1,0,0,1,788,157,76,9,1030,0,0,0,1030
07/02/2000,MCO,FL,ASO,ES,Towers with Radar,738,137,54,10,939,0,1,0,0,1,738,138,54,10,940,0,0,0,940
07/03/2000,MCO,FL,ASO,ES,Towers with Radar,690,148,47,12,897,0,1,13,0,14,690,149,60,12,911,0,0,0,911
07/04/2000,MCO,FL,ASO,ES,Towers with Radar,678,164,46,7,895,0,1,3,0,4,678,165,49,7,899,0,0,0,899
07/05/2000,MCO,FL,ASO,ES,Towers with Radar,689,181,59,13,942,0,1,9,0,10,689,182,68,13,952,0,0,0,952
07/06/2000,MCO,FL,ASO,ES,Towers with Radar,750,202,41,12,1005,0,1,0,0,1,750,203,41,12,1006,6,0,6,1012
07/07/2000,MCO,FL,ASO,ES,Towers with Radar,719,173,52,12,956,0,1,0,0,1,719,174,52,12,957,6,0,6,963
07/08/2000,MCO,FL,ASO,ES,Towers with Radar,832,164,75,19,1090,0,1,0,0,1,832,165,75,19,1091,0,0,0,1091
07/09/2000,MCO,FL,ASO,ES,Towers with Radar,732,152,49,8,941,0,1,6,0,7,732,153,55,8,948,0,0,0,948
07/10/2000,MCO,FL,ASO,ES,Towers with Radar,699,188,52,6,945,0,1,6,0,7,699,189,58,6,952,0,0,0,952
07/11/2000,MCO,FL,ASO,ES,Towers with Radar,746,191,68,7,1012,0,1,14,0,15,746,192,82,7,1027,0,0,0,1027
07/12/2000,MCO,FL,ASO,ES,Towers with Radar,739,190,61,11,1001,0,3,12,0,15,739,193,73,11,1016,0,0,0,1016
07/13/2000,MCO,FL,ASO,ES,Towers with Radar,671,195,70,10,946,0,1,0,0,1,671,196,70,10,947,0,0,0,947
07/14/2000,MCO,FL,ASO,ES,Towers with Radar,685,191,70,13,959,0,1,0,0,1,685,192,70,13,960,6,0,6,966
07/15/2000,MCO,FL,ASO,ES,Towers with Radar,807,164,57,10,1038,0,1,3,0,4,807,165,60,10,1042,0,0,0,1042
07/16/2000,MCO,FL,ASO,ES,Towers with Radar,723,155,69,13,960,0,1,0,0,1,723,156,69,13,961,0,0,0,961
07/17/2000,MCO,FL,ASO,ES,Towers with Radar,712,187,76,9,984,0,1,8,0,9,712,188,84,9,993,0,0,0,993
07/18/2000,MCO,FL,ASO,ES,Towers with Radar,730,191,82,22,1025,0,1,14,0,15,730,192,96,22,1040,0,0,0,1040
07/19/2000,MCO,FL,ASO,ES,Towers with Radar,717,186,85,15,1003,0,7,9,0,16,717,193,94,15,1019,0,0,0,1019
07/20/2000,MCO,FL,ASO,ES,Towers with Radar,744,193,70,4,1011,0,1,0,0,1,744,194,70,4,1012,0,0,0,1012
07/21/2000,MCO,FL,ASO,ES,Towers with Radar,782,202,68,14,1066,0,1,0,0,1,782,203,68,14,1067,2,0,2,1069
07/22/2000,MCO,FL,ASO,ES,Towers with Radar,726,156,63,11,956,66,0,34,7,107,792,156,97,18,1063,16,0,16,1079
07/23/2000,MCO,FL,ASO,ES,Towers with Radar,734,158,43,11,946,0,1,2,0,3,734,159,45,11,949,0,0,0,949
07/24/2000,MCO,FL,ASO,ES,Towers with Radar,704,179,93,16,992,0,0,4,0,4,704,179,97,16,996,0,0,0,996
07/25/2000,MCO,FL,ASO,ES,Towers with Radar,747,199,79,10,1035,0,0,7,0,7,747,199,86,10,1042,0,0,0,1042
07/26/2000,MCO,FL,ASO,ES,Towers with Radar,694,173,52,14,933,0,0,5,0,5,694,173,57,14,938,0,0,0,938
07/27/2000,MCO,FL,ASO,ES,Towers with Radar,762,216,66,18,1062,0,0,0,0,0,762,216,66,18,1062,8,0,8,1070
07/28/2000,MCO,FL,ASO,ES,Towers with Radar,733,197,67,14,1011,0,0,0,0,0,733,197,67,14,1011,10,0,10,1021
07/29/2000,MCO,FL,ASO,ES,Towers with Radar,799,167,47,24,1037,0,0,0,0,0,799,167,47,24,1037,0,0,0,1037
07/30/2000,MCO,FL,ASO,ES,Towers with Radar,729,157,50,9,945,0,1,3,0,4,729,158,53,9,949,0,0,0,949
07/31/2000,MCO,FL,ASO,ES,Towers with Radar,706,193,70,6,975,0,0,7,2,9,706,193,77,8,984,0,0,0,984
08/01/2000,MCO,FL,ASO,ES,Towers with Radar,759,215,56,5,1035,0,1,6,0,7,759,216,62,5,1042,0,0,0,1042
08/02/2000,MCO,FL,ASO,ES,Towers with Radar,654,176,65,13,908,0,1,6,2,9,654,177,71,15,917,0,0,0,917
08/03/2000,MCO,FL,ASO,ES,Towers with Radar,709,197,54,11,971,0,1,3,0,4,709,198,57,11,975,0,0,0,975
08/04/2000,MCO,FL,ASO,ES,Towers with Radar,759,199,70,13,1041,0,0,8,2,10,759,199,78,15,1051,4,0,4,1055
08/05/2000,MCO,FL,ASO,ES,Towers with Radar,825,154,54,9,1042,0,0,6,0,6,825,154,60,9,1048,0,0,0,1048
08/06/2000,MCO,FL,ASO,ES,Towers with Radar,653,155,46,10,864,65,0,0,1,66,718,155,46,11,930,0,0,0,930
08/07/2000,MCO,FL,ASO,ES,Towers with Radar,731,184,69,14,998,0,0,11,2,13,731,184,80,16,1011,0,0,0,1011
08/08/2000,MCO,FL,ASO,ES,Towers with Radar,742,197,57,15,1011,0,0,9,4,13,742,197,66,19,1024,0,0,0,1024
08/09/2000,MCO,FL,ASO,ES,Towers with Radar,720,210,95,11,1036,0,1,16,2,19,720,211,111,13,1055,0,0,0,1055
08/10/2000,MCO,FL,ASO,ES,Towers with Radar,751,194,80,14,1039,0,0,1,0,1,751,194,81,14,1040,9,0,9,1049
08/11/2000,MCO,FL,ASO,ES,Towers with Radar,729,188,65,11,993,0,0,1,0,1,729,188,66,11,994,10,0,10,1004
08/12/2000,MCO,FL,ASO,ES,Towers with Radar,802,168,48,11,1029,0,0,6,0,6,802,168,54,11,1035,0,0,0,1035
08/13/2000,MCO,FL,ASO,ES,Towers with Radar,744,156,52,15,967,0,0,4,0,4,744,156,56,15,971,0,0,0,971
08/14/2000,MCO,FL,ASO,ES,Towers with Radar,725,189,68,9,991,0,0,6,2,8,725,189,74,11,999,0,0,0,999
08/15/2000,MCO,FL,ASO,ES,Towers with Radar,733,202,78,5,1018,0,0,14,0,14,733,202,92,5,1032,0,0,0,1032
08/16/2000,MCO,FL,ASO,ES,Towers with Radar,742,184,86,17,1029,0,0,5,0,5,742,184,91,17,1034,0,0,0,1034
08/17/2000,MCO,FL,ASO,ES,Towers with Radar,746,219,79,13,1057,0,0,0,0,0,746,219,79,13,1057,0,0,0,1057
08/18/2000,MCO,FL,ASO,ES,Towers with Radar,748,192,65,12,1017,0,4,2,1,7,748,196,67,13,1024,8,0,8,1032
08/19/2000,MCO,FL,ASO,ES,Towers with Radar,807,169,56,8,1040,0,0,3,0,3,807,169,59,8,1043,0,0,0,1043
08/20/2000,MCO,FL,ASO,ES,Towers with Radar,738,155,60,9,962,0,0,6,0,6,738,155,66,9,968,0,0,0,968
08/21/2000,MCO,FL,ASO,ES,Towers with Radar,720,182,47,16,965,0,0,10,0,10,720,182,57,16,975,0,0,0,975
08/22/2000,MCO,FL,ASO,ES,Towers with Radar,728,189,60,11,988,0,0,5,0,5,728,189,65,11,993,0,0,0,993
08/23/2000,MCO,FL,ASO,ES,Towers with Radar,718,196,59,9,982,0,0,17,0,17,718,196,76,9,999,0,0,0,999
08/24/2000,MCO,FL,ASO,ES,Towers with Radar,757,203,65,18,1043,0,0,0,0,0,757,203,65,18,1043,8,0,8,1051
08/25/2000,MCO,FL,ASO,ES,Towers with Radar,696,180,42,14,932,0,0,0,0,0,696,180,42,14,932,3,0,3,935
08/26/2000,MCO,FL,ASO,ES,Towers with Radar,854,160,46,20,1080,0,0,0,0,0,854,160,46,20,1080,0,0,0,1080
08/27/2000,MCO,FL,ASO,ES,Towers with Radar,722,153,31,5,911,0,0,0,0,0,722,153,31,5,911,0,0,0,911
08/28/2000,MCO,FL,ASO,ES,Towers with Radar,723,189,57,15,984,1,0,12,0,13,724,189,69,15,997,0,0,0,997
08/29/2000,MCO,FL,ASO,ES,Towers with Radar,743,182,80,14,1019,0,0,6,0,6,743,182,86,14,1025,0,0,0,1025
08/30/2000,MCO,FL,ASO,ES,Towers with Radar,739,187,72,9,1007,0,0,15,0,15,739,187,87,9,1022,0,0,0,1022
08/31/2000,MCO,FL,ASO,ES,Towers with Radar,754,185,70,11,1020,0,0,0,0,0,754,185,70,11,1020,0,0,0,1020
09/01/2000,MCO,FL,ASO,ES,Towers with Radar,679,181,56,16,932,0,0,1,0,1,679,181,57,16,933,0,0,0,933
09/02/2000,MCO,FL,ASO,ES,Towers with Radar,770,161,49,7,987,0,0,1,0,1,770,161,50,7,988,0,0,0,988
09/03/2000,MCO,FL,ASO,ES,Towers with Radar,688,152,38,8,886,0,0,1,0,1,688,152,39,8,887,0,0,0,887
09/04/2000,MCO,FL,ASO,ES,Towers with Radar,677,173,60,11,921,0,1,3,0,4,677,174,63,11,925,0,0,0,925
09/05/2000,MCO,FL,ASO,ES,Towers with Radar,691,179,49,8,927,0,2,7,0,9,691,181,56,8,936,0,0,0,936
09/06/2000,MCO,FL,ASO,ES,Towers with Radar,699,200,70,17,986,0,0,4,0,4,699,200,74,17,990,0,0,0,990
09/07/2000,MCO,FL,ASO,ES,Towers with Radar,736,202,62,16,1016,1,0,1,0,2,737,202,63,16,1018,7,0,7,1025
09/08/2000,MCO,FL,ASO,ES,Towers with Radar,673,195,73,19,960,1,0,1,0,2,674,195,74,19,962,0,0,0,962
09/09/2000,MCO,FL,ASO,ES,Towers with Radar,756,154,43,18,971,1,0,3,0,4,757,154,46,18,975,0,0,0,975
09/10/2000,MCO,FL,ASO,ES,Towers with Radar,694,153,50,17,914,1,0,1,0,2,695,153,51,17,916,0,0,0,916
09/11/2000,MCO,FL,ASO,ES,Towers with Radar,655,174,63,11,903,0,16,29,6,51,655,190,92,17,954,0,0,0,954
09/12/2000,MCO,FL,ASO,ES,Towers with Radar,702,216,74,10,1002,1,1,16,0,18,703,217,90,10,1020,0,0,0,1020
09/13/2000,MCO,FL,ASO,ES,Towers with Radar,701,193,83,12,989,1,1,12,0,14,702,194,95,12,1003,0,0,0,1003
09/14/2000,MCO,FL,ASO,ES,Towers with Radar,718,202,73,12,1005,1,0,1,0,2,719,202,74,12,1007,20,0,20,1027
09/15/2000,MCO,FL,ASO,ES,Towers with Radar,624,186,80,20,910,1,0,1,0,2,625,186,81,20,912,0,0,0,912
09/16/2000,MCO,FL,ASO,ES,Towers with Radar,745,164,69,17,995,1,0,3,1,5,746,164,72,18,1000,0,0,0,1000
09/17/2000,MCO,FL,ASO,ES,Towers with Radar,634,95,25,3,757,1,0,0,0,1,635,95,25,3,758,0,0,0,758
09/18/2000,MCO,FL,ASO,ES,Towers with Radar,662,195,47,13,917,1,0,6,1,8,663,195,53,14,925,0,0,0,925
09/19/2000,MCO,FL,ASO,ES,Towers with Radar,673,218,69,7,967,1,0,3,0,4,674,218,72,7,971,0,0,0,971
09/20/2000,MCO,FL,ASO,ES,Towers with Radar,697,197,85,9,988,1,3,7,0,11,698,200,92,9,999,0,0,0,999
09/21/2000,MCO,FL,ASO,ES,Towers with Radar,710,204,107,19,1040,1,0,0,0,1,711,204,107,19,1041,8,0,8,1049
09/22/2000,MCO,FL,ASO,ES,Towers with Radar,688,189,72,8,957,0,0,0,0,0,688,189,72,8,957,6,0,6,963
09/23/2000,MCO,FL,ASO,ES,Towers with Radar,758,156,86,5,1005,0,2,3,0,5,758,158,89,5,1010,0,0,0,1010
09/24/2000,MCO,FL,ASO,ES,Towers with Radar,666,147,60,9,882,0,0,6,0,6,666,147,66,9,888,0,0,0,888
09/25/2000,MCO,FL,ASO,ES,Towers with Radar,685,180,68,9,942,0,1,6,0,7,685,181,74,9,949,0,0,0,949
09/26/2000,MCO,FL,ASO,ES,Towers with Radar,688,205,74,7,974,0,0,0,0,0,688,205,74,7,974,0,0,0,974
09/27/2000,MCO,FL,ASO,ES,Towers with Radar,684,197,105,10,996,0,1,11,0,12,684,198,116,10,1008,0,0,0,1008
09/28/2000,MCO,FL,ASO,ES,Towers with Radar,730,198,98,9,1035,0,0,0,0,0,730,198,98,9,1035,8,0,8,1043
09/29/2000,MCO,FL,ASO,ES,Towers with Radar,699,201,71,10,981,0,0,0,0,0,699,201,71,10,981,27,0,27,1008
09/30/2000,MCO,FL,ASO,ES,Towers with Radar,752,142,52,11,957,1,1,7,0,9,753,143,59,11,966,0,0,0,966
10/01/2000,MCO,FL,ASO,ES,Towers with Radar,678,152,34,7,871,24,0,4,0,28,702,152,38,7,899,0,0,0,899
10/02/2000,MCO,FL,ASO,ES,Towers with Radar,438,198,58,8,702,251,0,17,0,268,689,198,75,8,970,0,0,0,970
10/03/2000,MCO,FL,ASO,ES,Towers with Radar,473,185,76,16,750,251,0,8,0,259,724,185,84,16,1009,0,0,0,1009
10/04/2000,MCO,FL,ASO,ES,Towers with Radar,474,227,70,5,776,251,0,3,0,254,725,227,73,5,1030,0,0,0,1030
10/05/2000,MCO,FL,ASO,ES,Towers with Radar,496,210,61,14,781,252,0,6,0,258,748,210,67,14,1039,0,0,0,1039
10/06/2000,MCO,FL,ASO,ES,Towers with Radar,486,189,111,18,804,251,0,1,0,252,737,189,112,18,1056,0,0,0,1056
10/07/2000,MCO,FL,ASO,ES,Towers with Radar,535,168,50,8,761,251,0,1,0,252,786,168,51,8,1013,0,0,0,1013
10/08/2000,MCO,FL,ASO,ES,Towers with Radar,96,158,62,8,324,570,0,0,0,570,666,158,62,8,894,0,0,0,894
10/09/2000,MCO,FL,ASO,ES,Towers with Radar,82,179,60,5,326,588,0,11,0,599,670,179,71,5,925,0,0,0,925
10/10/2000,MCO,FL,ASO,ES,Towers with Radar,392,191,61,13,657,252,0,17,0,269,644,191,78,13,926,0,0,0,926
10/11/2000,MCO,FL,ASO,ES,Towers with Radar,408,195,62,26,691,251,0,23,0,274,659,195,85,26,965,0,0,0,965
10/12/2000,MCO,FL,ASO,ES,Towers with Radar,430,188,75,13,706,251,0,1,0,252,681,188,76,13,958,24,0,24,982
10/13/2000,MCO,FL,ASO,ES,Towers with Radar,173,207,76,13,469,572,0,49,12,633,745,207,125,25,1102,0,0,0,1102
10/14/2000,MCO,FL,ASO,ES,Towers with Radar,531,153,67,12,763,251,0,1,0,252,782,153,68,12,1015,0,0,0,1015
10/15/2000,MCO,FL,ASO,ES,Towers with Radar,91,164,61,10,326,559,0,10,5,574,650,164,71,15,900,0,0,0,900
10/16/2000,MCO,FL,ASO,ES,Towers with Radar,102,186,63,2,353,581,0,10,0,591,683,186,73,2,944,0,0,0,944
10/17/2000,MCO,FL,ASO,ES,Towers with Radar,403,181,63,10,657,251,0,12,0,263,654,181,75,10,920,0,0,0,920
10/18/2000,MCO,FL,ASO,ES,Towers with Radar,401,186,73,13,673,251,0,17,0,268,652,186,90,13,941,0,0,0,941
10/19/2000,MCO,FL,ASO,ES,Towers with Radar,417,186,84,10,697,251,0,1,0,252,668,186,85,10,949,10,0,10,959
10/20/2000,MCO,FL,ASO,ES,Towers with Radar,492,217,81,7,797,250,0,2,0,252,742,217,83,7,1049,22,0,22,1071
10/21/2000,MCO,FL,ASO,ES,Towers with Radar,541,163,53,14,771,250,0,2,0,252,791,163,55,14,1023,0,0,0,1023
10/22/2000,MCO,FL,ASO,ES,Towers with Radar,468,167,75,14,724,250,0,2,0,252,718,167,77,14,976,5,0,5,981
10/23/2000,MCO,FL,ASO,ES,Towers with Radar,459,190,50,18,717,250,0,12,0,262,709,190,62,18,979,0,0,0,979
10/24/2000,MCO,FL,ASO,ES,Towers with Radar,399,185,96,6,686,250,0,19,0,269,649,185,115,6,955,0,0,0,955
10/25/2000,MCO,FL,ASO,ES,Towers with Radar,166,185,74,9,434,493,0,31,0,524,659,185,105,9,958,0,0,0,958
10/26/2000,MCO,FL,ASO,ES,Towers with Radar,194,180,70,13,457,492,0,0,2,494,686,180,70,15,951,22,0,22,973
10/27/2000,MCO,FL,ASO,ES,Towers with Radar,492,196,97,15,800,249,0,2,0,251,741,196,99,15,1051,0,0,0,1051
10/28/2000,MCO,FL,ASO,ES,Towers with Radar,543,161,70,6,780,249,0,2,0,251,792,161,72,6,1031,0,0,0,1031
10/29/2000,MCO,FL,ASO,ES,Towers with Radar,479,158,76,10,723,249,0,8,0,257,728,158,84,10,980,0,0,0,980
10/30/2000,MCO,FL,ASO,ES,Towers with Radar,470,179,77,4,730,249,0,7,0,256,719,179,84,4,986,0,0,0,986
10/31/2000,MCO,FL,ASO,ES,Towers with Radar,142,188,69,12,411,499,0,4,2,505,641,188,73,14,916,0,0,0,916
11/01/2000,MCO,FL,ASO,ES,Towers with Radar,669,167,77,7,920,0,0,7,0,7,669,167,84,7,927,7,0,7,934
11/02/2000,MCO,FL,ASO,ES,Towers with Radar,680,194,79,7,960,0,0,15,0,15,680,194,94,7,975,11,0,11,986
11/03/2000,MCO,FL,ASO,ES,Towers with Radar,663,183,82,18,946,8,0,0,0,8,671,183,82,18,954,14,0,14,968
11/04/2000,MCO,FL,ASO,ES,Towers with Radar,777,165,55,9,1006,8,0,0,0,8,785,165,55,9,1014,0,0,0,1014
11/05/2000,MCO,FL,ASO,ES,Towers with Radar,705,168,73,17,963,8,0,7,2,17,713,168,80,19,980,0,0,0,980
11/06/2000,MCO,FL,ASO,ES,Towers with Radar,691,186,80,9,966,9,0,4,0,13,700,186,84,9,979,0,0,0,979
11/07/2000,MCO,FL,ASO,ES,Towers with Radar,647,198,74,13,932,0,0,2,0,2,647,198,76,13,934,0,0,0,934
11/08/2000,MCO,FL,ASO,ES,Towers with Radar,638,187,64,9,898,9,0,20,0,29,647,187,84,9,927,0,0,0,927
11/09/2000,MCO,FL,ASO,ES,Towers with Radar,664,178,79,16,937,0,0,36,1,37,664,178,115,17,974,7,0,7,981
11/10/2000,MCO,FL,ASO,ES,Towers with Radar,726,204,78,10,1018,9,0,0,0,9,735,204,78,10,1027,9,0,9,1036
11/11/2000,MCO,FL,ASO,ES,Towers with Radar,751,167,47,15,980,9,0,0,0,9,760,167,47,15,989,0,0,0,989
11/12/2000,MCO,FL,ASO,ES,Towers with Radar,644,203,69,11,927,163,0,4,0,167,807,203,73,11,1094,0,0,0,1094
11/13/2000,MCO,FL,ASO,ES,Towers with Radar,670,188,71,9,938,9,0,8,0,17,679,188,79,9,955,0,0,0,955
11/14/2000,MCO,FL,ASO,ES,Towers with Radar,614,231,78,13,936,0,11,8,0,19,614,242,86,13,955,0,0,0,955
11/15/2000,MCO,FL,ASO,ES,Towers with Radar,681,231,80,14,1006,0,32,20,0,52,681,263,100,14,1058,6,0,6,1064
11/16/2000,MCO,FL,ASO,ES,Towers with Radar,613,223,72,15,923,0,15,0,8,23,613,238,72,23,946,10,0,10,956
11/17/2000,MCO,FL,ASO,ES,Towers with Radar,667,262,93,26,1048,8,0,0,0,8,675,262,93,26,1056,16,0,16,1072
11/18/2000,MCO,FL,ASO,ES,Towers with Radar,725,224,80,20,1049,8,0,0,0,8,733,224,80,20,1057,0,0,0,1057
11/19/2000,MCO,FL,ASO,ES,Towers with Radar,647,235,59,13,954,7,0,0,0,7,654,235,59,13,961,0,0,0,961
11/20/2000,MCO,FL,ASO,ES,Towers with Radar,658,245,78,16,997,7,0,1,0,8,665,245,79,16,1005,0,0,0,1005
11/21/2000,MCO,FL,ASO,ES,Towers with Radar,670,251,62,11,994,7,3,9,2,21,677,254,71,13,1015,0,0,0,1015
11/22/2000,MCO,FL,ASO,ES,Towers with Radar,687,270,78,14,1049,7,0,10,0,17,694,270,88,14,1066,0,0,0,1066
11/23/2000,MCO,FL,ASO,ES,Towers with Radar,623,231,28,6,888,7,0,3,0,10,630,231,31,6,898,0,0,0,898
11/24/2000,MCO,FL,ASO,ES,Towers with Radar,558,176,35,9,778,35,30,0,0,65,593,206,35,9,843,0,0,0,843
11/25/2000,MCO,FL,ASO,ES,Towers with Radar,682,211,38,15,946,7,0,0,0,7,689,211,38,15,953,0,0,0,953
11/26/2000,MCO,FL,ASO,ES,Towers with Radar,669,211,50,5,935,51,9,0,0,60,720,220,50,5,995,0,0,0,995
11/27/2000,MCO,FL,ASO,ES,Towers with Radar,656,182,73,14,925,0,0,27,6,33,656,182,100,20,958,0,0,0,958
11/28/2000,MCO,FL,ASO,ES,Towers with Radar,660,180,58,18,916,8,0,10,0,18,668,180,68,18,934,0,0,0,934
11/29/2000,MCO,FL,ASO,ES,Towers with Radar,731,209,87,18,1045,7,0,21,0,28,738,209,108,18,1073,0,0,0,1073
11/30/2000,MCO,FL,ASO,ES,Towers with Radar,736,204,76,9,1025,7,0,0,80,87,743,204,76,89,1112,24,0,24,1136
12/01/2000,MCO,FL,ASO,ES,Towers with Radar,701,202,80,22,1005,23,0,2,0,25,724,202,82,22,1030,15,0,15,1045
12/02/2000,MCO,FL,ASO,ES,Towers with Radar,479,157,43,32,711,289,0,8,0,297,768,157,51,32,1008,0,0,0,1008
12/03/2000,MCO,FL,ASO,ES,Towers with Radar,414,156,47,9,626,289,0,2,0,291,703,156,49,9,917,0,0,0,917
12/04/2000,MCO,FL,ASO,ES,Towers with Radar,415,180,78,15,688,289,0,12,0,301,704,180,90,15,989,0,0,0,989
12/05/2000,MCO,FL,ASO,ES,Towers with Radar,435,194,76,14,719,290,0,20,1,311,725,194,96,15,1030,0,0,0,1030
12/06/2000,MCO,FL,ASO,ES,Towers with Radar,449,184,91,13,737,289,0,14,0,303,738,184,105,13,1040,0,0,0,1040
12/07/2000,MCO,FL,ASO,ES,Towers with Radar,490,192,75,13,770,289,0,2,0,291,779,192,77,13,1061,26,0,26,1087
12/08/2000,MCO,FL,ASO,ES,Towers with Radar,452,188,68,13,721,289,0,2,0,291,741,188,70,13,1012,11,0,11,1023
12/09/2000,MCO,FL,ASO,ES,Towers with Radar,488,144,60,12,704,290,0,8,0,298,778,144,68,12,1002,0,0,0,1002
12/10/2000,MCO,FL,ASO,ES,Towers with Radar,81,163,52,11,307,647,0,0,0,647,728,163,52,11,954,0,0,0,954
12/11/2000,MCO,FL,ASO,ES,Towers with Radar,371,179,88,13,651,289,0,2,0,291,660,179,90,13,942,0,0,0,942
12/12/2000,MCO,FL,ASO,ES,Towers with Radar,420,189,80,12,701,289,0,3,0,292,709,189,83,12,993,0,0,0,993
12/13/2000,MCO,FL,ASO,ES,Towers with Radar,412,192,66,14,684,288,0,7,0,295,700,192,73,14,979,0,0,0,979
12/14/2000,MCO,FL,ASO,ES,Towers with Radar,451,200,76,24,751,288,0,13,0,301,739,200,89,24,1052,0,0,0,1052
12/15/2000,MCO,FL,ASO,ES,Towers with Radar,123,166,49,14,352,548,0,0,3,551,671,166,49,17,903,0,0,0,903
12/16/2000,MCO,FL,ASO,ES,Towers with Radar,509,148,42,15,714,288,0,8,0,296,797,148,50,15,1010,0,0,0,1010
12/17/2000,MCO,FL,ASO,ES,Towers with Radar,429,156,44,13,642,288,0,2,0,290,717,156,46,13,932,0,0,0,932
12/18/2000,MCO,FL,ASO,ES,Towers with Radar,410,174,60,13,657,288,0,22,0,310,698,174,82,13,967,0,0,0,967
12/19/2000,MCO,FL,ASO,ES,Towers with Radar,453,189,67,10,719,288,0,9,0,297,741,189,76,10,1016,0,0,0,1016
12/20/2000,MCO,FL,ASO,ES,Towers with Radar,474,185,69,15,743,288,0,11,0,299,762,185,80,15,1042,0,0,0,1042
12/21/2000,MCO,FL,ASO,ES,Towers with Radar,469,189,56,16,730,288,0,6,0,294,757,189,62,16,1024,0,0,0,1024
12/22/2000,MCO,FL,ASO,ES,Towers with Radar,521,194,64,14,793,288,0,2,0,290,809,194,66,14,1083,21,0,21,1104
12/23/2000,MCO,FL,ASO,ES,Towers with Radar,556,164,43,19,782,288,0,20,0,308,844,164,63,19,1090,0,0,0,1090
12/24/2000,MCO,FL,ASO,ES,Towers with Radar,26,145,34,10,215,680,0,0,5,685,706,145,34,15,900,0,0,0,900
12/25/2000,MCO,FL,ASO,ES,Towers with Radar,338,148,18,10,514,288,0,6,0,294,626,148,24,10,808,0,0,0,808
12/26/2000,MCO,FL,ASO,ES,Towers with Radar,405,171,65,7,648,288,0,16,0,304,693,171,81,7,952,0,0,0,952
12/27/2000,MCO,FL,ASO,ES,Towers with Radar,473,178,59,13,723,288,0,5,0,293,761,178,64,13,1016,0,0,0,1016
12/28/2000,MCO,FL,ASO,ES,Towers with Radar,476,187,43,9,715,288,0,2,0,290,764,187,45,9,1005,1,0,1,1006
12/29/2000,MCO,FL,ASO,ES,Towers with Radar,469,173,86,12,740,288,0,2,0,290,757,173,88,12,1030,0,0,0,1030
12/30/2000,MCO,FL,ASO,ES,Towers with Radar,77,147,53,13,290,605,0,4,0,609,682,147,57,13,899,0,0,0,899
12/31/2000,MCO,FL,ASO,ES,Towers with Radar,364,152,33,14,563,287,0,3,0,290,651,152,36,14,853,0,0,0,853
01/01/2001,MCO,FL,ASO,ES,Towers with Radar,616,172,53,5,846,20,5,0,0,25,636,177,53,5,871,0,0,0,871
01/02/2001,MCO,FL,ASO,ES,Towers with Radar,426,174,88,14,702,312,0,0,0,312,738,174,88,14,1014,0,0,0,1014
01/03/2001,MCO,FL,ASO,ES,Towers with Radar,471,191,96,22,780,312,0,0,0,312,783,191,96,22,1092,0,0,0,1092
01/04/2001,MCO,FL,ASO,ES,Towers with Radar,467,192,69,15,743,312,1,0,0,313,779,193,69,15,1056,0,0,0,1056
01/05/2001,MCO,FL,ASO,ES,Towers with Radar,66,163,58,13,300,590,15,0,4,609,656,178,58,17,909,0,0,0,909
01/06/2001,MCO,FL,ASO,ES,Towers with Radar,498,151,99,5,753,311,0,0,0,311,809,151,99,5,1064,0,0,0,1064
01/07/2001,MCO,FL,ASO,ES,Towers with Radar,422,154,48,16,640,311,0,0,0,311,733,154,48,16,951,0,0,0,951
01/08/2001,MCO,FL,ASO,ES,Towers with Radar,389,175,101,20,685,311,2,0,0,313,700,177,101,20,998,0,0,0,998
01/09/2001,MCO,FL,ASO,ES,Towers with Radar,430,183,89,14,716,311,2,0,0,313,741,185,89,14,1029,0,0,0,1029
01/10/2001,MCO,FL,ASO,ES,Towers with Radar,419,173,78,11,681,311,1,0,0,312,730,174,78,11,993,0,0,0,993
01/11/2001,MCO,FL,ASO,ES,Towers with Radar,440,193,75,29,737,311,0,0,0,311,751,193,75,29,1048,0,0,0,1048
01/12/2001,MCO,FL,ASO,ES,Towers with Radar,457,181,90,12,740,311,0,0,0,311,768,181,90,12,1051,0,0,0,1051
01/13/2001,MCO,FL,ASO,ES,Towers with Radar,474,154,76,22,726,311,0,0,0,311,785,154,76,22,1037,0,0,0,1037
01/14/2001,MCO,FL,ASO,ES,Towers with Radar,417,153,50,11,631,311,0,0,0,311,728,153,50,11,942,0,0,0,942
01/15/2001,MCO,FL,ASO,ES,Towers with Radar,392,159,68,18,637,311,1,0,0,312,703,160,68,18,949,0,0,0,949
01/16/2001,MCO,FL,ASO,ES,Towers with Radar,434,182,67,12,695,311,2,0,0,313,745,184,67,12,1008,0,0,0,1008
01/17/2001,MCO,FL,ASO,ES,Towers with Radar,434,175,91,8,708,311,0,0,1,312,745,175,91,9,1020,0,0,0,1020
01/18/2001,MCO,FL,ASO,ES,Towers with Radar,414,212,66,16,708,310,0,0,0,310,724,212,66,16,1018,7,0,7,1025
01/19/2001,MCO,FL,ASO,ES,Towers with Radar,409,177,72,18,676,310,0,0,0,310,719,177,72,18,986,0,0,0,986
01/20/2001,MCO,FL,ASO,ES,Towers with Radar,84,162,60,12,318,692,0,0,0,692,776,162,60,12,1010,0,0,0,1010
01/21/2001,MCO,FL,ASO,ES,Towers with Radar,383,160,54,7,604,310,0,0,0,310,693,160,54,7,914,0,0,0,914
01/22/2001,MCO,FL,ASO,ES,Towers with Radar,403,178,94,24,699,310,2,0,0,312,713,180,94,24,1011,0,0,0,1011
01/23/2001,MCO,FL,ASO,ES,Towers with Radar,447,193,61,12,713,310,2,0,0,312,757,195,61,12,1025,0,0,0,1025
01/24/2001,MCO,FL,ASO,ES,Towers with Radar,448,202,113,11,774,310,3,0,2,315,758,205,113,13,1089,0,0,0,1089
01/25/2001,MCO,FL,ASO,ES,Towers with Radar,452,199,72,15,738,310,0,0,0,310,762,199,72,15,1048,19,0,19,1067
01/26/2001,MCO,FL,ASO,ES,Towers with Radar,444,181,144,26,795,310,0,0,0,310,754,181,144,26,1105,0,0,0,1105
01/27/2001,MCO,FL,ASO,ES,Towers with Radar,483,165,82,13,743,310,0,0,0,310,793,165,82,13,1053,0,0,0,1053
01/28/2001,MCO,FL,ASO,ES,Towers with Radar,418,174,97,11,700,310,0,0,0,310,728,174,97,11,1010,0,0,0,1010
01/29/2001,MCO,FL,ASO,ES,Towers with Radar,423,201,140,9,773,310,1,0,0,311,733,202,140,9,1084,0,0,0,1084
01/30/2001,MCO,FL,ASO,ES,Towers with Radar,432,189,84,10,715,310,3,0,0,313,742,192,84,10,1028,0,0,0,1028
01/31/2001,MCO,FL,ASO,ES,Towers with Radar,438,215,106,5,764,310,0,0,0,310,748,215,106,5,1074,0,0,0,1074
02/01/2001,MCO,FL,ASO,ES,Towers with Radar,711,218,83,10,1022,28,0,1,0,29,739,218,84,10,1051,3,0,3,1054
02/02/2001,MCO,FL,ASO,ES,Towers with Radar,45,178,82,14,319,607,0,8,1,616,652,178,90,15,935,0,0,0,935
02/03/2001,MCO,FL,ASO,ES,Towers with Radar,463,161,87,12,723,320,0,4,0,324,783,161,91,12,1047,0,0,0,1047
02/04/2001,MCO,FL,ASO,ES,Towers with Radar,410,166,71,17,664,320,0,1,0,321,730,166,72,17,985,0,0,0,985
02/05/2001,MCO,FL,ASO,ES,Towers with Radar,343,210,85,18,656,320,0,14,0,334,663,210,99,18,990,0,0,0,990
02/06/2001,MCO,FL,ASO,ES,Towers with Radar,411,184,70,16,681,320,0,9,0,329,731,184,79,16,1010,0,0,0,1010
02/07/2001,MCO,FL,ASO,ES,Towers with Radar,431,199,104,15,749,320,0,17,0,337,751,199,121,15,1086,0,0,0,1086
02/08/2001,MCO,FL,ASO,ES,Towers with Radar,357,199,69,20,645,320,0,1,0,321,677,199,70,20,966,3,0,3,969
02/09/2001,MCO,FL,ASO,ES,Towers with Radar,417,186,106,22,731,320,0,1,0,321,737,186,107,22,1052,0,0,0,1052
02/10/2001,MCO,FL,ASO,ES,Towers with Radar,460,157,73,10,700,320,0,1,0,321,780,157,74,10,1021,0,0,0,1021
02/11/2001,MCO,FL,ASO,ES,Towers with Radar,422,160,68,12,662,319,0,2,0,321,741,160,70,12,983,0,0,0,983
02/12/2001,MCO,FL,ASO,ES,Towers with Radar,379,170,95,13,657,319,0,7,0,326,698,170,102,13,983,0,0,0,983
02/13/2001,MCO,FL,ASO,ES,Towers with Radar,21,159,70,14,264,648,0,0,1,649,669,159,70,15,913,0,0,0,913
02/14/2001,MCO,FL,ASO,ES,Towers with Radar,4,166,72,12,254,670,0,0,3,673,674,166,72,15,927,0,0,0,927
02/15/2001,MCO,FL,ASO,ES,Towers with Radar,356,183,104,10,653,319,0,18,0,337,675,183,122,10,990,0,0,0,990
02/16/2001,MCO,FL,ASO,ES,Towers with Radar,426,173,86,14,699,319,0,2,0,321,745,173,88,14,1020,0,0,0,1020
02/17/2001,MCO,FL,ASO,ES,Towers with Radar,516,165,94,16,791,319,0,1,0,320,835,165,95,16,1111,0,0,0,1111
02/18/2001,MCO,FL,ASO,ES,Towers with Radar,436,168,82,9,695,319,0,20,0,339,755,168,102,9,1034,0,0,0,1034
02/19/2001,MCO,FL,ASO,ES,Towers with Radar,352,202,66,14,634,320,0,7,0,327,672,202,73,14,961,0,0,0,961
02/20/2001,MCO,FL,ASO,ES,Towers with Radar,366,178,86,20,650,319,0,12,0,331,685,178,98,20,981,0,0,0,981
02/21/2001,MCO,FL,ASO,ES,Towers with Radar,35,176,79,10,300,711,0,21,0,732,746,176,100,10,1032,0,0,0,1032
02/22/2001,MCO,FL,ASO,ES,Towers with Radar,335,184,82,12,613,318,0,8,0,326,653,184,90,12,939,0,0,0,939
02/23/2001,MCO,FL,ASO,ES,Towers with Radar,445,194,125,14,778,318,0,1,0,319,763,194,126,14,1097,0,0,0,1097
02/24/2001,MCO,FL,ASO,ES,Towers with Radar,482,157,66,21,726,318,0,1,0,319,800,157,67,21,1045,0,0,0,1045
02/25/2001,MCO,FL,ASO,ES,Towers with Radar,422,167,61,18,668,318,0,1,0,319,740,167,62,18,987,0,0,0,987
02/26/2001,MCO,FL,ASO,ES,Towers with Radar,337,187,73,7,604,318,0,4,0,322,655,187,77,7,926,0,0,0,926
02/27/2001,MCO,FL,ASO,ES,Towers with Radar,432,205,90,16,743,318,0,13,0,331,750,205,103,16,1074,0,0,0,1074
02/28/2001,MCO,FL,ASO,ES,Towers with Radar,441,193,90,9,733,318,0,11,1,330,759,193,101,10,1063,0,0,0,1063
03/01/2001,MCO,FL,ASO,ES,Towers with Radar,467,207,92,15,781,282,0,27,11,320,749,207,119,26,1101,0,0,0,1101
03/02/2001,MCO,FL,ASO,ES,Towers with Radar,438,194,94,16,742,303,0,12,0,315,741,194,106,16,1057,0,0,0,1057
03/03/2001,MCO,FL,ASO,ES,Towers with Radar,99,148,66,9,322,698,0,0,0,698,797,148,66,9,1020,0,0,0,1020
03/04/2001,MCO,FL,ASO,ES,Towers with Radar,417,160,59,15,651,303,0,1,0,304,720,160,60,15,955,0,0,0,955
03/05/2001,MCO,FL,ASO,ES,Towers with Radar,374,210,69,20,673,303,0,15,0,318,677,210,84,20,991,0,0,0,991
03/06/2001,MCO,FL,ASO,ES,Towers with Radar,381,195,86,15,677,303,0,14,0,317,684,195,100,15,994,0,0,0,994
03/07/2001,MCO,FL,ASO,ES,Towers with Radar,454,204,104,12,774,303,0,24,0,327,757,204,128,12,1101,0,0,0,1101
03/08/2001,MCO,FL,ASO,ES,Towers with Radar,459,207,76,26,768,304,0,16,0,320,763,207,92,26,1088,0,0,0,1088
03/09/2001,MCO,FL,ASO,ES,Towers with Radar,370,187,70,28,655,303,0,7,0,310,673,187,77,28,965,0,0,0,965
03/10/2001,MCO,FL,ASO,ES,Towers with Radar,548,168,98,24,838,303,0,0,0,303,851,168,98,24,1141,0,0,0,1141
03/11/2001,MCO,FL,ASO,ES,Towers with Radar,465,169,102,11,747,303,0,5,1,309,768,169,107,12,1056,0,0,0,1056
03/12/2001,MCO,FL,ASO,ES,Towers with Radar,70,176,70,9,325,575,0,14,0,589,645,176,84,9,914,0,0,0,914
03/13/2001,MCO,FL,ASO,ES,Towers with Radar,365,159,76,4,604,303,0,1,1,305,668,159,77,5,909,0,0,0,909
03/14/2001,MCO,FL,ASO,ES,Towers with Radar,476,199,91,10,776,303,0,9,0,312,779,199,100,10,1088,0,0,0,1088
03/15/2001,MCO,FL,ASO,ES,Towers with Radar,457,193,95,12,757,303,0,5,1,309,760,193,100,13,1066,0,0,0,1066
03/16/2001,MCO,FL,ASO,ES,Towers with Radar,475,205,112,18,810,303,0,0,0,303,778,205,112,18,1113,0,0,0,1113
03/17/2001,MCO,FL,ASO,ES,Towers with Radar,518,164,93,11,786,303,0,9,1,313,821,164,102,12,1099,0,0,0,1099
03/18/2001,MCO,FL,ASO,ES,Towers with Radar,472,172,89,15,748,302,0,5,0,307,774,172,94,15,1055,0,0,0,1055
03/19/2001,MCO,FL,ASO,ES,Towers with Radar,436,178,67,14,695,301,0,1,0,302,737,178,68,14,997,0,0,0,997
03/20/2001,MCO,FL,ASO,ES,Towers with Radar,479,186,66,9,740,300,0,8,0,308,779,186,74,9,1048,0,0,0,1048
03/21/2001,MCO,FL,ASO,ES,Towers with Radar,460,185,101,18,764,300,0,4,0,304,760,185,105,18,1068,0,0,0,1068
03/22/2001,MCO,FL,ASO,ES,Towers with Radar,475,194,70,17,756,300,0,18,0,318,775,194,88,17,1074,0,0,0,1074
03/23/2001,MCO,FL,ASO,ES,Towers with Radar,458,211,96,8,773,301,0,11,1,313,759,211,107,9,1086,0,0,0,1086
03/24/2001,MCO,FL,ASO,ES,Towers with Radar,520,158,71,8,757,300,0,14,0,314,820,158,85,8,1071,0,0,0,1071
03/25/2001,MCO,FL,ASO,ES,Towers with Radar,480,158,72,7,717,300,0,8,1,309,780,158,80,8,1026,0,0,0,1026
03/26/2001,MCO,FL,ASO,ES,Towers with Radar,426,85,75,10,596,300,0,5,0,305,726,85,80,10,901,0,0,0,901
03/27/2001,MCO,FL,ASO,ES,Towers with Radar,481,84,71,12,648,300,0,15,0,315,781,84,86,12,963,0,0,0,963
03/28/2001,MCO,FL,ASO,ES,Towers with Radar,468,78,91,15,652,300,0,8,0,308,768,78,99,15,960,0,0,0,960
03/29/2001,MCO,FL,ASO,ES,Towers with Radar,375,95,73,11,554,300,0,2,0,302,675,95,75,11,856,0,0,0,856
03/30/2001,MCO,FL,ASO,ES,Towers with Radar,466,94,74,15,649,300,0,5,0,305,766,94,79,15,954,0,0,0,954
03/31/2001,MCO,FL,ASO,ES,Towers with Radar,530,67,58,16,671,300,0,4,0,304,830,67,62,16,975,0,0,0,975
04/01/2001,MCO,FL,ASO,ES,Towers with Radar,734,77,61,6,878,27,0,1,0,28,761,77,62,6,906,0,0,0,906
04/02/2001,MCO,FL,ASO,ES,Towers with Radar,467,69,73,11,620,302,0,21,0,323,769,69,94,11,943,0,0,0,943
04/03/2001,MCO,FL,ASO,ES,Towers with Radar,463,73,52,5,593,302,0,19,0,321,765,73,71,5,914,0,0,0,914
04/04/2001,MCO,FL,ASO,ES,Towers with Radar,163,82,84,12,341,593,0,11,5,609,756,82,95,17,950,0,0,0,950
04/05/2001,MCO,FL,ASO,ES,Towers with Radar,415,78,85,9,587,302,0,12,0,314,717,78,97,9,901,0,0,0,901
04/06/2001,MCO,FL,ASO,ES,Towers with Radar,447,96,120,10,673,302,0,0,0,302,749,96,120,10,975,0,0,0,975
04/07/2001,MCO,FL,ASO,ES,Towers with Radar,564,61,87,17,729,302,0,0,0,302,866,61,87,17,1031,0,6,6,1037
04/08/2001,MCO,FL,ASO,ES,Towers with Radar,453,59,91,27,630,302,0,0,0,302,755,59,91,27,932,0,0,0,932
04/09/2001,MCO,FL,ASO,ES,Towers with Radar,423,70,92,16,601,302,0,17,0,319,725,70,109,16,920,0,0,0,920
04/10/2001,MCO,FL,ASO,ES,Towers with Radar,490,73,91,13,667,303,0,9,0,312,793,73,100,13,979,0,0,0,979
04/11/2001,MCO,FL,ASO,ES,Towers with Radar,156,86,82,11,335,590,0,24,0,614,746,86,106,11,949,0,0,0,949
04/12/2001,MCO,FL,ASO,ES,Towers with Radar,468,104,100,14,686,301,0,17,0,318,769,104,117,14,1004,0,0,0,1004
04/13/2001,MCO,FL,ASO,ES,Towers with Radar,483,84,85,23,675,301,0,6,0,307,784,84,91,23,982,0,0,0,982
04/14/2001,MCO,FL,ASO,ES,Towers with Radar,530,56,46,7,639,301,0,1,0,302,831,56,47,7,941,13,0,13,954
04/15/2001,MCO,FL,ASO,ES,Towers with Radar,456,55,53,2,566,301,0,8,0,309,757,55,61,2,875,0,0,0,875
04/16/2001,MCO,FL,ASO,ES,Towers with Radar,146,63,79,12,300,601,0,23,1,625,747,63,102,13,925,0,0,0,925
04/17/2001,MCO,FL,ASO,ES,Towers with Radar,481,78,66,13,638,301,0,23,0,324,782,78,89,13,962,0,0,0,962
04/18/2001,MCO,FL,ASO,ES,Towers with Radar,138,70,78,10,296,636,0,9,0,645,774,70,87,10,941,0,0,0,941
04/19/2001,MCO,FL,ASO,ES,Towers with Radar,474,79,71,19,643,301,0,1,0,302,775,79,72,19,945,13,0,13,958
04/20/2001,MCO,FL,ASO,ES,Towers with Radar,460,72,77,17,626,301,0,13,0,314,761,72,90,17,940,0,0,0,940
04/21/2001,MCO,FL,ASO,ES,Towers with Radar,542,45,57,16,660,301,0,1,0,302,843,45,58,16,962,0,0,0,962
04/22/2001,MCO,FL,ASO,ES,Towers with Radar,453,57,77,10,597,301,0,1,0,302,754,57,78,10,899,0,0,0,899
04/23/2001,MCO,FL,ASO,ES,Towers with Radar,432,71,76,9,588,300,0,1,0,301,732,71,77,9,889,0,0,0,889
04/24/2001,MCO,FL,ASO,ES,Towers with Radar,473,77,95,10,655,300,0,14,0,314,773,77,109,10,969,0,0,0,969
04/25/2001,MCO,FL,ASO,ES,Towers with Radar,475,70,74,2,621,300,0,6,0,306,775,70,80,2,927,0,0,0,927
04/26/2001,MCO,FL,ASO,ES,Towers with Radar,469,80,111,7,667,300,0,1,0,301,769,80,112,7,968,10,0,10,978
04/27/2001,MCO,FL,ASO,ES,Towers with Radar,462,88,93,13,656,300,0,34,0,334,762,88,127,13,990,0,0,0,990
04/28/2001,MCO,FL,ASO,ES,Towers with Radar,519,45,60,9,633,300,0,8,0,308,819,45,68,9,941,0,0,0,941
04/29/2001,MCO,FL,ASO,ES,Towers with Radar,457,58,65,14,594,300,0,9,0,309,757,58,74,14,903,0,0,0,903
04/30/2001,MCO,FL,ASO,ES,Towers with Radar,428,60,74,9,571,300,0,1,0,301,728,60,75,9,872,0,0,0,872
05/01/2001,MCO,FL,ASO,ES,Towers with Radar,745,73,67,10,895,0,0,4,0,4,745,73,71,10,899,0,0,0,899
05/02/2001,MCO,FL,ASO,ES,Towers with Radar,742,64,70,13,889,0,0,14,0,14,742,64,84,13,903,0,0,0,903
05/03/2001,MCO,FL,ASO,ES,Towers with Radar,739,69,88,4,900,0,0,1,1,2,739,69,89,5,902,14,0,14,916
05/04/2001,MCO,FL,ASO,ES,Towers with Radar,755,94,60,11,920,0,0,15,1,16,755,94,75,12,936,0,0,0,936
05/05/2001,MCO,FL,ASO,ES,Towers with Radar,645,36,56,11,748,150,0,1,0,151,795,36,57,11,899,0,0,0,899
05/06/2001,MCO,FL,ASO,ES,Towers with Radar,732,53,56,12,853,0,0,3,1,4,732,53,59,13,857,0,0,0,857
05/07/2001,MCO,FL,ASO,ES,Towers with Radar,708,59,74,7,848,0,0,25,1,26,708,59,99,8,874,0,0,0,874
05/08/2001,MCO,FL,ASO,ES,Towers with Radar,733,73,102,8,916,0,0,1,1,2,733,73,103,9,918,0,0,0,918
05/09/2001,MCO,FL,ASO,ES,Towers with Radar,731,75,64,9,879,0,0,9,1,10,731,75,73,10,889,0,0,0,889
05/10/2001,MCO,FL,ASO,ES,Towers with Radar,693,63,63,13,832,0,0,9,1,10,693,63,72,14,842,0,0,0,842
05/11/2001,MCO,FL,ASO,ES,Towers with Radar,747,75,74,7,903,0,0,7,2,9,747,75,81,9,912,0,0,0,912
05/12/2001,MCO,FL,ASO,ES,Towers with Radar,785,37,43,12,877,0,0,1,0,1,785,37,44,12,878,0,0,0,878
05/13/2001,MCO,FL,ASO,ES,Towers with Radar,557,80,49,10,696,169,21,6,1,197,726,101,55,11,893,0,0,0,893
05/14/2001,MCO,FL,ASO,ES,Towers with Radar,589,101,38,17,745,0,0,1,0,1,589,101,39,17,746,0,0,0,746
05/15/2001,MCO,FL,ASO,ES,Towers with Radar,704,100,61,9,874,11,33,7,0,51,715,133,68,9,925,0,0,0,925
05/16/2001,MCO,FL,ASO,ES,Towers with Radar,681,126,62,21,890,0,0,12,0,12,681,126,74,21,902,0,0,0,902
05/17/2001,MCO,FL,ASO,ES,Towers with Radar,681,155,66,19,921,0,0,1,0,1,681,155,67,19,922,0,0,0,922
05/18/2001,MCO,FL,ASO,ES,Towers with Radar,687,107,66,14,874,0,27,19,1,47,687,134,85,15,921,0,0,0,921
05/19/2001,MCO,FL,ASO,ES,Towers with Radar,725,108,35,14,882,0,0,1,0,1,725,108,36,14,883,0,0,0,883
05/20/2001,MCO,FL,ASO,ES,Towers with Radar,677,120,42,14,853,0,0,1,0,1,677,120,43,14,854,0,0,0,854
05/21/2001,MCO,FL,ASO,ES,Towers with Radar,639,113,57,8,817,0,0,1,0,1,639,113,58,8,818,24,0,24,842
05/22/2001,MCO,FL,ASO,ES,Towers with Radar,670,135,64,17,886,0,0,4,0,4,670,135,68,17,890,0,0,0,890
05/23/2001,MCO,FL,ASO,ES,Towers with Radar,674,119,100,8,901,0,0,4,0,4,674,119,104,8,905,0,0,0,905
05/24/2001,MCO,FL,ASO,ES,Towers with Radar,697,137,59,28,921,0,0,1,0,1,697,137,60,28,922,9,0,9,931
05/25/2001,MCO,FL,ASO,ES,Towers with Radar,643,91,56,12,802,54,46,4,16,120,697,137,60,28,922,17,0,17,939
05/26/2001,MCO,FL,ASO,ES,Towers with Radar,733,109,48,20,910,0,0,1,0,1,733,109,49,20,911,0,0,0,911
05/27/2001,MCO,FL,ASO,ES,Towers with Radar,658,93,33,13,797,0,0,1,0,1,658,93,34,13,798,0,0,0,798
05/28/2001,MCO,FL,ASO,ES,Towers with Radar,701,93,34,13,841,97,0,0,0,97,798,93,34,13,938,11,0,11,949
05/29/2001,MCO,FL,ASO,ES,Towers with Radar,624,68,55,3,750,40,0,10,0,50,664,68,65,3,800,0,0,0,800
05/30/2001,MCO,FL,ASO,ES,Towers with Radar,680,121,57,14,872,1,0,6,1,8,681,121,63,15,880,0,0,0,880
05/31/2001,MCO,FL,ASO,ES,Towers with Radar,681,128,78,24,911,0,0,1,0,1,681,128,79,24,912,11,0,11,923
06/01/2001,MCO,FL,ASO,ES,Towers with Radar,699,130,71,8,908,0,1,1,0,2,699,131,72,8,910,6,0,6,916
06/02/2001,MCO,FL,ASO,ES,Towers with Radar,723,106,43,13,885,0,1,1,1,3,723,107,44,14,888,0,0,0,888
06/03/2001,MCO,FL,ASO,ES,Towers with Radar,632,102,37,4,775,0,1,1,0,2,632,103,38,4,777,0,0,0,777
06/04/2001,MCO,FL,ASO,ES,Towers with Radar,656,121,52,40,869,0,1,9,0,10,656,122,61,40,879,0,0,0,879
06/05/2001,MCO,FL,ASO,ES,Towers with Radar,687,122,77,11,897,0,1,9,0,10,687,123,86,11,907,0,0,0,907
06/06/2001,MCO,FL,ASO,ES,Towers with Radar,672,147,65,8,892,0,1,9,1,11,672,148,74,9,903,0,0,0,903
06/07/2001,MCO,FL,ASO,ES,Towers with Radar,693,147,87,11,938,0,1,7,0,8,693,148,94,11,946,0,0,0,946
06/08/2001,MCO,FL,ASO,ES,Towers with Radar,688,131,63,13,895,0,1,1,0,2,688,132,64,13,897,0,0,0,897
06/09/2001,MCO,FL,ASO,ES,Towers with Radar,721,96,42,7,866,0,1,0,1,2,721,97,42,8,868,2,0,2,870
06/10/2001,MCO,FL,ASO,ES,Towers with Radar,664,112,55,9,840,0,1,0,1,2,664,113,55,10,842,0,0,0,842
06/11/2001,MCO,FL,ASO,ES,Towers with Radar,635,113,63,7,818,0,2,9,2,13,635,115,72,9,831,0,0,0,831
06/12/2001,MCO,FL,ASO,ES,Towers with Radar,679,117,63,10,869,0,0,21,0,21,679,117,84,10,890,0,0,0,890
06/13/2001,MCO,FL,ASO,ES,Towers with Radar,646,130,73,19,868,0,2,8,1,11,646,132,81,20,879,0,0,0,879
06/14/2001,MCO,FL,ASO,ES,Towers with Radar,660,156,48,13,877,0,2,2,1,5,660,158,50,14,882,0,0,0,882
06/15/2001,MCO,FL,ASO,ES,Towers with Radar,662,126,80,7,875,0,1,0,1,2,662,127,80,8,877,0,0,0,877
06/16/2001,MCO,FL,ASO,ES,Towers with Radar,734,104,44,13,895,0,1,0,1,2,734,105,44,14,897,0,0,0,897
06/17/2001,MCO,FL,ASO,ES,Towers with Radar,664,123,45,17,849,0,1,6,1,8,664,124,51,18,857,0,0,0,857
06/18/2001,MCO,FL,ASO,ES,Towers with Radar,615,109,61,8,793,0,2,11,0,13,615,111,72,8,806,0,0,0,806
06/19/2001,MCO,FL,ASO,ES,Towers with Radar,720,136,59,18,933,0,1,10,1,12,720,137,69,19,945,0,0,0,945
06/20/2001,MCO,FL,ASO,ES,Towers with Radar,651,133,70,12,866,0,1,4,0,5,651,134,74,12,871,0,0,0,871
06/21/2001,MCO,FL,ASO,ES,Towers with Radar,664,152,58,11,885,0,1,8,0,9,664,153,66,11,894,0,0,0,894
06/22/2001,MCO,FL,ASO,ES,Towers with Radar,689,131,53,18,891,0,1,0,0,1,689,132,53,18,892,0,0,0,892
06/23/2001,MCO,FL,ASO,ES,Towers with Radar,732,109,43,23,907,0,1,0,0,1,732,110,43,23,908,0,0,0,908
06/24/2001,MCO,FL,ASO,ES,Towers with Radar,676,111,45,17,849,0,1,0,0,1,676,112,45,17,850,0,0,0,850
06/25/2001,MCO,FL,ASO,ES,Towers with Radar,659,116,71,11,857,0,1,13,0,14,659,117,84,11,871,0,0,0,871
06/26/2001,MCO,FL,ASO,ES,Towers with Radar,692,126,61,14,893,0,2,6,0,8,692,128,67,14,901,0,0,0,901
06/27/2001,MCO,FL,ASO,ES,Towers with Radar,690,124,68,6,888,0,1,2,1,4,690,125,70,7,892,0,0,0,892
06/28/2001,MCO,FL,ASO,ES,Towers with Radar,700,122,63,18,903,0,1,10,1,12,700,123,73,19,915,0,0,0,915
06/29/2001,MCO,FL,ASO,ES,Towers with Radar,703,139,66,18,926,0,1,0,0,1,703,140,66,18,927,0,0,0,927
06/30/2001,MCO,FL,ASO,ES,Towers with Radar,647,103,52,7,809,78,0,0,0,78,725,103,52,7,887,0,0,0,887
07/01/2001,MCO,FL,ASO,ES,Towers with Radar,648,93,42,7,790,0,3,1,0,4,648,96,43,7,794,0,0,0,794
07/02/2001,MCO,FL,ASO,ES,Towers with Radar,659,104,53,6,822,4,0,9,0,13,663,104,62,6,835,0,0,0,835
07/03/2001,MCO,FL,ASO,ES,Towers with Radar,683,119,54,11,867,0,4,9,0,13,683,123,63,11,880,0,0,0,880
07/04/2001,MCO,FL,ASO,ES,Towers with Radar,544,85,31,2,662,96,0,0,0,96,640,85,31,2,758,0,0,0,758
07/05/2001,MCO,FL,ASO,ES,Towers with Radar,650,122,52,11,835,0,2,3,0,5,650,124,55,11,840,0,0,0,840
07/06/2001,MCO,FL,ASO,ES,Towers with Radar,710,135,58,14,917,0,2,3,0,5,710,137,61,14,922,0,0,0,922
07/07/2001,MCO,FL,ASO,ES,Towers with Radar,728,99,56,10,893,0,1,3,0,4,728,100,59,10,897,2,0,2,899
07/08/2001,MCO,FL,ASO,ES,Towers with Radar,686,105,45,9,845,0,1,3,0,4,686,106,48,9,849,0,0,0,849
07/09/2001,MCO,FL,ASO,ES,Towers with Radar,662,106,83,16,867,0,1,7,0,8,662,107,90,16,875,0,0,0,875
07/10/2001,MCO,FL,ASO,ES,Towers with Radar,668,120,59,15,862,0,1,6,0,7,668,121,65,15,869,0,0,0,869
07/11/2001,MCO,FL,ASO,ES,Towers with Radar,707,133,72,21,933,0,1,4,0,5,707,134,76,21,938,0,0,0,938
07/12/2001,MCO,FL,ASO,ES,Towers with Radar,700,147,91,11,949,0,1,13,0,14,700,148,104,11,963,0,0,0,963
07/13/2001,MCO,FL,ASO,ES,Towers with Radar,706,140,52,15,913,0,0,0,0,0,706,140,52,15,913,0,0,0,913
07/14/2001,MCO,FL,ASO,ES,Towers with Radar,733,106,39,14,892,0,1,3,0,4,733,107,42,14,896,0,0,0,896
07/15/2001,MCO,FL,ASO,ES,Towers with Radar,691,112,52,14,869,0,1,3,0,4,691,113,55,14,873,3,0,3,876
07/16/2001,MCO,FL,ASO,ES,Towers with Radar,657,122,54,13,846,0,1,22,0,23,657,123,76,13,869,0,0,0,869
07/17/2001,MCO,FL,ASO,ES,Towers with Radar,671,127,57,2,857,0,1,7,1,9,671,128,64,3,866,0,0,0,866
07/18/2001,MCO,FL,ASO,ES,Towers with Radar,668,124,55,11,858,0,1,5,1,7,668,125,60,12,865,0,0,0,865
07/19/2001,MCO,FL,ASO,ES,Towers with Radar,639,158,66,14,877,0,1,6,1,8,639,159,72,15,885,0,0,0,885
07/20/2001,MCO,FL,ASO,ES,Towers with Radar,702,136,65,13,916,0,1,2,1,4,702,137,67,14,920,0,0,0,920
07/21/2001,MCO,FL,ASO,ES,Towers with Radar,734,106,50,21,911,0,1,1,2,4,734,107,51,23,915,0,0,0,915
07/22/2001,MCO,FL,ASO,ES,Towers with Radar,682,142,50,13,887,0,1,1,2,4,682,143,51,15,891,0,0,0,891
07/23/2001,MCO,FL,ASO,ES,Towers with Radar,657,142,52,13,864,0,1,2,2,5,657,143,54,15,869,0,0,0,869
07/24/2001,MCO,FL,ASO,ES,Towers with Radar,706,161,67,22,956,0,2,8,1,11,706,163,75,23,967,0,0,0,967
07/25/2001,MCO,FL,ASO,ES,Towers with Radar,671,177,66,22,936,0,1,12,1,14,671,178,78,23,950,0,0,0,950
07/26/2001,MCO,FL,ASO,ES,Towers with Radar,628,159,61,21,869,0,1,10,3,14,628,160,71,24,883,0,0,0,883
07/27/2001,MCO,FL,ASO,ES,Towers with Radar,720,173,69,21,983,0,1,1,1,3,720,174,70,22,986,0,0,0,986
07/28/2001,MCO,FL,ASO,ES,Towers with Radar,734,144,47,10,935,0,1,1,1,3,734,145,48,11,938,0,0,0,938
07/29/2001,MCO,FL,ASO,ES,Towers with Radar,676,152,36,13,877,0,1,1,1,3,676,153,37,14,880,0,0,0,880
07/30/2001,MCO,FL,ASO,ES,Towers with Radar,658,162,62,9,891,0,1,1,1,3,658,163,63,10,894,0,0,0,894
07/31/2001,MCO,FL,ASO,ES,Towers with Radar,686,159,68,15,928,0,2,4,0,6,686,161,72,15,934,0,0,0,934
08/01/2001,MCO,FL,ASO,ES,Towers with Radar,692,169,78,10,949,0,1,5,0,6,692,170,83,10,955,0,0,0,955
08/02/2001,MCO,FL,ASO,ES,Towers with Radar,627,180,67,13,887,0,1,2,0,3,627,181,69,13,890,0,0,0,890
08/03/2001,MCO,FL,ASO,ES,Towers with Radar,706,172,81,12,971,0,1,2,0,3,706,173,83,12,974,0,0,0,974
08/04/2001,MCO,FL,ASO,ES,Towers with Radar,704,155,26,11,896,0,0,1,0,1,704,155,27,11,897,0,0,0,897
08/05/2001,MCO,FL,ASO,ES,Towers with Radar,688,156,33,6,883,0,0,2,0,2,688,156,35,6,885,0,0,0,885
08/06/2001,MCO,FL,ASO,ES,Towers with Radar,629,165,51,10,855,32,0,2,0,34,661,165,53,10,889,0,0,0,889
08/07/2001,MCO,FL,ASO,ES,Towers with Radar,691,207,66,13,977,0,0,6,0,6,691,207,72,13,983,0,0,0,983
08/08/2001,MCO,FL,ASO,ES,Towers with Radar,688,190,47,10,935,0,0,9,0,9,688,190,56,10,944,0,0,0,944
08/09/2001,MCO,FL,ASO,ES,Towers with Radar,684,192,45,32,953,0,0,1,0,1,684,192,46,32,954,0,0,0,954
08/10/2001,MCO,FL,ASO,ES,Towers with Radar,595,182,45,21,843,0,0,15,0,15,595,182,60,21,858,0,0,0,858
08/11/2001,MCO,FL,ASO,ES,Towers with Radar,715,179,38,21,953,0,0,5,0,5,715,179,43,21,958,0,0,0,958
08/12/2001,MCO,FL,ASO,ES,Towers with Radar,691,189,50,12,942,0,0,1,0,1,691,189,51,12,943,0,0,0,943
08/13/2001,MCO,FL,ASO,ES,Towers with Radar,618,181,68,13,880,0,0,1,0,1,618,181,69,13,881,0,0,0,881
08/14/2001,MCO,FL,ASO,ES,Towers with Radar,726,193,74,16,1009,0,0,16,0,16,726,193,90,16,1025,0,0,0,1025
08/15/2001,MCO,FL,ASO,ES,Towers with Radar,691,201,60,10,962,0,0,3,1,4,691,201,63,11,966,0,0,0,966
08/16/2001,MCO,FL,ASO,ES,Towers with Radar,627,193,69,14,903,0,0,0,1,1,627,193,69,15,904,12,0,12,916
08/17/2001,MCO,FL,ASO,ES,Towers with Radar,674,206,66,5,951,2,0,9,1,12,676,206,75,6,963,0,0,0,963
08/18/2001,MCO,FL,ASO,ES,Towers with Radar,708,173,32,17,930,0,0,0,1,1,708,173,32,18,931,4,0,4,935
08/19/2001,MCO,FL,ASO,ES,Towers with Radar,678,192,39,17,926,0,0,2,0,2,678,192,41,17,928,0,0,0,928
08/20/2001,MCO,FL,ASO,ES,Towers with Radar,650,180,65,15,910,0,0,8,0,8,650,180,73,15,918,0,0,0,918
08/21/2001,MCO,FL,ASO,ES,Towers with Radar,681,188,58,12,939,0,2,7,0,9,681,190,65,12,948,0,0,0,948
08/22/2001,MCO,FL,ASO,ES,Towers with Radar,673,191,80,11,955,0,0,5,0,5,673,191,85,11,960,0,0,0,960
08/23/2001,MCO,FL,ASO,ES,Towers with Radar,621,208,77,17,923,0,0,12,0,12,621,208,89,17,935,0,0,0,935
08/24/2001,MCO,FL,ASO,ES,Towers with Radar,626,189,56,17,888,0,0,9,0,9,626,189,65,17,897,0,0,0,897
08/25/2001,MCO,FL,ASO,ES,Towers with Radar,697,172,40,11,920,0,0,0,0,0,697,172,40,11,920,0,0,0,920
08/26/2001,MCO,FL,ASO,ES,Towers with Radar,676,171,58,15,920,0,0,0,0,0,676,171,58,15,920,0,0,0,920
08/27/2001,MCO,FL,ASO,ES,Towers with Radar,633,178,53,18,882,0,0,0,0,0,633,178,53,18,882,0,0,0,882
08/28/2001,MCO,FL,ASO,ES,Towers with Radar,670,192,57,16,935,0,0,0,0,0,670,192,57,16,935,0,0,0,935
08/29/2001,MCO,FL,ASO,ES,Towers with Radar,666,187,57,13,923,0,6,12,0,18,666,193,69,13,941,0,0,0,941
08/30/2001,MCO,FL,ASO,ES,Towers with Radar,668,196,63,11,938,0,0,8,1,9,668,196,71,12,947,0,0,0,947
08/31/2001,MCO,FL,ASO,ES,Towers with Radar,674,202,47,17,940,0,0,11,0,11,674,202,58,17,951,0,0,0,951
09/01/2001,MCO,FL,ASO,ES,Towers with Radar,687,176,30,11,904,3,0,1,0,4,690,176,31,11,908,0,0,0,908
09/02/2001,MCO,FL,ASO,ES,Towers with Radar,592,168,29,9,798,3,0,7,0,10,595,168,36,9,808,0,0,0,808
09/03/2001,MCO,FL,ASO,ES,Towers with Radar,482,162,49,8,701,132,32,24,0,188,614,194,73,8,889,0,0,0,889
09/04/2001,MCO,FL,ASO,ES,Towers with Radar,605,194,43,15,857,3,0,15,1,19,608,194,58,16,876,0,0,0,876
09/05/2001,MCO,FL,ASO,ES,Towers with Radar,656,194,71,13,934,3,0,11,1,15,659,194,82,14,949,0,0,0,949
09/06/2001,MCO,FL,ASO,ES,Towers with Radar,637,203,57,18,915,3,0,0,1,4,640,203,57,19,919,3,0,3,922
09/07/2001,MCO,FL,ASO,ES,Towers with Radar,642,206,94,7,949,3,0,0,1,4,645,206,94,8,953,0,0,0,953
09/08/2001,MCO,FL,ASO,ES,Towers with Radar,671,190,50,11,922,3,0,0,1,4,674,190,50,12,926,0,0,0,926
09/09/2001,MCO,FL,ASO,ES,Towers with Radar,626,182,68,22,898,3,0,0,1,4,629,182,68,23,902,0,0,0,902
09/10/2001,MCO,FL,ASO,ES,Towers with Radar,600,192,64,18,874,3,0,0,1,4,603,192,64,19,878,0,0,0,878
09/11/2001,MCO,FL,ASO,ES,Towers with Radar,184,59,20,3,266,3,1,2,1,7,187,60,22,4,273,0,0,0,273
09/12/2001,MCO,FL,ASO,ES,Towers with Radar,0,0,9,5,14,0,1,2,1,4,0,1,11,6,18,0,0,0,18
09/13/2001,MCO,FL,ASO,ES,Towers with Radar,53,51,8,8,120,3,0,0,1,4,56,51,8,9,124,0,0,0,124
09/14/2001,MCO,FL,ASO,ES,Towers with Radar,166,93,7,1,267,3,0,0,0,3,169,93,7,1,270,0,0,0,270
09/15/2001,MCO,FL,ASO,ES,Towers with Radar,488,171,14,15,688,3,0,0,0,3,491,171,14,15,691,0,0,0,691
09/16/2001,MCO,FL,ASO,ES,Towers with Radar,495,173,43,22,733,3,0,0,0,3,498,173,43,22,736,0,0,0,736
09/17/2001,MCO,FL,ASO,ES,Towers with Radar,500,185,62,15,762,0,0,0,3,3,500,185,62,18,765,0,0,0,765
09/18/2001,MCO,FL,ASO,ES,Towers with Radar,548,204,85,18,855,2,1,0,0,3,550,205,85,18,858,0,0,0,858
09/19/2001,MCO,FL,ASO,ES,Towers with Radar,555,195,101,7,858,2,1,1,0,4,557,196,102,7,862,0,0,0,862
09/20/2001,MCO,FL,ASO,ES,Towers with Radar,564,199,73,25,861,2,1,0,0,3,566,200,73,25,864,0,0,0,864
09/21/2001,MCO,FL,ASO,ES,Towers with Radar,548,219,69,9,845,2,1,0,0,3,550,220,69,9,848,0,0,0,848
09/22/2001,MCO,FL,ASO,ES,Towers with Radar,568,167,42,13,790,2,0,1,0,3,570,167,43,13,793,0,0,0,793
09/23/2001,MCO,FL,ASO,ES,Towers with Radar,523,177,33,16,749,2,0,1,0,3,525,177,34,16,752,0,0,0,752
09/24/2001,MCO,FL,ASO,ES,Towers with Radar,521,188,62,13,784,2,0,1,0,3,523,188,63,13,787,0,0,0,787
09/25/2001,MCO,FL,ASO,ES,Towers with Radar,535,190,75,11,811,2,1,1,0,4,537,191,76,11,815,0,0,0,815
09/26/2001,MCO,FL,ASO,ES,Towers with Radar,542,208,74,17,841,2,0,1,0,3,544,208,75,17,844,0,0,0,844
09/27/2001,MCO,FL,ASO,ES,Towers with Radar,550,214,74,8,846,3,1,1,0,5,553,215,75,8,851,0,0,0,851
09/28/2001,MCO,FL,ASO,ES,Towers with Radar,549,197,63,8,817,0,0,3,0,3,549,197,66,8,820,0,0,0,820
09/29/2001,MCO,FL,ASO,ES,Towers with Radar,545,174,40,7,766,2,0,1,0,3,547,174,41,7,769,0,0,0,769
09/30/2001,MCO,FL,ASO,ES,Towers with Radar,507,163,47,14,731,2,0,1,0,3,509,163,48,14,734,0,0,0,734
10/01/2001,MCO,FL,ASO,ES,Towers with Radar,509,161,61,13,744,2,0,4,0,6,511,161,65,13,750,0,0,0,750
10/02/2001,MCO,FL,ASO,ES,Towers with Radar,538,189,74,14,815,1,0,3,0,4,539,189,77,14,819,0,0,0,819
10/03/2001,MCO,FL,ASO,ES,Towers with Radar,532,191,67,14,804,1,0,1,0,2,533,191,68,14,806,0,0,0,806
10/04/2001,MCO,FL,ASO,ES,Towers with Radar,533,205,62,17,817,0,0,0,0,0,533,205,62,17,817,0,0,0,817
10/05/2001,MCO,FL,ASO,ES,Towers with Radar,483,188,79,8,758,0,0,0,0,0,483,188,79,8,758,0,0,0,758
10/06/2001,MCO,FL,ASO,ES,Towers with Radar,563,170,51,15,799,0,0,0,0,0,563,170,51,15,799,0,0,0,799
10/07/2001,MCO,FL,ASO,ES,Towers with Radar,548,172,54,15,789,0,0,0,0,0,548,172,54,15,789,0,0,0,789
10/08/2001,MCO,FL,ASO,ES,Towers with Radar,530,177,67,15,789,0,0,0,0,0,530,177,67,15,789,0,0,0,789
10/09/2001,MCO,FL,ASO,ES,Towers with Radar,540,185,54,19,798,1,0,2,0,3,541,185,56,19,801,0,0,0,801
10/10/2001,MCO,FL,ASO,ES,Towers with Radar,530,203,76,15,824,1,0,4,0,5,531,203,80,15,829,0,0,0,829
10/11/2001,MCO,FL,ASO,ES,Towers with Radar,496,183,75,18,772,1,0,1,0,2,497,183,76,18,774,0,0,0,774
10/12/2001,MCO,FL,ASO,ES,Towers with Radar,508,176,82,18,784,1,0,0,0,1,509,176,82,18,785,0,0,0,785
10/13/2001,MCO,FL,ASO,ES,Towers with Radar,579,171,40,19,809,1,0,0,0,1,580,171,40,19,810,0,0,0,810
10/14/2001,MCO,FL,ASO,ES,Towers with Radar,546,176,57,18,797,1,0,0,0,1,547,176,57,18,798,0,0,0,798
10/15/2001,MCO,FL,ASO,ES,Towers with Radar,537,189,52,13,791,0,1,0,0,1,537,190,52,13,792,0,0,0,792
10/16/2001,MCO,FL,ASO,ES,Towers with Radar,540,201,88,6,835,0,4,2,0,6,540,205,90,6,841,0,0,0,841
10/17/2001,MCO,FL,ASO,ES,Towers with Radar,538,195,87,20,840,0,2,3,2,7,538,197,90,22,847,0,0,0,847
10/18/2001,MCO,FL,ASO,ES,Towers with Radar,559,216,63,22,860,0,3,3,0,6,559,219,66,22,866,0,0,0,866
10/19/2001,MCO,FL,ASO,ES,Towers with Radar,565,193,72,16,846,0,0,2,2,4,565,193,74,18,850,0,0,0,850
10/20/2001,MCO,FL,ASO,ES,Towers with Radar,581,197,50,11,839,0,1,0,0,1,581,198,50,11,840,0,0,0,840
10/21/2001,MCO,FL,ASO,ES,Towers with Radar,533,176,46,11,766,0,1,0,0,1,533,177,46,11,767,0,0,0,767
10/22/2001,MCO,FL,ASO,ES,Towers with Radar,532,180,64,19,795,0,3,1,0,4,532,183,65,19,799,0,0,0,799
10/23/2001,MCO,FL,ASO,ES,Towers with Radar,536,195,91,11,833,0,1,1,0,2,536,196,92,11,835,0,0,0,835
10/24/2001,MCO,FL,ASO,ES,Towers with Radar,538,205,89,17,849,0,0,3,0,3,538,205,92,17,852,0,0,0,852
10/25/2001,MCO,FL,ASO,ES,Towers with Radar,520,198,80,12,810,0,0,4,0,4,520,198,84,12,814,0,0,0,814
10/26/2001,MCO,FL,ASO,ES,Towers with Radar,554,195,73,22,844,0,0,1,0,1,554,195,74,22,845,0,0,0,845
10/27/2001,MCO,FL,ASO,ES,Towers with Radar,577,174,52,16,819,0,0,1,0,1,577,174,53,16,820,0,0,0,820
10/28/2001,MCO,FL,ASO,ES,Towers with Radar,492,174,62,14,742,0,0,1,0,1,492,174,63,14,743,0,0,0,743
10/29/2001,MCO,FL,ASO,ES,Towers with Radar,522,171,82,11,786,0,0,1,0,1,522,171,83,11,787,0,0,0,787
10/30/2001,MCO,FL,ASO,ES,Towers with Radar,534,188,63,15,800,0,1,2,0,3,534,189,65,15,803,0,0,0,803
10/31/2001,MCO,FL,ASO,ES,Towers with Radar,531,195,68,11,805,0,0,6,0,6,531,195,74,11,811,0,0,0,811
11/01/2001,MCO,FL,ASO,ES,Towers with Radar,494,204,68,17,783,2,1,5,0,8,496,205,73,17,791,0,0,0,791
11/02/2001,MCO,FL,ASO,ES,Towers with Radar,531,191,77,27,826,1,0,1,0,2,532,191,78,27,828,0,0,0,828
11/03/2001,MCO,FL,ASO,ES,Towers with Radar,547,176,74,13,810,2,0,1,0,3,549,176,75,13,813,0,0,0,813
11/04/2001,MCO,FL,ASO,ES,Towers with Radar,501,176,67,15,759,2,0,1,0,3,503,176,68,15,762,0,0,0,762
11/05/2001,MCO,FL,ASO,ES,Towers with Radar,495,174,49,13,731,2,0,1,0,3,497,174,50,13,734,0,0,0,734
11/06/2001,MCO,FL,ASO,ES,Towers with Radar,539,194,69,12,814,2,0,4,0,6,541,194,73,12,820,0,0,0,820
11/07/2001,MCO,FL,ASO,ES,Towers with Radar,530,191,91,14,826,2,0,6,0,8,532,191,97,14,834,0,0,0,834
11/08/2001,MCO,FL,ASO,ES,Towers with Radar,505,214,65,23,807,2,0,7,0,9,507,214,72,23,816,0,0,0,816
11/09/2001,MCO,FL,ASO,ES,Towers with Radar,532,201,80,27,840,2,0,1,0,3,534,201,81,27,843,0,0,0,843
11/10/2001,MCO,FL,ASO,ES,Towers with Radar,545,161,58,16,780,2,0,1,0,3,547,161,59,16,783,0,0,0,783
11/11/2001,MCO,FL,ASO,ES,Towers with Radar,495,185,69,14,763,0,3,0,0,3,495,188,69,14,766,0,0,0,766
11/12/2001,MCO,FL,ASO,ES,Towers with Radar,472,174,67,20,733,2,0,5,0,7,474,174,72,20,740,0,0,0,740
11/13/2001,MCO,FL,ASO,ES,Towers with Radar,537,186,68,22,813,2,0,12,0,14,539,186,80,22,827,0,0,0,827
11/14/2001,MCO,FL,ASO,ES,Towers with Radar,526,188,83,15,812,2,0,1,0,3,528,188,84,15,815,0,0,0,815
11/15/2001,MCO,FL,ASO,ES,Towers with Radar,531,208,71,12,822,2,0,1,0,3,533,208,72,12,825,0,0,0,825
11/16/2001,MCO,FL,ASO,ES,Towers with Radar,533,193,103,20,849,2,0,1,0,3,535,193,104,20,852,0,0,0,852
11/17/2001,MCO,FL,ASO,ES,Towers with Radar,569,193,75,13,850,2,0,1,0,3,571,193,76,13,853,0,0,0,853
11/18/2001,MCO,FL,ASO,ES,Towers with Radar,494,174,67,16,751,0,42,2,0,44,494,216,69,16,795,0,0,0,795
11/19/2001,MCO,FL,ASO,ES,Towers with Radar,509,154,70,15,748,0,0,4,0,4,509,154,74,15,752,0,0,0,752
11/20/2001,MCO,FL,ASO,ES,Towers with Radar,539,173,70,14,796,2,0,11,0,13,541,173,81,14,809,0,0,0,809
11/21/2001,MCO,FL,ASO,ES,Towers with Radar,551,181,96,13,841,2,0,12,0,14,553,181,108,13,855,0,0,0,855
11/22/2001,MCO,FL,ASO,ES,Towers with Radar,473,147,32,6,658,2,1,6,0,9,475,148,38,6,667,0,0,0,667
11/23/2001,MCO,FL,ASO,ES,Towers with Radar,471,154,40,7,672,2,0,1,0,3,473,154,41,7,675,0,0,0,675
11/24/2001,MCO,FL,ASO,ES,Towers with Radar,552,147,45,6,750,2,0,1,0,3,554,147,46,6,753,0,0,0,753
11/25/2001,MCO,FL,ASO,ES,Towers with Radar,508,181,92,22,803,2,0,1,0,3,510,181,93,22,806,0,0,0,806
11/26/2001,MCO,FL,ASO,ES,Towers with Radar,517,186,69,17,789,0,0,0,5,5,517,186,69,22,794,0,0,0,794
11/27/2001,MCO,FL,ASO,ES,Towers with Radar,534,173,65,21,793,1,0,8,1,10,535,173,73,22,803,0,0,0,803
11/28/2001,MCO,FL,ASO,ES,Towers with Radar,526,173,76,27,802,1,1,8,3,13,527,174,84,30,815,0,0,0,815
11/29/2001,MCO,FL,ASO,ES,Towers with Radar,516,224,99,39,878,1,0,0,0,1,517,224,99,39,879,7,0,7,886
11/30/2001,MCO,FL,ASO,ES,Towers with Radar,541,180,83,21,825,2,0,4,0,6,543,180,87,21,831,0,0,0,831
12/01/2001,MCO,FL,ASO,ES,Towers with Radar,553,172,56,12,793,0,1,0,1,2,553,173,56,13,795,0,0,0,795
12/02/2001,MCO,FL,ASO,ES,Towers with Radar,498,167,66,7,738,0,2,2,2,6,498,169,68,9,744,0,0,0,744
12/03/2001,MCO,FL,ASO,ES,Towers with Radar,501,184,83,19,787,0,1,0,2,3,501,185,83,21,790,0,0,0,790
12/04/2001,MCO,FL,ASO,ES,Towers with Radar,483,184,85,21,773,0,1,9,5,15,483,185,94,26,788,0,0,0,788
12/05/2001,MCO,FL,ASO,ES,Towers with Radar,524,193,96,27,840,0,1,12,1,14,524,194,108,28,854,0,0,0,854
12/06/2001,MCO,FL,ASO,ES,Towers with Radar,535,200,110,14,859,0,1,0,1,2,535,201,110,15,861,9,0,9,870
12/07/2001,MCO,FL,ASO,ES,Towers with Radar,535,190,83,7,815,0,4,3,2,9,535,194,86,9,824,0,0,0,824
12/08/2001,MCO,FL,ASO,ES,Towers with Radar,544,173,56,18,791,0,1,2,1,4,544,174,58,19,795,0,0,0,795
12/09/2001,MCO,FL,ASO,ES,Towers with Radar,495,175,52,20,742,0,1,1,1,3,495,176,53,21,745,0,0,0,745
12/10/2001,MCO,FL,ASO,ES,Towers with Radar,500,169,93,6,768,0,1,0,1,2,500,170,93,7,770,0,0,0,770
12/11/2001,MCO,FL,ASO,ES,Towers with Radar,490,172,81,7,750,0,1,6,1,8,490,173,87,8,758,0,0,0,758
12/12/2001,MCO,FL,ASO,ES,Towers with Radar,528,193,94,21,836,0,1,7,1,9,528,194,101,22,845,0,0,0,845
12/13/2001,MCO,FL,ASO,ES,Towers with Radar,493,183,81,17,774,0,1,0,1,2,493,184,81,18,776,3,0,3,779
12/14/2001,MCO,FL,ASO,ES,Towers with Radar,545,183,67,11,806,1,9,32,0,42,546,192,99,11,848,14,0,14,862
12/15/2001,MCO,FL,ASO,ES,Towers with Radar,526,172,54,15,767,37,0,0,0,37,563,172,54,15,804,0,0,0,804
12/16/2001,MCO,FL,ASO,ES,Towers with Radar,526,153,55,12,746,0,1,3,2,6,526,154,58,14,752,0,0,0,752
12/17/2001,MCO,FL,ASO,ES,Towers with Radar,527,169,73,18,787,0,1,0,0,1,527,170,73,18,788,0,0,0,788
12/18/2001,MCO,FL,ASO,ES,Towers with Radar,520,163,44,20,747,0,1,2,0,3,520,164,46,20,750,0,0,0,750
12/19/2001,MCO,FL,ASO,ES,Towers with Radar,572,199,48,25,844,0,0,5,0,5,572,199,53,25,849,0,0,0,849
12/20/2001,MCO,FL,ASO,ES,Towers with Radar,586,195,71,17,869,0,0,1,0,1,586,195,72,17,870,9,0,9,879
12/21/2001,MCO,FL,ASO,ES,Towers with Radar,590,211,70,26,897,0,0,1,0,1,590,211,71,26,898,13,0,13,911
12/22/2001,MCO,FL,ASO,ES,Towers with Radar,602,189,53,12,856,0,0,1,0,1,602,189,54,12,857,7,0,7,864
12/23/2001,MCO,FL,ASO,ES,Towers with Radar,529,171,33,15,748,0,0,5,0,5,529,171,38,15,753,0,0,0,753
12/24/2001,MCO,FL,ASO,ES,Towers with Radar,499,162,25,21,707,0,0,8,0,8,499,162,33,21,715,0,0,0,715
12/25/2001,MCO,FL,ASO,ES,Towers with Radar,484,135,20,2,641,0,0,2,0,2,484,135,22,2,643,0,0,0,643
12/26/2001,MCO,FL,ASO,ES,Towers with Radar,544,195,54,11,804,0,0,6,0,6,544,195,60,11,810,0,0,0,810
12/27/2001,MCO,FL,ASO,ES,Towers with Radar,565,213,54,12,844,0,0,7,0,7,565,213,61,12,851,0,0,0,851
12/28/2001,MCO,FL,ASO,ES,Towers with Radar,569,181,75,18,843,0,0,5,0,5,569,181,80,18,848,0,0,0,848
12/29/2001,MCO,FL,ASO,ES,Towers with Radar,580,186,65,11,842,0,0,4,0,4,580,186,69,11,846,0,0,0,846
12/30/2001,MCO,FL,ASO,ES,Towers with Radar,528,171,48,15,762,0,0,1,0,1,528,171,49,15,763,0,0,0,763
12/31/2001,MCO,FL,ASO,ES,Towers with Radar,463,151,37,4,655,44,0,0,0,44,507,151,37,4,699,0,0,0,699
01/01/2002,MCO,FL,ASO,ES,Towers with Radar,499,165,43,14,721,1,1,7,0,9,500,166,50,14,730,0,0,0,730
01/02/2002,MCO,FL,ASO,ES,Towers with Radar,541,168,59,8,776,0,0,1,0,1,541,168,60,8,777,0,0,0,777
01/03/2002,MCO,FL,ASO,ES,Towers with Radar,551,190,55,23,819,0,1,5,0,6,551,191,60,23,825,0,0,0,825
01/04/2002,MCO,FL,ASO,ES,Towers with Radar,575,195,52,20,842,0,0,6,0,6,575,195,58,20,848,0,0,0,848
01/05/2002,MCO,FL,ASO,ES,Towers with Radar,581,171,82,15,849,0,1,7,0,8,581,172,89,15,857,0,0,0,857
01/06/2002,MCO,FL,ASO,ES,Towers with Radar,524,172,66,10,772,0,1,4,0,5,524,173,70,10,777,0,0,0,777
01/07/2002,MCO,FL,ASO,ES,Towers with Radar,520,185,51,24,780,0,0,1,0,1,520,185,52,24,781,0,0,0,781
01/08/2002,MCO,FL,ASO,ES,Towers with Radar,540,188,73,13,814,0,12,8,0,20,540,200,81,13,834,0,0,0,834
01/09/2002,MCO,FL,ASO,ES,Towers with Radar,538,190,65,24,817,1,0,6,0,7,539,190,71,24,824,0,0,0,824
01/10/2002,MCO,FL,ASO,ES,Towers with Radar,550,202,56,28,836,1,1,5,0,7,551,203,61,28,843,0,0,0,843
01/11/2002,MCO,FL,ASO,ES,Towers with Radar,546,182,65,18,811,0,0,0,7,7,546,182,65,25,818,0,0,0,818
01/12/2002,MCO,FL,ASO,ES,Towers with Radar,547,172,48,15,782,1,0,8,0,9,548,172,56,15,791,0,0,0,791
01/13/2002,MCO,FL,ASO,ES,Towers with Radar,515,167,65,12,759,1,0,1,0,2,516,167,66,12,761,0,0,0,761
01/14/2002,MCO,FL,ASO,ES,Towers with Radar,510,175,74,15,774,1,0,4,0,5,511,175,78,15,779,0,0,0,779
01/15/2002,MCO,FL,ASO,ES,Towers with Radar,493,192,75,16,776,1,0,2,0,3,494,192,77,16,779,0,0,0,779
01/16/2002,MCO,FL,ASO,ES,Towers with Radar,487,193,86,21,787,1,0,5,0,6,488,193,91,21,793,0,0,0,793
01/17/2002,MCO,FL,ASO,ES,Towers with Radar,508,184,76,31,799,1,0,4,0,5,509,184,80,31,804,0,0,0,804
01/18/2002,MCO,FL,ASO,ES,Towers with Radar,493,175,71,26,765,1,0,1,0,2,494,175,72,26,767,0,0,0,767
01/19/2002,MCO,FL,ASO,ES,Towers with Radar,520,193,57,29,799,1,0,5,0,6,521,193,62,29,805,0,0,0,805
01/20/2002,MCO,FL,ASO,ES,Towers with Radar,520,180,71,14,785,4,0,2,0,6,524,180,73,14,791,0,0,0,791
01/21/2002,MCO,FL,ASO,ES,Towers with Radar,524,177,92,14,807,1,0,1,0,2,525,177,93,14,809,0,0,0,809
01/22/2002,MCO,FL,ASO,ES,Towers with Radar,528,194,107,17,846,0,1,1,0,2,528,195,108,17,848,0,0,0,848
01/23/2002,MCO,FL,ASO,ES,Towers with Radar,538,183,98,14,833,0,0,1,0,1,538,183,99,14,834,0,0,0,834
01/24/2002,MCO,FL,ASO,ES,Towers with Radar,542,200,94,21,857,0,0,4,0,4,542,200,98,21,861,0,0,0,861
01/25/2002,MCO,FL,ASO,ES,Towers with Radar,555,193,105,22,875,0,0,1,0,1,555,193,106,22,876,0,0,0,876
01/26/2002,MCO,FL,ASO,ES,Towers with Radar,543,186,87,6,822,0,0,1,0,1,543,186,88,6,823,0,0,0,823
01/27/2002,MCO,FL,ASO,ES,Towers with Radar,517,172,60,11,760,0,0,1,0,1,517,172,61,11,761,3,0,3,764
01/28/2002,MCO,FL,ASO,ES,Towers with Radar,507,179,57,9,752,0,0,5,0,5,507,179,62,9,757,0,0,0,757
01/29/2002,MCO,FL,ASO,ES,Towers with Radar,526,176,62,15,779,0,0,2,0,2,526,176,64,15,781,0,0,0,781
01/30/2002,MCO,FL,ASO,ES,Towers with Radar,535,184,72,9,800,0,0,3,2,5,535,184,75,11,805,0,0,0,805
01/31/2002,MCO,FL,ASO,ES,Towers with Radar,542,173,78,13,806,0,0,12,0,12,542,173,90,13,818,0,0,0,818
02/01/2002,MCO,FL,ASO,ES,Towers with Radar,499,179,73,25,776,2,0,3,0,5,501,179,76,25,781,0,0,0,781
02/02/2002,MCO,FL,ASO,ES,Towers with Radar,557,188,75,21,841,2,0,3,0,5,559,188,78,21,846,0,0,0,846
02/03/2002,MCO,FL,ASO,ES,Towers with Radar,514,192,66,12,784,2,0,2,1,5,516,192,68,13,789,0,0,0,789
02/04/2002,MCO,FL,ASO,ES,Towers with Radar,515,196,60,18,789,2,0,13,1,16,517,196,73,19,805,0,0,0,805
02/05/2002,MCO,FL,ASO,ES,Towers with Radar,538,215,72,15,840,2,0,7,3,12,540,215,79,18,852,0,0,0,852
02/06/2002,MCO,FL,ASO,ES,Towers with Radar,550,206,84,23,863,2,0,12,1,15,552,206,96,24,878,0,0,0,878
02/07/2002,MCO,FL,ASO,ES,Towers with Radar,549,215,90,15,869,2,0,3,2,7,551,215,93,17,876,0,0,0,876
02/08/2002,MCO,FL,ASO,ES,Towers with Radar,517,195,99,12,823,2,0,2,1,5,519,195,101,13,828,0,0,0,828
02/09/2002,MCO,FL,ASO,ES,Towers with Radar,513,192,84,18,807,2,0,2,0,4,515,192,86,18,811,0,0,0,811
02/10/2002,MCO,FL,ASO,ES,Towers with Radar,524,208,72,27,831,2,0,2,0,4,526,208,74,27,835,3,0,3,838
02/11/2002,MCO,FL,ASO,ES,Towers with Radar,540,207,85,13,845,2,0,21,0,23,542,207,106,13,868,0,0,0,868
02/12/2002,MCO,FL,ASO,ES,Towers with Radar,555,208,101,16,880,2,0,10,0,12,557,208,111,16,892,0,0,0,892
02/13/2002,MCO,FL,ASO,ES,Towers with Radar,559,215,97,16,887,0,0,17,0,17,559,215,114,16,904,0,0,0,904
02/14/2002,MCO,FL,ASO,ES,Towers with Radar,567,225,126,19,937,2,0,2,0,4,569,225,128,19,941,0,0,0,941
02/15/2002,MCO,FL,ASO,ES,Towers with Radar,567,201,126,24,918,2,0,39,0,41,569,201,165,24,959,0,0,0,959
02/16/2002,MCO,FL,ASO,ES,Towers with Radar,586,216,116,21,939,2,0,36,0,38,588,216,152,21,977,0,0,0,977
02/17/2002,MCO,FL,ASO,ES,Towers with Radar,530,214,100,14,858,2,0,1,0,3,532,214,101,14,861,20,0,20,881
02/18/2002,MCO,FL,ASO,ES,Towers with Radar,535,222,99,32,888,2,0,12,0,14,537,222,111,32,902,0,0,0,902
02/19/2002,MCO,FL,ASO,ES,Towers with Radar,553,203,85,7,848,2,1,9,2,14,555,204,94,9,862,0,0,0,862
02/20/2002,MCO,FL,ASO,ES,Towers with Radar,567,202,96,13,878,2,0,3,0,5,569,202,99,13,883,0,0,0,883
02/21/2002,MCO,FL,ASO,ES,Towers with Radar,562,205,97,24,888,2,0,1,0,3,564,205,98,24,891,0,0,0,891
02/22/2002,MCO,FL,ASO,ES,Towers with Radar,516,196,85,11,808,2,0,1,0,3,518,196,86,11,811,0,0,0,811
02/23/2002,MCO,FL,ASO,ES,Towers with Radar,575,196,59,6,836,2,0,1,0,3,577,196,60,6,839,0,0,0,839
02/24/2002,MCO,FL,ASO,ES,Towers with Radar,540,214,97,14,865,2,1,1,0,4,542,215,98,14,869,0,0,0,869
02/25/2002,MCO,FL,ASO,ES,Towers with Radar,537,207,89,15,848,0,8,6,0,14,537,215,95,15,862,0,0,0,862
02/26/2002,MCO,FL,ASO,ES,Towers with Radar,561,209,84,15,869,1,1,12,0,14,562,210,96,15,883,0,0,0,883
02/27/2002,MCO,FL,ASO,ES,Towers with Radar,567,212,109,23,911,1,1,14,0,16,568,213,123,23,927,0,0,0,927
02/28/2002,MCO,FL,ASO,ES,Towers with Radar,565,215,92,13,885,1,1,2,0,4,566,216,94,13,889,0,0,0,889
03/01/2002,MCO,FL,ASO,ES,Towers with Radar,577,221,97,34,929,0,0,0,0,0,577,221,97,34,929,0,0,0,929
03/02/2002,MCO,FL,ASO,ES,Towers with Radar,577,195,54,15,841,2,0,0,0,2,579,195,54,15,843,0,0,0,843
03/03/2002,MCO,FL,ASO,ES,Towers with Radar,533,189,82,21,825,1,0,0,0,1,534,189,82,21,826,0,0,0,826
03/04/2002,MCO,FL,ASO,ES,Towers with Radar,564,205,96,20,885,1,0,0,0,1,565,205,96,20,886,0,0,0,886
03/05/2002,MCO,FL,ASO,ES,Towers with Radar,583,220,83,19,905,1,1,13,0,15,584,221,96,19,920,0,0,0,920
03/06/2002,MCO,FL,ASO,ES,Towers with Radar,581,211,140,20,952,1,0,14,0,15,582,211,154,20,967,0,0,0,967
03/07/2002,MCO,FL,ASO,ES,Towers with Radar,561,223,119,25,928,1,0,0,0,1,562,223,119,25,929,0,0,0,929
03/08/2002,MCO,FL,ASO,ES,Towers with Radar,576,220,102,20,918,1,0,0,0,1,577,220,102,20,919,0,0,0,919
03/09/2002,MCO,FL,ASO,ES,Towers with Radar,593,197,65,21,876,1,0,4,0,5,594,197,69,21,881,0,0,0,881
03/10/2002,MCO,FL,ASO,ES,Towers with Radar,561,203,87,24,875,1,0,0,2,3,562,203,87,26,878,11,0,11,889
03/11/2002,MCO,FL,ASO,ES,Towers with Radar,557,215,89,16,877,1,0,0,0,1,558,215,89,16,878,0,0,0,878
03/12/2002,MCO,FL,ASO,ES,Towers with Radar,562,241,88,16,907,1,1,6,1,9,563,242,94,17,916,0,0,0,916
03/13/2002,MCO,FL,ASO,ES,Towers with Radar,591,233,84,17,925,1,0,3,0,4,592,233,87,17,929,0,0,0,929
03/14/2002,MCO,FL,ASO,ES,Towers with Radar,585,225,127,25,962,1,0,0,0,1,586,225,127,25,963,0,0,0,963
03/15/2002,MCO,FL,ASO,ES,Towers with Radar,577,213,95,20,905,1,0,0,0,1,578,213,95,20,906,0,0,0,906
03/16/2002,MCO,FL,ASO,ES,Towers with Radar,607,201,102,17,927,1,0,15,0,16,608,201,117,17,943,0,0,0,943
03/17/2002,MCO,FL,ASO,ES,Towers with Radar,547,214,118,18,897,1,0,0,0,1,548,214,118,18,898,7,0,7,905
03/18/2002,MCO,FL,ASO,ES,Towers with Radar,559,206,87,20,872,9,6,0,2,17,568,212,87,22,889,0,0,0,889
03/19/2002,MCO,FL,ASO,ES,Towers with Radar,557,205,89,15,866,21,3,1,0,25,578,208,90,15,891,0,0,0,891
03/20/2002,MCO,FL,ASO,ES,Towers with Radar,402,148,65,14,629,141,52,58,2,253,543,200,123,16,882,0,0,0,882
03/21/2002,MCO,FL,ASO,ES,Towers with Radar,595,222,105,23,945,0,0,15,2,17,595,222,120,25,962,0,0,0,962
03/22/2002,MCO,FL,ASO,ES,Towers with Radar,593,220,82,29,924,1,0,27,1,29,594,220,109,30,953,0,0,0,953
03/23/2002,MCO,FL,ASO,ES,Towers with Radar,625,213,112,18,968,3,1,13,0,17,628,214,125,18,985,0,0,0,985
03/24/2002,MCO,FL,ASO,ES,Towers with Radar,561,203,78,25,867,1,0,0,0,1,562,203,78,25,868,7,0,7,875
03/25/2002,MCO,FL,ASO,ES,Towers with Radar,546,201,73,19,839,13,5,0,0,18,559,206,73,19,857,0,0,0,857
03/26/2002,MCO,FL,ASO,ES,Towers with Radar,568,205,59,21,853,1,0,10,0,11,569,205,69,21,864,0,0,0,864
03/27/2002,MCO,FL,ASO,ES,Towers with Radar,600,222,108,18,948,1,0,13,2,16,601,222,121,20,964,0,0,0,964
03/28/2002,MCO,FL,ASO,ES,Towers with Radar,611,228,110,24,973,1,1,14,0,16,612,229,124,24,989,0,0,0,989
03/29/2002,MCO,FL,ASO,ES,Towers with Radar,582,199,99,20,900,1,0,0,0,1,583,199,99,20,901,5,0,5,906
03/30/2002,MCO,FL,ASO,ES,Towers with Radar,616,201,89,17,923,0,0,7,0,7,616,201,96,17,930,0,0,0,930
03/31/2002,MCO,FL,ASO,ES,Towers with Radar,570,208,53,24,855,0,0,0,0,0,570,208,53,24,855,5,0,5,860
04/01/2002,MCO,FL,ASO,ES,Towers with Radar,557,199,105,9,870,3,1,0,0,4,560,200,105,9,874,0,0,0,874
04/02/2002,MCO,FL,ASO,ES,Towers with Radar,513,205,75,7,800,2,1,5,1,9,515,206,80,8,809,0,0,0,809
04/03/2002,MCO,FL,ASO,ES,Towers with Radar,572,225,62,8,867,2,1,3,1,7,574,226,65,9,874,0,0,0,874
04/04/2002,MCO,FL,ASO,ES,Towers with Radar,569,231,81,9,890,3,1,5,0,9,572,232,86,9,899,0,0,0,899
04/05/2002,MCO,FL,ASO,ES,Towers with Radar,583,203,107,15,908,3,1,8,0,12,586,204,115,15,920,0,0,0,920
04/06/2002,MCO,FL,ASO,ES,Towers with Radar,603,196,74,13,886,3,2,9,0,14,606,198,83,13,900,0,0,0,900
04/07/2002,MCO,FL,ASO,ES,Towers with Radar,525,181,102,15,823,3,1,0,0,4,528,182,102,15,827,0,0,0,827
04/08/2002,MCO,FL,ASO,ES,Towers with Radar,552,201,86,16,855,0,0,10,5,15,552,201,96,21,870,0,0,0,870
04/09/2002,MCO,FL,ASO,ES,Towers with Radar,568,200,85,25,878,3,1,0,0,4,571,201,85,25,882,6,0,6,888
04/10/2002,MCO,FL,ASO,ES,Towers with Radar,575,202,109,21,907,3,1,19,0,23,578,203,128,21,930,0,0,0,930
04/11/2002,MCO,FL,ASO,ES,Towers with Radar,515,185,106,16,822,3,1,0,0,4,518,186,106,16,826,0,0,0,826
04/12/2002,MCO,FL,ASO,ES,Towers with Radar,566,195,95,17,873,0,0,18,0,18,566,195,113,17,891,0,0,0,891
04/13/2002,MCO,FL,ASO,ES,Towers with Radar,608,193,74,14,889,3,1,3,0,7,611,194,77,14,896,0,0,0,896
04/14/2002,MCO,FL,ASO,ES,Towers with Radar,539,180,55,18,792,3,1,0,0,4,542,181,55,18,796,0,0,0,796
04/15/2002,MCO,FL,ASO,ES,Towers with Radar,553,196,85,18,852,2,2,4,0,8,555,198,89,18,860,0,0,0,860
04/16/2002,MCO,FL,ASO,ES,Towers with Radar,516,182,77,5,780,23,14,2,0,39,539,196,79,5,819,0,0,0,819
04/17/2002,MCO,FL,ASO,ES,Towers with Radar,577,194,87,15,873,0,0,19,0,19,577,194,106,15,892,0,0,0,892
04/18/2002,MCO,FL,ASO,ES,Towers with Radar,552,229,83,27,891,2,1,6,1,10,554,230,89,28,901,0,0,0,901
04/19/2002,MCO,FL,ASO,ES,Towers with Radar,580,202,86,15,883,0,0,2,0,2,580,202,88,15,885,0,0,0,885
04/20/2002,MCO,FL,ASO,ES,Towers with Radar,578,176,68,10,832,1,1,6,1,9,579,177,74,11,841,0,0,0,841
04/21/2002,MCO,FL,ASO,ES,Towers with Radar,482,169,72,12,735,63,22,4,0,89,545,191,76,12,824,0,0,0,824
04/22/2002,MCO,FL,ASO,ES,Towers with Radar,540,191,53,23,807,1,1,3,1,6,541,192,56,24,813,0,0,0,813
04/23/2002,MCO,FL,ASO,ES,Towers with Radar,556,195,83,3,837,1,1,12,1,15,557,196,95,4,852,0,0,0,852
04/24/2002,MCO,FL,ASO,ES,Towers with Radar,558,196,64,14,832,20,10,0,16,46,578,206,64,30,878,0,0,0,878
04/25/2002,MCO,FL,ASO,ES,Towers with Radar,577,205,65,30,877,1,1,11,0,13,578,206,76,30,890,0,0,0,890
04/26/2002,MCO,FL,ASO,ES,Towers with Radar,527,186,94,16,823,1,1,3,0,5,528,187,97,16,828,0,0,0,828
04/27/2002,MCO,FL,ASO,ES,Towers with Radar,605,182,74,15,876,2,1,2,0,5,607,183,76,15,881,0,0,0,881
04/28/2002,MCO,FL,ASO,ES,Towers with Radar,534,185,77,30,826,1,1,0,0,2,535,186,77,30,828,0,0,0,828
04/29/2002,MCO,FL,ASO,ES,Towers with Radar,579,203,84,14,880,1,1,6,0,8,580,204,90,14,888,0,0,0,888
04/30/2002,MCO,FL,ASO,ES,Towers with Radar,579,198,75,16,868,1,1,3,0,5,580,199,78,16,873,0,0,0,873
05/01/2002,MCO,FL,ASO,ES,Towers with Radar,567,207,67,6,847,4,1,8,1,14,571,208,75,7,861,0,0,0,861
05/02/2002,MCO,FL,ASO,ES,Towers with Radar,545,204,69,15,833,2,2,0,2,6,547,206,69,17,839,0,0,0,839
05/03/2002,MCO,FL,ASO,ES,Towers with Radar,571,204,86,16,877,3,2,4,2,11,574,206,90,18,888,0,0,0,888
05/04/2002,MCO,FL,ASO,ES,Towers with Radar,590,182,57,15,844,2,2,5,2,11,592,184,62,17,855,0,0,0,855
05/05/2002,MCO,FL,ASO,ES,Towers with Radar,548,179,81,10,818,2,2,0,2,6,550,181,81,12,824,0,0,0,824
05/06/2002,MCO,FL,ASO,ES,Towers with Radar,541,178,82,12,813,2,2,3,1,8,543,180,85,13,821,0,0,0,821
05/07/2002,MCO,FL,ASO,ES,Towers with Radar,570,203,78,10,861,2,2,6,2,12,572,205,84,12,873,0,0,0,873
05/08/2002,MCO,FL,ASO,ES,Towers with Radar,574,186,76,17,853,2,2,11,3,18,576,188,87,20,871,0,0,0,871
05/09/2002,MCO,FL,ASO,ES,Towers with Radar,569,198,71,11,849,0,0,3,0,3,569,198,74,11,852,0,0,0,852
05/10/2002,MCO,FL,ASO,ES,Towers with Radar,591,194,88,13,886,3,1,1,0,5,594,195,89,13,891,0,0,0,891
05/11/2002,MCO,FL,ASO,ES,Towers with Radar,586,172,46,13,817,3,1,7,0,11,589,173,53,13,828,0,0,0,828
05/12/2002,MCO,FL,ASO,ES,Towers with Radar,532,154,44,15,745,3,1,1,0,5,535,155,45,15,750,0,0,0,750
05/13/2002,MCO,FL,ASO,ES,Towers with Radar,553,171,57,18,799,3,1,7,0,11,556,172,64,18,810,0,0,0,810
05/14/2002,MCO,FL,ASO,ES,Towers with Radar,582,179,87,19,867,3,1,9,0,13,585,180,96,19,880,0,0,0,880
05/15/2002,MCO,FL,ASO,ES,Towers with Radar,573,191,63,16,843,3,2,16,0,21,576,193,79,16,864,0,0,0,864
05/16/2002,MCO,FL,ASO,ES,Towers with Radar,572,193,78,22,865,3,1,1,0,5,575,194,79,22,870,4,0,4,874
05/17/2002,MCO,FL,ASO,ES,Towers with Radar,560,190,72,19,841,3,1,1,0,5,563,191,73,19,846,0,0,0,846
05/18/2002,MCO,FL,ASO,ES,Towers with Radar,582,172,37,13,804,3,1,4,1,9,585,173,41,14,813,0,0,0,813
05/19/2002,MCO,FL,ASO,ES,Towers with Radar,534,178,57,8,777,3,1,1,0,5,537,179,58,8,782,0,0,0,782
05/20/2002,MCO,FL,ASO,ES,Towers with Radar,544,181,82,6,813,3,1,1,0,5,547,182,83,6,818,0,0,0,818
05/21/2002,MCO,FL,ASO,ES,Towers with Radar,520,187,71,6,784,3,1,9,0,13,523,188,80,6,797,0,0,0,797
05/22/2002,MCO,FL,ASO,ES,Towers with Radar,530,188,49,11,778,3,1,22,0,26,533,189,71,11,804,0,0,0,804
05/23/2002,MCO,FL,ASO,ES,Towers with Radar,525,177,51,14,767,3,1,1,0,5,528,178,52,14,772,0,0,0,772
05/24/2002,MCO,FL,ASO,ES,Towers with Radar,582,196,77,11,866,3,1,1,0,5,585,197,78,11,871,0,0,0,871
05/25/2002,MCO,FL,ASO,ES,Towers with Radar,575,174,46,23,818,3,3,9,0,15,578,177,55,23,833,0,0,0,833
05/26/2002,MCO,FL,ASO,ES,Towers with Radar,539,157,49,15,760,3,1,1,0,5,542,158,50,15,765,0,0,0,765
05/27/2002,MCO,FL,ASO,ES,Towers with Radar,528,167,57,16,768,3,1,5,0,9,531,168,62,16,777,0,0,0,777
05/28/2002,MCO,FL,ASO,ES,Towers with Radar,544,181,65,15,805,3,1,10,0,14,547,182,75,15,819,0,0,0,819
05/29/2002,MCO,FL,ASO,ES,Towers with Radar,595,191,72,9,867,0,0,8,0,8,595,191,80,9,875,0,0,0,875
05/30/2002,MCO,FL,ASO,ES,Towers with Radar,476,179,66,9,730,0,0,0,0,0,476,179,66,9,730,0,0,0,730
05/31/2002,MCO,FL,ASO,ES,Towers with Radar,525,189,49,24,787,2,1,0,1,4,527,190,49,25,791,0,0,0,791
06/01/2002,MCO,FL,ASO,ES,Towers with Radar,561,118,40,0,719,43,47,15,13,118,604,165,55,13,837,0,0,0,837
06/02/2002,MCO,FL,ASO,ES,Towers with Radar,509,107,36,0,652,47,71,23,15,156,556,178,59,15,808,0,0,0,808
06/03/2002,MCO,FL,ASO,ES,Towers with Radar,562,126,42,0,730,0,58,23,11,92,562,184,65,11,822,0,0,0,822
06/04/2002,MCO,FL,ASO,ES,Towers with Radar,565,124,42,0,731,0,52,31,10,93,565,176,73,10,824,0,0,0,824
06/05/2002,MCO,FL,ASO,ES,Towers with Radar,602,138,46,0,786,0,61,29,24,114,602,199,75,24,900,0,0,0,900
06/06/2002,MCO,FL,ASO,ES,Towers with Radar,581,146,49,0,776,0,43,33,17,93,581,189,82,17,869,0,0,0,869
06/07/2002,MCO,FL,ASO,ES,Towers with Radar,595,146,49,0,790,0,69,21,23,113,595,215,70,23,903,0,0,0,903
06/08/2002,MCO,FL,ASO,ES,Towers with Radar,614,129,43,0,786,2,47,19,7,75,616,176,62,7,861,0,0,0,861
06/09/2002,MCO,FL,ASO,ES,Towers with Radar,567,120,40,0,727,0,50,12,8,70,567,170,52,8,797,0,0,0,797
06/10/2002,MCO,FL,ASO,ES,Towers with Radar,595,130,42,1,768,0,10,23,1,34,595,140,65,2,802,0,0,0,802
06/11/2002,MCO,FL,ASO,ES,Towers with Radar,582,140,47,1,770,0,54,38,16,108,582,194,85,17,878,0,0,0,878
06/12/2002,MCO,FL,ASO,ES,Towers with Radar,597,145,49,1,792,0,52,48,12,112,597,197,97,13,904,0,0,0,904
06/13/2002,MCO,FL,ASO,ES,Towers with Radar,617,133,44,1,795,0,0,2,3,5,617,133,46,4,800,0,0,0,800
06/14/2002,MCO,FL,ASO,ES,Towers with Radar,595,134,44,1,774,0,52,29,24,105,595,186,73,25,879,0,0,0,879
06/15/2002,MCO,FL,ASO,ES,Towers with Radar,589,124,42,1,756,31,50,13,7,101,620,174,55,8,857,0,0,0,857
06/16/2002,MCO,FL,ASO,ES,Towers with Radar,534,114,36,0,684,33,76,23,18,150,567,190,59,18,834,0,0,0,834
06/17/2002,MCO,FL,ASO,ES,Towers with Radar,499,119,38,0,656,0,39,35,9,83,499,158,73,9,739,2,0,2,741
06/18/2002,MCO,FL,ASO,ES,Towers with Radar,524,138,45,1,708,0,58,32,14,104,524,196,77,15,812,0,0,0,812
06/19/2002,MCO,FL,ASO,ES,Towers with Radar,587,141,45,1,774,0,72,45,18,135,587,213,90,19,909,0,0,0,909
06/20/2002,MCO,FL,ASO,ES,Towers with Radar,581,150,48,1,780,0,70,39,10,119,581,220,87,11,899,0,0,0,899
06/21/2002,MCO,FL,ASO,ES,Towers with Radar,549,161,52,1,763,0,17,46,19,82,549,178,98,20,845,0,0,0,845
06/22/2002,MCO,FL,ASO,ES,Towers with Radar,550,118,38,0,706,67,53,13,11,144,617,171,51,11,850,0,0,0,850
06/23/2002,MCO,FL,ASO,ES,Towers with Radar,551,118,38,0,707,6,70,28,19,123,557,188,66,19,830,1,0,1,831
06/24/2002,MCO,FL,ASO,ES,Towers with Radar,546,132,42,1,721,0,55,35,7,97,546,187,77,8,818,0,0,0,818
06/25/2002,MCO,FL,ASO,ES,Towers with Radar,577,150,48,1,776,0,58,42,4,104,577,208,90,5,880,0,0,0,880
06/26/2002,MCO,FL,ASO,ES,Towers with Radar,580,139,46,1,766,0,52,36,16,104,580,191,82,17,870,0,0,0,870
06/27/2002,MCO,FL,ASO,ES,Towers with Radar,577,146,47,1,771,0,59,27,19,105,577,205,74,20,876,0,0,0,876
06/28/2002,MCO,FL,ASO,ES,Towers with Radar,606,157,51,1,815,0,60,36,30,126,606,217,87,31,941,0,0,0,941
06/29/2002,MCO,FL,ASO,ES,Towers with Radar,609,180,49,19,857,1,1,7,0,9,610,181,56,19,866,0,0,0,866
06/30/2002,MCO,FL,ASO,ES,Towers with Radar,554,119,39,0,712,4,65,13,20,102,558,184,52,20,814,0,0,0,814
07/01/2002,MCO,FL,ASO,ES,Towers with Radar,544,137,41,1,723,0,43,29,8,80,544,180,70,9,803,0,0,0,803
07/02/2002,MCO,FL,ASO,ES,Towers with Radar,585,133,41,0,759,0,52,31,8,91,585,185,72,8,850,0,0,0,850
07/03/2002,MCO,FL,ASO,ES,Towers with Radar,607,142,41,0,790,0,39,28,7,74,607,181,69,7,864,0,0,0,864
07/04/2002,MCO,FL,ASO,ES,Towers with Radar,511,107,31,0,649,31,54,17,11,113,542,161,48,11,762,0,0,0,762
07/05/2002,MCO,FL,ASO,ES,Towers with Radar,547,125,37,0,709,0,42,32,9,83,547,167,69,9,792,0,0,0,792
07/06/2002,MCO,FL,ASO,ES,Towers with Radar,604,125,36,0,765,4,47,19,9,79,608,172,55,9,844,0,0,0,844
07/07/2002,MCO,FL,ASO,ES,Towers with Radar,550,115,34,1,700,0,57,36,13,106,550,172,70,14,806,0,0,0,806
07/08/2002,MCO,FL,ASO,ES,Towers with Radar,547,131,38,1,717,0,76,37,15,128,547,207,75,16,845,0,0,0,845
07/09/2002,MCO,FL,ASO,ES,Towers with Radar,564,131,38,1,734,0,83,25,18,126,564,214,63,19,860,0,0,0,860
07/10/2002,MCO,FL,ASO,ES,Towers with Radar,576,135,39,1,751,0,66,60,16,142,576,201,99,17,893,0,0,0,893
07/11/2002,MCO,FL,ASO,ES,Towers with Radar,590,209,64,13,876,0,3,1,0,4,590,212,65,13,880,0,0,0,880
07/12/2002,MCO,FL,ASO,ES,Towers with Radar,575,119,34,1,729,7,97,40,24,168,582,216,74,25,897,0,0,0,897
07/13/2002,MCO,FL,ASO,ES,Towers with Radar,562,116,34,1,713,45,67,6,15,133,607,183,40,16,846,0,0,0,846
07/14/2002,MCO,FL,ASO,ES,Towers with Radar,562,118,34,1,715,0,61,33,17,111,562,179,67,18,826,0,0,0,826
07/15/2002,MCO,FL,ASO,ES,Towers with Radar,377,77,23,0,477,177,113,47,12,349,554,190,70,12,826,0,0,0,826
07/16/2002,MCO,FL,ASO,ES,Towers with Radar,364,74,22,0,460,217,120,45,14,396,581,194,67,14,856,0,0,0,856
07/17/2002,MCO,FL,ASO,ES,Towers with Radar,585,144,42,1,772,0,41,28,9,78,585,185,70,10,850,0,0,0,850
07/18/2002,MCO,FL,ASO,ES,Towers with Radar,569,152,45,1,767,0,43,21,10,74,569,195,66,11,841,0,0,0,841
07/19/2002,MCO,FL,ASO,ES,Towers with Radar,580,147,44,1,772,0,26,42,13,81,580,173,86,14,853,3,0,3,856
07/20/2002,MCO,FL,ASO,ES,Towers with Radar,598,124,37,1,760,32,57,11,15,115,630,181,48,16,875,0,0,0,875
07/21/2002,MCO,FL,ASO,ES,Towers with Radar,532,110,32,1,675,25,67,31,15,138,557,177,63,16,813,0,0,0,813
07/22/2002,MCO,FL,ASO,ES,Towers with Radar,542,126,37,1,706,0,54,45,18,117,542,180,82,19,823,0,0,0,823
07/23/2002,MCO,FL,ASO,ES,Towers with Radar,554,130,38,1,723,0,60,25,5,90,554,190,63,6,813,0,0,0,813
07/24/2002,MCO,FL,ASO,ES,Towers with Radar,589,133,39,0,761,0,72,50,13,135,589,205,89,13,896,0,0,0,896
07/25/2002,MCO,FL,ASO,ES,Towers with Radar,567,131,40,1,739,0,60,30,14,104,567,191,70,15,843,0,0,0,843
07/26/2002,MCO,FL,ASO,ES,Towers with Radar,573,134,41,1,749,0,42,34,21,97,573,176,75,22,846,4,0,4,850
07/27/2002,MCO,FL,ASO,ES,Towers with Radar,603,125,37,1,766,7,46,43,16,112,610,171,80,17,878,0,0,0,878
07/28/2002,MCO,FL,ASO,ES,Towers with Radar,521,109,32,1,663,39,51,35,18,143,560,160,67,19,806,0,0,0,806
07/29/2002,MCO,FL,ASO,ES,Towers with Radar,534,120,35,1,690,0,67,16,17,100,534,187,51,18,790,0,0,0,790
07/30/2002,MCO,FL,ASO,ES,Towers with Radar,573,127,38,1,739,0,61,18,13,92,573,188,56,14,831,0,0,0,831
07/31/2002,MCO,FL,ASO,ES,Towers with Radar,586,133,39,1,759,0,60,25,11,96,586,193,64,12,855,0,0,0,855
08/01/2002,MCO,FL,ASO,ES,Towers with Radar,533,137,36,2,708,0,37,34,12,83,533,174,70,14,791,0,0,0,791
08/02/2002,MCO,FL,ASO,ES,Towers with Radar,576,139,37,2,754,0,40,48,12,100,576,179,85,14,854,0,0,0,854
08/03/2002,MCO,FL,ASO,ES,Towers with Radar,545,114,30,2,691,59,45,19,10,133,604,159,49,12,824,0,0,0,824
08/04/2002,MCO,FL,ASO,ES,Towers with Radar,512,107,29,2,650,57,57,20,7,141,569,164,49,9,791,0,0,0,791
08/05/2002,MCO,FL,ASO,ES,Towers with Radar,471,99,25,2,597,61,81,35,10,187,532,180,60,12,784,0,0,0,784
08/06/2002,MCO,FL,ASO,ES,Towers with Radar,575,120,32,2,729,5,71,10,17,103,580,191,42,19,832,0,0,0,832
08/07/2002,MCO,FL,ASO,ES,Towers with Radar,563,141,38,2,744,0,86,28,14,128,563,227,66,16,872,0,0,0,872
08/08/2002,MCO,FL,ASO,ES,Towers with Radar,521,136,38,2,697,0,42,2,16,60,521,178,40,18,757,0,0,0,757
08/09/2002,MCO,FL,ASO,ES,Towers with Radar,571,138,38,2,749,0,57,34,7,98,571,195,72,9,847,0,0,0,847
08/10/2002,MCO,FL,ASO,ES,Towers with Radar,585,122,34,2,743,18,42,18,6,84,603,164,52,8,827,0,0,0,827
08/11/2002,MCO,FL,ASO,ES,Towers with Radar,542,114,30,2,688,21,50,25,7,103,563,164,55,9,791,0,0,0,791
08/12/2002,MCO,FL,ASO,ES,Towers with Radar,533,124,34,2,693,0,57,25,8,90,533,181,59,10,783,0,0,0,783
08/13/2002,MCO,FL,ASO,ES,Towers with Radar,514,108,29,2,653,42,75,34,3,154,556,183,63,5,807,0,0,0,807
08/14/2002,MCO,FL,ASO,ES,Towers with Radar,559,135,37,2,733,0,66,57,8,131,559,201,94,10,864,0,0,0,864
08/15/2002,MCO,FL,ASO,ES,Towers with Radar,561,144,40,2,747,0,74,35,6,115,561,218,75,8,862,0,0,0,862
08/16/2002,MCO,FL,ASO,ES,Towers with Radar,575,132,35,2,744,0,59,28,10,97,575,191,63,12,841,0,0,0,841
08/17/2002,MCO,FL,ASO,ES,Towers with Radar,234,48,13,1,296,367,123,42,18,550,601,171,55,19,846,0,0,0,846
08/18/2002,MCO,FL,ASO,ES,Towers with Radar,531,110,31,2,674,34,51,3,11,99,565,161,34,13,773,0,0,0,773
08/19/2002,MCO,FL,ASO,ES,Towers with Radar,537,124,35,1,697,0,54,39,12,105,537,178,74,13,802,0,0,0,802
08/20/2002,MCO,FL,ASO,ES,Towers with Radar,569,128,36,1,734,0,55,37,15,107,569,183,73,16,841,0,0,0,841
08/21/2002,MCO,FL,ASO,ES,Towers with Radar,556,131,37,1,725,0,62,37,12,111,556,193,74,13,836,0,0,0,836
08/22/2002,MCO,FL,ASO,ES,Towers with Radar,574,126,35,1,736,0,79,15,16,110,574,205,50,17,846,8,0,8,854
08/23/2002,MCO,FL,ASO,ES,Towers with Radar,577,136,38,1,752,0,37,23,17,77,577,173,61,18,829,13,0,13,842
08/24/2002,MCO,FL,ASO,ES,Towers with Radar,549,114,31,1,695,39,43,34,14,130,588,157,65,15,825,0,0,0,825
08/25/2002,MCO,FL,ASO,ES,Towers with Radar,529,110,30,1,670,26,63,13,15,117,555,173,43,16,787,0,0,0,787
08/26/2002,MCO,FL,ASO,ES,Towers with Radar,533,128,35,1,697,0,62,26,6,94,533,190,61,7,791,0,0,0,791
08/27/2002,MCO,FL,ASO,ES,Towers with Radar,566,129,36,1,732,0,65,20,18,103,566,194,56,19,835,0,0,0,835
08/28/2002,MCO,FL,ASO,ES,Towers with Radar,560,129,36,1,726,0,60,38,12,110,560,189,74,13,836,0,0,0,836
08/29/2002,MCO,FL,ASO,ES,Towers with Radar,561,133,37,1,732,0,83,34,14,131,561,216,71,15,863,0,0,0,863
08/30/2002,MCO,FL,ASO,ES,Towers with Radar,568,142,39,1,750,0,50,45,16,111,568,192,84,17,861,0,0,0,861
08/31/2002,MCO,FL,ASO,ES,Towers with Radar,557,115,32,1,705,25,51,26,6,108,582,166,58,7,813,0,0,0,813
09/01/2002,MCO,FL,ASO,ES,Towers with Radar,435,99,35,1,570,66,65,0,13,144,501,164,35,14,714,0,0,0,714
09/02/2002,MCO,FL,ASO,ES,Towers with Radar,505,119,43,1,668,0,55,27,10,92,505,174,70,11,760,0,0,0,760
09/03/2002,MCO,FL,ASO,ES,Towers with Radar,529,126,46,2,703,0,48,20,8,76,529,174,66,10,779,0,0,0,779
09/04/2002,MCO,FL,ASO,ES,Towers with Radar,488,112,36,1,637,13,52,0,13,78,501,164,36,14,715,0,0,0,715
09/05/2002,MCO,FL,ASO,ES,Towers with Radar,575,138,49,2,764,0,52,20,8,80,575,190,69,10,844,0,0,0,844
09/06/2002,MCO,FL,ASO,ES,Towers with Radar,551,132,47,2,732,0,42,27,9,78,551,174,74,11,810,0,0,0,810
09/07/2002,MCO,FL,ASO,ES,Towers with Radar,123,29,9,1,162,426,138,69,18,651,549,167,78,19,813,0,0,0,813
09/08/2002,MCO,FL,ASO,ES,Towers with Radar,0,0,0,0,0,514,169,63,9,755,514,169,63,9,755,0,0,0,755
09/09/2002,MCO,FL,ASO,ES,Towers with Radar,0,0,0,0,0,513,178,126,24,841,513,178,126,24,841,0,0,0,841
09/10/2002,MCO,FL,ASO,ES,Towers with Radar,503,116,41,1,661,0,68,118,16,202,503,184,159,17,863,0,0,0,863
09/11/2002,MCO,FL,ASO,ES,Towers with Radar,452,156,56,2,666,0,40,125,23,188,452,196,181,25,854,0,0,0,854
09/12/2002,MCO,FL,ASO,ES,Towers with Radar,530,159,56,2,747,0,36,79,16,131,530,195,135,18,878,0,0,0,878
09/13/2002,MCO,FL,ASO,ES,Towers with Radar,536,132,47,2,717,0,46,36,10,92,536,178,83,12,809,0,0,0,809
09/14/2002,MCO,FL,ASO,ES,Towers with Radar,510,117,42,1,670,19,54,22,14,109,529,171,64,15,779,0,0,0,779
09/15/2002,MCO,FL,ASO,ES,Towers with Radar,497,114,29,0,640,57,14,0,0,71,554,128,29,0,711,0,0,0,711
09/16/2002,MCO,FL,ASO,ES,Towers with Radar,503,122,44,0,669,0,42,18,8,68,503,164,62,8,737,0,0,0,737
09/17/2002,MCO,FL,ASO,ES,Towers with Radar,501,135,49,1,686,0,29,20,15,64,501,164,69,16,750,0,0,0,750
09/18/2002,MCO,FL,ASO,ES,Towers with Radar,497,137,50,1,685,0,18,28,7,53,497,155,78,8,738,0,0,0,738
09/19/2002,MCO,FL,ASO,ES,Towers with Radar,514,139,51,1,705,0,31,20,12,63,514,170,71,13,768,0,0,0,768
09/20/2002,MCO,FL,ASO,ES,Towers with Radar,540,132,48,1,721,0,43,42,6,91,540,175,90,7,812,0,0,0,812
09/21/2002,MCO,FL,ASO,ES,Towers with Radar,498,113,42,0,653,40,57,26,8,131,538,170,68,8,784,0,0,0,784
09/22/2002,MCO,FL,ASO,ES,Towers with Radar,497,112,41,0,650,20,70,18,11,119,517,182,59,11,769,0,0,0,769
09/23/2002,MCO,FL,ASO,ES,Towers with Radar,515,126,46,1,688,0,46,9,9,64,515,172,55,10,752,0,0,0,752
09/24/2002,MCO,FL,ASO,ES,Towers with Radar,542,118,36,0,696,27,0,0,0,27,569,118,36,0,723,0,0,0,723
09/25/2002,MCO,FL,ASO,ES,Towers with Radar,561,132,49,1,743,0,0,0,0,0,561,132,49,1,743,0,0,0,743
09/26/2002,MCO,FL,ASO,ES,Towers with Radar,578,133,50,1,762,0,0,2,3,5,578,133,52,4,767,0,0,0,767
09/27/2002,MCO,FL,ASO,ES,Towers with Radar,537,138,51,1,727,0,35,21,13,69,537,173,72,14,796,0,0,0,796
09/28/2002,MCO,FL,ASO,ES,Towers with Radar,507,115,35,0,657,80,0,0,0,80,587,115,35,0,737,0,0,0,737
09/29/2002,MCO,FL,ASO,ES,Towers with Radar,505,122,45,0,672,0,42,20,14,76,505,164,65,14,748,0,0,0,748
09/30/2002,MCO,FL,ASO,ES,Towers with Radar,583,121,44,0,748,12,0,0,0,12,595,121,44,0,760,0,0,0,760
10/01/2002,MCO,FL,ASO,ES,Towers with Radar,578,128,52,2,760,0,0,11,0,11,578,128,63,2,771,0,0,0,771
10/02/2002,MCO,FL,ASO,ES,Towers with Radar,531,134,51,2,718,0,48,38,3,89,531,182,89,5,807,0,0,0,807
10/03/2002,MCO,FL,ASO,ES,Towers with Radar,534,139,53,2,728,0,49,39,5,93,534,188,92,7,821,0,0,0,821
10/04/2002,MCO,FL,ASO,ES,Towers with Radar,529,135,51,2,717,0,36,14,6,56,529,171,65,8,773,0,0,0,773
10/05/2002,MCO,FL,ASO,ES,Towers with Radar,524,120,45,2,691,19,44,2,10,75,543,164,47,12,766,0,0,0,766
10/06/2002,MCO,FL,ASO,ES,Towers with Radar,494,113,43,2,652,35,68,31,11,145,529,181,74,13,797,0,0,0,797
10/07/2002,MCO,FL,ASO,ES,Towers with Radar,449,123,47,0,619,0,186,32,0,218,449,309,79,0,837,0,0,0,837
10/08/2002,MCO,FL,ASO,ES,Towers with Radar,524,132,49,2,707,0,56,37,3,96,524,188,86,5,803,0,0,0,803
10/09/2002,MCO,FL,ASO,ES,Towers with Radar,570,123,52,2,747,0,0,15,1,16,570,123,67,3,763,0,0,0,763
10/10/2002,MCO,FL,ASO,ES,Towers with Radar,577,137,52,2,768,0,0,0,0,0,577,137,52,2,768,0,0,0,768
10/11/2002,MCO,FL,ASO,ES,Towers with Radar,575,132,53,1,761,0,0,2,0,2,575,132,55,1,763,0,0,0,763
10/12/2002,MCO,FL,ASO,ES,Towers with Radar,530,118,45,0,693,70,0,0,0,70,600,118,45,0,763,0,0,0,763
10/13/2002,MCO,FL,ASO,ES,Towers with Radar,488,111,42,1,642,32,69,5,11,117,520,180,47,12,759,2,0,2,761
10/14/2002,MCO,FL,ASO,ES,Towers with Radar,575,131,46,1,753,0,21,0,17,38,575,152,46,18,791,0,0,0,791
10/15/2002,MCO,FL,ASO,ES,Towers with Radar,523,119,45,1,688,42,14,25,4,85,565,133,70,5,773,0,0,0,773
10/16/2002,MCO,FL,ASO,ES,Towers with Radar,601,149,55,1,806,0,1,34,2,37,601,150,89,3,843,0,0,0,843
10/17/2002,MCO,FL,ASO,ES,Towers with Radar,600,147,54,1,802,0,3,35,3,41,600,150,89,4,843,0,0,0,843
10/18/2002,MCO,FL,ASO,ES,Towers with Radar,570,129,51,1,751,0,0,3,1,4,570,129,54,2,755,0,0,0,755
10/19/2002,MCO,FL,ASO,ES,Towers with Radar,483,111,30,1,625,107,13,0,1,121,590,124,30,2,746,0,0,0,746
10/20/2002,MCO,FL,ASO,ES,Towers with Radar,531,122,45,0,698,34,13,0,0,47,565,135,45,0,745,0,0,0,745
10/21/2002,MCO,FL,ASO,ES,Towers with Radar,543,129,48,1,721,0,5,0,0,5,543,134,48,1,726,0,0,0,726
10/22/2002,MCO,FL,ASO,ES,Towers with Radar,567,136,54,3,760,0,0,14,2,16,567,136,68,5,776,0,0,0,776
10/23/2002,MCO,FL,ASO,ES,Towers with Radar,567,134,69,1,771,0,0,13,0,13,567,134,82,1,784,0,0,0,784
10/24/2002,MCO,FL,ASO,ES,Towers with Radar,586,126,54,0,766,0,0,21,0,21,586,126,75,0,787,0,0,0,787
10/25/2002,MCO,FL,ASO,ES,Towers with Radar,569,128,45,0,742,0,0,0,0,0,569,128,45,0,742,18,0,18,760
10/26/2002,MCO,FL,ASO,ES,Towers with Radar,528,122,37,2,689,69,7,0,0,76,597,129,37,2,765,0,0,0,765
10/27/2002,MCO,FL,ASO,ES,Towers with Radar,575,141,39,0,755,0,0,12,0,12,575,141,51,0,767,0,0,0,767
10/28/2002,MCO,FL,ASO,ES,Towers with Radar,523,120,45,0,688,17,32,34,0,83,540,152,79,0,771,0,0,0,771
10/29/2002,MCO,FL,ASO,ES,Towers with Radar,572,132,64,0,768,0,0,27,0,27,572,132,91,0,795,0,0,0,795
10/30/2002,MCO,FL,ASO,ES,Towers with Radar,584,134,51,0,769,5,1,10,0,16,589,135,61,0,785,0,0,0,785
10/31/2002,MCO,FL,ASO,ES,Towers with Radar,594,138,52,1,785,0,0,12,0,12,594,138,64,1,797,0,0,0,797
11/01/2002,MCO,FL,ASO,ES,Towers with Radar,593,153,51,2,799,0,0,12,2,14,593,153,63,4,813,0,0,0,813
11/02/2002,MCO,FL,ASO,ES,Towers with Radar,638,149,23,2,812,5,2,5,0,12,643,151,28,2,824,0,0,0,824
11/03/2002,MCO,FL,ASO,ES,Towers with Radar,503,129,38,1,671,94,12,0,1,107,597,141,38,2,778,0,0,0,778
11/04/2002,MCO,FL,ASO,ES,Towers with Radar,543,149,44,3,739,4,1,12,0,17,547,150,56,3,756,0,0,0,756
11/05/2002,MCO,FL,ASO,ES,Towers with Radar,575,144,46,6,771,4,1,6,0,11,579,145,52,6,782,0,0,0,782
11/06/2002,MCO,FL,ASO,ES,Towers with Radar,591,154,39,1,785,0,5,0,6,11,591,159,39,7,796,0,0,0,796
11/07/2002,MCO,FL,ASO,ES,Towers with Radar,605,167,53,2,827,0,0,11,0,11,605,167,64,2,838,0,0,0,838
11/08/2002,MCO,FL,ASO,ES,Towers with Radar,581,155,58,5,799,4,2,27,0,33,585,157,85,5,832,0,0,0,832
11/09/2002,MCO,FL,ASO,ES,Towers with Radar,478,122,38,1,639,86,68,11,19,184,564,190,49,20,823,0,0,0,823
11/10/2002,MCO,FL,ASO,ES,Towers with Radar,526,138,42,2,708,0,35,35,14,84,526,173,77,16,792,0,0,0,792
11/11/2002,MCO,FL,ASO,ES,Towers with Radar,552,148,43,3,746,3,2,13,0,18,555,150,56,3,764,0,0,0,764
11/12/2002,MCO,FL,ASO,ES,Towers with Radar,590,153,65,0,808,3,2,15,0,20,593,155,80,0,828,0,0,0,828
11/13/2002,MCO,FL,ASO,ES,Towers with Radar,364,92,29,1,486,281,68,65,0,414,645,160,94,1,900,0,0,0,900
11/14/2002,MCO,FL,ASO,ES,Towers with Radar,526,135,46,2,709,0,0,30,3,33,526,135,76,5,742,0,0,0,742
11/15/2002,MCO,FL,ASO,ES,Towers with Radar,584,151,51,3,789,0,0,31,0,31,584,151,82,3,820,0,0,0,820
11/16/2002,MCO,FL,ASO,ES,Towers with Radar,479,121,35,1,636,125,0,0,0,125,604,121,35,1,761,0,0,0,761
11/17/2002,MCO,FL,ASO,ES,Towers with Radar,533,135,41,0,709,56,4,7,0,67,589,139,48,0,776,0,0,0,776
11/18/2002,MCO,FL,ASO,ES,Towers with Radar,560,154,47,2,763,0,43,67,15,125,560,197,114,17,888,0,0,0,888
11/19/2002,MCO,FL,ASO,ES,Towers with Radar,557,156,48,2,763,0,57,33,11,101,557,213,81,13,864,0,0,0,864
11/20/2002,MCO,FL,ASO,ES,Towers with Radar,582,159,48,0,789,0,0,31,0,31,582,159,79,0,820,0,0,0,820
11/21/2002,MCO,FL,ASO,ES,Towers with Radar,573,154,49,2,778,0,0,33,0,33,573,154,82,2,811,0,0,0,811
11/22/2002,MCO,FL,ASO,ES,Towers with Radar,570,157,48,2,777,0,66,74,25,165,570,223,122,27,942,0,0,0,942
11/23/2002,MCO,FL,ASO,ES,Towers with Radar,581,150,46,1,778,0,59,29,17,105,581,209,75,18,883,0,0,0,883
11/24/2002,MCO,FL,ASO,ES,Towers with Radar,526,135,41,1,703,56,9,7,0,72,582,144,48,1,775,0,0,0,775
11/25/2002,MCO,FL,ASO,ES,Towers with Radar,565,152,46,0,763,3,2,26,0,31,568,154,72,0,794,0,0,0,794
11/26/2002,MCO,FL,ASO,ES,Towers with Radar,577,147,45,1,770,10,57,25,13,105,587,204,70,14,875,0,0,0,875
11/27/2002,MCO,FL,ASO,ES,Towers with Radar,599,149,51,0,799,3,1,18,1,23,602,150,69,1,822,0,0,0,822
11/28/2002,MCO,FL,ASO,ES,Towers with Radar,513,132,9,0,654,3,1,0,0,4,516,133,9,0,658,17,0,17,675
11/29/2002,MCO,FL,ASO,ES,Towers with Radar,519,123,32,0,674,3,1,0,0,4,522,124,32,0,678,0,0,0,678
11/30/2002,MCO,FL,ASO,ES,Towers with Radar,551,140,34,1,726,51,4,0,0,55,602,144,34,1,781,0,0,0,781
12/01/2002,MCO,FL,ASO,ES,Towers with Radar,581,145,45,1,772,0,0,22,1,23,581,145,67,2,795,0,0,0,795
12/02/2002,MCO,FL,ASO,ES,Towers with Radar,54,13,4,1,72,498,135,60,3,696,552,148,64,4,768,0,0,0,768
12/03/2002,MCO,FL,ASO,ES,Towers with Radar,559,159,43,1,762,0,46,30,9,85,559,205,73,10,847,0,0,0,847
12/04/2002,MCO,FL,ASO,ES,Towers with Radar,573,154,42,1,770,0,54,33,16,103,573,208,75,17,873,0,0,0,873
12/05/2002,MCO,FL,ASO,ES,Towers with Radar,531,159,66,1,757,0,0,8,0,8,531,159,74,1,765,0,0,0,765
12/06/2002,MCO,FL,ASO,ES,Towers with Radar,554,125,38,5,722,0,0,0,0,0,554,125,38,5,722,0,0,0,722
12/07/2002,MCO,FL,ASO,ES,Towers with Radar,619,146,32,2,799,0,0,5,0,5,619,146,37,2,804,0,0,0,804
12/08/2002,MCO,FL,ASO,ES,Towers with Radar,448,113,31,1,593,109,79,35,15,238,557,192,66,16,831,10,0,10,841
12/09/2002,MCO,FL,ASO,ES,Towers with Radar,547,159,44,1,751,0,29,26,5,60,547,188,70,6,811,0,0,0,811
12/10/2002,MCO,FL,ASO,ES,Towers with Radar,581,157,51,1,790,0,0,4,0,4,581,157,55,1,794,0,0,0,794
12/11/2002,MCO,FL,ASO,ES,Towers with Radar,560,158,47,1,766,0,0,46,3,49,560,158,93,4,815,0,0,0,815
12/12/2002,MCO,FL,ASO,ES,Towers with Radar,601,160,60,5,826,0,0,0,0,0,601,160,60,5,826,0,0,0,826
12/13/2002,MCO,FL,ASO,ES,Towers with Radar,581,152,45,0,778,0,0,0,0,0,581,152,45,0,778,0,0,0,778
12/14/2002,MCO,FL,ASO,ES,Towers with Radar,564,132,39,0,735,55,0,4,0,59,619,132,43,0,794,0,0,0,794
12/15/2002,MCO,FL,ASO,ES,Towers with Radar,575,140,31,1,747,0,0,10,1,11,575,140,41,2,758,0,0,0,758
12/16/2002,MCO,FL,ASO,ES,Towers with Radar,582,168,40,0,790,0,1,22,1,24,582,169,62,1,814,0,0,0,814
12/17/2002,MCO,FL,ASO,ES,Towers with Radar,594,158,43,0,795,0,1,39,2,42,594,159,82,2,837,0,0,0,837
12/18/2002,MCO,FL,ASO,ES,Towers with Radar,618,169,38,0,825,0,1,22,0,23,618,170,60,0,848,0,0,0,848
12/19/2002,MCO,FL,ASO,ES,Towers with Radar,620,172,39,1,832,0,2,18,1,21,620,174,57,2,853,0,0,0,853
12/20/2002,MCO,FL,ASO,ES,Towers with Radar,588,156,26,2,772,0,0,0,0,0,588,156,26,2,772,0,0,0,772
12/21/2002,MCO,FL,ASO,ES,Towers with Radar,677,156,39,0,872,0,1,25,0,26,677,157,64,0,898,0,0,0,898
12/22/2002,MCO,FL,ASO,ES,Towers with Radar,638,138,25,0,801,0,0,15,0,15,638,138,40,0,816,0,0,0,816
12/23/2002,MCO,FL,ASO,ES,Towers with Radar,572,154,37,0,763,0,0,20,0,20,572,154,57,0,783,0,0,0,783
12/24/2002,MCO,FL,ASO,ES,Towers with Radar,461,117,8,0,586,132,27,0,0,159,593,144,8,0,745,0,0,0,745
12/25/2002,MCO,FL,ASO,ES,Towers with Radar,349,88,24,1,462,162,48,0,0,210,511,136,24,1,672,0,0,0,672
12/26/2002,MCO,FL,ASO,ES,Towers with Radar,606,152,45,0,803,0,0,20,0,20,606,152,65,0,823,0,0,0,823
12/27/2002,MCO,FL,ASO,ES,Towers with Radar,594,145,32,1,772,0,0,7,0,7,594,145,39,1,779,0,0,0,779
12/28/2002,MCO,FL,ASO,ES,Towers with Radar,646,151,42,0,839,0,1,16,0,17,646,152,58,0,856,0,0,0,856
12/29/2002,MCO,FL,ASO,ES,Towers with Radar,568,144,39,0,751,52,6,3,0,61,620,150,42,0,812,0,0,0,812
12/30/2002,MCO,FL,ASO,ES,Towers with Radar,586,156,33,2,777,0,0,24,0,24,586,156,57,2,801,0,0,0,801
12/31/2002,MCO,FL,ASO,ES,Towers with Radar,495,125,15,0,635,61,7,0,0,68,556,132,15,0,703,0,0,0,703
01/01/2003,MCO,FL,ASO,ES,Towers with Radar,469,126,33,0,628,56,25,0,0,81,525,151,33,0,709,0,0,0,709
01/02/2003,MCO,FL,ASO,ES,Towers with Radar,608,151,56,0,815,0,0,1,0,1,608,151,57,0,816,0,0,0,816
01/03/2003,MCO,FL,ASO,ES,Towers with Radar,617,153,43,2,815,0,0,1,0,1,617,153,44,2,816,0,0,0,816
01/04/2003,MCO,FL,ASO,ES,Towers with Radar,621,147,35,0,803,0,0,19,0,19,621,147,54,0,822,0,0,0,822
01/05/2003,MCO,FL,ASO,ES,Towers with Radar,593,155,50,3,801,0,0,25,0,25,593,155,75,3,826,0,0,0,826
01/06/2003,MCO,FL,ASO,ES,Towers with Radar,604,159,51,0,814,0,0,23,0,23,604,159,74,0,837,0,0,0,837
01/07/2003,MCO,FL,ASO,ES,Towers with Radar,630,168,51,0,849,6,3,29,0,38,636,171,80,0,887,0,0,0,887
01/08/2003,MCO,FL,ASO,ES,Towers with Radar,588,161,49,1,799,0,0,16,1,17,588,161,65,2,816,0,0,0,816
01/09/2003,MCO,FL,ASO,ES,Towers with Radar,593,155,61,2,811,0,0,1,0,1,593,155,62,2,812,0,0,0,812
01/10/2003,MCO,FL,ASO,ES,Towers with Radar,595,160,64,2,821,0,0,1,0,1,595,160,65,2,822,0,0,0,822
01/11/2003,MCO,FL,ASO,ES,Towers with Radar,488,122,22,1,633,0,0,4,0,4,488,122,26,1,637,0,0,0,637
01/12/2003,MCO,FL,ASO,ES,Towers with Radar,546,146,42,1,735,61,1,0,4,66,607,147,42,5,801,0,0,0,801
01/13/2003,MCO,FL,ASO,ES,Towers with Radar,603,157,40,1,801,0,0,6,0,6,603,157,46,1,807,0,0,0,807
01/14/2003,MCO,FL,ASO,ES,Towers with Radar,607,159,54,1,821,0,0,14,0,14,607,159,68,1,835,0,0,0,835
01/15/2003,MCO,FL,ASO,ES,Towers with Radar,610,175,57,3,845,0,0,23,0,23,610,175,80,3,868,0,0,0,868
01/16/2003,MCO,FL,ASO,ES,Towers with Radar,594,162,46,4,806,0,0,10,0,10,594,162,56,4,816,0,0,0,816
01/17/2003,MCO,FL,ASO,ES,Towers with Radar,606,174,66,4,850,0,0,21,0,21,606,174,87,4,871,0,0,0,871
01/18/2003,MCO,FL,ASO,ES,Towers with Radar,618,144,29,5,796,0,0,8,0,8,618,144,37,5,804,0,0,0,804
01/19/2003,MCO,FL,ASO,ES,Towers with Radar,573,155,33,0,761,0,0,12,0,12,573,155,45,0,773,12,0,12,785
01/20/2003,MCO,FL,ASO,ES,Towers with Radar,555,157,50,1,763,0,0,20,0,20,555,157,70,1,783,0,0,0,783
01/21/2003,MCO,FL,ASO,ES,Towers with Radar,578,157,80,3,818,0,0,14,0,14,578,157,94,3,832,0,0,0,832
01/22/2003,MCO,FL,ASO,ES,Towers with Radar,539,153,59,0,751,0,0,0,0,0,539,153,59,0,751,0,0,0,751
01/23/2003,MCO,FL,ASO,ES,Towers with Radar,609,164,51,2,826,0,4,24,5,33,609,168,75,7,859,0,0,0,859
01/24/2003,MCO,FL,ASO,ES,Towers with Radar,579,162,51,2,794,0,3,19,0,22,579,165,70,2,816,0,0,0,816
01/25/2003,MCO,FL,ASO,ES,Towers with Radar,617,149,59,3,828,0,0,14,0,14,617,149,73,3,842,0,0,0,842
01/26/2003,MCO,FL,ASO,ES,Towers with Radar,503,135,42,1,681,42,8,21,0,71,545,143,63,1,752,0,0,0,752
01/27/2003,MCO,FL,ASO,ES,Towers with Radar,564,164,37,1,766,0,0,0,0,0,564,164,37,1,766,0,0,0,766
01/28/2003,MCO,FL,ASO,ES,Towers with Radar,580,152,54,0,786,0,0,0,0,0,580,152,54,0,786,0,0,0,786
01/29/2003,MCO,FL,ASO,ES,Towers with Radar,569,153,57,0,779,0,0,0,0,0,569,153,57,0,779,0,0,0,779
01/30/2003,MCO,FL,ASO,ES,Towers with Radar,599,161,50,1,811,0,2,12,0,14,599,163,62,1,825,0,0,0,825
01/31/2003,MCO,FL,ASO,ES,Towers with Radar,588,151,37,5,781,0,0,22,0,22,588,151,59,5,803,0,0,0,803
02/01/2003,MCO,FL,ASO,ES,Towers with Radar,570,155,52,2,779,48,0,1,0,49,618,155,53,2,828,0,0,0,828
02/02/2003,MCO,FL,ASO,ES,Towers with Radar,506,136,46,1,689,64,10,5,1,80,570,146,51,2,769,0,0,0,769
02/03/2003,MCO,FL,ASO,ES,Towers with Radar,547,147,46,1,741,7,10,0,3,20,554,157,46,4,761,0,0,0,761
02/04/2003,MCO,FL,ASO,ES,Towers with Radar,583,163,56,2,804,0,9,10,1,20,583,172,66,3,824,0,0,0,824
02/05/2003,MCO,FL,ASO,ES,Towers with Radar,598,168,61,4,831,0,1,30,0,31,598,169,91,4,862,0,0,0,862
02/06/2003,MCO,FL,ASO,ES,Towers with Radar,586,162,57,2,807,0,0,30,0,30,586,162,87,2,837,0,0,0,837
02/07/2003,MCO,FL,ASO,ES,Towers with Radar,593,165,59,0,817,0,0,15,0,15,593,165,74,0,832,0,0,0,832
02/08/2003,MCO,FL,ASO,ES,Towers with Radar,592,150,47,0,789,37,0,0,0,37,629,150,47,0,826,0,0,0,826
02/09/2003,MCO,FL,ASO,ES,Towers with Radar,575,154,53,2,784,4,0,16,0,20,579,154,69,2,804,0,0,0,804
02/10/2003,MCO,FL,ASO,ES,Towers with Radar,559,173,60,0,792,0,2,4,0,6,559,175,64,0,798,0,0,0,798
02/11/2003,MCO,FL,ASO,ES,Towers with Radar,614,171,50,2,837,0,3,13,0,16,614,174,63,2,853,0,0,0,853
02/12/2003,MCO,FL,ASO,ES,Towers with Radar,609,169,71,3,852,0,1,30,0,31,609,170,101,3,883,0,0,0,883
02/13/2003,MCO,FL,ASO,ES,Towers with Radar,519,139,48,1,707,2,51,35,20,108,521,190,83,21,815,10,0,10,825
02/14/2003,MCO,FL,ASO,ES,Towers with Radar,626,174,93,5,898,0,3,30,3,36,626,177,123,8,934,0,0,0,934
02/15/2003,MCO,FL,ASO,ES,Towers with Radar,614,158,56,2,830,53,0,35,1,89,667,158,91,3,919,0,0,0,919
02/16/2003,MCO,FL,ASO,ES,Towers with Radar,516,127,47,0,690,45,0,19,0,64,561,127,66,0,754,0,0,0,754
02/17/2003,MCO,FL,ASO,ES,Towers with Radar,446,158,53,0,657,0,0,25,0,25,446,158,78,0,682,0,0,0,682
02/18/2003,MCO,FL,ASO,ES,Towers with Radar,566,171,62,2,801,0,0,10,0,10,566,171,72,2,811,0,0,0,811
02/19/2003,MCO,FL,ASO,ES,Towers with Radar,622,161,58,2,843,0,0,0,0,0,622,161,58,2,843,0,0,0,843
02/20/2003,MCO,FL,ASO,ES,Towers with Radar,626,178,64,0,868,0,0,3,0,3,626,178,67,0,871,0,0,0,871
02/21/2003,MCO,FL,ASO,ES,Towers with Radar,621,169,60,0,850,0,0,0,0,0,621,169,60,0,850,0,0,0,850
02/22/2003,MCO,FL,ASO,ES,Towers with Radar,464,124,33,1,622,187,18,0,0,205,651,142,33,1,827,0,0,0,827
02/23/2003,MCO,FL,ASO,ES,Towers with Radar,572,153,53,1,779,33,6,10,0,49,605,159,63,1,828,0,0,0,828
02/24/2003,MCO,FL,ASO,ES,Towers with Radar,600,165,55,2,822,0,7,9,3,19,600,172,64,5,841,0,0,0,841
02/25/2003,MCO,FL,ASO,ES,Towers with Radar,600,161,59,6,826,0,0,12,0,12,600,161,71,6,838,0,0,0,838
02/26/2003,MCO,FL,ASO,ES,Towers with Radar,606,165,55,6,832,0,0,24,0,24,606,165,79,6,856,0,0,0,856
02/27/2003,MCO,FL,ASO,ES,Towers with Radar,615,159,57,2,833,8,0,1,2,11,623,159,58,4,844,0,0,0,844
02/28/2003,MCO,FL,ASO,ES,Towers with Radar,603,161,58,2,824,0,0,13,2,15,603,161,71,4,839,0,0,0,839
03/01/2003,MCO,FL,ASO,ES,Towers with Radar,533,148,42,1,724,119,10,0,2,131,652,158,42,3,855,0,0,0,855
03/02/2003,MCO,FL,ASO,ES,Towers with Radar,593,164,52,1,810,17,6,0,1,24,610,170,52,2,834,0,0,0,834
03/03/2003,MCO,FL,ASO,ES,Towers with Radar,591,171,56,1,819,0,7,19,1,27,591,178,75,2,846,0,0,0,846
03/04/2003,MCO,FL,ASO,ES,Towers with Radar,630,178,59,0,867,0,7,10,0,17,630,185,69,0,884,0,0,0,884
03/05/2003,MCO,FL,ASO,ES,Towers with Radar,609,172,57,0,838,0,0,24,0,24,609,172,81,0,862,0,0,0,862
03/06/2003,MCO,FL,ASO,ES,Towers with Radar,629,165,57,0,851,0,0,11,0,11,629,165,68,0,862,0,0,0,862
03/07/2003,MCO,FL,ASO,ES,Towers with Radar,627,173,50,1,851,19,5,0,3,27,646,178,50,4,878,0,0,0,878
03/08/2003,MCO,FL,ASO,ES,Towers with Radar,651,153,54,0,858,11,0,0,0,11,662,153,54,0,869,0,0,0,869
03/09/2003,MCO,FL,ASO,ES,Towers with Radar,498,138,46,1,683,115,11,10,1,137,613,149,56,2,820,0,0,0,820
03/10/2003,MCO,FL,ASO,ES,Towers with Radar,606,180,59,1,846,0,12,22,1,35,606,192,81,2,881,0,0,0,881
03/11/2003,MCO,FL,ASO,ES,Towers with Radar,622,175,58,1,856,0,28,9,1,38,622,203,67,2,894,0,0,0,894
03/12/2003,MCO,FL,ASO,ES,Towers with Radar,607,165,58,1,831,0,0,18,1,19,607,165,76,2,850,0,0,0,850
03/13/2003,MCO,FL,ASO,ES,Towers with Radar,614,165,58,1,838,0,0,18,1,19,614,165,76,2,857,0,0,0,857
03/14/2003,MCO,FL,ASO,ES,Towers with Radar,643,176,62,0,881,0,0,22,0,22,643,176,84,0,903,0,0,0,903
03/15/2003,MCO,FL,ASO,ES,Towers with Radar,599,164,55,0,818,69,0,0,0,69,668,164,55,0,887,0,0,0,887
03/16/2003,MCO,FL,ASO,ES,Towers with Radar,610,169,58,0,837,0,0,5,0,5,610,169,63,0,842,0,0,0,842
03/17/2003,MCO,FL,ASO,ES,Towers with Radar,597,171,53,0,821,0,0,0,0,0,597,171,53,0,821,0,0,0,821
03/18/2003,MCO,FL,ASO,ES,Towers with Radar,622,182,62,0,866,0,0,12,0,12,622,182,74,0,878,0,0,0,878
03/19/2003,MCO,FL,ASO,ES,Towers with Radar,597,172,58,0,827,0,0,24,0,24,597,172,82,0,851,0,0,0,851
03/20/2003,MCO,FL,ASO,ES,Towers with Radar,622,174,58,0,854,0,9,15,0,24,622,183,73,0,878,0,0,0,878
03/21/2003,MCO,FL,ASO,ES,Towers with Radar,606,177,58,0,841,0,9,35,0,44,606,186,93,0,885,0,0,0,885
03/22/2003,MCO,FL,ASO,ES,Towers with Radar,668,168,53,1,890,0,0,0,0,0,668,168,53,1,890,0,0,0,890
03/23/2003,MCO,FL,ASO,ES,Towers with Radar,601,166,45,0,812,9,14,0,0,23,610,180,45,0,835,0,0,0,835
03/24/2003,MCO,FL,ASO,ES,Towers with Radar,614,181,53,0,848,0,0,0,0,0,614,181,53,0,848,0,0,0,848
03/25/2003,MCO,FL,ASO,ES,Towers with Radar,605,179,60,0,844,0,7,33,0,40,605,186,93,0,884,0,0,0,884
03/26/2003,MCO,FL,ASO,ES,Towers with Radar,621,180,60,0,861,0,1,23,0,24,621,181,83,0,885,0,0,0,885
03/27/2003,MCO,FL,ASO,ES,Towers with Radar,617,162,57,0,836,19,0,13,0,32,636,162,70,0,868,0,0,0,868
03/28/2003,MCO,FL,ASO,ES,Towers with Radar,647,177,62,0,886,0,0,7,0,7,647,177,69,0,893,0,0,0,893
03/29/2003,MCO,FL,ASO,ES,Towers with Radar,608,162,44,0,814,30,0,0,0,30,638,162,44,0,844,0,0,0,844
03/30/2003,MCO,FL,ASO,ES,Towers with Radar,575,154,52,0,781,38,0,11,0,49,613,154,63,0,830,0,0,0,830
03/31/2003,MCO,FL,ASO,ES,Towers with Radar,566,156,33,0,755,48,17,0,2,67,614,173,33,2,822,0,0,0,822
04/01/2003,MCO,FL,ASO,ES,Towers with Radar,605,168,54,3,830,10,0,14,0,24,615,168,68,3,854,0,0,0,854
04/02/2003,MCO,FL,ASO,ES,Towers with Radar,605,167,54,0,826,0,0,9,0,9,605,167,63,0,835,0,0,0,835
04/03/2003,MCO,FL,ASO,ES,Towers with Radar,614,169,58,4,845,1,0,13,0,14,615,169,71,4,859,0,0,0,859
04/04/2003,MCO,FL,ASO,ES,Towers with Radar,608,174,58,1,841,0,0,6,10,16,608,174,64,11,857,0,0,0,857
04/05/2003,MCO,FL,ASO,ES,Towers with Radar,603,161,52,1,817,45,0,9,4,58,648,161,61,5,875,0,0,0,875
04/06/2003,MCO,FL,ASO,ES,Towers with Radar,600,149,53,1,803,0,0,16,8,24,600,149,69,9,827,0,0,0,827
04/07/2003,MCO,FL,ASO,ES,Towers with Radar,569,158,47,1,775,1,12,0,0,13,570,170,47,1,788,0,0,0,788
04/08/2003,MCO,FL,ASO,ES,Towers with Radar,595,165,51,0,811,5,8,23,0,36,600,173,74,0,847,0,0,0,847
04/09/2003,MCO,FL,ASO,ES,Towers with Radar,597,174,55,1,827,0,0,38,3,41,597,174,93,4,868,0,0,0,868
04/10/2003,MCO,FL,ASO,ES,Towers with Radar,621,171,57,0,849,0,0,32,0,32,621,171,89,0,881,0,0,0,881
04/11/2003,MCO,FL,ASO,ES,Towers with Radar,615,177,79,1,872,2,9,13,0,24,617,186,92,1,896,0,0,0,896
04/12/2003,MCO,FL,ASO,ES,Towers with Radar,624,154,54,0,832,16,0,42,0,58,640,154,96,0,890,0,0,0,890
04/13/2003,MCO,FL,ASO,ES,Towers with Radar,592,151,50,1,794,4,0,47,0,51,596,151,97,1,845,0,0,0,845
04/14/2003,MCO,FL,ASO,ES,Towers with Radar,576,164,51,1,792,2,0,14,0,16,578,164,65,1,808,0,0,0,808
04/15/2003,MCO,FL,ASO,ES,Towers with Radar,573,166,51,2,792,0,41,18,12,71,573,207,69,14,863,0,0,0,863
04/16/2003,MCO,FL,ASO,ES,Towers with Radar,597,158,51,2,808,1,0,22,0,23,598,158,73,2,831,0,0,0,831
04/17/2003,MCO,FL,ASO,ES,Towers with Radar,564,159,54,1,778,0,0,27,0,27,564,159,81,1,805,0,0,0,805
04/18/2003,MCO,FL,ASO,ES,Towers with Radar,587,163,46,0,796,27,7,0,0,34,614,170,46,0,830,0,0,0,830
04/19/2003,MCO,FL,ASO,ES,Towers with Radar,574,156,47,0,777,67,0,0,0,67,641,156,47,0,844,0,0,0,844
04/20/2003,MCO,FL,ASO,ES,Towers with Radar,592,169,48,0,809,0,0,0,0,0,592,169,48,0,809,0,0,0,809
04/21/2003,MCO,FL,ASO,ES,Towers with Radar,552,159,48,1,760,0,62,18,5,85,552,221,66,6,845,0,0,0,845
04/22/2003,MCO,FL,ASO,ES,Towers with Radar,602,169,40,0,811,0,11,0,0,11,602,180,40,0,822,0,0,0,822
04/23/2003,MCO,FL,ASO,ES,Towers with Radar,596,153,51,0,800,12,0,19,0,31,608,153,70,0,831,0,0,0,831
04/24/2003,MCO,FL,ASO,ES,Towers with Radar,622,95,53,0,770,69,0,15,0,84,691,95,68,0,854,0,0,0,854
04/25/2003,MCO,FL,ASO,ES,Towers with Radar,530,77,44,0,651,138,0,23,0,161,668,77,67,0,812,0,0,0,812
04/26/2003,MCO,FL,ASO,ES,Towers with Radar,612,72,50,1,735,133,0,0,0,133,745,72,50,1,868,0,0,0,868
04/27/2003,MCO,FL,ASO,ES,Towers with Radar,598,85,51,0,734,94,0,12,0,106,692,85,63,0,840,0,0,0,840
04/28/2003,MCO,FL,ASO,ES,Towers with Radar,563,82,48,0,693,107,0,10,0,117,670,82,58,0,810,0,0,0,810
04/29/2003,MCO,FL,ASO,ES,Towers with Radar,575,85,48,0,708,110,0,11,0,121,685,85,59,0,829,0,0,0,829
04/30/2003,MCO,FL,ASO,ES,Towers with Radar,664,82,41,0,787,1,0,13,0,14,665,82,54,0,801,0,0,0,801
05/01/2003,MCO,FL,ASO,ES,Towers with Radar,364,96,44,0,504,317,0,10,0,327,681,96,54,0,831,0,0,0,831
05/02/2003,MCO,FL,ASO,ES,Towers with Radar,373,164,44,2,583,225,0,7,0,232,598,164,51,2,815,0,0,0,815
05/03/2003,MCO,FL,ASO,ES,Towers with Radar,485,61,31,2,579,225,0,12,0,237,710,61,43,2,816,0,0,0,816
05/04/2003,MCO,FL,ASO,ES,Towers with Radar,436,73,40,2,551,225,0,13,0,238,661,73,53,2,789,0,0,0,789
05/05/2003,MCO,FL,ASO,ES,Towers with Radar,431,88,32,0,551,225,0,8,0,233,656,88,40,0,784,0,0,0,784
05/06/2003,MCO,FL,ASO,ES,Towers with Radar,424,77,49,0,550,224,0,11,0,235,648,77,60,0,785,0,0,0,785
05/07/2003,MCO,FL,ASO,ES,Towers with Radar,436,77,54,0,567,224,0,21,0,245,660,77,75,0,812,0,0,0,812
05/08/2003,MCO,FL,ASO,ES,Towers with Radar,159,77,44,0,280,520,0,11,0,531,679,77,55,0,811,0,0,0,811
05/09/2003,MCO,FL,ASO,ES,Towers with Radar,452,76,48,3,579,224,0,12,0,236,676,76,60,3,815,0,0,0,815
05/10/2003,MCO,FL,ASO,ES,Towers with Radar,462,63,26,0,551,224,0,8,0,232,686,63,34,0,783,0,0,0,783
05/11/2003,MCO,FL,ASO,ES,Towers with Radar,74,69,28,1,172,564,0,0,2,566,638,69,28,3,738,0,0,0,738
05/12/2003,MCO,FL,ASO,ES,Towers with Radar,123,71,40,1,235,532,0,16,0,548,655,71,56,1,783,0,0,0,783
05/13/2003,MCO,FL,ASO,ES,Towers with Radar,436,81,30,0,547,223,0,19,0,242,659,81,49,0,789,0,0,0,789
05/14/2003,MCO,FL,ASO,ES,Towers with Radar,377,70,48,1,496,225,0,17,0,242,602,70,65,1,738,0,0,0,738
05/15/2003,MCO,FL,ASO,ES,Towers with Radar,127,81,40,1,249,542,0,37,0,579,669,81,77,1,828,0,0,0,828
05/16/2003,MCO,FL,ASO,ES,Towers with Radar,451,80,62,2,595,223,0,16,0,239,674,80,78,2,834,0,0,0,834
05/17/2003,MCO,FL,ASO,ES,Towers with Radar,457,56,33,3,549,223,0,6,0,229,680,56,39,3,778,0,0,0,778
05/18/2003,MCO,FL,ASO,ES,Towers with Radar,415,63,33,0,511,223,0,11,0,234,638,63,44,0,745,0,0,0,745
05/19/2003,MCO,FL,ASO,ES,Towers with Radar,67,65,33,0,165,534,0,16,0,550,601,65,49,0,715,0,0,0,715
05/20/2003,MCO,FL,ASO,ES,Towers with Radar,434,84,37,4,559,223,0,10,0,233,657,84,47,4,792,0,0,0,792
05/21/2003,MCO,FL,ASO,ES,Towers with Radar,124,82,41,1,248,541,0,22,1,564,665,82,63,2,812,0,0,0,812
05/22/2003,MCO,FL,ASO,ES,Towers with Radar,89,71,37,1,198,532,0,15,5,552,621,71,52,6,750,0,0,0,750
05/23/2003,MCO,FL,ASO,ES,Towers with Radar,179,71,47,1,298,431,0,5,5,441,610,71,52,6,739,0,0,0,739
05/24/2003,MCO,FL,ASO,ES,Towers with Radar,448,60,27,2,537,223,0,4,0,227,671,60,31,2,764,0,0,0,764
05/25/2003,MCO,FL,ASO,ES,Towers with Radar,401,55,22,2,480,223,0,0,0,223,624,55,22,2,703,0,0,0,703
05/26/2003,MCO,FL,ASO,ES,Towers with Radar,393,65,23,0,481,223,0,7,0,230,616,65,30,0,711,0,0,0,711
05/27/2003,MCO,FL,ASO,ES,Towers with Radar,436,69,36,2,543,223,0,18,0,241,659,69,54,2,784,0,0,0,784
05/28/2003,MCO,FL,ASO,ES,Towers with Radar,467,77,63,1,608,223,0,20,0,243,690,77,83,1,851,0,0,0,851
05/29/2003,MCO,FL,ASO,ES,Towers with Radar,131,78,41,0,250,553,0,9,0,562,684,78,50,0,812,0,0,0,812
05/30/2003,MCO,FL,ASO,ES,Towers with Radar,366,170,41,2,579,223,0,15,0,238,589,170,56,2,817,0,0,0,817
05/31/2003,MCO,FL,ASO,ES,Towers with Radar,456,62,34,2,554,223,0,14,0,237,679,62,48,2,791,0,0,0,791
06/01/2003,MCO,FL,ASO,ES,Towers with Radar,520,61,22,0,603,132,0,0,0,132,652,61,22,0,735,0,0,0,735
06/02/2003,MCO,FL,ASO,ES,Towers with Radar,521,75,41,0,637,130,0,10,0,140,651,75,51,0,777,0,0,0,777
06/03/2003,MCO,FL,ASO,ES,Towers with Radar,561,169,39,1,770,13,0,13,0,26,574,169,52,1,796,0,0,0,796
06/04/2003,MCO,FL,ASO,ES,Towers with Radar,643,73,41,1,758,13,0,8,0,21,656,73,49,1,779,0,0,0,779
06/05/2003,MCO,FL,ASO,ES,Towers with Radar,664,81,49,1,795,13,0,19,0,32,677,81,68,1,827,0,0,0,827
06/06/2003,MCO,FL,ASO,ES,Towers with Radar,606,78,46,2,732,75,0,6,2,83,681,78,52,4,815,0,0,0,815
06/07/2003,MCO,FL,ASO,ES,Towers with Radar,682,52,32,1,767,13,0,13,0,26,695,52,45,1,793,0,0,0,793
06/08/2003,MCO,FL,ASO,ES,Towers with Radar,514,56,40,2,612,143,0,7,2,152,657,56,47,4,764,0,0,0,764
06/09/2003,MCO,FL,ASO,ES,Towers with Radar,559,78,43,2,682,113,0,10,0,123,672,78,53,2,805,0,0,0,805
06/10/2003,MCO,FL,ASO,ES,Towers with Radar,568,159,46,0,773,13,0,8,0,21,581,159,54,0,794,0,0,0,794
06/11/2003,MCO,FL,ASO,ES,Towers with Radar,537,177,46,2,762,0,47,31,16,94,537,224,77,18,856,0,0,0,856
06/12/2003,MCO,FL,ASO,ES,Towers with Radar,553,174,44,2,773,0,54,18,21,93,553,228,62,23,866,0,0,0,866
06/13/2003,MCO,FL,ASO,ES,Towers with Radar,596,70,46,1,713,96,0,16,0,112,692,70,62,1,825,0,0,0,825
06/14/2003,MCO,FL,ASO,ES,Towers with Radar,569,59,40,2,670,141,0,0,0,141,710,59,40,2,811,0,0,0,811
06/15/2003,MCO,FL,ASO,ES,Towers with Radar,513,64,40,0,617,160,0,2,0,162,673,64,42,0,779,0,0,0,779
06/16/2003,MCO,FL,ASO,ES,Towers with Radar,559,78,43,2,682,102,0,22,0,124,661,78,65,2,806,0,0,0,806
06/17/2003,MCO,FL,ASO,ES,Towers with Radar,589,174,46,0,809,0,0,9,0,9,589,174,55,0,818,0,0,0,818
06/18/2003,MCO,FL,ASO,ES,Towers with Radar,560,79,44,0,683,106,0,30,0,136,666,79,74,0,819,0,0,0,819
06/19/2003,MCO,FL,ASO,ES,Towers with Radar,669,87,52,2,810,18,0,2,0,20,687,87,54,2,830,0,0,0,830
06/20/2003,MCO,FL,ASO,ES,Towers with Radar,576,75,43,1,695,111,0,13,0,124,687,75,56,1,819,0,0,0,819
06/21/2003,MCO,FL,ASO,ES,Towers with Radar,596,63,34,0,693,128,0,0,0,128,724,63,34,0,821,0,0,0,821
06/22/2003,MCO,FL,ASO,ES,Towers with Radar,528,68,40,0,636,150,0,3,0,153,678,68,43,0,789,0,0,0,789
06/23/2003,MCO,FL,ASO,ES,Towers with Radar,593,84,45,1,723,77,0,8,5,90,670,84,53,6,813,0,0,0,813
06/24/2003,MCO,FL,ASO,ES,Towers with Radar,574,74,44,1,693,105,0,8,6,119,679,74,52,7,812,0,0,0,812
06/25/2003,MCO,FL,ASO,ES,Towers with Radar,589,78,45,0,712,90,0,58,0,148,679,78,103,0,860,0,0,0,860
06/26/2003,MCO,FL,ASO,ES,Towers with Radar,639,78,48,1,766,64,0,11,2,77,703,78,59,3,843,0,0,0,843
06/27/2003,MCO,FL,ASO,ES,Towers with Radar,700,82,80,2,864,0,0,0,0,0,700,82,80,2,864,0,0,0,864
06/28/2003,MCO,FL,ASO,ES,Towers with Radar,563,56,41,0,660,147,0,0,0,147,710,56,41,0,807,0,0,0,807
06/29/2003,MCO,FL,ASO,ES,Towers with Radar,528,59,35,1,623,141,0,0,0,141,669,59,35,1,764,0,0,0,764
06/30/2003,MCO,FL,ASO,ES,Towers with Radar,564,70,44,0,678,111,0,13,0,124,675,70,57,0,802,0,0,0,802
07/01/2003,MCO,FL,ASO,ES,Towers with Radar,620,73,41,0,734,70,0,15,0,85,690,73,56,0,819,0,0,0,819
07/02/2003,MCO,FL,ASO,ES,Towers with Radar,612,80,43,2,737,76,0,29,0,105,688,80,72,2,842,0,0,0,842
07/03/2003,MCO,FL,ASO,ES,Towers with Radar,630,76,43,1,750,80,0,2,0,82,710,76,45,1,832,0,0,0,832
07/04/2003,MCO,FL,ASO,ES,Towers with Radar,514,59,27,1,601,131,0,0,0,131,645,59,27,1,732,0,0,0,732
07/05/2003,MCO,FL,ASO,ES,Towers with Radar,675,50,13,0,738,5,0,5,0,10,680,50,18,0,748,0,0,0,748
07/06/2003,MCO,FL,ASO,ES,Towers with Radar,537,173,42,2,754,0,50,31,16,97,537,223,73,18,851,0,0,0,851
07/07/2003,MCO,FL,ASO,ES,Towers with Radar,627,70,42,2,741,63,0,41,3,107,690,70,83,5,848,0,0,0,848
07/08/2003,MCO,FL,ASO,ES,Towers with Radar,607,78,42,2,729,86,0,13,2,101,693,78,55,4,830,0,0,0,830
07/09/2003,MCO,FL,ASO,ES,Towers with Radar,550,181,42,2,775,0,79,25,12,116,550,260,67,14,891,0,0,0,891
07/10/2003,MCO,FL,ASO,ES,Towers with Radar,617,121,43,2,783,24,0,6,0,30,641,121,49,2,813,0,0,0,813
07/11/2003,MCO,FL,ASO,ES,Towers with Radar,587,181,45,5,818,5,0,13,0,18,592,181,58,5,836,0,0,0,836
07/12/2003,MCO,FL,ASO,ES,Towers with Radar,563,146,38,1,748,79,0,4,0,83,642,146,42,1,831,0,0,0,831
07/13/2003,MCO,FL,ASO,ES,Towers with Radar,550,158,38,1,747,32,0,3,2,37,582,158,41,3,784,0,0,0,784
07/14/2003,MCO,FL,ASO,ES,Towers with Radar,585,169,40,0,794,5,6,14,0,25,590,175,54,0,819,0,0,0,819
07/15/2003,MCO,FL,ASO,ES,Towers with Radar,591,171,40,0,802,3,3,30,0,36,594,174,70,0,838,0,0,0,838
07/16/2003,MCO,FL,ASO,ES,Towers with Radar,604,187,44,1,836,0,0,48,1,49,604,187,92,2,885,0,0,0,885
07/17/2003,MCO,FL,ASO,ES,Towers with Radar,615,177,44,1,837,0,0,20,1,21,615,177,64,2,858,0,0,0,858
07/18/2003,MCO,FL,ASO,ES,Towers with Radar,607,171,43,1,822,0,0,26,2,28,607,171,69,3,850,0,0,0,850
07/19/2003,MCO,FL,ASO,ES,Towers with Radar,576,150,30,0,756,73,0,0,0,73,649,150,30,0,829,0,0,0,829
07/20/2003,MCO,FL,ASO,ES,Towers with Radar,552,158,38,1,749,29,0,14,0,43,581,158,52,1,792,0,0,0,792
07/21/2003,MCO,FL,ASO,ES,Towers with Radar,563,163,38,1,765,24,13,16,5,58,587,176,54,6,823,0,0,0,823
07/22/2003,MCO,FL,ASO,ES,Towers with Radar,573,166,39,0,778,11,2,16,0,29,584,168,55,0,807,0,0,0,807
07/23/2003,MCO,FL,ASO,ES,Towers with Radar,607,181,48,0,836,5,0,10,0,15,612,181,58,0,851,0,0,0,851
07/24/2003,MCO,FL,ASO,ES,Towers with Radar,619,175,43,1,838,0,0,23,1,24,619,175,66,2,862,0,0,0,862
07/25/2003,MCO,FL,ASO,ES,Towers with Radar,619,175,42,1,837,0,0,26,1,27,619,175,68,2,864,0,0,0,864
07/26/2003,MCO,FL,ASO,ES,Towers with Radar,593,162,39,0,794,54,0,0,0,54,647,162,39,0,848,0,0,0,848
07/27/2003,MCO,FL,ASO,ES,Towers with Radar,546,158,36,0,740,33,15,3,0,51,579,173,39,0,791,0,0,0,791
07/28/2003,MCO,FL,ASO,ES,Towers with Radar,540,156,35,1,732,35,20,29,0,84,575,176,64,1,816,0,0,0,816
07/29/2003,MCO,FL,ASO,ES,Towers with Radar,584,168,27,2,781,0,0,0,1,1,584,168,27,3,782,0,0,0,782
07/30/2003,MCO,FL,ASO,ES,Towers with Radar,548,167,60,0,775,4,0,8,0,12,552,167,68,0,787,0,0,0,787
07/31/2003,MCO,FL,ASO,ES,Towers with Radar,527,182,42,2,753,0,40,15,9,64,527,222,57,11,817,0,0,0,817
08/01/2003,MCO,FL,ASO,ES,Towers with Radar,590,174,43,2,809,2,2,18,0,22,592,176,61,2,831,0,0,0,831
08/02/2003,MCO,FL,ASO,ES,Towers with Radar,648,154,21,1,824,0,3,5,1,9,648,157,26,2,833,0,0,0,833
08/03/2003,MCO,FL,ASO,ES,Towers with Radar,570,172,31,3,776,0,2,3,1,6,570,174,34,4,782,0,0,0,782
08/04/2003,MCO,FL,ASO,ES,Towers with Radar,598,165,30,0,793,1,2,14,0,17,599,167,44,0,810,0,0,0,810
08/05/2003,MCO,FL,ASO,ES,Towers with Radar,596,180,31,2,809,1,3,15,0,19,597,183,46,2,828,0,0,0,828
08/06/2003,MCO,FL,ASO,ES,Towers with Radar,601,187,37,4,829,1,2,7,0,10,602,189,44,4,839,0,0,0,839
08/07/2003,MCO,FL,ASO,ES,Towers with Radar,604,179,37,0,820,0,0,10,0,10,604,179,47,0,830,0,0,0,830
08/08/2003,MCO,FL,ASO,ES,Towers with Radar,624,177,38,0,839,1,0,7,0,8,625,177,45,0,847,0,0,0,847
08/09/2003,MCO,FL,ASO,ES,Towers with Radar,631,154,29,2,816,1,2,4,0,7,632,156,33,2,823,0,0,0,823
08/10/2003,MCO,FL,ASO,ES,Towers with Radar,580,159,28,0,767,1,2,0,0,3,581,161,28,0,770,0,0,0,770
08/11/2003,MCO,FL,ASO,ES,Towers with Radar,588,171,37,1,797,0,0,11,0,11,588,171,48,1,808,0,0,0,808
08/12/2003,MCO,FL,ASO,ES,Towers with Radar,597,180,28,1,806,1,2,14,0,17,598,182,42,1,823,0,0,0,823
08/13/2003,MCO,FL,ASO,ES,Towers with Radar,592,180,51,2,825,1,7,13,0,21,593,187,64,2,846,0,0,0,846
08/14/2003,MCO,FL,ASO,ES,Towers with Radar,604,177,37,1,819,0,4,0,0,4,604,181,37,1,823,0,0,0,823
08/15/2003,MCO,FL,ASO,ES,Towers with Radar,592,176,36,0,804,0,0,18,0,18,592,176,54,0,822,0,0,0,822
08/16/2003,MCO,FL,ASO,ES,Towers with Radar,614,165,23,0,802,1,1,13,0,15,615,166,36,0,817,0,0,0,817
08/17/2003,MCO,FL,ASO,ES,Towers with Radar,530,154,32,0,716,66,14,17,0,97,596,168,49,0,813,0,0,0,813
08/18/2003,MCO,FL,ASO,ES,Towers with Radar,587,194,24,2,807,1,1,9,1,12,588,195,33,3,819,0,0,0,819
08/19/2003,MCO,FL,ASO,ES,Towers with Radar,592,188,41,0,821,1,1,15,1,18,593,189,56,1,839,0,0,0,839
08/20/2003,MCO,FL,ASO,ES,Towers with Radar,593,189,57,0,839,1,6,16,0,23,594,195,73,0,862,0,0,0,862
08/21/2003,MCO,FL,ASO,ES,Towers with Radar,609,180,50,2,841,1,1,0,0,2,610,181,50,2,843,0,0,0,843
08/22/2003,MCO,FL,ASO,ES,Towers with Radar,596,174,36,1,807,14,7,17,1,39,610,181,53,2,846,0,0,0,846
08/23/2003,MCO,FL,ASO,ES,Towers with Radar,585,170,35,0,790,16,70,23,14,123,601,240,58,14,913,0,0,0,913
08/24/2003,MCO,FL,ASO,ES,Towers with Radar,588,173,27,1,789,0,2,0,0,2,588,175,27,1,791,0,0,0,791
08/25/2003,MCO,FL,ASO,ES,Towers with Radar,569,186,45,2,802,1,1,15,0,17,570,187,60,2,819,0,0,0,819
08/26/2003,MCO,FL,ASO,ES,Towers with Radar,579,179,37,1,796,0,2,34,1,37,579,181,71,2,833,0,0,0,833
08/27/2003,MCO,FL,ASO,ES,Towers with Radar,581,178,37,0,796,0,3,28,0,31,581,181,65,0,827,0,0,0,827
08/28/2003,MCO,FL,ASO,ES,Towers with Radar,607,179,47,0,833,0,2,0,0,2,607,181,47,0,835,0,0,0,835
08/29/2003,MCO,FL,ASO,ES,Towers with Radar,607,181,38,0,826,0,0,16,0,16,607,181,54,0,842,0,0,0,842
08/30/2003,MCO,FL,ASO,ES,Towers with Radar,544,150,26,0,720,76,0,0,0,76,620,150,26,0,796,0,0,0,796
08/31/2003,MCO,FL,ASO,ES,Towers with Radar,529,149,18,0,696,0,2,6,0,8,529,151,24,0,704,0,0,0,704
09/01/2003,MCO,FL,ASO,ES,Towers with Radar,528,163,24,2,717,8,0,4,0,12,536,163,28,2,729,0,0,0,729
09/02/2003,MCO,FL,ASO,ES,Towers with Radar,527,167,38,0,732,14,2,3,0,19,541,169,41,0,751,0,0,0,751
09/03/2003,MCO,FL,ASO,ES,Towers with Radar,525,167,38,0,730,15,9,10,0,34,540,176,48,0,764,0,0,0,764
09/04/2003,MCO,FL,ASO,ES,Towers with Radar,554,176,40,0,770,8,2,2,0,12,562,178,42,0,782,0,0,0,782
09/05/2003,MCO,FL,ASO,ES,Towers with Radar,541,172,34,0,747,34,12,0,2,48,575,184,34,2,795,0,0,0,795
09/06/2003,MCO,FL,ASO,ES,Towers with Radar,570,155,19,0,744,3,0,0,0,3,573,155,19,0,747,0,0,0,747
09/07/2003,MCO,FL,ASO,ES,Towers with Radar,526,161,31,1,719,3,0,3,0,6,529,161,34,1,725,0,0,0,725
09/08/2003,MCO,FL,ASO,ES,Towers with Radar,535,175,44,1,755,3,0,3,0,6,538,175,47,1,761,0,0,0,761
09/09/2003,MCO,FL,ASO,ES,Towers with Radar,538,175,41,0,754,0,0,22,2,24,538,175,63,2,778,0,0,0,778
09/10/2003,MCO,FL,ASO,ES,Towers with Radar,531,171,39,0,741,0,0,25,4,29,531,171,64,4,770,0,0,0,770
09/11/2003,MCO,FL,ASO,ES,Towers with Radar,543,180,39,0,762,0,0,0,0,0,543,180,39,0,762,0,0,0,762
09/12/2003,MCO,FL,ASO,ES,Towers with Radar,566,174,42,2,784,3,0,19,0,22,569,174,61,2,806,0,0,0,806
09/13/2003,MCO,FL,ASO,ES,Towers with Radar,578,155,29,0,762,3,0,1,0,4,581,155,30,0,766,0,0,0,766
09/14/2003,MCO,FL,ASO,ES,Towers with Radar,492,157,34,0,683,32,8,0,0,40,524,165,34,0,723,0,0,0,723
09/15/2003,MCO,FL,ASO,ES,Towers with Radar,508,171,37,1,717,0,48,21,6,75,508,219,58,7,792,0,0,0,792
09/16/2003,MCO,FL,ASO,ES,Towers with Radar,519,175,39,0,733,3,0,10,0,13,522,175,49,0,746,0,0,0,746
09/17/2003,MCO,FL,ASO,ES,Towers with Radar,533,169,38,1,741,0,0,4,1,5,533,169,42,2,746,0,0,0,746
09/18/2003,MCO,FL,ASO,ES,Towers with Radar,534,160,37,0,731,12,0,13,0,25,546,160,50,0,756,0,0,0,756
09/19/2003,MCO,FL,ASO,ES,Towers with Radar,543,174,41,0,758,0,0,18,0,18,543,174,59,0,776,0,0,0,776
09/20/2003,MCO,FL,ASO,ES,Towers with Radar,536,154,29,0,719,30,0,0,0,30,566,154,29,0,749,0,0,0,749
09/21/2003,MCO,FL,ASO,ES,Towers with Radar,527,165,39,0,731,3,0,3,0,6,530,165,42,0,737,0,0,0,737
09/22/2003,MCO,FL,ASO,ES,Towers with Radar,507,162,36,0,705,27,28,11,0,66,534,190,47,0,771,0,0,0,771
09/23/2003,MCO,FL,ASO,ES,Towers with Radar,537,171,37,1,746,4,12,9,3,28,541,183,46,4,774,0,0,0,774
09/24/2003,MCO,FL,ASO,ES,Towers with Radar,518,165,37,0,720,4,5,44,0,53,522,170,81,0,773,0,0,0,773
09/25/2003,MCO,FL,ASO,ES,Towers with Radar,573,176,42,0,791,0,0,28,0,28,573,176,70,0,819,0,0,0,819
09/26/2003,MCO,FL,ASO,ES,Towers with Radar,565,179,42,0,786,0,0,13,0,13,565,179,55,0,799,0,0,0,799
09/27/2003,MCO,FL,ASO,ES,Towers with Radar,563,158,29,2,752,3,0,0,0,3,566,158,29,2,755,0,0,0,755
09/28/2003,MCO,FL,ASO,ES,Towers with Radar,526,156,29,0,711,3,0,2,0,5,529,156,31,0,716,0,0,0,716
09/29/2003,MCO,FL,ASO,ES,Towers with Radar,532,174,48,0,754,3,0,10,0,13,535,174,58,0,767,0,0,0,767
09/30/2003,MCO,FL,ASO,ES,Towers with Radar,547,185,45,0,777,3,0,1,0,4,550,185,46,0,781,0,0,0,781
10/01/2003,MCO,FL,ASO,ES,Towers with Radar,557,182,57,0,796,1,2,6,0,9,558,184,63,0,805,0,0,0,805
10/02/2003,MCO,FL,ASO,ES,Towers with Radar,554,181,56,0,791,28,4,3,0,35,582,185,59,0,826,0,0,0,826
10/03/2003,MCO,FL,ASO,ES,Towers with Radar,569,177,46,1,793,15,0,0,1,16,584,177,46,2,809,0,0,0,809
10/04/2003,MCO,FL,ASO,ES,Towers with Radar,523,169,52,0,744,86,0,10,0,96,609,169,62,0,840,0,0,0,840
10/05/2003,MCO,FL,ASO,ES,Towers with Radar,507,166,52,1,726,40,11,6,2,59,547,177,58,3,785,0,0,0,785
10/06/2003,MCO,FL,ASO,ES,Towers with Radar,555,198,62,0,815,0,7,44,0,51,555,205,106,0,866,0,0,0,866
10/07/2003,MCO,FL,ASO,ES,Towers with Radar,570,186,66,0,822,0,0,74,0,74,570,186,140,0,896,0,0,0,896
10/08/2003,MCO,FL,ASO,ES,Towers with Radar,581,207,71,0,859,0,0,91,0,91,581,207,162,0,950,0,0,0,950
10/09/2003,MCO,FL,ASO,ES,Towers with Radar,589,194,74,1,858,0,0,68,0,68,589,194,142,1,926,0,0,0,926
10/10/2003,MCO,FL,ASO,ES,Towers with Radar,589,192,68,1,850,0,0,33,0,33,589,192,101,1,883,0,0,0,883
10/11/2003,MCO,FL,ASO,ES,Towers with Radar,530,173,48,0,751,77,0,0,0,77,607,173,48,0,828,0,0,0,828
10/12/2003,MCO,FL,ASO,ES,Towers with Radar,559,176,50,1,786,0,0,0,0,0,559,176,50,1,786,0,0,0,786
10/13/2003,MCO,FL,ASO,ES,Towers with Radar,545,178,55,1,779,19,13,32,1,65,564,191,87,2,844,0,0,0,844
10/14/2003,MCO,FL,ASO,ES,Towers with Radar,572,190,60,0,822,0,9,35,0,44,572,199,95,0,866,0,0,0,866
10/15/2003,MCO,FL,ASO,ES,Towers with Radar,565,185,58,1,809,20,7,12,2,41,585,192,70,3,850,0,0,0,850
10/16/2003,MCO,FL,ASO,ES,Towers with Radar,573,186,58,1,818,21,9,13,0,43,594,195,71,1,861,0,0,0,861
10/17/2003,MCO,FL,ASO,ES,Towers with Radar,573,185,59,0,817,24,0,4,0,28,597,185,63,0,845,0,0,0,845
10/18/2003,MCO,FL,ASO,ES,Towers with Radar,538,175,55,0,768,67,5,3,1,76,605,180,58,1,844,0,0,0,844
10/19/2003,MCO,FL,ASO,ES,Towers with Radar,545,177,56,0,778,14,2,9,0,25,559,179,65,0,803,0,0,0,803
10/20/2003,MCO,FL,ASO,ES,Towers with Radar,555,180,57,0,792,11,11,12,1,35,566,191,69,1,827,0,0,0,827
10/21/2003,MCO,FL,ASO,ES,Towers with Radar,589,191,61,0,841,0,0,8,1,9,589,191,69,1,850,0,0,0,850
10/22/2003,MCO,FL,ASO,ES,Towers with Radar,594,26,6,0,626,249,0,0,0,249,843,26,6,0,875,0,0,0,875
10/23/2003,MCO,FL,ASO,ES,Towers with Radar,590,194,62,0,846,0,7,25,1,33,590,201,87,1,879,0,0,0,879
10/24/2003,MCO,FL,ASO,ES,Towers with Radar,584,189,60,0,833,4,9,30,1,44,588,198,90,1,877,0,0,0,877
10/25/2003,MCO,FL,ASO,ES,Towers with Radar,558,171,54,0,783,46,0,0,0,46,604,171,54,0,829,0,0,0,829
10/26/2003,MCO,FL,ASO,ES,Towers with Radar,561,182,58,0,801,0,0,33,0,33,561,182,91,0,834,0,0,0,834
10/27/2003,MCO,FL,ASO,ES,Towers with Radar,500,172,47,0,719,0,0,0,1,1,500,172,47,1,720,0,0,0,720
10/28/2003,MCO,FL,ASO,ES,Towers with Radar,554,180,57,0,791,23,16,9,2,50,577,196,66,2,841,0,0,0,841
10/29/2003,MCO,FL,ASO,ES,Towers with Radar,587,201,63,0,851,0,11,7,0,18,587,212,70,0,869,0,0,0,869
10/30/2003,MCO,FL,ASO,ES,Towers with Radar,591,198,63,0,852,0,9,1,0,10,591,207,64,0,862,0,0,0,862
10/31/2003,MCO,FL,ASO,ES,Towers with Radar,577,187,36,0,800,29,10,0,4,43,606,197,36,4,843,0,0,0,843
11/01/2003,MCO,FL,ASO,ES,Towers with Radar,546,170,45,0,761,73,0,11,0,84,619,170,56,0,845,0,0,0,845
11/02/2003,MCO,FL,ASO,ES,Towers with Radar,558,178,46,1,783,14,0,14,1,29,572,178,60,2,812,0,0,0,812
11/03/2003,MCO,FL,ASO,ES,Towers with Radar,572,182,48,1,803,34,15,3,3,55,606,197,51,4,858,0,0,0,858
11/04/2003,MCO,FL,ASO,ES,Towers with Radar,586,192,50,0,828,0,4,35,0,39,586,196,85,0,867,0,0,0,867
11/05/2003,MCO,FL,ASO,ES,Towers with Radar,572,193,50,1,816,0,11,13,2,26,572,204,63,3,842,0,0,0,842
11/06/2003,MCO,FL,ASO,ES,Towers with Radar,625,199,47,0,871,0,0,0,0,0,625,199,47,0,871,0,0,0,871
11/07/2003,MCO,FL,ASO,ES,Towers with Radar,620,178,43,1,842,0,0,0,0,0,620,178,43,1,842,0,0,0,842
11/08/2003,MCO,FL,ASO,ES,Towers with Radar,584,178,43,1,806,36,0,0,0,36,620,178,43,1,842,0,0,0,842
11/09/2003,MCO,FL,ASO,ES,Towers with Radar,587,179,44,1,811,0,0,0,1,1,587,179,44,2,812,0,0,0,812
11/10/2003,MCO,FL,ASO,ES,Towers with Radar,576,194,50,1,821,0,9,12,1,22,576,203,62,2,843,0,0,0,843
11/11/2003,MCO,FL,ASO,ES,Towers with Radar,598,193,50,0,841,0,13,8,0,21,598,206,58,0,862,0,0,0,862
11/12/2003,MCO,FL,ASO,ES,Towers with Radar,572,199,53,0,824,0,0,40,0,40,572,199,93,0,864,0,0,0,864
11/13/2003,MCO,FL,ASO,ES,Towers with Radar,614,198,53,1,866,0,4,30,0,34,614,202,83,1,900,0,0,0,900
11/14/2003,MCO,FL,ASO,ES,Towers with Radar,615,205,54,1,875,0,0,29,2,31,615,205,83,3,906,0,0,0,906
11/15/2003,MCO,FL,ASO,ES,Towers with Radar,542,171,39,1,753,75,5,0,0,80,617,176,39,1,833,0,0,0,833
11/16/2003,MCO,FL,ASO,ES,Towers with Radar,564,178,47,1,790,12,5,10,1,28,576,183,57,2,818,0,0,0,818
11/17/2003,MCO,FL,ASO,ES,Towers with Radar,571,183,48,1,803,0,26,34,0,60,571,209,82,1,863,0,0,0,863
11/18/2003,MCO,FL,ASO,ES,Towers with Radar,597,191,51,1,840,0,29,39,0,68,597,220,90,1,908,0,0,0,908
11/19/2003,MCO,FL,ASO,ES,Towers with Radar,578,183,49,0,810,10,23,45,0,78,588,206,94,0,888,0,0,0,888
11/20/2003,MCO,FL,ASO,ES,Towers with Radar,604,204,54,0,862,0,17,34,0,51,604,221,88,0,913,0,0,0,913
11/21/2003,MCO,FL,ASO,ES,Towers with Radar,611,190,51,0,852,0,0,21,0,21,611,190,72,0,873,0,0,0,873
11/22/2003,MCO,FL,ASO,ES,Towers with Radar,555,173,46,0,774,71,0,4,5,80,626,173,50,5,854,0,0,0,854
11/23/2003,MCO,FL,ASO,ES,Towers with Radar,557,176,42,0,775,28,2,0,0,30,585,178,42,0,805,0,0,0,805
11/24/2003,MCO,FL,ASO,ES,Towers with Radar,562,178,46,0,786,12,5,6,1,24,574,183,52,1,810,0,0,0,810
11/25/2003,MCO,FL,ASO,ES,Towers with Radar,619,188,56,0,863,0,0,15,0,15,619,188,71,0,878,0,0,0,878
11/26/2003,MCO,FL,ASO,ES,Towers with Radar,608,201,57,0,866,0,0,21,0,21,608,201,78,0,887,0,0,0,887
11/27/2003,MCO,FL,ASO,ES,Towers with Radar,392,125,17,0,534,133,45,0,0,178,525,170,17,0,712,0,0,0,712
11/28/2003,MCO,FL,ASO,ES,Towers with Radar,464,148,29,0,641,73,26,0,0,99,537,174,29,0,740,0,0,0,740
11/29/2003,MCO,FL,ASO,ES,Towers with Radar,588,180,45,0,813,40,0,0,0,40,628,180,45,0,853,0,0,0,853
11/30/2003,MCO,FL,ASO,ES,Towers with Radar,603,189,56,0,848,0,0,9,1,10,603,189,65,1,858,0,0,0,858
12/01/2003,MCO,FL,ASO,ES,Towers with Radar,587,185,42,2,816,0,0,11,4,15,587,185,53,6,831,0,0,0,831
12/02/2003,MCO,FL,ASO,ES,Towers with Radar,621,190,43,2,856,0,7,32,1,40,621,197,75,3,896,0,0,0,896
12/03/2003,MCO,FL,ASO,ES,Towers with Radar,609,195,44,2,850,0,7,41,2,50,609,202,85,4,900,0,0,0,900
12/04/2003,MCO,FL,ASO,ES,Towers with Radar,608,198,45,0,851,0,3,14,0,17,608,201,59,0,868,0,0,0,868
12/05/2003,MCO,FL,ASO,ES,Towers with Radar,595,190,48,2,835,0,0,16,1,17,595,190,64,3,852,0,0,0,852
12/06/2003,MCO,FL,ASO,ES,Towers with Radar,589,179,40,2,810,0,0,19,0,19,589,179,59,2,829,0,0,0,829
12/07/2003,MCO,FL,ASO,ES,Towers with Radar,571,176,40,2,789,0,7,29,1,37,571,183,69,3,826,0,0,0,826
12/08/2003,MCO,FL,ASO,ES,Towers with Radar,590,185,42,0,817,0,12,9,0,21,590,197,51,0,838,0,0,0,838
12/09/2003,MCO,FL,ASO,ES,Towers with Radar,611,191,44,1,847,0,7,15,1,23,611,198,59,2,870,0,0,0,870
12/10/2003,MCO,FL,ASO,ES,Towers with Radar,600,198,46,0,844,0,0,11,0,11,600,198,57,0,855,0,0,0,855
12/11/2003,MCO,FL,ASO,ES,Towers with Radar,628,198,45,0,871,0,0,18,0,18,628,198,63,0,889,0,0,0,889
12/12/2003,MCO,FL,ASO,ES,Towers with Radar,621,190,46,1,858,0,0,33,3,36,621,190,79,4,894,0,0,0,894
12/13/2003,MCO,FL,ASO,ES,Towers with Radar,572,164,39,1,776,64,0,1,1,66,636,164,40,2,842,0,0,0,842
12/14/2003,MCO,FL,ASO,ES,Towers with Radar,526,158,37,0,721,46,9,7,1,63,572,167,44,1,784,0,0,0,784
12/15/2003,MCO,FL,ASO,ES,Towers with Radar,598,187,42,0,827,0,4,12,0,16,598,191,54,0,843,0,0,0,843
12/16/2003,MCO,FL,ASO,ES,Towers with Radar,622,188,43,0,853,0,0,9,0,9,622,188,52,0,862,0,0,0,862
12/17/2003,MCO,FL,ASO,ES,Towers with Radar,622,187,43,0,852,2,8,10,0,20,624,195,53,0,872,0,0,0,872
12/18/2003,MCO,FL,ASO,ES,Towers with Radar,659,201,47,0,907,0,3,10,0,13,659,204,57,0,920,0,0,0,920
12/19/2003,MCO,FL,ASO,ES,Towers with Radar,666,203,48,1,918,0,0,17,0,17,666,203,65,1,935,0,0,0,935
12/20/2003,MCO,FL,ASO,ES,Towers with Radar,626,188,43,0,857,55,0,3,0,58,681,188,46,0,915,0,0,0,915
12/21/2003,MCO,FL,ASO,ES,Towers with Radar,562,169,37,0,768,71,9,0,3,83,633,178,37,3,851,0,0,0,851
12/22/2003,MCO,FL,ASO,ES,Towers with Radar,603,182,42,0,827,22,4,1,0,27,625,186,43,0,854,0,0,0,854
12/23/2003,MCO,FL,ASO,ES,Towers with Radar,677,199,47,0,923,1,0,10,0,11,678,199,57,0,934,0,0,0,934
12/24/2003,MCO,FL,ASO,ES,Towers with Radar,529,159,30,0,718,88,17,0,0,105,617,176,30,0,823,0,0,0,823
12/25/2003,MCO,FL,ASO,ES,Towers with Radar,414,124,24,0,562,139,36,0,1,176,553,160,24,1,738,0,0,0,738
12/26/2003,MCO,FL,ASO,ES,Towers with Radar,622,183,45,0,850,0,0,24,0,24,622,183,69,0,874,0,0,0,874
12/27/2003,MCO,FL,ASO,ES,Towers with Radar,655,177,45,0,877,20,0,16,0,36,675,177,61,0,913,0,0,0,913
12/28/2003,MCO,FL,ASO,ES,Towers with Radar,626,181,43,0,850,12,0,3,0,15,638,181,46,0,865,0,0,0,865
12/29/2003,MCO,FL,ASO,ES,Towers with Radar,617,197,45,0,859,0,2,21,0,23,617,199,66,0,882,16,0,16,898
12/30/2003,MCO,FL,ASO,ES,Towers with Radar,657,196,46,0,899,0,0,18,0,18,657,196,64,0,917,12,0,12,929
12/31/2003,MCO,FL,ASO,ES,Towers with Radar,620,184,41,0,845,9,0,0,0,9,629,184,41,0,854,0,0,0,854
01/01/2004,MCO,FL,ASO,ES,Towers with Radar,522,153,43,1,719,61,15,0,0,76,583,168,43,1,795,0,0,0,795
01/02/2004,MCO,FL,ASO,ES,Towers with Radar,627,185,58,0,870,0,2,4,0,6,627,187,62,0,876,0,0,0,876
01/03/2004,MCO,FL,ASO,ES,Towers with Radar,644,182,59,0,885,18,0,8,0,26,662,182,67,0,911,0,0,0,911
01/04/2004,MCO,FL,ASO,ES,Towers with Radar,619,188,58,0,865,0,14,11,0,25,619,202,69,0,890,24,0,24,914
01/05/2004,MCO,FL,ASO,ES,Towers with Radar,581,172,54,0,807,39,15,8,0,62,620,187,62,0,869,0,0,0,869
01/06/2004,MCO,FL,ASO,ES,Towers with Radar,625,183,52,0,860,0,0,0,0,0,625,183,52,0,860,0,0,0,860
01/07/2004,MCO,FL,ASO,ES,Towers with Radar,598,181,57,1,837,0,12,28,0,40,598,193,85,1,877,0,0,0,877
01/08/2004,MCO,FL,ASO,ES,Towers with Radar,628,189,60,0,877,0,0,29,0,29,628,189,89,0,906,0,0,0,906
01/09/2004,MCO,FL,ASO,ES,Towers with Radar,618,185,58,1,862,0,9,3,4,16,618,194,61,5,878,0,0,0,878
01/10/2004,MCO,FL,ASO,ES,Towers with Radar,626,174,53,0,853,10,0,0,0,10,636,174,53,0,863,0,0,0,863
01/11/2004,MCO,FL,ASO,ES,Towers with Radar,575,170,54,1,800,25,9,6,1,41,600,179,60,2,841,0,0,0,841
01/12/2004,MCO,FL,ASO,ES,Towers with Radar,575,170,54,0,799,8,6,26,0,40,583,176,80,0,839,0,0,0,839
01/13/2004,MCO,FL,ASO,ES,Towers with Radar,605,186,59,1,851,0,0,33,0,33,605,186,92,1,884,0,0,0,884
01/14/2004,MCO,FL,ASO,ES,Towers with Radar,589,174,55,1,819,1,6,18,1,26,590,180,73,2,845,0,0,0,845
01/15/2004,MCO,FL,ASO,ES,Towers with Radar,613,177,64,1,855,0,0,43,4,47,613,177,107,5,902,0,0,0,902
01/16/2004,MCO,FL,ASO,ES,Towers with Radar,621,178,60,1,860,0,0,27,0,27,621,178,87,1,887,0,0,0,887
01/17/2004,MCO,FL,ASO,ES,Towers with Radar,558,165,46,1,770,60,1,0,0,61,618,166,46,1,831,0,0,0,831
01/18/2004,MCO,FL,ASO,ES,Towers with Radar,571,168,53,0,792,15,14,6,0,35,586,182,59,0,827,0,0,0,827
01/19/2004,MCO,FL,ASO,ES,Towers with Radar,589,179,52,0,820,0,2,0,0,2,589,181,52,0,822,0,0,0,822
01/20/2004,MCO,FL,ASO,ES,Towers with Radar,589,172,51,0,812,13,17,0,0,30,602,189,51,0,842,0,0,0,842
01/21/2004,MCO,FL,ASO,ES,Towers with Radar,599,180,58,1,838,0,0,22,1,23,599,180,80,2,861,0,0,0,861
01/22/2004,MCO,FL,ASO,ES,Towers with Radar,608,178,57,1,844,2,7,39,1,49,610,185,96,2,893,0,0,0,893
01/23/2004,MCO,FL,ASO,ES,Towers with Radar,615,184,59,0,858,0,0,3,0,3,615,184,62,0,861,0,0,0,861
01/24/2004,MCO,FL,ASO,ES,Towers with Radar,598,167,56,1,822,37,0,20,1,58,635,167,76,2,880,0,0,0,880
01/25/2004,MCO,FL,ASO,ES,Towers with Radar,552,151,51,0,754,31,0,13,0,44,583,151,64,0,798,0,0,0,798
01/26/2004,MCO,FL,ASO,ES,Towers with Radar,552,159,51,0,762,0,0,11,0,11,552,159,62,0,773,0,0,0,773
01/27/2004,MCO,FL,ASO,ES,Towers with Radar,594,175,56,0,825,0,1,1,2,4,594,176,57,2,829,0,0,0,829
01/28/2004,MCO,FL,ASO,ES,Towers with Radar,600,179,58,0,837,0,0,37,4,41,600,179,95,4,878,0,0,0,878
01/29/2004,MCO,FL,ASO,ES,Towers with Radar,612,186,61,0,859,0,0,37,2,39,612,186,98,2,898,0,0,0,898
01/30/2004,MCO,FL,ASO,ES,Towers with Radar,627,194,62,0,883,0,0,33,1,34,627,194,95,1,917,0,0,0,917
01/31/2004,MCO,FL,ASO,ES,Towers with Radar,598,175,46,0,819,51,1,0,0,52,649,176,46,0,871,0,0,0,871
02/01/2004,MCO,FL,ASO,ES,Towers with Radar,557,165,36,1,759,37,7,0,0,44,594,172,36,1,803,0,0,0,803
02/02/2004,MCO,FL,ASO,ES,Towers with Radar,558,166,51,3,778,32,22,4,1,59,590,188,55,4,837,0,0,0,837
02/03/2004,MCO,FL,ASO,ES,Towers with Radar,597,177,48,0,822,29,15,0,0,44,626,192,48,0,866,0,0,0,866
02/04/2004,MCO,FL,ASO,ES,Towers with Radar,594,176,50,0,820,27,6,0,0,33,621,182,50,0,853,0,0,0,853
02/05/2004,MCO,FL,ASO,ES,Towers with Radar,620,179,55,3,857,7,0,0,5,12,627,179,55,8,869,0,0,0,869
02/06/2004,MCO,FL,ASO,ES,Towers with Radar,603,179,56,0,838,33,6,7,0,46,636,185,63,0,884,0,0,0,884
02/07/2004,MCO,FL,ASO,ES,Towers with Radar,599,173,56,2,830,63,0,6,0,69,662,173,62,2,899,0,0,0,899
02/08/2004,MCO,FL,ASO,ES,Towers with Radar,568,168,53,3,792,33,8,9,3,53,601,176,62,6,845,0,0,0,845
02/09/2004,MCO,FL,ASO,ES,Towers with Radar,571,169,44,1,785,36,17,0,0,53,607,186,44,1,838,0,0,0,838
02/10/2004,MCO,FL,ASO,ES,Towers with Radar,588,174,55,0,817,33,25,10,0,68,621,199,65,0,885,0,0,0,885
02/11/2004,MCO,FL,ASO,ES,Towers with Radar,628,206,66,3,903,0,0,25,0,25,628,206,91,3,928,0,0,0,928
02/12/2004,MCO,FL,ASO,ES,Towers with Radar,637,215,68,1,921,0,14,68,0,82,637,229,136,1,1003,0,0,0,1003
02/13/2004,MCO,FL,ASO,ES,Towers with Radar,675,213,76,3,967,0,0,36,4,40,675,213,112,7,1007,0,0,0,1007
02/14/2004,MCO,FL,ASO,ES,Towers with Radar,639,187,60,2,888,80,0,0,7,87,719,187,60,9,975,0,0,0,975
02/15/2004,MCO,FL,ASO,ES,Towers with Radar,639,189,61,2,891,0,0,15,0,15,639,189,76,2,906,0,0,0,906
02/16/2004,MCO,FL,ASO,ES,Towers with Radar,623,201,67,2,893,0,0,25,0,25,623,201,92,2,918,0,0,0,918
02/17/2004,MCO,FL,ASO,ES,Towers with Radar,651,185,66,0,902,0,0,20,0,20,651,185,86,0,922,0,0,0,922
02/18/2004,MCO,FL,ASO,ES,Towers with Radar,655,192,61,2,910,2,0,46,0,48,657,192,107,2,958,0,0,0,958
02/19/2004,MCO,FL,ASO,ES,Towers with Radar,653,200,64,2,919,0,0,52,1,53,653,200,116,3,972,2,0,2,974
02/20/2004,MCO,FL,ASO,ES,Towers with Radar,560,166,38,1,765,0,0,0,0,0,560,166,38,1,765,0,0,0,765
02/21/2004,MCO,FL,ASO,ES,Towers with Radar,598,176,36,2,812,112,8,0,2,122,710,184,36,4,934,0,0,0,934
02/22/2004,MCO,FL,ASO,ES,Towers with Radar,522,153,49,0,724,15,6,5,0,26,537,159,54,0,750,0,0,0,750
02/23/2004,MCO,FL,ASO,ES,Towers with Radar,596,175,56,0,827,22,3,21,0,46,618,178,77,0,873,0,0,0,873
02/24/2004,MCO,FL,ASO,ES,Towers with Radar,570,168,53,2,793,70,12,9,0,91,640,180,62,2,884,0,0,0,884
02/25/2004,MCO,FL,ASO,ES,Towers with Radar,596,175,56,2,829,26,6,7,0,39,622,181,63,2,868,0,0,0,868
02/26/2004,MCO,FL,ASO,ES,Towers with Radar,654,199,67,2,922,0,0,20,8,28,654,199,87,10,950,0,0,0,950
02/27/2004,MCO,FL,ASO,ES,Towers with Radar,671,205,63,2,941,0,0,0,0,0,671,205,63,2,941,0,0,0,941
02/28/2004,MCO,FL,ASO,ES,Towers with Radar,652,173,53,1,879,50,0,0,0,50,702,173,53,1,929,0,0,0,929
02/29/2004,MCO,FL,ASO,ES,Towers with Radar,612,181,56,2,851,7,4,29,4,44,619,185,85,6,895,0,0,0,895
03/01/2004,MCO,FL,ASO,ES,Towers with Radar,619,193,63,1,876,0,9,33,0,42,619,202,96,1,918,0,0,0,918
03/02/2004,MCO,FL,ASO,ES,Towers with Radar,648,191,63,0,902,8,3,19,0,30,656,194,82,0,932,0,0,0,932
03/03/2004,MCO,FL,ASO,ES,Towers with Radar,646,193,63,0,902,0,6,4,0,10,646,199,67,0,912,0,0,0,912
03/04/2004,MCO,FL,ASO,ES,Towers with Radar,661,189,65,0,915,0,0,8,0,8,661,189,73,0,923,2,0,2,925
03/05/2004,MCO,FL,ASO,ES,Towers with Radar,654,191,67,1,913,0,0,3,1,4,654,191,70,2,917,0,0,0,917
03/06/2004,MCO,FL,ASO,ES,Towers with Radar,655,187,64,0,906,59,0,2,0,61,714,187,66,0,967,0,0,0,967
03/07/2004,MCO,FL,ASO,ES,Towers with Radar,633,196,65,1,895,0,0,5,3,8,633,196,70,4,903,0,0,0,903
03/08/2004,MCO,FL,ASO,ES,Towers with Radar,617,182,60,0,859,4,5,16,0,25,621,187,76,0,884,0,0,0,884
03/09/2004,MCO,FL,ASO,ES,Towers with Radar,608,180,57,1,846,56,8,0,1,65,664,188,57,2,911,0,0,0,911
03/10/2004,MCO,FL,ASO,ES,Towers with Radar,644,198,67,1,910,0,0,47,0,47,644,198,114,1,957,0,0,0,957
03/11/2004,MCO,FL,ASO,ES,Towers with Radar,672,195,67,1,935,0,0,0,0,0,672,195,67,1,935,2,0,2,937
03/12/2004,MCO,FL,ASO,ES,Towers with Radar,668,202,70,0,940,0,0,13,0,13,668,202,83,0,953,0,0,0,953
03/13/2004,MCO,FL,ASO,ES,Towers with Radar,692,196,65,1,954,36,0,0,0,36,728,196,65,1,990,2,0,2,992
03/14/2004,MCO,FL,ASO,ES,Towers with Radar,643,184,63,1,891,0,0,51,0,51,643,184,114,1,942,0,0,0,942
03/15/2004,MCO,FL,ASO,ES,Towers with Radar,630,186,63,1,880,0,15,15,0,30,630,201,78,1,910,0,0,0,910
03/16/2004,MCO,FL,ASO,ES,Towers with Radar,637,187,63,1,888,3,0,9,1,13,640,187,72,2,901,0,0,0,901
03/17/2004,MCO,FL,ASO,ES,Towers with Radar,683,191,69,1,944,0,0,43,0,43,683,191,112,1,987,0,0,0,987
03/18/2004,MCO,FL,ASO,ES,Towers with Radar,663,212,72,1,948,0,0,41,0,41,663,212,113,1,989,0,0,0,989
03/19/2004,MCO,FL,ASO,ES,Towers with Radar,666,221,74,1,962,0,5,34,0,39,666,226,108,1,1001,0,0,0,1001
03/20/2004,MCO,FL,ASO,ES,Towers with Radar,685,193,67,1,946,35,0,24,1,60,720,193,91,2,1006,0,0,0,1006
03/21/2004,MCO,FL,ASO,ES,Towers with Radar,643,197,66,1,907,0,0,32,0,32,643,197,98,1,939,0,0,0,939
03/22/2004,MCO,FL,ASO,ES,Towers with Radar,611,179,60,0,850,47,11,24,0,82,658,190,84,0,932,0,0,0,932
03/23/2004,MCO,FL,ASO,ES,Towers with Radar,615,181,60,0,856,52,16,13,0,81,667,197,73,0,937,0,0,0,937
03/24/2004,MCO,FL,ASO,ES,Towers with Radar,653,192,65,0,910,0,0,20,0,20,653,192,85,0,930,0,0,0,930
03/25/2004,MCO,FL,ASO,ES,Towers with Radar,686,195,66,0,947,0,0,0,0,0,686,195,66,0,947,2,0,2,949
03/26/2004,MCO,FL,ASO,ES,Towers with Radar,629,186,67,0,882,0,0,25,1,26,629,186,92,1,908,0,0,0,908
03/27/2004,MCO,FL,ASO,ES,Towers with Radar,642,187,50,0,879,68,0,0,0,68,710,187,50,0,947,0,0,0,947
03/28/2004,MCO,FL,ASO,ES,Towers with Radar,613,177,59,0,849,23,0,3,1,27,636,177,62,1,876,0,0,0,876
03/29/2004,MCO,FL,ASO,ES,Towers with Radar,616,182,59,0,857,24,11,34,2,71,640,193,93,2,928,0,0,0,928
03/30/2004,MCO,FL,ASO,ES,Towers with Radar,622,184,60,0,866,34,27,18,3,82,656,211,78,3,948,0,0,0,948
03/31/2004,MCO,FL,ASO,ES,Towers with Radar,618,182,60,0,860,27,14,6,2,49,645,196,66,2,909,0,0,0,909
04/01/2004,MCO,FL,ASO,ES,Towers with Radar,677,187,56,2,922,0,0,35,1,36,677,187,91,3,958,0,0,0,958
04/02/2004,MCO,FL,ASO,ES,Towers with Radar,602,169,48,1,820,16,0,32,2,50,618,169,80,3,870,0,0,0,870
04/03/2004,MCO,FL,ASO,ES,Towers with Radar,668,189,52,0,909,34,2,19,0,55,702,191,71,0,964,0,0,0,964
04/04/2004,MCO,FL,ASO,ES,Towers with Radar,612,174,48,2,836,20,29,17,3,69,632,203,65,5,905,0,0,0,905
04/05/2004,MCO,FL,ASO,ES,Towers with Radar,643,184,52,2,881,0,16,14,0,30,643,200,66,2,911,0,0,0,911
04/06/2004,MCO,FL,ASO,ES,Towers with Radar,644,183,51,0,878,21,4,4,0,29,665,187,55,0,907,0,0,0,907
04/07/2004,MCO,FL,ASO,ES,Towers with Radar,652,192,55,2,901,0,0,5,0,5,652,192,60,2,906,0,0,0,906
04/08/2004,MCO,FL,ASO,ES,Towers with Radar,664,199,55,0,918,0,4,0,0,4,664,203,55,0,922,2,0,2,924
04/09/2004,MCO,FL,ASO,ES,Towers with Radar,668,195,62,1,926,0,0,25,0,25,668,195,87,1,951,0,0,0,951
04/10/2004,MCO,FL,ASO,ES,Towers with Radar,677,192,45,0,914,45,6,0,0,51,722,198,45,0,965,0,0,0,965
04/11/2004,MCO,FL,ASO,ES,Towers with Radar,603,171,49,0,823,20,12,13,0,45,623,183,62,0,868,0,0,0,868
04/12/2004,MCO,FL,ASO,ES,Towers with Radar,643,182,52,1,878,13,23,12,0,48,656,205,64,1,926,0,0,0,926
04/13/2004,MCO,FL,ASO,ES,Towers with Radar,655,186,50,1,892,20,14,0,0,34,675,200,50,1,926,0,0,0,926
04/14/2004,MCO,FL,ASO,ES,Towers with Radar,673,198,57,0,928,0,0,12,0,12,673,198,69,0,940,0,0,0,940
04/15/2004,MCO,FL,ASO,ES,Towers with Radar,666,192,62,1,921,0,0,16,4,20,666,192,78,5,941,0,0,0,941
04/16/2004,MCO,FL,ASO,ES,Towers with Radar,570,161,58,1,790,0,0,8,1,9,570,161,66,2,799,0,0,0,799
04/17/2004,MCO,FL,ASO,ES,Towers with Radar,681,188,54,1,924,27,0,25,0,52,708,188,79,1,976,0,0,0,976
04/18/2004,MCO,FL,ASO,ES,Towers with Radar,643,192,57,1,893,0,0,35,1,36,643,192,92,2,929,0,0,0,929
04/19/2004,MCO,FL,ASO,ES,Towers with Radar,639,184,52,1,876,0,15,33,4,52,639,199,85,5,928,0,0,0,928
04/20/2004,MCO,FL,ASO,ES,Towers with Radar,663,187,53,0,903,0,22,20,0,42,663,209,73,0,945,0,0,0,945
04/21/2004,MCO,FL,ASO,ES,Towers with Radar,647,183,53,0,883,0,0,38,0,38,647,183,91,0,921,0,0,0,921
04/22/2004,MCO,FL,ASO,ES,Towers with Radar,662,187,53,0,902,0,15,29,0,44,662,202,82,0,946,0,0,0,946
04/23/2004,MCO,FL,ASO,ES,Towers with Radar,579,177,51,1,808,0,0,26,2,28,579,177,77,3,836,0,0,0,836
04/24/2004,MCO,FL,ASO,ES,Towers with Radar,644,181,52,0,877,46,7,6,0,59,690,188,58,0,936,0,0,0,936
04/25/2004,MCO,FL,ASO,ES,Towers with Radar,622,175,49,1,847,16,16,19,0,51,638,191,68,1,898,0,0,0,898
04/26/2004,MCO,FL,ASO,ES,Towers with Radar,616,173,49,1,839,38,40,43,0,121,654,213,92,1,960,0,0,0,960
04/27/2004,MCO,FL,ASO,ES,Towers with Radar,602,169,48,0,819,62,33,9,0,104,664,202,57,0,923,0,0,0,923
04/28/2004,MCO,FL,ASO,ES,Towers with Radar,644,189,54,0,887,0,0,31,0,31,644,189,85,0,918,0,0,0,918
04/29/2004,MCO,FL,ASO,ES,Towers with Radar,650,189,54,0,893,0,9,22,0,31,650,198,76,0,924,0,0,0,924
04/30/2004,MCO,FL,ASO,ES,Towers with Radar,642,181,52,1,876,7,8,13,2,30,649,189,65,3,906,0,0,0,906
05/01/2004,MCO,FL,ASO,ES,Towers with Radar,648,181,54,1,884,45,0,0,2,47,693,181,54,3,931,0,0,0,931
05/02/2004,MCO,FL,ASO,ES,Towers with Radar,616,177,51,2,846,12,0,22,0,34,628,177,73,2,880,0,0,0,880
05/03/2004,MCO,FL,ASO,ES,Towers with Radar,641,186,53,0,880,0,0,20,0,20,641,186,73,0,900,0,0,0,900
05/04/2004,MCO,FL,ASO,ES,Towers with Radar,628,199,57,0,884,0,7,30,0,37,628,206,87,0,921,0,0,0,921
05/05/2004,MCO,FL,ASO,ES,Towers with Radar,615,183,52,2,852,0,5,43,0,48,615,188,95,2,900,0,0,0,900
05/06/2004,MCO,FL,ASO,ES,Towers with Radar,639,197,56,0,892,0,0,16,0,16,639,197,72,0,908,2,0,2,910
05/07/2004,MCO,FL,ASO,ES,Towers with Radar,636,181,56,0,873,0,0,17,0,17,636,181,73,0,890,0,0,0,890
05/08/2004,MCO,FL,ASO,ES,Towers with Radar,569,165,47,2,783,87,6,0,0,93,656,171,47,2,876,0,0,0,876
05/09/2004,MCO,FL,ASO,ES,Towers with Radar,559,162,47,0,768,48,11,2,0,61,607,173,49,0,829,0,0,0,829
05/10/2004,MCO,FL,ASO,ES,Towers with Radar,607,176,51,0,834,5,4,29,0,38,612,180,80,0,872,0,0,0,872
05/11/2004,MCO,FL,ASO,ES,Towers with Radar,630,183,52,1,866,4,16,19,0,39,634,199,71,1,905,0,0,0,905
05/12/2004,MCO,FL,ASO,ES,Towers with Radar,622,178,52,0,852,0,0,36,0,36,622,178,88,0,888,0,0,0,888
05/13/2004,MCO,FL,ASO,ES,Towers with Radar,642,188,57,1,888,0,0,9,1,10,642,188,66,2,898,2,0,2,900
05/14/2004,MCO,FL,ASO,ES,Towers with Radar,641,188,55,1,885,0,0,24,5,29,641,188,79,6,914,0,0,0,914
05/15/2004,MCO,FL,ASO,ES,Towers with Radar,608,176,51,0,835,67,11,0,0,78,675,187,51,0,913,0,0,0,913
05/16/2004,MCO,FL,ASO,ES,Towers with Radar,605,176,50,1,832,5,4,8,0,17,610,180,58,1,849,0,0,0,849
05/17/2004,MCO,FL,ASO,ES,Towers with Radar,596,171,50,0,817,0,0,10,0,10,596,171,60,0,827,0,0,0,827
05/18/2004,MCO,FL,ASO,ES,Towers with Radar,609,176,51,0,836,14,8,22,0,44,623,184,73,0,880,0,0,0,880
05/19/2004,MCO,FL,ASO,ES,Towers with Radar,616,189,55,0,860,0,0,57,0,57,616,189,112,0,917,0,0,0,917
05/20/2004,MCO,FL,ASO,ES,Towers with Radar,651,186,57,1,895,0,0,17,3,20,651,186,74,4,915,0,0,0,915
05/21/2004,MCO,FL,ASO,ES,Towers with Radar,638,184,58,0,880,0,0,17,0,17,638,184,75,0,897,0,0,0,897
05/22/2004,MCO,FL,ASO,ES,Towers with Radar,649,176,53,0,878,39,0,7,0,46,688,176,60,0,924,0,0,0,924
05/23/2004,MCO,FL,ASO,ES,Towers with Radar,604,174,50,0,828,0,0,4,0,4,604,174,54,0,832,0,0,0,832
05/24/2004,MCO,FL,ASO,ES,Towers with Radar,606,175,50,0,831,11,9,21,0,41,617,184,71,0,872,0,0,0,872
05/25/2004,MCO,FL,ASO,ES,Towers with Radar,616,178,50,1,845,14,6,18,0,38,630,184,68,1,883,0,0,0,883
05/26/2004,MCO,FL,ASO,ES,Towers with Radar,611,174,50,0,835,6,0,47,0,53,617,174,97,0,888,0,0,0,888
05/27/2004,MCO,FL,ASO,ES,Towers with Radar,642,196,58,1,897,0,0,40,1,41,642,196,98,2,938,0,0,0,938
05/28/2004,MCO,FL,ASO,ES,Towers with Radar,645,182,58,1,886,0,0,32,1,33,645,182,90,2,919,0,0,0,919
05/29/2004,MCO,FL,ASO,ES,Towers with Radar,611,173,44,1,829,55,0,0,1,56,666,173,44,2,885,0,0,0,885
05/30/2004,MCO,FL,ASO,ES,Towers with Radar,511,147,43,0,701,88,18,5,0,111,599,165,48,0,812,0,0,0,812
05/31/2004,MCO,FL,ASO,ES,Towers with Radar,570,164,47,0,781,22,21,8,0,51,592,185,55,0,832,0,0,0,832
06/01/2004,MCO,FL,ASO,ES,Towers with Radar,604,167,47,0,818,8,8,18,0,34,612,175,65,0,852,0,0,0,852
06/02/2004,MCO,FL,ASO,ES,Towers with Radar,626,173,48,0,847,14,1,15,0,30,640,174,63,0,877,0,0,0,877
06/03/2004,MCO,FL,ASO,ES,Towers with Radar,642,176,49,0,867,9,0,25,0,34,651,176,74,0,901,0,0,0,901
06/04/2004,MCO,FL,ASO,ES,Towers with Radar,640,168,49,2,859,11,0,19,0,30,651,168,68,2,889,0,0,0,889
06/05/2004,MCO,FL,ASO,ES,Towers with Radar,620,171,45,2,838,47,7,0,1,55,667,178,45,3,893,0,0,0,893
06/06/2004,MCO,FL,ASO,ES,Towers with Radar,573,156,44,2,775,44,0,10,0,54,617,156,54,2,829,0,0,0,829
06/07/2004,MCO,FL,ASO,ES,Towers with Radar,607,167,47,0,821,22,26,5,0,53,629,193,52,0,874,0,0,0,874
06/08/2004,MCO,FL,ASO,ES,Towers with Radar,644,173,49,0,866,0,0,13,0,13,644,173,62,0,879,0,0,0,879
06/09/2004,MCO,FL,ASO,ES,Towers with Radar,627,178,50,2,857,0,0,12,3,15,627,178,62,5,872,0,0,0,872
06/10/2004,MCO,FL,ASO,ES,Towers with Radar,637,178,49,0,864,0,1,1,0,2,637,179,50,0,866,0,0,0,866
06/11/2004,MCO,FL,ASO,ES,Towers with Radar,660,179,54,0,893,0,0,13,0,13,660,179,67,0,906,0,0,0,906
06/12/2004,MCO,FL,ASO,ES,Towers with Radar,649,159,49,0,857,41,0,1,0,42,690,159,50,0,899,0,0,0,899
06/13/2004,MCO,FL,ASO,ES,Towers with Radar,636,175,48,1,860,1,5,18,0,24,637,180,66,1,884,0,0,0,884
06/14/2004,MCO,FL,ASO,ES,Towers with Radar,625,176,48,1,850,0,15,25,0,40,625,191,73,1,890,0,0,0,890
06/15/2004,MCO,FL,ASO,ES,Towers with Radar,653,180,49,0,882,0,2,14,0,16,653,182,63,0,898,0,0,0,898
06/16/2004,MCO,FL,ASO,ES,Towers with Radar,647,179,53,0,879,0,0,38,0,38,647,179,91,0,917,0,0,0,917
06/17/2004,MCO,FL,ASO,ES,Towers with Radar,645,182,55,0,882,0,0,32,0,32,645,182,87,0,914,0,0,0,914
06/18/2004,MCO,FL,ASO,ES,Towers with Radar,679,182,58,1,920,0,0,31,0,31,679,182,89,1,951,0,0,0,951
06/19/2004,MCO,FL,ASO,ES,Towers with Radar,671,169,51,0,891,22,0,5,0,27,693,169,56,0,918,0,0,0,918
06/20/2004,MCO,FL,ASO,ES,Towers with Radar,585,160,45,0,790,47,3,10,0,60,632,163,55,0,850,0,0,0,850
06/21/2004,MCO,FL,ASO,ES,Towers with Radar,618,182,51,0,851,0,6,10,0,16,618,188,61,0,867,0,0,0,867
06/22/2004,MCO,FL,ASO,ES,Towers with Radar,642,176,48,0,866,0,2,10,0,12,642,178,58,0,878,0,0,0,878
06/23/2004,MCO,FL,ASO,ES,Towers with Radar,654,182,50,0,886,0,0,48,0,48,654,182,98,0,934,0,0,0,934
06/24/2004,MCO,FL,ASO,ES,Towers with Radar,668,177,54,0,899,0,0,27,0,27,668,177,81,0,926,0,0,0,926
06/25/2004,MCO,FL,ASO,ES,Towers with Radar,642,170,49,0,861,0,0,27,0,27,642,170,76,0,888,0,0,0,888
06/26/2004,MCO,FL,ASO,ES,Towers with Radar,624,169,44,0,837,91,0,0,0,91,715,169,44,0,928,0,0,0,928
06/27/2004,MCO,FL,ASO,ES,Towers with Radar,589,161,45,0,795,42,7,6,0,55,631,168,51,0,850,0,0,0,850
06/28/2004,MCO,FL,ASO,ES,Towers with Radar,632,173,48,1,854,16,5,20,0,41,648,178,68,1,895,0,0,0,895
06/29/2004,MCO,FL,ASO,ES,Towers with Radar,654,179,49,1,883,16,6,26,3,51,670,185,75,4,934,0,0,0,934
06/30/2004,MCO,FL,ASO,ES,Towers with Radar,647,183,51,1,882,0,6,23,1,30,647,189,74,2,912,0,0,0,912
07/01/2004,MCO,FL,ASO,ES,Towers with Radar,656,183,42,1,882,0,0,37,3,40,656,183,79,4,922,0,0,0,922
07/02/2004,MCO,FL,ASO,ES,Towers with Radar,665,176,44,0,885,0,0,5,0,5,665,176,49,0,890,0,0,0,890
07/03/2004,MCO,FL,ASO,ES,Towers with Radar,654,172,36,0,862,52,0,0,0,52,706,172,36,0,914,0,0,0,914
07/04/2004,MCO,FL,ASO,ES,Towers with Radar,513,138,22,0,673,100,25,0,0,125,613,163,22,0,798,0,0,0,798
07/05/2004,MCO,FL,ASO,ES,Towers with Radar,609,163,37,0,809,9,11,2,0,22,618,174,39,0,831,0,0,0,831
07/06/2004,MCO,FL,ASO,ES,Towers with Radar,621,167,37,1,826,4,15,28,0,47,625,182,65,1,873,0,0,0,873
07/07/2004,MCO,FL,ASO,ES,Towers with Radar,618,166,38,0,822,22,7,16,0,45,640,173,54,0,867,0,0,0,867
07/08/2004,MCO,FL,ASO,ES,Towers with Radar,691,182,44,0,917,0,0,15,0,15,691,182,59,0,932,0,0,0,932
07/09/2004,MCO,FL,ASO,ES,Towers with Radar,670,172,44,1,887,0,0,19,4,23,670,172,63,5,910,0,0,0,910
07/10/2004,MCO,FL,ASO,ES,Towers with Radar,669,166,40,0,875,38,0,23,0,61,707,166,63,0,936,0,0,0,936
07/11/2004,MCO,FL,ASO,ES,Towers with Radar,566,152,34,1,753,79,13,13,1,106,645,165,47,2,859,0,0,0,859
07/12/2004,MCO,FL,ASO,ES,Towers with Radar,625,181,42,1,849,0,4,29,0,33,625,185,71,1,882,0,0,0,882
07/13/2004,MCO,FL,ASO,ES,Towers with Radar,675,188,43,1,907,0,2,8,0,10,675,190,51,1,917,0,0,0,917
07/14/2004,MCO,FL,ASO,ES,Towers with Radar,637,174,40,0,851,0,11,28,0,39,637,185,68,0,890,0,0,0,890
07/15/2004,MCO,FL,ASO,ES,Towers with Radar,676,175,41,0,892,17,0,28,0,45,693,175,69,0,937,0,0,0,937
07/16/2004,MCO,FL,ASO,ES,Towers with Radar,667,178,42,0,887,0,0,23,0,23,667,178,65,0,910,0,0,0,910
07/17/2004,MCO,FL,ASO,ES,Towers with Radar,648,173,37,0,858,71,10,0,0,81,719,183,37,0,939,0,0,0,939
07/18/2004,MCO,FL,ASO,ES,Towers with Radar,602,160,37,0,799,29,15,5,0,49,631,175,42,0,848,0,0,0,848
07/19/2004,MCO,FL,ASO,ES,Towers with Radar,632,168,38,0,838,14,9,7,0,30,646,177,45,0,868,0,0,0,868
07/20/2004,MCO,FL,ASO,ES,Towers with Radar,641,171,37,0,849,23,11,0,0,34,664,182,37,0,883,0,0,0,883
07/21/2004,MCO,FL,ASO,ES,Towers with Radar,651,171,42,0,864,0,0,42,0,42,651,171,84,0,906,0,0,0,906
07/22/2004,MCO,FL,ASO,ES,Towers with Radar,664,178,44,1,887,0,0,52,0,52,664,178,96,1,939,0,0,0,939
07/23/2004,MCO,FL,ASO,ES,Towers with Radar,673,172,43,1,889,0,0,38,0,38,673,172,81,1,927,0,0,0,927
07/24/2004,MCO,FL,ASO,ES,Towers with Radar,684,166,41,0,891,44,0,2,0,46,728,166,43,0,937,0,0,0,937
07/25/2004,MCO,FL,ASO,ES,Towers with Radar,597,159,36,0,792,44,11,14,0,69,641,170,50,0,861,0,0,0,861
07/26/2004,MCO,FL,ASO,ES,Towers with Radar,635,166,39,0,840,0,0,28,0,28,635,166,67,0,868,0,0,0,868
07/27/2004,MCO,FL,ASO,ES,Towers with Radar,644,172,39,0,855,1,11,30,0,42,645,183,69,0,897,0,0,0,897
07/28/2004,MCO,FL,ASO,ES,Towers with Radar,656,173,41,1,871,0,0,20,1,21,656,173,61,2,892,0,0,0,892
07/29/2004,MCO,FL,ASO,ES,Towers with Radar,673,179,44,0,896,0,0,11,0,11,673,179,55,0,907,0,0,0,907
07/30/2004,MCO,FL,ASO,ES,Towers with Radar,673,184,45,0,902,0,0,18,0,18,673,184,63,0,920,0,0,0,920
07/31/2004,MCO,FL,ASO,ES,Towers with Radar,677,166,41,0,884,25,0,1,0,26,702,166,42,0,910,0,0,0,910
08/01/2004,MCO,FL,ASO,ES,Towers with Radar,588,153,43,1,785,0,0,17,0,17,588,153,60,1,802,0,0,0,802
08/02/2004,MCO,FL,ASO,ES,Towers with Radar,656,179,46,1,882,0,11,22,0,33,656,190,68,1,915,0,0,0,915
08/03/2004,MCO,FL,ASO,ES,Towers with Radar,673,186,39,0,898,0,2,0,0,2,673,188,39,0,900,0,0,0,900
08/04/2004,MCO,FL,ASO,ES,Towers with Radar,662,174,49,2,887,0,0,18,0,18,662,174,67,2,905,0,0,0,905
08/05/2004,MCO,FL,ASO,ES,Towers with Radar,672,197,52,0,921,0,0,16,0,16,672,197,68,0,937,0,0,0,937
08/06/2004,MCO,FL,ASO,ES,Towers with Radar,689,188,52,2,931,0,0,13,1,14,689,188,65,3,945,0,0,0,945
08/07/2004,MCO,FL,ASO,ES,Towers with Radar,703,171,37,1,912,0,0,0,0,0,703,171,37,1,912,0,0,0,912
08/08/2004,MCO,FL,ASO,ES,Towers with Radar,635,172,38,2,847,12,6,0,0,18,647,178,38,2,865,0,0,0,865
08/09/2004,MCO,FL,ASO,ES,Towers with Radar,642,169,47,1,859,0,0,15,0,15,642,169,62,1,874,0,0,0,874
08/10/2004,MCO,FL,ASO,ES,Towers with Radar,658,188,48,1,895,0,0,3,2,5,658,188,51,3,900,0,0,0,900
08/11/2004,MCO,FL,ASO,ES,Towers with Radar,624,178,44,1,847,0,0,11,0,11,624,178,55,1,858,0,0,0,858
08/12/2004,MCO,FL,ASO,ES,Towers with Radar,669,164,46,0,879,0,0,0,0,0,669,164,46,0,879,0,0,0,879
08/13/2004,MCO,FL,ASO,ES,Towers with Radar,344,92,13,0,449,123,0,0,2,125,467,92,13,2,574,0,0,0,574
08/14/2004,MCO,FL,ASO,ES,Towers with Radar,193,58,15,0,266,0,7,31,1,39,193,65,46,1,305,0,0,0,305
08/15/2004,MCO,FL,ASO,ES,Towers with Radar,521,142,36,0,699,115,31,29,1,176,636,173,65,1,875,0,0,0,875
08/16/2004,MCO,FL,ASO,ES,Towers with Radar,609,165,42,1,817,27,8,23,0,58,636,173,65,1,875,0,0,0,875
08/17/2004,MCO,FL,ASO,ES,Towers with Radar,663,182,47,0,892,0,3,27,0,30,663,185,74,0,922,0,0,0,922
08/18/2004,MCO,FL,ASO,ES,Towers with Radar,648,176,44,0,868,6,9,27,0,42,654,185,71,0,910,0,0,0,910
08/19/2004,MCO,FL,ASO,ES,Towers with Radar,666,184,49,0,899,0,0,29,0,29,666,184,78,0,928,0,0,0,928
08/20/2004,MCO,FL,ASO,ES,Towers with Radar,674,179,49,0,902,0,0,17,0,17,674,179,66,0,919,0,0,0,919
08/21/2004,MCO,FL,ASO,ES,Towers with Radar,613,165,36,1,815,64,9,0,1,74,677,174,36,2,889,0,0,0,889
08/22/2004,MCO,FL,ASO,ES,Towers with Radar,631,168,44,1,844,35,0,17,0,52,666,168,61,1,896,0,0,0,896
08/23/2004,MCO,FL,ASO,ES,Towers with Radar,639,174,44,1,858,0,8,25,1,34,639,182,69,2,892,0,0,0,892
08/24/2004,MCO,FL,ASO,ES,Towers with Radar,640,172,45,0,857,8,12,9,0,29,648,184,54,0,886,0,0,0,886
08/25/2004,MCO,FL,ASO,ES,Towers with Radar,634,169,43,1,847,12,0,21,1,34,646,169,64,2,881,0,0,0,881
08/26/2004,MCO,FL,ASO,ES,Towers with Radar,623,167,46,1,837,0,0,4,1,5,623,167,50,2,842,0,0,0,842
08/27/2004,MCO,FL,ASO,ES,Towers with Radar,660,178,47,1,886,0,0,10,0,10,660,178,57,1,896,0,0,0,896
08/28/2004,MCO,FL,ASO,ES,Towers with Radar,641,173,44,1,859,37,6,5,0,48,678,179,49,1,907,0,0,0,907
08/29/2004,MCO,FL,ASO,ES,Towers with Radar,592,160,40,0,792,42,13,2,0,57,634,173,42,0,849,0,0,0,849
08/30/2004,MCO,FL,ASO,ES,Towers with Radar,619,167,43,0,829,12,10,18,0,40,631,177,61,0,869,0,0,0,869
08/31/2004,MCO,FL,ASO,ES,Towers with Radar,652,181,47,0,880,0,20,38,0,58,652,201,85,0,938,0,0,0,938
09/01/2004,MCO,FL,ASO,ES,Towers with Radar,646,175,48,0,869,0,0,34,0,34,646,175,82,0,903,0,0,0,903
09/02/2004,MCO,FL,ASO,ES,Towers with Radar,669,184,61,0,914,0,0,45,0,45,669,184,106,0,959,0,0,0,959
09/03/2004,MCO,FL,ASO,ES,Towers with Radar,273,81,22,1,377,0,1,28,1,30,273,82,50,2,407,0,0,0,407
09/04/2004,MCO,FL,ASO,ES,Towers with Radar,1,0,0,0,1,0,0,0,0,0,1,0,0,0,1,0,0,0,1
09/05/2004,MCO,FL,ASO,ES,Towers with Radar,0,0,0,0,0,0,0,0,0,0,0,0,0,0,0,0,0,0,0
09/06/2004,MCO,FL,ASO,ES,Towers with Radar,199,55,13,1,268,62,16,1,0,79,261,71,14,1,347,0,0,0,347
09/07/2004,MCO,FL,ASO,ES,Towers with Radar,553,152,36,2,743,44,1,0,2,47,597,153,36,4,790,0,0,0,790
09/08/2004,MCO,FL,ASO,ES,Towers with Radar,595,165,45,0,805,0,20,10,0,30,595,185,55,0,835,0,0,0,835
09/09/2004,MCO,FL,ASO,ES,Towers with Radar,589,162,44,0,795,13,12,19,0,44,602,174,63,0,839,0,0,0,839
09/10/2004,MCO,FL,ASO,ES,Towers with Radar,614,174,48,2,838,0,9,8,2,19,614,183,56,4,857,0,0,0,857
09/11/2004,MCO,FL,ASO,ES,Towers with Radar,592,154,34,2,782,42,0,0,1,43,634,154,34,3,825,0,0,0,825
09/12/2004,MCO,FL,ASO,ES,Towers with Radar,534,147,40,2,723,48,5,1,0,54,582,152,41,2,777,0,0,0,777
09/13/2004,MCO,FL,ASO,ES,Towers with Radar,531,146,40,0,717,48,13,4,0,65,579,159,44,0,782,0,0,0,782
09/14/2004,MCO,FL,ASO,ES,Towers with Radar,531,145,33,1,710,60,17,0,2,79,591,162,33,3,789,0,0,0,789
09/15/2004,MCO,FL,ASO,ES,Towers with Radar,541,146,40,0,727,33,0,0,0,33,574,146,40,0,760,0,0,0,760
09/16/2004,MCO,FL,ASO,ES,Towers with Radar,576,148,40,0,764,21,0,0,0,21,597,148,40,0,785,0,0,0,785
09/17/2004,MCO,FL,ASO,ES,Towers with Radar,615,163,44,1,823,7,0,0,0,7,622,163,44,1,830,0,0,0,830
09/18/2004,MCO,FL,ASO,ES,Towers with Radar,573,156,40,0,769,50,0,0,0,50,623,156,40,0,819,0,0,0,819
09/19/2004,MCO,FL,ASO,ES,Towers with Radar,566,154,39,0,759,19,10,0,0,29,585,164,39,0,788,0,0,0,788
09/20/2004,MCO,FL,ASO,ES,Towers with Radar,581,160,39,1,781,0,10,0,0,10,581,170,39,1,791,0,0,0,791
09/21/2004,MCO,FL,ASO,ES,Towers with Radar,593,169,47,1,810,0,6,13,2,21,593,175,60,3,831,0,0,0,831
09/22/2004,MCO,FL,ASO,ES,Towers with Radar,589,171,48,0,808,0,0,38,0,38,589,171,86,0,846,0,0,0,846
09/23/2004,MCO,FL,ASO,ES,Towers with Radar,612,173,50,1,836,0,0,16,5,21,612,173,66,6,857,0,0,0,857
09/24/2004,MCO,FL,ASO,ES,Towers with Radar,618,171,53,1,843,0,0,11,1,12,618,171,64,2,855,0,0,0,855
09/25/2004,MCO,FL,ASO,ES,Towers with Radar,437,107,33,0,577,23,0,13,0,36,460,107,46,0,613,0,0,0,613
09/26/2004,MCO,FL,ASO,ES,Towers with Radar,0,0,0,0,0,0,0,2,0,2,0,0,2,0,2,0,0,0,2
09/27/2004,MCO,FL,ASO,ES,Towers with Radar,375,102,28,0,505,34,6,20,0,60,409,108,48,0,565,0,0,0,565
09/28/2004,MCO,FL,ASO,ES,Towers with Radar,606,165,46,1,818,12,7,17,0,36,618,172,63,1,854,0,0,0,854
09/29/2004,MCO,FL,ASO,ES,Towers with Radar,600,171,49,0,820,0,0,40,0,40,600,171,89,0,860,0,0,0,860
09/30/2004,MCO,FL,ASO,ES,Towers with Radar,0,0,0,0,0,0,0,0,0,0,0,0,0,0,0,0,0,0,0
10/01/2004,MCO,FL,ASO,ES,Towers with Radar,634,179,38,0,851,0,1,26,0,27,634,180,64,0,878,0,0,0,878
10/02/2004,MCO,FL,ASO,ES,Towers with Radar,649,173,37,0,859,0,0,16,1,17,649,173,53,1,876,0,0,0,876
10/03/2004,MCO,FL,ASO,ES,Towers with Radar,613,170,33,2,818,0,0,8,0,8,613,170,41,2,826,0,0,0,826
10/04/2004,MCO,FL,ASO,ES,Towers with Radar,619,172,50,0,841,0,0,10,1,11,619,172,60,1,852,0,0,0,852
10/05/2004,MCO,FL,ASO,ES,Towers with Radar,637,172,75,0,884,0,0,18,0,18,637,172,93,0,902,0,0,0,902
10/06/2004,MCO,FL,ASO,ES,Towers with Radar,649,171,71,0,891,0,1,16,0,17,649,172,87,0,908,0,0,0,908
10/07/2004,MCO,FL,ASO,ES,Towers with Radar,676,184,97,1,958,0,0,0,0,0,676,184,97,1,958,0,0,0,958
10/08/2004,MCO,FL,ASO,ES,Towers with Radar,666,189,75,1,931,0,0,13,2,15,666,189,88,3,946,0,0,0,946
10/09/2004,MCO,FL,ASO,ES,Towers with Radar,678,174,41,0,893,0,1,10,0,11,678,175,51,0,904,0,0,0,904
10/10/2004,MCO,FL,ASO,ES,Towers with Radar,636,176,39,0,851,0,0,6,0,6,636,176,45,0,857,0,0,0,857
10/11/2004,MCO,FL,ASO,ES,Towers with Radar,639,174,51,0,864,0,0,0,0,0,639,174,51,0,864,0,0,0,864
10/12/2004,MCO,FL,ASO,ES,Towers with Radar,661,175,41,2,879,0,1,16,0,17,661,176,57,2,896,0,0,0,896
10/13/2004,MCO,FL,ASO,ES,Towers with Radar,650,175,54,2,881,0,2,18,0,20,650,177,72,2,901,0,0,0,901
10/14/2004,MCO,FL,ASO,ES,Towers with Radar,657,177,67,0,901,0,0,0,0,0,657,177,67,0,901,0,0,0,901
10/15/2004,MCO,FL,ASO,ES,Towers with Radar,648,176,45,1,870,0,0,17,0,17,648,176,62,1,887,0,0,0,887
10/16/2004,MCO,FL,ASO,ES,Towers with Radar,672,168,38,0,878,0,0,15,0,15,672,168,53,0,893,0,0,0,893
10/17/2004,MCO,FL,ASO,ES,Towers with Radar,620,176,38,0,834,0,0,12,2,14,620,176,50,2,848,0,0,0,848
10/18/2004,MCO,FL,ASO,ES,Towers with Radar,640,180,47,0,867,0,1,18,1,20,640,181,65,1,887,0,0,0,887
10/19/2004,MCO,FL,ASO,ES,Towers with Radar,649,196,55,2,902,0,0,14,2,16,649,196,69,4,918,0,0,0,918
10/20/2004,MCO,FL,ASO,ES,Towers with Radar,663,187,66,0,916,0,0,14,1,15,663,187,80,1,931,0,0,0,931
10/21/2004,MCO,FL,ASO,ES,Towers with Radar,678,180,96,2,956,6,1,12,0,19,684,181,108,2,975,0,0,0,975
10/22/2004,MCO,FL,ASO,ES,Towers with Radar,675,190,65,2,932,0,2,19,1,22,675,192,84,3,954,0,0,0,954
10/23/2004,MCO,FL,ASO,ES,Towers with Radar,674,179,29,0,882,0,3,10,1,14,674,182,39,1,896,0,0,0,896
10/24/2004,MCO,FL,ASO,ES,Towers with Radar,651,193,54,2,900,0,0,17,0,17,651,193,71,2,917,0,0,0,917
10/25/2004,MCO,FL,ASO,ES,Towers with Radar,635,171,71,1,878,0,1,14,1,16,635,172,85,2,894,0,0,0,894
10/26/2004,MCO,FL,ASO,ES,Towers with Radar,650,185,65,0,900,0,1,21,0,22,650,186,86,0,922,0,0,0,922
10/27/2004,MCO,FL,ASO,ES,Towers with Radar,655,192,80,1,928,0,1,20,0,21,655,193,100,1,949,0,0,0,949
10/28/2004,MCO,FL,ASO,ES,Towers with Radar,669,191,100,3,963,0,0,0,0,0,669,191,100,3,963,0,0,0,963
10/29/2004,MCO,FL,ASO,ES,Towers with Radar,667,205,54,0,926,0,1,9,2,12,667,206,63,2,938,0,0,0,938
10/30/2004,MCO,FL,ASO,ES,Towers with Radar,681,175,36,0,892,0,0,12,0,12,681,175,48,0,904,0,0,0,904
10/31/2004,MCO,FL,ASO,ES,Towers with Radar,673,166,39,0,878,0,1,6,3,10,673,167,45,3,888,0,0,0,888
11/01/2004,MCO,FL,ASO,ES,Combined TRACON& Tower with Radar,637,192,44,2,875,0,0,14,1,15,637,192,58,3,890,0,0,0,890
11/02/2004,MCO,FL,ASO,ES,Combined TRACON& Tower with Radar,664,189,44,0,897,0,0,10,1,11,664,189,54,1,908,0,0,0,908
11/03/2004,MCO,FL,ASO,ES,Combined TRACON& Tower with Radar,673,219,65,0,957,0,0,14,0,14,673,219,79,0,971,0,0,0,971
11/04/2004,MCO,FL,ASO,ES,Combined TRACON& Tower with Radar,693,227,82,1,1003,0,0,0,0,0,693,227,82,1,1003,0,0,0,1003
11/05/2004,MCO,FL,ASO,ES,Combined TRACON& Tower with Radar,687,225,84,2,998,0,0,14,1,15,687,225,98,3,1013,0,0,0,1013
11/06/2004,MCO,FL,ASO,ES,Combined TRACON& Tower with Radar,705,216,36,0,957,0,1,17,0,18,705,217,53,0,975,0,0,0,975
11/07/2004,MCO,FL,ASO,ES,Combined TRACON& Tower with Radar,671,218,57,2,948,0,1,23,2,26,671,219,80,4,974,0,0,0,974
11/08/2004,MCO,FL,ASO,ES,Combined TRACON& Tower with Radar,660,210,64,0,934,1,0,15,2,18,661,210,79,2,952,0,0,0,952
11/09/2004,MCO,FL,ASO,ES,Combined TRACON& Tower with Radar,669,223,62,0,954,0,0,21,2,23,669,223,83,2,977,0,0,0,977
11/10/2004,MCO,FL,ASO,ES,Combined TRACON& Tower with Radar,692,224,61,5,982,1,0,19,0,20,693,224,80,5,1002,0,0,0,1002
11/11/2004,MCO,FL,ASO,ES,Combined TRACON& Tower with Radar,693,217,82,4,996,0,1,22,0,23,693,218,104,4,1019,0,0,0,1019
11/12/2004,MCO,FL,ASO,ES,Combined TRACON& Tower with Radar,689,217,72,0,978,0,3,18,0,21,689,220,90,0,999,0,0,0,999
11/13/2004,MCO,FL,ASO,ES,Combined TRACON& Tower with Radar,718,218,37,1,974,0,0,10,0,10,718,218,47,1,984,0,0,0,984
11/14/2004,MCO,FL,ASO,ES,Combined TRACON& Tower with Radar,661,223,46,0,930,0,0,8,1,9,661,223,54,1,939,0,0,0,939
11/15/2004,MCO,FL,ASO,ES,Combined TRACON& Tower with Radar,663,211,51,2,927,0,1,23,0,24,663,212,74,2,951,0,0,0,951
11/16/2004,MCO,FL,ASO,ES,Combined TRACON& Tower with Radar,675,230,76,0,981,0,1,17,0,18,675,231,93,0,999,0,0,0,999
11/17/2004,MCO,FL,ASO,ES,Combined TRACON& Tower with Radar,671,215,64,2,952,0,1,30,0,31,671,216,94,2,983,0,0,0,983
11/18/2004,MCO,FL,ASO,ES,Combined TRACON& Tower with Radar,698,227,66,0,991,0,0,15,0,15,698,227,81,0,1006,0,0,0,1006
11/19/2004,MCO,FL,ASO,ES,Combined TRACON& Tower with Radar,708,237,67,0,1012,0,1,18,0,19,708,238,85,0,1031,0,0,0,1031
11/20/2004,MCO,FL,ASO,ES,Combined TRACON& Tower with Radar,720,234,61,0,1015,0,0,19,0,19,720,234,80,0,1034,0,0,0,1034
11/21/2004,MCO,FL,ASO,ES,Combined TRACON& Tower with Radar,667,219,77,1,964,0,0,0,0,0,667,219,77,1,964,0,0,0,964
11/22/2004,MCO,FL,ASO,ES,Combined TRACON& Tower with Radar,655,216,58,0,929,0,4,17,0,21,655,220,75,0,950,4,0,4,954
11/23/2004,MCO,FL,ASO,ES,Combined TRACON& Tower with Radar,705,212,62,0,979,0,0,20,0,20,705,212,82,0,999,0,0,0,999
11/24/2004,MCO,FL,ASO,ES,Combined TRACON& Tower with Radar,698,202,63,1,964,0,2,20,0,22,698,204,83,1,986,0,0,0,986
11/25/2004,MCO,FL,ASO,ES,Combined TRACON& Tower with Radar,629,193,20,0,842,0,0,7,1,8,629,193,27,1,850,0,0,0,850
11/26/2004,MCO,FL,ASO,ES,Combined TRACON& Tower with Radar,648,194,33,0,875,0,0,15,0,15,648,194,48,0,890,0,0,0,890
11/27/2004,MCO,FL,ASO,ES,Combined TRACON& Tower with Radar,703,211,33,0,947,0,2,4,0,6,703,213,37,0,953,0,0,0,953
11/28/2004,MCO,FL,ASO,ES,Combined TRACON& Tower with Radar,681,206,79,2,968,0,0,0,0,0,681,206,79,2,968,10,0,10,978
11/29/2004,MCO,FL,ASO,ES,Combined TRACON& Tower with Radar,681,208,63,3,955,0,2,18,1,21,681,210,81,4,976,0,0,0,976
11/30/2004,MCO,FL,ASO,ES,Combined TRACON& Tower with Radar,702,221,61,0,984,0,1,23,0,24,702,222,84,0,1008,0,0,0,1008
12/01/2004,MCO,FL,ASO,ES,Combined TRACON& Tower with Radar,687,234,57,2,980,0,3,14,0,17,687,237,71,2,997,0,0,0,997
12/02/2004,MCO,FL,ASO,ES,Combined TRACON& Tower with Radar,608,212,67,5,892,0,1,0,0,1,608,213,67,5,893,0,0,0,893
12/03/2004,MCO,FL,ASO,ES,Combined TRACON& Tower with Radar,707,246,58,11,1022,0,1,28,1,30,707,247,86,12,1052,0,0,0,1052
12/04/2004,MCO,FL,ASO,ES,Combined TRACON& Tower with Radar,728,246,33,0,1007,0,1,11,0,12,728,247,44,0,1019,0,0,0,1019
12/05/2004,MCO,FL,ASO,ES,Combined TRACON& Tower with Radar,668,231,70,6,975,0,0,0,0,0,668,231,70,6,975,0,0,0,975
12/06/2004,MCO,FL,ASO,ES,Combined TRACON& Tower with Radar,632,229,41,8,910,0,3,28,0,31,632,232,69,8,941,0,0,0,941
12/07/2004,MCO,FL,ASO,ES,Combined TRACON& Tower with Radar,678,218,49,9,954,0,2,24,1,27,678,220,73,10,981,0,0,0,981
12/08/2004,MCO,FL,ASO,ES,Combined TRACON& Tower with Radar,680,245,50,5,980,0,4,20,0,24,680,249,70,5,1004,0,0,0,1004
12/09/2004,MCO,FL,ASO,ES,Combined TRACON& Tower with Radar,693,249,55,2,999,0,10,21,0,31,693,259,76,2,1030,0,0,0,1030
12/10/2004,MCO,FL,ASO,ES,Combined TRACON& Tower with Radar,683,232,60,4,979,0,2,5,1,8,683,234,65,5,987,0,0,0,987
12/11/2004,MCO,FL,ASO,ES,Combined TRACON& Tower with Radar,738,255,42,0,1035,0,0,18,0,18,738,255,60,0,1053,0,0,0,1053
12/12/2004,MCO,FL,ASO,ES,Combined TRACON& Tower with Radar,671,225,49,3,948,0,0,0,0,0,671,225,49,3,948,0,0,0,948
12/13/2004,MCO,FL,ASO,ES,Combined TRACON& Tower with Radar,650,234,47,1,932,0,1,12,0,13,650,235,59,1,945,0,0,0,945
12/14/2004,MCO,FL,ASO,ES,Combined TRACON& Tower with Radar,669,230,50,2,951,0,0,19,0,19,669,230,69,2,970,0,0,0,970
12/15/2004,MCO,FL,ASO,ES,Combined TRACON& Tower with Radar,684,241,69,1,995,0,0,27,0,27,684,241,96,1,1022,0,0,0,1022
12/16/2004,MCO,FL,ASO,ES,Combined TRACON& Tower with Radar,711,235,57,2,1005,0,0,23,0,23,711,235,80,2,1028,0,0,0,1028
12/17/2004,MCO,FL,ASO,ES,Combined TRACON& Tower with Radar,733,231,63,2,1029,0,0,7,1,8,733,231,70,3,1037,0,0,0,1037
12/18/2004,MCO,FL,ASO,ES,Combined TRACON& Tower with Radar,776,227,37,1,1041,0,1,11,0,12,776,228,48,1,1053,0,0,0,1053
12/19/2004,MCO,FL,ASO,ES,Combined TRACON& Tower with Radar,720,225,32,1,978,0,0,12,1,13,720,225,44,2,991,0,0,0,991
12/20/2004,MCO,FL,ASO,ES,Combined TRACON& Tower with Radar,677,240,34,4,955,1,2,6,0,9,678,242,40,4,964,6,0,6,970
12/21/2004,MCO,FL,ASO,ES,Combined TRACON& Tower with Radar,753,239,46,0,1038,0,0,18,0,18,753,239,64,0,1056,0,0,0,1056
12/22/2004,MCO,FL,ASO,ES,Combined TRACON& Tower with Radar,741,222,54,0,1017,0,0,13,0,13,741,222,67,0,1030,0,0,0,1030
12/23/2004,MCO,FL,ASO,ES,Combined TRACON& Tower with Radar,707,201,32,0,940,0,2,4,0,6,707,203,36,0,946,0,0,0,946
12/24/2004,MCO,FL,ASO,ES,Combined TRACON& Tower with Radar,738,206,26,0,970,0,0,0,0,0,738,206,26,0,970,0,0,0,970
12/25/2004,MCO,FL,ASO,ES,Combined TRACON& Tower with Radar,729,189,7,0,925,0,0,0,0,0,729,189,7,0,925,0,0,0,925
12/26/2004,MCO,FL,ASO,ES,Combined TRACON& Tower with Radar,729,205,50,0,984,0,0,1,0,1,729,205,51,0,985,0,0,0,985
12/27/2004,MCO,FL,ASO,ES,Combined TRACON& Tower with Radar,715,234,56,0,1005,0,1,18,0,19,715,235,74,0,1024,0,0,0,1024
12/28/2004,MCO,FL,ASO,ES,Combined TRACON& Tower with Radar,724,233,54,0,1011,0,1,23,0,24,724,234,77,0,1035,0,0,0,1035
12/29/2004,MCO,FL,ASO,ES,Combined TRACON& Tower with Radar,745,235,39,0,1019,1,0,10,0,11,746,235,49,0,1030,0,0,0,1030
12/30/2004,MCO,FL,ASO,ES,Combined TRACON& Tower with Radar,742,255,57,0,1054,0,0,23,0,23,742,255,80,0,1077,0,0,0,1077
12/31/2004,MCO,FL,ASO,ES,Combined TRACON& Tower with Radar,722,235,40,1,998,0,0,2,2,4,722,235,42,3,1002,0,0,0,1002
01/01/2005,MCO,FL,ASO,ES,Combined TRACON& Tower with Radar,744,230,32,0,1006,0,0,5,0,5,744,230,37,0,1011,0,0,0,1011
01/02/2005,MCO,FL,ASO,ES,Combined TRACON& Tower with Radar,741,232,78,0,1051,0,0,16,0,16,741,232,94,0,1067,0,0,0,1067
01/03/2005,MCO,FL,ASO,ES,Combined TRACON& Tower with Radar,705,256,50,0,1011,0,2,28,0,30,705,258,78,0,1041,0,0,0,1041
01/04/2005,MCO,FL,ASO,ES,Combined TRACON& Tower with Radar,714,240,53,0,1007,0,1,14,0,15,714,241,67,0,1022,0,0,0,1022
01/05/2005,MCO,FL,ASO,ES,Combined TRACON& Tower with Radar,712,249,53,0,1014,0,1,18,0,19,712,250,71,0,1033,0,0,0,1033
01/06/2005,MCO,FL,ASO,ES,Combined TRACON& Tower with Radar,711,231,51,0,993,0,2,10,0,12,711,233,61,0,1005,0,0,0,1005
01/07/2005,MCO,FL,ASO,ES,Combined TRACON& Tower with Radar,719,251,55,1,1026,0,3,23,0,26,719,254,78,1,1052,0,0,0,1052
01/08/2005,MCO,FL,ASO,ES,Combined TRACON& Tower with Radar,742,231,45,2,1020,0,0,14,0,14,742,231,59,2,1034,0,0,0,1034
01/09/2005,MCO,FL,ASO,ES,Combined TRACON& Tower with Radar,689,232,71,2,994,0,0,0,0,0,689,232,71,2,994,0,0,0,994
01/10/2005,MCO,FL,ASO,ES,Combined TRACON& Tower with Radar,679,222,72,0,973,0,0,0,0,0,679,222,72,0,973,0,0,0,973
01/11/2005,MCO,FL,ASO,ES,Combined TRACON& Tower with Radar,677,249,82,1,1009,1,0,15,0,16,678,249,97,1,1025,0,0,0,1025
01/12/2005,MCO,FL,ASO,ES,Combined TRACON& Tower with Radar,670,228,122,2,1022,0,1,28,0,29,670,229,150,2,1051,0,0,0,1051
01/13/2005,MCO,FL,ASO,ES,Combined TRACON& Tower with Radar,699,247,135,4,1085,0,0,9,0,9,699,247,144,4,1094,0,0,0,1094
01/14/2005,MCO,FL,ASO,ES,Combined TRACON& Tower with Radar,733,267,130,1,1131,0,0,1,0,1,733,267,131,1,1132,0,0,0,1132
01/15/2005,MCO,FL,ASO,ES,Combined TRACON& Tower with Radar,731,248,88,6,1073,0,0,0,0,0,731,248,88,6,1073,0,0,0,1073
01/16/2005,MCO,FL,ASO,ES,Combined TRACON& Tower with Radar,680,228,99,1,1008,0,0,0,0,0,680,228,99,1,1008,2,0,2,1010
01/17/2005,MCO,FL,ASO,ES,Combined TRACON& Tower with Radar,679,236,61,0,976,0,2,12,0,14,679,238,73,0,990,0,0,0,990
01/18/2005,MCO,FL,ASO,ES,Combined TRACON& Tower with Radar,698,224,78,2,1002,0,5,13,0,18,698,229,91,2,1020,10,0,10,1030
01/19/2005,MCO,FL,ASO,ES,Combined TRACON& Tower with Radar,658,235,90,2,985,0,0,0,0,0,658,235,90,2,985,0,0,0,985
01/20/2005,MCO,FL,ASO,ES,Combined TRACON& Tower with Radar,712,231,58,0,1001,0,5,18,0,23,712,236,76,0,1024,0,0,0,1024
01/21/2005,MCO,FL,ASO,ES,Combined TRACON& Tower with Radar,712,234,49,1,996,0,1,22,0,23,712,235,71,1,1019,0,0,0,1019
01/22/2005,MCO,FL,ASO,ES,Combined TRACON& Tower with Radar,647,218,35,0,900,0,0,9,0,9,647,218,44,0,909,0,0,0,909
01/23/2005,MCO,FL,ASO,ES,Combined TRACON& Tower with Radar,587,237,43,1,868,0,0,13,0,13,587,237,56,1,881,0,0,0,881
01/24/2005,MCO,FL,ASO,ES,Combined TRACON& Tower with Radar,651,234,47,0,932,0,1,18,0,19,651,235,65,0,951,0,0,0,951
01/25/2005,MCO,FL,ASO,ES,Combined TRACON& Tower with Radar,704,245,75,0,1024,0,0,0,0,0,704,245,75,0,1024,0,0,0,1024
01/26/2005,MCO,FL,ASO,ES,Combined TRACON& Tower with Radar,660,241,78,0,979,0,1,21,0,22,660,242,99,0,1001,0,0,0,1001
01/27/2005,MCO,FL,ASO,ES,Combined TRACON& Tower with Radar,704,234,88,1,1027,0,0,9,0,9,704,234,97,1,1036,0,0,0,1036
01/28/2005,MCO,FL,ASO,ES,Combined TRACON& Tower with Radar,713,241,88,5,1047,0,1,5,1,7,713,242,93,6,1054,0,0,0,1054
01/29/2005,MCO,FL,ASO,ES,Combined TRACON& Tower with Radar,689,234,60,0,983,0,0,0,0,0,689,234,60,0,983,0,0,0,983
01/30/2005,MCO,FL,ASO,ES,Combined TRACON& Tower with Radar,661,234,56,3,954,1,0,10,0,11,662,234,66,3,965,0,0,0,965
01/31/2005,MCO,FL,ASO,ES,Combined TRACON& Tower with Radar,695,221,48,1,965,0,1,9,0,10,695,222,57,1,975,0,0,0,975
02/01/2005,MCO,FL,ASO,ES,Combined TRACON& Tower with Radar,692,225,74,5,996,0,0,0,0,0,692,225,74,5,996,0,0,0,996
02/02/2005,MCO,FL,ASO,ES,Combined TRACON& Tower with Radar,691,219,62,0,972,0,0,2,0,2,691,219,64,0,974,0,0,0,974
02/03/2005,MCO,FL,ASO,ES,Combined TRACON& Tower with Radar,733,216,75,1,1025,0,3,6,0,9,733,219,81,1,1034,0,0,0,1034
02/04/2005,MCO,FL,ASO,ES,Combined TRACON& Tower with Radar,724,228,63,4,1019,0,0,11,0,11,724,228,74,4,1030,0,0,0,1030
02/05/2005,MCO,FL,ASO,ES,Combined TRACON& Tower with Radar,756,229,55,1,1041,0,0,14,0,14,756,229,69,1,1055,0,0,0,1055
02/06/2005,MCO,FL,ASO,ES,Combined TRACON& Tower with Radar,679,219,59,2,959,0,2,15,0,17,679,221,74,2,976,0,0,0,976
02/07/2005,MCO,FL,ASO,ES,Combined TRACON& Tower with Radar,695,237,66,0,998,0,0,5,0,5,695,237,71,0,1003,0,0,0,1003
02/08/2005,MCO,FL,ASO,ES,Combined TRACON& Tower with Radar,720,240,97,1,1058,0,10,14,1,25,720,250,111,2,1083,0,0,0,1083
02/09/2005,MCO,FL,ASO,ES,Combined TRACON& Tower with Radar,701,226,79,0,1006,0,0,16,0,16,701,226,95,0,1022,0,0,0,1022
02/10/2005,MCO,FL,ASO,ES,Combined TRACON& Tower with Radar,736,225,74,0,1035,0,0,14,0,14,736,225,88,0,1049,0,0,0,1049
02/11/2005,MCO,FL,ASO,ES,Combined TRACON& Tower with Radar,732,227,71,1,1031,0,3,19,0,22,732,230,90,1,1053,0,0,0,1053
02/12/2005,MCO,FL,ASO,ES,Combined TRACON& Tower with Radar,772,226,60,0,1058,0,0,5,0,5,772,226,65,0,1063,0,0,0,1063
02/13/2005,MCO,FL,ASO,ES,Combined TRACON& Tower with Radar,687,218,43,0,948,0,0,25,0,25,687,218,68,0,973,0,0,0,973
02/14/2005,MCO,FL,ASO,ES,Combined TRACON& Tower with Radar,695,224,64,0,983,0,1,13,0,14,695,225,77,0,997,0,0,0,997
02/15/2005,MCO,FL,ASO,ES,Combined TRACON& Tower with Radar,720,220,71,1,1012,0,0,0,0,0,720,220,71,1,1012,0,0,0,1012
02/16/2005,MCO,FL,ASO,ES,Combined TRACON& Tower with Radar,743,236,64,0,1043,0,1,23,0,24,743,237,87,0,1067,0,0,0,1067
02/17/2005,MCO,FL,ASO,ES,Combined TRACON& Tower with Radar,745,244,88,3,1080,0,0,13,0,13,745,244,101,3,1093,0,0,0,1093
02/18/2005,MCO,FL,ASO,ES,Combined TRACON& Tower with Radar,750,255,89,9,1103,0,2,36,3,41,750,257,125,12,1144,0,0,0,1144
02/19/2005,MCO,FL,ASO,ES,Combined TRACON& Tower with Radar,791,244,53,9,1097,0,0,21,0,21,791,244,74,9,1118,0,0,0,1118
02/20/2005,MCO,FL,ASO,ES,Combined TRACON& Tower with Radar,716,224,57,1,998,0,0,28,1,29,716,224,85,2,1027,0,0,0,1027
02/21/2005,MCO,FL,ASO,ES,Combined TRACON& Tower with Radar,701,227,92,0,1020,0,1,18,0,19,701,228,110,0,1039,0,0,0,1039
02/22/2005,MCO,FL,ASO,ES,Combined TRACON& Tower with Radar,776,241,91,1,1109,0,0,0,0,0,776,241,91,1,1109,0,0,0,1109
02/23/2005,MCO,FL,ASO,ES,Combined TRACON& Tower with Radar,741,219,79,2,1041,0,0,9,0,9,741,219,88,2,1050,0,0,0,1050
02/24/2005,MCO,FL,ASO,ES,Combined TRACON& Tower with Radar,727,229,77,0,1033,0,2,10,0,12,727,231,87,0,1045,0,0,0,1045
02/25/2005,MCO,FL,ASO,ES,Combined TRACON& Tower with Radar,753,235,85,3,1076,0,0,6,0,6,753,235,91,3,1082,0,0,0,1082
02/26/2005,MCO,FL,ASO,ES,Combined TRACON& Tower with Radar,765,229,52,1,1047,0,0,1,0,1,765,229,53,1,1048,0,0,0,1048
02/27/2005,MCO,FL,ASO,ES,Combined TRACON& Tower with Radar,713,212,51,2,978,0,0,0,0,0,713,212,51,2,978,0,0,0,978
02/28/2005,MCO,FL,ASO,ES,Combined TRACON& Tower with Radar,698,228,55,2,983,0,0,12,0,12,698,228,67,2,995,0,0,0,995
03/01/2005,MCO,FL,ASO,ES,Combined TRACON& Tower with Radar,743,227,72,2,1044,0,0,0,0,0,743,227,72,2,1044,0,0,0,1044
03/02/2005,MCO,FL,ASO,ES,Combined TRACON& Tower with Radar,744,231,79,3,1057,0,0,15,0,15,744,231,94,3,1072,0,0,0,1072
03/03/2005,MCO,FL,ASO,ES,Combined TRACON& Tower with Radar,742,239,67,0,1048,0,0,14,0,14,742,239,81,0,1062,0,0,0,1062
03/04/2005,MCO,FL,ASO,ES,Combined TRACON& Tower with Radar,765,226,67,2,1060,0,3,20,0,23,765,229,87,2,1083,0,0,0,1083
03/05/2005,MCO,FL,ASO,ES,Combined TRACON& Tower with Radar,792,245,64,0,1101,0,0,14,0,14,792,245,78,0,1115,0,0,0,1115
03/06/2005,MCO,FL,ASO,ES,Combined TRACON& Tower with Radar,718,228,57,2,1005,0,0,16,0,16,718,228,73,2,1021,0,0,0,1021
03/07/2005,MCO,FL,ASO,ES,Combined TRACON& Tower with Radar,717,237,83,1,1038,0,2,20,0,22,717,239,103,1,1060,0,0,0,1060
03/08/2005,MCO,FL,ASO,ES,Combined TRACON& Tower with Radar,724,231,66,2,1023,0,2,13,0,15,724,233,79,2,1038,0,0,0,1038
03/09/2005,MCO,FL,ASO,ES,Combined TRACON& Tower with Radar,722,226,61,0,1009,0,3,13,2,18,722,229,74,2,1027,0,0,0,1027
03/10/2005,MCO,FL,ASO,ES,Combined TRACON& Tower with Radar,770,244,55,2,1071,0,4,10,0,14,770,248,65,2,1085,0,0,0,1085
03/11/2005,MCO,FL,ASO,ES,Combined TRACON& Tower with Radar,762,231,41,2,1036,0,3,14,1,18,762,234,55,3,1054,0,0,0,1054
03/12/2005,MCO,FL,ASO,ES,Combined TRACON& Tower with Radar,797,248,46,2,1093,0,1,11,1,13,797,249,57,3,1106,0,0,0,1106
03/13/2005,MCO,FL,ASO,ES,Combined TRACON& Tower with Radar,736,231,57,1,1025,1,0,13,1,15,737,231,70,2,1040,0,0,0,1040
03/14/2005,MCO,FL,ASO,ES,Combined TRACON& Tower with Radar,727,245,82,1,1055,0,0,0,0,0,727,245,82,1,1055,0,0,0,1055
03/15/2005,MCO,FL,ASO,ES,Combined TRACON& Tower with Radar,751,242,73,2,1068,0,2,3,1,6,751,244,76,3,1074,0,0,0,1074
03/16/2005,MCO,FL,ASO,ES,Combined TRACON& Tower with Radar,731,235,67,2,1035,0,0,2,0,2,731,235,69,2,1037,0,0,0,1037
03/17/2005,MCO,FL,ASO,ES,Combined TRACON& Tower with Radar,774,215,42,1,1032,0,0,0,0,0,774,215,42,1,1032,0,0,0,1032
03/18/2005,MCO,FL,ASO,ES,Combined TRACON& Tower with Radar,790,251,109,3,1153,0,0,16,1,17,790,251,125,4,1170,0,0,0,1170
03/19/2005,MCO,FL,ASO,ES,Combined TRACON& Tower with Radar,845,250,62,2,1159,0,0,16,1,17,845,250,78,3,1176,0,0,0,1176
03/20/2005,MCO,FL,ASO,ES,Combined TRACON& Tower with Radar,727,216,63,0,1006,1,0,15,0,16,728,216,78,0,1022,0,0,0,1022
03/21/2005,MCO,FL,ASO,ES,Combined TRACON& Tower with Radar,744,241,84,2,1071,0,2,5,0,7,744,243,89,2,1078,0,0,0,1078
03/22/2005,MCO,FL,ASO,ES,Combined TRACON& Tower with Radar,753,231,56,0,1040,0,1,7,0,8,753,232,63,0,1048,0,0,0,1048
03/23/2005,MCO,FL,ASO,ES,Combined TRACON& Tower with Radar,761,246,68,0,1075,0,1,8,0,9,761,247,76,0,1084,0,0,0,1084
03/24/2005,MCO,FL,ASO,ES,Combined TRACON& Tower with Radar,796,250,99,0,1145,0,5,40,0,45,796,255,139,0,1190,0,0,0,1190
03/25/2005,MCO,FL,ASO,ES,Combined TRACON& Tower with Radar,693,204,68,0,965,0,0,4,0,4,693,204,72,0,969,0,0,0,969
03/26/2005,MCO,FL,ASO,ES,Combined TRACON& Tower with Radar,860,257,46,0,1163,0,0,4,0,4,860,257,50,0,1167,0,0,0,1167
03/27/2005,MCO,FL,ASO,ES,Combined TRACON& Tower with Radar,693,204,66,0,963,0,0,6,0,6,693,204,72,0,969,0,0,0,969
03/28/2005,MCO,FL,ASO,ES,Combined TRACON& Tower with Radar,736,240,79,0,1055,0,0,16,0,16,736,240,95,0,1071,0,0,0,1071
03/29/2005,MCO,FL,ASO,ES,Combined TRACON& Tower with Radar,803,253,90,3,1149,0,1,29,1,31,803,254,119,4,1180,0,0,0,1180
03/30/2005,MCO,FL,ASO,ES,Combined TRACON& Tower with Radar,751,252,69,0,1072,0,2,30,0,32,751,254,99,0,1104,0,0,0,1104
03/31/2005,MCO,FL,ASO,ES,Combined TRACON& Tower with Radar,768,234,84,4,1090,0,2,11,0,13,768,236,95,4,1103,0,0,0,1103
04/01/2005,MCO,FL,ASO,ES,Combined TRACON& Tower with Radar,767,241,60,4,1072,0,3,16,2,21,767,244,76,6,1093,0,0,0,1093
04/02/2005,MCO,FL,ASO,ES,Combined TRACON& Tower with Radar,781,241,34,3,1059,0,1,6,0,7,781,242,40,3,1066,0,0,0,1066
04/03/2005,MCO,FL,ASO,ES,Combined TRACON& Tower with Radar,754,209,47,2,1012,0,1,15,2,18,754,210,62,4,1030,0,0,0,1030
04/04/2005,MCO,FL,ASO,ES,Combined TRACON& Tower with Radar,700,220,64,0,984,0,0,18,0,18,700,220,82,0,1002,0,0,0,1002
04/05/2005,MCO,FL,ASO,ES,Combined TRACON& Tower with Radar,726,242,61,0,1029,0,5,14,0,19,726,247,75,0,1048,0,0,0,1048
04/06/2005,MCO,FL,ASO,ES,Combined TRACON& Tower with Radar,723,229,65,0,1017,0,11,23,1,35,723,240,88,1,1052,0,0,0,1052
04/07/2005,MCO,FL,ASO,ES,Combined TRACON& Tower with Radar,769,245,40,0,1054,0,2,7,0,9,769,247,47,0,1063,0,0,0,1063
04/08/2005,MCO,FL,ASO,ES,Combined TRACON& Tower with Radar,760,245,72,0,1077,0,7,9,0,16,760,252,81,0,1093,0,0,0,1093
04/09/2005,MCO,FL,ASO,ES,Combined TRACON& Tower with Radar,800,250,46,0,1096,0,2,13,0,15,800,252,59,0,1111,0,0,0,1111
04/10/2005,MCO,FL,ASO,ES,Combined TRACON& Tower with Radar,713,220,58,2,993,0,0,17,0,17,713,220,75,2,1010,0,0,0,1010
04/11/2005,MCO,FL,ASO,ES,Combined TRACON& Tower with Radar,702,235,43,3,983,0,3,16,0,19,702,238,59,3,1002,0,0,0,1002
04/12/2005,MCO,FL,ASO,ES,Combined TRACON& Tower with Radar,718,229,68,2,1017,0,5,24,0,29,718,234,92,2,1046,0,0,0,1046
04/13/2005,MCO,FL,ASO,ES,Combined TRACON& Tower with Radar,732,231,51,4,1018,0,4,18,1,23,732,235,69,5,1041,0,0,0,1041
04/14/2005,MCO,FL,ASO,ES,Combined TRACON& Tower with Radar,739,237,63,3,1042,1,5,15,0,21,740,242,78,3,1063,0,0,0,1063
04/15/2005,MCO,FL,ASO,ES,Combined TRACON& Tower with Radar,742,226,59,1,1028,0,4,24,3,31,742,230,83,4,1059,0,0,0,1059
04/16/2005,MCO,FL,ASO,ES,Combined TRACON& Tower with Radar,778,235,29,0,1042,0,2,9,1,12,778,237,38,1,1054,0,0,0,1054
04/17/2005,MCO,FL,ASO,ES,Combined TRACON& Tower with Radar,713,228,39,0,980,0,0,9,0,9,713,228,48,0,989,0,0,0,989
04/18/2005,MCO,FL,ASO,ES,Combined TRACON& Tower with Radar,711,223,49,0,983,0,2,17,1,20,711,225,66,1,1003,0,0,0,1003
04/19/2005,MCO,FL,ASO,ES,Combined TRACON& Tower with Radar,732,237,38,1,1008,0,4,20,0,24,732,241,58,1,1032,0,0,0,1032
04/20/2005,MCO,FL,ASO,ES,Combined TRACON& Tower with Radar,722,228,51,4,1005,0,4,16,0,20,722,232,67,4,1025,0,0,0,1025
04/21/2005,MCO,FL,ASO,ES,Combined TRACON& Tower with Radar,739,237,53,3,1032,0,5,21,0,26,739,242,74,3,1058,0,0,0,1058
04/22/2005,MCO,FL,ASO,ES,Combined TRACON& Tower with Radar,716,232,46,0,994,0,9,27,0,36,716,241,73,0,1030,0,0,0,1030
04/23/2005,MCO,FL,ASO,ES,Combined TRACON& Tower with Radar,787,241,43,0,1071,0,3,9,0,12,787,244,52,0,1083,0,0,0,1083
04/24/2005,MCO,FL,ASO,ES,Combined TRACON& Tower with Radar,735,235,45,1,1016,0,0,12,0,12,735,235,57,1,1028,0,0,0,1028
04/25/2005,MCO,FL,ASO,ES,Combined TRACON& Tower with Radar,697,222,40,1,960,0,3,15,0,18,697,225,55,1,978,0,0,0,978
04/26/2005,MCO,FL,ASO,ES,Combined TRACON& Tower with Radar,704,227,52,2,985,0,1,28,0,29,704,228,80,2,1014,0,0,0,1014
04/27/2005,MCO,FL,ASO,ES,Combined TRACON& Tower with Radar,743,244,54,0,1041,0,2,28,1,31,743,246,82,1,1072,0,0,0,1072
04/28/2005,MCO,FL,ASO,ES,Combined TRACON& Tower with Radar,736,226,75,6,1043,0,2,20,0,22,736,228,95,6,1065,0,0,0,1065
04/29/2005,MCO,FL,ASO,ES,Combined TRACON& Tower with Radar,731,236,40,12,1019,0,7,21,0,28,731,243,61,12,1047,0,0,0,1047
04/30/2005,MCO,FL,ASO,ES,Combined TRACON& Tower with Radar,764,228,27,0,1019,0,1,15,0,16,764,229,42,0,1035,0,0,0,1035
05/01/2005,MCO,FL,ASO,ES,Combined TRACON& Tower with Radar,709,203,48,2,962,0,0,7,0,7,709,203,55,2,969,0,0,0,969
05/02/2005,MCO,FL,ASO,ES,Combined TRACON& Tower with Radar,687,212,44,2,945,1,1,18,0,20,688,213,62,2,965,0,0,0,965
05/03/2005,MCO,FL,ASO,ES,Combined TRACON& Tower with Radar,687,209,48,1,945,0,5,10,2,17,687,214,58,3,962,0,0,0,962
05/04/2005,MCO,FL,ASO,ES,Combined TRACON& Tower with Radar,679,214,64,0,957,0,0,4,0,4,679,214,68,0,961,0,0,0,961
05/05/2005,MCO,FL,ASO,ES,Combined TRACON& Tower with Radar,657,204,31,0,892,0,0,0,0,0,657,204,31,0,892,0,0,0,892
05/06/2005,MCO,FL,ASO,ES,Combined TRACON& Tower with Radar,704,216,54,1,975,0,2,7,0,9,704,218,61,1,984,0,0,0,984
05/07/2005,MCO,FL,ASO,ES,Combined TRACON& Tower with Radar,726,217,21,1,965,0,0,14,0,14,726,217,35,1,979,0,0,0,979
05/08/2005,MCO,FL,ASO,ES,Combined TRACON& Tower with Radar,657,202,22,0,881,0,2,9,0,11,657,204,31,0,892,0,0,0,892
05/09/2005,MCO,FL,ASO,ES,Combined TRACON& Tower with Radar,649,210,58,4,921,0,2,20,0,22,649,212,78,4,943,0,0,0,943
05/10/2005,MCO,FL,ASO,ES,Combined TRACON& Tower with Radar,665,222,52,2,941,0,0,12,3,15,665,222,64,5,956,0,0,0,956
05/11/2005,MCO,FL,ASO,ES,Combined TRACON& Tower with Radar,661,204,52,0,917,0,3,11,0,14,661,207,63,0,931,0,0,0,931
05/12/2005,MCO,FL,ASO,ES,Combined TRACON& Tower with Radar,690,217,60,0,967,0,16,22,1,39,690,233,82,1,1006,0,0,0,1006
05/13/2005,MCO,FL,ASO,ES,Combined TRACON& Tower with Radar,679,210,53,6,948,0,3,17,0,20,679,213,70,6,968,0,0,0,968
05/14/2005,MCO,FL,ASO,ES,Combined TRACON& Tower with Radar,697,215,50,2,964,0,0,9,0,9,697,215,59,2,973,0,0,0,973
05/15/2005,MCO,FL,ASO,ES,Combined TRACON& Tower with Radar,661,209,58,6,934,0,0,9,0,9,661,209,67,6,943,0,0,0,943
05/16/2005,MCO,FL,ASO,ES,Combined TRACON& Tower with Radar,653,205,55,2,915,0,3,23,0,26,653,208,78,2,941,0,0,0,941
05/17/2005,MCO,FL,ASO,ES,Combined TRACON& Tower with Radar,659,211,33,1,904,0,4,18,0,22,659,215,51,1,926,0,0,0,926
05/18/2005,MCO,FL,ASO,ES,Combined TRACON& Tower with Radar,676,224,55,3,958,0,5,19,0,24,676,229,74,3,982,0,0,0,982
05/19/2005,MCO,FL,ASO,ES,Combined TRACON& Tower with Radar,674,222,51,2,949,0,0,17,0,17,674,222,68,2,966,0,0,0,966
05/20/2005,MCO,FL,ASO,ES,Combined TRACON& Tower with Radar,668,208,54,1,931,0,5,28,0,33,668,213,82,1,964,0,0,0,964
05/21/2005,MCO,FL,ASO,ES,Combined TRACON& Tower with Radar,714,215,21,1,951,0,1,4,0,5,714,216,25,1,956,0,0,0,956
05/22/2005,MCO,FL,ASO,ES,Combined TRACON& Tower with Radar,656,208,59,10,933,0,0,16,0,16,656,208,75,10,949,0,0,0,949
05/23/2005,MCO,FL,ASO,ES,Combined TRACON& Tower with Radar,648,222,49,2,921,0,0,22,0,22,648,222,71,2,943,0,0,0,943
05/24/2005,MCO,FL,ASO,ES,Combined TRACON& Tower with Radar,659,214,59,0,932,0,6,13,0,19,659,220,72,0,951,0,0,0,951
05/25/2005,MCO,FL,ASO,ES,Combined TRACON& Tower with Radar,660,237,61,2,960,0,13,15,3,31,660,250,76,5,991,0,0,0,991
05/26/2005,MCO,FL,ASO,ES,Combined TRACON& Tower with Radar,674,222,51,2,949,0,0,17,0,17,674,222,68,2,966,0,0,0,966
05/27/2005,MCO,FL,ASO,ES,Combined TRACON& Tower with Radar,676,224,71,6,977,0,1,18,0,19,676,225,89,6,996,0,0,0,996
05/28/2005,MCO,FL,ASO,ES,Combined TRACON& Tower with Radar,708,213,33,2,956,0,0,7,0,7,708,213,40,2,963,0,0,0,963
05/29/2005,MCO,FL,ASO,ES,Combined TRACON& Tower with Radar,646,183,17,0,846,0,0,7,0,7,646,183,24,0,853,0,0,0,853
05/30/2005,MCO,FL,ASO,ES,Combined TRACON& Tower with Radar,616,191,19,0,826,0,3,19,0,22,616,194,38,0,848,0,0,0,848
05/31/2005,MCO,FL,ASO,ES,Combined TRACON& Tower with Radar,651,200,60,0,911,0,0,5,0,5,651,200,65,0,916,0,0,0,916
06/01/2005,MCO,FL,ASO,ES,Combined TRACON& Tower with Radar,663,219,33,2,917,0,0,3,0,3,663,219,36,2,920,0,0,0,920
06/02/2005,MCO,FL,ASO,ES,Combined TRACON& Tower with Radar,685,204,42,0,931,0,2,13,0,15,685,206,55,0,946,0,0,0,946
06/03/2005,MCO,FL,ASO,ES,Combined TRACON& Tower with Radar,673,217,61,2,953,0,2,5,0,7,673,219,66,2,960,0,0,0,960
06/04/2005,MCO,FL,ASO,ES,Combined TRACON& Tower with Radar,716,221,34,0,971,0,0,10,0,10,716,221,44,0,981,0,0,0,981
06/05/2005,MCO,FL,ASO,ES,Combined TRACON& Tower with Radar,649,199,32,3,883,1,0,5,1,7,650,199,37,4,890,0,0,0,890
06/06/2005,MCO,FL,ASO,ES,Combined TRACON& Tower with Radar,612,218,51,1,882,0,0,5,1,6,612,218,56,2,888,0,0,0,888
06/07/2005,MCO,FL,ASO,ES,Combined TRACON& Tower with Radar,685,217,57,1,960,0,1,24,0,25,685,218,81,1,985,0,0,0,985
06/08/2005,MCO,FL,ASO,ES,Combined TRACON& Tower with Radar,670,221,48,4,943,0,1,13,0,14,670,222,61,4,957,0,0,0,957
06/09/2005,MCO,FL,ASO,ES,Combined TRACON& Tower with Radar,688,208,44,3,943,0,1,14,0,15,688,209,58,3,958,0,0,0,958
06/10/2005,MCO,FL,ASO,ES,Combined TRACON& Tower with Radar,686,205,35,2,928,0,1,4,0,5,686,206,39,2,933,0,0,0,933
06/11/2005,MCO,FL,ASO,ES,Combined TRACON& Tower with Radar,743,200,23,0,966,0,0,1,0,1,743,200,24,0,967,0,0,0,967
06/12/2005,MCO,FL,ASO,ES,Combined TRACON& Tower with Radar,670,202,27,0,899,0,0,2,0,2,670,202,29,0,901,0,0,0,901
06/13/2005,MCO,FL,ASO,ES,Combined TRACON& Tower with Radar,668,223,38,0,929,0,0,12,0,12,668,223,50,0,941,0,0,0,941
06/14/2005,MCO,FL,ASO,ES,Combined TRACON& Tower with Radar,692,209,48,0,949,0,1,12,0,13,692,210,60,0,962,0,0,0,962
06/15/2005,MCO,FL,ASO,ES,Combined TRACON& Tower with Radar,698,216,65,0,979,0,2,20,0,22,698,218,85,0,1001,0,0,0,1001
06/16/2005,MCO,FL,ASO,ES,Combined TRACON& Tower with Radar,683,214,45,0,942,0,2,15,2,19,683,216,60,2,961,0,0,0,961
06/17/2005,MCO,FL,ASO,ES,Combined TRACON& Tower with Radar,729,226,56,0,1011,0,1,16,0,17,729,227,72,0,1028,0,0,0,1028
06/18/2005,MCO,FL,ASO,ES,Combined TRACON& Tower with Radar,739,207,29,0,975,0,0,14,0,14,739,207,43,0,989,0,0,0,989
06/19/2005,MCO,FL,ASO,ES,Combined TRACON& Tower with Radar,688,206,39,0,933,0,0,14,0,14,688,206,53,0,947,0,0,0,947
06/20/2005,MCO,FL,ASO,ES,Combined TRACON& Tower with Radar,687,202,60,0,949,0,1,18,0,19,687,203,78,0,968,0,0,0,968
06/21/2005,MCO,FL,ASO,ES,Combined TRACON& Tower with Radar,703,222,35,1,961,0,6,8,0,14,703,228,43,1,975,0,0,0,975
06/22/2005,MCO,FL,ASO,ES,Combined TRACON& Tower with Radar,692,208,53,2,955,0,1,13,0,14,692,209,66,2,969,0,0,0,969
06/23/2005,MCO,FL,ASO,ES,Combined TRACON& Tower with Radar,751,221,71,5,1048,0,3,14,0,17,751,224,85,5,1065,0,0,0,1065
06/24/2005,MCO,FL,ASO,ES,Combined TRACON& Tower with Radar,710,215,52,0,977,0,2,17,0,19,710,217,69,0,996,0,0,0,996
06/25/2005,MCO,FL,ASO,ES,Combined TRACON& Tower with Radar,740,206,33,1,980,0,1,9,0,10,740,207,42,1,990,0,0,0,990
06/26/2005,MCO,FL,ASO,ES,Combined TRACON& Tower with Radar,689,214,30,1,934,0,0,12,1,13,689,214,42,2,947,0,0,0,947
06/27/2005,MCO,FL,ASO,ES,Combined TRACON& Tower with Radar,668,212,25,2,907,0,0,6,0,6,668,212,31,2,913,0,0,0,913
06/28/2005,MCO,FL,ASO,ES,Combined TRACON& Tower with Radar,703,214,35,4,956,0,0,3,1,4,703,214,38,5,960,0,0,0,960
06/29/2005,MCO,FL,ASO,ES,Combined TRACON& Tower with Radar,705,204,45,2,956,0,0,5,0,5,705,204,50,2,961,0,0,0,961
06/30/2005,MCO,FL,ASO,ES,Combined TRACON& Tower with Radar,727,228,45,1,1001,0,0,12,0,12,727,228,57,1,1013,0,0,0,1013
07/01/2005,MCO,FL,ASO,ES,Combined TRACON& Tower with Radar,716,215,44,2,977,0,1,18,0,19,716,216,62,2,996,0,0,0,996
07/02/2005,MCO,FL,ASO,ES,Combined TRACON& Tower with Radar,762,220,21,0,1003,0,1,10,0,11,762,221,31,0,1014,0,0,0,1014
07/03/2005,MCO,FL,ASO,ES,Combined TRACON& Tower with Radar,668,201,17,1,887,0,2,11,0,13,668,203,28,1,900,0,0,0,900
07/04/2005,MCO,FL,ASO,ES,Combined TRACON& Tower with Radar,654,194,10,0,858,0,0,5,0,5,654,194,15,0,863,0,0,0,863
07/05/2005,MCO,FL,ASO,ES,Combined TRACON& Tower with Radar,671,201,28,2,902,0,0,9,0,9,671,201,37,2,911,0,0,0,911
07/06/2005,MCO,FL,ASO,ES,Combined TRACON& Tower with Radar,706,223,31,4,964,0,2,16,0,18,706,225,47,4,982,0,0,0,982
07/07/2005,MCO,FL,ASO,ES,Combined TRACON& Tower with Radar,703,222,40,3,968,0,0,12,0,12,703,222,52,3,980,0,0,0,980
07/08/2005,MCO,FL,ASO,ES,Combined TRACON& Tower with Radar,707,219,43,5,974,1,0,12,0,13,708,219,55,5,987,0,0,0,987
07/09/2005,MCO,FL,ASO,ES,Combined TRACON& Tower with Radar,774,182,13,0,969,0,1,0,0,1,774,183,13,0,970,0,0,0,970
07/10/2005,MCO,FL,ASO,ES,Combined TRACON& Tower with Radar,701,179,21,1,902,0,0,1,0,1,701,179,22,1,903,0,0,0,903
07/11/2005,MCO,FL,ASO,ES,Combined TRACON& Tower with Radar,670,197,33,6,906,0,0,0,0,0,670,197,33,6,906,0,0,0,906
07/12/2005,MCO,FL,ASO,ES,Combined TRACON& Tower with Radar,711,219,32,0,962,0,2,15,1,18,711,221,47,1,980,0,0,0,980
07/13/2005,MCO,FL,ASO,ES,Combined TRACON& Tower with Radar,668,213,59,2,942,0,4,3,0,7,668,217,62,2,949,0,0,0,949
07/14/2005,MCO,FL,ASO,ES,Combined TRACON& Tower with Radar,721,221,40,2,984,0,2,3,0,5,721,223,43,2,989,0,0,0,989
07/15/2005,MCO,FL,ASO,ES,Combined TRACON& Tower with Radar,716,226,36,0,978,0,0,17,0,17,716,226,53,0,995,0,0,0,995
07/16/2005,MCO,FL,ASO,ES,Combined TRACON& Tower with Radar,770,214,38,0,1022,0,1,12,1,14,770,215,50,1,1036,0,0,0,1036
07/17/2005,MCO,FL,ASO,ES,Combined TRACON& Tower with Radar,676,214,36,0,926,0,2,6,0,8,676,216,42,0,934,0,0,0,934
07/18/2005,MCO,FL,ASO,ES,Combined TRACON& Tower with Radar,699,203,40,0,942,0,1,6,0,7,699,204,46,0,949,0,0,0,949
07/19/2005,MCO,FL,ASO,ES,Combined TRACON& Tower with Radar,695,221,30,1,947,0,2,8,0,10,695,223,38,1,957,0,0,0,957
07/20/2005,MCO,FL,ASO,ES,Combined TRACON& Tower with Radar,717,218,45,1,981,0,1,22,0,23,717,219,67,1,1004,0,0,0,1004
07/21/2005,MCO,FL,ASO,ES,Combined TRACON& Tower with Radar,717,216,34,0,967,0,2,17,1,20,717,218,51,1,987,0,0,0,987
07/22/2005,MCO,FL,ASO,ES,Combined TRACON& Tower with Radar,721,218,43,1,983,0,2,17,0,19,721,220,60,1,1002,0,0,0,1002
07/23/2005,MCO,FL,ASO,ES,Combined TRACON& Tower with Radar,768,212,23,1,1004,0,1,10,0,11,768,213,33,1,1015,0,0,0,1015
07/24/2005,MCO,FL,ASO,ES,Combined TRACON& Tower with Radar,688,209,35,0,932,0,2,6,0,8,688,211,41,0,940,0,0,0,940
07/25/2005,MCO,FL,ASO,ES,Combined TRACON& Tower with Radar,672,213,49,15,949,0,11,18,0,29,672,224,67,15,978,0,0,0,978
07/26/2005,MCO,FL,ASO,ES,Combined TRACON& Tower with Radar,709,221,29,7,966,0,2,9,0,11,709,223,38,7,977,0,0,0,977
07/27/2005,MCO,FL,ASO,ES,Combined TRACON& Tower with Radar,702,223,51,0,976,0,1,20,0,21,702,224,71,0,997,0,0,0,997
07/28/2005,MCO,FL,ASO,ES,Combined TRACON& Tower with Radar,727,223,31,6,987,0,6,8,0,14,727,229,39,6,1001,0,0,0,1001
07/29/2005,MCO,FL,ASO,ES,Combined TRACON& Tower with Radar,714,223,31,17,985,0,1,21,0,22,714,224,52,17,1007,0,0,0,1007
07/30/2005,MCO,FL,ASO,ES,Combined TRACON& Tower with Radar,761,208,19,0,988,0,1,12,0,13,761,209,31,0,1001,0,0,0,1001
07/31/2005,MCO,FL,ASO,ES,Combined TRACON& Tower with Radar,691,219,25,0,935,0,0,8,0,8,691,219,33,0,943,0,0,0,943
08/01/2005,MCO,FL,ASO,ES,Combined TRACON& Tower with Radar,685,210,49,0,944,0,0,6,0,6,685,210,55,0,950,0,0,0,950
08/02/2005,MCO,FL,ASO,ES,Combined TRACON& Tower with Radar,713,217,27,0,957,0,1,8,0,9,713,218,35,0,966,0,0,0,966
08/03/2005,MCO,FL,ASO,ES,Combined TRACON& Tower with Radar,706,216,41,3,966,0,2,17,0,19,706,218,58,3,985,0,0,0,985
08/04/2005,MCO,FL,ASO,ES,Combined TRACON& Tower with Radar,705,215,37,0,957,0,2,17,0,19,705,217,54,0,976,0,0,0,976
08/05/2005,MCO,FL,ASO,ES,Combined TRACON& Tower with Radar,723,211,44,6,984,0,0,9,1,10,723,211,53,7,994,0,0,0,994
08/06/2005,MCO,FL,ASO,ES,Combined TRACON& Tower with Radar,770,214,27,0,1011,0,1,8,0,9,770,215,35,0,1020,0,0,0,1020
08/07/2005,MCO,FL,ASO,ES,Combined TRACON& Tower with Radar,680,199,27,2,908,0,0,12,0,12,680,199,39,2,920,0,0,0,920
08/08/2005,MCO,FL,ASO,ES,Combined TRACON& Tower with Radar,670,220,27,0,917,0,0,13,0,13,670,220,40,0,930,0,0,0,930
08/09/2005,MCO,FL,ASO,ES,Combined TRACON& Tower with Radar,716,220,47,0,983,0,0,12,0,12,716,220,59,0,995,0,0,0,995
08/10/2005,MCO,FL,ASO,ES,Combined TRACON& Tower with Radar,710,216,46,0,972,0,1,14,0,15,710,217,60,0,987,0,0,0,987
08/11/2005,MCO,FL,ASO,ES,Combined TRACON& Tower with Radar,713,233,46,0,992,0,0,14,0,14,713,233,60,0,1006,0,0,0,1006
08/12/2005,MCO,FL,ASO,ES,Combined TRACON& Tower with Radar,700,224,42,1,967,1,0,9,2,12,701,224,51,3,979,0,0,0,979
08/13/2005,MCO,FL,ASO,ES,Combined TRACON& Tower with Radar,728,189,22,1,940,0,1,12,0,13,728,190,34,1,953,0,0,0,953
08/14/2005,MCO,FL,ASO,ES,Combined TRACON& Tower with Radar,685,208,36,1,930,0,0,6,0,6,685,208,42,1,936,0,0,0,936
08/15/2005,MCO,FL,ASO,ES,Combined TRACON& Tower with Radar,679,229,32,2,942,0,0,10,0,10,679,229,42,2,952,0,0,0,952
08/16/2005,MCO,FL,ASO,ES,Combined TRACON& Tower with Radar,606,195,41,0,842,0,1,10,0,11,606,196,51,0,853,0,0,0,853
08/17/2005,MCO,FL,ASO,ES,Combined TRACON& Tower with Radar,708,215,41,6,970,0,0,10,0,10,708,215,51,6,980,0,0,0,980
08/18/2005,MCO,FL,ASO,ES,Combined TRACON& Tower with Radar,694,227,27,9,957,0,0,14,0,14,694,227,41,9,971,0,0,0,971
08/19/2005,MCO,FL,ASO,ES,Combined TRACON& Tower with Radar,693,223,44,2,962,0,1,15,1,17,693,224,59,3,979,0,0,0,979
08/20/2005,MCO,FL,ASO,ES,Combined TRACON& Tower with Radar,720,204,24,3,951,0,1,16,1,18,720,205,40,4,969,0,0,0,969
08/21/2005,MCO,FL,ASO,ES,Combined TRACON& Tower with Radar,666,214,34,4,918,0,0,14,1,15,666,214,48,5,933,0,0,0,933
08/22/2005,MCO,FL,ASO,ES,Combined TRACON& Tower with Radar,650,207,33,2,892,0,0,17,0,17,650,207,50,2,909,0,0,0,909
08/23/2005,MCO,FL,ASO,ES,Combined TRACON& Tower with Radar,654,229,35,10,928,0,2,5,0,7,654,231,40,10,935,0,0,0,935
08/24/2005,MCO,FL,ASO,ES,Combined TRACON& Tower with Radar,665,225,50,1,941,0,2,12,0,14,665,227,62,1,955,0,0,0,955
08/25/2005,MCO,FL,ASO,ES,Combined TRACON& Tower with Radar,681,221,39,9,950,0,0,9,0,9,681,221,48,9,959,0,0,0,959
08/26/2005,MCO,FL,ASO,ES,Combined TRACON& Tower with Radar,665,209,42,2,918,0,1,9,0,10,665,210,51,2,928,0,0,0,928
08/27/2005,MCO,FL,ASO,ES,Combined TRACON& Tower with Radar,713,203,38,0,954,0,0,13,0,13,713,203,51,0,967,0,0,0,967
08/28/2005,MCO,FL,ASO,ES,Combined TRACON& Tower with Radar,649,200,28,3,880,0,0,2,1,3,649,200,30,4,883,0,0,0,883
08/29/2005,MCO,FL,ASO,ES,Combined TRACON& Tower with Radar,634,191,31,0,856,0,3,15,0,18,634,194,46,0,874,0,0,0,874
08/30/2005,MCO,FL,ASO,ES,Combined TRACON& Tower with Radar,645,203,22,0,870,0,2,6,0,8,645,205,28,0,878,0,0,0,878
08/31/2005,MCO,FL,ASO,ES,Combined TRACON& Tower with Radar,646,212,31,3,892,0,1,8,0,9,646,213,39,3,901,0,0,0,901
09/01/2005,MCO,FL,ASO,ES,Combined TRACON& Tower with Radar,669,214,41,1,925,0,1,7,0,8,669,215,48,1,933,0,0,0,933
09/02/2005,MCO,FL,ASO,ES,Combined TRACON& Tower with Radar,668,203,51,0,922,0,0,9,0,9,668,203,60,0,931,0,0,0,931
09/03/2005,MCO,FL,ASO,ES,Combined TRACON& Tower with Radar,700,205,17,0,922,0,1,8,2,11,700,206,25,2,933,0,0,0,933
09/04/2005,MCO,FL,ASO,ES,Combined TRACON& Tower with Radar,618,181,14,0,813,0,0,5,0,5,618,181,19,0,818,0,0,0,818
09/05/2005,MCO,FL,ASO,ES,Combined TRACON& Tower with Radar,625,196,34,1,856,0,1,9,0,10,625,197,43,1,866,0,0,0,866
09/06/2005,MCO,FL,ASO,ES,Combined TRACON& Tower with Radar,606,214,40,4,864,0,0,4,0,4,606,214,44,4,868,0,0,0,868
09/07/2005,MCO,FL,ASO,ES,Combined TRACON& Tower with Radar,610,215,33,0,858,0,0,4,0,4,610,215,37,0,862,0,0,0,862
09/08/2005,MCO,FL,ASO,ES,Combined TRACON& Tower with Radar,627,216,37,0,880,0,0,4,0,4,627,216,41,0,884,0,0,0,884
09/09/2005,MCO,FL,ASO,ES,Combined TRACON& Tower with Radar,620,218,48,0,886,0,0,2,0,2,620,218,50,0,888,0,0,0,888
09/10/2005,MCO,FL,ASO,ES,Combined TRACON& Tower with Radar,658,202,20,0,880,0,0,21,0,21,658,202,41,0,901,0,0,0,901
09/11/2005,MCO,FL,ASO,ES,Combined TRACON& Tower with Radar,611,194,12,0,817,0,0,21,0,21,611,194,33,0,838,0,0,0,838
09/12/2005,MCO,FL,ASO,ES,Combined TRACON& Tower with Radar,591,201,39,0,831,0,0,18,0,18,591,201,57,0,849,0,0,0,849
09/13/2005,MCO,FL,ASO,ES,Combined TRACON& Tower with Radar,591,217,40,0,848,0,4,21,0,25,591,221,61,0,873,0,0,0,873
09/14/2005,MCO,FL,ASO,ES,Combined TRACON& Tower with Radar,602,197,56,2,857,0,1,15,0,16,602,198,71,2,873,0,0,0,873
09/15/2005,MCO,FL,ASO,ES,Combined TRACON& Tower with Radar,626,212,39,2,879,0,2,14,0,16,626,214,53,2,895,0,0,0,895
09/16/2005,MCO,FL,ASO,ES,Combined TRACON& Tower with Radar,635,217,31,0,883,0,1,14,0,15,635,218,45,0,898,0,0,0,898
09/17/2005,MCO,FL,ASO,ES,Combined TRACON& Tower with Radar,645,198,23,0,866,0,3,8,1,12,645,201,31,1,878,0,0,0,878
09/18/2005,MCO,FL,ASO,ES,Combined TRACON& Tower with Radar,607,207,27,1,842,0,0,14,2,16,607,207,41,3,858,0,0,0,858
09/19/2005,MCO,FL,ASO,ES,Combined TRACON& Tower with Radar,595,215,60,1,871,0,1,12,2,15,595,216,72,3,886,0,0,0,886
09/20/2005,MCO,FL,ASO,ES,Combined TRACON& Tower with Radar,595,215,59,4,873,0,0,3,0,3,595,215,62,4,876,0,0,0,876
09/21/2005,MCO,FL,ASO,ES,Combined TRACON& Tower with Radar,607,196,52,1,856,0,0,4,0,4,607,196,56,1,860,0,0,0,860
09/22/2005,MCO,FL,ASO,ES,Combined TRACON& Tower with Radar,626,205,56,2,889,0,0,11,0,11,626,205,67,2,900,0,0,0,900
09/23/2005,MCO,FL,ASO,ES,Combined TRACON& Tower with Radar,623,209,38,2,872,0,0,16,0,16,623,209,54,2,888,0,0,0,888
09/24/2005,MCO,FL,ASO,ES,Combined TRACON& Tower with Radar,619,187,19,4,829,0,2,10,0,12,619,189,29,4,841,0,0,0,841
09/25/2005,MCO,FL,ASO,ES,Combined TRACON& Tower with Radar,601,203,25,4,833,0,0,8,0,8,601,203,33,4,841,0,0,0,841
09/26/2005,MCO,FL,ASO,ES,Combined TRACON& Tower with Radar,597,216,45,2,860,0,0,15,0,15,597,216,60,2,875,0,0,0,875
09/27/2005,MCO,FL,ASO,ES,Combined TRACON& Tower with Radar,608,214,59,3,884,0,2,22,0,24,608,216,81,3,908,0,0,0,908
09/28/2005,MCO,FL,ASO,ES,Combined TRACON& Tower with Radar,602,210,38,3,853,0,0,9,0,9,602,210,47,3,862,0,0,0,862
09/29/2005,MCO,FL,ASO,ES,Combined TRACON& Tower with Radar,617,213,41,4,875,1,3,20,0,24,618,216,61,4,899,0,0,0,899
09/30/2005,MCO,FL,ASO,ES,Combined TRACON& Tower with Radar,645,216,38,2,901,0,1,11,0,12,645,217,49,2,913,0,0,0,913
10/01/2005,MCO,FL,ASO,ES,Combined TRACON& Tower with Radar,645,216,38,2,901,0,1,11,0,12,645,217,49,2,913,0,0,0,913
10/02/2005,MCO,FL,ASO,ES,Combined TRACON& Tower with Radar,607,207,27,1,842,0,0,14,2,16,607,207,41,3,858,0,0,0,858
10/03/2005,MCO,FL,ASO,ES,Combined TRACON& Tower with Radar,595,215,61,1,872,0,1,11,2,14,595,216,72,3,886,0,0,0,886
10/04/2005,MCO,FL,ASO,ES,Combined TRACON& Tower with Radar,595,215,59,4,873,0,0,3,0,3,595,215,62,4,876,0,0,0,876
10/05/2005,MCO,FL,ASO,ES,Combined TRACON& Tower with Radar,607,196,52,1,856,0,0,4,0,4,607,196,56,1,860,0,0,0,860
10/06/2005,MCO,FL,ASO,ES,Combined TRACON& Tower with Radar,626,205,56,2,889,0,0,11,0,11,626,205,67,2,900,0,0,0,900
10/07/2005,MCO,FL,ASO,ES,Combined TRACON& Tower with Radar,623,209,38,2,872,0,0,16,0,16,623,209,54,2,888,0,0,0,888
10/08/2005,MCO,FL,ASO,ES,Combined TRACON& Tower with Radar,700,198,21,0,919,0,2,8,0,10,700,200,29,0,929,0,0,0,929
10/09/2005,MCO,FL,ASO,ES,Combined TRACON& Tower with Radar,659,210,34,0,903,0,7,12,0,19,659,217,46,0,922,0,0,0,922
10/10/2005,MCO,FL,ASO,ES,Combined TRACON& Tower with Radar,652,212,49,0,913,0,1,8,0,9,652,213,57,0,922,0,0,0,922
10/11/2005,MCO,FL,ASO,ES,Combined TRACON& Tower with Radar,654,216,56,0,926,0,1,3,0,4,654,217,59,0,930,0,0,0,930
10/12/2005,MCO,FL,ASO,ES,Combined TRACON& Tower with Radar,635,220,66,5,926,0,1,3,0,4,635,221,69,5,930,0,0,0,930
10/13/2005,MCO,FL,ASO,ES,Combined TRACON& Tower with Radar,675,215,62,0,952,0,1,1,0,2,675,216,63,0,954,0,0,0,954
10/14/2005,MCO,FL,ASO,ES,Combined TRACON& Tower with Radar,679,215,46,2,942,0,0,15,0,15,679,215,61,2,957,0,0,0,957
10/15/2005,MCO,FL,ASO,ES,Combined TRACON& Tower with Radar,711,197,28,0,936,0,3,6,0,9,711,200,34,0,945,0,0,0,945
10/16/2005,MCO,FL,ASO,ES,Combined TRACON& Tower with Radar,657,214,70,2,943,0,0,23,1,24,657,214,93,3,967,0,0,0,967
10/17/2005,MCO,FL,ASO,ES,Combined TRACON& Tower with Radar,663,244,69,4,980,0,3,14,0,17,663,247,83,4,997,0,0,0,997
10/18/2005,MCO,FL,ASO,ES,Combined TRACON& Tower with Radar,668,222,72,4,966,0,0,11,1,12,668,222,83,5,978,0,0,0,978
10/19/2005,MCO,FL,ASO,ES,Combined TRACON& Tower with Radar,657,231,63,0,951,0,3,5,0,8,657,234,68,0,959,0,0,0,959
10/20/2005,MCO,FL,ASO,ES,Combined TRACON& Tower with Radar,687,229,65,2,983,0,1,15,0,16,687,230,80,2,999,0,0,0,999
10/21/2005,MCO,FL,ASO,ES,Combined TRACON& Tower with Radar,680,227,46,2,955,0,2,9,1,12,680,229,55,3,967,0,0,0,967
10/22/2005,MCO,FL,ASO,ES,Combined TRACON& Tower with Radar,697,194,29,0,920,0,2,5,0,7,697,196,34,0,927,0,0,0,927
10/23/2005,MCO,FL,ASO,ES,Combined TRACON& Tower with Radar,657,211,32,3,903,0,0,3,0,3,657,211,35,3,906,0,0,0,906
10/24/2005,MCO,FL,ASO,ES,Combined TRACON& Tower with Radar,578,106,19,2,705,0,7,3,0,10,578,113,22,2,715,0,0,0,715
10/25/2005,MCO,FL,ASO,ES,Combined TRACON& Tower with Radar,652,199,60,4,915,0,7,27,1,35,652,206,87,5,950,0,0,0,950
10/26/2005,MCO,FL,ASO,ES,Combined TRACON& Tower with Radar,657,219,69,3,948,0,4,25,0,29,657,223,94,3,977,0,0,0,977
10/27/2005,MCO,FL,ASO,ES,Combined TRACON& Tower with Radar,693,234,43,10,980,0,2,23,1,26,693,236,66,11,1006,0,0,0,1006
10/28/2005,MCO,FL,ASO,ES,Combined TRACON& Tower with Radar,700,225,51,6,982,0,9,14,1,24,700,234,65,7,1006,0,0,0,1006
10/29/2005,MCO,FL,ASO,ES,Combined TRACON& Tower with Radar,712,210,24,4,950,0,1,5,4,10,712,211,29,8,960,0,0,0,960
10/30/2005,MCO,FL,ASO,ES,Combined TRACON& Tower with Radar,667,230,30,1,928,0,0,13,0,13,667,230,43,1,941,0,0,0,941
10/31/2005,MCO,FL,ASO,ES,Combined TRACON& Tower with Radar,663,239,33,2,937,0,1,11,0,12,663,240,44,2,949,0,0,0,949
11/01/2005,MCO,FL,ASO,ES,Combined TRACON& Tower with Radar,673,230,46,1,950,0,1,7,0,8,673,231,53,1,958,0,0,0,958
11/02/2005,MCO,FL,ASO,ES,Combined TRACON& Tower with Radar,685,245,68,0,998,0,0,6,0,6,685,245,74,0,1004,0,0,0,1004
11/03/2005,MCO,FL,ASO,ES,Combined TRACON& Tower with Radar,698,233,51,0,982,0,3,7,0,10,698,236,58,0,992,0,0,0,992
11/04/2005,MCO,FL,ASO,ES,Combined TRACON& Tower with Radar,703,259,48,1,1011,0,1,17,0,18,703,260,65,1,1029,0,0,0,1029
11/05/2005,MCO,FL,ASO,ES,Combined TRACON& Tower with Radar,711,227,23,2,963,0,5,18,0,23,711,232,41,2,986,0,0,0,986
11/06/2005,MCO,FL,ASO,ES,Combined TRACON& Tower with Radar,676,242,70,2,990,0,1,13,0,14,676,243,83,2,1004,0,0,0,1004
11/07/2005,MCO,FL,ASO,ES,Combined TRACON& Tower with Radar,688,230,86,2,1006,0,1,18,9,28,688,231,104,11,1034,0,0,0,1034
11/08/2005,MCO,FL,ASO,ES,Combined TRACON& Tower with Radar,682,247,139,2,1070,0,1,17,0,18,682,248,156,2,1088,0,0,0,1088
11/09/2005,MCO,FL,ASO,ES,Combined TRACON& Tower with Radar,695,233,155,2,1085,0,2,18,0,20,695,235,173,2,1105,0,0,0,1105
11/10/2005,MCO,FL,ASO,ES,Combined TRACON& Tower with Radar,735,252,166,2,1155,0,0,14,0,14,735,252,180,2,1169,0,0,0,1169
11/11/2005,MCO,FL,ASO,ES,Combined TRACON& Tower with Radar,723,244,134,0,1101,0,4,29,0,33,723,248,163,0,1134,0,0,0,1134
11/12/2005,MCO,FL,ASO,ES,Combined TRACON& Tower with Radar,747,229,52,0,1028,0,0,15,0,15,747,229,67,0,1043,0,0,0,1043
11/13/2005,MCO,FL,ASO,ES,Combined TRACON& Tower with Radar,747,229,52,0,1028,0,0,15,0,15,747,229,67,0,1043,0,0,0,1043
11/14/2005,MCO,FL,ASO,ES,Combined TRACON& Tower with Radar,715,236,54,5,1010,0,3,17,0,20,715,239,71,5,1030,0,0,0,1030
11/15/2005,MCO,FL,ASO,ES,Combined TRACON& Tower with Radar,715,229,44,0,988,0,1,7,0,8,715,230,51,0,996,0,0,0,996
11/16/2005,MCO,FL,ASO,ES,Combined TRACON& Tower with Radar,714,227,63,0,1004,0,0,25,0,25,714,227,88,0,1029,0,0,0,1029
11/17/2005,MCO,FL,ASO,ES,Combined TRACON& Tower with Radar,755,238,71,0,1064,0,2,8,0,10,755,240,79,0,1074,0,0,0,1074
11/18/2005,MCO,FL,ASO,ES,Combined TRACON& Tower with Radar,739,231,49,1,1020,0,0,12,1,13,739,231,61,2,1033,0,0,0,1033
11/19/2005,MCO,FL,ASO,ES,Combined TRACON& Tower with Radar,762,218,30,0,1010,0,0,10,0,10,762,218,40,0,1020,0,0,0,1020
11/20/2005,MCO,FL,ASO,ES,Combined TRACON& Tower with Radar,725,228,50,0,1003,0,0,4,0,4,725,228,54,0,1007,0,0,0,1007
11/21/2005,MCO,FL,ASO,ES,Combined TRACON& Tower with Radar,700,220,47,1,968,0,5,6,0,11,700,225,53,1,979,0,0,0,979
11/22/2005,MCO,FL,ASO,ES,Combined TRACON& Tower with Radar,752,247,53,3,1055,0,5,15,0,20,752,252,68,3,1075,0,0,0,1075
11/23/2005,MCO,FL,ASO,ES,Combined TRACON& Tower with Radar,767,240,46,3,1056,0,4,18,0,22,767,244,64,3,1078,0,0,0,1078
11/24/2005,MCO,FL,ASO,ES,Combined TRACON& Tower with Radar,643,208,13,0,864,0,0,7,0,7,643,208,20,0,871,0,0,0,871
11/25/2005,MCO,FL,ASO,ES,Combined TRACON& Tower with Radar,655,206,22,1,884,0,2,9,0,11,655,208,31,1,895,0,0,0,895
11/26/2005,MCO,FL,ASO,ES,Combined TRACON& Tower with Radar,754,205,45,0,1004,0,0,11,0,11,754,205,56,0,1015,0,0,0,1015
11/27/2005,MCO,FL,ASO,ES,Combined TRACON& Tower with Radar,725,233,68,0,1026,0,1,11,0,12,725,234,79,0,1038,0,0,0,1038
11/28/2005,MCO,FL,ASO,ES,Combined TRACON& Tower with Radar,700,213,52,2,967,0,0,7,0,7,700,213,59,2,974,0,0,0,974
11/29/2005,MCO,FL,ASO,ES,Combined TRACON& Tower with Radar,745,255,28,4,1032,0,4,6,0,10,745,259,34,4,1042,0,0,0,1042
11/30/2005,MCO,FL,ASO,ES,Combined TRACON& Tower with Radar,746,235,77,8,1066,0,5,9,0,14,746,240,86,8,1080,0,0,0,1080
12/01/2005,MCO,FL,ASO,ES,Combined TRACON& Tower with Radar,725,222,59,3,1009,1,2,12,0,15,726,224,71,3,1024,0,0,0,1024
12/02/2005,MCO,FL,ASO,ES,Combined TRACON& Tower with Radar,727,211,64,2,1004,0,3,22,1,26,727,214,86,3,1030,0,0,0,1030
12/03/2005,MCO,FL,ASO,ES,Combined TRACON& Tower with Radar,750,196,25,4,975,0,1,12,0,13,750,197,37,4,988,0,0,0,988
12/04/2005,MCO,FL,ASO,ES,Combined TRACON& Tower with Radar,695,198,42,4,939,1,0,18,2,21,696,198,60,6,960,0,0,0,960
12/05/2005,MCO,FL,ASO,ES,Combined TRACON& Tower with Radar,685,204,41,5,935,0,2,13,0,15,685,206,54,5,950,0,0,0,950
12/06/2005,MCO,FL,ASO,ES,Combined TRACON& Tower with Radar,738,208,45,8,999,0,3,7,0,10,738,211,52,8,1009,0,0,0,1009
12/07/2005,MCO,FL,ASO,ES,Combined TRACON& Tower with Radar,684,203,48,4,939,0,1,9,0,10,684,204,57,4,949,0,0,0,949
12/08/2005,MCO,FL,ASO,ES,Combined TRACON& Tower with Radar,718,208,66,4,996,0,0,0,0,0,718,208,66,4,996,0,0,0,996
12/09/2005,MCO,FL,ASO,ES,Combined TRACON& Tower with Radar,701,204,58,5,968,0,0,1,0,1,701,204,59,5,969,0,0,0,969
12/10/2005,MCO,FL,ASO,ES,Combined TRACON& Tower with Radar,771,207,37,0,1015,0,1,4,0,5,771,208,41,0,1020,0,0,0,1020
12/11/2005,MCO,FL,ASO,ES,Combined TRACON& Tower with Radar,708,209,25,0,942,0,0,1,0,1,708,209,26,0,943,0,0,0,943
12/12/2005,MCO,FL,ASO,ES,Combined TRACON& Tower with Radar,706,207,48,3,964,0,3,34,0,37,706,210,82,3,1001,0,0,0,1001
12/13/2005,MCO,FL,ASO,ES,Combined TRACON& Tower with Radar,699,205,45,6,955,0,2,21,0,23,699,207,66,6,978,0,0,0,978
12/14/2005,MCO,FL,ASO,ES,Combined TRACON& Tower with Radar,695,208,49,4,956,0,1,15,0,16,695,209,64,4,972,0,0,0,972
12/15/2005,MCO,FL,ASO,ES,Combined TRACON& Tower with Radar,732,208,39,2,981,0,3,10,0,13,732,211,49,2,994,0,0,0,994
12/16/2005,MCO,FL,ASO,ES,Combined TRACON& Tower with Radar,786,204,48,1,1039,0,1,15,0,16,786,205,63,1,1055,0,0,0,1055
12/17/2005,MCO,FL,ASO,ES,Combined TRACON& Tower with Radar,806,193,22,0,1021,0,1,1,0,2,806,194,23,0,1023,0,0,0,1023
12/18/2005,MCO,FL,ASO,ES,Combined TRACON& Tower with Radar,764,188,24,2,978,0,0,0,0,0,764,188,24,2,978,0,0,0,978
12/19/2005,MCO,FL,ASO,ES,Combined TRACON& Tower with Radar,753,197,49,1,1000,2,3,6,0,11,755,200,55,1,1011,0,0,0,1011
12/20/2005,MCO,FL,ASO,ES,Combined TRACON& Tower with Radar,764,201,34,4,1003,1,0,12,0,13,765,201,46,4,1016,0,0,0,1016
12/21/2005,MCO,FL,ASO,ES,Combined TRACON& Tower with Radar,801,212,49,2,1064,0,3,7,0,10,801,215,56,2,1074,0,0,0,1074
12/22/2005,MCO,FL,ASO,ES,Combined TRACON& Tower with Radar,825,209,38,0,1072,0,5,18,0,23,825,214,56,0,1095,0,0,0,1095
12/23/2005,MCO,FL,ASO,ES,Combined TRACON& Tower with Radar,809,206,28,0,1043,0,12,10,0,22,809,218,38,0,1065,0,0,0,1065
12/24/2005,MCO,FL,ASO,ES,Combined TRACON& Tower with Radar,798,190,23,0,1011,0,1,7,0,8,798,191,30,0,1019,0,0,0,1019
12/25/2005,MCO,FL,ASO,ES,Combined TRACON& Tower with Radar,717,185,4,0,906,0,0,2,0,2,717,185,6,0,908,0,0,0,908
12/26/2005,MCO,FL,ASO,ES,Combined TRACON& Tower with Radar,772,190,50,0,1012,0,0,7,0,7,772,190,57,0,1019,0,0,0,1019
12/27/2005,MCO,FL,ASO,ES,Combined TRACON& Tower with Radar,762,214,55,2,1033,0,1,8,0,9,762,215,63,2,1042,0,0,0,1042
12/28/2005,MCO,FL,ASO,ES,Combined TRACON& Tower with Radar,799,217,31,0,1047,0,3,17,0,20,799,220,48,0,1067,0,0,0,1067
12/29/2005,MCO,FL,ASO,ES,Combined TRACON& Tower with Radar,799,213,33,0,1045,0,5,5,0,10,799,218,38,0,1055,0,0,0,1055
12/30/2005,MCO,FL,ASO,ES,Combined TRACON& Tower with Radar,246,59,6,0,311,0,1,1,0,2,246,60,7,0,313,0,0,0,313
12/31/2005,MCO,FL,ASO,ES,Combined TRACON& Tower with Radar,786,197,27,0,1010,0,3,9,0,12,786,200,36,0,1022,0,0,0,1022
01/01/2006,MCO,FL,ASO,ES,Combined TRACON& Tower with Radar,724,186,24,0,934,0,0,9,0,9,724,186,33,0,943,0,0,0,943
01/02/2006,MCO,FL,ASO,ES,Combined TRACON& Tower with Radar,748,194,56,0,998,0,3,10,0,13,748,197,66,0,1011,0,0,0,1011
01/03/2006,MCO,FL,ASO,ES,Combined TRACON& Tower with Radar,389,106,32,0,527,0,0,10,0,10,389,106,42,0,537,0,0,0,537
01/04/2006,MCO,FL,ASO,ES,Combined TRACON& Tower with Radar,767,220,41,0,1028,2,2,28,0,32,769,222,69,0,1060,0,0,0,1060
01/05/2006,MCO,FL,ASO,ES,Combined TRACON& Tower with Radar,763,212,67,0,1042,0,2,25,0,27,763,214,92,0,1069,0,0,0,1069
01/06/2006,MCO,FL,ASO,ES,Combined TRACON& Tower with Radar,761,218,62,2,1043,0,7,7,0,14,761,225,69,2,1057,0,0,0,1057
01/07/2006,MCO,FL,ASO,ES,Combined TRACON& Tower with Radar,760,191,36,2,989,0,2,9,0,11,760,193,45,2,1000,0,0,0,1000
01/08/2006,MCO,FL,ASO,ES,Combined TRACON& Tower with Radar,715,194,34,3,946,0,0,11,0,11,715,194,45,3,957,0,0,0,957
01/09/2006,MCO,FL,ASO,ES,Combined TRACON& Tower with Radar,727,199,51,3,980,0,0,10,0,10,727,199,61,3,990,0,0,0,990
01/10/2006,MCO,FL,ASO,ES,Combined TRACON& Tower with Radar,695,221,93,0,1009,1,1,14,1,17,696,222,107,1,1026,0,0,0,1026
01/11/2006,MCO,FL,ASO,ES,Combined TRACON& Tower with Radar,694,223,122,0,1039,0,2,12,0,14,694,225,134,0,1053,0,0,0,1053
01/12/2006,MCO,FL,ASO,ES,Combined TRACON& Tower with Radar,743,245,118,0,1106,2,5,19,1,27,745,250,137,1,1133,0,0,0,1133
01/13/2006,MCO,FL,ASO,ES,Combined TRACON& Tower with Radar,712,245,127,1,1085,0,6,11,0,17,712,251,138,1,1102,0,0,0,1102
01/14/2006,MCO,FL,ASO,ES,Combined TRACON& Tower with Radar,772,203,63,2,1040,2,1,14,0,17,774,204,77,2,1057,0,0,0,1057
01/15/2006,MCO,FL,ASO,ES,Combined TRACON& Tower with Radar,692,204,47,3,946,0,0,10,0,10,692,204,57,3,956,0,0,0,956
01/16/2006,MCO,FL,ASO,ES,Combined TRACON& Tower with Radar,720,202,66,1,989,0,1,14,0,15,720,203,80,1,1004,0,0,0,1004
01/17/2006,MCO,FL,ASO,ES,Combined TRACON& Tower with Radar,684,206,57,0,947,0,7,7,0,14,684,213,64,0,961,0,0,0,961
01/18/2006,MCO,FL,ASO,ES,Combined TRACON& Tower with Radar,679,197,57,1,934,1,8,12,0,21,680,205,69,1,955,0,0,0,955
01/19/2006,MCO,FL,ASO,ES,Combined TRACON& Tower with Radar,732,209,46,0,987,0,4,17,0,21,732,213,63,0,1008,0,0,0,1008
01/20/2006,MCO,FL,ASO,ES,Combined TRACON& Tower with Radar,733,201,58,6,998,0,1,9,0,10,733,202,67,6,1008,0,0,0,1008
01/21/2006,MCO,FL,ASO,ES,Combined TRACON& Tower with Radar,738,184,19,6,947,0,1,10,0,11,738,185,29,6,958,0,0,0,958
01/22/2006,MCO,FL,ASO,ES,Combined TRACON& Tower with Radar,691,193,39,5,928,0,0,8,0,8,691,193,47,5,936,0,0,0,936
01/23/2006,MCO,FL,ASO,ES,Combined TRACON& Tower with Radar,706,207,44,1,958,0,7,13,0,20,706,214,57,1,978,0,0,0,978
01/24/2006,MCO,FL,ASO,ES,Combined TRACON& Tower with Radar,696,198,51,5,950,0,6,7,0,13,696,204,58,5,963,0,0,0,963
01/25/2006,MCO,FL,ASO,ES,Combined TRACON& Tower with Radar,703,233,84,2,1022,1,4,20,0,25,704,237,104,2,1047,0,0,0,1047
01/26/2006,MCO,FL,ASO,ES,Combined TRACON& Tower with Radar,731,225,82,2,1040,0,0,24,0,24,731,225,106,2,1064,0,0,0,1064
01/27/2006,MCO,FL,ASO,ES,Combined TRACON& Tower with Radar,733,217,71,0,1021,0,0,20,0,20,733,217,91,0,1041,0,0,0,1041
01/28/2006,MCO,FL,ASO,ES,Combined TRACON& Tower with Radar,735,191,40,0,966,0,2,16,0,18,735,193,56,0,984,0,0,0,984
01/29/2006,MCO,FL,ASO,ES,Combined TRACON& Tower with Radar,694,193,43,0,930,0,1,11,0,12,694,194,54,0,942,0,0,0,942
01/30/2006,MCO,FL,ASO,ES,Combined TRACON& Tower with Radar,713,209,52,0,974,0,3,8,0,11,713,212,60,0,985,0,0,0,985
01/31/2006,MCO,FL,ASO,ES,Combined TRACON& Tower with Radar,693,198,60,0,951,0,4,20,0,24,693,202,80,0,975,0,0,0,975
02/01/2006,MCO,FL,ASO,ES,Combined TRACON& Tower with Radar,702,202,74,3,981,0,1,17,0,18,702,203,91,3,999,0,0,0,999
02/02/2006,MCO,FL,ASO,ES,Combined TRACON& Tower with Radar,719,217,65,8,1009,0,3,20,0,23,719,220,85,8,1032,0,0,0,1032
02/03/2006,MCO,FL,ASO,ES,Combined TRACON& Tower with Radar,737,207,45,10,999,0,2,3,0,5,737,209,48,10,1004,0,0,0,1004
02/04/2006,MCO,FL,ASO,ES,Combined TRACON& Tower with Radar,773,179,39,4,995,0,0,4,0,4,773,179,43,4,999,0,0,0,999
02/05/2006,MCO,FL,ASO,ES,Combined TRACON& Tower with Radar,722,195,49,1,967,0,0,8,0,8,722,195,57,1,975,0,0,0,975
02/06/2006,MCO,FL,ASO,ES,Combined TRACON& Tower with Radar,717,217,69,0,1003,0,1,16,0,17,717,218,85,0,1020,0,0,0,1020
02/07/2006,MCO,FL,ASO,ES,Combined TRACON& Tower with Radar,712,214,61,0,987,0,6,15,2,23,712,220,76,2,1010,0,0,0,1010
02/08/2006,MCO,FL,ASO,ES,Combined TRACON& Tower with Radar,713,201,76,3,993,0,1,26,0,27,713,202,102,3,1020,0,0,0,1020
02/09/2006,MCO,FL,ASO,ES,Combined TRACON& Tower with Radar,749,212,91,2,1054,0,6,26,0,32,749,218,117,2,1086,0,0,0,1086
02/10/2006,MCO,FL,ASO,ES,Combined TRACON& Tower with Radar,737,219,82,4,1042,0,0,23,3,26,737,219,105,7,1068,0,0,0,1068
02/11/2006,MCO,FL,ASO,ES,Combined TRACON& Tower with Radar,737,204,54,1,996,0,2,3,0,5,737,206,57,1,1001,0,0,0,1001
02/12/2006,MCO,FL,ASO,ES,Combined TRACON& Tower with Radar,577,205,70,4,856,0,0,14,0,14,577,205,84,4,870,0,0,0,870
02/13/2006,MCO,FL,ASO,ES,Combined TRACON& Tower with Radar,693,220,75,3,991,0,0,18,1,19,693,220,93,4,1010,0,0,0,1010
02/14/2006,MCO,FL,ASO,ES,Combined TRACON& Tower with Radar,738,206,56,1,1001,0,3,19,3,25,738,209,75,4,1026,0,0,0,1026
02/15/2006,MCO,FL,ASO,ES,Combined TRACON& Tower with Radar,735,211,70,4,1020,0,5,22,1,28,735,216,92,5,1048,0,0,0,1048
02/16/2006,MCO,FL,ASO,ES,Combined TRACON& Tower with Radar,757,219,74,1,1051,0,3,14,0,17,757,222,88,1,1068,0,0,0,1068
02/17/2006,MCO,FL,ASO,ES,Combined TRACON& Tower with Radar,780,226,59,5,1070,0,3,25,0,28,780,229,84,5,1098,0,0,0,1098
02/18/2006,MCO,FL,ASO,ES,Combined TRACON& Tower with Radar,813,199,42,3,1057,0,1,13,1,15,813,200,55,4,1072,0,0,0,1072
02/19/2006,MCO,FL,ASO,ES,Combined TRACON& Tower with Radar,747,206,53,3,1009,0,0,7,0,7,747,206,60,3,1016,0,0,0,1016
02/20/2006,MCO,FL,ASO,ES,Combined TRACON& Tower with Radar,764,219,93,5,1081,0,1,9,0,10,764,220,102,5,1091,0,0,0,1091
02/21/2006,MCO,FL,ASO,ES,Combined TRACON& Tower with Radar,768,199,49,0,1016,0,4,5,0,9,768,203,54,0,1025,0,0,0,1025
02/22/2006,MCO,FL,ASO,ES,Combined TRACON& Tower with Radar,755,219,81,1,1056,0,0,21,0,21,755,219,102,1,1077,0,0,0,1077
02/23/2006,MCO,FL,ASO,ES,Combined TRACON& Tower with Radar,788,225,76,2,1091,0,0,19,0,19,788,225,95,2,1110,0,0,0,1110
02/24/2006,MCO,FL,ASO,ES,Combined TRACON& Tower with Radar,773,205,84,4,1066,0,0,21,0,21,773,205,105,4,1087,0,0,0,1087
02/25/2006,MCO,FL,ASO,ES,Combined TRACON& Tower with Radar,810,195,40,0,1045,0,0,6,0,6,810,195,46,0,1051,0,0,0,1051
02/26/2006,MCO,FL,ASO,ES,Combined TRACON& Tower with Radar,755,220,63,2,1040,0,1,13,0,14,755,221,76,2,1054,0,0,0,1054
02/27/2006,MCO,FL,ASO,ES,Combined TRACON& Tower with Radar,761,216,78,1,1056,0,0,30,0,30,761,216,108,1,1086,0,0,0,1086
02/28/2006,MCO,FL,ASO,ES,Combined TRACON& Tower with Radar,754,193,59,2,1008,0,2,25,0,27,754,195,84,2,1035,0,0,0,1035
03/01/2006,MCO,FL,ASO,ES,Combined TRACON& Tower with Radar,758,222,69,1,1050,0,12,19,0,31,758,234,88,1,1081,0,0,0,1081
03/02/2006,MCO,FL,ASO,ES,Combined TRACON& Tower with Radar,757,222,62,0,1041,0,2,25,0,27,757,224,87,0,1068,0,0,0,1068
03/03/2006,MCO,FL,ASO,ES,Combined TRACON& Tower with Radar,784,221,58,2,1065,0,3,23,2,28,784,224,81,4,1093,0,0,0,1093
03/04/2006,MCO,FL,ASO,ES,Combined TRACON& Tower with Radar,824,211,47,1,1083,0,2,16,0,18,824,213,63,1,1101,0,0,0,1101
03/05/2006,MCO,FL,ASO,ES,Combined TRACON& Tower with Radar,744,207,59,1,1011,0,0,18,0,18,744,207,77,1,1029,0,0,0,1029
03/06/2006,MCO,FL,ASO,ES,Combined TRACON& Tower with Radar,775,213,69,3,1060,0,3,23,0,26,775,216,92,3,1086,0,0,0,1086
03/07/2006,MCO,FL,ASO,ES,Combined TRACON& Tower with Radar,757,211,83,0,1051,0,2,8,0,10,757,213,91,0,1061,0,0,0,1061
03/08/2006,MCO,FL,ASO,ES,Combined TRACON& Tower with Radar,777,212,74,0,1063,1,3,13,0,17,778,215,87,0,1080,0,0,0,1080
03/09/2006,MCO,FL,ASO,ES,Combined TRACON& Tower with Radar,780,221,67,8,1076,0,4,13,0,17,780,225,80,8,1093,0,0,0,1093
03/10/2006,MCO,FL,ASO,ES,Combined TRACON& Tower with Radar,777,217,51,0,1045,0,3,5,0,8,777,220,56,0,1053,0,0,0,1053
03/11/2006,MCO,FL,ASO,ES,Combined TRACON& Tower with Radar,831,191,38,0,1060,0,1,9,0,10,831,192,47,0,1070,0,0,0,1070
03/12/2006,MCO,FL,ASO,ES,Combined TRACON& Tower with Radar,746,216,60,0,1022,0,0,14,0,14,746,216,74,0,1036,0,0,0,1036
03/13/2006,MCO,FL,ASO,ES,Combined TRACON& Tower with Radar,756,204,65,2,1027,0,3,6,0,9,756,207,71,2,1036,0,0,0,1036
03/14/2006,MCO,FL,ASO,ES,Combined TRACON& Tower with Radar,762,206,75,0,1043,0,3,13,0,16,762,209,88,0,1059,0,0,0,1059
03/15/2006,MCO,FL,ASO,ES,Combined TRACON& Tower with Radar,780,216,83,0,1079,0,3,16,0,19,780,219,99,0,1098,0,0,0,1098
03/16/2006,MCO,FL,ASO,ES,Combined TRACON& Tower with Radar,786,230,75,0,1091,1,2,7,0,10,787,232,82,0,1101,0,0,0,1101
03/17/2006,MCO,FL,ASO,ES,Combined TRACON& Tower with Radar,782,220,69,2,1073,0,2,18,2,22,782,222,87,4,1095,0,0,0,1095
03/18/2006,MCO,FL,ASO,ES,Combined TRACON& Tower with Radar,823,211,48,0,1082,1,2,22,0,25,824,213,70,0,1107,0,0,0,1107
03/19/2006,MCO,FL,ASO,ES,Combined TRACON& Tower with Radar,755,234,58,0,1047,0,1,15,0,16,755,235,73,0,1063,0,0,0,1063
03/20/2006,MCO,FL,ASO,ES,Combined TRACON& Tower with Radar,759,226,37,2,1024,0,3,10,0,13,759,229,47,2,1037,0,0,0,1037
03/21/2006,MCO,FL,ASO,ES,Combined TRACON& Tower with Radar,788,219,50,1,1058,0,2,15,0,17,788,221,65,1,1075,0,0,0,1075
03/22/2006,MCO,FL,ASO,ES,Combined TRACON& Tower with Radar,782,223,74,0,1079,0,3,18,0,21,782,226,92,0,1100,0,0,0,1100
03/23/2006,MCO,FL,ASO,ES,Combined TRACON& Tower with Radar,793,207,63,3,1066,0,1,11,0,12,793,208,74,3,1078,0,0,0,1078
03/24/2006,MCO,FL,ASO,ES,Combined TRACON& Tower with Radar,792,230,71,2,1095,0,2,18,0,20,792,232,89,2,1115,0,0,0,1115
03/25/2006,MCO,FL,ASO,ES,Combined TRACON& Tower with Radar,832,214,44,1,1091,0,3,10,0,13,832,217,54,1,1104,0,0,0,1104
03/26/2006,MCO,FL,ASO,ES,Combined TRACON& Tower with Radar,763,206,78,3,1050,0,0,15,1,16,763,206,93,4,1066,0,0,0,1066
03/27/2006,MCO,FL,ASO,ES,Combined TRACON& Tower with Radar,765,212,89,2,1068,0,1,23,0,24,765,213,112,2,1092,0,0,0,1092
03/28/2006,MCO,FL,ASO,ES,Combined TRACON& Tower with Radar,762,209,50,2,1023,0,2,20,1,23,762,211,70,3,1046,0,0,0,1046
03/29/2006,MCO,FL,ASO,ES,Combined TRACON& Tower with Radar,782,209,74,0,1065,0,1,10,0,11,782,210,84,0,1076,0,0,0,1076
03/30/2006,MCO,FL,ASO,ES,Combined TRACON& Tower with Radar,792,228,61,4,1085,0,7,17,0,24,792,235,78,4,1109,0,0,0,1109
03/31/2006,MCO,FL,ASO,ES,Combined TRACON& Tower with Radar,779,215,60,2,1056,0,11,18,0,29,779,226,78,2,1085,0,0,0,1085
04/01/2006,MCO,FL,ASO,ES,Combined TRACON& Tower with Radar,821,200,53,1,1075,0,1,7,0,8,821,201,60,1,1083,0,0,0,1083
04/02/2006,MCO,FL,ASO,ES,Combined TRACON& Tower with Radar,749,212,51,1,1013,0,0,13,1,14,749,212,64,2,1027,0,0,0,1027
04/03/2006,MCO,FL,ASO,ES,Combined TRACON& Tower with Radar,766,213,43,1,1023,0,1,13,0,14,766,214,56,1,1037,0,0,0,1037
04/04/2006,MCO,FL,ASO,ES,Combined TRACON& Tower with Radar,778,195,57,3,1033,0,0,14,0,14,778,195,71,3,1047,0,0,0,1047
04/05/2006,MCO,FL,ASO,ES,Combined TRACON& Tower with Radar,789,213,69,1,1072,0,1,18,0,19,789,214,87,1,1091,0,0,0,1091
04/06/2006,MCO,FL,ASO,ES,Combined TRACON& Tower with Radar,797,221,61,2,1081,0,2,21,0,23,797,223,82,2,1104,0,0,0,1104
04/07/2006,MCO,FL,ASO,ES,Combined TRACON& Tower with Radar,770,220,81,0,1071,0,0,28,2,30,770,220,109,2,1101,0,0,0,1101
04/08/2006,MCO,FL,ASO,ES,Combined TRACON& Tower with Radar,829,214,43,0,1086,0,1,18,0,19,829,215,61,0,1105,0,0,0,1105
04/09/2006,MCO,FL,ASO,ES,Combined TRACON& Tower with Radar,776,220,56,0,1052,0,2,4,0,6,776,222,60,0,1058,0,0,0,1058
04/10/2006,MCO,FL,ASO,ES,Combined TRACON& Tower with Radar,773,220,60,2,1055,0,0,8,1,9,773,220,68,3,1064,0,0,0,1064
04/11/2006,MCO,FL,ASO,ES,Combined TRACON& Tower with Radar,768,212,41,5,1026,0,2,14,0,16,768,214,55,5,1042,0,0,0,1042
04/12/2006,MCO,FL,ASO,ES,Combined TRACON& Tower with Radar,775,227,67,2,1071,0,0,12,0,12,775,227,79,2,1083,0,0,0,1083
04/13/2006,MCO,FL,ASO,ES,Combined TRACON& Tower with Radar,780,214,50,2,1046,0,2,10,0,12,780,216,60,2,1058,0,0,0,1058
04/14/2006,MCO,FL,ASO,ES,Combined TRACON& Tower with Radar,804,224,43,0,1071,0,3,30,1,34,804,227,73,1,1105,0,0,0,1105
04/15/2006,MCO,FL,ASO,ES,Combined TRACON& Tower with Radar,819,213,35,0,1067,0,2,9,0,11,819,215,44,0,1078,0,0,0,1078
04/16/2006,MCO,FL,ASO,ES,Combined TRACON& Tower with Radar,753,210,36,0,999,0,6,6,0,12,753,216,42,0,1011,0,0,0,1011
04/17/2006,MCO,FL,ASO,ES,Combined TRACON& Tower with Radar,781,213,73,4,1071,0,1,16,0,17,781,214,89,4,1088,0,0,0,1088
04/18/2006,MCO,FL,ASO,ES,Combined TRACON& Tower with Radar,763,211,76,4,1054,0,4,15,0,19,763,215,91,4,1073,0,0,0,1073
04/19/2006,MCO,FL,ASO,ES,Combined TRACON& Tower with Radar,769,208,70,4,1051,0,1,15,0,16,769,209,85,4,1067,0,0,0,1067
04/20/2006,MCO,FL,ASO,ES,Combined TRACON& Tower with Radar,782,217,66,0,1065,0,6,15,0,21,782,223,81,0,1086,0,0,0,1086
04/21/2006,MCO,FL,ASO,ES,Combined TRACON& Tower with Radar,782,209,57,0,1048,0,0,8,0,8,782,209,65,0,1056,0,0,0,1056
04/22/2006,MCO,FL,ASO,ES,Combined TRACON& Tower with Radar,807,215,28,0,1050,0,1,9,0,10,807,216,37,0,1060,0,0,0,1060
04/23/2006,MCO,FL,ASO,ES,Combined TRACON& Tower with Radar,773,214,36,0,1023,0,2,9,0,11,773,216,45,0,1034,0,0,0,1034
04/24/2006,MCO,FL,ASO,ES,Combined TRACON& Tower with Radar,748,229,45,0,1022,0,1,20,0,21,748,230,65,0,1043,0,0,0,1043
04/25/2006,MCO,FL,ASO,ES,Combined TRACON& Tower with Radar,748,201,44,0,993,0,2,16,0,18,748,203,60,0,1011,0,0,0,1011
04/26/2006,MCO,FL,ASO,ES,Combined TRACON& Tower with Radar,784,224,55,0,1063,0,3,21,0,24,784,227,76,0,1087,0,0,0,1087
04/27/2006,MCO,FL,ASO,ES,Combined TRACON& Tower with Radar,771,226,51,0,1048,0,3,11,0,14,771,229,62,0,1062,0,0,0,1062
04/28/2006,MCO,FL,ASO,ES,Combined TRACON& Tower with Radar,763,208,29,1,1001,0,0,16,0,16,763,208,45,1,1017,0,0,0,1017
04/29/2006,MCO,FL,ASO,ES,Combined TRACON& Tower with Radar,791,188,41,1,1021,0,2,8,1,11,791,190,49,2,1032,0,0,0,1032
04/30/2006,MCO,FL,ASO,ES,Combined TRACON& Tower with Radar,726,201,43,1,971,0,0,5,0,5,726,201,48,1,976,0,0,0,976
05/01/2006,MCO,FL,ASO,ES,Combined TRACON& Tower with Radar,739,204,43,0,986,0,1,7,0,8,739,205,50,0,994,0,0,0,994
05/02/2006,MCO,FL,ASO,ES,Combined TRACON& Tower with Radar,717,188,52,1,958,0,1,8,0,9,717,189,60,1,967,0,0,0,967
05/03/2006,MCO,FL,ASO,ES,Combined TRACON& Tower with Radar,732,197,57,2,988,0,3,12,0,15,732,200,69,2,1003,0,0,0,1003
05/04/2006,MCO,FL,ASO,ES,Combined TRACON& Tower with Radar,736,211,51,5,1003,0,3,23,0,26,736,214,74,5,1029,0,0,0,1029
05/05/2006,MCO,FL,ASO,ES,Combined TRACON& Tower with Radar,740,207,60,0,1007,0,18,13,0,31,740,225,73,0,1038,0,0,0,1038
05/06/2006,MCO,FL,ASO,ES,Combined TRACON& Tower with Radar,763,196,33,2,994,0,1,7,2,10,763,197,40,4,1004,0,0,0,1004
05/07/2006,MCO,FL,ASO,ES,Combined TRACON& Tower with Radar,703,203,36,2,944,0,0,15,0,15,703,203,51,2,959,0,0,0,959
05/08/2006,MCO,FL,ASO,ES,Combined TRACON& Tower with Radar,714,192,41,3,950,0,0,18,0,18,714,192,59,3,968,0,0,0,968
05/09/2006,MCO,FL,ASO,ES,Combined TRACON& Tower with Radar,710,174,25,0,909,0,3,8,0,11,710,177,33,0,920,0,0,0,920
05/10/2006,MCO,FL,ASO,ES,Combined TRACON& Tower with Radar,728,191,31,5,955,0,1,12,0,13,728,192,43,5,968,0,0,0,968
05/11/2006,MCO,FL,ASO,ES,Combined TRACON& Tower with Radar,746,209,57,2,1014,0,3,12,0,15,746,212,69,2,1029,0,0,0,1029
05/12/2006,MCO,FL,ASO,ES,Combined TRACON& Tower with Radar,744,226,35,3,1008,0,3,14,0,17,744,229,49,3,1025,0,0,0,1025
05/13/2006,MCO,FL,ASO,ES,Combined TRACON& Tower with Radar,741,181,27,3,952,0,2,13,0,15,741,183,40,3,967,0,0,0,967
05/14/2006,MCO,FL,ASO,ES,Combined TRACON& Tower with Radar,688,190,23,3,904,0,1,8,0,9,688,191,31,3,913,0,0,0,913
05/15/2006,MCO,FL,ASO,ES,Combined TRACON& Tower with Radar,727,193,47,1,968,0,1,21,0,22,727,194,68,1,990,0,0,0,990
05/16/2006,MCO,FL,ASO,ES,Combined TRACON& Tower with Radar,725,182,38,1,946,1,0,1,0,2,726,182,39,1,948,0,0,0,948
05/17/2006,MCO,FL,ASO,ES,Combined TRACON& Tower with Radar,713,192,68,1,974,0,5,17,0,22,713,197,85,1,996,0,0,0,996
05/18/2006,MCO,FL,ASO,ES,Combined TRACON& Tower with Radar,728,211,60,2,1001,0,5,17,0,22,728,216,77,2,1023,0,0,0,1023
05/19/2006,MCO,FL,ASO,ES,Combined TRACON& Tower with Radar,718,199,64,5,986,0,3,15,0,18,718,202,79,5,1004,0,0,0,1004
05/20/2006,MCO,FL,ASO,ES,Combined TRACON& Tower with Radar,752,178,29,3,962,0,2,21,0,23,752,180,50,3,985,0,0,0,985
05/21/2006,MCO,FL,ASO,ES,Combined TRACON& Tower with Radar,690,190,44,2,926,1,0,17,0,18,691,190,61,2,944,0,0,0,944
05/22/2006,MCO,FL,ASO,ES,Combined TRACON& Tower with Radar,713,188,37,0,938,0,0,17,0,17,713,188,54,0,955,0,0,0,955
05/23/2006,MCO,FL,ASO,ES,Combined TRACON& Tower with Radar,707,189,71,4,971,0,5,13,0,18,707,194,84,4,989,0,0,0,989
05/24/2006,MCO,FL,ASO,ES,Combined TRACON& Tower with Radar,707,200,59,0,966,0,2,7,0,9,707,202,66,0,975,0,0,0,975
05/25/2006,MCO,FL,ASO,ES,Combined TRACON& Tower with Radar,735,226,43,0,1004,1,5,11,0,17,736,231,54,0,1021,0,0,0,1021
05/26/2006,MCO,FL,ASO,ES,Combined TRACON& Tower with Radar,727,208,37,0,972,0,4,16,0,20,727,212,53,0,992,0,0,0,992
05/27/2006,MCO,FL,ASO,ES,Combined TRACON& Tower with Radar,741,197,25,0,963,0,1,8,0,9,741,198,33,0,972,0,0,0,972
05/28/2006,MCO,FL,ASO,ES,Combined TRACON& Tower with Radar,677,191,9,1,878,0,2,5,0,7,677,193,14,1,885,0,0,0,885
05/29/2006,MCO,FL,ASO,ES,Combined TRACON& Tower with Radar,678,200,30,0,908,0,0,3,0,3,678,200,33,0,911,0,0,0,911
05/30/2006,MCO,FL,ASO,ES,Combined TRACON& Tower with Radar,692,186,54,0,932,0,0,11,0,11,692,186,65,0,943,0,0,0,943
05/31/2006,MCO,FL,ASO,ES,Combined TRACON& Tower with Radar,725,216,62,2,1005,0,4,11,0,15,725,220,73,2,1020,0,0,0,1020
06/01/2006,MCO,FL,ASO,ES,Combined TRACON& Tower with Radar,710,218,50,0,978,0,1,3,0,4,710,219,53,0,982,0,0,0,982
06/02/2006,MCO,FL,ASO,ES,Combined TRACON& Tower with Radar,717,202,40,3,962,0,2,12,0,14,717,204,52,3,976,0,0,0,976
06/03/2006,MCO,FL,ASO,ES,Combined TRACON& Tower with Radar,762,195,30,1,988,2,0,12,0,14,764,195,42,1,1002,0,0,0,1002
06/04/2006,MCO,FL,ASO,ES,Combined TRACON& Tower with Radar,698,205,30,0,933,0,2,19,0,21,698,207,49,0,954,0,0,0,954
06/05/2006,MCO,FL,ASO,ES,Combined TRACON& Tower with Radar,711,197,53,0,961,0,2,6,0,8,711,199,59,0,969,0,0,0,969
06/06/2006,MCO,FL,ASO,ES,Combined TRACON& Tower with Radar,706,199,32,2,939,0,2,16,1,19,706,201,48,3,958,0,0,0,958
06/07/2006,MCO,FL,ASO,ES,Combined TRACON& Tower with Radar,711,200,40,0,951,0,5,22,1,28,711,205,62,1,979,0,0,0,979
06/08/2006,MCO,FL,ASO,ES,Combined TRACON& Tower with Radar,730,195,42,0,967,0,1,19,0,20,730,196,61,0,987,0,0,0,987
06/09/2006,MCO,FL,ASO,ES,Combined TRACON& Tower with Radar,716,197,37,0,950,0,1,11,0,12,716,198,48,0,962,0,0,0,962
06/10/2006,MCO,FL,ASO,ES,Combined TRACON& Tower with Radar,737,184,34,0,955,0,0,16,1,17,737,184,50,1,972,0,0,0,972
06/11/2006,MCO,FL,ASO,ES,Combined TRACON& Tower with Radar,688,183,25,0,896,0,0,6,0,6,688,183,31,0,902,0,0,0,902
06/12/2006,MCO,FL,ASO,ES,Combined TRACON& Tower with Radar,708,173,32,0,913,0,0,0,0,0,708,173,32,0,913,0,0,0,913
06/13/2006,MCO,FL,ASO,ES,Combined TRACON& Tower with Radar,709,182,25,0,916,1,5,5,0,11,710,187,30,0,927,0,0,0,927
06/14/2006,MCO,FL,ASO,ES,Combined TRACON& Tower with Radar,720,204,48,0,972,0,5,8,0,13,720,209,56,0,985,0,0,0,985
06/15/2006,MCO,FL,ASO,ES,Combined TRACON& Tower with Radar,736,198,37,0,971,0,5,12,0,17,736,203,49,0,988,0,0,0,988
06/16/2006,MCO,FL,ASO,ES,Combined TRACON& Tower with Radar,744,197,36,0,977,0,2,16,0,18,744,199,52,0,995,0,0,0,995
06/17/2006,MCO,FL,ASO,ES,Combined TRACON& Tower with Radar,724,180,18,0,922,0,0,9,0,9,724,180,27,0,931,0,0,0,931
06/18/2006,MCO,FL,ASO,ES,Combined TRACON& Tower with Radar,693,182,23,0,898,0,0,1,0,1,693,182,24,0,899,0,0,0,899
06/19/2006,MCO,FL,ASO,ES,Combined TRACON& Tower with Radar,706,189,39,2,936,0,0,11,0,11,706,189,50,2,947,0,0,0,947
06/20/2006,MCO,FL,ASO,ES,Combined TRACON& Tower with Radar,732,186,41,3,962,0,1,8,0,9,732,187,49,3,971,0,0,0,971
06/21/2006,MCO,FL,ASO,ES,Combined TRACON& Tower with Radar,722,204,63,1,990,0,3,14,0,17,722,207,77,1,1007,0,0,0,1007
06/22/2006,MCO,FL,ASO,ES,Combined TRACON& Tower with Radar,739,206,35,4,984,0,15,16,0,31,739,221,51,4,1015,0,0,0,1015
06/23/2006,MCO,FL,ASO,ES,Combined TRACON& Tower with Radar,729,188,36,3,956,0,2,16,0,18,729,190,52,3,974,0,0,0,974
06/24/2006,MCO,FL,ASO,ES,Combined TRACON& Tower with Radar,763,188,25,0,976,0,1,5,0,6,763,189,30,0,982,0,0,0,982
06/25/2006,MCO,FL,ASO,ES,Combined TRACON& Tower with Radar,702,182,36,0,920,0,1,6,0,7,702,183,42,0,927,0,0,0,927
06/26/2006,MCO,FL,ASO,ES,Combined TRACON& Tower with Radar,714,182,48,3,947,0,4,5,0,9,714,186,53,3,956,0,0,0,956
06/27/2006,MCO,FL,ASO,ES,Combined TRACON& Tower with Radar,719,186,73,1,979,0,0,5,0,5,719,186,78,1,984,0,0,0,984
06/28/2006,MCO,FL,ASO,ES,Combined TRACON& Tower with Radar,737,208,60,4,1009,0,1,22,0,23,737,209,82,4,1032,0,0,0,1032
06/29/2006,MCO,FL,ASO,ES,Combined TRACON& Tower with Radar,746,198,62,3,1009,0,1,13,0,14,746,199,75,3,1023,0,0,0,1023
06/30/2006,MCO,FL,ASO,ES,Combined TRACON& Tower with Radar,747,193,50,0,990,0,1,12,1,14,747,194,62,1,1004,0,0,0,1004
07/01/2006,MCO,FL,ASO,ES,Combined TRACON& Tower with Radar,755,186,46,7,994,0,0,13,0,13,755,186,59,7,1007,0,0,0,1007
07/02/2006,MCO,FL,ASO,ES,Combined TRACON& Tower with Radar,708,178,26,0,912,0,0,5,1,6,708,178,31,1,918,0,0,0,918
07/03/2006,MCO,FL,ASO,ES,Combined TRACON& Tower with Radar,732,168,24,0,924,0,0,5,0,5,732,168,29,0,929,0,0,0,929
07/04/2006,MCO,FL,ASO,ES,Combined TRACON& Tower with Radar,668,149,18,0,835,0,1,7,0,8,668,150,25,0,843,0,0,0,843
07/05/2006,MCO,FL,ASO,ES,Combined TRACON& Tower with Radar,724,179,34,5,942,0,1,7,1,9,724,180,41,6,951,0,0,0,951
07/06/2006,MCO,FL,ASO,ES,Combined TRACON& Tower with Radar,769,191,33,2,995,0,0,12,0,12,769,191,45,2,1007,0,0,0,1007
07/07/2006,MCO,FL,ASO,ES,Combined TRACON& Tower with Radar,744,196,29,2,971,0,4,2,0,6,744,200,31,2,977,0,0,0,977
07/08/2006,MCO,FL,ASO,ES,Combined TRACON& Tower with Radar,774,190,28,7,999,0,0,1,0,1,774,190,29,7,1000,0,0,0,1000
07/09/2006,MCO,FL,ASO,ES,Combined TRACON& Tower with Radar,713,180,18,2,913,0,0,9,0,9,713,180,27,2,922,0,0,0,922
07/10/2006,MCO,FL,ASO,ES,Combined TRACON& Tower with Radar,730,182,40,0,952,0,0,15,0,15,730,182,55,0,967,0,0,0,967
07/11/2006,MCO,FL,ASO,ES,Combined TRACON& Tower with Radar,719,180,47,0,946,0,1,3,0,4,719,181,50,0,950,0,0,0,950
07/12/2006,MCO,FL,ASO,ES,Combined TRACON& Tower with Radar,729,197,40,0,966,0,3,4,0,7,729,200,44,0,973,0,0,0,973
07/13/2006,MCO,FL,ASO,ES,Combined TRACON& Tower with Radar,759,188,32,0,979,0,2,7,0,9,759,190,39,0,988,0,0,0,988
07/14/2006,MCO,FL,ASO,ES,Combined TRACON& Tower with Radar,754,192,21,0,967,0,4,11,0,15,754,196,32,0,982,0,0,0,982
07/15/2006,MCO,FL,ASO,ES,Combined TRACON& Tower with Radar,760,175,22,0,957,0,0,16,0,16,760,175,38,0,973,0,0,0,973
07/16/2006,MCO,FL,ASO,ES,Combined TRACON& Tower with Radar,714,173,33,4,924,0,0,14,0,14,714,173,47,4,938,0,0,0,938
07/17/2006,MCO,FL,ASO,ES,Combined TRACON& Tower with Radar,728,174,35,4,941,0,0,8,0,8,728,174,43,4,949,0,0,0,949
07/18/2006,MCO,FL,ASO,ES,Combined TRACON& Tower with Radar,721,184,26,4,935,0,1,7,0,8,721,185,33,4,943,0,0,0,943
07/19/2006,MCO,FL,ASO,ES,Combined TRACON& Tower with Radar,740,182,50,0,972,0,4,27,0,31,740,186,77,0,1003,0,0,0,1003
07/20/2006,MCO,FL,ASO,ES,Combined TRACON& Tower with Radar,750,191,26,0,967,0,0,16,0,16,750,191,42,0,983,0,0,0,983
07/21/2006,MCO,FL,ASO,ES,Combined TRACON& Tower with Radar,749,198,32,5,984,0,0,16,1,17,749,198,48,6,1001,0,0,0,1001
07/22/2006,MCO,FL,ASO,ES,Combined TRACON& Tower with Radar,771,189,36,0,996,0,0,8,1,9,771,189,44,1,1005,0,0,0,1005
07/23/2006,MCO,FL,ASO,ES,Combined TRACON& Tower with Radar,732,179,42,0,953,0,0,8,0,8,732,179,50,0,961,0,0,0,961
07/24/2006,MCO,FL,ASO,ES,Combined TRACON& Tower with Radar,738,188,35,0,961,0,3,14,0,17,738,191,49,0,978,0,0,0,978
07/25/2006,MCO,FL,ASO,ES,Combined TRACON& Tower with Radar,731,188,43,0,962,0,4,12,0,16,731,192,55,0,978,0,0,0,978
07/26/2006,MCO,FL,ASO,ES,Combined TRACON& Tower with Radar,742,197,53,0,992,0,1,17,0,18,742,198,70,0,1010,0,0,0,1010
07/27/2006,MCO,FL,ASO,ES,Combined TRACON& Tower with Radar,730,190,39,0,959,0,1,13,0,14,730,191,52,0,973,0,0,0,973
07/28/2006,MCO,FL,ASO,ES,Combined TRACON& Tower with Radar,761,181,39,4,985,0,6,9,0,15,761,187,48,4,1000,0,0,0,1000
07/29/2006,MCO,FL,ASO,ES,Combined TRACON& Tower with Radar,792,176,14,3,985,0,3,7,0,10,792,179,21,3,995,0,0,0,995
07/30/2006,MCO,FL,ASO,ES,Combined TRACON& Tower with Radar,722,168,29,1,920,1,0,8,0,9,723,168,37,1,929,0,0,0,929
07/31/2006,MCO,FL,ASO,ES,Combined TRACON& Tower with Radar,730,191,50,1,972,0,4,17,0,21,730,195,67,1,993,0,0,0,993
08/01/2006,MCO,FL,ASO,ES,Combined TRACON& Tower with Radar,726,201,22,0,949,0,5,13,0,18,726,206,35,0,967,0,0,0,967
08/02/2006,MCO,FL,ASO,ES,Combined TRACON& Tower with Radar,738,176,44,1,959,0,2,21,0,23,738,178,65,1,982,0,0,0,982
08/03/2006,MCO,FL,ASO,ES,Combined TRACON& Tower with Radar,742,190,48,1,981,0,2,8,0,10,742,192,56,1,991,0,0,0,991
08/04/2006,MCO,FL,ASO,ES,Combined TRACON& Tower with Radar,763,186,27,0,976,0,4,17,1,22,763,190,44,1,998,0,0,0,998
08/05/2006,MCO,FL,ASO,ES,Combined TRACON& Tower with Radar,767,178,22,0,967,0,1,16,0,17,767,179,38,0,984,0,0,0,984
08/06/2006,MCO,FL,ASO,ES,Combined TRACON& Tower with Radar,719,171,21,0,911,0,0,6,0,6,719,171,27,0,917,0,0,0,917
08/07/2006,MCO,FL,ASO,ES,Combined TRACON& Tower with Radar,726,170,24,0,920,0,0,7,0,7,726,170,31,0,927,0,0,0,927
08/08/2006,MCO,FL,ASO,ES,Combined TRACON& Tower with Radar,733,170,31,1,935,0,0,12,0,12,733,170,43,1,947,0,0,0,947
08/09/2006,MCO,FL,ASO,ES,Combined TRACON& Tower with Radar,719,189,42,0,950,0,1,15,0,16,719,190,57,0,966,0,0,0,966
08/10/2006,MCO,FL,ASO,ES,Combined TRACON& Tower with Radar,702,186,53,1,942,0,3,20,0,23,702,189,73,1,965,0,0,0,965
08/11/2006,MCO,FL,ASO,ES,Combined TRACON& Tower with Radar,761,181,41,0,983,0,2,21,0,23,761,183,62,0,1006,0,0,0,1006
08/12/2006,MCO,FL,ASO,ES,Combined TRACON& Tower with Radar,747,183,15,2,947,0,1,14,0,15,747,184,29,2,962,0,0,0,962
08/13/2006,MCO,FL,ASO,ES,Combined TRACON& Tower with Radar,721,168,35,0,924,0,0,6,0,6,721,168,41,0,930,0,0,0,930
08/14/2006,MCO,FL,ASO,ES,Combined TRACON& Tower with Radar,725,177,35,0,937,0,1,10,0,11,725,178,45,0,948,0,0,0,948
08/15/2006,MCO,FL,ASO,ES,Combined TRACON& Tower with Radar,704,190,44,1,939,0,2,10,0,12,704,192,54,1,951,0,0,0,951
08/16/2006,MCO,FL,ASO,ES,Combined TRACON& Tower with Radar,719,188,51,3,961,0,1,6,0,7,719,189,57,3,968,0,0,0,968
08/17/2006,MCO,FL,ASO,ES,Combined TRACON& Tower with Radar,725,198,32,0,955,0,0,6,0,6,725,198,38,0,961,0,0,0,961
08/18/2006,MCO,FL,ASO,ES,Combined TRACON& Tower with Radar,721,191,22,0,934,0,0,9,0,9,721,191,31,0,943,0,0,0,943
08/19/2006,MCO,FL,ASO,ES,Combined TRACON& Tower with Radar,737,172,17,0,926,0,0,3,1,4,737,172,20,1,930,0,0,0,930
08/20/2006,MCO,FL,ASO,ES,Combined TRACON& Tower with Radar,682,173,23,0,878,0,0,6,0,6,682,173,29,0,884,0,0,0,884
08/21/2006,MCO,FL,ASO,ES,Combined TRACON& Tower with Radar,712,176,49,2,939,0,1,11,0,12,712,177,60,2,951,0,0,0,951
08/22/2006,MCO,FL,ASO,ES,Combined TRACON& Tower with Radar,693,198,37,4,932,0,0,6,0,6,693,198,43,4,938,0,0,0,938
08/23/2006,MCO,FL,ASO,ES,Combined TRACON& Tower with Radar,692,191,42,0,925,0,0,9,1,10,692,191,51,1,935,0,0,0,935
08/24/2006,MCO,FL,ASO,ES,Combined TRACON& Tower with Radar,711,185,43,0,939,0,0,10,0,10,711,185,53,0,949,0,0,0,949
08/25/2006,MCO,FL,ASO,ES,Combined TRACON& Tower with Radar,718,188,43,2,951,1,0,6,0,7,719,188,49,2,958,0,0,0,958
08/26/2006,MCO,FL,ASO,ES,Combined TRACON& Tower with Radar,723,175,26,0,924,0,0,5,0,5,723,175,31,0,929,0,0,0,929
08/27/2006,MCO,FL,ASO,ES,Combined TRACON& Tower with Radar,670,172,36,0,878,0,0,6,0,6,670,172,42,0,884,0,0,0,884
08/28/2006,MCO,FL,ASO,ES,Combined TRACON& Tower with Radar,686,188,37,0,911,0,0,8,0,8,686,188,45,0,919,0,0,0,919
08/29/2006,MCO,FL,ASO,ES,Combined TRACON& Tower with Radar,677,173,36,0,886,0,1,9,0,10,677,174,45,0,896,0,0,0,896
08/30/2006,MCO,FL,ASO,ES,Combined TRACON& Tower with Radar,508,152,11,0,671,0,0,1,0,1,508,152,12,0,672,0,0,0,672
08/31/2006,MCO,FL,ASO,ES,Combined TRACON& Tower with Radar,720,186,44,0,950,0,0,12,0,12,720,186,56,0,962,0,0,0,962
09/01/2006,MCO,FL,ASO,ES,Combined TRACON& Tower with Radar,727,183,34,0,944,0,1,11,0,12,727,184,45,0,956,0,0,0,956
09/02/2006,MCO,FL,ASO,ES,Combined TRACON& Tower with Radar,703,167,24,0,894,0,0,7,0,7,703,167,31,0,901,0,0,0,901
09/03/2006,MCO,FL,ASO,ES,Combined TRACON& Tower with Radar,635,131,11,0,777,0,0,2,0,2,635,131,13,0,779,0,0,0,779
09/04/2006,MCO,FL,ASO,ES,Combined TRACON& Tower with Radar,672,160,9,0,841,0,0,7,0,7,672,160,16,0,848,0,0,0,848
09/05/2006,MCO,FL,ASO,ES,Combined TRACON& Tower with Radar,649,175,42,0,866,0,0,5,0,5,649,175,47,0,871,0,0,0,871
09/06/2006,MCO,FL,ASO,ES,Combined TRACON& Tower with Radar,662,160,26,0,848,0,0,2,0,2,662,160,28,0,850,0,0,0,850
09/07/2006,MCO,FL,ASO,ES,Combined TRACON& Tower with Radar,694,172,34,0,900,0,0,13,0,13,694,172,47,0,913,0,0,0,913
09/08/2006,MCO,FL,ASO,ES,Combined TRACON& Tower with Radar,669,174,40,0,883,0,0,4,0,4,669,174,44,0,887,0,0,0,887
09/09/2006,MCO,FL,ASO,ES,Combined TRACON& Tower with Radar,663,136,25,0,824,0,0,1,0,1,663,136,26,0,825,0,0,0,825
09/10/2006,MCO,FL,ASO,ES,Combined TRACON& Tower with Radar,632,146,32,0,810,0,0,7,0,7,632,146,39,0,817,0,0,0,817
09/11/2006,MCO,FL,ASO,ES,Combined TRACON& Tower with Radar,637,158,34,0,829,0,0,13,0,13,637,158,47,0,842,0,0,0,842
09/12/2006,MCO,FL,ASO,ES,Combined TRACON& Tower with Radar,623,148,37,0,808,0,2,6,0,8,623,150,43,0,816,0,0,0,816
09/13/2006,MCO,FL,ASO,ES,Combined TRACON& Tower with Radar,620,161,69,0,850,0,0,15,0,15,620,161,84,0,865,0,0,0,865
09/14/2006,MCO,FL,ASO,ES,Combined TRACON& Tower with Radar,665,168,44,3,880,0,0,17,0,17,665,168,61,3,897,0,0,0,897
09/15/2006,MCO,FL,ASO,ES,Combined TRACON& Tower with Radar,653,172,38,1,864,0,0,6,0,6,653,172,44,1,870,0,0,0,870
09/16/2006,MCO,FL,ASO,ES,Combined TRACON& Tower with Radar,672,136,24,0,832,0,0,9,0,9,672,136,33,0,841,0,0,0,841
09/17/2006,MCO,FL,ASO,ES,Combined TRACON& Tower with Radar,624,159,25,0,808,0,0,11,0,11,624,159,36,0,819,0,0,0,819
09/18/2006,MCO,FL,ASO,ES,Combined TRACON& Tower with Radar,654,164,43,2,863,0,1,14,1,16,654,165,57,3,879,0,0,0,879
09/19/2006,MCO,FL,ASO,ES,Combined TRACON& Tower with Radar,634,142,48,0,824,0,0,8,0,8,634,142,56,0,832,0,0,0,832
09/20/2006,MCO,FL,ASO,ES,Combined TRACON& Tower with Radar,634,159,59,2,854,0,0,9,0,9,634,159,68,2,863,0,0,0,863
09/21/2006,MCO,FL,ASO,ES,Combined TRACON& Tower with Radar,677,152,45,2,876,0,0,8,0,8,677,152,53,2,884,0,0,0,884
09/22/2006,MCO,FL,ASO,ES,Combined TRACON& Tower with Radar,663,154,22,2,841,0,0,11,0,11,663,154,33,2,852,0,0,0,852
09/23/2006,MCO,FL,ASO,ES,Combined TRACON& Tower with Radar,655,136,16,0,807,0,0,6,0,6,655,136,22,0,813,0,0,0,813
09/24/2006,MCO,FL,ASO,ES,Combined TRACON& Tower with Radar,636,136,32,0,804,0,1,8,0,9,636,137,40,0,813,0,0,0,813
09/25/2006,MCO,FL,ASO,ES,Combined TRACON& Tower with Radar,660,147,32,0,839,0,2,1,0,3,660,149,33,0,842,0,0,0,842
09/26/2006,MCO,FL,ASO,ES,Combined TRACON& Tower with Radar,626,150,49,1,826,0,0,6,0,6,626,150,55,1,832,0,0,0,832
09/27/2006,MCO,FL,ASO,ES,Combined TRACON& Tower with Radar,628,147,50,0,825,0,0,13,0,13,628,147,63,0,838,0,0,0,838
09/28/2006,MCO,FL,ASO,ES,Combined TRACON& Tower with Radar,658,158,54,0,870,0,1,20,0,21,658,159,74,0,891,0,0,0,891
09/29/2006,MCO,FL,ASO,ES,Combined TRACON& Tower with Radar,682,165,49,5,901,0,0,7,2,9,682,165,56,7,910,0,0,0,910
09/30/2006,MCO,FL,ASO,ES,Combined TRACON& Tower with Radar,668,142,29,0,839,0,0,9,0,9,668,142,38,0,848,0,0,0,848
10/01/2006,MCO,FL,ASO,ES,Combined TRACON& Tower with Radar,657,152,32,1,842,0,0,7,1,8,657,152,39,2,850,0,0,0,850
10/02/2006,MCO,FL,ASO,ES,Combined TRACON& Tower with Radar,661,161,38,0,860,0,0,7,0,7,661,161,45,0,867,0,0,0,867
10/03/2006,MCO,FL,ASO,ES,Combined TRACON& Tower with Radar,652,158,46,2,858,0,0,10,0,10,652,158,56,2,868,0,0,0,868
10/04/2006,MCO,FL,ASO,ES,Combined TRACON& Tower with Radar,668,167,70,0,905,0,0,6,0,6,668,167,76,0,911,0,0,0,911
10/05/2006,MCO,FL,ASO,ES,Combined TRACON& Tower with Radar,700,174,44,2,920,0,0,10,0,10,700,174,54,2,930,0,0,0,930
10/06/2006,MCO,FL,ASO,ES,Combined TRACON& Tower with Radar,711,167,47,1,926,0,0,14,0,14,711,167,61,1,940,0,0,0,940
10/07/2006,MCO,FL,ASO,ES,Combined TRACON& Tower with Radar,684,142,32,0,858,0,3,15,0,18,684,145,47,0,876,0,0,0,876
10/08/2006,MCO,FL,ASO,ES,Combined TRACON& Tower with Radar,695,156,33,1,885,0,0,8,1,9,695,156,41,2,894,0,0,0,894
10/09/2006,MCO,FL,ASO,ES,Combined TRACON& Tower with Radar,684,161,49,0,894,0,2,15,0,17,684,163,64,0,911,0,0,0,911
10/10/2006,MCO,FL,ASO,ES,Combined TRACON& Tower with Radar,683,145,38,0,866,0,0,11,0,11,683,145,49,0,877,0,0,0,877
10/11/2006,MCO,FL,ASO,ES,Combined TRACON& Tower with Radar,684,155,40,1,880,0,6,16,0,22,684,161,56,1,902,0,0,0,902
10/12/2006,MCO,FL,ASO,ES,Combined TRACON& Tower with Radar,718,167,45,0,930,0,4,17,0,21,718,171,62,0,951,0,0,0,951
10/13/2006,MCO,FL,ASO,ES,Combined TRACON& Tower with Radar,707,167,33,0,907,0,4,9,0,13,707,171,42,0,920,0,0,0,920
10/14/2006,MCO,FL,ASO,ES,Combined TRACON& Tower with Radar,694,157,47,0,898,0,4,11,0,15,694,161,58,0,913,0,0,0,913
10/15/2006,MCO,FL,ASO,ES,Combined TRACON& Tower with Radar,682,165,54,0,901,0,0,12,0,12,682,165,66,0,913,0,0,0,913
10/16/2006,MCO,FL,ASO,ES,Combined TRACON& Tower with Radar,692,165,111,4,972,0,0,25,1,26,692,165,136,5,998,0,0,0,998
10/17/2006,MCO,FL,ASO,ES,Combined TRACON& Tower with Radar,681,171,141,0,993,0,0,29,0,29,681,171,170,0,1022,0,0,0,1022
10/18/2006,MCO,FL,ASO,ES,Combined TRACON& Tower with Radar,695,190,158,1,1044,0,0,27,0,27,695,190,185,1,1071,0,0,0,1071
10/19/2006,MCO,FL,ASO,ES,Combined TRACON& Tower with Radar,702,182,149,1,1034,0,0,41,0,41,702,182,190,1,1075,0,0,0,1075
10/20/2006,MCO,FL,ASO,ES,Combined TRACON& Tower with Radar,717,167,72,3,959,0,3,19,0,22,717,170,91,3,981,0,0,0,981
10/21/2006,MCO,FL,ASO,ES,Combined TRACON& Tower with Radar,713,159,38,0,910,0,0,9,0,9,713,159,47,0,919,0,0,0,919
10/22/2006,MCO,FL,ASO,ES,Combined TRACON& Tower with Radar,677,164,61,2,904,0,0,10,1,11,677,164,71,3,915,0,0,0,915
10/23/2006,MCO,FL,ASO,ES,Combined TRACON& Tower with Radar,694,168,77,2,941,0,1,6,0,7,694,169,83,2,948,0,0,0,948
10/24/2006,MCO,FL,ASO,ES,Combined TRACON& Tower with Radar,687,153,47,0,887,0,2,9,1,12,687,155,56,1,899,0,0,0,899
10/25/2006,MCO,FL,ASO,ES,Combined TRACON& Tower with Radar,684,169,50,5,908,0,1,13,0,14,684,170,63,5,922,0,0,0,922
10/26/2006,MCO,FL,ASO,ES,Combined TRACON& Tower with Radar,712,174,42,4,932,0,2,9,0,11,712,176,51,4,943,0,0,0,943
10/27/2006,MCO,FL,ASO,ES,Combined TRACON& Tower with Radar,703,168,60,3,934,0,1,19,0,20,703,169,79,3,954,0,0,0,954
10/28/2006,MCO,FL,ASO,ES,Combined TRACON& Tower with Radar,695,156,25,7,883,0,1,3,0,4,695,157,28,7,887,0,0,0,887
10/29/2006,MCO,FL,ASO,ES,Combined TRACON& Tower with Radar,673,159,35,77,944,0,1,8,0,9,673,160,43,77,953,0,0,0,953
10/30/2006,MCO,FL,ASO,ES,Combined TRACON& Tower with Radar,696,172,46,8,922,0,3,13,0,16,696,175,59,8,938,0,0,0,938
10/31/2006,MCO,FL,ASO,ES,Combined TRACON& Tower with Radar,681,146,38,15,880,0,0,15,0,15,681,146,53,15,895,0,0,0,895
11/01/2006,MCO,FL,ASO,ES,Combined TRACON& Tower with Radar,690,160,61,84,995,1,0,3,0,4,691,160,64,84,999,0,0,0,999
11/02/2006,MCO,FL,ASO,ES,Combined TRACON& Tower with Radar,713,169,56,4,942,0,4,13,0,17,713,173,69,4,959,0,0,0,959
11/03/2006,MCO,FL,ASO,ES,Combined TRACON& Tower with Radar,726,154,68,2,950,0,1,9,0,10,726,155,77,2,960,0,0,0,960
11/04/2006,MCO,FL,ASO,ES,Combined TRACON& Tower with Radar,713,139,26,2,880,0,0,2,0,2,713,139,28,2,882,0,0,0,882
11/05/2006,MCO,FL,ASO,ES,Combined TRACON& Tower with Radar,679,149,48,0,876,1,0,4,0,5,680,149,52,0,881,0,0,0,881
11/06/2006,MCO,FL,ASO,ES,Combined TRACON& Tower with Radar,694,152,55,0,901,0,0,20,0,20,694,152,75,0,921,0,0,0,921
11/07/2006,MCO,FL,ASO,ES,Combined TRACON& Tower with Radar,691,150,57,1,899,1,3,14,0,18,692,153,71,1,917,0,0,0,917
11/08/2006,MCO,FL,ASO,ES,Combined TRACON& Tower with Radar,720,157,75,2,954,0,2,8,0,10,720,159,83,2,964,0,0,0,964
11/09/2006,MCO,FL,ASO,ES,Combined TRACON& Tower with Radar,733,177,65,1,976,1,0,18,0,19,734,177,83,1,995,0,0,0,995
11/10/2006,MCO,FL,ASO,ES,Combined TRACON& Tower with Radar,732,163,62,0,957,1,0,20,0,21,733,163,82,0,978,0,0,0,978
11/11/2006,MCO,FL,ASO,ES,Combined TRACON& Tower with Radar,721,142,37,0,900,0,2,7,0,9,721,144,44,0,909,0,0,0,909
11/12/2006,MCO,FL,ASO,ES,Combined TRACON& Tower with Radar,677,152,49,0,878,1,0,10,0,11,678,152,59,0,889,0,0,0,889
11/13/2006,MCO,FL,ASO,ES,Combined TRACON& Tower with Radar,716,157,49,2,924,0,0,14,0,14,716,157,63,2,938,0,0,0,938
11/14/2006,MCO,FL,ASO,ES,Combined TRACON& Tower with Radar,709,143,58,0,910,0,0,11,0,11,709,143,69,0,921,0,0,0,921
11/15/2006,MCO,FL,ASO,ES,Combined TRACON& Tower with Radar,714,164,79,4,961,0,1,14,0,15,714,165,93,4,976,0,0,0,976
11/16/2006,MCO,FL,ASO,ES,Combined TRACON& Tower with Radar,729,184,51,2,966,0,2,15,0,17,729,186,66,2,983,0,0,0,983
11/17/2006,MCO,FL,ASO,ES,Combined TRACON& Tower with Radar,766,182,56,0,1004,2,0,19,0,21,768,182,75,0,1025,0,0,0,1025
11/18/2006,MCO,FL,ASO,ES,Combined TRACON& Tower with Radar,733,167,27,0,927,0,0,16,0,16,733,167,43,0,943,0,0,0,943
11/19/2006,MCO,FL,ASO,ES,Combined TRACON& Tower with Radar,698,160,26,0,884,0,0,12,0,12,698,160,38,0,896,0,0,0,896
11/20/2006,MCO,FL,ASO,ES,Combined TRACON& Tower with Radar,709,162,35,2,908,0,0,15,0,15,709,162,50,2,923,0,0,0,923
11/21/2006,MCO,FL,ASO,ES,Combined TRACON& Tower with Radar,751,155,67,0,973,0,1,17,0,18,751,156,84,0,991,0,0,0,991
11/22/2006,MCO,FL,ASO,ES,Combined TRACON& Tower with Radar,763,170,59,1,993,1,0,9,0,10,764,170,68,1,1003,0,0,0,1003
11/23/2006,MCO,FL,ASO,ES,Combined TRACON& Tower with Radar,640,116,8,0,764,2,0,2,0,4,642,116,10,0,768,0,0,0,768
11/24/2006,MCO,FL,ASO,ES,Combined TRACON& Tower with Radar,683,139,10,1,833,0,0,10,0,10,683,139,20,1,843,0,0,0,843
11/25/2006,MCO,FL,ASO,ES,Combined TRACON& Tower with Radar,744,156,43,0,943,0,0,9,0,9,744,156,52,0,952,0,0,0,952
11/26/2006,MCO,FL,ASO,ES,Combined TRACON& Tower with Radar,721,157,55,1,934,0,0,7,2,9,721,157,62,3,943,0,0,0,943
11/27/2006,MCO,FL,ASO,ES,Combined TRACON& Tower with Radar,732,165,42,3,942,0,0,3,2,5,732,165,45,5,947,0,0,0,947
11/28/2006,MCO,FL,ASO,ES,Combined TRACON& Tower with Radar,740,153,44,1,938,1,0,8,0,9,741,153,52,1,947,0,0,0,947
11/29/2006,MCO,FL,ASO,ES,Combined TRACON& Tower with Radar,732,167,68,4,971,0,0,7,0,7,732,167,75,4,978,0,0,0,978
11/30/2006,MCO,FL,ASO,ES,Combined TRACON& Tower with Radar,732,184,52,4,972,0,1,6,0,7,732,185,58,4,979,0,0,0,979
12/01/2006,MCO,FL,ASO,ES,Combined TRACON& Tower with Radar,683,167,58,2,910,0,1,16,0,17,683,168,74,2,927,0,0,0,927
12/02/2006,MCO,FL,ASO,ES,Combined TRACON& Tower with Radar,741,149,39,2,931,0,0,7,0,7,741,149,46,2,938,0,0,0,938
12/03/2006,MCO,FL,ASO,ES,Combined TRACON& Tower with Radar,701,154,47,0,902,0,0,10,0,10,701,154,57,0,912,0,0,0,912
12/04/2006,MCO,FL,ASO,ES,Combined TRACON& Tower with Radar,705,169,50,2,926,1,0,15,0,16,706,169,65,2,942,0,0,0,942
12/05/2006,MCO,FL,ASO,ES,Combined TRACON& Tower with Radar,723,144,45,4,916,0,0,6,0,6,723,144,51,4,922,0,0,0,922
12/06/2006,MCO,FL,ASO,ES,Combined TRACON& Tower with Radar,713,164,53,0,930,0,0,15,0,15,713,164,68,0,945,0,0,0,945
12/07/2006,MCO,FL,ASO,ES,Combined TRACON& Tower with Radar,744,158,53,1,956,0,0,10,0,10,744,158,63,1,966,0,0,0,966
12/08/2006,MCO,FL,ASO,ES,Combined TRACON& Tower with Radar,730,158,68,3,959,0,4,18,0,22,730,162,86,3,981,0,0,0,981
12/09/2006,MCO,FL,ASO,ES,Combined TRACON& Tower with Radar,724,139,23,1,887,0,0,9,0,9,724,139,32,1,896,0,0,0,896
12/10/2006,MCO,FL,ASO,ES,Combined TRACON& Tower with Radar,698,158,49,2,907,1,5,18,0,24,699,163,67,2,931,0,0,0,931
12/11/2006,MCO,FL,ASO,ES,Combined TRACON& Tower with Radar,694,173,40,1,908,0,5,7,0,12,694,178,47,1,920,0,0,0,920
12/12/2006,MCO,FL,ASO,ES,Combined TRACON& Tower with Radar,714,152,39,0,905,0,0,11,0,11,714,152,50,0,916,0,0,0,916
12/13/2006,MCO,FL,ASO,ES,Combined TRACON& Tower with Radar,732,160,48,0,940,0,0,5,0,5,732,160,53,0,945,0,0,0,945
12/14/2006,MCO,FL,ASO,ES,Combined TRACON& Tower with Radar,726,162,57,2,947,0,0,5,0,5,726,162,62,2,952,0,0,0,952
12/15/2006,MCO,FL,ASO,ES,Combined TRACON& Tower with Radar,755,165,76,2,998,0,0,4,0,4,755,165,80,2,1002,0,0,0,1002
12/16/2006,MCO,FL,ASO,ES,Combined TRACON& Tower with Radar,780,144,38,0,962,0,0,8,0,8,780,144,46,0,970,0,0,0,970
12/17/2006,MCO,FL,ASO,ES,Combined TRACON& Tower with Radar,722,144,21,2,889,1,1,9,0,11,723,145,30,2,900,0,0,0,900
12/18/2006,MCO,FL,ASO,ES,Combined TRACON& Tower with Radar,747,156,44,0,947,0,0,13,0,13,747,156,57,0,960,0,0,0,960
12/19/2006,MCO,FL,ASO,ES,Combined TRACON& Tower with Radar,779,156,47,0,982,0,0,9,0,9,779,156,56,0,991,0,0,0,991
12/20/2006,MCO,FL,ASO,ES,Combined TRACON& Tower with Radar,780,156,58,0,994,0,0,10,0,10,780,156,68,0,1004,0,0,0,1004
12/21/2006,MCO,FL,ASO,ES,Combined TRACON& Tower with Radar,804,167,41,2,1014,0,1,9,1,11,804,168,50,3,1025,0,0,0,1025
12/22/2006,MCO,FL,ASO,ES,Combined TRACON& Tower with Radar,782,174,45,1,1002,0,1,4,0,5,782,175,49,1,1007,0,0,0,1007
12/23/2006,MCO,FL,ASO,ES,Combined TRACON& Tower with Radar,821,142,22,0,985,0,0,7,0,7,821,142,29,0,992,0,0,0,992
12/24/2006,MCO,FL,ASO,ES,Combined TRACON& Tower with Radar,747,120,15,0,882,0,0,1,0,1,747,120,16,0,883,0,0,0,883
12/25/2006,MCO,FL,ASO,ES,Combined TRACON& Tower with Radar,711,119,6,0,836,1,0,1,0,2,712,119,7,0,838,0,0,0,838
12/26/2006,MCO,FL,ASO,ES,Combined TRACON& Tower with Radar,787,159,71,0,1017,0,0,12,0,12,787,159,83,0,1029,0,0,0,1029
12/27/2006,MCO,FL,ASO,ES,Combined TRACON& Tower with Radar,813,161,52,1,1027,2,1,22,1,26,815,162,74,2,1053,0,0,0,1053
12/28/2006,MCO,FL,ASO,ES,Combined TRACON& Tower with Radar,820,158,50,2,1030,1,0,13,0,14,821,158,63,2,1044,0,0,0,1044
12/29/2006,MCO,FL,ASO,ES,Combined TRACON& Tower with Radar,791,151,34,0,976,0,1,11,0,12,791,152,45,0,988,0,0,0,988
12/30/2006,MCO,FL,ASO,ES,Combined TRACON& Tower with Radar,800,152,34,0,986,0,0,10,0,10,800,152,44,0,996,0,0,0,996
12/31/2006,MCO,FL,ASO,ES,Combined TRACON& Tower with Radar,755,128,33,0,916,0,0,11,0,11,755,128,44,0,927,0,0,0,927
01/01/2007,MCO,FL,ASO,ES,Combined TRACON& Tower with Radar,727,126,28,0,881,0,0,3,0,3,727,126,31,0,884,0,0,0,884
01/02/2007,MCO,FL,ASO,ES,Combined TRACON& Tower with Radar,792,164,60,0,1016,0,0,4,0,4,792,164,64,0,1020,0,0,0,1020
01/03/2007,MCO,FL,ASO,ES,Combined TRACON& Tower with Radar,796,150,46,0,992,0,1,18,0,19,796,151,64,0,1011,0,0,0,1011
01/04/2007,MCO,FL,ASO,ES,Combined TRACON& Tower with Radar,789,148,59,0,996,1,1,6,0,8,790,149,65,0,1004,0,0,0,1004
01/05/2007,MCO,FL,ASO,ES,Combined TRACON& Tower with Radar,780,145,55,2,982,0,0,8,0,8,780,145,63,2,990,0,0,0,990
01/06/2007,MCO,FL,ASO,ES,Combined TRACON& Tower with Radar,782,142,38,0,962,0,0,0,0,0,782,142,38,0,962,0,0,0,962
01/07/2007,MCO,FL,ASO,ES,Combined TRACON& Tower with Radar,728,150,39,0,917,1,0,12,0,13,729,150,51,0,930,0,0,0,930
01/08/2007,MCO,FL,ASO,ES,Combined TRACON& Tower with Radar,755,146,48,0,949,0,1,3,0,4,755,147,51,0,953,0,0,0,953
01/09/2007,MCO,FL,ASO,ES,Combined TRACON& Tower with Radar,750,139,44,3,936,0,7,14,0,21,750,146,58,3,957,0,0,0,957
01/10/2007,MCO,FL,ASO,ES,Combined TRACON& Tower with Radar,748,155,89,2,994,0,2,11,0,13,748,157,100,2,1007,0,0,0,1007
01/11/2007,MCO,FL,ASO,ES,Combined TRACON& Tower with Radar,768,176,75,1,1020,3,1,7,0,11,771,177,82,1,1031,0,0,0,1031
01/12/2007,MCO,FL,ASO,ES,Combined TRACON& Tower with Radar,775,172,67,2,1016,0,0,20,0,20,775,172,87,2,1036,0,0,0,1036
01/13/2007,MCO,FL,ASO,ES,Combined TRACON& Tower with Radar,734,140,42,2,918,0,0,19,1,20,734,140,61,3,938,0,0,0,938
01/14/2007,MCO,FL,ASO,ES,Combined TRACON& Tower with Radar,741,145,45,1,932,0,0,11,0,11,741,145,56,1,943,0,0,0,943
01/15/2007,MCO,FL,ASO,ES,Combined TRACON& Tower with Radar,743,168,58,2,971,0,0,17,0,17,743,168,75,2,988,0,0,0,988
01/16/2007,MCO,FL,ASO,ES,Combined TRACON& Tower with Radar,752,142,49,4,947,0,0,15,0,15,752,142,64,4,962,0,0,0,962
01/17/2007,MCO,FL,ASO,ES,Combined TRACON& Tower with Radar,740,149,78,0,967,0,0,7,0,7,740,149,85,0,974,0,0,0,974
01/18/2007,MCO,FL,ASO,ES,Combined TRACON& Tower with Radar,756,149,78,2,985,1,0,3,0,4,757,149,81,2,989,0,0,0,989
01/19/2007,MCO,FL,ASO,ES,Combined TRACON& Tower with Radar,768,165,78,6,1017,0,0,14,0,14,768,165,92,6,1031,0,0,0,1031
01/20/2007,MCO,FL,ASO,ES,Combined TRACON& Tower with Radar,769,138,53,2,962,1,6,9,0,16,770,144,62,2,978,0,0,0,978
01/21/2007,MCO,FL,ASO,ES,Combined TRACON& Tower with Radar,710,156,64,1,931,1,0,11,0,12,711,156,75,1,943,0,0,0,943
01/22/2007,MCO,FL,ASO,ES,Combined TRACON& Tower with Radar,750,157,58,2,967,1,0,11,0,12,751,157,69,2,979,0,0,0,979
01/23/2007,MCO,FL,ASO,ES,Combined TRACON& Tower with Radar,757,154,69,0,980,0,0,6,0,6,757,154,75,0,986,0,0,0,986
01/24/2007,MCO,FL,ASO,ES,Combined TRACON& Tower with Radar,746,154,84,2,986,0,2,14,0,16,746,156,98,2,1002,0,0,0,1002
01/25/2007,MCO,FL,ASO,ES,Combined TRACON& Tower with Radar,757,163,86,2,1008,0,0,7,0,7,757,163,93,2,1015,0,0,0,1015
01/26/2007,MCO,FL,ASO,ES,Combined TRACON& Tower with Radar,772,160,51,0,983,0,0,17,0,17,772,160,68,0,1000,0,0,0,1000
01/27/2007,MCO,FL,ASO,ES,Combined TRACON& Tower with Radar,759,134,49,0,942,0,2,12,0,14,759,136,61,0,956,0,0,0,956
01/28/2007,MCO,FL,ASO,ES,Combined TRACON& Tower with Radar,724,146,59,0,929,0,0,5,0,5,724,146,64,0,934,0,0,0,934
01/29/2007,MCO,FL,ASO,ES,Combined TRACON& Tower with Radar,750,147,52,0,949,0,1,11,0,12,750,148,63,0,961,0,0,0,961
01/30/2007,MCO,FL,ASO,ES,Combined TRACON& Tower with Radar,755,131,57,0,943,0,1,13,0,14,755,132,70,0,957,0,0,0,957
01/31/2007,MCO,FL,ASO,ES,Combined TRACON& Tower with Radar,750,152,46,1,949,0,2,10,0,12,750,154,56,1,961,0,0,0,961
02/01/2007,MCO,FL,ASO,ES,Combined TRACON& Tower with Radar,809,171,80,2,1062,0,0,6,0,6,809,171,86,2,1068,0,0,0,1068
02/02/2007,MCO,FL,ASO,ES,Combined TRACON& Tower with Radar,782,145,59,1,987,0,0,5,0,5,782,145,64,1,992,0,0,0,992
02/03/2007,MCO,FL,ASO,ES,Combined TRACON& Tower with Radar,769,144,31,2,946,1,0,3,4,8,770,144,34,6,954,0,0,0,954
02/04/2007,MCO,FL,ASO,ES,Combined TRACON& Tower with Radar,739,148,38,2,927,0,0,0,0,0,739,148,38,2,927,0,0,0,927
02/05/2007,MCO,FL,ASO,ES,Combined TRACON& Tower with Radar,762,164,85,0,1011,0,0,8,0,8,762,164,93,0,1019,0,0,0,1019
02/06/2007,MCO,FL,ASO,ES,Combined TRACON& Tower with Radar,765,155,116,0,1036,0,4,23,0,27,765,159,139,0,1063,0,0,0,1063
02/07/2007,MCO,FL,ASO,ES,Combined TRACON& Tower with Radar,767,168,116,5,1056,0,2,17,0,19,767,170,133,5,1075,0,0,0,1075
02/08/2007,MCO,FL,ASO,ES,Combined TRACON& Tower with Radar,791,178,98,12,1079,2,1,22,0,25,793,179,120,12,1104,0,0,0,1104
02/09/2007,MCO,FL,ASO,ES,Combined TRACON& Tower with Radar,778,188,120,8,1094,1,0,23,8,32,779,188,143,16,1126,0,0,0,1126
02/10/2007,MCO,FL,ASO,ES,Combined TRACON& Tower with Radar,789,144,69,4,1006,1,2,23,0,26,790,146,92,4,1032,0,0,0,1032
02/11/2007,MCO,FL,ASO,ES,Combined TRACON& Tower with Radar,747,146,78,7,978,0,0,9,0,9,747,146,87,7,987,0,0,0,987
02/12/2007,MCO,FL,ASO,ES,Combined TRACON& Tower with Radar,762,144,52,2,960,0,0,5,0,5,762,144,57,2,965,0,0,0,965
02/13/2007,MCO,FL,ASO,ES,Combined TRACON& Tower with Radar,693,127,68,2,890,0,3,4,0,7,693,130,72,2,897,0,0,0,897
02/14/2007,MCO,FL,ASO,ES,Combined TRACON& Tower with Radar,667,150,62,2,881,0,1,13,0,14,667,151,75,2,895,0,0,0,895
02/15/2007,MCO,FL,ASO,ES,Combined TRACON& Tower with Radar,771,165,104,2,1042,0,0,10,0,10,771,165,114,2,1052,0,0,0,1052
02/16/2007,MCO,FL,ASO,ES,Combined TRACON& Tower with Radar,842,176,109,4,1131,0,0,19,0,19,842,176,128,4,1150,0,0,0,1150
02/17/2007,MCO,FL,ASO,ES,Combined TRACON& Tower with Radar,850,159,52,1,1062,2,0,20,1,23,852,159,72,2,1085,0,0,0,1085
02/18/2007,MCO,FL,ASO,ES,Combined TRACON& Tower with Radar,781,151,55,1,988,1,0,24,0,25,782,151,79,1,1013,0,0,0,1013
02/19/2007,MCO,FL,ASO,ES,Combined TRACON& Tower with Radar,805,166,79,3,1053,0,1,19,0,20,805,167,98,3,1073,0,0,0,1073
02/20/2007,MCO,FL,ASO,ES,Combined TRACON& Tower with Radar,805,153,63,1,1022,0,0,22,0,22,805,153,85,1,1044,0,0,0,1044
02/21/2007,MCO,FL,ASO,ES,Combined TRACON& Tower with Radar,809,169,77,4,1059,0,0,18,0,18,809,169,95,4,1077,0,0,0,1077
02/22/2007,MCO,FL,ASO,ES,Combined TRACON& Tower with Radar,836,169,90,4,1099,1,3,24,1,29,837,172,114,5,1128,0,0,0,1128
02/23/2007,MCO,FL,ASO,ES,Combined TRACON& Tower with Radar,819,180,73,6,1078,0,0,11,0,11,819,180,84,6,1089,0,0,0,1089
02/24/2007,MCO,FL,ASO,ES,Combined TRACON& Tower with Radar,804,150,36,1,991,0,2,5,0,7,804,152,41,1,998,0,0,0,998
02/25/2007,MCO,FL,ASO,ES,Combined TRACON& Tower with Radar,721,155,48,1,925,0,0,14,0,14,721,155,62,1,939,0,0,0,939
02/26/2007,MCO,FL,ASO,ES,Combined TRACON& Tower with Radar,807,162,55,3,1027,0,3,6,0,9,807,165,61,3,1036,0,0,0,1036
02/27/2007,MCO,FL,ASO,ES,Combined TRACON& Tower with Radar,806,161,64,1,1032,2,0,10,0,12,808,161,74,1,1044,0,0,0,1044
02/28/2007,MCO,FL,ASO,ES,Combined TRACON& Tower with Radar,827,165,82,2,1076,1,1,13,2,17,828,166,95,4,1093,0,0,0,1093
03/01/2007,MCO,FL,ASO,ES,Combined TRACON& Tower with Radar,799,170,86,3,1058,1,1,11,0,13,800,171,97,3,1071,0,0,0,1071
03/02/2007,MCO,FL,ASO,ES,Combined TRACON& Tower with Radar,819,178,71,1,1069,0,2,14,0,16,819,180,85,1,1085,0,0,0,1085
03/03/2007,MCO,FL,ASO,ES,Combined TRACON& Tower with Radar,831,154,64,0,1049,0,1,11,0,12,831,155,75,0,1061,0,0,0,1061
03/04/2007,MCO,FL,ASO,ES,Combined TRACON& Tower with Radar,803,161,53,2,1019,0,0,12,0,12,803,161,65,2,1031,0,0,0,1031
03/05/2007,MCO,FL,ASO,ES,Combined TRACON& Tower with Radar,368,69,42,1,480,0,0,9,0,9,368,69,51,1,489,0,0,0,489
03/06/2007,MCO,FL,ASO,ES,Combined TRACON& Tower with Radar,812,175,82,0,1069,0,1,19,0,20,812,176,101,0,1089,0,0,0,1089
03/07/2007,MCO,FL,ASO,ES,Combined TRACON& Tower with Radar,805,167,66,1,1039,0,1,12,0,13,805,168,78,1,1052,0,0,0,1052
03/08/2007,MCO,FL,ASO,ES,Combined TRACON& Tower with Radar,844,175,53,2,1074,0,4,20,0,24,844,179,73,2,1098,0,0,0,1098
03/09/2007,MCO,FL,ASO,ES,Combined TRACON& Tower with Radar,831,180,67,2,1080,0,0,16,0,16,831,180,83,2,1096,0,0,0,1096
03/10/2007,MCO,FL,ASO,ES,Combined TRACON& Tower with Radar,839,141,32,2,1014,1,1,5,0,7,840,142,37,2,1021,0,0,0,1021
03/11/2007,MCO,FL,ASO,ES,Combined TRACON& Tower with Radar,821,176,55,0,1052,0,2,10,1,13,821,178,65,1,1065,0,0,0,1065
03/12/2007,MCO,FL,ASO,ES,Combined TRACON& Tower with Radar,818,171,54,0,1043,1,4,16,0,21,819,175,70,0,1064,0,0,0,1064
03/13/2007,MCO,FL,ASO,ES,Combined TRACON& Tower with Radar,826,154,52,2,1034,1,3,20,0,24,827,157,72,2,1058,0,0,0,1058
03/14/2007,MCO,FL,ASO,ES,Combined TRACON& Tower with Radar,826,167,77,1,1071,0,1,24,0,25,826,168,101,1,1096,0,0,0,1096
03/15/2007,MCO,FL,ASO,ES,Combined TRACON& Tower with Radar,832,181,89,0,1102,0,1,12,0,13,832,182,101,0,1115,0,0,0,1115
03/16/2007,MCO,FL,ASO,ES,Combined TRACON& Tower with Radar,708,183,85,1,977,0,0,16,0,16,708,183,101,1,993,0,0,0,993
03/17/2007,MCO,FL,ASO,ES,Combined TRACON& Tower with Radar,779,163,85,3,1030,0,0,12,0,12,779,163,97,3,1042,0,0,0,1042
03/18/2007,MCO,FL,ASO,ES,Combined TRACON& Tower with Radar,838,179,80,0,1097,1,0,8,0,9,839,179,88,0,1106,0,0,0,1106
03/19/2007,MCO,FL,ASO,ES,Combined TRACON& Tower with Radar,839,162,63,3,1067,0,0,11,0,11,839,162,74,3,1078,0,0,0,1078
03/20/2007,MCO,FL,ASO,ES,Combined TRACON& Tower with Radar,829,148,56,2,1035,0,0,10,2,12,829,148,66,4,1047,0,0,0,1047
03/21/2007,MCO,FL,ASO,ES,Combined TRACON& Tower with Radar,816,159,67,0,1042,0,0,17,0,17,816,159,84,0,1059,0,0,0,1059
03/22/2007,MCO,FL,ASO,ES,Combined TRACON& Tower with Radar,831,163,57,2,1053,2,1,15,0,18,833,164,72,2,1071,0,0,0,1071
03/23/2007,MCO,FL,ASO,ES,Combined TRACON& Tower with Radar,848,164,66,0,1078,1,0,13,0,14,849,164,79,0,1092,0,0,0,1092
03/24/2007,MCO,FL,ASO,ES,Combined TRACON& Tower with Radar,847,154,58,1,1060,0,0,16,0,16,847,154,74,1,1076,0,0,0,1076
03/25/2007,MCO,FL,ASO,ES,Combined TRACON& Tower with Radar,816,170,74,0,1060,1,3,20,0,24,817,173,94,0,1084,0,0,0,1084
03/26/2007,MCO,FL,ASO,ES,Combined TRACON& Tower with Radar,813,175,82,0,1070,0,1,36,0,37,813,176,118,0,1107,0,0,0,1107
03/27/2007,MCO,FL,ASO,ES,Combined TRACON& Tower with Radar,836,166,87,2,1091,0,2,25,2,29,836,168,112,4,1120,0,0,0,1120
03/28/2007,MCO,FL,ASO,ES,Combined TRACON& Tower with Radar,836,164,73,2,1075,0,2,21,0,23,836,166,94,2,1098,0,0,0,1098
03/29/2007,MCO,FL,ASO,ES,Combined TRACON& Tower with Radar,855,172,81,1,1109,2,3,21,1,27,857,175,102,2,1136,0,0,0,1136
03/30/2007,MCO,FL,ASO,ES,Combined TRACON& Tower with Radar,841,172,78,3,1094,0,1,4,0,5,841,173,82,3,1099,0,0,0,1099
03/31/2007,MCO,FL,ASO,ES,Combined TRACON& Tower with Radar,885,166,49,4,1104,0,0,10,0,10,885,166,59,4,1114,0,0,0,1114
04/01/2007,MCO,FL,ASO,ES,Combined TRACON& Tower with Radar,820,159,55,1,1035,3,0,11,0,14,823,159,66,1,1049,0,0,0,1049
04/02/2007,MCO,FL,ASO,ES,Combined TRACON& Tower with Radar,826,162,50,2,1040,0,1,11,2,14,826,163,61,4,1054,0,0,0,1054
04/03/2007,MCO,FL,ASO,ES,Combined TRACON& Tower with Radar,826,149,41,0,1016,0,0,16,0,16,826,149,57,0,1032,0,0,0,1032
04/04/2007,MCO,FL,ASO,ES,Combined TRACON& Tower with Radar,834,151,52,3,1040,0,2,9,0,11,834,153,61,3,1051,0,0,0,1051
04/05/2007,MCO,FL,ASO,ES,Combined TRACON& Tower with Radar,848,167,63,0,1078,3,0,19,0,22,851,167,82,0,1100,0,0,0,1100
04/06/2007,MCO,FL,ASO,ES,Combined TRACON& Tower with Radar,880,159,56,1,1096,0,0,11,0,11,880,159,67,1,1107,0,0,0,1107
04/07/2007,MCO,FL,ASO,ES,Combined TRACON& Tower with Radar,861,150,22,1,1034,3,0,12,0,15,864,150,34,1,1049,0,0,0,1049
04/08/2007,MCO,FL,ASO,ES,Combined TRACON& Tower with Radar,827,151,38,0,1016,1,0,8,0,9,828,151,46,0,1025,0,0,0,1025
04/09/2007,MCO,FL,ASO,ES,Combined TRACON& Tower with Radar,828,159,53,2,1042,0,2,4,0,6,828,161,57,2,1048,0,0,0,1048
04/10/2007,MCO,FL,ASO,ES,Combined TRACON& Tower with Radar,824,147,41,0,1012,0,0,0,0,0,824,147,41,0,1012,0,0,0,1012
04/11/2007,MCO,FL,ASO,ES,Combined TRACON& Tower with Radar,816,176,58,0,1050,0,1,11,0,12,816,177,69,0,1062,0,0,0,1062
04/12/2007,MCO,FL,ASO,ES,Combined TRACON& Tower with Radar,844,157,67,0,1068,1,2,13,0,16,845,159,80,0,1084,0,0,0,1084
04/13/2007,MCO,FL,ASO,ES,Combined TRACON& Tower with Radar,862,164,55,0,1081,0,3,15,0,18,862,167,70,0,1099,0,0,0,1099
04/14/2007,MCO,FL,ASO,ES,Combined TRACON& Tower with Radar,852,160,46,0,1058,0,1,14,0,15,852,161,60,0,1073,0,0,0,1073
04/15/2007,MCO,FL,ASO,ES,Combined TRACON& Tower with Radar,800,147,38,0,985,0,0,2,0,2,800,147,40,0,987,0,0,0,987
04/16/2007,MCO,FL,ASO,ES,Combined TRACON& Tower with Radar,827,159,63,0,1049,0,4,19,0,23,827,163,82,0,1072,0,0,0,1072
04/17/2007,MCO,FL,ASO,ES,Combined TRACON& Tower with Radar,798,147,53,0,998,0,1,11,0,12,798,148,64,0,1010,0,0,0,1010
04/18/2007,MCO,FL,ASO,ES,Combined TRACON& Tower with Radar,807,163,62,0,1032,0,1,13,0,14,807,164,75,0,1046,0,0,0,1046
04/19/2007,MCO,FL,ASO,ES,Combined TRACON& Tower with Radar,832,167,53,2,1054,0,2,19,3,24,832,169,72,5,1078,0,0,0,1078
04/20/2007,MCO,FL,ASO,ES,Combined TRACON& Tower with Radar,838,168,65,2,1073,1,2,12,0,15,839,170,77,2,1088,0,0,0,1088
04/21/2007,MCO,FL,ASO,ES,Combined TRACON& Tower with Radar,832,159,53,0,1044,0,0,8,0,8,832,159,61,0,1052,0,0,0,1052
04/22/2007,MCO,FL,ASO,ES,Combined TRACON& Tower with Radar,815,162,40,0,1017,0,1,23,0,24,815,163,63,0,1041,0,0,0,1041
04/23/2007,MCO,FL,ASO,ES,Combined TRACON& Tower with Radar,807,156,54,4,1021,0,6,23,0,29,807,162,77,4,1050,0,0,0,1050
04/24/2007,MCO,FL,ASO,ES,Combined TRACON& Tower with Radar,781,153,50,2,986,0,2,15,0,17,781,155,65,2,1003,0,0,0,1003
04/25/2007,MCO,FL,ASO,ES,Combined TRACON& Tower with Radar,804,158,61,0,1023,0,2,18,0,20,804,160,79,0,1043,0,0,0,1043
04/26/2007,MCO,FL,ASO,ES,Combined TRACON& Tower with Radar,818,165,63,0,1046,0,1,15,0,16,818,166,78,0,1062,0,0,0,1062
04/27/2007,MCO,FL,ASO,ES,Combined TRACON& Tower with Radar,826,162,36,4,1028,0,1,15,0,16,826,163,51,4,1044,0,0,0,1044
04/28/2007,MCO,FL,ASO,ES,Combined TRACON& Tower with Radar,842,178,45,0,1065,0,0,14,0,14,842,178,59,0,1079,0,0,0,1079
04/29/2007,MCO,FL,ASO,ES,Combined TRACON& Tower with Radar,806,168,53,2,1029,0,0,6,0,6,806,168,59,2,1035,0,0,0,1035
04/30/2007,MCO,FL,ASO,ES,Combined TRACON& Tower with Radar,803,161,35,2,1001,0,0,14,0,14,803,161,49,2,1015,0,0,0,1015
05/01/2007,MCO,FL,ASO,ES,Combined TRACON& Tower with Radar,784,149,44,1,978,0,1,9,0,10,784,150,53,1,988,0,0,0,988
05/02/2007,MCO,FL,ASO,ES,Combined TRACON& Tower with Radar,788,158,51,2,999,0,2,12,0,14,788,160,63,2,1013,0,0,0,1013
05/03/2007,MCO,FL,ASO,ES,Combined TRACON& Tower with Radar,813,157,77,1,1048,0,0,13,0,13,813,157,90,1,1061,0,0,0,1061
05/04/2007,MCO,FL,ASO,ES,Combined TRACON& Tower with Radar,814,154,51,0,1019,0,0,17,0,17,814,154,68,0,1036,0,0,0,1036
05/05/2007,MCO,FL,ASO,ES,Combined TRACON& Tower with Radar,788,162,18,0,968,0,1,11,0,12,788,163,29,0,980,0,0,0,980
05/06/2007,MCO,FL,ASO,ES,Combined TRACON& Tower with Radar,768,146,35,0,949,0,1,9,0,10,768,147,44,0,959,0,0,0,959
05/07/2007,MCO,FL,ASO,ES,Combined TRACON& Tower with Radar,795,150,45,0,990,0,2,10,0,12,795,152,55,0,1002,0,0,0,1002
05/08/2007,MCO,FL,ASO,ES,Combined TRACON& Tower with Radar,781,149,55,0,985,2,0,22,0,24,783,149,77,0,1009,0,0,0,1009
05/09/2007,MCO,FL,ASO,ES,Combined TRACON& Tower with Radar,787,160,65,2,1014,0,0,7,1,8,787,160,72,3,1022,0,0,0,1022
05/10/2007,MCO,FL,ASO,ES,Combined TRACON& Tower with Radar,794,164,56,0,1014,3,1,13,1,18,797,165,69,1,1032,0,0,0,1032
05/11/2007,MCO,FL,ASO,ES,Combined TRACON& Tower with Radar,815,155,46,1,1017,0,5,8,1,14,815,160,54,2,1031,0,0,0,1031
05/12/2007,MCO,FL,ASO,ES,Combined TRACON& Tower with Radar,783,153,16,4,956,1,0,13,0,14,784,153,29,4,970,0,0,0,970
05/13/2007,MCO,FL,ASO,ES,Combined TRACON& Tower with Radar,781,141,20,0,942,0,0,5,0,5,781,141,25,0,947,0,0,0,947
05/14/2007,MCO,FL,ASO,ES,Combined TRACON& Tower with Radar,777,148,37,0,962,0,0,9,1,10,777,148,46,1,972,0,0,0,972
05/15/2007,MCO,FL,ASO,ES,Combined TRACON& Tower with Radar,762,142,38,1,943,1,1,8,0,10,763,143,46,1,953,0,0,0,953
05/16/2007,MCO,FL,ASO,ES,Combined TRACON& Tower with Radar,748,149,47,0,944,0,0,18,0,18,748,149,65,0,962,0,0,0,962
05/17/2007,MCO,FL,ASO,ES,Combined TRACON& Tower with Radar,821,157,54,0,1032,0,4,19,0,23,821,161,73,0,1055,0,0,0,1055
05/18/2007,MCO,FL,ASO,ES,Combined TRACON& Tower with Radar,792,156,48,3,999,0,3,11,0,14,792,159,59,3,1013,0,0,0,1013
05/19/2007,MCO,FL,ASO,ES,Combined TRACON& Tower with Radar,790,161,31,0,982,0,0,1,0,1,790,161,32,0,983,0,0,0,983
05/20/2007,MCO,FL,ASO,ES,Combined TRACON& Tower with Radar,782,149,36,1,968,0,1,8,0,9,782,150,44,1,977,0,0,0,977
05/21/2007,MCO,FL,ASO,ES,Combined TRACON& Tower with Radar,787,156,39,2,984,0,2,15,0,17,787,158,54,2,1001,0,0,0,1001
05/22/2007,MCO,FL,ASO,ES,Combined TRACON& Tower with Radar,762,139,53,0,954,0,2,11,0,13,762,141,64,0,967,0,0,0,967
05/23/2007,MCO,FL,ASO,ES,Combined TRACON& Tower with Radar,785,159,44,0,988,0,2,7,0,9,785,161,51,0,997,0,0,0,997
05/24/2007,MCO,FL,ASO,ES,Combined TRACON& Tower with Radar,798,150,47,0,995,0,0,7,0,7,798,150,54,0,1002,0,0,0,1002
05/25/2007,MCO,FL,ASO,ES,Combined TRACON& Tower with Radar,821,151,50,0,1022,0,3,11,0,14,821,154,61,0,1036,0,0,0,1036
05/26/2007,MCO,FL,ASO,ES,Combined TRACON& Tower with Radar,772,154,27,1,954,0,0,13,0,13,772,154,40,1,967,0,0,0,967
05/27/2007,MCO,FL,ASO,ES,Combined TRACON& Tower with Radar,766,122,28,1,917,1,0,7,0,8,767,122,35,1,925,0,0,0,925
05/28/2007,MCO,FL,ASO,ES,Combined TRACON& Tower with Radar,766,155,31,0,952,0,0,14,1,15,766,155,45,1,967,0,0,0,967
05/29/2007,MCO,FL,ASO,ES,Combined TRACON& Tower with Radar,770,134,50,0,954,1,0,12,0,13,771,134,62,0,967,0,0,0,967
05/30/2007,MCO,FL,ASO,ES,Combined TRACON& Tower with Radar,784,165,37,0,986,1,1,6,0,8,785,166,43,0,994,0,0,0,994
05/31/2007,MCO,FL,ASO,ES,Combined TRACON& Tower with Radar,792,150,45,2,989,0,0,8,0,8,792,150,53,2,997,0,0,0,997
06/01/2007,MCO,FL,ASO,ES,Combined TRACON& Tower with Radar,791,155,42,0,988,0,0,3,0,3,791,155,45,0,991,0,0,0,991
06/02/2007,MCO,FL,ASO,ES,Combined TRACON& Tower with Radar,788,156,15,0,959,0,0,1,0,1,788,156,16,0,960,0,0,0,960
06/03/2007,MCO,FL,ASO,ES,Combined TRACON& Tower with Radar,787,145,37,0,969,0,0,6,0,6,787,145,43,0,975,0,0,0,975
06/04/2007,MCO,FL,ASO,ES,Combined TRACON& Tower with Radar,781,154,60,2,997,0,2,15,0,17,781,156,75,2,1014,0,0,0,1014
06/05/2007,MCO,FL,ASO,ES,Combined TRACON& Tower with Radar,782,147,44,0,973,0,0,5,0,5,782,147,49,0,978,0,0,0,978
06/06/2007,MCO,FL,ASO,ES,Combined TRACON& Tower with Radar,786,156,53,0,995,0,0,3,0,3,786,156,56,0,998,0,0,0,998
06/07/2007,MCO,FL,ASO,ES,Combined TRACON& Tower with Radar,824,158,46,4,1032,0,2,9,0,11,824,160,55,4,1043,0,0,0,1043
06/08/2007,MCO,FL,ASO,ES,Combined TRACON& Tower with Radar,782,157,59,1,999,0,0,11,0,11,782,157,70,1,1010,0,0,0,1010
06/09/2007,MCO,FL,ASO,ES,Combined TRACON& Tower with Radar,828,169,32,1,1030,1,1,11,0,13,829,170,43,1,1043,0,0,0,1043
06/10/2007,MCO,FL,ASO,ES,Combined TRACON& Tower with Radar,787,139,38,2,966,0,0,17,0,17,787,139,55,2,983,0,0,0,983
06/11/2007,MCO,FL,ASO,ES,Combined TRACON& Tower with Radar,789,147,33,0,969,4,1,5,0,10,793,148,38,0,979,0,0,0,979
06/12/2007,MCO,FL,ASO,ES,Combined TRACON& Tower with Radar,766,156,52,0,974,0,0,9,0,9,766,156,61,0,983,0,0,0,983
06/13/2007,MCO,FL,ASO,ES,Combined TRACON& Tower with Radar,798,158,56,0,1012,0,2,15,0,17,798,160,71,0,1029,0,0,0,1029
06/14/2007,MCO,FL,ASO,ES,Combined TRACON& Tower with Radar,831,154,49,0,1034,0,0,21,0,21,831,154,70,0,1055,0,0,0,1055
06/15/2007,MCO,FL,ASO,ES,Combined TRACON& Tower with Radar,820,154,49,0,1023,0,4,17,0,21,820,158,66,0,1044,0,0,0,1044
06/16/2007,MCO,FL,ASO,ES,Combined TRACON& Tower with Radar,808,165,29,1,1003,0,5,9,1,15,808,170,38,2,1018,0,0,0,1018
06/17/2007,MCO,FL,ASO,ES,Combined TRACON& Tower with Radar,807,142,25,1,975,0,0,10,0,10,807,142,35,1,985,0,0,0,985
06/18/2007,MCO,FL,ASO,ES,Combined TRACON& Tower with Radar,802,148,40,0,990,0,0,13,0,13,802,148,53,0,1003,0,0,0,1003
06/19/2007,MCO,FL,ASO,ES,Combined TRACON& Tower with Radar,782,141,47,0,970,0,2,4,0,6,782,143,51,0,976,0,0,0,976
06/20/2007,MCO,FL,ASO,ES,Combined TRACON& Tower with Radar,835,160,56,0,1051,0,0,9,0,9,835,160,65,0,1060,0,0,0,1060
06/21/2007,MCO,FL,ASO,ES,Combined TRACON& Tower with Radar,823,155,61,0,1039,0,0,13,0,13,823,155,74,0,1052,0,0,0,1052
06/22/2007,MCO,FL,ASO,ES,Combined TRACON& Tower with Radar,831,156,56,0,1043,1,1,18,1,21,832,157,74,1,1064,0,0,0,1064
06/23/2007,MCO,FL,ASO,ES,Combined TRACON& Tower with Radar,830,159,27,1,1017,1,0,5,0,6,831,159,32,1,1023,0,0,0,1023
06/24/2007,MCO,FL,ASO,ES,Combined TRACON& Tower with Radar,807,143,34,1,985,0,0,8,0,8,807,143,42,1,993,0,0,0,993
06/25/2007,MCO,FL,ASO,ES,Combined TRACON& Tower with Radar,777,142,38,2,959,5,3,10,1,19,782,145,48,3,978,0,0,0,978
06/26/2007,MCO,FL,ASO,ES,Combined TRACON& Tower with Radar,815,148,47,0,1010,0,2,18,0,20,815,150,65,0,1030,0,0,0,1030
06/27/2007,MCO,FL,ASO,ES,Combined TRACON& Tower with Radar,783,152,59,0,994,2,2,15,0,19,785,154,74,0,1013,0,0,0,1013
06/28/2007,MCO,FL,ASO,ES,Combined TRACON& Tower with Radar,808,159,58,4,1029,0,2,3,0,5,808,161,61,4,1034,0,0,0,1034
06/29/2007,MCO,FL,ASO,ES,Combined TRACON& Tower with Radar,841,155,45,3,1044,0,2,12,0,14,841,157,57,3,1058,0,0,0,1058
06/30/2007,MCO,FL,ASO,ES,Combined TRACON& Tower with Radar,837,172,28,0,1037,0,0,8,0,8,837,172,36,0,1045,0,0,0,1045
07/01/2007,MCO,FL,ASO,ES,Combined TRACON& Tower with Radar,797,130,32,0,959,2,0,6,0,8,799,130,38,0,967,0,0,0,967
07/02/2007,MCO,FL,ASO,ES,Combined TRACON& Tower with Radar,832,132,37,0,1001,3,0,8,0,11,835,132,45,0,1012,0,0,0,1012
07/03/2007,MCO,FL,ASO,ES,Combined TRACON& Tower with Radar,817,125,30,0,972,1,3,8,0,12,818,128,38,0,984,0,0,0,984
07/04/2007,MCO,FL,ASO,ES,Combined TRACON& Tower with Radar,766,91,17,0,874,0,0,3,0,3,766,91,20,0,877,0,0,0,877
07/05/2007,MCO,FL,ASO,ES,Combined TRACON& Tower with Radar,799,136,42,0,977,1,0,4,0,5,800,136,46,0,982,0,0,0,982
07/06/2007,MCO,FL,ASO,ES,Combined TRACON& Tower with Radar,832,140,25,2,999,2,3,12,0,17,834,143,37,2,1016,0,0,0,1016
07/07/2007,MCO,FL,ASO,ES,Combined TRACON& Tower with Radar,846,167,20,3,1036,0,0,5,0,5,846,167,25,3,1041,0,0,0,1041
07/08/2007,MCO,FL,ASO,ES,Combined TRACON& Tower with Radar,812,146,31,2,991,0,0,18,0,18,812,146,49,2,1009,0,0,0,1009
07/09/2007,MCO,FL,ASO,ES,Combined TRACON& Tower with Radar,805,150,44,0,999,0,0,19,0,19,805,150,63,0,1018,0,0,0,1018
07/10/2007,MCO,FL,ASO,ES,Combined TRACON& Tower with Radar,785,144,36,4,969,0,2,11,0,13,785,146,47,4,982,0,0,0,982
07/11/2007,MCO,FL,ASO,ES,Combined TRACON& Tower with Radar,846,150,56,0,1052,0,0,7,0,7,846,150,63,0,1059,0,0,0,1059
07/12/2007,MCO,FL,ASO,ES,Combined TRACON& Tower with Radar,851,155,46,0,1052,0,1,7,0,8,851,156,53,0,1060,0,0,0,1060
07/13/2007,MCO,FL,ASO,ES,Combined TRACON& Tower with Radar,843,157,49,1,1050,0,1,7,0,8,843,158,56,1,1058,0,0,0,1058
07/14/2007,MCO,FL,ASO,ES,Combined TRACON& Tower with Radar,841,152,22,0,1015,0,0,10,0,10,841,152,32,0,1025,0,0,0,1025
07/15/2007,MCO,FL,ASO,ES,Combined TRACON& Tower with Radar,816,142,26,0,984,0,0,9,0,9,816,142,35,0,993,0,0,0,993
07/16/2007,MCO,FL,ASO,ES,Combined TRACON& Tower with Radar,820,157,30,5,1012,0,0,2,0,2,820,157,32,5,1014,0,0,0,1014
07/17/2007,MCO,FL,ASO,ES,Combined TRACON& Tower with Radar,840,140,38,2,1020,0,1,12,0,13,840,141,50,2,1033,0,0,0,1033
07/18/2007,MCO,FL,ASO,ES,Combined TRACON& Tower with Radar,815,149,33,0,997,0,0,5,0,5,815,149,38,0,1002,0,0,0,1002
07/19/2007,MCO,FL,ASO,ES,Combined TRACON& Tower with Radar,812,153,48,5,1018,1,1,16,0,18,813,154,64,5,1036,0,0,0,1036
07/20/2007,MCO,FL,ASO,ES,Combined TRACON& Tower with Radar,889,159,50,0,1098,1,0,11,0,12,890,159,61,0,1110,0,0,0,1110
07/21/2007,MCO,FL,ASO,ES,Combined TRACON& Tower with Radar,869,167,25,0,1061,0,1,11,0,12,869,168,36,0,1073,0,0,0,1073
07/22/2007,MCO,FL,ASO,ES,Combined TRACON& Tower with Radar,819,152,44,0,1015,0,3,8,0,11,819,155,52,0,1026,0,0,0,1026
07/23/2007,MCO,FL,ASO,ES,Combined TRACON& Tower with Radar,819,148,57,0,1024,0,0,6,0,6,819,148,63,0,1030,0,0,0,1030
07/24/2007,MCO,FL,ASO,ES,Combined TRACON& Tower with Radar,837,145,43,0,1025,0,0,5,0,5,837,145,48,0,1030,0,0,0,1030
07/25/2007,MCO,FL,ASO,ES,Combined TRACON& Tower with Radar,830,151,66,0,1047,0,0,10,0,10,830,151,76,0,1057,0,0,0,1057
07/26/2007,MCO,FL,ASO,ES,Combined TRACON& Tower with Radar,836,165,59,2,1062,0,1,8,0,9,836,166,67,2,1071,0,0,0,1071
07/27/2007,MCO,FL,ASO,ES,Combined TRACON& Tower with Radar,826,156,38,0,1020,0,0,14,0,14,826,156,52,0,1034,0,0,0,1034
07/28/2007,MCO,FL,ASO,ES,Combined TRACON& Tower with Radar,856,158,30,0,1044,0,0,7,0,7,856,158,37,0,1051,0,0,0,1051
07/29/2007,MCO,FL,ASO,ES,Combined TRACON& Tower with Radar,767,148,38,0,953,0,0,7,0,7,767,148,45,0,960,0,0,0,960
07/30/2007,MCO,FL,ASO,ES,Combined TRACON& Tower with Radar,846,144,44,2,1036,0,1,7,0,8,846,145,51,2,1044,0,0,0,1044
07/31/2007,MCO,FL,ASO,ES,Combined TRACON& Tower with Radar,843,149,38,2,1032,0,1,3,0,4,843,150,41,2,1036,0,0,0,1036
08/01/2007,MCO,FL,ASO,ES,Combined TRACON& Tower with Radar,855,145,45,2,1047,0,0,6,0,6,855,145,51,2,1053,0,0,0,1053
08/02/2007,MCO,FL,ASO,ES,Combined TRACON& Tower with Radar,834,146,39,0,1019,0,0,6,0,6,834,146,45,0,1025,0,0,0,1025
08/03/2007,MCO,FL,ASO,ES,Combined TRACON& Tower with Radar,825,147,48,7,1027,0,1,18,0,19,825,148,66,7,1046,0,0,0,1046
08/04/2007,MCO,FL,ASO,ES,Combined TRACON& Tower with Radar,867,163,26,1,1057,0,0,2,0,2,867,163,28,1,1059,0,0,0,1059
08/05/2007,MCO,FL,ASO,ES,Combined TRACON& Tower with Radar,801,148,30,0,979,1,0,17,0,18,802,148,47,0,997,0,0,0,997
08/06/2007,MCO,FL,ASO,ES,Combined TRACON& Tower with Radar,822,146,35,0,1003,0,0,9,0,9,822,146,44,0,1012,0,0,0,1012
08/07/2007,MCO,FL,ASO,ES,Combined TRACON& Tower with Radar,838,148,36,0,1022,0,0,23,0,23,838,148,59,0,1045,0,0,0,1045
08/08/2007,MCO,FL,ASO,ES,Combined TRACON& Tower with Radar,822,149,43,0,1014,0,0,11,0,11,822,149,54,0,1025,0,0,0,1025
08/09/2007,MCO,FL,ASO,ES,Combined TRACON& Tower with Radar,790,152,33,4,979,0,0,24,0,24,790,152,57,4,1003,0,0,0,1003
08/10/2007,MCO,FL,ASO,ES,Combined TRACON& Tower with Radar,869,146,39,1,1055,0,0,30,0,30,869,146,69,1,1085,0,0,0,1085
08/11/2007,MCO,FL,ASO,ES,Combined TRACON& Tower with Radar,854,156,34,0,1044,1,0,17,0,18,855,156,51,0,1062,0,0,0,1062
08/12/2007,MCO,FL,ASO,ES,Combined TRACON& Tower with Radar,812,138,31,0,981,0,0,15,0,15,812,138,46,0,996,0,0,0,996
08/13/2007,MCO,FL,ASO,ES,Combined TRACON& Tower with Radar,803,156,35,0,994,0,0,18,0,18,803,156,53,0,1012,0,0,0,1012
08/14/2007,MCO,FL,ASO,ES,Combined TRACON& Tower with Radar,834,138,40,0,1012,0,4,22,0,26,834,142,62,0,1038,0,0,0,1038
08/15/2007,MCO,FL,ASO,ES,Combined TRACON& Tower with Radar,809,146,36,2,993,0,3,15,0,18,809,149,51,2,1011,0,0,0,1011
08/16/2007,MCO,FL,ASO,ES,Combined TRACON& Tower with Radar,814,148,33,0,995,0,2,15,0,17,814,150,48,0,1012,0,0,0,1012
08/17/2007,MCO,FL,ASO,ES,Combined TRACON& Tower with Radar,818,150,34,2,1004,1,0,25,0,26,819,150,59,2,1030,0,0,0,1030
08/18/2007,MCO,FL,ASO,ES,Combined TRACON& Tower with Radar,851,152,21,2,1026,0,0,13,0,13,851,152,34,2,1039,0,0,0,1039
08/19/2007,MCO,FL,ASO,ES,Combined TRACON& Tower with Radar,795,150,27,0,972,0,0,9,1,10,795,150,36,1,982,0,0,0,982
08/20/2007,MCO,FL,ASO,ES,Combined TRACON& Tower with Radar,792,150,38,2,982,0,0,7,0,7,792,150,45,2,989,0,0,0,989
08/21/2007,MCO,FL,ASO,ES,Combined TRACON& Tower with Radar,796,115,41,2,954,0,2,14,0,16,796,117,55,2,970,0,0,0,970
08/22/2007,MCO,FL,ASO,ES,Combined TRACON& Tower with Radar,798,122,59,8,987,0,2,20,0,22,798,124,79,8,1009,0,0,0,1009
08/23/2007,MCO,FL,ASO,ES,Combined TRACON& Tower with Radar,794,160,34,5,993,0,1,14,0,15,794,161,48,5,1008,0,0,0,1008
08/24/2007,MCO,FL,ASO,ES,Combined TRACON& Tower with Radar,809,149,35,3,996,0,3,18,0,21,809,152,53,3,1017,0,0,0,1017
08/25/2007,MCO,FL,ASO,ES,Combined TRACON& Tower with Radar,800,128,28,2,958,0,0,5,0,5,800,128,33,2,963,0,0,0,963
08/26/2007,MCO,FL,ASO,ES,Combined TRACON& Tower with Radar,795,126,25,1,947,0,0,14,0,14,795,126,39,1,961,0,0,0,961
08/27/2007,MCO,FL,ASO,ES,Combined TRACON& Tower with Radar,801,150,35,0,986,0,2,16,0,18,801,152,51,0,1004,0,0,0,1004
08/28/2007,MCO,FL,ASO,ES,Combined TRACON& Tower with Radar,811,120,43,0,974,0,2,12,0,14,811,122,55,0,988,0,0,0,988
08/29/2007,MCO,FL,ASO,ES,Combined TRACON& Tower with Radar,774,109,41,0,924,0,1,17,0,18,774,110,58,0,942,0,0,0,942
08/30/2007,MCO,FL,ASO,ES,Combined TRACON& Tower with Radar,817,147,48,0,1012,0,1,19,0,20,817,148,67,0,1032,0,0,0,1032
08/31/2007,MCO,FL,ASO,ES,Combined TRACON& Tower with Radar,826,140,42,0,1008,0,0,13,0,13,826,140,55,0,1021,0,0,0,1021
09/01/2007,MCO,FL,ASO,ES,Combined TRACON& Tower with Radar,787,105,19,1,912,0,0,9,0,9,787,105,28,1,921,0,0,0,921
09/02/2007,MCO,FL,ASO,ES,Combined TRACON& Tower with Radar,703,88,20,0,811,0,0,9,0,9,703,88,29,0,820,0,0,0,820
09/03/2007,MCO,FL,ASO,ES,Combined TRACON& Tower with Radar,748,127,25,1,901,0,0,15,0,15,748,127,40,1,916,0,0,0,916
09/04/2007,MCO,FL,ASO,ES,Combined TRACON& Tower with Radar,781,105,24,1,911,0,0,17,1,18,781,105,41,2,929,0,0,0,929
09/05/2007,MCO,FL,ASO,ES,Combined TRACON& Tower with Radar,726,114,44,0,884,0,0,15,0,15,726,114,59,0,899,0,0,0,899
09/06/2007,MCO,FL,ASO,ES,Combined TRACON& Tower with Radar,757,141,34,1,933,0,0,10,0,10,757,141,44,1,943,0,0,0,943
09/07/2007,MCO,FL,ASO,ES,Combined TRACON& Tower with Radar,769,147,51,1,968,0,0,17,0,17,769,147,68,1,985,0,0,0,985
09/08/2007,MCO,FL,ASO,ES,Combined TRACON& Tower with Radar,739,105,26,0,870,0,0,10,0,10,739,105,36,0,880,0,0,0,880
09/09/2007,MCO,FL,ASO,ES,Combined TRACON& Tower with Radar,729,135,28,2,894,0,0,7,0,7,729,135,35,2,901,0,0,0,901
09/10/2007,MCO,FL,ASO,ES,Combined TRACON& Tower with Radar,727,150,44,2,923,0,0,12,0,12,727,150,56,2,935,0,0,0,935
09/11/2007,MCO,FL,ASO,ES,Combined TRACON& Tower with Radar,691,114,46,0,851,0,0,12,0,12,691,114,58,0,863,0,0,0,863
09/12/2007,MCO,FL,ASO,ES,Combined TRACON& Tower with Radar,729,141,52,2,924,0,0,14,0,14,729,141,66,2,938,0,0,0,938
09/13/2007,MCO,FL,ASO,ES,Combined TRACON& Tower with Radar,760,141,61,0,962,1,0,8,0,9,761,141,69,0,971,0,0,0,971
09/14/2007,MCO,FL,ASO,ES,Combined TRACON& Tower with Radar,774,153,47,1,975,0,2,12,0,14,774,155,59,1,989,0,0,0,989
09/15/2007,MCO,FL,ASO,ES,Combined TRACON& Tower with Radar,748,107,36,0,891,0,0,7,2,9,748,107,43,2,900,0,0,0,900
09/16/2007,MCO,FL,ASO,ES,Combined TRACON& Tower with Radar,734,133,35,1,903,0,0,11,0,11,734,133,46,1,914,0,0,0,914
09/17/2007,MCO,FL,ASO,ES,Combined TRACON& Tower with Radar,751,141,38,2,932,0,0,14,0,14,751,141,52,2,946,0,0,0,946
09/18/2007,MCO,FL,ASO,ES,Combined TRACON& Tower with Radar,693,117,72,2,884,0,0,9,0,9,693,117,81,2,893,0,0,0,893
09/19/2007,MCO,FL,ASO,ES,Combined TRACON& Tower with Radar,698,142,62,0,902,0,0,0,0,0,698,142,62,0,902,0,0,0,902
09/20/2007,MCO,FL,ASO,ES,Combined TRACON& Tower with Radar,761,154,46,1,962,0,0,6,0,6,761,154,52,1,968,0,0,0,968
09/21/2007,MCO,FL,ASO,ES,Combined TRACON& Tower with Radar,769,149,39,2,959,0,0,11,0,11,769,149,50,2,970,0,0,0,970
09/22/2007,MCO,FL,ASO,ES,Combined TRACON& Tower with Radar,751,114,32,0,897,0,0,5,0,5,751,114,37,0,902,0,0,0,902
09/23/2007,MCO,FL,ASO,ES,Combined TRACON& Tower with Radar,723,135,36,0,894,0,0,4,0,4,723,135,40,0,898,0,0,0,898
09/24/2007,MCO,FL,ASO,ES,Combined TRACON& Tower with Radar,748,147,49,1,945,0,0,12,0,12,748,147,61,1,957,0,0,0,957
09/25/2007,MCO,FL,ASO,ES,Combined TRACON& Tower with Radar,681,113,58,0,852,0,0,17,0,17,681,113,75,0,869,0,0,0,869
09/26/2007,MCO,FL,ASO,ES,Combined TRACON& Tower with Radar,705,135,45,1,886,0,0,4,0,4,705,135,49,1,890,0,0,0,890
09/27/2007,MCO,FL,ASO,ES,Combined TRACON& Tower with Radar,757,140,39,3,939,1,1,17,0,19,758,141,56,3,958,0,0,0,958
09/28/2007,MCO,FL,ASO,ES,Combined TRACON& Tower with Radar,776,151,54,0,981,0,1,17,0,18,776,152,71,0,999,0,0,0,999
09/29/2007,MCO,FL,ASO,ES,Combined TRACON& Tower with Radar,737,108,25,0,870,1,0,9,0,10,738,108,34,0,880,0,0,0,880
09/30/2007,MCO,FL,ASO,ES,Combined TRACON& Tower with Radar,734,135,27,0,896,0,0,10,0,10,734,135,37,0,906,0,0,0,906
10/01/2007,MCO,FL,ASO,ES,Combined TRACON& Tower with Radar,763,149,38,0,950,0,1,11,0,12,763,150,49,0,962,0,0,0,962
10/02/2007,MCO,FL,ASO,ES,Combined TRACON& Tower with Radar,728,113,41,0,882,0,1,0,0,1,728,114,41,0,883,0,0,0,883
10/03/2007,MCO,FL,ASO,ES,Combined TRACON& Tower with Radar,745,135,84,0,964,0,1,12,0,13,745,136,96,0,977,0,0,0,977
10/04/2007,MCO,FL,ASO,ES,Combined TRACON& Tower with Radar,788,150,55,0,993,0,2,13,0,15,788,152,68,0,1008,0,0,0,1008
10/05/2007,MCO,FL,ASO,ES,Combined TRACON& Tower with Radar,789,134,58,0,981,0,2,9,0,11,789,136,67,0,992,0,0,0,992
10/06/2007,MCO,FL,ASO,ES,Combined TRACON& Tower with Radar,783,116,21,0,920,0,2,5,0,7,783,118,26,0,927,0,0,0,927
10/07/2007,MCO,FL,ASO,ES,Combined TRACON& Tower with Radar,767,130,40,0,937,0,0,7,0,7,767,130,47,0,944,0,0,0,944
10/08/2007,MCO,FL,ASO,ES,Combined TRACON& Tower with Radar,769,144,51,0,964,0,3,15,0,18,769,147,66,0,982,0,0,0,982
10/09/2007,MCO,FL,ASO,ES,Combined TRACON& Tower with Radar,728,114,53,0,895,0,1,16,0,17,728,115,69,0,912,0,0,0,912
10/10/2007,MCO,FL,ASO,ES,Combined TRACON& Tower with Radar,762,129,61,0,952,0,0,11,1,12,762,129,72,1,964,0,0,0,964
10/11/2007,MCO,FL,ASO,ES,Combined TRACON& Tower with Radar,778,148,50,0,976,2,3,13,2,20,780,151,63,2,996,0,0,0,996
10/12/2007,MCO,FL,ASO,ES,Combined TRACON& Tower with Radar,818,148,53,2,1021,0,1,15,0,16,818,149,68,2,1037,0,0,0,1037
10/13/2007,MCO,FL,ASO,ES,Combined TRACON& Tower with Radar,783,110,30,2,925,0,0,11,0,11,783,110,41,2,936,0,0,0,936
10/14/2007,MCO,FL,ASO,ES,Combined TRACON& Tower with Radar,759,141,30,0,930,0,0,14,0,14,759,141,44,0,944,0,0,0,944
10/15/2007,MCO,FL,ASO,ES,Combined TRACON& Tower with Radar,775,150,42,0,967,0,2,10,0,12,775,152,52,0,979,0,0,0,979
10/16/2007,MCO,FL,ASO,ES,Combined TRACON& Tower with Radar,739,116,58,0,913,0,2,7,0,9,739,118,65,0,922,0,0,0,922
10/17/2007,MCO,FL,ASO,ES,Combined TRACON& Tower with Radar,762,134,50,2,948,0,1,23,0,24,762,135,73,2,972,0,0,0,972
10/18/2007,MCO,FL,ASO,ES,Combined TRACON& Tower with Radar,779,159,66,3,1007,2,1,18,0,21,781,160,84,3,1028,0,0,0,1028
10/19/2007,MCO,FL,ASO,ES,Combined TRACON& Tower with Radar,788,155,66,2,1011,0,2,13,0,15,788,157,79,2,1026,0,0,0,1026
10/20/2007,MCO,FL,ASO,ES,Combined TRACON& Tower with Radar,797,115,41,0,953,0,0,5,0,5,797,115,46,0,958,0,0,0,958
10/21/2007,MCO,FL,ASO,ES,Combined TRACON& Tower with Radar,760,149,80,2,991,0,0,7,0,7,760,149,87,2,998,0,0,0,998
10/22/2007,MCO,FL,ASO,ES,Combined TRACON& Tower with Radar,779,155,87,1,1022,1,0,10,0,11,780,155,97,1,1033,0,0,0,1033
10/23/2007,MCO,FL,ASO,ES,Combined TRACON& Tower with Radar,732,130,61,0,923,0,0,11,1,12,732,130,72,1,935,0,0,0,935
10/24/2007,MCO,FL,ASO,ES,Combined TRACON& Tower with Radar,738,147,64,1,950,1,0,13,0,14,739,147,77,1,964,0,0,0,964
10/25/2007,MCO,FL,ASO,ES,Combined TRACON& Tower with Radar,793,166,78,0,1037,0,0,19,0,19,793,166,97,0,1056,0,0,0,1056
10/26/2007,MCO,FL,ASO,ES,Combined TRACON& Tower with Radar,796,152,60,0,1008,0,0,11,0,11,796,152,71,0,1019,0,0,0,1019
10/27/2007,MCO,FL,ASO,ES,Combined TRACON& Tower with Radar,795,100,28,0,923,1,0,5,0,6,796,100,33,0,929,0,0,0,929
10/28/2007,MCO,FL,ASO,ES,Combined TRACON& Tower with Radar,771,150,46,0,967,0,0,8,0,8,771,150,54,0,975,0,0,0,975
10/29/2007,MCO,FL,ASO,ES,Combined TRACON& Tower with Radar,776,135,31,0,942,1,0,6,0,7,777,135,37,0,949,0,0,0,949
10/30/2007,MCO,FL,ASO,ES,Combined TRACON& Tower with Radar,740,128,51,0,919,0,0,9,0,9,740,128,60,0,928,0,0,0,928
10/31/2007,MCO,FL,ASO,ES,Combined TRACON& Tower with Radar,749,106,40,0,895,0,0,7,0,7,749,106,47,0,902,0,0,0,902
11/01/2007,MCO,FL,ASO,ES,Combined TRACON& Tower with Radar,799,153,48,0,1000,0,0,2,0,2,799,153,50,0,1002,0,0,0,1002
11/02/2007,MCO,FL,ASO,ES,Combined TRACON& Tower with Radar,809,167,60,2,1038,0,0,16,0,16,809,167,76,2,1054,0,0,0,1054
11/03/2007,MCO,FL,ASO,ES,Combined TRACON& Tower with Radar,806,111,28,0,945,2,0,11,0,13,808,111,39,0,958,0,0,0,958
11/04/2007,MCO,FL,ASO,ES,Combined TRACON& Tower with Radar,791,138,57,0,986,0,0,19,0,19,791,138,76,0,1005,0,0,0,1005
11/05/2007,MCO,FL,ASO,ES,Combined TRACON& Tower with Radar,792,160,56,0,1008,0,2,23,0,25,792,162,79,0,1033,0,0,0,1033
11/06/2007,MCO,FL,ASO,ES,Combined TRACON& Tower with Radar,766,124,53,0,943,2,2,24,2,30,768,126,77,2,973,0,0,0,973
11/07/2007,MCO,FL,ASO,ES,Combined TRACON& Tower with Radar,803,147,65,0,1015,0,0,14,0,14,803,147,79,0,1029,0,0,0,1029
11/08/2007,MCO,FL,ASO,ES,Combined TRACON& Tower with Radar,830,149,54,0,1033,0,1,21,0,22,830,150,75,0,1055,0,0,0,1055
11/09/2007,MCO,FL,ASO,ES,Combined TRACON& Tower with Radar,822,165,66,0,1053,0,0,13,0,13,822,165,79,0,1066,0,0,0,1066
11/10/2007,MCO,FL,ASO,ES,Combined TRACON& Tower with Radar,823,112,34,0,969,0,2,8,0,10,823,114,42,0,979,0,0,0,979
11/11/2007,MCO,FL,ASO,ES,Combined TRACON& Tower with Radar,793,128,40,0,961,0,0,9,0,9,793,128,49,0,970,0,0,0,970
11/12/2007,MCO,FL,ASO,ES,Combined TRACON& Tower with Radar,803,151,34,0,988,0,1,26,0,27,803,152,60,0,1015,0,0,0,1015
11/13/2007,MCO,FL,ASO,ES,Combined TRACON& Tower with Radar,780,122,49,0,951,0,0,13,0,13,780,122,62,0,964,0,0,0,964
11/14/2007,MCO,FL,ASO,ES,Combined TRACON& Tower with Radar,782,144,71,2,999,0,0,24,0,24,782,144,95,2,1023,0,0,0,1023
11/15/2007,MCO,FL,ASO,ES,Combined TRACON& Tower with Radar,834,166,52,6,1058,0,0,8,0,8,834,166,60,6,1066,0,0,0,1066
11/16/2007,MCO,FL,ASO,ES,Combined TRACON& Tower with Radar,847,163,52,2,1064,0,0,14,2,16,847,163,66,4,1080,0,0,0,1080
11/17/2007,MCO,FL,ASO,ES,Combined TRACON& Tower with Radar,856,125,42,0,1023,0,0,16,0,16,856,125,58,0,1039,0,0,0,1039
11/18/2007,MCO,FL,ASO,ES,Combined TRACON& Tower with Radar,812,142,32,4,990,0,0,10,0,10,812,142,42,4,1000,0,0,0,1000
11/19/2007,MCO,FL,ASO,ES,Combined TRACON& Tower with Radar,811,131,31,1,974,0,2,17,0,19,811,133,48,1,993,0,0,0,993
11/20/2007,MCO,FL,ASO,ES,Combined TRACON& Tower with Radar,849,140,42,4,1035,0,0,11,2,13,849,140,53,6,1048,0,0,0,1048
11/21/2007,MCO,FL,ASO,ES,Combined TRACON& Tower with Radar,863,154,51,2,1070,0,0,8,1,9,863,154,59,3,1079,0,0,0,1079
11/22/2007,MCO,FL,ASO,ES,Combined TRACON& Tower with Radar,711,76,13,0,800,0,0,5,0,5,711,76,18,0,805,0,0,0,805
11/23/2007,MCO,FL,ASO,ES,Combined TRACON& Tower with Radar,777,112,21,1,911,0,2,8,0,10,777,114,29,1,921,0,0,0,921
11/24/2007,MCO,FL,ASO,ES,Combined TRACON& Tower with Radar,837,119,23,0,979,0,1,10,0,11,837,120,33,0,990,0,0,0,990
11/25/2007,MCO,FL,ASO,ES,Combined TRACON& Tower with Radar,848,145,53,3,1049,0,3,23,0,26,848,148,76,3,1075,0,0,0,1075
11/26/2007,MCO,FL,ASO,ES,Combined TRACON& Tower with Radar,811,143,44,10,1008,0,0,11,0,11,811,143,55,10,1019,0,0,0,1019
11/27/2007,MCO,FL,ASO,ES,Combined TRACON& Tower with Radar,854,120,33,8,1015,0,0,6,0,6,854,120,39,8,1021,0,0,0,1021
11/28/2007,MCO,FL,ASO,ES,Combined TRACON& Tower with Radar,830,139,55,7,1031,0,0,3,0,3,830,139,58,7,1034,0,0,0,1034
11/29/2007,MCO,FL,ASO,ES,Combined TRACON& Tower with Radar,844,152,61,0,1057,0,0,13,0,13,844,152,74,0,1070,0,0,0,1070
11/30/2007,MCO,FL,ASO,ES,Combined TRACON& Tower with Radar,848,142,59,4,1053,0,0,0,0,0,848,142,59,4,1053,0,0,0,1053
12/01/2007,MCO,FL,ASO,ES,Combined TRACON& Tower with Radar,815,96,33,1,945,0,0,9,0,9,815,96,42,1,954,0,0,0,954
12/02/2007,MCO,FL,ASO,ES,Combined TRACON& Tower with Radar,795,110,50,0,955,0,0,14,1,15,795,110,64,1,970,0,0,0,970
12/03/2007,MCO,FL,ASO,ES,Combined TRACON& Tower with Radar,822,139,54,2,1017,0,0,10,0,10,822,139,64,2,1027,0,0,0,1027
12/04/2007,MCO,FL,ASO,ES,Combined TRACON& Tower with Radar,810,127,53,0,990,0,0,15,0,15,810,127,68,0,1005,0,0,0,1005
12/05/2007,MCO,FL,ASO,ES,Combined TRACON& Tower with Radar,805,150,47,0,1002,0,0,19,0,19,805,150,66,0,1021,0,0,0,1021
12/06/2007,MCO,FL,ASO,ES,Combined TRACON& Tower with Radar,855,153,72,1,1081,1,0,8,0,9,856,153,80,1,1090,0,0,0,1090
12/07/2007,MCO,FL,ASO,ES,Combined TRACON& Tower with Radar,840,141,81,2,1064,0,0,23,2,25,840,141,104,4,1089,0,0,0,1089
12/08/2007,MCO,FL,ASO,ES,Combined TRACON& Tower with Radar,862,94,43,1,1000,0,0,8,0,8,862,94,51,1,1008,0,0,0,1008
12/09/2007,MCO,FL,ASO,ES,Combined TRACON& Tower with Radar,810,114,36,0,960,0,0,6,0,6,810,114,42,0,966,0,0,0,966
12/10/2007,MCO,FL,ASO,ES,Combined TRACON& Tower with Radar,803,145,50,2,1000,0,0,10,0,10,803,145,60,2,1010,0,0,0,1010
12/11/2007,MCO,FL,ASO,ES,Combined TRACON& Tower with Radar,795,116,65,1,977,0,1,15,0,16,795,117,80,1,993,0,0,0,993
12/12/2007,MCO,FL,ASO,ES,Combined TRACON& Tower with Radar,817,135,60,1,1013,0,0,19,0,19,817,135,79,1,1032,0,0,0,1032
12/13/2007,MCO,FL,ASO,ES,Combined TRACON& Tower with Radar,784,136,49,0,969,0,0,23,0,23,784,136,72,0,992,0,0,0,992
12/14/2007,MCO,FL,ASO,ES,Combined TRACON& Tower with Radar,866,143,60,3,1072,0,0,6,0,6,866,143,66,3,1078,0,0,0,1078
12/15/2007,MCO,FL,ASO,ES,Combined TRACON& Tower with Radar,846,106,34,4,990,0,0,3,0,3,846,106,37,4,993,0,0,0,993
12/16/2007,MCO,FL,ASO,ES,Combined TRACON& Tower with Radar,779,122,28,1,930,0,0,4,0,4,779,122,32,1,934,0,0,0,934
12/17/2007,MCO,FL,ASO,ES,Combined TRACON& Tower with Radar,857,107,52,2,1018,0,0,10,0,10,857,107,62,2,1028,0,0,0,1028
12/18/2007,MCO,FL,ASO,ES,Combined TRACON& Tower with Radar,869,114,65,0,1048,0,0,15,0,15,869,114,80,0,1063,0,0,0,1063
12/19/2007,MCO,FL,ASO,ES,Combined TRACON& Tower with Radar,891,130,53,2,1076,0,3,10,0,13,891,133,63,2,1089,0,0,0,1089
12/20/2007,MCO,FL,ASO,ES,Combined TRACON& Tower with Radar,906,134,58,0,1098,0,1,19,0,20,906,135,77,0,1118,0,0,0,1118
12/21/2007,MCO,FL,ASO,ES,Combined TRACON& Tower with Radar,907,138,51,2,1098,0,2,7,0,9,907,140,58,2,1107,0,0,0,1107
12/22/2007,MCO,FL,ASO,ES,Combined TRACON& Tower with Radar,913,142,43,0,1098,1,0,5,0,6,914,142,48,0,1104,0,0,0,1104
12/23/2007,MCO,FL,ASO,ES,Combined TRACON& Tower with Radar,884,135,33,0,1052,0,0,8,0,8,884,135,41,0,1060,0,0,0,1060
12/24/2007,MCO,FL,ASO,ES,Combined TRACON& Tower with Radar,820,87,13,0,920,1,1,1,0,3,821,88,14,0,923,0,0,0,923
12/25/2007,MCO,FL,ASO,ES,Combined TRACON& Tower with Radar,762,68,3,0,833,0,0,1,0,1,762,68,4,0,834,0,0,0,834
12/26/2007,MCO,FL,ASO,ES,Combined TRACON& Tower with Radar,886,132,55,0,1073,0,1,8,0,9,886,133,63,0,1082,0,0,0,1082
12/27/2007,MCO,FL,ASO,ES,Combined TRACON& Tower with Radar,901,151,53,2,1107,0,0,6,0,6,901,151,59,2,1113,0,0,0,1113
12/28/2007,MCO,FL,ASO,ES,Combined TRACON& Tower with Radar,882,135,42,0,1059,0,1,7,0,8,882,136,49,0,1067,0,0,0,1067
12/29/2007,MCO,FL,ASO,ES,Combined TRACON& Tower with Radar,942,131,39,1,1113,0,1,7,0,8,942,132,46,1,1121,0,0,0,1121
12/30/2007,MCO,FL,ASO,ES,Combined TRACON& Tower with Radar,871,124,28,0,1023,0,0,7,0,7,871,124,35,0,1030,0,0,0,1030
12/31/2007,MCO,FL,ASO,ES,Combined TRACON& Tower with Radar,828,102,33,0,963,0,0,0,0,0,828,102,33,0,963,0,0,0,963
01/01/2008,MCO,FL,ASO,ES,Combined TRACON& Tower with Radar,819,104,24,0,947,0,0,3,0,3,819,104,27,0,950,0,0,0,950
01/02/2008,MCO,FL,ASO,ES,Combined TRACON& Tower with Radar,901,138,61,2,1102,0,0,5,0,5,901,138,66,2,1107,0,0,0,1107
01/03/2008,MCO,FL,ASO,ES,Combined TRACON& Tower with Radar,901,140,40,0,1081,0,0,8,0,8,901,140,48,0,1089,0,0,0,1089
01/04/2008,MCO,FL,ASO,ES,Combined TRACON& Tower with Radar,904,137,48,4,1093,0,0,15,1,16,904,137,63,5,1109,0,0,0,1109
01/05/2008,MCO,FL,ASO,ES,Combined TRACON& Tower with Radar,882,103,35,1,1021,0,1,2,1,4,882,104,37,2,1025,0,0,0,1025
01/06/2008,MCO,FL,ASO,ES,Combined TRACON& Tower with Radar,862,129,44,2,1037,0,0,9,0,9,862,129,53,2,1046,0,0,0,1046
01/07/2008,MCO,FL,ASO,ES,Combined TRACON& Tower with Radar,822,139,40,0,1001,0,1,17,0,18,822,140,57,0,1019,0,0,0,1019
01/08/2008,MCO,FL,ASO,ES,Combined TRACON& Tower with Radar,801,129,38,5,973,0,1,11,0,12,801,130,49,5,985,0,0,0,985
01/09/2008,MCO,FL,ASO,ES,Combined TRACON& Tower with Radar,774,126,51,2,953,0,4,15,0,19,774,130,66,2,972,0,0,0,972
01/10/2008,MCO,FL,ASO,ES,Combined TRACON& Tower with Radar,828,158,59,2,1047,0,0,28,0,28,828,158,87,2,1075,0,0,0,1075
01/11/2008,MCO,FL,ASO,ES,Combined TRACON& Tower with Radar,822,152,42,4,1020,0,6,8,0,14,822,158,50,4,1034,0,0,0,1034
01/12/2008,MCO,FL,ASO,ES,Combined TRACON& Tower with Radar,827,111,39,1,978,0,1,5,0,6,827,112,44,1,984,0,0,0,984
01/13/2008,MCO,FL,ASO,ES,Combined TRACON& Tower with Radar,787,127,48,0,962,0,0,4,0,4,787,127,52,0,966,0,0,0,966
01/14/2008,MCO,FL,ASO,ES,Combined TRACON& Tower with Radar,799,132,43,0,974,0,1,9,0,10,799,133,52,0,984,0,0,0,984
01/15/2008,MCO,FL,ASO,ES,Combined TRACON& Tower with Radar,782,125,54,0,961,0,1,15,2,18,782,126,69,2,979,0,0,0,979
01/16/2008,MCO,FL,ASO,ES,Combined TRACON& Tower with Radar,782,129,88,0,999,0,1,20,0,21,782,130,108,0,1020,0,0,0,1020
01/17/2008,MCO,FL,ASO,ES,Combined TRACON& Tower with Radar,810,162,77,2,1051,2,0,6,0,8,812,162,83,2,1059,0,0,0,1059
01/18/2008,MCO,FL,ASO,ES,Combined TRACON& Tower with Radar,829,161,70,6,1066,0,0,0,0,0,829,161,70,6,1066,0,0,0,1066
01/19/2008,MCO,FL,ASO,ES,Combined TRACON& Tower with Radar,804,97,34,0,935,0,0,0,0,0,804,97,34,0,935,0,0,0,935
01/20/2008,MCO,FL,ASO,ES,Combined TRACON& Tower with Radar,826,115,37,0,978,0,0,4,0,4,826,115,41,0,982,0,0,0,982
01/21/2008,MCO,FL,ASO,ES,Combined TRACON& Tower with Radar,794,151,45,5,995,0,0,10,1,11,794,151,55,6,1006,0,0,0,1006
01/22/2008,MCO,FL,ASO,ES,Combined TRACON& Tower with Radar,784,127,54,1,966,0,1,9,0,10,784,128,63,1,976,0,0,0,976
01/23/2008,MCO,FL,ASO,ES,Combined TRACON& Tower with Radar,778,128,68,2,976,0,0,12,0,12,778,128,80,2,988,0,0,0,988
01/24/2008,MCO,FL,ASO,ES,Combined TRACON& Tower with Radar,868,136,60,2,1066,0,0,4,0,4,868,136,64,2,1070,0,0,0,1070
01/25/2008,MCO,FL,ASO,ES,Combined TRACON& Tower with Radar,827,147,58,1,1033,0,0,17,2,19,827,147,75,3,1052,0,0,0,1052
01/26/2008,MCO,FL,ASO,ES,Combined TRACON& Tower with Radar,797,99,33,0,929,0,0,4,0,4,797,99,37,0,933,0,0,0,933
01/27/2008,MCO,FL,ASO,ES,Combined TRACON& Tower with Radar,810,134,60,2,1006,0,0,5,0,5,810,134,65,2,1011,0,0,0,1011
01/28/2008,MCO,FL,ASO,ES,Combined TRACON& Tower with Radar,806,141,65,4,1016,0,0,17,0,17,806,141,82,4,1033,0,0,0,1033
01/29/2008,MCO,FL,ASO,ES,Combined TRACON& Tower with Radar,770,129,65,2,966,0,0,22,0,22,770,129,87,2,988,0,0,0,988
01/30/2008,MCO,FL,ASO,ES,Combined TRACON& Tower with Radar,773,141,83,0,997,0,0,11,0,11,773,141,94,0,1008,0,0,0,1008
01/31/2008,MCO,FL,ASO,ES,Combined TRACON& Tower with Radar,813,158,62,0,1033,0,0,8,0,8,813,158,70,0,1041,0,0,0,1041
02/01/2008,MCO,FL,ASO,ES,Combined TRACON& Tower with Radar,800,143,67,2,1012,1,0,15,0,16,801,143,82,2,1028,0,0,0,1028
02/02/2008,MCO,FL,ASO,ES,Combined TRACON& Tower with Radar,832,101,47,0,980,0,0,15,0,15,832,101,62,0,995,0,0,0,995
02/03/2008,MCO,FL,ASO,ES,Combined TRACON& Tower with Radar,802,127,35,0,964,0,0,8,0,8,802,127,43,0,972,0,0,0,972
02/04/2008,MCO,FL,ASO,ES,Combined TRACON& Tower with Radar,776,150,50,0,976,0,1,12,0,13,776,151,62,0,989,0,0,0,989
02/05/2008,MCO,FL,ASO,ES,Combined TRACON& Tower with Radar,776,131,59,0,966,0,2,24,0,26,776,133,83,0,992,0,0,0,992
02/06/2008,MCO,FL,ASO,ES,Combined TRACON& Tower with Radar,758,137,63,2,960,0,2,16,0,18,758,139,79,2,978,0,0,0,978
02/07/2008,MCO,FL,ASO,ES,Combined TRACON& Tower with Radar,834,145,73,0,1052,0,0,4,0,4,834,145,77,0,1056,0,0,0,1056
02/08/2008,MCO,FL,ASO,ES,Combined TRACON& Tower with Radar,845,135,69,0,1049,0,1,12,0,13,845,136,81,0,1062,0,0,0,1062
02/09/2008,MCO,FL,ASO,ES,Combined TRACON& Tower with Radar,803,101,36,0,940,0,0,1,0,1,803,101,37,0,941,0,0,0,941
02/10/2008,MCO,FL,ASO,ES,Combined TRACON& Tower with Radar,802,134,43,0,979,0,0,14,0,14,802,134,57,0,993,0,0,0,993
02/11/2008,MCO,FL,ASO,ES,Combined TRACON& Tower with Radar,804,141,52,0,997,0,0,15,1,16,804,141,67,1,1013,0,0,0,1013
02/12/2008,MCO,FL,ASO,ES,Combined TRACON& Tower with Radar,762,122,89,1,974,0,0,6,0,6,762,122,95,1,980,0,0,0,980
02/13/2008,MCO,FL,ASO,ES,Combined TRACON& Tower with Radar,796,144,93,1,1034,0,1,5,0,6,796,145,98,1,1040,0,0,0,1040
02/14/2008,MCO,FL,ASO,ES,Combined TRACON& Tower with Radar,907,156,95,2,1160,0,1,31,1,33,907,157,126,3,1193,0,0,0,1193
02/15/2008,MCO,FL,ASO,ES,Combined TRACON& Tower with Radar,898,152,103,1,1154,0,0,17,0,17,898,152,120,1,1171,0,0,0,1171
02/16/2008,MCO,FL,ASO,ES,Combined TRACON& Tower with Radar,892,139,52,1,1084,1,0,18,0,19,893,139,70,1,1103,0,0,0,1103
02/17/2008,MCO,FL,ASO,ES,Combined TRACON& Tower with Radar,853,141,41,0,1035,0,1,15,2,18,853,142,56,2,1053,0,0,0,1053
02/18/2008,MCO,FL,ASO,ES,Combined TRACON& Tower with Radar,848,135,69,0,1052,0,1,3,1,5,848,136,72,1,1057,0,0,0,1057
02/19/2008,MCO,FL,ASO,ES,Combined TRACON& Tower with Radar,900,131,67,0,1098,0,0,17,0,17,900,131,84,0,1115,0,0,0,1115
02/20/2008,MCO,FL,ASO,ES,Combined TRACON& Tower with Radar,888,144,68,2,1102,0,0,20,0,20,888,144,88,2,1122,0,0,0,1122
02/21/2008,MCO,FL,ASO,ES,Combined TRACON& Tower with Radar,882,150,59,17,1108,0,0,8,0,8,882,150,67,17,1116,0,0,0,1116
02/22/2008,MCO,FL,ASO,ES,Combined TRACON& Tower with Radar,848,146,38,7,1039,0,0,14,0,14,848,146,52,7,1053,0,0,0,1053
02/23/2008,MCO,FL,ASO,ES,Combined TRACON& Tower with Radar,902,121,41,7,1071,0,0,6,0,6,902,121,47,7,1077,0,0,0,1077
02/24/2008,MCO,FL,ASO,ES,Combined TRACON& Tower with Radar,876,144,71,0,1091,0,0,5,0,5,876,144,76,0,1096,0,0,0,1096
02/25/2008,MCO,FL,ASO,ES,Combined TRACON& Tower with Radar,869,138,59,2,1068,0,2,12,0,14,869,140,71,2,1082,0,0,0,1082
02/26/2008,MCO,FL,ASO,ES,Combined TRACON& Tower with Radar,852,116,66,1,1035,0,0,5,0,5,852,116,71,1,1040,0,0,0,1040
02/27/2008,MCO,FL,ASO,ES,Combined TRACON& Tower with Radar,902,150,64,0,1116,0,2,14,0,16,902,152,78,0,1132,0,0,0,1132
02/28/2008,MCO,FL,ASO,ES,Combined TRACON& Tower with Radar,897,144,85,2,1128,3,4,20,0,27,900,148,105,2,1155,0,0,0,1155
02/29/2008,MCO,FL,ASO,ES,Combined TRACON& Tower with Radar,884,138,71,0,1093,0,4,9,0,13,884,142,80,0,1106,0,0,0,1106
03/01/2008,MCO,FL,ASO,ES,Combined TRACON& Tower with Radar,877,120,38,0,1035,1,6,11,0,18,878,126,49,0,1053,0,0,0,1053
03/02/2008,MCO,FL,ASO,ES,Combined TRACON& Tower with Radar,868,141,51,0,1060,0,0,12,0,12,868,141,63,0,1072,0,0,0,1072
03/03/2008,MCO,FL,ASO,ES,Combined TRACON& Tower with Radar,863,151,79,2,1095,0,1,16,0,17,863,152,95,2,1112,0,0,0,1112
03/04/2008,MCO,FL,ASO,ES,Combined TRACON& Tower with Radar,841,135,53,1,1030,0,0,9,0,9,841,135,62,1,1039,0,0,0,1039
03/05/2008,MCO,FL,ASO,ES,Combined TRACON& Tower with Radar,898,148,73,2,1121,0,1,14,0,15,898,149,87,2,1136,0,0,0,1136
03/06/2008,MCO,FL,ASO,ES,Combined TRACON& Tower with Radar,906,149,76,2,1133,0,0,19,0,19,906,149,95,2,1152,0,0,0,1152
03/07/2008,MCO,FL,ASO,ES,Combined TRACON& Tower with Radar,847,114,46,2,1009,0,0,5,0,5,847,114,51,2,1014,0,0,0,1014
03/08/2008,MCO,FL,ASO,ES,Combined TRACON& Tower with Radar,943,125,33,5,1106,0,1,3,0,4,943,126,36,5,1110,0,0,0,1110
03/09/2008,MCO,FL,ASO,ES,Combined TRACON& Tower with Radar,887,140,57,3,1087,0,0,12,0,12,887,140,69,3,1099,0,0,0,1099
03/10/2008,MCO,FL,ASO,ES,Combined TRACON& Tower with Radar,888,142,63,1,1094,0,1,6,0,7,888,143,69,1,1101,0,0,0,1101
03/11/2008,MCO,FL,ASO,ES,Combined TRACON& Tower with Radar,892,134,55,0,1081,0,0,17,4,21,892,134,72,4,1102,0,0,0,1102
03/12/2008,MCO,FL,ASO,ES,Combined TRACON& Tower with Radar,889,150,67,0,1106,0,1,9,0,10,889,151,76,0,1116,0,0,0,1116
03/13/2008,MCO,FL,ASO,ES,Combined TRACON& Tower with Radar,898,150,86,2,1136,1,0,20,0,21,899,150,106,2,1157,0,0,0,1157
03/14/2008,MCO,FL,ASO,ES,Combined TRACON& Tower with Radar,897,157,66,0,1120,0,0,9,0,9,897,157,75,0,1129,0,0,0,1129
03/15/2008,MCO,FL,ASO,ES,Combined TRACON& Tower with Radar,991,122,65,0,1178,0,0,15,0,15,991,122,80,0,1193,0,0,0,1193
03/16/2008,MCO,FL,ASO,ES,Combined TRACON& Tower with Radar,914,139,50,0,1103,0,0,16,1,17,914,139,66,1,1120,0,0,0,1120
03/17/2008,MCO,FL,ASO,ES,Combined TRACON& Tower with Radar,877,137,46,0,1060,0,1,12,0,13,877,138,58,0,1073,0,0,0,1073
03/18/2008,MCO,FL,ASO,ES,Combined TRACON& Tower with Radar,855,139,70,2,1066,0,0,11,0,11,855,139,81,2,1077,0,0,0,1077
03/19/2008,MCO,FL,ASO,ES,Combined TRACON& Tower with Radar,894,151,44,6,1095,0,0,22,0,22,894,151,66,6,1117,0,0,0,1117
03/20/2008,MCO,FL,ASO,ES,Combined TRACON& Tower with Radar,919,166,74,3,1162,0,2,9,0,11,919,168,83,3,1173,0,0,0,1173
03/21/2008,MCO,FL,ASO,ES,Combined TRACON& Tower with Radar,896,149,66,0,1111,0,0,27,0,27,896,149,93,0,1138,0,0,0,1138
03/22/2008,MCO,FL,ASO,ES,Combined TRACON& Tower with Radar,1015,117,48,1,1181,0,1,8,0,9,1015,118,56,1,1190,0,0,0,1190
03/23/2008,MCO,FL,ASO,ES,Combined TRACON& Tower with Radar,869,139,55,0,1063,0,0,35,0,35,869,139,90,0,1098,0,0,0,1098
03/24/2008,MCO,FL,ASO,ES,Combined TRACON& Tower with Radar,897,149,68,0,1114,0,0,28,0,28,897,149,96,0,1142,0,0,0,1142
03/25/2008,MCO,FL,ASO,ES,Combined TRACON& Tower with Radar,882,141,51,2,1076,0,5,26,0,31,882,146,77,2,1107,0,0,0,1107
03/26/2008,MCO,FL,ASO,ES,Combined TRACON& Tower with Radar,886,144,65,0,1095,0,0,19,0,19,886,144,84,0,1114,0,0,0,1114
03/27/2008,MCO,FL,ASO,ES,Combined TRACON& Tower with Radar,897,157,70,1,1125,1,1,20,0,22,898,158,90,1,1147,0,0,0,1147
03/28/2008,MCO,FL,ASO,ES,Combined TRACON& Tower with Radar,907,174,58,1,1140,0,2,21,2,25,907,176,79,3,1165,0,0,0,1165
03/29/2008,MCO,FL,ASO,ES,Combined TRACON& Tower with Radar,1013,124,49,0,1186,0,0,14,0,14,1013,124,63,0,1200,0,0,0,1200
03/30/2008,MCO,FL,ASO,ES,Combined TRACON& Tower with Radar,880,145,49,0,1074,1,0,24,4,29,881,145,73,4,1103,0,0,0,1103
03/31/2008,MCO,FL,ASO,ES,Combined TRACON& Tower with Radar,859,155,48,5,1067,0,0,6,0,6,859,155,54,5,1073,0,0,0,1073
04/01/2008,MCO,FL,ASO,ES,Combined TRACON& Tower with Radar,873,122,46,1,1042,0,0,27,0,27,873,122,73,1,1069,0,0,0,1069
04/02/2008,MCO,FL,ASO,ES,Combined TRACON& Tower with Radar,895,143,69,6,1113,0,1,6,0,7,895,144,75,6,1120,0,0,0,1120
04/03/2008,MCO,FL,ASO,ES,Combined TRACON& Tower with Radar,873,140,55,1,1069,1,3,21,0,25,874,143,76,1,1094,0,0,0,1094
04/04/2008,MCO,FL,ASO,ES,Combined TRACON& Tower with Radar,874,140,41,0,1055,0,0,10,0,10,874,140,51,0,1065,0,0,0,1065
04/05/2008,MCO,FL,ASO,ES,Combined TRACON& Tower with Radar,950,106,38,2,1096,0,0,8,0,8,950,106,46,2,1104,0,0,0,1104
04/06/2008,MCO,FL,ASO,ES,Combined TRACON& Tower with Radar,877,142,45,2,1066,0,0,2,0,2,877,142,47,2,1068,0,0,0,1068
04/07/2008,MCO,FL,ASO,ES,Combined TRACON& Tower with Radar,898,142,69,0,1109,0,1,6,3,10,898,143,75,3,1119,0,0,0,1119
04/08/2008,MCO,FL,ASO,ES,Combined TRACON& Tower with Radar,848,118,57,2,1025,0,0,3,0,3,848,118,60,2,1028,0,0,0,1028
04/09/2008,MCO,FL,ASO,ES,Combined TRACON& Tower with Radar,843,126,40,1,1010,0,0,12,1,13,843,126,52,2,1023,0,0,0,1023
04/10/2008,MCO,FL,ASO,ES,Combined TRACON& Tower with Radar,843,135,65,0,1043,1,0,28,0,29,844,135,93,0,1072,0,0,0,1072
04/11/2008,MCO,FL,ASO,ES,Combined TRACON& Tower with Radar,878,138,53,0,1069,0,0,13,2,15,878,138,66,2,1084,0,0,0,1084
04/12/2008,MCO,FL,ASO,ES,Combined TRACON& Tower with Radar,944,98,42,0,1084,0,0,22,0,22,944,98,64,0,1106,0,0,0,1106
04/13/2008,MCO,FL,ASO,ES,Combined TRACON& Tower with Radar,865,136,42,0,1043,0,0,9,0,9,865,136,51,0,1052,0,0,0,1052
04/14/2008,MCO,FL,ASO,ES,Combined TRACON& Tower with Radar,849,134,56,2,1041,0,0,6,0,6,849,134,62,2,1047,0,0,0,1047
04/15/2008,MCO,FL,ASO,ES,Combined TRACON& Tower with Radar,855,121,55,0,1031,0,0,9,0,9,855,121,64,0,1040,0,0,0,1040
04/16/2008,MCO,FL,ASO,ES,Combined TRACON& Tower with Radar,855,126,52,0,1033,0,2,18,0,20,855,128,70,0,1053,0,0,0,1053
04/17/2008,MCO,FL,ASO,ES,Combined TRACON& Tower with Radar,868,138,42,0,1048,3,2,22,0,27,871,140,64,0,1075,0,0,0,1075
04/18/2008,MCO,FL,ASO,ES,Combined TRACON& Tower with Radar,880,141,57,0,1078,0,0,22,0,22,880,141,79,0,1100,0,0,0,1100
04/19/2008,MCO,FL,ASO,ES,Combined TRACON& Tower with Radar,939,91,29,0,1059,0,0,12,0,12,939,91,41,0,1071,0,0,0,1071
04/20/2008,MCO,FL,ASO,ES,Combined TRACON& Tower with Radar,826,122,45,2,995,0,0,14,0,14,826,122,59,2,1009,0,0,0,1009
04/21/2008,MCO,FL,ASO,ES,Combined TRACON& Tower with Radar,867,131,41,0,1039,0,0,14,0,14,867,131,55,0,1053,0,0,0,1053
04/22/2008,MCO,FL,ASO,ES,Combined TRACON& Tower with Radar,861,122,51,0,1034,0,0,14,0,14,861,122,65,0,1048,0,0,0,1048
04/23/2008,MCO,FL,ASO,ES,Combined TRACON& Tower with Radar,861,112,35,0,1008,0,0,9,0,9,861,112,44,0,1017,0,0,0,1017
04/24/2008,MCO,FL,ASO,ES,Combined TRACON& Tower with Radar,873,132,72,1,1078,3,4,27,0,34,876,136,99,1,1112,0,0,0,1112
04/25/2008,MCO,FL,ASO,ES,Combined TRACON& Tower with Radar,876,129,50,0,1055,0,2,13,2,17,876,131,63,2,1072,0,0,0,1072
04/26/2008,MCO,FL,ASO,ES,Combined TRACON& Tower with Radar,951,88,32,1,1072,0,0,9,0,9,951,88,41,1,1081,0,0,0,1081
04/27/2008,MCO,FL,ASO,ES,Combined TRACON& Tower with Radar,856,120,45,0,1021,0,0,14,0,14,856,120,59,0,1035,0,0,0,1035
04/28/2008,MCO,FL,ASO,ES,Combined TRACON& Tower with Radar,812,134,40,0,986,0,0,7,0,7,812,134,47,0,993,0,0,0,993
04/29/2008,MCO,FL,ASO,ES,Combined TRACON& Tower with Radar,856,115,45,2,1018,1,0,23,0,24,857,115,68,2,1042,0,0,0,1042
04/30/2008,MCO,FL,ASO,ES,Combined TRACON& Tower with Radar,867,122,49,2,1040,0,0,11,0,11,867,122,60,2,1051,0,0,0,1051
05/01/2008,MCO,FL,ASO,ES,Combined TRACON& Tower with Radar,858,114,56,1,1029,0,0,39,0,39,858,114,95,1,1068,0,0,0,1068
05/02/2008,MCO,FL,ASO,ES,Combined TRACON& Tower with Radar,841,102,47,1,991,0,0,12,0,12,841,102,59,1,1003,0,0,0,1003
05/03/2008,MCO,FL,ASO,ES,Combined TRACON& Tower with Radar,932,85,38,3,1058,0,0,11,0,11,932,85,49,3,1069,0,0,0,1069
05/04/2008,MCO,FL,ASO,ES,Combined TRACON& Tower with Radar,829,125,55,4,1013,0,0,21,0,21,829,125,76,4,1034,0,0,0,1034
05/05/2008,MCO,FL,ASO,ES,Combined TRACON& Tower with Radar,818,114,62,4,998,0,0,10,0,10,818,114,72,4,1008,0,0,0,1008
05/06/2008,MCO,FL,ASO,ES,Combined TRACON& Tower with Radar,817,92,50,0,959,0,0,21,0,21,817,92,71,0,980,0,0,0,980
05/07/2008,MCO,FL,ASO,ES,Combined TRACON& Tower with Radar,816,107,64,2,989,0,0,9,0,9,816,107,73,2,998,0,0,0,998
05/08/2008,MCO,FL,ASO,ES,Combined TRACON& Tower with Radar,832,109,50,4,995,0,0,9,0,9,832,109,59,4,1004,0,0,0,1004
05/09/2008,MCO,FL,ASO,ES,Combined TRACON& Tower with Radar,826,102,49,0,977,0,0,9,0,9,826,102,58,0,986,0,0,0,986
05/10/2008,MCO,FL,ASO,ES,Combined TRACON& Tower with Radar,879,81,25,0,985,0,0,8,1,9,879,81,33,1,994,0,0,0,994
05/11/2008,MCO,FL,ASO,ES,Combined TRACON& Tower with Radar,814,105,36,2,957,0,0,12,2,14,814,105,48,4,971,0,0,0,971
05/12/2008,MCO,FL,ASO,ES,Combined TRACON& Tower with Radar,781,98,36,0,915,0,0,8,0,8,781,98,44,0,923,0,0,0,923
05/13/2008,MCO,FL,ASO,ES,Combined TRACON& Tower with Radar,818,99,47,2,966,0,0,13,0,13,818,99,60,2,979,0,0,0,979
05/14/2008,MCO,FL,ASO,ES,Combined TRACON& Tower with Radar,809,94,51,4,958,0,0,16,0,16,809,94,67,4,974,0,0,0,974
05/15/2008,MCO,FL,ASO,ES,Combined TRACON& Tower with Radar,818,106,62,4,990,0,1,12,2,15,818,107,74,6,1005,0,0,0,1005
05/16/2008,MCO,FL,ASO,ES,Combined TRACON& Tower with Radar,814,100,45,0,959,0,0,19,0,19,814,100,64,0,978,0,0,0,978
05/17/2008,MCO,FL,ASO,ES,Combined TRACON& Tower with Radar,890,81,20,0,991,0,0,3,0,3,890,81,23,0,994,0,0,0,994
05/18/2008,MCO,FL,ASO,ES,Combined TRACON& Tower with Radar,783,96,36,6,921,0,0,1,0,1,783,96,37,6,922,0,0,0,922
05/19/2008,MCO,FL,ASO,ES,Combined TRACON& Tower with Radar,810,82,34,0,926,0,0,5,1,6,810,82,39,1,932,0,0,0,932
05/20/2008,MCO,FL,ASO,ES,Combined TRACON& Tower with Radar,778,104,42,1,925,0,0,14,0,14,778,104,56,1,939,0,0,0,939
05/21/2008,MCO,FL,ASO,ES,Combined TRACON& Tower with Radar,819,94,50,2,965,0,0,2,0,2,819,94,52,2,967,0,0,0,967
05/22/2008,MCO,FL,ASO,ES,Combined TRACON& Tower with Radar,824,97,52,0,973,1,0,9,0,10,825,97,61,0,983,0,0,0,983
05/23/2008,MCO,FL,ASO,ES,Combined TRACON& Tower with Radar,832,102,39,2,975,0,0,15,0,15,832,102,54,2,990,0,0,0,990
05/24/2008,MCO,FL,ASO,ES,Combined TRACON& Tower with Radar,860,77,25,0,962,0,0,2,0,2,860,77,27,0,964,0,0,0,964
05/25/2008,MCO,FL,ASO,ES,Combined TRACON& Tower with Radar,755,76,12,0,843,0,0,10,0,10,755,76,22,0,853,0,0,0,853
05/26/2008,MCO,FL,ASO,ES,Combined TRACON& Tower with Radar,744,88,23,0,855,0,0,12,0,12,744,88,35,0,867,0,0,0,867
05/27/2008,MCO,FL,ASO,ES,Combined TRACON& Tower with Radar,776,86,31,5,898,0,0,12,0,12,776,86,43,5,910,0,0,0,910
05/28/2008,MCO,FL,ASO,ES,Combined TRACON& Tower with Radar,819,94,55,2,970,0,0,19,0,19,819,94,74,2,989,0,0,0,989
05/29/2008,MCO,FL,ASO,ES,Combined TRACON& Tower with Radar,822,101,42,2,967,0,1,16,0,17,822,102,58,2,984,0,0,0,984
05/30/2008,MCO,FL,ASO,ES,Combined TRACON& Tower with Radar,818,100,48,3,969,0,1,10,3,14,818,101,58,6,983,0,0,0,983
05/31/2008,MCO,FL,ASO,ES,Combined TRACON& Tower with Radar,838,71,23,4,936,0,0,3,0,3,838,71,26,4,939,0,0,0,939
06/01/2008,MCO,FL,ASO,ES,Combined TRACON& Tower with Radar,808,92,32,2,934,0,0,8,1,9,808,92,40,3,943,0,0,0,943
06/02/2008,MCO,FL,ASO,ES,Combined TRACON& Tower with Radar,814,90,41,4,949,0,2,5,0,7,814,92,46,4,956,0,0,0,956
06/03/2008,MCO,FL,ASO,ES,Combined TRACON& Tower with Radar,801,88,40,0,929,0,0,17,1,18,801,88,57,1,947,0,0,0,947
06/04/2008,MCO,FL,ASO,ES,Combined TRACON& Tower with Radar,768,83,54,2,907,0,1,6,1,8,768,84,60,3,915,0,0,0,915
06/05/2008,MCO,FL,ASO,ES,Combined TRACON& Tower with Radar,832,104,42,3,981,0,1,12,1,14,832,105,54,4,995,0,0,0,995
06/06/2008,MCO,FL,ASO,ES,Combined TRACON& Tower with Radar,818,89,45,1,953,1,1,17,0,19,819,90,62,1,972,0,0,0,972
06/07/2008,MCO,FL,ASO,ES,Combined TRACON& Tower with Radar,872,77,30,0,979,0,0,10,0,10,872,77,40,0,989,0,0,0,989
06/08/2008,MCO,FL,ASO,ES,Combined TRACON& Tower with Radar,770,82,34,0,886,0,0,11,0,11,770,82,45,0,897,0,0,0,897
06/09/2008,MCO,FL,ASO,ES,Combined TRACON& Tower with Radar,809,83,35,1,928,0,2,7,0,9,809,85,42,1,937,0,0,0,937
06/10/2008,MCO,FL,ASO,ES,Combined TRACON& Tower with Radar,793,86,51,0,930,0,2,7,0,9,793,88,58,0,939,0,0,0,939
06/11/2008,MCO,FL,ASO,ES,Combined TRACON& Tower with Radar,789,96,47,3,935,1,2,27,0,30,790,98,74,3,965,0,0,0,965
06/12/2008,MCO,FL,ASO,ES,Combined TRACON& Tower with Radar,816,96,38,1,951,0,2,11,0,13,816,98,49,1,964,0,0,0,964
06/13/2008,MCO,FL,ASO,ES,Combined TRACON& Tower with Radar,807,94,49,0,950,0,1,11,0,12,807,95,60,0,962,0,0,0,962
06/14/2008,MCO,FL,ASO,ES,Combined TRACON& Tower with Radar,863,81,22,0,966,0,0,8,0,8,863,81,30,0,974,0,0,0,974
06/15/2008,MCO,FL,ASO,ES,Combined TRACON& Tower with Radar,811,83,43,0,937,0,0,5,0,5,811,83,48,0,942,0,0,0,942
06/16/2008,MCO,FL,ASO,ES,Combined TRACON& Tower with Radar,784,74,34,0,892,0,0,5,0,5,784,74,39,0,897,0,0,0,897
06/17/2008,MCO,FL,ASO,ES,Combined TRACON& Tower with Radar,835,82,44,2,963,0,0,16,2,18,835,82,60,4,981,0,0,0,981
06/18/2008,MCO,FL,ASO,ES,Combined TRACON& Tower with Radar,810,91,40,0,941,0,0,12,0,12,810,91,52,0,953,0,0,0,953
06/19/2008,MCO,FL,ASO,ES,Combined TRACON& Tower with Radar,838,82,57,0,977,3,0,8,0,11,841,82,65,0,988,0,0,0,988
06/20/2008,MCO,FL,ASO,ES,Combined TRACON& Tower with Radar,838,87,47,0,972,0,0,6,0,6,838,87,53,0,978,0,0,0,978
06/21/2008,MCO,FL,ASO,ES,Combined TRACON& Tower with Radar,905,72,34,0,1011,0,1,7,0,8,905,73,41,0,1019,0,0,0,1019
06/22/2008,MCO,FL,ASO,ES,Combined TRACON& Tower with Radar,813,69,42,0,924,1,0,11,0,12,814,69,53,0,936,0,0,0,936
06/23/2008,MCO,FL,ASO,ES,Combined TRACON& Tower with Radar,830,82,43,2,957,0,1,17,0,18,830,83,60,2,975,0,0,0,975
06/24/2008,MCO,FL,ASO,ES,Combined TRACON& Tower with Radar,827,83,46,0,956,0,0,14,0,14,827,83,60,0,970,0,0,0,970
06/25/2008,MCO,FL,ASO,ES,Combined TRACON& Tower with Radar,832,81,48,0,961,0,0,10,0,10,832,81,58,0,971,0,0,0,971
06/26/2008,MCO,FL,ASO,ES,Combined TRACON& Tower with Radar,828,89,29,0,946,1,1,6,0,8,829,90,35,0,954,0,0,0,954
06/27/2008,MCO,FL,ASO,ES,Combined TRACON& Tower with Radar,824,78,52,0,954,0,2,12,0,14,824,80,64,0,968,0,0,0,968
06/28/2008,MCO,FL,ASO,ES,Combined TRACON& Tower with Radar,916,70,27,1,1014,0,0,4,0,4,916,70,31,1,1018,0,0,0,1018
06/29/2008,MCO,FL,ASO,ES,Combined TRACON& Tower with Radar,820,77,22,1,920,0,0,9,0,9,820,77,31,1,929,0,0,0,929
06/30/2008,MCO,FL,ASO,ES,Combined TRACON& Tower with Radar,835,76,32,1,944,0,0,2,0,2,835,76,34,1,946,0,0,0,946
07/01/2008,MCO,FL,ASO,ES,Combined TRACON& Tower with Radar,847,77,30,1,955,0,0,8,0,8,847,77,38,1,963,0,0,0,963
07/02/2008,MCO,FL,ASO,ES,Combined TRACON& Tower with Radar,857,76,47,5,985,0,2,7,0,9,857,78,54,5,994,0,0,0,994
07/03/2008,MCO,FL,ASO,ES,Combined TRACON& Tower with Radar,836,79,29,1,945,0,0,10,1,11,836,79,39,2,956,0,0,0,956
07/04/2008,MCO,FL,ASO,ES,Combined TRACON& Tower with Radar,771,46,10,0,827,0,0,4,0,4,771,46,14,0,831,0,0,0,831
07/05/2008,MCO,FL,ASO,ES,Combined TRACON& Tower with Radar,854,57,19,0,930,0,0,7,0,7,854,57,26,0,937,0,0,0,937
07/06/2008,MCO,FL,ASO,ES,Combined TRACON& Tower with Radar,795,68,24,0,887,1,0,7,0,8,796,68,31,0,895,0,0,0,895
07/07/2008,MCO,FL,ASO,ES,Combined TRACON& Tower with Radar,837,68,26,0,931,0,0,6,0,6,837,68,32,0,937,0,0,0,937
07/08/2008,MCO,FL,ASO,ES,Combined TRACON& Tower with Radar,810,69,37,0,916,0,0,11,0,11,810,69,48,0,927,0,0,0,927
07/09/2008,MCO,FL,ASO,ES,Combined TRACON& Tower with Radar,822,73,42,0,937,0,1,14,0,15,822,74,56,0,952,0,0,0,952
07/10/2008,MCO,FL,ASO,ES,Combined TRACON& Tower with Radar,825,73,43,0,941,0,0,20,0,20,825,73,63,0,961,0,0,0,961
07/11/2008,MCO,FL,ASO,ES,Combined TRACON& Tower with Radar,865,64,36,0,965,1,0,16,0,17,866,64,52,0,982,0,0,0,982
07/12/2008,MCO,FL,ASO,ES,Combined TRACON& Tower with Radar,911,51,26,0,988,1,0,11,0,12,912,51,37,0,1000,0,0,0,1000
07/13/2008,MCO,FL,ASO,ES,Combined TRACON& Tower with Radar,792,53,27,0,872,0,0,1,0,1,792,53,28,0,873,0,0,0,873
07/14/2008,MCO,FL,ASO,ES,Combined TRACON& Tower with Radar,832,68,31,0,931,0,0,8,0,8,832,68,39,0,939,0,0,0,939
07/15/2008,MCO,FL,ASO,ES,Combined TRACON& Tower with Radar,843,66,41,0,950,0,1,0,0,1,843,67,41,0,951,0,0,0,951
07/16/2008,MCO,FL,ASO,ES,Combined TRACON& Tower with Radar,831,65,43,2,941,0,0,5,0,5,831,65,48,2,946,0,0,0,946
07/17/2008,MCO,FL,ASO,ES,Combined TRACON& Tower with Radar,829,74,34,0,937,1,0,6,0,7,830,74,40,0,944,0,0,0,944
07/18/2008,MCO,FL,ASO,ES,Combined TRACON& Tower with Radar,832,77,34,5,948,0,1,9,0,10,832,78,43,5,958,0,0,0,958
07/19/2008,MCO,FL,ASO,ES,Combined TRACON& Tower with Radar,906,66,25,1,998,0,0,14,0,14,906,66,39,1,1012,0,0,0,1012
07/20/2008,MCO,FL,ASO,ES,Combined TRACON& Tower with Radar,795,53,25,2,875,0,0,8,0,8,795,53,33,2,883,0,0,0,883
07/21/2008,MCO,FL,ASO,ES,Combined TRACON& Tower with Radar,833,70,38,2,943,0,1,9,0,10,833,71,47,2,953,0,0,0,953
07/22/2008,MCO,FL,ASO,ES,Combined TRACON& Tower with Radar,815,64,24,1,904,0,1,6,0,7,815,65,30,1,911,0,0,0,911
07/23/2008,MCO,FL,ASO,ES,Combined TRACON& Tower with Radar,786,74,39,2,901,0,0,8,0,8,786,74,47,2,909,0,0,0,909
07/24/2008,MCO,FL,ASO,ES,Combined TRACON& Tower with Radar,827,75,25,1,928,0,1,10,0,11,827,76,35,1,939,0,0,0,939
07/25/2008,MCO,FL,ASO,ES,Combined TRACON& Tower with Radar,850,77,28,0,955,0,1,8,0,9,850,78,36,0,964,0,0,0,964
07/26/2008,MCO,FL,ASO,ES,Combined TRACON& Tower with Radar,908,62,12,0,982,0,0,6,0,6,908,62,18,0,988,0,0,0,988
07/27/2008,MCO,FL,ASO,ES,Combined TRACON& Tower with Radar,753,60,20,0,833,0,0,5,0,5,753,60,25,0,838,0,0,0,838
07/28/2008,MCO,FL,ASO,ES,Combined TRACON& Tower with Radar,837,76,40,2,955,0,2,10,0,12,837,78,50,2,967,0,0,0,967
07/29/2008,MCO,FL,ASO,ES,Combined TRACON& Tower with Radar,821,70,43,2,936,0,1,5,0,6,821,71,48,2,942,0,0,0,942
07/30/2008,MCO,FL,ASO,ES,Combined TRACON& Tower with Radar,823,78,40,2,943,0,0,10,0,10,823,78,50,2,953,0,0,0,953
07/31/2008,MCO,FL,ASO,ES,Combined TRACON& Tower with Radar,810,63,44,2,919,0,1,13,2,16,810,64,57,4,935,0,0,0,935
08/01/2008,MCO,FL,ASO,ES,Combined TRACON& Tower with Radar,843,72,45,2,962,0,1,7,0,8,843,73,52,2,970,0,0,0,970
08/02/2008,MCO,FL,ASO,ES,Combined TRACON& Tower with Radar,891,53,28,2,974,0,0,8,0,8,891,53,36,2,982,0,0,0,982
08/03/2008,MCO,FL,ASO,ES,Combined TRACON& Tower with Radar,822,62,42,0,926,0,0,9,0,9,822,62,51,0,935,0,0,0,935
08/04/2008,MCO,FL,ASO,ES,Combined TRACON& Tower with Radar,807,55,23,2,887,0,1,7,0,8,807,56,30,2,895,0,0,0,895
08/05/2008,MCO,FL,ASO,ES,Combined TRACON& Tower with Radar,819,69,30,2,920,0,0,13,0,13,819,69,43,2,933,0,0,0,933
08/06/2008,MCO,FL,ASO,ES,Combined TRACON& Tower with Radar,816,67,33,0,916,0,0,18,0,18,816,67,51,0,934,0,0,0,934
08/07/2008,MCO,FL,ASO,ES,Combined TRACON& Tower with Radar,806,69,46,0,921,0,0,12,0,12,806,69,58,0,933,0,0,0,933
08/08/2008,MCO,FL,ASO,ES,Combined TRACON& Tower with Radar,831,66,32,2,931,0,0,14,0,14,831,66,46,2,945,0,0,0,945
08/09/2008,MCO,FL,ASO,ES,Combined TRACON& Tower with Radar,911,49,21,0,981,0,0,4,0,4,911,49,25,0,985,0,0,0,985
08/10/2008,MCO,FL,ASO,ES,Combined TRACON& Tower with Radar,774,52,37,6,869,0,0,9,0,9,774,52,46,6,878,0,0,0,878
08/11/2008,MCO,FL,ASO,ES,Combined TRACON& Tower with Radar,812,58,28,5,903,0,2,8,0,10,812,60,36,5,913,0,0,0,913
08/12/2008,MCO,FL,ASO,ES,Combined TRACON& Tower with Radar,822,68,28,0,918,0,1,9,0,10,822,69,37,0,928,0,0,0,928
08/13/2008,MCO,FL,ASO,ES,Combined TRACON& Tower with Radar,806,71,38,0,915,0,0,3,0,3,806,71,41,0,918,0,0,0,918
08/14/2008,MCO,FL,ASO,ES,Combined TRACON& Tower with Radar,802,61,36,2,901,2,1,10,0,13,804,62,46,2,914,0,0,0,914
08/15/2008,MCO,FL,ASO,ES,Combined TRACON& Tower with Radar,815,63,24,4,906,0,1,12,0,13,815,64,36,4,919,0,0,0,919
08/16/2008,MCO,FL,ASO,ES,Combined TRACON& Tower with Radar,889,49,16,2,956,0,0,5,0,5,889,49,21,2,961,0,0,0,961
08/17/2008,MCO,FL,ASO,ES,Combined TRACON& Tower with Radar,804,55,19,3,881,1,0,8,1,10,805,55,27,4,891,0,0,0,891
08/18/2008,MCO,FL,ASO,ES,Combined TRACON& Tower with Radar,787,81,27,4,899,0,0,4,0,4,787,81,31,4,903,0,0,0,903
08/19/2008,MCO,FL,ASO,ES,Combined TRACON& Tower with Radar,591,26,9,5,631,0,0,0,0,0,591,26,9,5,631,0,0,0,631
08/20/2008,MCO,FL,ASO,ES,Combined TRACON& Tower with Radar,703,37,14,3,757,0,0,0,0,0,703,37,14,3,757,0,0,0,757
08/21/2008,MCO,FL,ASO,ES,Combined TRACON& Tower with Radar,792,41,10,4,847,0,0,0,0,0,792,41,10,4,847,0,0,0,847
08/22/2008,MCO,FL,ASO,ES,Combined TRACON& Tower with Radar,785,52,25,0,862,0,0,1,0,1,785,52,26,0,863,0,0,0,863
08/23/2008,MCO,FL,ASO,ES,Combined TRACON& Tower with Radar,780,35,27,1,843,0,0,4,1,5,780,35,31,2,848,0,0,0,848
08/24/2008,MCO,FL,ASO,ES,Combined TRACON& Tower with Radar,722,30,30,0,782,0,1,4,0,5,722,31,34,0,787,0,0,0,787
08/25/2008,MCO,FL,ASO,ES,Combined TRACON& Tower with Radar,747,42,19,0,808,0,1,9,0,10,747,43,28,0,818,0,0,0,818
08/26/2008,MCO,FL,ASO,ES,Combined TRACON& Tower with Radar,725,47,36,0,808,0,1,11,0,12,725,48,47,0,820,0,0,0,820
08/27/2008,MCO,FL,ASO,ES,Combined TRACON& Tower with Radar,745,48,61,0,854,0,1,16,1,18,745,49,77,1,872,0,0,0,872
08/28/2008,MCO,FL,ASO,ES,Combined TRACON& Tower with Radar,764,60,37,0,861,0,1,7,0,8,764,61,44,0,869,0,0,0,869
08/29/2008,MCO,FL,ASO,ES,Combined TRACON& Tower with Radar,765,53,38,0,856,0,2,14,0,16,765,55,52,0,872,0,0,0,872
08/30/2008,MCO,FL,ASO,ES,Combined TRACON& Tower with Radar,783,32,13,2,830,0,0,0,0,0,783,32,13,2,830,0,0,0,830
08/31/2008,MCO,FL,ASO,ES,Combined TRACON& Tower with Radar,667,20,23,0,710,0,0,1,0,1,667,20,24,0,711,0,0,0,711
09/01/2008,MCO,FL,ASO,ES,Combined TRACON& Tower with Radar,696,47,19,0,762,0,0,5,0,5,696,47,24,0,767,0,0,0,767
09/02/2008,MCO,FL,ASO,ES,Combined TRACON& Tower with Radar,681,31,35,0,747,0,0,9,0,9,681,31,44,0,756,0,0,0,756
09/03/2008,MCO,FL,ASO,ES,Combined TRACON& Tower with Radar,675,47,22,0,744,0,0,14,0,14,675,47,36,0,758,0,0,0,758
09/04/2008,MCO,FL,ASO,ES,Combined TRACON& Tower with Radar,692,46,35,0,773,0,0,17,0,17,692,46,52,0,790,0,0,0,790
09/05/2008,MCO,FL,ASO,ES,Combined TRACON& Tower with Radar,714,40,32,0,786,0,1,3,0,4,714,41,35,0,790,0,0,0,790
09/06/2008,MCO,FL,ASO,ES,Combined TRACON& Tower with Radar,703,25,19,0,747,0,0,6,0,6,703,25,25,0,753,0,0,0,753
09/07/2008,MCO,FL,ASO,ES,Combined TRACON& Tower with Radar,677,27,22,0,726,0,0,13,0,13,677,27,35,0,739,0,0,0,739
09/08/2008,MCO,FL,ASO,ES,Combined TRACON& Tower with Radar,640,25,31,0,696,0,0,7,0,7,640,25,38,0,703,0,0,0,703
09/09/2008,MCO,FL,ASO,ES,Combined TRACON& Tower with Radar,602,42,29,0,673,0,1,9,0,10,602,43,38,0,683,0,0,0,683
09/10/2008,MCO,FL,ASO,ES,Combined TRACON& Tower with Radar,626,37,51,0,714,0,0,4,0,4,626,37,55,0,718,0,0,0,718
09/11/2008,MCO,FL,ASO,ES,Combined TRACON& Tower with Radar,674,48,37,0,759,0,0,5,0,5,674,48,42,0,764,0,0,0,764
09/12/2008,MCO,FL,ASO,ES,Combined TRACON& Tower with Radar,694,37,34,1,766,0,1,16,0,17,694,38,50,1,783,0,0,0,783
09/13/2008,MCO,FL,ASO,ES,Combined TRACON& Tower with Radar,685,25,27,0,737,0,0,8,0,8,685,25,35,0,745,0,0,0,745
09/14/2008,MCO,FL,ASO,ES,Combined TRACON& Tower with Radar,654,33,30,1,718,1,0,3,1,5,655,33,33,2,723,0,0,0,723
09/15/2008,MCO,FL,ASO,ES,Combined TRACON& Tower with Radar,637,42,30,2,711,0,0,16,2,18,637,42,46,4,729,0,0,0,729
09/16/2008,MCO,FL,ASO,ES,Combined TRACON& Tower with Radar,600,57,30,0,687,0,1,9,0,10,600,58,39,0,697,0,0,0,697
09/17/2008,MCO,FL,ASO,ES,Combined TRACON& Tower with Radar,618,48,33,0,699,0,2,18,0,20,618,50,51,0,719,0,0,0,719
09/18/2008,MCO,FL,ASO,ES,Combined TRACON& Tower with Radar,674,40,30,0,744,0,2,18,0,20,674,42,48,0,764,0,0,0,764
09/19/2008,MCO,FL,ASO,ES,Combined TRACON& Tower with Radar,705,36,49,1,791,1,4,12,0,17,706,40,61,1,808,0,0,0,808
09/20/2008,MCO,FL,ASO,ES,Combined TRACON& Tower with Radar,696,22,17,0,735,0,0,3,0,3,696,22,20,0,738,0,0,0,738
09/21/2008,MCO,FL,ASO,ES,Combined TRACON& Tower with Radar,677,34,27,3,741,0,0,9,5,14,677,34,36,8,755,0,0,0,755
09/22/2008,MCO,FL,ASO,ES,Combined TRACON& Tower with Radar,656,40,36,2,734,0,0,7,0,7,656,40,43,2,741,0,0,0,741
09/23/2008,MCO,FL,ASO,ES,Combined TRACON& Tower with Radar,607,39,39,4,689,1,1,9,1,12,608,40,48,5,701,0,0,0,701
09/24/2008,MCO,FL,ASO,ES,Combined TRACON& Tower with Radar,627,46,71,0,744,0,1,5,0,6,627,47,76,0,750,0,0,0,750
09/25/2008,MCO,FL,ASO,ES,Combined TRACON& Tower with Radar,677,41,41,0,759,0,1,11,0,12,677,42,52,0,771,0,0,0,771
09/26/2008,MCO,FL,ASO,ES,Combined TRACON& Tower with Radar,690,44,47,0,781,0,2,12,0,14,690,46,59,0,795,0,0,0,795
09/27/2008,MCO,FL,ASO,ES,Combined TRACON& Tower with Radar,708,31,21,0,760,0,0,9,0,9,708,31,30,0,769,0,0,0,769
09/28/2008,MCO,FL,ASO,ES,Combined TRACON& Tower with Radar,661,25,39,0,725,1,0,15,0,16,662,25,54,0,741,0,0,0,741
09/29/2008,MCO,FL,ASO,ES,Combined TRACON& Tower with Radar,661,31,38,0,730,0,0,4,0,4,661,31,42,0,734,0,0,0,734
09/30/2008,MCO,FL,ASO,ES,Combined TRACON& Tower with Radar,606,46,29,0,681,1,0,1,1,3,607,46,30,1,684,0,0,0,684
10/01/2008,MCO,FL,ASO,ES,Combined TRACON& Tower with Radar,626,31,37,0,694,0,0,9,0,9,626,31,46,0,703,0,0,0,703
10/02/2008,MCO,FL,ASO,ES,Combined TRACON& Tower with Radar,691,25,47,0,763,0,0,8,0,8,691,25,55,0,771,0,0,0,771
10/03/2008,MCO,FL,ASO,ES,Combined TRACON& Tower with Radar,727,34,72,0,833,0,1,24,1,26,727,35,96,1,859,0,0,0,859
10/04/2008,MCO,FL,ASO,ES,Combined TRACON& Tower with Radar,721,24,43,0,788,1,0,14,0,15,722,24,57,0,803,0,0,0,803
10/05/2008,MCO,FL,ASO,ES,Combined TRACON& Tower with Radar,704,29,116,0,849,0,0,12,0,12,704,29,128,0,861,0,0,0,861
10/06/2008,MCO,FL,ASO,ES,Combined TRACON& Tower with Radar,677,39,119,0,835,0,0,24,0,24,677,39,143,0,859,0,0,0,859
10/07/2008,MCO,FL,ASO,ES,Combined TRACON& Tower with Radar,648,36,113,0,797,0,1,5,0,6,648,37,118,0,803,0,0,0,803
10/08/2008,MCO,FL,ASO,ES,Combined TRACON& Tower with Radar,664,40,103,4,811,0,0,10,0,10,664,40,113,4,821,0,0,0,821
10/09/2008,MCO,FL,ASO,ES,Combined TRACON& Tower with Radar,740,33,70,0,843,0,0,3,0,3,740,33,73,0,846,0,0,0,846
10/10/2008,MCO,FL,ASO,ES,Combined TRACON& Tower with Radar,731,32,49,0,812,0,0,9,0,9,731,32,58,0,821,0,0,0,821
10/11/2008,MCO,FL,ASO,ES,Combined TRACON& Tower with Radar,739,28,27,2,796,0,1,9,0,10,739,29,36,2,806,0,0,0,806
10/12/2008,MCO,FL,ASO,ES,Combined TRACON& Tower with Radar,700,25,43,2,770,0,0,5,0,5,700,25,48,2,775,0,0,0,775
10/13/2008,MCO,FL,ASO,ES,Combined TRACON& Tower with Radar,693,27,37,0,757,0,1,2,0,3,693,28,39,0,760,0,0,0,760
10/14/2008,MCO,FL,ASO,ES,Combined TRACON& Tower with Radar,669,32,36,0,737,0,0,9,1,10,669,32,45,1,747,0,0,0,747
10/15/2008,MCO,FL,ASO,ES,Combined TRACON& Tower with Radar,664,44,50,2,760,0,1,17,0,18,664,45,67,2,778,0,0,0,778
10/16/2008,MCO,FL,ASO,ES,Combined TRACON& Tower with Radar,717,36,38,2,793,0,0,8,1,9,717,36,46,3,802,0,0,0,802
10/17/2008,MCO,FL,ASO,ES,Combined TRACON& Tower with Radar,726,37,50,0,813,0,0,13,0,13,726,37,63,0,826,0,0,0,826
10/18/2008,MCO,FL,ASO,ES,Combined TRACON& Tower with Radar,736,27,17,1,781,0,1,11,0,12,736,28,28,1,793,0,0,0,793
10/19/2008,MCO,FL,ASO,ES,Combined TRACON& Tower with Radar,698,26,29,1,754,0,0,7,0,7,698,26,36,1,761,0,0,0,761
10/20/2008,MCO,FL,ASO,ES,Combined TRACON& Tower with Radar,708,28,32,2,770,0,0,7,0,7,708,28,39,2,777,0,0,0,777
10/21/2008,MCO,FL,ASO,ES,Combined TRACON& Tower with Radar,666,40,39,0,745,0,0,14,0,14,666,40,53,0,759,0,0,0,759
10/22/2008,MCO,FL,ASO,ES,Combined TRACON& Tower with Radar,672,39,46,0,757,0,1,12,0,13,672,40,58,0,770,0,0,0,770
10/23/2008,MCO,FL,ASO,ES,Combined TRACON& Tower with Radar,711,36,51,6,804,0,0,7,0,7,711,36,58,6,811,0,0,0,811
10/24/2008,MCO,FL,ASO,ES,Combined TRACON& Tower with Radar,734,23,37,6,800,0,1,3,0,4,734,24,40,6,804,0,0,0,804
10/25/2008,MCO,FL,ASO,ES,Combined TRACON& Tower with Radar,732,35,26,0,793,0,0,3,0,3,732,35,29,0,796,0,0,0,796
10/26/2008,MCO,FL,ASO,ES,Combined TRACON& Tower with Radar,706,33,49,1,789,0,0,10,0,10,706,33,59,1,799,0,0,0,799
10/27/2008,MCO,FL,ASO,ES,Combined TRACON& Tower with Radar,701,26,26,2,755,0,0,19,0,19,701,26,45,2,774,0,0,0,774
10/28/2008,MCO,FL,ASO,ES,Combined TRACON& Tower with Radar,657,42,37,3,739,0,0,19,0,19,657,42,56,3,758,0,0,0,758
10/29/2008,MCO,FL,ASO,ES,Combined TRACON& Tower with Radar,673,33,49,2,757,0,0,14,1,15,673,33,63,3,772,0,0,0,772
10/30/2008,MCO,FL,ASO,ES,Combined TRACON& Tower with Radar,715,39,44,3,801,0,1,12,0,13,715,40,56,3,814,0,0,0,814
10/31/2008,MCO,FL,ASO,ES,Combined TRACON& Tower with Radar,724,28,42,0,794,0,0,6,0,6,724,28,48,0,800,0,0,0,800
11/01/2008,MCO,FL,ASO,ES,Combined TRACON& Tower with Radar,740,26,17,0,783,0,0,3,0,3,740,26,20,0,786,0,0,0,786
11/02/2008,MCO,FL,ASO,ES,Combined TRACON& Tower with Radar,728,27,35,0,790,0,0,2,0,2,728,27,37,0,792,0,0,0,792
11/03/2008,MCO,FL,ASO,ES,Combined TRACON& Tower with Radar,740,40,38,0,818,0,0,12,0,12,740,40,50,0,830,0,0,0,830
11/04/2008,MCO,FL,ASO,ES,Combined TRACON& Tower with Radar,723,45,49,2,819,0,0,1,0,1,723,45,50,2,820,0,0,0,820
11/05/2008,MCO,FL,ASO,ES,Combined TRACON& Tower with Radar,726,42,54,2,824,0,0,7,0,7,726,42,61,2,831,0,0,0,831
11/06/2008,MCO,FL,ASO,ES,Combined TRACON& Tower with Radar,746,39,32,1,818,0,1,13,0,14,746,40,45,1,832,0,0,0,832
11/07/2008,MCO,FL,ASO,ES,Combined TRACON& Tower with Radar,775,32,41,2,850,0,2,9,1,12,775,34,50,3,862,0,0,0,862
11/08/2008,MCO,FL,ASO,ES,Combined TRACON& Tower with Radar,810,28,17,0,855,0,0,9,0,9,810,28,26,0,864,0,0,0,864
11/09/2008,MCO,FL,ASO,ES,Combined TRACON& Tower with Radar,733,33,41,1,808,0,0,3,0,3,733,33,44,1,811,0,0,0,811
11/10/2008,MCO,FL,ASO,ES,Combined TRACON& Tower with Radar,751,29,40,1,821,0,0,11,0,11,751,29,51,1,832,0,0,0,832
11/11/2008,MCO,FL,ASO,ES,Combined TRACON& Tower with Radar,727,41,37,0,805,0,0,17,0,17,727,41,54,0,822,0,0,0,822
11/12/2008,MCO,FL,ASO,ES,Combined TRACON& Tower with Radar,714,47,53,0,814,0,0,7,0,7,714,47,60,0,821,0,0,0,821
11/13/2008,MCO,FL,ASO,ES,Combined TRACON& Tower with Radar,737,38,48,0,823,0,0,9,0,9,737,38,57,0,832,0,0,0,832
11/14/2008,MCO,FL,ASO,ES,Combined TRACON& Tower with Radar,767,29,46,0,842,0,0,7,1,8,767,29,53,1,850,0,0,0,850
11/15/2008,MCO,FL,ASO,ES,Combined TRACON& Tower with Radar,821,31,14,2,868,0,6,9,0,15,821,37,23,2,883,0,0,0,883
11/16/2008,MCO,FL,ASO,ES,Combined TRACON& Tower with Radar,733,25,28,0,786,0,0,11,0,11,733,25,39,0,797,0,0,0,797
11/17/2008,MCO,FL,ASO,ES,Combined TRACON& Tower with Radar,758,31,39,0,828,0,0,11,0,11,758,31,50,0,839,0,0,0,839
11/18/2008,MCO,FL,ASO,ES,Combined TRACON& Tower with Radar,714,38,40,4,796,0,0,6,0,6,714,38,46,4,802,0,0,0,802
11/19/2008,MCO,FL,ASO,ES,Combined TRACON& Tower with Radar,724,37,71,0,832,0,0,14,0,14,724,37,85,0,846,0,0,0,846
11/20/2008,MCO,FL,ASO,ES,Combined TRACON& Tower with Radar,787,46,74,0,907,0,0,9,0,9,787,46,83,0,916,0,0,0,916
11/21/2008,MCO,FL,ASO,ES,Combined TRACON& Tower with Radar,803,38,38,2,881,0,1,13,0,14,803,39,51,2,895,0,0,0,895
11/22/2008,MCO,FL,ASO,ES,Combined TRACON& Tower with Radar,851,18,42,0,911,0,0,3,0,3,851,18,45,0,914,0,0,0,914
11/23/2008,MCO,FL,ASO,ES,Combined TRACON& Tower with Radar,774,39,37,1,851,0,0,14,0,14,774,39,51,1,865,0,0,0,865
11/24/2008,MCO,FL,ASO,ES,Combined TRACON& Tower with Radar,774,37,35,0,846,0,1,4,0,5,774,38,39,0,851,0,0,0,851
11/25/2008,MCO,FL,ASO,ES,Combined TRACON& Tower with Radar,826,50,31,1,908,0,2,4,0,6,826,52,35,1,914,0,0,0,914
11/26/2008,MCO,FL,ASO,ES,Combined TRACON& Tower with Radar,826,40,29,3,898,0,2,20,0,22,826,42,49,3,920,0,0,0,920
11/27/2008,MCO,FL,ASO,ES,Combined TRACON& Tower with Radar,642,16,8,0,666,0,0,4,0,4,642,16,12,0,670,0,0,0,670
11/28/2008,MCO,FL,ASO,ES,Combined TRACON& Tower with Radar,718,22,17,0,757,0,2,12,1,15,718,24,29,1,772,0,0,0,772
11/29/2008,MCO,FL,ASO,ES,Combined TRACON& Tower with Radar,820,27,24,0,871,0,0,10,0,10,820,27,34,0,881,0,0,0,881
11/30/2008,MCO,FL,ASO,ES,Combined TRACON& Tower with Radar,779,42,41,0,862,0,0,5,0,5,779,42,46,0,867,0,0,0,867
12/01/2008,MCO,FL,ASO,ES,Combined TRACON& Tower with Radar,842,37,45,3,927,0,0,8,0,8,842,37,53,3,935,0,0,0,935
12/02/2008,MCO,FL,ASO,ES,Combined TRACON& Tower with Radar,825,34,44,7,910,1,0,5,0,6,826,34,49,7,916,0,0,0,916
12/03/2008,MCO,FL,ASO,ES,Combined TRACON& Tower with Radar,758,37,68,15,878,0,1,20,0,21,758,38,88,15,899,0,0,0,899
12/04/2008,MCO,FL,ASO,ES,Combined TRACON& Tower with Radar,768,42,48,1,859,0,0,16,0,16,768,42,64,1,875,0,0,0,875
12/05/2008,MCO,FL,ASO,ES,Combined TRACON& Tower with Radar,780,36,36,0,852,0,1,16,0,17,780,37,52,0,869,0,0,0,869
12/06/2008,MCO,FL,ASO,ES,Combined TRACON& Tower with Radar,806,20,24,0,850,0,0,6,0,6,806,20,30,0,856,0,0,0,856
12/07/2008,MCO,FL,ASO,ES,Combined TRACON& Tower with Radar,738,36,28,0,802,1,0,5,0,6,739,36,33,0,808,0,0,0,808
12/08/2008,MCO,FL,ASO,ES,Combined TRACON& Tower with Radar,750,33,34,4,821,0,2,6,0,8,750,35,40,4,829,0,0,0,829
12/09/2008,MCO,FL,ASO,ES,Combined TRACON& Tower with Radar,728,46,37,2,813,0,0,3,0,3,728,46,40,2,816,0,0,0,816
12/10/2008,MCO,FL,ASO,ES,Combined TRACON& Tower with Radar,733,36,56,0,825,0,1,17,0,18,733,37,73,0,843,0,0,0,843
12/11/2008,MCO,FL,ASO,ES,Combined TRACON& Tower with Radar,764,37,37,0,838,0,0,2,0,2,764,37,39,0,840,0,0,0,840
12/12/2008,MCO,FL,ASO,ES,Combined TRACON& Tower with Radar,795,43,42,0,880,1,1,9,0,11,796,44,51,0,891,0,0,0,891
12/13/2008,MCO,FL,ASO,ES,Combined TRACON& Tower with Radar,813,24,33,0,870,0,0,5,0,5,813,24,38,0,875,0,0,0,875
12/14/2008,MCO,FL,ASO,ES,Combined TRACON& Tower with Radar,732,25,33,0,790,0,0,6,0,6,732,25,39,0,796,0,0,0,796
12/15/2008,MCO,FL,ASO,ES,Combined TRACON& Tower with Radar,738,27,26,2,793,0,1,6,0,7,738,28,32,2,800,0,0,0,800
12/16/2008,MCO,FL,ASO,ES,Combined TRACON& Tower with Radar,738,37,37,0,812,0,1,7,0,8,738,38,44,0,820,0,0,0,820
12/17/2008,MCO,FL,ASO,ES,Combined TRACON& Tower with Radar,779,45,48,2,874,0,0,5,0,5,779,45,53,2,879,0,0,0,879
12/18/2008,MCO,FL,ASO,ES,Combined TRACON& Tower with Radar,850,48,42,6,946,0,1,10,0,11,850,49,52,6,957,0,0,0,957
12/19/2008,MCO,FL,ASO,ES,Combined TRACON& Tower with Radar,786,43,42,4,875,0,2,8,0,10,786,45,50,4,885,0,0,0,885
12/20/2008,MCO,FL,ASO,ES,Combined TRACON& Tower with Radar,872,34,30,2,938,0,0,3,0,3,872,34,33,2,941,0,0,0,941
12/21/2008,MCO,FL,ASO,ES,Combined TRACON& Tower with Radar,794,32,24,0,850,0,0,8,0,8,794,32,32,0,858,0,0,0,858
12/22/2008,MCO,FL,ASO,ES,Combined TRACON& Tower with Radar,817,32,37,1,887,0,2,19,0,21,817,34,56,1,908,0,0,0,908
12/23/2008,MCO,FL,ASO,ES,Combined TRACON& Tower with Radar,844,39,35,0,918,0,1,7,0,8,844,40,42,0,926,0,0,0,926
12/24/2008,MCO,FL,ASO,ES,Combined TRACON& Tower with Radar,793,30,14,0,837,0,2,9,0,11,793,32,23,0,848,0,0,0,848
12/25/2008,MCO,FL,ASO,ES,Combined TRACON& Tower with Radar,757,15,7,0,779,0,0,1,1,2,757,15,8,1,781,0,0,0,781
12/26/2008,MCO,FL,ASO,ES,Combined TRACON& Tower with Radar,824,33,37,0,894,0,1,4,0,5,824,34,41,0,899,0,0,0,899
12/27/2008,MCO,FL,ASO,ES,Combined TRACON& Tower with Radar,860,37,44,0,941,0,0,3,0,3,860,37,47,0,944,0,0,0,944
12/28/2008,MCO,FL,ASO,ES,Combined TRACON& Tower with Radar,828,48,27,0,903,0,0,7,0,7,828,48,34,0,910,0,0,0,910
12/29/2008,MCO,FL,ASO,ES,Combined TRACON& Tower with Radar,833,40,25,0,898,0,0,7,0,7,833,40,32,0,905,0,0,0,905
12/30/2008,MCO,FL,ASO,ES,Combined TRACON& Tower with Radar,843,43,41,0,927,0,0,19,0,19,843,43,60,0,946,0,0,0,946
12/31/2008,MCO,FL,ASO,ES,Combined TRACON& Tower with Radar,764,39,20,0,823,0,1,7,1,9,764,40,27,1,832,0,0,0,832
01/01/2009,MCO,FL,ASO,ES,Combined TRACON& Tower with Radar,765,31,17,0,813,0,0,2,2,4,765,31,19,2,817,0,0,0,817
01/02/2009,MCO,FL,ASO,ES,Combined TRACON& Tower with Radar,841,35,40,0,916,0,0,7,0,7,841,35,47,0,923,0,0,0,923
01/03/2009,MCO,FL,ASO,ES,Combined TRACON& Tower with Radar,866,35,48,0,949,0,0,7,0,7,866,35,55,0,956,0,0,0,956
01/04/2009,MCO,FL,ASO,ES,Combined TRACON& Tower with Radar,829,43,54,0,926,0,0,9,0,9,829,43,63,0,935,0,0,0,935
01/05/2009,MCO,FL,ASO,ES,Combined TRACON& Tower with Radar,793,38,31,0,862,6,0,6,2,14,799,38,37,2,876,0,0,0,876
01/06/2009,MCO,FL,ASO,ES,Combined TRACON& Tower with Radar,745,33,40,0,818,0,0,10,0,10,745,33,50,0,828,0,0,0,828
01/07/2009,MCO,FL,ASO,ES,Combined TRACON& Tower with Radar,738,36,43,5,822,0,1,8,0,9,738,37,51,5,831,0,0,0,831
01/08/2009,MCO,FL,ASO,ES,Combined TRACON& Tower with Radar,783,44,56,2,885,0,0,8,0,8,783,44,64,2,893,0,0,0,893
01/09/2009,MCO,FL,ASO,ES,Combined TRACON& Tower with Radar,781,38,46,7,872,0,1,22,0,23,781,39,68,7,895,0,0,0,895
01/10/2009,MCO,FL,ASO,ES,Combined TRACON& Tower with Radar,788,23,60,11,882,0,0,18,0,18,788,23,78,11,900,0,0,0,900
01/11/2009,MCO,FL,ASO,ES,Combined TRACON& Tower with Radar,742,25,72,1,840,0,2,15,0,17,742,27,87,1,857,0,0,0,857
01/12/2009,MCO,FL,ASO,ES,Combined TRACON& Tower with Radar,756,34,54,0,844,0,1,3,0,4,756,35,57,0,848,0,0,0,848
01/13/2009,MCO,FL,ASO,ES,Combined TRACON& Tower with Radar,709,40,48,0,797,0,1,2,0,3,709,41,50,0,800,0,0,0,800
01/14/2009,MCO,FL,ASO,ES,Combined TRACON& Tower with Radar,728,29,47,0,804,0,2,17,0,19,728,31,64,0,823,0,0,0,823
01/15/2009,MCO,FL,ASO,ES,Combined TRACON& Tower with Radar,747,29,49,2,827,2,2,15,0,19,749,31,64,2,846,0,0,0,846
01/16/2009,MCO,FL,ASO,ES,Combined TRACON& Tower with Radar,776,39,56,0,871,0,1,7,0,8,776,40,63,0,879,0,0,0,879
01/17/2009,MCO,FL,ASO,ES,Combined TRACON& Tower with Radar,757,18,42,3,820,0,5,7,0,12,757,23,49,3,832,0,0,0,832
01/18/2009,MCO,FL,ASO,ES,Combined TRACON& Tower with Radar,731,25,38,3,797,0,0,7,0,7,731,25,45,3,804,0,0,0,804
01/19/2009,MCO,FL,ASO,ES,Combined TRACON& Tower with Radar,742,29,41,0,812,0,0,7,0,7,742,29,48,0,819,0,0,0,819
01/20/2009,MCO,FL,ASO,ES,Combined TRACON& Tower with Radar,731,21,35,1,788,0,0,5,0,5,731,21,40,1,793,0,0,0,793
01/21/2009,MCO,FL,ASO,ES,Combined TRACON& Tower with Radar,729,32,42,3,806,0,0,4,0,4,729,32,46,3,810,0,0,0,810
01/22/2009,MCO,FL,ASO,ES,Combined TRACON& Tower with Radar,756,32,37,2,827,0,0,15,0,15,756,32,52,2,842,0,0,0,842
01/23/2009,MCO,FL,ASO,ES,Combined TRACON& Tower with Radar,767,27,43,3,840,0,1,12,0,13,767,28,55,3,853,0,0,0,853
01/24/2009,MCO,FL,ASO,ES,Combined TRACON& Tower with Radar,754,13,26,0,793,0,0,9,0,9,754,13,35,0,802,0,0,0,802
01/25/2009,MCO,FL,ASO,ES,Combined TRACON& Tower with Radar,735,32,37,1,805,0,0,10,0,10,735,32,47,1,815,0,0,0,815
01/26/2009,MCO,FL,ASO,ES,Combined TRACON& Tower with Radar,742,27,40,2,811,0,2,8,0,10,742,29,48,2,821,0,0,0,821
01/27/2009,MCO,FL,ASO,ES,Combined TRACON& Tower with Radar,709,47,48,0,804,0,2,7,1,10,709,49,55,1,814,0,0,0,814
01/28/2009,MCO,FL,ASO,ES,Combined TRACON& Tower with Radar,660,42,62,0,764,0,1,13,0,14,660,43,75,0,778,0,0,0,778
01/29/2009,MCO,FL,ASO,ES,Combined TRACON& Tower with Radar,779,35,67,4,885,1,0,12,0,13,780,35,79,4,898,0,0,0,898
01/30/2009,MCO,FL,ASO,ES,Combined TRACON& Tower with Radar,778,38,73,2,891,0,1,2,0,3,778,39,75,2,894,0,0,0,894
01/31/2009,MCO,FL,ASO,ES,Combined TRACON& Tower with Radar,765,29,44,0,838,0,1,12,0,13,765,30,56,0,851,0,0,0,851
02/01/2009,MCO,FL,ASO,ES,Towers with Radar,741,35,49,0,825,0,0,5,0,5,741,35,54,0,830,0,0,0,830
02/02/2009,MCO,FL,ASO,ES,Towers with Radar,745,42,46,0,833,0,0,6,0,6,745,42,52,0,839,0,0,0,839
02/03/2009,MCO,FL,ASO,ES,Towers with Radar,721,37,39,0,797,0,0,4,0,4,721,37,43,0,801,0,0,0,801
02/04/2009,MCO,FL,ASO,ES,Towers with Radar,743,46,42,2,833,0,0,10,0,10,743,46,52,2,843,0,0,0,843
02/05/2009,MCO,FL,ASO,ES,Towers with Radar,770,39,40,1,850,0,0,17,0,17,770,39,57,1,867,0,0,0,867
02/06/2009,MCO,FL,ASO,ES,Towers with Radar,781,32,34,1,848,0,1,13,0,14,781,33,47,1,862,0,0,0,862
02/07/2009,MCO,FL,ASO,ES,Towers with Radar,773,14,37,0,824,0,1,11,0,12,773,15,48,0,836,0,0,0,836
02/08/2009,MCO,FL,ASO,ES,Towers with Radar,746,30,28,0,804,0,0,5,0,5,746,30,33,0,809,0,0,0,809
02/09/2009,MCO,FL,ASO,ES,Towers with Radar,756,28,26,0,810,0,0,9,0,9,756,28,35,0,819,0,0,0,819
02/10/2009,MCO,FL,ASO,ES,Towers with Radar,729,34,53,6,822,2,2,7,1,12,731,36,60,7,834,0,0,0,834
02/11/2009,MCO,FL,ASO,ES,Towers with Radar,747,37,46,2,832,4,0,12,0,16,751,37,58,2,848,0,0,0,848
02/12/2009,MCO,FL,ASO,ES,Towers with Radar,816,35,56,2,909,0,0,1,1,2,816,35,57,3,911,0,0,0,911
02/13/2009,MCO,FL,ASO,ES,Towers with Radar,844,46,54,3,947,0,0,11,1,12,844,46,65,4,959,0,0,0,959
02/14/2009,MCO,FL,ASO,ES,Towers with Radar,829,23,28,0,880,0,0,9,0,9,829,23,37,0,889,0,0,0,889
02/15/2009,MCO,FL,ASO,ES,Towers with Radar,809,30,28,0,867,0,0,11,0,11,809,30,39,0,878,0,0,0,878
02/16/2009,MCO,FL,ASO,ES,Towers with Radar,810,41,44,0,895,0,2,7,0,9,810,43,51,0,904,0,0,0,904
02/17/2009,MCO,FL,ASO,ES,Towers with Radar,825,29,44,0,898,0,0,10,0,10,825,29,54,0,908,0,0,0,908
02/18/2009,MCO,FL,ASO,ES,Towers with Radar,793,35,56,1,885,3,0,18,0,21,796,35,74,1,906,0,0,0,906
02/19/2009,MCO,FL,ASO,ES,Towers with Radar,836,34,45,4,919,1,0,3,0,4,837,34,48,4,923,0,0,0,923
02/20/2009,MCO,FL,ASO,ES,Towers with Radar,826,27,46,5,904,1,1,9,0,11,827,28,55,5,915,0,0,0,915
02/21/2009,MCO,FL,ASO,ES,Towers with Radar,817,18,31,0,866,0,0,4,0,4,817,18,35,0,870,0,0,0,870
02/22/2009,MCO,FL,ASO,ES,Towers with Radar,800,33,46,4,883,1,0,18,0,19,801,33,64,4,902,0,0,0,902
02/23/2009,MCO,FL,ASO,ES,Towers with Radar,819,24,27,1,871,0,0,14,0,14,819,24,41,1,885,0,0,0,885
02/24/2009,MCO,FL,ASO,ES,Towers with Radar,811,30,51,2,894,0,1,22,0,23,811,31,73,2,917,0,0,0,917
02/25/2009,MCO,FL,ASO,ES,Towers with Radar,802,28,52,8,890,0,0,16,0,16,802,28,68,8,906,0,0,0,906
02/26/2009,MCO,FL,ASO,ES,Towers with Radar,805,26,72,17,920,3,2,16,0,21,808,28,88,17,941,0,0,0,941
02/27/2009,MCO,FL,ASO,ES,Towers with Radar,818,30,57,8,913,4,1,24,0,29,822,31,81,8,942,0,0,0,942
02/28/2009,MCO,FL,ASO,ES,Towers with Radar,833,20,18,10,881,1,1,12,0,14,834,21,30,10,895,0,0,0,895
03/01/2009,MCO,FL,ASO,ES,Towers with Radar,750,44,39,10,843,1,0,2,0,3,751,44,41,10,846,0,0,0,846
03/02/2009,MCO,FL,ASO,ES,Towers with Radar,748,36,45,4,833,0,0,10,0,10,748,36,55,4,843,0,0,0,843
03/03/2009,MCO,FL,ASO,ES,Towers with Radar,820,29,40,0,889,0,1,12,0,13,820,30,52,0,902,0,0,0,902
03/04/2009,MCO,FL,ASO,ES,Towers with Radar,806,32,31,0,869,0,0,9,0,9,806,32,40,0,878,0,0,0,878
03/05/2009,MCO,FL,ASO,ES,Towers with Radar,834,25,50,2,911,0,0,23,0,23,834,25,73,2,934,0,0,0,934
03/06/2009,MCO,FL,ASO,ES,Towers with Radar,823,33,34,3,893,2,1,12,0,15,825,34,46,3,908,0,0,0,908
03/07/2009,MCO,FL,ASO,ES,Towers with Radar,881,21,25,1,928,0,0,4,0,4,881,21,29,1,932,0,0,0,932
03/08/2009,MCO,FL,ASO,ES,Towers with Radar,813,32,50,0,895,0,0,3,0,3,813,32,53,0,898,0,0,0,898
03/09/2009,MCO,FL,ASO,ES,Towers with Radar,833,44,64,0,941,0,0,15,0,15,833,44,79,0,956,0,0,0,956
03/10/2009,MCO,FL,ASO,ES,Towers with Radar,827,43,70,0,940,2,0,4,0,6,829,43,74,0,946,0,0,0,946
03/11/2009,MCO,FL,ASO,ES,Towers with Radar,816,31,63,4,914,4,0,3,0,7,820,31,66,4,921,0,0,0,921
03/12/2009,MCO,FL,ASO,ES,Towers with Radar,839,30,58,0,927,2,0,5,0,7,841,30,63,0,934,0,0,0,934
03/13/2009,MCO,FL,ASO,ES,Towers with Radar,851,28,65,0,944,0,0,8,0,8,851,28,73,0,952,0,0,0,952
03/14/2009,MCO,FL,ASO,ES,Towers with Radar,900,35,50,0,985,0,0,4,0,4,900,35,54,0,989,0,0,0,989
03/15/2009,MCO,FL,ASO,ES,Towers with Radar,828,41,60,0,929,0,0,3,0,3,828,41,63,0,932,0,0,0,932
03/16/2009,MCO,FL,ASO,ES,Towers with Radar,823,33,57,1,914,0,1,14,0,15,823,34,71,1,929,0,0,0,929
03/17/2009,MCO,FL,ASO,ES,Towers with Radar,842,40,62,1,945,0,1,15,0,16,842,41,77,1,961,0,0,0,961
03/18/2009,MCO,FL,ASO,ES,Towers with Radar,824,32,42,7,905,2,0,4,0,6,826,32,46,7,911,0,0,0,911
03/19/2009,MCO,FL,ASO,ES,Towers with Radar,834,31,66,1,932,5,1,6,0,12,839,32,72,1,944,0,0,0,944
03/20/2009,MCO,FL,ASO,ES,Towers with Radar,849,32,54,2,937,2,1,5,0,8,851,33,59,2,945,0,0,0,945
03/21/2009,MCO,FL,ASO,ES,Towers with Radar,908,29,39,0,976,2,0,3,1,6,910,29,42,1,982,0,0,0,982
03/22/2009,MCO,FL,ASO,ES,Towers with Radar,836,35,45,0,916,1,0,6,0,7,837,35,51,0,923,0,0,0,923
03/23/2009,MCO,FL,ASO,ES,Towers with Radar,827,39,44,3,913,1,0,2,0,3,828,39,46,3,916,0,0,0,916
03/24/2009,MCO,FL,ASO,ES,Towers with Radar,832,27,48,0,907,0,1,4,1,6,832,28,52,1,913,0,0,0,913
03/25/2009,MCO,FL,ASO,ES,Towers with Radar,842,27,50,0,919,0,1,2,0,3,842,28,52,0,922,0,0,0,922
03/26/2009,MCO,FL,ASO,ES,Towers with Radar,815,37,52,1,905,7,1,4,0,12,822,38,56,1,917,0,0,0,917
03/27/2009,MCO,FL,ASO,ES,Towers with Radar,863,35,57,0,955,3,0,4,0,7,866,35,61,0,962,0,0,0,962
03/28/2009,MCO,FL,ASO,ES,Towers with Radar,896,26,28,0,950,1,0,0,0,1,897,26,28,0,951,0,0,0,951
03/29/2009,MCO,FL,ASO,ES,Towers with Radar,835,47,48,3,933,1,0,0,0,1,836,47,48,3,934,0,0,0,934
03/30/2009,MCO,FL,ASO,ES,Towers with Radar,834,29,56,0,919,0,1,5,0,6,834,30,61,0,925,0,0,0,925
03/31/2009,MCO,FL,ASO,ES,Towers with Radar,837,27,37,1,902,0,0,0,1,1,837,27,37,2,903,0,0,0,903
04/01/2009,MCO,FL,ASO,ES,Towers with Radar,836,33,48,0,917,5,1,2,0,8,841,34,50,0,925,0,0,0,925
04/02/2009,MCO,FL,ASO,ES,Towers with Radar,818,33,45,2,898,4,1,0,0,5,822,34,45,2,903,0,0,0,903
04/03/2009,MCO,FL,ASO,ES,Towers with Radar,829,36,26,0,891,2,1,3,0,6,831,37,29,0,897,0,0,0,897
04/04/2009,MCO,FL,ASO,ES,Towers with Radar,945,25,39,2,1011,0,0,7,0,7,945,25,46,2,1018,0,0,0,1018
04/05/2009,MCO,FL,ASO,ES,Towers with Radar,818,33,56,0,907,3,0,2,1,6,821,33,58,1,913,0,0,0,913
04/06/2009,MCO,FL,ASO,ES,Towers with Radar,786,37,28,2,853,0,0,2,0,2,786,37,30,2,855,0,0,0,855
04/07/2009,MCO,FL,ASO,ES,Towers with Radar,836,36,33,0,905,2,1,1,0,4,838,37,34,0,909,0,0,0,909
04/08/2009,MCO,FL,ASO,ES,Towers with Radar,822,36,51,2,911,0,0,2,0,2,822,36,53,2,913,0,0,0,913
04/09/2009,MCO,FL,ASO,ES,Towers with Radar,833,46,44,0,923,1,0,3,0,4,834,46,47,0,927,0,0,0,927
04/10/2009,MCO,FL,ASO,ES,Towers with Radar,829,43,38,0,910,1,0,1,0,2,830,43,39,0,912,0,0,0,912
04/11/2009,MCO,FL,ASO,ES,Towers with Radar,915,32,27,0,974,0,0,0,0,0,915,32,27,0,974,0,0,0,974
04/12/2009,MCO,FL,ASO,ES,Towers with Radar,809,40,30,0,879,2,0,2,0,4,811,40,32,0,883,0,0,0,883
04/13/2009,MCO,FL,ASO,ES,Towers with Radar,791,41,38,0,870,1,0,6,2,9,792,41,44,2,879,0,0,0,879
04/14/2009,MCO,FL,ASO,ES,Towers with Radar,806,29,38,1,874,3,0,1,0,4,809,29,39,1,878,0,0,0,878
04/15/2009,MCO,FL,ASO,ES,Towers with Radar,822,48,43,0,913,0,0,4,0,4,822,48,47,0,917,0,0,0,917
04/16/2009,MCO,FL,ASO,ES,Towers with Radar,818,43,50,0,911,0,1,3,0,4,818,44,53,0,915,0,0,0,915
04/17/2009,MCO,FL,ASO,ES,Towers with Radar,815,46,34,0,895,0,0,5,1,6,815,46,39,1,901,0,0,0,901
04/18/2009,MCO,FL,ASO,ES,Towers with Radar,895,30,38,1,964,1,0,3,0,4,896,30,41,1,968,0,0,0,968
04/19/2009,MCO,FL,ASO,ES,Towers with Radar,798,35,56,1,890,0,0,4,0,4,798,35,60,1,894,0,0,0,894
04/20/2009,MCO,FL,ASO,ES,Towers with Radar,780,37,48,2,867,0,0,2,0,2,780,37,50,2,869,0,0,0,869
04/21/2009,MCO,FL,ASO,ES,Towers with Radar,801,41,64,0,906,3,0,5,0,8,804,41,69,0,914,0,0,0,914
04/22/2009,MCO,FL,ASO,ES,Towers with Radar,792,40,66,0,898,2,0,11,0,13,794,40,77,0,911,0,0,0,911
04/23/2009,MCO,FL,ASO,ES,Towers with Radar,818,38,55,0,911,2,0,5,0,7,820,38,60,0,918,0,0,0,918
04/24/2009,MCO,FL,ASO,ES,Towers with Radar,811,32,58,0,901,2,0,3,0,5,813,32,61,0,906,0,0,0,906
04/25/2009,MCO,FL,ASO,ES,Towers with Radar,875,24,35,0,934,4,0,6,0,10,879,24,41,0,944,0,0,0,944
04/26/2009,MCO,FL,ASO,ES,Towers with Radar,784,34,57,2,877,4,0,4,0,8,788,34,61,2,885,0,0,0,885
04/27/2009,MCO,FL,ASO,ES,Towers with Radar,782,36,39,3,860,1,0,2,0,3,783,36,41,3,863,0,0,0,863
04/28/2009,MCO,FL,ASO,ES,Towers with Radar,788,42,52,1,883,1,0,3,0,4,789,42,55,1,887,0,0,0,887
04/29/2009,MCO,FL,ASO,ES,Towers with Radar,790,35,48,2,875,0,0,1,0,1,790,35,49,2,876,0,0,0,876
04/30/2009,MCO,FL,ASO,ES,Towers with Radar,814,33,51,0,898,0,0,8,0,8,814,33,59,0,906,0,0,0,906
05/01/2009,MCO,FL,ASO,ES,Towers with Radar,796,35,45,5,881,2,0,9,0,11,798,35,54,5,892,0,0,0,892
05/02/2009,MCO,FL,ASO,ES,Towers with Radar,855,20,42,2,919,3,0,8,0,11,858,20,50,2,930,0,0,0,930
05/03/2009,MCO,FL,ASO,ES,Towers with Radar,760,27,39,5,831,0,0,4,0,4,760,27,43,5,835,0,0,0,835
05/04/2009,MCO,FL,ASO,ES,Towers with Radar,756,31,41,2,830,1,0,1,1,3,757,31,42,3,833,0,0,0,833
05/05/2009,MCO,FL,ASO,ES,Towers with Radar,740,44,34,0,818,2,1,5,0,8,742,45,39,0,826,0,0,0,826
05/06/2009,MCO,FL,ASO,ES,Towers with Radar,737,35,41,0,813,2,0,2,2,6,739,35,43,2,819,0,0,0,819
05/07/2009,MCO,FL,ASO,ES,Towers with Radar,785,35,62,0,882,0,0,7,1,8,785,35,69,1,890,0,0,0,890
05/08/2009,MCO,FL,ASO,ES,Towers with Radar,790,36,47,0,873,5,0,6,0,11,795,36,53,0,884,0,0,0,884
05/09/2009,MCO,FL,ASO,ES,Towers with Radar,805,22,26,3,856,3,0,2,2,7,808,22,28,5,863,0,0,0,863
05/10/2009,MCO,FL,ASO,ES,Towers with Radar,728,25,24,0,777,3,0,1,0,4,731,25,25,0,781,0,0,0,781
05/11/2009,MCO,FL,ASO,ES,Towers with Radar,753,28,45,3,829,0,0,2,0,2,753,28,47,3,831,0,0,0,831
05/12/2009,MCO,FL,ASO,ES,Towers with Radar,728,38,38,2,806,0,0,3,0,3,728,38,41,2,809,0,0,0,809
05/13/2009,MCO,FL,ASO,ES,Towers with Radar,729,36,48,3,816,0,1,4,0,5,729,37,52,3,821,0,0,0,821
05/14/2009,MCO,FL,ASO,ES,Towers with Radar,746,49,42,3,840,3,1,1,0,5,749,50,43,3,845,0,0,0,845
05/15/2009,MCO,FL,ASO,ES,Towers with Radar,772,38,39,6,855,7,1,3,0,11,779,39,42,6,866,0,0,0,866
05/16/2009,MCO,FL,ASO,ES,Towers with Radar,792,24,24,0,840,3,0,2,0,5,795,24,26,0,845,0,0,0,845
05/17/2009,MCO,FL,ASO,ES,Towers with Radar,734,31,36,0,801,2,0,1,0,3,736,31,37,0,804,0,0,0,804
05/18/2009,MCO,FL,ASO,ES,Towers with Radar,744,28,30,2,804,6,0,0,0,6,750,28,30,2,810,0,0,0,810
05/19/2009,MCO,FL,ASO,ES,Towers with Radar,738,29,23,0,790,2,0,0,0,2,740,29,23,0,792,0,0,0,792
05/20/2009,MCO,FL,ASO,ES,Towers with Radar,720,34,35,1,790,1,0,0,0,1,721,34,35,1,791,0,0,0,791
05/21/2009,MCO,FL,ASO,ES,Towers with Radar,764,50,30,2,846,0,0,0,0,0,764,50,30,2,846,0,0,0,846
05/22/2009,MCO,FL,ASO,ES,Towers with Radar,773,34,37,2,846,1,1,0,0,2,774,35,37,2,848,0,0,0,848
05/23/2009,MCO,FL,ASO,ES,Towers with Radar,830,27,15,0,872,0,0,2,0,2,830,27,17,0,874,0,0,0,874
05/24/2009,MCO,FL,ASO,ES,Towers with Radar,735,27,18,0,780,1,0,0,0,1,736,27,18,0,781,0,0,0,781
05/25/2009,MCO,FL,ASO,ES,Towers with Radar,726,37,22,1,786,0,0,1,0,1,726,37,23,1,787,0,0,0,787
05/26/2009,MCO,FL,ASO,ES,Towers with Radar,731,27,32,0,790,0,0,2,1,3,731,27,34,1,793,0,0,0,793
05/27/2009,MCO,FL,ASO,ES,Towers with Radar,755,40,34,0,829,2,0,1,0,3,757,40,35,0,832,0,0,0,832
05/28/2009,MCO,FL,ASO,ES,Towers with Radar,763,32,42,0,837,1,0,1,0,2,764,32,43,0,839,0,0,0,839
05/29/2009,MCO,FL,ASO,ES,Towers with Radar,770,37,42,1,850,4,1,5,0,10,774,38,47,1,860,0,0,0,860
05/30/2009,MCO,FL,ASO,ES,Towers with Radar,816,23,22,0,861,5,0,4,0,9,821,23,26,0,870,0,0,0,870
05/31/2009,MCO,FL,ASO,ES,Towers with Radar,744,35,41,0,820,2,0,2,1,5,746,35,43,1,825,0,0,0,825
06/01/2009,MCO,FL,ASO,ES,Towers with Radar,747,35,48,1,831,1,0,15,0,16,748,35,63,1,847,0,0,0,847
06/02/2009,MCO,FL,ASO,ES,Towers with Radar,724,38,46,0,808,4,1,2,0,7,728,39,48,0,815,0,0,0,815
06/03/2009,MCO,FL,ASO,ES,Towers with Radar,722,35,39,0,796,0,0,4,0,4,722,35,43,0,800,0,0,0,800
06/04/2009,MCO,FL,ASO,ES,Towers with Radar,783,28,38,0,849,2,0,3,1,6,785,28,41,1,855,0,0,0,855
06/05/2009,MCO,FL,ASO,ES,Towers with Radar,755,34,36,3,828,2,0,1,0,3,757,34,37,3,831,0,0,0,831
06/06/2009,MCO,FL,ASO,ES,Towers with Radar,821,21,26,0,868,4,0,0,0,4,825,21,26,0,872,0,0,0,872
06/07/2009,MCO,FL,ASO,ES,Towers with Radar,749,28,29,2,808,0,2,1,0,3,749,30,30,2,811,0,0,0,811
06/08/2009,MCO,FL,ASO,ES,Towers with Radar,758,33,44,0,835,0,0,4,0,4,758,33,48,0,839,0,0,0,839
06/09/2009,MCO,FL,ASO,ES,Towers with Radar,699,34,47,1,781,0,1,3,0,4,699,35,50,1,785,0,0,0,785
06/10/2009,MCO,FL,ASO,ES,Towers with Radar,777,38,48,0,863,0,0,2,0,2,777,38,50,0,865,0,0,0,865
06/11/2009,MCO,FL,ASO,ES,Towers with Radar,740,39,61,2,842,0,0,4,0,4,740,39,65,2,846,0,0,0,846
06/12/2009,MCO,FL,ASO,ES,Towers with Radar,802,29,86,5,922,3,0,2,0,5,805,29,88,5,927,0,0,0,927
06/13/2009,MCO,FL,ASO,ES,Towers with Radar,829,20,21,14,884,2,0,2,0,4,831,20,23,14,888,0,0,0,888
06/14/2009,MCO,FL,ASO,ES,Towers with Radar,774,24,46,1,845,0,0,3,0,3,774,24,49,1,848,0,0,0,848
06/15/2009,MCO,FL,ASO,ES,Towers with Radar,768,30,52,0,850,0,0,2,0,2,768,30,54,0,852,0,0,0,852
06/16/2009,MCO,FL,ASO,ES,Towers with Radar,733,32,48,0,813,0,0,2,0,2,733,32,50,0,815,0,0,0,815
06/17/2009,MCO,FL,ASO,ES,Towers with Radar,796,33,59,2,890,0,1,1,1,3,796,34,60,3,893,0,0,0,893
06/18/2009,MCO,FL,ASO,ES,Towers with Radar,753,29,38,2,822,2,0,4,0,6,755,29,42,2,828,0,0,0,828
06/19/2009,MCO,FL,ASO,ES,Towers with Radar,795,46,38,0,879,1,0,1,1,3,796,46,39,1,882,0,0,0,882
06/20/2009,MCO,FL,ASO,ES,Towers with Radar,833,19,29,0,881,2,0,2,0,4,835,19,31,0,885,0,0,0,885
06/21/2009,MCO,FL,ASO,ES,Towers with Radar,770,33,41,2,846,0,0,0,0,0,770,33,41,2,846,0,0,0,846
06/22/2009,MCO,FL,ASO,ES,Towers with Radar,752,30,34,3,819,0,0,1,0,1,752,30,35,3,820,0,0,0,820
06/23/2009,MCO,FL,ASO,ES,Towers with Radar,782,30,60,2,874,0,0,2,0,2,782,30,62,2,876,0,0,0,876
06/24/2009,MCO,FL,ASO,ES,Towers with Radar,777,35,40,1,853,0,0,0,0,0,777,35,40,1,853,0,0,0,853
06/25/2009,MCO,FL,ASO,ES,Towers with Radar,783,41,52,1,877,0,0,5,0,5,783,41,57,1,882,0,0,0,882
06/26/2009,MCO,FL,ASO,ES,Towers with Radar,762,34,40,2,838,0,0,2,0,2,762,34,42,2,840,0,0,0,840
06/27/2009,MCO,FL,ASO,ES,Towers with Radar,865,28,31,0,924,0,0,4,0,4,865,28,35,0,928,0,0,0,928
06/28/2009,MCO,FL,ASO,ES,Towers with Radar,768,31,25,4,828,0,0,1,0,1,768,31,26,4,829,0,0,0,829
06/29/2009,MCO,FL,ASO,ES,Towers with Radar,756,30,28,0,814,0,0,3,1,4,756,30,31,1,818,0,0,0,818
06/30/2009,MCO,FL,ASO,ES,Towers with Radar,744,43,25,0,812,0,0,1,0,1,744,43,26,0,813,0,0,0,813
07/01/2009,MCO,FL,ASO,ES,Towers with Radar,777,34,34,0,845,0,0,2,0,2,777,34,36,0,847,0,0,0,847
07/02/2009,MCO,FL,ASO,ES,Towers with Radar,798,37,35,2,872,0,0,3,0,3,798,37,38,2,875,0,0,0,875
07/03/2009,MCO,FL,ASO,ES,Towers with Radar,771,29,23,0,823,0,0,1,0,1,771,29,24,0,824,0,0,0,824
07/04/2009,MCO,FL,ASO,ES,Towers with Radar,735,15,14,0,764,0,0,3,0,3,735,15,17,0,767,0,0,0,767
07/05/2009,MCO,FL,ASO,ES,Towers with Radar,750,27,26,0,803,0,0,5,0,5,750,27,31,0,808,0,0,0,808
07/06/2009,MCO,FL,ASO,ES,Towers with Radar,758,25,19,0,802,1,1,3,0,5,759,26,22,0,807,0,0,0,807
07/07/2009,MCO,FL,ASO,ES,Towers with Radar,758,30,26,0,814,0,0,3,0,3,758,30,29,0,817,0,0,0,817
07/08/2009,MCO,FL,ASO,ES,Towers with Radar,784,37,43,0,864,0,0,6,0,6,784,37,49,0,870,0,0,0,870
07/09/2009,MCO,FL,ASO,ES,Towers with Radar,798,42,26,0,866,0,0,2,0,2,798,42,28,0,868,0,0,0,868
07/10/2009,MCO,FL,ASO,ES,Towers with Radar,789,39,40,5,873,0,1,4,0,5,789,40,44,5,878,0,0,0,878
07/11/2009,MCO,FL,ASO,ES,Towers with Radar,843,18,23,3,887,0,0,4,0,4,843,18,27,3,891,0,0,0,891
07/12/2009,MCO,FL,ASO,ES,Towers with Radar,760,24,40,3,827,0,0,2,0,2,760,24,42,3,829,0,0,0,829
07/13/2009,MCO,FL,ASO,ES,Towers with Radar,774,34,35,1,844,1,0,1,1,3,775,34,36,2,847,0,0,0,847
07/14/2009,MCO,FL,ASO,ES,Towers with Radar,770,31,42,0,843,1,0,4,0,5,771,31,46,0,848,0,0,0,848
07/15/2009,MCO,FL,ASO,ES,Towers with Radar,750,32,44,1,827,0,0,6,0,6,750,32,50,1,833,0,0,0,833
07/16/2009,MCO,FL,ASO,ES,Towers with Radar,804,35,32,1,872,0,0,3,0,3,804,35,35,1,875,0,0,0,875
07/17/2009,MCO,FL,ASO,ES,Towers with Radar,781,29,47,3,860,0,1,1,0,2,781,30,48,3,862,0,0,0,862
07/18/2009,MCO,FL,ASO,ES,Towers with Radar,840,17,32,2,891,3,0,2,0,5,843,17,34,2,896,0,0,0,896
07/19/2009,MCO,FL,ASO,ES,Towers with Radar,773,28,26,2,829,0,0,2,0,2,773,28,28,2,831,0,0,0,831
07/20/2009,MCO,FL,ASO,ES,Towers with Radar,781,28,43,0,852,0,1,2,0,3,781,29,45,0,855,0,0,0,855
07/21/2009,MCO,FL,ASO,ES,Towers with Radar,769,30,26,0,825,0,0,3,0,3,769,30,29,0,828,0,0,0,828
07/22/2009,MCO,FL,ASO,ES,Towers with Radar,780,35,45,0,860,1,1,3,0,5,781,36,48,0,865,0,0,0,865
07/23/2009,MCO,FL,ASO,ES,Towers with Radar,770,33,39,4,846,0,1,1,0,2,770,34,40,4,848,0,0,0,848
07/24/2009,MCO,FL,ASO,ES,Towers with Radar,796,31,41,0,868,3,1,8,0,12,799,32,49,0,880,0,0,0,880
07/25/2009,MCO,FL,ASO,ES,Towers with Radar,842,17,27,0,886,0,0,0,0,0,842,17,27,0,886,0,0,0,886
07/26/2009,MCO,FL,ASO,ES,Towers with Radar,742,29,31,0,802,0,0,0,0,0,742,29,31,0,802,0,0,0,802
07/27/2009,MCO,FL,ASO,ES,Towers with Radar,778,33,45,15,871,0,0,3,0,3,778,33,48,15,874,0,0,0,874
07/28/2009,MCO,FL,ASO,ES,Towers with Radar,779,34,32,1,846,0,0,5,0,5,779,34,37,1,851,0,0,0,851
07/29/2009,MCO,FL,ASO,ES,Towers with Radar,746,44,38,3,831,1,0,1,0,2,747,44,39,3,833,0,0,0,833
07/30/2009,MCO,FL,ASO,ES,Towers with Radar,808,37,39,10,894,1,0,3,0,4,809,37,42,10,898,0,0,0,898
07/31/2009,MCO,FL,ASO,ES,Towers with Radar,772,43,29,5,849,0,0,2,0,2,772,43,31,5,851,0,0,0,851
08/01/2009,MCO,FL,ASO,ES,Towers with Radar,862,20,20,0,902,0,0,7,1,8,862,20,27,1,910,0,0,0,910
08/02/2009,MCO,FL,ASO,ES,Towers with Radar,739,31,23,0,793,0,0,1,1,2,739,31,24,1,795,0,0,0,795
08/03/2009,MCO,FL,ASO,ES,Towers with Radar,786,26,30,0,842,0,0,3,0,3,786,26,33,0,845,0,0,0,845
08/04/2009,MCO,FL,ASO,ES,Towers with Radar,777,32,35,0,844,0,0,2,0,2,777,32,37,0,846,0,0,0,846
08/05/2009,MCO,FL,ASO,ES,Towers with Radar,780,31,26,3,840,0,1,1,3,5,780,32,27,6,845,0,0,0,845
08/06/2009,MCO,FL,ASO,ES,Towers with Radar,796,33,32,0,861,0,0,3,0,3,796,33,35,0,864,0,0,0,864
08/07/2009,MCO,FL,ASO,ES,Towers with Radar,798,37,46,1,882,0,0,2,0,2,798,37,48,1,884,0,0,0,884
08/08/2009,MCO,FL,ASO,ES,Towers with Radar,844,14,25,8,891,0,0,1,1,2,844,14,26,9,893,0,0,0,893
08/09/2009,MCO,FL,ASO,ES,Towers with Radar,766,28,17,5,816,1,0,2,0,3,767,28,19,5,819,0,0,0,819
08/10/2009,MCO,FL,ASO,ES,Towers with Radar,770,25,31,2,828,0,0,2,0,2,770,25,33,2,830,0,0,0,830
08/11/2009,MCO,FL,ASO,ES,Towers with Radar,771,30,24,0,825,0,1,2,0,3,771,31,26,0,828,0,0,0,828
08/12/2009,MCO,FL,ASO,ES,Towers with Radar,722,38,42,0,802,0,0,1,0,1,722,38,43,0,803,0,0,0,803
08/13/2009,MCO,FL,ASO,ES,Towers with Radar,804,34,27,0,865,0,0,1,0,1,804,34,28,0,866,0,0,0,866
08/14/2009,MCO,FL,ASO,ES,Towers with Radar,797,33,21,2,853,0,0,2,0,2,797,33,23,2,855,0,0,0,855
08/15/2009,MCO,FL,ASO,ES,Towers with Radar,831,16,24,0,871,0,0,3,1,4,831,16,27,1,875,0,0,0,875
08/16/2009,MCO,FL,ASO,ES,Towers with Radar,729,26,39,0,794,0,0,3,1,4,729,26,42,1,798,0,0,0,798
08/17/2009,MCO,FL,ASO,ES,Towers with Radar,725,30,49,0,804,0,0,3,0,3,725,30,52,0,807,0,0,0,807
08/18/2009,MCO,FL,ASO,ES,Towers with Radar,712,35,36,1,784,2,1,5,0,8,714,36,41,1,792,0,0,0,792
08/19/2009,MCO,FL,ASO,ES,Towers with Radar,706,32,27,1,766,0,0,5,0,5,706,32,32,1,771,0,0,0,771
08/20/2009,MCO,FL,ASO,ES,Towers with Radar,727,29,39,0,795,0,1,2,0,3,727,30,41,0,798,0,0,0,798
08/21/2009,MCO,FL,ASO,ES,Towers with Radar,706,40,28,0,774,0,0,1,0,1,706,40,29,0,775,0,0,0,775
08/22/2009,MCO,FL,ASO,ES,Towers with Radar,766,17,24,0,807,0,0,2,0,2,766,17,26,0,809,0,0,0,809
08/23/2009,MCO,FL,ASO,ES,Towers with Radar,709,28,30,0,767,3,0,3,0,6,712,28,33,0,773,0,0,0,773
08/24/2009,MCO,FL,ASO,ES,Towers with Radar,711,29,28,0,768,0,0,2,0,2,711,29,30,0,770,0,0,0,770
08/25/2009,MCO,FL,ASO,ES,Towers with Radar,705,36,34,0,775,0,0,0,0,0,705,36,34,0,775,0,0,0,775
08/26/2009,MCO,FL,ASO,ES,Towers with Radar,713,28,47,0,788,3,0,1,0,4,716,28,48,0,792,0,0,0,792
08/27/2009,MCO,FL,ASO,ES,Towers with Radar,717,40,38,0,795,0,0,9,0,9,717,40,47,0,804,0,0,0,804
08/28/2009,MCO,FL,ASO,ES,Towers with Radar,721,35,45,1,802,0,0,4,0,4,721,35,49,1,806,0,0,0,806
08/29/2009,MCO,FL,ASO,ES,Towers with Radar,755,23,17,1,796,0,0,4,0,4,755,23,21,1,800,0,0,0,800
08/30/2009,MCO,FL,ASO,ES,Towers with Radar,692,24,21,0,737,0,0,2,0,2,692,24,23,0,739,0,0,0,739
08/31/2009,MCO,FL,ASO,ES,Towers with Radar,699,25,32,2,758,0,0,5,0,5,699,25,37,2,763,0,0,0,763
09/01/2009,MCO,FL,ASO,ES,Towers with Radar,668,29,37,0,734,0,1,3,0,4,668,30,40,0,738,0,0,0,738
09/02/2009,MCO,FL,ASO,ES,Towers with Radar,658,29,28,0,715,0,1,8,0,9,658,30,36,0,724,0,0,0,724
09/03/2009,MCO,FL,ASO,ES,Towers with Radar,702,31,24,2,759,1,1,1,0,3,703,32,25,2,762,0,0,0,762
09/04/2009,MCO,FL,ASO,ES,Towers with Radar,692,34,33,0,759,0,0,4,0,4,692,34,37,0,763,0,0,0,763
09/05/2009,MCO,FL,ASO,ES,Towers with Radar,678,18,15,0,711,0,0,2,0,2,678,18,17,0,713,0,0,0,713
09/06/2009,MCO,FL,ASO,ES,Towers with Radar,603,29,13,0,645,0,0,4,0,4,603,29,17,0,649,0,0,0,649
09/07/2009,MCO,FL,ASO,ES,Towers with Radar,638,29,20,0,687,3,0,4,0,7,641,29,24,0,694,0,0,0,694
09/08/2009,MCO,FL,ASO,ES,Towers with Radar,655,28,31,0,714,0,1,2,0,3,655,29,33,0,717,0,0,0,717
09/09/2009,MCO,FL,ASO,ES,Towers with Radar,618,27,36,0,681,0,1,5,0,6,618,28,41,0,687,0,0,0,687
09/10/2009,MCO,FL,ASO,ES,Towers with Radar,663,35,37,1,736,0,0,5,0,5,663,35,42,1,741,0,0,0,741
09/11/2009,MCO,FL,ASO,ES,Towers with Radar,666,37,33,0,736,0,0,1,0,1,666,37,34,0,737,0,0,0,737
09/12/2009,MCO,FL,ASO,ES,Towers with Radar,677,26,25,0,728,0,0,3,0,3,677,26,28,0,731,0,0,0,731
09/13/2009,MCO,FL,ASO,ES,Towers with Radar,642,27,19,0,688,1,0,2,0,3,643,27,21,0,691,0,0,0,691
09/14/2009,MCO,FL,ASO,ES,Towers with Radar,644,31,46,1,722,0,0,2,0,2,644,31,48,1,724,0,0,0,724
09/15/2009,MCO,FL,ASO,ES,Towers with Radar,603,34,39,0,676,0,0,2,0,2,603,34,41,0,678,0,0,0,678
09/16/2009,MCO,FL,ASO,ES,Towers with Radar,602,36,41,0,679,0,1,5,0,6,602,37,46,0,685,0,0,0,685
09/17/2009,MCO,FL,ASO,ES,Towers with Radar,660,35,33,1,729,0,0,10,0,10,660,35,43,1,739,0,0,0,739
09/18/2009,MCO,FL,ASO,ES,Towers with Radar,688,39,37,1,765,0,0,5,0,5,688,39,42,1,770,0,0,0,770
09/19/2009,MCO,FL,ASO,ES,Towers with Radar,675,31,22,0,728,0,0,5,0,5,675,31,27,0,733,0,0,0,733
09/20/2009,MCO,FL,ASO,ES,Towers with Radar,674,30,26,0,730,1,0,3,0,4,675,30,29,0,734,0,0,0,734
09/21/2009,MCO,FL,ASO,ES,Towers with Radar,638,27,39,0,704,0,1,7,0,8,638,28,46,0,712,0,0,0,712
09/22/2009,MCO,FL,ASO,ES,Towers with Radar,615,39,39,0,693,0,0,6,0,6,615,39,45,0,699,0,0,0,699
09/23/2009,MCO,FL,ASO,ES,Towers with Radar,610,37,29,1,677,0,1,5,0,6,610,38,34,1,683,0,0,0,683
09/24/2009,MCO,FL,ASO,ES,Towers with Radar,664,40,48,0,752,0,0,4,0,4,664,40,52,0,756,0,0,0,756
09/25/2009,MCO,FL,ASO,ES,Towers with Radar,681,40,35,2,758,0,0,13,0,13,681,40,48,2,771,0,0,0,771
09/26/2009,MCO,FL,ASO,ES,Towers with Radar,665,24,23,1,713,0,0,12,1,13,665,24,35,2,726,0,0,0,726
09/27/2009,MCO,FL,ASO,ES,Towers with Radar,655,29,18,1,703,0,0,0,0,0,655,29,18,1,703,0,0,0,703
09/28/2009,MCO,FL,ASO,ES,Towers with Radar,640,34,23,4,701,0,0,12,0,12,640,34,35,4,713,0,0,0,713
09/29/2009,MCO,FL,ASO,ES,Towers with Radar,596,37,16,0,649,0,2,4,0,6,596,39,20,0,655,0,0,0,655
09/30/2009,MCO,FL,ASO,ES,Towers with Radar,609,33,35,0,677,0,0,15,0,15,609,33,50,0,692,0,0,0,692
10/01/2009,MCO,FL,ASO,ES,Towers with Radar,688,37,27,0,752,1,3,13,0,17,689,40,40,0,769,0,0,0,769
10/02/2009,MCO,FL,ASO,ES,Towers with Radar,700,37,41,1,779,2,2,15,0,19,702,39,56,1,798,0,0,0,798
10/03/2009,MCO,FL,ASO,ES,Towers with Radar,693,17,18,1,729,0,0,13,0,13,693,17,31,1,742,0,0,0,742
10/04/2009,MCO,FL,ASO,ES,Towers with Radar,672,25,28,2,727,0,0,11,2,13,672,25,39,4,740,0,0,0,740
10/05/2009,MCO,FL,ASO,ES,Towers with Radar,662,37,32,0,731,0,0,6,0,6,662,37,38,0,737,0,0,0,737
10/06/2009,MCO,FL,ASO,ES,Towers with Radar,645,42,32,0,719,0,0,4,0,4,645,42,36,0,723,0,0,0,723
10/07/2009,MCO,FL,ASO,ES,Towers with Radar,659,36,40,0,735,0,2,2,0,4,659,38,42,0,739,0,0,0,739
10/08/2009,MCO,FL,ASO,ES,Towers with Radar,708,36,39,0,783,0,0,5,0,5,708,36,44,0,788,0,0,0,788
10/09/2009,MCO,FL,ASO,ES,Towers with Radar,724,45,37,4,810,0,0,10,3,13,724,45,47,7,823,0,0,0,823
10/10/2009,MCO,FL,ASO,ES,Towers with Radar,706,21,17,0,744,0,0,5,0,5,706,21,22,0,749,0,0,0,749
10/11/2009,MCO,FL,ASO,ES,Towers with Radar,692,38,40,1,771,0,0,11,0,11,692,38,51,1,782,0,0,0,782
10/12/2009,MCO,FL,ASO,ES,Towers with Radar,676,38,40,1,755,0,1,3,1,5,676,39,43,2,760,0,0,0,760
10/13/2009,MCO,FL,ASO,ES,Towers with Radar,649,49,39,0,737,0,1,8,0,9,649,50,47,0,746,0,0,0,746
10/14/2009,MCO,FL,ASO,ES,Towers with Radar,657,42,36,0,735,0,0,9,1,10,657,42,45,1,745,0,0,0,745
10/15/2009,MCO,FL,ASO,ES,Towers with Radar,704,41,34,0,779,0,1,18,1,20,704,42,52,1,799,0,0,0,799
10/16/2009,MCO,FL,ASO,ES,Towers with Radar,723,41,32,0,796,0,1,4,0,5,723,42,36,0,801,0,0,0,801
10/17/2009,MCO,FL,ASO,ES,Towers with Radar,706,23,29,0,758,0,0,8,0,8,706,23,37,0,766,0,0,0,766
10/18/2009,MCO,FL,ASO,ES,Towers with Radar,680,35,45,0,760,0,0,19,0,19,680,35,64,0,779,0,0,0,779
10/19/2009,MCO,FL,ASO,ES,Towers with Radar,692,41,64,0,797,0,0,18,0,18,692,41,82,0,815,0,0,0,815
10/20/2009,MCO,FL,ASO,ES,Towers with Radar,653,45,78,2,778,0,0,11,0,11,653,45,89,2,789,0,0,0,789
10/21/2009,MCO,FL,ASO,ES,Towers with Radar,657,54,71,2,784,0,1,11,0,12,657,55,82,2,796,0,0,0,796
10/22/2009,MCO,FL,ASO,ES,Towers with Radar,705,61,90,1,857,0,0,14,1,15,705,61,104,2,872,0,0,0,872
10/23/2009,MCO,FL,ASO,ES,Towers with Radar,722,45,45,4,816,0,0,37,0,37,722,45,82,4,853,0,0,0,853
10/24/2009,MCO,FL,ASO,ES,Towers with Radar,708,26,19,1,754,0,0,18,0,18,708,26,37,1,772,0,0,0,772
10/25/2009,MCO,FL,ASO,ES,Towers with Radar,692,44,47,3,786,0,0,17,2,19,692,44,64,5,805,0,0,0,805
10/26/2009,MCO,FL,ASO,ES,Towers with Radar,695,40,30,3,768,0,0,6,0,6,695,40,36,3,774,0,0,0,774
10/27/2009,MCO,FL,ASO,ES,Towers with Radar,652,42,51,1,746,1,0,6,0,7,653,42,57,1,753,0,0,0,753
10/28/2009,MCO,FL,ASO,ES,Towers with Radar,657,44,54,4,759,0,1,7,0,8,657,45,61,4,767,0,0,0,767
10/29/2009,MCO,FL,ASO,ES,Towers with Radar,714,50,51,4,819,0,0,12,0,12,714,50,63,4,831,0,0,0,831
10/30/2009,MCO,FL,ASO,ES,Towers with Radar,718,43,35,2,798,0,2,7,0,9,718,45,42,2,807,0,0,0,807
10/31/2009,MCO,FL,ASO,ES,Towers with Radar,700,27,18,1,746,1,0,3,0,4,701,27,21,1,750,0,0,0,750
11/01/2009,MCO,FL,ASO,ES,Towers with Radar,725,30,41,3,799,0,0,1,0,1,725,30,42,3,800,0,0,0,800
11/02/2009,MCO,FL,ASO,ES,Towers with Radar,700,44,37,20,801,0,0,8,0,8,700,44,45,20,809,0,0,0,809
11/03/2009,MCO,FL,ASO,ES,Towers with Radar,664,41,39,6,750,1,0,4,1,6,665,41,43,7,756,0,0,0,756
11/04/2009,MCO,FL,ASO,ES,Towers with Radar,690,45,25,8,768,0,2,4,0,6,690,47,29,8,774,0,0,0,774
11/05/2009,MCO,FL,ASO,ES,Towers with Radar,733,43,37,7,820,0,2,6,0,8,733,45,43,7,828,0,0,0,828
11/06/2009,MCO,FL,ASO,ES,Towers with Radar,731,44,35,15,825,0,2,9,0,11,731,46,44,15,836,0,0,0,836
11/07/2009,MCO,FL,ASO,ES,Towers with Radar,750,22,25,0,797,2,0,10,0,12,752,22,35,0,809,0,0,0,809
11/08/2009,MCO,FL,ASO,ES,Towers with Radar,724,28,40,0,792,1,0,9,0,10,725,28,49,0,802,0,0,0,802
11/09/2009,MCO,FL,ASO,ES,Towers with Radar,708,36,34,0,778,1,1,6,0,8,709,37,40,0,786,0,0,0,786
11/10/2009,MCO,FL,ASO,ES,Towers with Radar,682,45,33,0,760,2,0,12,1,15,684,45,45,1,775,0,0,0,775
11/11/2009,MCO,FL,ASO,ES,Towers with Radar,691,51,40,0,782,0,0,5,0,5,691,51,45,0,787,0,0,0,787
11/12/2009,MCO,FL,ASO,ES,Towers with Radar,732,47,34,0,813,0,1,2,0,3,732,48,36,0,816,0,0,0,816
11/13/2009,MCO,FL,ASO,ES,Towers with Radar,730,50,28,0,808,0,1,9,0,10,730,51,37,0,818,0,0,0,818
11/14/2009,MCO,FL,ASO,ES,Towers with Radar,760,20,21,0,801,0,0,6,0,6,760,20,27,0,807,0,0,0,807
11/15/2009,MCO,FL,ASO,ES,Towers with Radar,732,36,42,4,814,0,0,5,1,6,732,36,47,5,820,0,0,0,820
11/16/2009,MCO,FL,ASO,ES,Towers with Radar,715,43,36,3,797,1,0,2,1,4,716,43,38,4,801,0,0,0,801
11/17/2009,MCO,FL,ASO,ES,Towers with Radar,689,46,34,3,772,0,1,11,0,12,689,47,45,3,784,0,0,0,784
11/18/2009,MCO,FL,ASO,ES,Towers with Radar,694,41,41,0,776,0,0,9,0,9,694,41,50,0,785,0,0,0,785
11/19/2009,MCO,FL,ASO,ES,Towers with Radar,759,49,43,0,851,0,0,13,0,13,759,49,56,0,864,0,0,0,864
11/20/2009,MCO,FL,ASO,ES,Towers with Radar,790,50,56,0,896,0,0,11,0,11,790,50,67,0,907,0,0,0,907
11/21/2009,MCO,FL,ASO,ES,Towers with Radar,785,26,40,1,852,0,0,11,1,12,785,26,51,2,864,0,0,0,864
11/22/2009,MCO,FL,ASO,ES,Towers with Radar,756,34,32,0,822,0,0,7,0,7,756,34,39,0,829,0,0,0,829
11/23/2009,MCO,FL,ASO,ES,Towers with Radar,743,34,31,1,809,0,0,2,0,2,743,34,33,1,811,0,0,0,811
11/24/2009,MCO,FL,ASO,ES,Towers with Radar,774,58,37,1,870,0,0,6,0,6,774,58,43,1,876,0,0,0,876
11/25/2009,MCO,FL,ASO,ES,Towers with Radar,768,41,39,0,848,0,0,0,0,0,768,41,39,0,848,0,0,0,848
11/26/2009,MCO,FL,ASO,ES,Towers with Radar,615,23,11,0,649,3,0,3,0,6,618,23,14,0,655,0,0,0,655
11/27/2009,MCO,FL,ASO,ES,Towers with Radar,709,37,9,0,755,0,2,4,0,6,709,39,13,0,761,0,0,0,761
11/28/2009,MCO,FL,ASO,ES,Towers with Radar,784,23,28,0,835,0,0,4,0,4,784,23,32,0,839,0,0,0,839
11/29/2009,MCO,FL,ASO,ES,Towers with Radar,819,48,34,0,901,0,0,4,0,4,819,48,38,0,905,0,0,0,905
11/30/2009,MCO,FL,ASO,ES,Towers with Radar,776,40,36,1,853,1,1,20,1,23,777,41,56,2,876,0,0,0,876
12/01/2009,MCO,FL,ASO,ES,Towers with Radar,726,39,40,0,805,2,0,9,0,11,728,39,49,0,816,0,0,0,816
12/02/2009,MCO,FL,ASO,ES,Towers with Radar,712,30,41,0,783,0,0,6,0,6,712,30,47,0,789,0,0,0,789
12/03/2009,MCO,FL,ASO,ES,Towers with Radar,766,45,31,1,843,0,0,6,0,6,766,45,37,1,849,0,0,0,849
12/04/2009,MCO,FL,ASO,ES,Towers with Radar,742,38,33,0,813,0,0,0,0,0,742,38,33,0,813,0,0,0,813
12/05/2009,MCO,FL,ASO,ES,Towers with Radar,767,25,22,2,816,0,2,0,0,2,767,27,22,2,818,0,0,0,818
12/06/2009,MCO,FL,ASO,ES,Towers with Radar,745,30,39,5,819,0,0,10,0,10,745,30,49,5,829,0,0,0,829
12/07/2009,MCO,FL,ASO,ES,Towers with Radar,739,34,39,2,814,0,0,4,1,5,739,34,43,3,819,0,0,0,819
12/08/2009,MCO,FL,ASO,ES,Towers with Radar,681,43,28,1,753,0,1,5,0,6,681,44,33,1,759,0,0,0,759
12/09/2009,MCO,FL,ASO,ES,Towers with Radar,707,45,39,0,791,0,0,4,1,5,707,45,43,1,796,0,0,0,796
12/10/2009,MCO,FL,ASO,ES,Towers with Radar,769,57,39,2,867,1,0,2,0,3,770,57,41,2,870,0,0,0,870
12/11/2009,MCO,FL,ASO,ES,Towers with Radar,761,51,38,5,855,0,2,6,2,10,761,53,44,7,865,0,0,0,865
12/12/2009,MCO,FL,ASO,ES,Towers with Radar,779,23,34,2,838,0,0,1,0,1,779,23,35,2,839,0,0,0,839
12/13/2009,MCO,FL,ASO,ES,Towers with Radar,753,28,29,5,815,0,0,12,0,12,753,28,41,5,827,0,0,0,827
12/14/2009,MCO,FL,ASO,ES,Towers with Radar,724,31,35,2,792,0,0,8,0,8,724,31,43,2,800,0,0,0,800
12/15/2009,MCO,FL,ASO,ES,Towers with Radar,711,34,36,0,781,0,1,5,0,6,711,35,41,0,787,0,0,0,787
12/16/2009,MCO,FL,ASO,ES,Towers with Radar,726,44,47,2,819,0,0,0,0,0,726,44,47,2,819,0,0,0,819
12/17/2009,MCO,FL,ASO,ES,Towers with Radar,824,41,47,2,914,0,0,2,0,2,824,41,49,2,916,0,0,0,916
12/18/2009,MCO,FL,ASO,ES,Towers with Radar,825,43,31,2,901,0,0,1,0,1,825,43,32,2,902,0,0,0,902
12/19/2009,MCO,FL,ASO,ES,Towers with Radar,736,18,27,0,781,0,0,12,0,12,736,18,39,0,793,0,0,0,793
12/20/2009,MCO,FL,ASO,ES,Towers with Radar,715,30,16,0,761,0,0,5,0,5,715,30,21,0,766,0,0,0,766
12/21/2009,MCO,FL,ASO,ES,Towers with Radar,804,40,19,4,867,0,1,11,0,12,804,41,30,4,879,0,0,0,879
12/22/2009,MCO,FL,ASO,ES,Towers with Radar,837,50,25,0,912,0,1,16,0,17,837,51,41,0,929,0,0,0,929
12/23/2009,MCO,FL,ASO,ES,Towers with Radar,832,36,24,0,892,0,0,4,0,4,832,36,28,0,896,0,0,0,896
12/24/2009,MCO,FL,ASO,ES,Towers with Radar,767,41,8,0,816,0,0,11,0,11,767,41,19,0,827,0,0,0,827
12/25/2009,MCO,FL,ASO,ES,Towers with Radar,773,36,7,0,816,0,0,2,0,2,773,36,9,0,818,0,0,0,818
12/26/2009,MCO,FL,ASO,ES,Towers with Radar,825,34,33,0,892,0,0,5,0,5,825,34,38,0,897,0,0,0,897
12/27/2009,MCO,FL,ASO,ES,Towers with Radar,844,35,36,0,915,0,0,13,0,13,844,35,49,0,928,0,0,0,928
12/28/2009,MCO,FL,ASO,ES,Towers with Radar,803,41,23,0,867,0,0,12,0,12,803,41,35,0,879,0,0,0,879
12/29/2009,MCO,FL,ASO,ES,Towers with Radar,820,47,24,0,891,0,0,14,0,14,820,47,38,0,905,0,0,0,905
12/30/2009,MCO,FL,ASO,ES,Towers with Radar,823,47,34,0,904,0,0,9,0,9,823,47,43,0,913,0,0,0,913
12/31/2009,MCO,FL,ASO,ES,Towers with Radar,766,39,22,1,828,0,0,5,1,6,766,39,27,2,834,0,0,0,834
01/01/2010,MCO,FL,ASO,ES,Towers with Radar,781,30,18,2,831,0,0,1,0,1,781,30,19,2,832,0,0,0,832
01/02/2010,MCO,FL,ASO,ES,Towers with Radar,843,25,39,0,907,0,0,16,2,18,843,25,55,2,925,0,0,0,925
01/03/2010,MCO,FL,ASO,ES,Towers with Radar,823,46,54,1,924,0,0,6,0,6,823,46,60,1,930,0,0,0,930
01/04/2010,MCO,FL,ASO,ES,Towers with Radar,802,46,37,0,885,0,1,17,0,18,802,47,54,0,903,0,0,0,903
01/05/2010,MCO,FL,ASO,ES,Towers with Radar,727,38,36,1,802,0,2,18,0,20,727,40,54,1,822,0,0,0,822
01/06/2010,MCO,FL,ASO,ES,Towers with Radar,728,37,32,6,803,0,1,11,0,12,728,38,43,6,815,0,0,0,815
01/07/2010,MCO,FL,ASO,ES,Towers with Radar,741,50,35,0,826,2,1,11,0,14,743,51,46,0,840,0,0,0,840
01/08/2010,MCO,FL,ASO,ES,Towers with Radar,767,45,33,0,845,0,0,1,0,1,767,45,34,0,846,0,0,0,846
01/09/2010,MCO,FL,ASO,ES,Towers with Radar,815,32,25,0,872,0,0,2,0,2,815,32,27,0,874,0,0,0,874
01/10/2010,MCO,FL,ASO,ES,Towers with Radar,749,45,32,0,826,0,0,5,0,5,749,45,37,0,831,0,0,0,831
01/11/2010,MCO,FL,ASO,ES,Towers with Radar,742,43,32,2,819,0,0,6,0,6,742,43,38,2,825,0,0,0,825
01/12/2010,MCO,FL,ASO,ES,Towers with Radar,686,41,24,2,753,0,0,14,0,14,686,41,38,2,767,0,0,0,767
01/13/2010,MCO,FL,ASO,ES,Towers with Radar,705,43,48,4,800,0,0,23,0,23,705,43,71,4,823,0,0,0,823
01/14/2010,MCO,FL,ASO,ES,Towers with Radar,760,47,66,1,874,0,0,12,0,12,760,47,78,1,886,0,0,0,886
01/15/2010,MCO,FL,ASO,ES,Towers with Radar,765,48,55,2,870,0,1,19,0,20,765,49,74,2,890,0,0,0,890
01/16/2010,MCO,FL,ASO,ES,Towers with Radar,780,31,17,0,828,0,0,1,0,1,780,31,18,0,829,0,0,0,829
01/17/2010,MCO,FL,ASO,ES,Towers with Radar,758,40,25,1,824,0,0,3,0,3,758,40,28,1,827,0,0,0,827
01/18/2010,MCO,FL,ASO,ES,Towers with Radar,740,39,40,0,819,0,0,7,0,7,740,39,47,0,826,0,0,0,826
01/19/2010,MCO,FL,ASO,ES,Towers with Radar,682,41,47,0,770,0,1,15,0,16,682,42,62,0,786,0,0,0,786
01/20/2010,MCO,FL,ASO,ES,Towers with Radar,702,49,40,0,791,0,0,25,0,25,702,49,65,0,816,0,0,0,816
01/21/2010,MCO,FL,ASO,ES,Towers with Radar,749,45,41,0,835,0,0,2,0,2,749,45,43,0,837,0,0,0,837
01/22/2010,MCO,FL,ASO,ES,Towers with Radar,774,49,70,4,897,0,0,5,0,5,774,49,75,4,902,0,0,0,902
01/23/2010,MCO,FL,ASO,ES,Towers with Radar,760,31,28,1,820,0,0,1,1,2,760,31,29,2,822,0,0,0,822
01/24/2010,MCO,FL,ASO,ES,Towers with Radar,743,50,51,0,844,0,0,7,0,7,743,50,58,0,851,0,0,0,851
01/25/2010,MCO,FL,ASO,ES,Towers with Radar,713,49,62,0,824,0,0,6,0,6,713,49,68,0,830,0,0,0,830
01/26/2010,MCO,FL,ASO,ES,Towers with Radar,685,45,48,0,778,0,1,12,1,14,685,46,60,1,792,0,0,0,792
01/27/2010,MCO,FL,ASO,ES,Towers with Radar,701,61,70,0,832,0,0,10,1,11,701,61,80,1,843,0,0,0,843
01/28/2010,MCO,FL,ASO,ES,Towers with Radar,750,54,60,1,865,0,1,11,0,12,750,55,71,1,877,0,0,0,877
01/29/2010,MCO,FL,ASO,ES,Towers with Radar,762,52,43,1,858,0,0,13,2,15,762,52,56,3,873,0,0,0,873
01/30/2010,MCO,FL,ASO,ES,Towers with Radar,738,30,34,0,802,0,0,2,0,2,738,30,36,0,804,0,0,0,804
01/31/2010,MCO,FL,ASO,ES,Towers with Radar,759,40,38,0,837,0,0,2,0,2,759,40,40,0,839,0,0,0,839
02/01/2010,MCO,FL,ASO,ES,Towers with Radar,740,38,23,0,801,0,0,1,0,1,740,38,24,0,802,0,0,0,802
02/02/2010,MCO,FL,ASO,ES,Towers with Radar,676,37,42,1,756,0,0,0,1,1,676,37,42,2,757,0,0,0,757
02/03/2010,MCO,FL,ASO,ES,Towers with Radar,707,45,60,4,816,0,0,7,1,8,707,45,67,5,824,0,0,0,824
02/04/2010,MCO,FL,ASO,ES,Towers with Radar,760,44,59,5,868,0,0,6,1,7,760,44,65,6,875,0,0,0,875
02/05/2010,MCO,FL,ASO,ES,Towers with Radar,715,48,55,2,820,0,0,3,0,3,715,48,58,2,823,0,0,0,823
02/06/2010,MCO,FL,ASO,ES,Towers with Radar,669,36,30,0,735,0,0,10,0,10,669,36,40,0,745,0,0,0,745
02/07/2010,MCO,FL,ASO,ES,Towers with Radar,692,40,42,0,774,0,0,4,0,4,692,40,46,0,778,0,0,0,778
02/08/2010,MCO,FL,ASO,ES,Towers with Radar,735,48,64,0,847,0,0,17,0,17,735,48,81,0,864,0,0,0,864
02/09/2010,MCO,FL,ASO,ES,Towers with Radar,648,58,43,1,750,0,0,4,0,4,648,58,47,1,754,0,0,0,754
02/10/2010,MCO,FL,ASO,ES,Towers with Radar,530,51,60,0,641,0,0,9,1,10,530,51,69,1,651,0,0,0,651
02/11/2010,MCO,FL,ASO,ES,Towers with Radar,719,48,73,1,841,0,0,10,0,10,719,48,83,1,851,0,0,0,851
02/12/2010,MCO,FL,ASO,ES,Towers with Radar,815,71,72,3,961,0,0,0,1,1,815,71,72,4,962,0,0,0,962
02/13/2010,MCO,FL,ASO,ES,Towers with Radar,842,40,40,0,922,0,0,10,0,10,842,40,50,0,932,0,0,0,932
02/14/2010,MCO,FL,ASO,ES,Towers with Radar,816,44,45,1,906,0,0,16,0,16,816,44,61,1,922,0,0,0,922
02/15/2010,MCO,FL,ASO,ES,Towers with Radar,799,52,72,2,925,0,0,6,0,6,799,52,78,2,931,0,0,0,931
02/16/2010,MCO,FL,ASO,ES,Towers with Radar,783,37,57,1,878,0,1,15,0,16,783,38,72,1,894,0,0,0,894
02/17/2010,MCO,FL,ASO,ES,Towers with Radar,804,37,64,9,914,0,0,15,0,15,804,37,79,9,929,0,0,0,929
02/18/2010,MCO,FL,ASO,ES,Towers with Radar,829,41,65,6,941,0,1,17,1,19,829,42,82,7,960,0,0,0,960
02/19/2010,MCO,FL,ASO,ES,Towers with Radar,824,42,56,15,937,0,0,16,0,16,824,42,72,15,953,0,0,0,953
02/20/2010,MCO,FL,ASO,ES,Towers with Radar,848,32,31,9,920,0,0,13,1,14,848,32,44,10,934,0,0,0,934
02/21/2010,MCO,FL,ASO,ES,Towers with Radar,819,37,45,5,906,0,0,4,0,4,819,37,49,5,910,0,0,0,910
02/22/2010,MCO,FL,ASO,ES,Towers with Radar,809,42,43,0,894,0,0,5,0,5,809,42,48,0,899,0,0,0,899
02/23/2010,MCO,FL,ASO,ES,Towers with Radar,779,45,63,2,889,0,0,12,0,12,779,45,75,2,901,0,0,0,901
02/24/2010,MCO,FL,ASO,ES,Towers with Radar,770,42,66,2,880,0,0,1,0,1,770,42,67,2,881,0,0,0,881
02/25/2010,MCO,FL,ASO,ES,Towers with Radar,798,60,41,1,900,0,0,16,0,16,798,60,57,1,916,0,0,0,916
02/26/2010,MCO,FL,ASO,ES,Towers with Radar,752,41,43,3,839,0,0,29,0,29,752,41,72,3,868,0,0,0,868
02/27/2010,MCO,FL,ASO,ES,Towers with Radar,852,32,31,0,915,0,0,2,0,2,852,32,33,0,917,0,0,0,917
02/28/2010,MCO,FL,ASO,ES,Towers with Radar,815,44,47,3,909,0,0,20,0,20,815,44,67,3,929,0,0,0,929
03/01/2010,MCO,FL,ASO,ES,Towers with Radar,813,38,58,1,910,0,1,2,0,3,813,39,60,1,913,0,0,0,913
03/02/2010,MCO,FL,ASO,ES,Towers with Radar,779,45,44,0,868,0,0,0,0,0,779,45,44,0,868,0,0,0,868
03/03/2010,MCO,FL,ASO,ES,Towers with Radar,790,42,68,1,901,0,1,8,1,10,790,43,76,2,911,0,0,0,911
03/04/2010,MCO,FL,ASO,ES,Towers with Radar,831,41,59,1,932,0,1,14,1,16,831,42,73,2,948,0,0,0,948
03/05/2010,MCO,FL,ASO,ES,Towers with Radar,830,42,47,0,919,0,1,12,0,13,830,43,59,0,932,0,0,0,932
03/06/2010,MCO,FL,ASO,ES,Towers with Radar,857,28,29,0,914,0,1,10,0,11,857,29,39,0,925,0,0,0,925
03/07/2010,MCO,FL,ASO,ES,Towers with Radar,816,44,29,0,889,0,0,6,0,6,816,44,35,0,895,0,0,0,895
03/08/2010,MCO,FL,ASO,ES,Towers with Radar,814,53,75,0,942,0,0,18,0,18,814,53,93,0,960,0,0,0,960
03/09/2010,MCO,FL,ASO,ES,Towers with Radar,813,52,70,0,935,0,0,8,1,9,813,52,78,1,944,0,0,0,944
03/10/2010,MCO,FL,ASO,ES,Towers with Radar,808,44,50,2,904,0,0,5,0,5,808,44,55,2,909,0,0,0,909
03/11/2010,MCO,FL,ASO,ES,Towers with Radar,814,44,44,0,902,0,2,0,0,2,814,46,44,0,904,0,0,0,904
03/12/2010,MCO,FL,ASO,ES,Towers with Radar,850,52,59,0,961,0,0,1,0,1,850,52,60,0,962,0,0,0,962
03/13/2010,MCO,FL,ASO,ES,Towers with Radar,874,34,48,0,956,0,1,7,0,8,874,35,55,0,964,0,0,0,964
03/14/2010,MCO,FL,ASO,ES,Towers with Radar,806,40,45,0,891,0,0,12,1,13,806,40,57,1,904,0,0,0,904
03/15/2010,MCO,FL,ASO,ES,Towers with Radar,840,46,43,0,929,0,0,5,0,5,840,46,48,0,934,0,0,0,934
03/16/2010,MCO,FL,ASO,ES,Towers with Radar,837,43,50,0,930,0,0,21,0,21,837,43,71,0,951,0,0,0,951
03/17/2010,MCO,FL,ASO,ES,Towers with Radar,841,43,41,0,925,0,0,15,0,15,841,43,56,0,940,0,0,0,940
03/18/2010,MCO,FL,ASO,ES,Towers with Radar,845,49,69,0,963,0,0,8,0,8,845,49,77,0,971,0,0,0,971
03/19/2010,MCO,FL,ASO,ES,Towers with Radar,844,45,48,7,944,0,2,22,2,26,844,47,70,9,970,0,0,0,970
03/20/2010,MCO,FL,ASO,ES,Towers with Radar,923,38,54,3,1018,0,0,17,0,17,923,38,71,3,1035,0,0,0,1035
03/21/2010,MCO,FL,ASO,ES,Towers with Radar,861,46,62,1,970,0,0,7,0,7,861,46,69,1,977,0,0,0,977
03/22/2010,MCO,FL,ASO,ES,Towers with Radar,841,48,53,5,947,0,1,16,0,17,841,49,69,5,964,0,0,0,964
03/23/2010,MCO,FL,ASO,ES,Towers with Radar,834,51,59,0,944,0,1,27,0,28,834,52,86,0,972,0,0,0,972
03/24/2010,MCO,FL,ASO,ES,Towers with Radar,834,48,67,0,949,0,0,11,0,11,834,48,78,0,960,0,0,0,960
03/25/2010,MCO,FL,ASO,ES,Towers with Radar,833,44,71,0,948,0,0,17,0,17,833,44,88,0,965,0,0,0,965
03/26/2010,MCO,FL,ASO,ES,Towers with Radar,900,55,60,3,1018,0,0,14,0,14,900,55,74,3,1032,0,0,0,1032
03/27/2010,MCO,FL,ASO,ES,Towers with Radar,942,34,36,1,1013,0,0,8,0,8,942,34,44,1,1021,0,0,0,1021
03/28/2010,MCO,FL,ASO,ES,Towers with Radar,836,47,37,1,921,0,0,0,0,0,836,47,37,1,921,0,0,0,921
03/29/2010,MCO,FL,ASO,ES,Towers with Radar,850,47,33,0,930,2,0,4,0,6,852,47,37,0,936,0,0,0,936
03/30/2010,MCO,FL,ASO,ES,Towers with Radar,822,48,37,2,909,0,2,9,0,11,822,50,46,2,920,0,0,0,920
03/31/2010,MCO,FL,ASO,ES,Towers with Radar,859,45,40,0,944,0,1,30,0,31,859,46,70,0,975,0,0,0,975
04/01/2010,MCO,FL,ASO,ES,Towers with Radar,848,52,33,0,933,0,2,12,0,14,848,54,45,0,947,0,0,0,947
04/02/2010,MCO,FL,ASO,ES,Towers with Radar,860,42,45,0,947,0,2,12,0,14,860,44,57,0,961,0,0,0,961
04/03/2010,MCO,FL,ASO,ES,Towers with Radar,931,31,39,0,1001,0,0,6,0,6,931,31,45,0,1007,0,0,0,1007
04/04/2010,MCO,FL,ASO,ES,Towers with Radar,852,42,32,0,926,0,0,17,0,17,852,42,49,0,943,0,0,0,943
04/05/2010,MCO,FL,ASO,ES,Towers with Radar,843,32,48,0,923,1,0,11,0,12,844,32,59,0,935,0,0,0,935
04/06/2010,MCO,FL,ASO,ES,Towers with Radar,800,38,33,1,872,1,0,10,0,11,801,38,43,1,883,0,0,0,883
04/07/2010,MCO,FL,ASO,ES,Towers with Radar,800,40,40,0,880,0,0,10,0,10,800,40,50,0,890,0,0,0,890
04/08/2010,MCO,FL,ASO,ES,Towers with Radar,824,37,44,2,907,0,0,13,0,13,824,37,57,2,920,0,0,0,920
04/09/2010,MCO,FL,ASO,ES,Towers with Radar,839,35,49,0,923,1,0,7,1,9,840,35,56,1,932,0,0,0,932
04/10/2010,MCO,FL,ASO,ES,Towers with Radar,910,18,39,0,967,1,0,2,1,4,911,18,41,1,971,0,0,0,971
04/11/2010,MCO,FL,ASO,ES,Towers with Radar,828,37,50,0,915,1,0,10,0,11,829,37,60,0,926,0,0,0,926
04/12/2010,MCO,FL,ASO,ES,Towers with Radar,812,35,41,0,888,0,1,6,0,7,812,36,47,0,895,0,0,0,895
04/13/2010,MCO,FL,ASO,ES,Towers with Radar,794,33,31,2,860,0,0,17,1,18,794,33,48,3,878,0,0,0,878
04/14/2010,MCO,FL,ASO,ES,Towers with Radar,810,38,54,2,904,0,0,7,0,7,810,38,61,2,911,0,0,0,911
04/15/2010,MCO,FL,ASO,ES,Towers with Radar,811,38,54,1,904,0,0,19,0,19,811,38,73,1,923,0,0,0,923
04/16/2010,MCO,FL,ASO,ES,Towers with Radar,813,45,51,3,912,0,0,16,0,16,813,45,67,3,928,0,0,0,928
04/17/2010,MCO,FL,ASO,ES,Towers with Radar,883,26,35,4,948,0,0,14,0,14,883,26,49,4,962,0,0,0,962
04/18/2010,MCO,FL,ASO,ES,Towers with Radar,810,58,48,1,917,0,0,3,0,3,810,58,51,1,920,0,0,0,920
04/19/2010,MCO,FL,ASO,ES,Towers with Radar,788,39,43,0,870,0,0,10,0,10,788,39,53,0,880,0,0,0,880
04/20/2010,MCO,FL,ASO,ES,Towers with Radar,780,31,47,2,860,0,2,6,1,9,780,33,53,3,869,0,0,0,869
04/21/2010,MCO,FL,ASO,ES,Towers with Radar,789,46,54,0,889,0,0,6,0,6,789,46,60,0,895,0,0,0,895
04/22/2010,MCO,FL,ASO,ES,Towers with Radar,814,36,45,0,895,0,0,7,0,7,814,36,52,0,902,0,0,0,902
04/23/2010,MCO,FL,ASO,ES,Towers with Radar,830,41,47,2,920,0,0,14,0,14,830,41,61,2,934,0,0,0,934
04/24/2010,MCO,FL,ASO,ES,Towers with Radar,888,26,32,2,948,0,0,10,1,11,888,26,42,3,959,0,0,0,959
04/25/2010,MCO,FL,ASO,ES,Towers with Radar,812,39,36,0,887,0,0,6,1,7,812,39,42,1,894,0,0,0,894
04/26/2010,MCO,FL,ASO,ES,Towers with Radar,830,40,47,2,919,0,0,12,1,13,830,40,59,3,932,0,0,0,932
04/27/2010,MCO,FL,ASO,ES,Towers with Radar,797,40,48,2,887,0,0,11,0,11,797,40,59,2,898,0,0,0,898
04/28/2010,MCO,FL,ASO,ES,Towers with Radar,784,40,47,5,876,0,2,16,0,18,784,42,63,5,894,0,0,0,894
04/29/2010,MCO,FL,ASO,ES,Towers with Radar,818,42,39,1,900,0,1,14,0,15,818,43,53,1,915,0,0,0,915
04/30/2010,MCO,FL,ASO,ES,Towers with Radar,807,51,52,3,913,0,1,13,0,14,807,52,65,3,927,0,0,0,927
05/01/2010,MCO,FL,ASO,ES,Towers with Radar,863,29,25,0,917,0,0,5,1,6,863,29,30,1,923,0,0,0,923
05/02/2010,MCO,FL,ASO,ES,Towers with Radar,778,42,37,3,860,0,0,6,0,6,778,42,43,3,866,0,0,0,866
05/03/2010,MCO,FL,ASO,ES,Towers with Radar,761,39,45,0,845,0,1,11,0,12,761,40,56,0,857,0,0,0,857
05/04/2010,MCO,FL,ASO,ES,Towers with Radar,747,44,44,0,835,0,0,8,0,8,747,44,52,0,843,0,0,0,843
05/05/2010,MCO,FL,ASO,ES,Towers with Radar,753,45,56,0,854,0,0,4,0,4,753,45,60,0,858,0,0,0,858
05/06/2010,MCO,FL,ASO,ES,Towers with Radar,803,38,44,0,885,1,0,10,0,11,804,38,54,0,896,0,0,0,896
05/07/2010,MCO,FL,ASO,ES,Towers with Radar,800,38,39,0,877,0,0,7,0,7,800,38,46,0,884,0,0,0,884
05/08/2010,MCO,FL,ASO,ES,Towers with Radar,833,25,19,2,879,0,0,3,0,3,833,25,22,2,882,0,0,0,882
05/09/2010,MCO,FL,ASO,ES,Towers with Radar,768,34,25,2,829,0,0,3,0,3,768,34,28,2,832,0,0,0,832
05/10/2010,MCO,FL,ASO,ES,Towers with Radar,764,38,23,0,825,0,2,19,1,22,764,40,42,1,847,0,0,0,847
05/11/2010,MCO,FL,ASO,ES,Towers with Radar,748,39,33,0,820,0,1,17,0,18,748,40,50,0,838,0,0,0,838
05/12/2010,MCO,FL,ASO,ES,Towers with Radar,749,36,47,0,832,0,0,11,0,11,749,36,58,0,843,0,0,0,843
05/13/2010,MCO,FL,ASO,ES,Towers with Radar,788,38,35,1,862,0,1,15,0,16,788,39,50,1,878,0,0,0,878
05/14/2010,MCO,FL,ASO,ES,Towers with Radar,773,31,54,2,860,0,0,5,0,5,773,31,59,2,865,0,0,0,865
05/15/2010,MCO,FL,ASO,ES,Towers with Radar,833,23,31,0,887,0,1,6,0,7,833,24,37,0,894,0,0,0,894
05/16/2010,MCO,FL,ASO,ES,Towers with Radar,778,37,30,2,847,0,0,3,0,3,778,37,33,2,850,0,0,0,850
05/17/2010,MCO,FL,ASO,ES,Towers with Radar,759,35,54,1,849,0,0,2,0,2,759,35,56,1,851,0,0,0,851
05/18/2010,MCO,FL,ASO,ES,Towers with Radar,746,45,34,0,825,1,0,11,0,12,747,45,45,0,837,0,0,0,837
05/19/2010,MCO,FL,ASO,ES,Towers with Radar,749,37,46,0,832,1,0,8,0,9,750,37,54,0,841,0,0,0,841
05/20/2010,MCO,FL,ASO,ES,Towers with Radar,782,36,37,1,856,0,0,14,0,14,782,36,51,1,870,0,0,0,870
05/21/2010,MCO,FL,ASO,ES,Towers with Radar,782,38,36,3,859,0,0,12,0,12,782,38,48,3,871,0,0,0,871
05/22/2010,MCO,FL,ASO,ES,Towers with Radar,827,25,16,1,869,0,0,10,0,10,827,25,26,1,879,0,0,0,879
05/23/2010,MCO,FL,ASO,ES,Towers with Radar,778,39,19,0,836,0,0,10,0,10,778,39,29,0,846,0,0,0,846
05/24/2010,MCO,FL,ASO,ES,Towers with Radar,775,29,34,0,838,0,0,2,0,2,775,29,36,0,840,0,0,0,840
05/25/2010,MCO,FL,ASO,ES,Towers with Radar,751,41,42,0,834,0,0,8,0,8,751,41,50,0,842,0,0,0,842
05/26/2010,MCO,FL,ASO,ES,Towers with Radar,750,37,35,1,823,0,0,7,0,7,750,37,42,1,830,0,0,0,830
05/27/2010,MCO,FL,ASO,ES,Towers with Radar,794,42,32,2,870,0,0,18,0,18,794,42,50,2,888,0,0,0,888
05/28/2010,MCO,FL,ASO,ES,Towers with Radar,786,37,36,3,862,0,0,13,0,13,786,37,49,3,875,0,0,0,875
05/29/2010,MCO,FL,ASO,ES,Towers with Radar,852,23,20,0,895,0,0,4,0,4,852,23,24,0,899,0,0,0,899
05/30/2010,MCO,FL,ASO,ES,Towers with Radar,754,39,11,0,804,2,0,3,0,5,756,39,14,0,809,0,0,0,809
05/31/2010,MCO,FL,ASO,ES,Towers with Radar,731,33,25,0,789,0,0,2,0,2,731,33,27,0,791,0,0,0,791
06/01/2010,MCO,FL,ASO,ES,Towers with Radar,771,38,30,0,839,0,0,11,0,11,771,38,41,0,850,0,0,0,850
06/02/2010,MCO,FL,ASO,ES,Towers with Radar,773,35,42,0,850,0,1,14,0,15,773,36,56,0,865,0,0,0,865
06/03/2010,MCO,FL,ASO,ES,Towers with Radar,812,32,39,9,892,1,0,4,1,6,813,32,43,10,898,0,0,0,898
06/04/2010,MCO,FL,ASO,ES,Towers with Radar,816,37,46,4,903,0,0,8,1,9,816,37,54,5,912,0,0,0,912
06/05/2010,MCO,FL,ASO,ES,Towers with Radar,837,20,22,6,885,0,0,7,0,7,837,20,29,6,892,0,0,0,892
06/06/2010,MCO,FL,ASO,ES,Towers with Radar,796,39,33,2,870,0,0,6,0,6,796,39,39,2,876,0,0,0,876
06/07/2010,MCO,FL,ASO,ES,Towers with Radar,787,36,51,2,876,0,0,6,0,6,787,36,57,2,882,0,0,0,882
06/08/2010,MCO,FL,ASO,ES,Towers with Radar,758,43,41,0,842,0,0,5,1,6,758,43,46,1,848,0,0,0,848
06/09/2010,MCO,FL,ASO,ES,Towers with Radar,781,33,43,4,861,1,0,21,0,22,782,33,64,4,883,0,0,0,883
06/10/2010,MCO,FL,ASO,ES,Towers with Radar,812,25,40,3,880,0,0,14,0,14,812,25,54,3,894,0,0,0,894
06/11/2010,MCO,FL,ASO,ES,Towers with Radar,807,34,53,0,894,0,0,11,1,12,807,34,64,1,906,0,0,0,906
06/12/2010,MCO,FL,ASO,ES,Towers with Radar,820,22,18,0,860,0,0,7,0,7,820,22,25,0,867,0,0,0,867
06/13/2010,MCO,FL,ASO,ES,Towers with Radar,771,35,18,0,824,1,0,5,0,6,772,35,23,0,830,0,0,0,830
06/14/2010,MCO,FL,ASO,ES,Towers with Radar,779,33,27,0,839,1,0,11,0,12,780,33,38,0,851,0,0,0,851
06/15/2010,MCO,FL,ASO,ES,Towers with Radar,759,25,25,0,809,0,0,7,0,7,759,25,32,0,816,0,0,0,816
06/16/2010,MCO,FL,ASO,ES,Towers with Radar,778,32,38,0,848,0,0,14,0,14,778,32,52,0,862,0,0,0,862
06/17/2010,MCO,FL,ASO,ES,Towers with Radar,804,31,39,0,874,1,0,10,0,11,805,31,49,0,885,0,0,0,885
06/18/2010,MCO,FL,ASO,ES,Towers with Radar,811,31,38,0,880,0,0,7,0,7,811,31,45,0,887,0,0,0,887
06/19/2010,MCO,FL,ASO,ES,Towers with Radar,864,18,15,0,897,0,0,9,0,9,864,18,24,0,906,0,0,0,906
06/20/2010,MCO,FL,ASO,ES,Towers with Radar,818,17,28,1,864,0,0,6,0,6,818,17,34,1,870,0,0,0,870
06/21/2010,MCO,FL,ASO,ES,Towers with Radar,821,26,30,0,877,0,0,12,0,12,821,26,42,0,889,0,0,0,889
06/22/2010,MCO,FL,ASO,ES,Towers with Radar,803,29,23,0,855,0,0,7,0,7,803,29,30,0,862,0,0,0,862
06/23/2010,MCO,FL,ASO,ES,Towers with Radar,796,34,30,0,860,0,0,11,0,11,796,34,41,0,871,0,0,0,871
06/24/2010,MCO,FL,ASO,ES,Towers with Radar,830,34,30,1,895,1,0,6,0,7,831,34,36,1,902,0,0,0,902
06/25/2010,MCO,FL,ASO,ES,Towers with Radar,825,26,32,0,883,1,0,3,0,4,826,26,35,0,887,0,0,0,887
06/26/2010,MCO,FL,ASO,ES,Towers with Radar,868,20,34,2,924,0,0,2,0,2,868,20,36,2,926,0,0,0,926
06/27/2010,MCO,FL,ASO,ES,Towers with Radar,804,38,22,3,867,0,0,8,0,8,804,38,30,3,875,0,0,0,875
06/28/2010,MCO,FL,ASO,ES,Towers with Radar,794,36,43,1,874,0,0,6,0,6,794,36,49,1,880,0,0,0,880
06/29/2010,MCO,FL,ASO,ES,Towers with Radar,804,26,20,2,852,0,0,11,0,11,804,26,31,2,863,0,0,0,863
06/30/2010,MCO,FL,ASO,ES,Towers with Radar,821,32,42,2,897,0,0,6,0,6,821,32,48,2,903,0,0,0,903
07/01/2010,MCO,FL,ASO,ES,Towers with Radar,833,31,43,3,910,0,0,8,0,8,833,31,51,3,918,0,0,0,918
07/02/2010,MCO,FL,ASO,ES,Towers with Radar,829,27,47,0,903,0,0,5,0,5,829,27,52,0,908,0,0,0,908
07/03/2010,MCO,FL,ASO,ES,Towers with Radar,881,20,18,0,919,0,0,3,0,3,881,20,21,0,922,0,0,0,922
07/04/2010,MCO,FL,ASO,ES,Towers with Radar,759,27,11,0,797,0,0,3,0,3,759,27,14,0,800,0,0,0,800
07/05/2010,MCO,FL,ASO,ES,Towers with Radar,771,24,25,0,820,0,0,10,0,10,771,24,35,0,830,0,0,0,830
07/06/2010,MCO,FL,ASO,ES,Towers with Radar,795,33,33,1,862,0,0,14,0,14,795,33,47,1,876,0,0,0,876
07/07/2010,MCO,FL,ASO,ES,Towers with Radar,817,36,29,1,883,0,0,12,0,12,817,36,41,1,895,0,0,0,895
07/08/2010,MCO,FL,ASO,ES,Towers with Radar,826,30,31,0,887,0,0,12,0,12,826,30,43,0,899,0,0,0,899
07/09/2010,MCO,FL,ASO,ES,Towers with Radar,809,35,22,0,866,0,1,14,0,15,809,36,36,0,881,0,0,0,881
07/10/2010,MCO,FL,ASO,ES,Towers with Radar,888,21,22,4,935,0,0,9,0,9,888,21,31,4,944,0,0,0,944
07/11/2010,MCO,FL,ASO,ES,Towers with Radar,813,26,38,0,877,0,0,12,0,12,813,26,50,0,889,0,0,0,889
07/12/2010,MCO,FL,ASO,ES,Towers with Radar,800,25,27,2,854,0,0,2,1,3,800,25,29,3,857,0,0,0,857
07/13/2010,MCO,FL,ASO,ES,Towers with Radar,794,26,18,1,839,0,0,7,1,8,794,26,25,2,847,0,0,0,847
07/14/2010,MCO,FL,ASO,ES,Towers with Radar,828,31,34,2,895,0,0,13,0,13,828,31,47,2,908,0,0,0,908
07/15/2010,MCO,FL,ASO,ES,Towers with Radar,849,30,29,1,909,0,0,6,0,6,849,30,35,1,915,0,0,0,915
07/16/2010,MCO,FL,ASO,ES,Towers with Radar,821,30,52,1,904,1,0,8,0,9,822,30,60,1,913,0,0,0,913
07/17/2010,MCO,FL,ASO,ES,Towers with Radar,882,27,20,12,941,0,0,13,0,13,882,27,33,12,954,0,0,0,954
07/18/2010,MCO,FL,ASO,ES,Towers with Radar,824,25,39,2,890,0,0,4,0,4,824,25,43,2,894,0,0,0,894
07/19/2010,MCO,FL,ASO,ES,Towers with Radar,800,27,26,0,853,0,0,18,0,18,800,27,44,0,871,0,0,0,871
07/20/2010,MCO,FL,ASO,ES,Towers with Radar,809,29,33,2,873,0,0,9,1,10,809,29,42,3,883,0,0,0,883
07/21/2010,MCO,FL,ASO,ES,Towers with Radar,810,33,41,0,884,0,0,4,1,5,810,33,45,1,889,0,0,0,889
07/22/2010,MCO,FL,ASO,ES,Towers with Radar,828,30,42,0,900,0,0,14,0,14,828,30,56,0,914,0,0,0,914
07/23/2010,MCO,FL,ASO,ES,Towers with Radar,818,30,28,0,876,0,0,5,0,5,818,30,33,0,881,0,0,0,881
07/24/2010,MCO,FL,ASO,ES,Towers with Radar,905,28,19,14,966,0,0,2,1,3,905,28,21,15,969,0,0,0,969
07/25/2010,MCO,FL,ASO,ES,Towers with Radar,817,31,26,0,874,0,0,1,0,1,817,31,27,0,875,0,0,0,875
07/26/2010,MCO,FL,ASO,ES,Towers with Radar,804,22,21,0,847,0,0,9,0,9,804,22,30,0,856,0,0,0,856
07/27/2010,MCO,FL,ASO,ES,Towers with Radar,808,26,33,0,867,0,1,8,0,9,808,27,41,0,876,0,0,0,876
07/28/2010,MCO,FL,ASO,ES,Towers with Radar,811,29,42,0,882,0,0,9,0,9,811,29,51,0,891,0,0,0,891
07/29/2010,MCO,FL,ASO,ES,Towers with Radar,810,30,36,1,877,1,1,7,0,9,811,31,43,1,886,0,0,0,886
07/30/2010,MCO,FL,ASO,ES,Towers with Radar,845,30,34,5,914,0,0,9,1,10,845,30,43,6,924,0,0,0,924
07/31/2010,MCO,FL,ASO,ES,Towers with Radar,882,21,28,4,935,0,0,10,0,10,882,21,38,4,945,0,0,0,945
08/01/2010,MCO,FL,ASO,ES,Towers with Radar,803,27,22,3,855,0,0,1,1,2,803,27,23,4,857,0,0,0,857
08/02/2010,MCO,FL,ASO,ES,Towers with Radar,826,30,25,2,883,0,0,2,0,2,826,30,27,2,885,0,0,0,885
08/03/2010,MCO,FL,ASO,ES,Towers with Radar,802,26,27,0,855,0,1,8,0,9,802,27,35,0,864,0,0,0,864
08/04/2010,MCO,FL,ASO,ES,Towers with Radar,799,29,27,0,855,0,1,6,0,7,799,30,33,0,862,0,0,0,862
08/05/2010,MCO,FL,ASO,ES,Towers with Radar,813,32,24,2,871,0,1,13,0,14,813,33,37,2,885,0,0,0,885
08/06/2010,MCO,FL,ASO,ES,Towers with Radar,828,30,27,0,885,1,2,9,0,12,829,32,36,0,897,0,0,0,897
08/07/2010,MCO,FL,ASO,ES,Towers with Radar,891,20,21,0,932,0,0,2,0,2,891,20,23,0,934,0,0,0,934
08/08/2010,MCO,FL,ASO,ES,Towers with Radar,819,21,18,0,858,0,0,1,0,1,819,21,19,0,859,0,0,0,859
08/09/2010,MCO,FL,ASO,ES,Towers with Radar,805,27,23,0,855,0,0,2,0,2,805,27,25,0,857,0,0,0,857
08/10/2010,MCO,FL,ASO,ES,Towers with Radar,808,28,31,0,867,0,0,4,1,5,808,28,35,1,872,0,0,0,872
08/11/2010,MCO,FL,ASO,ES,Towers with Radar,807,33,36,1,877,0,0,8,0,8,807,33,44,1,885,0,0,0,885
08/12/2010,MCO,FL,ASO,ES,Towers with Radar,818,33,24,3,878,0,0,11,0,11,818,33,35,3,889,0,0,0,889
08/13/2010,MCO,FL,ASO,ES,Towers with Radar,815,31,24,3,873,0,0,8,0,8,815,31,32,3,881,0,0,0,881
08/14/2010,MCO,FL,ASO,ES,Towers with Radar,874,26,13,1,914,0,0,10,0,10,874,26,23,1,924,0,0,0,924
08/15/2010,MCO,FL,ASO,ES,Towers with Radar,772,26,22,0,820,0,0,1,1,2,772,26,23,1,822,0,0,0,822
08/16/2010,MCO,FL,ASO,ES,Towers with Radar,770,23,20,0,813,0,0,3,1,4,770,23,23,1,817,0,0,0,817
08/17/2010,MCO,FL,ASO,ES,Towers with Radar,739,25,25,0,789,0,0,4,0,4,739,25,29,0,793,0,0,0,793
08/18/2010,MCO,FL,ASO,ES,Towers with Radar,728,24,36,0,788,0,0,13,0,13,728,24,49,0,801,0,0,0,801
08/19/2010,MCO,FL,ASO,ES,Towers with Radar,755,28,29,0,812,0,0,14,0,14,755,28,43,0,826,0,0,0,826
08/20/2010,MCO,FL,ASO,ES,Towers with Radar,751,23,28,0,802,0,0,8,0,8,751,23,36,0,810,0,0,0,810
08/21/2010,MCO,FL,ASO,ES,Towers with Radar,773,22,15,3,813,0,0,5,2,7,773,22,20,5,820,0,0,0,820
08/22/2010,MCO,FL,ASO,ES,Towers with Radar,727,30,24,0,781,0,0,7,0,7,727,30,31,0,788,0,0,0,788
08/23/2010,MCO,FL,ASO,ES,Towers with Radar,741,26,30,1,798,1,0,3,0,4,742,26,33,1,802,0,0,0,802
08/24/2010,MCO,FL,ASO,ES,Towers with Radar,726,26,26,2,780,0,0,1,0,1,726,26,27,2,781,0,0,0,781
08/25/2010,MCO,FL,ASO,ES,Towers with Radar,728,27,28,0,783,1,0,6,0,7,729,27,34,0,790,0,0,0,790
08/26/2010,MCO,FL,ASO,ES,Towers with Radar,735,29,24,3,791,1,0,4,0,5,736,29,28,3,796,0,0,0,796
08/27/2010,MCO,FL,ASO,ES,Towers with Radar,733,31,49,1,814,2,0,2,0,4,735,31,51,1,818,0,0,0,818
08/28/2010,MCO,FL,ASO,ES,Towers with Radar,740,24,19,0,783,0,0,1,0,1,740,24,20,0,784,0,0,0,784
08/29/2010,MCO,FL,ASO,ES,Towers with Radar,725,27,28,0,780,0,0,1,0,1,725,27,29,0,781,0,0,0,781
08/30/2010,MCO,FL,ASO,ES,Towers with Radar,709,26,27,2,764,0,0,8,0,8,709,26,35,2,772,0,0,0,772
08/31/2010,MCO,FL,ASO,ES,Towers with Radar,706,24,30,0,760,0,0,9,0,9,706,24,39,0,769,0,0,0,769
09/01/2010,MCO,FL,ASO,ES,Towers with Radar,708,34,36,0,778,0,0,7,0,7,708,34,43,0,785,0,0,0,785
09/02/2010,MCO,FL,ASO,ES,Towers with Radar,740,33,33,0,806,0,0,3,0,3,740,33,36,0,809,0,0,0,809
09/03/2010,MCO,FL,ASO,ES,Towers with Radar,721,38,33,0,792,0,1,9,0,10,721,39,42,0,802,0,0,0,802
09/04/2010,MCO,FL,ASO,ES,Towers with Radar,722,25,12,0,759,1,0,12,0,13,723,25,24,0,772,0,0,0,772
09/05/2010,MCO,FL,ASO,ES,Towers with Radar,669,24,11,0,704,0,0,1,0,1,669,24,12,0,705,0,0,0,705
09/06/2010,MCO,FL,ASO,ES,Towers with Radar,688,29,20,0,737,0,0,3,0,3,688,29,23,0,740,0,0,0,740
09/07/2010,MCO,FL,ASO,ES,Towers with Radar,694,21,32,1,748,0,0,3,0,3,694,21,35,1,751,0,0,0,751
09/08/2010,MCO,FL,ASO,ES,Towers with Radar,622,25,34,3,684,0,0,11,1,12,622,25,45,4,696,0,0,0,696
09/09/2010,MCO,FL,ASO,ES,Towers with Radar,698,36,30,5,769,0,0,7,1,8,698,36,37,6,777,0,0,0,777
09/10/2010,MCO,FL,ASO,ES,Towers with Radar,700,33,26,2,761,0,1,6,1,8,700,34,32,3,769,0,0,0,769
09/11/2010,MCO,FL,ASO,ES,Towers with Radar,686,23,19,5,733,0,0,8,0,8,686,23,27,5,741,0,0,0,741
09/12/2010,MCO,FL,ASO,ES,Towers with Radar,690,24,26,0,740,0,1,12,1,14,690,25,38,1,754,0,0,0,754
09/13/2010,MCO,FL,ASO,ES,Towers with Radar,666,41,47,0,754,0,0,7,0,7,666,41,54,0,761,0,0,0,761
09/14/2010,MCO,FL,ASO,ES,Towers with Radar,618,39,34,0,691,0,1,6,1,8,618,40,40,1,699,0,0,0,699
09/15/2010,MCO,FL,ASO,ES,Towers with Radar,627,38,28,0,693,0,0,4,0,4,627,38,32,0,697,0,0,0,697
09/16/2010,MCO,FL,ASO,ES,Towers with Radar,691,41,47,0,779,1,0,15,0,16,692,41,62,0,795,0,0,0,795
09/17/2010,MCO,FL,ASO,ES,Towers with Radar,699,38,33,1,771,0,0,13,0,13,699,38,46,1,784,0,0,0,784
09/18/2010,MCO,FL,ASO,ES,Towers with Radar,685,27,14,0,726,0,0,9,0,9,685,27,23,0,735,0,0,0,735
09/19/2010,MCO,FL,ASO,ES,Towers with Radar,690,35,37,0,762,0,0,7,0,7,690,35,44,0,769,0,0,0,769
09/20/2010,MCO,FL,ASO,ES,Towers with Radar,670,36,36,1,743,0,0,2,0,2,670,36,38,1,745,0,0,0,745
09/21/2010,MCO,FL,ASO,ES,Towers with Radar,616,34,41,2,693,0,0,8,0,8,616,34,49,2,701,0,0,0,701
09/22/2010,MCO,FL,ASO,ES,Towers with Radar,619,37,55,0,711,0,0,7,0,7,619,37,62,0,718,0,0,0,718
09/23/2010,MCO,FL,ASO,ES,Towers with Radar,706,27,45,0,778,0,0,5,0,5,706,27,50,0,783,0,0,0,783
09/24/2010,MCO,FL,ASO,ES,Towers with Radar,705,28,40,1,774,0,1,7,0,8,705,29,47,1,782,0,0,0,782
09/25/2010,MCO,FL,ASO,ES,Towers with Radar,687,17,27,0,731,0,0,3,0,3,687,17,30,0,734,0,0,0,734
09/26/2010,MCO,FL,ASO,ES,Towers with Radar,693,27,26,1,747,0,0,10,2,12,693,27,36,3,759,0,0,0,759
09/27/2010,MCO,FL,ASO,ES,Towers with Radar,662,26,34,0,722,0,0,7,0,7,662,26,41,0,729,0,0,0,729
09/28/2010,MCO,FL,ASO,ES,Towers with Radar,609,28,32,1,670,0,0,0,0,0,609,28,32,1,670,0,0,0,670
09/29/2010,MCO,FL,ASO,ES,Towers with Radar,649,37,36,3,725,0,0,0,0,0,649,37,36,3,725,0,0,0,725
09/30/2010,MCO,FL,ASO,ES,Towers with Radar,680,33,50,2,765,0,1,13,0,14,680,34,63,2,779,0,0,0,779
10/01/2010,MCO,FL,ASO,ES,Towers with Radar,707,39,48,0,794,0,0,16,0,16,707,39,64,0,810,0,0,0,810
10/02/2010,MCO,FL,ASO,ES,Towers with Radar,696,33,23,0,752,1,0,7,0,8,697,33,30,0,760,0,0,0,760
10/03/2010,MCO,FL,ASO,ES,Towers with Radar,720,32,26,0,778,0,0,10,0,10,720,32,36,0,788,0,0,0,788
10/04/2010,MCO,FL,ASO,ES,Towers with Radar,686,27,33,0,746,0,0,10,0,10,686,27,43,0,756,0,0,0,756
10/05/2010,MCO,FL,ASO,ES,Towers with Radar,653,36,47,0,736,0,0,6,0,6,653,36,53,0,742,0,0,0,742
10/06/2010,MCO,FL,ASO,ES,Towers with Radar,677,38,44,3,762,0,0,6,3,9,677,38,50,6,771,0,0,0,771
10/07/2010,MCO,FL,ASO,ES,Towers with Radar,736,40,54,2,832,0,0,9,0,9,736,40,63,2,841,0,0,0,841
10/08/2010,MCO,FL,ASO,ES,Towers with Radar,738,46,49,1,834,0,0,21,1,22,738,46,70,2,856,0,0,0,856
10/09/2010,MCO,FL,ASO,ES,Towers with Radar,717,23,39,1,780,0,0,9,0,9,717,23,48,1,789,0,0,0,789
10/10/2010,MCO,FL,ASO,ES,Towers with Radar,738,25,32,3,798,0,0,7,0,7,738,25,39,3,805,0,0,0,805
10/11/2010,MCO,FL,ASO,ES,Towers with Radar,720,41,35,2,798,0,0,4,0,4,720,41,39,2,802,0,0,0,802
10/12/2010,MCO,FL,ASO,ES,Towers with Radar,683,33,53,4,773,0,1,3,1,5,683,34,56,5,778,0,0,0,778
10/13/2010,MCO,FL,ASO,ES,Towers with Radar,697,41,55,7,800,0,0,15,0,15,697,41,70,7,815,0,0,0,815
10/14/2010,MCO,FL,ASO,ES,Towers with Radar,742,43,51,3,839,0,0,11,0,11,742,43,62,3,850,0,0,0,850
10/15/2010,MCO,FL,ASO,ES,Towers with Radar,734,39,34,3,810,0,1,12,1,14,734,40,46,4,824,0,0,0,824
10/16/2010,MCO,FL,ASO,ES,Towers with Radar,734,26,20,0,780,0,0,9,0,9,734,26,29,0,789,0,0,0,789
10/17/2010,MCO,FL,ASO,ES,Towers with Radar,748,38,36,0,822,0,0,5,0,5,748,38,41,0,827,0,0,0,827
10/18/2010,MCO,FL,ASO,ES,Towers with Radar,720,38,42,0,800,0,0,8,0,8,720,38,50,0,808,0,0,0,808
10/19/2010,MCO,FL,ASO,ES,Towers with Radar,679,44,50,0,773,0,0,10,0,10,679,44,60,0,783,0,0,0,783
10/20/2010,MCO,FL,ASO,ES,Towers with Radar,688,33,37,0,758,0,0,9,0,9,688,33,46,0,767,0,0,0,767
10/21/2010,MCO,FL,ASO,ES,Towers with Radar,746,55,38,0,839,0,1,18,0,19,746,56,56,0,858,0,0,0,858
10/22/2010,MCO,FL,ASO,ES,Towers with Radar,737,44,34,3,818,0,1,12,0,13,737,45,46,3,831,0,0,0,831
10/23/2010,MCO,FL,ASO,ES,Towers with Radar,707,23,44,1,775,0,0,14,0,14,707,23,58,1,789,0,0,0,789
10/24/2010,MCO,FL,ASO,ES,Towers with Radar,742,32,40,3,817,0,0,8,0,8,742,32,48,3,825,0,0,0,825
10/25/2010,MCO,FL,ASO,ES,Towers with Radar,723,32,52,7,814,1,0,6,0,7,724,32,58,7,821,0,0,0,821
10/26/2010,MCO,FL,ASO,ES,Towers with Radar,681,34,51,0,766,0,0,7,0,7,681,34,58,0,773,0,0,0,773
10/27/2010,MCO,FL,ASO,ES,Towers with Radar,678,30,45,12,765,1,0,12,1,14,679,30,57,13,779,0,0,0,779
10/28/2010,MCO,FL,ASO,ES,Towers with Radar,766,43,55,94,958,0,0,9,0,9,766,43,64,94,967,0,0,0,967
10/29/2010,MCO,FL,ASO,ES,Towers with Radar,745,40,46,8,839,0,0,12,1,13,745,40,58,9,852,0,0,0,852
10/30/2010,MCO,FL,ASO,ES,Towers with Radar,724,34,28,4,790,0,0,5,0,5,724,34,33,4,795,0,0,0,795
10/31/2010,MCO,FL,ASO,ES,Towers with Radar,743,38,32,82,895,0,0,5,0,5,743,38,37,82,900,0,0,0,900
11/01/2010,MCO,FL,ASO,ES,Towers with Radar,734,48,34,32,848,0,0,8,0,8,734,48,42,32,856,0,0,0,856
11/02/2010,MCO,FL,ASO,ES,Towers with Radar,685,55,42,3,785,0,0,7,0,7,685,55,49,3,792,0,0,0,792
11/03/2010,MCO,FL,ASO,ES,Towers with Radar,704,54,57,7,822,0,0,7,0,7,704,54,64,7,829,0,0,0,829
11/04/2010,MCO,FL,ASO,ES,Towers with Radar,743,49,51,11,854,0,1,5,2,8,743,50,56,13,862,0,0,0,862
11/05/2010,MCO,FL,ASO,ES,Towers with Radar,768,52,45,18,883,0,0,8,0,8,768,52,53,18,891,0,0,0,891
11/06/2010,MCO,FL,ASO,ES,Towers with Radar,752,32,17,1,802,0,0,10,0,10,752,32,27,1,812,0,0,0,812
11/07/2010,MCO,FL,ASO,ES,Towers with Radar,772,37,22,2,833,0,0,4,0,4,772,37,26,2,837,0,0,0,837
11/08/2010,MCO,FL,ASO,ES,Towers with Radar,739,36,39,0,814,0,0,6,0,6,739,36,45,0,820,0,0,0,820
11/09/2010,MCO,FL,ASO,ES,Towers with Radar,700,46,43,1,790,0,0,9,0,9,700,46,52,1,799,0,0,0,799
11/10/2010,MCO,FL,ASO,ES,Towers with Radar,715,41,54,2,812,0,1,12,0,13,715,42,66,2,825,0,0,0,825
11/11/2010,MCO,FL,ASO,ES,Towers with Radar,769,44,44,1,858,0,0,10,2,12,769,44,54,3,870,0,0,0,870
11/12/2010,MCO,FL,ASO,ES,Towers with Radar,768,43,43,1,855,1,0,12,0,13,769,43,55,1,868,0,0,0,868
11/13/2010,MCO,FL,ASO,ES,Towers with Radar,785,27,31,1,844,0,0,6,0,6,785,27,37,1,850,0,0,0,850
11/14/2010,MCO,FL,ASO,ES,Towers with Radar,781,54,49,0,884,0,0,11,0,11,781,54,60,0,895,0,0,0,895
11/15/2010,MCO,FL,ASO,ES,Towers with Radar,741,45,33,4,823,1,0,10,0,11,742,45,43,4,834,0,0,0,834
11/16/2010,MCO,FL,ASO,ES,Towers with Radar,698,43,33,0,774,1,0,8,0,9,699,43,41,0,783,0,0,0,783
11/17/2010,MCO,FL,ASO,ES,Towers with Radar,727,53,53,0,833,0,0,5,0,5,727,53,58,0,838,0,0,0,838
11/18/2010,MCO,FL,ASO,ES,Towers with Radar,800,55,67,0,922,0,0,14,0,14,800,55,81,0,936,0,0,0,936
11/19/2010,MCO,FL,ASO,ES,Towers with Radar,807,45,34,3,889,0,0,18,0,18,807,45,52,3,907,0,0,0,907
11/20/2010,MCO,FL,ASO,ES,Towers with Radar,825,28,24,2,879,1,0,11,1,13,826,28,35,3,892,0,0,0,892
11/21/2010,MCO,FL,ASO,ES,Towers with Radar,809,51,30,0,890,0,0,8,0,8,809,51,38,0,898,0,0,0,898
11/22/2010,MCO,FL,ASO,ES,Towers with Radar,755,50,34,1,840,0,0,5,1,6,755,50,39,2,846,0,0,0,846
11/23/2010,MCO,FL,ASO,ES,Towers with Radar,824,60,40,0,924,0,0,15,0,15,824,60,55,0,939,0,0,0,939
11/24/2010,MCO,FL,ASO,ES,Towers with Radar,840,48,35,0,923,0,0,12,0,12,840,48,47,0,935,0,0,0,935
11/25/2010,MCO,FL,ASO,ES,Towers with Radar,633,24,12,0,669,0,0,8,2,10,633,24,20,2,679,0,0,0,679
11/26/2010,MCO,FL,ASO,ES,Towers with Radar,739,35,14,0,788,0,0,7,0,7,739,35,21,0,795,0,0,0,795
11/27/2010,MCO,FL,ASO,ES,Towers with Radar,828,37,22,0,887,0,0,2,1,3,828,37,24,1,890,0,0,0,890
11/28/2010,MCO,FL,ASO,ES,Towers with Radar,860,56,42,0,958,0,0,9,0,9,860,56,51,0,967,0,0,0,967
11/29/2010,MCO,FL,ASO,ES,Towers with Radar,800,49,26,1,876,0,0,2,0,2,800,49,28,1,878,0,0,0,878
11/30/2010,MCO,FL,ASO,ES,Towers with Radar,765,55,32,2,854,0,0,4,0,4,765,55,36,2,858,0,0,0,858
12/01/2010,MCO,FL,ASO,ES,Towers with Radar,718,41,32,1,792,0,0,11,0,11,718,41,43,1,803,0,0,0,803
12/02/2010,MCO,FL,ASO,ES,Towers with Radar,802,50,73,3,928,0,0,11,0,11,802,50,84,3,939,0,0,0,939
12/03/2010,MCO,FL,ASO,ES,Towers with Radar,772,49,41,0,862,0,1,10,0,11,772,50,51,0,873,0,0,0,873
12/04/2010,MCO,FL,ASO,ES,Towers with Radar,783,29,21,0,833,0,0,8,0,8,783,29,29,0,841,0,0,0,841
12/05/2010,MCO,FL,ASO,ES,Towers with Radar,795,47,33,0,875,1,0,4,0,5,796,47,37,0,880,0,0,0,880
12/06/2010,MCO,FL,ASO,ES,Towers with Radar,743,45,38,0,826,0,0,4,0,4,743,45,42,0,830,0,0,0,830
12/07/2010,MCO,FL,ASO,ES,Towers with Radar,716,53,45,0,814,0,0,7,1,8,716,53,52,1,822,0,0,0,822
12/08/2010,MCO,FL,ASO,ES,Towers with Radar,732,48,48,2,830,0,1,6,0,7,732,49,54,2,837,0,0,0,837
12/09/2010,MCO,FL,ASO,ES,Towers with Radar,788,51,55,0,894,0,1,9,0,10,788,52,64,0,904,0,0,0,904
12/10/2010,MCO,FL,ASO,ES,Towers with Radar,772,49,65,2,888,0,1,3,0,4,772,50,68,2,892,0,0,0,892
12/11/2010,MCO,FL,ASO,ES,Towers with Radar,796,37,26,0,859,0,0,4,0,4,796,37,30,0,863,0,0,0,863
12/12/2010,MCO,FL,ASO,ES,Towers with Radar,733,42,37,5,817,1,0,3,0,4,734,42,40,5,821,0,0,0,821
12/13/2010,MCO,FL,ASO,ES,Towers with Radar,767,41,38,4,850,0,0,2,1,3,767,41,40,5,853,0,0,0,853
12/14/2010,MCO,FL,ASO,ES,Towers with Radar,725,46,42,0,813,0,0,8,1,9,725,46,50,1,822,0,0,0,822
12/15/2010,MCO,FL,ASO,ES,Towers with Radar,719,51,43,1,814,0,1,10,0,11,719,52,53,1,825,0,0,0,825
12/16/2010,MCO,FL,ASO,ES,Towers with Radar,794,47,48,0,889,0,1,6,0,7,794,48,54,0,896,0,0,0,896
12/17/2010,MCO,FL,ASO,ES,Towers with Radar,849,45,45,3,942,0,2,9,0,11,849,47,54,3,953,0,0,0,953
12/18/2010,MCO,FL,ASO,ES,Towers with Radar,863,34,19,0,916,0,0,2,0,2,863,34,21,0,918,0,0,0,918
12/19/2010,MCO,FL,ASO,ES,Towers with Radar,828,47,24,1,900,0,0,0,0,0,828,47,24,1,900,0,0,0,900
12/20/2010,MCO,FL,ASO,ES,Towers with Radar,807,52,37,4,900,0,0,15,0,15,807,52,52,4,915,0,0,0,915
12/21/2010,MCO,FL,ASO,ES,Towers with Radar,853,53,26,0,932,0,0,10,0,10,853,53,36,0,942,0,0,0,942
12/22/2010,MCO,FL,ASO,ES,Towers with Radar,873,56,30,0,959,0,0,13,0,13,873,56,43,0,972,0,0,0,972
12/23/2010,MCO,FL,ASO,ES,Towers with Radar,892,52,14,0,958,0,0,12,0,12,892,52,26,0,970,0,0,0,970
12/24/2010,MCO,FL,ASO,ES,Towers with Radar,816,28,7,0,851,0,0,9,0,9,816,28,16,0,860,0,0,0,860
12/25/2010,MCO,FL,ASO,ES,Towers with Radar,808,25,5,0,838,0,0,4,0,4,808,25,9,0,842,0,0,0,842
12/26/2010,MCO,FL,ASO,ES,Towers with Radar,787,39,44,0,870,0,0,1,0,1,787,39,45,0,871,0,0,0,871
12/27/2010,MCO,FL,ASO,ES,Towers with Radar,689,58,42,0,789,0,0,3,0,3,689,58,45,0,792,0,0,0,792
12/28/2010,MCO,FL,ASO,ES,Towers with Radar,788,62,43,0,893,0,0,17,0,17,788,62,60,0,910,0,0,0,910
12/29/2010,MCO,FL,ASO,ES,Towers with Radar,844,47,46,0,937,0,0,12,1,13,844,47,58,1,950,0,0,0,950
12/30/2010,MCO,FL,ASO,ES,Towers with Radar,866,43,41,4,954,0,1,4,0,5,866,44,45,4,959,0,0,0,959
12/31/2010,MCO,FL,ASO,ES,Towers with Radar,820,37,12,1,870,1,1,5,0,7,821,38,17,1,877,0,0,0,877
01/01/2011,MCO,FL,ASO,ES,Towers with Radar,833,38,21,1,893,0,0,0,1,1,833,38,21,2,894,0,0,0,894
01/02/2011,MCO,FL,ASO,ES,Towers with Radar,878,55,62,1,996,1,0,3,0,4,879,55,65,1,1000,0,0,0,1000
01/03/2011,MCO,FL,ASO,ES,Towers with Radar,845,47,41,0,933,0,0,5,0,5,845,47,46,0,938,0,0,0,938
01/04/2011,MCO,FL,ASO,ES,Towers with Radar,776,46,32,0,854,0,0,8,0,8,776,46,40,0,862,0,0,0,862
01/05/2011,MCO,FL,ASO,ES,Towers with Radar,775,47,29,0,851,0,0,7,0,7,775,47,36,0,858,0,0,0,858
01/06/2011,MCO,FL,ASO,ES,Towers with Radar,804,46,45,0,895,0,0,4,0,4,804,46,49,0,899,0,0,0,899
01/07/2011,MCO,FL,ASO,ES,Towers with Radar,798,49,53,3,903,0,0,16,0,16,798,49,69,3,919,0,0,0,919
01/08/2011,MCO,FL,ASO,ES,Towers with Radar,833,26,40,1,900,0,0,11,0,11,833,26,51,1,911,0,0,0,911
01/09/2011,MCO,FL,ASO,ES,Towers with Radar,782,34,34,0,850,0,0,8,1,9,782,34,42,1,859,0,0,0,859
01/10/2011,MCO,FL,ASO,ES,Towers with Radar,729,37,42,2,810,0,0,9,0,9,729,37,51,2,819,0,0,0,819
01/11/2011,MCO,FL,ASO,ES,Towers with Radar,716,59,42,0,817,0,0,5,0,5,716,59,47,0,822,0,0,0,822
01/12/2011,MCO,FL,ASO,ES,Towers with Radar,644,47,82,0,773,0,0,9,0,9,644,47,91,0,782,0,0,0,782
01/13/2011,MCO,FL,ASO,ES,Towers with Radar,791,50,65,0,906,0,0,12,0,12,791,50,77,0,918,0,0,0,918
01/14/2011,MCO,FL,ASO,ES,Towers with Radar,804,59,54,6,923,0,0,12,0,12,804,59,66,6,935,0,0,0,935
01/15/2011,MCO,FL,ASO,ES,Towers with Radar,820,32,36,1,889,0,0,24,4,28,820,32,60,5,917,0,0,0,917
01/16/2011,MCO,FL,ASO,ES,Towers with Radar,795,33,37,2,867,0,0,8,0,8,795,33,45,2,875,0,0,0,875
01/17/2011,MCO,FL,ASO,ES,Towers with Radar,775,47,37,0,859,0,0,1,0,1,775,47,38,0,860,0,0,0,860
01/18/2011,MCO,FL,ASO,ES,Towers with Radar,708,46,28,0,782,0,0,7,0,7,708,46,35,0,789,0,0,0,789
01/19/2011,MCO,FL,ASO,ES,Towers with Radar,759,41,39,0,839,0,0,18,0,18,759,41,57,0,857,0,0,0,857
01/20/2011,MCO,FL,ASO,ES,Towers with Radar,797,38,39,0,874,0,0,11,0,11,797,38,50,0,885,0,0,0,885
01/21/2011,MCO,FL,ASO,ES,Towers with Radar,801,43,38,8,890,0,0,1,0,1,801,43,39,8,891,0,0,0,891
01/22/2011,MCO,FL,ASO,ES,Towers with Radar,824,27,34,0,885,0,0,8,0,8,824,27,42,0,893,0,0,0,893
01/23/2011,MCO,FL,ASO,ES,Towers with Radar,791,41,31,5,868,0,0,10,2,12,791,41,41,7,880,0,0,0,880
01/24/2011,MCO,FL,ASO,ES,Towers with Radar,775,43,45,0,863,0,0,13,0,13,775,43,58,0,876,0,0,0,876
01/25/2011,MCO,FL,ASO,ES,Towers with Radar,727,31,39,2,799,0,0,3,1,4,727,31,42,3,803,0,0,0,803
01/26/2011,MCO,FL,ASO,ES,Towers with Radar,671,53,40,0,764,1,0,6,0,7,672,53,46,0,771,0,0,0,771
01/27/2011,MCO,FL,ASO,ES,Towers with Radar,726,56,74,0,856,0,0,16,0,16,726,56,90,0,872,0,0,0,872
01/28/2011,MCO,FL,ASO,ES,Towers with Radar,806,53,67,1,927,0,0,15,0,15,806,53,82,1,942,0,0,0,942
01/29/2011,MCO,FL,ASO,ES,Towers with Radar,817,36,36,1,890,0,0,11,1,12,817,36,47,2,902,0,0,0,902
01/30/2011,MCO,FL,ASO,ES,Towers with Radar,790,35,53,2,880,0,0,13,0,13,790,35,66,2,893,0,0,0,893
01/31/2011,MCO,FL,ASO,ES,Towers with Radar,766,42,42,1,851,0,0,8,0,8,766,42,50,1,859,0,0,0,859
02/01/2011,MCO,FL,ASO,ES,Towers with Radar,539,42,41,0,622,0,0,7,0,7,539,42,48,0,629,0,0,0,629
02/02/2011,MCO,FL,ASO,ES,Towers with Radar,576,45,44,4,669,0,0,7,0,7,576,45,51,4,676,0,0,0,676
02/03/2011,MCO,FL,ASO,ES,Towers with Radar,773,56,66,1,896,0,0,5,0,5,773,56,71,1,901,0,0,0,901
02/04/2011,MCO,FL,ASO,ES,Towers with Radar,782,48,44,3,877,0,0,3,1,4,782,48,47,4,881,0,0,0,881
02/05/2011,MCO,FL,ASO,ES,Towers with Radar,822,33,38,0,893,0,0,1,0,1,822,33,39,0,894,0,0,0,894
02/06/2011,MCO,FL,ASO,ES,Towers with Radar,780,37,36,0,853,0,0,2,0,2,780,37,38,0,855,0,0,0,855
02/07/2011,MCO,FL,ASO,ES,Towers with Radar,763,45,40,0,848,0,0,1,0,1,763,45,41,0,849,0,0,0,849
02/08/2011,MCO,FL,ASO,ES,Towers with Radar,729,57,46,3,835,0,0,2,0,2,729,57,48,3,837,0,0,0,837
02/09/2011,MCO,FL,ASO,ES,Towers with Radar,727,39,60,2,828,0,0,15,0,15,727,39,75,2,843,0,0,0,843
02/10/2011,MCO,FL,ASO,ES,Towers with Radar,798,51,43,0,892,0,0,1,0,1,798,51,44,0,893,0,0,0,893
02/11/2011,MCO,FL,ASO,ES,Towers with Radar,795,48,46,5,894,0,0,6,0,6,795,48,52,5,900,0,0,0,900
02/12/2011,MCO,FL,ASO,ES,Towers with Radar,815,33,32,1,881,0,2,5,3,10,815,35,37,4,891,0,0,0,891
02/13/2011,MCO,FL,ASO,ES,Towers with Radar,797,41,34,1,873,0,2,10,0,12,797,43,44,1,885,0,0,0,885
02/14/2011,MCO,FL,ASO,ES,Towers with Radar,783,36,30,1,850,0,2,8,0,10,783,38,38,1,860,0,0,0,860
02/15/2011,MCO,FL,ASO,ES,Towers with Radar,742,48,42,2,834,0,0,12,0,12,742,48,54,2,846,0,0,0,846
02/16/2011,MCO,FL,ASO,ES,Towers with Radar,760,56,46,9,871,0,0,11,0,11,760,56,57,9,882,0,0,0,882
02/17/2011,MCO,FL,ASO,ES,Towers with Radar,846,51,89,14,1000,0,0,7,0,7,846,51,96,14,1007,0,0,0,1007
02/18/2011,MCO,FL,ASO,ES,Towers with Radar,837,44,59,4,944,0,0,12,0,12,837,44,71,4,956,0,0,0,956
02/19/2011,MCO,FL,ASO,ES,Towers with Radar,859,36,30,3,928,0,1,9,0,10,859,37,39,3,938,0,0,0,938
02/20/2011,MCO,FL,ASO,ES,Towers with Radar,826,44,58,0,928,0,0,16,0,16,826,44,74,0,944,0,0,0,944
02/21/2011,MCO,FL,ASO,ES,Towers with Radar,815,40,54,9,918,0,0,11,1,12,815,40,65,10,930,0,0,0,930
02/22/2011,MCO,FL,ASO,ES,Towers with Radar,850,52,60,0,962,0,1,9,0,10,850,53,69,0,972,0,0,0,972
02/23/2011,MCO,FL,ASO,ES,Towers with Radar,821,42,74,0,937,0,1,5,0,6,821,43,79,0,943,0,0,0,943
02/24/2011,MCO,FL,ASO,ES,Towers with Radar,855,43,56,3,957,0,0,8,0,8,855,43,64,3,965,0,0,0,965
02/25/2011,MCO,FL,ASO,ES,Towers with Radar,808,43,52,5,908,0,1,11,1,13,808,44,63,6,921,0,0,0,921
02/26/2011,MCO,FL,ASO,ES,Towers with Radar,868,41,57,3,969,0,1,12,0,13,868,42,69,3,982,0,0,0,982
02/27/2011,MCO,FL,ASO,ES,Towers with Radar,842,57,54,1,954,0,0,6,0,6,842,57,60,1,960,0,0,0,960
02/28/2011,MCO,FL,ASO,ES,Towers with Radar,811,43,53,2,909,0,0,6,0,6,811,43,59,2,915,0,0,0,915
03/01/2011,MCO,FL,ASO,ES,Towers with Radar,835,39,52,1,927,0,1,1,0,2,835,40,53,1,929,0,0,0,929
03/02/2011,MCO,FL,ASO,ES,Towers with Radar,811,42,60,4,917,0,1,13,1,15,811,43,73,5,932,0,0,0,932
03/03/2011,MCO,FL,ASO,ES,Towers with Radar,840,42,49,4,935,0,2,11,0,13,840,44,60,4,948,0,0,0,948
03/04/2011,MCO,FL,ASO,ES,Towers with Radar,836,40,52,5,933,0,1,10,1,12,836,41,62,6,945,0,0,0,945
03/05/2011,MCO,FL,ASO,ES,Towers with Radar,866,33,57,0,956,0,1,17,0,18,866,34,74,0,974,0,0,0,974
03/06/2011,MCO,FL,ASO,ES,Towers with Radar,825,41,76,1,943,0,0,7,0,7,825,41,83,1,950,0,0,0,950
03/07/2011,MCO,FL,ASO,ES,Towers with Radar,832,58,102,13,1005,0,0,20,2,22,832,58,122,15,1027,0,0,0,1027
03/08/2011,MCO,FL,ASO,ES,Towers with Radar,833,60,91,0,984,0,0,21,0,21,833,60,112,0,1005,0,0,0,1005
03/09/2011,MCO,FL,ASO,ES,Towers with Radar,821,43,90,4,958,0,1,7,0,8,821,44,97,4,966,0,0,0,966
03/10/2011,MCO,FL,ASO,ES,Towers with Radar,852,54,59,2,967,0,1,8,0,9,852,55,67,2,976,0,0,0,976
03/11/2011,MCO,FL,ASO,ES,Towers with Radar,838,48,47,1,934,0,1,9,0,10,838,49,56,1,944,0,0,0,944
03/12/2011,MCO,FL,ASO,ES,Towers with Radar,951,35,28,1,1015,0,1,21,1,23,951,36,49,2,1038,0,0,0,1038
03/13/2011,MCO,FL,ASO,ES,Towers with Radar,863,54,45,2,964,0,0,13,0,13,863,54,58,2,977,0,0,0,977
03/14/2011,MCO,FL,ASO,ES,Towers with Radar,849,39,45,0,933,0,0,17,0,17,849,39,62,0,950,0,0,0,950
03/15/2011,MCO,FL,ASO,ES,Towers with Radar,857,44,55,0,956,0,1,17,0,18,857,45,72,0,974,0,0,0,974
03/16/2011,MCO,FL,ASO,ES,Towers with Radar,851,46,62,0,959,0,1,13,0,14,851,47,75,0,973,0,0,0,973
03/17/2011,MCO,FL,ASO,ES,Towers with Radar,889,49,44,0,982,0,1,12,0,13,889,50,56,0,995,0,0,0,995
03/18/2011,MCO,FL,ASO,ES,Towers with Radar,865,48,36,0,949,0,0,10,1,11,865,48,46,1,960,0,0,0,960
03/19/2011,MCO,FL,ASO,ES,Towers with Radar,936,37,20,0,993,0,0,8,1,9,936,37,28,1,1002,0,0,0,1002
03/20/2011,MCO,FL,ASO,ES,Towers with Radar,866,46,37,0,949,0,0,12,0,12,866,46,49,0,961,0,0,0,961
03/21/2011,MCO,FL,ASO,ES,Towers with Radar,844,39,44,1,928,1,0,4,0,5,845,39,48,1,933,0,0,0,933
03/22/2011,MCO,FL,ASO,ES,Towers with Radar,871,45,56,2,974,1,1,4,2,8,872,46,60,4,982,0,0,0,982
03/23/2011,MCO,FL,ASO,ES,Towers with Radar,823,50,60,1,934,0,1,11,0,12,823,51,71,1,946,0,0,0,946
03/24/2011,MCO,FL,ASO,ES,Towers with Radar,897,36,62,4,999,0,3,8,0,11,897,39,70,4,1010,0,0,0,1010
03/25/2011,MCO,FL,ASO,ES,Towers with Radar,890,55,54,3,1002,0,1,18,0,19,890,56,72,3,1021,0,0,0,1021
03/26/2011,MCO,FL,ASO,ES,Towers with Radar,955,46,28,0,1029,0,1,21,0,22,955,47,49,0,1051,0,0,0,1051
03/27/2011,MCO,FL,ASO,ES,Towers with Radar,877,60,51,3,991,0,0,11,0,11,877,60,62,3,1002,0,0,0,1002
03/28/2011,MCO,FL,ASO,ES,Towers with Radar,858,48,36,2,944,0,0,3,0,3,858,48,39,2,947,0,0,0,947
03/29/2011,MCO,FL,ASO,ES,Towers with Radar,871,56,35,0,962,0,1,6,2,9,871,57,41,2,971,0,0,0,971
03/30/2011,MCO,FL,ASO,ES,Towers with Radar,847,48,37,4,936,0,2,2,0,4,847,50,39,4,940,0,0,0,940
03/31/2011,MCO,FL,ASO,ES,Towers with Radar,824,35,29,2,890,0,0,0,0,0,824,35,29,2,890,0,0,0,890
04/01/2011,MCO,FL,ASO,ES,Towers with Radar,897,49,50,2,998,0,1,14,2,17,897,50,64,4,1015,0,0,0,1015
04/02/2011,MCO,FL,ASO,ES,Towers with Radar,941,44,55,1,1041,0,0,16,0,16,941,44,71,1,1057,0,0,0,1057
04/03/2011,MCO,FL,ASO,ES,Towers with Radar,823,42,41,0,906,0,0,10,0,10,823,42,51,0,916,0,0,0,916
04/04/2011,MCO,FL,ASO,ES,Towers with Radar,828,41,28,0,897,2,0,16,0,18,830,41,44,0,915,0,0,0,915
04/05/2011,MCO,FL,ASO,ES,Towers with Radar,863,36,37,1,937,0,1,3,0,4,863,37,40,1,941,0,0,0,941
04/06/2011,MCO,FL,ASO,ES,Towers with Radar,847,48,52,0,947,0,1,13,0,14,847,49,65,0,961,0,0,0,961
04/07/2011,MCO,FL,ASO,ES,Towers with Radar,857,51,36,0,944,1,0,5,0,6,858,51,41,0,950,0,0,0,950
04/08/2011,MCO,FL,ASO,ES,Towers with Radar,857,47,51,1,956,0,1,12,0,13,857,48,63,1,969,0,0,0,969
04/09/2011,MCO,FL,ASO,ES,Towers with Radar,935,38,31,0,1004,0,1,11,0,12,935,39,42,0,1016,0,0,0,1016
04/10/2011,MCO,FL,ASO,ES,Towers with Radar,848,49,46,4,947,0,0,21,0,21,848,49,67,4,968,0,0,0,968
04/11/2011,MCO,FL,ASO,ES,Towers with Radar,842,42,36,0,920,0,2,5,1,8,842,44,41,1,928,0,0,0,928
04/12/2011,MCO,FL,ASO,ES,Towers with Radar,875,44,54,1,974,0,1,7,0,8,875,45,61,1,982,0,0,0,982
04/13/2011,MCO,FL,ASO,ES,Towers with Radar,850,47,50,0,947,0,1,15,0,16,850,48,65,0,963,0,0,0,963
04/14/2011,MCO,FL,ASO,ES,Towers with Radar,863,42,58,0,963,0,0,11,0,11,863,42,69,0,974,0,0,0,974
04/15/2011,MCO,FL,ASO,ES,Towers with Radar,854,40,33,0,927,0,0,5,0,5,854,40,38,0,932,0,0,0,932
04/16/2011,MCO,FL,ASO,ES,Towers with Radar,922,28,41,0,991,0,1,7,0,8,922,29,48,0,999,0,0,0,999
04/17/2011,MCO,FL,ASO,ES,Towers with Radar,873,38,49,1,961,0,0,13,0,13,873,38,62,1,974,0,0,0,974
04/18/2011,MCO,FL,ASO,ES,Towers with Radar,849,44,29,3,925,0,0,8,0,8,849,44,37,3,933,0,0,0,933
04/19/2011,MCO,FL,ASO,ES,Towers with Radar,830,37,32,0,899,0,1,16,0,17,830,38,48,0,916,0,0,0,916
04/20/2011,MCO,FL,ASO,ES,Towers with Radar,839,48,45,0,932,0,1,15,0,16,839,49,60,0,948,0,0,0,948
04/21/2011,MCO,FL,ASO,ES,Towers with Radar,866,59,48,0,973,0,1,21,0,22,866,60,69,0,995,0,0,0,995
04/22/2011,MCO,FL,ASO,ES,Towers with Radar,851,54,33,1,939,0,3,10,0,13,851,57,43,1,952,0,0,0,952
04/23/2011,MCO,FL,ASO,ES,Towers with Radar,935,27,14,0,976,0,1,10,0,11,935,28,24,0,987,0,0,0,987
04/24/2011,MCO,FL,ASO,ES,Towers with Radar,854,52,29,0,935,0,0,6,0,6,854,52,35,0,941,0,0,0,941
04/25/2011,MCO,FL,ASO,ES,Towers with Radar,851,39,68,2,960,0,0,13,0,13,851,39,81,2,973,0,0,0,973
04/26/2011,MCO,FL,ASO,ES,Towers with Radar,822,50,40,4,916,0,0,10,1,11,822,50,50,5,927,0,0,0,927
04/27/2011,MCO,FL,ASO,ES,Towers with Radar,827,56,62,3,948,0,0,9,4,13,827,56,71,7,961,0,0,0,961
04/28/2011,MCO,FL,ASO,ES,Towers with Radar,829,51,45,1,926,0,0,3,0,3,829,51,48,1,929,0,0,0,929
04/29/2011,MCO,FL,ASO,ES,Towers with Radar,882,50,72,6,1010,0,2,8,0,10,882,52,80,6,1020,0,0,0,1020
04/30/2011,MCO,FL,ASO,ES,Towers with Radar,881,32,27,2,942,0,0,11,0,11,881,32,38,2,953,0,0,0,953
05/01/2011,MCO,FL,ASO,ES,Towers with Radar,814,55,46,3,918,0,0,8,0,8,814,55,54,3,926,0,0,0,926
05/02/2011,MCO,FL,ASO,ES,Towers with Radar,797,45,37,20,899,0,0,10,0,10,797,45,47,20,909,0,0,0,909
05/03/2011,MCO,FL,ASO,ES,Towers with Radar,765,49,31,7,852,2,1,2,0,5,767,50,33,7,857,0,0,0,857
05/04/2011,MCO,FL,ASO,ES,Towers with Radar,766,39,41,12,858,0,1,11,0,12,766,40,52,12,870,0,0,0,870
05/05/2011,MCO,FL,ASO,ES,Towers with Radar,805,46,36,9,896,0,1,8,0,9,805,47,44,9,905,0,0,0,905
05/06/2011,MCO,FL,ASO,ES,Towers with Radar,802,43,31,12,888,0,1,8,0,9,802,44,39,12,897,0,0,0,897
05/07/2011,MCO,FL,ASO,ES,Towers with Radar,819,26,17,1,863,0,0,11,0,11,819,26,28,1,874,0,0,0,874
05/08/2011,MCO,FL,ASO,ES,Towers with Radar,774,38,28,1,841,0,0,9,0,9,774,38,37,1,850,0,0,0,850
05/09/2011,MCO,FL,ASO,ES,Towers with Radar,777,31,34,1,843,0,0,8,0,8,777,31,42,1,851,0,0,0,851
05/10/2011,MCO,FL,ASO,ES,Towers with Radar,746,37,50,1,834,0,0,5,0,5,746,37,55,1,839,0,0,0,839
05/11/2011,MCO,FL,ASO,ES,Towers with Radar,751,40,45,1,837,0,2,11,0,13,751,42,56,1,850,0,0,0,850
05/12/2011,MCO,FL,ASO,ES,Towers with Radar,792,42,35,1,870,0,1,8,0,9,792,43,43,1,879,0,0,0,879
05/13/2011,MCO,FL,ASO,ES,Towers with Radar,791,35,49,5,880,0,1,20,1,22,791,36,69,6,902,0,0,0,902
05/14/2011,MCO,FL,ASO,ES,Towers with Radar,810,27,20,0,857,0,1,5,0,6,810,28,25,0,863,0,0,0,863
05/15/2011,MCO,FL,ASO,ES,Towers with Radar,770,27,51,3,851,0,1,4,0,5,770,28,55,3,856,0,0,0,856
05/16/2011,MCO,FL,ASO,ES,Towers with Radar,777,45,41,0,863,0,0,8,1,9,777,45,49,1,872,0,0,0,872
05/17/2011,MCO,FL,ASO,ES,Towers with Radar,751,37,39,1,828,1,0,9,0,10,752,37,48,1,838,0,0,0,838
05/18/2011,MCO,FL,ASO,ES,Towers with Radar,763,39,36,0,838,0,1,12,0,13,763,40,48,0,851,0,0,0,851
05/19/2011,MCO,FL,ASO,ES,Towers with Radar,795,42,65,0,902,1,1,10,0,12,796,43,75,0,914,0,0,0,914
05/20/2011,MCO,FL,ASO,ES,Towers with Radar,785,34,30,0,849,0,1,14,0,15,785,35,44,0,864,0,0,0,864
05/21/2011,MCO,FL,ASO,ES,Towers with Radar,817,19,21,4,861,0,1,9,1,11,817,20,30,5,872,0,0,0,872
05/22/2011,MCO,FL,ASO,ES,Towers with Radar,767,32,26,0,825,0,0,10,0,10,767,32,36,0,835,0,0,0,835
05/23/2011,MCO,FL,ASO,ES,Towers with Radar,765,36,38,5,844,0,0,22,0,22,765,36,60,5,866,0,0,0,866
05/24/2011,MCO,FL,ASO,ES,Towers with Radar,765,44,27,0,836,0,1,15,0,16,765,45,42,0,852,0,0,0,852
05/25/2011,MCO,FL,ASO,ES,Towers with Radar,740,41,36,0,817,0,0,15,0,15,740,41,51,0,832,0,0,0,832
05/26/2011,MCO,FL,ASO,ES,Towers with Radar,800,47,47,1,895,0,1,10,0,11,800,48,57,1,906,0,0,0,906
05/27/2011,MCO,FL,ASO,ES,Towers with Radar,800,41,26,0,867,0,1,5,1,7,800,42,31,1,874,0,0,0,874
05/28/2011,MCO,FL,ASO,ES,Towers with Radar,812,21,21,0,854,0,1,8,0,9,812,22,29,0,863,0,0,0,863
05/29/2011,MCO,FL,ASO,ES,Towers with Radar,732,24,26,0,782,0,0,6,0,6,732,24,32,0,788,0,0,0,788
05/30/2011,MCO,FL,ASO,ES,Towers with Radar,762,33,22,0,817,0,0,4,0,4,762,33,26,0,821,0,0,0,821
05/31/2011,MCO,FL,ASO,ES,Towers with Radar,770,34,35,0,839,0,1,20,0,21,770,35,55,0,860,0,0,0,860
06/01/2011,MCO,FL,ASO,ES,Towers with Radar,768,42,50,0,860,0,1,10,0,11,768,43,60,0,871,0,0,0,871
06/02/2011,MCO,FL,ASO,ES,Towers with Radar,795,48,38,0,881,0,1,9,0,10,795,49,47,0,891,0,0,0,891
06/03/2011,MCO,FL,ASO,ES,Towers with Radar,791,41,34,0,866,1,1,12,0,14,792,42,46,0,880,0,0,0,880
06/04/2011,MCO,FL,ASO,ES,Towers with Radar,797,28,13,0,838,0,1,5,0,6,797,29,18,0,844,0,0,0,844
06/05/2011,MCO,FL,ASO,ES,Towers with Radar,788,36,22,0,846,0,0,5,0,5,788,36,27,0,851,0,0,0,851
06/06/2011,MCO,FL,ASO,ES,Towers with Radar,771,35,27,0,833,0,0,7,0,7,771,35,34,0,840,0,0,0,840
06/07/2011,MCO,FL,ASO,ES,Towers with Radar,772,39,20,0,831,0,1,6,0,7,772,40,26,0,838,0,0,0,838
06/08/2011,MCO,FL,ASO,ES,Towers with Radar,779,45,34,0,858,0,2,8,0,10,779,47,42,0,868,0,0,0,868
06/09/2011,MCO,FL,ASO,ES,Towers with Radar,775,53,31,4,863,0,2,4,0,6,775,55,35,4,869,0,0,0,869
06/10/2011,MCO,FL,ASO,ES,Towers with Radar,817,46,25,0,888,0,2,8,0,10,817,48,33,0,898,0,0,0,898
06/11/2011,MCO,FL,ASO,ES,Towers with Radar,849,24,19,0,892,0,1,4,0,5,849,25,23,0,897,0,0,0,897
06/12/2011,MCO,FL,ASO,ES,Towers with Radar,784,36,46,0,866,0,0,6,0,6,784,36,52,0,872,0,0,0,872
06/13/2011,MCO,FL,ASO,ES,Towers with Radar,796,37,40,0,873,0,0,10,0,10,796,37,50,0,883,0,0,0,883
06/14/2011,MCO,FL,ASO,ES,Towers with Radar,797,46,40,0,883,0,3,9,0,12,797,49,49,0,895,0,0,0,895
06/15/2011,MCO,FL,ASO,ES,Towers with Radar,799,45,41,2,887,0,1,12,0,13,799,46,53,2,900,0,0,0,900
06/16/2011,MCO,FL,ASO,ES,Towers with Radar,801,45,29,3,878,1,3,13,1,18,802,48,42,4,896,0,0,0,896
06/17/2011,MCO,FL,ASO,ES,Towers with Radar,809,39,44,2,894,0,1,2,1,4,809,40,46,3,898,0,0,0,898
06/18/2011,MCO,FL,ASO,ES,Towers with Radar,884,27,33,0,944,0,1,5,0,6,884,28,38,0,950,0,0,0,950
06/19/2011,MCO,FL,ASO,ES,Towers with Radar,832,28,29,0,889,0,0,5,1,6,832,28,34,1,895,0,0,0,895
06/20/2011,MCO,FL,ASO,ES,Towers with Radar,791,48,27,0,866,0,0,7,0,7,791,48,34,0,873,0,0,0,873
06/21/2011,MCO,FL,ASO,ES,Towers with Radar,801,36,25,0,862,0,1,22,0,23,801,37,47,0,885,0,0,0,885
06/22/2011,MCO,FL,ASO,ES,Towers with Radar,807,45,27,0,879,0,1,6,0,7,807,46,33,0,886,0,0,0,886
06/23/2011,MCO,FL,ASO,ES,Towers with Radar,812,48,20,0,880,0,1,8,0,9,812,49,28,0,889,0,0,0,889
06/24/2011,MCO,FL,ASO,ES,Towers with Radar,817,36,29,0,882,0,1,15,0,16,817,37,44,0,898,0,0,0,898
06/25/2011,MCO,FL,ASO,ES,Towers with Radar,887,33,19,0,939,0,0,1,0,1,887,33,20,0,940,0,0,0,940
06/26/2011,MCO,FL,ASO,ES,Towers with Radar,809,34,25,0,868,0,0,7,0,7,809,34,32,0,875,0,0,0,875
06/27/2011,MCO,FL,ASO,ES,Towers with Radar,792,43,44,0,879,0,0,6,0,6,792,43,50,0,885,0,0,0,885
06/28/2011,MCO,FL,ASO,ES,Towers with Radar,792,37,35,0,864,0,1,8,0,9,792,38,43,0,873,0,0,0,873
06/29/2011,MCO,FL,ASO,ES,Towers with Radar,813,41,36,0,890,0,1,2,0,3,813,42,38,0,893,0,0,0,893
06/30/2011,MCO,FL,ASO,ES,Towers with Radar,819,42,53,0,914,1,0,2,0,3,820,42,55,0,917,0,0,0,917
07/01/2011,MCO,FL,ASO,ES,Towers with Radar,830,40,31,0,901,0,0,2,0,2,830,40,33,0,903,0,0,0,903
07/02/2011,MCO,FL,ASO,ES,Towers with Radar,872,29,18,0,919,0,1,11,0,12,872,30,29,0,931,0,0,0,931
07/03/2011,MCO,FL,ASO,ES,Towers with Radar,755,25,17,0,797,0,0,3,0,3,755,25,20,0,800,0,0,0,800
07/04/2011,MCO,FL,ASO,ES,Towers with Radar,763,27,13,0,803,1,0,6,0,7,764,27,19,0,810,0,0,0,810
07/05/2011,MCO,FL,ASO,ES,Towers with Radar,811,27,32,0,870,0,0,8,0,8,811,27,40,0,878,0,0,0,878
07/06/2011,MCO,FL,ASO,ES,Towers with Radar,809,34,39,1,883,0,1,6,0,7,809,35,45,1,890,0,0,0,890
07/07/2011,MCO,FL,ASO,ES,Towers with Radar,837,39,44,6,926,0,1,4,0,5,837,40,48,6,931,0,0,0,931
07/08/2011,MCO,FL,ASO,ES,Towers with Radar,800,40,36,1,877,0,0,2,1,3,800,40,38,2,880,0,0,0,880
07/09/2011,MCO,FL,ASO,ES,Towers with Radar,910,24,23,2,959,1,1,5,0,7,911,25,28,2,966,0,0,0,966
07/10/2011,MCO,FL,ASO,ES,Towers with Radar,810,24,36,2,872,0,0,5,0,5,810,24,41,2,877,0,0,0,877
07/11/2011,MCO,FL,ASO,ES,Towers with Radar,806,35,25,1,867,0,0,9,0,9,806,35,34,1,876,0,0,0,876
07/12/2011,MCO,FL,ASO,ES,Towers with Radar,814,35,34,0,883,1,1,5,0,7,815,36,39,0,890,0,0,0,890
07/13/2011,MCO,FL,ASO,ES,Towers with Radar,817,43,30,0,890,0,1,5,0,6,817,44,35,0,896,0,0,0,896
07/14/2011,MCO,FL,ASO,ES,Towers with Radar,825,40,38,0,903,0,1,6,1,8,825,41,44,1,911,0,0,0,911
07/15/2011,MCO,FL,ASO,ES,Towers with Radar,828,36,26,1,891,0,1,9,0,10,828,37,35,1,901,0,0,0,901
07/16/2011,MCO,FL,ASO,ES,Towers with Radar,902,33,18,3,956,0,1,4,0,5,902,34,22,3,961,0,0,0,961
07/17/2011,MCO,FL,ASO,ES,Towers with Radar,826,32,28,1,887,0,0,3,2,5,826,32,31,3,892,0,0,0,892
07/18/2011,MCO,FL,ASO,ES,Towers with Radar,809,35,39,0,883,0,0,5,0,5,809,35,44,0,888,0,0,0,888
07/19/2011,MCO,FL,ASO,ES,Towers with Radar,814,38,32,3,887,0,1,3,0,4,814,39,35,3,891,0,0,0,891
07/20/2011,MCO,FL,ASO,ES,Towers with Radar,830,39,23,1,893,0,1,8,0,9,830,40,31,1,902,0,0,0,902
07/21/2011,MCO,FL,ASO,ES,Towers with Radar,826,45,28,3,902,1,0,10,0,11,827,45,38,3,913,0,0,0,913
07/22/2011,MCO,FL,ASO,ES,Towers with Radar,821,39,30,2,892,0,1,6,0,7,821,40,36,2,899,0,0,0,899
07/23/2011,MCO,FL,ASO,ES,Towers with Radar,909,28,22,1,960,0,0,6,0,6,909,28,28,1,966,0,0,0,966
07/24/2011,MCO,FL,ASO,ES,Towers with Radar,815,34,27,4,880,0,0,4,0,4,815,34,31,4,884,0,0,0,884
07/25/2011,MCO,FL,ASO,ES,Towers with Radar,788,43,29,3,863,0,1,5,0,6,788,44,34,3,869,0,0,0,869
07/26/2011,MCO,FL,ASO,ES,Towers with Radar,829,34,36,0,899,0,1,2,0,3,829,35,38,0,902,0,0,0,902
07/27/2011,MCO,FL,ASO,ES,Towers with Radar,809,39,38,2,888,0,1,5,0,6,809,40,43,2,894,0,0,0,894
07/28/2011,MCO,FL,ASO,ES,Towers with Radar,831,41,18,1,891,0,1,4,1,6,831,42,22,2,897,0,0,0,897
07/29/2011,MCO,FL,ASO,ES,Towers with Radar,807,36,38,0,881,0,1,7,0,8,807,37,45,0,889,0,0,0,889
07/30/2011,MCO,FL,ASO,ES,Towers with Radar,908,24,19,0,951,0,1,5,0,6,908,25,24,0,957,0,0,0,957
07/31/2011,MCO,FL,ASO,ES,Towers with Radar,825,36,24,0,885,0,0,11,0,11,825,36,35,0,896,0,0,0,896
08/01/2011,MCO,FL,ASO,ES,Towers with Radar,803,38,32,0,873,0,1,11,0,12,803,39,43,0,885,0,0,0,885
08/02/2011,MCO,FL,ASO,ES,Towers with Radar,844,38,29,0,911,0,1,10,0,11,844,39,39,0,922,0,0,0,922
08/03/2011,MCO,FL,ASO,ES,Towers with Radar,816,38,41,4,899,0,2,3,0,5,816,40,44,4,904,0,0,0,904
08/04/2011,MCO,FL,ASO,ES,Towers with Radar,826,38,31,0,895,0,2,3,0,5,826,40,34,0,900,0,0,0,900
08/05/2011,MCO,FL,ASO,ES,Towers with Radar,829,41,24,0,894,0,2,2,0,4,829,43,26,0,898,0,0,0,898
08/06/2011,MCO,FL,ASO,ES,Towers with Radar,884,25,17,0,926,1,1,5,1,8,885,26,22,1,934,0,0,0,934
08/07/2011,MCO,FL,ASO,ES,Towers with Radar,821,28,23,0,872,0,0,3,0,3,821,28,26,0,875,0,0,0,875
08/08/2011,MCO,FL,ASO,ES,Towers with Radar,812,28,36,2,878,2,0,7,0,9,814,28,43,2,887,0,0,0,887
08/09/2011,MCO,FL,ASO,ES,Towers with Radar,830,43,29,0,902,0,0,2,0,2,830,43,31,0,904,0,0,0,904
08/10/2011,MCO,FL,ASO,ES,Towers with Radar,840,35,17,1,893,0,0,6,0,6,840,35,23,1,899,0,0,0,899
08/11/2011,MCO,FL,ASO,ES,Towers with Radar,827,43,28,2,900,0,1,4,0,5,827,44,32,2,905,0,0,0,905
08/12/2011,MCO,FL,ASO,ES,Towers with Radar,828,39,42,1,910,0,1,7,0,8,828,40,49,1,918,0,0,0,918
08/13/2011,MCO,FL,ASO,ES,Towers with Radar,893,30,18,2,943,0,0,9,0,9,893,30,27,2,952,0,0,0,952
08/14/2011,MCO,FL,ASO,ES,Towers with Radar,754,30,20,0,804,0,0,12,0,12,754,30,32,0,816,0,0,0,816
08/15/2011,MCO,FL,ASO,ES,Towers with Radar,771,41,17,2,831,1,0,4,0,5,772,41,21,2,836,0,0,0,836
08/16/2011,MCO,FL,ASO,ES,Towers with Radar,731,40,22,3,796,0,1,10,0,11,731,41,32,3,807,0,0,0,807
08/17/2011,MCO,FL,ASO,ES,Towers with Radar,730,45,34,4,813,0,1,3,1,5,730,46,37,5,818,0,0,0,818
08/18/2011,MCO,FL,ASO,ES,Towers with Radar,737,37,30,3,807,0,0,8,1,9,737,37,38,4,816,0,0,0,816
08/19/2011,MCO,FL,ASO,ES,Towers with Radar,749,42,30,0,821,0,2,5,0,7,749,44,35,0,828,0,0,0,828
08/20/2011,MCO,FL,ASO,ES,Towers with Radar,780,27,20,3,830,0,1,3,0,4,780,28,23,3,834,0,0,0,834
08/21/2011,MCO,FL,ASO,ES,Towers with Radar,725,35,36,1,797,0,1,3,0,4,725,36,39,1,801,0,0,0,801
08/22/2011,MCO,FL,ASO,ES,Towers with Radar,728,34,28,0,790,0,1,8,0,9,728,35,36,0,799,0,0,0,799
08/23/2011,MCO,FL,ASO,ES,Towers with Radar,721,42,24,0,787,0,1,2,1,4,721,43,26,1,791,0,0,0,791
08/24/2011,MCO,FL,ASO,ES,Towers with Radar,722,34,25,4,785,0,1,4,0,5,722,35,29,4,790,0,0,0,790
08/25/2011,MCO,FL,ASO,ES,Towers with Radar,722,38,24,0,784,0,1,2,0,3,722,39,26,0,787,0,0,0,787
08/26/2011,MCO,FL,ASO,ES,Towers with Radar,749,34,27,0,810,0,1,5,0,6,749,35,32,0,816,0,0,0,816
08/27/2011,MCO,FL,ASO,ES,Towers with Radar,675,27,25,0,727,0,1,4,0,5,675,28,29,0,732,0,0,0,732
08/28/2011,MCO,FL,ASO,ES,Towers with Radar,525,37,17,0,579,0,0,2,0,2,525,37,19,0,581,0,0,0,581
08/29/2011,MCO,FL,ASO,ES,Towers with Radar,659,42,26,0,727,0,0,7,0,7,659,42,33,0,734,0,0,0,734
08/30/2011,MCO,FL,ASO,ES,Towers with Radar,705,42,27,3,777,0,0,13,0,13,705,42,40,3,790,0,0,0,790
08/31/2011,MCO,FL,ASO,ES,Towers with Radar,709,41,32,1,783,0,1,2,0,3,709,42,34,1,786,0,0,0,786
09/01/2011,MCO,FL,ASO,ES,Towers with Radar,741,37,36,3,817,0,1,3,0,4,741,38,39,3,821,0,0,0,821
09/02/2011,MCO,FL,ASO,ES,Towers with Radar,729,45,25,1,800,0,3,6,0,9,729,48,31,1,809,0,0,0,809
09/03/2011,MCO,FL,ASO,ES,Towers with Radar,739,22,22,0,783,0,1,8,0,9,739,23,30,0,792,0,0,0,792
09/04/2011,MCO,FL,ASO,ES,Towers with Radar,656,15,12,0,683,0,2,6,0,8,656,17,18,0,691,0,0,0,691
09/05/2011,MCO,FL,ASO,ES,Towers with Radar,689,26,16,0,731,0,1,2,0,3,689,27,18,0,734,0,0,0,734
09/06/2011,MCO,FL,ASO,ES,Towers with Radar,695,37,27,2,761,0,0,4,0,4,695,37,31,2,765,0,0,0,765
09/07/2011,MCO,FL,ASO,ES,Towers with Radar,644,31,28,1,704,0,1,7,0,8,644,32,35,1,712,0,0,0,712
09/08/2011,MCO,FL,ASO,ES,Towers with Radar,675,45,34,4,758,1,0,7,0,8,676,45,41,4,766,0,0,0,766
09/09/2011,MCO,FL,ASO,ES,Towers with Radar,688,33,29,2,752,0,1,9,0,10,688,34,38,2,762,0,0,0,762
09/10/2011,MCO,FL,ASO,ES,Towers with Radar,690,20,23,1,734,0,1,11,0,12,690,21,34,1,746,0,0,0,746
09/11/2011,MCO,FL,ASO,ES,Towers with Radar,673,28,24,0,725,0,0,13,0,13,673,28,37,0,738,0,0,0,738
09/12/2011,MCO,FL,ASO,ES,Towers with Radar,663,30,28,1,722,0,0,15,0,15,663,30,43,1,737,0,0,0,737
09/13/2011,MCO,FL,ASO,ES,Towers with Radar,635,47,25,1,708,0,1,8,0,9,635,48,33,1,717,0,0,0,717
09/14/2011,MCO,FL,ASO,ES,Towers with Radar,630,38,36,4,708,0,2,10,0,12,630,40,46,4,720,0,0,0,720
09/15/2011,MCO,FL,ASO,ES,Towers with Radar,676,50,39,2,767,0,0,3,0,3,676,50,42,2,770,0,0,0,770
09/16/2011,MCO,FL,ASO,ES,Towers with Radar,685,36,31,1,753,0,1,7,0,8,685,37,38,1,761,0,0,0,761
09/17/2011,MCO,FL,ASO,ES,Towers with Radar,693,21,16,0,730,0,1,4,1,6,693,22,20,1,736,0,0,0,736
09/18/2011,MCO,FL,ASO,ES,Towers with Radar,676,29,25,0,730,0,0,4,0,4,676,29,29,0,734,0,0,0,734
09/19/2011,MCO,FL,ASO,ES,Towers with Radar,665,38,29,0,732,0,0,1,0,1,665,38,30,0,733,0,0,0,733
09/20/2011,MCO,FL,ASO,ES,Towers with Radar,637,42,43,6,728,0,0,9,0,9,637,42,52,6,737,0,0,0,737
09/21/2011,MCO,FL,ASO,ES,Towers with Radar,641,41,50,1,733,0,1,3,1,5,641,42,53,2,738,0,0,0,738
09/22/2011,MCO,FL,ASO,ES,Towers with Radar,682,53,44,2,781,0,0,6,2,8,682,53,50,4,789,0,0,0,789
09/23/2011,MCO,FL,ASO,ES,Towers with Radar,680,33,43,3,759,0,1,5,1,7,680,34,48,4,766,0,0,0,766
09/24/2011,MCO,FL,ASO,ES,Towers with Radar,698,20,17,0,735,0,2,2,0,4,698,22,19,0,739,0,0,0,739
09/25/2011,MCO,FL,ASO,ES,Towers with Radar,684,29,30,0,743,0,0,7,0,7,684,29,37,0,750,0,0,0,750
09/26/2011,MCO,FL,ASO,ES,Towers with Radar,662,33,29,0,724,0,0,2,0,2,662,33,31,0,726,0,0,0,726
09/27/2011,MCO,FL,ASO,ES,Towers with Radar,633,37,29,3,702,0,6,1,0,7,633,43,30,3,709,0,0,0,709
09/28/2011,MCO,FL,ASO,ES,Towers with Radar,640,42,22,6,710,0,1,5,0,6,640,43,27,6,716,0,0,0,716
09/29/2011,MCO,FL,ASO,ES,Towers with Radar,685,43,33,1,762,0,0,6,0,6,685,43,39,1,768,0,0,0,768
09/30/2011,MCO,FL,ASO,ES,Towers with Radar,688,37,42,0,767,0,1,4,0,5,688,38,46,0,772,0,0,0,772
10/01/2011,MCO,FL,ASO,ES,Towers with Radar,702,26,20,0,748,0,1,7,0,8,702,27,27,0,756,0,0,0,756
10/02/2011,MCO,FL,ASO,ES,Towers with Radar,714,43,24,0,781,0,0,9,0,9,714,43,33,0,790,0,0,0,790
10/03/2011,MCO,FL,ASO,ES,Towers with Radar,691,32,27,0,750,0,0,8,0,8,691,32,35,0,758,0,0,0,758
10/04/2011,MCO,FL,ASO,ES,Towers with Radar,658,37,29,0,724,0,1,5,0,6,658,38,34,0,730,0,0,0,730
10/05/2011,MCO,FL,ASO,ES,Towers with Radar,672,37,32,2,743,0,2,4,0,6,672,39,36,2,749,0,0,0,749
10/06/2011,MCO,FL,ASO,ES,Towers with Radar,728,38,42,2,810,0,1,7,0,8,728,39,49,2,818,0,0,0,818
10/07/2011,MCO,FL,ASO,ES,Towers with Radar,738,42,44,2,826,0,1,3,0,4,738,43,47,2,830,0,0,0,830
10/08/2011,MCO,FL,ASO,ES,Towers with Radar,742,22,20,2,786,0,0,1,0,1,742,22,21,2,787,0,0,0,787
10/09/2011,MCO,FL,ASO,ES,Towers with Radar,729,29,36,0,794,0,0,1,0,1,729,29,37,0,795,0,0,0,795
10/10/2011,MCO,FL,ASO,ES,Towers with Radar,696,39,33,4,772,0,1,1,0,2,696,40,34,4,774,0,0,0,774
10/11/2011,MCO,FL,ASO,ES,Towers with Radar,670,45,24,3,742,0,1,1,2,4,670,46,25,5,746,0,0,0,746
10/12/2011,MCO,FL,ASO,ES,Towers with Radar,674,39,33,8,754,0,1,5,0,6,674,40,38,8,760,0,0,0,760
10/13/2011,MCO,FL,ASO,ES,Towers with Radar,735,49,29,4,817,0,2,4,0,6,735,51,33,4,823,0,0,0,823
10/14/2011,MCO,FL,ASO,ES,Towers with Radar,735,42,26,0,803,0,3,10,0,13,735,45,36,0,816,0,0,0,816
10/15/2011,MCO,FL,ASO,ES,Towers with Radar,744,30,19,0,793,0,1,7,0,8,744,31,26,0,801,0,0,0,801
10/16/2011,MCO,FL,ASO,ES,Towers with Radar,727,36,36,0,799,0,0,9,0,9,727,36,45,0,808,0,0,0,808
10/17/2011,MCO,FL,ASO,ES,Towers with Radar,698,35,44,0,777,0,0,8,0,8,698,35,52,0,785,0,0,0,785
10/18/2011,MCO,FL,ASO,ES,Towers with Radar,665,38,35,0,738,0,1,3,0,4,665,39,38,0,742,0,0,0,742
10/19/2011,MCO,FL,ASO,ES,Towers with Radar,674,42,37,0,753,0,0,4,0,4,674,42,41,0,757,0,0,0,757
10/20/2011,MCO,FL,ASO,ES,Towers with Radar,742,44,44,0,830,0,4,12,0,16,742,48,56,0,846,0,0,0,846
10/21/2011,MCO,FL,ASO,ES,Towers with Radar,736,35,44,1,816,0,1,3,0,4,736,36,47,1,820,0,0,0,820
10/22/2011,MCO,FL,ASO,ES,Towers with Radar,731,28,39,0,798,0,0,10,0,10,731,28,49,0,808,0,0,0,808
10/23/2011,MCO,FL,ASO,ES,Towers with Radar,715,35,42,3,795,0,1,13,0,14,715,36,55,3,809,0,0,0,809
10/24/2011,MCO,FL,ASO,ES,Towers with Radar,693,33,43,0,769,0,0,9,0,9,693,33,52,0,778,0,0,0,778
10/25/2011,MCO,FL,ASO,ES,Towers with Radar,675,44,51,1,771,0,1,11,0,12,675,45,62,1,783,0,0,0,783
10/26/2011,MCO,FL,ASO,ES,Towers with Radar,683,46,45,1,775,0,2,13,0,15,683,48,58,1,790,0,0,0,790
10/27/2011,MCO,FL,ASO,ES,Towers with Radar,727,43,25,1,796,0,0,13,0,13,727,43,38,1,809,0,0,0,809
10/28/2011,MCO,FL,ASO,ES,Towers with Radar,739,36,33,2,810,0,1,7,0,8,739,37,40,2,818,0,0,0,818
10/29/2011,MCO,FL,ASO,ES,Towers with Radar,692,29,30,3,754,0,1,1,0,2,692,30,31,3,756,0,0,0,756
10/30/2011,MCO,FL,ASO,ES,Towers with Radar,730,35,43,6,814,0,0,3,0,3,730,35,46,6,817,0,0,0,817
10/31/2011,MCO,FL,ASO,ES,Towers with Radar,694,33,40,22,789,0,0,1,0,1,694,33,41,22,790,0,0,0,790
11/01/2011,MCO,FL,ASO,ES,Towers with Radar,678,39,37,5,759,0,0,1,0,1,678,39,38,5,760,0,0,0,760
11/02/2011,MCO,FL,ASO,ES,Towers with Radar,682,42,29,2,755,0,1,5,0,6,682,43,34,2,761,0,0,0,761
11/03/2011,MCO,FL,ASO,ES,Towers with Radar,746,37,53,13,849,0,1,12,0,13,746,38,65,13,862,0,0,0,862
11/04/2011,MCO,FL,ASO,ES,Towers with Radar,730,41,32,16,819,0,1,10,0,11,730,42,42,16,830,0,0,0,830
11/05/2011,MCO,FL,ASO,ES,Towers with Radar,749,23,17,4,793,0,1,9,0,10,749,24,26,4,803,0,0,0,803
11/06/2011,MCO,FL,ASO,ES,Towers with Radar,736,35,42,0,813,0,0,1,0,1,736,35,43,0,814,0,0,0,814
11/07/2011,MCO,FL,ASO,ES,Towers with Radar,694,32,22,4,752,0,1,8,0,9,694,33,30,4,761,0,0,0,761
11/08/2011,MCO,FL,ASO,ES,Towers with Radar,681,40,44,4,769,0,1,3,1,5,681,41,47,5,774,0,0,0,774
11/09/2011,MCO,FL,ASO,ES,Towers with Radar,693,46,28,3,770,0,0,7,0,7,693,46,35,3,777,0,0,0,777
11/10/2011,MCO,FL,ASO,ES,Towers with Radar,736,50,46,1,833,0,3,17,1,21,736,53,63,2,854,0,0,0,854
11/11/2011,MCO,FL,ASO,ES,Towers with Radar,756,37,31,1,825,0,2,7,1,10,756,39,38,2,835,0,0,0,835
11/12/2011,MCO,FL,ASO,ES,Towers with Radar,788,37,20,0,845,0,1,8,0,9,788,38,28,0,854,0,0,0,854
11/13/2011,MCO,FL,ASO,ES,Towers with Radar,744,43,36,1,824,0,1,5,0,6,744,44,41,1,830,0,0,0,830
11/14/2011,MCO,FL,ASO,ES,Towers with Radar,714,40,45,0,799,0,0,16,0,16,714,40,61,0,815,0,0,0,815
11/15/2011,MCO,FL,ASO,ES,Towers with Radar,686,57,41,0,784,0,0,3,0,3,686,57,44,0,787,0,0,0,787
11/16/2011,MCO,FL,ASO,ES,Towers with Radar,695,55,40,0,790,0,0,10,0,10,695,55,50,0,800,0,0,0,800
11/17/2011,MCO,FL,ASO,ES,Towers with Radar,756,45,57,1,859,0,0,5,0,5,756,45,62,1,864,0,0,0,864
11/18/2011,MCO,FL,ASO,ES,Towers with Radar,775,48,38,1,862,0,1,4,0,5,775,49,42,1,867,0,0,0,867
11/19/2011,MCO,FL,ASO,ES,Towers with Radar,816,30,21,0,867,0,1,9,0,10,816,31,30,0,877,0,0,0,877
11/20/2011,MCO,FL,ASO,ES,Towers with Radar,770,36,34,0,840,0,0,6,0,6,770,36,40,0,846,0,0,0,846
11/21/2011,MCO,FL,ASO,ES,Towers with Radar,747,39,26,0,812,0,0,12,0,12,747,39,38,0,824,0,0,0,824
11/22/2011,MCO,FL,ASO,ES,Towers with Radar,798,45,23,0,866,0,1,19,0,20,798,46,42,0,886,0,0,0,886
11/23/2011,MCO,FL,ASO,ES,Towers with Radar,805,45,28,0,878,0,1,12,0,13,805,46,40,0,891,0,0,0,891
11/24/2011,MCO,FL,ASO,ES,Towers with Radar,620,29,7,0,656,0,2,1,0,3,620,31,8,0,659,0,0,0,659
11/25/2011,MCO,FL,ASO,ES,Towers with Radar,707,23,14,0,744,0,0,5,0,5,707,23,19,0,749,0,0,0,749
11/26/2011,MCO,FL,ASO,ES,Towers with Radar,824,27,17,0,868,0,0,6,0,6,824,27,23,0,874,0,0,0,874
11/27/2011,MCO,FL,ASO,ES,Towers with Radar,818,41,37,0,896,0,1,18,0,19,818,42,55,0,915,0,0,0,915
11/28/2011,MCO,FL,ASO,ES,Towers with Radar,793,43,32,0,868,0,0,0,0,0,793,43,32,0,868,0,0,0,868
11/29/2011,MCO,FL,ASO,ES,Towers with Radar,733,39,42,0,814,0,0,9,1,10,733,39,51,1,824,0,0,0,824
11/30/2011,MCO,FL,ASO,ES,Towers with Radar,733,48,69,2,852,0,1,12,0,13,733,49,81,2,865,2,0,2,867
12/01/2011,MCO,FL,ASO,ES,Towers with Radar,760,51,74,1,886,0,1,11,0,12,760,52,85,1,898,0,0,0,898
12/02/2011,MCO,FL,ASO,ES,Towers with Radar,752,44,36,1,833,0,2,13,0,15,752,46,49,1,848,0,0,0,848
12/03/2011,MCO,FL,ASO,ES,Towers with Radar,771,31,31,2,835,0,1,3,0,4,771,32,34,2,839,0,0,0,839
12/04/2011,MCO,FL,ASO,ES,Towers with Radar,739,42,52,5,838,0,0,9,1,10,739,42,61,6,848,0,0,0,848
12/05/2011,MCO,FL,ASO,ES,Towers with Radar,710,36,30,0,776,0,0,6,0,6,710,36,36,0,782,0,0,0,782
12/06/2011,MCO,FL,ASO,ES,Towers with Radar,702,44,36,0,782,0,0,3,0,3,702,44,39,0,785,0,0,0,785
12/07/2011,MCO,FL,ASO,ES,Towers with Radar,696,44,43,0,783,0,1,2,0,3,696,45,45,0,786,0,0,0,786
12/08/2011,MCO,FL,ASO,ES,Towers with Radar,759,40,38,2,839,0,1,4,0,5,759,41,42,2,844,0,0,0,844
12/09/2011,MCO,FL,ASO,ES,Towers with Radar,755,40,55,0,850,0,1,7,0,8,755,41,62,0,858,0,0,0,858
12/10/2011,MCO,FL,ASO,ES,Towers with Radar,769,30,24,0,823,0,1,8,0,9,769,31,32,0,832,0,0,0,832
12/11/2011,MCO,FL,ASO,ES,Towers with Radar,743,36,23,0,802,0,0,1,0,1,743,36,24,0,803,0,0,0,803
12/12/2011,MCO,FL,ASO,ES,Towers with Radar,727,45,25,0,797,0,0,1,0,1,727,45,26,0,798,0,0,0,798
12/13/2011,MCO,FL,ASO,ES,Towers with Radar,716,43,41,1,801,0,1,6,0,7,716,44,47,1,808,0,0,0,808
12/14/2011,MCO,FL,ASO,ES,Towers with Radar,709,40,45,1,795,0,1,8,0,9,709,41,53,1,804,0,0,0,804
12/15/2011,MCO,FL,ASO,ES,Towers with Radar,790,41,37,1,869,0,1,11,0,12,790,42,48,1,881,0,0,0,881
12/16/2011,MCO,FL,ASO,ES,Towers with Radar,795,51,39,0,885,0,1,7,1,9,795,52,46,1,894,0,0,0,894
12/17/2011,MCO,FL,ASO,ES,Towers with Radar,851,25,32,0,908,0,0,13,0,13,851,25,45,0,921,0,0,0,921
12/18/2011,MCO,FL,ASO,ES,Towers with Radar,792,33,31,1,857,0,0,8,1,9,792,33,39,2,866,0,0,0,866
12/19/2011,MCO,FL,ASO,ES,Towers with Radar,789,40,47,0,876,0,0,7,0,7,789,40,54,0,883,0,0,0,883
12/20/2011,MCO,FL,ASO,ES,Towers with Radar,815,46,22,0,883,0,1,3,0,4,815,47,25,0,887,0,0,0,887
12/21/2011,MCO,FL,ASO,ES,Towers with Radar,836,47,36,1,920,1,1,18,0,20,837,48,54,1,940,0,0,0,940
12/22/2011,MCO,FL,ASO,ES,Towers with Radar,872,44,33,3,952,0,1,9,0,10,872,45,42,3,962,0,0,0,962
12/23/2011,MCO,FL,ASO,ES,Towers with Radar,898,45,35,0,978,0,1,2,0,3,898,46,37,0,981,0,0,0,981
12/24/2011,MCO,FL,ASO,ES,Towers with Radar,846,26,13,0,885,0,1,2,0,3,846,27,15,0,888,0,0,0,888
12/25/2011,MCO,FL,ASO,ES,Towers with Radar,754,22,5,0,781,0,0,1,0,1,754,22,6,0,782,0,0,0,782
12/26/2011,MCO,FL,ASO,ES,Towers with Radar,835,39,50,0,924,0,1,3,0,4,835,40,53,0,928,0,0,0,928
12/27/2011,MCO,FL,ASO,ES,Towers with Radar,841,40,40,0,921,1,2,4,0,7,842,42,44,0,928,0,0,0,928
12/28/2011,MCO,FL,ASO,ES,Towers with Radar,881,42,32,0,955,0,1,7,0,8,881,43,39,0,963,0,0,0,963
12/29/2011,MCO,FL,ASO,ES,Towers with Radar,854,45,34,0,933,0,0,16,0,16,854,45,50,0,949,0,0,0,949
12/30/2011,MCO,FL,ASO,ES,Towers with Radar,866,50,52,0,968,0,1,14,0,15,866,51,66,0,983,0,0,0,983
12/31/2011,MCO,FL,ASO,ES,Towers with Radar,853,25,25,0,903,0,1,3,0,4,853,26,28,0,907,0,0,0,907
01/01/2012,MCO,FL,ASO,ES,Towers with Radar,773,30,26,0,829,0,0,3,0,3,773,30,29,0,832,0,0,0,832
01/02/2012,MCO,FL,ASO,ES,Towers with Radar,843,35,55,0,933,0,1,7,0,8,843,36,62,0,941,0,0,0,941
01/03/2012,MCO,FL,ASO,ES,Towers with Radar,830,39,41,0,910,0,0,16,0,16,830,39,57,0,926,0,0,0,926
01/04/2012,MCO,FL,ASO,ES,Towers with Radar,770,44,42,0,856,0,1,5,0,6,770,45,47,0,862,0,0,0,862
01/05/2012,MCO,FL,ASO,ES,Towers with Radar,773,44,42,0,859,0,1,4,0,5,773,45,46,0,864,0,0,0,864
01/06/2012,MCO,FL,ASO,ES,Towers with Radar,772,41,41,0,854,0,3,11,0,14,772,44,52,0,868,0,0,0,868
01/07/2012,MCO,FL,ASO,ES,Towers with Radar,759,37,26,0,822,0,1,9,0,10,759,38,35,0,832,0,0,0,832
01/08/2012,MCO,FL,ASO,ES,Towers with Radar,747,30,42,0,819,0,0,1,0,1,747,30,43,0,820,0,0,0,820
01/09/2012,MCO,FL,ASO,ES,Towers with Radar,730,28,39,0,797,0,1,3,0,4,730,29,42,0,801,0,0,0,801
01/10/2012,MCO,FL,ASO,ES,Towers with Radar,703,35,29,0,767,0,1,8,0,9,703,36,37,0,776,0,0,0,776
01/11/2012,MCO,FL,ASO,ES,Towers with Radar,709,37,37,0,783,0,0,5,0,5,709,37,42,0,788,0,0,0,788
01/12/2012,MCO,FL,ASO,ES,Towers with Radar,741,36,44,2,823,0,5,15,0,20,741,41,59,2,843,0,0,0,843
01/13/2012,MCO,FL,ASO,ES,Towers with Radar,757,46,43,0,846,0,2,12,0,14,757,48,55,0,860,0,0,0,860
01/14/2012,MCO,FL,ASO,ES,Towers with Radar,770,25,25,0,820,0,1,7,0,8,770,26,32,0,828,0,0,0,828
01/15/2012,MCO,FL,ASO,ES,Towers with Radar,738,32,36,0,806,0,0,7,0,7,738,32,43,0,813,0,0,0,813
01/16/2012,MCO,FL,ASO,ES,Towers with Radar,727,43,39,3,812,0,0,8,2,10,727,43,47,5,822,0,0,0,822
01/17/2012,MCO,FL,ASO,ES,Towers with Radar,696,39,30,1,766,0,1,4,0,5,696,40,34,1,771,0,0,0,771
01/18/2012,MCO,FL,ASO,ES,Towers with Radar,708,38,46,3,795,0,1,2,0,3,708,39,48,3,798,0,0,0,798
01/19/2012,MCO,FL,ASO,ES,Towers with Radar,743,47,40,2,832,0,0,9,1,10,743,47,49,3,842,0,0,0,842
01/20/2012,MCO,FL,ASO,ES,Towers with Radar,730,38,40,5,813,0,1,11,0,12,730,39,51,5,825,0,0,0,825
01/21/2012,MCO,FL,ASO,ES,Towers with Radar,744,23,28,0,795,0,1,2,0,3,744,24,30,0,798,0,0,0,798
01/22/2012,MCO,FL,ASO,ES,Towers with Radar,742,36,43,1,822,0,0,6,1,7,742,36,49,2,829,0,0,0,829
01/23/2012,MCO,FL,ASO,ES,Towers with Radar,718,35,30,1,784,0,0,9,0,9,718,35,39,1,793,0,0,0,793
01/24/2012,MCO,FL,ASO,ES,Towers with Radar,698,39,41,1,779,0,1,11,1,13,698,40,52,2,792,0,0,0,792
01/25/2012,MCO,FL,ASO,ES,Towers with Radar,702,39,45,0,786,0,1,7,0,8,702,40,52,0,794,0,0,0,794
01/26/2012,MCO,FL,ASO,ES,Towers with Radar,740,45,60,3,848,0,1,16,1,18,740,46,76,4,866,0,0,0,866
01/27/2012,MCO,FL,ASO,ES,Towers with Radar,749,53,62,3,867,0,1,1,1,3,749,54,63,4,870,0,0,0,870
01/28/2012,MCO,FL,ASO,ES,Towers with Radar,768,25,38,0,831,0,2,6,0,8,768,27,44,0,839,0,0,0,839
01/29/2012,MCO,FL,ASO,ES,Towers with Radar,728,29,55,0,812,0,0,2,0,2,728,29,57,0,814,0,0,0,814
01/30/2012,MCO,FL,ASO,ES,Towers with Radar,725,35,51,3,814,0,1,5,0,6,725,36,56,3,820,0,0,0,820
01/31/2012,MCO,FL,ASO,ES,Towers with Radar,690,43,54,0,787,0,1,8,0,9,690,44,62,0,796,0,0,0,796
02/01/2012,MCO,FL,ASO,ES,Towers with Radar,698,46,52,2,798,0,1,8,0,9,698,47,60,2,807,0,0,0,807
02/02/2012,MCO,FL,ASO,ES,Towers with Radar,749,41,39,2,831,1,0,6,1,8,750,41,45,3,839,0,0,0,839
02/03/2012,MCO,FL,ASO,ES,Towers with Radar,753,41,36,1,831,0,1,11,2,14,753,42,47,3,845,0,0,0,845
02/04/2012,MCO,FL,ASO,ES,Towers with Radar,772,23,17,0,812,0,1,3,0,4,772,24,20,0,816,0,0,0,816
02/05/2012,MCO,FL,ASO,ES,Towers with Radar,743,28,25,2,798,0,0,6,0,6,743,28,31,2,804,0,0,0,804
02/06/2012,MCO,FL,ASO,ES,Towers with Radar,728,38,49,0,815,0,0,9,0,9,728,38,58,0,824,0,0,0,824
02/07/2012,MCO,FL,ASO,ES,Towers with Radar,705,42,60,2,809,0,0,0,0,0,705,42,60,2,809,0,0,0,809
02/08/2012,MCO,FL,ASO,ES,Towers with Radar,713,47,70,0,830,0,1,15,0,16,713,48,85,0,846,0,0,0,846
02/09/2012,MCO,FL,ASO,ES,Towers with Radar,759,43,60,1,863,0,1,14,0,15,759,44,74,1,878,0,0,0,878
02/10/2012,MCO,FL,ASO,ES,Towers with Radar,754,55,69,2,880,0,1,5,0,6,754,56,74,2,886,0,0,0,886
02/11/2012,MCO,FL,ASO,ES,Towers with Radar,785,29,21,1,836,0,0,5,0,5,785,29,26,1,841,0,0,0,841
02/12/2012,MCO,FL,ASO,ES,Towers with Radar,757,48,46,2,853,0,0,11,0,11,757,48,57,2,864,0,0,0,864
02/13/2012,MCO,FL,ASO,ES,Towers with Radar,760,39,38,0,837,0,0,4,0,4,760,39,42,0,841,0,0,0,841
02/14/2012,MCO,FL,ASO,ES,Towers with Radar,754,41,35,1,831,0,1,9,0,10,754,42,44,1,841,0,0,0,841
02/15/2012,MCO,FL,ASO,ES,Towers with Radar,766,42,37,2,847,0,3,16,0,19,766,45,53,2,866,0,0,0,866
02/16/2012,MCO,FL,ASO,ES,Towers with Radar,828,53,46,1,928,0,1,7,0,8,828,54,53,1,936,0,0,0,936
02/17/2012,MCO,FL,ASO,ES,Towers with Radar,834,45,70,1,950,0,1,4,0,5,834,46,74,1,955,0,0,0,955
02/18/2012,MCO,FL,ASO,ES,Towers with Radar,859,33,38,0,930,0,0,13,1,14,859,33,51,1,944,0,0,0,944
02/19/2012,MCO,FL,ASO,ES,Towers with Radar,818,48,52,2,920,0,0,2,0,2,818,48,54,2,922,0,0,0,922
02/20/2012,MCO,FL,ASO,ES,Towers with Radar,811,47,60,3,921,0,0,9,0,9,811,47,69,3,930,0,0,0,930
02/21/2012,MCO,FL,ASO,ES,Towers with Radar,812,47,48,0,907,0,1,8,1,10,812,48,56,1,917,0,0,0,917
02/22/2012,MCO,FL,ASO,ES,Towers with Radar,816,46,50,13,925,0,1,5,0,6,816,47,55,13,931,0,0,0,931
02/23/2012,MCO,FL,ASO,ES,Towers with Radar,821,49,61,7,938,0,2,15,0,17,821,51,76,7,955,0,0,0,955
02/24/2012,MCO,FL,ASO,ES,Towers with Radar,831,52,64,16,963,0,1,15,1,17,831,53,79,17,980,0,0,0,980
02/25/2012,MCO,FL,ASO,ES,Towers with Radar,864,30,37,8,939,0,0,23,0,23,864,30,60,8,962,0,0,0,962
02/26/2012,MCO,FL,ASO,ES,Towers with Radar,813,61,58,4,936,1,1,20,0,22,814,62,78,4,958,0,0,0,958
02/27/2012,MCO,FL,ASO,ES,Towers with Radar,805,40,58,0,903,0,0,3,0,3,805,40,61,0,906,0,0,0,906
02/28/2012,MCO,FL,ASO,ES,Towers with Radar,811,45,48,0,904,0,1,3,0,4,811,46,51,0,908,0,0,0,908
02/29/2012,MCO,FL,ASO,ES,Towers with Radar,791,47,39,4,881,0,0,8,0,8,791,47,47,4,889,0,0,0,889
03/01/2012,MCO,FL,ASO,ES,Towers with Radar,839,53,54,0,946,0,1,2,0,3,839,54,56,0,949,0,0,0,949
03/02/2012,MCO,FL,ASO,ES,Towers with Radar,839,39,69,4,951,0,1,7,0,8,839,40,76,4,959,0,0,0,959
03/03/2012,MCO,FL,ASO,ES,Towers with Radar,873,18,33,0,924,0,1,5,1,7,873,19,38,1,931,0,0,0,931
03/04/2012,MCO,FL,ASO,ES,Towers with Radar,819,39,53,2,913,0,0,6,0,6,819,39,59,2,919,0,0,0,919
03/05/2012,MCO,FL,ASO,ES,Towers with Radar,819,52,62,5,938,0,0,23,0,23,819,52,85,5,961,0,0,0,961
03/06/2012,MCO,FL,ASO,ES,Towers with Radar,827,63,66,2,958,0,2,6,0,8,827,65,72,2,966,0,0,0,966
03/07/2012,MCO,FL,ASO,ES,Towers with Radar,816,47,61,0,924,0,0,2,0,2,816,47,63,0,926,0,0,0,926
03/08/2012,MCO,FL,ASO,ES,Towers with Radar,842,38,87,1,968,0,0,14,0,14,842,38,101,1,982,0,0,0,982
03/09/2012,MCO,FL,ASO,ES,Towers with Radar,856,46,56,2,960,0,1,8,0,9,856,47,64,2,969,0,0,0,969
03/10/2012,MCO,FL,ASO,ES,Towers with Radar,921,30,44,0,995,0,1,2,0,3,921,31,46,0,998,0,0,0,998
03/11/2012,MCO,FL,ASO,ES,Towers with Radar,821,50,39,1,911,0,0,2,0,2,821,50,41,1,913,0,0,0,913
03/12/2012,MCO,FL,ASO,ES,Towers with Radar,840,38,45,2,925,0,0,11,0,11,840,38,56,2,936,0,0,0,936
03/13/2012,MCO,FL,ASO,ES,Towers with Radar,838,39,40,2,919,0,2,16,1,19,838,41,56,3,938,0,0,0,938
03/14/2012,MCO,FL,ASO,ES,Towers with Radar,827,44,56,3,930,0,1,17,0,18,827,45,73,3,948,0,0,0,948
03/15/2012,MCO,FL,ASO,ES,Towers with Radar,874,35,50,3,962,0,1,14,0,15,874,36,64,3,977,0,0,0,977
03/16/2012,MCO,FL,ASO,ES,Towers with Radar,865,42,48,0,955,0,1,18,1,20,865,43,66,1,975,0,0,0,975
03/17/2012,MCO,FL,ASO,ES,Towers with Radar,937,36,25,0,998,0,1,9,5,15,937,37,34,5,1013,0,0,0,1013
03/18/2012,MCO,FL,ASO,ES,Towers with Radar,839,37,46,0,922,0,0,9,1,10,839,37,55,1,932,0,0,0,932
03/19/2012,MCO,FL,ASO,ES,Towers with Radar,832,51,53,0,936,0,0,30,0,30,832,51,83,0,966,0,0,0,966
03/20/2012,MCO,FL,ASO,ES,Towers with Radar,843,55,50,0,948,0,1,23,0,24,843,56,73,0,972,0,0,0,972
03/21/2012,MCO,FL,ASO,ES,Towers with Radar,837,49,48,0,934,0,1,6,0,7,837,50,54,0,941,0,0,0,941
03/22/2012,MCO,FL,ASO,ES,Towers with Radar,868,42,37,0,947,0,4,8,0,12,868,46,45,0,959,0,0,0,959
03/23/2012,MCO,FL,ASO,ES,Towers with Radar,860,51,48,2,961,0,1,8,0,9,860,52,56,2,970,0,0,0,970
03/24/2012,MCO,FL,ASO,ES,Towers with Radar,945,33,33,3,1014,0,2,0,0,2,945,35,33,3,1016,0,0,0,1016
03/25/2012,MCO,FL,ASO,ES,Towers with Radar,836,53,40,1,930,0,0,11,0,11,836,53,51,1,941,0,0,0,941
03/26/2012,MCO,FL,ASO,ES,Towers with Radar,834,41,46,0,921,0,1,3,0,4,834,42,49,0,925,0,0,0,925
03/27/2012,MCO,FL,ASO,ES,Towers with Radar,844,37,28,4,913,0,4,9,0,13,844,41,37,4,926,0,0,0,926
03/28/2012,MCO,FL,ASO,ES,Towers with Radar,825,41,57,6,929,0,3,9,0,12,825,44,66,6,941,0,0,0,941
03/29/2012,MCO,FL,ASO,ES,Towers with Radar,868,32,44,0,944,0,2,18,0,20,868,34,62,0,964,0,0,0,964
03/30/2012,MCO,FL,ASO,ES,Towers with Radar,853,48,56,4,961,0,1,17,0,18,853,49,73,4,979,0,0,0,979
03/31/2012,MCO,FL,ASO,ES,Towers with Radar,954,40,45,0,1039,0,1,7,0,8,954,41,52,0,1047,0,0,0,1047
04/01/2012,MCO,FL,ASO,ES,Towers with Radar,852,36,51,8,947,0,0,11,0,11,852,36,62,8,958,0,0,0,958
04/02/2012,MCO,FL,ASO,ES,Towers with Radar,847,42,52,0,941,0,0,5,2,7,847,42,57,2,948,0,0,0,948
04/03/2012,MCO,FL,ASO,ES,Towers with Radar,828,47,72,0,947,0,2,11,0,13,828,49,83,0,960,0,0,0,960
04/04/2012,MCO,FL,ASO,ES,Towers with Radar,831,42,75,0,948,0,4,9,0,13,831,46,84,0,961,0,0,0,961
04/05/2012,MCO,FL,ASO,ES,Towers with Radar,857,49,62,0,968,0,4,9,0,13,857,53,71,0,981,0,0,0,981
04/06/2012,MCO,FL,ASO,ES,Towers with Radar,860,34,29,11,934,0,1,3,0,4,860,35,32,11,938,0,0,0,938
04/07/2012,MCO,FL,ASO,ES,Towers with Radar,939,27,30,0,996,0,0,11,0,11,939,27,41,0,1007,0,0,0,1007
04/08/2012,MCO,FL,ASO,ES,Towers with Radar,851,39,30,1,921,0,0,9,0,9,851,39,39,1,930,0,0,0,930
04/09/2012,MCO,FL,ASO,ES,Towers with Radar,845,43,41,2,931,0,0,8,0,8,845,43,49,2,939,0,0,0,939
04/10/2012,MCO,FL,ASO,ES,Towers with Radar,813,33,37,0,883,0,3,8,0,11,813,36,45,0,894,0,0,0,894
04/11/2012,MCO,FL,ASO,ES,Towers with Radar,826,29,49,1,905,0,3,14,0,17,826,32,63,1,922,0,0,0,922
04/12/2012,MCO,FL,ASO,ES,Towers with Radar,824,38,45,2,909,0,0,7,0,7,824,38,52,2,916,0,0,0,916
04/13/2012,MCO,FL,ASO,ES,Towers with Radar,833,39,50,1,923,0,1,18,0,19,833,40,68,1,942,0,0,0,942
04/14/2012,MCO,FL,ASO,ES,Towers with Radar,874,26,43,0,943,0,3,10,0,13,874,29,53,0,956,0,0,0,956
04/15/2012,MCO,FL,ASO,ES,Towers with Radar,790,32,52,1,875,0,1,8,0,9,790,33,60,1,884,0,0,0,884
04/16/2012,MCO,FL,ASO,ES,Towers with Radar,802,35,29,1,867,0,0,8,0,8,802,35,37,1,875,0,0,0,875
04/17/2012,MCO,FL,ASO,ES,Towers with Radar,807,42,42,0,891,0,5,9,2,16,807,47,51,2,907,0,0,0,907
04/18/2012,MCO,FL,ASO,ES,Towers with Radar,788,34,39,1,862,0,1,4,1,6,788,35,43,2,868,0,0,0,868
04/19/2012,MCO,FL,ASO,ES,Towers with Radar,819,32,39,1,891,0,3,9,0,12,819,35,48,1,903,0,0,0,903
04/20/2012,MCO,FL,ASO,ES,Towers with Radar,809,39,27,0,875,0,3,11,0,14,809,42,38,0,889,0,0,0,889
04/21/2012,MCO,FL,ASO,ES,Towers with Radar,861,30,29,0,920,0,1,5,0,6,861,31,34,0,926,0,0,0,926
04/22/2012,MCO,FL,ASO,ES,Towers with Radar,804,29,30,0,863,0,0,6,0,6,804,29,36,0,869,0,0,0,869
04/23/2012,MCO,FL,ASO,ES,Towers with Radar,795,44,48,0,887,0,0,12,0,12,795,44,60,0,899,0,0,0,899
04/24/2012,MCO,FL,ASO,ES,Towers with Radar,806,43,40,0,889,0,0,17,0,17,806,43,57,0,906,0,0,0,906
04/25/2012,MCO,FL,ASO,ES,Towers with Radar,789,43,36,0,868,0,0,28,0,28,789,43,64,0,896,0,0,0,896
04/26/2012,MCO,FL,ASO,ES,Towers with Radar,809,45,50,3,907,0,1,12,0,13,809,46,62,3,920,0,0,0,920
04/27/2012,MCO,FL,ASO,ES,Towers with Radar,803,37,34,1,875,0,3,10,0,13,803,40,44,1,888,0,0,0,888
04/28/2012,MCO,FL,ASO,ES,Towers with Radar,855,28,32,1,916,0,1,7,1,9,855,29,39,2,925,0,0,0,925
04/29/2012,MCO,FL,ASO,ES,Towers with Radar,782,32,45,0,859,0,0,8,1,9,782,32,53,1,868,0,0,0,868
04/30/2012,MCO,FL,ASO,ES,Towers with Radar,782,34,32,0,848,0,0,7,0,7,782,34,39,0,855,0,0,0,855
05/01/2012,MCO,FL,ASO,ES,Towers with Radar,778,42,46,1,867,0,3,7,0,10,778,45,53,1,877,0,0,0,877
05/02/2012,MCO,FL,ASO,ES,Towers with Radar,765,33,35,2,835,0,1,10,0,11,765,34,45,2,846,0,0,0,846
05/03/2012,MCO,FL,ASO,ES,Towers with Radar,789,35,34,1,859,0,1,10,0,11,789,36,44,1,870,0,0,0,870
05/04/2012,MCO,FL,ASO,ES,Towers with Radar,789,34,31,2,856,0,5,12,0,17,789,39,43,2,873,0,0,0,873
05/05/2012,MCO,FL,ASO,ES,Towers with Radar,795,25,23,1,844,1,1,9,0,11,796,26,32,1,855,0,0,0,855
05/06/2012,MCO,FL,ASO,ES,Towers with Radar,761,31,20,3,815,0,0,3,0,3,761,31,23,3,818,0,0,0,818
05/07/2012,MCO,FL,ASO,ES,Towers with Radar,766,27,41,0,834,0,0,7,0,7,766,27,48,0,841,0,0,0,841
05/08/2012,MCO,FL,ASO,ES,Towers with Radar,765,39,46,0,850,1,3,5,0,9,766,42,51,0,859,0,0,0,859
05/09/2012,MCO,FL,ASO,ES,Towers with Radar,759,37,47,0,843,1,1,0,0,2,760,38,47,0,845,0,0,0,845
05/10/2012,MCO,FL,ASO,ES,Towers with Radar,787,35,38,2,862,0,3,13,0,16,787,38,51,2,878,0,0,0,878
05/11/2012,MCO,FL,ASO,ES,Towers with Radar,789,32,39,1,861,0,2,8,0,10,789,34,47,1,871,0,0,0,871
05/12/2012,MCO,FL,ASO,ES,Towers with Radar,789,27,23,1,840,0,0,18,0,18,789,27,41,1,858,0,0,0,858
05/13/2012,MCO,FL,ASO,ES,Towers with Radar,754,31,28,0,813,0,0,15,0,15,754,31,43,0,828,0,0,0,828
05/14/2012,MCO,FL,ASO,ES,Towers with Radar,768,33,57,0,858,0,1,13,0,14,768,34,70,0,872,0,0,0,872
05/15/2012,MCO,FL,ASO,ES,Towers with Radar,766,39,60,0,865,0,2,5,0,7,766,41,65,0,872,0,0,0,872
05/16/2012,MCO,FL,ASO,ES,Towers with Radar,776,35,38,0,849,0,1,9,0,10,776,36,47,0,859,0,0,0,859
05/17/2012,MCO,FL,ASO,ES,Towers with Radar,785,43,51,0,879,0,1,7,0,8,785,44,58,0,887,0,0,0,887
05/18/2012,MCO,FL,ASO,ES,Towers with Radar,785,32,39,0,856,0,1,16,0,17,785,33,55,0,873,0,0,0,873
05/19/2012,MCO,FL,ASO,ES,Towers with Radar,809,25,18,0,852,0,1,13,0,14,809,26,31,0,866,0,0,0,866
05/20/2012,MCO,FL,ASO,ES,Towers with Radar,759,31,33,0,823,0,0,13,0,13,759,31,46,0,836,0,0,0,836
05/21/2012,MCO,FL,ASO,ES,Towers with Radar,754,32,44,0,830,0,0,15,0,15,754,32,59,0,845,0,0,0,845
05/22/2012,MCO,FL,ASO,ES,Towers with Radar,765,47,38,1,851,0,1,6,0,7,765,48,44,1,858,0,0,0,858
05/23/2012,MCO,FL,ASO,ES,Towers with Radar,780,32,35,1,848,0,1,15,2,18,780,33,50,3,866,0,0,0,866
05/24/2012,MCO,FL,ASO,ES,Towers with Radar,790,33,42,2,867,0,1,7,0,8,790,34,49,2,875,0,0,0,875
05/25/2012,MCO,FL,ASO,ES,Towers with Radar,799,33,29,3,864,0,2,7,0,9,799,35,36,3,873,0,0,0,873
05/26/2012,MCO,FL,ASO,ES,Towers with Radar,764,20,26,0,810,0,0,13,0,13,764,20,39,0,823,0,0,0,823
05/27/2012,MCO,FL,ASO,ES,Towers with Radar,720,18,22,0,760,0,0,5,0,5,720,18,27,0,765,0,0,0,765
05/28/2012,MCO,FL,ASO,ES,Towers with Radar,737,28,19,0,784,0,0,3,0,3,737,28,22,0,787,0,0,0,787
05/29/2012,MCO,FL,ASO,ES,Towers with Radar,766,30,26,0,822,0,2,10,0,12,766,32,36,0,834,0,0,0,834
05/30/2012,MCO,FL,ASO,ES,Towers with Radar,773,37,34,0,844,0,2,9,0,11,773,39,43,0,855,0,0,0,855
05/31/2012,MCO,FL,ASO,ES,Towers with Radar,781,32,40,0,853,0,1,11,0,12,781,33,51,0,865,0,0,0,865
06/01/2012,MCO,FL,ASO,ES,Towers with Radar,783,30,34,0,847,0,1,7,0,8,783,31,41,0,855,0,0,0,855
06/02/2012,MCO,FL,ASO,ES,Towers with Radar,806,21,38,0,865,0,1,7,0,8,806,22,45,0,873,0,0,0,873
06/03/2012,MCO,FL,ASO,ES,Towers with Radar,763,21,32,0,816,0,0,10,0,10,763,21,42,0,826,0,0,0,826
06/04/2012,MCO,FL,ASO,ES,Towers with Radar,762,25,34,0,821,0,1,9,0,10,762,26,43,0,831,0,0,0,831
06/05/2012,MCO,FL,ASO,ES,Towers with Radar,773,26,39,0,838,0,0,10,0,10,773,26,49,0,848,0,0,0,848
06/06/2012,MCO,FL,ASO,ES,Towers with Radar,766,30,41,0,837,0,4,4,0,8,766,34,45,0,845,0,0,0,845
06/07/2012,MCO,FL,ASO,ES,Towers with Radar,779,29,32,0,840,0,1,2,0,3,779,30,34,0,843,0,0,0,843
06/08/2012,MCO,FL,ASO,ES,Towers with Radar,783,28,29,0,840,0,1,1,0,2,783,29,30,0,842,0,0,0,842
06/09/2012,MCO,FL,ASO,ES,Towers with Radar,821,21,22,0,864,0,0,5,0,5,821,21,27,0,869,0,0,0,869
06/10/2012,MCO,FL,ASO,ES,Towers with Radar,752,24,41,0,817,0,0,4,0,4,752,24,45,0,821,0,0,0,821
06/11/2012,MCO,FL,ASO,ES,Towers with Radar,773,29,30,2,834,0,0,3,0,3,773,29,33,2,837,0,0,0,837
06/12/2012,MCO,FL,ASO,ES,Towers with Radar,770,31,40,0,841,2,2,10,0,14,772,33,50,0,855,0,0,0,855
06/13/2012,MCO,FL,ASO,ES,Towers with Radar,774,31,46,1,852,0,3,8,0,11,774,34,54,1,863,0,0,0,863
06/14/2012,MCO,FL,ASO,ES,Towers with Radar,775,37,38,2,852,0,0,8,0,8,775,37,46,2,860,0,0,0,860
06/15/2012,MCO,FL,ASO,ES,Towers with Radar,791,38,29,1,859,0,1,5,0,6,791,39,34,1,865,0,0,0,865
06/16/2012,MCO,FL,ASO,ES,Towers with Radar,816,26,19,2,863,0,1,3,0,4,816,27,22,2,867,0,0,0,867
06/17/2012,MCO,FL,ASO,ES,Towers with Radar,777,26,30,0,833,0,4,9,0,13,777,30,39,0,846,0,0,0,846
06/18/2012,MCO,FL,ASO,ES,Towers with Radar,772,34,31,1,838,0,1,10,0,11,772,35,41,1,849,0,0,0,849
06/19/2012,MCO,FL,ASO,ES,Towers with Radar,779,34,30,4,847,0,2,11,1,14,779,36,41,5,861,0,0,0,861
06/20/2012,MCO,FL,ASO,ES,Towers with Radar,782,37,35,3,857,0,1,9,0,10,782,38,44,3,867,0,0,0,867
06/21/2012,MCO,FL,ASO,ES,Towers with Radar,798,29,33,2,862,0,0,6,0,6,798,29,39,2,868,0,0,0,868
06/22/2012,MCO,FL,ASO,ES,Towers with Radar,747,29,29,1,806,0,2,7,0,9,747,31,36,1,815,0,0,0,815
06/23/2012,MCO,FL,ASO,ES,Towers with Radar,862,14,25,1,902,0,0,1,1,2,862,14,26,2,904,0,0,0,904
06/24/2012,MCO,FL,ASO,ES,Towers with Radar,777,23,21,0,821,0,0,0,0,0,777,23,21,0,821,0,0,0,821
06/25/2012,MCO,FL,ASO,ES,Towers with Radar,763,31,13,0,807,0,0,2,0,2,763,31,15,0,809,0,0,0,809
06/26/2012,MCO,FL,ASO,ES,Towers with Radar,800,22,19,2,843,0,0,1,0,1,800,22,20,2,844,0,0,0,844
06/27/2012,MCO,FL,ASO,ES,Towers with Radar,792,36,39,2,869,0,1,3,0,4,792,37,42,2,873,0,0,0,873
06/28/2012,MCO,FL,ASO,ES,Towers with Radar,798,31,26,0,855,0,1,13,0,14,798,32,39,0,869,0,0,0,869
06/29/2012,MCO,FL,ASO,ES,Towers with Radar,797,28,21,0,846,0,1,5,0,6,797,29,26,0,852,0,0,0,852
06/30/2012,MCO,FL,ASO,ES,Towers with Radar,851,18,31,0,900,0,1,6,0,7,851,19,37,0,907,0,0,0,907
07/01/2012,MCO,FL,ASO,ES,Towers with Radar,776,24,28,0,828,0,0,6,0,6,776,24,34,0,834,0,0,0,834
07/02/2012,MCO,FL,ASO,ES,Towers with Radar,779,25,16,4,824,0,3,5,0,8,779,28,21,4,832,0,0,0,832
07/03/2012,MCO,FL,ASO,ES,Towers with Radar,788,24,15,0,827,0,2,4,0,6,788,26,19,0,833,0,0,0,833
07/04/2012,MCO,FL,ASO,ES,Towers with Radar,721,21,12,0,754,0,1,5,0,6,721,22,17,0,760,0,0,0,760
07/05/2012,MCO,FL,ASO,ES,Towers with Radar,773,36,20,0,829,0,3,9,0,12,773,39,29,0,841,0,0,0,841
07/06/2012,MCO,FL,ASO,ES,Towers with Radar,784,22,31,1,838,0,1,7,0,8,784,23,38,1,846,0,0,0,846
07/07/2012,MCO,FL,ASO,ES,Towers with Radar,859,23,16,0,898,0,1,9,0,10,859,24,25,0,908,0,0,0,908
07/08/2012,MCO,FL,ASO,ES,Towers with Radar,791,24,22,1,838,0,0,9,0,9,791,24,31,1,847,0,0,0,847
07/09/2012,MCO,FL,ASO,ES,Towers with Radar,786,31,26,2,845,0,1,5,0,6,786,32,31,2,851,0,0,0,851
07/10/2012,MCO,FL,ASO,ES,Towers with Radar,796,37,33,3,869,0,1,7,0,8,796,38,40,3,877,0,0,0,877
07/11/2012,MCO,FL,ASO,ES,Towers with Radar,811,32,37,2,882,0,2,9,1,12,811,34,46,3,894,0,0,0,894
07/12/2012,MCO,FL,ASO,ES,Towers with Radar,807,37,32,0,876,1,1,9,0,11,808,38,41,0,887,0,0,0,887
07/13/2012,MCO,FL,ASO,ES,Towers with Radar,795,27,41,1,864,0,2,4,5,11,795,29,45,6,875,0,0,0,875
07/14/2012,MCO,FL,ASO,ES,Towers with Radar,871,17,17,0,905,0,1,11,8,20,871,18,28,8,925,0,0,0,925
07/15/2012,MCO,FL,ASO,ES,Towers with Radar,777,27,24,3,831,0,2,11,4,17,777,29,35,7,848,0,0,0,848
07/16/2012,MCO,FL,ASO,ES,Towers with Radar,816,26,28,2,872,0,2,11,0,13,816,28,39,2,885,0,0,0,885
07/17/2012,MCO,FL,ASO,ES,Towers with Radar,812,27,39,2,880,0,0,11,1,12,812,27,50,3,892,0,0,0,892
07/18/2012,MCO,FL,ASO,ES,Towers with Radar,751,33,22,4,810,0,3,7,0,10,751,36,29,4,820,0,0,0,820
07/19/2012,MCO,FL,ASO,ES,Towers with Radar,827,31,23,2,883,2,0,7,0,9,829,31,30,2,892,0,0,0,892
07/20/2012,MCO,FL,ASO,ES,Towers with Radar,830,26,32,1,889,0,3,6,0,9,830,29,38,1,898,0,0,0,898
07/21/2012,MCO,FL,ASO,ES,Towers with Radar,902,26,23,4,955,0,1,0,1,2,902,27,23,5,957,0,0,0,957
07/22/2012,MCO,FL,ASO,ES,Towers with Radar,837,20,25,0,882,0,0,2,0,2,837,20,27,0,884,0,0,0,884
07/23/2012,MCO,FL,ASO,ES,Towers with Radar,783,27,26,0,836,0,0,1,0,1,783,27,27,0,837,0,0,0,837
07/24/2012,MCO,FL,ASO,ES,Towers with Radar,818,31,24,0,873,0,1,11,0,12,818,32,35,0,885,0,0,0,885
07/25/2012,MCO,FL,ASO,ES,Towers with Radar,794,33,33,1,861,0,1,9,0,10,794,34,42,1,871,0,0,0,871
07/26/2012,MCO,FL,ASO,ES,Towers with Radar,767,33,35,2,837,0,0,16,1,17,767,33,51,3,854,0,0,0,854
07/27/2012,MCO,FL,ASO,ES,Towers with Radar,817,31,30,1,879,0,0,8,0,8,817,31,38,1,887,0,0,0,887
07/28/2012,MCO,FL,ASO,ES,Towers with Radar,854,16,21,0,891,0,1,2,0,3,854,17,23,0,894,0,0,0,894
07/29/2012,MCO,FL,ASO,ES,Towers with Radar,839,21,30,0,890,1,2,12,0,15,840,23,42,0,905,0,0,0,905
07/30/2012,MCO,FL,ASO,ES,Towers with Radar,784,26,24,4,838,0,3,10,1,14,784,29,34,5,852,0,0,0,852
07/31/2012,MCO,FL,ASO,ES,Towers with Radar,827,33,27,0,887,0,3,17,0,20,827,36,44,0,907,0,0,0,907
08/01/2012,MCO,FL,ASO,ES,Towers with Radar,817,36,50,1,904,0,1,15,2,18,817,37,65,3,922,0,0,0,922
08/02/2012,MCO,FL,ASO,ES,Towers with Radar,830,34,26,3,893,0,2,10,0,12,830,36,36,3,905,0,0,0,905
08/03/2012,MCO,FL,ASO,ES,Towers with Radar,818,23,44,2,887,0,2,9,1,12,818,25,53,3,899,0,0,0,899
08/04/2012,MCO,FL,ASO,ES,Towers with Radar,866,16,25,0,907,0,1,11,0,12,866,17,36,0,919,0,0,0,919
08/05/2012,MCO,FL,ASO,ES,Towers with Radar,820,25,35,0,880,1,0,6,0,7,821,25,41,0,887,0,0,0,887
08/06/2012,MCO,FL,ASO,ES,Towers with Radar,814,28,32,2,876,0,0,10,0,10,814,28,42,2,886,0,0,0,886
08/07/2012,MCO,FL,ASO,ES,Towers with Radar,840,34,12,2,888,0,2,4,0,6,840,36,16,2,894,0,0,0,894
08/08/2012,MCO,FL,ASO,ES,Towers with Radar,817,33,39,1,890,0,1,11,0,12,817,34,50,1,902,0,0,0,902
08/09/2012,MCO,FL,ASO,ES,Towers with Radar,798,29,25,0,852,0,2,8,0,10,798,31,33,0,862,0,0,0,862
08/10/2012,MCO,FL,ASO,ES,Towers with Radar,836,27,28,1,892,1,2,8,0,11,837,29,36,1,903,0,0,0,903
08/11/2012,MCO,FL,ASO,ES,Towers with Radar,887,23,22,0,932,0,3,9,0,12,887,26,31,0,944,0,0,0,944
08/12/2012,MCO,FL,ASO,ES,Towers with Radar,739,28,25,0,792,0,0,12,0,12,739,28,37,0,804,0,0,0,804
08/13/2012,MCO,FL,ASO,ES,Towers with Radar,715,32,39,1,787,0,0,10,0,10,715,32,49,1,797,0,0,0,797
08/14/2012,MCO,FL,ASO,ES,Towers with Radar,741,28,30,1,800,0,0,9,0,9,741,28,39,1,809,0,0,0,809
08/15/2012,MCO,FL,ASO,ES,Towers with Radar,722,33,39,0,794,0,3,14,0,17,722,36,53,0,811,0,0,0,811
08/16/2012,MCO,FL,ASO,ES,Towers with Radar,737,34,33,8,812,0,1,8,0,9,737,35,41,8,821,0,0,0,821
08/17/2012,MCO,FL,ASO,ES,Towers with Radar,762,22,41,2,827,0,1,10,0,11,762,23,51,2,838,0,0,0,838
08/18/2012,MCO,FL,ASO,ES,Towers with Radar,753,17,23,0,793,0,1,11,1,13,753,18,34,1,806,0,0,0,806
08/19/2012,MCO,FL,ASO,ES,Towers with Radar,720,14,16,0,750,0,1,4,0,5,720,15,20,0,755,0,0,0,755
08/20/2012,MCO,FL,ASO,ES,Towers with Radar,732,20,31,0,783,1,0,2,0,3,733,20,33,0,786,0,0,0,786
08/21/2012,MCO,FL,ASO,ES,Towers with Radar,732,19,31,0,782,0,1,9,0,10,732,20,40,0,792,0,0,0,792
08/22/2012,MCO,FL,ASO,ES,Towers with Radar,707,19,29,3,758,0,1,6,1,8,707,20,35,4,766,0,0,0,766
08/23/2012,MCO,FL,ASO,ES,Towers with Radar,726,22,25,0,773,0,1,15,1,17,726,23,40,1,790,0,0,0,790
08/24/2012,MCO,FL,ASO,ES,Towers with Radar,701,27,32,0,760,0,0,12,1,13,701,27,44,1,773,0,0,0,773
08/25/2012,MCO,FL,ASO,ES,Towers with Radar,705,20,21,0,746,0,0,5,0,5,705,20,26,0,751,0,0,0,751
08/26/2012,MCO,FL,ASO,ES,Towers with Radar,666,18,23,0,707,0,0,2,0,2,666,18,25,0,709,0,0,0,709
08/27/2012,MCO,FL,ASO,ES,Towers with Radar,722,21,11,2,756,0,0,0,0,0,722,21,11,2,756,0,0,0,756
08/28/2012,MCO,FL,ASO,ES,Towers with Radar,706,25,19,0,750,1,0,5,0,6,707,25,24,0,756,0,0,0,756
08/29/2012,MCO,FL,ASO,ES,Towers with Radar,717,32,33,0,782,1,1,6,0,8,718,33,39,0,790,0,0,0,790
08/30/2012,MCO,FL,ASO,ES,Towers with Radar,708,31,29,0,768,0,1,4,0,5,708,32,33,0,773,0,0,0,773
08/31/2012,MCO,FL,ASO,ES,Towers with Radar,710,29,28,0,767,0,1,6,1,8,710,30,34,1,775,0,0,0,775
09/01/2012,MCO,FL,ASO,ES,Towers with Radar,677,8,6,0,691,0,3,4,0,7,677,11,10,0,698,0,0,0,698
09/02/2012,MCO,FL,ASO,ES,Towers with Radar,647,18,11,0,676,0,0,0,0,0,647,18,11,0,676,0,0,0,676
09/03/2012,MCO,FL,ASO,ES,Towers with Radar,657,12,30,0,699,0,0,10,0,10,657,12,40,0,709,0,0,0,709
09/04/2012,MCO,FL,ASO,ES,Towers with Radar,668,21,20,4,713,0,0,10,2,12,668,21,30,6,725,0,0,0,725
09/05/2012,MCO,FL,ASO,ES,Towers with Radar,685,20,26,1,732,0,1,9,0,10,685,21,35,1,742,0,0,0,742
09/06/2012,MCO,FL,ASO,ES,Towers with Radar,694,26,34,1,755,1,0,5,0,6,695,26,39,1,761,0,0,0,761
09/07/2012,MCO,FL,ASO,ES,Towers with Radar,695,17,39,5,756,0,0,3,2,5,695,17,42,7,761,0,0,0,761
09/08/2012,MCO,FL,ASO,ES,Towers with Radar,690,19,13,1,723,0,0,6,3,9,690,19,19,4,732,0,0,0,732
09/09/2012,MCO,FL,ASO,ES,Towers with Radar,684,16,14,5,719,0,0,5,3,8,684,16,19,8,727,0,0,0,727
09/10/2012,MCO,FL,ASO,ES,Towers with Radar,648,17,30,8,703,0,0,7,0,7,648,17,37,8,710,0,0,0,710
09/11/2012,MCO,FL,ASO,ES,Towers with Radar,632,34,32,0,698,0,1,10,0,11,632,35,42,0,709,0,0,0,709
09/12/2012,MCO,FL,ASO,ES,Towers with Radar,643,22,37,1,703,0,2,18,0,20,643,24,55,1,723,0,0,0,723
09/13/2012,MCO,FL,ASO,ES,Towers with Radar,660,28,24,2,714,0,0,11,0,11,660,28,35,2,725,0,0,0,725
09/14/2012,MCO,FL,ASO,ES,Towers with Radar,668,23,41,1,733,0,0,13,1,14,668,23,54,2,747,0,0,0,747
09/15/2012,MCO,FL,ASO,ES,Towers with Radar,657,7,14,6,684,0,1,3,0,4,657,8,17,6,688,0,0,0,688
09/16/2012,MCO,FL,ASO,ES,Towers with Radar,695,20,30,2,747,0,2,2,0,4,695,22,32,2,751,0,0,0,751
09/17/2012,MCO,FL,ASO,ES,Towers with Radar,662,17,31,1,711,0,0,3,0,3,662,17,34,1,714,0,0,0,714
09/18/2012,MCO,FL,ASO,ES,Towers with Radar,633,23,29,2,687,0,1,10,0,11,633,24,39,2,698,0,0,0,698
09/19/2012,MCO,FL,ASO,ES,Towers with Radar,685,18,33,2,738,0,1,8,0,9,685,19,41,2,747,0,0,0,747
09/20/2012,MCO,FL,ASO,ES,Towers with Radar,675,25,38,0,738,0,2,13,0,15,675,27,51,0,753,0,0,0,753
09/21/2012,MCO,FL,ASO,ES,Towers with Radar,688,24,45,6,763,0,1,9,1,11,688,25,54,7,774,0,0,0,774
09/22/2012,MCO,FL,ASO,ES,Towers with Radar,660,9,16,1,686,0,1,12,0,13,660,10,28,1,699,0,0,0,699
09/23/2012,MCO,FL,ASO,ES,Towers with Radar,665,23,40,7,735,0,0,6,0,6,665,23,46,7,741,0,0,0,741
09/24/2012,MCO,FL,ASO,ES,Towers with Radar,651,18,28,0,697,0,2,10,0,12,651,20,38,0,709,0,0,0,709
09/25/2012,MCO,FL,ASO,ES,Towers with Radar,634,19,27,1,681,0,3,5,0,8,634,22,32,1,689,0,0,0,689
09/26/2012,MCO,FL,ASO,ES,Towers with Radar,658,25,38,3,724,0,2,7,0,9,658,27,45,3,733,0,0,0,733
09/27/2012,MCO,FL,ASO,ES,Towers with Radar,659,28,18,4,709,0,0,15,0,15,659,28,33,4,724,0,0,0,724
09/28/2012,MCO,FL,ASO,ES,Towers with Radar,670,25,41,2,738,0,1,8,0,9,670,26,49,2,747,0,0,0,747
09/29/2012,MCO,FL,ASO,ES,Towers with Radar,681,14,18,0,713,0,1,3,0,4,681,15,21,0,717,0,0,0,717
09/30/2012,MCO,FL,ASO,ES,Towers with Radar,680,16,38,0,734,1,1,9,0,11,681,17,47,0,745,0,0,0,745
10/01/2012,MCO,FL,ASO,ES,Towers with Radar,682,18,32,0,732,0,0,2,1,3,682,18,34,1,735,0,0,0,735
10/02/2012,MCO,FL,ASO,ES,Towers with Radar,655,22,35,0,712,0,0,0,0,0,655,22,35,0,712,0,0,0,712
10/03/2012,MCO,FL,ASO,ES,Towers with Radar,691,25,42,2,760,0,3,7,0,10,691,28,49,2,770,0,0,0,770
10/04/2012,MCO,FL,ASO,ES,Towers with Radar,715,22,47,0,784,0,1,5,1,7,715,23,52,1,791,0,0,0,791
10/05/2012,MCO,FL,ASO,ES,Towers with Radar,699,31,40,4,774,0,1,11,0,12,699,32,51,4,786,0,0,0,786
10/06/2012,MCO,FL,ASO,ES,Towers with Radar,731,16,39,1,787,0,2,9,1,12,731,18,48,2,799,0,0,0,799
10/07/2012,MCO,FL,ASO,ES,Towers with Radar,689,22,36,1,748,0,0,13,2,15,689,22,49,3,763,0,0,0,763
10/08/2012,MCO,FL,ASO,ES,Towers with Radar,686,24,41,2,753,0,0,6,0,6,686,24,47,2,759,0,0,0,759
10/09/2012,MCO,FL,ASO,ES,Towers with Radar,663,28,34,3,728,0,0,8,0,8,663,28,42,3,736,0,0,0,736
10/10/2012,MCO,FL,ASO,ES,Towers with Radar,680,25,32,3,740,0,1,9,0,10,680,26,41,3,750,0,0,0,750
10/11/2012,MCO,FL,ASO,ES,Towers with Radar,698,31,45,0,774,0,1,7,0,8,698,32,52,0,782,0,0,0,782
10/12/2012,MCO,FL,ASO,ES,Towers with Radar,703,28,43,0,774,0,1,7,0,8,703,29,50,0,782,0,0,0,782
10/13/2012,MCO,FL,ASO,ES,Towers with Radar,726,20,23,0,769,0,2,13,0,15,726,22,36,0,784,0,0,0,784
10/14/2012,MCO,FL,ASO,ES,Towers with Radar,711,28,32,4,775,0,0,7,0,7,711,28,39,4,782,0,0,0,782
10/15/2012,MCO,FL,ASO,ES,Towers with Radar,690,34,34,0,758,0,1,9,0,10,690,35,43,0,768,0,0,0,768
10/16/2012,MCO,FL,ASO,ES,Towers with Radar,671,27,40,0,738,0,1,5,0,6,671,28,45,0,744,0,0,0,744
10/17/2012,MCO,FL,ASO,ES,Towers with Radar,681,28,35,0,744,0,1,8,0,9,681,29,43,0,753,0,0,0,753
10/18/2012,MCO,FL,ASO,ES,Towers with Radar,699,37,52,5,793,0,1,11,0,12,699,38,63,5,805,0,0,0,805
10/19/2012,MCO,FL,ASO,ES,Towers with Radar,712,31,47,1,791,0,2,9,0,11,712,33,56,1,802,0,0,0,802
10/20/2012,MCO,FL,ASO,ES,Towers with Radar,733,19,28,6,786,1,4,12,0,17,734,23,40,6,803,0,0,0,803
10/21/2012,MCO,FL,ASO,ES,Towers with Radar,705,15,39,0,759,0,0,7,0,7,705,15,46,0,766,0,0,0,766
10/22/2012,MCO,FL,ASO,ES,Towers with Radar,686,26,39,1,752,0,0,10,0,10,686,26,49,1,762,0,0,0,762
10/23/2012,MCO,FL,ASO,ES,Towers with Radar,675,25,37,0,737,0,2,9,0,11,675,27,46,0,748,0,0,0,748
10/24/2012,MCO,FL,ASO,ES,Towers with Radar,668,29,40,4,741,0,1,4,0,5,668,30,44,4,746,0,0,0,746
10/25/2012,MCO,FL,ASO,ES,Towers with Radar,694,31,50,0,775,0,1,5,1,7,694,32,55,1,782,0,0,0,782
10/26/2012,MCO,FL,ASO,ES,Towers with Radar,719,31,54,3,807,0,3,6,1,10,719,34,60,4,817,0,0,0,817
10/27/2012,MCO,FL,ASO,ES,Towers with Radar,729,18,30,1,778,0,0,5,0,5,729,18,35,1,783,0,0,0,783
10/28/2012,MCO,FL,ASO,ES,Towers with Radar,687,29,49,2,767,0,1,2,0,3,687,30,51,2,770,0,0,0,770
10/29/2012,MCO,FL,ASO,ES,Towers with Radar,487,27,55,5,574,0,0,5,0,5,487,27,60,5,579,0,0,0,579
10/30/2012,MCO,FL,ASO,ES,Towers with Radar,491,34,50,0,575,0,1,12,0,13,491,35,62,0,588,0,0,0,588
10/31/2012,MCO,FL,ASO,ES,Towers with Radar,596,42,80,2,720,0,1,14,0,15,596,43,94,2,735,0,0,0,735
11/01/2012,MCO,FL,ASO,ES,Towers with Radar,706,49,80,0,835,0,0,16,0,16,706,49,96,0,851,0,0,0,851
11/02/2012,MCO,FL,ASO,ES,Towers with Radar,713,33,40,0,786,0,1,8,0,9,713,34,48,0,795,0,0,0,795
11/03/2012,MCO,FL,ASO,ES,Towers with Radar,762,21,47,0,830,0,0,10,0,10,762,21,57,0,840,0,0,0,840
11/04/2012,MCO,FL,ASO,ES,Towers with Radar,724,43,39,0,806,0,0,9,0,9,724,43,48,0,815,0,0,0,815
11/05/2012,MCO,FL,ASO,ES,Towers with Radar,715,30,34,3,782,0,0,7,0,7,715,30,41,3,789,0,0,0,789
11/06/2012,MCO,FL,ASO,ES,Towers with Radar,683,31,23,0,737,0,2,0,0,2,683,33,23,0,739,0,0,0,739
11/07/2012,MCO,FL,ASO,ES,Towers with Radar,677,30,38,2,747,0,1,10,1,12,677,31,48,3,759,0,0,0,759
11/08/2012,MCO,FL,ASO,ES,Towers with Radar,740,24,54,1,819,0,1,11,0,12,740,25,65,1,831,0,0,0,831
11/09/2012,MCO,FL,ASO,ES,Towers with Radar,738,32,49,1,820,0,1,15,0,16,738,33,64,1,836,0,0,0,836
11/10/2012,MCO,FL,ASO,ES,Towers with Radar,780,13,16,1,810,0,3,5,0,8,780,16,21,1,818,0,0,0,818
11/11/2012,MCO,FL,ASO,ES,Towers with Radar,732,20,43,1,796,1,0,14,0,15,733,20,57,1,811,0,0,0,811
11/12/2012,MCO,FL,ASO,ES,Towers with Radar,719,26,47,0,792,0,0,9,0,9,719,26,56,0,801,0,0,0,801
11/13/2012,MCO,FL,ASO,ES,Towers with Radar,711,31,40,0,782,0,1,13,1,15,711,32,53,1,797,0,0,0,797
11/14/2012,MCO,FL,ASO,ES,Towers with Radar,717,30,53,0,800,0,1,3,0,4,717,31,56,0,804,0,0,0,804
11/15/2012,MCO,FL,ASO,ES,Towers with Radar,754,33,61,1,849,0,0,0,0,0,754,33,61,1,849,0,0,0,849
11/16/2012,MCO,FL,ASO,ES,Towers with Radar,748,33,47,1,829,0,0,5,0,5,748,33,52,1,834,0,0,0,834
11/17/2012,MCO,FL,ASO,ES,Towers with Radar,808,19,24,0,851,0,0,4,0,4,808,19,28,0,855,0,0,0,855
11/18/2012,MCO,FL,ASO,ES,Towers with Radar,758,28,23,0,809,0,0,0,0,0,758,28,23,0,809,0,0,0,809
11/19/2012,MCO,FL,ASO,ES,Towers with Radar,729,26,53,0,808,0,0,0,0,0,729,26,53,0,808,0,0,0,808
11/20/2012,MCO,FL,ASO,ES,Towers with Radar,780,32,39,0,851,0,0,8,0,8,780,32,47,0,859,0,0,0,859
11/21/2012,MCO,FL,ASO,ES,Towers with Radar,783,22,34,0,839,0,1,11,0,12,783,23,45,0,851,0,0,0,851
11/22/2012,MCO,FL,ASO,ES,Towers with Radar,587,12,16,0,615,0,2,2,0,4,587,14,18,0,619,0,0,0,619
11/23/2012,MCO,FL,ASO,ES,Towers with Radar,664,20,15,0,699,0,1,4,0,5,664,21,19,0,704,0,0,0,704
11/24/2012,MCO,FL,ASO,ES,Towers with Radar,804,11,16,0,831,0,0,2,1,3,804,11,18,1,834,0,0,0,834
11/25/2012,MCO,FL,ASO,ES,Towers with Radar,802,25,48,0,875,0,0,6,0,6,802,25,54,0,881,0,0,0,881
11/26/2012,MCO,FL,ASO,ES,Towers with Radar,786,22,36,1,845,0,0,2,0,2,786,22,38,1,847,0,0,0,847
11/27/2012,MCO,FL,ASO,ES,Towers with Radar,722,25,25,2,774,0,0,9,0,9,722,25,34,2,783,0,0,0,783
11/28/2012,MCO,FL,ASO,ES,Towers with Radar,710,25,39,0,774,0,1,6,0,7,710,26,45,0,781,0,0,0,781
11/29/2012,MCO,FL,ASO,ES,Towers with Radar,744,26,45,1,816,0,1,25,1,27,744,27,70,2,843,0,0,0,843
11/30/2012,MCO,FL,ASO,ES,Towers with Radar,734,19,49,3,805,0,2,16,0,18,734,21,65,3,823,0,0,0,823
12/01/2012,MCO,FL,ASO,ES,Towers with Radar,774,17,17,4,812,0,3,10,0,13,774,20,27,4,825,0,0,0,825
12/02/2012,MCO,FL,ASO,ES,Towers with Radar,727,25,27,3,782,0,0,10,0,10,727,25,37,3,792,0,0,0,792
12/03/2012,MCO,FL,ASO,ES,Towers with Radar,718,27,43,8,796,0,0,2,0,2,718,27,45,8,798,0,0,0,798
12/04/2012,MCO,FL,ASO,ES,Towers with Radar,717,30,37,8,792,0,2,6,0,8,717,32,43,8,800,0,0,0,800
12/05/2012,MCO,FL,ASO,ES,Towers with Radar,707,37,35,3,782,0,1,3,0,4,707,38,38,3,786,0,0,0,786
12/06/2012,MCO,FL,ASO,ES,Towers with Radar,747,32,42,0,821,0,1,4,0,5,747,33,46,0,826,0,0,0,826
12/07/2012,MCO,FL,ASO,ES,Towers with Radar,739,28,52,5,824,1,0,2,0,3,740,28,54,5,827,0,0,0,827
12/08/2012,MCO,FL,ASO,ES,Towers with Radar,780,20,41,1,842,0,0,5,0,5,780,20,46,1,847,0,0,0,847
12/09/2012,MCO,FL,ASO,ES,Towers with Radar,723,26,42,1,792,0,0,7,0,7,723,26,49,1,799,0,0,0,799
12/10/2012,MCO,FL,ASO,ES,Towers with Radar,715,23,25,1,764,0,1,4,0,5,715,24,29,1,769,0,0,0,769
12/11/2012,MCO,FL,ASO,ES,Towers with Radar,734,27,37,1,799,0,1,4,0,5,734,28,41,1,804,0,0,0,804
12/12/2012,MCO,FL,ASO,ES,Towers with Radar,713,26,45,0,784,0,0,1,0,1,713,26,46,0,785,0,0,0,785
12/13/2012,MCO,FL,ASO,ES,Towers with Radar,749,28,40,0,817,0,0,1,0,1,749,28,41,0,818,0,0,0,818
12/14/2012,MCO,FL,ASO,ES,Towers with Radar,762,20,47,2,831,0,0,1,0,1,762,20,48,2,832,0,0,0,832
12/15/2012,MCO,FL,ASO,ES,Towers with Radar,818,13,35,0,866,0,0,15,0,15,818,13,50,0,881,0,0,0,881
12/16/2012,MCO,FL,ASO,ES,Towers with Radar,780,33,35,2,850,0,0,4,0,4,780,33,39,2,854,0,0,0,854
12/17/2012,MCO,FL,ASO,ES,Towers with Radar,739,25,29,0,793,0,0,1,0,1,739,25,30,0,794,0,0,0,794
12/18/2012,MCO,FL,ASO,ES,Towers with Radar,771,33,32,1,837,0,1,2,0,3,771,34,34,1,840,0,0,0,840
12/19/2012,MCO,FL,ASO,ES,Towers with Radar,804,29,46,2,881,0,3,21,0,24,804,32,67,2,905,0,0,0,905
12/20/2012,MCO,FL,ASO,ES,Towers with Radar,833,24,35,4,896,0,1,17,0,18,833,25,52,4,914,0,0,0,914
12/21/2012,MCO,FL,ASO,ES,Towers with Radar,848,33,27,0,908,0,1,10,0,11,848,34,37,0,919,0,0,0,919
12/22/2012,MCO,FL,ASO,ES,Towers with Radar,873,14,25,0,912,0,1,13,0,14,873,15,38,0,926,0,0,0,926
12/23/2012,MCO,FL,ASO,ES,Towers with Radar,829,19,20,0,868,0,0,3,0,3,829,19,23,0,871,0,0,0,871
12/24/2012,MCO,FL,ASO,ES,Towers with Radar,728,17,8,0,753,0,1,1,1,3,728,18,9,1,756,0,0,0,756
12/25/2012,MCO,FL,ASO,ES,Towers with Radar,726,18,5,0,749,0,0,3,0,3,726,18,8,0,752,0,0,0,752
12/26/2012,MCO,FL,ASO,ES,Towers with Radar,802,31,27,0,860,0,1,4,0,5,802,32,31,0,865,0,0,0,865
12/27/2012,MCO,FL,ASO,ES,Towers with Radar,857,34,28,0,919,0,1,7,0,8,857,35,35,0,927,0,0,0,927
12/28/2012,MCO,FL,ASO,ES,Towers with Radar,850,43,38,0,931,0,1,6,0,7,850,44,44,0,938,0,0,0,938
12/29/2012,MCO,FL,ASO,ES,Towers with Radar,871,21,32,0,924,0,0,5,0,5,871,21,37,0,929,0,0,0,929
12/30/2012,MCO,FL,ASO,ES,Towers with Radar,824,19,32,0,875,0,3,6,0,9,824,22,38,0,884,0,0,0,884
12/31/2012,MCO,FL,ASO,ES,Towers with Radar,748,25,14,0,787,0,2,3,1,6,748,27,17,1,793,0,0,0,793
01/01/2013,MCO,FL,ASO,ES,Towers with Radar,753,17,14,0,784,0,0,6,2,8,753,17,20,2,792,0,0,0,792
01/02/2013,MCO,FL,ASO,ES,Towers with Radar,837,23,53,2,915,0,0,7,0,7,837,23,60,2,922,0,0,0,922
01/03/2013,MCO,FL,ASO,ES,Towers with Radar,802,31,35,0,868,2,1,0,0,3,804,32,35,0,871,0,0,0,871
01/04/2013,MCO,FL,ASO,ES,Towers with Radar,807,27,48,0,882,0,0,0,0,0,807,27,48,0,882,0,0,0,882
01/05/2013,MCO,FL,ASO,ES,Towers with Radar,823,18,43,0,884,0,1,1,0,2,823,19,44,0,886,0,0,0,886
01/06/2013,MCO,FL,ASO,ES,Towers with Radar,758,35,56,0,849,0,1,6,0,7,758,36,62,0,856,0,0,0,856
01/07/2013,MCO,FL,ASO,ES,Towers with Radar,719,30,36,0,785,0,1,7,0,8,719,31,43,0,793,0,0,0,793
01/08/2013,MCO,FL,ASO,ES,Towers with Radar,710,35,34,0,779,0,1,5,0,6,710,36,39,0,785,0,0,0,785
01/09/2013,MCO,FL,ASO,ES,Towers with Radar,705,32,31,0,768,0,1,3,0,4,705,33,34,0,772,0,0,0,772
01/10/2013,MCO,FL,ASO,ES,Towers with Radar,726,33,42,0,801,1,1,8,0,10,727,34,50,0,811,0,0,0,811
01/11/2013,MCO,FL,ASO,ES,Towers with Radar,726,34,29,2,791,0,1,8,0,9,726,35,37,2,800,0,0,0,800
01/12/2013,MCO,FL,ASO,ES,Towers with Radar,747,25,14,0,786,0,0,5,0,5,747,25,19,0,791,0,0,0,791
01/13/2013,MCO,FL,ASO,ES,Towers with Radar,709,27,33,0,769,0,0,10,0,10,709,27,43,0,779,0,0,0,779
01/14/2013,MCO,FL,ASO,ES,Towers with Radar,706,34,36,0,776,0,0,7,0,7,706,34,43,0,783,0,0,0,783
01/15/2013,MCO,FL,ASO,ES,Towers with Radar,674,35,32,0,741,1,0,4,0,5,675,35,36,0,746,0,0,0,746
01/16/2013,MCO,FL,ASO,ES,Towers with Radar,692,25,45,0,762,0,1,12,0,13,692,26,57,0,775,0,0,0,775
01/17/2013,MCO,FL,ASO,ES,Towers with Radar,717,28,37,0,782,0,2,6,0,8,717,30,43,0,790,0,0,0,790
01/18/2013,MCO,FL,ASO,ES,Towers with Radar,734,43,65,0,842,0,0,2,0,2,734,43,67,0,844,0,0,0,844
01/19/2013,MCO,FL,ASO,ES,Towers with Radar,739,14,30,0,783,0,1,5,0,6,739,15,35,0,789,0,0,0,789
01/20/2013,MCO,FL,ASO,ES,Towers with Radar,703,19,34,0,756,0,0,5,0,5,703,19,39,0,761,0,0,0,761
01/21/2013,MCO,FL,ASO,ES,Towers with Radar,699,33,39,0,771,0,0,9,0,9,699,33,48,0,780,0,0,0,780
01/22/2013,MCO,FL,ASO,ES,Towers with Radar,679,41,46,0,766,0,0,4,0,4,679,41,50,0,770,0,0,0,770
01/23/2013,MCO,FL,ASO,ES,Towers with Radar,692,31,48,0,771,0,2,8,0,10,692,33,56,0,781,0,0,0,781
01/24/2013,MCO,FL,ASO,ES,Towers with Radar,721,39,41,0,801,0,1,11,0,12,721,40,52,0,813,0,0,0,813
01/25/2013,MCO,FL,ASO,ES,Towers with Radar,723,40,64,4,831,0,1,8,0,9,723,41,72,4,840,0,0,0,840
01/26/2013,MCO,FL,ASO,ES,Towers with Radar,747,22,33,6,808,0,1,3,0,4,747,23,36,6,812,0,0,0,812
01/27/2013,MCO,FL,ASO,ES,Towers with Radar,707,25,19,4,755,0,0,6,0,6,707,25,25,4,761,0,0,0,761
01/28/2013,MCO,FL,ASO,ES,Towers with Radar,693,31,37,0,761,0,0,7,0,7,693,31,44,0,768,0,0,0,768
01/29/2013,MCO,FL,ASO,ES,Towers with Radar,672,39,48,0,759,0,3,8,1,12,672,42,56,1,771,0,0,0,771
01/30/2013,MCO,FL,ASO,ES,Towers with Radar,671,32,37,1,741,0,1,13,0,14,671,33,50,1,755,0,0,0,755
01/31/2013,MCO,FL,ASO,ES,Towers with Radar,725,42,50,2,819,0,0,6,1,7,725,42,56,3,826,0,0,0,826
02/01/2013,MCO,FL,ASO,ES,Towers with Radar,724,31,28,6,789,0,1,13,1,15,724,32,41,7,804,0,0,0,804
02/02/2013,MCO,FL,ASO,ES,Towers with Radar,746,16,27,4,793,0,1,5,1,7,746,17,32,5,800,0,0,0,800
02/03/2013,MCO,FL,ASO,ES,Towers with Radar,702,21,35,3,761,0,0,6,0,6,702,21,41,3,767,0,0,0,767
02/04/2013,MCO,FL,ASO,ES,Towers with Radar,699,34,43,0,776,0,0,12,0,12,699,34,55,0,788,0,0,0,788
02/05/2013,MCO,FL,ASO,ES,Towers with Radar,680,34,40,0,754,0,1,6,0,7,680,35,46,0,761,0,0,0,761
02/06/2013,MCO,FL,ASO,ES,Towers with Radar,689,30,48,0,767,0,1,10,0,11,689,31,58,0,778,0,0,0,778
02/07/2013,MCO,FL,ASO,ES,Towers with Radar,705,42,53,0,800,3,2,10,0,15,708,44,63,0,815,0,0,0,815
02/08/2013,MCO,FL,ASO,ES,Towers with Radar,652,50,74,0,776,0,1,16,0,17,652,51,90,0,793,0,0,0,793
02/09/2013,MCO,FL,ASO,ES,Towers with Radar,675,30,39,2,746,0,1,8,1,10,675,31,47,3,756,0,0,0,756
02/10/2013,MCO,FL,ASO,ES,Towers with Radar,718,34,65,0,817,0,0,5,0,5,718,34,70,0,822,0,0,0,822
02/11/2013,MCO,FL,ASO,ES,Towers with Radar,701,53,75,0,829,0,0,7,0,7,701,53,82,0,836,0,0,0,836
02/12/2013,MCO,FL,ASO,ES,Towers with Radar,691,39,61,0,791,0,0,4,0,4,691,39,65,0,795,0,0,0,795
02/13/2013,MCO,FL,ASO,ES,Towers with Radar,717,38,43,0,798,0,0,1,0,1,717,38,44,0,799,0,0,0,799
02/14/2013,MCO,FL,ASO,ES,Towers with Radar,804,39,51,1,895,0,3,3,0,6,804,42,54,1,901,0,0,0,901
02/15/2013,MCO,FL,ASO,ES,Towers with Radar,820,40,52,2,914,0,0,4,0,4,820,40,56,2,918,0,0,0,918
02/16/2013,MCO,FL,ASO,ES,Towers with Radar,869,14,28,0,911,0,1,10,0,11,869,15,38,0,922,0,0,0,922
02/17/2013,MCO,FL,ASO,ES,Towers with Radar,803,18,57,0,878,0,0,9,0,9,803,18,66,0,887,0,0,0,887
02/18/2013,MCO,FL,ASO,ES,Towers with Radar,804,37,43,3,887,0,0,11,0,11,804,37,54,3,898,0,0,0,898
02/19/2013,MCO,FL,ASO,ES,Towers with Radar,800,35,41,2,878,0,1,10,0,11,800,36,51,2,889,0,0,0,889
02/20/2013,MCO,FL,ASO,ES,Towers with Radar,789,40,44,3,876,0,1,6,1,8,789,41,50,4,884,0,0,0,884
02/21/2013,MCO,FL,ASO,ES,Towers with Radar,804,43,59,5,911,1,2,8,0,11,805,45,67,5,922,0,0,0,922
02/22/2013,MCO,FL,ASO,ES,Towers with Radar,806,43,63,9,921,0,2,6,0,8,806,45,69,9,929,0,0,0,929
02/23/2013,MCO,FL,ASO,ES,Towers with Radar,867,33,32,1,933,0,1,0,0,1,867,34,32,1,934,0,0,0,934
02/24/2013,MCO,FL,ASO,ES,Towers with Radar,800,25,53,1,879,0,0,6,0,6,800,25,59,1,885,0,0,0,885
02/25/2013,MCO,FL,ASO,ES,Towers with Radar,793,34,47,0,874,0,0,8,0,8,793,34,55,0,882,0,0,0,882
02/26/2013,MCO,FL,ASO,ES,Towers with Radar,774,36,47,0,857,0,1,1,0,2,774,37,48,0,859,0,0,0,859
02/27/2013,MCO,FL,ASO,ES,Towers with Radar,783,34,70,1,888,0,2,7,0,9,783,36,77,1,897,0,0,0,897
02/28/2013,MCO,FL,ASO,ES,Towers with Radar,813,40,64,0,917,0,1,7,0,8,813,41,71,0,925,0,0,0,925
03/01/2013,MCO,FL,ASO,ES,Towers with Radar,809,35,45,0,889,0,2,13,0,15,809,37,58,0,904,0,0,0,904
03/02/2013,MCO,FL,ASO,ES,Towers with Radar,880,22,31,0,933,0,1,19,0,20,880,23,50,0,953,0,0,0,953
03/03/2013,MCO,FL,ASO,ES,Towers with Radar,810,29,54,0,893,0,0,7,0,7,810,29,61,0,900,0,0,0,900
03/04/2013,MCO,FL,ASO,ES,Towers with Radar,793,42,72,0,907,0,0,12,0,12,793,42,84,0,919,0,0,0,919
03/05/2013,MCO,FL,ASO,ES,Towers with Radar,773,52,54,0,879,0,1,11,0,12,773,53,65,0,891,0,0,0,891
03/06/2013,MCO,FL,ASO,ES,Towers with Radar,751,57,69,0,877,0,1,9,0,10,751,58,78,0,887,0,0,0,887
03/07/2013,MCO,FL,ASO,ES,Towers with Radar,822,45,77,0,944,0,1,7,0,8,822,46,84,0,952,0,0,0,952
03/08/2013,MCO,FL,ASO,ES,Towers with Radar,813,35,72,0,920,0,1,5,0,6,813,36,77,0,926,0,0,0,926
03/09/2013,MCO,FL,ASO,ES,Towers with Radar,929,22,20,0,971,0,2,3,0,5,929,24,23,0,976,0,0,0,976
03/10/2013,MCO,FL,ASO,ES,Towers with Radar,838,24,44,0,906,0,0,9,0,9,838,24,53,0,915,0,0,0,915
03/11/2013,MCO,FL,ASO,ES,Towers with Radar,814,40,47,0,901,1,0,12,1,14,815,40,59,1,915,0,0,0,915
03/12/2013,MCO,FL,ASO,ES,Towers with Radar,800,48,45,2,895,0,1,8,0,9,800,49,53,2,904,0,0,0,904
03/13/2013,MCO,FL,ASO,ES,Towers with Radar,813,43,59,0,915,0,1,12,0,13,813,44,71,0,928,0,0,0,928
03/14/2013,MCO,FL,ASO,ES,Towers with Radar,836,44,51,2,933,0,5,3,0,8,836,49,54,2,941,0,0,0,941
03/15/2013,MCO,FL,ASO,ES,Towers with Radar,851,41,61,1,954,0,1,12,0,13,851,42,73,1,967,0,0,0,967
03/16/2013,MCO,FL,ASO,ES,Towers with Radar,941,21,41,1,1004,0,2,5,0,7,941,23,46,1,1011,0,0,0,1011
03/17/2013,MCO,FL,ASO,ES,Towers with Radar,835,34,34,0,903,0,1,10,0,11,835,35,44,0,914,0,0,0,914
03/18/2013,MCO,FL,ASO,ES,Towers with Radar,808,43,64,2,917,0,0,12,0,12,808,43,76,2,929,0,0,0,929
03/19/2013,MCO,FL,ASO,ES,Towers with Radar,816,57,77,0,950,0,2,13,0,15,816,59,90,0,965,0,0,0,965
03/20/2013,MCO,FL,ASO,ES,Towers with Radar,815,47,60,0,922,0,1,0,0,1,815,48,60,0,923,0,0,0,923
03/21/2013,MCO,FL,ASO,ES,Towers with Radar,841,49,47,0,937,0,4,12,0,16,841,53,59,0,953,0,0,0,953
03/22/2013,MCO,FL,ASO,ES,Towers with Radar,829,59,70,0,958,0,1,13,0,14,829,60,83,0,972,0,0,0,972
03/23/2013,MCO,FL,ASO,ES,Towers with Radar,936,35,45,0,1016,0,2,2,0,4,936,37,47,0,1020,0,0,0,1020
03/24/2013,MCO,FL,ASO,ES,Towers with Radar,812,40,40,0,892,0,0,3,0,3,812,40,43,0,895,0,0,0,895
03/25/2013,MCO,FL,ASO,ES,Towers with Radar,834,56,49,0,939,0,0,7,0,7,834,56,56,0,946,0,0,0,946
03/26/2013,MCO,FL,ASO,ES,Towers with Radar,829,46,51,1,927,0,1,7,0,8,829,47,58,1,935,0,0,0,935
03/27/2013,MCO,FL,ASO,ES,Towers with Radar,818,41,47,2,908,0,1,10,0,11,818,42,57,2,919,0,0,0,919
03/28/2013,MCO,FL,ASO,ES,Towers with Radar,847,53,54,0,954,0,1,10,0,11,847,54,64,0,965,0,0,0,965
03/29/2013,MCO,FL,ASO,ES,Towers with Radar,834,35,50,1,920,0,2,17,0,19,834,37,67,1,939,0,0,0,939
03/30/2013,MCO,FL,ASO,ES,Towers with Radar,941,19,32,0,992,0,1,7,0,8,941,20,39,0,1000,0,0,0,1000
03/31/2013,MCO,FL,ASO,ES,Towers with Radar,824,36,28,0,888,1,0,0,0,1,825,36,28,0,889,0,0,0,889
04/01/2013,MCO,FL,ASO,ES,Towers with Radar,810,44,36,0,890,1,0,3,0,4,811,44,39,0,894,0,0,0,894
04/02/2013,MCO,FL,ASO,ES,Towers with Radar,819,39,33,2,893,0,1,5,1,7,819,40,38,3,900,0,0,0,900
04/03/2013,MCO,FL,ASO,ES,Towers with Radar,809,39,50,0,898,0,1,4,0,5,809,40,54,0,903,0,0,0,903
04/04/2013,MCO,FL,ASO,ES,Towers with Radar,832,45,34,2,913,0,0,2,0,2,832,45,36,2,915,0,0,0,915
04/05/2013,MCO,FL,ASO,ES,Towers with Radar,838,39,43,0,920,0,1,7,3,11,838,40,50,3,931,0,0,0,931
04/06/2013,MCO,FL,ASO,ES,Towers with Radar,916,23,28,2,969,0,4,4,0,8,916,27,32,2,977,0,0,0,977
04/07/2013,MCO,FL,ASO,ES,Towers with Radar,830,47,44,1,922,0,0,3,2,5,830,47,47,3,927,0,0,0,927
04/08/2013,MCO,FL,ASO,ES,Towers with Radar,793,41,41,0,875,0,0,12,0,12,793,41,53,0,887,0,0,0,887
04/09/2013,MCO,FL,ASO,ES,Towers with Radar,800,42,41,0,883,0,2,11,0,13,800,44,52,0,896,0,0,0,896
04/10/2013,MCO,FL,ASO,ES,Towers with Radar,776,44,63,2,885,0,1,18,0,19,776,45,81,2,904,0,0,0,904
04/11/2013,MCO,FL,ASO,ES,Towers with Radar,811,42,68,0,921,0,0,16,0,16,811,42,84,0,937,0,0,0,937
04/12/2013,MCO,FL,ASO,ES,Towers with Radar,798,46,72,0,916,1,1,7,0,9,799,47,79,0,925,0,0,0,925
04/13/2013,MCO,FL,ASO,ES,Towers with Radar,891,22,22,0,935,0,1,8,0,9,891,23,30,0,944,0,0,0,944
04/14/2013,MCO,FL,ASO,ES,Towers with Radar,774,42,46,0,862,0,0,6,0,6,774,42,52,0,868,0,0,0,868
04/15/2013,MCO,FL,ASO,ES,Towers with Radar,781,53,34,0,868,0,0,14,0,14,781,53,48,0,882,0,0,0,882
04/16/2013,MCO,FL,ASO,ES,Towers with Radar,756,53,45,0,854,0,1,7,0,8,756,54,52,0,862,0,0,0,862
04/17/2013,MCO,FL,ASO,ES,Towers with Radar,760,41,45,0,846,0,1,7,0,8,760,42,52,0,854,0,0,0,854
04/18/2013,MCO,FL,ASO,ES,Towers with Radar,765,37,42,0,844,1,0,13,0,14,766,37,55,0,858,0,0,0,858
04/19/2013,MCO,FL,ASO,ES,Towers with Radar,777,40,43,0,860,0,1,8,0,9,777,41,51,0,869,0,0,0,869
04/20/2013,MCO,FL,ASO,ES,Towers with Radar,826,18,23,0,867,0,1,4,0,5,826,19,27,0,872,0,0,0,872
04/21/2013,MCO,FL,ASO,ES,Towers with Radar,787,39,30,0,856,0,0,2,0,2,787,39,32,0,858,0,0,0,858
04/22/2013,MCO,FL,ASO,ES,Towers with Radar,762,39,30,1,832,0,0,0,0,0,762,39,30,1,832,0,0,0,832
04/23/2013,MCO,FL,ASO,ES,Towers with Radar,772,53,41,0,866,0,1,5,0,6,772,54,46,0,872,0,0,0,872
04/24/2013,MCO,FL,ASO,ES,Towers with Radar,757,44,50,0,851,0,3,9,1,13,757,47,59,1,864,0,0,0,864
04/25/2013,MCO,FL,ASO,ES,Towers with Radar,783,42,45,2,872,0,4,7,0,11,783,46,52,2,883,0,0,0,883
04/26/2013,MCO,FL,ASO,ES,Towers with Radar,783,35,39,3,860,1,1,4,0,6,784,36,43,3,866,0,0,0,866
04/27/2013,MCO,FL,ASO,ES,Towers with Radar,807,18,27,2,854,0,1,7,0,8,807,19,34,2,862,0,0,0,862
04/28/2013,MCO,FL,ASO,ES,Towers with Radar,770,36,34,0,840,0,0,5,0,5,770,36,39,0,845,0,0,0,845
04/29/2013,MCO,FL,ASO,ES,Towers with Radar,753,42,47,1,843,0,1,8,1,10,753,43,55,2,853,0,0,0,853
04/30/2013,MCO,FL,ASO,ES,Towers with Radar,772,57,56,2,887,0,0,4,0,4,772,57,60,2,891,0,0,0,891
05/01/2013,MCO,FL,ASO,ES,Towers with Radar,732,48,35,2,817,0,1,3,0,4,732,49,38,2,821,0,0,0,821
05/02/2013,MCO,FL,ASO,ES,Towers with Radar,768,51,37,0,856,0,0,0,0,0,768,51,37,0,856,0,0,0,856
05/03/2013,MCO,FL,ASO,ES,Towers with Radar,768,47,32,0,847,0,1,6,1,8,768,48,38,1,855,0,0,0,855
05/04/2013,MCO,FL,ASO,ES,Towers with Radar,771,16,21,0,808,0,0,5,0,5,771,16,26,0,813,0,0,0,813
05/05/2013,MCO,FL,ASO,ES,Towers with Radar,741,29,37,3,810,0,0,9,1,10,741,29,46,4,820,0,0,0,820
05/06/2013,MCO,FL,ASO,ES,Towers with Radar,744,41,48,0,833,0,1,5,0,6,744,42,53,0,839,0,0,0,839
05/07/2013,MCO,FL,ASO,ES,Towers with Radar,742,34,28,0,804,0,0,10,1,11,742,34,38,1,815,0,0,0,815
05/08/2013,MCO,FL,ASO,ES,Towers with Radar,718,41,42,2,803,0,0,15,0,15,718,41,57,2,818,0,0,0,818
05/09/2013,MCO,FL,ASO,ES,Towers with Radar,753,44,36,0,833,1,1,8,0,10,754,45,44,0,843,0,0,0,843
05/10/2013,MCO,FL,ASO,ES,Towers with Radar,764,41,31,5,841,0,1,12,3,16,764,42,43,8,857,0,0,0,857
05/11/2013,MCO,FL,ASO,ES,Towers with Radar,775,15,14,0,804,0,1,8,0,9,775,16,22,0,813,0,0,0,813
05/12/2013,MCO,FL,ASO,ES,Towers with Radar,740,26,22,0,788,0,1,4,2,7,740,27,26,2,795,0,0,0,795
05/13/2013,MCO,FL,ASO,ES,Towers with Radar,738,40,37,0,815,0,1,5,0,6,738,41,42,0,821,0,0,0,821
05/14/2013,MCO,FL,ASO,ES,Towers with Radar,732,41,41,2,816,0,0,8,0,8,732,41,49,2,824,0,0,0,824
05/15/2013,MCO,FL,ASO,ES,Towers with Radar,732,47,28,2,809,0,1,10,2,13,732,48,38,4,822,0,0,0,822
05/16/2013,MCO,FL,ASO,ES,Towers with Radar,744,51,44,0,839,0,0,11,2,13,744,51,55,2,852,0,0,0,852
05/17/2013,MCO,FL,ASO,ES,Towers with Radar,768,45,31,3,847,0,0,4,1,5,768,45,35,4,852,0,0,0,852
05/18/2013,MCO,FL,ASO,ES,Towers with Radar,756,15,17,2,790,0,2,5,0,7,756,17,22,2,797,0,0,0,797
05/19/2013,MCO,FL,ASO,ES,Towers with Radar,734,31,29,2,796,0,0,8,3,11,734,31,37,5,807,0,0,0,807
05/20/2013,MCO,FL,ASO,ES,Towers with Radar,736,37,43,2,818,0,0,7,1,8,736,37,50,3,826,0,0,0,826
05/21/2013,MCO,FL,ASO,ES,Towers with Radar,710,34,31,1,776,0,0,5,0,5,710,34,36,1,781,0,0,0,781
05/22/2013,MCO,FL,ASO,ES,Towers with Radar,717,44,32,0,793,0,2,5,1,8,717,46,37,1,801,0,0,0,801
05/23/2013,MCO,FL,ASO,ES,Towers with Radar,732,48,45,0,825,0,1,7,0,8,732,49,52,0,833,0,0,0,833
05/24/2013,MCO,FL,ASO,ES,Towers with Radar,782,49,28,0,859,0,1,7,0,8,782,50,35,0,867,0,0,0,867
05/25/2013,MCO,FL,ASO,ES,Towers with Radar,733,15,21,0,769,0,1,7,0,8,733,16,28,0,777,0,0,0,777
05/26/2013,MCO,FL,ASO,ES,Towers with Radar,688,30,26,0,744,0,1,9,0,10,688,31,35,0,754,0,0,0,754
05/27/2013,MCO,FL,ASO,ES,Towers with Radar,713,46,11,0,770,0,0,4,0,4,713,46,15,0,774,0,0,0,774
05/28/2013,MCO,FL,ASO,ES,Towers with Radar,721,29,28,0,778,0,1,7,1,9,721,30,35,1,787,0,0,0,787
05/29/2013,MCO,FL,ASO,ES,Towers with Radar,734,42,33,0,809,0,4,4,0,8,734,46,37,0,817,0,0,0,817
05/30/2013,MCO,FL,ASO,ES,Towers with Radar,738,45,30,0,813,1,1,13,0,15,739,46,43,0,828,0,0,0,828
05/31/2013,MCO,FL,ASO,ES,Towers with Radar,761,35,41,2,839,0,4,5,0,9,761,39,46,2,848,0,0,0,848
06/01/2013,MCO,FL,ASO,ES,Towers with Radar,771,26,26,0,823,0,0,2,0,2,771,26,28,0,825,0,0,0,825
06/02/2013,MCO,FL,ASO,ES,Towers with Radar,731,31,32,0,794,0,0,4,0,4,731,31,36,0,798,0,0,0,798
06/03/2013,MCO,FL,ASO,ES,Towers with Radar,749,44,46,0,839,0,0,2,0,2,749,44,48,0,841,0,0,0,841
06/04/2013,MCO,FL,ASO,ES,Towers with Radar,737,36,25,0,798,0,1,2,0,3,737,37,27,0,801,0,0,0,801
06/05/2013,MCO,FL,ASO,ES,Towers with Radar,726,40,37,0,803,0,2,5,0,7,726,42,42,0,810,0,0,0,810
06/06/2013,MCO,FL,ASO,ES,Towers with Radar,754,40,16,0,810,0,1,0,0,1,754,41,16,0,811,0,0,0,811
06/07/2013,MCO,FL,ASO,ES,Towers with Radar,767,29,27,0,823,0,1,4,0,5,767,30,31,0,828,0,0,0,828
06/08/2013,MCO,FL,ASO,ES,Towers with Radar,826,20,27,2,875,0,3,1,0,4,826,23,28,2,879,0,0,0,879
06/09/2013,MCO,FL,ASO,ES,Towers with Radar,749,32,30,0,811,0,0,2,0,2,749,32,32,0,813,0,0,0,813
06/10/2013,MCO,FL,ASO,ES,Towers with Radar,727,42,31,0,800,0,1,5,0,6,727,43,36,0,806,0,0,0,806
06/11/2013,MCO,FL,ASO,ES,Towers with Radar,758,36,27,0,821,0,0,12,0,12,758,36,39,0,833,0,0,0,833
06/12/2013,MCO,FL,ASO,ES,Towers with Radar,738,49,38,0,825,0,0,12,0,12,738,49,50,0,837,0,0,0,837
06/13/2013,MCO,FL,ASO,ES,Towers with Radar,713,40,38,0,791,0,0,6,0,6,713,40,44,0,797,0,0,0,797
06/14/2013,MCO,FL,ASO,ES,Towers with Radar,776,38,40,0,854,0,0,5,0,5,776,38,45,0,859,0,0,0,859
06/15/2013,MCO,FL,ASO,ES,Towers with Radar,836,23,30,0,889,0,1,0,0,1,836,24,30,0,890,0,0,0,890
06/16/2013,MCO,FL,ASO,ES,Towers with Radar,742,30,21,0,793,0,0,3,0,3,742,30,24,0,796,0,0,0,796
06/17/2013,MCO,FL,ASO,ES,Towers with Radar,744,45,34,1,824,0,0,6,0,6,744,45,40,1,830,0,0,0,830
06/18/2013,MCO,FL,ASO,ES,Towers with Radar,738,40,31,0,809,0,0,9,0,9,738,40,40,0,818,0,0,0,818
06/19/2013,MCO,FL,ASO,ES,Towers with Radar,750,45,38,2,835,0,1,11,0,12,750,46,49,2,847,0,0,0,847
06/20/2013,MCO,FL,ASO,ES,Towers with Radar,771,40,35,0,846,0,2,2,0,4,771,42,37,0,850,0,0,0,850
06/21/2013,MCO,FL,ASO,ES,Towers with Radar,770,33,43,1,847,0,0,7,2,9,770,33,50,3,856,0,0,0,856
06/22/2013,MCO,FL,ASO,ES,Towers with Radar,837,21,19,0,877,0,1,3,0,4,837,22,22,0,881,0,0,0,881
06/23/2013,MCO,FL,ASO,ES,Towers with Radar,747,27,38,0,812,0,3,7,0,10,747,30,45,0,822,0,0,0,822
06/24/2013,MCO,FL,ASO,ES,Towers with Radar,737,27,49,0,813,0,2,8,0,10,737,29,57,0,823,0,0,0,823
06/25/2013,MCO,FL,ASO,ES,Towers with Radar,774,39,35,0,848,0,2,6,0,8,774,41,41,0,856,0,0,0,856
06/26/2013,MCO,FL,ASO,ES,Towers with Radar,759,41,54,0,854,0,1,6,0,7,759,42,60,0,861,0,0,0,861
06/27/2013,MCO,FL,ASO,ES,Towers with Radar,760,46,55,0,861,0,0,2,0,2,760,46,57,0,863,0,0,0,863
06/28/2013,MCO,FL,ASO,ES,Towers with Radar,774,37,38,0,849,0,1,5,0,6,774,38,43,0,855,0,0,0,855
06/29/2013,MCO,FL,ASO,ES,Towers with Radar,865,14,15,0,894,0,2,7,0,9,865,16,22,0,903,0,0,0,903
06/30/2013,MCO,FL,ASO,ES,Towers with Radar,731,31,16,0,778,0,0,1,0,1,731,31,17,0,779,0,0,0,779
07/01/2013,MCO,FL,ASO,ES,Towers with Radar,755,37,17,0,809,0,0,3,2,5,755,37,20,2,814,0,0,0,814
07/02/2013,MCO,FL,ASO,ES,Towers with Radar,767,36,20,1,824,0,0,3,0,3,767,36,23,1,827,0,0,0,827
07/03/2013,MCO,FL,ASO,ES,Towers with Radar,771,35,24,0,830,0,0,2,0,2,771,35,26,0,832,0,0,0,832
07/04/2013,MCO,FL,ASO,ES,Towers with Radar,662,27,10,1,700,0,1,9,0,10,662,28,19,1,710,0,0,0,710
07/05/2013,MCO,FL,ASO,ES,Towers with Radar,726,30,14,1,771,0,0,3,1,4,726,30,17,2,775,0,0,0,775
07/06/2013,MCO,FL,ASO,ES,Towers with Radar,848,26,16,0,890,0,3,5,0,8,848,29,21,0,898,0,0,0,898
07/07/2013,MCO,FL,ASO,ES,Towers with Radar,743,32,38,0,813,2,0,6,0,8,745,32,44,0,821,0,0,0,821
07/08/2013,MCO,FL,ASO,ES,Towers with Radar,765,35,43,3,846,0,0,7,0,7,765,35,50,3,853,0,0,0,853
07/09/2013,MCO,FL,ASO,ES,Towers with Radar,770,47,25,0,842,0,1,9,0,10,770,48,34,0,852,0,0,0,852
07/10/2013,MCO,FL,ASO,ES,Towers with Radar,777,44,34,0,855,0,0,4,0,4,777,44,38,0,859,0,0,0,859
07/11/2013,MCO,FL,ASO,ES,Towers with Radar,776,39,39,0,854,0,1,7,0,8,776,40,46,0,862,0,0,0,862
07/12/2013,MCO,FL,ASO,ES,Towers with Radar,773,30,19,1,823,0,3,9,0,12,773,33,28,1,835,0,0,0,835
07/13/2013,MCO,FL,ASO,ES,Towers with Radar,860,25,19,0,904,0,1,4,0,5,860,26,23,0,909,0,0,0,909
07/14/2013,MCO,FL,ASO,ES,Towers with Radar,772,28,24,0,824,0,1,6,0,7,772,29,30,0,831,0,0,0,831
07/15/2013,MCO,FL,ASO,ES,Towers with Radar,759,43,24,2,828,0,1,7,1,9,759,44,31,3,837,0,0,0,837
07/16/2013,MCO,FL,ASO,ES,Towers with Radar,769,37,34,5,845,0,1,3,0,4,769,38,37,5,849,0,0,0,849
07/17/2013,MCO,FL,ASO,ES,Towers with Radar,770,45,28,3,846,1,3,6,0,10,771,48,34,3,856,0,0,0,856
07/18/2013,MCO,FL,ASO,ES,Towers with Radar,768,29,39,0,836,0,1,12,0,13,768,30,51,0,849,0,0,0,849
07/19/2013,MCO,FL,ASO,ES,Towers with Radar,790,34,32,1,857,0,1,5,0,6,790,35,37,1,863,0,0,0,863
07/20/2013,MCO,FL,ASO,ES,Towers with Radar,836,26,22,0,884,0,1,7,0,8,836,27,29,0,892,0,0,0,892
07/21/2013,MCO,FL,ASO,ES,Towers with Radar,774,28,30,0,832,0,1,4,0,5,774,29,34,0,837,0,0,0,837
07/22/2013,MCO,FL,ASO,ES,Towers with Radar,757,37,29,3,826,0,2,5,0,7,757,39,34,3,833,0,0,0,833
07/23/2013,MCO,FL,ASO,ES,Towers with Radar,776,42,33,1,852,0,1,4,0,5,776,43,37,1,857,0,0,0,857
07/24/2013,MCO,FL,ASO,ES,Towers with Radar,788,43,41,0,872,0,2,4,0,6,788,45,45,0,878,0,0,0,878
07/25/2013,MCO,FL,ASO,ES,Towers with Radar,787,38,29,0,854,0,0,1,0,1,787,38,30,0,855,0,0,0,855
07/26/2013,MCO,FL,ASO,ES,Towers with Radar,782,40,49,0,871,2,2,1,1,6,784,42,50,1,877,0,0,0,877
07/27/2013,MCO,FL,ASO,ES,Towers with Radar,850,29,22,0,901,0,1,0,0,1,850,30,22,0,902,0,0,0,902
07/28/2013,MCO,FL,ASO,ES,Towers with Radar,760,30,19,0,809,0,0,3,3,6,760,30,22,3,815,0,0,0,815
07/29/2013,MCO,FL,ASO,ES,Towers with Radar,765,36,29,2,832,0,0,6,1,7,765,36,35,3,839,0,0,0,839
07/30/2013,MCO,FL,ASO,ES,Towers with Radar,785,46,20,0,851,0,1,2,0,3,785,47,22,0,854,0,0,0,854
07/31/2013,MCO,FL,ASO,ES,Towers with Radar,775,48,20,0,843,1,1,4,0,6,776,49,24,0,849,0,0,0,849
08/01/2013,MCO,FL,ASO,ES,Towers with Radar,761,41,32,2,836,4,1,5,1,11,765,42,37,3,847,0,0,0,847
08/02/2013,MCO,FL,ASO,ES,Towers with Radar,780,33,24,2,839,0,2,1,0,3,780,35,25,2,842,0,0,0,842
08/03/2013,MCO,FL,ASO,ES,Towers with Radar,851,27,19,1,898,0,1,2,0,3,851,28,21,1,901,0,0,0,901
08/04/2013,MCO,FL,ASO,ES,Towers with Radar,763,34,17,1,815,0,0,9,0,9,763,34,26,1,824,0,0,0,824
08/05/2013,MCO,FL,ASO,ES,Towers with Radar,753,32,38,4,827,0,3,7,0,10,753,35,45,4,837,0,0,0,837
08/06/2013,MCO,FL,ASO,ES,Towers with Radar,770,42,31,1,844,0,2,9,0,11,770,44,40,1,855,0,0,0,855
08/07/2013,MCO,FL,ASO,ES,Towers with Radar,767,33,31,2,833,0,1,5,0,6,767,34,36,2,839,0,0,0,839
08/08/2013,MCO,FL,ASO,ES,Towers with Radar,757,33,42,1,833,0,1,11,0,12,757,34,53,1,845,0,0,0,845
08/09/2013,MCO,FL,ASO,ES,Towers with Radar,795,36,28,1,860,0,2,6,0,8,795,38,34,1,868,0,0,0,868
08/10/2013,MCO,FL,ASO,ES,Towers with Radar,846,22,25,2,895,0,2,7,0,9,846,24,32,2,904,0,0,0,904
08/11/2013,MCO,FL,ASO,ES,Towers with Radar,690,31,27,2,750,0,0,3,1,4,690,31,30,3,754,0,0,0,754
08/12/2013,MCO,FL,ASO,ES,Towers with Radar,686,40,41,0,767,1,0,6,0,7,687,40,47,0,774,0,0,0,774
08/13/2013,MCO,FL,ASO,ES,Towers with Radar,683,45,28,1,757,0,0,11,0,11,683,45,39,1,768,0,0,0,768
08/14/2013,MCO,FL,ASO,ES,Towers with Radar,685,39,48,2,774,0,1,6,0,7,685,40,54,2,781,0,0,0,781
08/15/2013,MCO,FL,ASO,ES,Towers with Radar,697,37,28,1,763,0,1,4,0,5,697,38,32,1,768,0,0,0,768
08/16/2013,MCO,FL,ASO,ES,Towers with Radar,692,40,36,2,770,2,0,11,0,13,694,40,47,2,783,0,0,0,783
08/17/2013,MCO,FL,ASO,ES,Towers with Radar,722,24,18,0,764,0,1,4,0,5,722,25,22,0,769,0,0,0,769
08/18/2013,MCO,FL,ASO,ES,Towers with Radar,675,33,29,0,737,0,0,3,1,4,675,33,32,1,741,0,0,0,741
08/19/2013,MCO,FL,ASO,ES,Towers with Radar,689,37,35,0,761,4,0,2,0,6,693,37,37,0,767,0,0,0,767
08/20/2013,MCO,FL,ASO,ES,Towers with Radar,674,40,33,0,747,0,1,7,0,8,674,41,40,0,755,0,0,0,755
08/21/2013,MCO,FL,ASO,ES,Towers with Radar,680,35,41,0,756,0,1,2,0,3,680,36,43,0,759,0,0,0,759
08/22/2013,MCO,FL,ASO,ES,Towers with Radar,671,42,51,1,765,1,6,12,0,19,672,48,63,1,784,0,0,0,784
08/23/2013,MCO,FL,ASO,ES,Towers with Radar,688,38,30,0,756,0,1,6,0,7,688,39,36,0,763,0,0,0,763
08/24/2013,MCO,FL,ASO,ES,Towers with Radar,706,21,19,0,746,0,1,7,0,8,706,22,26,0,754,0,0,0,754
08/25/2013,MCO,FL,ASO,ES,Towers with Radar,668,26,22,1,717,0,0,1,0,1,668,26,23,1,718,0,0,0,718
08/26/2013,MCO,FL,ASO,ES,Towers with Radar,652,31,36,2,721,1,0,4,0,5,653,31,40,2,726,0,0,0,726
08/27/2013,MCO,FL,ASO,ES,Towers with Radar,642,33,28,2,705,0,1,3,0,4,642,34,31,2,709,0,0,0,709
08/28/2013,MCO,FL,ASO,ES,Towers with Radar,642,33,22,6,703,0,1,6,0,7,642,34,28,6,710,0,0,0,710
08/29/2013,MCO,FL,ASO,ES,Towers with Radar,658,39,37,2,736,0,1,13,0,14,658,40,50,2,750,0,0,0,750
08/30/2013,MCO,FL,ASO,ES,Towers with Radar,669,37,49,0,755,1,1,12,0,14,670,38,61,0,769,0,0,0,769
08/31/2013,MCO,FL,ASO,ES,Towers with Radar,648,14,19,0,681,0,5,6,0,11,648,19,25,0,692,0,0,0,692
09/01/2013,MCO,FL,ASO,ES,Towers with Radar,570,26,21,0,617,0,2,3,0,5,570,28,24,0,622,0,0,0,622
09/02/2013,MCO,FL,ASO,ES,Towers with Radar,605,34,20,0,659,0,0,3,0,3,605,34,23,0,662,0,0,0,662
09/03/2013,MCO,FL,ASO,ES,Towers with Radar,629,39,21,0,689,0,0,7,0,7,629,39,28,0,696,0,0,0,696
09/04/2013,MCO,FL,ASO,ES,Towers with Radar,604,35,29,7,675,0,0,7,0,7,604,35,36,7,682,0,0,0,682
09/05/2013,MCO,FL,ASO,ES,Towers with Radar,614,32,22,0,668,0,1,4,0,5,614,33,26,0,673,0,0,0,673
09/06/2013,MCO,FL,ASO,ES,Towers with Radar,638,35,25,0,698,0,0,4,0,4,638,35,29,0,702,0,0,0,702
09/07/2013,MCO,FL,ASO,ES,Towers with Radar,621,17,21,0,659,0,0,1,0,1,621,17,22,0,660,0,0,0,660
09/08/2013,MCO,FL,ASO,ES,Towers with Radar,617,20,27,1,665,0,0,5,0,5,617,20,32,1,670,0,0,0,670
09/09/2013,MCO,FL,ASO,ES,Towers with Radar,603,38,22,0,663,0,1,5,0,6,603,39,27,0,669,0,0,0,669
09/10/2013,MCO,FL,ASO,ES,Towers with Radar,571,38,17,0,626,0,1,4,1,6,571,39,21,1,632,0,0,0,632
09/11/2013,MCO,FL,ASO,ES,Towers with Radar,578,40,25,0,643,0,2,2,0,4,578,42,27,0,647,0,0,0,647
09/12/2013,MCO,FL,ASO,ES,Towers with Radar,599,39,43,1,682,0,1,4,1,6,599,40,47,2,688,0,0,0,688
09/13/2013,MCO,FL,ASO,ES,Towers with Radar,633,30,32,0,695,0,1,8,0,9,633,31,40,0,704,0,0,0,704
09/14/2013,MCO,FL,ASO,ES,Towers with Radar,614,16,15,0,645,0,2,6,0,8,614,18,21,0,653,0,0,0,653
09/15/2013,MCO,FL,ASO,ES,Towers with Radar,621,25,28,0,674,0,0,6,0,6,621,25,34,0,680,0,0,0,680
09/16/2013,MCO,FL,ASO,ES,Towers with Radar,607,36,28,0,671,0,0,12,0,12,607,36,40,0,683,0,0,0,683
09/17/2013,MCO,FL,ASO,ES,Towers with Radar,577,47,36,0,660,0,2,3,0,5,577,49,39,0,665,0,0,0,665
09/18/2013,MCO,FL,ASO,ES,Towers with Radar,594,37,46,0,677,0,2,9,0,11,594,39,55,0,688,0,0,0,688
09/19/2013,MCO,FL,ASO,ES,Towers with Radar,622,39,38,0,699,0,2,7,0,9,622,41,45,0,708,0,0,0,708
09/20/2013,MCO,FL,ASO,ES,Towers with Radar,622,39,26,1,688,0,1,2,0,3,622,40,28,1,691,0,0,0,691
09/21/2013,MCO,FL,ASO,ES,Towers with Radar,619,14,13,1,647,1,1,10,0,12,620,15,23,1,659,0,0,0,659
09/22/2013,MCO,FL,ASO,ES,Towers with Radar,608,32,13,2,655,0,0,1,0,1,608,32,14,2,656,0,0,0,656
09/23/2013,MCO,FL,ASO,ES,Towers with Radar,604,38,24,0,666,0,0,2,0,2,604,38,26,0,668,0,0,0,668
09/24/2013,MCO,FL,ASO,ES,Towers with Radar,576,48,33,0,657,0,0,0,0,0,576,48,33,0,657,0,0,0,657
09/25/2013,MCO,FL,ASO,ES,Towers with Radar,609,44,24,0,677,0,1,2,0,3,609,45,26,0,680,0,0,0,680
09/26/2013,MCO,FL,ASO,ES,Towers with Radar,636,37,46,0,719,0,1,6,0,7,636,38,52,0,726,0,0,0,726
09/27/2013,MCO,FL,ASO,ES,Towers with Radar,639,36,29,1,705,0,1,3,0,4,639,37,32,1,709,0,0,0,709
09/28/2013,MCO,FL,ASO,ES,Towers with Radar,645,19,20,0,684,0,0,2,0,2,645,19,22,0,686,0,0,0,686
09/29/2013,MCO,FL,ASO,ES,Towers with Radar,640,29,34,1,704,0,2,6,0,8,640,31,40,1,712,0,0,0,712
09/30/2013,MCO,FL,ASO,ES,Towers with Radar,626,34,45,0,705,0,1,6,0,7,626,35,51,0,712,0,0,0,712
10/01/2013,MCO,FL,ASO,ES,Towers with Radar,605,40,31,0,676,0,1,6,0,7,605,41,37,0,683,0,0,0,683
10/02/2013,MCO,FL,ASO,ES,Towers with Radar,633,46,32,0,711,0,3,3,0,6,633,49,35,0,717,0,0,0,717
10/03/2013,MCO,FL,ASO,ES,Towers with Radar,654,39,36,0,729,0,1,7,0,8,654,40,43,0,737,0,0,0,737
10/04/2013,MCO,FL,ASO,ES,Towers with Radar,659,38,30,1,728,0,0,10,1,11,659,38,40,2,739,0,0,0,739
10/05/2013,MCO,FL,ASO,ES,Towers with Radar,698,15,17,1,731,0,1,8,0,9,698,16,25,1,740,0,0,0,740
10/06/2013,MCO,FL,ASO,ES,Towers with Radar,643,27,38,0,708,0,0,7,0,7,643,27,45,0,715,0,0,0,715
10/07/2013,MCO,FL,ASO,ES,Towers with Radar,646,36,32,0,714,0,0,6,0,6,646,36,38,0,720,0,0,0,720
10/08/2013,MCO,FL,ASO,ES,Towers with Radar,622,40,49,0,711,0,4,6,0,10,622,44,55,0,721,0,0,0,721
10/09/2013,MCO,FL,ASO,ES,Towers with Radar,642,42,41,0,725,0,2,5,0,7,642,44,46,0,732,0,0,0,732
10/10/2013,MCO,FL,ASO,ES,Towers with Radar,656,41,46,0,743,1,1,16,1,19,657,42,62,1,762,0,0,0,762
10/11/2013,MCO,FL,ASO,ES,Towers with Radar,667,47,43,0,757,0,1,8,0,9,667,48,51,0,766,0,0,0,766
10/12/2013,MCO,FL,ASO,ES,Towers with Radar,710,14,19,0,743,0,1,3,0,4,710,15,22,0,747,0,0,0,747
10/13/2013,MCO,FL,ASO,ES,Towers with Radar,652,34,31,0,717,0,0,5,0,5,652,34,36,0,722,0,0,0,722
10/14/2013,MCO,FL,ASO,ES,Towers with Radar,648,40,47,0,735,0,0,5,0,5,648,40,52,0,740,0,0,0,740
10/15/2013,MCO,FL,ASO,ES,Towers with Radar,619,46,31,0,696,0,1,2,0,3,619,47,33,0,699,0,0,0,699
10/16/2013,MCO,FL,ASO,ES,Towers with Radar,658,47,41,2,748,0,1,11,0,12,658,48,52,2,760,0,0,0,760
10/17/2013,MCO,FL,ASO,ES,Towers with Radar,670,41,43,0,754,0,2,8,0,10,670,43,51,0,764,0,0,0,764
10/18/2013,MCO,FL,ASO,ES,Towers with Radar,667,39,54,0,760,0,0,6,0,6,667,39,60,0,766,0,0,0,766
10/19/2013,MCO,FL,ASO,ES,Towers with Radar,712,16,32,0,760,0,1,4,0,5,712,17,36,0,765,0,0,0,765
10/20/2013,MCO,FL,ASO,ES,Towers with Radar,652,31,52,0,735,0,1,12,0,13,652,32,64,0,748,0,0,0,748
10/21/2013,MCO,FL,ASO,ES,Towers with Radar,651,37,50,0,738,1,1,6,2,10,652,38,56,2,748,0,0,0,748
10/22/2013,MCO,FL,ASO,ES,Towers with Radar,621,48,52,0,721,0,0,11,0,11,621,48,63,0,732,0,0,0,732
10/23/2013,MCO,FL,ASO,ES,Towers with Radar,631,41,53,0,725,0,2,16,0,18,631,43,69,0,743,0,0,0,743
10/24/2013,MCO,FL,ASO,ES,Towers with Radar,668,42,47,0,757,0,1,12,0,13,668,43,59,0,770,0,0,0,770
10/25/2013,MCO,FL,ASO,ES,Towers with Radar,659,47,39,0,745,0,1,15,0,16,659,48,54,0,761,0,0,0,761
10/26/2013,MCO,FL,ASO,ES,Towers with Radar,699,19,23,0,741,0,1,13,0,14,699,20,36,0,755,0,0,0,755
10/27/2013,MCO,FL,ASO,ES,Towers with Radar,654,26,50,0,730,0,0,9,0,9,654,26,59,0,739,0,0,0,739
10/28/2013,MCO,FL,ASO,ES,Towers with Radar,665,34,29,0,728,0,0,3,0,3,665,34,32,0,731,0,0,0,731
10/29/2013,MCO,FL,ASO,ES,Towers with Radar,644,46,30,1,721,0,1,8,1,10,644,47,38,2,731,0,0,0,731
10/30/2013,MCO,FL,ASO,ES,Towers with Radar,646,47,54,4,751,0,1,7,1,9,646,48,61,5,760,0,0,0,760
10/31/2013,MCO,FL,ASO,ES,Towers with Radar,649,44,32,0,725,0,1,9,0,10,649,45,41,0,735,0,0,0,735
11/01/2013,MCO,FL,ASO,ES,Towers with Radar,675,41,38,0,754,0,1,8,0,9,675,42,46,0,763,0,0,0,763
11/02/2013,MCO,FL,ASO,ES,Towers with Radar,717,29,24,2,772,0,1,3,0,4,717,30,27,2,776,0,0,0,776
11/03/2013,MCO,FL,ASO,ES,Towers with Radar,697,43,35,0,775,0,0,5,0,5,697,43,40,0,780,0,0,0,780
11/04/2013,MCO,FL,ASO,ES,Towers with Radar,693,48,35,0,776,0,0,9,0,9,693,48,44,0,785,0,0,0,785
11/05/2013,MCO,FL,ASO,ES,Towers with Radar,676,48,26,0,750,0,1,4,0,5,676,49,30,0,755,0,0,0,755
11/06/2013,MCO,FL,ASO,ES,Towers with Radar,686,48,36,0,770,0,3,2,0,5,686,51,38,0,775,0,0,0,775
11/07/2013,MCO,FL,ASO,ES,Towers with Radar,702,49,51,2,804,0,0,7,0,7,702,49,58,2,811,0,0,0,811
11/08/2013,MCO,FL,ASO,ES,Towers with Radar,718,37,46,0,801,0,1,6,0,7,718,38,52,0,808,0,0,0,808
11/09/2013,MCO,FL,ASO,ES,Towers with Radar,760,18,34,0,812,0,0,5,0,5,760,18,39,0,817,0,0,0,817
11/10/2013,MCO,FL,ASO,ES,Towers with Radar,704,33,41,0,778,0,0,3,0,3,704,33,44,0,781,0,0,0,781
11/11/2013,MCO,FL,ASO,ES,Towers with Radar,702,40,35,0,777,0,0,7,0,7,702,40,42,0,784,0,0,0,784
11/12/2013,MCO,FL,ASO,ES,Towers with Radar,684,49,43,0,776,0,0,8,0,8,684,49,51,0,784,0,0,0,784
11/13/2013,MCO,FL,ASO,ES,Towers with Radar,696,45,45,2,788,0,1,8,0,9,696,46,53,2,797,0,0,0,797
11/14/2013,MCO,FL,ASO,ES,Towers with Radar,711,53,48,2,814,0,0,6,0,6,711,53,54,2,820,0,0,0,820
11/15/2013,MCO,FL,ASO,ES,Towers with Radar,711,42,31,2,786,0,0,8,0,8,711,42,39,2,794,0,0,0,794
11/16/2013,MCO,FL,ASO,ES,Towers with Radar,763,14,17,0,794,0,2,3,0,5,763,16,20,0,799,0,0,0,799
11/17/2013,MCO,FL,ASO,ES,Towers with Radar,696,33,43,2,774,0,0,6,0,6,696,33,49,2,780,0,0,0,780
11/18/2013,MCO,FL,ASO,ES,Towers with Radar,711,55,52,0,818,0,0,4,0,4,711,55,56,0,822,0,0,0,822
11/19/2013,MCO,FL,ASO,ES,Towers with Radar,691,43,43,0,777,0,0,5,1,6,691,43,48,1,783,0,0,0,783
11/20/2013,MCO,FL,ASO,ES,Towers with Radar,701,44,39,0,784,0,2,12,1,15,701,46,51,1,799,0,0,0,799
11/21/2013,MCO,FL,ASO,ES,Towers with Radar,719,55,36,0,810,0,1,3,0,4,719,56,39,0,814,0,0,0,814
11/22/2013,MCO,FL,ASO,ES,Towers with Radar,767,57,44,0,868,0,1,5,1,7,767,58,49,1,875,0,0,0,875
11/23/2013,MCO,FL,ASO,ES,Towers with Radar,778,36,20,0,834,0,1,10,0,11,778,37,30,0,845,0,0,0,845
11/24/2013,MCO,FL,ASO,ES,Towers with Radar,709,43,22,0,774,0,0,1,0,1,709,43,23,0,775,0,0,0,775
11/25/2013,MCO,FL,ASO,ES,Towers with Radar,700,43,22,2,767,0,2,9,0,11,700,45,31,2,778,0,0,0,778
11/26/2013,MCO,FL,ASO,ES,Towers with Radar,757,55,33,0,845,0,1,4,0,5,757,56,37,0,850,0,0,0,850
11/27/2013,MCO,FL,ASO,ES,Towers with Radar,775,53,27,0,855,0,0,5,0,5,775,53,32,0,860,0,0,0,860
11/28/2013,MCO,FL,ASO,ES,Towers with Radar,551,27,10,0,588,0,5,9,0,14,551,32,19,0,602,0,0,0,602
11/29/2013,MCO,FL,ASO,ES,Towers with Radar,636,32,23,0,691,0,0,9,0,9,636,32,32,0,700,0,0,0,700
11/30/2013,MCO,FL,ASO,ES,Towers with Radar,794,28,24,0,846,0,2,18,0,20,794,30,42,0,866,0,0,0,866
12/01/2013,MCO,FL,ASO,ES,Towers with Radar,778,54,44,0,876,0,0,4,0,4,778,54,48,0,880,0,0,0,880
12/02/2013,MCO,FL,ASO,ES,Towers with Radar,761,57,39,0,857,0,0,8,0,8,761,57,47,0,865,0,0,0,865
12/03/2013,MCO,FL,ASO,ES,Towers with Radar,699,52,36,0,787,0,2,9,0,11,699,54,45,0,798,0,0,0,798
12/04/2013,MCO,FL,ASO,ES,Towers with Radar,692,53,44,0,789,0,1,9,0,10,692,54,53,0,799,0,0,0,799
12/05/2013,MCO,FL,ASO,ES,Towers with Radar,702,50,39,0,791,0,1,10,0,11,702,51,49,0,802,0,0,0,802
12/06/2013,MCO,FL,ASO,ES,Towers with Radar,684,41,14,2,741,0,1,14,0,15,684,42,28,2,756,0,0,0,756
12/07/2013,MCO,FL,ASO,ES,Towers with Radar,716,27,20,2,765,0,1,8,0,9,716,28,28,2,774,0,0,0,774
12/08/2013,MCO,FL,ASO,ES,Towers with Radar,680,38,33,4,755,0,0,6,0,6,680,38,39,4,761,0,0,0,761
12/09/2013,MCO,FL,ASO,ES,Towers with Radar,700,48,34,0,782,0,0,3,0,3,700,48,37,0,785,0,0,0,785
12/10/2013,MCO,FL,ASO,ES,Towers with Radar,665,53,39,0,757,0,4,6,0,10,665,57,45,0,767,0,0,0,767
12/11/2013,MCO,FL,ASO,ES,Towers with Radar,696,55,44,2,797,0,1,7,0,8,696,56,51,2,805,0,0,0,805
12/12/2013,MCO,FL,ASO,ES,Towers with Radar,737,47,46,2,832,0,1,11,0,12,737,48,57,2,844,0,0,0,844
12/13/2013,MCO,FL,ASO,ES,Towers with Radar,726,60,39,0,825,1,2,9,0,12,727,62,48,0,837,0,0,0,837
12/14/2013,MCO,FL,ASO,ES,Towers with Radar,726,23,21,0,770,0,1,3,0,4,726,24,24,0,774,0,0,0,774
12/15/2013,MCO,FL,ASO,ES,Towers with Radar,716,48,29,0,793,0,0,5,0,5,716,48,34,0,798,0,0,0,798
12/16/2013,MCO,FL,ASO,ES,Towers with Radar,700,45,25,4,774,0,0,6,0,6,700,45,31,4,780,0,0,0,780
12/17/2013,MCO,FL,ASO,ES,Towers with Radar,694,46,43,1,784,0,2,4,0,6,694,48,47,1,790,0,0,0,790
12/18/2013,MCO,FL,ASO,ES,Towers with Radar,728,46,39,2,815,0,1,9,0,10,728,47,48,2,825,0,0,0,825
12/19/2013,MCO,FL,ASO,ES,Towers with Radar,796,53,33,1,883,0,1,15,0,16,796,54,48,1,899,0,0,0,899
12/20/2013,MCO,FL,ASO,ES,Towers with Radar,825,61,46,0,932,0,3,12,0,15,825,64,58,0,947,0,0,0,947
12/21/2013,MCO,FL,ASO,ES,Towers with Radar,893,32,43,0,968,0,1,4,0,5,893,33,47,0,973,0,0,0,973
12/22/2013,MCO,FL,ASO,ES,Towers with Radar,803,41,27,0,871,0,0,5,0,5,803,41,32,0,876,0,0,0,876
12/23/2013,MCO,FL,ASO,ES,Towers with Radar,799,52,42,0,893,0,0,1,0,1,799,52,43,0,894,0,0,0,894
12/24/2013,MCO,FL,ASO,ES,Towers with Radar,718,57,6,0,781,0,1,4,0,5,718,58,10,0,786,0,0,0,786
12/25/2013,MCO,FL,ASO,ES,Towers with Radar,664,26,8,0,698,0,2,7,0,9,664,28,15,0,707,0,0,0,707
12/26/2013,MCO,FL,ASO,ES,Towers with Radar,848,58,54,0,960,0,0,2,0,2,848,58,56,0,962,0,0,0,962
12/27/2013,MCO,FL,ASO,ES,Towers with Radar,865,55,48,0,968,0,0,1,0,1,865,55,49,0,969,0,0,0,969
12/28/2013,MCO,FL,ASO,ES,Towers with Radar,896,39,40,0,975,0,0,2,0,2,896,39,42,0,977,0,0,0,977
12/29/2013,MCO,FL,ASO,ES,Towers with Radar,799,44,31,0,874,1,1,0,1,3,800,45,31,1,877,0,0,0,877
12/30/2013,MCO,FL,ASO,ES,Towers with Radar,807,49,35,0,891,0,1,0,0,1,807,50,35,0,892,0,0,0,892
12/31/2013,MCO,FL,ASO,ES,Towers with Radar,725,44,22,0,791,0,2,2,0,4,725,46,24,0,795,0,0,0,795
01/01/2014,MCO,FL,ASO,ES,Towers with Radar,716,31,29,0,776,0,2,0,0,2,716,33,29,0,778,0,0,0,778
01/02/2014,MCO,FL,ASO,ES,Towers with Radar,743,48,43,0,834,0,0,2,0,2,743,48,45,0,836,0,0,0,836
01/03/2014,MCO,FL,ASO,ES,Towers with Radar,725,46,45,0,816,0,0,1,1,2,725,46,46,1,818,0,0,0,818
01/04/2014,MCO,FL,ASO,ES,Towers with Radar,824,33,35,0,892,0,1,3,0,4,824,34,38,0,896,0,0,0,896
01/05/2014,MCO,FL,ASO,ES,Towers with Radar,699,41,38,0,778,0,0,3,0,3,699,41,41,0,781,0,0,0,781
01/06/2014,MCO,FL,ASO,ES,Towers with Radar,666,42,51,0,759,0,0,6,0,6,666,42,57,0,765,0,0,0,765
01/07/2014,MCO,FL,ASO,ES,Towers with Radar,664,60,49,0,773,0,2,5,0,7,664,62,54,0,780,0,0,0,780
01/08/2014,MCO,FL,ASO,ES,Towers with Radar,700,50,42,2,794,0,2,10,0,12,700,52,52,2,806,0,0,0,806
01/09/2014,MCO,FL,ASO,ES,Towers with Radar,728,47,38,0,813,0,2,0,0,2,728,49,38,0,815,0,0,0,815
01/10/2014,MCO,FL,ASO,ES,Towers with Radar,710,45,36,2,793,0,0,4,0,4,710,45,40,2,797,0,0,0,797
01/11/2014,MCO,FL,ASO,ES,Towers with Radar,744,22,26,0,792,0,1,3,0,4,744,23,29,0,796,0,0,0,796
01/12/2014,MCO,FL,ASO,ES,Towers with Radar,725,32,42,0,799,0,0,5,2,7,725,32,47,2,806,0,0,0,806
01/13/2014,MCO,FL,ASO,ES,Towers with Radar,696,46,34,0,776,0,0,4,0,4,696,46,38,0,780,0,0,0,780
01/14/2014,MCO,FL,ASO,ES,Towers with Radar,676,53,51,0,780,0,1,7,0,8,676,54,58,0,788,0,0,0,788
01/15/2014,MCO,FL,ASO,ES,Towers with Radar,679,52,54,1,786,0,1,15,0,16,679,53,69,1,802,0,0,0,802
01/16/2014,MCO,FL,ASO,ES,Towers with Radar,711,47,40,0,798,0,1,13,0,14,711,48,53,0,812,0,0,0,812
01/17/2014,MCO,FL,ASO,ES,Towers with Radar,713,46,43,0,802,0,1,13,0,14,713,47,56,0,816,0,0,0,816
01/18/2014,MCO,FL,ASO,ES,Towers with Radar,751,26,34,1,812,0,1,8,0,9,751,27,42,1,821,0,0,0,821
01/19/2014,MCO,FL,ASO,ES,Towers with Radar,693,25,42,0,760,0,3,6,0,9,693,28,48,0,769,0,0,0,769
01/20/2014,MCO,FL,ASO,ES,Towers with Radar,692,41,32,2,767,0,3,5,0,8,692,44,37,2,775,0,0,0,775
01/21/2014,MCO,FL,ASO,ES,Towers with Radar,585,55,58,0,698,0,1,4,0,5,585,56,62,0,703,0,0,0,703
01/22/2014,MCO,FL,ASO,ES,Towers with Radar,647,44,58,0,749,0,1,16,0,17,647,45,74,0,766,0,0,0,766
01/23/2014,MCO,FL,ASO,ES,Towers with Radar,711,57,59,0,827,0,1,9,0,10,711,58,68,0,837,0,0,0,837
01/24/2014,MCO,FL,ASO,ES,Towers with Radar,699,41,49,0,789,0,1,11,0,12,699,42,60,0,801,0,0,0,801
01/25/2014,MCO,FL,ASO,ES,Towers with Radar,752,30,31,0,813,0,3,1,0,4,752,33,32,0,817,0,0,0,817
01/26/2014,MCO,FL,ASO,ES,Towers with Radar,687,33,34,0,754,0,0,2,0,2,687,33,36,0,756,0,0,0,756
01/27/2014,MCO,FL,ASO,ES,Towers with Radar,689,34,20,0,743,0,0,5,0,5,689,34,25,0,748,0,0,0,748
01/28/2014,MCO,FL,ASO,ES,Towers with Radar,641,33,19,0,693,0,1,2,0,3,641,34,21,0,696,0,0,0,696
01/29/2014,MCO,FL,ASO,ES,Towers with Radar,642,29,41,0,712,0,0,0,0,0,642,29,41,0,712,0,0,0,712
01/30/2014,MCO,FL,ASO,ES,Towers with Radar,699,38,42,0,779,1,0,0,0,1,700,38,42,0,780,0,0,0,780
01/31/2014,MCO,FL,ASO,ES,Towers with Radar,705,42,40,0,787,0,1,0,0,1,705,43,40,0,788,0,0,0,788
02/01/2014,MCO,FL,ASO,ES,Towers with Radar,755,27,24,0,806,0,0,2,0,2,755,27,26,0,808,0,0,0,808
02/02/2014,MCO,FL,ASO,ES,Towers with Radar,668,24,40,0,732,0,3,2,0,5,668,27,42,0,737,0,0,0,737
02/03/2014,MCO,FL,ASO,ES,Towers with Radar,664,34,45,0,743,0,0,10,0,10,664,34,55,0,753,0,0,0,753
02/04/2014,MCO,FL,ASO,ES,Towers with Radar,654,49,35,0,738,0,0,5,0,5,654,49,40,0,743,0,0,0,743
02/05/2014,MCO,FL,ASO,ES,Towers with Radar,611,50,36,0,697,0,0,1,0,1,611,50,37,0,698,0,0,0,698
02/06/2014,MCO,FL,ASO,ES,Towers with Radar,719,50,62,0,831,0,2,0,0,2,719,52,62,0,833,0,0,0,833
02/07/2014,MCO,FL,ASO,ES,Towers with Radar,703,32,38,1,774,0,0,0,0,0,703,32,38,1,774,0,0,0,774
02/08/2014,MCO,FL,ASO,ES,Towers with Radar,761,22,31,3,817,0,0,0,0,0,761,22,31,3,817,0,0,0,817
02/09/2014,MCO,FL,ASO,ES,Towers with Radar,689,33,48,1,771,0,1,12,1,14,689,34,60,2,785,0,0,0,785
02/10/2014,MCO,FL,ASO,ES,Towers with Radar,699,42,34,1,776,0,0,11,0,11,699,42,45,1,787,0,0,0,787
02/11/2014,MCO,FL,ASO,ES,Towers with Radar,663,62,47,0,772,0,1,10,0,11,663,63,57,0,783,0,0,0,783
02/12/2014,MCO,FL,ASO,ES,Towers with Radar,647,65,52,0,764,0,2,0,0,2,647,67,52,0,766,0,0,0,766
02/13/2014,MCO,FL,ASO,ES,Towers with Radar,616,74,66,1,757,0,1,4,0,5,616,75,70,1,762,0,0,0,762
02/14/2014,MCO,FL,ASO,ES,Towers with Radar,744,58,51,1,854,0,0,7,0,7,744,58,58,1,861,0,0,0,861
02/15/2014,MCO,FL,ASO,ES,Towers with Radar,834,33,50,2,919,0,1,5,0,6,834,34,55,2,925,0,0,0,925
02/16/2014,MCO,FL,ASO,ES,Towers with Radar,749,42,50,1,842,0,2,5,0,7,749,44,55,1,849,0,0,0,849
02/17/2014,MCO,FL,ASO,ES,Towers with Radar,748,48,51,2,849,0,0,13,0,13,748,48,64,2,862,0,0,0,862
02/18/2014,MCO,FL,ASO,ES,Towers with Radar,754,48,39,0,841,0,1,11,0,12,754,49,50,0,853,0,0,0,853
02/19/2014,MCO,FL,ASO,ES,Towers with Radar,757,46,46,7,856,0,2,12,0,14,757,48,58,7,870,0,0,0,870
02/20/2014,MCO,FL,ASO,ES,Towers with Radar,787,48,47,7,889,0,1,6,1,8,787,49,53,8,897,0,0,0,897
02/21/2014,MCO,FL,ASO,ES,Towers with Radar,733,47,46,8,834,1,2,1,0,4,734,49,47,8,838,0,0,0,838
02/22/2014,MCO,FL,ASO,ES,Towers with Radar,898,31,47,2,978,0,1,3,0,4,898,32,50,2,982,0,0,0,982
02/23/2014,MCO,FL,ASO,ES,Towers with Radar,760,44,52,0,856,0,2,3,0,5,760,46,55,0,861,0,0,0,861
02/24/2014,MCO,FL,ASO,ES,Towers with Radar,770,51,51,0,872,0,0,2,0,2,770,51,53,0,874,0,0,0,874
02/25/2014,MCO,FL,ASO,ES,Towers with Radar,755,62,37,0,854,0,1,2,0,3,755,63,39,0,857,0,0,0,857
02/26/2014,MCO,FL,ASO,ES,Towers with Radar,754,57,44,1,856,0,2,2,0,4,754,59,46,1,860,0,0,0,860
02/27/2014,MCO,FL,ASO,ES,Towers with Radar,787,46,46,2,881,0,3,0,0,3,787,49,46,2,884,0,0,0,884
02/28/2014,MCO,FL,ASO,ES,Towers with Radar,774,38,55,2,869,0,1,8,0,9,774,39,63,2,878,0,0,0,878
03/01/2014,MCO,FL,ASO,ES,Towers with Radar,861,30,33,2,926,0,1,3,0,4,861,31,36,2,930,0,0,0,930
03/02/2014,MCO,FL,ASO,ES,Towers with Radar,726,34,53,0,813,0,1,1,0,2,726,35,54,0,815,0,0,0,815
03/03/2014,MCO,FL,ASO,ES,Towers with Radar,712,54,60,0,826,1,2,9,0,12,713,56,69,0,838,0,0,0,838
03/04/2014,MCO,FL,ASO,ES,Towers with Radar,769,73,65,0,907,0,1,8,0,9,769,74,73,0,916,0,0,0,916
03/05/2014,MCO,FL,ASO,ES,Towers with Radar,778,61,71,0,910,0,0,7,0,7,778,61,78,0,917,0,0,0,917
03/06/2014,MCO,FL,ASO,ES,Towers with Radar,797,46,81,2,926,0,0,4,1,5,797,46,85,3,931,0,0,0,931
03/07/2014,MCO,FL,ASO,ES,Towers with Radar,796,46,66,5,913,0,0,3,0,3,796,46,69,5,916,0,0,0,916
03/08/2014,MCO,FL,ASO,ES,Towers with Radar,952,21,44,0,1017,0,0,5,0,5,952,21,49,0,1022,0,0,0,1022
03/09/2014,MCO,FL,ASO,ES,Towers with Radar,772,33,47,4,856,0,0,13,0,13,772,33,60,4,869,0,0,0,869
03/10/2014,MCO,FL,ASO,ES,Towers with Radar,792,35,52,0,879,0,0,4,0,4,792,35,56,0,883,0,0,0,883
03/11/2014,MCO,FL,ASO,ES,Towers with Radar,782,59,37,0,878,0,1,0,0,1,782,60,37,0,879,0,0,0,879
03/12/2014,MCO,FL,ASO,ES,Towers with Radar,755,51,50,0,856,1,1,5,0,7,756,52,55,0,863,0,0,0,863
03/13/2014,MCO,FL,ASO,ES,Towers with Radar,817,57,70,2,946,0,3,15,0,18,817,60,85,2,964,0,0,0,964
03/14/2014,MCO,FL,ASO,ES,Towers with Radar,804,53,61,2,920,0,1,20,0,21,804,54,81,2,941,0,0,0,941
03/15/2014,MCO,FL,ASO,ES,Towers with Radar,942,25,27,0,994,1,1,9,0,11,943,26,36,0,1005,0,0,0,1005
03/16/2014,MCO,FL,ASO,ES,Towers with Radar,760,34,37,2,833,0,3,10,2,15,760,37,47,4,848,0,0,0,848
03/17/2014,MCO,FL,ASO,ES,Towers with Radar,773,51,30,0,854,0,1,1,0,2,773,52,31,0,856,0,0,0,856
03/18/2014,MCO,FL,ASO,ES,Towers with Radar,806,52,36,0,894,0,1,10,0,11,806,53,46,0,905,0,0,0,905
03/19/2014,MCO,FL,ASO,ES,Towers with Radar,802,55,57,1,915,0,0,18,0,18,802,55,75,1,933,0,0,0,933
03/20/2014,MCO,FL,ASO,ES,Towers with Radar,824,54,60,2,940,0,1,8,0,9,824,55,68,2,949,0,0,0,949
03/21/2014,MCO,FL,ASO,ES,Towers with Radar,810,50,56,3,919,0,0,9,4,13,810,50,65,7,932,0,0,0,932
03/22/2014,MCO,FL,ASO,ES,Towers with Radar,948,34,38,0,1020,0,1,2,0,3,948,35,40,0,1023,0,0,0,1023
03/23/2014,MCO,FL,ASO,ES,Towers with Radar,774,40,75,6,895,0,0,8,2,10,774,40,83,8,905,0,0,0,905
03/24/2014,MCO,FL,ASO,ES,Towers with Radar,790,46,47,0,883,0,0,4,0,4,790,46,51,0,887,0,0,0,887
03/25/2014,MCO,FL,ASO,ES,Towers with Radar,795,38,45,0,878,0,0,0,1,1,795,38,45,1,879,0,0,0,879
03/26/2014,MCO,FL,ASO,ES,Towers with Radar,780,43,67,0,890,0,1,10,1,12,780,44,77,1,902,0,0,0,902
03/27/2014,MCO,FL,ASO,ES,Towers with Radar,821,44,39,0,904,0,0,14,1,15,821,44,53,1,919,0,0,0,919
03/28/2014,MCO,FL,ASO,ES,Towers with Radar,791,38,33,0,862,1,1,9,1,12,792,39,42,1,874,0,0,0,874
03/29/2014,MCO,FL,ASO,ES,Towers with Radar,912,23,26,0,961,0,2,8,0,10,912,25,34,0,971,0,0,0,971
03/30/2014,MCO,FL,ASO,ES,Towers with Radar,807,25,30,0,862,0,0,12,0,12,807,25,42,0,874,0,0,0,874
03/31/2014,MCO,FL,ASO,ES,Towers with Radar,791,50,34,0,875,0,1,14,0,15,791,51,48,0,890,0,0,0,890
04/01/2014,MCO,FL,ASO,ES,Towers with Radar,775,47,42,2,866,0,3,20,0,23,775,50,62,2,889,0,0,0,889
04/02/2014,MCO,FL,ASO,ES,Towers with Radar,768,42,43,2,855,0,1,10,0,11,768,43,53,2,866,0,0,0,866
04/03/2014,MCO,FL,ASO,ES,Towers with Radar,786,49,39,0,874,0,1,8,0,9,786,50,47,0,883,0,0,0,883
04/04/2014,MCO,FL,ASO,ES,Towers with Radar,782,35,37,5,859,0,1,14,1,16,782,36,51,6,875,0,0,0,875
04/05/2014,MCO,FL,ASO,ES,Towers with Radar,945,26,25,0,996,0,3,3,0,6,945,29,28,0,1002,0,0,0,1002
04/06/2014,MCO,FL,ASO,ES,Towers with Radar,772,39,38,1,850,0,0,14,0,14,772,39,52,1,864,0,0,0,864
04/07/2014,MCO,FL,ASO,ES,Towers with Radar,759,35,27,0,821,0,0,5,0,5,759,35,32,0,826,0,0,0,826
04/08/2014,MCO,FL,ASO,ES,Towers with Radar,751,48,34,0,833,0,3,7,1,11,751,51,41,1,844,0,0,0,844
04/09/2014,MCO,FL,ASO,ES,Towers with Radar,748,40,34,1,823,0,0,6,1,7,748,40,40,2,830,0,0,0,830
04/10/2014,MCO,FL,ASO,ES,Towers with Radar,764,47,29,5,845,0,0,7,0,7,764,47,36,5,852,0,0,0,852
04/11/2014,MCO,FL,ASO,ES,Towers with Radar,771,43,54,1,869,0,2,11,0,13,771,45,65,1,882,0,0,0,882
04/12/2014,MCO,FL,ASO,ES,Towers with Radar,851,34,40,8,933,1,0,5,0,6,852,34,45,8,939,0,0,0,939
04/13/2014,MCO,FL,ASO,ES,Towers with Radar,758,40,43,1,842,0,0,10,0,10,758,40,53,1,852,0,0,0,852
04/14/2014,MCO,FL,ASO,ES,Towers with Radar,739,52,26,1,818,0,0,5,0,5,739,52,31,1,823,0,0,0,823
04/15/2014,MCO,FL,ASO,ES,Towers with Radar,729,43,23,1,796,0,1,3,0,4,729,44,26,1,800,0,0,0,800
04/16/2014,MCO,FL,ASO,ES,Towers with Radar,755,50,37,0,842,0,0,7,0,7,755,50,44,0,849,0,0,0,849
04/17/2014,MCO,FL,ASO,ES,Towers with Radar,770,48,59,2,879,0,1,4,0,5,770,49,63,2,884,0,0,0,884
04/18/2014,MCO,FL,ASO,ES,Towers with Radar,768,51,35,0,854,0,1,0,0,1,768,52,35,0,855,0,0,0,855
04/19/2014,MCO,FL,ASO,ES,Towers with Radar,842,44,27,0,913,0,0,8,0,8,842,44,35,0,921,0,0,0,921
04/20/2014,MCO,FL,ASO,ES,Towers with Radar,759,36,37,0,832,0,0,4,0,4,759,36,41,0,836,0,0,0,836
04/21/2014,MCO,FL,ASO,ES,Towers with Radar,749,48,59,0,856,0,0,14,0,14,749,48,73,0,870,0,0,0,870
04/22/2014,MCO,FL,ASO,ES,Towers with Radar,748,59,40,2,849,0,0,4,0,4,748,59,44,2,853,0,0,0,853
04/23/2014,MCO,FL,ASO,ES,Towers with Radar,741,39,39,0,819,0,0,16,0,16,741,39,55,0,835,0,0,0,835
04/24/2014,MCO,FL,ASO,ES,Towers with Radar,781,42,34,2,859,0,0,12,0,12,781,42,46,2,871,0,0,0,871
04/25/2014,MCO,FL,ASO,ES,Towers with Radar,767,42,34,2,845,0,0,10,0,10,767,42,44,2,855,0,0,0,855
04/26/2014,MCO,FL,ASO,ES,Towers with Radar,849,25,47,0,921,0,1,5,0,6,849,26,52,0,927,0,0,0,927
04/27/2014,MCO,FL,ASO,ES,Towers with Radar,755,34,46,2,837,0,1,4,0,5,755,35,50,2,842,0,0,0,842
04/28/2014,MCO,FL,ASO,ES,Towers with Radar,743,43,32,6,824,0,0,7,0,7,743,43,39,6,831,0,0,0,831
04/29/2014,MCO,FL,ASO,ES,Towers with Radar,699,53,54,0,806,4,1,8,0,13,703,54,62,0,819,0,0,0,819
04/30/2014,MCO,FL,ASO,ES,Towers with Radar,717,43,40,0,800,0,1,8,0,9,717,44,48,0,809,0,0,0,809
05/01/2014,MCO,FL,ASO,ES,Towers with Radar,764,53,49,0,866,0,1,12,0,13,764,54,61,0,879,0,0,0,879
05/02/2014,MCO,FL,ASO,ES,Towers with Radar,763,44,37,0,844,0,1,3,0,4,763,45,40,0,848,0,0,0,848
05/03/2014,MCO,FL,ASO,ES,Towers with Radar,829,26,22,0,877,0,0,0,0,0,829,26,22,0,877,0,0,0,877
05/04/2014,MCO,FL,ASO,ES,Towers with Radar,732,37,46,0,815,0,0,5,0,5,732,37,51,0,820,0,0,0,820
05/05/2014,MCO,FL,ASO,ES,Towers with Radar,734,41,38,1,814,0,0,10,0,10,734,41,48,1,824,0,0,0,824
05/06/2014,MCO,FL,ASO,ES,Towers with Radar,716,48,28,0,792,0,1,18,0,19,716,49,46,0,811,0,0,0,811
05/07/2014,MCO,FL,ASO,ES,Towers with Radar,711,45,36,3,795,0,1,4,0,5,711,46,40,3,800,0,0,0,800
05/08/2014,MCO,FL,ASO,ES,Towers with Radar,706,49,44,0,799,0,0,7,0,7,706,49,51,0,806,0,0,0,806
05/09/2014,MCO,FL,ASO,ES,Towers with Radar,750,41,27,0,818,0,1,7,0,8,750,42,34,0,826,0,0,0,826
05/10/2014,MCO,FL,ASO,ES,Towers with Radar,796,25,24,0,845,0,0,0,0,0,796,25,24,0,845,0,0,0,845
05/11/2014,MCO,FL,ASO,ES,Towers with Radar,715,31,26,0,772,0,0,2,0,2,715,31,28,0,774,0,0,0,774
05/12/2014,MCO,FL,ASO,ES,Towers with Radar,708,43,23,2,776,0,0,3,0,3,708,43,26,2,779,0,0,0,779
05/13/2014,MCO,FL,ASO,ES,Towers with Radar,696,41,44,4,785,1,0,6,0,7,697,41,50,4,792,0,0,0,792
05/14/2014,MCO,FL,ASO,ES,Towers with Radar,715,43,50,0,808,0,0,12,0,12,715,43,62,0,820,0,0,0,820
05/15/2014,MCO,FL,ASO,ES,Towers with Radar,697,43,50,0,790,0,0,4,0,4,697,43,54,0,794,0,0,0,794
05/16/2014,MCO,FL,ASO,ES,Towers with Radar,741,42,28,2,813,0,0,7,0,7,741,42,35,2,820,0,0,0,820
05/17/2014,MCO,FL,ASO,ES,Towers with Radar,810,22,18,1,851,0,1,9,0,10,810,23,27,1,861,0,0,0,861
05/18/2014,MCO,FL,ASO,ES,Towers with Radar,705,34,31,2,772,1,2,6,1,10,706,36,37,3,782,0,0,0,782
05/19/2014,MCO,FL,ASO,ES,Towers with Radar,727,45,36,1,809,0,2,8,0,10,727,47,44,1,819,0,0,0,819
05/20/2014,MCO,FL,ASO,ES,Towers with Radar,713,51,29,0,793,0,3,7,0,10,713,54,36,0,803,0,0,0,803
05/21/2014,MCO,FL,ASO,ES,Towers with Radar,709,46,51,0,806,0,2,10,0,12,709,48,61,0,818,0,0,0,818
05/22/2014,MCO,FL,ASO,ES,Towers with Radar,713,47,27,0,787,0,1,8,0,9,713,48,35,0,796,0,0,0,796
05/23/2014,MCO,FL,ASO,ES,Towers with Radar,756,46,43,1,846,0,1,17,0,18,756,47,60,1,864,0,0,0,864
05/24/2014,MCO,FL,ASO,ES,Towers with Radar,779,23,22,0,824,0,1,12,0,13,779,24,34,0,837,0,0,0,837
05/25/2014,MCO,FL,ASO,ES,Towers with Radar,673,27,21,0,721,0,0,8,0,8,673,27,29,0,729,0,0,0,729
05/26/2014,MCO,FL,ASO,ES,Towers with Radar,695,39,18,0,752,0,0,10,0,10,695,39,28,0,762,0,0,0,762
05/27/2014,MCO,FL,ASO,ES,Towers with Radar,704,43,27,0,774,0,0,5,0,5,704,43,32,0,779,0,0,0,779
05/28/2014,MCO,FL,ASO,ES,Towers with Radar,736,41,28,2,807,0,1,2,0,3,736,42,30,2,810,0,0,0,810
05/29/2014,MCO,FL,ASO,ES,Towers with Radar,724,46,35,4,809,0,1,2,0,3,724,47,37,4,812,0,0,0,812
05/30/2014,MCO,FL,ASO,ES,Towers with Radar,740,46,24,1,811,0,1,7,0,8,740,47,31,1,819,0,0,0,819
05/31/2014,MCO,FL,ASO,ES,Towers with Radar,799,24,22,0,845,0,1,6,0,7,799,25,28,0,852,0,0,0,852
06/01/2014,MCO,FL,ASO,ES,Towers with Radar,719,30,28,2,779,0,0,6,0,6,719,30,34,2,785,0,0,0,785
06/02/2014,MCO,FL,ASO,ES,Towers with Radar,726,44,45,2,817,0,0,8,0,8,726,44,53,2,825,0,0,0,825
06/03/2014,MCO,FL,ASO,ES,Towers with Radar,716,55,33,3,807,0,3,11,0,14,716,58,44,3,821,0,0,0,821
06/04/2014,MCO,FL,ASO,ES,Towers with Radar,710,52,48,0,810,0,1,9,0,10,710,53,57,0,820,0,0,0,820
06/05/2014,MCO,FL,ASO,ES,Towers with Radar,740,49,28,0,817,0,2,6,0,8,740,51,34,0,825,0,0,0,825
06/06/2014,MCO,FL,ASO,ES,Towers with Radar,752,37,38,0,827,0,1,4,0,5,752,38,42,0,832,0,0,0,832
06/07/2014,MCO,FL,ASO,ES,Towers with Radar,823,22,20,0,865,0,2,2,0,4,823,24,22,0,869,0,0,0,869
06/08/2014,MCO,FL,ASO,ES,Towers with Radar,734,17,33,0,784,0,0,5,0,5,734,17,38,0,789,0,0,0,789
06/09/2014,MCO,FL,ASO,ES,Towers with Radar,726,39,27,0,792,0,1,3,0,4,726,40,30,0,796,0,0,0,796
06/10/2014,MCO,FL,ASO,ES,Towers with Radar,723,44,34,0,801,0,1,4,0,5,723,45,38,0,806,0,0,0,806
06/11/2014,MCO,FL,ASO,ES,Towers with Radar,701,39,42,0,782,0,0,2,1,3,701,39,44,1,785,0,0,0,785
06/12/2014,MCO,FL,ASO,ES,Towers with Radar,726,41,37,0,804,0,3,3,0,6,726,44,40,0,810,0,0,0,810
06/13/2014,MCO,FL,ASO,ES,Towers with Radar,735,49,33,0,817,0,1,7,1,9,735,50,40,1,826,0,0,0,826
06/14/2014,MCO,FL,ASO,ES,Towers with Radar,882,33,19,6,940,0,0,1,0,1,882,33,20,6,941,0,0,0,941
06/15/2014,MCO,FL,ASO,ES,Towers with Radar,738,40,30,0,808,0,0,4,0,4,738,40,34,0,812,0,0,0,812
06/16/2014,MCO,FL,ASO,ES,Towers with Radar,732,40,46,1,819,1,0,5,0,6,733,40,51,1,825,0,0,0,825
06/17/2014,MCO,FL,ASO,ES,Towers with Radar,721,51,38,3,813,0,1,10,0,11,721,52,48,3,824,0,0,0,824
06/18/2014,MCO,FL,ASO,ES,Towers with Radar,722,44,45,4,815,0,1,7,0,8,722,45,52,4,823,0,0,0,823
06/19/2014,MCO,FL,ASO,ES,Towers with Radar,732,42,38,1,813,0,1,5,0,6,732,43,43,1,819,0,0,0,819
06/20/2014,MCO,FL,ASO,ES,Towers with Radar,768,43,34,0,845,0,1,8,0,9,768,44,42,0,854,0,0,0,854
06/21/2014,MCO,FL,ASO,ES,Towers with Radar,881,24,32,4,941,0,1,5,1,7,881,25,37,5,948,0,0,0,948
06/22/2014,MCO,FL,ASO,ES,Towers with Radar,729,31,25,0,785,0,0,1,0,1,729,31,26,0,786,0,0,0,786
06/23/2014,MCO,FL,ASO,ES,Towers with Radar,731,48,24,0,803,0,0,5,0,5,731,48,29,0,808,0,0,0,808
06/24/2014,MCO,FL,ASO,ES,Towers with Radar,742,54,30,0,826,0,1,11,2,14,742,55,41,2,840,0,0,0,840
06/25/2014,MCO,FL,ASO,ES,Towers with Radar,729,49,40,0,818,0,1,5,0,6,729,50,45,0,824,0,0,0,824
06/26/2014,MCO,FL,ASO,ES,Towers with Radar,755,39,42,0,836,1,0,14,1,16,756,39,56,1,852,0,0,0,852
06/27/2014,MCO,FL,ASO,ES,Towers with Radar,758,42,21,2,823,0,2,8,1,11,758,44,29,3,834,0,0,0,834
06/28/2014,MCO,FL,ASO,ES,Towers with Radar,892,28,32,4,956,0,1,2,0,3,892,29,34,4,959,0,0,0,959
06/29/2014,MCO,FL,ASO,ES,Towers with Radar,735,36,32,2,805,0,0,4,0,4,735,36,36,2,809,0,0,0,809
06/30/2014,MCO,FL,ASO,ES,Towers with Radar,741,44,29,0,814,0,1,5,0,6,741,45,34,0,820,0,0,0,820
07/01/2014,MCO,FL,ASO,ES,Towers with Radar,723,43,28,3,797,1,2,11,1,15,724,45,39,4,812,0,0,0,812
07/02/2014,MCO,FL,ASO,ES,Towers with Radar,727,50,29,2,808,0,1,10,0,11,727,51,39,2,819,0,0,0,819
07/03/2014,MCO,FL,ASO,ES,Towers with Radar,715,40,27,0,782,0,1,10,0,11,715,41,37,0,793,0,0,0,793
07/04/2014,MCO,FL,ASO,ES,Towers with Radar,618,25,9,0,652,0,2,9,0,11,618,27,18,0,663,0,0,0,663
07/05/2014,MCO,FL,ASO,ES,Towers with Radar,855,25,22,0,902,0,0,10,0,10,855,25,32,0,912,0,0,0,912
07/06/2014,MCO,FL,ASO,ES,Towers with Radar,743,33,25,0,801,0,0,0,0,0,743,33,25,0,801,0,0,0,801
07/07/2014,MCO,FL,ASO,ES,Towers with Radar,747,41,28,0,816,0,0,3,0,3,747,41,31,0,819,0,0,0,819
07/08/2014,MCO,FL,ASO,ES,Towers with Radar,742,51,20,0,813,0,1,8,0,9,742,52,28,0,822,0,0,0,822
07/09/2014,MCO,FL,ASO,ES,Towers with Radar,755,49,39,2,845,0,2,5,0,7,755,51,44,2,852,0,0,0,852
07/10/2014,MCO,FL,ASO,ES,Towers with Radar,766,41,33,0,840,0,0,8,0,8,766,41,41,0,848,0,0,0,848
07/11/2014,MCO,FL,ASO,ES,Towers with Radar,786,37,30,0,853,0,2,1,0,3,786,39,31,0,856,0,0,0,856
07/12/2014,MCO,FL,ASO,ES,Towers with Radar,884,31,23,0,938,1,0,0,0,1,885,31,23,0,939,0,0,0,939
07/13/2014,MCO,FL,ASO,ES,Towers with Radar,741,30,30,2,803,0,1,5,1,7,741,31,35,3,810,0,0,0,810
07/14/2014,MCO,FL,ASO,ES,Towers with Radar,722,42,32,0,796,0,1,13,0,14,722,43,45,0,810,0,0,0,810
07/15/2014,MCO,FL,ASO,ES,Towers with Radar,709,51,35,0,795,2,0,7,0,9,711,51,42,0,804,0,0,0,804
07/16/2014,MCO,FL,ASO,ES,Towers with Radar,757,51,28,0,836,0,1,2,0,3,757,52,30,0,839,0,0,0,839
07/17/2014,MCO,FL,ASO,ES,Towers with Radar,778,49,42,0,869,0,0,7,0,7,778,49,49,0,876,0,0,0,876
07/18/2014,MCO,FL,ASO,ES,Towers with Radar,761,45,27,0,833,0,0,5,0,5,761,45,32,0,838,0,0,0,838
07/19/2014,MCO,FL,ASO,ES,Towers with Radar,886,27,16,0,929,0,0,5,0,5,886,27,21,0,934,0,0,0,934
07/20/2014,MCO,FL,ASO,ES,Towers with Radar,746,36,32,0,814,0,0,10,0,10,746,36,42,0,824,0,0,0,824
07/21/2014,MCO,FL,ASO,ES,Towers with Radar,727,43,32,0,802,0,1,5,0,6,727,44,37,0,808,0,0,0,808
07/22/2014,MCO,FL,ASO,ES,Towers with Radar,751,47,30,0,828,0,1,4,0,5,751,48,34,0,833,0,0,0,833
07/23/2014,MCO,FL,ASO,ES,Towers with Radar,715,43,49,0,807,1,2,12,2,17,716,45,61,2,824,0,0,0,824
07/24/2014,MCO,FL,ASO,ES,Towers with Radar,754,42,37,2,835,0,1,10,0,11,754,43,47,2,846,0,0,0,846
07/25/2014,MCO,FL,ASO,ES,Towers with Radar,770,44,41,1,856,0,1,8,0,9,770,45,49,1,865,0,0,0,865
07/26/2014,MCO,FL,ASO,ES,Towers with Radar,884,24,19,0,927,0,4,12,0,16,884,28,31,0,943,0,0,0,943
07/27/2014,MCO,FL,ASO,ES,Towers with Radar,735,29,17,1,782,0,0,5,0,5,735,29,22,1,787,0,0,0,787
07/28/2014,MCO,FL,ASO,ES,Towers with Radar,738,36,17,0,791,0,0,5,0,5,738,36,22,0,796,0,0,0,796
07/29/2014,MCO,FL,ASO,ES,Towers with Radar,750,44,22,0,816,0,1,6,0,7,750,45,28,0,823,0,0,0,823
07/30/2014,MCO,FL,ASO,ES,Towers with Radar,743,41,25,0,809,0,2,10,0,12,743,43,35,0,821,0,0,0,821
07/31/2014,MCO,FL,ASO,ES,Towers with Radar,760,41,31,0,832,0,0,10,0,10,760,41,41,0,842,0,0,0,842
08/01/2014,MCO,FL,ASO,ES,Towers with Radar,751,40,26,2,819,0,1,13,0,14,751,41,39,2,833,0,0,0,833
08/02/2014,MCO,FL,ASO,ES,Towers with Radar,893,27,16,0,936,1,0,2,0,3,894,27,18,0,939,0,0,0,939
08/03/2014,MCO,FL,ASO,ES,Towers with Radar,723,31,34,1,789,0,0,4,0,4,723,31,38,1,793,0,0,0,793
08/04/2014,MCO,FL,ASO,ES,Towers with Radar,757,35,20,4,816,0,0,6,0,6,757,35,26,4,822,0,0,0,822
08/05/2014,MCO,FL,ASO,ES,Towers with Radar,740,41,55,0,836,0,1,2,0,3,740,42,57,0,839,0,0,0,839
08/06/2014,MCO,FL,ASO,ES,Towers with Radar,749,38,40,0,827,0,1,5,0,6,749,39,45,0,833,0,0,0,833
08/07/2014,MCO,FL,ASO,ES,Towers with Radar,746,43,28,0,817,0,1,11,0,12,746,44,39,0,829,0,0,0,829
08/08/2014,MCO,FL,ASO,ES,Towers with Radar,757,38,23,0,818,0,1,5,0,6,757,39,28,0,824,0,0,0,824
08/09/2014,MCO,FL,ASO,ES,Towers with Radar,878,27,21,0,926,0,0,1,0,1,878,27,22,0,927,0,0,0,927
08/10/2014,MCO,FL,ASO,ES,Towers with Radar,703,32,26,0,761,0,0,1,0,1,703,32,27,0,762,0,0,0,762
08/11/2014,MCO,FL,ASO,ES,Towers with Radar,695,38,25,0,758,0,0,1,0,1,695,38,26,0,759,0,0,0,759
08/12/2014,MCO,FL,ASO,ES,Towers with Radar,675,45,31,0,751,0,3,8,0,11,675,48,39,0,762,0,0,0,762
08/13/2014,MCO,FL,ASO,ES,Towers with Radar,702,44,30,0,776,0,2,6,2,10,702,46,36,2,786,0,0,0,786
08/14/2014,MCO,FL,ASO,ES,Towers with Radar,703,44,34,0,781,0,0,6,0,6,703,44,40,0,787,0,0,0,787
08/15/2014,MCO,FL,ASO,ES,Towers with Radar,730,46,18,0,794,0,1,1,0,2,730,47,19,0,796,0,0,0,796
08/16/2014,MCO,FL,ASO,ES,Towers with Radar,766,22,8,0,796,0,0,1,0,1,766,22,9,0,797,0,0,0,797
08/17/2014,MCO,FL,ASO,ES,Towers with Radar,685,33,21,2,741,0,0,3,0,3,685,33,24,2,744,0,0,0,744
08/18/2014,MCO,FL,ASO,ES,Towers with Radar,679,44,26,0,749,0,0,9,0,9,679,44,35,0,758,0,0,0,758
08/19/2014,MCO,FL,ASO,ES,Towers with Radar,657,40,28,0,725,0,1,8,2,11,657,41,36,2,736,0,0,0,736
08/20/2014,MCO,FL,ASO,ES,Towers with Radar,669,35,33,0,737,0,1,19,0,20,669,36,52,0,757,0,0,0,757
08/21/2014,MCO,FL,ASO,ES,Towers with Radar,666,36,32,3,737,0,1,10,0,11,666,37,42,3,748,0,0,0,748
08/22/2014,MCO,FL,ASO,ES,Towers with Radar,677,41,35,2,755,0,1,10,1,12,677,42,45,3,767,0,0,0,767
08/23/2014,MCO,FL,ASO,ES,Towers with Radar,708,19,20,2,749,0,1,7,2,10,708,20,27,4,759,0,0,0,759
08/24/2014,MCO,FL,ASO,ES,Towers with Radar,651,21,32,1,705,0,1,11,0,12,651,22,43,1,717,0,0,0,717
08/25/2014,MCO,FL,ASO,ES,Towers with Radar,649,33,40,4,726,0,0,8,2,10,649,33,48,6,736,0,0,0,736
08/26/2014,MCO,FL,ASO,ES,Towers with Radar,667,43,40,0,750,0,1,6,3,10,667,44,46,3,760,0,0,0,760
08/27/2014,MCO,FL,ASO,ES,Towers with Radar,664,48,38,0,750,0,1,12,0,13,664,49,50,0,763,0,0,0,763
08/28/2014,MCO,FL,ASO,ES,Towers with Radar,673,39,30,0,742,0,1,9,0,10,673,40,39,0,752,0,0,0,752
08/29/2014,MCO,FL,ASO,ES,Towers with Radar,671,36,32,2,741,0,2,8,0,10,671,38,40,2,751,0,0,0,751
08/30/2014,MCO,FL,ASO,ES,Towers with Radar,678,19,17,0,714,0,3,11,0,14,678,22,28,0,728,0,0,0,728
08/31/2014,MCO,FL,ASO,ES,Towers with Radar,607,25,21,0,653,0,0,1,0,1,607,25,22,0,654,0,0,0,654
09/01/2014,MCO,FL,ASO,ES,Towers with Radar,617,30,32,0,679,0,0,4,0,4,617,30,36,0,683,0,0,0,683
09/02/2014,MCO,FL,ASO,ES,Towers with Radar,626,37,29,1,693,0,0,6,0,6,626,37,35,1,699,0,0,0,699
09/03/2014,MCO,FL,ASO,ES,Towers with Radar,588,44,37,2,671,0,2,6,0,8,588,46,43,2,679,0,0,0,679
09/04/2014,MCO,FL,ASO,ES,Towers with Radar,600,40,44,2,686,1,1,10,0,12,601,41,54,2,698,0,0,0,698
09/05/2014,MCO,FL,ASO,ES,Towers with Radar,598,41,32,1,672,0,2,5,1,8,598,43,37,2,680,0,0,0,680
09/06/2014,MCO,FL,ASO,ES,Towers with Radar,605,23,28,0,656,1,0,10,0,11,606,23,38,0,667,0,0,0,667
09/07/2014,MCO,FL,ASO,ES,Towers with Radar,610,27,24,0,661,0,0,4,0,4,610,27,28,0,665,0,0,0,665
09/08/2014,MCO,FL,ASO,ES,Towers with Radar,609,48,37,0,694,0,0,6,0,6,609,48,43,0,700,0,0,0,700
09/09/2014,MCO,FL,ASO,ES,Towers with Radar,586,49,31,2,668,0,1,5,2,8,586,50,36,4,676,0,0,0,676
09/10/2014,MCO,FL,ASO,ES,Towers with Radar,593,47,46,1,687,0,1,4,2,7,593,48,50,3,694,0,0,0,694
09/11/2014,MCO,FL,ASO,ES,Towers with Radar,615,44,29,1,689,0,2,4,0,6,615,46,33,1,695,0,0,0,695
09/12/2014,MCO,FL,ASO,ES,Towers with Radar,629,35,35,0,699,0,3,10,0,13,629,38,45,0,712,0,0,0,712
09/13/2014,MCO,FL,ASO,ES,Towers with Radar,628,21,17,0,666,0,2,6,0,8,628,23,23,0,674,0,0,0,674
09/14/2014,MCO,FL,ASO,ES,Towers with Radar,605,19,29,0,653,0,0,9,0,9,605,19,38,0,662,0,0,0,662
09/15/2014,MCO,FL,ASO,ES,Towers with Radar,617,41,31,0,689,0,2,9,0,11,617,43,40,0,700,0,0,0,700
09/16/2014,MCO,FL,ASO,ES,Towers with Radar,589,43,34,0,666,0,2,6,0,8,589,45,40,0,674,0,0,0,674
09/17/2014,MCO,FL,ASO,ES,Towers with Radar,596,39,35,1,671,0,1,1,0,2,596,40,36,1,673,0,0,0,673
09/18/2014,MCO,FL,ASO,ES,Towers with Radar,625,39,34,5,703,2,2,5,0,9,627,41,39,5,712,0,0,0,712
09/19/2014,MCO,FL,ASO,ES,Towers with Radar,630,38,30,1,699,0,1,1,0,2,630,39,31,1,701,0,0,0,701
09/20/2014,MCO,FL,ASO,ES,Towers with Radar,638,29,34,0,701,0,1,2,0,3,638,30,36,0,704,0,0,0,704
09/21/2014,MCO,FL,ASO,ES,Towers with Radar,622,36,32,1,691,0,0,8,0,8,622,36,40,1,699,0,0,0,699
09/22/2014,MCO,FL,ASO,ES,Towers with Radar,621,31,12,0,664,0,0,3,0,3,621,31,15,0,667,0,0,0,667
09/23/2014,MCO,FL,ASO,ES,Towers with Radar,599,47,24,0,670,0,0,2,0,2,599,47,26,0,672,0,0,0,672
09/24/2014,MCO,FL,ASO,ES,Towers with Radar,603,45,32,0,680,0,0,6,1,7,603,45,38,1,687,0,0,0,687
09/25/2014,MCO,FL,ASO,ES,Towers with Radar,630,42,41,0,713,0,0,6,0,6,630,42,47,0,719,0,0,0,719
09/26/2014,MCO,FL,ASO,ES,Towers with Radar,604,39,30,0,673,0,1,3,0,4,604,40,33,0,677,0,0,0,677
09/27/2014,MCO,FL,ASO,ES,Towers with Radar,634,25,23,0,682,0,1,2,0,3,634,26,25,0,685,0,0,0,685
09/28/2014,MCO,FL,ASO,ES,Towers with Radar,617,26,29,0,672,0,0,2,0,2,617,26,31,0,674,0,0,0,674
09/29/2014,MCO,FL,ASO,ES,Towers with Radar,618,37,23,0,678,0,0,2,0,2,618,37,25,0,680,0,0,0,680
09/30/2014,MCO,FL,ASO,ES,Towers with Radar,607,47,59,0,713,0,0,2,0,2,607,47,61,0,715,0,0,0,715
10/01/2014,MCO,FL,ASO,ES,Towers with Radar,618,42,41,2,703,0,2,7,0,9,618,44,48,2,712,0,0,0,712
10/02/2014,MCO,FL,ASO,ES,Towers with Radar,641,45,41,0,727,0,2,8,0,10,641,47,49,0,737,0,0,0,737
10/03/2014,MCO,FL,ASO,ES,Towers with Radar,656,41,33,1,731,1,0,9,0,10,657,41,42,1,741,0,0,0,741
10/04/2014,MCO,FL,ASO,ES,Towers with Radar,667,30,17,0,714,1,1,13,1,16,668,31,30,1,730,0,0,0,730
10/05/2014,MCO,FL,ASO,ES,Towers with Radar,647,25,34,1,707,0,0,3,0,3,647,25,37,1,710,0,0,0,710
10/06/2014,MCO,FL,ASO,ES,Towers with Radar,641,29,33,0,703,0,1,8,0,9,641,30,41,0,712,0,0,0,712
10/07/2014,MCO,FL,ASO,ES,Towers with Radar,638,45,35,0,718,0,0,1,0,1,638,45,36,0,719,0,0,0,719
10/08/2014,MCO,FL,ASO,ES,Towers with Radar,643,47,25,3,718,0,1,9,0,10,643,48,34,3,728,0,0,0,728
10/09/2014,MCO,FL,ASO,ES,Towers with Radar,668,41,48,1,758,0,1,6,0,7,668,42,54,1,765,0,0,0,765
10/10/2014,MCO,FL,ASO,ES,Towers with Radar,668,54,63,2,787,0,1,12,0,13,668,55,75,2,800,0,0,0,800
10/11/2014,MCO,FL,ASO,ES,Towers with Radar,688,28,24,0,740,1,1,7,0,9,689,29,31,0,749,0,0,0,749
10/12/2014,MCO,FL,ASO,ES,Towers with Radar,657,25,41,2,725,0,0,0,0,0,657,25,41,2,725,0,0,0,725
10/13/2014,MCO,FL,ASO,ES,Towers with Radar,652,34,56,0,742,0,0,18,0,18,652,34,74,0,760,0,0,0,760
10/14/2014,MCO,FL,ASO,ES,Towers with Radar,638,48,39,0,725,0,1,4,0,5,638,49,43,0,730,0,0,0,730
10/15/2014,MCO,FL,ASO,ES,Towers with Radar,649,48,59,0,756,0,1,8,0,9,649,49,67,0,765,0,0,0,765
10/16/2014,MCO,FL,ASO,ES,Towers with Radar,660,53,49,0,762,0,3,12,0,15,660,56,61,0,777,0,0,0,777
10/17/2014,MCO,FL,ASO,ES,Towers with Radar,685,44,48,4,781,0,1,17,0,18,685,45,65,4,799,0,0,0,799
10/18/2014,MCO,FL,ASO,ES,Towers with Radar,694,23,34,0,751,0,1,6,0,7,694,24,40,0,758,0,0,0,758
10/19/2014,MCO,FL,ASO,ES,Towers with Radar,678,27,60,4,769,0,0,5,0,5,678,27,65,4,774,0,0,0,774
10/20/2014,MCO,FL,ASO,ES,Towers with Radar,650,60,72,2,784,1,0,15,0,16,651,60,87,2,800,0,0,0,800
10/21/2014,MCO,FL,ASO,ES,Towers with Radar,637,54,70,1,762,0,3,17,0,20,637,57,87,1,782,0,0,0,782
10/22/2014,MCO,FL,ASO,ES,Towers with Radar,654,61,74,2,791,0,2,12,0,14,654,63,86,2,805,0,0,0,805
10/23/2014,MCO,FL,ASO,ES,Towers with Radar,670,47,91,2,810,0,2,22,0,24,670,49,113,2,834,0,0,0,834
10/24/2014,MCO,FL,ASO,ES,Towers with Radar,681,42,79,0,802,0,1,10,0,11,681,43,89,0,813,0,0,0,813
10/25/2014,MCO,FL,ASO,ES,Towers with Radar,693,27,28,1,749,0,1,6,0,7,693,28,34,1,756,0,0,0,756
10/26/2014,MCO,FL,ASO,ES,Towers with Radar,666,25,46,0,737,0,0,14,0,14,666,25,60,0,751,0,0,0,751
10/27/2014,MCO,FL,ASO,ES,Towers with Radar,667,41,42,1,751,0,1,10,0,11,667,42,52,1,762,0,0,0,762
10/28/2014,MCO,FL,ASO,ES,Towers with Radar,656,45,37,0,738,0,1,5,0,6,656,46,42,0,744,0,0,0,744
10/29/2014,MCO,FL,ASO,ES,Towers with Radar,662,43,40,2,747,0,1,11,1,13,662,44,51,3,760,0,0,0,760
10/30/2014,MCO,FL,ASO,ES,Towers with Radar,671,45,44,0,760,0,1,7,0,8,671,46,51,0,768,0,0,0,768
10/31/2014,MCO,FL,ASO,ES,Towers with Radar,634,43,28,0,705,0,1,8,0,9,634,44,36,0,714,0,0,0,714
11/01/2014,MCO,FL,ASO,ES,Towers with Radar,697,25,30,0,752,0,2,2,0,4,697,27,32,0,756,0,0,0,756
11/02/2014,MCO,FL,ASO,ES,Towers with Radar,707,26,51,0,784,0,1,3,0,4,707,27,54,0,788,0,0,0,788
11/03/2014,MCO,FL,ASO,ES,Towers with Radar,712,39,25,2,778,0,0,15,0,15,712,39,40,2,793,0,0,0,793
11/04/2014,MCO,FL,ASO,ES,Towers with Radar,695,52,45,0,792,0,1,6,0,7,695,53,51,0,799,0,0,0,799
11/05/2014,MCO,FL,ASO,ES,Towers with Radar,710,54,43,0,807,0,1,9,1,11,710,55,52,1,818,0,0,0,818
11/06/2014,MCO,FL,ASO,ES,Towers with Radar,714,60,71,0,845,0,0,12,0,12,714,60,83,0,857,0,0,0,857
11/07/2014,MCO,FL,ASO,ES,Towers with Radar,738,57,47,1,843,0,1,17,0,18,738,58,64,1,861,0,0,0,861
11/08/2014,MCO,FL,ASO,ES,Towers with Radar,763,31,20,0,814,0,0,3,0,3,763,31,23,0,817,0,0,0,817
11/09/2014,MCO,FL,ASO,ES,Towers with Radar,710,40,37,1,788,0,0,1,0,1,710,40,38,1,789,0,0,0,789
11/10/2014,MCO,FL,ASO,ES,Towers with Radar,712,44,35,0,791,0,0,2,0,2,712,44,37,0,793,0,0,0,793
11/11/2014,MCO,FL,ASO,ES,Towers with Radar,699,53,30,0,782,0,1,4,0,5,699,54,34,0,787,0,0,0,787
11/12/2014,MCO,FL,ASO,ES,Towers with Radar,720,44,50,0,814,0,0,14,0,14,720,44,64,0,828,0,0,0,828
11/13/2014,MCO,FL,ASO,ES,Towers with Radar,737,51,43,0,831,0,0,11,0,11,737,51,54,0,842,0,0,0,842
11/14/2014,MCO,FL,ASO,ES,Towers with Radar,746,52,28,0,826,0,0,6,4,10,746,52,34,4,836,0,0,0,836
11/15/2014,MCO,FL,ASO,ES,Towers with Radar,759,42,17,0,818,0,0,9,0,9,759,42,26,0,827,0,0,0,827
11/16/2014,MCO,FL,ASO,ES,Towers with Radar,708,36,36,0,780,0,1,11,4,16,708,37,47,4,796,0,0,0,796
11/17/2014,MCO,FL,ASO,ES,Towers with Radar,718,42,44,0,804,0,1,1,0,2,718,43,45,0,806,0,0,0,806
11/18/2014,MCO,FL,ASO,ES,Towers with Radar,696,62,38,0,796,0,0,7,0,7,696,62,45,0,803,0,0,0,803
11/19/2014,MCO,FL,ASO,ES,Towers with Radar,719,48,40,0,807,0,0,3,2,5,719,48,43,2,812,0,0,0,812
11/20/2014,MCO,FL,ASO,ES,Towers with Radar,736,56,37,0,829,0,0,6,0,6,736,56,43,0,835,0,0,0,835
11/21/2014,MCO,FL,ASO,ES,Towers with Radar,752,57,38,0,847,0,0,9,0,9,752,57,47,0,856,0,0,0,856
11/22/2014,MCO,FL,ASO,ES,Towers with Radar,781,39,26,0,846,0,0,1,0,1,781,39,27,0,847,0,0,0,847
11/23/2014,MCO,FL,ASO,ES,Towers with Radar,727,34,25,0,786,1,1,2,0,4,728,35,27,0,790,0,0,0,790
11/24/2014,MCO,FL,ASO,ES,Towers with Radar,682,47,37,0,766,0,0,5,0,5,682,47,42,0,771,0,0,0,771
11/25/2014,MCO,FL,ASO,ES,Towers with Radar,702,52,23,1,778,0,1,0,0,1,702,53,23,1,779,0,0,0,779
11/26/2014,MCO,FL,ASO,ES,Towers with Radar,795,51,41,0,887,0,0,1,0,1,795,51,42,0,888,0,0,0,888
11/27/2014,MCO,FL,ASO,ES,Towers with Radar,573,26,12,0,611,0,3,5,0,8,573,29,17,0,619,0,0,0,619
11/28/2014,MCO,FL,ASO,ES,Towers with Radar,647,23,11,0,681,0,0,7,0,7,647,23,18,0,688,0,0,0,688
11/29/2014,MCO,FL,ASO,ES,Towers with Radar,770,32,28,0,830,0,4,7,0,11,770,36,35,0,841,0,0,0,841
11/30/2014,MCO,FL,ASO,ES,Towers with Radar,783,39,47,0,869,0,2,5,1,8,783,41,52,1,877,0,0,0,877
12/01/2014,MCO,FL,ASO,ES,Towers with Radar,761,46,39,3,849,0,0,5,0,5,761,46,44,3,854,0,0,0,854
12/02/2014,MCO,FL,ASO,ES,Towers with Radar,732,54,37,3,826,0,2,3,0,5,732,56,40,3,831,0,0,0,831
12/03/2014,MCO,FL,ASO,ES,Towers with Radar,724,63,34,0,821,0,0,13,0,13,724,63,47,0,834,0,0,0,834
12/04/2014,MCO,FL,ASO,ES,Towers with Radar,743,50,48,0,841,0,0,4,0,4,743,50,52,0,845,0,0,0,845
12/05/2014,MCO,FL,ASO,ES,Towers with Radar,743,55,40,1,839,0,3,14,3,20,743,58,54,4,859,0,0,0,859
12/06/2014,MCO,FL,ASO,ES,Towers with Radar,752,39,25,1,817,0,0,9,0,9,752,39,34,1,826,0,0,0,826
12/07/2014,MCO,FL,ASO,ES,Towers with Radar,714,36,37,3,790,0,0,4,2,6,714,36,41,5,796,0,0,0,796
12/08/2014,MCO,FL,ASO,ES,Towers with Radar,723,46,43,0,812,1,0,0,0,1,724,46,43,0,813,0,0,0,813
12/09/2014,MCO,FL,ASO,ES,Towers with Radar,716,51,34,0,801,0,0,15,0,15,716,51,49,0,816,0,0,0,816
12/10/2014,MCO,FL,ASO,ES,Towers with Radar,714,51,58,0,823,0,2,7,0,9,714,53,65,0,832,0,0,0,832
12/11/2014,MCO,FL,ASO,ES,Towers with Radar,753,67,39,0,859,0,1,6,0,7,753,68,45,0,866,0,0,0,866
12/12/2014,MCO,FL,ASO,ES,Towers with Radar,750,60,58,3,871,0,0,7,1,8,750,60,65,4,879,0,0,0,879
12/13/2014,MCO,FL,ASO,ES,Towers with Radar,758,44,35,0,837,0,0,5,0,5,758,44,40,0,842,0,0,0,842
12/14/2014,MCO,FL,ASO,ES,Towers with Radar,724,42,46,1,813,0,0,2,1,3,724,42,48,2,816,0,0,0,816
12/15/2014,MCO,FL,ASO,ES,Towers with Radar,729,49,44,2,824,0,0,5,1,6,729,49,49,3,830,0,0,0,830
12/16/2014,MCO,FL,ASO,ES,Towers with Radar,737,47,49,0,833,0,0,13,0,13,737,47,62,0,846,0,0,0,846
12/17/2014,MCO,FL,ASO,ES,Towers with Radar,751,56,37,0,844,0,0,9,0,9,751,56,46,0,853,0,0,0,853
12/18/2014,MCO,FL,ASO,ES,Towers with Radar,813,45,38,0,896,0,1,13,0,14,813,46,51,0,910,0,0,0,910
12/19/2014,MCO,FL,ASO,ES,Towers with Radar,820,67,48,0,935,0,0,10,0,10,820,67,58,0,945,0,0,0,945
12/20/2014,MCO,FL,ASO,ES,Towers with Radar,900,38,21,2,961,0,0,4,0,4,900,38,25,2,965,0,0,0,965
12/21/2014,MCO,FL,ASO,ES,Towers with Radar,828,35,32,1,896,0,0,3,0,3,828,35,35,1,899,0,0,0,899
12/22/2014,MCO,FL,ASO,ES,Towers with Radar,857,43,29,0,929,0,0,12,0,12,857,43,41,0,941,0,0,0,941
12/23/2014,MCO,FL,ASO,ES,Towers with Radar,853,46,34,0,933,0,1,8,0,9,853,47,42,0,942,0,0,0,942
12/24/2014,MCO,FL,ASO,ES,Towers with Radar,794,34,3,0,831,0,0,0,0,0,794,34,3,0,831,0,0,0,831
12/25/2014,MCO,FL,ASO,ES,Towers with Radar,710,40,5,0,755,0,0,2,0,2,710,40,7,0,757,0,0,0,757
12/26/2014,MCO,FL,ASO,ES,Towers with Radar,847,49,37,0,933,0,0,7,0,7,847,49,44,0,940,0,0,0,940
12/27/2014,MCO,FL,ASO,ES,Towers with Radar,895,32,55,0,982,0,1,6,0,7,895,33,61,0,989,0,0,0,989
12/28/2014,MCO,FL,ASO,ES,Towers with Radar,844,46,22,0,912,0,0,1,0,1,844,46,23,0,913,0,0,0,913
12/29/2014,MCO,FL,ASO,ES,Towers with Radar,849,45,21,0,915,0,0,7,0,7,849,45,28,0,922,0,0,0,922
12/30/2014,MCO,FL,ASO,ES,Towers with Radar,871,71,42,0,984,0,0,1,0,1,871,71,43,0,985,0,0,0,985
12/31/2014,MCO,FL,ASO,ES,Towers with Radar,771,39,18,2,830,0,0,0,0,0,771,39,18,2,830,0,0,0,830
01/01/2015,MCO,FL,ASO,ES,Towers with Radar,749,28,25,2,804,0,0,0,0,0,749,28,25,2,804,0,0,0,804
01/02/2015,MCO,FL,ASO,ES,Towers with Radar,854,44,35,1,934,0,0,1,0,1,854,44,36,1,935,0,0,0,935
01/03/2015,MCO,FL,ASO,ES,Towers with Radar,871,50,35,0,956,0,0,2,0,2,871,50,37,0,958,0,0,0,958
01/04/2015,MCO,FL,ASO,ES,Towers with Radar,824,44,48,0,916,0,0,4,0,4,824,44,52,0,920,0,0,0,920
01/05/2015,MCO,FL,ASO,ES,Towers with Radar,820,55,49,0,924,0,0,2,0,2,820,55,51,0,926,0,0,0,926
01/06/2015,MCO,FL,ASO,ES,Towers with Radar,744,52,48,1,845,0,0,7,0,7,744,52,55,1,852,0,0,0,852
01/07/2015,MCO,FL,ASO,ES,Towers with Radar,766,57,46,3,872,0,1,9,0,10,766,58,55,3,882,0,0,0,882
01/08/2015,MCO,FL,ASO,ES,Towers with Radar,777,52,28,0,857,0,4,6,0,10,777,56,34,0,867,0,0,0,867
01/09/2015,MCO,FL,ASO,ES,Towers with Radar,782,53,42,3,880,0,0,5,8,13,782,53,47,11,893,0,0,0,893
01/10/2015,MCO,FL,ASO,ES,Towers with Radar,822,32,26,0,880,0,0,15,0,15,822,32,41,0,895,0,0,0,895
01/11/2015,MCO,FL,ASO,ES,Towers with Radar,750,43,47,3,843,0,4,8,2,14,750,47,55,5,857,0,0,0,857
01/12/2015,MCO,FL,ASO,ES,Towers with Radar,754,75,33,0,862,0,0,1,0,1,754,75,34,0,863,0,0,0,863
01/13/2015,MCO,FL,ASO,ES,Towers with Radar,738,70,43,2,853,0,1,0,0,1,738,71,43,2,854,0,0,0,854
01/14/2015,MCO,FL,ASO,ES,Towers with Radar,766,54,53,2,875,0,2,1,0,3,766,56,54,2,878,0,0,0,878
01/15/2015,MCO,FL,ASO,ES,Towers with Radar,765,70,60,0,895,0,0,2,0,2,765,70,62,0,897,0,0,0,897
01/16/2015,MCO,FL,ASO,ES,Towers with Radar,768,55,44,0,867,0,1,10,0,11,768,56,54,0,878,0,0,0,878
01/17/2015,MCO,FL,ASO,ES,Towers with Radar,806,34,31,0,871,0,2,1,0,3,806,36,32,0,874,0,0,0,874
01/18/2015,MCO,FL,ASO,ES,Towers with Radar,723,41,27,0,791,0,1,3,0,4,723,42,30,0,795,0,0,0,795
01/19/2015,MCO,FL,ASO,ES,Towers with Radar,752,52,51,0,855,0,1,6,0,7,752,53,57,0,862,0,0,0,862
01/20/2015,MCO,FL,ASO,ES,Towers with Radar,738,57,32,1,828,0,0,7,0,7,738,57,39,1,835,0,0,0,835
01/21/2015,MCO,FL,ASO,ES,Towers with Radar,737,49,31,3,820,0,0,11,0,11,737,49,42,3,831,0,0,0,831
01/22/2015,MCO,FL,ASO,ES,Towers with Radar,763,63,39,2,867,0,1,12,0,13,763,64,51,2,880,0,0,0,880
01/23/2015,MCO,FL,ASO,ES,Towers with Radar,753,49,29,2,833,1,0,3,4,8,754,49,32,6,841,0,0,0,841
01/24/2015,MCO,FL,ASO,ES,Towers with Radar,792,30,26,0,848,0,3,8,0,11,792,33,34,0,859,0,0,0,859
01/25/2015,MCO,FL,ASO,ES,Towers with Radar,743,40,31,0,814,0,0,6,0,6,743,40,37,0,820,0,0,0,820
01/26/2015,MCO,FL,ASO,ES,Towers with Radar,682,49,41,1,773,0,0,4,0,4,682,49,45,1,777,0,0,0,777
01/27/2015,MCO,FL,ASO,ES,Towers with Radar,592,50,32,0,674,0,2,6,0,8,592,52,38,0,682,0,0,0,682
01/28/2015,MCO,FL,ASO,ES,Towers with Radar,703,51,43,0,797,0,0,13,0,13,703,51,56,0,810,0,0,0,810
01/29/2015,MCO,FL,ASO,ES,Towers with Radar,762,58,38,0,858,0,1,6,0,7,762,59,44,0,865,0,0,0,865
01/30/2015,MCO,FL,ASO,ES,Towers with Radar,759,43,36,1,839,0,0,9,0,9,759,43,45,1,848,0,0,0,848
01/31/2015,MCO,FL,ASO,ES,Towers with Radar,807,31,26,1,865,0,0,4,0,4,807,31,30,1,869,0,0,0,869
02/01/2015,MCO,FL,ASO,ES,Towers with Radar,661,36,23,0,720,0,0,4,0,4,661,36,27,0,724,0,0,0,724
02/02/2015,MCO,FL,ASO,ES,Towers with Radar,665,47,37,2,751,0,0,3,0,3,665,47,40,2,754,0,0,0,754
02/03/2015,MCO,FL,ASO,ES,Towers with Radar,731,60,45,2,838,1,0,5,0,6,732,60,50,2,844,0,0,0,844
02/04/2015,MCO,FL,ASO,ES,Towers with Radar,746,69,90,0,905,0,2,9,0,11,746,71,99,0,916,0,0,0,916
02/05/2015,MCO,FL,ASO,ES,Towers with Radar,762,48,52,1,863,0,0,8,0,8,762,48,60,1,871,0,0,0,871
02/06/2015,MCO,FL,ASO,ES,Towers with Radar,765,47,37,2,851,0,0,8,0,8,765,47,45,2,859,0,0,0,859
02/07/2015,MCO,FL,ASO,ES,Towers with Radar,805,35,31,1,872,0,0,9,0,9,805,35,40,1,881,0,0,0,881
02/08/2015,MCO,FL,ASO,ES,Towers with Radar,730,42,40,4,816,0,0,6,0,6,730,42,46,4,822,0,0,0,822
02/09/2015,MCO,FL,ASO,ES,Towers with Radar,711,55,45,1,812,0,0,2,0,2,711,55,47,1,814,0,0,0,814
02/10/2015,MCO,FL,ASO,ES,Towers with Radar,747,59,38,1,845,0,0,8,0,8,747,59,46,1,853,0,0,0,853
02/11/2015,MCO,FL,ASO,ES,Towers with Radar,753,69,45,1,868,0,1,9,0,10,753,70,54,1,878,0,0,0,878
02/12/2015,MCO,FL,ASO,ES,Towers with Radar,788,45,40,3,876,0,0,4,0,4,788,45,44,3,880,0,0,0,880
02/13/2015,MCO,FL,ASO,ES,Towers with Radar,794,42,54,10,900,0,1,12,0,13,794,43,66,10,913,0,0,0,913
02/14/2015,MCO,FL,ASO,ES,Towers with Radar,813,44,23,0,880,0,1,4,0,5,813,45,27,0,885,0,0,0,885
02/15/2015,MCO,FL,ASO,ES,Towers with Radar,686,39,38,0,763,0,1,2,0,3,686,40,40,0,766,0,0,0,766
02/16/2015,MCO,FL,ASO,ES,Towers with Radar,764,53,44,0,861,0,0,14,0,14,764,53,58,0,875,0,0,0,875
02/17/2015,MCO,FL,ASO,ES,Towers with Radar,778,61,35,0,874,0,0,1,0,1,778,61,36,0,875,0,0,0,875
02/18/2015,MCO,FL,ASO,ES,Towers with Radar,811,53,50,2,916,0,0,6,0,6,811,53,56,2,922,0,0,0,922
02/19/2015,MCO,FL,ASO,ES,Towers with Radar,810,57,53,1,921,0,0,17,0,17,810,57,70,1,938,0,0,0,938
02/20/2015,MCO,FL,ASO,ES,Towers with Radar,800,53,45,3,901,0,0,12,4,16,800,53,57,7,917,0,0,0,917
02/21/2015,MCO,FL,ASO,ES,Towers with Radar,795,38,32,1,866,0,1,4,2,7,795,39,36,3,873,0,0,0,873
02/22/2015,MCO,FL,ASO,ES,Towers with Radar,770,46,38,0,854,0,1,9,0,10,770,47,47,0,864,0,0,0,864
02/23/2015,MCO,FL,ASO,ES,Towers with Radar,774,52,51,0,877,0,0,9,0,9,774,52,60,0,886,0,0,0,886
02/24/2015,MCO,FL,ASO,ES,Towers with Radar,783,58,42,1,884,0,0,0,0,0,783,58,42,1,884,0,0,0,884
02/25/2015,MCO,FL,ASO,ES,Towers with Radar,759,67,76,0,902,0,0,2,0,2,759,67,78,0,904,0,0,0,904
02/26/2015,MCO,FL,ASO,ES,Towers with Radar,792,62,60,1,915,0,1,2,0,3,792,63,62,1,918,0,0,0,918
02/27/2015,MCO,FL,ASO,ES,Towers with Radar,792,56,53,5,906,0,0,9,3,12,792,56,62,8,918,0,0,0,918
02/28/2015,MCO,FL,ASO,ES,Towers with Radar,832,37,24,2,895,0,0,2,0,2,832,37,26,2,897,0,0,0,897
03/01/2015,MCO,FL,ASO,ES,Towers with Radar,726,38,58,2,824,0,0,6,0,6,726,38,64,2,830,0,0,0,830
03/02/2015,MCO,FL,ASO,ES,Towers with Radar,789,56,70,6,921,0,0,7,0,7,789,56,77,6,928,0,0,0,928
03/03/2015,MCO,FL,ASO,ES,Towers with Radar,791,68,73,5,937,0,1,9,0,10,791,69,82,5,947,0,0,0,947
03/04/2015,MCO,FL,ASO,ES,Towers with Radar,780,74,73,5,932,0,0,15,0,15,780,74,88,5,947,0,0,0,947
03/05/2015,MCO,FL,ASO,ES,Towers with Radar,727,54,68,2,851,0,0,6,0,6,727,54,74,2,857,0,0,0,857
03/06/2015,MCO,FL,ASO,ES,Towers with Radar,804,62,77,2,945,0,0,3,0,3,804,62,80,2,948,0,0,0,948
03/07/2015,MCO,FL,ASO,ES,Towers with Radar,940,42,44,1,1027,0,0,4,0,4,940,42,48,1,1031,0,0,0,1031
03/08/2015,MCO,FL,ASO,ES,Towers with Radar,827,52,50,7,936,0,0,5,0,5,827,52,55,7,941,0,0,0,941
03/09/2015,MCO,FL,ASO,ES,Towers with Radar,839,49,40,1,929,0,2,12,0,14,839,51,52,1,943,0,0,0,943
03/10/2015,MCO,FL,ASO,ES,Towers with Radar,837,58,59,0,954,0,0,10,0,10,837,58,69,0,964,0,0,0,964
03/11/2015,MCO,FL,ASO,ES,Towers with Radar,841,61,43,2,947,0,1,8,0,9,841,62,51,2,956,0,0,0,956
03/12/2015,MCO,FL,ASO,ES,Towers with Radar,857,49,42,0,948,0,0,4,0,4,857,49,46,0,952,0,0,0,952
03/13/2015,MCO,FL,ASO,ES,Towers with Radar,844,66,42,0,952,0,1,7,0,8,844,67,49,0,960,0,0,0,960
03/14/2015,MCO,FL,ASO,ES,Towers with Radar,961,46,37,0,1044,0,1,10,1,12,961,47,47,1,1056,0,0,0,1056
03/15/2015,MCO,FL,ASO,ES,Towers with Radar,823,46,55,0,924,0,0,3,0,3,823,46,58,0,927,0,0,0,927
03/16/2015,MCO,FL,ASO,ES,Towers with Radar,860,49,48,1,958,0,0,17,0,17,860,49,65,1,975,0,0,0,975
03/17/2015,MCO,FL,ASO,ES,Towers with Radar,829,65,35,4,933,0,0,11,0,11,829,65,46,4,944,0,0,0,944
03/18/2015,MCO,FL,ASO,ES,Towers with Radar,845,65,46,0,956,0,0,10,0,10,845,65,56,0,966,0,0,0,966
03/19/2015,MCO,FL,ASO,ES,Towers with Radar,864,68,60,4,996,0,0,7,0,7,864,68,67,4,1003,0,0,0,1003
03/20/2015,MCO,FL,ASO,ES,Towers with Radar,845,42,42,3,932,1,1,11,0,13,846,43,53,3,945,0,0,0,945
03/21/2015,MCO,FL,ASO,ES,Towers with Radar,966,51,56,0,1073,0,0,8,1,9,966,51,64,1,1082,0,0,0,1082
03/22/2015,MCO,FL,ASO,ES,Towers with Radar,837,43,68,2,950,0,1,12,0,13,837,44,80,2,963,0,0,0,963
03/23/2015,MCO,FL,ASO,ES,Towers with Radar,834,54,49,0,937,0,0,8,0,8,834,54,57,0,945,0,0,0,945
03/24/2015,MCO,FL,ASO,ES,Towers with Radar,853,66,51,0,970,0,0,2,0,2,853,66,53,0,972,0,0,0,972
03/25/2015,MCO,FL,ASO,ES,Towers with Radar,844,53,54,2,953,0,1,2,0,3,844,54,56,2,956,0,0,0,956
03/26/2015,MCO,FL,ASO,ES,Towers with Radar,856,59,58,0,973,0,0,3,0,3,856,59,61,0,976,0,0,0,976
03/27/2015,MCO,FL,ASO,ES,Towers with Radar,869,62,49,1,981,0,0,5,0,5,869,62,54,1,986,0,0,0,986
03/28/2015,MCO,FL,ASO,ES,Towers with Radar,1007,53,47,0,1107,0,0,4,0,4,1007,53,51,0,1111,0,0,0,1111
03/29/2015,MCO,FL,ASO,ES,Towers with Radar,841,52,41,1,935,0,7,0,0,7,841,59,41,1,942,0,0,0,942
03/30/2015,MCO,FL,ASO,ES,Towers with Radar,850,64,29,6,949,1,0,9,0,10,851,64,38,6,959,0,0,0,959
03/31/2015,MCO,FL,ASO,ES,Towers with Radar,851,58,31,4,944,0,0,9,0,9,851,58,40,4,953,0,0,0,953
04/01/2015,MCO,FL,ASO,ES,Towers with Radar,852,56,47,0,955,0,0,6,0,6,852,56,53,0,961,0,0,0,961
04/02/2015,MCO,FL,ASO,ES,Towers with Radar,877,71,42,0,990,0,0,11,0,11,877,71,53,0,1001,0,0,0,1001
04/03/2015,MCO,FL,ASO,ES,Towers with Radar,864,48,28,0,940,0,1,7,0,8,864,49,35,0,948,0,0,0,948
04/04/2015,MCO,FL,ASO,ES,Towers with Radar,961,48,27,1,1037,0,1,5,0,6,961,49,32,1,1043,0,0,0,1043
04/05/2015,MCO,FL,ASO,ES,Towers with Radar,823,42,35,0,900,0,0,9,0,9,823,42,44,0,909,0,0,0,909
04/06/2015,MCO,FL,ASO,ES,Towers with Radar,853,55,42,0,950,0,0,3,0,3,853,55,45,0,953,0,0,0,953
04/07/2015,MCO,FL,ASO,ES,Towers with Radar,832,70,37,0,939,0,0,8,0,8,832,70,45,0,947,0,0,0,947
04/08/2015,MCO,FL,ASO,ES,Towers with Radar,818,75,48,0,941,0,0,19,0,19,818,75,67,0,960,0,0,0,960
04/09/2015,MCO,FL,ASO,ES,Towers with Radar,814,51,36,0,901,0,0,10,0,10,814,51,46,0,911,0,0,0,911
04/10/2015,MCO,FL,ASO,ES,Towers with Radar,812,59,47,0,918,1,2,8,1,12,813,61,55,1,930,0,0,0,930
04/11/2015,MCO,FL,ASO,ES,Towers with Radar,873,41,33,0,947,0,3,0,0,3,873,44,33,0,950,0,0,0,950
04/12/2015,MCO,FL,ASO,ES,Towers with Radar,807,58,46,0,911,0,0,3,0,3,807,58,49,0,914,0,0,0,914
04/13/2015,MCO,FL,ASO,ES,Towers with Radar,799,63,43,2,907,0,0,3,0,3,799,63,46,2,910,0,0,0,910
04/14/2015,MCO,FL,ASO,ES,Towers with Radar,804,68,39,0,911,0,0,6,0,6,804,68,45,0,917,0,0,0,917
04/15/2015,MCO,FL,ASO,ES,Towers with Radar,801,60,37,2,900,0,0,8,0,8,801,60,45,2,908,0,0,0,908
04/16/2015,MCO,FL,ASO,ES,Towers with Radar,809,50,47,0,906,0,1,5,0,6,809,51,52,0,912,0,0,0,912
04/17/2015,MCO,FL,ASO,ES,Towers with Radar,813,51,48,0,912,0,0,1,0,1,813,51,49,0,913,0,0,0,913
04/18/2015,MCO,FL,ASO,ES,Towers with Radar,852,37,21,0,910,0,2,4,0,6,852,39,25,0,916,0,0,0,916
04/19/2015,MCO,FL,ASO,ES,Towers with Radar,785,43,36,2,866,0,0,5,0,5,785,43,41,2,871,0,0,0,871
04/20/2015,MCO,FL,ASO,ES,Towers with Radar,781,50,36,0,867,0,0,3,0,3,781,50,39,0,870,0,0,0,870
04/21/2015,MCO,FL,ASO,ES,Towers with Radar,804,59,31,0,894,0,0,4,0,4,804,59,35,0,898,0,0,0,898
04/22/2015,MCO,FL,ASO,ES,Towers with Radar,801,64,46,0,911,0,3,9,0,12,801,67,55,0,923,0,0,0,923
04/23/2015,MCO,FL,ASO,ES,Towers with Radar,828,52,35,1,916,0,2,6,0,8,828,54,41,1,924,0,0,0,924
04/24/2015,MCO,FL,ASO,ES,Towers with Radar,793,57,31,2,883,0,1,10,1,12,793,58,41,3,895,0,0,0,895
04/25/2015,MCO,FL,ASO,ES,Towers with Radar,853,36,18,2,909,0,0,6,0,6,853,36,24,2,915,0,0,0,915
04/26/2015,MCO,FL,ASO,ES,Towers with Radar,794,49,28,0,871,0,0,5,1,6,794,49,33,1,877,0,0,0,877
04/27/2015,MCO,FL,ASO,ES,Towers with Radar,783,51,31,0,865,0,0,5,0,5,783,51,36,0,870,0,0,0,870
04/28/2015,MCO,FL,ASO,ES,Towers with Radar,783,55,39,0,877,0,0,6,0,6,783,55,45,0,883,0,0,0,883
04/29/2015,MCO,FL,ASO,ES,Towers with Radar,787,51,39,0,877,0,0,11,0,11,787,51,50,0,888,0,0,0,888
04/30/2015,MCO,FL,ASO,ES,Towers with Radar,801,46,56,0,903,0,0,8,0,8,801,46,64,0,911,0,0,0,911
05/01/2015,MCO,FL,ASO,ES,Towers with Radar,801,46,44,5,896,0,0,6,2,8,801,46,50,7,904,0,0,0,904
05/02/2015,MCO,FL,ASO,ES,Towers with Radar,835,44,21,0,900,1,0,8,0,9,836,44,29,0,909,0,0,0,909
05/03/2015,MCO,FL,ASO,ES,Towers with Radar,764,43,32,2,841,0,0,10,3,13,764,43,42,5,854,0,0,0,854
05/04/2015,MCO,FL,ASO,ES,Towers with Radar,777,54,40,6,877,0,0,5,0,5,777,54,45,6,882,0,0,0,882
05/05/2015,MCO,FL,ASO,ES,Towers with Radar,785,56,38,0,879,0,0,9,0,9,785,56,47,0,888,0,0,0,888
05/06/2015,MCO,FL,ASO,ES,Towers with Radar,776,52,43,1,872,0,1,0,1,2,776,53,43,2,874,0,0,0,874
05/07/2015,MCO,FL,ASO,ES,Towers with Radar,792,57,39,0,888,0,0,12,1,13,792,57,51,1,901,0,0,0,901
05/08/2015,MCO,FL,ASO,ES,Towers with Radar,769,62,34,0,865,0,0,15,0,15,769,62,49,0,880,0,0,0,880
05/09/2015,MCO,FL,ASO,ES,Towers with Radar,815,40,30,0,885,0,0,7,0,7,815,40,37,0,892,0,0,0,892
05/10/2015,MCO,FL,ASO,ES,Towers with Radar,735,36,22,2,795,2,0,8,0,10,737,36,30,2,805,0,0,0,805
05/11/2015,MCO,FL,ASO,ES,Towers with Radar,762,58,41,0,861,0,0,7,2,9,762,58,48,2,870,0,0,0,870
05/12/2015,MCO,FL,ASO,ES,Towers with Radar,786,71,29,2,888,0,0,4,2,6,786,71,33,4,894,0,0,0,894
05/13/2015,MCO,FL,ASO,ES,Towers with Radar,767,62,48,3,880,0,0,12,2,14,767,62,60,5,894,0,0,0,894
05/14/2015,MCO,FL,ASO,ES,Towers with Radar,783,59,38,1,881,0,2,7,0,9,783,61,45,1,890,0,0,0,890
05/15/2015,MCO,FL,ASO,ES,Towers with Radar,780,50,32,3,865,0,0,12,0,12,780,50,44,3,877,0,0,0,877
05/16/2015,MCO,FL,ASO,ES,Towers with Radar,821,44,20,0,885,0,0,5,0,5,821,44,25,0,890,0,0,0,890
05/17/2015,MCO,FL,ASO,ES,Towers with Radar,769,51,38,3,861,0,0,3,0,3,769,51,41,3,864,0,0,0,864
05/18/2015,MCO,FL,ASO,ES,Towers with Radar,760,59,35,2,856,0,0,10,0,10,760,59,45,2,866,0,0,0,866
05/19/2015,MCO,FL,ASO,ES,Towers with Radar,762,66,33,1,862,0,3,6,1,10,762,69,39,2,872,0,0,0,872
05/20/2015,MCO,FL,ASO,ES,Towers with Radar,776,62,52,2,892,0,0,8,0,8,776,62,60,2,900,0,0,0,900
05/21/2015,MCO,FL,ASO,ES,Towers with Radar,799,63,64,1,927,1,0,10,0,11,800,63,74,1,938,0,0,0,938
05/22/2015,MCO,FL,ASO,ES,Towers with Radar,793,61,44,0,898,0,1,5,0,6,793,62,49,0,904,0,0,0,904
05/23/2015,MCO,FL,ASO,ES,Towers with Radar,805,36,12,0,853,0,0,12,0,12,805,36,24,0,865,0,0,0,865
05/24/2015,MCO,FL,ASO,ES,Towers with Radar,684,28,18,0,730,0,1,5,0,6,684,29,23,0,736,0,0,0,736
05/25/2015,MCO,FL,ASO,ES,Towers with Radar,725,51,17,0,793,0,0,1,0,1,725,51,18,0,794,0,0,0,794
05/26/2015,MCO,FL,ASO,ES,Towers with Radar,748,67,45,1,861,0,0,5,0,5,748,67,50,1,866,0,0,0,866
05/27/2015,MCO,FL,ASO,ES,Towers with Radar,768,54,38,0,860,0,0,5,0,5,768,54,43,0,865,0,0,0,865
05/28/2015,MCO,FL,ASO,ES,Towers with Radar,780,58,42,2,882,0,0,7,0,7,780,58,49,2,889,0,0,0,889
05/29/2015,MCO,FL,ASO,ES,Towers with Radar,779,58,38,2,877,0,0,8,5,13,779,58,46,7,890,0,0,0,890
05/30/2015,MCO,FL,ASO,ES,Towers with Radar,824,34,29,1,888,0,0,7,0,7,824,34,36,1,895,0,0,0,895
05/31/2015,MCO,FL,ASO,ES,Towers with Radar,734,44,41,2,821,0,0,6,4,10,734,44,47,6,831,0,0,0,831
06/01/2015,MCO,FL,ASO,ES,Towers with Radar,759,52,37,2,850,0,0,1,0,1,759,52,38,2,851,0,0,0,851
06/02/2015,MCO,FL,ASO,ES,Towers with Radar,775,71,41,2,889,0,0,1,0,1,775,71,42,2,890,0,0,0,890
06/03/2015,MCO,FL,ASO,ES,Towers with Radar,773,67,36,0,876,0,0,5,1,6,773,67,41,1,882,0,0,0,882
06/04/2015,MCO,FL,ASO,ES,Towers with Radar,779,62,37,0,878,0,3,4,1,8,779,65,41,1,886,0,0,0,886
06/05/2015,MCO,FL,ASO,ES,Towers with Radar,786,51,15,0,852,0,0,7,1,8,786,51,22,1,860,0,0,0,860
06/06/2015,MCO,FL,ASO,ES,Towers with Radar,826,39,15,0,880,2,0,4,0,6,828,39,19,0,886,0,0,0,886
06/07/2015,MCO,FL,ASO,ES,Towers with Radar,761,41,34,3,839,0,0,3,0,3,761,41,37,3,842,0,0,0,842
06/08/2015,MCO,FL,ASO,ES,Towers with Radar,763,59,27,2,851,0,0,4,0,4,763,59,31,2,855,0,0,0,855
06/09/2015,MCO,FL,ASO,ES,Towers with Radar,770,61,20,0,851,0,0,10,1,11,770,61,30,1,862,0,0,0,862
06/10/2015,MCO,FL,ASO,ES,Towers with Radar,768,65,23,0,856,0,0,3,0,3,768,65,26,0,859,0,0,0,859
06/11/2015,MCO,FL,ASO,ES,Towers with Radar,781,61,27,2,871,0,1,0,0,1,781,62,27,2,872,0,0,0,872
06/12/2015,MCO,FL,ASO,ES,Towers with Radar,783,57,34,2,876,1,0,4,0,5,784,57,38,2,881,0,0,0,881
06/13/2015,MCO,FL,ASO,ES,Towers with Radar,862,44,16,1,923,0,0,4,0,4,862,44,20,1,927,0,0,0,927
06/14/2015,MCO,FL,ASO,ES,Towers with Radar,762,46,30,0,838,0,0,13,0,13,762,46,43,0,851,0,0,0,851
06/15/2015,MCO,FL,ASO,ES,Towers with Radar,772,59,31,0,862,0,0,6,0,6,772,59,37,0,868,0,0,0,868
06/16/2015,MCO,FL,ASO,ES,Towers with Radar,775,52,36,0,863,0,1,8,0,9,775,53,44,0,872,0,0,0,872
06/17/2015,MCO,FL,ASO,ES,Towers with Radar,768,48,38,0,854,0,0,12,0,12,768,48,50,0,866,0,0,0,866
06/18/2015,MCO,FL,ASO,ES,Towers with Radar,778,53,35,0,866,0,0,11,0,11,778,53,46,0,877,0,0,0,877
06/19/2015,MCO,FL,ASO,ES,Towers with Radar,779,53,43,0,875,0,0,11,0,11,779,53,54,0,886,0,0,0,886
06/20/2015,MCO,FL,ASO,ES,Towers with Radar,874,36,14,0,924,0,0,5,0,5,874,36,19,0,929,0,0,0,929
06/21/2015,MCO,FL,ASO,ES,Towers with Radar,787,46,32,0,865,0,0,9,0,9,787,46,41,0,874,0,0,0,874
06/22/2015,MCO,FL,ASO,ES,Towers with Radar,790,47,49,0,886,0,1,11,0,12,790,48,60,0,898,0,0,0,898
06/23/2015,MCO,FL,ASO,ES,Towers with Radar,776,53,27,0,856,0,0,6,0,6,776,53,33,0,862,0,0,0,862
06/24/2015,MCO,FL,ASO,ES,Towers with Radar,784,54,23,0,861,0,0,5,0,5,784,54,28,0,866,0,0,0,866
06/25/2015,MCO,FL,ASO,ES,Towers with Radar,772,52,25,0,849,0,0,0,0,0,772,52,25,0,849,0,0,0,849
06/26/2015,MCO,FL,ASO,ES,Towers with Radar,809,50,22,2,883,0,3,6,0,9,809,53,28,2,892,0,0,0,892
06/27/2015,MCO,FL,ASO,ES,Towers with Radar,872,39,13,2,926,0,0,6,0,6,872,39,19,2,932,0,0,0,932
06/28/2015,MCO,FL,ASO,ES,Towers with Radar,794,42,22,2,860,0,0,12,0,12,794,42,34,2,872,0,0,0,872
06/29/2015,MCO,FL,ASO,ES,Towers with Radar,771,51,34,2,858,0,1,5,1,7,771,52,39,3,865,0,0,0,865
06/30/2015,MCO,FL,ASO,ES,Towers with Radar,760,60,34,0,854,0,0,8,0,8,760,60,42,0,862,0,0,0,862
07/01/2015,MCO,FL,ASO,ES,Towers with Radar,794,60,19,0,873,0,2,4,0,6,794,62,23,0,879,0,0,0,879
07/02/2015,MCO,FL,ASO,ES,Towers with Radar,787,57,23,0,867,0,0,5,0,5,787,57,28,0,872,0,0,0,872
07/03/2015,MCO,FL,ASO,ES,Towers with Radar,750,43,8,0,801,1,3,13,1,18,751,46,21,1,819,0,0,0,819
07/04/2015,MCO,FL,ASO,ES,Towers with Radar,744,32,14,0,790,0,0,4,0,4,744,32,18,0,794,0,0,0,794
07/05/2015,MCO,FL,ASO,ES,Towers with Radar,745,27,23,0,795,0,1,2,0,3,745,28,25,0,798,0,0,0,798
07/06/2015,MCO,FL,ASO,ES,Towers with Radar,798,54,29,0,881,0,2,5,0,7,798,56,34,0,888,0,0,0,888
07/07/2015,MCO,FL,ASO,ES,Towers with Radar,798,50,18,0,866,0,4,2,0,6,798,54,20,0,872,0,0,0,872
07/08/2015,MCO,FL,ASO,ES,Towers with Radar,792,58,31,2,883,0,0,1,0,1,792,58,32,2,884,0,0,0,884
07/09/2015,MCO,FL,ASO,ES,Towers with Radar,789,48,30,0,867,0,0,9,0,9,789,48,39,0,876,0,0,0,876
07/10/2015,MCO,FL,ASO,ES,Towers with Radar,793,47,39,0,879,0,0,16,0,16,793,47,55,0,895,0,0,0,895
07/11/2015,MCO,FL,ASO,ES,Towers with Radar,892,44,20,0,956,0,0,3,0,3,892,44,23,0,959,0,0,0,959
07/12/2015,MCO,FL,ASO,ES,Towers with Radar,786,40,21,0,847,0,0,4,0,4,786,40,25,0,851,0,0,0,851
07/13/2015,MCO,FL,ASO,ES,Towers with Radar,773,50,17,0,840,0,0,4,0,4,773,50,21,0,844,0,0,0,844
07/14/2015,MCO,FL,ASO,ES,Towers with Radar,780,60,30,0,870,0,0,4,1,5,780,60,34,1,875,0,0,0,875
07/15/2015,MCO,FL,ASO,ES,Towers with Radar,781,54,30,2,867,0,0,0,1,1,781,54,30,3,868,0,0,0,868
07/16/2015,MCO,FL,ASO,ES,Towers with Radar,814,48,35,0,897,0,1,6,2,9,814,49,41,2,906,0,0,0,906
07/17/2015,MCO,FL,ASO,ES,Towers with Radar,798,47,24,2,871,0,0,0,0,0,798,47,24,2,871,0,0,0,871
07/18/2015,MCO,FL,ASO,ES,Towers with Radar,873,35,26,0,934,0,0,3,0,3,873,35,29,0,937,0,0,0,937
07/19/2015,MCO,FL,ASO,ES,Towers with Radar,800,40,47,4,891,0,2,4,0,6,800,42,51,4,897,0,0,0,897
07/20/2015,MCO,FL,ASO,ES,Towers with Radar,789,49,29,0,867,0,0,2,0,2,789,49,31,0,869,0,0,0,869
07/21/2015,MCO,FL,ASO,ES,Towers with Radar,766,52,43,0,861,2,0,9,1,12,768,52,52,1,873,0,0,0,873
07/22/2015,MCO,FL,ASO,ES,Towers with Radar,810,49,28,2,889,0,1,3,0,4,810,50,31,2,893,0,0,0,893
07/23/2015,MCO,FL,ASO,ES,Towers with Radar,799,53,33,0,885,0,0,1,0,1,799,53,34,0,886,0,0,0,886
07/24/2015,MCO,FL,ASO,ES,Towers with Radar,797,52,32,0,881,0,0,5,1,6,797,52,37,1,887,0,0,0,887
07/25/2015,MCO,FL,ASO,ES,Towers with Radar,905,41,27,0,973,0,0,2,0,2,905,41,29,0,975,0,0,0,975
07/26/2015,MCO,FL,ASO,ES,Towers with Radar,797,33,25,1,856,0,0,5,0,5,797,33,30,1,861,0,0,0,861
07/27/2015,MCO,FL,ASO,ES,Towers with Radar,780,47,21,0,848,0,0,2,0,2,780,47,23,0,850,0,0,0,850
07/28/2015,MCO,FL,ASO,ES,Towers with Radar,794,52,33,0,879,0,1,4,0,5,794,53,37,0,884,0,0,0,884
07/29/2015,MCO,FL,ASO,ES,Towers with Radar,798,63,28,2,891,0,0,1,0,1,798,63,29,2,892,0,0,0,892
07/30/2015,MCO,FL,ASO,ES,Towers with Radar,783,50,43,0,876,1,0,7,0,8,784,50,50,0,884,0,0,0,884
07/31/2015,MCO,FL,ASO,ES,Towers with Radar,816,49,29,1,895,0,0,2,0,2,816,49,31,1,897,0,0,0,897
08/01/2015,MCO,FL,ASO,ES,Towers with Radar,857,40,19,0,916,0,0,4,0,4,857,40,23,0,920,0,0,0,920
08/02/2015,MCO,FL,ASO,ES,Towers with Radar,807,39,32,1,879,0,0,1,0,1,807,39,33,1,880,0,0,0,880
08/03/2015,MCO,FL,ASO,ES,Towers with Radar,800,46,43,0,889,0,1,3,0,4,800,47,46,0,893,0,0,0,893
08/04/2015,MCO,FL,ASO,ES,Towers with Radar,801,57,41,0,899,0,1,11,0,12,801,58,52,0,911,0,0,0,911
08/05/2015,MCO,FL,ASO,ES,Towers with Radar,794,48,47,0,889,1,2,10,0,13,795,50,57,0,902,0,0,0,902
08/06/2015,MCO,FL,ASO,ES,Towers with Radar,786,53,38,0,877,0,1,8,1,10,786,54,46,1,887,0,0,0,887
08/07/2015,MCO,FL,ASO,ES,Towers with Radar,803,46,46,4,899,0,0,4,1,5,803,46,50,5,904,0,0,0,904
08/08/2015,MCO,FL,ASO,ES,Towers with Radar,878,40,29,0,947,1,0,4,0,5,879,40,33,0,952,0,0,0,952
08/09/2015,MCO,FL,ASO,ES,Towers with Radar,735,35,36,0,806,0,1,5,0,6,735,36,41,0,812,0,0,0,812
08/10/2015,MCO,FL,ASO,ES,Towers with Radar,717,53,41,2,813,0,0,2,2,4,717,53,43,4,817,0,0,0,817
08/11/2015,MCO,FL,ASO,ES,Towers with Radar,725,50,21,3,799,0,0,8,0,8,725,50,29,3,807,0,0,0,807
08/12/2015,MCO,FL,ASO,ES,Towers with Radar,747,57,31,0,835,0,0,7,0,7,747,57,38,0,842,0,0,0,842
08/13/2015,MCO,FL,ASO,ES,Towers with Radar,734,53,21,0,808,0,0,5,0,5,734,53,26,0,813,0,0,0,813
08/14/2015,MCO,FL,ASO,ES,Towers with Radar,731,45,37,0,813,0,1,9,0,10,731,46,46,0,823,0,0,0,823
08/15/2015,MCO,FL,ASO,ES,Towers with Radar,751,33,20,6,810,0,0,1,0,1,751,33,21,6,811,0,0,0,811
08/16/2015,MCO,FL,ASO,ES,Towers with Radar,729,38,31,0,798,0,0,8,0,8,729,38,39,0,806,0,0,0,806
08/17/2015,MCO,FL,ASO,ES,Towers with Radar,720,43,39,0,802,0,0,2,0,2,720,43,41,0,804,0,0,0,804
08/18/2015,MCO,FL,ASO,ES,Towers with Radar,704,50,35,0,789,0,1,8,1,10,704,51,43,1,799,0,0,0,799
08/19/2015,MCO,FL,ASO,ES,Towers with Radar,688,46,27,1,762,0,0,8,0,8,688,46,35,1,770,0,0,0,770
08/20/2015,MCO,FL,ASO,ES,Towers with Radar,675,37,31,2,745,0,1,9,1,11,675,38,40,3,756,0,0,0,756
08/21/2015,MCO,FL,ASO,ES,Towers with Radar,743,42,29,4,818,0,0,4,2,6,743,42,33,6,824,0,0,0,824
08/22/2015,MCO,FL,ASO,ES,Towers with Radar,724,24,19,0,767,0,0,4,1,5,724,24,23,1,772,0,0,0,772
08/23/2015,MCO,FL,ASO,ES,Towers with Radar,684,25,22,3,734,0,1,9,3,13,684,26,31,6,747,0,0,0,747
08/24/2015,MCO,FL,ASO,ES,Towers with Radar,683,35,39,0,757,0,0,6,0,6,683,35,45,0,763,0,0,0,763
08/25/2015,MCO,FL,ASO,ES,Towers with Radar,703,42,28,0,773,0,0,5,0,5,703,42,33,0,778,0,0,0,778
08/26/2015,MCO,FL,ASO,ES,Towers with Radar,686,41,28,0,755,0,0,5,0,5,686,41,33,0,760,0,0,0,760
08/27/2015,MCO,FL,ASO,ES,Towers with Radar,715,45,21,6,787,1,0,6,1,8,716,45,27,7,795,0,0,0,795
08/28/2015,MCO,FL,ASO,ES,Towers with Radar,699,32,25,0,756,0,0,5,0,5,699,32,30,0,761,0,0,0,761
08/29/2015,MCO,FL,ASO,ES,Towers with Radar,708,23,14,1,746,2,0,6,0,8,710,23,20,1,754,0,0,0,754
08/30/2015,MCO,FL,ASO,ES,Towers with Radar,693,24,24,1,742,0,1,0,0,1,693,25,24,1,743,0,0,0,743
08/31/2015,MCO,FL,ASO,ES,Towers with Radar,681,32,19,0,732,0,0,3,0,3,681,32,22,0,735,0,0,0,735
09/01/2015,MCO,FL,ASO,ES,Towers with Radar,689,35,27,0,751,0,0,1,0,1,689,35,28,0,752,0,0,0,752
09/02/2015,MCO,FL,ASO,ES,Towers with Radar,675,37,22,0,734,1,1,9,0,11,676,38,31,0,745,0,0,0,745
09/03/2015,MCO,FL,ASO,ES,Towers with Radar,693,46,23,0,762,0,0,11,0,11,693,46,34,0,773,0,0,0,773
09/04/2015,MCO,FL,ASO,ES,Towers with Radar,692,37,45,0,774,0,0,3,0,3,692,37,48,0,777,0,0,0,777
09/05/2015,MCO,FL,ASO,ES,Towers with Radar,664,18,12,0,694,0,3,5,1,9,664,21,17,1,703,0,0,0,703
09/06/2015,MCO,FL,ASO,ES,Towers with Radar,621,20,20,0,661,0,0,0,0,0,621,20,20,0,661,0,0,0,661
09/07/2015,MCO,FL,ASO,ES,Towers with Radar,642,33,25,0,700,0,1,4,0,5,642,34,29,0,705,0,0,0,705
09/08/2015,MCO,FL,ASO,ES,Towers with Radar,661,39,36,0,736,0,0,5,0,5,661,39,41,0,741,0,0,0,741
09/09/2015,MCO,FL,ASO,ES,Towers with Radar,633,42,28,2,705,0,1,9,0,10,633,43,37,2,715,0,0,0,715
09/10/2015,MCO,FL,ASO,ES,Towers with Radar,660,44,34,0,738,0,1,8,0,9,660,45,42,0,747,0,0,0,747
09/11/2015,MCO,FL,ASO,ES,Towers with Radar,670,41,29,0,740,0,0,1,0,1,670,41,30,0,741,0,0,0,741
09/12/2015,MCO,FL,ASO,ES,Towers with Radar,661,19,19,0,699,0,0,0,0,0,661,19,19,0,699,0,0,0,699
09/13/2015,MCO,FL,ASO,ES,Towers with Radar,646,33,35,0,714,0,2,9,1,12,646,35,44,1,726,0,0,0,726
09/14/2015,MCO,FL,ASO,ES,Towers with Radar,653,33,23,0,709,0,0,9,0,9,653,33,32,0,718,0,0,0,718
09/15/2015,MCO,FL,ASO,ES,Towers with Radar,636,46,33,0,715,1,0,8,0,9,637,46,41,0,724,0,0,0,724
09/16/2015,MCO,FL,ASO,ES,Towers with Radar,649,39,34,0,722,0,0,5,0,5,649,39,39,0,727,0,0,0,727
09/17/2015,MCO,FL,ASO,ES,Towers with Radar,677,46,41,0,764,0,1,2,0,3,677,47,43,0,767,0,0,0,767
09/18/2015,MCO,FL,ASO,ES,Towers with Radar,679,38,49,3,769,0,0,4,0,4,679,38,53,3,773,0,0,0,773
09/19/2015,MCO,FL,ASO,ES,Towers with Radar,676,16,15,0,707,0,0,4,0,4,676,16,19,0,711,0,0,0,711
09/20/2015,MCO,FL,ASO,ES,Towers with Radar,655,26,40,2,723,0,0,6,0,6,655,26,46,2,729,0,0,0,729
09/21/2015,MCO,FL,ASO,ES,Towers with Radar,653,33,40,5,731,0,4,2,0,6,653,37,42,5,737,0,0,0,737
09/22/2015,MCO,FL,ASO,ES,Towers with Radar,648,49,31,1,729,0,0,7,0,7,648,49,38,1,736,0,0,0,736
09/23/2015,MCO,FL,ASO,ES,Towers with Radar,635,42,33,0,710,0,1,7,0,8,635,43,40,0,718,0,0,0,718
09/24/2015,MCO,FL,ASO,ES,Towers with Radar,685,44,31,0,760,0,0,0,0,0,685,44,31,0,760,0,0,0,760
09/25/2015,MCO,FL,ASO,ES,Towers with Radar,691,38,34,3,766,0,0,2,0,2,691,38,36,3,768,0,0,0,768
09/26/2015,MCO,FL,ASO,ES,Towers with Radar,696,22,23,0,741,0,0,1,0,1,696,22,24,0,742,0,0,0,742
09/27/2015,MCO,FL,ASO,ES,Towers with Radar,663,28,38,1,730,0,0,3,0,3,663,28,41,1,733,0,0,0,733
09/28/2015,MCO,FL,ASO,ES,Towers with Radar,667,38,31,0,736,0,0,4,1,5,667,38,35,1,741,0,0,0,741
09/29/2015,MCO,FL,ASO,ES,Towers with Radar,662,36,33,0,731,0,0,3,0,3,662,36,36,0,734,0,0,0,734
09/30/2015,MCO,FL,ASO,ES,Towers with Radar,658,45,29,0,732,0,0,4,0,4,658,45,33,0,736,0,0,0,736
10/01/2015,MCO,FL,ASO,ES,Towers with Radar,683,39,43,1,766,0,1,9,0,10,683,40,52,1,776,0,0,0,776
10/02/2015,MCO,FL,ASO,ES,Towers with Radar,694,40,31,1,766,0,0,6,0,6,694,40,37,1,772,0,0,0,772
10/03/2015,MCO,FL,ASO,ES,Towers with Radar,714,18,35,2,769,0,1,4,1,6,714,19,39,3,775,0,0,0,775
10/04/2015,MCO,FL,ASO,ES,Towers with Radar,675,42,42,1,760,0,0,2,0,2,675,42,44,1,762,0,0,0,762
10/05/2015,MCO,FL,ASO,ES,Towers with Radar,673,41,43,2,759,0,0,7,0,7,673,41,50,2,766,0,0,0,766
10/06/2015,MCO,FL,ASO,ES,Towers with Radar,686,43,35,1,765,0,0,2,0,2,686,43,37,1,767,0,0,0,767
10/07/2015,MCO,FL,ASO,ES,Towers with Radar,679,57,32,2,770,0,1,4,0,5,679,58,36,2,775,0,0,0,775
10/08/2015,MCO,FL,ASO,ES,Towers with Radar,706,50,36,3,795,0,0,5,0,5,706,50,41,3,800,0,0,0,800
10/09/2015,MCO,FL,ASO,ES,Towers with Radar,702,41,39,0,782,0,2,11,0,13,702,43,50,0,795,0,0,0,795
10/10/2015,MCO,FL,ASO,ES,Towers with Radar,726,19,24,0,769,0,0,2,0,2,726,19,26,0,771,0,0,0,771
10/11/2015,MCO,FL,ASO,ES,Towers with Radar,685,33,28,0,746,0,0,2,0,2,685,33,30,0,748,0,0,0,748
10/12/2015,MCO,FL,ASO,ES,Towers with Radar,699,44,34,0,777,0,0,10,0,10,699,44,44,0,787,0,0,0,787
10/13/2015,MCO,FL,ASO,ES,Towers with Radar,677,43,28,0,748,0,2,7,2,11,677,45,35,2,759,0,0,0,759
10/14/2015,MCO,FL,ASO,ES,Towers with Radar,690,43,39,0,772,0,1,6,0,7,690,44,45,0,779,0,0,0,779
10/15/2015,MCO,FL,ASO,ES,Towers with Radar,699,44,42,2,787,0,1,8,0,9,699,45,50,2,796,0,0,0,796
10/16/2015,MCO,FL,ASO,ES,Towers with Radar,702,50,61,2,815,0,1,5,0,6,702,51,66,2,821,0,0,0,821
10/17/2015,MCO,FL,ASO,ES,Towers with Radar,721,24,36,0,781,0,1,10,0,11,721,25,46,0,792,0,0,0,792
10/18/2015,MCO,FL,ASO,ES,Towers with Radar,683,38,26,0,747,0,1,3,0,4,683,39,29,0,751,0,0,0,751
10/19/2015,MCO,FL,ASO,ES,Towers with Radar,691,40,31,0,762,0,0,14,0,14,691,40,45,0,776,0,0,0,776
10/20/2015,MCO,FL,ASO,ES,Towers with Radar,691,46,22,0,759,0,0,5,0,5,691,46,27,0,764,0,0,0,764
10/21/2015,MCO,FL,ASO,ES,Towers with Radar,684,41,41,0,766,0,1,8,0,9,684,42,49,0,775,0,0,0,775
10/22/2015,MCO,FL,ASO,ES,Towers with Radar,694,46,37,0,777,0,0,9,0,9,694,46,46,0,786,0,0,0,786
10/23/2015,MCO,FL,ASO,ES,Towers with Radar,702,46,43,0,791,0,2,9,0,11,702,48,52,0,802,0,0,0,802
10/24/2015,MCO,FL,ASO,ES,Towers with Radar,718,23,26,0,767,0,2,7,0,9,718,25,33,0,776,0,0,0,776
10/25/2015,MCO,FL,ASO,ES,Towers with Radar,697,36,41,0,774,0,2,6,0,8,697,38,47,0,782,0,0,0,782
10/26/2015,MCO,FL,ASO,ES,Towers with Radar,699,40,36,2,777,0,2,6,1,9,699,42,42,3,786,0,0,0,786
10/27/2015,MCO,FL,ASO,ES,Towers with Radar,697,44,21,1,763,0,2,5,0,7,697,46,26,1,770,0,0,0,770
10/28/2015,MCO,FL,ASO,ES,Towers with Radar,675,52,30,1,758,0,4,5,0,9,675,56,35,1,767,0,0,0,767
10/29/2015,MCO,FL,ASO,ES,Towers with Radar,740,45,36,22,843,0,2,8,0,10,740,47,44,22,853,0,0,0,853
10/30/2015,MCO,FL,ASO,ES,Towers with Radar,706,40,35,1,782,0,0,10,3,13,706,40,45,4,795,0,0,0,795
10/31/2015,MCO,FL,ASO,ES,Towers with Radar,706,24,17,2,749,0,1,2,0,3,706,25,19,2,752,0,0,0,752
11/01/2015,MCO,FL,ASO,ES,Towers with Radar,744,32,32,14,822,0,1,6,0,7,744,33,38,14,829,0,0,0,829
11/02/2015,MCO,FL,ASO,ES,Towers with Radar,744,58,38,5,845,0,0,2,0,2,744,58,40,5,847,0,0,0,847
11/03/2015,MCO,FL,ASO,ES,Towers with Radar,750,37,24,1,812,0,3,9,0,12,750,40,33,1,824,0,0,0,824
11/04/2015,MCO,FL,ASO,ES,Towers with Radar,766,49,37,0,852,1,0,2,0,3,767,49,39,0,855,0,0,0,855
11/05/2015,MCO,FL,ASO,ES,Towers with Radar,784,55,48,0,887,0,2,12,0,14,784,57,60,0,901,0,0,0,901
11/06/2015,MCO,FL,ASO,ES,Towers with Radar,772,40,36,2,850,0,1,4,1,6,772,41,40,3,856,0,0,0,856
11/07/2015,MCO,FL,ASO,ES,Towers with Radar,814,18,20,1,853,3,1,7,1,12,817,19,27,2,865,0,0,0,865
11/08/2015,MCO,FL,ASO,ES,Towers with Radar,750,36,31,1,818,0,0,5,2,7,750,36,36,3,825,0,0,0,825
11/09/2015,MCO,FL,ASO,ES,Towers with Radar,761,40,42,0,843,0,0,5,0,5,761,40,47,0,848,0,0,0,848
11/10/2015,MCO,FL,ASO,ES,Towers with Radar,748,48,32,1,829,0,0,5,0,5,748,48,37,1,834,0,0,0,834
11/11/2015,MCO,FL,ASO,ES,Towers with Radar,749,41,28,0,818,0,0,10,0,10,749,41,38,0,828,0,0,0,828
11/12/2015,MCO,FL,ASO,ES,Towers with Radar,781,44,47,1,873,0,0,5,0,5,781,44,52,1,878,0,0,0,878
11/13/2015,MCO,FL,ASO,ES,Towers with Radar,781,47,38,0,866,0,0,10,0,10,781,47,48,0,876,0,0,0,876
11/14/2015,MCO,FL,ASO,ES,Towers with Radar,822,14,25,0,861,0,0,6,0,6,822,14,31,0,867,0,0,0,867
11/15/2015,MCO,FL,ASO,ES,Towers with Radar,771,36,39,0,846,0,0,1,0,1,771,36,40,0,847,0,0,0,847
11/16/2015,MCO,FL,ASO,ES,Towers with Radar,765,37,33,0,835,0,0,3,0,3,765,37,36,0,838,0,0,0,838
11/17/2015,MCO,FL,ASO,ES,Towers with Radar,759,46,54,4,863,0,0,6,0,6,759,46,60,4,869,0,0,0,869
11/18/2015,MCO,FL,ASO,ES,Towers with Radar,775,46,36,8,865,0,0,4,0,4,775,46,40,8,869,0,0,0,869
11/19/2015,MCO,FL,ASO,ES,Towers with Radar,793,44,38,1,876,0,0,2,0,2,793,44,40,1,878,0,0,0,878
11/20/2015,MCO,FL,ASO,ES,Towers with Radar,818,48,43,10,919,1,0,4,0,5,819,48,47,10,924,0,0,0,924
11/21/2015,MCO,FL,ASO,ES,Towers with Radar,836,17,30,1,884,0,0,0,0,0,836,17,30,1,884,0,0,0,884
11/22/2015,MCO,FL,ASO,ES,Towers with Radar,758,33,32,0,823,0,0,1,0,1,758,33,33,0,824,0,0,0,824
11/23/2015,MCO,FL,ASO,ES,Towers with Radar,749,36,22,0,807,1,0,4,0,5,750,36,26,0,812,0,0,0,812
11/24/2015,MCO,FL,ASO,ES,Towers with Radar,802,41,41,0,884,0,0,8,0,8,802,41,49,0,892,0,0,0,892
11/25/2015,MCO,FL,ASO,ES,Towers with Radar,820,52,32,0,904,1,0,10,0,11,821,52,42,0,915,0,0,0,915
11/26/2015,MCO,FL,ASO,ES,Towers with Radar,613,16,6,0,635,0,0,3,0,3,613,16,9,0,638,0,0,0,638
11/27/2015,MCO,FL,ASO,ES,Towers with Radar,711,27,20,2,760,0,0,10,0,10,711,27,30,2,770,0,0,0,770
11/28/2015,MCO,FL,ASO,ES,Towers with Radar,841,26,33,0,900,0,1,4,0,5,841,27,37,0,905,0,0,0,905
11/29/2015,MCO,FL,ASO,ES,Towers with Radar,825,46,45,0,916,0,1,5,0,6,825,47,50,0,922,0,0,0,922
11/30/2015,MCO,FL,ASO,ES,Towers with Radar,833,39,50,4,926,0,0,3,0,3,833,39,53,4,929,0,0,0,929
12/01/2015,MCO,FL,ASO,ES,Towers with Radar,771,41,26,2,840,0,0,5,0,5,771,41,31,2,845,0,0,0,845
12/02/2015,MCO,FL,ASO,ES,Towers with Radar,764,44,33,2,843,0,1,10,1,12,764,45,43,3,855,0,0,0,855
12/03/2015,MCO,FL,ASO,ES,Towers with Radar,825,46,46,3,920,1,0,0,1,2,826,46,46,4,922,0,0,0,922
12/04/2015,MCO,FL,ASO,ES,Towers with Radar,799,47,33,8,887,0,2,7,2,11,799,49,40,10,898,0,0,0,898
12/05/2015,MCO,FL,ASO,ES,Towers with Radar,820,30,19,0,869,0,0,4,1,5,820,30,23,1,874,0,0,0,874
12/06/2015,MCO,FL,ASO,ES,Towers with Radar,764,41,26,7,838,0,1,6,3,10,764,42,32,10,848,0,0,0,848
12/07/2015,MCO,FL,ASO,ES,Towers with Radar,768,45,39,2,854,1,0,1,0,2,769,45,40,2,856,0,0,0,856
12/08/2015,MCO,FL,ASO,ES,Towers with Radar,781,50,24,0,855,0,2,9,0,11,781,52,33,0,866,0,0,0,866
12/09/2015,MCO,FL,ASO,ES,Towers with Radar,768,39,44,0,851,0,0,5,0,5,768,39,49,0,856,0,0,0,856
12/10/2015,MCO,FL,ASO,ES,Towers with Radar,805,50,44,0,899,0,0,5,0,5,805,50,49,0,904,0,0,0,904
12/11/2015,MCO,FL,ASO,ES,Towers with Radar,810,46,50,1,907,0,1,2,0,3,810,47,52,1,910,0,0,0,910
12/12/2015,MCO,FL,ASO,ES,Towers with Radar,821,30,30,1,882,0,2,6,0,8,821,32,36,1,890,0,0,0,890
12/13/2015,MCO,FL,ASO,ES,Towers with Radar,762,40,26,1,829,1,1,7,0,9,763,41,33,1,838,0,0,0,838
12/14/2015,MCO,FL,ASO,ES,Towers with Radar,775,32,33,0,840,0,0,4,0,4,775,32,37,0,844,0,0,0,844
12/15/2015,MCO,FL,ASO,ES,Towers with Radar,793,41,19,0,853,0,3,3,0,6,793,44,22,0,859,0,0,0,859
12/16/2015,MCO,FL,ASO,ES,Towers with Radar,828,47,42,1,918,0,0,10,0,10,828,47,52,1,928,0,0,0,928
12/17/2015,MCO,FL,ASO,ES,Towers with Radar,851,41,34,2,928,0,1,9,0,10,851,42,43,2,938,0,0,0,938
12/18/2015,MCO,FL,ASO,ES,Towers with Radar,873,41,45,0,959,0,0,4,0,4,873,41,49,0,963,0,0,0,963
12/19/2015,MCO,FL,ASO,ES,Towers with Radar,975,25,26,0,1026,0,0,9,0,9,975,25,35,0,1035,0,0,0,1035
12/20/2015,MCO,FL,ASO,ES,Towers with Radar,899,29,35,0,963,0,0,9,0,9,899,29,44,0,972,0,0,0,972
12/21/2015,MCO,FL,ASO,ES,Towers with Radar,893,42,31,2,968,0,0,17,1,18,893,42,48,3,986,0,0,0,986
12/22/2015,MCO,FL,ASO,ES,Towers with Radar,922,45,30,0,997,0,0,12,0,12,922,45,42,0,1009,0,0,0,1009
12/23/2015,MCO,FL,ASO,ES,Towers with Radar,920,39,44,0,1003,1,1,10,1,13,921,40,54,1,1016,0,0,0,1016
12/24/2015,MCO,FL,ASO,ES,Towers with Radar,842,31,9,0,882,0,1,3,0,4,842,32,12,0,886,0,0,0,886
12/25/2015,MCO,FL,ASO,ES,Towers with Radar,769,23,14,0,806,0,0,1,0,1,769,23,15,0,807,0,0,0,807
12/26/2015,MCO,FL,ASO,ES,Towers with Radar,932,32,32,0,996,1,0,0,0,1,933,32,32,0,997,0,0,0,997
12/27/2015,MCO,FL,ASO,ES,Towers with Radar,886,37,31,0,954,0,0,2,0,2,886,37,33,0,956,0,0,0,956
12/28/2015,MCO,FL,ASO,ES,Towers with Radar,851,38,36,0,925,0,0,5,0,5,851,38,41,0,930,0,0,0,930
12/29/2015,MCO,FL,ASO,ES,Towers with Radar,888,57,41,0,986,0,0,2,0,2,888,57,43,0,988,0,0,0,988
12/30/2015,MCO,FL,ASO,ES,Towers with Radar,926,57,46,0,1029,0,0,12,0,12,926,57,58,0,1041,0,0,0,1041
12/31/2015,MCO,FL,ASO,ES,Towers with Radar,830,31,9,0,870,0,0,3,1,4,830,31,12,1,874,0,0,0,874
01/01/2016,MCO,FL,ASO,ES,Towers with Radar,795,30,10,1,836,0,0,1,0,1,795,30,11,1,837,0,0,0,837
01/02/2016,MCO,FL,ASO,ES,Towers with Radar,964,39,42,0,1045,0,0,3,0,3,964,39,45,0,1048,0,0,0,1048
01/03/2016,MCO,FL,ASO,ES,Towers with Radar,900,46,58,0,1004,0,0,0,0,0,900,46,58,0,1004,0,0,0,1004
01/04/2016,MCO,FL,ASO,ES,Towers with Radar,866,46,29,1,942,0,1,14,0,15,866,47,43,1,957,0,0,0,957
01/05/2016,MCO,FL,ASO,ES,Towers with Radar,821,50,34,0,905,0,1,6,0,7,821,51,40,0,912,0,0,0,912
01/06/2016,MCO,FL,ASO,ES,Towers with Radar,831,40,42,3,916,0,1,4,0,5,831,41,46,3,921,0,0,0,921
01/07/2016,MCO,FL,ASO,ES,Towers with Radar,837,36,28,0,901,0,0,0,0,0,837,36,28,0,901,0,0,0,901
01/08/2016,MCO,FL,ASO,ES,Towers with Radar,836,48,50,0,934,0,1,0,0,1,836,49,50,0,935,0,0,0,935
01/09/2016,MCO,FL,ASO,ES,Towers with Radar,879,26,32,0,937,0,0,0,0,0,879,26,32,0,937,0,0,0,937
01/10/2016,MCO,FL,ASO,ES,Towers with Radar,767,28,44,0,839,1,1,2,3,7,768,29,46,3,846,0,0,0,846
01/11/2016,MCO,FL,ASO,ES,Towers with Radar,827,48,48,0,923,0,0,5,0,5,827,48,53,0,928,0,0,0,928
01/12/2016,MCO,FL,ASO,ES,Towers with Radar,793,53,48,2,896,0,0,12,0,12,793,53,60,2,908,0,0,0,908
01/13/2016,MCO,FL,ASO,ES,Towers with Radar,800,51,47,4,902,0,0,10,0,10,800,51,57,4,912,0,0,0,912
01/14/2016,MCO,FL,ASO,ES,Towers with Radar,820,46,35,1,902,0,0,2,0,2,820,46,37,1,904,0,0,0,904
01/15/2016,MCO,FL,ASO,ES,Towers with Radar,852,47,24,3,926,0,0,1,2,3,852,47,25,5,929,0,0,0,929
01/16/2016,MCO,FL,ASO,ES,Towers with Radar,897,34,25,0,956,0,0,7,0,7,897,34,32,0,963,0,0,0,963
01/17/2016,MCO,FL,ASO,ES,Towers with Radar,772,30,31,3,836,0,1,5,1,7,772,31,36,4,843,0,0,0,843
01/18/2016,MCO,FL,ASO,ES,Towers with Radar,809,53,41,0,903,0,0,15,1,16,809,53,56,1,919,0,0,0,919
01/19/2016,MCO,FL,ASO,ES,Towers with Radar,798,47,47,0,892,0,0,2,0,2,798,47,49,0,894,0,0,0,894
01/20/2016,MCO,FL,ASO,ES,Towers with Radar,796,36,40,0,872,0,0,9,0,9,796,36,49,0,881,0,0,0,881
01/21/2016,MCO,FL,ASO,ES,Towers with Radar,810,47,54,2,913,0,1,10,0,11,810,48,64,2,924,0,0,0,924
01/22/2016,MCO,FL,ASO,ES,Towers with Radar,768,30,46,1,845,0,0,3,1,4,768,30,49,2,849,0,0,0,849
01/23/2016,MCO,FL,ASO,ES,Towers with Radar,643,23,38,3,707,0,0,6,0,6,643,23,44,3,713,0,0,0,713
01/24/2016,MCO,FL,ASO,ES,Towers with Radar,652,30,60,3,745,0,0,8,1,9,652,30,68,4,754,0,0,0,754
01/25/2016,MCO,FL,ASO,ES,Towers with Radar,776,40,48,0,864,0,2,10,0,12,776,42,58,0,876,0,0,0,876
01/26/2016,MCO,FL,ASO,ES,Towers with Radar,791,56,39,0,886,0,3,3,0,6,791,59,42,0,892,0,0,0,892
01/27/2016,MCO,FL,ASO,ES,Towers with Radar,805,50,52,1,908,0,0,1,0,1,805,50,53,1,909,0,0,0,909
01/28/2016,MCO,FL,ASO,ES,Towers with Radar,824,49,44,0,917,0,0,0,0,0,824,49,44,0,917,0,0,0,917
01/29/2016,MCO,FL,ASO,ES,Towers with Radar,830,50,46,2,928,0,0,11,9,20,830,50,57,11,948,0,0,0,948
01/30/2016,MCO,FL,ASO,ES,Towers with Radar,854,30,32,1,917,0,1,6,0,7,854,31,38,1,924,0,0,0,924
01/31/2016,MCO,FL,ASO,ES,Towers with Radar,774,26,25,0,825,0,1,6,3,10,774,27,31,3,835,0,0,0,835
02/01/2016,MCO,FL,ASO,ES,Towers with Radar,802,51,32,4,889,1,1,3,0,5,803,52,35,4,894,0,0,0,894
02/02/2016,MCO,FL,ASO,ES,Towers with Radar,795,42,46,0,883,0,2,9,0,11,795,44,55,0,894,0,0,0,894
02/03/2016,MCO,FL,ASO,ES,Towers with Radar,787,49,35,0,871,0,0,8,0,8,787,49,43,0,879,0,0,0,879
02/04/2016,MCO,FL,ASO,ES,Towers with Radar,822,43,35,0,900,0,0,2,0,2,822,43,37,0,902,0,0,0,902
02/05/2016,MCO,FL,ASO,ES,Towers with Radar,807,44,35,0,886,0,0,7,2,9,807,44,42,2,895,0,0,0,895
02/06/2016,MCO,FL,ASO,ES,Towers with Radar,851,26,39,0,916,0,0,1,0,1,851,26,40,0,917,0,0,0,917
02/07/2016,MCO,FL,ASO,ES,Towers with Radar,716,31,37,0,784,0,0,7,1,8,716,31,44,1,792,0,0,0,792
02/08/2016,MCO,FL,ASO,ES,Towers with Radar,769,44,51,0,864,0,0,7,0,7,769,44,58,0,871,0,0,0,871
02/09/2016,MCO,FL,ASO,ES,Towers with Radar,794,56,32,0,882,0,0,4,0,4,794,56,36,0,886,0,0,0,886
02/10/2016,MCO,FL,ASO,ES,Towers with Radar,809,45,55,0,909,0,0,19,0,19,809,45,74,0,928,0,0,0,928
02/11/2016,MCO,FL,ASO,ES,Towers with Radar,830,51,59,0,940,0,1,19,0,20,830,52,78,0,960,0,0,0,960
02/12/2016,MCO,FL,ASO,ES,Towers with Radar,850,60,47,1,958,0,2,3,1,6,850,62,50,2,964,0,0,0,964
02/13/2016,MCO,FL,ASO,ES,Towers with Radar,894,36,36,0,966,0,0,6,0,6,894,36,42,0,972,0,0,0,972
02/14/2016,MCO,FL,ASO,ES,Towers with Radar,774,42,27,1,844,0,0,2,1,3,774,42,29,2,847,0,0,0,847
02/15/2016,MCO,FL,ASO,ES,Towers with Radar,806,52,55,0,913,0,0,2,0,2,806,52,57,0,915,0,0,0,915
02/16/2016,MCO,FL,ASO,ES,Towers with Radar,819,49,34,0,902,0,0,8,0,8,819,49,42,0,910,0,0,0,910
02/17/2016,MCO,FL,ASO,ES,Towers with Radar,849,62,43,2,956,0,1,6,0,7,849,63,49,2,963,0,0,0,963
02/18/2016,MCO,FL,ASO,ES,Towers with Radar,851,43,49,0,943,0,0,8,0,8,851,43,57,0,951,0,0,0,951
02/19/2016,MCO,FL,ASO,ES,Towers with Radar,857,58,36,2,953,0,2,8,1,11,857,60,44,3,964,0,0,0,964
02/20/2016,MCO,FL,ASO,ES,Towers with Radar,908,39,24,0,971,0,2,9,0,11,908,41,33,0,982,0,0,0,982
02/21/2016,MCO,FL,ASO,ES,Towers with Radar,819,39,50,0,908,0,1,4,1,6,819,40,54,1,914,0,0,0,914
02/22/2016,MCO,FL,ASO,ES,Towers with Radar,825,50,46,0,921,0,0,7,0,7,825,50,53,0,928,0,0,0,928
02/23/2016,MCO,FL,ASO,ES,Towers with Radar,813,53,50,2,918,0,0,9,0,9,813,53,59,2,927,0,0,0,927
02/24/2016,MCO,FL,ASO,ES,Towers with Radar,793,58,53,1,905,1,0,3,0,4,794,58,56,1,909,0,0,0,909
02/25/2016,MCO,FL,ASO,ES,Towers with Radar,847,46,54,3,950,0,0,8,0,8,847,46,62,3,958,0,0,0,958
02/26/2016,MCO,FL,ASO,ES,Towers with Radar,841,61,52,10,964,0,1,10,0,11,841,62,62,10,975,0,0,0,975
02/27/2016,MCO,FL,ASO,ES,Towers with Radar,910,36,21,3,970,0,0,8,0,8,910,36,29,3,978,0,0,0,978
02/28/2016,MCO,FL,ASO,ES,Towers with Radar,806,32,38,2,878,1,1,5,0,7,807,33,43,2,885,0,0,0,885
02/29/2016,MCO,FL,ASO,ES,Towers with Radar,820,47,49,2,918,0,0,7,0,7,820,47,56,2,925,0,0,0,925
03/01/2016,MCO,FL,ASO,ES,Towers with Radar,810,61,56,1,928,0,3,3,0,6,810,64,59,1,934,0,0,0,934
03/02/2016,MCO,FL,ASO,ES,Towers with Radar,830,51,56,2,939,0,4,15,0,19,830,55,71,2,958,0,0,0,958
03/03/2016,MCO,FL,ASO,ES,Towers with Radar,854,49,47,5,955,0,6,8,0,14,854,55,55,5,969,0,0,0,969
03/04/2016,MCO,FL,ASO,ES,Towers with Radar,863,54,54,0,971,0,1,5,0,6,863,55,59,0,977,0,0,0,977
03/05/2016,MCO,FL,ASO,ES,Towers with Radar,930,32,28,2,992,0,0,6,0,6,930,32,34,2,998,0,0,0,998
03/06/2016,MCO,FL,ASO,ES,Towers with Radar,822,46,49,2,919,0,0,7,0,7,822,46,56,2,926,0,0,0,926
03/07/2016,MCO,FL,ASO,ES,Towers with Radar,840,54,49,1,944,0,1,17,0,18,840,55,66,1,962,0,0,0,962
03/08/2016,MCO,FL,ASO,ES,Towers with Radar,835,54,61,1,951,0,0,22,0,22,835,54,83,1,973,0,0,0,973
03/09/2016,MCO,FL,ASO,ES,Towers with Radar,837,65,68,1,971,0,0,11,0,11,837,65,79,1,982,0,0,0,982
03/10/2016,MCO,FL,ASO,ES,Towers with Radar,894,55,53,3,1005,1,0,5,0,6,895,55,58,3,1011,0,0,0,1011
03/11/2016,MCO,FL,ASO,ES,Towers with Radar,896,62,64,1,1023,0,1,6,0,7,896,63,70,1,1030,0,0,0,1030
03/12/2016,MCO,FL,ASO,ES,Towers with Radar,1016,37,30,0,1083,1,1,5,0,7,1017,38,35,0,1090,0,0,0,1090
03/13/2016,MCO,FL,ASO,ES,Towers with Radar,870,44,36,5,955,0,3,2,0,5,870,47,38,5,960,0,0,0,960
03/14/2016,MCO,FL,ASO,ES,Towers with Radar,876,54,50,0,980,0,0,9,0,9,876,54,59,0,989,0,0,0,989
03/15/2016,MCO,FL,ASO,ES,Towers with Radar,880,50,32,0,962,0,2,9,0,11,880,52,41,0,973,0,0,0,973
03/16/2016,MCO,FL,ASO,ES,Towers with Radar,890,62,50,2,1004,0,0,5,0,5,890,62,55,2,1009,0,0,0,1009
03/17/2016,MCO,FL,ASO,ES,Towers with Radar,907,58,40,1,1006,0,0,2,0,2,907,58,42,1,1008,0,0,0,1008
03/18/2016,MCO,FL,ASO,ES,Towers with Radar,908,71,46,2,1027,0,0,6,3,9,908,71,52,5,1036,0,0,0,1036
03/19/2016,MCO,FL,ASO,ES,Towers with Radar,1032,41,57,0,1130,0,0,2,0,2,1032,41,59,0,1132,0,0,0,1132
03/20/2016,MCO,FL,ASO,ES,Towers with Radar,875,51,39,0,965,0,0,0,3,3,875,51,39,3,968,0,0,0,968
03/21/2016,MCO,FL,ASO,ES,Towers with Radar,890,60,35,2,987,0,0,8,0,8,890,60,43,2,995,0,0,0,995
03/22/2016,MCO,FL,ASO,ES,Towers with Radar,876,59,32,0,967,0,0,9,0,9,876,59,41,0,976,0,0,0,976
03/23/2016,MCO,FL,ASO,ES,Towers with Radar,859,70,27,0,956,0,0,4,0,4,859,70,31,0,960,0,0,0,960
03/24/2016,MCO,FL,ASO,ES,Towers with Radar,819,52,48,0,919,0,0,2,0,2,819,52,50,0,921,0,0,0,921
03/25/2016,MCO,FL,ASO,ES,Towers with Radar,973,58,38,0,1069,0,0,9,1,10,973,58,47,1,1079,0,0,0,1079
03/26/2016,MCO,FL,ASO,ES,Towers with Radar,954,40,29,0,1023,0,0,0,0,0,954,40,29,0,1023,0,0,0,1023
03/27/2016,MCO,FL,ASO,ES,Towers with Radar,950,49,35,0,1034,0,1,5,1,7,950,50,40,1,1041,0,0,0,1041
03/28/2016,MCO,FL,ASO,ES,Towers with Radar,887,58,67,0,1012,0,1,0,0,1,887,59,67,0,1013,0,0,0,1013
03/29/2016,MCO,FL,ASO,ES,Towers with Radar,875,46,38,0,959,0,0,4,0,4,875,46,42,0,963,0,0,0,963
03/30/2016,MCO,FL,ASO,ES,Towers with Radar,886,50,48,2,986,0,0,2,0,2,886,50,50,2,988,0,0,0,988
03/31/2016,MCO,FL,ASO,ES,Towers with Radar,916,60,50,2,1028,0,0,8,0,8,916,60,58,2,1036,0,0,0,1036
04/01/2016,MCO,FL,ASO,ES,Towers with Radar,888,58,48,2,996,0,0,2,0,2,888,58,50,2,998,0,0,0,998
04/02/2016,MCO,FL,ASO,ES,Towers with Radar,970,42,27,0,1039,0,0,3,0,3,970,42,30,0,1042,0,0,0,1042
04/03/2016,MCO,FL,ASO,ES,Towers with Radar,885,48,33,1,967,0,0,6,0,6,885,48,39,1,973,0,0,0,973
04/04/2016,MCO,FL,ASO,ES,Towers with Radar,871,52,31,2,956,0,1,17,0,18,871,53,48,2,974,0,0,0,974
04/05/2016,MCO,FL,ASO,ES,Towers with Radar,878,48,44,1,971,0,0,7,0,7,878,48,51,1,978,0,0,0,978
04/06/2016,MCO,FL,ASO,ES,Towers with Radar,870,51,65,0,986,0,0,7,0,7,870,51,72,0,993,0,0,0,993
04/07/2016,MCO,FL,ASO,ES,Towers with Radar,871,55,47,0,973,0,0,9,0,9,871,55,56,0,982,0,0,0,982
04/08/2016,MCO,FL,ASO,ES,Towers with Radar,892,48,45,2,987,0,1,7,0,8,892,49,52,2,995,0,0,0,995
04/09/2016,MCO,FL,ASO,ES,Towers with Radar,964,41,24,0,1029,0,1,11,0,12,964,42,35,0,1041,0,0,0,1041
04/10/2016,MCO,FL,ASO,ES,Towers with Radar,857,47,51,1,956,0,1,11,0,12,857,48,62,1,968,0,0,0,968
04/11/2016,MCO,FL,ASO,ES,Towers with Radar,851,53,40,0,944,0,1,9,0,10,851,54,49,0,954,0,0,0,954
04/12/2016,MCO,FL,ASO,ES,Towers with Radar,822,55,35,0,912,0,0,6,1,7,822,55,41,1,919,0,0,0,919
04/13/2016,MCO,FL,ASO,ES,Towers with Radar,834,51,53,0,938,3,0,3,0,6,837,51,56,0,944,0,0,0,944
04/14/2016,MCO,FL,ASO,ES,Towers with Radar,832,54,35,0,921,0,0,2,0,2,832,54,37,0,923,0,0,0,923
04/15/2016,MCO,FL,ASO,ES,Towers with Radar,840,53,47,0,940,0,0,3,0,3,840,53,50,0,943,0,0,0,943
04/16/2016,MCO,FL,ASO,ES,Towers with Radar,853,38,26,1,918,1,0,5,2,8,854,38,31,3,926,0,0,0,926
04/17/2016,MCO,FL,ASO,ES,Towers with Radar,799,55,25,0,879,0,0,12,0,12,799,55,37,0,891,0,0,0,891
04/18/2016,MCO,FL,ASO,ES,Towers with Radar,792,58,35,2,887,0,0,3,0,3,792,58,38,2,890,0,0,0,890
04/19/2016,MCO,FL,ASO,ES,Towers with Radar,826,54,34,2,916,1,5,11,0,17,827,59,45,2,933,0,0,0,933
04/20/2016,MCO,FL,ASO,ES,Towers with Radar,821,53,31,0,905,0,0,7,0,7,821,53,38,0,912,0,0,0,912
04/21/2016,MCO,FL,ASO,ES,Towers with Radar,836,52,54,4,946,0,1,11,1,13,836,53,65,5,959,0,0,0,959
04/22/2016,MCO,FL,ASO,ES,Towers with Radar,835,42,43,0,920,0,2,9,1,12,835,44,52,1,932,0,0,0,932
04/23/2016,MCO,FL,ASO,ES,Towers with Radar,873,37,23,0,933,0,2,2,0,4,873,39,25,0,937,0,0,0,937
04/24/2016,MCO,FL,ASO,ES,Towers with Radar,799,40,38,2,879,0,3,5,0,8,799,43,43,2,887,0,0,0,887
04/25/2016,MCO,FL,ASO,ES,Towers with Radar,815,47,44,0,906,0,2,8,0,10,815,49,52,0,916,0,0,0,916
04/26/2016,MCO,FL,ASO,ES,Towers with Radar,814,47,36,0,897,0,1,11,1,13,814,48,47,1,910,0,0,0,910
04/27/2016,MCO,FL,ASO,ES,Towers with Radar,823,56,39,0,918,0,1,10,0,11,823,57,49,0,929,0,0,0,929
04/28/2016,MCO,FL,ASO,ES,Towers with Radar,836,46,43,0,925,1,0,9,0,10,837,46,52,0,935,0,0,0,935
04/29/2016,MCO,FL,ASO,ES,Towers with Radar,831,48,47,5,931,0,0,12,0,12,831,48,59,5,943,0,0,0,943
04/30/2016,MCO,FL,ASO,ES,Towers with Radar,877,31,29,0,937,0,0,4,0,4,877,31,33,0,941,0,0,0,941
05/01/2016,MCO,FL,ASO,ES,Towers with Radar,785,37,24,1,847,0,2,9,0,11,785,39,33,1,858,0,0,0,858
05/02/2016,MCO,FL,ASO,ES,Towers with Radar,761,40,32,3,836,0,0,4,2,6,761,40,36,5,842,0,0,0,842
05/03/2016,MCO,FL,ASO,ES,Towers with Radar,846,54,36,1,937,0,2,4,0,6,846,56,40,1,943,0,0,0,943
05/04/2016,MCO,FL,ASO,ES,Towers with Radar,809,50,40,0,899,0,0,1,0,1,809,50,41,0,900,0,0,0,900
05/05/2016,MCO,FL,ASO,ES,Towers with Radar,806,52,49,2,909,0,0,11,0,11,806,52,60,2,920,0,0,0,920
05/06/2016,MCO,FL,ASO,ES,Towers with Radar,802,48,39,1,890,0,4,5,2,11,802,52,44,3,901,0,0,0,901
05/07/2016,MCO,FL,ASO,ES,Towers with Radar,830,30,29,3,892,0,2,5,0,7,830,32,34,3,899,0,0,0,899
05/08/2016,MCO,FL,ASO,ES,Towers with Radar,763,38,47,6,854,0,1,5,5,11,763,39,52,11,865,0,0,0,865
05/09/2016,MCO,FL,ASO,ES,Towers with Radar,787,41,23,8,859,0,0,2,0,2,787,41,25,8,861,0,0,0,861
05/10/2016,MCO,FL,ASO,ES,Towers with Radar,794,49,20,3,866,0,1,5,0,6,794,50,25,3,872,0,0,0,872
05/11/2016,MCO,FL,ASO,ES,Towers with Radar,781,52,46,1,880,0,0,11,0,11,781,52,57,1,891,0,0,0,891
05/12/2016,MCO,FL,ASO,ES,Towers with Radar,795,56,31,1,883,0,0,10,0,10,795,56,41,1,893,0,0,0,893
05/13/2016,MCO,FL,ASO,ES,Towers with Radar,798,46,30,2,876,1,0,14,0,15,799,46,44,2,891,0,0,0,891
05/14/2016,MCO,FL,ASO,ES,Towers with Radar,834,28,17,0,879,0,2,7,0,9,834,30,24,0,888,0,0,0,888
05/15/2016,MCO,FL,ASO,ES,Towers with Radar,775,43,47,0,865,0,0,9,0,9,775,43,56,0,874,0,0,0,874
05/16/2016,MCO,FL,ASO,ES,Towers with Radar,775,57,33,1,866,0,0,8,1,9,775,57,41,2,875,0,0,0,875
05/17/2016,MCO,FL,ASO,ES,Towers with Radar,789,55,23,2,869,0,0,4,1,5,789,55,27,3,874,0,0,0,874
05/18/2016,MCO,FL,ASO,ES,Towers with Radar,786,51,44,2,883,0,2,7,0,9,786,53,51,2,892,0,0,0,892
05/19/2016,MCO,FL,ASO,ES,Towers with Radar,801,47,45,2,895,0,2,5,0,7,801,49,50,2,902,0,0,0,902
05/20/2016,MCO,FL,ASO,ES,Towers with Radar,804,36,41,0,881,0,0,7,0,7,804,36,48,0,888,0,0,0,888
05/21/2016,MCO,FL,ASO,ES,Towers with Radar,828,31,21,0,880,0,0,7,0,7,828,31,28,0,887,0,0,0,887
05/22/2016,MCO,FL,ASO,ES,Towers with Radar,767,36,19,0,822,1,2,10,0,13,768,38,29,0,835,0,0,0,835
05/23/2016,MCO,FL,ASO,ES,Towers with Radar,781,53,26,0,860,0,0,3,0,3,781,53,29,0,863,0,0,0,863
05/24/2016,MCO,FL,ASO,ES,Towers with Radar,794,46,19,1,860,0,1,17,1,19,794,47,36,2,879,0,0,0,879
05/25/2016,MCO,FL,ASO,ES,Towers with Radar,793,42,39,0,874,0,0,9,0,9,793,42,48,0,883,0,0,0,883
05/26/2016,MCO,FL,ASO,ES,Towers with Radar,786,59,36,1,882,0,1,11,1,13,786,60,47,2,895,0,0,0,895
05/27/2016,MCO,FL,ASO,ES,Towers with Radar,798,42,43,4,887,0,1,5,0,6,798,43,48,4,893,0,0,0,893
05/28/2016,MCO,FL,ASO,ES,Towers with Radar,830,34,18,0,882,0,0,0,0,0,830,34,18,0,882,0,0,0,882
05/29/2016,MCO,FL,ASO,ES,Towers with Radar,706,32,15,0,753,0,1,6,0,7,706,33,21,0,760,0,0,0,760
05/30/2016,MCO,FL,ASO,ES,Towers with Radar,748,41,26,0,815,0,1,8,1,10,748,42,34,1,825,0,0,0,825
05/31/2016,MCO,FL,ASO,ES,Towers with Radar,765,42,21,0,828,0,0,11,0,11,765,42,32,0,839,0,0,0,839
06/01/2016,MCO,FL,ASO,ES,Towers with Radar,795,45,31,0,871,0,0,2,0,2,795,45,33,0,873,0,0,0,873
06/02/2016,MCO,FL,ASO,ES,Towers with Radar,778,54,42,0,874,0,2,0,0,2,778,56,42,0,876,0,0,0,876
06/03/2016,MCO,FL,ASO,ES,Towers with Radar,808,43,26,0,877,0,0,3,0,3,808,43,29,0,880,0,0,0,880
06/04/2016,MCO,FL,ASO,ES,Towers with Radar,824,30,27,0,881,1,0,2,0,3,825,30,29,0,884,0,0,0,884
06/05/2016,MCO,FL,ASO,ES,Towers with Radar,768,33,22,0,823,1,1,6,1,9,769,34,28,1,832,0,0,0,832
06/06/2016,MCO,FL,ASO,ES,Towers with Radar,796,38,18,0,852,0,0,3,0,3,796,38,21,0,855,0,0,0,855
06/07/2016,MCO,FL,ASO,ES,Towers with Radar,808,44,24,0,876,0,0,5,0,5,808,44,29,0,881,0,0,0,881
06/08/2016,MCO,FL,ASO,ES,Towers with Radar,804,37,38,2,881,0,0,4,0,4,804,37,42,2,885,0,0,0,885
06/09/2016,MCO,FL,ASO,ES,Towers with Radar,811,45,54,0,910,0,0,6,0,6,811,45,60,0,916,0,0,0,916
06/10/2016,MCO,FL,ASO,ES,Towers with Radar,820,42,29,2,893,0,0,1,0,1,820,42,30,2,894,0,0,0,894
06/11/2016,MCO,FL,ASO,ES,Towers with Radar,903,25,31,0,959,0,5,5,0,10,903,30,36,0,969,0,0,0,969
06/12/2016,MCO,FL,ASO,ES,Towers with Radar,788,35,23,0,846,0,0,5,0,5,788,35,28,0,851,0,0,0,851
06/13/2016,MCO,FL,ASO,ES,Towers with Radar,800,53,30,1,884,0,0,3,0,3,800,53,33,1,887,0,0,0,887
06/14/2016,MCO,FL,ASO,ES,Towers with Radar,798,40,28,4,870,0,0,4,0,4,798,40,32,4,874,0,0,0,874
06/15/2016,MCO,FL,ASO,ES,Towers with Radar,818,57,40,2,917,0,0,12,2,14,818,57,52,4,931,0,0,0,931
06/16/2016,MCO,FL,ASO,ES,Towers with Radar,808,45,27,2,882,0,0,3,0,3,808,45,30,2,885,0,0,0,885
06/17/2016,MCO,FL,ASO,ES,Towers with Radar,820,31,24,4,879,0,0,7,1,8,820,31,31,5,887,0,0,0,887
06/18/2016,MCO,FL,ASO,ES,Towers with Radar,936,27,17,0,980,0,0,1,0,1,936,27,18,0,981,0,0,0,981
06/19/2016,MCO,FL,ASO,ES,Towers with Radar,814,28,16,0,858,0,0,0,1,1,814,28,16,1,859,0,0,0,859
06/20/2016,MCO,FL,ASO,ES,Towers with Radar,816,43,33,0,892,0,2,7,1,10,816,45,40,1,902,0,0,0,902
06/21/2016,MCO,FL,ASO,ES,Towers with Radar,802,47,28,1,878,0,0,1,0,1,802,47,29,1,879,0,0,0,879
06/22/2016,MCO,FL,ASO,ES,Towers with Radar,821,50,28,2,901,1,0,14,0,15,822,50,42,2,916,0,0,0,916
06/23/2016,MCO,FL,ASO,ES,Towers with Radar,814,50,32,1,897,0,3,4,1,8,814,53,36,2,905,0,0,0,905
06/24/2016,MCO,FL,ASO,ES,Towers with Radar,825,38,19,3,885,0,1,7,2,10,825,39,26,5,895,0,0,0,895
06/25/2016,MCO,FL,ASO,ES,Towers with Radar,927,36,18,0,981,0,0,6,1,7,927,36,24,1,988,0,0,0,988
06/26/2016,MCO,FL,ASO,ES,Towers with Radar,798,32,25,1,856,0,0,1,0,1,798,32,26,1,857,0,0,0,857
06/27/2016,MCO,FL,ASO,ES,Towers with Radar,821,39,29,0,889,0,0,7,0,7,821,39,36,0,896,0,0,0,896
06/28/2016,MCO,FL,ASO,ES,Towers with Radar,807,39,28,0,874,0,0,4,0,4,807,39,32,0,878,0,0,0,878
06/29/2016,MCO,FL,ASO,ES,Towers with Radar,826,49,45,0,920,0,0,3,0,3,826,49,48,0,923,0,0,0,923
06/30/2016,MCO,FL,ASO,ES,Towers with Radar,826,45,36,0,907,1,1,5,0,7,827,46,41,0,914,0,0,0,914
07/01/2016,MCO,FL,ASO,ES,Towers with Radar,809,41,32,0,882,0,1,6,0,7,809,42,38,0,889,0,0,0,889
07/02/2016,MCO,FL,ASO,ES,Towers with Radar,925,24,22,0,971,0,0,5,0,5,925,24,27,0,976,0,0,0,976
07/03/2016,MCO,FL,ASO,ES,Towers with Radar,773,21,7,0,801,0,0,2,0,2,773,21,9,0,803,0,0,0,803
07/04/2016,MCO,FL,ASO,ES,Towers with Radar,755,27,11,0,793,0,1,2,0,3,755,28,13,0,796,0,0,0,796
07/05/2016,MCO,FL,ASO,ES,Towers with Radar,796,44,30,3,873,0,1,7,0,8,796,45,37,3,881,0,0,0,881
07/06/2016,MCO,FL,ASO,ES,Towers with Radar,831,42,20,4,897,0,0,1,0,1,831,42,21,4,898,0,0,0,898
07/07/2016,MCO,FL,ASO,ES,Towers with Radar,835,40,26,1,902,0,0,4,0,4,835,40,30,1,906,0,0,0,906
07/08/2016,MCO,FL,ASO,ES,Towers with Radar,818,41,22,0,881,3,5,5,0,13,821,46,27,0,894,0,0,0,894
07/09/2016,MCO,FL,ASO,ES,Towers with Radar,933,34,9,0,976,0,1,3,0,4,933,35,12,0,980,0,0,0,980
07/10/2016,MCO,FL,ASO,ES,Towers with Radar,819,23,20,0,862,0,0,3,1,4,819,23,23,1,866,0,0,0,866
07/11/2016,MCO,FL,ASO,ES,Towers with Radar,826,44,27,2,899,0,0,9,1,10,826,44,36,3,909,0,0,0,909
07/12/2016,MCO,FL,ASO,ES,Towers with Radar,839,44,15,2,900,0,1,3,0,4,839,45,18,2,904,0,0,0,904
07/13/2016,MCO,FL,ASO,ES,Towers with Radar,811,44,38,1,894,1,0,7,0,8,812,44,45,1,902,0,0,0,902
07/14/2016,MCO,FL,ASO,ES,Towers with Radar,834,51,33,1,919,0,1,9,0,10,834,52,42,1,929,0,0,0,929
07/15/2016,MCO,FL,ASO,ES,Towers with Radar,837,50,36,6,929,1,2,7,2,12,838,52,43,8,941,0,0,0,941
07/16/2016,MCO,FL,ASO,ES,Towers with Radar,906,39,14,0,959,0,0,5,0,5,906,39,19,0,964,0,0,0,964
07/17/2016,MCO,FL,ASO,ES,Towers with Radar,830,36,32,6,904,0,1,9,0,10,830,37,41,6,914,0,0,0,914
07/18/2016,MCO,FL,ASO,ES,Towers with Radar,805,48,35,0,888,2,3,8,0,13,807,51,43,0,901,0,0,0,901
07/19/2016,MCO,FL,ASO,ES,Towers with Radar,818,45,19,4,886,0,1,9,0,10,818,46,28,4,896,0,0,0,896
07/20/2016,MCO,FL,ASO,ES,Towers with Radar,813,52,38,3,906,0,0,12,0,12,813,52,50,3,918,0,0,0,918
07/21/2016,MCO,FL,ASO,ES,Towers with Radar,778,53,50,1,882,0,0,5,0,5,778,53,55,1,887,0,0,0,887
07/22/2016,MCO,FL,ASO,ES,Towers with Radar,831,53,37,2,923,0,0,6,1,7,831,53,43,3,930,0,0,0,930
07/23/2016,MCO,FL,ASO,ES,Towers with Radar,911,40,14,0,965,0,1,10,0,11,911,41,24,0,976,0,0,0,976
07/24/2016,MCO,FL,ASO,ES,Towers with Radar,820,24,29,1,874,0,0,7,0,7,820,24,36,1,881,0,0,0,881
07/25/2016,MCO,FL,ASO,ES,Towers with Radar,795,35,24,0,854,0,0,1,1,2,795,35,25,1,856,0,0,0,856
07/26/2016,MCO,FL,ASO,ES,Towers with Radar,837,43,25,0,905,0,1,4,0,5,837,44,29,0,910,0,0,0,910
07/27/2016,MCO,FL,ASO,ES,Towers with Radar,842,51,36,1,930,0,1,6,0,7,842,52,42,1,937,0,0,0,937
07/28/2016,MCO,FL,ASO,ES,Towers with Radar,802,39,25,1,867,0,0,7,0,7,802,39,32,1,874,0,0,0,874
07/29/2016,MCO,FL,ASO,ES,Towers with Radar,838,50,26,4,918,0,0,4,0,4,838,50,30,4,922,0,0,0,922
07/30/2016,MCO,FL,ASO,ES,Towers with Radar,886,32,20,1,939,1,0,3,0,4,887,32,23,1,943,0,0,0,943
07/31/2016,MCO,FL,ASO,ES,Towers with Radar,814,31,32,0,877,0,0,5,0,5,814,31,37,0,882,0,0,0,882
08/01/2016,MCO,FL,ASO,ES,Towers with Radar,822,40,24,0,886,0,0,5,0,5,822,40,29,0,891,0,0,0,891
08/02/2016,MCO,FL,ASO,ES,Towers with Radar,853,43,28,0,924,0,2,2,1,5,853,45,30,1,929,0,0,0,929
08/03/2016,MCO,FL,ASO,ES,Towers with Radar,848,50,25,2,925,0,4,6,1,11,848,54,31,3,936,0,0,0,936
08/04/2016,MCO,FL,ASO,ES,Towers with Radar,831,37,29,0,897,0,0,2,0,2,831,37,31,0,899,0,0,0,899
08/05/2016,MCO,FL,ASO,ES,Towers with Radar,821,40,27,0,888,0,1,13,1,15,821,41,40,1,903,0,0,0,903
08/06/2016,MCO,FL,ASO,ES,Towers with Radar,917,32,20,1,970,2,0,14,0,16,919,32,34,1,986,0,0,0,986
08/07/2016,MCO,FL,ASO,ES,Towers with Radar,766,37,27,0,830,0,1,5,0,6,766,38,32,0,836,0,0,0,836
08/08/2016,MCO,FL,ASO,ES,Towers with Radar,733,42,28,0,803,0,0,3,0,3,733,42,31,0,806,0,0,0,806
08/09/2016,MCO,FL,ASO,ES,Towers with Radar,758,44,24,0,826,0,0,6,0,6,758,44,30,0,832,0,0,0,832
08/10/2016,MCO,FL,ASO,ES,Towers with Radar,752,52,37,0,841,0,0,6,1,7,752,52,43,1,848,0,0,0,848
08/11/2016,MCO,FL,ASO,ES,Towers with Radar,768,47,41,0,856,0,0,2,0,2,768,47,43,0,858,0,0,0,858
08/12/2016,MCO,FL,ASO,ES,Towers with Radar,773,41,28,2,844,0,0,8,0,8,773,41,36,2,852,0,0,0,852
08/13/2016,MCO,FL,ASO,ES,Towers with Radar,819,32,24,0,875,0,0,5,0,5,819,32,29,0,880,0,0,0,880
08/14/2016,MCO,FL,ASO,ES,Towers with Radar,754,31,24,1,810,0,0,1,1,2,754,31,25,2,812,0,0,0,812
08/15/2016,MCO,FL,ASO,ES,Towers with Radar,759,42,34,0,835,0,0,3,0,3,759,42,37,0,838,0,0,0,838
08/16/2016,MCO,FL,ASO,ES,Towers with Radar,755,40,28,1,824,0,0,5,0,5,755,40,33,1,829,0,0,0,829
08/17/2016,MCO,FL,ASO,ES,Towers with Radar,764,41,42,0,847,0,0,10,0,10,764,41,52,0,857,0,0,0,857
08/18/2016,MCO,FL,ASO,ES,Towers with Radar,752,38,29,4,823,1,0,11,0,12,753,38,40,4,835,0,0,0,835
08/19/2016,MCO,FL,ASO,ES,Towers with Radar,742,35,27,2,806,0,0,13,0,13,742,35,40,2,819,0,0,0,819
08/20/2016,MCO,FL,ASO,ES,Towers with Radar,775,19,12,0,806,0,0,4,0,4,775,19,16,0,810,0,0,0,810
08/21/2016,MCO,FL,ASO,ES,Towers with Radar,736,21,27,0,784,2,1,4,0,7,738,22,31,0,791,0,0,0,791
08/22/2016,MCO,FL,ASO,ES,Towers with Radar,751,34,37,0,822,1,0,11,0,12,752,34,48,0,834,0,0,0,834
08/23/2016,MCO,FL,ASO,ES,Towers with Radar,730,42,25,0,797,1,0,5,0,6,731,42,30,0,803,0,0,0,803
08/24/2016,MCO,FL,ASO,ES,Towers with Radar,730,42,22,1,795,0,0,5,0,5,730,42,27,1,800,0,0,0,800
08/25/2016,MCO,FL,ASO,ES,Towers with Radar,735,43,35,2,815,0,1,15,0,16,735,44,50,2,831,0,0,0,831
08/26/2016,MCO,FL,ASO,ES,Towers with Radar,740,34,36,0,810,0,1,7,1,9,740,35,43,1,819,0,0,0,819
08/27/2016,MCO,FL,ASO,ES,Towers with Radar,761,18,14,0,793,0,2,5,0,7,761,20,19,0,800,0,0,0,800
08/28/2016,MCO,FL,ASO,ES,Towers with Radar,725,24,34,0,783,0,1,7,1,9,725,25,41,1,792,0,0,0,792
08/29/2016,MCO,FL,ASO,ES,Towers with Radar,724,27,24,0,775,0,0,4,0,4,724,27,28,0,779,0,0,0,779
08/30/2016,MCO,FL,ASO,ES,Towers with Radar,726,33,33,0,792,0,0,2,0,2,726,33,35,0,794,0,0,0,794
08/31/2016,MCO,FL,ASO,ES,Towers with Radar,725,34,30,0,789,0,0,0,0,0,725,34,30,0,789,0,0,0,789
09/01/2016,MCO,FL,ASO,ES,Towers with Radar,731,28,23,0,782,0,0,0,0,0,731,28,23,0,782,0,0,0,782
09/02/2016,MCO,FL,ASO,ES,Towers with Radar,758,23,16,0,797,0,0,1,0,1,758,23,17,0,798,0,0,0,798
09/03/2016,MCO,FL,ASO,ES,Towers with Radar,726,30,15,0,771,0,0,3,0,3,726,30,18,0,774,0,0,0,774
09/04/2016,MCO,FL,ASO,ES,Towers with Radar,655,26,21,0,702,0,0,2,0,2,655,26,23,0,704,0,0,0,704
09/05/2016,MCO,FL,ASO,ES,Towers with Radar,704,27,21,0,752,0,0,2,0,2,704,27,23,0,754,0,0,0,754
09/06/2016,MCO,FL,ASO,ES,Towers with Radar,674,30,26,2,732,0,0,3,0,3,674,30,29,2,735,0,0,0,735
09/07/2016,MCO,FL,ASO,ES,Towers with Radar,685,35,23,0,743,0,1,8,0,9,685,36,31,0,752,0,0,0,752
09/08/2016,MCO,FL,ASO,ES,Towers with Radar,687,48,20,0,755,0,0,8,0,8,687,48,28,0,763,0,0,0,763
09/09/2016,MCO,FL,ASO,ES,Towers with Radar,697,29,38,0,764,0,1,5,0,6,697,30,43,0,770,0,0,0,770
09/10/2016,MCO,FL,ASO,ES,Towers with Radar,715,25,15,2,757,0,0,4,2,6,715,25,19,4,763,0,0,0,763
09/11/2016,MCO,FL,ASO,ES,Towers with Radar,679,28,30,0,737,0,0,9,2,11,679,28,39,2,748,0,0,0,748
09/12/2016,MCO,FL,ASO,ES,Towers with Radar,704,38,36,4,782,0,0,5,0,5,704,38,41,4,787,0,0,0,787
09/13/2016,MCO,FL,ASO,ES,Towers with Radar,655,41,33,0,729,0,0,4,0,4,655,41,37,0,733,0,0,0,733
09/14/2016,MCO,FL,ASO,ES,Towers with Radar,679,36,46,2,763,0,0,10,1,11,679,36,56,3,774,0,0,0,774
09/15/2016,MCO,FL,ASO,ES,Towers with Radar,703,42,22,0,767,0,1,4,0,5,703,43,26,0,772,0,0,0,772
09/16/2016,MCO,FL,ASO,ES,Towers with Radar,703,32,48,1,784,0,0,6,0,6,703,32,54,1,790,0,0,0,790
09/17/2016,MCO,FL,ASO,ES,Towers with Radar,728,19,19,2,768,0,2,13,0,15,728,21,32,2,783,0,0,0,783
09/18/2016,MCO,FL,ASO,ES,Towers with Radar,677,24,37,2,740,0,1,5,1,7,677,25,42,3,747,0,0,0,747
09/19/2016,MCO,FL,ASO,ES,Towers with Radar,672,31,22,1,726,0,1,5,0,6,672,32,27,1,732,0,0,0,732
09/20/2016,MCO,FL,ASO,ES,Towers with Radar,682,42,27,3,754,0,0,6,0,6,682,42,33,3,760,0,0,0,760
09/21/2016,MCO,FL,ASO,ES,Towers with Radar,666,33,39,4,742,0,1,9,0,10,666,34,48,4,752,0,0,0,752
09/22/2016,MCO,FL,ASO,ES,Towers with Radar,703,39,37,1,780,0,0,3,0,3,703,39,40,1,783,0,0,0,783
09/23/2016,MCO,FL,ASO,ES,Towers with Radar,702,31,32,3,768,0,0,2,0,2,702,31,34,3,770,0,0,0,770
09/24/2016,MCO,FL,ASO,ES,Towers with Radar,728,17,17,0,762,0,0,9,0,9,728,17,26,0,771,0,0,0,771
09/25/2016,MCO,FL,ASO,ES,Towers with Radar,680,27,36,2,745,0,2,6,0,8,680,29,42,2,753,0,0,0,753
09/26/2016,MCO,FL,ASO,ES,Towers with Radar,688,30,27,0,745,0,0,14,0,14,688,30,41,0,759,0,0,0,759
09/27/2016,MCO,FL,ASO,ES,Towers with Radar,663,37,33,2,735,0,1,6,0,7,663,38,39,2,742,0,0,0,742
09/28/2016,MCO,FL,ASO,ES,Towers with Radar,664,32,36,0,732,0,0,4,0,4,664,32,40,0,736,0,0,0,736
09/29/2016,MCO,FL,ASO,ES,Towers with Radar,700,34,23,0,757,0,0,3,0,3,700,34,26,0,760,0,0,0,760
09/30/2016,MCO,FL,ASO,ES,Towers with Radar,679,33,40,0,752,0,0,4,0,4,679,33,44,0,756,0,0,0,756
10/01/2016,MCO,FL,ASO,ES,Towers with Radar,750,25,17,0,792,0,0,2,0,2,750,25,19,0,794,0,0,0,794
10/02/2016,MCO,FL,ASO,ES,Towers with Radar,717,27,16,1,761,0,0,5,0,5,717,27,21,1,766,0,0,0,766
10/03/2016,MCO,FL,ASO,ES,Towers with Radar,708,32,29,1,770,0,1,7,0,8,708,33,36,1,778,0,0,0,778
10/04/2016,MCO,FL,ASO,ES,Towers with Radar,693,41,31,0,765,0,0,2,0,2,693,41,33,0,767,0,0,0,767
10/05/2016,MCO,FL,ASO,ES,Towers with Radar,705,45,48,0,798,0,0,6,0,6,705,45,54,0,804,0,0,0,804
10/06/2016,MCO,FL,ASO,ES,Towers with Radar,512,25,25,0,562,0,0,0,0,0,512,25,25,0,562,0,0,0,562
10/07/2016,MCO,FL,ASO,ES,Towers with Radar,0,0,2,0,2,0,0,0,0,0,0,0,2,0,2,0,0,0,2
10/08/2016,MCO,FL,ASO,ES,Towers with Radar,562,28,32,4,626,0,0,2,0,2,562,28,34,4,628,0,0,0,628
10/09/2016,MCO,FL,ASO,ES,Towers with Radar,733,36,31,0,800,0,0,7,0,7,733,36,38,0,807,0,0,0,807
10/10/2016,MCO,FL,ASO,ES,Towers with Radar,719,38,23,0,780,0,1,6,0,7,719,39,29,0,787,0,0,0,787
10/11/2016,MCO,FL,ASO,ES,Towers with Radar,715,35,25,0,775,0,0,9,0,9,715,35,34,0,784,0,0,0,784
10/12/2016,MCO,FL,ASO,ES,Towers with Radar,728,38,51,0,817,0,0,4,0,4,728,38,55,0,821,0,0,0,821
10/13/2016,MCO,FL,ASO,ES,Towers with Radar,740,44,32,1,817,0,0,11,0,11,740,44,43,1,828,0,0,0,828
10/14/2016,MCO,FL,ASO,ES,Towers with Radar,745,29,41,2,817,0,0,2,1,3,745,29,43,3,820,0,0,0,820
10/15/2016,MCO,FL,ASO,ES,Towers with Radar,773,22,30,2,827,0,0,4,0,4,773,22,34,2,831,0,0,0,831
10/16/2016,MCO,FL,ASO,ES,Towers with Radar,720,28,61,2,811,0,0,9,1,10,720,28,70,3,821,0,0,0,821
10/17/2016,MCO,FL,ASO,ES,Towers with Radar,740,38,47,0,825,0,1,8,0,9,740,39,55,0,834,0,0,0,834
10/18/2016,MCO,FL,ASO,ES,Towers with Radar,713,41,38,3,795,0,1,11,0,12,713,42,49,3,807,0,0,0,807
10/19/2016,MCO,FL,ASO,ES,Towers with Radar,722,43,34,1,800,1,3,5,0,9,723,46,39,1,809,0,0,0,809
10/20/2016,MCO,FL,ASO,ES,Towers with Radar,738,48,51,2,839,0,0,5,0,5,738,48,56,2,844,0,0,0,844
10/21/2016,MCO,FL,ASO,ES,Towers with Radar,746,31,27,0,804,0,3,6,1,10,746,34,33,1,814,0,0,0,814
10/22/2016,MCO,FL,ASO,ES,Towers with Radar,773,23,29,0,825,0,1,8,0,9,773,24,37,0,834,0,0,0,834
10/23/2016,MCO,FL,ASO,ES,Towers with Radar,733,31,36,0,800,1,3,10,0,14,734,34,46,0,814,0,0,0,814
10/24/2016,MCO,FL,ASO,ES,Towers with Radar,723,42,25,0,790,0,1,5,2,8,723,43,30,2,798,0,0,0,798
10/25/2016,MCO,FL,ASO,ES,Towers with Radar,723,43,35,3,804,0,0,5,1,6,723,43,40,4,810,0,0,0,810
10/26/2016,MCO,FL,ASO,ES,Towers with Radar,711,37,39,0,787,0,1,6,0,7,711,38,45,0,794,0,0,0,794
10/27/2016,MCO,FL,ASO,ES,Towers with Radar,742,54,45,2,843,1,3,10,0,14,743,57,55,2,857,0,0,0,857
10/28/2016,MCO,FL,ASO,ES,Towers with Radar,748,42,41,4,835,0,0,11,1,12,748,42,52,5,847,0,0,0,847
10/29/2016,MCO,FL,ASO,ES,Towers with Radar,776,23,20,1,820,1,0,2,0,3,777,23,22,1,823,0,0,0,823
10/30/2016,MCO,FL,ASO,ES,Towers with Radar,711,51,50,0,812,0,1,4,1,6,711,52,54,1,818,0,0,0,818
10/31/2016,MCO,FL,ASO,ES,Towers with Radar,714,38,75,0,827,0,0,10,0,10,714,38,85,0,837,0,0,0,837
11/01/2016,MCO,FL,ASO,ES,Towers with Radar,710,54,96,0,860,0,0,9,0,9,710,54,105,0,869,0,0,0,869
11/02/2016,MCO,FL,ASO,ES,Towers with Radar,733,52,100,0,885,0,0,16,0,16,733,52,116,0,901,0,0,0,901
11/03/2016,MCO,FL,ASO,ES,Towers with Radar,761,55,90,1,907,2,1,8,0,11,763,56,98,1,918,0,0,0,918
11/04/2016,MCO,FL,ASO,ES,Towers with Radar,761,44,49,0,854,0,1,18,2,21,761,45,67,2,875,0,0,0,875
11/05/2016,MCO,FL,ASO,ES,Towers with Radar,802,27,50,1,880,1,0,14,0,15,803,27,64,1,895,0,0,0,895
11/06/2016,MCO,FL,ASO,ES,Towers with Radar,784,32,39,1,856,0,0,4,0,4,784,32,43,1,860,0,0,0,860
11/07/2016,MCO,FL,ASO,ES,Towers with Radar,759,38,22,1,820,0,0,8,0,8,759,38,30,1,828,0,0,0,828
11/08/2016,MCO,FL,ASO,ES,Towers with Radar,704,35,35,0,774,0,0,9,0,9,704,35,44,0,783,0,0,0,783
11/09/2016,MCO,FL,ASO,ES,Towers with Radar,763,45,43,0,851,0,0,6,0,6,763,45,49,0,857,0,0,0,857
11/10/2016,MCO,FL,ASO,ES,Towers with Radar,807,34,40,0,881,0,0,2,0,2,807,34,42,0,883,0,0,0,883
11/11/2016,MCO,FL,ASO,ES,Towers with Radar,812,30,31,0,873,0,1,22,0,23,812,31,53,0,896,0,0,0,896
11/12/2016,MCO,FL,ASO,ES,Towers with Radar,848,21,27,0,896,0,0,3,0,3,848,21,30,0,899,0,0,0,899
11/13/2016,MCO,FL,ASO,ES,Towers with Radar,798,36,46,0,880,1,0,5,0,6,799,36,51,0,886,0,0,0,886
11/14/2016,MCO,FL,ASO,ES,Towers with Radar,793,42,49,2,886,0,0,4,0,4,793,42,53,2,890,0,0,0,890
11/15/2016,MCO,FL,ASO,ES,Towers with Radar,780,45,51,0,876,0,0,7,0,7,780,45,58,0,883,0,0,0,883
11/16/2016,MCO,FL,ASO,ES,Towers with Radar,786,44,56,15,901,0,1,6,0,7,786,45,62,15,908,0,0,0,908
11/17/2016,MCO,FL,ASO,ES,Towers with Radar,817,44,56,0,917,0,0,8,0,8,817,44,64,0,925,4,0,4,929
11/18/2016,MCO,FL,ASO,ES,Towers with Radar,832,48,53,11,944,0,0,9,0,9,832,48,62,11,953,0,0,0,953
11/19/2016,MCO,FL,ASO,ES,Towers with Radar,878,25,28,0,931,0,4,7,0,11,878,29,35,0,942,0,0,0,942
11/20/2016,MCO,FL,ASO,ES,Towers with Radar,807,26,25,0,858,0,1,8,0,9,807,27,33,0,867,0,0,0,867
11/21/2016,MCO,FL,ASO,ES,Towers with Radar,778,43,29,0,850,0,1,13,0,14,778,44,42,0,864,0,0,0,864
11/22/2016,MCO,FL,ASO,ES,Towers with Radar,797,43,33,4,877,0,0,3,0,3,797,43,36,4,880,0,0,0,880
11/23/2016,MCO,FL,ASO,ES,Towers with Radar,814,31,33,0,878,0,0,13,0,13,814,31,46,0,891,0,0,0,891
11/24/2016,MCO,FL,ASO,ES,Towers with Radar,625,18,10,0,653,0,0,4,0,4,625,18,14,0,657,0,0,0,657
11/25/2016,MCO,FL,ASO,ES,Towers with Radar,726,21,20,0,767,0,2,11,0,13,726,23,31,0,780,0,0,0,780
11/26/2016,MCO,FL,ASO,ES,Towers with Radar,885,19,22,0,926,0,3,4,0,7,885,22,26,0,933,0,0,0,933
11/27/2016,MCO,FL,ASO,ES,Towers with Radar,847,37,42,0,926,0,0,7,0,7,847,37,49,0,933,0,0,0,933
11/28/2016,MCO,FL,ASO,ES,Towers with Radar,819,30,25,2,876,0,0,6,0,6,819,30,31,2,882,0,0,0,882
11/29/2016,MCO,FL,ASO,ES,Towers with Radar,807,45,43,0,895,0,0,6,0,6,807,45,49,0,901,0,0,0,901
11/30/2016,MCO,FL,ASO,ES,Towers with Radar,783,33,33,4,853,0,0,6,0,6,783,33,39,4,859,0,0,0,859
12/01/2016,MCO,FL,ASO,ES,Towers with Radar,827,45,46,3,921,0,1,5,1,7,827,46,51,4,928,0,0,0,928
12/02/2016,MCO,FL,ASO,ES,Towers with Radar,822,35,43,4,904,0,0,18,0,18,822,35,61,4,922,0,0,0,922
12/03/2016,MCO,FL,ASO,ES,Towers with Radar,828,21,33,0,882,0,0,3,0,3,828,21,36,0,885,0,0,0,885
12/04/2016,MCO,FL,ASO,ES,Towers with Radar,791,37,50,0,878,0,1,4,0,5,791,38,54,0,883,0,0,0,883
12/05/2016,MCO,FL,ASO,ES,Towers with Radar,786,35,43,0,864,0,0,17,0,17,786,35,60,0,881,0,0,0,881
12/06/2016,MCO,FL,ASO,ES,Towers with Radar,776,43,29,0,848,0,0,1,0,1,776,43,30,0,849,0,0,0,849
12/07/2016,MCO,FL,ASO,ES,Towers with Radar,794,42,52,2,890,0,0,7,0,7,794,42,59,2,897,0,0,0,897
12/08/2016,MCO,FL,ASO,ES,Towers with Radar,820,43,46,2,911,0,0,4,0,4,820,43,50,2,915,0,0,0,915
12/09/2016,MCO,FL,ASO,ES,Towers with Radar,821,32,47,0,900,0,2,3,0,5,821,34,50,0,905,0,0,0,905
12/10/2016,MCO,FL,ASO,ES,Towers with Radar,820,16,21,0,857,0,1,1,0,2,820,17,22,0,859,0,0,0,859
12/11/2016,MCO,FL,ASO,ES,Towers with Radar,769,26,43,1,839,0,0,2,0,2,769,26,45,1,841,0,0,0,841
12/12/2016,MCO,FL,ASO,ES,Towers with Radar,807,30,40,0,877,0,1,2,0,3,807,31,42,0,880,0,0,0,880
12/13/2016,MCO,FL,ASO,ES,Towers with Radar,806,46,32,0,884,0,0,9,0,9,806,46,41,0,893,0,0,0,893
12/14/2016,MCO,FL,ASO,ES,Towers with Radar,806,45,51,0,902,0,0,5,1,6,806,45,56,1,908,0,0,0,908
12/15/2016,MCO,FL,ASO,ES,Towers with Radar,856,41,50,2,949,0,0,6,1,7,856,41,56,3,956,0,0,0,956
12/16/2016,MCO,FL,ASO,ES,Towers with Radar,854,43,53,4,954,0,1,14,0,15,854,44,67,4,969,0,0,0,969
12/17/2016,MCO,FL,ASO,ES,Towers with Radar,830,18,25,0,873,2,2,7,0,11,832,20,32,0,884,0,0,0,884
12/18/2016,MCO,FL,ASO,ES,Towers with Radar,826,32,42,0,900,0,0,3,0,3,826,32,45,0,903,0,0,0,903
12/19/2016,MCO,FL,ASO,ES,Towers with Radar,870,35,46,0,951,0,0,1,0,1,870,35,47,0,952,0,0,0,952
12/20/2016,MCO,FL,ASO,ES,Towers with Radar,887,38,27,4,956,0,0,4,0,4,887,38,31,4,960,0,0,0,960
12/21/2016,MCO,FL,ASO,ES,Towers with Radar,930,46,25,0,1001,1,0,1,0,2,931,46,26,0,1003,0,0,0,1003
12/22/2016,MCO,FL,ASO,ES,Towers with Radar,941,39,32,0,1012,0,1,7,0,8,941,40,39,0,1020,0,0,0,1020
12/23/2016,MCO,FL,ASO,ES,Towers with Radar,941,36,28,0,1005,0,0,6,0,6,941,36,34,0,1011,0,0,0,1011
12/24/2016,MCO,FL,ASO,ES,Towers with Radar,867,26,13,0,906,0,1,4,0,5,867,27,17,0,911,0,0,0,911
12/25/2016,MCO,FL,ASO,ES,Towers with Radar,757,21,9,0,787,0,0,2,0,2,757,21,11,0,789,0,0,0,789
12/26/2016,MCO,FL,ASO,ES,Towers with Radar,869,32,57,0,958,0,0,2,0,2,869,32,59,0,960,0,0,0,960
12/27/2016,MCO,FL,ASO,ES,Towers with Radar,925,44,51,0,1020,0,3,9,0,12,925,47,60,0,1032,0,0,0,1032
12/28/2016,MCO,FL,ASO,ES,Towers with Radar,932,34,29,0,995,0,0,3,0,3,932,34,32,0,998,0,0,0,998
12/29/2016,MCO,FL,ASO,ES,Towers with Radar,913,45,38,0,996,0,0,12,0,12,913,45,50,0,1008,0,0,0,1008
12/30/2016,MCO,FL,ASO,ES,Towers with Radar,924,30,42,1,997,1,1,9,1,12,925,31,51,2,1009,0,0,0,1009
12/31/2016,MCO,FL,ASO,ES,Towers with Radar,886,13,19,1,919,0,0,8,2,10,886,13,27,3,929,0,0,0,929
01/01/2017,MCO,FL,ASO,ES,Towers with Radar,832,30,33,2,897,0,0,8,2,10,832,30,41,4,907,0,0,0,907
01/02/2017,MCO,FL,ASO,ES,Towers with Radar,870,29,45,0,944,0,0,16,0,16,870,29,61,0,960,0,0,0,960
01/03/2017,MCO,FL,ASO,ES,Towers with Radar,869,38,45,0,952,0,0,2,0,2,869,38,47,0,954,0,0,0,954
01/04/2017,MCO,FL,ASO,ES,Towers with Radar,847,52,44,4,947,0,0,7,1,8,847,52,51,5,955,0,0,0,955
01/05/2017,MCO,FL,ASO,ES,Towers with Radar,847,50,39,0,936,0,1,10,0,11,847,51,49,0,947,0,0,0,947
01/06/2017,MCO,FL,ASO,ES,Towers with Radar,850,34,43,3,930,0,3,13,2,18,850,37,56,5,948,0,0,0,948
01/07/2017,MCO,FL,ASO,ES,Towers with Radar,811,25,23,0,859,0,1,4,0,5,811,26,27,0,864,0,0,0,864
01/08/2017,MCO,FL,ASO,ES,Towers with Radar,826,36,48,3,913,0,2,10,2,14,826,38,58,5,927,0,0,0,927
01/09/2017,MCO,FL,ASO,ES,Towers with Radar,824,64,69,0,957,0,0,9,0,9,824,64,78,0,966,0,0,0,966
01/10/2017,MCO,FL,ASO,ES,Towers with Radar,802,63,79,0,944,0,2,6,0,8,802,65,85,0,952,0,0,0,952
01/11/2017,MCO,FL,ASO,ES,Towers with Radar,802,62,85,0,949,0,2,13,0,15,802,64,98,0,964,0,0,0,964
01/12/2017,MCO,FL,ASO,ES,Towers with Radar,855,51,84,4,994,0,1,11,0,12,855,52,95,4,1006,0,0,0,1006
01/13/2017,MCO,FL,ASO,ES,Towers with Radar,834,52,63,0,949,0,0,4,0,4,834,52,67,0,953,0,0,0,953
01/14/2017,MCO,FL,ASO,ES,Towers with Radar,834,23,21,0,878,0,0,7,0,7,834,23,28,0,885,0,0,0,885
01/15/2017,MCO,FL,ASO,ES,Towers with Radar,800,27,34,0,861,0,1,4,0,5,800,28,38,0,866,0,0,0,866
01/16/2017,MCO,FL,ASO,ES,Towers with Radar,797,50,40,0,887,2,0,3,0,5,799,50,43,0,892,0,0,0,892
01/17/2017,MCO,FL,ASO,ES,Towers with Radar,782,46,35,3,866,0,1,5,3,9,782,47,40,6,875,0,0,0,875
01/18/2017,MCO,FL,ASO,ES,Towers with Radar,794,44,44,4,886,0,2,6,0,8,794,46,50,4,894,0,0,0,894
01/19/2017,MCO,FL,ASO,ES,Towers with Radar,830,42,48,1,921,0,0,4,0,4,830,42,52,1,925,0,0,0,925
01/20/2017,MCO,FL,ASO,ES,Towers with Radar,844,38,43,2,927,0,0,7,0,7,844,38,50,2,934,0,0,0,934
01/21/2017,MCO,FL,ASO,ES,Towers with Radar,871,26,37,0,934,0,1,5,0,6,871,27,42,0,940,0,0,0,940
01/22/2017,MCO,FL,ASO,ES,Towers with Radar,746,20,35,0,801,0,0,2,0,2,746,20,37,0,803,0,0,0,803
01/23/2017,MCO,FL,ASO,ES,Towers with Radar,866,42,48,0,956,0,0,5,0,5,866,42,53,0,961,0,0,0,961
01/24/2017,MCO,FL,ASO,ES,Towers with Radar,806,50,43,0,899,0,0,4,0,4,806,50,47,0,903,0,0,0,903
01/25/2017,MCO,FL,ASO,ES,Towers with Radar,797,52,65,0,914,0,0,7,0,7,797,52,72,0,921,0,0,0,921
01/26/2017,MCO,FL,ASO,ES,Towers with Radar,843,40,57,0,940,0,0,9,0,9,843,40,66,0,949,0,0,0,949
01/27/2017,MCO,FL,ASO,ES,Towers with Radar,842,37,41,2,922,0,0,10,0,10,842,37,51,2,932,0,0,0,932
01/28/2017,MCO,FL,ASO,ES,Towers with Radar,864,27,28,0,919,0,0,5,0,5,864,27,33,0,924,0,0,0,924
01/29/2017,MCO,FL,ASO,ES,Towers with Radar,806,29,31,0,866,0,0,2,0,2,806,29,33,0,868,0,0,0,868
01/30/2017,MCO,FL,ASO,ES,Towers with Radar,815,59,28,6,908,0,1,10,1,12,815,60,38,7,920,0,0,0,920
01/31/2017,MCO,FL,ASO,ES,Towers with Radar,800,36,34,0,870,0,0,6,0,6,800,36,40,0,876,0,0,0,876
02/01/2017,MCO,FL,ASO,ES,Towers with Radar,800,46,54,0,900,0,0,5,0,5,800,46,59,0,905,0,0,0,905
02/02/2017,MCO,FL,ASO,ES,Towers with Radar,841,49,64,0,954,0,0,14,0,14,841,49,78,0,968,0,0,0,968
02/03/2017,MCO,FL,ASO,ES,Towers with Radar,842,42,35,0,919,0,0,9,2,11,842,42,44,2,930,0,0,0,930
02/04/2017,MCO,FL,ASO,ES,Towers with Radar,873,31,16,0,920,0,0,0,0,0,873,31,16,0,920,0,0,0,920
02/05/2017,MCO,FL,ASO,ES,Towers with Radar,768,39,35,0,842,0,0,2,0,2,768,39,37,0,844,0,0,0,844
02/06/2017,MCO,FL,ASO,ES,Towers with Radar,814,53,31,0,898,0,0,2,0,2,814,53,33,0,900,0,0,0,900
02/07/2017,MCO,FL,ASO,ES,Towers with Radar,801,41,49,0,891,0,0,3,0,3,801,41,52,0,894,0,0,0,894
02/08/2017,MCO,FL,ASO,ES,Towers with Radar,777,52,60,2,891,1,0,7,0,8,778,52,67,2,899,0,0,0,899
02/09/2017,MCO,FL,ASO,ES,Towers with Radar,737,49,45,0,831,0,2,11,0,13,737,51,56,0,844,0,0,0,844
02/10/2017,MCO,FL,ASO,ES,Towers with Radar,848,40,40,1,929,0,0,5,0,5,848,40,45,1,934,0,0,0,934
02/11/2017,MCO,FL,ASO,ES,Towers with Radar,878,32,34,0,944,1,0,5,0,6,879,32,39,0,950,0,0,0,950
02/12/2017,MCO,FL,ASO,ES,Towers with Radar,791,31,58,1,881,0,0,8,2,10,791,31,66,3,891,0,0,0,891
02/13/2017,MCO,FL,ASO,ES,Towers with Radar,798,42,48,0,888,0,0,5,0,5,798,42,53,0,893,0,0,0,893
02/14/2017,MCO,FL,ASO,ES,Towers with Radar,778,49,33,2,862,0,1,7,0,8,778,50,40,2,870,0,0,0,870
02/15/2017,MCO,FL,ASO,ES,Towers with Radar,809,46,46,0,901,0,0,4,0,4,809,46,50,0,905,0,0,0,905
02/16/2017,MCO,FL,ASO,ES,Towers with Radar,858,45,70,0,973,0,0,1,2,3,858,45,71,2,976,0,0,0,976
02/17/2017,MCO,FL,ASO,ES,Towers with Radar,869,43,57,0,969,1,3,11,0,15,870,46,68,0,984,0,0,0,984
02/18/2017,MCO,FL,ASO,ES,Towers with Radar,918,33,35,0,986,0,0,12,0,12,918,33,47,0,998,0,0,0,998
02/19/2017,MCO,FL,ASO,ES,Towers with Radar,843,39,55,0,937,0,1,4,0,5,843,40,59,0,942,0,0,0,942
02/20/2017,MCO,FL,ASO,ES,Towers with Radar,846,62,67,0,975,1,0,17,0,18,847,62,84,0,993,0,0,0,993
02/21/2017,MCO,FL,ASO,ES,Towers with Radar,871,54,48,0,973,0,1,5,0,6,871,55,53,0,979,0,0,0,979
02/22/2017,MCO,FL,ASO,ES,Towers with Radar,852,48,48,0,948,0,0,0,0,0,852,48,48,0,948,0,0,0,948
02/23/2017,MCO,FL,ASO,ES,Towers with Radar,881,47,43,0,971,0,0,8,0,8,881,47,51,0,979,0,0,0,979
02/24/2017,MCO,FL,ASO,ES,Towers with Radar,874,44,42,0,960,0,1,10,2,13,874,45,52,2,973,0,0,0,973
02/25/2017,MCO,FL,ASO,ES,Towers with Radar,939,27,31,0,997,0,3,4,0,7,939,30,35,0,1004,0,0,0,1004
02/26/2017,MCO,FL,ASO,ES,Towers with Radar,887,57,44,0,988,0,1,7,1,9,887,58,51,1,997,0,0,0,997
02/27/2017,MCO,FL,ASO,ES,Towers with Radar,843,33,53,0,929,1,0,10,0,11,844,33,63,0,940,0,0,0,940
02/28/2017,MCO,FL,ASO,ES,Towers with Radar,846,62,42,4,954,0,2,11,0,13,846,64,53,4,967,0,0,0,967
03/01/2017,MCO,FL,ASO,ES,Towers with Radar,838,56,60,13,967,0,2,7,1,10,838,58,67,14,977,0,0,0,977
03/02/2017,MCO,FL,ASO,ES,Towers with Radar,887,39,58,5,989,0,0,4,0,4,887,39,62,5,993,0,0,0,993
03/03/2017,MCO,FL,ASO,ES,Towers with Radar,878,37,56,11,982,0,0,7,0,7,878,37,63,11,989,0,0,0,989
03/04/2017,MCO,FL,ASO,ES,Towers with Radar,943,31,32,8,1014,0,1,9,0,10,943,32,41,8,1024,0,0,0,1024
03/05/2017,MCO,FL,ASO,ES,Towers with Radar,868,52,59,2,981,0,0,7,2,9,868,52,66,4,990,0,0,0,990
03/06/2017,MCO,FL,ASO,ES,Towers with Radar,860,49,42,0,951,0,2,17,0,19,860,51,59,0,970,0,0,0,970
03/07/2017,MCO,FL,ASO,ES,Towers with Radar,871,59,66,0,996,0,1,14,0,15,871,60,80,0,1011,0,0,0,1011
03/08/2017,MCO,FL,ASO,ES,Towers with Radar,848,54,57,2,961,0,1,5,0,6,848,55,62,2,967,0,0,0,967
03/09/2017,MCO,FL,ASO,ES,Towers with Radar,924,53,65,0,1042,0,0,13,0,13,924,53,78,0,1055,0,0,0,1055
03/10/2017,MCO,FL,ASO,ES,Towers with Radar,926,38,58,2,1024,0,0,2,0,2,926,38,60,2,1026,0,0,0,1026
03/11/2017,MCO,FL,ASO,ES,Towers with Radar,1053,44,43,2,1142,0,0,9,0,9,1053,44,52,2,1151,0,0,0,1151
03/12/2017,MCO,FL,ASO,ES,Towers with Radar,924,43,27,5,999,0,0,9,0,9,924,43,36,5,1008,0,0,0,1008
03/13/2017,MCO,FL,ASO,ES,Towers with Radar,849,50,60,0,959,0,0,1,0,1,849,50,61,0,960,0,0,0,960
03/14/2017,MCO,FL,ASO,ES,Towers with Radar,678,48,31,1,758,0,0,1,2,3,678,48,32,3,761,0,0,0,761
03/15/2017,MCO,FL,ASO,ES,Towers with Radar,838,44,56,2,940,0,0,7,0,7,838,44,63,2,947,0,0,0,947
03/16/2017,MCO,FL,ASO,ES,Towers with Radar,943,57,47,2,1049,0,1,15,1,17,943,58,62,3,1066,0,0,0,1066
03/17/2017,MCO,FL,ASO,ES,Towers with Radar,939,38,55,0,1032,0,0,13,0,13,939,38,68,0,1045,0,0,0,1045
03/18/2017,MCO,FL,ASO,ES,Towers with Radar,1052,50,43,0,1145,0,0,7,0,7,1052,50,50,0,1152,0,0,0,1152
03/19/2017,MCO,FL,ASO,ES,Towers with Radar,934,68,56,0,1058,0,0,7,0,7,934,68,63,0,1065,0,0,0,1065
03/20/2017,MCO,FL,ASO,ES,Towers with Radar,902,65,44,0,1011,0,0,3,0,3,902,65,47,0,1014,0,0,0,1014
03/21/2017,MCO,FL,ASO,ES,Towers with Radar,919,49,38,0,1006,0,0,7,0,7,919,49,45,0,1013,0,0,0,1013
03/22/2017,MCO,FL,ASO,ES,Towers with Radar,891,48,47,2,988,0,0,1,0,1,891,48,48,2,989,0,0,0,989
03/23/2017,MCO,FL,ASO,ES,Towers with Radar,931,45,46,0,1022,0,1,2,0,3,931,46,48,0,1025,0,0,0,1025
03/24/2017,MCO,FL,ASO,ES,Towers with Radar,939,50,46,0,1035,0,0,11,0,11,939,50,57,0,1046,0,0,0,1046
03/25/2017,MCO,FL,ASO,ES,Towers with Radar,1063,33,37,2,1135,1,0,8,0,9,1064,33,45,2,1144,0,0,0,1144
03/26/2017,MCO,FL,ASO,ES,Towers with Radar,939,55,36,0,1030,0,0,6,0,6,939,55,42,0,1036,0,0,0,1036
03/27/2017,MCO,FL,ASO,ES,Towers with Radar,910,40,35,0,985,0,0,3,0,3,910,40,38,0,988,0,0,0,988
03/28/2017,MCO,FL,ASO,ES,Towers with Radar,910,50,31,0,991,0,0,4,0,4,910,50,35,0,995,0,0,0,995
03/29/2017,MCO,FL,ASO,ES,Towers with Radar,902,42,45,0,989,0,0,12,0,12,902,42,57,0,1001,0,0,0,1001
03/30/2017,MCO,FL,ASO,ES,Towers with Radar,935,44,52,4,1035,0,0,15,0,15,935,44,67,4,1050,0,0,0,1050
03/31/2017,MCO,FL,ASO,ES,Towers with Radar,920,40,51,1,1012,1,1,10,1,13,921,41,61,2,1025,0,0,0,1025
04/01/2017,MCO,FL,ASO,ES,Towers with Radar,1063,31,38,1,1133,0,0,6,0,6,1063,31,44,1,1139,0,0,0,1139
04/02/2017,MCO,FL,ASO,ES,Towers with Radar,935,43,56,1,1035,0,2,4,3,9,935,45,60,4,1044,0,0,0,1044
04/03/2017,MCO,FL,ASO,ES,Towers with Radar,892,38,51,2,983,2,2,6,0,10,894,40,57,2,993,0,0,0,993
04/04/2017,MCO,FL,ASO,ES,Towers with Radar,899,41,32,0,972,1,0,5,1,7,900,41,37,1,979,0,0,0,979
04/05/2017,MCO,FL,ASO,ES,Towers with Radar,844,52,62,1,959,0,0,9,0,9,844,52,71,1,968,0,0,0,968
04/06/2017,MCO,FL,ASO,ES,Towers with Radar,882,50,51,0,983,0,0,8,0,8,882,50,59,0,991,0,0,0,991
04/07/2017,MCO,FL,ASO,ES,Towers with Radar,921,54,71,2,1048,0,1,14,0,15,921,55,85,2,1063,0,0,0,1063
04/08/2017,MCO,FL,ASO,ES,Towers with Radar,1056,49,49,0,1154,0,1,11,0,12,1056,50,60,0,1166,0,0,0,1166
04/09/2017,MCO,FL,ASO,ES,Towers with Radar,928,45,52,0,1025,0,1,8,1,10,928,46,60,1,1035,0,0,0,1035
04/10/2017,MCO,FL,ASO,ES,Towers with Radar,890,43,48,2,983,1,3,11,0,15,891,46,59,2,998,0,0,0,998
04/11/2017,MCO,FL,ASO,ES,Towers with Radar,900,50,31,0,981,1,3,14,0,18,901,53,45,0,999,0,0,0,999
04/12/2017,MCO,FL,ASO,ES,Towers with Radar,880,57,34,0,971,0,3,3,0,6,880,60,37,0,977,0,0,0,977
04/13/2017,MCO,FL,ASO,ES,Towers with Radar,915,50,40,0,1005,0,0,9,1,10,915,50,49,1,1015,0,0,0,1015
04/14/2017,MCO,FL,ASO,ES,Towers with Radar,931,45,50,0,1026,0,0,6,0,6,931,45,56,0,1032,0,0,0,1032
04/15/2017,MCO,FL,ASO,ES,Towers with Radar,1051,24,35,0,1110,1,0,17,1,19,1052,24,52,1,1129,0,0,0,1129
04/16/2017,MCO,FL,ASO,ES,Towers with Radar,915,45,39,0,999,1,0,8,0,9,916,45,47,0,1008,0,0,0,1008
04/17/2017,MCO,FL,ASO,ES,Towers with Radar,884,51,42,2,979,0,1,9,0,10,884,52,51,2,989,0,0,0,989
04/18/2017,MCO,FL,ASO,ES,Towers with Radar,896,51,40,0,987,0,2,8,0,10,896,53,48,0,997,0,0,0,997
04/19/2017,MCO,FL,ASO,ES,Towers with Radar,871,46,48,0,965,0,0,11,0,11,871,46,59,0,976,0,0,0,976
04/20/2017,MCO,FL,ASO,ES,Towers with Radar,895,46,59,0,1000,0,0,1,0,1,895,46,60,0,1001,0,0,0,1001
04/21/2017,MCO,FL,ASO,ES,Towers with Radar,897,36,45,0,978,0,3,4,1,8,897,39,49,1,986,0,0,0,986
04/22/2017,MCO,FL,ASO,ES,Towers with Radar,1028,28,37,0,1093,1,1,7,0,9,1029,29,44,0,1102,0,0,0,1102
04/23/2017,MCO,FL,ASO,ES,Towers with Radar,899,51,41,0,991,1,0,5,1,7,900,51,46,1,998,0,0,0,998
04/24/2017,MCO,FL,ASO,ES,Towers with Radar,878,55,45,1,979,1,0,5,0,6,879,55,50,1,985,0,0,0,985
04/25/2017,MCO,FL,ASO,ES,Towers with Radar,829,44,35,3,911,1,2,10,0,13,830,46,45,3,924,0,0,0,924
04/26/2017,MCO,FL,ASO,ES,Towers with Radar,825,55,52,2,934,0,2,7,0,9,825,57,59,2,943,0,0,0,943
04/27/2017,MCO,FL,ASO,ES,Towers with Radar,859,54,48,0,961,0,1,10,0,11,859,55,58,0,972,0,0,0,972
04/28/2017,MCO,FL,ASO,ES,Towers with Radar,857,49,44,1,951,0,0,4,0,4,857,49,48,1,955,0,0,0,955
04/29/2017,MCO,FL,ASO,ES,Towers with Radar,891,31,24,1,947,2,1,18,0,21,893,32,42,1,968,0,0,0,968
04/30/2017,MCO,FL,ASO,ES,Towers with Radar,823,40,40,0,903,0,0,3,0,3,823,40,43,0,906,0,0,0,906
05/01/2017,MCO,FL,ASO,ES,Towers with Radar,815,48,38,0,901,1,0,8,0,9,816,48,46,0,910,0,0,0,910
05/02/2017,MCO,FL,ASO,ES,Towers with Radar,837,49,33,0,919,1,1,4,0,6,838,50,37,0,925,0,0,0,925
05/03/2017,MCO,FL,ASO,ES,Towers with Radar,819,56,37,2,914,0,1,11,0,12,819,57,48,2,926,0,0,0,926
05/04/2017,MCO,FL,ASO,ES,Towers with Radar,843,43,58,0,944,0,1,9,0,10,843,44,67,0,954,0,0,0,954
05/05/2017,MCO,FL,ASO,ES,Towers with Radar,812,38,47,0,897,1,1,13,0,15,813,39,60,0,912,0,0,0,912
05/06/2017,MCO,FL,ASO,ES,Towers with Radar,876,27,15,0,918,0,0,14,0,14,876,27,29,0,932,0,0,0,932
05/07/2017,MCO,FL,ASO,ES,Towers with Radar,815,39,41,2,897,0,0,11,0,11,815,39,52,2,908,0,0,0,908
05/08/2017,MCO,FL,ASO,ES,Towers with Radar,817,37,29,0,883,0,0,1,0,1,817,37,30,0,884,0,0,0,884
05/09/2017,MCO,FL,ASO,ES,Towers with Radar,814,51,27,2,894,0,1,1,0,2,814,52,28,2,896,0,0,0,896
05/10/2017,MCO,FL,ASO,ES,Towers with Radar,813,55,37,0,905,0,0,11,0,11,813,55,48,0,916,0,0,0,916
05/11/2017,MCO,FL,ASO,ES,Towers with Radar,825,53,38,2,918,0,0,8,0,8,825,53,46,2,926,0,0,0,926
05/12/2017,MCO,FL,ASO,ES,Towers with Radar,848,40,37,0,925,0,2,11,0,13,848,42,48,0,938,0,0,0,938
05/13/2017,MCO,FL,ASO,ES,Towers with Radar,868,27,15,0,910,0,0,1,0,1,868,27,16,0,911,0,0,0,911
05/14/2017,MCO,FL,ASO,ES,Towers with Radar,802,25,32,0,859,0,0,3,0,3,802,25,35,0,862,0,0,0,862
05/15/2017,MCO,FL,ASO,ES,Towers with Radar,828,54,53,1,936,0,1,11,0,12,828,55,64,1,948,0,0,0,948
05/16/2017,MCO,FL,ASO,ES,Towers with Radar,813,43,47,0,903,0,3,12,0,15,813,46,59,0,918,0,0,0,918
05/17/2017,MCO,FL,ASO,ES,Towers with Radar,797,35,59,0,891,0,1,13,0,14,797,36,72,0,905,0,0,0,905
05/18/2017,MCO,FL,ASO,ES,Towers with Radar,813,33,66,1,913,3,0,19,0,22,816,33,85,1,935,0,0,0,935
05/19/2017,MCO,FL,ASO,ES,Towers with Radar,850,45,45,1,941,1,0,6,0,7,851,45,51,1,948,0,0,0,948
05/20/2017,MCO,FL,ASO,ES,Towers with Radar,874,26,22,0,922,0,0,3,0,3,874,26,25,0,925,0,0,0,925
05/21/2017,MCO,FL,ASO,ES,Towers with Radar,810,44,28,1,883,0,0,8,0,8,810,44,36,1,891,0,0,0,891
05/22/2017,MCO,FL,ASO,ES,Towers with Radar,811,44,41,0,896,0,0,10,0,10,811,44,51,0,906,0,0,0,906
05/23/2017,MCO,FL,ASO,ES,Towers with Radar,811,55,36,3,905,0,1,17,0,18,811,56,53,3,923,0,0,0,923
05/24/2017,MCO,FL,ASO,ES,Towers with Radar,801,45,43,0,889,0,0,12,0,12,801,45,55,0,901,0,0,0,901
05/25/2017,MCO,FL,ASO,ES,Towers with Radar,815,55,42,2,914,0,0,5,0,5,815,55,47,2,919,0,0,0,919
05/26/2017,MCO,FL,ASO,ES,Towers with Radar,862,50,41,1,954,0,3,10,0,13,862,53,51,1,967,0,0,0,967
05/27/2017,MCO,FL,ASO,ES,Towers with Radar,872,26,18,0,916,0,1,4,0,5,872,27,22,0,921,0,0,0,921
05/28/2017,MCO,FL,ASO,ES,Towers with Radar,757,29,17,0,803,0,0,5,0,5,757,29,22,0,808,0,0,0,808
05/29/2017,MCO,FL,ASO,ES,Towers with Radar,789,44,42,0,875,0,1,7,0,8,789,45,49,0,883,0,0,0,883
05/30/2017,MCO,FL,ASO,ES,Towers with Radar,780,38,37,1,856,0,1,8,0,9,780,39,45,1,865,0,0,0,865
05/31/2017,MCO,FL,ASO,ES,Towers with Radar,840,48,38,3,929,2,1,7,0,10,842,49,45,3,939,0,0,0,939
06/01/2017,MCO,FL,ASO,ES,Towers with Radar,831,51,36,1,919,0,0,2,0,2,831,51,38,1,921,0,0,0,921
06/02/2017,MCO,FL,ASO,ES,Towers with Radar,850,49,28,1,928,0,0,0,0,0,850,49,28,1,928,0,0,0,928
06/03/2017,MCO,FL,ASO,ES,Towers with Radar,867,29,27,0,923,0,0,0,0,0,867,29,27,0,923,0,0,0,923
06/04/2017,MCO,FL,ASO,ES,Towers with Radar,829,36,35,0,900,0,0,0,0,0,829,36,35,0,900,0,0,0,900
06/05/2017,MCO,FL,ASO,ES,Towers with Radar,830,40,23,0,893,0,0,3,0,3,830,40,26,0,896,0,0,0,896
06/06/2017,MCO,FL,ASO,ES,Towers with Radar,833,31,29,0,893,0,0,2,0,2,833,31,31,0,895,0,0,0,895
06/07/2017,MCO,FL,ASO,ES,Towers with Radar,823,44,28,0,895,0,0,0,0,0,823,44,28,0,895,0,0,0,895
06/08/2017,MCO,FL,ASO,ES,Towers with Radar,855,49,42,0,946,0,0,0,0,0,855,49,42,0,946,0,0,0,946
06/09/2017,MCO,FL,ASO,ES,Towers with Radar,858,43,25,2,928,0,0,6,0,6,858,43,31,2,934,0,0,0,934
06/10/2017,MCO,FL,ASO,ES,Towers with Radar,920,24,19,1,964,0,0,2,0,2,920,24,21,1,966,0,0,0,966
06/11/2017,MCO,FL,ASO,ES,Towers with Radar,833,37,19,0,889,1,2,12,0,15,834,39,31,0,904,0,0,0,904
06/12/2017,MCO,FL,ASO,ES,Towers with Radar,868,47,44,2,961,0,0,7,0,7,868,47,51,2,968,0,0,0,968
06/13/2017,MCO,FL,ASO,ES,Towers with Radar,841,46,32,2,921,0,0,0,0,0,841,46,32,2,921,0,0,0,921
06/14/2017,MCO,FL,ASO,ES,Towers with Radar,818,34,35,0,887,0,0,0,0,0,818,34,35,0,887,0,0,0,887
06/15/2017,MCO,FL,ASO,ES,Towers with Radar,843,47,50,0,940,0,0,2,0,2,843,47,52,0,942,0,0,0,942
06/16/2017,MCO,FL,ASO,ES,Towers with Radar,864,41,37,0,942,0,0,3,0,3,864,41,40,0,945,0,0,0,945
06/17/2017,MCO,FL,ASO,ES,Towers with Radar,945,29,17,0,991,0,0,6,0,6,945,29,23,0,997,0,0,0,997
06/18/2017,MCO,FL,ASO,ES,Towers with Radar,848,32,34,0,914,0,1,8,0,9,848,33,42,0,923,0,0,0,923
06/19/2017,MCO,FL,ASO,ES,Towers with Radar,803,40,32,0,875,0,2,4,0,6,803,42,36,0,881,0,0,0,881
06/20/2017,MCO,FL,ASO,ES,Towers with Radar,860,38,33,0,931,0,0,6,0,6,860,38,39,0,937,0,0,0,937
06/21/2017,MCO,FL,ASO,ES,Towers with Radar,852,40,40,0,932,1,0,6,0,7,853,40,46,0,939,0,0,0,939
06/22/2017,MCO,FL,ASO,ES,Towers with Radar,888,40,44,0,972,0,0,2,0,2,888,40,46,0,974,0,0,0,974
06/23/2017,MCO,FL,ASO,ES,Towers with Radar,869,37,43,0,949,0,0,17,0,17,869,37,60,0,966,0,0,0,966
06/24/2017,MCO,FL,ASO,ES,Towers with Radar,970,31,17,2,1020,0,0,5,0,5,970,31,22,2,1025,0,0,0,1025
06/25/2017,MCO,FL,ASO,ES,Towers with Radar,871,42,46,0,959,0,0,2,0,2,871,42,48,0,961,0,0,0,961
06/26/2017,MCO,FL,ASO,ES,Towers with Radar,872,39,33,0,944,0,0,0,0,0,872,39,33,0,944,0,0,0,944
06/27/2017,MCO,FL,ASO,ES,Towers with Radar,837,43,27,0,907,0,0,3,0,3,837,43,30,0,910,0,0,0,910
06/28/2017,MCO,FL,ASO,ES,Towers with Radar,878,45,43,2,968,0,1,1,0,2,878,46,44,2,970,0,0,0,970
06/29/2017,MCO,FL,ASO,ES,Towers with Radar,894,44,32,0,970,0,0,0,0,0,894,44,32,0,970,0,0,0,970
06/30/2017,MCO,FL,ASO,ES,Towers with Radar,888,38,32,0,958,0,0,4,0,4,888,38,36,0,962,0,0,0,962
07/01/2017,MCO,FL,ASO,ES,Towers with Radar,963,27,22,0,1012,0,0,4,0,4,963,27,26,0,1016,0,0,0,1016
07/02/2017,MCO,FL,ASO,ES,Towers with Radar,870,43,18,0,931,0,1,3,0,4,870,44,21,0,935,0,0,0,935
07/03/2017,MCO,FL,ASO,ES,Towers with Radar,837,33,10,0,880,0,1,3,0,4,837,34,13,0,884,0,0,0,884
07/04/2017,MCO,FL,ASO,ES,Towers with Radar,767,26,5,0,798,0,0,5,0,5,767,26,10,0,803,0,0,0,803
07/05/2017,MCO,FL,ASO,ES,Towers with Radar,885,37,23,0,945,0,0,3,0,3,885,37,26,0,948,0,0,0,948
07/06/2017,MCO,FL,ASO,ES,Towers with Radar,906,45,30,2,983,0,0,12,0,12,906,45,42,2,995,0,0,0,995
07/07/2017,MCO,FL,ASO,ES,Towers with Radar,889,31,27,0,947,0,0,2,1,3,889,31,29,1,950,0,0,0,950
07/08/2017,MCO,FL,ASO,ES,Towers with Radar,974,27,23,0,1024,0,2,7,0,9,974,29,30,0,1033,0,0,0,1033
07/09/2017,MCO,FL,ASO,ES,Towers with Radar,898,37,23,0,958,0,0,2,0,2,898,37,25,0,960,0,0,0,960
07/10/2017,MCO,FL,ASO,ES,Towers with Radar,846,49,32,0,927,0,1,2,0,3,846,50,34,0,930,0,0,0,930
07/11/2017,MCO,FL,ASO,ES,Towers with Radar,902,42,32,0,976,0,2,0,0,2,902,44,32,0,978,0,0,0,978
07/12/2017,MCO,FL,ASO,ES,Towers with Radar,886,42,26,0,954,1,0,3,0,4,887,42,29,0,958,0,0,0,958
07/13/2017,MCO,FL,ASO,ES,Towers with Radar,891,43,42,0,976,0,1,5,0,6,891,44,47,0,982,0,0,0,982
07/14/2017,MCO,FL,ASO,ES,Towers with Radar,867,46,30,0,943,0,0,0,0,0,867,46,30,0,943,0,0,0,943
07/15/2017,MCO,FL,ASO,ES,Towers with Radar,980,28,26,2,1036,0,0,3,0,3,980,28,29,2,1039,0,0,0,1039
07/16/2017,MCO,FL,ASO,ES,Towers with Radar,909,36,29,0,974,0,0,6,0,6,909,36,35,0,980,0,0,0,980
07/17/2017,MCO,FL,ASO,ES,Towers with Radar,816,50,38,0,904,0,0,5,0,5,816,50,43,0,909,0,0,0,909
07/18/2017,MCO,FL,ASO,ES,Towers with Radar,892,46,21,0,959,0,0,7,0,7,892,46,28,0,966,0,0,0,966
07/19/2017,MCO,FL,ASO,ES,Towers with Radar,899,43,33,0,975,0,0,2,0,2,899,43,35,0,977,0,0,0,977
07/20/2017,MCO,FL,ASO,ES,Towers with Radar,886,42,39,1,968,0,0,6,1,7,886,42,45,2,975,0,0,0,975
07/21/2017,MCO,FL,ASO,ES,Towers with Radar,917,35,23,0,975,0,0,3,0,3,917,35,26,0,978,0,0,0,978
07/22/2017,MCO,FL,ASO,ES,Towers with Radar,958,29,25,1,1013,1,0,2,0,3,959,29,27,1,1016,0,0,0,1016
07/23/2017,MCO,FL,ASO,ES,Towers with Radar,875,42,38,0,955,0,0,3,0,3,875,42,41,0,958,2,0,2,960
07/24/2017,MCO,FL,ASO,ES,Towers with Radar,880,36,32,0,948,0,0,5,0,5,880,36,37,0,953,0,0,0,953
07/25/2017,MCO,FL,ASO,ES,Towers with Radar,891,40,32,2,965,0,0,2,0,2,891,40,34,2,967,0,0,0,967
07/26/2017,MCO,FL,ASO,ES,Towers with Radar,900,35,39,3,977,0,0,3,1,4,900,35,42,4,981,0,0,0,981
07/27/2017,MCO,FL,ASO,ES,Towers with Radar,888,45,37,1,971,0,0,11,0,11,888,45,48,1,982,0,0,0,982
07/28/2017,MCO,FL,ASO,ES,Towers with Radar,893,47,36,0,976,0,0,7,0,7,893,47,43,0,983,0,0,0,983
07/29/2017,MCO,FL,ASO,ES,Towers with Radar,977,24,25,2,1028,1,0,6,0,7,978,24,31,2,1035,0,0,0,1035
07/30/2017,MCO,FL,ASO,ES,Towers with Radar,884,45,25,0,954,0,0,4,0,4,884,45,29,0,958,0,0,0,958
07/31/2017,MCO,FL,ASO,ES,Towers with Radar,889,47,30,1,967,0,0,0,0,0,889,47,30,1,967,0,0,0,967
08/01/2017,MCO,FL,ASO,ES,Towers with Radar,884,40,29,0,953,0,0,7,0,7,884,40,36,0,960,0,0,0,960
08/02/2017,MCO,FL,ASO,ES,Towers with Radar,844,38,36,2,920,0,0,1,0,1,844,38,37,2,921,0,0,0,921
08/03/2017,MCO,FL,ASO,ES,Towers with Radar,855,41,27,2,925,0,1,6,0,7,855,42,33,2,932,0,0,0,932
08/04/2017,MCO,FL,ASO,ES,Towers with Radar,906,42,28,1,977,0,0,5,0,5,906,42,33,1,982,0,0,0,982
08/05/2017,MCO,FL,ASO,ES,Towers with Radar,951,24,25,0,1000,1,1,7,0,9,952,25,32,0,1009,0,0,0,1009
08/06/2017,MCO,FL,ASO,ES,Towers with Radar,880,39,37,0,956,2,2,9,1,14,882,41,46,1,970,0,0,0,970
08/07/2017,MCO,FL,ASO,ES,Towers with Radar,851,37,30,0,918,1,0,10,2,13,852,37,40,2,931,0,0,0,931
08/08/2017,MCO,FL,ASO,ES,Towers with Radar,875,42,32,0,949,1,0,5,1,7,876,42,37,1,956,0,0,0,956
08/09/2017,MCO,FL,ASO,ES,Towers with Radar,884,40,47,0,971,0,0,5,0,5,884,40,52,0,976,0,0,0,976
08/10/2017,MCO,FL,ASO,ES,Towers with Radar,885,43,45,0,973,1,0,4,0,5,886,43,49,0,978,0,0,0,978
08/11/2017,MCO,FL,ASO,ES,Towers with Radar,889,38,42,0,969,1,0,4,0,5,890,38,46,0,974,0,0,0,974
08/12/2017,MCO,FL,ASO,ES,Towers with Radar,956,32,26,0,1014,1,0,8,0,9,957,32,34,0,1023,0,0,0,1023
08/13/2017,MCO,FL,ASO,ES,Towers with Radar,892,45,32,0,969,0,0,12,1,13,892,45,44,1,982,0,0,0,982
08/14/2017,MCO,FL,ASO,ES,Towers with Radar,873,34,27,0,934,0,0,4,2,6,873,34,31,2,940,0,0,0,940
08/15/2017,MCO,FL,ASO,ES,Towers with Radar,788,43,38,1,870,0,0,4,0,4,788,43,42,1,874,0,0,0,874
08/16/2017,MCO,FL,ASO,ES,Towers with Radar,805,48,27,2,882,0,0,5,0,5,805,48,32,2,887,0,0,0,887
08/17/2017,MCO,FL,ASO,ES,Towers with Radar,829,37,31,2,899,0,0,3,0,3,829,37,34,2,902,0,0,0,902
08/18/2017,MCO,FL,ASO,ES,Towers with Radar,808,38,17,1,864,0,0,14,0,14,808,38,31,1,878,0,0,0,878
08/19/2017,MCO,FL,ASO,ES,Towers with Radar,863,32,10,0,905,0,2,3,0,5,863,34,13,0,910,0,0,0,910
08/20/2017,MCO,FL,ASO,ES,Towers with Radar,824,44,20,1,889,0,1,2,0,3,824,45,22,1,892,0,0,0,892
08/21/2017,MCO,FL,ASO,ES,Towers with Radar,817,46,48,1,912,0,3,3,2,8,817,49,51,3,920,0,0,0,920
08/22/2017,MCO,FL,ASO,ES,Towers with Radar,782,46,43,2,873,0,0,4,0,4,782,46,47,2,877,0,0,0,877
08/23/2017,MCO,FL,ASO,ES,Towers with Radar,804,42,41,1,888,0,7,5,1,13,804,49,46,2,901,6,0,6,907
08/24/2017,MCO,FL,ASO,ES,Towers with Radar,822,47,33,0,902,1,0,3,0,4,823,47,36,0,906,0,0,0,906
08/25/2017,MCO,FL,ASO,ES,Towers with Radar,857,35,30,0,922,0,1,1,0,2,857,36,31,0,924,0,0,0,924
08/26/2017,MCO,FL,ASO,ES,Towers with Radar,792,22,11,3,828,0,0,0,2,2,792,22,11,5,830,0,0,0,830
08/27/2017,MCO,FL,ASO,ES,Towers with Radar,783,43,25,1,852,0,0,0,0,0,783,43,25,1,852,0,0,0,852
08/28/2017,MCO,FL,ASO,ES,Towers with Radar,782,40,36,0,858,0,0,0,0,0,782,40,36,0,858,0,0,0,858
08/29/2017,MCO,FL,ASO,ES,Towers with Radar,757,40,38,0,835,0,0,2,0,2,757,40,40,0,837,0,0,0,837
08/30/2017,MCO,FL,ASO,ES,Towers with Radar,758,38,31,2,829,0,0,6,0,6,758,38,37,2,835,0,0,0,835
08/31/2017,MCO,FL,ASO,ES,Towers with Radar,784,47,25,1,857,3,0,4,1,8,787,47,29,2,865,0,0,0,865
09/01/2017,MCO,FL,ASO,ES,Towers with Radar,799,42,31,2,874,0,0,2,0,2,799,42,33,2,876,0,0,0,876
09/02/2017,MCO,FL,ASO,ES,Towers with Radar,763,29,22,0,814,0,2,5,0,7,763,31,27,0,821,0,0,0,821
09/03/2017,MCO,FL,ASO,ES,Towers with Radar,712,30,22,1,765,3,2,6,0,11,715,32,28,1,776,0,0,0,776
09/04/2017,MCO,FL,ASO,ES,Towers with Radar,752,42,27,2,823,0,0,2,0,2,752,42,29,2,825,0,0,0,825
09/05/2017,MCO,FL,ASO,ES,Towers with Radar,726,46,34,0,806,0,0,7,0,7,726,46,41,0,813,0,0,0,813
09/06/2017,MCO,FL,ASO,ES,Towers with Radar,722,35,46,0,803,0,4,6,0,10,722,39,52,0,813,0,0,0,813
09/07/2017,MCO,FL,ASO,ES,Towers with Radar,730,52,62,0,844,0,3,11,2,16,730,55,73,2,860,0,0,0,860
09/08/2017,MCO,FL,ASO,ES,Towers with Radar,734,66,86,2,888,0,0,1,2,3,734,66,87,4,891,0,0,0,891
09/09/2017,MCO,FL,ASO,ES,Towers with Radar,395,36,18,4,453,0,0,1,0,1,395,36,19,4,454,0,0,0,454
09/10/2017,MCO,FL,ASO,ES,Towers with Radar,0,0,0,6,6,0,0,0,0,0,0,0,0,6,6,0,0,0,6
09/11/2017,MCO,FL,ASO,ES,Towers with Radar,2,0,0,3,5,0,0,0,0,0,2,0,0,3,5,0,0,0,5
09/12/2017,MCO,FL,ASO,ES,Towers with Radar,308,47,45,6,406,0,2,11,0,13,308,49,56,6,419,0,0,0,419
09/13/2017,MCO,FL,ASO,ES,Towers with Radar,618,60,50,1,729,0,1,6,0,7,618,61,56,1,736,0,0,0,736
09/14/2017,MCO,FL,ASO,ES,Towers with Radar,710,34,39,1,784,0,0,2,2,4,710,34,41,3,788,0,0,0,788
09/15/2017,MCO,FL,ASO,ES,Towers with Radar,737,38,29,6,810,0,2,3,0,5,737,40,32,6,815,0,0,0,815
09/16/2017,MCO,FL,ASO,ES,Towers with Radar,755,30,13,0,798,0,0,7,3,10,755,30,20,3,808,0,0,0,808
09/17/2017,MCO,FL,ASO,ES,Towers with Radar,747,33,30,3,813,0,2,0,2,4,747,35,30,5,817,0,0,0,817
09/18/2017,MCO,FL,ASO,ES,Towers with Radar,743,36,26,2,807,0,0,2,3,5,743,36,28,5,812,0,0,0,812
09/19/2017,MCO,FL,ASO,ES,Towers with Radar,715,40,35,6,796,0,0,16,1,17,715,40,51,7,813,0,0,0,813
09/20/2017,MCO,FL,ASO,ES,Towers with Radar,695,37,34,1,767,0,1,3,0,4,695,38,37,1,771,0,0,0,771
09/21/2017,MCO,FL,ASO,ES,Towers with Radar,737,35,23,2,797,0,5,4,2,11,737,40,27,4,808,0,0,0,808
09/22/2017,MCO,FL,ASO,ES,Towers with Radar,744,36,27,5,812,0,0,4,0,4,744,36,31,5,816,0,0,0,816
09/23/2017,MCO,FL,ASO,ES,Towers with Radar,748,30,18,0,796,0,0,7,0,7,748,30,25,0,803,0,0,0,803
09/24/2017,MCO,FL,ASO,ES,Towers with Radar,738,38,30,0,806,0,0,1,0,1,738,38,31,0,807,0,0,0,807
09/25/2017,MCO,FL,ASO,ES,Towers with Radar,733,46,30,0,809,0,0,4,0,4,733,46,34,0,813,0,0,0,813
09/26/2017,MCO,FL,ASO,ES,Towers with Radar,705,57,44,2,808,0,0,5,0,5,705,57,49,2,813,0,0,0,813
09/27/2017,MCO,FL,ASO,ES,Towers with Radar,714,45,31,0,790,0,0,6,0,6,714,45,37,0,796,0,0,0,796
09/28/2017,MCO,FL,ASO,ES,Towers with Radar,771,41,46,0,858,0,0,9,0,9,771,41,55,0,867,0,0,0,867
09/29/2017,MCO,FL,ASO,ES,Towers with Radar,756,42,34,2,834,0,0,4,0,4,756,42,38,2,838,0,0,0,838
09/30/2017,MCO,FL,ASO,ES,Towers with Radar,758,24,26,0,808,0,0,4,0,4,758,24,30,0,812,0,0,0,812
10/01/2017,MCO,FL,ASO,ES,Towers with Radar,752,38,25,0,815,0,0,2,1,3,752,38,27,1,818,0,0,0,818
10/02/2017,MCO,FL,ASO,ES,Towers with Radar,764,33,44,2,843,0,0,2,0,2,764,33,46,2,845,0,0,0,845
10/03/2017,MCO,FL,ASO,ES,Towers with Radar,733,46,34,0,813,0,4,0,0,4,733,50,34,0,817,0,0,0,817
10/04/2017,MCO,FL,ASO,ES,Towers with Radar,740,53,55,1,849,0,0,1,0,1,740,53,56,1,850,0,0,0,850
10/05/2017,MCO,FL,ASO,ES,Towers with Radar,807,39,40,2,888,0,0,2,0,2,807,39,42,2,890,0,0,0,890
10/06/2017,MCO,FL,ASO,ES,Towers with Radar,807,35,40,1,883,0,0,2,0,2,807,35,42,1,885,0,0,0,885
10/07/2017,MCO,FL,ASO,ES,Towers with Radar,804,32,26,0,862,0,0,8,0,8,804,32,34,0,870,0,0,0,870
10/08/2017,MCO,FL,ASO,ES,Towers with Radar,789,31,46,0,866,1,0,1,0,2,790,31,47,0,868,0,0,0,868
10/09/2017,MCO,FL,ASO,ES,Towers with Radar,797,56,41,0,894,0,1,8,0,9,797,57,49,0,903,0,0,0,903
10/10/2017,MCO,FL,ASO,ES,Towers with Radar,770,47,26,0,843,0,1,5,0,6,770,48,31,0,849,0,0,0,849
10/11/2017,MCO,FL,ASO,ES,Towers with Radar,778,52,45,0,875,0,0,7,0,7,778,52,52,0,882,0,0,0,882
10/12/2017,MCO,FL,ASO,ES,Towers with Radar,803,49,35,0,887,0,0,5,0,5,803,49,40,0,892,0,0,0,892
10/13/2017,MCO,FL,ASO,ES,Towers with Radar,805,44,28,0,877,0,0,5,0,5,805,44,33,0,882,0,0,0,882
10/14/2017,MCO,FL,ASO,ES,Towers with Radar,804,23,25,2,854,0,0,3,0,3,804,23,28,2,857,0,0,0,857
10/15/2017,MCO,FL,ASO,ES,Towers with Radar,801,47,32,0,880,0,2,1,0,3,801,49,33,0,883,0,0,0,883
10/16/2017,MCO,FL,ASO,ES,Towers with Radar,798,35,29,0,862,0,0,6,0,6,798,35,35,0,868,0,0,0,868
10/17/2017,MCO,FL,ASO,ES,Towers with Radar,779,47,19,6,851,0,0,0,0,0,779,47,19,6,851,0,0,0,851
10/18/2017,MCO,FL,ASO,ES,Towers with Radar,782,50,37,0,869,0,0,0,0,0,782,50,37,0,869,0,0,0,869
10/19/2017,MCO,FL,ASO,ES,Towers with Radar,818,42,35,0,895,0,0,4,0,4,818,42,39,0,899,0,0,0,899
10/20/2017,MCO,FL,ASO,ES,Towers with Radar,815,41,42,2,900,0,0,7,0,7,815,41,49,2,907,0,0,0,907
10/21/2017,MCO,FL,ASO,ES,Towers with Radar,804,19,26,0,849,0,0,8,0,8,804,19,34,0,857,0,0,0,857
10/22/2017,MCO,FL,ASO,ES,Towers with Radar,794,36,43,0,873,0,0,5,0,5,794,36,48,0,878,0,0,0,878
10/23/2017,MCO,FL,ASO,ES,Towers with Radar,796,52,38,0,886,0,0,16,0,16,796,52,54,0,902,0,0,0,902
10/24/2017,MCO,FL,ASO,ES,Towers with Radar,753,52,63,0,868,0,0,4,0,4,753,52,67,0,872,0,0,0,872
10/25/2017,MCO,FL,ASO,ES,Towers with Radar,760,60,41,0,861,0,0,17,0,17,760,60,58,0,878,0,0,0,878
10/26/2017,MCO,FL,ASO,ES,Towers with Radar,808,51,34,24,917,1,2,8,0,11,809,53,42,24,928,0,0,0,928
10/27/2017,MCO,FL,ASO,ES,Towers with Radar,808,41,35,8,892,0,0,6,0,6,808,41,41,8,898,0,0,0,898
10/28/2017,MCO,FL,ASO,ES,Towers with Radar,797,38,20,7,862,0,0,4,0,4,797,38,24,7,866,0,0,0,866
10/29/2017,MCO,FL,ASO,ES,Towers with Radar,768,42,35,19,864,0,0,4,2,6,768,42,39,21,870,0,0,0,870
10/30/2017,MCO,FL,ASO,ES,Towers with Radar,766,36,30,0,832,0,1,9,2,12,766,37,39,2,844,0,0,0,844
10/31/2017,MCO,FL,ASO,ES,Towers with Radar,735,40,24,2,801,0,0,6,0,6,735,40,30,2,807,0,0,0,807
11/01/2017,MCO,FL,ASO,ES,Towers with Radar,748,39,53,1,841,0,1,13,0,14,748,40,66,1,855,0,0,0,855
11/02/2017,MCO,FL,ASO,ES,Towers with Radar,804,36,53,1,894,0,0,5,0,5,804,36,58,1,899,0,0,0,899
11/03/2017,MCO,FL,ASO,ES,Towers with Radar,806,38,41,9,894,0,1,7,5,13,806,39,48,14,907,0,0,0,907
11/04/2017,MCO,FL,ASO,ES,Towers with Radar,813,18,19,0,850,0,1,11,0,12,813,19,30,0,862,0,0,0,862
11/05/2017,MCO,FL,ASO,ES,Towers with Radar,828,50,59,9,946,0,3,6,6,15,828,53,65,15,961,0,0,0,961
11/06/2017,MCO,FL,ASO,ES,Towers with Radar,821,55,20,0,896,1,0,5,0,6,822,55,25,0,902,0,0,0,902
11/07/2017,MCO,FL,ASO,ES,Towers with Radar,793,46,33,0,872,0,0,6,0,6,793,46,39,0,878,0,0,0,878
11/08/2017,MCO,FL,ASO,ES,Towers with Radar,806,36,44,0,886,0,1,12,0,13,806,37,56,0,899,0,0,0,899
11/09/2017,MCO,FL,ASO,ES,Towers with Radar,860,47,35,2,944,1,0,12,2,15,861,47,47,4,959,0,0,0,959
11/10/2017,MCO,FL,ASO,ES,Towers with Radar,780,38,37,0,855,0,1,5,0,6,780,39,42,0,861,0,0,0,861
11/11/2017,MCO,FL,ASO,ES,Towers with Radar,907,33,21,0,961,1,0,1,0,2,908,33,22,0,963,0,0,0,963
11/12/2017,MCO,FL,ASO,ES,Towers with Radar,847,47,37,0,931,1,1,6,0,8,848,48,43,0,939,0,0,0,939
11/13/2017,MCO,FL,ASO,ES,Towers with Radar,839,45,42,0,926,0,0,3,0,3,839,45,45,0,929,0,0,0,929
11/14/2017,MCO,FL,ASO,ES,Towers with Radar,820,54,46,0,920,1,0,6,0,7,821,54,52,0,927,0,0,0,927
11/15/2017,MCO,FL,ASO,ES,Towers with Radar,825,59,39,0,923,0,0,3,0,3,825,59,42,0,926,0,0,0,926
11/16/2017,MCO,FL,ASO,ES,Towers with Radar,858,62,44,0,964,0,0,4,2,6,858,62,48,2,970,0,0,0,970
11/17/2017,MCO,FL,ASO,ES,Towers with Radar,856,43,39,2,940,0,2,7,0,9,856,45,46,2,949,0,0,0,949
11/18/2017,MCO,FL,ASO,ES,Towers with Radar,901,28,36,1,966,1,2,13,0,16,902,30,49,1,982,0,0,0,982
11/19/2017,MCO,FL,ASO,ES,Towers with Radar,862,46,32,0,940,0,0,3,0,3,862,46,35,0,943,0,0,0,943
11/20/2017,MCO,FL,ASO,ES,Towers with Radar,832,47,43,0,922,0,0,5,0,5,832,47,48,0,927,0,0,0,927
11/21/2017,MCO,FL,ASO,ES,Towers with Radar,849,49,43,2,943,0,0,5,0,5,849,49,48,2,948,0,0,0,948
11/22/2017,MCO,FL,ASO,ES,Towers with Radar,872,53,34,0,959,1,1,6,0,8,873,54,40,0,967,0,0,0,967
11/23/2017,MCO,FL,ASO,ES,Towers with Radar,670,27,7,1,705,0,1,2,0,3,670,28,9,1,708,0,0,0,708
11/24/2017,MCO,FL,ASO,ES,Towers with Radar,776,33,18,0,827,0,0,0,0,0,776,33,18,0,827,0,0,0,827
11/25/2017,MCO,FL,ASO,ES,Towers with Radar,935,39,26,0,1000,1,1,8,0,10,936,40,34,0,1010,0,0,0,1010
11/26/2017,MCO,FL,ASO,ES,Towers with Radar,879,41,54,0,974,0,2,6,0,8,879,43,60,0,982,0,0,0,982
11/27/2017,MCO,FL,ASO,ES,Towers with Radar,867,38,38,4,947,0,0,5,0,5,867,38,43,4,952,0,0,0,952
11/28/2017,MCO,FL,ASO,ES,Towers with Radar,835,47,43,8,933,0,0,9,0,9,835,47,52,8,942,0,0,0,942
11/29/2017,MCO,FL,ASO,ES,Towers with Radar,808,46,30,1,885,1,0,7,0,8,809,46,37,1,893,0,0,0,893
11/30/2017,MCO,FL,ASO,ES,Towers with Radar,850,36,52,0,938,1,0,10,5,16,851,36,62,5,954,0,0,0,954
12/01/2017,MCO,FL,ASO,ES,Towers with Radar,851,46,29,4,930,0,0,9,2,11,851,46,38,6,941,0,0,0,941
12/02/2017,MCO,FL,ASO,ES,Towers with Radar,875,20,33,0,928,0,1,6,1,8,875,21,39,1,936,0,0,0,936
12/03/2017,MCO,FL,ASO,ES,Towers with Radar,824,48,32,2,906,0,0,11,5,16,824,48,43,7,922,0,0,0,922
12/04/2017,MCO,FL,ASO,ES,Towers with Radar,818,42,36,0,896,0,0,5,0,5,818,42,41,0,901,0,0,0,901
12/05/2017,MCO,FL,ASO,ES,Towers with Radar,802,48,28,2,880,0,0,4,2,6,802,48,32,4,886,0,0,0,886
12/06/2017,MCO,FL,ASO,ES,Towers with Radar,810,54,39,1,904,0,1,4,1,6,810,55,43,2,910,0,0,0,910
12/07/2017,MCO,FL,ASO,ES,Towers with Radar,858,45,46,1,950,0,0,2,0,2,858,45,48,1,952,0,0,0,952
12/08/2017,MCO,FL,ASO,ES,Towers with Radar,815,41,39,6,901,0,0,3,0,3,815,41,42,6,904,0,0,0,904
12/09/2017,MCO,FL,ASO,ES,Towers with Radar,841,26,21,2,890,0,0,1,0,1,841,26,22,2,891,0,0,0,891
12/10/2017,MCO,FL,ASO,ES,Towers with Radar,853,49,41,4,947,0,0,6,0,6,853,49,47,4,953,0,0,0,953
12/11/2017,MCO,FL,ASO,ES,Towers with Radar,814,50,39,0,903,0,2,6,0,8,814,52,45,0,911,0,0,0,911
12/12/2017,MCO,FL,ASO,ES,Towers with Radar,810,46,23,2,881,0,0,5,3,8,810,46,28,5,889,0,0,0,889
12/13/2017,MCO,FL,ASO,ES,Towers with Radar,812,46,30,3,891,0,0,4,2,6,812,46,34,5,897,0,0,0,897
12/14/2017,MCO,FL,ASO,ES,Towers with Radar,868,62,59,0,989,0,0,4,0,4,868,62,63,0,993,0,0,0,993
12/15/2017,MCO,FL,ASO,ES,Towers with Radar,859,47,30,1,937,0,0,14,1,15,859,47,44,2,952,0,0,0,952
12/16/2017,MCO,FL,ASO,ES,Towers with Radar,919,28,21,0,968,0,0,8,0,8,919,28,29,0,976,0,0,0,976
12/17/2017,MCO,FL,ASO,ES,Towers with Radar,840,60,21,2,923,0,0,5,0,5,840,60,26,2,928,0,0,0,928
12/18/2017,MCO,FL,ASO,ES,Towers with Radar,876,46,31,2,955,0,0,8,3,11,876,46,39,5,966,0,0,0,966
12/19/2017,MCO,FL,ASO,ES,Towers with Radar,878,48,35,2,963,0,0,4,0,4,878,48,39,2,967,0,0,0,967
12/20/2017,MCO,FL,ASO,ES,Towers with Radar,888,49,37,0,974,0,2,15,2,19,888,51,52,2,993,0,0,0,993
12/21/2017,MCO,FL,ASO,ES,Towers with Radar,990,57,58,0,1105,0,0,6,0,6,990,57,64,0,1111,0,0,0,1111
12/22/2017,MCO,FL,ASO,ES,Towers with Radar,1010,43,34,0,1087,0,0,5,0,5,1010,43,39,0,1092,0,0,0,1092
12/23/2017,MCO,FL,ASO,ES,Towers with Radar,1014,40,27,0,1081,1,0,11,0,12,1015,40,38,0,1093,0,0,0,1093
12/24/2017,MCO,FL,ASO,ES,Towers with Radar,885,39,14,0,938,0,3,0,0,3,885,42,14,0,941,0,0,0,941
12/25/2017,MCO,FL,ASO,ES,Towers with Radar,826,33,9,0,868,0,3,7,0,10,826,36,16,0,878,0,0,0,878
12/26/2017,MCO,FL,ASO,ES,Towers with Radar,937,61,57,0,1055,0,0,7,1,8,937,61,64,1,1063,0,0,0,1063
12/27/2017,MCO,FL,ASO,ES,Towers with Radar,985,68,67,0,1120,0,0,3,0,3,985,68,70,0,1123,0,0,0,1123
12/28/2017,MCO,FL,ASO,ES,Towers with Radar,966,63,35,0,1064,0,0,3,0,3,966,63,38,0,1067,0,0,0,1067
12/29/2017,MCO,FL,ASO,ES,Towers with Radar,993,49,44,1,1087,0,0,1,2,3,993,49,45,3,1090,0,0,0,1090
12/30/2017,MCO,FL,ASO,ES,Towers with Radar,999,50,35,1,1085,0,0,9,4,13,999,50,44,5,1098,0,0,0,1098
12/31/2017,MCO,FL,ASO,ES,Towers with Radar,887,55,31,0,973,0,2,1,0,3,887,57,32,0,976,0,0,0,976
01/01/2018,MCO,FL,ASO,ES,Towers with Radar,890,50,44,0,984,0,0,0,0,0,890,50,44,0,984,0,0,0,984
01/02/2018,MCO,FL,ASO,ES,Towers with Radar,948,65,68,5,1086,0,0,0,0,0,948,65,68,5,1086,0,0,0,1086
01/03/2018,MCO,FL,ASO,ES,Towers with Radar,936,54,37,5,1032,0,0,2,0,2,936,54,39,5,1034,0,0,0,1034
01/04/2018,MCO,FL,ASO,ES,Towers with Radar,766,74,43,0,883,0,0,8,0,8,766,74,51,0,891,0,0,0,891
01/05/2018,MCO,FL,ASO,ES,Towers with Radar,867,47,64,0,978,0,2,2,0,4,867,49,66,0,982,0,0,0,982
01/06/2018,MCO,FL,ASO,ES,Towers with Radar,914,44,34,0,992,0,0,11,0,11,914,44,45,0,1003,0,0,0,1003
01/07/2018,MCO,FL,ASO,ES,Towers with Radar,882,55,54,2,993,0,2,8,2,12,882,57,62,4,1005,0,0,0,1005
01/08/2018,MCO,FL,ASO,ES,Towers with Radar,875,55,58,0,988,0,0,4,0,4,875,55,62,0,992,0,0,0,992
01/09/2018,MCO,FL,ASO,ES,Towers with Radar,841,73,64,2,980,0,0,5,0,5,841,73,69,2,985,0,0,0,985
01/10/2018,MCO,FL,ASO,ES,Towers with Radar,865,61,92,2,1020,0,0,1,0,1,865,61,93,2,1021,0,0,0,1021
01/11/2018,MCO,FL,ASO,ES,Towers with Radar,881,62,58,4,1005,0,0,5,0,5,881,62,63,4,1010,0,0,0,1010
01/12/2018,MCO,FL,ASO,ES,Towers with Radar,866,46,56,1,969,0,3,1,0,4,866,49,57,1,973,0,0,0,973
01/13/2018,MCO,FL,ASO,ES,Towers with Radar,901,30,19,1,951,0,2,3,0,5,901,32,22,1,956,0,0,0,956
01/14/2018,MCO,FL,ASO,ES,Towers with Radar,842,58,37,3,940,0,0,4,2,6,842,58,41,5,946,0,0,0,946
01/15/2018,MCO,FL,ASO,ES,Towers with Radar,851,59,47,1,958,0,0,4,0,4,851,59,51,1,962,0,0,0,962
01/16/2018,MCO,FL,ASO,ES,Towers with Radar,801,59,53,2,915,0,0,6,0,6,801,59,59,2,921,0,0,0,921
01/17/2018,MCO,FL,ASO,ES,Towers with Radar,796,52,61,0,909,0,0,3,0,3,796,52,64,0,912,0,0,0,912
01/18/2018,MCO,FL,ASO,ES,Towers with Radar,872,48,33,2,955,0,1,1,0,2,872,49,34,2,957,0,0,0,957
01/19/2018,MCO,FL,ASO,ES,Towers with Radar,886,65,32,0,983,0,0,4,0,4,886,65,36,0,987,0,0,0,987
01/20/2018,MCO,FL,ASO,ES,Towers with Radar,921,26,25,0,972,0,0,2,0,2,921,26,27,0,974,0,0,0,974
01/21/2018,MCO,FL,ASO,ES,Towers with Radar,859,41,40,0,940,0,0,1,0,1,859,41,41,0,941,0,0,0,941
01/22/2018,MCO,FL,ASO,ES,Towers with Radar,842,39,41,2,924,0,0,3,0,3,842,39,44,2,927,0,0,0,927
01/23/2018,MCO,FL,ASO,ES,Towers with Radar,809,52,27,0,888,0,0,5,0,5,809,52,32,0,893,0,0,0,893
01/24/2018,MCO,FL,ASO,ES,Towers with Radar,834,57,43,0,934,0,1,7,0,8,834,58,50,0,942,0,0,0,942
01/25/2018,MCO,FL,ASO,ES,Towers with Radar,885,46,76,0,1007,0,4,7,1,12,885,50,83,1,1019,0,0,0,1019
01/26/2018,MCO,FL,ASO,ES,Towers with Radar,893,42,50,0,985,0,0,10,1,11,893,42,60,1,996,0,0,0,996
01/27/2018,MCO,FL,ASO,ES,Towers with Radar,906,23,35,1,965,0,0,0,0,0,906,23,35,1,965,0,0,0,965
01/28/2018,MCO,FL,ASO,ES,Towers with Radar,859,49,45,1,954,0,0,3,0,3,859,49,48,1,957,0,0,0,957
01/29/2018,MCO,FL,ASO,ES,Towers with Radar,843,48,37,0,928,0,0,3,0,3,843,48,40,0,931,0,0,0,931
01/30/2018,MCO,FL,ASO,ES,Towers with Radar,831,43,43,2,919,0,0,6,0,6,831,43,49,2,925,0,0,0,925
01/31/2018,MCO,FL,ASO,ES,Towers with Radar,838,53,57,1,949,0,0,4,0,4,838,53,61,1,953,0,0,0,953
02/01/2018,MCO,FL,ASO,ES,Towers with Radar,873,63,49,0,985,0,1,7,1,9,873,64,56,1,994,0,0,0,994
02/02/2018,MCO,FL,ASO,ES,Towers with Radar,886,44,37,0,967,0,4,6,0,10,886,48,43,0,977,0,0,0,977
02/03/2018,MCO,FL,ASO,ES,Towers with Radar,912,37,28,0,977,0,0,4,0,4,912,37,32,0,981,0,0,0,981
02/04/2018,MCO,FL,ASO,ES,Towers with Radar,811,66,33,0,910,0,0,5,0,5,811,66,38,0,915,0,0,0,915
02/05/2018,MCO,FL,ASO,ES,Towers with Radar,853,51,56,0,960,0,0,1,0,1,853,51,57,0,961,0,0,0,961
02/06/2018,MCO,FL,ASO,ES,Towers with Radar,831,54,52,0,937,0,1,8,0,9,831,55,60,0,946,0,0,0,946
02/07/2018,MCO,FL,ASO,ES,Towers with Radar,796,61,42,2,901,0,1,9,0,10,796,62,51,2,911,0,0,0,911
02/08/2018,MCO,FL,ASO,ES,Towers with Radar,891,39,69,0,999,0,1,2,0,3,891,40,71,0,1002,0,0,0,1002
02/09/2018,MCO,FL,ASO,ES,Towers with Radar,852,57,58,1,968,0,0,20,0,20,852,57,78,1,988,0,0,0,988
02/10/2018,MCO,FL,ASO,ES,Towers with Radar,933,37,12,0,982,0,0,4,0,4,933,37,16,0,986,0,0,0,986
02/11/2018,MCO,FL,ASO,ES,Towers with Radar,850,47,29,3,929,0,0,5,4,9,850,47,34,7,938,0,0,0,938
02/12/2018,MCO,FL,ASO,ES,Towers with Radar,886,53,56,5,1000,0,0,5,1,6,886,53,61,6,1006,0,0,0,1006
02/13/2018,MCO,FL,ASO,ES,Towers with Radar,855,55,54,3,967,0,2,10,1,13,855,57,64,4,980,0,0,0,980
02/14/2018,MCO,FL,ASO,ES,Towers with Radar,845,53,50,2,950,0,2,5,0,7,845,55,55,2,957,0,0,0,957
02/15/2018,MCO,FL,ASO,ES,Towers with Radar,901,48,60,1,1010,0,1,9,2,12,901,49,69,3,1022,0,0,0,1022
02/16/2018,MCO,FL,ASO,ES,Towers with Radar,926,53,44,5,1028,0,0,8,0,8,926,53,52,5,1036,0,0,0,1036
02/17/2018,MCO,FL,ASO,ES,Towers with Radar,979,46,19,0,1044,0,0,7,0,7,979,46,26,0,1051,0,0,0,1051
02/18/2018,MCO,FL,ASO,ES,Towers with Radar,892,52,36,2,982,0,1,8,2,11,892,53,44,4,993,0,0,0,993
02/19/2018,MCO,FL,ASO,ES,Towers with Radar,892,55,67,1,1015,0,0,9,0,9,892,55,76,1,1024,0,0,0,1024
02/20/2018,MCO,FL,ASO,ES,Towers with Radar,894,52,31,1,978,0,0,5,2,7,894,52,36,3,985,0,0,0,985
02/21/2018,MCO,FL,ASO,ES,Towers with Radar,890,66,36,13,1005,1,1,5,0,7,891,67,41,13,1012,0,0,0,1012
02/22/2018,MCO,FL,ASO,ES,Towers with Radar,911,42,47,6,1006,0,1,4,0,5,911,43,51,6,1011,0,0,0,1011
02/23/2018,MCO,FL,ASO,ES,Towers with Radar,920,52,45,13,1030,0,1,8,1,10,920,53,53,14,1040,0,0,0,1040
02/24/2018,MCO,FL,ASO,ES,Towers with Radar,994,40,22,6,1062,0,0,1,1,2,994,40,23,7,1064,0,0,0,1064
02/25/2018,MCO,FL,ASO,ES,Towers with Radar,900,44,35,0,979,0,0,11,1,12,900,44,46,1,991,0,0,0,991
02/26/2018,MCO,FL,ASO,ES,Towers with Radar,889,49,56,0,994,0,2,4,0,6,889,51,60,0,1000,0,0,0,1000
02/27/2018,MCO,FL,ASO,ES,Towers with Radar,883,72,47,0,1002,0,0,2,0,2,883,72,49,0,1004,0,0,0,1004
02/28/2018,MCO,FL,ASO,ES,Towers with Radar,894,51,56,2,1003,0,2,10,0,12,894,53,66,2,1015,0,0,0,1015
03/01/2018,MCO,FL,ASO,ES,Towers with Radar,897,59,61,7,1024,0,0,9,0,9,897,59,70,7,1033,0,0,0,1033
03/02/2018,MCO,FL,ASO,ES,Towers with Radar,835,58,48,3,944,0,0,12,2,14,835,58,60,5,958,0,0,0,958
03/03/2018,MCO,FL,ASO,ES,Towers with Radar,965,54,35,1,1055,0,0,6,0,6,965,54,41,1,1061,0,0,0,1061
03/04/2018,MCO,FL,ASO,ES,Towers with Radar,902,55,48,5,1010,0,0,1,3,4,902,55,49,8,1014,0,0,0,1014
03/05/2018,MCO,FL,ASO,ES,Towers with Radar,899,60,71,0,1030,0,1,10,0,11,899,61,81,0,1041,0,0,0,1041
03/06/2018,MCO,FL,ASO,ES,Towers with Radar,886,78,68,0,1032,0,4,16,0,20,886,82,84,0,1052,0,0,0,1052
03/07/2018,MCO,FL,ASO,ES,Towers with Radar,809,69,47,0,925,0,0,5,0,5,809,69,52,0,930,0,0,0,930
03/08/2018,MCO,FL,ASO,ES,Towers with Radar,909,67,56,2,1034,0,0,10,1,11,909,67,66,3,1045,0,0,0,1045
03/09/2018,MCO,FL,ASO,ES,Towers with Radar,941,62,41,0,1044,0,1,17,2,20,941,63,58,2,1064,0,0,0,1064
03/10/2018,MCO,FL,ASO,ES,Towers with Radar,1100,42,33,5,1180,0,0,10,1,11,1100,42,43,6,1191,0,0,0,1191
03/11/2018,MCO,FL,ASO,ES,Towers with Radar,955,60,43,5,1063,0,0,5,0,5,955,60,48,5,1068,0,0,0,1068
03/12/2018,MCO,FL,ASO,ES,Towers with Radar,929,51,28,0,1008,0,0,3,0,3,929,51,31,0,1011,0,0,0,1011
03/13/2018,MCO,FL,ASO,ES,Towers with Radar,879,61,49,4,993,0,0,7,2,9,879,61,56,6,1002,0,0,0,1002
03/14/2018,MCO,FL,ASO,ES,Towers with Radar,922,68,44,0,1034,0,5,14,0,19,922,73,58,0,1053,0,0,0,1053
03/15/2018,MCO,FL,ASO,ES,Towers with Radar,939,53,48,2,1042,0,0,5,2,7,939,53,53,4,1049,0,0,0,1049
03/16/2018,MCO,FL,ASO,ES,Towers with Radar,953,69,47,1,1070,0,0,7,0,7,953,69,54,1,1077,0,0,0,1077
03/17/2018,MCO,FL,ASO,ES,Towers with Radar,1089,56,32,0,1177,0,0,13,0,13,1089,56,45,0,1190,0,0,0,1190
03/18/2018,MCO,FL,ASO,ES,Towers with Radar,965,67,47,1,1080,0,2,9,0,11,965,69,56,1,1091,0,0,0,1091
03/19/2018,MCO,FL,ASO,ES,Towers with Radar,928,60,40,0,1028,0,0,7,0,7,928,60,47,0,1035,0,0,0,1035
03/20/2018,MCO,FL,ASO,ES,Towers with Radar,893,64,46,0,1003,0,1,2,0,3,893,65,48,0,1006,0,0,0,1006
03/21/2018,MCO,FL,ASO,ES,Towers with Radar,823,48,46,0,917,0,0,10,0,10,823,48,56,0,927,0,0,0,927
03/22/2018,MCO,FL,ASO,ES,Towers with Radar,942,62,56,0,1060,0,0,15,0,15,942,62,71,0,1075,0,0,0,1075
03/23/2018,MCO,FL,ASO,ES,Towers with Radar,968,67,63,0,1098,0,0,8,2,10,968,67,71,2,1108,0,0,0,1108
03/24/2018,MCO,FL,ASO,ES,Towers with Radar,1113,67,44,1,1225,0,0,10,1,11,1113,67,54,2,1236,0,0,0,1236
03/25/2018,MCO,FL,ASO,ES,Towers with Radar,970,72,87,1,1130,0,0,8,2,10,970,72,95,3,1140,0,0,0,1140
03/26/2018,MCO,FL,ASO,ES,Towers with Radar,951,68,35,0,1054,0,0,2,0,2,951,68,37,0,1056,0,0,0,1056
03/27/2018,MCO,FL,ASO,ES,Towers with Radar,944,56,42,1,1043,0,2,7,0,9,944,58,49,1,1052,0,0,0,1052
03/28/2018,MCO,FL,ASO,ES,Towers with Radar,939,69,68,2,1078,0,1,7,0,8,939,70,75,2,1086,0,0,0,1086
03/29/2018,MCO,FL,ASO,ES,Towers with Radar,969,62,49,1,1081,0,1,9,0,10,969,63,58,1,1091,0,0,0,1091
03/30/2018,MCO,FL,ASO,ES,Towers with Radar,971,74,42,2,1089,0,2,11,3,16,971,76,53,5,1105,0,0,0,1105
03/31/2018,MCO,FL,ASO,ES,Towers with Radar,1126,56,35,0,1217,0,1,2,0,3,1126,57,37,0,1220,0,0,0,1220
04/01/2018,MCO,FL,ASO,ES,Towers with Radar,972,55,31,1,1059,0,0,1,0,1,972,55,32,1,1060,0,0,0,1060
04/02/2018,MCO,FL,ASO,ES,Towers with Radar,944,43,54,1,1042,1,0,6,0,7,945,43,60,1,1049,0,0,0,1049
04/03/2018,MCO,FL,ASO,ES,Towers with Radar,916,52,38,0,1006,1,2,15,2,20,917,54,53,2,1026,0,0,0,1026
04/04/2018,MCO,FL,ASO,ES,Towers with Radar,936,58,56,2,1052,0,0,17,0,17,936,58,73,2,1069,0,0,0,1069
04/05/2018,MCO,FL,ASO,ES,Towers with Radar,958,52,33,0,1043,0,2,12,0,14,958,54,45,0,1057,0,0,0,1057
04/06/2018,MCO,FL,ASO,ES,Towers with Radar,958,66,41,2,1067,0,0,9,0,9,958,66,50,2,1076,0,0,0,1076
04/07/2018,MCO,FL,ASO,ES,Towers with Radar,1081,53,18,0,1152,0,0,2,0,2,1081,53,20,0,1154,0,0,0,1154
04/08/2018,MCO,FL,ASO,ES,Towers with Radar,908,56,36,0,1000,0,1,0,0,1,908,57,36,0,1001,0,0,0,1001
04/09/2018,MCO,FL,ASO,ES,Towers with Radar,875,65,58,0,998,0,0,2,0,2,875,65,60,0,1000,0,0,0,1000
04/10/2018,MCO,FL,ASO,ES,Towers with Radar,881,48,28,2,959,0,0,2,0,2,881,48,30,2,961,0,0,0,961
04/11/2018,MCO,FL,ASO,ES,Towers with Radar,895,54,56,0,1005,0,3,6,0,9,895,57,62,0,1014,0,0,0,1014
04/12/2018,MCO,FL,ASO,ES,Towers with Radar,912,49,44,2,1007,0,1,4,0,5,912,50,48,2,1012,0,0,0,1012
04/13/2018,MCO,FL,ASO,ES,Towers with Radar,902,49,52,1,1004,1,0,11,0,12,903,49,63,1,1016,0,0,0,1016
04/14/2018,MCO,FL,ASO,ES,Towers with Radar,931,43,27,0,1001,1,0,5,0,6,932,43,32,0,1007,0,0,0,1007
04/15/2018,MCO,FL,ASO,ES,Towers with Radar,862,50,42,0,954,0,1,4,1,6,862,51,46,1,960,0,0,0,960
04/16/2018,MCO,FL,ASO,ES,Towers with Radar,899,58,58,1,1016,0,0,11,2,13,899,58,69,3,1029,0,0,0,1029
04/17/2018,MCO,FL,ASO,ES,Towers with Radar,879,58,57,4,998,0,0,7,2,9,879,58,64,6,1007,0,0,0,1007
04/18/2018,MCO,FL,ASO,ES,Towers with Radar,888,58,62,1,1009,0,1,6,0,7,888,59,68,1,1016,0,0,0,1016
04/19/2018,MCO,FL,ASO,ES,Towers with Radar,901,58,54,0,1013,0,0,3,0,3,901,58,57,0,1016,0,0,0,1016
04/20/2018,MCO,FL,ASO,ES,Towers with Radar,911,55,42,0,1008,0,0,8,0,8,911,55,50,0,1016,0,0,0,1016
04/21/2018,MCO,FL,ASO,ES,Towers with Radar,924,57,35,0,1016,0,0,0,0,0,924,57,35,0,1016,0,0,0,1016
04/22/2018,MCO,FL,ASO,ES,Towers with Radar,866,54,50,1,971,0,1,2,0,3,866,55,52,1,974,0,0,0,974
04/23/2018,MCO,FL,ASO,ES,Towers with Radar,872,44,35,1,952,0,0,0,0,0,872,44,35,1,952,0,0,0,952
04/24/2018,MCO,FL,ASO,ES,Towers with Radar,881,52,32,0,965,0,0,7,0,7,881,52,39,0,972,0,0,0,972
04/25/2018,MCO,FL,ASO,ES,Towers with Radar,867,44,42,0,953,0,0,7,0,7,867,44,49,0,960,0,0,0,960
04/26/2018,MCO,FL,ASO,ES,Towers with Radar,904,56,41,0,1001,0,2,9,0,11,904,58,50,0,1012,0,0,0,1012
04/27/2018,MCO,FL,ASO,ES,Towers with Radar,908,46,55,0,1009,1,2,9,1,13,909,48,64,1,1022,0,0,0,1022
04/28/2018,MCO,FL,ASO,ES,Towers with Radar,960,37,28,0,1025,0,3,11,2,16,960,40,39,2,1041,0,0,0,1041
04/29/2018,MCO,FL,ASO,ES,Towers with Radar,875,41,37,0,953,0,0,5,0,5,875,41,42,0,958,0,0,0,958
04/30/2018,MCO,FL,ASO,ES,Towers with Radar,879,52,37,0,968,0,1,5,0,6,879,53,42,0,974,0,0,0,974
05/01/2018,MCO,FL,ASO,ES,Towers with Radar,894,49,31,0,974,0,0,9,1,10,894,49,40,1,984,0,0,0,984
05/02/2018,MCO,FL,ASO,ES,Towers with Radar,852,44,48,2,946,0,2,11,4,17,852,46,59,6,963,0,0,0,963
05/03/2018,MCO,FL,ASO,ES,Towers with Radar,897,50,47,0,994,0,1,12,0,13,897,51,59,0,1007,0,0,0,1007
05/04/2018,MCO,FL,ASO,ES,Towers with Radar,906,37,35,4,982,2,0,11,0,13,908,37,46,4,995,0,0,0,995
05/05/2018,MCO,FL,ASO,ES,Towers with Radar,918,33,15,1,967,0,2,7,0,9,918,35,22,1,976,0,0,0,976
05/06/2018,MCO,FL,ASO,ES,Towers with Radar,885,47,46,3,981,0,0,1,1,2,885,47,47,4,983,0,0,0,983
05/07/2018,MCO,FL,ASO,ES,Towers with Radar,898,57,49,0,1004,0,3,14,2,19,898,60,63,2,1023,0,0,0,1023
05/08/2018,MCO,FL,ASO,ES,Towers with Radar,874,64,54,0,992,1,1,3,0,5,875,65,57,0,997,0,0,0,997
05/09/2018,MCO,FL,ASO,ES,Towers with Radar,879,69,66,0,1014,0,0,12,0,12,879,69,78,0,1026,0,0,0,1026
05/10/2018,MCO,FL,ASO,ES,Towers with Radar,881,45,50,2,978,0,1,16,0,17,881,46,66,2,995,0,0,0,995
05/11/2018,MCO,FL,ASO,ES,Towers with Radar,903,46,41,1,991,0,1,14,1,16,903,47,55,2,1007,0,0,0,1007
05/12/2018,MCO,FL,ASO,ES,Towers with Radar,900,31,18,0,949,0,0,5,0,5,900,31,23,0,954,0,0,0,954
05/13/2018,MCO,FL,ASO,ES,Towers with Radar,846,42,31,0,919,0,0,0,0,0,846,42,31,0,919,0,0,0,919
05/14/2018,MCO,FL,ASO,ES,Towers with Radar,875,32,35,0,942,0,0,5,0,5,875,32,40,0,947,0,0,0,947
05/15/2018,MCO,FL,ASO,ES,Towers with Radar,814,38,38,0,890,0,0,5,0,5,814,38,43,0,895,0,0,0,895
05/16/2018,MCO,FL,ASO,ES,Towers with Radar,844,45,36,0,925,0,0,7,0,7,844,45,43,0,932,0,0,0,932
05/17/2018,MCO,FL,ASO,ES,Towers with Radar,896,50,56,0,1002,0,0,0,0,0,896,50,56,0,1002,0,0,0,1002
05/18/2018,MCO,FL,ASO,ES,Towers with Radar,894,50,45,1,990,0,0,3,0,3,894,50,48,1,993,0,0,0,993
05/19/2018,MCO,FL,ASO,ES,Towers with Radar,908,32,21,1,962,0,0,1,0,1,908,32,22,1,963,0,0,0,963
05/20/2018,MCO,FL,ASO,ES,Towers with Radar,841,34,27,0,902,0,1,3,0,4,841,35,30,0,906,0,0,0,906
05/21/2018,MCO,FL,ASO,ES,Towers with Radar,886,39,30,0,955,0,0,6,2,8,886,39,36,2,963,0,0,0,963
05/22/2018,MCO,FL,ASO,ES,Towers with Radar,878,57,28,0,963,0,0,6,0,6,878,57,34,0,969,0,0,0,969
05/23/2018,MCO,FL,ASO,ES,Towers with Radar,849,45,35,0,929,0,0,9,0,9,849,45,44,0,938,0,0,0,938
05/24/2018,MCO,FL,ASO,ES,Towers with Radar,893,51,40,0,984,0,1,8,0,9,893,52,48,0,993,0,0,0,993
05/25/2018,MCO,FL,ASO,ES,Towers with Radar,890,43,42,0,975,0,0,5,0,5,890,43,47,0,980,0,0,0,980
05/26/2018,MCO,FL,ASO,ES,Towers with Radar,889,39,25,0,953,0,0,4,0,4,889,39,29,0,957,0,0,0,957
05/27/2018,MCO,FL,ASO,ES,Towers with Radar,818,29,5,1,853,0,0,1,0,1,818,29,6,1,854,0,0,0,854
05/28/2018,MCO,FL,ASO,ES,Towers with Radar,847,31,32,1,911,0,0,4,2,6,847,31,36,3,917,0,0,0,917
05/29/2018,MCO,FL,ASO,ES,Towers with Radar,853,43,32,0,928,0,1,6,0,7,853,44,38,0,935,0,0,0,935
05/30/2018,MCO,FL,ASO,ES,Towers with Radar,868,40,46,0,954,0,0,0,0,0,868,40,46,0,954,0,0,0,954
05/31/2018,MCO,FL,ASO,ES,Towers with Radar,888,43,35,0,966,0,0,3,0,3,888,43,38,0,969,0,0,0,969
06/01/2018,MCO,FL,ASO,ES,Towers with Radar,910,42,25,0,977,0,0,4,1,5,910,42,29,1,982,0,0,0,982
06/02/2018,MCO,FL,ASO,ES,Towers with Radar,894,33,27,0,954,1,1,10,1,13,895,34,37,1,967,0,0,0,967
06/03/2018,MCO,FL,ASO,ES,Towers with Radar,862,39,30,0,931,1,0,1,0,2,863,39,31,0,933,0,0,0,933
06/04/2018,MCO,FL,ASO,ES,Towers with Radar,893,36,40,0,969,3,4,6,0,13,896,40,46,0,982,0,0,0,982
06/05/2018,MCO,FL,ASO,ES,Towers with Radar,904,40,23,0,967,0,3,8,2,13,904,43,31,2,980,0,0,0,980
06/06/2018,MCO,FL,ASO,ES,Towers with Radar,870,49,48,2,969,0,0,2,0,2,870,49,50,2,971,0,0,0,971
06/07/2018,MCO,FL,ASO,ES,Towers with Radar,877,46,24,2,949,0,0,8,2,10,877,46,32,4,959,0,0,0,959
06/08/2018,MCO,FL,ASO,ES,Towers with Radar,902,51,39,0,992,0,0,7,1,8,902,51,46,1,1000,0,0,0,1000
06/09/2018,MCO,FL,ASO,ES,Towers with Radar,953,34,21,0,1008,0,0,6,0,6,953,34,27,0,1014,0,0,0,1014
06/10/2018,MCO,FL,ASO,ES,Towers with Radar,875,43,40,1,959,0,0,1,0,1,875,43,41,1,960,0,0,0,960
06/11/2018,MCO,FL,ASO,ES,Towers with Radar,873,36,36,3,948,0,0,4,0,4,873,36,40,3,952,0,0,0,952
06/12/2018,MCO,FL,ASO,ES,Towers with Radar,891,44,17,0,952,0,2,7,1,10,891,46,24,1,962,0,0,0,962
06/13/2018,MCO,FL,ASO,ES,Towers with Radar,877,50,37,0,964,0,0,3,0,3,877,50,40,0,967,0,0,0,967
06/14/2018,MCO,FL,ASO,ES,Towers with Radar,889,41,31,0,961,0,0,2,0,2,889,41,33,0,963,0,0,0,963
06/15/2018,MCO,FL,ASO,ES,Towers with Radar,921,41,33,0,995,0,0,11,0,11,921,41,44,0,1006,0,0,0,1006
06/16/2018,MCO,FL,ASO,ES,Towers with Radar,1033,38,20,0,1091,0,0,9,0,9,1033,38,29,0,1100,0,0,0,1100
06/17/2018,MCO,FL,ASO,ES,Towers with Radar,937,38,32,0,1007,0,0,2,0,2,937,38,34,0,1009,0,0,0,1009
06/18/2018,MCO,FL,ASO,ES,Towers with Radar,880,40,27,2,949,0,0,9,0,9,880,40,36,2,958,0,0,0,958
06/19/2018,MCO,FL,ASO,ES,Towers with Radar,866,40,32,0,938,0,0,8,0,8,866,40,40,0,946,0,0,0,946
06/20/2018,MCO,FL,ASO,ES,Towers with Radar,886,45,35,2,968,0,2,8,0,10,886,47,43,2,978,0,0,0,978
06/21/2018,MCO,FL,ASO,ES,Towers with Radar,896,47,35,0,978,0,1,4,0,5,896,48,39,0,983,0,0,0,983
06/22/2018,MCO,FL,ASO,ES,Towers with Radar,884,39,37,0,960,0,2,7,0,9,884,41,44,0,969,0,0,0,969
06/23/2018,MCO,FL,ASO,ES,Towers with Radar,1007,33,12,0,1052,0,0,4,0,4,1007,33,16,0,1056,0,0,0,1056
06/24/2018,MCO,FL,ASO,ES,Towers with Radar,863,37,35,0,935,0,0,4,0,4,863,37,39,0,939,0,0,0,939
06/25/2018,MCO,FL,ASO,ES,Towers with Radar,899,34,35,0,968,0,0,5,0,5,899,34,40,0,973,0,0,0,973
06/26/2018,MCO,FL,ASO,ES,Towers with Radar,886,43,48,0,977,2,0,15,0,17,888,43,63,0,994,0,0,0,994
06/27/2018,MCO,FL,ASO,ES,Towers with Radar,863,39,48,3,953,0,2,9,0,11,863,41,57,3,964,0,0,0,964
06/28/2018,MCO,FL,ASO,ES,Towers with Radar,885,55,38,0,978,0,1,3,0,4,885,56,41,0,982,0,0,0,982
06/29/2018,MCO,FL,ASO,ES,Towers with Radar,919,43,44,0,1006,1,0,3,0,4,920,43,47,0,1010,0,0,0,1010
06/30/2018,MCO,FL,ASO,ES,Towers with Radar,1005,32,30,0,1067,1,0,4,0,5,1006,32,34,0,1072,0,0,0,1072
07/01/2018,MCO,FL,ASO,ES,Towers with Radar,910,43,30,0,983,0,0,5,1,6,910,43,35,1,989,0,0,0,989
07/02/2018,MCO,FL,ASO,ES,Towers with Radar,849,46,28,0,923,0,3,8,0,11,849,49,36,0,934,0,0,0,934
07/03/2018,MCO,FL,ASO,ES,Towers with Radar,799,41,12,0,852,0,2,7,1,10,799,43,19,1,862,0,0,0,862
07/04/2018,MCO,FL,ASO,ES,Towers with Radar,756,33,8,0,797,0,0,4,0,4,756,33,12,0,801,0,0,0,801
07/05/2018,MCO,FL,ASO,ES,Towers with Radar,880,36,31,1,948,0,0,4,0,4,880,36,35,1,952,0,0,0,952
07/06/2018,MCO,FL,ASO,ES,Towers with Radar,874,36,25,0,935,0,3,9,0,12,874,39,34,0,947,0,0,0,947
07/07/2018,MCO,FL,ASO,ES,Towers with Radar,1027,29,15,0,1071,0,1,1,0,2,1027,30,16,0,1073,0,0,0,1073
07/08/2018,MCO,FL,ASO,ES,Towers with Radar,903,38,42,2,985,0,0,6,0,6,903,38,48,2,991,0,0,0,991
07/09/2018,MCO,FL,ASO,ES,Towers with Radar,883,31,32,0,946,0,2,9,0,11,883,33,41,0,957,0,0,0,957
07/10/2018,MCO,FL,ASO,ES,Towers with Radar,881,35,38,0,954,0,0,1,0,1,881,35,39,0,955,0,0,0,955
07/11/2018,MCO,FL,ASO,ES,Towers with Radar,869,41,38,2,950,0,1,15,0,16,869,42,53,2,966,0,0,0,966
07/12/2018,MCO,FL,ASO,ES,Towers with Radar,903,45,30,0,978,0,0,7,0,7,903,45,37,0,985,0,0,0,985
07/13/2018,MCO,FL,ASO,ES,Towers with Radar,909,35,52,0,996,1,2,4,0,7,910,37,56,0,1003,0,0,0,1003
07/14/2018,MCO,FL,ASO,ES,Towers with Radar,1001,24,10,0,1035,0,1,5,0,6,1001,25,15,0,1041,0,0,0,1041
07/15/2018,MCO,FL,ASO,ES,Towers with Radar,873,34,26,0,933,0,0,5,0,5,873,34,31,0,938,0,0,0,938
07/16/2018,MCO,FL,ASO,ES,Towers with Radar,901,38,13,2,954,0,0,2,0,2,901,38,15,2,956,0,0,0,956
07/17/2018,MCO,FL,ASO,ES,Towers with Radar,847,39,24,0,910,0,1,6,2,9,847,40,30,2,919,0,0,0,919
07/18/2018,MCO,FL,ASO,ES,Towers with Radar,893,48,21,0,962,1,0,4,1,6,894,48,25,1,968,0,0,0,968
07/19/2018,MCO,FL,ASO,ES,Towers with Radar,891,49,28,0,968,0,0,2,0,2,891,49,30,0,970,0,0,0,970
07/20/2018,MCO,FL,ASO,ES,Towers with Radar,886,33,30,1,950,0,1,6,1,8,886,34,36,2,958,0,0,0,958
07/21/2018,MCO,FL,ASO,ES,Towers with Radar,1004,28,20,0,1052,0,0,3,0,3,1004,28,23,0,1055,0,0,0,1055
07/22/2018,MCO,FL,ASO,ES,Towers with Radar,667,25,22,1,715,0,0,2,0,2,667,25,24,1,717,0,0,0,717
07/23/2018,MCO,FL,ASO,ES,Towers with Radar,931,36,34,2,1003,0,2,6,0,8,931,38,40,2,1011,0,0,0,1011
07/24/2018,MCO,FL,ASO,ES,Towers with Radar,874,36,27,0,937,0,1,7,0,8,874,37,34,0,945,0,0,0,945
07/25/2018,MCO,FL,ASO,ES,Towers with Radar,873,40,41,0,954,1,0,5,0,6,874,40,46,0,960,0,0,0,960
07/26/2018,MCO,FL,ASO,ES,Towers with Radar,914,40,50,2,1006,0,0,3,0,3,914,40,53,2,1009,0,0,0,1009
07/27/2018,MCO,FL,ASO,ES,Towers with Radar,853,44,40,3,940,0,0,10,0,10,853,44,50,3,950,0,0,0,950
07/28/2018,MCO,FL,ASO,ES,Towers with Radar,1009,39,28,6,1082,0,2,6,0,8,1009,41,34,6,1090,0,0,0,1090
07/29/2018,MCO,FL,ASO,ES,Towers with Radar,913,43,22,2,980,0,1,5,0,6,913,44,27,2,986,0,0,0,986
07/30/2018,MCO,FL,ASO,ES,Towers with Radar,896,34,28,0,958,0,0,6,0,6,896,34,34,0,964,0,0,0,964
07/31/2018,MCO,FL,ASO,ES,Towers with Radar,884,36,20,0,940,1,0,0,0,1,885,36,20,0,941,0,0,0,941
08/01/2018,MCO,FL,ASO,ES,Towers with Radar,888,47,26,2,963,2,0,5,3,10,890,47,31,5,973,0,0,0,973
08/02/2018,MCO,FL,ASO,ES,Towers with Radar,852,49,31,4,936,0,0,8,0,8,852,49,39,4,944,0,0,0,944
08/03/2018,MCO,FL,ASO,ES,Towers with Radar,899,36,26,0,961,1,0,4,2,7,900,36,30,2,968,0,0,0,968
08/04/2018,MCO,FL,ASO,ES,Towers with Radar,988,31,24,0,1043,0,0,9,0,9,988,31,33,0,1052,0,0,0,1052
08/05/2018,MCO,FL,ASO,ES,Towers with Radar,909,41,23,0,973,0,4,0,0,4,909,45,23,0,977,0,0,0,977
08/06/2018,MCO,FL,ASO,ES,Towers with Radar,894,32,31,5,962,0,0,6,0,6,894,32,37,5,968,0,0,0,968
08/07/2018,MCO,FL,ASO,ES,Towers with Radar,823,39,36,0,898,0,0,1,0,1,823,39,37,0,899,0,0,0,899
08/08/2018,MCO,FL,ASO,ES,Towers with Radar,814,43,28,0,885,0,0,7,0,7,814,43,35,0,892,0,0,0,892
08/09/2018,MCO,FL,ASO,ES,Towers with Radar,852,37,29,0,918,0,0,9,0,9,852,37,38,0,927,0,0,0,927
08/10/2018,MCO,FL,ASO,ES,Towers with Radar,883,33,17,0,933,0,0,6,0,6,883,33,23,0,939,0,0,0,939
08/11/2018,MCO,FL,ASO,ES,Towers with Radar,849,38,27,0,914,0,0,6,0,6,849,38,33,0,920,0,0,0,920
08/12/2018,MCO,FL,ASO,ES,Towers with Radar,823,42,30,0,895,1,0,6,0,7,824,42,36,0,902,0,0,0,902
08/13/2018,MCO,FL,ASO,ES,Towers with Radar,810,44,28,0,882,0,0,6,0,6,810,44,34,0,888,0,0,0,888
08/14/2018,MCO,FL,ASO,ES,Towers with Radar,817,39,26,1,883,0,1,4,0,5,817,40,30,1,888,0,0,0,888
08/15/2018,MCO,FL,ASO,ES,Towers with Radar,833,40,20,1,894,0,0,2,0,2,833,40,22,1,896,0,0,0,896
08/16/2018,MCO,FL,ASO,ES,Towers with Radar,840,43,33,0,916,0,0,8,0,8,840,43,41,0,924,0,0,0,924
08/17/2018,MCO,FL,ASO,ES,Towers with Radar,850,27,18,0,895,0,6,9,0,15,850,33,27,0,910,0,0,0,910
08/18/2018,MCO,FL,ASO,ES,Towers with Radar,863,23,22,0,908,0,2,12,0,14,863,25,34,0,922,0,0,0,922
08/19/2018,MCO,FL,ASO,ES,Towers with Radar,819,32,19,2,872,1,0,5,5,11,820,32,24,7,883,0,0,0,883
08/20/2018,MCO,FL,ASO,ES,Towers with Radar,847,41,28,0,916,0,1,2,2,5,847,42,30,2,921,0,0,0,921
08/21/2018,MCO,FL,ASO,ES,Towers with Radar,782,34,32,3,851,1,0,6,0,7,783,34,38,3,858,0,0,0,858
08/22/2018,MCO,FL,ASO,ES,Towers with Radar,805,43,32,1,881,0,0,4,0,4,805,43,36,1,885,0,0,0,885
08/23/2018,MCO,FL,ASO,ES,Towers with Radar,838,30,23,2,893,0,0,4,0,4,838,30,27,2,897,0,0,0,897
08/24/2018,MCO,FL,ASO,ES,Towers with Radar,833,28,25,0,886,0,0,2,2,4,833,28,27,2,890,0,0,0,890
08/25/2018,MCO,FL,ASO,ES,Towers with Radar,846,16,27,0,889,0,0,1,0,1,846,16,28,0,890,0,0,0,890
08/26/2018,MCO,FL,ASO,ES,Towers with Radar,816,33,21,0,870,0,0,1,0,1,816,33,22,0,871,0,0,0,871
08/27/2018,MCO,FL,ASO,ES,Towers with Radar,814,25,37,0,876,0,0,3,0,3,814,25,40,0,879,0,0,0,879
08/28/2018,MCO,FL,ASO,ES,Towers with Radar,796,32,27,0,855,0,1,1,0,2,796,33,28,0,857,0,0,0,857
08/29/2018,MCO,FL,ASO,ES,Towers with Radar,792,35,38,0,865,0,1,4,0,5,792,36,42,0,870,0,0,0,870
08/30/2018,MCO,FL,ASO,ES,Towers with Radar,826,42,29,1,898,0,0,5,0,5,826,42,34,1,903,0,0,0,903
08/31/2018,MCO,FL,ASO,ES,Towers with Radar,845,44,28,2,919,0,0,4,0,4,845,44,32,2,923,0,0,0,923
09/01/2018,MCO,FL,ASO,ES,Towers with Radar,834,19,16,0,869,0,0,2,1,3,834,19,18,1,872,0,0,0,872
09/02/2018,MCO,FL,ASO,ES,Towers with Radar,767,36,20,4,827,0,0,3,0,3,767,36,23,4,830,0,0,0,830
09/03/2018,MCO,FL,ASO,ES,Towers with Radar,777,28,16,0,821,0,0,3,0,3,777,28,19,0,824,0,0,0,824
09/04/2018,MCO,FL,ASO,ES,Towers with Radar,766,36,28,0,830,0,0,7,0,7,766,36,35,0,837,0,0,0,837
09/05/2018,MCO,FL,ASO,ES,Towers with Radar,769,36,22,1,828,0,0,8,0,8,769,36,30,1,836,0,0,0,836
09/06/2018,MCO,FL,ASO,ES,Towers with Radar,776,43,28,2,849,0,2,0,0,2,776,45,28,2,851,0,0,0,851
09/07/2018,MCO,FL,ASO,ES,Towers with Radar,800,34,28,2,864,0,0,2,0,2,800,34,30,2,866,0,0,0,866
09/08/2018,MCO,FL,ASO,ES,Towers with Radar,829,18,13,1,861,0,0,0,3,3,829,18,13,4,864,0,0,0,864
09/09/2018,MCO,FL,ASO,ES,Towers with Radar,790,23,19,1,833,0,0,4,0,4,790,23,23,1,837,0,0,0,837
09/10/2018,MCO,FL,ASO,ES,Towers with Radar,780,37,35,0,852,0,1,5,0,6,780,38,40,0,858,0,0,0,858
09/11/2018,MCO,FL,ASO,ES,Towers with Radar,740,36,29,0,805,0,0,12,0,12,740,36,41,0,817,0,0,0,817
09/12/2018,MCO,FL,ASO,ES,Towers with Radar,746,35,23,0,804,0,0,5,0,5,746,35,28,0,809,0,0,0,809
09/13/2018,MCO,FL,ASO,ES,Towers with Radar,793,48,34,0,875,0,0,7,2,9,793,48,41,2,884,0,0,0,884
09/14/2018,MCO,FL,ASO,ES,Towers with Radar,818,30,19,1,868,0,0,6,0,6,818,30,25,1,874,0,0,0,874
09/15/2018,MCO,FL,ASO,ES,Towers with Radar,824,25,11,0,860,0,1,7,1,9,824,26,18,1,869,0,0,0,869
09/16/2018,MCO,FL,ASO,ES,Towers with Radar,782,34,15,1,832,1,0,4,0,5,783,34,19,1,837,0,0,0,837
09/17/2018,MCO,FL,ASO,ES,Towers with Radar,785,36,25,0,846,0,0,6,0,6,785,36,31,0,852,0,0,0,852
09/18/2018,MCO,FL,ASO,ES,Towers with Radar,745,43,32,0,820,1,0,15,0,16,746,43,47,0,836,0,0,0,836
09/19/2018,MCO,FL,ASO,ES,Towers with Radar,745,40,28,0,813,0,0,12,0,12,745,40,40,0,825,0,0,0,825
09/20/2018,MCO,FL,ASO,ES,Towers with Radar,799,39,29,0,867,0,0,5,0,5,799,39,34,0,872,0,0,0,872
09/21/2018,MCO,FL,ASO,ES,Towers with Radar,805,43,23,1,872,0,0,12,0,12,805,43,35,1,884,0,0,0,884
09/22/2018,MCO,FL,ASO,ES,Towers with Radar,824,25,16,0,865,0,0,5,0,5,824,25,21,0,870,0,0,0,870
09/23/2018,MCO,FL,ASO,ES,Towers with Radar,803,36,29,1,869,0,0,8,0,8,803,36,37,1,877,0,0,0,877
09/24/2018,MCO,FL,ASO,ES,Towers with Radar,792,38,30,0,860,0,0,3,0,3,792,38,33,0,863,0,0,0,863
09/25/2018,MCO,FL,ASO,ES,Towers with Radar,738,48,38,0,824,0,0,4,1,5,738,48,42,1,829,0,0,0,829
09/26/2018,MCO,FL,ASO,ES,Towers with Radar,727,41,35,0,803,0,2,13,0,15,727,43,48,0,818,0,0,0,818
09/27/2018,MCO,FL,ASO,ES,Towers with Radar,801,47,19,0,867,0,0,11,2,13,801,47,30,2,880,0,0,0,880
09/28/2018,MCO,FL,ASO,ES,Towers with Radar,815,37,32,0,884,1,0,4,0,5,816,37,36,0,889,0,0,0,889
09/29/2018,MCO,FL,ASO,ES,Towers with Radar,820,23,29,0,872,0,0,3,0,3,820,23,32,0,875,0,0,0,875
09/30/2018,MCO,FL,ASO,ES,Towers with Radar,814,28,39,0,881,0,0,3,0,3,814,28,42,0,884,0,0,0,884
10/01/2018,MCO,FL,ASO,ES,Towers with Radar,792,33,27,0,852,0,0,8,1,9,792,33,35,1,861,0,0,0,861
10/02/2018,MCO,FL,ASO,ES,Towers with Radar,760,39,30,0,829,0,2,4,0,6,760,41,34,0,835,0,0,0,835
10/03/2018,MCO,FL,ASO,ES,Towers with Radar,778,35,53,0,866,0,0,9,1,10,778,35,62,1,876,0,0,0,876
10/04/2018,MCO,FL,ASO,ES,Towers with Radar,844,31,48,1,924,0,1,17,1,19,844,32,65,2,943,0,0,0,943
10/05/2018,MCO,FL,ASO,ES,Towers with Radar,880,47,41,5,973,0,0,4,1,5,880,47,45,6,978,0,0,0,978
10/06/2018,MCO,FL,ASO,ES,Towers with Radar,910,36,32,0,978,0,0,4,1,5,910,36,36,1,983,0,0,0,983
10/07/2018,MCO,FL,ASO,ES,Towers with Radar,858,44,35,2,939,0,3,11,0,14,858,47,46,2,953,0,0,0,953
10/08/2018,MCO,FL,ASO,ES,Towers with Radar,843,44,36,3,926,0,0,3,0,3,843,44,39,3,929,0,0,0,929
10/09/2018,MCO,FL,ASO,ES,Towers with Radar,815,52,39,2,908,0,0,8,0,8,815,52,47,2,916,0,0,0,916
10/10/2018,MCO,FL,ASO,ES,Towers with Radar,810,24,28,0,862,2,1,6,1,10,812,25,34,1,872,0,0,0,872
10/11/2018,MCO,FL,ASO,ES,Towers with Radar,849,38,40,0,927,0,2,3,0,5,849,40,43,0,932,0,0,0,932
10/12/2018,MCO,FL,ASO,ES,Towers with Radar,889,44,42,0,975,0,0,12,0,12,889,44,54,0,987,0,0,0,987
10/13/2018,MCO,FL,ASO,ES,Towers with Radar,896,42,27,0,965,0,0,3,0,3,896,42,30,0,968,0,0,0,968
10/14/2018,MCO,FL,ASO,ES,Towers with Radar,866,33,59,0,958,0,0,8,0,8,866,33,67,0,966,0,0,0,966
10/15/2018,MCO,FL,ASO,ES,Towers with Radar,844,46,84,0,974,0,0,7,0,7,844,46,91,0,981,0,0,0,981
10/16/2018,MCO,FL,ASO,ES,Towers with Radar,816,46,99,0,961,0,0,8,0,8,816,46,107,0,969,0,0,0,969
10/17/2018,MCO,FL,ASO,ES,Towers with Radar,800,49,86,0,935,0,2,5,1,8,800,51,91,1,943,0,0,0,943
10/18/2018,MCO,FL,ASO,ES,Towers with Radar,872,61,86,2,1021,0,3,10,4,17,872,64,96,6,1038,0,0,0,1038
10/19/2018,MCO,FL,ASO,ES,Towers with Radar,887,40,64,0,991,0,0,8,0,8,887,40,72,0,999,0,0,0,999
10/20/2018,MCO,FL,ASO,ES,Towers with Radar,910,25,27,0,962,0,0,3,0,3,910,25,30,0,965,0,0,0,965
10/21/2018,MCO,FL,ASO,ES,Towers with Radar,871,42,55,0,968,0,0,6,0,6,871,42,61,0,974,0,0,0,974
10/22/2018,MCO,FL,ASO,ES,Towers with Radar,866,41,41,0,948,0,0,12,0,12,866,41,53,0,960,0,0,0,960
10/23/2018,MCO,FL,ASO,ES,Towers with Radar,809,48,46,0,903,0,0,5,0,5,809,48,51,0,908,0,0,0,908
10/24/2018,MCO,FL,ASO,ES,Towers with Radar,805,51,55,0,911,0,0,7,0,7,805,51,62,0,918,0,0,0,918
10/25/2018,MCO,FL,ASO,ES,Towers with Radar,873,50,69,0,992,0,0,10,0,10,873,50,79,0,1002,0,0,0,1002
10/26/2018,MCO,FL,ASO,ES,Towers with Radar,886,35,35,0,956,1,0,3,0,4,887,35,38,0,960,0,0,0,960
10/27/2018,MCO,FL,ASO,ES,Towers with Radar,891,20,24,6,941,1,2,9,0,12,892,22,33,6,953,0,0,0,953
10/28/2018,MCO,FL,ASO,ES,Towers with Radar,854,29,38,0,921,0,1,7,1,9,854,30,45,1,930,0,0,0,930
10/29/2018,MCO,FL,ASO,ES,Towers with Radar,825,50,46,0,921,0,0,9,1,10,825,50,55,1,931,0,0,0,931
10/30/2018,MCO,FL,ASO,ES,Towers with Radar,800,52,34,0,886,0,1,6,3,10,800,53,40,3,896,0,0,0,896
10/31/2018,MCO,FL,ASO,ES,Towers with Radar,732,39,34,0,805,0,1,12,4,17,732,40,46,4,822,0,0,0,822
11/01/2018,MCO,FL,ASO,ES,Towers with Radar,850,33,40,0,923,0,1,12,1,14,850,34,52,1,937,0,0,0,937
11/02/2018,MCO,FL,ASO,ES,Towers with Radar,889,35,27,0,951,0,0,6,0,6,889,35,33,0,957,0,0,0,957
11/03/2018,MCO,FL,ASO,ES,Towers with Radar,903,26,13,0,942,0,0,8,1,9,903,26,21,1,951,0,0,0,951
11/04/2018,MCO,FL,ASO,ES,Towers with Radar,893,25,33,0,951,0,1,2,1,4,893,26,35,1,955,0,0,0,955
11/05/2018,MCO,FL,ASO,ES,Towers with Radar,866,33,44,2,945,0,2,14,1,17,866,35,58,3,962,0,0,0,962
11/06/2018,MCO,FL,ASO,ES,Towers with Radar,847,41,37,0,925,0,1,2,0,3,847,42,39,0,928,0,0,0,928
11/07/2018,MCO,FL,ASO,ES,Towers with Radar,832,41,39,0,912,0,0,10,0,10,832,41,49,0,922,0,0,0,922
11/08/2018,MCO,FL,ASO,ES,Towers with Radar,904,32,43,0,979,0,0,7,1,8,904,32,50,1,987,0,0,0,987
11/09/2018,MCO,FL,ASO,ES,Towers with Radar,932,32,41,4,1009,0,0,9,1,10,932,32,50,5,1019,0,0,0,1019
11/10/2018,MCO,FL,ASO,ES,Towers with Radar,974,25,40,0,1039,1,0,3,0,4,975,25,43,0,1043,0,0,0,1043
11/11/2018,MCO,FL,ASO,ES,Towers with Radar,915,38,46,3,1002,0,0,5,2,7,915,38,51,5,1009,0,0,0,1009
11/12/2018,MCO,FL,ASO,ES,Towers with Radar,900,50,35,0,985,0,0,4,0,4,900,50,39,0,989,0,0,0,989
11/13/2018,MCO,FL,ASO,ES,Towers with Radar,891,37,49,0,977,0,0,7,0,7,891,37,56,0,984,0,0,0,984
11/14/2018,MCO,FL,ASO,ES,Towers with Radar,891,31,57,0,979,0,0,4,0,4,891,31,61,0,983,0,0,0,983
11/15/2018,MCO,FL,ASO,ES,Towers with Radar,870,45,56,2,973,0,0,7,0,7,870,45,63,2,980,0,0,0,980
11/16/2018,MCO,FL,ASO,ES,Towers with Radar,983,42,56,2,1083,0,0,6,1,7,983,42,62,3,1090,0,0,0,1090
11/17/2018,MCO,FL,ASO,ES,Towers with Radar,1024,26,26,1,1077,1,0,9,0,10,1025,26,35,1,1087,0,0,0,1087
11/18/2018,MCO,FL,ASO,ES,Towers with Radar,927,38,32,2,999,0,0,0,0,0,927,38,32,2,999,0,0,0,999
11/19/2018,MCO,FL,ASO,ES,Towers with Radar,892,34,43,0,969,0,1,6,0,7,892,35,49,0,976,0,0,0,976
11/20/2018,MCO,FL,ASO,ES,Towers with Radar,954,34,47,2,1037,0,0,2,0,2,954,34,49,2,1039,0,0,0,1039
11/21/2018,MCO,FL,ASO,ES,Towers with Radar,977,39,33,0,1049,0,0,5,0,5,977,39,38,0,1054,0,0,0,1054
11/22/2018,MCO,FL,ASO,ES,Towers with Radar,713,22,3,0,738,0,0,1,0,1,713,22,4,0,739,0,0,0,739
11/23/2018,MCO,FL,ASO,ES,Towers with Radar,829,38,7,0,874,0,0,7,0,7,829,38,14,0,881,0,0,0,881
11/24/2018,MCO,FL,ASO,ES,Towers with Radar,1026,30,25,1,1082,0,1,2,0,3,1026,31,27,1,1085,0,0,0,1085
11/25/2018,MCO,FL,ASO,ES,Towers with Radar,984,32,66,0,1082,0,1,3,0,4,984,33,69,0,1086,0,0,0,1086
11/26/2018,MCO,FL,ASO,ES,Towers with Radar,914,41,28,0,983,0,0,2,0,2,914,41,30,0,985,0,0,0,985
11/27/2018,MCO,FL,ASO,ES,Towers with Radar,924,39,33,0,996,0,3,2,0,5,924,42,35,0,1001,0,0,0,1001
11/28/2018,MCO,FL,ASO,ES,Towers with Radar,854,39,53,2,948,0,0,10,0,10,854,39,63,2,958,0,0,0,958
11/29/2018,MCO,FL,ASO,ES,Towers with Radar,928,34,47,3,1012,0,0,9,2,11,928,34,56,5,1023,0,0,0,1023
11/30/2018,MCO,FL,ASO,ES,Towers with Radar,945,36,31,4,1016,0,2,3,5,10,945,38,34,9,1026,0,0,0,1026
12/01/2018,MCO,FL,ASO,ES,Towers with Radar,975,23,20,0,1018,0,0,2,0,2,975,23,22,0,1020,0,0,0,1020
12/02/2018,MCO,FL,ASO,ES,Towers with Radar,899,34,46,0,979,0,0,13,3,16,899,34,59,3,995,0,0,0,995
12/03/2018,MCO,FL,ASO,ES,Towers with Radar,903,45,42,2,992,0,0,2,0,2,903,45,44,2,994,0,0,0,994
12/04/2018,MCO,FL,ASO,ES,Towers with Radar,855,32,54,0,941,0,0,2,0,2,855,32,56,0,943,0,0,0,943
12/05/2018,MCO,FL,ASO,ES,Towers with Radar,863,33,42,0,938,0,1,4,1,6,863,34,46,1,944,0,0,0,944
12/06/2018,MCO,FL,ASO,ES,Towers with Radar,947,27,35,0,1009,0,1,8,5,14,947,28,43,5,1023,0,0,0,1023
12/07/2018,MCO,FL,ASO,ES,Towers with Radar,940,34,29,1,1004,0,1,9,0,10,940,35,38,1,1014,0,0,0,1014
12/08/2018,MCO,FL,ASO,ES,Towers with Radar,982,25,35,14,1056,0,2,4,0,6,982,27,39,14,1062,0,0,0,1062
12/09/2018,MCO,FL,ASO,ES,Towers with Radar,902,29,36,0,967,0,0,1,0,1,902,29,37,0,968,0,0,0,968
12/10/2018,MCO,FL,ASO,ES,Towers with Radar,879,44,51,0,974,0,1,1,0,2,879,45,52,0,976,0,0,0,976
12/11/2018,MCO,FL,ASO,ES,Towers with Radar,860,30,44,3,937,0,0,10,0,10,860,30,54,3,947,0,0,0,947
12/12/2018,MCO,FL,ASO,ES,Towers with Radar,870,41,53,12,976,0,0,5,1,6,870,41,58,13,982,0,0,0,982
12/13/2018,MCO,FL,ASO,ES,Towers with Radar,945,41,43,1,1030,0,3,5,0,8,945,44,48,1,1038,0,0,0,1038
12/14/2018,MCO,FL,ASO,ES,Towers with Radar,946,28,39,0,1013,0,0,1,0,1,946,28,40,0,1014,0,0,0,1014
12/15/2018,MCO,FL,ASO,ES,Towers with Radar,993,27,35,0,1055,0,0,4,1,5,993,27,39,1,1060,0,0,0,1060
12/16/2018,MCO,FL,ASO,ES,Towers with Radar,931,30,34,0,995,0,0,7,0,7,931,30,41,0,1002,0,0,0,1002
12/17/2018,MCO,FL,ASO,ES,Towers with Radar,913,32,37,0,982,0,0,8,1,9,913,32,45,1,991,0,0,0,991
12/18/2018,MCO,FL,ASO,ES,Towers with Radar,921,34,32,0,987,0,1,13,0,14,921,35,45,0,1001,0,0,0,1001
12/19/2018,MCO,FL,ASO,ES,Towers with Radar,964,30,34,0,1028,0,0,4,0,4,964,30,38,0,1032,0,0,0,1032
12/20/2018,MCO,FL,ASO,ES,Towers with Radar,999,36,25,0,1060,1,0,0,0,1,1000,36,25,0,1061,0,0,0,1061
12/21/2018,MCO,FL,ASO,ES,Towers with Radar,1096,52,40,0,1188,0,0,3,0,3,1096,52,43,0,1191,0,0,0,1191
12/22/2018,MCO,FL,ASO,ES,Towers with Radar,1117,32,34,0,1183,1,0,3,0,4,1118,32,37,0,1187,0,0,0,1187
12/23/2018,MCO,FL,ASO,ES,Towers with Radar,1058,34,36,0,1128,0,0,12,0,12,1058,34,48,0,1140,0,0,0,1140
12/24/2018,MCO,FL,ASO,ES,Towers with Radar,950,39,10,0,999,0,2,7,0,9,950,41,17,0,1008,0,0,0,1008
12/25/2018,MCO,FL,ASO,ES,Towers with Radar,889,31,5,0,925,0,1,4,0,5,889,32,9,0,930,0,0,0,930
12/26/2018,MCO,FL,ASO,ES,Towers with Radar,1021,34,46,0,1101,0,1,9,0,10,1021,35,55,0,1111,0,0,0,1111
12/27/2018,MCO,FL,ASO,ES,Towers with Radar,1054,38,56,4,1152,0,2,5,0,7,1054,40,61,4,1159,0,0,0,1159
12/28/2018,MCO,FL,ASO,ES,Towers with Radar,1092,46,38,0,1176,0,0,6,0,6,1092,46,44,0,1182,0,0,0,1182
12/29/2018,MCO,FL,ASO,ES,Towers with Radar,1115,35,32,0,1182,0,0,1,0,1,1115,35,33,0,1183,0,0,0,1183
12/30/2018,MCO,FL,ASO,ES,Towers with Radar,1062,32,30,0,1124,0,1,6,0,7,1062,33,36,0,1131,0,0,0,1131
12/31/2018,MCO,FL,ASO,ES,Towers with Radar,956,24,9,0,989,0,0,3,0,3,956,24,12,0,992,0,0,0,992
01/01/2019,MCO,FL,ASO,ES,Towers with Radar,957,40,29,1,1027,1,1,7,0,9,958,41,36,1,1036,0,0,0,1036
01/02/2019,MCO,FL,ASO,ES,Towers with Radar,1073,30,44,2,1149,1,0,6,0,7,1074,30,50,2,1156,0,0,0,1156
01/03/2019,MCO,FL,ASO,ES,Towers with Radar,1032,40,27,4,1103,0,0,10,0,10,1032,40,37,4,1113,0,0,0,1113
01/04/2019,MCO,FL,ASO,ES,Towers with Radar,1041,38,20,1,1100,0,0,2,1,3,1041,38,22,2,1103,0,0,0,1103
01/05/2019,MCO,FL,ASO,ES,Towers with Radar,1052,39,39,0,1130,0,0,7,0,7,1052,39,46,0,1137,0,0,0,1137
01/06/2019,MCO,FL,ASO,ES,Towers with Radar,990,32,37,1,1060,0,0,10,0,10,990,32,47,1,1070,0,0,0,1070
01/07/2019,MCO,FL,ASO,ES,Towers with Radar,944,32,38,0,1014,0,0,8,0,8,944,32,46,0,1022,0,0,0,1022
01/08/2019,MCO,FL,ASO,ES,Towers with Radar,889,40,44,0,973,0,1,4,0,5,889,41,48,0,978,0,0,0,978
01/09/2019,MCO,FL,ASO,ES,Towers with Radar,904,36,31,2,973,0,1,10,0,11,904,37,41,2,984,0,0,0,984
01/10/2019,MCO,FL,ASO,ES,Towers with Radar,949,33,41,0,1023,0,1,10,3,14,949,34,51,3,1037,0,0,0,1037
01/11/2019,MCO,FL,ASO,ES,Towers with Radar,950,32,26,0,1008,0,0,3,0,3,950,32,29,0,1011,0,0,0,1011
01/12/2019,MCO,FL,ASO,ES,Towers with Radar,976,21,34,1,1032,0,0,1,0,1,976,21,35,1,1033,0,0,0,1033
01/13/2019,MCO,FL,ASO,ES,Towers with Radar,910,33,39,1,983,0,0,1,1,2,910,33,40,2,985,0,0,0,985
01/14/2019,MCO,FL,ASO,ES,Towers with Radar,914,28,32,2,976,0,0,7,0,7,914,28,39,2,983,0,0,0,983
01/15/2019,MCO,FL,ASO,ES,Towers with Radar,852,39,36,2,929,0,0,5,0,5,852,39,41,2,934,0,0,0,934
01/16/2019,MCO,FL,ASO,ES,Towers with Radar,875,33,38,2,948,0,0,7,4,11,875,33,45,6,959,0,0,0,959
01/17/2019,MCO,FL,ASO,ES,Towers with Radar,939,41,24,0,1004,0,1,13,0,14,939,42,37,0,1018,0,0,0,1018
01/18/2019,MCO,FL,ASO,ES,Towers with Radar,966,40,36,1,1043,0,0,8,0,8,966,40,44,1,1051,0,0,0,1051
01/19/2019,MCO,FL,ASO,ES,Towers with Radar,905,22,17,0,944,0,1,8,0,9,905,23,25,0,953,0,0,0,953
01/20/2019,MCO,FL,ASO,ES,Towers with Radar,842,29,23,1,895,0,4,4,0,8,842,33,27,1,903,0,0,0,903
01/21/2019,MCO,FL,ASO,ES,Towers with Radar,883,43,46,0,972,0,0,12,0,12,883,43,58,0,984,0,0,0,984
01/22/2019,MCO,FL,ASO,ES,Towers with Radar,851,36,38,0,925,0,2,10,0,12,851,38,48,0,937,0,0,0,937
01/23/2019,MCO,FL,ASO,ES,Towers with Radar,854,50,63,0,967,0,0,5,0,5,854,50,68,0,972,0,0,0,972
01/24/2019,MCO,FL,ASO,ES,Towers with Radar,951,44,49,0,1044,0,0,2,0,2,951,44,51,0,1046,0,0,0,1046
01/25/2019,MCO,FL,ASO,ES,Towers with Radar,964,37,51,1,1053,0,0,11,0,11,964,37,62,1,1064,0,0,0,1064
01/26/2019,MCO,FL,ASO,ES,Towers with Radar,993,23,32,1,1049,1,0,8,0,9,994,23,40,1,1058,0,0,0,1058
01/27/2019,MCO,FL,ASO,ES,Towers with Radar,927,32,55,1,1015,0,0,0,0,0,927,32,55,1,1015,0,0,0,1015
01/28/2019,MCO,FL,ASO,ES,Towers with Radar,904,35,43,0,982,0,0,2,0,2,904,35,45,0,984,0,0,0,984
01/29/2019,MCO,FL,ASO,ES,Towers with Radar,832,28,41,0,901,0,0,9,0,9,832,28,50,0,910,0,0,0,910
01/30/2019,MCO,FL,ASO,ES,Towers with Radar,831,32,47,1,911,0,1,12,0,13,831,33,59,1,924,0,0,0,924
01/31/2019,MCO,FL,ASO,ES,Towers with Radar,923,37,62,1,1023,0,0,11,0,11,923,37,73,1,1034,0,0,0,1034
02/01/2019,MCO,FL,ASO,ES,Towers with Radar,946,31,51,0,1028,0,0,1,3,4,946,31,52,3,1032,0,0,0,1032
02/02/2019,MCO,FL,ASO,ES,Towers with Radar,873,28,34,0,935,0,0,0,1,1,873,28,34,1,936,0,0,0,936
02/03/2019,MCO,FL,ASO,ES,Towers with Radar,874,32,37,0,943,0,0,0,0,0,874,32,37,0,943,0,0,0,943
02/04/2019,MCO,FL,ASO,ES,Towers with Radar,911,40,49,2,1002,0,0,6,0,6,911,40,55,2,1008,0,0,0,1008
02/05/2019,MCO,FL,ASO,ES,Towers with Radar,845,36,28,0,909,0,0,4,0,4,845,36,32,0,913,0,0,0,913
02/06/2019,MCO,FL,ASO,ES,Towers with Radar,867,35,44,0,946,0,1,6,0,7,867,36,50,0,953,0,0,0,953
02/07/2019,MCO,FL,ASO,ES,Towers with Radar,929,41,45,0,1015,0,0,7,2,9,929,41,52,2,1024,0,0,0,1024
02/08/2019,MCO,FL,ASO,ES,Towers with Radar,967,45,40,2,1054,0,2,8,0,10,967,47,48,2,1064,0,0,0,1064
02/09/2019,MCO,FL,ASO,ES,Towers with Radar,985,24,19,0,1028,0,0,3,0,3,985,24,22,0,1031,0,0,0,1031
02/10/2019,MCO,FL,ASO,ES,Towers with Radar,928,34,50,0,1012,0,0,2,0,2,928,34,52,0,1014,0,0,0,1014
02/11/2019,MCO,FL,ASO,ES,Towers with Radar,919,40,46,0,1005,0,0,10,0,10,919,40,56,0,1015,0,0,0,1015
02/12/2019,MCO,FL,ASO,ES,Towers with Radar,812,43,60,0,915,0,0,3,0,3,812,43,63,0,918,0,0,0,918
02/13/2019,MCO,FL,ASO,ES,Towers with Radar,871,42,62,0,975,1,0,8,2,11,872,42,70,2,986,0,0,0,986
02/14/2019,MCO,FL,ASO,ES,Towers with Radar,977,50,50,0,1077,0,0,13,0,13,977,50,63,0,1090,0,0,0,1090
02/15/2019,MCO,FL,ASO,ES,Towers with Radar,1003,35,65,2,1105,0,0,7,0,7,1003,35,72,2,1112,0,0,0,1112
02/16/2019,MCO,FL,ASO,ES,Towers with Radar,1025,29,34,2,1090,0,0,6,0,6,1025,29,40,2,1096,0,0,0,1096
02/17/2019,MCO,FL,ASO,ES,Towers with Radar,953,40,44,0,1037,0,2,9,6,17,953,42,53,6,1054,0,0,0,1054
02/18/2019,MCO,FL,ASO,ES,Towers with Radar,942,56,88,1,1087,0,0,2,0,2,942,56,90,1,1089,0,0,0,1089
02/19/2019,MCO,FL,ASO,ES,Towers with Radar,937,47,51,0,1035,0,0,2,5,7,937,47,53,5,1042,0,0,0,1042
02/20/2019,MCO,FL,ASO,ES,Towers with Radar,919,45,38,0,1002,0,0,8,1,9,919,45,46,1,1011,0,0,0,1011
02/21/2019,MCO,FL,ASO,ES,Towers with Radar,995,62,64,0,1121,0,0,2,0,2,995,62,66,0,1123,0,0,0,1123
02/22/2019,MCO,FL,ASO,ES,Towers with Radar,982,42,55,1,1080,0,0,4,0,4,982,42,59,1,1084,0,0,0,1084
02/23/2019,MCO,FL,ASO,ES,Towers with Radar,1044,35,20,0,1099,0,0,2,0,2,1044,35,22,0,1101,0,0,0,1101
02/24/2019,MCO,FL,ASO,ES,Towers with Radar,936,37,39,3,1015,4,1,7,0,12,940,38,46,3,1027,4,0,4,1031
02/25/2019,MCO,FL,ASO,ES,Towers with Radar,953,36,28,0,1017,0,1,4,0,5,953,37,32,0,1022,0,0,0,1022
02/26/2019,MCO,FL,ASO,ES,Towers with Radar,929,42,46,8,1025,0,0,4,0,4,929,42,50,8,1029,0,0,0,1029
02/27/2019,MCO,FL,ASO,ES,Towers with Radar,954,39,49,16,1058,0,1,5,0,6,954,40,54,16,1064,0,0,0,1064
02/28/2019,MCO,FL,ASO,ES,Towers with Radar,975,60,50,2,1087,0,5,11,0,16,975,65,61,2,1103,0,0,0,1103
03/01/2019,MCO,FL,ASO,ES,Towers with Radar,970,43,51,15,1079,0,0,8,0,8,970,43,59,15,1087,0,0,0,1087
03/02/2019,MCO,FL,ASO,ES,Towers with Radar,1076,38,28,0,1142,0,0,3,0,3,1076,38,31,0,1145,0,0,0,1145
03/03/2019,MCO,FL,ASO,ES,Towers with Radar,958,43,44,3,1048,0,0,8,0,8,958,43,52,3,1056,0,0,0,1056
03/04/2019,MCO,FL,ASO,ES,Towers with Radar,942,51,58,0,1051,0,0,5,0,5,942,51,63,0,1056,0,0,0,1056
03/05/2019,MCO,FL,ASO,ES,Towers with Radar,955,43,65,0,1063,0,0,0,0,0,955,43,65,0,1063,0,0,0,1063
03/06/2019,MCO,FL,ASO,ES,Towers with Radar,974,59,64,5,1102,0,1,8,1,10,974,60,72,6,1112,0,0,0,1112
03/07/2019,MCO,FL,ASO,ES,Towers with Radar,1019,51,50,5,1125,0,2,14,4,20,1019,53,64,9,1145,0,0,0,1145
03/08/2019,MCO,FL,ASO,ES,Towers with Radar,1033,49,55,0,1137,0,4,1,0,5,1033,53,56,0,1142,0,0,0,1142
03/09/2019,MCO,FL,ASO,ES,Towers with Radar,1159,44,58,2,1263,0,0,5,0,5,1159,44,63,2,1268,0,0,0,1268
03/10/2019,MCO,FL,ASO,ES,Towers with Radar,1020,49,58,0,1127,0,1,6,0,7,1020,50,64,0,1134,0,0,0,1134
03/11/2019,MCO,FL,ASO,ES,Towers with Radar,1016,46,55,0,1117,0,0,2,0,2,1016,46,57,0,1119,0,0,0,1119
03/12/2019,MCO,FL,ASO,ES,Towers with Radar,999,44,34,0,1077,0,1,2,1,4,999,45,36,1,1081,0,0,0,1081
03/13/2019,MCO,FL,ASO,ES,Towers with Radar,980,42,55,0,1077,0,3,16,0,19,980,45,71,0,1096,0,0,0,1096
03/14/2019,MCO,FL,ASO,ES,Towers with Radar,1009,52,52,2,1115,0,0,15,0,15,1009,52,67,2,1130,0,0,0,1130
03/15/2019,MCO,FL,ASO,ES,Towers with Radar,1026,42,54,1,1123,0,1,12,1,14,1026,43,66,2,1137,0,0,0,1137
03/16/2019,MCO,FL,ASO,ES,Towers with Radar,1191,43,31,0,1265,0,0,3,0,3,1191,43,34,0,1268,0,0,0,1268
03/17/2019,MCO,FL,ASO,ES,Towers with Radar,1011,35,46,1,1093,0,4,13,0,17,1011,39,59,1,1110,0,0,0,1110
03/18/2019,MCO,FL,ASO,ES,Towers with Radar,1006,46,36,0,1088,0,0,5,1,6,1006,46,41,1,1094,0,0,0,1094
03/19/2019,MCO,FL,ASO,ES,Towers with Radar,991,33,34,1,1059,0,0,0,0,0,991,33,34,1,1059,0,0,0,1059
03/20/2019,MCO,FL,ASO,ES,Towers with Radar,993,46,44,1,1084,0,1,8,0,9,993,47,52,1,1093,0,0,0,1093
03/21/2019,MCO,FL,ASO,ES,Towers with Radar,1015,34,44,0,1093,0,1,8,1,10,1015,35,52,1,1103,0,0,0,1103
03/22/2019,MCO,FL,ASO,ES,Towers with Radar,1018,43,42,0,1103,0,2,11,0,13,1018,45,53,0,1116,0,0,0,1116
03/23/2019,MCO,FL,ASO,ES,Towers with Radar,1156,36,42,0,1234,0,0,9,0,9,1156,36,51,0,1243,0,0,0,1243
03/24/2019,MCO,FL,ASO,ES,Towers with Radar,1005,45,52,0,1102,0,0,3,0,3,1005,45,55,0,1105,0,0,0,1105
03/25/2019,MCO,FL,ASO,ES,Towers with Radar,982,40,30,4,1056,0,0,9,0,9,982,40,39,4,1065,0,0,0,1065
03/26/2019,MCO,FL,ASO,ES,Towers with Radar,972,42,37,0,1051,0,0,6,0,6,972,42,43,0,1057,0,0,0,1057
03/27/2019,MCO,FL,ASO,ES,Towers with Radar,968,37,50,0,1055,0,0,6,0,6,968,37,56,0,1061,0,0,0,1061
03/28/2019,MCO,FL,ASO,ES,Towers with Radar,1018,45,30,2,1095,0,1,15,2,18,1018,46,45,4,1113,0,0,0,1113
03/29/2019,MCO,FL,ASO,ES,Towers with Radar,1003,46,41,2,1092,2,2,11,1,16,1005,48,52,3,1108,0,0,0,1108
03/30/2019,MCO,FL,ASO,ES,Towers with Radar,1157,38,49,0,1244,0,0,11,0,11,1157,38,60,0,1255,0,0,0,1255
03/31/2019,MCO,FL,ASO,ES,Towers with Radar,1004,56,44,1,1105,0,1,9,2,12,1004,57,53,3,1117,0,0,0,1117
04/01/2019,MCO,FL,ASO,ES,Towers with Radar,968,41,46,2,1057,0,1,2,2,5,968,42,48,4,1062,0,0,0,1062
04/02/2019,MCO,FL,ASO,ES,Towers with Radar,955,42,41,3,1041,0,0,7,3,10,955,42,48,6,1051,0,0,0,1051
04/03/2019,MCO,FL,ASO,ES,Towers with Radar,951,47,45,2,1045,0,0,14,0,14,951,47,59,2,1059,0,0,0,1059
04/04/2019,MCO,FL,ASO,ES,Towers with Radar,986,38,40,1,1065,0,0,2,0,2,986,38,42,1,1067,0,0,0,1067
04/05/2019,MCO,FL,ASO,ES,Towers with Radar,993,38,42,0,1073,0,0,0,4,4,993,38,42,4,1077,0,0,0,1077
04/06/2019,MCO,FL,ASO,ES,Towers with Radar,1102,30,29,1,1162,0,0,1,0,1,1102,30,30,1,1163,0,0,0,1163
04/07/2019,MCO,FL,ASO,ES,Towers with Radar,985,35,28,1,1049,0,0,8,0,8,985,35,36,1,1057,0,0,0,1057
04/08/2019,MCO,FL,ASO,ES,Towers with Radar,944,37,25,2,1008,0,1,5,0,6,944,38,30,2,1014,0,0,0,1014
04/09/2019,MCO,FL,ASO,ES,Towers with Radar,927,48,30,0,1005,0,0,5,0,5,927,48,35,0,1010,0,0,0,1010
04/10/2019,MCO,FL,ASO,ES,Towers with Radar,960,38,44,0,1042,0,0,4,0,4,960,38,48,0,1046,0,0,0,1046
04/11/2019,MCO,FL,ASO,ES,Towers with Radar,969,39,53,0,1061,0,0,12,0,12,969,39,65,0,1073,0,0,0,1073
04/12/2019,MCO,FL,ASO,ES,Towers with Radar,985,49,48,0,1082,0,0,7,0,7,985,49,55,0,1089,0,0,0,1089
04/13/2019,MCO,FL,ASO,ES,Towers with Radar,1026,43,29,0,1098,0,0,11,0,11,1026,43,40,0,1109,0,0,0,1109
04/14/2019,MCO,FL,ASO,ES,Towers with Radar,910,33,49,0,992,0,1,9,0,10,910,34,58,0,1002,0,0,0,1002
04/15/2019,MCO,FL,ASO,ES,Towers with Radar,946,41,34,0,1021,0,1,8,0,9,946,42,42,0,1030,0,0,0,1030
04/16/2019,MCO,FL,ASO,ES,Towers with Radar,964,38,32,0,1034,0,0,5,2,7,964,38,37,2,1041,0,0,0,1041
04/17/2019,MCO,FL,ASO,ES,Towers with Radar,971,40,39,1,1051,0,2,3,2,7,971,42,42,3,1058,0,0,0,1058
04/18/2019,MCO,FL,ASO,ES,Towers with Radar,975,56,39,0,1070,0,2,3,1,6,975,58,42,1,1076,0,0,0,1076
04/19/2019,MCO,FL,ASO,ES,Towers with Radar,792,27,23,0,842,1,1,1,0,3,793,28,24,0,845,0,0,0,845
04/20/2019,MCO,FL,ASO,ES,Towers with Radar,1047,42,32,0,1121,1,1,8,0,10,1048,43,40,0,1131,0,0,0,1131
04/21/2019,MCO,FL,ASO,ES,Towers with Radar,949,39,26,0,1014,1,0,9,0,10,950,39,35,0,1024,0,0,0,1024
04/22/2019,MCO,FL,ASO,ES,Towers with Radar,968,36,59,0,1063,1,3,5,1,10,969,39,64,1,1073,0,0,0,1073
04/23/2019,MCO,FL,ASO,ES,Towers with Radar,927,39,35,0,1001,0,1,8,0,9,927,40,43,0,1010,0,0,0,1010
04/24/2019,MCO,FL,ASO,ES,Towers with Radar,941,40,45,0,1026,0,0,11,0,11,941,40,56,0,1037,0,0,0,1037
04/25/2019,MCO,FL,ASO,ES,Towers with Radar,981,43,57,0,1081,0,0,10,2,12,981,43,67,2,1093,0,0,0,1093
04/26/2019,MCO,FL,ASO,ES,Towers with Radar,953,37,41,0,1031,0,0,8,0,8,953,37,49,0,1039,0,0,0,1039
04/27/2019,MCO,FL,ASO,ES,Towers with Radar,1029,32,24,0,1085,0,0,7,0,7,1029,32,31,0,1092,0,0,0,1092
04/28/2019,MCO,FL,ASO,ES,Towers with Radar,949,42,54,0,1045,0,0,13,0,13,949,42,67,0,1058,0,0,0,1058
04/29/2019,MCO,FL,ASO,ES,Towers with Radar,940,34,40,2,1016,0,0,2,0,2,940,34,42,2,1018,0,0,0,1018
04/30/2019,MCO,FL,ASO,ES,Towers with Radar,934,30,24,0,988,0,0,8,0,8,934,30,32,0,996,0,0,0,996
05/01/2019,MCO,FL,ASO,ES,Towers with Radar,903,36,34,0,973,0,1,9,2,12,903,37,43,2,985,0,0,0,985
05/02/2019,MCO,FL,ASO,ES,Towers with Radar,936,47,49,2,1034,0,0,2,0,2,936,47,51,2,1036,0,0,0,1036
05/03/2019,MCO,FL,ASO,ES,Towers with Radar,946,33,26,0,1005,0,0,5,1,6,946,33,31,1,1011,0,0,0,1011
05/04/2019,MCO,FL,ASO,ES,Towers with Radar,962,22,19,0,1003,0,0,15,0,15,962,22,34,0,1018,0,0,0,1018
05/05/2019,MCO,FL,ASO,ES,Towers with Radar,890,38,41,1,970,0,0,7,0,7,890,38,48,1,977,0,0,0,977
05/06/2019,MCO,FL,ASO,ES,Towers with Radar,974,38,45,0,1057,0,0,12,0,12,974,38,57,0,1069,0,0,0,1069
05/07/2019,MCO,FL,ASO,ES,Towers with Radar,894,45,41,0,980,0,0,5,1,6,894,45,46,1,986,0,0,0,986
05/08/2019,MCO,FL,ASO,ES,Towers with Radar,897,43,42,3,985,0,2,5,0,7,897,45,47,3,992,0,0,0,992
05/09/2019,MCO,FL,ASO,ES,Towers with Radar,939,38,48,0,1025,0,3,6,0,9,939,41,54,0,1034,0,0,0,1034
05/10/2019,MCO,FL,ASO,ES,Towers with Radar,941,45,20,0,1006,0,3,15,1,19,941,48,35,1,1025,0,0,0,1025
05/11/2019,MCO,FL,ASO,ES,Towers with Radar,955,23,14,0,992,1,0,15,1,17,956,23,29,1,1009,0,0,0,1009
05/12/2019,MCO,FL,ASO,ES,Towers with Radar,906,32,26,0,964,0,7,8,0,15,906,39,34,0,979,0,0,0,979
05/13/2019,MCO,FL,ASO,ES,Towers with Radar,837,27,30,0,894,0,0,1,0,1,837,27,31,0,895,0,0,0,895
05/14/2019,MCO,FL,ASO,ES,Towers with Radar,930,40,41,0,1011,0,0,10,0,10,930,40,51,0,1021,0,0,0,1021
05/15/2019,MCO,FL,ASO,ES,Towers with Radar,901,48,42,2,993,0,1,6,2,9,901,49,48,4,1002,0,0,0,1002
05/16/2019,MCO,FL,ASO,ES,Towers with Radar,925,49,40,0,1014,0,0,5,2,7,925,49,45,2,1021,0,0,0,1021
05/17/2019,MCO,FL,ASO,ES,Towers with Radar,944,32,32,6,1014,0,5,4,2,11,944,37,36,8,1025,0,0,0,1025
05/18/2019,MCO,FL,ASO,ES,Towers with Radar,954,29,16,2,1001,0,3,6,3,12,954,32,22,5,1013,0,0,0,1013
05/19/2019,MCO,FL,ASO,ES,Towers with Radar,899,39,29,1,968,0,2,8,3,13,899,41,37,4,981,0,0,0,981
05/20/2019,MCO,FL,ASO,ES,Towers with Radar,934,41,28,0,1003,1,0,10,0,11,935,41,38,0,1014,0,0,0,1014
05/21/2019,MCO,FL,ASO,ES,Towers with Radar,897,39,41,0,977,0,0,11,0,11,897,39,52,0,988,0,0,0,988
05/22/2019,MCO,FL,ASO,ES,Towers with Radar,900,43,27,0,970,0,2,6,0,8,900,45,33,0,978,0,0,0,978
05/23/2019,MCO,FL,ASO,ES,Towers with Radar,917,45,42,0,1004,0,0,4,0,4,917,45,46,0,1008,0,0,0,1008
05/24/2019,MCO,FL,ASO,ES,Towers with Radar,963,41,34,0,1038,0,1,3,0,4,963,42,37,0,1042,0,0,0,1042
05/25/2019,MCO,FL,ASO,ES,Towers with Radar,951,30,27,1,1009,0,2,0,1,3,951,32,27,2,1012,0,0,0,1012
05/26/2019,MCO,FL,ASO,ES,Towers with Radar,850,37,13,0,900,0,0,4,0,4,850,37,17,0,904,0,0,0,904
05/27/2019,MCO,FL,ASO,ES,Towers with Radar,895,34,29,2,960,0,1,5,0,6,895,35,34,2,966,0,0,0,966
05/28/2019,MCO,FL,ASO,ES,Towers with Radar,860,33,27,0,920,0,2,5,0,7,860,35,32,0,927,0,0,0,927
05/29/2019,MCO,FL,ASO,ES,Towers with Radar,878,31,17,0,926,0,3,14,0,17,878,34,31,0,943,0,0,0,943
05/30/2019,MCO,FL,ASO,ES,Towers with Radar,933,35,20,0,988,0,0,3,0,3,933,35,23,0,991,0,0,0,991
05/31/2019,MCO,FL,ASO,ES,Towers with Radar,927,46,36,0,1009,0,0,6,0,6,927,46,42,0,1015,0,0,0,1015
06/01/2019,MCO,FL,ASO,ES,Towers with Radar,967,36,25,0,1028,0,0,7,0,7,967,36,32,0,1035,0,0,0,1035
06/02/2019,MCO,FL,ASO,ES,Towers with Radar,901,38,26,0,965,0,4,9,0,13,901,42,35,0,978,0,0,0,978
06/03/2019,MCO,FL,ASO,ES,Towers with Radar,935,42,29,0,1006,0,0,5,0,5,935,42,34,0,1011,0,0,0,1011
06/04/2019,MCO,FL,ASO,ES,Towers with Radar,890,39,35,0,964,0,0,9,0,9,890,39,44,0,973,0,0,0,973
06/05/2019,MCO,FL,ASO,ES,Towers with Radar,882,31,23,2,938,0,0,2,0,2,882,31,25,2,940,0,0,0,940
06/06/2019,MCO,FL,ASO,ES,Towers with Radar,927,29,20,0,976,0,0,4,0,4,927,29,24,0,980,0,0,0,980
06/07/2019,MCO,FL,ASO,ES,Towers with Radar,932,37,15,0,984,0,1,8,0,9,932,38,23,0,993,0,0,0,993
06/08/2019,MCO,FL,ASO,ES,Towers with Radar,958,24,10,0,992,0,1,6,0,7,958,25,16,0,999,0,0,0,999
06/09/2019,MCO,FL,ASO,ES,Towers with Radar,885,27,26,0,938,0,0,1,0,1,885,27,27,0,939,0,0,0,939
06/10/2019,MCO,FL,ASO,ES,Towers with Radar,927,33,36,0,996,0,0,0,0,0,927,33,36,0,996,0,0,0,996
06/11/2019,MCO,FL,ASO,ES,Towers with Radar,912,31,38,0,981,0,0,6,0,6,912,31,44,0,987,0,0,0,987
06/12/2019,MCO,FL,ASO,ES,Towers with Radar,894,35,38,0,967,0,2,2,0,4,894,37,40,0,971,0,0,0,971
06/13/2019,MCO,FL,ASO,ES,Towers with Radar,895,33,30,0,958,0,0,2,0,2,895,33,32,0,960,0,0,0,960
06/14/2019,MCO,FL,ASO,ES,Towers with Radar,937,43,37,3,1020,0,0,3,0,3,937,43,40,3,1023,0,0,0,1023
06/15/2019,MCO,FL,ASO,ES,Towers with Radar,1010,32,25,3,1070,0,1,5,3,9,1010,33,30,6,1079,0,0,0,1079
06/16/2019,MCO,FL,ASO,ES,Towers with Radar,892,24,27,2,945,0,1,4,0,5,892,25,31,2,950,0,0,0,950
06/17/2019,MCO,FL,ASO,ES,Towers with Radar,912,27,33,3,975,0,0,27,0,27,912,27,60,3,1002,0,0,0,1002
06/18/2019,MCO,FL,ASO,ES,Towers with Radar,884,29,24,7,944,0,0,2,1,3,884,29,26,8,947,0,0,0,947
06/19/2019,MCO,FL,ASO,ES,Towers with Radar,884,34,23,4,945,1,0,2,1,4,885,34,25,5,949,0,0,0,949
06/20/2019,MCO,FL,ASO,ES,Towers with Radar,918,34,28,1,981,0,0,6,0,6,918,34,34,1,987,0,0,0,987
06/21/2019,MCO,FL,ASO,ES,Towers with Radar,945,39,34,1,1019,0,0,9,0,9,945,39,43,1,1028,0,0,0,1028
06/22/2019,MCO,FL,ASO,ES,Towers with Radar,1032,32,16,0,1080,0,0,3,0,3,1032,32,19,0,1083,0,0,0,1083
06/23/2019,MCO,FL,ASO,ES,Towers with Radar,918,31,26,1,976,0,0,7,0,7,918,31,33,1,983,0,0,0,983
06/24/2019,MCO,FL,ASO,ES,Towers with Radar,924,33,37,0,994,0,0,3,0,3,924,33,40,0,997,0,0,0,997
06/25/2019,MCO,FL,ASO,ES,Towers with Radar,879,39,32,2,952,0,0,4,0,4,879,39,36,2,956,0,0,0,956
06/26/2019,MCO,FL,ASO,ES,Towers with Radar,933,37,39,0,1009,2,0,14,0,16,935,37,53,0,1025,0,0,0,1025
06/27/2019,MCO,FL,ASO,ES,Towers with Radar,937,36,19,0,992,2,0,13,0,15,939,36,32,0,1007,0,0,0,1007
06/28/2019,MCO,FL,ASO,ES,Towers with Radar,953,37,38,0,1028,0,0,12,1,13,953,37,50,1,1041,0,0,0,1041
06/29/2019,MCO,FL,ASO,ES,Towers with Radar,1002,24,28,0,1054,0,0,4,1,5,1002,24,32,1,1059,0,0,0,1059
06/30/2019,MCO,FL,ASO,ES,Towers with Radar,915,32,20,0,967,0,1,3,0,4,915,33,23,0,971,0,0,0,971
07/01/2019,MCO,FL,ASO,ES,Towers with Radar,977,51,18,0,1046,0,1,11,0,12,977,52,29,0,1058,0,0,0,1058
07/02/2019,MCO,FL,ASO,ES,Towers with Radar,901,37,21,2,961,0,1,5,3,9,901,38,26,5,970,0,0,0,970
07/03/2019,MCO,FL,ASO,ES,Towers with Radar,910,30,22,0,962,0,0,16,0,16,910,30,38,0,978,0,0,0,978
07/04/2019,MCO,FL,ASO,ES,Towers with Radar,827,27,7,0,861,0,0,0,0,0,827,27,7,0,861,0,0,0,861
07/05/2019,MCO,FL,ASO,ES,Towers with Radar,869,27,12,0,908,1,0,9,0,10,870,27,21,0,918,0,0,0,918
07/06/2019,MCO,FL,ASO,ES,Towers with Radar,929,25,11,1,966,0,1,4,0,5,929,26,15,1,971,0,0,0,971
07/07/2019,MCO,FL,ASO,ES,Towers with Radar,976,28,21,0,1025,0,0,2,0,2,976,28,23,0,1027,0,0,0,1027
07/08/2019,MCO,FL,ASO,ES,Towers with Radar,968,34,34,0,1036,0,0,11,0,11,968,34,45,0,1047,0,0,0,1047
07/09/2019,MCO,FL,ASO,ES,Towers with Radar,932,32,22,0,986,1,1,3,0,5,933,33,25,0,991,0,0,0,991
07/10/2019,MCO,FL,ASO,ES,Towers with Radar,930,41,45,2,1018,0,0,6,0,6,930,41,51,2,1024,0,0,0,1024
07/11/2019,MCO,FL,ASO,ES,Towers with Radar,904,38,30,0,972,0,0,2,0,2,904,38,32,0,974,0,0,0,974
07/12/2019,MCO,FL,ASO,ES,Towers with Radar,977,29,22,0,1028,1,2,5,0,8,978,31,27,0,1036,0,0,0,1036
07/13/2019,MCO,FL,ASO,ES,Towers with Radar,1038,32,19,0,1089,0,0,5,0,5,1038,32,24,0,1094,0,0,0,1094
07/14/2019,MCO,FL,ASO,ES,Towers with Radar,948,34,39,0,1021,1,0,2,0,3,949,34,41,0,1024,0,0,0,1024
07/15/2019,MCO,FL,ASO,ES,Towers with Radar,941,38,22,2,1003,0,2,5,0,7,941,40,27,2,1010,0,0,0,1010
07/16/2019,MCO,FL,ASO,ES,Towers with Radar,931,37,33,1,1002,0,0,1,0,1,931,37,34,1,1003,0,0,0,1003
07/17/2019,MCO,FL,ASO,ES,Towers with Radar,904,32,31,1,968,0,0,5,2,7,904,32,36,3,975,0,0,0,975
07/18/2019,MCO,FL,ASO,ES,Towers with Radar,933,39,35,0,1007,0,0,6,0,6,933,39,41,0,1013,0,0,0,1013
07/19/2019,MCO,FL,ASO,ES,Towers with Radar,995,40,29,1,1065,0,2,4,2,8,995,42,33,3,1073,0,0,0,1073
07/20/2019,MCO,FL,ASO,ES,Towers with Radar,1044,29,20,1,1094,0,0,0,0,0,1044,29,20,1,1094,0,0,0,1094
07/21/2019,MCO,FL,ASO,ES,Towers with Radar,954,37,27,1,1019,0,1,4,0,5,954,38,31,1,1024,0,0,0,1024
07/22/2019,MCO,FL,ASO,ES,Towers with Radar,920,36,24,1,981,0,0,5,0,5,920,36,29,1,986,0,0,0,986
07/23/2019,MCO,FL,ASO,ES,Towers with Radar,901,33,13,0,947,0,0,2,0,2,901,33,15,0,949,0,0,0,949
07/24/2019,MCO,FL,ASO,ES,Towers with Radar,945,39,29,0,1013,2,1,4,0,7,947,40,33,0,1020,0,0,0,1020
07/25/2019,MCO,FL,ASO,ES,Towers with Radar,988,44,33,0,1065,2,0,3,0,5,990,44,36,0,1070,0,0,0,1070
07/26/2019,MCO,FL,ASO,ES,Towers with Radar,972,35,32,0,1039,0,0,2,0,2,972,35,34,0,1041,0,0,0,1041
07/27/2019,MCO,FL,ASO,ES,Towers with Radar,1046,29,19,0,1094,1,0,1,0,2,1047,29,20,0,1096,0,0,0,1096
07/28/2019,MCO,FL,ASO,ES,Towers with Radar,942,34,23,0,999,0,0,1,0,1,942,34,24,0,1000,0,0,0,1000
07/29/2019,MCO,FL,ASO,ES,Towers with Radar,945,41,33,0,1019,0,0,1,0,1,945,41,34,0,1020,0,0,0,1020
07/30/2019,MCO,FL,ASO,ES,Towers with Radar,919,41,36,0,996,0,0,14,0,14,919,41,50,0,1010,0,0,0,1010
07/31/2019,MCO,FL,ASO,ES,Towers with Radar,907,35,34,0,976,1,0,4,0,5,908,35,38,0,981,0,0,0,981
08/01/2019,MCO,FL,ASO,ES,Towers with Radar,936,34,35,2,1007,1,1,9,0,11,937,35,44,2,1018,0,0,0,1018
08/02/2019,MCO,FL,ASO,ES,Towers with Radar,970,35,27,0,1032,0,0,4,0,4,970,35,31,0,1036,0,0,0,1036
08/03/2019,MCO,FL,ASO,ES,Towers with Radar,1039,26,24,0,1089,0,0,2,1,3,1039,26,26,1,1092,0,0,0,1092
08/04/2019,MCO,FL,ASO,ES,Towers with Radar,959,27,26,0,1012,1,0,6,0,7,960,27,32,0,1019,0,0,0,1019
08/05/2019,MCO,FL,ASO,ES,Towers with Radar,945,32,20,0,997,0,0,10,0,10,945,32,30,0,1007,0,0,0,1007
08/06/2019,MCO,FL,ASO,ES,Towers with Radar,879,40,29,0,948,0,0,4,0,4,879,40,33,0,952,0,0,0,952
08/07/2019,MCO,FL,ASO,ES,Towers with Radar,823,43,25,0,891,1,4,9,0,14,824,47,34,0,905,0,0,0,905
08/08/2019,MCO,FL,ASO,ES,Towers with Radar,922,44,28,0,994,1,0,7,0,8,923,44,35,0,1002,0,0,0,1002
08/09/2019,MCO,FL,ASO,ES,Towers with Radar,940,38,17,0,995,1,0,5,0,6,941,38,22,0,1001,0,0,0,1001
08/10/2019,MCO,FL,ASO,ES,Towers with Radar,933,29,19,0,981,1,0,2,0,3,934,29,21,0,984,0,0,0,984
08/11/2019,MCO,FL,ASO,ES,Towers with Radar,894,38,25,0,957,0,1,0,0,1,894,39,25,0,958,0,0,0,958
08/12/2019,MCO,FL,ASO,ES,Towers with Radar,887,31,31,0,949,0,0,1,0,1,887,31,32,0,950,0,0,0,950
08/13/2019,MCO,FL,ASO,ES,Towers with Radar,856,30,23,0,909,0,0,6,0,6,856,30,29,0,915,0,0,0,915
08/14/2019,MCO,FL,ASO,ES,Towers with Radar,823,31,17,0,871,1,1,3,1,6,824,32,20,1,877,0,0,0,877
08/15/2019,MCO,FL,ASO,ES,Towers with Radar,893,40,23,0,956,0,0,2,0,2,893,40,25,0,958,0,0,0,958
08/16/2019,MCO,FL,ASO,ES,Towers with Radar,923,37,25,0,985,0,0,4,0,4,923,37,29,0,989,0,0,0,989
08/17/2019,MCO,FL,ASO,ES,Towers with Radar,900,23,13,0,936,2,0,12,0,14,902,23,25,0,950,0,0,0,950
08/18/2019,MCO,FL,ASO,ES,Towers with Radar,864,31,30,2,927,0,1,3,1,5,864,32,33,3,932,0,0,0,932
08/19/2019,MCO,FL,ASO,ES,Towers with Radar,859,27,34,0,920,1,0,9,0,10,860,27,43,0,930,0,0,0,930
08/20/2019,MCO,FL,ASO,ES,Towers with Radar,819,31,32,0,882,1,0,7,1,9,820,31,39,1,891,0,0,0,891
08/21/2019,MCO,FL,ASO,ES,Towers with Radar,837,33,31,0,901,1,0,9,0,10,838,33,40,0,911,0,0,0,911
08/22/2019,MCO,FL,ASO,ES,Towers with Radar,887,36,33,0,956,0,0,4,0,4,887,36,37,0,960,0,0,0,960
08/23/2019,MCO,FL,ASO,ES,Towers with Radar,908,39,31,2,980,0,1,6,0,7,908,40,37,2,987,0,0,0,987
08/24/2019,MCO,FL,ASO,ES,Towers with Radar,906,30,16,1,953,0,0,6,0,6,906,30,22,1,959,0,0,0,959
08/25/2019,MCO,FL,ASO,ES,Towers with Radar,878,36,33,2,949,0,1,6,2,9,878,37,39,4,958,0,0,0,958
08/26/2019,MCO,FL,ASO,ES,Towers with Radar,859,28,23,0,910,0,0,1,1,2,859,28,24,1,912,0,0,0,912
08/27/2019,MCO,FL,ASO,ES,Towers with Radar,827,24,26,0,877,0,1,6,1,8,827,25,32,1,885,0,0,0,885
08/28/2019,MCO,FL,ASO,ES,Towers with Radar,845,24,21,0,890,0,0,8,0,8,845,24,29,0,898,0,0,0,898
08/29/2019,MCO,FL,ASO,ES,Towers with Radar,876,32,21,0,929,0,1,6,0,7,876,33,27,0,936,0,0,0,936
08/30/2019,MCO,FL,ASO,ES,Towers with Radar,903,29,25,0,957,0,1,6,1,8,903,30,31,1,965,0,0,0,965
08/31/2019,MCO,FL,ASO,ES,Towers with Radar,850,24,27,0,901,0,1,4,0,5,850,25,31,0,906,0,0,0,906
09/01/2019,MCO,FL,ASO,ES,Towers with Radar,676,4,12,0,692,0,1,2,0,3,676,5,14,0,695,0,0,0,695
09/02/2019,MCO,FL,ASO,ES,Towers with Radar,564,4,9,0,577,0,0,1,0,1,564,4,10,0,578,0,0,0,578
09/03/2019,MCO,FL,ASO,ES,Towers with Radar,17,0,0,0,17,0,0,0,0,0,17,0,0,0,17,0,0,0,17
09/04/2019,MCO,FL,ASO,ES,Towers with Radar,322,12,12,0,346,0,0,2,0,2,322,12,14,0,348,0,0,0,348
09/05/2019,MCO,FL,ASO,ES,Towers with Radar,825,31,25,0,881,0,0,7,0,7,825,31,32,0,888,0,0,0,888
09/06/2019,MCO,FL,ASO,ES,Towers with Radar,810,29,35,1,875,0,1,9,6,16,810,30,44,7,891,0,0,0,891
09/07/2019,MCO,FL,ASO,ES,Towers with Radar,856,19,17,0,892,0,1,8,1,10,856,20,25,1,902,0,0,0,902
09/08/2019,MCO,FL,ASO,ES,Towers with Radar,828,22,22,0,872,0,1,10,7,18,828,23,32,7,890,0,0,0,890
09/09/2019,MCO,FL,ASO,ES,Towers with Radar,834,26,9,0,869,0,2,11,0,13,834,28,20,0,882,0,0,0,882
09/10/2019,MCO,FL,ASO,ES,Towers with Radar,743,35,22,0,800,0,1,10,3,14,743,36,32,3,814,0,0,0,814
09/11/2019,MCO,FL,ASO,ES,Towers with Radar,746,32,24,2,804,0,1,11,0,12,746,33,35,2,816,0,0,0,816
09/12/2019,MCO,FL,ASO,ES,Towers with Radar,802,38,43,0,883,0,0,8,4,12,802,38,51,4,895,0,0,0,895
09/13/2019,MCO,FL,ASO,ES,Towers with Radar,824,29,33,0,886,0,0,13,0,13,824,29,46,0,899,0,0,0,899
09/14/2019,MCO,FL,ASO,ES,Towers with Radar,860,17,21,0,898,0,0,4,0,4,860,17,25,0,902,0,0,0,902
09/15/2019,MCO,FL,ASO,ES,Towers with Radar,836,22,22,0,880,1,1,7,0,9,837,23,29,0,889,0,0,0,889
09/16/2019,MCO,FL,ASO,ES,Towers with Radar,825,40,30,0,895,0,0,2,1,3,825,40,32,1,898,0,0,0,898
09/17/2019,MCO,FL,ASO,ES,Towers with Radar,748,39,37,0,824,0,0,10,1,11,748,39,47,1,835,0,0,0,835
09/18/2019,MCO,FL,ASO,ES,Towers with Radar,774,30,23,2,829,0,0,7,1,8,774,30,30,3,837,0,0,0,837
09/19/2019,MCO,FL,ASO,ES,Towers with Radar,792,29,45,5,871,0,0,1,0,1,792,29,46,5,872,0,0,0,872
09/20/2019,MCO,FL,ASO,ES,Towers with Radar,822,29,39,0,890,0,0,7,0,7,822,29,46,0,897,0,0,0,897
09/21/2019,MCO,FL,ASO,ES,Towers with Radar,843,21,20,0,884,0,0,7,8,15,843,21,27,8,899,0,0,0,899
09/22/2019,MCO,FL,ASO,ES,Towers with Radar,827,29,29,0,885,1,0,1,0,2,828,29,30,0,887,0,0,0,887
09/23/2019,MCO,FL,ASO,ES,Towers with Radar,810,27,22,0,859,0,2,7,0,9,810,29,29,0,868,0,0,0,868
09/24/2019,MCO,FL,ASO,ES,Towers with Radar,740,38,18,1,797,0,0,5,0,5,740,38,23,1,802,0,0,0,802
09/25/2019,MCO,FL,ASO,ES,Towers with Radar,746,42,29,0,817,0,0,3,0,3,746,42,32,0,820,0,0,0,820
09/26/2019,MCO,FL,ASO,ES,Towers with Radar,801,42,26,1,870,0,0,8,0,8,801,42,34,1,878,0,0,0,878
09/27/2019,MCO,FL,ASO,ES,Towers with Radar,824,33,31,0,888,0,0,8,0,8,824,33,39,0,896,0,0,0,896
09/28/2019,MCO,FL,ASO,ES,Towers with Radar,842,24,22,0,888,0,0,3,0,3,842,24,25,0,891,0,0,0,891
09/29/2019,MCO,FL,ASO,ES,Towers with Radar,829,27,31,0,887,0,1,14,0,15,829,28,45,0,902,0,0,0,902
09/30/2019,MCO,FL,ASO,ES,Towers with Radar,814,49,42,0,905,0,0,3,0,3,814,49,45,0,908,0,0,0,908
10/01/2019,MCO,FL,ASO,ES,Towers with Radar,770,40,36,0,846,0,2,11,0,13,770,42,47,0,859,0,0,0,859
10/02/2019,MCO,FL,ASO,ES,Towers with Radar,797,40,60,1,898,1,3,8,0,12,798,43,68,1,910,0,0,0,910
10/03/2019,MCO,FL,ASO,ES,Towers with Radar,854,41,44,1,940,0,5,23,2,30,854,46,67,3,970,0,0,0,970
10/04/2019,MCO,FL,ASO,ES,Towers with Radar,873,38,46,1,958,0,1,32,2,35,873,39,78,3,993,0,0,0,993
10/05/2019,MCO,FL,ASO,ES,Towers with Radar,939,27,15,0,981,0,0,5,1,6,939,27,20,1,987,0,0,0,987
10/06/2019,MCO,FL,ASO,ES,Towers with Radar,879,23,39,1,942,0,0,40,0,40,879,23,79,1,982,0,0,0,982
10/07/2019,MCO,FL,ASO,ES,Towers with Radar,877,36,20,0,933,0,0,4,0,4,877,36,24,0,937,0,0,0,937
10/08/2019,MCO,FL,ASO,ES,Towers with Radar,845,34,28,0,907,0,0,4,2,6,845,34,32,2,913,0,0,0,913
10/09/2019,MCO,FL,ASO,ES,Towers with Radar,819,39,26,0,884,0,0,3,0,3,819,39,29,0,887,0,0,0,887
10/10/2019,MCO,FL,ASO,ES,Towers with Radar,877,36,43,0,956,0,0,4,0,4,877,36,47,0,960,0,0,0,960
10/11/2019,MCO,FL,ASO,ES,Towers with Radar,896,34,41,0,971,0,0,4,0,4,896,34,45,0,975,0,0,0,975
10/12/2019,MCO,FL,ASO,ES,Towers with Radar,950,29,30,0,1009,1,0,5,0,6,951,29,35,0,1015,0,0,0,1015
10/13/2019,MCO,FL,ASO,ES,Towers with Radar,888,38,40,0,966,0,1,10,0,11,888,39,50,0,977,0,0,0,977
10/14/2019,MCO,FL,ASO,ES,Towers with Radar,886,48,37,0,971,0,0,8,0,8,886,48,45,0,979,0,0,0,979
10/15/2019,MCO,FL,ASO,ES,Towers with Radar,838,36,39,0,913,0,2,6,0,8,838,38,45,0,921,0,0,0,921
10/16/2019,MCO,FL,ASO,ES,Towers with Radar,831,34,36,0,901,0,0,0,0,0,831,34,36,0,901,0,0,0,901
10/17/2019,MCO,FL,ASO,ES,Towers with Radar,877,37,28,0,942,0,2,8,0,10,877,39,36,0,952,0,0,0,952
10/18/2019,MCO,FL,ASO,ES,Towers with Radar,900,40,50,0,990,0,0,5,0,5,900,40,55,0,995,0,0,0,995
10/19/2019,MCO,FL,ASO,ES,Towers with Radar,947,29,14,0,990,0,0,1,0,1,947,29,15,0,991,0,0,0,991
10/20/2019,MCO,FL,ASO,ES,Towers with Radar,883,24,31,0,938,0,0,4,0,4,883,24,35,0,942,0,0,0,942
10/21/2019,MCO,FL,ASO,ES,Towers with Radar,900,43,31,3,977,0,2,5,0,7,900,45,36,3,984,0,0,0,984
10/22/2019,MCO,FL,ASO,ES,Towers with Radar,839,42,43,1,925,0,4,9,1,14,839,46,52,2,939,0,0,0,939
10/23/2019,MCO,FL,ASO,ES,Towers with Radar,833,38,35,24,930,1,1,9,0,11,834,39,44,24,941,0,0,0,941
10/24/2019,MCO,FL,ASO,ES,Towers with Radar,887,49,34,3,973,0,0,4,0,4,887,49,38,3,977,0,0,0,977
10/25/2019,MCO,FL,ASO,ES,Towers with Radar,900,40,29,6,975,0,0,4,0,4,900,40,33,6,979,0,0,0,979
10/26/2019,MCO,FL,ASO,ES,Towers with Radar,933,26,19,21,999,0,0,0,0,0,933,26,19,21,999,0,0,0,999
10/27/2019,MCO,FL,ASO,ES,Towers with Radar,871,28,39,2,940,0,0,7,0,7,871,28,46,2,947,0,0,0,947
10/28/2019,MCO,FL,ASO,ES,Towers with Radar,857,38,33,0,928,0,0,3,1,4,857,38,36,1,932,0,0,0,932
10/29/2019,MCO,FL,ASO,ES,Towers with Radar,831,38,39,0,908,0,1,8,0,9,831,39,47,0,917,0,0,0,917
10/30/2019,MCO,FL,ASO,ES,Towers with Radar,818,49,32,2,901,0,1,7,2,10,818,50,39,4,911,0,0,0,911
10/31/2019,MCO,FL,ASO,ES,Towers with Radar,808,40,24,0,872,0,1,11,0,12,808,41,35,0,884,0,0,0,884
11/01/2019,MCO,FL,ASO,ES,Towers with Radar,872,48,29,0,949,0,1,3,0,4,872,49,32,0,953,0,0,0,953
11/02/2019,MCO,FL,ASO,ES,Towers with Radar,954,29,21,0,1004,0,0,6,1,7,954,29,27,1,1011,0,0,0,1011
11/03/2019,MCO,FL,ASO,ES,Towers with Radar,907,34,46,0,987,1,0,7,0,8,908,34,53,0,995,0,0,0,995
11/04/2019,MCO,FL,ASO,ES,Towers with Radar,936,45,33,0,1014,0,0,5,0,5,936,45,38,0,1019,0,0,0,1019
11/05/2019,MCO,FL,ASO,ES,Towers with Radar,883,26,23,0,932,0,0,7,0,7,883,26,30,0,939,0,0,0,939
11/06/2019,MCO,FL,ASO,ES,Towers with Radar,890,42,53,0,985,0,2,8,0,10,890,44,61,0,995,0,0,0,995
11/07/2019,MCO,FL,ASO,ES,Towers with Radar,940,47,39,0,1026,0,0,40,0,40,940,47,79,0,1066,0,0,0,1066
11/08/2019,MCO,FL,ASO,ES,Towers with Radar,949,40,40,1,1030,0,2,4,0,6,949,42,44,1,1036,0,0,0,1036
11/09/2019,MCO,FL,ASO,ES,Towers with Radar,993,31,20,0,1044,0,0,0,0,0,993,31,20,0,1044,0,0,0,1044
11/10/2019,MCO,FL,ASO,ES,Towers with Radar,922,36,47,0,1005,0,0,5,0,5,922,36,52,0,1010,0,0,0,1010
11/11/2019,MCO,FL,ASO,ES,Towers with Radar,894,43,47,1,985,0,0,7,0,7,894,43,54,1,992,0,0,0,992
11/12/2019,MCO,FL,ASO,ES,Towers with Radar,884,56,35,0,975,0,1,8,0,9,884,57,43,0,984,0,0,0,984
11/13/2019,MCO,FL,ASO,ES,Towers with Radar,907,51,55,0,1013,0,0,4,3,7,907,51,59,3,1020,0,0,0,1020
11/14/2019,MCO,FL,ASO,ES,Towers with Radar,955,42,48,0,1045,0,3,5,0,8,955,45,53,0,1053,0,0,0,1053
11/15/2019,MCO,FL,ASO,ES,Towers with Radar,968,40,30,0,1038,0,1,3,0,4,968,41,33,0,1042,0,0,0,1042
11/16/2019,MCO,FL,ASO,ES,Towers with Radar,1015,31,22,1,1069,0,0,3,2,5,1015,31,25,3,1074,0,0,0,1074
11/17/2019,MCO,FL,ASO,ES,Towers with Radar,949,38,35,0,1022,0,0,1,2,3,949,38,36,2,1025,0,0,0,1025
11/18/2019,MCO,FL,ASO,ES,Towers with Radar,954,44,33,1,1032,0,0,6,0,6,954,44,39,1,1038,0,0,0,1038
11/19/2019,MCO,FL,ASO,ES,Towers with Radar,935,39,36,0,1010,0,2,8,0,10,935,41,44,0,1020,0,0,0,1020
11/20/2019,MCO,FL,ASO,ES,Towers with Radar,940,38,40,0,1018,0,2,6,0,8,940,40,46,0,1026,0,0,0,1026
11/21/2019,MCO,FL,ASO,ES,Towers with Radar,959,41,40,0,1040,0,0,11,0,11,959,41,51,0,1051,0,0,0,1051
11/22/2019,MCO,FL,ASO,ES,Towers with Radar,990,34,39,0,1063,0,0,4,1,5,990,34,43,1,1068,0,0,0,1068
11/23/2019,MCO,FL,ASO,ES,Towers with Radar,1052,29,32,0,1113,0,1,4,0,5,1052,30,36,0,1118,0,0,0,1118
11/24/2019,MCO,FL,ASO,ES,Towers with Radar,936,31,29,0,996,0,0,4,0,4,936,31,33,0,1000,0,0,0,1000
11/25/2019,MCO,FL,ASO,ES,Towers with Radar,929,38,32,0,999,0,0,6,0,6,929,38,38,0,1005,0,0,0,1005
11/26/2019,MCO,FL,ASO,ES,Towers with Radar,949,40,21,0,1010,0,3,4,0,7,949,43,25,0,1017,0,0,0,1017
11/27/2019,MCO,FL,ASO,ES,Towers with Radar,972,42,23,2,1039,0,0,14,0,14,972,42,37,2,1053,0,0,0,1053
11/28/2019,MCO,FL,ASO,ES,Towers with Radar,749,28,12,0,789,0,1,4,0,5,749,29,16,0,794,0,0,0,794
11/29/2019,MCO,FL,ASO,ES,Towers with Radar,859,37,10,0,906,0,1,14,4,19,859,38,24,4,925,0,0,0,925
11/30/2019,MCO,FL,ASO,ES,Towers with Radar,1055,25,39,1,1120,0,0,8,2,10,1055,25,47,3,1130,0,0,0,1130
12/01/2019,MCO,FL,ASO,ES,Towers with Radar,954,31,45,0,1030,0,0,4,0,4,954,31,49,0,1034,0,0,0,1034
12/02/2019,MCO,FL,ASO,ES,Towers with Radar,977,43,35,1,1056,0,3,6,3,12,977,46,41,4,1068,0,0,0,1068
12/03/2019,MCO,FL,ASO,ES,Towers with Radar,936,39,35,2,1012,0,2,16,1,19,936,41,51,3,1031,0,0,0,1031
12/04/2019,MCO,FL,ASO,ES,Towers with Radar,944,47,54,0,1045,0,0,6,0,6,944,47,60,0,1051,0,0,0,1051
12/05/2019,MCO,FL,ASO,ES,Towers with Radar,988,41,40,0,1069,0,0,17,0,17,988,41,57,0,1086,0,0,0,1086
12/06/2019,MCO,FL,ASO,ES,Towers with Radar,989,42,38,0,1069,0,0,6,0,6,989,42,44,0,1075,0,0,0,1075
12/07/2019,MCO,FL,ASO,ES,Towers with Radar,1022,25,27,11,1085,0,0,5,0,5,1022,25,32,11,1090,0,0,0,1090
12/08/2019,MCO,FL,ASO,ES,Towers with Radar,937,46,43,2,1028,0,0,12,0,12,937,46,55,2,1040,0,0,0,1040
12/09/2019,MCO,FL,ASO,ES,Towers with Radar,928,52,43,0,1023,0,1,5,0,6,928,53,48,0,1029,0,0,0,1029
12/10/2019,MCO,FL,ASO,ES,Towers with Radar,912,44,18,0,974,1,0,1,0,2,913,44,19,0,976,0,0,0,976
12/11/2019,MCO,FL,ASO,ES,Towers with Radar,947,52,23,10,1032,0,0,2,0,2,947,52,25,10,1034,0,0,0,1034
12/12/2019,MCO,FL,ASO,ES,Towers with Radar,985,46,33,1,1065,0,0,0,0,0,985,46,33,1,1065,0,0,0,1065
12/13/2019,MCO,FL,ASO,ES,Towers with Radar,996,45,25,0,1066,0,0,8,4,12,996,45,33,4,1078,0,0,0,1078
12/14/2019,MCO,FL,ASO,ES,Towers with Radar,1026,22,22,0,1070,0,4,13,3,20,1026,26,35,3,1090,0,0,0,1090
12/15/2019,MCO,FL,ASO,ES,Towers with Radar,946,32,31,0,1009,0,0,11,0,11,946,32,42,0,1020,0,0,0,1020
12/16/2019,MCO,FL,ASO,ES,Towers with Radar,960,40,41,0,1041,0,0,10,3,13,960,40,51,3,1054,0,0,0,1054
12/17/2019,MCO,FL,ASO,ES,Towers with Radar,886,30,39,1,956,0,0,5,0,5,886,30,44,1,961,0,0,0,961
12/18/2019,MCO,FL,ASO,ES,Towers with Radar,1013,46,27,1,1087,0,0,6,0,6,1013,46,33,1,1093,0,0,0,1093
12/19/2019,MCO,FL,ASO,ES,Towers with Radar,1046,39,27,0,1112,0,0,8,0,8,1046,39,35,0,1120,0,0,0,1120
12/20/2019,MCO,FL,ASO,ES,Towers with Radar,1084,44,38,0,1166,0,0,11,1,12,1084,44,49,1,1178,0,0,0,1178
12/21/2019,MCO,FL,ASO,ES,Towers with Radar,1167,39,44,0,1250,0,0,3,1,4,1167,39,47,1,1254,0,0,0,1254
12/22/2019,MCO,FL,ASO,ES,Towers with Radar,1073,31,19,1,1124,0,0,2,0,2,1073,31,21,1,1126,0,0,0,1126
12/23/2019,MCO,FL,ASO,ES,Towers with Radar,1100,29,27,0,1156,0,0,0,0,0,1100,29,27,0,1156,0,0,0,1156
12/24/2019,MCO,FL,ASO,ES,Towers with Radar,969,38,18,0,1025,0,1,2,0,3,969,39,20,0,1028,0,0,0,1028
12/25/2019,MCO,FL,ASO,ES,Towers with Radar,886,25,9,0,920,0,0,5,0,5,886,25,14,0,925,0,0,0,925
12/26/2019,MCO,FL,ASO,ES,Towers with Radar,1069,53,54,2,1178,0,0,3,0,3,1069,53,57,2,1181,0,0,0,1181
12/27/2019,MCO,FL,ASO,ES,Towers with Radar,1101,54,43,0,1198,0,0,3,0,3,1101,54,46,0,1201,0,0,0,1201
12/28/2019,MCO,FL,ASO,ES,Towers with Radar,1137,37,46,0,1220,0,0,5,0,5,1137,37,51,0,1225,0,0,0,1225
12/29/2019,MCO,FL,ASO,ES,Towers with Radar,1069,34,44,0,1147,0,2,2,1,5,1069,36,46,1,1152,0,0,0,1152
12/30/2019,MCO,FL,ASO,ES,Towers with Radar,1051,39,33,2,1125,0,0,1,0,1,1051,39,34,2,1126,0,0,0,1126
12/31/2019,MCO,FL,ASO,ES,Towers with Radar,974,39,28,0,1041,0,0,6,3,9,974,39,34,3,1050,0,0,0,1050
01/01/2020,MCO,FL,ASO,ES,Towers with Radar,928,32,30,1,991,0,0,9,3,12,928,32,39,4,1003,0,0,0,1003
01/02/2020,MCO,FL,ASO,ES,Towers with Radar,1034,46,30,1,1111,0,0,8,2,10,1034,46,38,3,1121,0,0,0,1121
01/03/2020,MCO,FL,ASO,ES,Towers with Radar,1049,52,45,3,1149,0,0,6,3,9,1049,52,51,6,1158,0,0,0,1158
01/04/2020,MCO,FL,ASO,ES,Towers with Radar,1072,45,57,0,1174,2,0,4,0,6,1074,45,61,0,1180,0,0,0,1180
01/05/2020,MCO,FL,ASO,ES,Towers with Radar,1031,33,37,3,1104,0,0,5,2,7,1031,33,42,5,1111,0,0,0,1111
01/06/2020,MCO,FL,ASO,ES,Towers with Radar,990,44,46,0,1080,0,0,6,0,6,990,44,52,0,1086,0,0,0,1086
01/07/2020,MCO,FL,ASO,ES,Towers with Radar,932,40,34,1,1007,0,0,8,0,8,932,40,42,1,1015,0,0,0,1015
01/08/2020,MCO,FL,ASO,ES,Towers with Radar,927,45,34,3,1009,0,1,2,0,3,927,46,36,3,1012,0,0,0,1012
01/09/2020,MCO,FL,ASO,ES,Towers with Radar,973,45,35,2,1055,0,0,5,0,5,973,45,40,2,1060,0,0,0,1060
01/10/2020,MCO,FL,ASO,ES,Towers with Radar,964,36,28,4,1032,0,0,10,9,19,964,36,38,13,1051,0,0,0,1051
01/11/2020,MCO,FL,ASO,ES,Towers with Radar,989,26,29,0,1044,0,0,3,0,3,989,26,32,0,1047,0,0,0,1047
01/12/2020,MCO,FL,ASO,ES,Towers with Radar,986,45,34,5,1070,0,2,4,11,17,986,47,38,16,1087,0,0,0,1087
01/13/2020,MCO,FL,ASO,ES,Towers with Radar,945,40,26,0,1011,0,0,3,0,3,945,40,29,0,1014,0,0,0,1014
01/14/2020,MCO,FL,ASO,ES,Towers with Radar,899,55,31,0,985,0,0,4,0,4,899,55,35,0,989,0,0,0,989
01/15/2020,MCO,FL,ASO,ES,Towers with Radar,919,54,47,0,1020,0,0,8,0,8,919,54,55,0,1028,0,0,0,1028
01/16/2020,MCO,FL,ASO,ES,Towers with Radar,953,47,47,4,1051,0,0,8,0,8,953,47,55,4,1059,0,0,0,1059
01/17/2020,MCO,FL,ASO,ES,Towers with Radar,966,46,34,0,1046,0,0,2,0,2,966,46,36,0,1048,0,0,0,1048
01/18/2020,MCO,FL,ASO,ES,Towers with Radar,992,26,20,0,1038,0,2,3,0,5,992,28,23,0,1043,0,0,0,1043
01/19/2020,MCO,FL,ASO,ES,Towers with Radar,979,42,27,0,1048,0,2,5,0,7,979,44,32,0,1055,0,0,0,1055
01/20/2020,MCO,FL,ASO,ES,Towers with Radar,953,39,54,0,1046,0,0,9,1,10,953,39,63,1,1056,0,0,0,1056
01/21/2020,MCO,FL,ASO,ES,Towers with Radar,902,61,44,0,1007,0,0,16,0,16,902,61,60,0,1023,0,0,0,1023
01/22/2020,MCO,FL,ASO,ES,Towers with Radar,911,36,45,0,992,0,0,1,1,2,911,36,46,1,994,0,0,0,994
01/23/2020,MCO,FL,ASO,ES,Towers with Radar,966,45,67,0,1078,0,2,1,3,6,966,47,68,3,1084,0,0,0,1084
01/24/2020,MCO,FL,ASO,ES,Towers with Radar,975,43,36,0,1054,0,5,5,0,10,975,48,41,0,1064,0,0,0,1064
01/25/2020,MCO,FL,ASO,ES,Towers with Radar,1032,22,16,2,1072,0,2,6,0,8,1032,24,22,2,1080,0,0,0,1080
01/26/2020,MCO,FL,ASO,ES,Towers with Radar,996,35,47,1,1079,0,2,7,1,10,996,37,54,2,1089,0,0,0,1089
01/27/2020,MCO,FL,ASO,ES,Towers with Radar,938,38,45,2,1023,0,2,0,0,2,938,40,45,2,1025,0,0,0,1025
01/28/2020,MCO,FL,ASO,ES,Towers with Radar,915,35,47,0,997,0,0,2,0,2,915,35,49,0,999,0,0,0,999
01/29/2020,MCO,FL,ASO,ES,Towers with Radar,913,42,38,0,993,0,0,4,0,4,913,42,42,0,997,0,0,0,997
01/30/2020,MCO,FL,ASO,ES,Towers with Radar,959,49,38,0,1046,0,0,3,0,3,959,49,41,0,1049,0,0,0,1049
01/31/2020,MCO,FL,ASO,ES,Towers with Radar,996,51,47,0,1094,0,0,1,0,1,996,51,48,0,1095,0,0,0,1095
02/01/2020,MCO,FL,ASO,ES,Towers with Radar,1042,44,22,0,1108,0,0,0,0,0,1042,44,22,0,1108,0,0,0,1108
02/02/2020,MCO,FL,ASO,ES,Towers with Radar,979,43,43,0,1065,0,1,6,2,9,979,44,49,2,1074,0,0,0,1074
02/03/2020,MCO,FL,ASO,ES,Towers with Radar,948,38,61,0,1047,0,2,5,2,9,948,40,66,2,1056,0,0,0,1056
02/04/2020,MCO,FL,ASO,ES,Towers with Radar,905,47,47,0,999,1,0,6,0,7,906,47,53,0,1006,0,0,0,1006
02/05/2020,MCO,FL,ASO,ES,Towers with Radar,922,45,41,2,1010,0,2,3,2,7,922,47,44,4,1017,0,0,0,1017
02/06/2020,MCO,FL,ASO,ES,Towers with Radar,924,36,53,0,1013,1,3,1,0,5,925,39,54,0,1018,0,0,0,1018
02/07/2020,MCO,FL,ASO,ES,Towers with Radar,1009,38,34,0,1081,0,2,7,1,10,1009,40,41,1,1091,0,0,0,1091
02/08/2020,MCO,FL,ASO,ES,Towers with Radar,1055,25,27,0,1107,0,1,4,0,5,1055,26,31,0,1112,0,0,0,1112
02/09/2020,MCO,FL,ASO,ES,Towers with Radar,969,32,42,4,1047,0,0,4,2,6,969,32,46,6,1053,0,0,0,1053
02/10/2020,MCO,FL,ASO,ES,Towers with Radar,960,33,53,0,1046,0,0,2,0,2,960,33,55,0,1048,0,0,0,1048
02/11/2020,MCO,FL,ASO,ES,Towers with Radar,937,45,40,2,1024,0,2,3,3,8,937,47,43,5,1032,0,0,0,1032
02/12/2020,MCO,FL,ASO,ES,Towers with Radar,950,49,70,2,1071,0,0,12,0,12,950,49,82,2,1083,0,0,0,1083
02/13/2020,MCO,FL,ASO,ES,Towers with Radar,979,39,73,0,1091,1,0,4,0,5,980,39,77,0,1096,0,0,0,1096
02/14/2020,MCO,FL,ASO,ES,Towers with Radar,1027,53,46,0,1126,0,1,1,0,2,1027,54,47,0,1128,0,0,0,1128
02/15/2020,MCO,FL,ASO,ES,Towers with Radar,1060,30,29,0,1119,0,0,1,0,1,1060,30,30,0,1120,0,0,0,1120
02/16/2020,MCO,FL,ASO,ES,Towers with Radar,1004,34,35,0,1073,0,4,6,0,10,1004,38,41,0,1083,0,0,0,1083
02/17/2020,MCO,FL,ASO,ES,Towers with Radar,978,55,59,0,1092,0,0,8,1,9,978,55,67,1,1101,0,0,0,1101
02/18/2020,MCO,FL,ASO,ES,Towers with Radar,969,44,49,0,1062,0,2,8,2,12,969,46,57,2,1074,0,0,0,1074
02/19/2020,MCO,FL,ASO,ES,Towers with Radar,1002,50,57,0,1109,2,0,7,0,9,1004,50,64,0,1118,0,0,0,1118
02/20/2020,MCO,FL,ASO,ES,Towers with Radar,1011,42,51,2,1106,0,0,8,0,8,1011,42,59,2,1114,0,0,0,1114
02/21/2020,MCO,FL,ASO,ES,Towers with Radar,1034,54,57,0,1145,0,0,0,0,0,1034,54,57,0,1145,0,0,0,1145
02/22/2020,MCO,FL,ASO,ES,Towers with Radar,1088,38,28,0,1154,0,2,8,2,12,1088,40,36,2,1166,0,0,0,1166
02/23/2020,MCO,FL,ASO,ES,Towers with Radar,1040,40,39,1,1120,0,0,5,1,6,1040,40,44,2,1126,0,0,0,1126
02/24/2020,MCO,FL,ASO,ES,Towers with Radar,976,39,44,0,1059,0,0,11,1,12,976,39,55,1,1071,0,0,0,1071
02/25/2020,MCO,FL,ASO,ES,Towers with Radar,970,42,41,1,1054,0,1,3,3,7,970,43,44,4,1061,0,0,0,1061
02/26/2020,MCO,FL,ASO,ES,Towers with Radar,972,59,46,11,1088,0,2,2,0,4,972,61,48,11,1092,0,0,0,1092
02/27/2020,MCO,FL,ASO,ES,Towers with Radar,1018,51,57,1,1127,0,0,9,0,9,1018,51,66,1,1136,0,0,0,1136
02/28/2020,MCO,FL,ASO,ES,Towers with Radar,1033,46,49,17,1145,0,2,7,0,9,1033,48,56,17,1154,0,0,0,1154
02/29/2020,MCO,FL,ASO,ES,Towers with Radar,1088,32,24,0,1144,0,2,8,0,10,1088,34,32,0,1154,0,0,0,1154
03/01/2020,MCO,FL,ASO,ES,Towers with Radar,1047,44,66,0,1157,0,0,5,0,5,1047,44,71,0,1162,0,0,0,1162
03/02/2020,MCO,FL,ASO,ES,Towers with Radar,986,55,62,0,1103,0,0,12,4,16,986,55,74,4,1119,0,0,0,1119
03/03/2020,MCO,FL,ASO,ES,Towers with Radar,984,54,64,0,1102,1,0,7,0,8,985,54,71,0,1110,0,0,0,1110
03/04/2020,MCO,FL,ASO,ES,Towers with Radar,976,45,69,2,1092,0,2,8,0,10,976,47,77,2,1102,0,0,0,1102
03/05/2020,MCO,FL,ASO,ES,Towers with Radar,1024,41,47,1,1113,0,0,5,0,5,1024,41,52,1,1118,0,0,0,1118
03/06/2020,MCO,FL,ASO,ES,Towers with Radar,1032,45,38,4,1119,0,0,5,4,9,1032,45,43,8,1128,0,0,0,1128
03/07/2020,MCO,FL,ASO,ES,Towers with Radar,1166,35,35,4,1240,0,0,5,1,6,1166,35,40,5,1246,0,0,0,1246
03/08/2020,MCO,FL,ASO,ES,Towers with Radar,1026,41,46,3,1116,0,0,4,1,5,1026,41,50,4,1121,0,0,0,1121
03/09/2020,MCO,FL,ASO,ES,Towers with Radar,1028,37,35,1,1101,0,3,8,2,13,1028,40,43,3,1114,0,0,0,1114
03/10/2020,MCO,FL,ASO,ES,Towers with Radar,1012,42,38,2,1094,0,7,8,3,18,1012,49,46,5,1112,0,0,0,1112
03/11/2020,MCO,FL,ASO,ES,Towers with Radar,1006,43,31,0,1080,0,6,5,2,13,1006,49,36,2,1093,0,0,0,1093
03/12/2020,MCO,FL,ASO,ES,Towers with Radar,1046,38,39,0,1123,0,0,6,2,8,1046,38,45,2,1131,0,0,0,1131
03/13/2020,MCO,FL,ASO,ES,Towers with Radar,1033,44,39,2,1118,0,1,8,0,9,1033,45,47,2,1127,0,0,0,1127
03/14/2020,MCO,FL,ASO,ES,Towers with Radar,1188,32,21,0,1241,0,0,6,0,6,1188,32,27,0,1247,0,0,0,1247
03/15/2020,MCO,FL,ASO,ES,Towers with Radar,1037,34,24,0,1095,0,4,7,0,11,1037,38,31,0,1106,0,0,0,1106
03/16/2020,MCO,FL,ASO,ES,Towers with Radar,1011,41,22,0,1074,0,0,6,0,6,1011,41,28,0,1080,0,0,0,1080
03/17/2020,MCO,FL,ASO,ES,Towers with Radar,977,43,16,0,1036,1,2,4,0,7,978,45,20,0,1043,0,0,0,1043
03/18/2020,MCO,FL,ASO,ES,Towers with Radar,955,38,11,2,1006,0,0,3,4,7,955,38,14,6,1013,0,0,0,1013
03/19/2020,MCO,FL,ASO,ES,Towers with Radar,894,28,15,0,937,0,0,5,0,5,894,28,20,0,942,0,0,0,942
03/20/2020,MCO,FL,ASO,ES,Towers with Radar,894,33,21,2,950,0,0,8,4,12,894,33,29,6,962,0,0,0,962
03/21/2020,MCO,FL,ASO,ES,Towers with Radar,966,27,7,0,1000,0,0,3,0,3,966,27,10,0,1003,0,0,0,1003
03/22/2020,MCO,FL,ASO,ES,Towers with Radar,799,29,23,0,851,0,1,6,1,8,799,30,29,1,859,0,0,0,859
03/23/2020,MCO,FL,ASO,ES,Towers with Radar,671,36,11,0,718,0,2,7,0,9,671,38,18,0,727,0,0,0,727
03/24/2020,MCO,FL,ASO,ES,Towers with Radar,646,37,7,2,692,0,10,6,1,17,646,47,13,3,709,0,0,0,709
03/25/2020,MCO,FL,ASO,ES,Towers with Radar,614,31,7,0,652,0,1,6,0,7,614,32,13,0,659,0,0,0,659
03/26/2020,MCO,FL,ASO,ES,Towers with Radar,571,29,20,0,620,0,0,5,0,5,571,29,25,0,625,0,0,0,625
03/27/2020,MCO,FL,ASO,ES,Towers with Radar,527,22,10,0,559,0,0,3,0,3,527,22,13,0,562,0,0,0,562
03/28/2020,MCO,FL,ASO,ES,Towers with Radar,538,8,6,0,552,0,0,1,0,1,538,8,7,0,553,0,0,0,553
03/29/2020,MCO,FL,ASO,ES,Towers with Radar,481,20,11,0,512,0,0,2,0,2,481,20,13,0,514,0,0,0,514
03/30/2020,MCO,FL,ASO,ES,Towers with Radar,432,24,12,0,468,0,1,5,0,6,432,25,17,0,474,0,0,0,474
03/31/2020,MCO,FL,ASO,ES,Towers with Radar,408,18,4,0,430,0,0,0,0,0,408,18,4,0,430,0,0,0,430
04/01/2020,MCO,FL,ASO,ES,Towers with Radar,416,14,7,0,437,0,0,2,0,2,416,14,9,0,439,0,0,0,439
04/02/2020,MCO,FL,ASO,ES,Towers with Radar,366,20,8,0,394,0,6,5,0,11,366,26,13,0,405,0,0,0,405
04/03/2020,MCO,FL,ASO,ES,Towers with Radar,401,17,5,0,423,0,0,2,0,2,401,17,7,0,425,0,0,0,425
04/04/2020,MCO,FL,ASO,ES,Towers with Radar,424,11,6,0,441,0,0,0,0,0,424,11,6,0,441,0,0,0,441
04/05/2020,MCO,FL,ASO,ES,Towers with Radar,455,14,5,2,476,0,2,0,0,2,455,16,5,2,478,0,0,0,478
04/06/2020,MCO,FL,ASO,ES,Towers with Radar,411,14,8,0,433,0,0,2,0,2,411,14,10,0,435,0,0,0,435
04/07/2020,MCO,FL,ASO,ES,Towers with Radar,348,11,6,0,365,0,2,6,0,8,348,13,12,0,373,0,0,0,373
04/08/2020,MCO,FL,ASO,ES,Towers with Radar,287,16,12,0,315,0,0,4,0,4,287,16,16,0,319,0,0,0,319
04/09/2020,MCO,FL,ASO,ES,Towers with Radar,316,15,12,0,343,0,2,3,4,9,316,17,15,4,352,0,0,0,352
04/10/2020,MCO,FL,ASO,ES,Towers with Radar,337,9,11,0,357,0,4,2,0,6,337,13,13,0,363,0,0,0,363
04/11/2020,MCO,FL,ASO,ES,Towers with Radar,351,2,8,0,361,0,4,8,0,12,351,6,16,0,373,0,0,0,373
04/12/2020,MCO,FL,ASO,ES,Towers with Radar,313,7,3,0,323,0,0,1,0,1,313,7,4,0,324,0,0,0,324
04/13/2020,MCO,FL,ASO,ES,Towers with Radar,276,10,10,0,296,0,0,0,0,0,276,10,10,0,296,0,0,0,296
04/14/2020,MCO,FL,ASO,ES,Towers with Radar,229,16,6,0,251,0,4,7,0,11,229,20,13,0,262,0,0,0,262
04/15/2020,MCO,FL,ASO,ES,Towers with Radar,214,16,6,0,236,0,0,2,0,2,214,16,8,0,238,0,0,0,238
04/16/2020,MCO,FL,ASO,ES,Towers with Radar,206,19,6,0,231,0,9,0,0,9,206,28,6,0,240,0,0,0,240
04/17/2020,MCO,FL,ASO,ES,Towers with Radar,217,9,10,0,236,0,0,0,0,0,217,9,10,0,236,0,0,0,236
04/18/2020,MCO,FL,ASO,ES,Towers with Radar,226,2,5,1,234,0,0,1,0,1,226,2,6,1,235,0,0,0,235
04/19/2020,MCO,FL,ASO,ES,Towers with Radar,187,13,5,0,205,0,0,2,0,2,187,13,7,0,207,0,0,0,207
04/20/2020,MCO,FL,ASO,ES,Towers with Radar,176,21,11,1,209,0,4,0,0,4,176,25,11,1,213,0,0,0,213
04/21/2020,MCO,FL,ASO,ES,Towers with Radar,190,14,13,0,217,0,2,16,2,20,190,16,29,2,237,0,0,0,237
04/22/2020,MCO,FL,ASO,ES,Towers with Radar,195,17,13,2,227,0,2,7,0,9,195,19,20,2,236,0,0,0,236
04/23/2020,MCO,FL,ASO,ES,Towers with Radar,191,16,11,0,218,0,2,0,0,2,191,18,11,0,220,0,0,0,220
04/24/2020,MCO,FL,ASO,ES,Towers with Radar,195,11,4,0,210,0,0,1,0,1,195,11,5,0,211,0,0,0,211
04/25/2020,MCO,FL,ASO,ES,Towers with Radar,187,5,7,0,199,0,2,1,0,3,187,7,8,0,202,0,0,0,202
04/26/2020,MCO,FL,ASO,ES,Towers with Radar,179,14,13,0,206,0,0,20,0,20,179,14,33,0,226,0,0,0,226
04/27/2020,MCO,FL,ASO,ES,Towers with Radar,169,20,11,2,202,0,2,8,2,12,169,22,19,4,214,0,0,0,214
04/28/2020,MCO,FL,ASO,ES,Towers with Radar,184,19,18,0,221,0,4,22,0,26,184,23,40,0,247,0,0,0,247
04/29/2020,MCO,FL,ASO,ES,Towers with Radar,201,15,14,0,230,0,0,9,2,11,201,15,23,2,241,0,0,0,241
04/30/2020,MCO,FL,ASO,ES,Towers with Radar,197,28,9,0,234,0,2,2,0,4,197,30,11,0,238,0,0,0,238
05/01/2020,MCO,FL,ASO,ES,Towers with Radar,208,16,12,6,242,0,2,10,0,12,208,18,22,6,254,0,0,0,254
05/02/2020,MCO,FL,ASO,ES,Towers with Radar,201,3,14,0,218,0,2,15,0,17,201,5,29,0,235,0,0,0,235
05/03/2020,MCO,FL,ASO,ES,Towers with Radar,206,14,7,0,227,0,2,4,0,6,206,16,11,0,233,0,0,0,233
05/04/2020,MCO,FL,ASO,ES,Towers with Radar,235,14,19,0,268,0,0,9,0,9,235,14,28,0,277,0,0,0,277
05/05/2020,MCO,FL,ASO,ES,Towers with Radar,195,16,14,0,225,0,0,9,0,9,195,16,23,0,234,0,0,0,234
05/06/2020,MCO,FL,ASO,ES,Towers with Radar,207,13,12,0,232,0,2,6,0,8,207,15,18,0,240,0,0,0,240
05/07/2020,MCO,FL,ASO,ES,Towers with Radar,229,22,17,2,270,0,7,10,4,21,229,29,27,6,291,0,0,0,291
05/08/2020,MCO,FL,ASO,ES,Towers with Radar,236,14,19,2,271,0,2,3,0,5,236,16,22,2,276,0,0,0,276
05/09/2020,MCO,FL,ASO,ES,Towers with Radar,190,5,20,0,215,0,0,1,0,1,190,5,21,0,216,0,0,0,216
05/10/2020,MCO,FL,ASO,ES,Towers with Radar,198,14,10,2,224,0,0,4,0,4,198,14,14,2,228,0,0,0,228
05/11/2020,MCO,FL,ASO,ES,Towers with Radar,221,22,21,2,266,0,3,6,0,9,221,25,27,2,275,0,0,0,275
05/12/2020,MCO,FL,ASO,ES,Towers with Radar,185,19,17,0,221,0,2,6,0,8,185,21,23,0,229,0,0,0,229
05/13/2020,MCO,FL,ASO,ES,Towers with Radar,202,13,16,0,231,0,0,6,0,6,202,13,22,0,237,0,0,0,237
05/14/2020,MCO,FL,ASO,ES,Towers with Radar,223,26,19,2,270,0,2,11,0,13,223,28,30,2,283,0,0,0,283
05/15/2020,MCO,FL,ASO,ES,Towers with Radar,242,13,16,0,271,0,6,0,0,6,242,19,16,0,277,0,0,0,277
05/16/2020,MCO,FL,ASO,ES,Towers with Radar,188,10,13,0,211,0,0,3,0,3,188,10,16,0,214,0,0,0,214
05/17/2020,MCO,FL,ASO,ES,Towers with Radar,205,17,15,0,237,0,0,6,0,6,205,17,21,0,243,0,0,0,243
05/18/2020,MCO,FL,ASO,ES,Towers with Radar,225,20,27,0,272,0,0,6,0,6,225,20,33,0,278,0,0,0,278
05/19/2020,MCO,FL,ASO,ES,Towers with Radar,191,19,16,1,227,0,8,6,0,14,191,27,22,1,241,0,0,0,241
05/20/2020,MCO,FL,ASO,ES,Towers with Radar,212,22,12,3,249,0,2,2,3,7,212,24,14,6,256,0,0,0,256
05/21/2020,MCO,FL,ASO,ES,Towers with Radar,274,25,27,2,328,0,2,0,0,2,274,27,27,2,330,0,0,0,330
05/22/2020,MCO,FL,ASO,ES,Towers with Radar,267,17,20,1,305,0,1,4,3,8,267,18,24,4,313,0,0,0,313
05/23/2020,MCO,FL,ASO,ES,Towers with Radar,203,2,16,1,222,0,0,6,0,6,203,2,22,1,228,0,0,0,228
05/24/2020,MCO,FL,ASO,ES,Towers with Radar,230,13,8,0,251,0,0,0,0,0,230,13,8,0,251,0,0,0,251
05/25/2020,MCO,FL,ASO,ES,Towers with Radar,237,14,13,0,264,0,0,0,0,0,237,14,13,0,264,0,0,0,264
05/26/2020,MCO,FL,ASO,ES,Towers with Radar,177,14,25,0,216,0,2,4,0,6,177,16,29,0,222,0,0,0,222
05/27/2020,MCO,FL,ASO,ES,Towers with Radar,206,22,32,0,260,0,2,5,0,7,206,24,37,0,267,0,0,0,267
05/28/2020,MCO,FL,ASO,ES,Towers with Radar,254,17,28,0,299,0,0,2,0,2,254,17,30,0,301,0,0,0,301
05/29/2020,MCO,FL,ASO,ES,Towers with Radar,252,14,21,0,287,0,0,5,0,5,252,14,26,0,292,0,0,0,292
05/30/2020,MCO,FL,ASO,ES,Towers with Radar,188,20,13,0,221,0,0,1,0,1,188,20,14,0,222,0,0,0,222
05/31/2020,MCO,FL,ASO,ES,Towers with Radar,231,19,22,2,274,0,4,14,0,18,231,23,36,2,292,0,0,0,292
06/01/2020,MCO,FL,ASO,ES,Towers with Radar,251,25,14,2,292,0,2,6,0,8,251,27,20,2,300,0,0,0,300
06/02/2020,MCO,FL,ASO,ES,Towers with Radar,222,23,14,0,259,0,2,1,0,3,222,25,15,0,262,0,0,0,262
06/03/2020,MCO,FL,ASO,ES,Towers with Radar,237,21,15,0,273,0,0,0,0,0,237,21,15,0,273,0,0,0,273
06/04/2020,MCO,FL,ASO,ES,Towers with Radar,299,22,19,2,342,0,0,2,0,2,299,22,21,2,344,0,0,0,344
06/05/2020,MCO,FL,ASO,ES,Towers with Radar,312,19,20,0,351,0,2,2,0,4,312,21,22,0,355,0,0,0,355
06/06/2020,MCO,FL,ASO,ES,Towers with Radar,267,8,9,2,286,0,0,0,0,0,267,8,9,2,286,0,0,0,286
06/07/2020,MCO,FL,ASO,ES,Towers with Radar,331,11,8,2,352,0,0,0,0,0,331,11,8,2,352,0,0,0,352
06/08/2020,MCO,FL,ASO,ES,Towers with Radar,336,22,16,0,374,0,0,0,4,4,336,22,16,4,378,0,0,0,378
06/09/2020,MCO,FL,ASO,ES,Towers with Radar,311,15,27,0,353,0,0,2,0,2,311,15,29,0,355,0,0,0,355
06/10/2020,MCO,FL,ASO,ES,Towers with Radar,328,18,19,0,365,0,0,8,0,8,328,18,27,0,373,0,0,0,373
06/11/2020,MCO,FL,ASO,ES,Towers with Radar,394,17,25,2,438,0,4,6,0,10,394,21,31,2,448,0,0,0,448
06/12/2020,MCO,FL,ASO,ES,Towers with Radar,381,16,19,0,416,0,1,4,0,5,381,17,23,0,421,0,0,0,421
06/13/2020,MCO,FL,ASO,ES,Towers with Radar,339,13,12,0,364,0,2,5,0,7,339,15,17,0,371,0,0,0,371
06/14/2020,MCO,FL,ASO,ES,Towers with Radar,375,11,16,0,402,0,1,5,1,7,375,12,21,1,409,0,0,0,409
06/15/2020,MCO,FL,ASO,ES,Towers with Radar,365,24,19,0,408,0,6,5,0,11,365,30,24,0,419,0,0,0,419
06/16/2020,MCO,FL,ASO,ES,Towers with Radar,334,19,25,0,378,0,6,8,0,14,334,25,33,0,392,0,0,0,392
06/17/2020,MCO,FL,ASO,ES,Towers with Radar,337,23,32,0,392,0,7,3,0,10,337,30,35,0,402,0,0,0,402
06/18/2020,MCO,FL,ASO,ES,Towers with Radar,408,23,24,2,457,0,2,5,3,10,408,25,29,5,467,0,0,0,467
06/19/2020,MCO,FL,ASO,ES,Towers with Radar,404,21,25,0,450,0,1,3,0,4,404,22,28,0,454,0,0,0,454
06/20/2020,MCO,FL,ASO,ES,Towers with Radar,361,12,11,0,384,0,0,7,0,7,361,12,18,0,391,0,0,0,391
06/21/2020,MCO,FL,ASO,ES,Towers with Radar,394,12,21,0,427,0,0,0,0,0,394,12,21,0,427,0,0,0,427
06/22/2020,MCO,FL,ASO,ES,Towers with Radar,365,26,24,0,415,0,0,0,0,0,365,26,24,0,415,0,0,0,415
06/23/2020,MCO,FL,ASO,ES,Towers with Radar,385,26,22,0,433,0,2,9,0,11,385,28,31,0,444,0,0,0,444
06/24/2020,MCO,FL,ASO,ES,Towers with Radar,370,18,36,0,424,0,0,9,0,9,370,18,45,0,433,0,0,0,433
06/25/2020,MCO,FL,ASO,ES,Towers with Radar,439,25,28,0,492,0,6,10,0,16,439,31,38,0,508,0,0,0,508
06/26/2020,MCO,FL,ASO,ES,Towers with Radar,419,25,28,0,472,0,2,3,0,5,419,27,31,0,477,0,0,0,477
06/27/2020,MCO,FL,ASO,ES,Towers with Radar,397,9,4,0,410,0,0,3,0,3,397,9,7,0,413,0,0,0,413
06/28/2020,MCO,FL,ASO,ES,Towers with Radar,407,17,22,0,446,0,0,3,0,3,407,17,25,0,449,0,0,0,449
06/29/2020,MCO,FL,ASO,ES,Towers with Radar,410,18,20,2,450,0,0,2,0,2,410,18,22,2,452,0,0,0,452
06/30/2020,MCO,FL,ASO,ES,Towers with Radar,373,22,16,0,411,0,2,6,2,10,373,24,22,2,421,0,0,0,421
07/01/2020,MCO,FL,ASO,ES,Towers with Radar,450,24,27,0,501,0,6,5,0,11,450,30,32,0,512,0,0,0,512
07/02/2020,MCO,FL,ASO,ES,Towers with Radar,515,34,20,2,571,0,0,3,0,3,515,34,23,2,574,0,0,0,574
07/03/2020,MCO,FL,ASO,ES,Towers with Radar,492,26,15,0,533,0,0,2,0,2,492,26,17,0,535,0,0,0,535
07/04/2020,MCO,FL,ASO,ES,Towers with Radar,385,7,5,0,397,0,0,0,0,0,385,7,5,0,397,0,0,0,397
07/05/2020,MCO,FL,ASO,ES,Towers with Radar,509,16,25,0,550,0,0,2,0,2,509,16,27,0,552,0,0,0,552
07/06/2020,MCO,FL,ASO,ES,Towers with Radar,527,28,13,0,568,0,0,2,4,6,527,28,15,4,574,0,0,0,574
07/07/2020,MCO,FL,ASO,ES,Towers with Radar,516,26,11,1,554,0,0,4,0,4,516,26,15,1,558,0,0,0,558
07/08/2020,MCO,FL,ASO,ES,Towers with Radar,516,22,34,0,572,0,1,1,0,2,516,23,35,0,574,0,0,0,574
07/09/2020,MCO,FL,ASO,ES,Towers with Radar,566,28,10,2,606,0,2,4,0,6,566,30,14,2,612,0,0,0,612
07/10/2020,MCO,FL,ASO,ES,Towers with Radar,553,25,35,0,613,0,0,2,0,2,553,25,37,0,615,0,0,0,615
07/11/2020,MCO,FL,ASO,ES,Towers with Radar,534,12,14,0,560,0,0,2,0,2,534,12,16,0,562,0,0,0,562
07/12/2020,MCO,FL,ASO,ES,Towers with Radar,554,22,20,0,596,0,0,0,0,0,554,22,20,0,596,0,0,0,596
07/13/2020,MCO,FL,ASO,ES,Towers with Radar,547,26,16,0,589,0,2,7,0,9,547,28,23,0,598,0,0,0,598
07/14/2020,MCO,FL,ASO,ES,Towers with Radar,499,22,13,0,534,0,2,4,0,6,499,24,17,0,540,0,0,0,540
07/15/2020,MCO,FL,ASO,ES,Towers with Radar,503,20,22,0,545,0,0,4,0,4,503,20,26,0,549,0,0,0,549
07/16/2020,MCO,FL,ASO,ES,Towers with Radar,559,26,22,1,608,0,2,0,1,3,559,28,22,2,611,0,0,0,611
07/17/2020,MCO,FL,ASO,ES,Towers with Radar,563,27,28,0,618,0,0,3,0,3,563,27,31,0,621,0,0,0,621
07/18/2020,MCO,FL,ASO,ES,Towers with Radar,533,11,15,0,559,0,1,1,0,2,533,12,16,0,561,0,0,0,561
07/19/2020,MCO,FL,ASO,ES,Towers with Radar,535,16,24,0,575,0,0,0,0,0,535,16,24,0,575,0,0,0,575
07/20/2020,MCO,FL,ASO,ES,Towers with Radar,543,22,21,0,586,0,0,6,0,6,543,22,27,0,592,0,0,0,592
07/21/2020,MCO,FL,ASO,ES,Towers with Radar,490,21,15,0,526,0,2,1,0,3,490,23,16,0,529,0,0,0,529
07/22/2020,MCO,FL,ASO,ES,Towers with Radar,497,24,21,0,542,0,2,5,0,7,497,26,26,0,549,0,0,0,549
07/23/2020,MCO,FL,ASO,ES,Towers with Radar,553,27,15,0,595,0,0,1,0,1,553,27,16,0,596,0,0,0,596
07/24/2020,MCO,FL,ASO,ES,Towers with Radar,550,25,10,3,588,0,0,3,0,3,550,25,13,3,591,0,0,0,591
07/25/2020,MCO,FL,ASO,ES,Towers with Radar,514,19,13,0,546,0,0,6,0,6,514,19,19,0,552,0,0,0,552
07/26/2020,MCO,FL,ASO,ES,Towers with Radar,522,16,16,0,554,0,0,2,0,2,522,16,18,0,556,0,0,0,556
07/27/2020,MCO,FL,ASO,ES,Towers with Radar,523,31,25,0,579,0,0,1,0,1,523,31,26,0,580,0,0,0,580
07/28/2020,MCO,FL,ASO,ES,Towers with Radar,471,22,21,0,514,0,0,5,0,5,471,22,26,0,519,0,0,0,519
07/29/2020,MCO,FL,ASO,ES,Towers with Radar,466,25,21,0,512,0,0,1,0,1,466,25,22,0,513,0,0,0,513
07/30/2020,MCO,FL,ASO,ES,Towers with Radar,523,29,24,0,576,0,0,6,0,6,523,29,30,0,582,0,0,0,582
07/31/2020,MCO,FL,ASO,ES,Towers with Radar,541,31,24,0,596,0,1,3,8,12,541,32,27,8,608,0,0,0,608
08/01/2020,MCO,FL,ASO,ES,Towers with Radar,537,18,18,0,573,0,0,2,1,3,537,18,20,1,576,0,0,0,576
08/02/2020,MCO,FL,ASO,ES,Towers with Radar,505,16,15,0,536,0,0,0,1,1,505,16,15,1,537,0,0,0,537
08/03/2020,MCO,FL,ASO,ES,Towers with Radar,520,27,21,0,568,0,0,3,0,3,520,27,24,0,571,0,0,0,571
08/04/2020,MCO,FL,ASO,ES,Towers with Radar,429,21,12,0,462,0,0,7,2,9,429,21,19,2,471,0,0,0,471
08/05/2020,MCO,FL,ASO,ES,Towers with Radar,432,24,20,0,476,0,0,2,0,2,432,24,22,0,478,0,0,0,478
08/06/2020,MCO,FL,ASO,ES,Towers with Radar,503,25,14,0,542,0,1,12,1,14,503,26,26,1,556,0,0,0,556
08/07/2020,MCO,FL,ASO,ES,Towers with Radar,511,19,6,0,536,0,0,4,0,4,511,19,10,0,540,0,0,0,540
08/08/2020,MCO,FL,ASO,ES,Towers with Radar,473,13,12,0,498,0,1,6,0,7,473,14,18,0,505,0,0,0,505
08/09/2020,MCO,FL,ASO,ES,Towers with Radar,490,16,9,0,515,0,0,3,0,3,490,16,12,0,518,0,0,0,518
08/10/2020,MCO,FL,ASO,ES,Towers with Radar,466,27,18,0,511,0,0,3,0,3,466,27,21,0,514,0,0,0,514
08/11/2020,MCO,FL,ASO,ES,Towers with Radar,386,32,9,1,428,0,2,1,0,3,386,34,10,1,431,0,0,0,431
08/12/2020,MCO,FL,ASO,ES,Towers with Radar,400,22,18,2,442,0,6,8,0,14,400,28,26,2,456,0,0,0,456
08/13/2020,MCO,FL,ASO,ES,Towers with Radar,443,31,19,0,493,0,2,8,0,10,443,33,27,0,503,0,0,0,503
08/14/2020,MCO,FL,ASO,ES,Towers with Radar,460,25,9,0,494,0,2,6,0,8,460,27,15,0,502,0,0,0,502
08/15/2020,MCO,FL,ASO,ES,Towers with Radar,437,10,12,2,461,0,0,7,0,7,437,10,19,2,468,0,0,0,468
08/16/2020,MCO,FL,ASO,ES,Towers with Radar,463,12,27,0,502,0,0,1,0,1,463,12,28,0,503,0,0,0,503
08/17/2020,MCO,FL,ASO,ES,Towers with Radar,416,32,16,2,466,0,2,0,0,2,416,34,16,2,468,0,0,0,468
08/18/2020,MCO,FL,ASO,ES,Towers with Radar,378,21,14,0,413,0,2,2,0,4,378,23,16,0,417,0,0,0,417
08/19/2020,MCO,FL,ASO,ES,Towers with Radar,396,36,21,0,453,0,4,1,0,5,396,40,22,0,458,0,0,0,458
08/20/2020,MCO,FL,ASO,ES,Towers with Radar,453,28,18,0,499,0,2,4,4,10,453,30,22,4,509,0,0,0,509
08/21/2020,MCO,FL,ASO,ES,Towers with Radar,454,18,20,1,493,0,0,3,0,3,454,18,23,1,496,0,0,0,496
08/22/2020,MCO,FL,ASO,ES,Towers with Radar,434,9,25,2,470,0,0,0,0,0,434,9,25,2,470,0,0,0,470
08/23/2020,MCO,FL,ASO,ES,Towers with Radar,477,17,23,1,518,0,0,4,1,5,477,17,27,2,523,0,0,0,523
08/24/2020,MCO,FL,ASO,ES,Towers with Radar,435,32,23,0,490,0,0,3,0,3,435,32,26,0,493,0,0,0,493
08/25/2020,MCO,FL,ASO,ES,Towers with Radar,390,26,29,0,445,0,2,4,0,6,390,28,33,0,451,0,0,0,451
08/26/2020,MCO,FL,ASO,ES,Towers with Radar,383,23,36,0,442,0,0,1,0,1,383,23,37,0,443,0,0,0,443
08/27/2020,MCO,FL,ASO,ES,Towers with Radar,452,32,20,0,504,0,2,6,0,8,452,34,26,0,512,0,0,0,512
08/28/2020,MCO,FL,ASO,ES,Towers with Radar,456,31,27,0,514,0,0,6,0,6,456,31,33,0,520,0,0,0,520
08/29/2020,MCO,FL,ASO,ES,Towers with Radar,439,10,18,0,467,0,0,2,0,2,439,10,20,0,469,0,0,0,469
08/30/2020,MCO,FL,ASO,ES,Towers with Radar,459,20,34,0,513,0,0,4,0,4,459,20,38,0,517,0,0,0,517
08/31/2020,MCO,FL,ASO,ES,Towers with Radar,441,26,12,0,479,0,0,2,0,2,441,26,14,0,481,0,0,0,481
09/01/2020,MCO,FL,ASO,ES,Towers with Radar,381,26,24,0,431,0,1,7,0,8,381,27,31,0,439,0,0,0,439
09/02/2020,MCO,FL,ASO,ES,Towers with Radar,395,28,24,0,447,0,2,6,0,8,395,30,30,0,455,0,0,0,455
09/03/2020,MCO,FL,ASO,ES,Towers with Radar,475,28,26,0,529,0,0,4,0,4,475,28,30,0,533,0,0,0,533
09/04/2020,MCO,FL,ASO,ES,Towers with Radar,478,26,27,0,531,0,0,9,0,9,478,26,36,0,540,0,0,0,540
09/05/2020,MCO,FL,ASO,ES,Towers with Radar,416,8,14,0,438,0,0,3,0,3,416,8,17,0,441,0,0,0,441
09/06/2020,MCO,FL,ASO,ES,Towers with Radar,400,12,10,0,422,0,5,0,0,5,400,17,10,0,427,0,0,0,427
09/07/2020,MCO,FL,ASO,ES,Towers with Radar,414,23,20,0,457,0,0,0,2,2,414,23,20,2,459,0,0,0,459
09/08/2020,MCO,FL,ASO,ES,Towers with Radar,337,17,18,0,372,0,0,2,0,2,337,17,20,0,374,0,0,0,374
09/09/2020,MCO,FL,ASO,ES,Towers with Radar,335,29,20,0,384,0,0,0,0,0,335,29,20,0,384,0,0,0,384
09/10/2020,MCO,FL,ASO,ES,Towers with Radar,405,44,38,0,487,0,4,2,0,6,405,48,40,0,493,0,0,0,493
09/11/2020,MCO,FL,ASO,ES,Towers with Radar,411,26,10,0,447,0,2,2,0,4,411,28,12,0,451,0,0,0,451
09/12/2020,MCO,FL,ASO,ES,Towers with Radar,360,12,16,0,388,0,2,0,0,2,360,14,16,0,390,0,0,0,390
09/13/2020,MCO,FL,ASO,ES,Towers with Radar,394,15,28,0,437,0,0,2,0,2,394,15,30,0,439,0,0,0,439
09/14/2020,MCO,FL,ASO,ES,Towers with Radar,381,27,17,0,425,0,1,5,1,7,381,28,22,1,432,0,0,0,432
09/15/2020,MCO,FL,ASO,ES,Towers with Radar,238,22,7,0,267,0,0,2,2,4,238,22,9,2,271,0,0,0,271
09/16/2020,MCO,FL,ASO,ES,Towers with Radar,321,30,24,0,375,0,0,3,0,3,321,30,27,0,378,0,0,0,378
09/17/2020,MCO,FL,ASO,ES,Towers with Radar,405,28,17,1,451,0,0,7,0,7,405,28,24,1,458,0,0,0,458
09/18/2020,MCO,FL,ASO,ES,Towers with Radar,418,31,16,1,466,0,2,8,0,10,418,33,24,1,476,0,0,0,476
09/19/2020,MCO,FL,ASO,ES,Towers with Radar,369,5,16,0,390,0,0,7,0,7,369,5,23,0,397,0,0,0,397
09/20/2020,MCO,FL,ASO,ES,Towers with Radar,400,14,16,1,431,0,0,1,0,1,400,14,17,1,432,0,0,0,432
09/21/2020,MCO,FL,ASO,ES,Towers with Radar,391,23,26,0,440,0,4,4,0,8,391,27,30,0,448,0,0,0,448
09/22/2020,MCO,FL,ASO,ES,Towers with Radar,312,31,19,0,362,0,5,3,0,8,312,36,22,0,370,0,0,0,370
09/23/2020,MCO,FL,ASO,ES,Towers with Radar,335,31,28,0,394,0,0,4,0,4,335,31,32,0,398,0,0,0,398
09/24/2020,MCO,FL,ASO,ES,Towers with Radar,416,30,26,2,474,0,4,6,0,10,416,34,32,2,484,0,0,0,484
09/25/2020,MCO,FL,ASO,ES,Towers with Radar,422,27,17,0,466,0,0,4,0,4,422,27,21,0,470,0,0,0,470
09/26/2020,MCO,FL,ASO,ES,Towers with Radar,363,19,19,0,401,0,0,2,0,2,363,19,21,0,403,0,0,0,403
09/27/2020,MCO,FL,ASO,ES,Towers with Radar,412,12,19,0,443,0,0,5,0,5,412,12,24,0,448,0,0,0,448
09/28/2020,MCO,FL,ASO,ES,Towers with Radar,402,30,22,0,454,0,0,2,0,2,402,30,24,0,456,0,0,0,456
09/29/2020,MCO,FL,ASO,ES,Towers with Radar,313,23,20,0,356,0,0,2,0,2,313,23,22,0,358,0,0,0,358
09/30/2020,MCO,FL,ASO,ES,Towers with Radar,336,33,29,0,398,0,6,4,1,11,336,39,33,1,409,0,0,0,409
10/01/2020,MCO,FL,ASO,ES,Towers with Radar,447,38,36,0,521,0,2,4,0,6,447,40,40,0,527,0,0,0,527
10/02/2020,MCO,FL,ASO,ES,Towers with Radar,454,29,20,0,503,0,1,7,0,8,454,30,27,0,511,0,0,0,511
10/03/2020,MCO,FL,ASO,ES,Towers with Radar,387,12,10,0,409,0,0,2,0,2,387,12,12,0,411,0,0,0,411
10/04/2020,MCO,FL,ASO,ES,Towers with Radar,446,30,22,0,498,0,0,1,0,1,446,30,23,0,499,0,0,0,499
10/05/2020,MCO,FL,ASO,ES,Towers with Radar,448,27,19,0,494,0,0,3,5,8,448,27,22,5,502,0,0,0,502
10/06/2020,MCO,FL,ASO,ES,Towers with Radar,332,26,17,0,375,0,2,2,0,4,332,28,19,0,379,0,0,0,379
10/07/2020,MCO,FL,ASO,ES,Towers with Radar,397,27,35,1,460,0,3,1,0,4,397,30,36,1,464,0,0,0,464
10/08/2020,MCO,FL,ASO,ES,Towers with Radar,530,30,30,3,593,0,0,1,2,3,530,30,31,5,596,0,0,0,596
10/09/2020,MCO,FL,ASO,ES,Towers with Radar,545,30,26,2,603,0,2,5,0,7,545,32,31,2,610,0,0,0,610
10/10/2020,MCO,FL,ASO,ES,Towers with Radar,492,11,21,3,527,0,0,5,0,5,492,11,26,3,532,0,0,0,532
10/11/2020,MCO,FL,ASO,ES,Towers with Radar,525,21,32,1,579,0,0,2,0,2,525,21,34,1,581,0,0,0,581
10/12/2020,MCO,FL,ASO,ES,Towers with Radar,533,34,29,0,596,0,0,5,0,5,533,34,34,0,601,0,0,0,601
10/13/2020,MCO,FL,ASO,ES,Towers with Radar,391,31,16,0,438,0,2,4,0,6,391,33,20,0,444,0,0,0,444
10/14/2020,MCO,FL,ASO,ES,Towers with Radar,418,30,19,0,467,0,2,1,0,3,418,32,20,0,470,0,0,0,470
10/15/2020,MCO,FL,ASO,ES,Towers with Radar,522,44,28,0,594,0,2,4,0,6,522,46,32,0,600,0,0,0,600
10/16/2020,MCO,FL,ASO,ES,Towers with Radar,550,40,23,1,614,0,0,22,1,23,550,40,45,2,637,0,0,0,637
10/17/2020,MCO,FL,ASO,ES,Towers with Radar,496,16,16,0,528,0,2,7,0,9,496,18,23,0,537,0,0,0,537
10/18/2020,MCO,FL,ASO,ES,Towers with Radar,555,27,23,1,606,0,3,1,1,5,555,30,24,2,611,0,0,0,611
10/19/2020,MCO,FL,ASO,ES,Towers with Radar,513,27,19,0,559,0,2,1,1,4,513,29,20,1,563,0,0,0,563
10/20/2020,MCO,FL,ASO,ES,Towers with Radar,390,22,28,1,441,0,1,2,0,3,390,23,30,1,444,0,0,0,444
10/21/2020,MCO,FL,ASO,ES,Towers with Radar,409,33,24,1,467,0,2,9,0,11,409,35,33,1,478,0,0,0,478
10/22/2020,MCO,FL,ASO,ES,Towers with Radar,535,27,29,0,591,0,0,8,0,8,535,27,37,0,599,0,0,0,599
10/23/2020,MCO,FL,ASO,ES,Towers with Radar,532,33,21,0,586,0,0,0,0,0,532,33,21,0,586,0,0,0,586
10/24/2020,MCO,FL,ASO,ES,Towers with Radar,474,13,23,0,510,0,1,6,0,7,474,14,29,0,517,0,0,0,517
10/25/2020,MCO,FL,ASO,ES,Towers with Radar,527,33,32,0,592,0,0,3,0,3,527,33,35,0,595,0,0,0,595
10/26/2020,MCO,FL,ASO,ES,Towers with Radar,511,27,11,0,549,0,0,0,1,1,511,27,11,1,550,0,0,0,550
10/27/2020,MCO,FL,ASO,ES,Towers with Radar,403,23,24,0,450,0,0,4,0,4,403,23,28,0,454,0,0,0,454
10/28/2020,MCO,FL,ASO,ES,Towers with Radar,424,39,31,2,496,0,2,4,0,6,424,41,35,2,502,0,0,0,502
10/29/2020,MCO,FL,ASO,ES,Towers with Radar,542,42,17,0,601,0,0,2,0,2,542,42,19,0,603,0,0,0,603
10/30/2020,MCO,FL,ASO,ES,Towers with Radar,549,34,32,0,615,0,2,8,0,10,549,36,40,0,625,0,0,0,625
10/31/2020,MCO,FL,ASO,ES,Towers with Radar,412,26,20,0,458,0,0,2,0,2,412,26,22,0,460,0,0,0,460
11/01/2020,MCO,FL,ASO,ES,Towers with Radar,536,28,19,0,583,0,2,3,0,5,536,30,22,0,588,0,0,0,588
11/02/2020,MCO,FL,ASO,ES,Towers with Radar,512,28,10,0,550,0,2,1,0,3,512,30,11,0,553,0,0,0,553
11/03/2020,MCO,FL,ASO,ES,Towers with Radar,385,20,17,0,422,0,0,0,0,0,385,20,17,0,422,0,0,0,422
11/04/2020,MCO,FL,ASO,ES,Towers with Radar,428,36,20,0,484,0,2,3,0,5,428,38,23,0,489,0,0,0,489
11/05/2020,MCO,FL,ASO,ES,Towers with Radar,582,26,29,0,637,0,4,7,0,11,582,30,36,0,648,0,0,0,648
11/06/2020,MCO,FL,ASO,ES,Towers with Radar,614,32,18,0,664,0,0,6,0,6,614,32,24,0,670,0,0,0,670
11/07/2020,MCO,FL,ASO,ES,Towers with Radar,553,28,22,0,603,0,0,3,0,3,553,28,25,0,606,0,0,0,606
11/08/2020,MCO,FL,ASO,ES,Towers with Radar,609,32,24,0,665,0,0,0,0,0,609,32,24,0,665,0,0,0,665
11/09/2020,MCO,FL,ASO,ES,Towers with Radar,596,28,28,0,652,0,0,0,0,0,596,28,28,0,652,0,0,0,652
11/10/2020,MCO,FL,ASO,ES,Towers with Radar,423,21,21,0,465,0,0,0,0,0,423,21,21,0,465,0,0,0,465
11/11/2020,MCO,FL,ASO,ES,Towers with Radar,461,36,31,0,528,0,0,2,0,2,461,36,33,0,530,0,0,0,530
11/12/2020,MCO,FL,ASO,ES,Towers with Radar,621,33,8,0,662,0,1,4,0,5,621,34,12,0,667,0,0,0,667
11/13/2020,MCO,FL,ASO,ES,Towers with Radar,627,34,30,2,693,0,0,2,0,2,627,34,32,2,695,0,0,0,695
11/14/2020,MCO,FL,ASO,ES,Towers with Radar,574,15,13,0,602,0,0,5,0,5,574,15,18,0,607,0,0,0,607
11/15/2020,MCO,FL,ASO,ES,Towers with Radar,620,25,23,2,670,0,0,2,0,2,620,25,25,2,672,0,0,0,672
11/16/2020,MCO,FL,ASO,ES,Towers with Radar,589,24,27,0,640,0,0,1,0,1,589,24,28,0,641,0,0,0,641
11/17/2020,MCO,FL,ASO,ES,Towers with Radar,415,24,24,0,463,0,0,11,0,11,415,24,35,0,474,0,0,0,474
11/18/2020,MCO,FL,ASO,ES,Towers with Radar,476,36,25,0,537,0,2,5,0,7,476,38,30,0,544,0,0,0,544
11/19/2020,MCO,FL,ASO,ES,Towers with Radar,658,33,39,0,730,0,0,2,0,2,658,33,41,0,732,0,0,0,732
11/20/2020,MCO,FL,ASO,ES,Towers with Radar,709,34,42,1,786,0,4,5,13,22,709,38,47,14,808,0,0,0,808
11/21/2020,MCO,FL,ASO,ES,Towers with Radar,754,19,30,0,803,0,1,4,0,5,754,20,34,0,808,0,0,0,808
11/22/2020,MCO,FL,ASO,ES,Towers with Radar,692,29,29,13,763,0,1,0,1,2,692,30,29,14,765,0,0,0,765
11/23/2020,MCO,FL,ASO,ES,Towers with Radar,685,29,25,0,739,0,2,15,1,18,685,31,40,1,757,0,0,0,757
11/24/2020,MCO,FL,ASO,ES,Towers with Radar,688,33,31,0,752,0,4,13,0,17,688,37,44,0,769,0,0,0,769
11/25/2020,MCO,FL,ASO,ES,Towers with Radar,706,27,30,0,763,0,2,9,0,11,706,29,39,0,774,0,0,0,774
11/26/2020,MCO,FL,ASO,ES,Towers with Radar,436,17,9,0,462,0,0,1,0,1,436,17,10,0,463,0,0,0,463
11/27/2020,MCO,FL,ASO,ES,Towers with Radar,637,25,15,0,677,0,1,2,0,3,637,26,17,0,680,0,0,0,680
11/28/2020,MCO,FL,ASO,ES,Towers with Radar,765,16,20,0,801,0,0,5,0,5,765,16,25,0,806,0,0,0,806
11/29/2020,MCO,FL,ASO,ES,Towers with Radar,755,32,40,0,827,0,0,6,0,6,755,32,46,0,833,0,0,0,833
11/30/2020,MCO,FL,ASO,ES,Towers with Radar,710,28,28,0,766,0,0,2,0,2,710,28,30,0,768,0,0,0,768
12/01/2020,MCO,FL,ASO,ES,Towers with Radar,636,14,16,0,666,0,4,0,0,4,636,18,16,0,670,0,0,0,670
12/02/2020,MCO,FL,ASO,ES,Towers with Radar,480,28,42,0,550,0,0,0,2,2,480,28,42,2,552,0,0,0,552
12/03/2020,MCO,FL,ASO,ES,Towers with Radar,561,36,37,4,638,0,0,2,0,2,561,36,39,4,640,0,0,0,640
12/04/2020,MCO,FL,ASO,ES,Towers with Radar,560,31,24,0,615,0,0,4,4,8,560,31,28,4,623,0,0,0,623
12/05/2020,MCO,FL,ASO,ES,Towers with Radar,554,16,12,0,582,0,1,4,0,5,554,17,16,0,587,0,0,0,587
12/06/2020,MCO,FL,ASO,ES,Towers with Radar,554,20,25,0,599,0,0,5,0,5,554,20,30,0,604,0,0,0,604
12/07/2020,MCO,FL,ASO,ES,Towers with Radar,538,28,24,0,590,0,0,1,0,1,538,28,25,0,591,0,0,0,591
12/08/2020,MCO,FL,ASO,ES,Towers with Radar,449,29,25,1,504,0,4,3,3,10,449,33,28,4,514,0,0,0,514
12/09/2020,MCO,FL,ASO,ES,Towers with Radar,475,35,37,3,550,0,1,6,0,7,475,36,43,3,557,0,0,0,557
12/10/2020,MCO,FL,ASO,ES,Towers with Radar,575,36,34,0,645,0,0,9,0,9,575,36,43,0,654,0,0,0,654
12/11/2020,MCO,FL,ASO,ES,Towers with Radar,565,39,16,0,620,0,6,5,0,11,565,45,21,0,631,0,0,0,631
12/12/2020,MCO,FL,ASO,ES,Towers with Radar,557,20,21,0,598,0,0,4,0,4,557,20,25,0,602,0,0,0,602
12/13/2020,MCO,FL,ASO,ES,Towers with Radar,562,22,27,0,611,0,0,0,0,0,562,22,27,0,611,0,0,0,611
12/14/2020,MCO,FL,ASO,ES,Towers with Radar,545,27,23,0,595,0,0,1,2,3,545,27,24,2,598,0,0,0,598
12/15/2020,MCO,FL,ASO,ES,Towers with Radar,462,31,31,0,524,0,1,5,0,6,462,32,36,0,530,0,0,0,530
12/16/2020,MCO,FL,ASO,ES,Towers with Radar,504,32,28,0,564,0,0,1,0,1,504,32,29,0,565,0,0,0,565
12/17/2020,MCO,FL,ASO,ES,Towers with Radar,697,39,39,0,775,0,2,5,0,7,697,41,44,0,782,0,0,0,782
12/18/2020,MCO,FL,ASO,ES,Towers with Radar,780,39,35,0,854,0,0,6,2,8,780,39,41,2,862,0,0,0,862
12/19/2020,MCO,FL,ASO,ES,Towers with Radar,855,23,27,2,907,0,2,1,0,3,855,25,28,2,910,0,0,0,910
12/20/2020,MCO,FL,ASO,ES,Towers with Radar,765,37,28,0,830,0,0,0,0,0,765,37,28,0,830,0,0,0,830
12/21/2020,MCO,FL,ASO,ES,Towers with Radar,739,27,16,0,782,0,0,4,0,4,739,27,20,0,786,0,0,0,786
12/22/2020,MCO,FL,ASO,ES,Towers with Radar,775,39,22,0,836,0,2,4,1,7,775,41,26,1,843,0,0,0,843
12/23/2020,MCO,FL,ASO,ES,Towers with Radar,824,35,42,0,901,0,0,4,0,4,824,35,46,0,905,0,0,0,905
12/24/2020,MCO,FL,ASO,ES,Towers with Radar,592,43,11,2,648,0,0,4,0,4,592,43,15,2,652,0,0,0,652
12/25/2020,MCO,FL,ASO,ES,Towers with Radar,518,23,11,0,552,0,0,0,0,0,518,23,11,0,552,0,0,0,552
12/26/2020,MCO,FL,ASO,ES,Towers with Radar,817,16,47,1,881,0,6,1,1,8,817,22,48,2,889,0,0,0,889
12/27/2020,MCO,FL,ASO,ES,Towers with Radar,781,32,52,0,865,0,0,10,0,10,781,32,62,0,875,0,0,0,875
12/28/2020,MCO,FL,ASO,ES,Towers with Radar,732,44,29,0,805,0,0,5,0,5,732,44,34,0,810,0,0,0,810
12/29/2020,MCO,FL,ASO,ES,Towers with Radar,743,43,26,0,812,0,8,10,0,18,743,51,36,0,830,0,0,0,830
12/30/2020,MCO,FL,ASO,ES,Towers with Radar,776,38,32,0,846,0,0,0,0,0,776,38,32,0,846,0,0,0,846
12/31/2020,MCO,FL,ASO,ES,Towers with Radar,571,31,19,1,622,0,4,8,0,12,571,35,27,1,634,0,0,0,634
01/01/2021,MCO,FL,ASO,ES,Towers with Radar,551,22,11,0,584,0,1,3,0,4,551,23,14,0,588,0,0,0,588
01/02/2021,MCO,FL,ASO,ES,Towers with Radar,833,25,35,0,893,0,0,2,0,2,833,25,37,0,895,0,0,0,895
01/03/2021,MCO,FL,ASO,ES,Towers with Radar,788,34,58,0,880,0,0,3,0,3,788,34,61,0,883,0,0,0,883
01/04/2021,MCO,FL,ASO,ES,Towers with Radar,729,46,34,0,809,0,0,3,0,3,729,46,37,0,812,0,0,0,812
01/05/2021,MCO,FL,ASO,ES,Towers with Radar,637,23,21,0,681,0,0,0,0,0,637,23,21,0,681,0,0,0,681
01/06/2021,MCO,FL,ASO,ES,Towers with Radar,540,21,29,0,590,0,1,4,4,9,540,22,33,4,599,0,0,0,599
01/07/2021,MCO,FL,ASO,ES,Towers with Radar,608,34,29,0,671,0,0,5,0,5,608,34,34,0,676,0,0,0,676
01/08/2021,MCO,FL,ASO,ES,Towers with Radar,592,26,25,1,644,0,0,3,0,3,592,26,28,1,647,0,0,0,647
01/09/2021,MCO,FL,ASO,ES,Towers with Radar,584,19,22,0,625,0,0,2,0,2,584,19,24,0,627,0,0,0,627
01/10/2021,MCO,FL,ASO,ES,Towers with Radar,593,35,22,0,650,0,0,2,1,3,593,35,24,1,653,0,0,0,653
01/11/2021,MCO,FL,ASO,ES,Towers with Radar,556,20,21,0,597,0,4,4,0,8,556,24,25,0,605,0,0,0,605
01/12/2021,MCO,FL,ASO,ES,Towers with Radar,460,23,21,0,504,0,0,4,0,4,460,23,25,0,508,0,0,0,508
01/13/2021,MCO,FL,ASO,ES,Towers with Radar,454,26,34,0,514,0,0,13,0,13,454,26,47,0,527,0,0,0,527
01/14/2021,MCO,FL,ASO,ES,Towers with Radar,615,44,24,0,683,0,0,3,2,5,615,44,27,2,688,0,0,0,688
01/15/2021,MCO,FL,ASO,ES,Towers with Radar,603,30,27,1,661,0,0,3,0,3,603,30,30,1,664,0,0,0,664
01/16/2021,MCO,FL,ASO,ES,Towers with Radar,578,23,18,1,620,0,5,4,0,9,578,28,22,1,629,0,0,0,629
01/17/2021,MCO,FL,ASO,ES,Towers with Radar,578,19,27,0,624,0,3,2,0,5,578,22,29,0,629,0,0,0,629
01/18/2021,MCO,FL,ASO,ES,Towers with Radar,576,26,25,0,627,0,1,4,0,5,576,27,29,0,632,0,0,0,632
01/19/2021,MCO,FL,ASO,ES,Towers with Radar,451,23,28,0,502,0,6,0,1,7,451,29,28,1,509,0,0,0,509
01/20/2021,MCO,FL,ASO,ES,Towers with Radar,449,19,38,0,506,0,1,5,0,6,449,20,43,0,512,0,0,0,512
01/21/2021,MCO,FL,ASO,ES,Towers with Radar,611,31,37,0,679,0,0,8,0,8,611,31,45,0,687,0,0,0,687
01/22/2021,MCO,FL,ASO,ES,Towers with Radar,590,24,34,0,648,0,3,7,0,10,590,27,41,0,658,0,0,0,658
01/23/2021,MCO,FL,ASO,ES,Towers with Radar,566,9,15,0,590,0,0,0,0,0,566,9,15,0,590,0,0,0,590
01/24/2021,MCO,FL,ASO,ES,Towers with Radar,583,33,16,0,632,0,0,3,0,3,583,33,19,0,635,0,0,0,635
01/25/2021,MCO,FL,ASO,ES,Towers with Radar,566,16,19,0,601,0,0,3,0,3,566,16,22,0,604,0,0,0,604
01/26/2021,MCO,FL,ASO,ES,Towers with Radar,458,18,23,0,499,0,0,3,0,3,458,18,26,0,502,0,0,0,502
01/27/2021,MCO,FL,ASO,ES,Towers with Radar,458,22,30,0,510,0,0,5,0,5,458,22,35,0,515,0,0,0,515
01/28/2021,MCO,FL,ASO,ES,Towers with Radar,602,24,31,0,657,0,7,2,0,9,602,31,33,0,666,0,0,0,666
01/29/2021,MCO,FL,ASO,ES,Towers with Radar,594,25,25,0,644,0,2,4,0,6,594,27,29,0,650,0,0,0,650
01/30/2021,MCO,FL,ASO,ES,Towers with Radar,575,19,17,0,611,0,0,2,0,2,575,19,19,0,613,0,0,0,613
01/31/2021,MCO,FL,ASO,ES,Towers with Radar,565,32,30,0,627,0,0,0,0,0,565,32,30,0,627,0,0,0,627
02/01/2021,MCO,FL,ASO,ES,Towers with Radar,492,12,23,0,527,0,1,3,0,4,492,13,26,0,531,0,0,0,531
02/02/2021,MCO,FL,ASO,ES,Towers with Radar,452,14,26,0,492,0,1,9,0,10,452,15,35,0,502,0,0,0,502
02/03/2021,MCO,FL,ASO,ES,Towers with Radar,442,22,27,4,495,0,4,9,0,13,442,26,36,4,508,0,0,0,508
02/04/2021,MCO,FL,ASO,ES,Towers with Radar,598,27,33,0,658,0,2,8,0,10,598,29,41,0,668,0,0,0,668
02/05/2021,MCO,FL,ASO,ES,Towers with Radar,614,25,21,0,660,0,0,7,4,11,614,25,28,4,671,0,0,0,671
02/06/2021,MCO,FL,ASO,ES,Towers with Radar,578,14,25,0,617,0,0,2,0,2,578,14,27,0,619,0,0,0,619
02/07/2021,MCO,FL,ASO,ES,Towers with Radar,590,18,28,0,636,0,0,0,0,0,590,18,28,0,636,0,0,0,636
02/08/2021,MCO,FL,ASO,ES,Towers with Radar,582,34,26,0,642,0,0,5,0,5,582,34,31,0,647,0,0,0,647
02/09/2021,MCO,FL,ASO,ES,Towers with Radar,466,20,28,0,514,0,0,3,0,3,466,20,31,0,517,0,0,0,517
02/10/2021,MCO,FL,ASO,ES,Towers with Radar,490,40,28,0,558,0,0,3,1,4,490,40,31,1,562,0,0,0,562
02/11/2021,MCO,FL,ASO,ES,Towers with Radar,663,43,29,0,735,0,0,5,0,5,663,43,34,0,740,0,0,0,740
02/12/2021,MCO,FL,ASO,ES,Towers with Radar,682,38,26,1,747,0,0,0,0,0,682,38,26,1,747,0,0,0,747
02/13/2021,MCO,FL,ASO,ES,Towers with Radar,679,16,29,0,724,0,0,0,0,0,679,16,29,0,724,0,0,0,724
02/14/2021,MCO,FL,ASO,ES,Towers with Radar,598,31,23,0,652,0,0,0,0,0,598,31,23,0,652,0,0,0,652
02/15/2021,MCO,FL,ASO,ES,Towers with Radar,582,35,30,0,647,0,2,7,0,9,582,37,37,0,656,0,0,0,656
02/16/2021,MCO,FL,ASO,ES,Towers with Radar,508,36,32,0,576,0,0,0,0,0,508,36,32,0,576,0,0,0,576
02/17/2021,MCO,FL,ASO,ES,Towers with Radar,503,32,32,0,567,0,0,1,0,1,503,32,33,0,568,0,0,0,568
02/18/2021,MCO,FL,ASO,ES,Towers with Radar,582,32,35,0,649,0,2,6,0,8,582,34,41,0,657,0,0,0,657
02/19/2021,MCO,FL,ASO,ES,Towers with Radar,657,33,38,1,729,0,2,2,0,4,657,35,40,1,733,0,0,0,733
02/20/2021,MCO,FL,ASO,ES,Towers with Radar,685,24,33,1,743,0,0,1,0,1,685,24,34,1,744,0,0,0,744
02/21/2021,MCO,FL,ASO,ES,Towers with Radar,639,28,31,0,698,0,0,4,0,4,639,28,35,0,702,0,0,0,702
02/22/2021,MCO,FL,ASO,ES,Towers with Radar,628,28,35,0,691,0,2,7,0,9,628,30,42,0,700,0,0,0,700
02/23/2021,MCO,FL,ASO,ES,Towers with Radar,546,22,44,0,612,0,4,7,0,11,546,26,51,0,623,0,0,0,623
02/24/2021,MCO,FL,ASO,ES,Towers with Radar,538,38,37,0,613,0,2,14,0,16,538,40,51,0,629,0,0,0,629
02/25/2021,MCO,FL,ASO,ES,Towers with Radar,656,41,31,0,728,0,0,2,0,2,656,41,33,0,730,0,0,0,730
02/26/2021,MCO,FL,ASO,ES,Towers with Radar,653,42,25,0,720,0,0,10,0,10,653,42,35,0,730,0,0,0,730
02/27/2021,MCO,FL,ASO,ES,Towers with Radar,682,14,24,1,721,0,0,8,0,8,682,14,32,1,729,0,0,0,729
02/28/2021,MCO,FL,ASO,ES,Towers with Radar,644,28,40,0,712,0,0,2,0,2,644,28,42,0,714,0,0,0,714
03/01/2021,MCO,FL,ASO,ES,Towers with Radar,631,30,35,1,697,0,2,5,0,7,631,32,40,1,704,0,0,0,704
03/02/2021,MCO,FL,ASO,ES,Towers with Radar,563,23,30,0,616,0,0,6,0,6,563,23,36,0,622,0,0,0,622
03/03/2021,MCO,FL,ASO,ES,Towers with Radar,548,32,42,0,622,0,3,12,0,15,548,35,54,0,637,0,0,0,637
03/04/2021,MCO,FL,ASO,ES,Towers with Radar,684,42,40,0,766,0,0,4,0,4,684,42,44,0,770,0,0,0,770
03/05/2021,MCO,FL,ASO,ES,Towers with Radar,671,26,42,5,744,0,1,10,1,12,671,27,52,6,756,0,0,0,756
03/06/2021,MCO,FL,ASO,ES,Towers with Radar,713,27,20,0,760,0,0,0,0,0,713,27,20,0,760,0,0,0,760
03/07/2021,MCO,FL,ASO,ES,Towers with Radar,762,29,31,5,827,0,0,3,1,4,762,29,34,6,831,0,0,0,831
03/08/2021,MCO,FL,ASO,ES,Towers with Radar,778,30,29,0,837,0,2,4,1,7,778,32,33,1,844,0,0,0,844
03/09/2021,MCO,FL,ASO,ES,Towers with Radar,637,29,17,0,683,0,2,5,0,7,637,31,22,0,690,0,0,0,690
03/10/2021,MCO,FL,ASO,ES,Towers with Radar,651,22,42,0,715,0,0,9,0,9,651,22,51,0,724,0,0,0,724
03/11/2021,MCO,FL,ASO,ES,Towers with Radar,825,33,42,2,902,0,6,9,0,15,825,39,51,2,917,0,0,0,917
03/12/2021,MCO,FL,ASO,ES,Towers with Radar,812,43,37,0,892,0,0,9,0,9,812,43,46,0,901,0,0,0,901
03/13/2021,MCO,FL,ASO,ES,Towers with Radar,882,28,34,0,944,0,4,6,0,10,882,32,40,0,954,0,0,0,954
03/14/2021,MCO,FL,ASO,ES,Towers with Radar,774,40,24,0,838,0,1,7,0,8,774,41,31,0,846,0,0,0,846
03/15/2021,MCO,FL,ASO,ES,Towers with Radar,779,28,40,0,847,0,0,2,0,2,779,28,42,0,849,0,0,0,849
03/16/2021,MCO,FL,ASO,ES,Towers with Radar,761,32,36,30,859,0,0,0,0,0,761,32,36,30,859,0,0,0,859
03/17/2021,MCO,FL,ASO,ES,Towers with Radar,746,40,35,2,823,0,0,15,0,15,746,40,50,2,838,0,0,0,838
03/18/2021,MCO,FL,ASO,ES,Towers with Radar,846,39,33,0,918,0,0,2,0,2,846,39,35,0,920,0,0,0,920
03/19/2021,MCO,FL,ASO,ES,Towers with Radar,836,40,45,29,950,0,0,6,0,6,836,40,51,29,956,0,0,0,956
03/20/2021,MCO,FL,ASO,ES,Towers with Radar,904,28,45,0,977,0,0,0,0,0,904,28,45,0,977,0,0,0,977
03/21/2021,MCO,FL,ASO,ES,Towers with Radar,824,46,33,0,903,0,0,0,0,0,824,46,33,0,903,0,0,0,903
03/22/2021,MCO,FL,ASO,ES,Towers with Radar,806,30,25,0,861,0,0,0,0,0,806,30,25,0,861,0,0,0,861
03/23/2021,MCO,FL,ASO,ES,Towers with Radar,764,22,42,0,828,0,0,8,0,8,764,22,50,0,836,0,0,0,836
03/24/2021,MCO,FL,ASO,ES,Towers with Radar,771,39,37,9,856,0,0,9,2,11,771,39,46,11,867,0,0,0,867
03/25/2021,MCO,FL,ASO,ES,Towers with Radar,846,49,45,0,940,0,2,2,0,4,846,51,47,0,944,0,0,0,944
03/26/2021,MCO,FL,ASO,ES,Towers with Radar,858,40,49,9,956,0,2,6,0,8,858,42,55,9,964,0,0,0,964
03/27/2021,MCO,FL,ASO,ES,Towers with Radar,916,25,47,0,988,0,0,4,0,4,916,25,51,0,992,0,0,0,992
03/28/2021,MCO,FL,ASO,ES,Towers with Radar,819,31,52,0,902,0,0,4,0,4,819,31,56,0,906,0,0,0,906
03/29/2021,MCO,FL,ASO,ES,Towers with Radar,818,38,29,2,887,0,2,2,0,4,818,40,31,2,891,0,0,0,891
03/30/2021,MCO,FL,ASO,ES,Towers with Radar,756,26,34,0,816,0,0,3,0,3,756,26,37,0,819,0,0,0,819
03/31/2021,MCO,FL,ASO,ES,Towers with Radar,755,39,33,0,827,0,0,4,0,4,755,39,37,0,831,0,0,0,831
04/01/2021,MCO,FL,ASO,ES,Towers with Radar,838,44,51,0,933,0,0,1,0,1,838,44,52,0,934,0,0,0,934
04/02/2021,MCO,FL,ASO,ES,Towers with Radar,843,45,29,0,917,0,0,2,0,2,843,45,31,0,919,0,0,0,919
04/03/2021,MCO,FL,ASO,ES,Towers with Radar,924,37,34,0,995,0,0,9,0,9,924,37,43,0,1004,0,0,0,1004
04/04/2021,MCO,FL,ASO,ES,Towers with Radar,821,50,13,0,884,0,0,6,0,6,821,50,19,0,890,0,0,0,890
04/05/2021,MCO,FL,ASO,ES,Towers with Radar,840,53,52,0,945,0,0,6,0,6,840,53,58,0,951,0,0,0,951
04/06/2021,MCO,FL,ASO,ES,Towers with Radar,767,37,31,0,835,0,4,2,0,6,767,41,33,0,841,0,0,0,841
04/07/2021,MCO,FL,ASO,ES,Towers with Radar,763,36,37,2,838,0,0,11,0,11,763,36,48,2,849,0,0,0,849
04/08/2021,MCO,FL,ASO,ES,Towers with Radar,848,33,29,4,914,0,0,12,4,16,848,33,41,8,930,0,0,0,930
04/09/2021,MCO,FL,ASO,ES,Towers with Radar,838,34,40,0,912,0,0,5,0,5,838,34,45,0,917,0,0,0,917
04/10/2021,MCO,FL,ASO,ES,Towers with Radar,919,19,22,0,960,0,4,4,0,8,919,23,26,0,968,0,0,0,968
04/11/2021,MCO,FL,ASO,ES,Towers with Radar,679,23,27,0,729,0,0,2,0,2,679,23,29,0,731,0,0,0,731
04/12/2021,MCO,FL,ASO,ES,Towers with Radar,813,42,37,0,892,0,0,9,0,9,813,42,46,0,901,0,0,0,901
04/13/2021,MCO,FL,ASO,ES,Towers with Radar,707,35,37,0,779,0,2,11,0,13,707,37,48,0,792,0,0,0,792
04/14/2021,MCO,FL,ASO,ES,Towers with Radar,681,37,37,5,760,0,2,6,0,8,681,39,43,5,768,0,0,0,768
04/15/2021,MCO,FL,ASO,ES,Towers with Radar,804,48,35,0,887,0,0,5,0,5,804,48,40,0,892,0,0,0,892
04/16/2021,MCO,FL,ASO,ES,Towers with Radar,819,25,38,2,884,0,0,4,0,4,819,25,42,2,888,0,0,0,888
04/17/2021,MCO,FL,ASO,ES,Towers with Radar,866,24,31,0,921,0,0,2,2,4,866,24,33,2,925,0,0,0,925
04/18/2021,MCO,FL,ASO,ES,Towers with Radar,807,35,30,1,873,0,0,0,0,0,807,35,30,1,873,0,0,0,873
04/19/2021,MCO,FL,ASO,ES,Towers with Radar,803,27,33,0,863,0,0,0,0,0,803,27,33,0,863,0,0,0,863
04/20/2021,MCO,FL,ASO,ES,Towers with Radar,678,29,20,0,727,0,0,0,0,0,678,29,20,0,727,0,0,0,727
04/21/2021,MCO,FL,ASO,ES,Towers with Radar,697,30,24,2,753,0,0,3,0,3,697,30,27,2,756,0,0,0,756
04/22/2021,MCO,FL,ASO,ES,Towers with Radar,818,43,42,0,903,0,0,10,5,15,818,43,52,5,918,0,0,0,918
04/23/2021,MCO,FL,ASO,ES,Towers with Radar,817,33,39,0,889,0,0,6,1,7,817,33,45,1,896,0,0,0,896
04/24/2021,MCO,FL,ASO,ES,Towers with Radar,808,13,24,0,845,0,0,3,0,3,808,13,27,0,848,0,0,0,848
04/25/2021,MCO,FL,ASO,ES,Towers with Radar,792,39,59,0,890,0,0,2,0,2,792,39,61,0,892,0,0,0,892
04/26/2021,MCO,FL,ASO,ES,Towers with Radar,796,35,47,2,880,0,4,13,1,18,796,39,60,3,898,0,0,0,898
04/27/2021,MCO,FL,ASO,ES,Towers with Radar,684,51,46,4,785,0,1,1,1,3,684,52,47,5,788,0,0,0,788
04/28/2021,MCO,FL,ASO,ES,Towers with Radar,699,32,32,0,763,0,2,4,1,7,699,34,36,1,770,0,0,0,770
04/29/2021,MCO,FL,ASO,ES,Towers with Radar,817,38,41,0,896,1,4,6,0,11,818,42,47,0,907,0,0,0,907
04/30/2021,MCO,FL,ASO,ES,Towers with Radar,791,28,32,1,852,0,1,1,1,3,791,29,33,2,855,0,0,0,855
05/01/2021,MCO,FL,ASO,ES,Towers with Radar,838,17,26,0,881,0,2,2,0,4,838,19,28,0,885,0,0,0,885
05/02/2021,MCO,FL,ASO,ES,Towers with Radar,793,33,29,0,855,0,0,4,0,4,793,33,33,0,859,0,0,0,859
05/03/2021,MCO,FL,ASO,ES,Towers with Radar,773,41,42,0,856,0,0,5,0,5,773,41,47,0,861,0,0,0,861
05/04/2021,MCO,FL,ASO,ES,Towers with Radar,670,35,33,0,738,0,0,8,0,8,670,35,41,0,746,0,0,0,746
05/05/2021,MCO,FL,ASO,ES,Towers with Radar,711,40,38,0,789,0,1,6,5,12,711,41,44,5,801,0,0,0,801
05/06/2021,MCO,FL,ASO,ES,Towers with Radar,885,50,34,0,969,0,0,9,0,9,885,50,43,0,978,0,0,0,978
05/07/2021,MCO,FL,ASO,ES,Towers with Radar,870,41,34,0,945,0,6,9,0,15,870,47,43,0,960,0,0,0,960
05/08/2021,MCO,FL,ASO,ES,Towers with Radar,876,32,9,0,917,0,10,3,0,13,876,42,12,0,930,0,0,0,930
05/09/2021,MCO,FL,ASO,ES,Towers with Radar,856,41,40,0,937,0,0,8,0,8,856,41,48,0,945,0,0,0,945
05/10/2021,MCO,FL,ASO,ES,Towers with Radar,854,36,21,0,911,0,4,1,0,5,854,40,22,0,916,0,0,0,916
05/11/2021,MCO,FL,ASO,ES,Towers with Radar,774,34,28,0,836,0,0,3,0,3,774,34,31,0,839,0,0,0,839
05/12/2021,MCO,FL,ASO,ES,Towers with Radar,771,31,31,0,833,0,0,8,0,8,771,31,39,0,841,0,0,0,841
05/13/2021,MCO,FL,ASO,ES,Towers with Radar,878,42,40,0,960,0,0,7,0,7,878,42,47,0,967,0,0,0,967
05/14/2021,MCO,FL,ASO,ES,Towers with Radar,872,33,31,5,941,0,1,3,0,4,872,34,34,5,945,0,0,0,945
05/15/2021,MCO,FL,ASO,ES,Towers with Radar,866,19,34,5,924,0,6,3,1,10,866,25,37,6,934,0,0,0,934
05/16/2021,MCO,FL,ASO,ES,Towers with Radar,855,35,52,3,945,0,1,3,1,5,855,36,55,4,950,0,0,0,950
05/17/2021,MCO,FL,ASO,ES,Towers with Radar,849,33,36,3,921,0,4,2,0,6,849,37,38,3,927,0,0,0,927
05/18/2021,MCO,FL,ASO,ES,Towers with Radar,796,38,44,2,880,0,0,4,0,4,796,38,48,2,884,0,0,0,884
05/19/2021,MCO,FL,ASO,ES,Towers with Radar,779,33,48,0,860,0,4,4,2,10,779,37,52,2,870,0,0,0,870
05/20/2021,MCO,FL,ASO,ES,Towers with Radar,882,47,34,2,965,0,0,7,0,7,882,47,41,2,972,0,0,0,972
05/21/2021,MCO,FL,ASO,ES,Towers with Radar,885,52,36,2,975,0,0,7,0,7,885,52,43,2,982,0,0,0,982
05/22/2021,MCO,FL,ASO,ES,Towers with Radar,889,20,32,0,941,0,0,7,0,7,889,20,39,0,948,0,0,0,948
05/23/2021,MCO,FL,ASO,ES,Towers with Radar,867,27,46,0,940,0,2,1,0,3,867,29,47,0,943,0,0,0,943
05/24/2021,MCO,FL,ASO,ES,Towers with Radar,855,37,33,0,925,0,0,5,2,7,855,37,38,2,932,0,0,0,932
05/25/2021,MCO,FL,ASO,ES,Towers with Radar,794,27,35,0,856,0,0,6,0,6,794,27,41,0,862,0,0,0,862
05/26/2021,MCO,FL,ASO,ES,Towers with Radar,787,35,39,0,861,0,4,11,0,15,787,39,50,0,876,0,0,0,876
05/27/2021,MCO,FL,ASO,ES,Towers with Radar,887,37,35,0,959,0,0,7,0,7,887,37,42,0,966,0,0,0,966
05/28/2021,MCO,FL,ASO,ES,Towers with Radar,874,34,39,0,947,0,5,7,0,12,874,39,46,0,959,0,0,0,959
05/29/2021,MCO,FL,ASO,ES,Towers with Radar,878,14,18,0,910,0,1,1,0,2,878,15,19,0,912,0,0,0,912
05/30/2021,MCO,FL,ASO,ES,Towers with Radar,837,31,17,0,885,0,0,4,0,4,837,31,21,0,889,0,0,0,889
05/31/2021,MCO,FL,ASO,ES,Towers with Radar,854,23,47,0,924,0,2,5,0,7,854,25,52,0,931,0,0,0,931
06/01/2021,MCO,FL,ASO,ES,Towers with Radar,805,34,29,0,868,0,5,7,0,12,805,39,36,0,880,0,0,0,880
06/02/2021,MCO,FL,ASO,ES,Towers with Radar,830,31,29,2,892,0,2,2,0,4,830,33,31,2,896,0,0,0,896
06/03/2021,MCO,FL,ASO,ES,Towers with Radar,868,42,37,0,947,0,0,3,0,3,868,42,40,0,950,0,0,0,950
06/04/2021,MCO,FL,ASO,ES,Towers with Radar,882,35,22,0,939,0,0,5,0,5,882,35,27,0,944,0,0,0,944
06/05/2021,MCO,FL,ASO,ES,Towers with Radar,936,22,16,0,974,0,0,2,0,2,936,22,18,0,976,0,0,0,976
06/06/2021,MCO,FL,ASO,ES,Towers with Radar,891,46,40,1,978,0,0,1,0,1,891,46,41,1,979,0,0,0,979
06/07/2021,MCO,FL,ASO,ES,Towers with Radar,840,38,32,0,910,0,0,7,0,7,840,38,39,0,917,0,0,0,917
06/08/2021,MCO,FL,ASO,ES,Towers with Radar,805,31,28,3,867,0,2,5,0,7,805,33,33,3,874,0,0,0,874
06/09/2021,MCO,FL,ASO,ES,Towers with Radar,787,42,49,0,878,1,0,6,0,7,788,42,55,0,885,0,0,0,885
06/10/2021,MCO,FL,ASO,ES,Towers with Radar,867,35,47,0,949,0,0,4,1,5,867,35,51,1,954,0,0,0,954
06/11/2021,MCO,FL,ASO,ES,Towers with Radar,882,46,51,2,981,0,0,8,1,9,882,46,59,3,990,0,0,0,990
06/12/2021,MCO,FL,ASO,ES,Towers with Radar,978,20,35,0,1033,0,0,4,0,4,978,20,39,0,1037,0,0,0,1037
06/13/2021,MCO,FL,ASO,ES,Towers with Radar,803,28,46,0,877,0,0,5,0,5,803,28,51,0,882,0,0,0,882
06/14/2021,MCO,FL,ASO,ES,Towers with Radar,876,33,45,0,954,0,0,1,0,1,876,33,46,0,955,0,0,0,955
06/15/2021,MCO,FL,ASO,ES,Towers with Radar,806,38,40,0,884,0,0,1,0,1,806,38,41,0,885,0,0,0,885
06/16/2021,MCO,FL,ASO,ES,Towers with Radar,815,38,28,0,881,0,0,3,0,3,815,38,31,0,884,0,0,0,884
06/17/2021,MCO,FL,ASO,ES,Towers with Radar,879,38,32,0,949,0,0,6,0,6,879,38,38,0,955,0,0,0,955
06/18/2021,MCO,FL,ASO,ES,Towers with Radar,864,47,44,0,955,0,0,14,0,14,864,47,58,0,969,0,0,0,969
06/19/2021,MCO,FL,ASO,ES,Towers with Radar,977,18,27,0,1022,0,0,0,1,1,977,18,27,1,1023,0,0,0,1023
06/20/2021,MCO,FL,ASO,ES,Towers with Radar,926,28,32,0,986,0,0,0,1,1,926,28,32,1,987,0,0,0,987
06/21/2021,MCO,FL,ASO,ES,Towers with Radar,808,40,33,0,881,0,0,0,0,0,808,40,33,0,881,0,0,0,881
06/22/2021,MCO,FL,ASO,ES,Towers with Radar,783,30,35,2,850,0,0,8,0,8,783,30,43,2,858,0,0,0,858
06/23/2021,MCO,FL,ASO,ES,Towers with Radar,856,34,42,0,932,0,0,2,0,2,856,34,44,0,934,0,0,0,934
06/24/2021,MCO,FL,ASO,ES,Towers with Radar,855,36,40,2,933,0,0,4,0,4,855,36,44,2,937,0,0,0,937
06/25/2021,MCO,FL,ASO,ES,Towers with Radar,901,45,40,0,986,0,0,0,0,0,901,45,40,0,986,0,0,0,986
06/26/2021,MCO,FL,ASO,ES,Towers with Radar,910,18,28,2,958,0,0,5,0,5,910,18,33,2,963,0,0,0,963
06/27/2021,MCO,FL,ASO,ES,Towers with Radar,883,28,42,4,957,0,0,0,0,0,883,28,42,4,957,0,0,0,957
06/28/2021,MCO,FL,ASO,ES,Towers with Radar,858,28,22,1,909,0,0,4,0,4,858,28,26,1,913,0,0,0,913
06/29/2021,MCO,FL,ASO,ES,Towers with Radar,851,32,28,1,912,0,0,1,0,1,851,32,29,1,913,0,0,0,913
06/30/2021,MCO,FL,ASO,ES,Towers with Radar,803,37,41,0,881,0,2,5,0,7,803,39,46,0,888,0,0,0,888
07/01/2021,MCO,FL,ASO,ES,Towers with Radar,866,34,41,0,941,0,0,2,0,2,866,34,43,0,943,0,0,0,943
07/02/2021,MCO,FL,ASO,ES,Towers with Radar,885,36,30,0,951,1,0,2,0,3,886,36,32,0,954,0,0,0,954
07/03/2021,MCO,FL,ASO,ES,Towers with Radar,998,21,23,0,1042,0,0,1,0,1,998,21,24,0,1043,0,0,0,1043
07/04/2021,MCO,FL,ASO,ES,Towers with Radar,873,23,8,0,904,0,0,1,0,1,873,23,9,0,905,0,0,0,905
07/05/2021,MCO,FL,ASO,ES,Towers with Radar,849,33,30,0,912,0,0,9,0,9,849,33,39,0,921,0,0,0,921
07/06/2021,MCO,FL,ASO,ES,Towers with Radar,766,41,22,0,829,0,0,1,0,1,766,41,23,0,830,0,0,0,830
07/07/2021,MCO,FL,ASO,ES,Towers with Radar,801,43,22,0,866,0,0,0,0,0,801,43,22,0,866,0,0,0,866
07/08/2021,MCO,FL,ASO,ES,Towers with Radar,858,35,35,2,930,0,4,3,0,7,858,39,38,2,937,0,0,0,937
07/09/2021,MCO,FL,ASO,ES,Towers with Radar,877,34,32,0,943,0,4,4,0,8,877,38,36,0,951,0,0,0,951
07/10/2021,MCO,FL,ASO,ES,Towers with Radar,993,29,31,0,1053,0,0,2,0,2,993,29,33,0,1055,0,0,0,1055
07/11/2021,MCO,FL,ASO,ES,Towers with Radar,883,28,34,0,945,0,0,4,0,4,883,28,38,0,949,0,0,0,949
07/12/2021,MCO,FL,ASO,ES,Towers with Radar,833,35,27,0,895,0,0,2,0,2,833,35,29,0,897,0,0,0,897
07/13/2021,MCO,FL,ASO,ES,Towers with Radar,873,35,26,2,936,0,4,1,0,5,873,39,27,2,941,0,0,0,941
07/14/2021,MCO,FL,ASO,ES,Towers with Radar,830,38,38,0,906,0,0,8,0,8,830,38,46,0,914,0,0,0,914
07/15/2021,MCO,FL,ASO,ES,Towers with Radar,872,46,42,0,960,0,0,4,0,4,872,46,46,0,964,0,0,0,964
07/16/2021,MCO,FL,ASO,ES,Towers with Radar,862,39,31,0,932,0,4,4,0,8,862,43,35,0,940,0,0,0,940
07/17/2021,MCO,FL,ASO,ES,Towers with Radar,964,22,21,0,1007,0,2,3,0,5,964,24,24,0,1012,0,0,0,1012
07/18/2021,MCO,FL,ASO,ES,Towers with Radar,899,31,26,0,956,0,0,3,0,3,899,31,29,0,959,0,0,0,959
07/19/2021,MCO,FL,ASO,ES,Towers with Radar,848,41,22,2,913,0,0,2,0,2,848,41,24,2,915,0,0,0,915
07/20/2021,MCO,FL,ASO,ES,Towers with Radar,864,34,28,2,928,1,0,4,0,5,865,34,32,2,933,0,0,0,933
07/21/2021,MCO,FL,ASO,ES,Towers with Radar,850,38,38,0,926,1,0,14,0,15,851,38,52,0,941,0,0,0,941
07/22/2021,MCO,FL,ASO,ES,Towers with Radar,876,41,36,0,953,0,0,6,0,6,876,41,42,0,959,0,0,0,959
07/23/2021,MCO,FL,ASO,ES,Towers with Radar,868,47,42,1,958,0,0,6,0,6,868,47,48,1,964,0,0,0,964
07/24/2021,MCO,FL,ASO,ES,Towers with Radar,1001,32,35,4,1072,0,0,2,0,2,1001,32,37,4,1074,0,0,0,1074
07/25/2021,MCO,FL,ASO,ES,Towers with Radar,883,31,29,1,944,0,0,1,0,1,883,31,30,1,945,0,0,0,945
07/26/2021,MCO,FL,ASO,ES,Towers with Radar,829,39,37,0,905,0,2,0,0,2,829,41,37,0,907,0,0,0,907
07/27/2021,MCO,FL,ASO,ES,Towers with Radar,868,34,27,2,931,0,0,0,0,0,868,34,27,2,931,0,0,0,931
07/28/2021,MCO,FL,ASO,ES,Towers with Radar,848,32,36,3,919,0,4,2,0,6,848,36,38,3,925,0,0,0,925
07/29/2021,MCO,FL,ASO,ES,Towers with Radar,871,53,45,3,972,0,0,4,0,4,871,53,49,3,976,0,0,0,976
07/30/2021,MCO,FL,ASO,ES,Towers with Radar,866,42,33,0,941,0,1,4,0,5,866,43,37,0,946,0,0,0,946
07/31/2021,MCO,FL,ASO,ES,Towers with Radar,959,28,33,2,1022,0,0,5,0,5,959,28,38,2,1027,0,0,0,1027
08/01/2021,MCO,FL,ASO,ES,Towers with Radar,814,35,40,0,889,0,2,8,0,10,814,37,48,0,899,0,0,0,899
08/02/2021,MCO,FL,ASO,ES,Towers with Radar,745,37,34,0,816,0,0,4,0,4,745,37,38,0,820,0,0,0,820
08/03/2021,MCO,FL,ASO,ES,Towers with Radar,760,24,31,0,815,0,0,1,0,1,760,24,32,0,816,0,0,0,816
08/04/2021,MCO,FL,ASO,ES,Towers with Radar,742,30,30,0,802,0,0,2,0,2,742,30,32,0,804,0,0,0,804
08/05/2021,MCO,FL,ASO,ES,Towers with Radar,810,32,34,0,876,0,0,4,3,7,810,32,38,3,883,0,0,0,883
08/06/2021,MCO,FL,ASO,ES,Towers with Radar,820,43,25,0,888,0,0,1,0,1,820,43,26,0,889,0,0,0,889
08/07/2021,MCO,FL,ASO,ES,Towers with Radar,947,25,22,0,994,0,0,5,0,5,947,25,27,0,999,0,0,0,999
08/08/2021,MCO,FL,ASO,ES,Towers with Radar,883,37,45,0,965,0,0,4,0,4,883,37,49,0,969,0,0,0,969
08/09/2021,MCO,FL,ASO,ES,Towers with Radar,841,30,21,0,892,0,0,2,0,2,841,30,23,0,894,0,0,0,894
08/10/2021,MCO,FL,ASO,ES,Towers with Radar,838,25,29,1,893,0,0,2,0,2,838,25,31,1,895,0,0,0,895
08/11/2021,MCO,FL,ASO,ES,Towers with Radar,842,38,24,1,905,0,3,3,3,9,842,41,27,4,914,0,0,0,914
08/12/2021,MCO,FL,ASO,ES,Towers with Radar,869,40,32,0,941,0,0,3,0,3,869,40,35,0,944,0,0,0,944
08/13/2021,MCO,FL,ASO,ES,Towers with Radar,856,34,27,0,917,0,0,3,0,3,856,34,30,0,920,0,0,0,920
08/14/2021,MCO,FL,ASO,ES,Towers with Radar,965,26,42,0,1033,0,0,3,0,3,965,26,45,0,1036,0,0,0,1036
08/15/2021,MCO,FL,ASO,ES,Towers with Radar,884,28,22,0,934,0,0,4,0,4,884,28,26,0,938,0,0,0,938
08/16/2021,MCO,FL,ASO,ES,Towers with Radar,831,31,23,0,885,0,0,6,0,6,831,31,29,0,891,0,0,0,891
08/17/2021,MCO,FL,ASO,ES,Towers with Radar,839,22,29,0,890,0,0,2,0,2,839,22,31,0,892,0,0,0,892
08/18/2021,MCO,FL,ASO,ES,Towers with Radar,802,32,33,0,867,0,4,18,0,22,802,36,51,0,889,0,0,0,889
08/19/2021,MCO,FL,ASO,ES,Towers with Radar,848,32,30,0,910,0,0,5,0,5,848,32,35,0,915,0,0,0,915
08/20/2021,MCO,FL,ASO,ES,Towers with Radar,838,31,26,1,896,1,0,7,0,8,839,31,33,1,904,0,0,0,904
08/21/2021,MCO,FL,ASO,ES,Towers with Radar,942,17,16,0,975,0,0,0,0,0,942,17,16,0,975,0,0,0,975
08/22/2021,MCO,FL,ASO,ES,Towers with Radar,831,25,20,0,876,1,0,4,0,5,832,25,24,0,881,0,0,0,881
08/23/2021,MCO,FL,ASO,ES,Towers with Radar,829,25,18,0,872,0,0,0,0,0,829,25,18,0,872,0,0,0,872
08/24/2021,MCO,FL,ASO,ES,Towers with Radar,788,25,35,0,848,0,0,2,0,2,788,25,37,0,850,0,0,0,850
08/25/2021,MCO,FL,ASO,ES,Towers with Radar,816,26,32,0,874,0,2,4,1,7,816,28,36,1,881,0,0,0,881
08/26/2021,MCO,FL,ASO,ES,Towers with Radar,854,26,31,0,911,0,6,2,0,8,854,32,33,0,919,0,0,0,919
08/27/2021,MCO,FL,ASO,ES,Towers with Radar,859,34,32,0,925,0,2,3,0,5,859,36,35,0,930,0,0,0,930
08/28/2021,MCO,FL,ASO,ES,Towers with Radar,952,11,22,0,985,0,0,2,0,2,952,11,24,0,987,0,0,0,987
08/29/2021,MCO,FL,ASO,ES,Towers with Radar,882,21,24,0,927,0,0,1,0,1,882,21,25,0,928,0,0,0,928
08/30/2021,MCO,FL,ASO,ES,Towers with Radar,821,29,34,0,884,0,2,4,0,6,821,31,38,0,890,0,0,0,890
08/31/2021,MCO,FL,ASO,ES,Towers with Radar,805,20,33,0,858,0,7,0,0,7,805,27,33,0,865,0,0,0,865
09/01/2021,MCO,FL,ASO,ES,Towers with Radar,755,22,33,0,810,0,0,6,0,6,755,22,39,0,816,0,0,0,816
09/02/2021,MCO,FL,ASO,ES,Towers with Radar,831,37,45,0,913,0,0,2,0,2,831,37,47,0,915,0,0,0,915
09/03/2021,MCO,FL,ASO,ES,Towers with Radar,856,38,25,0,919,0,2,4,0,6,856,40,29,0,925,0,0,0,925
09/04/2021,MCO,FL,ASO,ES,Towers with Radar,941,21,15,0,977,0,0,1,0,1,941,21,16,0,978,0,0,0,978
09/05/2021,MCO,FL,ASO,ES,Towers with Radar,833,21,20,0,874,0,4,4,0,8,833,25,24,0,882,0,0,0,882
09/06/2021,MCO,FL,ASO,ES,Towers with Radar,819,29,30,0,878,0,0,2,0,2,819,29,32,0,880,0,0,0,880
09/07/2021,MCO,FL,ASO,ES,Towers with Radar,751,29,25,0,805,0,1,0,0,1,751,30,25,0,806,0,0,0,806
09/08/2021,MCO,FL,ASO,ES,Towers with Radar,708,36,33,0,777,1,1,1,0,3,709,37,34,0,780,0,0,0,780
09/09/2021,MCO,FL,ASO,ES,Towers with Radar,785,39,27,0,851,0,0,5,0,5,785,39,32,0,856,0,0,0,856
09/10/2021,MCO,FL,ASO,ES,Towers with Radar,784,36,39,0,859,0,1,5,0,6,784,37,44,0,865,0,0,0,865
09/11/2021,MCO,FL,ASO,ES,Towers with Radar,840,17,22,0,879,0,0,2,1,3,840,17,24,1,882,0,0,0,882
09/12/2021,MCO,FL,ASO,ES,Towers with Radar,815,31,31,2,879,0,0,2,0,2,815,31,33,2,881,0,0,0,881
09/13/2021,MCO,FL,ASO,ES,Towers with Radar,749,39,33,0,821,1,0,7,1,9,750,39,40,1,830,0,0,0,830
09/14/2021,MCO,FL,ASO,ES,Towers with Radar,678,33,42,0,753,0,1,4,0,5,678,34,46,0,758,0,0,0,758
09/15/2021,MCO,FL,ASO,ES,Towers with Radar,679,29,37,0,745,0,2,2,0,4,679,31,39,0,749,0,0,0,749
09/16/2021,MCO,FL,ASO,ES,Towers with Radar,792,36,47,0,875,0,0,2,0,2,792,36,49,0,877,0,0,0,877
09/17/2021,MCO,FL,ASO,ES,Towers with Radar,779,36,32,0,847,0,0,4,0,4,779,36,36,0,851,0,0,0,851
09/18/2021,MCO,FL,ASO,ES,Towers with Radar,864,17,11,0,892,0,0,7,0,7,864,17,18,0,899,0,0,0,899
09/19/2021,MCO,FL,ASO,ES,Towers with Radar,837,29,38,2,906,0,0,3,0,3,837,29,41,2,909,0,0,0,909
09/20/2021,MCO,FL,ASO,ES,Towers with Radar,748,34,30,0,812,0,0,3,0,3,748,34,33,0,815,0,0,0,815
09/21/2021,MCO,FL,ASO,ES,Towers with Radar,706,32,25,0,763,0,3,6,0,9,706,35,31,0,772,0,0,0,772
09/22/2021,MCO,FL,ASO,ES,Towers with Radar,691,34,41,0,766,0,0,1,0,1,691,34,42,0,767,0,0,0,767
09/23/2021,MCO,FL,ASO,ES,Towers with Radar,754,38,34,0,826,0,0,8,0,8,754,38,42,0,834,0,0,0,834
09/24/2021,MCO,FL,ASO,ES,Towers with Radar,788,33,51,0,872,0,1,6,0,7,788,34,57,0,879,0,0,0,879
09/25/2021,MCO,FL,ASO,ES,Towers with Radar,862,18,18,0,898,0,0,6,0,6,862,18,24,0,904,0,0,0,904
09/26/2021,MCO,FL,ASO,ES,Towers with Radar,842,26,24,0,892,0,0,3,0,3,842,26,27,0,895,0,0,0,895
09/27/2021,MCO,FL,ASO,ES,Towers with Radar,757,34,29,0,820,0,10,5,0,15,757,44,34,0,835,0,0,0,835
09/28/2021,MCO,FL,ASO,ES,Towers with Radar,682,27,31,0,740,0,2,8,0,10,682,29,39,0,750,0,0,0,750
09/29/2021,MCO,FL,ASO,ES,Towers with Radar,691,30,43,0,764,0,2,3,2,7,691,32,46,2,771,0,0,0,771
09/30/2021,MCO,FL,ASO,ES,Towers with Radar,788,39,33,0,860,0,0,2,0,2,788,39,35,0,862,0,0,0,862
10/01/2021,MCO,FL,ASO,ES,Towers with Radar,795,31,39,4,869,0,0,2,0,2,795,31,41,4,871,0,0,0,871
10/02/2021,MCO,FL,ASO,ES,Towers with Radar,832,21,19,0,872,0,8,7,0,15,832,29,26,0,887,0,0,0,887
10/03/2021,MCO,FL,ASO,ES,Towers with Radar,843,19,41,0,903,0,2,2,0,4,843,21,43,0,907,0,0,0,907
10/04/2021,MCO,FL,ASO,ES,Towers with Radar,777,30,39,0,846,0,0,1,0,1,777,30,40,0,847,0,0,0,847
10/05/2021,MCO,FL,ASO,ES,Towers with Radar,715,27,26,0,768,0,2,4,4,10,715,29,30,4,778,0,0,0,778
10/06/2021,MCO,FL,ASO,ES,Towers with Radar,726,43,33,0,802,1,4,4,0,9,727,47,37,0,811,0,0,0,811
10/07/2021,MCO,FL,ASO,ES,Towers with Radar,855,46,43,1,945,0,0,1,0,1,855,46,44,1,946,0,0,0,946
10/08/2021,MCO,FL,ASO,ES,Towers with Radar,724,42,36,0,802,0,0,4,0,4,724,42,40,0,806,0,0,0,806
10/09/2021,MCO,FL,ASO,ES,Towers with Radar,884,35,27,1,947,0,0,8,0,8,884,35,35,1,955,0,0,0,955
10/10/2021,MCO,FL,ASO,ES,Towers with Radar,801,41,32,0,874,0,0,5,0,5,801,41,37,0,879,0,0,0,879
10/11/2021,MCO,FL,ASO,ES,Towers with Radar,837,46,54,0,937,0,0,2,0,2,837,46,56,0,939,0,0,0,939
10/12/2021,MCO,FL,ASO,ES,Towers with Radar,795,40,43,0,878,0,0,4,0,4,795,40,47,0,882,0,0,0,882
10/13/2021,MCO,FL,ASO,ES,Towers with Radar,777,32,39,1,849,0,1,1,0,2,777,33,40,1,851,0,0,0,851
10/14/2021,MCO,FL,ASO,ES,Towers with Radar,864,37,29,0,930,0,2,2,0,4,864,39,31,0,934,0,0,0,934
10/15/2021,MCO,FL,ASO,ES,Towers with Radar,876,33,36,0,945,0,3,11,1,15,876,36,47,1,960,0,0,0,960
10/16/2021,MCO,FL,ASO,ES,Towers with Radar,924,22,28,1,975,1,0,6,0,7,925,22,34,1,982,0,0,0,982
10/17/2021,MCO,FL,ASO,ES,Towers with Radar,880,37,41,2,960,0,0,6,0,6,880,37,47,2,966,0,0,0,966
10/18/2021,MCO,FL,ASO,ES,Towers with Radar,852,44,34,0,930,0,7,11,0,18,852,51,45,0,948,0,0,0,948
10/19/2021,MCO,FL,ASO,ES,Towers with Radar,794,34,27,0,855,0,4,7,0,11,794,38,34,0,866,0,0,0,866
10/20/2021,MCO,FL,ASO,ES,Towers with Radar,782,33,43,0,858,0,2,5,0,7,782,35,48,0,865,0,0,0,865
10/21/2021,MCO,FL,ASO,ES,Towers with Radar,874,42,50,0,966,0,2,7,0,9,874,44,57,0,975,0,0,0,975
10/22/2021,MCO,FL,ASO,ES,Towers with Radar,875,43,34,0,952,0,8,6,0,14,875,51,40,0,966,0,0,0,966
10/23/2021,MCO,FL,ASO,ES,Towers with Radar,939,25,22,0,986,0,2,4,0,6,939,27,26,0,992,0,0,0,992
10/24/2021,MCO,FL,ASO,ES,Towers with Radar,887,44,49,0,980,0,1,5,1,7,887,45,54,1,987,0,0,0,987
10/25/2021,MCO,FL,ASO,ES,Towers with Radar,845,59,42,2,948,0,2,4,0,6,845,61,46,2,954,0,0,0,954
10/26/2021,MCO,FL,ASO,ES,Towers with Radar,822,37,36,2,897,0,1,2,1,4,822,38,38,3,901,0,0,0,901
10/27/2021,MCO,FL,ASO,ES,Towers with Radar,774,34,56,2,866,0,6,9,0,15,774,40,65,2,881,0,0,0,881
10/28/2021,MCO,FL,ASO,ES,Towers with Radar,854,33,51,24,962,0,0,1,0,1,854,33,52,24,963,0,0,0,963
10/29/2021,MCO,FL,ASO,ES,Towers with Radar,876,45,38,3,962,0,0,3,0,3,876,45,41,3,965,0,0,0,965
10/30/2021,MCO,FL,ASO,ES,Towers with Radar,915,20,25,4,964,0,0,2,0,2,915,20,27,4,966,0,0,0,966
10/31/2021,MCO,FL,ASO,ES,Towers with Radar,795,43,48,23,909,0,0,4,0,4,795,43,52,23,913,0,0,0,913
11/01/2021,MCO,FL,ASO,ES,Towers with Radar,823,34,47,0,904,0,3,7,0,10,823,37,54,0,914,0,0,0,914
11/02/2021,MCO,FL,ASO,ES,Towers with Radar,824,35,30,2,891,0,2,1,0,3,824,37,31,2,894,0,0,0,894
11/03/2021,MCO,FL,ASO,ES,Towers with Radar,798,37,47,0,882,0,0,7,4,11,798,37,54,4,893,0,0,0,893
11/04/2021,MCO,FL,ASO,ES,Towers with Radar,917,41,66,0,1024,0,2,5,0,7,917,43,71,0,1031,0,0,0,1031
11/05/2021,MCO,FL,ASO,ES,Towers with Radar,922,46,46,0,1014,0,0,1,0,1,922,46,47,0,1015,0,0,0,1015
11/06/2021,MCO,FL,ASO,ES,Towers with Radar,959,29,35,0,1023,0,0,0,0,0,959,29,35,0,1023,0,0,0,1023
11/07/2021,MCO,FL,ASO,ES,Towers with Radar,888,42,36,0,966,0,0,0,0,0,888,42,36,0,966,0,0,0,966
11/08/2021,MCO,FL,ASO,ES,Towers with Radar,864,43,42,0,949,0,1,5,0,6,864,44,47,0,955,0,0,0,955
11/09/2021,MCO,FL,ASO,ES,Towers with Radar,785,42,36,0,863,0,1,3,0,4,785,43,39,0,867,0,0,0,867
11/10/2021,MCO,FL,ASO,ES,Towers with Radar,767,50,55,0,872,0,0,5,0,5,767,50,60,0,877,0,0,0,877
11/11/2021,MCO,FL,ASO,ES,Towers with Radar,889,60,61,1,1011,0,0,4,1,5,889,60,65,2,1016,0,0,0,1016
11/12/2021,MCO,FL,ASO,ES,Towers with Radar,906,42,50,0,998,0,5,7,0,12,906,47,57,0,1010,0,0,0,1010
11/13/2021,MCO,FL,ASO,ES,Towers with Radar,937,27,28,0,992,0,1,5,0,6,937,28,33,0,998,0,0,0,998
11/14/2021,MCO,FL,ASO,ES,Towers with Radar,906,46,54,0,1006,0,1,5,0,6,906,47,59,0,1012,0,0,0,1012
11/15/2021,MCO,FL,ASO,ES,Towers with Radar,885,41,45,0,971,0,0,4,0,4,885,41,49,0,975,0,0,0,975
11/16/2021,MCO,FL,ASO,ES,Towers with Radar,792,34,38,0,864,0,0,4,0,4,792,34,42,0,868,0,0,0,868
11/17/2021,MCO,FL,ASO,ES,Towers with Radar,806,50,62,0,918,0,3,10,0,13,806,53,72,0,931,0,0,0,931
11/18/2021,MCO,FL,ASO,ES,Towers with Radar,905,46,46,0,997,0,4,2,0,6,905,50,48,0,1003,0,0,0,1003
11/19/2021,MCO,FL,ASO,ES,Towers with Radar,938,39,58,2,1037,0,0,4,0,4,938,39,62,2,1041,0,0,0,1041
11/20/2021,MCO,FL,ASO,ES,Towers with Radar,1058,29,33,2,1122,1,0,4,0,5,1059,29,37,2,1127,0,0,0,1127
11/21/2021,MCO,FL,ASO,ES,Towers with Radar,930,42,44,0,1016,0,2,5,0,7,930,44,49,0,1023,0,0,0,1023
11/22/2021,MCO,FL,ASO,ES,Towers with Radar,921,38,33,2,994,0,0,8,0,8,921,38,41,2,1002,0,0,0,1002
11/23/2021,MCO,FL,ASO,ES,Towers with Radar,988,38,42,0,1068,0,2,2,0,4,988,40,44,0,1072,0,0,0,1072
11/24/2021,MCO,FL,ASO,ES,Towers with Radar,977,40,53,0,1070,0,8,3,0,11,977,48,56,0,1081,0,0,0,1081
11/25/2021,MCO,FL,ASO,ES,Towers with Radar,741,17,7,0,765,0,13,3,1,17,741,30,10,1,782,0,0,0,782
11/26/2021,MCO,FL,ASO,ES,Towers with Radar,824,23,19,0,866,0,0,4,0,4,824,23,23,0,870,0,0,0,870
11/27/2021,MCO,FL,ASO,ES,Towers with Radar,1071,33,43,0,1147,0,0,3,0,3,1071,33,46,0,1150,0,0,0,1150
11/28/2021,MCO,FL,ASO,ES,Towers with Radar,961,43,73,0,1077,0,4,11,0,15,961,47,84,0,1092,0,0,0,1092
11/29/2021,MCO,FL,ASO,ES,Towers with Radar,976,41,38,2,1057,0,0,3,0,3,976,41,41,2,1060,0,0,0,1060
11/30/2021,MCO,FL,ASO,ES,Towers with Radar,919,48,46,5,1018,0,0,9,0,9,919,48,55,5,1027,0,0,0,1027
12/01/2021,MCO,FL,ASO,ES,Towers with Radar,861,39,48,1,949,0,4,4,0,8,861,43,52,1,957,0,0,0,957
12/02/2021,MCO,FL,ASO,ES,Towers with Radar,940,42,59,0,1041,0,3,7,0,10,940,45,66,0,1051,0,0,0,1051
12/03/2021,MCO,FL,ASO,ES,Towers with Radar,916,40,50,0,1006,0,11,6,0,17,916,51,56,0,1023,0,0,0,1023
12/04/2021,MCO,FL,ASO,ES,Towers with Radar,989,25,38,0,1052,0,2,8,0,10,989,27,46,0,1062,0,0,0,1062
12/05/2021,MCO,FL,ASO,ES,Towers with Radar,917,54,52,0,1023,0,0,9,0,9,917,54,61,0,1032,0,0,0,1032
12/06/2021,MCO,FL,ASO,ES,Towers with Radar,874,45,51,0,970,0,1,9,0,10,874,46,60,0,980,0,0,0,980
12/07/2021,MCO,FL,ASO,ES,Towers with Radar,812,51,38,0,901,0,0,2,0,2,812,51,40,0,903,0,0,0,903
12/08/2021,MCO,FL,ASO,ES,Towers with Radar,806,37,46,0,889,0,4,8,0,12,806,41,54,0,901,0,0,0,901
12/09/2021,MCO,FL,ASO,ES,Towers with Radar,930,32,45,0,1007,0,0,2,0,2,930,32,47,0,1009,0,0,0,1009
12/10/2021,MCO,FL,ASO,ES,Towers with Radar,907,41,39,0,987,1,4,6,0,11,908,45,45,0,998,0,0,0,998
12/11/2021,MCO,FL,ASO,ES,Towers with Radar,960,22,37,2,1021,0,0,3,0,3,960,22,40,2,1024,0,0,0,1024
12/12/2021,MCO,FL,ASO,ES,Towers with Radar,916,34,53,0,1003,1,0,1,0,2,917,34,54,0,1005,0,0,0,1005
12/13/2021,MCO,FL,ASO,ES,Towers with Radar,890,33,45,0,968,0,0,4,0,4,890,33,49,0,972,0,0,0,972
12/14/2021,MCO,FL,ASO,ES,Towers with Radar,819,31,50,0,900,0,2,3,4,9,819,33,53,4,909,0,0,0,909
12/15/2021,MCO,FL,ASO,ES,Towers with Radar,827,35,36,2,900,0,0,4,0,4,827,35,40,2,904,0,0,0,904
12/16/2021,MCO,FL,ASO,ES,Towers with Radar,965,49,54,2,1070,0,0,11,1,12,965,49,65,3,1082,0,0,0,1082
12/17/2021,MCO,FL,ASO,ES,Towers with Radar,976,49,66,1,1092,0,1,13,1,15,976,50,79,2,1107,0,0,0,1107
12/18/2021,MCO,FL,ASO,ES,Towers with Radar,1100,41,43,3,1187,0,1,2,0,3,1100,42,45,3,1190,0,0,0,1190
12/19/2021,MCO,FL,ASO,ES,Towers with Radar,966,50,47,0,1063,0,1,4,0,5,966,51,51,0,1068,0,0,0,1068
12/20/2021,MCO,FL,ASO,ES,Towers with Radar,952,49,33,1,1035,0,0,0,0,0,952,49,33,1,1035,0,0,0,1035
12/21/2021,MCO,FL,ASO,ES,Towers with Radar,1028,34,25,0,1087,0,0,2,0,2,1028,34,27,0,1089,0,0,0,1089
12/22/2021,MCO,FL,ASO,ES,Towers with Radar,1010,44,54,0,1108,0,0,7,0,7,1010,44,61,0,1115,0,0,0,1115
12/23/2021,MCO,FL,ASO,ES,Towers with Radar,1057,46,55,0,1158,0,0,10,0,10,1057,46,65,0,1168,0,0,0,1168
12/24/2021,MCO,FL,ASO,ES,Towers with Radar,908,40,7,0,955,0,0,6,2,8,908,40,13,2,963,0,0,0,963
12/25/2021,MCO,FL,ASO,ES,Towers with Radar,913,28,11,0,952,0,0,6,0,6,913,28,17,0,958,0,0,0,958
12/26/2021,MCO,FL,ASO,ES,Towers with Radar,946,58,45,0,1049,0,0,6,0,6,946,58,51,0,1055,0,0,0,1055
12/27/2021,MCO,FL,ASO,ES,Towers with Radar,988,45,44,1,1078,0,9,6,1,16,988,54,50,2,1094,0,0,0,1094
12/28/2021,MCO,FL,ASO,ES,Towers with Radar,990,47,28,0,1065,0,4,4,0,8,990,51,32,0,1073,0,0,0,1073
12/29/2021,MCO,FL,ASO,ES,Towers with Radar,1004,39,44,1,1088,0,1,7,0,8,1004,40,51,1,1096,0,0,0,1096
12/30/2021,MCO,FL,ASO,ES,Towers with Radar,1000,56,50,0,1106,0,0,4,0,4,1000,56,54,0,1110,0,0,0,1110
12/31/2021,MCO,FL,ASO,ES,Towers with Radar,863,50,30,0,943,0,0,7,0,7,863,50,37,0,950,0,0,0,950
01/01/2022,MCO,FL,ASO,ES,Towers with Radar,937,19,11,0,967,0,4,2,0,6,937,23,13,0,973,0,0,0,973
01/02/2022,MCO,FL,ASO,ES,Towers with Radar,883,39,64,0,986,0,0,3,0,3,883,39,67,0,989,0,0,0,989
01/03/2022,MCO,FL,ASO,ES,Towers with Radar,937,48,25,0,1010,0,2,4,0,6,937,50,29,0,1016,0,0,0,1016
01/04/2022,MCO,FL,ASO,ES,Towers with Radar,919,48,31,0,998,0,0,11,0,11,919,48,42,0,1009,0,0,0,1009
01/05/2022,MCO,FL,ASO,ES,Towers with Radar,839,30,23,0,892,0,4,13,0,17,839,34,36,0,909,0,0,0,909
01/06/2022,MCO,FL,ASO,ES,Towers with Radar,850,47,42,0,939,0,2,10,4,16,850,49,52,4,955,0,0,0,955
01/07/2022,MCO,FL,ASO,ES,Towers with Radar,883,34,35,0,952,0,0,8,0,8,883,34,43,0,960,0,0,0,960
01/08/2022,MCO,FL,ASO,ES,Towers with Radar,929,30,35,0,994,0,0,5,0,5,929,30,40,0,999,0,0,0,999
01/09/2022,MCO,FL,ASO,ES,Towers with Radar,899,40,41,0,980,0,0,6,0,6,899,40,47,0,986,0,0,0,986
01/10/2022,MCO,FL,ASO,ES,Towers with Radar,872,31,36,0,939,0,0,4,0,4,872,31,40,0,943,0,0,0,943
01/11/2022,MCO,FL,ASO,ES,Towers with Radar,813,21,39,0,873,0,0,4,0,4,813,21,43,0,877,0,0,0,877
01/12/2022,MCO,FL,ASO,ES,Towers with Radar,820,29,23,3,875,0,2,6,0,8,820,31,29,3,883,0,0,0,883
01/13/2022,MCO,FL,ASO,ES,Towers with Radar,883,39,33,1,956,0,2,5,0,7,883,41,38,1,963,0,0,0,963
01/14/2022,MCO,FL,ASO,ES,Towers with Radar,912,46,57,1,1016,0,4,13,0,17,912,50,70,1,1033,0,0,0,1033
01/15/2022,MCO,FL,ASO,ES,Towers with Radar,947,35,30,1,1013,0,0,7,0,7,947,35,37,1,1020,0,0,0,1020
01/16/2022,MCO,FL,ASO,ES,Towers with Radar,820,33,16,0,869,0,4,1,0,5,820,37,17,0,874,0,0,0,874
01/17/2022,MCO,FL,ASO,ES,Towers with Radar,871,47,43,2,963,0,0,6,0,6,871,47,49,2,969,0,0,0,969
01/18/2022,MCO,FL,ASO,ES,Towers with Radar,821,32,44,0,897,0,5,9,4,18,821,37,53,4,915,0,0,0,915
01/19/2022,MCO,FL,ASO,ES,Towers with Radar,821,33,59,0,913,0,3,3,0,6,821,36,62,0,919,0,0,0,919
01/20/2022,MCO,FL,ASO,ES,Towers with Radar,894,45,43,0,982,2,1,6,0,9,896,46,49,0,991,0,0,0,991
01/21/2022,MCO,FL,ASO,ES,Towers with Radar,909,24,31,0,964,0,2,8,0,10,909,26,39,0,974,0,0,0,974
01/22/2022,MCO,FL,ASO,ES,Towers with Radar,957,17,12,0,986,0,0,1,0,1,957,17,13,0,987,0,0,0,987
01/23/2022,MCO,FL,ASO,ES,Towers with Radar,864,35,31,2,932,1,0,1,0,2,865,35,32,2,934,0,0,0,934
01/24/2022,MCO,FL,ASO,ES,Towers with Radar,780,34,41,2,857,0,1,0,0,1,780,35,41,2,858,0,0,0,858
01/25/2022,MCO,FL,ASO,ES,Towers with Radar,804,25,37,1,867,0,0,1,0,1,804,25,38,1,868,0,0,0,868
01/26/2022,MCO,FL,ASO,ES,Towers with Radar,814,24,40,4,882,0,0,0,0,0,814,24,40,4,882,0,0,0,882
01/27/2022,MCO,FL,ASO,ES,Towers with Radar,900,43,52,2,997,0,0,2,0,2,900,43,54,2,999,0,0,0,999
01/28/2022,MCO,FL,ASO,ES,Towers with Radar,876,39,38,1,954,0,1,1,0,2,876,40,39,1,956,0,0,0,956
01/29/2022,MCO,FL,ASO,ES,Towers with Radar,803,24,25,2,854,0,0,5,0,5,803,24,30,2,859,0,0,0,859
01/30/2022,MCO,FL,ASO,ES,Towers with Radar,831,35,48,0,914,0,2,3,0,5,831,37,51,0,919,0,0,0,919
01/31/2022,MCO,FL,ASO,ES,Towers with Radar,878,25,49,1,953,0,3,10,0,13,878,28,59,1,966,0,0,0,966
02/01/2022,MCO,FL,ASO,ES,Towers with Radar,805,26,48,2,881,0,1,7,0,8,805,27,55,2,889,0,0,0,889
02/02/2022,MCO,FL,ASO,ES,Towers with Radar,773,23,41,2,839,0,0,4,0,4,773,23,45,2,843,0,0,0,843
02/03/2022,MCO,FL,ASO,ES,Towers with Radar,758,25,49,0,832,0,0,3,1,4,758,25,52,1,836,0,0,0,836
02/04/2022,MCO,FL,ASO,ES,Towers with Radar,781,37,32,0,850,0,0,12,1,13,781,37,44,1,863,0,0,0,863
02/05/2022,MCO,FL,ASO,ES,Towers with Radar,929,37,30,1,997,0,0,3,1,4,929,37,33,2,1001,0,0,0,1001
02/06/2022,MCO,FL,ASO,ES,Towers with Radar,858,41,54,1,954,0,0,3,0,3,858,41,57,1,957,0,0,0,957
02/07/2022,MCO,FL,ASO,ES,Towers with Radar,851,43,78,0,972,0,0,5,1,6,851,43,83,1,978,0,0,0,978
02/08/2022,MCO,FL,ASO,ES,Towers with Radar,814,36,67,0,917,0,0,0,0,0,814,36,67,0,917,0,0,0,917
02/09/2022,MCO,FL,ASO,ES,Towers with Radar,812,34,78,0,924,0,0,1,0,1,812,34,79,0,925,0,0,0,925
02/10/2022,MCO,FL,ASO,ES,Towers with Radar,917,47,80,0,1044,0,0,6,0,6,917,47,86,0,1050,0,0,0,1050
02/11/2022,MCO,FL,ASO,ES,Towers with Radar,932,43,31,1,1007,0,0,7,3,10,932,43,38,4,1017,0,0,0,1017
02/12/2022,MCO,FL,ASO,ES,Towers with Radar,980,26,37,0,1043,0,3,2,0,5,980,29,39,0,1048,0,0,0,1048
02/13/2022,MCO,FL,ASO,ES,Towers with Radar,858,31,31,0,920,0,2,4,3,9,858,33,35,3,929,0,0,0,929
02/14/2022,MCO,FL,ASO,ES,Towers with Radar,916,44,48,0,1008,0,5,3,0,8,916,49,51,0,1016,0,0,0,1016
02/15/2022,MCO,FL,ASO,ES,Towers with Radar,842,35,26,0,903,0,0,2,0,2,842,35,28,0,905,0,0,0,905
02/16/2022,MCO,FL,ASO,ES,Towers with Radar,830,39,56,2,927,0,0,8,0,8,830,39,64,2,935,0,0,0,935
02/17/2022,MCO,FL,ASO,ES,Towers with Radar,918,42,53,0,1013,0,0,1,0,1,918,42,54,0,1014,0,0,0,1014
02/18/2022,MCO,FL,ASO,ES,Towers with Radar,952,47,70,0,1069,0,0,3,5,8,952,47,73,5,1077,0,0,0,1077
02/19/2022,MCO,FL,ASO,ES,Towers with Radar,1036,50,25,0,1111,0,0,7,2,9,1036,50,32,2,1120,0,0,0,1120
02/20/2022,MCO,FL,ASO,ES,Towers with Radar,922,47,49,0,1018,0,0,4,5,9,922,47,53,5,1027,0,0,0,1027
02/21/2022,MCO,FL,ASO,ES,Towers with Radar,952,54,64,0,1070,0,1,6,2,9,952,55,70,2,1079,0,0,0,1079
02/22/2022,MCO,FL,ASO,ES,Towers with Radar,906,51,50,2,1009,0,2,4,1,7,906,53,54,3,1016,0,0,0,1016
02/23/2022,MCO,FL,ASO,ES,Towers with Radar,888,50,85,2,1025,0,0,3,0,3,888,50,88,2,1028,0,0,0,1028
02/24/2022,MCO,FL,ASO,ES,Towers with Radar,916,50,59,0,1025,0,0,12,0,12,916,50,71,0,1037,0,0,0,1037
02/25/2022,MCO,FL,ASO,ES,Towers with Radar,902,43,48,0,993,0,4,7,0,11,902,47,55,0,1004,0,0,0,1004
02/26/2022,MCO,FL,ASO,ES,Towers with Radar,1033,42,36,0,1111,1,0,9,0,10,1034,42,45,0,1121,0,0,0,1121
02/27/2022,MCO,FL,ASO,ES,Towers with Radar,924,55,60,0,1039,0,0,6,0,6,924,55,66,0,1045,0,0,0,1045
02/28/2022,MCO,FL,ASO,ES,Towers with Radar,957,48,53,0,1058,0,0,4,0,4,957,48,57,0,1062,0,0,0,1062
03/01/2022,MCO,FL,ASO,ES,Towers with Radar,900,52,35,1,988,0,0,6,0,6,900,52,41,1,994,0,0,0,994
03/02/2022,MCO,FL,ASO,ES,Towers with Radar,890,38,56,18,1002,0,0,9,0,9,890,38,65,18,1011,0,0,0,1011
03/03/2022,MCO,FL,ASO,ES,Towers with Radar,950,47,58,8,1063,0,0,4,0,4,950,47,62,8,1067,0,0,0,1067
03/04/2022,MCO,FL,ASO,ES,Towers with Radar,960,49,58,16,1083,0,0,9,1,10,960,49,67,17,1093,0,0,0,1093
03/05/2022,MCO,FL,ASO,ES,Towers with Radar,1028,34,35,0,1097,0,0,5,2,7,1028,34,40,2,1104,0,0,0,1104
03/06/2022,MCO,FL,ASO,ES,Towers with Radar,929,59,60,0,1048,0,3,5,2,10,929,62,65,2,1058,0,0,0,1058
03/07/2022,MCO,FL,ASO,ES,Towers with Radar,933,69,69,0,1071,0,0,7,4,11,933,69,76,4,1082,0,0,0,1082
03/08/2022,MCO,FL,ASO,ES,Towers with Radar,926,60,60,0,1046,0,0,4,0,4,926,60,64,0,1050,0,0,0,1050
03/09/2022,MCO,FL,ASO,ES,Towers with Radar,848,49,51,0,948,0,0,2,0,2,848,49,53,0,950,0,0,0,950
03/10/2022,MCO,FL,ASO,ES,Towers with Radar,954,40,50,0,1044,0,0,0,0,0,954,40,50,0,1044,0,0,0,1044
03/11/2022,MCO,FL,ASO,ES,Towers with Radar,948,60,53,0,1061,0,0,3,0,3,948,60,56,0,1064,0,0,0,1064
03/12/2022,MCO,FL,ASO,ES,Towers with Radar,938,42,47,1,1028,0,0,1,0,1,938,42,48,1,1029,0,0,0,1029
03/13/2022,MCO,FL,ASO,ES,Towers with Radar,960,51,58,0,1069,0,0,7,0,7,960,51,65,0,1076,0,0,0,1076
03/14/2022,MCO,FL,ASO,ES,Towers with Radar,969,60,33,0,1062,0,4,7,0,11,969,64,40,0,1073,0,0,0,1073
03/15/2022,MCO,FL,ASO,ES,Towers with Radar,905,62,54,0,1021,0,0,2,0,2,905,62,56,0,1023,0,0,0,1023
03/16/2022,MCO,FL,ASO,ES,Towers with Radar,950,42,47,0,1039,0,0,2,0,2,950,42,49,0,1041,0,0,0,1041
03/17/2022,MCO,FL,ASO,ES,Towers with Radar,1003,39,47,0,1089,0,0,6,0,6,1003,39,53,0,1095,0,0,0,1095
03/18/2022,MCO,FL,ASO,ES,Towers with Radar,971,48,58,1,1078,0,1,5,0,6,971,49,63,1,1084,0,0,0,1084
03/19/2022,MCO,FL,ASO,ES,Towers with Radar,1098,53,41,0,1192,0,3,0,0,3,1098,56,41,0,1195,0,0,0,1195
03/20/2022,MCO,FL,ASO,ES,Towers with Radar,1003,52,54,0,1109,0,3,4,0,7,1003,55,58,0,1116,0,0,0,1116
03/21/2022,MCO,FL,ASO,ES,Towers with Radar,983,42,53,0,1078,0,2,14,0,16,983,44,67,0,1094,0,0,0,1094
03/22/2022,MCO,FL,ASO,ES,Towers with Radar,930,47,45,0,1022,0,0,8,3,11,930,47,53,3,1033,0,0,0,1033
03/23/2022,MCO,FL,ASO,ES,Towers with Radar,919,39,65,0,1023,0,0,2,0,2,919,39,67,0,1025,0,0,0,1025
03/24/2022,MCO,FL,ASO,ES,Towers with Radar,984,40,51,0,1075,0,0,2,0,2,984,40,53,0,1077,0,0,0,1077
03/25/2022,MCO,FL,ASO,ES,Towers with Radar,1022,62,47,0,1131,0,2,2,0,4,1022,64,49,0,1135,0,0,0,1135
03/26/2022,MCO,FL,ASO,ES,Towers with Radar,1106,35,35,0,1176,0,6,9,0,15,1106,41,44,0,1191,0,0,0,1191
03/27/2022,MCO,FL,ASO,ES,Towers with Radar,980,51,80,0,1111,0,0,6,0,6,980,51,86,0,1117,0,0,0,1117
03/28/2022,MCO,FL,ASO,ES,Towers with Radar,966,57,69,0,1092,0,4,4,0,8,966,61,73,0,1100,0,0,0,1100
03/29/2022,MCO,FL,ASO,ES,Towers with Radar,938,27,59,0,1024,0,0,7,0,7,938,27,66,0,1031,0,0,0,1031
03/30/2022,MCO,FL,ASO,ES,Towers with Radar,915,40,62,0,1017,0,4,5,0,9,915,44,67,0,1026,0,0,0,1026
03/31/2022,MCO,FL,ASO,ES,Towers with Radar,879,45,61,0,985,0,0,0,0,0,879,45,61,0,985,0,0,0,985
04/01/2022,MCO,FL,ASO,ES,Towers with Radar,926,71,57,0,1054,0,1,6,0,7,926,72,63,0,1061,0,0,0,1061
04/02/2022,MCO,FL,ASO,ES,Towers with Radar,702,28,29,0,759,0,0,3,0,3,702,28,32,0,762,0,0,0,762
04/03/2022,MCO,FL,ASO,ES,Towers with Radar,812,66,85,0,963,0,0,2,0,2,812,66,87,0,965,0,0,0,965
04/04/2022,MCO,FL,ASO,ES,Towers with Radar,899,55,59,0,1013,0,4,10,0,14,899,59,69,0,1027,0,0,0,1027
04/05/2022,MCO,FL,ASO,ES,Towers with Radar,911,42,46,0,999,0,0,12,0,12,911,42,58,0,1011,0,0,0,1011
04/06/2022,MCO,FL,ASO,ES,Towers with Radar,919,38,59,0,1016,0,5,8,0,13,919,43,67,0,1029,0,0,0,1029
04/07/2022,MCO,FL,ASO,ES,Towers with Radar,817,48,42,0,907,0,1,4,0,5,817,49,46,0,912,0,0,0,912
04/08/2022,MCO,FL,ASO,ES,Towers with Radar,980,59,83,0,1122,0,0,10,4,14,980,59,93,4,1136,0,0,0,1136
04/09/2022,MCO,FL,ASO,ES,Towers with Radar,999,40,40,0,1079,0,0,6,0,6,999,40,46,0,1085,0,0,0,1085
04/10/2022,MCO,FL,ASO,ES,Towers with Radar,937,64,44,0,1045,0,0,12,0,12,937,64,56,0,1057,0,0,0,1057
04/11/2022,MCO,FL,ASO,ES,Towers with Radar,942,40,42,0,1024,0,0,6,0,6,942,40,48,0,1030,0,0,0,1030
04/12/2022,MCO,FL,ASO,ES,Towers with Radar,943,57,42,0,1042,0,0,9,0,9,943,57,51,0,1051,0,0,0,1051
04/13/2022,MCO,FL,ASO,ES,Towers with Radar,912,47,53,0,1012,0,0,7,2,9,912,47,60,2,1021,0,0,0,1021
04/14/2022,MCO,FL,ASO,ES,Towers with Radar,966,65,80,2,1113,0,0,2,0,2,966,65,82,2,1115,0,0,0,1115
04/15/2022,MCO,FL,ASO,ES,Towers with Radar,967,71,40,0,1078,0,0,4,0,4,967,71,44,0,1082,0,0,0,1082
04/16/2022,MCO,FL,ASO,ES,Towers with Radar,1047,32,31,0,1110,0,0,3,2,5,1047,32,34,2,1115,0,0,0,1115
04/17/2022,MCO,FL,ASO,ES,Towers with Radar,899,44,32,1,976,0,0,3,0,3,899,44,35,1,979,0,0,0,979
04/18/2022,MCO,FL,ASO,ES,Towers with Radar,964,44,41,0,1049,0,5,9,1,15,964,49,50,1,1064,0,0,0,1064
04/19/2022,MCO,FL,ASO,ES,Towers with Radar,955,39,34,2,1030,0,0,6,0,6,955,39,40,2,1036,0,0,0,1036
04/20/2022,MCO,FL,ASO,ES,Towers with Radar,929,36,53,1,1019,0,7,8,1,16,929,43,61,2,1035,0,0,0,1035
04/21/2022,MCO,FL,ASO,ES,Towers with Radar,972,43,47,0,1062,0,4,7,0,11,972,47,54,0,1073,0,0,0,1073
04/22/2022,MCO,FL,ASO,ES,Towers with Radar,994,52,45,0,1091,0,0,6,0,6,994,52,51,0,1097,0,0,0,1097
04/23/2022,MCO,FL,ASO,ES,Towers with Radar,1015,25,36,0,1076,0,0,7,0,7,1015,25,43,0,1083,0,0,0,1083
04/24/2022,MCO,FL,ASO,ES,Towers with Radar,972,52,68,0,1092,0,0,6,0,6,972,52,74,0,1098,0,0,0,1098
04/25/2022,MCO,FL,ASO,ES,Towers with Radar,971,49,37,0,1057,0,1,10,0,11,971,50,47,0,1068,0,0,0,1068
04/26/2022,MCO,FL,ASO,ES,Towers with Radar,952,46,30,0,1028,0,1,14,0,15,952,47,44,0,1043,0,0,0,1043
04/27/2022,MCO,FL,ASO,ES,Towers with Radar,897,59,47,2,1005,0,0,14,3,17,897,59,61,5,1022,0,0,0,1022
04/28/2022,MCO,FL,ASO,ES,Towers with Radar,944,54,52,0,1050,0,7,4,0,11,944,61,56,0,1061,0,0,0,1061
04/29/2022,MCO,FL,ASO,ES,Towers with Radar,970,44,30,0,1044,0,4,3,0,7,970,48,33,0,1051,0,0,0,1051
04/30/2022,MCO,FL,ASO,ES,Towers with Radar,981,35,19,1,1036,0,0,2,0,2,981,35,21,1,1038,0,0,0,1038
05/01/2022,MCO,FL,ASO,ES,Towers with Radar,883,56,37,3,979,0,0,6,0,6,883,56,43,3,985,0,0,0,985
05/02/2022,MCO,FL,ASO,ES,Towers with Radar,944,47,39,0,1030,0,0,10,0,10,944,47,49,0,1040,0,0,0,1040
05/03/2022,MCO,FL,ASO,ES,Towers with Radar,921,54,41,0,1016,0,0,5,0,5,921,54,46,0,1021,0,0,0,1021
05/04/2022,MCO,FL,ASO,ES,Towers with Radar,883,39,44,0,966,0,2,6,0,8,883,41,50,0,974,0,0,0,974
05/05/2022,MCO,FL,ASO,ES,Towers with Radar,927,47,44,0,1018,0,1,5,0,6,927,48,49,0,1024,0,0,0,1024
05/06/2022,MCO,FL,ASO,ES,Towers with Radar,946,51,35,0,1032,0,2,7,0,9,946,53,42,0,1041,0,0,0,1041
05/07/2022,MCO,FL,ASO,ES,Towers with Radar,988,21,39,0,1048,0,1,2,0,3,988,22,41,0,1051,0,0,0,1051
05/08/2022,MCO,FL,ASO,ES,Towers with Radar,924,36,44,0,1004,0,0,6,0,6,924,36,50,0,1010,0,0,0,1010
05/09/2022,MCO,FL,ASO,ES,Towers with Radar,935,43,52,0,1030,0,7,4,0,11,935,50,56,0,1041,0,0,0,1041
05/10/2022,MCO,FL,ASO,ES,Towers with Radar,914,39,33,0,986,0,1,2,0,3,914,40,35,0,989,0,0,0,989
05/11/2022,MCO,FL,ASO,ES,Towers with Radar,896,31,49,2,978,0,0,12,0,12,896,31,61,2,990,0,0,0,990
05/12/2022,MCO,FL,ASO,ES,Towers with Radar,935,46,43,0,1024,0,1,6,0,7,935,47,49,0,1031,0,0,0,1031
05/13/2022,MCO,FL,ASO,ES,Towers with Radar,920,38,32,1,991,0,0,4,1,5,920,38,36,2,996,0,0,0,996
05/14/2022,MCO,FL,ASO,ES,Towers with Radar,992,22,26,1,1041,0,0,6,1,7,992,22,32,2,1048,0,0,0,1048
05/15/2022,MCO,FL,ASO,ES,Towers with Radar,905,48,29,0,982,0,0,6,0,6,905,48,35,0,988,0,0,0,988
05/16/2022,MCO,FL,ASO,ES,Towers with Radar,939,45,30,0,1014,0,2,9,0,11,939,47,39,0,1025,0,0,0,1025
05/17/2022,MCO,FL,ASO,ES,Towers with Radar,902,43,35,0,980,0,0,8,0,8,902,43,43,0,988,0,0,0,988
05/18/2022,MCO,FL,ASO,ES,Towers with Radar,915,38,47,0,1000,0,1,7,0,8,915,39,54,0,1008,0,0,0,1008
05/19/2022,MCO,FL,ASO,ES,Towers with Radar,940,40,42,0,1022,0,4,0,0,4,940,44,42,0,1026,0,0,0,1026
05/20/2022,MCO,FL,ASO,ES,Towers with Radar,875,36,26,1,938,0,0,2,0,2,875,36,28,1,940,0,0,0,940
05/21/2022,MCO,FL,ASO,ES,Towers with Radar,930,42,23,0,995,0,0,0,0,0,930,42,23,0,995,0,0,0,995
05/22/2022,MCO,FL,ASO,ES,Towers with Radar,898,42,49,0,989,0,0,1,0,1,898,42,50,0,990,0,0,0,990
05/23/2022,MCO,FL,ASO,ES,Towers with Radar,928,33,30,0,991,0,0,6,0,6,928,33,36,0,997,0,0,0,997
05/24/2022,MCO,FL,ASO,ES,Towers with Radar,912,40,21,1,974,0,3,15,0,18,912,43,36,1,992,0,0,0,992
05/25/2022,MCO,FL,ASO,ES,Towers with Radar,891,33,45,0,969,0,0,8,0,8,891,33,53,0,977,0,0,0,977
05/26/2022,MCO,FL,ASO,ES,Towers with Radar,934,32,30,0,996,0,2,13,0,15,934,34,43,0,1011,0,0,0,1011
05/27/2022,MCO,FL,ASO,ES,Towers with Radar,915,39,41,0,995,0,0,8,0,8,915,39,49,0,1003,0,0,0,1003
05/28/2022,MCO,FL,ASO,ES,Towers with Radar,959,20,20,0,999,0,1,4,0,5,959,21,24,0,1004,0,0,0,1004
05/29/2022,MCO,FL,ASO,ES,Towers with Radar,932,35,21,0,988,0,0,0,0,0,932,35,21,0,988,0,0,0,988
05/30/2022,MCO,FL,ASO,ES,Towers with Radar,924,41,28,1,994,0,0,3,0,3,924,41,31,1,997,0,0,0,997
05/31/2022,MCO,FL,ASO,ES,Towers with Radar,888,34,40,1,963,0,0,2,0,2,888,34,42,1,965,0,0,0,965
06/01/2022,MCO,FL,ASO,ES,Towers with Radar,865,26,19,0,910,0,0,7,0,7,865,26,26,0,917,0,0,0,917
06/02/2022,MCO,FL,ASO,ES,Towers with Radar,888,30,26,0,944,0,4,3,0,7,888,34,29,0,951,0,0,0,951
06/03/2022,MCO,FL,ASO,ES,Towers with Radar,925,41,35,1,1002,0,2,0,1,3,925,43,35,2,1005,0,0,0,1005
06/04/2022,MCO,FL,ASO,ES,Towers with Radar,952,20,24,1,997,0,0,0,0,0,952,20,24,1,997,0,0,0,997
06/05/2022,MCO,FL,ASO,ES,Towers with Radar,863,48,42,1,954,0,0,0,0,0,863,48,42,1,954,0,0,0,954
06/06/2022,MCO,FL,ASO,ES,Towers with Radar,863,43,26,0,932,0,0,4,0,4,863,43,30,0,936,0,0,0,936
06/07/2022,MCO,FL,ASO,ES,Towers with Radar,895,43,29,1,968,0,0,1,0,1,895,43,30,1,969,0,0,0,969
06/08/2022,MCO,FL,ASO,ES,Towers with Radar,851,39,28,5,923,0,0,11,0,11,851,39,39,5,934,0,0,0,934
06/09/2022,MCO,FL,ASO,ES,Towers with Radar,894,41,30,0,965,0,2,6,0,8,894,43,36,0,973,0,0,0,973
06/10/2022,MCO,FL,ASO,ES,Towers with Radar,871,46,25,0,942,0,1,2,0,3,871,47,27,0,945,0,0,0,945
06/11/2022,MCO,FL,ASO,ES,Towers with Radar,1000,28,30,1,1059,1,0,1,0,2,1001,28,31,1,1061,0,0,0,1061
06/12/2022,MCO,FL,ASO,ES,Towers with Radar,868,32,32,0,932,0,4,3,0,7,868,36,35,0,939,0,0,0,939
06/13/2022,MCO,FL,ASO,ES,Towers with Radar,912,40,24,0,976,0,6,6,0,12,912,46,30,0,988,0,0,0,988
06/14/2022,MCO,FL,ASO,ES,Towers with Radar,886,25,34,0,945,0,4,5,0,9,886,29,39,0,954,0,0,0,954
06/15/2022,MCO,FL,ASO,ES,Towers with Radar,900,23,38,0,961,0,4,6,0,10,900,27,44,0,971,0,0,0,971
06/16/2022,MCO,FL,ASO,ES,Towers with Radar,856,30,36,2,924,0,0,2,0,2,856,30,38,2,926,0,0,0,926
06/17/2022,MCO,FL,ASO,ES,Towers with Radar,906,32,41,0,979,0,4,8,0,12,906,36,49,0,991,0,0,0,991
06/18/2022,MCO,FL,ASO,ES,Towers with Radar,947,27,26,0,1000,0,0,2,0,2,947,27,28,0,1002,0,0,0,1002
06/19/2022,MCO,FL,ASO,ES,Towers with Radar,897,24,23,0,944,0,0,3,0,3,897,24,26,0,947,0,0,0,947
06/20/2022,MCO,FL,ASO,ES,Towers with Radar,920,43,60,2,1025,0,0,5,0,5,920,43,65,2,1030,0,0,0,1030
06/21/2022,MCO,FL,ASO,ES,Towers with Radar,880,37,19,0,936,0,0,8,0,8,880,37,27,0,944,0,0,0,944
06/22/2022,MCO,FL,ASO,ES,Towers with Radar,837,36,42,0,915,0,1,5,0,6,837,37,47,0,921,0,0,0,921
06/23/2022,MCO,FL,ASO,ES,Towers with Radar,922,37,40,0,999,0,1,11,0,12,922,38,51,0,1011,0,0,0,1011
06/24/2022,MCO,FL,ASO,ES,Towers with Radar,868,31,28,0,927,0,0,4,0,4,868,31,32,0,931,0,0,0,931
06/25/2022,MCO,FL,ASO,ES,Towers with Radar,1011,25,29,0,1065,0,1,2,0,3,1011,26,31,0,1068,0,0,0,1068
06/26/2022,MCO,FL,ASO,ES,Towers with Radar,911,28,55,0,994,0,0,2,0,2,911,28,57,0,996,0,0,0,996
06/27/2022,MCO,FL,ASO,ES,Towers with Radar,879,27,39,0,945,0,3,2,0,5,879,30,41,0,950,0,0,0,950
06/28/2022,MCO,FL,ASO,ES,Towers with Radar,904,28,30,0,962,2,0,4,0,6,906,28,34,0,968,0,0,0,968
06/29/2022,MCO,FL,ASO,ES,Towers with Radar,878,29,37,0,944,0,0,5,0,5,878,29,42,0,949,0,0,0,949
06/30/2022,MCO,FL,ASO,ES,Towers with Radar,926,34,49,0,1009,0,0,2,0,2,926,34,51,0,1011,0,0,0,1011
07/01/2022,MCO,FL,ASO,ES,Towers with Radar,907,37,24,0,968,0,0,3,0,3,907,37,27,0,971,0,0,0,971
07/02/2022,MCO,FL,ASO,ES,Towers with Radar,1012,22,18,0,1052,0,5,3,0,8,1012,27,21,0,1060,0,0,0,1060
07/03/2022,MCO,FL,ASO,ES,Towers with Radar,911,30,21,0,962,0,2,2,0,4,911,32,23,0,966,0,0,0,966
07/04/2022,MCO,FL,ASO,ES,Towers with Radar,893,18,14,0,925,0,0,1,0,1,893,18,15,0,926,0,0,0,926
07/05/2022,MCO,FL,ASO,ES,Towers with Radar,878,20,16,0,914,0,2,4,0,6,878,22,20,0,920,0,0,0,920
07/06/2022,MCO,FL,ASO,ES,Towers with Radar,892,23,29,0,944,0,0,2,0,2,892,23,31,0,946,0,0,0,946
07/07/2022,MCO,FL,ASO,ES,Towers with Radar,940,37,42,2,1021,0,4,2,0,6,940,41,44,2,1027,0,0,0,1027
07/08/2022,MCO,FL,ASO,ES,Towers with Radar,931,31,22,0,984,0,4,4,0,8,931,35,26,0,992,0,0,0,992
07/09/2022,MCO,FL,ASO,ES,Towers with Radar,990,17,21,1,1029,0,0,5,0,5,990,17,26,1,1034,0,0,0,1034
07/10/2022,MCO,FL,ASO,ES,Towers with Radar,938,24,24,1,987,0,0,1,0,1,938,24,25,1,988,0,0,0,988
07/11/2022,MCO,FL,ASO,ES,Towers with Radar,916,35,28,0,979,1,0,8,0,9,917,35,36,0,988,0,0,0,988
07/12/2022,MCO,FL,ASO,ES,Towers with Radar,918,28,34,0,980,0,1,5,0,6,918,29,39,0,986,0,0,0,986
07/13/2022,MCO,FL,ASO,ES,Towers with Radar,888,36,28,1,953,0,1,4,0,5,888,37,32,1,958,0,0,0,958
07/14/2022,MCO,FL,ASO,ES,Towers with Radar,927,35,35,3,1000,0,1,0,0,1,927,36,35,3,1001,0,0,0,1001
07/15/2022,MCO,FL,ASO,ES,Towers with Radar,950,31,22,0,1003,0,1,9,0,10,950,32,31,0,1013,0,0,0,1013
07/16/2022,MCO,FL,ASO,ES,Towers with Radar,1013,25,32,0,1070,0,0,2,0,2,1013,25,34,0,1072,0,0,0,1072
07/17/2022,MCO,FL,ASO,ES,Towers with Radar,905,29,53,0,987,0,1,4,0,5,905,30,57,0,992,0,0,0,992
07/18/2022,MCO,FL,ASO,ES,Towers with Radar,895,33,27,0,955,0,0,4,0,4,895,33,31,0,959,0,0,0,959
07/19/2022,MCO,FL,ASO,ES,Towers with Radar,919,28,24,0,971,0,3,4,0,7,919,31,28,0,978,0,0,0,978
07/20/2022,MCO,FL,ASO,ES,Towers with Radar,902,27,35,0,964,0,0,0,0,0,902,27,35,0,964,0,0,0,964
07/21/2022,MCO,FL,ASO,ES,Towers with Radar,927,31,30,0,988,0,9,8,0,17,927,40,38,0,1005,0,0,0,1005
07/22/2022,MCO,FL,ASO,ES,Towers with Radar,938,33,27,0,998,0,0,6,0,6,938,33,33,0,1004,0,0,0,1004
07/23/2022,MCO,FL,ASO,ES,Towers with Radar,995,14,20,0,1029,0,4,4,0,8,995,18,24,0,1037,0,0,0,1037
07/24/2022,MCO,FL,ASO,ES,Towers with Radar,928,28,37,1,994,0,0,14,0,14,928,28,51,1,1008,0,0,0,1008
07/25/2022,MCO,FL,ASO,ES,Towers with Radar,887,32,37,0,956,0,0,2,0,2,887,32,39,0,958,0,0,0,958
07/26/2022,MCO,FL,ASO,ES,Towers with Radar,910,25,22,1,958,0,1,1,0,2,910,26,23,1,960,0,0,0,960
07/27/2022,MCO,FL,ASO,ES,Towers with Radar,909,31,30,2,972,0,1,12,0,13,909,32,42,2,985,0,0,0,985
07/28/2022,MCO,FL,ASO,ES,Towers with Radar,919,37,30,0,986,0,6,13,1,20,919,43,43,1,1006,0,0,0,1006
07/29/2022,MCO,FL,ASO,ES,Towers with Radar,944,27,32,1,1004,0,8,1,1,10,944,35,33,2,1014,0,0,0,1014
07/30/2022,MCO,FL,ASO,ES,Towers with Radar,1033,25,32,0,1090,0,4,2,2,8,1033,29,34,2,1098,0,0,0,1098
07/31/2022,MCO,FL,ASO,ES,Towers with Radar,905,39,31,2,977,0,7,7,0,14,905,46,38,2,991,0,0,0,991
08/01/2022,MCO,FL,ASO,ES,Towers with Radar,896,37,36,0,969,0,0,8,0,8,896,37,44,0,977,0,0,0,977
08/02/2022,MCO,FL,ASO,ES,Towers with Radar,930,27,26,0,983,0,0,8,0,8,930,27,34,0,991,0,0,0,991
08/03/2022,MCO,FL,ASO,ES,Towers with Radar,881,32,27,0,940,0,0,5,0,5,881,32,32,0,945,0,0,0,945
08/04/2022,MCO,FL,ASO,ES,Towers with Radar,887,37,32,0,956,0,6,11,0,17,887,43,43,0,973,0,0,0,973
08/05/2022,MCO,FL,ASO,ES,Towers with Radar,919,36,31,2,988,0,0,12,5,17,919,36,43,7,1005,0,0,0,1005
08/06/2022,MCO,FL,ASO,ES,Towers with Radar,1029,29,29,0,1087,0,5,2,0,7,1029,34,31,0,1094,0,0,0,1094
08/07/2022,MCO,FL,ASO,ES,Towers with Radar,927,36,39,3,1005,0,3,0,1,4,927,39,39,4,1009,0,0,0,1009
08/08/2022,MCO,FL,ASO,ES,Towers with Radar,918,45,30,0,993,0,0,8,0,8,918,45,38,0,1001,0,0,0,1001
08/09/2022,MCO,FL,ASO,ES,Towers with Radar,895,37,20,0,952,0,0,11,0,11,895,37,31,0,963,0,0,0,963
08/10/2022,MCO,FL,ASO,ES,Towers with Radar,876,25,29,0,930,1,4,6,0,11,877,29,35,0,941,0,0,0,941
08/11/2022,MCO,FL,ASO,ES,Towers with Radar,920,38,25,0,983,0,2,8,0,10,920,40,33,0,993,0,0,0,993
08/12/2022,MCO,FL,ASO,ES,Towers with Radar,939,30,34,0,1003,0,2,4,0,6,939,32,38,0,1009,0,0,0,1009
08/13/2022,MCO,FL,ASO,ES,Towers with Radar,1018,18,10,0,1046,0,0,1,0,1,1018,18,11,0,1047,0,0,0,1047
08/14/2022,MCO,FL,ASO,ES,Towers with Radar,922,31,17,0,970,0,0,6,0,6,922,31,23,0,976,0,0,0,976
08/15/2022,MCO,FL,ASO,ES,Towers with Radar,927,30,32,0,989,0,4,2,0,6,927,34,34,0,995,0,0,0,995
08/16/2022,MCO,FL,ASO,ES,Towers with Radar,888,28,25,0,941,0,0,4,0,4,888,28,29,0,945,0,0,0,945
08/17/2022,MCO,FL,ASO,ES,Towers with Radar,889,33,45,2,969,0,0,12,0,12,889,33,57,2,981,0,0,0,981
08/18/2022,MCO,FL,ASO,ES,Towers with Radar,892,37,33,0,962,2,0,6,2,10,894,37,39,2,972,0,0,0,972
08/19/2022,MCO,FL,ASO,ES,Towers with Radar,872,34,33,1,940,1,4,10,1,16,873,38,43,2,956,0,0,0,956
08/20/2022,MCO,FL,ASO,ES,Towers with Radar,1066,19,25,3,1113,0,2,3,0,5,1066,21,28,3,1118,0,0,0,1118
08/21/2022,MCO,FL,ASO,ES,Towers with Radar,882,25,35,2,944,0,0,4,0,4,882,25,39,2,948,0,0,0,948
08/22/2022,MCO,FL,ASO,ES,Towers with Radar,885,29,26,0,940,0,0,2,0,2,885,29,28,0,942,0,0,0,942
08/23/2022,MCO,FL,ASO,ES,Towers with Radar,886,29,28,3,946,0,0,3,0,3,886,29,31,3,949,0,0,0,949
08/24/2022,MCO,FL,ASO,ES,Towers with Radar,882,27,34,5,948,0,5,6,0,11,882,32,40,5,959,0,0,0,959
08/25/2022,MCO,FL,ASO,ES,Towers with Radar,915,38,36,0,989,0,0,0,0,0,915,38,36,0,989,0,0,0,989
08/26/2022,MCO,FL,ASO,ES,Towers with Radar,919,38,20,5,982,1,0,2,0,3,920,38,22,5,985,0,0,0,985
08/27/2022,MCO,FL,ASO,ES,Towers with Radar,982,15,12,6,1015,0,0,5,0,5,982,15,17,6,1020,0,0,0,1020
08/28/2022,MCO,FL,ASO,ES,Towers with Radar,895,23,22,6,946,0,0,0,0,0,895,23,22,6,946,0,0,0,946
08/29/2022,MCO,FL,ASO,ES,Towers with Radar,891,39,39,5,974,0,0,2,0,2,891,39,41,5,976,0,0,0,976
08/30/2022,MCO,FL,ASO,ES,Towers with Radar,869,24,36,0,929,0,8,3,0,11,869,32,39,0,940,0,0,0,940
08/31/2022,MCO,FL,ASO,ES,Towers with Radar,885,25,27,2,939,0,2,6,0,8,885,27,33,2,947,0,0,0,947
09/01/2022,MCO,FL,ASO,ES,Towers with Radar,919,45,41,0,1005,0,0,9,0,9,919,45,50,0,1014,0,0,0,1014
09/02/2022,MCO,FL,ASO,ES,Towers with Radar,928,33,30,0,991,1,0,5,0,6,929,33,35,0,997,0,0,0,997
09/03/2022,MCO,FL,ASO,ES,Towers with Radar,985,18,16,0,1019,0,0,2,0,2,985,18,18,0,1021,0,0,0,1021
09/04/2022,MCO,FL,ASO,ES,Towers with Radar,861,22,11,0,894,0,0,5,0,5,861,22,16,0,899,0,0,0,899
09/05/2022,MCO,FL,ASO,ES,Towers with Radar,894,35,26,0,955,0,4,4,0,8,894,39,30,0,963,0,0,0,963
09/06/2022,MCO,FL,ASO,ES,Towers with Radar,843,15,25,2,885,0,1,4,0,5,843,16,29,2,890,0,0,0,890
09/07/2022,MCO,FL,ASO,ES,Towers with Radar,822,32,31,4,889,0,0,0,0,0,822,32,31,4,889,0,0,0,889
09/08/2022,MCO,FL,ASO,ES,Towers with Radar,885,30,23,2,940,0,0,9,0,9,885,30,32,2,949,0,0,0,949
09/09/2022,MCO,FL,ASO,ES,Towers with Radar,869,37,31,2,939,0,0,2,0,2,869,37,33,2,941,0,0,0,941
09/10/2022,MCO,FL,ASO,ES,Towers with Radar,961,21,27,0,1009,0,0,5,0,5,961,21,32,0,1014,0,0,0,1014
09/11/2022,MCO,FL,ASO,ES,Towers with Radar,912,29,44,0,985,0,0,2,0,2,912,29,46,0,987,0,0,0,987
09/12/2022,MCO,FL,ASO,ES,Towers with Radar,858,42,28,2,930,0,0,2,0,2,858,42,30,2,932,0,0,0,932
09/13/2022,MCO,FL,ASO,ES,Towers with Radar,828,24,25,0,877,1,1,6,0,8,829,25,31,0,885,0,0,0,885
09/14/2022,MCO,FL,ASO,ES,Towers with Radar,801,30,31,1,863,0,0,3,0,3,801,30,34,1,866,0,0,0,866
09/15/2022,MCO,FL,ASO,ES,Towers with Radar,892,43,35,0,970,0,2,1,0,3,892,45,36,0,973,0,0,0,973
09/16/2022,MCO,FL,ASO,ES,Towers with Radar,888,31,50,0,969,0,5,1,4,10,888,36,51,4,979,0,0,0,979
09/17/2022,MCO,FL,ASO,ES,Towers with Radar,912,22,22,0,956,0,0,2,0,2,912,22,24,0,958,0,0,0,958
09/18/2022,MCO,FL,ASO,ES,Towers with Radar,861,33,36,2,932,0,0,2,2,4,861,33,38,4,936,0,0,0,936
09/19/2022,MCO,FL,ASO,ES,Towers with Radar,809,51,27,0,887,0,0,2,0,2,809,51,29,0,889,0,0,0,889
09/20/2022,MCO,FL,ASO,ES,Towers with Radar,832,37,17,0,886,0,0,0,0,0,832,37,17,0,886,0,0,0,886
09/21/2022,MCO,FL,ASO,ES,Towers with Radar,819,37,28,0,884,0,1,1,0,2,819,38,29,0,886,0,0,0,886
09/22/2022,MCO,FL,ASO,ES,Towers with Radar,858,36,33,0,927,0,0,8,0,8,858,36,41,0,935,0,0,0,935
09/23/2022,MCO,FL,ASO,ES,Towers with Radar,890,46,43,0,979,0,0,7,0,7,890,46,50,0,986,0,0,0,986
09/24/2022,MCO,FL,ASO,ES,Towers with Radar,934,18,13,0,965,0,2,5,0,7,934,20,18,0,972,0,0,0,972
09/25/2022,MCO,FL,ASO,ES,Towers with Radar,894,37,34,0,965,0,1,15,0,16,894,38,49,0,981,0,0,0,981
09/26/2022,MCO,FL,ASO,ES,Towers with Radar,872,38,36,0,946,0,0,5,0,5,872,38,41,0,951,0,0,0,951
09/27/2022,MCO,FL,ASO,ES,Towers with Radar,837,34,34,0,905,0,0,7,0,7,837,34,41,0,912,0,0,0,912
09/28/2022,MCO,FL,ASO,ES,Towers with Radar,136,5,6,0,147,0,0,0,0,0,136,5,6,0,147,0,0,0,147
09/29/2022,MCO,FL,ASO,ES,Towers with Radar,0,0,0,0,0,0,0,0,0,0,0,0,0,0,0,0,0,0,0
09/30/2022,MCO,FL,ASO,ES,Towers with Radar,392,24,17,0,433,0,4,11,0,15,392,28,28,0,448,0,0,0,448
10/01/2022,MCO,FL,ASO,ES,Towers with Radar,909,18,17,0,944,0,5,6,0,11,909,23,23,0,955,0,0,0,955
10/02/2022,MCO,FL,ASO,ES,Towers with Radar,915,28,28,0,971,0,1,11,0,12,915,29,39,0,983,0,0,0,983
10/03/2022,MCO,FL,ASO,ES,Towers with Radar,874,32,21,0,927,0,4,3,0,7,874,36,24,0,934,0,0,0,934
10/04/2022,MCO,FL,ASO,ES,Towers with Radar,854,30,29,0,913,0,0,4,0,4,854,30,33,0,917,0,0,0,917
10/05/2022,MCO,FL,ASO,ES,Towers with Radar,846,33,39,0,918,0,2,1,0,3,846,35,40,0,921,0,0,0,921
10/06/2022,MCO,FL,ASO,ES,Towers with Radar,923,49,48,0,1020,0,3,8,0,11,923,52,56,0,1031,0,0,0,1031
10/07/2022,MCO,FL,ASO,ES,Towers with Radar,915,44,33,0,992,0,5,1,0,6,915,49,34,0,998,0,0,0,998
10/08/2022,MCO,FL,ASO,ES,Towers with Radar,988,28,32,0,1048,1,4,11,0,16,989,32,43,0,1064,0,0,0,1064
10/09/2022,MCO,FL,ASO,ES,Towers with Radar,945,44,36,2,1027,0,1,1,0,2,945,45,37,2,1029,0,0,0,1029
10/10/2022,MCO,FL,ASO,ES,Towers with Radar,909,47,36,0,992,0,2,1,0,3,909,49,37,0,995,0,0,0,995
10/11/2022,MCO,FL,ASO,ES,Towers with Radar,906,43,32,0,981,0,7,3,0,10,906,50,35,0,991,0,0,0,991
10/12/2022,MCO,FL,ASO,ES,Towers with Radar,895,52,35,0,982,0,8,2,0,10,895,60,37,0,992,0,0,0,992
10/13/2022,MCO,FL,ASO,ES,Towers with Radar,939,48,35,0,1022,0,0,5,0,5,939,48,40,0,1027,0,0,0,1027
10/14/2022,MCO,FL,ASO,ES,Towers with Radar,935,49,48,2,1034,0,6,0,1,7,935,55,48,3,1041,0,0,0,1041
10/15/2022,MCO,FL,ASO,ES,Towers with Radar,984,26,24,2,1036,0,0,2,0,2,984,26,26,2,1038,0,0,0,1038
10/16/2022,MCO,FL,ASO,ES,Towers with Radar,948,54,60,0,1062,1,6,1,1,9,949,60,61,1,1071,0,0,0,1071
10/17/2022,MCO,FL,ASO,ES,Towers with Radar,909,77,75,0,1061,0,0,4,0,4,909,77,79,0,1065,0,0,0,1065
10/18/2022,MCO,FL,ASO,ES,Towers with Radar,910,44,58,1,1013,0,2,9,0,11,910,46,67,1,1024,0,0,0,1024
10/19/2022,MCO,FL,ASO,ES,Towers with Radar,922,51,61,0,1034,0,0,4,0,4,922,51,65,0,1038,0,0,0,1038
10/20/2022,MCO,FL,ASO,ES,Towers with Radar,935,61,81,0,1077,0,4,6,0,10,935,65,87,0,1087,0,0,0,1087
10/21/2022,MCO,FL,ASO,ES,Towers with Radar,928,49,53,1,1031,1,0,8,0,9,929,49,61,1,1040,0,0,0,1040
10/22/2022,MCO,FL,ASO,ES,Towers with Radar,1005,37,30,3,1075,0,6,6,0,12,1005,43,36,3,1087,0,0,0,1087
10/23/2022,MCO,FL,ASO,ES,Towers with Radar,972,43,50,3,1068,0,0,7,0,7,972,43,57,3,1075,0,0,0,1075
10/24/2022,MCO,FL,ASO,ES,Towers with Radar,891,27,31,1,950,0,6,8,0,14,891,33,39,1,964,0,0,0,964
10/25/2022,MCO,FL,ASO,ES,Towers with Radar,905,46,29,0,980,0,6,5,0,11,905,52,34,0,991,0,0,0,991
10/26/2022,MCO,FL,ASO,ES,Towers with Radar,921,49,58,2,1030,0,10,19,0,29,921,59,77,2,1059,0,0,0,1059
10/27/2022,MCO,FL,ASO,ES,Towers with Radar,952,61,69,0,1082,0,2,3,0,5,952,63,72,0,1087,0,0,0,1087
10/28/2022,MCO,FL,ASO,ES,Towers with Radar,923,52,40,0,1015,0,2,10,0,12,923,54,50,0,1027,0,0,0,1027
10/29/2022,MCO,FL,ASO,ES,Towers with Radar,1007,29,34,0,1070,0,2,1,0,3,1007,31,35,0,1073,0,0,0,1073
10/30/2022,MCO,FL,ASO,ES,Towers with Radar,965,39,28,0,1032,0,4,6,0,10,965,43,34,0,1042,0,0,0,1042
10/31/2022,MCO,FL,ASO,ES,Towers with Radar,901,41,29,0,971,0,0,3,0,3,901,41,32,0,974,0,0,0,974
11/01/2022,MCO,FL,ASO,ES,Towers with Radar,910,39,53,0,1002,0,0,10,0,10,910,39,63,0,1012,0,0,0,1012
11/02/2022,MCO,FL,ASO,ES,Towers with Radar,914,43,40,0,997,0,8,9,2,19,914,51,49,2,1016,0,0,0,1016
11/03/2022,MCO,FL,ASO,ES,Towers with Radar,960,44,55,0,1059,0,0,7,0,7,960,44,62,0,1066,0,0,0,1066
11/04/2022,MCO,FL,ASO,ES,Towers with Radar,954,35,55,2,1046,0,2,12,1,15,954,37,67,3,1061,0,0,0,1061
11/05/2022,MCO,FL,ASO,ES,Towers with Radar,1030,29,19,0,1078,0,0,10,0,10,1030,29,29,0,1088,0,0,0,1088
11/06/2022,MCO,FL,ASO,ES,Towers with Radar,959,37,34,0,1030,0,2,3,1,6,959,39,37,1,1036,0,0,0,1036
11/07/2022,MCO,FL,ASO,ES,Towers with Radar,959,31,24,0,1014,0,6,9,0,15,959,37,33,0,1029,0,0,0,1029
11/08/2022,MCO,FL,ASO,ES,Towers with Radar,931,37,30,0,998,0,1,2,0,3,931,38,32,0,1001,0,0,0,1001
11/09/2022,MCO,FL,ASO,ES,Towers with Radar,467,20,34,0,521,0,0,0,0,0,467,20,34,0,521,0,0,0,521
11/10/2022,MCO,FL,ASO,ES,Towers with Radar,38,2,8,0,48,0,0,0,0,0,38,2,8,0,48,0,0,0,48
11/11/2022,MCO,FL,ASO,ES,Towers with Radar,832,45,62,0,939,0,0,9,0,9,832,45,71,0,948,0,0,0,948
11/12/2022,MCO,FL,ASO,ES,Towers with Radar,1127,29,24,0,1180,0,1,8,1,10,1127,30,32,1,1190,0,0,0,1190
11/13/2022,MCO,FL,ASO,ES,Towers with Radar,978,41,52,0,1071,0,0,3,2,5,978,41,55,2,1076,0,0,0,1076
11/14/2022,MCO,FL,ASO,ES,Towers with Radar,984,46,74,0,1104,0,0,3,0,3,984,46,77,0,1107,0,0,0,1107
11/15/2022,MCO,FL,ASO,ES,Towers with Radar,940,54,57,2,1053,0,1,12,0,13,940,55,69,2,1066,0,0,0,1066
11/16/2022,MCO,FL,ASO,ES,Towers with Radar,942,54,59,2,1057,0,1,4,0,5,942,55,63,2,1062,0,0,0,1062
11/17/2022,MCO,FL,ASO,ES,Towers with Radar,993,47,50,2,1092,0,2,2,0,4,993,49,52,2,1096,0,0,0,1096
11/18/2022,MCO,FL,ASO,ES,Towers with Radar,996,48,62,0,1106,0,1,7,3,11,996,49,69,3,1117,0,0,0,1117
11/19/2022,MCO,FL,ASO,ES,Towers with Radar,1112,30,46,0,1188,0,3,8,0,11,1112,33,54,0,1199,0,0,0,1199
11/20/2022,MCO,FL,ASO,ES,Towers with Radar,1004,46,35,0,1085,0,0,1,4,5,1004,46,36,4,1090,0,0,0,1090
11/21/2022,MCO,FL,ASO,ES,Towers with Radar,998,38,51,0,1087,0,0,4,0,4,998,38,55,0,1091,0,0,0,1091
11/22/2022,MCO,FL,ASO,ES,Towers with Radar,1047,43,47,1,1138,0,0,0,0,0,1047,43,47,1,1138,0,0,0,1138
11/23/2022,MCO,FL,ASO,ES,Towers with Radar,1078,34,52,3,1167,0,0,0,0,0,1078,34,52,3,1167,0,0,0,1167
11/24/2022,MCO,FL,ASO,ES,Towers with Radar,788,31,9,0,828,0,0,0,0,0,788,31,9,0,828,0,0,0,828
11/25/2022,MCO,FL,ASO,ES,Towers with Radar,940,42,19,0,1001,0,7,3,0,10,940,49,22,0,1011,0,0,0,1011
11/26/2022,MCO,FL,ASO,ES,Towers with Radar,1129,44,25,0,1198,0,0,3,0,3,1129,44,28,0,1201,0,0,0,1201
11/27/2022,MCO,FL,ASO,ES,Towers with Radar,1064,54,71,1,1190,0,0,2,0,2,1064,54,73,1,1192,0,0,0,1192
11/28/2022,MCO,FL,ASO,ES,Towers with Radar,1054,38,33,1,1126,0,0,3,0,3,1054,38,36,1,1129,0,0,0,1129
11/29/2022,MCO,FL,ASO,ES,Towers with Radar,966,31,34,3,1034,0,2,2,0,4,966,33,36,3,1038,0,0,0,1038
11/30/2022,MCO,FL,ASO,ES,Towers with Radar,921,34,43,2,1000,0,1,2,0,3,921,35,45,2,1003,0,0,0,1003
12/01/2022,MCO,FL,ASO,ES,Towers with Radar,1005,43,53,4,1105,0,0,5,0,5,1005,43,58,4,1110,0,0,0,1110
12/02/2022,MCO,FL,ASO,ES,Towers with Radar,1032,61,18,2,1113,0,0,4,1,5,1032,61,22,3,1118,0,0,0,1118
12/03/2022,MCO,FL,ASO,ES,Towers with Radar,1102,29,25,0,1156,0,4,2,0,6,1102,33,27,0,1162,0,0,0,1162
12/04/2022,MCO,FL,ASO,ES,Towers with Radar,1002,64,47,1,1114,1,0,11,2,14,1003,64,58,3,1128,0,0,0,1128
12/05/2022,MCO,FL,ASO,ES,Towers with Radar,993,28,20,0,1041,0,4,7,0,11,993,32,27,0,1052,0,0,0,1052
12/06/2022,MCO,FL,ASO,ES,Towers with Radar,958,39,28,0,1025,0,2,7,0,9,958,41,35,0,1034,0,0,0,1034
12/07/2022,MCO,FL,ASO,ES,Towers with Radar,977,43,22,0,1042,0,6,3,0,9,977,49,25,0,1051,0,0,0,1051
12/08/2022,MCO,FL,ASO,ES,Towers with Radar,1009,44,44,0,1097,0,3,5,0,8,1009,47,49,0,1105,0,0,0,1105
12/09/2022,MCO,FL,ASO,ES,Towers with Radar,991,42,47,2,1082,0,5,2,0,7,991,47,49,2,1089,0,0,0,1089
12/10/2022,MCO,FL,ASO,ES,Towers with Radar,1102,20,17,0,1139,0,2,3,0,5,1102,22,20,0,1144,0,0,0,1144
12/11/2022,MCO,FL,ASO,ES,Towers with Radar,982,32,29,0,1043,0,0,1,0,1,982,32,30,0,1044,0,0,0,1044
12/12/2022,MCO,FL,ASO,ES,Towers with Radar,998,41,15,2,1056,0,1,3,0,4,998,42,18,2,1060,0,0,0,1060
12/13/2022,MCO,FL,ASO,ES,Towers with Radar,946,35,25,3,1009,0,0,2,0,2,946,35,27,3,1011,0,0,0,1011
12/14/2022,MCO,FL,ASO,ES,Towers with Radar,978,46,31,1,1056,0,0,4,0,4,978,46,35,1,1060,0,0,0,1060
12/15/2022,MCO,FL,ASO,ES,Towers with Radar,999,54,41,0,1094,0,0,0,0,0,999,54,41,0,1094,0,0,0,1094
12/16/2022,MCO,FL,ASO,ES,Towers with Radar,1040,42,36,1,1119,0,4,6,0,10,1040,46,42,1,1129,0,0,0,1129
12/17/2022,MCO,FL,ASO,ES,Towers with Radar,1166,24,35,4,1229,0,0,6,0,6,1166,24,41,4,1235,0,0,0,1235
12/18/2022,MCO,FL,ASO,ES,Towers with Radar,1035,40,48,1,1124,0,2,7,0,9,1035,42,55,1,1133,0,0,0,1133
12/19/2022,MCO,FL,ASO,ES,Towers with Radar,1028,46,40,0,1114,0,10,5,0,15,1028,56,45,0,1129,0,0,0,1129
12/20/2022,MCO,FL,ASO,ES,Towers with Radar,990,32,24,0,1046,0,0,9,0,9,990,32,33,0,1055,0,0,0,1055
12/21/2022,MCO,FL,ASO,ES,Towers with Radar,1094,39,34,0,1167,0,0,1,0,1,1094,39,35,0,1168,0,0,0,1168
12/22/2022,MCO,FL,ASO,ES,Towers with Radar,1036,51,41,0,1128,0,0,1,0,1,1036,51,42,0,1129,0,0,0,1129
12/23/2022,MCO,FL,ASO,ES,Towers with Radar,933,50,27,0,1010,0,4,3,0,7,933,54,30,0,1017,0,0,0,1017
12/24/2022,MCO,FL,ASO,ES,Towers with Radar,871,30,16,0,917,0,6,0,0,6,871,36,16,0,923,0,0,0,923
12/25/2022,MCO,FL,ASO,ES,Towers with Radar,721,33,20,0,774,0,2,5,0,7,721,35,25,0,781,0,0,0,781
12/26/2022,MCO,FL,ASO,ES,Towers with Radar,838,48,40,0,926,0,4,4,0,8,838,52,44,0,934,0,0,0,934
12/27/2022,MCO,FL,ASO,ES,Towers with Radar,950,60,56,2,1068,0,12,2,0,14,950,72,58,2,1082,0,0,0,1082
12/28/2022,MCO,FL,ASO,ES,Towers with Radar,998,58,34,0,1090,0,12,5,0,17,998,70,39,0,1107,0,0,0,1107
12/29/2022,MCO,FL,ASO,ES,Towers with Radar,1048,55,34,0,1137,0,11,9,0,20,1048,66,43,0,1157,0,0,0,1157
12/30/2022,MCO,FL,ASO,ES,Towers with Radar,1116,53,39,0,1208,0,0,2,0,2,1116,53,41,0,1210,0,0,0,1210
12/31/2022,MCO,FL,ASO,ES,Towers with Radar,1097,36,16,1,1150,0,2,4,0,6,1097,38,20,1,1156,0,0,0,1156
01/01/2023,MCO,FL,ASO,ES,Towers with Radar,965,42,27,0,1034,0,0,1,0,1,965,42,28,0,1035,0,0,0,1035
01/02/2023,MCO,FL,ASO,ES,Towers with Radar,991,58,44,0,1093,0,0,5,0,5,991,58,49,0,1098,0,0,0,1098
01/03/2023,MCO,FL,ASO,ES,Towers with Radar,1004,42,42,0,1088,0,8,3,0,11,1004,50,45,0,1099,0,0,0,1099
01/04/2023,MCO,FL,ASO,ES,Towers with Radar,867,47,33,0,947,0,4,4,0,8,867,51,37,0,955,0,0,0,955
01/05/2023,MCO,FL,ASO,ES,Towers with Radar,1033,53,31,0,1117,0,4,5,0,9,1033,57,36,0,1126,0,0,0,1126
01/06/2023,MCO,FL,ASO,ES,Towers with Radar,1047,43,41,2,1133,0,0,11,0,11,1047,43,52,2,1144,0,0,0,1144
01/07/2023,MCO,FL,ASO,ES,Towers with Radar,1103,32,38,0,1173,0,9,3,0,12,1103,41,41,0,1185,0,0,0,1185
01/08/2023,MCO,FL,ASO,ES,Towers with Radar,1083,45,58,2,1188,0,4,5,0,9,1083,49,63,2,1197,0,0,0,1197
01/09/2023,MCO,FL,ASO,ES,Towers with Radar,1010,44,31,2,1087,0,3,6,0,9,1010,47,37,2,1096,0,0,0,1096
01/10/2023,MCO,FL,ASO,ES,Towers with Radar,967,44,37,0,1048,0,1,5,0,6,967,45,42,0,1054,0,0,0,1054
01/11/2023,MCO,FL,ASO,ES,Towers with Radar,903,46,46,0,995,1,1,9,0,11,904,47,55,0,1006,0,0,0,1006
01/12/2023,MCO,FL,ASO,ES,Towers with Radar,1012,36,52,2,1102,0,0,8,0,8,1012,36,60,2,1110,0,0,0,1110
01/13/2023,MCO,FL,ASO,ES,Towers with Radar,1037,53,42,4,1136,0,0,0,0,0,1037,53,42,4,1136,0,0,0,1136
01/14/2023,MCO,FL,ASO,ES,Towers with Radar,1077,28,32,0,1137,0,0,4,0,4,1077,28,36,0,1141,0,0,0,1141
01/15/2023,MCO,FL,ASO,ES,Towers with Radar,1039,48,40,0,1127,0,1,9,0,10,1039,49,49,0,1137,0,0,0,1137
01/16/2023,MCO,FL,ASO,ES,Towers with Radar,1007,40,32,0,1079,0,0,3,0,3,1007,40,35,0,1082,0,0,0,1082
01/17/2023,MCO,FL,ASO,ES,Towers with Radar,941,51,28,0,1020,0,0,3,0,3,941,51,31,0,1023,0,0,0,1023
01/18/2023,MCO,FL,ASO,ES,Towers with Radar,934,36,41,0,1011,0,1,6,0,7,934,37,47,0,1018,0,0,0,1018
01/19/2023,MCO,FL,ASO,ES,Towers with Radar,990,44,45,0,1079,0,4,5,1,10,990,48,50,1,1089,0,0,0,1089
01/20/2023,MCO,FL,ASO,ES,Towers with Radar,1027,45,38,0,1110,0,4,6,0,10,1027,49,44,0,1120,0,0,0,1120
01/21/2023,MCO,FL,ASO,ES,Towers with Radar,1068,22,33,0,1123,0,0,6,0,6,1068,22,39,0,1129,0,0,0,1129
01/22/2023,MCO,FL,ASO,ES,Towers with Radar,1041,50,57,0,1148,0,0,3,0,3,1041,50,60,0,1151,0,0,0,1151
01/23/2023,MCO,FL,ASO,ES,Towers with Radar,987,42,68,0,1097,0,0,3,0,3,987,42,71,0,1100,0,0,0,1100
01/24/2023,MCO,FL,ASO,ES,Towers with Radar,932,41,55,2,1030,0,7,1,2,10,932,48,56,4,1040,0,0,0,1040
01/25/2023,MCO,FL,ASO,ES,Towers with Radar,916,40,62,0,1018,0,4,8,0,12,916,44,70,0,1030,0,0,0,1030
01/26/2023,MCO,FL,ASO,ES,Towers with Radar,1001,37,60,2,1100,0,6,7,0,13,1001,43,67,2,1113,0,0,0,1113
01/27/2023,MCO,FL,ASO,ES,Towers with Radar,1017,51,49,0,1117,0,0,8,0,8,1017,51,57,0,1125,0,0,0,1125
01/28/2023,MCO,FL,ASO,ES,Towers with Radar,1070,26,37,0,1133,0,4,5,0,9,1070,30,42,0,1142,0,0,0,1142
01/29/2023,MCO,FL,ASO,ES,Towers with Radar,1046,37,40,0,1123,1,0,11,0,12,1047,37,51,0,1135,0,0,0,1135
01/30/2023,MCO,FL,ASO,ES,Towers with Radar,963,36,27,0,1026,1,0,4,1,6,964,36,31,1,1032,0,0,0,1032
01/31/2023,MCO,FL,ASO,ES,Towers with Radar,894,48,33,1,976,0,2,1,0,3,894,50,34,1,979,0,0,0,979
02/01/2023,MCO,FL,ASO,ES,Towers with Radar,900,37,38,1,976,0,0,4,0,4,900,37,42,1,980,0,0,0,980
02/02/2023,MCO,FL,ASO,ES,Towers with Radar,986,41,41,0,1068,0,2,5,0,7,986,43,46,0,1075,0,0,0,1075
02/03/2023,MCO,FL,ASO,ES,Towers with Radar,1010,35,39,0,1084,0,0,2,0,2,1010,35,41,0,1086,0,0,0,1086
02/04/2023,MCO,FL,ASO,ES,Towers with Radar,1090,33,22,0,1145,0,0,7,0,7,1090,33,29,0,1152,0,0,0,1152
02/05/2023,MCO,FL,ASO,ES,Towers with Radar,1079,56,35,2,1172,0,3,3,0,6,1079,59,38,2,1178,0,0,0,1178
02/06/2023,MCO,FL,ASO,ES,Towers with Radar,1056,55,35,0,1146,0,11,2,0,13,1056,66,37,0,1159,0,0,0,1159
02/07/2023,MCO,FL,ASO,ES,Towers with Radar,944,56,37,4,1041,0,0,5,0,5,944,56,42,4,1046,0,0,0,1046
02/08/2023,MCO,FL,ASO,ES,Towers with Radar,959,39,33,2,1033,0,0,6,0,6,959,39,39,2,1039,0,0,0,1039
02/09/2023,MCO,FL,ASO,ES,Towers with Radar,1028,53,60,4,1145,0,8,10,0,18,1028,61,70,4,1163,0,0,0,1163
02/10/2023,MCO,FL,ASO,ES,Towers with Radar,1049,47,41,0,1137,0,4,1,0,5,1049,51,42,0,1142,0,0,0,1142
02/11/2023,MCO,FL,ASO,ES,Towers with Radar,1087,27,21,0,1135,0,0,3,0,3,1087,27,24,0,1138,0,0,0,1138
02/12/2023,MCO,FL,ASO,ES,Towers with Radar,1079,30,24,0,1133,0,2,1,0,3,1079,32,25,0,1136,0,0,0,1136
02/13/2023,MCO,FL,ASO,ES,Towers with Radar,1044,52,51,0,1147,0,6,4,0,10,1044,58,55,0,1157,0,0,0,1157
02/14/2023,MCO,FL,ASO,ES,Towers with Radar,976,36,34,0,1046,0,4,2,0,6,976,40,36,0,1052,0,0,0,1052
02/15/2023,MCO,FL,ASO,ES,Towers with Radar,982,42,34,0,1058,0,7,10,0,17,982,49,44,0,1075,0,0,0,1075
02/16/2023,MCO,FL,ASO,ES,Towers with Radar,1028,65,53,0,1146,0,1,6,0,7,1028,66,59,0,1153,0,0,0,1153
02/17/2023,MCO,FL,ASO,ES,Towers with Radar,1078,64,32,1,1175,0,1,14,0,15,1078,65,46,1,1190,0,0,0,1190
02/18/2023,MCO,FL,ASO,ES,Towers with Radar,1138,29,32,1,1200,0,9,4,2,15,1138,38,36,3,1215,0,0,0,1215
02/19/2023,MCO,FL,ASO,ES,Towers with Radar,1102,58,37,1,1198,0,0,7,0,7,1102,58,44,1,1205,0,0,0,1205
02/20/2023,MCO,FL,ASO,ES,Towers with Radar,1052,63,52,2,1169,0,0,3,0,3,1052,63,55,2,1172,0,0,0,1172
02/21/2023,MCO,FL,ASO,ES,Towers with Radar,1014,74,46,0,1134,0,11,7,0,18,1014,85,53,0,1152,0,0,0,1152
02/22/2023,MCO,FL,ASO,ES,Towers with Radar,994,59,61,0,1114,0,0,6,0,6,994,59,67,0,1120,0,0,0,1120
02/23/2023,MCO,FL,ASO,ES,Towers with Radar,1034,56,52,0,1142,0,4,14,0,18,1034,60,66,0,1160,0,0,0,1160
02/24/2023,MCO,FL,ASO,ES,Towers with Radar,1099,41,64,2,1206,0,5,7,0,12,1099,46,71,2,1218,0,0,0,1218
02/25/2023,MCO,FL,ASO,ES,Towers with Radar,1131,41,33,0,1205,0,4,2,0,6,1131,45,35,0,1211,0,0,0,1211
02/26/2023,MCO,FL,ASO,ES,Towers with Radar,1101,44,41,0,1186,0,0,2,0,2,1101,44,43,0,1188,0,0,0,1188
02/27/2023,MCO,FL,ASO,ES,Towers with Radar,1069,50,45,0,1164,0,6,3,0,9,1069,56,48,0,1173,0,0,0,1173
02/28/2023,MCO,FL,ASO,ES,Towers with Radar,1007,51,49,0,1107,0,4,2,0,6,1007,55,51,0,1113,0,0,0,1113
03/01/2023,MCO,FL,ASO,ES,Towers with Radar,1018,51,53,0,1122,0,6,3,0,9,1018,57,56,0,1131,0,0,0,1131
03/02/2023,MCO,FL,ASO,ES,Towers with Radar,1043,49,54,0,1146,1,10,6,0,17,1044,59,60,0,1163,0,0,0,1163
03/03/2023,MCO,FL,ASO,ES,Towers with Radar,1049,53,38,0,1140,0,0,7,0,7,1049,53,45,0,1147,0,0,0,1147
03/04/2023,MCO,FL,ASO,ES,Towers with Radar,1126,34,32,0,1192,0,0,2,0,2,1126,34,34,0,1194,0,0,0,1194
03/05/2023,MCO,FL,ASO,ES,Towers with Radar,1094,66,62,0,1222,0,1,4,0,5,1094,67,66,0,1227,0,0,0,1227
03/06/2023,MCO,FL,ASO,ES,Towers with Radar,1079,54,64,2,1199,0,4,11,0,15,1079,58,75,2,1214,0,0,0,1214
03/07/2023,MCO,FL,ASO,ES,Towers with Radar,1016,63,71,0,1150,0,0,2,0,2,1016,63,73,0,1152,0,0,0,1152
03/08/2023,MCO,FL,ASO,ES,Towers with Radar,1029,65,75,0,1169,0,0,3,0,3,1029,65,78,0,1172,0,0,0,1172
03/09/2023,MCO,FL,ASO,ES,Towers with Radar,1088,63,46,0,1197,0,3,5,0,8,1088,66,51,0,1205,0,0,0,1205
03/10/2023,MCO,FL,ASO,ES,Towers with Radar,1073,76,48,2,1199,0,7,8,0,15,1073,83,56,2,1214,0,0,0,1214
03/11/2023,MCO,FL,ASO,ES,Towers with Radar,1205,48,34,1,1288,0,0,5,1,6,1205,48,39,2,1294,0,0,0,1294
03/12/2023,MCO,FL,ASO,ES,Towers with Radar,1090,41,42,0,1173,0,2,5,0,7,1090,43,47,0,1180,0,0,0,1180
03/13/2023,MCO,FL,ASO,ES,Towers with Radar,1079,40,25,0,1144,0,6,0,0,6,1079,46,25,0,1150,0,0,0,1150
03/14/2023,MCO,FL,ASO,ES,Towers with Radar,1057,47,37,0,1141,0,0,7,0,7,1057,47,44,0,1148,0,0,0,1148
03/15/2023,MCO,FL,ASO,ES,Towers with Radar,1099,46,41,0,1186,0,5,5,0,10,1099,51,46,0,1196,0,0,0,1196
03/16/2023,MCO,FL,ASO,ES,Towers with Radar,1115,60,40,0,1215,1,9,11,1,22,1116,69,51,1,1237,0,0,0,1237
03/17/2023,MCO,FL,ASO,ES,Towers with Radar,1102,40,28,0,1170,0,0,4,1,5,1102,40,32,1,1175,0,0,0,1175
03/18/2023,MCO,FL,ASO,ES,Towers with Radar,1203,53,34,0,1290,0,0,8,0,8,1203,53,42,0,1298,0,0,0,1298
03/19/2023,MCO,FL,ASO,ES,Towers with Radar,1161,60,45,0,1266,1,10,3,0,14,1162,70,48,0,1280,0,0,0,1280
03/20/2023,MCO,FL,ASO,ES,Towers with Radar,1106,45,32,0,1183,0,4,3,0,7,1106,49,35,0,1190,0,0,0,1190
03/21/2023,MCO,FL,ASO,ES,Towers with Radar,1074,49,46,4,1173,0,2,5,0,7,1074,51,51,4,1180,0,0,0,1180
03/22/2023,MCO,FL,ASO,ES,Towers with Radar,1098,45,39,0,1182,0,7,4,0,11,1098,52,43,0,1193,0,0,0,1193
03/23/2023,MCO,FL,ASO,ES,Towers with Radar,1098,47,40,0,1185,1,3,7,0,11,1099,50,47,0,1196,0,0,0,1196
03/24/2023,MCO,FL,ASO,ES,Towers with Radar,1126,55,30,0,1211,1,10,5,0,16,1127,65,35,0,1227,0,0,0,1227
03/25/2023,MCO,FL,ASO,ES,Towers with Radar,1205,47,43,0,1295,1,6,2,0,9,1206,53,45,0,1304,0,0,0,1304
03/26/2023,MCO,FL,ASO,ES,Towers with Radar,1099,50,45,0,1194,0,0,3,0,3,1099,50,48,0,1197,0,0,0,1197
03/27/2023,MCO,FL,ASO,ES,Towers with Radar,1109,47,40,0,1196,0,4,14,0,18,1109,51,54,0,1214,0,0,0,1214
03/28/2023,MCO,FL,ASO,ES,Towers with Radar,1095,61,33,4,1193,1,4,7,0,12,1096,65,40,4,1205,0,0,0,1205
03/29/2023,MCO,FL,ASO,ES,Towers with Radar,1089,43,36,0,1168,2,6,7,0,15,1091,49,43,0,1183,0,0,0,1183
03/30/2023,MCO,FL,ASO,ES,Towers with Radar,1096,53,36,0,1185,0,12,15,0,27,1096,65,51,0,1212,0,0,0,1212
03/31/2023,MCO,FL,ASO,ES,Towers with Radar,1075,53,50,0,1178,0,7,22,0,29,1075,60,72,0,1207,0,0,0,1207
04/01/2023,MCO,FL,ASO,ES,Towers with Radar,1184,35,44,0,1263,0,0,17,0,17,1184,35,61,0,1280,0,0,0,1280
04/02/2023,MCO,FL,ASO,ES,Towers with Radar,1143,69,39,0,1251,3,6,19,0,28,1146,75,58,0,1279,0,0,0,1279
04/03/2023,MCO,FL,ASO,ES,Towers with Radar,1093,45,36,0,1174,0,1,3,0,4,1093,46,39,0,1178,0,0,0,1178
04/04/2023,MCO,FL,ASO,ES,Towers with Radar,1098,68,41,0,1207,0,0,8,0,8,1098,68,49,0,1215,0,0,0,1215
04/05/2023,MCO,FL,ASO,ES,Towers with Radar,1047,50,28,0,1125,0,0,12,0,12,1047,50,40,0,1137,0,0,0,1137
04/06/2023,MCO,FL,ASO,ES,Towers with Radar,1109,49,32,2,1192,0,4,8,0,12,1109,53,40,2,1204,0,0,0,1204
04/07/2023,MCO,FL,ASO,ES,Towers with Radar,1112,55,39,0,1206,0,0,5,0,5,1112,55,44,0,1211,0,0,0,1211
04/08/2023,MCO,FL,ASO,ES,Towers with Radar,1216,29,29,0,1274,0,0,3,0,3,1216,29,32,0,1277,0,0,0,1277
04/09/2023,MCO,FL,ASO,ES,Towers with Radar,1153,53,35,0,1241,0,0,1,0,1,1153,53,36,0,1242,0,0,0,1242
04/10/2023,MCO,FL,ASO,ES,Towers with Radar,1088,60,37,0,1185,0,0,3,0,3,1088,60,40,0,1188,0,0,0,1188
04/11/2023,MCO,FL,ASO,ES,Towers with Radar,1072,55,39,0,1166,0,8,5,0,13,1072,63,44,0,1179,0,0,0,1179
04/12/2023,MCO,FL,ASO,ES,Towers with Radar,1090,46,50,2,1188,2,0,3,0,5,1092,46,53,2,1193,0,0,0,1193
04/13/2023,MCO,FL,ASO,ES,Towers with Radar,1061,50,27,2,1140,0,6,7,0,13,1061,56,34,2,1153,0,0,0,1153
04/14/2023,MCO,FL,ASO,ES,Towers with Radar,1101,40,49,0,1190,0,3,11,0,14,1101,43,60,0,1204,0,0,0,1204
04/15/2023,MCO,FL,ASO,ES,Towers with Radar,1101,32,20,0,1153,0,5,2,0,7,1101,37,22,0,1160,0,0,0,1160
04/16/2023,MCO,FL,ASO,ES,Towers with Radar,1096,54,65,0,1215,0,6,4,0,10,1096,60,69,0,1225,0,0,0,1225
04/17/2023,MCO,FL,ASO,ES,Towers with Radar,1115,44,36,2,1197,0,4,2,0,6,1115,48,38,2,1203,0,0,0,1203
04/18/2023,MCO,FL,ASO,ES,Towers with Radar,1075,58,31,0,1164,0,4,8,0,12,1075,62,39,0,1176,0,0,0,1176
04/19/2023,MCO,FL,ASO,ES,Towers with Radar,1068,50,38,0,1156,0,0,2,0,2,1068,50,40,0,1158,0,0,0,1158
04/20/2023,MCO,FL,ASO,ES,Towers with Radar,1056,39,51,0,1146,0,3,7,0,10,1056,42,58,0,1156,0,0,0,1156
04/21/2023,MCO,FL,ASO,ES,Towers with Radar,1114,49,40,0,1203,0,0,9,0,9,1114,49,49,0,1212,0,0,0,1212
04/22/2023,MCO,FL,ASO,ES,Towers with Radar,1105,18,22,0,1145,0,6,8,0,14,1105,24,30,0,1159,0,0,0,1159
04/23/2023,MCO,FL,ASO,ES,Towers with Radar,1092,40,38,0,1170,0,2,7,2,11,1092,42,45,2,1181,0,0,0,1181
04/24/2023,MCO,FL,ASO,ES,Towers with Radar,1099,47,37,2,1185,0,11,2,0,13,1099,58,39,2,1198,0,0,0,1198
04/25/2023,MCO,FL,ASO,ES,Towers with Radar,1034,55,20,0,1109,0,0,5,0,5,1034,55,25,0,1114,0,0,0,1114
04/26/2023,MCO,FL,ASO,ES,Towers with Radar,1063,37,41,0,1141,0,0,1,0,1,1063,37,42,0,1142,0,0,0,1142
04/27/2023,MCO,FL,ASO,ES,Towers with Radar,991,34,39,0,1064,0,2,4,1,7,991,36,43,1,1071,0,0,0,1071
04/28/2023,MCO,FL,ASO,ES,Towers with Radar,1162,39,32,0,1233,0,0,10,0,10,1162,39,42,0,1243,0,0,0,1243
04/29/2023,MCO,FL,ASO,ES,Towers with Radar,1075,29,22,0,1126,0,0,8,0,8,1075,29,30,0,1134,0,0,0,1134
04/30/2023,MCO,FL,ASO,ES,Towers with Radar,1081,34,46,0,1161,0,0,0,0,0,1081,34,46,0,1161,0,0,0,1161
05/01/2023,MCO,FL,ASO,ES,Towers with Radar,1078,47,39,0,1164,0,8,10,0,18,1078,55,49,0,1182,0,0,0,1182
05/02/2023,MCO,FL,ASO,ES,Towers with Radar,1056,48,17,0,1121,0,0,11,1,12,1056,48,28,1,1133,0,0,0,1133
05/03/2023,MCO,FL,ASO,ES,Towers with Radar,1062,38,43,1,1144,0,5,3,2,10,1062,43,46,3,1154,0,0,0,1154
05/04/2023,MCO,FL,ASO,ES,Towers with Radar,1071,40,48,1,1160,0,1,11,2,14,1071,41,59,3,1174,0,0,0,1174
05/05/2023,MCO,FL,ASO,ES,Towers with Radar,1087,44,32,3,1166,0,0,10,0,10,1087,44,42,3,1176,0,0,0,1176
05/06/2023,MCO,FL,ASO,ES,Towers with Radar,1099,28,18,0,1145,0,0,4,1,5,1099,28,22,1,1150,0,0,0,1150
05/07/2023,MCO,FL,ASO,ES,Towers with Radar,1093,47,24,0,1164,0,8,0,0,8,1093,55,24,0,1172,0,0,0,1172
05/08/2023,MCO,FL,ASO,ES,Towers with Radar,1068,46,39,0,1153,0,2,3,0,5,1068,48,42,0,1158,0,0,0,1158
05/09/2023,MCO,FL,ASO,ES,Towers with Radar,1047,46,29,0,1122,0,2,3,0,5,1047,48,32,0,1127,0,0,0,1127
05/10/2023,MCO,FL,ASO,ES,Towers with Radar,1047,47,47,2,1143,0,2,1,0,3,1047,49,48,2,1146,0,0,0,1146
05/11/2023,MCO,FL,ASO,ES,Towers with Radar,1030,36,38,0,1104,0,5,5,0,10,1030,41,43,0,1114,0,0,0,1114
05/12/2023,MCO,FL,ASO,ES,Towers with Radar,1080,44,46,0,1170,0,0,4,0,4,1080,44,50,0,1174,0,0,0,1174
05/13/2023,MCO,FL,ASO,ES,Towers with Radar,1097,25,20,0,1142,0,0,3,0,3,1097,25,23,0,1145,0,0,0,1145
05/14/2023,MCO,FL,ASO,ES,Towers with Radar,1038,36,22,0,1096,0,4,0,0,4,1038,40,22,0,1100,0,0,0,1100
05/15/2023,MCO,FL,ASO,ES,Towers with Radar,1063,49,37,0,1149,0,12,4,0,16,1063,61,41,0,1165,0,0,0,1165
05/16/2023,MCO,FL,ASO,ES,Towers with Radar,1028,44,32,0,1104,0,0,4,0,4,1028,44,36,0,1108,0,0,0,1108
05/17/2023,MCO,FL,ASO,ES,Towers with Radar,1033,37,35,0,1105,0,0,8,0,8,1033,37,43,0,1113,0,0,0,1113
05/18/2023,MCO,FL,ASO,ES,Towers with Radar,999,47,34,0,1080,0,1,5,0,6,999,48,39,0,1086,0,0,0,1086
05/19/2023,MCO,FL,ASO,ES,Towers with Radar,1103,51,31,0,1185,0,3,16,0,19,1103,54,47,0,1204,0,0,0,1204
05/20/2023,MCO,FL,ASO,ES,Towers with Radar,1090,34,11,0,1135,0,0,3,0,3,1090,34,14,0,1138,0,0,0,1138
05/21/2023,MCO,FL,ASO,ES,Towers with Radar,1067,51,26,1,1145,0,0,2,0,2,1067,51,28,1,1147,0,0,0,1147
05/22/2023,MCO,FL,ASO,ES,Towers with Radar,979,43,35,0,1057,0,4,5,0,9,979,47,40,0,1066,0,0,0,1066
05/23/2023,MCO,FL,ASO,ES,Towers with Radar,1078,50,31,0,1159,0,0,0,0,0,1078,50,31,0,1159,0,0,0,1159
05/24/2023,MCO,FL,ASO,ES,Towers with Radar,1046,41,39,0,1126,0,5,2,0,7,1046,46,41,0,1133,0,0,0,1133
05/25/2023,MCO,FL,ASO,ES,Towers with Radar,1078,31,34,0,1143,0,0,4,0,4,1078,31,38,0,1147,0,0,0,1147
05/26/2023,MCO,FL,ASO,ES,Towers with Radar,1064,35,37,0,1136,0,1,2,0,3,1064,36,39,0,1139,0,0,0,1139
05/27/2023,MCO,FL,ASO,ES,Towers with Radar,1112,22,19,0,1153,0,0,4,0,4,1112,22,23,0,1157,0,0,0,1157
05/28/2023,MCO,FL,ASO,ES,Towers with Radar,1023,29,16,0,1068,0,0,2,0,2,1023,29,18,0,1070,0,0,0,1070
05/29/2023,MCO,FL,ASO,ES,Towers with Radar,1037,37,33,0,1107,0,4,7,0,11,1037,41,40,0,1118,0,0,0,1118
05/30/2023,MCO,FL,ASO,ES,Towers with Radar,1032,38,28,0,1098,0,0,6,0,6,1032,38,34,0,1104,0,0,0,1104
05/31/2023,MCO,FL,ASO,ES,Towers with Radar,1086,44,27,0,1157,0,0,4,0,4,1086,44,31,0,1161,0,0,0,1161
06/01/2023,MCO,FL,ASO,ES,Towers with Radar,1022,40,26,0,1088,0,0,2,0,2,1022,40,28,0,1090,0,0,0,1090
06/02/2023,MCO,FL,ASO,ES,Towers with Radar,1068,32,38,2,1140,0,0,0,0,0,1068,32,38,2,1140,0,0,0,1140
06/03/2023,MCO,FL,ASO,ES,Towers with Radar,1082,23,25,0,1130,0,1,1,0,2,1082,24,26,0,1132,0,0,0,1132
06/04/2023,MCO,FL,ASO,ES,Towers with Radar,1047,39,21,0,1107,0,2,3,0,5,1047,41,24,0,1112,0,0,0,1112
06/05/2023,MCO,FL,ASO,ES,Towers with Radar,1038,27,26,0,1091,0,6,8,0,14,1038,33,34,0,1105,0,0,0,1105
06/06/2023,MCO,FL,ASO,ES,Towers with Radar,1003,34,29,0,1066,0,8,3,0,11,1003,42,32,0,1077,0,0,0,1077
06/07/2023,MCO,FL,ASO,ES,Towers with Radar,989,42,18,0,1049,0,4,3,0,7,989,46,21,0,1056,0,0,0,1056
06/08/2023,MCO,FL,ASO,ES,Towers with Radar,1057,32,35,0,1124,0,0,3,0,3,1057,32,38,0,1127,0,0,0,1127
06/09/2023,MCO,FL,ASO,ES,Towers with Radar,1052,30,30,0,1112,0,0,3,0,3,1052,30,33,0,1115,0,0,0,1115
06/10/2023,MCO,FL,ASO,ES,Towers with Radar,1082,34,22,0,1138,0,0,2,0,2,1082,34,24,0,1140,0,0,0,1140
06/11/2023,MCO,FL,ASO,ES,Towers with Radar,1062,39,29,2,1132,0,10,0,0,10,1062,49,29,2,1142,0,0,0,1142
06/12/2023,MCO,FL,ASO,ES,Towers with Radar,1039,28,12,0,1079,0,2,5,0,7,1039,30,17,0,1086,0,0,0,1086
06/13/2023,MCO,FL,ASO,ES,Towers with Radar,994,45,26,0,1065,0,8,2,0,10,994,53,28,0,1075,0,0,0,1075
06/14/2023,MCO,FL,ASO,ES,Towers with Radar,997,41,28,2,1068,0,0,6,0,6,997,41,34,2,1074,0,0,0,1074
06/15/2023,MCO,FL,ASO,ES,Towers with Radar,990,44,21,0,1055,0,0,8,0,8,990,44,29,0,1063,0,0,0,1063
06/16/2023,MCO,FL,ASO,ES,Towers with Radar,1061,37,23,2,1123,0,4,2,0,6,1061,41,25,2,1129,0,0,0,1129
06/17/2023,MCO,FL,ASO,ES,Towers with Radar,1068,24,32,0,1124,0,2,0,0,2,1068,26,32,0,1126,0,0,0,1126
06/18/2023,MCO,FL,ASO,ES,Towers with Radar,1070,34,24,0,1128,0,0,1,0,1,1070,34,25,0,1129,0,0,0,1129
06/19/2023,MCO,FL,ASO,ES,Towers with Radar,1037,26,30,0,1093,0,8,5,0,13,1037,34,35,0,1106,0,0,0,1106
06/20/2023,MCO,FL,ASO,ES,Towers with Radar,1044,37,29,0,1110,0,0,3,0,3,1044,37,32,0,1113,0,0,0,1113
06/21/2023,MCO,FL,ASO,ES,Towers with Radar,1014,45,33,0,1092,0,0,2,0,2,1014,45,35,0,1094,0,0,0,1094
06/22/2023,MCO,FL,ASO,ES,Towers with Radar,948,32,32,1,1013,0,3,2,0,5,948,35,34,1,1018,0,0,0,1018
06/23/2023,MCO,FL,ASO,ES,Towers with Radar,1006,42,30,0,1078,0,4,2,1,7,1006,46,32,1,1085,0,0,0,1085
06/24/2023,MCO,FL,ASO,ES,Towers with Radar,1122,30,23,0,1175,1,7,4,0,12,1123,37,27,0,1187,0,0,0,1187
06/25/2023,MCO,FL,ASO,ES,Towers with Radar,1040,44,30,0,1114,0,0,8,2,10,1040,44,38,2,1124,0,0,0,1124
06/26/2023,MCO,FL,ASO,ES,Towers with Radar,1007,45,22,0,1074,0,2,4,0,6,1007,47,26,0,1080,0,0,0,1080
06/27/2023,MCO,FL,ASO,ES,Towers with Radar,917,36,31,0,984,0,2,2,0,4,917,38,33,0,988,0,0,0,988
06/28/2023,MCO,FL,ASO,ES,Towers with Radar,1009,40,39,0,1088,0,0,6,0,6,1009,40,45,0,1094,0,0,0,1094
06/29/2023,MCO,FL,ASO,ES,Towers with Radar,1059,42,43,0,1144,0,0,3,0,3,1059,42,46,0,1147,0,0,0,1147
06/30/2023,MCO,FL,ASO,ES,Towers with Radar,1048,48,42,0,1138,0,4,10,0,14,1048,52,52,0,1152,0,0,0,1152
07/01/2023,MCO,FL,ASO,ES,Towers with Radar,1131,34,21,0,1186,0,8,4,0,12,1131,42,25,0,1198,0,0,0,1198
07/02/2023,MCO,FL,ASO,ES,Towers with Radar,1039,34,11,2,1086,1,2,5,0,8,1040,36,16,2,1094,0,0,0,1094
07/03/2023,MCO,FL,ASO,ES,Towers with Radar,1015,28,9,0,1052,0,4,2,0,6,1015,32,11,0,1058,0,0,0,1058
07/04/2023,MCO,FL,ASO,ES,Towers with Radar,912,30,12,0,954,0,4,4,1,9,912,34,16,1,963,0,0,0,963
07/05/2023,MCO,FL,ASO,ES,Towers with Radar,991,26,17,0,1034,1,1,5,0,7,992,27,22,0,1041,0,0,0,1041
07/06/2023,MCO,FL,ASO,ES,Towers with Radar,1043,37,21,0,1101,0,9,4,0,13,1043,46,25,0,1114,0,0,0,1114
07/07/2023,MCO,FL,ASO,ES,Towers with Radar,1016,29,22,0,1067,0,0,3,0,3,1016,29,25,0,1070,0,0,0,1070
07/08/2023,MCO,FL,ASO,ES,Towers with Radar,1138,22,23,0,1183,0,3,2,0,5,1138,25,25,0,1188,0,0,0,1188
07/09/2023,MCO,FL,ASO,ES,Towers with Radar,1019,32,23,0,1074,0,4,6,0,10,1019,36,29,0,1084,0,0,0,1084
07/10/2023,MCO,FL,ASO,ES,Towers with Radar,1000,29,36,0,1065,0,8,2,0,10,1000,37,38,0,1075,0,0,0,1075
07/11/2023,MCO,FL,ASO,ES,Towers with Radar,1032,40,24,0,1096,1,5,3,0,9,1033,45,27,0,1105,0,0,0,1105
07/12/2023,MCO,FL,ASO,ES,Towers with Radar,1033,37,30,0,1100,0,0,2,0,2,1033,37,32,0,1102,0,0,0,1102
07/13/2023,MCO,FL,ASO,ES,Towers with Radar,1066,43,22,0,1131,0,8,0,2,10,1066,51,22,2,1141,0,0,0,1141
07/14/2023,MCO,FL,ASO,ES,Towers with Radar,1036,39,25,0,1100,0,0,4,0,4,1036,39,29,0,1104,0,0,0,1104
07/15/2023,MCO,FL,ASO,ES,Towers with Radar,1122,23,28,2,1175,0,0,2,0,2,1122,23,30,2,1177,0,0,0,1177
07/16/2023,MCO,FL,ASO,ES,Towers with Radar,980,32,14,0,1026,0,0,10,0,10,980,32,24,0,1036,0,0,0,1036
07/17/2023,MCO,FL,ASO,ES,Towers with Radar,1043,28,30,0,1101,0,2,5,0,7,1043,30,35,0,1108,0,0,0,1108
07/18/2023,MCO,FL,ASO,ES,Towers with Radar,1004,46,22,0,1072,1,1,6,0,8,1005,47,28,0,1080,0,0,0,1080
07/19/2023,MCO,FL,ASO,ES,Towers with Radar,1037,43,26,0,1106,0,1,8,1,10,1037,44,34,1,1116,0,0,0,1116
07/20/2023,MCO,FL,ASO,ES,Towers with Radar,1050,41,38,0,1129,0,0,11,0,11,1050,41,49,0,1140,0,0,0,1140
07/21/2023,MCO,FL,ASO,ES,Towers with Radar,1072,44,39,0,1155,0,6,6,0,12,1072,50,45,0,1167,0,0,0,1167
07/22/2023,MCO,FL,ASO,ES,Towers with Radar,1117,37,12,0,1166,0,8,8,0,16,1117,45,20,0,1182,0,0,0,1182
07/23/2023,MCO,FL,ASO,ES,Towers with Radar,1025,33,21,0,1079,0,0,8,0,8,1025,33,29,0,1087,0,0,0,1087
07/24/2023,MCO,FL,ASO,ES,Towers with Radar,1086,42,18,0,1146,0,4,3,0,7,1086,46,21,0,1153,0,0,0,1153
07/25/2023,MCO,FL,ASO,ES,Towers with Radar,994,44,22,0,1060,0,2,1,0,3,994,46,23,0,1063,0,0,0,1063
07/26/2023,MCO,FL,ASO,ES,Towers with Radar,1050,40,40,0,1130,0,8,5,0,13,1050,48,45,0,1143,0,0,0,1143
07/27/2023,MCO,FL,ASO,ES,Towers with Radar,1049,47,34,0,1130,0,6,3,1,10,1049,53,37,1,1140,0,0,0,1140
07/28/2023,MCO,FL,ASO,ES,Towers with Radar,1057,42,20,0,1119,0,0,5,0,5,1057,42,25,0,1124,0,0,0,1124
07/29/2023,MCO,FL,ASO,ES,Towers with Radar,1122,25,20,0,1167,0,0,0,0,0,1122,25,20,0,1167,0,0,0,1167
07/30/2023,MCO,FL,ASO,ES,Towers with Radar,1015,35,30,1,1081,1,0,7,0,8,1016,35,37,1,1089,0,0,0,1089
07/31/2023,MCO,FL,ASO,ES,Towers with Radar,1039,39,23,2,1103,0,0,6,0,6,1039,39,29,2,1109,0,0,0,1109
08/01/2023,MCO,FL,ASO,ES,Towers with Radar,1023,39,26,4,1092,0,4,3,0,7,1023,43,29,4,1099,0,0,0,1099
08/02/2023,MCO,FL,ASO,ES,Towers with Radar,1038,46,32,2,1118,0,0,4,0,4,1038,46,36,2,1122,0,0,0,1122
08/03/2023,MCO,FL,ASO,ES,Towers with Radar,1074,45,37,0,1156,0,5,10,0,15,1074,50,47,0,1171,0,0,0,1171
08/04/2023,MCO,FL,ASO,ES,Towers with Radar,1056,48,33,0,1137,1,0,10,0,11,1057,48,43,0,1148,0,0,0,1148
08/05/2023,MCO,FL,ASO,ES,Towers with Radar,1180,33,19,0,1232,0,0,4,0,4,1180,33,23,0,1236,0,0,0,1236
08/06/2023,MCO,FL,ASO,ES,Towers with Radar,1026,37,27,0,1090,0,4,6,0,10,1026,41,33,0,1100,0,0,0,1100
08/07/2023,MCO,FL,ASO,ES,Towers with Radar,1025,45,26,0,1096,1,0,5,0,6,1026,45,31,0,1102,0,0,0,1102
08/08/2023,MCO,FL,ASO,ES,Towers with Radar,1003,41,36,0,1080,0,0,4,0,4,1003,41,40,0,1084,0,0,0,1084
08/09/2023,MCO,FL,ASO,ES,Towers with Radar,1044,39,28,0,1111,0,0,1,0,1,1044,39,29,0,1112,0,0,0,1112
08/10/2023,MCO,FL,ASO,ES,Towers with Radar,1048,42,32,0,1122,0,5,0,0,5,1048,47,32,0,1127,0,0,0,1127
08/11/2023,MCO,FL,ASO,ES,Towers with Radar,1073,44,22,0,1139,0,0,4,0,4,1073,44,26,0,1143,0,0,0,1143
08/12/2023,MCO,FL,ASO,ES,Towers with Radar,1134,24,14,0,1172,0,4,4,0,8,1134,28,18,0,1180,0,0,0,1180
08/13/2023,MCO,FL,ASO,ES,Towers with Radar,1036,32,26,0,1094,0,4,5,4,13,1036,36,31,4,1107,0,0,0,1107
08/14/2023,MCO,FL,ASO,ES,Towers with Radar,1029,32,19,0,1080,0,0,3,0,3,1029,32,22,0,1083,0,0,0,1083
08/15/2023,MCO,FL,ASO,ES,Towers with Radar,939,31,15,0,985,0,2,4,0,6,939,33,19,0,991,0,0,0,991
08/16/2023,MCO,FL,ASO,ES,Towers with Radar,997,39,17,2,1055,0,3,8,0,11,997,42,25,2,1066,0,0,0,1066
08/17/2023,MCO,FL,ASO,ES,Towers with Radar,957,38,21,0,1016,0,0,3,0,3,957,38,24,0,1019,0,0,0,1019
08/18/2023,MCO,FL,ASO,ES,Towers with Radar,1042,31,14,0,1087,0,0,2,0,2,1042,31,16,0,1089,0,0,0,1089
08/19/2023,MCO,FL,ASO,ES,Towers with Radar,1118,26,11,0,1155,0,2,14,0,16,1118,28,25,0,1171,0,0,0,1171
08/20/2023,MCO,FL,ASO,ES,Towers with Radar,996,33,23,0,1052,0,4,2,0,6,996,37,25,0,1058,0,0,0,1058
08/21/2023,MCO,FL,ASO,ES,Towers with Radar,1037,39,24,0,1100,0,0,12,0,12,1037,39,36,0,1112,0,0,0,1112
08/22/2023,MCO,FL,ASO,ES,Towers with Radar,931,54,23,1,1009,0,2,11,1,14,931,56,34,2,1023,0,0,0,1023
08/23/2023,MCO,FL,ASO,ES,Towers with Radar,977,43,24,2,1046,0,1,11,0,12,977,44,35,2,1058,0,0,0,1058
08/24/2023,MCO,FL,ASO,ES,Towers with Radar,995,42,24,2,1063,0,0,9,0,9,995,42,33,2,1072,0,0,0,1072
08/25/2023,MCO,FL,ASO,ES,Towers with Radar,1015,39,32,2,1088,0,8,4,2,14,1015,47,36,4,1102,0,0,0,1102
08/26/2023,MCO,FL,ASO,ES,Towers with Radar,1118,29,13,1,1161,0,6,5,0,11,1118,35,18,1,1172,0,0,0,1172
08/27/2023,MCO,FL,ASO,ES,Towers with Radar,991,37,38,1,1067,0,1,3,1,5,991,38,41,2,1072,0,0,0,1072
08/28/2023,MCO,FL,ASO,ES,Towers with Radar,1035,41,36,2,1114,0,0,3,0,3,1035,41,39,2,1117,0,0,0,1117
08/29/2023,MCO,FL,ASO,ES,Towers with Radar,947,53,20,0,1020,1,0,4,0,5,948,53,24,0,1025,0,0,0,1025
08/30/2023,MCO,FL,ASO,ES,Towers with Radar,835,25,7,1,868,1,0,0,0,1,836,25,7,1,869,0,0,0,869
08/31/2023,MCO,FL,ASO,ES,Towers with Radar,996,40,17,0,1053,0,0,2,0,2,996,40,19,0,1055,0,0,0,1055
