01/01/2000,MDH,IL,AGL,CE,Federal Contract Tower,0,0,0,0,0,0,0,27,0,27,0,0,27,0,27,0,0,0,27
01/02/2000,MDH,IL,AGL,CE,Federal Contract Tower,0,0,0,0,0,0,0,5,0,5,0,0,5,0,5,0,0,0,5
01/03/2000,MDH,IL,AGL,CE,Federal Contract Tower,0,0,0,0,0,0,0,20,0,20,0,0,20,0,20,0,0,0,20
01/04/2000,MDH,IL,AGL,CE,Federal Contract Tower,0,0,1,0,1,0,0,6,0,6,0,0,7,0,7,14,0,14,21
01/05/2000,MDH,IL,AGL,CE,Federal Contract Tower,0,3,3,0,6,0,0,31,0,31,0,3,34,0,37,68,0,68,105
01/06/2000,MDH,IL,AGL,CE,Federal Contract Tower,0,4,3,0,7,0,0,42,0,42,0,4,45,0,49,88,0,88,137
01/07/2000,MDH,IL,AGL,CE,Federal Contract Tower,0,2,2,0,4,1,1,55,0,57,1,3,57,0,61,140,0,140,201
01/08/2000,MDH,IL,AGL,CE,Federal Contract Tower,0,0,2,0,2,1,0,15,0,16,1,0,17,0,18,28,0,28,46
01/09/2000,MDH,IL,AGL,CE,Federal Contract Tower,0,0,1,0,1,0,0,2,0,2,0,0,3,0,3,6,0,6,9
01/10/2000,MDH,IL,AGL,CE,Federal Contract Tower,0,3,2,0,5,0,0,42,0,42,0,3,44,0,47,172,4,176,223
01/11/2000,MDH,IL,AGL,CE,Federal Contract Tower,0,1,2,0,3,0,2,41,0,43,0,3,43,0,46,104,0,104,150
01/12/2000,MDH,IL,AGL,CE,Federal Contract Tower,0,4,7,0,11,0,1,29,0,30,0,5,36,0,41,88,0,88,129
01/13/2000,MDH,IL,AGL,CE,Federal Contract Tower,0,4,5,0,9,0,1,42,0,43,0,5,47,0,52,84,0,84,136
01/14/2000,MDH,IL,AGL,CE,Federal Contract Tower,0,3,4,0,7,0,2,50,0,52,0,5,54,0,59,80,0,80,139
01/15/2000,MDH,IL,AGL,CE,Federal Contract Tower,0,0,2,0,2,0,2,27,0,29,0,2,29,0,31,20,0,20,51
01/16/2000,MDH,IL,AGL,CE,Federal Contract Tower,0,0,1,0,1,0,0,12,0,12,0,0,13,0,13,0,0,0,13
01/17/2000,MDH,IL,AGL,CE,Federal Contract Tower,0,0,4,0,4,0,0,2,0,2,0,0,6,0,6,0,0,0,6
01/18/2000,MDH,IL,AGL,CE,Federal Contract Tower,0,0,2,0,2,0,2,6,0,8,0,2,8,0,10,8,0,8,18
01/19/2000,MDH,IL,AGL,CE,Federal Contract Tower,0,2,3,0,5,0,1,30,0,31,0,3,33,0,36,72,0,72,108
01/20/2000,MDH,IL,AGL,CE,Federal Contract Tower,0,2,5,0,7,2,0,55,0,57,2,2,60,0,64,164,0,164,228
01/21/2000,MDH,IL,AGL,CE,Federal Contract Tower,0,0,3,0,3,1,0,88,0,89,1,0,91,0,92,294,0,294,386
01/22/2000,MDH,IL,AGL,CE,Federal Contract Tower,0,0,3,0,3,3,0,0,0,3,3,0,3,0,6,0,0,0,6
01/23/2000,MDH,IL,AGL,CE,Federal Contract Tower,0,0,4,0,4,1,0,5,0,6,1,0,9,0,10,0,0,0,10
01/24/2000,MDH,IL,AGL,CE,Federal Contract Tower,0,5,0,0,5,0,1,173,0,174,0,6,173,0,179,736,0,736,915
01/25/2000,MDH,IL,AGL,CE,Federal Contract Tower,0,2,4,0,6,0,4,23,0,27,0,6,27,0,33,50,0,50,83
01/26/2000,MDH,IL,AGL,CE,Federal Contract Tower,0,5,8,0,13,3,0,133,2,138,3,5,141,2,151,364,0,364,515
01/27/2000,MDH,IL,AGL,CE,Federal Contract Tower,0,0,2,0,2,0,0,198,0,198,0,0,200,0,200,510,0,510,710
01/28/2000,MDH,IL,AGL,CE,Federal Contract Tower,0,2,3,0,5,1,0,69,2,72,1,2,72,2,77,188,0,188,265
01/29/2000,MDH,IL,AGL,CE,Federal Contract Tower,0,0,0,0,0,0,0,0,0,0,0,0,0,0,0,0,0,0,0
01/30/2000,MDH,IL,AGL,CE,Federal Contract Tower,0,0,2,0,2,0,0,4,0,4,0,0,6,0,6,0,0,0,6
01/31/2000,MDH,IL,AGL,CE,Federal Contract Tower,0,2,5,0,7,0,0,189,0,189,0,2,194,0,196,624,0,624,820
02/01/2000,MDH,IL,AGL,CE,Federal Contract Tower,1,1,4,0,6,0,1,80,0,81,1,2,84,0,87,328,0,328,415
02/02/2000,MDH,IL,AGL,CE,Federal Contract Tower,1,6,8,0,15,1,0,170,0,171,2,6,178,0,186,404,0,404,590
02/03/2000,MDH,IL,AGL,CE,Federal Contract Tower,0,2,2,0,4,0,4,123,0,127,0,6,125,0,131,416,0,416,547
02/04/2000,MDH,IL,AGL,CE,Federal Contract Tower,0,2,1,0,3,0,2,24,0,26,0,4,25,0,29,90,0,90,119
02/05/2000,MDH,IL,AGL,CE,Federal Contract Tower,0,0,3,0,3,0,0,127,0,127,0,0,130,0,130,340,0,340,470
02/06/2000,MDH,IL,AGL,CE,Federal Contract Tower,0,0,3,0,3,0,0,48,0,48,0,0,51,0,51,82,0,82,133
02/07/2000,MDH,IL,AGL,CE,Federal Contract Tower,0,2,2,0,4,0,0,200,2,202,0,2,202,2,206,630,0,630,836
02/08/2000,MDH,IL,AGL,CE,Federal Contract Tower,0,0,1,0,1,0,0,81,0,81,0,0,82,0,82,276,0,276,358
02/09/2000,MDH,IL,AGL,CE,Federal Contract Tower,0,4,4,0,8,0,2,131,0,133,0,6,135,0,141,314,0,314,455
02/10/2000,MDH,IL,AGL,CE,Federal Contract Tower,0,6,7,0,13,0,1,97,0,98,0,7,104,0,111,390,0,390,501
02/11/2000,MDH,IL,AGL,CE,Federal Contract Tower,0,1,2,0,3,0,0,32,0,32,0,1,34,0,35,184,0,184,219
02/12/2000,MDH,IL,AGL,CE,Federal Contract Tower,0,0,1,0,1,0,0,113,0,113,0,0,114,0,114,256,0,256,370
02/13/2000,MDH,IL,AGL,CE,Federal Contract Tower,0,0,0,0,0,0,0,0,0,0,0,0,0,0,0,0,0,0,0
02/14/2000,MDH,IL,AGL,CE,Federal Contract Tower,0,4,5,0,9,0,1,2,0,3,0,5,7,0,12,0,0,0,12
02/15/2000,MDH,IL,AGL,CE,Federal Contract Tower,0,1,4,0,5,0,2,111,0,113,0,3,115,0,118,272,0,272,390
02/16/2000,MDH,IL,AGL,CE,Federal Contract Tower,0,4,8,0,12,0,2,103,0,105,0,6,111,0,117,324,0,324,441
02/17/2000,MDH,IL,AGL,CE,Federal Contract Tower,0,2,5,0,7,0,1,74,0,75,0,3,79,0,82,346,0,346,428
02/18/2000,MDH,IL,AGL,CE,Federal Contract Tower,0,0,2,0,2,0,0,0,0,0,0,0,2,0,2,0,0,0,2
02/19/2000,MDH,IL,AGL,CE,Federal Contract Tower,0,0,3,0,3,0,0,45,0,45,0,0,48,0,48,214,0,214,262
02/20/2000,MDH,IL,AGL,CE,Federal Contract Tower,0,0,3,0,3,0,0,104,0,104,0,0,107,0,107,270,0,270,377
02/21/2000,MDH,IL,AGL,CE,Federal Contract Tower,0,0,3,0,3,0,0,240,0,240,0,0,243,0,243,804,0,804,1047
02/22/2000,MDH,IL,AGL,CE,Federal Contract Tower,0,2,4,0,6,0,2,96,0,98,0,4,100,0,104,312,0,312,416
02/23/2000,MDH,IL,AGL,CE,Federal Contract Tower,0,5,9,0,14,0,5,31,0,36,0,10,40,0,50,80,0,80,130
02/24/2000,MDH,IL,AGL,CE,Federal Contract Tower,0,3,5,0,8,0,3,105,0,108,0,6,110,0,116,318,0,318,434
02/25/2000,MDH,IL,AGL,CE,Federal Contract Tower,0,0,5,0,5,2,0,68,0,70,2,0,73,0,75,288,0,288,363
02/26/2000,MDH,IL,AGL,CE,Federal Contract Tower,0,0,3,0,3,0,0,1,0,1,0,0,4,0,4,0,0,0,4
02/27/2000,MDH,IL,AGL,CE,Federal Contract Tower,0,1,4,0,5,0,0,104,0,104,0,1,108,0,109,174,0,174,283
02/28/2000,MDH,IL,AGL,CE,Federal Contract Tower,0,2,4,0,6,2,7,245,0,254,2,9,249,0,260,768,0,768,1028
02/29/2000,MDH,IL,AGL,CE,Federal Contract Tower,0,3,6,0,9,0,4,125,0,129,0,7,131,0,138,370,0,370,508
03/01/2000,MDH,IL,AGL,CE,Federal Contract Tower,0,3,4,0,7,0,2,112,0,114,0,5,116,0,121,342,0,342,463
03/02/2000,MDH,IL,AGL,CE,Federal Contract Tower,0,3,2,0,5,0,6,201,0,207,0,9,203,0,212,624,0,624,836
03/03/2000,MDH,IL,AGL,CE,Federal Contract Tower,0,0,2,0,2,0,0,11,0,11,0,0,13,0,13,28,0,28,41
03/04/2000,MDH,IL,AGL,CE,Federal Contract Tower,0,0,1,0,1,0,0,102,0,102,0,0,103,0,103,360,0,360,463
03/05/2000,MDH,IL,AGL,CE,Federal Contract Tower,0,1,1,0,2,0,3,53,0,56,0,4,54,0,58,98,0,98,156
03/06/2000,MDH,IL,AGL,CE,Federal Contract Tower,0,3,4,0,7,0,2,235,0,237,0,5,239,0,244,802,0,802,1046
03/07/2000,MDH,IL,AGL,CE,Federal Contract Tower,0,4,9,0,13,0,4,174,1,179,0,8,183,1,192,510,0,510,702
03/08/2000,MDH,IL,AGL,CE,Federal Contract Tower,0,4,8,0,12,0,5,91,0,96,0,9,99,0,108,224,0,224,332
03/09/2000,MDH,IL,AGL,CE,Federal Contract Tower,0,4,7,0,11,0,4,84,0,88,0,8,91,0,99,254,0,254,353
03/10/2000,MDH,IL,AGL,CE,Federal Contract Tower,0,1,7,0,8,0,0,114,0,114,0,1,121,0,122,328,0,328,450
03/11/2000,MDH,IL,AGL,CE,Federal Contract Tower,0,0,0,0,0,0,0,0,0,0,0,0,0,0,0,0,0,0,0
03/12/2000,MDH,IL,AGL,CE,Federal Contract Tower,0,0,3,0,3,0,4,34,0,38,0,4,37,0,41,102,0,102,143
03/13/2000,MDH,IL,AGL,CE,Federal Contract Tower,0,0,1,0,1,0,2,46,0,48,0,2,47,0,49,132,0,132,181
03/14/2000,MDH,IL,AGL,CE,Federal Contract Tower,0,0,2,0,2,0,0,89,0,89,0,0,91,0,91,200,0,200,291
03/15/2000,MDH,IL,AGL,CE,Federal Contract Tower,0,4,8,0,12,0,1,64,0,65,0,5,72,0,77,44,0,44,121
03/16/2000,MDH,IL,AGL,CE,Federal Contract Tower,0,3,6,0,9,0,9,7,0,16,0,12,13,0,25,0,0,0,25
03/17/2000,MDH,IL,AGL,CE,Federal Contract Tower,0,0,2,0,2,0,0,70,0,70,0,0,72,0,72,186,0,186,258
03/18/2000,MDH,IL,AGL,CE,Federal Contract Tower,0,0,3,0,3,0,0,6,0,6,0,0,9,0,9,20,0,20,29
03/19/2000,MDH,IL,AGL,CE,Federal Contract Tower,0,0,6,0,6,0,0,17,0,17,0,0,23,0,23,76,0,76,99
03/20/2000,MDH,IL,AGL,CE,Federal Contract Tower,0,3,13,0,16,0,0,57,0,57,0,3,70,0,73,210,0,210,283
03/21/2000,MDH,IL,AGL,CE,Federal Contract Tower,0,6,17,0,23,0,2,49,0,51,0,8,66,0,74,250,0,250,324
03/22/2000,MDH,IL,AGL,CE,Federal Contract Tower,0,3,10,0,13,0,2,153,0,155,0,5,163,0,168,612,0,612,780
03/23/2000,MDH,IL,AGL,CE,Federal Contract Tower,0,2,6,0,8,0,2,176,0,178,0,4,182,0,186,536,0,536,722
03/24/2000,MDH,IL,AGL,CE,Federal Contract Tower,0,0,5,0,5,0,0,111,0,111,0,0,116,0,116,304,0,304,420
03/25/2000,MDH,IL,AGL,CE,Federal Contract Tower,0,2,10,0,12,0,0,111,0,111,0,2,121,0,123,376,0,376,499
03/26/2000,MDH,IL,AGL,CE,Federal Contract Tower,0,1,5,0,6,0,1,86,0,87,0,2,91,0,93,154,0,154,247
03/27/2000,MDH,IL,AGL,CE,Federal Contract Tower,0,2,8,0,10,0,0,160,0,160,0,2,168,0,170,352,0,352,522
03/28/2000,MDH,IL,AGL,CE,Federal Contract Tower,0,1,5,0,6,0,4,126,0,130,0,5,131,0,136,388,0,388,524
03/29/2000,MDH,IL,AGL,CE,Federal Contract Tower,0,2,7,0,9,0,6,203,4,213,0,8,210,4,222,680,0,680,902
03/30/2000,MDH,IL,AGL,CE,Federal Contract Tower,0,3,10,0,13,0,2,187,0,189,0,5,197,0,202,598,0,598,800
03/31/2000,MDH,IL,AGL,CE,Federal Contract Tower,0,2,6,0,8,0,2,185,0,187,0,4,191,0,195,508,0,508,703
04/01/2000,MDH,IL,AGL,CE,Federal Contract Tower,0,2,8,0,10,0,1,186,0,187,0,3,194,0,197,400,0,400,597
04/02/2000,MDH,IL,AGL,CE,Federal Contract Tower,0,1,3,0,4,0,1,13,5,19,0,2,16,5,23,42,18,60,83
04/03/2000,MDH,IL,AGL,CE,Federal Contract Tower,0,3,10,1,14,0,9,172,9,190,0,12,182,10,204,622,14,636,840
04/04/2000,MDH,IL,AGL,CE,Federal Contract Tower,0,3,4,1,8,0,1,47,13,61,0,4,51,14,69,82,10,92,161
04/05/2000,MDH,IL,AGL,CE,Federal Contract Tower,0,4,6,1,11,0,2,110,1,113,0,6,116,2,124,352,0,352,476
04/06/2000,MDH,IL,AGL,CE,Federal Contract Tower,0,5,9,0,14,0,2,217,0,219,0,7,226,0,233,768,0,768,1001
04/07/2000,MDH,IL,AGL,CE,Federal Contract Tower,0,0,2,0,2,0,1,23,0,24,0,1,25,0,26,28,0,28,54
04/08/2000,MDH,IL,AGL,CE,Federal Contract Tower,0,0,0,0,0,0,0,35,0,35,0,0,35,0,35,110,0,110,145
04/09/2000,MDH,IL,AGL,CE,Federal Contract Tower,0,0,3,0,3,0,0,68,0,68,0,0,71,0,71,126,0,126,197
04/10/2000,MDH,IL,AGL,CE,Federal Contract Tower,0,2,4,0,6,0,0,176,0,176,0,2,180,0,182,510,0,510,692
04/11/2000,MDH,IL,AGL,CE,Federal Contract Tower,0,6,14,0,20,0,0,36,0,36,0,6,50,0,56,124,0,124,180
04/12/2000,MDH,IL,AGL,CE,Federal Contract Tower,0,3,11,0,14,0,1,166,0,167,0,4,177,0,181,420,0,420,601
04/13/2000,MDH,IL,AGL,CE,Federal Contract Tower,0,2,8,0,10,0,2,180,0,182,0,4,188,0,192,514,0,514,706
04/14/2000,MDH,IL,AGL,CE,Federal Contract Tower,0,4,12,0,16,0,2,92,0,94,0,6,104,0,110,560,0,560,670
04/15/2000,MDH,IL,AGL,CE,Federal Contract Tower,0,0,11,0,11,0,0,34,0,34,0,0,45,0,45,102,0,102,147
04/16/2000,MDH,IL,AGL,CE,Federal Contract Tower,0,0,10,0,10,0,0,5,4,9,0,0,15,4,19,20,2,22,41
04/17/2000,MDH,IL,AGL,CE,Federal Contract Tower,0,2,16,0,18,0,0,81,0,81,0,2,97,0,99,328,0,328,427
04/18/2000,MDH,IL,AGL,CE,Federal Contract Tower,0,4,11,0,15,0,0,175,0,175,0,4,186,0,190,626,0,626,816
04/19/2000,MDH,IL,AGL,CE,Federal Contract Tower,0,2,8,0,10,0,5,147,4,156,0,7,155,4,166,380,14,394,560
04/20/2000,MDH,IL,AGL,CE,Federal Contract Tower,0,0,1,0,1,0,0,0,0,0,0,0,1,0,1,0,0,0,1
04/21/2000,MDH,IL,AGL,CE,Federal Contract Tower,0,1,6,0,7,0,1,18,0,19,0,2,24,0,26,18,0,18,44
04/22/2000,MDH,IL,AGL,CE,Federal Contract Tower,0,0,4,0,4,0,0,97,0,97,0,0,101,0,101,272,0,272,373
04/23/2000,MDH,IL,AGL,CE,Federal Contract Tower,0,1,6,0,7,0,1,29,0,30,0,2,35,0,37,110,0,110,147
04/24/2000,MDH,IL,AGL,CE,Federal Contract Tower,0,0,10,0,10,0,0,6,0,6,0,0,16,0,16,0,0,0,16
04/25/2000,MDH,IL,AGL,CE,Federal Contract Tower,0,2,7,0,9,0,1,223,5,229,0,3,230,5,238,600,10,610,848
04/26/2000,MDH,IL,AGL,CE,Federal Contract Tower,0,2,6,0,8,0,4,242,0,246,0,6,248,0,254,590,0,590,844
04/27/2000,MDH,IL,AGL,CE,Federal Contract Tower,0,3,9,0,12,0,1,96,4,101,0,4,105,4,113,194,0,194,307
04/28/2000,MDH,IL,AGL,CE,Federal Contract Tower,0,0,6,0,6,0,0,191,0,191,0,0,197,0,197,646,0,646,843
04/29/2000,MDH,IL,AGL,CE,Federal Contract Tower,0,3,10,0,13,2,1,79,0,82,2,4,89,0,95,280,0,280,375
04/30/2000,MDH,IL,AGL,CE,Federal Contract Tower,0,2,8,0,10,0,0,73,0,73,0,2,81,0,83,164,0,164,247
05/01/2000,MDH,IL,AGL,CE,Federal Contract Tower,0,2,7,0,9,0,3,64,0,67,0,5,71,0,76,142,0,142,218
05/02/2000,MDH,IL,AGL,CE,Federal Contract Tower,0,2,4,0,6,0,0,164,0,164,0,2,168,0,170,566,0,566,736
05/03/2000,MDH,IL,AGL,CE,Federal Contract Tower,0,2,5,0,7,0,0,95,0,95,0,2,100,0,102,298,0,298,400
05/04/2000,MDH,IL,AGL,CE,Federal Contract Tower,0,2,5,0,7,0,0,122,0,122,0,2,127,0,129,564,0,564,693
05/05/2000,MDH,IL,AGL,CE,Federal Contract Tower,0,3,3,0,6,0,2,130,0,132,0,5,133,0,138,424,0,424,562
05/06/2000,MDH,IL,AGL,CE,Federal Contract Tower,0,1,9,0,10,0,0,36,0,36,0,1,45,0,46,152,0,152,198
05/07/2000,MDH,IL,AGL,CE,Federal Contract Tower,0,3,8,0,11,0,0,4,0,4,0,3,12,0,15,0,0,0,15
05/08/2000,MDH,IL,AGL,CE,Federal Contract Tower,0,3,7,0,10,0,5,118,0,123,0,8,125,0,133,422,0,422,555
05/09/2000,MDH,IL,AGL,CE,Federal Contract Tower,0,0,4,0,4,0,0,74,0,74,0,0,78,0,78,324,0,324,402
05/10/2000,MDH,IL,AGL,CE,Federal Contract Tower,0,3,8,0,11,0,1,182,0,183,0,4,190,0,194,476,0,476,670
05/11/2000,MDH,IL,AGL,CE,Federal Contract Tower,0,2,4,0,6,0,6,42,8,56,0,8,46,8,62,118,0,118,180
05/12/2000,MDH,IL,AGL,CE,Federal Contract Tower,0,0,7,0,7,0,0,32,0,32,0,0,39,0,39,98,0,98,137
05/13/2000,MDH,IL,AGL,CE,Federal Contract Tower,0,1,5,0,6,0,6,75,0,81,0,7,80,0,87,96,0,96,183
05/14/2000,MDH,IL,AGL,CE,Federal Contract Tower,0,0,4,0,4,0,2,66,0,68,0,2,70,0,72,112,0,112,184
05/15/2000,MDH,IL,AGL,CE,Federal Contract Tower,0,1,6,0,7,0,1,82,0,83,0,2,88,0,90,182,0,182,272
05/16/2000,MDH,IL,AGL,CE,Federal Contract Tower,0,0,7,0,7,0,0,58,2,60,0,0,65,2,67,138,0,138,205
05/17/2000,MDH,IL,AGL,CE,Federal Contract Tower,0,1,6,0,7,0,3,62,0,65,0,4,68,0,72,164,0,164,236
05/18/2000,MDH,IL,AGL,CE,Federal Contract Tower,0,0,4,0,4,0,5,20,2,27,0,5,24,2,31,46,0,46,77
05/19/2000,MDH,IL,AGL,CE,Federal Contract Tower,0,2,11,0,13,0,3,37,0,40,0,5,48,0,53,78,0,78,131
05/20/2000,MDH,IL,AGL,CE,Federal Contract Tower,0,1,5,0,6,0,2,40,0,42,0,3,45,0,48,200,0,200,248
05/21/2000,MDH,IL,AGL,CE,Federal Contract Tower,0,1,5,0,6,0,2,25,0,27,0,3,30,0,33,70,0,70,103
05/22/2000,MDH,IL,AGL,CE,Federal Contract Tower,0,0,3,0,3,0,4,83,0,87,0,4,86,0,90,340,0,340,430
05/23/2000,MDH,IL,AGL,CE,Federal Contract Tower,0,0,4,0,4,0,2,82,0,84,0,2,86,0,88,264,0,264,352
05/24/2000,MDH,IL,AGL,CE,Federal Contract Tower,0,0,3,0,3,0,5,61,0,66,0,5,64,0,69,126,0,126,195
05/25/2000,MDH,IL,AGL,CE,Federal Contract Tower,0,1,6,0,7,0,1,114,0,115,0,2,120,0,122,264,0,264,386
05/26/2000,MDH,IL,AGL,CE,Federal Contract Tower,0,0,4,0,4,0,0,1,0,1,0,0,5,0,5,6,0,6,11
05/27/2000,MDH,IL,AGL,CE,Federal Contract Tower,0,0,1,0,1,0,0,8,0,8,0,0,9,0,9,4,0,4,13
05/28/2000,MDH,IL,AGL,CE,Federal Contract Tower,0,1,5,0,6,0,0,33,0,33,0,1,38,0,39,0,0,0,39
05/29/2000,MDH,IL,AGL,CE,Federal Contract Tower,0,1,7,0,8,0,1,37,0,38,0,2,44,0,46,130,0,130,176
05/30/2000,MDH,IL,AGL,CE,Federal Contract Tower,0,0,6,0,6,0,0,106,2,108,0,0,112,2,114,382,0,382,496
05/31/2000,MDH,IL,AGL,CE,Federal Contract Tower,0,2,10,0,12,0,1,108,2,111,0,3,118,2,123,286,6,292,415
06/01/2000,MDH,IL,AGL,CE,Federal Contract Tower,0,2,2,0,4,0,3,114,0,117,0,5,116,0,121,280,0,280,401
06/02/2000,MDH,IL,AGL,CE,Federal Contract Tower,0,0,3,0,3,0,0,61,0,61,0,0,64,0,64,108,0,108,172
06/03/2000,MDH,IL,AGL,CE,Federal Contract Tower,0,2,1,0,3,0,0,27,0,27,0,2,28,0,30,66,0,66,96
06/04/2000,MDH,IL,AGL,CE,Federal Contract Tower,0,0,1,0,1,0,0,41,0,41,0,0,42,0,42,70,0,70,112
06/05/2000,MDH,IL,AGL,CE,Federal Contract Tower,0,1,4,0,5,0,0,28,0,28,0,1,32,0,33,134,0,134,167
06/06/2000,MDH,IL,AGL,CE,Federal Contract Tower,0,5,6,0,11,0,7,112,0,119,0,12,118,0,130,324,0,324,454
06/07/2000,MDH,IL,AGL,CE,Federal Contract Tower,0,2,2,0,4,0,0,138,2,140,0,2,140,2,144,346,0,346,490
06/08/2000,MDH,IL,AGL,CE,Federal Contract Tower,0,1,5,0,6,0,0,110,0,110,0,1,115,0,116,330,0,330,446
06/09/2000,MDH,IL,AGL,CE,Federal Contract Tower,0,3,8,0,11,0,0,60,0,60,0,3,68,0,71,134,0,134,205
06/10/2000,MDH,IL,AGL,CE,Federal Contract Tower,0,0,1,0,1,0,2,31,0,33,0,2,32,0,34,50,0,50,84
06/11/2000,MDH,IL,AGL,CE,Federal Contract Tower,0,0,1,0,1,0,0,20,0,20,0,0,21,0,21,50,0,50,71
06/12/2000,MDH,IL,AGL,CE,Federal Contract Tower,0,2,1,0,3,0,0,91,0,91,0,2,92,0,94,230,0,230,324
06/13/2000,MDH,IL,AGL,CE,Federal Contract Tower,0,0,1,0,1,0,0,67,0,67,0,0,68,0,68,272,0,272,340
06/14/2000,MDH,IL,AGL,CE,Federal Contract Tower,0,3,7,0,10,0,0,38,0,38,0,3,45,0,48,112,0,112,160
06/15/2000,MDH,IL,AGL,CE,Federal Contract Tower,0,5,10,0,15,0,3,95,0,98,0,8,105,0,113,324,0,324,437
06/16/2000,MDH,IL,AGL,CE,Federal Contract Tower,0,2,4,0,6,0,1,20,0,21,0,3,24,0,27,40,0,40,67
06/17/2000,MDH,IL,AGL,CE,Federal Contract Tower,0,0,3,0,3,0,0,1,0,1,0,0,4,0,4,0,0,0,4
06/18/2000,MDH,IL,AGL,CE,Federal Contract Tower,0,1,2,0,3,0,1,1,0,2,0,2,3,0,5,0,0,0,5
06/19/2000,MDH,IL,AGL,CE,Federal Contract Tower,0,4,9,0,13,0,0,106,0,106,0,4,115,0,119,386,0,386,505
06/20/2000,MDH,IL,AGL,CE,Federal Contract Tower,0,3,6,0,9,0,5,82,2,89,0,8,88,2,98,244,0,244,342
06/21/2000,MDH,IL,AGL,CE,Federal Contract Tower,0,2,5,0,7,0,3,72,0,75,0,5,77,0,82,230,0,230,312
06/22/2000,MDH,IL,AGL,CE,Federal Contract Tower,0,3,6,0,9,0,3,153,0,156,0,6,159,0,165,368,0,368,533
06/23/2000,MDH,IL,AGL,CE,Federal Contract Tower,0,0,4,0,4,0,0,116,0,116,0,0,120,0,120,296,0,296,416
06/24/2000,MDH,IL,AGL,CE,Federal Contract Tower,0,0,0,0,0,0,0,11,0,11,0,0,11,0,11,24,0,24,35
06/25/2000,MDH,IL,AGL,CE,Federal Contract Tower,0,0,0,0,0,0,4,54,0,58,0,4,54,0,58,116,0,116,174
06/26/2000,MDH,IL,AGL,CE,Federal Contract Tower,0,1,3,0,4,0,1,95,0,96,0,2,98,0,100,400,0,400,500
06/27/2000,MDH,IL,AGL,CE,Federal Contract Tower,0,2,6,0,8,0,5,90,0,95,0,7,96,0,103,314,0,314,417
06/28/2000,MDH,IL,AGL,CE,Federal Contract Tower,0,2,4,0,6,0,0,110,0,110,0,2,114,0,116,396,0,396,512
06/29/2000,MDH,IL,AGL,CE,Federal Contract Tower,0,2,6,0,8,0,2,105,0,107,0,4,111,0,115,358,0,358,473
06/30/2000,MDH,IL,AGL,CE,Federal Contract Tower,0,1,3,0,4,0,3,146,0,149,0,4,149,0,153,342,0,342,495
07/01/2000,MDH,IL,AGL,CE,Federal Contract Tower,0,2,4,0,6,0,2,32,0,34,0,4,36,0,40,94,0,94,134
07/02/2000,MDH,IL,AGL,CE,Federal Contract Tower,0,0,2,0,2,0,3,11,0,14,0,3,13,0,16,44,0,44,60
07/03/2000,MDH,IL,AGL,CE,Federal Contract Tower,0,0,1,0,1,0,0,20,0,20,0,0,21,0,21,56,0,56,77
07/04/2000,MDH,IL,AGL,CE,Federal Contract Tower,0,0,0,0,0,0,0,29,0,29,0,0,29,0,29,124,0,124,153
07/05/2000,MDH,IL,AGL,CE,Federal Contract Tower,0,3,3,0,6,0,0,94,0,94,0,3,97,0,100,224,0,224,324
07/06/2000,MDH,IL,AGL,CE,Federal Contract Tower,0,3,5,0,8,0,2,103,2,107,0,5,108,2,115,374,0,374,489
07/07/2000,MDH,IL,AGL,CE,Federal Contract Tower,0,2,3,0,5,0,3,83,2,88,0,5,86,2,93,266,10,276,369
07/08/2000,MDH,IL,AGL,CE,Federal Contract Tower,0,0,3,0,3,0,2,31,0,33,0,2,34,0,36,92,0,92,128
07/09/2000,MDH,IL,AGL,CE,Federal Contract Tower,0,1,2,0,3,0,0,32,2,34,0,1,34,2,37,60,0,60,97
07/10/2000,MDH,IL,AGL,CE,Federal Contract Tower,0,0,2,0,2,0,0,61,0,61,0,0,63,0,63,162,0,162,225
07/11/2000,MDH,IL,AGL,CE,Federal Contract Tower,0,0,3,0,3,0,0,69,0,69,0,0,72,0,72,238,0,238,310
07/12/2000,MDH,IL,AGL,CE,Federal Contract Tower,0,4,6,0,10,0,0,105,0,105,0,4,111,0,115,292,0,292,407
07/13/2000,MDH,IL,AGL,CE,Federal Contract Tower,0,4,7,0,11,0,3,115,0,118,0,7,122,0,129,362,0,362,491
07/14/2000,MDH,IL,AGL,CE,Federal Contract Tower,0,0,3,0,3,0,1,100,4,105,0,1,103,4,108,328,0,328,436
07/15/2000,MDH,IL,AGL,CE,Federal Contract Tower,0,0,2,0,2,0,2,30,0,32,0,2,32,0,34,74,0,74,108
07/16/2000,MDH,IL,AGL,CE,Federal Contract Tower,0,0,3,0,3,0,3,42,0,45,0,3,45,0,48,84,0,84,132
07/17/2000,MDH,IL,AGL,CE,Federal Contract Tower,0,1,4,0,5,0,0,66,0,66,0,1,70,0,71,124,0,124,195
07/18/2000,MDH,IL,AGL,CE,Federal Contract Tower,0,0,2,0,2,0,10,109,0,119,0,10,111,0,121,282,0,282,403
07/19/2000,MDH,IL,AGL,CE,Federal Contract Tower,0,6,12,0,18,0,2,72,0,74,0,8,84,0,92,206,0,206,298
07/20/2000,MDH,IL,AGL,CE,Federal Contract Tower,0,2,4,0,6,0,1,101,0,102,0,3,105,0,108,290,0,290,398
07/21/2000,MDH,IL,AGL,CE,Federal Contract Tower,0,3,6,0,9,0,1,125,2,128,0,4,131,2,137,344,0,344,481
07/22/2000,MDH,IL,AGL,CE,Federal Contract Tower,0,0,3,0,3,0,3,44,0,47,0,3,47,0,50,92,0,92,142
07/23/2000,MDH,IL,AGL,CE,Federal Contract Tower,0,0,2,0,2,0,1,31,0,32,0,1,33,0,34,70,0,70,104
07/24/2000,MDH,IL,AGL,CE,Federal Contract Tower,0,0,2,0,2,0,2,133,0,135,0,2,135,0,137,304,0,304,441
07/25/2000,MDH,IL,AGL,CE,Federal Contract Tower,0,2,5,0,7,0,6,160,0,166,0,8,165,0,173,470,0,470,643
07/26/2000,MDH,IL,AGL,CE,Federal Contract Tower,0,3,7,0,10,0,2,95,0,97,0,5,102,0,107,308,0,308,415
07/27/2000,MDH,IL,AGL,CE,Federal Contract Tower,0,4,10,0,14,0,8,93,0,101,0,12,103,0,115,300,0,300,415
07/28/2000,MDH,IL,AGL,CE,Federal Contract Tower,0,0,3,0,3,0,2,14,0,16,0,2,17,0,19,22,0,22,41
07/29/2000,MDH,IL,AGL,CE,Federal Contract Tower,0,1,7,0,8,0,0,4,0,4,0,1,11,0,12,0,0,0,12
07/30/2000,MDH,IL,AGL,CE,Federal Contract Tower,0,1,5,0,6,0,0,24,0,24,0,1,29,0,30,44,0,44,74
07/31/2000,MDH,IL,AGL,CE,Federal Contract Tower,0,3,7,0,10,0,1,47,0,48,0,4,54,0,58,154,0,154,212
08/01/2000,MDH,IL,AGL,CE,Federal Contract Tower,0,3,4,0,7,0,1,93,0,94,0,4,97,0,101,427,0,427,528
08/02/2000,MDH,IL,AGL,CE,Federal Contract Tower,0,2,1,0,3,0,2,109,0,111,0,4,110,0,114,304,0,304,418
08/03/2000,MDH,IL,AGL,CE,Federal Contract Tower,0,3,2,0,5,0,7,93,0,100,0,10,95,0,105,228,0,228,333
08/04/2000,MDH,IL,AGL,CE,Federal Contract Tower,0,2,5,0,7,0,0,66,0,66,0,2,71,0,73,116,0,116,189
08/05/2000,MDH,IL,AGL,CE,Federal Contract Tower,0,0,0,0,0,0,0,19,0,19,0,0,19,0,19,38,0,38,57
08/06/2000,MDH,IL,AGL,CE,Federal Contract Tower,0,1,1,0,2,0,0,15,0,15,0,1,16,0,17,20,0,20,37
08/07/2000,MDH,IL,AGL,CE,Federal Contract Tower,0,0,1,0,1,0,0,10,0,10,0,0,11,0,11,42,0,42,53
08/08/2000,MDH,IL,AGL,CE,Federal Contract Tower,0,0,1,0,1,0,1,84,0,85,0,1,85,0,86,190,0,190,276
08/09/2000,MDH,IL,AGL,CE,Federal Contract Tower,0,4,4,0,8,0,0,86,0,86,0,4,90,0,94,184,0,184,278
08/10/2000,MDH,IL,AGL,CE,Federal Contract Tower,0,2,2,0,4,0,2,77,0,79,0,4,79,0,83,144,0,144,227
08/11/2000,MDH,IL,AGL,CE,Federal Contract Tower,0,5,5,0,10,2,3,68,0,73,2,8,73,0,83,136,0,136,219
08/12/2000,MDH,IL,AGL,CE,Federal Contract Tower,0,0,2,0,2,0,1,35,0,36,0,1,37,0,38,102,0,102,140
08/13/2000,MDH,IL,AGL,CE,Federal Contract Tower,0,0,1,0,1,0,3,30,0,33,0,3,31,0,34,54,0,54,88
08/14/2000,MDH,IL,AGL,CE,Federal Contract Tower,0,2,3,0,5,0,2,38,0,40,0,4,41,0,45,80,0,80,125
08/15/2000,MDH,IL,AGL,CE,Federal Contract Tower,0,2,2,0,4,0,2,41,0,43,0,4,43,0,47,52,0,52,99
08/16/2000,MDH,IL,AGL,CE,Federal Contract Tower,0,0,2,0,2,0,0,38,0,38,0,0,40,0,40,74,0,74,114
08/17/2000,MDH,IL,AGL,CE,Federal Contract Tower,0,3,3,0,6,0,2,57,2,61,0,5,60,2,67,126,0,126,193
08/18/2000,MDH,IL,AGL,CE,Federal Contract Tower,0,3,4,0,7,0,1,31,0,32,0,4,35,0,39,102,0,102,141
08/19/2000,MDH,IL,AGL,CE,Federal Contract Tower,0,0,1,0,1,0,3,29,0,32,0,3,30,0,33,60,0,60,93
08/20/2000,MDH,IL,AGL,CE,Federal Contract Tower,0,2,2,0,4,0,2,29,0,31,0,4,31,0,35,72,0,72,107
08/21/2000,MDH,IL,AGL,CE,Federal Contract Tower,0,2,3,0,5,0,0,28,0,28,0,2,31,0,33,68,0,68,101
08/22/2000,MDH,IL,AGL,CE,Federal Contract Tower,0,0,2,0,2,0,4,19,0,23,0,4,21,0,25,54,0,54,79
08/23/2000,MDH,IL,AGL,CE,Federal Contract Tower,0,0,0,0,0,0,6,85,0,91,0,6,85,0,91,190,0,190,281
08/24/2000,MDH,IL,AGL,CE,Federal Contract Tower,0,2,3,0,5,0,2,88,0,90,0,4,91,0,95,218,0,218,313
08/25/2000,MDH,IL,AGL,CE,Federal Contract Tower,0,3,3,0,6,0,7,78,0,85,0,10,81,0,91,258,0,258,349
08/26/2000,MDH,IL,AGL,CE,Federal Contract Tower,0,0,0,0,0,0,0,72,0,72,0,0,72,0,72,240,0,240,312
08/27/2000,MDH,IL,AGL,CE,Federal Contract Tower,0,5,5,0,10,0,2,21,0,23,0,7,26,0,33,48,0,48,81
08/28/2000,MDH,IL,AGL,CE,Federal Contract Tower,0,2,3,0,5,0,2,143,14,159,0,4,146,14,164,534,6,540,704
08/29/2000,MDH,IL,AGL,CE,Federal Contract Tower,0,4,4,0,8,0,4,108,8,120,0,8,112,8,128,290,6,296,424
08/30/2000,MDH,IL,AGL,CE,Federal Contract Tower,0,8,8,0,16,0,2,103,9,114,0,10,111,9,130,418,14,432,562
08/31/2000,MDH,IL,AGL,CE,Federal Contract Tower,0,8,8,0,16,6,10,133,0,149,6,18,141,0,165,480,0,480,645
09/01/2000,MDH,IL,AGL,CE,Federal Contract Tower,0,7,9,0,16,0,17,152,0,169,0,24,161,0,185,580,0,580,765
09/02/2000,MDH,IL,AGL,CE,Federal Contract Tower,0,6,7,0,13,0,0,38,0,38,0,6,45,0,51,18,0,18,69
09/03/2000,MDH,IL,AGL,CE,Federal Contract Tower,0,4,1,0,5,0,0,38,0,38,0,4,39,0,43,82,0,82,125
09/04/2000,MDH,IL,AGL,CE,Federal Contract Tower,0,4,2,0,6,0,0,23,0,23,0,4,25,0,29,34,0,34,63
09/05/2000,MDH,IL,AGL,CE,Federal Contract Tower,0,1,1,0,2,0,1,100,0,101,0,2,101,0,103,220,0,220,323
09/06/2000,MDH,IL,AGL,CE,Federal Contract Tower,0,7,5,0,12,0,2,123,0,125,0,9,128,0,137,302,0,302,439
09/07/2000,MDH,IL,AGL,CE,Federal Contract Tower,0,1,0,0,1,0,2,181,0,183,0,3,181,0,184,606,0,606,790
09/08/2000,MDH,IL,AGL,CE,Federal Contract Tower,0,7,9,0,16,0,0,35,0,35,0,7,44,0,51,90,0,90,141
09/09/2000,MDH,IL,AGL,CE,Federal Contract Tower,0,6,5,0,11,0,18,34,0,52,0,24,39,0,63,122,0,122,185
09/10/2000,MDH,IL,AGL,CE,Federal Contract Tower,0,0,3,0,3,0,0,34,0,34,0,0,37,0,37,42,0,42,79
09/11/2000,MDH,IL,AGL,CE,Federal Contract Tower,0,2,4,0,6,0,1,187,0,188,0,3,191,0,194,520,0,520,714
09/12/2000,MDH,IL,AGL,CE,Federal Contract Tower,0,5,7,0,12,0,3,84,0,87,0,8,91,0,99,380,0,380,479
09/13/2000,MDH,IL,AGL,CE,Federal Contract Tower,0,4,5,0,9,0,5,169,0,174,0,9,174,0,183,528,0,528,711
09/14/2000,MDH,IL,AGL,CE,Federal Contract Tower,0,5,8,0,13,2,1,181,0,184,2,6,189,0,197,636,0,636,833
09/15/2000,MDH,IL,AGL,CE,Federal Contract Tower,0,2,4,0,6,0,4,210,0,214,0,6,214,0,220,705,0,705,925
09/16/2000,MDH,IL,AGL,CE,Federal Contract Tower,0,2,5,0,7,0,0,243,0,243,0,2,248,0,250,198,0,198,448
09/17/2000,MDH,IL,AGL,CE,Federal Contract Tower,0,0,3,0,3,0,0,89,0,89,0,0,92,0,92,108,0,108,200
09/18/2000,MDH,IL,AGL,CE,Federal Contract Tower,0,1,3,0,4,0,8,199,0,207,0,9,202,0,211,610,0,610,821
09/19/2000,MDH,IL,AGL,CE,Federal Contract Tower,0,2,3,0,5,0,7,111,0,118,0,9,114,0,123,260,0,260,383
09/20/2000,MDH,IL,AGL,CE,Federal Contract Tower,0,3,4,0,7,0,1,58,0,59,0,4,62,0,66,108,0,108,174
09/21/2000,MDH,IL,AGL,CE,Federal Contract Tower,0,4,6,0,10,0,1,212,0,213,0,5,218,0,223,824,0,824,1047
09/22/2000,MDH,IL,AGL,CE,Federal Contract Tower,0,4,5,0,9,0,2,183,0,185,0,6,188,0,194,774,0,774,968
09/23/2000,MDH,IL,AGL,CE,Federal Contract Tower,0,2,3,0,5,0,2,16,0,18,0,4,19,0,23,74,0,74,97
09/24/2000,MDH,IL,AGL,CE,Federal Contract Tower,0,0,0,0,0,0,2,0,0,2,0,2,0,0,2,0,0,0,2
09/25/2000,MDH,IL,AGL,CE,Federal Contract Tower,0,1,2,0,3,0,0,0,0,0,0,1,2,0,3,0,0,0,3
09/26/2000,MDH,IL,AGL,CE,Federal Contract Tower,0,1,3,0,4,0,13,178,0,191,0,14,181,0,195,380,0,380,575
09/27/2000,MDH,IL,AGL,CE,Federal Contract Tower,0,4,6,0,10,2,1,171,0,174,2,5,177,0,184,484,0,484,668
09/28/2000,MDH,IL,AGL,CE,Federal Contract Tower,0,5,8,0,13,2,1,260,2,265,2,6,268,2,278,942,4,946,1224
09/29/2000,MDH,IL,AGL,CE,Federal Contract Tower,0,2,4,0,6,0,0,216,1,217,0,2,220,1,223,658,0,658,881
09/30/2000,MDH,IL,AGL,CE,Federal Contract Tower,0,0,1,0,1,0,0,72,4,76,0,0,73,4,77,38,8,46,123
10/01/2000,MDH,IL,AGL,CE,Federal Contract Tower,0,2,5,0,7,0,0,81,5,86,0,2,86,5,93,26,2,28,121
10/02/2000,MDH,IL,AGL,CE,Federal Contract Tower,0,3,6,0,9,0,7,174,0,181,0,10,180,0,190,644,0,644,834
10/03/2000,MDH,IL,AGL,CE,Federal Contract Tower,0,1,2,0,3,0,9,169,4,182,0,10,171,4,185,512,0,512,697
10/04/2000,MDH,IL,AGL,CE,Federal Contract Tower,0,4,5,0,9,0,3,120,6,129,0,7,125,6,138,316,0,316,454
10/05/2000,MDH,IL,AGL,CE,Federal Contract Tower,0,4,5,0,9,0,2,76,0,78,0,6,81,0,87,182,0,182,269
10/06/2000,MDH,IL,AGL,CE,Federal Contract Tower,0,6,8,0,14,0,1,125,0,126,0,7,133,0,140,370,0,370,510
10/07/2000,MDH,IL,AGL,CE,Federal Contract Tower,0,2,1,0,3,0,0,104,2,106,0,2,105,2,109,194,0,194,303
10/08/2000,MDH,IL,AGL,CE,Federal Contract Tower,0,0,2,0,2,0,0,40,0,40,0,0,42,0,42,54,0,54,96
10/09/2000,MDH,IL,AGL,CE,Federal Contract Tower,0,3,3,0,6,1,5,218,0,224,1,8,221,0,230,620,0,620,850
10/10/2000,MDH,IL,AGL,CE,Federal Contract Tower,0,5,7,0,12,2,0,146,0,148,2,5,153,0,160,550,0,550,710
10/11/2000,MDH,IL,AGL,CE,Federal Contract Tower,0,4,4,0,8,0,1,142,2,145,0,5,146,2,153,402,4,406,559
10/12/2000,MDH,IL,AGL,CE,Federal Contract Tower,0,3,3,0,6,0,6,220,0,226,0,9,223,0,232,784,0,784,1016
10/13/2000,MDH,IL,AGL,CE,Federal Contract Tower,0,2,5,0,7,1,0,165,0,166,1,2,170,0,173,510,0,510,683
10/14/2000,MDH,IL,AGL,CE,Federal Contract Tower,0,0,9,0,9,2,0,94,0,96,2,0,103,0,105,170,0,170,275
10/15/2000,MDH,IL,AGL,CE,Federal Contract Tower,0,4,9,0,13,0,0,48,0,48,0,4,57,0,61,74,0,74,135
10/16/2000,MDH,IL,AGL,CE,Federal Contract Tower,0,3,7,0,10,0,1,5,0,6,0,4,12,0,16,0,0,0,16
10/17/2000,MDH,IL,AGL,CE,Federal Contract Tower,0,4,8,0,12,0,3,63,0,66,0,7,71,0,78,198,0,198,276
10/18/2000,MDH,IL,AGL,CE,Federal Contract Tower,0,5,10,0,15,0,6,123,0,129,0,11,133,0,144,406,0,406,550
10/19/2000,MDH,IL,AGL,CE,Federal Contract Tower,0,1,4,0,5,0,4,179,0,183,0,5,183,0,188,730,0,730,918
10/20/2000,MDH,IL,AGL,CE,Federal Contract Tower,0,3,7,0,10,0,7,142,0,149,0,10,149,0,159,616,0,616,775
10/21/2000,MDH,IL,AGL,CE,Federal Contract Tower,0,4,7,0,11,0,3,70,0,73,0,7,77,0,84,152,0,152,236
10/22/2000,MDH,IL,AGL,CE,Federal Contract Tower,0,2,4,0,6,0,2,20,0,22,0,4,24,0,28,36,0,36,64
10/23/2000,MDH,IL,AGL,CE,Federal Contract Tower,0,5,10,0,15,0,0,82,0,82,0,5,92,0,97,354,0,354,451
10/24/2000,MDH,IL,AGL,CE,Federal Contract Tower,0,3,7,0,10,0,3,147,0,150,0,6,154,0,160,406,0,406,566
10/25/2000,MDH,IL,AGL,CE,Federal Contract Tower,0,1,4,0,5,2,1,122,0,125,2,2,126,0,130,344,0,344,474
10/26/2000,MDH,IL,AGL,CE,Federal Contract Tower,0,1,7,0,8,1,0,102,0,103,1,1,109,0,111,517,0,517,628
10/27/2000,MDH,IL,AGL,CE,Federal Contract Tower,0,3,6,0,9,0,6,102,0,108,0,9,108,0,117,290,0,290,407
10/28/2000,MDH,IL,AGL,CE,Federal Contract Tower,0,0,1,0,1,0,1,44,0,45,0,1,45,0,46,88,0,88,134
10/29/2000,MDH,IL,AGL,CE,Federal Contract Tower,0,0,1,0,1,0,7,18,0,25,0,7,19,0,26,34,0,34,60
10/30/2000,MDH,IL,AGL,CE,Federal Contract Tower,0,1,4,0,5,0,1,49,0,50,0,2,53,0,55,218,0,218,273
10/31/2000,MDH,IL,AGL,CE,Federal Contract Tower,0,0,5,0,5,0,0,63,0,63,0,0,68,0,68,228,0,228,296
11/01/2000,MDH,IL,AGL,CE,Federal Contract Tower,0,3,8,0,11,0,0,75,0,75,0,3,83,0,86,170,0,170,256
11/02/2000,MDH,IL,AGL,CE,Federal Contract Tower,0,5,7,0,12,0,5,44,0,49,0,10,51,0,61,210,0,210,271
11/03/2000,MDH,IL,AGL,CE,Federal Contract Tower,0,4,3,0,7,0,3,122,0,125,0,7,125,0,132,428,0,428,560
11/04/2000,MDH,IL,AGL,CE,Federal Contract Tower,0,2,3,0,5,0,0,118,0,118,0,2,121,0,123,280,0,280,403
11/05/2000,MDH,IL,AGL,CE,Federal Contract Tower,0,2,4,0,6,0,0,69,0,69,0,2,73,0,75,90,0,90,165
11/06/2000,MDH,IL,AGL,CE,Federal Contract Tower,0,3,7,0,10,0,0,4,1,5,0,3,11,1,15,0,0,0,15
11/07/2000,MDH,IL,AGL,CE,Federal Contract Tower,0,2,5,0,7,0,0,106,0,106,0,2,111,0,113,398,0,398,511
11/08/2000,MDH,IL,AGL,CE,Federal Contract Tower,0,2,5,1,8,0,6,109,3,118,0,8,114,4,126,438,0,438,564
11/09/2000,MDH,IL,AGL,CE,Federal Contract Tower,0,0,2,0,2,0,2,1,0,3,0,2,3,0,5,0,0,0,5
11/10/2000,MDH,IL,AGL,CE,Federal Contract Tower,0,2,9,0,11,0,0,152,1,153,0,2,161,1,164,526,0,526,690
11/11/2000,MDH,IL,AGL,CE,Federal Contract Tower,0,2,7,0,9,0,0,46,0,46,0,2,53,0,55,130,0,130,185
11/12/2000,MDH,IL,AGL,CE,Federal Contract Tower,0,0,2,0,2,0,4,68,0,72,0,4,70,0,74,120,0,120,194
11/13/2000,MDH,IL,AGL,CE,Federal Contract Tower,0,0,3,0,3,0,0,165,0,165,0,0,168,0,168,504,0,504,672
11/14/2000,MDH,IL,AGL,CE,Federal Contract Tower,0,1,3,0,4,0,1,151,0,152,0,2,154,0,156,406,0,406,562
11/15/2000,MDH,IL,AGL,CE,Federal Contract Tower,0,2,5,0,7,0,2,153,1,156,0,4,158,1,163,404,0,404,567
11/16/2000,MDH,IL,AGL,CE,Federal Contract Tower,0,2,6,0,8,0,2,125,0,127,0,4,131,0,135,348,0,348,483
11/17/2000,MDH,IL,AGL,CE,Federal Contract Tower,0,2,6,0,8,0,4,124,2,130,0,6,130,2,138,356,0,356,494
11/18/2000,MDH,IL,AGL,CE,Federal Contract Tower,0,3,8,0,11,0,3,82,0,85,0,6,90,0,96,228,0,228,324
11/19/2000,MDH,IL,AGL,CE,Federal Contract Tower,0,0,2,0,2,0,1,28,0,29,0,1,30,0,31,28,0,28,59
11/20/2000,MDH,IL,AGL,CE,Federal Contract Tower,0,1,4,0,5,0,3,14,0,17,0,4,18,0,22,34,0,34,56
11/21/2000,MDH,IL,AGL,CE,Federal Contract Tower,0,0,3,0,3,0,2,38,0,40,0,2,41,0,43,96,0,96,139
11/22/2000,MDH,IL,AGL,CE,Federal Contract Tower,0,2,5,0,7,0,10,22,0,32,0,12,27,0,39,34,0,34,73
11/23/2000,MDH,IL,AGL,CE,Federal Contract Tower,0,0,2,0,2,0,2,21,0,23,0,2,23,0,25,30,0,30,55
11/24/2000,MDH,IL,AGL,CE,Federal Contract Tower,0,2,6,0,8,0,2,8,0,10,0,4,14,0,18,26,0,26,44
11/25/2000,MDH,IL,AGL,CE,Federal Contract Tower,0,0,0,0,0,0,0,0,0,0,0,0,0,0,0,0,0,0,0
11/26/2000,MDH,IL,AGL,CE,Federal Contract Tower,0,0,6,0,6,0,0,19,0,19,0,0,25,0,25,0,0,0,25
11/27/2000,MDH,IL,AGL,CE,Federal Contract Tower,0,1,9,0,10,0,0,40,0,40,0,1,49,0,50,146,0,146,196
11/28/2000,MDH,IL,AGL,CE,Federal Contract Tower,0,2,5,0,7,0,3,124,0,127,0,5,129,0,134,460,0,460,594
11/29/2000,MDH,IL,AGL,CE,Federal Contract Tower,0,2,6,0,8,0,10,132,1,143,0,12,138,1,151,208,0,208,359
11/30/2000,MDH,IL,AGL,CE,Federal Contract Tower,0,2,5,0,7,0,11,163,0,174,0,13,168,0,181,590,0,590,771
12/01/2000,MDH,IL,AGL,CE,Federal Contract Tower,0,1,3,0,4,0,1,150,0,151,0,2,153,0,155,484,0,484,639
12/02/2000,MDH,IL,AGL,CE,Federal Contract Tower,0,0,0,0,0,0,4,0,0,4,0,4,0,0,4,0,0,0,4
12/03/2000,MDH,IL,AGL,CE,Federal Contract Tower,0,0,3,0,3,0,0,131,0,131,0,0,134,0,134,274,0,274,408
12/04/2000,MDH,IL,AGL,CE,Federal Contract Tower,0,7,8,0,15,0,3,195,0,198,0,10,203,0,213,574,0,574,787
12/05/2000,MDH,IL,AGL,CE,Federal Contract Tower,0,5,6,0,11,0,6,153,0,159,0,11,159,0,170,336,0,336,506
12/06/2000,MDH,IL,AGL,CE,Federal Contract Tower,0,1,3,0,4,0,2,103,0,105,0,3,106,0,109,402,0,402,511
12/07/2000,MDH,IL,AGL,CE,Federal Contract Tower,0,3,2,0,5,0,0,121,0,121,0,3,123,0,126,350,0,350,476
12/08/2000,MDH,IL,AGL,CE,Federal Contract Tower,0,3,2,0,5,0,2,129,0,131,0,5,131,0,136,624,0,624,760
12/09/2000,MDH,IL,AGL,CE,Federal Contract Tower,0,0,4,0,4,0,0,117,1,118,0,0,121,1,122,306,0,306,428
12/10/2000,MDH,IL,AGL,CE,Federal Contract Tower,0,3,3,0,6,0,1,49,0,50,0,4,52,0,56,108,0,108,164
12/11/2000,MDH,IL,AGL,CE,Federal Contract Tower,0,5,4,0,9,0,1,1,0,2,0,6,5,0,11,0,0,0,11
12/12/2000,MDH,IL,AGL,CE,Federal Contract Tower,0,0,1,0,1,0,0,50,0,50,0,0,51,0,51,166,0,166,217
12/13/2000,MDH,IL,AGL,CE,Federal Contract Tower,0,0,0,0,0,0,0,0,0,0,0,0,0,0,0,1,1,2,2
12/14/2000,MDH,IL,AGL,CE,Federal Contract Tower,0,4,0,0,4,0,2,0,0,2,0,6,0,0,6,0,0,0,6
12/15/2000,MDH,IL,AGL,CE,Federal Contract Tower,0,1,0,0,1,0,1,0,0,1,0,2,0,0,2,0,0,0,2
12/16/2000,MDH,IL,AGL,CE,Federal Contract Tower,0,0,0,0,0,0,0,0,0,0,0,0,0,0,0,0,0,0,0
12/17/2000,MDH,IL,AGL,CE,Federal Contract Tower,0,2,1,0,3,0,4,6,0,10,0,6,7,0,13,0,0,0,13
12/18/2000,MDH,IL,AGL,CE,Federal Contract Tower,0,1,0,0,1,0,7,16,0,23,0,8,16,0,24,20,0,20,44
12/19/2000,MDH,IL,AGL,CE,Federal Contract Tower,0,0,0,0,0,0,0,0,0,0,0,0,0,0,0,0,0,0,0
12/20/2000,MDH,IL,AGL,CE,Federal Contract Tower,0,4,3,0,7,0,6,14,0,20,0,10,17,0,27,48,0,48,75
12/21/2000,MDH,IL,AGL,CE,Federal Contract Tower,0,1,1,0,2,0,9,17,0,26,0,10,18,0,28,2,0,2,30
12/22/2000,MDH,IL,AGL,CE,Federal Contract Tower,0,0,1,0,1,0,0,14,0,14,0,0,15,0,15,12,0,12,27
12/23/2000,MDH,IL,AGL,CE,Federal Contract Tower,0,0,1,0,1,0,0,16,0,16,0,0,17,0,17,20,0,20,37
12/24/2000,MDH,IL,AGL,CE,Federal Contract Tower,0,2,1,0,3,0,0,10,0,10,0,2,11,0,13,0,0,0,13
12/25/2000,MDH,IL,AGL,CE,Federal Contract Tower,0,0,0,0,0,0,0,0,0,0,0,0,0,0,0,0,0,0,0
12/26/2000,MDH,IL,AGL,CE,Federal Contract Tower,0,2,0,0,2,0,2,0,0,2,0,4,0,0,4,0,0,0,4
12/27/2000,MDH,IL,AGL,CE,Federal Contract Tower,0,0,0,0,0,0,0,0,0,0,0,0,0,0,0,0,0,0,0
12/28/2000,MDH,IL,AGL,CE,Federal Contract Tower,0,1,1,0,2,0,0,34,0,34,0,1,35,0,36,4,0,4,40
12/29/2000,MDH,IL,AGL,CE,Federal Contract Tower,0,1,0,0,1,0,1,1,0,2,0,2,1,0,3,0,0,0,3
12/30/2000,MDH,IL,AGL,CE,Federal Contract Tower,0,0,0,0,0,0,0,2,0,2,0,0,2,0,2,0,0,0,2
12/31/2000,MDH,IL,AGL,CE,Federal Contract Tower,0,2,2,0,4,0,0,6,0,6,0,2,8,0,10,22,0,22,32
01/01/2001,MDH,IL,AGL,CE,Federal Contract Tower,0,0,1,0,1,0,0,14,0,14,0,0,15,0,15,52,0,52,67
01/02/2001,MDH,IL,AGL,CE,Federal Contract Tower,0,0,0,0,0,0,6,22,0,28,0,6,22,0,28,30,0,30,58
01/03/2001,MDH,IL,AGL,CE,Federal Contract Tower,0,0,0,0,0,0,0,0,0,0,0,0,0,0,0,0,0,0,0
01/04/2001,MDH,IL,AGL,CE,Federal Contract Tower,0,0,1,0,1,0,0,21,3,24,0,0,22,3,25,68,0,68,93
01/05/2001,MDH,IL,AGL,CE,Federal Contract Tower,0,2,3,0,5,0,0,26,1,27,0,2,29,1,32,40,0,40,72
01/06/2001,MDH,IL,AGL,CE,Federal Contract Tower,0,0,0,0,0,0,0,37,0,37,0,0,37,0,37,76,0,76,113
01/07/2001,MDH,IL,AGL,CE,Federal Contract Tower,1,2,1,0,4,0,5,23,0,28,1,7,24,0,32,16,0,16,48
01/08/2001,MDH,IL,AGL,CE,Federal Contract Tower,0,2,0,0,2,0,1,5,0,6,0,3,5,0,8,10,0,10,18
01/09/2001,MDH,IL,AGL,CE,Federal Contract Tower,0,1,1,0,2,2,0,41,0,43,2,1,42,0,45,116,0,116,161
01/10/2001,MDH,IL,AGL,CE,Federal Contract Tower,0,3,4,0,7,0,1,54,2,57,0,4,58,2,64,128,0,128,192
01/11/2001,MDH,IL,AGL,CE,Federal Contract Tower,0,4,6,0,10,0,16,23,0,39,0,20,29,0,49,104,0,104,153
01/12/2001,MDH,IL,AGL,CE,Federal Contract Tower,0,1,2,0,3,0,2,5,0,7,0,3,7,0,10,0,0,0,10
01/13/2001,MDH,IL,AGL,CE,Federal Contract Tower,0,0,3,0,3,0,0,5,0,5,0,0,8,0,8,20,0,20,28
01/14/2001,MDH,IL,AGL,CE,Federal Contract Tower,0,0,2,0,2,0,0,0,4,4,0,0,2,4,6,0,0,0,6
01/15/2001,MDH,IL,AGL,CE,Federal Contract Tower,0,2,3,0,5,0,0,59,0,59,0,2,62,0,64,210,0,210,274
01/16/2001,MDH,IL,AGL,CE,Federal Contract Tower,0,0,0,0,0,0,4,23,0,27,0,4,23,0,27,74,0,74,101
01/17/2001,MDH,IL,AGL,CE,Federal Contract Tower,0,3,5,0,8,0,7,99,6,112,0,10,104,6,120,330,0,330,450
01/18/2001,MDH,IL,AGL,CE,Federal Contract Tower,0,0,1,0,1,0,7,120,0,127,0,7,121,0,128,438,0,438,566
01/19/2001,MDH,IL,AGL,CE,Federal Contract Tower,0,1,2,0,3,0,2,21,0,23,0,3,23,0,26,112,0,112,138
01/20/2001,MDH,IL,AGL,CE,Federal Contract Tower,0,1,2,0,3,0,1,42,0,43,0,2,44,0,46,166,0,166,212
01/21/2001,MDH,IL,AGL,CE,Federal Contract Tower,0,1,3,0,4,0,5,92,0,97,0,6,95,0,101,430,0,430,531
01/22/2001,MDH,IL,AGL,CE,Federal Contract Tower,0,2,3,0,5,0,6,177,0,183,0,8,180,0,188,756,0,756,944
01/23/2001,MDH,IL,AGL,CE,Federal Contract Tower,0,3,4,0,7,0,7,158,0,165,0,10,162,0,172,420,0,420,592
01/24/2001,MDH,IL,AGL,CE,Federal Contract Tower,0,2,3,0,5,0,2,195,0,197,0,4,198,0,202,528,0,528,730
01/25/2001,MDH,IL,AGL,CE,Federal Contract Tower,0,0,7,0,7,0,0,183,0,183,0,0,190,0,190,550,0,550,740
01/26/2001,MDH,IL,AGL,CE,Federal Contract Tower,0,1,3,0,4,0,2,48,0,50,0,3,51,0,54,136,0,136,190
01/27/2001,MDH,IL,AGL,CE,Federal Contract Tower,0,0,1,0,1,0,1,124,0,125,0,1,125,0,126,478,0,478,604
01/28/2001,MDH,IL,AGL,CE,Federal Contract Tower,0,0,2,0,2,0,0,61,0,61,0,0,63,0,63,198,0,198,261
01/29/2001,MDH,IL,AGL,CE,Federal Contract Tower,0,0,0,0,0,0,0,0,0,0,0,0,0,0,0,0,0,0,0
01/30/2001,MDH,IL,AGL,CE,Federal Contract Tower,0,3,5,0,8,2,0,59,0,61,2,3,64,0,69,204,0,204,273
01/31/2001,MDH,IL,AGL,CE,Federal Contract Tower,0,4,7,0,11,2,3,79,0,84,2,7,86,0,95,328,0,328,423
02/01/2001,MDH,IL,AGL,CE,Federal Contract Tower,0,3,5,0,8,0,1,253,0,254,0,4,258,0,262,1102,0,1102,1364
02/02/2001,MDH,IL,AGL,CE,Federal Contract Tower,0,2,3,0,5,0,0,192,0,192,0,2,195,0,197,562,0,562,759
02/03/2001,MDH,IL,AGL,CE,Federal Contract Tower,0,4,7,0,11,0,0,159,0,159,0,4,166,0,170,404,0,404,574
02/04/2001,MDH,IL,AGL,CE,Federal Contract Tower,0,0,0,0,0,0,2,101,0,103,0,2,101,0,103,230,0,230,333
02/05/2001,MDH,IL,AGL,CE,Federal Contract Tower,0,3,6,0,9,0,3,171,0,174,0,6,177,0,183,918,0,918,1101
02/06/2001,MDH,IL,AGL,CE,Federal Contract Tower,0,3,4,0,7,0,1,109,2,112,0,4,113,2,119,506,0,506,625
02/07/2001,MDH,IL,AGL,CE,Federal Contract Tower,1,4,6,0,11,0,10,138,0,148,1,14,144,0,159,620,0,620,779
02/08/2001,MDH,IL,AGL,CE,Federal Contract Tower,0,4,4,0,8,0,5,58,0,63,0,9,62,0,71,234,0,234,305
02/09/2001,MDH,IL,AGL,CE,Federal Contract Tower,0,0,0,0,0,0,0,3,0,3,0,0,3,0,3,0,0,0,3
02/10/2001,MDH,IL,AGL,CE,Federal Contract Tower,1,3,4,0,8,0,12,134,0,146,1,15,138,0,154,422,0,422,576
02/11/2001,MDH,IL,AGL,CE,Federal Contract Tower,1,1,3,0,5,0,0,88,0,88,1,1,91,0,93,196,0,196,289
02/12/2001,MDH,IL,AGL,CE,Federal Contract Tower,0,1,2,0,3,0,1,93,0,94,0,2,95,0,97,462,0,462,559
02/13/2001,MDH,IL,AGL,CE,Federal Contract Tower,0,4,5,0,9,1,0,1,0,2,1,4,6,0,11,0,0,0,11
02/14/2001,MDH,IL,AGL,CE,Federal Contract Tower,0,2,2,0,4,1,4,3,0,8,1,6,5,0,12,0,0,0,12
02/15/2001,MDH,IL,AGL,CE,Federal Contract Tower,0,2,2,0,4,0,0,3,0,3,0,2,5,0,7,0,0,0,7
02/16/2001,MDH,IL,AGL,CE,Federal Contract Tower,0,0,2,0,2,0,2,2,0,4,0,2,4,0,6,0,0,0,6
02/17/2001,MDH,IL,AGL,CE,Federal Contract Tower,0,0,2,0,2,1,4,202,0,207,1,4,204,0,209,410,0,410,619
02/18/2001,MDH,IL,AGL,CE,Federal Contract Tower,0,2,3,0,5,1,2,142,2,147,1,4,145,2,152,254,0,254,406
02/19/2001,MDH,IL,AGL,CE,Federal Contract Tower,0,2,3,0,5,0,4,188,0,192,0,6,191,0,197,732,0,732,929
02/20/2001,MDH,IL,AGL,CE,Federal Contract Tower,0,0,4,0,4,1,0,125,1,127,1,0,129,1,131,404,0,404,535
02/21/2001,MDH,IL,AGL,CE,Federal Contract Tower,0,2,3,0,5,0,5,132,15,152,0,7,135,15,157,392,32,424,581
02/22/2001,MDH,IL,AGL,CE,Federal Contract Tower,0,1,3,0,4,0,3,17,6,26,0,4,20,6,30,114,6,120,150
02/23/2001,MDH,IL,AGL,CE,Federal Contract Tower,0,5,7,0,12,2,1,13,0,16,2,6,20,0,28,82,0,82,110
02/24/2001,MDH,IL,AGL,CE,Federal Contract Tower,0,0,1,0,1,0,0,3,0,3,0,0,4,0,4,18,0,18,22
02/25/2001,MDH,IL,AGL,CE,Federal Contract Tower,0,0,1,0,1,0,6,23,0,29,0,6,24,0,30,108,0,108,138
02/26/2001,MDH,IL,AGL,CE,Federal Contract Tower,0,5,7,0,12,0,1,190,0,191,0,6,197,0,203,652,0,652,855
02/27/2001,MDH,IL,AGL,CE,Federal Contract Tower,0,1,2,0,3,0,2,109,0,111,0,3,111,0,114,242,0,242,356
02/28/2001,MDH,IL,AGL,CE,Federal Contract Tower,0,3,5,0,8,0,4,176,0,180,0,7,181,0,188,494,0,494,682
03/01/2001,MDH,IL,AGL,CE,Federal Contract Tower,1,1,4,0,6,1,1,155,0,157,2,2,159,0,163,630,0,630,793
03/02/2001,MDH,IL,AGL,CE,Federal Contract Tower,0,3,7,0,10,0,0,120,2,122,0,3,127,2,132,512,0,512,644
03/03/2001,MDH,IL,AGL,CE,Federal Contract Tower,0,1,1,0,2,0,0,83,2,85,0,1,84,2,87,202,0,202,289
03/04/2001,MDH,IL,AGL,CE,Federal Contract Tower,0,0,1,0,1,0,0,22,0,22,0,0,23,0,23,124,0,124,147
03/05/2001,MDH,IL,AGL,CE,Federal Contract Tower,0,3,3,0,6,0,3,148,0,151,0,6,151,0,157,646,0,646,803
03/06/2001,MDH,IL,AGL,CE,Federal Contract Tower,0,3,3,0,6,0,5,110,0,115,0,8,113,0,121,334,0,334,455
03/07/2001,MDH,IL,AGL,CE,Federal Contract Tower,0,3,3,0,6,0,8,153,0,161,0,11,156,0,167,470,0,470,637
03/08/2001,MDH,IL,AGL,CE,Federal Contract Tower,0,3,2,0,5,0,11,121,0,132,0,14,123,0,137,560,0,560,697
03/09/2001,MDH,IL,AGL,CE,Federal Contract Tower,0,7,7,0,14,0,3,164,0,167,0,10,171,0,181,460,0,460,641
03/10/2001,MDH,IL,AGL,CE,Federal Contract Tower,0,4,3,1,8,0,3,45,0,48,0,7,48,1,56,92,0,92,148
03/11/2001,MDH,IL,AGL,CE,Federal Contract Tower,0,0,0,0,0,0,0,37,0,37,0,0,37,0,37,80,0,80,117
03/12/2001,MDH,IL,AGL,CE,Federal Contract Tower,0,2,4,0,6,0,0,11,0,11,0,2,15,0,17,26,0,26,43
03/13/2001,MDH,IL,AGL,CE,Federal Contract Tower,0,3,7,0,10,0,0,29,0,29,0,3,36,0,39,20,0,20,59
03/14/2001,MDH,IL,AGL,CE,Federal Contract Tower,0,4,6,0,10,2,1,115,2,120,2,5,121,2,130,258,0,258,388
03/15/2001,MDH,IL,AGL,CE,Federal Contract Tower,0,2,7,0,9,0,0,14,0,14,0,2,21,0,23,28,0,28,51
03/16/2001,MDH,IL,AGL,CE,Federal Contract Tower,0,1,3,0,4,0,3,2,0,5,0,4,5,0,9,0,0,0,9
03/17/2001,MDH,IL,AGL,CE,Federal Contract Tower,0,1,4,0,5,0,0,16,0,16,0,1,20,0,21,22,0,22,43
03/18/2001,MDH,IL,AGL,CE,Federal Contract Tower,0,1,3,0,4,0,0,40,0,40,0,1,43,0,44,18,0,18,62
03/19/2001,MDH,IL,AGL,CE,Federal Contract Tower,0,3,5,0,8,2,6,112,2,122,2,9,117,2,130,434,6,440,570
03/20/2001,MDH,IL,AGL,CE,Federal Contract Tower,0,3,6,0,9,0,6,136,0,142,0,9,142,0,151,476,0,476,627
03/21/2001,MDH,IL,AGL,CE,Federal Contract Tower,0,4,6,0,10,0,3,145,0,148,0,7,151,0,158,360,0,360,518
03/22/2001,MDH,IL,AGL,CE,Federal Contract Tower,0,1,2,0,3,0,2,100,0,102,0,3,102,0,105,408,0,408,513
03/23/2001,MDH,IL,AGL,CE,Federal Contract Tower,0,6,9,0,15,0,6,153,0,159,0,12,162,0,174,552,0,552,726
03/24/2001,MDH,IL,AGL,CE,Federal Contract Tower,0,0,3,0,3,0,0,40,0,40,0,0,43,0,43,120,0,120,163
03/25/2001,MDH,IL,AGL,CE,Federal Contract Tower,0,4,7,0,11,0,0,65,0,65,0,4,72,0,76,160,0,160,236
03/26/2001,MDH,IL,AGL,CE,Federal Contract Tower,0,4,6,0,10,0,2,151,0,153,0,6,157,0,163,612,0,612,775
03/27/2001,MDH,IL,AGL,CE,Federal Contract Tower,0,2,4,0,6,0,4,109,0,113,0,6,113,0,119,406,0,406,525
03/28/2001,MDH,IL,AGL,CE,Federal Contract Tower,0,5,7,0,12,0,7,136,0,143,0,12,143,0,155,472,0,472,627
03/29/2001,MDH,IL,AGL,CE,Federal Contract Tower,0,0,2,0,2,0,0,48,0,48,0,0,50,0,50,174,0,174,224
03/30/2001,MDH,IL,AGL,CE,Federal Contract Tower,0,0,7,0,7,0,0,14,0,14,0,0,21,0,21,6,0,6,27
03/31/2001,MDH,IL,AGL,CE,Federal Contract Tower,0,3,6,0,9,0,3,5,0,8,0,6,11,0,17,2,0,2,19
04/01/2001,MDH,IL,AGL,CE,Federal Contract Tower,0,2,2,0,4,0,0,92,0,92,0,2,94,0,96,192,0,192,288
04/02/2001,MDH,IL,AGL,CE,Federal Contract Tower,0,5,3,0,8,0,0,221,0,221,0,5,224,0,229,560,0,560,789
04/03/2001,MDH,IL,AGL,CE,Federal Contract Tower,0,3,9,0,12,0,0,21,0,21,0,3,30,0,33,136,0,136,169
04/04/2001,MDH,IL,AGL,CE,Federal Contract Tower,0,2,6,0,8,0,0,81,0,81,0,2,87,0,89,316,0,316,405
04/05/2001,MDH,IL,AGL,CE,Federal Contract Tower,0,2,11,2,15,0,4,177,2,183,0,6,188,4,198,736,10,746,944
04/06/2001,MDH,IL,AGL,CE,Federal Contract Tower,0,2,7,0,9,0,2,97,0,99,0,4,104,0,108,440,0,440,548
04/07/2001,MDH,IL,AGL,CE,Federal Contract Tower,0,0,0,0,0,0,0,0,0,0,0,0,0,0,0,0,0,0,0
04/08/2001,MDH,IL,AGL,CE,Federal Contract Tower,0,0,4,0,4,0,0,43,6,49,0,0,47,6,53,66,0,66,119
04/09/2001,MDH,IL,AGL,CE,Federal Contract Tower,0,2,1,0,3,0,0,155,0,155,0,2,156,0,158,480,0,480,638
04/10/2001,MDH,IL,AGL,CE,Federal Contract Tower,0,3,2,0,5,0,0,104,0,104,0,3,106,0,109,346,0,346,455
04/11/2001,MDH,IL,AGL,CE,Federal Contract Tower,0,6,1,0,7,0,0,101,0,101,0,6,102,0,108,196,0,196,304
04/12/2001,MDH,IL,AGL,CE,Federal Contract Tower,0,2,4,0,6,0,6,173,0,179,0,8,177,0,185,596,0,596,781
04/13/2001,MDH,IL,AGL,CE,Federal Contract Tower,0,2,8,0,10,0,6,204,0,210,0,8,212,0,220,562,0,562,782
04/14/2001,MDH,IL,AGL,CE,Federal Contract Tower,0,2,6,0,8,0,2,75,0,77,0,4,81,0,85,178,0,178,263
04/15/2001,MDH,IL,AGL,CE,Federal Contract Tower,0,0,1,0,1,0,0,15,0,15,0,0,16,0,16,10,0,10,26
04/16/2001,MDH,IL,AGL,CE,Federal Contract Tower,0,2,1,0,3,0,3,104,0,107,0,5,105,0,110,368,0,368,478
04/17/2001,MDH,IL,AGL,CE,Federal Contract Tower,0,2,6,0,8,0,11,102,0,113,0,13,108,0,121,402,0,402,523
04/18/2001,MDH,IL,AGL,CE,Federal Contract Tower,0,4,8,0,12,0,6,186,0,192,0,10,194,0,204,478,0,478,682
04/19/2001,MDH,IL,AGL,CE,Federal Contract Tower,0,5,8,0,13,0,0,101,0,101,0,5,109,0,114,192,0,192,306
04/20/2001,MDH,IL,AGL,CE,Federal Contract Tower,0,0,2,0,2,0,4,33,0,37,0,4,35,0,39,68,0,68,107
04/21/2001,MDH,IL,AGL,CE,Federal Contract Tower,0,0,1,0,1,0,0,13,1,14,0,0,14,1,15,14,0,14,29
04/22/2001,MDH,IL,AGL,CE,Federal Contract Tower,0,0,3,0,3,0,2,44,0,46,0,2,47,0,49,134,0,134,183
04/23/2001,MDH,IL,AGL,CE,Federal Contract Tower,0,0,1,0,1,0,0,18,0,18,0,0,19,0,19,30,0,30,49
04/24/2001,MDH,IL,AGL,CE,Federal Contract Tower,0,2,2,0,4,0,0,115,0,115,0,2,117,0,119,572,0,572,691
04/25/2001,MDH,IL,AGL,CE,Federal Contract Tower,0,4,8,0,12,0,0,169,1,170,0,4,177,1,182,534,0,534,716
04/26/2001,MDH,IL,AGL,CE,Federal Contract Tower,0,4,7,0,11,0,2,170,0,172,0,6,177,0,183,602,0,602,785
04/27/2001,MDH,IL,AGL,CE,Federal Contract Tower,0,2,4,0,6,0,0,147,2,149,0,2,151,2,155,238,2,240,395
04/28/2001,MDH,IL,AGL,CE,Federal Contract Tower,2,0,3,0,5,0,4,115,0,119,2,4,118,0,124,90,0,90,214
04/29/2001,MDH,IL,AGL,CE,Federal Contract Tower,0,0,1,0,1,0,0,101,0,101,0,0,102,0,102,254,0,254,356
04/30/2001,MDH,IL,AGL,CE,Federal Contract Tower,0,9,2,1,12,0,1,122,1,124,0,10,124,2,136,344,2,346,482
05/01/2001,MDH,IL,AGL,CE,Federal Contract Tower,0,1,0,0,1,0,6,108,0,114,0,7,108,0,115,346,0,346,461
05/02/2001,MDH,IL,AGL,CE,Federal Contract Tower,0,2,8,0,10,0,0,132,0,132,0,2,140,0,142,362,0,362,504
05/03/2001,MDH,IL,AGL,CE,Federal Contract Tower,0,6,8,0,14,0,0,138,2,140,0,6,146,2,154,408,4,412,566
05/04/2001,MDH,IL,AGL,CE,Federal Contract Tower,0,8,3,0,11,0,5,135,2,142,0,13,138,2,153,340,0,340,493
05/05/2001,MDH,IL,AGL,CE,Federal Contract Tower,0,2,2,0,4,0,0,70,0,70,0,2,72,0,74,138,0,138,212
05/06/2001,MDH,IL,AGL,CE,Federal Contract Tower,0,1,0,0,1,0,1,23,0,24,0,2,23,0,25,32,0,32,57
05/07/2001,MDH,IL,AGL,CE,Federal Contract Tower,0,4,4,0,8,0,3,37,0,40,0,7,41,0,48,204,0,204,252
05/08/2001,MDH,IL,AGL,CE,Federal Contract Tower,0,0,1,0,1,0,9,154,0,163,0,9,155,0,164,558,0,558,722
05/09/2001,MDH,IL,AGL,CE,Federal Contract Tower,0,8,7,0,15,0,11,127,0,138,0,19,134,0,153,386,0,386,539
05/10/2001,MDH,IL,AGL,CE,Federal Contract Tower,0,2,1,0,3,0,0,92,0,92,0,2,93,0,95,204,0,204,299
05/11/2001,MDH,IL,AGL,CE,Federal Contract Tower,0,2,6,0,8,0,0,56,0,56,0,2,62,0,64,110,0,110,174
05/12/2001,MDH,IL,AGL,CE,Federal Contract Tower,0,0,4,0,4,0,2,52,0,54,0,2,56,0,58,110,0,110,168
05/13/2001,MDH,IL,AGL,CE,Federal Contract Tower,0,0,3,0,3,0,2,31,0,33,0,2,34,0,36,22,0,22,58
05/14/2001,MDH,IL,AGL,CE,Federal Contract Tower,0,2,2,0,4,0,2,63,0,65,0,4,65,0,69,146,0,146,215
05/15/2001,MDH,IL,AGL,CE,Federal Contract Tower,0,3,5,0,8,0,0,61,0,61,0,3,66,0,69,122,0,122,191
05/16/2001,MDH,IL,AGL,CE,Federal Contract Tower,0,3,0,0,3,0,0,80,0,80,0,3,80,0,83,106,0,106,189
05/17/2001,MDH,IL,AGL,CE,Federal Contract Tower,0,2,1,0,3,0,0,28,0,28,0,2,29,0,31,72,0,72,103
05/18/2001,MDH,IL,AGL,CE,Federal Contract Tower,0,14,0,0,14,0,0,50,0,50,0,14,50,0,64,102,0,102,166
05/19/2001,MDH,IL,AGL,CE,Federal Contract Tower,0,4,0,0,4,0,0,22,0,22,0,4,22,0,26,0,0,0,26
05/20/2001,MDH,IL,AGL,CE,Federal Contract Tower,0,1,0,0,1,0,0,18,0,18,0,1,18,0,19,8,0,8,27
05/21/2001,MDH,IL,AGL,CE,Federal Contract Tower,0,4,0,0,4,0,0,37,0,37,0,4,37,0,41,48,0,48,89
05/22/2001,MDH,IL,AGL,CE,Federal Contract Tower,0,1,5,0,6,0,1,73,0,74,0,2,78,0,80,102,0,102,182
05/23/2001,MDH,IL,AGL,CE,Federal Contract Tower,0,3,5,0,8,0,3,74,0,77,0,6,79,0,85,288,0,288,373
05/24/2001,MDH,IL,AGL,CE,Federal Contract Tower,0,4,2,0,6,0,1,60,0,61,0,5,62,0,67,184,0,184,251
05/25/2001,MDH,IL,AGL,CE,Federal Contract Tower,0,0,0,0,0,0,0,77,0,77,0,0,77,0,77,174,0,174,251
05/26/2001,MDH,IL,AGL,CE,Federal Contract Tower,0,0,2,0,2,0,0,22,0,22,0,0,24,0,24,10,0,10,34
05/27/2001,MDH,IL,AGL,CE,Federal Contract Tower,0,3,2,0,5,0,0,23,0,23,0,3,25,0,28,16,0,16,44
05/28/2001,MDH,IL,AGL,CE,Federal Contract Tower,0,0,4,0,4,0,1,29,0,30,0,1,33,0,34,14,0,14,48
05/29/2001,MDH,IL,AGL,CE,Federal Contract Tower,0,2,4,0,6,0,2,69,0,71,0,4,73,0,77,162,0,162,239
05/30/2001,MDH,IL,AGL,CE,Federal Contract Tower,0,2,6,0,8,0,0,44,0,44,0,2,50,0,52,86,0,86,138
05/31/2001,MDH,IL,AGL,CE,Federal Contract Tower,0,0,7,0,7,0,2,19,14,35,0,2,26,14,42,10,0,10,52
06/01/2001,MDH,IL,AGL,CE,Federal Contract Tower,0,7,7,0,14,0,7,65,0,72,0,14,72,0,86,62,0,62,148
06/02/2001,MDH,IL,AGL,CE,Federal Contract Tower,0,0,2,0,2,0,1,18,0,19,0,1,20,0,21,20,0,20,41
06/03/2001,MDH,IL,AGL,CE,Federal Contract Tower,0,0,1,0,1,0,0,9,0,9,0,0,10,0,10,20,0,20,30
06/04/2001,MDH,IL,AGL,CE,Federal Contract Tower,0,3,1,0,4,0,0,20,0,20,0,3,21,0,24,48,0,48,72
06/05/2001,MDH,IL,AGL,CE,Federal Contract Tower,0,4,4,0,8,0,0,36,0,36,0,4,40,0,44,48,0,48,92
06/06/2001,MDH,IL,AGL,CE,Federal Contract Tower,0,8,3,0,11,0,0,26,0,26,0,8,29,0,37,70,0,70,107
06/07/2001,MDH,IL,AGL,CE,Federal Contract Tower,0,0,9,0,9,0,0,36,0,36,0,0,45,0,45,160,0,160,205
06/08/2001,MDH,IL,AGL,CE,Federal Contract Tower,0,0,4,0,4,0,0,57,0,57,0,0,61,0,61,82,0,82,143
06/09/2001,MDH,IL,AGL,CE,Federal Contract Tower,0,0,0,0,0,0,0,22,0,22,0,0,22,0,22,88,0,88,110
06/10/2001,MDH,IL,AGL,CE,Federal Contract Tower,0,0,2,0,2,0,0,33,0,33,0,0,35,0,35,60,0,60,95
06/11/2001,MDH,IL,AGL,CE,Federal Contract Tower,0,9,4,0,13,0,0,86,0,86,0,9,90,0,99,282,0,282,381
06/12/2001,MDH,IL,AGL,CE,Federal Contract Tower,0,4,1,0,5,0,6,68,0,74,0,10,69,0,79,198,0,198,277
06/13/2001,MDH,IL,AGL,CE,Federal Contract Tower,0,4,7,0,11,0,7,55,0,62,0,11,62,0,73,40,0,40,113
06/14/2001,MDH,IL,AGL,CE,Federal Contract Tower,0,7,8,1,16,0,1,29,1,31,0,8,37,2,47,50,6,56,103
06/15/2001,MDH,IL,AGL,CE,Federal Contract Tower,0,5,5,1,11,0,0,53,1,54,0,5,58,2,65,100,0,100,165
06/16/2001,MDH,IL,AGL,CE,Federal Contract Tower,0,0,7,0,7,0,0,39,0,39,0,0,46,0,46,84,0,84,130
06/17/2001,MDH,IL,AGL,CE,Federal Contract Tower,0,0,4,0,4,0,0,36,0,36,0,0,40,0,40,74,0,74,114
06/18/2001,MDH,IL,AGL,CE,Federal Contract Tower,0,5,6,0,11,0,0,79,0,79,0,5,85,0,90,204,0,204,294
06/19/2001,MDH,IL,AGL,CE,Federal Contract Tower,0,0,2,0,2,0,0,92,0,92,0,0,94,0,94,160,0,160,254
06/20/2001,MDH,IL,AGL,CE,Federal Contract Tower,0,3,0,0,3,0,0,54,0,54,0,3,54,0,57,128,0,128,185
06/21/2001,MDH,IL,AGL,CE,Federal Contract Tower,0,2,2,0,4,0,0,6,0,6,0,2,8,0,10,18,0,18,28
06/22/2001,MDH,IL,AGL,CE,Federal Contract Tower,0,3,5,0,8,0,2,109,0,111,0,5,114,0,119,68,0,68,187
06/23/2001,MDH,IL,AGL,CE,Federal Contract Tower,0,0,7,0,7,0,0,127,0,127,0,0,134,0,134,124,0,124,258
06/24/2001,MDH,IL,AGL,CE,Federal Contract Tower,0,2,1,0,3,0,0,142,0,142,0,2,143,0,145,58,0,58,203
06/25/2001,MDH,IL,AGL,CE,Federal Contract Tower,0,0,5,0,5,0,0,103,0,103,0,0,108,0,108,326,0,326,434
06/26/2001,MDH,IL,AGL,CE,Federal Contract Tower,0,0,1,0,1,0,0,80,0,80,0,0,81,0,81,184,0,184,265
06/27/2001,MDH,IL,AGL,CE,Federal Contract Tower,0,4,7,0,11,0,6,53,0,59,0,10,60,0,70,140,0,140,210
06/28/2001,MDH,IL,AGL,CE,Federal Contract Tower,0,2,6,0,8,0,4,25,0,29,0,6,31,0,37,50,0,50,87
06/29/2001,MDH,IL,AGL,CE,Federal Contract Tower,0,4,1,0,5,0,2,29,0,31,0,6,30,0,36,52,2,54,90
06/30/2001,MDH,IL,AGL,CE,Federal Contract Tower,0,0,0,0,0,0,1,11,0,12,0,1,11,0,12,64,0,64,76
07/01/2001,MDH,IL,AGL,CE,Federal Contract Tower,0,0,3,0,3,0,0,13,0,13,0,0,16,0,16,0,0,0,16
07/02/2001,MDH,IL,AGL,CE,Federal Contract Tower,0,2,6,0,8,0,0,65,0,65,0,2,71,0,73,160,0,160,233
07/03/2001,MDH,IL,AGL,CE,Federal Contract Tower,0,2,10,0,12,0,0,71,0,71,0,2,81,0,83,228,0,228,311
07/04/2001,MDH,IL,AGL,CE,Federal Contract Tower,0,1,4,0,5,0,0,29,0,29,0,1,33,0,34,22,0,22,56
07/05/2001,MDH,IL,AGL,CE,Federal Contract Tower,0,0,4,0,4,0,0,77,4,81,0,0,81,4,85,196,0,196,281
07/06/2001,MDH,IL,AGL,CE,Federal Contract Tower,0,0,1,0,1,0,0,81,0,81,0,0,82,0,82,224,0,224,306
07/07/2001,MDH,IL,AGL,CE,Federal Contract Tower,0,1,1,0,2,0,0,19,0,19,0,1,20,0,21,20,0,20,41
07/08/2001,MDH,IL,AGL,CE,Federal Contract Tower,0,0,0,0,0,0,0,23,0,23,0,0,23,0,23,0,0,0,23
07/09/2001,MDH,IL,AGL,CE,Federal Contract Tower,0,3,3,0,6,0,0,68,0,68,0,3,71,0,74,142,0,142,216
07/10/2001,MDH,IL,AGL,CE,Federal Contract Tower,0,10,3,0,13,0,0,71,0,71,0,10,74,0,84,182,0,182,266
07/11/2001,MDH,IL,AGL,CE,Federal Contract Tower,0,8,1,0,9,0,10,70,0,80,0,18,71,0,89,244,0,244,333
07/12/2001,MDH,IL,AGL,CE,Federal Contract Tower,0,7,6,0,13,0,0,24,0,24,0,7,30,0,37,102,0,102,139
07/13/2001,MDH,IL,AGL,CE,Federal Contract Tower,0,4,2,0,6,0,8,97,0,105,0,12,99,0,111,142,0,142,253
07/14/2001,MDH,IL,AGL,CE,Federal Contract Tower,0,0,0,0,0,0,0,47,0,47,0,0,47,0,47,44,0,44,91
07/15/2001,MDH,IL,AGL,CE,Federal Contract Tower,0,0,4,0,4,0,4,42,0,46,0,4,46,0,50,10,0,10,60
07/16/2001,MDH,IL,AGL,CE,Federal Contract Tower,0,2,3,0,5,0,2,156,0,158,0,4,159,0,163,314,0,314,477
07/17/2001,MDH,IL,AGL,CE,Federal Contract Tower,0,8,7,0,15,0,0,164,0,164,0,8,171,0,179,230,0,230,409
07/18/2001,MDH,IL,AGL,CE,Federal Contract Tower,0,6,5,0,11,0,0,56,0,56,0,6,61,0,67,248,0,248,315
07/19/2001,MDH,IL,AGL,CE,Federal Contract Tower,0,0,1,0,1,0,0,13,0,13,0,0,14,0,14,20,0,20,34
07/20/2001,MDH,IL,AGL,CE,Federal Contract Tower,0,7,3,0,10,0,0,35,0,35,0,7,38,0,45,38,0,38,83
07/21/2001,MDH,IL,AGL,CE,Federal Contract Tower,0,0,2,0,2,0,0,13,0,13,0,0,15,0,15,2,0,2,17
07/22/2001,MDH,IL,AGL,CE,Federal Contract Tower,0,0,6,0,6,0,0,17,0,17,0,0,23,0,23,24,0,24,47
07/23/2001,MDH,IL,AGL,CE,Federal Contract Tower,2,4,4,0,10,0,0,73,0,73,2,4,77,0,83,246,0,246,329
07/24/2001,MDH,IL,AGL,CE,Federal Contract Tower,0,2,6,0,8,0,0,59,0,59,0,2,65,0,67,152,0,152,219
07/25/2001,MDH,IL,AGL,CE,Federal Contract Tower,0,3,5,0,8,0,1,71,0,72,0,4,76,0,80,132,0,132,212
07/26/2001,MDH,IL,AGL,CE,Federal Contract Tower,0,9,5,0,14,0,0,15,0,15,0,9,20,0,29,2,0,2,31
07/27/2001,MDH,IL,AGL,CE,Federal Contract Tower,0,0,10,0,10,0,0,7,0,7,0,0,17,0,17,2,0,2,19
07/28/2001,MDH,IL,AGL,CE,Federal Contract Tower,0,0,0,0,0,0,0,5,0,5,0,0,5,0,5,6,0,6,11
07/29/2001,MDH,IL,AGL,CE,Federal Contract Tower,0,2,2,0,4,0,2,21,0,23,0,4,23,0,27,42,0,42,69
07/30/2001,MDH,IL,AGL,CE,Federal Contract Tower,0,0,4,0,4,0,0,117,0,117,0,0,121,0,121,204,0,204,325
07/31/2001,MDH,IL,AGL,CE,Federal Contract Tower,0,11,4,0,15,0,8,77,0,85,0,19,81,0,100,184,0,184,284
08/01/2001,MDH,IL,AGL,CE,Federal Contract Tower,0,6,6,0,12,0,0,66,0,66,0,6,72,0,78,128,0,128,206
08/02/2001,MDH,IL,AGL,CE,Federal Contract Tower,0,4,3,0,7,0,1,98,0,99,0,5,101,0,106,286,0,286,392
08/03/2001,MDH,IL,AGL,CE,Federal Contract Tower,0,1,0,0,1,0,0,83,0,83,0,1,83,0,84,196,0,196,280
08/04/2001,MDH,IL,AGL,CE,Federal Contract Tower,0,0,3,0,3,0,0,22,0,22,0,0,25,0,25,74,0,74,99
08/05/2001,MDH,IL,AGL,CE,Federal Contract Tower,0,0,0,0,0,0,0,28,0,28,0,0,28,0,28,0,0,0,28
08/06/2001,MDH,IL,AGL,CE,Federal Contract Tower,0,2,4,0,6,0,0,41,0,41,0,2,45,0,47,52,0,52,99
08/07/2001,MDH,IL,AGL,CE,Federal Contract Tower,0,0,4,0,4,0,0,43,0,43,0,0,47,0,47,40,0,40,87
08/08/2001,MDH,IL,AGL,CE,Federal Contract Tower,0,4,6,0,10,0,0,44,0,44,0,4,50,0,54,176,0,176,230
08/09/2001,MDH,IL,AGL,CE,Federal Contract Tower,0,2,2,0,4,0,0,28,2,30,0,2,30,2,34,50,0,50,84
08/10/2001,MDH,IL,AGL,CE,Federal Contract Tower,0,4,2,0,6,0,1,29,2,32,0,5,31,2,38,138,0,138,176
08/11/2001,MDH,IL,AGL,CE,Federal Contract Tower,0,0,2,0,2,0,0,5,0,5,0,0,7,0,7,0,0,0,7
08/12/2001,MDH,IL,AGL,CE,Federal Contract Tower,0,0,0,0,0,0,0,35,0,35,0,0,35,0,35,34,0,34,69
08/13/2001,MDH,IL,AGL,CE,Federal Contract Tower,0,0,4,0,4,0,0,31,0,31,0,0,35,0,35,26,0,26,61
08/14/2001,MDH,IL,AGL,CE,Federal Contract Tower,0,4,0,0,4,0,0,51,0,51,0,4,51,0,55,92,0,92,147
08/15/2001,MDH,IL,AGL,CE,Federal Contract Tower,0,4,1,0,5,0,0,60,0,60,0,4,61,0,65,178,0,178,243
08/16/2001,MDH,IL,AGL,CE,Federal Contract Tower,0,6,8,0,14,0,2,30,0,32,0,8,38,0,46,270,0,270,316
08/17/2001,MDH,IL,AGL,CE,Federal Contract Tower,0,8,6,2,16,0,0,39,0,39,0,8,45,2,55,162,2,164,219
08/18/2001,MDH,IL,AGL,CE,Federal Contract Tower,0,2,3,0,5,0,0,32,0,32,0,2,35,0,37,126,0,126,163
08/19/2001,MDH,IL,AGL,CE,Federal Contract Tower,0,2,3,0,5,0,4,35,0,39,0,6,38,0,44,42,0,42,86
08/20/2001,MDH,IL,AGL,CE,Federal Contract Tower,0,2,7,0,9,0,2,47,0,49,0,4,54,0,58,182,0,182,240
08/21/2001,MDH,IL,AGL,CE,Federal Contract Tower,0,6,6,0,12,0,0,58,0,58,0,6,64,0,70,182,0,182,252
08/22/2001,MDH,IL,AGL,CE,Federal Contract Tower,0,0,1,0,1,0,2,59,0,61,0,2,60,0,62,152,0,152,214
08/23/2001,MDH,IL,AGL,CE,Federal Contract Tower,0,0,4,0,4,0,6,106,0,112,0,6,110,0,116,304,0,304,420
08/24/2001,MDH,IL,AGL,CE,Federal Contract Tower,0,2,5,0,7,0,0,98,0,98,0,2,103,0,105,468,0,468,573
08/25/2001,MDH,IL,AGL,CE,Federal Contract Tower,0,2,4,0,6,0,0,13,0,13,0,2,17,0,19,8,0,8,27
08/26/2001,MDH,IL,AGL,CE,Federal Contract Tower,0,2,5,0,7,0,0,30,0,30,0,2,35,0,37,42,0,42,79
08/27/2001,MDH,IL,AGL,CE,Federal Contract Tower,0,4,5,0,9,0,0,119,0,119,0,4,124,0,128,406,0,406,534
08/28/2001,MDH,IL,AGL,CE,Federal Contract Tower,0,6,7,0,13,0,4,85,0,89,0,10,92,0,102,202,0,202,304
08/29/2001,MDH,IL,AGL,CE,Federal Contract Tower,0,5,5,0,10,0,2,98,0,100,0,7,103,0,110,376,0,376,486
08/30/2001,MDH,IL,AGL,CE,Federal Contract Tower,0,8,5,0,13,0,0,63,0,63,0,8,68,0,76,328,0,328,404
08/31/2001,MDH,IL,AGL,CE,Federal Contract Tower,0,6,8,0,14,0,4,45,0,49,0,10,53,0,63,172,0,172,235
09/01/2001,MDH,IL,AGL,CE,Federal Contract Tower,0,11,2,0,13,0,3,93,0,96,0,14,95,0,109,52,0,52,161
09/02/2001,MDH,IL,AGL,CE,Federal Contract Tower,0,2,1,0,3,0,0,51,0,51,0,2,52,0,54,92,0,92,146
09/03/2001,MDH,IL,AGL,CE,Federal Contract Tower,0,2,8,0,10,0,2,59,0,61,0,4,67,0,71,118,0,118,189
09/04/2001,MDH,IL,AGL,CE,Federal Contract Tower,0,0,8,0,8,0,0,116,0,116,0,0,124,0,124,376,0,376,500
09/05/2001,MDH,IL,AGL,CE,Federal Contract Tower,0,4,2,0,6,0,3,149,2,154,0,7,151,2,160,542,0,542,702
09/06/2001,MDH,IL,AGL,CE,Federal Contract Tower,0,4,7,0,11,0,1,140,2,143,0,5,147,2,154,368,8,376,530
09/07/2001,MDH,IL,AGL,CE,Federal Contract Tower,0,4,3,0,7,0,0,119,0,119,0,4,122,0,126,310,0,310,436
09/08/2001,MDH,IL,AGL,CE,Federal Contract Tower,0,2,0,0,2,0,2,81,0,83,0,4,81,0,85,272,0,272,357
09/09/2001,MDH,IL,AGL,CE,Federal Contract Tower,0,0,4,0,4,0,4,48,0,52,0,4,52,0,56,148,0,148,204
09/10/2001,MDH,IL,AGL,CE,Federal Contract Tower,2,4,8,0,14,0,0,232,0,232,2,4,240,0,246,516,0,516,762
09/11/2001,MDH,IL,AGL,CE,Federal Contract Tower,0,0,0,0,0,0,0,1,0,1,0,0,1,0,1,0,0,0,1
09/12/2001,MDH,IL,AGL,CE,Federal Contract Tower,0,0,0,0,0,0,0,0,0,0,0,0,0,0,0,0,0,0,0
09/13/2001,MDH,IL,AGL,CE,Federal Contract Tower,0,0,0,0,0,0,0,0,0,0,0,0,0,0,0,0,0,0,0
09/14/2001,MDH,IL,AGL,CE,Federal Contract Tower,0,0,2,0,2,0,0,0,0,0,0,0,2,0,2,0,0,0,2
09/15/2001,MDH,IL,AGL,CE,Federal Contract Tower,0,0,1,0,1,0,0,0,0,0,0,0,1,0,1,0,0,0,1
09/16/2001,MDH,IL,AGL,CE,Federal Contract Tower,0,0,3,0,3,0,0,0,0,0,0,0,3,0,3,0,0,0,3
09/17/2001,MDH,IL,AGL,CE,Federal Contract Tower,0,0,0,0,0,0,0,0,0,0,0,0,0,0,0,0,0,0,0
09/18/2001,MDH,IL,AGL,CE,Federal Contract Tower,0,0,0,0,0,0,0,0,0,0,0,0,0,0,0,0,0,0,0
09/19/2001,MDH,IL,AGL,CE,Federal Contract Tower,0,9,6,0,15,0,0,0,0,0,0,9,6,0,15,0,0,0,15
09/20/2001,MDH,IL,AGL,CE,Federal Contract Tower,0,8,11,0,19,0,0,29,0,29,0,8,40,0,48,10,0,10,58
09/21/2001,MDH,IL,AGL,CE,Federal Contract Tower,0,4,7,0,11,0,8,21,0,29,0,12,28,0,40,0,0,0,40
09/22/2001,MDH,IL,AGL,CE,Federal Contract Tower,0,4,4,0,8,0,0,47,0,47,0,4,51,0,55,122,0,122,177
09/23/2001,MDH,IL,AGL,CE,Federal Contract Tower,0,2,2,0,4,0,0,29,0,29,0,2,31,0,33,110,0,110,143
09/24/2001,MDH,IL,AGL,CE,Federal Contract Tower,0,3,4,0,7,0,0,163,0,163,0,3,167,0,170,564,0,564,734
09/25/2001,MDH,IL,AGL,CE,Federal Contract Tower,0,8,7,0,15,0,0,246,0,246,0,8,253,0,261,522,0,522,783
09/26/2001,MDH,IL,AGL,CE,Federal Contract Tower,0,6,0,0,6,0,2,191,0,193,0,8,191,0,199,552,0,552,751
09/27/2001,MDH,IL,AGL,CE,Federal Contract Tower,0,3,7,0,10,0,1,184,0,185,0,4,191,0,195,410,0,410,605
09/28/2001,MDH,IL,AGL,CE,Federal Contract Tower,0,6,8,0,14,0,3,174,0,177,0,9,182,0,191,378,0,378,569
09/29/2001,MDH,IL,AGL,CE,Federal Contract Tower,0,10,6,0,16,0,2,97,0,99,0,12,103,0,115,362,0,362,477
09/30/2001,MDH,IL,AGL,CE,Federal Contract Tower,0,3,5,0,8,0,0,37,0,37,0,3,42,0,45,122,0,122,167
10/01/2001,MDH,IL,AGL,CE,Federal Contract Tower,0,5,7,0,12,0,1,277,0,278,0,6,284,0,290,762,0,762,1052
10/02/2001,MDH,IL,AGL,CE,Federal Contract Tower,0,5,9,0,14,0,3,188,2,193,0,8,197,2,207,588,0,588,795
10/03/2001,MDH,IL,AGL,CE,Federal Contract Tower,0,5,4,0,9,0,4,155,2,161,0,9,159,2,170,552,0,552,722
10/04/2001,MDH,IL,AGL,CE,Federal Contract Tower,0,6,7,0,13,0,0,233,0,233,0,6,240,0,246,748,0,748,994
10/05/2001,MDH,IL,AGL,CE,Federal Contract Tower,0,1,9,0,10,0,0,0,0,0,0,1,9,0,10,0,0,0,10
10/06/2001,MDH,IL,AGL,CE,Federal Contract Tower,0,0,12,0,12,0,2,67,0,69,0,2,79,0,81,168,0,168,249
10/07/2001,MDH,IL,AGL,CE,Federal Contract Tower,0,0,4,0,4,0,0,38,0,38,0,0,42,0,42,74,0,74,116
10/08/2001,MDH,IL,AGL,CE,Federal Contract Tower,0,3,1,0,4,0,0,256,0,256,0,3,257,0,260,738,0,738,998
10/09/2001,MDH,IL,AGL,CE,Federal Contract Tower,0,5,8,0,13,0,5,129,0,134,0,10,137,0,147,420,0,420,567
10/10/2001,MDH,IL,AGL,CE,Federal Contract Tower,0,6,1,0,7,0,0,23,0,23,0,6,24,0,30,35,0,35,65
10/11/2001,MDH,IL,AGL,CE,Federal Contract Tower,0,6,12,0,18,0,0,9,0,9,0,6,21,0,27,26,0,26,53
10/12/2001,MDH,IL,AGL,CE,Federal Contract Tower,0,4,12,0,16,0,0,25,0,25,0,4,37,0,41,70,0,70,111
10/13/2001,MDH,IL,AGL,CE,Federal Contract Tower,2,3,2,0,7,0,0,0,0,0,2,3,2,0,7,0,0,0,7
10/14/2001,MDH,IL,AGL,CE,Federal Contract Tower,0,0,8,0,8,0,3,41,0,44,0,3,49,0,52,98,0,98,150
10/15/2001,MDH,IL,AGL,CE,Federal Contract Tower,0,3,1,0,4,0,0,218,0,218,0,3,219,0,222,650,0,650,872
10/16/2001,MDH,IL,AGL,CE,Federal Contract Tower,0,5,2,0,7,0,2,110,0,112,0,7,112,0,119,296,0,296,415
10/17/2001,MDH,IL,AGL,CE,Federal Contract Tower,0,3,5,0,8,0,6,221,0,227,0,9,226,0,235,630,0,630,865
10/18/2001,MDH,IL,AGL,CE,Federal Contract Tower,0,5,8,0,13,0,0,282,0,282,0,5,290,0,295,462,0,462,757
10/19/2001,MDH,IL,AGL,CE,Federal Contract Tower,0,5,7,0,12,0,0,173,0,173,0,5,180,0,185,399,0,399,584
10/20/2001,MDH,IL,AGL,CE,Federal Contract Tower,0,0,3,0,3,0,0,168,0,168,0,0,171,0,171,266,0,266,437
10/21/2001,MDH,IL,AGL,CE,Federal Contract Tower,0,0,2,0,2,0,0,84,0,84,0,0,86,0,86,242,0,242,328
10/22/2001,MDH,IL,AGL,CE,Federal Contract Tower,0,3,1,0,4,0,5,153,0,158,0,8,154,0,162,458,0,458,620
10/23/2001,MDH,IL,AGL,CE,Federal Contract Tower,0,0,1,0,1,0,0,62,0,62,0,0,63,0,63,258,0,258,321
10/24/2001,MDH,IL,AGL,CE,Federal Contract Tower,0,1,4,0,5,0,2,44,0,46,0,3,48,0,51,120,0,120,171
10/25/2001,MDH,IL,AGL,CE,Federal Contract Tower,0,6,2,0,8,0,2,87,0,89,0,8,89,0,97,266,0,266,363
10/26/2001,MDH,IL,AGL,CE,Federal Contract Tower,0,6,7,0,13,0,0,35,0,35,0,6,42,0,48,118,0,118,166
10/27/2001,MDH,IL,AGL,CE,Federal Contract Tower,0,3,7,0,10,0,1,75,0,76,0,4,82,0,86,66,0,66,152
10/28/2001,MDH,IL,AGL,CE,Federal Contract Tower,0,0,0,0,0,0,2,38,0,40,0,2,38,0,40,48,0,48,88
10/29/2001,MDH,IL,AGL,CE,Federal Contract Tower,0,2,12,0,14,0,2,95,0,97,0,4,107,0,111,386,0,386,497
10/30/2001,MDH,IL,AGL,CE,Federal Contract Tower,0,3,7,0,10,0,0,116,0,116,0,3,123,0,126,472,0,472,598
10/31/2001,MDH,IL,AGL,CE,Federal Contract Tower,0,5,6,0,11,0,0,107,0,107,0,5,113,0,118,386,0,386,504
11/01/2001,MDH,IL,AGL,CE,Federal Contract Tower,0,15,5,0,20,0,0,38,0,38,0,15,43,0,58,56,0,56,114
11/02/2001,MDH,IL,AGL,CE,Federal Contract Tower,0,1,3,0,4,0,0,117,0,117,0,1,120,0,121,352,0,352,473
11/03/2001,MDH,IL,AGL,CE,Federal Contract Tower,0,1,7,0,8,0,0,78,0,78,0,1,85,0,86,64,0,64,150
11/04/2001,MDH,IL,AGL,CE,Federal Contract Tower,0,3,8,0,11,0,1,74,0,75,0,4,82,0,86,248,4,252,338
11/05/2001,MDH,IL,AGL,CE,Federal Contract Tower,0,11,4,0,15,0,2,237,0,239,0,13,241,0,254,614,0,614,868
11/06/2001,MDH,IL,AGL,CE,Federal Contract Tower,0,6,4,0,10,0,2,227,0,229,0,8,231,0,239,716,0,716,955
11/07/2001,MDH,IL,AGL,CE,Federal Contract Tower,0,5,4,0,9,0,4,218,0,222,0,9,222,0,231,630,0,630,861
11/08/2001,MDH,IL,AGL,CE,Federal Contract Tower,0,6,8,0,14,0,4,153,0,157,0,10,161,0,171,236,0,236,407
11/09/2001,MDH,IL,AGL,CE,Federal Contract Tower,0,2,5,0,7,0,0,217,0,217,0,2,222,0,224,562,0,562,786
11/10/2001,MDH,IL,AGL,CE,Federal Contract Tower,1,4,5,0,10,1,0,146,0,147,2,4,151,0,157,472,0,472,629
11/11/2001,MDH,IL,AGL,CE,Federal Contract Tower,0,0,6,0,6,0,0,141,0,141,0,0,147,0,147,498,0,498,645
11/12/2001,MDH,IL,AGL,CE,Federal Contract Tower,0,4,6,0,10,0,0,247,0,247,0,4,253,0,257,676,0,676,933
11/13/2001,MDH,IL,AGL,CE,Federal Contract Tower,0,4,3,0,7,0,0,148,0,148,0,4,151,0,155,233,0,233,388
11/14/2001,MDH,IL,AGL,CE,Federal Contract Tower,0,6,5,0,11,0,2,226,0,228,0,8,231,0,239,380,0,380,619
11/15/2001,MDH,IL,AGL,CE,Federal Contract Tower,0,6,12,0,18,0,2,163,0,165,0,8,175,0,183,420,0,420,603
11/16/2001,MDH,IL,AGL,CE,Federal Contract Tower,0,5,8,0,13,0,0,196,0,196,0,5,204,0,209,434,0,434,643
11/17/2001,MDH,IL,AGL,CE,Federal Contract Tower,0,0,12,0,12,0,2,224,0,226,0,2,236,0,238,422,0,422,660
11/18/2001,MDH,IL,AGL,CE,Federal Contract Tower,0,1,6,0,7,0,0,125,0,125,0,1,131,0,132,162,0,162,294
11/19/2001,MDH,IL,AGL,CE,Federal Contract Tower,0,10,3,0,13,0,0,37,0,37,0,10,40,0,50,110,0,110,160
11/20/2001,MDH,IL,AGL,CE,Federal Contract Tower,0,9,2,0,11,0,0,160,0,160,0,9,162,0,171,604,0,604,775
11/21/2001,MDH,IL,AGL,CE,Federal Contract Tower,0,9,12,0,21,0,3,188,0,191,0,12,200,0,212,636,0,636,848
11/22/2001,MDH,IL,AGL,CE,Federal Contract Tower,0,0,4,0,4,0,0,16,0,16,0,0,20,0,20,4,0,4,24
11/23/2001,MDH,IL,AGL,CE,Federal Contract Tower,0,3,4,0,7,0,0,10,0,10,0,3,14,0,17,0,0,0,17
11/24/2001,MDH,IL,AGL,CE,Federal Contract Tower,0,0,0,0,0,0,0,0,0,0,0,0,0,0,0,0,0,0,0
11/25/2001,MDH,IL,AGL,CE,Federal Contract Tower,0,1,11,0,12,0,1,68,0,69,0,2,79,0,81,14,0,14,95
11/26/2001,MDH,IL,AGL,CE,Federal Contract Tower,0,8,2,0,10,0,6,141,0,147,0,14,143,0,157,596,0,596,753
11/27/2001,MDH,IL,AGL,CE,Federal Contract Tower,1,8,1,0,10,0,1,143,0,144,1,9,144,0,154,540,0,540,694
11/28/2001,MDH,IL,AGL,CE,Federal Contract Tower,0,4,0,0,4,0,0,0,0,0,0,4,0,0,4,0,0,0,4
11/29/2001,MDH,IL,AGL,CE,Federal Contract Tower,0,0,0,0,0,0,0,0,0,0,0,0,0,0,0,0,0,0,0
11/30/2001,MDH,IL,AGL,CE,Federal Contract Tower,0,5,13,0,18,0,0,11,0,11,0,5,24,0,29,22,0,22,51
12/01/2001,MDH,IL,AGL,CE,Federal Contract Tower,0,3,4,0,7,0,0,151,2,153,0,3,155,2,160,414,0,414,574
12/02/2001,MDH,IL,AGL,CE,Federal Contract Tower,0,2,3,0,5,0,0,235,0,235,0,2,238,0,240,572,0,572,812
12/03/2001,MDH,IL,AGL,CE,Federal Contract Tower,0,4,1,0,5,0,0,357,0,357,0,4,358,0,362,662,0,662,1024
12/04/2001,MDH,IL,AGL,CE,Federal Contract Tower,0,4,5,0,9,0,0,222,0,222,0,4,227,0,231,576,0,576,807
12/05/2001,MDH,IL,AGL,CE,Federal Contract Tower,0,0,1,0,1,0,0,61,0,61,0,0,62,0,62,238,0,238,300
12/06/2001,MDH,IL,AGL,CE,Federal Contract Tower,0,8,6,0,14,0,0,5,0,5,0,8,11,0,19,0,0,0,19
12/07/2001,MDH,IL,AGL,CE,Federal Contract Tower,0,2,6,0,8,0,0,3,0,3,0,2,9,0,11,10,0,10,21
12/08/2001,MDH,IL,AGL,CE,Federal Contract Tower,0,2,5,0,7,0,0,1,0,1,0,2,6,0,8,12,0,12,20
12/09/2001,MDH,IL,AGL,CE,Federal Contract Tower,0,2,4,0,6,0,0,237,0,237,0,2,241,0,243,624,0,624,867
12/10/2001,MDH,IL,AGL,CE,Federal Contract Tower,0,10,3,0,13,0,4,260,0,264,0,14,263,0,277,608,0,608,885
12/11/2001,MDH,IL,AGL,CE,Federal Contract Tower,0,9,4,0,13,0,0,164,0,164,0,9,168,0,177,426,0,426,603
12/12/2001,MDH,IL,AGL,CE,Federal Contract Tower,0,5,2,0,7,0,0,3,0,3,0,5,5,0,10,0,0,0,10
12/13/2001,MDH,IL,AGL,CE,Federal Contract Tower,0,8,10,0,18,0,0,86,0,86,0,8,96,0,104,452,0,452,556
12/14/2001,MDH,IL,AGL,CE,Federal Contract Tower,0,5,8,0,13,0,12,12,0,24,0,17,20,0,37,0,0,0,37
12/15/2001,MDH,IL,AGL,CE,Federal Contract Tower,0,1,3,0,4,0,1,72,0,73,0,2,75,0,77,174,0,174,251
12/16/2001,MDH,IL,AGL,CE,Federal Contract Tower,0,1,2,0,3,0,1,1,0,2,0,2,3,0,5,0,0,0,5
12/17/2001,MDH,IL,AGL,CE,Federal Contract Tower,0,1,1,0,2,0,1,0,0,1,0,2,1,0,3,0,0,0,3
12/18/2001,MDH,IL,AGL,CE,Federal Contract Tower,0,6,7,0,13,0,2,100,0,102,0,8,107,0,115,238,0,238,353
12/19/2001,MDH,IL,AGL,CE,Federal Contract Tower,0,0,4,0,4,0,3,14,0,17,0,3,18,0,21,10,0,10,31
12/20/2001,MDH,IL,AGL,CE,Federal Contract Tower,0,6,4,0,10,0,4,73,0,77,0,10,77,0,87,138,0,138,225
12/21/2001,MDH,IL,AGL,CE,Federal Contract Tower,0,0,2,0,2,0,0,44,0,44,0,0,46,0,46,60,0,60,106
12/22/2001,MDH,IL,AGL,CE,Federal Contract Tower,0,2,0,0,2,0,0,8,0,8,0,2,8,0,10,0,0,0,10
12/23/2001,MDH,IL,AGL,CE,Federal Contract Tower,0,0,0,0,0,0,0,15,0,15,0,0,15,0,15,30,0,30,45
12/24/2001,MDH,IL,AGL,CE,Federal Contract Tower,0,2,1,0,3,0,0,20,0,20,0,2,21,0,23,2,0,2,25
12/25/2001,MDH,IL,AGL,CE,Federal Contract Tower,0,0,1,0,1,0,0,5,0,5,0,0,6,0,6,0,0,0,6
12/26/2001,MDH,IL,AGL,CE,Federal Contract Tower,0,0,3,0,3,0,0,13,0,13,0,0,16,0,16,25,0,25,41
12/27/2001,MDH,IL,AGL,CE,Federal Contract Tower,0,2,2,0,4,0,0,22,0,22,0,2,24,0,26,14,0,14,40
12/28/2001,MDH,IL,AGL,CE,Federal Contract Tower,0,0,2,0,2,0,0,31,0,31,0,0,33,0,33,40,0,40,73
12/29/2001,MDH,IL,AGL,CE,Federal Contract Tower,0,0,1,0,1,0,0,11,0,11,0,0,12,0,12,22,0,22,34
12/30/2001,MDH,IL,AGL,CE,Federal Contract Tower,0,1,1,0,2,0,2,19,0,21,0,3,20,0,23,10,0,10,33
12/31/2001,MDH,IL,AGL,CE,Federal Contract Tower,0,2,5,0,7,0,0,7,0,7,0,2,12,0,14,6,0,6,20
01/01/2002,MDH,IL,AGL,CE,Federal Contract Tower,0,2,0,0,2,0,0,12,0,12,0,2,12,0,14,0,0,0,14
01/02/2002,MDH,IL,AGL,CE,Federal Contract Tower,0,0,0,0,0,0,0,20,0,20,0,0,20,0,20,20,0,20,40
01/03/2002,MDH,IL,AGL,CE,Federal Contract Tower,0,3,0,0,3,0,0,31,0,31,0,3,31,0,34,94,0,94,128
01/04/2002,MDH,IL,AGL,CE,Federal Contract Tower,0,0,2,0,2,0,2,33,0,35,0,2,35,0,37,80,0,80,117
01/05/2002,MDH,IL,AGL,CE,Federal Contract Tower,0,5,0,0,5,0,1,26,0,27,0,6,26,0,32,64,0,64,96
01/06/2002,MDH,IL,AGL,CE,Federal Contract Tower,0,0,0,0,0,0,0,1,0,1,0,0,1,0,1,0,0,0,1
01/07/2002,MDH,IL,AGL,CE,Federal Contract Tower,0,11,5,0,16,0,4,52,0,56,0,15,57,0,72,44,0,44,116
01/08/2002,MDH,IL,AGL,CE,Federal Contract Tower,0,6,5,0,11,0,0,26,0,26,0,6,31,0,37,116,0,116,153
01/09/2002,MDH,IL,AGL,CE,Federal Contract Tower,0,2,3,0,5,0,1,85,0,86,0,3,88,0,91,198,0,198,289
01/10/2002,MDH,IL,AGL,CE,Federal Contract Tower,0,9,2,0,11,0,0,50,0,50,0,9,52,0,61,162,0,162,223
01/11/2002,MDH,IL,AGL,CE,Federal Contract Tower,0,4,5,0,9,0,0,27,0,27,0,4,32,0,36,106,0,106,142
01/12/2002,MDH,IL,AGL,CE,Federal Contract Tower,0,0,4,0,4,0,2,27,0,29,0,2,31,0,33,72,0,72,105
01/13/2002,MDH,IL,AGL,CE,Federal Contract Tower,0,0,2,0,2,0,2,37,0,39,0,2,39,0,41,66,0,66,107
01/14/2002,MDH,IL,AGL,CE,Federal Contract Tower,0,6,1,0,7,0,0,32,0,32,0,6,33,0,39,112,0,112,151
01/15/2002,MDH,IL,AGL,CE,Federal Contract Tower,0,6,4,0,10,0,2,79,0,81,0,8,83,0,91,208,2,210,301
01/16/2002,MDH,IL,AGL,CE,Federal Contract Tower,0,7,1,0,8,0,0,88,0,88,0,7,89,0,96,278,0,278,374
01/17/2002,MDH,IL,AGL,CE,Federal Contract Tower,0,8,6,0,14,0,0,135,0,135,0,8,141,0,149,410,0,410,559
01/18/2002,MDH,IL,AGL,CE,Federal Contract Tower,0,4,1,0,5,0,0,151,0,151,0,4,152,0,156,634,0,634,790
01/19/2002,MDH,IL,AGL,CE,Federal Contract Tower,0,0,2,0,2,0,0,0,0,0,0,0,2,0,2,0,0,0,2
01/20/2002,MDH,IL,AGL,CE,Federal Contract Tower,0,0,9,0,9,0,0,1,0,1,0,0,10,0,10,0,0,0,10
01/21/2002,MDH,IL,AGL,CE,Federal Contract Tower,0,0,3,0,3,0,0,75,0,75,0,0,78,0,78,236,0,236,314
01/22/2002,MDH,IL,AGL,CE,Federal Contract Tower,0,6,2,0,8,0,0,148,0,148,0,6,150,0,156,512,0,512,668
01/23/2002,MDH,IL,AGL,CE,Federal Contract Tower,2,0,4,0,6,0,2,0,0,2,2,2,4,0,8,0,0,0,8
01/24/2002,MDH,IL,AGL,CE,Federal Contract Tower,0,6,4,0,10,0,0,44,0,44,0,6,48,0,54,224,0,224,278
01/25/2002,MDH,IL,AGL,CE,Federal Contract Tower,0,6,1,0,7,0,2,224,0,226,0,8,225,0,233,806,0,806,1039
01/26/2002,MDH,IL,AGL,CE,Federal Contract Tower,0,0,1,0,1,0,6,157,0,163,0,6,158,0,164,190,0,190,354
01/27/2002,MDH,IL,AGL,CE,Federal Contract Tower,2,3,2,0,7,0,2,100,0,102,2,5,102,0,109,234,0,234,343
01/28/2002,MDH,IL,AGL,CE,Federal Contract Tower,0,5,3,0,8,0,0,162,0,162,0,5,165,0,170,454,0,454,624
01/29/2002,MDH,IL,AGL,CE,Federal Contract Tower,0,10,8,0,18,0,0,34,0,34,0,10,42,0,52,76,0,76,128
01/30/2002,MDH,IL,AGL,CE,Federal Contract Tower,0,2,1,0,3,0,0,1,0,1,0,2,2,0,4,0,0,0,4
01/31/2002,MDH,IL,AGL,CE,Federal Contract Tower,0,3,6,0,9,0,0,0,0,0,0,3,6,0,9,0,0,0,9
02/01/2002,MDH,IL,AGL,CE,Federal Contract Tower,0,5,3,0,8,0,0,98,0,98,0,5,101,0,106,240,0,240,346
02/02/2002,MDH,IL,AGL,CE,Federal Contract Tower,0,0,3,0,3,0,8,148,0,156,0,8,151,0,159,530,0,530,689
02/03/2002,MDH,IL,AGL,CE,Federal Contract Tower,0,0,0,0,0,0,0,92,0,92,0,0,92,0,92,174,0,174,266
02/04/2002,MDH,IL,AGL,CE,Federal Contract Tower,0,6,4,0,10,0,0,278,0,278,0,6,282,0,288,652,0,652,940
02/05/2002,MDH,IL,AGL,CE,Federal Contract Tower,0,6,3,0,9,0,0,138,0,138,0,6,141,0,147,266,0,266,413
02/06/2002,MDH,IL,AGL,CE,Federal Contract Tower,5,0,0,0,5,0,1,72,0,73,5,1,72,0,78,292,0,292,370
02/07/2002,MDH,IL,AGL,CE,Federal Contract Tower,1,6,3,0,10,0,5,202,0,207,1,11,205,0,217,734,0,734,951
02/08/2002,MDH,IL,AGL,CE,Federal Contract Tower,0,5,1,0,6,0,3,300,0,303,0,8,301,0,309,682,0,682,991
02/09/2002,MDH,IL,AGL,CE,Federal Contract Tower,0,2,1,0,3,0,0,90,0,90,0,2,91,0,93,158,0,158,251
02/10/2002,MDH,IL,AGL,CE,Federal Contract Tower,1,2,1,0,4,0,0,14,0,14,1,2,15,0,18,30,0,30,48
02/11/2002,MDH,IL,AGL,CE,Federal Contract Tower,0,2,1,0,3,0,2,241,0,243,0,4,242,0,246,602,0,602,848
02/12/2002,MDH,IL,AGL,CE,Federal Contract Tower,2,6,0,0,8,0,0,129,0,129,2,6,129,0,137,258,0,258,395
02/13/2002,MDH,IL,AGL,CE,Federal Contract Tower,0,6,1,0,7,0,7,171,0,178,0,13,172,0,185,510,0,510,695
02/14/2002,MDH,IL,AGL,CE,Federal Contract Tower,0,6,1,0,7,0,2,200,0,202,0,8,201,0,209,618,0,618,827
02/15/2002,MDH,IL,AGL,CE,Federal Contract Tower,0,0,4,0,4,0,10,191,0,201,0,10,195,0,205,402,0,402,607
02/16/2002,MDH,IL,AGL,CE,Federal Contract Tower,0,0,6,0,6,0,0,115,0,115,0,0,121,0,121,114,0,114,235
02/17/2002,MDH,IL,AGL,CE,Federal Contract Tower,0,0,5,0,5,0,0,76,0,76,0,0,81,0,81,124,0,124,205
02/18/2002,MDH,IL,AGL,CE,Federal Contract Tower,0,11,8,0,19,0,0,180,0,180,0,11,188,0,199,682,0,682,881
02/19/2002,MDH,IL,AGL,CE,Federal Contract Tower,1,6,0,0,7,0,0,26,0,26,1,6,26,0,33,10,0,10,43
02/20/2002,MDH,IL,AGL,CE,Federal Contract Tower,0,2,3,0,5,0,3,10,0,13,0,5,13,0,18,24,0,24,42
02/21/2002,MDH,IL,AGL,CE,Federal Contract Tower,0,4,6,0,10,0,0,105,0,105,0,4,111,0,115,402,0,402,517
02/22/2002,MDH,IL,AGL,CE,Federal Contract Tower,0,1,5,0,6,0,0,226,0,226,0,1,231,0,232,714,0,714,946
02/23/2002,MDH,IL,AGL,CE,Federal Contract Tower,0,2,0,0,2,0,0,151,0,151,0,2,151,0,153,258,0,258,411
02/24/2002,MDH,IL,AGL,CE,Federal Contract Tower,2,0,2,0,4,0,0,38,0,38,2,0,40,0,42,102,0,102,144
02/25/2002,MDH,IL,AGL,CE,Federal Contract Tower,0,4,4,0,8,0,0,95,0,95,0,4,99,0,103,356,0,356,459
02/26/2002,MDH,IL,AGL,CE,Federal Contract Tower,0,2,2,0,4,0,0,0,0,0,0,2,2,0,4,0,0,0,4
02/27/2002,MDH,IL,AGL,CE,Federal Contract Tower,0,0,3,0,3,0,0,127,2,129,0,0,130,2,132,334,2,336,468
02/28/2002,MDH,IL,AGL,CE,Federal Contract Tower,0,6,0,0,6,0,0,240,0,240,0,6,240,0,246,670,0,670,916
03/01/2002,MDH,IL,AGL,CE,Federal Contract Tower,0,7,3,0,10,0,1,167,2,170,0,8,170,2,180,434,0,434,614
03/02/2002,MDH,IL,AGL,CE,Federal Contract Tower,0,0,1,0,1,0,0,10,0,10,0,0,11,0,11,72,0,72,83
03/03/2002,MDH,IL,AGL,CE,Federal Contract Tower,0,0,5,0,5,0,0,37,0,37,0,0,42,0,42,60,0,60,102
03/04/2002,MDH,IL,AGL,CE,Federal Contract Tower,0,1,6,0,7,0,3,148,0,151,0,4,154,0,158,590,0,590,748
03/05/2002,MDH,IL,AGL,CE,Federal Contract Tower,0,4,11,0,15,0,6,122,0,128,0,10,133,0,143,394,0,394,537
03/06/2002,MDH,IL,AGL,CE,Federal Contract Tower,0,0,2,0,2,0,0,80,2,82,0,0,82,2,84,154,0,154,238
03/07/2002,MDH,IL,AGL,CE,Federal Contract Tower,0,5,8,0,13,0,7,138,0,145,0,12,146,0,158,524,0,524,682
03/08/2002,MDH,IL,AGL,CE,Federal Contract Tower,0,1,5,0,6,0,1,27,2,30,0,2,32,2,36,78,0,78,114
03/09/2002,MDH,IL,AGL,CE,Federal Contract Tower,0,0,0,0,0,0,0,3,0,3,0,0,3,0,3,0,0,0,3
03/10/2002,MDH,IL,AGL,CE,Federal Contract Tower,0,2,0,0,2,0,0,26,0,26,0,2,26,0,28,10,0,10,38
03/11/2002,MDH,IL,AGL,CE,Federal Contract Tower,0,3,4,0,7,0,2,78,0,80,0,5,82,0,87,210,0,210,297
03/12/2002,MDH,IL,AGL,CE,Federal Contract Tower,0,7,6,0,13,0,0,38,0,38,0,7,44,0,51,110,0,110,161
03/13/2002,MDH,IL,AGL,CE,Federal Contract Tower,0,7,6,0,13,0,2,84,0,86,0,9,90,0,99,202,0,202,301
03/14/2002,MDH,IL,AGL,CE,Federal Contract Tower,0,8,1,0,9,0,2,66,0,68,0,10,67,0,77,130,0,130,207
03/15/2002,MDH,IL,AGL,CE,Federal Contract Tower,0,1,4,0,5,0,1,7,0,8,0,2,11,0,13,12,0,12,25
03/16/2002,MDH,IL,AGL,CE,Federal Contract Tower,0,0,3,0,3,0,0,6,0,6,0,0,9,0,9,40,0,40,49
03/17/2002,MDH,IL,AGL,CE,Federal Contract Tower,0,0,5,0,5,0,0,3,0,3,0,0,8,0,8,14,0,14,22
03/18/2002,MDH,IL,AGL,CE,Federal Contract Tower,0,8,0,0,8,0,4,141,0,145,0,12,141,0,153,576,0,576,729
03/19/2002,MDH,IL,AGL,CE,Federal Contract Tower,0,4,4,0,8,0,0,0,0,0,0,4,4,0,8,0,0,0,8
03/20/2002,MDH,IL,AGL,CE,Federal Contract Tower,0,3,6,0,9,0,0,16,0,16,0,3,22,0,25,20,0,20,45
03/21/2002,MDH,IL,AGL,CE,Federal Contract Tower,0,7,0,0,7,0,5,80,0,85,0,12,80,0,92,178,0,178,270
03/22/2002,MDH,IL,AGL,CE,Federal Contract Tower,0,2,8,0,10,0,0,330,0,330,0,2,338,0,340,744,0,744,1084
03/23/2002,MDH,IL,AGL,CE,Federal Contract Tower,0,0,5,0,5,0,0,186,8,194,0,0,191,8,199,242,0,242,441
03/24/2002,MDH,IL,AGL,CE,Federal Contract Tower,0,0,5,0,5,0,0,101,0,101,0,0,106,0,106,210,0,210,316
03/25/2002,MDH,IL,AGL,CE,Federal Contract Tower,0,4,8,0,12,0,0,0,0,0,0,4,8,0,12,0,0,0,12
03/26/2002,MDH,IL,AGL,CE,Federal Contract Tower,0,4,3,0,7,0,5,70,0,75,0,9,73,0,82,318,0,318,400
03/27/2002,MDH,IL,AGL,CE,Federal Contract Tower,0,0,5,0,5,0,6,254,2,262,0,6,259,2,267,630,0,630,897
03/28/2002,MDH,IL,AGL,CE,Federal Contract Tower,0,4,8,0,12,0,0,234,0,234,0,4,242,0,246,1012,0,1012,1258
03/29/2002,MDH,IL,AGL,CE,Federal Contract Tower,0,3,12,0,15,0,0,50,0,50,0,3,62,0,65,210,0,210,275
03/30/2002,MDH,IL,AGL,CE,Federal Contract Tower,0,4,11,0,15,0,0,130,0,130,0,4,141,0,145,266,0,266,411
03/31/2002,MDH,IL,AGL,CE,Federal Contract Tower,0,0,8,0,8,0,2,28,0,30,0,2,36,0,38,86,0,86,124
04/01/2002,MDH,IL,AGL,CE,Federal Contract Tower,0,8,10,0,18,0,1,300,0,301,0,9,310,0,319,928,0,928,1247
04/02/2002,MDH,IL,AGL,CE,Federal Contract Tower,0,9,3,0,12,0,2,85,2,89,0,11,88,2,101,120,0,120,221
04/03/2002,MDH,IL,AGL,CE,Federal Contract Tower,0,4,8,0,12,0,0,133,0,133,0,4,141,0,145,430,0,430,575
04/04/2002,MDH,IL,AGL,CE,Federal Contract Tower,0,8,7,0,15,0,0,264,2,266,0,8,271,2,281,940,0,940,1221
04/05/2002,MDH,IL,AGL,CE,Federal Contract Tower,0,2,10,0,12,0,0,231,0,231,0,2,241,0,243,468,0,468,711
04/06/2002,MDH,IL,AGL,CE,Federal Contract Tower,0,3,2,0,5,0,28,190,0,218,0,31,192,0,223,420,0,420,643
04/07/2002,MDH,IL,AGL,CE,Federal Contract Tower,0,0,5,0,5,0,0,26,0,26,0,0,31,0,31,130,0,130,161
04/08/2002,MDH,IL,AGL,CE,Federal Contract Tower,0,4,7,0,11,0,2,17,0,19,0,6,24,0,30,56,0,56,86
04/09/2002,MDH,IL,AGL,CE,Federal Contract Tower,0,8,8,0,16,0,0,106,0,106,0,8,114,0,122,282,0,282,404
04/10/2002,MDH,IL,AGL,CE,Federal Contract Tower,0,4,1,0,5,0,6,233,1,240,0,10,234,1,245,508,0,508,753
04/11/2002,MDH,IL,AGL,CE,Federal Contract Tower,0,5,5,0,10,0,0,197,0,197,0,5,202,0,207,706,0,706,913
04/12/2002,MDH,IL,AGL,CE,Federal Contract Tower,0,0,6,0,6,0,0,66,0,66,0,0,72,0,72,246,0,246,318
04/13/2002,MDH,IL,AGL,CE,Federal Contract Tower,0,1,6,0,7,0,4,20,0,24,0,5,26,0,31,92,0,92,123
04/14/2002,MDH,IL,AGL,CE,Federal Contract Tower,0,0,8,0,8,0,0,31,0,31,0,0,39,0,39,56,0,56,95
04/15/2002,MDH,IL,AGL,CE,Federal Contract Tower,0,7,7,0,14,0,0,203,0,203,0,7,210,0,217,654,0,654,871
04/16/2002,MDH,IL,AGL,CE,Federal Contract Tower,0,2,5,0,7,0,2,94,0,96,0,4,99,0,103,96,0,96,199
04/17/2002,MDH,IL,AGL,CE,Federal Contract Tower,0,2,0,0,2,0,0,211,0,211,0,2,211,0,213,678,0,678,891
04/18/2002,MDH,IL,AGL,CE,Federal Contract Tower,0,4,6,0,10,0,0,145,0,145,0,4,151,0,155,510,0,510,665
04/19/2002,MDH,IL,AGL,CE,Federal Contract Tower,0,6,4,0,10,0,0,127,2,129,0,6,131,2,139,310,0,310,449
04/20/2002,MDH,IL,AGL,CE,Federal Contract Tower,0,2,4,0,6,0,0,47,0,47,0,2,51,0,53,144,0,144,197
04/21/2002,MDH,IL,AGL,CE,Federal Contract Tower,0,1,1,0,2,0,0,16,0,16,0,1,17,0,18,42,0,42,60
04/22/2002,MDH,IL,AGL,CE,Federal Contract Tower,0,2,5,0,7,0,4,227,0,231,0,6,232,0,238,592,0,592,830
04/23/2002,MDH,IL,AGL,CE,Federal Contract Tower,0,6,3,2,11,0,0,237,0,237,0,6,240,2,248,708,10,718,966
04/24/2002,MDH,IL,AGL,CE,Federal Contract Tower,0,7,5,0,12,0,0,36,0,36,0,7,41,0,48,80,0,80,128
04/25/2002,MDH,IL,AGL,CE,Federal Contract Tower,0,13,2,0,15,0,0,159,0,159,0,13,161,0,174,610,0,610,784
04/26/2002,MDH,IL,AGL,CE,Federal Contract Tower,0,2,5,0,7,0,0,166,0,166,0,2,171,0,173,410,0,410,583
04/27/2002,MDH,IL,AGL,CE,Federal Contract Tower,0,2,3,0,5,0,0,0,0,0,0,2,3,0,5,0,0,0,5
04/28/2002,MDH,IL,AGL,CE,Federal Contract Tower,0,4,4,0,8,0,2,65,0,67,0,6,69,0,75,100,0,100,175
04/29/2002,MDH,IL,AGL,CE,Federal Contract Tower,0,5,4,0,9,0,0,294,0,294,0,5,298,0,303,770,0,770,1073
04/30/2002,MDH,IL,AGL,CE,Federal Contract Tower,0,8,2,0,10,0,0,206,0,206,0,8,208,0,216,580,0,580,796
05/01/2002,MDH,IL,AGL,CE,Federal Contract Tower,0,3,14,0,17,0,0,8,0,8,0,3,22,0,25,4,0,4,29
05/02/2002,MDH,IL,AGL,CE,Federal Contract Tower,0,13,2,0,15,0,4,90,0,94,0,17,92,0,109,320,0,320,429
05/03/2002,MDH,IL,AGL,CE,Federal Contract Tower,0,3,3,0,6,0,1,208,0,209,0,4,211,0,215,476,0,476,691
05/04/2002,MDH,IL,AGL,CE,Federal Contract Tower,0,4,2,0,6,0,0,112,0,112,0,4,114,0,118,474,0,474,592
05/05/2002,MDH,IL,AGL,CE,Federal Contract Tower,0,2,2,0,4,0,0,56,0,56,0,2,58,0,60,200,0,200,260
05/06/2002,MDH,IL,AGL,CE,Federal Contract Tower,0,3,1,0,4,0,0,5,0,5,0,3,6,0,9,14,0,14,23
05/07/2002,MDH,IL,AGL,CE,Federal Contract Tower,0,5,2,0,7,0,1,125,0,126,0,6,127,0,133,578,0,578,711
05/08/2002,MDH,IL,AGL,CE,Federal Contract Tower,0,6,2,0,8,0,0,25,0,25,0,6,27,0,33,64,0,64,97
05/09/2002,MDH,IL,AGL,CE,Federal Contract Tower,0,6,3,0,9,0,6,177,0,183,0,12,180,0,192,288,0,288,480
05/10/2002,MDH,IL,AGL,CE,Federal Contract Tower,0,2,8,0,10,0,0,174,0,174,0,2,182,0,184,330,0,330,514
05/11/2002,MDH,IL,AGL,CE,Federal Contract Tower,0,2,2,0,4,0,2,48,0,50,0,4,50,0,54,240,0,240,294
05/12/2002,MDH,IL,AGL,CE,Federal Contract Tower,0,1,4,0,5,0,0,4,0,4,0,1,8,0,9,0,0,0,9
05/13/2002,MDH,IL,AGL,CE,Federal Contract Tower,0,7,5,0,12,0,0,26,0,26,0,7,31,0,38,64,0,64,102
05/14/2002,MDH,IL,AGL,CE,Federal Contract Tower,0,1,2,0,3,0,1,125,0,126,0,2,127,0,129,508,0,508,637
05/15/2002,MDH,IL,AGL,CE,Federal Contract Tower,0,5,0,0,5,0,3,112,0,115,0,8,112,0,120,130,0,130,250
05/16/2002,MDH,IL,AGL,CE,Federal Contract Tower,0,4,2,0,6,0,0,51,0,51,0,4,53,0,57,156,0,156,213
05/17/2002,MDH,IL,AGL,CE,Federal Contract Tower,0,4,4,0,8,0,0,0,0,0,0,4,4,0,8,0,0,0,8
05/18/2002,MDH,IL,AGL,CE,Federal Contract Tower,0,0,1,0,1,0,0,47,0,47,0,0,48,0,48,78,0,78,126
05/19/2002,MDH,IL,AGL,CE,Federal Contract Tower,0,3,5,0,8,0,6,45,0,51,0,9,50,0,59,116,0,116,175
05/20/2002,MDH,IL,AGL,CE,Federal Contract Tower,0,4,0,0,4,0,0,92,0,92,0,4,92,0,96,422,0,422,518
05/21/2002,MDH,IL,AGL,CE,Federal Contract Tower,0,0,3,0,3,0,2,82,0,84,0,2,85,0,87,376,0,376,463
05/22/2002,MDH,IL,AGL,CE,Federal Contract Tower,0,2,2,0,4,0,0,92,0,92,0,2,94,0,96,164,0,164,260
05/23/2002,MDH,IL,AGL,CE,Federal Contract Tower,0,4,4,0,8,0,5,77,0,82,0,9,81,0,90,136,0,136,226
05/24/2002,MDH,IL,AGL,CE,Federal Contract Tower,0,1,9,0,10,0,2,51,0,53,0,3,60,0,63,74,0,74,137
05/25/2002,MDH,IL,AGL,CE,Federal Contract Tower,0,2,4,0,6,0,1,0,0,1,0,3,4,0,7,0,0,0,7
05/26/2002,MDH,IL,AGL,CE,Federal Contract Tower,0,0,3,0,3,0,0,27,0,27,0,0,30,0,30,36,0,36,66
05/27/2002,MDH,IL,AGL,CE,Federal Contract Tower,0,0,10,0,10,0,1,35,0,36,0,1,45,0,46,8,0,8,54
05/28/2002,MDH,IL,AGL,CE,Federal Contract Tower,0,6,4,0,10,0,3,43,0,46,0,9,47,0,56,98,0,98,154
05/29/2002,MDH,IL,AGL,CE,Federal Contract Tower,0,7,8,0,15,0,1,37,0,38,0,8,45,0,53,152,0,152,205
05/30/2002,MDH,IL,AGL,CE,Federal Contract Tower,0,2,5,0,7,0,0,71,0,71,0,2,76,0,78,226,0,226,304
05/31/2002,MDH,IL,AGL,CE,Federal Contract Tower,0,1,4,0,5,0,0,72,0,72,0,1,76,0,77,92,0,92,169
06/01/2002,MDH,IL,AGL,CE,Federal Contract Tower,0,1,0,0,1,0,2,36,0,38,0,3,36,0,39,52,0,52,91
06/02/2002,MDH,IL,AGL,CE,Federal Contract Tower,0,1,4,0,5,0,0,26,0,26,0,1,30,0,31,18,0,18,49
06/03/2002,MDH,IL,AGL,CE,Federal Contract Tower,0,2,1,0,3,0,4,66,0,70,0,6,67,0,73,114,0,114,187
06/04/2002,MDH,IL,AGL,CE,Federal Contract Tower,0,8,5,0,13,0,6,57,0,63,0,14,62,0,76,92,0,92,168
06/05/2002,MDH,IL,AGL,CE,Federal Contract Tower,0,5,8,0,13,0,0,18,0,18,0,5,26,0,31,60,0,60,91
06/06/2002,MDH,IL,AGL,CE,Federal Contract Tower,0,2,9,0,11,0,11,65,0,76,0,13,74,0,87,102,0,102,189
06/07/2002,MDH,IL,AGL,CE,Federal Contract Tower,0,4,7,0,11,0,0,75,0,75,0,4,82,0,86,98,0,98,184
06/08/2002,MDH,IL,AGL,CE,Federal Contract Tower,0,0,2,0,2,0,2,49,0,51,0,2,51,0,53,46,0,46,99
06/09/2002,MDH,IL,AGL,CE,Federal Contract Tower,0,2,6,0,8,0,0,4,0,4,0,2,10,0,12,0,0,0,12
06/10/2002,MDH,IL,AGL,CE,Federal Contract Tower,0,6,4,0,10,0,0,47,0,47,0,6,51,0,57,90,0,90,147
06/11/2002,MDH,IL,AGL,CE,Federal Contract Tower,0,6,3,0,9,0,1,93,0,94,0,7,96,0,103,274,0,274,377
06/12/2002,MDH,IL,AGL,CE,Federal Contract Tower,0,9,2,0,11,0,4,146,0,150,0,13,148,0,161,292,0,292,453
06/13/2002,MDH,IL,AGL,CE,Federal Contract Tower,0,6,5,0,11,0,0,177,0,177,0,6,182,0,188,224,0,224,412
06/14/2002,MDH,IL,AGL,CE,Federal Contract Tower,0,3,2,0,5,0,0,131,0,131,0,3,133,0,136,192,0,192,328
06/15/2002,MDH,IL,AGL,CE,Federal Contract Tower,0,1,5,0,6,0,0,47,0,47,0,1,52,0,53,106,0,106,159
06/16/2002,MDH,IL,AGL,CE,Federal Contract Tower,0,2,3,0,5,0,0,24,0,24,0,2,27,0,29,50,0,50,79
06/17/2002,MDH,IL,AGL,CE,Federal Contract Tower,0,7,5,0,12,0,6,134,0,140,0,13,139,0,152,326,0,326,478
06/18/2002,MDH,IL,AGL,CE,Federal Contract Tower,0,5,9,2,16,0,4,127,10,141,0,9,136,12,157,260,18,278,435
06/19/2002,MDH,IL,AGL,CE,Federal Contract Tower,0,2,4,0,6,0,0,168,0,168,0,2,172,0,174,378,0,378,552
06/20/2002,MDH,IL,AGL,CE,Federal Contract Tower,0,6,4,0,10,0,0,141,0,141,0,6,145,0,151,420,0,420,571
06/21/2002,MDH,IL,AGL,CE,Federal Contract Tower,0,3,8,0,11,0,3,142,2,147,0,6,150,2,158,238,0,238,396
06/22/2002,MDH,IL,AGL,CE,Federal Contract Tower,0,3,2,0,5,0,2,51,0,53,0,5,53,0,58,90,0,90,148
06/23/2002,MDH,IL,AGL,CE,Federal Contract Tower,0,2,6,0,8,0,0,34,0,34,0,2,40,0,42,26,0,26,68
06/24/2002,MDH,IL,AGL,CE,Federal Contract Tower,0,5,1,0,6,0,0,115,0,115,0,5,116,0,121,292,0,292,413
06/25/2002,MDH,IL,AGL,CE,Federal Contract Tower,0,5,4,1,10,0,0,110,1,111,0,5,114,2,121,270,0,270,391
06/26/2002,MDH,IL,AGL,CE,Federal Contract Tower,0,2,4,0,6,0,0,188,0,188,0,2,192,0,194,380,0,380,574
06/27/2002,MDH,IL,AGL,CE,Federal Contract Tower,0,5,1,0,6,0,0,82,0,82,0,5,83,0,88,156,0,156,244
06/28/2002,MDH,IL,AGL,CE,Federal Contract Tower,0,2,3,1,6,0,1,163,1,165,0,3,166,2,171,310,0,310,481
06/29/2002,MDH,IL,AGL,CE,Federal Contract Tower,0,2,5,0,7,0,2,52,2,56,0,4,57,2,63,156,0,156,219
06/30/2002,MDH,IL,AGL,CE,Federal Contract Tower,0,0,6,0,6,0,0,42,0,42,0,0,48,0,48,74,0,74,122
07/01/2002,MDH,IL,AGL,CE,Federal Contract Tower,0,6,4,0,10,0,0,152,0,152,0,6,156,0,162,308,0,308,470
07/02/2002,MDH,IL,AGL,CE,Federal Contract Tower,0,5,8,0,13,0,0,144,0,144,0,5,152,0,157,352,0,352,509
07/03/2002,MDH,IL,AGL,CE,Federal Contract Tower,0,1,4,0,5,0,0,106,0,106,0,1,110,0,111,292,0,292,403
07/04/2002,MDH,IL,AGL,CE,Federal Contract Tower,0,2,0,0,2,0,0,14,0,14,0,2,14,0,16,42,0,42,58
07/05/2002,MDH,IL,AGL,CE,Federal Contract Tower,0,0,3,0,3,0,0,20,0,20,0,0,23,0,23,16,0,16,39
07/06/2002,MDH,IL,AGL,CE,Federal Contract Tower,0,4,0,0,4,0,0,18,0,18,0,4,18,0,22,22,0,22,44
07/07/2002,MDH,IL,AGL,CE,Federal Contract Tower,0,1,3,0,4,0,0,35,0,35,0,1,38,0,39,14,0,14,53
07/08/2002,MDH,IL,AGL,CE,Federal Contract Tower,0,2,0,0,2,0,0,141,0,141,0,2,141,0,143,374,0,374,517
07/09/2002,MDH,IL,AGL,CE,Federal Contract Tower,0,6,0,0,6,0,2,194,0,196,0,8,194,0,202,362,0,362,564
07/10/2002,MDH,IL,AGL,CE,Federal Contract Tower,0,5,2,0,7,0,0,99,0,99,0,5,101,0,106,302,0,302,408
07/11/2002,MDH,IL,AGL,CE,Federal Contract Tower,0,8,5,0,13,0,0,103,0,103,0,8,108,0,116,324,0,324,440
07/12/2002,MDH,IL,AGL,CE,Federal Contract Tower,0,2,4,0,6,0,0,46,0,46,0,2,50,0,52,60,0,60,112
07/13/2002,MDH,IL,AGL,CE,Federal Contract Tower,0,0,5,0,5,0,0,41,0,41,0,0,46,0,46,72,0,72,118
07/14/2002,MDH,IL,AGL,CE,Federal Contract Tower,0,0,5,0,5,0,0,17,0,17,0,0,22,0,22,50,0,50,72
07/15/2002,MDH,IL,AGL,CE,Federal Contract Tower,0,5,2,0,7,0,0,179,0,179,0,5,181,0,186,442,0,442,628
07/16/2002,MDH,IL,AGL,CE,Federal Contract Tower,0,3,4,0,7,0,5,101,0,106,0,8,105,0,113,332,0,332,445
07/17/2002,MDH,IL,AGL,CE,Federal Contract Tower,0,8,3,0,11,0,6,105,0,111,0,14,108,0,122,264,0,264,386
07/18/2002,MDH,IL,AGL,CE,Federal Contract Tower,0,7,7,0,14,0,1,176,0,177,0,8,183,0,191,348,0,348,539
07/19/2002,MDH,IL,AGL,CE,Federal Contract Tower,0,2,9,1,12,0,0,189,3,192,0,2,198,4,204,304,0,304,508
07/20/2002,MDH,IL,AGL,CE,Federal Contract Tower,0,0,3,0,3,0,0,68,2,70,0,0,71,2,73,106,0,106,179
07/21/2002,MDH,IL,AGL,CE,Federal Contract Tower,0,0,4,0,4,0,0,46,0,46,0,0,50,0,50,46,0,46,96
07/22/2002,MDH,IL,AGL,CE,Federal Contract Tower,0,6,2,0,8,0,0,109,0,109,0,6,111,0,117,322,0,322,439
07/23/2002,MDH,IL,AGL,CE,Federal Contract Tower,0,13,2,0,15,0,7,101,0,108,0,20,103,0,123,232,0,232,355
07/24/2002,MDH,IL,AGL,CE,Federal Contract Tower,0,5,4,0,9,0,2,111,0,113,0,7,115,0,122,262,0,262,384
07/25/2002,MDH,IL,AGL,CE,Federal Contract Tower,0,7,8,0,15,0,1,137,0,138,0,8,145,0,153,220,0,220,373
07/26/2002,MDH,IL,AGL,CE,Federal Contract Tower,0,2,5,0,7,0,0,91,0,91,0,2,96,0,98,154,0,154,252
07/27/2002,MDH,IL,AGL,CE,Federal Contract Tower,0,0,4,0,4,0,0,36,0,36,0,0,40,0,40,12,0,12,52
07/28/2002,MDH,IL,AGL,CE,Federal Contract Tower,0,0,2,0,2,0,0,51,0,51,0,0,53,0,53,50,0,50,103
07/29/2002,MDH,IL,AGL,CE,Federal Contract Tower,0,4,2,0,6,0,0,81,0,81,0,4,83,0,87,128,0,128,215
07/30/2002,MDH,IL,AGL,CE,Federal Contract Tower,0,6,5,0,11,0,0,92,0,92,0,6,97,0,103,212,0,212,315
07/31/2002,MDH,IL,AGL,CE,Federal Contract Tower,0,4,8,0,12,0,1,116,2,119,0,5,124,2,131,236,0,236,367
08/01/2002,MDH,IL,AGL,CE,Federal Contract Tower,0,4,7,0,11,0,0,140,0,140,0,4,147,0,151,430,0,430,581
08/02/2002,MDH,IL,AGL,CE,Federal Contract Tower,0,4,1,0,5,0,1,113,0,114,0,5,114,0,119,366,0,366,485
08/03/2002,MDH,IL,AGL,CE,Federal Contract Tower,0,2,1,0,3,0,0,42,0,42,0,2,43,0,45,62,0,62,107
08/04/2002,MDH,IL,AGL,CE,Federal Contract Tower,0,0,4,0,4,0,2,20,0,22,0,2,24,0,26,36,0,36,62
08/05/2002,MDH,IL,AGL,CE,Federal Contract Tower,0,9,0,0,9,0,0,43,0,43,0,9,43,0,52,80,0,80,132
08/06/2002,MDH,IL,AGL,CE,Federal Contract Tower,0,3,3,0,6,0,6,37,0,43,0,9,40,0,49,110,0,110,159
08/07/2002,MDH,IL,AGL,CE,Federal Contract Tower,0,7,5,0,12,0,0,90,0,90,0,7,95,0,102,360,0,360,462
08/08/2002,MDH,IL,AGL,CE,Federal Contract Tower,0,1,2,0,3,0,1,36,0,37,0,2,38,0,40,108,0,108,148
08/09/2002,MDH,IL,AGL,CE,Federal Contract Tower,0,0,5,0,5,0,4,69,0,73,0,4,74,0,78,112,0,112,190
08/10/2002,MDH,IL,AGL,CE,Federal Contract Tower,0,0,3,0,3,0,2,31,0,33,0,2,34,0,36,10,0,10,46
08/11/2002,MDH,IL,AGL,CE,Federal Contract Tower,0,2,2,0,4,0,0,19,0,19,0,2,21,0,23,4,0,4,27
08/12/2002,MDH,IL,AGL,CE,Federal Contract Tower,0,8,0,0,8,0,0,23,0,23,0,8,23,0,31,42,0,42,73
08/13/2002,MDH,IL,AGL,CE,Federal Contract Tower,0,4,0,0,4,0,2,2,0,4,0,6,2,0,8,8,0,8,16
08/14/2002,MDH,IL,AGL,CE,Federal Contract Tower,0,5,1,0,6,0,0,65,0,65,0,5,66,0,71,206,0,206,277
08/15/2002,MDH,IL,AGL,CE,Federal Contract Tower,0,8,5,0,13,0,8,36,0,44,0,16,41,0,57,60,0,60,117
08/16/2002,MDH,IL,AGL,CE,Federal Contract Tower,0,4,2,0,6,0,0,36,0,36,0,4,38,0,42,20,0,20,62
08/17/2002,MDH,IL,AGL,CE,Federal Contract Tower,0,0,7,0,7,0,0,8,0,8,0,0,15,0,15,28,0,28,43
08/18/2002,MDH,IL,AGL,CE,Federal Contract Tower,0,2,0,0,2,0,2,23,0,25,0,4,23,0,27,16,0,16,43
08/19/2002,MDH,IL,AGL,CE,Federal Contract Tower,0,3,2,0,5,0,0,19,0,19,0,3,21,0,24,62,0,62,86
08/20/2002,MDH,IL,AGL,CE,Federal Contract Tower,0,6,1,0,7,0,0,74,0,74,0,6,75,0,81,112,0,112,193
08/21/2002,MDH,IL,AGL,CE,Federal Contract Tower,0,5,3,0,8,0,3,123,0,126,0,8,126,0,134,352,0,352,486
08/22/2002,MDH,IL,AGL,CE,Federal Contract Tower,0,10,5,0,15,0,0,223,10,233,0,10,228,10,248,598,12,610,858
08/23/2002,MDH,IL,AGL,CE,Federal Contract Tower,0,1,1,0,2,0,0,74,0,74,0,1,75,0,76,354,0,354,430
08/24/2002,MDH,IL,AGL,CE,Federal Contract Tower,0,2,6,0,8,0,10,29,0,39,0,12,35,0,47,110,0,110,157
08/25/2002,MDH,IL,AGL,CE,Federal Contract Tower,0,3,7,0,10,0,0,34,0,34,0,3,41,0,44,154,0,154,198
08/26/2002,MDH,IL,AGL,CE,Federal Contract Tower,0,4,4,0,8,0,2,172,0,174,0,6,176,0,182,470,0,470,652
08/27/2002,MDH,IL,AGL,CE,Federal Contract Tower,0,2,5,0,7,0,1,110,0,111,0,3,115,0,118,292,0,292,410
08/28/2002,MDH,IL,AGL,CE,Federal Contract Tower,0,4,4,0,8,0,2,175,0,177,0,6,179,0,185,412,0,412,597
08/29/2002,MDH,IL,AGL,CE,Federal Contract Tower,0,6,4,0,10,0,0,229,0,229,0,6,233,0,239,574,0,574,813
08/30/2002,MDH,IL,AGL,CE,Federal Contract Tower,0,5,3,0,8,0,0,146,0,146,0,5,149,0,154,232,0,232,386
08/31/2002,MDH,IL,AGL,CE,Federal Contract Tower,0,10,2,0,12,0,2,34,0,36,0,12,36,0,48,50,0,50,98
09/01/2002,MDH,IL,AGL,CE,Federal Contract Tower,0,1,5,0,6,0,1,36,0,37,0,2,41,0,43,46,0,46,89
09/02/2002,MDH,IL,AGL,CE,Federal Contract Tower,0,4,10,0,14,0,0,26,0,26,0,4,36,0,40,24,0,24,64
09/03/2002,MDH,IL,AGL,CE,Federal Contract Tower,0,10,2,0,12,0,0,157,0,157,0,10,159,0,169,258,0,258,427
09/04/2002,MDH,IL,AGL,CE,Federal Contract Tower,0,2,3,0,5,0,0,198,0,198,0,2,201,0,203,452,0,452,655
09/05/2002,MDH,IL,AGL,CE,Federal Contract Tower,0,5,4,0,9,0,0,219,4,223,0,5,223,4,232,544,0,544,776
09/06/2002,MDH,IL,AGL,CE,Federal Contract Tower,0,3,7,0,10,0,0,144,2,146,0,3,151,2,156,402,4,406,562
09/07/2002,MDH,IL,AGL,CE,Federal Contract Tower,0,0,4,0,4,0,1,133,0,134,0,1,137,0,138,438,0,438,576
09/08/2002,MDH,IL,AGL,CE,Federal Contract Tower,0,3,1,0,4,0,0,60,0,60,0,3,61,0,64,152,0,152,216
09/09/2002,MDH,IL,AGL,CE,Federal Contract Tower,0,6,1,0,7,0,0,215,0,215,0,6,216,0,222,456,0,456,678
09/10/2002,MDH,IL,AGL,CE,Federal Contract Tower,0,5,1,0,6,0,5,126,0,131,0,10,127,0,137,454,0,454,591
09/11/2002,MDH,IL,AGL,CE,Federal Contract Tower,0,1,3,0,4,0,0,158,1,159,0,1,161,1,163,376,0,376,539
09/12/2002,MDH,IL,AGL,CE,Federal Contract Tower,0,4,5,0,9,0,0,208,0,208,0,4,213,0,217,722,0,722,939
09/13/2002,MDH,IL,AGL,CE,Federal Contract Tower,2,0,5,0,7,0,0,166,0,166,2,0,171,0,173,340,0,340,513
09/14/2002,MDH,IL,AGL,CE,Federal Contract Tower,0,0,10,0,10,0,0,31,0,31,0,0,41,0,41,152,0,152,193
09/15/2002,MDH,IL,AGL,CE,Federal Contract Tower,0,2,3,0,5,0,3,38,0,41,0,5,41,0,46,90,0,90,136
09/16/2002,MDH,IL,AGL,CE,Federal Contract Tower,0,1,8,0,9,0,0,182,0,182,0,1,190,0,191,632,0,632,823
09/17/2002,MDH,IL,AGL,CE,Federal Contract Tower,0,0,6,0,6,0,0,5,0,5,0,0,11,0,11,70,0,70,81
09/18/2002,MDH,IL,AGL,CE,Federal Contract Tower,0,8,13,0,21,0,0,58,0,58,0,8,71,0,79,288,0,288,367
09/19/2002,MDH,IL,AGL,CE,Federal Contract Tower,0,15,2,0,17,0,7,27,0,34,0,22,29,0,51,20,0,20,71
09/20/2002,MDH,IL,AGL,CE,Federal Contract Tower,0,5,17,0,22,0,0,17,0,17,0,5,34,0,39,90,0,90,129
09/21/2002,MDH,IL,AGL,CE,Federal Contract Tower,0,0,2,0,2,0,4,149,0,153,0,4,151,0,155,302,0,302,457
09/22/2002,MDH,IL,AGL,CE,Federal Contract Tower,0,0,2,0,2,0,0,63,0,63,0,0,65,0,65,84,0,84,149
09/23/2002,MDH,IL,AGL,CE,Federal Contract Tower,0,0,12,0,12,0,1,194,2,197,0,1,206,2,209,430,0,430,639
09/24/2002,MDH,IL,AGL,CE,Federal Contract Tower,0,1,1,0,2,0,5,197,0,202,0,6,198,0,204,480,0,480,684
09/25/2002,MDH,IL,AGL,CE,Federal Contract Tower,0,5,8,0,13,0,0,193,0,193,0,5,201,0,206,532,0,532,738
09/26/2002,MDH,IL,AGL,CE,Federal Contract Tower,0,5,8,0,13,0,1,97,0,98,0,6,105,0,111,404,0,404,515
09/27/2002,MDH,IL,AGL,CE,Federal Contract Tower,0,11,8,0,19,0,2,160,0,162,0,13,168,0,181,410,0,410,591
09/28/2002,MDH,IL,AGL,CE,Federal Contract Tower,0,7,7,0,14,0,2,147,0,149,0,9,154,0,163,324,0,324,487
09/29/2002,MDH,IL,AGL,CE,Federal Contract Tower,0,1,1,0,2,0,0,128,2,130,0,1,129,2,132,208,0,208,340
09/30/2002,MDH,IL,AGL,CE,Federal Contract Tower,0,5,4,0,9,0,0,281,0,281,0,5,285,0,290,756,0,756,1046
10/01/2002,MDH,IL,AGL,CE,Federal Contract Tower,0,1,3,0,4,0,1,214,0,215,0,2,217,0,219,550,0,550,769
10/02/2002,MDH,IL,AGL,CE,Federal Contract Tower,0,4,4,0,8,0,4,100,0,104,0,8,104,0,112,526,0,526,638
10/03/2002,MDH,IL,AGL,CE,Federal Contract Tower,0,2,7,0,9,0,0,170,0,170,0,2,177,0,179,464,0,464,643
10/04/2002,MDH,IL,AGL,CE,Federal Contract Tower,0,4,5,0,9,0,0,28,0,28,0,4,33,0,37,60,0,60,97
10/05/2002,MDH,IL,AGL,CE,Federal Contract Tower,0,0,8,0,8,0,0,140,0,140,0,0,148,0,148,406,0,406,554
10/06/2002,MDH,IL,AGL,CE,Federal Contract Tower,0,0,4,0,4,0,0,27,0,27,0,0,31,0,31,52,0,52,83
10/07/2002,MDH,IL,AGL,CE,Federal Contract Tower,0,4,7,0,11,0,2,231,0,233,0,6,238,0,244,606,0,606,850
10/08/2002,MDH,IL,AGL,CE,Federal Contract Tower,0,9,0,0,9,0,2,194,0,196,0,11,194,0,205,610,0,610,815
10/09/2002,MDH,IL,AGL,CE,Federal Contract Tower,0,8,7,0,15,0,0,129,0,129,0,8,136,0,144,530,0,530,674
10/10/2002,MDH,IL,AGL,CE,Federal Contract Tower,0,10,14,0,24,0,0,0,0,0,0,10,14,0,24,10,0,10,34
10/11/2002,MDH,IL,AGL,CE,Federal Contract Tower,0,1,8,0,9,0,0,12,0,12,0,1,20,0,21,36,0,36,57
10/12/2002,MDH,IL,AGL,CE,Federal Contract Tower,2,1,12,0,15,0,0,123,4,127,2,1,135,4,142,320,0,320,462
10/13/2002,MDH,IL,AGL,CE,Federal Contract Tower,0,0,3,0,3,0,0,66,0,66,0,0,69,0,69,104,0,104,173
10/14/2002,MDH,IL,AGL,CE,Federal Contract Tower,0,0,2,0,2,0,5,266,0,271,0,5,268,0,273,656,0,656,929
10/15/2002,MDH,IL,AGL,CE,Federal Contract Tower,0,2,5,0,7,0,4,219,0,223,0,6,224,0,230,624,0,624,854
10/16/2002,MDH,IL,AGL,CE,Federal Contract Tower,0,4,9,0,13,0,0,191,0,191,0,4,200,0,204,310,0,310,514
10/17/2002,MDH,IL,AGL,CE,Federal Contract Tower,0,4,5,0,9,0,2,233,0,235,0,6,238,0,244,410,0,410,654
10/18/2002,MDH,IL,AGL,CE,Federal Contract Tower,0,0,9,0,9,0,0,128,0,128,0,0,137,0,137,226,0,226,363
10/19/2002,MDH,IL,AGL,CE,Federal Contract Tower,0,4,4,2,10,0,0,17,2,19,0,4,21,4,29,0,0,0,29
10/20/2002,MDH,IL,AGL,CE,Federal Contract Tower,0,0,1,0,1,0,2,142,0,144,0,2,143,0,145,458,0,458,603
10/21/2002,MDH,IL,AGL,CE,Federal Contract Tower,0,4,11,0,15,0,3,214,0,217,0,7,225,0,232,884,0,884,1116
10/22/2002,MDH,IL,AGL,CE,Federal Contract Tower,0,2,1,0,3,0,0,326,0,326,0,2,327,0,329,1236,0,1236,1565
10/23/2002,MDH,IL,AGL,CE,Federal Contract Tower,0,5,3,0,8,0,0,236,0,236,0,5,239,0,244,582,0,582,826
10/24/2002,MDH,IL,AGL,CE,Federal Contract Tower,0,0,4,0,4,0,0,155,0,155,0,0,159,0,159,28,0,28,187
10/25/2002,MDH,IL,AGL,CE,Federal Contract Tower,0,5,10,0,15,0,0,1,0,1,0,5,11,0,16,8,0,8,24
10/26/2002,MDH,IL,AGL,CE,Federal Contract Tower,0,0,6,0,6,0,0,5,0,5,0,0,11,0,11,2,0,2,13
10/27/2002,MDH,IL,AGL,CE,Federal Contract Tower,0,2,11,0,13,0,0,41,0,41,0,2,52,0,54,158,0,158,212
10/28/2002,MDH,IL,AGL,CE,Federal Contract Tower,0,10,8,0,18,0,0,14,0,14,0,10,22,0,32,18,0,18,50
10/29/2002,MDH,IL,AGL,CE,Federal Contract Tower,0,6,8,0,14,0,0,1,0,1,0,6,9,0,15,0,0,0,15
10/30/2002,MDH,IL,AGL,CE,Federal Contract Tower,0,9,13,0,22,0,0,72,0,72,0,9,85,0,94,310,0,310,404
10/31/2002,MDH,IL,AGL,CE,Federal Contract Tower,0,2,3,0,5,0,2,161,0,163,0,4,164,0,168,598,0,598,766
11/01/2002,MDH,IL,AGL,CE,Federal Contract Tower,0,2,6,0,8,0,0,227,0,227,0,2,233,0,235,532,0,532,767
11/02/2002,MDH,IL,AGL,CE,Federal Contract Tower,0,2,5,0,7,0,0,144,0,144,0,2,149,0,151,212,0,212,363
11/03/2002,MDH,IL,AGL,CE,Federal Contract Tower,0,0,3,0,3,0,0,2,0,2,0,0,5,0,5,0,0,0,5
11/04/2002,MDH,IL,AGL,CE,Federal Contract Tower,0,5,11,0,16,0,0,95,0,95,0,5,106,0,111,544,0,544,655
11/05/2002,MDH,IL,AGL,CE,Federal Contract Tower,0,0,6,0,6,0,2,7,0,9,0,2,13,0,15,20,0,20,35
11/06/2002,MDH,IL,AGL,CE,Federal Contract Tower,0,3,9,0,12,0,4,65,0,69,0,7,74,0,81,246,0,246,327
11/07/2002,MDH,IL,AGL,CE,Federal Contract Tower,0,10,15,0,25,0,0,186,0,186,0,10,201,0,211,496,0,496,707
11/08/2002,MDH,IL,AGL,CE,Federal Contract Tower,0,4,6,0,10,0,0,104,2,106,0,4,110,2,116,188,0,188,304
11/09/2002,MDH,IL,AGL,CE,Federal Contract Tower,0,2,7,0,9,0,0,11,0,11,0,2,18,0,20,14,0,14,34
11/10/2002,MDH,IL,AGL,CE,Federal Contract Tower,0,1,7,0,8,0,2,29,0,31,0,3,36,0,39,20,0,20,59
11/11/2002,MDH,IL,AGL,CE,Federal Contract Tower,0,1,3,0,4,0,0,267,0,267,0,1,270,0,271,658,0,658,929
11/12/2002,MDH,IL,AGL,CE,Federal Contract Tower,0,4,6,0,10,0,0,202,0,202,0,4,208,0,212,496,0,496,708
11/13/2002,MDH,IL,AGL,CE,Federal Contract Tower,0,4,14,0,18,0,0,104,0,104,0,4,118,0,122,726,0,726,848
11/14/2002,MDH,IL,AGL,CE,Federal Contract Tower,0,5,8,0,13,0,0,165,0,165,0,5,173,0,178,378,0,378,556
11/15/2002,MDH,IL,AGL,CE,Federal Contract Tower,0,3,7,0,10,0,0,0,0,0,0,3,7,0,10,0,0,0,10
11/16/2002,MDH,IL,AGL,CE,Federal Contract Tower,0,0,7,0,7,0,0,161,0,161,0,0,168,0,168,284,0,284,452
11/17/2002,MDH,IL,AGL,CE,Federal Contract Tower,0,0,5,0,5,0,0,152,0,152,0,0,157,0,157,358,0,358,515
11/18/2002,MDH,IL,AGL,CE,Federal Contract Tower,0,4,10,0,14,0,0,142,0,142,0,4,152,0,156,344,0,344,500
11/19/2002,MDH,IL,AGL,CE,Federal Contract Tower,0,1,8,0,9,0,0,167,0,167,0,1,175,0,176,430,0,430,606
11/20/2002,MDH,IL,AGL,CE,Federal Contract Tower,0,2,5,0,7,0,2,194,0,196,0,4,199,0,203,496,0,496,699
11/21/2002,MDH,IL,AGL,CE,Federal Contract Tower,0,6,1,0,7,0,4,103,0,107,0,10,104,0,114,310,0,310,424
11/22/2002,MDH,IL,AGL,CE,Federal Contract Tower,0,4,9,0,13,0,0,206,0,206,0,4,215,0,219,488,0,488,707
11/23/2002,MDH,IL,AGL,CE,Federal Contract Tower,0,0,5,0,5,0,0,121,0,121,0,0,126,0,126,140,0,140,266
11/24/2002,MDH,IL,AGL,CE,Federal Contract Tower,0,0,0,0,0,0,0,33,0,33,0,0,33,0,33,4,0,4,37
11/25/2002,MDH,IL,AGL,CE,Federal Contract Tower,0,1,1,0,2,0,0,91,0,91,0,1,92,0,93,242,0,242,335
11/26/2002,MDH,IL,AGL,CE,Federal Contract Tower,0,2,1,0,3,0,2,38,0,40,0,4,39,0,43,134,0,134,177
11/27/2002,MDH,IL,AGL,CE,Federal Contract Tower,0,5,1,0,6,0,0,13,0,13,0,5,14,0,19,6,0,6,25
11/28/2002,MDH,IL,AGL,CE,Federal Contract Tower,0,0,4,0,4,0,0,7,0,7,0,0,11,0,11,0,0,0,11
11/29/2002,MDH,IL,AGL,CE,Federal Contract Tower,0,4,2,0,6,0,3,23,0,26,0,7,25,0,32,0,0,0,32
11/30/2002,MDH,IL,AGL,CE,Federal Contract Tower,0,0,1,0,1,0,0,2,0,2,0,0,3,0,3,0,0,0,3
12/01/2002,MDH,IL,AGL,CE,Federal Contract Tower,0,3,1,0,4,0,3,24,0,27,0,6,25,0,31,42,0,42,73
12/02/2002,MDH,IL,AGL,CE,Federal Contract Tower,0,1,2,0,3,0,0,175,0,175,0,1,177,0,178,460,0,460,638
12/03/2002,MDH,IL,AGL,CE,Federal Contract Tower,0,0,4,0,4,0,0,139,0,139,0,0,143,0,143,434,0,434,577
12/04/2002,MDH,IL,AGL,CE,Federal Contract Tower,0,0,2,0,2,0,0,0,0,0,0,0,2,0,2,0,0,0,2
12/05/2002,MDH,IL,AGL,CE,Federal Contract Tower,0,6,2,0,8,0,7,15,0,22,0,13,17,0,30,24,0,24,54
12/06/2002,MDH,IL,AGL,CE,Federal Contract Tower,0,5,6,0,11,0,8,145,0,153,0,13,151,0,164,386,0,386,550
12/07/2002,MDH,IL,AGL,CE,Federal Contract Tower,0,0,0,0,0,0,182,0,0,182,0,182,0,0,182,536,0,536,718
12/08/2002,MDH,IL,AGL,CE,Federal Contract Tower,0,0,4,0,4,0,0,108,0,108,0,0,112,0,112,224,0,224,336
12/09/2002,MDH,IL,AGL,CE,Federal Contract Tower,0,2,0,0,2,0,4,222,0,226,0,6,222,0,228,598,0,598,826
12/10/2002,MDH,IL,AGL,CE,Federal Contract Tower,0,2,1,0,3,0,0,80,0,80,0,2,81,0,83,212,0,212,295
12/11/2002,MDH,IL,AGL,CE,Federal Contract Tower,0,7,2,0,9,0,0,160,0,160,0,7,162,0,169,512,0,512,681
12/12/2002,MDH,IL,AGL,CE,Federal Contract Tower,0,10,3,0,13,0,0,94,0,94,0,10,97,0,107,320,0,320,427
12/13/2002,MDH,IL,AGL,CE,Federal Contract Tower,0,3,0,0,3,0,0,0,0,0,0,3,0,0,3,0,0,0,3
12/14/2002,MDH,IL,AGL,CE,Federal Contract Tower,0,4,1,0,5,0,4,39,0,43,0,8,40,0,48,26,0,26,74
12/15/2002,MDH,IL,AGL,CE,Federal Contract Tower,0,0,5,0,5,0,0,68,0,68,0,0,73,0,73,80,0,80,153
12/16/2002,MDH,IL,AGL,CE,Federal Contract Tower,0,4,1,0,5,0,0,0,0,0,0,4,1,0,5,0,0,0,5
12/17/2002,MDH,IL,AGL,CE,Federal Contract Tower,0,2,4,0,6,0,0,2,0,2,0,2,6,0,8,0,0,0,8
12/18/2002,MDH,IL,AGL,CE,Federal Contract Tower,0,0,1,0,1,0,1,0,0,1,0,1,1,0,2,0,0,0,2
12/19/2002,MDH,IL,AGL,CE,Federal Contract Tower,0,2,8,0,10,0,0,1,0,1,0,2,9,0,11,2,0,2,13
12/20/2002,MDH,IL,AGL,CE,Federal Contract Tower,0,4,2,0,6,0,1,86,0,87,0,5,88,0,93,268,0,268,361
12/21/2002,MDH,IL,AGL,CE,Federal Contract Tower,0,0,3,0,3,0,0,51,0,51,0,0,54,0,54,86,0,86,140
12/22/2002,MDH,IL,AGL,CE,Federal Contract Tower,0,0,0,0,0,0,0,24,0,24,0,0,24,0,24,52,0,52,76
12/23/2002,MDH,IL,AGL,CE,Federal Contract Tower,0,0,2,0,2,0,0,22,0,22,0,0,24,0,24,12,0,12,36
12/24/2002,MDH,IL,AGL,CE,Federal Contract Tower,0,0,0,0,0,0,0,0,0,0,0,0,0,0,0,0,0,0,0
12/25/2002,MDH,IL,AGL,CE,Federal Contract Tower,0,1,3,0,4,0,0,0,0,0,0,1,3,0,4,0,0,0,4
12/26/2002,MDH,IL,AGL,CE,Federal Contract Tower,0,0,3,0,3,0,0,7,0,7,0,0,10,0,10,48,0,48,58
12/27/2002,MDH,IL,AGL,CE,Federal Contract Tower,0,0,1,0,1,0,0,16,0,16,0,0,17,0,17,68,0,68,85
12/28/2002,MDH,IL,AGL,CE,Federal Contract Tower,0,2,1,0,3,0,0,15,0,15,0,2,16,0,18,42,0,42,60
12/29/2002,MDH,IL,AGL,CE,Federal Contract Tower,0,1,0,0,1,0,0,21,0,21,0,1,21,0,22,28,0,28,50
12/30/2002,MDH,IL,AGL,CE,Federal Contract Tower,0,0,2,0,2,0,0,2,0,2,0,0,4,0,4,6,0,6,10
12/31/2002,MDH,IL,AGL,CE,Federal Contract Tower,0,1,0,0,1,0,0,2,0,2,0,1,2,0,3,0,0,0,3
01/01/2003,MDH,IL,AGL,CE,Federal Contract Tower,0,0,0,0,0,0,0,7,0,7,0,0,7,0,7,0,0,0,7
01/02/2003,MDH,IL,AGL,CE,Federal Contract Tower,0,0,0,0,0,0,0,0,0,0,0,0,0,0,0,0,0,0,0
01/03/2003,MDH,IL,AGL,CE,Federal Contract Tower,0,1,0,0,1,0,2,25,0,27,0,3,25,0,28,28,0,28,56
01/04/2003,MDH,IL,AGL,CE,Federal Contract Tower,0,0,0,0,0,0,0,26,0,26,0,0,26,0,26,58,0,58,84
01/05/2003,MDH,IL,AGL,CE,Federal Contract Tower,0,0,2,0,2,0,0,0,0,0,0,0,2,0,2,0,0,0,2
01/06/2003,MDH,IL,AGL,CE,Federal Contract Tower,0,0,3,0,3,0,2,22,0,24,0,2,25,0,27,64,0,64,91
01/07/2003,MDH,IL,AGL,CE,Federal Contract Tower,0,6,5,0,11,0,0,31,0,31,0,6,36,0,42,106,0,106,148
01/08/2003,MDH,IL,AGL,CE,Federal Contract Tower,0,7,2,0,9,0,0,58,0,58,0,7,60,0,67,134,0,134,201
01/09/2003,MDH,IL,AGL,CE,Federal Contract Tower,0,6,0,0,6,0,0,43,0,43,0,6,43,0,49,116,0,116,165
01/10/2003,MDH,IL,AGL,CE,Federal Contract Tower,0,5,4,0,9,0,4,32,0,36,0,9,36,0,45,108,0,108,153
01/11/2003,MDH,IL,AGL,CE,Federal Contract Tower,0,0,3,0,3,0,0,25,0,25,0,0,28,0,28,60,0,60,88
01/12/2003,MDH,IL,AGL,CE,Federal Contract Tower,0,2,0,0,2,0,0,36,0,36,0,2,36,0,38,90,0,90,128
01/13/2003,MDH,IL,AGL,CE,Federal Contract Tower,0,0,0,0,0,0,0,71,0,71,0,0,71,0,71,190,0,190,261
01/14/2003,MDH,IL,AGL,CE,Federal Contract Tower,0,2,3,0,5,0,0,55,0,55,0,2,58,0,60,250,0,250,310
01/15/2003,MDH,IL,AGL,CE,Federal Contract Tower,0,6,0,0,6,0,4,164,0,168,0,10,164,0,174,406,0,406,580
01/16/2003,MDH,IL,AGL,CE,Federal Contract Tower,0,0,0,0,0,0,0,0,0,0,0,0,0,0,0,0,0,0,0
01/17/2003,MDH,IL,AGL,CE,Federal Contract Tower,0,1,4,0,5,0,0,79,0,79,0,1,83,0,84,184,0,184,268
01/18/2003,MDH,IL,AGL,CE,Federal Contract Tower,0,0,0,0,0,0,0,2,0,2,0,0,2,0,2,0,0,0,2
01/19/2003,MDH,IL,AGL,CE,Federal Contract Tower,0,1,0,0,1,0,0,32,0,32,0,1,32,0,33,14,0,14,47
01/20/2003,MDH,IL,AGL,CE,Federal Contract Tower,1,0,2,0,3,0,0,63,0,63,1,0,65,0,66,238,0,238,304
01/21/2003,MDH,IL,AGL,CE,Federal Contract Tower,1,2,0,0,3,0,0,199,0,199,1,2,199,0,202,552,0,552,754
01/22/2003,MDH,IL,AGL,CE,Federal Contract Tower,0,1,2,0,3,0,1,125,0,126,0,2,127,0,129,384,0,384,513
01/23/2003,MDH,IL,AGL,CE,Federal Contract Tower,0,5,3,0,8,0,1,58,2,61,0,6,61,2,69,152,4,156,225
01/24/2003,MDH,IL,AGL,CE,Federal Contract Tower,0,2,5,0,7,0,0,136,0,136,0,2,141,0,143,450,0,450,593
01/25/2003,MDH,IL,AGL,CE,Federal Contract Tower,0,1,6,0,7,0,0,153,0,153,0,1,159,0,160,268,0,268,428
01/26/2003,MDH,IL,AGL,CE,Federal Contract Tower,0,0,1,0,1,0,0,18,0,18,0,0,19,0,19,26,0,26,45
01/27/2003,MDH,IL,AGL,CE,Federal Contract Tower,0,2,5,0,7,0,0,186,0,186,0,2,191,0,193,618,0,618,811
01/28/2003,MDH,IL,AGL,CE,Federal Contract Tower,1,2,0,0,3,0,0,207,0,207,1,2,207,0,210,568,0,568,778
01/29/2003,MDH,IL,AGL,CE,Federal Contract Tower,0,7,0,0,7,0,2,6,0,8,0,9,6,0,15,0,0,0,15
01/30/2003,MDH,IL,AGL,CE,Federal Contract Tower,0,1,3,0,4,0,1,218,0,219,0,2,221,0,223,662,0,662,885
01/31/2003,MDH,IL,AGL,CE,Federal Contract Tower,0,0,0,0,0,0,0,10,0,10,0,0,10,0,10,42,0,42,52
02/01/2003,MDH,IL,AGL,CE,Federal Contract Tower,0,0,0,0,0,0,2,141,0,143,0,2,141,0,143,330,0,330,473
02/02/2003,MDH,IL,AGL,CE,Federal Contract Tower,0,0,7,0,7,0,0,153,0,153,0,0,160,0,160,480,0,480,640
02/03/2003,MDH,IL,AGL,CE,Federal Contract Tower,0,0,9,0,9,0,0,22,0,22,0,0,31,0,31,56,0,56,87
02/04/2003,MDH,IL,AGL,CE,Federal Contract Tower,0,5,2,0,7,0,0,88,0,88,0,5,90,0,95,190,0,190,285
02/05/2003,MDH,IL,AGL,CE,Federal Contract Tower,0,5,4,0,9,0,1,153,0,154,0,6,157,0,163,202,0,202,365
02/06/2003,MDH,IL,AGL,CE,Federal Contract Tower,0,2,0,0,2,0,0,2,0,2,0,2,2,0,4,8,0,8,12
02/07/2003,MDH,IL,AGL,CE,Federal Contract Tower,0,2,3,0,5,0,0,56,2,58,0,2,59,2,63,92,0,92,155
02/08/2003,MDH,IL,AGL,CE,Federal Contract Tower,0,0,8,0,8,0,0,104,0,104,0,0,112,0,112,328,0,328,440
02/09/2003,MDH,IL,AGL,CE,Federal Contract Tower,0,1,8,0,9,0,0,58,0,58,0,1,66,0,67,148,0,148,215
02/10/2003,MDH,IL,AGL,CE,Federal Contract Tower,0,0,2,0,2,0,6,160,0,166,0,6,162,0,168,586,0,586,754
02/11/2003,MDH,IL,AGL,CE,Federal Contract Tower,0,2,3,0,5,0,0,208,0,208,0,2,211,0,213,278,0,278,491
02/12/2003,MDH,IL,AGL,CE,Federal Contract Tower,0,5,0,0,5,0,0,207,0,207,0,5,207,0,212,490,0,490,702
02/13/2003,MDH,IL,AGL,CE,Federal Contract Tower,2,2,0,0,4,0,0,271,0,271,2,2,271,0,275,742,0,742,1017
02/14/2003,MDH,IL,AGL,CE,Federal Contract Tower,2,2,2,0,6,0,2,0,0,2,2,4,2,0,8,2,0,2,10
02/15/2003,MDH,IL,AGL,CE,Federal Contract Tower,0,0,0,0,0,0,0,0,0,0,0,0,0,0,0,0,0,0,0
02/16/2003,MDH,IL,AGL,CE,Federal Contract Tower,0,0,0,0,0,0,0,0,0,0,0,0,0,0,0,0,0,0,0
02/17/2003,MDH,IL,AGL,CE,Federal Contract Tower,0,0,4,0,4,0,2,10,0,12,0,2,14,0,16,46,0,46,62
02/18/2003,MDH,IL,AGL,CE,Federal Contract Tower,0,5,2,0,7,0,0,115,0,115,0,5,117,0,122,178,0,178,300
02/19/2003,MDH,IL,AGL,CE,Federal Contract Tower,0,6,0,0,6,0,0,7,0,7,0,6,7,0,13,22,0,22,35
02/20/2003,MDH,IL,AGL,CE,Federal Contract Tower,0,2,10,0,12,0,0,181,0,181,0,2,191,0,193,544,0,544,737
02/21/2003,MDH,IL,AGL,CE,Federal Contract Tower,0,4,2,0,6,0,0,8,0,8,0,4,10,0,14,12,0,12,26
02/22/2003,MDH,IL,AGL,CE,Federal Contract Tower,0,0,1,0,1,0,0,0,0,0,0,0,1,0,1,0,0,0,1
02/23/2003,MDH,IL,AGL,CE,Federal Contract Tower,0,0,3,0,3,0,0,28,0,28,0,0,31,0,31,148,0,148,179
02/24/2003,MDH,IL,AGL,CE,Federal Contract Tower,0,2,0,1,3,0,0,66,1,67,0,2,66,2,70,402,0,402,472
02/25/2003,MDH,IL,AGL,CE,Federal Contract Tower,0,0,0,0,0,0,0,61,0,61,0,0,61,0,61,244,0,244,305
02/26/2003,MDH,IL,AGL,CE,Federal Contract Tower,0,3,0,0,3,0,0,88,0,88,0,3,88,0,91,176,0,176,267
02/27/2003,MDH,IL,AGL,CE,Federal Contract Tower,0,9,0,0,9,0,0,5,0,5,0,9,5,0,14,20,0,20,34
02/28/2003,MDH,IL,AGL,CE,Federal Contract Tower,0,6,5,0,11,0,0,38,8,46,0,6,43,8,57,182,0,182,239
03/01/2003,MDH,IL,AGL,CE,Federal Contract Tower,0,3,2,0,5,0,1,25,0,26,0,4,27,0,31,116,0,116,147
03/02/2003,MDH,IL,AGL,CE,Federal Contract Tower,0,0,2,0,2,0,0,32,5,37,0,0,34,5,39,88,0,88,127
03/03/2003,MDH,IL,AGL,CE,Federal Contract Tower,0,5,7,0,12,0,0,237,0,237,0,5,244,0,249,800,0,800,1049
03/04/2003,MDH,IL,AGL,CE,Federal Contract Tower,0,2,2,0,4,0,5,203,0,208,0,7,205,0,212,424,0,424,636
03/05/2003,MDH,IL,AGL,CE,Federal Contract Tower,0,1,0,0,1,0,0,9,0,9,0,1,9,0,10,54,0,54,64
03/06/2003,MDH,IL,AGL,CE,Federal Contract Tower,0,0,9,0,9,0,0,170,0,170,0,0,179,0,179,602,0,602,781
03/07/2003,MDH,IL,AGL,CE,Federal Contract Tower,0,0,7,0,7,0,0,184,0,184,0,0,191,0,191,542,0,542,733
03/08/2003,MDH,IL,AGL,CE,Federal Contract Tower,0,2,5,0,7,0,0,37,0,37,0,2,42,0,44,40,0,40,84
03/09/2003,MDH,IL,AGL,CE,Federal Contract Tower,0,0,6,0,6,0,2,35,0,37,0,2,41,0,43,30,0,30,73
03/10/2003,MDH,IL,AGL,CE,Federal Contract Tower,0,4,2,0,6,0,0,83,0,83,0,4,85,0,89,290,0,290,379
03/11/2003,MDH,IL,AGL,CE,Federal Contract Tower,0,3,7,0,10,0,1,108,0,109,0,4,115,0,119,240,0,240,359
03/12/2003,MDH,IL,AGL,CE,Federal Contract Tower,0,5,1,0,6,0,0,66,0,66,0,5,67,0,72,168,0,168,240
03/13/2003,MDH,IL,AGL,CE,Federal Contract Tower,0,3,12,0,15,0,2,6,0,8,0,5,18,0,23,28,0,28,51
03/14/2003,MDH,IL,AGL,CE,Federal Contract Tower,0,1,12,0,13,0,1,0,0,1,0,2,12,0,14,0,0,0,14
03/15/2003,MDH,IL,AGL,CE,Federal Contract Tower,0,3,4,0,7,0,0,37,0,37,0,3,41,0,44,82,0,82,126
03/16/2003,MDH,IL,AGL,CE,Federal Contract Tower,0,1,1,0,2,0,0,30,0,30,0,1,31,0,32,72,0,72,104
03/17/2003,MDH,IL,AGL,CE,Federal Contract Tower,0,9,8,0,17,0,0,194,0,194,0,9,202,0,211,848,0,848,1059
03/18/2003,MDH,IL,AGL,CE,Federal Contract Tower,0,3,4,0,7,0,0,17,0,17,0,3,21,0,24,44,0,44,68
03/19/2003,MDH,IL,AGL,CE,Federal Contract Tower,0,4,1,0,5,0,0,53,0,53,0,4,54,0,58,248,0,248,306
03/20/2003,MDH,IL,AGL,CE,Federal Contract Tower,0,2,3,0,5,0,2,227,0,229,0,4,230,0,234,480,0,480,714
03/21/2003,MDH,IL,AGL,CE,Federal Contract Tower,0,2,4,0,6,0,0,191,0,191,0,2,195,0,197,410,0,410,607
03/22/2003,MDH,IL,AGL,CE,Federal Contract Tower,0,0,4,0,4,0,0,147,0,147,0,0,151,0,151,392,0,392,543
03/23/2003,MDH,IL,AGL,CE,Federal Contract Tower,0,0,4,0,4,0,0,127,4,131,0,0,131,4,135,308,0,308,443
03/24/2003,MDH,IL,AGL,CE,Federal Contract Tower,0,2,1,0,3,0,1,269,0,270,0,3,270,0,273,698,0,698,971
03/25/2003,MDH,IL,AGL,CE,Federal Contract Tower,0,7,2,0,9,0,0,93,0,93,0,7,95,0,102,346,0,346,448
03/26/2003,MDH,IL,AGL,CE,Federal Contract Tower,0,0,12,0,12,0,2,142,0,144,0,2,154,0,156,308,0,308,464
03/27/2003,MDH,IL,AGL,CE,Federal Contract Tower,0,3,1,0,4,0,0,215,0,215,0,3,216,0,219,466,0,466,685
03/28/2003,MDH,IL,AGL,CE,Federal Contract Tower,0,2,1,0,3,0,0,30,0,30,0,2,31,0,33,108,0,108,141
03/29/2003,MDH,IL,AGL,CE,Federal Contract Tower,0,0,1,0,1,0,6,83,0,89,0,6,84,0,90,122,0,122,212
03/30/2003,MDH,IL,AGL,CE,Federal Contract Tower,0,0,1,0,1,0,0,70,0,70,0,0,71,0,71,210,0,210,281
03/31/2003,MDH,IL,AGL,CE,Federal Contract Tower,0,1,4,0,5,0,1,209,0,210,0,2,213,0,215,726,0,726,941
04/01/2003,MDH,IL,AGL,CE,Federal Contract Tower,0,3,3,0,6,0,8,83,0,91,0,11,86,0,97,156,0,156,253
04/02/2003,MDH,IL,AGL,CE,Federal Contract Tower,0,5,4,0,9,0,0,60,0,60,0,5,64,0,69,48,0,48,117
04/03/2003,MDH,IL,AGL,CE,Federal Contract Tower,0,0,9,0,9,0,0,100,1,101,0,0,109,1,110,192,0,192,302
04/04/2003,MDH,IL,AGL,CE,Federal Contract Tower,0,3,1,0,4,0,3,26,0,29,0,6,27,0,33,96,0,96,129
04/05/2003,MDH,IL,AGL,CE,Federal Contract Tower,0,2,5,0,7,0,2,116,0,118,0,4,121,0,125,348,0,348,473
04/06/2003,MDH,IL,AGL,CE,Federal Contract Tower,0,0,0,0,0,0,0,5,0,5,0,0,5,0,5,2,0,2,7
04/07/2003,MDH,IL,AGL,CE,Federal Contract Tower,0,0,6,0,6,0,0,140,0,140,0,0,146,0,146,560,0,560,706
04/08/2003,MDH,IL,AGL,CE,Federal Contract Tower,0,2,11,0,13,0,0,88,0,88,0,2,99,0,101,274,0,274,375
04/09/2003,MDH,IL,AGL,CE,Federal Contract Tower,0,6,5,0,11,0,0,45,0,45,0,6,50,0,56,274,0,274,330
04/10/2003,MDH,IL,AGL,CE,Federal Contract Tower,0,6,7,0,13,0,2,267,0,269,0,8,274,0,282,992,0,992,1274
04/11/2003,MDH,IL,AGL,CE,Federal Contract Tower,0,5,2,0,7,0,1,190,0,191,0,6,192,0,198,496,0,496,694
04/12/2003,MDH,IL,AGL,CE,Federal Contract Tower,0,0,3,0,3,0,0,149,0,149,0,0,152,0,152,334,0,334,486
04/13/2003,MDH,IL,AGL,CE,Federal Contract Tower,0,1,2,0,3,0,2,118,0,120,0,3,120,0,123,186,0,186,309
04/14/2003,MDH,IL,AGL,CE,Federal Contract Tower,0,4,1,0,5,0,4,184,0,188,0,8,185,0,193,518,0,518,711
04/15/2003,MDH,IL,AGL,CE,Federal Contract Tower,0,1,7,0,8,0,0,147,0,147,0,1,154,0,155,304,0,304,459
04/16/2003,MDH,IL,AGL,CE,Federal Contract Tower,0,8,3,0,11,0,4,32,0,36,0,12,35,0,47,80,0,80,127
04/17/2003,MDH,IL,AGL,CE,Federal Contract Tower,0,2,7,0,9,0,2,101,0,103,0,4,108,0,112,610,0,610,722
04/18/2003,MDH,IL,AGL,CE,Federal Contract Tower,0,6,10,0,16,0,0,54,0,54,0,6,64,0,70,130,0,130,200
04/19/2003,MDH,IL,AGL,CE,Federal Contract Tower,0,4,4,0,8,0,0,54,0,54,0,4,58,0,62,190,0,190,252
04/20/2003,MDH,IL,AGL,CE,Federal Contract Tower,0,3,3,0,6,0,2,18,0,20,0,5,21,0,26,18,0,18,44
04/21/2003,MDH,IL,AGL,CE,Federal Contract Tower,0,0,8,0,8,0,0,130,0,130,0,0,138,0,138,412,0,412,550
04/22/2003,MDH,IL,AGL,CE,Federal Contract Tower,0,0,17,0,17,0,0,155,0,155,0,0,172,0,172,464,0,464,636
04/23/2003,MDH,IL,AGL,CE,Federal Contract Tower,0,3,7,0,10,0,0,205,0,205,0,3,212,0,215,622,0,622,837
04/24/2003,MDH,IL,AGL,CE,Federal Contract Tower,0,3,5,0,8,0,0,43,0,43,0,3,48,0,51,230,0,230,281
04/25/2003,MDH,IL,AGL,CE,Federal Contract Tower,0,5,7,0,12,0,0,5,0,5,0,5,12,0,17,0,0,0,17
04/26/2003,MDH,IL,AGL,CE,Federal Contract Tower,0,2,4,0,6,0,8,206,0,214,0,10,210,0,220,214,0,214,434
04/27/2003,MDH,IL,AGL,CE,Federal Contract Tower,0,0,2,2,4,0,6,116,3,125,0,6,118,5,129,156,4,160,289
04/28/2003,MDH,IL,AGL,CE,Federal Contract Tower,0,0,1,0,1,0,0,86,0,86,0,0,87,0,87,320,0,320,407
04/29/2003,MDH,IL,AGL,CE,Federal Contract Tower,0,1,3,0,4,0,0,149,0,149,0,1,152,0,153,416,0,416,569
04/30/2003,MDH,IL,AGL,CE,Federal Contract Tower,0,13,4,0,17,0,2,119,0,121,0,15,123,0,138,386,0,386,524
05/01/2003,MDH,IL,AGL,CE,Federal Contract Tower,0,5,0,0,5,0,3,131,0,134,0,8,131,0,139,540,0,540,679
05/02/2003,MDH,IL,AGL,CE,Federal Contract Tower,0,5,14,0,19,0,0,17,0,17,0,5,31,0,36,144,0,144,180
05/03/2003,MDH,IL,AGL,CE,Federal Contract Tower,0,5,4,0,9,0,0,190,0,190,0,5,194,0,199,386,0,386,585
05/04/2003,MDH,IL,AGL,CE,Federal Contract Tower,0,0,2,0,2,0,0,0,0,0,0,0,2,0,2,0,0,0,2
05/05/2003,MDH,IL,AGL,CE,Federal Contract Tower,0,2,2,0,4,0,0,199,0,199,0,2,201,0,203,516,0,516,719
05/06/2003,MDH,IL,AGL,CE,Federal Contract Tower,0,0,1,0,1,0,4,180,0,184,0,4,181,0,185,580,0,580,765
05/07/2003,MDH,IL,AGL,CE,Federal Contract Tower,0,7,12,0,19,0,1,136,0,137,0,8,148,0,156,598,0,598,754
05/08/2003,MDH,IL,AGL,CE,Federal Contract Tower,0,4,8,0,12,0,2,114,0,116,0,6,122,0,128,356,0,356,484
05/09/2003,MDH,IL,AGL,CE,Federal Contract Tower,0,5,8,0,13,0,1,54,0,55,0,6,62,0,68,210,0,210,278
05/10/2003,MDH,IL,AGL,CE,Federal Contract Tower,0,1,4,0,5,0,2,21,0,23,0,3,25,0,28,72,0,72,100
05/11/2003,MDH,IL,AGL,CE,Federal Contract Tower,0,0,4,0,4,0,0,53,0,53,0,0,57,0,57,90,0,90,147
05/12/2003,MDH,IL,AGL,CE,Federal Contract Tower,0,4,0,3,7,0,3,138,1,142,0,7,138,4,149,220,4,224,373
05/13/2003,MDH,IL,AGL,CE,Federal Contract Tower,0,4,1,0,5,0,0,130,0,130,0,4,131,0,135,240,0,240,375
05/14/2003,MDH,IL,AGL,CE,Federal Contract Tower,0,4,3,0,7,0,0,110,0,110,0,4,113,0,117,266,0,266,383
05/15/2003,MDH,IL,AGL,CE,Federal Contract Tower,0,3,9,0,12,0,0,62,0,62,0,3,71,0,74,176,0,176,250
05/16/2003,MDH,IL,AGL,CE,Federal Contract Tower,0,3,6,0,9,0,0,40,0,40,0,3,46,0,49,76,0,76,125
05/17/2003,MDH,IL,AGL,CE,Federal Contract Tower,0,4,3,0,7,0,0,1,0,1,0,4,4,0,8,0,0,0,8
05/18/2003,MDH,IL,AGL,CE,Federal Contract Tower,0,0,6,0,6,0,2,17,0,19,0,2,23,0,25,16,0,16,41
05/19/2003,MDH,IL,AGL,CE,Federal Contract Tower,0,0,3,0,3,0,0,38,0,38,0,0,41,0,41,112,0,112,153
05/20/2003,MDH,IL,AGL,CE,Federal Contract Tower,0,4,4,0,8,0,0,53,0,53,0,4,57,0,61,152,0,152,213
05/21/2003,MDH,IL,AGL,CE,Federal Contract Tower,0,2,9,0,11,0,2,140,0,142,0,4,149,0,153,252,0,252,405
05/22/2003,MDH,IL,AGL,CE,Federal Contract Tower,0,0,4,0,4,0,0,130,0,130,0,0,134,0,134,236,0,236,370
05/23/2003,MDH,IL,AGL,CE,Federal Contract Tower,0,0,5,0,5,0,0,111,11,122,0,0,116,11,127,330,10,340,467
05/24/2003,MDH,IL,AGL,CE,Federal Contract Tower,0,0,5,0,5,0,0,38,0,38,0,0,43,0,43,52,0,52,95
05/25/2003,MDH,IL,AGL,CE,Federal Contract Tower,0,0,5,0,5,0,0,1,0,1,0,0,6,0,6,0,0,0,6
05/26/2003,MDH,IL,AGL,CE,Federal Contract Tower,0,0,1,0,1,0,0,50,2,52,0,0,51,2,53,78,0,78,131
05/27/2003,MDH,IL,AGL,CE,Federal Contract Tower,0,0,2,0,2,0,0,119,0,119,0,0,121,0,121,204,0,204,325
05/28/2003,MDH,IL,AGL,CE,Federal Contract Tower,0,5,4,0,9,0,0,106,0,106,0,5,110,0,115,156,0,156,271
05/29/2003,MDH,IL,AGL,CE,Federal Contract Tower,0,3,5,0,8,0,1,64,0,65,0,4,69,0,73,96,0,96,169
05/30/2003,MDH,IL,AGL,CE,Federal Contract Tower,0,5,4,0,9,0,5,98,0,103,0,10,102,0,112,96,0,96,208
05/31/2003,MDH,IL,AGL,CE,Federal Contract Tower,0,2,2,0,4,0,0,8,0,8,0,2,10,0,12,0,0,0,12
06/01/2003,MDH,IL,AGL,CE,Federal Contract Tower,0,0,0,0,0,0,0,35,0,35,0,0,35,0,35,30,0,30,65
06/02/2003,MDH,IL,AGL,CE,Federal Contract Tower,0,3,2,0,5,0,0,76,0,76,0,3,78,0,81,148,0,148,229
06/03/2003,MDH,IL,AGL,CE,Federal Contract Tower,0,5,9,0,14,0,0,10,0,10,0,5,19,0,24,0,0,0,24
06/04/2003,MDH,IL,AGL,CE,Federal Contract Tower,0,6,18,0,24,0,3,47,0,50,0,9,65,0,74,174,0,174,248
06/05/2003,MDH,IL,AGL,CE,Federal Contract Tower,0,1,13,0,14,0,4,143,0,147,0,5,156,0,161,370,0,370,531
06/06/2003,MDH,IL,AGL,CE,Federal Contract Tower,0,4,1,0,5,0,0,43,0,43,0,4,44,0,48,124,0,124,172
06/07/2003,MDH,IL,AGL,CE,Federal Contract Tower,0,0,2,0,2,0,0,23,0,23,0,0,25,0,25,26,0,26,51
06/08/2003,MDH,IL,AGL,CE,Federal Contract Tower,0,0,1,0,1,0,0,15,0,15,0,0,16,0,16,8,0,8,24
06/09/2003,MDH,IL,AGL,CE,Federal Contract Tower,0,2,1,0,3,0,0,83,0,83,0,2,84,0,86,138,0,138,224
06/10/2003,MDH,IL,AGL,CE,Federal Contract Tower,0,0,1,0,1,0,0,11,0,11,0,0,12,0,12,22,0,22,34
06/11/2003,MDH,IL,AGL,CE,Federal Contract Tower,0,3,1,0,4,0,1,4,0,5,0,4,5,0,9,18,0,18,27
06/12/2003,MDH,IL,AGL,CE,Federal Contract Tower,0,4,4,0,8,0,4,60,0,64,0,8,64,0,72,180,0,180,252
06/13/2003,MDH,IL,AGL,CE,Federal Contract Tower,0,2,4,0,6,0,0,8,0,8,0,2,12,0,14,34,0,34,48
06/14/2003,MDH,IL,AGL,CE,Federal Contract Tower,0,0,7,0,7,0,0,5,0,5,0,0,12,0,12,12,0,12,24
06/15/2003,MDH,IL,AGL,CE,Federal Contract Tower,0,0,7,0,7,0,0,15,0,15,0,0,22,0,22,20,0,20,42
06/16/2003,MDH,IL,AGL,CE,Federal Contract Tower,0,2,5,0,7,0,0,167,0,167,0,2,172,0,174,232,0,232,406
06/17/2003,MDH,IL,AGL,CE,Federal Contract Tower,0,0,3,0,3,0,0,165,0,165,0,0,168,0,168,238,0,238,406
06/18/2003,MDH,IL,AGL,CE,Federal Contract Tower,0,11,4,0,15,0,2,104,0,106,0,13,108,0,121,188,0,188,309
06/19/2003,MDH,IL,AGL,CE,Federal Contract Tower,0,1,3,0,4,0,1,139,0,140,0,2,142,0,144,296,0,296,440
06/20/2003,MDH,IL,AGL,CE,Federal Contract Tower,0,6,3,0,9,0,0,162,0,162,0,6,165,0,171,206,0,206,377
06/21/2003,MDH,IL,AGL,CE,Federal Contract Tower,0,0,6,0,6,0,0,63,0,63,0,0,69,0,69,174,0,174,243
06/22/2003,MDH,IL,AGL,CE,Federal Contract Tower,0,0,1,0,1,0,0,26,0,26,0,0,27,0,27,16,0,16,43
06/23/2003,MDH,IL,AGL,CE,Federal Contract Tower,0,2,3,0,5,0,0,117,0,117,0,2,120,0,122,170,0,170,292
06/24/2003,MDH,IL,AGL,CE,Federal Contract Tower,0,5,0,0,5,0,0,124,0,124,0,5,124,0,129,232,0,232,361
06/25/2003,MDH,IL,AGL,CE,Federal Contract Tower,0,7,1,0,8,0,2,154,0,156,0,9,155,0,164,292,0,292,456
06/26/2003,MDH,IL,AGL,CE,Federal Contract Tower,0,0,3,0,3,0,0,90,0,90,0,0,93,0,93,332,0,332,425
06/27/2003,MDH,IL,AGL,CE,Federal Contract Tower,0,0,2,0,2,0,0,172,8,180,0,0,174,8,182,448,16,464,646
06/28/2003,MDH,IL,AGL,CE,Federal Contract Tower,0,0,2,0,2,0,0,27,0,27,0,0,29,0,29,42,0,42,71
06/29/2003,MDH,IL,AGL,CE,Federal Contract Tower,0,0,4,0,4,0,0,30,0,30,0,0,34,0,34,28,0,28,62
06/30/2003,MDH,IL,AGL,CE,Federal Contract Tower,0,0,2,0,2,0,2,40,0,42,0,2,42,0,44,126,0,126,170
07/01/2003,MDH,IL,AGL,CE,Federal Contract Tower,0,9,5,0,14,0,0,157,0,157,0,9,162,0,171,436,0,436,607
07/02/2003,MDH,IL,AGL,CE,Federal Contract Tower,0,3,6,0,9,0,4,156,0,160,0,7,162,0,169,414,0,414,583
07/03/2003,MDH,IL,AGL,CE,Federal Contract Tower,0,0,2,0,2,0,2,136,0,138,0,2,138,0,140,368,0,368,508
07/04/2003,MDH,IL,AGL,CE,Federal Contract Tower,0,0,0,0,0,0,0,51,0,51,0,0,51,0,51,88,0,88,139
07/05/2003,MDH,IL,AGL,CE,Federal Contract Tower,0,0,3,0,3,0,0,19,0,19,0,0,22,0,22,10,0,10,32
07/06/2003,MDH,IL,AGL,CE,Federal Contract Tower,0,0,3,0,3,0,0,17,0,17,0,0,20,0,20,12,0,12,32
07/07/2003,MDH,IL,AGL,CE,Federal Contract Tower,0,6,5,0,11,0,0,87,0,87,0,6,92,0,98,178,0,178,276
07/08/2003,MDH,IL,AGL,CE,Federal Contract Tower,0,2,0,0,2,0,0,78,0,78,0,2,78,0,80,144,0,144,224
07/09/2003,MDH,IL,AGL,CE,Federal Contract Tower,0,8,0,0,8,0,0,114,0,114,0,8,114,0,122,196,0,196,318
07/10/2003,MDH,IL,AGL,CE,Federal Contract Tower,0,6,2,0,8,0,0,140,0,140,0,6,142,0,148,224,0,224,372
07/11/2003,MDH,IL,AGL,CE,Federal Contract Tower,0,1,8,0,9,0,0,234,0,234,0,1,242,0,243,574,0,574,817
07/12/2003,MDH,IL,AGL,CE,Federal Contract Tower,0,1,3,0,4,0,0,68,0,68,0,1,71,0,72,62,0,62,134
07/13/2003,MDH,IL,AGL,CE,Federal Contract Tower,0,1,1,0,2,0,0,30,0,30,0,1,31,0,32,74,0,74,106
07/14/2003,MDH,IL,AGL,CE,Federal Contract Tower,0,3,8,0,11,0,4,154,0,158,0,7,162,0,169,358,0,358,527
07/15/2003,MDH,IL,AGL,CE,Federal Contract Tower,0,5,5,2,12,0,0,76,0,76,0,5,81,2,88,158,0,158,246
07/16/2003,MDH,IL,AGL,CE,Federal Contract Tower,0,7,6,0,13,0,0,194,0,194,0,7,200,0,207,314,0,314,521
07/17/2003,MDH,IL,AGL,CE,Federal Contract Tower,0,0,2,0,2,0,0,196,0,196,0,0,198,0,198,294,0,294,492
07/18/2003,MDH,IL,AGL,CE,Federal Contract Tower,0,1,2,0,3,0,0,6,0,6,0,1,8,0,9,0,0,0,9
07/19/2003,MDH,IL,AGL,CE,Federal Contract Tower,0,1,16,0,17,0,2,14,0,16,0,3,30,0,33,64,0,64,97
07/20/2003,MDH,IL,AGL,CE,Federal Contract Tower,0,0,1,0,1,0,2,31,0,33,0,2,32,0,34,88,0,88,122
07/21/2003,MDH,IL,AGL,CE,Federal Contract Tower,0,2,1,0,3,0,0,85,0,85,0,2,86,0,88,148,0,148,236
07/22/2003,MDH,IL,AGL,CE,Federal Contract Tower,0,3,5,0,8,0,4,142,0,146,0,7,147,0,154,224,0,224,378
07/23/2003,MDH,IL,AGL,CE,Federal Contract Tower,0,1,3,1,5,0,2,143,0,145,0,3,146,1,150,170,0,170,320
07/24/2003,MDH,IL,AGL,CE,Federal Contract Tower,0,2,9,1,12,0,0,142,0,142,0,2,151,1,154,286,0,286,440
07/25/2003,MDH,IL,AGL,CE,Federal Contract Tower,0,0,5,0,5,0,4,126,0,130,0,4,131,0,135,172,0,172,307
07/26/2003,MDH,IL,AGL,CE,Federal Contract Tower,0,0,3,0,3,0,8,88,0,96,0,8,91,0,99,82,0,82,181
07/27/2003,MDH,IL,AGL,CE,Federal Contract Tower,0,2,1,0,3,0,0,22,0,22,0,2,23,0,25,40,0,40,65
07/28/2003,MDH,IL,AGL,CE,Federal Contract Tower,0,0,0,0,0,0,2,71,2,75,0,2,71,2,75,138,0,138,213
07/29/2003,MDH,IL,AGL,CE,Federal Contract Tower,0,0,4,0,4,0,0,62,4,66,0,0,66,4,70,150,0,150,220
07/30/2003,MDH,IL,AGL,CE,Federal Contract Tower,0,1,5,0,6,0,1,74,0,75,0,2,79,0,81,84,0,84,165
07/31/2003,MDH,IL,AGL,CE,Federal Contract Tower,0,4,4,0,8,0,0,99,6,105,0,4,103,6,113,218,0,218,331
08/01/2003,MDH,IL,AGL,CE,Federal Contract Tower,0,0,3,0,3,0,6,48,0,54,0,6,51,0,57,162,0,162,219
08/02/2003,MDH,IL,AGL,CE,Federal Contract Tower,0,0,2,0,2,0,0,18,0,18,0,0,20,0,20,0,0,0,20
08/03/2003,MDH,IL,AGL,CE,Federal Contract Tower,0,0,1,0,1,0,3,21,0,24,0,3,22,0,25,12,0,12,37
08/04/2003,MDH,IL,AGL,CE,Federal Contract Tower,0,3,6,0,9,0,4,70,0,74,0,7,76,0,83,116,0,116,199
08/05/2003,MDH,IL,AGL,CE,Federal Contract Tower,0,0,4,0,4,0,0,79,0,79,0,0,83,0,83,198,0,198,281
08/06/2003,MDH,IL,AGL,CE,Federal Contract Tower,0,5,7,0,12,0,0,73,0,73,0,5,80,0,85,82,0,82,167
08/07/2003,MDH,IL,AGL,CE,Federal Contract Tower,0,0,1,0,1,0,0,44,0,44,0,0,45,0,45,76,0,76,121
08/08/2003,MDH,IL,AGL,CE,Federal Contract Tower,0,3,6,0,9,0,0,35,0,35,0,3,41,0,44,82,0,82,126
08/09/2003,MDH,IL,AGL,CE,Federal Contract Tower,0,1,2,0,3,0,0,9,2,11,0,1,11,2,14,0,0,0,14
08/10/2003,MDH,IL,AGL,CE,Federal Contract Tower,0,1,3,0,4,0,1,36,0,37,0,2,39,0,41,4,0,4,45
08/11/2003,MDH,IL,AGL,CE,Federal Contract Tower,0,1,0,0,1,0,2,49,0,51,0,3,49,0,52,62,0,62,114
08/12/2003,MDH,IL,AGL,CE,Federal Contract Tower,0,4,3,0,7,0,0,52,0,52,0,4,55,0,59,122,0,122,181
08/13/2003,MDH,IL,AGL,CE,Federal Contract Tower,0,9,3,0,12,0,1,50,0,51,0,10,53,0,63,100,0,100,163
08/14/2003,MDH,IL,AGL,CE,Federal Contract Tower,0,4,8,0,12,0,2,52,4,58,0,6,60,4,70,116,0,116,186
08/15/2003,MDH,IL,AGL,CE,Federal Contract Tower,0,4,2,0,6,0,6,50,0,56,0,10,52,0,62,80,0,80,142
08/16/2003,MDH,IL,AGL,CE,Federal Contract Tower,0,0,1,0,1,0,4,40,0,44,0,4,41,0,45,38,0,38,83
08/17/2003,MDH,IL,AGL,CE,Federal Contract Tower,0,0,5,0,5,0,0,21,0,21,0,0,26,0,26,24,0,24,50
08/18/2003,MDH,IL,AGL,CE,Federal Contract Tower,0,0,2,0,2,0,0,52,0,52,0,0,54,0,54,94,0,94,148
08/19/2003,MDH,IL,AGL,CE,Federal Contract Tower,0,0,1,0,1,0,0,55,0,55,0,0,56,0,56,94,0,94,150
08/20/2003,MDH,IL,AGL,CE,Federal Contract Tower,0,6,5,0,11,0,0,134,0,134,0,6,139,0,145,310,0,310,455
08/21/2003,MDH,IL,AGL,CE,Federal Contract Tower,0,4,5,0,9,0,0,129,0,129,0,4,134,0,138,362,0,362,500
08/22/2003,MDH,IL,AGL,CE,Federal Contract Tower,0,3,5,2,10,0,0,147,0,147,0,3,152,2,157,418,12,430,587
08/23/2003,MDH,IL,AGL,CE,Federal Contract Tower,0,3,6,0,9,0,0,140,0,140,0,3,146,0,149,292,0,292,441
08/24/2003,MDH,IL,AGL,CE,Federal Contract Tower,0,2,4,0,6,0,2,75,0,77,0,4,79,0,83,186,0,186,269
08/25/2003,MDH,IL,AGL,CE,Federal Contract Tower,0,2,1,0,3,0,0,189,0,189,0,2,190,0,192,330,0,330,522
08/26/2003,MDH,IL,AGL,CE,Federal Contract Tower,0,4,5,0,9,0,1,125,0,126,0,5,130,0,135,220,0,220,355
08/27/2003,MDH,IL,AGL,CE,Federal Contract Tower,0,6,6,0,12,0,4,249,0,253,0,10,255,0,265,518,0,518,783
08/28/2003,MDH,IL,AGL,CE,Federal Contract Tower,0,4,8,0,12,0,0,135,0,135,0,4,143,0,147,214,0,214,361
08/29/2003,MDH,IL,AGL,CE,Federal Contract Tower,0,1,5,0,6,0,0,149,0,149,0,1,154,0,155,240,0,240,395
08/30/2003,MDH,IL,AGL,CE,Federal Contract Tower,0,4,7,0,11,0,0,8,0,8,0,4,15,0,19,8,0,8,27
08/31/2003,MDH,IL,AGL,CE,Federal Contract Tower,0,10,3,0,13,0,0,7,0,7,0,10,10,0,20,10,0,10,30
09/01/2003,MDH,IL,AGL,CE,Federal Contract Tower,0,2,5,0,7,0,3,11,0,14,0,5,16,0,21,26,0,26,47
09/02/2003,MDH,IL,AGL,CE,Federal Contract Tower,0,0,2,0,2,0,0,0,0,0,0,0,2,0,2,0,0,0,2
09/03/2003,MDH,IL,AGL,CE,Federal Contract Tower,0,8,10,0,18,0,0,1,0,1,0,8,11,0,19,0,0,0,19
09/04/2003,MDH,IL,AGL,CE,Federal Contract Tower,0,1,6,0,7,0,6,171,0,177,0,7,177,0,184,286,0,286,470
09/05/2003,MDH,IL,AGL,CE,Federal Contract Tower,0,3,2,0,5,0,0,221,0,221,0,3,223,0,226,492,0,492,718
09/06/2003,MDH,IL,AGL,CE,Federal Contract Tower,0,5,5,0,10,0,4,119,0,123,0,9,124,0,133,286,0,286,419
09/07/2003,MDH,IL,AGL,CE,Federal Contract Tower,0,1,4,0,5,0,0,99,2,101,0,1,103,2,106,202,0,202,308
09/08/2003,MDH,IL,AGL,CE,Federal Contract Tower,0,2,2,0,4,0,4,112,2,118,0,6,114,2,122,360,0,360,482
09/09/2003,MDH,IL,AGL,CE,Federal Contract Tower,0,0,3,0,3,0,0,97,0,97,0,0,100,0,100,342,0,342,442
09/10/2003,MDH,IL,AGL,CE,Federal Contract Tower,0,2,15,0,17,0,4,109,0,113,0,6,124,0,130,274,0,274,404
09/11/2003,MDH,IL,AGL,CE,Federal Contract Tower,0,5,10,0,15,0,3,171,0,174,0,8,181,0,189,590,0,590,779
09/12/2003,MDH,IL,AGL,CE,Federal Contract Tower,0,2,0,0,2,0,0,97,0,97,0,2,97,0,99,342,0,342,441
09/13/2003,MDH,IL,AGL,CE,Federal Contract Tower,0,7,2,0,9,0,0,69,0,69,0,7,71,0,78,168,0,168,246
09/14/2003,MDH,IL,AGL,CE,Federal Contract Tower,0,0,10,0,10,0,0,24,0,24,0,0,34,0,34,42,0,42,76
09/15/2003,MDH,IL,AGL,CE,Federal Contract Tower,0,4,2,0,6,0,0,187,0,187,0,4,189,0,193,460,0,460,653
09/16/2003,MDH,IL,AGL,CE,Federal Contract Tower,0,0,1,0,1,0,1,265,0,266,0,1,266,0,267,552,0,552,819
09/17/2003,MDH,IL,AGL,CE,Federal Contract Tower,0,1,2,0,3,0,2,227,2,231,0,3,229,2,234,616,0,616,850
09/18/2003,MDH,IL,AGL,CE,Federal Contract Tower,0,0,6,0,6,0,2,203,0,205,0,2,209,0,211,730,0,730,941
09/19/2003,MDH,IL,AGL,CE,Federal Contract Tower,0,2,13,0,15,0,0,198,0,198,0,2,211,0,213,516,0,516,729
09/20/2003,MDH,IL,AGL,CE,Federal Contract Tower,0,0,3,0,3,0,0,141,0,141,0,0,144,0,144,124,0,124,268
09/21/2003,MDH,IL,AGL,CE,Federal Contract Tower,0,0,2,0,2,0,0,91,0,91,0,0,93,0,93,146,0,146,239
09/22/2003,MDH,IL,AGL,CE,Federal Contract Tower,0,2,10,0,12,0,4,83,0,87,0,6,93,0,99,286,0,286,385
09/23/2003,MDH,IL,AGL,CE,Federal Contract Tower,0,0,1,0,1,0,0,265,2,267,0,0,266,2,268,576,0,576,844
09/24/2003,MDH,IL,AGL,CE,Federal Contract Tower,0,2,4,0,6,0,1,191,0,192,0,3,195,0,198,384,0,384,582
09/25/2003,MDH,IL,AGL,CE,Federal Contract Tower,0,2,5,0,7,0,2,193,0,195,0,4,198,0,202,640,0,640,842
09/26/2003,MDH,IL,AGL,CE,Federal Contract Tower,0,1,3,0,4,0,0,183,0,183,0,1,186,0,187,508,0,508,695
09/27/2003,MDH,IL,AGL,CE,Federal Contract Tower,0,3,3,0,6,0,2,119,0,121,0,5,122,0,127,100,0,100,227
09/28/2003,MDH,IL,AGL,CE,Federal Contract Tower,0,4,14,0,18,0,4,78,0,82,0,8,92,0,100,44,0,44,144
09/29/2003,MDH,IL,AGL,CE,Federal Contract Tower,0,0,3,0,3,0,0,294,0,294,0,0,297,0,297,582,0,582,879
09/30/2003,MDH,IL,AGL,CE,Federal Contract Tower,0,0,4,0,4,0,2,130,8,140,0,2,134,8,144,344,0,344,488
10/01/2003,MDH,IL,AGL,CE,Federal Contract Tower,0,3,6,0,9,0,0,187,0,187,0,3,193,0,196,570,0,570,766
10/02/2003,MDH,IL,AGL,CE,Federal Contract Tower,0,2,1,0,3,0,0,248,0,248,0,2,249,0,251,712,0,712,963
10/03/2003,MDH,IL,AGL,CE,Federal Contract Tower,0,5,3,0,8,0,2,128,0,130,0,7,131,0,138,282,0,282,420
10/04/2003,MDH,IL,AGL,CE,Federal Contract Tower,0,3,1,0,4,0,2,310,0,312,0,5,311,0,316,380,0,380,696
10/05/2003,MDH,IL,AGL,CE,Federal Contract Tower,0,0,1,0,1,0,0,173,0,173,0,0,174,0,174,290,0,290,464
10/06/2003,MDH,IL,AGL,CE,Federal Contract Tower,0,2,2,0,4,0,0,195,0,195,0,2,197,0,199,370,0,370,569
10/07/2003,MDH,IL,AGL,CE,Federal Contract Tower,0,0,3,0,3,0,0,238,0,238,0,0,241,0,241,630,0,630,871
10/08/2003,MDH,IL,AGL,CE,Federal Contract Tower,0,2,1,0,3,0,0,192,0,192,0,2,193,0,195,572,0,572,767
10/09/2003,MDH,IL,AGL,CE,Federal Contract Tower,0,5,8,0,13,0,2,37,0,39,0,7,45,0,52,70,0,70,122
10/10/2003,MDH,IL,AGL,CE,Federal Contract Tower,0,1,10,0,11,0,0,161,0,161,0,1,171,0,172,346,0,346,518
10/11/2003,MDH,IL,AGL,CE,Federal Contract Tower,0,8,12,0,20,2,1,190,0,193,2,9,202,0,213,94,0,94,307
10/12/2003,MDH,IL,AGL,CE,Federal Contract Tower,0,0,1,0,1,0,3,63,0,66,0,3,64,0,67,112,0,112,179
10/13/2003,MDH,IL,AGL,CE,Federal Contract Tower,0,0,2,0,2,0,0,212,0,212,0,0,214,0,214,375,0,375,589
10/14/2003,MDH,IL,AGL,CE,Federal Contract Tower,0,0,2,0,2,0,1,5,0,6,0,1,7,0,8,22,0,22,30
10/15/2003,MDH,IL,AGL,CE,Federal Contract Tower,0,3,6,0,9,0,4,180,0,184,0,7,186,0,193,334,0,334,527
10/16/2003,MDH,IL,AGL,CE,Federal Contract Tower,0,3,5,0,8,0,4,201,0,205,0,7,206,0,213,548,0,548,761
10/17/2003,MDH,IL,AGL,CE,Federal Contract Tower,0,1,2,0,3,0,3,103,0,106,0,4,105,0,109,278,0,278,387
10/18/2003,MDH,IL,AGL,CE,Federal Contract Tower,0,3,7,0,10,0,2,96,0,98,0,5,103,0,108,124,0,124,232
10/19/2003,MDH,IL,AGL,CE,Federal Contract Tower,0,2,4,0,6,0,2,141,0,143,0,4,145,0,149,262,0,262,411
10/20/2003,MDH,IL,AGL,CE,Federal Contract Tower,0,1,4,0,5,0,4,144,0,148,0,5,148,0,153,314,0,314,467
10/21/2003,MDH,IL,AGL,CE,Federal Contract Tower,0,1,4,0,5,0,5,207,0,212,0,6,211,0,217,492,0,492,709
10/22/2003,MDH,IL,AGL,CE,Federal Contract Tower,0,2,5,0,7,0,1,182,0,183,0,3,187,0,190,392,0,392,582
10/23/2003,MDH,IL,AGL,CE,Federal Contract Tower,0,4,8,0,12,0,1,262,2,265,0,5,270,2,277,630,4,634,911
10/24/2003,MDH,IL,AGL,CE,Federal Contract Tower,0,2,7,0,9,0,0,164,4,168,0,2,171,4,177,358,6,364,541
10/25/2003,MDH,IL,AGL,CE,Federal Contract Tower,0,1,4,0,5,0,0,18,0,18,0,1,22,0,23,72,0,72,95
10/26/2003,MDH,IL,AGL,CE,Federal Contract Tower,0,3,5,0,8,0,0,47,0,47,0,3,52,0,55,106,0,106,161
10/27/2003,MDH,IL,AGL,CE,Federal Contract Tower,0,0,4,0,4,0,0,215,0,215,0,0,219,0,219,484,0,484,703
10/28/2003,MDH,IL,AGL,CE,Federal Contract Tower,0,0,8,0,8,0,0,65,0,65,0,0,73,0,73,160,0,160,233
10/29/2003,MDH,IL,AGL,CE,Federal Contract Tower,0,4,9,0,13,0,9,168,0,177,0,13,177,0,190,438,0,438,628
10/30/2003,MDH,IL,AGL,CE,Federal Contract Tower,0,0,2,0,2,0,0,20,0,20,0,0,22,0,22,16,0,16,38
10/31/2003,MDH,IL,AGL,CE,Federal Contract Tower,0,4,9,0,13,0,0,118,0,118,0,4,127,0,131,338,0,338,469
11/01/2003,MDH,IL,AGL,CE,Federal Contract Tower,0,2,10,0,12,0,0,16,0,16,0,2,26,0,28,72,0,72,100
11/02/2003,MDH,IL,AGL,CE,Federal Contract Tower,0,1,1,0,2,0,3,58,0,61,0,4,59,0,63,86,0,86,149
11/03/2003,MDH,IL,AGL,CE,Federal Contract Tower,0,4,6,0,10,0,0,212,0,212,0,4,218,0,222,520,0,520,742
11/04/2003,MDH,IL,AGL,CE,Federal Contract Tower,0,0,0,0,0,0,0,154,0,154,0,0,154,0,154,362,0,362,516
11/05/2003,MDH,IL,AGL,CE,Federal Contract Tower,0,3,13,0,16,0,0,21,0,21,0,3,34,0,37,90,0,90,127
11/06/2003,MDH,IL,AGL,CE,Federal Contract Tower,0,4,5,0,9,0,0,2,2,4,0,4,7,2,13,0,0,0,13
11/07/2003,MDH,IL,AGL,CE,Federal Contract Tower,0,5,8,1,14,0,5,161,1,167,0,10,169,2,181,478,0,478,659
11/08/2003,MDH,IL,AGL,CE,Federal Contract Tower,0,0,1,0,1,0,0,69,0,69,0,0,70,0,70,100,0,100,170
11/09/2003,MDH,IL,AGL,CE,Federal Contract Tower,0,0,0,0,0,0,2,81,0,83,0,2,81,0,83,120,0,120,203
11/10/2003,MDH,IL,AGL,CE,Federal Contract Tower,0,2,5,0,7,0,3,149,0,152,0,5,154,0,159,540,0,540,699
11/11/2003,MDH,IL,AGL,CE,Federal Contract Tower,0,3,6,1,10,0,2,50,3,55,0,5,56,4,65,168,0,168,233
11/12/2003,MDH,IL,AGL,CE,Federal Contract Tower,0,6,11,0,17,0,10,33,0,43,0,16,44,0,60,26,0,26,86
11/13/2003,MDH,IL,AGL,CE,Federal Contract Tower,0,2,4,0,6,0,0,197,0,197,0,2,201,0,203,538,0,538,741
11/14/2003,MDH,IL,AGL,CE,Federal Contract Tower,0,1,4,0,5,0,3,167,0,170,0,4,171,0,175,312,0,312,487
11/15/2003,MDH,IL,AGL,CE,Federal Contract Tower,0,2,6,0,8,0,0,3,0,3,0,2,9,0,11,6,0,6,17
11/16/2003,MDH,IL,AGL,CE,Federal Contract Tower,0,1,3,0,4,0,1,20,0,21,0,2,23,0,25,46,0,46,71
11/17/2003,MDH,IL,AGL,CE,Federal Contract Tower,0,0,5,0,5,0,0,7,0,7,0,0,12,0,12,0,0,0,12
11/18/2003,MDH,IL,AGL,CE,Federal Contract Tower,0,0,2,0,2,0,2,9,0,11,0,2,11,0,13,68,0,68,81
11/19/2003,MDH,IL,AGL,CE,Federal Contract Tower,0,2,5,0,7,0,4,179,0,183,0,6,184,0,190,370,0,370,560
11/20/2003,MDH,IL,AGL,CE,Federal Contract Tower,0,3,7,0,10,0,1,249,0,250,0,4,256,0,260,418,0,418,678
11/21/2003,MDH,IL,AGL,CE,Federal Contract Tower,0,0,5,0,5,0,0,181,0,181,0,0,186,0,186,414,0,414,600
11/22/2003,MDH,IL,AGL,CE,Federal Contract Tower,0,0,4,0,4,0,0,63,0,63,0,0,67,0,67,86,0,86,153
11/23/2003,MDH,IL,AGL,CE,Federal Contract Tower,0,0,2,0,2,0,1,2,0,3,0,1,4,0,5,0,0,0,5
11/24/2003,MDH,IL,AGL,CE,Federal Contract Tower,0,3,2,0,5,0,4,0,82,86,0,7,2,82,91,296,0,296,387
11/25/2003,MDH,IL,AGL,CE,Federal Contract Tower,0,0,4,0,4,0,0,90,0,90,0,0,94,0,94,258,0,258,352
11/26/2003,MDH,IL,AGL,CE,Federal Contract Tower,0,2,6,0,8,0,4,18,0,22,0,6,24,0,30,6,0,6,36
11/27/2003,MDH,IL,AGL,CE,Federal Contract Tower,0,1,2,0,3,0,1,2,0,3,0,2,4,0,6,0,0,0,6
11/28/2003,MDH,IL,AGL,CE,Federal Contract Tower,0,1,4,0,5,0,3,1,0,4,0,4,5,0,9,0,0,0,9
11/29/2003,MDH,IL,AGL,CE,Federal Contract Tower,0,0,2,0,2,0,1,30,0,31,0,1,32,0,33,12,0,12,45
11/30/2003,MDH,IL,AGL,CE,Federal Contract Tower,0,2,4,0,6,0,1,28,0,29,0,3,32,0,35,12,0,12,47
12/01/2003,MDH,IL,AGL,CE,Federal Contract Tower,0,2,2,0,4,0,3,117,0,120,0,5,119,0,124,258,0,258,382
12/02/2003,MDH,IL,AGL,CE,Federal Contract Tower,0,0,3,0,3,0,4,145,0,149,0,4,148,0,152,420,0,420,572
12/03/2003,MDH,IL,AGL,CE,Federal Contract Tower,0,0,4,0,4,0,3,77,0,80,0,3,81,0,84,202,0,202,286
12/04/2003,MDH,IL,AGL,CE,Federal Contract Tower,0,3,3,0,6,0,0,4,0,4,0,3,7,0,10,0,0,0,10
12/05/2003,MDH,IL,AGL,CE,Federal Contract Tower,0,3,4,0,7,0,2,2,0,4,0,5,6,0,11,0,0,0,11
12/06/2003,MDH,IL,AGL,CE,Federal Contract Tower,0,0,2,0,2,0,0,198,0,198,0,0,200,0,200,590,0,590,790
12/07/2003,MDH,IL,AGL,CE,Federal Contract Tower,0,0,2,0,2,0,0,178,0,178,0,0,180,0,180,340,0,340,520
12/08/2003,MDH,IL,AGL,CE,Federal Contract Tower,0,6,8,0,14,0,0,115,0,115,0,6,123,0,129,356,0,356,485
12/09/2003,MDH,IL,AGL,CE,Federal Contract Tower,0,4,5,0,9,0,0,29,0,29,0,4,34,0,38,138,0,138,176
12/10/2003,MDH,IL,AGL,CE,Federal Contract Tower,0,5,5,0,10,0,3,6,0,9,0,8,11,0,19,14,0,14,33
12/11/2003,MDH,IL,AGL,CE,Federal Contract Tower,0,1,2,0,3,0,3,171,0,174,0,4,173,0,177,492,0,492,669
12/12/2003,MDH,IL,AGL,CE,Federal Contract Tower,0,5,5,0,10,0,1,122,0,123,0,6,127,0,133,336,0,336,469
12/13/2003,MDH,IL,AGL,CE,Federal Contract Tower,0,3,4,0,7,0,0,1,0,1,0,3,5,0,8,0,0,0,8
12/14/2003,MDH,IL,AGL,CE,Federal Contract Tower,0,14,13,0,27,0,13,0,0,13,0,27,13,0,40,0,0,0,40
12/15/2003,MDH,IL,AGL,CE,Federal Contract Tower,0,1,2,0,3,0,2,33,0,35,0,3,35,0,38,40,0,40,78
12/16/2003,MDH,IL,AGL,CE,Federal Contract Tower,0,2,0,0,2,0,0,19,0,19,0,2,19,0,21,50,0,50,71
12/17/2003,MDH,IL,AGL,CE,Federal Contract Tower,0,3,4,0,7,0,1,227,0,228,0,4,231,0,235,360,0,360,595
12/18/2003,MDH,IL,AGL,CE,Federal Contract Tower,0,0,0,0,0,0,0,6,0,6,0,0,6,0,6,6,0,6,12
12/19/2003,MDH,IL,AGL,CE,Federal Contract Tower,0,1,0,0,1,1,0,17,0,18,1,1,17,0,19,24,0,24,43
12/20/2003,MDH,IL,AGL,CE,Federal Contract Tower,0,0,0,0,0,1,0,60,0,61,1,0,60,0,61,72,0,72,133
12/21/2003,MDH,IL,AGL,CE,Federal Contract Tower,0,0,3,0,3,0,0,5,0,5,0,0,8,0,8,12,0,12,20
12/22/2003,MDH,IL,AGL,CE,Federal Contract Tower,0,4,4,0,8,0,3,7,0,10,0,7,11,0,18,0,0,0,18
12/23/2003,MDH,IL,AGL,CE,Federal Contract Tower,0,0,0,0,0,0,0,6,0,6,0,0,6,0,6,14,0,14,20
12/24/2003,MDH,IL,AGL,CE,Federal Contract Tower,0,0,0,0,0,0,0,14,0,14,0,0,14,0,14,8,0,8,22
12/25/2003,MDH,IL,AGL,CE,Federal Contract Tower,0,0,0,0,0,0,0,3,0,3,0,0,3,0,3,0,0,0,3
12/26/2003,MDH,IL,AGL,CE,Federal Contract Tower,0,0,0,0,0,0,0,31,0,31,0,0,31,0,31,44,0,44,75
12/27/2003,MDH,IL,AGL,CE,Federal Contract Tower,0,0,0,0,0,0,0,8,0,8,0,0,8,0,8,0,0,0,8
12/28/2003,MDH,IL,AGL,CE,Federal Contract Tower,0,0,2,0,2,0,0,5,0,5,0,0,7,0,7,0,0,0,7
12/29/2003,MDH,IL,AGL,CE,Federal Contract Tower,0,0,0,0,0,0,0,17,0,17,0,0,17,0,17,48,0,48,65
12/30/2003,MDH,IL,AGL,CE,Federal Contract Tower,0,3,4,0,7,0,1,46,0,47,0,4,50,0,54,60,0,60,114
12/31/2003,MDH,IL,AGL,CE,Federal Contract Tower,0,0,0,0,0,0,4,24,0,28,0,4,24,0,28,54,0,54,82
01/01/2004,MDH,IL,AGL,CE,Federal Contract Tower,0,0,0,0,0,0,0,5,0,5,0,0,5,0,5,14,0,14,19
01/02/2004,MDH,IL,AGL,CE,Federal Contract Tower,0,0,1,0,1,0,0,3,0,3,0,0,4,0,4,0,0,0,4
01/03/2004,MDH,IL,AGL,CE,Federal Contract Tower,0,0,1,0,1,0,2,9,0,11,0,2,10,0,12,70,0,70,82
01/04/2004,MDH,IL,AGL,CE,Federal Contract Tower,0,0,3,0,3,0,0,0,0,0,0,0,3,0,3,0,0,0,3
01/05/2004,MDH,IL,AGL,CE,Federal Contract Tower,0,0,0,0,0,0,0,7,0,7,0,0,7,0,7,14,0,14,21
01/06/2004,MDH,IL,AGL,CE,Federal Contract Tower,0,2,4,0,6,0,0,59,0,59,0,2,63,0,65,194,0,194,259
01/07/2004,MDH,IL,AGL,CE,Federal Contract Tower,0,3,4,0,7,0,2,54,0,56,0,5,58,0,63,86,0,86,149
01/08/2004,MDH,IL,AGL,CE,Federal Contract Tower,0,2,3,0,5,0,3,24,0,27,0,5,27,0,32,50,0,50,82
01/09/2004,MDH,IL,AGL,CE,Federal Contract Tower,0,2,3,0,5,0,3,35,0,38,0,5,38,0,43,116,0,116,159
01/10/2004,MDH,IL,AGL,CE,Federal Contract Tower,0,0,2,0,2,0,0,35,0,35,0,0,37,0,37,64,0,64,101
01/11/2004,MDH,IL,AGL,CE,Federal Contract Tower,0,0,3,0,3,0,2,13,0,15,0,2,16,0,18,4,0,4,22
01/12/2004,MDH,IL,AGL,CE,Federal Contract Tower,0,2,2,0,4,0,0,36,0,36,0,2,38,0,40,100,0,100,140
01/13/2004,MDH,IL,AGL,CE,Federal Contract Tower,0,0,2,0,2,0,2,62,0,64,0,2,64,0,66,154,0,154,220
01/14/2004,MDH,IL,AGL,CE,Federal Contract Tower,0,3,4,0,7,0,0,93,0,93,0,3,97,0,100,194,0,194,294
01/15/2004,MDH,IL,AGL,CE,Federal Contract Tower,0,2,5,0,7,0,0,101,0,101,0,2,106,0,108,176,0,176,284
01/16/2004,MDH,IL,AGL,CE,Federal Contract Tower,0,4,8,0,12,0,3,144,0,147,0,7,152,0,159,233,0,233,392
01/17/2004,MDH,IL,AGL,CE,Federal Contract Tower,0,0,2,0,2,0,0,5,0,5,0,0,7,0,7,12,0,12,19
01/18/2004,MDH,IL,AGL,CE,Federal Contract Tower,0,2,3,0,5,0,2,20,0,22,0,4,23,0,27,94,0,94,121
01/19/2004,MDH,IL,AGL,CE,Federal Contract Tower,0,4,8,0,12,0,6,53,0,59,0,10,61,0,71,164,0,164,235
01/20/2004,MDH,IL,AGL,CE,Federal Contract Tower,0,2,6,0,8,0,0,112,0,112,0,2,118,0,120,268,0,268,388
01/21/2004,MDH,IL,AGL,CE,Federal Contract Tower,0,1,4,0,5,2,1,116,0,119,2,2,120,0,124,192,0,192,316
01/22/2004,MDH,IL,AGL,CE,Federal Contract Tower,0,1,3,0,4,0,4,101,0,105,0,5,104,0,109,220,0,220,329
01/23/2004,MDH,IL,AGL,CE,Federal Contract Tower,0,0,2,0,2,0,1,221,0,222,0,1,223,0,224,294,0,294,518
01/24/2004,MDH,IL,AGL,CE,Federal Contract Tower,0,0,8,0,8,0,0,122,0,122,0,0,130,0,130,276,0,276,406
01/25/2004,MDH,IL,AGL,CE,Federal Contract Tower,0,0,0,0,0,0,0,0,0,0,0,0,0,0,0,0,0,0,0
01/26/2004,MDH,IL,AGL,CE,Federal Contract Tower,0,0,0,0,0,0,0,0,0,0,0,0,0,0,0,0,0,0,0
01/27/2004,MDH,IL,AGL,CE,Federal Contract Tower,0,0,2,0,2,0,1,8,0,9,0,1,10,0,11,2,0,2,13
01/28/2004,MDH,IL,AGL,CE,Federal Contract Tower,0,3,7,0,10,0,2,95,0,97,0,5,102,0,107,60,0,60,167
01/29/2004,MDH,IL,AGL,CE,Federal Contract Tower,0,1,4,0,5,0,3,82,0,85,0,4,86,0,90,222,0,222,312
01/30/2004,MDH,IL,AGL,CE,Federal Contract Tower,0,1,3,0,4,0,1,63,0,64,0,2,66,0,68,80,0,80,148
01/31/2004,MDH,IL,AGL,CE,Federal Contract Tower,0,0,7,0,7,0,0,103,0,103,0,0,110,0,110,204,0,204,314
02/01/2004,MDH,IL,AGL,CE,Federal Contract Tower,0,0,1,0,1,0,2,58,0,60,0,2,59,0,61,108,0,108,169
02/02/2004,MDH,IL,AGL,CE,Federal Contract Tower,0,3,4,0,7,0,1,5,0,6,0,4,9,0,13,18,0,18,31
02/03/2004,MDH,IL,AGL,CE,Federal Contract Tower,0,3,2,0,5,0,4,98,0,102,0,7,100,0,107,250,0,250,357
02/04/2004,MDH,IL,AGL,CE,Federal Contract Tower,0,3,4,0,7,0,0,130,0,130,0,3,134,0,137,370,0,370,507
02/05/2004,MDH,IL,AGL,CE,Federal Contract Tower,0,0,0,0,0,0,0,2,0,2,0,0,2,0,2,0,0,0,2
02/06/2004,MDH,IL,AGL,CE,Federal Contract Tower,0,3,5,0,8,0,3,24,0,27,0,6,29,0,35,88,0,88,123
02/07/2004,MDH,IL,AGL,CE,Federal Contract Tower,0,0,1,0,1,0,2,4,0,6,0,2,5,0,7,8,0,8,15
02/08/2004,MDH,IL,AGL,CE,Federal Contract Tower,0,0,2,0,2,0,0,86,0,86,0,0,88,0,88,0,0,0,88
02/09/2004,MDH,IL,AGL,CE,Federal Contract Tower,0,0,2,0,2,0,0,72,0,72,0,0,74,0,74,118,0,118,192
02/10/2004,MDH,IL,AGL,CE,Federal Contract Tower,0,5,7,0,12,0,0,196,0,196,0,5,203,0,208,426,0,426,634
02/11/2004,MDH,IL,AGL,CE,Federal Contract Tower,0,6,10,0,16,0,4,103,0,107,0,10,113,0,123,206,0,206,329
02/12/2004,MDH,IL,AGL,CE,Federal Contract Tower,0,2,8,0,10,1,0,220,0,221,1,2,228,0,231,564,0,564,795
02/13/2004,MDH,IL,AGL,CE,Federal Contract Tower,0,4,6,0,10,0,2,98,0,100,0,6,104,0,110,304,0,304,414
02/14/2004,MDH,IL,AGL,CE,Federal Contract Tower,0,0,5,0,5,0,0,122,0,122,0,0,127,0,127,232,0,232,359
02/15/2004,MDH,IL,AGL,CE,Federal Contract Tower,0,0,2,0,2,0,0,56,0,56,0,0,58,0,58,96,0,96,154
02/16/2004,MDH,IL,AGL,CE,Federal Contract Tower,0,4,6,0,10,0,0,147,0,147,0,4,153,0,157,310,0,310,467
02/17/2004,MDH,IL,AGL,CE,Federal Contract Tower,0,5,6,0,11,0,0,167,0,167,0,5,173,0,178,382,0,382,560
02/18/2004,MDH,IL,AGL,CE,Federal Contract Tower,0,2,5,0,7,0,2,98,0,100,0,4,103,0,107,306,0,306,413
02/19/2004,MDH,IL,AGL,CE,Federal Contract Tower,0,1,4,0,5,0,3,112,0,115,0,4,116,0,120,230,0,230,350
02/20/2004,MDH,IL,AGL,CE,Federal Contract Tower,0,1,3,0,4,0,0,19,0,19,0,1,22,0,23,58,0,58,81
02/21/2004,MDH,IL,AGL,CE,Federal Contract Tower,0,1,4,0,5,0,0,102,0,102,0,1,106,0,107,268,0,268,375
02/22/2004,MDH,IL,AGL,CE,Federal Contract Tower,0,0,0,0,0,0,0,96,0,96,0,0,96,0,96,230,0,230,326
02/23/2004,MDH,IL,AGL,CE,Federal Contract Tower,0,2,5,0,7,0,1,182,0,183,0,3,187,0,190,402,0,402,592
02/24/2004,MDH,IL,AGL,CE,Federal Contract Tower,0,5,10,0,15,0,3,113,0,116,0,8,123,0,131,324,0,324,455
02/25/2004,MDH,IL,AGL,CE,Federal Contract Tower,0,4,8,0,12,0,0,69,0,69,0,4,77,0,81,144,0,144,225
02/26/2004,MDH,IL,AGL,CE,Federal Contract Tower,0,1,4,0,5,0,1,213,0,214,0,2,217,0,219,640,0,640,859
02/27/2004,MDH,IL,AGL,CE,Federal Contract Tower,0,4,7,0,11,2,2,220,0,224,2,6,227,0,235,404,0,404,639
02/28/2004,MDH,IL,AGL,CE,Federal Contract Tower,0,1,3,0,4,1,4,151,0,156,1,5,154,0,160,306,0,306,466
02/29/2004,MDH,IL,AGL,CE,Federal Contract Tower,0,0,0,0,0,0,0,33,0,33,0,0,33,0,33,46,0,46,79
03/01/2004,MDH,IL,AGL,CE,Federal Contract Tower,0,4,4,0,8,0,4,26,0,30,0,8,30,0,38,22,0,22,60
03/02/2004,MDH,IL,AGL,CE,Federal Contract Tower,0,0,0,0,0,0,5,155,0,160,0,5,155,0,160,464,0,464,624
03/03/2004,MDH,IL,AGL,CE,Federal Contract Tower,0,3,6,0,9,0,0,5,0,5,0,3,11,0,14,0,0,0,14
03/04/2004,MDH,IL,AGL,CE,Federal Contract Tower,0,3,3,0,6,0,0,30,0,30,0,3,33,0,36,186,0,186,222
03/05/2004,MDH,IL,AGL,CE,Federal Contract Tower,0,1,0,0,1,0,0,21,0,21,0,1,21,0,22,8,0,8,30
03/06/2004,MDH,IL,AGL,CE,Federal Contract Tower,0,0,0,0,0,0,0,51,0,51,0,0,51,0,51,104,0,104,155
03/07/2004,MDH,IL,AGL,CE,Federal Contract Tower,0,0,1,0,1,0,0,15,0,15,0,0,16,0,16,58,0,58,74
03/08/2004,MDH,IL,AGL,CE,Federal Contract Tower,0,0,3,0,3,0,0,68,0,68,0,0,71,0,71,48,0,48,119
03/09/2004,MDH,IL,AGL,CE,Federal Contract Tower,0,2,2,0,4,0,2,15,0,17,0,4,17,0,21,34,0,34,55
03/10/2004,MDH,IL,AGL,CE,Federal Contract Tower,0,3,3,0,6,0,2,54,0,56,0,5,57,0,62,38,0,38,100
03/11/2004,MDH,IL,AGL,CE,Federal Contract Tower,0,2,3,0,5,0,2,62,0,64,0,4,65,0,69,122,0,122,191
03/12/2004,MDH,IL,AGL,CE,Federal Contract Tower,0,1,3,0,4,0,0,142,0,142,0,1,145,0,146,60,0,60,206
03/13/2004,MDH,IL,AGL,CE,Federal Contract Tower,0,0,1,0,1,0,0,13,0,13,0,0,14,0,14,28,0,28,42
03/14/2004,MDH,IL,AGL,CE,Federal Contract Tower,0,2,4,0,6,0,0,24,0,24,0,2,28,0,30,26,0,26,56
03/15/2004,MDH,IL,AGL,CE,Federal Contract Tower,0,5,10,0,15,0,5,110,0,115,0,10,120,0,130,316,0,316,446
03/16/2004,MDH,IL,AGL,CE,Federal Contract Tower,0,2,6,0,8,0,0,6,0,6,0,2,12,0,14,0,0,0,14
03/17/2004,MDH,IL,AGL,CE,Federal Contract Tower,0,3,5,0,8,0,5,210,0,215,0,8,215,0,223,420,0,420,643
03/18/2004,MDH,IL,AGL,CE,Federal Contract Tower,0,2,7,0,9,0,0,178,0,178,0,2,185,0,187,586,0,586,773
03/19/2004,MDH,IL,AGL,CE,Federal Contract Tower,0,1,5,0,6,0,0,230,0,230,0,1,235,0,236,414,0,414,650
03/20/2004,MDH,IL,AGL,CE,Federal Contract Tower,0,0,2,0,2,0,2,23,0,25,0,2,25,0,27,78,0,78,105
03/21/2004,MDH,IL,AGL,CE,Federal Contract Tower,0,0,4,0,4,0,0,118,0,118,0,0,122,0,122,296,0,296,418
03/22/2004,MDH,IL,AGL,CE,Federal Contract Tower,0,1,4,0,5,0,3,201,0,204,0,4,205,0,209,758,0,758,967
03/23/2004,MDH,IL,AGL,CE,Federal Contract Tower,0,0,1,0,1,0,0,80,0,80,0,0,81,0,81,226,0,226,307
03/24/2004,MDH,IL,AGL,CE,Federal Contract Tower,0,2,4,0,6,0,6,46,0,52,0,8,50,0,58,102,0,102,160
03/25/2004,MDH,IL,AGL,CE,Federal Contract Tower,0,2,5,0,7,0,0,104,0,104,0,2,109,0,111,470,0,470,581
03/26/2004,MDH,IL,AGL,CE,Federal Contract Tower,0,0,3,0,3,0,0,21,0,21,0,0,24,0,24,28,0,28,52
03/27/2004,MDH,IL,AGL,CE,Federal Contract Tower,0,0,2,0,2,0,10,141,0,151,0,10,143,0,153,348,0,348,501
03/28/2004,MDH,IL,AGL,CE,Federal Contract Tower,0,1,2,0,3,0,1,24,0,25,0,2,26,0,28,80,0,80,108
03/29/2004,MDH,IL,AGL,CE,Federal Contract Tower,0,2,4,0,6,0,0,153,0,153,0,2,157,0,159,454,0,454,613
03/30/2004,MDH,IL,AGL,CE,Federal Contract Tower,0,1,4,0,5,0,0,86,0,86,0,1,90,0,91,274,0,274,365
03/31/2004,MDH,IL,AGL,CE,Federal Contract Tower,0,9,15,0,24,0,1,15,0,16,0,10,30,0,40,150,0,150,190
04/01/2004,MDH,IL,AGL,CE,Federal Contract Tower,0,6,6,0,12,0,2,123,0,125,0,8,129,0,137,512,0,512,649
04/02/2004,MDH,IL,AGL,CE,Federal Contract Tower,0,8,8,0,16,0,0,273,0,273,0,8,281,0,289,490,0,490,779
04/03/2004,MDH,IL,AGL,CE,Federal Contract Tower,0,4,3,0,7,0,0,174,0,174,0,4,177,0,181,200,0,200,381
04/04/2004,MDH,IL,AGL,CE,Federal Contract Tower,0,5,2,0,7,0,4,58,0,62,0,9,60,0,69,122,0,122,191
04/05/2004,MDH,IL,AGL,CE,Federal Contract Tower,0,5,3,0,8,0,4,292,0,296,0,9,295,0,304,980,0,980,1284
04/06/2004,MDH,IL,AGL,CE,Federal Contract Tower,0,4,1,0,5,0,0,221,0,221,0,4,222,0,226,610,0,610,836
04/07/2004,MDH,IL,AGL,CE,Federal Contract Tower,0,5,3,0,8,0,3,189,0,192,0,8,192,0,200,540,0,540,740
04/08/2004,MDH,IL,AGL,CE,Federal Contract Tower,0,7,8,0,15,0,0,295,2,297,0,7,303,2,312,768,0,768,1080
04/09/2004,MDH,IL,AGL,CE,Federal Contract Tower,0,8,9,0,17,0,0,203,0,203,0,8,212,0,220,306,0,306,526
04/10/2004,MDH,IL,AGL,CE,Federal Contract Tower,0,1,3,0,4,0,2,37,0,39,0,3,40,0,43,104,0,104,147
04/11/2004,MDH,IL,AGL,CE,Federal Contract Tower,0,1,3,0,4,0,1,32,0,33,0,2,35,0,37,86,0,86,123
04/12/2004,MDH,IL,AGL,CE,Federal Contract Tower,0,4,7,0,11,0,4,69,0,73,0,8,76,0,84,342,0,342,426
04/13/2004,MDH,IL,AGL,CE,Federal Contract Tower,0,4,6,0,10,0,2,45,0,47,0,6,51,0,57,96,0,96,153
04/14/2004,MDH,IL,AGL,CE,Federal Contract Tower,0,2,4,0,6,0,5,256,0,261,0,7,260,0,267,650,0,650,917
04/15/2004,MDH,IL,AGL,CE,Federal Contract Tower,0,1,3,0,4,0,1,194,1,196,0,2,197,1,200,406,0,406,606
04/16/2004,MDH,IL,AGL,CE,Federal Contract Tower,0,2,6,0,8,0,0,214,2,216,0,2,220,2,224,426,0,426,650
04/17/2004,MDH,IL,AGL,CE,Federal Contract Tower,0,1,2,0,3,0,1,99,0,100,0,2,101,0,103,356,0,356,459
04/18/2004,MDH,IL,AGL,CE,Federal Contract Tower,0,0,1,0,1,0,0,31,0,31,0,0,32,0,32,58,0,58,90
04/19/2004,MDH,IL,AGL,CE,Federal Contract Tower,0,1,3,0,4,0,2,126,0,128,0,3,129,0,132,452,0,452,584
04/20/2004,MDH,IL,AGL,CE,Federal Contract Tower,0,3,4,0,7,0,1,53,0,54,0,4,57,0,61,152,0,152,213
04/21/2004,MDH,IL,AGL,CE,Federal Contract Tower,0,2,4,0,6,0,2,97,0,99,0,4,101,0,105,312,0,312,417
04/22/2004,MDH,IL,AGL,CE,Federal Contract Tower,0,6,12,0,18,0,0,9,0,9,0,6,21,0,27,30,0,30,57
04/23/2004,MDH,IL,AGL,CE,Federal Contract Tower,0,9,13,0,22,0,0,7,0,7,0,9,20,0,29,4,0,4,33
04/24/2004,MDH,IL,AGL,CE,Federal Contract Tower,0,6,8,0,14,0,0,3,0,3,0,6,11,0,17,56,0,56,73
04/25/2004,MDH,IL,AGL,CE,Federal Contract Tower,0,0,1,0,1,0,1,77,0,78,0,1,78,0,79,168,0,168,247
04/26/2004,MDH,IL,AGL,CE,Federal Contract Tower,0,3,5,0,8,0,3,130,0,133,0,6,135,0,141,268,0,268,409
04/27/2004,MDH,IL,AGL,CE,Federal Contract Tower,0,3,4,0,7,0,3,119,0,122,0,6,123,0,129,180,0,180,309
04/28/2004,MDH,IL,AGL,CE,Federal Contract Tower,0,4,7,0,11,0,4,54,0,58,0,8,61,0,69,152,0,152,221
04/29/2004,MDH,IL,AGL,CE,Federal Contract Tower,0,3,6,0,9,0,1,163,0,164,0,4,169,0,173,370,0,370,543
04/30/2004,MDH,IL,AGL,CE,Federal Contract Tower,0,0,4,0,4,0,0,124,0,124,0,0,128,0,128,270,0,270,398
05/01/2004,MDH,IL,AGL,CE,Federal Contract Tower,0,0,2,0,2,0,2,1,0,3,0,2,3,0,5,0,0,0,5
05/02/2004,MDH,IL,AGL,CE,Federal Contract Tower,0,4,6,0,10,0,0,62,0,62,0,4,68,0,72,52,0,52,124
05/03/2004,MDH,IL,AGL,CE,Federal Contract Tower,0,4,5,0,9,0,2,158,0,160,0,6,163,0,169,330,0,330,499
05/04/2004,MDH,IL,AGL,CE,Federal Contract Tower,0,0,8,0,8,0,0,113,0,113,0,0,121,0,121,168,0,168,289
05/05/2004,MDH,IL,AGL,CE,Federal Contract Tower,0,4,12,0,16,0,0,178,0,178,0,4,190,0,194,334,0,334,528
05/06/2004,MDH,IL,AGL,CE,Federal Contract Tower,0,3,4,0,7,0,2,123,0,125,0,5,127,0,132,258,0,258,390
05/07/2004,MDH,IL,AGL,CE,Federal Contract Tower,0,2,4,0,6,0,1,128,0,129,0,3,132,0,135,270,0,270,405
05/08/2004,MDH,IL,AGL,CE,Federal Contract Tower,0,3,6,0,9,0,2,52,4,58,0,5,58,4,67,50,0,50,117
05/09/2004,MDH,IL,AGL,CE,Federal Contract Tower,0,0,2,0,2,0,0,26,0,26,0,0,28,0,28,36,0,36,64
05/10/2004,MDH,IL,AGL,CE,Federal Contract Tower,0,3,4,0,7,0,0,133,0,133,0,3,137,0,140,210,0,210,350
05/11/2004,MDH,IL,AGL,CE,Federal Contract Tower,0,1,2,0,3,0,0,122,0,122,0,1,124,0,125,150,0,150,275
05/12/2004,MDH,IL,AGL,CE,Federal Contract Tower,0,5,10,0,15,0,3,62,0,65,0,8,72,0,80,176,0,176,256
05/13/2004,MDH,IL,AGL,CE,Federal Contract Tower,0,5,10,0,15,0,1,42,0,43,0,6,52,0,58,142,0,142,200
05/14/2004,MDH,IL,AGL,CE,Federal Contract Tower,0,0,3,0,3,0,0,1,0,1,0,0,4,0,4,12,0,12,16
05/15/2004,MDH,IL,AGL,CE,Federal Contract Tower,0,0,2,0,2,0,0,24,0,24,0,0,26,0,26,52,0,52,78
05/16/2004,MDH,IL,AGL,CE,Federal Contract Tower,0,2,2,0,4,0,0,29,0,29,0,2,31,0,33,44,0,44,77
05/17/2004,MDH,IL,AGL,CE,Federal Contract Tower,0,2,8,0,10,0,0,94,0,94,0,2,102,0,104,138,0,138,242
05/18/2004,MDH,IL,AGL,CE,Federal Contract Tower,0,3,10,0,13,0,4,37,0,41,0,7,47,0,54,204,0,204,258
05/19/2004,MDH,IL,AGL,CE,Federal Contract Tower,0,2,6,0,8,0,5,87,0,92,0,7,93,0,100,306,0,306,406
05/20/2004,MDH,IL,AGL,CE,Federal Contract Tower,0,0,10,0,10,0,0,108,0,108,0,0,118,0,118,150,0,150,268
05/21/2004,MDH,IL,AGL,CE,Federal Contract Tower,0,0,10,0,10,0,0,128,0,128,0,0,138,0,138,260,0,260,398
05/22/2004,MDH,IL,AGL,CE,Federal Contract Tower,0,1,4,0,5,0,3,16,0,19,0,4,20,0,24,4,0,4,28
05/23/2004,MDH,IL,AGL,CE,Federal Contract Tower,0,1,3,0,4,0,0,29,0,29,0,1,32,0,33,0,0,0,33
05/24/2004,MDH,IL,AGL,CE,Federal Contract Tower,0,0,4,0,4,0,0,108,0,108,0,0,112,0,112,250,0,250,362
05/25/2004,MDH,IL,AGL,CE,Federal Contract Tower,0,0,2,0,2,0,2,55,0,57,0,2,57,0,59,166,0,166,225
05/26/2004,MDH,IL,AGL,CE,Federal Contract Tower,0,2,7,0,9,0,4,2,0,6,0,6,9,0,15,32,0,32,47
05/27/2004,MDH,IL,AGL,CE,Federal Contract Tower,0,1,3,0,4,0,6,95,0,101,0,7,98,0,105,144,0,144,249
05/28/2004,MDH,IL,AGL,CE,Federal Contract Tower,0,2,7,0,9,0,3,115,0,118,0,5,122,0,127,228,0,228,355
05/29/2004,MDH,IL,AGL,CE,Federal Contract Tower,0,0,3,0,3,0,0,39,0,39,0,0,42,0,42,16,0,16,58
05/30/2004,MDH,IL,AGL,CE,Federal Contract Tower,0,0,2,0,2,0,0,0,0,0,0,0,2,0,2,0,0,0,2
05/31/2004,MDH,IL,AGL,CE,Federal Contract Tower,0,0,5,0,5,0,0,28,0,28,0,0,33,0,33,36,0,36,69
06/01/2004,MDH,IL,AGL,CE,Federal Contract Tower,0,3,3,0,6,0,0,64,0,64,0,3,67,0,70,78,0,78,148
06/02/2004,MDH,IL,AGL,CE,Federal Contract Tower,0,4,5,1,10,0,1,127,7,135,0,5,132,8,145,220,4,224,369
06/03/2004,MDH,IL,AGL,CE,Federal Contract Tower,0,2,9,0,11,0,0,106,0,106,0,2,115,0,117,180,0,180,297
06/04/2004,MDH,IL,AGL,CE,Federal Contract Tower,0,6,8,0,14,0,0,126,0,126,0,6,134,0,140,236,0,236,376
06/05/2004,MDH,IL,AGL,CE,Federal Contract Tower,0,2,3,0,5,0,0,53,0,53,0,2,56,0,58,92,0,92,150
06/06/2004,MDH,IL,AGL,CE,Federal Contract Tower,0,2,2,0,4,0,0,15,0,15,0,2,17,0,19,18,0,18,37
06/07/2004,MDH,IL,AGL,CE,Federal Contract Tower,0,2,1,0,3,0,0,54,0,54,0,2,55,0,57,120,0,120,177
06/08/2004,MDH,IL,AGL,CE,Federal Contract Tower,0,4,6,0,10,0,1,79,0,80,0,5,85,0,90,168,0,168,258
06/09/2004,MDH,IL,AGL,CE,Federal Contract Tower,0,6,7,0,13,0,2,41,0,43,0,8,48,0,56,72,0,72,128
06/10/2004,MDH,IL,AGL,CE,Federal Contract Tower,0,4,5,0,9,0,1,101,0,102,0,5,106,0,111,172,0,172,283
06/11/2004,MDH,IL,AGL,CE,Federal Contract Tower,0,0,3,0,3,0,0,80,0,80,0,0,83,0,83,188,0,188,271
06/12/2004,MDH,IL,AGL,CE,Federal Contract Tower,0,0,0,0,0,0,0,14,0,14,0,0,14,0,14,98,0,98,112
06/13/2004,MDH,IL,AGL,CE,Federal Contract Tower,0,0,0,0,0,0,2,25,0,27,0,2,25,0,27,22,0,22,49
06/14/2004,MDH,IL,AGL,CE,Federal Contract Tower,0,2,5,0,7,0,0,74,0,74,0,2,79,0,81,150,0,150,231
06/15/2004,MDH,IL,AGL,CE,Federal Contract Tower,0,1,3,0,4,0,3,65,0,68,0,4,68,0,72,244,0,244,316
06/16/2004,MDH,IL,AGL,CE,Federal Contract Tower,0,1,3,0,4,0,1,61,4,66,0,2,64,4,70,116,2,118,188
06/17/2004,MDH,IL,AGL,CE,Federal Contract Tower,0,3,5,0,8,0,1,59,5,65,0,4,64,5,73,132,4,136,209
06/18/2004,MDH,IL,AGL,CE,Federal Contract Tower,0,2,5,0,7,0,2,98,0,100,0,4,103,0,107,184,0,184,291
06/19/2004,MDH,IL,AGL,CE,Federal Contract Tower,0,1,3,0,4,0,4,48,2,54,0,5,51,2,58,50,0,50,108
06/20/2004,MDH,IL,AGL,CE,Federal Contract Tower,0,0,2,0,2,0,2,63,0,65,0,2,65,0,67,42,0,42,109
06/21/2004,MDH,IL,AGL,CE,Federal Contract Tower,0,2,4,0,6,0,1,137,0,138,0,3,141,0,144,224,0,224,368
06/22/2004,MDH,IL,AGL,CE,Federal Contract Tower,0,0,4,0,4,0,0,118,0,118,0,0,122,0,122,236,0,236,358
06/23/2004,MDH,IL,AGL,CE,Federal Contract Tower,0,3,7,0,10,0,9,287,2,298,0,12,294,2,308,188,0,188,496
06/24/2004,MDH,IL,AGL,CE,Federal Contract Tower,0,0,2,0,2,0,0,144,0,144,0,0,146,0,146,228,0,228,374
06/25/2004,MDH,IL,AGL,CE,Federal Contract Tower,0,3,7,0,10,0,1,107,0,108,0,4,114,0,118,216,0,216,334
06/26/2004,MDH,IL,AGL,CE,Federal Contract Tower,0,2,4,0,6,0,1,42,0,43,0,3,46,0,49,32,0,32,81
06/27/2004,MDH,IL,AGL,CE,Federal Contract Tower,0,1,2,0,3,0,1,32,0,33,0,2,34,0,36,18,0,18,54
06/28/2004,MDH,IL,AGL,CE,Federal Contract Tower,0,3,5,0,8,0,0,128,0,128,0,3,133,0,136,210,0,210,346
06/29/2004,MDH,IL,AGL,CE,Federal Contract Tower,0,4,8,0,12,0,0,97,0,97,0,4,105,0,109,164,0,164,273
06/30/2004,MDH,IL,AGL,CE,Federal Contract Tower,0,4,7,0,11,0,1,146,0,147,0,5,153,0,158,272,0,272,430
07/01/2004,MDH,IL,AGL,CE,Federal Contract Tower,0,1,7,0,8,0,0,69,0,69,0,1,76,0,77,144,0,144,221
07/02/2004,MDH,IL,AGL,CE,Federal Contract Tower,0,2,5,0,7,0,0,82,0,82,0,2,87,0,89,242,0,242,331
07/03/2004,MDH,IL,AGL,CE,Federal Contract Tower,0,1,0,0,1,0,6,10,0,16,0,7,10,0,17,20,0,20,37
07/04/2004,MDH,IL,AGL,CE,Federal Contract Tower,0,1,1,0,2,0,0,54,0,54,0,1,55,0,56,40,0,40,96
07/05/2004,MDH,IL,AGL,CE,Federal Contract Tower,0,3,0,0,3,0,2,23,0,25,0,5,23,0,28,2,0,2,30
07/06/2004,MDH,IL,AGL,CE,Federal Contract Tower,0,1,3,0,4,0,0,123,0,123,0,1,126,0,127,184,0,184,311
07/07/2004,MDH,IL,AGL,CE,Federal Contract Tower,0,8,9,0,17,0,0,142,0,142,0,8,151,0,159,294,0,294,453
07/08/2004,MDH,IL,AGL,CE,Federal Contract Tower,0,4,4,0,8,0,0,156,0,156,0,4,160,0,164,300,0,300,464
07/09/2004,MDH,IL,AGL,CE,Federal Contract Tower,0,0,1,0,1,0,4,103,0,107,0,4,104,0,108,212,0,212,320
07/10/2004,MDH,IL,AGL,CE,Federal Contract Tower,0,4,6,0,10,0,3,44,0,47,0,7,50,0,57,8,0,8,65
07/11/2004,MDH,IL,AGL,CE,Federal Contract Tower,0,0,3,0,3,0,0,40,0,40,0,0,43,0,43,36,0,36,79
07/12/2004,MDH,IL,AGL,CE,Federal Contract Tower,0,2,3,0,5,0,4,125,0,129,0,6,128,0,134,202,0,202,336
07/13/2004,MDH,IL,AGL,CE,Federal Contract Tower,0,3,4,0,7,0,4,100,0,104,0,7,104,0,111,118,0,118,229
07/14/2004,MDH,IL,AGL,CE,Federal Contract Tower,0,3,8,0,11,0,7,178,2,187,0,10,186,2,198,435,0,435,633
07/15/2004,MDH,IL,AGL,CE,Federal Contract Tower,0,1,4,0,5,0,0,172,0,172,0,1,176,0,177,390,0,390,567
07/16/2004,MDH,IL,AGL,CE,Federal Contract Tower,0,4,9,0,13,0,5,70,0,75,0,9,79,0,88,212,0,212,300
07/17/2004,MDH,IL,AGL,CE,Federal Contract Tower,0,0,2,0,2,0,0,19,0,19,0,0,21,0,21,34,0,34,55
07/18/2004,MDH,IL,AGL,CE,Federal Contract Tower,0,2,6,0,8,0,0,43,0,43,0,2,49,0,51,44,0,44,95
07/19/2004,MDH,IL,AGL,CE,Federal Contract Tower,0,3,6,0,9,0,3,182,0,185,0,6,188,0,194,356,0,356,550
07/20/2004,MDH,IL,AGL,CE,Federal Contract Tower,0,3,7,0,10,0,2,134,0,136,0,5,141,0,146,178,0,178,324
07/21/2004,MDH,IL,AGL,CE,Federal Contract Tower,0,3,8,0,11,0,5,143,0,148,0,8,151,0,159,346,0,346,505
07/22/2004,MDH,IL,AGL,CE,Federal Contract Tower,0,2,6,0,8,0,0,116,4,120,0,2,122,4,128,214,0,214,342
07/23/2004,MDH,IL,AGL,CE,Federal Contract Tower,0,0,7,0,7,0,0,63,0,63,0,0,70,0,70,176,0,176,246
07/24/2004,MDH,IL,AGL,CE,Federal Contract Tower,0,0,5,0,5,0,0,44,0,44,0,0,49,0,49,58,0,58,107
07/25/2004,MDH,IL,AGL,CE,Federal Contract Tower,0,0,6,0,6,0,0,6,0,6,0,0,12,0,12,2,0,2,14
07/26/2004,MDH,IL,AGL,CE,Federal Contract Tower,0,5,10,0,15,0,3,107,12,122,0,8,117,12,137,188,4,192,329
07/27/2004,MDH,IL,AGL,CE,Federal Contract Tower,0,2,6,0,8,0,6,130,12,148,0,8,136,12,156,158,4,162,318
07/28/2004,MDH,IL,AGL,CE,Federal Contract Tower,0,3,6,0,9,0,5,117,6,128,0,8,123,6,137,204,0,204,341
07/29/2004,MDH,IL,AGL,CE,Federal Contract Tower,0,3,9,0,12,0,0,99,10,109,0,3,108,10,121,104,0,104,225
07/30/2004,MDH,IL,AGL,CE,Federal Contract Tower,0,5,7,0,12,0,3,0,0,3,0,8,7,0,15,0,0,0,15
07/31/2004,MDH,IL,AGL,CE,Federal Contract Tower,0,0,4,0,4,0,0,49,0,49,0,0,53,0,53,50,0,50,103
08/01/2004,MDH,IL,AGL,CE,Federal Contract Tower,0,1,2,0,3,0,1,48,0,49,0,2,50,0,52,4,0,4,56
08/02/2004,MDH,IL,AGL,CE,Federal Contract Tower,0,2,1,0,3,0,2,111,0,113,0,4,112,0,116,266,0,266,382
08/03/2004,MDH,IL,AGL,CE,Federal Contract Tower,0,6,4,0,10,0,0,107,0,107,0,6,111,0,117,188,0,188,305
08/04/2004,MDH,IL,AGL,CE,Federal Contract Tower,0,4,5,0,9,0,0,78,0,78,0,4,83,0,87,228,0,228,315
08/05/2004,MDH,IL,AGL,CE,Federal Contract Tower,0,0,3,0,3,0,0,50,0,50,0,0,53,0,53,174,0,174,227
08/06/2004,MDH,IL,AGL,CE,Federal Contract Tower,0,6,7,0,13,0,1,120,0,121,0,7,127,0,134,328,0,328,462
08/07/2004,MDH,IL,AGL,CE,Federal Contract Tower,0,0,2,0,2,0,0,68,0,68,0,0,70,0,70,78,0,78,148
08/08/2004,MDH,IL,AGL,CE,Federal Contract Tower,0,2,3,0,5,0,0,56,0,56,0,2,59,0,61,30,0,30,91
08/09/2004,MDH,IL,AGL,CE,Federal Contract Tower,0,5,5,0,10,0,3,73,0,76,0,8,78,0,86,214,4,218,304
08/10/2004,MDH,IL,AGL,CE,Federal Contract Tower,0,6,5,0,11,0,5,83,0,88,0,11,88,0,99,154,0,154,253
08/11/2004,MDH,IL,AGL,CE,Federal Contract Tower,0,0,4,0,4,0,0,52,0,52,0,0,56,0,56,60,0,60,116
08/12/2004,MDH,IL,AGL,CE,Federal Contract Tower,0,4,4,0,8,0,5,50,0,55,0,9,54,0,63,184,0,184,247
08/13/2004,MDH,IL,AGL,CE,Federal Contract Tower,0,6,6,0,12,0,7,46,0,53,0,13,52,0,65,96,0,96,161
08/14/2004,MDH,IL,AGL,CE,Federal Contract Tower,0,0,2,0,2,0,0,42,2,44,0,0,44,2,46,122,4,126,172
08/15/2004,MDH,IL,AGL,CE,Federal Contract Tower,0,2,1,0,3,0,2,43,0,45,0,4,44,0,48,34,0,34,82
08/16/2004,MDH,IL,AGL,CE,Federal Contract Tower,0,1,2,0,3,0,0,39,0,39,0,1,41,0,42,122,0,122,164
08/17/2004,MDH,IL,AGL,CE,Federal Contract Tower,0,3,5,0,8,0,9,47,0,56,0,12,52,0,64,92,0,92,156
08/18/2004,MDH,IL,AGL,CE,Federal Contract Tower,0,3,5,0,8,0,2,113,0,115,0,5,118,0,123,206,0,206,329
08/19/2004,MDH,IL,AGL,CE,Federal Contract Tower,0,3,5,0,8,0,4,65,0,69,0,7,70,0,77,158,0,158,235
08/20/2004,MDH,IL,AGL,CE,Federal Contract Tower,0,8,11,0,19,0,1,6,0,7,0,9,17,0,26,8,0,8,34
08/21/2004,MDH,IL,AGL,CE,Federal Contract Tower,0,3,4,0,7,0,2,56,0,58,0,5,60,0,65,82,0,82,147
08/22/2004,MDH,IL,AGL,CE,Federal Contract Tower,0,5,7,0,12,0,4,47,0,51,0,9,54,0,63,94,0,94,157
08/23/2004,MDH,IL,AGL,CE,Federal Contract Tower,0,1,3,0,4,0,2,5,2,9,0,3,8,2,13,0,0,0,13
08/24/2004,MDH,IL,AGL,CE,Federal Contract Tower,0,0,3,0,3,0,0,12,0,12,0,0,15,0,15,8,0,8,23
08/25/2004,MDH,IL,AGL,CE,Federal Contract Tower,0,4,5,0,9,0,0,26,0,26,0,4,31,0,35,74,0,74,109
08/26/2004,MDH,IL,AGL,CE,Federal Contract Tower,0,0,0,0,0,0,0,0,0,0,0,0,0,0,0,0,0,0,0
08/27/2004,MDH,IL,AGL,CE,Federal Contract Tower,0,4,6,0,10,0,1,152,0,153,0,5,158,0,163,264,0,264,427
08/28/2004,MDH,IL,AGL,CE,Federal Contract Tower,0,0,0,0,0,0,0,25,0,25,0,0,25,0,25,104,0,104,129
08/29/2004,MDH,IL,AGL,CE,Federal Contract Tower,0,5,8,0,13,0,0,10,0,10,0,5,18,0,23,24,0,24,47
08/30/2004,MDH,IL,AGL,CE,Federal Contract Tower,0,6,8,0,14,0,0,228,0,228,0,6,236,0,242,412,0,412,654
08/31/2004,MDH,IL,AGL,CE,Federal Contract Tower,0,0,3,0,3,0,0,169,0,169,0,0,172,0,172,342,0,342,514
09/01/2004,MDH,IL,AGL,CE,Federal Contract Tower,0,5,4,0,9,0,0,172,2,174,0,5,176,2,183,340,0,340,523
09/02/2004,MDH,IL,AGL,CE,Federal Contract Tower,0,0,1,0,1,0,0,189,0,189,0,0,190,0,190,340,0,340,530
09/03/2004,MDH,IL,AGL,CE,Federal Contract Tower,0,7,4,0,11,0,0,50,0,50,0,7,54,0,61,140,0,140,201
09/04/2004,MDH,IL,AGL,CE,Federal Contract Tower,0,7,4,0,11,0,3,20,0,23,0,10,24,0,34,24,0,24,58
09/05/2004,MDH,IL,AGL,CE,Federal Contract Tower,0,4,2,0,6,0,3,37,0,40,0,7,39,0,46,0,0,0,46
09/06/2004,MDH,IL,AGL,CE,Federal Contract Tower,0,5,5,0,10,0,1,34,0,35,0,6,39,0,45,60,0,60,105
09/07/2004,MDH,IL,AGL,CE,Federal Contract Tower,0,3,3,0,6,0,1,213,2,216,0,4,216,2,222,270,0,270,492
09/08/2004,MDH,IL,AGL,CE,Federal Contract Tower,0,6,6,0,12,0,3,232,0,235,0,9,238,0,247,394,0,394,641
09/09/2004,MDH,IL,AGL,CE,Federal Contract Tower,0,4,4,0,8,0,1,253,0,254,0,5,257,0,262,447,0,447,709
09/10/2004,MDH,IL,AGL,CE,Federal Contract Tower,0,2,3,0,5,0,0,208,0,208,0,2,211,0,213,494,0,494,707
09/11/2004,MDH,IL,AGL,CE,Federal Contract Tower,0,2,3,0,5,0,3,86,0,89,0,5,89,0,94,148,0,148,242
09/12/2004,MDH,IL,AGL,CE,Federal Contract Tower,0,5,6,0,11,0,4,82,0,86,0,9,88,0,97,36,0,36,133
09/13/2004,MDH,IL,AGL,CE,Federal Contract Tower,0,3,4,0,7,0,1,231,0,232,0,4,235,0,239,678,0,678,917
09/14/2004,MDH,IL,AGL,CE,Federal Contract Tower,0,3,3,0,6,0,0,132,0,132,0,3,135,0,138,502,0,502,640
09/15/2004,MDH,IL,AGL,CE,Federal Contract Tower,0,6,7,0,13,0,3,207,0,210,0,9,214,0,223,424,0,424,647
09/16/2004,MDH,IL,AGL,CE,Federal Contract Tower,0,4,5,0,9,0,0,252,0,252,0,4,257,0,261,696,0,696,957
09/17/2004,MDH,IL,AGL,CE,Federal Contract Tower,0,2,4,0,6,0,0,231,0,231,0,2,235,0,237,326,0,326,563
09/18/2004,MDH,IL,AGL,CE,Federal Contract Tower,0,5,5,0,10,0,6,137,0,143,0,11,142,0,153,176,0,176,329
09/19/2004,MDH,IL,AGL,CE,Federal Contract Tower,0,4,4,0,8,0,3,79,0,82,0,7,83,0,90,94,0,94,184
09/20/2004,MDH,IL,AGL,CE,Federal Contract Tower,0,7,8,0,15,0,2,229,0,231,0,9,237,0,246,508,0,508,754
09/21/2004,MDH,IL,AGL,CE,Federal Contract Tower,0,5,5,0,10,0,4,224,0,228,0,9,229,0,238,454,0,454,692
09/22/2004,MDH,IL,AGL,CE,Federal Contract Tower,0,8,9,0,17,0,0,217,0,217,0,8,226,0,234,488,0,488,722
09/23/2004,MDH,IL,AGL,CE,Federal Contract Tower,0,9,11,0,20,0,0,258,0,258,0,9,269,0,278,708,0,708,986
09/24/2004,MDH,IL,AGL,CE,Federal Contract Tower,0,13,13,0,26,0,0,161,0,161,0,13,174,0,187,386,0,386,573
09/25/2004,MDH,IL,AGL,CE,Federal Contract Tower,0,3,4,0,7,0,2,95,0,97,0,5,99,0,104,148,0,148,252
09/26/2004,MDH,IL,AGL,CE,Federal Contract Tower,0,3,4,0,7,0,6,65,0,71,0,9,69,0,78,126,0,126,204
09/27/2004,MDH,IL,AGL,CE,Federal Contract Tower,0,0,0,0,0,0,4,188,0,192,0,4,188,0,192,582,0,582,774
09/28/2004,MDH,IL,AGL,CE,Federal Contract Tower,0,0,2,0,2,0,0,190,0,190,0,0,192,0,192,596,0,596,788
09/29/2004,MDH,IL,AGL,CE,Federal Contract Tower,0,1,2,0,3,0,2,174,0,176,0,3,176,0,179,360,0,360,539
09/30/2004,MDH,IL,AGL,CE,Federal Contract Tower,0,4,5,0,9,0,3,245,6,254,0,7,250,6,263,714,0,714,977
10/01/2004,MDH,IL,AGL,CE,Federal Contract Tower,0,7,14,0,21,0,1,153,0,154,0,8,167,0,175,283,0,283,458
10/02/2004,MDH,IL,AGL,CE,Federal Contract Tower,2,0,4,0,6,0,0,45,0,45,2,0,49,0,51,30,0,30,81
10/03/2004,MDH,IL,AGL,CE,Federal Contract Tower,0,0,8,0,8,0,0,78,0,78,0,0,86,0,86,74,0,74,160
10/04/2004,MDH,IL,AGL,CE,Federal Contract Tower,0,4,6,0,10,0,0,246,0,246,0,4,252,0,256,564,0,564,820
10/05/2004,MDH,IL,AGL,CE,Federal Contract Tower,0,8,4,0,12,0,3,193,0,196,0,11,197,0,208,456,0,456,664
10/06/2004,MDH,IL,AGL,CE,Federal Contract Tower,0,4,2,0,6,0,4,182,0,186,0,8,184,0,192,720,0,720,912
10/07/2004,MDH,IL,AGL,CE,Federal Contract Tower,0,5,1,0,6,0,0,239,0,239,0,5,240,0,245,832,0,832,1077
10/08/2004,MDH,IL,AGL,CE,Federal Contract Tower,0,2,10,0,12,0,0,37,0,37,0,2,47,0,49,178,0,178,227
10/09/2004,MDH,IL,AGL,CE,Federal Contract Tower,0,2,3,0,5,0,0,57,0,57,0,2,60,0,62,60,0,60,122
10/10/2004,MDH,IL,AGL,CE,Federal Contract Tower,0,4,3,0,7,0,0,56,0,56,0,4,59,0,63,76,0,76,139
10/11/2004,MDH,IL,AGL,CE,Federal Contract Tower,0,4,3,0,7,0,0,92,0,92,0,4,95,0,99,242,0,242,341
10/12/2004,MDH,IL,AGL,CE,Federal Contract Tower,0,9,16,0,25,0,0,0,0,0,0,9,16,0,25,0,0,0,25
10/13/2004,MDH,IL,AGL,CE,Federal Contract Tower,0,10,13,0,23,0,3,16,0,19,0,13,29,0,42,226,0,226,268
10/14/2004,MDH,IL,AGL,CE,Federal Contract Tower,0,6,21,0,27,0,0,16,0,16,0,6,37,0,43,38,0,38,81
10/15/2004,MDH,IL,AGL,CE,Federal Contract Tower,0,6,4,0,10,0,0,184,0,184,0,6,188,0,194,580,0,580,774
10/16/2004,MDH,IL,AGL,CE,Federal Contract Tower,0,2,1,0,3,0,0,72,0,72,0,2,73,0,75,66,0,66,141
10/17/2004,MDH,IL,AGL,CE,Federal Contract Tower,0,3,3,0,6,0,0,64,0,64,0,3,67,0,70,94,0,94,164
10/18/2004,MDH,IL,AGL,CE,Federal Contract Tower,0,2,1,0,3,0,0,1,0,1,0,2,2,0,4,2,0,2,6
10/19/2004,MDH,IL,AGL,CE,Federal Contract Tower,0,9,13,0,22,0,1,7,0,8,0,10,20,0,30,0,0,0,30
10/20/2004,MDH,IL,AGL,CE,Federal Contract Tower,0,8,10,0,18,0,0,1,0,1,0,8,11,0,19,6,0,6,25
10/21/2004,MDH,IL,AGL,CE,Federal Contract Tower,0,2,18,0,20,0,0,14,0,14,0,2,32,0,34,44,0,44,78
10/22/2004,MDH,IL,AGL,CE,Federal Contract Tower,0,11,9,0,20,0,1,18,0,19,0,12,27,0,39,60,0,60,99
10/23/2004,MDH,IL,AGL,CE,Federal Contract Tower,0,3,0,0,3,0,2,3,0,5,0,5,3,0,8,6,0,6,14
10/24/2004,MDH,IL,AGL,CE,Federal Contract Tower,0,0,6,0,6,0,0,122,0,122,0,0,128,0,128,158,0,158,286
10/25/2004,MDH,IL,AGL,CE,Federal Contract Tower,0,1,4,0,5,0,3,270,0,273,0,4,274,0,278,626,0,626,904
10/26/2004,MDH,IL,AGL,CE,Federal Contract Tower,0,2,4,0,6,0,0,47,0,47,0,2,51,0,53,178,0,178,231
10/27/2004,MDH,IL,AGL,CE,Federal Contract Tower,0,3,13,0,16,0,0,22,0,22,0,3,35,0,38,58,0,58,96
10/28/2004,MDH,IL,AGL,CE,Federal Contract Tower,0,9,4,0,13,0,0,47,0,47,0,9,51,0,60,306,0,306,366
10/29/2004,MDH,IL,AGL,CE,Federal Contract Tower,0,6,6,0,12,0,0,178,0,178,0,6,184,0,190,396,0,396,586
10/30/2004,MDH,IL,AGL,CE,Federal Contract Tower,0,0,1,0,1,0,0,81,0,81,0,0,82,0,82,88,0,88,170
10/31/2004,MDH,IL,AGL,CE,Federal Contract Tower,0,2,5,0,7,0,2,90,0,92,0,4,95,0,99,274,0,274,373
11/01/2004,MDH,IL,AGL,CE,Federal Contract Tower,0,3,4,0,7,0,0,10,0,10,0,3,14,0,17,54,0,54,71
11/02/2004,MDH,IL,AGL,CE,Federal Contract Tower,0,2,9,0,11,0,0,0,0,0,0,2,9,0,11,0,0,0,11
11/03/2004,MDH,IL,AGL,CE,Federal Contract Tower,0,5,13,0,18,0,0,34,0,34,0,5,47,0,52,38,0,38,90
11/04/2004,MDH,IL,AGL,CE,Federal Contract Tower,0,9,4,0,13,0,2,116,0,118,0,11,120,0,131,402,0,402,533
11/05/2004,MDH,IL,AGL,CE,Federal Contract Tower,0,5,7,0,12,0,4,230,0,234,0,9,237,0,246,602,0,602,848
11/06/2004,MDH,IL,AGL,CE,Federal Contract Tower,0,3,6,1,10,0,0,126,0,126,0,3,132,1,136,448,0,448,584
11/07/2004,MDH,IL,AGL,CE,Federal Contract Tower,0,3,1,0,4,0,4,70,0,74,0,7,71,0,78,288,0,288,366
11/08/2004,MDH,IL,AGL,CE,Federal Contract Tower,0,4,2,0,6,0,3,336,0,339,0,7,338,0,345,766,0,766,1111
11/09/2004,MDH,IL,AGL,CE,Federal Contract Tower,0,1,12,0,13,0,1,301,0,302,0,2,313,0,315,570,0,570,885
11/10/2004,MDH,IL,AGL,CE,Federal Contract Tower,0,5,2,0,7,0,0,167,0,167,0,5,169,0,174,248,0,248,422
11/11/2004,MDH,IL,AGL,CE,Federal Contract Tower,0,3,2,0,5,0,0,0,0,0,0,3,2,0,5,0,0,0,5
11/12/2004,MDH,IL,AGL,CE,Federal Contract Tower,0,4,15,0,19,0,3,139,0,142,0,7,154,0,161,352,0,352,513
11/13/2004,MDH,IL,AGL,CE,Federal Contract Tower,0,2,5,0,7,0,0,129,0,129,0,2,134,0,136,250,0,250,386
11/14/2004,MDH,IL,AGL,CE,Federal Contract Tower,0,0,7,0,7,0,0,69,0,69,0,0,76,0,76,60,0,60,136
11/15/2004,MDH,IL,AGL,CE,Federal Contract Tower,0,4,6,0,10,0,0,242,0,242,0,4,248,0,252,532,0,532,784
11/16/2004,MDH,IL,AGL,CE,Federal Contract Tower,0,5,10,0,15,0,0,162,0,162,0,5,172,0,177,398,0,398,575
11/17/2004,MDH,IL,AGL,CE,Federal Contract Tower,0,5,5,0,10,0,3,151,1,155,0,8,156,1,165,322,0,322,487
11/18/2004,MDH,IL,AGL,CE,Federal Contract Tower,0,5,9,0,14,0,0,67,0,67,0,5,76,0,81,176,0,176,257
11/19/2004,MDH,IL,AGL,CE,Federal Contract Tower,0,4,6,0,10,0,0,11,0,11,0,4,17,0,21,20,0,20,41
11/20/2004,MDH,IL,AGL,CE,Federal Contract Tower,0,2,5,0,7,0,0,12,0,12,0,2,17,0,19,8,0,8,27
11/21/2004,MDH,IL,AGL,CE,Federal Contract Tower,0,4,1,0,5,0,0,14,0,14,0,4,15,0,19,44,0,44,63
11/22/2004,MDH,IL,AGL,CE,Federal Contract Tower,0,2,6,0,8,0,0,0,0,0,0,2,6,0,8,0,0,0,8
11/23/2004,MDH,IL,AGL,CE,Federal Contract Tower,0,2,1,0,3,0,0,14,0,14,0,2,15,0,17,0,0,0,17
11/24/2004,MDH,IL,AGL,CE,Federal Contract Tower,0,7,0,0,7,0,0,0,0,0,0,7,0,0,7,0,0,0,7
11/25/2004,MDH,IL,AGL,CE,Federal Contract Tower,0,2,1,0,3,0,0,28,0,28,0,2,29,0,31,0,0,0,31
11/26/2004,MDH,IL,AGL,CE,Federal Contract Tower,0,1,1,0,2,0,0,14,0,14,0,1,15,0,16,6,0,6,22
11/27/2004,MDH,IL,AGL,CE,Federal Contract Tower,0,1,0,0,1,0,0,0,0,0,0,1,0,0,1,0,0,0,1
11/28/2004,MDH,IL,AGL,CE,Federal Contract Tower,0,5,9,0,14,0,2,27,0,29,0,7,36,0,43,32,0,32,75
11/29/2004,MDH,IL,AGL,CE,Federal Contract Tower,0,5,2,0,7,0,1,53,0,54,0,6,55,0,61,134,0,134,195
11/30/2004,MDH,IL,AGL,CE,Federal Contract Tower,0,3,2,0,5,0,0,0,0,0,0,3,2,0,5,0,0,0,5
12/01/2004,MDH,IL,AGL,CE,Federal Contract Tower,0,4,13,0,17,0,2,195,0,197,0,6,208,0,214,450,0,450,664
12/02/2004,MDH,IL,AGL,CE,Federal Contract Tower,0,9,9,0,18,0,0,208,0,208,0,9,217,0,226,550,0,550,776
12/03/2004,MDH,IL,AGL,CE,Federal Contract Tower,0,11,11,0,22,0,0,263,0,263,0,11,274,0,285,478,0,478,763
12/04/2004,MDH,IL,AGL,CE,Federal Contract Tower,0,0,3,0,3,0,0,163,0,163,0,0,166,0,166,312,0,312,478
12/05/2004,MDH,IL,AGL,CE,Federal Contract Tower,0,0,2,0,2,0,0,48,0,48,0,0,50,0,50,66,0,66,116
12/06/2004,MDH,IL,AGL,CE,Federal Contract Tower,0,6,6,3,15,0,1,22,3,26,0,7,28,6,41,42,0,42,83
12/07/2004,MDH,IL,AGL,CE,Federal Contract Tower,0,2,0,0,2,0,0,80,0,80,0,2,80,0,82,168,0,168,250
12/08/2004,MDH,IL,AGL,CE,Federal Contract Tower,0,6,10,0,16,0,0,152,0,152,0,6,162,0,168,354,0,354,522
12/09/2004,MDH,IL,AGL,CE,Federal Contract Tower,0,6,8,0,14,0,3,178,0,181,0,9,186,0,195,438,0,438,633
12/10/2004,MDH,IL,AGL,CE,Federal Contract Tower,0,3,7,0,10,0,2,7,0,9,0,5,14,0,19,18,0,18,37
12/11/2004,MDH,IL,AGL,CE,Federal Contract Tower,0,0,3,0,3,0,3,49,0,52,0,3,52,0,55,82,0,82,137
12/12/2004,MDH,IL,AGL,CE,Federal Contract Tower,0,2,3,0,5,0,2,96,0,98,0,4,99,0,103,270,0,270,373
12/13/2004,MDH,IL,AGL,CE,Federal Contract Tower,0,2,0,0,2,0,5,64,0,69,0,7,64,0,71,106,0,106,177
12/14/2004,MDH,IL,AGL,CE,Federal Contract Tower,0,1,5,0,6,0,4,166,0,170,0,5,171,0,176,312,0,312,488
12/15/2004,MDH,IL,AGL,CE,Federal Contract Tower,0,5,3,0,8,0,2,168,0,170,0,7,171,0,178,290,0,290,468
12/16/2004,MDH,IL,AGL,CE,Federal Contract Tower,0,7,1,0,8,0,2,137,0,139,0,9,138,0,147,266,0,266,413
12/17/2004,MDH,IL,AGL,CE,Federal Contract Tower,0,3,4,0,7,0,2,160,0,162,0,5,164,0,169,336,0,336,505
12/18/2004,MDH,IL,AGL,CE,Federal Contract Tower,0,1,3,0,4,0,0,66,0,66,0,1,69,0,70,76,0,76,146
12/19/2004,MDH,IL,AGL,CE,Federal Contract Tower,0,0,2,0,2,0,0,7,0,7,0,0,9,0,9,2,0,2,11
12/20/2004,MDH,IL,AGL,CE,Federal Contract Tower,0,5,5,0,10,0,8,75,0,83,0,13,80,0,93,78,0,78,171
12/21/2004,MDH,IL,AGL,CE,Federal Contract Tower,0,2,6,0,8,0,1,91,0,92,0,3,97,0,100,160,0,160,260
12/22/2004,MDH,IL,AGL,CE,Federal Contract Tower,0,1,1,0,2,0,2,2,0,4,0,3,3,0,6,0,0,0,6
12/23/2004,MDH,IL,AGL,CE,Federal Contract Tower,0,0,2,0,2,0,2,5,0,7,0,2,7,0,9,0,0,0,9
12/24/2004,MDH,IL,AGL,CE,Federal Contract Tower,0,0,0,0,0,0,4,2,0,6,0,4,2,0,6,0,0,0,6
12/25/2004,MDH,IL,AGL,CE,Federal Contract Tower,0,0,0,0,0,0,4,1,0,5,0,4,1,0,5,0,0,0,5
12/26/2004,MDH,IL,AGL,CE,Federal Contract Tower,0,0,0,0,0,0,0,6,0,6,0,0,6,0,6,0,0,0,6
12/27/2004,MDH,IL,AGL,CE,Federal Contract Tower,0,1,2,0,3,0,2,10,0,12,0,3,12,0,15,12,0,12,27
12/28/2004,MDH,IL,AGL,CE,Federal Contract Tower,0,2,3,0,5,0,0,19,0,19,0,2,22,0,24,26,0,26,50
12/29/2004,MDH,IL,AGL,CE,Federal Contract Tower,1,2,2,0,5,0,1,37,0,38,1,3,39,0,43,40,0,40,83
12/30/2004,MDH,IL,AGL,CE,Federal Contract Tower,0,0,2,0,2,0,0,13,0,13,0,0,15,0,15,36,0,36,51
12/31/2004,MDH,IL,AGL,CE,Federal Contract Tower,0,0,6,0,6,0,0,3,0,3,0,0,9,0,9,4,0,4,13
01/01/2005,MDH,IL,AGL,CE,Federal Contract Tower,0,0,0,0,0,0,0,0,0,0,0,0,0,0,0,2,0,2,2
01/02/2005,MDH,IL,AGL,CE,Federal Contract Tower,0,0,0,0,0,0,0,0,0,0,0,0,0,0,0,0,0,0,0
01/03/2005,MDH,IL,AGL,CE,Federal Contract Tower,0,1,7,0,8,0,0,1,0,1,0,1,8,0,9,2,0,2,11
01/04/2005,MDH,IL,AGL,CE,Federal Contract Tower,0,2,3,0,5,0,0,0,0,0,0,2,3,0,5,0,0,0,5
01/05/2005,MDH,IL,AGL,CE,Federal Contract Tower,0,5,6,0,11,0,0,0,0,0,0,5,6,0,11,0,0,0,11
01/06/2005,MDH,IL,AGL,CE,Federal Contract Tower,0,3,6,0,9,0,0,6,0,6,0,3,12,0,15,2,0,2,17
01/07/2005,MDH,IL,AGL,CE,Federal Contract Tower,0,8,0,0,8,0,1,4,0,5,0,9,4,0,13,10,0,10,23
01/08/2005,MDH,IL,AGL,CE,Federal Contract Tower,0,0,10,0,10,0,0,8,0,8,0,0,18,0,18,20,0,20,38
01/09/2005,MDH,IL,AGL,CE,Federal Contract Tower,0,2,2,0,4,0,0,10,0,10,0,2,12,0,14,14,0,14,28
01/10/2005,MDH,IL,AGL,CE,Federal Contract Tower,0,3,4,0,7,0,0,0,0,0,0,3,4,0,7,0,0,0,7
01/11/2005,MDH,IL,AGL,CE,Federal Contract Tower,0,2,3,0,5,0,0,2,0,2,0,2,5,0,7,0,0,0,7
01/12/2005,MDH,IL,AGL,CE,Federal Contract Tower,0,5,2,0,7,0,2,3,0,5,0,7,5,0,12,0,0,0,12
01/13/2005,MDH,IL,AGL,CE,Federal Contract Tower,0,2,8,0,10,0,0,2,0,2,0,2,10,0,12,12,0,12,24
01/14/2005,MDH,IL,AGL,CE,Federal Contract Tower,0,0,1,0,1,0,2,37,0,39,0,2,38,0,40,66,0,66,106
01/15/2005,MDH,IL,AGL,CE,Federal Contract Tower,0,2,3,0,5,0,2,59,0,61,0,4,62,0,66,66,0,66,132
01/16/2005,MDH,IL,AGL,CE,Federal Contract Tower,0,0,2,0,2,0,0,32,0,32,0,0,34,0,34,32,0,32,66
01/17/2005,MDH,IL,AGL,CE,Federal Contract Tower,0,0,1,0,1,0,0,25,0,25,0,0,26,0,26,4,0,4,30
01/18/2005,MDH,IL,AGL,CE,Federal Contract Tower,0,6,3,0,9,0,0,24,0,24,0,6,27,0,33,36,0,36,69
01/19/2005,MDH,IL,AGL,CE,Federal Contract Tower,0,4,1,0,5,0,2,51,0,53,0,6,52,0,58,64,0,64,122
01/20/2005,MDH,IL,AGL,CE,Federal Contract Tower,0,5,2,0,7,0,4,124,0,128,0,9,126,0,135,236,0,236,371
01/21/2005,MDH,IL,AGL,CE,Federal Contract Tower,0,4,3,0,7,0,3,5,0,8,0,7,8,0,15,14,0,14,29
01/22/2005,MDH,IL,AGL,CE,Federal Contract Tower,0,0,1,0,1,0,0,0,0,0,0,0,1,0,1,0,0,0,1
01/23/2005,MDH,IL,AGL,CE,Federal Contract Tower,0,0,4,0,4,0,2,43,0,45,0,2,47,0,49,50,0,50,99
01/24/2005,MDH,IL,AGL,CE,Federal Contract Tower,0,6,2,0,8,0,2,148,0,150,0,8,150,0,158,292,0,292,450
01/25/2005,MDH,IL,AGL,CE,Federal Contract Tower,0,5,2,0,7,0,0,165,0,165,0,5,167,0,172,328,0,328,500
01/26/2005,MDH,IL,AGL,CE,Federal Contract Tower,0,6,10,0,16,0,0,86,0,86,0,6,96,0,102,360,0,360,462
01/27/2005,MDH,IL,AGL,CE,Federal Contract Tower,0,0,2,0,2,0,6,177,0,183,0,6,179,0,185,362,0,362,547
01/28/2005,MDH,IL,AGL,CE,Federal Contract Tower,0,0,2,0,2,0,4,156,0,160,0,4,158,0,162,294,0,294,456
01/29/2005,MDH,IL,AGL,CE,Federal Contract Tower,0,2,0,0,2,0,0,2,0,2,0,2,2,0,4,22,0,22,26
01/30/2005,MDH,IL,AGL,CE,Federal Contract Tower,0,2,2,0,4,0,2,23,0,25,0,4,25,0,29,84,0,84,113
01/31/2005,MDH,IL,AGL,CE,Federal Contract Tower,0,0,0,0,0,0,0,4,0,4,0,0,4,0,4,14,0,14,18
02/01/2005,MDH,IL,AGL,CE,Federal Contract Tower,0,1,8,0,9,0,0,92,0,92,0,1,100,0,101,354,0,354,455
02/02/2005,MDH,IL,AGL,CE,Federal Contract Tower,0,4,1,0,5,0,0,0,0,0,0,4,1,0,5,0,0,0,5
02/03/2005,MDH,IL,AGL,CE,Federal Contract Tower,0,0,6,0,6,0,0,196,0,196,0,0,202,0,202,502,0,502,704
02/04/2005,MDH,IL,AGL,CE,Federal Contract Tower,0,3,7,0,10,0,2,220,0,222,0,5,227,0,232,410,0,410,642
02/05/2005,MDH,IL,AGL,CE,Federal Contract Tower,0,3,5,0,8,0,1,115,0,116,0,4,120,0,124,172,0,172,296
02/06/2005,MDH,IL,AGL,CE,Federal Contract Tower,0,0,3,0,3,0,0,32,0,32,0,0,35,0,35,78,0,78,113
02/07/2005,MDH,IL,AGL,CE,Federal Contract Tower,0,4,4,0,8,0,2,1,0,3,0,6,5,0,11,0,0,0,11
02/08/2005,MDH,IL,AGL,CE,Federal Contract Tower,0,5,9,0,14,0,0,0,0,0,0,5,9,0,14,0,0,0,14
02/09/2005,MDH,IL,AGL,CE,Federal Contract Tower,0,7,5,0,12,0,0,32,0,32,0,7,37,0,44,82,0,82,126
02/10/2005,MDH,IL,AGL,CE,Federal Contract Tower,0,4,5,0,9,0,0,210,8,218,0,4,215,8,227,542,0,542,769
02/11/2005,MDH,IL,AGL,CE,Federal Contract Tower,0,3,3,0,6,0,4,211,0,215,0,7,214,0,221,414,0,414,635
02/12/2005,MDH,IL,AGL,CE,Federal Contract Tower,0,2,3,0,5,0,0,125,0,125,0,2,128,0,130,214,0,214,344
02/13/2005,MDH,IL,AGL,CE,Federal Contract Tower,0,5,6,0,11,0,0,2,0,2,0,5,8,0,13,0,0,0,13
02/14/2005,MDH,IL,AGL,CE,Federal Contract Tower,0,0,7,0,7,0,0,198,0,198,0,0,205,0,205,347,0,347,552
02/15/2005,MDH,IL,AGL,CE,Federal Contract Tower,0,1,5,0,6,0,0,147,0,147,0,1,152,0,153,198,0,198,351
02/16/2005,MDH,IL,AGL,CE,Federal Contract Tower,0,3,3,0,6,0,2,170,0,172,0,5,173,0,178,282,0,282,460
02/17/2005,MDH,IL,AGL,CE,Federal Contract Tower,0,3,3,0,6,0,4,239,0,243,0,7,242,0,249,566,0,566,815
02/18/2005,MDH,IL,AGL,CE,Federal Contract Tower,0,0,1,0,1,0,0,195,0,195,0,0,196,0,196,334,0,334,530
02/19/2005,MDH,IL,AGL,CE,Federal Contract Tower,0,0,2,0,2,0,0,54,0,54,0,0,56,0,56,124,0,124,180
02/20/2005,MDH,IL,AGL,CE,Federal Contract Tower,0,3,4,0,7,0,2,0,0,2,0,5,4,0,9,0,0,0,9
02/21/2005,MDH,IL,AGL,CE,Federal Contract Tower,0,2,7,0,9,0,0,34,0,34,0,2,41,0,43,168,0,168,211
02/22/2005,MDH,IL,AGL,CE,Federal Contract Tower,0,6,6,0,12,0,1,18,0,19,0,7,24,0,31,40,0,40,71
02/23/2005,MDH,IL,AGL,CE,Federal Contract Tower,0,8,2,0,10,0,0,50,0,50,0,8,52,0,60,88,0,88,148
02/24/2005,MDH,IL,AGL,CE,Federal Contract Tower,0,2,5,0,7,0,0,149,0,149,0,2,154,0,156,356,0,356,512
02/25/2005,MDH,IL,AGL,CE,Federal Contract Tower,0,6,3,1,10,0,3,209,1,213,0,9,212,2,223,422,0,422,645
02/26/2005,MDH,IL,AGL,CE,Federal Contract Tower,0,1,9,0,10,0,0,330,0,330,0,1,339,0,340,274,0,274,614
02/27/2005,MDH,IL,AGL,CE,Federal Contract Tower,0,5,2,0,7,0,7,62,0,69,0,12,64,0,76,190,0,190,266
02/28/2005,MDH,IL,AGL,CE,Federal Contract Tower,0,0,0,0,0,0,0,12,0,12,0,0,12,0,12,2,0,2,14
03/01/2005,MDH,IL,AGL,CE,Federal Contract Tower,0,3,1,0,4,0,0,101,0,101,0,3,102,0,105,164,0,164,269
03/02/2005,MDH,IL,AGL,CE,Federal Contract Tower,0,4,3,0,7,0,4,223,0,227,0,8,226,0,234,440,0,440,674
03/03/2005,MDH,IL,AGL,CE,Federal Contract Tower,0,4,5,0,9,0,3,192,0,195,0,7,197,0,204,656,0,656,860
03/04/2005,MDH,IL,AGL,CE,Federal Contract Tower,0,1,2,0,3,0,0,155,3,158,0,1,157,3,161,246,0,246,407
03/05/2005,MDH,IL,AGL,CE,Federal Contract Tower,0,1,3,0,4,0,0,83,0,83,0,1,86,0,87,84,0,84,171
03/06/2005,MDH,IL,AGL,CE,Federal Contract Tower,0,0,1,0,1,0,2,98,0,100,0,2,99,0,101,120,0,120,221
03/07/2005,MDH,IL,AGL,CE,Federal Contract Tower,0,4,4,0,8,0,0,39,0,39,0,4,43,0,47,66,0,66,113
03/08/2005,MDH,IL,AGL,CE,Federal Contract Tower,0,2,1,0,3,0,2,160,0,162,0,4,161,0,165,404,0,404,569
03/09/2005,MDH,IL,AGL,CE,Federal Contract Tower,0,13,0,0,13,0,3,173,0,176,0,16,173,0,189,428,0,428,617
03/10/2005,MDH,IL,AGL,CE,Federal Contract Tower,0,6,9,0,15,0,4,86,4,94,0,10,95,4,109,132,0,132,241
03/11/2005,MDH,IL,AGL,CE,Federal Contract Tower,0,7,3,0,10,0,0,38,0,38,0,7,41,0,48,32,0,32,80
03/12/2005,MDH,IL,AGL,CE,Federal Contract Tower,0,2,1,0,3,0,0,51,0,51,0,2,52,0,54,32,0,32,86
03/13/2005,MDH,IL,AGL,CE,Federal Contract Tower,0,1,3,0,4,0,0,43,0,43,0,1,46,0,47,98,0,98,145
03/14/2005,MDH,IL,AGL,CE,Federal Contract Tower,0,1,0,0,1,0,2,45,0,47,0,3,45,0,48,10,0,10,58
03/15/2005,MDH,IL,AGL,CE,Federal Contract Tower,0,1,1,0,2,0,1,76,19,96,0,2,77,19,98,82,0,82,180
03/16/2005,MDH,IL,AGL,CE,Federal Contract Tower,0,3,4,0,7,0,0,102,0,102,0,3,106,0,109,98,0,98,207
03/17/2005,MDH,IL,AGL,CE,Federal Contract Tower,0,2,2,0,4,0,5,87,0,92,0,7,89,0,96,130,0,130,226
03/18/2005,MDH,IL,AGL,CE,Federal Contract Tower,0,7,2,0,9,0,0,54,0,54,0,7,56,0,63,64,0,64,127
03/19/2005,MDH,IL,AGL,CE,Federal Contract Tower,0,2,6,0,8,0,0,47,0,47,0,2,53,0,55,24,0,24,79
03/20/2005,MDH,IL,AGL,CE,Federal Contract Tower,0,6,6,0,12,0,0,60,2,62,0,6,66,2,74,98,4,102,176
03/21/2005,MDH,IL,AGL,CE,Federal Contract Tower,0,2,4,0,6,0,0,163,0,163,0,2,167,0,169,350,0,350,519
03/22/2005,MDH,IL,AGL,CE,Federal Contract Tower,0,0,6,0,6,0,0,0,0,0,0,0,6,0,6,0,0,0,6
03/23/2005,MDH,IL,AGL,CE,Federal Contract Tower,0,8,10,0,18,0,0,0,0,0,0,8,10,0,18,0,0,0,18
03/24/2005,MDH,IL,AGL,CE,Federal Contract Tower,0,2,9,0,11,0,0,116,0,116,0,2,125,0,127,470,0,470,597
03/25/2005,MDH,IL,AGL,CE,Federal Contract Tower,0,6,6,0,12,0,0,143,0,143,0,6,149,0,155,248,0,248,403
03/26/2005,MDH,IL,AGL,CE,Federal Contract Tower,0,0,11,0,11,0,0,7,0,7,0,0,18,0,18,10,0,10,28
03/27/2005,MDH,IL,AGL,CE,Federal Contract Tower,0,2,6,0,8,0,0,2,0,2,0,2,8,0,10,6,0,6,16
03/28/2005,MDH,IL,AGL,CE,Federal Contract Tower,0,2,5,0,7,0,0,236,0,236,0,2,241,0,243,572,0,572,815
03/29/2005,MDH,IL,AGL,CE,Federal Contract Tower,0,5,9,0,14,0,2,190,0,192,0,7,199,0,206,386,0,386,592
03/30/2005,MDH,IL,AGL,CE,Federal Contract Tower,0,5,1,4,10,0,2,76,0,78,0,7,77,4,88,36,0,36,124
03/31/2005,MDH,IL,AGL,CE,Federal Contract Tower,0,5,8,0,13,0,1,264,2,267,0,6,272,2,280,826,0,826,1106
04/01/2005,MDH,IL,AGL,CE,Federal Contract Tower,0,7,4,0,11,0,0,174,0,174,0,7,178,0,185,352,0,352,537
04/02/2005,MDH,IL,AGL,CE,Federal Contract Tower,0,4,5,0,9,0,0,68,0,68,0,4,73,0,77,56,0,56,133
04/03/2005,MDH,IL,AGL,CE,Federal Contract Tower,0,2,1,0,3,0,0,127,0,127,0,2,128,0,130,150,0,150,280
04/04/2005,MDH,IL,AGL,CE,Federal Contract Tower,0,2,3,0,5,0,0,226,0,226,0,2,229,0,231,428,0,428,659
04/05/2005,MDH,IL,AGL,CE,Federal Contract Tower,0,4,11,1,16,0,3,218,5,226,0,7,229,6,242,364,0,364,606
04/06/2005,MDH,IL,AGL,CE,Federal Contract Tower,0,4,5,0,9,0,0,119,0,119,0,4,124,0,128,228,0,228,356
04/07/2005,MDH,IL,AGL,CE,Federal Contract Tower,0,6,11,0,17,0,0,9,0,9,0,6,20,0,26,14,0,14,40
04/08/2005,MDH,IL,AGL,CE,Federal Contract Tower,0,7,14,0,21,0,4,150,0,154,0,11,164,0,175,282,0,282,457
04/09/2005,MDH,IL,AGL,CE,Federal Contract Tower,0,0,3,0,3,0,0,118,0,118,0,0,121,0,121,200,0,200,321
04/10/2005,MDH,IL,AGL,CE,Federal Contract Tower,0,0,0,0,0,0,4,60,0,64,0,4,60,0,64,90,0,90,154
04/11/2005,MDH,IL,AGL,CE,Federal Contract Tower,0,5,2,0,7,0,1,173,0,174,0,6,175,0,181,264,0,264,445
04/12/2005,MDH,IL,AGL,CE,Federal Contract Tower,0,3,3,0,6,0,0,82,0,82,0,3,85,0,88,282,0,282,370
04/13/2005,MDH,IL,AGL,CE,Federal Contract Tower,0,7,11,0,18,0,0,54,0,54,0,7,65,0,72,244,0,244,316
04/14/2005,MDH,IL,AGL,CE,Federal Contract Tower,0,2,12,0,14,0,1,334,0,335,0,3,346,0,349,812,0,812,1161
04/15/2005,MDH,IL,AGL,CE,Federal Contract Tower,0,3,4,0,7,0,0,240,0,240,0,3,244,0,247,434,0,434,681
04/16/2005,MDH,IL,AGL,CE,Federal Contract Tower,0,0,6,0,6,0,0,134,0,134,0,0,140,0,140,154,0,154,294
04/17/2005,MDH,IL,AGL,CE,Federal Contract Tower,0,0,6,0,6,0,0,145,0,145,0,0,151,0,151,380,0,380,531
04/18/2005,MDH,IL,AGL,CE,Federal Contract Tower,0,6,6,0,12,0,2,234,0,236,0,8,240,0,248,512,0,512,760
04/19/2005,MDH,IL,AGL,CE,Federal Contract Tower,0,6,2,0,8,0,0,179,0,179,0,6,181,0,187,398,0,398,585
04/20/2005,MDH,IL,AGL,CE,Federal Contract Tower,0,6,10,0,16,0,1,220,0,221,0,7,230,0,237,524,0,524,761
04/21/2005,MDH,IL,AGL,CE,Federal Contract Tower,0,3,3,0,6,0,0,157,0,157,0,3,160,0,163,474,0,474,637
04/22/2005,MDH,IL,AGL,CE,Federal Contract Tower,0,1,8,0,9,0,1,51,4,56,0,2,59,4,65,76,0,76,141
04/23/2005,MDH,IL,AGL,CE,Federal Contract Tower,0,8,2,0,10,0,0,19,0,19,0,8,21,0,29,0,0,0,29
04/24/2005,MDH,IL,AGL,CE,Federal Contract Tower,0,0,1,0,1,0,0,47,0,47,0,0,48,0,48,6,0,6,54
04/25/2005,MDH,IL,AGL,CE,Federal Contract Tower,0,3,2,0,5,0,5,204,0,209,0,8,206,0,214,438,0,438,652
04/26/2005,MDH,IL,AGL,CE,Federal Contract Tower,0,3,1,0,4,0,4,86,0,90,0,7,87,0,94,133,0,133,227
04/27/2005,MDH,IL,AGL,CE,Federal Contract Tower,0,3,16,0,19,0,1,151,0,152,0,4,167,0,171,232,0,232,403
04/28/2005,MDH,IL,AGL,CE,Federal Contract Tower,0,0,5,0,5,0,0,28,0,28,0,0,33,0,33,22,4,26,59
04/29/2005,MDH,IL,AGL,CE,Federal Contract Tower,0,11,7,1,19,0,0,1,1,2,0,11,8,2,21,2,0,2,23
04/30/2005,MDH,IL,AGL,CE,Federal Contract Tower,0,2,5,0,7,0,0,48,0,48,0,2,53,0,55,68,0,68,123
05/01/2005,MDH,IL,AGL,CE,Federal Contract Tower,0,1,2,0,3,0,0,90,0,90,0,1,92,0,93,108,0,108,201
05/02/2005,MDH,IL,AGL,CE,Federal Contract Tower,0,7,8,0,15,0,0,231,0,231,0,7,239,0,246,275,0,275,521
05/03/2005,MDH,IL,AGL,CE,Federal Contract Tower,0,5,6,0,11,0,1,192,0,193,0,6,198,0,204,312,0,312,516
05/04/2005,MDH,IL,AGL,CE,Federal Contract Tower,0,8,2,0,10,0,0,215,0,215,0,8,217,0,225,380,0,380,605
05/05/2005,MDH,IL,AGL,CE,Federal Contract Tower,0,6,9,0,15,0,4,183,0,187,0,10,192,0,202,286,0,286,488
05/06/2005,MDH,IL,AGL,CE,Federal Contract Tower,0,0,6,0,6,0,0,209,0,209,0,0,215,0,215,428,0,428,643
05/07/2005,MDH,IL,AGL,CE,Federal Contract Tower,0,0,5,2,7,0,0,89,2,91,0,0,94,4,98,110,0,110,208
05/08/2005,MDH,IL,AGL,CE,Federal Contract Tower,0,0,2,0,2,0,0,44,0,44,0,0,46,0,46,80,0,80,126
05/09/2005,MDH,IL,AGL,CE,Federal Contract Tower,0,0,5,0,5,0,0,18,0,18,0,0,23,0,23,34,0,34,57
05/10/2005,MDH,IL,AGL,CE,Federal Contract Tower,0,0,3,0,3,0,2,135,0,137,0,2,138,0,140,234,0,234,374
05/11/2005,MDH,IL,AGL,CE,Federal Contract Tower,0,4,7,0,11,0,0,94,0,94,0,4,101,0,105,180,0,180,285
05/12/2005,MDH,IL,AGL,CE,Federal Contract Tower,0,4,5,0,9,0,0,120,0,120,0,4,125,0,129,264,0,264,393
05/13/2005,MDH,IL,AGL,CE,Federal Contract Tower,0,4,3,0,7,0,0,68,0,68,0,4,71,0,75,40,0,40,115
05/14/2005,MDH,IL,AGL,CE,Federal Contract Tower,0,2,11,0,13,0,0,22,0,22,0,2,33,0,35,50,0,50,85
05/15/2005,MDH,IL,AGL,CE,Federal Contract Tower,0,0,15,0,15,0,0,64,0,64,0,0,79,0,79,52,0,52,131
05/16/2005,MDH,IL,AGL,CE,Federal Contract Tower,0,2,6,0,8,0,4,113,0,117,0,6,119,0,125,224,0,224,349
05/17/2005,MDH,IL,AGL,CE,Federal Contract Tower,0,2,13,0,15,0,0,142,0,142,0,2,155,0,157,150,0,150,307
05/18/2005,MDH,IL,AGL,CE,Federal Contract Tower,0,7,4,0,11,0,2,136,0,138,0,9,140,0,149,112,0,112,261
05/19/2005,MDH,IL,AGL,CE,Federal Contract Tower,0,0,5,0,5,0,0,55,0,55,0,0,60,0,60,102,0,102,162
05/20/2005,MDH,IL,AGL,CE,Federal Contract Tower,0,0,16,0,16,0,0,71,0,71,0,0,87,0,87,108,0,108,195
05/21/2005,MDH,IL,AGL,CE,Federal Contract Tower,0,2,15,0,17,0,0,73,0,73,0,2,88,0,90,38,0,38,128
05/22/2005,MDH,IL,AGL,CE,Federal Contract Tower,0,3,4,0,7,0,1,31,0,32,0,4,35,0,39,0,0,0,39
05/23/2005,MDH,IL,AGL,CE,Federal Contract Tower,0,7,8,0,15,0,1,141,0,142,0,8,149,0,157,190,0,190,347
05/24/2005,MDH,IL,AGL,CE,Federal Contract Tower,0,1,7,0,8,0,5,136,0,141,0,6,143,0,149,202,0,202,351
05/25/2005,MDH,IL,AGL,CE,Federal Contract Tower,0,4,0,0,4,0,0,117,0,117,0,4,117,0,121,160,0,160,281
05/26/2005,MDH,IL,AGL,CE,Federal Contract Tower,0,6,5,0,11,0,0,85,0,85,0,6,90,0,96,212,0,212,308
05/27/2005,MDH,IL,AGL,CE,Federal Contract Tower,0,4,5,0,9,0,0,107,0,107,0,4,112,0,116,190,0,190,306
05/28/2005,MDH,IL,AGL,CE,Federal Contract Tower,0,0,0,0,0,0,0,69,0,69,0,0,69,0,69,54,0,54,123
05/29/2005,MDH,IL,AGL,CE,Federal Contract Tower,0,0,5,0,5,0,8,14,0,22,0,8,19,0,27,0,0,0,27
05/30/2005,MDH,IL,AGL,CE,Federal Contract Tower,0,2,0,0,2,0,0,55,0,55,0,2,55,0,57,0,0,0,57
05/31/2005,MDH,IL,AGL,CE,Federal Contract Tower,0,5,3,0,8,0,0,97,0,97,0,5,100,0,105,168,0,168,273
06/01/2005,MDH,IL,AGL,CE,Federal Contract Tower,0,9,2,0,11,0,0,101,0,101,0,9,103,0,112,220,0,220,332
06/02/2005,MDH,IL,AGL,CE,Federal Contract Tower,0,4,12,0,16,0,0,25,0,25,0,4,37,0,41,58,0,58,99
06/03/2005,MDH,IL,AGL,CE,Federal Contract Tower,0,9,6,0,15,0,0,74,0,74,0,9,80,0,89,124,0,124,213
06/04/2005,MDH,IL,AGL,CE,Federal Contract Tower,0,5,2,0,7,0,0,38,0,38,0,5,40,0,45,14,0,14,59
06/05/2005,MDH,IL,AGL,CE,Federal Contract Tower,0,1,1,0,2,0,0,33,0,33,0,1,34,0,35,12,0,12,47
06/06/2005,MDH,IL,AGL,CE,Federal Contract Tower,0,3,4,0,7,0,3,105,0,108,0,6,109,0,115,198,0,198,313
06/07/2005,MDH,IL,AGL,CE,Federal Contract Tower,0,2,7,0,9,0,0,100,0,100,0,2,107,0,109,140,0,140,249
06/08/2005,MDH,IL,AGL,CE,Federal Contract Tower,0,8,2,0,10,0,2,107,0,109,0,10,109,0,119,214,0,214,333
06/09/2005,MDH,IL,AGL,CE,Federal Contract Tower,0,2,10,0,12,0,0,95,0,95,0,2,105,0,107,140,0,140,247
06/10/2005,MDH,IL,AGL,CE,Federal Contract Tower,0,4,4,0,8,0,0,90,0,90,0,4,94,0,98,180,0,180,278
06/11/2005,MDH,IL,AGL,CE,Federal Contract Tower,0,2,4,0,6,0,0,9,0,9,0,2,13,0,15,20,0,20,35
06/12/2005,MDH,IL,AGL,CE,Federal Contract Tower,0,2,1,0,3,0,0,3,0,3,0,2,4,0,6,0,0,0,6
06/13/2005,MDH,IL,AGL,CE,Federal Contract Tower,0,0,3,0,3,0,0,74,0,74,0,0,77,0,77,128,0,128,205
06/14/2005,MDH,IL,AGL,CE,Federal Contract Tower,0,2,0,0,2,0,0,104,0,104,0,2,104,0,106,146,0,146,252
06/15/2005,MDH,IL,AGL,CE,Federal Contract Tower,0,2,7,0,9,0,1,121,5,127,0,3,128,5,136,184,0,184,320
06/16/2005,MDH,IL,AGL,CE,Federal Contract Tower,0,0,5,0,5,0,0,155,2,157,0,0,160,2,162,332,0,332,494
06/17/2005,MDH,IL,AGL,CE,Federal Contract Tower,0,3,2,0,5,0,0,124,0,124,0,3,126,0,129,190,0,190,319
06/18/2005,MDH,IL,AGL,CE,Federal Contract Tower,0,0,2,0,2,0,0,74,0,74,0,0,76,0,76,26,0,26,102
06/19/2005,MDH,IL,AGL,CE,Federal Contract Tower,0,0,4,0,4,0,0,48,0,48,0,0,52,0,52,14,0,14,66
06/20/2005,MDH,IL,AGL,CE,Federal Contract Tower,0,7,1,0,8,0,0,159,0,159,0,7,160,0,167,258,0,258,425
06/21/2005,MDH,IL,AGL,CE,Federal Contract Tower,0,0,0,0,0,0,0,123,0,123,0,0,123,0,123,210,0,210,333
06/22/2005,MDH,IL,AGL,CE,Federal Contract Tower,0,9,1,0,10,0,0,151,0,151,0,9,152,0,161,238,0,238,399
06/23/2005,MDH,IL,AGL,CE,Federal Contract Tower,0,2,1,0,3,0,0,175,0,175,0,2,176,0,178,332,0,332,510
06/24/2005,MDH,IL,AGL,CE,Federal Contract Tower,0,1,4,0,5,0,0,85,0,85,0,1,89,0,90,166,0,166,256
06/25/2005,MDH,IL,AGL,CE,Federal Contract Tower,0,1,1,0,2,0,0,62,0,62,0,1,63,0,64,20,0,20,84
06/26/2005,MDH,IL,AGL,CE,Federal Contract Tower,0,3,5,0,8,0,0,31,0,31,0,3,36,0,39,10,0,10,49
06/27/2005,MDH,IL,AGL,CE,Federal Contract Tower,0,0,9,0,9,0,3,105,0,108,0,3,114,0,117,240,0,240,357
06/28/2005,MDH,IL,AGL,CE,Federal Contract Tower,0,7,6,0,13,0,0,115,0,115,0,7,121,0,128,278,0,278,406
06/29/2005,MDH,IL,AGL,CE,Federal Contract Tower,0,3,7,0,10,0,0,115,0,115,0,3,122,0,125,128,0,128,253
06/30/2005,MDH,IL,AGL,CE,Federal Contract Tower,0,5,2,0,7,0,0,116,0,116,0,5,118,0,123,246,0,246,369
07/01/2005,MDH,IL,AGL,CE,Federal Contract Tower,0,1,7,0,8,0,2,138,0,140,0,3,145,0,148,222,0,222,370
07/02/2005,MDH,IL,AGL,CE,Federal Contract Tower,0,0,3,0,3,0,0,75,0,75,0,0,78,0,78,20,0,20,98
07/03/2005,MDH,IL,AGL,CE,Federal Contract Tower,0,4,4,0,8,0,0,51,0,51,0,4,55,0,59,0,0,0,59
07/04/2005,MDH,IL,AGL,CE,Federal Contract Tower,0,0,1,0,1,0,0,17,0,17,0,0,18,0,18,0,0,0,18
07/05/2005,MDH,IL,AGL,CE,Federal Contract Tower,0,2,2,0,4,0,0,57,0,57,0,2,59,0,61,124,0,124,185
07/06/2005,MDH,IL,AGL,CE,Federal Contract Tower,0,9,3,0,12,0,0,142,0,142,0,9,145,0,154,204,0,204,358
07/07/2005,MDH,IL,AGL,CE,Federal Contract Tower,0,3,3,0,6,0,0,121,0,121,0,3,124,0,127,210,0,210,337
07/08/2005,MDH,IL,AGL,CE,Federal Contract Tower,0,4,3,0,7,0,0,124,0,124,0,4,127,0,131,224,0,224,355
07/09/2005,MDH,IL,AGL,CE,Federal Contract Tower,0,7,5,0,12,0,0,44,0,44,0,7,49,0,56,12,0,12,68
07/10/2005,MDH,IL,AGL,CE,Federal Contract Tower,0,3,5,0,8,0,0,52,0,52,0,3,57,0,60,44,0,44,104
07/11/2005,MDH,IL,AGL,CE,Federal Contract Tower,0,2,7,0,9,0,0,9,0,9,0,2,16,0,18,2,0,2,20
07/12/2005,MDH,IL,AGL,CE,Federal Contract Tower,0,1,13,0,14,0,0,0,0,0,0,1,13,0,14,0,0,0,14
07/13/2005,MDH,IL,AGL,CE,Federal Contract Tower,0,9,10,0,19,0,0,40,0,40,0,9,50,0,59,102,0,102,161
07/14/2005,MDH,IL,AGL,CE,Federal Contract Tower,0,3,8,0,11,0,0,52,0,52,0,3,60,0,63,94,0,94,157
07/15/2005,MDH,IL,AGL,CE,Federal Contract Tower,0,0,6,0,6,0,0,11,0,11,0,0,17,0,17,0,0,0,17
07/16/2005,MDH,IL,AGL,CE,Federal Contract Tower,0,0,4,0,4,0,0,51,0,51,0,0,55,0,55,26,0,26,81
07/17/2005,MDH,IL,AGL,CE,Federal Contract Tower,0,0,5,0,5,0,0,18,0,18,0,0,23,0,23,34,0,34,57
07/18/2005,MDH,IL,AGL,CE,Federal Contract Tower,0,1,5,0,6,0,0,96,2,98,0,1,101,2,104,112,0,112,216
07/19/2005,MDH,IL,AGL,CE,Federal Contract Tower,0,3,6,0,9,0,0,134,10,144,0,3,140,10,153,224,0,224,377
07/20/2005,MDH,IL,AGL,CE,Federal Contract Tower,0,5,4,0,9,0,0,129,8,137,0,5,133,8,146,178,0,178,324
07/21/2005,MDH,IL,AGL,CE,Federal Contract Tower,0,3,3,0,6,0,4,131,6,141,0,7,134,6,147,222,0,222,369
07/22/2005,MDH,IL,AGL,CE,Federal Contract Tower,0,8,8,0,16,0,0,148,8,156,0,8,156,8,172,216,0,216,388
07/23/2005,MDH,IL,AGL,CE,Federal Contract Tower,0,0,4,0,4,0,2,36,0,38,0,2,40,0,42,32,0,32,74
07/24/2005,MDH,IL,AGL,CE,Federal Contract Tower,0,3,7,0,10,0,2,24,0,26,0,5,31,0,36,24,0,24,60
07/25/2005,MDH,IL,AGL,CE,Federal Contract Tower,0,0,2,0,2,0,0,128,10,138,0,0,130,10,140,174,0,174,314
07/26/2005,MDH,IL,AGL,CE,Federal Contract Tower,0,3,2,0,5,0,0,136,16,152,0,3,138,16,157,162,0,162,319
07/27/2005,MDH,IL,AGL,CE,Federal Contract Tower,0,5,9,0,14,0,0,53,12,65,0,5,62,12,79,108,0,108,187
07/28/2005,MDH,IL,AGL,CE,Federal Contract Tower,0,3,2,0,5,0,0,127,11,138,0,3,129,11,143,198,0,198,341
07/29/2005,MDH,IL,AGL,CE,Federal Contract Tower,0,0,3,0,3,0,0,130,0,130,0,0,133,0,133,188,0,188,321
07/30/2005,MDH,IL,AGL,CE,Federal Contract Tower,0,0,2,0,2,0,0,61,0,61,0,0,63,0,63,44,0,44,107
07/31/2005,MDH,IL,AGL,CE,Federal Contract Tower,0,1,1,0,2,0,0,56,0,56,0,1,57,0,58,20,0,20,78
08/01/2005,MDH,IL,AGL,CE,Federal Contract Tower,0,2,2,0,4,0,0,123,0,123,0,2,125,0,127,286,0,286,413
08/02/2005,MDH,IL,AGL,CE,Federal Contract Tower,0,8,2,0,10,0,0,121,0,121,0,8,123,0,131,182,0,182,313
08/03/2005,MDH,IL,AGL,CE,Federal Contract Tower,0,6,1,0,7,0,0,86,6,92,0,6,87,6,99,180,0,180,279
08/04/2005,MDH,IL,AGL,CE,Federal Contract Tower,0,5,3,0,8,0,0,106,6,112,0,5,109,6,120,204,0,204,324
08/05/2005,MDH,IL,AGL,CE,Federal Contract Tower,0,2,1,0,3,0,0,49,2,51,0,2,50,2,54,46,0,46,100
08/06/2005,MDH,IL,AGL,CE,Federal Contract Tower,0,1,0,0,1,0,2,33,0,35,0,3,33,0,36,46,0,46,82
08/07/2005,MDH,IL,AGL,CE,Federal Contract Tower,0,0,1,0,1,0,0,27,0,27,0,0,28,0,28,46,0,46,74
08/08/2005,MDH,IL,AGL,CE,Federal Contract Tower,0,0,4,0,4,0,0,43,0,43,0,0,47,0,47,54,0,54,101
08/09/2005,MDH,IL,AGL,CE,Federal Contract Tower,0,5,3,0,8,0,0,35,0,35,0,5,38,0,43,26,0,26,69
08/10/2005,MDH,IL,AGL,CE,Federal Contract Tower,0,4,0,0,4,0,7,40,2,49,0,11,40,2,53,32,0,32,85
08/11/2005,MDH,IL,AGL,CE,Federal Contract Tower,0,7,3,0,10,0,2,41,0,43,0,9,44,0,53,30,0,30,83
08/12/2005,MDH,IL,AGL,CE,Federal Contract Tower,0,6,3,0,9,0,2,38,0,40,0,8,41,0,49,30,0,30,79
08/13/2005,MDH,IL,AGL,CE,Federal Contract Tower,0,1,8,0,9,0,0,53,0,53,0,1,61,0,62,54,0,54,116
08/14/2005,MDH,IL,AGL,CE,Federal Contract Tower,0,2,2,0,4,0,1,27,0,28,0,3,29,0,32,18,0,18,50
08/15/2005,MDH,IL,AGL,CE,Federal Contract Tower,0,1,2,0,3,0,2,20,0,22,0,3,22,0,25,52,0,52,77
08/16/2005,MDH,IL,AGL,CE,Federal Contract Tower,0,4,9,0,13,0,1,14,0,15,0,5,23,0,28,2,0,2,30
08/17/2005,MDH,IL,AGL,CE,Federal Contract Tower,0,6,6,0,12,0,0,21,0,21,0,6,27,0,33,46,0,46,79
08/18/2005,MDH,IL,AGL,CE,Federal Contract Tower,0,1,2,0,3,0,0,34,0,34,0,1,36,0,37,90,0,90,127
08/19/2005,MDH,IL,AGL,CE,Federal Contract Tower,0,1,6,0,7,0,4,56,0,60,0,5,62,0,67,94,0,94,161
08/20/2005,MDH,IL,AGL,CE,Federal Contract Tower,0,0,2,0,2,0,0,43,0,43,0,0,45,0,45,44,0,44,89
08/21/2005,MDH,IL,AGL,CE,Federal Contract Tower,0,0,3,0,3,0,2,55,0,57,0,2,58,0,60,20,0,20,80
08/22/2005,MDH,IL,AGL,CE,Federal Contract Tower,0,4,1,0,5,0,2,75,0,77,0,6,76,0,82,124,0,124,206
08/23/2005,MDH,IL,AGL,CE,Federal Contract Tower,0,2,1,0,3,0,2,83,6,91,0,4,84,6,94,150,0,150,244
08/24/2005,MDH,IL,AGL,CE,Federal Contract Tower,0,17,5,0,22,0,0,108,0,108,0,17,113,0,130,118,0,118,248
08/25/2005,MDH,IL,AGL,CE,Federal Contract Tower,0,6,1,0,7,0,2,145,4,151,0,8,146,4,158,256,0,256,414
08/26/2005,MDH,IL,AGL,CE,Federal Contract Tower,0,15,4,0,19,0,1,11,0,12,0,16,15,0,31,16,0,16,47
08/27/2005,MDH,IL,AGL,CE,Federal Contract Tower,0,2,2,0,4,0,0,85,0,85,0,2,87,0,89,234,0,234,323
08/28/2005,MDH,IL,AGL,CE,Federal Contract Tower,0,2,7,0,9,0,0,27,0,27,0,2,34,0,36,18,0,18,54
08/29/2005,MDH,IL,AGL,CE,Federal Contract Tower,0,6,16,0,22,0,1,179,8,188,0,7,195,8,210,386,0,386,596
08/30/2005,MDH,IL,AGL,CE,Federal Contract Tower,0,6,2,0,8,0,0,6,0,6,0,6,8,0,14,6,0,6,20
08/31/2005,MDH,IL,AGL,CE,Federal Contract Tower,0,1,2,0,3,0,0,236,0,236,0,1,238,0,239,346,0,346,585
09/01/2005,MDH,IL,AGL,CE,Federal Contract Tower,0,2,5,0,7,0,4,236,2,242,0,6,241,2,249,346,0,346,595
09/02/2005,MDH,IL,AGL,CE,Federal Contract Tower,0,3,4,0,7,0,0,178,0,178,0,3,182,0,185,298,0,298,483
09/03/2005,MDH,IL,AGL,CE,Federal Contract Tower,0,2,2,0,4,0,0,43,0,43,0,2,45,0,47,12,0,12,59
09/04/2005,MDH,IL,AGL,CE,Federal Contract Tower,0,4,5,0,9,0,0,43,0,43,0,4,48,0,52,24,0,24,76
09/05/2005,MDH,IL,AGL,CE,Federal Contract Tower,0,0,6,0,6,0,0,66,0,66,0,0,72,0,72,32,0,32,104
09/06/2005,MDH,IL,AGL,CE,Federal Contract Tower,0,2,4,0,6,0,0,235,6,241,0,2,239,6,247,392,0,392,639
09/07/2005,MDH,IL,AGL,CE,Federal Contract Tower,0,7,2,0,9,0,0,176,0,176,0,7,178,0,185,344,0,344,529
09/08/2005,MDH,IL,AGL,CE,Federal Contract Tower,0,0,15,0,15,0,0,243,0,243,0,0,258,0,258,604,0,604,862
09/09/2005,MDH,IL,AGL,CE,Federal Contract Tower,0,2,7,0,9,0,0,186,0,186,0,2,193,0,195,336,0,336,531
09/10/2005,MDH,IL,AGL,CE,Federal Contract Tower,0,4,1,0,5,0,0,86,0,86,0,4,87,0,91,246,0,246,337
09/11/2005,MDH,IL,AGL,CE,Federal Contract Tower,0,0,7,0,7,0,4,52,0,56,0,4,59,0,63,170,0,170,233
09/12/2005,MDH,IL,AGL,CE,Federal Contract Tower,0,0,4,0,4,0,0,258,4,262,0,0,262,4,266,874,0,874,1140
09/13/2005,MDH,IL,AGL,CE,Federal Contract Tower,0,4,1,0,5,0,1,246,0,247,0,5,247,0,252,544,0,544,796
09/14/2005,MDH,IL,AGL,CE,Federal Contract Tower,0,9,3,0,12,0,3,179,0,182,0,12,182,0,194,460,0,460,654
09/15/2005,MDH,IL,AGL,CE,Federal Contract Tower,0,3,7,0,10,0,2,53,0,55,0,5,60,0,65,338,0,338,403
09/16/2005,MDH,IL,AGL,CE,Federal Contract Tower,0,0,21,0,21,0,0,41,6,47,0,0,62,6,68,130,0,130,198
09/17/2005,MDH,IL,AGL,CE,Federal Contract Tower,0,2,9,0,11,0,4,117,4,125,0,6,126,4,136,294,0,294,430
09/18/2005,MDH,IL,AGL,CE,Federal Contract Tower,0,1,4,0,5,0,0,46,0,46,0,1,50,0,51,130,0,130,181
09/19/2005,MDH,IL,AGL,CE,Federal Contract Tower,0,3,1,0,4,0,0,281,0,281,0,3,282,0,285,715,0,715,1000
09/20/2005,MDH,IL,AGL,CE,Federal Contract Tower,0,1,5,0,6,0,0,274,4,278,0,1,279,4,284,654,0,654,938
09/21/2005,MDH,IL,AGL,CE,Federal Contract Tower,0,12,1,0,13,0,0,177,0,177,0,12,178,0,190,334,0,334,524
09/22/2005,MDH,IL,AGL,CE,Federal Contract Tower,0,8,5,0,13,0,2,277,0,279,0,10,282,0,292,744,0,744,1036
09/23/2005,MDH,IL,AGL,CE,Federal Contract Tower,0,1,4,0,5,0,0,210,0,210,0,1,214,0,215,370,0,370,585
09/24/2005,MDH,IL,AGL,CE,Federal Contract Tower,0,2,0,0,2,0,0,125,0,125,0,2,125,0,127,250,0,250,377
09/25/2005,MDH,IL,AGL,CE,Federal Contract Tower,0,2,1,0,3,0,0,0,0,0,0,2,1,0,3,0,0,0,3
09/26/2005,MDH,IL,AGL,CE,Federal Contract Tower,0,6,6,0,12,0,1,100,6,107,0,7,106,6,119,324,0,324,443
09/27/2005,MDH,IL,AGL,CE,Federal Contract Tower,0,3,9,0,12,0,1,190,0,191,0,4,199,0,203,436,0,436,639
09/28/2005,MDH,IL,AGL,CE,Federal Contract Tower,0,7,1,0,8,0,1,205,0,206,0,8,206,0,214,356,0,356,570
09/29/2005,MDH,IL,AGL,CE,Federal Contract Tower,0,11,3,0,14,0,0,274,2,276,0,11,277,2,290,700,0,700,990
09/30/2005,MDH,IL,AGL,CE,Federal Contract Tower,0,7,7,0,14,0,3,259,6,268,0,10,266,6,282,588,0,588,870
10/01/2005,MDH,IL,AGL,CE,Federal Contract Tower,0,5,5,0,10,0,0,134,0,134,0,5,139,0,144,312,0,312,456
10/02/2005,MDH,IL,AGL,CE,Federal Contract Tower,0,0,9,0,9,0,0,82,2,84,0,0,91,2,93,216,0,216,309
10/03/2005,MDH,IL,AGL,CE,Federal Contract Tower,0,7,5,0,12,0,0,232,4,236,0,7,237,4,248,576,0,576,824
10/04/2005,MDH,IL,AGL,CE,Federal Contract Tower,0,2,8,0,10,0,0,202,0,202,0,2,210,0,212,540,0,540,752
10/05/2005,MDH,IL,AGL,CE,Federal Contract Tower,0,4,0,0,4,0,0,222,0,222,0,4,222,0,226,518,0,518,744
10/06/2005,MDH,IL,AGL,CE,Federal Contract Tower,0,3,9,0,12,0,0,198,0,198,0,3,207,0,210,558,0,558,768
10/07/2005,MDH,IL,AGL,CE,Federal Contract Tower,0,0,6,0,6,0,10,127,3,140,0,10,133,3,146,294,0,294,440
10/08/2005,MDH,IL,AGL,CE,Federal Contract Tower,2,2,3,0,7,0,0,147,0,147,2,2,150,0,154,74,0,74,228
10/09/2005,MDH,IL,AGL,CE,Federal Contract Tower,0,1,7,0,8,0,0,123,0,123,0,1,130,0,131,102,0,102,233
10/10/2005,MDH,IL,AGL,CE,Federal Contract Tower,0,1,13,0,14,0,0,185,4,189,0,1,198,4,203,724,0,724,927
10/11/2005,MDH,IL,AGL,CE,Federal Contract Tower,0,5,10,0,15,0,0,50,0,50,0,5,60,0,65,190,0,190,255
10/12/2005,MDH,IL,AGL,CE,Federal Contract Tower,0,2,10,0,12,0,0,239,0,239,0,2,249,0,251,566,0,566,817
10/13/2005,MDH,IL,AGL,CE,Federal Contract Tower,0,4,6,0,10,0,0,263,0,263,0,4,269,0,273,774,0,774,1047
10/14/2005,MDH,IL,AGL,CE,Federal Contract Tower,0,9,8,0,17,0,0,169,2,171,0,9,177,2,188,392,0,392,580
10/15/2005,MDH,IL,AGL,CE,Federal Contract Tower,0,7,4,0,11,0,0,176,0,176,0,7,180,0,187,206,0,206,393
10/16/2005,MDH,IL,AGL,CE,Federal Contract Tower,0,0,3,0,3,0,0,147,4,151,0,0,150,4,154,232,0,232,386
10/17/2005,MDH,IL,AGL,CE,Federal Contract Tower,0,2,1,0,3,0,6,211,0,217,0,8,212,0,220,490,0,490,710
10/18/2005,MDH,IL,AGL,CE,Federal Contract Tower,0,6,2,0,8,0,3,261,0,264,0,9,263,0,272,580,0,580,852
10/19/2005,MDH,IL,AGL,CE,Federal Contract Tower,0,1,4,2,7,0,0,231,2,233,0,1,235,4,240,648,0,648,888
10/20/2005,MDH,IL,AGL,CE,Federal Contract Tower,0,5,5,0,10,0,2,153,0,155,0,7,158,0,165,436,0,436,601
10/21/2005,MDH,IL,AGL,CE,Federal Contract Tower,0,11,9,0,20,0,0,3,0,3,0,11,12,0,23,0,0,0,23
10/22/2005,MDH,IL,AGL,CE,Federal Contract Tower,0,6,8,0,14,0,0,91,0,91,0,6,99,0,105,152,0,152,257
10/23/2005,MDH,IL,AGL,CE,Federal Contract Tower,0,1,1,0,2,0,0,31,0,31,0,1,32,0,33,38,0,38,71
10/24/2005,MDH,IL,AGL,CE,Federal Contract Tower,0,4,0,0,4,0,1,112,9,122,0,5,112,9,126,272,0,272,398
10/25/2005,MDH,IL,AGL,CE,Federal Contract Tower,0,11,0,0,11,0,0,183,2,185,0,11,183,2,196,496,0,496,692
10/26/2005,MDH,IL,AGL,CE,Federal Contract Tower,0,9,2,0,11,0,0,330,2,332,0,9,332,2,343,588,0,588,931
10/27/2005,MDH,IL,AGL,CE,Federal Contract Tower,0,2,6,0,8,0,0,278,0,278,0,2,284,0,286,490,0,490,776
10/28/2005,MDH,IL,AGL,CE,Federal Contract Tower,0,0,3,0,3,0,0,164,6,170,0,0,167,6,173,366,0,366,539
10/29/2005,MDH,IL,AGL,CE,Federal Contract Tower,0,1,3,0,4,0,2,106,0,108,0,3,109,0,112,178,0,178,290
10/30/2005,MDH,IL,AGL,CE,Federal Contract Tower,0,0,1,0,1,0,2,81,0,83,0,2,82,0,84,70,0,70,154
10/31/2005,MDH,IL,AGL,CE,Federal Contract Tower,0,0,2,0,2,0,0,151,0,151,0,0,153,0,153,418,0,418,571
11/01/2005,MDH,IL,AGL,CE,Federal Contract Tower,0,6,1,0,7,0,0,242,2,244,0,6,243,2,251,494,0,494,745
11/02/2005,MDH,IL,AGL,CE,Federal Contract Tower,0,6,9,0,15,0,1,195,0,196,0,7,204,0,211,310,0,310,521
11/03/2005,MDH,IL,AGL,CE,Federal Contract Tower,0,5,3,0,8,0,5,78,0,83,0,10,81,0,91,110,0,110,201
11/04/2005,MDH,IL,AGL,CE,Federal Contract Tower,0,6,1,0,7,0,1,76,0,77,0,7,77,0,84,126,0,126,210
11/05/2005,MDH,IL,AGL,CE,Federal Contract Tower,0,0,4,0,4,0,1,40,0,41,0,1,44,0,45,114,0,114,159
11/06/2005,MDH,IL,AGL,CE,Federal Contract Tower,0,0,7,0,7,0,2,87,0,89,0,2,94,0,96,164,0,164,260
11/07/2005,MDH,IL,AGL,CE,Federal Contract Tower,0,4,4,0,8,0,4,230,0,234,0,8,234,0,242,440,0,440,682
11/08/2005,MDH,IL,AGL,CE,Federal Contract Tower,0,3,0,0,3,0,0,174,2,176,0,3,174,2,179,334,0,334,513
11/09/2005,MDH,IL,AGL,CE,Federal Contract Tower,0,7,4,1,12,0,0,135,2,137,0,7,139,3,149,336,0,336,485
11/10/2005,MDH,IL,AGL,CE,Federal Contract Tower,0,6,7,0,13,0,7,197,4,208,0,13,204,4,221,471,0,471,692
11/11/2005,MDH,IL,AGL,CE,Federal Contract Tower,0,2,6,0,8,0,0,40,7,47,0,2,46,7,55,30,0,30,85
11/12/2005,MDH,IL,AGL,CE,Federal Contract Tower,0,2,0,0,2,0,0,33,0,33,0,2,33,0,35,22,0,22,57
11/13/2005,MDH,IL,AGL,CE,Federal Contract Tower,0,4,5,0,9,0,2,35,0,37,0,6,40,0,46,26,0,26,72
11/14/2005,MDH,IL,AGL,CE,Federal Contract Tower,0,3,0,0,3,0,0,53,0,53,0,3,53,0,56,146,0,146,202
11/15/2005,MDH,IL,AGL,CE,Federal Contract Tower,0,2,0,0,2,0,0,0,0,0,0,2,0,0,2,0,0,0,2
11/16/2005,MDH,IL,AGL,CE,Federal Contract Tower,0,5,1,0,6,0,0,97,0,97,0,5,98,0,103,132,0,132,235
11/17/2005,MDH,IL,AGL,CE,Federal Contract Tower,0,4,6,0,10,0,6,189,0,195,0,10,195,0,205,444,0,444,649
11/18/2005,MDH,IL,AGL,CE,Federal Contract Tower,0,3,7,0,10,0,0,96,0,96,0,3,103,0,106,338,0,338,444
11/19/2005,MDH,IL,AGL,CE,Federal Contract Tower,0,2,4,0,6,0,6,70,2,78,0,8,74,2,84,84,0,84,168
11/20/2005,MDH,IL,AGL,CE,Federal Contract Tower,0,0,3,0,3,0,0,69,4,73,0,0,72,4,76,112,0,112,188
11/21/2005,MDH,IL,AGL,CE,Federal Contract Tower,0,5,0,0,5,0,0,35,0,35,0,5,35,0,40,60,0,60,100
11/22/2005,MDH,IL,AGL,CE,Federal Contract Tower,0,2,4,0,6,0,0,30,0,30,0,2,34,0,36,16,0,16,52
11/23/2005,MDH,IL,AGL,CE,Federal Contract Tower,0,4,8,0,12,0,2,27,0,29,0,6,35,0,41,0,0,0,41
11/24/2005,MDH,IL,AGL,CE,Federal Contract Tower,0,3,1,0,4,0,0,2,0,2,0,3,3,0,6,0,0,0,6
11/25/2005,MDH,IL,AGL,CE,Federal Contract Tower,0,0,7,0,7,0,7,24,0,31,0,7,31,0,38,40,0,40,78
11/26/2005,MDH,IL,AGL,CE,Federal Contract Tower,0,1,9,0,10,0,0,8,0,8,0,1,17,0,18,0,0,0,18
11/27/2005,MDH,IL,AGL,CE,Federal Contract Tower,0,1,9,0,10,0,0,1,0,1,0,1,10,0,11,0,0,0,11
11/28/2005,MDH,IL,AGL,CE,Federal Contract Tower,0,0,2,0,2,0,0,18,0,18,0,0,20,0,20,0,0,0,20
11/29/2005,MDH,IL,AGL,CE,Federal Contract Tower,0,0,1,0,1,0,0,168,0,168,0,0,169,0,169,250,0,250,419
11/30/2005,MDH,IL,AGL,CE,Federal Contract Tower,0,7,3,0,10,0,0,219,2,221,0,7,222,2,231,385,0,385,616
12/01/2005,MDH,IL,AGL,CE,Federal Contract Tower,0,3,2,0,5,0,0,54,0,54,0,3,56,0,59,112,0,112,171
12/02/2005,MDH,IL,AGL,CE,Federal Contract Tower,0,5,3,0,8,0,0,198,0,198,0,5,201,0,206,302,0,302,508
12/03/2005,MDH,IL,AGL,CE,Federal Contract Tower,0,0,5,0,5,0,0,0,4,4,0,0,5,4,9,112,0,112,121
12/04/2005,MDH,IL,AGL,CE,Federal Contract Tower,0,1,5,0,6,0,0,28,0,28,0,1,33,0,34,116,0,116,150
12/05/2005,MDH,IL,AGL,CE,Federal Contract Tower,0,6,10,0,16,0,3,215,0,218,0,9,225,0,234,492,0,492,726
12/06/2005,MDH,IL,AGL,CE,Federal Contract Tower,0,3,1,0,4,0,0,183,0,183,0,3,184,0,187,400,0,400,587
12/07/2005,MDH,IL,AGL,CE,Federal Contract Tower,0,3,5,0,8,0,0,194,5,199,0,3,199,5,207,364,0,364,571
12/08/2005,MDH,IL,AGL,CE,Federal Contract Tower,0,4,1,0,5,0,0,8,0,8,0,4,9,0,13,6,0,6,19
12/09/2005,MDH,IL,AGL,CE,Federal Contract Tower,0,3,2,0,5,0,0,64,0,64,0,3,66,0,69,74,0,74,143
12/10/2005,MDH,IL,AGL,CE,Federal Contract Tower,0,0,8,0,8,0,2,100,0,102,0,2,108,0,110,110,0,110,220
12/11/2005,MDH,IL,AGL,CE,Federal Contract Tower,0,0,3,0,3,0,0,125,0,125,0,0,128,0,128,238,0,238,366
12/12/2005,MDH,IL,AGL,CE,Federal Contract Tower,0,3,4,0,7,0,1,125,0,126,0,4,129,0,133,448,0,448,581
12/13/2005,MDH,IL,AGL,CE,Federal Contract Tower,0,3,3,0,6,0,0,190,0,190,0,3,193,0,196,524,0,524,720
12/14/2005,MDH,IL,AGL,CE,Federal Contract Tower,0,4,2,0,6,0,0,18,4,22,0,4,20,4,28,46,0,46,74
12/15/2005,MDH,IL,AGL,CE,Federal Contract Tower,0,2,3,0,5,0,0,144,0,144,0,2,147,0,149,334,0,334,483
12/16/2005,MDH,IL,AGL,CE,Federal Contract Tower,0,0,6,0,6,0,0,107,0,107,0,0,113,0,113,206,0,206,319
12/17/2005,MDH,IL,AGL,CE,Federal Contract Tower,0,2,4,0,6,0,0,39,0,39,0,2,43,0,45,60,0,60,105
12/18/2005,MDH,IL,AGL,CE,Federal Contract Tower,0,0,1,0,1,0,0,85,0,85,0,0,86,0,86,142,0,142,228
12/19/2005,MDH,IL,AGL,CE,Federal Contract Tower,0,5,0,0,5,0,0,92,0,92,0,5,92,0,97,216,0,216,313
12/20/2005,MDH,IL,AGL,CE,Federal Contract Tower,0,3,0,0,3,0,0,89,0,89,0,3,89,0,92,162,0,162,254
12/21/2005,MDH,IL,AGL,CE,Federal Contract Tower,0,4,1,0,5,0,4,91,0,95,0,8,92,0,100,144,0,144,244
12/22/2005,MDH,IL,AGL,CE,Federal Contract Tower,0,1,2,0,3,0,0,22,0,22,0,1,24,0,25,20,0,20,45
12/23/2005,MDH,IL,AGL,CE,Federal Contract Tower,0,0,1,0,1,0,8,17,0,25,0,8,18,0,26,12,0,12,38
12/24/2005,MDH,IL,AGL,CE,Federal Contract Tower,0,2,0,0,2,0,0,10,0,10,0,2,10,0,12,12,0,12,24
12/25/2005,MDH,IL,AGL,CE,Federal Contract Tower,0,0,1,0,1,0,0,0,0,0,0,0,1,0,1,0,0,0,1
12/26/2005,MDH,IL,AGL,CE,Federal Contract Tower,0,1,9,0,10,0,0,13,0,13,0,1,22,0,23,8,0,8,31
12/27/2005,MDH,IL,AGL,CE,Federal Contract Tower,0,1,2,0,3,0,0,12,0,12,0,1,14,0,15,4,0,4,19
12/28/2005,MDH,IL,AGL,CE,Federal Contract Tower,0,0,0,0,0,0,0,2,0,2,0,0,2,0,2,4,0,4,6
12/29/2005,MDH,IL,AGL,CE,Federal Contract Tower,0,0,2,0,2,0,0,2,0,2,0,0,4,0,4,0,0,0,4
12/30/2005,MDH,IL,AGL,CE,Federal Contract Tower,0,0,3,0,3,0,0,8,0,8,0,0,11,0,11,4,0,4,15
12/31/2005,MDH,IL,AGL,CE,Federal Contract Tower,0,0,2,0,2,0,0,33,0,33,0,0,35,0,35,12,0,12,47
01/01/2006,MDH,IL,AGL,CE,Federal Contract Tower,0,0,0,0,0,0,2,0,0,2,0,2,0,0,2,0,0,0,2
01/02/2006,MDH,IL,AGL,CE,Federal Contract Tower,0,2,1,0,3,0,0,12,0,12,0,2,13,0,15,34,0,34,49
01/03/2006,MDH,IL,AGL,CE,Federal Contract Tower,0,0,5,0,5,0,0,4,0,4,0,0,9,0,9,2,0,2,11
01/04/2006,MDH,IL,AGL,CE,Federal Contract Tower,0,2,3,0,5,0,0,8,0,8,0,2,11,0,13,0,0,0,13
01/05/2006,MDH,IL,AGL,CE,Federal Contract Tower,0,1,0,0,1,0,1,1,0,2,0,2,1,0,3,2,0,2,5
01/06/2006,MDH,IL,AGL,CE,Federal Contract Tower,0,1,0,0,1,0,0,21,0,21,0,1,21,0,22,38,0,38,60
01/07/2006,MDH,IL,AGL,CE,Federal Contract Tower,0,0,5,0,5,0,0,25,0,25,0,0,30,0,30,20,0,20,50
01/08/2006,MDH,IL,AGL,CE,Federal Contract Tower,0,1,2,0,3,0,0,0,0,0,0,1,2,0,3,0,0,0,3
01/09/2006,MDH,IL,AGL,CE,Federal Contract Tower,0,3,5,0,8,0,4,18,0,22,0,7,23,0,30,40,0,40,70
01/10/2006,MDH,IL,AGL,CE,Federal Contract Tower,0,1,2,0,3,0,0,0,0,0,0,1,2,0,3,0,0,0,3
01/11/2006,MDH,IL,AGL,CE,Federal Contract Tower,0,7,3,0,10,0,0,61,0,61,0,7,64,0,71,62,0,62,133
01/12/2006,MDH,IL,AGL,CE,Federal Contract Tower,0,9,3,0,12,0,0,75,0,75,0,9,78,0,87,134,0,134,221
01/13/2006,MDH,IL,AGL,CE,Federal Contract Tower,0,1,0,0,1,0,0,1,0,1,0,1,1,0,2,0,0,0,2
01/14/2006,MDH,IL,AGL,CE,Federal Contract Tower,0,1,1,0,2,0,0,20,0,20,0,1,21,0,22,20,0,20,42
01/15/2006,MDH,IL,AGL,CE,Federal Contract Tower,0,0,3,0,3,0,0,11,0,11,0,0,14,0,14,4,0,4,18
01/16/2006,MDH,IL,AGL,CE,Federal Contract Tower,0,1,6,0,7,0,0,6,0,6,0,1,12,0,13,2,0,2,15
01/17/2006,MDH,IL,AGL,CE,Federal Contract Tower,0,3,0,0,3,0,0,0,0,0,0,3,0,0,3,0,0,0,3
01/18/2006,MDH,IL,AGL,CE,Federal Contract Tower,0,6,3,0,9,0,0,90,0,90,0,6,93,0,99,144,0,144,243
01/19/2006,MDH,IL,AGL,CE,Federal Contract Tower,0,9,1,0,10,0,0,19,0,19,0,9,20,0,29,2,0,2,31
01/20/2006,MDH,IL,AGL,CE,Federal Contract Tower,0,0,2,0,2,0,2,107,0,109,0,2,109,0,111,162,0,162,273
01/21/2006,MDH,IL,AGL,CE,Federal Contract Tower,0,0,4,0,4,0,0,35,0,35,0,0,39,0,39,142,0,142,181
01/22/2006,MDH,IL,AGL,CE,Federal Contract Tower,0,2,2,0,4,0,0,10,0,10,0,2,12,0,14,28,0,28,42
01/23/2006,MDH,IL,AGL,CE,Federal Contract Tower,0,6,5,0,11,0,0,174,0,174,0,6,179,0,185,362,0,362,547
01/24/2006,MDH,IL,AGL,CE,Federal Contract Tower,0,3,8,0,11,0,0,173,4,177,0,3,181,4,188,296,0,296,484
01/25/2006,MDH,IL,AGL,CE,Federal Contract Tower,0,0,11,0,11,0,0,268,5,273,0,0,279,5,284,546,0,546,830
01/26/2006,MDH,IL,AGL,CE,Federal Contract Tower,0,3,5,0,8,0,0,195,0,195,0,3,200,0,203,436,0,436,639
01/27/2006,MDH,IL,AGL,CE,Federal Contract Tower,0,0,4,0,4,0,0,242,2,244,0,0,246,2,248,430,0,430,678
01/28/2006,MDH,IL,AGL,CE,Federal Contract Tower,0,0,1,0,1,0,0,16,0,16,0,0,17,0,17,46,0,46,63
01/29/2006,MDH,IL,AGL,CE,Federal Contract Tower,0,2,5,0,7,0,0,89,0,89,0,2,94,0,96,180,0,180,276
01/30/2006,MDH,IL,AGL,CE,Federal Contract Tower,0,2,2,0,4,0,0,227,2,229,0,2,229,2,233,586,0,586,819
01/31/2006,MDH,IL,AGL,CE,Federal Contract Tower,0,0,7,0,7,0,0,218,0,218,0,0,225,0,225,506,0,506,731
02/01/2006,MDH,IL,AGL,CE,Federal Contract Tower,0,1,5,0,6,0,2,233,0,235,0,3,238,0,241,388,0,388,629
02/02/2006,MDH,IL,AGL,CE,Federal Contract Tower,0,9,0,0,9,0,4,0,0,4,0,13,0,0,13,0,0,0,13
02/03/2006,MDH,IL,AGL,CE,Federal Contract Tower,0,3,1,0,4,0,0,145,0,145,0,3,146,0,149,300,0,300,449
02/04/2006,MDH,IL,AGL,CE,Federal Contract Tower,0,1,5,0,6,0,0,56,0,56,0,1,61,0,62,86,0,86,148
02/05/2006,MDH,IL,AGL,CE,Federal Contract Tower,0,0,5,0,5,0,0,80,0,80,0,0,85,0,85,174,0,174,259
02/06/2006,MDH,IL,AGL,CE,Federal Contract Tower,0,0,4,0,4,0,0,211,2,213,0,0,215,2,217,568,0,568,785
02/07/2006,MDH,IL,AGL,CE,Federal Contract Tower,0,2,8,0,10,0,0,170,2,172,0,2,178,2,182,362,0,362,544
02/08/2006,MDH,IL,AGL,CE,Federal Contract Tower,0,2,0,0,2,0,0,0,0,0,0,2,0,0,2,0,0,0,2
02/09/2006,MDH,IL,AGL,CE,Federal Contract Tower,0,4,7,0,11,0,3,253,2,258,0,7,260,2,269,628,0,628,897
02/10/2006,MDH,IL,AGL,CE,Federal Contract Tower,0,0,6,0,6,0,2,162,0,164,0,2,168,0,170,352,0,352,522
02/11/2006,MDH,IL,AGL,CE,Federal Contract Tower,0,8,4,0,12,0,0,59,0,59,0,8,63,0,71,114,0,114,185
02/12/2006,MDH,IL,AGL,CE,Federal Contract Tower,0,0,0,0,0,0,0,28,0,28,0,0,28,0,28,12,0,12,40
02/13/2006,MDH,IL,AGL,CE,Federal Contract Tower,0,2,4,0,6,0,4,214,2,220,0,6,218,2,226,366,0,366,592
02/14/2006,MDH,IL,AGL,CE,Federal Contract Tower,0,3,7,0,10,0,0,210,0,210,0,3,217,0,220,420,0,420,640
02/15/2006,MDH,IL,AGL,CE,Federal Contract Tower,0,1,9,0,10,0,2,88,4,94,0,3,97,4,104,210,0,210,314
02/16/2006,MDH,IL,AGL,CE,Federal Contract Tower,0,1,0,0,1,0,0,6,0,6,0,1,6,0,7,10,0,10,17
02/17/2006,MDH,IL,AGL,CE,Federal Contract Tower,0,2,0,0,2,0,0,160,0,160,0,2,160,0,162,408,0,408,570
02/18/2006,MDH,IL,AGL,CE,Federal Contract Tower,0,0,2,0,2,0,0,2,0,2,0,0,4,0,4,0,0,0,4
02/19/2006,MDH,IL,AGL,CE,Federal Contract Tower,0,0,7,0,7,0,0,110,0,110,0,0,117,0,117,158,0,158,275
02/20/2006,MDH,IL,AGL,CE,Federal Contract Tower,0,2,1,0,3,0,0,233,4,237,0,2,234,4,240,510,0,510,750
02/21/2006,MDH,IL,AGL,CE,Federal Contract Tower,0,0,5,0,5,0,0,230,0,230,0,0,235,0,235,482,0,482,717
02/22/2006,MDH,IL,AGL,CE,Federal Contract Tower,0,8,4,0,12,0,0,129,0,129,0,8,133,0,141,292,0,292,433
02/23/2006,MDH,IL,AGL,CE,Federal Contract Tower,0,6,1,0,7,0,0,242,2,244,0,6,243,2,251,494,0,494,745
02/24/2006,MDH,IL,AGL,CE,Federal Contract Tower,0,4,4,0,8,0,2,162,0,164,0,6,166,0,172,284,0,284,456
02/25/2006,MDH,IL,AGL,CE,Federal Contract Tower,0,2,6,0,8,0,2,112,0,114,0,4,118,0,122,244,0,244,366
02/26/2006,MDH,IL,AGL,CE,Federal Contract Tower,0,2,5,0,7,0,2,121,0,123,0,4,126,0,130,184,0,184,314
02/27/2006,MDH,IL,AGL,CE,Federal Contract Tower,0,7,4,0,11,0,0,212,0,212,0,7,216,0,223,380,0,380,603
02/28/2006,MDH,IL,AGL,CE,Federal Contract Tower,0,3,7,0,10,0,1,175,2,178,0,4,182,2,188,354,0,354,542
03/01/2006,MDH,IL,AGL,CE,Federal Contract Tower,0,6,3,0,9,0,0,160,0,160,0,6,163,0,169,216,0,216,385
03/02/2006,MDH,IL,AGL,CE,Federal Contract Tower,0,0,2,0,2,0,0,210,0,210,0,0,212,0,212,460,0,460,672
03/03/2006,MDH,IL,AGL,CE,Federal Contract Tower,0,6,7,0,13,0,2,172,4,178,0,8,179,4,191,400,0,400,591
03/04/2006,MDH,IL,AGL,CE,Federal Contract Tower,0,4,5,0,9,0,4,147,4,155,0,8,152,4,164,238,0,238,402
03/05/2006,MDH,IL,AGL,CE,Federal Contract Tower,0,1,2,0,3,0,0,5,0,5,0,1,7,0,8,6,0,6,14
03/06/2006,MDH,IL,AGL,CE,Federal Contract Tower,0,8,6,0,14,0,5,120,0,125,0,13,126,0,139,226,0,226,365
03/07/2006,MDH,IL,AGL,CE,Federal Contract Tower,0,0,4,0,4,0,0,165,0,165,0,0,169,0,169,404,0,404,573
03/08/2006,MDH,IL,AGL,CE,Federal Contract Tower,0,3,4,0,7,0,0,40,0,40,0,3,44,0,47,44,0,44,91
03/09/2006,MDH,IL,AGL,CE,Federal Contract Tower,0,3,1,0,4,0,0,1,0,1,0,3,2,0,5,0,0,0,5
03/10/2006,MDH,IL,AGL,CE,Federal Contract Tower,0,8,10,2,20,0,0,157,0,157,0,8,167,2,177,296,0,296,473
03/11/2006,MDH,IL,AGL,CE,Federal Contract Tower,0,1,3,0,4,0,0,12,0,12,0,1,15,0,16,24,0,24,40
03/12/2006,MDH,IL,AGL,CE,Federal Contract Tower,0,0,3,0,3,0,0,6,0,6,0,0,9,0,9,0,0,0,9
03/13/2006,MDH,IL,AGL,CE,Federal Contract Tower,0,0,2,0,2,0,0,34,0,34,0,0,36,0,36,22,0,22,58
03/14/2006,MDH,IL,AGL,CE,Federal Contract Tower,0,0,5,0,5,0,0,39,0,39,0,0,44,0,44,24,0,24,68
03/15/2006,MDH,IL,AGL,CE,Federal Contract Tower,0,3,1,0,4,0,0,58,0,58,0,3,59,0,62,2,0,2,64
03/16/2006,MDH,IL,AGL,CE,Federal Contract Tower,0,1,0,0,1,0,0,35,0,35,0,1,35,0,36,4,0,4,40
03/17/2006,MDH,IL,AGL,CE,Federal Contract Tower,0,3,0,0,3,0,2,28,0,30,0,5,28,0,33,62,0,62,95
03/18/2006,MDH,IL,AGL,CE,Federal Contract Tower,0,3,5,0,8,0,1,39,0,40,0,4,44,0,48,16,0,16,64
03/19/2006,MDH,IL,AGL,CE,Federal Contract Tower,0,2,5,0,7,0,0,18,0,18,0,2,23,0,25,0,0,0,25
03/20/2006,MDH,IL,AGL,CE,Federal Contract Tower,0,2,3,0,5,0,0,1,0,1,0,2,4,0,6,0,0,0,6
03/21/2006,MDH,IL,AGL,CE,Federal Contract Tower,0,1,1,0,2,0,0,2,0,2,0,1,3,0,4,6,0,6,10
03/22/2006,MDH,IL,AGL,CE,Federal Contract Tower,0,3,5,0,8,0,0,279,0,279,0,3,284,0,287,448,0,448,735
03/23/2006,MDH,IL,AGL,CE,Federal Contract Tower,0,1,2,0,3,0,0,319,0,319,0,1,321,0,322,692,0,692,1014
03/24/2006,MDH,IL,AGL,CE,Federal Contract Tower,0,2,3,0,5,0,0,158,0,158,0,2,161,0,163,292,0,292,455
03/25/2006,MDH,IL,AGL,CE,Federal Contract Tower,0,4,2,0,6,0,6,128,0,134,0,10,130,0,140,248,0,248,388
03/26/2006,MDH,IL,AGL,CE,Federal Contract Tower,0,4,2,0,6,0,3,127,0,130,0,7,129,0,136,216,0,216,352
03/27/2006,MDH,IL,AGL,CE,Federal Contract Tower,0,0,2,0,2,0,0,104,0,104,0,0,106,0,106,226,0,226,332
03/28/2006,MDH,IL,AGL,CE,Federal Contract Tower,0,5,5,0,10,0,2,156,0,158,0,7,161,0,168,484,0,484,652
03/29/2006,MDH,IL,AGL,CE,Federal Contract Tower,0,8,7,0,15,0,0,231,0,231,0,8,238,0,246,452,0,452,698
03/30/2006,MDH,IL,AGL,CE,Federal Contract Tower,0,0,2,0,2,0,0,210,0,210,0,0,212,0,212,500,0,500,712
03/31/2006,MDH,IL,AGL,CE,Federal Contract Tower,0,0,1,0,1,0,2,90,0,92,0,2,91,0,93,142,0,142,235
04/01/2006,MDH,IL,AGL,CE,Federal Contract Tower,0,3,5,0,8,0,0,158,0,158,0,3,163,0,166,270,0,270,436
04/02/2006,MDH,IL,AGL,CE,Federal Contract Tower,0,0,3,0,3,0,0,9,0,9,0,0,12,0,12,10,0,10,22
04/03/2006,MDH,IL,AGL,CE,Federal Contract Tower,0,5,2,0,7,0,0,112,2,114,0,5,114,2,121,346,0,346,467
04/04/2006,MDH,IL,AGL,CE,Federal Contract Tower,0,4,7,0,11,0,2,218,0,220,0,6,225,0,231,428,0,428,659
04/05/2006,MDH,IL,AGL,CE,Federal Contract Tower,0,5,7,0,12,0,2,210,0,212,0,7,217,0,224,442,0,442,666
04/06/2006,MDH,IL,AGL,CE,Federal Contract Tower,0,4,2,0,6,0,0,154,0,154,0,4,156,0,160,434,0,434,594
04/07/2006,MDH,IL,AGL,CE,Federal Contract Tower,0,5,4,0,9,0,0,21,0,21,0,5,25,0,30,20,0,20,50
04/08/2006,MDH,IL,AGL,CE,Federal Contract Tower,0,2,0,0,2,0,0,37,0,37,0,2,37,0,39,38,0,38,77
04/09/2006,MDH,IL,AGL,CE,Federal Contract Tower,0,2,3,0,5,0,2,156,0,158,0,4,159,0,163,190,0,190,353
04/10/2006,MDH,IL,AGL,CE,Federal Contract Tower,0,0,8,0,8,0,0,297,0,297,0,0,305,0,305,744,0,744,1049
04/11/2006,MDH,IL,AGL,CE,Federal Contract Tower,0,1,4,0,5,0,0,70,0,70,0,1,74,0,75,158,0,158,233
04/12/2006,MDH,IL,AGL,CE,Federal Contract Tower,0,3,4,0,7,0,0,205,0,205,0,3,209,0,212,322,0,322,534
04/13/2006,MDH,IL,AGL,CE,Federal Contract Tower,0,4,4,0,8,0,4,251,0,255,0,8,255,0,263,484,0,484,747
04/14/2006,MDH,IL,AGL,CE,Federal Contract Tower,0,0,4,0,4,0,4,167,0,171,0,4,171,0,175,290,0,290,465
04/15/2006,MDH,IL,AGL,CE,Federal Contract Tower,0,0,4,0,4,0,0,38,0,38,0,0,42,0,42,12,0,12,54
04/16/2006,MDH,IL,AGL,CE,Federal Contract Tower,0,0,2,0,2,0,2,9,0,11,0,2,11,0,13,2,0,2,15
04/17/2006,MDH,IL,AGL,CE,Federal Contract Tower,0,1,17,0,18,0,3,185,0,188,0,4,202,0,206,756,0,756,962
04/18/2006,MDH,IL,AGL,CE,Federal Contract Tower,0,6,4,0,10,0,2,224,0,226,0,8,228,0,236,530,0,530,766
04/19/2006,MDH,IL,AGL,CE,Federal Contract Tower,0,5,2,0,7,0,0,181,0,181,0,5,183,0,188,472,0,472,660
04/20/2006,MDH,IL,AGL,CE,Federal Contract Tower,0,0,8,0,8,0,0,177,0,177,0,0,185,0,185,340,0,340,525
04/21/2006,MDH,IL,AGL,CE,Federal Contract Tower,0,0,3,0,3,0,0,170,0,170,0,0,173,0,173,310,0,310,483
04/22/2006,MDH,IL,AGL,CE,Federal Contract Tower,0,1,5,0,6,0,1,118,0,119,0,2,123,0,125,142,0,142,267
04/23/2006,MDH,IL,AGL,CE,Federal Contract Tower,0,0,0,0,0,0,2,35,0,37,0,2,35,0,37,34,0,34,71
04/24/2006,MDH,IL,AGL,CE,Federal Contract Tower,0,2,8,0,10,0,2,141,0,143,0,4,149,0,153,442,0,442,595
04/25/2006,MDH,IL,AGL,CE,Federal Contract Tower,0,4,6,0,10,0,0,139,0,139,0,4,145,0,149,346,0,346,495
04/26/2006,MDH,IL,AGL,CE,Federal Contract Tower,0,1,16,0,17,0,0,127,0,127,0,1,143,0,144,296,0,296,440
04/27/2006,MDH,IL,AGL,CE,Federal Contract Tower,0,9,12,0,21,0,0,238,0,238,0,9,250,0,259,486,0,486,745
04/28/2006,MDH,IL,AGL,CE,Federal Contract Tower,0,0,15,0,15,0,2,116,0,118,0,2,131,0,133,198,0,198,331
04/29/2006,MDH,IL,AGL,CE,Federal Contract Tower,0,8,6,0,14,0,0,81,4,85,0,8,87,4,99,22,0,22,121
04/30/2006,MDH,IL,AGL,CE,Federal Contract Tower,0,2,1,0,3,0,0,2,0,2,0,2,3,0,5,6,0,6,11
05/01/2006,MDH,IL,AGL,CE,Federal Contract Tower,0,7,4,0,11,0,0,131,2,133,0,7,135,2,144,340,4,344,488
05/02/2006,MDH,IL,AGL,CE,Federal Contract Tower,0,3,7,0,10,0,0,220,0,220,0,3,227,0,230,398,0,398,628
05/03/2006,MDH,IL,AGL,CE,Federal Contract Tower,0,2,4,0,6,0,0,103,0,103,0,2,107,0,109,182,0,182,291
05/04/2006,MDH,IL,AGL,CE,Federal Contract Tower,0,0,8,0,8,0,0,74,0,74,0,0,82,0,82,216,0,216,298
05/05/2006,MDH,IL,AGL,CE,Federal Contract Tower,0,1,3,2,6,0,0,163,0,163,0,1,166,2,169,316,0,316,485
05/06/2006,MDH,IL,AGL,CE,Federal Contract Tower,0,0,6,0,6,0,0,85,0,85,0,0,91,0,91,128,10,138,229
05/07/2006,MDH,IL,AGL,CE,Federal Contract Tower,0,1,5,0,6,0,0,29,0,29,0,1,34,0,35,38,0,38,73
05/08/2006,MDH,IL,AGL,CE,Federal Contract Tower,0,1,7,0,8,0,2,113,0,115,0,3,120,0,123,320,0,320,443
05/09/2006,MDH,IL,AGL,CE,Federal Contract Tower,0,2,5,0,7,0,0,47,0,47,0,2,52,0,54,100,0,100,154
05/10/2006,MDH,IL,AGL,CE,Federal Contract Tower,0,1,5,0,6,0,5,10,0,15,0,6,15,0,21,0,0,0,21
05/11/2006,MDH,IL,AGL,CE,Federal Contract Tower,0,1,5,0,6,0,0,76,2,78,0,1,81,2,84,140,0,140,224
05/12/2006,MDH,IL,AGL,CE,Federal Contract Tower,0,7,6,0,13,0,3,79,2,84,0,10,85,2,97,84,0,84,181
05/13/2006,MDH,IL,AGL,CE,Federal Contract Tower,0,4,8,2,14,0,3,20,0,23,0,7,28,2,37,8,0,8,45
05/14/2006,MDH,IL,AGL,CE,Federal Contract Tower,0,0,8,0,8,0,0,11,0,11,0,0,19,0,19,12,0,12,31
05/15/2006,MDH,IL,AGL,CE,Federal Contract Tower,0,1,6,0,7,0,0,7,0,7,0,1,13,0,14,38,0,38,52
05/16/2006,MDH,IL,AGL,CE,Federal Contract Tower,0,0,10,0,10,0,0,33,0,33,0,0,43,0,43,50,0,50,93
05/17/2006,MDH,IL,AGL,CE,Federal Contract Tower,0,1,7,0,8,0,0,146,0,146,0,1,153,0,154,284,0,284,438
05/18/2006,MDH,IL,AGL,CE,Federal Contract Tower,0,5,5,0,10,0,0,79,0,79,0,5,84,0,89,122,0,122,211
05/19/2006,MDH,IL,AGL,CE,Federal Contract Tower,0,0,1,0,1,0,2,69,2,73,0,2,70,2,74,146,0,146,220
05/20/2006,MDH,IL,AGL,CE,Federal Contract Tower,0,5,7,0,12,0,2,19,0,21,0,7,26,0,33,0,0,0,33
05/21/2006,MDH,IL,AGL,CE,Federal Contract Tower,0,0,2,2,4,0,2,20,0,22,0,2,22,2,26,8,0,8,34
05/22/2006,MDH,IL,AGL,CE,Federal Contract Tower,0,2,5,0,7,0,0,104,0,104,0,2,109,0,111,164,0,164,275
05/23/2006,MDH,IL,AGL,CE,Federal Contract Tower,0,3,4,0,7,0,2,135,2,139,0,5,139,2,146,166,0,166,312
05/24/2006,MDH,IL,AGL,CE,Federal Contract Tower,0,7,0,0,7,0,9,94,0,103,0,16,94,0,110,124,0,124,234
05/25/2006,MDH,IL,AGL,CE,Federal Contract Tower,0,0,2,0,2,0,0,136,0,136,0,0,138,0,138,140,0,140,278
05/26/2006,MDH,IL,AGL,CE,Federal Contract Tower,0,6,6,0,12,0,0,151,0,151,0,6,157,0,163,160,0,160,323
05/27/2006,MDH,IL,AGL,CE,Federal Contract Tower,0,0,1,0,1,0,0,23,0,23,0,0,24,0,24,2,0,2,26
05/28/2006,MDH,IL,AGL,CE,Federal Contract Tower,0,0,0,0,0,0,0,27,0,27,0,0,27,0,27,2,0,2,29
05/29/2006,MDH,IL,AGL,CE,Federal Contract Tower,0,0,4,0,4,0,0,21,0,21,0,0,25,0,25,20,0,20,45
05/30/2006,MDH,IL,AGL,CE,Federal Contract Tower,0,5,6,0,11,0,0,94,0,94,0,5,100,0,105,132,0,132,237
05/31/2006,MDH,IL,AGL,CE,Federal Contract Tower,0,4,9,0,13,0,0,83,0,83,0,4,92,0,96,124,0,124,220
06/01/2006,MDH,IL,AGL,CE,Federal Contract Tower,0,0,5,0,5,0,0,38,0,38,0,0,43,0,43,108,0,108,151
06/02/2006,MDH,IL,AGL,CE,Federal Contract Tower,0,7,8,0,15,0,2,84,0,86,0,9,92,0,101,150,0,150,251
06/03/2006,MDH,IL,AGL,CE,Federal Contract Tower,0,0,2,0,2,0,0,30,0,30,0,0,32,0,32,0,0,0,32
06/04/2006,MDH,IL,AGL,CE,Federal Contract Tower,0,0,0,0,0,0,2,31,0,33,0,2,31,0,33,22,0,22,55
06/05/2006,MDH,IL,AGL,CE,Federal Contract Tower,0,6,6,0,12,0,4,111,0,115,0,10,117,0,127,176,0,176,303
06/06/2006,MDH,IL,AGL,CE,Federal Contract Tower,0,3,2,0,5,0,0,108,0,108,0,3,110,0,113,160,0,160,273
06/07/2006,MDH,IL,AGL,CE,Federal Contract Tower,0,3,4,0,7,0,0,73,0,73,0,3,77,0,80,100,0,100,180
06/08/2006,MDH,IL,AGL,CE,Federal Contract Tower,0,1,12,0,13,0,4,100,0,104,0,5,112,0,117,82,0,82,199
06/09/2006,MDH,IL,AGL,CE,Federal Contract Tower,0,0,7,0,7,0,0,88,0,88,0,0,95,0,95,120,0,120,215
06/10/2006,MDH,IL,AGL,CE,Federal Contract Tower,0,0,0,0,0,0,0,18,0,18,0,0,18,0,18,6,0,6,24
06/11/2006,MDH,IL,AGL,CE,Federal Contract Tower,0,0,0,0,0,0,0,4,0,4,0,0,4,0,4,4,0,4,8
06/12/2006,MDH,IL,AGL,CE,Federal Contract Tower,0,0,5,0,5,0,0,67,0,67,0,0,72,0,72,122,0,122,194
06/13/2006,MDH,IL,AGL,CE,Federal Contract Tower,0,1,6,0,7,0,0,112,2,114,0,1,118,2,121,216,0,216,337
06/14/2006,MDH,IL,AGL,CE,Federal Contract Tower,0,6,2,0,8,0,0,123,0,123,0,6,125,0,131,140,0,140,271
06/15/2006,MDH,IL,AGL,CE,Federal Contract Tower,0,3,8,0,11,0,1,112,0,113,0,4,120,0,124,146,0,146,270
06/16/2006,MDH,IL,AGL,CE,Federal Contract Tower,0,3,3,0,6,0,3,107,0,110,0,6,110,0,116,144,0,144,260
06/17/2006,MDH,IL,AGL,CE,Federal Contract Tower,0,2,6,0,8,0,0,13,0,13,0,2,19,0,21,0,0,0,21
06/18/2006,MDH,IL,AGL,CE,Federal Contract Tower,0,2,2,0,4,0,2,10,0,12,0,4,12,0,16,6,0,6,22
06/19/2006,MDH,IL,AGL,CE,Federal Contract Tower,0,2,6,0,8,0,0,98,0,98,0,2,104,0,106,242,0,242,348
06/20/2006,MDH,IL,AGL,CE,Federal Contract Tower,0,3,3,0,6,0,0,123,0,123,0,3,126,0,129,180,0,180,309
06/21/2006,MDH,IL,AGL,CE,Federal Contract Tower,0,4,6,0,10,0,0,119,0,119,0,4,125,0,129,110,0,110,239
06/22/2006,MDH,IL,AGL,CE,Federal Contract Tower,0,0,6,0,6,0,0,82,0,82,0,0,88,0,88,60,0,60,148
06/23/2006,MDH,IL,AGL,CE,Federal Contract Tower,0,3,4,0,7,0,0,36,0,36,0,3,40,0,43,74,0,74,117
06/24/2006,MDH,IL,AGL,CE,Federal Contract Tower,0,1,1,0,2,0,1,33,0,34,0,2,34,0,36,46,0,46,82
06/25/2006,MDH,IL,AGL,CE,Federal Contract Tower,0,1,5,0,6,0,0,18,0,18,0,1,23,0,24,30,0,30,54
06/26/2006,MDH,IL,AGL,CE,Federal Contract Tower,0,6,4,0,10,0,3,131,0,134,0,9,135,0,144,226,0,226,370
06/27/2006,MDH,IL,AGL,CE,Federal Contract Tower,0,1,6,0,7,0,0,137,2,139,0,1,143,2,146,120,0,120,266
06/28/2006,MDH,IL,AGL,CE,Federal Contract Tower,0,6,0,0,6,0,4,192,0,196,0,10,192,0,202,266,0,266,468
06/29/2006,MDH,IL,AGL,CE,Federal Contract Tower,0,3,2,0,5,0,1,121,2,124,0,4,123,2,129,186,0,186,315
06/30/2006,MDH,IL,AGL,CE,Federal Contract Tower,0,8,7,0,15,0,5,107,0,112,0,13,114,0,127,170,0,170,297
07/01/2006,MDH,IL,AGL,CE,Federal Contract Tower,0,1,1,0,2,0,0,23,0,23,0,1,24,0,25,4,0,4,29
07/02/2006,MDH,IL,AGL,CE,Federal Contract Tower,0,0,2,0,2,0,3,24,0,27,0,3,26,0,29,0,0,0,29
07/03/2006,MDH,IL,AGL,CE,Federal Contract Tower,0,3,4,0,7,0,0,60,0,60,0,3,64,0,67,62,0,62,129
07/04/2006,MDH,IL,AGL,CE,Federal Contract Tower,0,1,0,0,1,0,0,7,0,7,0,1,7,0,8,4,0,4,12
07/05/2006,MDH,IL,AGL,CE,Federal Contract Tower,0,3,5,0,8,0,2,96,2,100,0,5,101,2,108,176,0,176,284
07/06/2006,MDH,IL,AGL,CE,Federal Contract Tower,0,1,0,0,1,0,2,128,0,130,0,3,128,0,131,90,0,90,221
07/07/2006,MDH,IL,AGL,CE,Federal Contract Tower,0,3,0,0,3,0,6,156,0,162,0,9,156,0,165,308,0,308,473
07/08/2006,MDH,IL,AGL,CE,Federal Contract Tower,0,5,1,0,6,0,4,33,0,37,0,9,34,0,43,10,0,10,53
07/09/2006,MDH,IL,AGL,CE,Federal Contract Tower,0,2,2,0,4,0,0,22,0,22,0,2,24,0,26,2,0,2,28
07/10/2006,MDH,IL,AGL,CE,Federal Contract Tower,0,6,4,0,10,0,0,57,2,59,0,6,61,2,69,92,0,92,161
07/11/2006,MDH,IL,AGL,CE,Federal Contract Tower,0,3,5,0,8,0,0,10,0,10,0,3,15,0,18,42,0,42,60
07/12/2006,MDH,IL,AGL,CE,Federal Contract Tower,0,6,0,0,6,0,1,28,6,35,0,7,28,6,41,30,0,30,71
07/13/2006,MDH,IL,AGL,CE,Federal Contract Tower,0,3,1,0,4,0,1,74,8,83,0,4,75,8,87,198,0,198,285
07/14/2006,MDH,IL,AGL,CE,Federal Contract Tower,0,1,4,0,5,0,0,89,0,89,0,1,93,0,94,202,0,202,296
07/15/2006,MDH,IL,AGL,CE,Federal Contract Tower,0,0,7,0,7,0,0,25,0,25,0,0,32,0,32,2,0,2,34
07/16/2006,MDH,IL,AGL,CE,Federal Contract Tower,0,0,0,0,0,0,2,25,0,27,0,2,25,0,27,4,0,4,31
07/17/2006,MDH,IL,AGL,CE,Federal Contract Tower,0,2,1,0,3,0,1,190,0,191,0,3,191,0,194,284,0,284,478
07/18/2006,MDH,IL,AGL,CE,Federal Contract Tower,0,2,2,0,4,0,0,135,0,135,0,2,137,0,139,288,0,288,427
07/19/2006,MDH,IL,AGL,CE,Federal Contract Tower,0,0,2,0,2,0,0,148,2,150,0,0,150,2,152,270,0,270,422
07/20/2006,MDH,IL,AGL,CE,Federal Contract Tower,0,0,15,0,15,0,0,114,1,115,0,0,129,1,130,122,0,122,252
07/21/2006,MDH,IL,AGL,CE,Federal Contract Tower,0,2,8,0,10,0,1,15,0,16,0,3,23,0,26,46,0,46,72
07/22/2006,MDH,IL,AGL,CE,Federal Contract Tower,0,2,0,0,2,0,7,29,0,36,0,9,29,0,38,2,0,2,40
07/23/2006,MDH,IL,AGL,CE,Federal Contract Tower,0,0,7,0,7,0,0,20,0,20,0,0,27,0,27,0,0,0,27
07/24/2006,MDH,IL,AGL,CE,Federal Contract Tower,0,3,12,0,15,0,0,150,8,158,0,3,162,8,173,222,0,222,395
07/25/2006,MDH,IL,AGL,CE,Federal Contract Tower,0,1,10,0,11,0,0,146,6,152,0,1,156,6,163,228,0,228,391
07/26/2006,MDH,IL,AGL,CE,Federal Contract Tower,0,5,2,0,7,0,0,90,14,104,0,5,92,14,111,154,0,154,265
07/27/2006,MDH,IL,AGL,CE,Federal Contract Tower,0,1,10,0,11,0,0,79,10,89,0,1,89,10,100,110,0,110,210
07/28/2006,MDH,IL,AGL,CE,Federal Contract Tower,0,4,4,0,8,0,2,45,0,47,0,6,49,0,55,62,0,62,117
07/29/2006,MDH,IL,AGL,CE,Federal Contract Tower,0,3,3,0,6,0,7,7,0,14,0,10,10,0,20,10,0,10,30
07/30/2006,MDH,IL,AGL,CE,Federal Contract Tower,0,0,6,0,6,0,2,16,0,18,0,2,22,0,24,2,0,2,26
07/31/2006,MDH,IL,AGL,CE,Federal Contract Tower,0,0,2,0,2,0,2,121,0,123,0,2,123,0,125,228,0,228,353
08/01/2006,MDH,IL,AGL,CE,Federal Contract Tower,0,0,3,0,3,0,0,135,0,135,0,0,138,0,138,174,0,174,312
08/02/2006,MDH,IL,AGL,CE,Federal Contract Tower,0,0,0,0,0,0,7,100,0,107,0,7,100,0,107,164,0,164,271
08/03/2006,MDH,IL,AGL,CE,Federal Contract Tower,0,0,2,0,2,0,0,77,0,77,0,0,79,0,79,122,0,122,201
08/04/2006,MDH,IL,AGL,CE,Federal Contract Tower,0,6,2,0,8,0,0,70,0,70,0,6,72,0,78,130,0,130,208
08/05/2006,MDH,IL,AGL,CE,Federal Contract Tower,0,1,3,0,4,0,0,24,0,24,0,1,27,0,28,32,0,32,60
08/06/2006,MDH,IL,AGL,CE,Federal Contract Tower,0,0,2,0,2,0,5,25,0,30,0,5,27,0,32,14,0,14,46
08/07/2006,MDH,IL,AGL,CE,Federal Contract Tower,0,2,5,0,7,0,0,29,0,29,0,2,34,0,36,22,0,22,58
08/08/2006,MDH,IL,AGL,CE,Federal Contract Tower,0,1,2,0,3,0,0,24,2,26,0,1,26,2,29,20,0,20,49
08/09/2006,MDH,IL,AGL,CE,Federal Contract Tower,0,1,4,0,5,0,0,3,2,5,0,1,7,2,10,0,0,0,10
08/10/2006,MDH,IL,AGL,CE,Federal Contract Tower,0,0,2,0,2,0,2,17,0,19,0,2,19,0,21,4,0,4,25
08/11/2006,MDH,IL,AGL,CE,Federal Contract Tower,0,7,4,0,11,0,0,5,0,5,0,7,9,0,16,0,0,0,16
08/12/2006,MDH,IL,AGL,CE,Federal Contract Tower,0,2,4,0,6,0,1,23,0,24,0,3,27,0,30,0,0,0,30
08/13/2006,MDH,IL,AGL,CE,Federal Contract Tower,0,0,3,0,3,0,0,32,0,32,0,0,35,0,35,20,0,20,55
08/14/2006,MDH,IL,AGL,CE,Federal Contract Tower,0,1,10,0,11,0,0,13,0,13,0,1,23,0,24,0,0,0,24
08/15/2006,MDH,IL,AGL,CE,Federal Contract Tower,0,1,3,0,4,0,2,27,0,29,0,3,30,0,33,8,0,8,41
08/16/2006,MDH,IL,AGL,CE,Federal Contract Tower,0,10,0,0,10,0,1,50,2,53,0,11,50,2,63,74,0,74,137
08/17/2006,MDH,IL,AGL,CE,Federal Contract Tower,0,1,7,0,8,0,1,40,0,41,0,2,47,0,49,56,0,56,105
08/18/2006,MDH,IL,AGL,CE,Federal Contract Tower,0,4,6,0,10,0,0,30,0,30,0,4,36,0,40,46,0,46,86
08/19/2006,MDH,IL,AGL,CE,Federal Contract Tower,0,3,5,0,8,0,0,16,0,16,0,3,21,0,24,10,0,10,34
08/20/2006,MDH,IL,AGL,CE,Federal Contract Tower,0,1,2,0,3,0,0,2,0,2,0,1,4,0,5,0,0,0,5
08/21/2006,MDH,IL,AGL,CE,Federal Contract Tower,0,2,5,0,7,0,1,35,0,36,0,3,40,0,43,14,0,14,57
08/22/2006,MDH,IL,AGL,CE,Federal Contract Tower,0,2,2,0,4,0,0,38,0,38,0,2,40,0,42,62,0,62,104
08/23/2006,MDH,IL,AGL,CE,Federal Contract Tower,0,6,1,0,7,0,0,93,2,95,0,6,94,2,102,90,0,90,192
08/24/2006,MDH,IL,AGL,CE,Federal Contract Tower,0,2,4,0,6,0,0,113,0,113,0,2,117,0,119,146,0,146,265
08/25/2006,MDH,IL,AGL,CE,Federal Contract Tower,0,6,2,0,8,0,0,75,4,79,0,6,77,4,87,122,0,122,209
08/26/2006,MDH,IL,AGL,CE,Federal Contract Tower,0,5,2,0,7,0,0,20,0,20,0,5,22,0,27,26,0,26,53
08/27/2006,MDH,IL,AGL,CE,Federal Contract Tower,0,4,6,0,10,0,0,8,0,8,0,4,14,0,18,4,0,4,22
08/28/2006,MDH,IL,AGL,CE,Federal Contract Tower,0,2,3,0,5,0,0,31,0,31,0,2,34,0,36,108,0,108,144
08/29/2006,MDH,IL,AGL,CE,Federal Contract Tower,0,6,5,0,11,0,0,56,0,56,0,6,61,0,67,62,0,62,129
08/30/2006,MDH,IL,AGL,CE,Federal Contract Tower,0,6,1,0,7,0,0,47,0,47,0,6,48,0,54,134,0,134,188
08/31/2006,MDH,IL,AGL,CE,Federal Contract Tower,0,6,4,0,10,0,0,37,0,37,0,6,41,0,47,90,0,90,137
09/01/2006,MDH,IL,AGL,CE,Federal Contract Tower,0,6,12,0,18,0,0,29,2,31,0,6,41,2,49,80,0,80,129
09/02/2006,MDH,IL,AGL,CE,Federal Contract Tower,0,4,6,0,10,0,1,8,0,9,0,5,14,0,19,0,0,0,19
09/03/2006,MDH,IL,AGL,CE,Federal Contract Tower,0,3,3,0,6,0,0,11,0,11,0,3,14,0,17,2,0,2,19
09/04/2006,MDH,IL,AGL,CE,Federal Contract Tower,0,6,7,0,13,0,0,24,0,24,0,6,31,0,37,16,0,16,53
09/05/2006,MDH,IL,AGL,CE,Federal Contract Tower,0,1,4,0,5,0,0,77,0,77,0,1,81,0,82,158,0,158,240
09/06/2006,MDH,IL,AGL,CE,Federal Contract Tower,0,3,3,0,6,0,2,225,0,227,0,5,228,0,233,234,0,234,467
09/07/2006,MDH,IL,AGL,CE,Federal Contract Tower,0,5,1,0,6,0,1,234,0,235,0,6,235,0,241,320,0,320,561
09/08/2006,MDH,IL,AGL,CE,Federal Contract Tower,0,9,3,0,12,0,0,194,0,194,0,9,197,0,206,244,0,244,450
09/09/2006,MDH,IL,AGL,CE,Federal Contract Tower,0,3,5,0,8,0,0,67,0,67,0,3,72,0,75,98,0,98,173
09/10/2006,MDH,IL,AGL,CE,Federal Contract Tower,0,0,2,0,2,0,0,51,0,51,0,0,53,0,53,56,0,56,109
09/11/2006,MDH,IL,AGL,CE,Federal Contract Tower,0,6,2,0,8,0,5,64,0,69,0,11,66,0,77,166,0,166,243
09/12/2006,MDH,IL,AGL,CE,Federal Contract Tower,0,0,3,0,3,0,0,26,0,26,0,0,29,0,29,92,0,92,121
09/13/2006,MDH,IL,AGL,CE,Federal Contract Tower,0,5,3,0,8,0,4,174,0,178,0,9,177,0,186,498,0,498,684
09/14/2006,MDH,IL,AGL,CE,Federal Contract Tower,0,1,6,0,7,0,0,269,0,269,0,1,275,0,276,494,0,494,770
09/15/2006,MDH,IL,AGL,CE,Federal Contract Tower,0,1,3,0,4,0,0,155,0,155,0,1,158,0,159,202,0,202,361
09/16/2006,MDH,IL,AGL,CE,Federal Contract Tower,0,7,8,0,15,0,4,109,0,113,0,11,117,0,128,160,0,160,288
09/17/2006,MDH,IL,AGL,CE,Federal Contract Tower,0,2,3,0,5,0,0,36,0,36,0,2,39,0,41,22,0,22,63
09/18/2006,MDH,IL,AGL,CE,Federal Contract Tower,0,1,4,0,5,0,5,98,0,103,0,6,102,0,108,136,0,136,244
09/19/2006,MDH,IL,AGL,CE,Federal Contract Tower,0,2,2,0,4,0,0,232,0,232,0,2,234,0,236,396,0,396,632
09/20/2006,MDH,IL,AGL,CE,Federal Contract Tower,0,0,3,0,3,0,0,262,0,262,0,0,265,0,265,484,0,484,749
09/21/2006,MDH,IL,AGL,CE,Federal Contract Tower,0,0,5,0,5,0,0,273,0,273,0,0,278,0,278,584,0,584,862
09/22/2006,MDH,IL,AGL,CE,Federal Contract Tower,0,0,2,0,2,0,2,12,0,14,0,2,14,0,16,6,0,6,22
09/23/2006,MDH,IL,AGL,CE,Federal Contract Tower,0,0,1,0,1,0,0,2,0,2,0,0,3,0,3,0,0,0,3
09/24/2006,MDH,IL,AGL,CE,Federal Contract Tower,0,0,9,0,9,0,0,29,0,29,0,0,38,0,38,0,0,0,38
09/25/2006,MDH,IL,AGL,CE,Federal Contract Tower,0,1,2,0,3,0,0,237,0,237,0,1,239,0,240,470,0,470,710
09/26/2006,MDH,IL,AGL,CE,Federal Contract Tower,0,4,3,0,7,0,0,212,0,212,0,4,215,0,219,316,0,316,535
09/27/2006,MDH,IL,AGL,CE,Federal Contract Tower,0,6,1,0,7,0,0,199,0,199,0,6,200,0,206,320,0,320,526
09/28/2006,MDH,IL,AGL,CE,Federal Contract Tower,0,8,3,0,11,0,0,200,0,200,0,8,203,0,211,408,0,408,619
09/29/2006,MDH,IL,AGL,CE,Federal Contract Tower,0,5,5,0,10,0,0,199,0,199,0,5,204,0,209,310,0,310,519
09/30/2006,MDH,IL,AGL,CE,Federal Contract Tower,0,1,3,0,4,0,2,82,0,84,0,3,85,0,88,78,0,78,166
10/01/2006,MDH,IL,AGL,CE,Federal Contract Tower,0,0,5,0,5,0,0,86,0,86,0,0,91,0,91,98,0,98,189
10/02/2006,MDH,IL,AGL,CE,Federal Contract Tower,0,1,1,0,2,0,0,191,0,191,0,1,192,0,193,410,0,410,603
10/03/2006,MDH,IL,AGL,CE,Federal Contract Tower,0,2,0,0,2,0,5,215,0,220,0,7,215,0,222,400,0,400,622
10/04/2006,MDH,IL,AGL,CE,Federal Contract Tower,0,4,3,0,7,0,0,198,0,198,0,4,201,0,205,270,0,270,475
10/05/2006,MDH,IL,AGL,CE,Federal Contract Tower,0,3,17,0,20,0,2,46,0,48,0,5,63,0,68,120,0,120,188
10/06/2006,MDH,IL,AGL,CE,Federal Contract Tower,0,3,4,0,7,0,10,85,0,95,0,13,89,0,102,170,0,170,272
10/07/2006,MDH,IL,AGL,CE,Federal Contract Tower,1,4,3,0,8,1,1,130,0,132,2,5,133,0,140,10,0,10,150
10/08/2006,MDH,IL,AGL,CE,Federal Contract Tower,0,1,3,0,4,0,0,53,0,53,0,1,56,0,57,40,0,40,97
10/09/2006,MDH,IL,AGL,CE,Federal Contract Tower,0,5,7,0,12,0,0,0,0,0,0,5,7,0,12,308,0,308,320
10/10/2006,MDH,IL,AGL,CE,Federal Contract Tower,0,2,3,0,5,0,0,158,0,158,0,2,161,0,163,288,0,288,451
10/11/2006,MDH,IL,AGL,CE,Federal Contract Tower,0,7,2,0,9,0,0,58,0,58,0,7,60,0,67,126,0,126,193
10/12/2006,MDH,IL,AGL,CE,Federal Contract Tower,0,6,3,0,9,0,0,208,0,208,0,6,211,0,217,228,0,228,445
10/13/2006,MDH,IL,AGL,CE,Federal Contract Tower,0,2,7,0,9,0,0,121,0,121,0,2,128,0,130,178,0,178,308
10/14/2006,MDH,IL,AGL,CE,Federal Contract Tower,0,2,3,0,5,0,4,122,0,126,0,6,125,0,131,58,0,58,189
10/15/2006,MDH,IL,AGL,CE,Federal Contract Tower,0,0,3,0,3,0,0,32,0,32,0,0,35,0,35,44,0,44,79
10/16/2006,MDH,IL,AGL,CE,Federal Contract Tower,0,3,6,0,9,0,0,0,0,0,0,3,6,0,9,0,0,0,9
10/17/2006,MDH,IL,AGL,CE,Federal Contract Tower,0,8,6,0,14,0,0,19,0,19,0,8,25,0,33,52,0,52,85
10/18/2006,MDH,IL,AGL,CE,Federal Contract Tower,0,3,14,0,17,0,1,14,0,15,0,4,28,0,32,0,0,0,32
10/19/2006,MDH,IL,AGL,CE,Federal Contract Tower,0,6,3,0,9,0,0,12,0,12,0,6,15,0,21,33,0,33,54
10/20/2006,MDH,IL,AGL,CE,Federal Contract Tower,0,7,6,0,13,0,0,267,0,267,0,7,273,0,280,304,0,304,584
10/21/2006,MDH,IL,AGL,CE,Federal Contract Tower,0,0,6,0,6,0,3,85,0,88,0,3,91,0,94,84,0,84,178
10/22/2006,MDH,IL,AGL,CE,Federal Contract Tower,0,0,2,0,2,0,2,40,0,42,0,2,42,0,44,82,0,82,126
10/23/2006,MDH,IL,AGL,CE,Federal Contract Tower,0,2,3,0,5,0,0,237,0,237,0,2,240,0,242,366,0,366,608
10/24/2006,MDH,IL,AGL,CE,Federal Contract Tower,0,3,5,0,8,0,0,250,0,250,0,3,255,0,258,346,0,346,604
10/25/2006,MDH,IL,AGL,CE,Federal Contract Tower,0,8,5,0,13,0,0,222,0,222,0,8,227,0,235,412,0,412,647
10/26/2006,MDH,IL,AGL,CE,Federal Contract Tower,0,4,2,0,6,0,0,0,0,0,0,4,2,0,6,0,0,0,6
10/27/2006,MDH,IL,AGL,CE,Federal Contract Tower,0,2,2,0,4,0,3,2,0,5,0,5,4,0,9,0,0,0,9
10/28/2006,MDH,IL,AGL,CE,Federal Contract Tower,0,9,3,0,12,0,0,54,0,54,0,9,57,0,66,28,0,28,94
10/29/2006,MDH,IL,AGL,CE,Federal Contract Tower,0,0,5,0,5,0,2,83,0,85,0,2,88,0,90,184,0,184,274
10/30/2006,MDH,IL,AGL,CE,Federal Contract Tower,0,0,0,0,0,0,0,115,0,115,0,0,115,0,115,62,0,62,177
10/31/2006,MDH,IL,AGL,CE,Federal Contract Tower,0,2,9,0,11,0,0,57,0,57,0,2,66,0,68,102,0,102,170
11/01/2006,MDH,IL,AGL,CE,Federal Contract Tower,0,6,3,0,9,0,0,194,0,194,0,6,197,0,203,352,0,352,555
11/02/2006,MDH,IL,AGL,CE,Federal Contract Tower,0,2,2,0,4,0,2,259,0,261,0,4,261,0,265,562,0,562,827
11/03/2006,MDH,IL,AGL,CE,Federal Contract Tower,0,6,4,0,10,0,0,191,0,191,0,6,195,0,201,278,0,278,479
11/04/2006,MDH,IL,AGL,CE,Federal Contract Tower,0,0,9,0,9,0,1,133,2,136,0,1,142,2,145,172,0,172,317
11/05/2006,MDH,IL,AGL,CE,Federal Contract Tower,0,6,7,0,13,0,0,75,0,75,0,6,82,0,88,162,0,162,250
11/06/2006,MDH,IL,AGL,CE,Federal Contract Tower,0,6,9,0,15,0,0,52,0,52,0,6,61,0,67,104,0,104,171
11/07/2006,MDH,IL,AGL,CE,Federal Contract Tower,0,4,3,0,7,0,0,0,0,0,0,4,3,0,7,0,0,0,7
11/08/2006,MDH,IL,AGL,CE,Federal Contract Tower,0,5,0,0,5,0,1,172,0,173,0,6,172,0,178,246,0,246,424
11/09/2006,MDH,IL,AGL,CE,Federal Contract Tower,0,3,7,0,10,0,0,249,0,249,0,3,256,0,259,592,0,592,851
11/10/2006,MDH,IL,AGL,CE,Federal Contract Tower,0,1,15,0,16,0,0,58,0,58,0,1,73,0,74,162,0,162,236
11/11/2006,MDH,IL,AGL,CE,Federal Contract Tower,0,0,1,1,2,0,0,10,0,10,0,0,11,1,12,22,0,22,34
11/12/2006,MDH,IL,AGL,CE,Federal Contract Tower,0,1,2,0,3,0,0,142,10,152,0,1,144,10,155,224,0,224,379
11/13/2006,MDH,IL,AGL,CE,Federal Contract Tower,0,4,3,0,7,0,0,156,0,156,0,4,159,0,163,414,0,414,577
11/14/2006,MDH,IL,AGL,CE,Federal Contract Tower,0,7,8,0,15,0,0,90,0,90,0,7,98,0,105,203,0,203,308
11/15/2006,MDH,IL,AGL,CE,Federal Contract Tower,0,6,10,0,16,0,0,0,0,0,0,6,10,0,16,0,0,0,16
11/16/2006,MDH,IL,AGL,CE,Federal Contract Tower,0,2,3,0,5,0,3,7,0,10,0,5,10,0,15,30,0,30,45
11/17/2006,MDH,IL,AGL,CE,Federal Contract Tower,0,3,2,0,5,0,3,133,0,136,0,6,135,0,141,198,0,198,339
11/18/2006,MDH,IL,AGL,CE,Federal Contract Tower,0,0,6,0,6,0,0,3,0,3,0,0,9,0,9,0,0,0,9
11/19/2006,MDH,IL,AGL,CE,Federal Contract Tower,0,0,1,0,1,0,0,7,0,7,0,0,8,0,8,0,0,0,8
11/20/2006,MDH,IL,AGL,CE,Federal Contract Tower,0,3,1,0,4,0,0,29,0,29,0,3,30,0,33,26,0,26,59
11/21/2006,MDH,IL,AGL,CE,Federal Contract Tower,0,1,4,0,5,0,3,26,0,29,0,4,30,0,34,8,0,8,42
11/22/2006,MDH,IL,AGL,CE,Federal Contract Tower,0,9,5,0,14,0,2,16,0,18,0,11,21,0,32,4,0,4,36
11/23/2006,MDH,IL,AGL,CE,Federal Contract Tower,0,0,5,0,5,0,0,24,0,24,0,0,29,0,29,0,0,0,29
11/24/2006,MDH,IL,AGL,CE,Federal Contract Tower,0,2,6,0,8,0,0,27,0,27,0,2,33,0,35,4,0,4,39
11/25/2006,MDH,IL,AGL,CE,Federal Contract Tower,0,2,7,0,9,0,2,18,0,20,0,4,25,0,29,4,0,4,33
11/26/2006,MDH,IL,AGL,CE,Federal Contract Tower,0,4,2,0,6,0,0,13,0,13,0,4,15,0,19,0,0,0,19
11/27/2006,MDH,IL,AGL,CE,Federal Contract Tower,0,3,4,0,7,0,0,196,0,196,0,3,200,0,203,364,0,364,567
11/28/2006,MDH,IL,AGL,CE,Federal Contract Tower,0,1,2,0,3,0,5,180,1,186,0,6,182,1,189,308,0,308,497
11/29/2006,MDH,IL,AGL,CE,Federal Contract Tower,0,6,2,0,8,0,0,8,0,8,0,6,10,0,16,0,0,0,16
11/30/2006,MDH,IL,AGL,CE,Federal Contract Tower,0,1,0,0,1,0,0,2,0,2,0,1,2,0,3,4,0,4,7
12/01/2006,MDH,IL,AGL,CE,Federal Contract Tower,0,0,0,0,0,0,0,40,0,40,0,0,40,0,40,110,0,110,150
12/02/2006,MDH,IL,AGL,CE,Federal Contract Tower,0,4,7,0,11,0,0,172,0,172,0,4,179,0,183,342,0,342,525
12/03/2006,MDH,IL,AGL,CE,Federal Contract Tower,0,1,3,0,4,0,0,120,0,120,0,1,123,0,124,252,0,252,376
12/04/2006,MDH,IL,AGL,CE,Federal Contract Tower,0,5,4,0,9,0,0,202,0,202,0,5,206,0,211,328,0,328,539
12/05/2006,MDH,IL,AGL,CE,Federal Contract Tower,0,9,3,0,12,0,0,199,0,199,0,9,202,0,211,366,0,366,577
12/06/2006,MDH,IL,AGL,CE,Federal Contract Tower,0,2,1,0,3,0,1,195,0,196,0,3,196,0,199,394,0,394,593
12/07/2006,MDH,IL,AGL,CE,Federal Contract Tower,0,3,5,0,8,0,0,67,0,67,0,3,72,0,75,150,0,150,225
12/08/2006,MDH,IL,AGL,CE,Federal Contract Tower,0,6,10,0,16,0,0,165,0,165,0,6,175,0,181,328,0,328,509
12/09/2006,MDH,IL,AGL,CE,Federal Contract Tower,0,3,5,0,8,0,0,121,0,121,0,3,126,0,129,202,0,202,331
12/10/2006,MDH,IL,AGL,CE,Federal Contract Tower,0,0,4,0,4,0,0,77,0,77,0,0,81,0,81,94,0,94,175
12/11/2006,MDH,IL,AGL,CE,Federal Contract Tower,0,2,2,0,4,0,0,87,0,87,0,2,89,0,91,198,0,198,289
12/12/2006,MDH,IL,AGL,CE,Federal Contract Tower,0,1,3,0,4,0,0,18,0,18,0,1,21,0,22,44,0,44,66
12/13/2006,MDH,IL,AGL,CE,Federal Contract Tower,0,5,10,0,15,0,0,164,0,164,0,5,174,0,179,338,0,338,517
12/14/2006,MDH,IL,AGL,CE,Federal Contract Tower,0,6,7,0,13,0,0,122,2,124,0,6,129,2,137,222,0,222,359
12/15/2006,MDH,IL,AGL,CE,Federal Contract Tower,0,4,5,0,9,0,0,120,0,120,0,4,125,0,129,218,0,218,347
12/16/2006,MDH,IL,AGL,CE,Federal Contract Tower,0,0,2,0,2,0,0,30,0,30,0,0,32,0,32,0,0,0,32
12/17/2006,MDH,IL,AGL,CE,Federal Contract Tower,0,1,2,0,3,0,2,30,0,32,0,3,32,0,35,0,0,0,35
12/18/2006,MDH,IL,AGL,CE,Federal Contract Tower,0,2,2,0,4,0,0,34,0,34,0,2,36,0,38,62,0,62,100
12/19/2006,MDH,IL,AGL,CE,Federal Contract Tower,0,0,0,0,0,0,6,73,0,79,0,6,73,0,79,110,0,110,189
12/20/2006,MDH,IL,AGL,CE,Federal Contract Tower,0,3,1,0,4,0,0,3,0,3,0,3,4,0,7,0,0,0,7
12/21/2006,MDH,IL,AGL,CE,Federal Contract Tower,0,4,2,0,6,0,0,0,0,0,0,4,2,0,6,0,0,0,6
12/22/2006,MDH,IL,AGL,CE,Federal Contract Tower,0,1,3,0,4,0,0,9,0,9,0,1,12,0,13,0,0,0,13
12/23/2006,MDH,IL,AGL,CE,Federal Contract Tower,0,0,0,0,0,0,0,27,0,27,0,0,27,0,27,0,0,0,27
12/24/2006,MDH,IL,AGL,CE,Federal Contract Tower,0,4,2,0,6,0,0,26,0,26,0,4,28,0,32,8,0,8,40
12/25/2006,MDH,IL,AGL,CE,Federal Contract Tower,0,0,0,0,0,0,0,14,0,14,0,0,14,0,14,0,0,0,14
12/26/2006,MDH,IL,AGL,CE,Federal Contract Tower,0,3,6,0,9,0,0,9,0,9,0,3,15,0,18,0,0,0,18
12/27/2006,MDH,IL,AGL,CE,Federal Contract Tower,0,2,3,0,5,0,0,5,0,5,0,2,8,0,10,0,0,0,10
12/28/2006,MDH,IL,AGL,CE,Federal Contract Tower,0,0,0,0,0,0,1,24,0,25,0,1,24,0,25,6,0,6,31
12/29/2006,MDH,IL,AGL,CE,Federal Contract Tower,0,0,7,0,7,0,0,9,0,9,0,0,16,0,16,0,0,0,16
12/30/2006,MDH,IL,AGL,CE,Federal Contract Tower,0,2,0,0,2,0,0,8,0,8,0,2,8,0,10,22,0,22,32
12/31/2006,MDH,IL,AGL,CE,Federal Contract Tower,0,0,1,0,1,0,3,22,0,25,0,3,23,0,26,8,0,8,34
01/01/2007,MDH,IL,AGL,CE,Federal Contract Tower,0,0,3,0,3,0,0,3,0,3,0,0,6,0,6,0,0,0,6
01/02/2007,MDH,IL,AGL,CE,Federal Contract Tower,0,5,3,0,8,0,0,31,0,31,0,5,34,0,39,6,0,6,45
01/03/2007,MDH,IL,AGL,CE,Federal Contract Tower,0,3,5,0,8,0,2,28,0,30,0,5,33,0,38,12,0,12,50
01/04/2007,MDH,IL,AGL,CE,Federal Contract Tower,0,0,1,0,1,0,0,0,0,0,0,0,1,0,1,0,0,0,1
01/05/2007,MDH,IL,AGL,CE,Federal Contract Tower,0,0,0,0,0,0,0,2,0,2,0,0,2,0,2,8,0,8,10
01/06/2007,MDH,IL,AGL,CE,Federal Contract Tower,0,0,0,0,0,0,0,18,0,18,0,0,18,0,18,2,0,2,20
01/07/2007,MDH,IL,AGL,CE,Federal Contract Tower,0,2,1,0,3,0,0,0,0,0,0,2,1,0,3,0,0,0,3
01/08/2007,MDH,IL,AGL,CE,Federal Contract Tower,0,2,3,0,5,0,1,15,0,16,0,3,18,0,21,0,0,0,21
01/09/2007,MDH,IL,AGL,CE,Federal Contract Tower,0,5,0,0,5,0,0,54,0,54,0,5,54,0,59,54,0,54,113
01/10/2007,MDH,IL,AGL,CE,Federal Contract Tower,0,5,0,0,5,0,1,51,0,52,0,6,51,0,57,104,0,104,161
01/11/2007,MDH,IL,AGL,CE,Federal Contract Tower,0,3,0,0,3,0,1,20,1,22,0,4,20,1,25,12,0,12,37
01/12/2007,MDH,IL,AGL,CE,Federal Contract Tower,0,2,2,0,4,0,0,0,0,0,0,2,2,0,4,0,0,0,4
01/13/2007,MDH,IL,AGL,CE,Federal Contract Tower,0,0,0,0,0,0,0,0,0,0,0,0,0,0,0,0,0,0,0
01/14/2007,MDH,IL,AGL,CE,Federal Contract Tower,0,2,0,0,2,0,0,0,0,0,0,2,0,0,2,0,0,0,2
01/15/2007,MDH,IL,AGL,CE,Federal Contract Tower,0,4,5,0,9,0,0,113,0,113,0,4,118,0,122,234,0,234,356
01/16/2007,MDH,IL,AGL,CE,Federal Contract Tower,0,4,0,0,4,0,0,5,0,5,0,4,5,0,9,16,0,16,25
01/17/2007,MDH,IL,AGL,CE,Federal Contract Tower,0,2,4,0,6,0,5,29,0,34,0,7,33,0,40,16,0,16,56
01/18/2007,MDH,IL,AGL,CE,Federal Contract Tower,0,1,1,0,2,0,1,49,0,50,0,2,50,0,52,116,0,116,168
01/19/2007,MDH,IL,AGL,CE,Federal Contract Tower,0,0,1,0,1,0,0,123,0,123,0,0,124,0,124,198,0,198,322
01/20/2007,MDH,IL,AGL,CE,Federal Contract Tower,0,1,1,0,2,0,0,72,0,72,0,1,73,0,74,89,0,89,163
01/21/2007,MDH,IL,AGL,CE,Federal Contract Tower,0,0,0,0,0,0,0,0,0,0,0,0,0,0,0,0,0,0,0
01/22/2007,MDH,IL,AGL,CE,Federal Contract Tower,0,2,0,0,2,0,2,21,0,23,0,4,21,0,25,82,0,82,107
01/23/2007,MDH,IL,AGL,CE,Federal Contract Tower,0,4,6,0,10,0,0,150,0,150,0,4,156,0,160,242,0,242,402
01/24/2007,MDH,IL,AGL,CE,Federal Contract Tower,0,6,1,0,7,0,0,119,10,129,0,6,120,10,136,340,0,340,476
01/25/2007,MDH,IL,AGL,CE,Federal Contract Tower,0,8,3,0,11,0,0,101,0,101,0,8,104,0,112,216,0,216,328
01/26/2007,MDH,IL,AGL,CE,Federal Contract Tower,0,11,2,0,13,0,0,182,0,182,0,11,184,0,195,232,0,232,427
01/27/2007,MDH,IL,AGL,CE,Federal Contract Tower,0,0,3,0,3,0,0,18,0,18,0,0,21,0,21,26,0,26,47
01/28/2007,MDH,IL,AGL,CE,Federal Contract Tower,0,1,1,0,2,0,2,14,0,16,0,3,15,0,18,22,0,22,40
01/29/2007,MDH,IL,AGL,CE,Federal Contract Tower,0,0,2,0,2,0,2,180,0,182,0,2,182,0,184,270,0,270,454
01/30/2007,MDH,IL,AGL,CE,Federal Contract Tower,0,0,0,0,0,0,0,74,0,74,0,0,74,0,74,100,0,100,174
01/31/2007,MDH,IL,AGL,CE,Federal Contract Tower,0,2,1,0,3,0,1,135,0,136,0,3,136,0,139,216,0,216,355
02/01/2007,MDH,IL,AGL,CE,Federal Contract Tower,0,2,0,0,2,0,0,8,0,8,0,2,8,0,10,28,0,28,38
02/02/2007,MDH,IL,AGL,CE,Federal Contract Tower,0,1,6,0,7,0,0,116,0,116,0,1,122,0,123,204,0,204,327
02/03/2007,MDH,IL,AGL,CE,Federal Contract Tower,0,2,2,0,4,0,2,87,0,89,0,4,89,0,93,148,0,148,241
02/04/2007,MDH,IL,AGL,CE,Federal Contract Tower,0,0,6,0,6,0,0,35,0,35,0,0,41,0,41,24,0,24,65
02/05/2007,MDH,IL,AGL,CE,Federal Contract Tower,0,6,2,0,8,0,1,5,0,6,0,7,7,0,14,4,0,4,18
02/06/2007,MDH,IL,AGL,CE,Federal Contract Tower,0,4,0,0,4,0,0,173,0,173,0,4,173,0,177,220,0,220,397
02/07/2007,MDH,IL,AGL,CE,Federal Contract Tower,0,5,6,0,11,0,0,130,0,130,0,5,136,0,141,246,0,246,387
02/08/2007,MDH,IL,AGL,CE,Federal Contract Tower,0,4,2,0,6,0,7,221,0,228,0,11,223,0,234,428,0,428,662
02/09/2007,MDH,IL,AGL,CE,Federal Contract Tower,0,4,1,0,5,0,0,142,0,142,0,4,143,0,147,244,0,244,391
02/10/2007,MDH,IL,AGL,CE,Federal Contract Tower,0,2,5,0,7,0,0,93,0,93,0,2,98,0,100,112,0,112,212
02/11/2007,MDH,IL,AGL,CE,Federal Contract Tower,0,0,5,2,7,0,0,61,0,61,0,0,66,2,68,84,0,84,152
02/12/2007,MDH,IL,AGL,CE,Federal Contract Tower,0,7,3,0,10,0,0,11,0,11,0,7,14,0,21,18,0,18,39
02/13/2007,MDH,IL,AGL,CE,Federal Contract Tower,0,1,1,0,2,0,0,0,0,0,0,1,1,0,2,0,0,0,2
02/14/2007,MDH,IL,AGL,CE,Federal Contract Tower,0,0,0,0,0,0,2,32,0,34,0,2,32,0,34,44,0,44,78
02/15/2007,MDH,IL,AGL,CE,Federal Contract Tower,0,5,2,0,7,0,0,165,0,165,0,5,167,0,172,398,0,398,570
02/16/2007,MDH,IL,AGL,CE,Federal Contract Tower,0,6,0,0,6,0,0,127,0,127,0,6,127,0,133,102,0,102,235
02/17/2007,MDH,IL,AGL,CE,Federal Contract Tower,0,0,0,0,0,0,0,1,0,1,0,0,1,0,1,0,0,0,1
02/18/2007,MDH,IL,AGL,CE,Federal Contract Tower,0,0,5,0,5,0,0,46,0,46,0,0,51,0,51,108,0,108,159
02/19/2007,MDH,IL,AGL,CE,Federal Contract Tower,0,2,0,0,2,0,0,79,0,79,0,2,79,0,81,78,0,78,159
02/20/2007,MDH,IL,AGL,CE,Federal Contract Tower,0,4,2,0,6,0,0,161,0,161,0,4,163,0,167,288,0,288,455
02/21/2007,MDH,IL,AGL,CE,Federal Contract Tower,0,5,11,0,16,0,0,156,0,156,0,5,167,0,172,254,0,254,426
02/22/2007,MDH,IL,AGL,CE,Federal Contract Tower,0,1,0,0,1,0,0,197,0,197,0,1,197,0,198,392,0,392,590
02/23/2007,MDH,IL,AGL,CE,Federal Contract Tower,0,1,2,0,3,0,2,172,0,174,0,3,174,0,177,294,0,294,471
02/24/2007,MDH,IL,AGL,CE,Federal Contract Tower,0,0,2,0,2,0,0,2,0,2,0,0,4,0,4,0,0,0,4
02/25/2007,MDH,IL,AGL,CE,Federal Contract Tower,0,3,1,0,4,0,0,9,0,9,0,3,10,0,13,4,0,4,17
02/26/2007,MDH,IL,AGL,CE,Federal Contract Tower,0,2,1,0,3,0,1,182,0,183,0,3,183,0,186,459,0,459,645
02/27/2007,MDH,IL,AGL,CE,Federal Contract Tower,0,6,2,0,8,0,0,144,0,144,0,6,146,0,152,262,0,262,414
02/28/2007,MDH,IL,AGL,CE,Federal Contract Tower,0,4,2,0,6,0,0,128,0,128,0,4,130,0,134,186,0,186,320
03/01/2007,MDH,IL,AGL,CE,Federal Contract Tower,0,0,0,0,0,0,4,17,0,21,0,4,17,0,21,40,0,40,61
03/02/2007,MDH,IL,AGL,CE,Federal Contract Tower,0,3,4,0,7,0,0,72,0,72,0,3,76,0,79,92,0,92,171
03/03/2007,MDH,IL,AGL,CE,Federal Contract Tower,0,0,0,0,0,0,0,3,0,3,0,0,3,0,3,6,0,6,9
03/04/2007,MDH,IL,AGL,CE,Federal Contract Tower,0,0,0,0,0,0,0,119,0,119,0,0,119,0,119,118,0,118,237
03/05/2007,MDH,IL,AGL,CE,Federal Contract Tower,0,4,6,0,10,0,0,188,0,188,0,4,194,0,198,350,0,350,548
03/06/2007,MDH,IL,AGL,CE,Federal Contract Tower,0,4,5,0,9,0,0,157,0,157,0,4,162,0,166,256,0,256,422
03/07/2007,MDH,IL,AGL,CE,Federal Contract Tower,0,5,0,0,5,0,0,156,0,156,0,5,156,0,161,216,0,216,377
03/08/2007,MDH,IL,AGL,CE,Federal Contract Tower,0,2,3,0,5,0,0,223,0,223,0,2,226,0,228,520,0,520,748
03/09/2007,MDH,IL,AGL,CE,Federal Contract Tower,0,5,5,0,10,0,0,130,0,130,0,5,135,0,140,166,0,166,306
03/10/2007,MDH,IL,AGL,CE,Federal Contract Tower,0,4,7,0,11,0,0,16,0,16,0,4,23,0,27,12,0,12,39
03/11/2007,MDH,IL,AGL,CE,Federal Contract Tower,0,2,0,0,2,0,0,12,0,12,0,2,12,0,14,2,0,2,16
03/12/2007,MDH,IL,AGL,CE,Federal Contract Tower,0,4,2,0,6,0,1,32,0,33,0,5,34,0,39,18,0,18,57
03/13/2007,MDH,IL,AGL,CE,Federal Contract Tower,0,2,3,0,5,0,0,10,0,10,0,2,13,0,15,8,0,8,23
03/14/2007,MDH,IL,AGL,CE,Federal Contract Tower,0,4,7,0,11,0,0,34,0,34,0,4,41,0,45,52,0,52,97
03/15/2007,MDH,IL,AGL,CE,Federal Contract Tower,0,4,4,0,8,0,4,6,0,10,0,8,10,0,18,8,0,8,26
03/16/2007,MDH,IL,AGL,CE,Federal Contract Tower,0,2,3,0,5,0,0,30,0,30,0,2,33,0,35,8,0,8,43
03/17/2007,MDH,IL,AGL,CE,Federal Contract Tower,0,2,0,0,2,0,0,8,0,8,0,2,8,0,10,4,0,4,14
03/18/2007,MDH,IL,AGL,CE,Federal Contract Tower,0,3,5,0,8,0,1,20,0,21,0,4,25,0,29,2,0,2,31
03/19/2007,MDH,IL,AGL,CE,Federal Contract Tower,0,4,0,0,4,0,0,78,0,78,0,4,78,0,82,164,0,164,246
03/20/2007,MDH,IL,AGL,CE,Federal Contract Tower,0,4,0,0,4,0,0,79,0,79,0,4,79,0,83,160,0,160,243
03/21/2007,MDH,IL,AGL,CE,Federal Contract Tower,0,5,2,0,7,0,0,122,0,122,0,5,124,0,129,174,0,174,303
03/22/2007,MDH,IL,AGL,CE,Federal Contract Tower,0,0,3,0,3,0,1,70,0,71,0,1,73,0,74,268,0,268,342
03/23/2007,MDH,IL,AGL,CE,Federal Contract Tower,0,1,6,0,7,0,0,113,0,113,0,1,119,0,120,276,0,276,396
03/24/2007,MDH,IL,AGL,CE,Federal Contract Tower,0,0,9,0,9,0,4,85,0,89,0,4,94,0,98,118,0,118,216
03/25/2007,MDH,IL,AGL,CE,Federal Contract Tower,0,3,5,0,8,0,0,99,0,99,0,3,104,0,107,154,0,154,261
03/26/2007,MDH,IL,AGL,CE,Federal Contract Tower,0,3,8,0,11,0,0,128,0,128,0,3,136,0,139,310,0,310,449
03/27/2007,MDH,IL,AGL,CE,Federal Contract Tower,0,2,4,0,6,0,0,229,0,229,0,2,233,0,235,376,0,376,611
03/28/2007,MDH,IL,AGL,CE,Federal Contract Tower,0,6,6,0,12,0,0,171,0,171,0,6,177,0,183,332,0,332,515
03/29/2007,MDH,IL,AGL,CE,Federal Contract Tower,0,5,3,0,8,0,2,81,0,83,0,7,84,0,91,206,0,206,297
03/30/2007,MDH,IL,AGL,CE,Federal Contract Tower,0,3,5,0,8,0,0,75,0,75,0,3,80,0,83,156,0,156,239
03/31/2007,MDH,IL,AGL,CE,Federal Contract Tower,0,2,0,0,2,0,0,68,0,68,0,2,68,0,70,110,0,110,180
04/01/2007,MDH,IL,AGL,CE,Federal Contract Tower,0,2,4,0,6,0,0,97,0,97,0,2,101,0,103,148,0,148,251
04/02/2007,MDH,IL,AGL,CE,Federal Contract Tower,0,4,14,0,18,0,6,252,0,258,0,10,266,0,276,471,0,471,747
04/03/2007,MDH,IL,AGL,CE,Federal Contract Tower,0,2,5,0,7,0,0,71,0,71,0,2,76,0,78,88,0,88,166
04/04/2007,MDH,IL,AGL,CE,Federal Contract Tower,0,1,3,0,4,0,0,143,0,143,0,1,146,0,147,272,0,272,419
04/05/2007,MDH,IL,AGL,CE,Federal Contract Tower,0,5,10,0,15,0,0,151,0,151,0,5,161,0,166,520,0,520,686
04/06/2007,MDH,IL,AGL,CE,Federal Contract Tower,0,4,4,0,8,0,3,79,0,82,0,7,83,0,90,88,0,88,178
04/07/2007,MDH,IL,AGL,CE,Federal Contract Tower,0,2,2,0,4,0,2,43,0,45,0,4,45,0,49,44,0,44,93
04/08/2007,MDH,IL,AGL,CE,Federal Contract Tower,0,0,2,0,2,0,0,31,0,31,0,0,33,0,33,26,0,26,59
04/09/2007,MDH,IL,AGL,CE,Federal Contract Tower,0,5,6,0,11,0,0,262,0,262,0,5,268,0,273,656,0,656,929
04/10/2007,MDH,IL,AGL,CE,Federal Contract Tower,0,7,12,0,19,0,1,117,0,118,0,8,129,0,137,235,0,235,372
04/11/2007,MDH,IL,AGL,CE,Federal Contract Tower,0,1,9,0,10,0,0,15,0,15,0,1,24,0,25,6,0,6,31
04/12/2007,MDH,IL,AGL,CE,Federal Contract Tower,0,7,7,0,14,0,5,137,0,142,0,12,144,0,156,368,0,368,524
04/13/2007,MDH,IL,AGL,CE,Federal Contract Tower,0,5,1,0,6,0,0,73,0,73,0,5,74,0,79,172,0,172,251
04/14/2007,MDH,IL,AGL,CE,Federal Contract Tower,2,0,1,0,3,0,0,0,0,0,2,0,1,0,3,0,0,0,3
04/15/2007,MDH,IL,AGL,CE,Federal Contract Tower,0,3,2,0,5,0,4,93,0,97,0,7,95,0,102,94,0,94,196
04/16/2007,MDH,IL,AGL,CE,Federal Contract Tower,0,2,6,0,8,0,0,176,0,176,0,2,182,0,184,418,0,418,602
04/17/2007,MDH,IL,AGL,CE,Federal Contract Tower,0,1,3,0,4,0,0,205,0,205,0,1,208,0,209,406,0,406,615
04/18/2007,MDH,IL,AGL,CE,Federal Contract Tower,0,6,10,0,16,0,2,180,0,182,0,8,190,0,198,204,0,204,402
04/19/2007,MDH,IL,AGL,CE,Federal Contract Tower,0,3,3,0,6,0,4,204,1,209,0,7,207,1,215,426,0,426,641
04/20/2007,MDH,IL,AGL,CE,Federal Contract Tower,0,5,5,0,10,0,0,138,0,138,0,5,143,0,148,308,0,308,456
04/21/2007,MDH,IL,AGL,CE,Federal Contract Tower,0,3,4,2,9,0,0,97,0,97,0,3,101,2,106,158,0,158,264
04/22/2007,MDH,IL,AGL,CE,Federal Contract Tower,0,0,4,0,4,0,5,39,0,44,0,5,43,0,48,10,0,10,58
04/23/2007,MDH,IL,AGL,CE,Federal Contract Tower,0,3,7,0,10,0,1,92,0,93,0,4,99,0,103,174,0,174,277
04/24/2007,MDH,IL,AGL,CE,Federal Contract Tower,0,1,4,0,5,0,0,89,0,89,0,1,93,0,94,208,0,208,302
04/25/2007,MDH,IL,AGL,CE,Federal Contract Tower,0,6,3,0,9,0,2,44,0,46,0,8,47,0,55,50,0,50,105
04/26/2007,MDH,IL,AGL,CE,Federal Contract Tower,0,5,2,0,7,0,5,64,0,69,0,10,66,0,76,110,0,110,186
04/27/2007,MDH,IL,AGL,CE,Federal Contract Tower,0,4,4,0,8,0,0,136,0,136,0,4,140,0,144,272,0,272,416
04/28/2007,MDH,IL,AGL,CE,Federal Contract Tower,0,7,3,0,10,0,1,85,0,86,0,8,88,0,96,72,0,72,168
04/29/2007,MDH,IL,AGL,CE,Federal Contract Tower,0,6,2,0,8,0,0,71,0,71,0,6,73,0,79,132,0,132,211
04/30/2007,MDH,IL,AGL,CE,Federal Contract Tower,0,3,6,0,9,0,2,161,1,164,0,5,167,1,173,306,0,306,479
05/01/2007,MDH,IL,AGL,CE,Federal Contract Tower,0,3,6,0,9,0,2,149,0,151,0,5,155,0,160,282,0,282,442
05/02/2007,MDH,IL,AGL,CE,Federal Contract Tower,0,4,4,1,9,0,0,12,0,12,0,4,16,1,21,32,0,32,53
05/03/2007,MDH,IL,AGL,CE,Federal Contract Tower,0,4,7,0,11,0,0,0,0,0,0,4,7,0,11,0,0,0,11
05/04/2007,MDH,IL,AGL,CE,Federal Contract Tower,0,2,5,1,8,0,1,8,1,10,0,3,13,2,18,22,0,22,40
05/05/2007,MDH,IL,AGL,CE,Federal Contract Tower,0,0,7,0,7,0,0,9,0,9,0,0,16,0,16,12,0,12,28
05/06/2007,MDH,IL,AGL,CE,Federal Contract Tower,0,4,4,0,8,0,2,99,0,101,0,6,103,0,109,206,0,206,315
05/07/2007,MDH,IL,AGL,CE,Federal Contract Tower,0,2,6,0,8,0,1,202,0,203,0,3,208,0,211,456,0,456,667
05/08/2007,MDH,IL,AGL,CE,Federal Contract Tower,0,5,2,0,7,0,0,184,0,184,0,5,186,0,191,364,0,364,555
05/09/2007,MDH,IL,AGL,CE,Federal Contract Tower,0,4,2,0,6,0,0,141,0,141,0,4,143,0,147,286,0,286,433
05/10/2007,MDH,IL,AGL,CE,Federal Contract Tower,0,3,2,0,5,0,1,125,0,126,0,4,127,0,131,212,0,212,343
05/11/2007,MDH,IL,AGL,CE,Federal Contract Tower,0,5,2,0,7,0,1,54,0,55,0,6,56,0,62,90,0,90,152
05/12/2007,MDH,IL,AGL,CE,Federal Contract Tower,0,2,9,0,11,0,5,26,0,31,0,7,35,0,42,0,0,0,42
05/13/2007,MDH,IL,AGL,CE,Federal Contract Tower,0,2,4,0,6,0,0,31,0,31,0,2,35,0,37,6,0,6,43
05/14/2007,MDH,IL,AGL,CE,Federal Contract Tower,0,3,5,0,8,0,1,85,0,86,0,4,90,0,94,120,0,120,214
05/15/2007,MDH,IL,AGL,CE,Federal Contract Tower,0,0,4,0,4,0,3,50,0,53,0,3,54,0,57,94,0,94,151
05/16/2007,MDH,IL,AGL,CE,Federal Contract Tower,0,1,9,0,10,0,0,88,0,88,0,1,97,0,98,176,0,176,274
05/17/2007,MDH,IL,AGL,CE,Federal Contract Tower,0,4,9,0,13,0,0,82,0,82,0,4,91,0,95,114,0,114,209
05/18/2007,MDH,IL,AGL,CE,Federal Contract Tower,0,2,3,0,5,0,2,112,0,114,0,4,115,0,119,124,0,124,243
05/19/2007,MDH,IL,AGL,CE,Federal Contract Tower,0,3,2,0,5,0,3,20,0,23,0,6,22,0,28,2,0,2,30
05/20/2007,MDH,IL,AGL,CE,Federal Contract Tower,0,1,1,0,2,0,4,25,0,29,0,5,26,0,31,24,0,24,55
05/21/2007,MDH,IL,AGL,CE,Federal Contract Tower,0,1,3,0,4,0,1,115,0,116,0,2,118,0,120,184,0,184,304
05/22/2007,MDH,IL,AGL,CE,Federal Contract Tower,0,4,3,0,7,0,3,87,0,90,0,7,90,0,97,166,0,166,263
05/23/2007,MDH,IL,AGL,CE,Federal Contract Tower,0,3,2,0,5,0,0,108,0,108,0,3,110,0,113,120,0,120,233
05/24/2007,MDH,IL,AGL,CE,Federal Contract Tower,0,3,7,0,10,0,0,70,0,70,0,3,77,0,80,118,0,118,198
05/25/2007,MDH,IL,AGL,CE,Federal Contract Tower,0,4,1,0,5,0,0,39,0,39,0,4,40,0,44,48,0,48,92
05/26/2007,MDH,IL,AGL,CE,Federal Contract Tower,0,0,0,0,0,0,1,26,0,27,0,1,26,0,27,40,0,40,67
05/27/2007,MDH,IL,AGL,CE,Federal Contract Tower,0,4,4,0,8,0,0,11,0,11,0,4,15,0,19,22,0,22,41
05/28/2007,MDH,IL,AGL,CE,Federal Contract Tower,0,1,1,0,2,0,4,16,2,22,0,5,17,2,24,4,0,4,28
05/29/2007,MDH,IL,AGL,CE,Federal Contract Tower,0,1,6,0,7,0,0,84,0,84,0,1,90,0,91,110,0,110,201
05/30/2007,MDH,IL,AGL,CE,Federal Contract Tower,0,7,0,0,7,0,0,75,0,75,0,7,75,0,82,148,0,148,230
05/31/2007,MDH,IL,AGL,CE,Federal Contract Tower,0,6,8,0,14,0,0,33,0,33,0,6,41,0,47,56,0,56,103
06/01/2007,MDH,IL,AGL,CE,Federal Contract Tower,0,4,2,0,6,0,0,74,0,74,0,4,76,0,80,142,0,142,222
06/02/2007,MDH,IL,AGL,CE,Federal Contract Tower,0,0,3,0,3,0,0,2,0,2,0,0,5,0,5,2,0,2,7
06/03/2007,MDH,IL,AGL,CE,Federal Contract Tower,0,1,2,0,3,0,0,9,0,9,0,1,11,0,12,24,0,24,36
06/04/2007,MDH,IL,AGL,CE,Federal Contract Tower,0,2,6,0,8,0,1,71,0,72,0,3,77,0,80,84,0,84,164
06/05/2007,MDH,IL,AGL,CE,Federal Contract Tower,0,4,2,0,6,0,5,101,0,106,0,9,103,0,112,176,0,176,288
06/06/2007,MDH,IL,AGL,CE,Federal Contract Tower,0,4,3,0,7,0,0,142,0,142,0,4,145,0,149,246,0,246,395
06/07/2007,MDH,IL,AGL,CE,Federal Contract Tower,0,0,2,0,2,0,0,16,0,16,0,0,18,0,18,4,0,4,22
06/08/2007,MDH,IL,AGL,CE,Federal Contract Tower,0,2,4,0,6,0,0,30,0,30,0,2,34,0,36,24,0,24,60
06/09/2007,MDH,IL,AGL,CE,Federal Contract Tower,0,0,2,0,2,0,0,30,0,30,0,0,32,0,32,0,0,0,32
06/10/2007,MDH,IL,AGL,CE,Federal Contract Tower,0,0,0,0,0,0,0,18,0,18,0,0,18,0,18,32,0,32,50
06/11/2007,MDH,IL,AGL,CE,Federal Contract Tower,0,2,1,0,3,0,2,96,0,98,0,4,97,0,101,240,0,240,341
06/12/2007,MDH,IL,AGL,CE,Federal Contract Tower,0,2,8,0,10,0,0,96,7,103,0,2,104,7,113,186,0,186,299
06/13/2007,MDH,IL,AGL,CE,Federal Contract Tower,0,2,1,0,3,0,0,112,2,114,0,2,113,2,117,166,0,166,283
06/14/2007,MDH,IL,AGL,CE,Federal Contract Tower,0,7,6,0,13,0,1,92,0,93,0,8,98,0,106,164,0,164,270
06/15/2007,MDH,IL,AGL,CE,Federal Contract Tower,0,1,1,0,2,0,2,106,0,108,0,3,107,0,110,172,0,172,282
06/16/2007,MDH,IL,AGL,CE,Federal Contract Tower,0,0,4,0,4,0,0,49,0,49,0,0,53,0,53,102,0,102,155
06/17/2007,MDH,IL,AGL,CE,Federal Contract Tower,0,2,1,0,3,0,0,42,0,42,0,2,43,0,45,0,0,0,45
06/18/2007,MDH,IL,AGL,CE,Federal Contract Tower,0,0,2,0,2,0,0,70,2,72,0,0,72,2,74,98,0,98,172
06/19/2007,MDH,IL,AGL,CE,Federal Contract Tower,0,0,1,0,1,0,0,109,0,109,0,0,110,0,110,174,0,174,284
06/20/2007,MDH,IL,AGL,CE,Federal Contract Tower,0,3,2,0,5,0,1,157,8,166,0,4,159,8,171,180,0,180,351
06/21/2007,MDH,IL,AGL,CE,Federal Contract Tower,0,1,3,0,4,0,2,133,0,135,0,3,136,0,139,262,0,262,401
06/22/2007,MDH,IL,AGL,CE,Federal Contract Tower,0,0,7,0,7,0,0,97,0,97,0,0,104,0,104,198,0,198,302
06/23/2007,MDH,IL,AGL,CE,Federal Contract Tower,0,7,3,0,10,0,0,11,0,11,0,7,14,0,21,26,0,26,47
06/24/2007,MDH,IL,AGL,CE,Federal Contract Tower,0,2,7,0,9,0,0,16,0,16,0,2,23,0,25,32,0,32,57
06/25/2007,MDH,IL,AGL,CE,Federal Contract Tower,0,6,2,0,8,0,0,26,0,26,0,6,28,0,34,62,0,62,96
06/26/2007,MDH,IL,AGL,CE,Federal Contract Tower,0,3,4,0,7,0,2,73,0,75,0,5,77,0,82,100,0,100,182
06/27/2007,MDH,IL,AGL,CE,Federal Contract Tower,0,4,0,0,4,0,0,92,0,92,0,4,92,0,96,138,0,138,234
06/28/2007,MDH,IL,AGL,CE,Federal Contract Tower,0,3,2,0,5,0,0,83,0,83,0,3,85,0,88,212,0,212,300
06/29/2007,MDH,IL,AGL,CE,Federal Contract Tower,0,7,6,0,13,0,0,5,0,5,0,7,11,0,18,8,0,8,26
06/30/2007,MDH,IL,AGL,CE,Federal Contract Tower,0,2,2,0,4,0,0,33,0,33,0,2,35,0,37,52,0,52,89
07/01/2007,MDH,IL,AGL,CE,Federal Contract Tower,0,0,4,0,4,0,2,22,0,24,0,2,26,0,28,42,0,42,70
07/02/2007,MDH,IL,AGL,CE,Federal Contract Tower,0,0,5,0,5,0,0,151,0,151,0,0,156,0,156,226,0,226,382
07/03/2007,MDH,IL,AGL,CE,Federal Contract Tower,0,0,8,0,8,0,2,174,0,176,0,2,182,0,184,280,0,280,464
07/04/2007,MDH,IL,AGL,CE,Federal Contract Tower,0,0,2,0,2,0,0,17,0,17,0,0,19,0,19,8,0,8,27
07/05/2007,MDH,IL,AGL,CE,Federal Contract Tower,0,0,2,0,2,0,0,60,0,60,0,0,62,0,62,88,0,88,150
07/06/2007,MDH,IL,AGL,CE,Federal Contract Tower,0,3,6,0,9,0,0,122,2,124,0,3,128,2,133,136,0,136,269
07/07/2007,MDH,IL,AGL,CE,Federal Contract Tower,0,0,4,0,4,0,10,12,0,22,0,10,16,0,26,36,0,36,62
07/08/2007,MDH,IL,AGL,CE,Federal Contract Tower,0,2,0,0,2,0,2,42,0,44,0,4,42,0,46,28,0,28,74
07/09/2007,MDH,IL,AGL,CE,Federal Contract Tower,0,0,3,0,3,0,0,87,5,92,0,0,90,5,95,188,0,188,283
07/10/2007,MDH,IL,AGL,CE,Federal Contract Tower,0,0,6,1,7,0,0,53,13,66,0,0,59,14,73,94,0,94,167
07/11/2007,MDH,IL,AGL,CE,Federal Contract Tower,0,4,9,0,13,0,0,108,6,114,0,4,117,6,127,222,2,224,351
07/12/2007,MDH,IL,AGL,CE,Federal Contract Tower,0,2,10,0,12,0,1,104,4,109,0,3,114,4,121,148,0,148,269
07/13/2007,MDH,IL,AGL,CE,Federal Contract Tower,0,0,5,0,5,0,2,92,0,94,0,2,97,0,99,134,0,134,233
07/14/2007,MDH,IL,AGL,CE,Federal Contract Tower,0,0,2,0,2,0,0,24,0,24,0,0,26,0,26,74,0,74,100
07/15/2007,MDH,IL,AGL,CE,Federal Contract Tower,0,0,8,0,8,0,0,26,2,28,0,0,34,2,36,70,0,70,106
07/16/2007,MDH,IL,AGL,CE,Federal Contract Tower,0,0,2,0,2,0,0,125,0,125,0,0,127,0,127,296,0,296,423
07/17/2007,MDH,IL,AGL,CE,Federal Contract Tower,0,1,5,0,6,0,0,53,0,53,0,1,58,0,59,108,0,108,167
07/18/2007,MDH,IL,AGL,CE,Federal Contract Tower,0,6,6,0,12,0,0,95,0,95,0,6,101,0,107,182,0,182,289
07/19/2007,MDH,IL,AGL,CE,Federal Contract Tower,0,2,5,0,7,0,0,76,0,76,0,2,81,0,83,76,0,76,159
07/20/2007,MDH,IL,AGL,CE,Federal Contract Tower,0,2,4,0,6,0,0,75,0,75,0,2,79,0,81,110,0,110,191
07/21/2007,MDH,IL,AGL,CE,Federal Contract Tower,0,0,4,0,4,0,0,32,0,32,0,0,36,0,36,38,0,38,74
07/22/2007,MDH,IL,AGL,CE,Federal Contract Tower,0,1,2,0,3,0,0,13,0,13,0,1,15,0,16,14,0,14,30
07/23/2007,MDH,IL,AGL,CE,Federal Contract Tower,0,0,4,0,4,0,0,126,0,126,0,0,130,0,130,218,0,218,348
07/24/2007,MDH,IL,AGL,CE,Federal Contract Tower,0,3,4,0,7,0,2,115,0,117,0,5,119,0,124,244,0,244,368
07/25/2007,MDH,IL,AGL,CE,Federal Contract Tower,0,3,3,0,6,0,8,100,0,108,0,11,103,0,114,158,0,158,272
07/26/2007,MDH,IL,AGL,CE,Federal Contract Tower,0,2,0,0,2,0,0,76,0,76,0,2,76,0,78,182,0,182,260
07/27/2007,MDH,IL,AGL,CE,Federal Contract Tower,0,5,1,0,6,0,3,49,0,52,0,8,50,0,58,116,0,116,174
07/28/2007,MDH,IL,AGL,CE,Federal Contract Tower,0,4,7,0,11,0,0,3,0,3,0,4,10,0,14,2,0,2,16
07/29/2007,MDH,IL,AGL,CE,Federal Contract Tower,0,0,1,0,1,0,0,16,0,16,0,0,17,0,17,20,0,20,37
07/30/2007,MDH,IL,AGL,CE,Federal Contract Tower,0,0,0,0,0,0,5,127,4,136,0,5,127,4,136,272,0,272,408
07/31/2007,MDH,IL,AGL,CE,Federal Contract Tower,0,0,4,0,4,0,7,113,7,127,0,7,117,7,131,166,0,166,297
08/01/2007,MDH,IL,AGL,CE,Federal Contract Tower,0,4,4,0,8,0,1,81,2,84,0,5,85,2,92,132,0,132,224
08/02/2007,MDH,IL,AGL,CE,Federal Contract Tower,0,2,2,0,4,0,2,95,4,101,0,4,97,4,105,174,0,174,279
08/03/2007,MDH,IL,AGL,CE,Federal Contract Tower,0,4,3,0,7,0,0,34,0,34,0,4,37,0,41,58,0,58,99
08/04/2007,MDH,IL,AGL,CE,Federal Contract Tower,0,0,5,0,5,0,2,24,0,26,0,2,29,0,31,20,0,20,51
08/05/2007,MDH,IL,AGL,CE,Federal Contract Tower,0,0,1,0,1,0,0,7,0,7,0,0,8,0,8,0,0,0,8
08/06/2007,MDH,IL,AGL,CE,Federal Contract Tower,0,1,2,0,3,0,2,6,0,8,0,3,8,0,11,0,0,0,11
08/07/2007,MDH,IL,AGL,CE,Federal Contract Tower,0,2,6,0,8,0,0,18,2,20,0,2,24,2,28,0,0,0,28
08/08/2007,MDH,IL,AGL,CE,Federal Contract Tower,0,4,0,0,4,0,0,10,0,10,0,4,10,0,14,2,0,2,16
08/09/2007,MDH,IL,AGL,CE,Federal Contract Tower,0,1,1,0,2,0,0,10,0,10,0,1,11,0,12,8,0,8,20
08/10/2007,MDH,IL,AGL,CE,Federal Contract Tower,0,4,1,0,5,0,0,36,0,36,0,4,37,0,41,6,0,6,47
08/11/2007,MDH,IL,AGL,CE,Federal Contract Tower,0,0,5,0,5,0,0,37,0,37,0,0,42,0,42,42,0,42,84
08/12/2007,MDH,IL,AGL,CE,Federal Contract Tower,0,1,2,0,3,0,0,36,0,36,0,1,38,0,39,24,0,24,63
08/13/2007,MDH,IL,AGL,CE,Federal Contract Tower,0,5,0,0,5,0,3,24,0,27,0,8,24,0,32,32,0,32,64
08/14/2007,MDH,IL,AGL,CE,Federal Contract Tower,0,2,0,0,2,0,0,15,6,21,0,2,15,6,23,18,0,18,41
08/15/2007,MDH,IL,AGL,CE,Federal Contract Tower,0,1,2,0,3,0,1,49,0,50,0,2,51,0,53,74,0,74,127
08/16/2007,MDH,IL,AGL,CE,Federal Contract Tower,0,7,4,0,11,0,0,17,0,17,0,7,21,0,28,14,0,14,42
08/17/2007,MDH,IL,AGL,CE,Federal Contract Tower,0,2,3,0,5,0,1,49,0,50,0,3,52,0,55,76,0,76,131
08/18/2007,MDH,IL,AGL,CE,Federal Contract Tower,0,0,5,0,5,0,0,26,0,26,0,0,31,0,31,30,0,30,61
08/19/2007,MDH,IL,AGL,CE,Federal Contract Tower,0,0,2,0,2,0,0,20,0,20,0,0,22,0,22,12,0,12,34
08/20/2007,MDH,IL,AGL,CE,Federal Contract Tower,0,4,0,0,4,0,0,3,0,3,0,4,3,0,7,0,0,0,7
08/21/2007,MDH,IL,AGL,CE,Federal Contract Tower,0,3,3,0,6,0,0,31,0,31,0,3,34,0,37,36,0,36,73
08/22/2007,MDH,IL,AGL,CE,Federal Contract Tower,0,7,0,0,7,0,0,90,0,90,0,7,90,0,97,142,0,142,239
08/23/2007,MDH,IL,AGL,CE,Federal Contract Tower,0,6,6,0,12,0,0,133,0,133,0,6,139,0,145,168,0,168,313
08/24/2007,MDH,IL,AGL,CE,Federal Contract Tower,0,4,0,0,4,0,0,98,0,98,0,4,98,0,102,104,2,106,208
08/25/2007,MDH,IL,AGL,CE,Federal Contract Tower,0,5,2,0,7,0,2,29,0,31,0,7,31,0,38,63,0,63,101
08/26/2007,MDH,IL,AGL,CE,Federal Contract Tower,0,2,1,0,3,0,0,43,0,43,0,2,44,0,46,46,0,46,92
08/27/2007,MDH,IL,AGL,CE,Federal Contract Tower,0,0,9,0,9,0,0,164,0,164,0,0,173,0,173,356,0,356,529
08/28/2007,MDH,IL,AGL,CE,Federal Contract Tower,0,3,4,0,7,0,0,184,0,184,0,3,188,0,191,226,0,226,417
08/29/2007,MDH,IL,AGL,CE,Federal Contract Tower,0,0,1,0,1,0,0,100,0,100,0,0,101,0,101,131,0,131,232
08/30/2007,MDH,IL,AGL,CE,Federal Contract Tower,0,2,6,0,8,0,2,95,0,97,0,4,101,0,105,118,0,118,223
08/31/2007,MDH,IL,AGL,CE,Federal Contract Tower,0,5,6,0,11,0,0,215,0,215,0,5,221,0,226,290,0,290,516
09/01/2007,MDH,IL,AGL,CE,Federal Contract Tower,0,7,7,0,14,0,0,71,0,71,0,7,78,0,85,64,0,64,149
09/02/2007,MDH,IL,AGL,CE,Federal Contract Tower,0,2,2,0,4,0,0,41,0,41,0,2,43,0,45,16,0,16,61
09/03/2007,MDH,IL,AGL,CE,Federal Contract Tower,0,13,1,0,14,0,0,38,0,38,0,13,39,0,52,0,0,0,52
09/04/2007,MDH,IL,AGL,CE,Federal Contract Tower,0,3,1,0,4,0,3,136,0,139,0,6,137,0,143,238,0,238,381
09/05/2007,MDH,IL,AGL,CE,Federal Contract Tower,0,0,4,0,4,0,2,181,0,183,0,2,185,0,187,334,0,334,521
09/06/2007,MDH,IL,AGL,CE,Federal Contract Tower,0,2,0,0,2,0,0,56,0,56,0,2,56,0,58,136,0,136,194
09/07/2007,MDH,IL,AGL,CE,Federal Contract Tower,0,0,4,0,4,0,2,56,0,58,0,2,60,0,62,104,0,104,166
09/08/2007,MDH,IL,AGL,CE,Federal Contract Tower,0,1,0,0,1,0,2,44,0,46,0,3,44,0,47,0,0,0,47
09/09/2007,MDH,IL,AGL,CE,Federal Contract Tower,0,0,3,0,3,0,0,6,0,6,0,0,9,0,9,2,0,2,11
09/10/2007,MDH,IL,AGL,CE,Federal Contract Tower,0,3,2,0,5,0,1,156,0,157,0,4,158,0,162,210,0,210,372
09/11/2007,MDH,IL,AGL,CE,Federal Contract Tower,0,4,3,0,7,0,0,132,0,132,0,4,135,0,139,278,0,278,417
09/12/2007,MDH,IL,AGL,CE,Federal Contract Tower,0,4,1,0,5,0,0,269,0,269,0,4,270,0,274,470,0,470,744
09/13/2007,MDH,IL,AGL,CE,Federal Contract Tower,0,4,0,0,4,0,0,252,1,253,0,4,252,1,257,460,0,460,717
09/14/2007,MDH,IL,AGL,CE,Federal Contract Tower,0,4,9,0,13,0,0,129,0,129,0,4,138,0,142,210,0,210,352
09/15/2007,MDH,IL,AGL,CE,Federal Contract Tower,0,0,1,0,1,0,2,63,0,65,0,2,64,0,66,138,0,138,204
09/16/2007,MDH,IL,AGL,CE,Federal Contract Tower,0,2,9,0,11,0,0,46,0,46,0,2,55,0,57,64,0,64,121
09/17/2007,MDH,IL,AGL,CE,Federal Contract Tower,0,0,4,0,4,0,0,148,0,148,0,0,152,0,152,348,0,348,500
09/18/2007,MDH,IL,AGL,CE,Federal Contract Tower,0,0,0,0,0,0,2,147,0,149,0,2,147,0,149,230,0,230,379
09/19/2007,MDH,IL,AGL,CE,Federal Contract Tower,0,5,2,0,7,0,0,234,0,234,0,5,236,0,241,462,0,462,703
09/20/2007,MDH,IL,AGL,CE,Federal Contract Tower,0,5,7,0,12,0,2,274,0,276,0,7,281,0,288,632,0,632,920
09/21/2007,MDH,IL,AGL,CE,Federal Contract Tower,0,7,3,0,10,0,0,145,0,145,0,7,148,0,155,310,0,310,465
09/22/2007,MDH,IL,AGL,CE,Federal Contract Tower,0,5,5,0,10,0,0,102,0,102,0,5,107,0,112,170,0,170,282
09/23/2007,MDH,IL,AGL,CE,Federal Contract Tower,0,3,6,0,9,0,0,44,0,44,0,3,50,0,53,112,0,112,165
09/24/2007,MDH,IL,AGL,CE,Federal Contract Tower,0,2,1,0,3,0,0,94,0,94,0,2,95,0,97,264,0,264,361
09/25/2007,MDH,IL,AGL,CE,Federal Contract Tower,0,2,0,0,2,0,0,94,0,94,0,2,94,0,96,276,0,276,372
09/26/2007,MDH,IL,AGL,CE,Federal Contract Tower,0,4,14,0,18,0,2,28,0,30,0,6,42,0,48,72,0,72,120
09/27/2007,MDH,IL,AGL,CE,Federal Contract Tower,0,5,3,0,8,0,2,123,0,125,0,7,126,0,133,502,0,502,635
09/28/2007,MDH,IL,AGL,CE,Federal Contract Tower,0,4,9,0,13,0,0,172,0,172,0,4,181,0,185,360,0,360,545
09/29/2007,MDH,IL,AGL,CE,Federal Contract Tower,0,0,3,0,3,0,3,60,0,63,0,3,63,0,66,144,0,144,210
09/30/2007,MDH,IL,AGL,CE,Federal Contract Tower,0,0,1,0,1,0,0,50,0,50,0,0,51,0,51,68,0,68,119
10/01/2007,MDH,IL,AGL,CE,Federal Contract Tower,0,3,2,0,5,0,3,170,0,173,0,6,172,0,178,416,12,428,606
10/02/2007,MDH,IL,AGL,CE,Federal Contract Tower,0,5,1,0,6,0,0,154,0,154,0,5,155,0,160,320,0,320,480
10/03/2007,MDH,IL,AGL,CE,Federal Contract Tower,0,2,5,0,7,0,4,194,0,198,0,6,199,0,205,478,0,478,683
10/04/2007,MDH,IL,AGL,CE,Federal Contract Tower,0,2,6,0,8,0,5,313,0,318,0,7,319,0,326,768,0,768,1094
10/05/2007,MDH,IL,AGL,CE,Federal Contract Tower,0,5,6,0,11,0,2,156,0,158,0,7,162,0,169,244,0,244,413
10/06/2007,MDH,IL,AGL,CE,Federal Contract Tower,2,1,6,0,9,0,2,120,0,122,2,3,126,0,131,72,0,72,203
10/07/2007,MDH,IL,AGL,CE,Federal Contract Tower,0,2,4,0,6,0,0,59,0,59,0,2,63,0,65,16,10,26,91
10/08/2007,MDH,IL,AGL,CE,Federal Contract Tower,0,3,6,0,9,0,0,109,0,109,0,3,115,0,118,198,0,198,316
10/09/2007,MDH,IL,AGL,CE,Federal Contract Tower,0,7,4,0,11,0,4,207,0,211,0,11,211,0,222,440,0,440,662
10/10/2007,MDH,IL,AGL,CE,Federal Contract Tower,0,9,5,0,14,0,1,241,0,242,0,10,246,0,256,454,0,454,710
10/11/2007,MDH,IL,AGL,CE,Federal Contract Tower,0,9,10,0,19,0,0,349,0,349,0,9,359,0,368,718,0,718,1086
10/12/2007,MDH,IL,AGL,CE,Federal Contract Tower,0,3,3,0,6,0,0,243,0,243,0,3,246,0,249,508,0,508,757
10/13/2007,MDH,IL,AGL,CE,Federal Contract Tower,0,4,2,0,6,0,0,127,0,127,0,4,129,0,133,200,0,200,333
10/14/2007,MDH,IL,AGL,CE,Federal Contract Tower,0,0,0,0,0,0,0,112,0,112,0,0,112,0,112,202,0,202,314
10/15/2007,MDH,IL,AGL,CE,Federal Contract Tower,0,0,1,0,1,0,0,163,0,163,0,0,164,0,164,360,0,360,524
10/16/2007,MDH,IL,AGL,CE,Federal Contract Tower,0,3,14,0,17,0,0,72,0,72,0,3,86,0,89,272,0,272,361
10/17/2007,MDH,IL,AGL,CE,Federal Contract Tower,0,0,0,0,0,0,0,164,0,164,0,0,164,0,164,360,0,360,524
10/18/2007,MDH,IL,AGL,CE,Federal Contract Tower,0,1,2,0,3,0,0,5,0,5,0,1,7,0,8,4,0,4,12
10/19/2007,MDH,IL,AGL,CE,Federal Contract Tower,0,7,2,0,9,0,2,116,0,118,0,9,118,0,127,248,0,248,375
10/20/2007,MDH,IL,AGL,CE,Federal Contract Tower,0,4,10,0,14,0,0,148,0,148,0,4,158,0,162,228,0,228,390
10/21/2007,MDH,IL,AGL,CE,Federal Contract Tower,0,0,6,0,6,0,0,54,0,54,0,0,60,0,60,82,0,82,142
10/22/2007,MDH,IL,AGL,CE,Federal Contract Tower,0,4,5,0,9,0,0,68,0,68,0,4,73,0,77,128,0,128,205
10/23/2007,MDH,IL,AGL,CE,Federal Contract Tower,0,4,0,0,4,0,0,2,0,2,0,4,2,0,6,0,0,0,6
10/24/2007,MDH,IL,AGL,CE,Federal Contract Tower,0,6,6,0,12,0,0,159,0,159,0,6,165,0,171,242,0,242,413
10/25/2007,MDH,IL,AGL,CE,Federal Contract Tower,0,0,0,0,0,0,4,45,0,49,0,4,45,0,49,162,0,162,211
10/26/2007,MDH,IL,AGL,CE,Federal Contract Tower,0,6,6,0,12,0,0,25,0,25,0,6,31,0,37,50,0,50,87
10/27/2007,MDH,IL,AGL,CE,Federal Contract Tower,0,4,4,0,8,0,0,44,0,44,0,4,48,0,52,104,0,104,156
10/28/2007,MDH,IL,AGL,CE,Federal Contract Tower,0,5,2,0,7,0,2,64,0,66,0,7,66,0,73,118,0,118,191
10/29/2007,MDH,IL,AGL,CE,Federal Contract Tower,0,3,4,0,7,0,2,210,0,212,0,5,214,0,219,594,0,594,813
10/30/2007,MDH,IL,AGL,CE,Federal Contract Tower,0,4,1,0,5,0,1,267,0,268,0,5,268,0,273,520,0,520,793
10/31/2007,MDH,IL,AGL,CE,Federal Contract Tower,0,2,0,0,2,0,2,152,0,154,0,4,152,0,156,278,0,278,434
11/01/2007,MDH,IL,AGL,CE,Federal Contract Tower,0,3,2,0,5,0,2,170,0,172,0,5,172,0,177,542,0,542,719
11/02/2007,MDH,IL,AGL,CE,Federal Contract Tower,0,4,1,0,5,0,1,164,0,165,0,5,165,0,170,370,0,370,540
11/03/2007,MDH,IL,AGL,CE,Federal Contract Tower,0,3,2,0,5,0,0,90,0,90,0,3,92,0,95,174,0,174,269
11/04/2007,MDH,IL,AGL,CE,Federal Contract Tower,0,0,1,0,1,0,2,84,0,86,0,2,85,0,87,216,0,216,303
11/05/2007,MDH,IL,AGL,CE,Federal Contract Tower,0,3,2,0,5,0,0,126,0,126,0,3,128,0,131,336,0,336,467
11/06/2007,MDH,IL,AGL,CE,Federal Contract Tower,0,3,6,0,9,0,2,147,0,149,0,5,153,0,158,352,0,352,510
11/07/2007,MDH,IL,AGL,CE,Federal Contract Tower,0,5,4,0,9,0,0,207,0,207,0,5,211,0,216,506,0,506,722
11/08/2007,MDH,IL,AGL,CE,Federal Contract Tower,0,4,6,0,10,0,0,165,0,165,0,4,171,0,175,464,0,464,639
11/09/2007,MDH,IL,AGL,CE,Federal Contract Tower,0,3,4,0,7,0,0,179,0,179,0,3,183,0,186,342,0,342,528
11/10/2007,MDH,IL,AGL,CE,Federal Contract Tower,0,0,0,0,0,0,1,123,0,124,0,1,123,0,124,234,0,234,358
11/11/2007,MDH,IL,AGL,CE,Federal Contract Tower,0,0,2,0,2,0,2,6,0,8,0,2,8,0,10,0,0,0,10
11/12/2007,MDH,IL,AGL,CE,Federal Contract Tower,0,3,1,0,4,0,0,76,0,76,0,3,77,0,80,126,0,126,206
11/13/2007,MDH,IL,AGL,CE,Federal Contract Tower,0,4,6,0,10,0,0,0,0,0,0,4,6,0,10,0,0,0,10
11/14/2007,MDH,IL,AGL,CE,Federal Contract Tower,0,8,8,0,16,0,0,46,0,46,0,8,54,0,62,76,0,76,138
11/15/2007,MDH,IL,AGL,CE,Federal Contract Tower,0,2,5,0,7,0,0,149,0,149,0,2,154,0,156,348,0,348,504
11/16/2007,MDH,IL,AGL,CE,Federal Contract Tower,0,1,7,0,8,0,0,202,0,202,0,1,209,0,210,284,0,284,494
11/17/2007,MDH,IL,AGL,CE,Federal Contract Tower,0,6,7,0,13,0,0,55,0,55,0,6,62,0,68,62,0,62,130
11/18/2007,MDH,IL,AGL,CE,Federal Contract Tower,0,4,2,0,6,0,0,20,0,20,0,4,22,0,26,44,0,44,70
11/19/2007,MDH,IL,AGL,CE,Federal Contract Tower,0,2,4,0,6,0,0,13,0,13,0,2,17,0,19,0,0,0,19
11/20/2007,MDH,IL,AGL,CE,Federal Contract Tower,0,1,3,0,4,0,3,6,0,9,0,4,9,0,13,6,0,6,19
11/21/2007,MDH,IL,AGL,CE,Federal Contract Tower,0,4,4,0,8,0,0,2,0,2,0,4,6,0,10,0,0,0,10
11/22/2007,MDH,IL,AGL,CE,Federal Contract Tower,0,1,1,0,2,0,0,0,0,0,0,1,1,0,2,0,0,0,2
11/23/2007,MDH,IL,AGL,CE,Federal Contract Tower,0,2,2,0,4,0,0,9,0,9,0,2,11,0,13,20,0,20,33
11/24/2007,MDH,IL,AGL,CE,Federal Contract Tower,0,1,2,0,3,0,2,15,0,17,0,3,17,0,20,4,0,4,24
11/25/2007,MDH,IL,AGL,CE,Federal Contract Tower,0,1,2,0,3,0,0,0,0,0,0,1,2,0,3,0,0,0,3
11/26/2007,MDH,IL,AGL,CE,Federal Contract Tower,0,0,0,0,0,0,2,4,0,6,0,2,4,0,6,34,0,34,40
11/27/2007,MDH,IL,AGL,CE,Federal Contract Tower,0,0,7,0,7,0,6,221,0,227,0,6,228,0,234,476,0,476,710
11/28/2007,MDH,IL,AGL,CE,Federal Contract Tower,0,6,1,0,7,0,0,146,0,146,0,6,147,0,153,270,0,270,423
11/29/2007,MDH,IL,AGL,CE,Federal Contract Tower,0,0,4,0,4,0,0,192,0,192,0,0,196,0,196,508,0,508,704
11/30/2007,MDH,IL,AGL,CE,Federal Contract Tower,0,6,2,0,8,0,2,170,0,172,0,8,172,0,180,342,0,342,522
12/01/2007,MDH,IL,AGL,CE,Federal Contract Tower,0,2,1,0,3,0,0,102,0,102,0,2,103,0,105,236,0,236,341
12/02/2007,MDH,IL,AGL,CE,Federal Contract Tower,0,0,2,0,2,0,0,0,0,0,0,0,2,0,2,0,0,0,2
12/03/2007,MDH,IL,AGL,CE,Federal Contract Tower,0,3,1,0,4,0,2,200,0,202,0,5,201,0,206,394,0,394,600
12/04/2007,MDH,IL,AGL,CE,Federal Contract Tower,0,3,4,0,7,0,0,177,0,177,0,3,181,0,184,426,0,426,610
12/05/2007,MDH,IL,AGL,CE,Federal Contract Tower,0,2,1,0,3,0,0,12,0,12,0,2,13,0,15,16,0,16,31
12/06/2007,MDH,IL,AGL,CE,Federal Contract Tower,0,5,4,0,9,0,0,182,0,182,0,5,186,0,191,342,0,342,533
12/07/2007,MDH,IL,AGL,CE,Federal Contract Tower,0,5,0,0,5,0,6,161,0,167,0,11,161,0,172,328,0,328,500
12/08/2007,MDH,IL,AGL,CE,Federal Contract Tower,0,0,0,0,0,0,0,0,0,0,0,0,0,0,0,0,0,0,0
12/09/2007,MDH,IL,AGL,CE,Federal Contract Tower,0,2,1,0,3,0,0,0,0,0,0,2,1,0,3,0,0,0,3
12/10/2007,MDH,IL,AGL,CE,Federal Contract Tower,0,4,0,0,4,0,0,0,0,0,0,4,0,0,4,0,0,0,4
12/11/2007,MDH,IL,AGL,CE,Federal Contract Tower,0,0,2,0,2,0,0,2,0,2,0,0,4,0,4,0,0,0,4
12/12/2007,MDH,IL,AGL,CE,Federal Contract Tower,0,4,2,0,6,0,0,0,0,0,0,4,2,0,6,0,0,0,6
12/13/2007,MDH,IL,AGL,CE,Federal Contract Tower,0,9,2,0,11,0,0,4,0,4,0,9,6,0,15,8,0,8,23
12/14/2007,MDH,IL,AGL,CE,Federal Contract Tower,0,6,8,0,14,0,2,75,0,77,0,8,83,0,91,108,0,108,199
12/15/2007,MDH,IL,AGL,CE,Federal Contract Tower,0,0,0,0,0,0,0,0,0,0,0,0,0,0,0,0,0,0,0
12/16/2007,MDH,IL,AGL,CE,Federal Contract Tower,0,1,0,0,1,0,1,8,0,9,0,2,8,0,10,6,0,6,16
12/17/2007,MDH,IL,AGL,CE,Federal Contract Tower,0,1,1,0,2,0,0,112,0,112,0,1,113,0,114,190,0,190,304
12/18/2007,MDH,IL,AGL,CE,Federal Contract Tower,0,1,1,0,2,0,1,71,0,72,0,2,72,0,74,102,0,102,176
12/19/2007,MDH,IL,AGL,CE,Federal Contract Tower,0,0,0,0,0,0,0,45,0,45,0,0,45,0,45,84,0,84,129
12/20/2007,MDH,IL,AGL,CE,Federal Contract Tower,0,1,0,0,1,0,0,0,0,0,0,1,0,0,1,0,0,0,1
12/21/2007,MDH,IL,AGL,CE,Federal Contract Tower,0,0,2,0,2,0,0,0,0,0,0,0,2,0,2,0,0,0,2
12/22/2007,MDH,IL,AGL,CE,Federal Contract Tower,0,4,0,0,4,0,0,0,0,0,0,4,0,0,4,0,0,0,4
12/23/2007,MDH,IL,AGL,CE,Federal Contract Tower,0,4,0,0,4,0,2,2,0,4,0,6,2,0,8,0,0,0,8
12/24/2007,MDH,IL,AGL,CE,Federal Contract Tower,0,4,0,0,4,0,0,8,0,8,0,4,8,0,12,8,0,8,20
12/25/2007,MDH,IL,AGL,CE,Federal Contract Tower,0,4,0,0,4,0,0,14,0,14,0,4,14,0,18,0,0,0,18
12/26/2007,MDH,IL,AGL,CE,Federal Contract Tower,0,2,2,0,4,0,0,3,0,3,0,2,5,0,7,0,0,0,7
12/27/2007,MDH,IL,AGL,CE,Federal Contract Tower,0,0,3,0,3,0,0,0,0,0,0,0,3,0,3,2,0,2,5
12/28/2007,MDH,IL,AGL,CE,Federal Contract Tower,0,2,0,0,2,0,0,2,0,2,0,2,2,0,4,0,0,0,4
12/29/2007,MDH,IL,AGL,CE,Federal Contract Tower,0,2,0,0,2,0,0,30,0,30,0,2,30,0,32,44,0,44,76
12/30/2007,MDH,IL,AGL,CE,Federal Contract Tower,0,1,4,0,5,0,0,12,0,12,0,1,16,0,17,18,0,18,35
12/31/2007,MDH,IL,AGL,CE,Federal Contract Tower,0,0,1,0,1,0,0,24,0,24,0,0,25,0,25,70,0,70,95
01/01/2008,MDH,IL,AGL,CE,Federal Contract Tower,0,0,1,0,1,0,0,3,0,3,0,0,4,0,4,0,0,0,4
01/02/2008,MDH,IL,AGL,CE,Federal Contract Tower,0,2,0,0,2,0,1,5,0,6,0,3,5,0,8,8,0,8,16
01/03/2008,MDH,IL,AGL,CE,Federal Contract Tower,0,0,0,0,0,0,0,23,0,23,0,0,23,0,23,14,0,14,37
01/04/2008,MDH,IL,AGL,CE,Federal Contract Tower,0,1,0,0,1,0,3,11,0,14,0,4,11,0,15,12,0,12,27
01/05/2008,MDH,IL,AGL,CE,Federal Contract Tower,0,0,0,0,0,0,0,0,0,0,0,0,0,0,0,0,0,0,0
01/06/2008,MDH,IL,AGL,CE,Federal Contract Tower,0,0,0,0,0,0,0,0,0,0,0,0,0,0,0,0,0,0,0
01/07/2008,MDH,IL,AGL,CE,Federal Contract Tower,0,4,1,0,5,0,2,0,0,2,0,6,1,0,7,0,0,0,7
01/08/2008,MDH,IL,AGL,CE,Federal Contract Tower,0,2,2,0,4,0,0,1,0,1,0,2,3,0,5,0,0,0,5
01/09/2008,MDH,IL,AGL,CE,Federal Contract Tower,0,3,1,0,4,0,3,79,0,82,0,6,80,0,86,220,0,220,306
01/10/2008,MDH,IL,AGL,CE,Federal Contract Tower,0,1,0,0,1,0,0,0,0,0,0,1,0,0,1,0,0,0,1
01/11/2008,MDH,IL,AGL,CE,Federal Contract Tower,0,0,3,0,3,0,0,40,0,40,0,0,43,0,43,88,0,88,131
01/12/2008,MDH,IL,AGL,CE,Federal Contract Tower,0,2,0,0,2,0,2,36,0,38,0,4,36,0,40,72,0,72,112
01/13/2008,MDH,IL,AGL,CE,Federal Contract Tower,0,0,1,0,1,0,0,17,0,17,0,0,18,0,18,32,0,32,50
01/14/2008,MDH,IL,AGL,CE,Federal Contract Tower,0,2,5,0,7,0,0,63,8,71,0,2,68,8,78,136,0,136,214
01/15/2008,MDH,IL,AGL,CE,Federal Contract Tower,0,4,0,0,4,0,0,98,0,98,0,4,98,0,102,238,0,238,340
01/16/2008,MDH,IL,AGL,CE,Federal Contract Tower,0,2,3,0,5,0,0,149,0,149,0,2,152,0,154,308,0,308,462
01/17/2008,MDH,IL,AGL,CE,Federal Contract Tower,0,1,2,0,3,0,0,4,0,4,0,1,6,0,7,58,0,58,65
01/18/2008,MDH,IL,AGL,CE,Federal Contract Tower,0,0,2,0,2,0,0,117,0,117,0,0,119,0,119,224,0,224,343
01/19/2008,MDH,IL,AGL,CE,Federal Contract Tower,0,2,1,0,3,0,10,67,0,77,0,12,68,0,80,96,0,96,176
01/20/2008,MDH,IL,AGL,CE,Federal Contract Tower,0,0,3,0,3,0,2,48,0,50,0,2,51,0,53,82,0,82,135
01/21/2008,MDH,IL,AGL,CE,Federal Contract Tower,0,2,0,0,2,0,0,19,2,21,0,2,19,2,23,12,0,12,35
01/22/2008,MDH,IL,AGL,CE,Federal Contract Tower,0,3,1,0,4,0,1,67,2,70,0,4,68,2,74,140,0,140,214
01/23/2008,MDH,IL,AGL,CE,Federal Contract Tower,0,5,4,0,9,0,0,194,0,194,0,5,198,0,203,372,0,372,575
01/24/2008,MDH,IL,AGL,CE,Federal Contract Tower,0,2,2,0,4,0,1,111,0,112,0,3,113,0,116,244,0,244,360
01/25/2008,MDH,IL,AGL,CE,Federal Contract Tower,0,9,0,0,9,0,0,124,0,124,0,9,124,0,133,296,0,296,429
01/26/2008,MDH,IL,AGL,CE,Federal Contract Tower,0,1,4,0,5,0,1,60,0,61,0,2,64,0,66,160,0,160,226
01/27/2008,MDH,IL,AGL,CE,Federal Contract Tower,0,1,4,0,5,0,0,60,0,60,0,1,64,0,65,194,0,194,259
01/28/2008,MDH,IL,AGL,CE,Federal Contract Tower,0,0,1,0,1,0,0,124,0,124,0,0,125,0,125,291,0,291,416
01/29/2008,MDH,IL,AGL,CE,Federal Contract Tower,0,0,0,0,0,0,0,0,0,0,0,0,0,0,0,0,0,0,0
01/30/2008,MDH,IL,AGL,CE,Federal Contract Tower,0,4,2,0,6,0,0,196,0,196,0,4,198,0,202,441,0,441,643
01/31/2008,MDH,IL,AGL,CE,Federal Contract Tower,0,1,1,0,2,0,0,33,0,33,0,1,34,0,35,44,0,44,79
02/01/2008,MDH,IL,AGL,CE,Federal Contract Tower,0,1,0,0,1,0,0,0,0,0,0,1,0,0,1,0,0,0,1
02/02/2008,MDH,IL,AGL,CE,Federal Contract Tower,0,2,2,0,4,0,0,95,2,97,0,2,97,2,101,200,0,200,301
02/03/2008,MDH,IL,AGL,CE,Federal Contract Tower,0,0,0,0,0,0,45,0,0,45,0,45,0,0,45,148,0,148,193
02/04/2008,MDH,IL,AGL,CE,Federal Contract Tower,0,1,3,0,4,0,0,0,0,0,0,1,3,0,4,0,0,0,4
02/05/2008,MDH,IL,AGL,CE,Federal Contract Tower,0,7,0,0,7,0,0,0,0,0,0,7,0,0,7,0,0,0,7
02/06/2008,MDH,IL,AGL,CE,Federal Contract Tower,0,4,0,0,4,0,0,37,3,40,0,4,37,3,44,106,0,106,150
02/07/2008,MDH,IL,AGL,CE,Federal Contract Tower,0,4,2,0,6,0,0,260,2,262,0,4,262,2,268,620,0,620,888
02/08/2008,MDH,IL,AGL,CE,Federal Contract Tower,0,4,1,0,5,0,0,223,0,223,0,4,224,0,228,500,0,500,728
02/09/2008,MDH,IL,AGL,CE,Federal Contract Tower,0,0,0,0,0,0,0,57,0,57,0,0,57,0,57,177,0,177,234
02/10/2008,MDH,IL,AGL,CE,Federal Contract Tower,0,1,2,0,3,0,0,118,0,118,0,1,120,0,121,256,0,256,377
02/11/2008,MDH,IL,AGL,CE,Federal Contract Tower,0,0,0,0,0,0,0,55,0,55,0,0,55,0,55,92,0,92,147
02/12/2008,MDH,IL,AGL,CE,Federal Contract Tower,0,0,0,0,0,0,0,0,0,0,0,0,0,0,0,0,0,0,0
02/13/2008,MDH,IL,AGL,CE,Federal Contract Tower,0,0,1,0,1,0,0,1,0,1,0,0,2,0,2,0,0,0,2
02/14/2008,MDH,IL,AGL,CE,Federal Contract Tower,0,1,3,0,4,0,2,37,0,39,0,3,40,0,43,28,0,28,71
02/15/2008,MDH,IL,AGL,CE,Federal Contract Tower,0,0,2,0,2,0,0,27,0,27,0,0,29,0,29,60,0,60,89
02/16/2008,MDH,IL,AGL,CE,Federal Contract Tower,0,0,0,0,0,0,0,42,0,42,0,0,42,0,42,90,0,90,132
02/17/2008,MDH,IL,AGL,CE,Federal Contract Tower,0,1,0,0,1,0,0,0,0,0,0,1,0,0,1,0,0,0,1
02/18/2008,MDH,IL,AGL,CE,Federal Contract Tower,0,1,1,0,2,0,0,81,0,81,0,1,82,0,83,158,0,158,241
02/19/2008,MDH,IL,AGL,CE,Federal Contract Tower,0,0,1,0,1,0,0,182,0,182,0,0,183,0,183,418,0,418,601
02/20/2008,MDH,IL,AGL,CE,Federal Contract Tower,0,6,0,0,6,0,0,155,0,155,0,6,155,0,161,270,0,270,431
02/21/2008,MDH,IL,AGL,CE,Federal Contract Tower,0,0,0,0,0,0,0,0,0,0,0,0,0,0,0,0,0,0,0
02/22/2008,MDH,IL,AGL,CE,Federal Contract Tower,0,2,0,0,2,0,0,0,0,0,0,2,0,0,2,0,0,0,2
02/23/2008,MDH,IL,AGL,CE,Federal Contract Tower,0,0,1,0,1,0,0,2,0,2,0,0,3,0,3,10,0,10,13
02/24/2008,MDH,IL,AGL,CE,Federal Contract Tower,0,0,1,0,1,0,0,0,0,0,0,0,1,0,1,0,0,0,1
02/25/2008,MDH,IL,AGL,CE,Federal Contract Tower,0,0,5,0,5,0,0,14,0,14,0,0,19,0,19,90,0,90,109
02/26/2008,MDH,IL,AGL,CE,Federal Contract Tower,0,0,0,0,0,0,0,0,0,0,0,0,0,0,0,0,0,0,0
02/27/2008,MDH,IL,AGL,CE,Federal Contract Tower,0,8,0,0,8,0,0,174,0,174,0,8,174,0,182,362,0,362,544
02/28/2008,MDH,IL,AGL,CE,Federal Contract Tower,0,8,0,0,8,0,0,304,0,304,0,8,304,0,312,724,0,724,1036
02/29/2008,MDH,IL,AGL,CE,Federal Contract Tower,0,2,2,0,4,0,1,195,0,196,0,3,197,0,200,336,0,336,536
03/01/2008,MDH,IL,AGL,CE,Federal Contract Tower,0,1,12,0,13,0,0,155,0,155,0,1,167,0,168,300,0,300,468
03/02/2008,MDH,IL,AGL,CE,Federal Contract Tower,0,4,4,0,8,0,0,7,0,7,0,4,11,0,15,16,0,16,31
03/03/2008,MDH,IL,AGL,CE,Federal Contract Tower,0,0,0,0,0,0,0,1,0,1,0,0,1,0,1,0,0,0,1
03/04/2008,MDH,IL,AGL,CE,Federal Contract Tower,0,0,0,0,0,0,0,0,0,0,0,0,0,0,0,0,0,0,0
03/05/2008,MDH,IL,AGL,CE,Federal Contract Tower,0,1,3,0,4,0,0,209,0,209,0,1,212,0,213,348,0,348,561
03/06/2008,MDH,IL,AGL,CE,Federal Contract Tower,0,0,4,0,4,0,0,62,0,62,0,0,66,0,66,460,0,460,526
03/07/2008,MDH,IL,AGL,CE,Federal Contract Tower,0,0,0,0,0,0,0,0,0,0,0,0,0,0,0,0,0,0,0
03/08/2008,MDH,IL,AGL,CE,Federal Contract Tower,0,4,1,0,5,0,0,33,0,33,0,4,34,0,38,68,0,68,106
03/09/2008,MDH,IL,AGL,CE,Federal Contract Tower,0,1,2,0,3,0,0,22,0,22,0,1,24,0,25,38,0,38,63
03/10/2008,MDH,IL,AGL,CE,Federal Contract Tower,0,0,2,0,2,0,0,23,0,23,0,0,25,0,25,14,0,14,39
03/11/2008,MDH,IL,AGL,CE,Federal Contract Tower,0,3,6,0,9,0,0,52,0,52,0,3,58,0,61,70,0,70,131
03/12/2008,MDH,IL,AGL,CE,Federal Contract Tower,0,3,6,0,9,0,1,75,0,76,0,4,81,0,85,164,0,164,249
03/13/2008,MDH,IL,AGL,CE,Federal Contract Tower,0,3,5,0,8,0,0,26,0,26,0,3,31,0,34,24,0,24,58
03/14/2008,MDH,IL,AGL,CE,Federal Contract Tower,0,8,4,0,12,0,0,5,0,5,0,8,9,0,17,18,0,18,35
03/15/2008,MDH,IL,AGL,CE,Federal Contract Tower,0,2,2,0,4,0,0,2,0,2,0,2,4,0,6,0,0,0,6
03/16/2008,MDH,IL,AGL,CE,Federal Contract Tower,0,0,8,0,8,0,0,13,0,13,0,0,21,0,21,8,0,8,29
03/17/2008,MDH,IL,AGL,CE,Federal Contract Tower,0,0,2,0,2,0,0,161,0,161,0,0,163,0,163,330,0,330,493
03/18/2008,MDH,IL,AGL,CE,Federal Contract Tower,0,2,0,0,2,0,0,0,0,0,0,2,0,0,2,0,0,0,2
03/19/2008,MDH,IL,AGL,CE,Federal Contract Tower,0,11,5,0,16,0,0,0,0,0,0,11,5,0,16,0,0,0,16
03/20/2008,MDH,IL,AGL,CE,Federal Contract Tower,0,5,11,0,16,0,1,265,0,266,0,6,276,0,282,678,0,678,960
03/21/2008,MDH,IL,AGL,CE,Federal Contract Tower,0,5,3,0,8,0,1,71,2,74,0,6,74,2,82,78,0,78,160
03/22/2008,MDH,IL,AGL,CE,Federal Contract Tower,0,0,1,0,1,0,0,34,0,34,0,0,35,0,35,118,0,118,153
03/23/2008,MDH,IL,AGL,CE,Federal Contract Tower,0,0,1,0,1,0,0,3,0,3,0,0,4,0,4,32,0,32,36
03/24/2008,MDH,IL,AGL,CE,Federal Contract Tower,0,4,8,0,12,0,2,189,0,191,0,6,197,0,203,522,0,522,725
03/25/2008,MDH,IL,AGL,CE,Federal Contract Tower,0,3,5,0,8,0,0,11,0,11,0,3,16,0,19,12,0,12,31
03/26/2008,MDH,IL,AGL,CE,Federal Contract Tower,0,7,0,0,7,0,0,149,0,149,0,7,149,0,156,354,0,354,510
03/27/2008,MDH,IL,AGL,CE,Federal Contract Tower,0,3,3,0,6,0,0,36,0,36,0,3,39,0,42,194,0,194,236
03/28/2008,MDH,IL,AGL,CE,Federal Contract Tower,0,0,7,0,7,0,1,35,0,36,0,1,42,0,43,174,0,174,217
03/29/2008,MDH,IL,AGL,CE,Federal Contract Tower,0,2,3,0,5,0,2,50,0,52,0,4,53,0,57,108,0,108,165
03/30/2008,MDH,IL,AGL,CE,Federal Contract Tower,0,0,0,0,0,0,0,2,0,2,0,0,2,0,2,12,0,12,14
03/31/2008,MDH,IL,AGL,CE,Federal Contract Tower,0,0,1,0,1,0,0,0,0,0,0,0,1,0,1,0,0,0,1
04/01/2008,MDH,IL,AGL,CE,Federal Contract Tower,0,4,3,0,7,0,10,152,0,162,0,14,155,0,169,332,0,332,501
04/02/2008,MDH,IL,AGL,CE,Federal Contract Tower,0,9,0,0,9,0,0,116,0,116,0,9,116,0,125,146,0,146,271
04/03/2008,MDH,IL,AGL,CE,Federal Contract Tower,0,4,0,0,4,0,0,0,0,0,0,4,0,0,4,0,0,0,4
04/04/2008,MDH,IL,AGL,CE,Federal Contract Tower,0,0,12,0,12,0,0,16,0,16,0,0,28,0,28,42,0,42,70
04/05/2008,MDH,IL,AGL,CE,Federal Contract Tower,0,0,5,0,5,0,0,77,0,77,0,0,82,0,82,114,0,114,196
04/06/2008,MDH,IL,AGL,CE,Federal Contract Tower,0,2,4,0,6,0,0,100,0,100,0,2,104,0,106,136,0,136,242
04/07/2008,MDH,IL,AGL,CE,Federal Contract Tower,0,2,2,0,4,0,1,260,0,261,0,3,262,0,265,802,0,802,1067
04/08/2008,MDH,IL,AGL,CE,Federal Contract Tower,0,7,0,0,7,0,0,101,0,101,0,7,101,0,108,162,0,162,270
04/09/2008,MDH,IL,AGL,CE,Federal Contract Tower,0,2,8,0,10,0,0,181,0,181,0,2,189,0,191,506,0,506,697
04/10/2008,MDH,IL,AGL,CE,Federal Contract Tower,0,2,0,0,2,0,0,0,0,0,0,2,0,0,2,0,0,0,2
04/11/2008,MDH,IL,AGL,CE,Federal Contract Tower,0,3,0,0,3,0,1,24,0,25,0,4,24,0,28,42,0,42,70
04/12/2008,MDH,IL,AGL,CE,Federal Contract Tower,0,5,1,0,6,0,0,51,0,51,0,5,52,0,57,6,0,6,63
04/13/2008,MDH,IL,AGL,CE,Federal Contract Tower,0,2,1,0,3,0,0,0,0,0,0,2,1,0,3,0,0,0,3
04/14/2008,MDH,IL,AGL,CE,Federal Contract Tower,0,4,4,0,8,0,1,273,0,274,0,5,277,0,282,840,0,840,1122
04/15/2008,MDH,IL,AGL,CE,Federal Contract Tower,0,5,6,0,11,0,0,239,0,239,0,5,245,0,250,656,0,656,906
04/16/2008,MDH,IL,AGL,CE,Federal Contract Tower,0,7,2,0,9,0,0,109,0,109,0,7,111,0,118,236,0,236,354
04/17/2008,MDH,IL,AGL,CE,Federal Contract Tower,0,3,12,0,15,0,0,247,0,247,0,3,259,0,262,662,0,662,924
04/18/2008,MDH,IL,AGL,CE,Federal Contract Tower,0,6,1,0,7,0,0,49,0,49,0,6,50,0,56,106,0,106,162
04/19/2008,MDH,IL,AGL,CE,Federal Contract Tower,0,2,5,0,7,0,0,9,0,9,0,2,14,0,16,12,0,12,28
04/20/2008,MDH,IL,AGL,CE,Federal Contract Tower,0,1,6,0,7,0,6,109,0,115,0,7,115,0,122,232,0,232,354
04/21/2008,MDH,IL,AGL,CE,Federal Contract Tower,0,0,9,0,9,0,2,245,0,247,0,2,254,0,256,458,0,458,714
04/22/2008,MDH,IL,AGL,CE,Federal Contract Tower,0,5,2,0,7,0,0,128,0,128,0,5,130,0,135,300,0,300,435
04/23/2008,MDH,IL,AGL,CE,Federal Contract Tower,0,4,0,0,4,0,0,239,4,243,0,4,239,4,247,390,0,390,637
04/24/2008,MDH,IL,AGL,CE,Federal Contract Tower,0,3,5,0,8,0,2,139,0,141,0,5,144,0,149,464,0,464,613
04/25/2008,MDH,IL,AGL,CE,Federal Contract Tower,0,2,4,0,6,0,0,60,0,60,0,2,64,0,66,72,0,72,138
04/26/2008,MDH,IL,AGL,CE,Federal Contract Tower,2,6,2,0,10,0,6,146,0,152,2,12,148,0,162,206,0,206,368
04/27/2008,MDH,IL,AGL,CE,Federal Contract Tower,0,2,0,0,2,0,2,60,0,62,0,4,60,0,64,56,0,56,120
04/28/2008,MDH,IL,AGL,CE,Federal Contract Tower,0,5,4,0,9,0,0,115,0,115,0,5,119,0,124,250,0,250,374
04/29/2008,MDH,IL,AGL,CE,Federal Contract Tower,0,4,10,0,14,0,0,191,0,191,0,4,201,0,205,436,0,436,641
04/30/2008,MDH,IL,AGL,CE,Federal Contract Tower,0,9,0,0,9,0,0,116,0,116,0,9,116,0,125,146,0,146,271
05/01/2008,MDH,IL,AGL,CE,Federal Contract Tower,0,5,0,0,5,0,0,3,0,3,0,5,3,0,8,0,0,0,8
05/02/2008,MDH,IL,AGL,CE,Federal Contract Tower,0,0,4,0,4,0,0,6,0,6,0,0,10,0,10,0,0,0,10
05/03/2008,MDH,IL,AGL,CE,Federal Contract Tower,0,2,3,0,5,0,0,43,0,43,0,2,46,0,48,8,0,8,56
05/04/2008,MDH,IL,AGL,CE,Federal Contract Tower,0,2,5,0,7,0,0,105,0,105,0,2,110,0,112,248,0,248,360
05/05/2008,MDH,IL,AGL,CE,Federal Contract Tower,0,4,8,0,12,0,0,243,0,243,0,4,251,0,255,502,0,502,757
05/06/2008,MDH,IL,AGL,CE,Federal Contract Tower,0,4,5,0,9,0,0,131,0,131,0,4,136,0,140,320,0,320,460
05/07/2008,MDH,IL,AGL,CE,Federal Contract Tower,0,8,3,0,11,0,0,22,0,22,0,8,25,0,33,18,0,18,51
05/08/2008,MDH,IL,AGL,CE,Federal Contract Tower,0,2,3,0,5,0,0,4,0,4,0,2,7,0,9,24,0,24,33
05/09/2008,MDH,IL,AGL,CE,Federal Contract Tower,0,7,3,0,10,0,0,0,0,0,0,7,3,0,10,0,0,0,10
05/10/2008,MDH,IL,AGL,CE,Federal Contract Tower,0,3,3,0,6,0,0,9,0,9,0,3,12,0,15,0,0,0,15
05/11/2008,MDH,IL,AGL,CE,Federal Contract Tower,0,3,0,0,3,0,0,0,0,0,0,3,0,0,3,0,0,0,3
05/12/2008,MDH,IL,AGL,CE,Federal Contract Tower,0,6,2,0,8,0,0,156,0,156,0,6,158,0,164,348,0,348,512
05/13/2008,MDH,IL,AGL,CE,Federal Contract Tower,0,12,0,0,12,0,0,48,0,48,0,12,48,0,60,76,0,76,136
05/14/2008,MDH,IL,AGL,CE,Federal Contract Tower,0,3,7,0,10,0,0,16,0,16,0,3,23,0,26,64,0,64,90
05/15/2008,MDH,IL,AGL,CE,Federal Contract Tower,0,3,3,0,6,0,0,1,0,1,0,3,4,0,7,22,0,22,29
05/16/2008,MDH,IL,AGL,CE,Federal Contract Tower,0,3,9,0,12,0,1,131,0,132,0,4,140,0,144,214,0,214,358
05/17/2008,MDH,IL,AGL,CE,Federal Contract Tower,0,0,3,0,3,0,0,50,0,50,0,0,53,0,53,98,0,98,151
05/18/2008,MDH,IL,AGL,CE,Federal Contract Tower,0,0,0,0,0,0,2,8,0,10,0,2,8,0,10,8,0,8,18
05/19/2008,MDH,IL,AGL,CE,Federal Contract Tower,0,1,1,0,2,0,0,88,0,88,0,1,89,0,90,182,0,182,272
05/20/2008,MDH,IL,AGL,CE,Federal Contract Tower,0,2,2,0,4,0,0,76,0,76,0,2,78,0,80,176,0,176,256
05/21/2008,MDH,IL,AGL,CE,Federal Contract Tower,0,1,2,0,3,0,0,131,0,131,0,1,133,0,134,164,0,164,298
05/22/2008,MDH,IL,AGL,CE,Federal Contract Tower,0,1,3,0,4,0,0,61,0,61,0,1,64,0,65,120,0,120,185
05/23/2008,MDH,IL,AGL,CE,Federal Contract Tower,0,10,3,0,13,0,0,102,0,102,0,10,105,0,115,208,0,208,323
05/24/2008,MDH,IL,AGL,CE,Federal Contract Tower,0,3,3,0,6,0,6,13,0,19,0,9,16,0,25,0,0,0,25
05/25/2008,MDH,IL,AGL,CE,Federal Contract Tower,0,0,0,0,0,0,0,9,0,9,0,0,9,0,9,0,0,0,9
05/26/2008,MDH,IL,AGL,CE,Federal Contract Tower,0,2,2,0,4,0,0,2,0,2,0,2,4,0,6,0,0,0,6
05/27/2008,MDH,IL,AGL,CE,Federal Contract Tower,0,2,3,0,5,0,0,5,0,5,0,2,8,0,10,10,0,10,20
05/28/2008,MDH,IL,AGL,CE,Federal Contract Tower,0,3,2,0,5,0,0,125,0,125,0,3,127,0,130,202,0,202,332
05/29/2008,MDH,IL,AGL,CE,Federal Contract Tower,0,1,9,0,10,0,2,161,0,163,0,3,170,0,173,329,0,329,502
05/30/2008,MDH,IL,AGL,CE,Federal Contract Tower,0,1,5,0,6,0,0,55,0,55,0,1,60,0,61,30,0,30,91
05/31/2008,MDH,IL,AGL,CE,Federal Contract Tower,0,1,2,0,3,0,0,36,0,36,0,1,38,0,39,52,0,52,91
06/01/2008,MDH,IL,AGL,CE,Federal Contract Tower,0,1,0,0,1,0,0,12,0,12,0,1,12,0,13,14,0,14,27
06/02/2008,MDH,IL,AGL,CE,Federal Contract Tower,0,4,0,0,4,0,0,129,0,129,0,4,129,0,133,214,0,214,347
06/03/2008,MDH,IL,AGL,CE,Federal Contract Tower,0,1,1,0,2,0,1,53,0,54,0,2,54,0,56,24,0,24,80
06/04/2008,MDH,IL,AGL,CE,Federal Contract Tower,0,5,7,0,12,0,0,42,0,42,0,5,49,0,54,54,0,54,108
06/05/2008,MDH,IL,AGL,CE,Federal Contract Tower,0,0,4,0,4,0,0,64,0,64,0,0,68,0,68,136,0,136,204
06/06/2008,MDH,IL,AGL,CE,Federal Contract Tower,0,0,2,0,2,0,0,12,0,12,0,0,14,0,14,0,0,0,14
06/07/2008,MDH,IL,AGL,CE,Federal Contract Tower,0,0,2,0,2,0,0,15,0,15,0,0,17,0,17,10,0,10,27
06/08/2008,MDH,IL,AGL,CE,Federal Contract Tower,0,2,1,0,3,0,0,0,0,0,0,2,1,0,3,0,0,0,3
06/09/2008,MDH,IL,AGL,CE,Federal Contract Tower,0,4,0,0,4,0,0,92,0,92,0,4,92,0,96,92,0,92,188
06/10/2008,MDH,IL,AGL,CE,Federal Contract Tower,0,4,7,0,11,0,1,124,0,125,0,5,131,0,136,230,0,230,366
06/11/2008,MDH,IL,AGL,CE,Federal Contract Tower,0,11,2,0,13,0,0,144,0,144,0,11,146,0,157,144,0,144,301
06/12/2008,MDH,IL,AGL,CE,Federal Contract Tower,0,5,8,0,13,0,1,113,0,114,0,6,121,0,127,178,0,178,305
06/13/2008,MDH,IL,AGL,CE,Federal Contract Tower,0,2,2,0,4,0,0,47,0,47,0,2,49,0,51,104,0,104,155
06/14/2008,MDH,IL,AGL,CE,Federal Contract Tower,0,0,4,0,4,0,0,23,0,23,0,0,27,0,27,68,0,68,95
06/15/2008,MDH,IL,AGL,CE,Federal Contract Tower,0,0,0,0,0,0,22,0,0,22,0,22,0,0,22,0,0,0,22
06/16/2008,MDH,IL,AGL,CE,Federal Contract Tower,0,5,4,0,9,0,0,105,0,105,0,5,109,0,114,120,0,120,234
06/17/2008,MDH,IL,AGL,CE,Federal Contract Tower,0,1,3,0,4,0,0,90,0,90,0,1,93,0,94,120,0,120,214
06/18/2008,MDH,IL,AGL,CE,Federal Contract Tower,0,3,3,0,6,0,0,170,0,170,0,3,173,0,176,260,0,260,436
06/19/2008,MDH,IL,AGL,CE,Federal Contract Tower,0,5,1,0,6,0,0,146,0,146,0,5,147,0,152,264,0,264,416
06/20/2008,MDH,IL,AGL,CE,Federal Contract Tower,0,0,3,0,3,0,0,2,0,2,0,0,5,0,5,6,0,6,11
06/21/2008,MDH,IL,AGL,CE,Federal Contract Tower,0,1,5,0,6,0,0,58,0,58,0,1,63,0,64,104,0,104,168
06/22/2008,MDH,IL,AGL,CE,Federal Contract Tower,0,1,2,0,3,0,1,7,0,8,0,2,9,0,11,16,0,16,27
06/23/2008,MDH,IL,AGL,CE,Federal Contract Tower,0,2,2,0,4,0,0,131,0,131,0,2,133,0,135,158,0,158,293
06/24/2008,MDH,IL,AGL,CE,Federal Contract Tower,0,2,2,0,4,0,0,94,0,94,0,2,96,0,98,174,0,174,272
06/25/2008,MDH,IL,AGL,CE,Federal Contract Tower,0,8,2,0,10,0,0,133,0,133,0,8,135,0,143,186,0,186,329
06/26/2008,MDH,IL,AGL,CE,Federal Contract Tower,0,8,3,0,11,0,0,94,0,94,0,8,97,0,105,204,0,204,309
06/27/2008,MDH,IL,AGL,CE,Federal Contract Tower,0,0,5,0,5,0,0,73,0,73,0,0,78,0,78,192,0,192,270
06/28/2008,MDH,IL,AGL,CE,Federal Contract Tower,0,4,0,0,4,0,2,19,0,21,0,6,19,0,25,28,0,28,53
06/29/2008,MDH,IL,AGL,CE,Federal Contract Tower,0,3,0,0,3,0,0,16,0,16,0,3,16,0,19,32,0,32,51
06/30/2008,MDH,IL,AGL,CE,Federal Contract Tower,0,3,9,0,12,0,0,116,8,124,0,3,125,8,136,256,2,258,394
07/01/2008,MDH,IL,AGL,CE,Federal Contract Tower,0,4,2,0,6,0,0,131,0,131,0,4,133,0,137,197,0,197,334
07/02/2008,MDH,IL,AGL,CE,Federal Contract Tower,0,2,2,2,6,0,0,87,0,87,0,2,89,2,93,162,0,162,255
07/03/2008,MDH,IL,AGL,CE,Federal Contract Tower,0,2,0,0,2,0,0,56,0,56,0,2,56,0,58,146,0,146,204
07/04/2008,MDH,IL,AGL,CE,Federal Contract Tower,0,2,1,0,3,0,0,0,0,0,0,2,1,0,3,0,0,0,3
07/05/2008,MDH,IL,AGL,CE,Federal Contract Tower,0,3,2,0,5,0,3,31,0,34,0,6,33,0,39,34,0,34,73
07/06/2008,MDH,IL,AGL,CE,Federal Contract Tower,0,3,2,0,5,0,0,11,0,11,0,3,13,0,16,0,0,0,16
07/07/2008,MDH,IL,AGL,CE,Federal Contract Tower,0,2,1,0,3,0,2,115,1,118,0,4,116,1,121,180,0,180,301
07/08/2008,MDH,IL,AGL,CE,Federal Contract Tower,0,5,1,0,6,0,0,90,4,94,0,5,91,4,100,120,0,120,220
07/09/2008,MDH,IL,AGL,CE,Federal Contract Tower,0,5,1,0,6,0,0,12,0,12,0,5,13,0,18,38,0,38,56
07/10/2008,MDH,IL,AGL,CE,Federal Contract Tower,0,2,4,0,6,0,2,87,0,89,0,4,91,0,95,220,0,220,315
07/11/2008,MDH,IL,AGL,CE,Federal Contract Tower,0,1,1,0,2,0,1,46,0,47,0,2,47,0,49,152,0,152,201
07/12/2008,MDH,IL,AGL,CE,Federal Contract Tower,0,0,0,0,0,0,0,34,0,34,0,0,34,0,34,62,0,62,96
07/13/2008,MDH,IL,AGL,CE,Federal Contract Tower,0,2,2,0,4,0,2,64,0,66,0,4,66,0,70,38,0,38,108
07/14/2008,MDH,IL,AGL,CE,Federal Contract Tower,0,0,8,0,8,0,0,205,0,205,0,0,213,0,213,288,0,288,501
07/15/2008,MDH,IL,AGL,CE,Federal Contract Tower,0,0,0,0,0,0,0,179,0,179,0,0,179,0,179,284,0,284,463
07/16/2008,MDH,IL,AGL,CE,Federal Contract Tower,0,0,6,0,6,0,0,92,0,92,0,0,98,0,98,170,0,170,268
07/17/2008,MDH,IL,AGL,CE,Federal Contract Tower,0,0,7,0,7,0,2,98,0,100,0,2,105,0,107,208,0,208,315
07/18/2008,MDH,IL,AGL,CE,Federal Contract Tower,0,1,5,0,6,0,0,67,0,67,0,1,72,0,73,156,0,156,229
07/19/2008,MDH,IL,AGL,CE,Federal Contract Tower,0,0,0,0,0,0,0,22,0,22,0,0,22,0,22,12,0,12,34
07/20/2008,MDH,IL,AGL,CE,Federal Contract Tower,0,0,3,0,3,0,0,3,0,3,0,0,6,0,6,0,0,0,6
07/21/2008,MDH,IL,AGL,CE,Federal Contract Tower,0,0,3,0,3,0,2,93,0,95,0,2,96,0,98,200,0,200,298
07/22/2008,MDH,IL,AGL,CE,Federal Contract Tower,0,2,2,0,4,0,2,53,0,55,0,4,55,0,59,106,0,106,165
07/23/2008,MDH,IL,AGL,CE,Federal Contract Tower,0,5,0,0,5,0,3,128,0,131,0,8,128,0,136,238,0,238,374
07/24/2008,MDH,IL,AGL,CE,Federal Contract Tower,0,0,1,0,1,0,0,89,0,89,0,0,90,0,90,162,0,162,252
07/25/2008,MDH,IL,AGL,CE,Federal Contract Tower,0,6,0,0,6,0,0,79,0,79,0,6,79,0,85,191,0,191,276
07/26/2008,MDH,IL,AGL,CE,Federal Contract Tower,0,2,3,0,5,0,0,29,0,29,0,2,32,0,34,24,0,24,58
07/27/2008,MDH,IL,AGL,CE,Federal Contract Tower,0,0,1,0,1,0,2,16,0,18,0,2,17,0,19,0,0,0,19
07/28/2008,MDH,IL,AGL,CE,Federal Contract Tower,0,0,6,0,6,0,0,110,0,110,0,0,116,0,116,177,0,177,293
07/29/2008,MDH,IL,AGL,CE,Federal Contract Tower,0,2,4,0,6,0,0,87,0,87,0,2,91,0,93,116,0,116,209
07/30/2008,MDH,IL,AGL,CE,Federal Contract Tower,0,0,5,0,5,0,2,89,0,91,0,2,94,0,96,232,0,232,328
07/31/2008,MDH,IL,AGL,CE,Federal Contract Tower,0,2,7,0,9,0,0,47,0,47,0,2,54,0,56,104,0,104,160
08/01/2008,MDH,IL,AGL,CE,Federal Contract Tower,0,4,7,0,11,0,0,61,0,61,0,4,68,0,72,60,0,60,132
08/02/2008,MDH,IL,AGL,CE,Federal Contract Tower,0,4,0,0,4,0,0,24,0,24,0,4,24,0,28,40,0,40,68
08/03/2008,MDH,IL,AGL,CE,Federal Contract Tower,0,0,2,0,2,0,0,7,0,7,0,0,9,0,9,0,0,0,9
08/04/2008,MDH,IL,AGL,CE,Federal Contract Tower,0,1,3,0,4,0,0,25,0,25,0,1,28,0,29,80,0,80,109
08/05/2008,MDH,IL,AGL,CE,Federal Contract Tower,0,0,2,0,2,0,0,13,0,13,0,0,15,0,15,18,0,18,33
08/06/2008,MDH,IL,AGL,CE,Federal Contract Tower,0,1,1,0,2,0,0,10,0,10,0,1,11,0,12,0,0,0,12
08/07/2008,MDH,IL,AGL,CE,Federal Contract Tower,0,4,0,0,4,0,2,23,0,25,0,6,23,0,29,24,0,24,53
08/08/2008,MDH,IL,AGL,CE,Federal Contract Tower,0,1,3,0,4,0,0,46,0,46,0,1,49,0,50,40,0,40,90
08/09/2008,MDH,IL,AGL,CE,Federal Contract Tower,0,0,2,0,2,0,0,41,0,41,0,0,43,0,43,52,0,52,95
08/10/2008,MDH,IL,AGL,CE,Federal Contract Tower,0,1,4,0,5,0,2,12,0,14,0,3,16,0,19,0,0,0,19
08/11/2008,MDH,IL,AGL,CE,Federal Contract Tower,0,4,4,0,8,0,5,39,0,44,0,9,43,0,52,28,0,28,80
08/12/2008,MDH,IL,AGL,CE,Federal Contract Tower,0,5,1,0,6,0,1,17,0,18,0,6,18,0,24,26,0,26,50
08/13/2008,MDH,IL,AGL,CE,Federal Contract Tower,0,3,0,0,3,0,0,39,0,39,0,3,39,0,42,58,0,58,100
08/14/2008,MDH,IL,AGL,CE,Federal Contract Tower,0,4,3,0,7,0,0,64,0,64,0,4,67,0,71,98,0,98,169
08/15/2008,MDH,IL,AGL,CE,Federal Contract Tower,0,4,1,0,5,0,2,49,0,51,0,6,50,0,56,108,0,108,164
08/16/2008,MDH,IL,AGL,CE,Federal Contract Tower,0,5,0,0,5,0,4,13,0,17,0,9,13,0,22,4,0,4,26
08/17/2008,MDH,IL,AGL,CE,Federal Contract Tower,0,1,3,0,4,0,0,15,2,17,0,1,18,2,21,0,0,0,21
08/18/2008,MDH,IL,AGL,CE,Federal Contract Tower,0,0,6,0,6,0,2,99,0,101,0,2,105,0,107,246,0,246,353
08/19/2008,MDH,IL,AGL,CE,Federal Contract Tower,0,0,2,0,2,0,0,59,0,59,0,0,61,0,61,122,0,122,183
08/20/2008,MDH,IL,AGL,CE,Federal Contract Tower,0,6,0,0,6,0,0,109,0,109,0,6,109,0,115,166,0,166,281
08/21/2008,MDH,IL,AGL,CE,Federal Contract Tower,0,3,0,0,3,0,0,80,0,80,0,3,80,0,83,118,0,118,201
08/22/2008,MDH,IL,AGL,CE,Federal Contract Tower,0,6,2,0,8,0,0,32,0,32,0,6,34,0,40,90,0,90,130
08/23/2008,MDH,IL,AGL,CE,Federal Contract Tower,0,0,8,0,8,0,178,0,0,178,0,178,8,0,186,0,0,0,186
08/24/2008,MDH,IL,AGL,CE,Federal Contract Tower,0,6,19,0,25,0,2,28,0,30,0,8,47,0,55,22,0,22,77
08/25/2008,MDH,IL,AGL,CE,Federal Contract Tower,0,0,2,0,2,0,1,257,0,258,0,1,259,0,260,336,0,336,596
08/26/2008,MDH,IL,AGL,CE,Federal Contract Tower,0,0,5,0,5,0,0,211,0,211,0,0,216,0,216,216,0,216,432
08/27/2008,MDH,IL,AGL,CE,Federal Contract Tower,0,3,0,0,3,0,0,205,0,205,0,3,205,0,208,254,0,254,462
08/28/2008,MDH,IL,AGL,CE,Federal Contract Tower,0,2,1,0,3,0,2,143,0,145,0,4,144,0,148,236,0,236,384
08/29/2008,MDH,IL,AGL,CE,Federal Contract Tower,0,4,12,0,16,0,1,152,0,153,0,5,164,0,169,252,0,252,421
08/30/2008,MDH,IL,AGL,CE,Federal Contract Tower,0,9,5,0,14,0,0,42,0,42,0,9,47,0,56,72,0,72,128
08/31/2008,MDH,IL,AGL,CE,Federal Contract Tower,0,5,5,0,10,0,0,40,0,40,0,5,45,0,50,86,0,86,136
09/01/2008,MDH,IL,AGL,CE,Federal Contract Tower,0,6,8,0,14,0,0,15,0,15,0,6,23,0,29,6,0,6,35
09/02/2008,MDH,IL,AGL,CE,Federal Contract Tower,0,4,2,0,6,0,2,164,0,166,0,6,166,0,172,202,0,202,374
09/03/2008,MDH,IL,AGL,CE,Federal Contract Tower,0,0,2,0,2,0,0,189,0,189,0,0,191,0,191,424,0,424,615
09/04/2008,MDH,IL,AGL,CE,Federal Contract Tower,0,0,0,0,0,0,0,2,0,2,0,0,2,0,2,6,0,6,8
09/05/2008,MDH,IL,AGL,CE,Federal Contract Tower,0,0,14,0,14,0,0,58,2,60,0,0,72,2,74,84,0,84,158
09/06/2008,MDH,IL,AGL,CE,Federal Contract Tower,0,2,8,0,10,0,0,56,0,56,0,2,64,0,66,94,0,94,160
09/07/2008,MDH,IL,AGL,CE,Federal Contract Tower,0,1,3,0,4,0,0,37,0,37,0,1,40,0,41,96,0,96,137
09/08/2008,MDH,IL,AGL,CE,Federal Contract Tower,0,3,6,0,9,0,0,241,0,241,0,3,247,0,250,422,0,422,672
09/09/2008,MDH,IL,AGL,CE,Federal Contract Tower,0,1,9,0,10,0,0,83,0,83,0,1,92,0,93,175,0,175,268
09/10/2008,MDH,IL,AGL,CE,Federal Contract Tower,0,4,4,0,8,0,0,250,0,250,0,4,254,0,258,412,0,412,670
09/11/2008,MDH,IL,AGL,CE,Federal Contract Tower,0,3,0,0,3,0,0,190,0,190,0,3,190,0,193,562,0,562,755
09/12/2008,MDH,IL,AGL,CE,Federal Contract Tower,0,5,2,0,7,0,0,110,0,110,0,5,112,0,117,338,0,338,455
09/13/2008,MDH,IL,AGL,CE,Federal Contract Tower,0,0,3,0,3,0,0,92,0,92,0,0,95,0,95,128,0,128,223
09/14/2008,MDH,IL,AGL,CE,Federal Contract Tower,0,0,3,0,3,0,0,0,0,0,0,0,3,0,3,0,0,0,3
09/15/2008,MDH,IL,AGL,CE,Federal Contract Tower,0,4,6,0,10,0,0,153,0,153,0,4,159,0,163,404,0,404,567
09/16/2008,MDH,IL,AGL,CE,Federal Contract Tower,0,2,5,0,7,0,0,102,0,102,0,2,107,0,109,292,0,292,401
09/17/2008,MDH,IL,AGL,CE,Federal Contract Tower,0,2,4,0,6,0,0,274,0,274,0,2,278,0,280,546,0,546,826
09/18/2008,MDH,IL,AGL,CE,Federal Contract Tower,0,2,3,0,5,0,0,215,0,215,0,2,218,0,220,460,0,460,680
09/19/2008,MDH,IL,AGL,CE,Federal Contract Tower,0,4,8,0,12,0,0,180,0,180,0,4,188,0,192,350,0,350,542
09/20/2008,MDH,IL,AGL,CE,Federal Contract Tower,0,1,3,0,4,0,0,15,0,15,0,1,18,0,19,22,0,22,41
09/21/2008,MDH,IL,AGL,CE,Federal Contract Tower,0,3,0,0,3,0,0,31,0,31,0,3,31,0,34,18,0,18,52
09/22/2008,MDH,IL,AGL,CE,Federal Contract Tower,0,2,7,0,9,0,0,186,0,186,0,2,193,0,195,414,0,414,609
09/23/2008,MDH,IL,AGL,CE,Federal Contract Tower,0,3,2,0,5,0,0,213,0,213,0,3,215,0,218,509,0,509,727
09/24/2008,MDH,IL,AGL,CE,Federal Contract Tower,0,0,4,0,4,0,0,247,0,247,0,0,251,0,251,510,0,510,761
09/25/2008,MDH,IL,AGL,CE,Federal Contract Tower,0,6,5,0,11,0,1,203,0,204,0,7,208,0,215,464,0,464,679
09/26/2008,MDH,IL,AGL,CE,Federal Contract Tower,0,6,11,0,17,0,0,142,0,142,0,6,153,0,159,293,0,293,452
09/27/2008,MDH,IL,AGL,CE,Federal Contract Tower,0,4,2,0,6,0,0,63,0,63,0,4,65,0,69,176,0,176,245
09/28/2008,MDH,IL,AGL,CE,Federal Contract Tower,0,1,10,0,11,0,0,75,0,75,0,1,85,0,86,90,0,90,176
09/29/2008,MDH,IL,AGL,CE,Federal Contract Tower,0,0,2,0,2,0,0,173,0,173,0,0,175,0,175,422,0,422,597
09/30/2008,MDH,IL,AGL,CE,Federal Contract Tower,0,2,2,0,4,0,0,161,0,161,0,2,163,0,165,378,0,378,543
10/01/2008,MDH,IL,AGL,CE,Federal Contract Tower,0,0,3,0,3,0,0,195,0,195,0,0,198,0,198,626,0,626,824
10/02/2008,MDH,IL,AGL,CE,Federal Contract Tower,0,1,9,0,10,0,0,288,6,294,0,1,297,6,304,704,0,704,1008
10/03/2008,MDH,IL,AGL,CE,Federal Contract Tower,0,2,6,0,8,0,0,211,0,211,0,2,217,0,219,404,0,404,623
10/04/2008,MDH,IL,AGL,CE,Federal Contract Tower,0,3,4,0,7,0,0,118,0,118,0,3,122,0,125,248,0,248,373
10/05/2008,MDH,IL,AGL,CE,Federal Contract Tower,0,0,0,0,0,0,0,80,0,80,0,0,80,0,80,92,0,92,172
10/06/2008,MDH,IL,AGL,CE,Federal Contract Tower,0,4,2,0,6,0,0,208,0,208,0,4,210,0,214,714,0,714,928
10/07/2008,MDH,IL,AGL,CE,Federal Contract Tower,0,2,0,0,2,0,0,4,0,4,0,2,4,0,6,14,0,14,20
10/08/2008,MDH,IL,AGL,CE,Federal Contract Tower,0,5,6,0,11,0,1,155,0,156,0,6,161,0,167,424,0,424,591
10/09/2008,MDH,IL,AGL,CE,Federal Contract Tower,0,1,8,0,9,0,4,326,0,330,0,5,334,0,339,734,0,734,1073
10/10/2008,MDH,IL,AGL,CE,Federal Contract Tower,0,0,5,0,5,0,0,217,0,217,0,0,222,0,222,382,0,382,604
10/11/2008,MDH,IL,AGL,CE,Federal Contract Tower,2,2,2,0,6,0,0,104,0,104,2,2,106,0,110,42,0,42,152
10/12/2008,MDH,IL,AGL,CE,Federal Contract Tower,0,2,3,0,5,0,0,57,0,57,0,2,60,0,62,78,0,78,140
10/13/2008,MDH,IL,AGL,CE,Federal Contract Tower,0,1,0,0,1,0,0,196,0,196,0,1,196,0,197,602,0,602,799
10/14/2008,MDH,IL,AGL,CE,Federal Contract Tower,0,3,6,0,9,0,0,52,0,52,0,3,58,0,61,214,0,214,275
10/15/2008,MDH,IL,AGL,CE,Federal Contract Tower,0,4,1,0,5,0,0,188,0,188,0,4,189,0,193,354,0,354,547
10/16/2008,MDH,IL,AGL,CE,Federal Contract Tower,0,1,5,0,6,0,0,256,0,256,0,1,261,0,262,756,0,756,1018
10/17/2008,MDH,IL,AGL,CE,Federal Contract Tower,0,7,2,0,9,0,0,241,0,241,0,7,243,0,250,436,0,436,686
10/18/2008,MDH,IL,AGL,CE,Federal Contract Tower,0,4,4,0,8,0,0,79,0,79,0,4,83,0,87,100,0,100,187
10/19/2008,MDH,IL,AGL,CE,Federal Contract Tower,0,4,5,0,9,0,0,156,0,156,0,4,161,0,165,464,0,464,629
10/20/2008,MDH,IL,AGL,CE,Federal Contract Tower,0,0,3,0,3,0,0,253,0,253,0,0,256,0,256,608,0,608,864
10/21/2008,MDH,IL,AGL,CE,Federal Contract Tower,0,4,4,0,8,0,1,202,0,203,0,5,206,0,211,462,0,462,673
10/22/2008,MDH,IL,AGL,CE,Federal Contract Tower,0,4,0,1,5,0,1,132,0,133,0,5,132,1,138,210,0,210,348
10/23/2008,MDH,IL,AGL,CE,Federal Contract Tower,0,4,0,0,4,0,0,23,2,25,0,4,23,2,29,50,0,50,79
10/24/2008,MDH,IL,AGL,CE,Federal Contract Tower,0,7,11,1,19,0,3,44,1,48,0,10,55,2,67,98,2,100,167
10/25/2008,MDH,IL,AGL,CE,Federal Contract Tower,0,6,3,0,9,0,0,111,0,111,0,6,114,0,120,339,0,339,459
10/26/2008,MDH,IL,AGL,CE,Federal Contract Tower,0,5,1,0,6,0,0,74,0,74,0,5,75,0,80,168,0,168,248
10/27/2008,MDH,IL,AGL,CE,Federal Contract Tower,0,0,2,0,2,0,2,192,0,194,0,2,194,0,196,574,0,574,770
10/28/2008,MDH,IL,AGL,CE,Federal Contract Tower,0,0,7,0,7,0,0,185,0,185,0,0,192,0,192,460,0,460,652
10/29/2008,MDH,IL,AGL,CE,Federal Contract Tower,0,4,7,0,11,0,0,242,0,242,0,4,249,0,253,1544,0,1544,1797
10/30/2008,MDH,IL,AGL,CE,Federal Contract Tower,0,5,2,0,7,0,1,223,0,224,0,6,225,0,231,846,0,846,1077
10/31/2008,MDH,IL,AGL,CE,Federal Contract Tower,0,5,3,0,8,0,0,28,0,28,0,5,31,0,36,24,0,24,60
11/01/2008,MDH,IL,AGL,CE,Federal Contract Tower,0,0,0,1,1,0,0,55,5,60,0,0,55,6,61,92,0,92,153
11/02/2008,MDH,IL,AGL,CE,Federal Contract Tower,0,5,5,1,11,0,2,117,0,119,0,7,122,1,130,194,0,194,324
11/03/2008,MDH,IL,AGL,CE,Federal Contract Tower,0,4,6,0,10,0,4,195,0,199,0,8,201,0,209,342,0,342,551
11/04/2008,MDH,IL,AGL,CE,Federal Contract Tower,0,1,2,0,3,0,0,180,0,180,0,1,182,0,183,382,0,382,565
11/05/2008,MDH,IL,AGL,CE,Federal Contract Tower,0,3,2,0,5,0,165,0,0,165,0,168,2,0,170,268,0,268,438
11/06/2008,MDH,IL,AGL,CE,Federal Contract Tower,0,0,2,0,2,0,0,6,0,6,0,0,8,0,8,4,0,4,12
11/07/2008,MDH,IL,AGL,CE,Federal Contract Tower,0,4,2,0,6,0,0,131,0,131,0,4,133,0,137,174,0,174,311
11/08/2008,MDH,IL,AGL,CE,Federal Contract Tower,0,4,2,0,6,0,0,49,0,49,0,4,51,0,55,120,0,120,175
11/09/2008,MDH,IL,AGL,CE,Federal Contract Tower,0,2,2,0,4,0,0,16,0,16,0,2,18,0,20,36,0,36,56
11/10/2008,MDH,IL,AGL,CE,Federal Contract Tower,0,0,4,0,4,0,0,212,0,212,0,0,216,0,216,400,0,400,616
11/11/2008,MDH,IL,AGL,CE,Federal Contract Tower,0,0,0,0,0,0,0,2,0,2,0,0,2,0,2,0,0,0,2
11/12/2008,MDH,IL,AGL,CE,Federal Contract Tower,0,6,7,0,13,0,0,5,0,5,0,6,12,0,18,22,0,22,40
11/13/2008,MDH,IL,AGL,CE,Federal Contract Tower,0,3,10,0,13,0,0,0,0,0,0,3,10,0,13,2,0,2,15
11/14/2008,MDH,IL,AGL,CE,Federal Contract Tower,0,0,9,0,9,0,0,16,0,16,0,0,25,0,25,60,0,60,85
11/15/2008,MDH,IL,AGL,CE,Federal Contract Tower,0,2,2,0,4,0,0,4,0,4,0,2,6,0,8,12,0,12,20
11/16/2008,MDH,IL,AGL,CE,Federal Contract Tower,0,0,0,0,0,0,0,115,0,115,0,0,115,0,115,206,0,206,321
11/17/2008,MDH,IL,AGL,CE,Federal Contract Tower,0,0,4,0,4,0,0,133,0,133,0,0,137,0,137,298,0,298,435
11/18/2008,MDH,IL,AGL,CE,Federal Contract Tower,0,5,6,0,11,0,2,173,0,175,0,7,179,0,186,340,0,340,526
11/19/2008,MDH,IL,AGL,CE,Federal Contract Tower,0,9,5,0,14,0,0,61,0,61,0,9,66,0,75,104,0,104,179
11/20/2008,MDH,IL,AGL,CE,Federal Contract Tower,0,1,0,0,1,0,0,143,0,143,0,1,143,0,144,346,0,346,490
11/21/2008,MDH,IL,AGL,CE,Federal Contract Tower,0,2,10,0,12,0,0,157,0,157,0,2,167,0,169,272,0,272,441
11/22/2008,MDH,IL,AGL,CE,Federal Contract Tower,0,0,4,0,4,0,0,62,0,62,0,0,66,0,66,96,0,96,162
11/23/2008,MDH,IL,AGL,CE,Federal Contract Tower,0,1,1,0,2,0,0,25,0,25,0,1,26,0,27,28,0,28,55
11/24/2008,MDH,IL,AGL,CE,Federal Contract Tower,0,4,0,0,4,0,0,13,0,13,0,4,13,0,17,0,0,0,17
11/25/2008,MDH,IL,AGL,CE,Federal Contract Tower,0,4,4,0,8,0,0,46,0,46,0,4,50,0,54,76,0,76,130
11/26/2008,MDH,IL,AGL,CE,Federal Contract Tower,0,3,5,0,8,0,0,32,0,32,0,3,37,0,40,40,0,40,80
11/27/2008,MDH,IL,AGL,CE,Federal Contract Tower,0,0,1,0,1,0,4,14,0,18,0,4,15,0,19,4,0,4,23
11/28/2008,MDH,IL,AGL,CE,Federal Contract Tower,0,2,0,0,2,0,0,19,0,19,0,2,19,0,21,12,0,12,33
11/29/2008,MDH,IL,AGL,CE,Federal Contract Tower,0,1,7,0,8,0,0,12,0,12,0,1,19,0,20,4,0,4,24
11/30/2008,MDH,IL,AGL,CE,Federal Contract Tower,0,2,5,0,7,0,0,0,0,0,0,2,5,0,7,0,0,0,7
12/01/2008,MDH,IL,AGL,CE,Federal Contract Tower,0,1,0,0,1,0,0,8,0,8,0,1,8,0,9,0,0,0,9
12/02/2008,MDH,IL,AGL,CE,Federal Contract Tower,0,0,2,0,2,0,0,163,0,163,0,0,165,0,165,324,0,324,489
12/03/2008,MDH,IL,AGL,CE,Federal Contract Tower,0,0,7,0,7,0,0,30,0,30,0,0,37,0,37,54,0,54,91
12/04/2008,MDH,IL,AGL,CE,Federal Contract Tower,0,0,5,0,5,0,0,199,0,199,0,0,204,0,204,586,0,586,790
12/05/2008,MDH,IL,AGL,CE,Federal Contract Tower,0,7,5,0,12,0,0,158,0,158,0,7,163,0,170,326,0,326,496
12/06/2008,MDH,IL,AGL,CE,Federal Contract Tower,0,1,0,0,1,0,0,59,0,59,0,1,59,0,60,112,0,112,172
12/07/2008,MDH,IL,AGL,CE,Federal Contract Tower,0,2,1,0,3,0,0,81,0,81,0,2,82,0,84,178,0,178,262
12/08/2008,MDH,IL,AGL,CE,Federal Contract Tower,0,5,5,0,10,0,0,60,0,60,0,5,65,0,70,84,0,84,154
12/09/2008,MDH,IL,AGL,CE,Federal Contract Tower,0,2,2,0,4,0,0,6,0,6,0,2,8,0,10,12,0,12,22
12/10/2008,MDH,IL,AGL,CE,Federal Contract Tower,0,5,2,0,7,0,1,19,0,20,0,6,21,0,27,90,0,90,117
12/11/2008,MDH,IL,AGL,CE,Federal Contract Tower,0,2,4,0,6,0,0,129,0,129,0,2,133,0,135,276,0,276,411
12/12/2008,MDH,IL,AGL,CE,Federal Contract Tower,0,3,5,0,8,0,0,69,0,69,0,3,74,0,77,104,0,104,181
12/13/2008,MDH,IL,AGL,CE,Federal Contract Tower,0,0,0,0,0,0,0,23,0,23,0,0,23,0,23,36,0,36,59
12/14/2008,MDH,IL,AGL,CE,Federal Contract Tower,0,0,2,0,2,0,0,0,0,0,0,0,2,0,2,0,0,0,2
12/15/2008,MDH,IL,AGL,CE,Federal Contract Tower,0,3,2,0,5,0,0,3,0,3,0,3,5,0,8,8,0,8,16
12/16/2008,MDH,IL,AGL,CE,Federal Contract Tower,0,0,0,0,0,0,0,0,0,0,0,0,0,0,0,0,0,0,0
12/17/2008,MDH,IL,AGL,CE,Federal Contract Tower,0,0,0,0,0,0,0,0,0,0,0,0,0,0,0,0,0,0,0
12/18/2008,MDH,IL,AGL,CE,Federal Contract Tower,0,0,0,0,0,0,0,0,0,0,0,0,0,0,0,0,0,0,0
12/19/2008,MDH,IL,AGL,CE,Federal Contract Tower,0,2,2,0,4,0,0,3,0,3,0,2,5,0,7,8,0,8,15
12/20/2008,MDH,IL,AGL,CE,Federal Contract Tower,0,3,2,0,5,0,0,5,0,5,0,3,7,0,10,0,0,0,10
12/21/2008,MDH,IL,AGL,CE,Federal Contract Tower,0,3,0,0,3,0,0,0,0,0,0,3,0,0,3,0,0,0,3
12/22/2008,MDH,IL,AGL,CE,Federal Contract Tower,0,2,3,0,5,0,0,16,0,16,0,2,19,0,21,6,0,6,27
12/23/2008,MDH,IL,AGL,CE,Federal Contract Tower,0,0,0,0,0,0,0,0,0,0,0,0,0,0,0,0,0,0,0
12/24/2008,MDH,IL,AGL,CE,Federal Contract Tower,0,1,0,0,1,0,0,0,0,0,0,1,0,0,1,0,0,0,1
12/25/2008,MDH,IL,AGL,CE,Federal Contract Tower,0,0,4,0,4,0,0,1,0,1,0,0,5,0,5,0,0,0,5
12/26/2008,MDH,IL,AGL,CE,Federal Contract Tower,0,4,2,0,6,0,0,0,0,0,0,4,2,0,6,0,0,0,6
12/27/2008,MDH,IL,AGL,CE,Federal Contract Tower,0,1,0,0,1,0,1,0,0,1,0,2,0,0,2,0,0,0,2
12/28/2008,MDH,IL,AGL,CE,Federal Contract Tower,0,1,0,0,1,0,0,11,0,11,0,1,11,0,12,0,0,0,12
12/29/2008,MDH,IL,AGL,CE,Federal Contract Tower,0,1,2,0,3,0,1,30,0,31,0,2,32,0,34,58,0,58,92
12/30/2008,MDH,IL,AGL,CE,Federal Contract Tower,0,0,2,0,2,0,0,16,0,16,0,0,18,0,18,10,0,10,28
12/31/2008,MDH,IL,AGL,CE,Federal Contract Tower,0,0,0,0,0,0,0,9,0,9,0,0,9,0,9,4,0,4,13
01/01/2009,MDH,IL,AGL,CE,Federal Contract Tower,0,0,0,0,0,0,0,2,0,2,0,0,2,0,2,0,0,0,2
01/02/2009,MDH,IL,AGL,CE,Federal Contract Tower,0,2,2,0,4,0,0,22,0,22,0,2,24,0,26,26,0,26,52
01/03/2009,MDH,IL,AGL,CE,Federal Contract Tower,0,1,3,0,4,0,0,0,0,0,0,1,3,0,4,0,0,0,4
01/04/2009,MDH,IL,AGL,CE,Federal Contract Tower,0,3,3,0,6,0,0,0,0,0,0,3,3,0,6,0,0,0,6
01/05/2009,MDH,IL,AGL,CE,Federal Contract Tower,0,1,5,0,6,0,0,16,0,16,0,1,21,0,22,22,0,22,44
01/06/2009,MDH,IL,AGL,CE,Federal Contract Tower,0,0,0,0,0,0,0,0,0,0,0,0,0,0,0,0,0,0,0
01/07/2009,MDH,IL,AGL,CE,Federal Contract Tower,0,4,0,0,4,0,0,22,0,22,0,4,22,0,26,30,0,30,56
01/08/2009,MDH,IL,AGL,CE,Federal Contract Tower,0,6,0,0,6,0,0,53,0,53,0,6,53,0,59,100,0,100,159
01/09/2009,MDH,IL,AGL,CE,Federal Contract Tower,0,0,1,0,1,0,0,39,0,39,0,0,40,0,40,48,0,48,88
01/10/2009,MDH,IL,AGL,CE,Federal Contract Tower,0,0,0,0,0,0,2,0,0,2,0,2,0,0,2,0,0,0,2
01/11/2009,MDH,IL,AGL,CE,Federal Contract Tower,0,3,3,0,6,0,0,2,0,2,0,3,5,0,8,10,0,10,18
01/12/2009,MDH,IL,AGL,CE,Federal Contract Tower,0,0,0,0,0,0,0,22,0,22,0,0,22,0,22,46,0,46,68
01/13/2009,MDH,IL,AGL,CE,Federal Contract Tower,0,3,0,0,3,0,0,18,0,18,0,3,18,0,21,18,0,18,39
01/14/2009,MDH,IL,AGL,CE,Federal Contract Tower,0,4,3,0,7,0,1,54,0,55,0,5,57,0,62,42,0,42,104
01/15/2009,MDH,IL,AGL,CE,Federal Contract Tower,0,4,3,0,7,0,0,7,0,7,0,4,10,0,14,4,0,4,18
01/16/2009,MDH,IL,AGL,CE,Federal Contract Tower,0,1,1,0,2,0,0,37,0,37,0,1,38,0,39,76,0,76,115
01/17/2009,MDH,IL,AGL,CE,Federal Contract Tower,0,0,3,0,3,0,0,11,0,11,0,0,14,0,14,0,0,0,14
01/18/2009,MDH,IL,AGL,CE,Federal Contract Tower,0,4,2,0,6,0,0,33,0,33,0,4,35,0,39,62,0,62,101
01/19/2009,MDH,IL,AGL,CE,Federal Contract Tower,0,5,1,0,6,0,0,6,0,6,0,5,7,0,12,0,0,0,12
01/20/2009,MDH,IL,AGL,CE,Federal Contract Tower,0,0,0,0,0,0,0,50,0,50,0,0,50,0,50,140,0,140,190
01/21/2009,MDH,IL,AGL,CE,Federal Contract Tower,0,0,2,0,2,0,0,177,0,177,0,0,179,0,179,244,0,244,423
01/22/2009,MDH,IL,AGL,CE,Federal Contract Tower,0,1,8,0,9,0,0,180,0,180,0,1,188,0,189,370,0,370,559
01/23/2009,MDH,IL,AGL,CE,Federal Contract Tower,0,2,5,0,7,0,0,168,0,168,0,2,173,0,175,272,0,272,447
01/24/2009,MDH,IL,AGL,CE,Federal Contract Tower,0,0,0,0,0,0,0,65,0,65,0,0,65,0,65,74,0,74,139
01/25/2009,MDH,IL,AGL,CE,Federal Contract Tower,0,0,2,0,2,0,0,50,1,51,0,0,52,1,53,114,0,114,167
01/26/2009,MDH,IL,AGL,CE,Federal Contract Tower,0,0,0,0,0,0,0,138,0,138,0,0,138,0,138,366,0,366,504
01/27/2009,MDH,IL,AGL,CE,Federal Contract Tower,0,0,0,0,0,0,0,0,0,0,0,0,0,0,0,0,0,0,0
01/28/2009,MDH,IL,AGL,CE,Federal Contract Tower,0,0,0,0,0,0,2,0,0,2,0,2,0,0,2,0,0,0,2
01/29/2009,MDH,IL,AGL,CE,Federal Contract Tower,0,0,0,0,0,0,0,0,0,0,0,0,0,0,0,0,0,0,0
01/30/2009,MDH,IL,AGL,CE,Federal Contract Tower,0,0,2,0,2,0,0,0,0,0,0,0,2,0,2,42,0,42,44
01/31/2009,MDH,IL,AGL,CE,Federal Contract Tower,0,0,2,0,2,0,0,38,0,38,0,0,40,0,40,76,0,76,116
02/01/2009,MDH,IL,AGL,CE,Federal Contract Tower,0,0,0,0,0,0,0,50,0,50,0,0,50,0,50,90,0,90,140
02/02/2009,MDH,IL,AGL,CE,Federal Contract Tower,0,0,8,0,8,0,0,146,1,147,0,0,154,1,155,278,0,278,433
02/03/2009,MDH,IL,AGL,CE,Federal Contract Tower,0,0,0,0,0,0,2,38,0,40,0,2,38,0,40,36,0,36,76
02/04/2009,MDH,IL,AGL,CE,Federal Contract Tower,0,0,1,0,1,0,0,108,0,108,0,0,109,0,109,182,0,182,291
02/05/2009,MDH,IL,AGL,CE,Federal Contract Tower,0,0,6,0,6,0,0,190,0,190,0,0,196,0,196,446,0,446,642
02/06/2009,MDH,IL,AGL,CE,Federal Contract Tower,0,8,3,0,11,0,1,149,0,150,0,9,152,0,161,198,0,198,359
02/07/2009,MDH,IL,AGL,CE,Federal Contract Tower,0,2,10,0,12,0,0,16,0,16,0,2,26,0,28,12,0,12,40
02/08/2009,MDH,IL,AGL,CE,Federal Contract Tower,0,2,2,0,4,0,0,46,0,46,0,2,48,0,50,56,0,56,106
02/09/2009,MDH,IL,AGL,CE,Federal Contract Tower,0,3,0,0,3,0,0,84,0,84,0,3,84,0,87,160,0,160,247
02/10/2009,MDH,IL,AGL,CE,Federal Contract Tower,0,1,5,0,6,0,0,28,0,28,0,1,33,0,34,102,0,102,136
02/11/2009,MDH,IL,AGL,CE,Federal Contract Tower,0,4,1,0,5,0,0,0,0,0,0,4,1,0,5,0,0,0,5
02/12/2009,MDH,IL,AGL,CE,Federal Contract Tower,0,3,1,0,4,0,0,199,0,199,0,3,200,0,203,398,0,398,601
02/13/2009,MDH,IL,AGL,CE,Federal Contract Tower,0,1,0,0,1,0,0,140,0,140,0,1,140,0,141,172,0,172,313
02/14/2009,MDH,IL,AGL,CE,Federal Contract Tower,0,4,3,0,7,0,0,31,0,31,0,4,34,0,38,86,0,86,124
02/15/2009,MDH,IL,AGL,CE,Federal Contract Tower,0,4,10,0,14,0,0,68,0,68,0,4,78,0,82,128,0,128,210
02/16/2009,MDH,IL,AGL,CE,Federal Contract Tower,0,0,5,0,5,0,0,154,0,154,0,0,159,0,159,376,0,376,535
02/17/2009,MDH,IL,AGL,CE,Federal Contract Tower,0,4,1,0,5,0,0,81,0,81,0,4,82,0,86,224,0,224,310
02/18/2009,MDH,IL,AGL,CE,Federal Contract Tower,0,8,1,0,9,0,1,14,0,15,0,9,15,0,24,8,0,8,32
02/19/2009,MDH,IL,AGL,CE,Federal Contract Tower,0,3,4,0,7,0,0,156,0,156,0,3,160,0,163,406,0,406,569
02/20/2009,MDH,IL,AGL,CE,Federal Contract Tower,0,4,2,0,6,0,0,161,0,161,0,4,163,0,167,272,0,272,439
02/21/2009,MDH,IL,AGL,CE,Federal Contract Tower,0,1,0,0,1,0,0,1,0,1,0,1,1,0,2,0,0,0,2
02/22/2009,MDH,IL,AGL,CE,Federal Contract Tower,0,0,8,0,8,0,0,93,0,93,0,0,101,0,101,153,0,153,254
02/23/2009,MDH,IL,AGL,CE,Federal Contract Tower,0,2,4,0,6,0,0,204,0,204,0,2,208,0,210,418,0,418,628
02/24/2009,MDH,IL,AGL,CE,Federal Contract Tower,0,5,3,0,8,0,0,155,0,155,0,5,158,0,163,280,0,280,443
02/25/2009,MDH,IL,AGL,CE,Federal Contract Tower,0,12,3,0,15,0,0,71,0,71,0,12,74,0,86,212,0,212,298
02/26/2009,MDH,IL,AGL,CE,Federal Contract Tower,0,3,2,0,5,0,5,46,0,51,0,8,48,0,56,100,0,100,156
02/27/2009,MDH,IL,AGL,CE,Federal Contract Tower,0,4,3,0,7,0,0,38,0,38,0,4,41,0,45,144,0,144,189
02/28/2009,MDH,IL,AGL,CE,Federal Contract Tower,0,2,1,0,3,0,0,2,0,2,0,2,3,0,5,0,0,0,5
03/01/2009,MDH,IL,AGL,CE,Federal Contract Tower,0,2,2,0,4,0,0,26,0,26,0,2,28,0,30,34,0,34,64
03/02/2009,MDH,IL,AGL,CE,Federal Contract Tower,0,3,1,0,4,0,2,183,0,185,0,5,184,0,189,380,0,380,569
03/03/2009,MDH,IL,AGL,CE,Federal Contract Tower,0,0,6,0,6,0,0,145,0,145,0,0,151,0,151,226,0,226,377
03/04/2009,MDH,IL,AGL,CE,Federal Contract Tower,0,4,3,0,7,0,0,115,0,115,0,4,118,0,122,154,0,154,276
03/05/2009,MDH,IL,AGL,CE,Federal Contract Tower,0,2,8,0,10,0,0,0,0,0,0,2,8,0,10,0,0,0,10
03/06/2009,MDH,IL,AGL,CE,Federal Contract Tower,0,3,1,0,4,0,1,25,0,26,0,4,26,0,30,50,0,50,80
03/07/2009,MDH,IL,AGL,CE,Federal Contract Tower,0,0,0,0,0,0,0,4,0,4,0,0,4,0,4,0,0,0,4
03/08/2009,MDH,IL,AGL,CE,Federal Contract Tower,0,0,2,0,2,0,0,0,0,0,0,0,2,0,2,0,0,0,2
03/09/2009,MDH,IL,AGL,CE,Federal Contract Tower,0,2,0,0,2,0,0,63,0,63,0,2,63,0,65,106,0,106,171
03/10/2009,MDH,IL,AGL,CE,Federal Contract Tower,0,1,0,0,1,0,0,3,0,3,0,1,3,0,4,2,0,2,6
03/11/2009,MDH,IL,AGL,CE,Federal Contract Tower,0,7,6,0,13,0,0,49,0,49,0,7,55,0,62,106,0,106,168
03/12/2009,MDH,IL,AGL,CE,Federal Contract Tower,0,1,0,0,1,0,0,28,0,28,0,1,28,0,29,12,0,12,41
03/13/2009,MDH,IL,AGL,CE,Federal Contract Tower,0,3,3,0,6,0,0,37,0,37,0,3,40,0,43,50,0,50,93
03/14/2009,MDH,IL,AGL,CE,Federal Contract Tower,0,2,3,0,5,0,0,8,0,8,0,2,11,0,13,0,0,0,13
03/15/2009,MDH,IL,AGL,CE,Federal Contract Tower,0,3,4,0,7,0,0,9,0,9,0,3,13,0,16,0,0,0,16
03/16/2009,MDH,IL,AGL,CE,Federal Contract Tower,0,5,2,0,7,0,2,145,0,147,0,7,147,0,154,334,0,334,488
03/17/2009,MDH,IL,AGL,CE,Federal Contract Tower,0,6,2,0,8,0,0,200,0,200,0,6,202,0,208,533,0,533,741
03/18/2009,MDH,IL,AGL,CE,Federal Contract Tower,0,3,9,0,12,0,0,158,0,158,0,3,167,0,170,386,0,386,556
03/19/2009,MDH,IL,AGL,CE,Federal Contract Tower,0,2,6,0,8,0,0,258,0,258,0,2,264,0,266,724,0,724,990
03/20/2009,MDH,IL,AGL,CE,Federal Contract Tower,0,0,6,0,6,0,0,190,0,190,0,0,196,0,196,310,0,310,506
03/21/2009,MDH,IL,AGL,CE,Federal Contract Tower,0,4,10,0,14,0,0,68,0,68,0,4,78,0,82,96,0,96,178
03/22/2009,MDH,IL,AGL,CE,Federal Contract Tower,0,1,3,0,4,0,2,62,0,64,0,3,65,0,68,100,0,100,168
03/23/2009,MDH,IL,AGL,CE,Federal Contract Tower,0,6,2,0,8,0,0,171,0,171,0,6,173,0,179,366,0,366,545
03/24/2009,MDH,IL,AGL,CE,Federal Contract Tower,0,3,0,0,3,0,0,14,1,15,0,3,14,1,18,40,0,40,58
03/25/2009,MDH,IL,AGL,CE,Federal Contract Tower,0,0,4,0,4,0,0,187,0,187,0,0,191,0,191,504,0,504,695
03/26/2009,MDH,IL,AGL,CE,Federal Contract Tower,0,3,5,0,8,0,0,211,0,211,0,3,216,0,219,606,0,606,825
03/27/2009,MDH,IL,AGL,CE,Federal Contract Tower,0,8,5,0,13,0,0,141,0,141,0,8,146,0,154,294,0,294,448
03/28/2009,MDH,IL,AGL,CE,Federal Contract Tower,0,4,5,0,9,0,0,0,0,0,0,4,5,0,9,0,0,0,9
03/29/2009,MDH,IL,AGL,CE,Federal Contract Tower,0,3,2,0,5,0,0,40,0,40,0,3,42,0,45,0,0,0,45
03/30/2009,MDH,IL,AGL,CE,Federal Contract Tower,0,0,4,0,4,0,0,193,0,193,0,0,197,0,197,442,0,442,639
03/31/2009,MDH,IL,AGL,CE,Federal Contract Tower,0,2,3,0,5,0,0,12,0,12,0,2,15,0,17,4,0,4,21
04/01/2009,MDH,IL,AGL,CE,Federal Contract Tower,0,4,0,0,4,0,0,176,0,176,0,4,176,0,180,496,0,496,676
04/02/2009,MDH,IL,AGL,CE,Federal Contract Tower,0,7,1,0,8,0,0,55,0,55,0,7,56,0,63,124,0,124,187
04/03/2009,MDH,IL,AGL,CE,Federal Contract Tower,0,4,3,0,7,0,0,111,0,111,0,4,114,0,118,194,0,194,312
04/04/2009,MDH,IL,AGL,CE,Federal Contract Tower,0,0,3,0,3,0,0,154,0,154,0,0,157,0,157,422,0,422,579
04/05/2009,MDH,IL,AGL,CE,Federal Contract Tower,0,3,2,0,5,0,0,0,0,0,0,3,2,0,5,0,0,0,5
04/06/2009,MDH,IL,AGL,CE,Federal Contract Tower,0,4,0,0,4,0,0,0,0,0,0,4,0,0,4,0,0,0,4
04/07/2009,MDH,IL,AGL,CE,Federal Contract Tower,0,6,4,0,10,0,0,98,2,100,0,6,102,2,110,128,0,128,238
04/08/2009,MDH,IL,AGL,CE,Federal Contract Tower,0,8,8,0,16,0,0,146,0,146,0,8,154,0,162,270,0,270,432
04/09/2009,MDH,IL,AGL,CE,Federal Contract Tower,0,2,2,0,4,0,0,96,0,96,0,2,98,0,100,222,0,222,322
04/10/2009,MDH,IL,AGL,CE,Federal Contract Tower,0,4,4,0,8,0,0,10,0,10,0,4,14,0,18,4,0,4,22
04/11/2009,MDH,IL,AGL,CE,Federal Contract Tower,0,0,4,0,4,0,0,96,0,96,0,0,100,0,100,158,0,158,258
04/12/2009,MDH,IL,AGL,CE,Federal Contract Tower,0,5,0,0,5,0,0,3,0,3,0,5,3,0,8,0,0,0,8
04/13/2009,MDH,IL,AGL,CE,Federal Contract Tower,0,8,4,0,12,0,0,7,0,7,0,8,11,0,19,28,2,30,49
04/14/2009,MDH,IL,AGL,CE,Federal Contract Tower,0,3,6,0,9,0,0,50,0,50,0,3,56,0,59,182,0,182,241
04/15/2009,MDH,IL,AGL,CE,Federal Contract Tower,0,6,0,0,6,0,0,210,0,210,0,6,210,0,216,394,0,394,610
04/16/2009,MDH,IL,AGL,CE,Federal Contract Tower,0,7,2,0,9,0,0,203,0,203,0,7,205,0,212,702,0,702,914
04/17/2009,MDH,IL,AGL,CE,Federal Contract Tower,0,4,2,0,6,0,0,170,0,170,0,4,172,0,176,276,0,276,452
04/18/2009,MDH,IL,AGL,CE,Federal Contract Tower,0,0,2,0,2,0,0,38,0,38,0,0,40,0,40,68,0,68,108
04/19/2009,MDH,IL,AGL,CE,Federal Contract Tower,0,2,3,0,5,0,0,3,0,3,0,2,6,0,8,0,0,0,8
04/20/2009,MDH,IL,AGL,CE,Federal Contract Tower,0,3,1,0,4,0,0,462,0,462,0,3,463,0,466,0,0,0,466
04/21/2009,MDH,IL,AGL,CE,Federal Contract Tower,0,8,4,0,12,0,0,53,0,53,0,8,57,0,65,58,0,58,123
04/22/2009,MDH,IL,AGL,CE,Federal Contract Tower,0,2,3,0,5,0,0,259,0,259,0,2,262,0,264,550,0,550,814
04/23/2009,MDH,IL,AGL,CE,Federal Contract Tower,0,5,3,0,8,0,2,139,0,141,0,7,142,0,149,388,0,388,537
04/24/2009,MDH,IL,AGL,CE,Federal Contract Tower,0,6,5,0,11,0,0,25,0,25,0,6,30,0,36,56,0,56,92
04/25/2009,MDH,IL,AGL,CE,Federal Contract Tower,2,1,0,0,3,0,2,4,0,6,2,3,4,0,9,2,0,2,11
04/26/2009,MDH,IL,AGL,CE,Federal Contract Tower,0,0,4,0,4,0,0,15,0,15,0,0,19,0,19,16,0,16,35
04/27/2009,MDH,IL,AGL,CE,Federal Contract Tower,0,4,0,0,4,0,0,43,0,43,0,4,43,0,47,70,0,70,117
04/28/2009,MDH,IL,AGL,CE,Federal Contract Tower,0,2,3,0,5,0,0,25,0,25,0,2,28,0,30,156,0,156,186
04/29/2009,MDH,IL,AGL,CE,Federal Contract Tower,0,0,9,0,9,0,0,136,0,136,0,0,145,0,145,430,0,430,575
04/30/2009,MDH,IL,AGL,CE,Federal Contract Tower,0,1,4,0,5,0,0,52,0,52,0,1,56,0,57,98,0,98,155
05/01/2009,MDH,IL,AGL,CE,Federal Contract Tower,0,2,5,0,7,0,0,27,0,27,0,2,32,0,34,80,0,80,114
05/02/2009,MDH,IL,AGL,CE,Federal Contract Tower,0,5,0,0,5,0,0,46,0,46,0,5,46,0,51,92,0,92,143
05/03/2009,MDH,IL,AGL,CE,Federal Contract Tower,0,0,2,0,2,0,0,51,0,51,0,0,53,0,53,68,0,68,121
05/04/2009,MDH,IL,AGL,CE,Federal Contract Tower,0,4,13,0,17,0,0,283,0,283,0,4,296,0,300,700,0,700,1000
05/05/2009,MDH,IL,AGL,CE,Federal Contract Tower,0,3,9,0,12,0,0,200,0,200,0,3,209,0,212,594,0,594,806
05/06/2009,MDH,IL,AGL,CE,Federal Contract Tower,0,2,6,0,8,0,0,1,0,1,0,2,7,0,9,0,0,0,9
05/07/2009,MDH,IL,AGL,CE,Federal Contract Tower,0,4,6,0,10,0,0,198,0,198,0,4,204,0,208,684,0,684,892
05/08/2009,MDH,IL,AGL,CE,Federal Contract Tower,0,2,2,0,4,0,1,28,0,29,0,3,30,0,33,50,0,50,83
05/09/2009,MDH,IL,AGL,CE,Federal Contract Tower,0,6,0,0,6,0,0,8,0,8,0,6,8,0,14,4,0,4,18
05/10/2009,MDH,IL,AGL,CE,Federal Contract Tower,0,3,0,0,3,0,1,10,0,11,0,4,10,0,14,0,0,0,14
05/11/2009,MDH,IL,AGL,CE,Federal Contract Tower,0,1,3,0,4,0,1,9,0,10,0,2,12,0,14,0,0,0,14
05/12/2009,MDH,IL,AGL,CE,Federal Contract Tower,0,0,6,0,6,0,2,110,0,112,0,2,116,0,118,298,0,298,416
05/13/2009,MDH,IL,AGL,CE,Federal Contract Tower,0,0,4,0,4,0,0,8,0,8,0,0,12,0,12,26,0,26,38
05/14/2009,MDH,IL,AGL,CE,Federal Contract Tower,0,6,0,0,6,0,1,136,0,137,0,7,136,0,143,396,0,396,539
05/15/2009,MDH,IL,AGL,CE,Federal Contract Tower,0,2,0,0,2,0,2,79,0,81,0,4,79,0,83,88,0,88,171
05/16/2009,MDH,IL,AGL,CE,Federal Contract Tower,0,1,1,0,2,0,1,16,0,17,0,2,17,0,19,6,0,6,25
05/17/2009,MDH,IL,AGL,CE,Federal Contract Tower,0,1,0,0,1,0,6,22,0,28,0,7,22,0,29,16,0,16,45
05/18/2009,MDH,IL,AGL,CE,Federal Contract Tower,0,2,3,0,5,0,0,83,0,83,0,2,86,0,88,172,0,172,260
05/19/2009,MDH,IL,AGL,CE,Federal Contract Tower,0,0,0,0,0,0,0,73,0,73,0,0,73,0,73,162,0,162,235
05/20/2009,MDH,IL,AGL,CE,Federal Contract Tower,0,2,4,0,6,0,1,107,0,108,0,3,111,0,114,160,0,160,274
05/21/2009,MDH,IL,AGL,CE,Federal Contract Tower,0,7,6,0,13,0,0,83,0,83,0,7,89,0,96,118,0,118,214
05/22/2009,MDH,IL,AGL,CE,Federal Contract Tower,0,6,1,0,7,0,4,79,0,83,0,10,80,0,90,135,0,135,225
05/23/2009,MDH,IL,AGL,CE,Federal Contract Tower,0,4,0,0,4,0,2,5,0,7,0,6,5,0,11,0,0,0,11
05/24/2009,MDH,IL,AGL,CE,Federal Contract Tower,0,0,0,0,0,0,0,8,0,8,0,0,8,0,8,10,0,10,18
05/25/2009,MDH,IL,AGL,CE,Federal Contract Tower,0,0,2,0,2,0,0,3,0,3,0,0,5,0,5,18,0,18,23
05/26/2009,MDH,IL,AGL,CE,Federal Contract Tower,0,4,2,0,6,0,0,4,0,4,0,4,6,0,10,0,0,0,10
05/27/2009,MDH,IL,AGL,CE,Federal Contract Tower,0,2,4,0,6,0,0,83,0,83,0,2,87,0,89,188,0,188,277
05/28/2009,MDH,IL,AGL,CE,Federal Contract Tower,0,5,4,0,9,0,0,2,0,2,0,5,6,0,11,10,0,10,21
05/29/2009,MDH,IL,AGL,CE,Federal Contract Tower,0,4,6,2,12,0,0,63,0,63,0,4,69,2,75,100,0,100,175
05/30/2009,MDH,IL,AGL,CE,Federal Contract Tower,0,4,1,0,5,0,0,19,0,19,0,4,20,0,24,36,0,36,60
05/31/2009,MDH,IL,AGL,CE,Federal Contract Tower,0,0,4,0,4,0,0,34,0,34,0,0,38,0,38,8,0,8,46
06/01/2009,MDH,IL,AGL,CE,Federal Contract Tower,0,3,2,0,5,0,0,138,0,138,0,3,140,0,143,256,0,256,399
06/02/2009,MDH,IL,AGL,CE,Federal Contract Tower,0,2,0,0,2,0,0,72,0,72,0,2,72,0,74,144,0,144,218
06/03/2009,MDH,IL,AGL,CE,Federal Contract Tower,0,2,1,0,3,0,0,39,0,39,0,2,40,0,42,104,0,104,146
06/04/2009,MDH,IL,AGL,CE,Federal Contract Tower,0,1,6,0,7,0,1,73,0,74,0,2,79,0,81,126,0,126,207
06/05/2009,MDH,IL,AGL,CE,Federal Contract Tower,0,0,11,0,11,0,0,99,0,99,0,0,110,0,110,114,0,114,224
06/06/2009,MDH,IL,AGL,CE,Federal Contract Tower,0,0,6,0,6,0,0,19,0,19,0,0,25,0,25,0,0,0,25
06/07/2009,MDH,IL,AGL,CE,Federal Contract Tower,0,0,1,0,1,0,0,7,0,7,0,0,8,0,8,2,0,2,10
06/08/2009,MDH,IL,AGL,CE,Federal Contract Tower,0,0,1,0,1,0,0,52,0,52,0,0,53,0,53,84,0,84,137
06/09/2009,MDH,IL,AGL,CE,Federal Contract Tower,0,6,7,0,13,0,0,40,0,40,0,6,47,0,53,112,0,112,165
06/10/2009,MDH,IL,AGL,CE,Federal Contract Tower,0,7,3,0,10,0,0,69,0,69,0,7,72,0,79,134,0,134,213
06/11/2009,MDH,IL,AGL,CE,Federal Contract Tower,0,7,0,0,7,0,0,22,0,22,0,7,22,0,29,54,0,54,83
06/12/2009,MDH,IL,AGL,CE,Federal Contract Tower,0,3,4,0,7,0,0,35,0,35,0,3,39,0,42,78,0,78,120
06/13/2009,MDH,IL,AGL,CE,Federal Contract Tower,0,0,1,0,1,0,0,19,0,19,0,0,20,0,20,6,0,6,26
06/14/2009,MDH,IL,AGL,CE,Federal Contract Tower,0,0,2,0,2,0,0,5,0,5,0,0,7,0,7,0,0,0,7
06/15/2009,MDH,IL,AGL,CE,Federal Contract Tower,0,0,2,0,2,0,0,9,0,9,0,0,11,0,11,8,0,8,19
06/16/2009,MDH,IL,AGL,CE,Federal Contract Tower,0,3,6,0,9,0,1,68,0,69,0,4,74,0,78,86,0,86,164
06/17/2009,MDH,IL,AGL,CE,Federal Contract Tower,0,4,3,0,7,0,0,110,0,110,0,4,113,0,117,92,0,92,209
06/18/2009,MDH,IL,AGL,CE,Federal Contract Tower,0,2,2,0,4,0,0,123,0,123,0,2,125,0,127,172,0,172,299
06/19/2009,MDH,IL,AGL,CE,Federal Contract Tower,0,5,0,0,5,0,2,70,0,72,0,7,70,0,77,128,0,128,205
06/20/2009,MDH,IL,AGL,CE,Federal Contract Tower,0,1,1,0,2,0,0,11,0,11,0,1,12,0,13,12,0,12,25
06/21/2009,MDH,IL,AGL,CE,Federal Contract Tower,0,5,1,0,6,0,0,6,0,6,0,5,7,0,12,0,0,0,12
06/22/2009,MDH,IL,AGL,CE,Federal Contract Tower,0,2,5,0,7,0,0,62,0,62,0,2,67,0,69,108,0,108,177
06/23/2009,MDH,IL,AGL,CE,Federal Contract Tower,0,2,1,0,3,0,0,68,0,68,0,2,69,0,71,138,0,138,209
06/24/2009,MDH,IL,AGL,CE,Federal Contract Tower,0,0,4,0,4,0,2,96,0,98,0,2,100,0,102,158,0,158,260
06/25/2009,MDH,IL,AGL,CE,Federal Contract Tower,0,7,4,0,11,0,2,108,0,110,0,9,112,0,121,132,0,132,253
06/26/2009,MDH,IL,AGL,CE,Federal Contract Tower,0,0,3,0,3,0,0,96,0,96,0,0,99,0,99,168,0,168,267
06/27/2009,MDH,IL,AGL,CE,Federal Contract Tower,0,1,3,0,4,0,0,25,0,25,0,1,28,0,29,14,0,14,43
06/28/2009,MDH,IL,AGL,CE,Federal Contract Tower,0,2,4,0,6,0,1,10,0,11,0,3,14,0,17,0,0,0,17
06/29/2009,MDH,IL,AGL,CE,Federal Contract Tower,0,1,2,0,3,0,0,66,0,66,0,1,68,0,69,46,0,46,115
06/30/2009,MDH,IL,AGL,CE,Federal Contract Tower,0,2,4,0,6,0,0,102,0,102,0,2,106,0,108,122,0,122,230
07/01/2009,MDH,IL,AGL,CE,Federal Contract Tower,0,3,3,0,6,0,0,88,0,88,0,3,91,0,94,118,0,118,212
07/02/2009,MDH,IL,AGL,CE,Federal Contract Tower,0,3,3,0,6,0,0,64,0,64,0,3,67,0,70,72,0,72,142
07/03/2009,MDH,IL,AGL,CE,Federal Contract Tower,0,0,4,0,4,0,0,18,0,18,0,0,22,0,22,14,0,14,36
07/04/2009,MDH,IL,AGL,CE,Federal Contract Tower,0,2,0,0,2,0,0,0,0,0,0,2,0,0,2,0,0,0,2
07/05/2009,MDH,IL,AGL,CE,Federal Contract Tower,0,0,3,0,3,0,0,0,0,0,0,0,3,0,3,0,0,0,3
07/06/2009,MDH,IL,AGL,CE,Federal Contract Tower,0,0,2,0,2,0,0,72,0,72,0,0,74,0,74,132,0,132,206
07/07/2009,MDH,IL,AGL,CE,Federal Contract Tower,0,0,6,0,6,0,2,101,0,103,0,2,107,0,109,110,0,110,219
07/08/2009,MDH,IL,AGL,CE,Federal Contract Tower,0,4,0,0,4,0,0,79,0,79,0,4,79,0,83,130,0,130,213
07/09/2009,MDH,IL,AGL,CE,Federal Contract Tower,0,2,4,0,6,0,0,63,0,63,0,2,67,0,69,110,0,110,179
07/10/2009,MDH,IL,AGL,CE,Federal Contract Tower,0,5,1,0,6,0,1,57,0,58,0,6,58,0,64,44,0,44,108
07/11/2009,MDH,IL,AGL,CE,Federal Contract Tower,0,3,0,0,3,0,0,3,0,3,0,3,3,0,6,2,0,2,8
07/12/2009,MDH,IL,AGL,CE,Federal Contract Tower,0,2,1,0,3,0,0,2,0,2,0,2,3,0,5,0,0,0,5
07/13/2009,MDH,IL,AGL,CE,Federal Contract Tower,0,0,2,0,2,0,1,37,0,38,0,1,39,0,40,92,0,92,132
07/14/2009,MDH,IL,AGL,CE,Federal Contract Tower,0,3,4,0,7,0,0,60,4,64,0,3,64,4,71,82,0,82,153
07/15/2009,MDH,IL,AGL,CE,Federal Contract Tower,0,3,0,0,3,0,1,39,0,40,0,4,39,0,43,48,0,48,91
07/16/2009,MDH,IL,AGL,CE,Federal Contract Tower,0,3,3,0,6,0,1,63,2,66,0,4,66,2,72,94,0,94,166
07/17/2009,MDH,IL,AGL,CE,Federal Contract Tower,0,2,5,0,7,0,0,53,0,53,0,2,58,0,60,82,2,84,144
07/18/2009,MDH,IL,AGL,CE,Federal Contract Tower,0,0,2,0,2,0,1,30,0,31,0,1,32,0,33,16,0,16,49
07/19/2009,MDH,IL,AGL,CE,Federal Contract Tower,0,0,6,0,6,0,0,27,0,27,0,0,33,0,33,26,0,26,59
07/20/2009,MDH,IL,AGL,CE,Federal Contract Tower,0,0,1,0,1,0,0,101,4,105,0,0,102,4,106,150,0,150,256
07/21/2009,MDH,IL,AGL,CE,Federal Contract Tower,0,4,3,0,7,0,0,68,0,68,0,4,71,0,75,122,0,122,197
07/22/2009,MDH,IL,AGL,CE,Federal Contract Tower,0,4,6,0,10,0,0,26,0,26,0,4,32,0,36,44,0,44,80
07/23/2009,MDH,IL,AGL,CE,Federal Contract Tower,0,0,0,0,0,0,0,69,0,69,0,0,69,0,69,126,0,126,195
07/24/2009,MDH,IL,AGL,CE,Federal Contract Tower,0,2,3,0,5,0,1,61,0,62,0,3,64,0,67,96,0,96,163
07/25/2009,MDH,IL,AGL,CE,Federal Contract Tower,0,0,1,0,1,0,0,12,0,12,0,0,13,0,13,0,0,0,13
07/26/2009,MDH,IL,AGL,CE,Federal Contract Tower,0,1,3,0,4,0,4,25,0,29,0,5,28,0,33,0,0,0,33
07/27/2009,MDH,IL,AGL,CE,Federal Contract Tower,0,1,2,0,3,0,0,79,0,79,0,1,81,0,82,140,0,140,222
07/28/2009,MDH,IL,AGL,CE,Federal Contract Tower,0,0,0,0,0,0,0,31,0,31,0,0,31,0,31,50,0,50,81
07/29/2009,MDH,IL,AGL,CE,Federal Contract Tower,0,3,3,0,6,0,0,40,0,40,0,3,43,0,46,120,0,120,166
07/30/2009,MDH,IL,AGL,CE,Federal Contract Tower,0,4,6,0,10,0,0,35,0,35,0,4,41,0,45,126,0,126,171
07/31/2009,MDH,IL,AGL,CE,Federal Contract Tower,0,5,0,0,5,0,1,108,0,109,0,6,108,0,114,168,0,168,282
08/01/2009,MDH,IL,AGL,CE,Federal Contract Tower,0,4,0,0,4,0,0,19,0,19,0,4,19,0,23,4,0,4,27
08/02/2009,MDH,IL,AGL,CE,Federal Contract Tower,0,1,1,0,2,0,0,38,0,38,0,1,39,0,40,0,0,0,40
08/03/2009,MDH,IL,AGL,CE,Federal Contract Tower,0,1,5,0,6,0,0,77,0,77,0,1,82,0,83,158,0,158,241
08/04/2009,MDH,IL,AGL,CE,Federal Contract Tower,0,0,0,0,0,0,0,32,0,32,0,0,32,0,32,18,0,18,50
08/05/2009,MDH,IL,AGL,CE,Federal Contract Tower,0,8,2,0,10,0,0,27,0,27,0,8,29,0,37,68,0,68,105
08/06/2009,MDH,IL,AGL,CE,Federal Contract Tower,0,0,3,0,3,0,0,60,0,60,0,0,63,0,63,94,0,94,157
08/07/2009,MDH,IL,AGL,CE,Federal Contract Tower,0,2,3,0,5,0,0,74,0,74,0,2,77,0,79,132,0,132,211
08/08/2009,MDH,IL,AGL,CE,Federal Contract Tower,0,3,4,0,7,0,0,6,0,6,0,3,10,0,13,0,0,0,13
08/09/2009,MDH,IL,AGL,CE,Federal Contract Tower,0,0,6,0,6,0,0,16,0,16,0,0,22,0,22,0,0,0,22
08/10/2009,MDH,IL,AGL,CE,Federal Contract Tower,0,5,2,0,7,0,3,2,0,5,0,8,4,0,12,6,0,6,18
08/11/2009,MDH,IL,AGL,CE,Federal Contract Tower,0,8,2,0,10,0,0,17,0,17,0,8,19,0,27,10,0,10,37
08/12/2009,MDH,IL,AGL,CE,Federal Contract Tower,0,5,3,0,8,0,0,8,0,8,0,5,11,0,16,16,0,16,32
08/13/2009,MDH,IL,AGL,CE,Federal Contract Tower,0,10,3,0,13,0,0,21,0,21,0,10,24,0,34,26,0,26,60
08/14/2009,MDH,IL,AGL,CE,Federal Contract Tower,0,6,4,0,10,0,0,43,0,43,0,6,47,0,53,6,0,6,59
08/15/2009,MDH,IL,AGL,CE,Federal Contract Tower,0,3,1,0,4,0,0,22,0,22,0,3,23,0,26,10,0,10,36
08/16/2009,MDH,IL,AGL,CE,Federal Contract Tower,0,0,4,0,4,0,0,15,0,15,0,0,19,0,19,0,0,0,19
08/17/2009,MDH,IL,AGL,CE,Federal Contract Tower,0,0,1,0,1,0,0,4,0,4,0,0,5,0,5,6,0,6,11
08/18/2009,MDH,IL,AGL,CE,Federal Contract Tower,0,3,0,0,3,0,0,7,0,7,0,3,7,0,10,16,0,16,26
08/19/2009,MDH,IL,AGL,CE,Federal Contract Tower,0,8,0,0,8,0,1,45,0,46,0,9,45,0,54,62,0,62,116
08/20/2009,MDH,IL,AGL,CE,Federal Contract Tower,0,1,1,0,2,0,0,42,0,42,0,1,43,0,44,128,0,128,172
08/21/2009,MDH,IL,AGL,CE,Federal Contract Tower,0,2,1,0,3,0,0,44,0,44,0,2,45,0,47,86,0,86,133
08/22/2009,MDH,IL,AGL,CE,Federal Contract Tower,0,1,2,0,3,0,0,6,0,6,0,1,8,0,9,0,0,0,9
08/23/2009,MDH,IL,AGL,CE,Federal Contract Tower,0,0,1,0,1,0,0,22,0,22,0,0,23,0,23,0,0,0,23
08/24/2009,MDH,IL,AGL,CE,Federal Contract Tower,0,0,2,0,2,0,0,34,0,34,0,0,36,0,36,38,0,38,74
08/25/2009,MDH,IL,AGL,CE,Federal Contract Tower,0,0,0,0,0,0,0,43,0,43,0,0,43,0,43,46,0,46,89
08/26/2009,MDH,IL,AGL,CE,Federal Contract Tower,0,5,0,0,5,0,0,88,0,88,0,5,88,0,93,194,0,194,287
08/27/2009,MDH,IL,AGL,CE,Federal Contract Tower,0,1,2,0,3,0,0,126,0,126,0,1,128,0,129,220,0,220,349
08/28/2009,MDH,IL,AGL,CE,Federal Contract Tower,0,3,4,0,7,0,0,73,0,73,0,3,77,0,80,174,0,174,254
08/29/2009,MDH,IL,AGL,CE,Federal Contract Tower,0,3,2,0,5,0,0,26,0,26,0,3,28,0,31,54,0,54,85
08/30/2009,MDH,IL,AGL,CE,Federal Contract Tower,3,7,0,0,10,0,0,89,0,89,3,7,89,0,99,136,0,136,235
08/31/2009,MDH,IL,AGL,CE,Federal Contract Tower,0,1,2,0,3,0,1,183,0,184,0,2,185,0,187,248,0,248,435
09/01/2009,MDH,IL,AGL,CE,Federal Contract Tower,0,4,3,0,7,0,0,118,0,118,0,4,121,0,125,226,0,226,351
09/02/2009,MDH,IL,AGL,CE,Federal Contract Tower,0,0,0,0,0,0,0,131,0,131,0,0,131,0,131,200,0,200,331
09/03/2009,MDH,IL,AGL,CE,Federal Contract Tower,0,0,1,0,1,0,0,160,0,160,0,0,161,0,161,266,0,266,427
09/04/2009,MDH,IL,AGL,CE,Federal Contract Tower,0,6,3,0,9,0,0,63,2,65,0,6,66,2,74,126,0,126,200
09/05/2009,MDH,IL,AGL,CE,Federal Contract Tower,0,4,1,0,5,0,0,2,0,2,0,4,3,0,7,0,0,0,7
09/06/2009,MDH,IL,AGL,CE,Federal Contract Tower,0,3,1,0,4,0,0,0,0,0,0,3,1,0,4,0,0,0,4
09/07/2009,MDH,IL,AGL,CE,Federal Contract Tower,0,3,0,0,3,0,0,7,0,7,0,3,7,0,10,0,0,0,10
09/08/2009,MDH,IL,AGL,CE,Federal Contract Tower,0,2,6,0,8,0,0,112,0,112,0,2,118,0,120,248,0,248,368
09/09/2009,MDH,IL,AGL,CE,Federal Contract Tower,0,1,4,0,5,0,0,155,0,155,0,1,159,0,160,382,0,382,542
09/10/2009,MDH,IL,AGL,CE,Federal Contract Tower,0,1,5,0,6,0,0,201,0,201,0,1,206,0,207,264,0,264,471
09/11/2009,MDH,IL,AGL,CE,Federal Contract Tower,0,0,6,0,6,0,0,128,0,128,0,0,134,0,134,166,0,166,300
09/12/2009,MDH,IL,AGL,CE,Federal Contract Tower,0,3,4,0,7,0,7,55,0,62,0,10,59,0,69,42,0,42,111
09/13/2009,MDH,IL,AGL,CE,Federal Contract Tower,0,0,6,0,6,0,0,60,0,60,0,0,66,0,66,80,0,80,146
09/14/2009,MDH,IL,AGL,CE,Federal Contract Tower,0,5,5,0,10,0,0,167,0,167,0,5,172,0,177,242,0,242,419
09/15/2009,MDH,IL,AGL,CE,Federal Contract Tower,0,1,1,0,2,0,0,86,0,86,0,1,87,0,88,294,0,294,382
09/16/2009,MDH,IL,AGL,CE,Federal Contract Tower,0,4,1,0,5,0,0,34,3,37,0,4,35,3,42,36,0,36,78
09/17/2009,MDH,IL,AGL,CE,Federal Contract Tower,0,4,0,0,4,0,0,202,0,202,0,4,202,0,206,346,0,346,552
09/18/2009,MDH,IL,AGL,CE,Federal Contract Tower,0,1,3,0,4,0,0,167,0,167,0,1,170,0,171,208,0,208,379
09/19/2009,MDH,IL,AGL,CE,Federal Contract Tower,0,4,6,0,10,0,0,52,0,52,0,4,58,0,62,98,0,98,160
09/20/2009,MDH,IL,AGL,CE,Federal Contract Tower,0,0,2,0,2,0,0,0,0,0,0,0,2,0,2,0,0,0,2
09/21/2009,MDH,IL,AGL,CE,Federal Contract Tower,0,4,1,0,5,0,0,35,0,35,0,4,36,0,40,64,0,64,104
09/22/2009,MDH,IL,AGL,CE,Federal Contract Tower,0,1,1,2,4,0,0,74,0,74,0,1,75,2,78,230,0,230,308
09/23/2009,MDH,IL,AGL,CE,Federal Contract Tower,0,1,1,0,2,0,2,34,0,36,0,3,35,0,38,250,0,250,288
09/24/2009,MDH,IL,AGL,CE,Federal Contract Tower,0,0,1,0,1,0,0,32,0,32,0,0,33,0,33,162,0,162,195
09/25/2009,MDH,IL,AGL,CE,Federal Contract Tower,0,4,7,0,11,0,4,106,0,110,0,8,113,0,121,308,0,308,429
09/26/2009,MDH,IL,AGL,CE,Federal Contract Tower,0,3,5,0,8,0,0,118,0,118,0,3,123,0,126,332,0,332,458
09/27/2009,MDH,IL,AGL,CE,Federal Contract Tower,0,2,2,0,4,0,0,42,0,42,0,2,44,0,46,16,0,16,62
09/28/2009,MDH,IL,AGL,CE,Federal Contract Tower,0,6,0,0,6,0,2,83,0,85,0,8,83,0,91,104,0,104,195
09/29/2009,MDH,IL,AGL,CE,Federal Contract Tower,0,2,5,0,7,0,0,194,0,194,0,2,199,0,201,221,0,221,422
09/30/2009,MDH,IL,AGL,CE,Federal Contract Tower,0,4,4,0,8,0,1,253,0,254,0,5,257,0,262,398,0,398,660
10/01/2009,MDH,IL,AGL,CE,Federal Contract Tower,0,14,0,0,14,0,0,166,0,166,0,14,166,0,180,310,0,310,490
10/02/2009,MDH,IL,AGL,CE,Federal Contract Tower,0,4,4,0,8,0,0,72,0,72,0,4,76,0,80,124,0,124,204
10/03/2009,MDH,IL,AGL,CE,Federal Contract Tower,0,2,7,0,9,0,0,37,0,37,0,2,44,0,46,10,0,10,56
10/04/2009,MDH,IL,AGL,CE,Federal Contract Tower,0,2,1,0,3,0,2,62,0,64,0,4,63,0,67,76,0,76,143
10/05/2009,MDH,IL,AGL,CE,Federal Contract Tower,0,2,0,0,2,0,0,171,0,171,0,2,171,0,173,436,0,436,609
10/06/2009,MDH,IL,AGL,CE,Federal Contract Tower,0,4,2,0,6,0,0,14,0,14,0,4,16,0,20,62,0,62,82
10/07/2009,MDH,IL,AGL,CE,Federal Contract Tower,0,3,4,1,8,0,0,209,0,209,0,3,213,1,217,278,0,278,495
10/08/2009,MDH,IL,AGL,CE,Federal Contract Tower,0,3,4,0,7,0,0,0,0,0,0,3,4,0,7,0,0,0,7
10/09/2009,MDH,IL,AGL,CE,Federal Contract Tower,0,0,14,0,14,0,0,0,0,0,0,0,14,0,14,0,0,0,14
10/10/2009,MDH,IL,AGL,CE,Federal Contract Tower,2,0,0,0,2,0,0,135,0,135,2,0,135,0,137,290,0,290,427
10/11/2009,MDH,IL,AGL,CE,Federal Contract Tower,0,1,3,0,4,0,3,160,0,163,0,4,163,0,167,338,0,338,505
10/12/2009,MDH,IL,AGL,CE,Federal Contract Tower,0,2,1,0,3,0,2,343,0,345,0,4,344,0,348,455,0,455,803
10/13/2009,MDH,IL,AGL,CE,Federal Contract Tower,0,7,5,0,12,0,0,87,0,87,0,7,92,0,99,250,0,250,349
10/14/2009,MDH,IL,AGL,CE,Federal Contract Tower,0,9,10,0,19,0,0,0,0,0,0,9,10,0,19,0,0,0,19
10/15/2009,MDH,IL,AGL,CE,Federal Contract Tower,0,4,9,0,13,0,0,24,0,24,0,4,33,0,37,142,0,142,179
10/16/2009,MDH,IL,AGL,CE,Federal Contract Tower,0,1,6,0,7,0,0,41,0,41,0,1,47,0,48,144,0,144,192
10/17/2009,MDH,IL,AGL,CE,Federal Contract Tower,0,3,5,0,8,0,0,39,0,39,0,3,44,0,47,24,0,24,71
10/18/2009,MDH,IL,AGL,CE,Federal Contract Tower,0,0,0,0,0,0,0,78,0,78,0,0,78,0,78,192,0,192,270
10/19/2009,MDH,IL,AGL,CE,Federal Contract Tower,0,1,7,0,8,0,1,107,0,108,0,2,114,0,116,232,0,232,348
10/20/2009,MDH,IL,AGL,CE,Federal Contract Tower,0,0,0,0,0,0,3,165,2,170,0,3,165,2,170,268,0,268,438
10/21/2009,MDH,IL,AGL,CE,Federal Contract Tower,0,1,6,0,7,0,0,185,0,185,0,1,191,0,192,320,0,320,512
10/22/2009,MDH,IL,AGL,CE,Federal Contract Tower,0,2,5,0,7,0,0,28,0,28,0,2,33,0,35,100,0,100,135
10/23/2009,MDH,IL,AGL,CE,Federal Contract Tower,0,4,4,0,8,0,0,38,0,38,0,4,42,0,46,120,0,120,166
10/24/2009,MDH,IL,AGL,CE,Federal Contract Tower,0,2,6,0,8,0,0,68,0,68,0,2,74,0,76,94,0,94,170
10/25/2009,MDH,IL,AGL,CE,Federal Contract Tower,0,2,3,0,5,0,0,54,0,54,0,2,57,0,59,98,0,98,157
10/26/2009,MDH,IL,AGL,CE,Federal Contract Tower,0,0,2,0,2,0,0,219,0,219,0,0,221,0,221,353,0,353,574
10/27/2009,MDH,IL,AGL,CE,Federal Contract Tower,0,0,4,0,4,0,0,0,0,0,0,0,4,0,4,0,0,0,4
10/28/2009,MDH,IL,AGL,CE,Federal Contract Tower,0,3,11,0,14,0,0,45,0,45,0,3,56,0,59,124,0,124,183
10/29/2009,MDH,IL,AGL,CE,Federal Contract Tower,0,3,9,0,12,0,0,88,0,88,0,3,97,0,100,186,0,186,286
10/30/2009,MDH,IL,AGL,CE,Federal Contract Tower,0,3,5,0,8,0,0,2,0,2,0,3,7,0,10,0,0,0,10
10/31/2009,MDH,IL,AGL,CE,Federal Contract Tower,0,2,0,0,2,0,2,55,0,57,0,4,55,0,59,74,0,74,133
11/01/2009,MDH,IL,AGL,CE,Federal Contract Tower,0,4,4,0,8,0,0,95,0,95,0,4,99,0,103,162,0,162,265
11/02/2009,MDH,IL,AGL,CE,Federal Contract Tower,0,1,5,0,6,0,0,205,0,205,0,1,210,0,211,606,0,606,817
11/03/2009,MDH,IL,AGL,CE,Federal Contract Tower,0,0,1,0,1,0,0,266,0,266,0,0,267,0,267,618,0,618,885
11/04/2009,MDH,IL,AGL,CE,Federal Contract Tower,0,6,6,0,12,0,0,145,0,145,0,6,151,0,157,288,0,288,445
11/05/2009,MDH,IL,AGL,CE,Federal Contract Tower,0,3,9,2,14,0,2,255,5,262,0,5,264,7,276,618,2,620,896
11/06/2009,MDH,IL,AGL,CE,Federal Contract Tower,0,3,5,0,8,0,0,177,0,177,0,3,182,0,185,396,0,396,581
11/07/2009,MDH,IL,AGL,CE,Federal Contract Tower,0,6,8,0,14,0,0,35,0,35,0,6,43,0,49,24,0,24,73
11/08/2009,MDH,IL,AGL,CE,Federal Contract Tower,0,2,5,0,7,0,0,47,0,47,0,2,52,0,54,126,0,126,180
11/09/2009,MDH,IL,AGL,CE,Federal Contract Tower,0,1,7,0,8,0,0,210,0,210,0,1,217,0,218,404,0,404,622
11/10/2009,MDH,IL,AGL,CE,Federal Contract Tower,0,11,1,0,12,0,0,171,0,171,0,11,172,0,183,480,0,480,663
11/11/2009,MDH,IL,AGL,CE,Federal Contract Tower,0,1,0,0,1,0,1,49,0,50,0,2,49,0,51,12,0,12,63
11/12/2009,MDH,IL,AGL,CE,Federal Contract Tower,0,3,3,0,6,0,0,204,0,204,0,3,207,0,210,594,0,594,804
11/13/2009,MDH,IL,AGL,CE,Federal Contract Tower,0,4,1,0,5,0,0,183,0,183,0,4,184,0,188,402,0,402,590
11/14/2009,MDH,IL,AGL,CE,Federal Contract Tower,0,2,10,0,12,0,0,98,0,98,0,2,108,0,110,154,8,162,272
11/15/2009,MDH,IL,AGL,CE,Federal Contract Tower,0,4,4,0,8,0,1,5,0,6,0,5,9,0,14,8,0,8,22
11/16/2009,MDH,IL,AGL,CE,Federal Contract Tower,0,0,7,0,7,0,0,0,0,0,0,0,7,0,7,0,0,0,7
11/17/2009,MDH,IL,AGL,CE,Federal Contract Tower,0,2,7,0,9,0,0,20,0,20,0,2,27,0,29,68,0,68,97
11/18/2009,MDH,IL,AGL,CE,Federal Contract Tower,0,3,5,0,8,0,0,17,0,17,0,3,22,0,25,86,0,86,111
11/19/2009,MDH,IL,AGL,CE,Federal Contract Tower,0,2,8,0,10,0,6,169,0,175,0,8,177,0,185,452,0,452,637
11/20/2009,MDH,IL,AGL,CE,Federal Contract Tower,0,10,2,0,12,0,0,171,0,171,0,10,173,0,183,228,0,228,411
11/21/2009,MDH,IL,AGL,CE,Federal Contract Tower,0,4,4,0,8,0,0,45,0,45,0,4,49,0,53,38,0,38,91
11/22/2009,MDH,IL,AGL,CE,Federal Contract Tower,0,3,4,0,7,0,0,18,0,18,0,3,22,0,25,2,0,2,27
11/23/2009,MDH,IL,AGL,CE,Federal Contract Tower,0,2,5,0,7,0,0,1,0,1,0,2,6,0,8,0,0,0,8
11/24/2009,MDH,IL,AGL,CE,Federal Contract Tower,0,5,2,0,7,0,0,5,0,5,0,5,7,0,12,0,0,0,12
11/25/2009,MDH,IL,AGL,CE,Federal Contract Tower,0,3,1,0,4,0,14,10,0,24,0,17,11,0,28,20,0,20,48
11/26/2009,MDH,IL,AGL,CE,Federal Contract Tower,0,1,0,0,1,0,0,0,0,0,0,1,0,0,1,0,0,0,1
11/27/2009,MDH,IL,AGL,CE,Federal Contract Tower,0,0,3,0,3,0,1,17,0,18,0,1,20,0,21,14,0,14,35
11/28/2009,MDH,IL,AGL,CE,Federal Contract Tower,0,2,7,0,9,0,0,17,0,17,0,2,24,0,26,10,0,10,36
11/29/2009,MDH,IL,AGL,CE,Federal Contract Tower,0,9,4,0,13,0,0,3,0,3,0,9,7,0,16,0,0,0,16
11/30/2009,MDH,IL,AGL,CE,Federal Contract Tower,0,0,3,0,3,0,0,163,0,163,0,0,166,0,166,402,0,402,568
12/01/2009,MDH,IL,AGL,CE,Federal Contract Tower,0,0,4,0,4,0,0,216,0,216,0,0,220,0,220,344,0,344,564
12/02/2009,MDH,IL,AGL,CE,Federal Contract Tower,0,0,0,0,0,0,0,8,0,8,0,0,8,0,8,40,0,40,48
12/03/2009,MDH,IL,AGL,CE,Federal Contract Tower,0,1,0,0,1,0,0,154,0,154,0,1,154,0,155,394,0,394,549
12/04/2009,MDH,IL,AGL,CE,Federal Contract Tower,0,3,3,0,6,0,0,153,0,153,0,3,156,0,159,426,0,426,585
12/05/2009,MDH,IL,AGL,CE,Federal Contract Tower,0,0,4,0,4,0,2,116,0,118,0,2,120,0,122,146,0,146,268
12/06/2009,MDH,IL,AGL,CE,Federal Contract Tower,0,0,5,0,5,0,0,136,0,136,0,0,141,0,141,248,0,248,389
12/07/2009,MDH,IL,AGL,CE,Federal Contract Tower,0,4,0,0,4,0,0,115,0,115,0,4,115,0,119,258,0,258,377
12/08/2009,MDH,IL,AGL,CE,Federal Contract Tower,0,8,0,0,8,0,0,0,0,0,0,8,0,0,8,0,0,0,8
12/09/2009,MDH,IL,AGL,CE,Federal Contract Tower,0,3,0,0,3,0,0,0,0,0,0,3,0,0,3,0,0,0,3
12/10/2009,MDH,IL,AGL,CE,Federal Contract Tower,0,3,1,0,4,0,3,141,0,144,0,6,142,0,148,272,0,272,420
12/11/2009,MDH,IL,AGL,CE,Federal Contract Tower,0,5,3,0,8,0,1,134,0,135,0,6,137,0,143,200,0,200,343
12/12/2009,MDH,IL,AGL,CE,Federal Contract Tower,0,0,2,0,2,0,0,40,0,40,0,0,42,0,42,90,0,90,132
12/13/2009,MDH,IL,AGL,CE,Federal Contract Tower,0,1,4,0,5,0,0,29,0,29,0,1,33,0,34,40,0,40,74
12/14/2009,MDH,IL,AGL,CE,Federal Contract Tower,0,2,1,0,3,0,0,19,0,19,0,2,20,0,22,50,0,50,72
12/15/2009,MDH,IL,AGL,CE,Federal Contract Tower,0,3,2,0,5,0,0,100,0,100,0,3,102,0,105,202,0,202,307
12/16/2009,MDH,IL,AGL,CE,Federal Contract Tower,0,2,2,0,4,0,0,107,0,107,0,2,109,0,111,200,0,200,311
12/17/2009,MDH,IL,AGL,CE,Federal Contract Tower,0,4,3,0,7,0,4,117,0,121,0,8,120,0,128,202,0,202,330
12/18/2009,MDH,IL,AGL,CE,Federal Contract Tower,0,4,3,0,7,0,0,69,0,69,0,4,72,0,76,120,0,120,196
12/19/2009,MDH,IL,AGL,CE,Federal Contract Tower,0,2,0,0,2,0,0,0,0,0,0,2,0,0,2,0,0,0,2
12/20/2009,MDH,IL,AGL,CE,Federal Contract Tower,0,4,0,0,4,0,0,2,0,2,0,4,2,0,6,0,0,0,6
12/21/2009,MDH,IL,AGL,CE,Federal Contract Tower,0,0,0,0,0,0,0,11,0,11,0,0,11,0,11,34,0,34,45
12/22/2009,MDH,IL,AGL,CE,Federal Contract Tower,0,0,2,0,2,0,0,16,0,16,0,0,18,0,18,30,0,30,48
12/23/2009,MDH,IL,AGL,CE,Federal Contract Tower,0,2,2,0,4,0,0,8,0,8,0,2,10,0,12,0,0,0,12
12/24/2009,MDH,IL,AGL,CE,Federal Contract Tower,0,0,0,0,0,0,0,0,0,0,0,0,0,0,0,0,0,0,0
12/25/2009,MDH,IL,AGL,CE,Federal Contract Tower,0,0,0,0,0,0,0,0,0,0,0,0,0,0,0,0,0,0,0
12/26/2009,MDH,IL,AGL,CE,Federal Contract Tower,0,8,2,0,10,0,1,1,0,2,0,9,3,0,12,0,0,0,12
12/27/2009,MDH,IL,AGL,CE,Federal Contract Tower,0,4,0,0,4,0,2,4,0,6,0,6,4,0,10,0,0,0,10
12/28/2009,MDH,IL,AGL,CE,Federal Contract Tower,0,0,0,0,0,0,0,10,0,10,0,0,10,0,10,12,0,12,22
12/29/2009,MDH,IL,AGL,CE,Federal Contract Tower,0,0,1,0,1,0,0,23,0,23,0,0,24,0,24,74,0,74,98
12/30/2009,MDH,IL,AGL,CE,Federal Contract Tower,0,2,1,0,3,0,0,0,0,0,0,2,1,0,3,0,0,0,3
12/31/2009,MDH,IL,AGL,CE,Federal Contract Tower,0,5,0,0,5,0,0,0,0,0,0,5,0,0,5,0,0,0,5
01/01/2010,MDH,IL,AGL,CE,Federal Contract Tower,0,0,0,0,0,0,0,3,0,3,0,0,3,0,3,12,0,12,15
01/02/2010,MDH,IL,AGL,CE,Federal Contract Tower,0,1,2,0,3,0,2,5,0,7,0,3,7,0,10,0,0,0,10
01/03/2010,MDH,IL,AGL,CE,Federal Contract Tower,0,0,2,0,2,0,0,14,0,14,0,0,16,0,16,6,0,6,22
01/04/2010,MDH,IL,AGL,CE,Federal Contract Tower,0,3,0,0,3,0,0,4,0,4,0,3,4,0,7,4,0,4,11
01/05/2010,MDH,IL,AGL,CE,Federal Contract Tower,0,3,2,0,5,0,0,10,0,10,0,3,12,0,15,54,0,54,69
01/06/2010,MDH,IL,AGL,CE,Federal Contract Tower,0,0,0,0,0,0,0,18,0,18,0,0,18,0,18,2,0,2,20
01/07/2010,MDH,IL,AGL,CE,Federal Contract Tower,0,2,0,0,2,0,0,0,0,0,0,2,0,0,2,0,0,0,2
01/08/2010,MDH,IL,AGL,CE,Federal Contract Tower,0,3,1,0,4,0,2,0,0,2,0,5,1,0,6,0,0,0,6
01/09/2010,MDH,IL,AGL,CE,Federal Contract Tower,0,0,0,0,0,0,0,0,0,0,0,0,0,0,0,0,0,0,0
01/10/2010,MDH,IL,AGL,CE,Federal Contract Tower,0,0,0,0,0,0,0,5,0,5,0,0,5,0,5,46,0,46,51
01/11/2010,MDH,IL,AGL,CE,Federal Contract Tower,0,1,4,0,5,0,0,4,0,4,0,1,8,0,9,26,0,26,35
01/12/2010,MDH,IL,AGL,CE,Federal Contract Tower,0,1,0,0,1,0,8,7,0,15,0,9,7,0,16,8,0,8,24
01/13/2010,MDH,IL,AGL,CE,Federal Contract Tower,0,1,1,0,2,0,0,16,0,16,0,1,17,0,18,18,0,18,36
01/14/2010,MDH,IL,AGL,CE,Federal Contract Tower,0,2,3,0,5,0,0,27,0,27,0,2,30,0,32,42,0,42,74
01/15/2010,MDH,IL,AGL,CE,Federal Contract Tower,0,6,2,0,8,0,0,13,0,13,0,6,15,0,21,20,0,20,41
01/16/2010,MDH,IL,AGL,CE,Federal Contract Tower,0,3,0,0,3,0,0,0,0,0,0,3,0,0,3,0,0,0,3
01/17/2010,MDH,IL,AGL,CE,Federal Contract Tower,0,1,3,0,4,0,0,9,0,9,0,1,12,0,13,0,0,0,13
01/18/2010,MDH,IL,AGL,CE,Federal Contract Tower,0,0,0,0,0,0,0,22,0,22,0,0,22,0,22,0,0,0,22
01/19/2010,MDH,IL,AGL,CE,Federal Contract Tower,0,0,0,0,0,0,0,7,0,7,0,0,7,0,7,22,0,22,29
01/20/2010,MDH,IL,AGL,CE,Federal Contract Tower,0,2,0,0,2,0,0,2,0,2,0,2,2,0,4,8,0,8,12
01/21/2010,MDH,IL,AGL,CE,Federal Contract Tower,0,2,0,0,2,0,0,0,0,0,0,2,0,0,2,0,0,0,2
01/22/2010,MDH,IL,AGL,CE,Federal Contract Tower,0,2,7,0,9,0,0,4,0,4,0,2,11,0,13,0,0,0,13
01/23/2010,MDH,IL,AGL,CE,Federal Contract Tower,0,0,3,0,3,0,0,4,0,4,0,0,7,0,7,0,0,0,7
01/24/2010,MDH,IL,AGL,CE,Federal Contract Tower,0,1,1,0,2,0,0,0,0,0,0,1,1,0,2,0,0,0,2
01/25/2010,MDH,IL,AGL,CE,Federal Contract Tower,0,2,0,0,2,0,0,97,0,97,0,2,97,0,99,120,0,120,219
01/26/2010,MDH,IL,AGL,CE,Federal Contract Tower,0,1,0,0,1,0,2,101,0,103,0,3,101,0,104,1556,0,1556,1660
01/27/2010,MDH,IL,AGL,CE,Federal Contract Tower,0,0,0,0,0,0,0,128,0,128,0,0,128,0,128,242,0,242,370
01/28/2010,MDH,IL,AGL,CE,Federal Contract Tower,0,0,2,0,2,0,0,133,0,133,0,0,135,0,135,274,0,274,409
01/29/2010,MDH,IL,AGL,CE,Federal Contract Tower,0,1,1,0,2,0,0,28,0,28,0,1,29,0,30,96,0,96,126
01/30/2010,MDH,IL,AGL,CE,Federal Contract Tower,0,0,1,0,1,0,0,5,0,5,0,0,6,0,6,4,0,4,10
01/31/2010,MDH,IL,AGL,CE,Federal Contract Tower,0,2,4,0,6,0,0,39,0,39,0,2,43,0,45,98,0,98,143
02/01/2010,MDH,IL,AGL,CE,Federal Contract Tower,0,3,0,0,3,0,2,171,0,173,0,5,171,0,176,382,0,382,558
02/02/2010,MDH,IL,AGL,CE,Federal Contract Tower,0,5,2,0,7,0,0,125,0,125,0,5,127,0,132,318,0,318,450
02/03/2010,MDH,IL,AGL,CE,Federal Contract Tower,0,3,4,0,7,0,2,140,0,142,0,5,144,0,149,234,0,234,383
02/04/2010,MDH,IL,AGL,CE,Federal Contract Tower,0,0,2,0,2,0,0,16,0,16,0,0,18,0,18,68,0,68,86
02/05/2010,MDH,IL,AGL,CE,Federal Contract Tower,0,0,1,0,1,0,0,0,0,0,0,0,1,0,1,0,0,0,1
02/06/2010,MDH,IL,AGL,CE,Federal Contract Tower,0,2,0,0,2,0,0,3,0,3,0,2,3,0,5,10,0,10,15
02/07/2010,MDH,IL,AGL,CE,Federal Contract Tower,0,0,1,0,1,0,0,46,0,46,0,0,47,0,47,138,0,138,185
02/08/2010,MDH,IL,AGL,CE,Federal Contract Tower,0,2,0,0,2,0,0,103,0,103,0,2,103,0,105,302,0,302,407
02/09/2010,MDH,IL,AGL,CE,Federal Contract Tower,0,0,0,0,0,0,0,15,0,15,0,0,15,0,15,16,0,16,31
02/10/2010,MDH,IL,AGL,CE,Federal Contract Tower,0,3,0,0,3,0,0,67,0,67,0,3,67,0,70,180,0,180,250
02/11/2010,MDH,IL,AGL,CE,Federal Contract Tower,0,1,3,0,4,0,0,249,0,249,0,1,252,0,253,540,0,540,793
02/12/2010,MDH,IL,AGL,CE,Federal Contract Tower,0,2,0,0,2,0,0,154,0,154,0,2,154,0,156,348,0,348,504
02/13/2010,MDH,IL,AGL,CE,Federal Contract Tower,0,3,3,0,6,0,0,28,0,28,0,3,31,0,34,72,0,72,106
02/14/2010,MDH,IL,AGL,CE,Federal Contract Tower,0,2,0,0,2,0,0,0,0,0,0,2,0,0,2,0,0,0,2
02/15/2010,MDH,IL,AGL,CE,Federal Contract Tower,0,2,0,0,2,0,0,11,0,11,0,2,11,0,13,20,0,20,33
02/16/2010,MDH,IL,AGL,CE,Federal Contract Tower,0,5,0,0,5,0,2,64,2,68,0,7,64,2,73,184,0,184,257
02/17/2010,MDH,IL,AGL,CE,Federal Contract Tower,0,2,7,0,9,0,0,165,0,165,0,2,172,0,174,310,0,310,484
02/18/2010,MDH,IL,AGL,CE,Federal Contract Tower,0,2,8,0,10,0,0,239,0,239,0,2,247,0,249,518,0,518,767
02/19/2010,MDH,IL,AGL,CE,Federal Contract Tower,0,5,2,0,7,0,1,160,0,161,0,6,162,0,168,272,0,272,440
02/20/2010,MDH,IL,AGL,CE,Federal Contract Tower,0,0,2,0,2,0,0,65,0,65,0,0,67,0,67,68,0,68,135
02/21/2010,MDH,IL,AGL,CE,Federal Contract Tower,0,0,2,0,2,0,0,20,0,20,0,0,22,0,22,16,0,16,38
02/22/2010,MDH,IL,AGL,CE,Federal Contract Tower,0,2,0,0,2,0,0,18,0,18,0,2,18,0,20,100,0,100,120
02/23/2010,MDH,IL,AGL,CE,Federal Contract Tower,0,5,0,0,5,0,0,63,0,63,0,5,63,0,68,138,0,138,206
02/24/2010,MDH,IL,AGL,CE,Federal Contract Tower,0,6,0,0,6,0,0,67,0,67,0,6,67,0,73,174,0,174,247
02/25/2010,MDH,IL,AGL,CE,Federal Contract Tower,0,2,2,0,4,0,0,177,0,177,0,2,179,0,181,478,0,478,659
02/26/2010,MDH,IL,AGL,CE,Federal Contract Tower,0,7,6,0,13,0,0,116,0,116,0,7,122,0,129,160,0,160,289
02/27/2010,MDH,IL,AGL,CE,Federal Contract Tower,0,0,1,0,1,0,0,39,0,39,0,0,40,0,40,58,0,58,98
02/28/2010,MDH,IL,AGL,CE,Federal Contract Tower,0,2,0,0,2,0,0,77,0,77,0,2,77,0,79,144,0,144,223
03/01/2010,MDH,IL,AGL,CE,Federal Contract Tower,0,1,0,0,1,0,0,129,0,129,0,1,129,0,130,372,0,372,502
03/02/2010,MDH,IL,AGL,CE,Federal Contract Tower,0,5,0,0,5,0,0,20,0,20,0,5,20,0,25,70,0,70,95
03/03/2010,MDH,IL,AGL,CE,Federal Contract Tower,0,0,5,0,5,0,0,87,0,87,0,0,92,0,92,168,0,168,260
03/04/2010,MDH,IL,AGL,CE,Federal Contract Tower,0,3,2,0,5,0,0,165,0,165,0,3,167,0,170,366,0,366,536
03/05/2010,MDH,IL,AGL,CE,Federal Contract Tower,0,0,5,0,5,0,0,128,0,128,0,0,133,0,133,246,0,246,379
03/06/2010,MDH,IL,AGL,CE,Federal Contract Tower,0,1,0,0,1,0,0,38,0,38,0,1,38,0,39,46,0,46,85
03/07/2010,MDH,IL,AGL,CE,Federal Contract Tower,0,2,0,0,2,0,0,4,0,4,0,2,4,0,6,30,0,30,36
03/08/2010,MDH,IL,AGL,CE,Federal Contract Tower,0,4,3,0,7,0,0,15,0,15,0,4,18,0,22,22,0,22,44
03/09/2010,MDH,IL,AGL,CE,Federal Contract Tower,0,1,5,0,6,0,0,0,0,0,0,1,5,0,6,0,0,0,6
03/10/2010,MDH,IL,AGL,CE,Federal Contract Tower,0,0,4,0,4,0,1,4,0,5,0,1,8,0,9,0,0,0,9
03/11/2010,MDH,IL,AGL,CE,Federal Contract Tower,0,0,4,0,4,0,0,11,0,11,0,0,15,0,15,8,0,8,23
03/12/2010,MDH,IL,AGL,CE,Federal Contract Tower,0,5,1,0,6,0,0,0,0,0,0,5,1,0,6,0,0,0,6
03/13/2010,MDH,IL,AGL,CE,Federal Contract Tower,0,2,10,0,12,0,0,0,0,0,0,2,10,0,12,0,0,0,12
03/14/2010,MDH,IL,AGL,CE,Federal Contract Tower,0,1,3,0,4,0,0,2,0,2,0,1,5,0,6,0,0,0,6
03/15/2010,MDH,IL,AGL,CE,Federal Contract Tower,0,0,5,0,5,0,3,93,0,96,0,3,98,0,101,226,0,226,327
03/16/2010,MDH,IL,AGL,CE,Federal Contract Tower,0,3,3,0,6,0,2,106,0,108,0,5,109,0,114,444,0,444,558
03/17/2010,MDH,IL,AGL,CE,Federal Contract Tower,0,2,4,0,6,0,0,94,0,94,0,2,98,0,100,316,0,316,416
03/18/2010,MDH,IL,AGL,CE,Federal Contract Tower,0,7,1,0,8,0,0,177,0,177,0,7,178,0,185,642,0,642,827
03/19/2010,MDH,IL,AGL,CE,Federal Contract Tower,0,0,4,0,4,0,0,102,0,102,0,0,106,0,106,286,0,286,392
03/20/2010,MDH,IL,AGL,CE,Federal Contract Tower,0,1,0,0,1,0,0,31,0,31,0,1,31,0,32,92,0,92,124
03/21/2010,MDH,IL,AGL,CE,Federal Contract Tower,0,5,1,0,6,0,0,0,0,0,0,5,1,0,6,0,0,0,6
03/22/2010,MDH,IL,AGL,CE,Federal Contract Tower,0,8,5,0,13,0,0,48,0,48,0,8,53,0,61,192,0,192,253
03/23/2010,MDH,IL,AGL,CE,Federal Contract Tower,0,3,0,0,3,0,0,147,0,147,0,3,147,0,150,428,0,428,578
03/24/2010,MDH,IL,AGL,CE,Federal Contract Tower,0,1,8,0,9,0,0,169,0,169,0,1,177,0,178,386,0,386,564
03/25/2010,MDH,IL,AGL,CE,Federal Contract Tower,0,1,4,0,5,0,0,6,0,6,0,1,10,0,11,14,0,14,25
03/26/2010,MDH,IL,AGL,CE,Federal Contract Tower,0,2,2,0,4,0,0,153,0,153,0,2,155,0,157,318,0,318,475
03/27/2010,MDH,IL,AGL,CE,Federal Contract Tower,0,0,1,0,1,0,0,47,0,47,0,0,48,0,48,36,0,36,84
03/28/2010,MDH,IL,AGL,CE,Federal Contract Tower,0,1,5,0,6,0,0,0,0,0,0,1,5,0,6,0,0,0,6
03/29/2010,MDH,IL,AGL,CE,Federal Contract Tower,0,1,4,0,5,0,0,177,0,177,0,1,181,0,182,416,0,416,598
03/30/2010,MDH,IL,AGL,CE,Federal Contract Tower,0,0,2,0,2,0,0,122,0,122,0,0,124,0,124,242,0,242,366
03/31/2010,MDH,IL,AGL,CE,Federal Contract Tower,0,3,1,0,4,0,0,40,0,40,0,3,41,0,44,26,0,26,70
04/01/2010,MDH,IL,AGL,CE,Federal Contract Tower,0,3,10,0,13,0,1,87,0,88,0,4,97,0,101,144,0,144,245
04/02/2010,MDH,IL,AGL,CE,Federal Contract Tower,0,0,1,0,1,0,0,90,0,90,0,0,91,0,91,176,0,176,267
04/03/2010,MDH,IL,AGL,CE,Federal Contract Tower,0,0,3,0,3,0,0,11,0,11,0,0,14,0,14,6,0,6,20
04/04/2010,MDH,IL,AGL,CE,Federal Contract Tower,0,4,3,0,7,0,0,17,0,17,0,4,20,0,24,0,0,0,24
04/05/2010,MDH,IL,AGL,CE,Federal Contract Tower,0,1,3,0,4,0,0,78,0,78,0,1,81,0,82,170,0,170,252
04/06/2010,MDH,IL,AGL,CE,Federal Contract Tower,0,0,2,0,2,0,0,3,0,3,0,0,5,0,5,0,0,0,5
04/07/2010,MDH,IL,AGL,CE,Federal Contract Tower,0,2,2,0,4,1,0,0,0,1,1,2,2,0,5,0,0,0,5
04/08/2010,MDH,IL,AGL,CE,Federal Contract Tower,0,6,2,0,8,0,0,205,0,205,0,6,207,0,213,570,0,570,783
04/09/2010,MDH,IL,AGL,CE,Federal Contract Tower,0,4,7,0,11,0,0,229,0,229,0,4,236,0,240,396,0,396,636
04/10/2010,MDH,IL,AGL,CE,Federal Contract Tower,0,1,1,0,2,0,0,69,0,69,0,1,70,0,71,64,0,64,135
04/11/2010,MDH,IL,AGL,CE,Federal Contract Tower,0,1,5,0,6,0,0,56,0,56,0,1,61,0,62,62,0,62,124
04/12/2010,MDH,IL,AGL,CE,Federal Contract Tower,0,4,2,0,6,0,0,193,0,193,0,4,195,0,199,314,0,314,513
04/13/2010,MDH,IL,AGL,CE,Federal Contract Tower,0,1,2,0,3,0,0,188,0,188,0,1,190,0,191,388,0,388,579
04/14/2010,MDH,IL,AGL,CE,Federal Contract Tower,0,5,1,0,6,0,0,181,0,181,0,5,182,0,187,324,0,324,511
04/15/2010,MDH,IL,AGL,CE,Federal Contract Tower,0,2,8,0,10,0,1,190,0,191,0,3,198,0,201,406,0,406,607
04/16/2010,MDH,IL,AGL,CE,Federal Contract Tower,0,3,0,0,3,0,0,91,0,91,0,3,91,0,94,150,0,150,244
04/17/2010,MDH,IL,AGL,CE,Federal Contract Tower,0,2,3,0,5,0,0,58,0,58,0,2,61,0,63,118,0,118,181
04/18/2010,MDH,IL,AGL,CE,Federal Contract Tower,0,0,6,0,6,0,0,39,0,39,0,0,45,0,45,46,0,46,91
04/19/2010,MDH,IL,AGL,CE,Federal Contract Tower,0,0,6,0,6,0,0,138,0,138,0,0,144,0,144,461,0,461,605
04/20/2010,MDH,IL,AGL,CE,Federal Contract Tower,0,8,2,0,10,0,0,154,0,154,0,8,156,0,164,428,0,428,592
04/21/2010,MDH,IL,AGL,CE,Federal Contract Tower,0,5,0,0,5,0,0,142,0,142,0,5,142,0,147,274,0,274,421
04/22/2010,MDH,IL,AGL,CE,Federal Contract Tower,0,4,4,0,8,0,0,174,0,174,0,4,178,0,182,386,0,386,568
04/23/2010,MDH,IL,AGL,CE,Federal Contract Tower,0,1,8,0,9,0,0,52,0,52,0,1,60,0,61,86,0,86,147
04/24/2010,MDH,IL,AGL,CE,Federal Contract Tower,2,2,0,0,4,0,0,0,0,0,2,2,0,0,4,0,0,0,4
04/25/2010,MDH,IL,AGL,CE,Federal Contract Tower,0,2,9,0,11,0,0,1,0,1,0,2,10,0,12,0,0,0,12
04/26/2010,MDH,IL,AGL,CE,Federal Contract Tower,0,0,10,0,10,0,0,75,0,75,0,0,85,0,85,243,0,243,328
04/27/2010,MDH,IL,AGL,CE,Federal Contract Tower,0,0,8,0,8,0,0,89,0,89,0,0,97,0,97,256,0,256,353
04/28/2010,MDH,IL,AGL,CE,Federal Contract Tower,0,4,3,0,7,0,0,204,0,204,0,4,207,0,211,432,0,432,643
04/29/2010,MDH,IL,AGL,CE,Federal Contract Tower,0,0,0,0,0,0,0,20,0,20,0,0,20,0,20,26,0,26,46
04/30/2010,MDH,IL,AGL,CE,Federal Contract Tower,0,4,2,0,6,0,0,10,0,10,0,4,12,0,16,46,0,46,62
05/01/2010,MDH,IL,AGL,CE,Federal Contract Tower,0,7,0,0,7,0,0,0,0,0,0,7,0,0,7,0,0,0,7
05/02/2010,MDH,IL,AGL,CE,Federal Contract Tower,0,6,0,0,6,0,0,57,0,57,0,6,57,0,63,132,0,132,195
05/03/2010,MDH,IL,AGL,CE,Federal Contract Tower,0,6,1,0,7,0,0,108,0,108,0,6,109,0,115,212,0,212,327
05/04/2010,MDH,IL,AGL,CE,Federal Contract Tower,0,1,5,0,6,0,0,194,0,194,0,1,199,0,200,534,0,534,734
05/05/2010,MDH,IL,AGL,CE,Federal Contract Tower,0,3,1,0,4,0,1,140,0,141,0,4,141,0,145,264,0,264,409
05/06/2010,MDH,IL,AGL,CE,Federal Contract Tower,0,2,4,0,6,0,0,193,0,193,0,2,197,0,199,320,0,320,519
05/07/2010,MDH,IL,AGL,CE,Federal Contract Tower,0,2,5,0,7,0,0,31,0,31,0,2,36,0,38,50,0,50,88
05/08/2010,MDH,IL,AGL,CE,Federal Contract Tower,0,6,1,0,7,0,0,18,0,18,0,6,19,0,25,6,0,6,31
05/09/2010,MDH,IL,AGL,CE,Federal Contract Tower,0,0,0,0,0,0,0,142,0,142,0,0,142,0,142,268,0,268,410
05/10/2010,MDH,IL,AGL,CE,Federal Contract Tower,0,4,2,0,6,0,0,30,0,30,0,4,32,0,36,28,0,28,64
05/11/2010,MDH,IL,AGL,CE,Federal Contract Tower,0,6,3,0,9,0,0,70,0,70,0,6,73,0,79,164,0,164,243
05/12/2010,MDH,IL,AGL,CE,Federal Contract Tower,0,5,2,0,7,0,0,65,0,65,0,5,67,0,72,238,0,238,310
05/13/2010,MDH,IL,AGL,CE,Federal Contract Tower,0,1,1,0,2,0,0,98,0,98,0,1,99,0,100,292,4,296,396
05/14/2010,MDH,IL,AGL,CE,Federal Contract Tower,0,6,1,0,7,0,0,33,0,33,0,6,34,0,40,52,0,52,92
05/15/2010,MDH,IL,AGL,CE,Federal Contract Tower,0,2,5,0,7,0,0,5,0,5,0,2,10,0,12,0,0,0,12
05/16/2010,MDH,IL,AGL,CE,Federal Contract Tower,0,3,3,0,6,0,0,2,0,2,0,3,5,0,8,0,0,0,8
05/17/2010,MDH,IL,AGL,CE,Federal Contract Tower,0,4,2,0,6,0,0,8,0,8,0,4,10,0,14,56,0,56,70
05/18/2010,MDH,IL,AGL,CE,Federal Contract Tower,0,0,6,0,6,0,1,75,0,76,0,1,81,0,82,186,0,186,268
05/19/2010,MDH,IL,AGL,CE,Federal Contract Tower,0,8,3,0,11,0,0,65,0,65,0,8,68,0,76,156,0,156,232
05/20/2010,MDH,IL,AGL,CE,Federal Contract Tower,0,4,0,0,4,0,0,0,0,0,0,4,0,0,4,0,0,0,4
05/21/2010,MDH,IL,AGL,CE,Federal Contract Tower,0,2,4,0,6,0,0,43,0,43,0,2,47,0,49,70,0,70,119
05/22/2010,MDH,IL,AGL,CE,Federal Contract Tower,0,8,2,0,10,0,0,22,0,22,0,8,24,0,32,2,0,2,34
05/23/2010,MDH,IL,AGL,CE,Federal Contract Tower,0,0,0,0,0,0,0,13,0,13,0,0,13,0,13,10,0,10,23
05/24/2010,MDH,IL,AGL,CE,Federal Contract Tower,0,3,2,0,5,0,0,82,0,82,0,3,84,0,87,196,0,196,283
05/25/2010,MDH,IL,AGL,CE,Federal Contract Tower,0,4,7,0,11,0,0,82,0,82,0,4,89,0,93,162,0,162,255
05/26/2010,MDH,IL,AGL,CE,Federal Contract Tower,0,1,3,0,4,0,0,64,4,68,0,1,67,4,72,128,0,128,200
05/27/2010,MDH,IL,AGL,CE,Federal Contract Tower,0,0,1,0,1,0,0,70,0,70,0,0,71,0,71,140,0,140,211
05/28/2010,MDH,IL,AGL,CE,Federal Contract Tower,0,0,2,0,2,0,0,75,0,75,0,0,77,0,77,84,0,84,161
05/29/2010,MDH,IL,AGL,CE,Federal Contract Tower,0,2,2,0,4,0,1,19,0,20,0,3,21,0,24,36,0,36,60
05/30/2010,MDH,IL,AGL,CE,Federal Contract Tower,0,0,0,0,0,0,0,12,0,12,0,0,12,0,12,2,0,2,14
05/31/2010,MDH,IL,AGL,CE,Federal Contract Tower,0,0,0,0,0,0,0,2,2,4,0,0,2,2,4,0,0,0,4
06/01/2010,MDH,IL,AGL,CE,Federal Contract Tower,0,3,4,0,7,0,1,78,2,81,0,4,82,2,88,134,0,134,222
06/02/2010,MDH,IL,AGL,CE,Federal Contract Tower,0,1,0,0,1,0,0,50,0,50,0,1,50,0,51,134,0,134,185
06/03/2010,MDH,IL,AGL,CE,Federal Contract Tower,0,0,0,0,0,0,0,49,0,49,0,0,49,0,49,72,6,78,127
06/04/2010,MDH,IL,AGL,CE,Federal Contract Tower,0,2,2,0,4,0,0,46,0,46,0,2,48,0,50,116,0,116,166
06/05/2010,MDH,IL,AGL,CE,Federal Contract Tower,0,0,4,0,4,0,0,6,0,6,0,0,10,0,10,6,0,6,16
06/06/2010,MDH,IL,AGL,CE,Federal Contract Tower,0,0,3,0,3,0,0,5,0,5,0,0,8,0,8,4,0,4,12
06/07/2010,MDH,IL,AGL,CE,Federal Contract Tower,0,2,3,0,5,0,0,77,0,77,0,2,80,0,82,144,0,144,226
06/08/2010,MDH,IL,AGL,CE,Federal Contract Tower,0,2,0,0,2,0,0,53,0,53,0,2,53,0,55,98,0,98,153
06/09/2010,MDH,IL,AGL,CE,Federal Contract Tower,0,10,4,0,14,0,1,41,0,42,0,11,45,0,56,54,0,54,110
06/10/2010,MDH,IL,AGL,CE,Federal Contract Tower,0,4,2,0,6,0,2,65,0,67,0,6,67,0,73,190,0,190,263
06/11/2010,MDH,IL,AGL,CE,Federal Contract Tower,0,2,4,0,6,0,0,25,0,25,0,2,29,0,31,48,0,48,79
06/12/2010,MDH,IL,AGL,CE,Federal Contract Tower,0,1,4,0,5,0,2,10,0,12,0,3,14,0,17,6,0,6,23
06/13/2010,MDH,IL,AGL,CE,Federal Contract Tower,0,0,4,0,4,0,0,18,0,18,0,0,22,0,22,14,0,14,36
06/14/2010,MDH,IL,AGL,CE,Federal Contract Tower,0,3,3,0,6,0,0,39,0,39,0,3,42,0,45,90,0,90,135
06/15/2010,MDH,IL,AGL,CE,Federal Contract Tower,0,2,0,0,2,0,0,38,0,38,0,2,38,0,40,33,0,33,73
06/16/2010,MDH,IL,AGL,CE,Federal Contract Tower,0,0,4,0,4,0,2,85,0,87,0,2,89,0,91,138,0,138,229
06/17/2010,MDH,IL,AGL,CE,Federal Contract Tower,0,2,1,0,3,0,0,84,0,84,0,2,85,0,87,172,0,172,259
06/18/2010,MDH,IL,AGL,CE,Federal Contract Tower,0,8,6,0,14,0,0,60,2,62,0,8,66,2,76,124,0,124,200
06/19/2010,MDH,IL,AGL,CE,Federal Contract Tower,0,1,4,0,5,0,0,36,0,36,0,1,40,0,41,18,0,18,59
06/20/2010,MDH,IL,AGL,CE,Federal Contract Tower,0,0,2,0,2,0,0,28,0,28,0,0,30,0,30,0,0,0,30
06/21/2010,MDH,IL,AGL,CE,Federal Contract Tower,0,0,5,0,5,0,0,63,0,63,0,0,68,0,68,150,0,150,218
06/22/2010,MDH,IL,AGL,CE,Federal Contract Tower,0,7,0,0,7,0,2,84,0,86,0,9,84,0,93,176,0,176,269
06/23/2010,MDH,IL,AGL,CE,Federal Contract Tower,0,2,4,0,6,0,0,153,0,153,0,2,157,0,159,248,0,248,407
06/24/2010,MDH,IL,AGL,CE,Federal Contract Tower,0,0,6,0,6,0,0,98,0,98,0,0,104,0,104,162,0,162,266
06/25/2010,MDH,IL,AGL,CE,Federal Contract Tower,0,6,6,0,12,0,2,85,0,87,0,8,91,0,99,134,0,134,233
06/26/2010,MDH,IL,AGL,CE,Federal Contract Tower,0,9,3,0,12,0,0,50,0,50,0,9,53,0,62,2,0,2,64
06/27/2010,MDH,IL,AGL,CE,Federal Contract Tower,0,2,2,0,4,0,0,1,0,1,0,2,3,0,5,8,0,8,13
06/28/2010,MDH,IL,AGL,CE,Federal Contract Tower,0,5,3,0,8,0,0,66,0,66,0,5,69,0,74,122,0,122,196
06/29/2010,MDH,IL,AGL,CE,Federal Contract Tower,0,6,3,0,9,0,3,104,0,107,0,9,107,0,116,152,0,152,268
06/30/2010,MDH,IL,AGL,CE,Federal Contract Tower,0,3,3,0,6,0,0,60,0,60,0,3,63,0,66,46,2,48,114
07/01/2010,MDH,IL,AGL,CE,Federal Contract Tower,0,5,2,0,7,0,0,74,0,74,0,5,76,0,81,90,0,90,171
07/02/2010,MDH,IL,AGL,CE,Federal Contract Tower,0,1,2,0,3,0,0,44,0,44,0,1,46,0,47,108,0,108,155
07/03/2010,MDH,IL,AGL,CE,Federal Contract Tower,0,0,5,0,5,0,0,28,0,28,0,0,33,0,33,0,0,0,33
07/04/2010,MDH,IL,AGL,CE,Federal Contract Tower,0,2,0,0,2,0,0,11,0,11,0,2,11,0,13,6,0,6,19
07/05/2010,MDH,IL,AGL,CE,Federal Contract Tower,0,3,1,0,4,0,0,27,0,27,0,3,28,0,31,24,0,24,55
07/06/2010,MDH,IL,AGL,CE,Federal Contract Tower,0,2,0,0,2,0,0,64,0,64,0,2,64,0,66,162,0,162,228
07/07/2010,MDH,IL,AGL,CE,Federal Contract Tower,0,4,3,0,7,0,2,59,0,61,0,6,62,0,68,110,0,110,178
07/08/2010,MDH,IL,AGL,CE,Federal Contract Tower,0,2,4,0,6,0,0,56,0,56,0,2,60,0,62,108,0,108,170
07/09/2010,MDH,IL,AGL,CE,Federal Contract Tower,0,2,11,0,13,0,0,18,0,18,0,2,29,0,31,28,0,28,59
07/10/2010,MDH,IL,AGL,CE,Federal Contract Tower,0,0,2,0,2,0,0,15,0,15,0,0,17,0,17,4,8,12,29
07/11/2010,MDH,IL,AGL,CE,Federal Contract Tower,0,4,2,0,6,0,0,7,0,7,0,4,9,0,13,0,0,0,13
07/12/2010,MDH,IL,AGL,CE,Federal Contract Tower,0,2,8,0,10,0,2,43,0,45,0,4,51,0,55,76,0,76,131
07/13/2010,MDH,IL,AGL,CE,Federal Contract Tower,0,1,7,0,8,0,0,55,0,55,0,1,62,0,63,66,0,66,129
07/14/2010,MDH,IL,AGL,CE,Federal Contract Tower,0,5,1,0,6,0,0,72,0,72,0,5,73,0,78,102,0,102,180
07/15/2010,MDH,IL,AGL,CE,Federal Contract Tower,0,6,6,0,12,0,2,72,0,74,0,8,78,0,86,124,0,124,210
07/16/2010,MDH,IL,AGL,CE,Federal Contract Tower,0,2,0,0,2,0,0,54,0,54,0,2,54,0,56,56,0,56,112
07/17/2010,MDH,IL,AGL,CE,Federal Contract Tower,0,3,2,0,5,0,0,27,0,27,0,3,29,0,32,8,0,8,40
07/18/2010,MDH,IL,AGL,CE,Federal Contract Tower,0,3,0,0,3,0,0,6,0,6,0,3,6,0,9,4,0,4,13
07/19/2010,MDH,IL,AGL,CE,Federal Contract Tower,0,2,0,0,2,0,0,33,0,33,0,2,33,0,35,66,0,66,101
07/20/2010,MDH,IL,AGL,CE,Federal Contract Tower,0,0,4,0,4,0,2,42,0,44,0,2,46,0,48,116,0,116,164
07/21/2010,MDH,IL,AGL,CE,Federal Contract Tower,0,1,3,0,4,0,0,48,0,48,0,1,51,0,52,88,0,88,140
07/22/2010,MDH,IL,AGL,CE,Federal Contract Tower,0,0,2,0,2,0,5,65,0,70,0,5,67,0,72,122,0,122,194
07/23/2010,MDH,IL,AGL,CE,Federal Contract Tower,0,4,4,0,8,0,0,47,0,47,0,4,51,0,55,170,0,170,225
07/24/2010,MDH,IL,AGL,CE,Federal Contract Tower,0,1,3,0,4,0,0,31,0,31,0,1,34,0,35,36,0,36,71
07/25/2010,MDH,IL,AGL,CE,Federal Contract Tower,0,1,0,0,1,0,0,19,0,19,0,1,19,0,20,12,0,12,32
07/26/2010,MDH,IL,AGL,CE,Federal Contract Tower,0,0,1,0,1,0,0,55,0,55,0,0,56,0,56,140,0,140,196
07/27/2010,MDH,IL,AGL,CE,Federal Contract Tower,0,0,5,0,5,0,0,64,0,64,0,0,69,0,69,120,0,120,189
07/28/2010,MDH,IL,AGL,CE,Federal Contract Tower,0,8,3,0,11,0,0,39,0,39,0,8,42,0,50,40,0,40,90
07/29/2010,MDH,IL,AGL,CE,Federal Contract Tower,0,7,6,0,13,0,0,59,0,59,0,7,65,0,72,60,0,60,132
07/30/2010,MDH,IL,AGL,CE,Federal Contract Tower,0,8,5,0,13,0,0,35,0,35,0,8,40,0,48,68,0,68,116
07/31/2010,MDH,IL,AGL,CE,Federal Contract Tower,0,0,0,0,0,0,0,18,0,18,0,0,18,0,18,24,0,24,42
08/01/2010,MDH,IL,AGL,CE,Federal Contract Tower,0,6,1,0,7,0,0,20,0,20,0,6,21,0,27,0,0,0,27
08/02/2010,MDH,IL,AGL,CE,Federal Contract Tower,0,0,3,0,3,0,0,118,0,118,0,0,121,0,121,210,0,210,331
08/03/2010,MDH,IL,AGL,CE,Federal Contract Tower,0,3,2,0,5,0,0,61,0,61,0,3,63,0,66,112,0,112,178
08/04/2010,MDH,IL,AGL,CE,Federal Contract Tower,0,0,2,0,2,0,0,35,0,35,0,0,37,0,37,64,0,64,101
08/05/2010,MDH,IL,AGL,CE,Federal Contract Tower,0,2,2,0,4,0,0,16,0,16,0,2,18,0,20,46,0,46,66
08/06/2010,MDH,IL,AGL,CE,Federal Contract Tower,0,2,7,0,9,0,0,46,0,46,0,2,53,0,55,52,0,52,107
08/07/2010,MDH,IL,AGL,CE,Federal Contract Tower,0,2,2,0,4,0,0,24,0,24,0,2,26,0,28,20,0,20,48
08/08/2010,MDH,IL,AGL,CE,Federal Contract Tower,0,1,3,0,4,0,0,10,0,10,0,1,13,0,14,0,0,0,14
08/09/2010,MDH,IL,AGL,CE,Federal Contract Tower,0,0,0,0,0,0,0,9,0,9,0,0,9,0,9,18,0,18,27
08/10/2010,MDH,IL,AGL,CE,Federal Contract Tower,0,0,0,0,0,0,0,10,0,10,0,0,10,0,10,10,0,10,20
08/11/2010,MDH,IL,AGL,CE,Federal Contract Tower,0,3,0,0,3,0,3,6,0,9,0,6,6,0,12,8,0,8,20
08/12/2010,MDH,IL,AGL,CE,Federal Contract Tower,0,0,0,0,0,0,0,13,0,13,0,0,13,0,13,0,0,0,13
08/13/2010,MDH,IL,AGL,CE,Federal Contract Tower,0,3,3,0,6,0,0,24,0,24,0,3,27,0,30,22,0,22,52
08/14/2010,MDH,IL,AGL,CE,Federal Contract Tower,0,1,0,0,1,0,0,20,0,20,0,1,20,0,21,4,0,4,25
08/15/2010,MDH,IL,AGL,CE,Federal Contract Tower,0,2,2,0,4,0,0,8,0,8,0,2,10,0,12,2,0,2,14
08/16/2010,MDH,IL,AGL,CE,Federal Contract Tower,0,0,1,0,1,0,2,18,0,20,0,2,19,0,21,4,0,4,25
08/17/2010,MDH,IL,AGL,CE,Federal Contract Tower,0,4,0,0,4,0,0,22,0,22,0,4,22,0,26,22,0,22,48
08/18/2010,MDH,IL,AGL,CE,Federal Contract Tower,0,0,6,0,6,0,0,38,0,38,0,0,44,0,44,50,0,50,94
08/19/2010,MDH,IL,AGL,CE,Federal Contract Tower,0,2,0,0,2,0,0,52,0,52,0,2,52,0,54,116,0,116,170
08/20/2010,MDH,IL,AGL,CE,Federal Contract Tower,0,4,6,0,10,0,0,16,0,16,0,4,22,0,26,34,0,34,60
08/21/2010,MDH,IL,AGL,CE,Federal Contract Tower,0,2,0,0,2,0,0,2,0,2,0,2,2,0,4,4,0,4,8
08/22/2010,MDH,IL,AGL,CE,Federal Contract Tower,0,0,0,0,0,0,0,15,0,15,0,0,15,0,15,0,0,0,15
08/23/2010,MDH,IL,AGL,CE,Federal Contract Tower,0,0,0,0,0,0,0,21,0,21,0,0,21,0,21,48,0,48,69
08/24/2010,MDH,IL,AGL,CE,Federal Contract Tower,0,4,4,0,8,0,0,46,0,46,0,4,50,0,54,60,0,60,114
08/25/2010,MDH,IL,AGL,CE,Federal Contract Tower,0,4,0,0,4,0,2,96,0,98,0,6,96,0,102,284,0,284,386
08/26/2010,MDH,IL,AGL,CE,Federal Contract Tower,0,0,2,0,2,0,0,132,0,132,0,0,134,0,134,272,0,272,406
08/27/2010,MDH,IL,AGL,CE,Federal Contract Tower,0,0,5,0,5,0,0,116,0,116,0,0,121,0,121,160,0,160,281
08/28/2010,MDH,IL,AGL,CE,Federal Contract Tower,0,6,2,0,8,0,0,34,0,34,0,6,36,0,42,22,0,22,64
08/29/2010,MDH,IL,AGL,CE,Federal Contract Tower,0,9,0,0,9,0,0,35,0,35,0,9,35,0,44,30,0,30,74
08/30/2010,MDH,IL,AGL,CE,Federal Contract Tower,0,2,2,0,4,0,0,53,1,54,0,2,55,1,58,138,0,138,196
08/31/2010,MDH,IL,AGL,CE,Federal Contract Tower,0,0,0,0,0,0,0,151,0,151,0,0,151,0,151,204,0,204,355
09/01/2010,MDH,IL,AGL,CE,Federal Contract Tower,0,3,3,0,6,0,0,123,0,123,0,3,126,0,129,128,0,128,257
09/02/2010,MDH,IL,AGL,CE,Federal Contract Tower,0,5,1,0,6,0,0,115,0,115,0,5,116,0,121,262,10,272,393
09/03/2010,MDH,IL,AGL,CE,Federal Contract Tower,0,1,3,0,4,0,0,131,0,131,0,1,134,0,135,184,0,184,319
09/04/2010,MDH,IL,AGL,CE,Federal Contract Tower,0,1,1,0,2,0,0,50,0,50,0,1,51,0,52,68,0,68,120
09/05/2010,MDH,IL,AGL,CE,Federal Contract Tower,0,3,0,0,3,0,0,34,0,34,0,3,34,0,37,28,0,28,65
09/06/2010,MDH,IL,AGL,CE,Federal Contract Tower,0,6,2,0,8,0,0,11,0,11,0,6,13,0,19,22,0,22,41
09/07/2010,MDH,IL,AGL,CE,Federal Contract Tower,0,0,1,0,1,0,0,127,0,127,0,0,128,0,128,266,0,266,394
09/08/2010,MDH,IL,AGL,CE,Federal Contract Tower,0,4,1,0,5,0,0,173,0,173,0,4,174,0,178,348,0,348,526
09/09/2010,MDH,IL,AGL,CE,Federal Contract Tower,0,0,3,0,3,0,0,71,0,71,0,0,74,0,74,158,0,158,232
09/10/2010,MDH,IL,AGL,CE,Federal Contract Tower,0,3,11,0,14,0,0,2,0,2,0,3,13,0,16,2,0,2,18
09/11/2010,MDH,IL,AGL,CE,Federal Contract Tower,0,8,4,0,12,0,0,3,0,3,0,8,7,0,15,0,0,0,15
09/12/2010,MDH,IL,AGL,CE,Federal Contract Tower,0,1,1,0,2,0,0,42,0,42,0,1,43,0,44,48,0,48,92
09/13/2010,MDH,IL,AGL,CE,Federal Contract Tower,0,4,0,0,4,0,0,197,0,197,0,4,197,0,201,334,0,334,535
09/14/2010,MDH,IL,AGL,CE,Federal Contract Tower,0,6,2,0,8,0,0,174,0,174,0,6,176,0,182,368,0,368,550
09/15/2010,MDH,IL,AGL,CE,Federal Contract Tower,0,4,7,0,11,0,1,186,2,189,0,5,193,2,200,296,2,298,498
09/16/2010,MDH,IL,AGL,CE,Federal Contract Tower,0,0,2,0,2,0,0,148,0,148,0,0,150,0,150,414,0,414,564
09/17/2010,MDH,IL,AGL,CE,Federal Contract Tower,2,0,4,0,6,0,0,186,0,186,2,0,190,0,192,444,0,444,636
09/18/2010,MDH,IL,AGL,CE,Federal Contract Tower,0,3,2,0,5,0,0,83,0,83,0,3,85,0,88,276,0,276,364
09/19/2010,MDH,IL,AGL,CE,Federal Contract Tower,0,3,1,0,4,0,0,138,0,138,0,3,139,0,142,306,0,306,448
09/20/2010,MDH,IL,AGL,CE,Federal Contract Tower,0,3,0,0,3,0,0,146,0,146,0,3,146,0,149,324,0,324,473
09/21/2010,MDH,IL,AGL,CE,Federal Contract Tower,0,1,4,0,5,0,0,154,0,154,0,1,158,0,159,472,0,472,631
09/22/2010,MDH,IL,AGL,CE,Federal Contract Tower,0,3,0,0,3,0,0,154,0,154,0,3,154,0,157,302,0,302,459
09/23/2010,MDH,IL,AGL,CE,Federal Contract Tower,0,0,4,0,4,0,0,121,0,121,0,0,125,0,125,254,0,254,379
09/24/2010,MDH,IL,AGL,CE,Federal Contract Tower,0,10,12,0,22,0,0,32,0,32,0,10,44,0,54,48,0,48,102
09/25/2010,MDH,IL,AGL,CE,Federal Contract Tower,0,6,5,0,11,0,0,59,0,59,0,6,64,0,70,68,0,68,138
09/26/2010,MDH,IL,AGL,CE,Federal Contract Tower,0,5,9,0,14,0,0,28,0,28,0,5,37,0,42,42,0,42,84
09/27/2010,MDH,IL,AGL,CE,Federal Contract Tower,0,0,3,0,3,0,0,160,0,160,0,0,163,0,163,664,0,664,827
09/28/2010,MDH,IL,AGL,CE,Federal Contract Tower,0,7,0,0,7,0,0,195,0,195,0,7,195,0,202,494,0,494,696
09/29/2010,MDH,IL,AGL,CE,Federal Contract Tower,0,2,3,0,5,0,0,173,0,173,0,2,176,0,178,362,0,362,540
09/30/2010,MDH,IL,AGL,CE,Federal Contract Tower,0,1,1,0,2,0,0,180,0,180,0,1,181,0,182,578,0,578,760
10/01/2010,MDH,IL,AGL,CE,Federal Contract Tower,0,3,6,0,9,0,4,147,0,151,0,7,153,0,160,272,0,272,432
10/02/2010,MDH,IL,AGL,CE,Federal Contract Tower,0,3,1,0,4,0,0,47,0,47,0,3,48,0,51,20,0,20,71
10/03/2010,MDH,IL,AGL,CE,Federal Contract Tower,0,3,1,0,4,0,0,116,0,116,0,3,117,0,120,268,0,268,388
10/04/2010,MDH,IL,AGL,CE,Federal Contract Tower,0,3,0,1,4,0,1,168,0,169,0,4,168,1,173,507,0,507,680
10/05/2010,MDH,IL,AGL,CE,Federal Contract Tower,0,3,4,0,7,0,0,196,0,196,0,3,200,0,203,508,0,508,711
10/06/2010,MDH,IL,AGL,CE,Federal Contract Tower,0,0,1,0,1,0,0,172,0,172,0,0,173,0,173,302,0,302,475
10/07/2010,MDH,IL,AGL,CE,Federal Contract Tower,0,3,5,0,8,0,0,268,0,268,0,3,273,0,276,792,0,792,1068
10/08/2010,MDH,IL,AGL,CE,Federal Contract Tower,0,4,4,0,8,0,0,127,0,127,0,4,131,0,135,230,0,230,365
10/09/2010,MDH,IL,AGL,CE,Federal Contract Tower,2,1,3,0,6,0,0,78,0,78,2,1,81,0,84,22,0,22,106
10/10/2010,MDH,IL,AGL,CE,Federal Contract Tower,0,1,6,0,7,0,0,47,2,49,0,1,53,2,56,52,0,52,108
10/11/2010,MDH,IL,AGL,CE,Federal Contract Tower,0,6,4,0,10,0,0,145,0,145,0,6,149,0,155,366,0,366,521
10/12/2010,MDH,IL,AGL,CE,Federal Contract Tower,0,7,2,0,9,0,0,122,0,122,0,7,124,0,131,231,0,231,362
10/13/2010,MDH,IL,AGL,CE,Federal Contract Tower,0,0,1,0,1,0,0,84,0,84,0,0,85,0,85,198,0,198,283
10/14/2010,MDH,IL,AGL,CE,Federal Contract Tower,0,2,1,0,3,0,0,200,0,200,0,2,201,0,203,608,0,608,811
10/15/2010,MDH,IL,AGL,CE,Federal Contract Tower,0,6,3,0,9,0,0,133,0,133,0,6,136,0,142,208,0,208,350
10/16/2010,MDH,IL,AGL,CE,Federal Contract Tower,0,6,3,0,9,0,0,40,0,40,0,6,43,0,49,18,0,18,67
10/17/2010,MDH,IL,AGL,CE,Federal Contract Tower,0,2,4,0,6,0,0,43,0,43,0,2,47,0,49,32,0,32,81
10/18/2010,MDH,IL,AGL,CE,Federal Contract Tower,0,0,0,0,0,0,0,142,0,142,0,0,142,0,142,330,0,330,472
10/19/2010,MDH,IL,AGL,CE,Federal Contract Tower,0,0,6,0,6,0,0,151,0,151,0,0,157,0,157,360,0,360,517
10/20/2010,MDH,IL,AGL,CE,Federal Contract Tower,0,10,2,0,12,0,0,136,0,136,0,10,138,0,148,244,0,244,392
10/21/2010,MDH,IL,AGL,CE,Federal Contract Tower,0,0,1,0,1,0,1,162,0,163,0,1,163,0,164,482,0,482,646
10/22/2010,MDH,IL,AGL,CE,Federal Contract Tower,0,7,3,0,10,0,0,168,0,168,0,7,171,0,178,330,0,330,508
10/23/2010,MDH,IL,AGL,CE,Federal Contract Tower,0,1,3,0,4,0,0,12,0,12,0,1,15,0,16,0,2,2,18
10/24/2010,MDH,IL,AGL,CE,Federal Contract Tower,0,2,0,0,2,0,0,5,0,5,0,2,5,0,7,6,0,6,13
10/25/2010,MDH,IL,AGL,CE,Federal Contract Tower,0,1,3,0,4,0,0,50,0,50,0,1,53,0,54,92,0,92,146
10/26/2010,MDH,IL,AGL,CE,Federal Contract Tower,0,1,1,0,2,0,0,20,0,20,0,1,21,0,22,56,0,56,78
10/27/2010,MDH,IL,AGL,CE,Federal Contract Tower,0,2,0,0,2,0,0,103,0,103,0,2,103,0,105,140,0,140,245
10/28/2010,MDH,IL,AGL,CE,Federal Contract Tower,0,8,4,0,12,0,0,145,0,145,0,8,149,0,157,374,0,374,531
10/29/2010,MDH,IL,AGL,CE,Federal Contract Tower,0,9,2,0,11,0,0,160,2,162,0,9,162,2,173,554,0,554,727
10/30/2010,MDH,IL,AGL,CE,Federal Contract Tower,0,3,10,0,13,0,0,24,0,24,0,3,34,0,37,40,0,40,77
10/31/2010,MDH,IL,AGL,CE,Federal Contract Tower,0,4,2,0,6,0,0,41,0,41,0,4,43,0,47,60,0,60,107
11/01/2010,MDH,IL,AGL,CE,Federal Contract Tower,0,0,6,0,6,0,0,147,0,147,0,0,153,0,153,244,0,244,397
11/02/2010,MDH,IL,AGL,CE,Federal Contract Tower,0,0,3,0,3,0,0,160,0,160,0,0,163,0,163,460,0,460,623
11/03/2010,MDH,IL,AGL,CE,Federal Contract Tower,0,0,0,0,0,0,0,166,0,166,0,0,166,0,166,384,0,384,550
11/04/2010,MDH,IL,AGL,CE,Federal Contract Tower,0,1,4,0,5,0,3,26,0,29,0,4,30,0,34,72,0,72,106
11/05/2010,MDH,IL,AGL,CE,Federal Contract Tower,0,8,4,0,12,0,0,83,0,83,0,8,87,0,95,122,0,122,217
11/06/2010,MDH,IL,AGL,CE,Federal Contract Tower,0,5,5,0,10,0,0,67,0,67,0,5,72,0,77,104,0,104,181
11/07/2010,MDH,IL,AGL,CE,Federal Contract Tower,0,3,3,0,6,0,0,33,0,33,0,3,36,0,39,60,0,60,99
11/08/2010,MDH,IL,AGL,CE,Federal Contract Tower,0,0,0,0,0,0,0,193,0,193,0,0,193,0,193,432,0,432,625
11/09/2010,MDH,IL,AGL,CE,Federal Contract Tower,0,4,6,0,10,0,0,156,0,156,0,4,162,0,166,368,0,368,534
11/10/2010,MDH,IL,AGL,CE,Federal Contract Tower,0,1,2,0,3,0,0,181,0,181,0,1,183,0,184,522,0,522,706
11/11/2010,MDH,IL,AGL,CE,Federal Contract Tower,0,1,6,0,7,0,0,21,0,21,0,1,27,0,28,24,0,24,52
11/12/2010,MDH,IL,AGL,CE,Federal Contract Tower,0,3,2,0,5,0,0,152,0,152,0,3,154,0,157,314,0,314,471
11/13/2010,MDH,IL,AGL,CE,Federal Contract Tower,0,1,7,4,12,0,0,14,2,16,0,1,21,6,28,8,10,18,46
11/14/2010,MDH,IL,AGL,CE,Federal Contract Tower,0,3,1,0,4,0,0,22,0,22,0,3,23,0,26,4,0,4,30
11/15/2010,MDH,IL,AGL,CE,Federal Contract Tower,0,0,3,0,3,0,0,177,0,177,0,0,180,0,180,508,0,508,688
11/16/2010,MDH,IL,AGL,CE,Federal Contract Tower,0,1,5,0,6,0,0,65,0,65,0,1,70,0,71,152,0,152,223
11/17/2010,MDH,IL,AGL,CE,Federal Contract Tower,0,1,10,0,11,0,1,72,0,73,0,2,82,0,84,150,0,150,234
11/18/2010,MDH,IL,AGL,CE,Federal Contract Tower,0,2,13,0,15,0,2,44,0,46,0,4,57,0,61,84,0,84,145
11/19/2010,MDH,IL,AGL,CE,Federal Contract Tower,0,4,2,0,6,0,2,92,0,94,0,6,94,0,100,188,0,188,288
11/20/2010,MDH,IL,AGL,CE,Federal Contract Tower,0,0,1,0,1,0,0,3,0,3,0,0,4,0,4,0,0,0,4
11/21/2010,MDH,IL,AGL,CE,Federal Contract Tower,0,1,0,0,1,0,0,0,0,0,0,1,0,0,1,0,0,0,1
11/22/2010,MDH,IL,AGL,CE,Federal Contract Tower,0,2,2,0,4,0,0,0,0,0,0,2,2,0,4,0,0,0,4
11/23/2010,MDH,IL,AGL,CE,Federal Contract Tower,0,4,3,0,7,0,0,14,0,14,0,4,17,0,21,16,0,16,37
11/24/2010,MDH,IL,AGL,CE,Federal Contract Tower,0,4,3,0,7,0,0,0,0,0,0,4,3,0,7,0,0,0,7
11/25/2010,MDH,IL,AGL,CE,Federal Contract Tower,0,0,0,0,0,0,0,0,0,0,0,0,0,0,0,0,0,0,0
11/26/2010,MDH,IL,AGL,CE,Federal Contract Tower,0,2,6,0,8,0,2,8,0,10,0,4,14,0,18,2,0,2,20
11/27/2010,MDH,IL,AGL,CE,Federal Contract Tower,0,1,2,0,3,0,0,6,0,6,0,1,8,0,9,0,0,0,9
11/28/2010,MDH,IL,AGL,CE,Federal Contract Tower,0,10,0,0,10,0,0,10,0,10,0,10,10,0,20,8,0,8,28
11/29/2010,MDH,IL,AGL,CE,Federal Contract Tower,0,3,2,0,5,0,1,24,0,25,0,4,26,0,30,44,0,44,74
11/30/2010,MDH,IL,AGL,CE,Federal Contract Tower,0,0,0,0,0,0,0,27,0,27,0,0,27,0,27,110,0,110,137
12/01/2010,MDH,IL,AGL,CE,Federal Contract Tower,0,0,4,0,4,0,0,123,0,123,0,0,127,0,127,192,0,192,319
12/02/2010,MDH,IL,AGL,CE,Federal Contract Tower,0,4,4,0,8,0,1,175,0,176,0,5,179,0,184,500,0,500,684
12/03/2010,MDH,IL,AGL,CE,Federal Contract Tower,0,2,4,0,6,0,0,165,0,165,0,2,169,0,171,348,0,348,519
12/04/2010,MDH,IL,AGL,CE,Federal Contract Tower,0,5,2,0,7,0,0,10,0,10,0,5,12,0,17,16,0,16,33
12/05/2010,MDH,IL,AGL,CE,Federal Contract Tower,0,1,4,0,5,0,0,0,0,0,0,1,4,0,5,0,0,0,5
12/06/2010,MDH,IL,AGL,CE,Federal Contract Tower,0,0,3,0,3,0,0,89,0,89,0,0,92,0,92,236,0,236,328
12/07/2010,MDH,IL,AGL,CE,Federal Contract Tower,0,3,3,0,6,0,1,140,0,141,0,4,143,0,147,0,358,358,505
12/08/2010,MDH,IL,AGL,CE,Federal Contract Tower,0,2,1,0,3,0,0,205,0,205,0,2,206,0,208,466,0,466,674
12/09/2010,MDH,IL,AGL,CE,Federal Contract Tower,0,2,2,0,4,0,0,150,0,150,0,2,152,0,154,436,0,436,590
12/10/2010,MDH,IL,AGL,CE,Federal Contract Tower,0,7,2,0,9,0,0,119,0,119,0,7,121,0,128,236,0,236,364
12/11/2010,MDH,IL,AGL,CE,Federal Contract Tower,0,2,0,0,2,0,0,0,0,0,0,2,0,0,2,0,0,0,2
12/12/2010,MDH,IL,AGL,CE,Federal Contract Tower,0,0,0,0,0,0,0,0,0,0,0,0,0,0,0,0,0,0,0
12/13/2010,MDH,IL,AGL,CE,Federal Contract Tower,0,0,0,0,0,0,0,30,0,30,0,0,30,0,30,34,0,34,64
12/14/2010,MDH,IL,AGL,CE,Federal Contract Tower,0,2,4,0,6,0,0,115,0,115,0,2,119,0,121,248,0,248,369
12/15/2010,MDH,IL,AGL,CE,Federal Contract Tower,0,3,3,0,6,0,0,48,0,48,0,3,51,0,54,130,0,130,184
12/16/2010,MDH,IL,AGL,CE,Federal Contract Tower,0,2,2,0,4,0,0,0,0,0,0,2,2,0,4,0,0,0,4
12/17/2010,MDH,IL,AGL,CE,Federal Contract Tower,0,6,1,0,7,0,0,34,0,34,0,6,35,0,41,36,0,36,77
12/18/2010,MDH,IL,AGL,CE,Federal Contract Tower,0,1,3,0,4,0,0,21,0,21,0,1,24,0,25,54,0,54,79
12/19/2010,MDH,IL,AGL,CE,Federal Contract Tower,0,2,3,0,5,0,0,16,0,16,0,2,19,0,21,8,0,8,29
12/20/2010,MDH,IL,AGL,CE,Federal Contract Tower,0,2,3,0,5,0,0,23,0,23,0,2,26,0,28,30,0,30,58
12/21/2010,MDH,IL,AGL,CE,Federal Contract Tower,0,3,1,0,4,0,0,4,0,4,0,3,5,0,8,0,0,0,8
12/22/2010,MDH,IL,AGL,CE,Federal Contract Tower,0,0,2,0,2,0,0,7,0,7,0,0,9,0,9,16,0,16,25
12/23/2010,MDH,IL,AGL,CE,Federal Contract Tower,0,0,4,0,4,0,0,3,0,3,0,0,7,0,7,0,0,0,7
12/24/2010,MDH,IL,AGL,CE,Federal Contract Tower,0,1,0,0,1,0,0,0,0,0,0,1,0,0,1,0,0,0,1
12/25/2010,MDH,IL,AGL,CE,Federal Contract Tower,0,0,0,0,0,0,0,0,0,0,0,0,0,0,0,0,0,0,0
12/26/2010,MDH,IL,AGL,CE,Federal Contract Tower,0,2,0,0,2,0,0,0,0,0,0,2,0,0,2,0,0,0,2
12/27/2010,MDH,IL,AGL,CE,Federal Contract Tower,0,3,4,0,7,0,0,3,0,3,0,3,7,0,10,0,0,0,10
12/28/2010,MDH,IL,AGL,CE,Federal Contract Tower,0,3,0,0,3,0,0,6,0,6,0,3,6,0,9,0,0,0,9
12/29/2010,MDH,IL,AGL,CE,Federal Contract Tower,0,0,0,0,0,0,0,0,0,0,0,0,0,0,0,0,0,0,0
12/30/2010,MDH,IL,AGL,CE,Federal Contract Tower,0,1,0,0,1,0,0,0,0,0,0,1,0,0,1,0,0,0,1
12/31/2010,MDH,IL,AGL,CE,Federal Contract Tower,0,0,0,0,0,0,0,3,2,5,0,0,3,2,5,0,0,0,5
01/01/2011,MDH,IL,AGL,CE,Federal Contract Tower,0,0,0,0,0,0,0,2,0,2,0,0,2,0,2,0,0,0,2
01/02/2011,MDH,IL,AGL,CE,Federal Contract Tower,0,4,1,0,5,0,0,24,0,24,0,4,25,0,29,32,0,32,61
01/03/2011,MDH,IL,AGL,CE,Federal Contract Tower,0,3,0,0,3,0,0,4,0,4,0,3,4,0,7,0,0,0,7
01/04/2011,MDH,IL,AGL,CE,Federal Contract Tower,0,1,0,0,1,0,0,10,0,10,0,1,10,0,11,16,0,16,27
01/05/2011,MDH,IL,AGL,CE,Federal Contract Tower,0,0,5,0,5,0,0,19,0,19,0,0,24,0,24,26,0,26,50
01/06/2011,MDH,IL,AGL,CE,Federal Contract Tower,2,2,0,0,4,0,1,1,0,2,2,3,1,0,6,0,0,0,6
01/07/2011,MDH,IL,AGL,CE,Federal Contract Tower,0,0,0,0,0,0,0,0,0,0,0,0,0,0,0,0,0,0,0
01/08/2011,MDH,IL,AGL,CE,Federal Contract Tower,0,2,1,0,3,0,0,1,0,1,0,2,2,0,4,0,0,0,4
01/09/2011,MDH,IL,AGL,CE,Federal Contract Tower,0,0,2,0,2,0,0,5,0,5,0,0,7,0,7,10,0,10,17
01/10/2011,MDH,IL,AGL,CE,Federal Contract Tower,0,3,0,0,3,0,0,2,0,2,0,3,2,0,5,4,0,4,9
01/11/2011,MDH,IL,AGL,CE,Federal Contract Tower,0,2,0,0,2,0,0,0,0,0,0,2,0,0,2,0,0,0,2
01/12/2011,MDH,IL,AGL,CE,Federal Contract Tower,0,5,2,0,7,0,0,57,0,57,0,5,59,0,64,140,0,140,204
01/13/2011,MDH,IL,AGL,CE,Federal Contract Tower,0,2,2,0,4,0,0,23,0,23,0,2,25,0,27,28,0,28,55
01/14/2011,MDH,IL,AGL,CE,Federal Contract Tower,0,3,1,0,4,0,0,22,0,22,0,3,23,0,26,46,0,46,72
01/15/2011,MDH,IL,AGL,CE,Federal Contract Tower,0,0,6,0,6,0,0,14,0,14,0,0,20,0,20,10,0,10,30
01/16/2011,MDH,IL,AGL,CE,Federal Contract Tower,0,2,0,0,2,0,0,3,0,3,0,2,3,0,5,0,0,0,5
01/17/2011,MDH,IL,AGL,CE,Federal Contract Tower,0,4,0,0,4,0,0,0,0,0,0,4,0,0,4,0,0,0,4
01/18/2011,MDH,IL,AGL,CE,Federal Contract Tower,0,0,0,0,0,0,0,0,0,0,0,0,0,0,0,0,0,0,0
01/19/2011,MDH,IL,AGL,CE,Federal Contract Tower,0,0,0,0,0,0,2,8,0,10,0,2,8,0,10,42,0,42,52
01/20/2011,MDH,IL,AGL,CE,Federal Contract Tower,0,0,0,0,0,0,0,0,0,0,0,0,0,0,0,0,0,0,0
01/21/2011,MDH,IL,AGL,CE,Federal Contract Tower,0,2,2,0,4,0,0,60,0,60,0,2,62,0,64,98,0,98,162
01/22/2011,MDH,IL,AGL,CE,Federal Contract Tower,0,2,0,0,2,0,0,31,0,31,0,2,31,0,33,46,0,46,79
01/23/2011,MDH,IL,AGL,CE,Federal Contract Tower,0,0,0,0,0,0,0,0,0,0,0,0,0,0,0,0,0,0,0
01/24/2011,MDH,IL,AGL,CE,Federal Contract Tower,0,2,2,0,4,0,0,0,0,0,0,2,2,0,4,0,0,0,4
01/25/2011,MDH,IL,AGL,CE,Federal Contract Tower,0,0,1,0,1,0,0,72,0,72,0,0,73,0,73,214,0,214,287
01/26/2011,MDH,IL,AGL,CE,Federal Contract Tower,0,3,2,0,5,0,0,57,0,57,0,3,59,0,62,158,0,158,220
01/27/2011,MDH,IL,AGL,CE,Federal Contract Tower,0,6,3,0,9,0,2,147,0,149,0,8,150,0,158,286,0,286,444
01/28/2011,MDH,IL,AGL,CE,Federal Contract Tower,0,5,3,0,8,0,0,191,0,191,0,5,194,0,199,419,0,419,618
01/29/2011,MDH,IL,AGL,CE,Federal Contract Tower,0,0,2,0,2,0,0,24,0,24,0,0,26,0,26,64,0,64,90
01/30/2011,MDH,IL,AGL,CE,Federal Contract Tower,0,0,1,0,1,0,0,10,0,10,0,0,11,0,11,56,0,56,67
01/31/2011,MDH,IL,AGL,CE,Federal Contract Tower,0,3,0,0,3,0,0,57,0,57,0,3,57,0,60,136,0,136,196
02/01/2011,MDH,IL,AGL,CE,Federal Contract Tower,0,1,0,0,1,0,0,0,0,0,0,1,0,0,1,0,0,0,1
02/02/2011,MDH,IL,AGL,CE,Federal Contract Tower,0,0,0,0,0,0,0,4,0,4,0,0,4,0,4,0,0,0,4
02/03/2011,MDH,IL,AGL,CE,Federal Contract Tower,0,0,0,0,0,0,0,118,0,118,0,0,118,0,118,370,0,370,488
02/04/2011,MDH,IL,AGL,CE,Federal Contract Tower,0,6,0,0,6,0,0,167,0,167,0,6,167,0,173,396,0,396,569
02/05/2011,MDH,IL,AGL,CE,Federal Contract Tower,0,0,0,0,0,0,0,0,0,0,0,0,0,0,0,0,0,0,0
02/06/2011,MDH,IL,AGL,CE,Federal Contract Tower,0,0,2,0,2,0,0,13,0,13,0,0,15,0,15,12,0,12,27
02/07/2011,MDH,IL,AGL,CE,Federal Contract Tower,0,0,2,0,2,0,0,16,0,16,0,0,18,0,18,54,0,54,72
02/08/2011,MDH,IL,AGL,CE,Federal Contract Tower,0,4,3,0,7,0,0,60,0,60,0,4,63,0,67,190,0,190,257
02/09/2011,MDH,IL,AGL,CE,Federal Contract Tower,0,5,0,0,5,0,0,22,0,22,0,5,22,0,27,48,0,48,75
02/10/2011,MDH,IL,AGL,CE,Federal Contract Tower,0,2,0,0,2,0,0,144,0,144,0,2,144,0,146,386,0,386,532
02/11/2011,MDH,IL,AGL,CE,Federal Contract Tower,0,0,4,0,4,0,0,149,0,149,0,0,153,0,153,268,0,268,421
02/12/2011,MDH,IL,AGL,CE,Federal Contract Tower,0,1,3,0,4,0,2,79,0,81,0,3,82,0,85,150,0,150,235
02/13/2011,MDH,IL,AGL,CE,Federal Contract Tower,0,0,3,0,3,0,1,64,0,65,0,1,67,0,68,68,0,68,136
02/14/2011,MDH,IL,AGL,CE,Federal Contract Tower,0,3,0,0,3,0,4,133,0,137,0,7,133,0,140,254,0,254,394
02/15/2011,MDH,IL,AGL,CE,Federal Contract Tower,0,3,0,0,3,0,0,122,0,122,0,3,122,0,125,276,0,276,401
02/16/2011,MDH,IL,AGL,CE,Federal Contract Tower,0,4,6,0,10,0,0,92,0,92,0,4,98,0,102,180,0,180,282
02/17/2011,MDH,IL,AGL,CE,Federal Contract Tower,0,1,0,0,1,0,0,20,0,20,0,1,20,0,21,48,0,48,69
02/18/2011,MDH,IL,AGL,CE,Federal Contract Tower,0,3,0,0,3,0,1,130,0,131,0,4,130,0,134,284,0,284,418
02/19/2011,MDH,IL,AGL,CE,Federal Contract Tower,0,0,5,0,5,0,0,75,0,75,0,0,80,0,80,80,0,80,160
02/20/2011,MDH,IL,AGL,CE,Federal Contract Tower,0,0,2,0,2,0,0,7,0,7,0,0,9,0,9,4,0,4,13
02/21/2011,MDH,IL,AGL,CE,Federal Contract Tower,0,0,2,0,2,0,0,10,0,10,0,0,12,0,12,28,0,28,40
02/22/2011,MDH,IL,AGL,CE,Federal Contract Tower,0,0,3,0,3,0,0,154,0,154,0,0,157,0,157,364,0,364,521
02/23/2011,MDH,IL,AGL,CE,Federal Contract Tower,0,4,5,0,9,0,1,91,0,92,0,5,96,0,101,316,0,316,417
02/24/2011,MDH,IL,AGL,CE,Federal Contract Tower,0,0,2,0,2,0,0,22,0,22,0,0,24,0,24,0,0,0,24
02/25/2011,MDH,IL,AGL,CE,Federal Contract Tower,0,2,1,0,3,0,0,74,0,74,0,2,75,0,77,294,0,294,371
02/26/2011,MDH,IL,AGL,CE,Federal Contract Tower,0,1,0,0,1,0,0,40,0,40,0,1,40,0,41,104,0,104,145
02/27/2011,MDH,IL,AGL,CE,Federal Contract Tower,0,0,0,0,0,0,0,0,0,0,0,0,0,0,0,0,0,0,0
02/28/2011,MDH,IL,AGL,CE,Federal Contract Tower,0,0,8,0,8,0,0,47,0,47,0,0,55,0,55,138,0,138,193
03/01/2011,MDH,IL,AGL,CE,Federal Contract Tower,0,0,3,0,3,0,2,182,0,184,0,2,185,0,187,436,0,436,623
03/02/2011,MDH,IL,AGL,CE,Federal Contract Tower,0,4,2,0,6,0,0,139,0,139,0,4,141,0,145,292,0,292,437
03/03/2011,MDH,IL,AGL,CE,Federal Contract Tower,0,3,4,0,7,0,0,158,0,158,0,3,162,0,165,578,0,578,743
03/04/2011,MDH,IL,AGL,CE,Federal Contract Tower,0,3,0,0,3,0,0,17,0,17,0,3,17,0,20,32,0,32,52
03/05/2011,MDH,IL,AGL,CE,Federal Contract Tower,0,0,2,0,2,0,0,0,0,0,0,0,2,0,2,0,0,0,2
03/06/2011,MDH,IL,AGL,CE,Federal Contract Tower,0,1,4,0,5,0,0,10,0,10,0,1,14,0,15,36,0,36,51
03/07/2011,MDH,IL,AGL,CE,Federal Contract Tower,0,2,4,0,6,0,0,124,0,124,0,2,128,0,130,408,0,408,538
03/08/2011,MDH,IL,AGL,CE,Federal Contract Tower,0,6,0,0,6,0,0,91,0,91,0,6,91,0,97,262,0,262,359
03/09/2011,MDH,IL,AGL,CE,Federal Contract Tower,0,2,8,0,10,0,0,27,0,27,0,2,35,0,37,62,0,62,99
03/10/2011,MDH,IL,AGL,CE,Federal Contract Tower,0,5,0,0,5,0,0,48,0,48,0,5,48,0,53,332,0,332,385
03/11/2011,MDH,IL,AGL,CE,Federal Contract Tower,0,2,3,0,5,0,0,135,0,135,0,2,138,0,140,250,0,250,390
03/12/2011,MDH,IL,AGL,CE,Federal Contract Tower,0,1,2,0,3,0,1,36,0,37,0,2,38,0,40,64,0,64,104
03/13/2011,MDH,IL,AGL,CE,Federal Contract Tower,0,2,1,0,3,0,1,8,0,9,0,3,9,0,12,0,0,0,12
03/14/2011,MDH,IL,AGL,CE,Federal Contract Tower,0,2,0,0,2,0,0,0,0,0,0,2,0,0,2,0,0,0,2
03/15/2011,MDH,IL,AGL,CE,Federal Contract Tower,0,0,1,0,1,0,0,0,0,0,0,0,1,0,1,0,0,0,1
03/16/2011,MDH,IL,AGL,CE,Federal Contract Tower,0,0,1,0,1,0,0,18,0,18,0,0,19,0,19,38,0,38,57
03/17/2011,MDH,IL,AGL,CE,Federal Contract Tower,0,3,0,0,3,0,0,17,0,17,0,3,17,0,20,20,0,20,40
03/18/2011,MDH,IL,AGL,CE,Federal Contract Tower,0,2,2,0,4,0,0,8,0,8,0,2,10,0,12,26,0,26,38
03/19/2011,MDH,IL,AGL,CE,Federal Contract Tower,0,1,5,0,6,0,0,21,0,21,0,1,26,0,27,0,0,0,27
03/20/2011,MDH,IL,AGL,CE,Federal Contract Tower,0,3,3,0,6,0,0,10,0,10,0,3,13,0,16,0,0,0,16
03/21/2011,MDH,IL,AGL,CE,Federal Contract Tower,0,1,3,0,4,0,3,151,0,154,0,4,154,0,158,264,0,264,422
03/22/2011,MDH,IL,AGL,CE,Federal Contract Tower,0,2,4,0,6,0,0,98,0,98,0,2,102,0,104,202,0,202,306
03/23/2011,MDH,IL,AGL,CE,Federal Contract Tower,0,6,1,0,7,0,0,57,0,57,0,6,58,0,64,68,0,68,132
03/24/2011,MDH,IL,AGL,CE,Federal Contract Tower,0,1,1,1,3,0,0,160,0,160,0,1,161,1,163,632,0,632,795
03/25/2011,MDH,IL,AGL,CE,Federal Contract Tower,0,0,0,0,0,0,0,0,0,0,0,0,0,0,0,0,0,0,0
03/26/2011,MDH,IL,AGL,CE,Federal Contract Tower,0,4,0,0,4,0,0,4,0,4,0,4,4,0,8,16,0,16,24
03/27/2011,MDH,IL,AGL,CE,Federal Contract Tower,0,0,4,0,4,0,0,70,0,70,0,0,74,0,74,74,0,74,148
03/28/2011,MDH,IL,AGL,CE,Federal Contract Tower,0,2,4,0,6,0,2,179,0,181,0,4,183,0,187,702,0,702,889
03/29/2011,MDH,IL,AGL,CE,Federal Contract Tower,0,0,1,0,1,0,0,123,0,123,0,0,124,0,124,192,0,192,316
03/30/2011,MDH,IL,AGL,CE,Federal Contract Tower,0,6,2,0,8,0,0,78,0,78,0,6,80,0,86,258,0,258,344
03/31/2011,MDH,IL,AGL,CE,Federal Contract Tower,0,2,2,0,4,0,0,245,0,245,0,2,247,0,249,630,0,630,879
04/01/2011,MDH,IL,AGL,CE,Federal Contract Tower,0,4,5,0,9,0,0,92,0,92,0,4,97,0,101,162,0,162,263
04/02/2011,MDH,IL,AGL,CE,Federal Contract Tower,0,2,4,0,6,0,0,88,0,88,0,2,92,0,94,194,0,194,288
04/03/2011,MDH,IL,AGL,CE,Federal Contract Tower,0,3,2,0,5,0,0,1,0,1,0,3,3,0,6,0,0,0,6
04/04/2011,MDH,IL,AGL,CE,Federal Contract Tower,0,0,0,0,0,0,0,3,0,3,0,0,3,0,3,34,0,34,37
04/05/2011,MDH,IL,AGL,CE,Federal Contract Tower,0,1,3,0,4,0,1,208,0,209,0,2,211,0,213,540,0,540,753
04/06/2011,MDH,IL,AGL,CE,Federal Contract Tower,0,2,1,0,3,0,1,22,0,23,0,3,23,0,26,32,0,32,58
04/07/2011,MDH,IL,AGL,CE,Federal Contract Tower,0,3,2,0,5,0,0,225,0,225,0,3,227,0,230,672,0,672,902
04/08/2011,MDH,IL,AGL,CE,Federal Contract Tower,0,3,9,0,12,0,0,152,0,152,0,3,161,0,164,282,0,282,446
04/09/2011,MDH,IL,AGL,CE,Federal Contract Tower,0,0,1,0,1,0,0,26,0,26,0,0,27,0,27,30,0,30,57
04/10/2011,MDH,IL,AGL,CE,Federal Contract Tower,0,1,0,0,1,0,0,2,0,2,0,1,2,0,3,0,0,0,3
04/11/2011,MDH,IL,AGL,CE,Federal Contract Tower,0,0,10,0,10,0,0,8,0,8,0,0,18,0,18,56,0,56,74
04/12/2011,MDH,IL,AGL,CE,Federal Contract Tower,0,5,3,0,8,0,0,212,0,212,0,5,215,0,220,426,0,426,646
04/13/2011,MDH,IL,AGL,CE,Federal Contract Tower,0,1,5,0,6,0,0,210,0,210,0,1,215,0,216,442,0,442,658
04/14/2011,MDH,IL,AGL,CE,Federal Contract Tower,0,1,1,0,2,0,0,200,0,200,0,1,201,0,202,442,0,442,644
04/15/2011,MDH,IL,AGL,CE,Federal Contract Tower,0,0,3,0,3,0,0,6,0,6,0,0,9,0,9,34,0,34,43
04/16/2011,MDH,IL,AGL,CE,Federal Contract Tower,0,0,1,0,1,0,0,7,0,7,0,0,8,0,8,0,0,0,8
04/17/2011,MDH,IL,AGL,CE,Federal Contract Tower,0,0,3,0,3,0,4,28,0,32,0,4,31,0,35,22,0,22,57
04/18/2011,MDH,IL,AGL,CE,Federal Contract Tower,0,0,0,0,0,0,0,113,0,113,0,0,113,0,113,390,0,390,503
04/19/2011,MDH,IL,AGL,CE,Federal Contract Tower,0,0,1,0,1,0,0,3,0,3,0,0,4,0,4,20,0,20,24
04/20/2011,MDH,IL,AGL,CE,Federal Contract Tower,0,1,6,0,7,0,0,87,0,87,0,1,93,0,94,290,0,290,384
04/21/2011,MDH,IL,AGL,CE,Federal Contract Tower,0,7,1,0,8,0,1,201,0,202,0,8,202,0,210,388,0,388,598
04/22/2011,MDH,IL,AGL,CE,Federal Contract Tower,0,2,2,0,4,0,0,4,0,4,0,2,6,0,8,8,0,8,16
04/23/2011,MDH,IL,AGL,CE,Federal Contract Tower,0,0,0,0,0,0,0,0,0,0,0,0,0,0,0,0,0,0,0
04/24/2011,MDH,IL,AGL,CE,Federal Contract Tower,0,2,2,0,4,0,0,0,0,0,0,2,2,0,4,0,0,0,4
04/25/2011,MDH,IL,AGL,CE,Federal Contract Tower,0,0,5,0,5,0,0,0,0,0,0,0,5,0,5,0,0,0,5
04/26/2011,MDH,IL,AGL,CE,Federal Contract Tower,0,0,0,0,0,0,0,84,0,84,0,0,84,0,84,210,0,210,294
04/27/2011,MDH,IL,AGL,CE,Federal Contract Tower,0,2,4,0,6,0,0,2,0,2,0,2,6,0,8,0,0,0,8
04/28/2011,MDH,IL,AGL,CE,Federal Contract Tower,0,1,6,0,7,0,1,180,0,181,0,2,186,0,188,282,0,282,470
04/29/2011,MDH,IL,AGL,CE,Federal Contract Tower,0,2,2,0,4,0,2,241,6,249,0,4,243,6,253,464,0,464,717
04/30/2011,MDH,IL,AGL,CE,Federal Contract Tower,2,2,1,0,5,2,0,44,7,53,4,2,45,7,58,0,0,0,58
05/01/2011,MDH,IL,AGL,CE,Federal Contract Tower,0,7,3,0,10,0,0,88,0,88,0,7,91,0,98,202,0,202,300
05/02/2011,MDH,IL,AGL,CE,Federal Contract Tower,0,0,0,0,0,0,1,27,0,28,0,1,27,0,28,88,0,88,116
05/03/2011,MDH,IL,AGL,CE,Federal Contract Tower,0,0,2,0,2,0,0,207,0,207,0,0,209,0,209,528,0,528,737
05/04/2011,MDH,IL,AGL,CE,Federal Contract Tower,0,0,11,0,11,0,1,238,0,239,0,1,249,0,250,504,0,504,754
05/05/2011,MDH,IL,AGL,CE,Federal Contract Tower,0,5,1,0,6,0,0,193,0,193,0,5,194,0,199,500,0,500,699
05/06/2011,MDH,IL,AGL,CE,Federal Contract Tower,0,0,10,0,10,0,0,189,0,189,0,0,199,0,199,404,0,404,603
05/07/2011,MDH,IL,AGL,CE,Federal Contract Tower,0,2,2,0,4,0,2,88,0,90,0,4,90,0,94,194,0,194,288
05/08/2011,MDH,IL,AGL,CE,Federal Contract Tower,0,0,5,0,5,0,0,124,0,124,0,0,129,0,129,248,0,248,377
05/09/2011,MDH,IL,AGL,CE,Federal Contract Tower,0,4,7,2,13,0,0,0,0,0,0,4,7,2,13,256,0,256,269
05/10/2011,MDH,IL,AGL,CE,Federal Contract Tower,0,0,3,0,3,0,0,106,0,106,0,0,109,0,109,266,0,266,375
05/11/2011,MDH,IL,AGL,CE,Federal Contract Tower,0,4,4,0,8,0,0,186,0,186,0,4,190,0,194,378,0,378,572
05/12/2011,MDH,IL,AGL,CE,Federal Contract Tower,0,5,1,0,6,0,0,135,0,135,0,5,136,0,141,296,0,296,437
05/13/2011,MDH,IL,AGL,CE,Federal Contract Tower,0,4,2,0,6,0,0,27,0,27,0,4,29,0,33,66,0,66,99
05/14/2011,MDH,IL,AGL,CE,Federal Contract Tower,0,4,1,0,5,0,0,1,0,1,0,4,2,0,6,0,0,0,6
05/15/2011,MDH,IL,AGL,CE,Federal Contract Tower,0,6,0,1,7,0,0,0,1,1,0,6,0,2,8,0,0,0,8
05/16/2011,MDH,IL,AGL,CE,Federal Contract Tower,0,1,4,0,5,0,0,50,0,50,0,1,54,0,55,124,0,124,179
05/17/2011,MDH,IL,AGL,CE,Federal Contract Tower,0,0,1,0,1,0,0,51,0,51,0,0,52,0,52,122,0,122,174
05/18/2011,MDH,IL,AGL,CE,Federal Contract Tower,0,0,0,0,0,0,0,84,0,84,0,0,84,0,84,150,0,150,234
05/19/2011,MDH,IL,AGL,CE,Federal Contract Tower,0,1,2,0,3,0,0,35,0,35,0,1,37,0,38,102,0,102,140
05/20/2011,MDH,IL,AGL,CE,Federal Contract Tower,0,1,1,0,2,0,0,61,0,61,0,1,62,0,63,104,0,104,167
05/21/2011,MDH,IL,AGL,CE,Federal Contract Tower,0,3,2,0,5,0,0,7,0,7,0,3,9,0,12,2,0,2,14
05/22/2011,MDH,IL,AGL,CE,Federal Contract Tower,0,2,1,0,3,0,0,5,0,5,0,2,6,0,8,0,0,0,8
05/23/2011,MDH,IL,AGL,CE,Federal Contract Tower,0,0,3,0,3,0,0,0,0,0,0,0,3,0,3,22,0,22,25
05/24/2011,MDH,IL,AGL,CE,Federal Contract Tower,0,0,2,0,2,0,0,81,0,81,0,0,83,0,83,132,0,132,215
05/25/2011,MDH,IL,AGL,CE,Federal Contract Tower,0,0,1,0,1,0,0,10,0,10,0,0,11,0,11,28,0,28,39
05/26/2011,MDH,IL,AGL,CE,Federal Contract Tower,0,3,3,0,6,0,0,10,0,10,0,3,13,0,16,38,0,38,54
05/27/2011,MDH,IL,AGL,CE,Federal Contract Tower,0,4,5,0,9,0,0,62,0,62,0,4,67,0,71,120,0,120,191
05/28/2011,MDH,IL,AGL,CE,Federal Contract Tower,0,2,0,0,2,0,0,12,0,12,0,2,12,0,14,0,0,0,14
05/29/2011,MDH,IL,AGL,CE,Federal Contract Tower,0,0,0,0,0,0,0,3,0,3,0,0,3,0,3,0,0,0,3
05/30/2011,MDH,IL,AGL,CE,Federal Contract Tower,0,1,1,0,2,0,0,4,0,4,0,1,5,0,6,0,0,0,6
05/31/2011,MDH,IL,AGL,CE,Federal Contract Tower,0,1,1,0,2,0,0,75,0,75,0,1,76,0,77,72,0,72,149
06/01/2011,MDH,IL,AGL,CE,Federal Contract Tower,0,0,0,0,0,0,0,62,0,62,0,0,62,0,62,92,0,92,154
06/02/2011,MDH,IL,AGL,CE,Federal Contract Tower,0,4,3,0,7,0,0,59,0,59,0,4,62,0,66,140,0,140,206
06/03/2011,MDH,IL,AGL,CE,Federal Contract Tower,0,2,3,0,5,0,0,57,0,57,0,2,60,0,62,94,0,94,156
06/04/2011,MDH,IL,AGL,CE,Federal Contract Tower,0,3,5,0,8,0,0,61,0,61,0,3,66,0,69,44,0,44,113
06/05/2011,MDH,IL,AGL,CE,Federal Contract Tower,0,0,3,0,3,0,0,15,0,15,0,0,18,0,18,4,0,4,22
06/06/2011,MDH,IL,AGL,CE,Federal Contract Tower,0,2,2,0,4,0,0,67,0,67,0,2,69,0,71,104,0,104,175
06/07/2011,MDH,IL,AGL,CE,Federal Contract Tower,0,4,2,0,6,0,0,93,0,93,0,4,95,0,99,132,0,132,231
06/08/2011,MDH,IL,AGL,CE,Federal Contract Tower,0,3,2,0,5,0,0,61,4,65,0,3,63,4,70,108,0,108,178
06/09/2011,MDH,IL,AGL,CE,Federal Contract Tower,0,0,2,0,2,0,0,55,0,55,0,0,57,0,57,94,0,94,151
06/10/2011,MDH,IL,AGL,CE,Federal Contract Tower,0,0,0,0,0,0,0,46,0,46,0,0,46,0,46,66,0,66,112
06/11/2011,MDH,IL,AGL,CE,Federal Contract Tower,0,1,0,0,1,0,3,4,0,7,0,4,4,0,8,4,0,4,12
06/12/2011,MDH,IL,AGL,CE,Federal Contract Tower,0,4,0,0,4,0,1,0,0,1,0,5,0,0,5,0,0,0,5
06/13/2011,MDH,IL,AGL,CE,Federal Contract Tower,0,5,2,0,7,0,0,32,0,32,0,5,34,0,39,52,0,52,91
06/14/2011,MDH,IL,AGL,CE,Federal Contract Tower,0,0,1,0,1,0,3,3,0,6,0,3,4,0,7,0,0,0,7
06/15/2011,MDH,IL,AGL,CE,Federal Contract Tower,0,0,2,0,2,0,0,41,0,41,0,0,43,0,43,62,0,62,105
06/16/2011,MDH,IL,AGL,CE,Federal Contract Tower,0,1,8,0,9,0,0,86,0,86,0,1,94,0,95,168,0,168,263
06/17/2011,MDH,IL,AGL,CE,Federal Contract Tower,0,0,2,0,2,0,0,29,0,29,0,0,31,0,31,72,0,72,103
06/18/2011,MDH,IL,AGL,CE,Federal Contract Tower,0,1,0,0,1,0,0,0,0,0,0,1,0,0,1,0,0,0,1
06/19/2011,MDH,IL,AGL,CE,Federal Contract Tower,0,5,2,0,7,0,0,9,0,9,0,5,11,0,16,0,0,0,16
06/20/2011,MDH,IL,AGL,CE,Federal Contract Tower,0,0,1,0,1,0,0,59,0,59,0,0,60,0,60,70,0,70,130
06/21/2011,MDH,IL,AGL,CE,Federal Contract Tower,0,1,0,0,1,0,0,18,0,18,0,1,18,0,19,42,0,42,61
06/22/2011,MDH,IL,AGL,CE,Federal Contract Tower,0,7,2,0,9,0,2,56,0,58,0,9,58,0,67,48,0,48,115
06/23/2011,MDH,IL,AGL,CE,Federal Contract Tower,0,2,2,0,4,0,0,69,0,69,0,2,71,0,73,114,0,114,187
06/24/2011,MDH,IL,AGL,CE,Federal Contract Tower,0,0,2,0,2,0,0,61,0,61,0,0,63,0,63,82,0,82,145
06/25/2011,MDH,IL,AGL,CE,Federal Contract Tower,0,2,2,0,4,0,0,18,0,18,0,2,20,0,22,16,0,16,38
06/26/2011,MDH,IL,AGL,CE,Federal Contract Tower,0,5,5,0,10,0,0,1,0,1,0,5,6,0,11,0,0,0,11
06/27/2011,MDH,IL,AGL,CE,Federal Contract Tower,0,1,5,0,6,0,0,26,0,26,0,1,31,0,32,50,0,50,82
06/28/2011,MDH,IL,AGL,CE,Federal Contract Tower,0,4,0,0,4,0,0,59,0,59,0,4,59,0,63,108,0,108,171
06/29/2011,MDH,IL,AGL,CE,Federal Contract Tower,0,2,8,0,10,0,1,74,0,75,0,3,82,0,85,98,0,98,183
06/30/2011,MDH,IL,AGL,CE,Federal Contract Tower,0,3,5,0,8,0,0,61,0,61,0,3,66,0,69,104,0,104,173
07/01/2011,MDH,IL,AGL,CE,Federal Contract Tower,0,4,4,0,8,0,0,37,0,37,0,4,41,0,45,86,0,86,131
07/02/2011,MDH,IL,AGL,CE,Federal Contract Tower,0,0,2,0,2,0,0,4,0,4,0,0,6,0,6,0,0,0,6
07/03/2011,MDH,IL,AGL,CE,Federal Contract Tower,0,2,0,0,2,0,0,3,0,3,0,2,3,0,5,6,0,6,11
07/04/2011,MDH,IL,AGL,CE,Federal Contract Tower,0,1,2,0,3,0,1,5,0,6,0,2,7,0,9,0,0,0,9
07/05/2011,MDH,IL,AGL,CE,Federal Contract Tower,0,2,0,0,2,0,0,66,0,66,0,2,66,0,68,126,0,126,194
07/06/2011,MDH,IL,AGL,CE,Federal Contract Tower,0,2,4,0,6,0,0,70,0,70,0,2,74,0,76,118,0,118,194
07/07/2011,MDH,IL,AGL,CE,Federal Contract Tower,0,2,0,0,2,0,0,57,0,57,0,2,57,0,59,126,0,126,185
07/08/2011,MDH,IL,AGL,CE,Federal Contract Tower,0,1,4,0,5,0,0,14,0,14,0,1,18,0,19,22,0,22,41
07/09/2011,MDH,IL,AGL,CE,Federal Contract Tower,0,0,3,0,3,0,0,23,0,23,0,0,26,0,26,14,0,14,40
07/10/2011,MDH,IL,AGL,CE,Federal Contract Tower,0,1,2,0,3,0,1,18,0,19,0,2,20,0,22,6,0,6,28
07/11/2011,MDH,IL,AGL,CE,Federal Contract Tower,0,0,2,0,2,0,0,72,0,72,0,0,74,0,74,114,0,114,188
07/12/2011,MDH,IL,AGL,CE,Federal Contract Tower,0,2,1,0,3,0,0,62,0,62,0,2,63,0,65,112,0,112,177
07/13/2011,MDH,IL,AGL,CE,Federal Contract Tower,0,2,5,0,7,0,0,21,0,21,0,2,26,0,28,42,0,42,70
07/14/2011,MDH,IL,AGL,CE,Federal Contract Tower,0,4,4,0,8,0,0,77,0,77,0,4,81,0,85,156,0,156,241
07/15/2011,MDH,IL,AGL,CE,Federal Contract Tower,0,5,1,0,6,0,2,53,0,55,0,7,54,0,61,84,0,84,145
07/16/2011,MDH,IL,AGL,CE,Federal Contract Tower,0,2,2,0,4,0,0,0,0,0,0,2,2,0,4,14,0,14,18
07/17/2011,MDH,IL,AGL,CE,Federal Contract Tower,0,2,0,0,2,0,0,35,0,35,0,2,35,0,37,6,0,6,43
07/18/2011,MDH,IL,AGL,CE,Federal Contract Tower,0,1,1,0,2,0,0,70,0,70,0,1,71,0,72,88,0,88,160
07/19/2011,MDH,IL,AGL,CE,Federal Contract Tower,0,4,3,0,7,0,0,54,0,54,0,4,57,0,61,50,0,50,111
07/20/2011,MDH,IL,AGL,CE,Federal Contract Tower,0,2,1,0,3,0,0,110,0,110,0,2,111,0,113,66,0,66,179
07/21/2011,MDH,IL,AGL,CE,Federal Contract Tower,0,0,2,0,2,0,4,66,0,70,0,4,68,0,72,131,0,131,203
07/22/2011,MDH,IL,AGL,CE,Federal Contract Tower,0,0,0,0,0,0,0,31,0,31,0,0,31,0,31,82,0,82,113
07/23/2011,MDH,IL,AGL,CE,Federal Contract Tower,0,1,7,0,8,0,0,24,0,24,0,1,31,0,32,16,0,16,48
07/24/2011,MDH,IL,AGL,CE,Federal Contract Tower,0,0,1,0,1,0,0,12,0,12,0,0,13,0,13,0,0,0,13
07/25/2011,MDH,IL,AGL,CE,Federal Contract Tower,0,0,1,0,1,0,0,58,0,58,0,0,59,0,59,170,0,170,229
07/26/2011,MDH,IL,AGL,CE,Federal Contract Tower,0,1,4,0,5,0,0,43,0,43,0,1,47,0,48,130,0,130,178
07/27/2011,MDH,IL,AGL,CE,Federal Contract Tower,0,3,2,0,5,0,0,70,0,70,0,3,72,0,75,102,0,102,177
07/28/2011,MDH,IL,AGL,CE,Federal Contract Tower,0,2,4,0,6,0,0,53,0,53,0,2,57,0,59,72,0,72,131
07/29/2011,MDH,IL,AGL,CE,Federal Contract Tower,0,4,6,0,10,0,0,33,0,33,0,4,39,0,43,70,0,70,113
07/30/2011,MDH,IL,AGL,CE,Federal Contract Tower,0,4,4,0,8,0,0,10,0,10,0,4,14,0,18,0,0,0,18
07/31/2011,MDH,IL,AGL,CE,Federal Contract Tower,0,1,3,0,4,0,0,5,0,5,0,1,8,0,9,0,0,0,9
08/01/2011,MDH,IL,AGL,CE,Federal Contract Tower,0,2,3,0,5,0,0,29,0,29,0,2,32,0,34,48,0,48,82
08/02/2011,MDH,IL,AGL,CE,Federal Contract Tower,0,0,4,0,4,0,0,38,0,38,0,0,42,0,42,22,0,22,64
08/03/2011,MDH,IL,AGL,CE,Federal Contract Tower,0,3,2,0,5,0,1,16,0,17,0,4,18,0,22,32,0,32,54
08/04/2011,MDH,IL,AGL,CE,Federal Contract Tower,0,2,6,0,8,0,0,36,0,36,0,2,42,0,44,22,0,22,66
08/05/2011,MDH,IL,AGL,CE,Federal Contract Tower,0,0,2,0,2,0,1,28,0,29,0,1,30,0,31,54,0,54,85
08/06/2011,MDH,IL,AGL,CE,Federal Contract Tower,0,0,2,0,2,0,0,8,0,8,0,0,10,0,10,8,0,8,18
08/07/2011,MDH,IL,AGL,CE,Federal Contract Tower,0,2,1,0,3,0,0,2,0,2,0,2,3,0,5,0,0,0,5
08/08/2011,MDH,IL,AGL,CE,Federal Contract Tower,0,2,1,0,3,0,0,10,0,10,0,2,11,0,13,22,0,22,35
08/09/2011,MDH,IL,AGL,CE,Federal Contract Tower,0,4,3,0,7,0,3,10,0,13,0,7,13,0,20,6,0,6,26
08/10/2011,MDH,IL,AGL,CE,Federal Contract Tower,0,2,3,0,5,0,2,7,0,9,0,4,10,0,14,0,0,0,14
08/11/2011,MDH,IL,AGL,CE,Federal Contract Tower,0,3,0,0,3,0,1,18,0,19,0,4,18,0,22,26,0,26,48
08/12/2011,MDH,IL,AGL,CE,Federal Contract Tower,0,3,4,0,7,0,0,17,0,17,0,3,21,0,24,20,0,20,44
08/13/2011,MDH,IL,AGL,CE,Federal Contract Tower,0,0,0,0,0,0,0,7,0,7,0,0,7,0,7,0,0,0,7
08/14/2011,MDH,IL,AGL,CE,Federal Contract Tower,0,2,3,0,5,0,0,13,0,13,0,2,16,0,18,14,0,14,32
08/15/2011,MDH,IL,AGL,CE,Federal Contract Tower,0,2,4,0,6,0,2,29,0,31,0,4,33,0,37,28,0,28,65
08/16/2011,MDH,IL,AGL,CE,Federal Contract Tower,0,5,2,0,7,0,2,19,0,21,0,7,21,0,28,0,0,0,28
08/17/2011,MDH,IL,AGL,CE,Federal Contract Tower,0,6,6,0,12,0,2,43,0,45,0,8,49,0,57,64,0,64,121
08/18/2011,MDH,IL,AGL,CE,Federal Contract Tower,0,4,0,0,4,0,0,19,0,19,0,4,19,0,23,26,0,26,49
08/19/2011,MDH,IL,AGL,CE,Federal Contract Tower,0,2,1,0,3,0,0,49,0,49,0,2,50,0,52,108,0,108,160
08/20/2011,MDH,IL,AGL,CE,Federal Contract Tower,0,1,2,0,3,0,0,22,0,22,0,1,24,0,25,12,0,12,37
08/21/2011,MDH,IL,AGL,CE,Federal Contract Tower,0,0,2,0,2,0,0,4,0,4,0,0,6,0,6,2,0,2,8
08/22/2011,MDH,IL,AGL,CE,Federal Contract Tower,0,0,0,0,0,0,0,19,0,19,0,0,19,0,19,44,0,44,63
08/23/2011,MDH,IL,AGL,CE,Federal Contract Tower,0,3,2,0,5,0,0,51,0,51,0,3,53,0,56,102,0,102,158
08/24/2011,MDH,IL,AGL,CE,Federal Contract Tower,0,3,3,0,6,0,0,87,0,87,0,3,90,0,93,132,0,132,225
08/25/2011,MDH,IL,AGL,CE,Federal Contract Tower,0,2,1,0,3,0,2,78,0,80,0,4,79,0,83,108,0,108,191
08/26/2011,MDH,IL,AGL,CE,Federal Contract Tower,0,1,1,0,2,0,0,121,0,121,0,1,122,0,123,220,0,220,343
08/27/2011,MDH,IL,AGL,CE,Federal Contract Tower,0,5,4,0,9,0,0,59,0,59,0,5,63,0,68,42,0,42,110
08/28/2011,MDH,IL,AGL,CE,Federal Contract Tower,0,6,6,0,12,0,2,24,0,26,0,8,30,0,38,40,0,40,78
08/29/2011,MDH,IL,AGL,CE,Federal Contract Tower,0,2,0,0,2,0,5,115,0,120,0,7,115,0,122,218,0,218,340
08/30/2011,MDH,IL,AGL,CE,Federal Contract Tower,0,2,4,0,6,0,0,149,0,149,0,2,153,0,155,206,0,206,361
08/31/2011,MDH,IL,AGL,CE,Federal Contract Tower,0,0,5,0,5,0,1,171,0,172,0,1,176,0,177,320,0,320,497
09/01/2011,MDH,IL,AGL,CE,Federal Contract Tower,0,8,7,0,15,0,0,127,0,127,0,8,134,0,142,264,0,264,406
09/02/2011,MDH,IL,AGL,CE,Federal Contract Tower,0,2,1,0,3,0,0,102,0,102,0,2,103,0,105,108,0,108,213
09/03/2011,MDH,IL,AGL,CE,Federal Contract Tower,0,0,3,0,3,0,0,32,0,32,0,0,35,0,35,8,0,8,43
09/04/2011,MDH,IL,AGL,CE,Federal Contract Tower,0,1,1,0,2,0,0,3,0,3,0,1,4,0,5,0,0,0,5
09/05/2011,MDH,IL,AGL,CE,Federal Contract Tower,0,5,3,0,8,0,1,11,0,12,0,6,14,0,20,0,0,0,20
09/06/2011,MDH,IL,AGL,CE,Federal Contract Tower,0,0,2,0,2,0,0,101,0,101,0,0,103,0,103,106,0,106,209
09/07/2011,MDH,IL,AGL,CE,Federal Contract Tower,0,2,5,0,7,0,0,127,0,127,0,2,132,0,134,232,0,232,366
09/08/2011,MDH,IL,AGL,CE,Federal Contract Tower,0,0,2,0,2,0,0,173,0,173,0,0,175,0,175,456,0,456,631
09/09/2011,MDH,IL,AGL,CE,Federal Contract Tower,0,4,13,0,17,0,0,48,0,48,0,4,61,0,65,120,0,120,185
09/10/2011,MDH,IL,AGL,CE,Federal Contract Tower,0,5,0,0,5,0,0,7,0,7,0,5,7,0,12,8,0,8,20
09/11/2011,MDH,IL,AGL,CE,Federal Contract Tower,0,2,3,0,5,0,0,31,0,31,0,2,34,0,36,58,0,58,94
09/12/2011,MDH,IL,AGL,CE,Federal Contract Tower,0,0,3,0,3,0,0,181,0,181,0,0,184,0,184,328,0,328,512
09/13/2011,MDH,IL,AGL,CE,Federal Contract Tower,0,4,1,0,5,0,0,148,2,150,0,4,149,2,155,300,0,300,455
09/14/2011,MDH,IL,AGL,CE,Federal Contract Tower,0,1,2,0,3,0,0,21,0,21,0,1,23,0,24,24,0,24,48
09/15/2011,MDH,IL,AGL,CE,Federal Contract Tower,0,0,2,0,2,0,0,84,0,84,0,0,86,0,86,210,0,210,296
09/16/2011,MDH,IL,AGL,CE,Federal Contract Tower,0,2,5,0,7,0,0,209,0,209,0,2,214,0,216,366,0,366,582
09/17/2011,MDH,IL,AGL,CE,Federal Contract Tower,0,3,2,0,5,0,0,36,0,36,0,3,38,0,41,42,0,42,83
09/18/2011,MDH,IL,AGL,CE,Federal Contract Tower,0,0,5,0,5,0,0,4,0,4,0,0,9,0,9,6,0,6,15
09/19/2011,MDH,IL,AGL,CE,Federal Contract Tower,0,0,8,0,8,0,0,66,0,66,0,0,74,0,74,220,0,220,294
09/20/2011,MDH,IL,AGL,CE,Federal Contract Tower,0,0,4,0,4,0,0,98,0,98,0,0,102,0,102,270,0,270,372
09/21/2011,MDH,IL,AGL,CE,Federal Contract Tower,0,4,2,0,6,0,0,184,0,184,0,4,186,0,190,434,0,434,624
09/22/2011,MDH,IL,AGL,CE,Federal Contract Tower,0,2,3,0,5,0,0,117,0,117,0,2,120,0,122,160,0,160,282
09/23/2011,MDH,IL,AGL,CE,Federal Contract Tower,0,4,7,0,11,0,0,48,0,48,0,4,55,0,59,72,0,72,131
09/24/2011,MDH,IL,AGL,CE,Federal Contract Tower,0,3,5,0,8,0,1,68,0,69,0,4,73,0,77,246,0,246,323
09/25/2011,MDH,IL,AGL,CE,Federal Contract Tower,0,1,0,0,1,0,0,0,0,0,0,1,0,0,1,0,0,0,1
09/26/2011,MDH,IL,AGL,CE,Federal Contract Tower,0,0,4,0,4,0,0,203,0,203,0,0,207,0,207,524,0,524,731
09/27/2011,MDH,IL,AGL,CE,Federal Contract Tower,0,3,0,0,3,0,3,165,0,168,0,6,165,0,171,456,0,456,627
09/28/2011,MDH,IL,AGL,CE,Federal Contract Tower,0,2,3,0,5,0,0,193,0,193,0,2,196,0,198,312,0,312,510
09/29/2011,MDH,IL,AGL,CE,Federal Contract Tower,0,9,4,0,13,0,0,130,2,132,0,9,134,2,145,198,0,198,343
09/30/2011,MDH,IL,AGL,CE,Federal Contract Tower,0,7,5,0,12,0,0,79,0,79,0,7,84,0,91,34,0,34,125
10/01/2011,MDH,IL,AGL,CE,Federal Contract Tower,0,0,3,0,3,0,0,105,0,105,0,0,108,0,108,264,0,264,372
10/02/2011,MDH,IL,AGL,CE,Federal Contract Tower,0,0,4,0,4,0,0,142,8,150,0,0,146,8,154,312,0,312,466
10/03/2011,MDH,IL,AGL,CE,Federal Contract Tower,0,0,0,0,0,0,0,173,0,173,0,0,173,0,173,564,0,564,737
10/04/2011,MDH,IL,AGL,CE,Federal Contract Tower,0,5,0,0,5,0,0,150,0,150,0,5,150,0,155,220,0,220,375
10/05/2011,MDH,IL,AGL,CE,Federal Contract Tower,0,0,1,0,1,0,0,169,0,169,0,0,170,0,170,206,0,206,376
10/06/2011,MDH,IL,AGL,CE,Federal Contract Tower,0,8,2,0,10,0,0,190,0,190,0,8,192,0,200,226,0,226,426
10/07/2011,MDH,IL,AGL,CE,Federal Contract Tower,0,2,0,0,2,0,0,145,0,145,0,2,145,0,147,200,0,200,347
10/08/2011,MDH,IL,AGL,CE,Federal Contract Tower,0,6,3,0,9,0,0,146,2,148,0,6,149,2,157,294,0,294,451
10/09/2011,MDH,IL,AGL,CE,Federal Contract Tower,0,0,4,0,4,0,0,16,0,16,0,0,20,0,20,0,0,0,20
10/10/2011,MDH,IL,AGL,CE,Federal Contract Tower,0,8,3,0,11,0,2,163,0,165,0,10,166,0,176,288,0,288,464
10/11/2011,MDH,IL,AGL,CE,Federal Contract Tower,0,2,4,0,6,0,0,108,0,108,0,2,112,0,114,236,0,236,350
10/12/2011,MDH,IL,AGL,CE,Federal Contract Tower,0,5,3,0,8,0,0,105,0,105,0,5,108,0,113,238,0,238,351
10/13/2011,MDH,IL,AGL,CE,Federal Contract Tower,0,2,2,0,4,0,0,69,0,69,0,2,71,0,73,302,0,302,375
10/14/2011,MDH,IL,AGL,CE,Federal Contract Tower,0,6,5,0,11,0,0,119,0,119,0,6,124,0,130,171,0,171,301
10/15/2011,MDH,IL,AGL,CE,Federal Contract Tower,2,1,1,0,4,0,0,78,0,78,2,1,79,0,82,12,0,12,94
10/16/2011,MDH,IL,AGL,CE,Federal Contract Tower,0,2,6,2,10,0,0,10,0,10,0,2,16,2,20,6,0,6,26
10/17/2011,MDH,IL,AGL,CE,Federal Contract Tower,0,0,3,0,3,0,0,162,0,162,0,0,165,0,165,280,0,280,445
10/18/2011,MDH,IL,AGL,CE,Federal Contract Tower,0,0,6,0,6,0,0,0,0,0,0,0,6,0,6,0,0,0,6
10/19/2011,MDH,IL,AGL,CE,Federal Contract Tower,0,5,5,0,10,0,0,0,0,0,0,5,5,0,10,0,0,0,10
10/20/2011,MDH,IL,AGL,CE,Federal Contract Tower,0,5,3,0,8,0,0,75,0,75,0,5,78,0,83,244,0,244,327
10/21/2011,MDH,IL,AGL,CE,Federal Contract Tower,0,6,3,0,9,0,0,148,0,148,0,6,151,0,157,346,0,346,503
10/22/2011,MDH,IL,AGL,CE,Federal Contract Tower,0,0,5,0,5,0,1,77,0,78,0,1,82,0,83,132,0,132,215
10/23/2011,MDH,IL,AGL,CE,Federal Contract Tower,0,4,0,0,4,0,0,47,0,47,0,4,47,0,51,130,0,130,181
10/24/2011,MDH,IL,AGL,CE,Federal Contract Tower,0,0,1,0,1,0,0,146,0,146,0,0,147,0,147,430,0,430,577
10/25/2011,MDH,IL,AGL,CE,Federal Contract Tower,0,3,4,0,7,0,0,79,0,79,0,3,83,0,86,148,0,148,234
10/26/2011,MDH,IL,AGL,CE,Federal Contract Tower,0,0,5,0,5,0,0,57,0,57,0,0,62,0,62,146,0,146,208
10/27/2011,MDH,IL,AGL,CE,Federal Contract Tower,0,3,5,0,8,0,0,101,0,101,0,3,106,0,109,378,0,378,487
10/28/2011,MDH,IL,AGL,CE,Federal Contract Tower,0,8,5,0,13,0,0,152,0,152,0,8,157,0,165,402,0,402,567
10/29/2011,MDH,IL,AGL,CE,Federal Contract Tower,0,1,6,0,7,0,1,34,0,35,0,2,40,0,42,60,0,60,102
10/30/2011,MDH,IL,AGL,CE,Federal Contract Tower,0,2,5,0,7,0,0,28,0,28,0,2,33,0,35,28,0,28,63
10/31/2011,MDH,IL,AGL,CE,Federal Contract Tower,0,0,0,0,0,0,2,135,0,137,0,2,135,0,137,278,0,278,415
11/01/2011,MDH,IL,AGL,CE,Federal Contract Tower,0,6,3,0,9,0,0,143,0,143,0,6,146,0,152,284,0,284,436
11/02/2011,MDH,IL,AGL,CE,Federal Contract Tower,0,4,1,0,5,0,0,82,0,82,0,4,83,0,87,132,0,132,219
11/03/2011,MDH,IL,AGL,CE,Federal Contract Tower,0,0,0,0,0,0,0,2,0,2,0,0,2,0,2,0,0,0,2
11/04/2011,MDH,IL,AGL,CE,Federal Contract Tower,0,2,13,0,15,0,0,90,0,90,0,2,103,0,105,146,0,146,251
11/05/2011,MDH,IL,AGL,CE,Federal Contract Tower,0,1,4,0,5,0,1,55,0,56,0,2,59,0,61,104,0,104,165
11/06/2011,MDH,IL,AGL,CE,Federal Contract Tower,0,0,2,0,2,0,0,29,4,33,0,0,31,4,35,40,0,40,75
11/07/2011,MDH,IL,AGL,CE,Federal Contract Tower,0,3,3,0,6,0,0,133,0,133,0,3,136,0,139,226,0,226,365
11/08/2011,MDH,IL,AGL,CE,Federal Contract Tower,0,4,0,0,4,0,0,58,0,58,0,4,58,0,62,94,0,94,156
11/09/2011,MDH,IL,AGL,CE,Federal Contract Tower,1,5,0,0,6,0,0,12,0,12,1,5,12,0,18,6,0,6,24
11/10/2011,MDH,IL,AGL,CE,Federal Contract Tower,0,1,3,0,4,0,0,116,0,116,0,1,119,0,120,216,0,216,336
11/11/2011,MDH,IL,AGL,CE,Federal Contract Tower,0,0,2,0,2,0,0,28,0,28,0,0,30,0,30,18,0,18,48
11/12/2011,MDH,IL,AGL,CE,Federal Contract Tower,0,7,3,0,10,0,0,34,14,48,0,7,37,14,58,16,0,16,74
11/13/2011,MDH,IL,AGL,CE,Federal Contract Tower,0,7,1,0,8,0,0,11,7,18,0,7,12,7,26,0,0,0,26
11/14/2011,MDH,IL,AGL,CE,Federal Contract Tower,0,0,3,0,3,0,0,0,0,0,0,0,3,0,3,0,0,0,3
11/15/2011,MDH,IL,AGL,CE,Federal Contract Tower,0,1,4,0,5,0,0,32,0,32,0,1,36,0,37,66,0,66,103
11/16/2011,MDH,IL,AGL,CE,Federal Contract Tower,0,6,2,0,8,0,1,119,0,120,0,7,121,0,128,262,0,262,390
11/17/2011,MDH,IL,AGL,CE,Federal Contract Tower,0,10,4,0,14,0,0,218,0,218,0,10,222,0,232,476,0,476,708
11/18/2011,MDH,IL,AGL,CE,Federal Contract Tower,0,5,3,0,8,0,0,57,0,57,0,5,60,0,65,54,0,54,119
11/19/2011,MDH,IL,AGL,CE,Federal Contract Tower,0,1,3,0,4,0,0,0,0,0,0,1,3,0,4,0,0,0,4
11/20/2011,MDH,IL,AGL,CE,Federal Contract Tower,0,1,7,0,8,0,0,0,0,0,0,1,7,0,8,0,0,0,8
11/21/2011,MDH,IL,AGL,CE,Federal Contract Tower,0,0,0,0,0,0,0,0,0,0,0,0,0,0,0,0,0,0,0
11/22/2011,MDH,IL,AGL,CE,Federal Contract Tower,0,5,4,0,9,0,0,0,0,0,0,5,4,0,9,0,0,0,9
11/23/2011,MDH,IL,AGL,CE,Federal Contract Tower,0,4,6,0,10,0,0,10,0,10,0,4,16,0,20,2,0,2,22
11/24/2011,MDH,IL,AGL,CE,Federal Contract Tower,0,2,1,0,3,0,0,5,0,5,0,2,6,0,8,4,0,4,12
11/25/2011,MDH,IL,AGL,CE,Federal Contract Tower,0,0,1,0,1,0,0,4,0,4,0,0,5,0,5,0,0,0,5
11/26/2011,MDH,IL,AGL,CE,Federal Contract Tower,0,2,1,0,3,0,0,1,0,1,0,2,2,0,4,0,0,0,4
11/27/2011,MDH,IL,AGL,CE,Federal Contract Tower,0,4,3,0,7,0,0,0,0,0,0,4,3,0,7,0,0,0,7
11/28/2011,MDH,IL,AGL,CE,Federal Contract Tower,0,1,0,0,1,0,0,0,0,0,0,1,0,0,1,0,0,0,1
11/29/2011,MDH,IL,AGL,CE,Federal Contract Tower,0,3,0,0,3,0,0,0,0,0,0,3,0,0,3,0,0,0,3
11/30/2011,MDH,IL,AGL,CE,Federal Contract Tower,0,3,1,0,4,0,0,219,0,219,0,3,220,0,223,552,0,552,775
12/01/2011,MDH,IL,AGL,CE,Federal Contract Tower,0,11,0,0,11,0,0,245,0,245,0,11,245,0,256,446,0,446,702
12/02/2011,MDH,IL,AGL,CE,Federal Contract Tower,0,0,5,0,5,0,0,236,3,239,0,0,241,3,244,444,0,444,688
12/03/2011,MDH,IL,AGL,CE,Federal Contract Tower,0,1,1,0,2,0,0,131,0,131,0,1,132,0,133,276,0,276,409
12/04/2011,MDH,IL,AGL,CE,Federal Contract Tower,0,0,0,0,0,0,0,0,0,0,0,0,0,0,0,0,0,0,0
12/05/2011,MDH,IL,AGL,CE,Federal Contract Tower,0,0,2,0,2,0,0,0,0,0,0,0,2,0,2,0,0,0,2
12/06/2011,MDH,IL,AGL,CE,Federal Contract Tower,0,2,4,0,6,0,0,0,0,0,0,2,4,0,6,0,0,0,6
12/07/2011,MDH,IL,AGL,CE,Federal Contract Tower,0,9,3,0,12,0,1,23,0,24,0,10,26,0,36,144,0,144,180
12/08/2011,MDH,IL,AGL,CE,Federal Contract Tower,0,5,0,0,5,0,0,199,0,199,0,5,199,0,204,522,0,522,726
12/09/2011,MDH,IL,AGL,CE,Federal Contract Tower,0,2,3,0,5,0,0,104,0,104,0,2,107,0,109,288,0,288,397
12/10/2011,MDH,IL,AGL,CE,Federal Contract Tower,0,0,0,0,0,0,1,115,0,116,0,1,115,0,116,5,0,5,121
12/11/2011,MDH,IL,AGL,CE,Federal Contract Tower,0,0,2,0,2,0,0,89,0,89,0,0,91,0,91,180,0,180,271
12/12/2011,MDH,IL,AGL,CE,Federal Contract Tower,0,0,2,0,2,0,0,171,0,171,0,0,173,0,173,352,0,352,525
12/13/2011,MDH,IL,AGL,CE,Federal Contract Tower,0,4,6,0,10,0,0,0,0,0,0,4,6,0,10,0,0,0,10
12/14/2011,MDH,IL,AGL,CE,Federal Contract Tower,0,0,8,0,8,0,0,9,0,9,0,0,17,0,17,18,0,18,35
12/15/2011,MDH,IL,AGL,CE,Federal Contract Tower,0,5,2,0,7,0,0,42,0,42,0,5,44,0,49,86,0,86,135
12/16/2011,MDH,IL,AGL,CE,Federal Contract Tower,0,3,3,0,6,0,0,82,0,82,0,3,85,0,88,214,0,214,302
12/17/2011,MDH,IL,AGL,CE,Federal Contract Tower,0,2,1,0,3,0,4,33,0,37,0,6,34,0,40,44,0,44,84
12/18/2011,MDH,IL,AGL,CE,Federal Contract Tower,0,0,2,0,2,0,0,29,0,29,0,0,31,0,31,28,0,28,59
12/19/2011,MDH,IL,AGL,CE,Federal Contract Tower,0,0,4,0,4,0,0,28,0,28,0,0,32,0,32,46,0,46,78
12/20/2011,MDH,IL,AGL,CE,Federal Contract Tower,0,4,0,0,4,0,0,0,0,0,0,4,0,0,4,0,0,0,4
12/21/2011,MDH,IL,AGL,CE,Federal Contract Tower,0,0,4,0,4,0,0,30,0,30,0,0,34,0,34,36,0,36,70
12/22/2011,MDH,IL,AGL,CE,Federal Contract Tower,0,1,4,0,5,0,0,1,0,1,0,1,5,0,6,0,0,0,6
12/23/2011,MDH,IL,AGL,CE,Federal Contract Tower,0,5,1,0,6,0,0,10,0,10,0,5,11,0,16,0,0,0,16
12/24/2011,MDH,IL,AGL,CE,Federal Contract Tower,0,1,1,0,2,0,0,4,0,4,0,1,5,0,6,10,0,10,16
12/25/2011,MDH,IL,AGL,CE,Federal Contract Tower,0,2,0,0,2,0,0,2,0,2,0,2,2,0,4,0,0,0,4
12/26/2011,MDH,IL,AGL,CE,Federal Contract Tower,0,2,4,0,6,0,2,5,0,7,0,4,9,0,13,8,0,8,21
12/27/2011,MDH,IL,AGL,CE,Federal Contract Tower,0,2,0,0,2,0,0,0,0,0,0,2,0,0,2,0,0,0,2
12/28/2011,MDH,IL,AGL,CE,Federal Contract Tower,0,2,3,0,5,0,0,19,0,19,0,2,22,0,24,6,0,6,30
12/29/2011,MDH,IL,AGL,CE,Federal Contract Tower,0,0,2,0,2,0,0,4,0,4,0,0,6,0,6,0,0,0,6
12/30/2011,MDH,IL,AGL,CE,Federal Contract Tower,0,0,1,0,1,0,0,5,0,5,0,0,6,0,6,0,0,0,6
12/31/2011,MDH,IL,AGL,CE,Federal Contract Tower,0,0,2,0,2,0,0,14,0,14,0,0,16,0,16,38,0,38,54
01/01/2012,MDH,IL,AGL,CE,Federal Contract Tower,0,0,4,0,4,0,0,1,0,1,0,0,5,0,5,0,0,0,5
01/02/2012,MDH,IL,AGL,CE,Federal Contract Tower,0,2,3,0,5,0,0,4,0,4,0,2,7,0,9,0,0,0,9
01/03/2012,MDH,IL,AGL,CE,Federal Contract Tower,0,4,0,0,4,0,3,0,0,3,0,7,0,0,7,0,0,0,7
01/04/2012,MDH,IL,AGL,CE,Federal Contract Tower,0,2,3,0,5,0,1,14,0,15,0,3,17,0,20,8,0,8,28
01/05/2012,MDH,IL,AGL,CE,Federal Contract Tower,0,2,0,0,2,0,0,12,0,12,0,2,12,0,14,16,0,16,30
01/06/2012,MDH,IL,AGL,CE,Federal Contract Tower,0,0,1,0,1,0,0,14,0,14,0,0,15,0,15,20,0,20,35
01/07/2012,MDH,IL,AGL,CE,Federal Contract Tower,0,2,0,0,2,0,0,16,0,16,0,2,16,0,18,16,0,16,34
01/08/2012,MDH,IL,AGL,CE,Federal Contract Tower,0,0,4,0,4,0,0,16,0,16,0,0,20,0,20,34,0,34,54
01/09/2012,MDH,IL,AGL,CE,Federal Contract Tower,0,2,1,0,3,0,0,22,0,22,0,2,23,0,25,16,0,16,41
01/10/2012,MDH,IL,AGL,CE,Federal Contract Tower,0,1,0,0,1,0,0,32,0,32,0,1,32,0,33,44,0,44,77
01/11/2012,MDH,IL,AGL,CE,Federal Contract Tower,0,0,4,0,4,0,0,0,0,0,0,0,4,0,4,0,0,0,4
01/12/2012,MDH,IL,AGL,CE,Federal Contract Tower,0,5,0,0,5,0,0,0,0,0,0,5,0,0,5,0,0,0,5
01/13/2012,MDH,IL,AGL,CE,Federal Contract Tower,0,3,0,0,3,0,0,56,0,56,0,3,56,0,59,50,0,50,109
01/14/2012,MDH,IL,AGL,CE,Federal Contract Tower,0,3,4,0,7,0,0,10,0,10,0,3,14,0,17,22,0,22,39
01/15/2012,MDH,IL,AGL,CE,Federal Contract Tower,0,0,1,0,1,0,0,12,0,12,0,0,13,0,13,12,0,12,25
01/16/2012,MDH,IL,AGL,CE,Federal Contract Tower,0,0,0,0,0,0,0,0,0,0,0,0,0,0,0,0,0,0,0
01/17/2012,MDH,IL,AGL,CE,Federal Contract Tower,0,0,0,0,0,0,0,1,0,1,0,0,1,0,1,0,0,0,1
01/18/2012,MDH,IL,AGL,CE,Federal Contract Tower,0,4,0,0,4,0,0,65,0,65,0,4,65,0,69,92,0,92,161
01/19/2012,MDH,IL,AGL,CE,Federal Contract Tower,0,3,0,0,3,0,0,73,0,73,0,3,73,0,76,158,0,158,234
01/20/2012,MDH,IL,AGL,CE,Federal Contract Tower,0,0,0,0,0,0,0,63,0,63,0,0,63,0,63,150,0,150,213
01/21/2012,MDH,IL,AGL,CE,Federal Contract Tower,0,1,0,0,1,0,0,0,0,0,0,1,0,0,1,0,0,0,1
01/22/2012,MDH,IL,AGL,CE,Federal Contract Tower,0,0,0,0,0,0,0,0,0,0,0,0,0,0,0,0,0,0,0
01/23/2012,MDH,IL,AGL,CE,Federal Contract Tower,0,0,0,0,0,0,0,62,0,62,0,0,62,0,62,112,0,112,174
01/24/2012,MDH,IL,AGL,CE,Federal Contract Tower,0,6,2,0,8,0,0,147,0,147,0,6,149,0,155,256,0,256,411
01/25/2012,MDH,IL,AGL,CE,Federal Contract Tower,0,4,0,0,4,0,0,8,0,8,0,4,8,0,12,28,0,28,40
01/26/2012,MDH,IL,AGL,CE,Federal Contract Tower,0,3,1,0,4,0,0,0,0,0,0,3,1,0,4,0,0,0,4
01/27/2012,MDH,IL,AGL,CE,Federal Contract Tower,0,0,5,0,5,0,0,93,0,93,0,0,98,0,98,224,0,224,322
01/28/2012,MDH,IL,AGL,CE,Federal Contract Tower,0,2,0,0,2,0,0,33,0,33,0,2,33,0,35,36,0,36,71
01/29/2012,MDH,IL,AGL,CE,Federal Contract Tower,0,0,4,0,4,0,0,36,0,36,0,0,40,0,40,116,0,116,156
01/30/2012,MDH,IL,AGL,CE,Federal Contract Tower,0,1,0,0,1,0,0,158,0,158,0,1,158,0,159,334,0,334,493
01/31/2012,MDH,IL,AGL,CE,Federal Contract Tower,0,8,4,0,12,0,0,67,0,67,0,8,71,0,79,94,0,94,173
02/01/2012,MDH,IL,AGL,CE,Federal Contract Tower,0,2,2,0,4,0,0,102,0,102,0,2,104,0,106,250,0,250,356
02/02/2012,MDH,IL,AGL,CE,Federal Contract Tower,0,3,12,0,15,0,0,148,0,148,0,3,160,0,163,304,0,304,467
02/03/2012,MDH,IL,AGL,CE,Federal Contract Tower,0,2,11,0,13,0,0,93,0,93,0,2,104,0,106,250,0,250,356
02/04/2012,MDH,IL,AGL,CE,Federal Contract Tower,0,0,0,0,0,0,0,0,0,0,0,0,0,0,0,0,0,0,0
02/05/2012,MDH,IL,AGL,CE,Federal Contract Tower,0,0,1,0,1,0,4,0,0,4,0,4,1,0,5,0,0,0,5
02/06/2012,MDH,IL,AGL,CE,Federal Contract Tower,0,2,9,0,11,0,2,106,0,108,0,4,115,0,119,298,0,298,417
02/07/2012,MDH,IL,AGL,CE,Federal Contract Tower,0,5,2,0,7,0,0,110,0,110,0,5,112,0,117,214,0,214,331
02/08/2012,MDH,IL,AGL,CE,Federal Contract Tower,0,6,0,0,6,0,0,23,0,23,0,6,23,0,29,56,0,56,85
02/09/2012,MDH,IL,AGL,CE,Federal Contract Tower,0,4,3,0,7,0,2,128,2,132,0,6,131,2,139,372,0,372,511
02/10/2012,MDH,IL,AGL,CE,Federal Contract Tower,0,0,1,0,1,0,0,7,0,7,0,0,8,0,8,6,0,6,14
02/11/2012,MDH,IL,AGL,CE,Federal Contract Tower,0,0,4,0,4,0,0,50,0,50,0,0,54,0,54,14,0,14,68
02/12/2012,MDH,IL,AGL,CE,Federal Contract Tower,0,3,8,0,11,0,0,100,0,100,0,3,108,0,111,174,0,174,285
02/13/2012,MDH,IL,AGL,CE,Federal Contract Tower,0,1,0,0,1,0,0,95,0,95,0,1,95,0,96,214,0,214,310
02/14/2012,MDH,IL,AGL,CE,Federal Contract Tower,0,4,0,0,4,0,0,0,22,22,0,4,0,22,26,80,0,80,106
02/15/2012,MDH,IL,AGL,CE,Federal Contract Tower,0,5,4,0,9,0,0,2,0,2,0,5,6,0,11,28,0,28,39
02/16/2012,MDH,IL,AGL,CE,Federal Contract Tower,0,0,12,0,12,0,0,77,0,77,0,0,89,0,89,232,0,232,321
02/17/2012,MDH,IL,AGL,CE,Federal Contract Tower,0,2,8,0,10,0,0,142,0,142,0,2,150,0,152,241,0,241,393
02/18/2012,MDH,IL,AGL,CE,Federal Contract Tower,0,2,2,0,4,0,0,56,0,56,0,2,58,0,60,50,0,50,110
02/19/2012,MDH,IL,AGL,CE,Federal Contract Tower,0,0,6,0,6,0,0,68,0,68,0,0,74,0,74,96,0,96,170
02/20/2012,MDH,IL,AGL,CE,Federal Contract Tower,0,1,3,0,4,0,0,122,0,122,0,1,125,0,126,242,0,242,368
02/21/2012,MDH,IL,AGL,CE,Federal Contract Tower,0,3,0,0,3,0,0,114,0,114,0,3,114,0,117,220,0,220,337
02/22/2012,MDH,IL,AGL,CE,Federal Contract Tower,0,7,2,0,9,0,0,143,0,143,0,7,145,0,152,280,0,280,432
02/23/2012,MDH,IL,AGL,CE,Federal Contract Tower,0,0,5,0,5,0,0,86,0,86,0,0,91,0,91,232,0,232,323
02/24/2012,MDH,IL,AGL,CE,Federal Contract Tower,0,0,0,0,0,0,0,12,0,12,0,0,12,0,12,36,0,36,48
02/25/2012,MDH,IL,AGL,CE,Federal Contract Tower,0,0,4,0,4,0,0,72,0,72,0,0,76,0,76,92,0,92,168
02/26/2012,MDH,IL,AGL,CE,Federal Contract Tower,0,3,2,0,5,0,0,21,0,21,0,3,23,0,26,26,0,26,52
02/27/2012,MDH,IL,AGL,CE,Federal Contract Tower,0,0,2,0,2,0,0,221,4,225,0,0,223,4,227,380,0,380,607
02/28/2012,MDH,IL,AGL,CE,Federal Contract Tower,0,3,2,0,5,0,0,180,0,180,0,3,182,0,185,318,0,318,503
02/29/2012,MDH,IL,AGL,CE,Federal Contract Tower,0,2,0,0,2,0,0,76,0,76,0,2,76,0,78,144,0,144,222
03/01/2012,MDH,IL,AGL,CE,Federal Contract Tower,0,5,5,0,10,0,0,208,0,208,0,5,213,0,218,428,0,428,646
03/02/2012,MDH,IL,AGL,CE,Federal Contract Tower,0,2,0,0,2,0,0,0,0,0,0,2,0,0,2,0,0,0,2
03/03/2012,MDH,IL,AGL,CE,Federal Contract Tower,0,2,5,0,7,0,0,42,0,42,0,2,47,0,49,60,0,60,109
03/04/2012,MDH,IL,AGL,CE,Federal Contract Tower,0,2,6,0,8,0,0,76,0,76,0,2,82,0,84,146,0,146,230
03/05/2012,MDH,IL,AGL,CE,Federal Contract Tower,0,0,4,0,4,0,0,209,0,209,0,0,213,0,213,388,0,388,601
03/06/2012,MDH,IL,AGL,CE,Federal Contract Tower,0,4,1,0,5,0,0,22,0,22,0,4,23,0,27,28,0,28,55
03/07/2012,MDH,IL,AGL,CE,Federal Contract Tower,0,2,2,0,4,0,0,11,2,13,0,2,13,2,17,4,0,4,21
03/08/2012,MDH,IL,AGL,CE,Federal Contract Tower,0,2,0,0,2,0,0,23,0,23,0,2,23,0,25,56,0,56,81
03/09/2012,MDH,IL,AGL,CE,Federal Contract Tower,0,0,2,0,2,0,0,128,0,128,0,0,130,0,130,228,0,228,358
03/10/2012,MDH,IL,AGL,CE,Federal Contract Tower,0,0,3,0,3,0,0,33,0,33,0,0,36,0,36,20,0,20,56
03/11/2012,MDH,IL,AGL,CE,Federal Contract Tower,0,2,0,0,2,0,0,11,0,11,0,2,11,0,13,0,0,0,13
03/12/2012,MDH,IL,AGL,CE,Federal Contract Tower,0,3,0,0,3,0,0,2,0,2,0,3,2,0,5,0,0,0,5
03/13/2012,MDH,IL,AGL,CE,Federal Contract Tower,0,3,1,0,4,0,0,75,0,75,0,3,76,0,79,94,0,94,173
03/14/2012,MDH,IL,AGL,CE,Federal Contract Tower,0,5,4,0,9,0,1,37,0,38,0,6,41,0,47,48,0,48,95
03/15/2012,MDH,IL,AGL,CE,Federal Contract Tower,0,3,1,0,4,0,0,3,0,3,0,3,4,0,7,4,0,4,11
03/16/2012,MDH,IL,AGL,CE,Federal Contract Tower,0,1,1,0,2,0,0,6,0,6,0,1,7,0,8,8,0,8,16
03/17/2012,MDH,IL,AGL,CE,Federal Contract Tower,0,2,0,0,2,0,0,6,0,6,0,2,6,0,8,26,0,26,34
03/18/2012,MDH,IL,AGL,CE,Federal Contract Tower,0,3,3,0,6,0,0,3,0,3,0,3,6,0,9,0,0,0,9
03/19/2012,MDH,IL,AGL,CE,Federal Contract Tower,0,0,0,0,0,0,0,179,0,179,0,0,179,0,179,352,0,352,531
03/20/2012,MDH,IL,AGL,CE,Federal Contract Tower,0,2,2,1,5,0,0,112,1,113,0,2,114,2,118,240,0,240,358
03/21/2012,MDH,IL,AGL,CE,Federal Contract Tower,0,0,1,0,1,0,0,86,2,88,0,0,87,2,89,144,0,144,233
03/22/2012,MDH,IL,AGL,CE,Federal Contract Tower,0,3,2,0,5,0,0,19,0,19,0,3,21,0,24,58,0,58,82
03/23/2012,MDH,IL,AGL,CE,Federal Contract Tower,0,4,0,0,4,0,0,34,0,34,0,4,34,0,38,128,0,128,166
03/24/2012,MDH,IL,AGL,CE,Federal Contract Tower,0,1,9,0,10,0,0,0,0,0,0,1,9,0,10,0,0,0,10
03/25/2012,MDH,IL,AGL,CE,Federal Contract Tower,0,1,7,0,8,0,0,86,0,86,0,1,93,0,94,172,0,172,266
03/26/2012,MDH,IL,AGL,CE,Federal Contract Tower,0,2,6,0,8,0,0,244,0,244,0,2,250,0,252,468,0,468,720
03/27/2012,MDH,IL,AGL,CE,Federal Contract Tower,0,0,7,0,7,0,0,250,0,250,0,0,257,0,257,402,0,402,659
03/28/2012,MDH,IL,AGL,CE,Federal Contract Tower,0,5,4,0,9,0,0,136,0,136,0,5,140,0,145,270,0,270,415
03/29/2012,MDH,IL,AGL,CE,Federal Contract Tower,0,3,1,0,4,0,0,205,0,205,0,3,206,0,209,522,0,522,731
03/30/2012,MDH,IL,AGL,CE,Federal Contract Tower,0,1,5,0,6,0,0,119,0,119,0,1,124,0,125,145,0,145,270
03/31/2012,MDH,IL,AGL,CE,Federal Contract Tower,0,4,3,0,7,0,0,34,0,34,0,4,37,0,41,36,0,36,77
04/01/2012,MDH,IL,AGL,CE,Federal Contract Tower,0,3,4,0,7,0,0,45,0,45,0,3,49,0,52,38,0,38,90
04/02/2012,MDH,IL,AGL,CE,Federal Contract Tower,0,3,11,0,14,0,0,172,0,172,0,3,183,0,186,390,0,390,576
04/03/2012,MDH,IL,AGL,CE,Federal Contract Tower,0,1,0,0,1,0,0,169,0,169,0,1,169,0,170,398,0,398,568
04/04/2012,MDH,IL,AGL,CE,Federal Contract Tower,0,0,6,0,6,0,0,7,0,7,0,0,13,0,13,0,0,0,13
04/05/2012,MDH,IL,AGL,CE,Federal Contract Tower,0,7,10,0,17,0,0,102,0,102,0,7,112,0,119,292,0,292,411
04/06/2012,MDH,IL,AGL,CE,Federal Contract Tower,0,0,4,0,4,0,1,146,0,147,0,1,150,0,151,302,0,302,453
04/07/2012,MDH,IL,AGL,CE,Federal Contract Tower,0,1,2,0,3,0,0,61,0,61,0,1,63,0,64,130,0,130,194
04/08/2012,MDH,IL,AGL,CE,Federal Contract Tower,0,0,2,0,2,0,0,45,0,45,0,0,47,0,47,44,0,44,91
04/09/2012,MDH,IL,AGL,CE,Federal Contract Tower,0,3,9,0,12,0,0,153,0,153,0,3,162,0,165,360,0,360,525
04/10/2012,MDH,IL,AGL,CE,Federal Contract Tower,0,4,4,0,8,0,3,138,0,141,0,7,142,0,149,322,0,322,471
04/11/2012,MDH,IL,AGL,CE,Federal Contract Tower,0,5,0,0,5,0,0,209,0,209,0,5,209,0,214,416,0,416,630
04/12/2012,MDH,IL,AGL,CE,Federal Contract Tower,0,0,3,0,3,0,0,231,0,231,0,0,234,0,234,486,0,486,720
04/13/2012,MDH,IL,AGL,CE,Federal Contract Tower,0,4,6,0,10,0,0,74,0,74,0,4,80,0,84,146,0,146,230
04/14/2012,MDH,IL,AGL,CE,Federal Contract Tower,0,0,4,0,4,0,0,2,0,2,0,0,6,0,6,0,0,0,6
04/15/2012,MDH,IL,AGL,CE,Federal Contract Tower,0,1,2,0,3,0,0,48,0,48,0,1,50,0,51,110,0,110,161
04/16/2012,MDH,IL,AGL,CE,Federal Contract Tower,0,3,3,0,6,0,0,119,0,119,0,3,122,0,125,342,0,342,467
04/17/2012,MDH,IL,AGL,CE,Federal Contract Tower,0,3,4,0,7,0,0,170,0,170,0,3,174,0,177,420,0,420,597
04/18/2012,MDH,IL,AGL,CE,Federal Contract Tower,0,2,1,0,3,0,0,216,0,216,0,2,217,0,219,486,0,486,705
04/19/2012,MDH,IL,AGL,CE,Federal Contract Tower,0,1,5,0,6,0,0,213,0,213,0,1,218,0,219,526,0,526,745
04/20/2012,MDH,IL,AGL,CE,Federal Contract Tower,0,3,10,0,13,0,0,44,0,44,0,3,54,0,57,60,0,60,117
04/21/2012,MDH,IL,AGL,CE,Federal Contract Tower,0,2,1,0,3,0,0,69,0,69,0,2,70,0,72,114,0,114,186
04/22/2012,MDH,IL,AGL,CE,Federal Contract Tower,0,5,3,0,8,0,0,84,0,84,0,5,87,0,92,202,0,202,294
04/23/2012,MDH,IL,AGL,CE,Federal Contract Tower,0,2,4,0,6,0,1,152,0,153,0,3,156,0,159,294,0,294,453
04/24/2012,MDH,IL,AGL,CE,Federal Contract Tower,0,8,4,0,12,0,0,167,4,171,0,8,171,4,183,442,0,442,625
04/25/2012,MDH,IL,AGL,CE,Federal Contract Tower,0,4,0,0,4,0,0,101,0,101,0,4,101,0,105,118,0,118,223
04/26/2012,MDH,IL,AGL,CE,Federal Contract Tower,0,3,6,0,9,0,0,203,0,203,0,3,209,0,212,462,0,462,674
04/27/2012,MDH,IL,AGL,CE,Federal Contract Tower,0,2,1,0,3,0,0,99,0,99,0,2,100,0,102,176,0,176,278
04/28/2012,MDH,IL,AGL,CE,Federal Contract Tower,2,2,4,0,8,0,0,71,0,71,2,2,75,0,79,8,0,8,87
04/29/2012,MDH,IL,AGL,CE,Federal Contract Tower,0,0,4,0,4,0,0,83,0,83,0,0,87,0,87,198,0,198,285
04/30/2012,MDH,IL,AGL,CE,Federal Contract Tower,0,2,4,0,6,0,1,57,0,58,0,3,61,0,64,78,0,78,142
05/01/2012,MDH,IL,AGL,CE,Federal Contract Tower,0,0,0,0,0,0,0,32,0,32,0,0,32,0,32,58,0,58,90
05/02/2012,MDH,IL,AGL,CE,Federal Contract Tower,0,2,2,0,4,0,0,174,0,174,0,2,176,0,178,378,0,378,556
05/03/2012,MDH,IL,AGL,CE,Federal Contract Tower,0,0,5,0,5,0,0,134,0,134,0,0,139,0,139,380,2,382,521
05/04/2012,MDH,IL,AGL,CE,Federal Contract Tower,0,3,9,0,12,0,0,58,0,58,0,3,67,0,70,80,0,80,150
05/05/2012,MDH,IL,AGL,CE,Federal Contract Tower,0,3,2,0,5,0,0,132,0,132,0,3,134,0,137,250,0,250,387
05/06/2012,MDH,IL,AGL,CE,Federal Contract Tower,0,1,7,0,8,0,0,98,0,98,0,1,105,0,106,176,0,176,282
05/07/2012,MDH,IL,AGL,CE,Federal Contract Tower,1,2,1,0,4,0,3,41,0,44,1,5,42,0,48,82,0,82,130
05/08/2012,MDH,IL,AGL,CE,Federal Contract Tower,0,1,0,0,1,0,0,129,0,129,0,1,129,0,130,314,0,314,444
05/09/2012,MDH,IL,AGL,CE,Federal Contract Tower,0,0,5,0,5,0,0,99,0,99,0,0,104,0,104,164,0,164,268
05/10/2012,MDH,IL,AGL,CE,Federal Contract Tower,0,2,5,0,7,0,0,184,0,184,0,2,189,0,191,340,0,340,531
05/11/2012,MDH,IL,AGL,CE,Federal Contract Tower,0,4,3,0,7,0,2,76,0,78,0,6,79,0,85,132,0,132,217
05/12/2012,MDH,IL,AGL,CE,Federal Contract Tower,0,1,0,0,1,0,1,12,0,13,0,2,12,0,14,0,0,0,14
05/13/2012,MDH,IL,AGL,CE,Federal Contract Tower,0,0,5,0,5,0,0,7,0,7,0,0,12,0,12,0,0,0,12
05/14/2012,MDH,IL,AGL,CE,Federal Contract Tower,0,0,4,0,4,0,0,73,0,73,0,0,77,0,77,126,0,126,203
05/15/2012,MDH,IL,AGL,CE,Federal Contract Tower,0,0,1,0,1,0,0,94,0,94,0,0,95,0,95,212,0,212,307
05/16/2012,MDH,IL,AGL,CE,Federal Contract Tower,0,0,2,0,2,0,2,91,0,93,0,2,93,0,95,174,0,174,269
05/17/2012,MDH,IL,AGL,CE,Federal Contract Tower,0,0,5,0,5,0,0,45,0,45,0,0,50,0,50,124,0,124,174
05/18/2012,MDH,IL,AGL,CE,Federal Contract Tower,0,2,1,0,3,0,3,69,0,72,0,5,70,0,75,84,0,84,159
05/19/2012,MDH,IL,AGL,CE,Federal Contract Tower,0,3,2,0,5,0,0,9,0,9,0,3,11,0,14,8,0,8,22
05/20/2012,MDH,IL,AGL,CE,Federal Contract Tower,0,3,0,0,3,0,0,14,0,14,0,3,14,0,17,0,0,0,17
05/21/2012,MDH,IL,AGL,CE,Federal Contract Tower,0,1,2,2,5,0,2,54,0,56,0,3,56,2,61,70,0,70,131
05/22/2012,MDH,IL,AGL,CE,Federal Contract Tower,0,4,2,0,6,0,0,71,0,71,0,4,73,0,77,126,2,128,205
05/23/2012,MDH,IL,AGL,CE,Federal Contract Tower,0,1,5,0,6,0,0,107,0,107,0,1,112,0,113,176,0,176,289
05/24/2012,MDH,IL,AGL,CE,Federal Contract Tower,0,0,1,0,1,0,2,24,0,26,0,2,25,0,27,48,0,48,75
05/25/2012,MDH,IL,AGL,CE,Federal Contract Tower,0,7,7,0,14,0,0,69,0,69,0,7,76,0,83,90,0,90,173
05/26/2012,MDH,IL,AGL,CE,Federal Contract Tower,0,0,1,0,1,0,0,8,0,8,0,0,9,0,9,14,0,14,23
05/27/2012,MDH,IL,AGL,CE,Federal Contract Tower,0,3,1,0,4,0,0,3,0,3,0,3,4,0,7,0,0,0,7
05/28/2012,MDH,IL,AGL,CE,Federal Contract Tower,0,0,1,0,1,0,0,21,0,21,0,0,22,0,22,6,0,6,28
05/29/2012,MDH,IL,AGL,CE,Federal Contract Tower,0,4,0,0,4,0,0,82,0,82,0,4,82,0,86,192,0,192,278
05/30/2012,MDH,IL,AGL,CE,Federal Contract Tower,0,4,0,0,4,0,2,62,0,64,0,6,62,0,68,146,0,146,214
05/31/2012,MDH,IL,AGL,CE,Federal Contract Tower,0,0,3,0,3,0,0,31,0,31,0,0,34,0,34,46,0,46,80
06/01/2012,MDH,IL,AGL,CE,Federal Contract Tower,0,0,6,0,6,0,0,19,0,19,0,0,25,0,25,18,0,18,43
06/02/2012,MDH,IL,AGL,CE,Federal Contract Tower,0,2,1,0,3,0,0,17,0,17,0,2,18,0,20,6,0,6,26
06/03/2012,MDH,IL,AGL,CE,Federal Contract Tower,0,0,3,0,3,0,0,10,0,10,0,0,13,0,13,6,0,6,19
06/04/2012,MDH,IL,AGL,CE,Federal Contract Tower,0,0,1,0,1,0,0,108,0,108,0,0,109,0,109,224,0,224,333
06/05/2012,MDH,IL,AGL,CE,Federal Contract Tower,0,1,5,0,6,0,0,99,2,101,0,1,104,2,107,166,0,166,273
06/06/2012,MDH,IL,AGL,CE,Federal Contract Tower,0,0,2,0,2,0,6,77,0,83,0,6,79,0,85,136,0,136,221
06/07/2012,MDH,IL,AGL,CE,Federal Contract Tower,0,4,5,0,9,0,0,79,0,79,0,4,84,0,88,154,0,154,242
06/08/2012,MDH,IL,AGL,CE,Federal Contract Tower,0,1,6,0,7,0,0,55,0,55,0,1,61,0,62,96,0,96,158
06/09/2012,MDH,IL,AGL,CE,Federal Contract Tower,0,1,4,0,5,0,0,74,0,74,0,1,78,0,79,48,0,48,127
06/10/2012,MDH,IL,AGL,CE,Federal Contract Tower,0,2,1,0,3,0,0,7,0,7,0,2,8,0,10,0,0,0,10
06/11/2012,MDH,IL,AGL,CE,Federal Contract Tower,0,3,6,0,9,0,0,0,0,0,0,3,6,0,9,0,0,0,9
06/12/2012,MDH,IL,AGL,CE,Federal Contract Tower,0,2,4,0,6,0,1,57,0,58,0,3,61,0,64,68,0,68,132
06/13/2012,MDH,IL,AGL,CE,Federal Contract Tower,0,2,8,0,10,0,0,87,0,87,0,2,95,0,97,172,0,172,269
06/14/2012,MDH,IL,AGL,CE,Federal Contract Tower,0,10,9,0,19,0,0,91,0,91,0,10,100,0,110,192,0,192,302
06/15/2012,MDH,IL,AGL,CE,Federal Contract Tower,0,2,2,0,4,0,0,63,0,63,0,2,65,0,67,104,0,104,171
06/16/2012,MDH,IL,AGL,CE,Federal Contract Tower,0,0,1,0,1,0,2,21,0,23,0,2,22,0,24,6,0,6,30
06/17/2012,MDH,IL,AGL,CE,Federal Contract Tower,0,0,1,0,1,0,0,5,0,5,0,0,6,0,6,0,0,0,6
06/18/2012,MDH,IL,AGL,CE,Federal Contract Tower,0,1,0,0,1,0,2,55,2,59,0,3,55,2,60,72,12,84,144
06/19/2012,MDH,IL,AGL,CE,Federal Contract Tower,0,7,0,0,7,0,0,67,2,69,0,7,67,2,76,54,0,54,130
06/20/2012,MDH,IL,AGL,CE,Federal Contract Tower,0,3,4,0,7,0,0,77,0,77,0,3,81,0,84,72,0,72,156
06/21/2012,MDH,IL,AGL,CE,Federal Contract Tower,0,2,2,0,4,0,1,78,0,79,0,3,80,0,83,162,0,162,245
06/22/2012,MDH,IL,AGL,CE,Federal Contract Tower,0,1,4,0,5,0,2,51,0,53,0,3,55,0,58,42,0,42,100
06/23/2012,MDH,IL,AGL,CE,Federal Contract Tower,0,1,0,0,1,0,0,25,0,25,0,1,25,0,26,26,0,26,52
06/24/2012,MDH,IL,AGL,CE,Federal Contract Tower,0,3,3,0,6,0,3,10,0,13,0,6,13,0,19,0,0,0,19
06/25/2012,MDH,IL,AGL,CE,Federal Contract Tower,0,2,1,0,3,0,0,81,3,84,0,2,82,3,87,150,0,150,237
06/26/2012,MDH,IL,AGL,CE,Federal Contract Tower,0,1,1,0,2,0,0,99,0,99,0,1,100,0,101,208,0,208,309
06/27/2012,MDH,IL,AGL,CE,Federal Contract Tower,0,2,0,0,2,0,2,76,0,78,0,4,76,0,80,122,0,122,202
06/28/2012,MDH,IL,AGL,CE,Federal Contract Tower,0,0,0,0,0,0,0,74,0,74,0,0,74,0,74,126,0,126,200
06/29/2012,MDH,IL,AGL,CE,Federal Contract Tower,0,0,5,0,5,0,0,38,0,38,0,0,43,0,43,42,0,42,85
06/30/2012,MDH,IL,AGL,CE,Federal Contract Tower,0,0,4,0,4,0,0,14,0,14,0,0,18,0,18,14,0,14,32
07/01/2012,MDH,IL,AGL,CE,Federal Contract Tower,0,1,2,0,3,0,0,5,0,5,0,1,7,0,8,0,0,0,8
07/02/2012,MDH,IL,AGL,CE,Federal Contract Tower,0,0,6,0,6,0,0,42,0,42,0,0,48,0,48,98,0,98,146
07/03/2012,MDH,IL,AGL,CE,Federal Contract Tower,0,2,0,0,2,0,0,40,0,40,0,2,40,0,42,82,0,82,124
07/04/2012,MDH,IL,AGL,CE,Federal Contract Tower,0,0,0,0,0,0,0,2,0,2,0,0,2,0,2,0,0,0,2
07/05/2012,MDH,IL,AGL,CE,Federal Contract Tower,0,1,0,0,1,0,0,54,0,54,0,1,54,0,55,64,0,64,119
07/06/2012,MDH,IL,AGL,CE,Federal Contract Tower,0,0,0,0,0,0,0,56,0,56,0,0,56,0,56,120,0,120,176
07/07/2012,MDH,IL,AGL,CE,Federal Contract Tower,0,0,0,0,0,0,2,13,0,15,0,2,13,0,15,14,0,14,29
07/08/2012,MDH,IL,AGL,CE,Federal Contract Tower,0,1,2,0,3,0,0,2,0,2,0,1,4,0,5,0,0,0,5
07/09/2012,MDH,IL,AGL,CE,Federal Contract Tower,0,0,6,0,6,0,0,33,0,33,0,0,39,0,39,42,0,42,81
07/10/2012,MDH,IL,AGL,CE,Federal Contract Tower,0,2,3,0,5,0,1,82,0,83,0,3,85,0,88,166,0,166,254
07/11/2012,MDH,IL,AGL,CE,Federal Contract Tower,0,0,2,0,2,0,0,105,0,105,0,0,107,0,107,156,0,156,263
07/12/2012,MDH,IL,AGL,CE,Federal Contract Tower,0,4,3,0,7,0,0,67,0,67,0,4,70,0,74,120,0,120,194
07/13/2012,MDH,IL,AGL,CE,Federal Contract Tower,0,10,5,2,17,0,0,83,0,83,0,10,88,2,100,88,0,88,188
07/14/2012,MDH,IL,AGL,CE,Federal Contract Tower,0,1,4,0,5,0,1,6,0,7,0,2,10,0,12,8,0,8,20
07/15/2012,MDH,IL,AGL,CE,Federal Contract Tower,0,2,2,0,4,0,0,4,0,4,0,2,6,0,8,0,0,0,8
07/16/2012,MDH,IL,AGL,CE,Federal Contract Tower,0,2,0,0,2,0,0,62,0,62,0,2,62,0,64,146,0,146,210
07/17/2012,MDH,IL,AGL,CE,Federal Contract Tower,0,3,4,0,7,0,0,37,0,37,0,3,41,0,44,62,0,62,106
07/18/2012,MDH,IL,AGL,CE,Federal Contract Tower,0,0,4,0,4,0,0,68,0,68,0,0,72,0,72,60,0,60,132
07/19/2012,MDH,IL,AGL,CE,Federal Contract Tower,0,4,8,2,14,0,0,80,2,82,0,4,88,4,96,122,2,124,220
07/20/2012,MDH,IL,AGL,CE,Federal Contract Tower,0,2,4,0,6,0,0,66,0,66,0,2,70,0,72,142,0,142,214
07/21/2012,MDH,IL,AGL,CE,Federal Contract Tower,0,1,3,0,4,0,0,42,0,42,0,1,45,0,46,22,0,22,68
07/22/2012,MDH,IL,AGL,CE,Federal Contract Tower,0,1,0,0,1,0,0,7,0,7,0,1,7,0,8,0,0,0,8
07/23/2012,MDH,IL,AGL,CE,Federal Contract Tower,0,2,2,0,4,0,0,72,0,72,0,2,74,0,76,108,0,108,184
07/24/2012,MDH,IL,AGL,CE,Federal Contract Tower,0,2,1,0,3,0,0,56,0,56,0,2,57,0,59,116,0,116,175
07/25/2012,MDH,IL,AGL,CE,Federal Contract Tower,0,2,1,0,3,0,0,52,0,52,0,2,53,0,55,44,0,44,99
07/26/2012,MDH,IL,AGL,CE,Federal Contract Tower,0,4,2,0,6,0,0,57,0,57,0,4,59,0,63,96,0,96,159
07/27/2012,MDH,IL,AGL,CE,Federal Contract Tower,0,3,3,0,6,0,0,36,2,38,0,3,39,2,44,64,0,64,108
07/28/2012,MDH,IL,AGL,CE,Federal Contract Tower,0,0,4,0,4,0,0,38,0,38,0,0,42,0,42,12,0,12,54
07/29/2012,MDH,IL,AGL,CE,Federal Contract Tower,0,10,0,0,10,0,0,9,0,9,0,10,9,0,19,6,0,6,25
07/30/2012,MDH,IL,AGL,CE,Federal Contract Tower,0,1,5,0,6,0,0,50,0,50,0,1,55,0,56,82,0,82,138
07/31/2012,MDH,IL,AGL,CE,Federal Contract Tower,0,4,3,0,7,0,5,46,0,51,0,9,49,0,58,88,0,88,146
08/01/2012,MDH,IL,AGL,CE,Federal Contract Tower,0,2,3,0,5,0,0,63,0,63,0,2,66,0,68,80,0,80,148
08/02/2012,MDH,IL,AGL,CE,Federal Contract Tower,0,2,1,0,3,0,0,42,0,42,0,2,43,0,45,68,0,68,113
08/03/2012,MDH,IL,AGL,CE,Federal Contract Tower,0,1,5,0,6,0,0,33,0,33,0,1,38,0,39,64,0,64,103
08/04/2012,MDH,IL,AGL,CE,Federal Contract Tower,0,4,3,0,7,0,0,4,0,4,0,4,7,0,11,0,0,0,11
08/05/2012,MDH,IL,AGL,CE,Federal Contract Tower,0,4,4,0,8,0,0,5,0,5,0,4,9,0,13,0,0,0,13
08/06/2012,MDH,IL,AGL,CE,Federal Contract Tower,0,0,3,0,3,0,0,25,0,25,0,0,28,0,28,2,0,2,30
08/07/2012,MDH,IL,AGL,CE,Federal Contract Tower,0,1,10,0,11,0,0,16,0,16,0,1,26,0,27,18,0,18,45
08/08/2012,MDH,IL,AGL,CE,Federal Contract Tower,0,3,2,0,5,0,0,28,0,28,0,3,30,0,33,38,0,38,71
08/09/2012,MDH,IL,AGL,CE,Federal Contract Tower,0,2,5,0,7,0,0,11,0,11,0,2,16,0,18,6,0,6,24
08/10/2012,MDH,IL,AGL,CE,Federal Contract Tower,0,6,0,0,6,0,1,6,0,7,0,7,6,0,13,16,0,16,29
08/11/2012,MDH,IL,AGL,CE,Federal Contract Tower,0,4,3,0,7,0,0,13,0,13,0,4,16,0,20,0,0,0,20
08/12/2012,MDH,IL,AGL,CE,Federal Contract Tower,0,2,2,0,4,0,0,8,0,8,0,2,10,0,12,10,0,10,22
08/13/2012,MDH,IL,AGL,CE,Federal Contract Tower,0,2,0,0,2,0,0,7,0,7,0,2,7,0,9,0,0,0,9
08/14/2012,MDH,IL,AGL,CE,Federal Contract Tower,0,2,4,0,6,0,0,10,0,10,0,2,14,0,16,8,0,8,24
08/15/2012,MDH,IL,AGL,CE,Federal Contract Tower,0,0,2,0,2,0,0,28,0,28,0,0,30,0,30,20,0,20,50
08/16/2012,MDH,IL,AGL,CE,Federal Contract Tower,0,0,0,0,0,0,0,10,0,10,0,0,10,0,10,0,0,0,10
08/17/2012,MDH,IL,AGL,CE,Federal Contract Tower,0,2,4,0,6,0,0,40,0,40,0,2,44,0,46,110,0,110,156
08/18/2012,MDH,IL,AGL,CE,Federal Contract Tower,0,0,3,0,3,0,0,21,0,21,0,0,24,0,24,10,0,10,34
08/19/2012,MDH,IL,AGL,CE,Federal Contract Tower,0,0,4,0,4,0,0,25,0,25,0,0,29,0,29,28,0,28,57
08/20/2012,MDH,IL,AGL,CE,Federal Contract Tower,0,4,8,0,12,0,0,36,0,36,0,4,44,0,48,37,0,37,85
08/21/2012,MDH,IL,AGL,CE,Federal Contract Tower,0,1,1,1,3,0,0,45,1,46,0,1,46,2,49,52,0,52,101
08/22/2012,MDH,IL,AGL,CE,Federal Contract Tower,0,5,0,0,5,0,1,89,0,90,0,6,89,0,95,96,0,96,191
08/23/2012,MDH,IL,AGL,CE,Federal Contract Tower,0,2,2,0,4,0,0,107,0,107,0,2,109,0,111,148,0,148,259
08/24/2012,MDH,IL,AGL,CE,Federal Contract Tower,0,4,0,0,4,0,0,140,0,140,0,4,140,0,144,274,0,274,418
08/25/2012,MDH,IL,AGL,CE,Federal Contract Tower,0,3,3,0,6,0,0,36,0,36,0,3,39,0,42,40,0,40,82
08/26/2012,MDH,IL,AGL,CE,Federal Contract Tower,0,2,7,0,9,0,0,16,0,16,0,2,23,0,25,34,0,34,59
08/27/2012,MDH,IL,AGL,CE,Federal Contract Tower,0,3,1,0,4,0,0,92,0,92,0,3,93,0,96,194,0,194,290
08/28/2012,MDH,IL,AGL,CE,Federal Contract Tower,0,0,0,0,0,0,0,109,0,109,0,0,109,0,109,158,0,158,267
08/29/2012,MDH,IL,AGL,CE,Federal Contract Tower,0,3,0,0,3,0,0,138,0,138,0,3,138,0,141,220,0,220,361
08/30/2012,MDH,IL,AGL,CE,Federal Contract Tower,0,4,0,0,4,0,0,131,0,131,0,4,131,0,135,232,0,232,367
08/31/2012,MDH,IL,AGL,CE,Federal Contract Tower,0,0,4,0,4,0,0,42,0,42,0,0,46,0,46,64,0,64,110
09/01/2012,MDH,IL,AGL,CE,Federal Contract Tower,0,1,1,0,2,0,0,1,0,1,0,1,2,0,3,0,0,0,3
09/02/2012,MDH,IL,AGL,CE,Federal Contract Tower,0,3,5,0,8,0,0,0,0,0,0,3,5,0,8,0,0,0,8
09/03/2012,MDH,IL,AGL,CE,Federal Contract Tower,0,1,2,0,3,0,0,4,0,4,0,1,6,0,7,0,0,0,7
09/04/2012,MDH,IL,AGL,CE,Federal Contract Tower,0,0,3,0,3,0,0,136,0,136,0,0,139,0,139,208,0,208,347
09/05/2012,MDH,IL,AGL,CE,Federal Contract Tower,0,2,0,0,2,0,0,121,0,121,0,2,121,0,123,282,0,282,405
09/06/2012,MDH,IL,AGL,CE,Federal Contract Tower,0,1,3,1,5,0,2,105,0,107,0,3,108,1,112,148,0,148,260
09/07/2012,MDH,IL,AGL,CE,Federal Contract Tower,0,3,4,0,7,0,0,154,0,154,0,3,158,0,161,244,0,244,405
09/08/2012,MDH,IL,AGL,CE,Federal Contract Tower,0,2,5,0,7,0,1,27,0,28,0,3,32,0,35,44,0,44,79
09/09/2012,MDH,IL,AGL,CE,Federal Contract Tower,0,1,2,0,3,0,0,52,0,52,0,1,54,0,55,60,0,60,115
09/10/2012,MDH,IL,AGL,CE,Federal Contract Tower,0,4,2,0,6,0,0,192,0,192,0,4,194,0,198,380,0,380,578
09/11/2012,MDH,IL,AGL,CE,Federal Contract Tower,0,4,5,0,9,0,0,165,0,165,0,4,170,0,174,304,0,304,478
09/12/2012,MDH,IL,AGL,CE,Federal Contract Tower,0,1,5,0,6,0,0,172,0,172,0,1,177,0,178,382,0,382,560
09/13/2012,MDH,IL,AGL,CE,Federal Contract Tower,0,1,4,0,5,0,0,193,0,193,0,1,197,0,198,482,0,482,680
09/14/2012,MDH,IL,AGL,CE,Federal Contract Tower,0,0,17,0,17,0,1,38,0,39,0,1,55,0,56,102,0,102,158
09/15/2012,MDH,IL,AGL,CE,Federal Contract Tower,0,0,7,0,7,0,0,35,0,35,0,0,42,0,42,34,0,34,76
09/16/2012,MDH,IL,AGL,CE,Federal Contract Tower,0,4,0,0,4,0,0,2,0,2,0,4,2,0,6,0,0,0,6
09/17/2012,MDH,IL,AGL,CE,Federal Contract Tower,0,0,12,0,12,0,0,71,0,71,0,0,83,0,83,200,0,200,283
09/18/2012,MDH,IL,AGL,CE,Federal Contract Tower,0,4,2,0,6,0,0,132,0,132,0,4,134,0,138,202,0,202,340
09/19/2012,MDH,IL,AGL,CE,Federal Contract Tower,0,1,2,0,3,0,0,169,0,169,0,1,171,0,172,334,0,334,506
09/20/2012,MDH,IL,AGL,CE,Federal Contract Tower,0,2,0,2,4,0,0,174,0,174,0,2,174,2,178,408,0,408,586
09/21/2012,MDH,IL,AGL,CE,Federal Contract Tower,0,3,4,0,7,0,0,78,0,78,0,3,82,0,85,106,0,106,191
09/22/2012,MDH,IL,AGL,CE,Federal Contract Tower,0,0,4,0,4,0,0,62,0,62,0,0,66,0,66,72,0,72,138
09/23/2012,MDH,IL,AGL,CE,Federal Contract Tower,0,0,1,0,1,0,0,131,0,131,0,0,132,0,132,232,0,232,364
09/24/2012,MDH,IL,AGL,CE,Federal Contract Tower,0,0,5,0,5,0,0,251,0,251,0,0,256,0,256,508,0,508,764
09/25/2012,MDH,IL,AGL,CE,Federal Contract Tower,0,2,0,2,4,0,0,101,0,101,0,2,101,2,105,200,0,200,305
09/26/2012,MDH,IL,AGL,CE,Federal Contract Tower,0,5,0,0,5,0,1,18,0,19,0,6,18,0,24,64,0,64,88
09/27/2012,MDH,IL,AGL,CE,Federal Contract Tower,0,0,3,0,3,0,0,67,0,67,0,0,70,0,70,318,0,318,388
09/28/2012,MDH,IL,AGL,CE,Federal Contract Tower,0,4,11,0,15,0,0,151,0,151,0,4,162,0,166,348,0,348,514
09/29/2012,MDH,IL,AGL,CE,Federal Contract Tower,0,5,2,0,7,0,0,111,0,111,0,5,113,0,118,266,0,266,384
09/30/2012,MDH,IL,AGL,CE,Federal Contract Tower,0,6,3,0,9,0,0,119,0,119,0,6,122,0,128,350,0,350,478
10/01/2012,MDH,IL,AGL,CE,Federal Contract Tower,0,3,7,0,10,0,0,93,0,93,0,3,100,0,103,166,0,166,269
10/02/2012,MDH,IL,AGL,CE,Federal Contract Tower,0,3,5,0,8,0,0,166,0,166,0,3,171,0,174,420,0,420,594
10/03/2012,MDH,IL,AGL,CE,Federal Contract Tower,0,2,2,0,4,0,0,150,0,150,0,2,152,0,154,272,0,272,426
10/04/2012,MDH,IL,AGL,CE,Federal Contract Tower,0,5,5,0,10,0,0,254,0,254,0,5,259,0,264,632,0,632,896
10/05/2012,MDH,IL,AGL,CE,Federal Contract Tower,0,4,4,0,8,0,0,75,0,75,0,4,79,0,83,146,0,146,229
10/06/2012,MDH,IL,AGL,CE,Federal Contract Tower,0,2,5,0,7,0,0,24,0,24,0,2,29,0,31,20,0,20,51
10/07/2012,MDH,IL,AGL,CE,Federal Contract Tower,0,0,0,0,0,0,0,111,16,127,0,0,111,16,127,292,0,292,419
10/08/2012,MDH,IL,AGL,CE,Federal Contract Tower,0,4,3,0,7,0,0,90,0,90,0,4,93,0,97,210,0,210,307
10/09/2012,MDH,IL,AGL,CE,Federal Contract Tower,0,3,3,0,6,0,0,126,0,126,0,3,129,0,132,274,0,274,406
10/10/2012,MDH,IL,AGL,CE,Federal Contract Tower,0,4,2,0,6,0,0,195,0,195,0,4,197,0,201,384,0,384,585
10/11/2012,MDH,IL,AGL,CE,Federal Contract Tower,0,5,0,0,5,0,0,185,0,185,0,5,185,0,190,698,0,698,888
10/12/2012,MDH,IL,AGL,CE,Federal Contract Tower,0,8,10,0,18,0,0,139,0,139,0,8,149,0,157,234,0,234,391
10/13/2012,MDH,IL,AGL,CE,Federal Contract Tower,2,2,2,0,6,0,2,6,0,8,2,4,8,0,14,10,0,10,24
10/14/2012,MDH,IL,AGL,CE,Federal Contract Tower,0,6,1,0,7,0,0,1,0,1,0,6,2,0,8,0,0,0,8
10/15/2012,MDH,IL,AGL,CE,Federal Contract Tower,0,1,5,0,6,0,0,144,0,144,0,1,149,0,150,256,0,256,406
10/16/2012,MDH,IL,AGL,CE,Federal Contract Tower,0,2,3,0,5,0,0,105,0,105,0,2,108,0,110,184,0,184,294
10/17/2012,MDH,IL,AGL,CE,Federal Contract Tower,0,3,3,0,6,0,0,34,2,36,0,3,37,2,42,60,0,60,102
10/18/2012,MDH,IL,AGL,CE,Federal Contract Tower,0,0,2,0,2,0,2,100,4,106,0,2,102,4,108,166,0,166,274
10/19/2012,MDH,IL,AGL,CE,Federal Contract Tower,0,3,2,0,5,0,0,84,0,84,0,3,86,0,89,122,0,122,211
10/20/2012,MDH,IL,AGL,CE,Federal Contract Tower,0,3,2,0,5,0,0,60,0,60,0,3,62,0,65,64,0,64,129
10/21/2012,MDH,IL,AGL,CE,Federal Contract Tower,0,2,2,0,4,0,0,64,0,64,0,2,66,0,68,86,0,86,154
10/22/2012,MDH,IL,AGL,CE,Federal Contract Tower,0,3,1,2,6,0,0,86,2,88,0,3,87,4,94,188,0,188,282
10/23/2012,MDH,IL,AGL,CE,Federal Contract Tower,0,0,3,0,3,0,0,78,0,78,0,0,81,0,81,112,0,112,193
10/24/2012,MDH,IL,AGL,CE,Federal Contract Tower,0,3,0,0,3,0,0,144,0,144,0,3,144,0,147,248,0,248,395
10/25/2012,MDH,IL,AGL,CE,Federal Contract Tower,0,4,2,0,6,0,0,73,6,79,0,4,75,6,85,190,0,190,275
10/26/2012,MDH,IL,AGL,CE,Federal Contract Tower,0,5,3,0,8,0,0,33,0,33,0,5,36,0,41,110,0,110,151
10/27/2012,MDH,IL,AGL,CE,Federal Contract Tower,0,2,2,0,4,0,0,31,0,31,0,2,33,0,35,26,0,26,61
10/28/2012,MDH,IL,AGL,CE,Federal Contract Tower,0,8,7,0,15,0,0,41,0,41,0,8,48,0,56,82,0,82,138
10/29/2012,MDH,IL,AGL,CE,Federal Contract Tower,0,2,5,0,7,0,0,158,0,158,0,2,163,0,165,410,0,410,575
10/30/2012,MDH,IL,AGL,CE,Federal Contract Tower,0,3,2,0,5,0,0,53,0,53,0,3,55,0,58,104,0,104,162
10/31/2012,MDH,IL,AGL,CE,Federal Contract Tower,0,2,0,0,2,0,0,172,0,172,0,2,172,0,174,238,0,238,412
11/01/2012,MDH,IL,AGL,CE,Federal Contract Tower,0,0,5,0,5,0,0,179,0,179,0,0,184,0,184,412,0,412,596
11/02/2012,MDH,IL,AGL,CE,Federal Contract Tower,0,2,1,0,3,0,0,152,0,152,0,2,153,0,155,306,0,306,461
11/03/2012,MDH,IL,AGL,CE,Federal Contract Tower,0,7,2,0,9,0,0,36,0,36,0,7,38,0,45,56,0,56,101
11/04/2012,MDH,IL,AGL,CE,Federal Contract Tower,0,4,0,0,4,0,1,56,0,57,0,5,56,0,61,146,0,146,207
11/05/2012,MDH,IL,AGL,CE,Federal Contract Tower,0,0,0,0,0,0,0,136,0,136,0,0,136,0,136,322,0,322,458
11/06/2012,MDH,IL,AGL,CE,Federal Contract Tower,0,4,2,0,6,0,0,135,0,135,0,4,137,0,141,358,0,358,499
11/07/2012,MDH,IL,AGL,CE,Federal Contract Tower,0,6,5,0,11,0,0,115,0,115,0,6,120,0,126,0,328,328,454
11/08/2012,MDH,IL,AGL,CE,Federal Contract Tower,0,4,4,0,8,0,0,181,0,181,0,4,185,0,189,434,0,434,623
11/09/2012,MDH,IL,AGL,CE,Federal Contract Tower,0,2,4,0,6,0,2,92,0,94,0,4,96,0,100,160,0,160,260
11/10/2012,MDH,IL,AGL,CE,Federal Contract Tower,0,3,0,0,3,0,0,20,0,20,0,3,20,0,23,10,0,10,33
11/11/2012,MDH,IL,AGL,CE,Federal Contract Tower,0,2,0,0,2,0,0,1,0,1,0,2,1,0,3,0,0,0,3
11/12/2012,MDH,IL,AGL,CE,Federal Contract Tower,0,1,7,0,8,0,0,132,0,132,0,1,139,0,140,270,0,270,410
11/13/2012,MDH,IL,AGL,CE,Federal Contract Tower,0,1,2,0,3,0,0,186,0,186,0,1,188,0,189,336,0,336,525
11/14/2012,MDH,IL,AGL,CE,Federal Contract Tower,0,0,5,0,5,0,0,182,0,182,0,0,187,0,187,298,0,298,485
11/15/2012,MDH,IL,AGL,CE,Federal Contract Tower,0,6,4,0,10,0,2,146,0,148,0,8,150,0,158,428,0,428,586
11/16/2012,MDH,IL,AGL,CE,Federal Contract Tower,0,1,4,0,5,0,0,163,0,163,0,1,167,0,168,250,0,250,418
11/17/2012,MDH,IL,AGL,CE,Federal Contract Tower,0,0,0,0,0,0,0,96,0,96,0,0,96,0,96,168,0,168,264
11/18/2012,MDH,IL,AGL,CE,Federal Contract Tower,0,1,3,0,4,0,0,68,0,68,0,1,71,0,72,110,0,110,182
11/19/2012,MDH,IL,AGL,CE,Federal Contract Tower,0,1,6,0,7,0,0,180,0,180,0,1,186,0,187,394,0,394,581
11/20/2012,MDH,IL,AGL,CE,Federal Contract Tower,0,2,6,0,8,0,0,140,0,140,0,2,146,0,148,272,0,272,420
11/21/2012,MDH,IL,AGL,CE,Federal Contract Tower,0,1,3,0,4,0,0,6,0,6,0,1,9,0,10,14,0,14,24
11/22/2012,MDH,IL,AGL,CE,Federal Contract Tower,0,2,2,0,4,0,0,5,0,5,0,2,7,0,9,0,0,0,9
11/23/2012,MDH,IL,AGL,CE,Federal Contract Tower,0,3,0,0,3,0,0,6,0,6,0,3,6,0,9,2,0,2,11
11/24/2012,MDH,IL,AGL,CE,Federal Contract Tower,0,3,2,0,5,0,0,12,0,12,0,3,14,0,17,10,0,10,27
11/25/2012,MDH,IL,AGL,CE,Federal Contract Tower,0,6,1,0,7,0,0,12,0,12,0,6,13,0,19,2,0,2,21
11/26/2012,MDH,IL,AGL,CE,Federal Contract Tower,0,4,1,0,5,0,0,132,0,132,0,4,133,0,137,334,0,334,471
11/27/2012,MDH,IL,AGL,CE,Federal Contract Tower,0,3,4,0,7,0,0,151,0,151,0,3,155,0,158,284,0,284,442
11/28/2012,MDH,IL,AGL,CE,Federal Contract Tower,0,3,4,0,7,0,0,168,0,168,0,3,172,0,175,266,0,266,441
11/29/2012,MDH,IL,AGL,CE,Federal Contract Tower,0,2,2,0,4,0,0,123,0,123,0,2,125,0,127,300,0,300,427
11/30/2012,MDH,IL,AGL,CE,Federal Contract Tower,0,0,5,0,5,0,0,132,0,132,0,0,137,0,137,260,0,260,397
12/01/2012,MDH,IL,AGL,CE,Federal Contract Tower,0,0,6,0,6,0,1,52,0,53,0,1,58,0,59,72,4,76,135
12/02/2012,MDH,IL,AGL,CE,Federal Contract Tower,0,1,0,0,1,0,0,1,0,1,0,1,1,0,2,0,0,0,2
12/03/2012,MDH,IL,AGL,CE,Federal Contract Tower,0,4,4,0,8,0,0,34,0,34,0,4,38,0,42,28,0,28,70
12/04/2012,MDH,IL,AGL,CE,Federal Contract Tower,0,4,7,0,11,0,0,12,0,12,0,4,19,0,23,0,14,14,37
12/05/2012,MDH,IL,AGL,CE,Federal Contract Tower,0,1,3,0,4,0,0,197,0,197,0,1,200,0,201,428,0,428,629
12/06/2012,MDH,IL,AGL,CE,Federal Contract Tower,0,1,0,0,1,0,0,155,0,155,0,1,155,0,156,392,0,392,548
12/07/2012,MDH,IL,AGL,CE,Federal Contract Tower,0,2,6,0,8,0,0,21,0,21,0,2,27,0,29,34,0,34,63
12/08/2012,MDH,IL,AGL,CE,Federal Contract Tower,0,1,0,0,1,0,0,0,0,0,0,1,0,0,1,0,0,0,1
12/09/2012,MDH,IL,AGL,CE,Federal Contract Tower,0,1,4,0,5,0,0,0,0,0,0,1,4,0,5,0,0,0,5
12/10/2012,MDH,IL,AGL,CE,Federal Contract Tower,0,0,0,0,0,0,0,41,0,41,0,0,41,0,41,172,0,172,213
12/11/2012,MDH,IL,AGL,CE,Federal Contract Tower,0,0,6,0,6,0,0,141,0,141,0,0,147,0,147,180,0,180,327
12/12/2012,MDH,IL,AGL,CE,Federal Contract Tower,0,5,1,0,6,0,0,155,0,155,0,5,156,0,161,210,0,210,371
12/13/2012,MDH,IL,AGL,CE,Federal Contract Tower,0,4,3,0,7,0,0,91,0,91,0,4,94,0,98,182,0,182,280
12/14/2012,MDH,IL,AGL,CE,Federal Contract Tower,0,5,4,0,9,0,0,109,0,109,0,5,113,0,118,122,0,122,240
12/15/2012,MDH,IL,AGL,CE,Federal Contract Tower,0,0,0,0,0,0,0,0,0,0,0,0,0,0,0,0,0,0,0
12/16/2012,MDH,IL,AGL,CE,Federal Contract Tower,0,3,4,0,7,0,0,39,0,39,0,3,43,0,46,30,0,30,76
12/17/2012,MDH,IL,AGL,CE,Federal Contract Tower,0,0,0,0,0,0,0,0,0,0,0,0,0,0,0,0,0,0,0
12/18/2012,MDH,IL,AGL,CE,Federal Contract Tower,0,4,0,0,4,0,1,41,0,42,0,5,41,0,46,36,0,36,82
12/19/2012,MDH,IL,AGL,CE,Federal Contract Tower,0,6,0,2,8,0,1,23,0,24,0,7,23,2,32,46,0,46,78
12/20/2012,MDH,IL,AGL,CE,Federal Contract Tower,0,0,0,0,0,0,0,0,0,0,0,0,0,0,0,0,0,0,0
12/21/2012,MDH,IL,AGL,CE,Federal Contract Tower,0,4,2,0,6,0,0,2,0,2,0,4,4,0,8,0,0,0,8
12/22/2012,MDH,IL,AGL,CE,Federal Contract Tower,0,6,1,0,7,0,0,10,0,10,0,6,11,0,17,0,0,0,17
12/23/2012,MDH,IL,AGL,CE,Federal Contract Tower,0,1,4,0,5,0,0,2,0,2,0,1,6,0,7,0,0,0,7
12/24/2012,MDH,IL,AGL,CE,Federal Contract Tower,0,0,0,0,0,0,0,0,0,0,0,0,0,0,0,0,0,0,0
12/25/2012,MDH,IL,AGL,CE,Federal Contract Tower,0,0,0,0,0,0,0,1,0,1,0,0,1,0,1,0,0,0,1
12/26/2012,MDH,IL,AGL,CE,Federal Contract Tower,0,0,0,0,0,0,0,0,0,0,0,0,0,0,0,0,0,0,0
12/27/2012,MDH,IL,AGL,CE,Federal Contract Tower,0,1,0,0,1,0,0,7,0,7,0,1,7,0,8,0,0,0,8
12/28/2012,MDH,IL,AGL,CE,Federal Contract Tower,0,0,1,0,1,0,0,0,0,0,0,0,1,0,1,0,0,0,1
12/29/2012,MDH,IL,AGL,CE,Federal Contract Tower,0,0,0,0,0,0,0,0,0,0,0,0,0,0,0,0,0,0,0
12/30/2012,MDH,IL,AGL,CE,Federal Contract Tower,0,3,3,0,6,0,0,0,0,0,0,3,3,0,6,0,0,0,6
12/31/2012,MDH,IL,AGL,CE,Federal Contract Tower,0,0,0,0,0,0,0,1,0,1,0,0,1,0,1,0,0,0,1
01/01/2013,MDH,IL,AGL,CE,Federal Contract Tower,0,0,0,0,0,0,0,1,0,1,0,0,1,0,1,0,0,0,1
01/02/2013,MDH,IL,AGL,CE,Federal Contract Tower,0,0,2,0,2,0,0,3,0,3,0,0,5,0,5,8,0,8,13
01/03/2013,MDH,IL,AGL,CE,Federal Contract Tower,0,0,0,0,0,0,0,4,1,5,0,0,4,1,5,18,0,18,23
01/04/2013,MDH,IL,AGL,CE,Federal Contract Tower,0,0,6,0,6,0,0,11,0,11,0,0,17,0,17,8,0,8,25
01/05/2013,MDH,IL,AGL,CE,Federal Contract Tower,0,2,0,0,2,0,0,5,0,5,0,2,5,0,7,2,0,2,9
01/06/2013,MDH,IL,AGL,CE,Federal Contract Tower,0,0,2,0,2,0,0,4,0,4,0,0,6,0,6,18,0,18,24
01/07/2013,MDH,IL,AGL,CE,Federal Contract Tower,0,4,1,0,5,0,0,6,0,6,0,4,7,0,11,0,0,0,11
01/08/2013,MDH,IL,AGL,CE,Federal Contract Tower,2,0,1,0,3,0,0,10,0,10,2,0,11,0,13,2,0,2,15
01/09/2013,MDH,IL,AGL,CE,Federal Contract Tower,0,0,0,0,0,0,2,54,0,56,0,2,54,0,56,82,0,82,138
01/10/2013,MDH,IL,AGL,CE,Federal Contract Tower,0,0,2,0,2,0,0,0,0,0,0,0,2,0,2,0,0,0,2
01/11/2013,MDH,IL,AGL,CE,Federal Contract Tower,0,0,0,0,0,0,0,13,2,15,0,0,13,2,15,12,0,12,27
01/12/2013,MDH,IL,AGL,CE,Federal Contract Tower,0,1,0,0,1,0,0,0,2,2,0,1,0,2,3,0,0,0,3
01/13/2013,MDH,IL,AGL,CE,Federal Contract Tower,0,1,0,0,1,0,0,0,0,0,0,1,0,0,1,0,0,0,1
01/14/2013,MDH,IL,AGL,CE,Federal Contract Tower,0,4,1,0,5,0,0,63,0,63,0,4,64,0,68,94,0,94,162
01/15/2013,MDH,IL,AGL,CE,Federal Contract Tower,0,5,1,0,6,0,0,38,0,38,0,5,39,0,44,102,0,102,146
01/16/2013,MDH,IL,AGL,CE,Federal Contract Tower,0,2,1,0,3,0,0,104,0,104,0,2,105,0,107,178,0,178,285
01/17/2013,MDH,IL,AGL,CE,Federal Contract Tower,0,3,0,0,3,0,0,81,0,81,0,3,81,0,84,118,0,118,202
01/18/2013,MDH,IL,AGL,CE,Federal Contract Tower,0,1,3,0,4,0,0,122,0,122,0,1,125,0,126,174,0,174,300
01/19/2013,MDH,IL,AGL,CE,Federal Contract Tower,0,3,7,0,10,0,0,15,0,15,0,3,22,0,25,16,0,16,41
01/20/2013,MDH,IL,AGL,CE,Federal Contract Tower,0,3,2,0,5,0,0,25,0,25,0,3,27,0,30,18,0,18,48
01/21/2013,MDH,IL,AGL,CE,Federal Contract Tower,0,3,1,0,4,0,0,0,0,0,0,3,1,0,4,0,0,0,4
01/22/2013,MDH,IL,AGL,CE,Federal Contract Tower,0,1,3,0,4,0,0,104,0,104,0,1,107,0,108,200,0,200,308
01/23/2013,MDH,IL,AGL,CE,Federal Contract Tower,0,7,6,0,13,0,0,131,0,131,0,7,137,0,144,206,0,206,350
01/24/2013,MDH,IL,AGL,CE,Federal Contract Tower,0,0,2,0,2,0,2,100,0,102,0,2,102,0,104,154,0,154,258
01/25/2013,MDH,IL,AGL,CE,Federal Contract Tower,0,6,1,0,7,0,0,71,0,71,0,6,72,0,78,144,0,144,222
01/26/2013,MDH,IL,AGL,CE,Federal Contract Tower,2,2,7,0,11,0,2,39,0,41,2,4,46,0,52,40,0,40,92
01/27/2013,MDH,IL,AGL,CE,Federal Contract Tower,0,1,0,0,1,0,0,0,0,0,0,1,0,0,1,0,0,0,1
01/28/2013,MDH,IL,AGL,CE,Federal Contract Tower,0,3,0,0,3,0,0,0,0,0,0,3,0,0,3,0,0,0,3
01/29/2013,MDH,IL,AGL,CE,Federal Contract Tower,0,4,0,0,4,0,0,0,0,0,0,4,0,0,4,0,0,0,4
01/30/2013,MDH,IL,AGL,CE,Federal Contract Tower,0,0,4,0,4,0,0,0,0,0,0,0,4,0,4,0,0,0,4
01/31/2013,MDH,IL,AGL,CE,Federal Contract Tower,0,6,2,0,8,0,0,84,0,84,0,6,86,0,92,86,0,86,178
02/01/2013,MDH,IL,AGL,CE,Federal Contract Tower,0,1,6,0,7,0,0,123,0,123,0,1,129,0,130,174,0,174,304
02/02/2013,MDH,IL,AGL,CE,Federal Contract Tower,0,4,3,0,7,0,0,48,0,48,0,4,51,0,55,16,0,16,71
02/03/2013,MDH,IL,AGL,CE,Federal Contract Tower,0,0,1,0,1,0,0,16,0,16,0,0,17,0,17,26,0,26,43
02/04/2013,MDH,IL,AGL,CE,Federal Contract Tower,0,4,2,0,6,0,0,102,0,102,0,4,104,0,108,230,0,230,338
02/05/2013,MDH,IL,AGL,CE,Federal Contract Tower,0,3,2,0,5,0,2,130,0,132,0,5,132,0,137,230,0,230,367
02/06/2013,MDH,IL,AGL,CE,Federal Contract Tower,0,0,3,0,3,0,0,140,0,140,0,0,143,0,143,186,0,186,329
02/07/2013,MDH,IL,AGL,CE,Federal Contract Tower,0,2,0,0,2,0,0,94,0,94,0,2,94,0,96,180,0,180,276
02/08/2013,MDH,IL,AGL,CE,Federal Contract Tower,0,2,3,0,5,0,0,62,0,62,0,2,65,0,67,190,0,190,257
02/09/2013,MDH,IL,AGL,CE,Federal Contract Tower,0,1,0,0,1,0,0,42,0,42,0,1,42,0,43,66,0,66,109
02/10/2013,MDH,IL,AGL,CE,Federal Contract Tower,0,0,2,0,2,0,0,0,0,0,0,0,2,0,2,0,0,0,2
02/11/2013,MDH,IL,AGL,CE,Federal Contract Tower,0,0,3,0,3,0,0,146,0,146,0,0,149,0,149,143,0,143,292
02/12/2013,MDH,IL,AGL,CE,Federal Contract Tower,0,8,2,0,10,0,0,145,0,145,0,8,147,0,155,252,0,252,407
02/13/2013,MDH,IL,AGL,CE,Federal Contract Tower,0,0,1,0,1,0,0,51,0,51,0,0,52,0,52,82,0,82,134
02/14/2013,MDH,IL,AGL,CE,Federal Contract Tower,0,7,3,0,10,0,0,156,0,156,0,7,159,0,166,214,0,214,380
02/15/2013,MDH,IL,AGL,CE,Federal Contract Tower,0,0,3,0,3,0,0,89,0,89,0,0,92,0,92,162,0,162,254
02/16/2013,MDH,IL,AGL,CE,Federal Contract Tower,0,1,4,0,5,0,0,45,0,45,0,1,49,0,50,24,0,24,74
02/17/2013,MDH,IL,AGL,CE,Federal Contract Tower,0,0,3,0,3,0,0,55,0,55,0,0,58,0,58,24,0,24,82
02/18/2013,MDH,IL,AGL,CE,Federal Contract Tower,0,2,0,0,2,0,0,1,0,1,0,2,1,0,3,0,0,0,3
02/19/2013,MDH,IL,AGL,CE,Federal Contract Tower,0,2,11,0,13,0,0,83,2,85,0,2,94,2,98,74,0,74,172
02/20/2013,MDH,IL,AGL,CE,Federal Contract Tower,0,6,3,0,9,0,0,135,0,135,0,6,138,0,144,256,0,256,400
02/21/2013,MDH,IL,AGL,CE,Federal Contract Tower,0,0,0,0,0,0,0,16,0,16,0,0,16,0,16,32,0,32,48
02/22/2013,MDH,IL,AGL,CE,Federal Contract Tower,0,2,4,0,6,0,0,33,0,33,0,2,37,0,39,86,0,86,125
02/23/2013,MDH,IL,AGL,CE,Federal Contract Tower,0,1,1,0,2,0,0,99,0,99,0,1,100,0,101,198,0,198,299
02/24/2013,MDH,IL,AGL,CE,Federal Contract Tower,0,0,5,0,5,0,0,75,0,75,0,0,80,0,80,154,0,154,234
02/25/2013,MDH,IL,AGL,CE,Federal Contract Tower,0,0,0,0,0,0,0,0,0,0,0,0,0,0,0,318,0,318,318
02/26/2013,MDH,IL,AGL,CE,Federal Contract Tower,0,4,0,0,4,0,0,46,0,46,0,4,46,0,50,142,0,142,192
02/27/2013,MDH,IL,AGL,CE,Federal Contract Tower,0,0,0,0,0,0,0,32,0,32,0,0,32,0,32,78,0,78,110
02/28/2013,MDH,IL,AGL,CE,Federal Contract Tower,0,0,4,0,4,0,0,47,0,47,0,0,51,0,51,204,0,204,255
03/01/2013,MDH,IL,AGL,CE,Federal Contract Tower,0,2,0,0,2,0,0,0,0,0,0,2,0,0,2,0,0,0,2
03/02/2013,MDH,IL,AGL,CE,Federal Contract Tower,0,0,2,0,2,0,0,36,0,36,0,0,38,0,38,22,0,22,60
03/03/2013,MDH,IL,AGL,CE,Federal Contract Tower,0,2,7,0,9,0,0,141,0,141,0,2,148,0,150,240,0,240,390
03/04/2013,MDH,IL,AGL,CE,Federal Contract Tower,0,0,3,0,3,0,0,199,0,199,0,0,202,0,202,454,0,454,656
03/05/2013,MDH,IL,AGL,CE,Federal Contract Tower,0,0,0,0,0,0,0,3,0,3,0,0,3,0,3,10,0,10,13
03/06/2013,MDH,IL,AGL,CE,Federal Contract Tower,0,0,2,0,2,0,0,113,0,113,0,0,115,0,115,338,0,338,453
03/07/2013,MDH,IL,AGL,CE,Federal Contract Tower,0,5,8,0,13,0,0,257,0,257,0,5,265,0,270,562,0,562,832
03/08/2013,MDH,IL,AGL,CE,Federal Contract Tower,0,8,2,0,10,0,0,193,0,193,0,8,195,0,203,388,0,388,591
03/09/2013,MDH,IL,AGL,CE,Federal Contract Tower,0,2,1,0,3,0,0,95,0,95,0,2,96,0,98,86,0,86,184
03/10/2013,MDH,IL,AGL,CE,Federal Contract Tower,0,0,1,0,1,0,0,47,0,47,0,0,48,0,48,54,0,54,102
03/11/2013,MDH,IL,AGL,CE,Federal Contract Tower,0,2,1,0,3,0,0,34,0,34,0,2,35,0,37,24,0,24,61
03/12/2013,MDH,IL,AGL,CE,Federal Contract Tower,0,2,3,0,5,0,0,31,0,31,0,2,34,0,36,84,0,84,120
03/13/2013,MDH,IL,AGL,CE,Federal Contract Tower,0,2,2,0,4,0,0,25,0,25,0,2,27,0,29,38,0,38,67
03/14/2013,MDH,IL,AGL,CE,Federal Contract Tower,0,0,1,0,1,0,0,47,0,47,0,0,48,0,48,82,0,82,130
03/15/2013,MDH,IL,AGL,CE,Federal Contract Tower,0,0,0,0,0,0,0,50,0,50,0,0,50,0,50,58,0,58,108
03/16/2013,MDH,IL,AGL,CE,Federal Contract Tower,0,2,0,0,2,0,0,11,0,11,0,2,11,0,13,2,0,2,15
03/17/2013,MDH,IL,AGL,CE,Federal Contract Tower,0,3,3,0,6,0,0,0,0,0,0,3,3,0,6,0,0,0,6
03/18/2013,MDH,IL,AGL,CE,Federal Contract Tower,0,0,1,0,1,0,0,40,6,46,0,0,41,6,47,170,0,170,217
03/19/2013,MDH,IL,AGL,CE,Federal Contract Tower,0,3,5,0,8,0,0,245,0,245,0,3,250,0,253,560,0,560,813
03/20/2013,MDH,IL,AGL,CE,Federal Contract Tower,0,4,2,0,6,0,7,146,0,153,0,11,148,0,159,446,0,446,605
03/21/2013,MDH,IL,AGL,CE,Federal Contract Tower,0,2,2,0,4,0,0,263,0,263,0,2,265,0,267,708,0,708,975
03/22/2013,MDH,IL,AGL,CE,Federal Contract Tower,0,4,2,0,6,0,0,169,2,171,0,4,171,2,177,315,0,315,492
03/23/2013,MDH,IL,AGL,CE,Federal Contract Tower,0,1,4,0,5,0,0,93,0,93,0,1,97,0,98,242,0,242,340
03/24/2013,MDH,IL,AGL,CE,Federal Contract Tower,0,0,0,0,0,0,0,0,0,0,0,0,0,0,0,0,0,0,0
03/25/2013,MDH,IL,AGL,CE,Federal Contract Tower,0,0,2,0,2,0,0,11,0,11,0,0,13,0,13,28,0,28,41
03/26/2013,MDH,IL,AGL,CE,Federal Contract Tower,0,1,1,2,4,0,0,250,0,250,0,1,251,2,254,668,0,668,922
03/27/2013,MDH,IL,AGL,CE,Federal Contract Tower,0,6,8,0,14,0,0,244,0,244,0,6,252,0,258,626,0,626,884
03/28/2013,MDH,IL,AGL,CE,Federal Contract Tower,0,1,1,0,2,0,0,264,0,264,0,1,265,0,266,720,0,720,986
03/29/2013,MDH,IL,AGL,CE,Federal Contract Tower,0,4,9,0,13,0,0,41,0,41,0,4,50,0,54,94,0,94,148
03/30/2013,MDH,IL,AGL,CE,Federal Contract Tower,0,0,4,0,4,0,0,34,0,34,0,0,38,0,38,30,0,30,68
03/31/2013,MDH,IL,AGL,CE,Federal Contract Tower,0,2,1,0,3,0,0,14,0,14,0,2,15,0,17,52,0,52,69
04/01/2013,MDH,IL,AGL,CE,Federal Contract Tower,0,3,1,0,4,0,0,179,0,179,0,3,180,0,183,510,0,510,693
04/02/2013,MDH,IL,AGL,CE,Federal Contract Tower,0,4,6,0,10,0,0,199,0,199,0,4,205,0,209,506,0,506,715
04/03/2013,MDH,IL,AGL,CE,Federal Contract Tower,0,6,1,0,7,0,1,164,0,165,0,7,165,0,172,218,0,218,390
04/04/2013,MDH,IL,AGL,CE,Federal Contract Tower,0,2,3,0,5,0,0,270,0,270,0,2,273,0,275,688,0,688,963
04/05/2013,MDH,IL,AGL,CE,Federal Contract Tower,0,3,6,0,9,0,0,168,0,168,0,3,174,0,177,404,0,404,581
04/06/2013,MDH,IL,AGL,CE,Federal Contract Tower,0,2,3,0,5,0,0,44,0,44,0,2,47,0,49,46,0,46,95
04/07/2013,MDH,IL,AGL,CE,Federal Contract Tower,0,2,1,0,3,0,0,44,0,44,0,2,45,0,47,54,0,54,101
04/08/2013,MDH,IL,AGL,CE,Federal Contract Tower,0,3,4,0,7,0,7,135,0,142,0,10,139,0,149,400,0,400,549
04/09/2013,MDH,IL,AGL,CE,Federal Contract Tower,0,0,4,0,4,0,0,99,0,99,0,0,103,0,103,286,0,286,389
04/10/2013,MDH,IL,AGL,CE,Federal Contract Tower,0,8,0,0,8,0,0,23,0,23,0,8,23,0,31,10,0,10,41
04/11/2013,MDH,IL,AGL,CE,Federal Contract Tower,0,0,9,0,9,0,0,125,0,125,0,0,134,0,134,354,0,354,488
04/12/2013,MDH,IL,AGL,CE,Federal Contract Tower,0,3,3,0,6,0,0,196,0,196,0,3,199,0,202,418,0,418,620
04/13/2013,MDH,IL,AGL,CE,Federal Contract Tower,0,4,6,0,10,0,0,145,0,145,0,4,151,0,155,210,0,210,365
04/14/2013,MDH,IL,AGL,CE,Federal Contract Tower,0,1,4,0,5,0,0,41,0,41,0,1,45,0,46,50,0,50,96
04/15/2013,MDH,IL,AGL,CE,Federal Contract Tower,0,5,4,0,9,0,0,183,0,183,0,5,187,0,192,434,0,434,626
04/16/2013,MDH,IL,AGL,CE,Federal Contract Tower,0,0,6,0,6,0,0,65,0,65,0,0,71,0,71,236,0,236,307
04/17/2013,MDH,IL,AGL,CE,Federal Contract Tower,0,0,2,0,2,0,0,92,0,92,0,0,94,0,94,254,0,254,348
04/18/2013,MDH,IL,AGL,CE,Federal Contract Tower,0,0,0,0,0,0,0,23,0,23,0,0,23,0,23,0,0,0,23
04/19/2013,MDH,IL,AGL,CE,Federal Contract Tower,0,3,0,0,3,0,2,97,0,99,0,5,97,0,102,152,0,152,254
04/20/2013,MDH,IL,AGL,CE,Federal Contract Tower,2,0,5,0,7,0,0,244,0,244,2,0,249,0,251,368,0,368,619
04/21/2013,MDH,IL,AGL,CE,Federal Contract Tower,0,2,3,0,5,0,0,158,0,158,0,2,161,0,163,288,0,288,451
04/22/2013,MDH,IL,AGL,CE,Federal Contract Tower,0,3,4,0,7,0,0,222,0,222,0,3,226,0,229,550,0,550,779
04/23/2013,MDH,IL,AGL,CE,Federal Contract Tower,0,0,2,0,2,0,0,78,0,78,0,0,80,0,80,232,0,232,312
04/24/2013,MDH,IL,AGL,CE,Federal Contract Tower,0,2,4,0,6,0,0,106,0,106,0,2,110,0,112,232,0,232,344
04/25/2013,MDH,IL,AGL,CE,Federal Contract Tower,0,2,7,0,9,0,0,229,0,229,0,2,236,0,238,530,0,530,768
04/26/2013,MDH,IL,AGL,CE,Federal Contract Tower,0,0,13,0,13,0,0,153,0,153,0,0,166,0,166,406,0,406,572
04/27/2013,MDH,IL,AGL,CE,Federal Contract Tower,0,0,1,0,1,0,0,49,0,49,0,0,50,0,50,96,0,96,146
04/28/2013,MDH,IL,AGL,CE,Federal Contract Tower,0,0,8,0,8,0,0,117,0,117,0,0,125,0,125,274,0,274,399
04/29/2013,MDH,IL,AGL,CE,Federal Contract Tower,0,3,5,0,8,0,0,156,0,156,0,3,161,0,164,368,0,368,532
04/30/2013,MDH,IL,AGL,CE,Federal Contract Tower,0,0,2,0,2,0,0,219,2,221,0,0,221,2,223,514,0,514,737
05/01/2013,MDH,IL,AGL,CE,Federal Contract Tower,0,4,5,0,9,0,0,291,0,291,0,4,296,0,300,634,0,634,934
05/02/2013,MDH,IL,AGL,CE,Federal Contract Tower,0,2,7,0,9,0,0,148,0,148,0,2,155,0,157,432,0,432,589
05/03/2013,MDH,IL,AGL,CE,Federal Contract Tower,0,4,2,0,6,0,0,0,0,0,0,4,2,0,6,0,0,0,6
05/04/2013,MDH,IL,AGL,CE,Federal Contract Tower,0,4,8,0,12,0,0,5,0,5,0,4,13,0,17,4,0,4,21
05/05/2013,MDH,IL,AGL,CE,Federal Contract Tower,0,1,9,0,10,0,0,0,0,0,0,1,9,0,10,0,0,0,10
05/06/2013,MDH,IL,AGL,CE,Federal Contract Tower,0,1,11,0,12,0,0,0,0,0,0,1,11,0,12,56,0,56,68
05/07/2013,MDH,IL,AGL,CE,Federal Contract Tower,0,5,0,0,5,0,0,149,0,149,0,5,149,0,154,318,0,318,472
05/08/2013,MDH,IL,AGL,CE,Federal Contract Tower,0,6,3,0,9,0,0,185,0,185,0,6,188,0,194,344,0,344,538
05/09/2013,MDH,IL,AGL,CE,Federal Contract Tower,0,5,1,0,6,0,1,100,0,101,0,6,101,0,107,208,0,208,315
05/10/2013,MDH,IL,AGL,CE,Federal Contract Tower,0,4,2,0,6,0,0,55,0,55,0,4,57,0,61,102,0,102,163
05/11/2013,MDH,IL,AGL,CE,Federal Contract Tower,0,4,3,0,7,0,0,53,0,53,0,4,56,0,60,76,0,76,136
05/12/2013,MDH,IL,AGL,CE,Federal Contract Tower,0,5,0,0,5,0,0,40,0,40,0,5,40,0,45,30,0,30,75
05/13/2013,MDH,IL,AGL,CE,Federal Contract Tower,0,2,3,0,5,0,0,99,0,99,0,2,102,0,104,180,0,180,284
05/14/2013,MDH,IL,AGL,CE,Federal Contract Tower,0,0,4,0,4,0,0,155,0,155,0,0,159,0,159,264,0,264,423
05/15/2013,MDH,IL,AGL,CE,Federal Contract Tower,0,1,3,0,4,0,3,124,0,127,0,4,127,0,131,249,4,253,384
05/16/2013,MDH,IL,AGL,CE,Federal Contract Tower,0,1,6,0,7,0,0,85,0,85,0,1,91,0,92,181,0,181,273
05/17/2013,MDH,IL,AGL,CE,Federal Contract Tower,0,2,2,0,4,0,0,78,0,78,0,2,80,0,82,252,0,252,334
05/18/2013,MDH,IL,AGL,CE,Federal Contract Tower,0,7,1,0,8,0,0,17,0,17,0,7,18,0,25,44,0,44,69
05/19/2013,MDH,IL,AGL,CE,Federal Contract Tower,0,1,0,0,1,0,0,29,0,29,0,1,29,0,30,28,0,28,58
05/20/2013,MDH,IL,AGL,CE,Federal Contract Tower,0,0,5,0,5,0,0,70,0,70,0,0,75,0,75,116,0,116,191
05/21/2013,MDH,IL,AGL,CE,Federal Contract Tower,0,4,4,0,8,0,0,69,0,69,0,4,73,0,77,108,0,108,185
05/22/2013,MDH,IL,AGL,CE,Federal Contract Tower,0,2,3,0,5,0,0,86,1,87,0,2,89,1,92,208,0,208,300
05/23/2013,MDH,IL,AGL,CE,Federal Contract Tower,0,2,4,0,6,0,0,104,0,104,0,2,108,0,110,196,0,196,306
05/24/2013,MDH,IL,AGL,CE,Federal Contract Tower,0,5,7,0,12,0,1,134,0,135,0,6,141,0,147,238,0,238,385
05/25/2013,MDH,IL,AGL,CE,Federal Contract Tower,0,2,0,0,2,0,0,42,0,42,0,2,42,0,44,60,0,60,104
05/26/2013,MDH,IL,AGL,CE,Federal Contract Tower,0,0,1,0,1,0,0,13,0,13,0,0,14,0,14,20,0,20,34
05/27/2013,MDH,IL,AGL,CE,Federal Contract Tower,0,2,4,0,6,0,0,41,0,41,0,2,45,0,47,28,0,28,75
05/28/2013,MDH,IL,AGL,CE,Federal Contract Tower,0,2,4,0,6,0,0,76,0,76,0,2,80,0,82,112,0,112,194
05/29/2013,MDH,IL,AGL,CE,Federal Contract Tower,0,2,3,0,5,0,0,120,0,120,0,2,123,0,125,202,0,202,327
05/30/2013,MDH,IL,AGL,CE,Federal Contract Tower,0,1,2,0,3,0,0,38,0,38,0,1,40,0,41,72,0,72,113
05/31/2013,MDH,IL,AGL,CE,Federal Contract Tower,0,2,3,0,5,0,0,42,0,42,0,2,45,0,47,78,0,78,125
06/01/2013,MDH,IL,AGL,CE,Federal Contract Tower,0,2,1,0,3,0,0,2,0,2,0,2,3,0,5,0,0,0,5
06/02/2013,MDH,IL,AGL,CE,Federal Contract Tower,0,1,0,0,1,0,0,44,0,44,0,1,44,0,45,34,0,34,79
06/03/2013,MDH,IL,AGL,CE,Federal Contract Tower,0,0,5,0,5,0,0,137,0,137,0,0,142,0,142,254,0,254,396
06/04/2013,MDH,IL,AGL,CE,Federal Contract Tower,0,2,5,0,7,0,0,136,0,136,0,2,141,0,143,214,0,214,357
06/05/2013,MDH,IL,AGL,CE,Federal Contract Tower,0,3,0,0,3,0,0,101,0,101,0,3,101,0,104,204,0,204,308
06/06/2013,MDH,IL,AGL,CE,Federal Contract Tower,0,5,1,0,6,0,0,83,0,83,0,5,84,0,89,218,0,218,307
06/07/2013,MDH,IL,AGL,CE,Federal Contract Tower,0,3,2,0,5,0,0,55,0,55,0,3,57,0,60,86,0,86,146
06/08/2013,MDH,IL,AGL,CE,Federal Contract Tower,0,1,4,0,5,0,0,32,0,32,0,1,36,0,37,16,0,16,53
06/09/2013,MDH,IL,AGL,CE,Federal Contract Tower,0,0,1,0,1,0,0,8,0,8,0,0,9,0,9,0,0,0,9
06/10/2013,MDH,IL,AGL,CE,Federal Contract Tower,0,4,2,0,6,0,0,71,0,71,0,4,73,0,77,94,0,94,171
06/11/2013,MDH,IL,AGL,CE,Federal Contract Tower,0,2,5,0,7,0,0,105,0,105,0,2,110,0,112,176,0,176,288
06/12/2013,MDH,IL,AGL,CE,Federal Contract Tower,0,3,0,0,3,0,4,92,0,96,0,7,92,0,99,130,0,130,229
06/13/2013,MDH,IL,AGL,CE,Federal Contract Tower,0,2,2,0,4,0,0,46,0,46,0,2,48,0,50,72,0,72,122
06/14/2013,MDH,IL,AGL,CE,Federal Contract Tower,0,4,2,0,6,0,0,76,0,76,0,4,78,0,82,132,0,132,214
06/15/2013,MDH,IL,AGL,CE,Federal Contract Tower,0,0,1,0,1,0,0,34,0,34,0,0,35,0,35,60,0,60,95
06/16/2013,MDH,IL,AGL,CE,Federal Contract Tower,0,7,1,0,8,0,0,4,0,4,0,7,5,0,12,12,0,12,24
06/17/2013,MDH,IL,AGL,CE,Federal Contract Tower,0,2,0,0,2,0,0,56,0,56,0,2,56,0,58,70,0,70,128
06/18/2013,MDH,IL,AGL,CE,Federal Contract Tower,0,5,1,0,6,0,0,126,0,126,0,5,127,0,132,198,0,198,330
06/19/2013,MDH,IL,AGL,CE,Federal Contract Tower,0,2,2,0,4,0,0,129,0,129,0,2,131,0,133,164,0,164,297
06/20/2013,MDH,IL,AGL,CE,Federal Contract Tower,0,1,3,0,4,0,0,113,0,113,0,1,116,0,117,214,0,214,331
06/21/2013,MDH,IL,AGL,CE,Federal Contract Tower,0,2,6,0,8,0,0,86,0,86,0,2,92,0,94,126,0,126,220
06/22/2013,MDH,IL,AGL,CE,Federal Contract Tower,0,1,5,0,6,0,0,24,0,24,0,1,29,0,30,34,0,34,64
06/23/2013,MDH,IL,AGL,CE,Federal Contract Tower,0,1,1,0,2,0,0,38,0,38,0,1,39,0,40,54,0,54,94
06/24/2013,MDH,IL,AGL,CE,Federal Contract Tower,0,1,10,0,11,0,0,116,0,116,0,1,126,0,127,198,0,198,325
06/25/2013,MDH,IL,AGL,CE,Federal Contract Tower,0,4,0,0,4,0,0,119,0,119,0,4,119,0,123,172,0,172,295
06/26/2013,MDH,IL,AGL,CE,Federal Contract Tower,0,4,1,0,5,0,0,35,0,35,0,4,36,0,40,60,0,60,100
06/27/2013,MDH,IL,AGL,CE,Federal Contract Tower,0,1,1,0,2,0,0,85,0,85,0,1,86,0,87,88,0,88,175
06/28/2013,MDH,IL,AGL,CE,Federal Contract Tower,0,1,5,0,6,0,0,63,0,63,0,1,68,0,69,46,0,46,115
06/29/2013,MDH,IL,AGL,CE,Federal Contract Tower,0,0,0,0,0,0,0,28,0,28,0,0,28,0,28,58,0,58,86
06/30/2013,MDH,IL,AGL,CE,Federal Contract Tower,0,0,8,0,8,0,0,27,0,27,0,0,35,0,35,26,0,26,61
07/01/2013,MDH,IL,AGL,CE,Federal Contract Tower,0,2,6,0,8,0,0,17,0,17,0,2,23,0,25,0,0,0,25
07/02/2013,MDH,IL,AGL,CE,Federal Contract Tower,0,0,6,0,6,0,0,0,0,0,0,0,6,0,6,0,0,0,6
07/03/2013,MDH,IL,AGL,CE,Federal Contract Tower,0,2,3,0,5,0,0,99,0,99,0,2,102,0,104,152,0,152,256
07/04/2013,MDH,IL,AGL,CE,Federal Contract Tower,0,0,0,0,0,0,0,9,0,9,0,0,9,0,9,8,0,8,17
07/05/2013,MDH,IL,AGL,CE,Federal Contract Tower,0,0,8,0,8,0,0,31,0,31,0,0,39,0,39,64,0,64,103
07/06/2013,MDH,IL,AGL,CE,Federal Contract Tower,0,0,3,0,3,0,1,10,0,11,0,1,13,0,14,0,0,0,14
07/07/2013,MDH,IL,AGL,CE,Federal Contract Tower,2,0,3,0,5,0,0,18,0,18,2,0,21,0,23,16,0,16,39
07/08/2013,MDH,IL,AGL,CE,Federal Contract Tower,0,2,5,0,7,0,0,147,0,147,0,2,152,0,154,256,0,256,410
07/09/2013,MDH,IL,AGL,CE,Federal Contract Tower,0,2,6,0,8,0,2,113,0,115,0,4,119,0,123,178,0,178,301
07/10/2013,MDH,IL,AGL,CE,Federal Contract Tower,0,0,0,0,0,0,0,27,0,27,0,0,27,0,27,48,0,48,75
07/11/2013,MDH,IL,AGL,CE,Federal Contract Tower,0,2,3,0,5,0,0,97,0,97,0,2,100,0,102,166,0,166,268
07/12/2013,MDH,IL,AGL,CE,Federal Contract Tower,0,0,9,0,9,0,0,83,0,83,0,0,92,0,92,152,0,152,244
07/13/2013,MDH,IL,AGL,CE,Federal Contract Tower,0,1,7,0,8,0,0,57,0,57,0,1,64,0,65,38,0,38,103
07/14/2013,MDH,IL,AGL,CE,Federal Contract Tower,0,0,0,0,0,0,0,28,0,28,0,0,28,0,28,52,0,52,80
07/15/2013,MDH,IL,AGL,CE,Federal Contract Tower,0,0,1,0,1,0,0,68,0,68,0,0,69,0,69,138,0,138,207
07/16/2013,MDH,IL,AGL,CE,Federal Contract Tower,0,2,3,0,5,0,2,127,0,129,0,4,130,0,134,216,0,216,350
07/17/2013,MDH,IL,AGL,CE,Federal Contract Tower,0,0,9,0,9,0,0,125,0,125,0,0,134,0,134,224,0,224,358
07/18/2013,MDH,IL,AGL,CE,Federal Contract Tower,0,0,1,0,1,0,0,86,1,87,0,0,87,1,88,108,6,114,202
07/19/2013,MDH,IL,AGL,CE,Federal Contract Tower,0,1,5,0,6,0,1,38,18,57,0,2,43,18,63,22,16,38,101
07/20/2013,MDH,IL,AGL,CE,Federal Contract Tower,0,1,1,0,2,0,0,41,5,46,0,1,42,5,48,52,0,52,100
07/21/2013,MDH,IL,AGL,CE,Federal Contract Tower,0,0,2,1,3,0,0,29,1,30,0,0,31,2,33,24,0,24,57
07/22/2013,MDH,IL,AGL,CE,Federal Contract Tower,0,0,0,0,0,0,0,78,0,78,0,0,78,0,78,162,0,162,240
07/23/2013,MDH,IL,AGL,CE,Federal Contract Tower,0,0,0,0,0,0,0,114,0,114,0,0,114,0,114,212,0,212,326
07/24/2013,MDH,IL,AGL,CE,Federal Contract Tower,0,5,2,0,7,0,0,78,0,78,0,5,80,0,85,114,0,114,199
07/25/2013,MDH,IL,AGL,CE,Federal Contract Tower,0,3,0,0,3,0,0,83,0,83,0,3,83,0,86,128,0,128,214
07/26/2013,MDH,IL,AGL,CE,Federal Contract Tower,0,1,4,0,5,0,0,59,0,59,0,1,63,0,64,70,0,70,134
07/27/2013,MDH,IL,AGL,CE,Federal Contract Tower,0,2,0,0,2,0,0,27,0,27,0,2,27,0,29,26,0,26,55
07/28/2013,MDH,IL,AGL,CE,Federal Contract Tower,0,0,0,0,0,0,0,36,0,36,0,0,36,0,36,46,0,46,82
07/29/2013,MDH,IL,AGL,CE,Federal Contract Tower,0,0,0,0,0,0,0,91,0,91,0,0,91,0,91,120,0,120,211
07/30/2013,MDH,IL,AGL,CE,Federal Contract Tower,0,4,4,0,8,0,0,2,0,2,0,4,6,0,10,4,0,4,14
07/31/2013,MDH,IL,AGL,CE,Federal Contract Tower,0,1,6,0,7,0,0,18,0,18,0,1,24,0,25,40,0,40,65
08/01/2013,MDH,IL,AGL,CE,Federal Contract Tower,0,6,2,0,8,0,0,82,0,82,0,6,84,0,90,138,0,138,228
08/02/2013,MDH,IL,AGL,CE,Federal Contract Tower,0,0,3,0,3,0,0,52,0,52,0,0,55,0,55,54,0,54,109
08/03/2013,MDH,IL,AGL,CE,Federal Contract Tower,0,5,3,0,8,0,0,16,0,16,0,5,19,0,24,0,0,0,24
08/04/2013,MDH,IL,AGL,CE,Federal Contract Tower,0,0,3,0,3,0,0,39,0,39,0,0,42,0,42,20,0,20,62
08/05/2013,MDH,IL,AGL,CE,Federal Contract Tower,0,0,3,0,3,0,0,10,0,10,0,0,13,0,13,18,0,18,31
08/06/2013,MDH,IL,AGL,CE,Federal Contract Tower,0,1,1,0,2,0,0,14,0,14,0,1,15,0,16,8,0,8,24
08/07/2013,MDH,IL,AGL,CE,Federal Contract Tower,0,0,2,0,2,0,2,26,0,28,0,2,28,0,30,38,0,38,68
08/08/2013,MDH,IL,AGL,CE,Federal Contract Tower,0,1,2,0,3,0,0,14,0,14,0,1,16,0,17,12,0,12,29
08/09/2013,MDH,IL,AGL,CE,Federal Contract Tower,0,5,3,0,8,0,0,13,1,14,0,5,16,1,22,0,0,0,22
08/10/2013,MDH,IL,AGL,CE,Federal Contract Tower,0,0,0,0,0,0,0,23,0,23,0,0,23,0,23,22,0,22,45
08/11/2013,MDH,IL,AGL,CE,Federal Contract Tower,0,0,2,0,2,0,0,38,0,38,0,0,40,0,40,4,0,4,44
08/12/2013,MDH,IL,AGL,CE,Federal Contract Tower,0,1,2,0,3,0,0,29,0,29,0,1,31,0,32,14,0,14,46
08/13/2013,MDH,IL,AGL,CE,Federal Contract Tower,0,0,1,0,1,0,0,41,0,41,0,0,42,0,42,32,0,32,74
08/14/2013,MDH,IL,AGL,CE,Federal Contract Tower,0,1,1,0,2,0,0,44,0,44,0,1,45,0,46,62,0,62,108
08/15/2013,MDH,IL,AGL,CE,Federal Contract Tower,0,0,2,0,2,0,0,68,0,68,0,0,70,0,70,102,0,102,172
08/16/2013,MDH,IL,AGL,CE,Federal Contract Tower,0,6,7,0,13,0,0,42,0,42,0,6,49,0,55,30,0,30,85
08/17/2013,MDH,IL,AGL,CE,Federal Contract Tower,0,0,1,0,1,0,0,21,0,21,0,0,22,0,22,0,0,0,22
08/18/2013,MDH,IL,AGL,CE,Federal Contract Tower,0,0,5,0,5,0,0,30,0,30,0,0,35,0,35,38,0,38,73
08/19/2013,MDH,IL,AGL,CE,Federal Contract Tower,0,0,0,0,0,0,0,29,0,29,0,0,29,0,29,60,0,60,89
08/20/2013,MDH,IL,AGL,CE,Federal Contract Tower,0,0,5,0,5,0,0,45,0,45,0,0,50,0,50,68,0,68,118
08/21/2013,MDH,IL,AGL,CE,Federal Contract Tower,0,0,3,1,4,0,1,87,7,95,0,1,90,8,99,140,14,154,253
08/22/2013,MDH,IL,AGL,CE,Federal Contract Tower,0,0,1,0,1,0,0,87,0,87,0,0,88,0,88,146,0,146,234
08/23/2013,MDH,IL,AGL,CE,Federal Contract Tower,0,7,2,0,9,0,0,113,0,113,0,7,115,0,122,196,0,196,318
08/24/2013,MDH,IL,AGL,CE,Federal Contract Tower,0,5,5,0,10,0,0,34,0,34,0,5,39,0,44,20,0,20,64
08/25/2013,MDH,IL,AGL,CE,Federal Contract Tower,0,6,5,0,11,0,0,60,0,60,0,6,65,0,71,66,0,66,137
08/26/2013,MDH,IL,AGL,CE,Federal Contract Tower,0,2,8,0,10,0,0,132,0,132,0,2,140,0,142,232,0,232,374
08/27/2013,MDH,IL,AGL,CE,Federal Contract Tower,0,0,2,0,2,0,0,134,0,134,0,0,136,0,136,192,0,192,328
08/28/2013,MDH,IL,AGL,CE,Federal Contract Tower,0,2,1,2,5,0,0,119,0,119,0,2,120,2,124,194,0,194,318
08/29/2013,MDH,IL,AGL,CE,Federal Contract Tower,0,5,3,0,8,0,0,114,0,114,0,5,117,0,122,206,0,206,328
08/30/2013,MDH,IL,AGL,CE,Federal Contract Tower,0,0,1,0,1,0,2,149,0,151,0,2,150,0,152,214,0,214,366
08/31/2013,MDH,IL,AGL,CE,Federal Contract Tower,0,2,5,0,7,0,0,31,0,31,0,2,36,0,38,58,0,58,96
09/01/2013,MDH,IL,AGL,CE,Federal Contract Tower,0,1,1,0,2,0,0,36,0,36,0,1,37,0,38,44,0,44,82
09/02/2013,MDH,IL,AGL,CE,Federal Contract Tower,0,4,4,0,8,0,0,25,0,25,0,4,29,0,33,0,0,0,33
09/03/2013,MDH,IL,AGL,CE,Federal Contract Tower,0,1,0,0,1,0,0,100,0,100,0,1,100,0,101,156,0,156,257
09/04/2013,MDH,IL,AGL,CE,Federal Contract Tower,0,0,0,0,0,0,0,182,0,182,0,0,182,0,182,464,0,464,646
09/05/2013,MDH,IL,AGL,CE,Federal Contract Tower,0,0,1,0,1,0,0,204,0,204,0,0,205,0,205,564,0,564,769
09/06/2013,MDH,IL,AGL,CE,Federal Contract Tower,0,2,2,0,4,0,0,197,0,197,0,2,199,0,201,490,0,490,691
09/07/2013,MDH,IL,AGL,CE,Federal Contract Tower,0,1,3,0,4,0,0,100,0,100,0,1,103,0,104,126,0,126,230
09/08/2013,MDH,IL,AGL,CE,Federal Contract Tower,0,0,1,0,1,0,0,22,0,22,0,0,23,0,23,8,0,8,31
09/09/2013,MDH,IL,AGL,CE,Federal Contract Tower,0,0,1,0,1,0,0,186,0,186,0,0,187,0,187,340,0,340,527
09/10/2013,MDH,IL,AGL,CE,Federal Contract Tower,0,8,1,0,9,0,0,170,0,170,0,8,171,0,179,350,0,350,529
09/11/2013,MDH,IL,AGL,CE,Federal Contract Tower,0,0,1,0,1,0,0,193,0,193,0,0,194,0,194,470,0,470,664
09/12/2013,MDH,IL,AGL,CE,Federal Contract Tower,0,5,2,0,7,0,1,177,0,178,0,6,179,0,185,486,0,486,671
09/13/2013,MDH,IL,AGL,CE,Federal Contract Tower,0,0,0,1,1,0,0,215,0,215,0,0,215,1,216,478,0,478,694
09/14/2013,MDH,IL,AGL,CE,Federal Contract Tower,0,0,3,1,4,0,0,108,0,108,0,0,111,1,112,84,0,84,196
09/15/2013,MDH,IL,AGL,CE,Federal Contract Tower,0,4,2,0,6,0,0,152,0,152,0,4,154,0,158,394,0,394,552
09/16/2013,MDH,IL,AGL,CE,Federal Contract Tower,0,2,7,0,9,0,0,100,0,100,0,2,107,0,109,250,0,250,359
09/17/2013,MDH,IL,AGL,CE,Federal Contract Tower,0,2,3,0,5,0,2,189,0,191,0,4,192,0,196,362,0,362,558
09/18/2013,MDH,IL,AGL,CE,Federal Contract Tower,0,5,7,0,12,0,0,215,0,215,0,5,222,0,227,490,0,490,717
09/19/2013,MDH,IL,AGL,CE,Federal Contract Tower,0,2,6,0,8,0,0,196,0,196,0,2,202,0,204,554,0,554,758
09/20/2013,MDH,IL,AGL,CE,Federal Contract Tower,0,12,10,0,22,0,0,8,0,8,0,12,18,0,30,14,0,14,44
09/21/2013,MDH,IL,AGL,CE,Federal Contract Tower,0,3,3,0,6,0,0,146,0,146,0,3,149,0,152,266,0,266,418
09/22/2013,MDH,IL,AGL,CE,Federal Contract Tower,0,2,12,0,14,0,0,148,0,148,0,2,160,0,162,304,0,304,466
09/23/2013,MDH,IL,AGL,CE,Federal Contract Tower,0,0,3,2,5,0,0,267,0,267,0,0,270,2,272,558,0,558,830
09/24/2013,MDH,IL,AGL,CE,Federal Contract Tower,0,4,3,0,7,0,0,166,0,166,0,4,169,0,173,360,0,360,533
09/25/2013,MDH,IL,AGL,CE,Federal Contract Tower,0,3,5,0,8,0,0,245,0,245,0,3,250,0,253,622,0,622,875
09/26/2013,MDH,IL,AGL,CE,Federal Contract Tower,0,4,5,0,9,0,0,240,0,240,0,4,245,0,249,654,0,654,903
09/27/2013,MDH,IL,AGL,CE,Federal Contract Tower,0,2,8,0,10,0,0,151,0,151,0,2,159,0,161,320,0,320,481
09/28/2013,MDH,IL,AGL,CE,Federal Contract Tower,0,6,2,0,8,0,0,127,0,127,0,6,129,0,135,302,0,302,437
09/29/2013,MDH,IL,AGL,CE,Federal Contract Tower,0,1,5,0,6,0,0,2,0,2,0,1,7,0,8,0,0,0,8
09/30/2013,MDH,IL,AGL,CE,Federal Contract Tower,0,0,13,0,13,0,0,89,0,89,0,0,102,0,102,220,0,220,322
10/01/2013,MDH,IL,AGL,CE,Federal Contract Tower,0,2,13,0,15,0,0,93,0,93,0,2,106,0,108,346,0,346,454
10/02/2013,MDH,IL,AGL,CE,Federal Contract Tower,0,4,4,0,8,0,0,76,0,76,0,4,80,0,84,202,0,202,286
10/03/2013,MDH,IL,AGL,CE,Federal Contract Tower,0,0,2,0,2,0,0,169,0,169,0,0,171,0,171,604,0,604,775
10/04/2013,MDH,IL,AGL,CE,Federal Contract Tower,0,2,8,0,10,0,0,67,0,67,0,2,75,0,77,160,0,160,237
10/05/2013,MDH,IL,AGL,CE,Federal Contract Tower,0,1,1,0,2,0,0,3,0,3,0,1,4,0,5,14,0,14,19
10/06/2013,MDH,IL,AGL,CE,Federal Contract Tower,0,4,3,0,7,0,0,63,0,63,0,4,66,0,70,90,0,90,160
10/07/2013,MDH,IL,AGL,CE,Federal Contract Tower,0,0,5,0,5,0,0,331,0,331,0,0,336,0,336,716,0,716,1052
10/08/2013,MDH,IL,AGL,CE,Federal Contract Tower,0,0,3,0,3,0,0,176,0,176,0,0,179,0,179,326,0,326,505
10/09/2013,MDH,IL,AGL,CE,Federal Contract Tower,0,2,6,0,8,0,14,266,0,280,0,16,272,0,288,596,0,596,884
10/10/2013,MDH,IL,AGL,CE,Federal Contract Tower,0,1,2,0,3,0,0,200,0,200,0,1,202,0,203,452,0,452,655
10/11/2013,MDH,IL,AGL,CE,Federal Contract Tower,0,7,6,0,13,0,0,121,0,121,0,7,127,0,134,122,0,122,256
10/12/2013,MDH,IL,AGL,CE,Federal Contract Tower,0,0,2,0,2,0,0,4,0,4,0,0,6,0,6,6,0,6,12
10/13/2013,MDH,IL,AGL,CE,Federal Contract Tower,0,0,5,0,5,0,0,23,0,23,0,0,28,0,28,12,0,12,40
10/14/2013,MDH,IL,AGL,CE,Federal Contract Tower,0,4,2,0,6,0,4,19,0,23,0,8,21,0,29,2,0,2,31
10/15/2013,MDH,IL,AGL,CE,Federal Contract Tower,0,2,5,0,7,0,0,0,0,0,0,2,5,0,7,0,0,0,7
10/16/2013,MDH,IL,AGL,CE,Federal Contract Tower,0,1,2,0,3,0,0,153,0,153,0,1,155,0,156,318,0,318,474
10/17/2013,MDH,IL,AGL,CE,Federal Contract Tower,0,2,0,0,2,0,10,94,0,104,0,12,94,0,106,362,0,362,468
10/18/2013,MDH,IL,AGL,CE,Federal Contract Tower,0,3,5,0,8,0,0,161,0,161,0,3,166,0,169,426,0,426,595
10/19/2013,MDH,IL,AGL,CE,Federal Contract Tower,2,11,1,0,14,0,0,94,0,94,2,11,95,0,108,170,0,170,278
10/20/2013,MDH,IL,AGL,CE,Federal Contract Tower,0,0,2,0,2,0,0,42,0,42,0,0,44,0,44,42,0,42,86
10/21/2013,MDH,IL,AGL,CE,Federal Contract Tower,0,0,6,0,6,0,0,179,0,179,0,0,185,0,185,398,0,398,583
10/22/2013,MDH,IL,AGL,CE,Federal Contract Tower,0,6,2,0,8,0,0,151,0,151,0,6,153,0,159,334,0,334,493
10/23/2013,MDH,IL,AGL,CE,Federal Contract Tower,0,5,1,0,6,0,0,148,0,148,0,5,149,0,154,304,0,304,458
10/24/2013,MDH,IL,AGL,CE,Federal Contract Tower,0,4,4,0,8,0,0,110,0,110,0,4,114,0,118,204,0,204,322
10/25/2013,MDH,IL,AGL,CE,Federal Contract Tower,0,3,4,0,7,0,0,142,2,144,0,3,146,2,151,376,0,376,527
10/26/2013,MDH,IL,AGL,CE,Federal Contract Tower,0,0,7,0,7,0,0,25,0,25,0,0,32,0,32,22,0,22,54
10/27/2013,MDH,IL,AGL,CE,Federal Contract Tower,0,2,2,0,4,0,0,50,0,50,0,2,52,0,54,64,0,64,118
10/28/2013,MDH,IL,AGL,CE,Federal Contract Tower,0,0,7,0,7,0,0,226,0,226,0,0,233,0,233,534,0,534,767
10/29/2013,MDH,IL,AGL,CE,Federal Contract Tower,0,0,4,0,4,0,0,57,0,57,0,0,61,0,61,152,0,152,213
10/30/2013,MDH,IL,AGL,CE,Federal Contract Tower,0,4,0,0,4,0,0,115,0,115,0,4,115,0,119,256,0,256,375
10/31/2013,MDH,IL,AGL,CE,Federal Contract Tower,0,0,0,0,0,0,0,0,0,0,0,0,0,0,0,0,0,0,0
11/01/2013,MDH,IL,AGL,CE,Federal Contract Tower,0,3,5,0,8,0,2,183,0,185,0,5,188,0,193,334,0,334,527
11/02/2013,MDH,IL,AGL,CE,Federal Contract Tower,0,3,13,0,16,0,0,34,0,34,0,3,47,0,50,64,0,64,114
11/03/2013,MDH,IL,AGL,CE,Federal Contract Tower,0,4,0,0,4,0,0,101,0,101,0,4,101,0,105,184,0,184,289
11/04/2013,MDH,IL,AGL,CE,Federal Contract Tower,0,1,6,0,7,0,0,124,0,124,0,1,130,0,131,282,0,282,413
11/05/2013,MDH,IL,AGL,CE,Federal Contract Tower,0,3,3,0,6,0,0,138,0,138,0,3,141,0,144,314,0,314,458
11/06/2013,MDH,IL,AGL,CE,Federal Contract Tower,0,0,8,0,8,0,0,0,0,0,0,0,8,0,8,0,0,0,8
11/07/2013,MDH,IL,AGL,CE,Federal Contract Tower,0,3,0,0,3,0,0,200,0,200,0,3,200,0,203,518,0,518,721
11/08/2013,MDH,IL,AGL,CE,Federal Contract Tower,0,2,2,0,4,0,0,192,0,192,0,2,194,0,196,476,0,476,672
11/09/2013,MDH,IL,AGL,CE,Federal Contract Tower,0,0,4,0,4,0,0,44,0,44,0,0,48,0,48,84,0,84,132
11/10/2013,MDH,IL,AGL,CE,Federal Contract Tower,0,4,5,0,9,0,0,81,0,81,0,4,86,0,90,126,0,126,216
11/11/2013,MDH,IL,AGL,CE,Federal Contract Tower,0,0,3,0,3,0,0,35,0,35,0,0,38,0,38,14,0,14,52
11/12/2013,MDH,IL,AGL,CE,Federal Contract Tower,0,0,3,0,3,0,0,120,0,120,0,0,123,0,123,278,0,278,401
11/13/2013,MDH,IL,AGL,CE,Federal Contract Tower,0,2,2,0,4,0,1,183,2,186,0,3,185,2,190,317,0,317,507
11/14/2013,MDH,IL,AGL,CE,Federal Contract Tower,0,0,5,0,5,0,2,90,0,92,0,2,95,0,97,124,0,124,221
11/15/2013,MDH,IL,AGL,CE,Federal Contract Tower,0,6,2,0,8,0,0,165,0,165,0,6,167,0,173,362,0,362,535
11/16/2013,MDH,IL,AGL,CE,Federal Contract Tower,0,1,0,0,1,0,0,20,0,20,0,1,20,0,21,26,0,26,47
11/17/2013,MDH,IL,AGL,CE,Federal Contract Tower,0,2,0,0,2,0,0,0,0,0,0,2,0,0,2,0,0,0,2
11/18/2013,MDH,IL,AGL,CE,Federal Contract Tower,0,2,4,0,6,0,0,97,0,97,0,2,101,0,103,232,0,232,335
11/19/2013,MDH,IL,AGL,CE,Federal Contract Tower,0,1,2,0,3,0,0,205,0,205,0,1,207,0,208,316,0,316,524
11/20/2013,MDH,IL,AGL,CE,Federal Contract Tower,0,3,2,0,5,0,0,194,0,194,0,3,196,0,199,388,0,388,587
11/21/2013,MDH,IL,AGL,CE,Federal Contract Tower,0,2,2,0,4,0,0,34,0,34,0,2,36,0,38,76,0,76,114
11/22/2013,MDH,IL,AGL,CE,Federal Contract Tower,0,4,4,0,8,0,0,2,0,2,0,4,6,0,10,2,0,2,12
11/23/2013,MDH,IL,AGL,CE,Federal Contract Tower,0,1,3,0,4,0,0,53,0,53,0,1,56,0,57,78,0,78,135
11/24/2013,MDH,IL,AGL,CE,Federal Contract Tower,0,0,0,0,0,0,0,70,0,70,0,0,70,0,70,136,0,136,206
11/25/2013,MDH,IL,AGL,CE,Federal Contract Tower,0,0,3,0,3,0,0,119,0,119,0,0,122,0,122,324,0,324,446
11/26/2013,MDH,IL,AGL,CE,Federal Contract Tower,0,0,5,0,5,0,0,210,0,210,0,0,215,0,215,390,0,390,605
11/27/2013,MDH,IL,AGL,CE,Federal Contract Tower,0,3,10,0,13,0,0,32,0,32,0,3,42,0,45,24,0,24,69
11/28/2013,MDH,IL,AGL,CE,Federal Contract Tower,0,1,1,0,2,0,0,10,0,10,0,1,11,0,12,0,0,0,12
11/29/2013,MDH,IL,AGL,CE,Federal Contract Tower,0,3,0,0,3,0,0,27,0,27,0,3,27,0,30,44,0,44,74
11/30/2013,MDH,IL,AGL,CE,Federal Contract Tower,0,3,0,0,3,0,0,12,0,12,0,3,12,0,15,0,0,0,15
12/01/2013,MDH,IL,AGL,CE,Federal Contract Tower,0,2,3,0,5,0,1,23,0,24,0,3,26,0,29,6,0,6,35
12/02/2013,MDH,IL,AGL,CE,Federal Contract Tower,0,1,2,0,3,0,0,215,0,215,0,1,217,0,218,411,0,411,629
12/03/2013,MDH,IL,AGL,CE,Federal Contract Tower,0,7,0,0,7,0,0,38,0,38,0,7,38,0,45,80,0,80,125
12/04/2013,MDH,IL,AGL,CE,Federal Contract Tower,0,4,5,0,9,0,0,21,0,21,0,4,26,0,30,38,0,38,68
12/05/2013,MDH,IL,AGL,CE,Federal Contract Tower,0,2,0,0,2,0,0,0,0,0,0,2,0,0,2,0,0,0,2
12/06/2013,MDH,IL,AGL,CE,Federal Contract Tower,0,0,0,0,0,0,0,0,0,0,0,0,0,0,0,0,0,0,0
12/07/2013,MDH,IL,AGL,CE,Federal Contract Tower,0,0,0,0,0,0,2,0,0,2,0,2,0,0,2,0,0,0,2
12/08/2013,MDH,IL,AGL,CE,Federal Contract Tower,0,0,0,0,0,0,0,0,0,0,0,0,0,0,0,0,0,0,0
12/09/2013,MDH,IL,AGL,CE,Federal Contract Tower,0,3,0,0,3,0,0,93,0,93,0,3,93,0,96,144,0,144,240
12/10/2013,MDH,IL,AGL,CE,Federal Contract Tower,0,2,4,0,6,0,0,136,0,136,0,2,140,0,142,298,0,298,440
12/11/2013,MDH,IL,AGL,CE,Federal Contract Tower,0,0,1,0,1,0,0,104,0,104,0,0,105,0,105,200,0,200,305
12/12/2013,MDH,IL,AGL,CE,Federal Contract Tower,0,7,4,0,11,0,0,80,0,80,0,7,84,0,91,120,0,120,211
12/13/2013,MDH,IL,AGL,CE,Federal Contract Tower,0,3,2,0,5,0,0,37,0,37,0,3,39,0,42,80,0,80,122
12/14/2013,MDH,IL,AGL,CE,Federal Contract Tower,0,1,2,0,3,0,0,1,0,1,0,1,3,0,4,0,0,0,4
12/15/2013,MDH,IL,AGL,CE,Federal Contract Tower,0,5,1,0,6,0,0,22,0,22,0,5,23,0,28,0,0,0,28
12/16/2013,MDH,IL,AGL,CE,Federal Contract Tower,0,2,2,0,4,0,0,75,0,75,0,2,77,0,79,108,0,108,187
12/17/2013,MDH,IL,AGL,CE,Federal Contract Tower,0,0,0,0,0,0,0,35,0,35,0,0,35,0,35,56,0,56,91
12/18/2013,MDH,IL,AGL,CE,Federal Contract Tower,0,3,5,0,8,0,0,32,0,32,0,3,37,0,40,36,0,36,76
12/19/2013,MDH,IL,AGL,CE,Federal Contract Tower,0,0,1,0,1,0,0,9,0,9,0,0,10,0,10,14,0,14,24
12/20/2013,MDH,IL,AGL,CE,Federal Contract Tower,0,5,5,0,10,0,0,0,0,0,0,5,5,0,10,0,0,0,10
12/21/2013,MDH,IL,AGL,CE,Federal Contract Tower,0,0,0,0,0,0,0,0,0,0,0,0,0,0,0,0,0,0,0
12/22/2013,MDH,IL,AGL,CE,Federal Contract Tower,0,2,0,0,2,0,0,1,0,1,0,2,1,0,3,0,2,2,5
12/23/2013,MDH,IL,AGL,CE,Federal Contract Tower,0,0,0,0,0,0,0,36,0,36,0,0,36,0,36,10,0,10,46
12/24/2013,MDH,IL,AGL,CE,Federal Contract Tower,0,0,0,0,0,0,4,23,0,27,0,4,23,0,27,18,0,18,45
12/25/2013,MDH,IL,AGL,CE,Federal Contract Tower,0,0,1,0,1,0,0,2,0,2,0,0,3,0,3,0,0,0,3
12/26/2013,MDH,IL,AGL,CE,Federal Contract Tower,0,2,0,0,2,0,0,12,0,12,0,2,12,0,14,12,0,12,26
12/27/2013,MDH,IL,AGL,CE,Federal Contract Tower,0,3,0,0,3,0,0,24,0,24,0,3,24,0,27,10,0,10,37
12/28/2013,MDH,IL,AGL,CE,Federal Contract Tower,0,2,0,0,2,0,0,10,0,10,0,2,10,0,12,4,0,4,16
12/29/2013,MDH,IL,AGL,CE,Federal Contract Tower,2,0,0,0,2,0,0,0,0,0,2,0,0,0,2,0,0,0,2
12/30/2013,MDH,IL,AGL,CE,Federal Contract Tower,0,0,0,0,0,0,0,3,0,3,0,0,3,0,3,0,0,0,3
12/31/2013,MDH,IL,AGL,CE,Federal Contract Tower,0,0,2,0,2,0,0,16,0,16,0,0,18,0,18,0,0,0,18
01/01/2014,MDH,IL,AGL,CE,Federal Contract Tower,0,0,12,0,12,0,0,0,0,0,0,0,12,0,12,0,0,0,12
01/02/2014,MDH,IL,AGL,CE,Federal Contract Tower,0,1,0,0,1,0,0,8,0,8,0,1,8,0,9,0,0,0,9
01/03/2014,MDH,IL,AGL,CE,Federal Contract Tower,0,0,4,0,4,0,0,8,0,8,0,0,12,0,12,0,0,0,12
01/04/2014,MDH,IL,AGL,CE,Federal Contract Tower,0,1,1,0,2,0,0,14,0,14,0,1,15,0,16,0,0,0,16
01/05/2014,MDH,IL,AGL,CE,Federal Contract Tower,0,1,0,0,1,0,0,0,0,0,0,1,0,0,1,0,0,0,1
01/06/2014,MDH,IL,AGL,CE,Federal Contract Tower,0,0,0,0,0,0,0,0,0,0,0,0,0,0,0,0,0,0,0
01/07/2014,MDH,IL,AGL,CE,Federal Contract Tower,0,0,0,0,0,0,0,11,0,11,0,0,11,0,11,0,0,0,11
01/08/2014,MDH,IL,AGL,CE,Federal Contract Tower,0,0,0,0,0,0,0,17,0,17,0,0,17,0,17,44,0,44,61
01/09/2014,MDH,IL,AGL,CE,Federal Contract Tower,0,6,0,0,6,0,0,0,0,0,0,6,0,0,6,0,0,0,6
01/10/2014,MDH,IL,AGL,CE,Federal Contract Tower,0,1,0,0,1,0,0,0,0,0,0,1,0,0,1,0,0,0,1
01/11/2014,MDH,IL,AGL,CE,Federal Contract Tower,0,0,3,0,3,0,0,17,0,17,0,0,20,0,20,2,0,2,22
01/12/2014,MDH,IL,AGL,CE,Federal Contract Tower,0,1,0,0,1,0,0,16,0,16,0,1,16,0,17,0,0,0,17
01/13/2014,MDH,IL,AGL,CE,Federal Contract Tower,0,0,0,0,0,0,0,43,0,43,0,0,43,0,43,68,0,68,111
01/14/2014,MDH,IL,AGL,CE,Federal Contract Tower,0,2,1,0,3,0,0,40,0,40,0,2,41,0,43,90,0,90,133
01/15/2014,MDH,IL,AGL,CE,Federal Contract Tower,0,0,0,0,0,0,0,88,0,88,0,0,88,0,88,152,0,152,240
01/16/2014,MDH,IL,AGL,CE,Federal Contract Tower,0,3,2,0,5,0,0,67,0,67,0,3,69,0,72,114,0,114,186
01/17/2014,MDH,IL,AGL,CE,Federal Contract Tower,0,0,7,0,7,0,0,18,0,18,0,0,25,0,25,50,0,50,75
01/18/2014,MDH,IL,AGL,CE,Federal Contract Tower,0,2,2,0,4,0,0,5,0,5,0,2,7,0,9,0,0,0,9
01/19/2014,MDH,IL,AGL,CE,Federal Contract Tower,0,4,3,0,7,0,0,56,0,56,0,4,59,0,63,94,0,94,157
01/20/2014,MDH,IL,AGL,CE,Federal Contract Tower,0,6,0,0,6,0,0,38,0,38,0,6,38,0,44,28,0,28,72
01/21/2014,MDH,IL,AGL,CE,Federal Contract Tower,0,0,1,0,1,0,0,2,0,2,0,0,3,0,3,20,0,20,23
01/22/2014,MDH,IL,AGL,CE,Federal Contract Tower,0,3,2,0,5,0,0,112,0,112,0,3,114,0,117,140,0,140,257
01/23/2014,MDH,IL,AGL,CE,Federal Contract Tower,0,0,0,0,0,0,0,11,0,11,0,0,11,0,11,18,0,18,29
01/24/2014,MDH,IL,AGL,CE,Federal Contract Tower,0,5,4,0,9,0,0,38,0,38,0,5,42,0,47,14,0,14,61
01/25/2014,MDH,IL,AGL,CE,Federal Contract Tower,0,2,2,0,4,0,0,34,0,34,0,2,36,0,38,32,0,32,70
01/26/2014,MDH,IL,AGL,CE,Federal Contract Tower,0,1,3,0,4,0,0,37,0,37,0,1,40,0,41,12,0,12,53
01/27/2014,MDH,IL,AGL,CE,Federal Contract Tower,0,0,4,0,4,0,0,51,0,51,0,0,55,0,55,44,0,44,99
01/28/2014,MDH,IL,AGL,CE,Federal Contract Tower,0,2,0,0,2,0,0,53,0,53,0,2,53,0,55,104,0,104,159
01/29/2014,MDH,IL,AGL,CE,Federal Contract Tower,0,1,4,0,5,0,0,192,0,192,0,1,196,0,197,528,0,528,725
01/30/2014,MDH,IL,AGL,CE,Federal Contract Tower,0,0,4,0,4,0,0,16,0,16,0,0,20,0,20,34,0,34,54
01/31/2014,MDH,IL,AGL,CE,Federal Contract Tower,0,3,1,0,4,0,0,91,0,91,0,3,92,0,95,200,0,200,295
02/01/2014,MDH,IL,AGL,CE,Federal Contract Tower,0,0,3,0,3,0,0,0,0,0,0,0,3,0,3,0,0,0,3
02/02/2014,MDH,IL,AGL,CE,Federal Contract Tower,0,0,0,0,0,0,0,0,0,0,0,0,0,0,0,0,0,0,0
02/03/2014,MDH,IL,AGL,CE,Federal Contract Tower,0,1,4,0,5,0,0,165,0,165,0,1,169,0,170,410,0,410,580
02/04/2014,MDH,IL,AGL,CE,Federal Contract Tower,0,0,0,0,0,0,0,44,0,44,0,0,44,0,44,122,0,122,166
02/05/2014,MDH,IL,AGL,CE,Federal Contract Tower,0,3,0,0,3,0,0,0,0,0,0,3,0,0,3,0,0,0,3
02/06/2014,MDH,IL,AGL,CE,Federal Contract Tower,0,2,0,0,2,0,0,19,0,19,0,2,19,0,21,38,0,38,59
02/07/2014,MDH,IL,AGL,CE,Federal Contract Tower,0,2,2,0,4,0,0,110,0,110,0,2,112,0,114,248,0,248,362
02/08/2014,MDH,IL,AGL,CE,Federal Contract Tower,0,1,0,0,1,0,0,29,0,29,0,1,29,0,30,72,0,72,102
02/09/2014,MDH,IL,AGL,CE,Federal Contract Tower,0,0,0,0,0,0,0,2,0,2,0,0,2,0,2,6,0,6,8
02/10/2014,MDH,IL,AGL,CE,Federal Contract Tower,0,3,5,0,8,0,0,76,0,76,0,3,81,0,84,150,0,150,234
02/11/2014,MDH,IL,AGL,CE,Federal Contract Tower,0,0,1,0,1,0,0,107,0,107,0,0,108,0,108,118,0,118,226
02/12/2014,MDH,IL,AGL,CE,Federal Contract Tower,0,2,5,0,7,0,0,122,0,122,0,2,127,0,129,292,0,292,421
02/13/2014,MDH,IL,AGL,CE,Federal Contract Tower,0,1,4,0,5,0,0,211,0,211,0,1,215,0,216,590,0,590,806
02/14/2014,MDH,IL,AGL,CE,Federal Contract Tower,0,4,1,0,5,0,0,17,0,17,0,4,18,0,22,80,0,80,102
02/15/2014,MDH,IL,AGL,CE,Federal Contract Tower,0,1,2,0,3,0,0,68,0,68,0,1,70,0,71,72,2,74,145
02/16/2014,MDH,IL,AGL,CE,Federal Contract Tower,0,0,3,0,3,0,0,41,0,41,0,0,44,0,44,116,0,116,160
02/17/2014,MDH,IL,AGL,CE,Federal Contract Tower,0,0,0,0,0,0,0,41,0,41,0,0,41,0,41,184,0,184,225
02/18/2014,MDH,IL,AGL,CE,Federal Contract Tower,0,4,0,0,4,0,0,134,0,134,0,4,134,0,138,214,0,214,352
02/19/2014,MDH,IL,AGL,CE,Federal Contract Tower,0,3,2,1,6,0,0,224,0,224,0,3,226,1,230,526,2,528,758
02/20/2014,MDH,IL,AGL,CE,Federal Contract Tower,0,0,0,0,0,0,0,0,0,0,0,0,0,0,0,0,0,0,0
02/21/2014,MDH,IL,AGL,CE,Federal Contract Tower,0,2,2,0,4,0,0,143,0,143,0,2,145,0,147,258,0,258,405
02/22/2014,MDH,IL,AGL,CE,Federal Contract Tower,0,6,4,0,10,0,0,115,0,115,0,6,119,0,125,156,0,156,281
02/23/2014,MDH,IL,AGL,CE,Federal Contract Tower,0,2,2,0,4,0,0,27,2,29,0,2,29,2,33,34,6,40,73
02/24/2014,MDH,IL,AGL,CE,Federal Contract Tower,0,3,3,0,6,0,0,223,0,223,0,3,226,0,229,514,0,514,743
02/25/2014,MDH,IL,AGL,CE,Federal Contract Tower,0,0,1,0,1,0,0,134,0,134,0,0,135,0,135,264,0,264,399
02/26/2014,MDH,IL,AGL,CE,Federal Contract Tower,0,4,4,0,8,0,0,112,0,112,0,4,116,0,120,236,0,236,356
02/27/2014,MDH,IL,AGL,CE,Federal Contract Tower,0,0,7,0,7,0,0,196,0,196,0,0,203,0,203,452,0,452,655
02/28/2014,MDH,IL,AGL,CE,Federal Contract Tower,0,0,2,0,2,0,0,139,0,139,0,0,141,0,141,214,0,214,355
03/01/2014,MDH,IL,AGL,CE,Federal Contract Tower,0,1,4,0,5,0,0,41,0,41,0,1,45,0,46,84,0,84,130
03/02/2014,MDH,IL,AGL,CE,Federal Contract Tower,0,0,0,0,0,0,0,0,0,0,0,0,0,0,0,0,0,0,0
03/03/2014,MDH,IL,AGL,CE,Federal Contract Tower,0,0,0,0,0,0,0,2,0,2,0,0,2,0,2,0,0,0,2
03/04/2014,MDH,IL,AGL,CE,Federal Contract Tower,0,0,3,0,3,0,0,2,0,2,0,0,5,0,5,2,0,2,7
03/05/2014,MDH,IL,AGL,CE,Federal Contract Tower,0,2,2,2,6,0,0,20,0,20,0,2,22,2,26,44,0,44,70
03/06/2014,MDH,IL,AGL,CE,Federal Contract Tower,0,2,3,0,5,0,2,183,0,185,0,4,186,0,190,360,0,360,550
03/07/2014,MDH,IL,AGL,CE,Federal Contract Tower,0,2,5,0,7,0,0,132,0,132,0,2,137,0,139,218,0,218,357
03/08/2014,MDH,IL,AGL,CE,Federal Contract Tower,0,1,4,0,5,0,0,17,0,17,0,1,21,0,22,4,0,4,26
03/09/2014,MDH,IL,AGL,CE,Federal Contract Tower,0,0,4,0,4,0,0,24,0,24,0,0,28,0,28,0,0,0,28
03/10/2014,MDH,IL,AGL,CE,Federal Contract Tower,0,0,3,0,3,0,0,27,0,27,0,0,30,0,30,18,0,18,48
03/11/2014,MDH,IL,AGL,CE,Federal Contract Tower,0,2,0,0,2,0,0,21,0,21,0,2,21,0,23,0,0,0,23
03/12/2014,MDH,IL,AGL,CE,Federal Contract Tower,0,0,0,0,0,0,0,0,0,0,0,0,0,0,0,0,0,0,0
03/13/2014,MDH,IL,AGL,CE,Federal Contract Tower,0,1,0,0,1,0,0,33,0,33,0,1,33,0,34,36,0,36,70
03/14/2014,MDH,IL,AGL,CE,Federal Contract Tower,0,5,4,0,9,0,0,34,0,34,0,5,38,0,43,32,0,32,75
03/15/2014,MDH,IL,AGL,CE,Federal Contract Tower,0,4,4,0,8,0,0,13,0,13,0,4,17,0,21,2,0,2,23
03/16/2014,MDH,IL,AGL,CE,Federal Contract Tower,0,2,0,0,2,0,0,0,0,0,0,2,0,0,2,0,0,0,2
03/17/2014,MDH,IL,AGL,CE,Federal Contract Tower,0,5,11,0,16,0,0,89,0,89,0,5,100,0,105,222,0,222,327
03/18/2014,MDH,IL,AGL,CE,Federal Contract Tower,0,0,3,0,3,0,0,182,0,182,0,0,185,0,185,422,0,422,607
03/19/2014,MDH,IL,AGL,CE,Federal Contract Tower,0,0,2,0,2,0,0,129,0,129,0,0,131,0,131,396,0,396,527
03/20/2014,MDH,IL,AGL,CE,Federal Contract Tower,0,4,5,0,9,0,0,246,0,246,0,4,251,0,255,676,0,676,931
03/21/2014,MDH,IL,AGL,CE,Federal Contract Tower,0,8,10,0,18,0,0,118,0,118,0,8,128,0,136,168,0,168,304
03/22/2014,MDH,IL,AGL,CE,Federal Contract Tower,0,0,5,0,5,0,0,27,0,27,0,0,32,0,32,0,0,0,32
03/23/2014,MDH,IL,AGL,CE,Federal Contract Tower,0,2,6,0,8,0,0,62,0,62,0,2,68,0,70,128,0,128,198
03/24/2014,MDH,IL,AGL,CE,Federal Contract Tower,0,0,4,0,4,0,0,191,0,191,0,0,195,0,195,368,0,368,563
03/25/2014,MDH,IL,AGL,CE,Federal Contract Tower,0,0,1,0,1,0,0,51,0,51,0,0,52,0,52,72,0,72,124
03/26/2014,MDH,IL,AGL,CE,Federal Contract Tower,0,2,7,0,9,0,0,118,0,118,0,2,125,0,127,184,0,184,311
03/27/2014,MDH,IL,AGL,CE,Federal Contract Tower,0,0,1,0,1,0,0,8,0,8,0,0,9,0,9,0,0,0,9
03/28/2014,MDH,IL,AGL,CE,Federal Contract Tower,0,0,7,0,7,0,4,123,0,127,0,4,130,0,134,278,0,278,412
03/29/2014,MDH,IL,AGL,CE,Federal Contract Tower,0,0,4,0,4,0,0,4,0,4,0,0,8,0,8,0,0,0,8
03/30/2014,MDH,IL,AGL,CE,Federal Contract Tower,0,0,8,0,8,0,10,114,0,124,0,10,122,0,132,156,0,156,288
03/31/2014,MDH,IL,AGL,CE,Federal Contract Tower,0,0,0,0,0,0,0,79,0,79,0,0,79,0,79,162,0,162,241
04/01/2014,MDH,IL,AGL,CE,Federal Contract Tower,0,3,4,0,7,0,0,152,0,152,0,3,156,0,159,406,0,406,565
04/02/2014,MDH,IL,AGL,CE,Federal Contract Tower,0,1,0,0,1,0,0,85,0,85,0,1,85,0,86,450,0,450,536
04/03/2014,MDH,IL,AGL,CE,Federal Contract Tower,0,0,1,0,1,0,0,0,0,0,0,0,1,0,1,0,0,0,1
04/04/2014,MDH,IL,AGL,CE,Federal Contract Tower,0,2,3,0,5,0,0,15,0,15,0,2,18,0,20,30,0,30,50
04/05/2014,MDH,IL,AGL,CE,Federal Contract Tower,0,0,7,0,7,0,4,149,0,153,0,4,156,0,160,346,0,346,506
04/06/2014,MDH,IL,AGL,CE,Federal Contract Tower,0,3,7,0,10,0,0,53,0,53,0,3,60,0,63,28,0,28,91
04/07/2014,MDH,IL,AGL,CE,Federal Contract Tower,0,2,6,0,8,0,4,3,0,7,0,6,9,0,15,86,0,86,101
04/08/2014,MDH,IL,AGL,CE,Federal Contract Tower,0,1,3,0,4,0,0,151,0,151,0,1,154,0,155,498,0,498,653
04/09/2014,MDH,IL,AGL,CE,Federal Contract Tower,0,2,2,0,4,0,0,202,0,202,0,2,204,0,206,378,0,378,584
04/10/2014,MDH,IL,AGL,CE,Federal Contract Tower,0,0,0,0,0,0,0,2,0,2,0,0,2,0,2,0,0,0,2
04/11/2014,MDH,IL,AGL,CE,Federal Contract Tower,0,5,4,0,9,0,0,172,0,172,0,5,176,0,181,348,0,348,529
04/12/2014,MDH,IL,AGL,CE,Federal Contract Tower,0,2,1,0,3,0,72,0,4,76,0,74,1,4,79,24,0,24,103
04/13/2014,MDH,IL,AGL,CE,Federal Contract Tower,0,4,3,0,7,0,1,3,0,4,0,5,6,0,11,6,0,6,17
04/14/2014,MDH,IL,AGL,CE,Federal Contract Tower,0,1,4,0,5,0,0,5,0,5,0,1,9,0,10,16,0,16,26
04/15/2014,MDH,IL,AGL,CE,Federal Contract Tower,0,2,6,0,8,0,0,191,0,191,0,2,197,0,199,530,0,530,729
04/16/2014,MDH,IL,AGL,CE,Federal Contract Tower,0,4,3,0,7,0,0,226,0,226,0,4,229,0,233,626,0,626,859
04/17/2014,MDH,IL,AGL,CE,Federal Contract Tower,0,4,6,0,10,0,6,183,0,189,0,10,189,0,199,524,0,524,723
04/18/2014,MDH,IL,AGL,CE,Federal Contract Tower,0,0,4,0,4,0,0,192,0,192,0,0,196,0,196,452,0,452,648
04/19/2014,MDH,IL,AGL,CE,Federal Contract Tower,0,4,1,0,5,0,3,133,0,136,0,7,134,0,141,284,0,284,425
04/20/2014,MDH,IL,AGL,CE,Federal Contract Tower,0,1,9,0,10,0,0,28,0,28,0,1,37,0,38,34,0,34,72
04/21/2014,MDH,IL,AGL,CE,Federal Contract Tower,0,0,0,0,0,0,0,163,2,165,0,0,163,2,165,320,0,320,485
04/22/2014,MDH,IL,AGL,CE,Federal Contract Tower,0,1,7,0,8,0,0,149,0,149,0,1,156,0,157,494,0,494,651
04/23/2014,MDH,IL,AGL,CE,Federal Contract Tower,0,4,2,0,6,0,6,226,0,232,0,10,228,0,238,452,0,452,690
04/24/2014,MDH,IL,AGL,CE,Federal Contract Tower,0,2,0,0,2,0,5,121,0,126,0,7,121,0,128,276,0,276,404
04/25/2014,MDH,IL,AGL,CE,Federal Contract Tower,0,0,8,0,8,0,0,167,0,167,0,0,175,0,175,326,0,326,501
04/26/2014,MDH,IL,AGL,CE,Federal Contract Tower,2,0,5,0,7,0,2,225,0,227,2,2,230,0,234,222,0,222,456
04/27/2014,MDH,IL,AGL,CE,Federal Contract Tower,0,2,0,0,2,0,0,55,0,55,0,2,55,0,57,80,0,80,137
04/28/2014,MDH,IL,AGL,CE,Federal Contract Tower,0,0,1,0,1,0,0,49,0,49,0,0,50,0,50,346,0,346,396
04/29/2014,MDH,IL,AGL,CE,Federal Contract Tower,0,0,1,0,1,0,4,66,0,70,0,4,67,0,71,164,0,164,235
04/30/2014,MDH,IL,AGL,CE,Federal Contract Tower,0,5,1,0,6,0,5,156,0,161,0,10,157,0,167,342,0,342,509
05/01/2014,MDH,IL,AGL,CE,Federal Contract Tower,0,7,6,0,13,0,2,210,0,212,0,9,216,0,225,420,0,420,645
05/02/2014,MDH,IL,AGL,CE,Federal Contract Tower,0,5,5,0,10,0,3,164,0,167,0,8,169,0,177,250,0,250,427
05/03/2014,MDH,IL,AGL,CE,Federal Contract Tower,0,4,0,0,4,0,0,140,0,140,0,4,140,0,144,350,0,350,494
05/04/2014,MDH,IL,AGL,CE,Federal Contract Tower,0,1,3,0,4,0,0,120,0,120,0,1,123,0,124,230,0,230,354
05/05/2014,MDH,IL,AGL,CE,Federal Contract Tower,0,0,4,0,4,0,1,165,0,166,0,1,169,0,170,416,0,416,586
05/06/2014,MDH,IL,AGL,CE,Federal Contract Tower,0,0,0,0,0,0,5,177,0,182,0,5,177,0,182,434,0,434,616
05/07/2014,MDH,IL,AGL,CE,Federal Contract Tower,0,2,4,0,6,0,0,71,0,71,0,2,75,0,77,64,0,64,141
05/08/2014,MDH,IL,AGL,CE,Federal Contract Tower,0,0,3,0,3,0,0,56,0,56,0,0,59,0,59,104,0,104,163
05/09/2014,MDH,IL,AGL,CE,Federal Contract Tower,0,3,3,0,6,0,0,28,0,28,0,3,31,0,34,14,0,14,48
05/10/2014,MDH,IL,AGL,CE,Federal Contract Tower,0,4,3,0,7,0,0,37,0,37,0,4,40,0,44,48,0,48,92
05/11/2014,MDH,IL,AGL,CE,Federal Contract Tower,0,4,6,0,10,0,0,7,0,7,0,4,13,0,17,6,0,6,23
05/12/2014,MDH,IL,AGL,CE,Federal Contract Tower,0,1,3,0,4,0,0,40,0,40,0,1,43,0,44,74,0,74,118
05/13/2014,MDH,IL,AGL,CE,Federal Contract Tower,0,1,1,0,2,0,0,1,0,1,0,1,2,0,3,0,0,0,3
05/14/2014,MDH,IL,AGL,CE,Federal Contract Tower,0,4,7,0,11,0,0,1,0,1,0,4,8,0,12,0,0,0,12
05/15/2014,MDH,IL,AGL,CE,Federal Contract Tower,0,0,1,0,1,0,2,85,0,87,0,2,86,0,88,124,0,124,212
05/16/2014,MDH,IL,AGL,CE,Federal Contract Tower,0,2,5,0,7,0,4,72,0,76,0,6,77,0,83,98,0,98,181
05/17/2014,MDH,IL,AGL,CE,Federal Contract Tower,0,3,2,0,5,0,2,32,0,34,0,5,34,0,39,34,0,34,73
05/18/2014,MDH,IL,AGL,CE,Federal Contract Tower,0,0,1,0,1,0,0,27,0,27,0,0,28,0,28,28,0,28,56
05/19/2014,MDH,IL,AGL,CE,Federal Contract Tower,0,1,8,0,9,0,2,85,0,87,0,3,93,0,96,168,0,168,264
05/20/2014,MDH,IL,AGL,CE,Federal Contract Tower,0,4,2,0,6,0,0,68,0,68,0,4,70,0,74,70,0,70,144
05/21/2014,MDH,IL,AGL,CE,Federal Contract Tower,0,0,1,0,1,0,0,119,0,119,0,0,120,0,120,216,0,216,336
05/22/2014,MDH,IL,AGL,CE,Federal Contract Tower,0,2,2,0,4,0,6,86,0,92,0,8,88,0,96,136,0,136,232
05/23/2014,MDH,IL,AGL,CE,Federal Contract Tower,0,6,3,0,9,0,1,86,0,87,0,7,89,0,96,176,0,176,272
05/24/2014,MDH,IL,AGL,CE,Federal Contract Tower,0,1,2,0,3,0,0,14,0,14,0,1,16,0,17,6,0,6,23
05/25/2014,MDH,IL,AGL,CE,Federal Contract Tower,0,2,0,0,2,0,1,34,0,35,0,3,34,0,37,48,0,48,85
05/26/2014,MDH,IL,AGL,CE,Federal Contract Tower,0,0,3,0,3,0,0,0,0,0,0,0,3,0,3,0,0,0,3
05/27/2014,MDH,IL,AGL,CE,Federal Contract Tower,0,1,5,0,6,0,3,50,0,53,0,4,55,0,59,48,0,48,107
05/28/2014,MDH,IL,AGL,CE,Federal Contract Tower,0,3,2,0,5,0,1,85,0,86,0,4,87,0,91,140,0,140,231
05/29/2014,MDH,IL,AGL,CE,Federal Contract Tower,0,5,0,0,5,0,4,80,0,84,0,9,80,0,89,180,0,180,269
05/30/2014,MDH,IL,AGL,CE,Federal Contract Tower,0,1,2,0,3,0,2,89,0,91,0,3,91,0,94,174,0,174,268
05/31/2014,MDH,IL,AGL,CE,Federal Contract Tower,0,1,3,0,4,0,0,6,0,6,0,1,9,0,10,0,0,0,10
06/01/2014,MDH,IL,AGL,CE,Federal Contract Tower,0,1,3,0,4,0,0,17,0,17,0,1,20,0,21,24,0,24,45
06/02/2014,MDH,IL,AGL,CE,Federal Contract Tower,0,0,0,0,0,0,4,1,0,5,0,4,1,0,5,0,0,0,5
06/03/2014,MDH,IL,AGL,CE,Federal Contract Tower,0,3,7,0,10,0,3,51,0,54,0,6,58,0,64,118,0,118,182
06/04/2014,MDH,IL,AGL,CE,Federal Contract Tower,0,2,0,0,2,0,0,19,0,19,0,2,19,0,21,26,0,26,47
06/05/2014,MDH,IL,AGL,CE,Federal Contract Tower,0,9,3,0,12,0,0,8,0,8,0,9,11,0,20,18,0,18,38
06/06/2014,MDH,IL,AGL,CE,Federal Contract Tower,0,2,8,0,10,0,0,59,0,59,0,2,67,0,69,70,0,70,139
06/07/2014,MDH,IL,AGL,CE,Federal Contract Tower,0,0,1,0,1,0,1,16,0,17,0,1,17,0,18,16,0,16,34
06/08/2014,MDH,IL,AGL,CE,Federal Contract Tower,0,2,2,0,4,0,0,4,0,4,0,2,6,0,8,0,0,0,8
06/09/2014,MDH,IL,AGL,CE,Federal Contract Tower,0,4,4,0,8,0,2,81,0,83,0,6,85,0,91,110,0,110,201
06/10/2014,MDH,IL,AGL,CE,Federal Contract Tower,0,2,1,0,3,0,2,0,0,2,0,4,1,0,5,0,0,0,5
06/11/2014,MDH,IL,AGL,CE,Federal Contract Tower,0,3,7,0,10,0,4,62,0,66,0,7,69,0,76,98,0,98,174
06/12/2014,MDH,IL,AGL,CE,Federal Contract Tower,0,2,6,0,8,0,0,87,0,87,0,2,93,0,95,184,0,184,279
06/13/2014,MDH,IL,AGL,CE,Federal Contract Tower,0,2,2,0,4,0,1,97,0,98,0,3,99,0,102,108,0,108,210
06/14/2014,MDH,IL,AGL,CE,Federal Contract Tower,0,3,4,0,7,0,3,71,0,74,0,6,75,0,81,100,0,100,181
06/15/2014,MDH,IL,AGL,CE,Federal Contract Tower,0,2,0,0,2,0,1,29,0,30,0,3,29,0,32,6,0,6,38
06/16/2014,MDH,IL,AGL,CE,Federal Contract Tower,0,0,0,0,0,0,4,110,0,114,0,4,110,0,114,150,0,150,264
06/17/2014,MDH,IL,AGL,CE,Federal Contract Tower,0,3,7,0,10,0,3,81,0,84,0,6,88,0,94,160,0,160,254
06/18/2014,MDH,IL,AGL,CE,Federal Contract Tower,0,1,3,0,4,0,2,112,0,114,0,3,115,0,118,164,0,164,282
06/19/2014,MDH,IL,AGL,CE,Federal Contract Tower,0,1,6,0,7,0,4,85,0,89,0,5,91,0,96,142,0,142,238
06/20/2014,MDH,IL,AGL,CE,Federal Contract Tower,0,2,3,0,5,0,0,67,0,67,0,2,70,0,72,92,0,92,164
06/21/2014,MDH,IL,AGL,CE,Federal Contract Tower,0,1,3,0,4,0,2,35,0,37,0,3,38,0,41,48,0,48,89
06/22/2014,MDH,IL,AGL,CE,Federal Contract Tower,0,0,5,0,5,0,1,21,0,22,0,1,26,0,27,2,0,2,29
06/23/2014,MDH,IL,AGL,CE,Federal Contract Tower,0,1,1,0,2,0,2,45,0,47,0,3,46,0,49,38,0,38,87
06/24/2014,MDH,IL,AGL,CE,Federal Contract Tower,0,2,7,0,9,0,0,35,0,35,0,2,42,0,44,50,0,50,94
06/25/2014,MDH,IL,AGL,CE,Federal Contract Tower,0,3,7,0,10,0,3,128,0,131,0,6,135,0,141,138,0,138,279
06/26/2014,MDH,IL,AGL,CE,Federal Contract Tower,0,4,0,0,4,0,73,0,0,73,0,77,0,0,77,188,0,188,265
06/27/2014,MDH,IL,AGL,CE,Federal Contract Tower,0,1,6,0,7,0,0,55,0,55,0,1,61,0,62,112,0,112,174
06/28/2014,MDH,IL,AGL,CE,Federal Contract Tower,0,3,3,4,10,0,0,25,0,25,0,3,28,4,35,58,0,58,93
06/29/2014,MDH,IL,AGL,CE,Federal Contract Tower,0,2,1,0,3,0,0,0,0,0,0,2,1,0,3,0,0,0,3
06/30/2014,MDH,IL,AGL,CE,Federal Contract Tower,0,1,6,0,7,0,2,38,0,40,0,3,44,0,47,84,0,84,131
07/01/2014,MDH,IL,AGL,CE,Federal Contract Tower,0,0,2,0,2,0,2,56,0,58,0,2,58,0,60,126,0,126,186
07/02/2014,MDH,IL,AGL,CE,Federal Contract Tower,0,2,0,0,2,0,2,107,4,113,0,4,107,4,115,190,0,190,305
07/03/2014,MDH,IL,AGL,CE,Federal Contract Tower,0,0,1,0,1,0,0,64,0,64,0,0,65,0,65,182,0,182,247
07/04/2014,MDH,IL,AGL,CE,Federal Contract Tower,0,0,0,0,0,0,0,11,0,11,0,0,11,0,11,0,0,0,11
07/05/2014,MDH,IL,AGL,CE,Federal Contract Tower,0,0,1,0,1,0,2,29,0,31,0,2,30,0,32,16,0,16,48
07/06/2014,MDH,IL,AGL,CE,Federal Contract Tower,0,2,1,0,3,0,0,15,0,15,0,2,16,0,18,4,0,4,22
07/07/2014,MDH,IL,AGL,CE,Federal Contract Tower,0,2,0,0,2,0,2,80,0,82,0,4,80,0,84,156,0,156,240
07/08/2014,MDH,IL,AGL,CE,Federal Contract Tower,0,4,0,0,4,0,1,53,0,54,0,5,53,0,58,88,0,88,146
07/09/2014,MDH,IL,AGL,CE,Federal Contract Tower,0,1,8,0,9,0,0,99,0,99,0,1,107,0,108,174,0,174,282
07/10/2014,MDH,IL,AGL,CE,Federal Contract Tower,0,0,3,0,3,0,5,102,0,107,0,5,105,0,110,186,0,186,296
07/11/2014,MDH,IL,AGL,CE,Federal Contract Tower,0,2,7,0,9,0,0,75,0,75,0,2,82,0,84,124,0,124,208
07/12/2014,MDH,IL,AGL,CE,Federal Contract Tower,0,1,0,0,1,0,3,38,0,41,0,4,38,0,42,48,0,48,90
07/13/2014,MDH,IL,AGL,CE,Federal Contract Tower,0,0,1,0,1,0,1,19,0,20,0,1,20,0,21,16,0,16,37
07/14/2014,MDH,IL,AGL,CE,Federal Contract Tower,0,3,6,0,9,0,0,30,0,30,0,3,36,0,39,74,0,74,113
07/15/2014,MDH,IL,AGL,CE,Federal Contract Tower,0,2,3,0,5,0,2,85,0,87,0,4,88,0,92,194,0,194,286
07/16/2014,MDH,IL,AGL,CE,Federal Contract Tower,0,0,3,0,3,0,0,0,0,0,0,0,3,0,3,178,0,178,181
07/17/2014,MDH,IL,AGL,CE,Federal Contract Tower,0,3,1,0,4,0,6,0,0,6,0,9,1,0,10,196,0,196,206
07/18/2014,MDH,IL,AGL,CE,Federal Contract Tower,0,3,4,0,7,0,2,68,0,70,0,5,72,0,77,138,0,138,215
07/19/2014,MDH,IL,AGL,CE,Federal Contract Tower,0,2,1,0,3,0,0,11,0,11,0,2,12,0,14,4,0,4,18
07/20/2014,MDH,IL,AGL,CE,Federal Contract Tower,0,0,3,0,3,0,0,30,0,30,0,0,33,0,33,16,0,16,49
07/21/2014,MDH,IL,AGL,CE,Federal Contract Tower,0,0,4,0,4,0,0,79,0,79,0,0,83,0,83,214,0,214,297
07/22/2014,MDH,IL,AGL,CE,Federal Contract Tower,0,2,0,0,2,0,2,66,0,68,0,4,66,0,70,102,0,102,172
07/23/2014,MDH,IL,AGL,CE,Federal Contract Tower,0,0,5,0,5,0,0,21,0,21,0,0,26,0,26,24,0,24,50
07/24/2014,MDH,IL,AGL,CE,Federal Contract Tower,0,3,3,0,6,0,1,98,0,99,0,4,101,0,105,166,0,166,271
07/25/2014,MDH,IL,AGL,CE,Federal Contract Tower,0,3,0,0,3,0,0,62,0,62,0,3,62,0,65,124,0,124,189
07/26/2014,MDH,IL,AGL,CE,Federal Contract Tower,0,0,3,0,3,0,2,39,0,41,0,2,42,0,44,24,0,24,68
07/27/2014,MDH,IL,AGL,CE,Federal Contract Tower,0,0,3,0,3,0,3,20,0,23,0,3,23,0,26,8,0,8,34
07/28/2014,MDH,IL,AGL,CE,Federal Contract Tower,0,2,1,0,3,0,2,64,0,66,0,4,65,0,69,62,0,62,131
07/29/2014,MDH,IL,AGL,CE,Federal Contract Tower,0,0,1,0,1,0,1,44,0,45,0,1,45,0,46,60,0,60,106
07/30/2014,MDH,IL,AGL,CE,Federal Contract Tower,0,2,5,0,7,0,0,37,0,37,0,2,42,0,44,46,0,46,90
07/31/2014,MDH,IL,AGL,CE,Federal Contract Tower,0,6,3,0,9,0,0,45,0,45,0,6,48,0,54,102,0,102,156
08/01/2014,MDH,IL,AGL,CE,Federal Contract Tower,0,2,9,0,11,0,0,40,0,40,0,2,49,0,51,26,0,26,77
08/02/2014,MDH,IL,AGL,CE,Federal Contract Tower,0,5,1,0,6,0,3,44,0,47,0,8,45,0,53,48,0,48,101
08/03/2014,MDH,IL,AGL,CE,Federal Contract Tower,0,5,0,0,5,0,0,23,0,23,0,5,23,0,28,6,0,6,34
08/04/2014,MDH,IL,AGL,CE,Federal Contract Tower,0,0,1,0,1,0,2,24,0,26,0,2,25,0,27,36,0,36,63
08/05/2014,MDH,IL,AGL,CE,Federal Contract Tower,0,1,4,0,5,0,0,29,0,29,0,1,33,0,34,42,0,42,76
08/06/2014,MDH,IL,AGL,CE,Federal Contract Tower,0,1,1,0,2,0,0,22,0,22,0,1,23,0,24,10,0,10,34
08/07/2014,MDH,IL,AGL,CE,Federal Contract Tower,0,0,1,0,1,0,0,9,0,9,0,0,10,0,10,38,0,38,48
08/08/2014,MDH,IL,AGL,CE,Federal Contract Tower,0,2,3,0,5,0,0,12,0,12,0,2,15,0,17,8,0,8,25
08/09/2014,MDH,IL,AGL,CE,Federal Contract Tower,0,4,3,0,7,0,0,6,0,6,0,4,9,0,13,2,0,2,15
08/10/2014,MDH,IL,AGL,CE,Federal Contract Tower,0,0,0,0,0,0,1,23,0,24,0,1,23,0,24,22,0,22,46
08/11/2014,MDH,IL,AGL,CE,Federal Contract Tower,0,4,1,0,5,0,1,13,0,14,0,5,14,0,19,32,0,32,51
08/12/2014,MDH,IL,AGL,CE,Federal Contract Tower,0,0,0,0,0,0,10,18,0,28,0,10,18,0,28,10,0,10,38
08/13/2014,MDH,IL,AGL,CE,Federal Contract Tower,0,2,0,0,2,0,52,16,0,68,0,54,16,0,70,106,0,106,176
08/14/2014,MDH,IL,AGL,CE,Federal Contract Tower,0,0,3,0,3,0,59,9,2,70,0,59,12,2,73,114,0,114,187
08/15/2014,MDH,IL,AGL,CE,Federal Contract Tower,0,3,0,0,3,0,36,20,0,56,0,39,20,0,59,58,0,58,117
08/16/2014,MDH,IL,AGL,CE,Federal Contract Tower,0,1,0,0,1,0,6,14,0,20,0,7,14,0,21,34,0,34,55
08/17/2014,MDH,IL,AGL,CE,Federal Contract Tower,0,2,5,0,7,0,1,12,0,13,0,3,17,0,20,4,0,4,24
08/18/2014,MDH,IL,AGL,CE,Federal Contract Tower,0,0,0,0,0,0,0,3,0,3,0,0,3,0,3,0,0,0,3
08/19/2014,MDH,IL,AGL,CE,Federal Contract Tower,0,0,0,0,0,0,9,3,0,12,0,9,3,0,12,16,0,16,28
08/20/2014,MDH,IL,AGL,CE,Federal Contract Tower,0,2,1,0,3,0,60,8,0,68,0,62,9,0,71,58,0,58,129
08/21/2014,MDH,IL,AGL,CE,Federal Contract Tower,0,3,1,0,4,0,98,17,0,115,0,101,18,0,119,136,0,136,255
08/22/2014,MDH,IL,AGL,CE,Federal Contract Tower,0,1,2,0,3,0,90,11,0,101,0,91,13,0,104,118,0,118,222
08/23/2014,MDH,IL,AGL,CE,Federal Contract Tower,0,2,3,0,5,0,19,15,0,34,0,21,18,0,39,24,0,24,63
08/24/2014,MDH,IL,AGL,CE,Federal Contract Tower,0,5,1,0,6,0,8,12,0,20,0,13,13,0,26,0,0,0,26
08/25/2014,MDH,IL,AGL,CE,Federal Contract Tower,0,0,7,0,7,0,138,9,0,147,0,138,16,0,154,142,0,142,296
08/26/2014,MDH,IL,AGL,CE,Federal Contract Tower,0,1,3,0,4,0,110,10,0,120,0,111,13,0,124,156,0,156,280
08/27/2014,MDH,IL,AGL,CE,Federal Contract Tower,0,0,0,0,0,0,103,0,0,103,0,103,0,0,103,148,0,148,251
08/28/2014,MDH,IL,AGL,CE,Federal Contract Tower,0,4,4,0,8,0,70,5,0,75,0,74,9,0,83,84,0,84,167
08/29/2014,MDH,IL,AGL,CE,Federal Contract Tower,0,3,0,0,3,0,139,9,0,148,0,142,9,0,151,266,0,266,417
08/30/2014,MDH,IL,AGL,CE,Federal Contract Tower,0,0,0,0,0,0,0,3,0,3,0,0,3,0,3,0,0,0,3
08/31/2014,MDH,IL,AGL,CE,Federal Contract Tower,0,0,0,0,0,0,6,5,0,11,0,6,5,0,11,6,0,6,17
09/01/2014,MDH,IL,AGL,CE,Federal Contract Tower,0,0,2,0,2,0,0,7,0,7,0,0,9,0,9,16,0,16,25
09/02/2014,MDH,IL,AGL,CE,Federal Contract Tower,0,0,0,0,0,0,68,3,0,71,0,68,3,0,71,146,0,146,217
09/03/2014,MDH,IL,AGL,CE,Federal Contract Tower,0,1,3,0,4,0,87,11,0,98,0,88,14,0,102,268,0,268,370
09/04/2014,MDH,IL,AGL,CE,Federal Contract Tower,0,2,0,0,2,0,219,1,0,220,0,221,1,0,222,326,0,326,548
09/05/2014,MDH,IL,AGL,CE,Federal Contract Tower,0,1,2,0,3,0,137,6,0,143,0,138,8,0,146,218,0,218,364
09/06/2014,MDH,IL,AGL,CE,Federal Contract Tower,0,10,0,0,10,0,0,4,0,4,0,10,4,0,14,0,0,0,14
09/07/2014,MDH,IL,AGL,CE,Federal Contract Tower,0,2,4,0,6,0,47,30,0,77,0,49,34,0,83,62,0,62,145
09/08/2014,MDH,IL,AGL,CE,Federal Contract Tower,0,3,2,0,5,0,181,3,0,184,0,184,5,0,189,342,0,342,531
09/09/2014,MDH,IL,AGL,CE,Federal Contract Tower,0,7,1,0,8,0,174,6,0,180,0,181,7,0,188,336,0,336,524
09/10/2014,MDH,IL,AGL,CE,Federal Contract Tower,0,2,0,0,2,0,51,2,0,53,0,53,2,0,55,116,0,116,171
09/11/2014,MDH,IL,AGL,CE,Federal Contract Tower,0,11,2,0,13,0,77,0,0,77,0,88,2,0,90,200,0,200,290
09/12/2014,MDH,IL,AGL,CE,Federal Contract Tower,0,18,4,0,22,0,37,0,0,37,0,55,4,0,59,72,0,72,131
09/13/2014,MDH,IL,AGL,CE,Federal Contract Tower,0,4,4,0,8,0,29,29,0,58,0,33,33,0,66,30,0,30,96
09/14/2014,MDH,IL,AGL,CE,Federal Contract Tower,0,7,6,0,13,0,48,18,0,66,0,55,24,0,79,82,0,82,161
09/15/2014,MDH,IL,AGL,CE,Federal Contract Tower,0,4,2,0,6,0,215,8,0,223,0,219,10,0,229,438,0,438,667
09/16/2014,MDH,IL,AGL,CE,Federal Contract Tower,0,7,3,0,10,0,117,3,0,120,0,124,6,0,130,336,0,336,466
09/17/2014,MDH,IL,AGL,CE,Federal Contract Tower,0,0,0,0,0,0,151,4,0,155,0,151,4,0,155,414,0,414,569
09/18/2014,MDH,IL,AGL,CE,Federal Contract Tower,0,8,2,0,10,0,237,15,0,252,0,245,17,0,262,496,0,496,758
09/19/2014,MDH,IL,AGL,CE,Federal Contract Tower,0,1,4,0,5,0,133,20,0,153,0,134,24,0,158,206,0,206,364
09/20/2014,MDH,IL,AGL,CE,Federal Contract Tower,0,3,4,0,7,0,46,29,0,75,0,49,33,0,82,74,0,74,156
09/21/2014,MDH,IL,AGL,CE,Federal Contract Tower,0,0,5,0,5,0,21,11,0,32,0,21,16,0,37,58,0,58,95
09/22/2014,MDH,IL,AGL,CE,Federal Contract Tower,0,2,0,0,2,0,260,24,0,284,0,262,24,0,286,490,0,490,776
09/23/2014,MDH,IL,AGL,CE,Federal Contract Tower,0,0,2,0,2,0,136,11,0,147,0,136,13,0,149,310,0,310,459
09/24/2014,MDH,IL,AGL,CE,Federal Contract Tower,0,8,7,0,15,0,171,24,0,195,0,179,31,0,210,414,0,414,624
09/25/2014,MDH,IL,AGL,CE,Federal Contract Tower,0,1,3,0,4,0,212,21,0,233,0,213,24,0,237,538,0,538,775
09/26/2014,MDH,IL,AGL,CE,Federal Contract Tower,0,9,3,0,12,0,164,39,0,203,0,173,42,0,215,240,0,240,455
09/27/2014,MDH,IL,AGL,CE,Federal Contract Tower,0,2,1,0,3,0,46,22,0,68,0,48,23,0,71,88,0,88,159
09/28/2014,MDH,IL,AGL,CE,Federal Contract Tower,0,3,3,0,6,0,68,34,0,102,0,71,37,0,108,174,0,174,282
09/29/2014,MDH,IL,AGL,CE,Federal Contract Tower,0,2,0,0,2,0,201,14,0,215,0,203,14,0,217,552,0,552,769
09/30/2014,MDH,IL,AGL,CE,Federal Contract Tower,0,3,2,0,5,0,135,8,0,143,0,138,10,0,148,280,0,280,428
10/01/2014,MDH,IL,AGL,CE,Federal Contract Tower,0,2,0,0,2,0,131,4,0,135,0,133,4,0,137,376,0,376,513
10/02/2014,MDH,IL,AGL,CE,Federal Contract Tower,0,0,0,0,0,0,57,4,0,61,0,57,4,0,61,106,0,106,167
10/03/2014,MDH,IL,AGL,CE,Federal Contract Tower,0,6,0,0,6,0,34,0,0,34,0,40,0,0,40,76,0,76,116
10/04/2014,MDH,IL,AGL,CE,Federal Contract Tower,0,4,0,0,4,0,1,8,0,9,0,5,8,0,13,0,0,0,13
10/05/2014,MDH,IL,AGL,CE,Federal Contract Tower,0,2,0,0,2,0,93,8,0,101,0,95,8,0,103,198,0,198,301
10/06/2014,MDH,IL,AGL,CE,Federal Contract Tower,0,5,1,0,6,0,122,3,0,125,0,127,4,0,131,260,0,260,391
10/07/2014,MDH,IL,AGL,CE,Federal Contract Tower,0,1,0,0,1,0,67,3,0,70,0,68,3,0,71,164,0,164,235
10/08/2014,MDH,IL,AGL,CE,Federal Contract Tower,0,6,3,0,9,0,209,12,0,221,0,215,15,0,230,468,0,468,698
10/09/2014,MDH,IL,AGL,CE,Federal Contract Tower,0,3,3,0,6,0,78,6,0,84,0,81,9,0,90,186,0,186,276
10/10/2014,MDH,IL,AGL,CE,Federal Contract Tower,0,4,8,0,12,0,0,0,0,0,0,4,8,0,12,0,0,0,12
10/11/2014,MDH,IL,AGL,CE,Federal Contract Tower,0,2,1,0,3,0,37,1,0,38,0,39,2,0,41,178,0,178,219
10/12/2014,MDH,IL,AGL,CE,Federal Contract Tower,0,4,12,0,16,0,2,8,0,10,0,6,20,0,26,0,0,0,26
10/13/2014,MDH,IL,AGL,CE,Federal Contract Tower,0,0,0,0,0,0,0,0,0,0,0,0,0,0,0,0,0,0,0
10/14/2014,MDH,IL,AGL,CE,Federal Contract Tower,0,1,6,0,7,0,24,1,0,25,0,25,7,0,32,80,0,80,112
10/15/2014,MDH,IL,AGL,CE,Federal Contract Tower,0,4,1,0,5,0,52,2,0,54,0,56,3,0,59,140,0,140,199
10/16/2014,MDH,IL,AGL,CE,Federal Contract Tower,0,6,2,0,8,0,198,10,0,208,0,204,12,0,216,512,0,512,728
10/17/2014,MDH,IL,AGL,CE,Federal Contract Tower,0,3,1,0,4,0,123,22,0,145,0,126,23,0,149,290,0,290,439
10/18/2014,MDH,IL,AGL,CE,Federal Contract Tower,0,2,2,0,4,0,128,28,0,156,0,130,30,0,160,262,0,262,422
10/19/2014,MDH,IL,AGL,CE,Federal Contract Tower,0,1,0,0,1,0,104,26,0,130,0,105,26,0,131,204,0,204,335
10/20/2014,MDH,IL,AGL,CE,Federal Contract Tower,0,9,0,0,9,0,189,2,0,191,0,198,2,0,200,476,0,476,676
10/21/2014,MDH,IL,AGL,CE,Federal Contract Tower,0,5,1,0,6,0,193,27,0,220,0,198,28,0,226,562,0,562,788
10/22/2014,MDH,IL,AGL,CE,Federal Contract Tower,0,7,1,0,8,0,213,21,0,234,0,220,22,0,242,542,0,542,784
10/23/2014,MDH,IL,AGL,CE,Federal Contract Tower,0,4,0,0,4,0,177,23,0,200,0,181,23,0,204,476,0,476,680
10/24/2014,MDH,IL,AGL,CE,Federal Contract Tower,0,13,5,0,18,0,176,19,0,195,0,189,24,0,213,482,0,482,695
10/25/2014,MDH,IL,AGL,CE,Federal Contract Tower,4,2,3,0,9,0,157,9,0,166,4,159,12,0,175,108,0,108,283
10/26/2014,MDH,IL,AGL,CE,Federal Contract Tower,0,0,1,0,1,0,140,27,0,167,0,140,28,0,168,372,0,372,540
10/27/2014,MDH,IL,AGL,CE,Federal Contract Tower,0,4,2,0,6,0,59,16,0,75,0,63,18,0,81,146,0,146,227
10/28/2014,MDH,IL,AGL,CE,Federal Contract Tower,0,1,3,0,4,0,143,128,0,271,0,144,131,0,275,632,0,632,907
10/29/2014,MDH,IL,AGL,CE,Federal Contract Tower,0,8,2,0,10,0,175,13,0,188,0,183,15,0,198,326,0,326,524
10/30/2014,MDH,IL,AGL,CE,Federal Contract Tower,0,0,0,0,0,0,270,53,0,323,0,270,53,0,323,506,0,506,829
10/31/2014,MDH,IL,AGL,CE,Federal Contract Tower,0,0,2,0,2,0,52,12,0,64,0,52,14,0,66,44,0,44,110
11/01/2014,MDH,IL,AGL,CE,Federal Contract Tower,0,2,2,0,4,0,17,6,0,23,0,19,8,0,27,30,0,30,57
11/02/2014,MDH,IL,AGL,CE,Federal Contract Tower,0,3,4,0,7,0,54,19,0,73,0,57,23,0,80,48,0,48,128
11/03/2014,MDH,IL,AGL,CE,Federal Contract Tower,0,1,5,0,6,0,103,14,0,117,0,104,19,0,123,216,0,216,339
11/04/2014,MDH,IL,AGL,CE,Federal Contract Tower,0,5,0,0,5,0,8,0,0,8,0,13,0,0,13,36,0,36,49
11/05/2014,MDH,IL,AGL,CE,Federal Contract Tower,0,1,4,0,5,0,63,5,0,68,0,64,9,0,73,228,0,228,301
11/06/2014,MDH,IL,AGL,CE,Federal Contract Tower,0,0,0,0,0,0,39,1,0,40,0,39,1,0,40,86,0,86,126
11/07/2014,MDH,IL,AGL,CE,Federal Contract Tower,0,7,2,0,9,0,175,20,0,195,0,182,22,0,204,322,0,322,526
11/08/2014,MDH,IL,AGL,CE,Federal Contract Tower,0,2,3,0,5,0,37,7,0,44,0,39,10,0,49,120,0,120,169
11/09/2014,MDH,IL,AGL,CE,Federal Contract Tower,0,5,4,0,9,0,89,14,0,103,0,94,18,0,112,218,0,218,330
11/10/2014,MDH,IL,AGL,CE,Federal Contract Tower,0,0,3,0,3,0,77,8,0,85,0,77,11,0,88,180,0,180,268
11/11/2014,MDH,IL,AGL,CE,Federal Contract Tower,0,0,2,0,2,0,0,5,0,5,0,0,7,0,7,0,0,0,7
11/12/2014,MDH,IL,AGL,CE,Federal Contract Tower,0,3,3,0,6,0,137,11,0,148,0,140,14,0,154,424,0,424,578
11/13/2014,MDH,IL,AGL,CE,Federal Contract Tower,0,6,1,0,7,0,150,1,0,151,0,156,2,0,158,416,0,416,574
11/14/2014,MDH,IL,AGL,CE,Federal Contract Tower,0,7,1,0,8,0,237,13,0,250,0,244,14,0,258,546,0,546,804
11/15/2014,MDH,IL,AGL,CE,Federal Contract Tower,0,2,1,0,3,0,104,11,0,115,0,106,12,0,118,138,0,138,256
11/16/2014,MDH,IL,AGL,CE,Federal Contract Tower,0,1,3,0,4,0,39,0,0,39,0,40,3,0,43,68,0,68,111
11/17/2014,MDH,IL,AGL,CE,Federal Contract Tower,0,0,1,0,1,0,77,1,0,78,0,77,2,0,79,188,0,188,267
11/18/2014,MDH,IL,AGL,CE,Federal Contract Tower,0,1,0,0,1,0,132,5,0,137,0,133,5,0,138,192,0,192,330
11/19/2014,MDH,IL,AGL,CE,Federal Contract Tower,0,3,0,0,3,0,91,5,0,96,0,94,5,0,99,198,0,198,297
11/20/2014,MDH,IL,AGL,CE,Federal Contract Tower,0,11,4,0,15,0,243,9,0,252,0,254,13,0,267,584,0,584,851
11/21/2014,MDH,IL,AGL,CE,Federal Contract Tower,0,4,0,0,4,0,151,6,0,157,0,155,6,0,161,372,0,372,533
11/22/2014,MDH,IL,AGL,CE,Federal Contract Tower,0,2,2,0,4,0,14,7,0,21,0,16,9,0,25,0,0,0,25
11/23/2014,MDH,IL,AGL,CE,Federal Contract Tower,0,0,0,0,0,0,0,0,0,0,0,0,0,0,0,0,0,0,0
11/24/2014,MDH,IL,AGL,CE,Federal Contract Tower,0,1,0,0,1,0,49,9,0,58,0,50,9,0,59,64,0,64,123
11/25/2014,MDH,IL,AGL,CE,Federal Contract Tower,0,1,5,0,6,0,183,16,0,199,0,184,21,0,205,346,0,346,551
11/26/2014,MDH,IL,AGL,CE,Federal Contract Tower,0,3,2,0,5,0,2,15,0,17,0,5,17,0,22,40,0,40,62
11/27/2014,MDH,IL,AGL,CE,Federal Contract Tower,0,0,0,0,0,0,0,0,0,0,0,0,0,0,0,0,0,0,0
11/28/2014,MDH,IL,AGL,CE,Federal Contract Tower,0,2,2,0,4,0,2,18,0,20,0,4,20,0,24,0,0,0,24
11/29/2014,MDH,IL,AGL,CE,Federal Contract Tower,0,1,0,0,1,0,0,0,0,0,0,1,0,0,1,0,0,0,1
11/30/2014,MDH,IL,AGL,CE,Federal Contract Tower,0,0,6,0,6,0,0,1,0,1,0,0,7,0,7,0,0,0,7
12/01/2014,MDH,IL,AGL,CE,Federal Contract Tower,0,0,0,0,0,0,0,0,0,0,0,0,0,0,0,0,0,0,0
12/03/2014,MDH,IL,AGL,CE,Federal Contract Tower,0,13,2,0,15,0,242,25,0,267,0,255,27,0,282,400,0,400,682
12/04/2014,MDH,IL,AGL,CE,Federal Contract Tower,0,4,0,0,4,0,0,0,0,0,0,4,0,0,4,0,0,0,4
12/05/2014,MDH,IL,AGL,CE,Federal Contract Tower,0,2,1,0,3,0,0,0,0,0,0,2,1,0,3,0,0,0,3
12/06/2014,MDH,IL,AGL,CE,Federal Contract Tower,0,0,0,0,0,0,0,2,0,2,0,0,2,0,2,22,0,22,24
12/07/2014,MDH,IL,AGL,CE,Federal Contract Tower,0,1,0,0,1,0,154,3,0,157,0,155,3,0,158,374,0,374,532
12/08/2014,MDH,IL,AGL,CE,Federal Contract Tower,0,5,0,0,5,0,145,6,0,151,0,150,6,0,156,436,0,436,592
12/09/2014,MDH,IL,AGL,CE,Federal Contract Tower,0,5,1,0,6,0,48,11,0,59,0,53,12,0,65,200,0,200,265
12/10/2014,MDH,IL,AGL,CE,Federal Contract Tower,0,2,2,0,4,0,189,4,0,193,0,191,6,0,197,260,0,260,457
12/11/2014,MDH,IL,AGL,CE,Federal Contract Tower,0,9,6,0,15,0,156,15,0,171,0,165,21,0,186,332,0,332,518
12/12/2014,MDH,IL,AGL,CE,Federal Contract Tower,0,5,4,0,9,0,136,4,0,140,0,141,8,0,149,136,0,136,285
12/13/2014,MDH,IL,AGL,CE,Federal Contract Tower,0,2,11,0,13,0,8,13,0,21,0,10,24,0,34,18,0,18,52
12/14/2014,MDH,IL,AGL,CE,Federal Contract Tower,0,2,1,0,3,0,0,16,0,16,0,2,17,0,19,24,0,24,43
12/15/2014,MDH,IL,AGL,CE,Federal Contract Tower,0,6,2,0,8,0,0,0,0,0,0,6,2,0,8,0,0,0,8
12/16/2014,MDH,IL,AGL,CE,Federal Contract Tower,0,0,0,0,0,0,2,2,0,4,0,2,2,0,4,8,0,8,12
12/17/2014,MDH,IL,AGL,CE,Federal Contract Tower,0,3,0,0,3,0,24,16,0,40,0,27,16,0,43,36,0,36,79
12/18/2014,MDH,IL,AGL,CE,Federal Contract Tower,0,1,0,0,1,0,2,0,0,2,0,3,0,0,3,6,0,6,9
12/19/2014,MDH,IL,AGL,CE,Federal Contract Tower,0,0,0,0,0,0,15,5,0,20,0,15,5,0,20,60,0,60,80
12/20/2014,MDH,IL,AGL,CE,Federal Contract Tower,0,0,1,0,1,0,0,14,0,14,0,0,15,0,15,12,0,12,27
12/21/2014,MDH,IL,AGL,CE,Federal Contract Tower,0,2,0,0,2,0,0,18,0,18,0,2,18,0,20,22,0,22,42
12/22/2014,MDH,IL,AGL,CE,Federal Contract Tower,0,6,0,0,6,0,0,2,0,2,0,6,2,0,8,6,0,6,14
12/23/2014,MDH,IL,AGL,CE,Federal Contract Tower,0,0,2,0,2,0,9,12,0,21,0,9,14,0,23,22,0,22,45
12/24/2014,MDH,IL,AGL,CE,Federal Contract Tower,0,2,0,0,2,0,0,0,0,0,0,2,0,0,2,0,0,0,2
12/25/2014,MDH,IL,AGL,CE,Federal Contract Tower,0,2,1,0,3,0,0,0,0,0,0,2,1,0,3,0,0,0,3
12/26/2014,MDH,IL,AGL,CE,Federal Contract Tower,0,1,2,0,3,0,0,5,0,5,0,1,7,0,8,0,0,0,8
12/27/2014,MDH,IL,AGL,CE,Federal Contract Tower,0,1,0,0,1,0,0,0,0,0,0,1,0,0,1,0,0,0,1
12/28/2014,MDH,IL,AGL,CE,Federal Contract Tower,0,0,2,0,2,0,0,0,0,0,0,0,2,0,2,0,0,0,2
12/29/2014,MDH,IL,AGL,CE,Federal Contract Tower,0,2,0,0,2,0,0,4,0,4,0,2,4,0,6,0,0,0,6
12/30/2014,MDH,IL,AGL,CE,Federal Contract Tower,0,1,1,0,2,0,0,7,0,7,0,1,8,0,9,10,0,10,19
12/31/2014,MDH,IL,AGL,CE,Federal Contract Tower,0,4,0,0,4,0,0,8,0,8,0,4,8,0,12,0,0,0,12
01/01/2015,MDH,IL,AGL,CE,Federal Contract Tower,0,0,0,0,0,0,0,3,0,3,0,0,3,0,3,0,0,0,3
01/02/2015,MDH,IL,AGL,CE,Federal Contract Tower,0,0,0,0,0,0,0,0,0,0,0,0,0,0,0,0,0,0,0
01/03/2015,MDH,IL,AGL,CE,Federal Contract Tower,0,0,2,0,2,0,0,0,0,0,0,0,2,0,2,0,0,0,2
01/04/2015,MDH,IL,AGL,CE,Federal Contract Tower,0,2,1,0,3,0,0,0,0,0,0,2,1,0,3,0,0,0,3
01/05/2015,MDH,IL,AGL,CE,Federal Contract Tower,0,0,1,0,1,0,1,11,0,12,0,1,12,0,13,18,0,18,31
01/06/2015,MDH,IL,AGL,CE,Federal Contract Tower,0,0,3,0,3,0,4,11,0,15,0,4,14,0,18,10,0,10,28
01/07/2015,MDH,IL,AGL,CE,Federal Contract Tower,0,0,0,0,0,0,0,1,0,1,0,0,1,0,1,0,0,0,1
01/08/2015,MDH,IL,AGL,CE,Federal Contract Tower,0,0,0,0,0,0,0,0,0,0,0,0,0,0,0,0,0,0,0
01/09/2015,MDH,IL,AGL,CE,Federal Contract Tower,0,0,0,0,0,0,0,2,0,2,0,0,2,0,2,0,0,0,2
01/10/2015,MDH,IL,AGL,CE,Federal Contract Tower,0,0,0,0,0,0,1,8,0,9,0,1,8,0,9,14,0,14,23
01/11/2015,MDH,IL,AGL,CE,Federal Contract Tower,0,0,0,0,0,0,0,0,0,0,0,0,0,0,0,0,0,0,0
01/12/2015,MDH,IL,AGL,CE,Federal Contract Tower,0,0,0,0,0,0,0,3,0,3,0,0,3,0,3,0,0,0,3
01/13/2015,MDH,IL,AGL,CE,Federal Contract Tower,0,0,0,0,0,0,0,4,0,4,0,0,4,0,4,0,0,0,4
01/14/2015,MDH,IL,AGL,CE,Federal Contract Tower,0,2,2,0,4,0,50,9,0,59,0,52,11,0,63,114,0,114,177
01/15/2015,MDH,IL,AGL,CE,Federal Contract Tower,0,1,1,0,2,0,24,1,0,25,0,25,2,0,27,58,0,58,85
01/16/2015,MDH,IL,AGL,CE,Federal Contract Tower,0,2,0,0,2,0,24,10,0,34,0,26,10,0,36,42,0,42,78
01/17/2015,MDH,IL,AGL,CE,Federal Contract Tower,0,0,6,0,6,0,5,17,0,22,0,5,23,0,28,14,0,14,42
01/18/2015,MDH,IL,AGL,CE,Federal Contract Tower,0,0,1,0,1,0,0,7,0,7,0,0,8,0,8,6,0,6,14
01/19/2015,MDH,IL,AGL,CE,Federal Contract Tower,0,4,0,0,4,0,0,24,0,24,0,4,24,0,28,26,0,26,54
01/20/2015,MDH,IL,AGL,CE,Federal Contract Tower,0,0,0,0,0,0,43,11,0,54,0,43,11,0,54,100,0,100,154
01/21/2015,MDH,IL,AGL,CE,Federal Contract Tower,0,2,2,0,4,0,52,7,0,59,0,54,9,0,63,88,0,88,151
01/22/2015,MDH,IL,AGL,CE,Federal Contract Tower,0,1,1,0,2,0,93,11,0,104,0,94,12,0,106,256,4,260,366
01/23/2015,MDH,IL,AGL,CE,Federal Contract Tower,0,3,0,0,3,0,159,20,0,179,0,162,20,0,182,392,0,392,574
01/24/2015,MDH,IL,AGL,CE,Federal Contract Tower,0,3,3,0,6,0,91,18,2,111,0,94,21,2,117,176,0,176,293
01/25/2015,MDH,IL,AGL,CE,Federal Contract Tower,0,0,0,0,0,0,0,0,0,0,0,0,0,0,0,0,0,0,0
01/26/2015,MDH,IL,AGL,CE,Federal Contract Tower,0,4,0,0,4,0,98,6,0,104,0,102,6,0,108,210,0,210,318
01/27/2015,MDH,IL,AGL,CE,Federal Contract Tower,0,4,1,0,5,0,128,8,0,136,0,132,9,0,141,326,0,326,467
01/28/2015,MDH,IL,AGL,CE,Federal Contract Tower,0,7,1,0,8,0,164,10,0,174,0,171,11,0,182,266,0,266,448
01/29/2015,MDH,IL,AGL,CE,Federal Contract Tower,0,2,1,0,3,0,8,6,0,14,0,10,7,0,17,22,0,22,39
01/30/2015,MDH,IL,AGL,CE,Federal Contract Tower,0,2,1,0,3,0,139,12,0,151,0,141,13,0,154,326,0,326,480
01/31/2015,MDH,IL,AGL,CE,Federal Contract Tower,0,0,1,0,1,0,39,2,0,41,0,39,3,0,42,52,0,52,94
02/01/2015,MDH,IL,AGL,CE,Federal Contract Tower,0,0,0,0,0,0,0,0,0,0,0,0,0,0,0,0,0,0,0
02/02/2015,MDH,IL,AGL,CE,Federal Contract Tower,0,2,2,0,4,0,29,3,0,32,0,31,5,0,36,100,0,100,136
02/03/2015,MDH,IL,AGL,CE,Federal Contract Tower,0,2,0,0,2,0,143,24,0,167,0,145,24,0,169,298,0,298,467
02/04/2015,MDH,IL,AGL,CE,Federal Contract Tower,0,2,0,0,2,0,152,8,0,160,0,154,8,0,162,272,0,272,434
02/05/2015,MDH,IL,AGL,CE,Federal Contract Tower,0,3,0,0,3,0,164,8,0,172,0,167,8,0,175,324,0,324,499
02/06/2015,MDH,IL,AGL,CE,Federal Contract Tower,0,0,1,0,1,0,131,8,0,139,0,131,9,0,140,270,0,270,410
02/07/2015,MDH,IL,AGL,CE,Federal Contract Tower,0,1,3,0,4,0,32,20,0,52,0,33,23,0,56,60,0,60,116
02/08/2015,MDH,IL,AGL,CE,Federal Contract Tower,0,4,0,0,4,0,10,7,0,17,0,14,7,0,21,14,0,14,35
02/09/2015,MDH,IL,AGL,CE,Federal Contract Tower,0,0,4,0,4,0,2,4,0,6,0,2,8,0,10,12,0,12,22
02/10/2015,MDH,IL,AGL,CE,Federal Contract Tower,0,1,0,0,1,0,99,16,0,115,0,100,16,0,116,298,0,298,414
02/11/2015,MDH,IL,AGL,CE,Federal Contract Tower,0,6,6,0,12,0,105,9,0,114,0,111,15,0,126,150,0,150,276
02/12/2015,MDH,IL,AGL,CE,Federal Contract Tower,0,1,0,0,1,0,84,7,0,91,0,85,7,0,92,188,0,188,280
02/13/2015,MDH,IL,AGL,CE,Federal Contract Tower,0,4,0,0,4,0,137,20,0,157,0,141,20,0,161,298,0,298,459
02/14/2015,MDH,IL,AGL,CE,Federal Contract Tower,0,0,1,0,1,0,14,2,0,16,0,14,3,0,17,36,0,36,53
02/15/2015,MDH,IL,AGL,CE,Federal Contract Tower,0,0,2,0,2,0,17,12,0,29,0,17,14,0,31,24,0,24,55
02/16/2015,MDH,IL,AGL,CE,Federal Contract Tower,0,0,0,0,0,0,0,0,0,0,0,0,0,0,0,0,0,0,0
02/17/2015,MDH,IL,AGL,CE,Federal Contract Tower,0,1,4,0,5,0,38,0,0,38,0,39,4,0,43,46,0,46,89
02/18/2015,MDH,IL,AGL,CE,Federal Contract Tower,0,1,1,0,2,0,0,5,0,5,0,1,6,0,7,0,0,0,7
02/19/2015,MDH,IL,AGL,CE,Federal Contract Tower,0,0,1,0,1,0,2,6,0,8,0,2,7,0,9,6,0,6,15
02/20/2015,MDH,IL,AGL,CE,Federal Contract Tower,0,0,0,0,0,0,46,0,0,46,0,46,0,0,46,72,0,72,118
02/21/2015,MDH,IL,AGL,CE,Federal Contract Tower,0,0,0,0,0,0,0,0,0,0,0,0,0,0,0,0,0,0,0
02/22/2015,MDH,IL,AGL,CE,Federal Contract Tower,0,0,0,0,0,0,4,2,0,6,0,4,2,0,6,32,0,32,38
02/23/2015,MDH,IL,AGL,CE,Federal Contract Tower,0,1,3,0,4,0,81,4,0,85,0,82,7,0,89,192,0,192,281
02/24/2015,MDH,IL,AGL,CE,Federal Contract Tower,0,4,0,0,4,0,155,0,0,155,0,159,0,0,159,284,0,284,443
02/25/2015,MDH,IL,AGL,CE,Federal Contract Tower,0,9,0,0,9,0,138,5,0,143,0,147,5,0,152,312,0,312,464
02/26/2015,MDH,IL,AGL,CE,Federal Contract Tower,0,2,0,0,2,0,22,0,0,22,0,24,0,0,24,106,0,106,130
02/27/2015,MDH,IL,AGL,CE,Federal Contract Tower,0,3,0,0,3,0,104,14,0,118,0,107,14,0,121,206,0,206,327
02/28/2015,MDH,IL,AGL,CE,Federal Contract Tower,0,0,0,0,0,0,75,13,0,88,0,75,13,0,88,162,0,162,250
03/01/2015,MDH,IL,AGL,CE,Federal Contract Tower,0,0,1,0,1,0,0,0,0,0,0,0,1,0,1,0,0,0,1
03/02/2015,MDH,IL,AGL,CE,Federal Contract Tower,0,6,2,0,8,0,198,8,0,206,0,204,10,0,214,472,0,472,686
03/03/2015,MDH,IL,AGL,CE,Federal Contract Tower,0,0,0,0,0,0,0,0,0,0,0,0,0,0,0,0,0,0,0
03/04/2015,MDH,IL,AGL,CE,Federal Contract Tower,0,0,0,0,0,0,0,0,0,0,0,0,0,0,0,0,0,0,0
03/05/2015,MDH,IL,AGL,CE,Federal Contract Tower,0,0,0,0,0,0,3,0,0,3,0,3,0,0,3,0,0,0,3
03/06/2015,MDH,IL,AGL,CE,Federal Contract Tower,0,3,3,0,6,0,118,7,0,125,0,121,10,0,131,192,0,192,323
03/07/2015,MDH,IL,AGL,CE,Federal Contract Tower,0,1,1,0,2,0,38,32,0,70,0,39,33,0,72,94,0,94,166
03/08/2015,MDH,IL,AGL,CE,Federal Contract Tower,0,0,2,0,2,0,3,12,0,15,0,3,14,0,17,0,0,0,17
03/09/2015,MDH,IL,AGL,CE,Federal Contract Tower,0,3,4,0,7,0,3,5,0,8,0,6,9,0,15,14,0,14,29
03/10/2015,MDH,IL,AGL,CE,Federal Contract Tower,0,2,1,0,3,0,0,0,0,0,0,2,1,0,3,0,0,0,3
03/11/2015,MDH,IL,AGL,CE,Federal Contract Tower,0,1,1,0,2,0,19,9,0,28,0,20,10,0,30,42,0,42,72
03/12/2015,MDH,IL,AGL,CE,Federal Contract Tower,0,4,0,0,4,0,10,6,0,16,0,14,6,0,20,32,0,32,52
03/13/2015,MDH,IL,AGL,CE,Federal Contract Tower,0,0,0,0,0,0,0,0,0,0,0,0,0,0,0,0,0,0,0
03/14/2015,MDH,IL,AGL,CE,Federal Contract Tower,0,0,1,0,1,0,2,8,0,10,0,2,9,0,11,0,0,0,11
03/15/2015,MDH,IL,AGL,CE,Federal Contract Tower,0,1,4,0,5,0,0,23,0,23,0,1,27,0,28,0,0,0,28
03/16/2015,MDH,IL,AGL,CE,Federal Contract Tower,0,1,0,0,1,0,151,11,0,162,0,152,11,0,163,410,0,410,573
03/17/2015,MDH,IL,AGL,CE,Federal Contract Tower,0,7,0,0,7,0,127,9,0,136,0,134,9,0,143,288,0,288,431
03/18/2015,MDH,IL,AGL,CE,Federal Contract Tower,0,10,2,0,12,0,173,8,0,181,0,183,10,0,193,398,0,398,591
03/19/2015,MDH,IL,AGL,CE,Federal Contract Tower,0,4,1,0,5,0,196,6,0,202,0,200,7,0,207,622,0,622,829
03/20/2015,MDH,IL,AGL,CE,Federal Contract Tower,0,12,0,0,12,0,52,11,0,63,0,64,11,0,75,256,0,256,331
03/21/2015,MDH,IL,AGL,CE,Federal Contract Tower,0,0,1,0,1,0,106,21,0,127,0,106,22,0,128,214,0,214,342
03/22/2015,MDH,IL,AGL,CE,Federal Contract Tower,0,6,2,0,8,0,72,15,0,87,0,78,17,0,95,120,0,120,215
03/23/2015,MDH,IL,AGL,CE,Federal Contract Tower,0,5,0,0,5,0,277,0,0,277,0,282,0,0,282,542,0,542,824
03/24/2015,MDH,IL,AGL,CE,Federal Contract Tower,0,0,0,0,0,0,48,0,0,48,0,48,0,0,48,92,0,92,140
03/25/2015,MDH,IL,AGL,CE,Federal Contract Tower,0,5,1,0,6,0,148,6,0,154,0,153,7,0,160,406,0,406,566
03/26/2015,MDH,IL,AGL,CE,Federal Contract Tower,0,0,0,0,0,0,156,2,0,158,0,156,2,0,158,490,0,490,648
03/27/2015,MDH,IL,AGL,CE,Federal Contract Tower,0,4,2,0,6,0,90,10,0,100,0,94,12,0,106,182,0,182,288
03/28/2015,MDH,IL,AGL,CE,Federal Contract Tower,0,3,0,0,3,0,121,28,0,149,0,124,28,0,152,178,0,178,330
03/29/2015,MDH,IL,AGL,CE,Federal Contract Tower,0,2,1,0,3,0,32,7,0,39,0,34,8,0,42,22,0,22,64
03/30/2015,MDH,IL,AGL,CE,Federal Contract Tower,0,2,0,0,2,0,247,8,0,255,0,249,8,0,257,548,0,548,805
03/31/2015,MDH,IL,AGL,CE,Federal Contract Tower,0,5,0,0,5,0,184,10,0,194,0,189,10,0,199,428,0,428,627
04/01/2015,MDH,IL,AGL,CE,Federal Contract Tower,0,2,0,0,2,0,207,13,0,220,0,209,13,0,222,384,0,384,606
04/02/2015,MDH,IL,AGL,CE,Federal Contract Tower,0,2,0,0,2,0,12,0,0,12,0,14,0,0,14,70,0,70,84
04/03/2015,MDH,IL,AGL,CE,Federal Contract Tower,0,2,0,0,2,0,3,0,0,3,0,5,0,0,5,4,0,4,9
04/04/2015,MDH,IL,AGL,CE,Federal Contract Tower,0,4,1,0,5,0,99,28,0,127,0,103,29,0,132,162,0,162,294
04/05/2015,MDH,IL,AGL,CE,Federal Contract Tower,0,1,2,0,3,0,14,1,0,15,0,15,3,0,18,10,0,10,28
04/06/2015,MDH,IL,AGL,CE,Federal Contract Tower,0,10,0,0,10,0,31,2,0,33,0,41,2,0,43,74,0,74,117
04/07/2015,MDH,IL,AGL,CE,Federal Contract Tower,0,1,2,0,3,0,2,0,0,2,0,3,2,0,5,4,0,4,9
04/08/2015,MDH,IL,AGL,CE,Federal Contract Tower,0,3,0,0,3,0,65,0,0,65,0,68,0,0,68,124,0,124,192
04/09/2015,MDH,IL,AGL,CE,Federal Contract Tower,0,0,0,0,0,0,4,1,0,5,0,4,1,0,5,4,0,4,9
04/10/2015,MDH,IL,AGL,CE,Federal Contract Tower,0,10,3,0,13,0,209,12,0,221,0,219,15,0,234,416,0,416,650
04/11/2015,MDH,IL,AGL,CE,Federal Contract Tower,0,2,1,0,3,0,234,31,0,265,0,236,32,0,268,472,0,472,740
04/12/2015,MDH,IL,AGL,CE,Federal Contract Tower,0,5,0,0,5,0,44,8,0,52,0,49,8,0,57,66,0,66,123
04/13/2015,MDH,IL,AGL,CE,Federal Contract Tower,0,4,1,0,5,0,17,2,0,19,0,21,3,0,24,72,0,72,96
04/14/2015,MDH,IL,AGL,CE,Federal Contract Tower,0,7,0,0,7,0,210,19,2,231,0,217,19,2,238,458,8,466,704
04/15/2015,MDH,IL,AGL,CE,Federal Contract Tower,0,6,0,1,7,0,202,9,1,212,0,208,9,2,219,444,0,444,663
04/16/2015,MDH,IL,AGL,CE,Federal Contract Tower,2,4,2,0,8,0,103,8,0,111,2,107,10,0,119,279,0,279,398
04/17/2015,MDH,IL,AGL,CE,Federal Contract Tower,0,10,4,0,14,0,135,18,0,153,0,145,22,0,167,414,0,414,581
04/18/2015,MDH,IL,AGL,CE,Federal Contract Tower,0,0,3,0,3,0,183,12,0,195,0,183,15,0,198,418,0,418,616
04/19/2015,MDH,IL,AGL,CE,Federal Contract Tower,0,1,2,0,3,0,0,0,0,0,0,1,2,0,3,0,0,0,3
04/20/2015,MDH,IL,AGL,CE,Federal Contract Tower,0,5,2,0,7,0,107,6,0,113,0,112,8,0,120,178,0,178,298
04/21/2015,MDH,IL,AGL,CE,Federal Contract Tower,0,0,0,0,0,0,109,3,0,112,0,109,3,0,112,224,0,224,336
04/22/2015,MDH,IL,AGL,CE,Federal Contract Tower,0,5,0,0,5,0,142,11,0,153,0,147,11,0,158,284,0,284,442
04/23/2015,MDH,IL,AGL,CE,Federal Contract Tower,0,7,0,0,7,0,208,13,0,221,0,215,13,0,228,550,0,550,778
04/24/2015,MDH,IL,AGL,CE,Federal Contract Tower,0,4,2,0,6,0,174,9,0,183,0,178,11,0,189,370,0,370,559
04/25/2015,MDH,IL,AGL,CE,Federal Contract Tower,2,2,0,0,4,0,0,0,0,0,2,2,0,0,4,0,0,0,4
04/26/2015,MDH,IL,AGL,CE,Federal Contract Tower,0,6,0,0,6,0,90,8,0,98,0,96,8,0,104,248,0,248,352
04/27/2015,MDH,IL,AGL,CE,Federal Contract Tower,0,2,0,0,2,0,186,14,0,200,0,188,14,0,202,456,0,456,658
04/28/2015,MDH,IL,AGL,CE,Federal Contract Tower,0,4,2,0,6,0,200,12,0,212,0,204,14,0,218,484,0,484,702
04/29/2015,MDH,IL,AGL,CE,Federal Contract Tower,0,6,1,0,7,0,223,15,0,238,0,229,16,0,245,514,0,514,759
04/30/2015,MDH,IL,AGL,CE,Federal Contract Tower,0,3,1,0,4,0,196,26,0,222,0,199,27,0,226,430,0,430,656
05/01/2015,MDH,IL,AGL,CE,Federal Contract Tower,0,3,2,0,5,0,212,36,0,248,0,215,38,0,253,504,0,504,757
05/02/2015,MDH,IL,AGL,CE,Federal Contract Tower,0,9,3,0,12,0,126,17,0,143,0,135,20,0,155,238,0,238,393
05/03/2015,MDH,IL,AGL,CE,Federal Contract Tower,0,2,4,0,6,0,85,10,0,95,0,87,14,0,101,248,0,248,349
05/04/2015,MDH,IL,AGL,CE,Federal Contract Tower,0,2,1,0,3,0,143,4,0,147,0,145,5,0,150,440,0,440,590
05/05/2015,MDH,IL,AGL,CE,Federal Contract Tower,0,2,0,0,2,0,242,24,0,266,0,244,24,0,268,572,0,572,840
05/06/2015,MDH,IL,AGL,CE,Federal Contract Tower,0,4,1,0,5,0,162,12,0,174,0,166,13,0,179,318,0,318,497
05/07/2015,MDH,IL,AGL,CE,Federal Contract Tower,0,3,3,0,6,0,109,17,0,126,0,112,20,0,132,208,0,208,340
05/08/2015,MDH,IL,AGL,CE,Federal Contract Tower,0,3,3,0,6,0,57,11,0,68,0,60,14,0,74,88,0,88,162
05/09/2015,MDH,IL,AGL,CE,Federal Contract Tower,0,6,0,0,6,0,3,0,0,3,0,9,0,0,9,2,0,2,11
05/10/2015,MDH,IL,AGL,CE,Federal Contract Tower,0,0,2,0,2,0,0,7,0,7,0,0,9,0,9,0,0,0,9
05/11/2015,MDH,IL,AGL,CE,Federal Contract Tower,0,6,1,0,7,0,31,1,0,32,0,37,2,0,39,78,0,78,117
05/12/2015,MDH,IL,AGL,CE,Federal Contract Tower,0,3,5,0,8,0,106,8,1,115,0,109,13,1,123,210,0,210,333
05/13/2015,MDH,IL,AGL,CE,Federal Contract Tower,0,3,1,0,4,0,130,15,0,145,0,133,16,0,149,300,0,300,449
05/14/2015,MDH,IL,AGL,CE,Federal Contract Tower,0,8,0,0,8,0,79,5,0,84,0,87,5,0,92,188,0,188,280
05/15/2015,MDH,IL,AGL,CE,Federal Contract Tower,0,2,0,0,2,0,50,7,0,57,0,52,7,0,59,156,0,156,215
05/16/2015,MDH,IL,AGL,CE,Federal Contract Tower,0,8,4,0,12,0,0,2,0,2,0,8,6,0,14,0,0,0,14
05/17/2015,MDH,IL,AGL,CE,Federal Contract Tower,0,0,0,0,0,0,4,6,0,10,0,4,6,0,10,0,0,0,10
05/18/2015,MDH,IL,AGL,CE,Federal Contract Tower,0,0,1,0,1,0,1,3,0,4,0,1,4,0,5,0,0,0,5
05/19/2015,MDH,IL,AGL,CE,Federal Contract Tower,0,0,1,0,1,0,89,13,0,102,0,89,14,0,103,208,0,208,311
05/20/2015,MDH,IL,AGL,CE,Federal Contract Tower,0,6,0,0,6,0,40,1,0,41,0,46,1,0,47,100,0,100,147
05/21/2015,MDH,IL,AGL,CE,Federal Contract Tower,0,0,4,0,4,0,91,9,0,100,0,91,13,0,104,276,0,276,380
05/22/2015,MDH,IL,AGL,CE,Federal Contract Tower,0,5,2,0,7,0,72,15,0,87,0,77,17,0,94,174,0,174,268
05/23/2015,MDH,IL,AGL,CE,Federal Contract Tower,0,1,0,0,1,0,0,4,0,4,0,1,4,0,5,4,0,4,9
05/24/2015,MDH,IL,AGL,CE,Federal Contract Tower,0,0,0,0,0,0,0,3,0,3,0,0,3,0,3,2,0,2,5
05/25/2015,MDH,IL,AGL,CE,Federal Contract Tower,0,0,4,0,4,0,0,3,0,3,0,0,7,0,7,0,0,0,7
05/26/2015,MDH,IL,AGL,CE,Federal Contract Tower,0,2,0,0,2,0,14,6,0,20,0,16,6,0,22,38,0,38,60
05/27/2015,MDH,IL,AGL,CE,Federal Contract Tower,0,4,0,0,4,0,78,18,0,96,0,82,18,0,100,162,0,162,262
05/28/2015,MDH,IL,AGL,CE,Federal Contract Tower,0,6,1,0,7,0,54,12,0,66,0,60,13,0,73,168,0,168,241
05/29/2015,MDH,IL,AGL,CE,Federal Contract Tower,0,11,4,0,15,0,93,5,0,98,0,104,9,0,113,196,0,196,309
05/30/2015,MDH,IL,AGL,CE,Federal Contract Tower,0,3,1,0,4,0,0,4,0,4,0,3,5,0,8,8,0,8,16
05/31/2015,MDH,IL,AGL,CE,Federal Contract Tower,0,1,1,0,2,0,1,1,0,2,0,2,2,0,4,0,0,0,4
06/01/2015,MDH,IL,AGL,CE,Federal Contract Tower,0,6,3,0,9,0,34,2,0,36,0,40,5,0,45,80,0,80,125
06/02/2015,MDH,IL,AGL,CE,Federal Contract Tower,0,16,1,0,17,0,20,11,0,31,0,36,12,0,48,90,0,90,138
06/03/2015,MDH,IL,AGL,CE,Federal Contract Tower,0,3,5,0,8,0,113,21,0,134,0,116,26,0,142,248,0,248,390
06/04/2015,MDH,IL,AGL,CE,Federal Contract Tower,0,5,0,0,5,0,103,8,0,111,0,108,8,0,116,190,0,190,306
06/05/2015,MDH,IL,AGL,CE,Federal Contract Tower,0,3,4,0,7,0,43,24,0,67,0,46,28,0,74,84,0,84,158
06/06/2015,MDH,IL,AGL,CE,Federal Contract Tower,0,0,0,0,0,0,3,91,0,94,0,3,91,0,94,44,0,44,138
06/07/2015,MDH,IL,AGL,CE,Federal Contract Tower,0,1,1,0,2,0,0,5,2,7,0,1,6,2,9,4,0,4,13
06/08/2015,MDH,IL,AGL,CE,Federal Contract Tower,0,7,1,0,8,0,42,3,0,45,0,49,4,0,53,110,0,110,163
06/09/2015,MDH,IL,AGL,CE,Federal Contract Tower,0,5,0,0,5,0,112,18,0,130,0,117,18,0,135,202,0,202,337
06/10/2015,MDH,IL,AGL,CE,Federal Contract Tower,0,0,0,0,0,0,108,14,0,122,0,108,14,0,122,246,0,246,368
06/11/2015,MDH,IL,AGL,CE,Federal Contract Tower,0,7,0,0,7,0,74,14,0,88,0,81,14,0,95,184,0,184,279
06/12/2015,MDH,IL,AGL,CE,Federal Contract Tower,0,0,0,0,0,0,35,16,0,51,0,35,16,0,51,80,0,80,131
06/13/2015,MDH,IL,AGL,CE,Federal Contract Tower,0,0,1,0,1,0,2,8,0,10,0,2,9,0,11,20,0,20,31
06/14/2015,MDH,IL,AGL,CE,Federal Contract Tower,0,0,3,0,3,0,0,2,0,2,0,0,5,0,5,0,0,0,5
06/15/2015,MDH,IL,AGL,CE,Federal Contract Tower,0,3,1,0,4,0,79,9,0,88,0,82,10,0,92,146,0,146,238
06/16/2015,MDH,IL,AGL,CE,Federal Contract Tower,0,0,2,0,2,0,34,10,2,46,0,34,12,2,48,46,0,46,94
06/17/2015,MDH,IL,AGL,CE,Federal Contract Tower,0,2,2,0,4,0,71,2,0,73,0,73,4,0,77,88,0,88,165
06/18/2015,MDH,IL,AGL,CE,Federal Contract Tower,0,7,1,0,8,0,63,18,0,81,0,70,19,0,89,174,0,174,263
06/19/2015,MDH,IL,AGL,CE,Federal Contract Tower,0,2,2,0,4,0,2,0,0,2,0,4,2,0,6,0,0,0,6
06/20/2015,MDH,IL,AGL,CE,Federal Contract Tower,0,1,2,0,3,0,8,3,0,11,0,9,5,0,14,10,0,10,24
06/21/2015,MDH,IL,AGL,CE,Federal Contract Tower,0,1,4,0,5,0,0,9,0,9,0,1,13,0,14,0,0,0,14
06/22/2015,MDH,IL,AGL,CE,Federal Contract Tower,0,5,1,0,6,0,116,16,0,132,0,121,17,0,138,162,0,162,300
06/23/2015,MDH,IL,AGL,CE,Federal Contract Tower,0,4,1,0,5,0,94,9,0,103,0,98,10,0,108,158,0,158,266
06/24/2015,MDH,IL,AGL,CE,Federal Contract Tower,0,6,1,0,7,0,114,9,0,123,0,120,10,0,130,186,0,186,316
06/25/2015,MDH,IL,AGL,CE,Federal Contract Tower,0,8,1,0,9,0,106,12,0,118,0,114,13,0,127,198,0,198,325
06/26/2015,MDH,IL,AGL,CE,Federal Contract Tower,0,5,3,0,8,0,35,7,0,42,0,40,10,0,50,104,0,104,154
06/27/2015,MDH,IL,AGL,CE,Federal Contract Tower,0,1,1,0,2,0,13,22,0,35,0,14,23,0,37,54,0,54,91
06/28/2015,MDH,IL,AGL,CE,Federal Contract Tower,0,1,3,0,4,0,2,12,0,14,0,3,15,0,18,0,0,0,18
06/29/2015,MDH,IL,AGL,CE,Federal Contract Tower,0,2,5,0,7,0,102,16,0,118,0,104,21,0,125,188,0,188,313
06/30/2015,MDH,IL,AGL,CE,Federal Contract Tower,0,5,1,0,6,0,123,12,0,135,0,128,13,0,141,184,0,184,325
07/01/2015,MDH,IL,AGL,CE,Federal Contract Tower,0,2,2,0,4,0,37,19,0,56,0,39,21,0,60,104,0,104,164
07/02/2015,MDH,IL,AGL,CE,Federal Contract Tower,0,7,4,0,11,0,44,2,0,46,0,51,6,0,57,144,0,144,201
07/03/2015,MDH,IL,AGL,CE,Federal Contract Tower,0,0,0,0,0,0,0,28,0,28,0,0,28,0,28,58,0,58,86
07/05/2015,MDH,IL,AGL,CE,Federal Contract Tower,0,2,0,0,2,0,0,8,0,8,0,2,8,0,10,4,0,4,14
07/06/2015,MDH,IL,AGL,CE,Federal Contract Tower,0,2,1,0,3,0,28,3,0,31,0,30,4,0,34,22,0,22,56
07/07/2015,MDH,IL,AGL,CE,Federal Contract Tower,0,1,0,0,1,0,9,0,0,9,0,10,0,0,10,12,0,12,22
07/08/2015,MDH,IL,AGL,CE,Federal Contract Tower,0,4,1,0,5,0,10,7,0,17,0,14,8,0,22,34,0,34,56
07/09/2015,MDH,IL,AGL,CE,Federal Contract Tower,0,9,4,0,13,0,23,11,0,34,0,32,15,0,47,56,0,56,103
07/10/2015,MDH,IL,AGL,CE,Federal Contract Tower,0,6,1,0,7,0,42,1,0,43,0,48,2,0,50,136,0,136,186
07/11/2015,MDH,IL,AGL,CE,Federal Contract Tower,0,3,0,0,3,0,48,18,0,66,0,51,18,0,69,56,0,56,125
07/12/2015,MDH,IL,AGL,CE,Federal Contract Tower,0,1,2,0,3,0,0,8,0,8,0,1,10,0,11,0,0,0,11
07/13/2015,MDH,IL,AGL,CE,Federal Contract Tower,0,3,0,0,3,0,134,10,0,144,0,137,10,0,147,202,0,202,349
07/14/2015,MDH,IL,AGL,CE,Federal Contract Tower,0,3,1,0,4,0,83,4,0,87,0,86,5,0,91,172,0,172,263
07/15/2015,MDH,IL,AGL,CE,Federal Contract Tower,0,2,1,0,3,0,85,20,0,105,0,87,21,0,108,162,0,162,270
07/16/2015,MDH,IL,AGL,CE,Federal Contract Tower,0,6,2,0,8,0,82,14,0,96,0,88,16,0,104,158,0,158,262
07/17/2015,MDH,IL,AGL,CE,Federal Contract Tower,0,3,2,0,5,0,71,9,0,80,0,74,11,0,85,126,0,126,211
07/18/2015,MDH,IL,AGL,CE,Federal Contract Tower,0,1,2,0,3,0,14,15,0,29,0,15,17,0,32,40,0,40,72
07/19/2015,MDH,IL,AGL,CE,Federal Contract Tower,0,0,5,0,5,0,0,13,0,13,0,0,18,0,18,6,0,6,24
07/20/2015,MDH,IL,AGL,CE,Federal Contract Tower,0,2,0,0,2,0,38,9,0,47,0,40,9,0,49,88,0,88,137
07/21/2015,MDH,IL,AGL,CE,Federal Contract Tower,0,7,0,0,7,0,68,7,2,77,0,75,7,2,84,130,0,130,214
07/22/2015,MDH,IL,AGL,CE,Federal Contract Tower,0,1,1,0,2,0,60,12,0,72,0,61,13,0,74,110,0,110,184
07/23/2015,MDH,IL,AGL,CE,Federal Contract Tower,0,3,2,0,5,0,70,12,0,82,0,73,14,0,87,130,0,130,217
07/24/2015,MDH,IL,AGL,CE,Federal Contract Tower,0,2,4,0,6,0,43,7,0,50,0,45,11,0,56,58,0,58,114
07/25/2015,MDH,IL,AGL,CE,Federal Contract Tower,0,3,1,0,4,0,6,6,0,12,0,9,7,0,16,28,0,28,44
07/26/2015,MDH,IL,AGL,CE,Federal Contract Tower,0,0,5,0,5,0,0,0,0,0,0,0,5,0,5,0,0,0,5
07/27/2015,MDH,IL,AGL,CE,Federal Contract Tower,0,2,1,0,3,0,55,6,0,61,0,57,7,0,64,112,0,112,176
07/28/2015,MDH,IL,AGL,CE,Federal Contract Tower,0,5,2,0,7,0,84,6,0,90,0,89,8,0,97,126,0,126,223
07/29/2015,MDH,IL,AGL,CE,Federal Contract Tower,0,2,2,0,4,0,53,9,0,62,0,55,11,0,66,112,0,112,178
07/30/2015,MDH,IL,AGL,CE,Federal Contract Tower,0,4,2,0,6,0,87,7,0,94,0,91,9,0,100,122,0,122,222
07/31/2015,MDH,IL,AGL,CE,Federal Contract Tower,0,3,1,0,4,0,63,15,0,78,0,66,16,0,82,92,0,92,174
08/01/2015,MDH,IL,AGL,CE,Federal Contract Tower,0,5,5,0,10,0,13,18,0,31,0,18,23,0,41,12,0,12,53
08/02/2015,MDH,IL,AGL,CE,Federal Contract Tower,0,1,1,0,2,0,0,12,0,12,0,1,13,0,14,2,0,2,16
08/03/2015,MDH,IL,AGL,CE,Federal Contract Tower,0,3,0,0,3,0,54,7,0,61,0,57,7,0,64,80,0,80,144
08/04/2015,MDH,IL,AGL,CE,Federal Contract Tower,0,4,1,0,5,0,59,3,0,62,0,63,4,0,67,104,0,104,171
08/05/2015,MDH,IL,AGL,CE,Federal Contract Tower,0,1,3,0,4,0,1,0,0,1,0,2,3,0,5,6,0,6,11
08/06/2015,MDH,IL,AGL,CE,Federal Contract Tower,0,5,1,0,6,0,45,13,0,58,0,50,14,0,64,108,0,108,172
08/07/2015,MDH,IL,AGL,CE,Federal Contract Tower,0,8,1,0,9,0,51,25,0,76,0,59,26,0,85,112,0,112,197
08/08/2015,MDH,IL,AGL,CE,Federal Contract Tower,0,1,2,0,3,0,0,9,0,9,0,1,11,0,12,4,0,4,16
08/09/2015,MDH,IL,AGL,CE,Federal Contract Tower,0,3,3,0,6,0,0,2,0,2,0,3,5,0,8,4,0,4,12
08/10/2015,MDH,IL,AGL,CE,Federal Contract Tower,0,8,1,1,10,0,7,9,0,16,0,15,10,1,26,18,0,18,44
08/11/2015,MDH,IL,AGL,CE,Federal Contract Tower,0,1,5,0,6,0,8,25,0,33,0,9,30,0,39,28,0,28,67
08/12/2015,MDH,IL,AGL,CE,Federal Contract Tower,0,2,1,0,3,0,7,12,0,19,0,9,13,0,22,12,2,14,36
08/13/2015,MDH,IL,AGL,CE,Federal Contract Tower,0,12,15,0,27,0,0,0,0,0,0,12,15,0,27,8,0,8,35
08/14/2015,MDH,IL,AGL,CE,Federal Contract Tower,0,3,1,0,4,0,6,15,0,21,0,9,16,0,25,10,0,10,35
08/15/2015,MDH,IL,AGL,CE,Federal Contract Tower,0,0,1,0,1,0,0,4,0,4,0,0,5,0,5,0,0,0,5
08/16/2015,MDH,IL,AGL,CE,Federal Contract Tower,0,0,0,0,0,0,0,7,0,7,0,0,7,0,7,0,0,0,7
08/17/2015,MDH,IL,AGL,CE,Federal Contract Tower,0,0,0,0,0,0,4,6,0,10,0,4,6,0,10,14,0,14,24
08/18/2015,MDH,IL,AGL,CE,Federal Contract Tower,0,1,1,0,2,0,18,17,0,35,0,19,18,0,37,46,0,46,83
08/19/2015,MDH,IL,AGL,CE,Federal Contract Tower,0,1,4,0,5,0,2,2,0,4,0,3,6,0,9,0,0,0,9
08/20/2015,MDH,IL,AGL,CE,Federal Contract Tower,0,0,4,0,4,0,40,20,0,60,0,40,24,0,64,96,0,96,160
08/21/2015,MDH,IL,AGL,CE,Federal Contract Tower,0,0,5,0,5,0,50,20,0,70,0,50,25,0,75,126,0,126,201
08/22/2015,MDH,IL,AGL,CE,Federal Contract Tower,0,2,0,0,2,0,0,12,0,12,0,2,12,0,14,14,0,14,28
08/23/2015,MDH,IL,AGL,CE,Federal Contract Tower,0,0,1,0,1,0,4,0,0,4,0,4,1,0,5,0,0,0,5
08/24/2015,MDH,IL,AGL,CE,Federal Contract Tower,0,0,1,0,1,0,24,12,0,36,0,24,13,0,37,18,0,18,55
08/25/2015,MDH,IL,AGL,CE,Federal Contract Tower,0,1,2,0,3,0,43,10,0,53,0,44,12,0,56,50,0,50,106
08/26/2015,MDH,IL,AGL,CE,Federal Contract Tower,0,0,2,0,2,0,71,17,0,88,0,71,19,0,90,114,0,114,204
08/27/2015,MDH,IL,AGL,CE,Federal Contract Tower,0,1,8,0,9,0,97,12,0,109,0,98,20,0,118,142,0,142,260
08/28/2015,MDH,IL,AGL,CE,Federal Contract Tower,0,4,0,0,4,0,113,7,0,120,0,117,7,0,124,202,0,202,326
08/29/2015,MDH,IL,AGL,CE,Federal Contract Tower,0,2,2,0,4,0,12,17,0,29,0,14,19,0,33,46,0,46,79
08/30/2015,MDH,IL,AGL,CE,Federal Contract Tower,0,0,1,0,1,0,20,4,0,24,0,20,5,0,25,32,0,32,57
08/31/2015,MDH,IL,AGL,CE,Federal Contract Tower,0,4,0,0,4,0,148,16,0,164,0,152,16,0,168,288,0,288,456
09/01/2015,MDH,IL,AGL,CE,Federal Contract Tower,0,2,2,0,4,0,105,11,0,116,0,107,13,0,120,196,0,196,316
09/02/2015,MDH,IL,AGL,CE,Federal Contract Tower,0,2,3,0,5,0,98,10,0,108,0,100,13,0,113,139,0,139,252
09/03/2015,MDH,IL,AGL,CE,Federal Contract Tower,0,0,4,0,4,0,132,17,0,149,0,132,21,0,153,252,0,252,405
09/04/2015,MDH,IL,AGL,CE,Federal Contract Tower,0,0,5,0,5,0,95,17,0,112,0,95,22,0,117,206,0,206,323
09/05/2015,MDH,IL,AGL,CE,Federal Contract Tower,0,0,1,0,1,0,35,7,0,42,0,35,8,0,43,26,0,26,69
09/06/2015,MDH,IL,AGL,CE,Federal Contract Tower,0,1,5,0,6,0,8,5,0,13,0,9,10,0,19,6,0,6,25
09/07/2015,MDH,IL,AGL,CE,Federal Contract Tower,0,1,2,0,3,0,0,14,0,14,0,1,16,0,17,6,0,6,23
09/08/2015,MDH,IL,AGL,CE,Federal Contract Tower,0,0,0,0,0,0,135,0,0,135,0,135,0,0,135,240,0,240,375
09/09/2015,MDH,IL,AGL,CE,Federal Contract Tower,0,3,3,0,6,0,5,4,0,9,0,8,7,0,15,18,0,18,33
09/10/2015,MDH,IL,AGL,CE,Federal Contract Tower,0,6,1,1,8,0,189,6,0,195,0,195,7,1,203,560,0,560,763
09/11/2015,MDH,IL,AGL,CE,Federal Contract Tower,0,3,6,0,9,0,39,5,0,44,0,42,11,0,53,76,0,76,129
09/12/2015,MDH,IL,AGL,CE,Federal Contract Tower,0,7,3,0,10,0,78,16,0,94,0,85,19,0,104,124,0,124,228
09/13/2015,MDH,IL,AGL,CE,Federal Contract Tower,0,1,4,0,5,0,93,18,0,111,0,94,22,0,116,210,0,210,326
09/14/2015,MDH,IL,AGL,CE,Federal Contract Tower,0,5,0,1,6,0,238,12,0,250,0,243,12,1,256,400,0,400,656
09/15/2015,MDH,IL,AGL,CE,Federal Contract Tower,0,1,2,0,3,0,209,18,0,227,0,210,20,0,230,464,0,464,694
09/16/2015,MDH,IL,AGL,CE,Federal Contract Tower,0,5,2,0,7,0,244,22,0,266,0,249,24,0,273,486,0,486,759
09/17/2015,MDH,IL,AGL,CE,Federal Contract Tower,0,9,0,0,9,0,214,21,0,235,0,223,21,0,244,496,0,496,740
09/18/2015,MDH,IL,AGL,CE,Federal Contract Tower,0,9,0,0,9,0,116,13,0,129,0,125,13,0,138,220,0,220,358
09/19/2015,MDH,IL,AGL,CE,Federal Contract Tower,0,7,0,0,7,0,72,17,0,89,0,79,17,0,96,142,0,142,238
09/21/2015,MDH,IL,AGL,CE,Federal Contract Tower,0,1,3,0,4,0,230,10,0,240,0,231,13,0,244,474,0,474,718
09/22/2015,MDH,IL,AGL,CE,Federal Contract Tower,0,2,0,0,2,0,196,3,0,199,0,198,3,0,201,420,0,420,621
09/23/2015,MDH,IL,AGL,CE,Federal Contract Tower,0,3,3,0,6,0,230,11,0,241,0,233,14,0,247,554,0,554,801
09/24/2015,MDH,IL,AGL,CE,Federal Contract Tower,0,1,4,0,5,0,201,16,0,217,0,202,20,0,222,668,0,668,890
09/25/2015,MDH,IL,AGL,CE,Federal Contract Tower,1,6,3,0,10,0,181,8,0,189,1,187,11,0,199,384,0,384,583
09/26/2015,MDH,IL,AGL,CE,Federal Contract Tower,0,4,10,0,14,0,55,6,0,61,0,59,16,0,75,96,0,96,171
09/27/2015,MDH,IL,AGL,CE,Federal Contract Tower,0,6,5,0,11,0,67,5,0,72,0,73,10,0,83,126,0,126,209
09/28/2015,MDH,IL,AGL,CE,Federal Contract Tower,0,0,1,0,1,0,137,10,0,147,0,137,11,0,148,422,0,422,570
09/29/2015,MDH,IL,AGL,CE,Federal Contract Tower,0,1,7,0,8,0,0,0,0,0,0,1,7,0,8,0,0,0,8
09/30/2015,MDH,IL,AGL,CE,Federal Contract Tower,0,5,0,0,5,0,131,11,0,142,0,136,11,0,147,378,0,378,525
10/01/2015,MDH,IL,AGL,CE,Federal Contract Tower,0,1,6,0,7,0,213,20,0,233,0,214,26,0,240,510,0,510,750
10/02/2015,MDH,IL,AGL,CE,Federal Contract Tower,0,0,4,0,4,0,123,13,0,136,0,123,17,0,140,318,0,318,458
10/03/2015,MDH,IL,AGL,CE,Federal Contract Tower,0,0,1,0,1,0,4,0,0,4,0,4,1,0,5,0,0,0,5
10/04/2015,MDH,IL,AGL,CE,Federal Contract Tower,0,4,3,0,7,0,0,2,0,2,0,4,5,0,9,0,0,0,9
10/05/2015,MDH,IL,AGL,CE,Federal Contract Tower,0,1,3,0,4,0,141,15,0,156,0,142,18,0,160,470,0,470,630
10/06/2015,MDH,IL,AGL,CE,Federal Contract Tower,0,6,2,0,8,0,153,12,0,165,0,159,14,0,173,356,0,356,529
10/07/2015,MDH,IL,AGL,CE,Federal Contract Tower,0,0,0,0,0,0,137,14,0,151,0,137,14,0,151,318,0,318,469
10/08/2015,MDH,IL,AGL,CE,Federal Contract Tower,0,4,3,0,7,0,192,22,0,214,0,196,25,0,221,414,0,414,635
10/09/2015,MDH,IL,AGL,CE,Federal Contract Tower,0,5,2,0,7,0,98,18,0,116,0,103,20,0,123,226,0,226,349
10/10/2015,MDH,IL,AGL,CE,Federal Contract Tower,0,2,0,0,2,0,14,12,0,26,0,16,12,0,28,16,0,16,44
10/11/2015,MDH,IL,AGL,CE,Federal Contract Tower,0,2,1,0,3,0,4,13,0,17,0,6,14,0,20,0,0,0,20
10/12/2015,MDH,IL,AGL,CE,Federal Contract Tower,0,1,1,0,2,0,21,5,0,26,0,22,6,0,28,22,0,22,50
10/13/2015,MDH,IL,AGL,CE,Federal Contract Tower,0,0,0,0,0,0,18,17,0,35,0,18,17,0,35,58,0,58,93
10/14/2015,MDH,IL,AGL,CE,Federal Contract Tower,0,5,0,0,5,0,129,17,0,146,0,134,17,0,151,272,0,272,423
10/15/2015,MDH,IL,AGL,CE,Federal Contract Tower,0,8,0,0,8,0,179,20,0,199,0,187,20,0,207,464,0,464,671
10/16/2015,MDH,IL,AGL,CE,Federal Contract Tower,0,3,6,0,9,0,161,26,0,187,0,164,32,0,196,336,0,336,532
10/17/2015,MDH,IL,AGL,CE,Federal Contract Tower,0,4,1,0,5,0,38,12,0,50,0,42,13,0,55,48,0,48,103
10/18/2015,MDH,IL,AGL,CE,Federal Contract Tower,0,4,0,0,4,0,43,21,0,64,0,47,21,0,68,112,0,112,180
10/19/2015,MDH,IL,AGL,CE,Federal Contract Tower,0,4,2,0,6,0,160,9,0,169,0,164,11,0,175,508,0,508,683
10/20/2015,MDH,IL,AGL,CE,Federal Contract Tower,0,1,0,0,1,0,138,19,0,157,0,139,19,0,158,234,0,234,392
10/21/2015,MDH,IL,AGL,CE,Federal Contract Tower,0,3,0,0,3,0,132,30,0,162,0,135,30,0,165,368,0,368,533
10/22/2015,MDH,IL,AGL,CE,Federal Contract Tower,0,9,0,0,9,0,152,24,0,176,0,161,24,0,185,444,0,444,629
10/23/2015,MDH,IL,AGL,CE,Federal Contract Tower,0,6,0,0,6,0,93,13,0,106,0,99,13,0,112,220,0,220,332
10/24/2015,MDH,IL,AGL,CE,Federal Contract Tower,0,6,0,0,6,0,2,5,0,7,0,8,5,0,13,12,0,12,25
10/25/2015,MDH,IL,AGL,CE,Federal Contract Tower,0,3,0,0,3,0,20,18,0,38,0,23,18,0,41,104,0,104,145
10/26/2015,MDH,IL,AGL,CE,Federal Contract Tower,0,1,3,0,4,0,138,10,0,148,0,139,13,0,152,332,0,332,484
10/27/2015,MDH,IL,AGL,CE,Federal Contract Tower,0,3,2,0,5,0,0,0,0,0,0,3,2,0,5,0,0,0,5
10/28/2015,MDH,IL,AGL,CE,Federal Contract Tower,0,8,2,0,10,0,63,2,0,65,0,71,4,0,75,120,0,120,195
10/29/2015,MDH,IL,AGL,CE,Federal Contract Tower,0,3,5,0,8,0,178,22,0,200,0,181,27,0,208,460,0,460,668
10/30/2015,MDH,IL,AGL,CE,Federal Contract Tower,0,3,0,0,3,0,150,29,0,179,0,153,29,0,182,292,0,292,474
10/31/2015,MDH,IL,AGL,CE,Federal Contract Tower,0,6,3,0,9,0,5,5,0,10,0,11,8,0,19,4,0,4,23
11/01/2015,MDH,IL,AGL,CE,Federal Contract Tower,0,2,0,0,2,0,1,8,0,9,0,3,8,0,11,0,0,0,11
11/02/2015,MDH,IL,AGL,CE,Federal Contract Tower,0,2,1,0,3,0,0,1,0,1,0,2,2,0,4,0,0,0,4
11/03/2015,MDH,IL,AGL,CE,Federal Contract Tower,0,0,2,0,2,0,46,4,0,50,0,46,6,0,52,84,0,84,136
11/04/2015,MDH,IL,AGL,CE,Federal Contract Tower,1,5,1,0,7,0,170,11,0,181,1,175,12,0,188,394,0,394,582
11/05/2015,MDH,IL,AGL,CE,Federal Contract Tower,0,6,0,0,6,0,40,4,0,44,0,46,4,0,50,146,0,146,196
11/06/2015,MDH,IL,AGL,CE,Federal Contract Tower,0,4,0,0,4,0,126,3,0,129,0,130,3,0,133,342,0,342,475
11/07/2015,MDH,IL,AGL,CE,Federal Contract Tower,0,5,3,0,8,0,140,8,0,148,0,145,11,0,156,280,0,280,436
11/08/2015,MDH,IL,AGL,CE,Federal Contract Tower,0,4,1,0,5,0,88,22,0,110,0,92,23,0,115,240,0,240,355
11/09/2015,MDH,IL,AGL,CE,Federal Contract Tower,0,4,0,0,4,0,209,11,0,220,0,213,11,0,224,542,0,542,766
11/10/2015,MDH,IL,AGL,CE,Federal Contract Tower,0,4,0,0,4,0,184,11,0,195,0,188,11,0,199,334,0,334,533
11/11/2015,MDH,IL,AGL,CE,Federal Contract Tower,0,0,1,0,1,0,0,4,0,4,0,0,5,0,5,0,0,0,5
11/12/2015,MDH,IL,AGL,CE,Federal Contract Tower,0,1,4,2,7,0,140,7,0,147,0,141,11,2,154,436,0,436,590
11/13/2015,MDH,IL,AGL,CE,Federal Contract Tower,0,1,4,0,5,0,145,12,0,157,0,146,16,0,162,346,0,346,508
11/14/2015,MDH,IL,AGL,CE,Federal Contract Tower,0,2,3,2,7,0,109,21,0,130,0,111,24,2,137,188,0,188,325
11/15/2015,MDH,IL,AGL,CE,Federal Contract Tower,0,2,1,0,3,0,92,17,0,109,0,94,18,0,112,184,0,184,296
11/16/2015,MDH,IL,AGL,CE,Federal Contract Tower,0,2,0,0,2,0,42,2,0,44,0,44,2,0,46,214,0,214,260
11/17/2015,MDH,IL,AGL,CE,Federal Contract Tower,2,0,2,0,4,0,5,0,0,5,2,5,2,0,9,10,0,10,19
11/18/2015,MDH,IL,AGL,CE,Federal Contract Tower,0,3,0,0,3,0,18,1,0,19,0,21,1,0,22,50,0,50,72
11/19/2015,MDH,IL,AGL,CE,Federal Contract Tower,0,1,2,0,3,0,188,22,0,210,0,189,24,0,213,498,0,498,711
11/20/2015,MDH,IL,AGL,CE,Federal Contract Tower,0,8,3,0,11,0,164,24,0,188,0,172,27,0,199,318,0,318,517
11/22/2015,MDH,IL,AGL,CE,Federal Contract Tower,0,0,1,0,1,0,117,11,0,128,0,117,12,0,129,276,0,276,405
11/23/2015,MDH,IL,AGL,CE,Federal Contract Tower,0,0,1,0,1,0,144,10,0,154,0,144,11,0,155,342,0,342,497
11/24/2015,MDH,IL,AGL,CE,Federal Contract Tower,0,2,2,0,4,0,168,14,0,182,0,170,16,0,186,368,0,368,554
11/25/2015,MDH,IL,AGL,CE,Federal Contract Tower,0,3,10,0,13,0,16,21,0,37,0,19,31,0,50,28,0,28,78
11/26/2015,MDH,IL,AGL,CE,Federal Contract Tower,0,3,0,0,3,0,0,0,0,0,0,3,0,0,3,0,0,0,3
11/27/2015,MDH,IL,AGL,CE,Federal Contract Tower,0,4,0,0,4,0,0,0,0,0,0,4,0,0,4,0,0,0,4
11/28/2015,MDH,IL,AGL,CE,Federal Contract Tower,0,2,0,0,2,0,0,0,0,0,0,2,0,0,2,0,0,0,2
11/29/2015,MDH,IL,AGL,CE,Federal Contract Tower,0,2,7,0,9,0,0,0,0,0,0,2,7,0,9,0,0,0,9
11/30/2015,MDH,IL,AGL,CE,Federal Contract Tower,0,6,0,0,6,0,0,0,0,0,0,6,0,0,6,0,0,0,6
12/01/2015,MDH,IL,AGL,CE,Federal Contract Tower,0,1,0,0,1,0,148,15,0,163,0,149,15,0,164,416,0,416,580
12/02/2015,MDH,IL,AGL,CE,Federal Contract Tower,0,0,1,0,1,0,142,16,0,158,0,142,17,0,159,346,0,346,505
12/03/2015,MDH,IL,AGL,CE,Federal Contract Tower,0,2,3,1,6,0,139,24,0,163,0,141,27,1,169,438,0,438,607
12/04/2015,MDH,IL,AGL,CE,Federal Contract Tower,0,5,2,0,7,0,170,13,0,183,0,175,15,0,190,264,0,264,454
12/05/2015,MDH,IL,AGL,CE,Federal Contract Tower,0,0,0,0,0,0,65,18,0,83,0,65,18,0,83,210,0,210,293
12/06/2015,MDH,IL,AGL,CE,Federal Contract Tower,0,4,3,0,7,0,44,8,0,52,0,48,11,0,59,162,0,162,221
12/07/2015,MDH,IL,AGL,CE,Federal Contract Tower,0,2,4,0,6,0,109,13,0,122,0,111,17,0,128,466,0,466,594
12/08/2015,MDH,IL,AGL,CE,Federal Contract Tower,0,1,1,0,2,0,146,3,0,149,0,147,4,0,151,288,0,288,439
12/10/2015,MDH,IL,AGL,CE,Federal Contract Tower,0,7,0,0,7,0,111,0,0,111,0,118,0,0,118,264,0,264,382
12/11/2015,MDH,IL,AGL,CE,Federal Contract Tower,0,20,2,0,22,0,0,2,0,2,0,20,4,0,24,4,0,4,28
12/12/2015,MDH,IL,AGL,CE,Federal Contract Tower,0,3,2,0,5,0,2,3,0,5,0,5,5,0,10,8,0,8,18
12/13/2015,MDH,IL,AGL,CE,Federal Contract Tower,0,6,0,0,6,0,0,3,0,3,0,6,3,0,9,2,0,2,11
12/14/2015,MDH,IL,AGL,CE,Federal Contract Tower,0,4,0,0,4,0,2,0,0,2,0,6,0,0,6,8,0,8,14
12/15/2015,MDH,IL,AGL,CE,Federal Contract Tower,0,6,3,0,9,0,99,13,0,112,0,105,16,0,121,316,0,316,437
12/16/2015,MDH,IL,AGL,CE,Federal Contract Tower,0,1,1,0,2,0,94,8,0,102,0,95,9,0,104,262,0,262,366
12/17/2015,MDH,IL,AGL,CE,Federal Contract Tower,0,3,3,0,6,0,121,19,0,140,0,124,22,0,146,428,0,428,574
12/18/2015,MDH,IL,AGL,CE,Federal Contract Tower,0,1,2,0,3,0,65,20,0,85,0,66,22,0,88,144,0,144,232
12/19/2015,MDH,IL,AGL,CE,Federal Contract Tower,0,2,0,0,2,0,45,17,0,62,0,47,17,0,64,108,0,108,172
12/20/2015,MDH,IL,AGL,CE,Federal Contract Tower,0,0,0,0,0,0,0,3,0,3,0,0,3,0,3,0,0,0,3
12/21/2015,MDH,IL,AGL,CE,Federal Contract Tower,0,0,3,0,3,0,0,0,0,0,0,0,3,0,3,0,0,0,3
12/22/2015,MDH,IL,AGL,CE,Federal Contract Tower,0,0,6,0,6,0,2,5,0,7,0,2,11,0,13,26,0,26,39
12/23/2015,MDH,IL,AGL,CE,Federal Contract Tower,0,0,0,0,0,0,0,0,0,0,0,0,0,0,0,0,0,0,0
12/24/2015,MDH,IL,AGL,CE,Federal Contract Tower,0,0,0,0,0,0,0,5,0,5,0,0,5,0,5,0,0,0,5
12/25/2015,MDH,IL,AGL,CE,Federal Contract Tower,0,2,0,0,2,0,0,2,0,2,0,2,2,0,4,0,0,0,4
12/26/2015,MDH,IL,AGL,CE,Federal Contract Tower,0,4,2,0,6,0,0,0,0,0,0,4,2,0,6,0,0,0,6
12/27/2015,MDH,IL,AGL,CE,Federal Contract Tower,0,3,1,0,4,0,0,0,0,0,0,3,1,0,4,0,0,0,4
12/28/2015,MDH,IL,AGL,CE,Federal Contract Tower,0,0,0,0,0,0,0,0,0,0,0,0,0,0,0,0,0,0,0
12/29/2015,MDH,IL,AGL,CE,Federal Contract Tower,0,1,1,0,2,0,1,0,0,1,0,2,1,0,3,0,0,0,3
12/30/2015,MDH,IL,AGL,CE,Federal Contract Tower,0,2,2,0,4,0,3,3,0,6,0,5,5,0,10,0,0,0,10
12/31/2015,MDH,IL,AGL,CE,Federal Contract Tower,0,0,0,0,0,0,0,8,0,8,0,0,8,0,8,0,0,0,8
01/01/2016,MDH,IL,AGL,CE,Federal Contract Tower,0,0,9,0,9,0,0,0,0,0,0,0,9,0,9,0,0,0,9
01/02/2016,MDH,IL,AGL,CE,Federal Contract Tower,0,3,3,0,6,0,0,21,0,21,0,3,24,0,27,2,0,2,29
01/03/2016,MDH,IL,AGL,CE,Federal Contract Tower,0,1,2,0,3,0,0,18,0,18,0,1,20,0,21,22,0,22,43
01/04/2016,MDH,IL,AGL,CE,Federal Contract Tower,0,0,0,0,0,0,7,9,0,16,0,7,9,0,16,26,0,26,42
01/05/2016,MDH,IL,AGL,CE,Federal Contract Tower,0,0,1,0,1,0,9,4,0,13,0,9,5,0,14,0,0,0,14
01/06/2016,MDH,IL,AGL,CE,Federal Contract Tower,0,2,0,0,2,0,22,7,0,29,0,24,7,0,31,28,0,28,59
01/07/2016,MDH,IL,AGL,CE,Federal Contract Tower,0,0,0,0,0,0,6,6,0,12,0,6,6,0,12,22,0,22,34
01/08/2016,MDH,IL,AGL,CE,Federal Contract Tower,0,4,0,0,4,0,0,0,0,0,0,4,0,0,4,0,0,0,4
01/10/2016,MDH,IL,AGL,CE,Federal Contract Tower,0,2,2,0,4,0,0,4,0,4,0,2,6,0,8,4,0,4,12
01/11/2016,MDH,IL,AGL,CE,Federal Contract Tower,0,0,1,0,1,0,4,11,0,15,0,4,12,0,16,18,0,18,34
01/12/2016,MDH,IL,AGL,CE,Federal Contract Tower,0,0,2,0,2,0,7,2,0,9,0,7,4,0,11,20,0,20,31
01/13/2016,MDH,IL,AGL,CE,Federal Contract Tower,0,2,0,0,2,0,23,8,0,31,0,25,8,0,33,36,0,36,69
01/14/2016,MDH,IL,AGL,CE,Federal Contract Tower,0,0,2,0,2,0,37,12,0,49,0,37,14,0,51,62,0,62,113
01/15/2016,MDH,IL,AGL,CE,Federal Contract Tower,0,5,0,0,5,0,0,2,0,2,0,5,2,0,7,0,0,0,7
01/16/2016,MDH,IL,AGL,CE,Federal Contract Tower,0,0,3,0,3,0,0,12,0,12,0,0,15,0,15,12,0,12,27
01/17/2016,MDH,IL,AGL,CE,Federal Contract Tower,0,2,1,0,3,0,0,0,0,0,0,2,1,0,3,0,0,0,3
01/18/2016,MDH,IL,AGL,CE,Federal Contract Tower,0,3,3,0,6,0,0,5,0,5,0,3,8,0,11,0,0,0,11
01/19/2016,MDH,IL,AGL,CE,Federal Contract Tower,0,1,0,0,1,0,35,0,0,35,0,36,0,0,36,56,0,56,92
01/20/2016,MDH,IL,AGL,CE,Federal Contract Tower,0,0,0,0,0,0,13,7,0,20,0,13,7,0,20,18,0,18,38
01/21/2016,MDH,IL,AGL,CE,Federal Contract Tower,0,2,0,0,2,0,4,0,0,4,0,6,0,0,6,20,0,20,26
01/22/2016,MDH,IL,AGL,CE,Federal Contract Tower,0,1,1,0,2,0,84,3,0,87,0,85,4,0,89,114,0,114,203
01/23/2016,MDH,IL,AGL,CE,Federal Contract Tower,0,2,1,0,3,0,68,26,0,94,0,70,27,0,97,150,0,150,247
01/24/2016,MDH,IL,AGL,CE,Federal Contract Tower,0,8,1,0,9,0,34,7,0,41,0,42,8,0,50,76,0,76,126
01/25/2016,MDH,IL,AGL,CE,Federal Contract Tower,0,0,1,0,1,0,51,2,0,53,0,51,3,0,54,56,0,56,110
01/26/2016,MDH,IL,AGL,CE,Federal Contract Tower,0,0,0,0,0,0,0,0,0,0,0,0,0,0,0,224,0,224,224
01/27/2016,MDH,IL,AGL,CE,Federal Contract Tower,0,3,0,0,3,0,166,9,0,175,0,169,9,0,178,280,0,280,458
01/28/2016,MDH,IL,AGL,CE,Federal Contract Tower,0,8,2,0,10,0,173,7,0,180,0,181,9,0,190,358,0,358,548
01/29/2016,MDH,IL,AGL,CE,Federal Contract Tower,0,4,1,0,5,0,185,12,0,197,0,189,13,0,202,418,0,418,620
01/30/2016,MDH,IL,AGL,CE,Federal Contract Tower,0,2,0,0,2,0,52,18,0,70,0,54,18,0,72,32,0,32,104
01/31/2016,MDH,IL,AGL,CE,Federal Contract Tower,0,4,1,0,5,0,0,3,0,3,0,4,4,0,8,0,0,0,8
02/01/2016,MDH,IL,AGL,CE,Federal Contract Tower,0,2,0,0,2,0,155,15,0,170,0,157,15,0,172,394,0,394,566
02/02/2016,MDH,IL,AGL,CE,Federal Contract Tower,0,0,1,0,1,0,0,3,0,3,0,0,4,0,4,4,0,4,8
02/03/2016,MDH,IL,AGL,CE,Federal Contract Tower,0,3,0,0,3,0,69,9,0,78,0,72,9,0,81,104,0,104,185
02/04/2016,MDH,IL,AGL,CE,Federal Contract Tower,0,6,3,0,9,0,168,15,0,183,0,174,18,0,192,440,0,440,632
02/05/2016,MDH,IL,AGL,CE,Federal Contract Tower,0,4,4,0,8,0,161,25,0,186,0,165,29,0,194,264,0,264,458
02/06/2016,MDH,IL,AGL,CE,Federal Contract Tower,0,4,1,0,5,0,101,46,0,147,0,105,47,0,152,246,0,246,398
02/07/2016,MDH,IL,AGL,CE,Federal Contract Tower,0,0,3,0,3,0,30,13,0,43,0,30,16,0,46,50,0,50,96
02/08/2016,MDH,IL,AGL,CE,Federal Contract Tower,0,2,0,0,2,0,0,0,0,0,0,2,0,0,2,0,0,0,2
02/09/2016,MDH,IL,AGL,CE,Federal Contract Tower,0,0,3,0,3,0,0,0,0,0,0,0,3,0,3,0,0,0,3
02/10/2016,MDH,IL,AGL,CE,Federal Contract Tower,0,7,0,0,7,0,61,2,0,63,0,68,2,0,70,80,0,80,150
02/11/2016,MDH,IL,AGL,CE,Federal Contract Tower,0,1,1,0,2,0,179,14,0,193,0,180,15,0,195,468,0,468,663
02/12/2016,MDH,IL,AGL,CE,Federal Contract Tower,0,1,2,0,3,0,50,14,1,65,0,51,16,1,68,126,0,126,194
02/13/2016,MDH,IL,AGL,CE,Federal Contract Tower,0,3,2,0,5,0,82,6,0,88,0,85,8,0,93,138,0,138,231
02/14/2016,MDH,IL,AGL,CE,Federal Contract Tower,0,0,0,0,0,0,0,0,0,0,0,0,0,0,0,0,0,0,0
02/15/2016,MDH,IL,AGL,CE,Federal Contract Tower,0,0,2,0,2,0,56,1,0,57,0,56,3,0,59,160,0,160,219
02/16/2016,MDH,IL,AGL,CE,Federal Contract Tower,0,0,0,0,0,0,0,0,0,0,0,0,0,0,0,0,0,0,0
02/17/2016,MDH,IL,AGL,CE,Federal Contract Tower,0,5,1,0,6,0,94,4,0,98,0,99,5,0,104,260,0,260,364
02/18/2016,MDH,IL,AGL,CE,Federal Contract Tower,0,7,0,0,7,0,216,2,2,220,0,223,2,2,227,502,0,502,729
02/19/2016,MDH,IL,AGL,CE,Federal Contract Tower,0,5,1,0,6,0,0,2,0,2,0,5,3,0,8,0,0,0,8
02/20/2016,MDH,IL,AGL,CE,Federal Contract Tower,0,0,6,0,6,0,108,34,0,142,0,108,40,0,148,272,0,272,420
02/21/2016,MDH,IL,AGL,CE,Federal Contract Tower,0,5,0,0,5,0,41,22,0,63,0,46,22,0,68,90,0,90,158
02/22/2016,MDH,IL,AGL,CE,Federal Contract Tower,0,9,0,0,9,0,169,13,0,182,0,178,13,0,191,480,0,480,671
02/23/2016,MDH,IL,AGL,CE,Federal Contract Tower,0,2,3,0,5,0,120,10,0,130,0,122,13,0,135,260,0,260,395
02/24/2016,MDH,IL,AGL,CE,Federal Contract Tower,0,0,0,0,0,0,0,0,0,0,0,0,0,0,0,0,0,0,0
02/25/2016,MDH,IL,AGL,CE,Federal Contract Tower,0,2,3,0,5,0,170,8,0,178,0,172,11,0,183,604,0,604,787
02/26/2016,MDH,IL,AGL,CE,Federal Contract Tower,0,2,1,0,3,0,137,8,0,145,0,139,9,0,148,272,0,272,420
02/27/2016,MDH,IL,AGL,CE,Federal Contract Tower,0,1,2,0,3,0,96,8,0,104,0,97,10,0,107,144,0,144,251
02/28/2016,MDH,IL,AGL,CE,Federal Contract Tower,0,0,2,0,2,0,6,4,0,10,0,6,6,0,12,10,0,10,22
02/29/2016,MDH,IL,AGL,CE,Federal Contract Tower,0,3,0,0,3,0,199,2,0,201,0,202,2,0,204,514,0,514,718
03/01/2016,MDH,IL,AGL,CE,Federal Contract Tower,0,3,1,0,4,0,17,1,0,18,0,20,2,0,22,52,0,52,74
03/02/2016,MDH,IL,AGL,CE,Federal Contract Tower,0,15,2,0,17,0,135,9,0,144,0,150,11,0,161,204,0,204,365
03/03/2016,MDH,IL,AGL,CE,Federal Contract Tower,0,5,0,0,5,0,50,0,0,50,0,55,0,0,55,252,0,252,307
03/04/2016,MDH,IL,AGL,CE,Federal Contract Tower,0,0,0,0,0,0,0,3,0,3,0,0,3,0,3,0,0,0,3
03/05/2016,MDH,IL,AGL,CE,Federal Contract Tower,0,4,2,0,6,0,88,27,0,115,0,92,29,0,121,128,0,128,249
03/06/2016,MDH,IL,AGL,CE,Federal Contract Tower,0,3,0,0,3,0,65,36,0,101,0,68,36,0,104,110,0,110,214
03/07/2016,MDH,IL,AGL,CE,Federal Contract Tower,0,4,0,0,4,0,37,1,0,38,0,41,1,0,42,34,0,34,76
03/08/2016,MDH,IL,AGL,CE,Federal Contract Tower,0,3,0,0,3,0,117,5,0,122,0,120,5,0,125,272,0,272,397
03/09/2016,MDH,IL,AGL,CE,Federal Contract Tower,0,4,0,0,4,0,0,0,0,0,0,4,0,0,4,0,0,0,4
03/10/2016,MDH,IL,AGL,CE,Federal Contract Tower,0,0,1,0,1,0,0,0,0,0,0,0,1,0,1,0,0,0,1
03/11/2016,MDH,IL,AGL,CE,Federal Contract Tower,0,2,2,0,4,0,122,13,0,135,0,124,15,0,139,180,0,180,319
03/12/2016,MDH,IL,AGL,CE,Federal Contract Tower,0,0,5,0,5,0,0,0,0,0,0,0,5,0,5,0,0,0,5
03/13/2016,MDH,IL,AGL,CE,Federal Contract Tower,0,1,0,0,1,0,0,0,0,0,0,1,0,0,1,0,0,0,1
03/14/2016,MDH,IL,AGL,CE,Federal Contract Tower,0,0,0,0,0,0,20,5,0,25,0,20,5,0,25,32,0,32,57
03/15/2016,MDH,IL,AGL,CE,Federal Contract Tower,0,0,2,0,2,0,38,5,0,43,0,38,7,0,45,92,0,92,137
03/16/2016,MDH,IL,AGL,CE,Federal Contract Tower,0,0,0,0,0,0,17,2,0,19,0,17,2,0,19,42,0,42,61
03/17/2016,MDH,IL,AGL,CE,Federal Contract Tower,0,3,1,0,4,0,20,14,0,34,0,23,15,0,38,36,0,36,74
03/18/2016,MDH,IL,AGL,CE,Federal Contract Tower,0,2,1,0,3,0,21,11,0,32,0,23,12,0,35,36,0,36,71
03/19/2016,MDH,IL,AGL,CE,Federal Contract Tower,0,0,0,0,0,0,1,6,0,7,0,1,6,0,7,8,0,8,15
03/20/2016,MDH,IL,AGL,CE,Federal Contract Tower,0,0,3,0,3,0,0,6,0,6,0,0,9,0,9,0,0,0,9
03/21/2016,MDH,IL,AGL,CE,Federal Contract Tower,0,0,0,0,0,0,176,17,0,193,0,176,17,0,193,490,0,490,683
03/22/2016,MDH,IL,AGL,CE,Federal Contract Tower,0,1,1,0,2,0,31,4,0,35,0,32,5,0,37,56,0,56,93
03/23/2016,MDH,IL,AGL,CE,Federal Contract Tower,0,2,0,0,2,0,1,0,0,1,0,3,0,0,3,0,0,0,3
03/24/2016,MDH,IL,AGL,CE,Federal Contract Tower,0,6,0,0,6,0,55,0,0,55,0,61,0,0,61,80,0,80,141
03/25/2016,MDH,IL,AGL,CE,Federal Contract Tower,0,3,3,0,6,0,171,33,0,204,0,174,36,0,210,526,0,526,736
03/26/2016,MDH,IL,AGL,CE,Federal Contract Tower,0,5,1,0,6,0,96,20,0,116,0,101,21,0,122,230,0,230,352
03/27/2016,MDH,IL,AGL,CE,Federal Contract Tower,0,1,4,0,5,0,2,6,0,8,0,3,10,0,13,4,0,4,17
03/28/2016,MDH,IL,AGL,CE,Federal Contract Tower,0,3,3,0,6,0,252,5,0,257,0,255,8,0,263,692,0,692,955
03/29/2016,MDH,IL,AGL,CE,Federal Contract Tower,0,6,2,0,8,0,238,26,0,264,0,244,28,0,272,408,0,408,680
03/30/2016,MDH,IL,AGL,CE,Federal Contract Tower,0,2,0,0,2,0,89,2,0,91,0,91,2,0,93,184,0,184,277
03/31/2016,MDH,IL,AGL,CE,Federal Contract Tower,0,7,0,0,7,0,17,4,0,21,0,24,4,0,28,56,0,56,84
04/01/2016,MDH,IL,AGL,CE,Federal Contract Tower,0,12,0,0,12,0,163,8,0,171,0,175,8,0,183,234,0,234,417
04/02/2016,MDH,IL,AGL,CE,Federal Contract Tower,0,4,0,0,4,0,34,7,0,41,0,38,7,0,45,62,0,62,107
04/03/2016,MDH,IL,AGL,CE,Federal Contract Tower,0,1,0,0,1,0,87,3,0,90,0,88,3,0,91,132,0,132,223
04/04/2016,MDH,IL,AGL,CE,Federal Contract Tower,0,4,1,0,5,0,204,6,0,210,0,208,7,0,215,482,0,482,697
04/05/2016,MDH,IL,AGL,CE,Federal Contract Tower,0,8,0,0,8,0,189,12,0,201,0,197,12,0,209,396,0,396,605
04/06/2016,MDH,IL,AGL,CE,Federal Contract Tower,0,2,2,0,4,0,3,4,0,7,0,5,6,0,11,0,0,0,11
04/07/2016,MDH,IL,AGL,CE,Federal Contract Tower,0,1,1,0,2,0,84,6,0,90,0,85,7,0,92,198,0,198,290
04/08/2016,MDH,IL,AGL,CE,Federal Contract Tower,0,5,0,0,5,0,51,9,0,60,0,56,9,0,65,78,0,78,143
04/09/2016,MDH,IL,AGL,CE,Federal Contract Tower,0,0,5,0,5,0,154,23,0,177,0,154,28,0,182,390,0,390,572
04/10/2016,MDH,IL,AGL,CE,Federal Contract Tower,0,2,3,0,5,0,68,4,0,72,0,70,7,0,77,110,0,110,187
04/11/2016,MDH,IL,AGL,CE,Federal Contract Tower,0,2,0,0,2,0,51,0,0,51,0,53,0,0,53,216,0,216,269
04/12/2016,MDH,IL,AGL,CE,Federal Contract Tower,0,0,0,0,0,0,222,5,0,227,0,222,5,0,227,608,0,608,835
04/13/2016,MDH,IL,AGL,CE,Federal Contract Tower,0,5,1,0,6,0,235,25,0,260,0,240,26,0,266,454,0,454,720
04/14/2016,MDH,IL,AGL,CE,Federal Contract Tower,0,4,2,0,6,0,206,20,0,226,0,210,22,0,232,528,0,528,760
04/15/2016,MDH,IL,AGL,CE,Federal Contract Tower,0,3,0,0,3,0,180,13,0,193,0,183,13,0,196,470,0,470,666
04/16/2016,MDH,IL,AGL,CE,Federal Contract Tower,0,2,0,0,2,0,78,23,0,101,0,80,23,0,103,128,0,128,231
04/17/2016,MDH,IL,AGL,CE,Federal Contract Tower,0,0,0,0,0,0,80,29,0,109,0,80,29,0,109,160,0,160,269
04/18/2016,MDH,IL,AGL,CE,Federal Contract Tower,0,7,3,0,10,0,206,14,0,220,0,213,17,0,230,456,0,456,686
04/19/2016,MDH,IL,AGL,CE,Federal Contract Tower,0,4,0,0,4,0,229,5,0,234,0,233,5,0,238,560,0,560,798
04/20/2016,MDH,IL,AGL,CE,Federal Contract Tower,0,1,2,0,3,0,35,2,0,37,0,36,4,0,40,116,0,116,156
04/21/2016,MDH,IL,AGL,CE,Federal Contract Tower,0,5,2,0,7,0,117,14,0,131,0,122,16,0,138,310,0,310,448
04/22/2016,MDH,IL,AGL,CE,Federal Contract Tower,0,12,1,0,13,0,186,16,0,202,0,198,17,0,215,512,0,512,727
04/23/2016,MDH,IL,AGL,CE,Federal Contract Tower,2,0,7,0,9,0,29,10,0,39,2,29,17,0,48,114,0,114,162
04/24/2016,MDH,IL,AGL,CE,Federal Contract Tower,0,0,2,0,2,0,96,31,0,127,0,96,33,0,129,240,0,240,369
04/25/2016,MDH,IL,AGL,CE,Federal Contract Tower,0,1,3,0,4,0,144,12,0,156,0,145,15,0,160,378,0,378,538
04/26/2016,MDH,IL,AGL,CE,Federal Contract Tower,0,2,0,0,2,0,79,9,0,88,0,81,9,0,90,186,0,186,276
04/27/2016,MDH,IL,AGL,CE,Federal Contract Tower,0,2,2,0,4,0,145,15,0,160,0,147,17,0,164,432,0,432,596
04/28/2016,MDH,IL,AGL,CE,Federal Contract Tower,0,0,1,0,1,0,192,20,0,212,0,192,21,0,213,488,0,488,701
04/29/2016,MDH,IL,AGL,CE,Federal Contract Tower,0,2,2,0,4,0,133,6,0,139,0,135,8,0,143,482,0,482,625
04/30/2016,MDH,IL,AGL,CE,Federal Contract Tower,0,0,0,0,0,0,45,2,0,47,0,45,2,0,47,220,0,220,267
05/01/2016,MDH,IL,AGL,CE,Federal Contract Tower,0,2,2,0,4,0,69,14,0,83,0,71,16,0,87,228,0,228,315
05/02/2016,MDH,IL,AGL,CE,Federal Contract Tower,0,2,3,0,5,0,107,8,0,115,0,109,11,0,120,490,0,490,610
05/03/2016,MDH,IL,AGL,CE,Federal Contract Tower,0,2,1,0,3,0,115,14,0,129,0,117,15,0,132,342,0,342,474
05/04/2016,MDH,IL,AGL,CE,Federal Contract Tower,0,3,13,0,16,0,101,26,0,127,0,104,39,0,143,236,0,236,379
05/05/2016,MDH,IL,AGL,CE,Federal Contract Tower,0,5,5,0,10,0,113,23,0,136,0,118,28,0,146,258,0,258,404
05/06/2016,MDH,IL,AGL,CE,Federal Contract Tower,0,3,8,0,11,0,128,17,2,147,0,131,25,2,158,244,0,244,402
05/07/2016,MDH,IL,AGL,CE,Federal Contract Tower,0,5,0,0,5,0,41,16,0,57,0,46,16,0,62,70,0,70,132
05/08/2016,MDH,IL,AGL,CE,Federal Contract Tower,0,0,4,0,4,0,7,28,0,35,0,7,32,0,39,72,0,72,111
05/09/2016,MDH,IL,AGL,CE,Federal Contract Tower,0,0,6,0,6,0,55,7,0,62,0,55,13,0,68,180,0,180,248
05/10/2016,MDH,IL,AGL,CE,Federal Contract Tower,0,11,0,0,11,0,12,2,0,14,0,23,2,0,25,30,0,30,55
05/11/2016,MDH,IL,AGL,CE,Federal Contract Tower,0,4,1,0,5,0,36,18,0,54,0,40,19,0,59,88,0,88,147
05/12/2016,MDH,IL,AGL,CE,Federal Contract Tower,0,0,2,1,3,0,9,7,0,16,0,9,9,1,19,68,0,68,87
05/13/2016,MDH,IL,AGL,CE,Federal Contract Tower,0,8,3,0,11,0,115,13,0,128,0,123,16,0,139,330,0,330,469
05/14/2016,MDH,IL,AGL,CE,Federal Contract Tower,0,2,6,0,8,0,11,13,0,24,0,13,19,0,32,10,0,10,42
05/15/2016,MDH,IL,AGL,CE,Federal Contract Tower,0,1,2,0,3,0,22,16,0,38,0,23,18,0,41,28,0,28,69
05/16/2016,MDH,IL,AGL,CE,Federal Contract Tower,0,2,2,0,4,0,30,10,0,40,0,32,12,0,44,68,0,68,112
05/17/2016,MDH,IL,AGL,CE,Federal Contract Tower,0,2,2,0,4,0,0,0,0,0,0,2,2,0,4,0,0,0,4
05/18/2016,MDH,IL,AGL,CE,Federal Contract Tower,0,6,1,0,7,0,77,18,0,95,0,83,19,0,102,202,0,202,304
05/19/2016,MDH,IL,AGL,CE,Federal Contract Tower,0,3,6,1,10,0,77,22,1,100,0,80,28,2,110,228,0,228,338
05/20/2016,MDH,IL,AGL,CE,Federal Contract Tower,0,4,0,0,4,0,61,11,0,72,0,65,11,0,76,170,0,170,246
05/21/2016,MDH,IL,AGL,CE,Federal Contract Tower,0,2,2,0,4,0,32,23,0,55,0,34,25,0,59,66,0,66,125
05/22/2016,MDH,IL,AGL,CE,Federal Contract Tower,0,1,0,0,1,0,1,10,0,11,0,2,10,0,12,0,0,0,12
05/23/2016,MDH,IL,AGL,CE,Federal Contract Tower,0,0,0,0,0,0,68,18,0,86,0,68,18,0,86,140,0,140,226
05/24/2016,MDH,IL,AGL,CE,Federal Contract Tower,0,0,0,0,0,0,100,15,0,115,0,100,15,0,115,230,0,230,345
05/25/2016,MDH,IL,AGL,CE,Federal Contract Tower,0,1,2,0,3,0,21,2,0,23,0,22,4,0,26,54,0,54,80
05/26/2016,MDH,IL,AGL,CE,Federal Contract Tower,0,0,2,0,2,0,3,2,0,5,0,3,4,0,7,6,0,6,13
05/27/2016,MDH,IL,AGL,CE,Federal Contract Tower,0,6,1,0,7,0,10,10,0,20,0,16,11,0,27,48,0,48,75
05/28/2016,MDH,IL,AGL,CE,Federal Contract Tower,0,3,0,0,3,0,28,8,0,36,0,31,8,0,39,120,0,120,159
05/29/2016,MDH,IL,AGL,CE,Federal Contract Tower,0,1,0,0,1,0,0,14,0,14,0,1,14,0,15,30,0,30,45
05/30/2016,MDH,IL,AGL,CE,Federal Contract Tower,0,3,0,0,3,0,0,20,0,20,0,3,20,0,23,16,0,16,39
05/31/2016,MDH,IL,AGL,CE,Federal Contract Tower,0,2,0,0,2,0,93,11,0,104,0,95,11,0,106,234,0,234,340
06/01/2016,MDH,IL,AGL,CE,Federal Contract Tower,0,1,0,0,1,0,64,8,0,72,0,65,8,0,73,104,0,104,177
06/02/2016,MDH,IL,AGL,CE,Federal Contract Tower,0,2,0,0,2,0,60,4,0,64,0,62,4,0,66,112,0,112,178
06/03/2016,MDH,IL,AGL,CE,Federal Contract Tower,0,4,2,0,6,0,66,10,0,76,0,70,12,0,82,194,0,194,276
06/04/2016,MDH,IL,AGL,CE,Federal Contract Tower,0,0,1,0,1,0,0,2,0,2,0,0,3,0,3,6,0,6,9
06/05/2016,MDH,IL,AGL,CE,Federal Contract Tower,0,0,0,0,0,0,5,16,0,21,0,5,16,0,21,36,0,36,57
06/06/2016,MDH,IL,AGL,CE,Federal Contract Tower,0,5,0,0,5,0,89,19,0,108,0,94,19,0,113,144,0,144,257
06/07/2016,MDH,IL,AGL,CE,Federal Contract Tower,0,4,2,0,6,0,81,13,0,94,0,85,15,0,100,122,0,122,222
06/08/2016,MDH,IL,AGL,CE,Federal Contract Tower,0,6,0,0,6,0,81,19,0,100,0,87,19,0,106,172,0,172,278
06/09/2016,MDH,IL,AGL,CE,Federal Contract Tower,0,3,0,0,3,0,49,26,0,75,0,52,26,0,78,152,0,152,230
06/10/2016,MDH,IL,AGL,CE,Federal Contract Tower,0,4,1,0,5,0,80,24,0,104,0,84,25,0,109,128,0,128,237
06/11/2016,MDH,IL,AGL,CE,Federal Contract Tower,0,0,2,0,2,0,18,91,0,109,0,18,93,0,111,34,0,34,145
06/12/2016,MDH,IL,AGL,CE,Federal Contract Tower,0,0,0,0,0,0,3,16,0,19,0,3,16,0,19,0,0,0,19
06/13/2016,MDH,IL,AGL,CE,Federal Contract Tower,0,5,0,0,5,0,32,12,0,44,0,37,12,0,49,34,0,34,83
06/14/2016,MDH,IL,AGL,CE,Federal Contract Tower,0,3,3,0,6,0,56,32,0,88,0,59,35,0,94,128,0,128,222
06/15/2016,MDH,IL,AGL,CE,Federal Contract Tower,0,1,4,0,5,0,63,8,0,71,0,64,12,0,76,108,0,108,184
06/16/2016,MDH,IL,AGL,CE,Federal Contract Tower,0,2,0,0,2,0,77,10,0,87,0,79,10,0,89,120,0,120,209
06/17/2016,MDH,IL,AGL,CE,Federal Contract Tower,0,3,1,0,4,0,62,12,10,84,0,65,13,10,88,124,0,124,212
06/18/2016,MDH,IL,AGL,CE,Federal Contract Tower,0,2,1,0,3,0,14,19,0,33,0,16,20,0,36,66,0,66,102
06/19/2016,MDH,IL,AGL,CE,Federal Contract Tower,0,2,4,0,6,0,20,12,0,32,0,22,16,0,38,14,0,14,52
06/20/2016,MDH,IL,AGL,CE,Federal Contract Tower,0,3,0,0,3,0,57,15,0,72,0,60,15,0,75,90,0,90,165
06/21/2016,MDH,IL,AGL,CE,Federal Contract Tower,0,1,0,0,1,0,76,20,0,96,0,77,20,0,97,150,0,150,247
06/22/2016,MDH,IL,AGL,CE,Federal Contract Tower,0,4,3,0,7,0,68,19,0,87,0,72,22,0,94,158,0,158,252
06/23/2016,MDH,IL,AGL,CE,Federal Contract Tower,0,6,1,0,7,0,62,21,0,83,0,68,22,0,90,140,0,140,230
06/24/2016,MDH,IL,AGL,CE,Federal Contract Tower,0,6,3,0,9,0,71,17,0,88,0,77,20,0,97,106,0,106,203
06/25/2016,MDH,IL,AGL,CE,Federal Contract Tower,0,0,0,0,0,0,19,13,0,32,0,19,13,0,32,46,0,46,78
06/26/2016,MDH,IL,AGL,CE,Federal Contract Tower,0,2,2,0,4,0,0,11,0,11,0,2,13,0,15,0,0,0,15
06/27/2016,MDH,IL,AGL,CE,Federal Contract Tower,0,0,0,0,0,0,56,12,0,68,0,56,12,0,68,108,0,108,176
06/28/2016,MDH,IL,AGL,CE,Federal Contract Tower,0,5,0,0,5,0,79,18,0,97,0,84,18,0,102,146,0,146,248
06/29/2016,MDH,IL,AGL,CE,Federal Contract Tower,0,2,0,0,2,0,85,22,1,108,0,87,22,1,110,119,0,119,229
06/30/2016,MDH,IL,AGL,CE,Federal Contract Tower,0,2,3,0,5,0,59,20,0,79,0,61,23,0,84,154,0,154,238
07/01/2016,MDH,IL,AGL,CE,Federal Contract Tower,0,7,1,0,8,0,35,19,0,54,0,42,20,0,62,44,0,44,106
07/02/2016,MDH,IL,AGL,CE,Federal Contract Tower,0,1,5,0,6,0,8,0,0,8,0,9,5,0,14,0,0,0,14
07/03/2016,MDH,IL,AGL,CE,Federal Contract Tower,0,0,0,0,0,0,0,3,0,3,0,0,3,0,3,4,0,4,7
07/04/2016,MDH,IL,AGL,CE,Federal Contract Tower,0,0,0,0,0,0,0,0,0,0,0,0,0,0,0,0,0,0,0
07/05/2016,MDH,IL,AGL,CE,Federal Contract Tower,0,7,1,0,8,0,41,17,0,58,0,48,18,0,66,84,0,84,150
07/06/2016,MDH,IL,AGL,CE,Federal Contract Tower,0,0,1,0,1,0,12,7,0,19,0,12,8,0,20,22,0,22,42
07/07/2016,MDH,IL,AGL,CE,Federal Contract Tower,0,2,0,0,2,0,15,5,0,20,0,17,5,0,22,38,0,38,60
07/08/2016,MDH,IL,AGL,CE,Federal Contract Tower,0,3,1,0,4,0,57,24,0,81,0,60,25,0,85,86,0,86,171
07/09/2016,MDH,IL,AGL,CE,Federal Contract Tower,0,0,2,0,2,0,30,34,0,64,0,30,36,0,66,82,0,82,148
07/10/2016,MDH,IL,AGL,CE,Federal Contract Tower,0,2,1,0,3,0,0,21,0,21,0,2,22,0,24,14,0,14,38
07/11/2016,MDH,IL,AGL,CE,Federal Contract Tower,0,0,1,0,1,0,66,4,0,70,0,66,5,0,71,94,0,94,165
07/12/2016,MDH,IL,AGL,CE,Federal Contract Tower,0,6,1,0,7,0,24,7,0,31,0,30,8,0,38,56,0,56,94
07/14/2016,MDH,IL,AGL,CE,Federal Contract Tower,0,7,2,0,9,0,56,19,0,75,0,63,21,0,84,84,0,84,168
07/15/2016,MDH,IL,AGL,CE,Federal Contract Tower,0,1,5,0,6,0,48,29,0,77,0,49,34,0,83,72,0,72,155
07/16/2016,MDH,IL,AGL,CE,Federal Contract Tower,0,1,0,0,1,0,13,36,0,49,0,14,36,0,50,24,0,24,74
07/17/2016,MDH,IL,AGL,CE,Federal Contract Tower,0,0,2,0,2,0,0,24,0,24,0,0,26,0,26,10,0,10,36
07/18/2016,MDH,IL,AGL,CE,Federal Contract Tower,0,2,3,0,5,0,67,10,0,77,0,69,13,0,82,78,0,78,160
07/19/2016,MDH,IL,AGL,CE,Federal Contract Tower,0,4,0,0,4,0,53,7,0,60,0,57,7,0,64,90,0,90,154
07/20/2016,MDH,IL,AGL,CE,Federal Contract Tower,0,10,0,0,10,0,75,22,0,97,0,85,22,0,107,108,0,108,215
07/21/2016,MDH,IL,AGL,CE,Federal Contract Tower,0,2,2,0,4,0,48,16,0,64,0,50,18,0,68,82,0,82,150
07/22/2016,MDH,IL,AGL,CE,Federal Contract Tower,0,4,1,0,5,0,67,11,0,78,0,71,12,0,83,74,0,74,157
07/23/2016,MDH,IL,AGL,CE,Federal Contract Tower,0,1,0,0,1,0,8,12,0,20,0,9,12,0,21,28,0,28,49
07/24/2016,MDH,IL,AGL,CE,Federal Contract Tower,0,0,0,0,0,0,0,12,0,12,0,0,12,0,12,12,0,12,24
07/25/2016,MDH,IL,AGL,CE,Federal Contract Tower,0,1,1,0,2,0,40,14,0,54,0,41,15,0,56,110,0,110,166
07/26/2016,MDH,IL,AGL,CE,Federal Contract Tower,0,3,0,0,3,0,1,3,0,4,0,4,3,0,7,4,0,4,11
07/27/2016,MDH,IL,AGL,CE,Federal Contract Tower,0,3,5,0,8,0,34,17,0,51,0,37,22,0,59,154,0,154,213
07/28/2016,MDH,IL,AGL,CE,Federal Contract Tower,0,6,6,0,12,0,34,24,0,58,0,40,30,0,70,80,0,80,150
07/29/2016,MDH,IL,AGL,CE,Federal Contract Tower,0,6,0,0,6,0,22,19,0,41,0,28,19,0,47,60,0,60,107
07/30/2016,MDH,IL,AGL,CE,Federal Contract Tower,0,0,2,0,2,0,10,31,0,41,0,10,33,0,43,80,0,80,123
07/31/2016,MDH,IL,AGL,CE,Federal Contract Tower,0,0,1,0,1,0,6,31,0,37,0,6,32,0,38,36,0,36,74
08/01/2016,MDH,IL,AGL,CE,Federal Contract Tower,0,8,2,0,10,0,20,23,3,46,0,28,25,3,56,68,0,68,124
08/02/2016,MDH,IL,AGL,CE,Federal Contract Tower,0,8,3,0,11,0,25,15,0,40,0,33,18,0,51,28,0,28,79
08/03/2016,MDH,IL,AGL,CE,Federal Contract Tower,0,3,2,0,5,0,36,12,0,48,0,39,14,0,53,52,0,52,105
08/04/2016,MDH,IL,AGL,CE,Federal Contract Tower,0,4,1,0,5,0,68,21,0,89,0,72,22,0,94,108,0,108,202
08/05/2016,MDH,IL,AGL,CE,Federal Contract Tower,0,6,2,0,8,0,34,10,0,44,0,40,12,0,52,44,0,44,96
08/06/2016,MDH,IL,AGL,CE,Federal Contract Tower,0,0,2,0,2,0,4,17,0,21,0,4,19,0,23,38,0,38,61
08/07/2016,MDH,IL,AGL,CE,Federal Contract Tower,0,0,3,0,3,0,0,11,0,11,0,0,14,0,14,0,0,0,14
08/08/2016,MDH,IL,AGL,CE,Federal Contract Tower,0,3,0,0,3,0,8,25,0,33,0,11,25,0,36,12,0,12,48
08/09/2016,MDH,IL,AGL,CE,Federal Contract Tower,0,2,3,0,5,0,6,19,1,26,0,8,22,1,31,8,0,8,39
08/10/2016,MDH,IL,AGL,CE,Federal Contract Tower,0,0,4,0,4,0,1,9,0,10,0,1,13,0,14,16,0,16,30
08/11/2016,MDH,IL,AGL,CE,Federal Contract Tower,0,2,0,0,2,0,5,16,0,21,0,7,16,0,23,12,0,12,35
08/12/2016,MDH,IL,AGL,CE,Federal Contract Tower,0,0,1,0,1,0,7,9,0,16,0,7,10,0,17,24,0,24,41
08/13/2016,MDH,IL,AGL,CE,Federal Contract Tower,0,0,2,0,2,0,0,2,0,2,0,0,4,0,4,14,0,14,18
08/14/2016,MDH,IL,AGL,CE,Federal Contract Tower,0,0,0,0,0,0,0,3,0,3,0,0,3,0,3,8,0,8,11
08/16/2016,MDH,IL,AGL,CE,Federal Contract Tower,0,2,4,0,6,0,0,5,0,5,0,2,9,0,11,2,0,2,13
08/17/2016,MDH,IL,AGL,CE,Federal Contract Tower,0,2,0,0,2,0,3,8,2,13,0,5,8,2,15,34,0,34,49
08/18/2016,MDH,IL,AGL,CE,Federal Contract Tower,0,3,4,0,7,0,39,17,0,56,0,42,21,0,63,126,0,126,189
08/19/2016,MDH,IL,AGL,CE,Federal Contract Tower,0,0,3,0,3,0,18,3,0,21,0,18,6,0,24,42,0,42,66
08/20/2016,MDH,IL,AGL,CE,Federal Contract Tower,0,0,0,0,0,0,0,8,0,8,0,0,8,0,8,8,0,8,16
08/22/2016,MDH,IL,AGL,CE,Federal Contract Tower,0,1,0,0,1,0,17,23,0,40,0,18,23,0,41,14,0,14,55
08/23/2016,MDH,IL,AGL,CE,Federal Contract Tower,0,2,0,0,2,0,56,18,2,76,0,58,18,2,78,160,0,160,238
08/24/2016,MDH,IL,AGL,CE,Federal Contract Tower,0,0,0,0,0,0,64,5,0,69,0,64,5,0,69,104,0,104,173
08/25/2016,MDH,IL,AGL,CE,Federal Contract Tower,0,1,0,0,1,0,104,20,0,124,0,105,20,0,125,166,0,166,291
08/26/2016,MDH,IL,AGL,CE,Federal Contract Tower,0,0,3,0,3,0,31,17,0,48,0,31,20,0,51,50,0,50,101
08/27/2016,MDH,IL,AGL,CE,Federal Contract Tower,0,3,1,0,4,0,26,10,0,36,0,29,11,0,40,42,0,42,82
08/28/2016,MDH,IL,AGL,CE,Federal Contract Tower,0,3,2,0,5,0,28,43,0,71,0,31,45,0,76,54,0,54,130
08/29/2016,MDH,IL,AGL,CE,Federal Contract Tower,0,2,0,0,2,0,166,20,0,186,0,168,20,0,188,268,0,268,456
08/30/2016,MDH,IL,AGL,CE,Federal Contract Tower,0,4,2,0,6,0,110,10,0,120,0,114,12,0,126,144,0,144,270
08/31/2016,MDH,IL,AGL,CE,Federal Contract Tower,0,0,0,0,0,0,45,3,0,48,0,45,3,0,48,74,0,74,122
09/01/2016,MDH,IL,AGL,CE,Federal Contract Tower,0,7,4,0,11,0,121,19,0,140,0,128,23,0,151,196,0,196,347
09/02/2016,MDH,IL,AGL,CE,Federal Contract Tower,0,4,2,0,6,0,119,26,0,145,0,123,28,0,151,196,0,196,347
09/03/2016,MDH,IL,AGL,CE,Federal Contract Tower,0,2,1,0,3,0,36,19,0,55,0,38,20,0,58,124,0,124,182
09/04/2016,MDH,IL,AGL,CE,Federal Contract Tower,0,2,3,0,5,0,2,23,0,25,0,4,26,0,30,28,0,28,58
09/05/2016,MDH,IL,AGL,CE,Federal Contract Tower,0,2,6,0,8,0,0,36,0,36,0,2,42,0,44,40,0,40,84
09/06/2016,MDH,IL,AGL,CE,Federal Contract Tower,0,5,1,0,6,0,102,2,0,104,0,107,3,0,110,140,0,140,250
09/07/2016,MDH,IL,AGL,CE,Federal Contract Tower,0,4,2,0,6,0,161,6,0,167,0,165,8,0,173,326,0,326,499
09/08/2016,MDH,IL,AGL,CE,Federal Contract Tower,0,2,0,0,2,0,65,8,0,73,0,67,8,0,75,80,0,80,155
09/09/2016,MDH,IL,AGL,CE,Federal Contract Tower,0,8,0,0,8,0,41,9,2,52,0,49,9,2,60,88,6,94,154
09/10/2016,MDH,IL,AGL,CE,Federal Contract Tower,0,6,3,0,9,0,8,15,0,23,0,14,18,0,32,30,0,30,62
09/11/2016,MDH,IL,AGL,CE,Federal Contract Tower,0,6,5,0,11,0,39,20,0,59,0,45,25,0,70,92,0,92,162
09/12/2016,MDH,IL,AGL,CE,Federal Contract Tower,0,5,1,0,6,0,203,20,0,223,0,208,21,0,229,480,0,480,709
09/13/2016,MDH,IL,AGL,CE,Federal Contract Tower,0,6,0,0,6,0,172,18,0,190,0,178,18,0,196,390,0,390,586
09/14/2016,MDH,IL,AGL,CE,Federal Contract Tower,0,0,1,0,1,0,133,18,0,151,0,133,19,0,152,342,0,342,494
09/15/2016,MDH,IL,AGL,CE,Federal Contract Tower,0,5,2,0,7,0,154,9,0,163,0,159,11,0,170,526,0,526,696
09/16/2016,MDH,IL,AGL,CE,Federal Contract Tower,0,1,2,0,3,0,51,11,0,62,0,52,13,0,65,76,0,76,141
09/17/2016,MDH,IL,AGL,CE,Federal Contract Tower,0,3,1,0,4,0,3,14,0,17,0,6,15,0,21,24,0,24,45
09/18/2016,MDH,IL,AGL,CE,Federal Contract Tower,0,0,6,0,6,0,41,16,0,57,0,41,22,0,63,86,0,86,149
09/19/2016,MDH,IL,AGL,CE,Federal Contract Tower,0,2,1,0,3,0,210,24,0,234,0,212,25,0,237,524,0,524,761
09/20/2016,MDH,IL,AGL,CE,Federal Contract Tower,0,5,0,0,5,0,157,9,0,166,0,162,9,0,171,328,0,328,499
09/21/2016,MDH,IL,AGL,CE,Federal Contract Tower,0,7,0,0,7,0,191,16,0,207,0,198,16,0,214,452,0,452,666
09/22/2016,MDH,IL,AGL,CE,Federal Contract Tower,0,5,0,0,5,0,222,26,0,248,0,227,26,0,253,712,0,712,965
09/23/2016,MDH,IL,AGL,CE,Federal Contract Tower,0,8,5,0,13,0,153,12,0,165,0,161,17,0,178,316,0,316,494
09/24/2016,MDH,IL,AGL,CE,Federal Contract Tower,0,0,3,0,3,0,171,20,0,191,0,171,23,0,194,322,0,322,516
09/25/2016,MDH,IL,AGL,CE,Federal Contract Tower,0,2,4,0,6,0,106,18,0,124,0,108,22,0,130,436,0,436,566
09/26/2016,MDH,IL,AGL,CE,Federal Contract Tower,0,0,0,0,0,0,159,22,0,181,0,159,22,0,181,456,0,456,637
09/27/2016,MDH,IL,AGL,CE,Federal Contract Tower,0,3,3,0,6,0,85,12,0,97,0,88,15,0,103,166,0,166,269
09/28/2016,MDH,IL,AGL,CE,Federal Contract Tower,0,2,5,0,7,0,179,27,0,206,0,181,32,0,213,428,0,428,641
09/29/2016,MDH,IL,AGL,CE,Federal Contract Tower,0,10,0,0,10,0,57,5,0,62,0,67,5,0,72,310,0,310,382
09/30/2016,MDH,IL,AGL,CE,Federal Contract Tower,0,14,4,0,18,0,24,4,0,28,0,38,8,0,46,46,0,46,92
10/01/2016,MDH,IL,AGL,CE,Federal Contract Tower,0,1,0,0,1,0,97,2,0,99,0,98,2,0,100,436,0,436,536
10/02/2016,MDH,IL,AGL,CE,Federal Contract Tower,0,6,2,0,8,0,136,8,0,144,0,142,10,0,152,258,0,258,410
10/03/2016,MDH,IL,AGL,CE,Federal Contract Tower,0,4,5,0,9,0,137,12,0,149,0,141,17,0,158,324,0,324,482
10/04/2016,MDH,IL,AGL,CE,Federal Contract Tower,0,5,1,0,6,0,157,27,0,184,0,162,28,0,190,402,0,402,592
10/05/2016,MDH,IL,AGL,CE,Federal Contract Tower,0,0,3,0,3,0,239,15,0,254,0,239,18,0,257,486,0,486,743
10/06/2016,MDH,IL,AGL,CE,Federal Contract Tower,0,5,0,0,5,0,169,22,0,191,0,174,22,0,196,402,0,402,598
10/07/2016,MDH,IL,AGL,CE,Federal Contract Tower,1,0,3,0,4,0,159,16,0,175,1,159,19,0,179,308,0,308,487
10/08/2016,MDH,IL,AGL,CE,Federal Contract Tower,0,3,1,0,4,0,29,14,0,43,0,32,15,0,47,38,0,38,85
10/09/2016,MDH,IL,AGL,CE,Federal Contract Tower,0,0,1,0,1,0,96,29,0,125,0,96,30,0,126,296,0,296,422
10/10/2016,MDH,IL,AGL,CE,Federal Contract Tower,0,3,2,0,5,0,114,35,0,149,0,117,37,0,154,346,0,346,500
10/11/2016,MDH,IL,AGL,CE,Federal Contract Tower,0,1,0,0,1,0,114,32,0,146,0,115,32,0,147,228,0,228,375
10/12/2016,MDH,IL,AGL,CE,Federal Contract Tower,0,1,0,0,1,0,153,12,0,165,0,154,12,0,166,420,0,420,586
10/13/2016,MDH,IL,AGL,CE,Federal Contract Tower,0,5,0,0,5,0,94,14,0,108,0,99,14,0,113,364,0,364,477
10/14/2016,MDH,IL,AGL,CE,Federal Contract Tower,0,8,1,0,9,0,60,9,0,69,0,68,10,0,78,176,0,176,254
10/15/2016,MDH,IL,AGL,CE,Federal Contract Tower,0,4,1,0,5,0,96,9,0,105,0,100,10,0,110,334,0,334,444
10/16/2016,MDH,IL,AGL,CE,Federal Contract Tower,0,4,0,0,4,0,83,8,0,91,0,87,8,0,95,190,0,190,285
10/17/2016,MDH,IL,AGL,CE,Federal Contract Tower,0,1,2,0,3,0,85,5,0,90,0,86,7,0,93,118,0,118,211
10/18/2016,MDH,IL,AGL,CE,Federal Contract Tower,0,0,1,0,1,0,125,11,0,136,0,125,12,0,137,330,0,330,467
10/19/2016,MDH,IL,AGL,CE,Federal Contract Tower,0,0,1,0,1,0,86,11,0,97,0,86,12,0,98,260,0,260,358
10/20/2016,MDH,IL,AGL,CE,Federal Contract Tower,0,14,0,0,14,0,54,1,0,55,0,68,1,0,69,94,0,94,163
10/21/2016,MDH,IL,AGL,CE,Federal Contract Tower,0,2,2,0,4,0,210,27,0,237,0,212,29,0,241,494,0,494,735
10/22/2016,MDH,IL,AGL,CE,Federal Contract Tower,0,4,5,0,9,0,137,12,0,149,0,141,17,0,158,362,0,362,520
10/23/2016,MDH,IL,AGL,CE,Federal Contract Tower,0,4,5,0,9,0,40,11,0,51,0,44,16,0,60,22,0,22,82
10/24/2016,MDH,IL,AGL,CE,Federal Contract Tower,0,9,0,0,9,0,134,10,0,144,0,143,10,0,153,438,0,438,591
10/25/2016,MDH,IL,AGL,CE,Federal Contract Tower,0,1,1,0,2,0,142,22,2,166,0,143,23,2,168,374,0,374,542
10/26/2016,MDH,IL,AGL,CE,Federal Contract Tower,0,5,2,0,7,0,75,15,0,90,0,80,17,0,97,186,0,186,283
10/27/2016,MDH,IL,AGL,CE,Federal Contract Tower,0,7,3,0,10,0,39,4,0,43,0,46,7,0,53,154,0,154,207
10/28/2016,MDH,IL,AGL,CE,Federal Contract Tower,0,2,4,0,6,0,95,17,0,112,0,97,21,0,118,248,0,248,366
10/29/2016,MDH,IL,AGL,CE,Federal Contract Tower,0,2,2,0,4,0,22,8,0,30,0,24,10,0,34,48,0,48,82
10/30/2016,MDH,IL,AGL,CE,Federal Contract Tower,0,5,1,0,6,0,75,18,0,93,0,80,19,0,99,156,0,156,255
10/31/2016,MDH,IL,AGL,CE,Federal Contract Tower,0,3,4,0,7,0,138,24,4,166,0,141,28,4,173,370,0,370,543
11/01/2016,MDH,IL,AGL,CE,Federal Contract Tower,0,3,3,0,6,0,85,10,0,95,0,88,13,0,101,184,0,184,285
11/02/2016,MDH,IL,AGL,CE,Federal Contract Tower,0,10,1,0,11,0,112,14,0,126,0,122,15,0,137,250,0,250,387
11/03/2016,MDH,IL,AGL,CE,Federal Contract Tower,0,6,3,0,9,0,50,15,0,65,0,56,18,0,74,172,0,172,246
11/04/2016,MDH,IL,AGL,CE,Federal Contract Tower,0,5,0,0,5,0,83,12,0,95,0,88,12,0,100,150,0,150,250
11/05/2016,MDH,IL,AGL,CE,Federal Contract Tower,0,1,4,0,5,0,64,34,0,98,0,65,38,0,103,150,0,150,253
11/06/2016,MDH,IL,AGL,CE,Federal Contract Tower,0,3,0,0,3,0,58,33,0,91,0,61,33,0,94,134,0,134,228
11/07/2016,MDH,IL,AGL,CE,Federal Contract Tower,0,3,1,0,4,0,142,6,0,148,0,145,7,0,152,310,0,310,462
11/08/2016,MDH,IL,AGL,CE,Federal Contract Tower,0,0,0,0,0,0,117,15,0,132,0,117,15,0,132,244,0,244,376
11/09/2016,MDH,IL,AGL,CE,Federal Contract Tower,0,4,2,0,6,0,104,17,0,121,0,108,19,0,127,142,0,142,269
11/10/2016,MDH,IL,AGL,CE,Federal Contract Tower,0,4,3,0,7,0,134,16,0,150,0,138,19,0,157,262,0,262,419
11/11/2016,MDH,IL,AGL,CE,Federal Contract Tower,0,0,1,0,1,0,7,0,0,7,0,7,1,0,8,0,0,0,8
11/12/2016,MDH,IL,AGL,CE,Federal Contract Tower,0,2,2,0,4,0,29,21,0,50,0,31,23,0,54,26,0,26,80
11/13/2016,MDH,IL,AGL,CE,Federal Contract Tower,0,2,3,0,5,0,37,24,0,61,0,39,27,0,66,78,0,78,144
11/14/2016,MDH,IL,AGL,CE,Federal Contract Tower,0,1,0,0,1,0,119,12,0,131,0,120,12,0,132,266,0,266,398
11/15/2016,MDH,IL,AGL,CE,Federal Contract Tower,0,2,0,0,2,0,125,10,0,135,0,127,10,0,137,180,0,180,317
11/16/2016,MDH,IL,AGL,CE,Federal Contract Tower,0,5,0,0,5,0,99,3,0,102,0,104,3,0,107,214,0,214,321
11/17/2016,MDH,IL,AGL,CE,Federal Contract Tower,0,2,0,0,2,0,70,14,0,84,0,72,14,0,86,150,0,150,236
11/18/2016,MDH,IL,AGL,CE,Federal Contract Tower,0,0,1,0,1,0,4,1,0,5,0,4,2,0,6,0,0,0,6
11/19/2016,MDH,IL,AGL,CE,Federal Contract Tower,0,0,1,0,1,0,28,5,0,33,0,28,6,0,34,28,0,28,62
11/20/2016,MDH,IL,AGL,CE,Federal Contract Tower,0,0,2,0,2,0,92,11,0,103,0,92,13,0,105,102,0,102,207
11/21/2016,MDH,IL,AGL,CE,Federal Contract Tower,0,3,3,0,6,0,131,7,0,138,0,134,10,0,144,356,0,356,500
11/22/2016,MDH,IL,AGL,CE,Federal Contract Tower,0,1,5,0,6,0,78,4,0,82,0,79,9,0,88,126,0,126,214
11/23/2016,MDH,IL,AGL,CE,Federal Contract Tower,0,5,10,0,15,0,0,0,0,0,0,5,10,0,15,0,0,0,15
11/24/2016,MDH,IL,AGL,CE,Federal Contract Tower,0,1,1,0,2,0,0,1,0,1,0,1,2,0,3,0,0,0,3
11/25/2016,MDH,IL,AGL,CE,Federal Contract Tower,0,2,5,0,7,0,0,2,0,2,0,2,7,0,9,6,0,6,15
11/26/2016,MDH,IL,AGL,CE,Federal Contract Tower,0,0,4,0,4,0,15,0,0,15,0,15,4,0,19,10,0,10,29
11/27/2016,MDH,IL,AGL,CE,Federal Contract Tower,0,4,5,0,9,0,0,4,0,4,0,4,9,0,13,0,0,0,13
11/28/2016,MDH,IL,AGL,CE,Federal Contract Tower,0,0,0,0,0,0,0,0,0,0,0,0,0,0,0,0,0,0,0
11/29/2016,MDH,IL,AGL,CE,Federal Contract Tower,0,6,0,0,6,0,120,8,0,128,0,126,8,0,134,356,0,356,490
11/30/2016,MDH,IL,AGL,CE,Federal Contract Tower,0,4,0,0,4,0,109,6,0,115,0,113,6,0,119,192,0,192,311
12/01/2016,MDH,IL,AGL,CE,Federal Contract Tower,0,5,0,0,5,0,146,12,0,158,0,151,12,0,163,282,0,282,445
12/02/2016,MDH,IL,AGL,CE,Federal Contract Tower,0,0,0,0,0,0,150,22,0,172,0,150,22,0,172,384,0,384,556
12/03/2016,MDH,IL,AGL,CE,Federal Contract Tower,0,4,0,0,4,0,46,13,0,59,0,50,13,0,63,102,0,102,165
12/04/2016,MDH,IL,AGL,CE,Federal Contract Tower,0,0,0,0,0,0,0,0,0,0,0,0,0,0,0,0,0,0,0
12/05/2016,MDH,IL,AGL,CE,Federal Contract Tower,0,0,1,0,1,0,87,4,0,91,0,87,5,0,92,292,0,292,384
12/06/2016,MDH,IL,AGL,CE,Federal Contract Tower,0,2,0,0,2,0,14,0,0,14,0,16,0,0,16,50,0,50,66
12/07/2016,MDH,IL,AGL,CE,Federal Contract Tower,0,2,2,0,4,0,130,11,0,141,0,132,13,0,145,218,0,218,363
12/08/2016,MDH,IL,AGL,CE,Federal Contract Tower,0,7,3,0,10,0,101,8,0,109,0,108,11,0,119,290,0,290,409
12/09/2016,MDH,IL,AGL,CE,Federal Contract Tower,0,3,0,0,3,0,104,12,0,116,0,107,12,0,119,212,0,212,331
12/10/2016,MDH,IL,AGL,CE,Federal Contract Tower,0,4,3,0,7,0,25,15,0,40,0,29,18,0,47,92,0,92,139
12/11/2016,MDH,IL,AGL,CE,Federal Contract Tower,0,2,2,0,4,0,0,4,0,4,0,2,6,0,8,12,0,12,20
12/12/2016,MDH,IL,AGL,CE,Federal Contract Tower,0,3,0,0,3,0,20,2,0,22,0,23,2,0,25,34,0,34,59
12/13/2016,MDH,IL,AGL,CE,Federal Contract Tower,0,1,0,0,1,0,15,3,0,18,0,16,3,0,19,44,0,44,63
12/14/2016,MDH,IL,AGL,CE,Federal Contract Tower,0,5,4,0,9,0,87,14,4,105,0,92,18,4,114,228,0,228,342
12/15/2016,MDH,IL,AGL,CE,Federal Contract Tower,0,1,6,0,7,0,80,12,0,92,0,81,18,0,99,164,0,164,263
12/16/2016,MDH,IL,AGL,CE,Federal Contract Tower,0,0,2,0,2,0,34,1,0,35,0,34,3,0,37,52,0,52,89
12/17/2016,MDH,IL,AGL,CE,Federal Contract Tower,0,2,0,0,2,0,0,0,0,0,0,2,0,0,2,0,0,0,2
12/18/2016,MDH,IL,AGL,CE,Federal Contract Tower,0,1,2,0,3,0,0,4,0,4,0,1,6,0,7,0,0,0,7
12/19/2016,MDH,IL,AGL,CE,Federal Contract Tower,0,0,0,0,0,0,16,2,0,18,0,16,2,0,18,22,0,22,40
12/20/2016,MDH,IL,AGL,CE,Federal Contract Tower,0,1,2,0,3,0,12,16,0,28,0,13,18,0,31,10,0,10,41
12/21/2016,MDH,IL,AGL,CE,Federal Contract Tower,0,1,1,0,2,0,10,16,0,26,0,11,17,0,28,24,0,24,52
12/22/2016,MDH,IL,AGL,CE,Federal Contract Tower,0,0,2,0,2,0,6,10,0,16,0,6,12,0,18,16,0,16,34
12/23/2016,MDH,IL,AGL,CE,Federal Contract Tower,0,0,2,0,2,0,11,14,0,25,0,11,16,0,27,32,0,32,59
12/24/2016,MDH,IL,AGL,CE,Federal Contract Tower,0,0,2,0,2,0,0,4,0,4,0,0,6,0,6,0,0,0,6
12/25/2016,MDH,IL,AGL,CE,Federal Contract Tower,0,2,0,0,2,0,0,0,0,0,0,2,0,0,2,0,0,0,2
12/26/2016,MDH,IL,AGL,CE,Federal Contract Tower,0,0,3,0,3,0,0,0,0,0,0,0,3,0,3,0,0,0,3
12/27/2016,MDH,IL,AGL,CE,Federal Contract Tower,0,1,2,0,3,0,0,4,0,4,0,1,6,0,7,0,0,0,7
12/28/2016,MDH,IL,AGL,CE,Federal Contract Tower,0,0,2,0,2,0,0,0,0,0,0,0,2,0,2,0,0,0,2
12/29/2016,MDH,IL,AGL,CE,Federal Contract Tower,0,2,0,0,2,0,0,2,0,2,0,2,2,0,4,2,0,2,6
12/30/2016,MDH,IL,AGL,CE,Federal Contract Tower,0,0,1,0,1,0,0,19,0,19,0,0,20,0,20,24,0,24,44
12/31/2016,MDH,IL,AGL,CE,Federal Contract Tower,0,0,0,0,0,0,0,0,0,0,0,0,0,0,0,0,0,0,0
01/01/2017,MDH,IL,AGL,CE,Federal Contract Tower,0,0,2,0,2,0,0,1,0,1,0,0,3,0,3,0,0,0,3
01/02/2017,MDH,IL,AGL,CE,Federal Contract Tower,0,0,0,0,0,0,0,0,0,0,0,0,0,0,0,0,0,0,0
01/03/2017,MDH,IL,AGL,CE,Federal Contract Tower,0,1,2,0,3,0,0,0,0,0,0,1,2,0,3,0,0,0,3
01/04/2017,MDH,IL,AGL,CE,Federal Contract Tower,0,0,0,0,0,0,16,10,0,26,0,16,10,0,26,28,0,28,54
01/05/2017,MDH,IL,AGL,CE,Federal Contract Tower,0,0,0,0,0,0,0,0,0,0,0,0,0,0,0,0,0,0,0
01/06/2017,MDH,IL,AGL,CE,Federal Contract Tower,0,0,2,0,2,0,2,8,0,10,0,2,10,0,12,6,0,6,18
01/07/2017,MDH,IL,AGL,CE,Federal Contract Tower,0,0,2,0,2,0,3,13,1,17,0,3,15,1,19,10,0,10,29
01/08/2017,MDH,IL,AGL,CE,Federal Contract Tower,0,2,2,0,4,0,5,14,0,19,0,7,16,0,23,4,0,4,27
01/09/2017,MDH,IL,AGL,CE,Federal Contract Tower,0,0,2,0,2,0,6,2,0,8,0,6,4,0,10,0,0,0,10
01/10/2017,MDH,IL,AGL,CE,Federal Contract Tower,0,0,2,0,2,0,0,2,0,2,0,0,4,0,4,0,0,0,4
01/11/2017,MDH,IL,AGL,CE,Federal Contract Tower,0,0,2,0,2,0,0,0,0,0,0,0,2,0,2,0,0,0,2
01/12/2017,MDH,IL,AGL,CE,Federal Contract Tower,0,0,2,0,2,0,0,0,0,0,0,0,2,0,2,0,0,0,2
01/13/2017,MDH,IL,AGL,CE,Federal Contract Tower,0,0,0,0,0,0,0,0,0,0,0,0,0,0,0,0,0,0,0
01/14/2017,MDH,IL,AGL,CE,Federal Contract Tower,0,0,0,0,0,0,0,0,0,0,0,0,0,0,0,0,0,0,0
01/15/2017,MDH,IL,AGL,CE,Federal Contract Tower,0,0,0,0,0,0,0,0,0,0,0,0,0,0,0,0,0,0,0
01/16/2017,MDH,IL,AGL,CE,Federal Contract Tower,0,2,0,0,2,0,0,2,0,2,0,2,2,0,4,10,0,10,14
01/17/2017,MDH,IL,AGL,CE,Federal Contract Tower,0,0,0,0,0,0,8,2,0,10,0,8,2,0,10,20,0,20,30
01/18/2017,MDH,IL,AGL,CE,Federal Contract Tower,0,0,1,0,1,0,27,6,0,33,0,27,7,0,34,100,0,100,134
01/19/2017,MDH,IL,AGL,CE,Federal Contract Tower,0,0,4,0,4,0,2,0,0,2,0,2,4,0,6,0,0,0,6
01/20/2017,MDH,IL,AGL,CE,Federal Contract Tower,0,11,3,0,14,0,19,7,0,26,0,30,10,0,40,26,0,26,66
01/21/2017,MDH,IL,AGL,CE,Federal Contract Tower,0,1,0,0,1,0,29,10,0,39,0,30,10,0,40,70,0,70,110
01/22/2017,MDH,IL,AGL,CE,Federal Contract Tower,0,1,0,0,1,0,3,11,0,14,0,4,11,0,15,10,0,10,25
01/24/2017,MDH,IL,AGL,CE,Federal Contract Tower,0,2,5,0,7,0,131,20,0,151,0,133,25,0,158,250,0,250,408
01/25/2017,MDH,IL,AGL,CE,Federal Contract Tower,0,1,2,0,3,0,126,8,0,134,0,127,10,0,137,218,0,218,355
01/26/2017,MDH,IL,AGL,CE,Federal Contract Tower,0,3,1,0,4,0,92,12,0,104,0,95,13,0,108,264,0,264,372
01/27/2017,MDH,IL,AGL,CE,Federal Contract Tower,0,4,0,0,4,0,119,6,0,125,0,123,6,0,129,130,0,130,259
01/28/2017,MDH,IL,AGL,CE,Federal Contract Tower,0,1,2,0,3,0,28,16,0,44,0,29,18,0,47,72,0,72,119
01/29/2017,MDH,IL,AGL,CE,Federal Contract Tower,0,0,0,0,0,0,2,8,0,10,0,2,8,0,10,20,0,20,30
01/30/2017,MDH,IL,AGL,CE,Federal Contract Tower,0,1,1,0,2,0,155,10,0,165,0,156,11,0,167,272,0,272,439
01/31/2017,MDH,IL,AGL,CE,Federal Contract Tower,0,2,1,0,3,0,130,9,0,139,0,132,10,0,142,308,0,308,450
02/01/2017,MDH,IL,AGL,CE,Federal Contract Tower,0,2,0,0,2,0,99,17,0,116,0,101,17,0,118,280,0,280,398
02/02/2017,MDH,IL,AGL,CE,Federal Contract Tower,0,6,0,0,6,0,128,10,0,138,0,134,10,0,144,276,0,276,420
02/03/2017,MDH,IL,AGL,CE,Federal Contract Tower,0,6,2,0,8,0,98,23,0,121,0,104,25,0,129,192,0,192,321
02/04/2017,MDH,IL,AGL,CE,Federal Contract Tower,0,0,1,0,1,0,54,13,0,67,0,54,14,0,68,56,0,56,124
02/05/2017,MDH,IL,AGL,CE,Federal Contract Tower,0,1,3,0,4,0,37,25,0,62,0,38,28,0,66,64,0,64,130
02/06/2017,MDH,IL,AGL,CE,Federal Contract Tower,0,9,2,0,11,0,0,0,0,0,0,9,2,0,11,0,0,0,11
02/07/2017,MDH,IL,AGL,CE,Federal Contract Tower,0,0,2,0,2,0,18,5,0,23,0,18,7,0,25,32,0,32,57
02/08/2017,MDH,IL,AGL,CE,Federal Contract Tower,0,3,0,0,3,0,85,3,0,88,0,88,3,0,91,306,0,306,397
02/09/2017,MDH,IL,AGL,CE,Federal Contract Tower,0,0,4,0,4,0,173,12,0,185,0,173,16,0,189,464,0,464,653
02/10/2017,MDH,IL,AGL,CE,Federal Contract Tower,0,4,2,0,6,0,36,5,6,47,0,40,7,6,53,6,0,6,59
02/11/2017,MDH,IL,AGL,CE,Federal Contract Tower,0,5,0,0,5,0,1,4,0,5,0,6,4,0,10,4,0,4,14
02/12/2017,MDH,IL,AGL,CE,Federal Contract Tower,0,0,1,0,1,0,24,5,0,29,0,24,6,0,30,14,0,14,44
02/13/2017,MDH,IL,AGL,CE,Federal Contract Tower,0,2,6,0,8,0,162,21,0,183,0,164,27,0,191,448,0,448,639
02/14/2017,MDH,IL,AGL,CE,Federal Contract Tower,0,0,0,0,0,0,131,17,0,148,0,131,17,0,148,264,0,264,412
02/15/2017,MDH,IL,AGL,CE,Federal Contract Tower,0,1,1,0,2,0,118,11,0,129,0,119,12,0,131,144,0,144,275
02/16/2017,MDH,IL,AGL,CE,Federal Contract Tower,0,4,1,0,5,0,168,28,0,196,0,172,29,0,201,400,0,400,601
02/17/2017,MDH,IL,AGL,CE,Federal Contract Tower,0,4,2,0,6,0,116,24,0,140,0,120,26,0,146,246,0,246,392
02/18/2017,MDH,IL,AGL,CE,Federal Contract Tower,0,3,1,0,4,0,20,8,0,28,0,23,9,0,32,26,0,26,58
02/19/2017,MDH,IL,AGL,CE,Federal Contract Tower,0,0,1,0,1,0,14,14,0,28,0,14,15,0,29,24,0,24,53
02/20/2017,MDH,IL,AGL,CE,Federal Contract Tower,0,0,1,0,1,0,120,13,0,133,0,120,14,0,134,288,0,288,422
02/21/2017,MDH,IL,AGL,CE,Federal Contract Tower,0,3,1,0,4,0,75,18,4,97,0,78,19,4,101,112,0,112,213
02/22/2017,MDH,IL,AGL,CE,Federal Contract Tower,0,3,3,0,6,0,79,20,0,99,0,82,23,0,105,88,0,88,193
02/23/2017,MDH,IL,AGL,CE,Federal Contract Tower,0,13,1,0,14,0,69,11,0,80,0,82,12,0,94,250,0,250,344
02/24/2017,MDH,IL,AGL,CE,Federal Contract Tower,0,4,1,0,5,0,22,5,1,28,0,26,6,1,33,70,0,70,103
02/25/2017,MDH,IL,AGL,CE,Federal Contract Tower,0,2,0,0,2,0,37,13,0,50,0,39,13,0,52,14,0,14,66
02/26/2017,MDH,IL,AGL,CE,Federal Contract Tower,0,1,1,0,2,0,58,17,0,75,0,59,18,0,77,84,0,84,161
02/27/2017,MDH,IL,AGL,CE,Federal Contract Tower,0,2,0,0,2,0,177,12,0,189,0,179,12,0,191,420,0,420,611
02/28/2017,MDH,IL,AGL,CE,Federal Contract Tower,0,4,0,0,4,0,0,0,0,0,0,4,0,0,4,0,0,0,4
03/01/2017,MDH,IL,AGL,CE,Federal Contract Tower,0,2,0,0,2,0,0,0,0,0,0,2,0,0,2,0,0,0,2
03/02/2017,MDH,IL,AGL,CE,Federal Contract Tower,0,4,1,0,5,0,181,27,0,208,0,185,28,0,213,356,0,356,569
03/03/2017,MDH,IL,AGL,CE,Federal Contract Tower,0,0,1,0,1,0,140,7,0,147,0,140,8,0,148,298,0,298,446
03/04/2017,MDH,IL,AGL,CE,Federal Contract Tower,0,2,0,0,2,0,44,11,0,55,0,46,11,0,57,62,0,62,119
03/05/2017,MDH,IL,AGL,CE,Federal Contract Tower,0,8,0,0,8,0,26,11,0,37,0,34,11,0,45,52,0,52,97
03/06/2017,MDH,IL,AGL,CE,Federal Contract Tower,0,6,0,0,6,0,0,0,0,0,0,6,0,0,6,0,0,0,6
03/07/2017,MDH,IL,AGL,CE,Federal Contract Tower,0,1,0,0,1,0,132,11,0,143,0,133,11,0,144,250,0,250,394
03/08/2017,MDH,IL,AGL,CE,Federal Contract Tower,0,5,2,0,7,0,114,31,0,145,0,119,33,0,152,216,0,216,368
03/09/2017,MDH,IL,AGL,CE,Federal Contract Tower,0,3,5,0,8,0,113,19,0,132,0,116,24,0,140,216,0,216,356
03/10/2017,MDH,IL,AGL,CE,Federal Contract Tower,0,3,3,0,6,0,82,24,0,106,0,85,27,0,112,140,0,140,252
03/11/2017,MDH,IL,AGL,CE,Federal Contract Tower,0,1,0,0,1,0,1,2,0,3,0,2,2,0,4,2,0,2,6
03/12/2017,MDH,IL,AGL,CE,Federal Contract Tower,0,3,1,0,4,0,0,13,0,13,0,3,14,0,17,0,0,0,17
03/13/2017,MDH,IL,AGL,CE,Federal Contract Tower,0,2,0,0,2,0,0,0,0,0,0,2,0,0,2,0,0,0,2
03/14/2017,MDH,IL,AGL,CE,Federal Contract Tower,0,0,0,0,0,0,2,10,0,12,0,2,10,0,12,36,0,36,48
03/15/2017,MDH,IL,AGL,CE,Federal Contract Tower,0,0,2,0,2,0,0,0,0,0,0,0,2,0,2,38,0,38,40
03/16/2017,MDH,IL,AGL,CE,Federal Contract Tower,0,0,1,0,1,0,11,2,0,13,0,11,3,0,14,18,0,18,32
03/17/2017,MDH,IL,AGL,CE,Federal Contract Tower,0,0,0,0,0,0,0,0,0,0,0,0,0,0,0,0,0,0,0
03/18/2017,MDH,IL,AGL,CE,Federal Contract Tower,0,2,1,0,3,0,0,16,0,16,0,2,17,0,19,6,0,6,25
03/19/2017,MDH,IL,AGL,CE,Federal Contract Tower,0,0,3,0,3,0,26,0,0,26,0,26,3,0,29,22,0,22,51
03/20/2017,MDH,IL,AGL,CE,Federal Contract Tower,0,5,0,0,5,0,114,13,4,131,0,119,13,4,136,298,0,298,434
03/21/2017,MDH,IL,AGL,CE,Federal Contract Tower,0,5,1,1,7,0,71,3,3,77,0,76,4,4,84,220,0,220,304
03/22/2017,MDH,IL,AGL,CE,Federal Contract Tower,0,7,4,0,11,0,213,16,2,231,0,220,20,2,242,520,0,520,762
03/23/2017,MDH,IL,AGL,CE,Federal Contract Tower,0,10,0,0,10,0,200,13,0,213,0,210,13,0,223,598,0,598,821
03/24/2017,MDH,IL,AGL,CE,Federal Contract Tower,0,4,1,0,5,0,24,1,0,25,0,28,2,0,30,42,0,42,72
03/26/2017,MDH,IL,AGL,CE,Federal Contract Tower,0,3,3,0,6,0,56,19,0,75,0,59,22,0,81,202,0,202,283
03/27/2017,MDH,IL,AGL,CE,Federal Contract Tower,0,2,0,0,2,0,107,6,0,113,0,109,6,0,115,344,0,344,459
03/28/2017,MDH,IL,AGL,CE,Federal Contract Tower,0,19,2,0,21,0,63,7,0,70,0,82,9,0,91,198,0,198,289
03/29/2017,MDH,IL,AGL,CE,Federal Contract Tower,0,4,2,0,6,0,197,18,0,215,0,201,20,0,221,524,0,524,745
03/30/2017,MDH,IL,AGL,CE,Federal Contract Tower,0,5,0,0,5,0,9,4,0,13,0,14,4,0,18,94,0,94,112
03/31/2017,MDH,IL,AGL,CE,Federal Contract Tower,0,18,2,0,20,0,111,0,0,111,0,129,2,0,131,336,0,336,467
04/01/2017,MDH,IL,AGL,CE,Federal Contract Tower,0,8,1,0,9,0,106,25,13,144,0,114,26,13,153,244,0,244,397
04/02/2017,MDH,IL,AGL,CE,Federal Contract Tower,0,7,5,0,12,0,28,16,0,44,0,35,21,0,56,34,0,34,90
04/03/2017,MDH,IL,AGL,CE,Federal Contract Tower,0,5,2,0,7,0,43,7,0,50,0,48,9,0,57,74,0,74,131
04/04/2017,MDH,IL,AGL,CE,Federal Contract Tower,0,2,0,0,2,0,243,9,0,252,0,245,9,0,254,548,0,548,802
04/05/2017,MDH,IL,AGL,CE,Federal Contract Tower,0,0,0,0,0,0,5,0,0,5,0,5,0,0,5,36,0,36,41
04/06/2017,MDH,IL,AGL,CE,Federal Contract Tower,0,3,0,0,3,0,11,2,0,13,0,14,2,0,16,36,0,36,52
04/07/2017,MDH,IL,AGL,CE,Federal Contract Tower,0,2,2,0,4,0,243,12,0,255,0,245,14,0,259,558,0,558,817
04/08/2017,MDH,IL,AGL,CE,Federal Contract Tower,0,5,0,0,5,0,133,19,0,152,0,138,19,0,157,250,0,250,407
04/09/2017,MDH,IL,AGL,CE,Federal Contract Tower,0,3,0,0,3,0,8,6,0,14,0,11,6,0,17,4,0,4,21
04/10/2017,MDH,IL,AGL,CE,Federal Contract Tower,0,1,2,0,3,0,22,6,0,28,0,23,8,0,31,34,0,34,65
04/11/2017,MDH,IL,AGL,CE,Federal Contract Tower,0,5,3,0,8,0,193,17,0,210,0,198,20,0,218,592,0,592,810
04/12/2017,MDH,IL,AGL,CE,Federal Contract Tower,0,0,0,0,0,0,245,30,0,275,0,245,30,0,275,612,0,612,887
04/13/2017,MDH,IL,AGL,CE,Federal Contract Tower,0,4,4,0,8,0,244,25,0,269,0,248,29,0,277,654,0,654,931
04/14/2017,MDH,IL,AGL,CE,Federal Contract Tower,0,0,1,0,1,0,195,16,0,211,0,195,17,0,212,444,0,444,656
04/15/2017,MDH,IL,AGL,CE,Federal Contract Tower,0,3,3,0,6,0,35,5,0,40,0,38,8,0,46,26,0,26,72
04/16/2017,MDH,IL,AGL,CE,Federal Contract Tower,0,3,0,0,3,0,110,4,0,114,0,113,4,0,117,290,0,290,407
04/17/2017,MDH,IL,AGL,CE,Federal Contract Tower,0,5,1,0,6,0,110,13,0,123,0,115,14,0,129,388,0,388,517
04/18/2017,MDH,IL,AGL,CE,Federal Contract Tower,0,2,0,0,2,0,267,16,0,283,0,269,16,0,285,688,0,688,973
04/19/2017,MDH,IL,AGL,CE,Federal Contract Tower,0,0,0,0,0,0,209,17,0,226,0,209,17,0,226,558,0,558,784
04/20/2017,MDH,IL,AGL,CE,Federal Contract Tower,0,3,2,0,5,0,111,1,0,112,0,114,3,0,117,252,0,252,369
04/21/2017,MDH,IL,AGL,CE,Federal Contract Tower,0,8,2,0,10,0,15,2,0,17,0,23,4,0,27,32,0,32,59
04/22/2017,MDH,IL,AGL,CE,Federal Contract Tower,2,0,0,0,2,0,0,3,0,3,2,0,3,0,5,0,0,0,5
04/23/2017,MDH,IL,AGL,CE,Federal Contract Tower,0,0,2,0,2,0,155,10,0,165,0,155,12,0,167,340,0,340,507
04/24/2017,MDH,IL,AGL,CE,Federal Contract Tower,0,3,1,0,4,0,231,27,0,258,0,234,28,0,262,546,0,546,808
04/25/2017,MDH,IL,AGL,CE,Federal Contract Tower,0,4,1,0,5,0,192,20,0,212,0,196,21,0,217,408,0,408,625
04/26/2017,MDH,IL,AGL,CE,Federal Contract Tower,0,3,0,0,3,0,36,7,0,43,0,39,7,0,46,68,0,68,114
04/27/2017,MDH,IL,AGL,CE,Federal Contract Tower,0,8,4,0,12,0,113,15,0,128,0,121,19,0,140,354,0,354,494
04/28/2017,MDH,IL,AGL,CE,Federal Contract Tower,0,0,4,0,4,0,58,2,0,60,0,58,6,0,64,110,0,110,174
04/29/2017,MDH,IL,AGL,CE,Federal Contract Tower,0,1,0,0,1,0,60,0,0,60,0,61,0,0,61,150,0,150,211
04/30/2017,MDH,IL,AGL,CE,Federal Contract Tower,0,4,1,0,5,0,0,0,0,0,0,4,1,0,5,0,0,0,5
05/01/2017,MDH,IL,AGL,CE,Federal Contract Tower,0,1,5,0,6,0,32,8,0,40,0,33,13,0,46,88,0,88,134
05/02/2017,MDH,IL,AGL,CE,Federal Contract Tower,0,0,6,0,6,0,175,11,0,186,0,175,17,0,192,364,0,364,556
05/03/2017,MDH,IL,AGL,CE,Federal Contract Tower,0,2,1,0,3,0,55,0,0,55,0,57,1,0,58,142,0,142,200
05/04/2017,MDH,IL,AGL,CE,Federal Contract Tower,0,0,2,0,2,0,4,0,0,4,0,4,2,0,6,14,0,14,20
05/05/2017,MDH,IL,AGL,CE,Federal Contract Tower,0,3,5,0,8,0,27,3,0,30,0,30,8,0,38,14,0,14,52
05/06/2017,MDH,IL,AGL,CE,Federal Contract Tower,0,1,4,0,5,0,34,28,0,62,0,35,32,0,67,58,0,58,125
05/07/2017,MDH,IL,AGL,CE,Federal Contract Tower,0,1,3,0,4,0,95,41,2,138,0,96,44,2,142,196,0,196,338
05/08/2017,MDH,IL,AGL,CE,Federal Contract Tower,0,1,2,0,3,0,159,24,0,183,0,160,26,0,186,366,0,366,552
05/09/2017,MDH,IL,AGL,CE,Federal Contract Tower,0,1,3,0,4,0,119,24,0,143,0,120,27,0,147,298,0,298,445
05/10/2017,MDH,IL,AGL,CE,Federal Contract Tower,0,5,1,0,6,0,116,14,0,130,0,121,15,0,136,272,0,272,408
05/11/2017,MDH,IL,AGL,CE,Federal Contract Tower,0,1,1,0,2,0,52,14,0,66,0,53,15,0,68,108,0,108,176
05/12/2017,MDH,IL,AGL,CE,Federal Contract Tower,0,4,0,1,5,0,27,23,2,52,0,31,23,3,57,74,2,76,133
05/13/2017,MDH,IL,AGL,CE,Federal Contract Tower,0,3,2,0,5,0,21,26,0,47,0,24,28,0,52,36,0,36,88
05/14/2017,MDH,IL,AGL,CE,Federal Contract Tower,0,3,0,0,3,0,3,19,0,22,0,6,19,0,25,18,0,18,43
05/15/2017,MDH,IL,AGL,CE,Federal Contract Tower,0,4,1,0,5,0,89,23,0,112,0,93,24,0,117,212,0,212,329
05/16/2017,MDH,IL,AGL,CE,Federal Contract Tower,0,4,0,0,4,0,82,7,0,89,0,86,7,0,93,122,0,122,215
05/17/2017,MDH,IL,AGL,CE,Federal Contract Tower,0,2,2,0,4,0,2,6,0,8,0,4,8,0,12,0,0,0,12
05/18/2017,MDH,IL,AGL,CE,Federal Contract Tower,0,2,1,0,3,0,53,10,0,63,0,55,11,0,66,118,0,118,184
05/19/2017,MDH,IL,AGL,CE,Federal Contract Tower,0,1,2,0,3,0,77,9,0,86,0,78,11,0,89,146,0,146,235
05/20/2017,MDH,IL,AGL,CE,Federal Contract Tower,0,0,0,0,0,0,0,7,0,7,0,0,7,0,7,0,0,0,7
05/21/2017,MDH,IL,AGL,CE,Federal Contract Tower,0,0,2,0,2,0,0,6,0,6,0,0,8,0,8,0,0,0,8
05/22/2017,MDH,IL,AGL,CE,Federal Contract Tower,0,5,2,0,7,0,100,16,0,116,0,105,18,0,123,204,0,204,327
05/23/2017,MDH,IL,AGL,CE,Federal Contract Tower,0,6,0,0,6,0,69,12,2,83,0,75,12,2,89,186,0,186,275
05/24/2017,MDH,IL,AGL,CE,Federal Contract Tower,0,11,0,0,11,0,59,12,0,71,0,70,12,0,82,108,0,108,190
05/25/2017,MDH,IL,AGL,CE,Federal Contract Tower,0,0,1,0,1,0,78,17,0,95,0,78,18,0,96,184,0,184,280
05/26/2017,MDH,IL,AGL,CE,Federal Contract Tower,0,5,0,0,5,0,59,4,0,63,0,64,4,0,68,126,0,126,194
05/28/2017,MDH,IL,AGL,CE,Federal Contract Tower,0,0,3,0,3,0,0,9,0,9,0,0,12,0,12,10,0,10,22
05/29/2017,MDH,IL,AGL,CE,Federal Contract Tower,0,0,0,0,0,0,0,19,0,19,0,0,19,0,19,6,0,6,25
05/30/2017,MDH,IL,AGL,CE,Federal Contract Tower,0,5,3,0,8,0,90,9,0,99,0,95,12,0,107,206,0,206,313
05/31/2017,MDH,IL,AGL,CE,Federal Contract Tower,0,4,0,0,4,0,78,15,0,93,0,82,15,0,97,146,0,146,243
06/01/2017,MDH,IL,AGL,CE,Federal Contract Tower,0,4,5,0,9,0,85,13,0,98,0,89,18,0,107,234,0,234,341
06/02/2017,MDH,IL,AGL,CE,Federal Contract Tower,0,4,1,0,5,0,71,9,0,80,0,75,10,0,85,158,0,158,243
06/03/2017,MDH,IL,AGL,CE,Federal Contract Tower,0,0,1,0,1,0,0,10,0,10,0,0,11,0,11,16,0,16,27
06/04/2017,MDH,IL,AGL,CE,Federal Contract Tower,0,0,1,0,1,0,2,7,0,9,0,2,8,0,10,4,0,4,14
06/05/2017,MDH,IL,AGL,CE,Federal Contract Tower,0,2,2,0,4,0,50,4,0,54,0,52,6,0,58,128,0,128,186
06/06/2017,MDH,IL,AGL,CE,Federal Contract Tower,0,3,0,0,3,0,72,9,0,81,0,75,9,0,84,140,0,140,224
06/07/2017,MDH,IL,AGL,CE,Federal Contract Tower,0,0,7,0,7,0,72,19,0,91,0,72,26,0,98,156,0,156,254
06/08/2017,MDH,IL,AGL,CE,Federal Contract Tower,0,3,0,0,3,0,66,7,0,73,0,69,7,0,76,168,0,168,244
06/09/2017,MDH,IL,AGL,CE,Federal Contract Tower,0,2,4,0,6,0,56,27,0,83,0,58,31,0,89,96,0,96,185
06/10/2017,MDH,IL,AGL,CE,Federal Contract Tower,0,1,2,0,3,0,7,145,0,152,0,8,147,0,155,100,0,100,255
06/11/2017,MDH,IL,AGL,CE,Federal Contract Tower,0,2,0,0,2,0,0,7,0,7,0,2,7,0,9,0,0,0,9
06/12/2017,MDH,IL,AGL,CE,Federal Contract Tower,0,0,1,0,1,0,55,9,0,64,0,55,10,0,65,102,0,102,167
06/13/2017,MDH,IL,AGL,CE,Federal Contract Tower,0,1,0,0,1,0,72,9,0,81,0,73,9,0,82,150,0,150,232
06/14/2017,MDH,IL,AGL,CE,Federal Contract Tower,0,0,2,0,2,0,52,8,0,60,0,52,10,0,62,106,0,106,168
06/15/2017,MDH,IL,AGL,CE,Federal Contract Tower,0,4,3,0,7,0,41,10,0,51,0,45,13,0,58,106,0,106,164
06/16/2017,MDH,IL,AGL,CE,Federal Contract Tower,0,0,1,0,1,0,52,18,0,70,0,52,19,0,71,136,0,136,207
06/17/2017,MDH,IL,AGL,CE,Federal Contract Tower,0,4,3,0,7,0,18,7,0,25,0,22,10,0,32,20,0,20,52
06/18/2017,MDH,IL,AGL,CE,Federal Contract Tower,0,1,0,0,1,0,0,9,0,9,0,1,9,0,10,0,0,0,10
06/19/2017,MDH,IL,AGL,CE,Federal Contract Tower,0,7,0,0,7,0,52,10,0,62,0,59,10,0,69,132,0,132,201
06/20/2017,MDH,IL,AGL,CE,Federal Contract Tower,0,1,1,0,2,0,76,5,0,81,0,77,6,0,83,204,0,204,287
06/21/2017,MDH,IL,AGL,CE,Federal Contract Tower,0,3,1,0,4,0,86,13,0,99,0,89,14,0,103,150,0,150,253
06/22/2017,MDH,IL,AGL,CE,Federal Contract Tower,0,4,2,0,6,0,20,2,0,22,0,24,4,0,28,92,0,92,120
06/23/2017,MDH,IL,AGL,CE,Federal Contract Tower,0,7,5,0,12,0,16,7,0,23,0,23,12,0,35,28,0,28,63
06/24/2017,MDH,IL,AGL,CE,Federal Contract Tower,0,3,3,0,6,0,36,16,0,52,0,39,19,0,58,86,0,86,144
06/25/2017,MDH,IL,AGL,CE,Federal Contract Tower,0,1,2,0,3,0,1,9,0,10,0,2,11,0,13,0,0,0,13
06/26/2017,MDH,IL,AGL,CE,Federal Contract Tower,0,1,2,0,3,0,90,17,0,107,0,91,19,0,110,214,0,214,324
06/27/2017,MDH,IL,AGL,CE,Federal Contract Tower,0,3,4,0,7,0,83,27,0,110,0,86,31,0,117,164,0,164,281
06/28/2017,MDH,IL,AGL,CE,Federal Contract Tower,0,5,2,0,7,0,82,12,0,94,0,87,14,0,101,234,0,234,335
06/29/2017,MDH,IL,AGL,CE,Federal Contract Tower,0,0,1,0,1,0,75,12,0,87,0,75,13,0,88,164,0,164,252
06/30/2017,MDH,IL,AGL,CE,Federal Contract Tower,0,5,0,0,5,0,9,0,0,9,0,14,0,0,14,16,0,16,30
07/01/2017,MDH,IL,AGL,CE,Federal Contract Tower,0,2,1,0,3,0,0,7,0,7,0,2,8,0,10,6,0,6,16
07/02/2017,MDH,IL,AGL,CE,Federal Contract Tower,0,0,1,0,1,0,0,9,0,9,0,0,10,0,10,2,0,2,12
07/03/2017,MDH,IL,AGL,CE,Federal Contract Tower,0,0,0,0,0,0,47,5,0,52,0,47,5,0,52,86,0,86,138
07/04/2017,MDH,IL,AGL,CE,Federal Contract Tower,0,0,0,0,0,0,0,2,0,2,0,0,2,0,2,6,0,6,8
07/05/2017,MDH,IL,AGL,CE,Federal Contract Tower,0,2,1,0,3,0,4,0,0,4,0,6,1,0,7,8,0,8,15
07/06/2017,MDH,IL,AGL,CE,Federal Contract Tower,0,3,0,0,3,0,32,5,0,37,0,35,5,0,40,48,0,48,88
07/07/2017,MDH,IL,AGL,CE,Federal Contract Tower,0,0,2,0,2,0,87,14,0,101,0,87,16,0,103,100,0,100,203
07/08/2017,MDH,IL,AGL,CE,Federal Contract Tower,0,0,2,1,3,0,15,19,5,39,0,15,21,6,42,34,8,42,84
07/09/2017,MDH,IL,AGL,CE,Federal Contract Tower,0,0,3,0,3,0,5,11,0,16,0,5,14,0,19,2,0,2,21
07/10/2017,MDH,IL,AGL,CE,Federal Contract Tower,0,1,0,0,1,0,59,4,2,65,0,60,4,2,66,124,0,124,190
07/11/2017,MDH,IL,AGL,CE,Federal Contract Tower,0,4,1,0,5,0,79,9,0,88,0,83,10,0,93,107,0,107,200
07/12/2017,MDH,IL,AGL,CE,Federal Contract Tower,0,3,0,0,3,0,78,9,0,87,0,81,9,0,90,138,0,138,228
07/13/2017,MDH,IL,AGL,CE,Federal Contract Tower,0,0,2,0,2,0,25,11,0,36,0,25,13,0,38,50,0,50,88
07/14/2017,MDH,IL,AGL,CE,Federal Contract Tower,0,6,0,0,6,0,64,21,0,85,0,70,21,0,91,144,0,144,235
07/15/2017,MDH,IL,AGL,CE,Federal Contract Tower,0,0,4,0,4,0,35,25,0,60,0,35,29,0,64,124,0,124,188
07/16/2017,MDH,IL,AGL,CE,Federal Contract Tower,0,2,2,0,4,0,0,14,0,14,0,2,16,0,18,0,0,0,18
07/17/2017,MDH,IL,AGL,CE,Federal Contract Tower,0,3,8,0,11,0,74,15,0,89,0,77,23,0,100,150,0,150,250
07/18/2017,MDH,IL,AGL,CE,Federal Contract Tower,0,4,9,0,13,0,83,12,0,95,0,87,21,0,108,130,0,130,238
07/19/2017,MDH,IL,AGL,CE,Federal Contract Tower,0,2,1,0,3,0,96,11,0,107,0,98,12,0,110,140,0,140,250
07/20/2017,MDH,IL,AGL,CE,Federal Contract Tower,0,4,2,0,6,0,60,7,0,67,0,64,9,0,73,126,0,126,199
07/21/2017,MDH,IL,AGL,CE,Federal Contract Tower,0,2,0,0,2,0,52,15,0,67,0,54,15,0,69,88,0,88,157
07/22/2017,MDH,IL,AGL,CE,Federal Contract Tower,0,1,1,0,2,0,13,16,0,29,0,14,17,0,31,16,0,16,47
07/23/2017,MDH,IL,AGL,CE,Federal Contract Tower,0,0,1,0,1,0,0,20,0,20,0,0,21,0,21,20,0,20,41
07/24/2017,MDH,IL,AGL,CE,Federal Contract Tower,0,2,3,0,5,0,67,14,0,81,0,69,17,0,86,92,0,92,178
07/25/2017,MDH,IL,AGL,CE,Federal Contract Tower,0,4,2,0,6,0,53,14,0,67,0,57,16,0,73,80,0,80,153
07/26/2017,MDH,IL,AGL,CE,Federal Contract Tower,0,0,1,0,1,0,35,8,0,43,0,35,9,0,44,76,0,76,120
07/27/2017,MDH,IL,AGL,CE,Federal Contract Tower,0,2,0,0,2,0,10,6,0,16,0,12,6,0,18,24,0,24,42
07/28/2017,MDH,IL,AGL,CE,Federal Contract Tower,0,4,1,0,5,0,13,10,0,23,0,17,11,0,28,10,0,10,38
07/29/2017,MDH,IL,AGL,CE,Federal Contract Tower,0,1,2,0,3,0,21,5,0,26,0,22,7,0,29,44,0,44,73
07/30/2017,MDH,IL,AGL,CE,Federal Contract Tower,0,0,1,0,1,0,0,18,0,18,0,0,19,0,19,2,0,2,21
07/31/2017,MDH,IL,AGL,CE,Federal Contract Tower,0,4,0,0,4,0,81,8,0,89,0,85,8,0,93,146,0,146,239
08/01/2017,MDH,IL,AGL,CE,Federal Contract Tower,0,1,2,0,3,0,60,10,0,70,0,61,12,0,73,88,0,88,161
08/02/2017,MDH,IL,AGL,CE,Federal Contract Tower,0,0,2,0,2,0,44,15,0,59,0,44,17,0,61,94,0,94,155
08/03/2017,MDH,IL,AGL,CE,Federal Contract Tower,0,0,0,0,0,0,30,11,0,41,0,30,11,0,41,58,0,58,99
08/04/2017,MDH,IL,AGL,CE,Federal Contract Tower,0,2,0,0,2,0,55,13,0,68,0,57,13,0,70,86,0,86,156
08/05/2017,MDH,IL,AGL,CE,Federal Contract Tower,0,2,5,0,7,0,1,16,0,17,0,3,21,0,24,20,0,20,44
08/06/2017,MDH,IL,AGL,CE,Federal Contract Tower,0,0,0,0,0,0,0,0,0,0,0,0,0,0,0,0,0,0,0
08/07/2017,MDH,IL,AGL,CE,Federal Contract Tower,0,0,3,0,3,0,0,7,0,7,0,0,10,0,10,0,0,0,10
08/08/2017,MDH,IL,AGL,CE,Federal Contract Tower,0,1,0,0,1,0,4,22,4,30,0,5,22,4,31,38,0,38,69
08/09/2017,MDH,IL,AGL,CE,Federal Contract Tower,0,0,6,0,6,0,6,19,0,25,0,6,25,0,31,28,0,28,59
08/10/2017,MDH,IL,AGL,CE,Federal Contract Tower,0,0,4,0,4,0,6,14,0,20,0,6,18,0,24,36,0,36,60
08/11/2017,MDH,IL,AGL,CE,Federal Contract Tower,0,0,2,0,2,0,4,13,0,17,0,4,15,0,19,40,0,40,59
08/12/2017,MDH,IL,AGL,CE,Federal Contract Tower,0,0,1,0,1,0,2,22,0,24,0,2,23,0,25,12,0,12,37
08/13/2017,MDH,IL,AGL,CE,Federal Contract Tower,0,0,1,0,1,0,1,13,0,14,0,1,14,0,15,20,0,20,35
08/14/2017,MDH,IL,AGL,CE,Federal Contract Tower,0,1,2,0,3,0,21,8,0,29,0,22,10,0,32,52,0,52,84
08/15/2017,MDH,IL,AGL,CE,Federal Contract Tower,0,1,3,0,4,0,8,5,0,13,0,9,8,0,17,48,0,48,65
08/16/2017,MDH,IL,AGL,CE,Federal Contract Tower,0,0,3,0,3,0,14,6,0,20,0,14,9,0,23,24,0,24,47
08/17/2017,MDH,IL,AGL,CE,Federal Contract Tower,0,0,2,0,2,0,22,14,0,36,0,22,16,0,38,64,0,64,102
08/18/2017,MDH,IL,AGL,CE,Federal Contract Tower,0,2,2,0,4,0,36,20,0,56,0,38,22,0,60,106,0,106,166
08/19/2017,MDH,IL,AGL,CE,Federal Contract Tower,0,2,1,0,3,0,2,37,0,39,0,4,38,0,42,10,0,10,52
08/20/2017,MDH,IL,AGL,CE,Federal Contract Tower,0,0,17,0,17,0,0,52,0,52,0,0,69,0,69,12,0,12,81
08/21/2017,MDH,IL,AGL,CE,Federal Contract Tower,0,25,60,0,85,0,1,334,0,335,0,26,394,0,420,4,0,4,424
08/22/2017,MDH,IL,AGL,CE,Federal Contract Tower,0,7,7,0,14,0,6,15,0,21,0,13,22,0,35,20,0,20,55
08/23/2017,MDH,IL,AGL,CE,Federal Contract Tower,0,0,4,0,4,0,32,19,0,51,0,32,23,0,55,62,0,62,117
08/24/2017,MDH,IL,AGL,CE,Federal Contract Tower,0,4,3,0,7,0,56,19,0,75,0,60,22,0,82,100,0,100,182
08/25/2017,MDH,IL,AGL,CE,Federal Contract Tower,0,4,1,0,5,0,77,24,0,101,0,81,25,0,106,92,0,92,198
08/26/2017,MDH,IL,AGL,CE,Federal Contract Tower,0,2,2,0,4,0,18,16,0,34,0,20,18,0,38,48,0,48,86
08/27/2017,MDH,IL,AGL,CE,Federal Contract Tower,0,2,1,0,3,0,10,13,0,23,0,12,14,0,26,10,0,10,36
08/28/2017,MDH,IL,AGL,CE,Federal Contract Tower,0,0,3,0,3,0,39,6,0,45,0,39,9,0,48,76,0,76,124
08/29/2017,MDH,IL,AGL,CE,Federal Contract Tower,0,1,1,0,2,0,25,10,0,35,0,26,11,0,37,58,0,58,95
08/30/2017,MDH,IL,AGL,CE,Federal Contract Tower,0,0,1,0,1,0,66,9,0,75,0,66,10,0,76,166,0,166,242
08/31/2017,MDH,IL,AGL,CE,Federal Contract Tower,0,2,7,0,9,0,88,3,0,91,0,90,10,0,100,70,0,70,170
09/01/2017,MDH,IL,AGL,CE,Federal Contract Tower,0,4,0,0,4,0,96,11,0,107,0,100,11,0,111,220,0,220,331
09/02/2017,MDH,IL,AGL,CE,Federal Contract Tower,0,3,0,0,3,0,49,15,0,64,0,52,15,0,67,76,0,76,143
09/03/2017,MDH,IL,AGL,CE,Federal Contract Tower,0,2,2,0,4,0,14,13,0,27,0,16,15,0,31,10,0,10,41
09/04/2017,MDH,IL,AGL,CE,Federal Contract Tower,0,4,2,0,6,0,2,20,0,22,0,6,22,0,28,20,0,20,48
09/05/2017,MDH,IL,AGL,CE,Federal Contract Tower,0,4,2,0,6,0,81,5,0,86,0,85,7,0,92,126,0,126,218
09/06/2017,MDH,IL,AGL,CE,Federal Contract Tower,0,0,0,0,0,0,142,11,0,153,0,142,11,0,153,356,0,356,509
09/07/2017,MDH,IL,AGL,CE,Federal Contract Tower,2,5,3,0,10,0,213,17,0,230,2,218,20,0,240,520,0,520,760
09/08/2017,MDH,IL,AGL,CE,Federal Contract Tower,0,0,1,0,1,0,109,6,0,115,0,109,7,0,116,188,0,188,304
09/09/2017,MDH,IL,AGL,CE,Federal Contract Tower,0,2,0,0,2,0,59,14,0,73,0,61,14,0,75,52,0,52,127
09/10/2017,MDH,IL,AGL,CE,Federal Contract Tower,0,5,1,0,6,0,39,17,0,56,0,44,18,0,62,70,0,70,132
09/11/2017,MDH,IL,AGL,CE,Federal Contract Tower,0,1,0,0,1,0,141,11,0,152,0,142,11,0,153,326,0,326,479
09/12/2017,MDH,IL,AGL,CE,Federal Contract Tower,0,7,2,0,9,0,29,4,0,33,0,36,6,0,42,42,0,42,84
09/13/2017,MDH,IL,AGL,CE,Federal Contract Tower,0,17,1,0,18,0,69,3,0,72,0,86,4,0,90,178,0,178,268
09/14/2017,MDH,IL,AGL,CE,Federal Contract Tower,0,4,0,0,4,0,263,16,0,279,0,267,16,0,283,650,0,650,933
09/15/2017,MDH,IL,AGL,CE,Federal Contract Tower,0,2,2,0,4,0,106,14,0,120,0,108,16,0,124,222,0,222,346
09/16/2017,MDH,IL,AGL,CE,Federal Contract Tower,0,4,0,0,4,0,44,32,0,76,0,48,32,0,80,100,0,100,180
09/17/2017,MDH,IL,AGL,CE,Federal Contract Tower,0,3,1,0,4,0,15,19,0,34,0,18,20,0,38,8,0,8,46
09/18/2017,MDH,IL,AGL,CE,Federal Contract Tower,0,0,0,0,0,0,106,5,0,111,0,106,5,0,111,232,0,232,343
09/20/2017,MDH,IL,AGL,CE,Federal Contract Tower,0,4,0,0,4,0,195,11,0,206,0,199,11,0,210,440,0,440,650
09/21/2017,MDH,IL,AGL,CE,Federal Contract Tower,0,5,1,0,6,0,201,9,0,210,0,206,10,0,216,542,0,542,758
09/22/2017,MDH,IL,AGL,CE,Federal Contract Tower,0,3,0,1,4,0,117,5,0,122,0,120,5,1,126,232,0,232,358
09/23/2017,MDH,IL,AGL,CE,Federal Contract Tower,0,1,3,0,4,0,32,17,0,49,0,33,20,0,53,80,0,80,133
09/24/2017,MDH,IL,AGL,CE,Federal Contract Tower,0,2,1,0,3,0,134,26,0,160,0,136,27,0,163,344,0,344,507
09/25/2017,MDH,IL,AGL,CE,Federal Contract Tower,0,3,1,0,4,0,175,9,0,184,0,178,10,0,188,452,0,452,640
09/26/2017,MDH,IL,AGL,CE,Federal Contract Tower,0,5,1,0,6,0,158,13,0,171,0,163,14,0,177,412,0,412,589
09/27/2017,MDH,IL,AGL,CE,Federal Contract Tower,0,2,0,0,2,0,238,19,0,257,0,240,19,0,259,484,0,484,743
09/28/2017,MDH,IL,AGL,CE,Federal Contract Tower,0,1,0,0,1,0,201,10,0,211,0,202,10,0,212,600,0,600,812
09/29/2017,MDH,IL,AGL,CE,Federal Contract Tower,0,4,0,0,4,0,102,17,0,119,0,106,17,0,123,282,0,282,405
09/30/2017,MDH,IL,AGL,CE,Federal Contract Tower,0,0,6,0,6,0,53,134,2,189,0,53,140,2,195,22,0,22,217
10/01/2017,MDH,IL,AGL,CE,Federal Contract Tower,0,2,4,0,6,0,78,21,0,99,0,80,25,0,105,154,0,154,259
10/02/2017,MDH,IL,AGL,CE,Federal Contract Tower,0,2,3,0,5,0,167,11,0,178,0,169,14,0,183,524,0,524,707
10/03/2017,MDH,IL,AGL,CE,Federal Contract Tower,0,4,3,0,7,0,122,6,0,128,0,126,9,0,135,268,0,268,403
10/04/2017,MDH,IL,AGL,CE,Federal Contract Tower,0,2,0,0,2,0,188,8,0,196,0,190,8,0,198,414,0,414,612
10/05/2017,MDH,IL,AGL,CE,Federal Contract Tower,0,4,2,0,6,0,193,13,0,206,0,197,15,0,212,530,0,530,742
10/06/2017,MDH,IL,AGL,CE,Federal Contract Tower,0,3,4,0,7,0,77,11,0,88,0,80,15,0,95,176,0,176,271
10/07/2017,MDH,IL,AGL,CE,Federal Contract Tower,0,0,3,0,3,0,102,13,0,115,0,102,16,0,118,272,0,272,390
10/08/2017,MDH,IL,AGL,CE,Federal Contract Tower,0,1,5,0,6,0,66,16,0,82,0,67,21,0,88,216,0,216,304
10/09/2017,MDH,IL,AGL,CE,Federal Contract Tower,0,0,0,0,0,0,67,10,0,77,0,67,10,0,77,234,0,234,311
10/10/2017,MDH,IL,AGL,CE,Federal Contract Tower,0,0,8,0,8,0,32,4,0,36,0,32,12,0,44,120,0,120,164
10/11/2017,MDH,IL,AGL,CE,Federal Contract Tower,0,13,4,0,17,0,131,10,0,141,0,144,14,0,158,350,0,350,508
10/12/2017,MDH,IL,AGL,CE,Federal Contract Tower,0,3,1,0,4,0,126,9,0,135,0,129,10,0,139,558,0,558,697
10/13/2017,MDH,IL,AGL,CE,Federal Contract Tower,0,3,1,0,4,0,111,23,0,134,0,114,24,0,138,418,0,418,556
10/14/2017,MDH,IL,AGL,CE,Federal Contract Tower,0,6,0,0,6,0,44,20,0,64,0,50,20,0,70,124,0,124,194
10/15/2017,MDH,IL,AGL,CE,Federal Contract Tower,0,2,4,0,6,0,1,2,0,3,0,3,6,0,9,0,0,0,9
10/16/2017,MDH,IL,AGL,CE,Federal Contract Tower,0,3,0,0,3,0,143,20,0,163,0,146,20,0,166,376,0,376,542
10/17/2017,MDH,IL,AGL,CE,Federal Contract Tower,0,4,2,0,6,0,158,15,0,173,0,162,17,0,179,510,0,510,689
10/18/2017,MDH,IL,AGL,CE,Federal Contract Tower,0,0,0,0,0,0,185,12,0,197,0,185,12,0,197,424,0,424,621
10/19/2017,MDH,IL,AGL,CE,Federal Contract Tower,0,6,3,0,9,0,174,11,2,187,0,180,14,2,196,462,0,462,658
10/20/2017,MDH,IL,AGL,CE,Federal Contract Tower,0,3,1,0,4,0,131,23,0,154,0,134,24,0,158,252,0,252,410
10/21/2017,MDH,IL,AGL,CE,Federal Contract Tower,0,2,2,0,4,0,37,13,4,54,0,39,15,4,58,64,4,68,126
10/22/2017,MDH,IL,AGL,CE,Federal Contract Tower,0,0,0,0,0,0,0,2,0,2,0,0,2,0,2,10,0,10,12
10/23/2017,MDH,IL,AGL,CE,Federal Contract Tower,0,8,0,0,8,0,49,20,0,69,0,57,20,0,77,108,0,108,185
10/24/2017,MDH,IL,AGL,CE,Federal Contract Tower,0,2,0,0,2,0,65,2,0,67,0,67,2,0,69,120,0,120,189
10/25/2017,MDH,IL,AGL,CE,Federal Contract Tower,0,5,0,0,5,0,115,9,0,124,0,120,9,0,129,190,0,190,319
10/26/2017,MDH,IL,AGL,CE,Federal Contract Tower,0,3,3,0,6,0,115,4,2,121,0,118,7,2,127,260,0,260,387
10/27/2017,MDH,IL,AGL,CE,Federal Contract Tower,0,4,4,0,8,0,39,10,0,49,0,43,14,0,57,134,0,134,191
10/28/2017,MDH,IL,AGL,CE,Federal Contract Tower,0,1,0,0,1,0,18,13,0,31,0,19,13,0,32,92,0,92,124
10/29/2017,MDH,IL,AGL,CE,Federal Contract Tower,0,5,3,0,8,0,40,12,0,52,0,45,15,0,60,68,0,68,128
10/30/2017,MDH,IL,AGL,CE,Federal Contract Tower,0,5,3,0,8,0,98,13,0,111,0,103,16,0,119,282,0,282,401
10/31/2017,MDH,IL,AGL,CE,Federal Contract Tower,0,3,0,0,3,0,222,5,0,227,0,225,5,0,230,348,0,348,578
11/01/2017,MDH,IL,AGL,CE,Federal Contract Tower,0,0,2,0,2,0,0,0,0,0,0,0,2,0,2,0,0,0,2
11/02/2017,MDH,IL,AGL,CE,Federal Contract Tower,2,5,2,0,9,0,27,3,0,30,2,32,5,0,39,156,0,156,195
11/03/2017,MDH,IL,AGL,CE,Federal Contract Tower,0,12,0,0,12,0,60,8,0,68,0,72,8,0,80,208,0,208,288
11/04/2017,MDH,IL,AGL,CE,Federal Contract Tower,0,1,3,0,4,0,0,1,0,1,0,1,4,0,5,0,0,0,5
11/05/2017,MDH,IL,AGL,CE,Federal Contract Tower,0,1,2,0,3,0,0,0,0,0,0,1,2,0,3,0,0,0,3
11/06/2017,MDH,IL,AGL,CE,Federal Contract Tower,0,5,0,0,5,0,106,2,0,108,0,111,2,0,113,250,0,250,363
11/07/2017,MDH,IL,AGL,CE,Federal Contract Tower,0,6,2,0,8,0,9,0,0,9,0,15,2,0,17,28,0,28,45
11/08/2017,MDH,IL,AGL,CE,Federal Contract Tower,0,2,3,0,5,0,171,24,0,195,0,173,27,0,200,402,0,402,602
11/09/2017,MDH,IL,AGL,CE,Federal Contract Tower,0,11,3,0,14,0,184,13,0,197,0,195,16,0,211,366,0,366,577
11/10/2017,MDH,IL,AGL,CE,Federal Contract Tower,0,5,8,0,13,0,113,22,0,135,0,118,30,0,148,248,0,248,396
11/11/2017,MDH,IL,AGL,CE,Federal Contract Tower,2,4,3,0,9,0,43,25,0,68,2,47,28,0,77,38,0,38,115
11/12/2017,MDH,IL,AGL,CE,Federal Contract Tower,0,2,0,0,2,0,6,10,2,18,0,8,10,2,20,48,0,48,68
11/13/2017,MDH,IL,AGL,CE,Federal Contract Tower,0,2,0,0,2,0,188,13,0,201,0,190,13,0,203,380,0,380,583
11/14/2017,MDH,IL,AGL,CE,Federal Contract Tower,0,3,1,0,4,0,152,12,0,164,0,155,13,0,168,154,0,154,322
11/15/2017,MDH,IL,AGL,CE,Federal Contract Tower,0,6,3,0,9,0,6,1,0,7,0,12,4,0,16,12,0,12,28
11/16/2017,MDH,IL,AGL,CE,Federal Contract Tower,0,10,2,0,12,0,165,16,0,181,0,175,18,0,193,312,0,312,505
11/17/2017,MDH,IL,AGL,CE,Federal Contract Tower,0,3,1,0,4,0,55,8,0,63,0,58,9,0,67,110,0,110,177
11/18/2017,MDH,IL,AGL,CE,Federal Contract Tower,0,3,0,0,3,0,0,0,0,0,0,3,0,0,3,0,0,0,3
11/19/2017,MDH,IL,AGL,CE,Federal Contract Tower,0,3,8,0,11,0,43,22,0,65,0,46,30,0,76,100,0,100,176
11/20/2017,MDH,IL,AGL,CE,Federal Contract Tower,0,2,0,0,2,0,90,9,0,99,0,92,9,0,101,194,0,194,295
11/21/2017,MDH,IL,AGL,CE,Federal Contract Tower,0,3,4,0,7,0,84,13,0,97,0,87,17,0,104,140,0,140,244
11/22/2017,MDH,IL,AGL,CE,Federal Contract Tower,0,0,4,0,4,0,0,16,0,16,0,0,20,0,20,0,0,0,20
11/23/2017,MDH,IL,AGL,CE,Federal Contract Tower,0,2,0,0,2,0,0,16,0,16,0,2,16,0,18,4,0,4,22
11/24/2017,MDH,IL,AGL,CE,Federal Contract Tower,0,2,2,0,4,0,0,5,0,5,0,2,7,0,9,0,0,0,9
11/25/2017,MDH,IL,AGL,CE,Federal Contract Tower,0,2,0,0,2,0,0,6,0,6,0,2,6,0,8,0,0,0,8
11/26/2017,MDH,IL,AGL,CE,Federal Contract Tower,0,7,4,0,11,0,0,20,0,20,0,7,24,0,31,2,0,2,33
11/27/2017,MDH,IL,AGL,CE,Federal Contract Tower,0,1,2,0,3,0,133,10,0,143,0,134,12,0,146,334,0,334,480
11/28/2017,MDH,IL,AGL,CE,Federal Contract Tower,0,1,0,0,1,0,86,5,0,91,0,87,5,0,92,136,0,136,228
11/29/2017,MDH,IL,AGL,CE,Federal Contract Tower,0,2,0,0,2,0,124,10,0,134,0,126,10,0,136,200,0,200,336
11/30/2017,MDH,IL,AGL,CE,Federal Contract Tower,0,6,2,0,8,0,103,9,0,112,0,109,11,0,120,254,0,254,374
12/01/2017,MDH,IL,AGL,CE,Federal Contract Tower,0,2,0,0,2,0,138,28,0,166,0,140,28,0,168,198,0,198,366
12/02/2017,MDH,IL,AGL,CE,Federal Contract Tower,0,1,0,0,1,0,32,12,0,44,0,33,12,0,45,80,0,80,125
12/03/2017,MDH,IL,AGL,CE,Federal Contract Tower,0,1,3,0,4,0,52,20,0,72,0,53,23,0,76,140,0,140,216
12/04/2017,MDH,IL,AGL,CE,Federal Contract Tower,0,4,1,0,5,0,20,3,0,23,0,24,4,0,28,28,0,28,56
12/05/2017,MDH,IL,AGL,CE,Federal Contract Tower,0,6,1,0,7,0,43,3,0,46,0,49,4,0,53,102,0,102,155
12/06/2017,MDH,IL,AGL,CE,Federal Contract Tower,0,0,2,0,2,0,94,21,0,115,0,94,23,0,117,202,0,202,319
12/07/2017,MDH,IL,AGL,CE,Federal Contract Tower,0,4,0,0,4,0,49,6,0,55,0,53,6,0,59,118,0,118,177
12/08/2017,MDH,IL,AGL,CE,Federal Contract Tower,0,3,2,0,5,0,88,1,0,89,0,91,3,0,94,220,0,220,314
12/09/2017,MDH,IL,AGL,CE,Federal Contract Tower,0,2,0,0,2,0,2,3,0,5,0,4,3,0,7,0,0,0,7
12/10/2017,MDH,IL,AGL,CE,Federal Contract Tower,0,4,4,0,8,0,24,14,0,38,0,28,18,0,46,56,0,56,102
12/11/2017,MDH,IL,AGL,CE,Federal Contract Tower,0,0,2,0,2,0,38,10,0,48,0,38,12,0,50,42,0,42,92
12/12/2017,MDH,IL,AGL,CE,Federal Contract Tower,0,1,0,0,1,0,38,0,0,38,0,39,0,0,39,38,0,38,77
12/13/2017,MDH,IL,AGL,CE,Federal Contract Tower,0,6,3,0,9,0,15,7,0,22,0,21,10,0,31,30,0,30,61
12/14/2017,MDH,IL,AGL,CE,Federal Contract Tower,0,1,0,0,1,0,99,5,0,104,0,100,5,0,105,204,0,204,309
12/15/2017,MDH,IL,AGL,CE,Federal Contract Tower,0,0,6,0,6,0,61,14,0,75,0,61,20,0,81,100,0,100,181
12/16/2017,MDH,IL,AGL,CE,Federal Contract Tower,0,0,1,0,1,0,5,16,0,21,0,5,17,0,22,14,0,14,36
12/17/2017,MDH,IL,AGL,CE,Federal Contract Tower,0,0,1,0,1,0,0,2,0,2,0,0,3,0,3,0,0,0,3
12/18/2017,MDH,IL,AGL,CE,Federal Contract Tower,0,5,0,0,5,0,5,6,0,11,0,10,6,0,16,12,0,12,28
12/19/2017,MDH,IL,AGL,CE,Federal Contract Tower,0,3,6,0,9,0,0,0,0,0,0,3,6,0,9,0,0,0,9
12/20/2017,MDH,IL,AGL,CE,Federal Contract Tower,0,2,2,0,4,0,49,27,0,76,0,51,29,0,80,50,0,50,130
12/21/2017,MDH,IL,AGL,CE,Federal Contract Tower,0,4,6,0,10,0,9,20,0,29,0,13,26,0,39,50,0,50,89
12/22/2017,MDH,IL,AGL,CE,Federal Contract Tower,0,0,2,0,2,0,0,0,0,0,0,0,2,0,2,0,0,0,2
12/23/2017,MDH,IL,AGL,CE,Federal Contract Tower,0,0,0,0,0,0,0,0,0,0,0,0,0,0,0,0,0,0,0
12/24/2017,MDH,IL,AGL,CE,Federal Contract Tower,0,0,0,0,0,0,0,2,0,2,0,0,2,0,2,0,0,0,2
12/25/2017,MDH,IL,AGL,CE,Federal Contract Tower,0,2,0,0,2,0,0,4,0,4,0,2,4,0,6,0,0,0,6
12/26/2017,MDH,IL,AGL,CE,Federal Contract Tower,0,1,3,0,4,0,1,1,0,2,0,2,4,0,6,0,0,0,6
12/27/2017,MDH,IL,AGL,CE,Federal Contract Tower,0,0,0,0,0,0,0,16,0,16,0,0,16,0,16,8,0,8,24
12/28/2017,MDH,IL,AGL,CE,Federal Contract Tower,0,2,0,0,2,0,0,15,0,15,0,2,15,0,17,24,0,24,41
12/29/2017,MDH,IL,AGL,CE,Federal Contract Tower,0,0,0,0,0,0,0,12,0,12,0,0,12,0,12,24,0,24,36
12/30/2017,MDH,IL,AGL,CE,Federal Contract Tower,0,0,0,0,0,0,0,0,0,0,0,0,0,0,0,0,0,0,0
12/31/2017,MDH,IL,AGL,CE,Federal Contract Tower,0,0,0,0,0,0,0,4,0,4,0,0,4,0,4,6,0,6,10
01/01/2018,MDH,IL,AGL,CE,Federal Contract Tower,0,0,3,0,3,0,0,5,0,5,0,0,8,0,8,0,0,0,8
01/03/2018,MDH,IL,AGL,CE,Federal Contract Tower,0,2,0,0,2,0,2,8,0,10,0,4,8,0,12,16,0,16,28
01/04/2018,MDH,IL,AGL,CE,Federal Contract Tower,0,0,3,0,3,0,4,5,0,9,0,4,8,0,12,8,0,8,20
01/05/2018,MDH,IL,AGL,CE,Federal Contract Tower,0,0,0,0,0,0,4,11,0,15,0,4,11,0,15,38,0,38,53
01/06/2018,MDH,IL,AGL,CE,Federal Contract Tower,0,0,0,0,0,0,0,6,0,6,0,0,6,0,6,8,0,8,14
01/07/2018,MDH,IL,AGL,CE,Federal Contract Tower,2,0,0,0,2,0,0,0,0,0,2,0,0,0,2,0,0,0,2
01/08/2018,MDH,IL,AGL,CE,Federal Contract Tower,0,0,0,0,0,0,0,0,0,0,0,0,0,0,0,0,0,0,0
01/09/2018,MDH,IL,AGL,CE,Federal Contract Tower,0,1,2,0,3,0,0,0,0,0,0,1,2,0,3,0,0,0,3
01/10/2018,MDH,IL,AGL,CE,Federal Contract Tower,0,0,0,0,0,0,0,1,0,1,0,0,1,0,1,0,0,0,1
01/11/2018,MDH,IL,AGL,CE,Federal Contract Tower,0,4,0,0,4,0,0,2,0,2,0,4,2,0,6,10,0,10,16
01/12/2018,MDH,IL,AGL,CE,Federal Contract Tower,0,4,0,0,4,0,0,0,2,2,0,4,0,2,6,0,0,0,6
01/13/2018,MDH,IL,AGL,CE,Federal Contract Tower,0,0,4,0,4,0,0,11,2,13,0,0,15,2,17,16,0,16,33
01/14/2018,MDH,IL,AGL,CE,Federal Contract Tower,0,0,2,0,2,0,0,4,0,4,0,0,6,0,6,16,0,16,22
01/15/2018,MDH,IL,AGL,CE,Federal Contract Tower,0,0,0,0,0,0,0,0,0,0,0,0,0,0,0,0,0,0,0
01/16/2018,MDH,IL,AGL,CE,Federal Contract Tower,0,2,0,0,2,0,0,4,0,4,0,2,4,0,6,12,0,12,18
01/17/2018,MDH,IL,AGL,CE,Federal Contract Tower,0,0,0,0,0,0,24,14,0,38,0,24,14,0,38,106,0,106,144
01/18/2018,MDH,IL,AGL,CE,Federal Contract Tower,0,6,0,0,6,0,72,10,0,82,0,78,10,0,88,160,0,160,248
01/19/2018,MDH,IL,AGL,CE,Federal Contract Tower,0,4,5,0,9,0,78,16,0,94,0,82,21,0,103,154,0,154,257
01/20/2018,MDH,IL,AGL,CE,Federal Contract Tower,0,6,0,0,6,0,15,6,0,21,0,21,6,0,27,20,0,20,47
01/21/2018,MDH,IL,AGL,CE,Federal Contract Tower,2,3,1,0,6,0,0,0,0,0,2,3,1,0,6,0,0,0,6
01/22/2018,MDH,IL,AGL,CE,Federal Contract Tower,0,1,0,0,1,0,3,0,0,3,0,4,0,0,4,14,0,14,18
01/23/2018,MDH,IL,AGL,CE,Federal Contract Tower,0,0,0,0,0,0,27,3,0,30,0,27,3,0,30,85,0,85,115
01/24/2018,MDH,IL,AGL,CE,Federal Contract Tower,0,3,3,0,6,0,106,9,0,115,0,109,12,0,121,310,0,310,431
01/25/2018,MDH,IL,AGL,CE,Federal Contract Tower,0,5,2,0,7,0,93,23,0,116,0,98,25,0,123,262,0,262,385
01/26/2018,MDH,IL,AGL,CE,Federal Contract Tower,0,2,6,0,8,0,33,3,0,36,0,35,9,0,44,42,0,42,86
01/27/2018,MDH,IL,AGL,CE,Federal Contract Tower,0,0,0,0,0,0,0,20,0,20,0,0,20,0,20,34,0,34,54
01/28/2018,MDH,IL,AGL,CE,Federal Contract Tower,0,3,0,0,3,0,26,42,0,68,0,29,42,0,71,124,0,124,195
01/29/2018,MDH,IL,AGL,CE,Federal Contract Tower,0,0,3,0,3,0,21,12,0,33,0,21,15,0,36,66,0,66,102
01/30/2018,MDH,IL,AGL,CE,Federal Contract Tower,0,6,0,0,6,0,124,16,0,140,0,130,16,0,146,310,0,310,456
01/31/2018,MDH,IL,AGL,CE,Federal Contract Tower,0,3,3,0,6,0,24,9,0,33,0,27,12,0,39,26,0,26,65
02/01/2018,MDH,IL,AGL,CE,Federal Contract Tower,0,1,2,0,3,0,47,4,0,51,0,48,6,0,54,180,0,180,234
02/02/2018,MDH,IL,AGL,CE,Federal Contract Tower,2,5,1,0,8,0,127,9,2,138,2,132,10,2,146,270,2,272,418
02/03/2018,MDH,IL,AGL,CE,Federal Contract Tower,1,3,0,0,4,0,43,13,0,56,1,46,13,0,60,76,0,76,136
02/04/2018,MDH,IL,AGL,CE,Federal Contract Tower,0,1,0,0,1,0,2,2,0,4,0,3,2,0,5,14,0,14,19
02/05/2018,MDH,IL,AGL,CE,Federal Contract Tower,0,4,1,0,5,0,118,9,0,127,0,122,10,0,132,364,0,364,496
02/06/2018,MDH,IL,AGL,CE,Federal Contract Tower,0,0,0,0,0,0,54,2,0,56,0,54,2,0,56,202,0,202,258
02/07/2018,MDH,IL,AGL,CE,Federal Contract Tower,0,3,2,0,5,0,61,8,2,71,0,64,10,2,76,128,0,128,204
02/08/2018,MDH,IL,AGL,CE,Federal Contract Tower,0,8,0,0,8,0,180,19,0,199,0,188,19,0,207,526,0,526,733
02/09/2018,MDH,IL,AGL,CE,Federal Contract Tower,0,0,0,0,0,0,85,13,2,100,0,85,13,2,100,188,0,188,288
02/10/2018,MDH,IL,AGL,CE,Federal Contract Tower,0,0,0,0,0,0,0,0,0,0,0,0,0,0,0,0,0,0,0
02/11/2018,MDH,IL,AGL,CE,Federal Contract Tower,0,0,0,0,0,0,0,0,0,0,0,0,0,0,0,0,0,0,0
02/12/2018,MDH,IL,AGL,CE,Federal Contract Tower,0,0,0,0,0,0,91,16,0,107,0,91,16,0,107,364,0,364,471
02/13/2018,MDH,IL,AGL,CE,Federal Contract Tower,0,4,0,0,4,0,103,7,0,110,0,107,7,0,114,286,0,286,400
02/14/2018,MDH,IL,AGL,CE,Federal Contract Tower,0,7,0,0,7,0,0,0,0,0,0,7,0,0,7,0,0,0,7
02/15/2018,MDH,IL,AGL,CE,Federal Contract Tower,0,3,3,0,6,0,6,0,0,6,0,9,3,0,12,0,0,0,12
02/16/2018,MDH,IL,AGL,CE,Federal Contract Tower,0,0,2,0,2,0,17,1,0,18,0,17,3,0,20,50,0,50,70
02/17/2018,MDH,IL,AGL,CE,Federal Contract Tower,0,0,2,0,2,0,0,1,0,1,0,0,3,0,3,0,0,0,3
02/18/2018,MDH,IL,AGL,CE,Federal Contract Tower,0,9,2,0,11,0,68,23,0,91,0,77,25,0,102,94,0,94,196
02/19/2018,MDH,IL,AGL,CE,Federal Contract Tower,0,2,3,0,5,0,0,0,0,0,0,2,3,0,5,8,0,8,13
02/20/2018,MDH,IL,AGL,CE,Federal Contract Tower,0,0,0,0,0,0,0,2,0,2,0,0,2,0,2,0,0,0,2
02/21/2018,MDH,IL,AGL,CE,Federal Contract Tower,0,0,0,0,0,0,0,0,0,0,0,0,0,0,0,0,0,0,0
02/22/2018,MDH,IL,AGL,CE,Federal Contract Tower,0,5,1,2,8,0,0,0,0,0,0,5,1,2,8,0,0,0,8
02/23/2018,MDH,IL,AGL,CE,Federal Contract Tower,0,12,4,0,16,0,1,1,0,2,0,13,5,0,18,0,0,0,18
02/24/2018,MDH,IL,AGL,CE,Federal Contract Tower,0,0,0,0,0,0,0,0,0,0,0,0,0,0,0,0,0,0,0
02/25/2018,MDH,IL,AGL,CE,Federal Contract Tower,0,5,2,0,7,0,101,31,0,132,0,106,33,0,139,208,0,208,347
02/26/2018,MDH,IL,AGL,CE,Federal Contract Tower,0,2,0,0,2,0,221,46,0,267,0,223,46,0,269,644,0,644,913
02/27/2018,MDH,IL,AGL,CE,Federal Contract Tower,0,4,1,1,6,0,170,24,2,196,0,174,25,3,202,378,2,380,582
02/28/2018,MDH,IL,AGL,CE,Federal Contract Tower,0,7,2,0,9,0,3,1,0,4,0,10,3,0,13,0,0,0,13
03/01/2018,MDH,IL,AGL,CE,Federal Contract Tower,0,3,4,0,7,0,36,2,0,38,0,39,6,0,45,166,0,166,211
03/02/2018,MDH,IL,AGL,CE,Federal Contract Tower,0,2,0,0,2,0,171,23,0,194,0,173,23,0,196,376,0,376,572
03/03/2018,MDH,IL,AGL,CE,Federal Contract Tower,0,1,0,0,1,0,75,35,0,110,0,76,35,0,111,162,0,162,273
03/04/2018,MDH,IL,AGL,CE,Federal Contract Tower,0,7,1,0,8,0,76,30,0,106,0,83,31,0,114,192,0,192,306
03/05/2018,MDH,IL,AGL,CE,Federal Contract Tower,0,4,0,1,5,0,6,1,0,7,0,10,1,1,12,20,0,20,32
03/06/2018,MDH,IL,AGL,CE,Federal Contract Tower,0,0,1,0,1,0,51,2,0,53,0,51,3,0,54,54,0,54,108
03/07/2018,MDH,IL,AGL,CE,Federal Contract Tower,0,3,0,0,3,0,96,6,0,102,0,99,6,0,105,176,0,176,281
03/08/2018,MDH,IL,AGL,CE,Federal Contract Tower,0,5,3,0,8,0,130,18,1,149,0,135,21,1,157,220,0,220,377
03/09/2018,MDH,IL,AGL,CE,Federal Contract Tower,0,1,10,0,11,0,90,18,0,108,0,91,28,0,119,236,0,236,355
03/10/2018,MDH,IL,AGL,CE,Federal Contract Tower,0,5,7,0,12,0,65,18,0,83,0,70,25,0,95,272,0,272,367
03/11/2018,MDH,IL,AGL,CE,Federal Contract Tower,0,3,0,0,3,0,30,0,0,30,0,33,0,0,33,120,0,120,153
03/12/2018,MDH,IL,AGL,CE,Federal Contract Tower,0,0,1,0,1,0,1,4,0,5,0,1,5,0,6,0,0,0,6
03/13/2018,MDH,IL,AGL,CE,Federal Contract Tower,0,1,3,0,4,0,97,2,0,99,0,98,5,0,103,276,0,276,379
03/14/2018,MDH,IL,AGL,CE,Federal Contract Tower,0,0,2,0,2,0,0,0,0,0,0,0,2,0,2,28,0,28,30
03/15/2018,MDH,IL,AGL,CE,Federal Contract Tower,0,1,1,0,2,0,7,12,0,19,0,8,13,0,21,8,0,8,29
03/16/2018,MDH,IL,AGL,CE,Federal Contract Tower,0,0,2,0,2,0,6,2,0,8,0,6,4,0,10,24,0,24,34
03/17/2018,MDH,IL,AGL,CE,Federal Contract Tower,0,2,2,0,4,0,0,4,0,4,0,2,6,0,8,28,0,28,36
03/18/2018,MDH,IL,AGL,CE,Federal Contract Tower,0,0,5,0,5,0,0,3,4,7,0,0,8,4,12,30,0,30,42
03/19/2018,MDH,IL,AGL,CE,Federal Contract Tower,0,2,0,0,2,0,6,0,0,6,0,8,0,0,8,10,0,10,18
03/20/2018,MDH,IL,AGL,CE,Federal Contract Tower,0,0,3,0,3,0,2,5,0,7,0,2,8,0,10,2,0,2,12
03/21/2018,MDH,IL,AGL,CE,Federal Contract Tower,0,2,0,0,2,0,156,24,0,180,0,158,24,0,182,466,0,466,648
03/22/2018,MDH,IL,AGL,CE,Federal Contract Tower,0,5,0,0,5,0,225,16,0,241,0,230,16,0,246,740,0,740,986
03/23/2018,MDH,IL,AGL,CE,Federal Contract Tower,0,0,0,0,0,0,105,18,0,123,0,105,18,0,123,194,0,194,317
03/24/2018,MDH,IL,AGL,CE,Federal Contract Tower,0,2,0,0,2,0,0,0,0,0,0,2,0,0,2,0,0,0,2
03/25/2018,MDH,IL,AGL,CE,Federal Contract Tower,0,0,3,0,3,0,70,14,0,84,0,70,17,0,87,170,0,170,257
03/26/2018,MDH,IL,AGL,CE,Federal Contract Tower,0,1,1,0,2,0,110,14,0,124,0,111,15,0,126,406,0,406,532
03/27/2018,MDH,IL,AGL,CE,Federal Contract Tower,0,2,0,0,2,0,0,0,0,0,0,2,0,0,2,0,0,0,2
03/28/2018,MDH,IL,AGL,CE,Federal Contract Tower,0,2,2,0,4,0,0,2,0,2,0,2,4,0,6,0,0,0,6
03/29/2018,MDH,IL,AGL,CE,Federal Contract Tower,0,3,0,0,3,0,0,0,0,0,0,3,0,0,3,0,0,0,3
03/30/2018,MDH,IL,AGL,CE,Federal Contract Tower,0,2,3,0,5,0,262,29,0,291,0,264,32,0,296,642,0,642,938
03/31/2018,MDH,IL,AGL,CE,Federal Contract Tower,0,1,0,0,1,0,82,5,0,87,0,83,5,0,88,310,0,310,398
04/01/2018,MDH,IL,AGL,CE,Federal Contract Tower,0,1,1,0,2,0,94,1,0,95,0,95,2,0,97,376,0,376,473
04/02/2018,MDH,IL,AGL,CE,Federal Contract Tower,0,0,7,0,7,0,4,0,0,4,0,4,7,0,11,0,0,0,11
04/03/2018,MDH,IL,AGL,CE,Federal Contract Tower,0,2,2,0,4,0,10,1,0,11,0,12,3,0,15,26,0,26,41
04/04/2018,MDH,IL,AGL,CE,Federal Contract Tower,0,5,1,0,6,0,254,17,0,271,0,259,18,0,277,616,0,616,893
04/05/2018,MDH,IL,AGL,CE,Federal Contract Tower,0,5,0,0,5,0,238,17,0,255,0,243,17,0,260,736,0,736,996
04/06/2018,MDH,IL,AGL,CE,Federal Contract Tower,0,7,1,0,8,0,166,15,0,181,0,173,16,0,189,592,0,592,781
04/07/2018,MDH,IL,AGL,CE,Federal Contract Tower,0,0,0,0,0,0,107,10,0,117,0,107,10,0,117,624,0,624,741
04/08/2018,MDH,IL,AGL,CE,Federal Contract Tower,0,1,1,0,2,0,128,20,0,148,0,129,21,0,150,708,0,708,858
04/09/2018,MDH,IL,AGL,CE,Federal Contract Tower,0,10,1,0,11,0,157,20,0,177,0,167,21,0,188,496,0,496,684
04/10/2018,MDH,IL,AGL,CE,Federal Contract Tower,0,6,1,0,7,0,150,23,0,173,0,156,24,0,180,558,0,558,738
04/11/2018,MDH,IL,AGL,CE,Federal Contract Tower,0,4,0,0,4,0,47,10,0,57,0,51,10,0,61,36,0,36,97
04/12/2018,MDH,IL,AGL,CE,Federal Contract Tower,0,4,2,0,6,0,6,5,0,11,0,10,7,0,17,2,0,2,19
04/13/2018,MDH,IL,AGL,CE,Federal Contract Tower,0,0,0,0,0,0,0,3,0,3,0,0,3,0,3,0,0,0,3
04/14/2018,MDH,IL,AGL,CE,Federal Contract Tower,0,2,1,0,3,0,85,5,0,90,0,87,6,0,93,288,0,288,381
04/15/2018,MDH,IL,AGL,CE,Federal Contract Tower,0,0,0,0,0,0,41,1,0,42,0,41,1,0,42,290,0,290,332
04/16/2018,MDH,IL,AGL,CE,Federal Contract Tower,0,5,5,0,10,0,101,9,0,110,0,106,14,0,120,322,0,322,442
04/17/2018,MDH,IL,AGL,CE,Federal Contract Tower,0,3,2,0,5,0,237,38,0,275,0,240,40,0,280,660,0,660,940
04/18/2018,MDH,IL,AGL,CE,Federal Contract Tower,0,5,0,0,5,0,58,4,0,62,0,63,4,0,67,76,0,76,143
04/19/2018,MDH,IL,AGL,CE,Federal Contract Tower,0,7,0,0,7,0,171,5,0,176,0,178,5,0,183,533,0,533,716
04/20/2018,MDH,IL,AGL,CE,Federal Contract Tower,0,5,2,0,7,0,124,13,0,137,0,129,15,0,144,284,0,284,428
04/21/2018,MDH,IL,AGL,CE,Federal Contract Tower,0,3,2,0,5,0,124,20,0,144,0,127,22,0,149,380,0,380,529
04/22/2018,MDH,IL,AGL,CE,Federal Contract Tower,0,3,1,0,4,0,66,5,0,71,0,69,6,0,75,312,0,312,387
04/24/2018,MDH,IL,AGL,CE,Federal Contract Tower,0,8,2,0,10,0,82,2,0,84,0,90,4,0,94,344,0,344,438
04/25/2018,MDH,IL,AGL,CE,Federal Contract Tower,0,2,2,0,4,0,247,22,0,269,0,249,24,0,273,594,0,594,867
04/26/2018,MDH,IL,AGL,CE,Federal Contract Tower,0,2,4,1,7,0,152,8,1,161,0,154,12,2,168,0,338,338,506
04/27/2018,MDH,IL,AGL,CE,Federal Contract Tower,0,1,1,0,2,0,137,15,0,152,0,138,16,0,154,308,0,308,462
04/28/2018,MDH,IL,AGL,CE,Federal Contract Tower,2,4,1,0,7,0,111,21,0,132,2,115,22,0,139,44,0,44,183
04/29/2018,MDH,IL,AGL,CE,Federal Contract Tower,0,0,0,0,0,0,65,27,1,93,0,65,27,1,93,220,0,220,313
04/30/2018,MDH,IL,AGL,CE,Federal Contract Tower,0,6,3,0,9,0,128,19,0,147,0,134,22,0,156,318,0,318,474
05/01/2018,MDH,IL,AGL,CE,Federal Contract Tower,0,3,1,0,4,0,80,13,0,93,0,83,14,0,97,238,0,238,335
05/02/2018,MDH,IL,AGL,CE,Federal Contract Tower,0,3,1,0,4,0,39,2,0,41,0,42,3,0,45,62,0,62,107
05/03/2018,MDH,IL,AGL,CE,Federal Contract Tower,0,0,1,0,1,0,0,0,0,0,0,0,1,0,1,0,0,0,1
05/04/2018,MDH,IL,AGL,CE,Federal Contract Tower,0,1,3,0,4,0,25,5,0,30,0,26,8,0,34,158,0,158,192
05/05/2018,MDH,IL,AGL,CE,Federal Contract Tower,0,3,4,0,7,0,51,12,0,63,0,54,16,0,70,188,0,188,258
05/06/2018,MDH,IL,AGL,CE,Federal Contract Tower,0,2,0,0,2,0,50,21,0,71,0,52,21,0,73,172,0,172,245
05/07/2018,MDH,IL,AGL,CE,Federal Contract Tower,0,3,0,0,3,0,0,0,0,0,0,3,0,0,3,334,0,334,337
05/08/2018,MDH,IL,AGL,CE,Federal Contract Tower,0,3,2,0,5,0,104,29,0,133,0,107,31,0,138,302,0,302,440
05/09/2018,MDH,IL,AGL,CE,Federal Contract Tower,0,6,5,0,11,0,42,3,0,45,0,48,8,0,56,100,0,100,156
05/10/2018,MDH,IL,AGL,CE,Federal Contract Tower,0,5,2,0,7,0,82,27,0,109,0,87,29,0,116,206,0,206,322
05/11/2018,MDH,IL,AGL,CE,Federal Contract Tower,0,3,0,0,3,0,71,12,0,83,0,74,12,0,86,182,0,182,268
05/12/2018,MDH,IL,AGL,CE,Federal Contract Tower,0,2,3,0,5,0,8,21,0,29,0,10,24,0,34,22,0,22,56
05/13/2018,MDH,IL,AGL,CE,Federal Contract Tower,0,0,3,0,3,0,0,9,0,9,0,0,12,0,12,8,0,8,20
05/14/2018,MDH,IL,AGL,CE,Federal Contract Tower,0,1,2,0,3,0,52,15,0,67,0,53,17,0,70,84,0,84,154
05/15/2018,MDH,IL,AGL,CE,Federal Contract Tower,0,0,0,0,0,0,89,22,0,111,0,89,22,0,111,254,0,254,365
05/16/2018,MDH,IL,AGL,CE,Federal Contract Tower,0,0,0,0,0,0,77,11,0,88,0,77,11,0,88,228,0,228,316
05/17/2018,MDH,IL,AGL,CE,Federal Contract Tower,0,0,0,0,0,0,45,2,0,47,0,45,2,0,47,176,0,176,223
05/18/2018,MDH,IL,AGL,CE,Federal Contract Tower,0,6,0,0,6,0,0,0,0,0,0,6,0,0,6,0,0,0,6
05/19/2018,MDH,IL,AGL,CE,Federal Contract Tower,0,5,0,0,5,0,1,3,0,4,0,6,3,0,9,24,0,24,33
05/20/2018,MDH,IL,AGL,CE,Federal Contract Tower,0,0,2,0,2,0,0,1,0,1,0,0,3,0,3,0,0,0,3
05/21/2018,MDH,IL,AGL,CE,Federal Contract Tower,0,5,2,0,7,0,36,3,0,39,0,41,5,0,46,118,0,118,164
05/22/2018,MDH,IL,AGL,CE,Federal Contract Tower,0,3,0,0,3,0,86,15,0,101,0,89,15,0,104,158,0,158,262
05/23/2018,MDH,IL,AGL,CE,Federal Contract Tower,0,3,0,0,3,0,89,6,0,95,0,92,6,0,98,226,0,226,324
05/24/2018,MDH,IL,AGL,CE,Federal Contract Tower,0,4,0,0,4,0,85,6,0,91,0,89,6,0,95,156,0,156,251
05/25/2018,MDH,IL,AGL,CE,Federal Contract Tower,0,0,3,0,3,0,66,9,0,75,0,66,12,0,78,158,0,158,236
05/28/2018,MDH,IL,AGL,CE,Federal Contract Tower,0,2,0,0,2,0,0,17,0,17,0,2,17,0,19,10,0,10,29
05/29/2018,MDH,IL,AGL,CE,Federal Contract Tower,0,9,0,0,9,0,8,6,0,14,0,17,6,0,23,26,0,26,49
05/30/2018,MDH,IL,AGL,CE,Federal Contract Tower,0,3,3,0,6,0,37,4,0,41,0,40,7,0,47,132,0,132,179
05/31/2018,MDH,IL,AGL,CE,Federal Contract Tower,0,0,0,0,0,0,30,3,0,33,0,30,3,0,33,88,0,88,121
06/01/2018,MDH,IL,AGL,CE,Federal Contract Tower,0,0,1,0,1,0,112,12,0,124,0,112,13,0,125,278,0,278,403
06/02/2018,MDH,IL,AGL,CE,Federal Contract Tower,0,0,1,0,1,0,0,13,0,13,0,0,14,0,14,0,0,0,14
06/03/2018,MDH,IL,AGL,CE,Federal Contract Tower,0,1,1,0,2,0,1,18,0,19,0,2,19,0,21,2,0,2,23
06/04/2018,MDH,IL,AGL,CE,Federal Contract Tower,0,4,2,0,6,0,100,9,0,109,0,104,11,0,115,152,0,152,267
06/05/2018,MDH,IL,AGL,CE,Federal Contract Tower,0,2,0,0,2,0,104,16,0,120,0,106,16,0,122,272,0,272,394
06/06/2018,MDH,IL,AGL,CE,Federal Contract Tower,0,3,0,0,3,0,87,23,0,110,0,90,23,0,113,256,0,256,369
06/07/2018,MDH,IL,AGL,CE,Federal Contract Tower,0,4,3,0,7,0,74,42,0,116,0,78,45,0,123,304,0,304,427
06/08/2018,MDH,IL,AGL,CE,Federal Contract Tower,0,3,5,0,8,0,53,41,0,94,0,56,46,0,102,212,0,212,314
06/09/2018,MDH,IL,AGL,CE,Federal Contract Tower,0,0,7,0,7,0,0,99,0,99,0,0,106,0,106,10,0,10,116
06/10/2018,MDH,IL,AGL,CE,Federal Contract Tower,0,2,0,0,2,0,0,4,0,4,0,2,4,0,6,0,0,0,6
06/11/2018,MDH,IL,AGL,CE,Federal Contract Tower,0,4,2,0,6,0,37,4,0,41,0,41,6,0,47,78,0,78,125
06/12/2018,MDH,IL,AGL,CE,Federal Contract Tower,0,5,1,0,6,0,31,2,0,33,0,36,3,0,39,104,0,104,143
06/13/2018,MDH,IL,AGL,CE,Federal Contract Tower,0,6,2,0,8,0,59,14,0,73,0,65,16,0,81,132,0,132,213
06/14/2018,MDH,IL,AGL,CE,Federal Contract Tower,0,3,0,0,3,0,72,13,0,85,0,75,13,0,88,192,0,192,280
06/15/2018,MDH,IL,AGL,CE,Federal Contract Tower,0,2,1,0,3,0,40,14,0,54,0,42,15,0,57,74,0,74,131
06/16/2018,MDH,IL,AGL,CE,Federal Contract Tower,0,0,1,0,1,0,23,7,0,30,0,23,8,0,31,48,0,48,79
06/17/2018,MDH,IL,AGL,CE,Federal Contract Tower,0,0,0,0,0,0,0,7,0,7,0,0,7,0,7,0,0,0,7
06/18/2018,MDH,IL,AGL,CE,Federal Contract Tower,0,2,3,0,5,0,57,3,0,60,0,59,6,0,65,58,0,58,123
06/19/2018,MDH,IL,AGL,CE,Federal Contract Tower,0,0,1,0,1,0,52,16,0,68,0,52,17,0,69,138,0,138,207
06/20/2018,MDH,IL,AGL,CE,Federal Contract Tower,0,0,1,0,1,0,33,8,0,41,0,33,9,0,42,64,0,64,106
06/21/2018,MDH,IL,AGL,CE,Federal Contract Tower,0,2,0,0,2,0,10,0,0,10,0,12,0,0,12,0,0,0,12
06/22/2018,MDH,IL,AGL,CE,Federal Contract Tower,0,8,0,0,8,0,22,4,0,26,0,30,4,0,34,92,0,92,126
06/23/2018,MDH,IL,AGL,CE,Federal Contract Tower,0,2,2,0,4,0,30,19,0,49,0,32,21,0,53,86,0,86,139
06/24/2018,MDH,IL,AGL,CE,Federal Contract Tower,0,2,0,0,2,0,0,8,0,8,0,2,8,0,10,48,0,48,58
06/25/2018,MDH,IL,AGL,CE,Federal Contract Tower,0,8,3,0,11,0,17,9,0,26,0,25,12,0,37,64,0,64,101
06/26/2018,MDH,IL,AGL,CE,Federal Contract Tower,0,0,0,0,0,0,2,4,0,6,0,2,4,0,6,14,0,14,20
06/27/2018,MDH,IL,AGL,CE,Federal Contract Tower,0,2,2,0,4,0,53,19,0,72,0,55,21,0,76,134,0,134,210
06/28/2018,MDH,IL,AGL,CE,Federal Contract Tower,2,9,3,0,14,0,23,18,0,41,2,32,21,0,55,108,0,108,163
06/29/2018,MDH,IL,AGL,CE,Federal Contract Tower,0,2,0,0,2,0,108,15,0,123,0,110,15,0,125,248,0,248,373
06/30/2018,MDH,IL,AGL,CE,Federal Contract Tower,0,0,1,0,1,0,31,18,0,49,0,31,19,0,50,38,0,38,88
07/01/2018,MDH,IL,AGL,CE,Federal Contract Tower,0,0,3,0,3,0,0,8,0,8,0,0,11,0,11,20,0,20,31
07/02/2018,MDH,IL,AGL,CE,Federal Contract Tower,0,0,3,0,3,0,97,17,0,114,0,97,20,0,117,224,0,224,341
07/03/2018,MDH,IL,AGL,CE,Federal Contract Tower,0,0,0,0,0,0,54,9,0,63,0,54,9,0,63,108,0,108,171
07/04/2018,MDH,IL,AGL,CE,Federal Contract Tower,0,0,0,0,0,0,0,12,0,12,0,0,12,0,12,10,0,10,22
07/05/2018,MDH,IL,AGL,CE,Federal Contract Tower,0,4,2,0,6,0,80,21,0,101,0,84,23,0,107,186,0,186,293
07/06/2018,MDH,IL,AGL,CE,Federal Contract Tower,0,2,1,0,3,0,65,16,0,81,0,67,17,0,84,122,0,122,206
07/07/2018,MDH,IL,AGL,CE,Federal Contract Tower,0,3,1,0,4,0,31,29,0,60,0,34,30,0,64,78,0,78,142
07/08/2018,MDH,IL,AGL,CE,Federal Contract Tower,0,0,3,0,3,0,2,18,0,20,0,2,21,0,23,20,0,20,43
07/09/2018,MDH,IL,AGL,CE,Federal Contract Tower,0,5,0,0,5,0,61,16,0,77,0,66,16,0,82,122,0,122,204
07/10/2018,MDH,IL,AGL,CE,Federal Contract Tower,0,7,1,0,8,0,98,21,0,119,0,105,22,0,127,246,0,246,373
07/11/2018,MDH,IL,AGL,CE,Federal Contract Tower,0,0,3,0,3,0,88,20,0,108,0,88,23,0,111,212,0,212,323
07/12/2018,MDH,IL,AGL,CE,Federal Contract Tower,0,3,2,0,5,0,76,25,0,101,0,79,27,0,106,286,0,286,392
07/13/2018,MDH,IL,AGL,CE,Federal Contract Tower,0,2,2,0,4,0,77,18,0,95,0,79,20,0,99,220,0,220,319
07/14/2018,MDH,IL,AGL,CE,Federal Contract Tower,0,0,1,0,1,0,28,6,0,34,0,28,7,0,35,98,0,98,133
07/15/2018,MDH,IL,AGL,CE,Federal Contract Tower,0,1,3,0,4,0,0,1,0,1,0,1,4,0,5,0,0,0,5
07/16/2018,MDH,IL,AGL,CE,Federal Contract Tower,0,4,2,0,6,0,62,15,0,77,0,66,17,0,83,176,0,176,259
07/17/2018,MDH,IL,AGL,CE,Federal Contract Tower,0,6,2,0,8,0,75,30,0,105,0,81,32,0,113,196,0,196,309
07/18/2018,MDH,IL,AGL,CE,Federal Contract Tower,0,2,0,0,2,0,114,25,2,141,0,116,25,2,143,334,0,334,477
07/19/2018,MDH,IL,AGL,CE,Federal Contract Tower,0,2,2,0,4,0,55,28,0,83,0,57,30,0,87,138,0,138,225
07/20/2018,MDH,IL,AGL,CE,Federal Contract Tower,0,0,0,0,0,0,42,8,0,50,0,42,8,0,50,84,0,84,134
07/21/2018,MDH,IL,AGL,CE,Federal Contract Tower,0,1,0,0,1,0,17,18,0,35,0,18,18,0,36,28,0,28,64
07/22/2018,MDH,IL,AGL,CE,Federal Contract Tower,0,0,2,0,2,0,0,14,0,14,0,0,16,0,16,16,0,16,32
07/23/2018,MDH,IL,AGL,CE,Federal Contract Tower,0,3,0,0,3,0,31,9,0,40,0,34,9,0,43,108,0,108,151
07/24/2018,MDH,IL,AGL,CE,Federal Contract Tower,0,3,2,0,5,0,62,23,0,85,0,65,25,0,90,192,0,192,282
07/25/2018,MDH,IL,AGL,CE,Federal Contract Tower,0,5,1,0,6,0,70,12,0,82,0,75,13,0,88,156,0,156,244
07/26/2018,MDH,IL,AGL,CE,Federal Contract Tower,0,3,0,0,3,0,43,10,0,53,0,46,10,0,56,94,0,94,150
07/27/2018,MDH,IL,AGL,CE,Federal Contract Tower,0,0,0,4,4,0,22,11,0,33,0,22,11,4,37,54,0,54,91
07/28/2018,MDH,IL,AGL,CE,Federal Contract Tower,0,1,4,0,5,0,12,12,6,30,0,13,16,6,35,28,0,28,63
07/29/2018,MDH,IL,AGL,CE,Federal Contract Tower,0,3,1,0,4,0,0,10,0,10,0,3,11,0,14,0,0,0,14
07/30/2018,MDH,IL,AGL,CE,Federal Contract Tower,0,2,0,0,2,0,0,2,0,2,0,2,2,0,4,0,0,0,4
07/31/2018,MDH,IL,AGL,CE,Federal Contract Tower,0,2,2,0,4,0,8,10,0,18,0,10,12,0,22,50,0,50,72
08/01/2018,MDH,IL,AGL,CE,Federal Contract Tower,0,4,2,0,6,0,70,19,0,89,0,74,21,0,95,192,0,192,287
08/02/2018,MDH,IL,AGL,CE,Federal Contract Tower,0,2,2,0,4,0,79,11,0,90,0,81,13,0,94,210,0,210,304
08/03/2018,MDH,IL,AGL,CE,Federal Contract Tower,0,3,4,0,7,0,58,26,0,84,0,61,30,0,91,188,0,188,279
08/04/2018,MDH,IL,AGL,CE,Federal Contract Tower,0,2,0,0,2,0,0,28,0,28,0,2,28,0,30,28,0,28,58
08/05/2018,MDH,IL,AGL,CE,Federal Contract Tower,0,0,3,0,3,0,0,34,0,34,0,0,37,0,37,34,0,34,71
08/06/2018,MDH,IL,AGL,CE,Federal Contract Tower,0,1,2,0,3,0,23,15,0,38,0,24,17,0,41,42,0,42,83
08/07/2018,MDH,IL,AGL,CE,Federal Contract Tower,0,0,1,0,1,0,4,0,0,4,0,4,1,0,5,34,0,34,39
08/08/2018,MDH,IL,AGL,CE,Federal Contract Tower,0,2,4,0,6,0,21,13,0,34,0,23,17,0,40,64,0,64,104
08/09/2018,MDH,IL,AGL,CE,Federal Contract Tower,0,0,4,0,4,0,6,7,0,13,0,6,11,0,17,34,0,34,51
08/10/2018,MDH,IL,AGL,CE,Federal Contract Tower,0,0,5,0,5,0,26,9,0,35,0,26,14,0,40,44,0,44,84
08/11/2018,MDH,IL,AGL,CE,Federal Contract Tower,0,0,1,0,1,0,3,17,0,20,0,3,18,0,21,24,0,24,45
08/12/2018,MDH,IL,AGL,CE,Federal Contract Tower,0,0,2,0,2,0,0,11,4,15,0,0,13,4,17,18,0,18,35
08/13/2018,MDH,IL,AGL,CE,Federal Contract Tower,0,0,0,0,0,0,9,16,0,25,0,9,16,0,25,22,0,22,47
08/14/2018,MDH,IL,AGL,CE,Federal Contract Tower,0,3,3,0,6,0,2,7,0,9,0,5,10,0,15,4,0,4,19
08/15/2018,MDH,IL,AGL,CE,Federal Contract Tower,0,0,1,0,1,0,0,0,0,0,0,0,1,0,1,0,0,0,1
08/16/2018,MDH,IL,AGL,CE,Federal Contract Tower,0,0,0,0,0,0,0,0,0,0,0,0,0,0,0,24,0,24,24
08/17/2018,MDH,IL,AGL,CE,Federal Contract Tower,0,0,5,0,5,0,20,10,0,30,0,20,15,0,35,86,0,86,121
08/18/2018,MDH,IL,AGL,CE,Federal Contract Tower,0,0,0,0,0,0,0,5,0,5,0,0,5,0,5,0,0,0,5
08/19/2018,MDH,IL,AGL,CE,Federal Contract Tower,0,0,3,0,3,0,0,9,0,9,0,0,12,0,12,2,0,2,14
08/20/2018,MDH,IL,AGL,CE,Federal Contract Tower,0,4,1,0,5,0,2,0,0,2,0,6,1,0,7,32,0,32,39
08/21/2018,MDH,IL,AGL,CE,Federal Contract Tower,0,0,4,0,4,0,22,12,0,34,0,22,16,0,38,60,0,60,98
08/22/2018,MDH,IL,AGL,CE,Federal Contract Tower,0,9,1,0,10,0,50,17,0,67,0,59,18,0,77,134,0,134,211
08/23/2018,MDH,IL,AGL,CE,Federal Contract Tower,0,4,3,0,7,0,108,37,0,145,0,112,40,0,152,342,0,342,494
08/24/2018,MDH,IL,AGL,CE,Federal Contract Tower,0,2,0,0,2,0,6,0,0,6,0,8,0,0,8,8,0,8,16
08/25/2018,MDH,IL,AGL,CE,Federal Contract Tower,0,2,0,0,2,0,24,4,0,28,0,26,4,0,30,36,0,36,66
08/26/2018,MDH,IL,AGL,CE,Federal Contract Tower,0,2,0,0,2,0,26,23,0,49,0,28,23,0,51,54,0,54,105
08/27/2018,MDH,IL,AGL,CE,Federal Contract Tower,0,0,3,0,3,0,105,19,0,124,0,105,22,0,127,234,0,234,361
08/28/2018,MDH,IL,AGL,CE,Federal Contract Tower,0,0,2,0,2,0,132,28,0,160,0,132,30,0,162,356,0,356,518
08/29/2018,MDH,IL,AGL,CE,Federal Contract Tower,0,1,1,0,2,0,21,2,0,23,0,22,3,0,25,6,0,6,31
08/30/2018,MDH,IL,AGL,CE,Federal Contract Tower,0,3,2,0,5,0,86,11,0,97,0,89,13,0,102,174,0,174,276
08/31/2018,MDH,IL,AGL,CE,Federal Contract Tower,0,0,3,0,3,0,126,21,0,147,0,126,24,0,150,220,0,220,370
09/01/2018,MDH,IL,AGL,CE,Federal Contract Tower,0,0,0,0,0,0,47,9,0,56,0,47,9,0,56,114,0,114,170
09/02/2018,MDH,IL,AGL,CE,Federal Contract Tower,0,1,1,0,2,0,0,11,0,11,0,1,12,0,13,2,0,2,15
09/03/2018,MDH,IL,AGL,CE,Federal Contract Tower,0,7,0,0,7,0,2,24,0,26,0,9,24,0,33,0,0,0,33
09/04/2018,MDH,IL,AGL,CE,Federal Contract Tower,0,6,0,1,7,0,110,20,1,131,0,116,20,2,138,238,0,238,376
09/05/2018,MDH,IL,AGL,CE,Federal Contract Tower,0,2,2,0,4,0,101,7,0,108,0,103,9,0,112,163,0,163,275
09/06/2018,MDH,IL,AGL,CE,Federal Contract Tower,0,5,0,0,5,0,21,7,0,28,0,26,7,0,33,86,0,86,119
09/07/2018,MDH,IL,AGL,CE,Federal Contract Tower,0,13,3,0,16,0,42,8,0,50,0,55,11,0,66,130,0,130,196
09/08/2018,MDH,IL,AGL,CE,Federal Contract Tower,0,2,0,0,2,0,0,0,0,0,0,2,0,0,2,0,0,0,2
09/09/2018,MDH,IL,AGL,CE,Federal Contract Tower,0,6,0,0,6,0,50,3,2,55,0,56,3,2,61,146,0,146,207
09/10/2018,MDH,IL,AGL,CE,Federal Contract Tower,0,7,3,0,10,0,197,16,0,213,0,204,19,0,223,490,0,490,713
09/11/2018,MDH,IL,AGL,CE,Federal Contract Tower,0,0,1,0,1,0,144,19,0,163,0,144,20,0,164,426,0,426,590
09/12/2018,MDH,IL,AGL,CE,Federal Contract Tower,0,1,3,0,4,0,190,11,0,201,0,191,14,0,205,462,0,462,667
09/13/2018,MDH,IL,AGL,CE,Federal Contract Tower,0,3,0,0,3,0,223,16,0,239,0,226,16,0,242,524,0,524,766
09/14/2018,MDH,IL,AGL,CE,Federal Contract Tower,0,3,3,0,6,0,126,31,0,157,0,129,34,0,163,290,0,290,453
09/15/2018,MDH,IL,AGL,CE,Federal Contract Tower,0,8,2,0,10,0,93,26,0,119,0,101,28,0,129,266,0,266,395
09/16/2018,MDH,IL,AGL,CE,Federal Contract Tower,2,7,1,0,10,0,114,14,0,128,2,121,15,0,138,264,0,264,402
09/17/2018,MDH,IL,AGL,CE,Federal Contract Tower,0,2,0,0,2,0,118,19,0,137,0,120,19,0,139,352,0,352,491
09/18/2018,MDH,IL,AGL,CE,Federal Contract Tower,0,2,1,0,3,0,139,21,0,160,0,141,22,0,163,414,0,414,577
09/19/2018,MDH,IL,AGL,CE,Federal Contract Tower,0,1,2,0,3,0,115,5,0,120,0,116,7,0,123,280,0,280,403
09/20/2018,MDH,IL,AGL,CE,Federal Contract Tower,0,6,4,0,10,0,265,29,2,296,0,271,33,2,306,744,0,744,1050
09/21/2018,MDH,IL,AGL,CE,Federal Contract Tower,1,1,2,0,4,0,106,4,0,110,1,107,6,0,114,432,0,432,546
09/22/2018,MDH,IL,AGL,CE,Federal Contract Tower,0,9,2,0,11,0,1,12,0,13,0,10,14,0,24,0,0,0,24
09/23/2018,MDH,IL,AGL,CE,Federal Contract Tower,0,7,3,0,10,0,111,2,0,113,0,118,5,0,123,476,0,476,599
09/24/2018,MDH,IL,AGL,CE,Federal Contract Tower,0,6,1,0,7,0,50,5,0,55,0,56,6,0,62,156,0,156,218
09/25/2018,MDH,IL,AGL,CE,Federal Contract Tower,0,6,1,0,7,0,50,12,0,62,0,56,13,0,69,174,0,174,243
09/26/2018,MDH,IL,AGL,CE,Federal Contract Tower,0,4,0,0,4,0,195,24,0,219,0,199,24,0,223,502,0,502,725
09/27/2018,MDH,IL,AGL,CE,Federal Contract Tower,0,6,10,0,16,0,300,32,0,332,0,306,42,0,348,844,0,844,1192
09/28/2018,MDH,IL,AGL,CE,Federal Contract Tower,0,7,1,0,8,0,141,27,0,168,0,148,28,0,176,424,0,424,600
09/29/2018,MDH,IL,AGL,CE,Federal Contract Tower,0,5,2,0,7,0,61,29,0,90,0,66,31,0,97,136,0,136,233
09/30/2018,MDH,IL,AGL,CE,Federal Contract Tower,0,7,3,0,10,0,86,30,0,116,0,93,33,0,126,274,0,274,400
10/01/2018,MDH,IL,AGL,CE,Federal Contract Tower,0,5,0,0,5,0,148,19,0,167,0,153,19,0,172,530,0,530,702
10/02/2018,MDH,IL,AGL,CE,Federal Contract Tower,0,3,0,0,3,0,86,20,0,106,0,89,20,0,109,274,0,274,383
10/03/2018,MDH,IL,AGL,CE,Federal Contract Tower,0,5,1,0,6,0,97,18,0,115,0,102,19,0,121,210,0,210,331
10/04/2018,MDH,IL,AGL,CE,Federal Contract Tower,0,5,34,0,39,0,3,51,2,56,0,8,85,2,95,0,0,0,95
10/05/2018,MDH,IL,AGL,CE,Federal Contract Tower,1,5,29,0,35,0,11,187,0,198,1,16,216,0,233,18,0,18,251
10/06/2018,MDH,IL,AGL,CE,Federal Contract Tower,1,0,34,2,37,0,1,321,2,324,1,1,355,4,361,6,0,6,367
10/07/2018,MDH,IL,AGL,CE,Federal Contract Tower,0,14,0,0,14,0,0,35,0,35,0,14,35,0,49,0,0,0,49
10/08/2018,MDH,IL,AGL,CE,Federal Contract Tower,0,0,5,0,5,0,66,21,0,87,0,66,26,0,92,244,0,244,336
10/09/2018,MDH,IL,AGL,CE,Federal Contract Tower,0,6,4,0,10,0,107,18,0,125,0,113,22,0,135,320,0,320,455
10/10/2018,MDH,IL,AGL,CE,Federal Contract Tower,0,12,0,0,12,0,17,7,0,24,0,29,7,0,36,70,0,70,106
10/11/2018,MDH,IL,AGL,CE,Federal Contract Tower,1,6,1,0,8,0,99,10,0,109,1,105,11,0,117,268,0,268,385
10/12/2018,MDH,IL,AGL,CE,Federal Contract Tower,0,10,1,0,11,0,62,8,0,70,0,72,9,0,81,166,0,166,247
10/13/2018,MDH,IL,AGL,CE,Federal Contract Tower,0,4,2,0,6,0,14,7,0,21,0,18,9,0,27,86,0,86,113
10/14/2018,MDH,IL,AGL,CE,Federal Contract Tower,0,3,3,0,6,0,0,0,0,0,0,3,3,0,6,0,0,0,6
10/15/2018,MDH,IL,AGL,CE,Federal Contract Tower,0,5,1,0,6,0,17,2,0,19,0,22,3,0,25,112,0,112,137
10/16/2018,MDH,IL,AGL,CE,Federal Contract Tower,0,3,1,0,4,0,133,22,2,157,0,136,23,2,161,450,0,450,611
10/17/2018,MDH,IL,AGL,CE,Federal Contract Tower,0,3,1,0,4,0,156,27,0,183,0,159,28,0,187,398,0,398,585
10/18/2018,MDH,IL,AGL,CE,Federal Contract Tower,0,7,0,0,7,0,185,20,0,205,0,192,20,0,212,546,0,546,758
10/19/2018,MDH,IL,AGL,CE,Federal Contract Tower,0,9,5,0,14,0,52,1,0,53,0,61,6,0,67,226,0,226,293
10/20/2018,MDH,IL,AGL,CE,Federal Contract Tower,2,4,4,0,10,0,76,24,0,100,2,80,28,0,110,2,0,2,112
10/21/2018,MDH,IL,AGL,CE,Federal Contract Tower,0,7,3,0,10,0,31,13,0,44,0,38,16,0,54,116,0,116,170
10/22/2018,MDH,IL,AGL,CE,Federal Contract Tower,0,5,1,0,6,0,151,17,0,168,0,156,18,0,174,486,0,486,660
10/23/2018,MDH,IL,AGL,CE,Federal Contract Tower,0,9,2,0,11,0,154,11,0,165,0,163,13,0,176,486,0,486,662
10/24/2018,MDH,IL,AGL,CE,Federal Contract Tower,0,3,2,2,7,0,119,22,2,143,0,122,24,4,150,146,0,146,296
10/25/2018,MDH,IL,AGL,CE,Federal Contract Tower,0,5,0,0,5,0,150,11,0,161,0,155,11,0,166,494,0,494,660
10/26/2018,MDH,IL,AGL,CE,Federal Contract Tower,0,1,2,1,4,0,0,0,0,0,0,1,2,1,4,0,0,0,4
10/27/2018,MDH,IL,AGL,CE,Federal Contract Tower,0,0,1,3,4,0,0,1,4,5,0,0,2,7,9,0,0,0,9
10/28/2018,MDH,IL,AGL,CE,Federal Contract Tower,0,2,2,2,6,0,4,9,2,15,0,6,11,4,21,12,0,12,33
10/29/2018,MDH,IL,AGL,CE,Federal Contract Tower,0,6,1,0,7,0,200,21,0,221,0,206,22,0,228,646,0,646,874
10/30/2018,MDH,IL,AGL,CE,Federal Contract Tower,0,4,1,0,5,0,94,9,2,105,0,98,10,2,110,290,0,290,400
10/31/2018,MDH,IL,AGL,CE,Federal Contract Tower,0,4,6,0,10,0,0,0,0,0,0,4,6,0,10,0,0,0,10
11/01/2018,MDH,IL,AGL,CE,Federal Contract Tower,0,0,3,0,3,0,0,0,0,0,0,0,3,0,3,0,0,0,3
11/02/2018,MDH,IL,AGL,CE,Federal Contract Tower,0,6,6,0,12,0,43,15,0,58,0,49,21,0,70,160,0,160,230
11/03/2018,MDH,IL,AGL,CE,Federal Contract Tower,0,1,2,1,4,0,57,37,3,97,0,58,39,4,101,256,0,256,357
11/04/2018,MDH,IL,AGL,CE,Federal Contract Tower,0,0,0,0,0,0,0,0,0,0,0,0,0,0,0,0,0,0,0
11/05/2018,MDH,IL,AGL,CE,Federal Contract Tower,0,4,1,0,5,0,49,2,0,51,0,53,3,0,56,146,0,146,202
11/06/2018,MDH,IL,AGL,CE,Federal Contract Tower,0,3,2,0,5,0,108,19,0,127,0,111,21,0,132,342,0,342,474
11/07/2018,MDH,IL,AGL,CE,Federal Contract Tower,0,7,2,0,9,0,172,17,0,189,0,179,19,0,198,538,0,538,736
11/08/2018,MDH,IL,AGL,CE,Federal Contract Tower,0,8,2,0,10,0,136,56,2,194,0,144,58,2,204,630,0,630,834
11/09/2018,MDH,IL,AGL,CE,Federal Contract Tower,0,8,1,0,9,0,10,2,0,12,0,18,3,0,21,24,0,24,45
11/10/2018,MDH,IL,AGL,CE,Federal Contract Tower,2,3,2,0,7,0,61,20,0,81,2,64,22,0,88,254,0,254,342
11/11/2018,MDH,IL,AGL,CE,Federal Contract Tower,0,2,3,0,5,0,69,23,0,92,0,71,26,0,97,186,0,186,283
11/12/2018,MDH,IL,AGL,CE,Federal Contract Tower,0,0,0,0,0,0,91,7,0,98,0,91,7,0,98,282,0,282,380
11/13/2018,MDH,IL,AGL,CE,Federal Contract Tower,0,0,1,0,1,0,62,0,0,62,0,62,1,0,63,148,0,148,211
11/14/2018,MDH,IL,AGL,CE,Federal Contract Tower,0,1,1,0,2,0,102,13,2,117,0,103,14,2,119,292,0,292,411
11/15/2018,MDH,IL,AGL,CE,Federal Contract Tower,0,2,0,0,2,0,4,0,0,4,0,6,0,0,6,48,0,48,54
11/16/2018,MDH,IL,AGL,CE,Federal Contract Tower,0,0,10,0,10,0,95,37,0,132,0,95,47,0,142,272,0,272,414
11/17/2018,MDH,IL,AGL,CE,Federal Contract Tower,0,0,2,0,2,0,46,14,0,60,0,46,16,0,62,102,0,102,164
11/18/2018,MDH,IL,AGL,CE,Federal Contract Tower,0,1,4,0,5,0,0,0,0,0,0,1,4,0,5,0,0,0,5
11/19/2018,MDH,IL,AGL,CE,Federal Contract Tower,0,2,0,0,2,0,0,0,0,0,0,2,0,0,2,0,0,0,2
11/20/2018,MDH,IL,AGL,CE,Federal Contract Tower,0,5,2,0,7,0,0,15,0,15,0,5,17,0,22,44,0,44,66
11/21/2018,MDH,IL,AGL,CE,Federal Contract Tower,0,0,0,0,0,0,9,13,1,23,0,9,13,1,23,40,0,40,63
11/22/2018,MDH,IL,AGL,CE,Federal Contract Tower,0,2,1,0,3,0,0,11,0,11,0,2,12,0,14,8,0,8,22
11/23/2018,MDH,IL,AGL,CE,Federal Contract Tower,0,2,0,0,2,0,0,4,0,4,0,2,4,0,6,4,0,4,10
11/24/2018,MDH,IL,AGL,CE,Federal Contract Tower,0,0,1,0,1,0,1,19,0,20,0,1,20,0,21,4,0,4,25
11/25/2018,MDH,IL,AGL,CE,Federal Contract Tower,0,2,5,0,7,0,0,7,0,7,0,2,12,0,14,10,0,10,24
11/26/2018,MDH,IL,AGL,CE,Federal Contract Tower,0,0,1,0,1,0,24,1,0,25,0,24,2,0,26,132,0,132,158
11/27/2018,MDH,IL,AGL,CE,Federal Contract Tower,0,4,2,0,6,0,129,16,0,145,0,133,18,0,151,422,0,422,573
11/28/2018,MDH,IL,AGL,CE,Federal Contract Tower,0,3,3,0,6,0,170,35,0,205,0,173,38,0,211,478,0,478,689
11/29/2018,MDH,IL,AGL,CE,Federal Contract Tower,0,6,2,0,8,0,28,0,0,28,0,34,2,0,36,94,0,94,130
11/30/2018,MDH,IL,AGL,CE,Federal Contract Tower,0,1,1,0,2,0,0,0,0,0,0,1,1,0,2,0,0,0,2
12/01/2018,MDH,IL,AGL,CE,Federal Contract Tower,0,1,0,0,1,0,0,0,0,0,0,1,0,0,1,0,0,0,1
12/02/2018,MDH,IL,AGL,CE,Federal Contract Tower,0,0,0,0,0,0,52,10,0,62,0,52,10,0,62,112,0,112,174
12/03/2018,MDH,IL,AGL,CE,Federal Contract Tower,0,0,0,0,0,0,112,5,0,117,0,112,5,0,117,460,0,460,577
12/04/2018,MDH,IL,AGL,CE,Federal Contract Tower,0,2,0,0,2,0,0,0,0,0,0,2,0,0,2,0,0,0,2
12/05/2018,MDH,IL,AGL,CE,Federal Contract Tower,0,3,0,0,3,0,222,24,0,246,0,225,24,0,249,602,0,602,851
12/06/2018,MDH,IL,AGL,CE,Federal Contract Tower,0,3,0,0,3,0,97,4,0,101,0,100,4,0,104,274,0,274,378
12/07/2018,MDH,IL,AGL,CE,Federal Contract Tower,0,0,0,0,0,0,98,13,0,111,0,98,13,0,111,250,0,250,361
12/08/2018,MDH,IL,AGL,CE,Federal Contract Tower,0,2,0,0,2,0,40,16,0,56,0,42,16,0,58,102,0,102,160
12/09/2018,MDH,IL,AGL,CE,Federal Contract Tower,0,1,0,0,1,0,95,19,0,114,0,96,19,0,115,182,0,182,297
12/10/2018,MDH,IL,AGL,CE,Federal Contract Tower,0,2,0,0,2,0,106,9,0,115,0,108,9,0,117,362,0,362,479
12/11/2018,MDH,IL,AGL,CE,Federal Contract Tower,0,3,0,0,3,0,116,15,0,131,0,119,15,0,134,262,0,262,396
12/12/2018,MDH,IL,AGL,CE,Federal Contract Tower,0,2,0,0,2,0,80,16,0,96,0,82,16,0,98,144,0,144,242
12/13/2018,MDH,IL,AGL,CE,Federal Contract Tower,0,2,2,0,4,0,0,0,0,0,0,2,2,0,4,0,0,0,4
12/14/2018,MDH,IL,AGL,CE,Federal Contract Tower,0,5,2,0,7,0,0,3,0,3,0,5,5,0,10,0,0,0,10
12/15/2018,MDH,IL,AGL,CE,Federal Contract Tower,0,4,3,0,7,0,0,0,0,0,0,4,3,0,7,0,0,0,7
12/16/2018,MDH,IL,AGL,CE,Federal Contract Tower,0,1,0,0,1,0,37,40,0,77,0,38,40,0,78,90,0,90,168
12/17/2018,MDH,IL,AGL,CE,Federal Contract Tower,0,2,0,0,2,0,92,45,0,137,0,94,45,0,139,308,0,308,447
12/18/2018,MDH,IL,AGL,CE,Federal Contract Tower,0,5,0,0,5,0,70,32,0,102,0,75,32,0,107,130,0,130,237
12/19/2018,MDH,IL,AGL,CE,Federal Contract Tower,0,0,0,0,0,0,37,24,2,63,0,37,24,2,63,172,0,172,235
12/20/2018,MDH,IL,AGL,CE,Federal Contract Tower,0,4,0,0,4,0,0,1,0,1,0,4,1,0,5,2,0,2,7
12/21/2018,MDH,IL,AGL,CE,Federal Contract Tower,0,2,0,0,2,0,0,2,0,2,0,2,2,0,4,0,0,0,4
12/22/2018,MDH,IL,AGL,CE,Federal Contract Tower,0,1,1,0,2,0,0,16,0,16,0,1,17,0,18,8,0,8,26
12/23/2018,MDH,IL,AGL,CE,Federal Contract Tower,0,0,2,0,2,0,0,8,0,8,0,0,10,0,10,0,0,0,10
12/24/2018,MDH,IL,AGL,CE,Federal Contract Tower,0,0,0,0,0,0,0,8,0,8,0,0,8,0,8,2,0,2,10
12/25/2018,MDH,IL,AGL,CE,Federal Contract Tower,0,2,0,0,2,0,0,0,0,0,0,2,0,0,2,0,0,0,2
12/26/2018,MDH,IL,AGL,CE,Federal Contract Tower,0,4,2,0,6,0,1,10,0,11,0,5,12,0,17,14,0,14,31
12/27/2018,MDH,IL,AGL,CE,Federal Contract Tower,0,0,2,0,2,0,0,0,0,0,0,0,2,0,2,0,0,0,2
12/28/2018,MDH,IL,AGL,CE,Federal Contract Tower,0,0,0,0,0,0,0,16,0,16,0,0,16,0,16,10,0,10,26
12/29/2018,MDH,IL,AGL,CE,Federal Contract Tower,0,0,2,0,2,0,1,2,0,3,0,1,4,0,5,12,0,12,17
12/30/2018,MDH,IL,AGL,CE,Federal Contract Tower,0,0,1,0,1,0,0,25,0,25,0,0,26,0,26,38,0,38,64
12/31/2018,MDH,IL,AGL,CE,Federal Contract Tower,0,0,0,0,0,0,0,0,0,0,0,0,0,0,0,0,0,0,0
01/01/2019,MDH,IL,AGL,CE,Federal Contract Tower,0,0,0,0,0,0,0,2,0,2,0,0,2,0,2,0,0,0,2
01/02/2019,MDH,IL,AGL,CE,Federal Contract Tower,0,0,1,0,1,0,7,13,0,20,0,7,14,0,21,42,0,42,63
01/03/2019,MDH,IL,AGL,CE,Federal Contract Tower,0,0,0,0,0,0,1,17,7,25,0,1,17,7,25,12,0,12,37
01/04/2019,MDH,IL,AGL,CE,Federal Contract Tower,0,2,0,0,2,0,0,10,0,10,0,2,10,0,12,16,0,16,28
01/05/2019,MDH,IL,AGL,CE,Federal Contract Tower,0,0,6,0,6,0,0,30,0,30,0,0,36,0,36,48,0,48,84
01/06/2019,MDH,IL,AGL,CE,Federal Contract Tower,0,2,2,0,4,0,0,10,0,10,0,2,12,0,14,0,0,0,14
01/07/2019,MDH,IL,AGL,CE,Federal Contract Tower,0,0,0,0,0,0,0,0,0,0,0,0,0,0,0,0,0,0,0
01/08/2019,MDH,IL,AGL,CE,Federal Contract Tower,0,0,0,0,0,0,6,12,0,18,0,6,12,0,18,16,0,16,34
01/09/2019,MDH,IL,AGL,CE,Federal Contract Tower,0,3,0,0,3,0,26,18,0,44,0,29,18,0,47,52,0,52,99
01/10/2019,MDH,IL,AGL,CE,Federal Contract Tower,0,0,3,0,3,0,35,18,0,53,0,35,21,0,56,100,0,100,156
01/11/2019,MDH,IL,AGL,CE,Federal Contract Tower,0,0,0,0,0,0,8,0,0,8,0,8,0,0,8,10,0,10,18
01/12/2019,MDH,IL,AGL,CE,Federal Contract Tower,0,1,2,0,3,0,0,0,0,0,0,1,2,0,3,0,0,0,3
01/13/2019,MDH,IL,AGL,CE,Federal Contract Tower,0,0,0,0,0,0,0,0,0,0,0,0,0,0,0,0,0,0,0
01/14/2019,MDH,IL,AGL,CE,Federal Contract Tower,0,0,1,0,1,0,12,3,0,15,0,12,4,0,16,44,0,44,60
01/15/2019,MDH,IL,AGL,CE,Federal Contract Tower,0,1,0,0,1,0,7,2,2,11,0,8,2,2,12,38,0,38,50
01/16/2019,MDH,IL,AGL,CE,Federal Contract Tower,0,0,0,0,0,0,17,17,0,34,0,17,17,0,34,136,0,136,170
01/17/2019,MDH,IL,AGL,CE,Federal Contract Tower,0,0,4,0,4,0,0,2,0,2,0,0,6,0,6,6,0,6,12
01/18/2019,MDH,IL,AGL,CE,Federal Contract Tower,0,0,0,0,0,0,0,1,0,1,0,0,1,0,1,0,0,0,1
01/19/2019,MDH,IL,AGL,CE,Federal Contract Tower,0,0,0,0,0,0,0,0,0,0,0,0,0,0,0,0,0,0,0
01/20/2019,MDH,IL,AGL,CE,Federal Contract Tower,0,0,2,0,2,0,0,6,0,6,0,0,8,0,8,8,0,8,16
01/21/2019,MDH,IL,AGL,CE,Federal Contract Tower,0,0,2,0,2,0,4,15,0,19,0,4,17,0,21,24,0,24,45
01/22/2019,MDH,IL,AGL,CE,Federal Contract Tower,0,0,0,0,0,0,80,11,0,91,0,80,11,0,91,174,0,174,265
01/23/2019,MDH,IL,AGL,CE,Federal Contract Tower,0,3,0,0,3,0,0,0,0,0,0,3,0,0,3,0,0,0,3
01/24/2019,MDH,IL,AGL,CE,Federal Contract Tower,0,4,0,0,4,0,128,9,0,137,0,132,9,0,141,458,0,458,599
01/25/2019,MDH,IL,AGL,CE,Federal Contract Tower,0,0,5,0,5,0,165,19,0,184,0,165,24,0,189,400,0,400,589
01/26/2019,MDH,IL,AGL,CE,Federal Contract Tower,0,1,0,0,1,0,66,2,7,75,0,67,2,7,76,194,2,196,272
01/27/2019,MDH,IL,AGL,CE,Federal Contract Tower,2,0,2,0,4,0,0,12,0,12,2,0,14,0,16,0,0,0,16
01/28/2019,MDH,IL,AGL,CE,Federal Contract Tower,0,0,0,0,0,0,123,7,0,130,0,123,7,0,130,384,0,384,514
01/29/2019,MDH,IL,AGL,CE,Federal Contract Tower,0,6,2,0,8,0,86,10,0,96,0,92,12,0,104,152,0,152,256
01/30/2019,MDH,IL,AGL,CE,Federal Contract Tower,0,0,0,0,0,0,0,2,0,2,0,0,2,0,2,0,0,0,2
01/31/2019,MDH,IL,AGL,CE,Federal Contract Tower,0,1,0,0,1,0,82,18,0,100,0,83,18,0,101,288,0,288,389
02/01/2019,MDH,IL,AGL,CE,Federal Contract Tower,0,0,1,0,1,0,146,15,2,163,0,146,16,2,164,416,2,418,582
02/02/2019,MDH,IL,AGL,CE,Federal Contract Tower,0,0,6,0,6,0,23,19,0,42,0,23,25,0,48,56,0,56,104
02/03/2019,MDH,IL,AGL,CE,Federal Contract Tower,0,1,0,0,1,0,50,19,0,69,0,51,19,0,70,116,0,116,186
02/04/2019,MDH,IL,AGL,CE,Federal Contract Tower,0,6,2,0,8,0,0,4,0,4,0,6,6,0,12,8,0,8,20
02/05/2019,MDH,IL,AGL,CE,Federal Contract Tower,0,0,5,0,5,0,0,0,0,0,0,0,5,0,5,0,0,0,5
02/06/2019,MDH,IL,AGL,CE,Federal Contract Tower,0,2,0,0,2,0,0,0,0,0,0,2,0,0,2,0,0,0,2
02/07/2019,MDH,IL,AGL,CE,Federal Contract Tower,0,0,0,0,0,0,0,0,0,0,0,0,0,0,0,0,0,0,0
02/08/2019,MDH,IL,AGL,CE,Federal Contract Tower,0,4,7,0,11,0,164,20,0,184,0,168,27,0,195,266,0,266,461
02/09/2019,MDH,IL,AGL,CE,Federal Contract Tower,0,1,1,0,2,0,94,24,0,118,0,95,25,0,120,180,0,180,300
02/10/2019,MDH,IL,AGL,CE,Federal Contract Tower,0,0,0,0,0,0,0,0,0,0,0,0,0,0,0,0,0,0,0
02/11/2019,MDH,IL,AGL,CE,Federal Contract Tower,1,2,0,0,3,0,0,0,0,0,1,2,0,0,3,0,0,0,3
02/12/2019,MDH,IL,AGL,CE,Federal Contract Tower,2,1,0,0,3,0,14,5,0,19,2,15,5,0,22,34,0,34,56
02/13/2019,MDH,IL,AGL,CE,Federal Contract Tower,0,8,1,0,9,0,252,22,0,274,0,260,23,0,283,574,0,574,857
02/14/2019,MDH,IL,AGL,CE,Federal Contract Tower,0,2,0,0,2,0,26,4,0,30,0,28,4,0,32,124,0,124,156
02/15/2019,MDH,IL,AGL,CE,Federal Contract Tower,0,0,2,0,2,0,42,6,0,48,0,42,8,0,50,136,0,136,186
02/16/2019,MDH,IL,AGL,CE,Federal Contract Tower,0,4,2,0,6,0,40,10,4,54,0,44,12,4,60,144,0,144,204
02/17/2019,MDH,IL,AGL,CE,Federal Contract Tower,0,0,0,0,0,0,0,0,0,0,0,0,0,0,0,0,0,0,0
02/18/2019,MDH,IL,AGL,CE,Federal Contract Tower,0,3,3,0,6,0,190,14,0,204,0,193,17,0,210,764,0,764,974
02/19/2019,MDH,IL,AGL,CE,Federal Contract Tower,0,3,0,0,3,0,124,8,0,132,0,127,8,0,135,294,0,294,429
02/20/2019,MDH,IL,AGL,CE,Federal Contract Tower,0,6,0,0,6,0,2,7,0,9,0,8,7,0,15,24,0,24,39
02/21/2019,MDH,IL,AGL,CE,Federal Contract Tower,0,11,0,0,11,0,215,20,0,235,0,226,20,0,246,592,0,592,838
02/22/2019,MDH,IL,AGL,CE,Federal Contract Tower,0,1,1,0,2,0,114,4,0,118,0,115,5,0,120,233,0,233,353
02/23/2019,MDH,IL,AGL,CE,Federal Contract Tower,0,1,2,0,3,0,2,0,0,2,0,3,2,0,5,0,0,0,5
02/24/2019,MDH,IL,AGL,CE,Federal Contract Tower,0,7,2,0,9,0,6,8,0,14,0,13,10,0,23,8,0,8,31
02/25/2019,MDH,IL,AGL,CE,Federal Contract Tower,0,6,0,0,6,0,177,25,3,205,0,183,25,3,211,600,0,600,811
02/26/2019,MDH,IL,AGL,CE,Federal Contract Tower,1,5,0,0,6,0,95,14,2,111,1,100,14,2,117,392,0,392,509
02/27/2019,MDH,IL,AGL,CE,Federal Contract Tower,0,2,0,0,2,0,142,6,0,148,0,144,6,0,150,436,0,436,586
02/28/2019,MDH,IL,AGL,CE,Federal Contract Tower,0,0,0,0,0,0,0,0,0,0,0,0,0,0,0,0,0,0,0
03/01/2019,MDH,IL,AGL,CE,Federal Contract Tower,0,0,1,0,1,0,4,0,0,4,0,4,1,0,5,10,0,10,15
03/02/2019,MDH,IL,AGL,CE,Federal Contract Tower,0,0,0,0,0,0,29,5,0,34,0,29,5,0,34,156,0,156,190
03/03/2019,MDH,IL,AGL,CE,Federal Contract Tower,0,0,0,0,0,0,0,0,0,0,0,0,0,0,0,0,0,0,0
03/04/2019,MDH,IL,AGL,CE,Federal Contract Tower,0,3,4,0,7,0,100,14,0,114,0,103,18,0,121,362,0,362,483
03/05/2019,MDH,IL,AGL,CE,Federal Contract Tower,0,5,0,0,5,0,78,16,0,94,0,83,16,0,99,224,0,224,323
03/06/2019,MDH,IL,AGL,CE,Federal Contract Tower,0,3,2,0,5,0,164,26,0,190,0,167,28,0,195,362,0,362,557
03/07/2019,MDH,IL,AGL,CE,Federal Contract Tower,1,1,1,0,3,0,125,12,0,137,1,126,13,0,140,370,0,370,510
03/08/2019,MDH,IL,AGL,CE,Federal Contract Tower,0,7,3,0,10,0,0,1,0,1,0,7,4,0,11,0,0,0,11
03/09/2019,MDH,IL,AGL,CE,Federal Contract Tower,0,0,0,0,0,0,0,1,0,1,0,0,1,0,1,0,0,0,1
03/10/2019,MDH,IL,AGL,CE,Federal Contract Tower,0,0,1,0,1,0,1,6,2,9,0,1,7,2,10,14,0,14,24
03/11/2019,MDH,IL,AGL,CE,Federal Contract Tower,0,4,1,0,5,0,29,33,0,62,0,33,34,0,67,79,0,79,146
03/12/2019,MDH,IL,AGL,CE,Federal Contract Tower,0,3,1,0,4,0,24,24,0,48,0,27,25,0,52,118,0,118,170
03/13/2019,MDH,IL,AGL,CE,Federal Contract Tower,0,2,1,0,3,0,4,4,0,8,0,6,5,0,11,40,0,40,51
03/14/2019,MDH,IL,AGL,CE,Federal Contract Tower,0,0,1,0,1,0,0,3,0,3,0,0,4,0,4,0,0,0,4
03/15/2019,MDH,IL,AGL,CE,Federal Contract Tower,0,0,4,0,4,0,8,11,8,27,0,8,15,8,31,2,0,2,33
03/16/2019,MDH,IL,AGL,CE,Federal Contract Tower,0,1,3,0,4,0,0,30,0,30,0,1,33,0,34,28,0,28,62
03/17/2019,MDH,IL,AGL,CE,Federal Contract Tower,0,2,2,0,4,0,0,11,0,11,0,2,13,0,15,12,0,12,27
03/18/2019,MDH,IL,AGL,CE,Federal Contract Tower,0,8,2,0,10,0,153,14,0,167,0,161,16,0,177,566,0,566,743
03/19/2019,MDH,IL,AGL,CE,Federal Contract Tower,0,3,2,0,5,0,176,20,0,196,0,179,22,0,201,436,0,436,637
03/20/2019,MDH,IL,AGL,CE,Federal Contract Tower,0,6,2,0,8,0,81,4,0,85,0,87,6,0,93,426,0,426,519
03/21/2019,MDH,IL,AGL,CE,Federal Contract Tower,0,5,0,0,5,0,184,12,0,196,0,189,12,0,201,610,0,610,811
03/22/2019,MDH,IL,AGL,CE,Federal Contract Tower,0,6,1,0,7,0,162,23,4,189,0,168,24,4,196,390,0,390,586
03/23/2019,MDH,IL,AGL,CE,Federal Contract Tower,0,4,0,0,4,0,108,55,0,163,0,112,55,0,167,242,0,242,409
03/24/2019,MDH,IL,AGL,CE,Federal Contract Tower,0,2,0,0,2,0,14,15,8,37,0,16,15,8,39,20,0,20,59
03/25/2019,MDH,IL,AGL,CE,Federal Contract Tower,0,2,2,0,4,0,49,2,0,51,0,51,4,0,55,162,0,162,217
03/26/2019,MDH,IL,AGL,CE,Federal Contract Tower,0,0,3,0,3,0,188,28,0,216,0,188,31,0,219,590,0,590,809
03/27/2019,MDH,IL,AGL,CE,Federal Contract Tower,0,0,0,0,0,0,2,6,0,8,0,2,6,0,8,630,0,630,638
03/28/2019,MDH,IL,AGL,CE,Federal Contract Tower,0,2,2,0,4,0,111,22,0,133,0,113,24,0,137,302,0,302,439
03/29/2019,MDH,IL,AGL,CE,Federal Contract Tower,0,5,2,0,7,0,98,6,0,104,0,103,8,0,111,146,0,146,257
03/30/2019,MDH,IL,AGL,CE,Federal Contract Tower,0,0,0,0,0,0,0,0,0,0,0,0,0,0,0,0,0,0,0
03/31/2019,MDH,IL,AGL,CE,Federal Contract Tower,0,5,1,0,6,0,72,36,1,109,0,77,37,1,115,174,0,174,289
04/01/2019,MDH,IL,AGL,CE,Federal Contract Tower,0,2,0,0,2,0,267,24,0,291,0,269,24,0,293,636,0,636,929
04/02/2019,MDH,IL,AGL,CE,Federal Contract Tower,0,3,2,0,5,0,142,24,3,169,0,145,26,3,174,439,0,439,613
04/03/2019,MDH,IL,AGL,CE,Federal Contract Tower,0,0,1,0,1,0,207,17,0,224,0,207,18,0,225,516,0,516,741
04/04/2019,MDH,IL,AGL,CE,Federal Contract Tower,0,6,2,0,8,0,51,6,0,57,0,57,8,0,65,118,0,118,183
04/05/2019,MDH,IL,AGL,CE,Federal Contract Tower,0,6,0,0,6,0,23,5,0,28,0,29,5,0,34,106,0,106,140
04/06/2019,MDH,IL,AGL,CE,Federal Contract Tower,0,3,4,0,7,0,88,38,0,126,0,91,42,0,133,334,0,334,467
04/07/2019,MDH,IL,AGL,CE,Federal Contract Tower,0,1,2,0,3,0,0,2,0,2,0,1,4,0,5,0,0,0,5
04/08/2019,MDH,IL,AGL,CE,Federal Contract Tower,0,7,0,0,7,0,168,6,0,174,0,175,6,0,181,524,0,524,705
04/09/2019,MDH,IL,AGL,CE,Federal Contract Tower,0,2,0,0,2,0,216,26,0,242,0,218,26,0,244,612,0,612,856
04/10/2019,MDH,IL,AGL,CE,Federal Contract Tower,0,8,1,0,9,0,172,17,0,189,0,180,18,0,198,460,0,460,658
04/11/2019,MDH,IL,AGL,CE,Federal Contract Tower,0,0,4,0,4,0,0,0,0,0,0,0,4,0,4,0,0,0,4
04/12/2019,MDH,IL,AGL,CE,Federal Contract Tower,0,2,1,0,3,0,102,15,10,127,0,104,16,10,130,218,0,218,348
04/13/2019,MDH,IL,AGL,CE,Federal Contract Tower,0,3,0,0,3,0,103,24,0,127,0,106,24,0,130,386,0,386,516
04/14/2019,MDH,IL,AGL,CE,Federal Contract Tower,0,7,0,0,7,0,6,1,0,7,0,13,1,0,14,2,0,2,16
04/15/2019,MDH,IL,AGL,CE,Federal Contract Tower,0,1,1,0,2,0,204,25,10,239,0,205,26,10,241,478,0,478,719
04/16/2019,MDH,IL,AGL,CE,Federal Contract Tower,0,4,0,0,4,0,57,13,0,70,0,61,13,0,74,120,0,120,194
04/17/2019,MDH,IL,AGL,CE,Federal Contract Tower,0,1,1,0,2,0,55,5,0,60,0,56,6,0,62,110,0,110,172
04/18/2019,MDH,IL,AGL,CE,Federal Contract Tower,0,5,0,0,5,0,0,0,0,0,0,5,0,0,5,0,0,0,5
04/19/2019,MDH,IL,AGL,CE,Federal Contract Tower,0,0,2,0,2,0,0,0,0,0,0,0,2,0,2,0,0,0,2
04/20/2019,MDH,IL,AGL,CE,Federal Contract Tower,0,1,0,0,1,0,23,21,0,44,0,24,21,0,45,58,0,58,103
04/21/2019,MDH,IL,AGL,CE,Federal Contract Tower,0,6,0,0,6,0,55,20,0,75,0,61,20,0,81,74,0,74,155
04/22/2019,MDH,IL,AGL,CE,Federal Contract Tower,0,5,3,0,8,0,167,28,0,195,0,172,31,0,203,422,0,422,625
04/23/2019,MDH,IL,AGL,CE,Federal Contract Tower,0,1,3,0,4,0,89,15,0,104,0,90,18,0,108,288,0,288,396
04/24/2019,MDH,IL,AGL,CE,Federal Contract Tower,0,0,5,0,5,0,50,9,0,59,0,50,14,0,64,134,0,134,198
04/25/2019,MDH,IL,AGL,CE,Federal Contract Tower,0,3,4,0,7,0,0,1,0,1,0,3,5,0,8,0,0,0,8
04/26/2019,MDH,IL,AGL,CE,Federal Contract Tower,0,4,2,0,6,0,11,36,3,50,0,15,38,3,56,226,0,226,282
04/27/2019,MDH,IL,AGL,CE,Federal Contract Tower,0,0,2,0,2,0,62,10,0,72,0,62,12,0,74,284,0,284,358
04/28/2019,MDH,IL,AGL,CE,Federal Contract Tower,0,4,3,0,7,0,119,20,0,139,0,123,23,0,146,371,0,371,517
04/29/2019,MDH,IL,AGL,CE,Federal Contract Tower,0,2,1,0,3,0,179,10,0,189,0,181,11,0,192,474,0,474,666
04/30/2019,MDH,IL,AGL,CE,Federal Contract Tower,0,5,2,0,7,0,52,21,0,73,0,57,23,0,80,124,0,124,204
05/01/2019,MDH,IL,AGL,CE,Federal Contract Tower,0,2,0,0,2,0,111,14,0,125,0,113,14,0,127,312,0,312,439
05/02/2019,MDH,IL,AGL,CE,Federal Contract Tower,0,2,0,0,2,0,37,1,0,38,0,39,1,0,40,284,0,284,324
05/03/2019,MDH,IL,AGL,CE,Federal Contract Tower,0,3,5,0,8,0,0,0,0,0,0,3,5,0,8,0,0,0,8
05/04/2019,MDH,IL,AGL,CE,Federal Contract Tower,2,2,0,0,4,0,0,0,0,0,2,2,0,0,4,0,0,0,4
05/05/2019,MDH,IL,AGL,CE,Federal Contract Tower,0,3,2,0,5,0,107,48,0,155,0,110,50,0,160,396,0,396,556
05/06/2019,MDH,IL,AGL,CE,Federal Contract Tower,0,7,1,0,8,0,301,82,0,383,0,308,83,0,391,856,0,856,1247
05/07/2019,MDH,IL,AGL,CE,Federal Contract Tower,0,5,2,0,7,0,168,47,0,215,0,173,49,0,222,598,0,598,820
05/08/2019,MDH,IL,AGL,CE,Federal Contract Tower,0,5,1,0,6,0,61,10,0,71,0,66,11,0,77,136,0,136,213
05/09/2019,MDH,IL,AGL,CE,Federal Contract Tower,0,9,3,0,12,0,3,0,0,3,0,12,3,0,15,0,0,0,15
05/10/2019,MDH,IL,AGL,CE,Federal Contract Tower,1,3,5,0,9,0,71,32,0,103,1,74,37,0,112,244,0,244,356
05/11/2019,MDH,IL,AGL,CE,Federal Contract Tower,0,1,6,0,7,0,0,5,0,5,0,1,11,0,12,24,0,24,36
05/12/2019,MDH,IL,AGL,CE,Federal Contract Tower,0,0,8,0,8,0,1,7,0,8,0,1,15,0,16,0,0,0,16
05/13/2019,MDH,IL,AGL,CE,Federal Contract Tower,0,3,1,0,4,0,52,21,0,73,0,55,22,0,77,164,0,164,241
05/14/2019,MDH,IL,AGL,CE,Federal Contract Tower,0,0,4,0,4,0,89,20,2,111,0,89,24,2,115,294,0,294,409
05/15/2019,MDH,IL,AGL,CE,Federal Contract Tower,0,9,1,0,10,0,21,13,0,34,0,30,14,0,44,76,0,76,120
05/16/2019,MDH,IL,AGL,CE,Federal Contract Tower,0,2,1,0,3,0,77,20,0,97,0,79,21,0,100,207,0,207,307
05/17/2019,MDH,IL,AGL,CE,Federal Contract Tower,0,5,0,0,5,0,61,29,0,90,0,66,29,0,95,184,0,184,279
05/18/2019,MDH,IL,AGL,CE,Federal Contract Tower,1,2,2,0,5,0,2,21,0,23,1,4,23,0,28,2,0,2,30
05/19/2019,MDH,IL,AGL,CE,Federal Contract Tower,2,2,1,0,5,0,8,1,0,9,2,10,2,0,14,0,0,0,14
05/20/2019,MDH,IL,AGL,CE,Federal Contract Tower,0,4,1,0,5,0,56,23,0,79,0,60,24,0,84,208,0,208,292
05/21/2019,MDH,IL,AGL,CE,Federal Contract Tower,0,6,0,0,6,0,0,0,0,0,0,6,0,0,6,48,0,48,54
05/22/2019,MDH,IL,AGL,CE,Federal Contract Tower,2,6,1,0,9,0,55,15,0,70,2,61,16,0,79,132,0,132,211
05/23/2019,MDH,IL,AGL,CE,Federal Contract Tower,0,3,0,0,3,0,54,14,0,68,0,57,14,0,71,122,0,122,193
05/24/2019,MDH,IL,AGL,CE,Federal Contract Tower,0,0,1,0,1,0,82,31,0,113,0,82,32,0,114,214,0,214,328
05/25/2019,MDH,IL,AGL,CE,Federal Contract Tower,0,0,5,0,5,0,3,9,0,12,0,3,14,0,17,0,0,0,17
05/26/2019,MDH,IL,AGL,CE,Federal Contract Tower,0,0,1,0,1,0,0,4,0,4,0,0,5,0,5,0,0,0,5
05/27/2019,MDH,IL,AGL,CE,Federal Contract Tower,0,1,0,0,1,0,3,11,0,14,0,4,11,0,15,4,0,4,19
05/28/2019,MDH,IL,AGL,CE,Federal Contract Tower,0,0,0,0,0,0,57,14,0,71,0,57,14,0,71,76,0,76,147
05/29/2019,MDH,IL,AGL,CE,Federal Contract Tower,0,1,0,0,1,0,64,14,0,78,0,65,14,0,79,142,0,142,221
05/30/2019,MDH,IL,AGL,CE,Federal Contract Tower,0,9,1,0,10,0,63,21,0,84,0,72,22,0,94,188,0,188,282
05/31/2019,MDH,IL,AGL,CE,Federal Contract Tower,0,6,4,0,10,0,94,43,0,137,0,100,47,0,147,252,0,252,399
06/01/2019,MDH,IL,AGL,CE,Federal Contract Tower,0,2,1,0,3,0,1,29,0,30,0,3,30,0,33,30,0,30,63
06/02/2019,MDH,IL,AGL,CE,Federal Contract Tower,0,0,2,0,2,0,0,27,1,28,0,0,29,1,30,46,0,46,76
06/03/2019,MDH,IL,AGL,CE,Federal Contract Tower,0,2,0,0,2,0,85,44,0,129,0,87,44,0,131,232,0,232,363
06/04/2019,MDH,IL,AGL,CE,Federal Contract Tower,0,5,0,0,5,0,72,36,0,108,0,77,36,0,113,212,0,212,325
06/05/2019,MDH,IL,AGL,CE,Federal Contract Tower,0,4,0,0,4,0,81,18,0,99,0,85,18,0,103,226,0,226,329
06/06/2019,MDH,IL,AGL,CE,Federal Contract Tower,0,4,2,0,6,0,34,7,0,41,0,38,9,0,47,96,0,96,143
06/07/2019,MDH,IL,AGL,CE,Federal Contract Tower,0,0,1,0,1,0,12,14,0,26,0,12,15,0,27,62,0,62,89
06/08/2019,MDH,IL,AGL,CE,Federal Contract Tower,0,0,0,0,0,0,0,0,0,0,0,0,0,0,0,0,0,0,0
06/09/2019,MDH,IL,AGL,CE,Federal Contract Tower,0,0,3,0,3,0,1,8,0,9,0,1,11,0,12,20,0,20,32
06/10/2019,MDH,IL,AGL,CE,Federal Contract Tower,0,5,0,0,5,0,25,7,0,32,0,30,7,0,37,40,0,40,77
06/11/2019,MDH,IL,AGL,CE,Federal Contract Tower,0,3,1,0,4,0,93,49,0,142,0,96,50,0,146,222,0,222,368
06/12/2019,MDH,IL,AGL,CE,Federal Contract Tower,0,2,2,0,4,0,72,23,0,95,0,74,25,0,99,148,0,148,247
06/13/2019,MDH,IL,AGL,CE,Federal Contract Tower,0,2,1,0,3,0,90,25,0,115,0,92,26,0,118,186,0,186,304
06/14/2019,MDH,IL,AGL,CE,Federal Contract Tower,0,8,2,1,11,0,59,46,0,105,0,67,48,1,116,202,0,202,318
06/15/2019,MDH,IL,AGL,CE,Federal Contract Tower,0,0,1,0,1,0,4,12,0,16,0,4,13,0,17,36,0,36,53
06/16/2019,MDH,IL,AGL,CE,Federal Contract Tower,0,3,0,0,3,0,0,2,0,2,0,3,2,0,5,0,0,0,5
06/17/2019,MDH,IL,AGL,CE,Federal Contract Tower,0,8,0,0,8,0,56,19,0,75,0,64,19,0,83,144,0,144,227
06/19/2019,MDH,IL,AGL,CE,Federal Contract Tower,2,2,0,0,4,0,52,20,0,72,2,54,20,0,76,162,0,162,238
06/20/2019,MDH,IL,AGL,CE,Federal Contract Tower,0,7,2,0,9,0,61,49,0,110,0,68,51,0,119,214,0,214,333
06/21/2019,MDH,IL,AGL,CE,Federal Contract Tower,0,7,0,0,7,0,47,13,0,60,0,54,13,0,67,94,0,94,161
06/22/2019,MDH,IL,AGL,CE,Federal Contract Tower,0,0,0,0,0,0,2,9,0,11,0,2,9,0,11,16,0,16,27
06/23/2019,MDH,IL,AGL,CE,Federal Contract Tower,0,2,0,0,2,0,0,0,0,0,0,2,0,0,2,0,0,0,2
06/24/2019,MDH,IL,AGL,CE,Federal Contract Tower,0,3,2,0,5,0,76,30,0,106,0,79,32,0,111,180,0,180,291
06/26/2019,MDH,IL,AGL,CE,Federal Contract Tower,3,0,0,0,3,0,86,14,0,100,3,86,14,0,103,194,0,194,297
06/27/2019,MDH,IL,AGL,CE,Federal Contract Tower,0,1,1,0,2,0,59,18,0,77,0,60,19,0,79,130,0,130,209
06/28/2019,MDH,IL,AGL,CE,Federal Contract Tower,0,0,0,0,0,0,92,27,0,119,0,92,27,0,119,220,0,220,339
06/29/2019,MDH,IL,AGL,CE,Federal Contract Tower,0,4,2,0,6,0,32,21,0,53,0,36,23,0,59,44,0,44,103
06/30/2019,MDH,IL,AGL,CE,Federal Contract Tower,0,0,2,0,2,0,5,30,0,35,0,5,32,0,37,44,0,44,81
07/01/2019,MDH,IL,AGL,CE,Federal Contract Tower,0,2,0,0,2,1,79,15,0,95,1,81,15,0,97,158,0,158,255
07/02/2019,MDH,IL,AGL,CE,Federal Contract Tower,0,8,0,0,8,0,96,21,0,117,0,104,21,0,125,240,0,240,365
07/03/2019,MDH,IL,AGL,CE,Federal Contract Tower,0,4,1,0,5,0,90,24,0,114,0,94,25,0,119,300,0,300,419
07/04/2019,MDH,IL,AGL,CE,Federal Contract Tower,0,0,0,0,0,0,1,18,0,19,0,1,18,0,19,14,0,14,33
07/05/2019,MDH,IL,AGL,CE,Federal Contract Tower,0,0,0,0,0,0,54,28,0,82,0,54,28,0,82,118,0,118,200
07/06/2019,MDH,IL,AGL,CE,Federal Contract Tower,0,0,0,0,0,0,8,2,0,10,0,8,2,0,10,8,0,8,18
07/07/2019,MDH,IL,AGL,CE,Federal Contract Tower,0,1,8,0,9,0,0,34,0,34,0,1,42,0,43,8,0,8,51
07/08/2019,MDH,IL,AGL,CE,Federal Contract Tower,0,3,2,0,5,0,91,33,0,124,0,94,35,0,129,258,0,258,387
07/09/2019,MDH,IL,AGL,CE,Federal Contract Tower,0,3,3,0,6,0,104,27,0,131,0,107,30,0,137,288,0,288,425
07/10/2019,MDH,IL,AGL,CE,Federal Contract Tower,0,3,2,0,5,0,48,16,0,64,0,51,18,0,69,162,0,162,231
07/11/2019,MDH,IL,AGL,CE,Federal Contract Tower,0,4,0,0,4,0,102,17,0,119,0,106,17,0,123,260,0,260,383
07/12/2019,MDH,IL,AGL,CE,Federal Contract Tower,0,2,6,0,8,0,87,27,0,114,0,89,33,0,122,222,0,222,344
07/13/2019,MDH,IL,AGL,CE,Federal Contract Tower,0,3,2,0,5,0,26,28,0,54,0,29,30,0,59,68,0,68,127
07/14/2019,MDH,IL,AGL,CE,Federal Contract Tower,0,0,3,0,3,0,7,27,0,34,0,7,30,0,37,20,0,20,57
07/15/2019,MDH,IL,AGL,CE,Federal Contract Tower,0,3,1,0,4,0,4,0,0,4,0,7,1,0,8,4,0,4,12
07/16/2019,MDH,IL,AGL,CE,Federal Contract Tower,0,0,1,0,1,0,3,0,0,3,0,3,1,0,4,4,0,4,8
07/17/2019,MDH,IL,AGL,CE,Federal Contract Tower,0,2,3,0,5,0,93,29,0,122,0,95,32,0,127,282,0,282,409
07/18/2019,MDH,IL,AGL,CE,Federal Contract Tower,0,1,3,0,4,0,90,28,0,118,0,91,31,0,122,308,0,308,430
07/19/2019,MDH,IL,AGL,CE,Federal Contract Tower,0,1,0,0,1,0,87,27,0,114,0,88,27,0,115,272,0,272,387
07/20/2019,MDH,IL,AGL,CE,Federal Contract Tower,0,1,2,0,3,0,2,6,0,8,0,3,8,0,11,108,0,108,119
07/21/2019,MDH,IL,AGL,CE,Federal Contract Tower,0,2,0,0,2,0,4,15,0,19,0,6,15,0,21,32,0,32,53
07/22/2019,MDH,IL,AGL,CE,Federal Contract Tower,0,1,1,0,2,0,19,5,0,24,0,20,6,0,26,48,0,48,74
07/23/2019,MDH,IL,AGL,CE,Federal Contract Tower,0,6,2,0,8,0,93,19,0,112,0,99,21,0,120,178,0,178,298
07/24/2019,MDH,IL,AGL,CE,Federal Contract Tower,0,0,1,0,1,0,85,25,0,110,0,85,26,0,111,156,0,156,267
07/25/2019,MDH,IL,AGL,CE,Federal Contract Tower,0,4,2,0,6,0,102,29,0,131,0,106,31,0,137,256,0,256,393
07/26/2019,MDH,IL,AGL,CE,Federal Contract Tower,0,0,0,0,0,0,81,36,0,117,0,81,36,0,117,278,0,278,395
07/27/2019,MDH,IL,AGL,CE,Federal Contract Tower,0,0,0,0,0,0,25,34,0,59,0,25,34,0,59,158,0,158,217
07/28/2019,MDH,IL,AGL,CE,Federal Contract Tower,0,0,1,0,1,0,2,14,0,16,0,2,15,0,17,4,0,4,21
07/29/2019,MDH,IL,AGL,CE,Federal Contract Tower,0,3,3,0,6,0,43,16,0,59,0,46,19,0,65,130,0,130,195
07/30/2019,MDH,IL,AGL,CE,Federal Contract Tower,0,4,1,0,5,0,11,33,0,44,0,15,34,0,49,308,0,308,357
07/31/2019,MDH,IL,AGL,CE,Federal Contract Tower,0,5,2,0,7,0,80,20,0,100,0,85,22,0,107,224,0,224,331
08/01/2019,MDH,IL,AGL,CE,Federal Contract Tower,0,1,5,0,6,0,59,30,0,89,0,60,35,0,95,154,0,154,249
08/02/2019,MDH,IL,AGL,CE,Federal Contract Tower,0,0,4,0,4,0,75,29,3,107,0,75,33,3,111,200,0,200,311
08/03/2019,MDH,IL,AGL,CE,Federal Contract Tower,0,0,0,0,0,0,3,26,0,29,0,3,26,0,29,40,0,40,69
08/04/2019,MDH,IL,AGL,CE,Federal Contract Tower,0,0,2,0,2,0,1,35,0,36,0,1,37,0,38,70,0,70,108
08/05/2019,MDH,IL,AGL,CE,Federal Contract Tower,0,2,1,0,3,0,47,28,0,75,0,49,29,0,78,142,0,142,220
08/06/2019,MDH,IL,AGL,CE,Federal Contract Tower,0,2,0,0,2,0,30,30,0,60,0,32,30,0,62,68,0,68,130
08/07/2019,MDH,IL,AGL,CE,Federal Contract Tower,0,5,2,0,7,0,40,22,0,62,0,45,24,0,69,102,0,102,171
08/08/2019,MDH,IL,AGL,CE,Federal Contract Tower,0,0,0,0,0,0,14,28,0,42,0,14,28,0,42,64,0,64,106
08/09/2019,MDH,IL,AGL,CE,Federal Contract Tower,0,0,3,0,3,0,12,18,0,30,0,12,21,0,33,40,0,40,73
08/10/2019,MDH,IL,AGL,CE,Federal Contract Tower,0,0,1,0,1,0,4,20,0,24,0,4,21,0,25,26,0,26,51
08/11/2019,MDH,IL,AGL,CE,Federal Contract Tower,0,0,0,0,0,0,3,21,6,30,0,3,21,6,30,14,0,14,44
08/12/2019,MDH,IL,AGL,CE,Federal Contract Tower,0,0,0,0,0,0,4,19,0,23,0,4,19,0,23,28,0,28,51
08/13/2019,MDH,IL,AGL,CE,Federal Contract Tower,0,0,1,0,1,0,11,18,0,29,0,11,19,0,30,38,0,38,68
08/14/2019,MDH,IL,AGL,CE,Federal Contract Tower,0,3,1,0,4,0,37,32,0,69,0,40,33,0,73,88,0,88,161
08/15/2019,MDH,IL,AGL,CE,Federal Contract Tower,0,1,0,0,1,0,48,27,0,75,0,49,27,0,76,180,0,180,256
08/16/2019,MDH,IL,AGL,CE,Federal Contract Tower,0,5,3,0,8,0,39,19,1,59,0,44,22,1,67,136,0,136,203
08/17/2019,MDH,IL,AGL,CE,Federal Contract Tower,0,0,4,0,4,0,3,28,0,31,0,3,32,0,35,68,0,68,103
08/18/2019,MDH,IL,AGL,CE,Federal Contract Tower,0,0,2,0,2,0,0,8,0,8,0,0,10,0,10,0,0,0,10
08/19/2019,MDH,IL,AGL,CE,Federal Contract Tower,0,0,2,0,2,0,45,25,0,70,0,45,27,0,72,120,0,120,192
08/20/2019,MDH,IL,AGL,CE,Federal Contract Tower,0,0,1,0,1,0,32,7,0,39,0,32,8,0,40,60,0,60,100
08/21/2019,MDH,IL,AGL,CE,Federal Contract Tower,0,0,1,0,1,0,53,15,0,68,0,53,16,0,69,162,0,162,231
08/22/2019,MDH,IL,AGL,CE,Federal Contract Tower,0,0,0,0,0,0,0,7,0,7,0,0,7,0,7,6,0,6,13
08/23/2019,MDH,IL,AGL,CE,Federal Contract Tower,0,0,0,0,0,0,34,10,0,44,0,34,10,0,44,64,0,64,108
08/24/2019,MDH,IL,AGL,CE,Federal Contract Tower,0,0,2,0,2,0,44,39,0,83,0,44,41,0,85,100,0,100,185
08/25/2019,MDH,IL,AGL,CE,Federal Contract Tower,0,0,2,0,2,0,16,12,0,28,0,16,14,0,30,50,0,50,80
08/26/2019,MDH,IL,AGL,CE,Federal Contract Tower,0,8,7,0,15,0,18,4,0,22,0,26,11,0,37,12,0,12,49
08/27/2019,MDH,IL,AGL,CE,Federal Contract Tower,0,4,6,0,10,0,53,7,0,60,0,57,13,0,70,72,0,72,142
08/28/2019,MDH,IL,AGL,CE,Federal Contract Tower,2,0,3,0,5,0,182,16,0,198,2,182,19,0,203,308,0,308,511
08/29/2019,MDH,IL,AGL,CE,Federal Contract Tower,0,3,0,0,3,0,138,29,0,167,0,141,29,0,170,322,0,322,492
08/30/2019,MDH,IL,AGL,CE,Federal Contract Tower,0,2,3,0,5,0,134,24,0,158,0,136,27,0,163,378,0,378,541
08/31/2019,MDH,IL,AGL,CE,Federal Contract Tower,0,2,0,4,6,0,39,33,0,72,0,41,33,4,78,106,0,106,184
09/01/2019,MDH,IL,AGL,CE,Federal Contract Tower,0,0,2,0,2,0,6,18,0,24,0,6,20,0,26,32,0,32,58
09/03/2019,MDH,IL,AGL,CE,Federal Contract Tower,0,2,0,0,2,0,138,25,0,163,0,140,25,0,165,354,0,354,519
09/04/2019,MDH,IL,AGL,CE,Federal Contract Tower,0,0,1,0,1,0,164,20,0,184,0,164,21,0,185,434,0,434,619
09/05/2019,MDH,IL,AGL,CE,Federal Contract Tower,0,9,0,0,9,0,199,27,0,226,0,208,27,0,235,586,0,586,821
09/06/2019,MDH,IL,AGL,CE,Federal Contract Tower,0,2,0,0,2,0,96,14,0,110,0,98,14,0,112,248,0,248,360
09/07/2019,MDH,IL,AGL,CE,Federal Contract Tower,0,3,0,0,3,0,53,30,0,83,0,56,30,0,86,242,0,242,328
09/08/2019,MDH,IL,AGL,CE,Federal Contract Tower,0,0,3,0,3,0,6,8,0,14,0,6,11,0,17,22,0,22,39
09/09/2019,MDH,IL,AGL,CE,Federal Contract Tower,0,3,0,0,3,0,171,22,0,193,0,174,22,0,196,398,0,398,594
09/10/2019,MDH,IL,AGL,CE,Federal Contract Tower,0,5,0,0,5,0,151,20,0,171,0,156,20,0,176,424,0,424,600
09/11/2019,MDH,IL,AGL,CE,Federal Contract Tower,0,0,1,0,1,0,110,26,0,136,0,110,27,0,137,306,0,306,443
09/12/2019,MDH,IL,AGL,CE,Federal Contract Tower,0,4,0,0,4,0,170,24,0,194,0,174,24,0,198,552,0,552,750
09/13/2019,MDH,IL,AGL,CE,Federal Contract Tower,0,4,0,0,4,0,107,29,0,136,0,111,29,0,140,276,0,276,416
09/14/2019,MDH,IL,AGL,CE,Federal Contract Tower,0,4,0,0,4,0,37,46,0,83,0,41,46,0,87,90,0,90,177
09/15/2019,MDH,IL,AGL,CE,Federal Contract Tower,0,2,2,0,4,0,26,27,0,53,0,28,29,0,57,52,0,52,109
09/16/2019,MDH,IL,AGL,CE,Federal Contract Tower,0,5,1,0,6,0,179,31,0,210,0,184,32,0,216,432,0,432,648
09/17/2019,MDH,IL,AGL,CE,Federal Contract Tower,0,2,0,0,2,0,136,29,0,165,0,138,29,0,167,428,0,428,595
09/18/2019,MDH,IL,AGL,CE,Federal Contract Tower,0,0,1,0,1,0,177,30,0,207,0,177,31,0,208,464,0,464,672
09/19/2019,MDH,IL,AGL,CE,Federal Contract Tower,0,4,3,0,7,0,199,27,0,226,0,203,30,0,233,666,0,666,899
09/20/2019,MDH,IL,AGL,CE,Federal Contract Tower,0,7,2,0,9,0,93,21,0,114,0,100,23,0,123,242,0,242,365
09/21/2019,MDH,IL,AGL,CE,Federal Contract Tower,0,4,4,0,8,0,47,42,0,89,0,51,46,0,97,118,0,118,215
09/22/2019,MDH,IL,AGL,CE,Federal Contract Tower,0,1,1,0,2,0,10,4,0,14,0,11,5,0,16,42,0,42,58
09/23/2019,MDH,IL,AGL,CE,Federal Contract Tower,0,1,1,0,2,0,107,16,0,123,0,108,17,0,125,418,0,418,543
09/24/2019,MDH,IL,AGL,CE,Federal Contract Tower,0,4,1,0,5,0,175,23,2,200,0,179,24,2,205,510,0,510,715
09/25/2019,MDH,IL,AGL,CE,Federal Contract Tower,0,2,2,0,4,0,118,16,0,134,0,120,18,0,138,204,0,204,342
09/26/2019,MDH,IL,AGL,CE,Federal Contract Tower,0,3,4,0,7,0,223,38,0,261,0,226,42,0,268,730,0,730,998
09/27/2019,MDH,IL,AGL,CE,Federal Contract Tower,0,0,1,0,1,0,66,16,0,82,0,66,17,0,83,140,0,140,223
09/28/2019,MDH,IL,AGL,CE,Federal Contract Tower,0,2,2,0,4,0,42,14,0,56,0,44,16,0,60,52,0,52,112
09/29/2019,MDH,IL,AGL,CE,Federal Contract Tower,0,2,2,0,4,0,18,11,0,29,0,20,13,0,33,32,0,32,65
09/30/2019,MDH,IL,AGL,CE,Federal Contract Tower,0,2,1,0,3,0,122,22,0,144,0,124,23,0,147,274,0,274,421
10/01/2019,MDH,IL,AGL,CE,Federal Contract Tower,0,3,0,0,3,0,168,19,0,187,0,171,19,0,190,354,0,354,544
10/02/2019,MDH,IL,AGL,CE,Federal Contract Tower,0,2,0,0,2,0,134,23,0,157,0,136,23,0,159,307,0,307,466
10/03/2019,MDH,IL,AGL,CE,Federal Contract Tower,0,3,2,0,5,0,201,33,0,234,0,204,35,0,239,688,0,688,927
10/04/2019,MDH,IL,AGL,CE,Federal Contract Tower,0,2,2,0,4,0,155,33,0,188,0,157,35,0,192,422,0,422,614
10/05/2019,MDH,IL,AGL,CE,Federal Contract Tower,0,3,2,0,5,0,109,29,0,138,0,112,31,0,143,286,0,286,429
10/06/2019,MDH,IL,AGL,CE,Federal Contract Tower,0,0,1,0,1,0,0,1,0,1,0,0,2,0,2,0,0,0,2
10/07/2019,MDH,IL,AGL,CE,Federal Contract Tower,0,2,2,0,4,0,154,34,0,188,0,156,36,0,192,474,0,474,666
10/08/2019,MDH,IL,AGL,CE,Federal Contract Tower,0,3,0,0,3,0,112,27,0,139,0,115,27,0,142,350,0,350,492
10/09/2019,MDH,IL,AGL,CE,Federal Contract Tower,0,4,0,0,4,0,170,28,0,198,0,174,28,0,202,512,0,512,714
10/10/2019,MDH,IL,AGL,CE,Federal Contract Tower,0,0,0,0,0,0,190,17,0,207,0,190,17,0,207,538,0,538,745
10/11/2019,MDH,IL,AGL,CE,Federal Contract Tower,0,4,2,0,6,0,2,0,0,2,0,6,2,0,8,0,0,0,8
10/12/2019,MDH,IL,AGL,CE,Federal Contract Tower,0,2,0,0,2,0,72,24,0,96,0,74,24,0,98,206,0,206,304
10/13/2019,MDH,IL,AGL,CE,Federal Contract Tower,0,0,6,0,6,0,119,38,0,157,0,119,44,0,163,358,0,358,521
10/16/2019,MDH,IL,AGL,CE,Federal Contract Tower,0,1,2,0,3,0,154,30,0,184,0,155,32,0,187,372,0,372,559
10/17/2019,MDH,IL,AGL,CE,Federal Contract Tower,0,1,3,0,4,0,226,30,0,256,0,227,33,0,260,768,0,768,1028
10/18/2019,MDH,IL,AGL,CE,Federal Contract Tower,0,2,3,0,5,0,192,40,0,232,0,194,43,0,237,482,0,482,719
10/19/2019,MDH,IL,AGL,CE,Federal Contract Tower,2,1,1,0,4,0,177,25,0,202,2,178,26,0,206,94,0,94,300
10/20/2019,MDH,IL,AGL,CE,Federal Contract Tower,0,8,4,0,12,0,4,24,6,34,0,12,28,6,46,60,0,60,106
10/21/2019,MDH,IL,AGL,CE,Federal Contract Tower,0,5,1,0,6,0,43,6,0,49,0,48,7,0,55,236,0,236,291
10/22/2019,MDH,IL,AGL,CE,Federal Contract Tower,0,2,0,0,2,0,128,9,0,137,0,130,9,0,139,264,0,264,403
10/23/2019,MDH,IL,AGL,CE,Federal Contract Tower,0,8,0,0,8,0,114,15,0,129,0,122,15,0,137,258,0,258,395
10/24/2019,MDH,IL,AGL,CE,Federal Contract Tower,1,2,2,0,5,0,179,10,0,189,1,181,12,0,194,572,0,572,766
10/25/2019,MDH,IL,AGL,CE,Federal Contract Tower,0,3,1,0,4,0,245,35,0,280,0,248,36,0,284,746,0,746,1030
10/26/2019,MDH,IL,AGL,CE,Federal Contract Tower,0,0,3,0,3,0,0,0,0,0,0,0,3,0,3,0,0,0,3
10/27/2019,MDH,IL,AGL,CE,Federal Contract Tower,0,0,7,0,7,0,321,32,0,353,0,321,39,0,360,668,0,668,1028
10/28/2019,MDH,IL,AGL,CE,Federal Contract Tower,0,2,0,0,2,0,206,12,0,218,0,208,12,0,220,906,0,906,1126
10/29/2019,MDH,IL,AGL,CE,Federal Contract Tower,0,2,0,0,2,0,19,5,0,24,0,21,5,0,26,76,0,76,102
10/30/2019,MDH,IL,AGL,CE,Federal Contract Tower,0,5,1,0,6,0,0,0,0,0,0,5,1,0,6,0,0,0,6
10/31/2019,MDH,IL,AGL,CE,Federal Contract Tower,0,0,0,0,0,0,7,0,0,7,0,7,0,0,7,10,0,10,17
11/01/2019,MDH,IL,AGL,CE,Federal Contract Tower,0,2,0,0,2,0,189,29,0,218,0,191,29,0,220,300,0,300,520
11/02/2019,MDH,IL,AGL,CE,Federal Contract Tower,0,0,1,0,1,0,95,21,0,116,0,95,22,0,117,220,0,220,337
11/03/2019,MDH,IL,AGL,CE,Federal Contract Tower,0,0,1,0,1,0,43,27,0,70,0,43,28,0,71,142,0,142,213
11/04/2019,MDH,IL,AGL,CE,Federal Contract Tower,0,3,1,0,4,0,165,22,0,187,0,168,23,0,191,472,0,472,663
11/05/2019,MDH,IL,AGL,CE,Federal Contract Tower,0,0,0,0,0,0,256,38,0,294,0,256,38,0,294,556,0,556,850
11/06/2019,MDH,IL,AGL,CE,Federal Contract Tower,0,4,7,0,11,0,63,8,0,71,0,67,15,0,82,136,0,136,218
11/07/2019,MDH,IL,AGL,CE,Federal Contract Tower,0,4,1,0,5,0,22,14,0,36,0,26,15,0,41,92,0,92,133
11/08/2019,MDH,IL,AGL,CE,Federal Contract Tower,2,0,1,0,3,0,188,25,0,213,2,188,26,0,216,378,0,378,594
11/09/2019,MDH,IL,AGL,CE,Federal Contract Tower,0,0,0,0,0,0,57,28,0,85,0,57,28,0,85,117,0,117,202
11/10/2019,MDH,IL,AGL,CE,Federal Contract Tower,0,4,4,0,8,0,68,19,0,87,0,72,23,0,95,150,0,150,245
11/11/2019,MDH,IL,AGL,CE,Federal Contract Tower,0,0,0,0,0,0,0,0,0,0,0,0,0,0,0,0,0,0,0
11/12/2019,MDH,IL,AGL,CE,Federal Contract Tower,0,0,0,0,0,0,7,3,0,10,0,7,3,0,10,8,0,8,18
11/13/2019,MDH,IL,AGL,CE,Federal Contract Tower,0,1,2,0,3,0,105,34,0,139,0,106,36,0,142,230,0,230,372
11/14/2019,MDH,IL,AGL,CE,Federal Contract Tower,0,1,4,0,5,0,202,41,0,243,0,203,45,0,248,542,0,542,790
11/15/2019,MDH,IL,AGL,CE,Federal Contract Tower,0,0,1,0,1,0,96,19,0,115,0,96,20,0,116,236,0,236,352
11/16/2019,MDH,IL,AGL,CE,Federal Contract Tower,0,0,1,0,1,0,92,25,0,117,0,92,26,0,118,290,0,290,408
11/17/2019,MDH,IL,AGL,CE,Federal Contract Tower,0,3,1,0,4,0,30,7,0,37,0,33,8,0,41,70,0,70,111
11/18/2019,MDH,IL,AGL,CE,Federal Contract Tower,0,1,0,0,1,0,149,11,0,160,0,150,11,0,161,434,0,434,595
11/19/2019,MDH,IL,AGL,CE,Federal Contract Tower,0,4,0,0,4,0,91,18,0,109,0,95,18,0,113,316,0,316,429
11/20/2019,MDH,IL,AGL,CE,Federal Contract Tower,0,4,6,0,10,0,175,33,0,208,0,179,39,0,218,510,0,510,728
11/21/2019,MDH,IL,AGL,CE,Federal Contract Tower,0,10,1,0,11,0,2,9,0,11,0,12,10,0,22,10,0,10,32
11/22/2019,MDH,IL,AGL,CE,Federal Contract Tower,0,0,6,0,6,0,62,11,0,73,0,62,17,0,79,180,0,180,259
11/23/2019,MDH,IL,AGL,CE,Federal Contract Tower,0,0,4,0,4,0,0,0,0,0,0,0,4,0,4,0,0,0,4
11/24/2019,MDH,IL,AGL,CE,Federal Contract Tower,0,0,4,0,4,0,0,21,0,21,0,0,25,0,25,42,0,42,67
11/25/2019,MDH,IL,AGL,CE,Federal Contract Tower,0,0,2,0,2,0,66,25,0,91,0,66,27,0,93,190,0,190,283
11/26/2019,MDH,IL,AGL,CE,Federal Contract Tower,0,2,1,0,3,0,3,0,0,3,0,5,1,0,6,0,0,0,6
11/27/2019,MDH,IL,AGL,CE,Federal Contract Tower,0,0,2,0,2,0,3,4,0,7,0,3,6,0,9,6,0,6,15
11/28/2019,MDH,IL,AGL,CE,Federal Contract Tower,0,2,0,0,2,0,0,2,0,2,0,2,2,0,4,6,0,6,10
11/29/2019,MDH,IL,AGL,CE,Federal Contract Tower,0,1,2,0,3,0,0,4,0,4,0,1,6,0,7,4,0,4,11
11/30/2019,MDH,IL,AGL,CE,Federal Contract Tower,0,1,0,0,1,0,0,0,0,0,0,1,0,0,1,0,0,0,1
12/01/2019,MDH,IL,AGL,CE,Federal Contract Tower,0,4,1,0,5,0,1,6,0,7,0,5,7,0,12,6,0,6,18
12/02/2019,MDH,IL,AGL,CE,Federal Contract Tower,0,3,6,0,9,0,55,7,0,62,0,58,13,0,71,172,0,172,243
12/03/2019,MDH,IL,AGL,CE,Federal Contract Tower,0,6,1,0,7,0,169,9,0,178,0,175,10,0,185,416,0,416,601
12/04/2019,MDH,IL,AGL,CE,Federal Contract Tower,0,10,1,0,11,0,134,23,0,157,0,144,24,0,168,284,0,284,452
12/05/2019,MDH,IL,AGL,CE,Federal Contract Tower,0,7,0,0,7,0,149,10,0,159,0,156,10,0,166,360,0,360,526
12/06/2019,MDH,IL,AGL,CE,Federal Contract Tower,0,7,3,0,10,0,98,3,0,101,0,105,6,0,111,236,0,236,347
12/07/2019,MDH,IL,AGL,CE,Federal Contract Tower,0,2,3,0,5,0,84,41,0,125,0,86,44,0,130,298,0,298,428
12/08/2019,MDH,IL,AGL,CE,Federal Contract Tower,0,3,3,0,6,0,26,13,0,39,0,29,16,0,45,106,0,106,151
12/09/2019,MDH,IL,AGL,CE,Federal Contract Tower,0,0,0,0,0,0,0,0,0,0,0,0,0,0,0,0,0,0,0
12/10/2019,MDH,IL,AGL,CE,Federal Contract Tower,0,1,0,0,1,0,106,13,0,119,0,107,13,0,120,254,0,254,374
12/11/2019,MDH,IL,AGL,CE,Federal Contract Tower,0,5,7,0,12,0,79,18,0,97,0,84,25,0,109,180,0,180,289
12/12/2019,MDH,IL,AGL,CE,Federal Contract Tower,0,2,4,0,6,0,82,30,0,112,0,84,34,0,118,280,0,280,398
12/13/2019,MDH,IL,AGL,CE,Federal Contract Tower,0,1,3,0,4,0,39,2,0,41,0,40,5,0,45,100,0,100,145
12/14/2019,MDH,IL,AGL,CE,Federal Contract Tower,0,0,3,0,3,0,0,5,0,5,0,0,8,0,8,0,0,0,8
12/15/2019,MDH,IL,AGL,CE,Federal Contract Tower,0,2,2,0,4,0,1,3,0,4,0,3,5,0,8,0,0,0,8
12/16/2019,MDH,IL,AGL,CE,Federal Contract Tower,0,0,0,0,0,0,0,0,0,0,0,0,0,0,0,0,0,0,0
12/17/2019,MDH,IL,AGL,CE,Federal Contract Tower,0,0,2,0,2,0,10,18,0,28,0,10,20,0,30,52,0,52,82
12/18/2019,MDH,IL,AGL,CE,Federal Contract Tower,0,0,0,0,0,0,4,14,0,18,0,4,14,0,18,22,0,22,40
12/19/2019,MDH,IL,AGL,CE,Federal Contract Tower,0,0,0,0,0,0,23,8,9,40,0,23,8,9,40,78,8,86,126
12/20/2019,MDH,IL,AGL,CE,Federal Contract Tower,0,0,1,0,1,0,23,9,0,32,0,23,10,0,33,70,0,70,103
12/21/2019,MDH,IL,AGL,CE,Federal Contract Tower,0,0,1,0,1,0,6,23,0,29,0,6,24,0,30,20,0,20,50
12/22/2019,MDH,IL,AGL,CE,Federal Contract Tower,0,0,4,0,4,0,0,11,0,11,0,0,15,0,15,18,0,18,33
12/23/2019,MDH,IL,AGL,CE,Federal Contract Tower,0,0,0,0,0,0,0,14,0,14,0,0,14,0,14,28,0,28,42
12/24/2019,MDH,IL,AGL,CE,Federal Contract Tower,0,0,0,0,0,0,0,8,0,8,0,0,8,0,8,18,0,18,26
12/25/2019,MDH,IL,AGL,CE,Federal Contract Tower,0,2,1,0,3,0,0,4,0,4,0,2,5,0,7,0,0,0,7
12/26/2019,MDH,IL,AGL,CE,Federal Contract Tower,0,2,1,0,3,0,9,10,0,19,0,11,11,0,22,20,0,20,42
12/27/2019,MDH,IL,AGL,CE,Federal Contract Tower,0,0,2,0,2,0,4,3,0,7,0,4,5,0,9,4,0,4,13
12/28/2019,MDH,IL,AGL,CE,Federal Contract Tower,0,2,0,0,2,0,0,0,0,0,0,2,0,0,2,0,0,0,2
12/29/2019,MDH,IL,AGL,CE,Federal Contract Tower,0,0,0,0,0,0,1,0,0,1,0,1,0,0,1,0,0,0,1
12/30/2019,MDH,IL,AGL,CE,Federal Contract Tower,0,0,0,0,0,0,0,4,0,4,0,0,4,0,4,20,0,20,24
12/31/2019,MDH,IL,AGL,CE,Federal Contract Tower,0,2,0,0,2,0,0,14,0,14,0,2,14,0,16,8,0,8,24
01/01/2020,MDH,IL,AGL,CE,Federal Contract Tower,0,2,0,0,2,0,0,9,0,9,0,2,9,0,11,12,0,12,23
01/02/2020,MDH,IL,AGL,CE,Federal Contract Tower,0,0,0,0,0,0,0,4,0,4,0,0,4,0,4,10,0,10,14
01/03/2020,MDH,IL,AGL,CE,Federal Contract Tower,0,0,0,0,0,0,0,0,0,0,0,0,0,0,0,0,0,0,0
01/04/2020,MDH,IL,AGL,CE,Federal Contract Tower,0,0,2,0,2,0,3,0,0,3,0,3,2,0,5,0,0,0,5
01/05/2020,MDH,IL,AGL,CE,Federal Contract Tower,0,0,2,0,2,0,0,11,2,13,0,0,13,2,15,4,0,4,19
01/06/2020,MDH,IL,AGL,CE,Federal Contract Tower,0,0,0,0,0,0,22,20,0,42,0,22,20,0,42,44,0,44,86
01/07/2020,MDH,IL,AGL,CE,Federal Contract Tower,0,1,0,0,1,0,19,11,0,30,0,20,11,0,31,12,0,12,43
01/08/2020,MDH,IL,AGL,CE,Federal Contract Tower,0,3,2,0,5,0,15,19,0,34,0,18,21,0,39,36,0,36,75
01/09/2020,MDH,IL,AGL,CE,Federal Contract Tower,0,0,3,0,3,0,4,10,0,14,0,4,13,0,17,2,0,2,19
01/10/2020,MDH,IL,AGL,CE,Federal Contract Tower,0,0,0,0,0,0,0,0,0,0,0,0,0,0,0,0,0,0,0
01/11/2020,MDH,IL,AGL,CE,Federal Contract Tower,1,0,0,0,1,0,0,0,0,0,1,0,0,0,1,0,0,0,1
01/12/2020,MDH,IL,AGL,CE,Federal Contract Tower,2,0,2,0,4,0,0,0,0,0,2,0,2,0,4,0,0,0,4
01/13/2020,MDH,IL,AGL,CE,Federal Contract Tower,0,0,1,0,1,0,2,8,0,10,0,2,9,0,11,40,0,40,51
01/14/2020,MDH,IL,AGL,CE,Federal Contract Tower,0,0,2,0,2,0,65,18,0,83,0,65,20,0,85,178,0,178,263
01/15/2020,MDH,IL,AGL,CE,Federal Contract Tower,0,0,0,0,0,0,20,12,0,32,0,20,12,0,32,124,0,124,156
01/16/2020,MDH,IL,AGL,CE,Federal Contract Tower,0,0,3,0,3,0,154,22,0,176,0,154,25,0,179,430,0,430,609
01/17/2020,MDH,IL,AGL,CE,Federal Contract Tower,0,0,1,0,1,0,13,15,0,28,0,13,16,0,29,50,0,50,79
01/18/2020,MDH,IL,AGL,CE,Federal Contract Tower,0,1,2,0,3,0,1,6,0,7,0,2,8,0,10,76,0,76,86
01/19/2020,MDH,IL,AGL,CE,Federal Contract Tower,0,1,0,0,1,0,40,14,0,54,0,41,14,0,55,78,0,78,133
01/20/2020,MDH,IL,AGL,CE,Federal Contract Tower,0,0,0,0,0,0,2,2,0,4,0,2,2,0,4,0,0,0,4
01/21/2020,MDH,IL,AGL,CE,Federal Contract Tower,0,4,7,0,11,0,86,13,0,99,0,90,20,0,110,228,0,228,338
01/22/2020,MDH,IL,AGL,CE,Federal Contract Tower,0,0,0,0,0,0,171,21,0,192,0,171,21,0,192,484,0,484,676
01/23/2020,MDH,IL,AGL,CE,Federal Contract Tower,0,0,0,0,0,0,4,8,0,12,0,4,8,0,12,14,0,14,26
01/24/2020,MDH,IL,AGL,CE,Federal Contract Tower,0,0,0,0,0,0,0,0,0,0,0,0,0,0,0,0,0,0,0
01/25/2020,MDH,IL,AGL,CE,Federal Contract Tower,0,0,0,0,0,0,7,7,0,14,0,7,7,0,14,54,0,54,68
01/26/2020,MDH,IL,AGL,CE,Federal Contract Tower,0,0,3,0,3,0,54,19,0,73,0,54,22,0,76,146,0,146,222
01/27/2020,MDH,IL,AGL,CE,Federal Contract Tower,0,0,2,0,2,0,0,0,0,0,0,0,2,0,2,0,0,0,2
01/28/2020,MDH,IL,AGL,CE,Federal Contract Tower,0,2,2,0,4,0,0,0,0,0,0,2,2,0,4,0,0,0,4
01/29/2020,MDH,IL,AGL,CE,Federal Contract Tower,0,2,2,0,4,0,0,0,0,0,0,2,2,0,4,0,0,0,4
01/30/2020,MDH,IL,AGL,CE,Federal Contract Tower,0,0,1,0,1,0,12,0,0,12,0,12,1,0,13,18,0,18,31
01/31/2020,MDH,IL,AGL,CE,Federal Contract Tower,0,1,1,0,2,0,3,0,0,3,0,4,1,0,5,0,0,0,5
02/01/2020,MDH,IL,AGL,CE,Federal Contract Tower,0,0,2,0,2,0,106,46,0,152,0,106,48,0,154,392,0,392,546
02/02/2020,MDH,IL,AGL,CE,Federal Contract Tower,0,5,1,0,6,0,109,33,0,142,0,114,34,0,148,296,0,296,444
02/03/2020,MDH,IL,AGL,CE,Federal Contract Tower,0,9,3,0,12,0,153,17,0,170,0,162,20,0,182,274,0,274,456
02/04/2020,MDH,IL,AGL,CE,Federal Contract Tower,0,2,0,0,2,0,0,0,0,0,0,2,0,0,2,0,0,0,2
02/05/2020,MDH,IL,AGL,CE,Federal Contract Tower,0,0,0,0,0,0,0,0,0,0,0,0,0,0,0,0,0,0,0
02/06/2020,MDH,IL,AGL,CE,Federal Contract Tower,0,0,0,0,0,0,4,0,0,4,0,4,0,0,4,52,0,52,56
02/07/2020,MDH,IL,AGL,CE,Federal Contract Tower,0,0,5,0,5,0,207,29,0,236,0,207,34,0,241,490,0,490,731
02/08/2020,MDH,IL,AGL,CE,Federal Contract Tower,0,0,0,0,0,0,120,38,0,158,0,120,38,0,158,330,0,330,488
02/09/2020,MDH,IL,AGL,CE,Federal Contract Tower,0,0,0,0,0,0,13,0,0,13,0,13,0,0,13,12,0,12,25
02/10/2020,MDH,IL,AGL,CE,Federal Contract Tower,0,0,6,0,6,0,0,0,0,0,0,0,6,0,6,0,0,0,6
02/11/2020,MDH,IL,AGL,CE,Federal Contract Tower,0,2,0,0,2,0,108,13,0,121,0,110,13,0,123,334,0,334,457
02/12/2020,MDH,IL,AGL,CE,Federal Contract Tower,0,0,0,0,0,0,0,0,0,0,0,0,0,0,0,0,0,0,0
02/13/2020,MDH,IL,AGL,CE,Federal Contract Tower,0,0,1,0,1,0,54,3,0,57,0,54,4,0,58,280,0,280,338
02/14/2020,MDH,IL,AGL,CE,Federal Contract Tower,0,2,2,0,4,0,135,25,0,160,0,137,27,0,164,292,0,292,456
02/15/2020,MDH,IL,AGL,CE,Federal Contract Tower,0,9,0,0,9,0,96,24,0,120,0,105,24,0,129,186,0,186,315
02/16/2020,MDH,IL,AGL,CE,Federal Contract Tower,0,1,0,0,1,0,116,19,0,135,0,117,19,0,136,272,0,272,408
02/17/2020,MDH,IL,AGL,CE,Federal Contract Tower,0,9,2,0,11,0,61,12,0,73,0,70,14,0,84,238,0,238,322
02/18/2020,MDH,IL,AGL,CE,Federal Contract Tower,0,2,1,0,3,0,109,18,0,127,0,111,19,0,130,222,0,222,352
02/19/2020,MDH,IL,AGL,CE,Federal Contract Tower,0,0,0,0,0,0,179,26,0,205,0,179,26,0,205,406,0,406,611
02/20/2020,MDH,IL,AGL,CE,Federal Contract Tower,0,1,0,0,1,0,221,14,2,237,0,222,14,2,238,535,0,535,773
02/21/2020,MDH,IL,AGL,CE,Federal Contract Tower,0,1,3,0,4,0,149,14,0,163,0,150,17,0,167,352,0,352,519
02/22/2020,MDH,IL,AGL,CE,Federal Contract Tower,0,1,2,0,3,0,106,36,0,142,0,107,38,0,145,256,0,256,401
02/23/2020,MDH,IL,AGL,CE,Federal Contract Tower,0,2,1,0,3,0,9,14,0,23,0,11,15,0,26,28,0,28,54
02/24/2020,MDH,IL,AGL,CE,Federal Contract Tower,0,8,0,0,8,0,0,0,0,0,0,8,0,0,8,0,0,0,8
02/25/2020,MDH,IL,AGL,CE,Federal Contract Tower,0,9,0,0,9,0,0,0,0,0,0,9,0,0,9,0,0,0,9
02/26/2020,MDH,IL,AGL,CE,Federal Contract Tower,0,0,0,0,0,0,0,0,0,0,0,0,0,0,0,0,0,0,0
02/27/2020,MDH,IL,AGL,CE,Federal Contract Tower,0,5,2,0,7,0,244,20,0,264,0,249,22,0,271,648,0,648,919
02/28/2020,MDH,IL,AGL,CE,Federal Contract Tower,0,1,0,0,1,0,157,28,0,185,0,158,28,0,186,300,0,300,486
02/29/2020,MDH,IL,AGL,CE,Federal Contract Tower,0,3,0,0,3,0,101,47,0,148,0,104,47,0,151,244,0,244,395
03/01/2020,MDH,IL,AGL,CE,Federal Contract Tower,0,2,1,0,3,0,15,8,0,23,0,17,9,0,26,22,0,22,48
03/02/2020,MDH,IL,AGL,CE,Federal Contract Tower,0,9,0,0,9,0,25,7,0,32,0,34,7,0,41,132,0,132,173
03/03/2020,MDH,IL,AGL,CE,Federal Contract Tower,0,0,4,0,4,0,110,29,0,139,0,110,33,0,143,248,0,248,391
03/04/2020,MDH,IL,AGL,CE,Federal Contract Tower,0,8,0,0,8,0,134,16,0,150,0,142,16,0,158,320,0,320,478
03/05/2020,MDH,IL,AGL,CE,Federal Contract Tower,1,6,2,0,9,0,189,34,0,223,1,195,36,0,232,422,0,422,654
03/07/2020,MDH,IL,AGL,CE,Federal Contract Tower,0,0,5,0,5,0,0,33,0,33,0,0,38,0,38,12,0,12,50
03/08/2020,MDH,IL,AGL,CE,Federal Contract Tower,0,0,5,0,5,0,1,28,1,30,0,1,33,1,35,36,0,36,71
03/09/2020,MDH,IL,AGL,CE,Federal Contract Tower,0,0,0,0,0,0,3,0,0,3,0,3,0,0,3,0,0,0,3
03/11/2020,MDH,IL,AGL,CE,Federal Contract Tower,0,0,2,0,2,0,0,15,4,19,0,0,17,4,21,16,0,16,37
03/12/2020,MDH,IL,AGL,CE,Federal Contract Tower,0,0,0,0,0,0,0,0,0,0,0,0,0,0,0,0,0,0,0
03/13/2020,MDH,IL,AGL,CE,Federal Contract Tower,0,0,3,0,3,0,4,29,0,33,0,4,32,0,36,16,0,16,52
03/14/2020,MDH,IL,AGL,CE,Federal Contract Tower,0,0,0,0,0,0,0,0,0,0,0,0,0,0,0,0,0,0,0
03/15/2020,MDH,IL,AGL,CE,Federal Contract Tower,0,0,0,0,0,0,2,21,0,23,0,2,21,0,23,50,0,50,73
03/16/2020,MDH,IL,AGL,CE,Federal Contract Tower,0,0,0,0,0,0,8,3,0,11,0,8,3,0,11,38,0,38,49
03/17/2020,MDH,IL,AGL,CE,Federal Contract Tower,0,2,0,0,2,0,86,17,0,103,0,88,17,0,105,274,0,274,379
03/18/2020,MDH,IL,AGL,CE,Federal Contract Tower,0,4,0,0,4,0,1,0,0,1,0,5,0,0,5,2,0,2,7
03/19/2020,MDH,IL,AGL,CE,Federal Contract Tower,0,0,1,0,1,0,0,0,0,0,0,0,1,0,1,0,0,0,1
03/20/2020,MDH,IL,AGL,CE,Federal Contract Tower,0,0,0,0,0,0,2,2,0,4,0,2,2,0,4,12,0,12,16
03/21/2020,MDH,IL,AGL,CE,Federal Contract Tower,0,0,1,0,1,0,0,21,0,21,0,0,22,0,22,22,0,22,44
03/22/2020,MDH,IL,AGL,CE,Federal Contract Tower,0,0,2,0,2,0,2,3,0,5,0,2,5,0,7,0,0,0,7
03/23/2020,MDH,IL,AGL,CE,Federal Contract Tower,0,0,0,0,0,0,1,16,0,17,0,1,16,0,17,20,0,20,37
03/24/2020,MDH,IL,AGL,CE,Federal Contract Tower,0,0,0,0,0,0,0,0,0,0,0,0,0,0,0,0,0,0,0
03/25/2020,MDH,IL,AGL,CE,Federal Contract Tower,0,0,1,0,1,0,2,7,0,9,0,2,8,0,10,4,0,4,14
03/26/2020,MDH,IL,AGL,CE,Federal Contract Tower,0,0,0,0,0,0,0,8,0,8,0,0,8,0,8,2,0,2,10
03/27/2020,MDH,IL,AGL,CE,Federal Contract Tower,0,3,2,0,5,0,0,6,0,6,0,3,8,0,11,6,0,6,17
03/28/2020,MDH,IL,AGL,CE,Federal Contract Tower,0,0,0,0,0,0,0,0,0,0,0,0,0,0,0,0,0,0,0
03/29/2020,MDH,IL,AGL,CE,Federal Contract Tower,0,0,0,0,0,0,0,0,0,0,0,0,0,0,0,0,0,0,0
03/30/2020,MDH,IL,AGL,CE,Federal Contract Tower,0,0,0,0,0,0,0,21,0,21,0,0,21,0,21,22,0,22,43
03/31/2020,MDH,IL,AGL,CE,Federal Contract Tower,0,0,0,0,0,0,0,6,0,6,0,0,6,0,6,10,0,10,16
04/01/2020,MDH,IL,AGL,CE,Federal Contract Tower,0,0,0,0,0,0,0,15,0,15,0,0,15,0,15,4,0,4,19
04/02/2020,MDH,IL,AGL,CE,Federal Contract Tower,0,0,2,0,2,0,0,12,5,17,0,0,14,5,19,14,0,14,33
04/03/2020,MDH,IL,AGL,CE,Federal Contract Tower,0,0,0,0,0,0,2,4,0,6,0,2,4,0,6,18,0,18,24
04/04/2020,MDH,IL,AGL,CE,Federal Contract Tower,0,0,0,0,0,0,1,2,5,8,0,1,2,5,8,10,0,10,18
04/05/2020,MDH,IL,AGL,CE,Federal Contract Tower,0,2,0,0,2,0,0,0,5,5,0,2,0,5,7,0,0,0,7
04/06/2020,MDH,IL,AGL,CE,Federal Contract Tower,0,0,0,0,0,0,2,14,0,16,0,2,14,0,16,12,0,12,28
04/07/2020,MDH,IL,AGL,CE,Federal Contract Tower,0,0,1,0,1,0,1,10,0,11,0,1,11,0,12,8,0,8,20
04/08/2020,MDH,IL,AGL,CE,Federal Contract Tower,0,0,3,0,3,0,5,22,0,27,0,5,25,0,30,8,0,8,38
04/09/2020,MDH,IL,AGL,CE,Federal Contract Tower,0,0,0,0,0,0,2,5,0,7,0,2,5,0,7,0,0,0,7
04/10/2020,MDH,IL,AGL,CE,Federal Contract Tower,0,0,1,0,1,0,0,21,0,21,0,0,22,0,22,24,0,24,46
04/11/2020,MDH,IL,AGL,CE,Federal Contract Tower,0,0,0,0,0,0,0,16,0,16,0,0,16,0,16,14,0,14,30
04/12/2020,MDH,IL,AGL,CE,Federal Contract Tower,0,0,0,0,0,0,0,6,0,6,0,0,6,0,6,2,0,2,8
04/13/2020,MDH,IL,AGL,CE,Federal Contract Tower,0,0,0,0,0,0,2,2,0,4,0,2,2,0,4,0,0,0,4
04/14/2020,MDH,IL,AGL,CE,Federal Contract Tower,0,0,0,0,0,0,0,8,0,8,0,0,8,0,8,4,0,4,12
04/15/2020,MDH,IL,AGL,CE,Federal Contract Tower,0,0,0,0,0,0,0,1,0,1,0,0,1,0,1,0,0,0,1
04/16/2020,MDH,IL,AGL,CE,Federal Contract Tower,0,0,0,0,0,0,0,15,0,15,0,0,15,0,15,16,0,16,31
04/17/2020,MDH,IL,AGL,CE,Federal Contract Tower,0,0,1,0,1,0,0,0,0,0,0,0,1,0,1,0,0,0,1
04/18/2020,MDH,IL,AGL,CE,Federal Contract Tower,0,0,3,0,3,0,2,20,0,22,0,2,23,0,25,6,0,6,31
04/19/2020,MDH,IL,AGL,CE,Federal Contract Tower,0,0,0,0,0,0,0,5,0,5,0,0,5,0,5,0,0,0,5
04/20/2020,MDH,IL,AGL,CE,Federal Contract Tower,0,2,0,0,2,0,0,12,0,12,0,2,12,0,14,14,0,14,28
04/21/2020,MDH,IL,AGL,CE,Federal Contract Tower,0,0,0,0,0,0,0,18,0,18,0,0,18,0,18,4,0,4,22
04/22/2020,MDH,IL,AGL,CE,Federal Contract Tower,0,0,0,0,0,0,0,10,0,10,0,0,10,0,10,16,0,16,26
04/23/2020,MDH,IL,AGL,CE,Federal Contract Tower,0,0,0,0,0,0,0,2,0,2,0,0,2,0,2,0,0,0,2
04/24/2020,MDH,IL,AGL,CE,Federal Contract Tower,0,0,2,0,2,0,0,17,0,17,0,0,19,0,19,32,0,32,51
04/25/2020,MDH,IL,AGL,CE,Federal Contract Tower,0,0,0,0,0,0,0,0,0,0,0,0,0,0,0,0,0,0,0
04/26/2020,MDH,IL,AGL,CE,Federal Contract Tower,0,0,0,0,0,0,2,2,0,4,0,2,2,0,4,2,0,2,6
04/27/2020,MDH,IL,AGL,CE,Federal Contract Tower,0,0,0,0,0,0,0,10,0,10,0,0,10,0,10,0,0,0,10
04/28/2020,MDH,IL,AGL,CE,Federal Contract Tower,0,0,1,0,1,0,0,2,0,2,0,0,3,0,3,0,0,0,3
04/30/2020,MDH,IL,AGL,CE,Federal Contract Tower,0,1,1,0,2,0,4,9,0,13,0,5,10,0,15,12,0,12,27
05/01/2020,MDH,IL,AGL,CE,Federal Contract Tower,0,0,1,0,1,0,1,45,0,46,0,1,46,0,47,26,0,26,73
05/02/2020,MDH,IL,AGL,CE,Federal Contract Tower,0,0,0,0,0,0,0,56,0,56,0,0,56,0,56,48,0,48,104
05/03/2020,MDH,IL,AGL,CE,Federal Contract Tower,0,0,0,0,0,0,0,5,0,5,0,0,5,0,5,2,0,2,7
05/04/2020,MDH,IL,AGL,CE,Federal Contract Tower,0,0,0,0,0,0,0,7,0,7,0,0,7,0,7,6,0,6,13
05/05/2020,MDH,IL,AGL,CE,Federal Contract Tower,0,0,0,0,0,0,5,4,0,9,0,5,4,0,9,0,0,0,9
05/06/2020,MDH,IL,AGL,CE,Federal Contract Tower,0,2,0,0,2,0,0,8,0,8,0,2,8,0,10,12,0,12,22
05/07/2020,MDH,IL,AGL,CE,Federal Contract Tower,0,0,1,0,1,0,1,16,0,17,0,1,17,0,18,0,0,0,18
05/08/2020,MDH,IL,AGL,CE,Federal Contract Tower,0,2,0,0,2,0,0,4,0,4,0,2,4,0,6,0,0,0,6
05/09/2020,MDH,IL,AGL,CE,Federal Contract Tower,0,2,0,0,2,0,2,52,0,54,0,4,52,0,56,54,0,54,110
05/10/2020,MDH,IL,AGL,CE,Federal Contract Tower,0,0,2,0,2,0,0,19,0,19,0,0,21,0,21,12,0,12,33
05/11/2020,MDH,IL,AGL,CE,Federal Contract Tower,0,0,2,0,2,0,2,55,2,59,0,2,57,2,61,40,0,40,101
05/12/2020,MDH,IL,AGL,CE,Federal Contract Tower,0,0,0,0,0,0,4,7,0,11,0,4,7,0,11,10,0,10,21
05/13/2020,MDH,IL,AGL,CE,Federal Contract Tower,0,0,2,0,2,0,0,0,0,0,0,0,2,0,2,0,0,0,2
05/14/2020,MDH,IL,AGL,CE,Federal Contract Tower,0,2,1,0,3,0,9,9,0,18,0,11,10,0,21,6,0,6,27
05/15/2020,MDH,IL,AGL,CE,Federal Contract Tower,0,0,1,0,1,0,0,0,0,0,0,0,1,0,1,0,0,0,1
05/16/2020,MDH,IL,AGL,CE,Federal Contract Tower,0,0,2,0,2,0,0,28,0,28,0,0,30,0,30,56,0,56,86
05/17/2020,MDH,IL,AGL,CE,Federal Contract Tower,0,0,1,0,1,0,6,8,0,14,0,6,9,0,15,50,0,50,65
05/18/2020,MDH,IL,AGL,CE,Federal Contract Tower,0,0,0,0,0,0,4,9,0,13,0,4,9,0,13,16,0,16,29
05/19/2020,MDH,IL,AGL,CE,Federal Contract Tower,0,0,5,0,5,0,0,0,0,0,0,0,5,0,5,0,0,0,5
05/20/2020,MDH,IL,AGL,CE,Federal Contract Tower,0,1,1,0,2,0,4,14,0,18,0,5,15,0,20,26,0,26,46
05/21/2020,MDH,IL,AGL,CE,Federal Contract Tower,0,3,2,0,5,0,1,6,0,7,0,4,8,0,12,8,0,8,20
05/22/2020,MDH,IL,AGL,CE,Federal Contract Tower,0,0,3,0,3,0,2,45,0,47,0,2,48,0,50,36,0,36,86
05/23/2020,MDH,IL,AGL,CE,Federal Contract Tower,0,1,0,0,1,0,0,9,0,9,0,1,9,0,10,16,0,16,26
05/24/2020,MDH,IL,AGL,CE,Federal Contract Tower,0,0,0,0,0,0,3,14,0,17,0,3,14,0,17,14,0,14,31
05/25/2020,MDH,IL,AGL,CE,Federal Contract Tower,0,0,1,0,1,0,0,8,0,8,0,0,9,0,9,18,0,18,27
05/26/2020,MDH,IL,AGL,CE,Federal Contract Tower,0,0,3,0,3,0,2,6,0,8,0,2,9,0,11,0,0,0,11
05/27/2020,MDH,IL,AGL,CE,Federal Contract Tower,0,0,0,0,0,0,0,0,0,0,0,0,0,0,0,0,0,0,0
05/28/2020,MDH,IL,AGL,CE,Federal Contract Tower,0,0,1,0,1,0,1,23,0,24,0,1,24,0,25,52,0,52,77
05/29/2020,MDH,IL,AGL,CE,Federal Contract Tower,0,2,1,0,3,0,9,12,0,21,0,11,13,0,24,40,0,40,64
05/30/2020,MDH,IL,AGL,CE,Federal Contract Tower,0,0,2,0,2,0,0,17,0,17,0,0,19,0,19,24,0,24,43
05/31/2020,MDH,IL,AGL,CE,Federal Contract Tower,0,0,1,0,1,0,0,28,0,28,0,0,29,0,29,46,0,46,75
06/01/2020,MDH,IL,AGL,CE,Federal Contract Tower,0,0,2,0,2,0,12,50,0,62,0,12,52,0,64,88,0,88,152
06/02/2020,MDH,IL,AGL,CE,Federal Contract Tower,0,0,1,0,1,0,3,31,0,34,0,3,32,0,35,70,0,70,105
06/03/2020,MDH,IL,AGL,CE,Federal Contract Tower,0,0,0,0,0,0,4,22,0,26,0,4,22,0,26,46,0,46,72
06/04/2020,MDH,IL,AGL,CE,Federal Contract Tower,0,0,4,0,4,0,8,9,0,17,0,8,13,0,21,40,0,40,61
06/05/2020,MDH,IL,AGL,CE,Federal Contract Tower,0,0,2,0,2,0,12,17,0,29,0,12,19,0,31,22,0,22,53
06/06/2020,MDH,IL,AGL,CE,Federal Contract Tower,0,0,0,0,0,0,5,28,0,33,0,5,28,0,33,48,0,48,81
06/07/2020,MDH,IL,AGL,CE,Federal Contract Tower,0,0,0,0,0,0,3,14,0,17,0,3,14,0,17,10,0,10,27
06/08/2020,MDH,IL,AGL,CE,Federal Contract Tower,0,0,2,0,2,0,31,34,0,65,0,31,36,0,67,108,0,108,175
06/09/2020,MDH,IL,AGL,CE,Federal Contract Tower,0,0,0,0,0,0,0,0,0,0,0,0,0,0,0,0,0,0,0
06/10/2020,MDH,IL,AGL,CE,Federal Contract Tower,0,3,3,0,6,0,17,5,0,22,0,20,8,0,28,8,0,8,36
06/11/2020,MDH,IL,AGL,CE,Federal Contract Tower,0,2,1,0,3,0,49,37,0,86,0,51,38,0,89,190,0,190,279
06/12/2020,MDH,IL,AGL,CE,Federal Contract Tower,0,1,0,0,1,0,17,32,0,49,0,18,32,0,50,132,0,132,182
06/13/2020,MDH,IL,AGL,CE,Federal Contract Tower,0,0,0,0,0,0,2,22,0,24,0,2,22,0,24,38,0,38,62
06/14/2020,MDH,IL,AGL,CE,Federal Contract Tower,0,0,1,0,1,0,0,17,0,17,0,0,18,0,18,18,0,18,36
06/15/2020,MDH,IL,AGL,CE,Federal Contract Tower,0,1,0,0,1,0,30,29,0,59,0,31,29,0,60,82,0,82,142
06/16/2020,MDH,IL,AGL,CE,Federal Contract Tower,0,0,1,0,1,0,10,47,0,57,0,10,48,0,58,68,0,68,126
06/17/2020,MDH,IL,AGL,CE,Federal Contract Tower,0,0,0,0,0,0,12,36,0,48,0,12,36,0,48,64,0,64,112
06/18/2020,MDH,IL,AGL,CE,Federal Contract Tower,0,0,0,0,0,0,32,44,0,76,0,32,44,0,76,84,0,84,160
06/19/2020,MDH,IL,AGL,CE,Federal Contract Tower,0,0,0,0,0,0,22,41,0,63,0,22,41,0,63,78,0,78,141
06/20/2020,MDH,IL,AGL,CE,Federal Contract Tower,0,0,0,0,0,0,0,15,0,15,0,0,15,0,15,0,0,0,15
06/21/2020,MDH,IL,AGL,CE,Federal Contract Tower,0,0,3,0,3,0,0,1,0,1,0,0,4,0,4,0,0,0,4
06/22/2020,MDH,IL,AGL,CE,Federal Contract Tower,0,0,2,0,2,0,6,4,0,10,0,6,6,0,12,26,0,26,38
06/23/2020,MDH,IL,AGL,CE,Federal Contract Tower,0,1,0,0,1,0,15,15,0,30,0,16,15,0,31,34,0,34,65
06/24/2020,MDH,IL,AGL,CE,Federal Contract Tower,0,0,0,0,0,0,14,33,0,47,0,14,33,0,47,48,0,48,95
06/25/2020,MDH,IL,AGL,CE,Federal Contract Tower,0,0,4,0,4,0,14,21,0,35,0,14,25,0,39,42,0,42,81
06/26/2020,MDH,IL,AGL,CE,Federal Contract Tower,0,0,0,0,0,0,7,24,0,31,0,7,24,0,31,24,0,24,55
06/27/2020,MDH,IL,AGL,CE,Federal Contract Tower,0,0,1,0,1,0,2,5,0,7,0,2,6,0,8,4,0,4,12
06/28/2020,MDH,IL,AGL,CE,Federal Contract Tower,0,0,0,0,0,0,0,8,0,8,0,0,8,0,8,14,0,14,22
06/29/2020,MDH,IL,AGL,CE,Federal Contract Tower,0,0,0,0,0,0,25,20,0,45,0,25,20,0,45,68,0,68,113
06/30/2020,MDH,IL,AGL,CE,Federal Contract Tower,0,0,2,0,2,0,5,0,0,5,0,5,2,0,7,12,0,12,19
07/01/2020,MDH,IL,AGL,CE,Federal Contract Tower,0,0,3,0,3,0,0,0,0,0,0,0,3,0,3,0,0,0,3
07/02/2020,MDH,IL,AGL,CE,Federal Contract Tower,0,3,1,0,4,0,21,21,0,42,0,24,22,0,46,58,0,58,104
07/03/2020,MDH,IL,AGL,CE,Federal Contract Tower,0,0,2,0,2,0,0,32,0,32,0,0,34,0,34,26,0,26,60
07/04/2020,MDH,IL,AGL,CE,Federal Contract Tower,0,0,0,0,0,0,3,29,0,32,0,3,29,0,32,30,0,30,62
07/05/2020,MDH,IL,AGL,CE,Federal Contract Tower,0,0,2,0,2,0,0,3,0,3,0,0,5,0,5,0,0,0,5
07/06/2020,MDH,IL,AGL,CE,Federal Contract Tower,0,0,1,0,1,0,26,22,0,48,0,26,23,0,49,90,0,90,139
07/07/2020,MDH,IL,AGL,CE,Federal Contract Tower,0,2,1,0,3,0,18,18,0,36,0,20,19,0,39,72,0,72,111
07/08/2020,MDH,IL,AGL,CE,Federal Contract Tower,0,0,0,0,0,0,13,25,0,38,0,13,25,0,38,26,0,26,64
07/09/2020,MDH,IL,AGL,CE,Federal Contract Tower,0,2,3,0,5,0,21,14,0,35,0,23,17,0,40,30,0,30,70
07/10/2020,MDH,IL,AGL,CE,Federal Contract Tower,0,0,4,0,4,0,20,15,0,35,0,20,19,0,39,56,0,56,95
07/11/2020,MDH,IL,AGL,CE,Federal Contract Tower,0,0,3,0,3,0,0,16,0,16,0,0,19,0,19,8,0,8,27
07/12/2020,MDH,IL,AGL,CE,Federal Contract Tower,0,0,2,0,2,0,0,3,0,3,0,0,5,0,5,2,0,2,7
07/14/2020,MDH,IL,AGL,CE,Federal Contract Tower,0,0,2,0,2,0,15,34,0,49,0,15,36,0,51,64,0,64,115
07/15/2020,MDH,IL,AGL,CE,Federal Contract Tower,0,3,0,0,3,0,13,14,0,27,0,16,14,0,30,38,0,38,68
07/16/2020,MDH,IL,AGL,CE,Federal Contract Tower,0,2,5,0,7,0,11,17,0,28,0,13,22,0,35,32,0,32,67
07/17/2020,MDH,IL,AGL,CE,Federal Contract Tower,0,5,2,0,7,0,14,7,0,21,0,19,9,0,28,30,0,30,58
07/18/2020,MDH,IL,AGL,CE,Federal Contract Tower,0,0,5,0,5,0,3,16,0,19,0,3,21,0,24,16,0,16,40
07/20/2020,MDH,IL,AGL,CE,Federal Contract Tower,0,3,1,0,4,0,20,21,0,41,0,23,22,0,45,60,0,60,105
07/21/2020,MDH,IL,AGL,CE,Federal Contract Tower,0,2,2,0,4,0,12,17,0,29,0,14,19,0,33,22,0,22,55
07/22/2020,MDH,IL,AGL,CE,Federal Contract Tower,0,2,1,0,3,0,9,7,0,16,0,11,8,0,19,14,0,14,33
07/23/2020,MDH,IL,AGL,CE,Federal Contract Tower,0,3,3,0,6,0,14,20,0,34,0,17,23,0,40,54,0,54,94
07/24/2020,MDH,IL,AGL,CE,Federal Contract Tower,0,0,1,0,1,0,15,44,0,59,0,15,45,0,60,96,0,96,156
07/25/2020,MDH,IL,AGL,CE,Federal Contract Tower,0,0,0,0,0,0,3,13,0,16,0,3,13,0,16,14,0,14,30
07/26/2020,MDH,IL,AGL,CE,Federal Contract Tower,0,0,1,0,1,0,0,14,0,14,0,0,15,0,15,0,0,0,15
07/27/2020,MDH,IL,AGL,CE,Federal Contract Tower,0,2,0,0,2,0,19,7,0,26,0,21,7,0,28,44,0,44,72
07/28/2020,MDH,IL,AGL,CE,Federal Contract Tower,0,0,1,0,1,0,12,13,0,25,0,12,14,0,26,54,0,54,80
07/29/2020,MDH,IL,AGL,CE,Federal Contract Tower,0,0,0,0,0,0,13,21,0,34,0,13,21,0,34,76,0,76,110
07/30/2020,MDH,IL,AGL,CE,Federal Contract Tower,0,4,0,0,4,0,9,5,0,14,0,13,5,0,18,12,0,12,30
07/31/2020,MDH,IL,AGL,CE,Federal Contract Tower,0,1,2,0,3,0,0,1,0,1,0,1,3,0,4,0,0,0,4
08/01/2020,MDH,IL,AGL,CE,Federal Contract Tower,0,1,2,0,3,0,1,1,0,2,0,2,3,0,5,0,0,0,5
08/02/2020,MDH,IL,AGL,CE,Federal Contract Tower,0,0,4,0,4,0,1,8,0,9,0,1,12,0,13,2,0,2,15
08/03/2020,MDH,IL,AGL,CE,Federal Contract Tower,0,0,2,0,2,0,5,7,0,12,0,5,9,0,14,4,0,4,18
08/04/2020,MDH,IL,AGL,CE,Federal Contract Tower,0,2,0,0,2,0,14,15,0,29,0,16,15,0,31,36,0,36,67
08/05/2020,MDH,IL,AGL,CE,Federal Contract Tower,0,0,4,0,4,0,0,0,0,0,0,0,4,0,4,26,0,26,30
08/06/2020,MDH,IL,AGL,CE,Federal Contract Tower,0,0,3,0,3,0,6,38,0,44,0,6,41,0,47,32,0,32,79
08/07/2020,MDH,IL,AGL,CE,Federal Contract Tower,0,0,1,0,1,0,5,25,0,30,0,5,26,0,31,24,0,24,55
08/08/2020,MDH,IL,AGL,CE,Federal Contract Tower,0,0,2,0,2,0,0,28,0,28,0,0,30,0,30,40,0,40,70
08/09/2020,MDH,IL,AGL,CE,Federal Contract Tower,0,0,2,0,2,0,0,1,0,1,0,0,3,0,3,0,0,0,3
08/10/2020,MDH,IL,AGL,CE,Federal Contract Tower,0,2,1,0,3,0,4,9,0,13,0,6,10,0,16,26,0,26,42
08/11/2020,MDH,IL,AGL,CE,Federal Contract Tower,0,2,0,0,2,0,16,2,0,18,0,18,2,0,20,68,0,68,88
08/12/2020,MDH,IL,AGL,CE,Federal Contract Tower,0,0,0,0,0,0,0,0,0,0,0,0,0,0,0,12,0,12,12
08/13/2020,MDH,IL,AGL,CE,Federal Contract Tower,0,0,0,0,0,0,36,8,0,44,0,36,8,0,44,96,0,96,140
08/14/2020,MDH,IL,AGL,CE,Federal Contract Tower,0,0,1,0,1,0,40,36,0,76,0,40,37,0,77,152,0,152,229
08/15/2020,MDH,IL,AGL,CE,Federal Contract Tower,0,2,0,0,2,0,0,22,0,22,0,2,22,0,24,20,0,20,44
08/16/2020,MDH,IL,AGL,CE,Federal Contract Tower,0,0,2,0,2,0,7,28,0,35,0,7,30,0,37,16,0,16,53
08/17/2020,MDH,IL,AGL,CE,Federal Contract Tower,0,0,0,0,0,0,56,33,0,89,0,56,33,0,89,98,0,98,187
08/18/2020,MDH,IL,AGL,CE,Federal Contract Tower,0,6,3,0,9,0,25,20,0,45,0,31,23,0,54,54,0,54,108
08/19/2020,MDH,IL,AGL,CE,Federal Contract Tower,0,0,1,0,1,0,151,43,0,194,0,151,44,0,195,344,0,344,539
08/20/2020,MDH,IL,AGL,CE,Federal Contract Tower,0,1,5,0,6,0,205,43,2,250,0,206,48,2,256,498,0,498,754
08/21/2020,MDH,IL,AGL,CE,Federal Contract Tower,0,0,0,0,0,0,162,34,0,196,0,162,34,0,196,470,0,470,666
08/22/2020,MDH,IL,AGL,CE,Federal Contract Tower,0,0,0,0,0,0,25,22,0,47,0,25,22,0,47,78,0,78,125
08/23/2020,MDH,IL,AGL,CE,Federal Contract Tower,0,0,1,0,1,0,0,0,0,0,0,0,1,0,1,98,0,98,99
08/24/2020,MDH,IL,AGL,CE,Federal Contract Tower,0,1,1,0,2,0,166,18,0,184,0,167,19,0,186,350,0,350,536
08/25/2020,MDH,IL,AGL,CE,Federal Contract Tower,0,2,2,0,4,0,135,26,0,161,0,137,28,0,165,288,0,288,453
08/26/2020,MDH,IL,AGL,CE,Federal Contract Tower,0,7,1,0,8,0,21,12,0,33,0,28,13,0,41,86,0,86,127
08/27/2020,MDH,IL,AGL,CE,Federal Contract Tower,0,0,0,0,0,0,208,21,0,229,0,208,21,0,229,640,0,640,869
08/28/2020,MDH,IL,AGL,CE,Federal Contract Tower,0,0,0,0,0,0,1,2,0,3,0,1,2,0,3,0,0,0,3
08/29/2020,MDH,IL,AGL,CE,Federal Contract Tower,0,0,0,0,0,0,72,15,0,87,0,72,15,0,87,176,0,176,263
08/30/2020,MDH,IL,AGL,CE,Federal Contract Tower,0,0,2,0,2,0,19,17,0,36,0,19,19,0,38,56,0,56,94
08/31/2020,MDH,IL,AGL,CE,Federal Contract Tower,0,8,0,0,8,0,41,11,0,52,0,49,11,0,60,138,0,138,198
09/01/2020,MDH,IL,AGL,CE,Federal Contract Tower,0,0,0,0,0,0,43,0,0,43,0,43,0,0,43,60,0,60,103
09/02/2020,MDH,IL,AGL,CE,Federal Contract Tower,0,2,1,0,3,0,25,2,0,27,0,27,3,0,30,80,0,80,110
09/03/2020,MDH,IL,AGL,CE,Federal Contract Tower,0,8,0,0,8,0,122,20,0,142,0,130,20,0,150,364,0,364,514
09/04/2020,MDH,IL,AGL,CE,Federal Contract Tower,0,0,3,0,3,0,204,27,0,231,0,204,30,0,234,492,0,492,726
09/05/2020,MDH,IL,AGL,CE,Federal Contract Tower,0,0,0,0,0,0,77,42,0,119,0,77,42,0,119,136,0,136,255
09/06/2020,MDH,IL,AGL,CE,Federal Contract Tower,0,0,0,0,0,0,25,24,0,49,0,25,24,0,49,60,0,60,109
09/07/2020,MDH,IL,AGL,CE,Federal Contract Tower,0,0,0,0,0,0,1,12,0,13,0,1,12,0,13,0,0,0,13
09/08/2020,MDH,IL,AGL,CE,Federal Contract Tower,0,2,0,0,2,0,177,25,0,202,0,179,25,0,204,350,0,350,554
09/09/2020,MDH,IL,AGL,CE,Federal Contract Tower,0,1,1,0,2,0,184,14,0,198,0,185,15,0,200,380,0,380,580
09/10/2020,MDH,IL,AGL,CE,Federal Contract Tower,0,2,4,0,6,0,206,32,0,238,0,208,36,0,244,616,0,616,860
09/11/2020,MDH,IL,AGL,CE,Federal Contract Tower,0,0,2,0,2,0,101,18,0,119,0,101,20,0,121,234,0,234,355
09/12/2020,MDH,IL,AGL,CE,Federal Contract Tower,0,0,4,0,4,0,17,10,0,27,0,17,14,0,31,48,0,48,79
09/13/2020,MDH,IL,AGL,CE,Federal Contract Tower,0,0,1,0,1,0,12,12,0,24,0,12,13,0,25,54,0,54,79
09/14/2020,MDH,IL,AGL,CE,Federal Contract Tower,0,3,1,0,4,0,253,26,0,279,0,256,27,0,283,530,0,530,813
09/15/2020,MDH,IL,AGL,CE,Federal Contract Tower,0,2,0,0,2,0,175,48,0,223,0,177,48,0,225,416,0,416,641
09/16/2020,MDH,IL,AGL,CE,Federal Contract Tower,0,1,1,0,2,0,181,29,0,210,0,182,30,0,212,516,0,516,728
09/17/2020,MDH,IL,AGL,CE,Federal Contract Tower,0,4,2,0,6,0,281,58,0,339,0,285,60,0,345,732,0,732,1077
09/18/2020,MDH,IL,AGL,CE,Federal Contract Tower,0,3,2,0,5,0,142,23,0,165,0,145,25,0,170,290,0,290,460
09/19/2020,MDH,IL,AGL,CE,Federal Contract Tower,0,2,1,0,3,0,65,13,0,78,0,67,14,0,81,134,0,134,215
09/20/2020,MDH,IL,AGL,CE,Federal Contract Tower,0,0,1,0,1,0,44,25,0,69,0,44,26,0,70,104,0,104,174
09/21/2020,MDH,IL,AGL,CE,Federal Contract Tower,0,4,0,0,4,0,212,20,0,232,0,216,20,0,236,526,0,526,762
09/22/2020,MDH,IL,AGL,CE,Federal Contract Tower,0,4,0,0,4,0,163,15,0,178,0,167,15,0,182,386,0,386,568
09/23/2020,MDH,IL,AGL,CE,Federal Contract Tower,0,1,2,0,3,0,171,23,1,195,0,172,25,1,198,444,0,444,642
09/24/2020,MDH,IL,AGL,CE,Federal Contract Tower,0,11,0,0,11,0,199,28,0,227,0,210,28,0,238,552,0,552,790
09/25/2020,MDH,IL,AGL,CE,Federal Contract Tower,0,11,3,0,14,0,25,8,0,33,0,36,11,0,47,78,0,78,125
09/26/2020,MDH,IL,AGL,CE,Federal Contract Tower,0,2,2,0,4,0,14,8,0,22,0,16,10,0,26,26,0,26,52
09/27/2020,MDH,IL,AGL,CE,Federal Contract Tower,0,3,3,0,6,0,17,19,0,36,0,20,22,0,42,56,0,56,98
09/28/2020,MDH,IL,AGL,CE,Federal Contract Tower,0,3,0,0,3,0,51,10,0,61,0,54,10,0,64,254,0,254,318
09/29/2020,MDH,IL,AGL,CE,Federal Contract Tower,0,1,0,0,1,0,148,18,0,166,0,149,18,0,167,328,0,328,495
09/30/2020,MDH,IL,AGL,CE,Federal Contract Tower,0,0,3,0,3,0,145,32,0,177,0,145,35,0,180,244,0,244,424
10/01/2020,MDH,IL,AGL,CE,Federal Contract Tower,0,1,4,0,5,0,140,22,0,162,0,141,26,0,167,296,0,296,463
10/02/2020,MDH,IL,AGL,CE,Federal Contract Tower,0,2,1,0,3,0,161,29,0,190,0,163,30,0,193,456,0,456,649
10/03/2020,MDH,IL,AGL,CE,Federal Contract Tower,0,3,1,0,4,0,73,24,0,97,0,76,25,0,101,148,0,148,249
10/04/2020,MDH,IL,AGL,CE,Federal Contract Tower,0,8,0,0,8,0,5,21,0,26,0,13,21,0,34,0,0,0,34
10/05/2020,MDH,IL,AGL,CE,Federal Contract Tower,0,2,1,0,3,0,189,40,0,229,0,191,41,0,232,752,0,752,984
10/06/2020,MDH,IL,AGL,CE,Federal Contract Tower,0,0,0,0,0,0,135,39,0,174,0,135,39,0,174,426,14,440,614
10/07/2020,MDH,IL,AGL,CE,Federal Contract Tower,0,3,0,0,3,0,136,28,0,164,0,139,28,0,167,390,0,390,557
10/08/2020,MDH,IL,AGL,CE,Federal Contract Tower,0,1,0,0,1,0,126,23,0,149,0,127,23,0,150,408,0,408,558
10/09/2020,MDH,IL,AGL,CE,Federal Contract Tower,0,0,0,0,0,0,129,26,0,155,0,129,26,0,155,398,0,398,553
10/10/2020,MDH,IL,AGL,CE,Federal Contract Tower,0,6,2,0,8,0,7,5,0,12,0,13,7,0,20,8,0,8,28
10/11/2020,MDH,IL,AGL,CE,Federal Contract Tower,0,0,2,0,2,0,31,20,0,51,0,31,22,0,53,58,0,58,111
10/12/2020,MDH,IL,AGL,CE,Federal Contract Tower,0,3,4,0,7,0,36,15,0,51,0,39,19,0,58,130,0,130,188
10/13/2020,MDH,IL,AGL,CE,Federal Contract Tower,0,2,0,0,2,0,172,22,0,194,0,174,22,0,196,458,0,458,654
10/14/2020,MDH,IL,AGL,CE,Federal Contract Tower,0,0,2,0,2,0,95,12,0,107,0,95,14,0,109,276,0,276,385
10/15/2020,MDH,IL,AGL,CE,Federal Contract Tower,0,4,2,0,6,0,160,17,0,177,0,164,19,0,183,536,0,536,719
10/16/2020,MDH,IL,AGL,CE,Federal Contract Tower,0,0,0,0,0,0,165,22,0,187,0,165,22,0,187,384,0,384,571
10/17/2020,MDH,IL,AGL,CE,Federal Contract Tower,0,0,2,0,2,0,80,20,0,100,0,80,22,0,102,172,0,172,274
10/18/2020,MDH,IL,AGL,CE,Federal Contract Tower,0,0,4,0,4,0,44,9,0,53,0,44,13,0,57,130,0,130,187
10/19/2020,MDH,IL,AGL,CE,Federal Contract Tower,0,3,0,0,3,0,0,0,0,0,0,3,0,0,3,0,0,0,3
10/20/2020,MDH,IL,AGL,CE,Federal Contract Tower,0,0,0,0,0,0,0,0,0,0,0,0,0,0,0,0,0,0,0
10/21/2020,MDH,IL,AGL,CE,Federal Contract Tower,0,10,3,0,13,0,58,11,0,69,0,68,14,0,82,150,0,150,232
10/22/2020,MDH,IL,AGL,CE,Federal Contract Tower,0,4,2,0,6,0,196,22,0,218,0,200,24,0,224,622,0,622,846
10/23/2020,MDH,IL,AGL,CE,Federal Contract Tower,0,0,3,0,3,0,83,12,0,95,0,83,15,0,98,206,0,206,304
10/25/2020,MDH,IL,AGL,CE,Federal Contract Tower,0,0,2,0,2,0,43,15,0,58,0,43,17,0,60,194,0,194,254
10/26/2020,MDH,IL,AGL,CE,Federal Contract Tower,0,6,0,0,6,0,22,2,0,24,0,28,2,0,30,150,0,150,180
10/27/2020,MDH,IL,AGL,CE,Federal Contract Tower,0,4,0,0,4,0,0,0,0,0,0,4,0,0,4,0,0,0,4
10/28/2020,MDH,IL,AGL,CE,Federal Contract Tower,0,0,1,0,1,0,0,0,0,0,0,0,1,0,1,0,0,0,1
10/29/2020,MDH,IL,AGL,CE,Federal Contract Tower,0,0,3,0,3,0,0,0,0,0,0,0,3,0,3,0,0,0,3
10/30/2020,MDH,IL,AGL,CE,Federal Contract Tower,0,0,1,0,1,0,229,32,0,261,0,229,33,0,262,710,0,710,972
10/31/2020,MDH,IL,AGL,CE,Federal Contract Tower,0,5,0,0,5,0,140,35,0,175,0,145,35,0,180,366,0,366,546
11/01/2020,MDH,IL,AGL,CE,Federal Contract Tower,0,2,0,0,2,0,3,0,0,3,0,5,0,0,5,4,0,4,9
11/02/2020,MDH,IL,AGL,CE,Federal Contract Tower,0,4,6,0,10,0,211,41,0,252,0,215,47,0,262,644,0,644,906
11/03/2020,MDH,IL,AGL,CE,Federal Contract Tower,0,0,0,0,0,0,9,41,0,50,0,9,41,0,50,102,0,102,152
11/04/2020,MDH,IL,AGL,CE,Federal Contract Tower,0,0,1,0,1,0,152,15,2,169,0,152,16,2,170,312,0,312,482
11/06/2020,MDH,IL,AGL,CE,Federal Contract Tower,0,4,1,0,5,0,261,38,0,299,0,265,39,0,304,704,0,704,1008
11/07/2020,MDH,IL,AGL,CE,Federal Contract Tower,0,7,0,0,7,0,124,37,0,161,0,131,37,0,168,406,0,406,574
11/08/2020,MDH,IL,AGL,CE,Federal Contract Tower,0,4,0,0,4,0,59,16,0,75,0,63,16,0,79,132,0,132,211
11/09/2020,MDH,IL,AGL,CE,Federal Contract Tower,0,2,2,0,4,0,121,15,0,136,0,123,17,0,140,372,0,372,512
11/10/2020,MDH,IL,AGL,CE,Federal Contract Tower,0,4,0,0,4,0,44,1,0,45,0,48,1,0,49,130,0,130,179
11/11/2020,MDH,IL,AGL,CE,Federal Contract Tower,0,0,0,0,0,0,0,37,0,37,0,0,37,0,37,18,0,18,55
11/12/2020,MDH,IL,AGL,CE,Federal Contract Tower,0,3,0,0,3,0,283,22,0,305,0,286,22,0,308,576,0,576,884
11/13/2020,MDH,IL,AGL,CE,Federal Contract Tower,0,6,2,0,8,0,166,13,0,179,0,172,15,0,187,384,0,384,571
11/14/2020,MDH,IL,AGL,CE,Federal Contract Tower,0,0,0,0,0,0,0,0,0,0,0,0,0,0,0,70,0,70,70
11/15/2020,MDH,IL,AGL,CE,Federal Contract Tower,0,0,2,0,2,0,1,6,0,7,0,1,8,0,9,0,0,0,9
11/16/2020,MDH,IL,AGL,CE,Federal Contract Tower,0,8,3,0,11,0,194,19,0,213,0,202,22,0,224,448,0,448,672
11/17/2020,MDH,IL,AGL,CE,Federal Contract Tower,0,4,2,0,6,0,260,27,0,287,0,264,29,0,293,520,0,520,813
11/18/2020,MDH,IL,AGL,CE,Federal Contract Tower,0,2,1,0,3,0,163,23,0,186,0,165,24,0,189,394,0,394,583
11/19/2020,MDH,IL,AGL,CE,Federal Contract Tower,0,0,2,0,2,0,2,0,0,2,0,2,2,0,4,0,0,0,4
11/20/2020,MDH,IL,AGL,CE,Federal Contract Tower,0,8,0,0,8,0,165,11,0,176,0,173,11,0,184,418,0,418,602
11/21/2020,MDH,IL,AGL,CE,Federal Contract Tower,0,0,1,0,1,0,0,0,0,0,0,0,1,0,1,0,0,0,1
11/22/2020,MDH,IL,AGL,CE,Federal Contract Tower,0,0,5,0,5,0,2,1,0,3,0,2,6,0,8,6,0,6,14
11/23/2020,MDH,IL,AGL,CE,Federal Contract Tower,0,2,2,0,4,0,90,15,0,105,0,92,17,0,109,292,0,292,401
11/24/2020,MDH,IL,AGL,CE,Federal Contract Tower,0,0,0,0,0,0,43,13,2,58,0,43,13,2,58,182,0,182,240
11/25/2020,MDH,IL,AGL,CE,Federal Contract Tower,0,0,2,0,2,0,0,1,0,1,0,0,3,0,3,0,0,0,3
11/26/2020,MDH,IL,AGL,CE,Federal Contract Tower,0,0,0,0,0,0,0,4,0,4,0,0,4,0,4,0,0,0,4
11/27/2020,MDH,IL,AGL,CE,Federal Contract Tower,0,0,3,0,3,0,3,0,0,3,0,3,3,0,6,0,0,0,6
11/28/2020,MDH,IL,AGL,CE,Federal Contract Tower,0,0,0,0,0,0,4,18,0,22,0,4,18,0,22,52,0,52,74
11/29/2020,MDH,IL,AGL,CE,Federal Contract Tower,0,0,0,0,0,0,2,7,0,9,0,2,7,0,9,10,0,10,19
11/30/2020,MDH,IL,AGL,CE,Federal Contract Tower,0,0,1,0,1,0,5,5,0,10,0,5,6,0,11,16,0,16,27
12/01/2020,MDH,IL,AGL,CE,Federal Contract Tower,0,4,0,0,4,0,157,34,0,191,0,161,34,0,195,444,0,444,639
12/02/2020,MDH,IL,AGL,CE,Federal Contract Tower,0,3,0,0,3,0,218,46,0,264,0,221,46,0,267,524,0,524,791
12/03/2020,MDH,IL,AGL,CE,Federal Contract Tower,0,4,0,0,4,0,85,13,0,98,0,89,13,0,102,158,0,158,260
12/04/2020,MDH,IL,AGL,CE,Federal Contract Tower,0,1,1,0,2,0,153,22,0,175,0,154,23,0,177,434,0,434,611
12/05/2020,MDH,IL,AGL,CE,Federal Contract Tower,0,0,0,0,0,0,3,48,0,51,0,3,48,0,51,30,0,30,81
12/06/2020,MDH,IL,AGL,CE,Federal Contract Tower,0,0,2,0,2,0,1,36,0,37,0,1,38,0,39,62,0,62,101
12/07/2020,MDH,IL,AGL,CE,Federal Contract Tower,0,0,1,0,1,0,200,22,0,222,0,200,23,0,223,634,0,634,857
12/08/2020,MDH,IL,AGL,CE,Federal Contract Tower,0,0,1,0,1,0,116,13,0,129,0,116,14,0,130,428,0,428,558
12/09/2020,MDH,IL,AGL,CE,Federal Contract Tower,0,6,1,0,7,0,190,24,0,214,0,196,25,0,221,508,0,508,729
12/10/2020,MDH,IL,AGL,CE,Federal Contract Tower,0,2,0,0,2,0,215,21,0,236,0,217,21,0,238,580,0,580,818
12/12/2020,MDH,IL,AGL,CE,Federal Contract Tower,0,0,1,0,1,0,2,3,0,5,0,2,4,0,6,14,0,14,20
12/13/2020,MDH,IL,AGL,CE,Federal Contract Tower,0,0,3,0,3,0,26,4,0,30,0,26,7,0,33,64,0,64,97
12/14/2020,MDH,IL,AGL,CE,Federal Contract Tower,0,0,2,0,2,0,115,17,0,132,0,115,19,0,134,432,0,432,566
12/15/2020,MDH,IL,AGL,CE,Federal Contract Tower,0,4,1,0,5,0,125,20,0,145,0,129,21,0,150,282,0,282,432
12/16/2020,MDH,IL,AGL,CE,Federal Contract Tower,0,0,0,2,2,0,1,3,0,4,0,1,3,2,6,0,0,0,6
12/17/2020,MDH,IL,AGL,CE,Federal Contract Tower,0,5,2,0,7,0,114,20,0,134,0,119,22,0,141,216,0,216,357
12/18/2020,MDH,IL,AGL,CE,Federal Contract Tower,0,4,3,0,7,0,60,27,0,87,0,64,30,0,94,114,0,114,208
12/19/2020,MDH,IL,AGL,CE,Federal Contract Tower,0,0,0,0,0,0,0,2,0,2,0,0,2,0,2,0,0,0,2
12/20/2020,MDH,IL,AGL,CE,Federal Contract Tower,0,2,0,0,2,0,2,14,0,16,0,4,14,0,18,24,0,24,42
12/21/2020,MDH,IL,AGL,CE,Federal Contract Tower,0,0,3,0,3,0,17,22,0,39,0,17,25,0,42,56,0,56,98
12/22/2020,MDH,IL,AGL,CE,Federal Contract Tower,0,0,0,0,0,0,22,29,0,51,0,22,29,0,51,76,0,76,127
12/23/2020,MDH,IL,AGL,CE,Federal Contract Tower,0,0,1,0,1,0,0,0,0,0,0,0,1,0,1,0,0,0,1
12/24/2020,MDH,IL,AGL,CE,Federal Contract Tower,0,0,0,0,0,0,1,0,0,1,0,1,0,0,1,0,0,0,1
12/25/2020,MDH,IL,AGL,CE,Federal Contract Tower,0,0,1,0,1,0,0,1,0,1,0,0,2,0,2,0,0,0,2
12/26/2020,MDH,IL,AGL,CE,Federal Contract Tower,0,0,3,0,3,0,4,18,0,22,0,4,21,0,25,20,0,20,45
12/27/2020,MDH,IL,AGL,CE,Federal Contract Tower,0,0,2,0,2,0,4,2,0,6,0,4,4,0,8,0,0,0,8
12/28/2020,MDH,IL,AGL,CE,Federal Contract Tower,0,0,5,0,5,0,4,8,0,12,0,4,13,0,17,2,0,2,19
12/29/2020,MDH,IL,AGL,CE,Federal Contract Tower,0,3,0,0,3,0,5,0,0,5,0,8,0,0,8,0,0,0,8
12/30/2020,MDH,IL,AGL,CE,Federal Contract Tower,0,0,0,0,0,0,0,0,0,0,0,0,0,0,0,0,0,0,0
12/31/2020,MDH,IL,AGL,CE,Federal Contract Tower,0,0,0,0,0,0,2,0,0,2,0,2,0,0,2,0,0,0,2
01/01/2021,MDH,IL,AGL,CE,Federal Contract Tower,0,0,0,0,0,0,0,0,0,0,0,0,0,0,0,0,0,0,0
01/02/2021,MDH,IL,AGL,CE,Federal Contract Tower,0,0,1,0,1,0,0,0,0,0,0,0,1,0,1,0,0,0,1
01/03/2021,MDH,IL,AGL,CE,Federal Contract Tower,0,0,0,0,0,0,2,6,0,8,0,2,6,0,8,10,0,10,18
01/04/2021,MDH,IL,AGL,CE,Federal Contract Tower,0,2,2,0,4,0,4,13,0,17,0,6,15,0,21,30,0,30,51
01/05/2021,MDH,IL,AGL,CE,Federal Contract Tower,0,0,1,0,1,0,18,19,0,37,0,18,20,0,38,36,0,36,74
01/06/2021,MDH,IL,AGL,CE,Federal Contract Tower,0,0,2,0,2,0,23,14,0,37,0,23,16,0,39,70,0,70,109
01/07/2021,MDH,IL,AGL,CE,Federal Contract Tower,0,0,3,0,3,0,16,4,0,20,0,16,7,0,23,26,0,26,49
01/08/2021,MDH,IL,AGL,CE,Federal Contract Tower,0,1,0,0,1,0,6,1,0,7,0,7,1,0,8,10,0,10,18
01/09/2021,MDH,IL,AGL,CE,Federal Contract Tower,0,0,0,0,0,0,1,2,0,3,0,1,2,0,3,6,0,6,9
01/10/2021,MDH,IL,AGL,CE,Federal Contract Tower,0,0,1,0,1,0,3,4,0,7,0,3,5,0,8,18,0,18,26
01/11/2021,MDH,IL,AGL,CE,Federal Contract Tower,0,0,3,0,3,0,1,0,0,1,0,1,3,0,4,0,0,0,4
01/12/2021,MDH,IL,AGL,CE,Federal Contract Tower,0,2,3,0,5,0,33,23,0,56,0,35,26,0,61,86,0,86,147
01/13/2021,MDH,IL,AGL,CE,Federal Contract Tower,0,0,2,0,2,0,61,12,0,73,0,61,14,0,75,152,0,152,227
01/15/2021,MDH,IL,AGL,CE,Federal Contract Tower,0,0,0,0,0,0,11,10,0,21,0,11,10,0,21,46,0,46,67
01/16/2021,MDH,IL,AGL,CE,Federal Contract Tower,0,0,0,0,0,0,0,0,0,0,0,0,0,0,0,0,0,0,0
01/17/2021,MDH,IL,AGL,CE,Federal Contract Tower,0,0,0,0,0,0,2,10,0,12,0,2,10,0,12,12,0,12,24
01/18/2021,MDH,IL,AGL,CE,Federal Contract Tower,0,0,0,0,0,0,3,20,0,23,0,3,20,0,23,38,0,38,61
01/19/2021,MDH,IL,AGL,CE,Federal Contract Tower,0,0,1,0,1,0,26,11,0,37,0,26,12,0,38,58,0,58,96
01/20/2021,MDH,IL,AGL,CE,Federal Contract Tower,0,0,1,0,1,0,83,9,0,92,0,83,10,0,93,230,0,230,323
01/21/2021,MDH,IL,AGL,CE,Federal Contract Tower,0,4,0,0,4,0,205,33,0,238,0,209,33,0,242,695,0,695,937
01/22/2021,MDH,IL,AGL,CE,Federal Contract Tower,0,0,1,0,1,0,131,19,0,150,0,131,20,0,151,318,0,318,469
01/23/2021,MDH,IL,AGL,CE,Federal Contract Tower,0,4,2,0,6,0,110,17,0,127,0,114,19,0,133,258,0,258,391
01/24/2021,MDH,IL,AGL,CE,Federal Contract Tower,0,0,2,0,2,0,0,0,0,0,0,0,2,0,2,0,0,0,2
01/25/2021,MDH,IL,AGL,CE,Federal Contract Tower,0,0,1,0,1,0,0,0,0,0,0,0,1,0,1,0,0,0,1
01/26/2021,MDH,IL,AGL,CE,Federal Contract Tower,0,1,4,0,5,0,112,9,0,121,0,113,13,0,126,298,0,298,424
01/27/2021,MDH,IL,AGL,CE,Federal Contract Tower,0,0,0,0,0,0,21,0,0,21,0,21,0,0,21,26,0,26,47
01/28/2021,MDH,IL,AGL,CE,Federal Contract Tower,0,1,0,0,1,0,218,21,0,239,0,219,21,0,240,720,0,720,960
01/29/2021,MDH,IL,AGL,CE,Federal Contract Tower,0,4,2,0,6,0,154,27,0,181,0,158,29,0,187,382,0,382,569
01/30/2021,MDH,IL,AGL,CE,Federal Contract Tower,0,0,0,0,0,0,2,0,0,2,0,2,0,0,2,24,0,24,26
01/31/2021,MDH,IL,AGL,CE,Federal Contract Tower,0,0,2,0,2,0,0,0,0,0,0,0,2,0,2,0,0,0,2
02/01/2021,MDH,IL,AGL,CE,Federal Contract Tower,0,3,0,0,3,0,45,12,0,57,0,48,12,0,60,210,0,210,270
02/02/2021,MDH,IL,AGL,CE,Federal Contract Tower,0,0,0,0,0,0,165,17,0,182,0,165,17,0,182,472,0,472,654
02/03/2021,MDH,IL,AGL,CE,Federal Contract Tower,0,4,0,0,4,0,173,19,0,192,0,177,19,0,196,484,0,484,680
02/04/2021,MDH,IL,AGL,CE,Federal Contract Tower,0,0,0,0,0,0,8,0,0,8,0,8,0,0,8,2,0,2,10
02/05/2021,MDH,IL,AGL,CE,Federal Contract Tower,0,3,2,0,5,0,178,20,0,198,0,181,22,0,203,382,0,382,585
02/06/2021,MDH,IL,AGL,CE,Federal Contract Tower,0,2,0,0,2,0,101,16,0,117,0,103,16,0,119,310,0,310,429
02/07/2021,MDH,IL,AGL,CE,Federal Contract Tower,0,0,0,0,0,0,40,9,0,49,0,40,9,0,49,86,0,86,135
02/08/2021,MDH,IL,AGL,CE,Federal Contract Tower,0,0,1,0,1,0,96,2,0,98,0,96,3,0,99,186,0,186,285
02/09/2021,MDH,IL,AGL,CE,Federal Contract Tower,0,0,0,0,0,0,0,0,0,0,0,0,0,0,0,0,0,0,0
02/10/2021,MDH,IL,AGL,CE,Federal Contract Tower,0,0,0,0,0,0,0,0,0,0,0,0,0,0,0,0,0,0,0
02/11/2021,MDH,IL,AGL,CE,Federal Contract Tower,0,0,0,0,0,0,1,1,0,2,0,1,1,0,2,0,0,0,2
02/12/2021,MDH,IL,AGL,CE,Federal Contract Tower,0,0,1,0,1,0,2,0,0,2,0,2,1,0,3,4,0,4,7
02/13/2021,MDH,IL,AGL,CE,Federal Contract Tower,0,0,0,0,0,0,0,0,0,0,0,0,0,0,0,0,0,0,0
02/15/2021,MDH,IL,AGL,CE,Federal Contract Tower,0,0,0,0,0,0,0,0,0,0,0,0,0,0,0,0,0,0,0
02/16/2021,MDH,IL,AGL,CE,Federal Contract Tower,0,0,0,0,0,0,0,0,0,0,0,0,0,0,0,0,0,0,0
02/17/2021,MDH,IL,AGL,CE,Federal Contract Tower,0,0,0,0,0,0,2,0,0,2,0,2,0,0,2,4,0,4,6
02/18/2021,MDH,IL,AGL,CE,Federal Contract Tower,0,0,0,0,0,0,28,3,0,31,0,28,3,0,31,68,0,68,99
02/19/2021,MDH,IL,AGL,CE,Federal Contract Tower,0,0,1,0,1,0,118,17,0,135,0,118,18,0,136,202,0,202,338
02/20/2021,MDH,IL,AGL,CE,Federal Contract Tower,2,11,1,0,14,0,134,16,0,150,2,145,17,0,164,278,0,278,442
02/21/2021,MDH,IL,AGL,CE,Federal Contract Tower,0,3,0,0,3,0,24,8,0,32,0,27,8,0,35,36,0,36,71
02/22/2021,MDH,IL,AGL,CE,Federal Contract Tower,0,12,1,0,13,0,241,22,0,263,0,253,23,0,276,676,0,676,952
02/23/2021,MDH,IL,AGL,CE,Federal Contract Tower,0,5,4,0,9,0,264,35,0,299,0,269,39,0,308,634,0,634,942
02/24/2021,MDH,IL,AGL,CE,Federal Contract Tower,0,2,1,0,3,0,155,18,0,173,0,157,19,0,176,358,0,358,534
02/25/2021,MDH,IL,AGL,CE,Federal Contract Tower,0,7,0,0,7,0,267,38,0,305,0,274,38,0,312,806,0,806,1118
02/26/2021,MDH,IL,AGL,CE,Federal Contract Tower,2,4,1,0,7,0,134,15,0,149,2,138,16,0,156,436,0,436,592
02/27/2021,MDH,IL,AGL,CE,Federal Contract Tower,0,7,1,0,8,0,115,20,0,135,0,122,21,0,143,352,0,352,495
02/28/2021,MDH,IL,AGL,CE,Federal Contract Tower,0,4,0,0,4,0,0,0,0,0,0,4,0,0,4,0,0,0,4
03/01/2021,MDH,IL,AGL,CE,Federal Contract Tower,0,7,2,0,9,0,287,23,0,310,0,294,25,0,319,736,0,736,1055
03/02/2021,MDH,IL,AGL,CE,Federal Contract Tower,0,5,2,0,7,0,185,19,0,204,0,190,21,0,211,340,0,340,551
03/03/2021,MDH,IL,AGL,CE,Federal Contract Tower,0,5,0,0,5,0,213,36,0,249,0,218,36,0,254,518,0,518,772
03/04/2021,MDH,IL,AGL,CE,Federal Contract Tower,0,6,0,0,6,0,246,22,0,268,0,252,22,0,274,674,0,674,948
03/05/2021,MDH,IL,AGL,CE,Federal Contract Tower,0,1,2,0,3,0,142,19,0,161,0,143,21,0,164,328,0,328,492
03/06/2021,MDH,IL,AGL,CE,Federal Contract Tower,0,3,5,0,8,0,92,25,0,117,0,95,30,0,125,222,0,222,347
03/07/2021,MDH,IL,AGL,CE,Federal Contract Tower,0,2,1,0,3,0,99,15,0,114,0,101,16,0,117,232,0,232,349
03/08/2021,MDH,IL,AGL,CE,Federal Contract Tower,0,4,1,0,5,0,122,10,0,132,0,126,11,0,137,286,0,286,423
03/09/2021,MDH,IL,AGL,CE,Federal Contract Tower,0,3,3,0,6,0,113,10,0,123,0,116,13,0,129,232,0,232,361
03/10/2021,MDH,IL,AGL,CE,Federal Contract Tower,0,0,1,0,1,0,16,3,0,19,0,16,4,0,20,12,0,12,32
03/11/2021,MDH,IL,AGL,CE,Federal Contract Tower,0,2,0,0,2,0,12,0,0,12,0,14,0,0,14,24,0,24,38
03/12/2021,MDH,IL,AGL,CE,Federal Contract Tower,0,2,4,0,6,0,96,16,0,112,0,98,20,0,118,298,0,298,416
03/13/2021,MDH,IL,AGL,CE,Federal Contract Tower,0,0,2,0,2,0,28,5,0,33,0,28,7,0,35,90,0,90,125
03/14/2021,MDH,IL,AGL,CE,Federal Contract Tower,0,5,1,0,6,0,32,6,0,38,0,37,7,0,44,78,0,78,122
03/15/2021,MDH,IL,AGL,CE,Federal Contract Tower,0,9,0,0,9,0,83,3,0,86,0,92,3,0,95,276,0,276,371
03/16/2021,MDH,IL,AGL,CE,Federal Contract Tower,0,5,5,0,10,0,0,1,0,1,0,5,6,0,11,0,0,0,11
03/17/2021,MDH,IL,AGL,CE,Federal Contract Tower,0,0,0,0,0,0,3,0,0,3,0,3,0,0,3,10,0,10,13
03/18/2021,MDH,IL,AGL,CE,Federal Contract Tower,0,14,4,0,18,0,0,0,0,0,0,14,4,0,18,0,0,0,18
03/19/2021,MDH,IL,AGL,CE,Federal Contract Tower,0,4,1,0,5,0,225,23,0,248,0,229,24,0,253,554,0,554,807
03/20/2021,MDH,IL,AGL,CE,Federal Contract Tower,0,0,0,0,0,0,150,36,0,186,0,150,36,0,186,438,0,438,624
03/21/2021,MDH,IL,AGL,CE,Federal Contract Tower,0,3,0,0,3,0,130,16,0,146,0,133,16,0,149,262,0,262,411
03/22/2021,MDH,IL,AGL,CE,Federal Contract Tower,0,2,4,0,6,0,261,17,0,278,0,263,21,0,284,670,0,670,954
03/23/2021,MDH,IL,AGL,CE,Federal Contract Tower,0,0,3,0,3,0,24,0,0,24,0,24,3,0,27,120,0,120,147
03/24/2021,MDH,IL,AGL,CE,Federal Contract Tower,0,2,3,0,5,0,216,24,2,242,0,218,27,2,247,516,0,516,763
03/25/2021,MDH,IL,AGL,CE,Federal Contract Tower,0,0,2,0,2,0,8,0,0,8,0,8,2,0,10,18,0,18,28
03/26/2021,MDH,IL,AGL,CE,Federal Contract Tower,0,10,4,0,14,0,128,18,0,146,0,138,22,0,160,552,0,552,712
03/27/2021,MDH,IL,AGL,CE,Federal Contract Tower,0,3,4,0,7,0,112,25,0,137,0,115,29,0,144,304,0,304,448
03/28/2021,MDH,IL,AGL,CE,Federal Contract Tower,0,0,1,0,1,0,6,10,0,16,0,6,11,0,17,14,0,14,31
03/29/2021,MDH,IL,AGL,CE,Federal Contract Tower,0,1,0,0,1,0,297,30,0,327,0,298,30,0,328,814,0,814,1142
03/30/2021,MDH,IL,AGL,CE,Federal Contract Tower,0,2,3,0,5,0,85,9,0,94,0,87,12,0,99,128,0,128,227
03/31/2021,MDH,IL,AGL,CE,Federal Contract Tower,0,0,1,0,1,0,168,22,0,190,0,168,23,0,191,446,0,446,637
04/01/2021,MDH,IL,AGL,CE,Federal Contract Tower,0,0,5,0,5,0,279,27,0,306,0,279,32,0,311,818,0,818,1129
04/02/2021,MDH,IL,AGL,CE,Federal Contract Tower,0,0,1,0,1,0,248,37,0,285,0,248,38,0,286,580,0,580,866
04/03/2021,MDH,IL,AGL,CE,Federal Contract Tower,0,3,2,0,5,0,95,27,0,122,0,98,29,0,127,242,0,242,369
04/04/2021,MDH,IL,AGL,CE,Federal Contract Tower,0,1,0,0,1,0,57,18,0,75,0,58,18,0,76,192,0,192,268
04/05/2021,MDH,IL,AGL,CE,Federal Contract Tower,0,0,0,0,0,0,203,15,0,218,0,203,15,0,218,696,0,696,914
04/06/2021,MDH,IL,AGL,CE,Federal Contract Tower,0,7,0,0,7,0,172,24,0,196,0,179,24,0,203,362,0,362,565
04/07/2021,MDH,IL,AGL,CE,Federal Contract Tower,0,0,0,0,0,0,71,7,0,78,0,71,7,0,78,162,0,162,240
04/08/2021,MDH,IL,AGL,CE,Federal Contract Tower,0,5,0,0,5,0,220,15,0,235,0,225,15,0,240,718,0,718,958
04/09/2021,MDH,IL,AGL,CE,Federal Contract Tower,0,2,0,0,2,0,155,19,0,174,0,157,19,0,176,412,0,412,588
04/10/2021,MDH,IL,AGL,CE,Federal Contract Tower,0,0,0,0,0,0,0,0,0,0,0,0,0,0,0,0,0,0,0
04/11/2021,MDH,IL,AGL,CE,Federal Contract Tower,0,0,0,0,0,0,42,0,0,42,0,42,0,0,42,44,0,44,86
04/12/2021,MDH,IL,AGL,CE,Federal Contract Tower,0,0,4,0,4,0,234,21,0,255,0,234,25,0,259,750,0,750,1009
04/13/2021,MDH,IL,AGL,CE,Federal Contract Tower,0,0,0,0,0,0,198,17,0,215,0,198,17,0,215,712,0,712,927
04/14/2021,MDH,IL,AGL,CE,Federal Contract Tower,0,2,0,0,2,0,236,34,0,270,0,238,34,0,272,850,0,850,1122
04/15/2021,MDH,IL,AGL,CE,Federal Contract Tower,0,3,1,0,4,0,188,18,1,207,0,191,19,1,211,652,0,652,863
04/16/2021,MDH,IL,AGL,CE,Federal Contract Tower,0,0,2,0,2,0,169,20,0,189,0,169,22,0,191,456,0,456,647
04/17/2021,MDH,IL,AGL,CE,Federal Contract Tower,0,5,2,0,7,0,16,5,0,21,0,21,7,0,28,86,0,86,114
04/18/2021,MDH,IL,AGL,CE,Federal Contract Tower,0,2,3,0,5,0,69,12,0,81,0,71,15,0,86,174,0,174,260
04/19/2021,MDH,IL,AGL,CE,Federal Contract Tower,0,2,1,0,3,0,206,40,0,246,0,208,41,0,249,638,0,638,887
04/20/2021,MDH,IL,AGL,CE,Federal Contract Tower,0,0,0,0,0,0,90,5,0,95,0,90,5,0,95,342,0,342,437
04/21/2021,MDH,IL,AGL,CE,Federal Contract Tower,0,0,0,0,0,0,170,13,0,183,0,170,13,0,183,514,0,514,697
04/22/2021,MDH,IL,AGL,CE,Federal Contract Tower,0,4,3,0,7,0,289,22,0,311,0,293,25,0,318,875,0,875,1193
04/23/2021,MDH,IL,AGL,CE,Federal Contract Tower,0,2,2,0,4,0,159,17,0,176,0,161,19,0,180,478,0,478,658
04/24/2021,MDH,IL,AGL,CE,Federal Contract Tower,0,7,1,0,8,0,0,0,0,0,0,7,1,0,8,0,0,0,8
04/25/2021,MDH,IL,AGL,CE,Federal Contract Tower,0,2,3,0,5,0,123,42,0,165,0,125,45,0,170,306,0,306,476
04/26/2021,MDH,IL,AGL,CE,Federal Contract Tower,0,2,0,0,2,0,179,11,0,190,0,181,11,0,192,506,0,506,698
04/27/2021,MDH,IL,AGL,CE,Federal Contract Tower,0,0,1,0,1,0,66,5,0,71,0,66,6,0,72,110,0,110,182
04/28/2021,MDH,IL,AGL,CE,Federal Contract Tower,0,2,3,0,5,0,32,3,0,35,0,34,6,0,40,104,0,104,144
04/29/2021,MDH,IL,AGL,CE,Federal Contract Tower,0,15,4,0,19,0,100,1,0,101,0,115,5,0,120,358,0,358,478
04/30/2021,MDH,IL,AGL,CE,Federal Contract Tower,0,4,3,0,7,0,250,37,0,287,0,254,40,0,294,770,0,770,1064
05/01/2021,MDH,IL,AGL,CE,Federal Contract Tower,0,0,0,0,0,0,132,22,0,154,0,132,22,0,154,396,0,396,550
05/02/2021,MDH,IL,AGL,CE,Federal Contract Tower,0,3,0,0,3,0,57,5,0,62,0,60,5,0,65,136,0,136,201
05/03/2021,MDH,IL,AGL,CE,Federal Contract Tower,0,11,0,0,11,0,75,18,0,93,0,86,18,0,104,290,0,290,394
05/04/2021,MDH,IL,AGL,CE,Federal Contract Tower,0,10,2,0,12,0,11,0,0,11,0,21,2,0,23,14,0,14,37
05/05/2021,MDH,IL,AGL,CE,Federal Contract Tower,0,4,3,0,7,0,242,14,0,256,0,246,17,0,263,740,0,740,1003
05/06/2021,MDH,IL,AGL,CE,Federal Contract Tower,0,3,0,0,3,0,136,4,0,140,0,139,4,0,143,354,0,354,497
05/07/2021,MDH,IL,AGL,CE,Federal Contract Tower,0,4,2,0,6,0,125,19,0,144,0,129,21,0,150,344,0,344,494
05/08/2021,MDH,IL,AGL,CE,Federal Contract Tower,0,0,1,0,1,0,16,4,0,20,0,16,5,0,21,36,0,36,57
05/09/2021,MDH,IL,AGL,CE,Federal Contract Tower,0,0,1,0,1,0,0,0,0,0,0,0,1,0,1,0,0,0,1
05/10/2021,MDH,IL,AGL,CE,Federal Contract Tower,0,1,4,0,5,0,131,18,0,149,0,132,22,0,154,368,0,368,522
05/11/2021,MDH,IL,AGL,CE,Federal Contract Tower,0,0,0,0,0,0,148,15,0,163,0,148,15,0,163,485,0,485,648
05/12/2021,MDH,IL,AGL,CE,Federal Contract Tower,0,4,3,0,7,0,109,22,0,131,0,113,25,0,138,348,0,348,486
05/13/2021,MDH,IL,AGL,CE,Federal Contract Tower,0,1,2,0,3,0,174,16,0,190,0,175,18,0,193,566,0,566,759
05/14/2021,MDH,IL,AGL,CE,Federal Contract Tower,0,0,4,0,4,0,143,16,0,159,0,143,20,0,163,528,0,528,691
05/15/2021,MDH,IL,AGL,CE,Federal Contract Tower,0,4,0,0,4,0,44,8,0,52,0,48,8,0,56,104,0,104,160
05/16/2021,MDH,IL,AGL,CE,Federal Contract Tower,0,1,1,0,2,0,18,30,0,48,0,19,31,0,50,32,0,32,82
05/17/2021,MDH,IL,AGL,CE,Federal Contract Tower,0,2,3,0,5,0,43,2,0,45,0,45,5,0,50,262,0,262,312
05/18/2021,MDH,IL,AGL,CE,Federal Contract Tower,1,2,5,0,8,0,51,6,0,57,1,53,11,0,65,88,0,88,153
05/19/2021,MDH,IL,AGL,CE,Federal Contract Tower,0,2,1,0,3,0,126,16,0,142,0,128,17,0,145,324,0,324,469
05/20/2021,MDH,IL,AGL,CE,Federal Contract Tower,0,0,0,0,0,0,116,15,0,131,0,116,15,0,131,288,0,288,419
05/21/2021,MDH,IL,AGL,CE,Federal Contract Tower,0,1,0,0,1,0,116,12,0,128,0,117,12,0,129,290,0,290,419
05/22/2021,MDH,IL,AGL,CE,Federal Contract Tower,0,5,1,0,6,0,22,23,0,45,0,27,24,0,51,66,0,66,117
05/23/2021,MDH,IL,AGL,CE,Federal Contract Tower,0,0,0,0,0,0,0,23,0,23,0,0,23,0,23,20,0,20,43
05/24/2021,MDH,IL,AGL,CE,Federal Contract Tower,0,4,1,0,5,0,137,16,0,153,0,141,17,0,158,344,0,344,502
05/25/2021,MDH,IL,AGL,CE,Federal Contract Tower,0,2,0,0,2,0,120,17,0,137,0,122,17,0,139,352,0,352,491
05/26/2021,MDH,IL,AGL,CE,Federal Contract Tower,0,15,2,0,17,0,50,0,0,50,0,65,2,0,67,112,0,112,179
05/27/2021,MDH,IL,AGL,CE,Federal Contract Tower,0,4,0,0,4,0,94,2,0,96,0,98,2,0,100,208,0,208,308
05/28/2021,MDH,IL,AGL,CE,Federal Contract Tower,0,10,3,0,13,0,21,0,0,21,0,31,3,0,34,74,0,74,108
05/29/2021,MDH,IL,AGL,CE,Federal Contract Tower,0,0,0,0,0,0,5,7,0,12,0,5,7,0,12,16,0,16,28
05/30/2021,MDH,IL,AGL,CE,Federal Contract Tower,0,0,5,0,5,0,2,14,0,16,0,2,19,0,21,0,0,0,21
05/31/2021,MDH,IL,AGL,CE,Federal Contract Tower,0,0,1,0,1,0,1,6,0,7,0,1,7,0,8,22,0,22,30
06/01/2021,MDH,IL,AGL,CE,Federal Contract Tower,0,2,0,0,2,0,101,10,0,111,0,103,10,0,113,214,0,214,327
06/02/2021,MDH,IL,AGL,CE,Federal Contract Tower,0,4,2,0,6,0,10,0,0,10,0,14,2,0,16,14,0,14,30
06/03/2021,MDH,IL,AGL,CE,Federal Contract Tower,0,0,7,0,7,0,118,24,0,142,0,118,31,0,149,340,0,340,489
06/04/2021,MDH,IL,AGL,CE,Federal Contract Tower,0,0,1,0,1,0,160,23,0,183,0,160,24,0,184,358,0,358,542
06/05/2021,MDH,IL,AGL,CE,Federal Contract Tower,0,2,0,0,2,0,61,22,0,83,0,63,22,0,85,94,0,94,179
06/06/2021,MDH,IL,AGL,CE,Federal Contract Tower,0,1,6,0,7,0,0,3,0,3,0,1,9,0,10,0,0,0,10
06/07/2021,MDH,IL,AGL,CE,Federal Contract Tower,0,5,4,0,9,0,46,8,0,54,0,51,12,0,63,156,0,156,219
06/08/2021,MDH,IL,AGL,CE,Federal Contract Tower,0,2,4,0,6,0,62,5,0,67,0,64,9,0,73,304,0,304,377
06/09/2021,MDH,IL,AGL,CE,Federal Contract Tower,0,6,5,0,11,0,31,2,0,33,0,37,7,0,44,78,0,78,122
06/11/2021,MDH,IL,AGL,CE,Federal Contract Tower,0,0,1,0,1,0,158,16,0,174,0,158,17,0,175,426,0,426,601
06/12/2021,MDH,IL,AGL,CE,Federal Contract Tower,0,2,0,0,2,0,71,11,0,82,0,73,11,0,84,186,0,186,270
06/13/2021,MDH,IL,AGL,CE,Federal Contract Tower,0,0,1,0,1,0,0,0,0,0,0,0,1,0,1,26,0,26,27
06/15/2021,MDH,IL,AGL,CE,Federal Contract Tower,0,0,0,0,0,0,175,16,0,191,0,175,16,0,191,624,0,624,815
06/16/2021,MDH,IL,AGL,CE,Federal Contract Tower,0,4,5,0,9,0,165,24,0,189,0,169,29,0,198,458,0,458,656
06/17/2021,MDH,IL,AGL,CE,Federal Contract Tower,0,2,2,0,4,0,174,14,0,188,0,176,16,0,192,428,0,428,620
06/18/2021,MDH,IL,AGL,CE,Federal Contract Tower,0,0,4,0,4,0,117,17,0,134,0,117,21,0,138,276,0,276,414
06/19/2021,MDH,IL,AGL,CE,Federal Contract Tower,0,0,3,0,3,0,10,23,2,35,0,10,26,2,38,24,0,24,62
06/20/2021,MDH,IL,AGL,CE,Federal Contract Tower,0,0,2,0,2,0,4,14,0,18,0,4,16,0,20,0,0,0,20
06/21/2021,MDH,IL,AGL,CE,Federal Contract Tower,0,0,6,0,6,0,45,11,0,56,0,45,17,0,62,106,0,106,168
06/22/2021,MDH,IL,AGL,CE,Federal Contract Tower,0,7,5,0,12,0,149,20,0,169,0,156,25,0,181,526,0,526,707
06/23/2021,MDH,IL,AGL,CE,Federal Contract Tower,0,4,5,0,9,0,146,22,0,168,0,150,27,0,177,352,0,352,529
06/24/2021,MDH,IL,AGL,CE,Federal Contract Tower,0,3,4,0,7,0,153,16,0,169,0,156,20,0,176,410,0,410,586
06/25/2021,MDH,IL,AGL,CE,Federal Contract Tower,0,1,6,0,7,0,39,9,0,48,0,40,15,0,55,104,0,104,159
06/26/2021,MDH,IL,AGL,CE,Federal Contract Tower,0,2,0,0,2,0,23,1,0,24,0,25,1,0,26,34,0,34,60
06/27/2021,MDH,IL,AGL,CE,Federal Contract Tower,0,1,2,0,3,0,0,10,0,10,0,1,12,0,13,2,0,2,15
06/28/2021,MDH,IL,AGL,CE,Federal Contract Tower,0,0,3,0,3,0,133,25,0,158,0,133,28,0,161,316,0,316,477
06/29/2021,MDH,IL,AGL,CE,Federal Contract Tower,0,3,0,0,3,0,173,12,0,185,0,176,12,0,188,420,0,420,608
06/30/2021,MDH,IL,AGL,CE,Federal Contract Tower,0,2,3,0,5,0,124,11,0,135,0,126,14,0,140,302,0,302,442
07/01/2021,MDH,IL,AGL,CE,Federal Contract Tower,0,3,4,0,7,0,25,9,0,34,0,28,13,0,41,176,0,176,217
07/02/2021,MDH,IL,AGL,CE,Federal Contract Tower,0,2,0,0,2,0,125,11,0,136,0,127,11,0,138,340,0,340,478
07/03/2021,MDH,IL,AGL,CE,Federal Contract Tower,0,0,1,0,1,0,0,38,0,38,0,0,39,0,39,22,0,22,61
07/04/2021,MDH,IL,AGL,CE,Federal Contract Tower,0,0,1,0,1,0,0,32,0,32,0,0,33,0,33,0,0,0,33
07/05/2021,MDH,IL,AGL,CE,Federal Contract Tower,0,0,0,0,0,0,6,3,0,9,0,6,3,0,9,4,0,4,13
07/06/2021,MDH,IL,AGL,CE,Federal Contract Tower,0,1,0,0,1,0,148,18,0,166,0,149,18,0,167,478,0,478,645
07/07/2021,MDH,IL,AGL,CE,Federal Contract Tower,0,1,0,0,1,0,169,15,0,184,0,170,15,0,185,326,0,326,511
07/08/2021,MDH,IL,AGL,CE,Federal Contract Tower,0,5,1,0,6,0,75,12,0,87,0,80,13,0,93,196,0,196,289
07/09/2021,MDH,IL,AGL,CE,Federal Contract Tower,0,0,3,0,3,0,96,27,0,123,0,96,30,0,126,252,0,252,378
07/10/2021,MDH,IL,AGL,CE,Federal Contract Tower,0,0,3,0,3,0,0,1,0,1,0,0,4,0,4,0,0,0,4
07/11/2021,MDH,IL,AGL,CE,Federal Contract Tower,0,0,8,0,8,0,0,3,0,3,0,0,11,0,11,6,0,6,17
07/12/2021,MDH,IL,AGL,CE,Federal Contract Tower,0,11,0,0,11,0,29,0,0,29,0,40,0,0,40,142,0,142,182
07/13/2021,MDH,IL,AGL,CE,Federal Contract Tower,0,12,3,0,15,0,70,4,0,74,0,82,7,0,89,190,0,190,279
07/14/2021,MDH,IL,AGL,CE,Federal Contract Tower,0,13,3,0,16,0,140,20,1,161,0,153,23,1,177,324,0,324,501
07/15/2021,MDH,IL,AGL,CE,Federal Contract Tower,0,1,2,0,3,0,76,14,0,90,0,77,16,0,93,140,0,140,233
07/16/2021,MDH,IL,AGL,CE,Federal Contract Tower,0,0,2,0,2,0,0,4,0,4,0,0,6,0,6,10,0,10,16
07/17/2021,MDH,IL,AGL,CE,Federal Contract Tower,0,2,1,0,3,0,28,12,0,40,0,30,13,0,43,130,0,130,173
07/18/2021,MDH,IL,AGL,CE,Federal Contract Tower,0,1,4,0,5,0,0,5,0,5,0,1,9,0,10,4,0,4,14
07/19/2021,MDH,IL,AGL,CE,Federal Contract Tower,0,4,2,0,6,0,162,21,0,183,0,166,23,0,189,510,0,510,699
07/20/2021,MDH,IL,AGL,CE,Federal Contract Tower,0,8,4,0,12,0,144,16,0,160,0,152,20,0,172,224,0,224,396
07/21/2021,MDH,IL,AGL,CE,Federal Contract Tower,0,2,0,0,2,0,126,21,0,147,0,128,21,0,149,256,0,256,405
07/22/2021,MDH,IL,AGL,CE,Federal Contract Tower,0,2,2,0,4,0,53,26,0,79,0,55,28,0,83,174,0,174,257
07/23/2021,MDH,IL,AGL,CE,Federal Contract Tower,0,7,2,0,9,0,85,29,0,114,0,92,31,0,123,180,2,182,305
07/24/2021,MDH,IL,AGL,CE,Federal Contract Tower,0,3,1,0,4,0,58,15,0,73,0,61,16,0,77,130,0,130,207
07/25/2021,MDH,IL,AGL,CE,Federal Contract Tower,0,2,2,0,4,0,2,5,0,7,0,4,7,0,11,0,0,0,11
07/26/2021,MDH,IL,AGL,CE,Federal Contract Tower,0,5,2,0,7,0,91,16,0,107,0,96,18,0,114,258,0,258,372
07/27/2021,MDH,IL,AGL,CE,Federal Contract Tower,0,5,2,0,7,0,110,19,0,129,0,115,21,0,136,290,0,290,426
07/28/2021,MDH,IL,AGL,CE,Federal Contract Tower,0,1,0,0,1,0,82,12,6,100,0,83,12,6,101,190,0,190,291
07/29/2021,MDH,IL,AGL,CE,Federal Contract Tower,0,0,0,0,0,0,71,8,0,79,0,71,8,0,79,210,0,210,289
07/30/2021,MDH,IL,AGL,CE,Federal Contract Tower,0,4,6,0,10,0,27,16,0,43,0,31,22,0,53,112,0,112,165
07/31/2021,MDH,IL,AGL,CE,Federal Contract Tower,0,0,0,0,0,0,0,4,0,4,0,0,4,0,4,6,0,6,10
08/01/2021,MDH,IL,AGL,CE,Federal Contract Tower,0,0,3,0,3,0,2,3,0,5,0,2,6,0,8,4,0,4,12
08/02/2021,MDH,IL,AGL,CE,Federal Contract Tower,0,0,2,0,2,0,43,13,0,56,0,43,15,0,58,104,0,104,162
08/03/2021,MDH,IL,AGL,CE,Federal Contract Tower,0,0,0,0,0,0,0,0,0,0,0,0,0,0,0,56,0,56,56
08/04/2021,MDH,IL,AGL,CE,Federal Contract Tower,0,0,0,0,0,0,19,10,0,29,0,19,10,0,29,16,0,16,45
08/05/2021,MDH,IL,AGL,CE,Federal Contract Tower,0,0,0,0,0,0,20,17,2,39,0,20,17,2,39,84,0,84,123
08/06/2021,MDH,IL,AGL,CE,Federal Contract Tower,0,0,2,0,2,0,18,33,0,51,0,18,35,0,53,74,0,74,127
08/07/2021,MDH,IL,AGL,CE,Federal Contract Tower,0,1,0,0,1,0,2,22,2,26,0,3,22,2,27,0,0,0,27
08/08/2021,MDH,IL,AGL,CE,Federal Contract Tower,0,0,1,0,1,0,0,5,0,5,0,0,6,0,6,0,0,0,6
08/09/2021,MDH,IL,AGL,CE,Federal Contract Tower,0,1,3,0,4,0,15,17,0,32,0,16,20,0,36,44,0,44,80
08/10/2021,MDH,IL,AGL,CE,Federal Contract Tower,0,2,2,0,4,0,22,26,0,48,0,24,28,0,52,94,0,94,146
08/11/2021,MDH,IL,AGL,CE,Federal Contract Tower,0,0,4,0,4,0,54,5,0,59,0,54,9,0,63,156,0,156,219
08/12/2021,MDH,IL,AGL,CE,Federal Contract Tower,0,1,4,0,5,0,40,8,0,48,0,41,12,0,53,118,0,118,171
08/13/2021,MDH,IL,AGL,CE,Federal Contract Tower,0,6,0,0,6,0,32,19,0,51,0,38,19,0,57,148,0,148,205
08/14/2021,MDH,IL,AGL,CE,Federal Contract Tower,0,0,3,0,3,0,1,18,0,19,0,1,21,0,22,2,0,2,24
08/15/2021,MDH,IL,AGL,CE,Federal Contract Tower,0,2,3,0,5,0,2,4,0,6,0,4,7,0,11,0,0,0,11
08/16/2021,MDH,IL,AGL,CE,Federal Contract Tower,0,1,2,0,3,0,36,9,0,45,0,37,11,0,48,112,0,112,160
08/17/2021,MDH,IL,AGL,CE,Federal Contract Tower,0,5,2,0,7,0,78,11,0,89,0,83,13,0,96,214,0,214,310
08/18/2021,MDH,IL,AGL,CE,Federal Contract Tower,0,0,0,0,0,0,119,12,0,131,0,119,12,0,131,408,0,408,539
08/19/2021,MDH,IL,AGL,CE,Federal Contract Tower,0,2,1,0,3,0,98,12,0,110,0,100,13,0,113,252,0,252,365
08/20/2021,MDH,IL,AGL,CE,Federal Contract Tower,0,2,4,0,6,0,102,17,0,119,0,104,21,0,125,250,0,250,375
08/21/2021,MDH,IL,AGL,CE,Federal Contract Tower,0,4,0,0,4,0,0,0,0,0,0,4,0,0,4,0,0,0,4
08/22/2021,MDH,IL,AGL,CE,Federal Contract Tower,0,2,6,0,8,0,4,9,0,13,0,6,15,0,21,50,0,50,71
08/23/2021,MDH,IL,AGL,CE,Federal Contract Tower,0,2,0,0,2,0,131,16,0,147,0,133,16,0,149,326,0,326,475
08/24/2021,MDH,IL,AGL,CE,Federal Contract Tower,0,0,0,0,0,0,121,30,0,151,0,121,30,0,151,362,0,362,513
08/25/2021,MDH,IL,AGL,CE,Federal Contract Tower,0,5,0,0,5,0,153,20,0,173,0,158,20,0,178,386,0,386,564
08/26/2021,MDH,IL,AGL,CE,Federal Contract Tower,0,3,0,0,3,0,188,21,0,209,0,191,21,0,212,602,0,602,814
08/27/2021,MDH,IL,AGL,CE,Federal Contract Tower,0,3,0,0,3,0,149,19,0,168,0,152,19,0,171,344,0,344,515
08/28/2021,MDH,IL,AGL,CE,Federal Contract Tower,0,4,4,0,8,0,78,30,0,108,0,82,34,0,116,232,0,232,348
08/29/2021,MDH,IL,AGL,CE,Federal Contract Tower,0,0,1,0,1,0,28,18,0,46,0,28,19,0,47,78,0,78,125
08/30/2021,MDH,IL,AGL,CE,Federal Contract Tower,0,2,2,0,4,0,138,17,0,155,0,140,19,0,159,280,0,280,439
08/31/2021,MDH,IL,AGL,CE,Federal Contract Tower,0,8,3,0,11,0,73,9,0,82,0,81,12,0,93,216,0,216,309
09/01/2021,MDH,IL,AGL,CE,Federal Contract Tower,0,2,0,0,2,0,156,7,0,163,0,158,7,0,165,424,0,424,589
09/02/2021,MDH,IL,AGL,CE,Federal Contract Tower,0,10,0,0,10,0,338,20,0,358,0,348,20,0,368,842,0,842,1210
09/03/2021,MDH,IL,AGL,CE,Federal Contract Tower,0,6,1,0,7,0,191,28,0,219,0,197,29,0,226,532,0,532,758
09/04/2021,MDH,IL,AGL,CE,Federal Contract Tower,0,0,0,0,0,0,0,0,0,0,0,0,0,0,0,0,0,0,0
09/05/2021,MDH,IL,AGL,CE,Federal Contract Tower,0,2,1,0,3,0,18,0,0,18,0,20,1,0,21,14,0,14,35
09/06/2021,MDH,IL,AGL,CE,Federal Contract Tower,0,2,0,0,2,0,0,29,2,31,0,2,29,2,33,8,0,8,41
09/07/2021,MDH,IL,AGL,CE,Federal Contract Tower,0,1,3,0,4,0,220,29,0,249,0,221,32,0,253,660,0,660,913
09/08/2021,MDH,IL,AGL,CE,Federal Contract Tower,0,1,1,0,2,0,176,10,0,186,0,177,11,0,188,464,0,464,652
09/09/2021,MDH,IL,AGL,CE,Federal Contract Tower,0,9,4,0,13,0,312,28,0,340,0,321,32,0,353,1022,0,1022,1375
09/10/2021,MDH,IL,AGL,CE,Federal Contract Tower,0,3,1,0,4,0,205,22,0,227,0,208,23,0,231,538,0,538,769
09/11/2021,MDH,IL,AGL,CE,Federal Contract Tower,0,3,1,0,4,0,53,21,0,74,0,56,22,0,78,130,0,130,208
09/12/2021,MDH,IL,AGL,CE,Federal Contract Tower,0,1,0,0,1,0,35,15,0,50,0,36,15,0,51,106,0,106,157
09/13/2021,MDH,IL,AGL,CE,Federal Contract Tower,0,1,0,0,1,0,260,17,1,278,0,261,17,1,279,610,0,610,889
09/14/2021,MDH,IL,AGL,CE,Federal Contract Tower,0,1,3,0,4,0,224,25,0,249,0,225,28,0,253,692,0,692,945
09/15/2021,MDH,IL,AGL,CE,Federal Contract Tower,0,2,1,0,3,0,90,10,0,100,0,92,11,0,103,368,0,368,471
09/16/2021,MDH,IL,AGL,CE,Federal Contract Tower,0,4,2,0,6,0,238,33,0,271,0,242,35,0,277,606,0,606,883
09/17/2021,MDH,IL,AGL,CE,Federal Contract Tower,0,2,0,0,2,0,134,17,0,151,0,136,17,0,153,595,0,595,748
09/18/2021,MDH,IL,AGL,CE,Federal Contract Tower,0,4,4,0,8,0,40,12,0,52,0,44,16,0,60,140,0,140,200
09/19/2021,MDH,IL,AGL,CE,Federal Contract Tower,0,0,4,0,4,0,30,0,0,30,0,30,4,0,34,60,0,60,94
09/20/2021,MDH,IL,AGL,CE,Federal Contract Tower,0,17,0,0,17,0,157,4,0,161,0,174,4,0,178,460,0,460,638
09/21/2021,MDH,IL,AGL,CE,Federal Contract Tower,0,4,4,0,8,0,0,2,0,2,0,4,6,0,10,32,0,32,42
09/22/2021,MDH,IL,AGL,CE,Federal Contract Tower,0,3,1,0,4,0,222,22,0,244,0,225,23,0,248,432,0,432,680
09/23/2021,MDH,IL,AGL,CE,Federal Contract Tower,0,0,0,0,0,0,391,37,0,428,0,391,37,0,428,1002,0,1002,1430
09/24/2021,MDH,IL,AGL,CE,Federal Contract Tower,0,1,3,0,4,0,196,19,0,215,0,197,22,0,219,582,0,582,801
09/25/2021,MDH,IL,AGL,CE,Federal Contract Tower,0,0,8,0,8,0,112,25,0,137,0,112,33,0,145,452,0,452,597
09/26/2021,MDH,IL,AGL,CE,Federal Contract Tower,0,2,2,0,4,0,144,17,0,161,0,146,19,0,165,324,0,324,489
09/27/2021,MDH,IL,AGL,CE,Federal Contract Tower,0,1,4,0,5,0,305,26,0,331,0,306,30,0,336,768,0,768,1104
09/28/2021,MDH,IL,AGL,CE,Federal Contract Tower,0,2,0,0,2,0,274,28,0,302,0,276,28,0,304,700,0,700,1004
09/29/2021,MDH,IL,AGL,CE,Federal Contract Tower,0,0,1,0,1,0,253,21,0,274,0,253,22,0,275,604,0,604,879
09/30/2021,MDH,IL,AGL,CE,Federal Contract Tower,0,3,1,0,4,0,266,26,0,292,0,269,27,0,296,910,0,910,1206
10/01/2021,MDH,IL,AGL,CE,Federal Contract Tower,0,4,3,0,7,0,147,13,0,160,0,151,16,0,167,362,0,362,529
10/02/2021,MDH,IL,AGL,CE,Federal Contract Tower,0,2,1,0,3,0,2,2,0,4,0,4,3,0,7,8,0,8,15
10/03/2021,MDH,IL,AGL,CE,Federal Contract Tower,0,0,4,0,4,0,89,6,0,95,0,89,10,0,99,174,0,174,273
10/04/2021,MDH,IL,AGL,CE,Federal Contract Tower,0,3,2,0,5,0,279,14,2,295,0,282,16,2,300,796,0,796,1096
10/05/2021,MDH,IL,AGL,CE,Federal Contract Tower,0,8,1,0,9,0,4,0,0,4,0,12,1,0,13,244,0,244,257
10/06/2021,MDH,IL,AGL,CE,Federal Contract Tower,0,8,0,0,8,0,123,23,0,146,0,131,23,0,154,402,0,402,556
10/07/2021,MDH,IL,AGL,CE,Federal Contract Tower,0,9,2,0,11,0,139,21,0,160,0,148,23,0,171,438,0,438,609
10/08/2021,MDH,IL,AGL,CE,Federal Contract Tower,0,2,0,0,2,0,173,18,0,191,0,175,18,0,193,376,0,376,569
10/09/2021,MDH,IL,AGL,CE,Federal Contract Tower,0,6,0,0,6,0,87,15,0,102,0,93,15,0,108,184,0,184,292
10/10/2021,MDH,IL,AGL,CE,Federal Contract Tower,0,0,2,0,2,0,33,2,0,35,0,33,4,0,37,34,0,34,71
10/11/2021,MDH,IL,AGL,CE,Federal Contract Tower,0,1,0,0,1,0,39,1,0,40,0,40,1,0,41,132,0,132,173
10/12/2021,MDH,IL,AGL,CE,Federal Contract Tower,0,0,3,0,3,0,284,49,0,333,0,284,52,0,336,826,0,826,1162
10/13/2021,MDH,IL,AGL,CE,Federal Contract Tower,0,4,0,0,4,0,196,15,0,211,0,200,15,0,215,554,0,554,769
10/14/2021,MDH,IL,AGL,CE,Federal Contract Tower,0,5,1,0,6,0,243,29,0,272,0,248,30,0,278,736,0,736,1014
10/15/2021,MDH,IL,AGL,CE,Federal Contract Tower,0,5,4,0,9,0,52,4,0,56,0,57,8,0,65,166,0,166,231
10/16/2021,MDH,IL,AGL,CE,Federal Contract Tower,0,2,5,0,7,0,74,18,0,92,0,76,23,0,99,122,0,122,221
10/17/2021,MDH,IL,AGL,CE,Federal Contract Tower,0,0,3,0,3,0,72,29,0,101,0,72,32,0,104,128,0,128,232
10/18/2021,MDH,IL,AGL,CE,Federal Contract Tower,0,4,2,0,6,0,249,33,0,282,0,253,35,0,288,733,0,733,1021
10/19/2021,MDH,IL,AGL,CE,Federal Contract Tower,0,2,4,0,6,0,267,43,0,310,0,269,47,0,316,518,0,518,834
10/20/2021,MDH,IL,AGL,CE,Federal Contract Tower,0,5,2,0,7,0,201,50,2,253,0,206,52,2,260,410,0,410,670
10/21/2021,MDH,IL,AGL,CE,Federal Contract Tower,0,1,0,0,1,0,164,16,0,180,0,165,16,0,181,430,0,430,611
10/22/2021,MDH,IL,AGL,CE,Federal Contract Tower,0,1,2,0,3,0,170,28,0,198,0,171,30,0,201,432,0,432,633
10/23/2021,MDH,IL,AGL,CE,Federal Contract Tower,0,0,1,0,1,0,20,9,0,29,0,20,10,0,30,40,0,40,70
10/24/2021,MDH,IL,AGL,CE,Federal Contract Tower,0,0,0,0,0,0,4,0,0,4,0,4,0,0,4,0,0,0,4
10/25/2021,MDH,IL,AGL,CE,Federal Contract Tower,0,6,4,0,10,0,25,5,0,30,0,31,9,0,40,94,0,94,134
10/26/2021,MDH,IL,AGL,CE,Federal Contract Tower,0,3,0,0,3,0,288,47,0,335,0,291,47,0,338,752,0,752,1090
10/27/2021,MDH,IL,AGL,CE,Federal Contract Tower,0,1,2,0,3,0,231,25,0,256,0,232,27,0,259,414,0,414,673
10/28/2021,MDH,IL,AGL,CE,Federal Contract Tower,1,16,0,0,17,0,16,6,0,22,1,32,6,0,39,58,0,58,97
10/29/2021,MDH,IL,AGL,CE,Federal Contract Tower,0,7,1,0,8,0,0,0,0,0,0,7,1,0,8,0,0,0,8
10/30/2021,MDH,IL,AGL,CE,Federal Contract Tower,0,2,8,0,10,0,2,3,0,5,0,4,11,0,15,0,0,0,15
10/31/2021,MDH,IL,AGL,CE,Federal Contract Tower,0,1,2,0,3,0,84,32,0,116,0,85,34,0,119,210,0,210,329
11/01/2021,MDH,IL,AGL,CE,Federal Contract Tower,0,2,0,0,2,0,299,44,0,343,0,301,44,0,345,802,0,802,1147
11/02/2021,MDH,IL,AGL,CE,Federal Contract Tower,0,2,4,0,6,0,227,32,0,259,0,229,36,0,265,612,0,612,877
11/03/2021,MDH,IL,AGL,CE,Federal Contract Tower,0,0,6,0,6,0,189,41,0,230,0,189,47,0,236,596,0,596,832
11/04/2021,MDH,IL,AGL,CE,Federal Contract Tower,0,6,2,0,8,0,252,26,2,280,0,258,28,2,288,662,0,662,950
11/05/2021,MDH,IL,AGL,CE,Federal Contract Tower,0,2,0,0,2,0,188,16,0,204,0,190,16,0,206,456,0,456,662
11/06/2021,MDH,IL,AGL,CE,Federal Contract Tower,0,3,1,0,4,0,92,27,0,119,0,95,28,0,123,172,0,172,295
11/07/2021,MDH,IL,AGL,CE,Federal Contract Tower,0,0,2,0,2,0,154,21,0,175,0,154,23,0,177,356,0,356,533
11/08/2021,MDH,IL,AGL,CE,Federal Contract Tower,0,8,0,0,8,0,206,12,0,218,0,214,12,0,226,496,0,496,722
11/09/2021,MDH,IL,AGL,CE,Federal Contract Tower,0,4,0,0,4,0,159,19,0,178,0,163,19,0,182,438,0,438,620
11/10/2021,MDH,IL,AGL,CE,Federal Contract Tower,0,2,2,0,4,0,162,24,0,186,0,164,26,0,190,468,0,468,658
11/11/2021,MDH,IL,AGL,CE,Federal Contract Tower,0,0,0,0,0,0,0,5,0,5,0,0,5,0,5,2,0,2,7
11/12/2021,MDH,IL,AGL,CE,Federal Contract Tower,0,2,4,0,6,0,6,7,1,14,0,8,11,1,20,12,0,12,32
11/13/2021,MDH,IL,AGL,CE,Federal Contract Tower,0,0,0,0,0,0,77,12,0,89,0,77,12,0,89,234,0,234,323
11/14/2021,MDH,IL,AGL,CE,Federal Contract Tower,0,0,0,0,0,0,10,2,0,12,0,10,2,0,12,4,0,4,16
11/15/2021,MDH,IL,AGL,CE,Federal Contract Tower,0,5,2,0,7,0,204,21,0,225,0,209,23,0,232,560,0,560,792
11/16/2021,MDH,IL,AGL,CE,Federal Contract Tower,0,8,0,0,8,0,190,12,0,202,0,198,12,0,210,402,0,402,612
11/17/2021,MDH,IL,AGL,CE,Federal Contract Tower,0,11,2,0,13,0,15,2,0,17,0,26,4,0,30,47,0,47,77
11/18/2021,MDH,IL,AGL,CE,Federal Contract Tower,0,3,2,0,5,0,212,27,0,239,0,215,29,0,244,648,0,648,892
11/19/2021,MDH,IL,AGL,CE,Federal Contract Tower,0,2,4,0,6,0,164,25,0,189,0,166,29,0,195,432,0,432,627
11/20/2021,MDH,IL,AGL,CE,Federal Contract Tower,0,1,4,0,5,0,6,14,0,20,0,7,18,0,25,28,0,28,53
11/21/2021,MDH,IL,AGL,CE,Federal Contract Tower,0,0,3,0,3,0,3,6,0,9,0,3,9,0,12,0,0,0,12
11/22/2021,MDH,IL,AGL,CE,Federal Contract Tower,0,0,0,0,0,0,54,31,0,85,0,54,31,0,85,130,0,130,215
11/23/2021,MDH,IL,AGL,CE,Federal Contract Tower,0,2,1,0,3,0,41,17,0,58,0,43,18,0,61,114,0,114,175
11/24/2021,MDH,IL,AGL,CE,Federal Contract Tower,0,0,2,0,2,0,1,2,0,3,0,1,4,0,5,2,0,2,7
11/25/2021,MDH,IL,AGL,CE,Federal Contract Tower,0,0,0,0,0,0,0,0,0,0,0,0,0,0,0,0,0,0,0
11/26/2021,MDH,IL,AGL,CE,Federal Contract Tower,0,0,0,0,0,0,0,18,0,18,0,0,18,0,18,20,0,20,38
11/27/2021,MDH,IL,AGL,CE,Federal Contract Tower,0,0,3,0,3,0,3,12,0,15,0,3,15,0,18,8,0,8,26
11/28/2021,MDH,IL,AGL,CE,Federal Contract Tower,0,2,5,0,7,0,1,7,0,8,0,3,12,0,15,2,0,2,17
11/29/2021,MDH,IL,AGL,CE,Federal Contract Tower,0,5,0,0,5,0,206,8,0,214,0,211,8,0,219,620,0,620,839
11/30/2021,MDH,IL,AGL,CE,Federal Contract Tower,0,6,2,0,8,0,244,20,0,264,0,250,22,0,272,648,0,648,920
12/01/2021,MDH,IL,AGL,CE,Federal Contract Tower,0,6,3,0,9,0,156,16,0,172,0,162,19,0,181,364,0,364,545
12/02/2021,MDH,IL,AGL,CE,Federal Contract Tower,0,7,1,0,8,0,247,20,0,267,0,254,21,0,275,932,0,932,1207
12/03/2021,MDH,IL,AGL,CE,Federal Contract Tower,0,5,2,0,7,0,185,27,0,212,0,190,29,0,219,502,0,502,721
12/04/2021,MDH,IL,AGL,CE,Federal Contract Tower,0,0,4,0,4,0,86,26,0,112,0,86,30,0,116,266,0,266,382
12/05/2021,MDH,IL,AGL,CE,Federal Contract Tower,0,4,0,0,4,0,2,0,0,2,0,6,0,0,6,0,0,0,6
12/06/2021,MDH,IL,AGL,CE,Federal Contract Tower,0,3,0,0,3,0,79,9,0,88,0,82,9,0,91,386,0,386,477
12/07/2021,MDH,IL,AGL,CE,Federal Contract Tower,0,0,0,0,0,0,120,18,0,138,0,120,18,0,138,318,0,318,456
12/08/2021,MDH,IL,AGL,CE,Federal Contract Tower,0,7,1,0,8,0,158,45,0,203,0,165,46,0,211,366,0,366,577
12/09/2021,MDH,IL,AGL,CE,Federal Contract Tower,0,0,2,0,2,0,25,7,0,32,0,25,9,0,34,64,0,64,98
12/10/2021,MDH,IL,AGL,CE,Federal Contract Tower,0,0,0,0,0,0,0,0,0,0,0,0,0,0,0,0,0,0,0
12/11/2021,MDH,IL,AGL,CE,Federal Contract Tower,0,0,1,0,1,0,0,0,0,0,0,0,1,0,1,0,0,0,1
12/12/2021,MDH,IL,AGL,CE,Federal Contract Tower,0,0,4,0,4,0,0,19,0,19,0,0,23,0,23,2,0,2,25
12/13/2021,MDH,IL,AGL,CE,Federal Contract Tower,0,0,0,0,0,0,75,28,0,103,0,75,28,0,103,224,0,224,327
12/14/2021,MDH,IL,AGL,CE,Federal Contract Tower,0,2,0,0,2,0,35,15,0,50,0,37,15,0,52,132,0,132,184
12/15/2021,MDH,IL,AGL,CE,Federal Contract Tower,0,0,0,0,0,0,0,2,0,2,0,0,2,0,2,0,0,0,2
12/16/2021,MDH,IL,AGL,CE,Federal Contract Tower,0,0,0,0,0,0,0,0,0,0,0,0,0,0,0,20,0,20,20
12/17/2021,MDH,IL,AGL,CE,Federal Contract Tower,0,0,0,0,0,0,0,0,0,0,0,0,0,0,0,0,0,0,0
12/18/2021,MDH,IL,AGL,CE,Federal Contract Tower,0,0,0,0,0,0,1,0,0,1,0,1,0,0,1,0,0,0,1
12/19/2021,MDH,IL,AGL,CE,Federal Contract Tower,0,1,2,0,3,0,2,23,0,25,0,3,25,0,28,52,0,52,80
12/20/2021,MDH,IL,AGL,CE,Federal Contract Tower,0,0,0,0,0,0,11,17,0,28,0,11,17,0,28,50,0,50,78
12/21/2021,MDH,IL,AGL,CE,Federal Contract Tower,0,0,2,0,2,0,15,29,0,44,0,15,31,0,46,42,0,42,88
12/22/2021,MDH,IL,AGL,CE,Federal Contract Tower,0,0,1,0,1,0,4,17,0,21,0,4,18,0,22,10,0,10,32
12/23/2021,MDH,IL,AGL,CE,Federal Contract Tower,0,0,2,0,2,0,0,10,0,10,0,0,12,0,12,0,0,0,12
12/24/2021,MDH,IL,AGL,CE,Federal Contract Tower,0,0,0,0,0,0,0,1,0,1,0,0,1,0,1,0,0,0,1
12/25/2021,MDH,IL,AGL,CE,Federal Contract Tower,0,0,1,0,1,0,2,2,0,4,0,2,3,0,5,0,0,0,5
12/26/2021,MDH,IL,AGL,CE,Federal Contract Tower,0,0,1,0,1,0,2,0,0,2,0,2,1,0,3,0,0,0,3
12/27/2021,MDH,IL,AGL,CE,Federal Contract Tower,0,0,0,0,0,0,1,25,0,26,0,1,25,0,26,36,0,36,62
12/28/2021,MDH,IL,AGL,CE,Federal Contract Tower,0,1,0,0,1,0,0,0,0,0,0,1,0,0,1,0,0,0,1
12/29/2021,MDH,IL,AGL,CE,Federal Contract Tower,0,0,2,0,2,0,0,2,0,2,0,0,4,0,4,18,0,18,22
12/30/2021,MDH,IL,AGL,CE,Federal Contract Tower,0,0,0,0,0,0,0,0,0,0,0,0,0,0,0,0,0,0,0
12/31/2021,MDH,IL,AGL,CE,Federal Contract Tower,0,6,3,0,9,0,6,2,0,8,0,12,5,0,17,0,0,0,17
01/01/2022,MDH,IL,AGL,CE,Federal Contract Tower,0,1,0,0,1,0,0,0,0,0,0,1,0,0,1,0,0,0,1
01/02/2022,MDH,IL,AGL,CE,Federal Contract Tower,0,1,5,0,6,0,0,0,0,0,0,1,5,0,6,0,0,0,6
01/03/2022,MDH,IL,AGL,CE,Federal Contract Tower,0,0,4,0,4,0,9,29,0,38,0,9,33,0,42,22,0,22,64
01/04/2022,MDH,IL,AGL,CE,Federal Contract Tower,0,0,0,0,0,0,0,2,0,2,0,0,2,0,2,0,0,0,2
01/05/2022,MDH,IL,AGL,CE,Federal Contract Tower,0,0,3,0,3,0,35,18,0,53,0,35,21,0,56,86,0,86,142
01/06/2022,MDH,IL,AGL,CE,Federal Contract Tower,0,2,1,0,3,0,1,0,0,1,0,3,1,0,4,0,0,0,4
01/07/2022,MDH,IL,AGL,CE,Federal Contract Tower,0,0,2,0,2,0,3,13,0,16,0,3,15,0,18,8,0,8,26
01/08/2022,MDH,IL,AGL,CE,Federal Contract Tower,0,2,0,0,2,0,0,3,0,3,0,2,3,0,5,4,0,4,9
01/09/2022,MDH,IL,AGL,CE,Federal Contract Tower,0,0,0,0,0,0,2,2,0,4,0,2,2,0,4,4,0,4,8
01/10/2022,MDH,IL,AGL,CE,Federal Contract Tower,0,0,0,0,0,0,46,7,0,53,0,46,7,0,53,104,0,104,157
01/11/2022,MDH,IL,AGL,CE,Federal Contract Tower,0,1,0,0,1,0,90,12,0,102,0,91,12,0,103,276,0,276,379
01/12/2022,MDH,IL,AGL,CE,Federal Contract Tower,0,0,4,0,4,0,92,17,0,109,0,92,21,0,113,258,0,258,371
01/13/2022,MDH,IL,AGL,CE,Federal Contract Tower,0,0,0,0,0,0,134,22,0,156,0,134,22,0,156,354,0,354,510
01/14/2022,MDH,IL,AGL,CE,Federal Contract Tower,0,0,2,0,2,0,21,1,0,22,0,21,3,0,24,82,0,82,106
01/15/2022,MDH,IL,AGL,CE,Federal Contract Tower,1,0,0,0,1,0,2,0,0,2,1,2,0,0,3,0,0,0,3
01/16/2022,MDH,IL,AGL,CE,Federal Contract Tower,0,2,0,0,2,0,46,9,0,55,0,48,9,0,57,116,0,116,173
01/17/2022,MDH,IL,AGL,CE,Federal Contract Tower,0,0,1,0,1,0,0,8,0,8,0,0,9,0,9,38,0,38,47
01/18/2022,MDH,IL,AGL,CE,Federal Contract Tower,0,0,0,0,0,0,163,10,0,173,0,163,10,0,173,330,0,330,503
01/19/2022,MDH,IL,AGL,CE,Federal Contract Tower,0,0,0,0,0,0,36,6,0,42,0,36,6,0,42,86,0,86,128
01/20/2022,MDH,IL,AGL,CE,Federal Contract Tower,0,3,0,0,3,0,168,17,0,185,0,171,17,0,188,416,0,416,604
01/21/2022,MDH,IL,AGL,CE,Federal Contract Tower,0,2,5,0,7,0,141,26,0,167,0,143,31,0,174,484,0,484,658
01/22/2022,MDH,IL,AGL,CE,Federal Contract Tower,0,1,3,0,4,0,73,19,0,92,0,74,22,0,96,164,0,164,260
01/23/2022,MDH,IL,AGL,CE,Federal Contract Tower,0,1,1,0,2,0,58,17,0,75,0,59,18,0,77,138,0,138,215
01/24/2022,MDH,IL,AGL,CE,Federal Contract Tower,0,2,1,0,3,0,201,16,0,217,0,203,17,0,220,546,0,546,766
01/25/2022,MDH,IL,AGL,CE,Federal Contract Tower,0,2,0,0,2,0,172,21,0,193,0,174,21,0,195,510,0,510,705
01/26/2022,MDH,IL,AGL,CE,Federal Contract Tower,0,2,2,0,4,0,131,21,0,152,0,133,23,0,156,312,0,312,468
01/27/2022,MDH,IL,AGL,CE,Federal Contract Tower,0,0,0,0,0,0,132,8,0,140,0,132,8,0,140,390,0,390,530
01/28/2022,MDH,IL,AGL,CE,Federal Contract Tower,0,1,0,0,1,0,40,3,0,43,0,41,3,0,44,102,0,102,146
01/29/2022,MDH,IL,AGL,CE,Federal Contract Tower,0,7,0,0,7,0,81,32,0,113,0,88,32,0,120,188,0,188,308
01/30/2022,MDH,IL,AGL,CE,Federal Contract Tower,0,3,0,0,3,0,44,24,0,68,0,47,24,0,71,119,0,119,190
01/31/2022,MDH,IL,AGL,CE,Federal Contract Tower,0,2,2,0,4,0,183,24,0,207,0,185,26,0,211,592,0,592,803
02/01/2022,MDH,IL,AGL,CE,Federal Contract Tower,0,11,0,0,11,0,195,10,0,205,0,206,10,0,216,456,0,456,672
02/02/2022,MDH,IL,AGL,CE,Federal Contract Tower,0,1,1,0,2,0,0,0,0,0,0,1,1,0,2,0,0,0,2
02/03/2022,MDH,IL,AGL,CE,Federal Contract Tower,0,0,0,0,0,0,0,0,0,0,0,0,0,0,0,0,0,0,0
02/04/2022,MDH,IL,AGL,CE,Federal Contract Tower,0,0,1,0,1,0,0,1,0,1,0,0,2,0,2,0,0,0,2
02/05/2022,MDH,IL,AGL,CE,Federal Contract Tower,0,0,1,0,1,0,1,0,0,1,0,1,1,0,2,0,0,0,2
02/06/2022,MDH,IL,AGL,CE,Federal Contract Tower,0,0,1,0,1,0,0,3,0,3,0,0,4,0,4,0,0,0,4
02/07/2022,MDH,IL,AGL,CE,Federal Contract Tower,0,6,2,0,8,0,178,12,0,190,0,184,14,0,198,428,0,428,626
02/08/2022,MDH,IL,AGL,CE,Federal Contract Tower,0,1,2,0,3,0,154,7,0,161,0,155,9,0,164,464,0,464,628
02/09/2022,MDH,IL,AGL,CE,Federal Contract Tower,0,6,0,0,6,0,188,16,0,204,0,194,16,0,210,420,0,420,630
02/10/2022,MDH,IL,AGL,CE,Federal Contract Tower,0,8,0,0,8,0,220,15,0,235,0,228,15,0,243,658,0,658,901
02/11/2022,MDH,IL,AGL,CE,Federal Contract Tower,0,1,0,0,1,0,132,10,0,142,0,133,10,0,143,254,0,254,397
02/12/2022,MDH,IL,AGL,CE,Federal Contract Tower,0,1,0,0,1,0,8,2,0,10,0,9,2,0,11,78,0,78,89
02/13/2022,MDH,IL,AGL,CE,Federal Contract Tower,0,0,4,0,4,0,51,12,0,63,0,51,16,0,67,130,0,130,197
02/14/2022,MDH,IL,AGL,CE,Federal Contract Tower,0,3,3,0,6,0,240,18,0,258,0,243,21,0,264,572,0,572,836
02/15/2022,MDH,IL,AGL,CE,Federal Contract Tower,0,4,5,0,9,0,165,20,0,185,0,169,25,0,194,364,0,364,558
02/16/2022,MDH,IL,AGL,CE,Federal Contract Tower,0,0,2,0,2,0,25,4,0,29,0,25,6,0,31,44,0,44,75
02/17/2022,MDH,IL,AGL,CE,Federal Contract Tower,0,3,1,0,4,0,0,0,0,0,0,3,1,0,4,0,0,0,4
02/18/2022,MDH,IL,AGL,CE,Federal Contract Tower,0,4,2,0,6,0,192,21,0,213,0,196,23,0,219,414,0,414,633
02/19/2022,MDH,IL,AGL,CE,Federal Contract Tower,0,5,0,0,5,0,109,43,0,152,0,114,43,0,157,286,0,286,443
02/20/2022,MDH,IL,AGL,CE,Federal Contract Tower,0,6,2,0,8,0,51,9,0,60,0,57,11,0,68,72,0,72,140
02/21/2022,MDH,IL,AGL,CE,Federal Contract Tower,0,16,1,0,17,0,94,2,0,96,0,110,3,0,113,248,0,248,361
02/22/2022,MDH,IL,AGL,CE,Federal Contract Tower,0,4,0,0,4,0,12,4,0,16,0,16,4,0,20,32,0,32,52
02/23/2022,MDH,IL,AGL,CE,Federal Contract Tower,0,0,0,0,0,0,41,5,0,46,0,41,5,0,46,192,0,192,238
02/24/2022,MDH,IL,AGL,CE,Federal Contract Tower,0,0,0,0,0,0,0,0,0,0,0,0,0,0,0,0,0,0,0
02/25/2022,MDH,IL,AGL,CE,Federal Contract Tower,0,0,2,0,2,0,14,0,0,14,0,14,2,0,16,48,0,48,64
02/26/2022,MDH,IL,AGL,CE,Federal Contract Tower,0,0,0,0,0,0,70,10,0,80,0,70,10,0,80,148,0,148,228
02/27/2022,MDH,IL,AGL,CE,Federal Contract Tower,0,3,1,0,4,0,100,33,0,133,0,103,34,0,137,292,0,292,429
02/28/2022,MDH,IL,AGL,CE,Federal Contract Tower,0,2,2,0,4,0,262,14,0,276,0,264,16,0,280,486,0,486,766
03/01/2022,MDH,IL,AGL,CE,Federal Contract Tower,0,0,1,0,1,0,154,15,0,169,0,154,16,0,170,364,0,364,534
03/02/2022,MDH,IL,AGL,CE,Federal Contract Tower,0,0,2,0,2,0,209,25,0,234,0,209,27,0,236,556,0,556,792
03/03/2022,MDH,IL,AGL,CE,Federal Contract Tower,0,7,2,0,9,0,235,23,1,259,0,242,25,1,268,648,0,648,916
03/04/2022,MDH,IL,AGL,CE,Federal Contract Tower,0,1,2,0,3,0,126,14,0,140,0,127,16,0,143,268,0,268,411
03/05/2022,MDH,IL,AGL,CE,Federal Contract Tower,0,0,1,0,1,0,2,2,0,4,0,2,3,0,5,0,0,0,5
03/06/2022,MDH,IL,AGL,CE,Federal Contract Tower,0,0,1,0,1,0,0,1,0,1,0,0,2,0,2,0,0,0,2
03/07/2022,MDH,IL,AGL,CE,Federal Contract Tower,0,0,1,0,1,0,3,2,0,5,0,3,3,0,6,0,0,0,6
03/08/2022,MDH,IL,AGL,CE,Federal Contract Tower,0,0,3,0,3,0,11,21,0,32,0,11,24,0,35,104,0,104,139
03/09/2022,MDH,IL,AGL,CE,Federal Contract Tower,0,0,3,0,3,0,14,34,0,48,0,14,37,0,51,94,0,94,145
03/10/2022,MDH,IL,AGL,CE,Federal Contract Tower,0,20,0,0,20,0,22,30,0,52,0,42,30,0,72,0,0,0,72
03/11/2022,MDH,IL,AGL,CE,Federal Contract Tower,0,0,0,0,0,0,1,15,0,16,0,1,15,0,16,20,0,20,36
03/12/2022,MDH,IL,AGL,CE,Federal Contract Tower,0,0,3,0,3,0,0,23,0,23,0,0,26,0,26,24,0,24,50
03/13/2022,MDH,IL,AGL,CE,Federal Contract Tower,0,0,2,0,2,0,8,20,0,28,0,8,22,0,30,6,0,6,36
03/14/2022,MDH,IL,AGL,CE,Federal Contract Tower,0,0,0,0,0,0,211,20,0,231,0,211,20,0,231,678,0,678,909
03/15/2022,MDH,IL,AGL,CE,Federal Contract Tower,0,1,0,0,1,0,309,29,0,338,0,310,29,0,339,1062,0,1062,1401
03/16/2022,MDH,IL,AGL,CE,Federal Contract Tower,0,2,0,0,2,0,331,62,0,393,0,333,62,0,395,1036,0,1036,1431
03/17/2022,MDH,IL,AGL,CE,Federal Contract Tower,0,7,3,0,10,0,379,47,2,428,0,386,50,2,438,1054,0,1054,1492
03/18/2022,MDH,IL,AGL,CE,Federal Contract Tower,0,4,1,0,5,0,46,5,0,51,0,50,6,0,56,150,0,150,206
03/19/2022,MDH,IL,AGL,CE,Federal Contract Tower,0,1,4,0,5,0,2,2,0,4,0,3,6,0,9,0,0,0,9
03/20/2022,MDH,IL,AGL,CE,Federal Contract Tower,0,2,1,0,3,0,111,29,0,140,0,113,30,0,143,256,0,256,399
03/21/2022,MDH,IL,AGL,CE,Federal Contract Tower,0,6,0,0,6,0,262,35,0,297,0,268,35,0,303,638,0,638,941
03/22/2022,MDH,IL,AGL,CE,Federal Contract Tower,0,2,0,0,2,0,0,5,0,5,0,2,5,0,7,18,0,18,25
03/23/2022,MDH,IL,AGL,CE,Federal Contract Tower,0,5,0,0,5,0,17,0,0,17,0,22,0,0,22,64,0,64,86
03/24/2022,MDH,IL,AGL,CE,Federal Contract Tower,0,0,0,0,0,0,179,16,2,197,0,179,16,2,197,684,0,684,881
03/25/2022,MDH,IL,AGL,CE,Federal Contract Tower,0,0,0,0,0,0,133,23,0,156,0,133,23,0,156,486,0,486,642
03/26/2022,MDH,IL,AGL,CE,Federal Contract Tower,0,2,2,0,4,0,36,7,0,43,0,38,9,0,47,56,0,56,103
03/27/2022,MDH,IL,AGL,CE,Federal Contract Tower,0,4,0,0,4,0,93,22,0,115,0,97,22,0,119,226,0,226,345
03/28/2022,MDH,IL,AGL,CE,Federal Contract Tower,0,5,2,0,7,0,256,24,0,280,0,261,26,0,287,850,0,850,1137
03/29/2022,MDH,IL,AGL,CE,Federal Contract Tower,0,8,0,0,8,0,269,37,0,306,0,277,37,0,314,860,0,860,1174
03/30/2022,MDH,IL,AGL,CE,Federal Contract Tower,0,0,1,0,1,0,0,0,0,0,0,0,1,0,1,0,0,0,1
03/31/2022,MDH,IL,AGL,CE,Federal Contract Tower,0,1,0,0,1,0,120,36,0,156,0,121,36,0,157,410,0,410,567
04/01/2022,MDH,IL,AGL,CE,Federal Contract Tower,0,1,0,0,1,0,251,42,0,293,0,252,42,0,294,790,0,790,1084
04/02/2022,MDH,IL,AGL,CE,Federal Contract Tower,0,2,2,0,4,0,93,16,0,109,0,95,18,0,113,192,0,192,305
04/03/2022,MDH,IL,AGL,CE,Federal Contract Tower,0,3,0,0,3,0,194,29,0,223,0,197,29,0,226,470,0,470,696
04/04/2022,MDH,IL,AGL,CE,Federal Contract Tower,0,8,0,0,8,0,297,13,0,310,0,305,13,0,318,836,0,836,1154
04/05/2022,MDH,IL,AGL,CE,Federal Contract Tower,0,2,0,0,2,0,280,10,0,290,0,282,10,0,292,708,0,708,1000
04/06/2022,MDH,IL,AGL,CE,Federal Contract Tower,0,6,1,0,7,0,113,14,0,127,0,119,15,0,134,334,0,334,468
04/07/2022,MDH,IL,AGL,CE,Federal Contract Tower,0,2,3,0,5,0,173,22,0,195,0,175,25,0,200,328,0,328,528
04/08/2022,MDH,IL,AGL,CE,Federal Contract Tower,2,0,0,2,4,0,10,3,0,13,2,10,3,2,17,10,0,10,27
04/09/2022,MDH,IL,AGL,CE,Federal Contract Tower,0,2,0,0,2,0,91,20,0,111,0,93,20,0,113,284,0,284,397
04/10/2022,MDH,IL,AGL,CE,Federal Contract Tower,0,8,1,0,9,0,30,5,4,39,0,38,6,4,48,96,0,96,144
04/11/2022,MDH,IL,AGL,CE,Federal Contract Tower,0,2,1,0,3,0,31,2,0,33,0,33,3,0,36,42,0,42,78
04/12/2022,MDH,IL,AGL,CE,Federal Contract Tower,0,7,3,0,10,0,11,3,0,14,0,18,6,0,24,28,0,28,52
04/13/2022,MDH,IL,AGL,CE,Federal Contract Tower,0,1,0,0,1,0,0,0,0,0,0,1,0,0,1,0,0,0,1
04/14/2022,MDH,IL,AGL,CE,Federal Contract Tower,0,2,0,0,2,0,272,44,0,316,0,274,44,0,318,580,0,580,898
04/15/2022,MDH,IL,AGL,CE,Federal Contract Tower,0,2,0,0,2,0,114,21,0,135,0,116,21,0,137,350,0,350,487
04/16/2022,MDH,IL,AGL,CE,Federal Contract Tower,0,2,0,0,2,0,226,31,0,257,0,228,31,0,259,656,0,656,915
04/17/2022,MDH,IL,AGL,CE,Federal Contract Tower,0,2,1,0,3,0,70,6,0,76,0,72,7,0,79,300,0,300,379
04/18/2022,MDH,IL,AGL,CE,Federal Contract Tower,0,7,4,0,11,0,66,14,0,80,0,73,18,0,91,310,0,310,401
04/19/2022,MDH,IL,AGL,CE,Federal Contract Tower,0,3,1,0,4,0,232,37,0,269,0,235,38,0,273,730,0,730,1003
04/20/2022,MDH,IL,AGL,CE,Federal Contract Tower,0,2,0,0,2,0,104,7,0,111,0,106,7,0,113,114,0,114,227
04/21/2022,MDH,IL,AGL,CE,Federal Contract Tower,0,9,4,0,13,0,239,30,0,269,0,248,34,0,282,959,0,959,1241
04/22/2022,MDH,IL,AGL,CE,Federal Contract Tower,0,7,0,0,7,0,217,20,0,237,0,224,20,0,244,600,0,600,844
04/23/2022,MDH,IL,AGL,CE,Federal Contract Tower,0,8,3,0,11,0,26,1,0,27,0,34,4,0,38,40,0,40,78
04/24/2022,MDH,IL,AGL,CE,Federal Contract Tower,0,0,1,0,1,0,0,1,0,1,0,0,2,0,2,0,0,0,2
04/25/2022,MDH,IL,AGL,CE,Federal Contract Tower,0,8,3,0,11,0,254,8,0,262,0,262,11,0,273,610,0,610,883
04/26/2022,MDH,IL,AGL,CE,Federal Contract Tower,0,5,2,0,7,0,356,47,2,405,0,361,49,2,412,894,0,894,1306
04/27/2022,MDH,IL,AGL,CE,Federal Contract Tower,0,3,0,0,3,0,271,34,0,305,0,274,34,0,308,738,0,738,1046
04/28/2022,MDH,IL,AGL,CE,Federal Contract Tower,0,0,1,0,1,0,234,18,0,252,0,234,19,0,253,734,0,734,987
04/29/2022,MDH,IL,AGL,CE,Federal Contract Tower,0,0,1,0,1,0,107,11,0,118,0,107,12,0,119,228,0,228,347
04/30/2022,MDH,IL,AGL,CE,Federal Contract Tower,0,0,2,0,2,0,0,2,0,2,0,0,4,0,4,0,0,0,4
05/01/2022,MDH,IL,AGL,CE,Federal Contract Tower,0,0,0,0,0,0,0,0,0,0,0,0,0,0,0,207,0,207,207
05/02/2022,MDH,IL,AGL,CE,Federal Contract Tower,0,0,0,0,0,0,146,10,0,156,0,146,10,0,156,414,0,414,570
05/03/2022,MDH,IL,AGL,CE,Federal Contract Tower,0,6,2,0,8,0,104,9,0,113,0,110,11,0,121,354,0,354,475
05/04/2022,MDH,IL,AGL,CE,Federal Contract Tower,0,8,1,0,9,0,38,16,0,54,0,46,17,0,63,256,0,256,319
05/05/2022,MDH,IL,AGL,CE,Federal Contract Tower,0,4,2,0,6,0,3,1,0,4,0,7,3,0,10,10,0,10,20
05/06/2022,MDH,IL,AGL,CE,Federal Contract Tower,0,9,6,0,15,0,2,0,0,2,0,11,6,0,17,12,0,12,29
05/07/2022,MDH,IL,AGL,CE,Federal Contract Tower,0,3,4,0,7,0,21,23,0,44,0,24,27,0,51,72,0,72,123
05/08/2022,MDH,IL,AGL,CE,Federal Contract Tower,0,1,3,0,4,0,3,6,0,9,0,4,9,0,13,0,0,0,13
05/09/2022,MDH,IL,AGL,CE,Federal Contract Tower,0,0,0,0,0,0,60,16,0,76,0,60,16,0,76,130,0,130,206
05/10/2022,MDH,IL,AGL,CE,Federal Contract Tower,0,0,10,0,10,0,72,22,0,94,0,72,32,0,104,200,0,200,304
05/11/2022,MDH,IL,AGL,CE,Federal Contract Tower,0,5,1,0,6,0,105,29,0,134,0,110,30,0,140,278,0,278,418
05/12/2022,MDH,IL,AGL,CE,Federal Contract Tower,0,8,0,0,8,0,102,26,0,128,0,110,26,0,136,306,0,306,442
05/13/2022,MDH,IL,AGL,CE,Federal Contract Tower,0,0,1,0,1,0,47,30,0,77,0,47,31,0,78,206,0,206,284
05/14/2022,MDH,IL,AGL,CE,Federal Contract Tower,0,3,1,0,4,0,1,18,0,19,0,4,19,0,23,42,0,42,65
05/15/2022,MDH,IL,AGL,CE,Federal Contract Tower,0,0,0,0,0,0,0,0,0,0,0,0,0,0,0,8,0,8,8
05/16/2022,MDH,IL,AGL,CE,Federal Contract Tower,0,5,0,0,5,0,126,21,0,147,0,131,21,0,152,288,0,288,440
05/17/2022,MDH,IL,AGL,CE,Federal Contract Tower,0,8,4,0,12,0,169,26,0,195,0,177,30,0,207,514,0,514,721
05/18/2022,MDH,IL,AGL,CE,Federal Contract Tower,0,3,5,0,8,0,68,33,0,101,0,71,38,0,109,190,0,190,299
05/19/2022,MDH,IL,AGL,CE,Federal Contract Tower,0,4,0,0,4,0,126,24,0,150,0,130,24,0,154,470,0,470,624
05/20/2022,MDH,IL,AGL,CE,Federal Contract Tower,0,0,1,0,1,0,8,0,0,8,0,8,1,0,9,26,0,26,35
05/21/2022,MDH,IL,AGL,CE,Federal Contract Tower,0,4,0,0,4,0,1,3,0,4,0,5,3,0,8,16,0,16,24
05/22/2022,MDH,IL,AGL,CE,Federal Contract Tower,0,0,4,0,4,0,0,16,0,16,0,0,20,0,20,8,0,8,28
05/23/2022,MDH,IL,AGL,CE,Federal Contract Tower,0,0,0,0,0,0,149,36,0,185,0,149,36,0,185,386,0,386,571
05/24/2022,MDH,IL,AGL,CE,Federal Contract Tower,0,22,1,0,23,0,55,11,0,66,0,77,12,0,89,126,0,126,215
05/25/2022,MDH,IL,AGL,CE,Federal Contract Tower,0,7,1,0,8,0,14,0,0,14,0,21,1,0,22,6,0,6,28
05/26/2022,MDH,IL,AGL,CE,Federal Contract Tower,0,4,4,0,8,0,113,25,0,138,0,117,29,0,146,276,0,276,422
05/27/2022,MDH,IL,AGL,CE,Federal Contract Tower,0,27,3,0,30,0,12,0,0,12,0,39,3,0,42,14,0,14,56
05/28/2022,MDH,IL,AGL,CE,Federal Contract Tower,0,5,2,0,7,0,64,28,0,92,0,69,30,0,99,258,0,258,357
05/29/2022,MDH,IL,AGL,CE,Federal Contract Tower,0,0,2,0,2,0,0,9,0,9,0,0,11,0,11,12,0,12,23
05/30/2022,MDH,IL,AGL,CE,Federal Contract Tower,0,0,0,0,0,0,5,16,0,21,0,5,16,0,21,14,0,14,35
05/31/2022,MDH,IL,AGL,CE,Federal Contract Tower,0,1,0,0,1,0,164,38,0,202,0,165,38,0,203,416,0,416,619
06/01/2022,MDH,IL,AGL,CE,Federal Contract Tower,0,3,1,0,4,0,144,19,0,163,0,147,20,0,167,462,0,462,629
06/02/2022,MDH,IL,AGL,CE,Federal Contract Tower,0,3,1,0,4,0,137,20,0,157,0,140,21,0,161,392,0,392,553
06/03/2022,MDH,IL,AGL,CE,Federal Contract Tower,0,0,3,0,3,0,144,35,0,179,0,144,38,0,182,432,0,432,614
06/04/2022,MDH,IL,AGL,CE,Federal Contract Tower,0,3,1,0,4,0,53,25,0,78,0,56,26,0,82,126,0,126,208
06/05/2022,MDH,IL,AGL,CE,Federal Contract Tower,0,2,2,0,4,0,1,24,0,25,0,3,26,0,29,28,0,28,57
06/06/2022,MDH,IL,AGL,CE,Federal Contract Tower,0,0,0,0,0,0,81,1,2,84,0,81,1,2,84,238,0,238,322
06/07/2022,MDH,IL,AGL,CE,Federal Contract Tower,0,6,1,0,7,0,98,23,0,121,0,104,24,0,128,276,0,276,404
06/08/2022,MDH,IL,AGL,CE,Federal Contract Tower,0,3,2,0,5,0,79,21,0,100,0,82,23,0,105,196,0,196,301
06/09/2022,MDH,IL,AGL,CE,Federal Contract Tower,0,1,3,0,4,0,156,29,0,185,0,157,32,0,189,458,0,458,647
06/10/2022,MDH,IL,AGL,CE,Federal Contract Tower,0,3,2,0,5,0,97,25,0,122,0,100,27,0,127,346,0,346,473
06/11/2022,MDH,IL,AGL,CE,Federal Contract Tower,0,1,2,0,3,0,33,32,0,65,0,34,34,0,68,180,0,180,248
06/12/2022,MDH,IL,AGL,CE,Federal Contract Tower,0,0,0,0,0,0,2,11,0,13,0,2,11,0,13,8,0,8,21
06/13/2022,MDH,IL,AGL,CE,Federal Contract Tower,0,0,0,0,0,0,99,19,0,118,0,99,19,0,118,298,0,298,416
06/14/2022,MDH,IL,AGL,CE,Federal Contract Tower,0,1,1,0,2,0,154,24,0,178,0,155,25,0,180,300,0,300,480
06/15/2022,MDH,IL,AGL,CE,Federal Contract Tower,0,7,4,0,11,0,187,23,0,210,0,194,27,0,221,364,0,364,585
06/16/2022,MDH,IL,AGL,CE,Federal Contract Tower,0,2,4,0,6,0,171,30,0,201,0,173,34,0,207,429,0,429,636
06/17/2022,MDH,IL,AGL,CE,Federal Contract Tower,0,1,0,0,1,0,64,8,0,72,0,65,8,0,73,190,0,190,263
06/18/2022,MDH,IL,AGL,CE,Federal Contract Tower,0,0,3,0,3,0,37,4,0,41,0,37,7,0,44,56,0,56,100
06/19/2022,MDH,IL,AGL,CE,Federal Contract Tower,0,0,4,0,4,0,2,27,0,29,0,2,31,0,33,0,0,0,33
06/20/2022,MDH,IL,AGL,CE,Federal Contract Tower,0,0,1,0,1,0,2,22,0,24,0,2,23,0,25,24,0,24,49
06/21/2022,MDH,IL,AGL,CE,Federal Contract Tower,0,2,1,0,3,0,183,27,0,210,0,185,28,0,213,604,0,604,817
06/22/2022,MDH,IL,AGL,CE,Federal Contract Tower,0,1,7,0,8,0,119,30,0,149,0,120,37,0,157,374,0,374,531
06/23/2022,MDH,IL,AGL,CE,Federal Contract Tower,0,1,4,0,5,0,132,14,0,146,0,133,18,0,151,298,0,298,449
06/24/2022,MDH,IL,AGL,CE,Federal Contract Tower,0,4,3,0,7,0,142,19,0,161,0,146,22,0,168,382,0,382,550
06/25/2022,MDH,IL,AGL,CE,Federal Contract Tower,0,1,0,0,1,0,53,20,0,73,0,54,20,0,74,128,0,128,202
06/26/2022,MDH,IL,AGL,CE,Federal Contract Tower,0,0,2,0,2,0,21,0,0,21,0,21,2,0,23,28,0,28,51
06/27/2022,MDH,IL,AGL,CE,Federal Contract Tower,0,4,1,0,5,0,88,30,0,118,0,92,31,0,123,374,0,374,497
06/28/2022,MDH,IL,AGL,CE,Federal Contract Tower,0,5,3,0,8,0,163,31,0,194,0,168,34,0,202,392,0,392,594
06/29/2022,MDH,IL,AGL,CE,Federal Contract Tower,0,6,0,0,6,0,170,41,0,211,0,176,41,0,217,152,0,152,369
06/30/2022,MDH,IL,AGL,CE,Federal Contract Tower,0,3,0,0,3,0,158,47,0,205,0,161,47,0,208,274,0,274,482
07/01/2022,MDH,IL,AGL,CE,Federal Contract Tower,0,2,0,0,2,0,119,25,0,144,0,121,25,0,146,176,0,176,322
07/02/2022,MDH,IL,AGL,CE,Federal Contract Tower,0,0,0,0,0,0,10,2,0,12,0,10,2,0,12,16,0,16,28
07/03/2022,MDH,IL,AGL,CE,Federal Contract Tower,0,0,0,0,0,0,1,8,0,9,0,1,8,0,9,6,0,6,15
07/04/2022,MDH,IL,AGL,CE,Federal Contract Tower,0,0,3,0,3,0,0,14,0,14,0,0,17,0,17,6,0,6,23
07/05/2022,MDH,IL,AGL,CE,Federal Contract Tower,0,2,2,0,4,0,149,28,0,177,0,151,30,0,181,332,0,332,513
07/06/2022,MDH,IL,AGL,CE,Federal Contract Tower,0,4,1,0,5,0,137,29,0,166,0,141,30,0,171,278,0,278,449
07/07/2022,MDH,IL,AGL,CE,Federal Contract Tower,0,4,0,0,4,0,134,22,0,156,0,138,22,0,160,272,0,272,432
07/08/2022,MDH,IL,AGL,CE,Federal Contract Tower,0,0,3,0,3,0,108,15,0,123,0,108,18,0,126,250,0,250,376
07/09/2022,MDH,IL,AGL,CE,Federal Contract Tower,0,11,5,0,16,0,1,12,0,13,0,12,17,0,29,10,0,10,39
07/10/2022,MDH,IL,AGL,CE,Federal Contract Tower,0,0,3,0,3,0,0,31,0,31,0,0,34,0,34,12,0,12,46
07/11/2022,MDH,IL,AGL,CE,Federal Contract Tower,0,3,1,0,4,0,145,41,0,186,0,148,42,0,190,314,0,314,504
07/12/2022,MDH,IL,AGL,CE,Federal Contract Tower,0,1,5,0,6,0,128,30,0,158,0,129,35,0,164,266,0,266,430
07/13/2022,MDH,IL,AGL,CE,Federal Contract Tower,0,5,0,0,5,0,134,30,0,164,0,139,30,0,169,254,0,254,423
07/14/2022,MDH,IL,AGL,CE,Federal Contract Tower,0,2,2,0,4,0,125,34,0,159,0,127,36,0,163,182,0,182,345
07/15/2022,MDH,IL,AGL,CE,Federal Contract Tower,0,0,0,0,0,0,111,32,0,143,0,111,32,0,143,256,0,256,399
07/16/2022,MDH,IL,AGL,CE,Federal Contract Tower,0,0,0,0,0,0,11,18,0,29,0,11,18,0,29,44,0,44,73
07/17/2022,MDH,IL,AGL,CE,Federal Contract Tower,0,0,2,0,2,0,0,1,0,1,0,0,3,0,3,0,0,0,3
07/18/2022,MDH,IL,AGL,CE,Federal Contract Tower,0,15,2,0,17,0,56,22,0,78,0,71,24,0,95,220,0,220,315
07/19/2022,MDH,IL,AGL,CE,Federal Contract Tower,0,1,5,0,6,0,152,48,1,201,0,153,53,1,207,252,0,252,459
07/20/2022,MDH,IL,AGL,CE,Federal Contract Tower,0,3,1,0,4,0,151,23,0,174,0,154,24,0,178,359,0,359,537
07/21/2022,MDH,IL,AGL,CE,Federal Contract Tower,0,7,0,0,7,0,135,37,0,172,0,142,37,0,179,318,0,318,497
07/22/2022,MDH,IL,AGL,CE,Federal Contract Tower,0,4,0,0,4,0,136,35,0,171,0,140,35,0,175,434,0,434,609
07/23/2022,MDH,IL,AGL,CE,Federal Contract Tower,0,1,2,0,3,0,24,38,0,62,0,25,40,0,65,82,0,82,147
07/24/2022,MDH,IL,AGL,CE,Federal Contract Tower,0,0,0,0,0,0,2,36,0,38,0,2,36,0,38,14,0,14,52
07/25/2022,MDH,IL,AGL,CE,Federal Contract Tower,0,5,4,1,10,0,25,10,0,35,0,30,14,1,45,30,0,30,75
07/26/2022,MDH,IL,AGL,CE,Federal Contract Tower,0,3,1,0,4,0,36,13,0,49,0,39,14,0,53,104,0,104,157
07/27/2022,MDH,IL,AGL,CE,Federal Contract Tower,0,3,3,0,6,0,116,15,0,131,0,119,18,0,137,288,0,288,425
07/28/2022,MDH,IL,AGL,CE,Federal Contract Tower,0,2,3,0,5,0,52,10,0,62,0,54,13,0,67,92,0,92,159
07/29/2022,MDH,IL,AGL,CE,Federal Contract Tower,0,2,4,0,6,0,98,25,0,123,0,100,29,0,129,290,0,290,419
07/30/2022,MDH,IL,AGL,CE,Federal Contract Tower,0,0,0,0,0,0,12,32,0,44,0,12,32,0,44,16,0,16,60
07/31/2022,MDH,IL,AGL,CE,Federal Contract Tower,0,1,2,0,3,0,0,8,8,16,0,1,10,8,19,0,0,0,19
08/01/2022,MDH,IL,AGL,CE,Federal Contract Tower,0,0,6,0,6,0,64,12,0,76,0,64,18,0,82,188,0,188,270
08/02/2022,MDH,IL,AGL,CE,Federal Contract Tower,0,0,2,0,2,0,48,23,0,71,0,48,25,0,73,126,0,126,199
08/03/2022,MDH,IL,AGL,CE,Federal Contract Tower,0,13,3,1,17,0,89,19,1,109,0,102,22,2,126,174,0,174,300
08/04/2022,MDH,IL,AGL,CE,Federal Contract Tower,0,0,1,0,1,0,0,22,0,22,0,0,23,0,23,0,0,0,23
08/05/2022,MDH,IL,AGL,CE,Federal Contract Tower,0,4,3,0,7,0,4,40,0,44,0,8,43,0,51,10,0,10,61
08/06/2022,MDH,IL,AGL,CE,Federal Contract Tower,0,0,4,0,4,0,0,18,0,18,0,0,22,0,22,2,0,2,24
08/07/2022,MDH,IL,AGL,CE,Federal Contract Tower,0,0,1,0,1,0,0,15,0,15,0,0,16,0,16,4,0,4,20
08/08/2022,MDH,IL,AGL,CE,Federal Contract Tower,0,5,3,0,8,0,51,33,0,84,0,56,36,0,92,88,0,88,180
08/09/2022,MDH,IL,AGL,CE,Federal Contract Tower,0,2,1,0,3,0,1,7,0,8,0,3,8,0,11,0,0,0,11
08/10/2022,MDH,IL,AGL,CE,Federal Contract Tower,0,4,0,0,4,0,6,19,0,25,0,10,19,0,29,130,0,130,159
08/11/2022,MDH,IL,AGL,CE,Federal Contract Tower,0,0,4,0,4,0,37,31,2,70,0,37,35,2,74,136,0,136,210
08/12/2022,MDH,IL,AGL,CE,Federal Contract Tower,0,2,1,0,3,0,20,23,0,43,0,22,24,0,46,38,0,38,84
08/13/2022,MDH,IL,AGL,CE,Federal Contract Tower,0,0,0,0,0,0,2,45,0,47,0,2,45,0,47,32,0,32,79
08/14/2022,MDH,IL,AGL,CE,Federal Contract Tower,0,0,4,0,4,0,2,16,0,18,0,2,20,0,22,4,0,4,26
08/15/2022,MDH,IL,AGL,CE,Federal Contract Tower,0,2,1,0,3,0,18,18,0,36,0,20,19,0,39,62,0,62,101
08/16/2022,MDH,IL,AGL,CE,Federal Contract Tower,0,0,0,0,0,0,1,13,0,14,0,1,13,0,14,4,0,4,18
08/17/2022,MDH,IL,AGL,CE,Federal Contract Tower,0,1,4,0,5,0,62,19,0,81,0,63,23,0,86,164,0,164,250
08/18/2022,MDH,IL,AGL,CE,Federal Contract Tower,0,2,3,0,5,0,46,21,0,67,0,48,24,0,72,156,0,156,228
08/19/2022,MDH,IL,AGL,CE,Federal Contract Tower,0,2,2,0,4,0,59,30,0,89,0,61,32,0,93,126,0,126,219
08/20/2022,MDH,IL,AGL,CE,Federal Contract Tower,0,0,0,0,0,0,0,25,0,25,0,0,25,0,25,28,0,28,53
08/21/2022,MDH,IL,AGL,CE,Federal Contract Tower,0,2,1,0,3,0,0,15,0,15,0,2,16,0,18,6,0,6,24
08/22/2022,MDH,IL,AGL,CE,Federal Contract Tower,1,1,0,0,2,0,72,16,0,88,1,73,16,0,90,190,0,190,280
08/23/2022,MDH,IL,AGL,CE,Federal Contract Tower,1,3,2,0,6,0,65,36,0,101,1,68,38,0,107,172,0,172,279
08/24/2022,MDH,IL,AGL,CE,Federal Contract Tower,0,1,2,0,3,0,142,31,0,173,0,143,33,0,176,288,0,288,464
08/25/2022,MDH,IL,AGL,CE,Federal Contract Tower,0,0,1,0,1,0,119,33,4,156,0,119,34,4,157,386,0,386,543
08/26/2022,MDH,IL,AGL,CE,Federal Contract Tower,3,2,2,0,7,0,95,18,0,113,3,97,20,0,120,234,0,234,354
08/27/2022,MDH,IL,AGL,CE,Federal Contract Tower,1,3,2,0,6,0,30,36,0,66,1,33,38,0,72,70,0,70,142
08/28/2022,MDH,IL,AGL,CE,Federal Contract Tower,1,2,0,0,3,0,9,17,0,26,1,11,17,0,29,2,0,2,31
08/29/2022,MDH,IL,AGL,CE,Federal Contract Tower,0,2,2,0,4,0,84,13,0,97,0,86,15,0,101,176,0,176,277
08/30/2022,MDH,IL,AGL,CE,Federal Contract Tower,0,2,1,0,3,0,131,21,0,152,0,133,22,0,155,320,0,320,475
08/31/2022,MDH,IL,AGL,CE,Federal Contract Tower,0,4,4,0,8,0,171,41,0,212,0,175,45,0,220,374,0,374,594
09/01/2022,MDH,IL,AGL,CE,Federal Contract Tower,0,8,0,0,8,0,158,30,0,188,0,166,30,0,196,374,0,374,570
09/02/2022,MDH,IL,AGL,CE,Federal Contract Tower,0,3,1,0,4,0,156,23,0,179,0,159,24,0,183,334,0,334,517
09/03/2022,MDH,IL,AGL,CE,Federal Contract Tower,1,0,1,0,2,0,1,2,0,3,1,1,3,0,5,6,0,6,11
09/04/2022,MDH,IL,AGL,CE,Federal Contract Tower,0,0,1,0,1,0,3,0,0,3,0,3,1,0,4,0,0,0,4
09/05/2022,MDH,IL,AGL,CE,Federal Contract Tower,0,4,1,0,5,0,1,4,0,5,0,5,5,0,10,2,0,2,12
09/06/2022,MDH,IL,AGL,CE,Federal Contract Tower,0,6,2,0,8,0,52,4,0,56,0,58,6,0,64,152,0,152,216
09/07/2022,MDH,IL,AGL,CE,Federal Contract Tower,0,7,3,0,10,0,195,18,0,213,0,202,21,0,223,520,0,520,743
09/08/2022,MDH,IL,AGL,CE,Federal Contract Tower,0,9,1,0,10,0,252,36,0,288,0,261,37,0,298,1016,0,1016,1314
09/09/2022,MDH,IL,AGL,CE,Federal Contract Tower,0,1,6,2,9,0,185,47,0,232,0,186,53,2,241,476,0,476,717
09/10/2022,MDH,IL,AGL,CE,Federal Contract Tower,0,3,1,0,4,0,57,20,0,77,0,60,21,0,81,166,0,166,247
09/11/2022,MDH,IL,AGL,CE,Federal Contract Tower,0,1,0,0,1,0,4,8,0,12,0,5,8,0,13,8,0,8,21
09/12/2022,MDH,IL,AGL,CE,Federal Contract Tower,0,14,3,0,17,0,144,21,0,165,0,158,24,0,182,330,0,330,512
09/13/2022,MDH,IL,AGL,CE,Federal Contract Tower,0,6,0,0,6,0,227,30,0,257,0,233,30,0,263,680,0,680,943
09/14/2022,MDH,IL,AGL,CE,Federal Contract Tower,0,3,2,0,5,0,211,46,0,257,0,214,48,0,262,474,0,474,736
09/15/2022,MDH,IL,AGL,CE,Federal Contract Tower,0,9,0,0,9,0,219,43,0,262,0,228,43,0,271,682,0,682,953
09/16/2022,MDH,IL,AGL,CE,Federal Contract Tower,0,5,5,0,10,0,165,58,0,223,0,170,63,0,233,380,0,380,613
09/17/2022,MDH,IL,AGL,CE,Federal Contract Tower,0,4,0,0,4,0,56,29,0,85,0,60,29,0,89,94,0,94,183
09/19/2022,MDH,IL,AGL,CE,Federal Contract Tower,0,4,2,0,6,0,170,34,0,204,0,174,36,0,210,460,0,460,670
09/20/2022,MDH,IL,AGL,CE,Federal Contract Tower,0,5,0,0,5,0,180,23,0,203,0,185,23,0,208,428,0,428,636
09/21/2022,MDH,IL,AGL,CE,Federal Contract Tower,0,0,2,0,2,0,164,20,0,184,0,164,22,0,186,384,0,384,570
09/22/2022,MDH,IL,AGL,CE,Federal Contract Tower,0,12,0,0,12,0,228,9,0,237,0,240,9,0,249,606,0,606,855
09/23/2022,MDH,IL,AGL,CE,Federal Contract Tower,0,2,5,0,7,0,156,27,0,183,0,158,32,0,190,402,0,402,592
09/24/2022,MDH,IL,AGL,CE,Federal Contract Tower,0,5,1,0,6,0,62,31,0,93,0,67,32,0,99,178,0,178,277
09/25/2022,MDH,IL,AGL,CE,Federal Contract Tower,0,1,1,0,2,0,98,22,0,120,0,99,23,0,122,350,0,350,472
09/26/2022,MDH,IL,AGL,CE,Federal Contract Tower,0,1,2,0,3,0,218,21,0,239,0,219,23,0,242,780,0,780,1022
09/27/2022,MDH,IL,AGL,CE,Federal Contract Tower,0,2,0,0,2,0,183,12,0,195,0,185,12,0,197,508,0,508,705
09/28/2022,MDH,IL,AGL,CE,Federal Contract Tower,0,4,0,0,4,0,241,26,2,269,0,245,26,2,273,800,0,800,1073
09/29/2022,MDH,IL,AGL,CE,Federal Contract Tower,0,4,1,0,5,0,290,30,0,320,0,294,31,0,325,792,0,792,1117
09/30/2022,MDH,IL,AGL,CE,Federal Contract Tower,0,4,2,0,6,0,174,31,0,205,0,178,33,0,211,384,0,384,595
10/01/2022,MDH,IL,AGL,CE,Federal Contract Tower,0,1,2,0,3,0,73,43,0,116,0,74,45,0,119,166,0,166,285
10/02/2022,MDH,IL,AGL,CE,Federal Contract Tower,0,2,0,0,2,0,140,7,0,147,0,142,7,0,149,412,0,412,561
10/03/2022,MDH,IL,AGL,CE,Federal Contract Tower,0,4,2,0,6,0,215,25,0,240,0,219,27,0,246,804,0,804,1050
10/04/2022,MDH,IL,AGL,CE,Federal Contract Tower,0,1,3,0,4,0,161,35,0,196,0,162,38,0,200,394,0,394,594
10/05/2022,MDH,IL,AGL,CE,Federal Contract Tower,0,2,8,0,10,0,172,45,0,217,0,174,53,0,227,398,0,398,625
10/06/2022,MDH,IL,AGL,CE,Federal Contract Tower,0,6,4,0,10,0,207,10,0,217,0,213,14,0,227,520,0,520,747
10/07/2022,MDH,IL,AGL,CE,Federal Contract Tower,0,8,1,0,9,0,139,27,0,166,0,147,28,0,175,294,0,294,469
10/08/2022,MDH,IL,AGL,CE,Federal Contract Tower,0,1,4,0,5,0,52,22,0,74,0,53,26,0,79,82,0,82,161
10/09/2022,MDH,IL,AGL,CE,Federal Contract Tower,0,4,4,0,8,0,44,26,0,70,0,48,30,0,78,58,0,58,136
10/10/2022,MDH,IL,AGL,CE,Federal Contract Tower,0,3,1,0,4,0,195,22,0,217,0,198,23,0,221,716,0,716,937
10/11/2022,MDH,IL,AGL,CE,Federal Contract Tower,0,1,2,0,3,0,175,28,0,203,0,176,30,0,206,490,0,490,696
10/12/2022,MDH,IL,AGL,CE,Federal Contract Tower,0,5,4,0,9,0,75,16,0,91,0,80,20,0,100,230,0,230,330
10/13/2022,MDH,IL,AGL,CE,Federal Contract Tower,0,4,2,0,6,0,111,7,0,118,0,115,9,0,124,262,0,262,386
10/14/2022,MDH,IL,AGL,CE,Federal Contract Tower,0,2,2,0,4,0,134,17,0,151,0,136,19,0,155,190,0,190,345
10/15/2022,MDH,IL,AGL,CE,Federal Contract Tower,0,4,0,0,4,0,135,34,2,171,0,139,34,2,175,366,0,366,541
10/16/2022,MDH,IL,AGL,CE,Federal Contract Tower,0,0,2,0,2,0,44,33,2,79,0,44,35,2,81,88,6,94,175
10/17/2022,MDH,IL,AGL,CE,Federal Contract Tower,0,1,2,0,3,0,172,38,2,212,0,173,40,2,215,414,0,414,629
10/18/2022,MDH,IL,AGL,CE,Federal Contract Tower,0,2,1,0,3,0,122,20,0,142,0,124,21,0,145,260,0,260,405
10/19/2022,MDH,IL,AGL,CE,Federal Contract Tower,0,1,4,0,5,0,168,34,0,202,0,169,38,0,207,365,0,365,572
10/20/2022,MDH,IL,AGL,CE,Federal Contract Tower,0,8,3,0,11,0,245,19,0,264,0,253,22,0,275,748,0,748,1023
10/21/2022,MDH,IL,AGL,CE,Federal Contract Tower,0,1,0,0,1,0,117,27,0,144,0,118,27,0,145,268,0,268,413
10/22/2022,MDH,IL,AGL,CE,Federal Contract Tower,2,1,2,0,5,0,20,12,0,32,2,21,14,0,37,16,0,16,53
10/23/2022,MDH,IL,AGL,CE,Federal Contract Tower,0,0,2,0,2,0,2,6,0,8,0,2,8,0,10,16,0,16,26
10/24/2022,MDH,IL,AGL,CE,Federal Contract Tower,0,4,0,0,4,0,119,23,0,142,0,123,23,0,146,368,0,368,514
10/25/2022,MDH,IL,AGL,CE,Federal Contract Tower,0,8,0,0,8,0,9,0,0,9,0,17,0,0,17,40,0,40,57
10/26/2022,MDH,IL,AGL,CE,Federal Contract Tower,0,8,0,0,8,0,158,24,0,182,0,166,24,0,190,536,0,536,726
10/28/2022,MDH,IL,AGL,CE,Federal Contract Tower,0,4,1,0,5,0,190,27,0,217,0,194,28,0,222,498,0,498,720
10/29/2022,MDH,IL,AGL,CE,Federal Contract Tower,0,0,4,0,4,0,123,18,0,141,0,123,22,0,145,92,0,92,237
10/30/2022,MDH,IL,AGL,CE,Federal Contract Tower,0,1,4,0,5,0,0,1,0,1,0,1,5,0,6,0,0,0,6
10/31/2022,MDH,IL,AGL,CE,Federal Contract Tower,0,20,4,0,24,0,29,11,0,40,0,49,15,0,64,86,0,86,150
11/01/2022,MDH,IL,AGL,CE,Federal Contract Tower,0,2,4,0,6,0,195,39,0,234,0,197,43,0,240,368,0,368,608
11/02/2022,MDH,IL,AGL,CE,Federal Contract Tower,0,6,0,0,6,0,238,31,0,269,0,244,31,0,275,520,0,520,795
11/03/2022,MDH,IL,AGL,CE,Federal Contract Tower,0,6,1,2,9,0,212,29,2,243,0,218,30,4,252,624,0,624,876
11/04/2022,MDH,IL,AGL,CE,Federal Contract Tower,0,11,2,0,13,0,121,34,0,155,0,132,36,0,168,322,0,322,490
11/05/2022,MDH,IL,AGL,CE,Federal Contract Tower,0,0,1,0,1,0,0,0,0,0,0,0,1,0,1,0,0,0,1
11/06/2022,MDH,IL,AGL,CE,Federal Contract Tower,0,0,1,0,1,0,2,24,0,26,0,2,25,0,27,18,0,18,45
11/07/2022,MDH,IL,AGL,CE,Federal Contract Tower,0,3,2,0,5,0,184,13,0,197,0,187,15,0,202,428,0,428,630
11/08/2022,MDH,IL,AGL,CE,Federal Contract Tower,2,0,0,0,2,0,0,32,0,32,2,0,32,0,34,146,0,146,180
11/09/2022,MDH,IL,AGL,CE,Federal Contract Tower,0,1,2,0,3,0,244,31,0,275,0,245,33,0,278,742,0,742,1020
11/10/2022,MDH,IL,AGL,CE,Federal Contract Tower,0,8,0,0,8,0,175,29,0,204,0,183,29,0,212,524,0,524,736
11/11/2022,MDH,IL,AGL,CE,Federal Contract Tower,0,0,2,0,2,0,0,4,0,4,0,0,6,0,6,12,0,12,18
11/12/2022,MDH,IL,AGL,CE,Federal Contract Tower,0,0,4,0,4,0,23,4,0,27,0,23,8,0,31,38,0,38,69
11/13/2022,MDH,IL,AGL,CE,Federal Contract Tower,0,2,2,0,4,0,6,13,1,20,0,8,15,1,24,18,0,18,42
11/14/2022,MDH,IL,AGL,CE,Federal Contract Tower,0,6,1,0,7,0,195,15,0,210,0,201,16,0,217,430,0,430,647
11/15/2022,MDH,IL,AGL,CE,Federal Contract Tower,0,0,0,0,0,0,19,5,0,24,0,19,5,0,24,32,0,32,56
11/16/2022,MDH,IL,AGL,CE,Federal Contract Tower,0,2,1,0,3,0,175,14,0,189,0,177,15,0,192,302,0,302,494
11/17/2022,MDH,IL,AGL,CE,Federal Contract Tower,0,8,1,0,9,0,214,30,0,244,0,222,31,0,253,562,0,562,815
11/18/2022,MDH,IL,AGL,CE,Federal Contract Tower,0,9,0,0,9,0,123,21,0,144,0,132,21,0,153,288,0,288,441
11/19/2022,MDH,IL,AGL,CE,Federal Contract Tower,0,2,0,0,2,0,38,26,0,64,0,40,26,0,66,114,0,114,180
11/20/2022,MDH,IL,AGL,CE,Federal Contract Tower,0,1,3,0,4,0,6,15,0,21,0,7,18,0,25,6,0,6,31
11/21/2022,MDH,IL,AGL,CE,Federal Contract Tower,0,4,2,0,6,0,38,28,0,66,0,42,30,0,72,76,0,76,148
11/22/2022,MDH,IL,AGL,CE,Federal Contract Tower,0,0,1,0,1,0,15,21,0,36,0,15,22,0,37,60,0,60,97
11/23/2022,MDH,IL,AGL,CE,Federal Contract Tower,0,0,0,0,0,0,4,8,0,12,0,4,8,0,12,8,0,8,20
11/24/2022,MDH,IL,AGL,CE,Federal Contract Tower,0,0,0,0,0,0,0,2,0,2,0,0,2,0,2,0,0,0,2
11/25/2022,MDH,IL,AGL,CE,Federal Contract Tower,0,0,1,0,1,0,3,7,0,10,0,3,8,0,11,0,0,0,11
11/26/2022,MDH,IL,AGL,CE,Federal Contract Tower,0,0,0,0,0,0,0,0,0,0,0,0,0,0,0,0,0,0,0
11/27/2022,MDH,IL,AGL,CE,Federal Contract Tower,0,0,0,0,0,0,0,0,0,0,0,0,0,0,0,0,0,0,0
11/28/2022,MDH,IL,AGL,CE,Federal Contract Tower,0,4,1,0,5,0,38,9,0,47,0,42,10,0,52,220,0,220,272
11/29/2022,MDH,IL,AGL,CE,Federal Contract Tower,0,10,2,0,12,0,72,4,0,76,0,82,6,0,88,156,0,156,244
11/30/2022,MDH,IL,AGL,CE,Federal Contract Tower,0,5,0,0,5,0,212,22,0,234,0,217,22,0,239,432,0,432,671
12/01/2022,MDH,IL,AGL,CE,Federal Contract Tower,0,7,2,2,11,0,219,22,0,241,0,226,24,2,252,562,0,562,814
12/02/2022,MDH,IL,AGL,CE,Federal Contract Tower,0,2,1,0,3,0,4,0,0,4,0,6,1,0,7,0,0,0,7
12/03/2022,MDH,IL,AGL,CE,Federal Contract Tower,0,2,0,0,2,0,116,26,0,142,0,118,26,0,144,300,0,300,444
12/04/2022,MDH,IL,AGL,CE,Federal Contract Tower,0,0,0,0,0,0,85,34,0,119,0,85,34,0,119,306,0,306,425
12/05/2022,MDH,IL,AGL,CE,Federal Contract Tower,0,13,0,0,13,0,53,0,0,53,0,66,0,0,66,224,0,224,290
12/06/2022,MDH,IL,AGL,CE,Federal Contract Tower,0,2,0,0,2,0,0,0,0,0,0,2,0,0,2,0,0,0,2
12/07/2022,MDH,IL,AGL,CE,Federal Contract Tower,0,4,6,0,10,0,5,6,0,11,0,9,12,0,21,28,0,28,49
12/08/2022,MDH,IL,AGL,CE,Federal Contract Tower,0,15,1,0,16,0,0,0,0,0,0,15,1,0,16,0,0,0,16
12/09/2022,MDH,IL,AGL,CE,Federal Contract Tower,0,11,4,0,15,0,162,27,1,190,0,173,31,1,205,418,0,418,623
12/10/2022,MDH,IL,AGL,CE,Federal Contract Tower,0,4,0,0,4,0,0,0,0,0,0,4,0,0,4,0,0,0,4
12/11/2022,MDH,IL,AGL,CE,Federal Contract Tower,0,4,4,0,8,0,22,7,0,29,0,26,11,0,37,124,0,124,161
12/12/2022,MDH,IL,AGL,CE,Federal Contract Tower,0,5,0,0,5,0,146,24,0,170,0,151,24,0,175,320,0,320,495
12/13/2022,MDH,IL,AGL,CE,Federal Contract Tower,0,7,1,0,8,0,45,12,0,57,0,52,13,0,65,124,0,124,189
12/14/2022,MDH,IL,AGL,CE,Federal Contract Tower,0,8,0,0,8,0,0,0,0,0,0,8,0,0,8,0,0,0,8
12/15/2022,MDH,IL,AGL,CE,Federal Contract Tower,0,4,2,0,6,0,107,28,0,135,0,111,30,0,141,278,0,278,419
12/16/2022,MDH,IL,AGL,CE,Federal Contract Tower,0,0,1,0,1,0,0,0,0,0,0,0,1,0,1,160,0,160,161
12/17/2022,MDH,IL,AGL,CE,Federal Contract Tower,0,0,0,0,0,0,3,10,0,13,0,3,10,0,13,4,0,4,17
12/18/2022,MDH,IL,AGL,CE,Federal Contract Tower,0,1,0,0,1,0,2,41,0,43,0,3,41,0,44,36,0,36,80
12/19/2022,MDH,IL,AGL,CE,Federal Contract Tower,0,3,0,0,3,0,43,20,0,63,0,46,20,0,66,112,0,112,178
12/20/2022,MDH,IL,AGL,CE,Federal Contract Tower,0,0,0,0,0,0,27,19,0,46,0,27,19,0,46,80,0,80,126
12/21/2022,MDH,IL,AGL,CE,Federal Contract Tower,1,0,2,0,3,0,8,10,0,18,1,8,12,0,21,46,0,46,67
12/22/2022,MDH,IL,AGL,CE,Federal Contract Tower,0,0,0,0,0,0,0,0,0,0,0,0,0,0,0,0,0,0,0
12/23/2022,MDH,IL,AGL,CE,Federal Contract Tower,0,0,0,0,0,0,1,0,0,1,0,1,0,0,1,0,0,0,1
12/24/2022,MDH,IL,AGL,CE,Federal Contract Tower,0,2,0,0,2,0,1,2,0,3,0,3,2,0,5,0,0,0,5
12/25/2022,MDH,IL,AGL,CE,Federal Contract Tower,0,0,0,0,0,0,2,1,0,3,0,2,1,0,3,0,0,0,3
12/26/2022,MDH,IL,AGL,CE,Federal Contract Tower,0,0,1,0,1,0,0,2,0,2,0,0,3,0,3,0,0,0,3
12/27/2022,MDH,IL,AGL,CE,Federal Contract Tower,0,0,0,0,0,0,2,10,0,12,0,2,10,0,12,0,0,0,12
12/28/2022,MDH,IL,AGL,CE,Federal Contract Tower,0,0,1,0,1,0,0,7,0,7,0,0,8,0,8,0,0,0,8
12/29/2022,MDH,IL,AGL,CE,Federal Contract Tower,0,0,0,0,0,0,2,0,0,2,0,2,0,0,2,0,0,0,2
12/30/2022,MDH,IL,AGL,CE,Federal Contract Tower,0,0,0,0,0,0,0,0,0,0,0,0,0,0,0,0,0,0,0
12/31/2022,MDH,IL,AGL,CE,Federal Contract Tower,0,2,4,0,6,0,0,0,0,0,0,2,4,0,6,0,0,0,6
01/01/2023,MDH,IL,AGL,CE,Federal Contract Tower,0,0,4,0,4,0,0,0,0,0,0,0,4,0,4,0,0,0,4
01/02/2023,MDH,IL,AGL,CE,Federal Contract Tower,0,0,1,0,1,0,0,0,0,0,0,0,1,0,1,0,0,0,1
01/03/2023,MDH,IL,AGL,CE,Federal Contract Tower,0,1,3,0,4,0,0,6,0,6,0,1,9,0,10,18,0,18,28
01/04/2023,MDH,IL,AGL,CE,Federal Contract Tower,0,0,0,0,0,0,10,15,0,25,0,10,15,0,25,34,0,34,59
01/05/2023,MDH,IL,AGL,CE,Federal Contract Tower,0,0,0,0,0,0,2,5,0,7,0,2,5,0,7,2,0,2,9
01/06/2023,MDH,IL,AGL,CE,Federal Contract Tower,2,0,4,0,6,0,21,17,0,38,2,21,21,0,44,18,0,18,62
01/07/2023,MDH,IL,AGL,CE,Federal Contract Tower,0,0,0,0,0,0,2,4,0,6,0,2,4,0,6,6,0,6,12
01/08/2023,MDH,IL,AGL,CE,Federal Contract Tower,0,0,2,0,2,0,0,2,0,2,0,0,4,0,4,14,0,14,18
01/09/2023,MDH,IL,AGL,CE,Federal Contract Tower,0,0,1,0,1,0,22,26,0,48,0,22,27,0,49,60,0,60,109
01/10/2023,MDH,IL,AGL,CE,Federal Contract Tower,0,0,2,0,2,0,26,34,0,60,0,26,36,0,62,80,0,80,142
01/11/2023,MDH,IL,AGL,CE,Federal Contract Tower,0,0,1,0,1,0,1,20,9,30,0,1,21,9,31,38,0,38,69
01/12/2023,MDH,IL,AGL,CE,Federal Contract Tower,1,0,0,0,1,0,0,0,0,0,1,0,0,0,1,0,0,0,1
01/13/2023,MDH,IL,AGL,CE,Federal Contract Tower,0,1,4,0,5,0,5,4,0,9,0,6,8,0,14,12,0,12,26
01/14/2023,MDH,IL,AGL,CE,Federal Contract Tower,0,1,2,0,3,0,0,24,0,24,0,1,26,0,27,14,0,14,41
01/15/2023,MDH,IL,AGL,CE,Federal Contract Tower,0,0,4,0,4,0,1,8,0,9,0,1,12,0,13,4,0,4,17
01/16/2023,MDH,IL,AGL,CE,Federal Contract Tower,0,0,0,0,0,0,0,0,0,0,0,0,0,0,0,0,0,0,0
01/17/2023,MDH,IL,AGL,CE,Federal Contract Tower,1,5,1,0,7,0,89,63,0,152,1,94,64,0,159,286,0,286,445
01/18/2023,MDH,IL,AGL,CE,Federal Contract Tower,0,0,0,0,0,0,24,0,0,24,0,24,0,0,24,68,0,68,92
01/19/2023,MDH,IL,AGL,CE,Federal Contract Tower,0,2,2,0,4,0,56,5,0,61,0,58,7,0,65,88,0,88,153
01/20/2023,MDH,IL,AGL,CE,Federal Contract Tower,0,0,3,0,3,0,144,18,0,162,0,144,21,0,165,332,0,332,497
01/21/2023,MDH,IL,AGL,CE,Federal Contract Tower,0,3,0,0,3,0,73,28,0,101,0,76,28,0,104,208,0,208,312
01/22/2023,MDH,IL,AGL,CE,Federal Contract Tower,0,0,2,0,2,0,0,2,0,2,0,0,4,0,4,8,0,8,12
01/23/2023,MDH,IL,AGL,CE,Federal Contract Tower,0,0,1,0,1,0,149,36,0,185,0,149,37,0,186,418,0,418,604
01/24/2023,MDH,IL,AGL,CE,Federal Contract Tower,0,1,0,0,1,0,201,14,0,215,0,202,14,0,216,482,0,482,698
01/25/2023,MDH,IL,AGL,CE,Federal Contract Tower,0,0,0,0,0,0,2,0,0,2,0,2,0,0,2,10,0,10,12
01/26/2023,MDH,IL,AGL,CE,Federal Contract Tower,0,0,0,0,0,0,124,9,0,133,0,124,9,0,133,314,0,314,447
01/27/2023,MDH,IL,AGL,CE,Federal Contract Tower,0,8,2,0,10,0,105,11,0,116,0,113,13,0,126,196,0,196,322
01/28/2023,MDH,IL,AGL,CE,Federal Contract Tower,1,5,2,0,8,0,59,13,0,72,1,64,15,0,80,76,0,76,156
01/29/2023,MDH,IL,AGL,CE,Federal Contract Tower,0,0,0,0,0,0,0,0,0,0,0,0,0,0,0,0,0,0,0
01/30/2023,MDH,IL,AGL,CE,Federal Contract Tower,0,0,1,0,1,0,0,0,0,0,0,0,1,0,1,0,0,0,1
01/31/2023,MDH,IL,AGL,CE,Federal Contract Tower,0,0,0,0,0,0,0,0,0,0,0,0,0,0,0,0,0,0,0
02/01/2023,MDH,IL,AGL,CE,Federal Contract Tower,0,1,0,0,1,0,4,0,0,4,0,5,0,0,5,2,0,2,7
02/02/2023,MDH,IL,AGL,CE,Federal Contract Tower,0,5,0,0,5,0,190,17,0,207,0,195,17,0,212,300,0,300,512
02/03/2023,MDH,IL,AGL,CE,Federal Contract Tower,0,10,1,0,11,0,229,28,0,257,0,239,29,0,268,444,0,444,712
02/04/2023,MDH,IL,AGL,CE,Federal Contract Tower,0,6,1,0,7,0,56,14,0,70,0,62,15,0,77,74,0,74,151
02/05/2023,MDH,IL,AGL,CE,Federal Contract Tower,0,7,4,0,11,0,80,34,0,114,0,87,38,0,125,156,0,156,281
02/06/2023,MDH,IL,AGL,CE,Federal Contract Tower,0,14,2,0,16,0,259,41,0,300,0,273,43,0,316,598,0,598,914
02/07/2023,MDH,IL,AGL,CE,Federal Contract Tower,0,5,4,0,9,0,99,8,0,107,0,104,12,0,116,276,0,276,392
02/08/2023,MDH,IL,AGL,CE,Federal Contract Tower,0,4,0,0,4,0,36,0,0,36,0,40,0,0,40,82,0,82,122
02/09/2023,MDH,IL,AGL,CE,Federal Contract Tower,0,4,1,0,5,0,24,3,0,27,0,28,4,0,32,112,0,112,144
02/10/2023,MDH,IL,AGL,CE,Federal Contract Tower,0,0,0,0,0,0,69,19,0,88,0,69,19,0,88,244,0,244,332
02/11/2023,MDH,IL,AGL,CE,Federal Contract Tower,0,2,5,0,7,0,92,36,0,128,0,94,41,0,135,134,0,134,269
02/12/2023,MDH,IL,AGL,CE,Federal Contract Tower,0,0,2,0,2,0,80,27,0,107,0,80,29,0,109,170,0,170,279
02/13/2023,MDH,IL,AGL,CE,Federal Contract Tower,0,7,4,0,11,0,231,20,0,251,0,238,24,0,262,616,0,616,878
02/14/2023,MDH,IL,AGL,CE,Federal Contract Tower,3,2,0,0,5,0,72,2,2,76,3,74,2,2,81,164,0,164,245
02/15/2023,MDH,IL,AGL,CE,Federal Contract Tower,1,2,0,0,3,9,198,23,0,230,10,200,23,0,233,448,0,448,681
02/16/2023,MDH,IL,AGL,CE,Federal Contract Tower,0,4,0,0,4,0,24,0,0,24,0,28,0,0,28,118,0,118,146
02/17/2023,MDH,IL,AGL,CE,Federal Contract Tower,0,0,1,0,1,0,136,37,0,173,0,136,38,0,174,358,0,358,532
02/18/2023,MDH,IL,AGL,CE,Federal Contract Tower,0,3,1,0,4,0,102,17,0,119,0,105,18,0,123,142,0,142,265
02/19/2023,MDH,IL,AGL,CE,Federal Contract Tower,0,4,2,0,6,0,43,8,0,51,0,47,10,0,57,48,0,48,105
02/20/2023,MDH,IL,AGL,CE,Federal Contract Tower,0,3,0,0,3,0,249,44,0,293,0,252,44,0,296,606,0,606,902
02/21/2023,MDH,IL,AGL,CE,Federal Contract Tower,0,5,0,0,5,0,207,24,0,231,0,212,24,0,236,386,0,386,622
02/22/2023,MDH,IL,AGL,CE,Federal Contract Tower,1,1,0,0,2,0,2,0,0,2,1,3,0,0,4,12,0,12,16
02/23/2023,MDH,IL,AGL,CE,Federal Contract Tower,0,12,0,0,12,0,170,13,0,183,0,182,13,0,195,376,0,376,571
02/24/2023,MDH,IL,AGL,CE,Federal Contract Tower,0,2,3,0,5,0,227,25,0,252,0,229,28,0,257,396,0,396,653
02/25/2023,MDH,IL,AGL,CE,Federal Contract Tower,0,2,0,0,2,0,59,29,0,88,0,61,29,0,90,160,0,160,250
02/26/2023,MDH,IL,AGL,CE,Federal Contract Tower,0,0,3,0,3,0,4,2,0,6,0,4,5,0,9,4,0,4,13
02/27/2023,MDH,IL,AGL,CE,Federal Contract Tower,0,0,0,0,0,0,19,3,0,22,0,19,3,0,22,84,0,84,106
02/28/2023,MDH,IL,AGL,CE,Federal Contract Tower,0,3,3,0,6,0,165,38,0,203,0,168,41,0,209,402,0,402,611
03/01/2023,MDH,IL,AGL,CE,Federal Contract Tower,0,0,2,0,2,0,163,21,0,184,0,163,23,0,186,362,0,362,548
03/02/2023,MDH,IL,AGL,CE,Federal Contract Tower,0,4,0,0,4,0,169,22,0,191,0,173,22,0,195,480,0,480,675
03/03/2023,MDH,IL,AGL,CE,Federal Contract Tower,0,0,0,0,0,0,0,0,0,0,0,0,0,0,0,0,0,0,0
03/04/2023,MDH,IL,AGL,CE,Federal Contract Tower,0,8,4,0,12,0,97,35,0,132,0,105,39,0,144,252,0,252,396
03/05/2023,MDH,IL,AGL,CE,Federal Contract Tower,0,1,0,0,1,0,55,18,0,73,0,56,18,0,74,124,0,124,198
03/06/2023,MDH,IL,AGL,CE,Federal Contract Tower,0,4,1,0,5,0,207,20,0,227,0,211,21,0,232,568,0,568,800
03/07/2023,MDH,IL,AGL,CE,Federal Contract Tower,0,9,2,0,11,0,120,4,0,124,0,129,6,0,135,390,0,390,525
03/08/2023,MDH,IL,AGL,CE,Federal Contract Tower,0,3,2,0,5,0,60,1,0,61,0,63,3,0,66,156,0,156,222
03/09/2023,MDH,IL,AGL,CE,Federal Contract Tower,0,3,0,0,3,0,103,5,0,108,0,106,5,0,111,278,0,278,389
03/10/2023,MDH,IL,AGL,CE,Federal Contract Tower,0,0,0,0,0,0,56,10,0,66,0,56,10,0,66,118,0,118,184
03/11/2023,MDH,IL,AGL,CE,Federal Contract Tower,0,0,15,0,15,0,4,8,0,12,0,4,23,0,27,8,0,8,35
03/12/2023,MDH,IL,AGL,CE,Federal Contract Tower,0,0,0,0,0,0,6,0,0,6,0,6,0,0,6,0,0,0,6
03/13/2023,MDH,IL,AGL,CE,Federal Contract Tower,0,0,8,0,8,0,12,10,0,22,0,12,18,0,30,20,0,20,50
03/14/2023,MDH,IL,AGL,CE,Federal Contract Tower,0,0,1,2,3,0,9,17,0,26,0,9,18,2,29,96,0,96,125
03/15/2023,MDH,IL,AGL,CE,Federal Contract Tower,0,0,2,0,2,0,18,40,0,58,0,18,42,0,60,112,0,112,172
03/16/2023,MDH,IL,AGL,CE,Federal Contract Tower,0,0,0,0,0,0,5,19,0,24,0,5,19,0,24,2,0,2,26
03/17/2023,MDH,IL,AGL,CE,Federal Contract Tower,0,0,1,0,1,0,1,3,0,4,0,1,4,0,5,0,0,0,5
03/18/2023,MDH,IL,AGL,CE,Federal Contract Tower,0,1,3,0,4,0,14,12,0,26,0,15,15,0,30,0,0,0,30
03/19/2023,MDH,IL,AGL,CE,Federal Contract Tower,0,0,4,0,4,0,1,14,0,15,0,1,18,0,19,0,0,0,19
03/20/2023,MDH,IL,AGL,CE,Federal Contract Tower,0,3,2,0,5,0,220,18,0,238,0,223,20,0,243,602,0,602,845
03/21/2023,MDH,IL,AGL,CE,Federal Contract Tower,1,4,6,0,11,0,90,4,0,94,1,94,10,0,105,220,0,220,325
03/22/2023,MDH,IL,AGL,CE,Federal Contract Tower,0,15,0,0,15,0,0,0,0,0,0,15,0,0,15,0,0,0,15
03/23/2023,MDH,IL,AGL,CE,Federal Contract Tower,0,9,3,0,12,0,81,8,0,89,0,90,11,0,101,404,0,404,505
03/24/2023,MDH,IL,AGL,CE,Federal Contract Tower,0,0,0,0,0,0,0,0,0,0,0,0,0,0,0,0,0,0,0
03/25/2023,MDH,IL,AGL,CE,Federal Contract Tower,1,0,0,0,1,0,29,7,0,36,1,29,7,0,37,96,0,96,133
03/26/2023,MDH,IL,AGL,CE,Federal Contract Tower,0,5,2,0,7,0,99,21,0,120,0,104,23,0,127,222,0,222,349
03/27/2023,MDH,IL,AGL,CE,Federal Contract Tower,0,6,1,0,7,0,138,14,0,152,0,144,15,0,159,536,0,536,695
03/28/2023,MDH,IL,AGL,CE,Federal Contract Tower,1,5,1,0,7,0,261,26,0,287,1,266,27,0,294,726,0,726,1020
03/29/2023,MDH,IL,AGL,CE,Federal Contract Tower,0,6,2,0,8,0,302,28,0,330,0,308,30,0,338,821,0,821,1159
03/30/2023,MDH,IL,AGL,CE,Federal Contract Tower,0,11,0,0,11,0,328,23,0,351,0,339,23,0,362,922,0,922,1284
03/31/2023,MDH,IL,AGL,CE,Federal Contract Tower,0,0,0,0,0,0,1,0,0,1,0,1,0,0,1,0,0,0,1
04/01/2023,MDH,IL,AGL,CE,Federal Contract Tower,2,0,6,0,8,0,9,8,0,17,2,9,14,0,25,2,0,2,27
04/02/2023,MDH,IL,AGL,CE,Federal Contract Tower,0,6,1,0,7,0,177,8,0,185,0,183,9,0,192,476,0,476,668
04/03/2023,MDH,IL,AGL,CE,Federal Contract Tower,0,17,1,0,18,0,243,18,0,261,0,260,19,0,279,692,0,692,971
04/04/2023,MDH,IL,AGL,CE,Federal Contract Tower,2,7,1,0,10,0,27,4,0,31,2,34,5,0,41,108,0,108,149
04/05/2023,MDH,IL,AGL,CE,Federal Contract Tower,0,1,0,0,1,0,0,2,0,2,0,1,2,0,3,0,0,0,3
04/06/2023,MDH,IL,AGL,CE,Federal Contract Tower,0,6,4,0,10,0,360,33,0,393,0,366,37,0,403,1428,0,1428,1831
04/07/2023,MDH,IL,AGL,CE,Federal Contract Tower,0,3,3,0,6,0,197,20,0,217,0,200,23,0,223,512,0,512,735
04/08/2023,MDH,IL,AGL,CE,Federal Contract Tower,0,9,0,0,9,0,72,14,0,86,0,81,14,0,95,180,0,180,275
04/09/2023,MDH,IL,AGL,CE,Federal Contract Tower,0,2,0,0,2,0,64,11,0,75,0,66,11,0,77,266,0,266,343
04/10/2023,MDH,IL,AGL,CE,Federal Contract Tower,0,8,6,0,14,0,303,26,0,329,0,311,32,0,343,792,0,792,1135
04/11/2023,MDH,IL,AGL,CE,Federal Contract Tower,2,6,0,0,8,0,325,29,0,354,2,331,29,0,362,642,0,642,1004
04/12/2023,MDH,IL,AGL,CE,Federal Contract Tower,0,2,0,0,2,0,235,31,0,266,0,237,31,0,268,546,0,546,814
04/13/2023,MDH,IL,AGL,CE,Federal Contract Tower,0,5,2,2,9,0,271,29,0,300,0,276,31,2,309,858,0,858,1167
04/14/2023,MDH,IL,AGL,CE,Federal Contract Tower,0,0,1,0,1,0,0,43,0,43,0,0,44,0,44,112,0,112,156
04/15/2023,MDH,IL,AGL,CE,Federal Contract Tower,4,1,5,0,10,0,109,2,0,111,4,110,7,0,121,0,0,0,121
04/16/2023,MDH,IL,AGL,CE,Federal Contract Tower,0,1,1,0,2,0,9,3,0,12,0,10,4,0,14,2,0,2,16
04/17/2023,MDH,IL,AGL,CE,Federal Contract Tower,0,1,0,0,1,0,72,9,0,81,0,73,9,0,82,184,0,184,266
04/18/2023,MDH,IL,AGL,CE,Federal Contract Tower,0,4,1,0,5,0,279,21,0,300,0,283,22,0,305,794,0,794,1099
04/19/2023,MDH,IL,AGL,CE,Federal Contract Tower,0,0,3,0,3,0,109,10,0,119,0,109,13,0,122,180,0,180,302
04/20/2023,MDH,IL,AGL,CE,Federal Contract Tower,0,1,0,0,1,0,10,0,0,10,0,11,0,0,11,22,0,22,33
04/21/2023,MDH,IL,AGL,CE,Federal Contract Tower,0,3,3,0,6,0,189,19,0,208,0,192,22,0,214,692,0,692,906
04/22/2023,MDH,IL,AGL,CE,Federal Contract Tower,0,5,0,0,5,0,121,15,0,136,0,126,15,0,141,606,0,606,747
04/23/2023,MDH,IL,AGL,CE,Federal Contract Tower,0,0,2,0,2,0,155,19,0,174,0,155,21,0,176,450,0,450,626
04/24/2023,MDH,IL,AGL,CE,Federal Contract Tower,0,4,3,0,7,0,277,22,0,299,0,281,25,0,306,826,0,826,1132
04/25/2023,MDH,IL,AGL,CE,Federal Contract Tower,0,4,1,0,5,0,311,22,0,333,0,315,23,0,338,738,0,738,1076
04/26/2023,MDH,IL,AGL,CE,Federal Contract Tower,0,7,2,6,15,0,260,44,0,304,0,267,46,6,319,992,0,992,1311
04/27/2023,MDH,IL,AGL,CE,Federal Contract Tower,0,3,2,0,5,0,126,5,0,131,0,129,7,0,136,360,0,360,496
04/28/2023,MDH,IL,AGL,CE,Federal Contract Tower,0,12,1,0,13,0,121,19,0,140,0,133,20,0,153,292,0,292,445
04/29/2023,MDH,IL,AGL,CE,Federal Contract Tower,0,5,0,0,5,0,108,13,0,121,0,113,13,0,126,352,0,352,478
04/30/2023,MDH,IL,AGL,CE,Federal Contract Tower,0,0,0,0,0,0,33,4,0,37,0,33,4,0,37,16,0,16,53
05/01/2023,MDH,IL,AGL,CE,Federal Contract Tower,2,1,0,0,3,0,66,2,0,68,2,67,2,0,71,112,0,112,183
05/02/2023,MDH,IL,AGL,CE,Federal Contract Tower,0,0,2,0,2,0,71,5,0,76,0,71,7,0,78,88,0,88,166
05/03/2023,MDH,IL,AGL,CE,Federal Contract Tower,0,5,2,0,7,0,269,35,0,304,0,274,37,0,311,612,0,612,923
05/04/2023,MDH,IL,AGL,CE,Federal Contract Tower,0,3,2,0,5,0,214,35,0,249,0,217,37,0,254,512,0,512,766
05/05/2023,MDH,IL,AGL,CE,Federal Contract Tower,1,1,3,0,5,0,131,22,0,153,1,132,25,0,158,322,0,322,480
05/06/2023,MDH,IL,AGL,CE,Federal Contract Tower,0,0,0,0,0,0,6,8,2,16,0,6,8,2,16,58,0,58,74
05/07/2023,MDH,IL,AGL,CE,Federal Contract Tower,0,0,1,0,1,0,0,2,0,2,0,0,3,0,3,0,0,0,3
05/08/2023,MDH,IL,AGL,CE,Federal Contract Tower,1,0,0,0,1,0,54,9,0,63,1,54,9,0,64,108,0,108,172
05/09/2023,MDH,IL,AGL,CE,Federal Contract Tower,0,15,0,1,16,0,63,12,1,76,0,78,12,2,92,150,0,150,242
05/10/2023,MDH,IL,AGL,CE,Federal Contract Tower,0,3,2,0,5,0,147,30,0,177,0,150,32,0,182,348,0,348,530
05/11/2023,MDH,IL,AGL,CE,Federal Contract Tower,0,2,2,0,4,0,92,15,0,107,0,94,17,0,111,310,0,310,421
05/12/2023,MDH,IL,AGL,CE,Federal Contract Tower,0,8,6,0,14,0,2,5,0,7,0,10,11,0,21,16,0,16,37
05/13/2023,MDH,IL,AGL,CE,Federal Contract Tower,0,2,0,0,2,0,8,4,0,12,0,10,4,0,14,8,0,8,22
05/14/2023,MDH,IL,AGL,CE,Federal Contract Tower,0,4,4,0,8,0,6,9,0,15,0,10,13,0,23,22,0,22,45
05/15/2023,MDH,IL,AGL,CE,Federal Contract Tower,0,4,0,0,4,0,35,9,0,44,0,39,9,0,48,78,0,78,126
05/16/2023,MDH,IL,AGL,CE,Federal Contract Tower,0,4,3,0,7,0,0,2,0,2,0,4,5,0,9,10,0,10,19
05/17/2023,MDH,IL,AGL,CE,Federal Contract Tower,0,2,0,0,2,0,192,34,0,226,0,194,34,0,228,390,0,390,618
05/18/2023,MDH,IL,AGL,CE,Federal Contract Tower,0,5,0,0,5,0,129,30,0,159,0,134,30,0,164,290,0,290,454
05/19/2023,MDH,IL,AGL,CE,Federal Contract Tower,0,1,5,0,6,0,102,9,0,111,0,103,14,0,117,280,0,280,397
05/20/2023,MDH,IL,AGL,CE,Federal Contract Tower,0,2,0,0,2,0,38,36,0,74,0,40,36,0,76,112,0,112,188
05/21/2023,MDH,IL,AGL,CE,Federal Contract Tower,0,0,2,0,2,0,2,16,0,18,0,2,18,0,20,10,0,10,30
05/22/2023,MDH,IL,AGL,CE,Federal Contract Tower,0,6,2,0,8,0,137,15,0,152,0,143,17,0,160,298,0,298,458
05/23/2023,MDH,IL,AGL,CE,Federal Contract Tower,2,3,4,0,9,0,110,20,0,130,2,113,24,0,139,284,0,284,423
05/24/2023,MDH,IL,AGL,CE,Federal Contract Tower,0,3,2,0,5,0,104,27,0,131,0,107,29,0,136,326,0,326,462
05/25/2023,MDH,IL,AGL,CE,Federal Contract Tower,0,1,0,0,1,0,123,24,2,149,0,124,24,2,150,354,0,354,504
05/26/2023,MDH,IL,AGL,CE,Federal Contract Tower,0,4,2,0,6,0,113,20,0,133,0,117,22,0,139,246,0,246,385
05/27/2023,MDH,IL,AGL,CE,Federal Contract Tower,0,1,3,0,4,0,18,22,0,40,0,19,25,0,44,42,0,42,86
05/28/2023,MDH,IL,AGL,CE,Federal Contract Tower,0,0,2,0,2,0,0,17,0,17,0,0,19,0,19,8,0,8,27
05/29/2023,MDH,IL,AGL,CE,Federal Contract Tower,0,0,0,0,0,0,3,4,0,7,0,3,4,0,7,2,0,2,9
05/30/2023,MDH,IL,AGL,CE,Federal Contract Tower,0,5,3,0,8,0,128,20,0,148,0,133,23,0,156,294,0,294,450
05/31/2023,MDH,IL,AGL,CE,Federal Contract Tower,0,6,0,0,6,0,133,28,0,161,0,139,28,0,167,248,0,248,415
06/01/2023,MDH,IL,AGL,CE,Federal Contract Tower,0,9,6,0,15,0,119,12,0,131,0,128,18,0,146,302,0,302,448
06/02/2023,MDH,IL,AGL,CE,Federal Contract Tower,0,7,1,0,8,0,80,31,0,111,0,87,32,0,119,230,0,230,349
06/03/2023,MDH,IL,AGL,CE,Federal Contract Tower,1,2,2,0,5,0,24,20,0,44,1,26,22,0,49,92,0,92,141
06/04/2023,MDH,IL,AGL,CE,Federal Contract Tower,0,3,1,0,4,0,1,11,0,12,0,4,12,0,16,0,0,0,16
06/05/2023,MDH,IL,AGL,CE,Federal Contract Tower,0,4,3,0,7,0,137,21,0,158,0,141,24,0,165,294,0,294,459
06/06/2023,MDH,IL,AGL,CE,Federal Contract Tower,0,3,1,0,4,0,92,23,0,115,0,95,24,0,119,320,0,320,439
06/07/2023,MDH,IL,AGL,CE,Federal Contract Tower,1,6,1,0,8,0,68,4,0,72,1,74,5,0,80,162,0,162,242
06/08/2023,MDH,IL,AGL,CE,Federal Contract Tower,0,2,0,0,2,0,134,18,0,152,0,136,18,0,154,376,0,376,530
06/09/2023,MDH,IL,AGL,CE,Federal Contract Tower,1,0,4,0,5,0,104,39,0,143,1,104,43,0,148,266,0,266,414
06/10/2023,MDH,IL,AGL,CE,Federal Contract Tower,0,2,6,0,8,0,33,27,0,60,0,35,33,0,68,32,0,32,100
06/11/2023,MDH,IL,AGL,CE,Federal Contract Tower,0,0,3,0,3,0,0,0,0,0,0,0,3,0,3,0,0,0,3
06/12/2023,MDH,IL,AGL,CE,Federal Contract Tower,0,6,3,0,9,0,102,31,0,133,0,108,34,0,142,370,0,370,512
06/13/2023,MDH,IL,AGL,CE,Federal Contract Tower,1,1,4,0,6,0,124,35,0,159,1,125,39,0,165,202,0,202,367
06/14/2023,MDH,IL,AGL,CE,Federal Contract Tower,0,3,1,0,4,0,147,15,0,162,0,150,16,0,166,328,0,328,494
06/15/2023,MDH,IL,AGL,CE,Federal Contract Tower,0,3,4,0,7,0,97,17,0,114,0,100,21,0,121,284,0,284,405
06/16/2023,MDH,IL,AGL,CE,Federal Contract Tower,0,6,3,0,9,0,98,31,0,129,0,104,34,0,138,232,0,232,370
06/17/2023,MDH,IL,AGL,CE,Federal Contract Tower,0,1,1,0,2,0,22,18,0,40,0,23,19,0,42,68,0,68,110
06/18/2023,MDH,IL,AGL,CE,Federal Contract Tower,0,1,0,0,1,0,0,3,0,3,0,1,3,0,4,0,0,0,4
06/19/2023,MDH,IL,AGL,CE,Federal Contract Tower,0,1,2,0,3,0,14,15,0,29,0,15,17,0,32,32,0,32,64
06/20/2023,MDH,IL,AGL,CE,Federal Contract Tower,0,3,2,0,5,0,114,11,0,125,0,117,13,0,130,258,0,258,388
06/21/2023,MDH,IL,AGL,CE,Federal Contract Tower,0,7,6,0,13,0,153,12,0,165,0,160,18,0,178,294,0,294,472
06/22/2023,MDH,IL,AGL,CE,Federal Contract Tower,0,5,1,0,6,0,159,8,0,167,0,164,9,0,173,352,0,352,525
06/23/2023,MDH,IL,AGL,CE,Federal Contract Tower,0,5,2,0,7,0,139,27,0,166,0,144,29,0,173,224,0,224,397
06/24/2023,MDH,IL,AGL,CE,Federal Contract Tower,0,2,4,0,6,0,32,19,0,51,0,34,23,0,57,66,0,66,123
06/25/2023,MDH,IL,AGL,CE,Federal Contract Tower,0,1,2,0,3,0,5,10,0,15,0,6,12,0,18,6,0,6,24
06/26/2023,MDH,IL,AGL,CE,Federal Contract Tower,0,7,0,0,7,0,84,10,0,94,0,91,10,0,101,194,0,194,295
06/27/2023,MDH,IL,AGL,CE,Federal Contract Tower,0,0,3,0,3,0,123,13,2,138,0,123,16,2,141,290,0,290,431
06/28/2023,MDH,IL,AGL,CE,Federal Contract Tower,0,3,3,0,6,0,39,1,0,40,0,42,4,0,46,30,0,30,76
06/29/2023,MDH,IL,AGL,CE,Federal Contract Tower,0,0,3,0,3,0,131,10,0,141,0,131,13,0,144,370,0,370,514
06/30/2023,MDH,IL,AGL,CE,Federal Contract Tower,0,2,3,0,5,0,128,18,0,146,0,130,21,0,151,248,0,248,399
07/01/2023,MDH,IL,AGL,CE,Federal Contract Tower,0,2,0,0,2,0,15,7,0,22,0,17,7,0,24,36,0,36,60
07/02/2023,MDH,IL,AGL,CE,Federal Contract Tower,0,0,0,0,0,0,0,3,0,3,0,0,3,0,3,4,0,4,7
07/03/2023,MDH,IL,AGL,CE,Federal Contract Tower,1,4,4,0,9,0,98,3,0,101,1,102,7,0,110,186,0,186,296
07/04/2023,MDH,IL,AGL,CE,Federal Contract Tower,0,0,4,0,4,0,2,9,0,11,0,2,13,0,15,4,0,4,19
07/05/2023,MDH,IL,AGL,CE,Federal Contract Tower,0,4,2,0,6,0,111,4,0,115,0,115,6,0,121,288,0,288,409
07/06/2023,MDH,IL,AGL,CE,Federal Contract Tower,0,7,2,0,9,0,109,22,0,131,0,116,24,0,140,309,8,317,457
07/07/2023,MDH,IL,AGL,CE,Federal Contract Tower,0,2,3,0,5,0,158,12,0,170,0,160,15,0,175,286,0,286,461
07/08/2023,MDH,IL,AGL,CE,Federal Contract Tower,0,0,0,0,0,0,4,0,0,4,0,4,0,0,4,10,0,10,14
07/09/2023,MDH,IL,AGL,CE,Federal Contract Tower,0,0,2,0,2,0,1,9,0,10,0,1,11,0,12,0,0,0,12
07/10/2023,MDH,IL,AGL,CE,Federal Contract Tower,0,4,0,0,4,0,153,10,0,163,0,157,10,0,167,372,0,372,539
07/11/2023,MDH,IL,AGL,CE,Federal Contract Tower,0,4,5,1,10,0,127,24,0,151,0,131,29,1,161,286,0,286,447
07/12/2023,MDH,IL,AGL,CE,Federal Contract Tower,0,4,5,0,9,0,126,18,0,144,0,130,23,0,153,330,0,330,483
07/13/2023,MDH,IL,AGL,CE,Federal Contract Tower,0,3,3,0,6,0,122,1,0,123,0,125,4,0,129,396,0,396,525
07/14/2023,MDH,IL,AGL,CE,Federal Contract Tower,0,0,0,0,0,0,115,9,0,124,0,115,9,0,124,298,0,298,422
07/15/2023,MDH,IL,AGL,CE,Federal Contract Tower,0,2,4,0,6,0,0,4,0,4,0,2,8,0,10,0,0,0,10
07/16/2023,MDH,IL,AGL,CE,Federal Contract Tower,0,2,6,0,8,0,2,4,0,6,0,4,10,0,14,2,0,2,16
07/17/2023,MDH,IL,AGL,CE,Federal Contract Tower,1,0,0,0,1,0,49,6,0,55,1,49,6,0,56,148,0,148,204
07/18/2023,MDH,IL,AGL,CE,Federal Contract Tower,3,0,0,0,3,0,89,8,0,97,3,89,8,0,100,194,0,194,294
07/19/2023,MDH,IL,AGL,CE,Federal Contract Tower,2,1,0,0,3,0,6,3,0,9,2,7,3,0,12,4,0,4,16
07/20/2023,MDH,IL,AGL,CE,Federal Contract Tower,2,1,5,0,8,0,59,4,0,63,2,60,9,0,71,100,0,100,171
07/21/2023,MDH,IL,AGL,CE,Federal Contract Tower,0,4,0,0,4,0,130,9,0,139,0,134,9,0,143,288,0,288,431
07/22/2023,MDH,IL,AGL,CE,Federal Contract Tower,1,1,2,0,4,0,35,14,0,49,1,36,16,0,53,64,0,64,117
07/23/2023,MDH,IL,AGL,CE,Federal Contract Tower,0,2,2,0,4,0,2,0,0,2,0,4,2,0,6,0,0,0,6
07/24/2023,MDH,IL,AGL,CE,Federal Contract Tower,1,1,4,0,6,0,70,8,0,78,1,71,12,0,84,150,0,150,234
07/25/2023,MDH,IL,AGL,CE,Federal Contract Tower,0,5,1,0,6,0,128,14,0,142,0,133,15,0,148,230,0,230,378
07/26/2023,MDH,IL,AGL,CE,Federal Contract Tower,0,0,1,0,1,0,56,4,0,60,0,56,5,0,61,98,0,98,159
07/27/2023,MDH,IL,AGL,CE,Federal Contract Tower,0,3,6,0,9,0,89,25,0,114,0,92,31,0,123,188,0,188,311
07/28/2023,MDH,IL,AGL,CE,Federal Contract Tower,0,3,3,0,6,0,81,19,0,100,0,84,22,0,106,204,0,204,310
07/29/2023,MDH,IL,AGL,CE,Federal Contract Tower,0,0,2,0,2,0,9,7,0,16,0,9,9,0,18,32,0,32,50
07/30/2023,MDH,IL,AGL,CE,Federal Contract Tower,0,0,0,0,0,0,0,3,0,3,0,0,3,0,3,4,0,4,7
07/31/2023,MDH,IL,AGL,CE,Federal Contract Tower,0,6,6,0,12,0,109,23,0,132,0,115,29,0,144,228,0,228,372
08/01/2023,MDH,IL,AGL,CE,Federal Contract Tower,0,5,6,0,11,0,95,20,0,115,0,100,26,0,126,178,0,178,304
08/02/2023,MDH,IL,AGL,CE,Federal Contract Tower,0,2,2,0,4,0,50,11,0,61,0,52,13,0,65,86,0,86,151
08/03/2023,MDH,IL,AGL,CE,Federal Contract Tower,0,4,8,0,12,0,2,2,0,4,0,6,10,0,16,2,0,2,18
08/04/2023,MDH,IL,AGL,CE,Federal Contract Tower,1,6,2,0,9,0,20,14,0,34,1,26,16,0,43,80,0,80,123
08/05/2023,MDH,IL,AGL,CE,Federal Contract Tower,0,0,0,0,0,0,3,6,0,9,0,3,6,0,9,52,0,52,61
08/06/2023,MDH,IL,AGL,CE,Federal Contract Tower,0,2,0,0,2,0,6,2,0,8,0,8,2,0,10,0,0,0,10
08/07/2023,MDH,IL,AGL,CE,Federal Contract Tower,0,4,2,0,6,0,28,17,0,45,0,32,19,0,51,112,0,112,163
08/08/2023,MDH,IL,AGL,CE,Federal Contract Tower,0,6,2,0,8,0,32,39,0,71,0,38,41,0,79,122,0,122,201
08/09/2023,MDH,IL,AGL,CE,Federal Contract Tower,0,0,1,0,1,0,9,7,0,16,0,9,8,0,17,66,0,66,83
08/10/2023,MDH,IL,AGL,CE,Federal Contract Tower,0,7,6,0,13,0,14,10,0,24,0,21,16,0,37,58,0,58,95
08/11/2023,MDH,IL,AGL,CE,Federal Contract Tower,1,4,3,0,8,0,19,31,0,50,1,23,34,0,58,88,0,88,146
08/12/2023,MDH,IL,AGL,CE,Federal Contract Tower,0,1,0,0,1,0,6,13,0,19,0,7,13,0,20,2,0,2,22
08/13/2023,MDH,IL,AGL,CE,Federal Contract Tower,0,0,1,0,1,0,0,3,0,3,0,0,4,0,4,12,0,12,16
08/14/2023,MDH,IL,AGL,CE,Federal Contract Tower,0,0,1,0,1,0,7,7,0,14,0,7,8,0,15,18,0,18,33
08/15/2023,MDH,IL,AGL,CE,Federal Contract Tower,0,2,7,0,9,0,21,39,0,60,0,23,46,0,69,128,0,128,197
08/16/2023,MDH,IL,AGL,CE,Federal Contract Tower,0,0,4,0,4,0,52,18,0,70,0,52,22,0,74,152,0,152,226
08/17/2023,MDH,IL,AGL,CE,Federal Contract Tower,0,0,1,0,1,0,53,24,0,77,0,53,25,0,78,106,0,106,184
08/18/2023,MDH,IL,AGL,CE,Federal Contract Tower,0,0,2,0,2,0,46,39,0,85,0,46,41,0,87,110,0,110,197
08/19/2023,MDH,IL,AGL,CE,Federal Contract Tower,0,0,0,0,0,0,2,26,0,28,0,2,26,0,28,6,0,6,34
08/20/2023,MDH,IL,AGL,CE,Federal Contract Tower,0,0,2,0,2,0,13,18,0,31,0,13,20,0,33,0,0,0,33
08/21/2023,MDH,IL,AGL,CE,Federal Contract Tower,0,3,3,0,6,0,63,14,0,77,0,66,17,0,83,92,0,92,175
08/22/2023,MDH,IL,AGL,CE,Federal Contract Tower,0,1,3,0,4,0,67,17,0,84,0,68,20,0,88,164,0,164,252
08/23/2023,MDH,IL,AGL,CE,Federal Contract Tower,1,1,1,0,3,0,94,9,0,103,1,95,10,0,106,226,0,226,332
08/24/2023,MDH,IL,AGL,CE,Federal Contract Tower,0,3,7,0,10,0,104,13,0,117,0,107,20,0,127,170,0,170,297
08/25/2023,MDH,IL,AGL,CE,Federal Contract Tower,0,2,6,0,8,0,135,23,0,158,0,137,29,0,166,272,0,272,438
08/26/2023,MDH,IL,AGL,CE,Federal Contract Tower,0,0,2,0,2,0,19,7,0,26,0,19,9,0,28,72,0,72,100
08/27/2023,MDH,IL,AGL,CE,Federal Contract Tower,0,2,4,0,6,0,0,7,0,7,0,2,11,0,13,0,0,0,13
08/28/2023,MDH,IL,AGL,CE,Federal Contract Tower,0,4,2,0,6,0,171,15,0,186,0,175,17,0,192,302,0,302,494
08/29/2023,MDH,IL,AGL,CE,Federal Contract Tower,1,0,6,0,7,0,134,41,0,175,1,134,47,0,182,318,0,318,500
08/30/2023,MDH,IL,AGL,CE,Federal Contract Tower,0,5,2,0,7,0,154,38,4,196,0,159,40,4,203,298,0,298,501
08/31/2023,MDH,IL,AGL,CE,Federal Contract Tower,1,3,2,0,6,0,135,41,0,176,1,138,43,0,182,362,0,362,544
