01/01/2000,MDT,PA,AEA,EN,Towers with Radar,21,32,6,0,59,2,9,0,0,11,23,41,6,0,70,0,0,0,70
01/02/2000,MDT,PA,AEA,EN,Towers with Radar,42,62,16,1,121,0,0,0,0,0,42,62,16,1,121,4,0,4,125
01/03/2000,MDT,PA,AEA,EN,Towers with Radar,50,82,25,12,169,0,0,0,5,5,50,82,25,17,174,2,6,8,182
01/04/2000,MDT,PA,AEA,EN,Towers with Radar,54,80,20,0,154,16,15,16,0,47,70,95,36,0,201,0,0,0,201
01/05/2000,MDT,PA,AEA,EN,Towers with Radar,61,84,27,13,185,0,0,10,28,38,61,84,37,41,223,0,24,24,247
01/06/2000,MDT,PA,AEA,EN,Towers with Radar,61,98,30,14,203,0,0,2,35,37,61,98,32,49,240,6,37,43,283
01/07/2000,MDT,PA,AEA,EN,Towers with Radar,63,95,28,14,200,0,0,9,30,39,63,95,37,44,239,0,16,16,255
01/08/2000,MDT,PA,AEA,EN,Towers with Radar,45,67,17,4,133,12,6,0,0,18,57,73,17,4,151,5,10,15,166
01/09/2000,MDT,PA,AEA,EN,Towers with Radar,42,67,13,3,125,0,1,0,0,1,42,68,13,3,126,2,0,2,128
01/10/2000,MDT,PA,AEA,EN,Towers with Radar,45,67,19,2,133,7,17,7,0,31,52,84,26,2,164,0,0,0,164
01/11/2000,MDT,PA,AEA,EN,Towers with Radar,63,98,27,7,195,0,5,13,0,18,63,103,40,7,213,0,0,0,213
01/12/2000,MDT,PA,AEA,EN,Towers with Radar,68,90,29,14,201,0,0,34,4,38,68,90,63,18,239,2,38,40,279
01/13/2000,MDT,PA,AEA,EN,Towers with Radar,59,87,26,7,179,0,0,26,0,26,59,87,52,7,205,4,0,4,209
01/14/2000,MDT,PA,AEA,EN,Towers with Radar,60,92,25,6,183,0,2,4,0,6,60,94,29,6,189,0,0,0,189
01/15/2000,MDT,PA,AEA,EN,Towers with Radar,49,65,20,3,137,13,0,6,0,19,62,65,26,3,156,6,0,6,162
01/16/2000,MDT,PA,AEA,EN,Towers with Radar,36,54,15,2,107,10,16,1,0,27,46,70,16,2,134,2,0,2,136
01/17/2000,MDT,PA,AEA,EN,Towers with Radar,47,73,19,0,139,0,3,15,0,18,47,76,34,0,157,6,0,6,163
01/18/2000,MDT,PA,AEA,EN,Towers with Radar,68,98,27,12,205,7,3,14,13,37,75,101,41,25,242,2,21,23,265
01/19/2000,MDT,PA,AEA,EN,Towers with Radar,62,93,28,13,196,0,0,10,45,55,62,93,38,58,251,0,7,7,258
01/20/2000,MDT,PA,AEA,EN,Towers with Radar,50,70,20,3,143,8,0,26,0,34,58,70,46,3,177,0,0,0,177
01/21/2000,MDT,PA,AEA,EN,Towers with Radar,60,87,24,5,176,1,8,22,0,31,61,95,46,5,207,0,0,0,207
01/22/2000,MDT,PA,AEA,EN,Towers with Radar,45,65,18,8,136,2,14,7,2,25,47,79,25,10,161,18,2,20,181
01/23/2000,MDT,PA,AEA,EN,Towers with Radar,38,54,9,4,105,11,11,0,0,22,49,65,9,4,127,0,0,0,127
01/24/2000,MDT,PA,AEA,EN,Towers with Radar,44,83,26,7,160,0,0,21,0,21,44,83,47,7,181,4,0,4,185
01/25/2000,MDT,PA,AEA,EN,Towers with Radar,22,30,9,1,62,9,1,6,0,16,31,31,15,1,78,0,0,0,78
01/26/2000,MDT,PA,AEA,EN,Towers with Radar,49,71,19,5,144,6,1,19,0,26,55,72,38,5,170,0,0,0,170
01/27/2000,MDT,PA,AEA,EN,Towers with Radar,61,91,25,10,187,0,7,12,0,19,61,98,37,10,206,0,0,0,206
01/28/2000,MDT,PA,AEA,EN,Towers with Radar,58,89,25,11,183,0,2,3,1,6,58,91,28,12,189,1,1,2,191
01/29/2000,MDT,PA,AEA,EN,Towers with Radar,48,69,18,0,135,4,12,2,0,18,52,81,20,0,153,11,2,13,166
01/30/2000,MDT,PA,AEA,EN,Towers with Radar,19,27,7,1,54,1,5,0,0,6,20,32,7,1,60,0,0,0,60
01/31/2000,MDT,PA,AEA,EN,Towers with Radar,43,62,18,3,126,4,11,4,0,19,47,73,22,3,145,0,0,0,145
02/01/2000,MDT,PA,AEA,EN,Towers with Radar,67,92,32,14,205,5,0,18,1,24,72,92,50,15,229,0,82,82,311
02/02/2000,MDT,PA,AEA,EN,Towers with Radar,58,81,28,12,179,6,1,4,2,13,64,82,32,14,192,8,16,24,216
02/03/2000,MDT,PA,AEA,EN,Towers with Radar,64,94,33,9,200,0,0,0,0,0,64,94,33,9,200,4,52,56,256
02/04/2000,MDT,PA,AEA,EN,Towers with Radar,54,90,31,8,183,0,1,5,0,6,54,91,36,8,189,0,0,0,189
02/05/2000,MDT,PA,AEA,EN,Towers with Radar,42,58,20,1,121,14,21,3,0,38,56,79,23,1,159,6,0,6,165
02/06/2000,MDT,PA,AEA,EN,Towers with Radar,40,55,10,1,106,0,15,0,0,15,40,70,10,1,121,6,22,28,149
02/07/2000,MDT,PA,AEA,EN,Towers with Radar,54,79,27,0,160,0,0,30,0,30,54,79,57,0,190,2,0,2,192
02/08/2000,MDT,PA,AEA,EN,Towers with Radar,66,93,32,13,204,12,1,37,2,52,78,94,69,15,256,0,30,30,286
02/09/2000,MDT,PA,AEA,EN,Towers with Radar,67,85,31,14,197,0,0,21,2,23,67,85,52,16,220,42,34,76,296
02/10/2000,MDT,PA,AEA,EN,Towers with Radar,66,90,35,8,199,0,2,7,0,9,66,92,42,8,208,2,14,16,224
02/11/2000,MDT,PA,AEA,EN,Towers with Radar,58,95,34,5,192,0,0,2,0,2,58,95,36,5,194,0,8,8,202
02/12/2000,MDT,PA,AEA,EN,Towers with Radar,54,70,10,8,142,0,1,11,1,13,54,71,21,9,155,21,16,37,192
02/13/2000,MDT,PA,AEA,EN,Towers with Radar,35,70,12,3,120,0,0,2,0,2,35,70,14,3,122,0,0,0,122
02/14/2000,MDT,PA,AEA,EN,Towers with Radar,48,75,29,6,158,0,0,5,0,5,48,75,34,6,163,0,18,18,181
02/15/2000,MDT,PA,AEA,EN,Towers with Radar,72,97,47,5,221,0,1,10,2,13,72,98,57,7,234,10,12,22,256
02/16/2000,MDT,PA,AEA,EN,Towers with Radar,61,105,23,14,203,0,2,6,0,8,61,107,29,14,211,4,39,43,254
02/17/2000,MDT,PA,AEA,EN,Towers with Radar,63,97,30,6,196,0,14,20,0,34,63,111,50,6,230,12,6,18,248
02/18/2000,MDT,PA,AEA,EN,Towers with Radar,40,61,17,2,120,0,1,3,0,4,40,62,20,2,124,0,0,0,124
02/19/2000,MDT,PA,AEA,EN,Towers with Radar,53,59,8,0,120,0,0,1,0,1,53,59,9,0,121,10,0,10,131
02/20/2000,MDT,PA,AEA,EN,Towers with Radar,43,69,12,1,125,0,0,5,0,5,43,69,17,1,130,12,2,14,144
02/21/2000,MDT,PA,AEA,EN,Towers with Radar,49,87,25,1,162,0,0,22,0,22,49,87,47,1,184,6,2,8,192
02/22/2000,MDT,PA,AEA,EN,Towers with Radar,71,90,39,19,219,0,1,22,0,23,71,91,61,19,242,4,30,34,276
02/23/2000,MDT,PA,AEA,EN,Towers with Radar,64,92,34,25,215,0,0,17,0,17,64,92,51,25,232,4,26,30,262
02/24/2000,MDT,PA,AEA,EN,Towers with Radar,67,91,33,23,214,0,0,20,0,20,67,91,53,23,234,8,43,51,285
02/25/2000,MDT,PA,AEA,EN,Towers with Radar,58,79,30,9,176,0,1,18,0,19,58,80,48,9,195,18,14,32,227
02/26/2000,MDT,PA,AEA,EN,Towers with Radar,59,70,24,9,162,0,0,0,0,0,59,70,24,9,162,4,0,4,166
02/27/2000,MDT,PA,AEA,EN,Towers with Radar,53,67,15,10,145,0,0,0,0,0,53,67,15,10,145,10,0,10,155
02/28/2000,MDT,PA,AEA,EN,Towers with Radar,46,85,28,2,161,0,0,22,0,22,46,85,50,2,183,0,0,0,183
02/29/2000,MDT,PA,AEA,EN,Towers with Radar,67,96,42,12,217,0,1,26,0,27,67,97,68,12,244,10,6,16,260
03/01/2000,MDT,PA,AEA,EN,Towers with Radar,67,96,26,20,209,0,1,15,0,16,67,97,41,20,225,4,42,46,271
03/02/2000,MDT,PA,AEA,EN,Towers with Radar,67,100,42,6,215,0,0,10,0,10,67,100,52,6,225,0,24,24,249
03/03/2000,MDT,PA,AEA,EN,Towers with Radar,62,104,31,18,215,0,0,12,4,16,62,104,43,22,231,6,18,24,255
03/04/2000,MDT,PA,AEA,EN,Towers with Radar,53,66,11,0,130,0,0,9,0,9,53,66,20,0,139,10,0,10,149
03/05/2000,MDT,PA,AEA,EN,Towers with Radar,42,61,18,9,130,7,2,0,7,16,49,63,18,16,146,6,16,22,168
03/06/2000,MDT,PA,AEA,EN,Towers with Radar,47,89,31,1,168,0,1,18,0,19,47,90,49,1,187,14,2,16,203
03/07/2000,MDT,PA,AEA,EN,Towers with Radar,65,91,40,13,209,0,1,27,3,31,65,92,67,16,240,10,12,22,262
03/08/2000,MDT,PA,AEA,EN,Towers with Radar,65,101,37,14,217,0,0,35,2,37,65,101,72,16,254,0,8,8,262
03/09/2000,MDT,PA,AEA,EN,Towers with Radar,70,98,38,19,225,0,2,5,11,18,70,100,43,30,243,2,10,12,255
03/10/2000,MDT,PA,AEA,EN,Towers with Radar,64,97,26,1,188,0,0,26,0,26,64,97,52,1,214,4,18,22,236
03/11/2000,MDT,PA,AEA,EN,Towers with Radar,39,57,17,19,132,0,0,0,0,0,39,57,17,19,132,4,0,4,136
03/12/2000,MDT,PA,AEA,EN,Towers with Radar,46,67,14,7,134,0,2,1,0,3,46,69,15,7,137,0,8,8,145
03/13/2000,MDT,PA,AEA,EN,Towers with Radar,49,83,21,14,167,0,1,8,0,9,49,84,29,14,176,4,20,24,200
03/14/2000,MDT,PA,AEA,EN,Towers with Radar,67,102,46,10,225,0,0,26,0,26,67,102,72,10,251,12,64,76,327
03/15/2000,MDT,PA,AEA,EN,Towers with Radar,57,99,22,15,193,0,4,24,0,28,57,103,46,15,221,0,36,36,257
03/16/2000,MDT,PA,AEA,EN,Towers with Radar,65,97,43,8,213,0,0,14,0,14,65,97,57,8,227,2,18,20,247
03/17/2000,MDT,PA,AEA,EN,Towers with Radar,60,103,35,6,204,0,0,2,0,2,60,103,37,6,206,4,0,4,210
03/18/2000,MDT,PA,AEA,EN,Towers with Radar,62,61,9,1,133,0,2,9,0,11,62,63,18,1,144,6,0,6,150
03/19/2000,MDT,PA,AEA,EN,Towers with Radar,43,68,10,3,124,0,0,7,0,7,43,68,17,3,131,0,0,0,131
03/20/2000,MDT,PA,AEA,EN,Towers with Radar,47,84,24,11,166,0,0,7,0,7,47,84,31,11,173,4,10,14,187
03/21/2000,MDT,PA,AEA,EN,Towers with Radar,69,94,40,0,203,0,0,2,0,2,69,94,42,0,205,0,0,0,205
03/22/2000,MDT,PA,AEA,EN,Towers with Radar,67,94,31,9,201,0,1,6,0,7,67,95,37,9,208,6,44,50,258
03/23/2000,MDT,PA,AEA,EN,Towers with Radar,68,107,33,13,221,0,0,15,0,15,68,107,48,13,236,8,26,34,270
03/24/2000,MDT,PA,AEA,EN,Towers with Radar,63,95,27,15,200,0,4,22,0,26,63,99,49,15,226,10,24,34,260
03/25/2000,MDT,PA,AEA,EN,Towers with Radar,57,76,13,7,153,0,0,11,0,11,57,76,24,7,164,8,0,8,172
03/26/2000,MDT,PA,AEA,EN,Towers with Radar,51,69,19,8,147,0,0,5,0,5,51,69,24,8,152,2,8,10,162
03/27/2000,MDT,PA,AEA,EN,Towers with Radar,53,80,19,12,164,0,1,3,0,4,53,81,22,12,168,0,30,30,198
03/28/2000,MDT,PA,AEA,EN,Towers with Radar,67,96,32,11,206,0,0,12,0,12,67,96,44,11,218,4,50,54,272
03/29/2000,MDT,PA,AEA,EN,Towers with Radar,58,106,27,8,199,0,1,10,2,13,58,107,37,10,212,0,4,4,216
03/30/2000,MDT,PA,AEA,EN,Towers with Radar,63,102,51,13,229,0,3,14,0,17,63,105,65,13,246,20,28,48,294
03/31/2000,MDT,PA,AEA,EN,Towers with Radar,65,101,24,4,194,0,1,23,0,24,65,102,47,4,218,4,4,8,226
04/01/2000,MDT,PA,AEA,EN,Towers with Radar,56,70,11,0,137,0,1,8,0,9,56,71,19,0,146,20,36,56,202
04/02/2000,MDT,PA,AEA,EN,Towers with Radar,40,62,17,8,127,0,2,6,1,9,40,64,23,9,136,8,4,12,148
04/03/2000,MDT,PA,AEA,EN,Towers with Radar,48,93,26,6,173,0,1,5,0,6,48,94,31,6,179,18,8,26,205
04/04/2000,MDT,PA,AEA,EN,Towers with Radar,64,91,40,13,208,4,0,13,0,17,68,91,53,13,225,6,21,27,252
04/05/2000,MDT,PA,AEA,EN,Towers with Radar,66,95,55,18,234,0,2,8,0,10,66,97,63,18,244,14,22,36,280
04/06/2000,MDT,PA,AEA,EN,Towers with Radar,62,101,36,11,210,0,2,14,1,17,62,103,50,12,227,2,2,4,231
04/07/2000,MDT,PA,AEA,EN,Towers with Radar,53,93,34,13,193,0,2,19,1,22,53,95,53,14,215,10,0,10,225
04/08/2000,MDT,PA,AEA,EN,Towers with Radar,63,75,17,1,156,0,1,2,1,4,63,76,19,2,160,101,6,107,267
04/09/2000,MDT,PA,AEA,EN,Towers with Radar,48,62,14,2,126,0,1,0,0,1,48,63,14,2,127,0,0,0,127
04/10/2000,MDT,PA,AEA,EN,Towers with Radar,46,94,31,9,180,0,0,17,0,17,46,94,48,9,197,12,26,38,235
04/11/2000,MDT,PA,AEA,EN,Towers with Radar,57,94,45,12,208,0,1,32,0,33,57,95,77,12,241,5,26,31,272
04/12/2000,MDT,PA,AEA,EN,Towers with Radar,60,103,61,28,252,0,1,8,0,9,60,104,69,28,261,7,36,43,304
04/13/2000,MDT,PA,AEA,EN,Towers with Radar,60,100,33,29,222,0,1,12,0,13,60,101,45,29,235,22,32,54,289
04/14/2000,MDT,PA,AEA,EN,Towers with Radar,63,84,40,21,208,0,4,22,0,26,63,88,62,21,234,22,30,52,286
04/15/2000,MDT,PA,AEA,EN,Towers with Radar,49,70,19,5,143,0,2,3,0,5,49,72,22,5,148,0,8,8,156
04/16/2000,MDT,PA,AEA,EN,Towers with Radar,51,77,27,5,160,0,0,1,0,1,51,77,28,5,161,13,0,13,174
04/17/2000,MDT,PA,AEA,EN,Towers with Radar,43,87,37,3,170,0,0,0,0,0,43,87,37,3,170,0,2,2,172
04/18/2000,MDT,PA,AEA,EN,Towers with Radar,59,103,54,2,218,0,0,0,0,0,59,103,54,2,218,0,4,4,222
04/19/2000,MDT,PA,AEA,EN,Towers with Radar,58,98,57,23,236,0,0,13,0,13,58,98,70,23,249,0,51,51,300
04/20/2000,MDT,PA,AEA,EN,Towers with Radar,54,92,59,23,228,0,0,18,0,18,54,92,77,23,246,0,16,16,262
04/21/2000,MDT,PA,AEA,EN,Towers with Radar,57,91,22,3,173,0,0,1,0,1,57,91,23,3,174,0,0,0,174
04/22/2000,MDT,PA,AEA,EN,Towers with Radar,54,72,14,1,141,0,5,2,0,7,54,77,16,1,148,0,0,0,148
04/23/2000,MDT,PA,AEA,EN,Towers with Radar,40,63,13,1,117,0,0,4,0,4,40,63,17,1,121,0,0,0,121
04/24/2000,MDT,PA,AEA,EN,Towers with Radar,45,80,42,8,175,0,2,18,0,20,45,82,60,8,195,10,8,18,213
04/25/2000,MDT,PA,AEA,EN,Towers with Radar,60,106,44,14,224,0,2,6,0,8,60,108,50,14,232,10,98,108,340
04/26/2000,MDT,PA,AEA,EN,Towers with Radar,58,96,57,23,234,0,0,14,1,15,58,96,71,24,249,7,12,19,268
04/27/2000,MDT,PA,AEA,EN,Towers with Radar,59,103,57,17,236,0,0,0,0,0,59,103,57,17,236,12,30,42,278
04/28/2000,MDT,PA,AEA,EN,Towers with Radar,60,90,35,12,197,0,0,1,0,1,60,90,36,12,198,0,12,12,210
04/29/2000,MDT,PA,AEA,EN,Towers with Radar,55,71,16,0,142,0,1,9,0,10,55,72,25,0,152,0,2,2,154
04/30/2000,MDT,PA,AEA,EN,Towers with Radar,44,70,8,7,129,0,0,19,0,19,44,70,27,7,148,6,0,6,154
05/01/2000,MDT,PA,AEA,EN,Towers with Radar,40,86,29,0,155,1,0,17,1,19,41,86,46,1,174,12,0,12,186
05/02/2000,MDT,PA,AEA,EN,Towers with Radar,60,104,43,9,216,0,0,16,1,17,60,104,59,10,233,6,6,12,245
05/03/2000,MDT,PA,AEA,EN,Towers with Radar,61,98,44,14,217,0,1,22,0,23,61,99,66,14,240,4,24,28,268
05/04/2000,MDT,PA,AEA,EN,Towers with Radar,62,95,46,13,216,0,1,21,0,22,62,96,67,13,238,10,20,30,268
05/05/2000,MDT,PA,AEA,EN,Towers with Radar,61,94,40,22,217,0,0,27,0,27,61,94,67,22,244,2,28,30,274
05/06/2000,MDT,PA,AEA,EN,Towers with Radar,46,74,18,1,139,0,0,18,3,21,46,74,36,4,160,6,0,6,166
05/07/2000,MDT,PA,AEA,EN,Towers with Radar,36,56,24,6,122,4,9,4,0,17,40,65,28,6,139,20,0,20,159
05/08/2000,MDT,PA,AEA,EN,Towers with Radar,45,80,39,10,174,0,1,17,0,18,45,81,56,10,192,14,14,28,220
05/09/2000,MDT,PA,AEA,EN,Towers with Radar,60,87,34,11,192,0,2,14,0,16,60,89,48,11,208,8,40,48,256
05/10/2000,MDT,PA,AEA,EN,Towers with Radar,52,71,32,4,159,2,0,9,0,11,54,71,41,4,170,10,2,12,182
05/11/2000,MDT,PA,AEA,EN,Towers with Radar,64,92,47,20,223,0,2,39,0,41,64,94,86,20,264,4,10,14,278
05/12/2000,MDT,PA,AEA,EN,Towers with Radar,50,94,26,11,181,0,0,11,2,13,50,94,37,13,194,14,10,24,218
05/13/2000,MDT,PA,AEA,EN,Towers with Radar,51,77,18,7,153,0,0,2,1,3,51,77,20,8,156,4,2,6,162
05/14/2000,MDT,PA,AEA,EN,Towers with Radar,41,68,13,3,125,0,1,13,0,14,41,69,26,3,139,4,0,4,143
05/15/2000,MDT,PA,AEA,EN,Towers with Radar,43,81,24,11,159,0,1,19,8,28,43,82,43,19,187,4,10,14,201
05/16/2000,MDT,PA,AEA,EN,Towers with Radar,55,95,53,19,222,0,1,26,3,30,55,96,79,22,252,6,4,10,262
05/17/2000,MDT,PA,AEA,EN,Towers with Radar,64,92,31,25,212,0,1,13,0,14,64,93,44,25,226,0,39,39,265
05/18/2000,MDT,PA,AEA,EN,Towers with Radar,58,93,50,16,217,0,2,0,0,2,58,95,50,16,219,7,33,40,259
05/19/2000,MDT,PA,AEA,EN,Towers with Radar,48,88,43,6,185,0,0,4,0,4,48,88,47,6,189,0,0,0,189
05/20/2000,MDT,PA,AEA,EN,Towers with Radar,52,78,39,5,174,0,0,0,0,0,52,78,39,5,174,2,0,2,176
05/21/2000,MDT,PA,AEA,EN,Towers with Radar,65,68,4,5,142,0,0,0,0,0,65,68,4,5,142,56,0,56,198
05/22/2000,MDT,PA,AEA,EN,Towers with Radar,52,86,37,15,190,0,0,0,0,0,52,86,37,15,190,14,10,24,214
05/23/2000,MDT,PA,AEA,EN,Towers with Radar,64,96,58,15,233,0,0,2,0,2,64,96,60,15,235,4,18,22,257
05/24/2000,MDT,PA,AEA,EN,Towers with Radar,65,94,37,12,208,0,0,8,0,8,65,94,45,12,216,16,10,26,242
05/25/2000,MDT,PA,AEA,EN,Towers with Radar,63,97,49,7,216,0,1,6,0,7,63,98,55,7,223,9,9,18,241
05/26/2000,MDT,PA,AEA,EN,Towers with Radar,66,97,32,4,199,0,1,23,3,27,66,98,55,7,226,6,0,6,232
05/27/2000,MDT,PA,AEA,EN,Towers with Radar,51,64,20,0,135,0,1,6,0,7,51,65,26,0,142,10,0,10,152
05/28/2000,MDT,PA,AEA,EN,Towers with Radar,37,55,8,0,100,0,0,0,0,0,37,55,8,0,100,4,0,4,104
05/29/2000,MDT,PA,AEA,EN,Towers with Radar,36,68,8,0,112,0,0,7,0,7,36,68,15,0,119,0,0,0,119
05/30/2000,MDT,PA,AEA,EN,Towers with Radar,50,87,25,18,180,0,0,17,0,17,50,87,42,18,197,0,6,6,203
05/31/2000,MDT,PA,AEA,EN,Towers with Radar,57,94,33,17,201,0,1,3,0,4,57,95,36,17,205,14,20,34,239
06/01/2000,MDT,PA,AEA,EN,Towers with Radar,66,108,61,12,247,1,0,27,0,28,67,108,88,12,275,32,12,44,319
06/02/2000,MDT,PA,AEA,EN,Towers with Radar,53,76,42,18,189,0,1,12,0,13,53,77,54,18,202,6,26,32,234
06/03/2000,MDT,PA,AEA,EN,Towers with Radar,57,74,21,6,158,0,0,8,1,9,57,74,29,7,167,12,2,14,181
06/04/2000,MDT,PA,AEA,EN,Towers with Radar,37,67,8,5,117,0,0,6,0,6,37,67,14,5,123,6,0,6,129
06/05/2000,MDT,PA,AEA,EN,Towers with Radar,54,78,24,10,166,0,0,9,0,9,54,78,33,10,175,32,32,64,239
06/06/2000,MDT,PA,AEA,EN,Towers with Radar,67,93,56,5,221,0,0,0,0,0,67,93,56,5,221,12,0,12,233
06/07/2000,MDT,PA,AEA,EN,Towers with Radar,67,92,46,17,222,0,0,16,0,16,67,92,62,17,238,16,30,46,284
06/08/2000,MDT,PA,AEA,EN,Towers with Radar,62,95,50,16,223,1,2,25,0,28,63,97,75,16,251,16,14,30,281
06/09/2000,MDT,PA,AEA,EN,Towers with Radar,51,98,42,14,205,1,1,16,0,18,52,99,58,14,223,4,56,60,283
06/10/2000,MDT,PA,AEA,EN,Towers with Radar,54,77,20,5,156,1,0,9,0,10,55,77,29,5,166,2,2,4,170
06/11/2000,MDT,PA,AEA,EN,Towers with Radar,39,66,11,6,122,1,0,7,0,8,40,66,18,6,130,4,0,4,134
06/12/2000,MDT,PA,AEA,EN,Towers with Radar,42,80,33,21,176,1,0,0,1,2,43,80,33,22,178,16,2,18,196
06/13/2000,MDT,PA,AEA,EN,Towers with Radar,57,91,53,13,214,1,0,0,0,1,58,91,53,13,215,0,2,2,217
06/14/2000,MDT,PA,AEA,EN,Towers with Radar,53,96,47,14,210,0,0,19,0,19,53,96,66,14,229,2,2,4,233
06/15/2000,MDT,PA,AEA,EN,Towers with Radar,50,87,72,13,222,1,0,1,0,2,51,87,73,13,224,2,2,4,228
06/16/2000,MDT,PA,AEA,EN,Towers with Radar,52,85,50,23,210,1,0,4,0,5,53,85,54,23,215,10,12,22,237
06/17/2000,MDT,PA,AEA,EN,Towers with Radar,59,80,19,2,160,0,1,4,0,5,59,81,23,2,165,0,0,0,165
06/18/2000,MDT,PA,AEA,EN,Towers with Radar,48,66,23,7,144,0,1,2,0,3,48,67,25,7,147,0,0,0,147
06/19/2000,MDT,PA,AEA,EN,Towers with Radar,45,85,45,18,193,0,1,3,0,4,45,86,48,18,197,4,10,14,211
06/20/2000,MDT,PA,AEA,EN,Towers with Radar,53,88,56,18,215,0,2,18,0,20,53,90,74,18,235,10,34,44,279
06/21/2000,MDT,PA,AEA,EN,Towers with Radar,60,90,56,11,217,0,1,12,0,13,60,91,68,11,230,2,16,18,248
06/22/2000,MDT,PA,AEA,EN,Towers with Radar,64,105,58,13,240,0,0,11,0,11,64,105,69,13,251,6,52,58,309
06/23/2000,MDT,PA,AEA,EN,Towers with Radar,53,105,29,20,207,0,1,24,0,25,53,106,53,20,232,10,12,22,254
06/24/2000,MDT,PA,AEA,EN,Towers with Radar,48,70,21,6,145,0,1,13,1,15,48,71,34,7,160,30,2,32,192
06/25/2000,MDT,PA,AEA,EN,Towers with Radar,42,66,19,4,131,0,2,6,0,8,42,68,25,4,139,0,6,6,145
06/26/2000,MDT,PA,AEA,EN,Towers with Radar,47,84,42,5,178,0,1,18,1,20,47,85,60,6,198,14,2,16,214
06/27/2000,MDT,PA,AEA,EN,Towers with Radar,60,94,47,14,215,0,1,19,0,20,60,95,66,14,235,4,4,8,243
06/28/2000,MDT,PA,AEA,EN,Towers with Radar,62,90,38,42,232,0,0,20,0,20,62,90,58,42,252,0,172,172,424
06/29/2000,MDT,PA,AEA,EN,Towers with Radar,59,94,43,15,211,0,1,8,0,9,59,95,51,15,220,4,22,26,246
06/30/2000,MDT,PA,AEA,EN,Towers with Radar,51,91,34,8,184,0,0,23,0,23,51,91,57,8,207,6,0,6,213
07/01/2000,MDT,PA,AEA,EN,Towers with Radar,55,70,13,4,142,0,1,16,0,17,55,71,29,4,159,0,0,0,159
07/02/2000,MDT,PA,AEA,EN,Towers with Radar,41,66,11,0,118,0,0,10,0,10,41,66,21,0,128,4,0,4,132
07/03/2000,MDT,PA,AEA,EN,Towers with Radar,45,41,7,0,93,0,0,11,0,11,45,41,18,0,104,0,0,0,104
07/04/2000,MDT,PA,AEA,EN,Towers with Radar,40,60,7,0,107,0,0,10,0,10,40,60,17,0,117,0,0,0,117
07/05/2000,MDT,PA,AEA,EN,Towers with Radar,48,83,18,12,161,0,1,29,0,30,48,84,47,12,191,0,14,14,205
07/06/2000,MDT,PA,AEA,EN,Towers with Radar,62,92,22,8,184,0,3,30,0,33,62,95,52,8,217,4,48,52,269
07/07/2000,MDT,PA,AEA,EN,Towers with Radar,58,92,17,16,183,0,1,30,0,31,58,93,47,16,214,6,38,44,258
07/08/2000,MDT,PA,AEA,EN,Towers with Radar,53,79,16,0,148,0,0,7,0,7,53,79,23,0,155,4,0,4,159
07/09/2000,MDT,PA,AEA,EN,Towers with Radar,44,66,11,2,123,0,0,17,1,18,44,66,28,3,141,4,0,4,145
07/10/2000,MDT,PA,AEA,EN,Towers with Radar,42,69,27,3,141,0,0,23,0,23,42,69,50,3,164,4,18,22,186
07/11/2000,MDT,PA,AEA,EN,Towers with Radar,63,88,45,19,215,0,3,24,0,27,63,91,69,19,242,12,68,80,322
07/12/2000,MDT,PA,AEA,EN,Towers with Radar,67,88,44,14,213,0,2,33,0,35,67,90,77,14,248,8,18,26,274
07/13/2000,MDT,PA,AEA,EN,Towers with Radar,63,99,32,10,204,0,2,33,0,35,63,101,65,10,239,26,20,46,285
07/14/2000,MDT,PA,AEA,EN,Towers with Radar,55,79,33,12,179,0,0,12,0,12,55,79,45,12,191,0,24,24,215
07/15/2000,MDT,PA,AEA,EN,Towers with Radar,51,73,24,6,154,0,0,1,0,1,51,73,25,6,155,2,10,12,167
07/16/2000,MDT,PA,AEA,EN,Towers with Radar,44,60,15,5,124,0,0,0,0,0,44,60,15,5,124,0,0,0,124
07/17/2000,MDT,PA,AEA,EN,Towers with Radar,48,73,47,13,181,0,0,10,0,10,48,73,57,13,191,2,16,18,209
07/18/2000,MDT,PA,AEA,EN,Towers with Radar,60,90,42,25,217,0,0,24,3,27,60,90,66,28,244,2,26,28,272
07/19/2000,MDT,PA,AEA,EN,Towers with Radar,63,87,43,12,205,0,0,26,0,26,63,87,69,12,231,10,22,32,263
07/20/2000,MDT,PA,AEA,EN,Towers with Radar,59,99,47,15,220,0,1,57,0,58,59,100,104,15,278,2,23,25,303
07/21/2000,MDT,PA,AEA,EN,Towers with Radar,60,92,12,5,169,0,0,8,1,9,60,92,20,6,178,2,0,2,180
07/22/2000,MDT,PA,AEA,EN,Towers with Radar,47,70,23,2,142,8,3,9,0,20,55,73,32,2,162,1,16,17,179
07/23/2000,MDT,PA,AEA,EN,Towers with Radar,39,67,17,5,128,0,0,15,3,18,39,67,32,8,146,2,4,6,152
07/24/2000,MDT,PA,AEA,EN,Towers with Radar,47,88,39,6,180,0,0,13,0,13,47,88,52,6,193,0,0,0,193
07/25/2000,MDT,PA,AEA,EN,Towers with Radar,68,93,29,23,213,0,0,4,0,4,68,93,33,23,217,0,8,8,225
07/26/2000,MDT,PA,AEA,EN,Towers with Radar,65,89,30,13,197,0,0,5,0,5,65,89,35,13,202,2,12,14,216
07/27/2000,MDT,PA,AEA,EN,Towers with Radar,67,82,32,13,194,0,2,4,0,6,67,84,36,13,200,14,14,28,228
07/28/2000,MDT,PA,AEA,EN,Towers with Radar,51,78,29,11,169,0,0,0,0,0,51,78,29,11,169,6,8,14,183
07/29/2000,MDT,PA,AEA,EN,Towers with Radar,48,75,24,6,153,0,0,0,0,0,48,75,24,6,153,4,0,4,157
07/30/2000,MDT,PA,AEA,EN,Towers with Radar,36,65,11,2,114,0,0,5,0,5,36,65,16,2,119,0,4,4,123
07/31/2000,MDT,PA,AEA,EN,Towers with Radar,46,101,47,10,204,0,1,0,0,1,46,102,47,10,205,30,28,58,263
08/01/2000,MDT,PA,AEA,EN,Towers with Radar,62,92,48,5,207,0,0,11,0,11,62,92,59,5,218,2,2,4,222
08/02/2000,MDT,PA,AEA,EN,Towers with Radar,57,81,51,12,201,0,0,8,0,8,57,81,59,12,209,2,10,12,221
08/03/2000,MDT,PA,AEA,EN,Towers with Radar,68,80,40,8,196,0,0,0,0,0,68,80,40,8,196,6,42,48,244
08/04/2000,MDT,PA,AEA,EN,Towers with Radar,55,98,30,9,192,0,1,11,0,12,55,99,41,9,204,6,0,6,210
08/05/2000,MDT,PA,AEA,EN,Towers with Radar,47,67,15,3,132,0,2,25,0,27,47,69,40,3,159,0,0,0,159
08/06/2000,MDT,PA,AEA,EN,Towers with Radar,36,59,16,11,122,0,0,1,0,1,36,59,17,11,123,0,0,0,123
08/07/2000,MDT,PA,AEA,EN,Towers with Radar,48,90,31,2,171,0,1,13,0,14,48,91,44,2,185,19,10,29,214
08/08/2000,MDT,PA,AEA,EN,Towers with Radar,74,106,33,21,234,0,0,20,0,20,74,106,53,21,254,38,30,68,322
08/09/2000,MDT,PA,AEA,EN,Towers with Radar,53,87,39,17,196,0,0,22,0,22,53,87,61,17,218,57,16,73,291
08/10/2000,MDT,PA,AEA,EN,Towers with Radar,57,92,39,19,207,0,0,31,0,31,57,92,70,19,238,23,28,51,289
08/11/2000,MDT,PA,AEA,EN,Towers with Radar,55,92,26,15,188,0,1,16,0,17,55,93,42,15,205,8,34,42,247
08/12/2000,MDT,PA,AEA,EN,Towers with Radar,54,73,25,4,156,0,0,20,0,20,54,73,45,4,176,2,50,52,228
08/13/2000,MDT,PA,AEA,EN,Towers with Radar,47,64,10,7,128,0,0,8,0,8,47,64,18,7,136,4,14,18,154
08/14/2000,MDT,PA,AEA,EN,Towers with Radar,51,79,37,7,174,0,1,23,1,25,51,80,60,8,199,12,0,12,211
08/15/2000,MDT,PA,AEA,EN,Towers with Radar,52,102,64,12,230,0,0,26,0,26,52,102,90,12,256,10,32,42,298
08/16/2000,MDT,PA,AEA,EN,Towers with Radar,54,104,41,24,223,0,0,27,0,27,54,104,68,24,250,6,54,60,310
08/17/2000,MDT,PA,AEA,EN,Towers with Radar,53,102,41,16,212,0,0,28,0,28,53,102,69,16,240,8,16,24,264
08/18/2000,MDT,PA,AEA,EN,Towers with Radar,51,100,61,10,222,0,0,1,0,1,51,100,62,10,223,0,8,8,231
08/19/2000,MDT,PA,AEA,EN,Towers with Radar,53,76,20,1,150,0,1,10,0,11,53,77,30,1,161,6,0,6,167
08/20/2000,MDT,PA,AEA,EN,Towers with Radar,35,68,12,7,122,0,2,32,0,34,35,70,44,7,156,6,0,6,162
08/21/2000,MDT,PA,AEA,EN,Towers with Radar,54,88,43,2,187,0,6,23,0,29,54,94,66,2,216,2,0,2,218
08/22/2000,MDT,PA,AEA,EN,Towers with Radar,53,81,44,13,191,0,2,24,0,26,53,83,68,13,217,2,12,14,231
08/23/2000,MDT,PA,AEA,EN,Towers with Radar,59,91,38,11,199,0,0,13,0,13,59,91,51,11,212,2,34,36,248
08/24/2000,MDT,PA,AEA,EN,Towers with Radar,54,87,57,18,216,0,1,0,0,1,54,88,57,18,217,20,30,50,267
08/25/2000,MDT,PA,AEA,EN,Towers with Radar,58,93,26,12,189,0,1,23,0,24,58,94,49,12,213,18,4,22,235
08/26/2000,MDT,PA,AEA,EN,Towers with Radar,49,77,18,5,149,0,3,22,0,25,49,80,40,5,174,4,6,10,184
08/27/2000,MDT,PA,AEA,EN,Towers with Radar,45,64,21,4,134,0,0,1,0,1,45,64,22,4,135,0,0,0,135
08/28/2000,MDT,PA,AEA,EN,Towers with Radar,52,88,30,10,180,0,0,7,0,7,52,88,37,10,187,12,24,36,223
08/29/2000,MDT,PA,AEA,EN,Towers with Radar,62,97,68,25,252,0,0,0,0,0,62,97,68,25,252,8,53,61,313
08/30/2000,MDT,PA,AEA,EN,Towers with Radar,61,106,53,10,230,0,1,6,0,7,61,107,59,10,237,0,40,40,277
08/31/2000,MDT,PA,AEA,EN,Towers with Radar,58,102,39,6,205,0,0,10,0,10,58,102,49,6,215,0,29,29,244
09/01/2000,MDT,PA,AEA,EN,Towers with Radar,62,91,39,3,195,1,0,9,0,10,63,91,48,3,205,0,0,0,205
09/02/2000,MDT,PA,AEA,EN,Towers with Radar,47,66,14,0,127,1,0,5,0,6,48,66,19,0,133,2,0,2,135
09/03/2000,MDT,PA,AEA,EN,Towers with Radar,33,51,14,2,100,1,0,1,0,2,34,51,15,2,102,8,0,8,110
09/04/2000,MDT,PA,AEA,EN,Towers with Radar,46,68,15,0,129,1,0,9,0,10,47,68,24,0,139,0,0,0,139
09/05/2000,MDT,PA,AEA,EN,Towers with Radar,56,83,40,5,184,0,0,15,1,16,56,83,55,6,200,134,0,134,334
09/06/2000,MDT,PA,AEA,EN,Towers with Radar,61,98,42,20,221,0,3,18,0,21,61,101,60,20,242,11,71,82,324
09/07/2000,MDT,PA,AEA,EN,Towers with Radar,53,98,31,18,200,0,2,36,0,38,53,100,67,18,238,10,34,44,282
09/08/2000,MDT,PA,AEA,EN,Towers with Radar,64,97,40,7,208,0,2,35,0,37,64,99,75,7,245,0,0,0,245
09/09/2000,MDT,PA,AEA,EN,Towers with Radar,52,70,19,1,142,0,0,18,0,18,52,70,37,1,160,2,6,8,168
09/10/2000,MDT,PA,AEA,EN,Towers with Radar,39,66,12,4,121,0,0,7,0,7,39,66,19,4,128,4,6,10,138
09/11/2000,MDT,PA,AEA,EN,Towers with Radar,37,91,45,10,183,0,0,6,0,6,37,91,51,10,189,0,0,0,189
09/12/2000,MDT,PA,AEA,EN,Towers with Radar,66,97,56,18,237,0,1,5,0,6,66,98,61,18,243,88,8,96,339
09/13/2000,MDT,PA,AEA,EN,Towers with Radar,60,105,59,14,238,0,2,35,4,41,60,107,94,18,279,86,0,86,365
09/14/2000,MDT,PA,AEA,EN,Towers with Radar,59,91,60,31,241,0,1,31,0,32,59,92,91,31,273,4,56,60,333
09/15/2000,MDT,PA,AEA,EN,Towers with Radar,78,105,47,9,239,0,0,2,0,2,78,105,49,9,241,14,6,20,261
09/16/2000,MDT,PA,AEA,EN,Towers with Radar,53,73,19,7,152,0,0,17,0,17,53,73,36,7,169,10,10,20,189
09/17/2000,MDT,PA,AEA,EN,Towers with Radar,44,66,19,8,137,0,1,12,0,13,44,67,31,8,150,16,8,24,174
09/18/2000,MDT,PA,AEA,EN,Towers with Radar,46,78,32,6,162,0,11,46,0,57,46,89,78,6,219,16,24,40,259
09/19/2000,MDT,PA,AEA,EN,Towers with Radar,67,96,58,3,224,0,1,0,0,1,67,97,58,3,225,16,0,16,241
09/20/2000,MDT,PA,AEA,EN,Towers with Radar,55,91,47,14,207,0,0,21,0,21,55,91,68,14,228,12,16,28,256
09/21/2000,MDT,PA,AEA,EN,Towers with Radar,68,105,46,6,225,0,2,26,0,28,68,107,72,6,253,14,24,38,291
09/22/2000,MDT,PA,AEA,EN,Towers with Radar,60,100,49,3,212,0,1,24,0,25,60,101,73,3,237,8,8,16,253
09/23/2000,MDT,PA,AEA,EN,Towers with Radar,51,71,25,2,149,0,0,3,0,3,51,71,28,2,152,2,6,8,160
09/24/2000,MDT,PA,AEA,EN,Towers with Radar,41,67,30,3,141,0,0,5,0,5,41,67,35,3,146,0,0,0,146
09/25/2000,MDT,PA,AEA,EN,Towers with Radar,40,85,49,9,183,0,1,14,0,15,40,86,63,9,198,23,38,61,259
09/26/2000,MDT,PA,AEA,EN,Towers with Radar,63,89,48,4,204,0,1,9,0,10,63,90,57,4,214,0,2,2,216
09/27/2000,MDT,PA,AEA,EN,Towers with Radar,62,93,36,15,206,0,2,31,0,33,62,95,67,15,239,4,36,40,279
09/28/2000,MDT,PA,AEA,EN,Towers with Radar,64,94,42,7,207,0,2,18,0,20,64,96,60,7,227,24,0,24,251
09/29/2000,MDT,PA,AEA,EN,Towers with Radar,53,95,32,4,184,0,1,43,0,44,53,96,75,4,228,8,8,16,244
09/30/2000,MDT,PA,AEA,EN,Towers with Radar,44,58,14,2,118,0,3,7,2,12,44,61,21,4,130,6,0,6,136
10/01/2000,MDT,PA,AEA,EN,Towers with Radar,44,61,34,5,144,0,0,10,0,10,44,61,44,5,154,0,0,0,154
10/02/2000,MDT,PA,AEA,EN,Towers with Radar,38,70,34,2,144,0,1,6,0,7,38,71,40,2,151,4,0,4,155
10/03/2000,MDT,PA,AEA,EN,Towers with Radar,59,93,63,13,228,0,0,17,0,17,59,93,80,13,245,8,28,36,281
10/04/2000,MDT,PA,AEA,EN,Towers with Radar,69,108,74,10,261,0,0,18,0,18,69,108,92,10,279,10,0,10,289
10/05/2000,MDT,PA,AEA,EN,Towers with Radar,66,98,77,12,253,0,0,13,0,13,66,98,90,12,266,0,26,26,292
10/06/2000,MDT,PA,AEA,EN,Towers with Radar,56,104,55,9,224,0,0,4,0,4,56,104,59,9,228,6,28,34,262
10/07/2000,MDT,PA,AEA,EN,Towers with Radar,49,77,35,0,161,0,0,18,0,18,49,77,53,0,179,20,4,24,203
10/08/2000,MDT,PA,AEA,EN,Towers with Radar,40,65,22,0,127,0,0,6,0,6,40,65,28,0,133,2,0,2,135
10/09/2000,MDT,PA,AEA,EN,Towers with Radar,47,82,32,1,162,0,3,9,0,12,47,85,41,1,174,12,6,18,192
10/10/2000,MDT,PA,AEA,EN,Towers with Radar,67,101,52,10,230,0,0,23,2,25,67,101,75,12,255,4,2,6,261
10/11/2000,MDT,PA,AEA,EN,Towers with Radar,65,97,54,8,224,0,5,31,0,36,65,102,85,8,260,0,22,22,282
10/12/2000,MDT,PA,AEA,EN,Towers with Radar,61,111,61,15,248,0,3,32,0,35,61,114,93,15,283,8,63,71,354
10/13/2000,MDT,PA,AEA,EN,Towers with Radar,60,110,36,7,213,0,4,31,0,35,60,114,67,7,248,2,16,18,266
10/14/2000,MDT,PA,AEA,EN,Towers with Radar,52,76,18,2,148,0,1,18,0,19,52,77,36,2,167,0,20,20,187
10/15/2000,MDT,PA,AEA,EN,Towers with Radar,43,69,34,5,151,0,1,10,0,11,43,70,44,5,162,2,6,8,170
10/16/2000,MDT,PA,AEA,EN,Towers with Radar,52,92,53,2,199,0,1,0,0,1,52,93,53,2,200,4,0,4,204
10/17/2000,MDT,PA,AEA,EN,Towers with Radar,59,95,59,21,234,0,0,0,0,0,59,95,59,21,234,2,4,6,240
10/18/2000,MDT,PA,AEA,EN,Towers with Radar,63,106,56,8,233,0,0,12,0,12,63,106,68,8,245,0,46,46,291
10/19/2000,MDT,PA,AEA,EN,Towers with Radar,69,93,46,11,219,0,3,29,0,32,69,96,75,11,251,0,24,24,275
10/20/2000,MDT,PA,AEA,EN,Towers with Radar,65,106,48,8,227,0,3,32,2,37,65,109,80,10,264,12,0,12,276
10/21/2000,MDT,PA,AEA,EN,Towers with Radar,57,67,31,5,160,0,1,18,1,20,57,68,49,6,180,2,0,2,182
10/22/2000,MDT,PA,AEA,EN,Towers with Radar,50,56,23,5,134,0,3,14,0,17,50,59,37,5,151,0,0,0,151
10/23/2000,MDT,PA,AEA,EN,Towers with Radar,56,83,49,7,195,0,4,12,0,16,56,87,61,7,211,10,12,22,233
10/24/2000,MDT,PA,AEA,EN,Towers with Radar,66,90,37,2,195,0,1,16,0,17,66,91,53,2,212,2,22,24,236
10/25/2000,MDT,PA,AEA,EN,Towers with Radar,60,107,48,7,222,0,2,23,0,25,60,109,71,7,247,4,22,26,273
10/26/2000,MDT,PA,AEA,EN,Towers with Radar,58,109,44,4,215,0,3,8,0,11,58,112,52,4,226,1,14,15,241
10/27/2000,MDT,PA,AEA,EN,Towers with Radar,59,102,40,6,207,0,0,10,0,10,59,102,50,6,217,0,0,0,217
10/28/2000,MDT,PA,AEA,EN,Towers with Radar,52,73,12,3,140,0,0,7,0,7,52,73,19,3,147,16,2,18,165
10/29/2000,MDT,PA,AEA,EN,Towers with Radar,36,64,10,1,111,0,0,12,0,12,36,64,22,1,123,0,2,2,125
10/30/2000,MDT,PA,AEA,EN,Towers with Radar,50,86,23,8,167,0,1,18,4,23,50,87,41,12,190,0,8,8,198
10/31/2000,MDT,PA,AEA,EN,Towers with Radar,64,95,32,3,194,0,0,20,0,20,64,95,52,3,214,2,12,14,228
11/01/2000,MDT,PA,AEA,EN,Towers with Radar,69,102,32,1,204,0,0,22,0,22,69,102,54,1,226,104,6,110,336
11/02/2000,MDT,PA,AEA,EN,Towers with Radar,57,92,48,4,201,0,2,55,2,59,57,94,103,6,260,7,6,13,273
11/03/2000,MDT,PA,AEA,EN,Towers with Radar,62,78,30,9,179,0,1,35,0,36,62,79,65,9,215,16,20,36,251
11/04/2000,MDT,PA,AEA,EN,Towers with Radar,50,71,17,4,142,0,0,18,0,18,50,71,35,4,160,2,12,14,174
11/05/2000,MDT,PA,AEA,EN,Towers with Radar,41,68,16,9,134,0,2,17,1,20,41,70,33,10,154,0,2,2,156
11/06/2000,MDT,PA,AEA,EN,Towers with Radar,40,98,48,4,190,0,0,21,0,21,40,98,69,4,211,8,18,26,237
11/07/2000,MDT,PA,AEA,EN,Towers with Radar,72,94,36,8,210,0,1,34,0,35,72,95,70,8,245,12,26,38,283
11/08/2000,MDT,PA,AEA,EN,Towers with Radar,61,96,39,12,208,0,0,56,0,56,61,96,95,12,264,2,22,24,288
11/09/2000,MDT,PA,AEA,EN,Towers with Radar,61,117,48,15,241,0,0,11,0,11,61,117,59,15,252,2,24,26,278
11/10/2000,MDT,PA,AEA,EN,Towers with Radar,55,114,42,0,211,0,0,5,0,5,55,114,47,0,216,2,0,2,218
11/11/2000,MDT,PA,AEA,EN,Towers with Radar,52,75,14,0,141,0,0,0,0,0,52,75,14,0,141,8,0,8,149
11/12/2000,MDT,PA,AEA,EN,Towers with Radar,40,66,28,0,134,0,0,12,0,12,40,66,40,0,146,3,0,3,149
11/13/2000,MDT,PA,AEA,EN,Towers with Radar,50,91,35,5,181,0,0,15,2,17,50,91,50,7,198,0,0,0,198
11/14/2000,MDT,PA,AEA,EN,Towers with Radar,63,110,38,17,228,0,0,6,0,6,63,110,44,17,234,114,56,170,404
11/15/2000,MDT,PA,AEA,EN,Towers with Radar,66,102,51,19,238,0,0,15,0,15,66,102,66,19,253,2,14,16,269
11/16/2000,MDT,PA,AEA,EN,Towers with Radar,59,113,60,14,246,0,0,29,0,29,59,113,89,14,275,5,64,69,344
11/17/2000,MDT,PA,AEA,EN,Towers with Radar,56,94,36,13,199,0,0,19,0,19,56,94,55,13,218,1,4,5,223
11/18/2000,MDT,PA,AEA,EN,Towers with Radar,48,74,17,1,140,0,0,22,2,24,48,74,39,3,164,0,4,4,168
11/19/2000,MDT,PA,AEA,EN,Towers with Radar,43,68,9,4,124,0,0,6,0,6,43,68,15,4,130,6,0,6,136
11/20/2000,MDT,PA,AEA,EN,Towers with Radar,49,88,34,14,185,0,0,14,0,14,49,88,48,14,199,3,30,33,232
11/21/2000,MDT,PA,AEA,EN,Towers with Radar,66,100,34,20,220,0,0,15,0,15,66,100,49,20,235,4,24,28,263
11/22/2000,MDT,PA,AEA,EN,Towers with Radar,69,96,41,10,216,0,1,20,0,21,69,97,61,10,237,8,42,50,287
11/23/2000,MDT,PA,AEA,EN,Towers with Radar,29,48,17,0,94,17,25,6,0,48,46,73,23,0,142,6,0,6,148
11/24/2000,MDT,PA,AEA,EN,Towers with Radar,32,61,15,0,108,0,0,11,0,11,32,61,26,0,119,0,0,0,119
11/25/2000,MDT,PA,AEA,EN,Towers with Radar,45,62,15,0,122,0,0,0,0,0,45,62,15,0,122,22,0,22,144
11/26/2000,MDT,PA,AEA,EN,Towers with Radar,43,61,16,0,120,0,0,0,0,0,43,61,16,0,120,2,0,2,122
11/27/2000,MDT,PA,AEA,EN,Towers with Radar,46,77,28,5,156,0,9,7,0,16,46,86,35,5,172,4,0,4,176
11/28/2000,MDT,PA,AEA,EN,Towers with Radar,70,105,50,24,249,0,0,24,0,24,70,105,74,24,273,2,42,44,317
11/29/2000,MDT,PA,AEA,EN,Towers with Radar,59,102,43,25,229,0,0,6,0,6,59,102,49,25,235,6,36,42,277
11/30/2000,MDT,PA,AEA,EN,Towers with Radar,63,108,26,25,222,0,0,12,0,12,63,108,38,25,234,0,50,50,284
12/01/2000,MDT,PA,AEA,EN,Towers with Radar,59,94,31,11,195,0,1,22,0,23,59,95,53,11,218,2,14,16,234
12/02/2000,MDT,PA,AEA,EN,Towers with Radar,54,76,14,4,148,0,1,9,0,10,54,77,23,4,158,4,4,8,166
12/03/2000,MDT,PA,AEA,EN,Towers with Radar,41,63,10,3,117,0,3,17,0,20,41,66,27,3,137,2,6,8,145
12/04/2000,MDT,PA,AEA,EN,Towers with Radar,50,80,41,17,188,0,4,36,0,40,50,84,77,17,228,8,26,34,262
12/05/2000,MDT,PA,AEA,EN,Towers with Radar,55,93,51,18,217,0,1,27,0,28,55,94,78,18,245,8,32,40,285
12/06/2000,MDT,PA,AEA,EN,Towers with Radar,60,104,40,22,226,0,3,36,0,39,60,107,76,22,265,15,25,40,305
12/07/2000,MDT,PA,AEA,EN,Towers with Radar,53,112,41,8,214,0,2,37,0,39,53,114,78,8,253,2,42,44,297
12/08/2000,MDT,PA,AEA,EN,Towers with Radar,55,110,47,16,228,0,0,15,0,15,55,110,62,16,243,0,2,2,245
12/09/2000,MDT,PA,AEA,EN,Towers with Radar,54,74,19,2,149,0,1,24,0,25,54,75,43,2,174,0,10,10,184
12/10/2000,MDT,PA,AEA,EN,Towers with Radar,44,61,26,8,139,0,0,9,0,9,44,61,35,8,148,0,0,0,148
12/11/2000,MDT,PA,AEA,EN,Towers with Radar,47,87,38,10,182,0,2,12,2,16,47,89,50,12,198,6,4,10,208
12/12/2000,MDT,PA,AEA,EN,Towers with Radar,56,89,39,8,192,0,0,8,0,8,56,89,47,8,200,0,8,8,208
12/13/2000,MDT,PA,AEA,EN,Towers with Radar,48,103,38,12,201,0,1,32,0,33,48,104,70,12,234,0,18,18,252
12/14/2000,MDT,PA,AEA,EN,Towers with Radar,59,95,35,12,201,0,1,3,0,4,59,96,38,12,205,2,34,36,241
12/15/2000,MDT,PA,AEA,EN,Towers with Radar,61,101,34,8,204,0,0,17,0,17,61,101,51,8,221,12,18,30,251
12/16/2000,MDT,PA,AEA,EN,Towers with Radar,48,74,10,0,132,0,3,0,0,3,48,77,10,0,135,2,0,2,137
12/17/2000,MDT,PA,AEA,EN,Towers with Radar,41,54,1,0,96,0,0,2,0,2,41,54,3,0,98,0,0,0,98
12/18/2000,MDT,PA,AEA,EN,Towers with Radar,35,92,39,10,176,0,0,37,0,37,35,92,76,10,213,22,18,40,253
12/19/2000,MDT,PA,AEA,EN,Towers with Radar,63,95,32,6,196,0,0,3,0,3,63,95,35,6,199,4,0,4,203
12/20/2000,MDT,PA,AEA,EN,Towers with Radar,61,96,48,7,212,0,3,17,0,20,61,99,65,7,232,0,25,25,257
12/21/2000,MDT,PA,AEA,EN,Towers with Radar,58,120,32,12,222,0,1,11,0,12,58,121,43,12,234,28,66,94,328
12/22/2000,MDT,PA,AEA,EN,Towers with Radar,63,94,23,0,180,0,1,2,0,3,63,95,25,0,183,16,0,16,199
12/23/2000,MDT,PA,AEA,EN,Towers with Radar,52,74,4,0,130,0,0,12,0,12,52,74,16,0,142,0,0,0,142
12/24/2000,MDT,PA,AEA,EN,Towers with Radar,35,50,5,0,90,0,0,2,0,2,35,50,7,0,92,2,0,2,94
12/25/2000,MDT,PA,AEA,EN,Towers with Radar,29,50,0,0,79,0,0,2,0,2,29,50,2,0,81,0,0,0,81
12/26/2000,MDT,PA,AEA,EN,Towers with Radar,42,79,2,11,134,0,1,14,0,15,42,80,16,11,149,2,50,52,201
12/27/2000,MDT,PA,AEA,EN,Towers with Radar,54,85,21,5,165,4,0,0,0,4,58,85,21,5,169,22,40,62,231
12/28/2000,MDT,PA,AEA,EN,Towers with Radar,54,88,26,11,179,3,0,5,9,17,57,88,31,20,196,11,59,70,266
12/29/2000,MDT,PA,AEA,EN,Towers with Radar,53,84,12,7,156,0,1,11,0,12,53,85,23,7,168,8,22,30,198
12/30/2000,MDT,PA,AEA,EN,Towers with Radar,52,63,6,0,121,0,0,4,0,4,52,63,10,0,125,4,0,4,129
12/31/2000,MDT,PA,AEA,EN,Towers with Radar,33,52,7,0,92,0,0,4,0,4,33,52,11,0,96,0,0,0,96
01/01/2001,MDT,PA,AEA,EN,Towers with Radar,38,62,2,0,102,0,0,1,0,1,38,62,3,0,103,0,0,0,103
01/02/2001,MDT,PA,AEA,EN,Towers with Radar,55,91,24,22,192,0,1,16,0,17,55,92,40,22,209,6,64,70,279
01/03/2001,MDT,PA,AEA,EN,Towers with Radar,58,98,31,14,201,0,1,17,0,18,58,99,48,14,219,10,36,46,265
01/04/2001,MDT,PA,AEA,EN,Towers with Radar,51,97,35,5,188,0,2,9,0,11,51,99,44,5,199,8,4,12,211
01/05/2001,MDT,PA,AEA,EN,Towers with Radar,59,86,18,5,168,0,4,2,0,6,59,90,20,5,174,4,4,8,182
01/06/2001,MDT,PA,AEA,EN,Towers with Radar,47,73,18,11,149,0,0,9,0,9,47,73,27,11,158,16,30,46,204
01/07/2001,MDT,PA,AEA,EN,Towers with Radar,39,63,9,5,116,0,0,19,0,19,39,63,28,5,135,8,32,40,175
01/08/2001,MDT,PA,AEA,EN,Towers with Radar,41,85,33,5,164,0,0,4,0,4,41,85,37,5,168,4,2,6,174
01/09/2001,MDT,PA,AEA,EN,Towers with Radar,56,88,34,12,190,0,0,8,0,8,56,88,42,12,198,16,60,76,274
01/10/2001,MDT,PA,AEA,EN,Towers with Radar,55,91,52,11,209,0,1,22,0,23,55,92,74,11,232,4,20,24,256
01/11/2001,MDT,PA,AEA,EN,Towers with Radar,53,104,46,18,221,0,0,13,0,13,53,104,59,18,234,6,43,49,283
01/12/2001,MDT,PA,AEA,EN,Towers with Radar,49,85,33,7,174,0,2,11,0,13,49,87,44,7,187,0,30,30,217
01/13/2001,MDT,PA,AEA,EN,Towers with Radar,47,66,19,1,133,0,1,0,0,1,47,67,19,1,134,21,0,21,155
01/14/2001,MDT,PA,AEA,EN,Towers with Radar,39,65,25,2,131,0,0,5,2,7,39,65,30,4,138,20,8,28,166
01/15/2001,MDT,PA,AEA,EN,Towers with Radar,27,42,17,2,88,0,0,0,0,0,27,42,17,2,88,0,0,0,88
01/16/2001,MDT,PA,AEA,EN,Towers with Radar,44,92,51,7,194,0,0,4,0,4,44,92,55,7,198,28,48,76,274
01/17/2001,MDT,PA,AEA,EN,Towers with Radar,60,95,48,10,213,0,1,11,0,12,60,96,59,10,225,14,24,38,263
01/18/2001,MDT,PA,AEA,EN,Towers with Radar,59,103,47,12,221,0,0,1,0,1,59,103,48,12,222,4,0,4,226
01/19/2001,MDT,PA,AEA,EN,Towers with Radar,53,94,31,5,183,0,1,0,0,1,53,95,31,5,184,0,0,0,184
01/20/2001,MDT,PA,AEA,EN,Towers with Radar,49,64,6,2,121,0,0,2,0,2,49,64,8,2,123,0,0,0,123
01/21/2001,MDT,PA,AEA,EN,Towers with Radar,37,63,12,2,114,0,0,2,0,2,37,63,14,2,116,0,0,0,116
01/22/2001,MDT,PA,AEA,EN,Towers with Radar,43,89,24,6,162,0,0,11,0,11,43,89,35,6,173,4,0,4,177
01/23/2001,MDT,PA,AEA,EN,Towers with Radar,60,101,43,8,212,0,0,21,0,21,60,101,64,8,233,2,16,18,251
01/24/2001,MDT,PA,AEA,EN,Towers with Radar,62,101,32,5,200,0,2,11,0,13,62,103,43,5,213,2,4,6,219
01/25/2001,MDT,PA,AEA,EN,Towers with Radar,65,93,41,8,207,0,1,8,0,9,65,94,49,8,216,0,40,40,256
01/26/2001,MDT,PA,AEA,EN,Towers with Radar,52,97,13,15,177,0,5,10,1,16,52,102,23,16,193,8,8,16,209
01/27/2001,MDT,PA,AEA,EN,Towers with Radar,54,65,7,3,129,0,1,1,0,2,54,66,8,3,131,6,0,6,137
01/28/2001,MDT,PA,AEA,EN,Towers with Radar,43,67,9,8,127,0,1,9,0,10,43,68,18,8,137,20,0,20,157
01/29/2001,MDT,PA,AEA,EN,Towers with Radar,40,83,34,5,162,0,0,9,0,9,40,83,43,5,171,8,20,28,199
01/30/2001,MDT,PA,AEA,EN,Towers with Radar,65,88,39,7,199,0,0,1,0,1,65,88,40,7,200,2,0,2,202
01/31/2001,MDT,PA,AEA,EN,Towers with Radar,60,94,45,13,212,0,0,4,0,4,60,94,49,13,216,4,36,40,256
02/01/2001,MDT,PA,AEA,EN,Towers with Radar,58,96,34,15,203,1,1,12,0,14,59,97,46,15,217,12,70,82,299
02/02/2001,MDT,PA,AEA,EN,Towers with Radar,59,88,16,12,175,1,0,12,0,13,60,88,28,12,188,0,0,0,188
02/03/2001,MDT,PA,AEA,EN,Towers with Radar,51,73,23,1,148,1,0,12,0,13,52,73,35,1,161,10,10,20,181
02/04/2001,MDT,PA,AEA,EN,Towers with Radar,32,58,26,2,118,0,0,7,0,7,32,58,33,2,125,14,0,14,139
02/05/2001,MDT,PA,AEA,EN,Towers with Radar,31,59,20,2,112,1,2,0,0,3,32,61,20,2,115,0,0,0,115
02/06/2001,MDT,PA,AEA,EN,Towers with Radar,55,88,46,20,209,1,0,15,0,16,56,88,61,20,225,6,40,46,271
02/07/2001,MDT,PA,AEA,EN,Towers with Radar,63,90,38,30,221,1,2,21,0,24,64,92,59,30,245,4,50,54,299
02/08/2001,MDT,PA,AEA,EN,Towers with Radar,57,83,42,15,197,1,0,21,0,22,58,83,63,15,219,2,70,72,291
02/09/2001,MDT,PA,AEA,EN,Towers with Radar,51,88,26,13,178,1,1,17,0,19,52,89,43,13,197,2,20,22,219
02/10/2001,MDT,PA,AEA,EN,Towers with Radar,57,75,5,2,139,1,1,3,0,5,58,76,8,2,144,0,0,0,144
02/11/2001,MDT,PA,AEA,EN,Towers with Radar,41,63,10,1,115,1,0,17,3,21,42,63,27,4,136,6,0,6,142
02/12/2001,MDT,PA,AEA,EN,Towers with Radar,51,74,23,10,158,0,1,20,0,21,51,75,43,10,179,6,4,10,189
02/13/2001,MDT,PA,AEA,EN,Towers with Radar,66,84,40,14,204,0,1,11,0,12,66,85,51,14,216,0,32,32,248
02/14/2001,MDT,PA,AEA,EN,Towers with Radar,58,92,33,1,184,0,1,0,0,1,58,93,33,1,185,2,18,20,205
02/15/2001,MDT,PA,AEA,EN,Towers with Radar,62,90,44,17,213,0,1,18,0,19,62,91,62,17,232,10,44,54,286
02/16/2001,MDT,PA,AEA,EN,Towers with Radar,58,85,27,2,172,0,1,1,0,2,58,86,28,2,174,4,2,6,180
02/17/2001,MDT,PA,AEA,EN,Towers with Radar,57,70,6,0,133,0,1,0,7,8,57,71,6,7,141,0,0,0,141
02/18/2001,MDT,PA,AEA,EN,Towers with Radar,41,61,19,0,121,0,1,3,0,4,41,62,22,0,125,12,2,14,139
02/19/2001,MDT,PA,AEA,EN,Towers with Radar,50,78,48,0,176,0,1,19,0,20,50,79,67,0,196,8,0,8,204
02/20/2001,MDT,PA,AEA,EN,Towers with Radar,63,77,39,13,192,0,0,22,0,22,63,77,61,13,214,0,18,18,232
02/21/2001,MDT,PA,AEA,EN,Towers with Radar,58,99,27,10,194,0,2,25,0,27,58,101,52,10,221,0,2,2,223
02/22/2001,MDT,PA,AEA,EN,Towers with Radar,58,81,37,11,187,0,0,7,0,7,58,81,44,11,194,6,4,10,204
02/23/2001,MDT,PA,AEA,EN,Towers with Radar,53,82,48,24,207,0,0,17,2,19,53,82,65,26,226,14,10,24,250
02/24/2001,MDT,PA,AEA,EN,Towers with Radar,50,67,32,2,151,0,0,13,0,13,50,67,45,2,164,10,6,16,180
02/25/2001,MDT,PA,AEA,EN,Towers with Radar,37,48,14,7,106,0,0,1,1,2,37,48,15,8,108,0,0,0,108
02/26/2001,MDT,PA,AEA,EN,Towers with Radar,42,68,29,12,151,0,0,14,0,14,42,68,43,12,165,2,46,48,213
02/27/2001,MDT,PA,AEA,EN,Towers with Radar,53,91,39,18,201,0,1,13,0,14,53,92,52,18,215,14,72,86,301
02/28/2001,MDT,PA,AEA,EN,Towers with Radar,55,94,50,23,222,0,3,21,0,24,55,97,71,23,246,6,54,60,306
03/01/2001,MDT,PA,AEA,EN,Towers with Radar,53,91,32,14,190,0,3,19,0,22,53,94,51,14,212,16,28,44,256
03/02/2001,MDT,PA,AEA,EN,Towers with Radar,53,89,29,11,182,0,0,8,0,8,53,89,37,11,190,8,6,14,204
03/03/2001,MDT,PA,AEA,EN,Towers with Radar,55,68,23,11,157,0,0,13,1,14,55,68,36,12,171,28,0,28,199
03/04/2001,MDT,PA,AEA,EN,Towers with Radar,35,56,7,3,101,0,0,0,0,0,35,56,7,3,101,0,0,0,101
03/05/2001,MDT,PA,AEA,EN,Towers with Radar,22,33,15,0,70,0,1,1,0,2,22,34,16,0,72,0,0,0,72
03/06/2001,MDT,PA,AEA,EN,Towers with Radar,47,67,27,1,142,0,0,7,0,7,47,67,34,1,149,0,0,0,149
03/07/2001,MDT,PA,AEA,EN,Towers with Radar,53,86,39,17,195,0,1,30,0,31,53,87,69,17,226,2,14,16,242
03/08/2001,MDT,PA,AEA,EN,Towers with Radar,59,87,42,13,201,0,2,16,0,18,59,89,58,13,219,6,27,33,252
03/09/2001,MDT,PA,AEA,EN,Towers with Radar,53,92,21,7,173,0,2,1,0,3,53,94,22,7,176,4,8,12,188
03/10/2001,MDT,PA,AEA,EN,Towers with Radar,44,66,17,4,131,0,1,6,0,7,44,67,23,4,138,10,4,14,152
03/11/2001,MDT,PA,AEA,EN,Towers with Radar,40,65,20,0,125,0,0,8,0,8,40,65,28,0,133,15,8,23,156
03/12/2001,MDT,PA,AEA,EN,Towers with Radar,43,75,29,9,156,0,2,16,0,18,43,77,45,9,174,2,0,2,176
03/13/2001,MDT,PA,AEA,EN,Towers with Radar,61,95,64,8,228,0,0,4,0,4,61,95,68,8,232,2,2,4,236
03/14/2001,MDT,PA,AEA,EN,Towers with Radar,59,89,45,11,204,0,2,22,0,24,59,91,67,11,228,0,12,12,240
03/15/2001,MDT,PA,AEA,EN,Towers with Radar,57,100,45,16,218,0,0,15,0,15,57,100,60,16,233,12,110,122,355
03/16/2001,MDT,PA,AEA,EN,Towers with Radar,62,100,33,5,200,0,0,10,0,10,62,100,43,5,210,0,10,10,220
03/17/2001,MDT,PA,AEA,EN,Towers with Radar,43,67,15,0,125,0,0,0,0,0,43,67,15,0,125,0,20,20,145
03/18/2001,MDT,PA,AEA,EN,Towers with Radar,46,64,8,3,121,0,0,7,1,8,46,64,15,4,129,0,0,0,129
03/19/2001,MDT,PA,AEA,EN,Towers with Radar,46,89,35,1,171,0,0,11,1,12,46,89,46,2,183,16,0,16,199
03/20/2001,MDT,PA,AEA,EN,Towers with Radar,56,87,45,9,197,0,2,43,0,45,56,89,88,9,242,10,16,26,268
03/21/2001,MDT,PA,AEA,EN,Towers with Radar,73,89,29,4,195,0,0,5,0,5,73,89,34,4,200,0,0,0,200
03/22/2001,MDT,PA,AEA,EN,Towers with Radar,55,89,41,4,189,0,2,12,0,14,55,91,53,4,203,2,18,20,223
03/23/2001,MDT,PA,AEA,EN,Towers with Radar,59,92,32,7,190,0,1,19,0,20,59,93,51,7,210,16,12,28,238
03/24/2001,MDT,PA,AEA,EN,Towers with Radar,46,71,12,6,135,0,1,5,0,6,46,72,17,6,141,4,6,10,151
03/25/2001,MDT,PA,AEA,EN,Towers with Radar,39,63,19,3,124,0,4,14,1,19,39,67,33,4,143,30,0,30,173
03/26/2001,MDT,PA,AEA,EN,Towers with Radar,44,75,23,9,151,0,2,8,0,10,44,77,31,9,161,2,20,22,183
03/27/2001,MDT,PA,AEA,EN,Towers with Radar,56,83,46,17,202,0,3,35,0,38,56,86,81,17,240,0,24,24,264
03/28/2001,MDT,PA,AEA,EN,Towers with Radar,53,94,54,24,225,0,2,32,0,34,53,96,86,24,259,2,32,34,293
03/29/2001,MDT,PA,AEA,EN,Towers with Radar,51,85,52,15,203,0,0,0,0,0,51,85,52,15,203,12,17,29,232
03/30/2001,MDT,PA,AEA,EN,Towers with Radar,53,89,34,2,178,0,1,2,1,4,53,90,36,3,182,48,0,48,230
03/31/2001,MDT,PA,AEA,EN,Towers with Radar,49,56,17,9,131,0,0,2,0,2,49,56,19,9,133,2,5,7,140
04/01/2001,MDT,PA,AEA,EN,Towers with Radar,37,61,15,2,115,0,0,0,0,0,37,61,15,2,115,2,0,2,117
04/02/2001,MDT,PA,AEA,EN,Towers with Radar,47,81,51,0,179,0,1,0,0,1,47,82,51,0,180,24,0,24,204
04/03/2001,MDT,PA,AEA,EN,Towers with Radar,51,90,55,36,232,0,0,23,0,23,51,90,78,36,255,8,92,100,355
04/04/2001,MDT,PA,AEA,EN,Towers with Radar,60,97,43,18,218,0,0,18,0,18,60,97,61,18,236,8,38,46,282
04/05/2001,MDT,PA,AEA,EN,Towers with Radar,57,98,41,21,217,0,6,35,0,41,57,104,76,21,258,14,56,70,328
04/06/2001,MDT,PA,AEA,EN,Towers with Radar,46,85,47,9,187,0,2,6,0,8,46,87,53,9,195,0,0,0,195
04/07/2001,MDT,PA,AEA,EN,Towers with Radar,42,64,39,4,149,0,0,1,0,1,42,64,40,4,150,8,0,8,158
04/08/2001,MDT,PA,AEA,EN,Towers with Radar,38,61,19,15,133,0,0,1,0,1,38,61,20,15,134,0,2,2,136
04/09/2001,MDT,PA,AEA,EN,Towers with Radar,46,70,33,5,154,0,2,14,1,17,46,72,47,6,171,8,0,8,179
04/10/2001,MDT,PA,AEA,EN,Towers with Radar,66,87,44,12,209,0,0,28,0,28,66,87,72,12,237,2,31,33,270
04/11/2001,MDT,PA,AEA,EN,Towers with Radar,54,96,54,7,211,0,1,6,0,7,54,97,60,7,218,0,42,42,260
04/12/2001,MDT,PA,AEA,EN,Towers with Radar,52,78,50,5,185,0,0,4,0,4,52,78,54,5,189,6,52,58,247
04/13/2001,MDT,PA,AEA,EN,Towers with Radar,53,86,24,3,166,0,2,13,0,15,53,88,37,3,181,20,14,34,215
04/14/2001,MDT,PA,AEA,EN,Towers with Radar,46,59,11,4,120,0,1,23,1,25,46,60,34,5,145,40,0,40,185
04/15/2001,MDT,PA,AEA,EN,Towers with Radar,38,48,10,0,96,0,0,8,0,8,38,48,18,0,104,0,0,0,104
04/16/2001,MDT,PA,AEA,EN,Towers with Radar,43,79,34,3,159,0,0,10,0,10,43,79,44,3,169,0,22,22,191
04/17/2001,MDT,PA,AEA,EN,Towers with Radar,58,83,37,17,195,0,0,13,0,13,58,83,50,17,208,10,22,32,240
04/18/2001,MDT,PA,AEA,EN,Towers with Radar,55,83,43,15,196,0,1,15,0,16,55,84,58,15,212,20,50,70,282
04/19/2001,MDT,PA,AEA,EN,Towers with Radar,58,89,56,22,225,0,3,27,0,30,58,92,83,22,255,14,64,78,333
04/20/2001,MDT,PA,AEA,EN,Towers with Radar,51,77,37,12,177,0,1,10,1,12,51,78,47,13,189,8,5,13,202
04/21/2001,MDT,PA,AEA,EN,Towers with Radar,48,68,16,15,147,0,0,14,0,14,48,68,30,15,161,6,32,38,199
04/22/2001,MDT,PA,AEA,EN,Towers with Radar,40,57,18,6,121,0,0,9,0,9,40,57,27,6,130,18,0,18,148
04/23/2001,MDT,PA,AEA,EN,Towers with Radar,38,71,40,13,162,0,3,22,0,25,38,74,62,13,187,2,22,24,211
04/24/2001,MDT,PA,AEA,EN,Towers with Radar,60,91,38,11,200,0,2,22,0,24,60,93,60,11,224,0,12,12,236
04/25/2001,MDT,PA,AEA,EN,Towers with Radar,53,88,50,7,198,0,8,29,0,37,53,96,79,7,235,8,32,40,275
04/26/2001,MDT,PA,AEA,EN,Towers with Radar,55,84,41,21,201,0,2,27,0,29,55,86,68,21,230,62,24,86,316
04/27/2001,MDT,PA,AEA,EN,Towers with Radar,51,85,45,20,201,0,2,13,0,15,51,87,58,20,216,82,18,100,316
04/28/2001,MDT,PA,AEA,EN,Towers with Radar,45,64,20,5,134,0,1,11,0,12,45,65,31,5,146,8,0,8,154
04/29/2001,MDT,PA,AEA,EN,Towers with Radar,36,50,18,7,111,0,1,21,0,22,36,51,39,7,133,4,0,4,137
04/30/2001,MDT,PA,AEA,EN,Towers with Radar,39,77,32,5,153,0,2,29,0,31,39,79,61,5,184,0,0,0,184
05/01/2001,MDT,PA,AEA,EN,Towers with Radar,53,89,35,4,181,1,0,42,3,46,54,89,77,7,227,2,16,18,245
05/02/2001,MDT,PA,AEA,EN,Towers with Radar,49,94,37,20,200,1,0,19,0,20,50,94,56,20,220,14,48,62,282
05/03/2001,MDT,PA,AEA,EN,Towers with Radar,52,91,33,11,187,1,0,30,0,31,53,91,63,11,218,6,40,46,264
05/04/2001,MDT,PA,AEA,EN,Towers with Radar,54,86,37,10,187,1,0,20,0,21,55,86,57,10,208,3,18,21,229
05/05/2001,MDT,PA,AEA,EN,Towers with Radar,53,62,11,1,127,0,0,15,1,16,53,62,26,2,143,6,0,6,149
05/06/2001,MDT,PA,AEA,EN,Towers with Radar,44,64,35,5,148,0,0,14,0,14,44,64,49,5,162,34,4,38,200
05/07/2001,MDT,PA,AEA,EN,Towers with Radar,44,84,33,10,171,0,2,34,0,36,44,86,67,10,207,76,8,84,291
05/08/2001,MDT,PA,AEA,EN,Towers with Radar,63,104,42,20,229,0,1,26,0,27,63,105,68,20,256,6,54,60,316
05/09/2001,MDT,PA,AEA,EN,Towers with Radar,54,84,34,17,189,0,0,21,0,21,54,84,55,17,210,1,26,27,237
05/10/2001,MDT,PA,AEA,EN,Towers with Radar,57,95,35,27,214,0,2,27,0,29,57,97,62,27,243,33,36,69,312
05/11/2001,MDT,PA,AEA,EN,Towers with Radar,60,91,31,6,188,0,0,35,0,35,60,91,66,6,223,0,18,18,241
05/12/2001,MDT,PA,AEA,EN,Towers with Radar,50,67,11,12,140,0,0,7,1,8,50,67,18,13,148,0,52,52,200
05/13/2001,MDT,PA,AEA,EN,Towers with Radar,37,66,8,3,114,0,0,17,0,17,37,66,25,3,131,2,0,2,133
05/14/2001,MDT,PA,AEA,EN,Towers with Radar,37,82,42,7,168,0,0,28,0,28,37,82,70,7,196,0,10,10,206
05/15/2001,MDT,PA,AEA,EN,Towers with Radar,55,89,40,10,194,0,0,27,0,27,55,89,67,10,221,10,22,32,253
05/16/2001,MDT,PA,AEA,EN,Towers with Radar,54,97,40,23,214,0,0,35,0,35,54,97,75,23,249,18,44,62,311
05/17/2001,MDT,PA,AEA,EN,Towers with Radar,54,97,51,24,226,0,0,19,0,19,54,97,70,24,245,2,34,36,281
05/18/2001,MDT,PA,AEA,EN,Towers with Radar,55,95,46,19,215,0,0,1,0,1,55,95,47,19,216,2,2,4,220
05/19/2001,MDT,PA,AEA,EN,Towers with Radar,47,54,21,10,132,0,2,7,0,9,47,56,28,10,141,0,14,14,155
05/20/2001,MDT,PA,AEA,EN,Towers with Radar,38,69,30,8,145,0,0,2,0,2,38,69,32,8,147,4,2,6,153
05/21/2001,MDT,PA,AEA,EN,Towers with Radar,44,74,52,9,179,0,0,2,0,2,44,74,54,9,181,0,10,10,191
05/22/2001,MDT,PA,AEA,EN,Towers with Radar,61,80,51,10,202,0,0,7,1,8,61,80,58,11,210,2,0,2,212
05/23/2001,MDT,PA,AEA,EN,Towers with Radar,66,95,31,20,212,0,0,16,0,16,66,95,47,20,228,2,32,34,262
05/24/2001,MDT,PA,AEA,EN,Towers with Radar,54,78,52,17,201,0,0,12,0,12,54,78,64,17,213,10,15,25,238
05/25/2001,MDT,PA,AEA,EN,Towers with Radar,50,88,29,0,167,0,0,6,0,6,50,88,35,0,173,0,0,0,173
05/26/2001,MDT,PA,AEA,EN,Towers with Radar,50,64,12,0,126,0,0,0,0,0,50,64,12,0,126,8,0,8,134
05/27/2001,MDT,PA,AEA,EN,Towers with Radar,29,50,5,1,85,0,0,2,0,2,29,50,7,1,87,0,0,0,87
05/28/2001,MDT,PA,AEA,EN,Towers with Radar,34,55,19,0,108,0,14,0,0,14,34,69,19,0,122,0,0,0,122
05/29/2001,MDT,PA,AEA,EN,Towers with Radar,45,78,32,14,169,0,5,20,2,27,45,83,52,16,196,0,38,38,234
05/30/2001,MDT,PA,AEA,EN,Towers with Radar,57,90,34,9,190,0,0,25,0,25,57,90,59,9,215,0,42,42,257
05/31/2001,MDT,PA,AEA,EN,Towers with Radar,57,93,30,22,202,0,0,39,1,40,57,93,69,23,242,10,10,20,262
06/01/2001,MDT,PA,AEA,EN,Towers with Radar,51,89,18,21,179,2,0,10,0,12,53,89,28,21,191,0,50,50,241
06/02/2001,MDT,PA,AEA,EN,Towers with Radar,54,60,14,9,137,1,0,4,0,5,55,60,18,9,142,0,2,2,144
06/03/2001,MDT,PA,AEA,EN,Towers with Radar,36,65,14,11,126,1,0,7,0,8,37,65,21,11,134,0,10,10,144
06/04/2001,MDT,PA,AEA,EN,Towers with Radar,43,85,38,12,178,1,2,17,0,20,44,87,55,12,198,6,6,12,210
06/05/2001,MDT,PA,AEA,EN,Towers with Radar,50,87,33,21,191,1,0,19,0,20,51,87,52,21,211,4,40,44,255
06/06/2001,MDT,PA,AEA,EN,Towers with Radar,47,85,55,12,199,1,2,20,0,23,48,87,75,12,222,2,32,34,256
06/07/2001,MDT,PA,AEA,EN,Towers with Radar,62,84,55,18,219,1,0,26,0,27,63,84,81,18,246,14,64,78,324
06/08/2001,MDT,PA,AEA,EN,Towers with Radar,52,90,27,14,183,0,1,23,0,24,52,91,50,14,207,10,14,24,231
06/09/2001,MDT,PA,AEA,EN,Towers with Radar,54,61,10,2,127,1,0,15,2,18,55,61,25,4,145,8,0,8,153
06/10/2001,MDT,PA,AEA,EN,Towers with Radar,37,61,20,9,127,1,1,26,0,28,38,62,46,9,155,0,12,12,167
06/11/2001,MDT,PA,AEA,EN,Towers with Radar,35,83,45,9,172,1,0,18,1,20,36,83,63,10,192,6,0,6,198
06/12/2001,MDT,PA,AEA,EN,Towers with Radar,62,100,70,9,241,1,0,18,0,19,63,100,88,9,260,11,4,15,275
06/13/2001,MDT,PA,AEA,EN,Towers with Radar,52,101,42,20,215,0,3,30,5,38,52,104,72,25,253,20,4,24,277
06/14/2001,MDT,PA,AEA,EN,Towers with Radar,53,103,64,21,241,1,1,6,0,8,54,104,70,21,249,2,10,12,261
06/15/2001,MDT,PA,AEA,EN,Towers with Radar,51,109,50,12,222,1,0,0,0,1,52,109,50,12,223,2,0,2,225
06/16/2001,MDT,PA,AEA,EN,Towers with Radar,50,57,17,7,131,0,0,0,0,0,50,57,17,7,131,2,0,2,133
06/17/2001,MDT,PA,AEA,EN,Towers with Radar,39,68,19,11,137,1,0,2,0,3,40,68,21,11,140,14,12,26,166
06/18/2001,MDT,PA,AEA,EN,Towers with Radar,43,86,34,21,184,1,0,32,1,34,44,86,66,22,218,18,12,30,248
06/19/2001,MDT,PA,AEA,EN,Towers with Radar,50,95,42,18,205,2,0,16,0,18,52,95,58,18,223,4,54,58,281
06/20/2001,MDT,PA,AEA,EN,Towers with Radar,46,68,52,18,184,2,0,8,2,12,48,68,60,20,196,16,10,26,222
06/21/2001,MDT,PA,AEA,EN,Towers with Radar,45,108,59,11,223,2,0,19,0,21,47,108,78,11,244,0,52,52,296
06/22/2001,MDT,PA,AEA,EN,Towers with Radar,52,89,38,12,191,1,0,0,0,1,53,89,38,12,192,2,6,8,200
06/23/2001,MDT,PA,AEA,EN,Towers with Radar,60,62,14,3,139,1,0,1,0,2,61,62,15,3,141,2,0,2,143
06/24/2001,MDT,PA,AEA,EN,Towers with Radar,37,65,17,7,126,1,0,22,0,23,38,65,39,7,149,0,16,16,165
06/25/2001,MDT,PA,AEA,EN,Towers with Radar,35,81,43,5,164,1,0,33,0,34,36,81,76,5,198,0,30,30,228
06/26/2001,MDT,PA,AEA,EN,Towers with Radar,55,88,32,28,203,1,1,27,0,29,56,89,59,28,232,0,68,68,300
06/27/2001,MDT,PA,AEA,EN,Towers with Radar,49,87,45,12,193,1,1,26,0,28,50,88,71,12,221,10,28,38,259
06/28/2001,MDT,PA,AEA,EN,Towers with Radar,53,103,45,14,215,1,1,27,0,29,54,104,72,14,244,2,40,42,286
06/29/2001,MDT,PA,AEA,EN,Towers with Radar,58,93,28,4,183,1,0,13,1,15,59,93,41,5,198,2,0,2,200
06/30/2001,MDT,PA,AEA,EN,Towers with Radar,49,56,11,8,124,0,1,4,0,5,49,57,15,8,129,10,12,22,151
07/01/2001,MDT,PA,AEA,EN,Towers with Radar,44,41,4,0,89,1,0,6,0,7,45,41,10,0,96,4,0,4,100
07/02/2001,MDT,PA,AEA,EN,Towers with Radar,44,68,20,7,139,0,1,19,1,21,44,69,39,8,160,0,8,8,168
07/03/2001,MDT,PA,AEA,EN,Towers with Radar,63,73,23,0,159,0,2,15,0,17,63,75,38,0,176,26,0,26,202
07/04/2001,MDT,PA,AEA,EN,Towers with Radar,46,58,0,0,104,0,1,5,0,6,46,59,5,0,110,0,0,0,110
07/05/2001,MDT,PA,AEA,EN,Towers with Radar,43,87,26,5,161,0,0,17,0,17,43,87,43,5,178,0,6,6,184
07/06/2001,MDT,PA,AEA,EN,Towers with Radar,57,88,29,14,188,2,0,6,2,10,59,88,35,16,198,2,48,50,248
07/07/2001,MDT,PA,AEA,EN,Towers with Radar,54,70,8,0,132,0,1,15,0,16,54,71,23,0,148,20,0,20,168
07/08/2001,MDT,PA,AEA,EN,Towers with Radar,32,60,26,7,125,0,0,5,0,5,32,60,31,7,130,4,6,10,140
07/09/2001,MDT,PA,AEA,EN,Towers with Radar,47,86,39,4,176,0,1,37,0,38,47,87,76,4,214,9,18,27,241
07/10/2001,MDT,PA,AEA,EN,Towers with Radar,59,84,44,3,190,0,0,21,0,21,59,84,65,3,211,6,20,26,237
07/11/2001,MDT,PA,AEA,EN,Towers with Radar,54,97,35,11,197,0,0,17,0,17,54,97,52,11,214,6,58,64,278
07/12/2001,MDT,PA,AEA,EN,Towers with Radar,57,97,40,23,217,0,0,24,0,24,57,97,64,23,241,2,46,48,289
07/13/2001,MDT,PA,AEA,EN,Towers with Radar,53,92,25,12,182,0,1,18,0,19,53,93,43,12,201,2,36,38,239
07/14/2001,MDT,PA,AEA,EN,Towers with Radar,50,60,15,0,125,0,1,22,0,23,50,61,37,0,148,0,0,0,148
07/15/2001,MDT,PA,AEA,EN,Towers with Radar,40,63,10,1,114,0,0,12,0,12,40,63,22,1,126,0,0,0,126
07/16/2001,MDT,PA,AEA,EN,Towers with Radar,46,80,37,12,175,0,2,31,0,33,46,82,68,12,208,2,34,36,244
07/17/2001,MDT,PA,AEA,EN,Towers with Radar,67,93,49,8,217,0,0,9,0,9,67,93,58,8,226,6,12,18,244
07/18/2001,MDT,PA,AEA,EN,Towers with Radar,59,93,33,13,198,0,0,10,0,10,59,93,43,13,208,0,46,46,254
07/19/2001,MDT,PA,AEA,EN,Towers with Radar,61,96,39,17,213,0,0,25,0,25,61,96,64,17,238,0,28,28,266
07/20/2001,MDT,PA,AEA,EN,Towers with Radar,54,89,24,23,190,0,0,21,0,21,54,89,45,23,211,6,14,20,231
07/21/2001,MDT,PA,AEA,EN,Towers with Radar,53,70,20,1,144,0,1,13,0,14,53,71,33,1,158,0,0,0,158
07/22/2001,MDT,PA,AEA,EN,Towers with Radar,46,63,9,3,121,0,0,19,1,20,46,63,28,4,141,10,0,10,151
07/23/2001,MDT,PA,AEA,EN,Towers with Radar,47,90,39,5,181,0,2,20,0,22,47,92,59,5,203,8,0,8,211
07/24/2001,MDT,PA,AEA,EN,Towers with Radar,58,95,44,18,215,0,0,28,0,28,58,95,72,18,243,5,58,63,306
07/25/2001,MDT,PA,AEA,EN,Towers with Radar,55,97,39,9,200,0,0,11,0,11,55,97,50,9,211,0,34,34,245
07/26/2001,MDT,PA,AEA,EN,Towers with Radar,65,89,47,14,215,0,0,16,0,16,65,89,63,14,231,4,70,74,305
07/27/2001,MDT,PA,AEA,EN,Towers with Radar,57,99,32,12,200,0,1,27,0,28,57,100,59,12,228,8,22,30,258
07/28/2001,MDT,PA,AEA,EN,Towers with Radar,54,67,4,5,130,0,0,16,0,16,54,67,20,5,146,8,6,14,160
07/29/2001,MDT,PA,AEA,EN,Towers with Radar,45,61,16,2,124,0,0,1,0,1,45,61,17,2,125,4,2,6,131
07/30/2001,MDT,PA,AEA,EN,Towers with Radar,45,90,32,7,174,0,1,6,0,7,45,91,38,7,181,2,30,32,213
07/31/2001,MDT,PA,AEA,EN,Towers with Radar,62,96,39,20,217,0,1,22,5,28,62,97,61,25,245,2,10,12,257
08/01/2001,MDT,PA,AEA,EN,Towers with Radar,58,88,36,11,193,0,2,26,0,28,58,90,62,11,221,12,26,38,259
08/02/2001,MDT,PA,AEA,EN,Towers with Radar,62,88,44,11,205,0,2,38,0,40,62,90,82,11,245,20,32,52,297
08/03/2001,MDT,PA,AEA,EN,Towers with Radar,57,72,31,13,173,0,1,12,0,13,57,73,43,13,186,5,6,11,197
08/04/2001,MDT,PA,AEA,EN,Towers with Radar,54,66,7,0,127,0,0,0,1,1,54,66,7,1,128,4,0,4,132
08/05/2001,MDT,PA,AEA,EN,Towers with Radar,44,66,16,5,131,0,1,10,1,12,44,67,26,6,143,2,0,2,145
08/06/2001,MDT,PA,AEA,EN,Towers with Radar,50,77,36,5,168,0,0,6,0,6,50,77,42,5,174,4,6,10,184
08/07/2001,MDT,PA,AEA,EN,Towers with Radar,59,93,33,19,204,0,1,17,0,18,59,94,50,19,222,12,48,60,282
08/08/2001,MDT,PA,AEA,EN,Towers with Radar,59,94,54,12,219,0,2,21,0,23,59,96,75,12,242,26,26,52,294
08/09/2001,MDT,PA,AEA,EN,Towers with Radar,62,99,51,22,234,0,1,34,0,35,62,100,85,22,269,4,68,72,341
08/10/2001,MDT,PA,AEA,EN,Towers with Radar,58,83,23,1,165,0,0,5,0,5,58,83,28,1,170,6,0,6,176
08/11/2001,MDT,PA,AEA,EN,Towers with Radar,73,78,26,7,184,0,1,6,0,7,73,79,32,7,191,4,30,34,225
08/12/2001,MDT,PA,AEA,EN,Towers with Radar,52,66,0,2,120,0,0,0,0,0,52,66,0,2,120,58,0,58,178
08/13/2001,MDT,PA,AEA,EN,Towers with Radar,55,81,30,15,181,0,0,0,0,0,55,81,30,15,181,30,22,52,233
08/14/2001,MDT,PA,AEA,EN,Towers with Radar,73,101,44,7,225,0,1,16,1,18,73,102,60,8,243,10,6,16,259
08/15/2001,MDT,PA,AEA,EN,Towers with Radar,52,112,40,12,216,0,2,23,0,25,52,114,63,12,241,0,64,64,305
08/16/2001,MDT,PA,AEA,EN,Towers with Radar,57,97,42,1,197,5,0,16,0,21,62,97,58,1,218,0,26,26,244
08/17/2001,MDT,PA,AEA,EN,Towers with Radar,52,101,18,6,177,0,0,12,0,12,52,101,30,6,189,0,6,6,195
08/18/2001,MDT,PA,AEA,EN,Towers with Radar,56,68,11,8,143,0,2,4,0,6,56,70,15,8,149,14,18,32,181
08/19/2001,MDT,PA,AEA,EN,Towers with Radar,44,60,18,8,130,0,0,8,0,8,44,60,26,8,138,8,6,14,152
08/20/2001,MDT,PA,AEA,EN,Towers with Radar,51,92,25,7,175,0,1,12,2,15,51,93,37,9,190,0,2,2,192
08/21/2001,MDT,PA,AEA,EN,Towers with Radar,66,106,37,20,229,0,1,26,0,27,66,107,63,20,256,4,22,26,282
08/22/2001,MDT,PA,AEA,EN,Towers with Radar,52,96,41,20,209,0,1,12,0,13,52,97,53,20,222,12,54,66,288
08/23/2001,MDT,PA,AEA,EN,Towers with Radar,63,89,30,11,193,0,2,14,0,16,63,91,44,11,209,4,8,12,221
08/24/2001,MDT,PA,AEA,EN,Towers with Radar,57,91,37,11,196,0,2,32,0,34,57,93,69,11,230,10,2,12,242
08/25/2001,MDT,PA,AEA,EN,Towers with Radar,50,69,13,5,137,0,0,16,0,16,50,69,29,5,153,0,0,0,153
08/26/2001,MDT,PA,AEA,EN,Towers with Radar,49,55,17,12,133,0,0,28,0,28,49,55,45,12,161,4,8,12,173
08/27/2001,MDT,PA,AEA,EN,Towers with Radar,49,85,39,10,183,0,5,6,0,11,49,90,45,10,194,18,8,26,220
08/28/2001,MDT,PA,AEA,EN,Towers with Radar,59,79,52,16,206,0,1,21,0,22,59,80,73,16,228,12,6,18,246
08/29/2001,MDT,PA,AEA,EN,Towers with Radar,61,94,40,13,208,0,3,27,0,30,61,97,67,13,238,10,18,28,266
08/30/2001,MDT,PA,AEA,EN,Towers with Radar,82,110,50,17,259,0,1,10,0,11,82,111,60,17,270,8,14,22,292
08/31/2001,MDT,PA,AEA,EN,Towers with Radar,62,98,45,11,216,0,7,18,0,25,62,105,63,11,241,4,8,12,253
09/01/2001,MDT,PA,AEA,EN,Towers with Radar,50,77,23,3,153,0,2,14,0,16,50,79,37,3,169,2,0,2,171
09/02/2001,MDT,PA,AEA,EN,Towers with Radar,41,46,21,0,108,0,1,19,0,20,41,47,40,0,128,4,0,4,132
09/03/2001,MDT,PA,AEA,EN,Towers with Radar,29,55,24,4,112,0,0,8,0,8,29,55,32,4,120,0,0,0,120
09/04/2001,MDT,PA,AEA,EN,Towers with Radar,50,90,32,11,183,0,0,13,0,13,50,90,45,11,196,0,12,12,208
09/05/2001,MDT,PA,AEA,EN,Towers with Radar,59,95,34,16,204,0,3,27,0,30,59,98,61,16,234,4,42,46,280
09/06/2001,MDT,PA,AEA,EN,Towers with Radar,60,88,32,15,195,0,4,48,1,53,60,92,80,16,248,4,20,24,272
09/07/2001,MDT,PA,AEA,EN,Towers with Radar,54,95,16,2,167,0,5,28,0,33,54,100,44,2,200,0,0,0,200
09/08/2001,MDT,PA,AEA,EN,Towers with Radar,49,60,15,6,130,0,3,17,0,20,49,63,32,6,150,20,2,22,172
09/09/2001,MDT,PA,AEA,EN,Towers with Radar,42,56,14,4,116,0,0,14,3,17,42,56,28,7,133,0,4,4,137
09/10/2001,MDT,PA,AEA,EN,Towers with Radar,52,76,30,9,167,0,1,9,0,10,52,77,39,9,177,2,12,14,191
09/11/2001,MDT,PA,AEA,EN,Towers with Radar,31,27,14,1,73,0,2,8,0,10,31,29,22,1,83,0,0,0,83
09/12/2001,MDT,PA,AEA,EN,Towers with Radar,0,1,0,2,3,0,0,0,0,0,0,1,0,2,3,0,0,0,3
09/13/2001,MDT,PA,AEA,EN,Towers with Radar,1,21,4,11,37,0,0,0,1,1,1,21,4,12,38,0,4,4,42
09/14/2001,MDT,PA,AEA,EN,Towers with Radar,26,55,10,7,98,0,2,2,4,8,26,57,12,11,106,0,2,2,108
09/15/2001,MDT,PA,AEA,EN,Towers with Radar,39,49,28,6,122,0,0,2,0,2,39,49,30,6,124,0,13,13,137
09/16/2001,MDT,PA,AEA,EN,Towers with Radar,32,55,16,5,108,0,1,0,0,1,32,56,16,5,109,0,25,25,134
09/17/2001,MDT,PA,AEA,EN,Towers with Radar,39,86,25,0,150,0,2,0,0,2,39,88,25,0,152,0,26,26,178
09/18/2001,MDT,PA,AEA,EN,Towers with Radar,69,102,32,15,218,0,0,0,0,0,69,102,32,15,218,46,34,80,298
09/19/2001,MDT,PA,AEA,EN,Towers with Radar,58,108,46,10,222,0,0,3,0,3,58,108,49,10,225,2,52,54,279
09/20/2001,MDT,PA,AEA,EN,Towers with Radar,56,119,51,9,235,0,0,3,0,3,56,119,54,9,238,0,8,8,246
09/21/2001,MDT,PA,AEA,EN,Towers with Radar,51,95,42,12,200,0,0,4,0,4,51,95,46,12,204,0,12,12,216
09/22/2001,MDT,PA,AEA,EN,Towers with Radar,55,59,13,0,127,0,0,2,2,4,55,59,15,2,131,14,0,14,145
09/23/2001,MDT,PA,AEA,EN,Towers with Radar,41,60,25,9,135,0,0,5,0,5,41,60,30,9,140,4,0,4,144
09/24/2001,MDT,PA,AEA,EN,Towers with Radar,36,82,56,5,179,0,0,1,0,1,36,82,57,5,180,2,8,10,190
09/25/2001,MDT,PA,AEA,EN,Towers with Radar,57,103,49,13,222,0,0,2,0,2,57,103,51,13,224,0,22,22,246
09/26/2001,MDT,PA,AEA,EN,Towers with Radar,59,86,22,13,180,0,1,7,0,8,59,87,29,13,188,16,16,32,220
09/27/2001,MDT,PA,AEA,EN,Towers with Radar,54,88,41,10,193,0,0,11,0,11,54,88,52,10,204,4,32,36,240
09/28/2001,MDT,PA,AEA,EN,Towers with Radar,52,87,27,15,181,0,0,24,0,24,52,87,51,15,205,4,8,12,217
09/29/2001,MDT,PA,AEA,EN,Towers with Radar,55,63,12,6,136,0,0,7,0,7,55,63,19,6,143,2,10,12,155
09/30/2001,MDT,PA,AEA,EN,Towers with Radar,39,63,12,3,117,0,1,11,0,12,39,64,23,3,129,0,12,12,141
10/01/2001,MDT,PA,AEA,EN,Towers with Radar,41,82,37,3,163,0,1,10,0,11,41,83,47,3,174,0,18,18,192
10/02/2001,MDT,PA,AEA,EN,Towers with Radar,66,90,30,7,193,0,1,7,0,8,66,91,37,7,201,14,32,46,247
10/03/2001,MDT,PA,AEA,EN,Towers with Radar,57,103,34,10,204,0,2,20,0,22,57,105,54,10,226,24,68,92,318
10/04/2001,MDT,PA,AEA,EN,Towers with Radar,57,92,43,6,198,0,4,21,0,25,57,96,64,6,223,0,50,50,273
10/05/2001,MDT,PA,AEA,EN,Towers with Radar,71,86,19,0,176,0,1,10,0,11,71,87,29,0,187,4,2,6,193
10/06/2001,MDT,PA,AEA,EN,Towers with Radar,56,70,13,2,141,0,0,0,0,0,56,70,13,2,141,2,2,4,145
10/07/2001,MDT,PA,AEA,EN,Towers with Radar,20,36,42,4,102,0,2,6,0,8,20,38,48,4,110,4,0,4,114
10/08/2001,MDT,PA,AEA,EN,Towers with Radar,41,74,27,1,143,0,0,11,1,12,41,74,38,2,155,4,0,4,159
10/09/2001,MDT,PA,AEA,EN,Towers with Radar,41,84,76,28,229,0,0,3,0,3,41,84,79,28,232,22,38,60,292
10/10/2001,MDT,PA,AEA,EN,Towers with Radar,56,100,58,17,231,0,2,17,0,19,56,102,75,17,250,34,22,56,306
10/11/2001,MDT,PA,AEA,EN,Towers with Radar,59,99,62,15,235,0,2,9,0,11,59,101,71,15,246,18,7,25,271
10/12/2001,MDT,PA,AEA,EN,Towers with Radar,61,107,48,11,227,0,0,5,0,5,61,107,53,11,232,8,16,24,256
10/13/2001,MDT,PA,AEA,EN,Towers with Radar,53,77,23,0,153,0,0,11,0,11,53,77,34,0,164,4,0,4,168
10/14/2001,MDT,PA,AEA,EN,Towers with Radar,43,73,20,13,149,0,0,1,0,1,43,73,21,13,150,0,30,30,180
10/15/2001,MDT,PA,AEA,EN,Towers with Radar,43,88,45,4,180,0,2,17,0,19,43,90,62,4,199,2,8,10,209
10/16/2001,MDT,PA,AEA,EN,Towers with Radar,58,95,35,16,204,0,0,8,0,8,58,95,43,16,212,4,42,46,258
10/17/2001,MDT,PA,AEA,EN,Towers with Radar,60,93,26,4,183,0,0,5,0,5,60,93,31,4,188,0,10,10,198
10/18/2001,MDT,PA,AEA,EN,Towers with Radar,50,85,53,11,199,0,7,20,1,28,50,92,73,12,227,8,0,8,235
10/19/2001,MDT,PA,AEA,EN,Towers with Radar,55,108,35,2,200,0,1,15,0,16,55,109,50,2,216,4,0,4,220
10/20/2001,MDT,PA,AEA,EN,Towers with Radar,60,72,10,1,143,0,0,1,0,1,60,72,11,1,144,2,0,2,146
10/21/2001,MDT,PA,AEA,EN,Towers with Radar,48,55,17,6,126,0,0,9,1,10,48,55,26,7,136,0,2,2,138
10/22/2001,MDT,PA,AEA,EN,Towers with Radar,44,79,43,22,188,0,0,18,4,22,44,79,61,26,210,10,36,46,256
10/23/2001,MDT,PA,AEA,EN,Towers with Radar,57,96,53,6,212,0,1,9,0,10,57,97,62,6,222,2,20,22,244
10/24/2001,MDT,PA,AEA,EN,Towers with Radar,60,94,60,8,222,0,1,7,0,8,60,95,67,8,230,10,6,16,246
10/25/2001,MDT,PA,AEA,EN,Towers with Radar,65,107,33,3,208,0,1,5,0,6,65,108,38,3,214,8,36,44,258
10/26/2001,MDT,PA,AEA,EN,Towers with Radar,62,90,22,1,175,0,2,4,0,6,62,92,26,1,181,0,2,2,183
10/27/2001,MDT,PA,AEA,EN,Towers with Radar,59,80,16,4,159,0,0,4,0,4,59,80,20,4,163,0,0,0,163
10/28/2001,MDT,PA,AEA,EN,Towers with Radar,42,62,19,3,126,0,0,7,0,7,42,62,26,3,133,8,0,8,141
10/29/2001,MDT,PA,AEA,EN,Towers with Radar,40,93,32,1,166,0,2,9,0,11,40,95,41,1,177,20,8,28,205
10/30/2001,MDT,PA,AEA,EN,Towers with Radar,58,111,35,6,210,0,0,15,0,15,58,111,50,6,225,0,52,52,277
10/31/2001,MDT,PA,AEA,EN,Towers with Radar,59,107,2,2,170,0,1,0,0,1,59,108,2,2,171,0,8,8,179
11/01/2001,MDT,PA,AEA,EN,Towers with Radar,55,113,2,7,177,0,4,0,0,4,55,117,2,7,181,0,26,26,207
11/02/2001,MDT,PA,AEA,EN,Towers with Radar,51,80,21,5,157,0,0,4,0,4,51,80,25,5,161,0,26,26,187
11/03/2001,MDT,PA,AEA,EN,Towers with Radar,49,71,2,4,126,0,3,3,0,6,49,74,5,4,132,0,14,14,146
11/04/2001,MDT,PA,AEA,EN,Towers with Radar,34,65,3,4,106,0,0,1,0,1,34,65,4,4,107,0,0,0,107
11/05/2001,MDT,PA,AEA,EN,Towers with Radar,46,85,2,4,137,0,1,0,0,1,46,86,2,4,138,0,0,0,138
11/06/2001,MDT,PA,AEA,EN,Towers with Radar,64,113,5,26,208,0,2,5,0,7,64,115,10,26,215,0,50,50,265
11/07/2001,MDT,PA,AEA,EN,Towers with Radar,39,99,23,4,165,0,0,17,0,17,39,99,40,4,182,4,15,19,201
11/08/2001,MDT,PA,AEA,EN,Towers with Radar,62,95,22,3,182,0,0,16,0,16,62,95,38,3,198,12,84,96,294
11/09/2001,MDT,PA,AEA,EN,Towers with Radar,58,98,17,2,175,0,0,6,0,6,58,98,23,2,181,0,12,12,193
11/10/2001,MDT,PA,AEA,EN,Towers with Radar,52,70,7,0,129,0,0,10,0,10,52,70,17,0,139,6,0,6,145
11/11/2001,MDT,PA,AEA,EN,Towers with Radar,31,61,20,2,114,0,2,6,0,8,31,63,26,2,122,16,0,16,138
11/12/2001,MDT,PA,AEA,EN,Towers with Radar,39,73,30,0,142,0,1,22,0,23,39,74,52,0,165,10,0,10,175
11/13/2001,MDT,PA,AEA,EN,Towers with Radar,58,103,40,2,203,0,2,9,0,11,58,105,49,2,214,2,14,16,230
11/14/2001,MDT,PA,AEA,EN,Towers with Radar,47,89,31,13,180,0,3,10,0,13,47,92,41,13,193,0,48,48,241
11/15/2001,MDT,PA,AEA,EN,Towers with Radar,60,95,40,14,209,0,1,12,0,13,60,96,52,14,222,0,62,62,284
11/16/2001,MDT,PA,AEA,EN,Towers with Radar,65,86,27,12,190,0,1,18,0,19,65,87,45,12,209,2,32,34,243
11/17/2001,MDT,PA,AEA,EN,Towers with Radar,43,74,13,1,131,0,2,0,0,2,43,76,13,1,133,6,2,8,141
11/18/2001,MDT,PA,AEA,EN,Towers with Radar,31,63,11,9,114,0,0,1,0,1,31,63,12,9,115,20,12,32,147
11/19/2001,MDT,PA,AEA,EN,Towers with Radar,48,89,32,8,177,0,1,6,0,7,48,90,38,8,184,44,28,72,256
11/20/2001,MDT,PA,AEA,EN,Towers with Radar,51,98,28,21,198,0,2,6,0,8,51,100,34,21,206,18,66,84,290
11/21/2001,MDT,PA,AEA,EN,Towers with Radar,53,96,22,2,173,0,0,13,0,13,53,96,35,2,186,2,12,14,200
11/22/2001,MDT,PA,AEA,EN,Towers with Radar,48,57,4,0,109,0,4,3,0,7,48,61,7,0,116,2,0,2,118
11/23/2001,MDT,PA,AEA,EN,Towers with Radar,27,53,8,1,89,0,0,0,0,0,27,53,8,1,89,0,0,0,89
11/24/2001,MDT,PA,AEA,EN,Towers with Radar,43,57,11,0,111,0,0,0,0,0,43,57,11,0,111,12,0,12,123
11/25/2001,MDT,PA,AEA,EN,Towers with Radar,47,55,4,0,106,0,0,0,0,0,47,55,4,0,106,0,0,0,106
11/26/2001,MDT,PA,AEA,EN,Towers with Radar,37,96,32,1,166,0,0,14,0,14,37,96,46,1,180,4,0,4,184
11/27/2001,MDT,PA,AEA,EN,Towers with Radar,53,108,24,11,196,0,2,5,0,7,53,110,29,11,203,2,18,20,223
11/28/2001,MDT,PA,AEA,EN,Towers with Radar,55,110,25,15,205,0,0,0,0,0,55,110,25,15,205,14,14,28,233
11/29/2001,MDT,PA,AEA,EN,Towers with Radar,59,92,47,7,205,0,0,0,0,0,59,92,47,7,205,0,0,0,205
11/30/2001,MDT,PA,AEA,EN,Towers with Radar,50,91,23,8,172,0,0,0,0,0,50,91,23,8,172,2,0,2,174
12/01/2001,MDT,PA,AEA,EN,Towers with Radar,49,62,13,5,129,0,0,7,0,7,49,62,20,5,136,14,20,34,170
12/02/2001,MDT,PA,AEA,EN,Towers with Radar,28,64,15,4,111,0,0,13,1,14,28,64,28,5,125,2,0,2,127
12/03/2001,MDT,PA,AEA,EN,Towers with Radar,36,87,46,5,174,0,1,8,0,9,36,88,54,5,183,4,26,30,213
12/04/2001,MDT,PA,AEA,EN,Towers with Radar,49,101,31,13,194,0,1,20,0,21,49,102,51,13,215,2,38,40,255
12/05/2001,MDT,PA,AEA,EN,Towers with Radar,55,96,25,14,190,0,1,22,0,23,55,97,47,14,213,4,46,50,263
12/06/2001,MDT,PA,AEA,EN,Towers with Radar,59,84,34,19,196,0,0,19,0,19,59,84,53,19,215,2,38,40,255
12/07/2001,MDT,PA,AEA,EN,Towers with Radar,58,84,37,11,190,0,2,7,0,9,58,86,44,11,199,6,36,42,241
12/08/2001,MDT,PA,AEA,EN,Towers with Radar,44,67,12,0,123,0,0,0,0,0,44,67,12,0,123,2,0,2,125
12/09/2001,MDT,PA,AEA,EN,Towers with Radar,31,66,10,5,112,0,0,6,1,7,31,66,16,6,119,2,0,2,121
12/10/2001,MDT,PA,AEA,EN,Towers with Radar,38,89,25,1,153,0,0,7,0,7,38,89,32,1,160,0,7,7,167
12/11/2001,MDT,PA,AEA,EN,Towers with Radar,56,104,39,15,214,0,0,18,0,18,56,104,57,15,232,6,24,30,262
12/12/2001,MDT,PA,AEA,EN,Towers with Radar,49,97,48,13,207,0,0,1,0,1,49,97,49,13,208,6,16,22,230
12/13/2001,MDT,PA,AEA,EN,Towers with Radar,48,103,53,9,213,0,0,0,0,0,48,103,53,9,213,0,0,0,213
12/14/2001,MDT,PA,AEA,EN,Towers with Radar,59,98,24,6,187,0,0,0,0,0,59,98,24,6,187,0,0,0,187
12/15/2001,MDT,PA,AEA,EN,Towers with Radar,44,70,19,7,140,0,0,14,0,14,44,70,33,7,154,0,36,36,190
12/16/2001,MDT,PA,AEA,EN,Towers with Radar,27,66,15,7,115,0,1,3,0,4,27,67,18,7,119,10,0,10,129
12/17/2001,MDT,PA,AEA,EN,Towers with Radar,31,80,32,10,153,0,0,0,0,0,31,80,32,10,153,0,10,10,163
12/18/2001,MDT,PA,AEA,EN,Towers with Radar,55,106,36,16,213,0,0,0,0,0,55,106,36,16,213,10,18,28,241
12/19/2001,MDT,PA,AEA,EN,Towers with Radar,54,92,38,24,208,0,0,19,3,22,54,92,57,27,230,14,42,56,286
12/20/2001,MDT,PA,AEA,EN,Towers with Radar,54,101,28,5,188,0,0,9,0,9,54,101,37,5,197,6,36,42,239
12/21/2001,MDT,PA,AEA,EN,Towers with Radar,49,92,25,2,168,11,6,4,0,21,60,98,29,2,189,8,16,24,213
12/22/2001,MDT,PA,AEA,EN,Towers with Radar,39,73,13,3,128,0,0,7,0,7,39,73,20,3,135,2,4,6,141
12/23/2001,MDT,PA,AEA,EN,Towers with Radar,24,67,15,0,106,0,0,8,0,8,24,67,23,0,114,2,0,2,116
12/24/2001,MDT,PA,AEA,EN,Towers with Radar,24,57,1,0,82,0,0,4,0,4,24,57,5,0,86,2,0,2,88
12/25/2001,MDT,PA,AEA,EN,Towers with Radar,28,58,1,0,87,0,0,1,0,1,28,58,2,0,88,0,0,0,88
12/26/2001,MDT,PA,AEA,EN,Towers with Radar,36,76,5,2,119,0,0,13,0,13,36,76,18,2,132,4,8,12,144
12/27/2001,MDT,PA,AEA,EN,Towers with Radar,47,90,19,14,170,0,0,6,0,6,47,90,25,14,176,6,4,10,186
12/28/2001,MDT,PA,AEA,EN,Towers with Radar,50,89,13,1,153,0,0,9,0,9,50,89,22,1,162,30,4,34,196
12/29/2001,MDT,PA,AEA,EN,Towers with Radar,43,70,3,0,116,0,0,2,0,2,43,70,5,0,118,22,0,22,140
12/30/2001,MDT,PA,AEA,EN,Towers with Radar,25,62,8,0,95,0,0,3,0,3,25,62,11,0,98,0,0,0,98
12/31/2001,MDT,PA,AEA,EN,Towers with Radar,27,66,3,0,96,0,0,2,0,2,27,66,5,0,98,4,0,4,102
01/01/2002,MDT,PA,AEA,EN,Towers with Radar,40,51,2,0,93,0,0,2,0,2,40,51,4,0,95,0,0,0,95
01/02/2002,MDT,PA,AEA,EN,Towers with Radar,46,70,8,11,135,0,0,19,0,19,46,70,27,11,154,2,36,38,192
01/03/2002,MDT,PA,AEA,EN,Towers with Radar,55,91,20,15,181,0,0,9,0,9,55,91,29,15,190,8,198,206,396
01/04/2002,MDT,PA,AEA,EN,Towers with Radar,50,93,17,4,164,0,0,12,0,12,50,93,29,4,176,8,6,14,190
01/05/2002,MDT,PA,AEA,EN,Towers with Radar,41,66,7,1,115,0,0,6,0,6,41,66,13,1,121,6,0,6,127
01/06/2002,MDT,PA,AEA,EN,Towers with Radar,26,66,7,4,103,0,0,7,0,7,26,66,14,4,110,2,0,2,112
01/07/2002,MDT,PA,AEA,EN,Towers with Radar,29,80,28,2,139,0,5,2,0,7,29,85,30,2,146,0,0,0,146
01/08/2002,MDT,PA,AEA,EN,Towers with Radar,38,80,52,15,185,0,0,7,1,8,38,80,59,16,193,10,0,10,203
01/09/2002,MDT,PA,AEA,EN,Towers with Radar,50,100,20,8,178,0,0,7,0,7,50,100,27,8,185,2,10,12,197
01/10/2002,MDT,PA,AEA,EN,Towers with Radar,57,90,35,12,194,0,1,11,0,12,57,91,46,12,206,14,26,40,246
01/11/2002,MDT,PA,AEA,EN,Towers with Radar,50,88,13,14,165,0,0,0,0,0,50,88,13,14,165,4,34,38,203
01/12/2002,MDT,PA,AEA,EN,Towers with Radar,39,70,15,4,128,0,0,9,0,9,39,70,24,4,137,0,2,2,139
01/13/2002,MDT,PA,AEA,EN,Towers with Radar,27,73,6,10,116,0,0,2,0,2,27,73,8,10,118,0,4,4,122
01/14/2002,MDT,PA,AEA,EN,Towers with Radar,41,88,28,11,168,0,2,10,0,12,41,90,38,11,180,12,0,12,192
01/15/2002,MDT,PA,AEA,EN,Towers with Radar,57,102,30,14,203,0,0,6,0,6,57,102,36,14,209,10,54,64,273
01/16/2002,MDT,PA,AEA,EN,Towers with Radar,48,99,34,17,198,0,0,9,0,9,48,99,43,17,207,2,34,36,243
01/17/2002,MDT,PA,AEA,EN,Towers with Radar,52,103,38,15,208,0,0,14,0,14,52,103,52,15,222,0,24,24,246
01/18/2002,MDT,PA,AEA,EN,Towers with Radar,43,103,34,8,188,0,0,12,0,12,43,103,46,8,200,6,32,38,238
01/19/2002,MDT,PA,AEA,EN,Towers with Radar,35,61,15,1,112,0,0,3,0,3,35,61,18,1,115,2,0,2,117
01/20/2002,MDT,PA,AEA,EN,Towers with Radar,29,69,9,0,107,0,3,9,0,12,29,72,18,0,119,6,0,6,125
01/21/2002,MDT,PA,AEA,EN,Towers with Radar,27,81,21,0,129,0,0,4,0,4,27,81,25,0,133,0,0,0,133
01/22/2002,MDT,PA,AEA,EN,Towers with Radar,45,102,36,5,188,0,0,14,0,14,45,102,50,5,202,2,40,42,244
01/23/2002,MDT,PA,AEA,EN,Towers with Radar,46,81,31,19,177,0,0,3,0,3,46,81,34,19,180,4,56,60,240
01/24/2002,MDT,PA,AEA,EN,Towers with Radar,49,119,34,5,207,0,0,1,0,1,49,119,35,5,208,2,38,40,248
01/25/2002,MDT,PA,AEA,EN,Towers with Radar,47,96,28,3,174,0,1,21,0,22,47,97,49,3,196,4,0,4,200
01/26/2002,MDT,PA,AEA,EN,Towers with Radar,47,64,11,1,123,0,1,17,1,19,47,65,28,2,142,10,0,10,152
01/27/2002,MDT,PA,AEA,EN,Towers with Radar,28,70,20,1,119,0,0,5,0,5,28,70,25,1,124,6,2,8,132
01/28/2002,MDT,PA,AEA,EN,Towers with Radar,28,76,43,19,166,0,0,19,0,19,28,76,62,19,185,4,10,14,199
01/29/2002,MDT,PA,AEA,EN,Towers with Radar,60,89,34,11,194,0,0,19,0,19,60,89,53,11,213,0,20,20,233
01/30/2002,MDT,PA,AEA,EN,Towers with Radar,58,101,39,22,220,0,0,3,0,3,58,101,42,22,223,10,90,100,323
01/31/2002,MDT,PA,AEA,EN,Towers with Radar,45,90,25,6,166,0,0,0,0,0,45,90,25,6,166,0,0,0,166
02/01/2002,MDT,PA,AEA,EN,Towers with Radar,43,88,30,3,164,0,0,2,0,2,43,88,32,3,166,2,0,2,168
02/02/2002,MDT,PA,AEA,EN,Towers with Radar,41,74,6,7,128,0,2,6,0,8,41,76,12,7,136,0,26,26,162
02/03/2002,MDT,PA,AEA,EN,Towers with Radar,36,64,13,2,115,0,0,6,0,6,36,64,19,2,121,10,10,20,141
02/04/2002,MDT,PA,AEA,EN,Towers with Radar,34,97,27,1,159,0,0,4,0,4,34,97,31,1,163,10,4,14,177
02/05/2002,MDT,PA,AEA,EN,Towers with Radar,49,99,44,10,202,0,0,10,0,10,49,99,54,10,212,8,34,42,254
02/06/2002,MDT,PA,AEA,EN,Towers with Radar,44,84,33,11,172,0,0,13,0,13,44,84,46,11,185,7,18,25,210
02/07/2002,MDT,PA,AEA,EN,Towers with Radar,57,94,41,19,211,0,0,18,0,18,57,94,59,19,229,1,48,49,278
02/08/2002,MDT,PA,AEA,EN,Towers with Radar,52,87,39,1,179,0,1,25,0,26,52,88,64,1,205,4,0,4,209
02/09/2002,MDT,PA,AEA,EN,Towers with Radar,45,68,13,0,126,0,0,17,0,17,45,68,30,0,143,8,0,8,151
02/10/2002,MDT,PA,AEA,EN,Towers with Radar,27,68,13,0,108,0,0,0,0,0,27,68,13,0,108,0,0,0,108
02/11/2002,MDT,PA,AEA,EN,Towers with Radar,35,100,32,0,167,0,0,8,0,8,35,100,40,0,175,2,0,2,177
02/12/2002,MDT,PA,AEA,EN,Towers with Radar,56,92,36,16,200,0,0,23,2,25,56,92,59,18,225,4,40,44,269
02/13/2002,MDT,PA,AEA,EN,Towers with Radar,46,89,28,14,177,0,2,22,0,24,46,91,50,14,201,2,26,28,229
02/14/2002,MDT,PA,AEA,EN,Towers with Radar,52,93,36,8,189,0,0,23,0,23,52,93,59,8,212,4,12,16,228
02/15/2002,MDT,PA,AEA,EN,Towers with Radar,52,72,32,4,160,0,5,6,21,32,52,77,38,25,192,4,6,10,202
02/16/2002,MDT,PA,AEA,EN,Towers with Radar,40,74,23,1,138,0,4,5,0,9,40,78,28,1,147,8,0,8,155
02/17/2002,MDT,PA,AEA,EN,Towers with Radar,32,59,4,3,98,0,0,2,0,2,32,59,6,3,100,0,8,8,108
02/18/2002,MDT,PA,AEA,EN,Towers with Radar,38,77,19,2,136,0,0,18,0,18,38,77,37,2,154,6,0,6,160
02/19/2002,MDT,PA,AEA,EN,Towers with Radar,46,96,36,15,193,0,1,22,11,34,46,97,58,26,227,4,14,18,245
02/20/2002,MDT,PA,AEA,EN,Towers with Radar,53,88,27,11,179,0,1,8,0,9,53,89,35,11,188,4,6,10,198
02/21/2002,MDT,PA,AEA,EN,Towers with Radar,45,97,37,18,197,0,0,14,0,14,45,97,51,18,211,0,52,52,263
02/22/2002,MDT,PA,AEA,EN,Towers with Radar,57,89,18,10,174,0,0,10,1,11,57,89,28,11,185,0,6,6,191
02/23/2002,MDT,PA,AEA,EN,Towers with Radar,42,70,8,0,120,0,0,6,0,6,42,70,14,0,126,6,4,10,136
02/24/2002,MDT,PA,AEA,EN,Towers with Radar,28,68,15,3,114,0,1,12,0,13,28,69,27,3,127,16,0,16,143
02/25/2002,MDT,PA,AEA,EN,Towers with Radar,44,76,28,4,152,0,2,16,0,18,44,78,44,4,170,6,4,10,180
02/26/2002,MDT,PA,AEA,EN,Towers with Radar,45,89,33,10,177,0,0,5,4,9,45,89,38,14,186,4,40,44,230
02/27/2002,MDT,PA,AEA,EN,Towers with Radar,50,102,18,24,194,0,3,11,3,17,50,105,29,27,211,0,32,32,243
02/28/2002,MDT,PA,AEA,EN,Towers with Radar,48,102,30,6,186,0,2,14,0,16,48,104,44,6,202,8,34,42,244
03/01/2002,MDT,PA,AEA,EN,Towers with Radar,49,98,22,4,173,1,0,11,0,12,50,98,33,4,185,2,0,2,187
03/02/2002,MDT,PA,AEA,EN,Towers with Radar,33,62,4,5,104,1,2,4,0,7,34,64,8,5,111,18,0,18,129
03/03/2002,MDT,PA,AEA,EN,Towers with Radar,36,74,3,10,123,1,0,3,0,4,37,74,6,10,127,0,8,8,135
03/04/2002,MDT,PA,AEA,EN,Towers with Radar,36,94,18,7,155,1,0,11,0,12,37,94,29,7,167,4,18,22,189
03/05/2002,MDT,PA,AEA,EN,Towers with Radar,47,104,23,19,193,1,0,17,0,18,48,104,40,19,211,3,40,43,254
03/06/2002,MDT,PA,AEA,EN,Towers with Radar,47,94,30,10,181,1,0,12,0,13,48,94,42,10,194,6,26,32,226
03/07/2002,MDT,PA,AEA,EN,Towers with Radar,50,97,30,14,191,1,0,18,0,19,51,97,48,14,210,6,68,74,284
03/08/2002,MDT,PA,AEA,EN,Towers with Radar,51,101,39,9,200,1,0,8,3,12,52,101,47,12,212,34,0,34,246
03/09/2002,MDT,PA,AEA,EN,Towers with Radar,42,66,3,3,114,1,0,1,0,2,43,66,4,3,116,6,0,6,122
03/10/2002,MDT,PA,AEA,EN,Towers with Radar,33,67,11,3,114,1,0,0,0,1,34,67,11,3,115,0,0,0,115
03/11/2002,MDT,PA,AEA,EN,Towers with Radar,36,91,26,9,162,1,0,10,2,13,37,91,36,11,175,6,0,6,181
03/12/2002,MDT,PA,AEA,EN,Towers with Radar,52,106,31,12,201,0,0,13,0,13,52,106,44,12,214,0,40,40,254
03/13/2002,MDT,PA,AEA,EN,Towers with Radar,51,100,58,16,225,1,0,0,0,1,52,100,58,16,226,0,7,7,233
03/14/2002,MDT,PA,AEA,EN,Towers with Radar,46,99,43,26,214,0,1,13,1,15,46,100,56,27,229,4,30,34,263
03/15/2002,MDT,PA,AEA,EN,Towers with Radar,44,101,30,10,185,0,1,6,0,7,44,102,36,10,192,12,0,12,204
03/16/2002,MDT,PA,AEA,EN,Towers with Radar,42,74,4,0,120,0,1,0,0,1,42,75,4,0,121,8,0,8,129
03/17/2002,MDT,PA,AEA,EN,Towers with Radar,28,73,11,5,117,0,1,6,6,13,28,74,17,11,130,8,0,8,138
03/18/2002,MDT,PA,AEA,EN,Towers with Radar,41,84,46,5,176,0,1,0,0,1,41,85,46,5,177,0,4,4,181
03/19/2002,MDT,PA,AEA,EN,Towers with Radar,51,105,34,16,206,0,1,11,0,12,51,106,45,16,218,16,86,102,320
03/20/2002,MDT,PA,AEA,EN,Towers with Radar,51,100,33,7,191,0,4,3,0,7,51,104,36,7,198,4,44,48,246
03/21/2002,MDT,PA,AEA,EN,Towers with Radar,43,96,26,9,174,0,0,15,0,15,43,96,41,9,189,10,4,14,203
03/22/2002,MDT,PA,AEA,EN,Towers with Radar,50,97,24,8,179,0,3,10,0,13,50,100,34,8,192,4,10,14,206
03/23/2002,MDT,PA,AEA,EN,Towers with Radar,41,65,11,0,117,0,1,0,0,1,41,66,11,0,118,2,0,2,120
03/24/2002,MDT,PA,AEA,EN,Towers with Radar,31,68,15,1,115,0,1,0,0,1,31,69,15,1,116,8,34,42,158
03/25/2002,MDT,PA,AEA,EN,Towers with Radar,39,90,26,0,155,0,2,9,0,11,39,92,35,0,166,12,2,14,180
03/26/2002,MDT,PA,AEA,EN,Towers with Radar,51,103,26,7,187,0,1,1,0,2,51,104,27,7,189,0,0,0,189
03/27/2002,MDT,PA,AEA,EN,Towers with Radar,47,96,31,9,183,0,2,7,0,9,47,98,38,9,192,0,14,14,206
03/28/2002,MDT,PA,AEA,EN,Towers with Radar,62,95,26,16,199,0,1,15,27,43,62,96,41,43,242,4,19,23,265
03/29/2002,MDT,PA,AEA,EN,Towers with Radar,53,93,19,8,173,0,1,7,0,8,53,94,26,8,181,4,2,6,187
03/30/2002,MDT,PA,AEA,EN,Towers with Radar,37,70,4,2,113,0,0,11,0,11,37,70,15,2,124,4,0,4,128
03/31/2002,MDT,PA,AEA,EN,Towers with Radar,27,71,14,0,112,0,0,10,0,10,27,71,24,0,122,2,0,2,124
04/01/2002,MDT,PA,AEA,EN,Towers with Radar,35,86,28,2,151,1,2,6,0,9,36,88,34,2,160,4,0,4,164
04/02/2002,MDT,PA,AEA,EN,Towers with Radar,47,101,30,14,192,0,2,7,2,11,47,103,37,16,203,14,18,32,235
04/03/2002,MDT,PA,AEA,EN,Towers with Radar,39,104,32,6,181,0,2,6,0,8,39,106,38,6,189,6,20,26,215
04/04/2002,MDT,PA,AEA,EN,Towers with Radar,49,93,48,7,197,0,1,18,0,19,49,94,66,7,216,12,52,64,280
04/05/2002,MDT,PA,AEA,EN,Towers with Radar,49,96,25,13,183,0,2,5,0,7,49,98,30,13,190,6,24,30,220
04/06/2002,MDT,PA,AEA,EN,Towers with Radar,44,70,26,9,149,0,1,4,0,5,44,71,30,9,154,4,60,64,218
04/07/2002,MDT,PA,AEA,EN,Towers with Radar,30,65,24,9,128,0,1,7,0,8,30,66,31,9,136,2,0,2,138
04/08/2002,MDT,PA,AEA,EN,Towers with Radar,31,101,36,6,174,0,4,19,0,23,31,105,55,6,197,8,10,18,215
04/09/2002,MDT,PA,AEA,EN,Towers with Radar,56,94,31,14,195,0,1,3,0,4,56,95,34,14,199,8,28,36,235
04/10/2002,MDT,PA,AEA,EN,Towers with Radar,45,98,29,16,188,0,2,18,0,20,45,100,47,16,208,8,44,52,260
04/11/2002,MDT,PA,AEA,EN,Towers with Radar,53,98,42,14,207,0,1,22,2,25,53,99,64,16,232,8,14,22,254
04/12/2002,MDT,PA,AEA,EN,Towers with Radar,49,93,34,9,185,0,0,0,0,0,49,93,34,9,185,2,26,28,213
04/13/2002,MDT,PA,AEA,EN,Towers with Radar,38,71,17,0,126,1,1,1,0,3,39,72,18,0,129,0,0,0,129
04/14/2002,MDT,PA,AEA,EN,Towers with Radar,24,76,19,5,124,1,1,4,2,8,25,77,23,7,132,0,4,4,136
04/15/2002,MDT,PA,AEA,EN,Towers with Radar,25,83,38,6,152,1,1,9,0,11,26,84,47,6,163,0,24,24,187
04/16/2002,MDT,PA,AEA,EN,Towers with Radar,55,95,25,8,183,1,1,26,0,28,56,96,51,8,211,26,18,44,255
04/17/2002,MDT,PA,AEA,EN,Towers with Radar,47,99,19,26,191,1,1,15,0,17,48,100,34,26,208,4,48,52,260
04/18/2002,MDT,PA,AEA,EN,Towers with Radar,43,100,37,12,192,0,2,16,0,18,43,102,53,12,210,2,12,14,224
04/19/2002,MDT,PA,AEA,EN,Towers with Radar,42,100,19,5,166,0,2,18,0,20,42,102,37,5,186,10,14,24,210
04/20/2002,MDT,PA,AEA,EN,Towers with Radar,40,79,14,11,144,0,2,11,0,13,40,81,25,11,157,2,0,2,159
04/21/2002,MDT,PA,AEA,EN,Towers with Radar,28,71,15,9,123,0,1,4,0,5,28,72,19,9,128,4,0,4,132
04/22/2002,MDT,PA,AEA,EN,Towers with Radar,35,89,28,3,155,0,1,9,0,10,35,90,37,3,165,0,0,0,165
04/23/2002,MDT,PA,AEA,EN,Towers with Radar,40,95,33,21,189,0,2,8,0,10,40,97,41,21,199,22,44,66,265
04/24/2002,MDT,PA,AEA,EN,Towers with Radar,44,100,33,17,194,0,1,16,0,17,44,101,49,17,211,4,94,98,309
04/25/2002,MDT,PA,AEA,EN,Towers with Radar,44,93,33,25,195,0,1,6,0,7,44,94,39,25,202,12,53,65,267
04/26/2002,MDT,PA,AEA,EN,Towers with Radar,46,97,27,23,193,0,1,12,0,13,46,98,39,23,206,0,32,32,238
04/27/2002,MDT,PA,AEA,EN,Towers with Radar,45,58,14,2,119,0,1,13,0,14,45,59,27,2,133,18,0,18,151
04/28/2002,MDT,PA,AEA,EN,Towers with Radar,14,50,30,5,99,0,1,0,0,1,14,51,30,5,100,6,2,8,108
04/29/2002,MDT,PA,AEA,EN,Towers with Radar,33,98,34,11,176,0,1,11,0,12,33,99,45,11,188,12,14,26,214
04/30/2002,MDT,PA,AEA,EN,Towers with Radar,41,88,40,10,179,0,1,4,0,5,41,89,44,10,184,32,44,76,260
05/01/2002,MDT,PA,AEA,EN,Towers with Radar,44,109,46,25,224,1,0,18,0,19,45,109,64,25,243,2,90,92,335
05/02/2002,MDT,PA,AEA,EN,Towers with Radar,42,104,36,8,190,1,1,3,0,5,43,105,39,8,195,0,26,26,221
05/03/2002,MDT,PA,AEA,EN,Towers with Radar,43,105,28,9,185,1,0,16,0,17,44,105,44,9,202,0,0,0,202
05/04/2002,MDT,PA,AEA,EN,Towers with Radar,37,69,10,5,121,1,0,17,0,18,38,69,27,5,139,0,20,20,159
05/05/2002,MDT,PA,AEA,EN,Towers with Radar,30,72,7,6,115,1,0,12,0,13,31,72,19,6,128,0,30,30,158
05/06/2002,MDT,PA,AEA,EN,Towers with Radar,29,86,33,7,155,1,0,14,0,15,30,86,47,7,170,4,28,32,202
05/07/2002,MDT,PA,AEA,EN,Towers with Radar,40,105,36,19,200,1,0,11,0,12,41,105,47,19,212,2,48,50,262
05/08/2002,MDT,PA,AEA,EN,Towers with Radar,49,107,26,13,195,1,4,27,0,32,50,111,53,13,227,6,34,40,267
05/09/2002,MDT,PA,AEA,EN,Towers with Radar,55,79,51,8,193,0,0,1,0,1,55,79,52,8,194,0,0,0,194
05/10/2002,MDT,PA,AEA,EN,Towers with Radar,45,109,30,4,188,0,1,16,0,17,45,110,46,4,205,6,16,22,227
05/11/2002,MDT,PA,AEA,EN,Towers with Radar,38,71,8,0,117,0,0,14,0,14,38,71,22,0,131,2,0,2,133
05/12/2002,MDT,PA,AEA,EN,Towers with Radar,29,67,12,2,110,0,0,2,0,2,29,67,14,2,112,0,0,0,112
05/13/2002,MDT,PA,AEA,EN,Towers with Radar,31,93,24,3,151,0,0,6,0,6,31,93,30,3,157,0,0,0,157
05/14/2002,MDT,PA,AEA,EN,Towers with Radar,51,112,45,8,216,0,11,12,1,24,51,123,57,9,240,20,0,20,260
05/15/2002,MDT,PA,AEA,EN,Towers with Radar,48,101,42,21,212,0,1,22,0,23,48,102,64,21,235,2,58,60,295
05/16/2002,MDT,PA,AEA,EN,Towers with Radar,39,86,44,16,185,0,0,26,0,26,39,86,70,16,211,28,14,42,253
05/17/2002,MDT,PA,AEA,EN,Towers with Radar,48,109,35,14,206,0,0,9,0,9,48,109,44,14,215,0,56,56,271
05/18/2002,MDT,PA,AEA,EN,Towers with Radar,46,63,10,6,125,0,0,3,0,3,46,63,13,6,128,0,0,0,128
05/19/2002,MDT,PA,AEA,EN,Towers with Radar,27,77,31,7,142,0,0,8,0,8,27,77,39,7,150,16,0,16,166
05/20/2002,MDT,PA,AEA,EN,Towers with Radar,36,86,34,19,175,0,1,9,0,10,36,87,43,19,185,6,68,74,259
05/21/2002,MDT,PA,AEA,EN,Towers with Radar,56,102,28,16,202,0,0,19,0,19,56,102,47,16,221,12,6,18,239
05/22/2002,MDT,PA,AEA,EN,Towers with Radar,43,101,19,14,177,0,6,28,0,34,43,107,47,14,211,30,38,68,279
05/23/2002,MDT,PA,AEA,EN,Towers with Radar,50,93,30,7,180,0,1,18,4,23,50,94,48,11,203,6,2,8,211
05/24/2002,MDT,PA,AEA,EN,Towers with Radar,40,105,32,6,183,0,1,12,0,13,40,106,44,6,196,4,10,14,210
05/25/2002,MDT,PA,AEA,EN,Towers with Radar,34,67,8,0,109,0,0,3,0,3,34,67,11,0,112,6,0,6,118
05/26/2002,MDT,PA,AEA,EN,Towers with Radar,23,61,24,1,109,0,1,4,1,6,23,62,28,2,115,2,0,2,117
05/27/2002,MDT,PA,AEA,EN,Towers with Radar,29,62,5,0,96,0,0,3,0,3,29,62,8,0,99,2,0,2,101
05/28/2002,MDT,PA,AEA,EN,Towers with Radar,33,93,32,18,176,0,0,12,0,12,33,93,44,18,188,0,26,26,214
05/29/2002,MDT,PA,AEA,EN,Towers with Radar,45,112,38,25,220,0,2,5,0,7,45,114,43,25,227,14,16,30,257
05/30/2002,MDT,PA,AEA,EN,Towers with Radar,59,96,38,35,228,0,0,9,5,14,59,96,47,40,242,4,15,19,261
05/31/2002,MDT,PA,AEA,EN,Towers with Radar,48,96,22,3,169,0,0,7,0,7,48,96,29,3,176,0,4,4,180
06/01/2002,MDT,PA,AEA,EN,Towers with Radar,37,66,9,17,129,0,0,7,0,7,37,66,16,17,136,14,38,52,188
06/02/2002,MDT,PA,AEA,EN,Towers with Radar,29,75,15,5,124,0,0,14,0,14,29,75,29,5,138,6,24,30,168
06/03/2002,MDT,PA,AEA,EN,Towers with Radar,29,94,33,21,177,0,0,13,0,13,29,94,46,21,190,4,44,48,238
06/04/2002,MDT,PA,AEA,EN,Towers with Radar,48,102,41,12,203,0,0,11,0,11,48,102,52,12,214,4,52,56,270
06/05/2002,MDT,PA,AEA,EN,Towers with Radar,43,103,41,22,209,0,0,7,0,7,43,103,48,22,216,0,31,31,247
06/06/2002,MDT,PA,AEA,EN,Towers with Radar,60,82,32,9,183,0,0,0,0,0,60,82,32,9,183,2,58,60,243
06/07/2002,MDT,PA,AEA,EN,Towers with Radar,65,102,36,14,217,0,1,12,0,13,65,103,48,14,230,0,24,24,254
06/08/2002,MDT,PA,AEA,EN,Towers with Radar,49,66,17,1,133,0,0,14,0,14,49,66,31,1,147,0,8,8,155
06/09/2002,MDT,PA,AEA,EN,Towers with Radar,31,72,13,7,123,0,0,19,0,19,31,72,32,7,142,2,64,66,208
06/10/2002,MDT,PA,AEA,EN,Towers with Radar,34,96,50,3,183,0,0,9,0,9,34,96,59,3,192,2,0,2,194
06/11/2002,MDT,PA,AEA,EN,Towers with Radar,49,107,44,16,216,0,0,31,0,31,49,107,75,16,247,2,44,46,293
06/12/2002,MDT,PA,AEA,EN,Towers with Radar,50,88,40,15,193,0,0,17,0,17,50,88,57,15,210,4,80,84,294
06/13/2002,MDT,PA,AEA,EN,Towers with Radar,48,105,45,12,210,0,0,4,1,5,48,105,49,13,215,0,0,0,215
06/14/2002,MDT,PA,AEA,EN,Towers with Radar,48,102,34,5,189,0,0,0,0,0,48,102,34,5,189,0,0,0,189
06/15/2002,MDT,PA,AEA,EN,Towers with Radar,39,74,15,1,129,0,0,1,0,1,39,74,16,1,130,2,0,2,132
06/16/2002,MDT,PA,AEA,EN,Towers with Radar,34,77,9,7,127,0,0,10,2,12,34,77,19,9,139,0,2,2,141
06/17/2002,MDT,PA,AEA,EN,Towers with Radar,37,76,36,9,158,0,1,13,0,14,37,77,49,9,172,4,0,4,176
06/18/2002,MDT,PA,AEA,EN,Towers with Radar,57,97,51,13,218,0,6,21,0,27,57,103,72,13,245,2,72,74,319
06/19/2002,MDT,PA,AEA,EN,Towers with Radar,76,107,40,33,256,0,1,20,0,21,76,108,60,33,277,0,104,104,381
06/20/2002,MDT,PA,AEA,EN,Towers with Radar,60,108,45,18,231,0,0,9,0,9,60,108,54,18,240,2,30,32,272
06/21/2002,MDT,PA,AEA,EN,Towers with Radar,48,104,25,9,186,0,0,21,0,21,48,104,46,9,207,7,4,11,218
06/22/2002,MDT,PA,AEA,EN,Towers with Radar,47,67,9,7,130,0,1,23,0,24,47,68,32,7,154,2,0,2,156
06/23/2002,MDT,PA,AEA,EN,Towers with Radar,33,76,14,3,126,0,0,13,0,13,33,76,27,3,139,4,0,4,143
06/24/2002,MDT,PA,AEA,EN,Towers with Radar,37,101,36,0,174,0,0,13,0,13,37,101,49,0,187,4,0,4,191
06/25/2002,MDT,PA,AEA,EN,Towers with Radar,51,105,41,15,212,0,0,4,0,4,51,105,45,15,216,16,22,38,254
06/26/2002,MDT,PA,AEA,EN,Towers with Radar,57,112,48,23,240,0,0,8,0,8,57,112,56,23,248,2,52,54,302
06/27/2002,MDT,PA,AEA,EN,Towers with Radar,63,93,30,6,192,0,2,15,0,17,63,95,45,6,209,0,6,6,215
06/28/2002,MDT,PA,AEA,EN,Towers with Radar,45,119,28,18,210,0,1,24,0,25,45,120,52,18,235,4,40,44,279
06/29/2002,MDT,PA,AEA,EN,Towers with Radar,47,69,10,0,126,0,0,12,0,12,47,69,22,0,138,0,0,0,138
06/30/2002,MDT,PA,AEA,EN,Towers with Radar,35,77,7,2,121,0,0,12,0,12,35,77,19,2,133,2,0,2,135
07/01/2002,MDT,PA,AEA,EN,Towers with Radar,36,95,33,13,177,0,1,32,0,33,36,96,65,13,210,0,18,18,228
07/02/2002,MDT,PA,AEA,EN,Towers with Radar,55,112,26,6,199,0,0,21,0,21,55,112,47,6,220,4,32,36,256
07/03/2002,MDT,PA,AEA,EN,Towers with Radar,50,107,22,2,181,0,0,8,0,8,50,107,30,2,189,8,0,8,197
07/04/2002,MDT,PA,AEA,EN,Towers with Radar,43,65,2,1,111,0,0,6,0,6,43,65,8,1,117,0,0,0,117
07/05/2002,MDT,PA,AEA,EN,Towers with Radar,46,81,4,4,135,0,1,10,0,11,46,82,14,4,146,2,16,18,164
07/06/2002,MDT,PA,AEA,EN,Towers with Radar,38,71,12,0,121,0,1,11,0,12,38,72,23,0,133,0,0,0,133
07/07/2002,MDT,PA,AEA,EN,Towers with Radar,34,83,29,0,146,0,0,14,0,14,34,83,43,0,160,10,0,10,170
07/08/2002,MDT,PA,AEA,EN,Towers with Radar,36,99,38,5,178,0,0,7,0,7,36,99,45,5,185,0,10,10,195
07/09/2002,MDT,PA,AEA,EN,Towers with Radar,56,99,40,9,204,0,0,11,0,11,56,99,51,9,215,0,90,90,305
07/10/2002,MDT,PA,AEA,EN,Towers with Radar,50,105,39,11,205,0,0,8,0,8,50,105,47,11,213,10,36,46,259
07/11/2002,MDT,PA,AEA,EN,Towers with Radar,45,111,28,37,221,0,1,28,0,29,45,112,56,37,250,0,52,52,302
07/12/2002,MDT,PA,AEA,EN,Towers with Radar,52,106,30,9,197,0,1,15,0,16,52,107,45,9,213,16,4,20,233
07/13/2002,MDT,PA,AEA,EN,Towers with Radar,41,70,4,2,117,0,0,9,0,9,41,70,13,2,126,0,7,7,133
07/14/2002,MDT,PA,AEA,EN,Towers with Radar,40,81,13,6,140,0,0,8,0,8,40,81,21,6,148,2,0,2,150
07/15/2002,MDT,PA,AEA,EN,Towers with Radar,37,102,32,13,184,0,2,15,0,17,37,104,47,13,201,0,60,60,261
07/16/2002,MDT,PA,AEA,EN,Towers with Radar,52,101,37,20,210,0,0,11,0,11,52,101,48,20,221,28,36,64,285
07/17/2002,MDT,PA,AEA,EN,Towers with Radar,48,98,30,33,209,0,0,24,0,24,48,98,54,33,233,8,58,66,299
07/18/2002,MDT,PA,AEA,EN,Towers with Radar,46,102,42,15,205,0,0,10,0,10,46,102,52,15,215,2,54,56,271
07/19/2002,MDT,PA,AEA,EN,Towers with Radar,57,92,35,14,198,0,0,7,0,7,57,92,42,14,205,0,0,0,205
07/20/2002,MDT,PA,AEA,EN,Towers with Radar,47,68,18,1,134,0,0,14,8,22,47,68,32,9,156,0,0,0,156
07/21/2002,MDT,PA,AEA,EN,Towers with Radar,35,73,26,3,137,0,0,4,0,4,35,73,30,3,141,6,0,6,147
07/22/2002,MDT,PA,AEA,EN,Towers with Radar,41,98,43,1,183,0,0,19,0,19,41,98,62,1,202,6,6,12,214
07/23/2002,MDT,PA,AEA,EN,Towers with Radar,54,79,36,17,186,0,15,18,0,33,54,94,54,17,219,0,40,40,259
07/24/2002,MDT,PA,AEA,EN,Towers with Radar,49,116,45,18,228,0,1,13,0,14,49,117,58,18,242,4,93,97,339
07/25/2002,MDT,PA,AEA,EN,Towers with Radar,55,105,39,18,217,0,0,4,0,4,55,105,43,18,221,6,54,60,281
07/26/2002,MDT,PA,AEA,EN,Towers with Radar,45,102,14,5,166,0,0,17,0,17,45,102,31,5,183,0,12,12,195
07/27/2002,MDT,PA,AEA,EN,Towers with Radar,45,80,19,3,147,0,0,0,0,0,45,80,19,3,147,4,0,4,151
07/28/2002,MDT,PA,AEA,EN,Towers with Radar,34,73,15,3,125,0,1,0,1,2,34,74,15,4,127,0,2,2,129
07/29/2002,MDT,PA,AEA,EN,Towers with Radar,36,90,32,5,163,0,0,12,1,13,36,90,44,6,176,9,4,13,189
07/30/2002,MDT,PA,AEA,EN,Towers with Radar,47,109,23,8,187,0,0,7,0,7,47,109,30,8,194,6,18,24,218
07/31/2002,MDT,PA,AEA,EN,Towers with Radar,51,106,36,11,204,0,0,19,0,19,51,106,55,11,223,0,66,66,289
08/01/2002,MDT,PA,AEA,EN,Towers with Radar,50,108,26,11,195,1,7,11,0,19,51,115,37,11,214,0,4,4,218
08/02/2002,MDT,PA,AEA,EN,Towers with Radar,59,122,22,4,207,1,0,12,0,13,60,122,34,4,220,0,6,6,226
08/03/2002,MDT,PA,AEA,EN,Towers with Radar,48,78,13,4,143,1,0,8,0,9,49,78,21,4,152,6,0,6,158
08/04/2002,MDT,PA,AEA,EN,Towers with Radar,33,86,19,1,139,1,0,4,0,5,34,86,23,1,144,14,0,14,158
08/05/2002,MDT,PA,AEA,EN,Towers with Radar,31,84,29,3,147,1,0,11,0,12,32,84,40,3,159,0,4,4,163
08/06/2002,MDT,PA,AEA,EN,Towers with Radar,59,106,30,9,204,1,3,14,0,18,60,109,44,9,222,2,14,16,238
08/07/2002,MDT,PA,AEA,EN,Towers with Radar,49,108,24,13,194,1,0,12,0,13,50,108,36,13,207,10,30,40,247
08/08/2002,MDT,PA,AEA,EN,Towers with Radar,51,104,47,8,210,1,2,21,0,24,52,106,68,8,234,14,50,64,298
08/09/2002,MDT,PA,AEA,EN,Towers with Radar,49,108,34,5,196,0,0,21,2,23,49,108,55,7,219,6,0,6,225
08/10/2002,MDT,PA,AEA,EN,Towers with Radar,42,71,12,3,128,0,1,14,1,16,42,72,26,4,144,8,8,16,160
08/11/2002,MDT,PA,AEA,EN,Towers with Radar,30,75,29,9,143,0,4,21,0,25,30,79,50,9,168,2,6,8,176
08/12/2002,MDT,PA,AEA,EN,Towers with Radar,45,87,38,10,180,0,0,14,0,14,45,87,52,10,194,2,22,24,218
08/13/2002,MDT,PA,AEA,EN,Towers with Radar,56,91,50,14,211,0,2,14,0,16,56,93,64,14,227,6,24,30,257
08/14/2002,MDT,PA,AEA,EN,Towers with Radar,48,104,47,16,215,0,0,18,0,18,48,104,65,16,233,0,48,48,281
08/15/2002,MDT,PA,AEA,EN,Towers with Radar,52,103,20,14,189,0,4,18,0,22,52,107,38,14,211,2,24,26,237
08/16/2002,MDT,PA,AEA,EN,Towers with Radar,48,97,23,12,180,0,0,11,1,12,48,97,34,13,192,14,2,16,208
08/17/2002,MDT,PA,AEA,EN,Towers with Radar,39,70,11,1,121,0,0,8,0,8,39,70,19,1,129,6,8,14,143
08/18/2002,MDT,PA,AEA,EN,Towers with Radar,37,64,23,1,125,0,0,10,0,10,37,64,33,1,135,2,2,4,139
08/19/2002,MDT,PA,AEA,EN,Towers with Radar,39,94,28,9,170,0,0,13,0,13,39,94,41,9,183,6,44,50,233
08/20/2002,MDT,PA,AEA,EN,Towers with Radar,61,94,34,13,202,0,1,26,0,27,61,95,60,13,229,24,38,62,291
08/21/2002,MDT,PA,AEA,EN,Towers with Radar,51,94,27,5,177,0,1,18,0,19,51,95,45,5,196,10,10,20,216
08/22/2002,MDT,PA,AEA,EN,Towers with Radar,52,109,41,8,210,0,2,11,0,13,52,111,52,8,223,4,32,36,259
08/23/2002,MDT,PA,AEA,EN,Towers with Radar,49,106,25,7,187,0,0,10,0,10,49,106,35,7,197,0,12,12,209
08/24/2002,MDT,PA,AEA,EN,Towers with Radar,49,81,10,6,146,0,2,0,0,2,49,83,10,6,148,10,4,14,162
08/25/2002,MDT,PA,AEA,EN,Towers with Radar,34,77,12,3,126,0,0,3,0,3,34,77,15,3,129,4,0,4,133
08/26/2002,MDT,PA,AEA,EN,Towers with Radar,36,95,28,7,166,0,0,17,0,17,36,95,45,7,183,14,10,24,207
08/27/2002,MDT,PA,AEA,EN,Towers with Radar,55,94,41,14,204,0,2,9,0,11,55,96,50,14,215,2,56,58,273
08/28/2002,MDT,PA,AEA,EN,Towers with Radar,53,98,42,12,205,0,0,1,0,1,53,98,43,12,206,4,38,42,248
08/29/2002,MDT,PA,AEA,EN,Towers with Radar,53,97,33,8,191,0,0,4,0,4,53,97,37,8,195,2,40,42,237
08/30/2002,MDT,PA,AEA,EN,Towers with Radar,49,104,25,0,178,0,0,25,1,26,49,104,50,1,204,6,0,6,210
08/31/2002,MDT,PA,AEA,EN,Towers with Radar,35,75,14,0,124,0,1,6,0,7,35,76,20,0,131,4,0,4,135
09/01/2002,MDT,PA,AEA,EN,Towers with Radar,29,59,6,0,94,0,0,5,0,5,29,59,11,0,99,0,0,0,99
09/02/2002,MDT,PA,AEA,EN,Towers with Radar,26,70,12,1,109,0,0,6,1,7,26,70,18,2,116,0,0,0,116
09/03/2002,MDT,PA,AEA,EN,Towers with Radar,37,100,27,10,174,0,0,8,0,8,37,100,35,10,182,20,76,96,278
09/04/2002,MDT,PA,AEA,EN,Towers with Radar,53,110,34,10,207,0,2,21,0,23,53,112,55,10,230,10,38,48,278
09/05/2002,MDT,PA,AEA,EN,Towers with Radar,54,112,33,5,204,0,1,19,0,20,54,113,52,5,224,10,6,16,240
09/06/2002,MDT,PA,AEA,EN,Towers with Radar,50,96,18,3,167,0,0,22,0,22,50,96,40,3,189,20,0,20,209
09/07/2002,MDT,PA,AEA,EN,Towers with Radar,36,76,6,4,122,0,6,10,0,16,36,82,16,4,138,8,0,8,146
09/08/2002,MDT,PA,AEA,EN,Towers with Radar,34,65,13,7,119,0,0,7,1,8,34,65,20,8,127,2,0,2,129
09/09/2002,MDT,PA,AEA,EN,Towers with Radar,47,96,30,9,182,0,1,13,0,14,47,97,43,9,196,2,20,22,218
09/10/2002,MDT,PA,AEA,EN,Towers with Radar,52,110,45,13,220,0,0,12,0,12,52,110,57,13,232,0,84,84,316
09/11/2002,MDT,PA,AEA,EN,Towers with Radar,50,102,46,15,213,0,2,4,0,6,50,104,50,15,219,14,38,52,271
09/12/2002,MDT,PA,AEA,EN,Towers with Radar,55,110,33,13,211,0,3,27,0,30,55,113,60,13,241,3,28,31,272
09/13/2002,MDT,PA,AEA,EN,Towers with Radar,62,101,20,7,190,0,0,11,0,11,62,101,31,7,201,2,4,6,207
09/14/2002,MDT,PA,AEA,EN,Towers with Radar,42,76,34,4,156,0,1,5,0,6,42,77,39,4,162,4,0,4,166
09/15/2002,MDT,PA,AEA,EN,Towers with Radar,37,82,20,7,146,0,0,0,0,0,37,82,20,7,146,0,0,0,146
09/16/2002,MDT,PA,AEA,EN,Towers with Radar,35,97,29,7,168,0,2,10,0,12,35,99,39,7,180,2,6,8,188
09/17/2002,MDT,PA,AEA,EN,Towers with Radar,61,94,29,5,189,0,4,17,0,21,61,98,46,5,210,6,0,6,216
09/18/2002,MDT,PA,AEA,EN,Towers with Radar,48,104,49,11,212,0,2,11,0,13,48,106,60,11,225,12,20,32,257
09/19/2002,MDT,PA,AEA,EN,Towers with Radar,52,97,32,17,198,0,0,2,0,2,52,97,34,17,200,4,0,4,204
09/20/2002,MDT,PA,AEA,EN,Towers with Radar,53,109,36,5,203,0,0,10,0,10,53,109,46,5,213,0,4,4,217
09/21/2002,MDT,PA,AEA,EN,Towers with Radar,42,72,13,12,139,0,1,10,1,12,42,73,23,13,151,0,12,12,163
09/22/2002,MDT,PA,AEA,EN,Towers with Radar,30,68,29,5,132,0,0,0,0,0,30,68,29,5,132,2,0,2,134
09/23/2002,MDT,PA,AEA,EN,Towers with Radar,33,102,36,0,171,0,1,6,0,7,33,103,42,0,178,0,8,8,186
09/24/2002,MDT,PA,AEA,EN,Towers with Radar,59,103,40,4,206,0,3,18,0,21,59,106,58,4,227,22,4,26,253
09/25/2002,MDT,PA,AEA,EN,Towers with Radar,51,105,49,6,211,0,1,22,0,23,51,106,71,6,234,24,10,34,268
09/26/2002,MDT,PA,AEA,EN,Towers with Radar,41,103,58,17,219,0,0,1,0,1,41,103,59,17,220,4,6,10,230
09/27/2002,MDT,PA,AEA,EN,Towers with Radar,54,103,32,7,196,0,0,0,0,0,54,103,32,7,196,4,4,8,204
09/28/2002,MDT,PA,AEA,EN,Towers with Radar,36,80,21,4,141,0,0,7,0,7,36,80,28,4,148,0,16,16,164
09/29/2002,MDT,PA,AEA,EN,Towers with Radar,41,68,12,2,123,0,0,5,0,5,41,68,17,2,128,0,0,0,128
09/30/2002,MDT,PA,AEA,EN,Towers with Radar,36,94,35,2,167,0,1,3,0,4,36,95,38,2,171,0,6,6,177
10/01/2002,MDT,PA,AEA,EN,Towers with Radar,44,99,30,16,189,0,1,10,0,11,44,100,40,16,200,6,70,76,276
10/02/2002,MDT,PA,AEA,EN,Towers with Radar,52,105,24,34,215,0,1,22,0,23,52,106,46,34,238,2,68,70,308
10/03/2002,MDT,PA,AEA,EN,Towers with Radar,51,98,19,14,182,0,2,7,0,9,51,100,26,14,191,0,2,2,193
10/04/2002,MDT,PA,AEA,EN,Towers with Radar,45,105,40,15,205,0,5,0,0,5,45,110,40,15,210,1,0,1,211
10/05/2002,MDT,PA,AEA,EN,Towers with Radar,31,76,19,0,126,0,0,7,1,8,31,76,26,1,134,0,0,0,134
10/06/2002,MDT,PA,AEA,EN,Towers with Radar,29,72,14,8,123,0,0,7,0,7,29,72,21,8,130,4,18,22,152
10/07/2002,MDT,PA,AEA,EN,Towers with Radar,34,91,37,21,183,0,1,6,0,7,34,92,43,21,190,12,26,38,228
10/08/2002,MDT,PA,AEA,EN,Towers with Radar,48,101,31,15,195,0,2,24,0,26,48,103,55,15,221,4,54,58,279
10/09/2002,MDT,PA,AEA,EN,Towers with Radar,40,107,42,27,216,0,0,10,0,10,40,107,52,27,226,13,44,57,283
10/10/2002,MDT,PA,AEA,EN,Towers with Radar,43,105,76,5,229,0,0,0,0,0,43,105,76,5,229,2,34,36,265
10/11/2002,MDT,PA,AEA,EN,Towers with Radar,42,96,31,5,174,0,0,0,0,0,42,96,31,5,174,2,0,2,176
10/12/2002,MDT,PA,AEA,EN,Towers with Radar,36,82,39,3,160,0,0,0,0,0,36,82,39,3,160,4,0,4,164
10/13/2002,MDT,PA,AEA,EN,Towers with Radar,30,70,33,0,133,0,0,0,0,0,30,70,33,0,133,6,2,8,141
10/14/2002,MDT,PA,AEA,EN,Towers with Radar,38,85,41,0,164,0,1,7,0,8,38,86,48,0,172,22,0,22,194
10/15/2002,MDT,PA,AEA,EN,Towers with Radar,56,81,28,13,178,0,2,17,0,19,56,83,45,13,197,7,60,67,264
10/16/2002,MDT,PA,AEA,EN,Towers with Radar,56,87,30,6,179,0,0,0,0,0,56,87,30,6,179,0,12,12,191
10/17/2002,MDT,PA,AEA,EN,Towers with Radar,43,108,43,19,213,0,1,9,0,10,43,109,52,19,223,2,38,40,263
10/18/2002,MDT,PA,AEA,EN,Towers with Radar,42,94,26,17,179,0,3,21,0,24,42,97,47,17,203,8,22,30,233
10/19/2002,MDT,PA,AEA,EN,Towers with Radar,33,77,20,1,131,0,0,3,0,3,33,77,23,1,134,0,0,0,134
10/20/2002,MDT,PA,AEA,EN,Towers with Radar,31,72,22,5,130,0,0,6,0,6,31,72,28,5,136,12,2,14,150
10/21/2002,MDT,PA,AEA,EN,Towers with Radar,33,79,25,3,140,0,4,11,0,15,33,83,36,3,155,2,36,38,193
10/22/2002,MDT,PA,AEA,EN,Towers with Radar,47,93,30,14,184,0,0,10,0,10,47,93,40,14,194,2,38,40,234
10/23/2002,MDT,PA,AEA,EN,Towers with Radar,46,91,26,0,163,0,2,6,0,8,46,93,32,0,171,8,88,96,267
10/24/2002,MDT,PA,AEA,EN,Towers with Radar,45,97,29,38,209,0,0,15,0,15,45,97,44,38,224,0,62,62,286
10/25/2002,MDT,PA,AEA,EN,Towers with Radar,47,102,26,11,186,0,0,2,0,2,47,102,28,11,188,0,0,0,188
10/26/2002,MDT,PA,AEA,EN,Towers with Radar,42,73,16,0,131,0,1,5,1,7,42,74,21,1,138,4,0,4,142
10/27/2002,MDT,PA,AEA,EN,Towers with Radar,31,65,14,7,117,0,0,10,0,10,31,65,24,7,127,4,0,4,131
10/28/2002,MDT,PA,AEA,EN,Towers with Radar,40,80,21,2,143,0,1,6,1,8,40,81,27,3,151,2,0,2,153
10/29/2002,MDT,PA,AEA,EN,Towers with Radar,49,101,41,8,199,0,0,6,0,6,49,101,47,8,205,6,18,24,229
10/30/2002,MDT,PA,AEA,EN,Towers with Radar,48,97,43,4,192,0,0,0,0,0,48,97,43,4,192,0,12,12,204
10/31/2002,MDT,PA,AEA,EN,Towers with Radar,46,110,36,12,204,0,1,15,0,16,46,111,51,12,220,10,32,42,262
11/01/2002,MDT,PA,AEA,EN,Towers with Radar,44,90,20,11,165,1,0,12,0,13,45,90,32,11,178,6,22,28,206
11/02/2002,MDT,PA,AEA,EN,Towers with Radar,31,74,12,7,124,1,0,5,0,6,32,74,17,7,130,2,50,52,182
11/03/2002,MDT,PA,AEA,EN,Towers with Radar,13,60,41,21,135,0,0,0,0,0,13,60,41,21,135,27,32,59,194
11/04/2002,MDT,PA,AEA,EN,Towers with Radar,27,102,34,13,176,0,0,12,0,12,27,102,46,13,188,0,22,22,210
11/05/2002,MDT,PA,AEA,EN,Towers with Radar,36,98,43,5,182,0,0,6,0,6,36,98,49,5,188,18,46,64,252
11/06/2002,MDT,PA,AEA,EN,Towers with Radar,39,104,46,27,216,0,1,4,0,5,39,105,50,27,221,2,69,71,292
11/07/2002,MDT,PA,AEA,EN,Towers with Radar,38,114,35,11,198,0,2,6,0,8,38,116,41,11,206,14,6,20,226
11/08/2002,MDT,PA,AEA,EN,Towers with Radar,39,109,27,9,184,0,1,12,0,13,39,110,39,9,197,4,16,20,217
11/09/2002,MDT,PA,AEA,EN,Towers with Radar,30,83,24,0,137,0,0,4,0,4,30,83,28,0,141,2,8,10,151
11/10/2002,MDT,PA,AEA,EN,Towers with Radar,30,76,10,0,116,0,0,0,0,0,30,76,10,0,116,6,0,6,122
11/11/2002,MDT,PA,AEA,EN,Towers with Radar,33,99,11,6,149,0,0,14,0,14,33,99,25,6,163,14,2,16,179
11/12/2002,MDT,PA,AEA,EN,Towers with Radar,46,105,28,6,185,0,0,6,0,6,46,105,34,6,191,0,20,20,211
11/13/2002,MDT,PA,AEA,EN,Towers with Radar,43,112,36,19,210,0,0,27,0,27,43,112,63,19,237,14,50,64,301
11/14/2002,MDT,PA,AEA,EN,Towers with Radar,41,102,30,18,191,0,1,17,0,18,41,103,47,18,209,6,24,30,239
11/15/2002,MDT,PA,AEA,EN,Towers with Radar,37,104,25,17,183,0,2,8,4,14,37,106,33,21,197,2,18,20,217
11/16/2002,MDT,PA,AEA,EN,Towers with Radar,33,81,20,8,142,0,2,0,0,2,33,83,20,8,144,4,2,6,150
11/17/2002,MDT,PA,AEA,EN,Towers with Radar,27,72,15,4,118,0,0,2,1,3,27,72,17,5,121,0,0,0,121
11/18/2002,MDT,PA,AEA,EN,Towers with Radar,28,103,16,11,158,0,0,11,0,11,28,103,27,11,169,0,10,10,179
11/19/2002,MDT,PA,AEA,EN,Towers with Radar,44,108,34,5,191,0,0,16,0,16,44,108,50,5,207,2,50,52,259
11/20/2002,MDT,PA,AEA,EN,Towers with Radar,37,107,54,19,217,0,1,9,0,10,37,108,63,19,227,14,48,62,289
11/21/2002,MDT,PA,AEA,EN,Towers with Radar,43,110,63,4,220,0,0,0,0,0,43,110,63,4,220,0,0,0,220
11/22/2002,MDT,PA,AEA,EN,Towers with Radar,38,105,30,5,178,0,0,1,0,1,38,105,31,5,179,0,16,16,195
11/23/2002,MDT,PA,AEA,EN,Towers with Radar,30,95,14,4,143,0,0,3,1,4,30,95,17,5,147,0,2,2,149
11/24/2002,MDT,PA,AEA,EN,Towers with Radar,21,54,12,29,116,0,0,9,0,9,21,54,21,29,125,12,5,17,142
11/25/2002,MDT,PA,AEA,EN,Towers with Radar,28,101,28,6,163,0,0,3,0,3,28,101,31,6,166,10,40,50,216
11/26/2002,MDT,PA,AEA,EN,Towers with Radar,42,111,33,12,198,0,2,10,0,12,42,113,43,12,210,2,58,60,270
11/27/2002,MDT,PA,AEA,EN,Towers with Radar,36,98,31,0,165,0,1,5,0,6,36,99,36,0,171,8,6,14,185
11/28/2002,MDT,PA,AEA,EN,Towers with Radar,31,73,4,0,108,0,1,8,0,9,31,74,12,0,117,6,0,6,123
11/29/2002,MDT,PA,AEA,EN,Towers with Radar,12,23,19,54,108,0,1,14,0,15,12,24,33,54,123,10,0,10,133
11/30/2002,MDT,PA,AEA,EN,Towers with Radar,36,82,5,0,123,0,0,5,0,5,36,82,10,0,128,0,0,0,128
12/01/2002,MDT,PA,AEA,EN,Towers with Radar,33,67,16,2,118,0,1,4,0,5,33,68,20,2,123,0,0,0,123
12/02/2002,MDT,PA,AEA,EN,Towers with Radar,32,95,31,1,159,0,0,15,1,16,32,95,46,2,175,0,0,0,175
12/03/2002,MDT,PA,AEA,EN,Towers with Radar,41,100,39,5,185,0,2,7,0,9,41,102,46,5,194,4,70,74,268
12/04/2002,MDT,PA,AEA,EN,Towers with Radar,36,108,32,7,183,0,1,13,0,14,36,109,45,7,197,8,44,52,249
12/05/2002,MDT,PA,AEA,EN,Towers with Radar,42,79,29,2,152,0,0,4,0,4,42,79,33,2,156,0,2,2,158
12/06/2002,MDT,PA,AEA,EN,Towers with Radar,36,105,30,12,183,0,0,9,1,10,36,105,39,13,193,4,2,6,199
12/07/2002,MDT,PA,AEA,EN,Towers with Radar,28,71,25,4,128,0,1,6,4,11,28,72,31,8,139,22,0,22,161
12/08/2002,MDT,PA,AEA,EN,Towers with Radar,25,83,15,3,126,0,0,2,0,2,25,83,17,3,128,4,8,12,140
12/09/2002,MDT,PA,AEA,EN,Towers with Radar,25,94,17,8,144,0,0,15,0,15,25,94,32,8,159,2,22,24,183
12/10/2002,MDT,PA,AEA,EN,Towers with Radar,51,94,40,11,196,0,0,14,0,14,51,94,54,11,210,4,88,92,302
12/11/2002,MDT,PA,AEA,EN,Towers with Radar,32,91,24,0,147,0,0,0,0,0,32,91,24,0,147,0,0,0,147
12/12/2002,MDT,PA,AEA,EN,Towers with Radar,43,119,33,22,217,0,0,19,0,19,43,119,52,22,236,4,76,80,316
12/13/2002,MDT,PA,AEA,EN,Towers with Radar,46,97,36,16,195,0,0,0,0,0,46,97,36,16,195,0,36,36,231
12/14/2002,MDT,PA,AEA,EN,Towers with Radar,31,82,6,3,122,0,0,1,0,1,31,82,7,3,123,0,10,10,133
12/15/2002,MDT,PA,AEA,EN,Towers with Radar,23,83,19,6,131,0,0,2,0,2,23,83,21,6,133,2,4,6,139
12/16/2002,MDT,PA,AEA,EN,Towers with Radar,26,96,22,2,146,0,0,7,0,7,26,96,29,2,153,0,0,0,153
12/17/2002,MDT,PA,AEA,EN,Towers with Radar,51,98,40,4,193,0,1,19,0,20,51,99,59,4,213,16,44,60,273
12/18/2002,MDT,PA,AEA,EN,Towers with Radar,37,112,55,4,208,0,0,17,0,17,37,112,72,4,225,2,26,28,253
12/19/2002,MDT,PA,AEA,EN,Towers with Radar,46,110,24,13,193,0,0,15,0,15,46,110,39,13,208,8,32,40,248
12/20/2002,MDT,PA,AEA,EN,Towers with Radar,48,101,17,6,172,0,0,11,0,11,48,101,28,6,183,10,24,34,217
12/21/2002,MDT,PA,AEA,EN,Towers with Radar,38,79,9,1,127,0,0,1,0,1,38,79,10,1,128,0,2,2,130
12/22/2002,MDT,PA,AEA,EN,Towers with Radar,28,80,12,1,121,0,0,8,0,8,28,80,20,1,129,16,0,16,145
12/23/2002,MDT,PA,AEA,EN,Towers with Radar,24,95,15,0,134,0,0,21,0,21,24,95,36,0,155,4,34,38,193
12/24/2002,MDT,PA,AEA,EN,Towers with Radar,43,89,8,3,143,0,3,8,0,11,43,92,16,3,154,0,0,0,154
12/25/2002,MDT,PA,AEA,EN,Towers with Radar,23,64,1,0,88,0,0,0,0,0,23,64,1,0,88,0,0,0,88
12/26/2002,MDT,PA,AEA,EN,Towers with Radar,27,84,14,0,125,0,0,2,0,2,27,84,16,0,127,0,0,0,127
12/27/2002,MDT,PA,AEA,EN,Towers with Radar,43,92,12,5,152,0,2,10,0,12,43,94,22,5,164,2,16,18,182
12/28/2002,MDT,PA,AEA,EN,Towers with Radar,39,70,8,0,117,0,2,5,0,7,39,72,13,0,124,7,2,9,133
12/29/2002,MDT,PA,AEA,EN,Towers with Radar,9,38,59,7,113,0,0,3,0,3,9,38,62,7,116,2,0,2,118
12/30/2002,MDT,PA,AEA,EN,Towers with Radar,28,92,14,11,145,0,0,8,0,8,28,92,22,11,153,26,48,74,227
12/31/2002,MDT,PA,AEA,EN,Towers with Radar,44,69,14,1,128,0,0,5,0,5,44,69,19,1,133,0,0,0,133
01/01/2003,MDT,PA,AEA,EN,Towers with Radar,29,72,10,1,112,1,1,0,0,2,30,73,10,1,114,0,0,0,114
01/02/2003,MDT,PA,AEA,EN,Towers with Radar,39,98,33,10,180,0,1,0,0,1,39,99,33,10,181,2,20,22,203
01/03/2003,MDT,PA,AEA,EN,Towers with Radar,40,80,13,0,133,0,1,0,0,1,40,81,13,0,134,0,0,0,134
01/04/2003,MDT,PA,AEA,EN,Towers with Radar,39,70,6,1,116,0,1,11,0,12,39,71,17,1,128,2,10,12,140
01/05/2003,MDT,PA,AEA,EN,Towers with Radar,21,58,7,3,89,0,1,1,0,2,21,59,8,3,91,0,0,0,91
01/06/2003,MDT,PA,AEA,EN,Towers with Radar,28,99,21,0,148,0,1,0,0,1,28,100,21,0,149,0,0,0,149
01/07/2003,MDT,PA,AEA,EN,Towers with Radar,36,109,27,29,201,0,0,17,0,17,36,109,44,29,218,8,66,74,292
01/08/2003,MDT,PA,AEA,EN,Towers with Radar,51,106,22,8,187,0,0,21,0,21,51,106,43,8,208,4,58,62,270
01/09/2003,MDT,PA,AEA,EN,Towers with Radar,42,88,41,20,191,0,1,7,3,11,42,89,48,23,202,12,40,52,254
01/10/2003,MDT,PA,AEA,EN,Towers with Radar,41,101,14,21,177,0,0,11,0,11,41,101,25,21,188,0,32,32,220
01/11/2003,MDT,PA,AEA,EN,Towers with Radar,26,72,8,7,113,0,0,1,0,1,26,72,9,7,114,0,10,10,124
01/12/2003,MDT,PA,AEA,EN,Towers with Radar,22,60,10,0,92,0,0,0,0,0,22,60,10,0,92,2,10,12,104
01/13/2003,MDT,PA,AEA,EN,Towers with Radar,25,95,25,23,168,0,0,13,0,13,25,95,38,23,181,6,74,80,261
01/14/2003,MDT,PA,AEA,EN,Towers with Radar,41,104,28,44,217,1,0,5,0,6,42,104,33,44,223,10,160,170,393
01/15/2003,MDT,PA,AEA,EN,Towers with Radar,34,109,42,45,230,1,0,9,0,10,35,109,51,45,240,2,60,62,302
01/16/2003,MDT,PA,AEA,EN,Towers with Radar,36,103,30,8,177,1,3,8,2,14,37,106,38,10,191,8,0,8,199
01/17/2003,MDT,PA,AEA,EN,Towers with Radar,40,99,12,6,157,1,0,6,0,7,41,99,18,6,164,8,20,28,192
01/18/2003,MDT,PA,AEA,EN,Towers with Radar,26,69,7,0,102,1,0,8,0,9,27,69,15,0,111,4,2,6,117
01/19/2003,MDT,PA,AEA,EN,Towers with Radar,19,69,4,3,95,1,0,6,0,7,20,69,10,3,102,14,16,30,132
01/20/2003,MDT,PA,AEA,EN,Towers with Radar,26,91,33,0,150,0,1,12,0,13,26,92,45,0,163,8,0,8,171
01/21/2003,MDT,PA,AEA,EN,Towers with Radar,45,110,47,17,219,0,1,12,0,13,45,111,59,17,232,0,30,30,262
01/22/2003,MDT,PA,AEA,EN,Towers with Radar,33,96,23,19,171,0,9,8,0,17,33,105,31,19,188,6,32,38,226
01/23/2003,MDT,PA,AEA,EN,Towers with Radar,41,91,28,23,183,0,0,21,4,25,41,91,49,27,208,2,42,44,252
01/24/2003,MDT,PA,AEA,EN,Towers with Radar,39,120,16,15,190,0,1,12,0,13,39,121,28,15,203,2,4,6,209
01/25/2003,MDT,PA,AEA,EN,Towers with Radar,25,67,10,4,106,0,1,2,0,3,25,68,12,4,109,4,26,30,139
01/26/2003,MDT,PA,AEA,EN,Towers with Radar,20,62,6,4,92,0,1,1,0,2,20,63,7,4,94,2,0,2,96
01/27/2003,MDT,PA,AEA,EN,Towers with Radar,23,96,33,6,158,0,1,11,0,12,23,97,44,6,170,4,102,106,276
01/28/2003,MDT,PA,AEA,EN,Towers with Radar,51,96,40,9,196,0,2,9,0,11,51,98,49,9,207,10,24,34,241
01/29/2003,MDT,PA,AEA,EN,Towers with Radar,38,98,32,16,184,0,1,0,0,1,38,99,32,16,185,2,50,52,237
01/30/2003,MDT,PA,AEA,EN,Towers with Radar,42,112,21,13,188,0,3,13,0,16,42,115,34,13,204,8,46,54,258
01/31/2003,MDT,PA,AEA,EN,Towers with Radar,35,107,27,3,172,0,1,0,0,1,35,108,27,3,173,4,0,4,177
02/01/2003,MDT,PA,AEA,EN,Towers with Radar,25,76,5,0,106,0,0,0,0,0,25,76,5,0,106,0,0,0,106
02/02/2003,MDT,PA,AEA,EN,Towers with Radar,22,67,8,1,98,0,0,8,0,8,22,67,16,1,106,0,0,0,106
02/03/2003,MDT,PA,AEA,EN,Towers with Radar,30,92,17,0,139,0,0,25,1,26,30,92,42,1,165,0,0,0,165
02/04/2003,MDT,PA,AEA,EN,Towers with Radar,49,107,17,5,178,0,0,1,0,1,49,107,18,5,179,0,16,16,195
02/05/2003,MDT,PA,AEA,EN,Towers with Radar,19,49,63,29,160,0,3,0,1,4,19,52,63,30,164,42,36,78,242
02/06/2003,MDT,PA,AEA,EN,Towers with Radar,46,103,26,27,202,0,0,12,0,12,46,103,38,27,214,4,88,92,306
02/07/2003,MDT,PA,AEA,EN,Towers with Radar,34,101,14,2,151,0,0,1,0,1,34,101,15,2,152,2,0,2,154
02/08/2003,MDT,PA,AEA,EN,Towers with Radar,30,79,7,1,117,0,0,8,0,8,30,79,15,1,125,8,32,40,165
02/09/2003,MDT,PA,AEA,EN,Towers with Radar,21,64,8,6,99,0,0,8,0,8,21,64,16,6,107,0,16,16,123
02/10/2003,MDT,PA,AEA,EN,Towers with Radar,25,107,29,9,170,0,1,1,0,2,25,108,30,9,172,0,16,16,188
02/11/2003,MDT,PA,AEA,EN,Towers with Radar,51,107,40,9,207,0,0,4,0,4,51,107,44,9,211,0,40,40,251
02/12/2003,MDT,PA,AEA,EN,Towers with Radar,37,109,33,7,186,0,0,4,0,4,37,109,37,7,190,0,8,8,198
02/13/2003,MDT,PA,AEA,EN,Towers with Radar,39,119,22,9,189,0,0,1,0,1,39,119,23,9,190,8,22,30,220
02/14/2003,MDT,PA,AEA,EN,Towers with Radar,35,111,16,3,165,0,0,24,0,24,35,111,40,3,189,0,24,24,213
02/15/2003,MDT,PA,AEA,EN,Towers with Radar,23,74,4,1,102,0,1,5,0,6,23,75,9,1,108,0,0,0,108
02/16/2003,MDT,PA,AEA,EN,Towers with Radar,9,29,5,1,44,0,0,7,0,7,9,29,12,1,51,0,0,0,51
02/17/2003,MDT,PA,AEA,EN,Towers with Radar,6,0,2,0,8,0,0,0,0,0,6,0,2,0,8,0,0,0,8
02/18/2003,MDT,PA,AEA,EN,Towers with Radar,27,88,34,0,149,0,4,6,0,10,27,92,40,0,159,0,0,0,159
02/19/2003,MDT,PA,AEA,EN,Towers with Radar,31,116,38,5,190,0,2,10,0,12,31,118,48,5,202,5,54,59,261
02/20/2003,MDT,PA,AEA,EN,Towers with Radar,45,105,39,7,196,0,3,10,0,13,45,108,49,7,209,0,8,8,217
02/21/2003,MDT,PA,AEA,EN,Towers with Radar,38,109,31,10,188,0,2,8,0,10,38,111,39,10,198,6,48,54,252
02/22/2003,MDT,PA,AEA,EN,Towers with Radar,28,54,10,2,94,0,0,0,0,0,28,54,10,2,94,4,0,4,98
02/23/2003,MDT,PA,AEA,EN,Towers with Radar,28,65,13,1,107,0,0,1,1,2,28,65,14,2,109,0,0,0,109
02/24/2003,MDT,PA,AEA,EN,Towers with Radar,23,102,40,2,167,0,0,7,0,7,23,102,47,2,174,4,26,30,204
02/25/2003,MDT,PA,AEA,EN,Towers with Radar,47,113,25,18,203,0,1,10,0,11,47,114,35,18,214,14,56,70,284
02/26/2003,MDT,PA,AEA,EN,Towers with Radar,41,109,40,1,191,0,0,7,0,7,41,109,47,1,198,0,4,4,202
02/27/2003,MDT,PA,AEA,EN,Towers with Radar,39,118,22,8,187,0,0,4,0,4,39,118,26,8,191,4,10,14,205
02/28/2003,MDT,PA,AEA,EN,Towers with Radar,33,113,10,3,159,0,0,2,0,2,33,113,12,3,161,0,10,10,171
03/01/2003,MDT,PA,AEA,EN,Towers with Radar,30,86,6,0,122,0,2,0,0,2,30,88,6,0,124,0,10,10,134
03/02/2003,MDT,PA,AEA,EN,Towers with Radar,19,69,13,2,103,0,0,0,0,0,19,69,13,2,103,6,0,6,109
03/03/2003,MDT,PA,AEA,EN,Towers with Radar,23,99,25,8,155,0,0,3,0,3,23,99,28,8,158,10,32,42,200
03/04/2003,MDT,PA,AEA,EN,Towers with Radar,37,112,33,10,192,0,0,8,0,8,37,112,41,10,200,2,56,58,258
03/05/2003,MDT,PA,AEA,EN,Towers with Radar,38,113,29,17,197,0,0,0,0,0,38,113,29,17,197,18,26,44,241
03/06/2003,MDT,PA,AEA,EN,Towers with Radar,38,122,13,4,177,0,0,1,0,1,38,122,14,4,178,0,8,8,186
03/07/2003,MDT,PA,AEA,EN,Towers with Radar,33,94,30,3,160,0,0,11,1,12,33,94,41,4,172,4,0,4,176
03/08/2003,MDT,PA,AEA,EN,Towers with Radar,23,78,18,0,119,0,0,12,0,12,23,78,30,0,131,16,0,16,147
03/09/2003,MDT,PA,AEA,EN,Towers with Radar,21,77,6,0,104,0,0,10,0,10,21,77,16,0,114,0,0,0,114
03/10/2003,MDT,PA,AEA,EN,Towers with Radar,26,90,27,5,148,0,0,5,0,5,26,90,32,5,153,0,32,32,185
03/11/2003,MDT,PA,AEA,EN,Towers with Radar,45,101,33,5,184,0,0,7,0,7,45,101,40,5,191,6,60,66,257
03/12/2003,MDT,PA,AEA,EN,Towers with Radar,42,112,33,12,199,0,0,10,0,10,42,112,43,12,209,6,30,36,245
03/13/2003,MDT,PA,AEA,EN,Towers with Radar,32,108,32,5,177,0,1,5,0,6,32,109,37,5,183,0,4,4,187
03/14/2003,MDT,PA,AEA,EN,Towers with Radar,46,118,13,7,184,0,1,12,0,13,46,119,25,7,197,30,14,44,241
03/15/2003,MDT,PA,AEA,EN,Towers with Radar,32,66,8,1,107,0,0,9,0,9,32,66,17,1,116,10,0,10,126
03/16/2003,MDT,PA,AEA,EN,Towers with Radar,17,72,13,1,103,0,0,5,3,8,17,72,18,4,111,12,0,12,123
03/17/2003,MDT,PA,AEA,EN,Towers with Radar,29,93,34,4,160,0,0,3,0,3,29,93,37,4,163,4,0,4,167
03/18/2003,MDT,PA,AEA,EN,Towers with Radar,41,105,32,23,201,0,0,7,13,20,41,105,39,36,221,6,56,62,283
03/19/2003,MDT,PA,AEA,EN,Towers with Radar,34,116,54,13,217,0,0,5,16,21,34,116,59,29,238,8,0,8,246
03/20/2003,MDT,PA,AEA,EN,Towers with Radar,53,96,43,6,198,0,0,0,0,0,53,96,43,6,198,0,0,0,198
03/21/2003,MDT,PA,AEA,EN,Towers with Radar,44,122,35,7,208,0,0,0,0,0,44,122,35,7,208,4,28,32,240
03/22/2003,MDT,PA,AEA,EN,Towers with Radar,24,63,26,1,114,0,0,2,0,2,24,63,28,1,116,4,0,4,120
03/23/2003,MDT,PA,AEA,EN,Towers with Radar,28,72,22,3,125,0,1,1,0,2,28,73,23,3,127,4,0,4,131
03/24/2003,MDT,PA,AEA,EN,Towers with Radar,29,93,20,2,144,0,1,18,0,19,29,94,38,2,163,4,2,6,169
03/25/2003,MDT,PA,AEA,EN,Towers with Radar,55,109,48,4,216,0,0,15,0,15,55,109,63,4,231,2,48,50,281
03/26/2003,MDT,PA,AEA,EN,Towers with Radar,35,101,43,2,181,0,0,5,0,5,35,101,48,2,186,4,0,4,190
03/27/2003,MDT,PA,AEA,EN,Towers with Radar,46,100,37,11,194,0,2,8,0,10,46,102,45,11,204,26,58,84,288
03/28/2003,MDT,PA,AEA,EN,Towers with Radar,40,109,22,2,173,0,0,20,0,20,40,109,42,2,193,2,22,24,217
03/29/2003,MDT,PA,AEA,EN,Towers with Radar,32,70,10,0,112,0,0,0,0,0,32,70,10,0,112,0,0,0,112
03/30/2003,MDT,PA,AEA,EN,Towers with Radar,18,72,15,2,107,0,0,0,0,0,18,72,15,2,107,0,0,0,107
03/31/2003,MDT,PA,AEA,EN,Towers with Radar,30,108,44,10,192,0,4,11,0,15,30,112,55,10,207,14,60,74,281
04/01/2003,MDT,PA,AEA,EN,Towers with Radar,30,97,42,14,183,0,3,0,0,3,30,100,42,14,186,24,8,32,218
04/02/2003,MDT,PA,AEA,EN,Towers with Radar,35,105,31,5,176,0,2,14,0,16,35,107,45,5,192,0,22,22,214
04/03/2003,MDT,PA,AEA,EN,Towers with Radar,34,101,35,19,189,0,1,15,0,16,34,102,50,19,205,12,50,62,267
04/04/2003,MDT,PA,AEA,EN,Towers with Radar,43,102,20,0,165,0,0,0,0,0,43,102,20,0,165,0,0,0,165
04/05/2003,MDT,PA,AEA,EN,Towers with Radar,35,65,5,4,109,0,3,2,0,5,35,68,7,4,114,0,0,0,114
04/06/2003,MDT,PA,AEA,EN,Towers with Radar,21,85,14,2,122,0,0,12,0,12,21,85,26,2,134,4,0,4,138
04/07/2003,MDT,PA,AEA,EN,Towers with Radar,26,80,19,1,126,0,0,0,0,0,26,80,19,1,126,0,0,0,126
04/08/2003,MDT,PA,AEA,EN,Towers with Radar,46,111,43,8,208,0,0,0,0,0,46,111,43,8,208,0,24,24,232
04/09/2003,MDT,PA,AEA,EN,Towers with Radar,40,117,52,6,215,0,0,0,0,0,40,117,52,6,215,0,20,20,235
04/10/2003,MDT,PA,AEA,EN,Towers with Radar,48,106,19,13,186,0,0,18,0,18,48,106,37,13,204,4,114,118,322
04/11/2003,MDT,PA,AEA,EN,Towers with Radar,38,106,16,8,168,0,0,0,0,0,38,106,16,8,168,0,24,24,192
04/12/2003,MDT,PA,AEA,EN,Towers with Radar,33,68,12,0,113,0,0,8,0,8,33,68,20,0,121,8,0,8,129
04/13/2003,MDT,PA,AEA,EN,Towers with Radar,23,78,14,7,122,0,0,12,1,13,23,78,26,8,135,3,0,3,138
04/14/2003,MDT,PA,AEA,EN,Towers with Radar,32,89,26,8,155,0,0,16,0,16,32,89,42,8,171,4,31,35,206
04/15/2003,MDT,PA,AEA,EN,Towers with Radar,34,114,37,19,204,0,0,26,0,26,34,114,63,19,230,8,20,28,258
04/16/2003,MDT,PA,AEA,EN,Towers with Radar,40,102,36,2,180,0,1,12,0,13,40,103,48,2,193,8,40,48,241
04/17/2003,MDT,PA,AEA,EN,Towers with Radar,39,113,31,16,199,0,0,0,0,0,39,113,31,16,199,14,38,52,251
04/18/2003,MDT,PA,AEA,EN,Towers with Radar,34,106,7,7,154,0,0,0,0,0,34,106,7,7,154,8,24,32,186
04/19/2003,MDT,PA,AEA,EN,Towers with Radar,28,78,10,2,118,0,0,4,0,4,28,78,14,2,122,2,0,2,124
04/20/2003,MDT,PA,AEA,EN,Towers with Radar,27,71,8,2,108,0,1,3,0,4,27,72,11,2,112,2,0,2,114
04/21/2003,MDT,PA,AEA,EN,Towers with Radar,28,97,41,7,173,0,0,4,0,4,28,97,45,7,177,2,6,8,185
04/22/2003,MDT,PA,AEA,EN,Towers with Radar,41,105,40,7,193,0,0,4,0,4,41,105,44,7,197,6,10,16,213
04/23/2003,MDT,PA,AEA,EN,Towers with Radar,38,112,36,7,193,0,0,4,0,4,38,112,40,7,197,12,4,16,213
04/24/2003,MDT,PA,AEA,EN,Towers with Radar,33,112,32,15,192,0,0,10,5,15,33,112,42,20,207,8,20,28,235
04/25/2003,MDT,PA,AEA,EN,Towers with Radar,51,92,25,4,172,0,0,7,1,8,51,92,32,5,180,8,0,8,188
04/26/2003,MDT,PA,AEA,EN,Towers with Radar,31,80,24,3,138,0,0,0,0,0,31,80,24,3,138,4,4,8,146
04/27/2003,MDT,PA,AEA,EN,Towers with Radar,24,76,15,2,117,0,0,1,1,2,24,76,16,3,119,8,0,8,127
04/28/2003,MDT,PA,AEA,EN,Towers with Radar,26,98,30,12,166,0,0,19,0,19,26,98,49,12,185,6,46,52,237
04/29/2003,MDT,PA,AEA,EN,Towers with Radar,38,101,27,16,182,0,0,5,0,5,38,101,32,16,187,34,64,98,285
04/30/2003,MDT,PA,AEA,EN,Towers with Radar,36,108,32,5,181,0,0,12,0,12,36,108,44,5,193,14,8,22,215
05/01/2003,MDT,PA,AEA,EN,Towers with Radar,44,107,25,21,197,0,0,3,0,3,44,107,28,21,200,0,64,64,264
05/02/2003,MDT,PA,AEA,EN,Towers with Radar,39,117,25,1,182,0,0,22,0,22,39,117,47,1,204,2,28,30,234
05/03/2003,MDT,PA,AEA,EN,Towers with Radar,33,73,15,2,123,0,0,2,0,2,33,73,17,2,125,0,0,0,125
05/04/2003,MDT,PA,AEA,EN,Towers with Radar,23,80,16,6,125,0,0,9,0,9,23,80,25,6,134,4,48,52,186
05/05/2003,MDT,PA,AEA,EN,Towers with Radar,24,106,31,4,165,0,1,9,0,10,24,107,40,4,175,0,8,8,183
05/06/2003,MDT,PA,AEA,EN,Towers with Radar,42,115,39,19,215,0,1,3,0,4,42,116,42,19,219,4,28,32,251
05/07/2003,MDT,PA,AEA,EN,Towers with Radar,39,108,29,6,182,0,0,7,0,7,39,108,36,6,189,8,72,80,269
05/08/2003,MDT,PA,AEA,EN,Towers with Radar,44,112,33,14,203,0,0,3,0,3,44,112,36,14,206,0,36,36,242
05/09/2003,MDT,PA,AEA,EN,Towers with Radar,48,110,33,2,193,0,0,0,0,0,48,110,33,2,193,0,0,0,193
05/10/2003,MDT,PA,AEA,EN,Towers with Radar,31,69,17,2,119,0,0,4,0,4,31,69,21,2,123,4,0,4,127
05/11/2003,MDT,PA,AEA,EN,Towers with Radar,25,79,11,0,115,0,0,0,0,0,25,79,11,0,115,0,0,0,115
05/12/2003,MDT,PA,AEA,EN,Towers with Radar,25,106,28,4,163,0,0,6,0,6,25,106,34,4,169,4,40,44,213
05/13/2003,MDT,PA,AEA,EN,Towers with Radar,35,91,51,24,201,0,0,0,0,0,35,91,51,24,201,24,36,60,261
05/14/2003,MDT,PA,AEA,EN,Towers with Radar,38,128,49,8,223,0,0,5,0,5,38,128,54,8,228,10,76,86,314
05/15/2003,MDT,PA,AEA,EN,Towers with Radar,47,118,44,17,226,0,0,14,0,14,47,118,58,17,240,16,34,50,290
05/16/2003,MDT,PA,AEA,EN,Towers with Radar,41,101,38,9,189,0,0,1,0,1,41,101,39,9,190,0,0,0,190
05/17/2003,MDT,PA,AEA,EN,Towers with Radar,31,74,11,8,124,0,0,0,0,0,31,74,11,8,124,2,18,20,144
05/18/2003,MDT,PA,AEA,EN,Towers with Radar,21,80,15,4,120,0,0,6,1,7,21,80,21,5,127,2,0,2,129
05/19/2003,MDT,PA,AEA,EN,Towers with Radar,22,106,36,17,181,0,0,24,0,24,22,106,60,17,205,6,20,26,231
05/20/2003,MDT,PA,AEA,EN,Towers with Radar,40,95,43,5,183,0,0,6,0,6,40,95,49,5,189,23,20,43,232
05/21/2003,MDT,PA,AEA,EN,Towers with Radar,42,108,49,6,205,0,2,0,0,2,42,110,49,6,207,4,34,38,245
05/22/2003,MDT,PA,AEA,EN,Towers with Radar,42,108,45,42,237,0,6,10,0,16,42,114,55,42,253,4,96,100,353
05/23/2003,MDT,PA,AEA,EN,Towers with Radar,36,110,34,0,180,0,0,1,0,1,36,110,35,0,181,0,0,0,181
05/24/2003,MDT,PA,AEA,EN,Towers with Radar,26,86,10,0,122,0,0,1,0,1,26,86,11,0,123,2,0,2,125
05/25/2003,MDT,PA,AEA,EN,Towers with Radar,33,64,9,0,106,0,0,1,0,1,33,64,10,0,107,4,0,4,111
05/26/2003,MDT,PA,AEA,EN,Towers with Radar,24,92,10,0,126,0,0,0,0,0,24,92,10,0,126,2,0,2,128
05/27/2003,MDT,PA,AEA,EN,Towers with Radar,37,99,27,7,170,0,0,5,0,5,37,99,32,7,175,4,2,6,181
05/28/2003,MDT,PA,AEA,EN,Towers with Radar,35,117,20,3,175,0,0,0,0,0,35,117,20,3,175,0,16,16,191
05/29/2003,MDT,PA,AEA,EN,Towers with Radar,38,118,23,6,185,0,0,18,0,18,38,118,41,6,203,4,26,30,233
05/30/2003,MDT,PA,AEA,EN,Towers with Radar,57,105,31,1,194,0,4,16,0,20,57,109,47,1,214,2,28,30,244
05/31/2003,MDT,PA,AEA,EN,Towers with Radar,30,82,13,0,125,0,6,4,0,10,30,88,17,0,135,2,0,2,137
06/01/2003,MDT,PA,AEA,EN,Towers with Radar,10,46,12,34,102,0,0,0,0,0,10,46,12,34,102,18,6,24,126
06/02/2003,MDT,PA,AEA,EN,Towers with Radar,23,98,34,10,165,0,0,19,0,19,23,98,53,10,184,0,64,64,248
06/03/2003,MDT,PA,AEA,EN,Towers with Radar,45,107,58,21,231,0,0,5,0,5,45,107,63,21,236,2,64,66,302
06/04/2003,MDT,PA,AEA,EN,Towers with Radar,43,104,73,10,230,0,0,0,0,0,43,104,73,10,230,2,14,16,246
06/05/2003,MDT,PA,AEA,EN,Towers with Radar,53,110,42,10,215,0,0,14,0,14,53,110,56,10,229,8,56,64,293
06/06/2003,MDT,PA,AEA,EN,Towers with Radar,34,112,28,21,195,0,2,21,0,23,34,114,49,21,218,4,30,34,252
06/07/2003,MDT,PA,AEA,EN,Towers with Radar,32,76,15,4,127,0,0,0,0,0,32,76,15,4,127,0,0,0,127
06/08/2003,MDT,PA,AEA,EN,Towers with Radar,26,52,42,6,126,0,0,0,0,0,26,52,42,6,126,22,4,26,152
06/09/2003,MDT,PA,AEA,EN,Towers with Radar,25,101,33,0,159,0,0,7,0,7,25,101,40,0,166,2,6,8,174
06/10/2003,MDT,PA,AEA,EN,Towers with Radar,45,104,43,9,201,0,1,12,0,13,45,105,55,9,214,14,40,54,268
06/11/2003,MDT,PA,AEA,EN,Towers with Radar,42,122,35,7,206,0,0,4,0,4,42,122,39,7,210,4,42,46,256
06/12/2003,MDT,PA,AEA,EN,Towers with Radar,42,116,31,24,213,0,0,5,0,5,42,116,36,24,218,3,78,81,299
06/13/2003,MDT,PA,AEA,EN,Towers with Radar,56,114,34,6,210,0,0,3,0,3,56,114,37,6,213,2,28,30,243
06/14/2003,MDT,PA,AEA,EN,Towers with Radar,35,80,9,6,130,0,0,5,0,5,35,80,14,6,135,4,0,4,139
06/15/2003,MDT,PA,AEA,EN,Towers with Radar,19,80,13,1,113,0,2,9,2,13,19,82,22,3,126,0,0,0,126
06/16/2003,MDT,PA,AEA,EN,Towers with Radar,28,98,33,13,172,0,0,18,0,18,28,98,51,13,190,0,14,14,204
06/17/2003,MDT,PA,AEA,EN,Towers with Radar,50,101,42,19,212,0,0,5,0,5,50,101,47,19,217,6,36,42,259
06/18/2003,MDT,PA,AEA,EN,Towers with Radar,47,105,38,10,200,0,0,1,0,1,47,105,39,10,201,2,54,56,257
06/19/2003,MDT,PA,AEA,EN,Towers with Radar,46,105,41,17,209,0,0,0,0,0,46,105,41,17,209,2,32,34,243
06/20/2003,MDT,PA,AEA,EN,Towers with Radar,36,100,34,10,180,0,0,1,0,1,36,100,35,10,181,0,14,14,195
06/21/2003,MDT,PA,AEA,EN,Towers with Radar,42,83,19,4,148,0,0,3,0,3,42,83,22,4,151,0,0,0,151
06/22/2003,MDT,PA,AEA,EN,Towers with Radar,23,84,14,3,124,0,0,7,1,8,23,84,21,4,132,2,0,2,134
06/23/2003,MDT,PA,AEA,EN,Towers with Radar,23,101,36,4,164,0,0,22,0,22,23,101,58,4,186,4,6,10,196
06/24/2003,MDT,PA,AEA,EN,Towers with Radar,43,116,38,9,206,0,0,8,0,8,43,116,46,9,214,4,16,20,234
06/25/2003,MDT,PA,AEA,EN,Towers with Radar,37,124,32,8,201,0,1,25,0,26,37,125,57,8,227,8,34,42,269
06/26/2003,MDT,PA,AEA,EN,Towers with Radar,52,98,25,26,201,0,0,4,2,6,52,98,29,28,207,4,28,32,239
06/27/2003,MDT,PA,AEA,EN,Towers with Radar,52,97,35,7,191,0,0,4,0,4,52,97,39,7,195,0,28,28,223
06/28/2003,MDT,PA,AEA,EN,Towers with Radar,38,67,4,2,111,0,0,11,0,11,38,67,15,2,122,2,12,14,136
06/29/2003,MDT,PA,AEA,EN,Towers with Radar,19,84,15,2,120,0,0,5,0,5,19,84,20,2,125,12,0,12,137
06/30/2003,MDT,PA,AEA,EN,Towers with Radar,28,98,31,4,161,0,0,10,0,10,28,98,41,4,171,26,16,42,213
07/01/2003,MDT,PA,AEA,EN,Towers with Radar,46,105,45,24,220,0,1,25,0,26,46,106,70,24,246,0,66,66,312
07/02/2003,MDT,PA,AEA,EN,Towers with Radar,41,113,28,29,211,0,1,2,0,3,41,114,30,29,214,22,102,124,338
07/03/2003,MDT,PA,AEA,EN,Towers with Radar,36,113,22,15,186,0,0,6,0,6,36,113,28,15,192,10,55,65,257
07/04/2003,MDT,PA,AEA,EN,Towers with Radar,29,71,5,3,108,0,0,7,0,7,29,71,12,3,115,0,24,24,139
07/05/2003,MDT,PA,AEA,EN,Towers with Radar,21,63,11,0,95,0,0,2,0,2,21,63,13,0,97,0,0,0,97
07/06/2003,MDT,PA,AEA,EN,Towers with Radar,19,79,12,0,110,0,0,7,0,7,19,79,19,0,117,0,0,0,117
07/07/2003,MDT,PA,AEA,EN,Towers with Radar,39,94,39,0,172,0,0,9,0,9,39,94,48,0,181,2,52,54,235
07/08/2003,MDT,PA,AEA,EN,Towers with Radar,36,110,29,5,180,0,1,3,0,4,36,111,32,5,184,0,70,70,254
07/09/2003,MDT,PA,AEA,EN,Towers with Radar,33,107,51,8,199,0,1,12,0,13,33,108,63,8,212,4,68,72,284
07/10/2003,MDT,PA,AEA,EN,Towers with Radar,47,101,45,23,216,0,0,1,0,1,47,101,46,23,217,0,30,30,247
07/11/2003,MDT,PA,AEA,EN,Towers with Radar,37,119,15,13,184,0,1,5,0,6,37,120,20,13,190,0,16,16,206
07/12/2003,MDT,PA,AEA,EN,Towers with Radar,32,79,13,13,137,0,1,8,0,9,32,80,21,13,146,8,12,20,166
07/13/2003,MDT,PA,AEA,EN,Towers with Radar,35,79,18,4,136,0,0,16,0,16,35,79,34,4,152,4,2,6,158
07/14/2003,MDT,PA,AEA,EN,Towers with Radar,22,101,18,9,150,0,0,17,0,17,22,101,35,9,167,2,8,10,177
07/15/2003,MDT,PA,AEA,EN,Towers with Radar,53,111,32,11,207,0,0,49,0,49,53,111,81,11,256,0,28,28,284
07/16/2003,MDT,PA,AEA,EN,Towers with Radar,35,115,41,17,208,0,1,21,0,22,35,116,62,17,230,4,22,26,256
07/17/2003,MDT,PA,AEA,EN,Towers with Radar,37,108,38,16,199,0,0,22,0,22,37,108,60,16,221,0,76,76,297
07/18/2003,MDT,PA,AEA,EN,Towers with Radar,49,97,10,1,157,0,1,8,0,9,49,98,18,1,166,8,16,24,190
07/19/2003,MDT,PA,AEA,EN,Towers with Radar,40,69,14,4,127,0,0,10,0,10,40,69,24,4,137,10,4,14,151
07/20/2003,MDT,PA,AEA,EN,Towers with Radar,26,76,19,0,121,0,0,9,0,9,26,76,28,0,130,14,14,28,158
07/21/2003,MDT,PA,AEA,EN,Towers with Radar,25,84,33,2,144,0,0,0,0,0,25,84,33,2,144,2,0,2,146
07/22/2003,MDT,PA,AEA,EN,Towers with Radar,56,101,30,24,211,0,2,4,0,6,56,103,34,24,217,8,12,20,237
07/23/2003,MDT,PA,AEA,EN,Towers with Radar,38,114,27,8,187,0,0,4,0,4,38,114,31,8,191,2,2,4,195
07/24/2003,MDT,PA,AEA,EN,Towers with Radar,39,117,21,13,190,0,0,14,0,14,39,117,35,13,204,0,14,14,218
07/25/2003,MDT,PA,AEA,EN,Towers with Radar,48,100,28,12,188,0,0,17,0,17,48,100,45,12,205,10,40,50,255
07/26/2003,MDT,PA,AEA,EN,Towers with Radar,29,83,17,0,129,0,0,15,0,15,29,83,32,0,144,2,0,2,146
07/27/2003,MDT,PA,AEA,EN,Towers with Radar,25,74,12,2,113,0,0,5,0,5,25,74,17,2,118,0,6,6,124
07/28/2003,MDT,PA,AEA,EN,Towers with Radar,28,97,32,2,159,0,1,7,0,8,28,98,39,2,167,0,0,0,167
07/29/2003,MDT,PA,AEA,EN,Towers with Radar,41,110,36,9,196,0,0,17,0,17,41,110,53,9,213,4,14,18,231
07/30/2003,MDT,PA,AEA,EN,Towers with Radar,40,118,41,15,214,0,0,12,0,12,40,118,53,15,226,0,42,42,268
07/31/2003,MDT,PA,AEA,EN,Towers with Radar,36,113,27,8,184,0,0,2,0,2,36,113,29,8,186,4,20,24,210
08/01/2003,MDT,PA,AEA,EN,Towers with Radar,33,99,29,0,161,0,1,3,0,4,33,100,32,0,165,8,4,12,177
08/02/2003,MDT,PA,AEA,EN,Towers with Radar,30,81,10,0,121,0,0,6,0,6,30,81,16,0,127,0,0,0,127
08/03/2003,MDT,PA,AEA,EN,Towers with Radar,28,70,13,1,112,0,3,2,0,5,28,73,15,1,117,0,0,0,117
08/04/2003,MDT,PA,AEA,EN,Towers with Radar,31,103,26,2,162,0,0,0,0,0,31,103,26,2,162,2,2,4,166
08/05/2003,MDT,PA,AEA,EN,Towers with Radar,54,115,31,6,206,0,0,9,0,9,54,115,40,6,215,3,4,7,222
08/06/2003,MDT,PA,AEA,EN,Towers with Radar,39,114,32,15,200,0,0,7,0,7,39,114,39,15,207,2,32,34,241
08/07/2003,MDT,PA,AEA,EN,Towers with Radar,59,98,34,9,200,0,3,4,0,7,59,101,38,9,207,4,110,114,321
08/08/2003,MDT,PA,AEA,EN,Towers with Radar,38,118,26,5,187,0,0,1,0,1,38,118,27,5,188,8,0,8,196
08/09/2003,MDT,PA,AEA,EN,Towers with Radar,37,76,7,3,123,0,0,1,0,1,37,76,8,3,124,0,0,0,124
08/10/2003,MDT,PA,AEA,EN,Towers with Radar,23,79,19,5,126,0,0,6,1,7,23,79,25,6,133,8,0,8,141
08/11/2003,MDT,PA,AEA,EN,Towers with Radar,27,94,32,6,159,0,0,0,0,0,27,94,32,6,159,6,4,10,169
08/12/2003,MDT,PA,AEA,EN,Towers with Radar,44,140,37,20,241,0,0,3,0,3,44,140,40,20,244,10,32,42,286
08/13/2003,MDT,PA,AEA,EN,Towers with Radar,44,102,37,6,189,0,0,7,0,7,44,102,44,6,196,1,10,11,207
08/14/2003,MDT,PA,AEA,EN,Towers with Radar,50,107,29,17,203,0,1,8,0,9,50,108,37,17,212,6,48,54,266
08/15/2003,MDT,PA,AEA,EN,Towers with Radar,40,103,20,0,163,0,0,13,0,13,40,103,33,0,176,0,0,0,176
08/16/2003,MDT,PA,AEA,EN,Towers with Radar,34,66,10,0,110,0,0,0,0,0,34,66,10,0,110,2,0,2,112
08/17/2003,MDT,PA,AEA,EN,Towers with Radar,26,79,21,1,127,0,0,2,0,2,26,79,23,1,129,10,0,10,139
08/18/2003,MDT,PA,AEA,EN,Towers with Radar,29,107,26,3,165,0,5,8,1,14,29,112,34,4,179,11,2,13,192
08/19/2003,MDT,PA,AEA,EN,Towers with Radar,63,124,35,15,237,0,0,26,0,26,63,124,61,15,263,10,2,12,275
08/20/2003,MDT,PA,AEA,EN,Towers with Radar,50,115,22,11,198,0,2,0,0,2,50,117,22,11,200,28,22,50,250
08/21/2003,MDT,PA,AEA,EN,Towers with Radar,31,104,35,19,189,0,0,14,0,14,31,104,49,19,203,4,22,26,229
08/22/2003,MDT,PA,AEA,EN,Towers with Radar,43,119,21,8,191,0,0,5,0,5,43,119,26,8,196,4,10,14,210
08/23/2003,MDT,PA,AEA,EN,Towers with Radar,29,86,21,1,137,0,0,18,0,18,29,86,39,1,155,6,0,6,161
08/24/2003,MDT,PA,AEA,EN,Towers with Radar,28,74,27,9,138,0,0,19,2,21,28,74,46,11,159,4,12,16,175
08/25/2003,MDT,PA,AEA,EN,Towers with Radar,29,104,26,7,166,0,0,19,1,20,29,104,45,8,186,2,0,2,188
08/26/2003,MDT,PA,AEA,EN,Towers with Radar,37,110,35,10,192,0,0,4,0,4,37,110,39,10,196,4,2,6,202
08/27/2003,MDT,PA,AEA,EN,Towers with Radar,42,108,34,9,193,0,1,2,1,4,42,109,36,10,197,7,12,19,216
08/28/2003,MDT,PA,AEA,EN,Towers with Radar,39,107,24,9,179,0,3,26,0,29,39,110,50,9,208,18,11,29,237
08/29/2003,MDT,PA,AEA,EN,Towers with Radar,47,95,20,8,170,0,0,4,2,6,47,95,24,10,176,0,22,22,198
08/30/2003,MDT,PA,AEA,EN,Towers with Radar,31,82,1,0,114,0,0,2,0,2,31,82,3,0,116,4,0,4,120
08/31/2003,MDT,PA,AEA,EN,Towers with Radar,30,58,6,0,94,0,0,6,0,6,30,58,12,0,100,16,0,16,116
09/01/2003,MDT,PA,AEA,EN,Combined TRACON& Tower with Radar,22,68,14,3,107,0,0,0,0,0,22,68,14,3,107,4,0,4,111
09/02/2003,MDT,PA,AEA,EN,Combined TRACON& Tower with Radar,39,108,24,8,179,0,0,0,0,0,39,108,24,8,179,4,14,18,197
09/03/2003,MDT,PA,AEA,EN,Combined TRACON& Tower with Radar,40,115,42,8,205,0,0,0,0,0,40,115,42,8,205,6,2,8,213
09/04/2003,MDT,PA,AEA,EN,Combined TRACON& Tower with Radar,43,109,39,14,205,0,0,6,0,6,43,109,45,14,211,0,10,10,221
09/05/2003,MDT,PA,AEA,EN,Combined TRACON& Tower with Radar,54,106,28,10,198,0,0,12,0,12,54,106,40,10,210,2,4,6,216
09/06/2003,MDT,PA,AEA,EN,Combined TRACON& Tower with Radar,30,80,10,4,124,0,0,12,0,12,30,80,22,4,136,6,8,14,150
09/07/2003,MDT,PA,AEA,EN,Combined TRACON& Tower with Radar,19,87,22,12,140,0,1,12,0,13,19,88,34,12,153,10,0,10,163
09/08/2003,MDT,PA,AEA,EN,Combined TRACON& Tower with Radar,22,106,16,11,155,0,1,6,0,7,22,107,22,11,162,8,14,22,184
09/09/2003,MDT,PA,AEA,EN,Combined TRACON& Tower with Radar,51,102,30,18,201,0,0,15,0,15,51,102,45,18,216,2,17,19,235
09/10/2003,MDT,PA,AEA,EN,Combined TRACON& Tower with Radar,41,103,45,7,196,0,0,10,0,10,41,103,55,7,206,4,30,34,240
09/11/2003,MDT,PA,AEA,EN,Combined TRACON& Tower with Radar,36,100,50,10,196,0,0,8,0,8,36,100,58,10,204,4,16,20,224
09/12/2003,MDT,PA,AEA,EN,Combined TRACON& Tower with Radar,34,122,32,8,196,0,0,10,0,10,34,122,42,8,206,4,12,16,222
09/13/2003,MDT,PA,AEA,EN,Combined TRACON& Tower with Radar,38,75,15,2,130,0,0,0,0,0,38,75,15,2,130,0,0,0,130
09/14/2003,MDT,PA,AEA,EN,Combined TRACON& Tower with Radar,26,87,11,1,125,0,0,5,0,5,26,87,16,1,130,0,1,1,131
09/15/2003,MDT,PA,AEA,EN,Combined TRACON& Tower with Radar,25,106,31,3,165,0,0,0,0,0,25,106,31,3,165,0,0,0,165
09/16/2003,MDT,PA,AEA,EN,Combined TRACON& Tower with Radar,45,121,35,9,210,0,1,18,0,19,45,122,53,9,229,12,4,16,245
09/17/2003,MDT,PA,AEA,EN,Combined TRACON& Tower with Radar,34,112,31,8,185,0,3,13,0,16,34,115,44,8,201,2,8,10,211
09/18/2003,MDT,PA,AEA,EN,Combined TRACON& Tower with Radar,32,97,25,1,155,0,0,1,0,1,32,97,26,1,156,0,0,0,156
09/19/2003,MDT,PA,AEA,EN,Combined TRACON& Tower with Radar,40,87,6,0,133,0,0,4,0,4,40,87,10,0,137,2,0,2,139
09/20/2003,MDT,PA,AEA,EN,Combined TRACON& Tower with Radar,31,75,16,2,124,0,0,14,0,14,31,75,30,2,138,8,0,8,146
09/21/2003,MDT,PA,AEA,EN,Combined TRACON& Tower with Radar,24,81,12,0,117,0,0,3,0,3,24,81,15,0,120,0,0,0,120
09/22/2003,MDT,PA,AEA,EN,Combined TRACON& Tower with Radar,24,109,25,2,160,0,0,0,0,0,24,109,25,2,160,2,6,8,168
09/23/2003,MDT,PA,AEA,EN,Combined TRACON& Tower with Radar,41,124,43,2,210,0,0,3,0,3,41,124,46,2,213,0,0,0,213
09/24/2003,MDT,PA,AEA,EN,Combined TRACON& Tower with Radar,36,120,40,10,206,0,0,7,0,7,36,120,47,10,213,14,26,40,253
09/25/2003,MDT,PA,AEA,EN,Combined TRACON& Tower with Radar,52,105,43,10,210,0,0,17,3,20,52,105,60,13,230,2,26,28,258
09/26/2003,MDT,PA,AEA,EN,Combined TRACON& Tower with Radar,43,108,29,1,181,0,0,9,0,9,43,108,38,1,190,2,4,6,196
09/27/2003,MDT,PA,AEA,EN,Combined TRACON& Tower with Radar,24,84,16,2,126,0,0,0,1,1,24,84,16,3,127,4,0,4,131
09/28/2003,MDT,PA,AEA,EN,Combined TRACON& Tower with Radar,21,95,18,0,134,0,1,4,0,5,21,96,22,0,139,4,1,5,144
09/29/2003,MDT,PA,AEA,EN,Combined TRACON& Tower with Radar,23,119,29,4,175,0,1,4,0,5,23,120,33,4,180,6,16,22,202
09/30/2003,MDT,PA,AEA,EN,Combined TRACON& Tower with Radar,40,115,30,3,188,0,2,12,0,14,40,117,42,3,202,14,0,14,216
10/01/2003,MDT,PA,AEA,EN,Combined TRACON& Tower with Radar,45,118,18,13,194,0,0,9,0,9,45,118,27,13,203,2,24,26,229
10/02/2003,MDT,PA,AEA,EN,Combined TRACON& Tower with Radar,39,119,34,13,205,0,0,1,0,1,39,119,35,13,206,18,14,32,238
10/03/2003,MDT,PA,AEA,EN,Combined TRACON& Tower with Radar,31,110,24,10,175,0,4,11,0,15,31,114,35,10,190,2,6,8,198
10/04/2003,MDT,PA,AEA,EN,Combined TRACON& Tower with Radar,36,78,24,0,138,0,0,4,0,4,36,78,28,0,142,4,0,4,146
10/05/2003,MDT,PA,AEA,EN,Combined TRACON& Tower with Radar,17,89,17,11,134,0,0,10,2,12,17,89,27,13,146,0,8,8,154
10/06/2003,MDT,PA,AEA,EN,Combined TRACON& Tower with Radar,24,103,28,23,178,0,1,8,1,10,24,104,36,24,188,0,14,14,202
10/07/2003,MDT,PA,AEA,EN,Combined TRACON& Tower with Radar,33,109,35,4,181,0,1,27,0,28,33,110,62,4,209,2,32,34,243
10/08/2003,MDT,PA,AEA,EN,Combined TRACON& Tower with Radar,45,117,37,5,204,0,0,11,0,11,45,117,48,5,215,6,14,20,235
10/09/2003,MDT,PA,AEA,EN,Combined TRACON& Tower with Radar,44,115,67,4,230,0,0,13,0,13,44,115,80,4,243,4,12,16,259
10/10/2003,MDT,PA,AEA,EN,Combined TRACON& Tower with Radar,36,134,57,6,233,0,0,3,0,3,36,134,60,6,236,0,0,0,236
10/11/2003,MDT,PA,AEA,EN,Combined TRACON& Tower with Radar,34,87,54,0,175,0,0,0,0,0,34,87,54,0,175,38,0,38,213
10/12/2003,MDT,PA,AEA,EN,Combined TRACON& Tower with Radar,19,86,40,7,152,0,0,12,0,12,19,86,52,7,164,2,0,2,166
10/13/2003,MDT,PA,AEA,EN,Combined TRACON& Tower with Radar,19,101,26,1,147,0,1,11,0,12,19,102,37,1,159,2,0,2,161
10/14/2003,MDT,PA,AEA,EN,Combined TRACON& Tower with Radar,44,111,40,19,214,0,3,7,0,10,44,114,47,19,224,2,30,32,256
10/15/2003,MDT,PA,AEA,EN,Combined TRACON& Tower with Radar,42,134,20,3,199,0,0,3,0,3,42,134,23,3,202,2,0,2,204
10/16/2003,MDT,PA,AEA,EN,Combined TRACON& Tower with Radar,39,117,40,23,219,0,0,15,0,15,39,117,55,23,234,4,70,74,308
10/17/2003,MDT,PA,AEA,EN,Combined TRACON& Tower with Radar,35,123,33,12,203,0,0,4,1,5,35,123,37,13,208,0,0,0,208
10/18/2003,MDT,PA,AEA,EN,Combined TRACON& Tower with Radar,28,92,10,5,135,0,0,8,2,10,28,92,18,7,145,0,0,0,145
10/19/2003,MDT,PA,AEA,EN,Combined TRACON& Tower with Radar,27,88,24,14,153,0,1,2,0,3,27,89,26,14,156,8,0,8,164
10/20/2003,MDT,PA,AEA,EN,Combined TRACON& Tower with Radar,35,99,39,27,200,0,0,16,0,16,35,99,55,27,216,18,40,58,274
10/21/2003,MDT,PA,AEA,EN,Combined TRACON& Tower with Radar,36,122,39,15,212,0,0,11,0,11,36,122,50,15,223,6,0,6,229
10/22/2003,MDT,PA,AEA,EN,Combined TRACON& Tower with Radar,34,123,33,24,214,0,2,0,0,2,34,125,33,24,216,66,22,88,304
10/23/2003,MDT,PA,AEA,EN,Combined TRACON& Tower with Radar,41,105,32,20,198,0,1,0,0,1,41,106,32,20,199,69,34,103,302
10/24/2003,MDT,PA,AEA,EN,Combined TRACON& Tower with Radar,49,103,31,6,189,0,1,5,0,6,49,104,36,6,195,22,2,24,219
10/25/2003,MDT,PA,AEA,EN,Combined TRACON& Tower with Radar,26,85,6,4,121,0,2,5,0,7,26,87,11,4,128,4,0,4,132
10/26/2003,MDT,PA,AEA,EN,Combined TRACON& Tower with Radar,23,85,10,2,120,0,0,2,1,3,23,85,12,3,123,2,2,4,127
10/27/2003,MDT,PA,AEA,EN,Combined TRACON& Tower with Radar,31,98,29,2,160,0,0,1,0,1,31,98,30,2,161,2,0,2,163
10/28/2003,MDT,PA,AEA,EN,Combined TRACON& Tower with Radar,32,82,73,28,215,0,0,10,0,10,32,82,83,28,225,0,32,32,257
10/29/2003,MDT,PA,AEA,EN,Combined TRACON& Tower with Radar,41,121,37,14,213,0,0,5,0,5,41,121,42,14,218,4,62,66,284
10/30/2003,MDT,PA,AEA,EN,Combined TRACON& Tower with Radar,37,110,40,15,202,0,1,0,0,1,37,111,40,15,203,68,36,104,307
10/31/2003,MDT,PA,AEA,EN,Combined TRACON& Tower with Radar,31,106,30,6,173,0,0,3,0,3,31,106,33,6,176,26,0,26,202
11/01/2003,MDT,PA,AEA,EN,Combined TRACON& Tower with Radar,33,81,23,4,141,0,0,3,0,3,33,81,26,4,144,6,6,12,156
11/02/2003,MDT,PA,AEA,EN,Combined TRACON& Tower with Radar,26,91,16,2,135,0,1,1,0,2,26,92,17,2,137,0,34,34,171
11/03/2003,MDT,PA,AEA,EN,Combined TRACON& Tower with Radar,16,42,84,27,169,0,0,5,0,5,16,42,89,27,174,14,10,24,198
11/04/2003,MDT,PA,AEA,EN,Combined TRACON& Tower with Radar,35,122,21,8,186,0,0,12,0,12,35,122,33,8,198,2,8,10,208
11/05/2003,MDT,PA,AEA,EN,Combined TRACON& Tower with Radar,55,133,64,10,262,0,0,1,0,1,55,133,65,10,263,8,10,18,281
11/06/2003,MDT,PA,AEA,EN,Combined TRACON& Tower with Radar,42,125,29,11,207,0,0,0,0,0,42,125,29,11,207,0,12,12,219
11/07/2003,MDT,PA,AEA,EN,Combined TRACON& Tower with Radar,36,115,26,9,186,0,0,19,0,19,36,115,45,9,205,1,4,5,210
11/08/2003,MDT,PA,AEA,EN,Combined TRACON& Tower with Radar,27,75,19,2,123,0,0,5,0,5,27,75,24,2,128,6,0,6,134
11/09/2003,MDT,PA,AEA,EN,Combined TRACON& Tower with Radar,25,69,4,0,98,0,0,8,0,8,25,69,12,0,106,8,4,12,118
11/10/2003,MDT,PA,AEA,EN,Combined TRACON& Tower with Radar,27,95,33,1,156,0,1,6,0,7,27,96,39,1,163,10,0,10,173
11/11/2003,MDT,PA,AEA,EN,Combined TRACON& Tower with Radar,39,108,22,0,169,0,0,2,0,2,39,108,24,0,171,0,0,0,171
11/12/2003,MDT,PA,AEA,EN,Combined TRACON& Tower with Radar,36,105,45,2,188,0,0,0,0,0,36,105,45,2,188,2,0,2,190
11/13/2003,MDT,PA,AEA,EN,Combined TRACON& Tower with Radar,41,103,23,4,171,0,0,1,0,1,41,103,24,4,172,0,0,0,172
11/14/2003,MDT,PA,AEA,EN,Combined TRACON& Tower with Radar,36,126,29,13,204,0,0,3,2,5,36,126,32,15,209,1,12,13,222
11/15/2003,MDT,PA,AEA,EN,Combined TRACON& Tower with Radar,29,79,12,1,121,0,1,13,0,14,29,80,25,1,135,2,0,2,137
11/16/2003,MDT,PA,AEA,EN,Combined TRACON& Tower with Radar,21,88,15,3,127,0,0,6,3,9,21,88,21,6,136,6,0,6,142
11/17/2003,MDT,PA,AEA,EN,Combined TRACON& Tower with Radar,21,116,32,8,177,0,0,4,0,4,21,116,36,8,181,0,34,34,215
11/18/2003,MDT,PA,AEA,EN,Combined TRACON& Tower with Radar,39,126,54,11,230,0,0,0,0,0,39,126,54,11,230,4,6,10,240
11/19/2003,MDT,PA,AEA,EN,Combined TRACON& Tower with Radar,34,115,38,2,189,0,0,2,0,2,34,115,40,2,191,0,0,0,191
11/20/2003,MDT,PA,AEA,EN,Combined TRACON& Tower with Radar,37,110,37,8,192,0,0,7,0,7,37,110,44,8,199,4,16,20,219
11/21/2003,MDT,PA,AEA,EN,Combined TRACON& Tower with Radar,43,113,30,9,195,0,1,4,0,5,43,114,34,9,200,8,0,8,208
11/22/2003,MDT,PA,AEA,EN,Combined TRACON& Tower with Radar,31,71,6,9,117,0,2,0,0,2,31,73,6,9,119,6,6,12,131
11/23/2003,MDT,PA,AEA,EN,Combined TRACON& Tower with Radar,21,83,9,6,119,0,0,7,0,7,21,83,16,6,126,6,8,14,140
11/24/2003,MDT,PA,AEA,EN,Combined TRACON& Tower with Radar,22,95,32,2,151,0,0,1,0,1,22,95,33,2,152,2,8,10,162
11/25/2003,MDT,PA,AEA,EN,Combined TRACON& Tower with Radar,36,109,27,12,184,0,3,10,0,13,36,112,37,12,197,14,24,38,235
11/26/2003,MDT,PA,AEA,EN,Combined TRACON& Tower with Radar,38,109,22,5,174,0,2,13,0,15,38,111,35,5,189,8,0,8,197
11/27/2003,MDT,PA,AEA,EN,Combined TRACON& Tower with Radar,29,71,3,0,103,0,0,3,0,3,29,71,6,0,106,0,0,0,106
11/28/2003,MDT,PA,AEA,EN,Combined TRACON& Tower with Radar,29,66,5,0,100,0,0,0,0,0,29,66,5,0,100,2,0,2,102
11/29/2003,MDT,PA,AEA,EN,Combined TRACON& Tower with Radar,25,79,10,0,114,0,0,1,0,1,25,79,11,0,115,0,0,0,115
11/30/2003,MDT,PA,AEA,EN,Combined TRACON& Tower with Radar,12,80,34,9,135,0,0,18,0,18,12,80,52,9,153,2,0,2,155
12/01/2003,MDT,PA,AEA,EN,Combined TRACON& Tower with Radar,26,104,19,4,153,0,0,8,0,8,26,104,27,4,161,2,26,28,189
12/02/2003,MDT,PA,AEA,EN,Combined TRACON& Tower with Radar,41,113,32,5,191,0,0,4,0,4,41,113,36,5,195,0,4,4,199
12/03/2003,MDT,PA,AEA,EN,Combined TRACON& Tower with Radar,33,105,37,15,190,0,1,10,0,11,33,106,47,15,201,4,50,54,255
12/04/2003,MDT,PA,AEA,EN,Combined TRACON& Tower with Radar,36,111,22,13,182,0,0,17,0,17,36,111,39,13,199,4,86,90,289
12/05/2003,MDT,PA,AEA,EN,Combined TRACON& Tower with Radar,29,97,19,3,148,0,0,0,0,0,29,97,19,3,148,6,0,6,154
12/06/2003,MDT,PA,AEA,EN,Combined TRACON& Tower with Radar,28,83,4,0,115,0,0,0,0,0,28,83,4,0,115,0,0,0,115
12/07/2003,MDT,PA,AEA,EN,Combined TRACON& Tower with Radar,21,76,11,3,111,0,0,3,0,3,21,76,14,3,114,2,0,2,116
12/08/2003,MDT,PA,AEA,EN,Combined TRACON& Tower with Radar,24,98,52,4,178,0,1,20,0,21,24,99,72,4,199,6,10,16,215
12/09/2003,MDT,PA,AEA,EN,Combined TRACON& Tower with Radar,38,116,46,7,207,0,0,13,0,13,38,116,59,7,220,18,8,26,246
12/10/2003,MDT,PA,AEA,EN,Combined TRACON& Tower with Radar,43,98,64,14,219,0,0,10,0,10,43,98,74,14,229,0,42,42,271
12/11/2003,MDT,PA,AEA,EN,Combined TRACON& Tower with Radar,35,109,36,15,195,0,0,2,0,2,35,109,38,15,197,0,10,10,207
12/12/2003,MDT,PA,AEA,EN,Combined TRACON& Tower with Radar,33,104,32,10,179,0,3,17,0,20,33,107,49,10,199,0,10,10,209
12/13/2003,MDT,PA,AEA,EN,Combined TRACON& Tower with Radar,38,84,14,1,137,0,2,7,0,9,38,86,21,1,146,4,6,10,156
12/14/2003,MDT,PA,AEA,EN,Combined TRACON& Tower with Radar,16,52,4,0,72,0,0,0,0,0,16,52,4,0,72,0,0,0,72
12/15/2003,MDT,PA,AEA,EN,Combined TRACON& Tower with Radar,25,92,28,3,148,0,0,3,0,3,25,92,31,3,151,3,24,27,178
12/16/2003,MDT,PA,AEA,EN,Combined TRACON& Tower with Radar,34,109,49,15,207,0,0,0,0,0,34,109,49,15,207,40,44,84,291
12/17/2003,MDT,PA,AEA,EN,Combined TRACON& Tower with Radar,47,101,33,0,181,0,0,0,0,0,47,101,33,0,181,0,0,0,181
12/18/2003,MDT,PA,AEA,EN,Combined TRACON& Tower with Radar,30,115,46,17,208,0,0,10,0,10,30,115,56,17,218,14,12,26,244
12/19/2003,MDT,PA,AEA,EN,Combined TRACON& Tower with Radar,50,102,25,8,185,0,0,14,0,14,50,102,39,8,199,4,0,4,203
12/20/2003,MDT,PA,AEA,EN,Combined TRACON& Tower with Radar,37,82,8,0,127,0,1,12,0,13,37,83,20,0,140,0,0,0,140
12/21/2003,MDT,PA,AEA,EN,Combined TRACON& Tower with Radar,20,88,17,2,127,0,0,6,0,6,20,88,23,2,133,6,4,10,143
12/22/2003,MDT,PA,AEA,EN,Combined TRACON& Tower with Radar,27,82,20,1,130,0,1,23,0,24,27,83,43,1,154,0,0,0,154
12/23/2003,MDT,PA,AEA,EN,Combined TRACON& Tower with Radar,36,102,22,32,192,0,1,10,0,11,36,103,32,32,203,7,50,57,260
12/24/2003,MDT,PA,AEA,EN,Combined TRACON& Tower with Radar,38,91,4,0,133,0,0,2,0,2,38,91,6,0,135,0,0,0,135
12/25/2003,MDT,PA,AEA,EN,Combined TRACON& Tower with Radar,20,83,2,0,105,0,1,2,0,3,20,84,4,0,108,0,0,0,108
12/26/2003,MDT,PA,AEA,EN,Combined TRACON& Tower with Radar,27,90,7,0,124,0,1,2,0,3,27,91,9,0,127,0,0,0,127
12/27/2003,MDT,PA,AEA,EN,Combined TRACON& Tower with Radar,29,70,1,0,100,0,0,3,0,3,29,70,4,0,103,0,0,0,103
12/28/2003,MDT,PA,AEA,EN,Combined TRACON& Tower with Radar,22,88,6,4,120,0,0,6,0,6,22,88,12,4,126,0,0,0,126
12/29/2003,MDT,PA,AEA,EN,Combined TRACON& Tower with Radar,22,91,16,0,129,0,0,8,0,8,22,91,24,0,137,16,30,46,183
12/30/2003,MDT,PA,AEA,EN,Combined TRACON& Tower with Radar,48,95,8,0,151,0,0,3,1,4,48,95,11,1,155,0,0,0,155
12/31/2003,MDT,PA,AEA,EN,Combined TRACON& Tower with Radar,37,80,7,6,130,0,0,13,0,13,37,80,20,6,143,2,16,18,161
01/01/2004,MDT,PA,AEA,EN,Combined TRACON& Tower with Radar,32,61,3,0,96,0,0,6,0,6,32,61,9,0,102,0,0,0,102
01/02/2004,MDT,PA,AEA,EN,Combined TRACON& Tower with Radar,24,84,9,0,117,0,0,2,0,2,24,84,11,0,119,0,0,0,119
01/03/2004,MDT,PA,AEA,EN,Combined TRACON& Tower with Radar,33,62,4,0,99,0,0,0,0,0,33,62,4,0,99,14,0,14,113
01/04/2004,MDT,PA,AEA,EN,Combined TRACON& Tower with Radar,13,74,13,0,100,0,0,0,0,0,13,74,13,0,100,4,0,4,104
01/05/2004,MDT,PA,AEA,EN,Combined TRACON& Tower with Radar,18,96,24,0,138,0,0,0,0,0,18,96,24,0,138,0,8,8,146
01/06/2004,MDT,PA,AEA,EN,Combined TRACON& Tower with Radar,36,102,13,18,169,0,0,7,0,7,36,102,20,18,176,0,32,32,208
01/07/2004,MDT,PA,AEA,EN,Combined TRACON& Tower with Radar,35,113,17,19,184,0,2,5,0,7,35,115,22,19,191,0,26,26,217
01/08/2004,MDT,PA,AEA,EN,Combined TRACON& Tower with Radar,30,116,36,10,192,0,0,5,0,5,30,116,41,10,197,10,14,24,221
01/09/2004,MDT,PA,AEA,EN,Combined TRACON& Tower with Radar,33,112,9,13,167,0,0,5,0,5,33,112,14,13,172,6,12,18,190
01/10/2004,MDT,PA,AEA,EN,Combined TRACON& Tower with Radar,26,86,15,4,131,0,1,1,0,2,26,87,16,4,133,4,16,20,153
01/11/2004,MDT,PA,AEA,EN,Combined TRACON& Tower with Radar,15,90,8,6,119,0,0,9,0,9,15,90,17,6,128,0,4,4,132
01/12/2004,MDT,PA,AEA,EN,Combined TRACON& Tower with Radar,21,99,27,17,164,0,0,5,0,5,21,99,32,17,169,12,42,54,223
01/13/2004,MDT,PA,AEA,EN,Combined TRACON& Tower with Radar,33,112,43,15,203,0,0,0,0,0,33,112,43,15,203,10,30,40,243
01/14/2004,MDT,PA,AEA,EN,Combined TRACON& Tower with Radar,29,103,22,17,171,0,0,1,0,1,29,103,23,17,172,0,12,12,184
01/15/2004,MDT,PA,AEA,EN,Combined TRACON& Tower with Radar,36,119,26,8,189,0,0,7,0,7,36,119,33,8,196,0,8,8,204
01/16/2004,MDT,PA,AEA,EN,Combined TRACON& Tower with Radar,32,124,22,6,184,0,5,4,0,9,32,129,26,6,193,0,22,22,215
01/17/2004,MDT,PA,AEA,EN,Combined TRACON& Tower with Radar,30,82,9,0,121,0,0,4,0,4,30,82,13,0,125,4,0,4,129
01/18/2004,MDT,PA,AEA,EN,Combined TRACON& Tower with Radar,21,102,10,0,133,0,0,0,0,0,21,102,10,0,133,0,0,0,133
01/19/2004,MDT,PA,AEA,EN,Combined TRACON& Tower with Radar,19,109,29,0,157,0,1,7,0,8,19,110,36,0,165,0,0,0,165
01/20/2004,MDT,PA,AEA,EN,Combined TRACON& Tower with Radar,34,110,33,7,184,0,0,4,0,4,34,110,37,7,188,2,12,14,202
01/21/2004,MDT,PA,AEA,EN,Combined TRACON& Tower with Radar,33,111,23,9,176,0,1,9,0,10,33,112,32,9,186,9,14,23,209
01/22/2004,MDT,PA,AEA,EN,Combined TRACON& Tower with Radar,32,114,37,16,199,0,0,3,2,5,32,114,40,18,204,0,12,12,216
01/23/2004,MDT,PA,AEA,EN,Combined TRACON& Tower with Radar,31,108,17,18,174,0,0,5,1,6,31,108,22,19,180,4,4,8,188
01/24/2004,MDT,PA,AEA,EN,Combined TRACON& Tower with Radar,29,85,3,5,122,0,0,1,0,1,29,85,4,5,123,6,10,16,139
01/25/2004,MDT,PA,AEA,EN,Combined TRACON& Tower with Radar,19,92,8,4,123,0,0,4,0,4,19,92,12,4,127,0,0,0,127
01/26/2004,MDT,PA,AEA,EN,Combined TRACON& Tower with Radar,22,95,20,1,138,0,0,0,0,0,22,95,20,1,138,0,0,0,138
01/27/2004,MDT,PA,AEA,EN,Combined TRACON& Tower with Radar,34,85,15,1,135,0,0,0,0,0,34,85,15,1,135,0,0,0,135
01/28/2004,MDT,PA,AEA,EN,Combined TRACON& Tower with Radar,34,109,23,1,167,0,0,0,0,0,34,109,23,1,167,0,0,0,167
01/29/2004,MDT,PA,AEA,EN,Combined TRACON& Tower with Radar,36,110,26,3,175,0,1,4,0,5,36,111,30,3,180,2,4,6,186
01/30/2004,MDT,PA,AEA,EN,Combined TRACON& Tower with Radar,34,114,19,5,172,0,0,5,0,5,34,114,24,5,177,10,0,10,187
01/31/2004,MDT,PA,AEA,EN,Combined TRACON& Tower with Radar,30,84,13,0,127,0,1,7,0,8,30,85,20,0,135,0,0,0,135
02/01/2004,MDT,PA,AEA,EN,Combined TRACON& Tower with Radar,22,83,14,0,119,0,0,4,2,6,22,83,18,2,125,8,0,8,133
02/02/2004,MDT,PA,AEA,EN,Combined TRACON& Tower with Radar,24,91,30,0,145,0,0,11,0,11,24,91,41,0,156,6,0,6,162
02/03/2004,MDT,PA,AEA,EN,Combined TRACON& Tower with Radar,43,102,27,0,172,0,0,0,0,0,43,102,27,0,172,0,0,0,172
02/04/2004,MDT,PA,AEA,EN,Combined TRACON& Tower with Radar,36,117,15,12,180,0,0,7,0,7,36,117,22,12,187,6,54,60,247
02/05/2004,MDT,PA,AEA,EN,Combined TRACON& Tower with Radar,31,114,34,14,193,0,0,0,10,10,31,114,34,24,203,2,22,24,227
02/06/2004,MDT,PA,AEA,EN,Combined TRACON& Tower with Radar,31,96,16,1,144,0,0,0,0,0,31,96,16,1,144,0,0,0,144
02/07/2004,MDT,PA,AEA,EN,Combined TRACON& Tower with Radar,40,62,9,5,116,0,1,4,1,6,40,63,13,6,122,2,18,20,142
02/08/2004,MDT,PA,AEA,EN,Combined TRACON& Tower with Radar,16,93,10,6,125,0,0,0,0,0,16,93,10,6,125,2,0,2,127
02/09/2004,MDT,PA,AEA,EN,Combined TRACON& Tower with Radar,35,105,17,9,166,0,0,25,1,26,35,105,42,10,192,0,0,0,192
02/10/2004,MDT,PA,AEA,EN,Combined TRACON& Tower with Radar,39,113,28,3,183,0,0,14,0,14,39,113,42,3,197,0,10,10,207
02/11/2004,MDT,PA,AEA,EN,Combined TRACON& Tower with Radar,36,109,37,32,214,0,0,3,0,3,36,109,40,32,217,0,64,64,281
02/12/2004,MDT,PA,AEA,EN,Combined TRACON& Tower with Radar,38,109,52,20,219,0,0,11,0,11,38,109,63,20,230,0,26,26,256
02/13/2004,MDT,PA,AEA,EN,Combined TRACON& Tower with Radar,40,107,12,2,161,0,4,3,0,7,40,111,15,2,168,0,0,0,168
02/14/2004,MDT,PA,AEA,EN,Combined TRACON& Tower with Radar,24,90,8,1,123,0,0,5,0,5,24,90,13,1,128,6,0,6,134
02/15/2004,MDT,PA,AEA,EN,Combined TRACON& Tower with Radar,16,90,11,1,118,0,1,9,1,11,16,91,20,2,129,10,0,10,139
02/16/2004,MDT,PA,AEA,EN,Combined TRACON& Tower with Radar,28,91,23,0,142,0,0,12,0,12,28,91,35,0,154,2,0,2,156
02/17/2004,MDT,PA,AEA,EN,Combined TRACON& Tower with Radar,47,110,37,17,211,0,1,9,0,10,47,111,46,17,221,0,4,4,225
02/18/2004,MDT,PA,AEA,EN,Combined TRACON& Tower with Radar,39,111,23,12,185,0,0,9,0,9,39,111,32,12,194,18,32,50,244
02/19/2004,MDT,PA,AEA,EN,Combined TRACON& Tower with Radar,28,119,35,15,197,0,0,24,0,24,28,119,59,15,221,14,12,26,247
02/20/2004,MDT,PA,AEA,EN,Combined TRACON& Tower with Radar,35,109,21,4,169,0,0,0,1,1,35,109,21,5,170,12,0,12,182
02/21/2004,MDT,PA,AEA,EN,Combined TRACON& Tower with Radar,30,87,5,3,125,0,0,1,0,1,30,87,6,3,126,0,0,0,126
02/22/2004,MDT,PA,AEA,EN,Combined TRACON& Tower with Radar,30,71,19,1,121,0,0,2,1,3,30,71,21,2,124,16,0,16,140
02/23/2004,MDT,PA,AEA,EN,Combined TRACON& Tower with Radar,24,96,28,13,161,0,1,3,0,4,24,97,31,13,165,0,24,24,189
02/24/2004,MDT,PA,AEA,EN,Combined TRACON& Tower with Radar,42,115,32,8,197,0,0,0,0,0,42,115,32,8,197,0,0,0,197
02/25/2004,MDT,PA,AEA,EN,Combined TRACON& Tower with Radar,42,115,38,16,211,0,2,12,0,14,42,117,50,16,225,17,111,128,353
02/26/2004,MDT,PA,AEA,EN,Combined TRACON& Tower with Radar,47,104,25,5,181,0,0,10,0,10,47,104,35,5,191,3,30,33,224
02/27/2004,MDT,PA,AEA,EN,Combined TRACON& Tower with Radar,29,117,11,15,172,0,1,7,0,8,29,118,18,15,180,24,36,60,240
02/28/2004,MDT,PA,AEA,EN,Combined TRACON& Tower with Radar,28,80,15,1,124,0,0,10,0,10,28,80,25,1,134,58,0,58,192
02/29/2004,MDT,PA,AEA,EN,Combined TRACON& Tower with Radar,17,84,22,5,128,0,0,10,4,14,17,84,32,9,142,2,16,18,160
03/01/2004,MDT,PA,AEA,EN,Combined TRACON& Tower with Radar,29,102,11,1,143,0,0,6,0,6,29,102,17,1,149,0,20,20,169
03/02/2004,MDT,PA,AEA,EN,Combined TRACON& Tower with Radar,42,113,29,8,192,0,0,4,0,4,42,113,33,8,196,14,10,24,220
03/03/2004,MDT,PA,AEA,EN,Combined TRACON& Tower with Radar,38,116,33,12,199,0,0,6,0,6,38,116,39,12,205,14,28,42,247
03/04/2004,MDT,PA,AEA,EN,Combined TRACON& Tower with Radar,40,124,34,1,199,0,0,6,0,6,40,124,40,1,205,2,0,2,207
03/05/2004,MDT,PA,AEA,EN,Combined TRACON& Tower with Radar,32,112,35,12,191,0,0,0,0,0,32,112,35,12,191,2,0,2,193
03/06/2004,MDT,PA,AEA,EN,Combined TRACON& Tower with Radar,27,93,16,1,137,0,0,0,0,0,27,93,16,1,137,10,0,10,147
03/07/2004,MDT,PA,AEA,EN,Combined TRACON& Tower with Radar,19,88,9,5,121,0,5,3,0,8,19,93,12,5,129,2,32,34,163
03/08/2004,MDT,PA,AEA,EN,Combined TRACON& Tower with Radar,34,106,18,3,161,0,1,12,0,13,34,107,30,3,174,2,8,10,184
03/09/2004,MDT,PA,AEA,EN,Combined TRACON& Tower with Radar,39,103,30,10,182,0,0,10,0,10,39,103,40,10,192,4,70,74,266
03/10/2004,MDT,PA,AEA,EN,Combined TRACON& Tower with Radar,39,110,34,17,200,0,1,5,0,6,39,111,39,17,206,2,16,18,224
03/11/2004,MDT,PA,AEA,EN,Combined TRACON& Tower with Radar,46,117,31,1,195,0,0,3,0,3,46,117,34,1,198,22,0,22,220
03/12/2004,MDT,PA,AEA,EN,Combined TRACON& Tower with Radar,41,110,11,6,168,0,0,1,0,1,41,110,12,6,169,6,2,8,177
03/13/2004,MDT,PA,AEA,EN,Combined TRACON& Tower with Radar,34,77,5,3,119,0,0,0,0,0,34,77,5,3,119,4,12,16,135
03/14/2004,MDT,PA,AEA,EN,Combined TRACON& Tower with Radar,30,97,14,6,147,0,0,0,0,0,30,97,14,6,147,8,2,10,157
03/15/2004,MDT,PA,AEA,EN,Combined TRACON& Tower with Radar,32,110,24,0,166,0,0,10,0,10,32,110,34,0,176,11,0,11,187
03/16/2004,MDT,PA,AEA,EN,Combined TRACON& Tower with Radar,48,97,14,0,159,0,0,2,0,2,48,97,16,0,161,0,0,0,161
03/17/2004,MDT,PA,AEA,EN,Combined TRACON& Tower with Radar,49,116,37,18,220,0,0,0,0,0,49,116,37,18,220,16,28,44,264
03/18/2004,MDT,PA,AEA,EN,Combined TRACON& Tower with Radar,42,123,47,16,228,0,0,5,0,5,42,123,52,16,233,22,66,88,321
03/19/2004,MDT,PA,AEA,EN,Combined TRACON& Tower with Radar,38,117,22,12,189,0,0,0,0,0,38,117,22,12,189,6,28,34,223
03/20/2004,MDT,PA,AEA,EN,Combined TRACON& Tower with Radar,30,50,32,9,121,0,0,4,0,4,30,50,36,9,125,4,6,10,135
03/21/2004,MDT,PA,AEA,EN,Combined TRACON& Tower with Radar,23,90,7,3,123,0,0,1,0,1,23,90,8,3,124,0,2,2,126
03/22/2004,MDT,PA,AEA,EN,Combined TRACON& Tower with Radar,21,105,22,3,151,0,2,1,0,3,21,107,23,3,154,12,44,56,210
03/23/2004,MDT,PA,AEA,EN,Combined TRACON& Tower with Radar,52,114,43,3,212,0,0,0,0,0,52,114,43,3,212,20,78,98,310
03/24/2004,MDT,PA,AEA,EN,Combined TRACON& Tower with Radar,43,112,27,21,203,0,0,15,0,15,43,112,42,21,218,6,52,58,276
03/25/2004,MDT,PA,AEA,EN,Combined TRACON& Tower with Radar,40,111,29,16,196,0,0,8,0,8,40,111,37,16,204,4,30,34,238
03/26/2004,MDT,PA,AEA,EN,Combined TRACON& Tower with Radar,42,100,39,11,192,0,2,14,5,21,42,102,53,16,213,4,2,6,219
03/27/2004,MDT,PA,AEA,EN,Combined TRACON& Tower with Radar,35,81,11,10,137,0,2,0,0,2,35,83,11,10,139,22,0,22,161
03/28/2004,MDT,PA,AEA,EN,Combined TRACON& Tower with Radar,28,90,23,4,145,0,0,0,0,0,28,90,23,4,145,42,20,62,207
03/29/2004,MDT,PA,AEA,EN,Combined TRACON& Tower with Radar,32,94,23,0,149,0,1,10,0,11,32,95,33,0,160,8,32,40,200
03/30/2004,MDT,PA,AEA,EN,Combined TRACON& Tower with Radar,48,107,32,3,190,0,0,7,0,7,48,107,39,3,197,4,36,40,237
03/31/2004,MDT,PA,AEA,EN,Combined TRACON& Tower with Radar,38,114,28,16,196,0,0,0,0,0,38,114,28,16,196,4,14,18,214
04/01/2004,MDT,PA,AEA,EN,Combined TRACON& Tower with Radar,39,107,39,3,188,0,0,0,0,0,39,107,39,3,188,2,0,2,190
04/02/2004,MDT,PA,AEA,EN,Combined TRACON& Tower with Radar,38,109,18,8,173,0,0,0,0,0,38,109,18,8,173,4,14,18,191
04/03/2004,MDT,PA,AEA,EN,Combined TRACON& Tower with Radar,31,77,7,2,117,0,1,0,0,1,31,78,7,2,118,10,16,26,144
04/04/2004,MDT,PA,AEA,EN,Combined TRACON& Tower with Radar,21,84,10,0,115,0,0,0,0,0,21,84,10,0,115,4,0,4,119
04/05/2004,MDT,PA,AEA,EN,Combined TRACON& Tower with Radar,31,103,12,0,146,0,1,6,0,7,31,104,18,0,153,0,0,0,153
04/06/2004,MDT,PA,AEA,EN,Combined TRACON& Tower with Radar,38,113,35,12,198,0,4,13,0,17,38,117,48,12,215,8,44,52,267
04/07/2004,MDT,PA,AEA,EN,Combined TRACON& Tower with Radar,35,112,24,8,179,0,2,16,0,18,35,114,40,8,197,10,90,100,297
04/08/2004,MDT,PA,AEA,EN,Combined TRACON& Tower with Radar,51,106,43,18,218,0,1,21,0,22,51,107,64,18,240,14,76,90,330
04/09/2004,MDT,PA,AEA,EN,Combined TRACON& Tower with Radar,38,113,14,4,169,0,0,4,0,4,38,113,18,4,173,4,8,12,185
04/10/2004,MDT,PA,AEA,EN,Combined TRACON& Tower with Radar,25,78,14,1,118,0,0,3,0,3,25,78,17,1,121,16,0,16,137
04/11/2004,MDT,PA,AEA,EN,Combined TRACON& Tower with Radar,16,82,2,0,100,0,0,1,0,1,16,82,3,0,101,0,0,0,101
04/12/2004,MDT,PA,AEA,EN,Combined TRACON& Tower with Radar,26,100,36,6,168,0,0,5,0,5,26,100,41,6,173,6,30,36,209
04/13/2004,MDT,PA,AEA,EN,Combined TRACON& Tower with Radar,43,111,43,6,203,0,0,0,0,0,43,111,43,6,203,0,0,0,203
04/14/2004,MDT,PA,AEA,EN,Combined TRACON& Tower with Radar,39,113,34,7,193,0,0,4,0,4,39,113,38,7,197,10,94,104,301
04/15/2004,MDT,PA,AEA,EN,Combined TRACON& Tower with Radar,43,108,39,5,195,0,0,12,0,12,43,108,51,5,207,2,32,34,241
04/16/2004,MDT,PA,AEA,EN,Combined TRACON& Tower with Radar,32,106,32,4,174,0,1,4,0,5,32,107,36,4,179,16,10,26,205
04/17/2004,MDT,PA,AEA,EN,Combined TRACON& Tower with Radar,23,67,22,5,117,0,2,29,0,31,23,69,51,5,148,0,0,0,148
04/18/2004,MDT,PA,AEA,EN,Combined TRACON& Tower with Radar,9,63,52,8,132,0,0,4,2,6,9,63,56,10,138,10,10,20,158
04/19/2004,MDT,PA,AEA,EN,Combined TRACON& Tower with Radar,26,106,25,12,169,0,0,7,0,7,26,106,32,12,176,0,0,0,176
04/20/2004,MDT,PA,AEA,EN,Combined TRACON& Tower with Radar,43,113,54,17,227,0,0,30,0,30,43,113,84,17,257,8,40,48,305
04/21/2004,MDT,PA,AEA,EN,Combined TRACON& Tower with Radar,40,106,38,17,201,0,0,9,0,9,40,106,47,17,210,2,28,30,240
04/22/2004,MDT,PA,AEA,EN,Combined TRACON& Tower with Radar,35,127,33,15,210,0,0,0,0,0,35,127,33,15,210,4,36,40,250
04/23/2004,MDT,PA,AEA,EN,Combined TRACON& Tower with Radar,36,129,28,12,205,0,0,3,0,3,36,129,31,12,208,0,0,0,208
04/24/2004,MDT,PA,AEA,EN,Combined TRACON& Tower with Radar,34,88,16,1,139,0,0,5,0,5,34,88,21,1,144,2,0,2,146
04/25/2004,MDT,PA,AEA,EN,Combined TRACON& Tower with Radar,25,86,4,4,119,0,0,1,0,1,25,86,5,4,120,4,2,6,126
04/26/2004,MDT,PA,AEA,EN,Combined TRACON& Tower with Radar,27,99,29,0,155,0,0,1,0,1,27,99,30,0,156,0,0,0,156
04/27/2004,MDT,PA,AEA,EN,Combined TRACON& Tower with Radar,42,107,52,14,215,0,0,13,0,13,42,107,65,14,228,2,30,32,260
04/28/2004,MDT,PA,AEA,EN,Combined TRACON& Tower with Radar,33,123,27,6,189,0,0,9,0,9,33,123,36,6,198,0,34,34,232
04/29/2004,MDT,PA,AEA,EN,Combined TRACON& Tower with Radar,40,122,29,16,207,0,0,28,0,28,40,122,57,16,235,8,48,56,291
04/30/2004,MDT,PA,AEA,EN,Combined TRACON& Tower with Radar,40,109,25,11,185,0,2,8,0,10,40,111,33,11,195,12,38,50,245
05/01/2004,MDT,PA,AEA,EN,Combined TRACON& Tower with Radar,33,87,15,9,144,0,0,12,0,12,33,87,27,9,156,10,16,26,182
05/02/2004,MDT,PA,AEA,EN,Combined TRACON& Tower with Radar,21,93,9,10,133,0,0,2,1,3,21,93,11,11,136,0,6,6,142
05/03/2004,MDT,PA,AEA,EN,Combined TRACON& Tower with Radar,31,99,32,2,164,0,0,5,3,8,31,99,37,5,172,14,0,14,186
05/04/2004,MDT,PA,AEA,EN,Combined TRACON& Tower with Radar,37,123,28,21,209,0,0,6,0,6,37,123,34,21,215,8,10,18,233
05/05/2004,MDT,PA,AEA,EN,Combined TRACON& Tower with Radar,38,107,26,13,184,0,0,21,0,21,38,107,47,13,205,2,60,62,267
05/06/2004,MDT,PA,AEA,EN,Combined TRACON& Tower with Radar,39,110,34,19,202,0,0,20,0,20,39,110,54,19,222,2,30,32,254
05/07/2004,MDT,PA,AEA,EN,Combined TRACON& Tower with Radar,36,115,18,5,174,0,0,11,1,12,36,115,29,6,186,2,4,6,192
05/08/2004,MDT,PA,AEA,EN,Combined TRACON& Tower with Radar,25,88,12,4,129,0,0,12,0,12,25,88,24,4,141,4,0,4,145
05/09/2004,MDT,PA,AEA,EN,Combined TRACON& Tower with Radar,20,86,15,1,122,0,0,5,1,6,20,86,20,2,128,2,0,2,130
05/10/2004,MDT,PA,AEA,EN,Combined TRACON& Tower with Radar,40,110,40,3,193,0,0,11,0,11,40,110,51,3,204,0,10,10,214
05/11/2004,MDT,PA,AEA,EN,Combined TRACON& Tower with Radar,41,117,35,5,198,0,0,12,0,12,41,117,47,5,210,14,32,46,256
05/12/2004,MDT,PA,AEA,EN,Combined TRACON& Tower with Radar,31,94,52,8,185,0,0,12,0,12,31,94,64,8,197,18,29,47,244
05/13/2004,MDT,PA,AEA,EN,Combined TRACON& Tower with Radar,36,122,44,17,219,0,0,15,0,15,36,122,59,17,234,0,40,40,274
05/14/2004,MDT,PA,AEA,EN,Combined TRACON& Tower with Radar,30,99,26,2,157,0,0,7,0,7,30,99,33,2,164,0,0,0,164
05/15/2004,MDT,PA,AEA,EN,Combined TRACON& Tower with Radar,30,89,12,0,131,0,0,3,1,4,30,89,15,1,135,4,0,4,139
05/16/2004,MDT,PA,AEA,EN,Combined TRACON& Tower with Radar,25,92,21,4,142,0,0,6,0,6,25,92,27,4,148,4,6,10,158
05/17/2004,MDT,PA,AEA,EN,Combined TRACON& Tower with Radar,29,102,47,0,178,0,0,0,0,0,29,102,47,0,178,28,0,28,206
05/18/2004,MDT,PA,AEA,EN,Combined TRACON& Tower with Radar,36,122,36,2,196,0,0,5,0,5,36,122,41,2,201,14,4,18,219
05/19/2004,MDT,PA,AEA,EN,Combined TRACON& Tower with Radar,35,118,27,13,193,0,0,0,1,1,35,118,27,14,194,12,28,40,234
05/20/2004,MDT,PA,AEA,EN,Combined TRACON& Tower with Radar,37,124,31,10,202,0,0,2,0,2,37,124,33,10,204,0,4,4,208
05/21/2004,MDT,PA,AEA,EN,Combined TRACON& Tower with Radar,31,106,13,1,151,0,0,3,2,5,31,106,16,3,156,4,0,4,160
05/22/2004,MDT,PA,AEA,EN,Combined TRACON& Tower with Radar,25,90,14,3,132,0,0,9,0,9,25,90,23,3,141,2,0,2,143
05/23/2004,MDT,PA,AEA,EN,Combined TRACON& Tower with Radar,15,93,16,1,125,0,0,23,0,23,15,93,39,1,148,2,0,2,150
05/24/2004,MDT,PA,AEA,EN,Combined TRACON& Tower with Radar,34,106,31,1,172,0,0,13,4,17,34,106,44,5,189,6,0,6,195
05/25/2004,MDT,PA,AEA,EN,Combined TRACON& Tower with Radar,40,125,36,9,210,0,1,21,4,26,40,126,57,13,236,12,10,22,258
05/26/2004,MDT,PA,AEA,EN,Combined TRACON& Tower with Radar,39,109,37,21,206,0,0,3,0,3,39,109,40,21,209,4,20,24,233
05/27/2004,MDT,PA,AEA,EN,Combined TRACON& Tower with Radar,38,117,49,9,213,0,1,8,0,9,38,118,57,9,222,4,4,8,230
05/28/2004,MDT,PA,AEA,EN,Combined TRACON& Tower with Radar,36,115,26,8,185,0,0,9,8,17,36,115,35,16,202,6,14,20,222
05/29/2004,MDT,PA,AEA,EN,Combined TRACON& Tower with Radar,27,81,4,0,112,0,0,7,0,7,27,81,11,0,119,0,0,0,119
05/30/2004,MDT,PA,AEA,EN,Combined TRACON& Tower with Radar,21,70,8,0,99,0,0,13,0,13,21,70,21,0,112,14,0,14,126
05/31/2004,MDT,PA,AEA,EN,Combined TRACON& Tower with Radar,21,83,12,0,116,0,0,0,0,0,21,83,12,0,116,4,0,4,120
06/01/2004,MDT,PA,AEA,EN,Combined TRACON& Tower with Radar,33,116,31,9,189,0,0,0,0,0,33,116,31,9,189,8,14,22,211
06/02/2004,MDT,PA,AEA,EN,Combined TRACON& Tower with Radar,45,114,22,8,189,0,1,4,0,5,45,115,26,8,194,0,34,34,228
06/03/2004,MDT,PA,AEA,EN,Combined TRACON& Tower with Radar,40,118,40,10,208,0,0,16,0,16,40,118,56,10,224,10,14,24,248
06/04/2004,MDT,PA,AEA,EN,Combined TRACON& Tower with Radar,33,114,22,10,179,0,1,16,0,17,33,115,38,10,196,6,52,58,254
06/05/2004,MDT,PA,AEA,EN,Combined TRACON& Tower with Radar,31,79,14,1,125,0,1,1,0,2,31,80,15,1,127,2,0,2,129
06/06/2004,MDT,PA,AEA,EN,Combined TRACON& Tower with Radar,24,91,20,9,144,0,0,5,0,5,24,91,25,9,149,0,5,5,154
06/07/2004,MDT,PA,AEA,EN,Combined TRACON& Tower with Radar,23,114,22,2,161,0,2,9,4,15,23,116,31,6,176,4,0,4,180
06/08/2004,MDT,PA,AEA,EN,Combined TRACON& Tower with Radar,47,121,40,21,229,0,1,10,2,13,47,122,50,23,242,0,32,32,274
06/09/2004,MDT,PA,AEA,EN,Combined TRACON& Tower with Radar,12,67,79,24,182,0,2,1,0,3,12,69,80,24,185,21,32,53,238
06/10/2004,MDT,PA,AEA,EN,Combined TRACON& Tower with Radar,36,121,32,7,196,0,0,4,0,4,36,121,36,7,200,0,0,0,200
06/11/2004,MDT,PA,AEA,EN,Combined TRACON& Tower with Radar,31,124,20,9,184,0,0,0,0,0,31,124,20,9,184,2,0,2,186
06/12/2004,MDT,PA,AEA,EN,Combined TRACON& Tower with Radar,28,92,19,11,150,0,3,7,7,17,28,95,26,18,167,16,36,52,219
06/13/2004,MDT,PA,AEA,EN,Combined TRACON& Tower with Radar,32,78,12,0,122,0,0,11,0,11,32,78,23,0,133,10,16,26,159
06/14/2004,MDT,PA,AEA,EN,Combined TRACON& Tower with Radar,28,110,15,5,158,0,0,7,0,7,28,110,22,5,165,8,10,18,183
06/15/2004,MDT,PA,AEA,EN,Combined TRACON& Tower with Radar,46,119,36,15,216,0,2,6,0,8,46,121,42,15,224,4,34,38,262
06/16/2004,MDT,PA,AEA,EN,Combined TRACON& Tower with Radar,35,122,40,6,203,0,0,1,0,1,35,122,41,6,204,12,14,26,230
06/17/2004,MDT,PA,AEA,EN,Combined TRACON& Tower with Radar,33,112,32,12,189,0,0,4,0,4,33,112,36,12,193,0,26,26,219
06/18/2004,MDT,PA,AEA,EN,Combined TRACON& Tower with Radar,33,115,19,8,175,0,0,11,6,17,33,115,30,14,192,4,6,10,202
06/19/2004,MDT,PA,AEA,EN,Combined TRACON& Tower with Radar,29,85,8,0,122,0,0,15,0,15,29,85,23,0,137,4,0,4,141
06/20/2004,MDT,PA,AEA,EN,Combined TRACON& Tower with Radar,27,80,13,2,122,0,0,5,2,7,27,80,18,4,129,16,0,16,145
06/21/2004,MDT,PA,AEA,EN,Combined TRACON& Tower with Radar,25,104,25,1,155,0,0,19,1,20,25,104,44,2,175,18,0,18,193
06/22/2004,MDT,PA,AEA,EN,Combined TRACON& Tower with Radar,41,110,30,11,192,0,0,20,0,20,41,110,50,11,212,2,34,36,248
06/23/2004,MDT,PA,AEA,EN,Combined TRACON& Tower with Radar,29,111,25,11,176,0,0,11,0,11,29,111,36,11,187,14,70,84,271
06/24/2004,MDT,PA,AEA,EN,Combined TRACON& Tower with Radar,33,108,32,22,195,0,0,24,1,25,33,108,56,23,220,2,12,14,234
06/25/2004,MDT,PA,AEA,EN,Combined TRACON& Tower with Radar,42,120,36,11,209,0,0,15,0,15,42,120,51,11,224,2,12,14,238
06/26/2004,MDT,PA,AEA,EN,Combined TRACON& Tower with Radar,26,97,19,0,142,0,0,3,2,5,26,97,22,2,147,12,0,12,159
06/27/2004,MDT,PA,AEA,EN,Combined TRACON& Tower with Radar,31,85,27,1,144,0,0,26,1,27,31,85,53,2,171,7,0,7,178
06/28/2004,MDT,PA,AEA,EN,Combined TRACON& Tower with Radar,26,103,23,4,156,0,9,18,0,27,26,112,41,4,183,0,26,26,209
06/29/2004,MDT,PA,AEA,EN,Combined TRACON& Tower with Radar,41,113,37,3,194,0,1,14,0,15,41,114,51,3,209,8,8,16,225
06/30/2004,MDT,PA,AEA,EN,Combined TRACON& Tower with Radar,46,102,32,6,186,0,0,18,0,18,46,102,50,6,204,8,20,28,232
07/01/2004,MDT,PA,AEA,EN,Combined TRACON& Tower with Radar,33,101,56,3,193,0,0,1,0,1,33,101,57,3,194,8,0,8,202
07/02/2004,MDT,PA,AEA,EN,Combined TRACON& Tower with Radar,52,113,9,3,177,0,0,35,1,36,52,113,44,4,213,2,0,2,215
07/03/2004,MDT,PA,AEA,EN,Combined TRACON& Tower with Radar,32,92,6,1,131,0,0,6,2,8,32,92,12,3,139,6,0,6,145
07/04/2004,MDT,PA,AEA,EN,Combined TRACON& Tower with Radar,16,63,10,2,91,0,0,1,0,1,16,63,11,2,92,0,0,0,92
07/05/2004,MDT,PA,AEA,EN,Combined TRACON& Tower with Radar,20,100,16,0,136,0,0,4,0,4,20,100,20,0,140,2,0,2,142
07/06/2004,MDT,PA,AEA,EN,Combined TRACON& Tower with Radar,31,103,30,0,164,0,0,11,0,11,31,103,41,0,175,0,0,0,175
07/07/2004,MDT,PA,AEA,EN,Combined TRACON& Tower with Radar,45,106,22,6,179,0,0,5,0,5,45,106,27,6,184,8,46,54,238
07/08/2004,MDT,PA,AEA,EN,Combined TRACON& Tower with Radar,35,108,30,6,179,0,1,13,0,14,35,109,43,6,193,2,16,18,211
07/09/2004,MDT,PA,AEA,EN,Combined TRACON& Tower with Radar,43,120,21,6,190,0,0,14,0,14,43,120,35,6,204,2,3,5,209
07/10/2004,MDT,PA,AEA,EN,Combined TRACON& Tower with Radar,31,84,11,0,126,0,0,12,0,12,31,84,23,0,138,22,0,22,160
07/11/2004,MDT,PA,AEA,EN,Combined TRACON& Tower with Radar,20,87,15,4,126,0,0,12,5,17,20,87,27,9,143,2,0,2,145
07/12/2004,MDT,PA,AEA,EN,Combined TRACON& Tower with Radar,28,104,10,4,146,0,0,0,0,0,28,104,10,4,146,0,0,0,146
07/13/2004,MDT,PA,AEA,EN,Combined TRACON& Tower with Radar,39,105,41,21,206,0,0,4,0,4,39,105,45,21,210,2,64,66,276
07/14/2004,MDT,PA,AEA,EN,Combined TRACON& Tower with Radar,44,86,31,8,169,0,0,2,0,2,44,86,33,8,171,0,6,6,177
07/15/2004,MDT,PA,AEA,EN,Combined TRACON& Tower with Radar,41,106,21,11,179,0,0,11,0,11,41,106,32,11,190,4,16,20,210
07/16/2004,MDT,PA,AEA,EN,Combined TRACON& Tower with Radar,40,100,23,2,165,0,0,13,0,13,40,100,36,2,178,6,14,20,198
07/17/2004,MDT,PA,AEA,EN,Combined TRACON& Tower with Radar,32,85,7,1,125,0,0,5,0,5,32,85,12,1,130,7,20,27,157
07/18/2004,MDT,PA,AEA,EN,Combined TRACON& Tower with Radar,23,87,7,5,122,0,0,3,0,3,23,87,10,5,125,0,0,0,125
07/19/2004,MDT,PA,AEA,EN,Combined TRACON& Tower with Radar,26,99,45,4,174,0,1,6,0,7,26,100,51,4,181,0,16,16,197
07/20/2004,MDT,PA,AEA,EN,Combined TRACON& Tower with Radar,32,94,59,23,208,0,0,0,0,0,32,94,59,23,208,16,38,54,262
07/21/2004,MDT,PA,AEA,EN,Combined TRACON& Tower with Radar,31,106,32,10,179,0,1,23,0,24,31,107,55,10,203,0,14,14,217
07/22/2004,MDT,PA,AEA,EN,Combined TRACON& Tower with Radar,41,114,42,12,209,0,0,0,0,0,41,114,42,12,209,4,14,18,227
07/23/2004,MDT,PA,AEA,EN,Combined TRACON& Tower with Radar,36,106,14,7,163,0,0,6,0,6,36,106,20,7,169,0,0,0,169
07/24/2004,MDT,PA,AEA,EN,Combined TRACON& Tower with Radar,30,84,20,0,134,0,0,2,3,5,30,84,22,3,139,14,0,14,153
07/25/2004,MDT,PA,AEA,EN,Combined TRACON& Tower with Radar,19,82,22,3,126,0,0,8,0,8,19,82,30,3,134,0,0,0,134
07/26/2004,MDT,PA,AEA,EN,Combined TRACON& Tower with Radar,22,96,17,8,143,0,0,5,0,5,22,96,22,8,148,6,12,18,166
07/27/2004,MDT,PA,AEA,EN,Combined TRACON& Tower with Radar,52,124,50,6,232,0,0,0,0,0,52,124,50,6,232,4,0,4,236
07/28/2004,MDT,PA,AEA,EN,Combined TRACON& Tower with Radar,41,104,31,18,194,0,0,6,0,6,41,104,37,18,200,0,60,60,260
07/29/2004,MDT,PA,AEA,EN,Combined TRACON& Tower with Radar,36,107,47,12,202,0,0,17,0,17,36,107,64,12,219,8,35,43,262
07/30/2004,MDT,PA,AEA,EN,Combined TRACON& Tower with Radar,39,101,23,2,165,0,0,5,0,5,39,101,28,2,170,2,0,2,172
07/31/2004,MDT,PA,AEA,EN,Combined TRACON& Tower with Radar,26,85,9,0,120,0,0,10,0,10,26,85,19,0,130,0,0,0,130
08/01/2004,MDT,PA,AEA,EN,Combined TRACON& Tower with Radar,14,72,26,10,122,0,0,1,0,1,14,72,27,10,123,0,0,0,123
08/02/2004,MDT,PA,AEA,EN,Combined TRACON& Tower with Radar,34,109,24,8,175,0,0,10,0,10,34,109,34,8,185,0,2,2,187
08/03/2004,MDT,PA,AEA,EN,Combined TRACON& Tower with Radar,46,104,33,19,202,0,0,9,0,9,46,104,42,19,211,20,60,80,291
08/04/2004,MDT,PA,AEA,EN,Combined TRACON& Tower with Radar,42,100,26,9,177,0,0,12,0,12,42,100,38,9,189,0,28,28,217
08/05/2004,MDT,PA,AEA,EN,Combined TRACON& Tower with Radar,35,107,40,15,197,0,0,8,0,8,35,107,48,15,205,6,12,18,223
08/06/2004,MDT,PA,AEA,EN,Combined TRACON& Tower with Radar,33,103,48,9,193,0,0,10,0,10,33,103,58,9,203,4,24,28,231
08/07/2004,MDT,PA,AEA,EN,Combined TRACON& Tower with Radar,28,83,10,6,127,0,0,8,0,8,28,83,18,6,135,2,26,28,163
08/08/2004,MDT,PA,AEA,EN,Combined TRACON& Tower with Radar,19,81,16,4,120,0,0,16,0,16,19,81,32,4,136,10,38,48,184
08/09/2004,MDT,PA,AEA,EN,Combined TRACON& Tower with Radar,28,90,26,0,144,0,0,11,0,11,28,90,37,0,155,4,18,22,177
08/10/2004,MDT,PA,AEA,EN,Combined TRACON& Tower with Radar,40,95,31,1,167,0,1,15,0,16,40,96,46,1,183,10,20,30,213
08/11/2004,MDT,PA,AEA,EN,Combined TRACON& Tower with Radar,38,112,45,8,203,0,0,2,0,2,38,112,47,8,205,32,32,64,269
08/12/2004,MDT,PA,AEA,EN,Combined TRACON& Tower with Radar,41,100,16,0,157,0,0,0,0,0,41,100,16,0,157,2,0,2,159
08/13/2004,MDT,PA,AEA,EN,Combined TRACON& Tower with Radar,41,105,26,4,176,0,0,1,0,1,41,105,27,4,177,8,0,8,185
08/14/2004,MDT,PA,AEA,EN,Combined TRACON& Tower with Radar,31,88,13,2,134,0,0,8,0,8,31,88,21,2,142,0,0,0,142
08/15/2004,MDT,PA,AEA,EN,Combined TRACON& Tower with Radar,23,87,26,6,142,0,0,10,0,10,23,87,36,6,152,4,0,4,156
08/16/2004,MDT,PA,AEA,EN,Combined TRACON& Tower with Radar,28,102,28,10,168,0,0,3,0,3,28,102,31,10,171,0,8,8,179
08/17/2004,MDT,PA,AEA,EN,Combined TRACON& Tower with Radar,40,111,28,24,203,0,0,20,0,20,40,111,48,24,223,0,90,90,313
08/18/2004,MDT,PA,AEA,EN,Combined TRACON& Tower with Radar,34,102,27,17,180,0,2,1,0,3,34,104,28,17,183,2,30,32,215
08/19/2004,MDT,PA,AEA,EN,Combined TRACON& Tower with Radar,43,104,37,1,185,0,0,4,0,4,43,104,41,1,189,14,0,14,203
08/20/2004,MDT,PA,AEA,EN,Combined TRACON& Tower with Radar,38,89,18,6,151,0,0,4,0,4,38,89,22,6,155,0,0,0,155
08/21/2004,MDT,PA,AEA,EN,Combined TRACON& Tower with Radar,30,92,9,2,133,0,0,3,0,3,30,92,12,2,136,0,6,6,142
08/22/2004,MDT,PA,AEA,EN,Combined TRACON& Tower with Radar,23,75,19,6,123,0,0,32,0,32,23,75,51,6,155,0,24,24,179
08/23/2004,MDT,PA,AEA,EN,Combined TRACON& Tower with Radar,26,97,23,0,146,0,0,18,0,18,26,97,41,0,164,4,10,14,178
08/24/2004,MDT,PA,AEA,EN,Combined TRACON& Tower with Radar,38,112,34,19,203,0,0,16,0,16,38,112,50,19,219,22,30,52,271
08/25/2004,MDT,PA,AEA,EN,Combined TRACON& Tower with Radar,39,91,42,11,183,0,0,7,0,7,39,91,49,11,190,2,44,46,236
08/26/2004,MDT,PA,AEA,EN,Combined TRACON& Tower with Radar,45,112,32,7,196,0,0,10,0,10,45,112,42,7,206,6,50,56,262
08/27/2004,MDT,PA,AEA,EN,Combined TRACON& Tower with Radar,45,90,33,4,172,0,0,7,0,7,45,90,40,4,179,0,0,0,179
08/28/2004,MDT,PA,AEA,EN,Combined TRACON& Tower with Radar,37,71,11,0,119,0,0,19,0,19,37,71,30,0,138,0,0,0,138
08/29/2004,MDT,PA,AEA,EN,Combined TRACON& Tower with Radar,22,70,13,1,106,0,0,4,1,5,22,70,17,2,111,0,0,0,111
08/30/2004,MDT,PA,AEA,EN,Combined TRACON& Tower with Radar,33,96,24,5,158,0,0,10,0,10,33,96,34,5,168,2,24,26,194
08/31/2004,MDT,PA,AEA,EN,Combined TRACON& Tower with Radar,39,107,28,8,182,0,0,8,0,8,39,107,36,8,190,0,24,24,214
09/01/2004,MDT,PA,AEA,EN,Combined TRACON& Tower with Radar,31,98,26,11,166,0,0,0,0,0,31,98,26,11,166,30,36,66,232
09/02/2004,MDT,PA,AEA,EN,Combined TRACON& Tower with Radar,47,115,51,13,226,0,0,9,0,9,47,115,60,13,235,40,39,79,314
09/03/2004,MDT,PA,AEA,EN,Combined TRACON& Tower with Radar,35,93,27,11,166,0,0,15,0,15,35,93,42,11,181,0,22,22,203
09/04/2004,MDT,PA,AEA,EN,Combined TRACON& Tower with Radar,24,79,3,0,106,0,0,4,0,4,24,79,7,0,110,2,0,2,112
09/05/2004,MDT,PA,AEA,EN,Combined TRACON& Tower with Radar,27,53,5,2,87,0,0,1,0,1,27,53,6,2,88,0,0,0,88
09/06/2004,MDT,PA,AEA,EN,Combined TRACON& Tower with Radar,17,73,11,1,102,0,0,7,0,7,17,73,18,1,109,6,0,6,115
09/07/2004,MDT,PA,AEA,EN,Combined TRACON& Tower with Radar,29,104,39,12,184,0,0,4,0,4,29,104,43,12,188,0,24,24,212
09/08/2004,MDT,PA,AEA,EN,Combined TRACON& Tower with Radar,36,114,31,12,193,0,0,0,0,0,36,114,31,12,193,0,2,2,195
09/09/2004,MDT,PA,AEA,EN,Combined TRACON& Tower with Radar,36,118,27,24,205,0,0,2,0,2,36,118,29,24,207,2,0,2,209
09/10/2004,MDT,PA,AEA,EN,Combined TRACON& Tower with Radar,44,115,23,7,189,0,0,11,2,13,44,115,34,9,202,0,0,0,202
09/11/2004,MDT,PA,AEA,EN,Combined TRACON& Tower with Radar,24,87,9,12,132,0,0,6,0,6,24,87,15,12,138,2,4,6,144
09/12/2004,MDT,PA,AEA,EN,Combined TRACON& Tower with Radar,15,88,27,1,131,0,1,0,0,1,15,89,27,1,132,18,20,38,170
09/13/2004,MDT,PA,AEA,EN,Combined TRACON& Tower with Radar,21,106,26,12,165,0,0,13,0,13,21,106,39,12,178,8,20,28,206
09/14/2004,MDT,PA,AEA,EN,Combined TRACON& Tower with Radar,34,106,29,12,181,0,0,12,0,12,34,106,41,12,193,2,8,10,203
09/15/2004,MDT,PA,AEA,EN,Combined TRACON& Tower with Radar,31,119,32,7,189,0,0,5,0,5,31,119,37,7,194,12,8,20,214
09/16/2004,MDT,PA,AEA,EN,Combined TRACON& Tower with Radar,43,121,25,8,197,0,0,6,0,6,43,121,31,8,203,0,22,22,225
09/17/2004,MDT,PA,AEA,EN,Combined TRACON& Tower with Radar,38,113,26,4,181,0,0,3,0,3,38,113,29,4,184,0,0,0,184
09/18/2004,MDT,PA,AEA,EN,Combined TRACON& Tower with Radar,27,91,3,3,124,0,2,4,0,6,27,93,7,3,130,4,0,4,134
09/19/2004,MDT,PA,AEA,EN,Combined TRACON& Tower with Radar,16,97,19,4,136,0,1,10,1,12,16,98,29,5,148,4,0,4,152
09/20/2004,MDT,PA,AEA,EN,Combined TRACON& Tower with Radar,25,110,31,7,173,0,3,43,0,46,25,113,74,7,219,24,0,24,243
09/21/2004,MDT,PA,AEA,EN,Combined TRACON& Tower with Radar,35,102,39,5,181,0,0,15,0,15,35,102,54,5,196,8,2,10,206
09/22/2004,MDT,PA,AEA,EN,Combined TRACON& Tower with Radar,30,116,49,14,209,0,0,6,0,6,30,116,55,14,215,6,18,24,239
09/23/2004,MDT,PA,AEA,EN,Combined TRACON& Tower with Radar,32,117,42,16,207,0,0,35,0,35,32,117,77,16,242,28,20,48,290
09/24/2004,MDT,PA,AEA,EN,Combined TRACON& Tower with Radar,47,113,27,4,191,0,0,12,0,12,47,113,39,4,203,0,10,10,213
09/25/2004,MDT,PA,AEA,EN,Combined TRACON& Tower with Radar,18,83,18,0,119,0,2,15,0,17,18,85,33,0,136,0,8,8,144
09/26/2004,MDT,PA,AEA,EN,Combined TRACON& Tower with Radar,15,91,13,1,120,0,0,15,0,15,15,91,28,1,135,0,0,0,135
09/27/2004,MDT,PA,AEA,EN,Combined TRACON& Tower with Radar,32,104,34,2,172,0,0,6,0,6,32,104,40,2,178,0,10,10,188
09/28/2004,MDT,PA,AEA,EN,Combined TRACON& Tower with Radar,40,116,43,0,199,0,0,0,0,0,40,116,43,0,199,0,0,0,199
09/29/2004,MDT,PA,AEA,EN,Combined TRACON& Tower with Radar,40,120,34,15,209,0,2,15,0,17,40,122,49,15,226,0,68,68,294
09/30/2004,MDT,PA,AEA,EN,Combined TRACON& Tower with Radar,29,128,31,9,197,0,0,11,0,11,29,128,42,9,208,10,22,32,240
10/01/2004,MDT,PA,AEA,EN,Combined TRACON& Tower with Radar,35,119,32,5,191,0,0,24,0,24,35,119,56,5,215,0,40,40,255
10/02/2004,MDT,PA,AEA,EN,Combined TRACON& Tower with Radar,29,87,16,1,133,0,0,4,0,4,29,87,20,1,137,2,6,8,145
10/03/2004,MDT,PA,AEA,EN,Combined TRACON& Tower with Radar,14,89,20,3,126,0,0,12,0,12,14,89,32,3,138,2,0,2,140
10/04/2004,MDT,PA,AEA,EN,Combined TRACON& Tower with Radar,24,95,48,10,177,0,1,4,0,5,24,96,52,10,182,16,16,32,214
10/05/2004,MDT,PA,AEA,EN,Combined TRACON& Tower with Radar,38,111,44,13,206,0,0,15,0,15,38,111,59,13,221,4,98,102,323
10/06/2004,MDT,PA,AEA,EN,Combined TRACON& Tower with Radar,34,112,38,6,190,0,3,14,0,17,34,115,52,6,207,2,68,70,277
10/07/2004,MDT,PA,AEA,EN,Combined TRACON& Tower with Radar,34,114,43,21,212,0,4,24,0,28,34,118,67,21,240,10,114,124,364
10/08/2004,MDT,PA,AEA,EN,Combined TRACON& Tower with Radar,32,113,23,1,169,0,2,35,0,37,32,115,58,1,206,4,0,4,210
10/09/2004,MDT,PA,AEA,EN,Combined TRACON& Tower with Radar,35,72,27,0,134,0,0,9,0,9,35,72,36,0,143,0,0,0,143
10/10/2004,MDT,PA,AEA,EN,Combined TRACON& Tower with Radar,13,56,47,2,118,0,0,4,0,4,13,56,51,2,122,0,0,0,122
10/11/2004,MDT,PA,AEA,EN,Combined TRACON& Tower with Radar,23,99,17,4,143,0,0,14,0,14,23,99,31,4,157,2,0,2,159
10/12/2004,MDT,PA,AEA,EN,Combined TRACON& Tower with Radar,47,107,39,7,200,0,0,32,0,32,47,107,71,7,232,12,50,62,294
10/13/2004,MDT,PA,AEA,EN,Combined TRACON& Tower with Radar,39,108,35,13,195,0,0,23,0,23,39,108,58,13,218,22,32,54,272
10/14/2004,MDT,PA,AEA,EN,Combined TRACON& Tower with Radar,41,117,44,11,213,0,0,5,0,5,41,117,49,11,218,0,22,22,240
10/15/2004,MDT,PA,AEA,EN,Combined TRACON& Tower with Radar,35,121,43,6,205,0,0,3,0,3,35,121,46,6,208,14,14,28,236
10/16/2004,MDT,PA,AEA,EN,Combined TRACON& Tower with Radar,30,89,19,2,140,0,0,5,0,5,30,89,24,2,145,2,10,12,157
10/17/2004,MDT,PA,AEA,EN,Combined TRACON& Tower with Radar,18,93,32,2,145,0,0,4,0,4,18,93,36,2,149,8,0,8,157
10/18/2004,MDT,PA,AEA,EN,Combined TRACON& Tower with Radar,23,88,33,2,146,0,1,21,0,22,23,89,54,2,168,6,30,36,204
10/19/2004,MDT,PA,AEA,EN,Combined TRACON& Tower with Radar,35,115,47,13,210,0,0,0,0,0,35,115,47,13,210,0,34,34,244
10/20/2004,MDT,PA,AEA,EN,Combined TRACON& Tower with Radar,46,121,31,13,211,0,0,0,0,0,46,121,31,13,211,16,20,36,247
10/21/2004,MDT,PA,AEA,EN,Combined TRACON& Tower with Radar,39,126,34,18,217,0,0,1,1,2,39,126,35,19,219,0,40,40,259
10/22/2004,MDT,PA,AEA,EN,Combined TRACON& Tower with Radar,42,109,30,2,183,0,0,7,0,7,42,109,37,2,190,0,0,0,190
10/23/2004,MDT,PA,AEA,EN,Combined TRACON& Tower with Radar,38,82,33,3,156,0,1,4,0,5,38,83,37,3,161,12,0,12,173
10/24/2004,MDT,PA,AEA,EN,Combined TRACON& Tower with Radar,14,91,28,2,135,0,0,1,0,1,14,91,29,2,136,0,0,0,136
10/25/2004,MDT,PA,AEA,EN,Combined TRACON& Tower with Radar,24,104,35,12,175,0,0,1,0,1,24,104,36,12,176,4,14,18,194
10/26/2004,MDT,PA,AEA,EN,Combined TRACON& Tower with Radar,48,100,45,15,208,0,0,10,0,10,48,100,55,15,218,4,64,68,286
10/27/2004,MDT,PA,AEA,EN,Combined TRACON& Tower with Radar,40,130,48,10,228,0,2,11,0,13,40,132,59,10,241,12,0,12,253
10/28/2004,MDT,PA,AEA,EN,Combined TRACON& Tower with Radar,46,110,28,13,197,0,0,13,0,13,46,110,41,13,210,4,12,16,226
10/29/2004,MDT,PA,AEA,EN,Combined TRACON& Tower with Radar,28,105,31,11,175,0,0,2,0,2,28,105,33,11,177,4,8,12,189
10/30/2004,MDT,PA,AEA,EN,Combined TRACON& Tower with Radar,36,74,17,0,127,0,0,0,0,0,36,74,17,0,127,0,0,0,127
10/31/2004,MDT,PA,AEA,EN,Combined TRACON& Tower with Radar,20,85,15,0,120,0,0,8,0,8,20,85,23,0,128,4,0,4,132
11/01/2004,MDT,PA,AEA,EN,Combined TRACON& Tower with Radar,35,97,28,26,186,0,0,6,0,6,35,97,34,26,192,38,86,124,316
11/02/2004,MDT,PA,AEA,EN,Combined TRACON& Tower with Radar,34,115,18,14,181,0,0,5,0,5,34,115,23,14,186,6,18,24,210
11/03/2004,MDT,PA,AEA,EN,Combined TRACON& Tower with Radar,41,111,25,11,188,0,1,8,0,9,41,112,33,11,197,16,32,48,245
11/04/2004,MDT,PA,AEA,EN,Combined TRACON& Tower with Radar,36,102,42,8,188,0,0,2,0,2,36,102,44,8,190,0,20,20,210
11/05/2004,MDT,PA,AEA,EN,Combined TRACON& Tower with Radar,33,116,29,9,187,0,0,6,0,6,33,116,35,9,193,0,0,0,193
11/06/2004,MDT,PA,AEA,EN,Combined TRACON& Tower with Radar,33,74,9,8,124,0,1,22,1,24,33,75,31,9,148,2,14,16,164
11/07/2004,MDT,PA,AEA,EN,Combined TRACON& Tower with Radar,31,83,13,1,128,0,0,25,1,26,31,83,38,2,154,2,0,2,156
11/08/2004,MDT,PA,AEA,EN,Combined TRACON& Tower with Radar,22,99,21,2,144,0,0,7,0,7,22,99,28,2,151,6,8,14,165
11/09/2004,MDT,PA,AEA,EN,Combined TRACON& Tower with Radar,34,117,31,9,191,0,0,17,0,17,34,117,48,9,208,46,66,112,320
11/10/2004,MDT,PA,AEA,EN,Combined TRACON& Tower with Radar,38,112,37,4,191,0,0,9,0,9,38,112,46,4,200,34,11,45,245
11/11/2004,MDT,PA,AEA,EN,Combined TRACON& Tower with Radar,34,115,18,0,167,0,0,8,0,8,34,115,26,0,175,0,0,0,175
11/12/2004,MDT,PA,AEA,EN,Combined TRACON& Tower with Radar,50,94,23,5,172,0,0,0,0,0,50,94,23,5,172,2,0,2,174
11/13/2004,MDT,PA,AEA,EN,Combined TRACON& Tower with Radar,34,76,4,1,115,0,0,4,0,4,34,76,8,1,119,0,0,0,119
11/14/2004,MDT,PA,AEA,EN,Combined TRACON& Tower with Radar,19,88,18,7,132,0,1,0,0,1,19,89,18,7,133,10,8,18,151
11/15/2004,MDT,PA,AEA,EN,Combined TRACON& Tower with Radar,25,90,29,7,151,0,0,19,0,19,25,90,48,7,170,16,24,40,210
11/16/2004,MDT,PA,AEA,EN,Combined TRACON& Tower with Radar,39,112,26,17,194,0,0,31,0,31,39,112,57,17,225,12,36,48,273
11/17/2004,MDT,PA,AEA,EN,Combined TRACON& Tower with Radar,41,103,36,11,191,0,1,9,0,10,41,104,45,11,201,24,90,114,315
11/18/2004,MDT,PA,AEA,EN,Combined TRACON& Tower with Radar,33,120,34,20,207,0,0,6,0,6,33,120,40,20,213,0,2,2,215
11/19/2004,MDT,PA,AEA,EN,Combined TRACON& Tower with Radar,32,114,30,14,190,0,0,0,0,0,32,114,30,14,190,0,18,18,208
11/20/2004,MDT,PA,AEA,EN,Combined TRACON& Tower with Radar,36,81,10,0,127,0,0,0,0,0,36,81,10,0,127,18,0,18,145
11/21/2004,MDT,PA,AEA,EN,Combined TRACON& Tower with Radar,23,87,6,4,120,0,0,6,4,10,23,87,12,8,130,0,0,0,130
11/22/2004,MDT,PA,AEA,EN,Combined TRACON& Tower with Radar,31,99,26,5,161,0,1,16,0,17,31,100,42,5,178,2,10,12,190
11/23/2004,MDT,PA,AEA,EN,Combined TRACON& Tower with Radar,44,108,45,18,215,0,0,2,0,2,44,108,47,18,217,0,24,24,241
11/24/2004,MDT,PA,AEA,EN,Combined TRACON& Tower with Radar,41,114,19,0,174,0,0,0,0,0,41,114,19,0,174,4,0,4,178
11/25/2004,MDT,PA,AEA,EN,Combined TRACON& Tower with Radar,30,76,1,2,109,0,3,2,0,5,30,79,3,2,114,0,0,0,114
11/26/2004,MDT,PA,AEA,EN,Combined TRACON& Tower with Radar,16,80,9,3,108,0,0,11,1,12,16,80,20,4,120,6,0,6,126
11/27/2004,MDT,PA,AEA,EN,Combined TRACON& Tower with Radar,28,59,12,13,112,0,0,12,0,12,28,59,24,13,124,16,0,16,140
11/28/2004,MDT,PA,AEA,EN,Combined TRACON& Tower with Radar,24,101,11,1,137,0,0,2,0,2,24,101,13,1,139,4,0,4,143
11/29/2004,MDT,PA,AEA,EN,Combined TRACON& Tower with Radar,27,95,34,7,163,0,0,11,0,11,27,95,45,7,174,13,26,39,213
11/30/2004,MDT,PA,AEA,EN,Combined TRACON& Tower with Radar,44,101,28,17,190,0,0,15,0,15,44,101,43,17,205,6,58,64,269
12/01/2004,MDT,PA,AEA,EN,Combined TRACON& Tower with Radar,30,118,27,2,177,0,0,0,0,0,30,118,27,2,177,4,0,4,181
12/02/2004,MDT,PA,AEA,EN,Combined TRACON& Tower with Radar,44,113,29,14,200,0,1,14,0,15,44,114,43,14,215,20,20,40,255
12/03/2004,MDT,PA,AEA,EN,Combined TRACON& Tower with Radar,36,114,22,2,174,0,1,7,0,8,36,115,29,2,182,26,2,28,210
12/04/2004,MDT,PA,AEA,EN,Combined TRACON& Tower with Radar,30,76,9,0,115,0,0,0,0,0,30,76,9,0,115,12,4,16,131
12/05/2004,MDT,PA,AEA,EN,Combined TRACON& Tower with Radar,23,78,12,1,114,0,0,13,0,13,23,78,25,1,127,4,0,4,131
12/06/2004,MDT,PA,AEA,EN,Combined TRACON& Tower with Radar,19,82,31,1,133,0,1,0,0,1,19,83,31,1,134,8,12,20,154
12/07/2004,MDT,PA,AEA,EN,Combined TRACON& Tower with Radar,47,88,31,1,167,0,0,0,0,0,47,88,31,1,167,0,0,0,167
12/08/2004,MDT,PA,AEA,EN,Combined TRACON& Tower with Radar,39,111,33,17,200,0,0,7,0,7,39,111,40,17,207,4,36,40,247
12/09/2004,MDT,PA,AEA,EN,Combined TRACON& Tower with Radar,35,97,22,11,165,0,2,8,0,10,35,99,30,11,175,6,42,48,223
12/10/2004,MDT,PA,AEA,EN,Combined TRACON& Tower with Radar,24,151,10,4,189,0,0,0,0,0,24,151,10,4,189,0,0,0,189
12/11/2004,MDT,PA,AEA,EN,Combined TRACON& Tower with Radar,27,75,11,1,114,0,0,0,0,0,27,75,11,1,114,0,36,36,150
12/12/2004,MDT,PA,AEA,EN,Combined TRACON& Tower with Radar,22,81,4,12,119,0,0,9,0,9,22,81,13,12,128,2,36,38,166
12/13/2004,MDT,PA,AEA,EN,Combined TRACON& Tower with Radar,16,90,23,1,130,0,0,8,0,8,16,90,31,1,138,0,0,0,138
12/14/2004,MDT,PA,AEA,EN,Combined TRACON& Tower with Radar,34,117,32,6,189,0,0,7,0,7,34,117,39,6,196,24,6,30,226
12/15/2004,MDT,PA,AEA,EN,Combined TRACON& Tower with Radar,30,89,45,12,176,0,0,14,0,14,30,89,59,12,190,30,42,72,262
12/16/2004,MDT,PA,AEA,EN,Combined TRACON& Tower with Radar,42,111,36,8,197,0,0,16,0,16,42,111,52,8,213,18,30,48,261
12/17/2004,MDT,PA,AEA,EN,Combined TRACON& Tower with Radar,36,104,14,10,164,0,0,7,0,7,36,104,21,10,171,16,0,16,187
12/18/2004,MDT,PA,AEA,EN,Combined TRACON& Tower with Radar,36,82,8,1,127,0,0,17,2,19,36,82,25,3,146,18,0,18,164
12/19/2004,MDT,PA,AEA,EN,Combined TRACON& Tower with Radar,24,70,5,5,104,0,0,0,0,0,24,70,5,5,104,0,0,0,104
12/20/2004,MDT,PA,AEA,EN,Combined TRACON& Tower with Radar,24,100,19,0,143,0,0,11,0,11,24,100,30,0,154,0,0,0,154
12/21/2004,MDT,PA,AEA,EN,Combined TRACON& Tower with Radar,42,110,34,13,199,0,0,1,0,1,42,110,35,13,200,20,24,44,244
12/22/2004,MDT,PA,AEA,EN,Combined TRACON& Tower with Radar,42,110,13,15,180,0,0,6,0,6,42,110,19,15,186,2,28,30,216
12/23/2004,MDT,PA,AEA,EN,Combined TRACON& Tower with Radar,41,80,10,0,131,0,0,1,0,1,41,80,11,0,132,0,0,0,132
12/24/2004,MDT,PA,AEA,EN,Combined TRACON& Tower with Radar,29,81,6,0,116,0,0,1,0,1,29,81,7,0,117,14,0,14,131
12/25/2004,MDT,PA,AEA,EN,Combined TRACON& Tower with Radar,15,58,0,0,73,0,0,4,0,4,15,58,4,0,77,0,0,0,77
12/26/2004,MDT,PA,AEA,EN,Combined TRACON& Tower with Radar,20,60,9,0,89,0,0,3,0,3,20,60,12,0,92,12,0,12,104
12/27/2004,MDT,PA,AEA,EN,Combined TRACON& Tower with Radar,21,90,2,0,113,0,0,2,0,2,21,90,4,0,115,0,0,0,115
12/28/2004,MDT,PA,AEA,EN,Combined TRACON& Tower with Radar,38,112,10,17,177,0,0,9,0,9,38,112,19,17,186,6,24,30,216
12/29/2004,MDT,PA,AEA,EN,Combined TRACON& Tower with Radar,27,99,14,2,142,0,0,7,1,8,27,99,21,3,150,4,0,4,154
12/30/2004,MDT,PA,AEA,EN,Combined TRACON& Tower with Radar,26,108,10,4,148,0,0,0,0,0,26,108,10,4,148,8,15,23,171
12/31/2004,MDT,PA,AEA,EN,Combined TRACON& Tower with Radar,27,83,2,0,112,0,0,0,0,0,27,83,2,0,112,16,0,16,128
01/01/2005,MDT,PA,AEA,EN,Combined TRACON& Tower with Radar,34,44,1,0,79,0,0,17,0,17,34,44,18,0,96,0,0,0,96
01/02/2005,MDT,PA,AEA,EN,Combined TRACON& Tower with Radar,30,75,9,0,114,0,0,0,0,0,30,75,9,0,114,0,0,0,114
01/03/2005,MDT,PA,AEA,EN,Combined TRACON& Tower with Radar,17,87,26,8,138,0,0,15,0,15,17,87,41,8,153,4,0,4,157
01/04/2005,MDT,PA,AEA,EN,Combined TRACON& Tower with Radar,43,106,21,9,179,0,1,1,0,2,43,107,22,9,181,1,33,34,215
01/05/2005,MDT,PA,AEA,EN,Combined TRACON& Tower with Radar,36,99,12,0,147,0,0,0,0,0,36,99,12,0,147,0,0,0,147
01/06/2005,MDT,PA,AEA,EN,Combined TRACON& Tower with Radar,33,98,30,6,167,0,0,0,0,0,33,98,30,6,167,0,0,0,167
01/07/2005,MDT,PA,AEA,EN,Combined TRACON& Tower with Radar,36,102,36,10,184,0,0,8,0,8,36,102,44,10,192,2,26,28,220
01/08/2005,MDT,PA,AEA,EN,Combined TRACON& Tower with Radar,29,81,15,3,128,0,0,1,0,1,29,81,16,3,129,0,16,16,145
01/09/2005,MDT,PA,AEA,EN,Combined TRACON& Tower with Radar,18,75,5,6,104,0,1,11,0,12,18,76,16,6,116,0,22,22,138
01/10/2005,MDT,PA,AEA,EN,Combined TRACON& Tower with Radar,17,103,26,3,149,0,0,10,0,10,17,103,36,3,159,2,0,2,161
01/11/2005,MDT,PA,AEA,EN,Combined TRACON& Tower with Radar,36,98,24,8,166,0,0,11,0,11,36,98,35,8,177,0,24,24,201
01/12/2005,MDT,PA,AEA,EN,Combined TRACON& Tower with Radar,31,104,28,3,166,0,0,0,0,0,31,104,28,3,166,8,0,8,174
01/13/2005,MDT,PA,AEA,EN,Combined TRACON& Tower with Radar,30,108,28,7,173,0,0,1,0,1,30,108,29,7,174,0,6,6,180
01/14/2005,MDT,PA,AEA,EN,Combined TRACON& Tower with Radar,29,108,25,0,162,0,4,3,0,7,29,112,28,0,169,2,24,26,195
01/15/2005,MDT,PA,AEA,EN,Combined TRACON& Tower with Radar,22,76,8,0,106,0,0,19,0,19,22,76,27,0,125,14,0,14,139
01/16/2005,MDT,PA,AEA,EN,Combined TRACON& Tower with Radar,16,79,8,1,104,0,5,4,0,9,16,84,12,1,113,4,0,4,117
01/17/2005,MDT,PA,AEA,EN,Combined TRACON& Tower with Radar,18,100,20,0,138,0,1,2,0,3,18,101,22,0,141,0,0,0,141
01/18/2005,MDT,PA,AEA,EN,Combined TRACON& Tower with Radar,34,113,29,5,181,0,0,1,0,1,34,113,30,5,182,4,60,64,246
01/19/2005,MDT,PA,AEA,EN,Combined TRACON& Tower with Radar,33,105,34,12,184,0,0,0,0,0,33,105,34,12,184,0,8,8,192
01/20/2005,MDT,PA,AEA,EN,Combined TRACON& Tower with Radar,31,108,30,11,180,0,1,7,0,8,31,109,37,11,188,8,16,24,212
01/21/2005,MDT,PA,AEA,EN,Combined TRACON& Tower with Radar,31,109,33,6,179,0,0,15,0,15,31,109,48,6,194,20,29,49,243
01/22/2005,MDT,PA,AEA,EN,Combined TRACON& Tower with Radar,20,41,2,0,63,0,0,1,0,1,20,41,3,0,64,0,0,0,64
01/23/2005,MDT,PA,AEA,EN,Combined TRACON& Tower with Radar,12,67,4,2,85,0,0,0,0,0,12,67,4,2,85,0,0,0,85
01/24/2005,MDT,PA,AEA,EN,Combined TRACON& Tower with Radar,27,99,29,2,157,0,8,6,0,14,27,107,35,2,171,6,0,6,177
01/25/2005,MDT,PA,AEA,EN,Combined TRACON& Tower with Radar,32,116,29,22,199,0,2,10,0,12,32,118,39,22,211,4,70,74,285
01/26/2005,MDT,PA,AEA,EN,Combined TRACON& Tower with Radar,30,113,26,14,183,0,3,10,5,18,30,116,36,19,201,8,20,28,229
01/27/2005,MDT,PA,AEA,EN,Combined TRACON& Tower with Radar,34,108,22,9,173,0,0,13,0,13,34,108,35,9,186,0,8,8,194
01/28/2005,MDT,PA,AEA,EN,Combined TRACON& Tower with Radar,27,106,26,2,161,0,0,22,0,22,27,106,48,2,183,12,12,24,207
01/29/2005,MDT,PA,AEA,EN,Combined TRACON& Tower with Radar,22,69,3,0,94,0,0,10,0,10,22,69,13,0,104,0,0,0,104
01/30/2005,MDT,PA,AEA,EN,Combined TRACON& Tower with Radar,21,80,12,0,113,0,0,5,0,5,21,80,17,0,118,0,6,6,124
01/31/2005,MDT,PA,AEA,EN,Combined TRACON& Tower with Radar,19,98,23,3,143,0,1,12,0,13,19,99,35,3,156,0,8,8,164
02/01/2005,MDT,PA,AEA,EN,Combined TRACON& Tower with Radar,36,105,27,8,176,0,0,1,0,1,36,105,28,8,177,2,86,88,265
02/02/2005,MDT,PA,AEA,EN,Combined TRACON& Tower with Radar,21,82,52,22,177,0,1,10,0,11,21,83,62,22,188,4,2,6,194
02/03/2005,MDT,PA,AEA,EN,Combined TRACON& Tower with Radar,24,112,43,11,190,0,0,7,0,7,24,112,50,11,197,20,34,54,251
02/04/2005,MDT,PA,AEA,EN,Combined TRACON& Tower with Radar,28,117,33,14,192,0,0,6,0,6,28,117,39,14,198,6,2,8,206
02/05/2005,MDT,PA,AEA,EN,Combined TRACON& Tower with Radar,28,78,8,3,117,0,0,7,0,7,28,78,15,3,124,6,0,6,130
02/06/2005,MDT,PA,AEA,EN,Combined TRACON& Tower with Radar,15,94,13,7,129,0,5,9,0,14,15,99,22,7,143,6,4,10,153
02/07/2005,MDT,PA,AEA,EN,Combined TRACON& Tower with Radar,17,104,29,6,156,0,3,17,0,20,17,107,46,6,176,8,24,32,208
02/08/2005,MDT,PA,AEA,EN,Combined TRACON& Tower with Radar,30,103,45,28,206,0,0,12,0,12,30,103,57,28,218,24,105,129,347
02/09/2005,MDT,PA,AEA,EN,Combined TRACON& Tower with Radar,36,125,44,15,220,0,0,6,0,6,36,125,50,15,226,10,132,142,368
02/10/2005,MDT,PA,AEA,EN,Combined TRACON& Tower with Radar,32,114,23,14,183,0,1,0,0,1,32,115,23,14,184,6,22,28,212
02/11/2005,MDT,PA,AEA,EN,Combined TRACON& Tower with Radar,38,104,33,3,178,0,1,1,0,2,38,105,34,3,180,10,24,34,214
02/12/2005,MDT,PA,AEA,EN,Combined TRACON& Tower with Radar,26,87,13,3,129,0,0,15,0,15,26,87,28,3,144,14,0,14,158
02/13/2005,MDT,PA,AEA,EN,Combined TRACON& Tower with Radar,19,87,19,0,125,0,0,3,0,3,19,87,22,0,128,14,22,36,164
02/14/2005,MDT,PA,AEA,EN,Combined TRACON& Tower with Radar,20,110,16,0,146,0,0,0,0,0,20,110,16,0,146,0,0,0,146
02/15/2005,MDT,PA,AEA,EN,Combined TRACON& Tower with Radar,32,122,42,19,215,0,0,7,0,7,32,122,49,19,222,7,32,39,261
02/16/2005,MDT,PA,AEA,EN,Combined TRACON& Tower with Radar,30,124,29,19,202,0,2,2,0,4,30,126,31,19,206,0,28,28,234
02/17/2005,MDT,PA,AEA,EN,Combined TRACON& Tower with Radar,37,88,50,16,191,0,1,15,0,16,37,89,65,16,207,14,30,44,251
02/18/2005,MDT,PA,AEA,EN,Combined TRACON& Tower with Radar,33,126,37,5,201,0,1,0,0,1,33,127,37,5,202,20,10,30,232
02/19/2005,MDT,PA,AEA,EN,Combined TRACON& Tower with Radar,27,84,5,4,120,0,0,6,0,6,27,84,11,4,126,2,4,6,132
02/20/2005,MDT,PA,AEA,EN,Combined TRACON& Tower with Radar,13,88,20,1,122,0,0,7,0,7,13,88,27,1,129,2,0,2,131
02/21/2005,MDT,PA,AEA,EN,Combined TRACON& Tower with Radar,13,96,48,2,159,0,0,0,0,0,13,96,48,2,159,0,0,0,159
02/22/2005,MDT,PA,AEA,EN,Combined TRACON& Tower with Radar,23,99,51,13,186,0,0,10,0,10,23,99,61,13,196,26,16,42,238
02/23/2005,MDT,PA,AEA,EN,Combined TRACON& Tower with Radar,40,116,23,5,184,0,0,15,0,15,40,116,38,5,199,12,26,38,237
02/24/2005,MDT,PA,AEA,EN,Combined TRACON& Tower with Radar,32,104,27,2,165,0,0,5,0,5,32,104,32,2,170,0,0,0,170
02/25/2005,MDT,PA,AEA,EN,Combined TRACON& Tower with Radar,35,117,20,14,186,0,0,5,0,5,35,117,25,14,191,4,36,40,231
02/26/2005,MDT,PA,AEA,EN,Combined TRACON& Tower with Radar,27,81,15,1,124,0,2,15,1,18,27,83,30,2,142,6,0,6,148
02/27/2005,MDT,PA,AEA,EN,Combined TRACON& Tower with Radar,14,102,14,2,132,0,0,2,0,2,14,102,16,2,134,12,0,12,146
02/28/2005,MDT,PA,AEA,EN,Combined TRACON& Tower with Radar,10,94,12,3,119,0,0,0,0,0,10,94,12,3,119,0,0,0,119
03/01/2005,MDT,PA,AEA,EN,Combined TRACON& Tower with Radar,32,97,13,7,149,0,0,0,0,0,32,97,13,7,149,0,23,23,172
03/02/2005,MDT,PA,AEA,EN,Combined TRACON& Tower with Radar,36,109,22,7,174,0,0,4,2,6,36,109,26,9,180,0,0,0,180
03/03/2005,MDT,PA,AEA,EN,Combined TRACON& Tower with Radar,53,104,16,8,181,0,0,23,0,23,53,104,39,8,204,2,8,10,214
03/04/2005,MDT,PA,AEA,EN,Combined TRACON& Tower with Radar,31,124,15,12,182,0,1,21,0,22,31,125,36,12,204,4,18,22,226
03/05/2005,MDT,PA,AEA,EN,Combined TRACON& Tower with Radar,25,89,15,7,136,0,4,10,2,16,25,93,25,9,152,2,0,2,154
03/06/2005,MDT,PA,AEA,EN,Combined TRACON& Tower with Radar,13,94,12,11,130,0,1,3,0,4,13,95,15,11,134,0,18,18,152
03/07/2005,MDT,PA,AEA,EN,Combined TRACON& Tower with Radar,20,101,22,8,151,0,1,9,0,10,20,102,31,8,161,4,4,8,169
03/08/2005,MDT,PA,AEA,EN,Combined TRACON& Tower with Radar,53,99,12,1,165,0,0,1,0,1,53,99,13,1,166,0,0,0,166
03/09/2005,MDT,PA,AEA,EN,Combined TRACON& Tower with Radar,30,121,28,5,184,0,0,14,0,14,30,121,42,5,198,10,0,10,208
03/10/2005,MDT,PA,AEA,EN,Combined TRACON& Tower with Radar,31,124,36,7,198,0,1,13,0,14,31,125,49,7,212,10,20,30,242
03/11/2005,MDT,PA,AEA,EN,Combined TRACON& Tower with Radar,29,111,22,6,168,0,2,1,0,3,29,113,23,6,171,0,0,0,171
03/12/2005,MDT,PA,AEA,EN,Combined TRACON& Tower with Radar,26,96,16,2,140,0,4,0,0,4,26,100,16,2,144,8,0,8,152
03/13/2005,MDT,PA,AEA,EN,Combined TRACON& Tower with Radar,23,96,16,2,137,0,1,3,0,4,23,97,19,2,141,12,0,12,153
03/14/2005,MDT,PA,AEA,EN,Combined TRACON& Tower with Radar,18,108,16,4,146,0,0,19,0,19,18,108,35,4,165,2,8,10,175
03/15/2005,MDT,PA,AEA,EN,Combined TRACON& Tower with Radar,30,113,27,8,178,0,0,13,0,13,30,113,40,8,191,2,18,20,211
03/16/2005,MDT,PA,AEA,EN,Combined TRACON& Tower with Radar,26,127,53,18,224,0,0,13,0,13,26,127,66,18,237,6,66,72,309
03/17/2005,MDT,PA,AEA,EN,Combined TRACON& Tower with Radar,26,121,31,13,191,0,1,11,0,12,26,122,42,13,203,8,44,52,255
03/18/2005,MDT,PA,AEA,EN,Combined TRACON& Tower with Radar,33,115,32,2,182,0,0,0,0,0,33,115,32,2,182,2,0,2,184
03/19/2005,MDT,PA,AEA,EN,Combined TRACON& Tower with Radar,27,80,22,3,132,0,0,21,0,21,27,80,43,3,153,28,0,28,181
03/20/2005,MDT,PA,AEA,EN,Combined TRACON& Tower with Radar,20,84,17,7,128,0,0,0,0,0,20,84,17,7,128,0,0,0,128
03/21/2005,MDT,PA,AEA,EN,Combined TRACON& Tower with Radar,20,104,18,10,152,0,0,13,0,13,20,104,31,10,165,2,0,2,167
03/22/2005,MDT,PA,AEA,EN,Combined TRACON& Tower with Radar,31,112,22,7,172,0,1,10,0,11,31,113,32,7,183,4,46,50,233
03/23/2005,MDT,PA,AEA,EN,Combined TRACON& Tower with Radar,26,109,26,9,170,0,0,0,0,0,26,109,26,9,170,2,0,2,172
03/24/2005,MDT,PA,AEA,EN,Combined TRACON& Tower with Radar,36,115,28,12,191,0,1,8,0,9,36,116,36,12,200,0,26,26,226
03/25/2005,MDT,PA,AEA,EN,Combined TRACON& Tower with Radar,35,110,15,2,162,0,0,5,0,5,35,110,20,2,167,4,10,14,181
03/26/2005,MDT,PA,AEA,EN,Combined TRACON& Tower with Radar,26,81,17,1,125,0,2,6,1,9,26,83,23,2,134,8,0,8,142
03/27/2005,MDT,PA,AEA,EN,Combined TRACON& Tower with Radar,18,77,6,1,102,0,2,0,0,2,18,79,6,1,104,0,0,0,104
03/28/2005,MDT,PA,AEA,EN,Combined TRACON& Tower with Radar,19,96,28,4,147,0,0,0,0,0,19,96,28,4,147,0,0,0,147
03/29/2005,MDT,PA,AEA,EN,Combined TRACON& Tower with Radar,35,119,30,4,188,0,1,15,0,16,35,120,45,4,204,4,84,88,292
03/30/2005,MDT,PA,AEA,EN,Combined TRACON& Tower with Radar,32,125,41,10,208,0,3,30,0,33,32,128,71,10,241,10,18,28,269
03/31/2005,MDT,PA,AEA,EN,Combined TRACON& Tower with Radar,32,111,30,25,198,0,0,10,0,10,32,111,40,25,208,14,12,26,234
04/01/2005,MDT,PA,AEA,EN,Combined TRACON& Tower with Radar,35,113,20,5,173,0,0,6,1,7,35,113,26,6,180,0,0,0,180
04/02/2005,MDT,PA,AEA,EN,Combined TRACON& Tower with Radar,24,90,9,1,124,0,0,0,0,0,24,90,9,1,124,0,0,0,124
04/03/2005,MDT,PA,AEA,EN,Combined TRACON& Tower with Radar,22,78,6,3,109,0,0,0,0,0,22,78,6,3,109,2,0,2,111
04/04/2005,MDT,PA,AEA,EN,Combined TRACON& Tower with Radar,17,109,17,5,148,0,0,12,0,12,17,109,29,5,160,0,0,0,160
04/05/2005,MDT,PA,AEA,EN,Combined TRACON& Tower with Radar,28,113,24,8,173,0,1,22,0,23,28,114,46,8,196,2,24,26,222
04/06/2005,MDT,PA,AEA,EN,Combined TRACON& Tower with Radar,40,104,30,9,183,0,1,12,0,13,40,105,42,9,196,16,12,28,224
04/07/2005,MDT,PA,AEA,EN,Combined TRACON& Tower with Radar,35,118,44,12,209,0,2,3,0,5,35,120,47,12,214,32,26,58,272
04/08/2005,MDT,PA,AEA,EN,Combined TRACON& Tower with Radar,39,119,29,9,196,0,1,3,0,4,39,120,32,9,200,0,28,28,228
04/09/2005,MDT,PA,AEA,EN,Combined TRACON& Tower with Radar,24,87,12,3,126,0,0,8,0,8,24,87,20,3,134,6,4,10,144
04/10/2005,MDT,PA,AEA,EN,Combined TRACON& Tower with Radar,15,97,12,3,127,0,3,16,0,19,15,100,28,3,146,0,0,0,146
04/11/2005,MDT,PA,AEA,EN,Combined TRACON& Tower with Radar,18,104,20,0,142,0,0,16,0,16,18,104,36,0,158,6,0,6,164
04/12/2005,MDT,PA,AEA,EN,Combined TRACON& Tower with Radar,28,120,23,4,175,0,2,21,0,23,28,122,44,4,198,0,14,14,212
04/13/2005,MDT,PA,AEA,EN,Combined TRACON& Tower with Radar,33,117,23,4,177,0,0,26,0,26,33,117,49,4,203,2,22,24,227
04/14/2005,MDT,PA,AEA,EN,Combined TRACON& Tower with Radar,39,105,17,12,173,0,1,15,3,19,39,106,32,15,192,2,30,32,224
04/15/2005,MDT,PA,AEA,EN,Combined TRACON& Tower with Radar,32,119,9,11,171,0,0,11,0,11,32,119,20,11,182,0,38,38,220
04/16/2005,MDT,PA,AEA,EN,Combined TRACON& Tower with Radar,40,84,9,4,137,360,3,9,1,373,400,87,18,5,510,8,0,8,518
04/17/2005,MDT,PA,AEA,EN,Combined TRACON& Tower with Radar,13,92,11,2,118,0,1,16,0,17,13,93,27,2,135,10,4,14,149
04/18/2005,MDT,PA,AEA,EN,Combined TRACON& Tower with Radar,21,114,21,4,160,0,0,21,0,21,21,114,42,4,181,4,16,20,201
04/19/2005,MDT,PA,AEA,EN,Combined TRACON& Tower with Radar,28,117,37,9,191,0,1,10,0,11,28,118,47,9,202,0,20,20,222
04/20/2005,MDT,PA,AEA,EN,Combined TRACON& Tower with Radar,29,116,32,14,191,0,2,6,0,8,29,118,38,14,199,6,18,24,223
04/21/2005,MDT,PA,AEA,EN,Combined TRACON& Tower with Radar,37,126,29,16,208,0,0,20,1,21,37,126,49,17,229,3,50,53,282
04/22/2005,MDT,PA,AEA,EN,Combined TRACON& Tower with Radar,34,106,18,1,159,0,3,0,0,3,34,109,18,1,162,4,0,4,166
04/23/2005,MDT,PA,AEA,EN,Combined TRACON& Tower with Radar,25,83,12,1,121,0,0,0,1,1,25,83,12,2,122,0,0,0,122
04/24/2005,MDT,PA,AEA,EN,Combined TRACON& Tower with Radar,15,92,13,1,121,0,2,11,0,13,15,94,24,1,134,6,0,6,140
04/25/2005,MDT,PA,AEA,EN,Combined TRACON& Tower with Radar,17,110,28,0,155,0,1,12,0,13,17,111,40,0,168,8,0,8,176
04/26/2005,MDT,PA,AEA,EN,Combined TRACON& Tower with Radar,36,103,34,7,180,0,0,5,0,5,36,103,39,7,185,2,68,70,255
04/27/2005,MDT,PA,AEA,EN,Combined TRACON& Tower with Radar,34,112,41,17,204,0,0,10,0,10,34,112,51,17,214,10,68,78,292
04/28/2005,MDT,PA,AEA,EN,Combined TRACON& Tower with Radar,36,120,32,9,197,0,1,21,0,22,36,121,53,9,219,0,18,18,237
04/29/2005,MDT,PA,AEA,EN,Combined TRACON& Tower with Radar,34,105,21,5,165,0,2,13,0,15,34,107,34,5,180,0,0,0,180
04/30/2005,MDT,PA,AEA,EN,Combined TRACON& Tower with Radar,30,76,17,10,133,0,0,1,0,1,30,76,18,10,134,0,0,0,134
05/01/2005,MDT,PA,AEA,EN,Combined TRACON& Tower with Radar,16,94,10,10,130,0,0,1,1,2,16,94,11,11,132,4,2,6,138
05/02/2005,MDT,PA,AEA,EN,Combined TRACON& Tower with Radar,19,101,25,9,154,0,0,8,0,8,19,101,33,9,162,0,70,70,232
05/03/2005,MDT,PA,AEA,EN,Combined TRACON& Tower with Radar,34,130,34,13,211,0,0,8,0,8,34,130,42,13,219,0,26,26,245
05/04/2005,MDT,PA,AEA,EN,Combined TRACON& Tower with Radar,32,116,23,7,178,0,2,13,0,15,32,118,36,7,193,22,46,68,261
05/05/2005,MDT,PA,AEA,EN,Combined TRACON& Tower with Radar,35,130,37,19,221,0,2,12,5,19,35,132,49,24,240,6,24,30,270
05/06/2005,MDT,PA,AEA,EN,Combined TRACON& Tower with Radar,26,109,31,0,166,0,1,5,0,6,26,110,36,0,172,0,0,0,172
05/07/2005,MDT,PA,AEA,EN,Combined TRACON& Tower with Radar,25,91,6,4,126,0,0,15,5,20,25,91,21,9,146,4,4,8,154
05/08/2005,MDT,PA,AEA,EN,Combined TRACON& Tower with Radar,15,93,16,4,128,0,0,7,0,7,15,93,23,4,135,6,2,8,143
05/09/2005,MDT,PA,AEA,EN,Combined TRACON& Tower with Radar,17,108,25,0,150,0,1,14,0,15,17,109,39,0,165,4,34,38,203
05/10/2005,MDT,PA,AEA,EN,Combined TRACON& Tower with Radar,36,113,33,12,194,0,0,12,0,12,36,113,45,12,206,15,72,87,293
05/11/2005,MDT,PA,AEA,EN,Combined TRACON& Tower with Radar,28,117,45,10,200,0,7,14,0,21,28,124,59,10,221,10,66,76,297
05/12/2005,MDT,PA,AEA,EN,Combined TRACON& Tower with Radar,39,114,32,1,186,0,10,21,0,31,39,124,53,1,217,0,0,0,217
05/13/2005,MDT,PA,AEA,EN,Combined TRACON& Tower with Radar,29,14,25,4,72,0,0,13,0,13,29,14,38,4,85,6,0,6,91
05/14/2005,MDT,PA,AEA,EN,Combined TRACON& Tower with Radar,25,79,11,2,117,0,0,16,0,16,25,79,27,2,133,2,0,2,135
05/15/2005,MDT,PA,AEA,EN,Combined TRACON& Tower with Radar,12,86,20,9,127,0,0,0,0,0,12,86,20,9,127,14,6,20,147
05/16/2005,MDT,PA,AEA,EN,Combined TRACON& Tower with Radar,23,106,24,10,163,0,1,16,0,17,23,107,40,10,180,4,48,52,232
05/17/2005,MDT,PA,AEA,EN,Combined TRACON& Tower with Radar,28,116,39,12,195,0,0,25,0,25,28,116,64,12,220,16,24,40,260
05/18/2005,MDT,PA,AEA,EN,Combined TRACON& Tower with Radar,31,105,28,22,186,0,2,18,0,20,31,107,46,22,206,14,42,56,262
05/19/2005,MDT,PA,AEA,EN,Combined TRACON& Tower with Radar,36,120,34,5,195,0,10,22,0,32,36,130,56,5,227,30,26,56,283
05/20/2005,MDT,PA,AEA,EN,Combined TRACON& Tower with Radar,32,105,21,4,162,0,1,0,0,1,32,106,21,4,163,2,0,2,165
05/21/2005,MDT,PA,AEA,EN,Combined TRACON& Tower with Radar,26,96,8,2,132,0,6,14,0,20,26,102,22,2,152,6,0,6,158
05/22/2005,MDT,PA,AEA,EN,Combined TRACON& Tower with Radar,6,56,42,9,113,0,1,0,0,1,6,57,42,9,114,34,0,34,148
05/23/2005,MDT,PA,AEA,EN,Combined TRACON& Tower with Radar,20,103,30,3,156,0,0,13,1,14,20,103,43,4,170,24,0,24,194
05/24/2005,MDT,PA,AEA,EN,Combined TRACON& Tower with Radar,34,111,44,22,211,0,2,0,0,2,34,113,44,22,213,14,30,44,257
05/25/2005,MDT,PA,AEA,EN,Combined TRACON& Tower with Radar,37,107,39,25,208,0,2,7,0,9,37,109,46,25,217,16,76,92,309
05/26/2005,MDT,PA,AEA,EN,Combined TRACON& Tower with Radar,30,95,48,22,195,0,5,26,0,31,30,100,74,22,226,16,6,22,248
05/27/2005,MDT,PA,AEA,EN,Combined TRACON& Tower with Radar,33,111,17,10,171,0,1,16,4,21,33,112,33,14,192,10,14,24,216
05/28/2005,MDT,PA,AEA,EN,Combined TRACON& Tower with Radar,22,75,0,0,97,0,0,5,3,8,22,75,5,3,105,2,0,2,107
05/29/2005,MDT,PA,AEA,EN,Combined TRACON& Tower with Radar,13,79,8,1,101,0,1,2,0,3,13,80,10,1,104,8,0,8,112
05/30/2005,MDT,PA,AEA,EN,Combined TRACON& Tower with Radar,12,99,7,1,119,0,0,11,0,11,12,99,18,1,130,8,4,12,142
05/31/2005,MDT,PA,AEA,EN,Combined TRACON& Tower with Radar,17,112,38,25,192,0,3,7,4,14,17,115,45,29,206,16,54,70,276
06/01/2005,MDT,PA,AEA,EN,Combined TRACON& Tower with Radar,30,112,28,9,179,0,5,32,0,37,30,117,60,9,216,10,24,34,250
06/02/2005,MDT,PA,AEA,EN,Combined TRACON& Tower with Radar,34,114,42,7,197,0,0,12,0,12,34,114,54,7,209,0,6,6,215
06/03/2005,MDT,PA,AEA,EN,Combined TRACON& Tower with Radar,29,114,41,0,184,0,0,0,0,0,29,114,41,0,184,14,0,14,198
06/04/2005,MDT,PA,AEA,EN,Combined TRACON& Tower with Radar,24,88,15,0,127,0,0,9,0,9,24,88,24,0,136,11,0,11,147
06/05/2005,MDT,PA,AEA,EN,Combined TRACON& Tower with Radar,11,92,35,2,140,0,1,10,0,11,11,93,45,2,151,16,0,16,167
06/06/2005,MDT,PA,AEA,EN,Combined TRACON& Tower with Radar,24,98,23,2,147,0,2,10,0,12,24,100,33,2,159,2,22,24,183
06/07/2005,MDT,PA,AEA,EN,Combined TRACON& Tower with Radar,25,127,49,23,224,0,0,15,5,20,25,127,64,28,244,4,28,32,276
06/08/2005,MDT,PA,AEA,EN,Combined TRACON& Tower with Radar,32,124,49,25,230,0,3,23,0,26,32,127,72,25,256,21,28,49,305
06/09/2005,MDT,PA,AEA,EN,Combined TRACON& Tower with Radar,30,110,15,3,158,0,3,20,0,23,30,113,35,3,181,0,0,0,181
06/10/2005,MDT,PA,AEA,EN,Combined TRACON& Tower with Radar,36,117,16,8,177,324,0,11,0,335,360,117,27,8,512,0,200,200,712
06/11/2005,MDT,PA,AEA,EN,Combined TRACON& Tower with Radar,26,91,7,1,125,0,0,0,0,0,26,91,7,1,125,4,0,4,129
06/12/2005,MDT,PA,AEA,EN,Combined TRACON& Tower with Radar,13,86,20,9,128,0,2,0,0,2,13,88,20,9,130,2,22,24,154
06/13/2005,MDT,PA,AEA,EN,Combined TRACON& Tower with Radar,19,118,33,19,189,0,2,6,0,8,19,120,39,19,197,6,42,48,245
06/14/2005,MDT,PA,AEA,EN,Combined TRACON& Tower with Radar,33,134,46,11,224,0,3,18,0,21,33,137,64,11,245,12,44,56,301
06/15/2005,MDT,PA,AEA,EN,Combined TRACON& Tower with Radar,31,125,41,12,209,0,2,20,2,24,31,127,61,14,233,4,14,18,251
06/16/2005,MDT,PA,AEA,EN,Combined TRACON& Tower with Radar,43,116,24,16,199,0,4,17,0,21,43,120,41,16,220,2,34,36,256
06/17/2005,MDT,PA,AEA,EN,Combined TRACON& Tower with Radar,31,113,29,2,175,0,1,19,0,20,31,114,48,2,195,2,2,4,199
06/18/2005,MDT,PA,AEA,EN,Combined TRACON& Tower with Radar,23,92,19,2,136,0,0,14,0,14,23,92,33,2,150,2,4,6,156
06/19/2005,MDT,PA,AEA,EN,Combined TRACON& Tower with Radar,16,89,19,1,125,0,1,8,0,9,16,90,27,1,134,2,0,2,136
06/20/2005,MDT,PA,AEA,EN,Combined TRACON& Tower with Radar,19,121,37,5,182,0,0,25,2,27,19,121,62,7,209,12,10,22,231
06/21/2005,MDT,PA,AEA,EN,Combined TRACON& Tower with Radar,28,108,44,10,190,0,1,21,0,22,28,109,65,10,212,14,40,54,266
06/22/2005,MDT,PA,AEA,EN,Combined TRACON& Tower with Radar,46,112,46,13,217,0,4,10,0,14,46,116,56,13,231,2,18,20,251
06/23/2005,MDT,PA,AEA,EN,Combined TRACON& Tower with Radar,50,136,45,11,242,0,0,24,0,24,50,136,69,11,266,4,28,32,298
06/24/2005,MDT,PA,AEA,EN,Combined TRACON& Tower with Radar,27,77,12,29,145,0,0,0,0,0,27,77,12,29,145,36,8,44,189
06/25/2005,MDT,PA,AEA,EN,Combined TRACON& Tower with Radar,30,90,16,5,141,0,0,14,0,14,30,90,30,5,155,12,0,12,167
06/26/2005,MDT,PA,AEA,EN,Combined TRACON& Tower with Radar,11,96,18,7,132,0,1,7,0,8,11,97,25,7,140,14,12,26,166
06/27/2005,MDT,PA,AEA,EN,Combined TRACON& Tower with Radar,20,105,28,2,155,0,0,7,0,7,20,105,35,2,162,8,6,14,176
06/28/2005,MDT,PA,AEA,EN,Combined TRACON& Tower with Radar,27,111,49,10,197,0,4,14,6,24,27,115,63,16,221,18,38,56,277
06/29/2005,MDT,PA,AEA,EN,Combined TRACON& Tower with Radar,38,107,36,7,188,0,0,9,0,9,38,107,45,7,197,0,48,48,245
06/30/2005,MDT,PA,AEA,EN,Combined TRACON& Tower with Radar,32,118,40,13,203,0,8,7,0,15,32,126,47,13,218,16,34,50,268
07/01/2005,MDT,PA,AEA,EN,Combined TRACON& Tower with Radar,34,101,32,13,180,0,4,4,0,8,34,105,36,13,188,10,8,18,206
07/02/2005,MDT,PA,AEA,EN,Combined TRACON& Tower with Radar,25,75,23,5,128,0,0,5,0,5,25,75,28,5,133,4,0,4,137
07/03/2005,MDT,PA,AEA,EN,Combined TRACON& Tower with Radar,19,75,8,0,102,0,2,14,0,16,19,77,22,0,118,2,0,2,120
07/04/2005,MDT,PA,AEA,EN,Combined TRACON& Tower with Radar,12,90,10,0,112,0,8,13,0,21,12,98,23,0,133,0,0,0,133
07/05/2005,MDT,PA,AEA,EN,Combined TRACON& Tower with Radar,23,100,26,4,153,0,3,13,0,16,23,103,39,4,169,5,8,13,182
07/06/2005,MDT,PA,AEA,EN,Combined TRACON& Tower with Radar,31,123,16,1,171,0,0,0,0,0,31,123,16,1,171,8,8,16,187
07/07/2005,MDT,PA,AEA,EN,Combined TRACON& Tower with Radar,29,123,28,1,181,0,1,8,0,9,29,124,36,1,190,2,54,56,246
07/08/2005,MDT,PA,AEA,EN,Combined TRACON& Tower with Radar,30,110,18,7,165,0,0,2,0,2,30,110,20,7,167,2,6,8,175
07/09/2005,MDT,PA,AEA,EN,Combined TRACON& Tower with Radar,21,100,14,7,142,0,0,23,3,26,21,100,37,10,168,7,0,7,175
07/10/2005,MDT,PA,AEA,EN,Combined TRACON& Tower with Radar,16,91,16,3,126,0,1,14,0,15,16,92,30,3,141,0,2,2,143
07/11/2005,MDT,PA,AEA,EN,Combined TRACON& Tower with Radar,16,80,46,7,149,0,2,27,0,29,16,82,73,7,178,4,23,27,205
07/12/2005,MDT,PA,AEA,EN,Combined TRACON& Tower with Radar,32,121,24,9,186,0,9,5,0,14,32,130,29,9,200,14,20,34,234
07/13/2005,MDT,PA,AEA,EN,Combined TRACON& Tower with Radar,35,119,40,13,207,0,0,0,0,0,35,119,40,13,207,12,56,68,275
07/14/2005,MDT,PA,AEA,EN,Combined TRACON& Tower with Radar,31,115,24,4,174,0,2,11,0,13,31,117,35,4,187,12,5,17,204
07/15/2005,MDT,PA,AEA,EN,Combined TRACON& Tower with Radar,29,107,22,3,161,0,0,3,0,3,29,107,25,3,164,0,2,2,166
07/16/2005,MDT,PA,AEA,EN,Combined TRACON& Tower with Radar,22,88,9,2,121,0,0,0,0,0,22,88,9,2,121,0,0,0,121
07/17/2005,MDT,PA,AEA,EN,Combined TRACON& Tower with Radar,21,90,13,5,129,0,0,1,7,8,21,90,14,12,137,0,0,0,137
07/18/2005,MDT,PA,AEA,EN,Combined TRACON& Tower with Radar,18,91,35,3,147,0,1,0,0,1,18,92,35,3,148,10,0,10,158
07/19/2005,MDT,PA,AEA,EN,Combined TRACON& Tower with Radar,31,114,38,15,198,0,4,15,0,19,31,118,53,15,217,4,68,72,289
07/20/2005,MDT,PA,AEA,EN,Combined TRACON& Tower with Radar,29,112,35,17,193,0,1,26,0,27,29,113,61,17,220,2,54,56,276
07/21/2005,MDT,PA,AEA,EN,Combined TRACON& Tower with Radar,37,104,37,18,196,0,1,19,0,20,37,105,56,18,216,4,66,70,286
07/22/2005,MDT,PA,AEA,EN,Combined TRACON& Tower with Radar,36,96,44,8,184,0,2,13,0,15,36,98,57,8,199,0,26,26,225
07/23/2005,MDT,PA,AEA,EN,Combined TRACON& Tower with Radar,23,76,18,3,120,0,0,16,0,16,23,76,34,3,136,4,0,4,140
07/24/2005,MDT,PA,AEA,EN,Combined TRACON& Tower with Radar,11,83,16,5,115,0,1,4,0,5,11,84,20,5,120,10,0,10,130
07/25/2005,MDT,PA,AEA,EN,Combined TRACON& Tower with Radar,17,111,20,9,157,0,4,5,0,9,17,115,25,9,166,0,30,30,196
07/26/2005,MDT,PA,AEA,EN,Combined TRACON& Tower with Radar,28,106,31,26,191,0,2,4,0,6,28,108,35,26,197,6,28,34,231
07/27/2005,MDT,PA,AEA,EN,Combined TRACON& Tower with Radar,38,121,29,7,195,0,4,12,0,16,38,125,41,7,211,11,110,121,332
07/28/2005,MDT,PA,AEA,EN,Combined TRACON& Tower with Radar,33,122,34,10,199,0,4,24,0,28,33,126,58,10,227,8,12,20,247
07/29/2005,MDT,PA,AEA,EN,Combined TRACON& Tower with Radar,37,127,19,24,207,0,0,11,0,11,37,127,30,24,218,6,36,42,260
07/30/2005,MDT,PA,AEA,EN,Combined TRACON& Tower with Radar,24,82,4,2,112,0,0,7,1,8,24,82,11,3,120,6,0,6,126
07/31/2005,MDT,PA,AEA,EN,Combined TRACON& Tower with Radar,17,85,22,1,125,0,8,10,0,18,17,93,32,1,143,20,6,26,169
08/01/2005,MDT,PA,AEA,EN,Combined TRACON& Tower with Radar,23,105,25,7,160,0,3,15,4,22,23,108,40,11,182,18,6,24,206
08/02/2005,MDT,PA,AEA,EN,Combined TRACON& Tower with Radar,32,116,21,0,169,0,2,16,7,25,32,118,37,7,194,6,30,36,230
08/03/2005,MDT,PA,AEA,EN,Combined TRACON& Tower with Radar,28,117,30,4,179,0,0,7,0,7,28,117,37,4,186,8,8,16,202
08/04/2005,MDT,PA,AEA,EN,Combined TRACON& Tower with Radar,27,116,44,0,187,0,0,15,0,15,27,116,59,0,202,12,34,46,248
08/05/2005,MDT,PA,AEA,EN,Combined TRACON& Tower with Radar,29,112,18,3,162,0,0,6,0,6,29,112,24,3,168,2,4,6,174
08/06/2005,MDT,PA,AEA,EN,Combined TRACON& Tower with Radar,26,84,9,1,120,0,0,14,0,14,26,84,23,1,134,4,0,4,138
08/07/2005,MDT,PA,AEA,EN,Combined TRACON& Tower with Radar,11,82,24,2,119,0,0,11,1,12,11,82,35,3,131,20,0,20,151
08/08/2005,MDT,PA,AEA,EN,Combined TRACON& Tower with Radar,28,98,25,4,155,0,4,0,0,4,28,102,25,4,159,14,4,18,177
08/09/2005,MDT,PA,AEA,EN,Combined TRACON& Tower with Radar,28,128,39,14,209,0,1,8,0,9,28,129,47,14,218,10,20,30,248
08/10/2005,MDT,PA,AEA,EN,Combined TRACON& Tower with Radar,30,118,37,7,192,0,1,20,0,21,30,119,57,7,213,10,8,18,231
08/11/2005,MDT,PA,AEA,EN,Combined TRACON& Tower with Radar,36,119,35,8,198,0,0,6,0,6,36,119,41,8,204,20,62,82,286
08/12/2005,MDT,PA,AEA,EN,Combined TRACON& Tower with Radar,27,119,23,14,183,0,7,7,6,20,27,126,30,20,203,10,4,14,217
08/13/2005,MDT,PA,AEA,EN,Combined TRACON& Tower with Radar,26,92,9,5,132,0,4,1,0,5,26,96,10,5,137,0,4,4,141
08/14/2005,MDT,PA,AEA,EN,Combined TRACON& Tower with Radar,14,87,28,4,133,0,2,1,0,3,14,89,29,4,136,6,0,6,142
08/15/2005,MDT,PA,AEA,EN,Combined TRACON& Tower with Radar,21,113,36,0,170,0,0,18,0,18,21,113,54,0,188,4,0,4,192
08/16/2005,MDT,PA,AEA,EN,Combined TRACON& Tower with Radar,43,107,32,8,190,0,1,0,0,1,43,108,32,8,191,4,22,26,217
08/17/2005,MDT,PA,AEA,EN,Combined TRACON& Tower with Radar,32,126,33,17,208,0,0,10,0,10,32,126,43,17,218,30,30,60,278
08/18/2005,MDT,PA,AEA,EN,Combined TRACON& Tower with Radar,32,119,31,3,185,0,0,34,0,34,32,119,65,3,219,8,22,30,249
08/19/2005,MDT,PA,AEA,EN,Combined TRACON& Tower with Radar,32,121,28,6,187,0,1,13,0,14,32,122,41,6,201,10,20,30,231
08/20/2005,MDT,PA,AEA,EN,Combined TRACON& Tower with Radar,21,85,14,2,122,0,0,0,2,2,21,85,14,4,124,12,0,12,136
08/21/2005,MDT,PA,AEA,EN,Combined TRACON& Tower with Radar,15,88,19,4,126,0,8,4,0,12,15,96,23,4,138,4,2,6,144
08/22/2005,MDT,PA,AEA,EN,Combined TRACON& Tower with Radar,16,109,17,16,158,0,2,35,0,37,16,111,52,16,195,20,30,50,245
08/23/2005,MDT,PA,AEA,EN,Combined TRACON& Tower with Radar,31,114,28,16,189,0,0,20,0,20,31,114,48,16,209,14,20,34,243
08/24/2005,MDT,PA,AEA,EN,Combined TRACON& Tower with Radar,41,120,37,8,206,0,0,23,1,24,41,120,60,9,230,16,8,24,254
08/25/2005,MDT,PA,AEA,EN,Combined TRACON& Tower with Radar,32,125,32,13,202,0,0,14,0,14,32,125,46,13,216,8,17,25,241
08/26/2005,MDT,PA,AEA,EN,Combined TRACON& Tower with Radar,34,118,17,4,173,0,1,15,0,16,34,119,32,4,189,8,0,8,197
08/27/2005,MDT,PA,AEA,EN,Combined TRACON& Tower with Radar,24,86,12,8,130,0,0,3,0,3,24,86,15,8,133,2,10,12,145
08/28/2005,MDT,PA,AEA,EN,Combined TRACON& Tower with Radar,10,95,31,1,137,0,2,2,0,4,10,97,33,1,141,8,0,8,149
08/29/2005,MDT,PA,AEA,EN,Combined TRACON& Tower with Radar,15,107,23,1,146,0,0,3,0,3,15,107,26,1,149,6,2,8,157
08/30/2005,MDT,PA,AEA,EN,Combined TRACON& Tower with Radar,24,95,40,12,171,0,0,0,0,0,24,95,40,12,171,12,4,16,187
08/31/2005,MDT,PA,AEA,EN,Combined TRACON& Tower with Radar,28,128,34,9,199,0,3,1,0,4,28,131,35,9,203,2,20,22,225
09/01/2005,MDT,PA,AEA,EN,Combined TRACON& Tower with Radar,32,109,18,15,174,0,0,19,0,19,32,109,37,15,193,40,14,54,247
09/02/2005,MDT,PA,AEA,EN,Combined TRACON& Tower with Radar,23,117,17,7,164,0,1,22,0,23,23,118,39,7,187,0,4,4,191
09/03/2005,MDT,PA,AEA,EN,Combined TRACON& Tower with Radar,26,77,7,1,111,2,5,13,0,20,28,82,20,1,131,2,0,2,133
09/04/2005,MDT,PA,AEA,EN,Combined TRACON& Tower with Radar,6,78,11,2,97,0,2,5,0,7,6,80,16,2,104,2,0,2,106
09/05/2005,MDT,PA,AEA,EN,Combined TRACON& Tower with Radar,11,93,11,0,115,0,1,10,0,11,11,94,21,0,126,12,0,12,138
09/06/2005,MDT,PA,AEA,EN,Combined TRACON& Tower with Radar,17,114,15,7,153,0,2,13,0,15,17,116,28,7,168,12,16,28,196
09/07/2005,MDT,PA,AEA,EN,Combined TRACON& Tower with Radar,26,122,32,4,184,0,2,27,0,29,26,124,59,4,213,24,12,36,249
09/08/2005,MDT,PA,AEA,EN,Combined TRACON& Tower with Radar,35,124,25,9,193,0,0,37,0,37,35,124,62,9,230,0,38,38,268
09/09/2005,MDT,PA,AEA,EN,Combined TRACON& Tower with Radar,31,118,25,5,179,0,3,48,0,51,31,121,73,5,230,4,0,4,234
09/10/2005,MDT,PA,AEA,EN,Combined TRACON& Tower with Radar,23,80,13,2,118,0,3,24,0,27,23,83,37,2,145,10,0,10,155
09/11/2005,MDT,PA,AEA,EN,Combined TRACON& Tower with Radar,10,85,20,8,123,0,3,10,0,13,10,88,30,8,136,8,30,38,174
09/12/2005,MDT,PA,AEA,EN,Combined TRACON& Tower with Radar,16,118,30,13,177,0,0,20,1,21,16,118,50,14,198,12,26,38,236
09/13/2005,MDT,PA,AEA,EN,Combined TRACON& Tower with Radar,33,112,35,7,187,0,1,18,0,19,33,113,53,7,206,0,4,4,210
09/14/2005,MDT,PA,AEA,EN,Combined TRACON& Tower with Radar,30,114,55,10,209,0,0,6,0,6,30,114,61,10,215,8,16,24,239
09/15/2005,MDT,PA,AEA,EN,Combined TRACON& Tower with Radar,19,133,37,10,199,0,1,12,2,15,19,134,49,12,214,18,0,18,232
09/16/2005,MDT,PA,AEA,EN,Combined TRACON& Tower with Radar,29,117,35,4,185,0,1,1,0,2,29,118,36,4,187,12,18,30,217
09/17/2005,MDT,PA,AEA,EN,Combined TRACON& Tower with Radar,23,97,19,6,145,0,0,8,0,8,23,97,27,6,153,20,0,20,173
09/18/2005,MDT,PA,AEA,EN,Combined TRACON& Tower with Radar,13,81,35,6,135,0,6,20,0,26,13,87,55,6,161,30,18,48,209
09/19/2005,MDT,PA,AEA,EN,Combined TRACON& Tower with Radar,12,107,37,5,161,0,6,27,0,33,12,113,64,5,194,10,10,20,214
09/20/2005,MDT,PA,AEA,EN,Combined TRACON& Tower with Radar,28,114,35,5,182,0,0,13,0,13,28,114,48,5,195,6,20,26,221
09/21/2005,MDT,PA,AEA,EN,Combined TRACON& Tower with Radar,25,116,33,0,174,0,1,23,1,25,25,117,56,1,199,8,0,8,207
09/22/2005,MDT,PA,AEA,EN,Combined TRACON& Tower with Radar,35,114,42,10,201,0,2,19,0,21,35,116,61,10,222,24,6,30,252
09/23/2005,MDT,PA,AEA,EN,Combined TRACON& Tower with Radar,29,117,29,18,193,0,2,18,0,20,29,119,47,18,213,4,52,56,269
09/24/2005,MDT,PA,AEA,EN,Combined TRACON& Tower with Radar,18,61,29,1,109,0,1,19,0,20,18,62,48,1,129,6,0,6,135
09/25/2005,MDT,PA,AEA,EN,Combined TRACON& Tower with Radar,9,81,21,6,117,0,0,1,0,1,9,81,22,6,118,6,0,6,124
09/26/2005,MDT,PA,AEA,EN,Combined TRACON& Tower with Radar,12,107,35,2,156,0,0,8,0,8,12,107,43,2,164,0,0,0,164
09/27/2005,MDT,PA,AEA,EN,Combined TRACON& Tower with Radar,31,110,26,8,175,0,2,16,0,18,31,112,42,8,193,14,10,24,217
09/28/2005,MDT,PA,AEA,EN,Combined TRACON& Tower with Radar,27,113,32,0,172,0,4,24,0,28,27,117,56,0,200,24,18,42,242
09/29/2005,MDT,PA,AEA,EN,Combined TRACON& Tower with Radar,34,109,43,0,186,0,1,0,0,1,34,110,43,0,187,18,6,24,211
09/30/2005,MDT,PA,AEA,EN,Combined TRACON& Tower with Radar,31,109,29,0,169,0,5,37,0,42,31,114,66,0,211,0,18,18,229
10/01/2005,MDT,PA,AEA,EN,Combined TRACON& Tower with Radar,18,93,17,2,130,0,11,9,0,20,18,104,26,2,150,10,0,10,160
10/02/2005,MDT,PA,AEA,EN,Combined TRACON& Tower with Radar,14,88,16,2,120,0,0,15,0,15,14,88,31,2,135,26,0,26,161
10/03/2005,MDT,PA,AEA,EN,Combined TRACON& Tower with Radar,14,105,26,12,157,0,0,6,0,6,14,105,32,12,163,8,28,36,199
10/04/2005,MDT,PA,AEA,EN,Combined TRACON& Tower with Radar,27,110,32,13,182,0,0,6,3,9,27,110,38,16,191,8,0,8,199
10/05/2005,MDT,PA,AEA,EN,Combined TRACON& Tower with Radar,27,123,28,12,190,0,1,18,0,19,27,124,46,12,209,25,10,35,244
10/06/2005,MDT,PA,AEA,EN,Combined TRACON& Tower with Radar,33,127,41,3,204,0,0,8,0,8,33,127,49,3,212,22,20,42,254
10/07/2005,MDT,PA,AEA,EN,Combined TRACON& Tower with Radar,25,117,40,8,190,0,5,0,0,5,25,122,40,8,195,2,0,2,197
10/08/2005,MDT,PA,AEA,EN,Combined TRACON& Tower with Radar,22,95,20,1,138,0,2,0,0,2,22,97,20,1,140,0,0,0,140
10/09/2005,MDT,PA,AEA,EN,Combined TRACON& Tower with Radar,12,82,34,6,134,0,0,1,0,1,12,82,35,6,135,6,0,6,141
10/10/2005,MDT,PA,AEA,EN,Combined TRACON& Tower with Radar,13,104,32,2,151,0,0,0,0,0,13,104,32,2,151,6,0,6,157
10/11/2005,MDT,PA,AEA,EN,Combined TRACON& Tower with Radar,47,104,42,4,197,0,0,0,0,0,47,104,42,4,197,6,48,54,251
10/12/2005,MDT,PA,AEA,EN,Combined TRACON& Tower with Radar,29,124,37,10,200,0,3,0,0,3,29,127,37,10,203,2,4,6,209
10/13/2005,MDT,PA,AEA,EN,Combined TRACON& Tower with Radar,35,119,34,9,197,0,2,0,0,2,35,121,34,9,199,0,28,28,227
10/14/2005,MDT,PA,AEA,EN,Combined TRACON& Tower with Radar,25,124,36,3,188,0,5,0,0,5,25,129,36,3,193,28,0,28,221
10/15/2005,MDT,PA,AEA,EN,Combined TRACON& Tower with Radar,21,100,23,0,144,0,9,5,0,14,21,109,28,0,158,8,2,10,168
10/16/2005,MDT,PA,AEA,EN,Combined TRACON& Tower with Radar,14,89,20,3,126,0,2,0,1,3,14,91,20,4,129,2,0,2,131
10/17/2005,MDT,PA,AEA,EN,Combined TRACON& Tower with Radar,12,88,41,11,152,0,0,5,0,5,12,88,46,11,157,25,18,43,200
10/18/2005,MDT,PA,AEA,EN,Combined TRACON& Tower with Radar,30,126,41,9,206,0,1,16,0,17,30,127,57,9,223,11,10,21,244
10/19/2005,MDT,PA,AEA,EN,Combined TRACON& Tower with Radar,24,109,23,6,162,0,1,23,0,24,24,110,46,6,186,8,16,24,210
10/20/2005,MDT,PA,AEA,EN,Combined TRACON& Tower with Radar,34,121,24,13,192,0,3,14,0,17,34,124,38,13,209,4,38,42,251
10/21/2005,MDT,PA,AEA,EN,Combined TRACON& Tower with Radar,30,112,30,4,176,0,1,6,0,7,30,113,36,4,183,16,0,16,199
10/22/2005,MDT,PA,AEA,EN,Combined TRACON& Tower with Radar,18,84,13,0,115,0,0,0,0,0,18,84,13,0,115,4,0,4,119
10/23/2005,MDT,PA,AEA,EN,Combined TRACON& Tower with Radar,15,77,23,1,116,0,0,3,0,3,15,77,26,1,119,6,2,8,127
10/24/2005,MDT,PA,AEA,EN,Combined TRACON& Tower with Radar,14,103,19,2,138,0,0,8,0,8,14,103,27,2,146,4,0,4,150
10/25/2005,MDT,PA,AEA,EN,Combined TRACON& Tower with Radar,32,114,19,9,174,0,0,0,0,0,32,114,19,9,174,10,10,20,194
10/26/2005,MDT,PA,AEA,EN,Combined TRACON& Tower with Radar,30,117,23,12,182,0,1,8,4,13,30,118,31,16,195,8,4,12,207
10/27/2005,MDT,PA,AEA,EN,Combined TRACON& Tower with Radar,29,117,32,10,188,0,4,8,0,12,29,121,40,10,200,14,18,32,232
10/28/2005,MDT,PA,AEA,EN,Combined TRACON& Tower with Radar,28,125,26,6,185,0,3,24,2,29,28,128,50,8,214,8,0,8,222
10/29/2005,MDT,PA,AEA,EN,Combined TRACON& Tower with Radar,19,93,10,0,122,0,2,8,0,10,19,95,18,0,132,4,0,4,136
10/30/2005,MDT,PA,AEA,EN,Combined TRACON& Tower with Radar,10,82,22,4,118,0,3,8,0,11,10,85,30,4,129,4,4,8,137
10/31/2005,MDT,PA,AEA,EN,Combined TRACON& Tower with Radar,12,112,16,5,145,0,1,16,0,17,12,113,32,5,162,4,14,18,180
11/01/2005,MDT,PA,AEA,EN,Combined TRACON& Tower with Radar,22,121,39,11,193,0,2,19,0,21,22,123,58,11,214,0,32,32,246
11/02/2005,MDT,PA,AEA,EN,Combined TRACON& Tower with Radar,30,113,39,12,194,0,0,26,0,26,30,113,65,12,220,8,34,42,262
11/03/2005,MDT,PA,AEA,EN,Combined TRACON& Tower with Radar,34,121,33,8,196,0,8,16,0,24,34,129,49,8,220,4,16,20,240
11/04/2005,MDT,PA,AEA,EN,Combined TRACON& Tower with Radar,40,121,20,6,187,0,5,17,0,22,40,126,37,6,209,0,6,6,215
11/05/2005,MDT,PA,AEA,EN,Combined TRACON& Tower with Radar,19,82,8,5,114,0,1,0,0,1,19,83,8,5,115,8,6,14,129
11/06/2005,MDT,PA,AEA,EN,Combined TRACON& Tower with Radar,20,85,13,5,123,0,3,5,0,8,20,88,18,5,131,4,0,4,135
11/07/2005,MDT,PA,AEA,EN,Combined TRACON& Tower with Radar,16,113,22,0,151,0,0,9,1,10,16,113,31,1,161,18,0,18,179
11/08/2005,MDT,PA,AEA,EN,Combined TRACON& Tower with Radar,40,111,41,7,199,0,1,6,0,7,40,112,47,7,206,12,8,20,226
11/09/2005,MDT,PA,AEA,EN,Combined TRACON& Tower with Radar,27,118,33,8,186,0,3,15,0,18,27,121,48,8,204,4,70,74,278
11/10/2005,MDT,PA,AEA,EN,Combined TRACON& Tower with Radar,26,123,16,16,181,0,4,4,0,8,26,127,20,16,189,4,8,12,201
11/11/2005,MDT,PA,AEA,EN,Combined TRACON& Tower with Radar,25,120,17,1,163,0,2,7,0,9,25,122,24,1,172,6,0,6,178
11/12/2005,MDT,PA,AEA,EN,Combined TRACON& Tower with Radar,17,83,16,3,119,0,0,9,0,9,17,83,25,3,128,8,0,8,136
11/13/2005,MDT,PA,AEA,EN,Combined TRACON& Tower with Radar,10,95,15,0,120,0,0,10,0,10,10,95,25,0,130,16,0,16,146
11/14/2005,MDT,PA,AEA,EN,Combined TRACON& Tower with Radar,14,100,34,4,152,0,2,5,0,7,14,102,39,4,159,6,18,24,183
11/15/2005,MDT,PA,AEA,EN,Combined TRACON& Tower with Radar,22,118,30,6,176,0,0,5,0,5,22,118,35,6,181,2,4,6,187
11/16/2005,MDT,PA,AEA,EN,Combined TRACON& Tower with Radar,26,108,28,3,165,0,2,1,0,3,26,110,29,3,168,4,0,4,172
11/17/2005,MDT,PA,AEA,EN,Combined TRACON& Tower with Radar,24,124,30,2,180,0,2,17,0,19,24,126,47,2,199,6,64,70,269
11/18/2005,MDT,PA,AEA,EN,Combined TRACON& Tower with Radar,21,116,40,5,182,0,8,25,0,33,21,124,65,5,215,10,24,34,249
11/19/2005,MDT,PA,AEA,EN,Combined TRACON& Tower with Radar,15,80,8,7,110,3,8,7,0,18,18,88,15,7,128,8,10,18,146
11/20/2005,MDT,PA,AEA,EN,Combined TRACON& Tower with Radar,16,87,13,4,120,0,0,7,0,7,16,87,20,4,127,10,2,12,139
11/21/2005,MDT,PA,AEA,EN,Combined TRACON& Tower with Radar,14,103,16,9,142,0,0,11,0,11,14,103,27,9,153,0,32,32,185
11/22/2005,MDT,PA,AEA,EN,Combined TRACON& Tower with Radar,30,108,30,14,182,0,2,2,0,4,30,110,32,14,186,10,26,36,222
11/23/2005,MDT,PA,AEA,EN,Combined TRACON& Tower with Radar,30,124,22,8,184,0,12,6,0,18,30,136,28,8,202,10,0,10,212
11/24/2005,MDT,PA,AEA,EN,Combined TRACON& Tower with Radar,18,94,0,0,112,0,3,2,0,5,18,97,2,0,117,0,0,0,117
11/25/2005,MDT,PA,AEA,EN,Combined TRACON& Tower with Radar,17,80,10,0,107,0,1,14,5,20,17,81,24,5,127,4,2,6,133
11/26/2005,MDT,PA,AEA,EN,Combined TRACON& Tower with Radar,19,90,10,0,119,0,0,6,0,6,19,90,16,0,125,6,0,6,131
11/27/2005,MDT,PA,AEA,EN,Combined TRACON& Tower with Radar,6,95,20,3,124,0,0,8,0,8,6,95,28,3,132,16,0,16,148
11/28/2005,MDT,PA,AEA,EN,Combined TRACON& Tower with Radar,13,107,26,14,160,0,1,9,0,10,13,108,35,14,170,0,6,6,176
11/29/2005,MDT,PA,AEA,EN,Combined TRACON& Tower with Radar,33,113,26,4,176,0,1,2,0,3,33,114,28,4,179,0,2,2,181
11/30/2005,MDT,PA,AEA,EN,Combined TRACON& Tower with Radar,25,126,38,2,191,0,2,5,0,7,25,128,43,2,198,11,16,27,225
12/01/2005,MDT,PA,AEA,EN,Combined TRACON& Tower with Radar,41,117,34,0,192,0,3,5,0,8,41,120,39,0,200,6,40,46,246
12/02/2005,MDT,PA,AEA,EN,Combined TRACON& Tower with Radar,25,118,21,2,166,0,0,5,4,9,25,118,26,6,175,0,4,4,179
12/03/2005,MDT,PA,AEA,EN,Combined TRACON& Tower with Radar,16,77,9,3,105,0,0,8,3,11,16,77,17,6,116,4,0,4,120
12/04/2005,MDT,PA,AEA,EN,Combined TRACON& Tower with Radar,8,82,30,0,120,0,0,0,0,0,8,82,30,0,120,0,0,0,120
12/05/2005,MDT,PA,AEA,EN,Combined TRACON& Tower with Radar,13,100,24,2,139,0,1,11,0,12,13,101,35,2,151,6,6,12,163
12/06/2005,MDT,PA,AEA,EN,Combined TRACON& Tower with Radar,32,115,27,9,183,0,0,11,0,11,32,115,38,9,194,2,20,22,216
12/07/2005,MDT,PA,AEA,EN,Combined TRACON& Tower with Radar,28,105,47,8,188,0,0,17,0,17,28,105,64,8,205,2,16,18,223
12/08/2005,MDT,PA,AEA,EN,Combined TRACON& Tower with Radar,24,117,25,3,169,0,10,13,0,23,24,127,38,3,192,6,16,22,214
12/09/2005,MDT,PA,AEA,EN,Combined TRACON& Tower with Radar,20,111,21,2,154,0,0,0,0,0,20,111,21,2,154,2,0,2,156
12/10/2005,MDT,PA,AEA,EN,Combined TRACON& Tower with Radar,12,79,15,4,110,0,3,16,0,19,12,82,31,4,129,20,4,24,153
12/11/2005,MDT,PA,AEA,EN,Combined TRACON& Tower with Radar,6,86,13,1,106,0,0,3,0,3,6,86,16,1,109,8,0,8,117
12/12/2005,MDT,PA,AEA,EN,Combined TRACON& Tower with Radar,10,108,25,18,161,0,0,2,0,2,10,108,27,18,163,8,40,48,211
12/13/2005,MDT,PA,AEA,EN,Combined TRACON& Tower with Radar,31,112,33,5,181,0,0,25,0,25,31,112,58,5,206,8,24,32,238
12/14/2005,MDT,PA,AEA,EN,Combined TRACON& Tower with Radar,29,110,48,8,195,0,4,19,0,23,29,114,67,8,218,4,66,70,288
12/15/2005,MDT,PA,AEA,EN,Combined TRACON& Tower with Radar,19,87,32,2,140,0,3,0,0,3,19,90,32,2,143,8,6,14,157
12/16/2005,MDT,PA,AEA,EN,Combined TRACON& Tower with Radar,22,104,22,4,152,0,0,2,0,2,22,104,24,4,154,0,12,12,166
12/17/2005,MDT,PA,AEA,EN,Combined TRACON& Tower with Radar,17,73,10,1,101,0,1,10,0,11,17,74,20,1,112,6,0,6,118
12/18/2005,MDT,PA,AEA,EN,Combined TRACON& Tower with Radar,10,94,12,4,120,0,0,0,0,0,10,94,12,4,120,16,16,32,152
12/19/2005,MDT,PA,AEA,EN,Combined TRACON& Tower with Radar,13,98,22,4,137,0,0,14,0,14,13,98,36,4,151,6,30,36,187
12/20/2005,MDT,PA,AEA,EN,Combined TRACON& Tower with Radar,26,115,21,10,172,0,1,18,0,19,26,116,39,10,191,8,48,56,247
12/21/2005,MDT,PA,AEA,EN,Combined TRACON& Tower with Radar,28,116,18,9,171,0,5,20,0,25,28,121,38,9,196,14,48,62,258
12/22/2005,MDT,PA,AEA,EN,Combined TRACON& Tower with Radar,32,107,31,2,172,0,1,29,0,30,32,108,60,2,202,6,14,20,222
12/23/2005,MDT,PA,AEA,EN,Combined TRACON& Tower with Radar,27,106,6,0,139,0,0,12,0,12,27,106,18,0,151,10,0,10,161
12/24/2005,MDT,PA,AEA,EN,Combined TRACON& Tower with Radar,24,80,1,0,105,0,0,3,0,3,24,80,4,0,108,0,0,0,108
12/25/2005,MDT,PA,AEA,EN,Combined TRACON& Tower with Radar,6,78,7,0,91,0,0,0,0,0,6,78,7,0,91,0,0,0,91
12/26/2005,MDT,PA,AEA,EN,Combined TRACON& Tower with Radar,6,87,0,2,95,0,0,8,0,8,6,87,8,2,103,10,0,10,113
12/27/2005,MDT,PA,AEA,EN,Combined TRACON& Tower with Radar,13,106,12,2,133,0,0,13,0,13,13,106,25,2,146,0,16,16,162
12/28/2005,MDT,PA,AEA,EN,Combined TRACON& Tower with Radar,25,100,14,6,145,0,1,8,0,9,25,101,22,6,154,14,34,48,202
12/29/2005,MDT,PA,AEA,EN,Combined TRACON& Tower with Radar,29,91,24,4,148,0,0,2,0,2,29,91,26,4,150,0,0,0,150
12/30/2005,MDT,PA,AEA,EN,Combined TRACON& Tower with Radar,26,110,14,3,153,0,6,11,0,17,26,116,25,3,170,6,14,20,190
12/31/2005,MDT,PA,AEA,EN,Combined TRACON& Tower with Radar,36,69,1,0,106,0,0,0,0,0,36,69,1,0,106,2,0,2,108
01/01/2006,MDT,PA,AEA,EN,Combined TRACON& Tower with Radar,25,85,1,0,111,0,0,5,0,5,25,85,6,0,116,0,0,0,116
01/02/2006,MDT,PA,AEA,EN,Combined TRACON& Tower with Radar,11,86,13,0,110,0,0,3,0,3,11,86,16,0,113,2,0,2,115
01/03/2006,MDT,PA,AEA,EN,Combined TRACON& Tower with Radar,16,101,21,1,139,0,1,0,0,1,16,102,21,1,140,8,30,38,178
01/04/2006,MDT,PA,AEA,EN,Combined TRACON& Tower with Radar,54,102,22,7,185,0,0,13,0,13,54,102,35,7,198,8,32,40,238
01/05/2006,MDT,PA,AEA,EN,Combined TRACON& Tower with Radar,29,117,23,3,172,0,0,10,0,10,29,117,33,3,182,0,28,28,210
01/06/2006,MDT,PA,AEA,EN,Combined TRACON& Tower with Radar,18,108,14,14,154,0,0,12,0,12,18,108,26,14,166,26,76,102,268
01/07/2006,MDT,PA,AEA,EN,Combined TRACON& Tower with Radar,18,74,12,3,107,0,0,10,0,10,18,74,22,3,117,4,26,30,147
01/08/2006,MDT,PA,AEA,EN,Combined TRACON& Tower with Radar,6,86,22,3,117,0,0,13,0,13,6,86,35,3,130,12,0,12,142
01/09/2006,MDT,PA,AEA,EN,Combined TRACON& Tower with Radar,9,95,14,8,126,0,4,14,0,18,9,99,28,8,144,2,18,20,164
01/10/2006,MDT,PA,AEA,EN,Combined TRACON& Tower with Radar,24,98,12,6,140,0,1,6,0,7,24,99,18,6,147,4,20,24,171
01/11/2006,MDT,PA,AEA,EN,Combined TRACON& Tower with Radar,22,96,33,10,161,0,0,3,0,3,22,96,36,10,164,0,0,0,164
01/12/2006,MDT,PA,AEA,EN,Combined TRACON& Tower with Radar,23,113,32,10,178,0,4,2,0,6,23,117,34,10,184,10,32,42,226
01/13/2006,MDT,PA,AEA,EN,Combined TRACON& Tower with Radar,26,86,17,4,133,0,0,0,0,0,26,86,17,4,133,0,0,0,133
01/14/2006,MDT,PA,AEA,EN,Combined TRACON& Tower with Radar,17,76,12,0,105,0,0,0,0,0,17,76,12,0,105,0,0,0,105
01/15/2006,MDT,PA,AEA,EN,Combined TRACON& Tower with Radar,9,83,12,0,104,0,0,0,0,0,9,83,12,0,104,0,0,0,104
01/16/2006,MDT,PA,AEA,EN,Combined TRACON& Tower with Radar,8,103,29,2,142,0,1,16,0,17,8,104,45,2,159,12,0,12,171
01/17/2006,MDT,PA,AEA,EN,Combined TRACON& Tower with Radar,28,91,32,1,152,0,0,0,0,0,28,91,32,1,152,4,0,4,156
01/18/2006,MDT,PA,AEA,EN,Combined TRACON& Tower with Radar,27,102,45,1,175,0,0,2,0,2,27,102,47,1,177,0,2,2,179
01/19/2006,MDT,PA,AEA,EN,Combined TRACON& Tower with Radar,28,110,30,12,180,0,3,17,0,20,28,113,47,12,200,6,32,38,238
01/20/2006,MDT,PA,AEA,EN,Combined TRACON& Tower with Radar,23,100,23,15,161,0,0,14,0,14,23,100,37,15,175,8,16,24,199
01/21/2006,MDT,PA,AEA,EN,Combined TRACON& Tower with Radar,19,75,5,4,103,0,1,2,0,3,19,76,7,4,106,8,0,8,114
01/22/2006,MDT,PA,AEA,EN,Combined TRACON& Tower with Radar,5,71,26,5,107,0,1,13,0,14,5,72,39,5,121,16,0,16,137
01/23/2006,MDT,PA,AEA,EN,Combined TRACON& Tower with Radar,11,89,23,10,133,0,0,2,0,2,11,89,25,10,135,6,8,14,149
01/24/2006,MDT,PA,AEA,EN,Combined TRACON& Tower with Radar,22,104,26,9,161,0,0,10,0,10,22,104,36,9,171,12,18,30,201
01/25/2006,MDT,PA,AEA,EN,Combined TRACON& Tower with Radar,23,91,28,9,151,0,0,0,2,2,23,91,28,11,153,0,14,14,167
01/26/2006,MDT,PA,AEA,EN,Combined TRACON& Tower with Radar,22,107,29,4,162,0,2,12,0,14,22,109,41,4,176,8,2,10,186
01/27/2006,MDT,PA,AEA,EN,Combined TRACON& Tower with Radar,20,101,23,6,150,0,1,15,0,16,20,102,38,6,166,26,2,28,194
01/28/2006,MDT,PA,AEA,EN,Combined TRACON& Tower with Radar,15,68,10,2,95,0,0,19,4,23,15,68,29,6,118,43,0,43,161
01/29/2006,MDT,PA,AEA,EN,Combined TRACON& Tower with Radar,8,85,6,3,102,0,1,2,0,3,8,86,8,3,105,8,0,8,113
01/30/2006,MDT,PA,AEA,EN,Combined TRACON& Tower with Radar,9,82,28,2,121,0,0,3,0,3,9,82,31,2,124,4,0,4,128
01/31/2006,MDT,PA,AEA,EN,Combined TRACON& Tower with Radar,27,100,31,5,163,0,1,0,0,1,27,101,31,5,164,2,12,14,178
02/01/2006,MDT,PA,AEA,EN,Combined TRACON& Tower with Radar,24,99,19,11,153,0,3,5,0,8,24,102,24,11,161,6,16,22,183
02/02/2006,MDT,PA,AEA,EN,Combined TRACON& Tower with Radar,23,106,33,6,168,0,4,5,3,12,23,110,38,9,180,4,2,6,186
02/03/2006,MDT,PA,AEA,EN,Combined TRACON& Tower with Radar,23,100,16,3,142,0,1,4,0,5,23,101,20,3,147,0,4,4,151
02/04/2006,MDT,PA,AEA,EN,Combined TRACON& Tower with Radar,17,76,18,3,114,0,0,0,0,0,17,76,18,3,114,8,2,10,124
02/05/2006,MDT,PA,AEA,EN,Combined TRACON& Tower with Radar,9,83,5,2,99,0,0,9,0,9,9,83,14,2,108,0,4,4,112
02/06/2006,MDT,PA,AEA,EN,Combined TRACON& Tower with Radar,12,102,31,17,162,0,1,0,0,1,12,103,31,17,163,2,56,58,221
02/07/2006,MDT,PA,AEA,EN,Combined TRACON& Tower with Radar,24,98,23,13,158,0,1,11,0,12,24,99,34,13,170,0,36,36,206
02/08/2006,MDT,PA,AEA,EN,Combined TRACON& Tower with Radar,25,96,28,6,155,0,0,17,0,17,25,96,45,6,172,6,52,58,230
02/09/2006,MDT,PA,AEA,EN,Combined TRACON& Tower with Radar,25,117,45,7,194,0,0,0,0,0,25,117,45,7,194,22,18,40,234
02/10/2006,MDT,PA,AEA,EN,Combined TRACON& Tower with Radar,34,106,25,5,170,0,0,14,3,17,34,106,39,8,187,10,0,10,197
02/11/2006,MDT,PA,AEA,EN,Combined TRACON& Tower with Radar,18,72,8,1,99,0,0,3,0,3,18,72,11,1,102,2,0,2,104
02/12/2006,MDT,PA,AEA,EN,Combined TRACON& Tower with Radar,11,79,10,6,106,0,1,6,0,7,11,80,16,6,113,0,4,4,117
02/13/2006,MDT,PA,AEA,EN,Combined TRACON& Tower with Radar,11,90,26,6,133,0,0,7,0,7,11,90,33,6,140,30,0,30,170
02/14/2006,MDT,PA,AEA,EN,Combined TRACON& Tower with Radar,30,94,21,9,154,0,0,10,0,10,30,94,31,9,164,2,0,2,166
02/15/2006,MDT,PA,AEA,EN,Combined TRACON& Tower with Radar,25,101,43,2,171,0,0,14,0,14,25,101,57,2,185,12,10,22,207
02/16/2006,MDT,PA,AEA,EN,Combined TRACON& Tower with Radar,19,97,46,2,164,0,0,10,0,10,19,97,56,2,174,6,0,6,180
02/17/2006,MDT,PA,AEA,EN,Combined TRACON& Tower with Radar,23,105,25,0,153,0,0,3,0,3,23,105,28,0,156,0,0,0,156
02/18/2006,MDT,PA,AEA,EN,Combined TRACON& Tower with Radar,16,81,12,0,109,0,0,7,0,7,16,81,19,0,116,4,0,4,120
02/19/2006,MDT,PA,AEA,EN,Combined TRACON& Tower with Radar,13,82,12,0,107,0,0,13,0,13,13,82,25,0,120,10,0,10,130
02/20/2006,MDT,PA,AEA,EN,Combined TRACON& Tower with Radar,15,94,20,0,129,0,0,13,0,13,15,94,33,0,142,10,0,10,152
02/21/2006,MDT,PA,AEA,EN,Combined TRACON& Tower with Radar,27,101,37,13,178,0,0,6,0,6,27,101,43,13,184,12,92,104,288
02/22/2006,MDT,PA,AEA,EN,Combined TRACON& Tower with Radar,26,91,52,3,172,0,0,4,0,4,26,91,56,3,176,2,90,92,268
02/23/2006,MDT,PA,AEA,EN,Combined TRACON& Tower with Radar,22,104,31,4,161,0,6,5,0,11,22,110,36,4,172,24,88,112,284
02/24/2006,MDT,PA,AEA,EN,Combined TRACON& Tower with Radar,20,106,6,4,136,0,2,9,0,11,20,108,15,4,147,6,70,76,223
02/25/2006,MDT,PA,AEA,EN,Combined TRACON& Tower with Radar,22,78,6,3,109,0,2,11,0,13,22,80,17,3,122,0,0,0,122
02/26/2006,MDT,PA,AEA,EN,Combined TRACON& Tower with Radar,13,80,16,0,109,0,0,4,0,4,13,80,20,0,113,12,50,62,175
02/27/2006,MDT,PA,AEA,EN,Combined TRACON& Tower with Radar,8,93,27,3,131,0,2,2,0,4,8,95,29,3,135,6,4,10,145
02/28/2006,MDT,PA,AEA,EN,Combined TRACON& Tower with Radar,22,100,32,8,162,0,5,20,0,25,22,105,52,8,187,4,46,50,237
03/01/2006,MDT,PA,AEA,EN,Combined TRACON& Tower with Radar,22,107,47,3,179,0,0,7,0,7,22,107,54,3,186,22,28,50,236
03/02/2006,MDT,PA,AEA,EN,Combined TRACON& Tower with Radar,32,102,27,0,161,0,0,0,0,0,32,102,27,0,161,0,0,0,161
03/03/2006,MDT,PA,AEA,EN,Combined TRACON& Tower with Radar,23,105,19,7,154,0,0,13,0,13,23,105,32,7,167,4,0,4,171
03/04/2006,MDT,PA,AEA,EN,Combined TRACON& Tower with Radar,25,80,15,8,128,0,2,5,0,7,25,82,20,8,135,10,8,18,153
03/05/2006,MDT,PA,AEA,EN,Combined TRACON& Tower with Radar,7,87,21,2,117,0,0,0,0,0,7,87,21,2,117,19,0,19,136
03/06/2006,MDT,PA,AEA,EN,Combined TRACON& Tower with Radar,12,100,20,8,140,0,1,16,0,17,12,101,36,8,157,12,36,48,205
03/07/2006,MDT,PA,AEA,EN,Combined TRACON& Tower with Radar,28,99,33,8,168,0,3,10,0,13,28,102,43,8,181,20,60,80,261
03/08/2006,MDT,PA,AEA,EN,Combined TRACON& Tower with Radar,24,100,28,21,173,0,5,13,0,18,24,105,41,21,191,24,56,80,271
03/09/2006,MDT,PA,AEA,EN,Combined TRACON& Tower with Radar,27,112,31,3,173,0,0,12,0,12,27,112,43,3,185,4,4,8,193
03/10/2006,MDT,PA,AEA,EN,Combined TRACON& Tower with Radar,24,103,10,16,153,0,1,2,0,3,24,104,12,16,156,8,6,14,170
03/11/2006,MDT,PA,AEA,EN,Combined TRACON& Tower with Radar,19,81,19,5,124,0,0,5,0,5,19,81,24,5,129,16,8,24,153
03/12/2006,MDT,PA,AEA,EN,Combined TRACON& Tower with Radar,12,88,10,1,111,0,0,0,0,0,12,88,10,1,111,0,0,0,111
03/13/2006,MDT,PA,AEA,EN,Combined TRACON& Tower with Radar,15,79,26,11,131,0,0,0,0,0,15,79,26,11,131,0,0,0,131
03/14/2006,MDT,PA,AEA,EN,Combined TRACON& Tower with Radar,24,105,35,6,170,0,1,2,0,3,24,106,37,6,173,6,22,28,201
03/15/2006,MDT,PA,AEA,EN,Combined TRACON& Tower with Radar,22,105,37,10,174,198,0,8,0,206,220,105,45,10,380,0,32,32,412
03/16/2006,MDT,PA,AEA,EN,Combined TRACON& Tower with Radar,21,115,39,8,183,0,0,22,0,22,21,115,61,8,205,14,48,62,267
03/17/2006,MDT,PA,AEA,EN,Combined TRACON& Tower with Radar,32,112,31,4,179,0,0,13,0,13,32,112,44,4,192,6,14,20,212
03/18/2006,MDT,PA,AEA,EN,Combined TRACON& Tower with Radar,18,76,7,2,103,0,0,13,0,13,18,76,20,2,116,4,0,4,120
03/19/2006,MDT,PA,AEA,EN,Combined TRACON& Tower with Radar,11,79,11,1,102,0,0,0,1,1,11,79,11,2,103,16,0,16,119
03/20/2006,MDT,PA,AEA,EN,Combined TRACON& Tower with Radar,15,101,23,5,144,0,3,5,0,8,15,104,28,5,152,0,30,30,182
03/21/2006,MDT,PA,AEA,EN,Combined TRACON& Tower with Radar,39,102,19,1,161,0,0,7,0,7,39,102,26,1,168,2,12,14,182
03/22/2006,MDT,PA,AEA,EN,Combined TRACON& Tower with Radar,24,103,23,4,154,0,0,19,0,19,24,103,42,4,173,8,76,84,257
03/23/2006,MDT,PA,AEA,EN,Combined TRACON& Tower with Radar,28,116,31,5,180,0,1,5,0,6,28,117,36,5,186,24,12,36,222
03/24/2006,MDT,PA,AEA,EN,Combined TRACON& Tower with Radar,27,110,38,5,180,0,0,7,1,8,27,110,45,6,188,8,0,8,196
03/25/2006,MDT,PA,AEA,EN,Combined TRACON& Tower with Radar,17,82,11,2,112,0,2,2,0,4,17,84,13,2,116,2,16,18,134
03/26/2006,MDT,PA,AEA,EN,Combined TRACON& Tower with Radar,14,88,7,3,112,0,0,6,0,6,14,88,13,3,118,17,16,33,151
03/27/2006,MDT,PA,AEA,EN,Combined TRACON& Tower with Radar,14,96,26,0,136,0,3,23,0,26,14,99,49,0,162,8,29,37,199
03/28/2006,MDT,PA,AEA,EN,Combined TRACON& Tower with Radar,26,99,25,13,163,0,0,7,0,7,26,99,32,13,170,5,44,49,219
03/29/2006,MDT,PA,AEA,EN,Combined TRACON& Tower with Radar,27,108,39,17,191,0,0,15,0,15,27,108,54,17,206,19,26,45,251
03/30/2006,MDT,PA,AEA,EN,Combined TRACON& Tower with Radar,22,111,41,17,191,0,1,21,0,22,22,112,62,17,213,18,84,102,315
03/31/2006,MDT,PA,AEA,EN,Combined TRACON& Tower with Radar,23,100,15,2,140,0,1,17,0,18,23,101,32,2,158,2,6,8,166
04/01/2006,MDT,PA,AEA,EN,Combined TRACON& Tower with Radar,18,76,11,0,105,0,0,5,0,5,18,76,16,0,110,4,16,20,130
04/02/2006,MDT,PA,AEA,EN,Combined TRACON& Tower with Radar,9,91,12,2,114,0,3,13,0,16,9,94,25,2,130,12,0,12,142
04/03/2006,MDT,PA,AEA,EN,Combined TRACON& Tower with Radar,9,99,24,7,139,0,2,0,0,2,9,101,24,7,141,6,10,16,157
04/04/2006,MDT,PA,AEA,EN,Combined TRACON& Tower with Radar,20,100,32,10,162,0,1,14,0,15,20,101,46,10,177,8,28,36,213
04/05/2006,MDT,PA,AEA,EN,Combined TRACON& Tower with Radar,23,99,20,10,152,0,1,13,0,14,23,100,33,10,166,0,28,28,194
04/06/2006,MDT,PA,AEA,EN,Combined TRACON& Tower with Radar,22,124,37,13,196,0,2,14,0,16,22,126,51,13,212,2,32,34,246
04/07/2006,MDT,PA,AEA,EN,Combined TRACON& Tower with Radar,19,113,24,7,163,0,0,1,0,1,19,113,25,7,164,0,2,2,166
04/08/2006,MDT,PA,AEA,EN,Combined TRACON& Tower with Radar,18,78,5,1,102,0,1,0,0,1,18,79,5,1,103,4,14,18,121
04/09/2006,MDT,PA,AEA,EN,Combined TRACON& Tower with Radar,5,96,11,4,116,0,3,4,4,11,5,99,15,8,127,22,4,26,153
04/10/2006,MDT,PA,AEA,EN,Combined TRACON& Tower with Radar,11,102,18,0,131,0,2,15,0,17,11,104,33,0,148,0,0,0,148
04/11/2006,MDT,PA,AEA,EN,Combined TRACON& Tower with Radar,19,104,31,7,161,0,1,32,0,33,19,105,63,7,194,4,36,40,234
04/12/2006,MDT,PA,AEA,EN,Combined TRACON& Tower with Radar,23,97,33,12,165,0,1,8,0,9,23,98,41,12,174,16,32,48,222
04/13/2006,MDT,PA,AEA,EN,Combined TRACON& Tower with Radar,25,97,23,14,159,0,3,19,0,22,25,100,42,14,181,2,76,78,259
04/14/2006,MDT,PA,AEA,EN,Combined TRACON& Tower with Radar,19,105,12,8,144,0,1,0,0,1,19,106,12,8,145,4,30,34,179
04/15/2006,MDT,PA,AEA,EN,Combined TRACON& Tower with Radar,17,77,8,2,104,0,0,3,0,3,17,77,11,2,107,10,8,18,125
04/16/2006,MDT,PA,AEA,EN,Combined TRACON& Tower with Radar,4,77,8,0,89,0,1,10,0,11,4,78,18,0,100,6,0,6,106
04/17/2006,MDT,PA,AEA,EN,Combined TRACON& Tower with Radar,13,97,18,5,133,0,2,14,0,16,13,99,32,5,149,2,0,2,151
04/18/2006,MDT,PA,AEA,EN,Combined TRACON& Tower with Radar,29,107,28,10,174,0,2,23,0,25,29,109,51,10,199,2,44,46,245
04/19/2006,MDT,PA,AEA,EN,Combined TRACON& Tower with Radar,18,100,33,7,158,0,4,27,0,31,18,104,60,7,189,8,70,78,267
04/20/2006,MDT,PA,AEA,EN,Combined TRACON& Tower with Radar,17,94,41,7,159,0,5,23,0,28,17,99,64,7,187,6,14,20,207
04/21/2006,MDT,PA,AEA,EN,Combined TRACON& Tower with Radar,21,112,20,4,157,0,2,21,0,23,21,114,41,4,180,2,14,16,196
04/22/2006,MDT,PA,AEA,EN,Combined TRACON& Tower with Radar,20,77,12,1,110,0,0,0,0,0,20,77,12,1,110,2,0,2,112
04/23/2006,MDT,PA,AEA,EN,Combined TRACON& Tower with Radar,12,85,17,0,114,0,0,0,11,11,12,85,17,11,125,2,0,2,127
04/24/2006,MDT,PA,AEA,EN,Combined TRACON& Tower with Radar,19,105,28,3,155,0,0,6,0,6,19,105,34,3,161,4,14,18,179
04/25/2006,MDT,PA,AEA,EN,Combined TRACON& Tower with Radar,27,103,28,20,178,0,0,14,0,14,27,103,42,20,192,2,16,18,210
04/26/2006,MDT,PA,AEA,EN,Combined TRACON& Tower with Radar,24,104,38,6,172,0,1,23,0,24,24,105,61,6,196,4,18,22,218
04/27/2006,MDT,PA,AEA,EN,Combined TRACON& Tower with Radar,31,105,37,8,181,0,2,35,0,37,31,107,72,8,218,0,6,6,224
04/28/2006,MDT,PA,AEA,EN,Combined TRACON& Tower with Radar,25,99,35,10,169,0,1,30,1,32,25,100,65,11,201,16,0,16,217
04/29/2006,MDT,PA,AEA,EN,Combined TRACON& Tower with Radar,18,83,5,4,110,0,1,19,0,20,18,84,24,4,130,8,6,14,144
04/30/2006,MDT,PA,AEA,EN,Combined TRACON& Tower with Radar,9,86,13,6,114,0,1,11,0,12,9,87,24,6,126,0,0,0,126
05/01/2006,MDT,PA,AEA,EN,Combined TRACON& Tower with Radar,9,100,26,6,141,0,0,14,0,14,9,100,40,6,155,4,40,44,199
05/02/2006,MDT,PA,AEA,EN,Combined TRACON& Tower with Radar,28,109,38,6,181,0,1,25,0,26,28,110,63,6,207,0,26,26,233
05/03/2006,MDT,PA,AEA,EN,Combined TRACON& Tower with Radar,24,104,24,12,164,0,0,15,0,15,24,104,39,12,179,17,12,29,208
05/04/2006,MDT,PA,AEA,EN,Combined TRACON& Tower with Radar,21,110,30,16,177,0,4,30,0,34,21,114,60,16,211,16,41,57,268
05/05/2006,MDT,PA,AEA,EN,Combined TRACON& Tower with Radar,23,104,13,13,153,0,0,25,0,25,23,104,38,13,178,2,38,40,218
05/06/2006,MDT,PA,AEA,EN,Combined TRACON& Tower with Radar,21,80,19,5,125,0,1,19,0,20,21,81,38,5,145,8,56,64,209
05/07/2006,MDT,PA,AEA,EN,Combined TRACON& Tower with Radar,6,86,16,8,116,0,0,11,0,11,6,86,27,8,127,4,0,4,131
05/08/2006,MDT,PA,AEA,EN,Combined TRACON& Tower with Radar,11,102,21,7,141,0,0,12,1,13,11,102,33,8,154,2,10,12,166
05/09/2006,MDT,PA,AEA,EN,Combined TRACON& Tower with Radar,24,102,38,8,172,0,0,14,0,14,24,102,52,8,186,12,0,12,198
05/10/2006,MDT,PA,AEA,EN,Combined TRACON& Tower with Radar,24,104,42,10,180,0,1,25,0,26,24,105,67,10,206,10,36,46,252
05/11/2006,MDT,PA,AEA,EN,Combined TRACON& Tower with Radar,24,98,48,7,177,0,1,4,2,7,24,99,52,9,184,8,2,10,194
05/12/2006,MDT,PA,AEA,EN,Combined TRACON& Tower with Radar,25,100,27,37,189,0,1,11,0,12,25,101,38,37,201,2,12,14,215
05/13/2006,MDT,PA,AEA,EN,Combined TRACON& Tower with Radar,17,68,18,1,104,0,1,4,0,5,17,69,22,1,109,10,0,10,119
05/14/2006,MDT,PA,AEA,EN,Combined TRACON& Tower with Radar,14,96,5,3,118,0,0,0,0,0,14,96,5,3,118,4,0,4,122
05/15/2006,MDT,PA,AEA,EN,Combined TRACON& Tower with Radar,8,96,16,11,131,0,0,0,0,0,8,96,16,11,131,4,36,40,171
05/16/2006,MDT,PA,AEA,EN,Combined TRACON& Tower with Radar,22,107,27,12,168,0,0,15,0,15,22,107,42,12,183,22,2,24,207
05/17/2006,MDT,PA,AEA,EN,Combined TRACON& Tower with Radar,22,105,40,10,177,0,0,18,0,18,22,105,58,10,195,10,28,38,233
05/18/2006,MDT,PA,AEA,EN,Combined TRACON& Tower with Radar,21,108,29,8,166,0,0,14,0,14,21,108,43,8,180,0,44,44,224
05/19/2006,MDT,PA,AEA,EN,Combined TRACON& Tower with Radar,21,110,20,8,159,0,0,13,0,13,21,110,33,8,172,2,2,4,176
05/20/2006,MDT,PA,AEA,EN,Combined TRACON& Tower with Radar,21,76,13,10,120,0,2,10,9,21,21,78,23,19,141,2,0,2,143
05/21/2006,MDT,PA,AEA,EN,Combined TRACON& Tower with Radar,11,79,14,8,112,0,0,5,0,5,11,79,19,8,117,0,0,0,117
05/22/2006,MDT,PA,AEA,EN,Combined TRACON& Tower with Radar,12,99,17,3,131,0,0,19,0,19,12,99,36,3,150,0,0,0,150
05/23/2006,MDT,PA,AEA,EN,Combined TRACON& Tower with Radar,21,94,45,11,171,0,0,19,0,19,21,94,64,11,190,13,42,55,245
05/24/2006,MDT,PA,AEA,EN,Combined TRACON& Tower with Radar,22,112,31,13,178,0,1,28,2,31,22,113,59,15,209,12,16,28,237
05/25/2006,MDT,PA,AEA,EN,Combined TRACON& Tower with Radar,23,105,32,11,171,0,3,18,0,21,23,108,50,11,192,10,10,20,212
05/26/2006,MDT,PA,AEA,EN,Combined TRACON& Tower with Radar,25,105,25,9,164,0,0,0,0,0,25,105,25,9,164,0,0,0,164
05/27/2006,MDT,PA,AEA,EN,Combined TRACON& Tower with Radar,16,74,9,0,99,0,1,12,0,13,16,75,21,0,112,2,0,2,114
05/28/2006,MDT,PA,AEA,EN,Combined TRACON& Tower with Radar,6,64,9,0,79,0,0,11,0,11,6,64,20,0,90,0,0,0,90
05/29/2006,MDT,PA,AEA,EN,Combined TRACON& Tower with Radar,9,91,9,0,109,0,1,18,0,19,9,92,27,0,128,2,0,2,130
05/30/2006,MDT,PA,AEA,EN,Combined TRACON& Tower with Radar,9,99,16,4,128,0,0,27,0,27,9,99,43,4,155,0,68,68,223
05/31/2006,MDT,PA,AEA,EN,Combined TRACON& Tower with Radar,22,110,25,3,160,0,4,23,0,27,22,114,48,3,187,8,0,8,195
06/01/2006,MDT,PA,AEA,EN,Combined TRACON& Tower with Radar,27,110,23,11,171,0,6,7,0,13,27,116,30,11,184,2,48,50,234
06/02/2006,MDT,PA,AEA,EN,Combined TRACON& Tower with Radar,19,111,15,3,148,0,0,9,0,9,19,111,24,3,157,4,0,4,161
06/03/2006,MDT,PA,AEA,EN,Combined TRACON& Tower with Radar,9,70,27,7,113,0,2,6,1,9,9,72,33,8,122,0,8,8,130
06/04/2006,MDT,PA,AEA,EN,Combined TRACON& Tower with Radar,10,85,25,5,125,0,0,8,0,8,10,85,33,5,133,16,2,18,151
06/05/2006,MDT,PA,AEA,EN,Combined TRACON& Tower with Radar,10,103,26,2,141,0,0,10,0,10,10,103,36,2,151,6,26,32,183
06/06/2006,MDT,PA,AEA,EN,Combined TRACON& Tower with Radar,27,106,32,6,171,0,1,18,0,19,27,107,50,6,190,10,6,16,206
06/07/2006,MDT,PA,AEA,EN,Combined TRACON& Tower with Radar,23,103,37,11,174,0,0,15,0,15,23,103,52,11,189,8,52,60,249
06/08/2006,MDT,PA,AEA,EN,Combined TRACON& Tower with Radar,26,113,46,6,191,0,0,0,0,0,26,113,46,6,191,10,28,38,229
06/09/2006,MDT,PA,AEA,EN,Combined TRACON& Tower with Radar,31,116,25,8,180,0,7,6,0,13,31,123,31,8,193,0,0,0,193
06/10/2006,MDT,PA,AEA,EN,Combined TRACON& Tower with Radar,14,80,14,5,113,0,0,0,0,0,14,80,14,5,113,6,28,34,147
06/11/2006,MDT,PA,AEA,EN,Combined TRACON& Tower with Radar,17,80,17,4,118,0,0,31,0,31,17,80,48,4,149,0,4,4,153
06/12/2006,MDT,PA,AEA,EN,Combined TRACON& Tower with Radar,12,108,24,10,154,0,1,12,1,14,12,109,36,11,168,0,24,24,192
06/13/2006,MDT,PA,AEA,EN,Combined TRACON& Tower with Radar,29,115,21,14,179,0,4,42,0,46,29,119,63,14,225,4,24,28,253
06/14/2006,MDT,PA,AEA,EN,Combined TRACON& Tower with Radar,25,118,40,5,188,0,0,12,0,12,25,118,52,5,200,0,18,18,218
06/15/2006,MDT,PA,AEA,EN,Combined TRACON& Tower with Radar,26,109,41,11,187,0,0,5,0,5,26,109,46,11,192,4,0,4,196
06/16/2006,MDT,PA,AEA,EN,Combined TRACON& Tower with Radar,26,114,35,9,184,0,0,18,0,18,26,114,53,9,202,2,4,6,208
06/17/2006,MDT,PA,AEA,EN,Combined TRACON& Tower with Radar,22,67,17,4,110,0,0,11,0,11,22,67,28,4,121,10,0,10,131
06/18/2006,MDT,PA,AEA,EN,Combined TRACON& Tower with Radar,15,76,16,1,108,0,1,6,0,7,15,77,22,1,115,4,0,4,119
06/19/2006,MDT,PA,AEA,EN,Combined TRACON& Tower with Radar,14,103,28,5,150,0,1,4,0,5,14,104,32,5,155,4,2,6,161
06/20/2006,MDT,PA,AEA,EN,Combined TRACON& Tower with Radar,30,117,37,13,197,0,2,16,0,18,30,119,53,13,215,10,14,24,239
06/21/2006,MDT,PA,AEA,EN,Combined TRACON& Tower with Radar,24,117,34,11,186,0,3,19,0,22,24,120,53,11,208,4,4,8,216
06/22/2006,MDT,PA,AEA,EN,Combined TRACON& Tower with Radar,21,102,44,11,178,0,0,11,0,11,21,102,55,11,189,2,18,20,209
06/23/2006,MDT,PA,AEA,EN,Combined TRACON& Tower with Radar,26,113,25,9,173,0,0,7,2,9,26,113,32,11,182,0,4,4,186
06/24/2006,MDT,PA,AEA,EN,Combined TRACON& Tower with Radar,26,84,32,0,142,0,0,0,0,0,26,84,32,0,142,16,0,16,158
06/25/2006,MDT,PA,AEA,EN,Combined TRACON& Tower with Radar,14,81,23,4,122,0,0,0,0,0,14,81,23,4,122,2,0,2,124
06/26/2006,MDT,PA,AEA,EN,Combined TRACON& Tower with Radar,13,96,25,4,138,0,2,6,0,8,13,98,31,4,146,2,4,6,152
06/27/2006,MDT,PA,AEA,EN,Combined TRACON& Tower with Radar,24,107,40,8,179,0,1,3,3,7,24,108,43,11,186,2,6,8,194
06/28/2006,MDT,PA,AEA,EN,Combined TRACON& Tower with Radar,34,112,37,8,191,0,1,6,9,16,34,113,43,17,207,1,12,13,220
06/29/2006,MDT,PA,AEA,EN,Combined TRACON& Tower with Radar,27,112,29,18,186,0,2,20,0,22,27,114,49,18,208,0,54,54,262
06/30/2006,MDT,PA,AEA,EN,Combined TRACON& Tower with Radar,29,114,21,11,175,0,3,13,0,16,29,117,34,11,191,6,30,36,227
07/01/2006,MDT,PA,AEA,EN,Combined TRACON& Tower with Radar,16,68,19,2,105,0,0,3,0,3,16,68,22,2,108,10,0,10,118
07/02/2006,MDT,PA,AEA,EN,Combined TRACON& Tower with Radar,14,76,12,0,102,0,2,10,0,12,14,78,22,0,114,2,0,2,116
07/03/2006,MDT,PA,AEA,EN,Combined TRACON& Tower with Radar,15,85,12,4,116,0,9,0,0,9,15,94,12,4,125,10,0,10,135
07/04/2006,MDT,PA,AEA,EN,Combined TRACON& Tower with Radar,14,89,3,0,106,0,3,4,0,7,14,92,7,0,113,4,0,4,117
07/05/2006,MDT,PA,AEA,EN,Combined TRACON& Tower with Radar,16,98,14,11,139,0,4,4,0,8,16,102,18,11,147,0,8,8,155
07/06/2006,MDT,PA,AEA,EN,Combined TRACON& Tower with Radar,23,111,34,13,181,0,0,22,0,22,23,111,56,13,203,13,38,51,254
07/07/2006,MDT,PA,AEA,EN,Combined TRACON& Tower with Radar,26,110,36,7,179,0,0,30,0,30,26,110,66,7,209,12,42,54,263
07/08/2006,MDT,PA,AEA,EN,Combined TRACON& Tower with Radar,13,74,26,0,113,0,0,19,0,19,13,74,45,0,132,0,2,2,134
07/09/2006,MDT,PA,AEA,EN,Combined TRACON& Tower with Radar,12,88,16,5,121,0,0,14,3,17,12,88,30,8,138,12,0,12,150
07/10/2006,MDT,PA,AEA,EN,Combined TRACON& Tower with Radar,10,100,27,10,147,0,0,15,0,15,10,100,42,10,162,4,68,72,234
07/11/2006,MDT,PA,AEA,EN,Combined TRACON& Tower with Radar,26,109,36,15,186,0,0,3,0,3,26,109,39,15,189,20,30,50,239
07/12/2006,MDT,PA,AEA,EN,Combined TRACON& Tower with Radar,32,110,44,8,194,0,0,7,0,7,32,110,51,8,201,4,26,30,231
07/13/2006,MDT,PA,AEA,EN,Combined TRACON& Tower with Radar,28,119,23,11,181,0,1,0,0,1,28,120,23,11,182,16,76,92,274
07/14/2006,MDT,PA,AEA,EN,Combined TRACON& Tower with Radar,25,112,23,9,169,4,4,10,0,18,29,116,33,9,187,10,12,22,209
07/15/2006,MDT,PA,AEA,EN,Combined TRACON& Tower with Radar,28,66,7,2,103,0,7,0,0,7,28,73,7,2,110,14,0,14,124
07/16/2006,MDT,PA,AEA,EN,Combined TRACON& Tower with Radar,9,48,43,12,112,0,0,17,0,17,9,48,60,12,129,14,6,20,149
07/17/2006,MDT,PA,AEA,EN,Combined TRACON& Tower with Radar,13,114,31,6,164,0,3,31,0,34,13,117,62,6,198,7,32,39,237
07/18/2006,MDT,PA,AEA,EN,Combined TRACON& Tower with Radar,53,100,29,4,186,0,0,16,0,16,53,100,45,4,202,13,24,37,239
07/19/2006,MDT,PA,AEA,EN,Combined TRACON& Tower with Radar,28,105,25,8,166,0,2,24,0,26,28,107,49,8,192,4,36,40,232
07/20/2006,MDT,PA,AEA,EN,Combined TRACON& Tower with Radar,36,86,26,6,154,0,2,13,0,15,36,88,39,6,169,10,52,62,231
07/21/2006,MDT,PA,AEA,EN,Combined TRACON& Tower with Radar,47,99,21,3,170,0,4,22,0,26,47,103,43,3,196,4,14,18,214
07/22/2006,MDT,PA,AEA,EN,Combined TRACON& Tower with Radar,42,72,11,3,128,0,0,3,0,3,42,72,14,3,131,6,0,6,137
07/23/2006,MDT,PA,AEA,EN,Combined TRACON& Tower with Radar,12,82,12,3,109,0,2,23,2,27,12,84,35,5,136,2,8,10,146
07/24/2006,MDT,PA,AEA,EN,Combined TRACON& Tower with Radar,14,99,19,12,144,0,1,16,0,17,14,100,35,12,161,14,60,74,235
07/25/2006,MDT,PA,AEA,EN,Combined TRACON& Tower with Radar,29,106,34,19,188,0,0,18,0,18,29,106,52,19,206,20,28,48,254
07/26/2006,MDT,PA,AEA,EN,Combined TRACON& Tower with Radar,23,79,57,23,182,0,8,16,0,24,23,87,73,23,206,8,18,26,232
07/27/2006,MDT,PA,AEA,EN,Combined TRACON& Tower with Radar,33,96,20,10,159,0,3,23,0,26,33,99,43,10,185,4,0,4,189
07/28/2006,MDT,PA,AEA,EN,Combined TRACON& Tower with Radar,30,116,14,12,172,0,2,15,0,17,30,118,29,12,189,0,4,4,193
07/29/2006,MDT,PA,AEA,EN,Combined TRACON& Tower with Radar,20,83,11,0,114,0,6,27,4,37,20,89,38,4,151,6,0,6,157
07/30/2006,MDT,PA,AEA,EN,Combined TRACON& Tower with Radar,21,72,11,3,107,0,3,17,0,20,21,75,28,3,127,12,8,20,147
07/31/2006,MDT,PA,AEA,EN,Combined TRACON& Tower with Radar,19,102,15,3,139,0,0,22,0,22,19,102,37,3,161,8,20,28,189
08/01/2006,MDT,PA,AEA,EN,Combined TRACON& Tower with Radar,34,104,36,7,181,0,4,12,0,16,34,108,48,7,197,21,44,65,262
08/02/2006,MDT,PA,AEA,EN,Combined TRACON& Tower with Radar,26,112,29,8,175,0,0,6,0,6,26,112,35,8,181,2,10,12,193
08/03/2006,MDT,PA,AEA,EN,Combined TRACON& Tower with Radar,41,112,18,2,173,0,5,19,0,24,41,117,37,2,197,2,0,2,199
08/04/2006,MDT,PA,AEA,EN,Combined TRACON& Tower with Radar,31,119,14,9,173,0,0,11,0,11,31,119,25,9,184,14,34,48,232
08/05/2006,MDT,PA,AEA,EN,Combined TRACON& Tower with Radar,26,73,6,2,107,0,5,24,0,29,26,78,30,2,136,14,4,18,154
08/06/2006,MDT,PA,AEA,EN,Combined TRACON& Tower with Radar,16,87,17,0,120,0,0,37,0,37,16,87,54,0,157,26,2,28,185
08/07/2006,MDT,PA,AEA,EN,Combined TRACON& Tower with Radar,19,100,26,7,152,0,1,21,0,22,19,101,47,7,174,6,2,8,182
08/08/2006,MDT,PA,AEA,EN,Combined TRACON& Tower with Radar,41,114,43,7,205,0,7,27,0,34,41,121,70,7,239,8,40,48,287
08/09/2006,MDT,PA,AEA,EN,Combined TRACON& Tower with Radar,28,104,27,7,166,0,8,25,1,34,28,112,52,8,200,24,10,34,234
08/10/2006,MDT,PA,AEA,EN,Combined TRACON& Tower with Radar,27,107,33,8,175,0,0,17,0,17,27,107,50,8,192,18,40,58,250
08/11/2006,MDT,PA,AEA,EN,Combined TRACON& Tower with Radar,23,120,27,9,179,0,1,16,0,17,23,121,43,9,196,16,12,28,224
08/12/2006,MDT,PA,AEA,EN,Combined TRACON& Tower with Radar,26,65,15,1,107,0,0,41,0,41,26,65,56,1,148,30,0,30,178
08/13/2006,MDT,PA,AEA,EN,Combined TRACON& Tower with Radar,13,84,16,4,117,0,0,16,0,16,13,84,32,4,133,26,0,26,159
08/14/2006,MDT,PA,AEA,EN,Combined TRACON& Tower with Radar,23,109,28,2,162,0,2,20,0,22,23,111,48,2,184,30,8,38,222
08/15/2006,MDT,PA,AEA,EN,Combined TRACON& Tower with Radar,27,118,31,15,191,0,0,10,0,10,27,118,41,15,201,52,72,124,325
08/16/2006,MDT,PA,AEA,EN,Combined TRACON& Tower with Radar,31,112,27,7,177,0,0,9,0,9,31,112,36,7,186,4,4,8,194
08/17/2006,MDT,PA,AEA,EN,Combined TRACON& Tower with Radar,24,108,23,11,166,0,0,21,0,21,24,108,44,11,187,8,14,22,209
08/18/2006,MDT,PA,AEA,EN,Combined TRACON& Tower with Radar,25,110,19,12,166,0,2,14,0,16,25,112,33,12,182,26,12,38,220
08/19/2006,MDT,PA,AEA,EN,Combined TRACON& Tower with Radar,21,76,6,1,104,0,1,9,0,10,21,77,15,1,114,2,0,2,116
08/20/2006,MDT,PA,AEA,EN,Combined TRACON& Tower with Radar,15,62,45,2,124,0,0,12,0,12,15,62,57,2,136,18,0,18,154
08/21/2006,MDT,PA,AEA,EN,Combined TRACON& Tower with Radar,22,103,16,7,148,0,3,23,0,26,22,106,39,7,174,0,58,58,232
08/22/2006,MDT,PA,AEA,EN,Combined TRACON& Tower with Radar,28,112,27,12,179,0,3,12,0,15,28,115,39,12,194,0,42,42,236
08/23/2006,MDT,PA,AEA,EN,Combined TRACON& Tower with Radar,25,116,29,9,179,0,0,23,0,23,25,116,52,9,202,0,4,4,206
08/24/2006,MDT,PA,AEA,EN,Combined TRACON& Tower with Radar,23,109,20,18,170,0,0,20,0,20,23,109,40,18,190,8,24,32,222
08/25/2006,MDT,PA,AEA,EN,Combined TRACON& Tower with Radar,33,117,24,6,180,0,0,24,0,24,33,117,48,6,204,0,0,0,204
08/26/2006,MDT,PA,AEA,EN,Combined TRACON& Tower with Radar,23,87,21,3,134,0,0,5,0,5,23,87,26,3,139,12,0,12,151
08/27/2006,MDT,PA,AEA,EN,Combined TRACON& Tower with Radar,14,87,22,9,132,0,0,0,1,1,14,87,22,10,133,6,0,6,139
08/28/2006,MDT,PA,AEA,EN,Combined TRACON& Tower with Radar,13,96,35,5,149,0,2,0,0,2,13,98,35,5,151,2,10,12,163
08/29/2006,MDT,PA,AEA,EN,Combined TRACON& Tower with Radar,40,115,46,21,222,0,0,5,0,5,40,115,51,21,227,4,32,36,263
08/30/2006,MDT,PA,AEA,EN,Combined TRACON& Tower with Radar,25,117,42,4,188,0,3,5,0,8,25,120,47,4,196,16,68,84,280
08/31/2006,MDT,PA,AEA,EN,Combined TRACON& Tower with Radar,25,109,36,14,184,0,3,21,0,24,25,112,57,14,208,2,82,84,292
09/01/2006,MDT,PA,AEA,EN,Combined TRACON& Tower with Radar,32,110,17,3,162,0,0,3,0,3,32,110,20,3,165,0,6,6,171
09/02/2006,MDT,PA,AEA,EN,Combined TRACON& Tower with Radar,23,68,7,0,98,0,0,0,0,0,23,68,7,0,98,0,0,0,98
09/03/2006,MDT,PA,AEA,EN,Combined TRACON& Tower with Radar,20,65,8,1,94,0,3,9,0,12,20,68,17,1,106,0,16,16,122
09/04/2006,MDT,PA,AEA,EN,Combined TRACON& Tower with Radar,10,85,19,1,115,0,2,13,4,19,10,87,32,5,134,16,0,16,150
09/05/2006,MDT,PA,AEA,EN,Combined TRACON& Tower with Radar,23,101,22,5,151,0,6,2,0,8,23,107,24,5,159,6,10,16,175
09/06/2006,MDT,PA,AEA,EN,Combined TRACON& Tower with Radar,28,105,37,14,184,0,0,9,0,9,28,105,46,14,193,6,42,48,241
09/07/2006,MDT,PA,AEA,EN,Combined TRACON& Tower with Radar,28,115,30,7,180,0,0,27,0,27,28,115,57,7,207,4,36,40,247
09/08/2006,MDT,PA,AEA,EN,Combined TRACON& Tower with Radar,44,112,26,14,196,0,2,17,2,21,44,114,43,16,217,2,2,4,221
09/09/2006,MDT,PA,AEA,EN,Combined TRACON& Tower with Radar,24,78,6,1,109,0,6,1,0,7,24,84,7,1,116,10,8,18,134
09/10/2006,MDT,PA,AEA,EN,Combined TRACON& Tower with Radar,15,87,21,3,126,0,8,12,3,23,15,95,33,6,149,26,2,28,177
09/11/2006,MDT,PA,AEA,EN,Combined TRACON& Tower with Radar,17,105,25,6,153,0,0,1,0,1,17,105,26,6,154,7,4,11,165
09/12/2006,MDT,PA,AEA,EN,Combined TRACON& Tower with Radar,31,103,39,3,176,0,0,19,0,19,31,103,58,3,195,0,0,0,195
09/13/2006,MDT,PA,AEA,EN,Combined TRACON& Tower with Radar,38,104,41,7,190,0,0,0,0,0,38,104,41,7,190,12,0,12,202
09/14/2006,MDT,PA,AEA,EN,Combined TRACON& Tower with Radar,31,120,52,3,206,0,0,3,0,3,31,120,55,3,209,0,4,4,213
09/15/2006,MDT,PA,AEA,EN,Combined TRACON& Tower with Radar,26,99,45,11,181,0,0,8,0,8,26,99,53,11,189,4,46,50,239
09/16/2006,MDT,PA,AEA,EN,Combined TRACON& Tower with Radar,23,86,14,3,126,0,9,1,0,10,23,95,15,3,136,0,16,16,152
09/17/2006,MDT,PA,AEA,EN,Combined TRACON& Tower with Radar,16,87,16,6,125,0,1,24,0,25,16,88,40,6,150,20,28,48,198
09/18/2006,MDT,PA,AEA,EN,Combined TRACON& Tower with Radar,13,106,19,9,147,0,3,12,0,15,13,109,31,9,162,42,48,90,252
09/19/2006,MDT,PA,AEA,EN,Combined TRACON& Tower with Radar,32,101,42,2,177,0,6,13,0,19,32,107,55,2,196,4,20,24,220
09/20/2006,MDT,PA,AEA,EN,Combined TRACON& Tower with Radar,25,103,34,2,164,0,2,12,0,14,25,105,46,2,178,16,84,100,278
09/21/2006,MDT,PA,AEA,EN,Combined TRACON& Tower with Radar,31,114,25,17,187,0,6,19,0,25,31,120,44,17,212,4,44,48,260
09/22/2006,MDT,PA,AEA,EN,Combined TRACON& Tower with Radar,26,101,16,7,150,0,0,13,0,13,26,101,29,7,163,2,34,36,199
09/23/2006,MDT,PA,AEA,EN,Combined TRACON& Tower with Radar,29,71,4,4,108,0,4,5,0,9,29,75,9,4,117,0,0,0,117
09/24/2006,MDT,PA,AEA,EN,Combined TRACON& Tower with Radar,15,85,14,5,119,0,0,4,0,4,15,85,18,5,123,14,2,16,139
09/25/2006,MDT,PA,AEA,EN,Combined TRACON& Tower with Radar,22,108,36,2,168,0,1,18,0,19,22,109,54,2,187,30,0,30,217
09/26/2006,MDT,PA,AEA,EN,Combined TRACON& Tower with Radar,27,106,31,5,169,0,2,18,0,20,27,108,49,5,189,4,0,4,193
09/27/2006,MDT,PA,AEA,EN,Combined TRACON& Tower with Radar,32,104,30,1,167,0,0,39,0,39,32,104,69,1,206,12,26,38,244
09/28/2006,MDT,PA,AEA,EN,Combined TRACON& Tower with Radar,31,112,42,3,188,0,0,0,0,0,31,112,42,3,188,36,0,36,224
09/29/2006,MDT,PA,AEA,EN,Combined TRACON& Tower with Radar,24,116,26,5,171,0,2,25,0,27,24,118,51,5,198,8,2,10,208
09/30/2006,MDT,PA,AEA,EN,Combined TRACON& Tower with Radar,25,76,12,0,113,0,4,31,0,35,25,80,43,0,148,0,0,0,148
10/01/2006,MDT,PA,AEA,EN,Combined TRACON& Tower with Radar,14,92,9,1,116,0,0,14,0,14,14,92,23,1,130,0,0,0,130
10/02/2006,MDT,PA,AEA,EN,Combined TRACON& Tower with Radar,26,96,15,8,145,0,2,17,0,19,26,98,32,8,164,2,48,50,214
10/03/2006,MDT,PA,AEA,EN,Combined TRACON& Tower with Radar,31,97,17,13,158,0,0,12,0,12,31,97,29,13,170,0,22,22,192
10/04/2006,MDT,PA,AEA,EN,Combined TRACON& Tower with Radar,32,94,27,12,165,0,4,23,3,30,32,98,50,15,195,5,21,26,221
10/05/2006,MDT,PA,AEA,EN,Combined TRACON& Tower with Radar,24,115,45,2,186,0,4,28,0,32,24,119,73,2,218,22,98,120,338
10/06/2006,MDT,PA,AEA,EN,Combined TRACON& Tower with Radar,25,115,32,1,173,0,0,7,0,7,25,115,39,1,180,0,8,8,188
10/07/2006,MDT,PA,AEA,EN,Combined TRACON& Tower with Radar,28,83,23,6,140,0,5,11,0,16,28,88,34,6,156,9,10,19,175
10/08/2006,MDT,PA,AEA,EN,Combined TRACON& Tower with Radar,20,92,10,2,124,0,4,14,0,18,20,96,24,2,142,16,0,16,158
10/09/2006,MDT,PA,AEA,EN,Combined TRACON& Tower with Radar,20,99,23,0,142,0,0,10,0,10,20,99,33,0,152,46,0,46,198
10/10/2006,MDT,PA,AEA,EN,Combined TRACON& Tower with Radar,30,105,33,1,169,0,1,29,0,30,30,106,62,1,199,10,0,10,209
10/11/2006,MDT,PA,AEA,EN,Combined TRACON& Tower with Radar,30,99,35,2,166,0,0,8,0,8,30,99,43,2,174,4,4,8,182
10/12/2006,MDT,PA,AEA,EN,Combined TRACON& Tower with Radar,28,124,34,10,196,0,0,26,0,26,28,124,60,10,222,4,28,32,254
10/13/2006,MDT,PA,AEA,EN,Combined TRACON& Tower with Radar,25,109,26,6,166,0,6,20,0,26,25,115,46,6,192,22,36,58,250
10/14/2006,MDT,PA,AEA,EN,Combined TRACON& Tower with Radar,27,89,11,4,131,0,3,10,0,13,27,92,21,4,144,4,10,14,158
10/15/2006,MDT,PA,AEA,EN,Combined TRACON& Tower with Radar,14,96,17,3,130,0,2,18,0,20,14,98,35,3,150,2,0,2,152
10/16/2006,MDT,PA,AEA,EN,Combined TRACON& Tower with Radar,20,113,24,11,168,0,3,20,0,23,20,116,44,11,191,4,41,45,236
10/17/2006,MDT,PA,AEA,EN,Combined TRACON& Tower with Radar,26,107,36,5,174,0,0,2,0,2,26,107,38,5,176,0,6,6,182
10/18/2006,MDT,PA,AEA,EN,Combined TRACON& Tower with Radar,35,106,55,7,203,0,2,9,0,11,35,108,64,7,214,26,54,80,294
10/19/2006,MDT,PA,AEA,EN,Combined TRACON& Tower with Radar,35,116,33,4,188,0,8,12,0,20,35,124,45,4,208,2,64,66,274
10/20/2006,MDT,PA,AEA,EN,Combined TRACON& Tower with Radar,38,111,32,4,185,0,2,8,0,10,38,113,40,4,195,8,0,8,203
10/21/2006,MDT,PA,AEA,EN,Combined TRACON& Tower with Radar,28,66,21,6,121,0,0,25,0,25,28,66,46,6,146,14,12,26,172
10/22/2006,MDT,PA,AEA,EN,Combined TRACON& Tower with Radar,29,88,7,2,126,0,5,12,0,17,29,93,19,2,143,4,4,8,151
10/23/2006,MDT,PA,AEA,EN,Combined TRACON& Tower with Radar,15,98,20,2,135,0,3,9,0,12,15,101,29,2,147,10,12,22,169
10/24/2006,MDT,PA,AEA,EN,Combined TRACON& Tower with Radar,30,97,41,15,183,0,0,16,0,16,30,97,57,15,199,6,50,56,255
10/25/2006,MDT,PA,AEA,EN,Combined TRACON& Tower with Radar,41,100,48,13,202,0,1,13,0,14,41,101,61,13,216,12,20,32,248
10/26/2006,MDT,PA,AEA,EN,Combined TRACON& Tower with Radar,34,110,41,1,186,0,7,38,0,45,34,117,79,1,231,10,108,118,349
10/27/2006,MDT,PA,AEA,EN,Combined TRACON& Tower with Radar,38,97,29,8,172,0,5,31,0,36,38,102,60,8,208,18,20,38,246
10/28/2006,MDT,PA,AEA,EN,Combined TRACON& Tower with Radar,23,71,9,2,105,0,0,0,0,0,23,71,9,2,105,2,0,2,107
10/29/2006,MDT,PA,AEA,EN,Combined TRACON& Tower with Radar,17,79,17,4,117,0,0,3,0,3,17,79,20,4,120,0,0,0,120
10/30/2006,MDT,PA,AEA,EN,Combined TRACON& Tower with Radar,23,87,19,21,150,0,2,14,0,16,23,89,33,21,166,4,46,50,216
10/31/2006,MDT,PA,AEA,EN,Combined TRACON& Tower with Radar,22,107,29,5,163,0,2,27,0,29,22,109,56,5,192,14,42,56,248
11/01/2006,MDT,PA,AEA,EN,Combined TRACON& Tower with Radar,34,108,38,9,189,0,0,23,0,23,34,108,61,9,212,8,24,32,244
11/02/2006,MDT,PA,AEA,EN,Combined TRACON& Tower with Radar,30,116,35,8,189,0,0,15,0,15,30,116,50,8,204,6,18,24,228
11/03/2006,MDT,PA,AEA,EN,Combined TRACON& Tower with Radar,28,130,23,11,192,0,9,33,0,42,28,139,56,11,234,8,40,48,282
11/04/2006,MDT,PA,AEA,EN,Combined TRACON& Tower with Radar,18,70,8,3,99,0,3,7,0,10,18,73,15,3,109,0,0,0,109
11/05/2006,MDT,PA,AEA,EN,Combined TRACON& Tower with Radar,20,89,20,1,130,0,2,11,0,13,20,91,31,1,143,16,0,16,159
11/06/2006,MDT,PA,AEA,EN,Combined TRACON& Tower with Radar,18,97,24,3,142,0,0,14,1,15,18,97,38,4,157,4,0,4,161
11/07/2006,MDT,PA,AEA,EN,Combined TRACON& Tower with Radar,33,91,44,7,175,0,2,13,0,15,33,93,57,7,190,4,50,54,244
11/08/2006,MDT,PA,AEA,EN,Combined TRACON& Tower with Radar,35,121,39,10,205,0,0,1,0,1,35,121,40,10,206,6,20,26,232
11/09/2006,MDT,PA,AEA,EN,Combined TRACON& Tower with Radar,31,114,32,5,182,0,2,36,0,38,31,116,68,5,220,0,64,64,284
11/10/2006,MDT,PA,AEA,EN,Combined TRACON& Tower with Radar,28,106,20,4,158,0,5,35,0,40,28,111,55,4,198,0,0,0,198
11/11/2006,MDT,PA,AEA,EN,Combined TRACON& Tower with Radar,23,71,8,1,103,0,2,17,0,19,23,73,25,1,122,6,1,7,129
11/12/2006,MDT,PA,AEA,EN,Combined TRACON& Tower with Radar,23,72,19,4,118,0,0,0,0,0,23,72,19,4,118,0,0,0,118
11/13/2006,MDT,PA,AEA,EN,Combined TRACON& Tower with Radar,14,102,40,10,166,0,0,2,0,2,14,102,42,10,168,2,42,44,212
11/14/2006,MDT,PA,AEA,EN,Combined TRACON& Tower with Radar,40,98,45,7,190,0,0,11,0,11,40,98,56,7,201,2,2,4,205
11/15/2006,MDT,PA,AEA,EN,Combined TRACON& Tower with Radar,23,115,41,9,188,0,2,7,0,9,23,117,48,9,197,8,36,44,241
11/16/2006,MDT,PA,AEA,EN,Combined TRACON& Tower with Radar,42,109,32,3,186,0,3,2,0,5,42,112,34,3,191,0,0,0,191
11/17/2006,MDT,PA,AEA,EN,Combined TRACON& Tower with Radar,25,111,42,7,185,0,2,11,0,13,25,113,53,7,198,4,32,36,234
11/18/2006,MDT,PA,AEA,EN,Combined TRACON& Tower with Radar,25,66,6,0,97,0,0,10,1,11,25,66,16,1,108,0,0,0,108
11/19/2006,MDT,PA,AEA,EN,Combined TRACON& Tower with Radar,27,71,15,3,116,0,0,1,0,1,27,71,16,3,117,4,0,4,121
11/20/2006,MDT,PA,AEA,EN,Combined TRACON& Tower with Radar,26,93,28,0,147,0,1,25,0,26,26,94,53,0,173,34,0,34,207
11/21/2006,MDT,PA,AEA,EN,Combined TRACON& Tower with Radar,39,105,23,12,179,0,1,30,2,33,39,106,53,14,212,0,50,50,262
11/22/2006,MDT,PA,AEA,EN,Combined TRACON& Tower with Radar,33,112,18,1,164,0,11,26,0,37,33,123,44,1,201,18,0,18,219
11/23/2006,MDT,PA,AEA,EN,Combined TRACON& Tower with Radar,22,72,9,0,103,0,3,0,0,3,22,75,9,0,106,0,0,0,106
11/24/2006,MDT,PA,AEA,EN,Combined TRACON& Tower with Radar,20,70,12,0,102,0,3,10,0,13,20,73,22,0,115,6,6,12,127
11/25/2006,MDT,PA,AEA,EN,Combined TRACON& Tower with Radar,19,75,9,0,103,0,2,17,0,19,19,77,26,0,122,0,0,0,122
11/26/2006,MDT,PA,AEA,EN,Combined TRACON& Tower with Radar,15,99,16,0,130,0,1,5,0,6,15,100,21,0,136,0,0,0,136
11/27/2006,MDT,PA,AEA,EN,Combined TRACON& Tower with Radar,16,96,33,3,148,0,2,20,0,22,16,98,53,3,170,2,0,2,172
11/28/2006,MDT,PA,AEA,EN,Combined TRACON& Tower with Radar,30,107,30,14,181,0,3,15,0,18,30,110,45,14,199,0,30,30,229
11/29/2006,MDT,PA,AEA,EN,Combined TRACON& Tower with Radar,32,118,42,12,204,0,0,0,0,0,32,118,42,12,204,0,8,8,212
11/30/2006,MDT,PA,AEA,EN,Combined TRACON& Tower with Radar,31,110,23,12,176,0,4,2,0,6,31,114,25,12,182,36,6,42,224
12/01/2006,MDT,PA,AEA,EN,Combined TRACON& Tower with Radar,24,106,18,2,150,0,1,0,0,1,24,107,18,2,151,6,0,6,157
12/02/2006,MDT,PA,AEA,EN,Combined TRACON& Tower with Radar,19,81,8,4,112,0,0,4,0,4,19,81,12,4,116,2,0,2,118
12/03/2006,MDT,PA,AEA,EN,Combined TRACON& Tower with Radar,20,85,16,6,127,0,3,26,0,29,20,88,42,6,156,18,0,18,174
12/04/2006,MDT,PA,AEA,EN,Combined TRACON& Tower with Radar,28,96,25,4,153,0,3,19,0,22,28,99,44,4,175,2,12,14,189
12/05/2006,MDT,PA,AEA,EN,Combined TRACON& Tower with Radar,35,110,36,11,192,0,5,25,0,30,35,115,61,11,222,16,28,44,266
12/06/2006,MDT,PA,AEA,EN,Combined TRACON& Tower with Radar,22,117,23,3,165,0,2,29,0,31,22,119,52,3,196,6,20,26,222
12/07/2006,MDT,PA,AEA,EN,Combined TRACON& Tower with Radar,34,120,28,19,201,0,2,11,0,13,34,122,39,19,214,8,60,68,282
12/08/2006,MDT,PA,AEA,EN,Combined TRACON& Tower with Radar,31,101,19,22,173,0,5,17,11,33,31,106,36,33,206,12,46,58,264
12/09/2006,MDT,PA,AEA,EN,Combined TRACON& Tower with Radar,23,70,7,7,107,0,3,13,0,16,23,73,20,7,123,20,16,36,159
12/10/2006,MDT,PA,AEA,EN,Combined TRACON& Tower with Radar,14,79,13,8,114,0,0,33,0,33,14,79,46,8,147,2,28,30,177
12/11/2006,MDT,PA,AEA,EN,Combined TRACON& Tower with Radar,23,87,15,3,128,0,3,21,0,24,23,90,36,3,152,6,28,34,186
12/12/2006,MDT,PA,AEA,EN,Combined TRACON& Tower with Radar,30,109,29,10,178,0,1,19,0,20,30,110,48,10,198,4,30,34,232
12/13/2006,MDT,PA,AEA,EN,Combined TRACON& Tower with Radar,47,108,41,12,208,0,1,7,0,8,47,109,48,12,216,0,38,38,254
12/14/2006,MDT,PA,AEA,EN,Combined TRACON& Tower with Radar,60,96,16,13,185,0,0,10,0,10,60,96,26,13,195,8,20,28,223
12/15/2006,MDT,PA,AEA,EN,Combined TRACON& Tower with Radar,39,116,25,12,192,0,0,17,0,17,39,116,42,12,209,8,43,51,260
12/16/2006,MDT,PA,AEA,EN,Combined TRACON& Tower with Radar,25,90,6,4,125,0,0,9,0,9,25,90,15,4,134,0,28,28,162
12/17/2006,MDT,PA,AEA,EN,Combined TRACON& Tower with Radar,10,90,15,7,122,0,0,10,0,10,10,90,25,7,132,4,0,4,136
12/18/2006,MDT,PA,AEA,EN,Combined TRACON& Tower with Radar,23,100,20,3,146,0,4,26,4,34,23,104,46,7,180,4,0,4,184
12/19/2006,MDT,PA,AEA,EN,Combined TRACON& Tower with Radar,35,122,36,10,203,0,5,36,0,41,35,127,72,10,244,0,46,46,290
12/20/2006,MDT,PA,AEA,EN,Combined TRACON& Tower with Radar,34,113,16,12,175,0,3,23,0,26,34,116,39,12,201,19,18,37,238
12/21/2006,MDT,PA,AEA,EN,Combined TRACON& Tower with Radar,30,108,26,20,184,0,3,21,0,24,30,111,47,20,208,10,104,114,322
12/22/2006,MDT,PA,AEA,EN,Combined TRACON& Tower with Radar,37,119,9,0,165,0,4,12,0,16,37,123,21,0,181,3,0,3,184
12/23/2006,MDT,PA,AEA,EN,Combined TRACON& Tower with Radar,20,85,15,2,122,0,0,11,0,11,20,85,26,2,133,10,0,10,143
12/24/2006,MDT,PA,AEA,EN,Combined TRACON& Tower with Radar,11,73,5,0,89,0,2,10,0,12,11,75,15,0,101,2,0,2,103
12/25/2006,MDT,PA,AEA,EN,Combined TRACON& Tower with Radar,11,75,5,0,91,0,0,0,0,0,11,75,5,0,91,0,0,0,91
12/26/2006,MDT,PA,AEA,EN,Combined TRACON& Tower with Radar,16,100,4,4,124,0,4,2,0,6,16,104,6,4,130,2,0,2,132
12/27/2006,MDT,PA,AEA,EN,Combined TRACON& Tower with Radar,27,104,15,8,154,0,5,21,0,26,27,109,36,8,180,6,30,36,216
12/28/2006,MDT,PA,AEA,EN,Combined TRACON& Tower with Radar,28,106,10,7,151,0,0,17,7,24,28,106,27,14,175,18,36,54,229
12/29/2006,MDT,PA,AEA,EN,Combined TRACON& Tower with Radar,31,102,14,2,149,0,1,22,0,23,31,103,36,2,172,36,14,50,222
12/30/2006,MDT,PA,AEA,EN,Combined TRACON& Tower with Radar,28,86,1,0,115,0,0,15,0,15,28,86,16,0,130,12,0,12,142
12/31/2006,MDT,PA,AEA,EN,Combined TRACON& Tower with Radar,18,60,12,0,90,0,0,4,0,4,18,60,16,0,94,4,0,4,98
01/01/2007,MDT,PA,AEA,EN,Combined TRACON& Tower with Radar,18,79,7,0,104,0,0,0,0,0,18,79,7,0,104,0,0,0,104
01/02/2007,MDT,PA,AEA,EN,Combined TRACON& Tower with Radar,19,95,27,2,143,0,0,7,0,7,19,95,34,2,150,0,8,8,158
01/03/2007,MDT,PA,AEA,EN,Combined TRACON& Tower with Radar,26,110,9,7,152,0,0,27,0,27,26,110,36,7,179,18,12,30,209
01/04/2007,MDT,PA,AEA,EN,Combined TRACON& Tower with Radar,27,124,16,10,177,0,8,35,0,43,27,132,51,10,220,6,110,116,336
01/05/2007,MDT,PA,AEA,EN,Combined TRACON& Tower with Radar,20,105,8,3,136,0,0,2,0,2,20,105,10,3,138,2,0,2,140
01/06/2007,MDT,PA,AEA,EN,Combined TRACON& Tower with Radar,11,85,9,3,108,0,0,9,0,9,11,85,18,3,117,0,58,58,175
01/07/2007,MDT,PA,AEA,EN,Combined TRACON& Tower with Radar,13,91,22,7,133,0,1,11,0,12,13,92,33,7,145,37,10,47,192
01/08/2007,MDT,PA,AEA,EN,Combined TRACON& Tower with Radar,16,106,8,8,138,0,0,6,0,6,16,106,14,8,144,6,24,30,174
01/09/2007,MDT,PA,AEA,EN,Combined TRACON& Tower with Radar,33,101,22,7,163,0,1,6,0,7,33,102,28,7,170,18,8,26,196
01/10/2007,MDT,PA,AEA,EN,Combined TRACON& Tower with Radar,25,111,32,10,178,0,0,7,0,7,25,111,39,10,185,14,36,50,235
01/11/2007,MDT,PA,AEA,EN,Combined TRACON& Tower with Radar,31,100,28,16,175,0,0,16,0,16,31,100,44,16,191,6,78,84,275
01/12/2007,MDT,PA,AEA,EN,Combined TRACON& Tower with Radar,26,103,15,2,146,0,4,14,0,18,26,107,29,2,164,0,0,0,164
01/13/2007,MDT,PA,AEA,EN,Combined TRACON& Tower with Radar,19,79,3,2,103,0,0,6,2,8,19,79,9,4,111,6,0,6,117
01/14/2007,MDT,PA,AEA,EN,Combined TRACON& Tower with Radar,10,83,11,4,108,0,0,0,0,0,10,83,11,4,108,12,0,12,120
01/15/2007,MDT,PA,AEA,EN,Combined TRACON& Tower with Radar,16,79,31,0,126,0,0,0,0,0,16,79,31,0,126,2,0,2,128
01/16/2007,MDT,PA,AEA,EN,Combined TRACON& Tower with Radar,34,102,35,6,177,0,0,8,0,8,34,102,43,6,185,6,22,28,213
01/17/2007,MDT,PA,AEA,EN,Combined TRACON& Tower with Radar,23,109,20,10,162,0,1,26,0,27,23,110,46,10,189,2,6,8,197
01/18/2007,MDT,PA,AEA,EN,Combined TRACON& Tower with Radar,32,108,34,13,187,0,5,22,0,27,32,113,56,13,214,8,38,46,260
01/19/2007,MDT,PA,AEA,EN,Combined TRACON& Tower with Radar,43,109,21,17,190,0,6,11,0,17,43,115,32,17,207,14,32,46,253
01/20/2007,MDT,PA,AEA,EN,Combined TRACON& Tower with Radar,16,79,7,0,102,0,1,12,0,13,16,80,19,0,115,2,0,2,117
01/21/2007,MDT,PA,AEA,EN,Combined TRACON& Tower with Radar,12,81,7,6,106,0,1,6,0,7,12,82,13,6,113,0,2,2,115
01/22/2007,MDT,PA,AEA,EN,Combined TRACON& Tower with Radar,17,101,15,5,138,0,0,0,0,0,17,101,15,5,138,0,0,0,138
01/23/2007,MDT,PA,AEA,EN,Combined TRACON& Tower with Radar,23,113,21,17,174,0,1,1,0,2,23,114,22,17,176,18,96,114,290
01/24/2007,MDT,PA,AEA,EN,Combined TRACON& Tower with Radar,29,106,27,16,178,0,1,13,0,14,29,107,40,16,192,4,68,72,264
01/25/2007,MDT,PA,AEA,EN,Combined TRACON& Tower with Radar,29,102,17,11,159,0,1,14,0,15,29,103,31,11,174,4,38,42,216
01/26/2007,MDT,PA,AEA,EN,Combined TRACON& Tower with Radar,30,113,11,4,158,0,9,5,2,16,30,122,16,6,174,0,0,0,174
01/27/2007,MDT,PA,AEA,EN,Combined TRACON& Tower with Radar,18,75,6,0,99,0,0,11,0,11,18,75,17,0,110,2,0,2,112
01/28/2007,MDT,PA,AEA,EN,Combined TRACON& Tower with Radar,16,79,13,5,113,0,0,4,0,4,16,79,17,5,117,20,0,20,137
01/29/2007,MDT,PA,AEA,EN,Combined TRACON& Tower with Radar,19,99,28,2,148,0,1,13,0,14,19,100,41,2,162,8,0,8,170
01/30/2007,MDT,PA,AEA,EN,Combined TRACON& Tower with Radar,27,103,11,5,146,0,0,9,0,9,27,103,20,5,155,2,14,16,171
01/31/2007,MDT,PA,AEA,EN,Combined TRACON& Tower with Radar,29,97,23,8,157,0,0,24,0,24,29,97,47,8,181,0,48,48,229
02/01/2007,MDT,PA,AEA,EN,Combined TRACON& Tower with Radar,31,113,13,8,165,0,1,11,0,12,31,114,24,8,177,4,26,30,207
02/02/2007,MDT,PA,AEA,EN,Combined TRACON& Tower with Radar,19,84,39,2,144,0,1,0,0,1,19,85,39,2,145,12,62,74,219
02/03/2007,MDT,PA,AEA,EN,Combined TRACON& Tower with Radar,16,81,17,1,115,0,1,12,0,13,16,82,29,1,128,22,0,22,150
02/04/2007,MDT,PA,AEA,EN,Combined TRACON& Tower with Radar,15,79,4,1,99,0,1,1,0,2,15,80,5,1,101,0,0,0,101
02/05/2007,MDT,PA,AEA,EN,Combined TRACON& Tower with Radar,24,98,21,1,144,0,1,19,0,20,24,99,40,1,164,4,20,24,188
02/06/2007,MDT,PA,AEA,EN,Combined TRACON& Tower with Radar,26,96,38,9,169,0,8,16,0,24,26,104,54,9,193,4,12,16,209
02/07/2007,MDT,PA,AEA,EN,Combined TRACON& Tower with Radar,25,96,35,15,171,0,1,23,0,24,25,97,58,15,195,0,20,20,215
02/08/2007,MDT,PA,AEA,EN,Combined TRACON& Tower with Radar,32,119,23,1,175,0,2,27,0,29,32,121,50,1,204,2,62,64,268
02/09/2007,MDT,PA,AEA,EN,Combined TRACON& Tower with Radar,17,119,20,12,168,0,1,19,0,20,17,120,39,12,188,4,56,60,248
02/10/2007,MDT,PA,AEA,EN,Combined TRACON& Tower with Radar,19,80,7,0,106,0,1,1,0,2,19,81,8,0,108,12,0,12,120
02/11/2007,MDT,PA,AEA,EN,Combined TRACON& Tower with Radar,18,80,15,2,115,0,0,7,0,7,18,80,22,2,122,28,0,28,150
02/12/2007,MDT,PA,AEA,EN,Combined TRACON& Tower with Radar,12,100,18,2,132,0,6,28,0,34,12,106,46,2,166,6,0,6,172
02/13/2007,MDT,PA,AEA,EN,Combined TRACON& Tower with Radar,24,64,17,2,107,0,0,2,0,2,24,64,19,2,109,0,0,0,109
02/14/2007,MDT,PA,AEA,EN,Combined TRACON& Tower with Radar,13,46,7,1,67,0,0,1,0,1,13,46,8,1,68,0,0,0,68
02/15/2007,MDT,PA,AEA,EN,Combined TRACON& Tower with Radar,26,94,33,0,153,0,2,6,0,8,26,96,39,0,161,0,0,0,161
02/16/2007,MDT,PA,AEA,EN,Combined TRACON& Tower with Radar,24,100,26,5,155,0,1,14,0,15,24,101,40,5,170,0,10,10,180
02/17/2007,MDT,PA,AEA,EN,Combined TRACON& Tower with Radar,22,70,11,2,105,0,1,0,0,1,22,71,11,2,106,0,0,0,106
02/18/2007,MDT,PA,AEA,EN,Combined TRACON& Tower with Radar,8,92,6,1,107,0,2,5,0,7,8,94,11,1,114,0,0,0,114
02/19/2007,MDT,PA,AEA,EN,Combined TRACON& Tower with Radar,25,89,23,1,138,0,8,26,0,34,25,97,49,1,172,8,6,14,186
02/20/2007,MDT,PA,AEA,EN,Combined TRACON& Tower with Radar,35,102,18,9,164,0,2,16,3,21,35,104,34,12,185,2,8,10,195
02/21/2007,MDT,PA,AEA,EN,Combined TRACON& Tower with Radar,34,97,31,9,171,0,3,27,0,30,34,100,58,9,201,8,34,42,243
02/22/2007,MDT,PA,AEA,EN,Combined TRACON& Tower with Radar,22,105,14,9,150,0,1,15,0,16,22,106,29,9,166,2,44,46,212
02/23/2007,MDT,PA,AEA,EN,Combined TRACON& Tower with Radar,33,115,23,6,177,0,0,13,0,13,33,115,36,6,190,6,0,6,196
02/24/2007,MDT,PA,AEA,EN,Combined TRACON& Tower with Radar,18,72,6,1,97,0,0,22,0,22,18,72,28,1,119,14,0,14,133
02/25/2007,MDT,PA,AEA,EN,Combined TRACON& Tower with Radar,11,69,13,2,95,0,0,4,0,4,11,69,17,2,99,0,0,0,99
02/26/2007,MDT,PA,AEA,EN,Combined TRACON& Tower with Radar,20,95,22,0,137,0,0,3,0,3,20,95,25,0,140,0,40,40,180
02/27/2007,MDT,PA,AEA,EN,Combined TRACON& Tower with Radar,36,108,30,15,189,0,0,3,0,3,36,108,33,15,192,4,36,40,232
02/28/2007,MDT,PA,AEA,EN,Combined TRACON& Tower with Radar,29,102,27,10,168,0,2,22,0,24,29,104,49,10,192,6,16,22,214
03/01/2007,MDT,PA,AEA,EN,Combined TRACON& Tower with Radar,27,98,22,18,165,0,0,9,0,9,27,98,31,18,174,2,24,26,200
03/02/2007,MDT,PA,AEA,EN,Combined TRACON& Tower with Radar,25,109,25,5,164,0,2,9,0,11,25,111,34,5,175,4,20,24,199
03/03/2007,MDT,PA,AEA,EN,Combined TRACON& Tower with Radar,25,69,7,1,102,0,2,1,0,3,25,71,8,1,105,16,18,34,139
03/04/2007,MDT,PA,AEA,EN,Combined TRACON& Tower with Radar,18,81,8,2,109,0,0,14,0,14,18,81,22,2,123,4,0,4,127
03/05/2007,MDT,PA,AEA,EN,Combined TRACON& Tower with Radar,18,98,19,1,136,0,4,13,0,17,18,102,32,1,153,0,4,4,157
03/06/2007,MDT,PA,AEA,EN,Combined TRACON& Tower with Radar,37,108,36,2,183,0,1,22,0,23,37,109,58,2,206,12,18,30,236
03/07/2007,MDT,PA,AEA,EN,Combined TRACON& Tower with Radar,30,104,39,0,173,0,1,1,0,2,30,105,40,0,175,0,0,0,175
03/08/2007,MDT,PA,AEA,EN,Combined TRACON& Tower with Radar,25,112,28,14,179,0,0,27,2,29,25,112,55,16,208,0,14,14,222
03/09/2007,MDT,PA,AEA,EN,Combined TRACON& Tower with Radar,25,113,23,9,170,0,4,48,1,53,25,117,71,10,223,10,4,14,237
03/10/2007,MDT,PA,AEA,EN,Combined TRACON& Tower with Radar,23,76,8,2,109,0,0,9,0,9,23,76,17,2,118,6,24,30,148
03/11/2007,MDT,PA,AEA,EN,Combined TRACON& Tower with Radar,12,95,23,1,131,0,1,25,5,31,12,96,48,6,162,34,0,34,196
03/12/2007,MDT,PA,AEA,EN,Combined TRACON& Tower with Radar,22,97,13,1,133,0,5,32,0,37,22,102,45,1,170,12,10,22,192
03/13/2007,MDT,PA,AEA,EN,Combined TRACON& Tower with Radar,30,103,30,7,170,0,3,22,0,25,30,106,52,7,195,2,20,22,217
03/14/2007,MDT,PA,AEA,EN,Combined TRACON& Tower with Radar,39,110,39,9,197,0,1,23,2,26,39,111,62,11,223,0,28,28,251
03/15/2007,MDT,PA,AEA,EN,Combined TRACON& Tower with Radar,31,120,34,5,190,0,1,5,1,7,31,121,39,6,197,0,12,12,209
03/16/2007,MDT,PA,AEA,EN,Combined TRACON& Tower with Radar,25,58,20,1,104,0,0,3,0,3,25,58,23,1,107,0,0,0,107
03/17/2007,MDT,PA,AEA,EN,Combined TRACON& Tower with Radar,16,59,7,2,84,0,10,10,0,20,16,69,17,2,104,2,0,2,106
03/18/2007,MDT,PA,AEA,EN,Combined TRACON& Tower with Radar,19,84,11,4,118,0,3,33,0,36,19,87,44,4,154,0,6,6,160
03/19/2007,MDT,PA,AEA,EN,Combined TRACON& Tower with Radar,17,106,21,7,151,0,4,14,0,18,17,110,35,7,169,10,42,52,221
03/20/2007,MDT,PA,AEA,EN,Combined TRACON& Tower with Radar,33,103,24,7,167,0,2,17,0,19,33,105,41,7,186,16,16,32,218
03/21/2007,MDT,PA,AEA,EN,Combined TRACON& Tower with Radar,25,109,16,14,164,0,2,9,0,11,25,111,25,14,175,0,30,30,205
03/22/2007,MDT,PA,AEA,EN,Combined TRACON& Tower with Radar,29,99,24,16,168,0,2,32,8,42,29,101,56,24,210,10,24,34,244
03/23/2007,MDT,PA,AEA,EN,Combined TRACON& Tower with Radar,37,102,30,7,176,0,0,1,0,1,37,102,31,7,177,24,12,36,213
03/24/2007,MDT,PA,AEA,EN,Combined TRACON& Tower with Radar,24,72,13,5,114,0,2,13,0,15,24,74,26,5,129,4,44,48,177
03/25/2007,MDT,PA,AEA,EN,Combined TRACON& Tower with Radar,20,79,11,13,123,0,0,20,0,20,20,79,31,13,143,6,58,64,207
03/26/2007,MDT,PA,AEA,EN,Combined TRACON& Tower with Radar,29,90,12,6,137,0,3,11,0,14,29,93,23,6,151,4,20,24,175
03/27/2007,MDT,PA,AEA,EN,Combined TRACON& Tower with Radar,33,98,33,16,180,0,0,19,0,19,33,98,52,16,199,1,50,51,250
03/28/2007,MDT,PA,AEA,EN,Combined TRACON& Tower with Radar,26,102,31,11,170,0,1,15,0,16,26,103,46,11,186,8,62,70,256
03/29/2007,MDT,PA,AEA,EN,Combined TRACON& Tower with Radar,36,101,29,27,193,0,1,13,0,14,36,102,42,27,207,14,66,80,287
03/30/2007,MDT,PA,AEA,EN,Combined TRACON& Tower with Radar,23,114,8,4,149,0,0,46,0,46,23,114,54,4,195,18,0,18,213
03/31/2007,MDT,PA,AEA,EN,Combined TRACON& Tower with Radar,23,68,9,1,101,0,0,20,3,23,23,68,29,4,124,14,0,14,138
04/01/2007,MDT,PA,AEA,EN,Combined TRACON& Tower with Radar,17,80,6,5,108,0,0,2,0,2,17,80,8,5,110,0,0,0,110
04/02/2007,MDT,PA,AEA,EN,Combined TRACON& Tower with Radar,18,114,24,11,167,0,1,34,0,35,18,115,58,11,202,2,36,38,240
04/03/2007,MDT,PA,AEA,EN,Combined TRACON& Tower with Radar,33,112,28,9,182,0,1,23,0,24,33,113,51,9,206,2,32,34,240
04/04/2007,MDT,PA,AEA,EN,Combined TRACON& Tower with Radar,31,118,32,15,196,0,2,2,0,4,31,120,34,15,200,4,20,24,224
04/05/2007,MDT,PA,AEA,EN,Combined TRACON& Tower with Radar,33,106,42,14,195,0,3,11,0,14,33,109,53,14,209,0,46,46,255
04/06/2007,MDT,PA,AEA,EN,Combined TRACON& Tower with Radar,33,97,13,2,145,0,0,11,0,11,33,97,24,2,156,6,0,6,162
04/07/2007,MDT,PA,AEA,EN,Combined TRACON& Tower with Radar,18,67,6,2,93,0,1,15,0,16,18,68,21,2,109,0,0,0,109
04/08/2007,MDT,PA,AEA,EN,Combined TRACON& Tower with Radar,16,84,2,0,102,0,1,9,0,10,16,85,11,0,112,0,0,0,112
04/09/2007,MDT,PA,AEA,EN,Combined TRACON& Tower with Radar,21,89,40,6,156,0,4,0,0,4,21,93,40,6,160,12,12,24,184
04/10/2007,MDT,PA,AEA,EN,Combined TRACON& Tower with Radar,32,98,29,7,166,0,2,18,0,20,32,100,47,7,186,4,12,16,202
04/11/2007,MDT,PA,AEA,EN,Combined TRACON& Tower with Radar,24,102,29,6,161,0,1,29,0,30,24,103,58,6,191,0,52,52,243
04/12/2007,MDT,PA,AEA,EN,Combined TRACON& Tower with Radar,28,114,31,8,181,0,0,6,0,6,28,114,37,8,187,10,62,72,259
04/13/2007,MDT,PA,AEA,EN,Combined TRACON& Tower with Radar,35,106,18,2,161,0,1,19,0,20,35,107,37,2,181,8,0,8,189
04/14/2007,MDT,PA,AEA,EN,Combined TRACON& Tower with Radar,21,69,5,1,96,0,2,12,0,14,21,71,17,1,110,8,0,8,118
04/15/2007,MDT,PA,AEA,EN,Combined TRACON& Tower with Radar,19,85,11,2,117,0,3,4,0,7,19,88,15,2,124,6,0,6,130
04/16/2007,MDT,PA,AEA,EN,Combined TRACON& Tower with Radar,25,98,20,2,145,0,0,5,0,5,25,98,25,2,150,0,0,0,150
04/17/2007,MDT,PA,AEA,EN,Combined TRACON& Tower with Radar,27,90,30,5,152,0,6,12,0,18,27,96,42,5,170,2,12,14,184
04/18/2007,MDT,PA,AEA,EN,Combined TRACON& Tower with Radar,33,102,34,13,182,0,3,28,0,31,33,105,62,13,213,6,38,44,257
04/19/2007,MDT,PA,AEA,EN,Combined TRACON& Tower with Radar,28,122,29,17,196,0,2,36,0,38,28,124,65,17,234,6,48,54,288
04/20/2007,MDT,PA,AEA,EN,Combined TRACON& Tower with Radar,28,113,34,10,185,0,5,45,0,50,28,118,79,10,235,24,40,64,299
04/21/2007,MDT,PA,AEA,EN,Combined TRACON& Tower with Radar,21,63,9,6,99,0,4,36,2,42,21,67,45,8,141,2,0,2,143
04/22/2007,MDT,PA,AEA,EN,Combined TRACON& Tower with Radar,18,84,14,2,118,0,2,28,1,31,18,86,42,3,149,14,0,14,163
04/23/2007,MDT,PA,AEA,EN,Combined TRACON& Tower with Radar,20,91,26,2,139,0,2,20,0,22,20,93,46,2,161,12,14,26,187
04/24/2007,MDT,PA,AEA,EN,Combined TRACON& Tower with Radar,30,113,34,6,183,0,1,11,0,12,30,114,45,6,195,6,0,6,201
04/25/2007,MDT,PA,AEA,EN,Combined TRACON& Tower with Radar,26,100,37,7,170,0,1,8,0,9,26,101,45,7,179,24,44,68,247
04/26/2007,MDT,PA,AEA,EN,Combined TRACON& Tower with Radar,28,109,29,3,169,0,5,15,0,20,28,114,44,3,189,0,6,6,195
04/27/2007,MDT,PA,AEA,EN,Combined TRACON& Tower with Radar,35,96,28,2,161,0,0,1,0,1,35,96,29,2,162,10,2,12,174
04/28/2007,MDT,PA,AEA,EN,Combined TRACON& Tower with Radar,22,66,15,3,106,0,0,9,0,9,22,66,24,3,115,10,0,10,125
04/29/2007,MDT,PA,AEA,EN,Combined TRACON& Tower with Radar,19,80,17,9,125,0,0,27,0,27,19,80,44,9,152,4,0,4,156
04/30/2007,MDT,PA,AEA,EN,Combined TRACON& Tower with Radar,20,87,26,8,141,0,3,20,0,23,20,90,46,8,164,2,66,68,232
05/01/2007,MDT,PA,AEA,EN,Combined TRACON& Tower with Radar,31,98,22,7,158,0,3,26,0,29,31,101,48,7,187,30,52,82,269
05/02/2007,MDT,PA,AEA,EN,Combined TRACON& Tower with Radar,26,101,44,12,183,0,0,17,0,17,26,101,61,12,200,14,12,26,226
05/03/2007,MDT,PA,AEA,EN,Combined TRACON& Tower with Radar,30,113,23,9,175,0,8,46,0,54,30,121,69,9,229,30,14,44,273
05/04/2007,MDT,PA,AEA,EN,Combined TRACON& Tower with Radar,30,108,30,10,178,0,3,26,0,29,30,111,56,10,207,20,6,26,233
05/05/2007,MDT,PA,AEA,EN,Combined TRACON& Tower with Radar,19,68,14,4,105,0,3,20,1,24,19,71,34,5,129,12,0,12,141
05/06/2007,MDT,PA,AEA,EN,Combined TRACON& Tower with Radar,17,82,11,3,113,0,4,45,1,50,17,86,56,4,163,18,5,23,186
05/07/2007,MDT,PA,AEA,EN,Combined TRACON& Tower with Radar,24,91,23,2,140,0,8,50,0,58,24,99,73,2,198,20,0,20,218
05/08/2007,MDT,PA,AEA,EN,Combined TRACON& Tower with Radar,25,105,39,5,174,0,0,29,2,31,25,105,68,7,205,26,5,31,236
05/09/2007,MDT,PA,AEA,EN,Combined TRACON& Tower with Radar,30,98,38,7,173,0,0,14,0,14,30,98,52,7,187,46,36,82,269
05/10/2007,MDT,PA,AEA,EN,Combined TRACON& Tower with Radar,39,101,27,7,174,0,0,6,0,6,39,101,33,7,180,2,70,72,252
05/11/2007,MDT,PA,AEA,EN,Combined TRACON& Tower with Radar,43,85,27,9,164,0,4,18,0,22,43,89,45,9,186,16,4,20,206
05/12/2007,MDT,PA,AEA,EN,Combined TRACON& Tower with Radar,22,88,18,9,137,0,3,29,0,32,22,91,47,9,169,16,10,26,195
05/13/2007,MDT,PA,AEA,EN,Combined TRACON& Tower with Radar,16,77,7,0,100,0,3,41,0,44,16,80,48,0,144,6,0,6,150
05/14/2007,MDT,PA,AEA,EN,Combined TRACON& Tower with Radar,24,99,19,7,149,0,0,18,2,20,24,99,37,9,169,0,12,12,181
05/15/2007,MDT,PA,AEA,EN,Combined TRACON& Tower with Radar,33,93,25,11,162,0,0,23,0,23,33,93,48,11,185,26,42,68,253
05/16/2007,MDT,PA,AEA,EN,Combined TRACON& Tower with Radar,39,89,38,5,171,0,1,7,0,8,39,90,45,5,179,20,42,62,241
05/17/2007,MDT,PA,AEA,EN,Combined TRACON& Tower with Radar,43,96,30,11,180,0,1,33,0,34,43,97,63,11,214,12,46,58,272
05/18/2007,MDT,PA,AEA,EN,Combined TRACON& Tower with Radar,39,91,22,0,152,0,2,9,0,11,39,93,31,0,163,4,32,36,199
05/19/2007,MDT,PA,AEA,EN,Combined TRACON& Tower with Radar,26,87,14,8,135,0,2,32,0,34,26,89,46,8,169,24,52,76,245
05/20/2007,MDT,PA,AEA,EN,Combined TRACON& Tower with Radar,18,81,22,3,124,0,1,31,0,32,18,82,53,3,156,8,14,22,178
05/21/2007,MDT,PA,AEA,EN,Combined TRACON& Tower with Radar,21,95,26,4,146,0,1,30,1,32,21,96,56,5,178,42,0,42,220
05/22/2007,MDT,PA,AEA,EN,Combined TRACON& Tower with Radar,35,108,21,9,173,0,1,8,2,11,35,109,29,11,184,10,8,18,202
05/23/2007,MDT,PA,AEA,EN,Combined TRACON& Tower with Radar,27,114,49,11,201,0,3,32,0,35,27,117,81,11,236,36,90,126,362
05/24/2007,MDT,PA,AEA,EN,Combined TRACON& Tower with Radar,42,90,23,14,169,0,2,38,0,40,42,92,61,14,209,6,56,62,271
05/25/2007,MDT,PA,AEA,EN,Combined TRACON& Tower with Radar,30,101,21,6,158,0,0,22,0,22,30,101,43,6,180,22,2,24,204
05/26/2007,MDT,PA,AEA,EN,Combined TRACON& Tower with Radar,25,66,15,0,106,0,0,25,0,25,25,66,40,0,131,18,0,18,149
05/27/2007,MDT,PA,AEA,EN,Combined TRACON& Tower with Radar,12,62,13,1,88,0,0,22,0,22,12,62,35,1,110,24,0,24,134
05/28/2007,MDT,PA,AEA,EN,Combined TRACON& Tower with Radar,12,83,5,0,100,0,3,25,0,28,12,86,30,0,128,2,0,2,130
05/29/2007,MDT,PA,AEA,EN,Combined TRACON& Tower with Radar,23,100,14,6,143,0,3,44,0,47,23,103,58,6,190,32,18,50,240
05/30/2007,MDT,PA,AEA,EN,Combined TRACON& Tower with Radar,45,86,20,10,161,0,4,27,0,31,45,90,47,10,192,22,18,40,232
05/31/2007,MDT,PA,AEA,EN,Combined TRACON& Tower with Radar,33,104,22,12,171,0,1,26,0,27,33,105,48,12,198,16,50,66,264
06/01/2007,MDT,PA,AEA,EN,Combined TRACON& Tower with Radar,34,105,32,1,172,0,1,23,0,24,34,106,55,1,196,8,0,8,204
06/02/2007,MDT,PA,AEA,EN,Combined TRACON& Tower with Radar,19,72,9,3,103,0,0,33,0,33,19,72,42,3,136,8,0,8,144
06/03/2007,MDT,PA,AEA,EN,Combined TRACON& Tower with Radar,19,72,27,10,128,0,9,13,2,24,19,81,40,12,152,26,0,26,178
06/04/2007,MDT,PA,AEA,EN,Combined TRACON& Tower with Radar,20,94,31,5,150,0,1,8,2,11,20,95,39,7,161,10,0,10,171
06/05/2007,MDT,PA,AEA,EN,Combined TRACON& Tower with Radar,27,103,23,0,153,0,1,42,0,43,27,104,65,0,196,12,0,12,208
06/06/2007,MDT,PA,AEA,EN,Combined TRACON& Tower with Radar,41,98,37,10,186,0,0,57,0,57,41,98,94,10,243,28,14,42,285
06/07/2007,MDT,PA,AEA,EN,Combined TRACON& Tower with Radar,34,91,28,13,166,0,0,38,9,47,34,91,66,22,213,12,30,42,255
06/08/2007,MDT,PA,AEA,EN,Combined TRACON& Tower with Radar,37,82,39,4,162,0,1,16,0,17,37,83,55,4,179,12,0,12,191
06/09/2007,MDT,PA,AEA,EN,Combined TRACON& Tower with Radar,27,62,11,1,101,0,1,29,1,31,27,63,40,2,132,32,0,32,164
06/10/2007,MDT,PA,AEA,EN,Combined TRACON& Tower with Radar,18,79,19,3,119,0,1,17,0,18,18,80,36,3,137,6,0,6,143
06/11/2007,MDT,PA,AEA,EN,Combined TRACON& Tower with Radar,22,105,23,7,157,0,1,12,0,13,22,106,35,7,170,12,0,12,182
06/12/2007,MDT,PA,AEA,EN,Combined TRACON& Tower with Radar,39,95,24,0,158,0,2,25,0,27,39,97,49,0,185,12,28,40,225
06/13/2007,MDT,PA,AEA,EN,Combined TRACON& Tower with Radar,31,104,38,1,174,0,0,11,0,11,31,104,49,1,185,2,30,32,217
06/14/2007,MDT,PA,AEA,EN,Combined TRACON& Tower with Radar,31,102,19,24,176,0,4,18,0,22,31,106,37,24,198,12,61,73,271
06/15/2007,MDT,PA,AEA,EN,Combined TRACON& Tower with Radar,34,99,34,4,171,0,4,33,0,37,34,103,67,4,208,8,22,30,238
06/16/2007,MDT,PA,AEA,EN,Combined TRACON& Tower with Radar,21,73,13,1,108,0,0,20,1,21,21,73,33,2,129,14,0,14,143
06/17/2007,MDT,PA,AEA,EN,Combined TRACON& Tower with Radar,30,70,12,1,113,0,0,45,0,45,30,70,57,1,158,8,0,8,166
06/18/2007,MDT,PA,AEA,EN,Combined TRACON& Tower with Radar,19,87,22,8,136,0,0,5,0,5,19,87,27,8,141,2,14,16,157
06/19/2007,MDT,PA,AEA,EN,Combined TRACON& Tower with Radar,35,80,23,17,155,0,0,19,8,27,35,80,42,25,182,18,38,56,238
06/20/2007,MDT,PA,AEA,EN,Combined TRACON& Tower with Radar,27,112,47,18,204,0,0,23,0,23,27,112,70,18,227,10,36,46,273
06/21/2007,MDT,PA,AEA,EN,Combined TRACON& Tower with Radar,34,99,23,12,168,0,0,22,0,22,34,99,45,12,190,0,24,24,214
06/22/2007,MDT,PA,AEA,EN,Combined TRACON& Tower with Radar,37,100,28,19,184,0,0,7,0,7,37,100,35,19,191,12,0,12,203
06/23/2007,MDT,PA,AEA,EN,Combined TRACON& Tower with Radar,19,77,13,4,113,0,0,24,0,24,19,77,37,4,137,8,10,18,155
06/24/2007,MDT,PA,AEA,EN,Combined TRACON& Tower with Radar,25,66,23,1,115,0,2,13,0,15,25,68,36,1,130,2,34,36,166
06/25/2007,MDT,PA,AEA,EN,Combined TRACON& Tower with Radar,19,96,30,4,149,0,0,16,0,16,19,96,46,4,165,4,2,6,171
06/26/2007,MDT,PA,AEA,EN,Combined TRACON& Tower with Radar,33,108,27,6,174,0,0,19,0,19,33,108,46,6,193,0,0,0,193
06/27/2007,MDT,PA,AEA,EN,Combined TRACON& Tower with Radar,0,0,0,0,0,300,89,84,11,484,300,89,84,11,484,90,20,110,594
06/28/2007,MDT,PA,AEA,EN,Combined TRACON& Tower with Radar,36,91,36,6,169,0,1,18,1,20,36,92,54,7,189,0,0,0,189
06/29/2007,MDT,PA,AEA,EN,Combined TRACON& Tower with Radar,34,94,35,0,163,0,1,16,0,17,34,95,51,0,180,2,10,12,192
06/30/2007,MDT,PA,AEA,EN,Combined TRACON& Tower with Radar,29,64,18,2,113,0,0,23,0,23,29,64,41,2,136,26,20,46,182
07/01/2007,MDT,PA,AEA,EN,Combined TRACON& Tower with Radar,19,88,30,2,139,0,0,19,1,20,19,88,49,3,159,24,0,24,183
07/02/2007,MDT,PA,AEA,EN,Combined TRACON& Tower with Radar,25,85,7,0,117,0,0,25,0,25,25,85,32,0,142,0,4,4,146
07/03/2007,MDT,PA,AEA,EN,Combined TRACON& Tower with Radar,33,87,12,0,132,0,1,27,0,28,33,88,39,0,160,30,22,52,212
07/04/2007,MDT,PA,AEA,EN,Combined TRACON& Tower with Radar,25,57,3,0,85,0,1,2,0,3,25,58,5,0,88,4,0,4,92
07/05/2007,MDT,PA,AEA,EN,Combined TRACON& Tower with Radar,24,89,15,0,128,0,5,3,0,8,24,94,18,0,136,14,0,14,150
07/06/2007,MDT,PA,AEA,EN,Combined TRACON& Tower with Radar,40,81,17,0,138,0,6,19,0,25,40,87,36,0,163,6,0,6,169
07/07/2007,MDT,PA,AEA,EN,Combined TRACON& Tower with Radar,24,72,15,1,112,0,6,10,0,16,24,78,25,1,128,6,0,6,134
07/08/2007,MDT,PA,AEA,EN,Combined TRACON& Tower with Radar,16,83,21,0,120,0,5,26,0,31,16,88,47,0,151,4,0,4,155
07/09/2007,MDT,PA,AEA,EN,Combined TRACON& Tower with Radar,21,92,21,8,142,0,0,17,0,17,21,92,38,8,159,0,92,92,251
07/10/2007,MDT,PA,AEA,EN,Combined TRACON& Tower with Radar,32,94,22,12,160,0,0,37,0,37,32,94,59,12,197,2,76,78,275
07/11/2007,MDT,PA,AEA,EN,Combined TRACON& Tower with Radar,42,88,24,5,159,0,3,19,0,22,42,91,43,5,181,0,2,2,183
07/12/2007,MDT,PA,AEA,EN,Combined TRACON& Tower with Radar,35,102,31,11,179,0,1,73,0,74,35,103,104,11,253,8,52,60,313
07/13/2007,MDT,PA,AEA,EN,Combined TRACON& Tower with Radar,34,92,17,0,143,0,0,48,0,48,34,92,65,0,191,8,0,8,199
07/14/2007,MDT,PA,AEA,EN,Combined TRACON& Tower with Radar,22,73,9,0,104,0,0,17,0,17,22,73,26,0,121,14,0,14,135
07/15/2007,MDT,PA,AEA,EN,Combined TRACON& Tower with Radar,17,78,19,0,114,0,1,6,0,7,17,79,25,0,121,10,0,10,131
07/16/2007,MDT,PA,AEA,EN,Combined TRACON& Tower with Radar,29,83,23,2,137,0,0,24,0,24,29,83,47,2,161,4,0,4,165
07/17/2007,MDT,PA,AEA,EN,Combined TRACON& Tower with Radar,35,92,23,12,162,0,2,37,0,39,35,94,60,12,201,14,20,34,235
07/18/2007,MDT,PA,AEA,EN,Combined TRACON& Tower with Radar,21,108,23,7,159,0,1,17,0,18,21,109,40,7,177,6,8,14,191
07/19/2007,MDT,PA,AEA,EN,Combined TRACON& Tower with Radar,45,82,23,2,152,0,0,20,0,20,45,82,43,2,172,2,0,2,174
07/20/2007,MDT,PA,AEA,EN,Combined TRACON& Tower with Radar,42,91,17,10,160,0,2,32,0,34,42,93,49,10,194,18,2,20,214
07/21/2007,MDT,PA,AEA,EN,Combined TRACON& Tower with Radar,22,71,11,0,104,0,1,29,2,32,22,72,40,2,136,4,0,4,140
07/22/2007,MDT,PA,AEA,EN,Combined TRACON& Tower with Radar,17,82,19,3,121,0,6,25,0,31,17,88,44,3,152,18,6,24,176
07/23/2007,MDT,PA,AEA,EN,Combined TRACON& Tower with Radar,31,71,25,5,132,0,2,28,0,30,31,73,53,5,162,14,40,54,216
07/24/2007,MDT,PA,AEA,EN,Combined TRACON& Tower with Radar,37,97,10,4,148,0,2,29,0,31,37,99,39,4,179,4,20,24,203
07/25/2007,MDT,PA,AEA,EN,Combined TRACON& Tower with Radar,40,80,32,11,163,0,1,27,1,29,40,81,59,12,192,8,24,32,224
07/26/2007,MDT,PA,AEA,EN,Combined TRACON& Tower with Radar,36,102,26,9,173,0,2,11,0,13,36,104,37,9,186,2,62,64,250
07/27/2007,MDT,PA,AEA,EN,Combined TRACON& Tower with Radar,55,85,30,3,173,0,1,30,6,37,55,86,60,9,210,0,2,2,212
07/28/2007,MDT,PA,AEA,EN,Combined TRACON& Tower with Radar,22,75,12,0,109,0,0,5,0,5,22,75,17,0,114,0,24,24,138
07/29/2007,MDT,PA,AEA,EN,Combined TRACON& Tower with Radar,21,80,7,0,108,0,2,3,0,5,21,82,10,0,113,0,0,0,113
07/30/2007,MDT,PA,AEA,EN,Combined TRACON& Tower with Radar,30,86,39,6,161,0,1,15,0,16,30,87,54,6,177,10,46,56,233
07/31/2007,MDT,PA,AEA,EN,Combined TRACON& Tower with Radar,35,95,28,12,170,0,0,36,0,36,35,95,64,12,206,24,64,88,294
08/01/2007,MDT,PA,AEA,EN,Combined TRACON& Tower with Radar,34,98,44,9,185,0,3,27,1,31,34,101,71,10,216,6,4,10,226
08/02/2007,MDT,PA,AEA,EN,Combined TRACON& Tower with Radar,33,91,25,15,164,0,0,24,0,24,33,91,49,15,188,6,40,46,234
08/03/2007,MDT,PA,AEA,EN,Combined TRACON& Tower with Radar,40,79,25,4,148,0,3,10,0,13,40,82,35,4,161,2,0,2,163
08/04/2007,MDT,PA,AEA,EN,Combined TRACON& Tower with Radar,28,71,11,1,111,0,0,13,0,13,28,71,24,1,124,8,0,8,132
08/05/2007,MDT,PA,AEA,EN,Combined TRACON& Tower with Radar,18,76,16,0,110,0,0,14,1,15,18,76,30,1,125,6,4,10,135
08/06/2007,MDT,PA,AEA,EN,Combined TRACON& Tower with Radar,24,95,29,9,157,0,2,13,0,15,24,97,42,9,172,16,16,32,204
08/07/2007,MDT,PA,AEA,EN,Combined TRACON& Tower with Radar,40,82,22,7,151,0,6,26,0,32,40,88,48,7,183,0,32,32,215
08/08/2007,MDT,PA,AEA,EN,Combined TRACON& Tower with Radar,47,86,21,13,167,0,0,18,0,18,47,86,39,13,185,6,26,32,217
08/09/2007,MDT,PA,AEA,EN,Combined TRACON& Tower with Radar,32,76,25,9,142,0,0,5,0,5,32,76,30,9,147,8,38,46,193
08/10/2007,MDT,PA,AEA,EN,Combined TRACON& Tower with Radar,39,81,16,6,142,0,3,21,0,24,39,84,37,6,166,0,12,12,178
08/11/2007,MDT,PA,AEA,EN,Combined TRACON& Tower with Radar,21,76,8,0,105,0,4,54,0,58,21,80,62,0,163,26,0,26,189
08/12/2007,MDT,PA,AEA,EN,Combined TRACON& Tower with Radar,16,83,13,10,122,0,3,23,1,27,16,86,36,11,149,22,0,22,171
08/13/2007,MDT,PA,AEA,EN,Combined TRACON& Tower with Radar,26,87,25,1,139,0,6,27,0,33,26,93,52,1,172,6,0,6,178
08/14/2007,MDT,PA,AEA,EN,Combined TRACON& Tower with Radar,38,101,36,9,184,0,4,13,5,22,38,105,49,14,206,52,21,73,279
08/15/2007,MDT,PA,AEA,EN,Combined TRACON& Tower with Radar,36,86,27,15,164,0,1,33,0,34,36,87,60,15,198,4,42,46,244
08/16/2007,MDT,PA,AEA,EN,Combined TRACON& Tower with Radar,32,94,18,7,151,0,3,8,0,11,32,97,26,7,162,10,4,14,176
08/17/2007,MDT,PA,AEA,EN,Combined TRACON& Tower with Radar,42,99,22,2,165,0,0,15,0,15,42,99,37,2,180,42,0,42,222
08/18/2007,MDT,PA,AEA,EN,Combined TRACON& Tower with Radar,21,72,4,0,97,0,1,51,0,52,21,73,55,0,149,26,0,26,175
08/19/2007,MDT,PA,AEA,EN,Combined TRACON& Tower with Radar,20,83,20,0,123,0,0,14,0,14,20,83,34,0,137,10,0,10,147
08/20/2007,MDT,PA,AEA,EN,Combined TRACON& Tower with Radar,24,90,9,4,127,0,0,0,0,0,24,90,9,4,127,4,6,10,137
08/21/2007,MDT,PA,AEA,EN,Combined TRACON& Tower with Radar,35,88,13,5,141,0,0,0,0,0,35,88,13,5,141,0,0,0,141
08/22/2007,MDT,PA,AEA,EN,Combined TRACON& Tower with Radar,37,96,44,19,196,0,1,1,0,2,37,97,45,19,198,30,52,82,280
08/23/2007,MDT,PA,AEA,EN,Combined TRACON& Tower with Radar,35,88,42,13,178,0,0,8,0,8,35,88,50,13,186,0,10,10,196
08/24/2007,MDT,PA,AEA,EN,Combined TRACON& Tower with Radar,37,77,40,5,159,0,1,3,0,4,37,78,43,5,163,16,0,16,179
08/25/2007,MDT,PA,AEA,EN,Combined TRACON& Tower with Radar,25,72,21,1,119,0,1,14,0,15,25,73,35,1,134,14,28,42,176
08/26/2007,MDT,PA,AEA,EN,Combined TRACON& Tower with Radar,22,73,19,2,116,0,0,15,0,15,22,73,34,2,131,10,0,10,141
08/27/2007,MDT,PA,AEA,EN,Combined TRACON& Tower with Radar,27,78,25,5,135,0,2,29,0,31,27,80,54,5,166,10,0,10,176
08/28/2007,MDT,PA,AEA,EN,Combined TRACON& Tower with Radar,39,87,28,7,161,0,0,33,0,33,39,87,61,7,194,20,14,34,228
08/29/2007,MDT,PA,AEA,EN,Combined TRACON& Tower with Radar,43,75,37,11,166,0,0,25,0,25,43,75,62,11,191,6,46,52,243
08/30/2007,MDT,PA,AEA,EN,Combined TRACON& Tower with Radar,38,87,28,4,157,0,3,29,0,32,38,90,57,4,189,4,54,58,247
08/31/2007,MDT,PA,AEA,EN,Combined TRACON& Tower with Radar,37,87,16,3,143,0,2,28,0,30,37,89,44,3,173,10,0,10,183
09/01/2007,MDT,PA,AEA,EN,Combined TRACON& Tower with Radar,34,51,10,1,96,0,5,49,1,55,34,56,59,2,151,30,0,30,181
09/02/2007,MDT,PA,AEA,EN,Combined TRACON& Tower with Radar,24,45,27,0,96,0,6,38,0,44,24,51,65,0,140,50,0,50,190
09/03/2007,MDT,PA,AEA,EN,Combined TRACON& Tower with Radar,24,67,10,0,101,0,4,39,0,43,24,71,49,0,144,8,0,8,152
09/04/2007,MDT,PA,AEA,EN,Combined TRACON& Tower with Radar,27,97,28,8,160,0,2,39,0,41,27,99,67,8,201,16,22,38,239
09/05/2007,MDT,PA,AEA,EN,Combined TRACON& Tower with Radar,29,108,19,5,161,0,2,45,0,47,29,110,64,5,208,30,22,52,260
09/06/2007,MDT,PA,AEA,EN,Combined TRACON& Tower with Radar,34,97,33,4,168,0,5,47,0,52,34,102,80,4,220,2,0,2,222
09/07/2007,MDT,PA,AEA,EN,Combined TRACON& Tower with Radar,29,99,41,4,173,0,1,40,0,41,29,100,81,4,214,14,0,14,228
09/08/2007,MDT,PA,AEA,EN,Combined TRACON& Tower with Radar,19,85,6,2,112,0,5,28,0,33,19,90,34,2,145,24,0,24,169
09/09/2007,MDT,PA,AEA,EN,Combined TRACON& Tower with Radar,10,81,16,6,113,0,0,36,0,36,10,81,52,6,149,2,0,2,151
09/10/2007,MDT,PA,AEA,EN,Combined TRACON& Tower with Radar,20,78,39,10,147,0,0,39,0,39,20,78,78,10,186,18,18,36,222
09/11/2007,MDT,PA,AEA,EN,Combined TRACON& Tower with Radar,16,84,61,9,170,0,0,1,0,1,16,84,62,9,171,0,24,24,195
09/12/2007,MDT,PA,AEA,EN,Combined TRACON& Tower with Radar,26,111,33,2,172,0,5,32,2,39,26,116,65,4,211,4,0,4,215
09/13/2007,MDT,PA,AEA,EN,Combined TRACON& Tower with Radar,29,111,36,7,183,0,1,49,0,50,29,112,85,7,233,4,59,63,296
09/14/2007,MDT,PA,AEA,EN,Combined TRACON& Tower with Radar,27,112,43,7,189,0,2,24,0,26,27,114,67,7,215,12,0,12,227
09/15/2007,MDT,PA,AEA,EN,Combined TRACON& Tower with Radar,17,71,20,1,109,0,2,41,4,47,17,73,61,5,156,10,0,10,166
09/16/2007,MDT,PA,AEA,EN,Combined TRACON& Tower with Radar,23,68,39,5,135,0,0,34,0,34,23,68,73,5,169,12,2,14,183
09/17/2007,MDT,PA,AEA,EN,Combined TRACON& Tower with Radar,30,92,20,12,154,0,5,49,1,55,30,97,69,13,209,0,32,32,241
09/18/2007,MDT,PA,AEA,EN,Combined TRACON& Tower with Radar,23,103,30,20,176,0,1,44,0,45,23,104,74,20,221,0,44,44,265
09/19/2007,MDT,PA,AEA,EN,Combined TRACON& Tower with Radar,25,101,34,10,170,0,0,26,0,26,25,101,60,10,196,8,4,12,208
09/20/2007,MDT,PA,AEA,EN,Combined TRACON& Tower with Radar,37,102,36,9,184,0,1,23,1,25,37,103,59,10,209,7,4,11,220
09/21/2007,MDT,PA,AEA,EN,Combined TRACON& Tower with Radar,27,111,31,15,184,0,2,31,0,33,27,113,62,15,217,8,12,20,237
09/22/2007,MDT,PA,AEA,EN,Combined TRACON& Tower with Radar,25,66,15,0,106,0,1,13,0,14,25,67,28,0,120,0,0,0,120
09/23/2007,MDT,PA,AEA,EN,Combined TRACON& Tower with Radar,25,67,12,5,109,0,0,35,0,35,25,67,47,5,144,0,0,0,144
09/24/2007,MDT,PA,AEA,EN,Combined TRACON& Tower with Radar,18,94,31,4,147,0,3,35,0,38,18,97,66,4,185,4,12,16,201
09/25/2007,MDT,PA,AEA,EN,Combined TRACON& Tower with Radar,26,116,40,4,186,0,1,25,1,27,26,117,65,5,213,8,12,20,233
09/26/2007,MDT,PA,AEA,EN,Combined TRACON& Tower with Radar,33,96,39,2,170,0,0,35,0,35,33,96,74,2,205,39,0,39,244
09/27/2007,MDT,PA,AEA,EN,Combined TRACON& Tower with Radar,23,105,21,2,151,0,0,15,0,15,23,105,36,2,166,42,0,42,208
09/28/2007,MDT,PA,AEA,EN,Combined TRACON& Tower with Radar,29,109,20,6,164,0,0,30,0,30,29,109,50,6,194,24,0,24,218
09/29/2007,MDT,PA,AEA,EN,Combined TRACON& Tower with Radar,26,68,5,0,99,0,0,18,0,18,26,68,23,0,117,4,0,4,121
09/30/2007,MDT,PA,AEA,EN,Combined TRACON& Tower with Radar,18,73,11,3,105,0,0,9,1,10,18,73,20,4,115,20,0,20,135
10/01/2007,MDT,PA,AEA,EN,Combined TRACON& Tower with Radar,24,92,26,4,146,0,0,33,0,33,24,92,59,4,179,0,51,51,230
10/02/2007,MDT,PA,AEA,EN,Combined TRACON& Tower with Radar,38,79,48,16,181,0,1,38,0,39,38,80,86,16,220,26,14,40,260
10/03/2007,MDT,PA,AEA,EN,Combined TRACON& Tower with Radar,39,90,31,12,172,0,0,21,0,21,39,90,52,12,193,6,58,64,257
10/04/2007,MDT,PA,AEA,EN,Combined TRACON& Tower with Radar,26,104,44,12,186,0,2,21,0,23,26,106,65,12,209,4,58,62,271
10/05/2007,MDT,PA,AEA,EN,Combined TRACON& Tower with Radar,30,94,23,3,150,0,0,5,0,5,30,94,28,3,155,12,0,12,167
10/06/2007,MDT,PA,AEA,EN,Combined TRACON& Tower with Radar,23,69,13,3,108,0,0,22,0,22,23,69,35,3,130,8,0,8,138
10/07/2007,MDT,PA,AEA,EN,Combined TRACON& Tower with Radar,26,69,11,1,107,0,0,14,0,14,26,69,25,1,121,0,0,0,121
10/08/2007,MDT,PA,AEA,EN,Combined TRACON& Tower with Radar,13,100,23,0,136,0,5,25,0,30,13,105,48,0,166,4,0,4,170
10/09/2007,MDT,PA,AEA,EN,Combined TRACON& Tower with Radar,33,102,27,15,177,0,2,22,7,31,33,104,49,22,208,4,16,20,228
10/10/2007,MDT,PA,AEA,EN,Combined TRACON& Tower with Radar,23,111,36,9,179,0,0,16,0,16,23,111,52,9,195,0,44,44,239
10/11/2007,MDT,PA,AEA,EN,Combined TRACON& Tower with Radar,31,111,34,16,192,0,2,18,0,20,31,113,52,16,212,0,135,135,347
10/12/2007,MDT,PA,AEA,EN,Combined TRACON& Tower with Radar,33,97,28,7,165,0,0,25,0,25,33,97,53,7,190,0,58,58,248
10/13/2007,MDT,PA,AEA,EN,Combined TRACON& Tower with Radar,23,75,24,1,123,0,4,28,0,32,23,79,52,1,155,22,2,24,179
10/14/2007,MDT,PA,AEA,EN,Combined TRACON& Tower with Radar,20,71,27,7,125,0,7,28,2,37,20,78,55,9,162,40,2,42,204
10/15/2007,MDT,PA,AEA,EN,Combined TRACON& Tower with Radar,22,95,24,6,147,0,0,20,0,20,22,95,44,6,167,12,30,42,209
10/16/2007,MDT,PA,AEA,EN,Combined TRACON& Tower with Radar,29,104,33,9,175,0,2,33,0,35,29,106,66,9,210,14,70,84,294
10/17/2007,MDT,PA,AEA,EN,Combined TRACON& Tower with Radar,27,106,33,8,174,0,0,24,0,24,27,106,57,8,198,0,12,12,210
10/18/2007,MDT,PA,AEA,EN,Combined TRACON& Tower with Radar,33,110,43,20,206,0,0,13,4,17,33,110,56,24,223,12,44,56,279
10/19/2007,MDT,PA,AEA,EN,Combined TRACON& Tower with Radar,29,101,11,4,145,0,0,4,0,4,29,101,15,4,149,0,10,10,159
10/20/2007,MDT,PA,AEA,EN,Combined TRACON& Tower with Radar,33,82,18,2,135,0,0,19,0,19,33,82,37,2,154,0,24,24,178
10/21/2007,MDT,PA,AEA,EN,Combined TRACON& Tower with Radar,27,83,34,2,146,0,4,32,0,36,27,87,66,2,182,0,0,0,182
10/22/2007,MDT,PA,AEA,EN,Combined TRACON& Tower with Radar,18,95,19,6,138,0,0,25,0,25,18,95,44,6,163,8,34,42,205
10/23/2007,MDT,PA,AEA,EN,Combined TRACON& Tower with Radar,31,109,27,7,174,0,0,9,2,11,31,109,36,9,185,4,66,70,255
10/24/2007,MDT,PA,AEA,EN,Combined TRACON& Tower with Radar,28,100,40,8,176,0,0,7,0,7,28,100,47,8,183,4,2,6,189
10/25/2007,MDT,PA,AEA,EN,Combined TRACON& Tower with Radar,25,106,28,15,174,0,0,6,11,17,25,106,34,26,191,4,44,48,239
10/26/2007,MDT,PA,AEA,EN,Combined TRACON& Tower with Radar,32,108,22,4,166,0,0,8,1,9,32,108,30,5,175,0,0,0,175
10/27/2007,MDT,PA,AEA,EN,Combined TRACON& Tower with Radar,19,74,24,9,126,0,1,19,3,23,19,75,43,12,149,8,10,18,167
10/28/2007,MDT,PA,AEA,EN,Combined TRACON& Tower with Radar,16,78,26,2,122,0,0,40,3,43,16,78,66,5,165,10,14,24,189
10/29/2007,MDT,PA,AEA,EN,Combined TRACON& Tower with Radar,26,95,20,4,145,0,0,46,0,46,26,95,66,4,191,7,87,94,285
10/30/2007,MDT,PA,AEA,EN,Combined TRACON& Tower with Radar,30,94,30,14,168,0,1,26,0,27,30,95,56,14,195,12,56,68,263
10/31/2007,MDT,PA,AEA,EN,Combined TRACON& Tower with Radar,35,94,26,8,163,0,0,17,0,17,35,94,43,8,180,0,8,8,188
11/01/2007,MDT,PA,AEA,EN,Combined TRACON& Tower with Radar,34,104,41,8,187,0,1,16,0,17,34,105,57,8,204,2,9,11,215
11/02/2007,MDT,PA,AEA,EN,Combined TRACON& Tower with Radar,35,91,34,12,172,0,0,37,1,38,35,91,71,13,210,4,56,60,270
11/03/2007,MDT,PA,AEA,EN,Combined TRACON& Tower with Radar,20,67,16,9,112,0,3,18,3,24,20,70,34,12,136,24,6,30,166
11/04/2007,MDT,PA,AEA,EN,Combined TRACON& Tower with Radar,11,64,28,4,107,0,2,32,0,34,11,66,60,4,141,22,4,26,167
11/05/2007,MDT,PA,AEA,EN,Combined TRACON& Tower with Radar,20,90,23,2,135,0,1,37,0,38,20,91,60,2,173,10,10,20,193
11/06/2007,MDT,PA,AEA,EN,Combined TRACON& Tower with Radar,34,108,46,10,198,0,0,8,5,13,34,108,54,15,211,2,4,6,217
11/07/2007,MDT,PA,AEA,EN,Combined TRACON& Tower with Radar,34,102,41,9,186,0,0,3,2,5,34,102,44,11,191,16,6,22,213
11/08/2007,MDT,PA,AEA,EN,Combined TRACON& Tower with Radar,28,103,35,13,179,0,1,31,0,32,28,104,66,13,211,18,76,94,305
11/09/2007,MDT,PA,AEA,EN,Combined TRACON& Tower with Radar,32,107,24,2,165,0,0,19,0,19,32,107,43,2,184,4,0,4,188
11/10/2007,MDT,PA,AEA,EN,Combined TRACON& Tower with Radar,28,72,14,0,114,0,0,13,0,13,28,72,27,0,127,16,0,16,143
11/11/2007,MDT,PA,AEA,EN,Combined TRACON& Tower with Radar,23,72,14,0,109,0,2,52,0,54,23,74,66,0,163,8,0,8,171
11/12/2007,MDT,PA,AEA,EN,Combined TRACON& Tower with Radar,24,95,20,0,139,0,1,2,0,3,24,96,22,0,142,0,0,0,142
11/13/2007,MDT,PA,AEA,EN,Combined TRACON& Tower with Radar,33,97,43,2,175,0,0,7,0,7,33,97,50,2,182,8,64,72,254
11/14/2007,MDT,PA,AEA,EN,Combined TRACON& Tower with Radar,29,99,33,10,171,0,0,9,0,9,29,99,42,10,180,6,64,70,250
11/15/2007,MDT,PA,AEA,EN,Combined TRACON& Tower with Radar,35,108,43,3,189,0,2,4,0,6,35,110,47,3,195,10,4,14,209
11/16/2007,MDT,PA,AEA,EN,Combined TRACON& Tower with Radar,32,100,23,2,157,0,1,12,0,13,32,101,35,2,170,2,42,44,214
11/17/2007,MDT,PA,AEA,EN,Combined TRACON& Tower with Radar,25,69,7,0,101,0,0,20,0,20,25,69,27,0,121,16,0,16,137
11/18/2007,MDT,PA,AEA,EN,Combined TRACON& Tower with Radar,25,77,8,0,110,0,2,0,0,2,25,79,8,0,112,0,0,0,112
11/19/2007,MDT,PA,AEA,EN,Combined TRACON& Tower with Radar,23,93,20,12,148,0,1,0,0,1,23,94,20,12,149,4,24,28,177
11/20/2007,MDT,PA,AEA,EN,Combined TRACON& Tower with Radar,37,99,38,8,182,0,0,1,0,1,37,99,39,8,183,0,10,10,193
11/21/2007,MDT,PA,AEA,EN,Combined TRACON& Tower with Radar,40,87,22,4,153,0,0,0,0,0,40,87,22,4,153,2,0,2,155
11/22/2007,MDT,PA,AEA,EN,Combined TRACON& Tower with Radar,23,65,6,0,94,0,3,3,0,6,23,68,9,0,100,0,0,0,100
11/23/2007,MDT,PA,AEA,EN,Combined TRACON& Tower with Radar,19,62,6,0,87,0,1,16,0,17,19,63,22,0,104,4,0,4,108
11/24/2007,MDT,PA,AEA,EN,Combined TRACON& Tower with Radar,32,58,10,0,100,0,0,19,0,19,32,58,29,0,119,12,0,12,131
11/25/2007,MDT,PA,AEA,EN,Combined TRACON& Tower with Radar,21,86,12,0,119,0,3,31,0,34,21,89,43,0,153,20,0,20,173
11/26/2007,MDT,PA,AEA,EN,Combined TRACON& Tower with Radar,27,91,30,0,148,0,2,2,0,4,27,93,32,0,152,0,0,0,152
11/27/2007,MDT,PA,AEA,EN,Combined TRACON& Tower with Radar,39,87,24,20,170,0,3,14,0,17,39,90,38,20,187,2,59,61,248
11/28/2007,MDT,PA,AEA,EN,Combined TRACON& Tower with Radar,32,95,32,15,174,0,1,24,0,25,32,96,56,15,199,22,48,70,269
11/29/2007,MDT,PA,AEA,EN,Combined TRACON& Tower with Radar,39,111,34,12,196,0,3,28,0,31,39,114,62,12,227,6,106,112,339
11/30/2007,MDT,PA,AEA,EN,Combined TRACON& Tower with Radar,40,91,20,9,160,0,1,32,0,33,40,92,52,9,193,0,26,26,219
12/01/2007,MDT,PA,AEA,EN,Combined TRACON& Tower with Radar,20,63,6,3,92,0,0,16,2,18,20,63,22,5,110,0,0,0,110
12/02/2007,MDT,PA,AEA,EN,Combined TRACON& Tower with Radar,21,67,8,0,96,0,0,2,0,2,21,67,10,0,98,0,0,0,98
12/03/2007,MDT,PA,AEA,EN,Combined TRACON& Tower with Radar,33,87,24,1,145,0,0,2,0,2,33,87,26,1,147,0,38,38,185
12/04/2007,MDT,PA,AEA,EN,Combined TRACON& Tower with Radar,34,84,23,8,149,0,0,8,0,8,34,84,31,8,157,10,32,42,199
12/05/2007,MDT,PA,AEA,EN,Combined TRACON& Tower with Radar,28,85,23,0,136,0,1,3,0,4,28,86,26,0,140,0,0,0,140
12/06/2007,MDT,PA,AEA,EN,Combined TRACON& Tower with Radar,36,94,40,4,174,0,0,14,0,14,36,94,54,4,188,6,10,16,204
12/07/2007,MDT,PA,AEA,EN,Combined TRACON& Tower with Radar,33,94,20,1,148,0,0,15,0,15,33,94,35,1,163,0,76,76,239
12/08/2007,MDT,PA,AEA,EN,Combined TRACON& Tower with Radar,31,60,16,2,109,0,1,6,0,7,31,61,22,2,116,20,0,20,136
12/09/2007,MDT,PA,AEA,EN,Combined TRACON& Tower with Radar,17,69,3,4,93,0,0,0,0,0,17,69,3,4,93,0,0,0,93
12/10/2007,MDT,PA,AEA,EN,Combined TRACON& Tower with Radar,21,71,38,5,135,0,0,0,0,0,21,71,38,5,135,0,14,14,149
12/11/2007,MDT,PA,AEA,EN,Combined TRACON& Tower with Radar,32,94,25,3,154,0,0,0,0,0,32,94,25,3,154,2,26,28,182
12/12/2007,MDT,PA,AEA,EN,Combined TRACON& Tower with Radar,42,95,34,5,176,0,6,30,0,36,42,101,64,5,212,26,24,50,262
12/13/2007,MDT,PA,AEA,EN,Combined TRACON& Tower with Radar,31,56,10,0,97,0,0,4,0,4,31,56,14,0,101,0,0,0,101
12/14/2007,MDT,PA,AEA,EN,Combined TRACON& Tower with Radar,47,94,35,9,185,0,0,13,0,13,47,94,48,9,198,6,20,26,224
12/15/2007,MDT,PA,AEA,EN,Combined TRACON& Tower with Radar,31,68,15,1,115,0,5,8,0,13,31,73,23,1,128,0,10,10,138
12/16/2007,MDT,PA,AEA,EN,Combined TRACON& Tower with Radar,19,53,3,1,76,0,0,4,0,4,19,53,7,1,80,0,0,0,80
12/17/2007,MDT,PA,AEA,EN,Combined TRACON& Tower with Radar,21,88,18,1,128,0,0,6,0,6,21,88,24,1,134,12,0,12,146
12/18/2007,MDT,PA,AEA,EN,Combined TRACON& Tower with Radar,36,95,36,5,172,0,2,40,0,42,36,97,76,5,214,6,50,56,270
12/19/2007,MDT,PA,AEA,EN,Combined TRACON& Tower with Radar,36,98,26,21,181,0,2,25,0,27,36,100,51,21,208,10,52,62,270
12/20/2007,MDT,PA,AEA,EN,Combined TRACON& Tower with Radar,34,102,29,9,174,0,1,27,0,28,34,103,56,9,202,10,66,76,278
12/21/2007,MDT,PA,AEA,EN,Combined TRACON& Tower with Radar,41,96,28,1,166,0,3,9,0,12,41,99,37,1,178,12,20,32,210
12/22/2007,MDT,PA,AEA,EN,Combined TRACON& Tower with Radar,29,78,12,3,122,0,6,2,0,8,29,84,14,3,130,2,0,2,132
12/23/2007,MDT,PA,AEA,EN,Combined TRACON& Tower with Radar,16,66,5,0,87,0,1,0,0,1,16,67,5,0,88,0,0,0,88
12/24/2007,MDT,PA,AEA,EN,Combined TRACON& Tower with Radar,18,54,5,0,77,0,2,8,0,10,18,56,13,0,87,0,0,0,87
12/25/2007,MDT,PA,AEA,EN,Combined TRACON& Tower with Radar,24,33,2,0,59,0,1,5,0,6,24,34,7,0,65,0,0,0,65
12/26/2007,MDT,PA,AEA,EN,Combined TRACON& Tower with Radar,33,66,9,1,109,0,0,16,0,16,33,66,25,1,125,2,0,2,127
12/27/2007,MDT,PA,AEA,EN,Combined TRACON& Tower with Radar,45,64,12,5,126,0,1,20,0,21,45,65,32,5,147,0,64,64,211
12/28/2007,MDT,PA,AEA,EN,Combined TRACON& Tower with Radar,32,74,11,6,123,0,1,12,0,13,32,75,23,6,136,14,78,92,228
12/29/2007,MDT,PA,AEA,EN,Combined TRACON& Tower with Radar,29,80,12,6,127,0,7,13,0,20,29,87,25,6,147,14,78,92,239
12/30/2007,MDT,PA,AEA,EN,Combined TRACON& Tower with Radar,19,71,4,0,94,0,0,2,0,2,19,71,6,0,96,4,0,4,100
12/31/2007,MDT,PA,AEA,EN,Combined TRACON& Tower with Radar,12,56,4,0,72,0,0,11,0,11,12,56,15,0,83,0,0,0,83
01/01/2008,MDT,PA,AEA,EN,Combined TRACON& Tower with Radar,24,45,2,0,71,0,7,15,0,22,24,52,17,0,93,4,0,4,97
01/02/2008,MDT,PA,AEA,EN,Combined TRACON& Tower with Radar,26,80,15,7,128,0,0,19,0,19,26,80,34,7,147,12,22,34,181
01/03/2008,MDT,PA,AEA,EN,Combined TRACON& Tower with Radar,36,97,7,2,142,0,1,21,0,22,36,98,28,2,164,2,40,42,206
01/04/2008,MDT,PA,AEA,EN,Combined TRACON& Tower with Radar,49,69,21,8,147,0,0,15,0,15,49,69,36,8,162,0,20,20,182
01/05/2008,MDT,PA,AEA,EN,Combined TRACON& Tower with Radar,20,58,18,5,101,0,1,8,0,9,20,59,26,5,110,0,14,14,124
01/06/2008,MDT,PA,AEA,EN,Combined TRACON& Tower with Radar,24,62,15,1,102,0,2,7,0,9,24,64,22,1,111,18,4,22,133
01/07/2008,MDT,PA,AEA,EN,Combined TRACON& Tower with Radar,21,89,12,2,124,0,0,19,0,19,21,89,31,2,143,0,48,48,191
01/08/2008,MDT,PA,AEA,EN,Combined TRACON& Tower with Radar,36,90,29,11,166,0,0,16,0,16,36,90,45,11,182,6,52,58,240
01/09/2008,MDT,PA,AEA,EN,Combined TRACON& Tower with Radar,37,88,12,2,139,0,1,6,0,7,37,89,18,2,146,6,0,6,152
01/10/2008,MDT,PA,AEA,EN,Combined TRACON& Tower with Radar,37,95,28,8,168,0,0,12,0,12,37,95,40,8,180,10,28,38,218
01/11/2008,MDT,PA,AEA,EN,Combined TRACON& Tower with Radar,36,85,28,5,154,0,0,15,0,15,36,85,43,5,169,0,0,0,169
01/12/2008,MDT,PA,AEA,EN,Combined TRACON& Tower with Radar,23,68,9,2,102,0,0,9,0,9,23,68,18,2,111,0,0,0,111
01/13/2008,MDT,PA,AEA,EN,Combined TRACON& Tower with Radar,19,65,15,2,101,0,0,12,0,12,19,65,27,2,113,4,0,4,117
01/14/2008,MDT,PA,AEA,EN,Combined TRACON& Tower with Radar,34,69,23,1,127,0,1,0,0,1,34,70,23,1,128,0,0,0,128
01/15/2008,MDT,PA,AEA,EN,Combined TRACON& Tower with Radar,36,81,22,11,150,0,0,14,2,16,36,81,36,13,166,0,0,0,166
01/16/2008,MDT,PA,AEA,EN,Combined TRACON& Tower with Radar,36,81,42,11,170,0,2,16,3,21,36,83,58,14,191,10,28,38,229
01/17/2008,MDT,PA,AEA,EN,Combined TRACON& Tower with Radar,31,88,34,4,157,0,2,3,0,5,31,90,37,4,162,0,48,48,210
01/18/2008,MDT,PA,AEA,EN,Combined TRACON& Tower with Radar,31,83,21,6,141,0,0,20,0,20,31,83,41,6,161,2,0,2,163
01/19/2008,MDT,PA,AEA,EN,Combined TRACON& Tower with Radar,30,63,7,0,100,0,1,5,0,6,30,64,12,0,106,0,0,0,106
01/20/2008,MDT,PA,AEA,EN,Combined TRACON& Tower with Radar,21,65,4,1,91,0,1,14,0,15,21,66,18,1,106,16,0,16,122
01/21/2008,MDT,PA,AEA,EN,Combined TRACON& Tower with Radar,24,83,20,0,127,0,3,9,0,12,24,86,29,0,139,14,0,14,153
01/22/2008,MDT,PA,AEA,EN,Combined TRACON& Tower with Radar,31,79,12,6,128,0,1,3,0,4,31,80,15,6,132,2,0,2,134
01/23/2008,MDT,PA,AEA,EN,Combined TRACON& Tower with Radar,35,88,18,20,161,0,3,10,0,13,35,91,28,20,174,6,72,78,252
01/24/2008,MDT,PA,AEA,EN,Combined TRACON& Tower with Radar,31,88,16,18,153,0,2,21,0,23,31,90,37,18,176,6,74,80,256
01/25/2008,MDT,PA,AEA,EN,Combined TRACON& Tower with Radar,41,90,14,9,154,0,2,13,0,15,41,92,27,9,169,10,4,14,183
01/26/2008,MDT,PA,AEA,EN,Combined TRACON& Tower with Radar,26,51,10,1,88,0,2,16,0,18,26,53,26,1,106,41,16,57,163
01/27/2008,MDT,PA,AEA,EN,Combined TRACON& Tower with Radar,24,62,20,0,106,0,0,28,0,28,24,62,48,0,134,22,0,22,156
01/28/2008,MDT,PA,AEA,EN,Combined TRACON& Tower with Radar,23,85,14,5,127,0,0,25,0,25,23,85,39,5,152,10,2,12,164
01/29/2008,MDT,PA,AEA,EN,Combined TRACON& Tower with Radar,31,82,31,7,151,0,0,0,0,0,31,82,31,7,151,8,4,12,163
01/30/2008,MDT,PA,AEA,EN,Combined TRACON& Tower with Radar,35,84,18,4,141,0,1,3,0,4,35,85,21,4,145,0,10,10,155
01/31/2008,MDT,PA,AEA,EN,Combined TRACON& Tower with Radar,34,78,24,5,141,0,0,14,0,14,34,78,38,5,155,2,24,26,181
02/01/2008,MDT,PA,AEA,EN,Combined TRACON& Tower with Radar,42,74,19,1,136,0,0,3,0,3,42,74,22,1,139,0,0,0,139
02/02/2008,MDT,PA,AEA,EN,Combined TRACON& Tower with Radar,25,61,13,2,101,0,0,30,1,31,25,61,43,3,132,12,0,12,144
02/03/2008,MDT,PA,AEA,EN,Combined TRACON& Tower with Radar,19,75,9,0,103,0,2,18,0,20,19,77,27,0,123,36,0,36,159
02/04/2008,MDT,PA,AEA,EN,Combined TRACON& Tower with Radar,21,75,24,8,128,0,1,14,4,19,21,76,38,12,147,10,34,44,191
02/05/2008,MDT,PA,AEA,EN,Combined TRACON& Tower with Radar,32,73,16,4,125,0,0,0,0,0,32,73,16,4,125,0,0,0,125
02/06/2008,MDT,PA,AEA,EN,Combined TRACON& Tower with Radar,34,80,15,5,134,0,1,8,0,9,34,81,23,5,143,2,60,62,205
02/07/2008,MDT,PA,AEA,EN,Combined TRACON& Tower with Radar,35,86,31,9,161,0,0,2,0,2,35,86,33,9,163,6,78,84,247
02/08/2008,MDT,PA,AEA,EN,Combined TRACON& Tower with Radar,38,85,25,16,164,0,1,23,0,24,38,86,48,16,188,10,54,64,252
02/09/2008,MDT,PA,AEA,EN,Combined TRACON& Tower with Radar,31,56,11,3,101,0,0,0,0,0,31,56,11,3,101,0,0,0,101
02/10/2008,MDT,PA,AEA,EN,Combined TRACON& Tower with Radar,13,63,6,3,85,0,4,9,0,13,13,67,15,3,98,0,0,0,98
02/11/2008,MDT,PA,AEA,EN,Combined TRACON& Tower with Radar,24,61,40,2,127,0,0,19,0,19,24,61,59,2,146,20,0,20,166
02/12/2008,MDT,PA,AEA,EN,Combined TRACON& Tower with Radar,28,63,23,1,115,0,2,7,0,9,28,65,30,1,124,6,0,6,130
02/13/2008,MDT,PA,AEA,EN,Combined TRACON& Tower with Radar,38,80,19,4,141,0,0,1,0,1,38,80,20,4,142,0,16,16,158
02/14/2008,MDT,PA,AEA,EN,Combined TRACON& Tower with Radar,31,86,27,13,157,0,0,6,0,6,31,86,33,13,163,30,36,66,229
02/15/2008,MDT,PA,AEA,EN,Combined TRACON& Tower with Radar,37,87,16,5,145,0,2,24,4,30,37,89,40,9,175,6,8,14,189
02/16/2008,MDT,PA,AEA,EN,Combined TRACON& Tower with Radar,33,64,13,0,110,0,2,12,0,14,33,66,25,0,124,14,0,14,138
02/17/2008,MDT,PA,AEA,EN,Combined TRACON& Tower with Radar,19,77,10,1,107,0,2,2,0,4,19,79,12,1,111,0,0,0,111
02/18/2008,MDT,PA,AEA,EN,Combined TRACON& Tower with Radar,24,87,13,1,125,0,0,6,0,6,24,87,19,1,131,0,0,0,131
02/19/2008,MDT,PA,AEA,EN,Combined TRACON& Tower with Radar,29,85,19,11,144,0,0,6,0,6,29,85,25,11,150,7,16,23,173
02/20/2008,MDT,PA,AEA,EN,Combined TRACON& Tower with Radar,38,90,25,6,159,0,0,2,0,2,38,90,27,6,161,8,25,33,194
02/21/2008,MDT,PA,AEA,EN,Combined TRACON& Tower with Radar,38,98,18,15,169,0,6,35,0,41,38,104,53,15,210,4,34,38,248
02/22/2008,MDT,PA,AEA,EN,Combined TRACON& Tower with Radar,39,77,5,2,123,0,0,0,0,0,39,77,5,2,123,0,0,0,123
02/23/2008,MDT,PA,AEA,EN,Combined TRACON& Tower with Radar,38,50,10,5,103,0,0,0,0,0,38,50,10,5,103,0,0,0,103
02/24/2008,MDT,PA,AEA,EN,Combined TRACON& Tower with Radar,16,73,9,1,99,0,0,13,0,13,16,73,22,1,112,12,26,38,150
02/25/2008,MDT,PA,AEA,EN,Combined TRACON& Tower with Radar,22,95,31,2,150,0,1,19,0,20,22,96,50,2,170,26,64,90,260
02/26/2008,MDT,PA,AEA,EN,Combined TRACON& Tower with Radar,30,96,34,4,164,0,0,0,0,0,30,96,34,4,164,2,0,2,166
02/27/2008,MDT,PA,AEA,EN,Combined TRACON& Tower with Radar,30,94,32,11,167,0,1,0,0,1,30,95,32,11,168,12,14,26,194
02/28/2008,MDT,PA,AEA,EN,Combined TRACON& Tower with Radar,36,93,27,2,158,0,2,10,5,17,36,95,37,7,175,6,0,6,181
02/29/2008,MDT,PA,AEA,EN,Combined TRACON& Tower with Radar,42,82,31,6,161,0,2,14,3,19,42,84,45,9,180,4,0,4,184
03/01/2008,MDT,PA,AEA,EN,Combined TRACON& Tower with Radar,26,72,5,4,107,0,8,4,1,13,26,80,9,5,120,0,0,0,120
03/02/2008,MDT,PA,AEA,EN,Combined TRACON& Tower with Radar,18,70,10,2,100,0,2,17,0,19,18,72,27,2,119,10,14,24,143
03/03/2008,MDT,PA,AEA,EN,Combined TRACON& Tower with Radar,21,81,23,2,127,0,4,25,3,32,21,85,48,5,159,16,0,16,175
03/04/2008,MDT,PA,AEA,EN,Combined TRACON& Tower with Radar,33,67,18,8,126,0,2,4,0,6,33,69,22,8,132,0,22,22,154
03/05/2008,MDT,PA,AEA,EN,Combined TRACON& Tower with Radar,35,90,34,6,165,0,3,12,0,15,35,93,46,6,180,0,18,18,198
03/06/2008,MDT,PA,AEA,EN,Combined TRACON& Tower with Radar,39,90,35,6,170,0,3,16,0,19,39,93,51,6,189,10,42,52,241
03/07/2008,MDT,PA,AEA,EN,Combined TRACON& Tower with Radar,36,73,19,13,141,0,0,0,0,0,36,73,19,13,141,18,76,94,235
03/08/2008,MDT,PA,AEA,EN,Combined TRACON& Tower with Radar,30,60,6,1,97,0,0,0,0,0,30,60,6,1,97,0,0,0,97
03/09/2008,MDT,PA,AEA,EN,Combined TRACON& Tower with Radar,19,68,10,4,101,0,0,15,0,15,19,68,25,4,116,0,0,0,116
03/10/2008,MDT,PA,AEA,EN,Combined TRACON& Tower with Radar,33,74,10,4,121,0,0,32,0,32,33,74,42,4,153,2,18,20,173
03/11/2008,MDT,PA,AEA,EN,Combined TRACON& Tower with Radar,44,93,30,8,175,0,1,18,0,19,44,94,48,8,194,20,64,84,278
03/12/2008,MDT,PA,AEA,EN,Combined TRACON& Tower with Radar,35,101,38,11,185,0,1,6,0,7,35,102,44,11,192,2,18,20,212
03/13/2008,MDT,PA,AEA,EN,Combined TRACON& Tower with Radar,39,83,24,9,155,0,2,41,0,43,39,85,65,9,198,8,46,54,252
03/14/2008,MDT,PA,AEA,EN,Combined TRACON& Tower with Radar,31,91,24,6,152,0,1,10,0,11,31,92,34,6,163,4,2,6,169
03/15/2008,MDT,PA,AEA,EN,Combined TRACON& Tower with Radar,19,74,8,0,101,0,5,10,0,15,19,79,18,0,116,26,0,26,142
03/16/2008,MDT,PA,AEA,EN,Combined TRACON& Tower with Radar,32,59,11,1,103,0,1,5,1,7,32,60,16,2,110,12,2,14,124
03/17/2008,MDT,PA,AEA,EN,Combined TRACON& Tower with Radar,25,92,21,9,147,0,1,13,1,15,25,93,34,10,162,18,18,36,198
03/18/2008,MDT,PA,AEA,EN,Combined TRACON& Tower with Radar,34,87,32,11,164,0,0,0,0,0,34,87,32,11,164,0,20,20,184
03/19/2008,MDT,PA,AEA,EN,Combined TRACON& Tower with Radar,35,84,27,2,148,0,1,0,0,1,35,85,27,2,149,0,0,0,149
03/20/2008,MDT,PA,AEA,EN,Combined TRACON& Tower with Radar,40,97,17,11,165,0,0,3,0,3,40,97,20,11,168,0,51,51,219
03/21/2008,MDT,PA,AEA,EN,Combined TRACON& Tower with Radar,26,84,33,11,154,0,0,9,0,9,26,84,42,11,163,25,20,45,208
03/22/2008,MDT,PA,AEA,EN,Combined TRACON& Tower with Radar,24,59,3,0,86,0,0,0,0,0,24,59,3,0,86,6,0,6,92
03/23/2008,MDT,PA,AEA,EN,Combined TRACON& Tower with Radar,29,58,18,0,105,0,0,18,1,19,29,58,36,1,124,4,0,4,128
03/24/2008,MDT,PA,AEA,EN,Combined TRACON& Tower with Radar,27,72,34,20,153,0,2,14,3,19,27,74,48,23,172,4,54,58,230
03/25/2008,MDT,PA,AEA,EN,Combined TRACON& Tower with Radar,29,96,14,16,155,0,1,13,7,21,29,97,27,23,176,50,52,102,278
03/26/2008,MDT,PA,AEA,EN,Combined TRACON& Tower with Radar,35,84,18,13,150,0,1,4,0,5,35,85,22,13,155,2,88,90,245
03/27/2008,MDT,PA,AEA,EN,Combined TRACON& Tower with Radar,29,90,27,9,155,0,1,5,0,6,29,91,32,9,161,8,36,44,205
03/28/2008,MDT,PA,AEA,EN,Combined TRACON& Tower with Radar,37,93,21,6,157,0,0,2,1,3,37,93,23,7,160,6,2,8,168
03/29/2008,MDT,PA,AEA,EN,Combined TRACON& Tower with Radar,31,66,10,1,108,0,3,10,0,13,31,69,20,1,121,4,0,4,125
03/30/2008,MDT,PA,AEA,EN,Combined TRACON& Tower with Radar,26,57,20,0,103,0,9,26,0,35,26,66,46,0,138,18,16,34,172
03/31/2008,MDT,PA,AEA,EN,Combined TRACON& Tower with Radar,17,91,21,6,135,0,0,0,0,0,17,91,21,6,135,2,4,6,141
04/01/2008,MDT,PA,AEA,EN,Combined TRACON& Tower with Radar,28,84,29,9,150,0,0,7,0,7,28,84,36,9,157,0,62,62,219
04/02/2008,MDT,PA,AEA,EN,Combined TRACON& Tower with Radar,29,90,30,4,153,0,1,18,0,19,29,91,48,4,172,8,68,76,248
04/03/2008,MDT,PA,AEA,EN,Combined TRACON& Tower with Radar,34,97,31,18,180,0,0,7,0,7,34,97,38,18,187,6,48,54,241
04/04/2008,MDT,PA,AEA,EN,Combined TRACON& Tower with Radar,31,85,17,4,137,0,0,0,0,0,31,85,17,4,137,2,4,6,143
04/05/2008,MDT,PA,AEA,EN,Combined TRACON& Tower with Radar,30,62,21,0,113,0,0,2,0,2,30,62,23,0,115,20,0,20,135
04/06/2008,MDT,PA,AEA,EN,Combined TRACON& Tower with Radar,26,71,13,1,111,0,5,4,0,9,26,76,17,1,120,4,0,4,124
04/07/2008,MDT,PA,AEA,EN,Combined TRACON& Tower with Radar,24,84,32,13,153,0,0,0,2,2,24,84,32,15,155,8,0,8,163
04/08/2008,MDT,PA,AEA,EN,Combined TRACON& Tower with Radar,30,86,46,13,175,0,0,0,0,0,30,86,46,13,175,18,42,60,235
04/09/2008,MDT,PA,AEA,EN,Combined TRACON& Tower with Radar,30,93,34,19,176,0,0,13,5,18,30,93,47,24,194,3,10,13,207
04/10/2008,MDT,PA,AEA,EN,Combined TRACON& Tower with Radar,38,78,42,11,169,0,0,14,2,16,38,78,56,13,185,20,6,26,211
04/11/2008,MDT,PA,AEA,EN,Combined TRACON& Tower with Radar,35,81,25,19,160,0,0,0,0,0,35,81,25,19,160,12,44,56,216
04/12/2008,MDT,PA,AEA,EN,Combined TRACON& Tower with Radar,29,64,23,3,119,0,2,13,0,15,29,66,36,3,134,0,26,26,160
04/13/2008,MDT,PA,AEA,EN,Combined TRACON& Tower with Radar,29,63,22,3,117,0,0,3,0,3,29,63,25,3,120,10,2,12,132
04/14/2008,MDT,PA,AEA,EN,Combined TRACON& Tower with Radar,36,86,18,9,149,0,1,15,1,17,36,87,33,10,166,0,8,8,174
04/15/2008,MDT,PA,AEA,EN,Combined TRACON& Tower with Radar,32,83,21,14,150,0,0,25,0,25,32,83,46,14,175,0,38,38,213
04/16/2008,MDT,PA,AEA,EN,Combined TRACON& Tower with Radar,44,74,21,16,155,0,1,14,18,33,44,75,35,34,188,9,17,26,214
04/17/2008,MDT,PA,AEA,EN,Combined TRACON& Tower with Radar,33,81,20,9,143,0,0,16,0,16,33,81,36,9,159,24,61,85,244
04/18/2008,MDT,PA,AEA,EN,Combined TRACON& Tower with Radar,38,110,29,0,177,0,6,25,0,31,38,116,54,0,208,8,60,68,276
04/19/2008,MDT,PA,AEA,EN,Combined TRACON& Tower with Radar,32,56,11,2,101,0,6,21,1,28,32,62,32,3,129,0,0,0,129
04/20/2008,MDT,PA,AEA,EN,Combined TRACON& Tower with Radar,21,70,10,0,101,0,0,0,0,0,21,70,10,0,101,0,0,0,101
04/21/2008,MDT,PA,AEA,EN,Combined TRACON& Tower with Radar,34,88,24,0,146,0,1,0,0,1,34,89,24,0,147,4,0,4,151
04/22/2008,MDT,PA,AEA,EN,Combined TRACON& Tower with Radar,38,82,37,8,165,0,0,4,0,4,38,82,41,8,169,2,12,14,183
04/23/2008,MDT,PA,AEA,EN,Combined TRACON& Tower with Radar,41,85,32,4,162,0,1,22,0,23,41,86,54,4,185,12,60,72,257
04/24/2008,MDT,PA,AEA,EN,Combined TRACON& Tower with Radar,39,96,22,0,157,0,1,10,0,11,39,97,32,0,168,12,54,66,234
04/25/2008,MDT,PA,AEA,EN,Combined TRACON& Tower with Radar,31,84,32,4,151,0,0,10,0,10,31,84,42,4,161,4,8,12,173
04/26/2008,MDT,PA,AEA,EN,Combined TRACON& Tower with Radar,36,49,9,1,95,0,0,18,0,18,36,49,27,1,113,38,0,38,151
04/27/2008,MDT,PA,AEA,EN,Combined TRACON& Tower with Radar,23,65,9,6,103,0,0,0,0,0,23,65,9,6,103,2,17,19,122
04/28/2008,MDT,PA,AEA,EN,Combined TRACON& Tower with Radar,25,87,14,2,128,0,0,0,0,0,25,87,14,2,128,0,0,0,128
04/29/2008,MDT,PA,AEA,EN,Combined TRACON& Tower with Radar,38,86,24,4,152,0,1,0,0,1,38,87,24,4,153,8,108,116,269
04/30/2008,MDT,PA,AEA,EN,Combined TRACON& Tower with Radar,36,94,22,4,156,0,4,15,0,19,36,98,37,4,175,10,26,36,211
05/01/2008,MDT,PA,AEA,EN,Combined TRACON& Tower with Radar,34,79,43,3,159,0,2,21,0,23,34,81,64,3,182,2,0,2,184
05/02/2008,MDT,PA,AEA,EN,Combined TRACON& Tower with Radar,33,89,31,4,157,0,4,3,0,7,33,93,34,4,164,14,16,30,194
05/03/2008,MDT,PA,AEA,EN,Combined TRACON& Tower with Radar,29,60,12,0,101,0,0,1,0,1,29,60,13,0,102,0,0,0,102
05/04/2008,MDT,PA,AEA,EN,Combined TRACON& Tower with Radar,18,74,20,2,114,0,0,18,0,18,18,74,38,2,132,4,2,6,138
05/05/2008,MDT,PA,AEA,EN,Combined TRACON& Tower with Radar,21,90,20,5,136,0,0,20,0,20,21,90,40,5,156,2,2,4,160
05/06/2008,MDT,PA,AEA,EN,Combined TRACON& Tower with Radar,40,86,34,11,171,0,0,25,0,25,40,86,59,11,196,8,14,22,218
05/07/2008,MDT,PA,AEA,EN,Combined TRACON& Tower with Radar,33,92,30,9,164,0,0,15,0,15,33,92,45,9,179,29,20,49,228
05/08/2008,MDT,PA,AEA,EN,Combined TRACON& Tower with Radar,35,83,39,12,169,0,0,4,0,4,35,83,43,12,173,4,14,18,191
05/09/2008,MDT,PA,AEA,EN,Combined TRACON& Tower with Radar,36,86,17,9,148,0,0,1,0,1,36,86,18,9,149,0,2,2,151
05/10/2008,MDT,PA,AEA,EN,Combined TRACON& Tower with Radar,29,55,4,1,89,0,0,7,0,7,29,55,11,1,96,2,0,2,98
05/11/2008,MDT,PA,AEA,EN,Combined TRACON& Tower with Radar,25,57,3,1,86,0,0,1,0,1,25,57,4,1,87,0,0,0,87
05/12/2008,MDT,PA,AEA,EN,Combined TRACON& Tower with Radar,24,74,16,3,117,0,0,1,0,1,24,74,17,3,118,0,0,0,118
05/13/2008,MDT,PA,AEA,EN,Combined TRACON& Tower with Radar,33,94,34,9,170,0,2,8,0,10,33,96,42,9,180,4,42,46,226
05/14/2008,MDT,PA,AEA,EN,Combined TRACON& Tower with Radar,41,83,24,7,155,0,1,15,0,16,41,84,39,7,171,16,40,56,227
05/15/2008,MDT,PA,AEA,EN,Combined TRACON& Tower with Radar,32,90,28,16,166,0,3,7,0,10,32,93,35,16,176,8,11,19,195
05/16/2008,MDT,PA,AEA,EN,Combined TRACON& Tower with Radar,35,82,24,14,155,0,0,1,0,1,35,82,25,14,156,0,0,0,156
05/17/2008,MDT,PA,AEA,EN,Combined TRACON& Tower with Radar,24,67,11,10,112,0,0,9,0,9,24,67,20,10,121,0,42,42,163
05/18/2008,MDT,PA,AEA,EN,Combined TRACON& Tower with Radar,26,67,17,3,113,2,1,4,0,7,28,68,21,3,120,1,0,1,121
05/19/2008,MDT,PA,AEA,EN,Combined TRACON& Tower with Radar,20,92,27,3,142,0,0,8,0,8,20,92,35,3,150,0,8,8,158
05/20/2008,MDT,PA,AEA,EN,Combined TRACON& Tower with Radar,31,81,28,9,149,0,4,4,0,8,31,85,32,9,157,0,20,20,177
05/21/2008,MDT,PA,AEA,EN,Combined TRACON& Tower with Radar,31,85,28,19,163,0,0,18,0,18,31,85,46,19,181,13,48,61,242
05/22/2008,MDT,PA,AEA,EN,Combined TRACON& Tower with Radar,30,85,22,10,147,0,2,6,0,8,30,87,28,10,155,4,114,118,273
05/23/2008,MDT,PA,AEA,EN,Combined TRACON& Tower with Radar,25,87,20,0,132,0,0,16,0,16,25,87,36,0,148,12,12,24,172
05/24/2008,MDT,PA,AEA,EN,Combined TRACON& Tower with Radar,32,42,6,0,80,0,0,15,2,17,32,42,21,2,97,4,0,4,101
05/25/2008,MDT,PA,AEA,EN,Combined TRACON& Tower with Radar,16,52,10,0,78,0,3,5,2,10,16,55,15,2,88,19,0,19,107
05/26/2008,MDT,PA,AEA,EN,Combined TRACON& Tower with Radar,25,62,10,1,98,0,0,16,5,21,25,62,26,6,119,18,0,18,137
05/27/2008,MDT,PA,AEA,EN,Combined TRACON& Tower with Radar,29,84,25,12,150,0,0,6,4,10,29,84,31,16,160,10,25,35,195
05/28/2008,MDT,PA,AEA,EN,Combined TRACON& Tower with Radar,39,86,29,14,168,0,1,5,0,6,39,87,34,14,174,30,30,60,234
05/29/2008,MDT,PA,AEA,EN,Combined TRACON& Tower with Radar,30,90,28,10,158,0,4,15,1,20,30,94,43,11,178,20,6,26,204
05/30/2008,MDT,PA,AEA,EN,Combined TRACON& Tower with Radar,39,79,16,6,140,0,0,12,1,13,39,79,28,7,153,8,2,10,163
05/31/2008,MDT,PA,AEA,EN,Combined TRACON& Tower with Radar,33,58,0,0,91,0,0,3,1,4,33,58,3,1,95,2,2,4,99
06/01/2008,MDT,PA,AEA,EN,Combined TRACON& Tower with Radar,26,56,11,0,93,0,2,8,0,10,26,58,19,0,103,6,0,6,109
06/02/2008,MDT,PA,AEA,EN,Combined TRACON& Tower with Radar,28,87,37,3,155,0,0,19,0,19,28,87,56,3,174,8,12,20,194
06/03/2008,MDT,PA,AEA,EN,Combined TRACON& Tower with Radar,36,87,39,12,174,0,0,16,0,16,36,87,55,12,190,10,62,72,262
06/04/2008,MDT,PA,AEA,EN,Combined TRACON& Tower with Radar,30,94,26,5,155,0,0,3,0,3,30,94,29,5,158,0,0,0,158
06/05/2008,MDT,PA,AEA,EN,Combined TRACON& Tower with Radar,41,80,33,13,167,0,2,6,0,8,41,82,39,13,175,22,56,78,253
06/06/2008,MDT,PA,AEA,EN,Combined TRACON& Tower with Radar,38,88,31,10,167,0,0,8,0,8,38,88,39,10,175,10,18,28,203
06/07/2008,MDT,PA,AEA,EN,Combined TRACON& Tower with Radar,56,69,11,6,142,0,7,11,4,22,56,76,22,10,164,16,18,34,198
06/08/2008,MDT,PA,AEA,EN,Combined TRACON& Tower with Radar,24,75,17,8,124,0,4,10,0,14,24,79,27,8,138,14,16,30,168
06/09/2008,MDT,PA,AEA,EN,Combined TRACON& Tower with Radar,29,84,13,2,128,0,3,13,0,16,29,87,26,2,144,2,104,106,250
06/10/2008,MDT,PA,AEA,EN,Combined TRACON& Tower with Radar,40,87,24,5,156,0,0,6,0,6,40,87,30,5,162,12,33,45,207
06/11/2008,MDT,PA,AEA,EN,Combined TRACON& Tower with Radar,43,76,39,10,168,0,2,19,0,21,43,78,58,10,189,0,16,16,205
06/12/2008,MDT,PA,AEA,EN,Combined TRACON& Tower with Radar,45,85,31,16,177,0,1,19,0,20,45,86,50,16,197,5,40,45,242
06/13/2008,MDT,PA,AEA,EN,Combined TRACON& Tower with Radar,27,66,47,13,153,0,3,22,2,27,27,69,69,15,180,0,2,2,182
06/14/2008,MDT,PA,AEA,EN,Combined TRACON& Tower with Radar,43,52,4,7,106,0,0,8,1,9,43,52,12,8,115,2,0,2,117
06/15/2008,MDT,PA,AEA,EN,Combined TRACON& Tower with Radar,32,72,15,3,122,0,0,14,0,14,32,72,29,3,136,12,6,18,154
06/16/2008,MDT,PA,AEA,EN,Combined TRACON& Tower with Radar,37,88,26,1,152,0,3,9,1,13,37,91,35,2,165,0,0,0,165
06/17/2008,MDT,PA,AEA,EN,Combined TRACON& Tower with Radar,36,88,28,10,162,0,2,8,0,10,36,90,36,10,172,4,30,34,206
06/18/2008,MDT,PA,AEA,EN,Combined TRACON& Tower with Radar,46,75,36,9,166,0,8,17,0,25,46,83,53,9,191,8,66,74,265
06/19/2008,MDT,PA,AEA,EN,Combined TRACON& Tower with Radar,40,90,33,13,176,0,2,22,0,24,40,92,55,13,200,0,34,34,234
06/20/2008,MDT,PA,AEA,EN,Combined TRACON& Tower with Radar,33,83,16,8,140,0,0,14,0,14,33,83,30,8,154,8,12,20,174
06/21/2008,MDT,PA,AEA,EN,Combined TRACON& Tower with Radar,46,54,18,3,121,0,3,16,0,19,46,57,34,3,140,14,0,14,154
06/22/2008,MDT,PA,AEA,EN,Combined TRACON& Tower with Radar,26,61,13,1,101,0,0,18,0,18,26,61,31,1,119,16,0,16,135
06/23/2008,MDT,PA,AEA,EN,Combined TRACON& Tower with Radar,32,84,26,9,151,0,0,12,0,12,32,84,38,9,163,20,74,94,257
06/24/2008,MDT,PA,AEA,EN,Combined TRACON& Tower with Radar,48,84,28,1,161,0,0,10,0,10,48,84,38,1,171,10,80,90,261
06/25/2008,MDT,PA,AEA,EN,Combined TRACON& Tower with Radar,44,63,40,12,159,0,0,19,0,19,44,63,59,12,178,0,32,32,210
06/26/2008,MDT,PA,AEA,EN,Combined TRACON& Tower with Radar,42,91,28,6,167,0,0,0,0,0,42,91,28,6,167,82,0,82,249
06/27/2008,MDT,PA,AEA,EN,Combined TRACON& Tower with Radar,54,80,24,8,166,0,1,16,4,21,54,81,40,12,187,4,0,4,191
06/28/2008,MDT,PA,AEA,EN,Combined TRACON& Tower with Radar,45,60,16,2,123,0,2,14,0,16,45,62,30,2,139,20,0,20,159
06/29/2008,MDT,PA,AEA,EN,Combined TRACON& Tower with Radar,32,66,10,0,108,0,0,3,0,3,32,66,13,0,111,6,0,6,117
06/30/2008,MDT,PA,AEA,EN,Combined TRACON& Tower with Radar,37,77,40,0,154,0,0,11,0,11,37,77,51,0,165,12,0,12,177
07/01/2008,MDT,PA,AEA,EN,Combined TRACON& Tower with Radar,38,88,43,7,176,0,0,11,2,13,38,88,54,9,189,2,86,88,277
07/02/2008,MDT,PA,AEA,EN,Combined TRACON& Tower with Radar,45,69,57,6,177,0,0,19,1,20,45,69,76,7,197,22,0,22,219
07/03/2008,MDT,PA,AEA,EN,Combined TRACON& Tower with Radar,40,93,34,0,167,0,7,11,0,18,40,100,45,0,185,2,54,56,241
07/04/2008,MDT,PA,AEA,EN,Combined TRACON& Tower with Radar,35,52,5,0,92,0,12,10,0,22,35,64,15,0,114,0,0,0,114
07/05/2008,MDT,PA,AEA,EN,Combined TRACON& Tower with Radar,24,48,8,0,80,0,1,4,0,5,24,49,12,0,85,0,0,0,85
07/06/2008,MDT,PA,AEA,EN,Combined TRACON& Tower with Radar,33,67,11,0,111,0,0,0,0,0,33,67,11,0,111,0,0,0,111
07/07/2008,MDT,PA,AEA,EN,Combined TRACON& Tower with Radar,42,76,30,23,171,0,0,0,0,0,42,76,30,23,171,0,26,26,197
07/08/2008,MDT,PA,AEA,EN,Combined TRACON& Tower with Radar,43,91,43,10,187,0,3,10,0,13,43,94,53,10,200,2,20,22,222
07/09/2008,MDT,PA,AEA,EN,Combined TRACON& Tower with Radar,50,79,28,12,169,0,3,5,3,11,50,82,33,15,180,2,14,16,196
07/10/2008,MDT,PA,AEA,EN,Combined TRACON& Tower with Radar,55,92,43,24,214,0,2,10,0,12,55,94,53,24,226,4,18,22,248
07/11/2008,MDT,PA,AEA,EN,Combined TRACON& Tower with Radar,42,95,56,8,201,0,0,16,1,17,42,95,72,9,218,14,12,26,244
07/12/2008,MDT,PA,AEA,EN,Combined TRACON& Tower with Radar,35,52,27,7,121,0,0,12,0,12,35,52,39,7,133,14,20,34,167
07/13/2008,MDT,PA,AEA,EN,Combined TRACON& Tower with Radar,28,59,23,0,110,0,0,2,1,3,28,59,25,1,113,0,17,17,130
07/14/2008,MDT,PA,AEA,EN,Combined TRACON& Tower with Radar,33,80,13,2,128,0,1,3,1,5,33,81,16,3,133,2,42,44,177
07/15/2008,MDT,PA,AEA,EN,Combined TRACON& Tower with Radar,45,77,17,15,154,0,1,11,3,15,45,78,28,18,169,12,66,78,247
07/16/2008,MDT,PA,AEA,EN,Combined TRACON& Tower with Radar,50,74,27,18,169,0,0,12,3,15,50,74,39,21,184,12,20,32,216
07/17/2008,MDT,PA,AEA,EN,Combined TRACON& Tower with Radar,40,90,56,11,197,0,1,18,1,20,40,91,74,12,217,8,24,32,249
07/18/2008,MDT,PA,AEA,EN,Combined TRACON& Tower with Radar,39,83,35,8,165,0,1,9,1,11,39,84,44,9,176,1,38,39,215
07/19/2008,MDT,PA,AEA,EN,Combined TRACON& Tower with Radar,38,57,17,1,113,0,1,0,0,1,38,58,17,1,114,2,24,26,140
07/20/2008,MDT,PA,AEA,EN,Combined TRACON& Tower with Radar,29,63,21,6,119,0,2,1,0,3,29,65,22,6,122,14,16,30,152
07/21/2008,MDT,PA,AEA,EN,Combined TRACON& Tower with Radar,38,80,30,12,160,0,0,4,1,5,38,80,34,13,165,6,28,34,199
07/22/2008,MDT,PA,AEA,EN,Combined TRACON& Tower with Radar,43,72,29,10,154,0,1,9,2,12,43,73,38,12,166,8,38,46,212
07/23/2008,MDT,PA,AEA,EN,Combined TRACON& Tower with Radar,45,71,30,4,150,0,0,5,0,5,45,71,35,4,155,0,32,32,187
07/24/2008,MDT,PA,AEA,EN,Combined TRACON& Tower with Radar,54,89,33,23,199,0,0,6,1,7,54,89,39,24,206,18,30,48,254
07/25/2008,MDT,PA,AEA,EN,Combined TRACON& Tower with Radar,34,80,26,5,145,0,1,7,1,9,34,81,33,6,154,0,6,6,160
07/26/2008,MDT,PA,AEA,EN,Combined TRACON& Tower with Radar,39,54,24,4,121,0,3,6,0,9,39,57,30,4,130,8,0,8,138
07/27/2008,MDT,PA,AEA,EN,Combined TRACON& Tower with Radar,55,68,24,0,147,0,1,1,0,2,55,69,25,0,149,8,0,8,157
07/28/2008,MDT,PA,AEA,EN,Combined TRACON& Tower with Radar,34,73,37,6,150,0,0,10,1,11,34,73,47,7,161,10,36,46,207
07/29/2008,MDT,PA,AEA,EN,Combined TRACON& Tower with Radar,43,76,61,10,190,0,0,11,2,13,43,76,72,12,203,6,56,62,265
07/30/2008,MDT,PA,AEA,EN,Combined TRACON& Tower with Radar,39,81,24,27,171,0,0,1,5,6,39,81,25,32,177,0,38,38,215
07/31/2008,MDT,PA,AEA,EN,Combined TRACON& Tower with Radar,42,71,44,22,179,0,0,9,0,9,42,71,53,22,188,0,12,12,200
08/01/2008,MDT,PA,AEA,EN,Combined TRACON& Tower with Radar,47,87,34,2,170,0,1,7,1,9,47,88,41,3,179,6,10,16,195
08/02/2008,MDT,PA,AEA,EN,Combined TRACON& Tower with Radar,42,45,14,0,101,0,1,3,0,4,42,46,17,0,105,0,0,0,105
08/03/2008,MDT,PA,AEA,EN,Combined TRACON& Tower with Radar,27,63,41,1,132,0,0,6,0,6,27,63,47,1,138,36,0,36,174
08/04/2008,MDT,PA,AEA,EN,Combined TRACON& Tower with Radar,32,68,48,6,154,0,1,17,1,19,32,69,65,7,173,8,29,37,210
08/05/2008,MDT,PA,AEA,EN,Combined TRACON& Tower with Radar,53,82,51,7,193,0,2,16,1,19,53,84,67,8,212,12,28,40,252
08/06/2008,MDT,PA,AEA,EN,Combined TRACON& Tower with Radar,48,71,25,9,153,0,3,33,1,37,48,74,58,10,190,16,18,34,224
08/07/2008,MDT,PA,AEA,EN,Combined TRACON& Tower with Radar,33,70,59,9,171,0,1,15,1,17,33,71,74,10,188,14,42,56,244
08/08/2008,MDT,PA,AEA,EN,Combined TRACON& Tower with Radar,54,75,38,5,172,0,0,0,0,0,54,75,38,5,172,4,48,52,224
08/09/2008,MDT,PA,AEA,EN,Combined TRACON& Tower with Radar,34,55,56,1,146,0,4,20,0,24,34,59,76,1,170,14,36,50,220
08/10/2008,MDT,PA,AEA,EN,Combined TRACON& Tower with Radar,40,82,15,3,140,0,6,1,0,7,40,88,16,3,147,14,0,14,161
08/11/2008,MDT,PA,AEA,EN,Combined TRACON& Tower with Radar,48,80,14,4,146,0,0,5,0,5,48,80,19,4,151,10,44,54,205
08/12/2008,MDT,PA,AEA,EN,Combined TRACON& Tower with Radar,40,85,29,5,159,0,0,3,1,4,40,85,32,6,163,4,39,43,206
08/13/2008,MDT,PA,AEA,EN,Combined TRACON& Tower with Radar,40,76,31,9,156,0,0,7,1,8,40,76,38,10,164,4,34,38,202
08/14/2008,MDT,PA,AEA,EN,Combined TRACON& Tower with Radar,46,80,32,17,175,0,0,4,3,7,46,80,36,20,182,2,30,32,214
08/15/2008,MDT,PA,AEA,EN,Combined TRACON& Tower with Radar,41,94,37,10,182,0,0,6,1,7,41,94,43,11,189,4,36,40,229
08/16/2008,MDT,PA,AEA,EN,Combined TRACON& Tower with Radar,41,57,28,3,129,0,6,9,0,15,41,63,37,3,144,6,16,22,166
08/17/2008,MDT,PA,AEA,EN,Combined TRACON& Tower with Radar,29,82,42,8,161,0,2,18,3,23,29,84,60,11,184,12,0,12,196
08/18/2008,MDT,PA,AEA,EN,Combined TRACON& Tower with Radar,31,78,29,11,149,0,6,6,2,14,31,84,35,13,163,4,14,18,181
08/19/2008,MDT,PA,AEA,EN,Combined TRACON& Tower with Radar,35,84,23,11,153,0,2,8,4,14,35,86,31,15,167,4,28,32,199
08/20/2008,MDT,PA,AEA,EN,Combined TRACON& Tower with Radar,38,84,31,11,164,0,3,16,1,20,38,87,47,12,184,10,42,52,236
08/21/2008,MDT,PA,AEA,EN,Combined TRACON& Tower with Radar,42,68,34,14,158,0,1,8,0,9,42,69,42,14,167,20,40,60,227
08/22/2008,MDT,PA,AEA,EN,Combined TRACON& Tower with Radar,45,74,32,6,157,0,0,7,0,7,45,74,39,6,164,0,52,52,216
08/23/2008,MDT,PA,AEA,EN,Combined TRACON& Tower with Radar,34,49,16,0,99,34,49,16,0,99,68,98,32,0,198,0,0,0,198
08/24/2008,MDT,PA,AEA,EN,Combined TRACON& Tower with Radar,22,65,13,2,102,0,0,5,0,5,22,65,18,2,107,48,20,68,175
08/25/2008,MDT,PA,AEA,EN,Combined TRACON& Tower with Radar,24,81,35,3,143,0,2,4,0,6,24,83,39,3,149,6,2,8,157
08/26/2008,MDT,PA,AEA,EN,Combined TRACON& Tower with Radar,38,76,30,24,168,0,2,13,0,15,38,78,43,24,183,4,16,20,203
08/27/2008,MDT,PA,AEA,EN,Combined TRACON& Tower with Radar,43,77,25,18,163,0,3,13,1,17,43,80,38,19,180,4,60,64,244
08/28/2008,MDT,PA,AEA,EN,Combined TRACON& Tower with Radar,30,84,26,13,153,0,0,3,0,3,30,84,29,13,156,0,132,132,288
08/29/2008,MDT,PA,AEA,EN,Combined TRACON& Tower with Radar,33,82,31,5,151,0,1,0,0,1,33,83,31,5,152,0,0,0,152
08/30/2008,MDT,PA,AEA,EN,Combined TRACON& Tower with Radar,34,44,15,1,94,0,1,1,0,2,34,45,16,1,96,0,0,0,96
08/31/2008,MDT,PA,AEA,EN,Combined TRACON& Tower with Radar,10,43,20,0,73,0,1,7,0,8,10,44,27,0,81,8,0,8,89
09/01/2008,MDT,PA,AEA,EN,Combined TRACON& Tower with Radar,23,56,10,0,89,0,0,12,0,12,23,56,22,0,101,24,0,24,125
09/02/2008,MDT,PA,AEA,EN,Combined TRACON& Tower with Radar,31,82,14,20,147,0,0,5,1,6,31,82,19,21,153,48,8,56,209
09/03/2008,MDT,PA,AEA,EN,Combined TRACON& Tower with Radar,40,78,15,21,154,0,0,9,0,9,40,78,24,21,163,24,64,88,251
09/04/2008,MDT,PA,AEA,EN,Combined TRACON& Tower with Radar,38,79,21,8,146,0,3,15,3,21,38,82,36,11,167,22,8,30,197
09/05/2008,MDT,PA,AEA,EN,Combined TRACON& Tower with Radar,28,77,21,5,131,0,0,17,0,17,28,77,38,5,148,35,10,45,193
09/06/2008,MDT,PA,AEA,EN,Combined TRACON& Tower with Radar,27,41,0,0,68,0,0,0,0,0,27,41,0,0,68,0,0,0,68
09/07/2008,MDT,PA,AEA,EN,Combined TRACON& Tower with Radar,25,65,7,4,101,0,1,7,0,8,25,66,14,4,109,26,14,40,149
09/08/2008,MDT,PA,AEA,EN,Combined TRACON& Tower with Radar,32,75,22,5,134,0,5,16,0,21,32,80,38,5,155,34,4,38,193
09/09/2008,MDT,PA,AEA,EN,Combined TRACON& Tower with Radar,37,72,34,15,158,0,0,0,1,1,37,72,34,16,159,35,34,69,228
09/10/2008,MDT,PA,AEA,EN,Combined TRACON& Tower with Radar,39,78,36,27,180,0,0,21,2,23,39,78,57,29,203,30,48,78,281
09/11/2008,MDT,PA,AEA,EN,Combined TRACON& Tower with Radar,30,77,35,28,170,0,1,12,2,15,30,78,47,30,185,62,66,128,313
09/12/2008,MDT,PA,AEA,EN,Combined TRACON& Tower with Radar,35,75,15,33,158,0,0,0,0,0,35,75,15,33,158,0,24,24,182
09/13/2008,MDT,PA,AEA,EN,Combined TRACON& Tower with Radar,20,48,16,1,85,0,1,0,0,1,20,49,16,1,86,24,30,54,140
09/14/2008,MDT,PA,AEA,EN,Combined TRACON& Tower with Radar,28,54,32,8,122,0,0,3,0,3,28,54,35,8,125,16,48,64,189
09/15/2008,MDT,PA,AEA,EN,Combined TRACON& Tower with Radar,38,76,22,19,155,0,0,4,0,4,38,76,26,19,159,12,52,64,223
09/16/2008,MDT,PA,AEA,EN,Combined TRACON& Tower with Radar,34,69,20,20,143,0,0,6,4,10,34,69,26,24,153,12,44,56,209
09/17/2008,MDT,PA,AEA,EN,Combined TRACON& Tower with Radar,31,74,43,30,178,0,0,13,1,14,31,74,56,31,192,30,40,70,262
09/18/2008,MDT,PA,AEA,EN,Combined TRACON& Tower with Radar,27,84,34,10,155,0,0,4,0,4,27,84,38,10,159,9,16,25,184
09/19/2008,MDT,PA,AEA,EN,Combined TRACON& Tower with Radar,33,62,20,8,123,0,1,11,1,13,33,63,31,9,136,12,49,61,197
09/20/2008,MDT,PA,AEA,EN,Combined TRACON& Tower with Radar,20,41,8,1,70,0,0,4,0,4,20,41,12,1,74,14,32,46,120
09/21/2008,MDT,PA,AEA,EN,Combined TRACON& Tower with Radar,21,64,17,2,104,0,2,17,0,19,21,66,34,2,123,8,42,50,173
09/22/2008,MDT,PA,AEA,EN,Combined TRACON& Tower with Radar,27,66,24,18,135,0,0,8,0,8,27,66,32,18,143,14,18,32,175
09/23/2008,MDT,PA,AEA,EN,Combined TRACON& Tower with Radar,30,57,23,15,125,0,0,6,0,6,30,57,29,15,131,24,44,68,199
09/24/2008,MDT,PA,AEA,EN,Combined TRACON& Tower with Radar,26,66,16,16,124,0,1,8,1,10,26,67,24,17,134,12,32,44,178
09/25/2008,MDT,PA,AEA,EN,Combined TRACON& Tower with Radar,32,67,28,17,144,0,0,7,0,7,32,67,35,17,151,16,70,86,237
09/26/2008,MDT,PA,AEA,EN,Combined TRACON& Tower with Radar,32,65,11,2,110,0,1,0,0,1,32,66,11,2,111,4,12,16,127
09/27/2008,MDT,PA,AEA,EN,Combined TRACON& Tower with Radar,28,40,9,0,77,0,0,0,0,0,28,40,9,0,77,0,0,0,77
09/28/2008,MDT,PA,AEA,EN,Combined TRACON& Tower with Radar,32,61,24,10,127,0,0,0,0,0,32,61,24,10,127,0,0,0,127
09/29/2008,MDT,PA,AEA,EN,Combined TRACON& Tower with Radar,30,73,24,11,138,0,0,13,0,13,30,73,37,11,151,106,50,156,307
09/30/2008,MDT,PA,AEA,EN,Combined TRACON& Tower with Radar,28,62,21,7,118,0,0,6,1,7,28,62,27,8,125,30,38,68,193
10/01/2008,MDT,PA,AEA,EN,Combined TRACON& Tower with Radar,29,83,28,17,157,0,0,0,0,0,29,83,28,17,157,12,14,26,183
10/02/2008,MDT,PA,AEA,EN,Combined TRACON& Tower with Radar,28,96,36,15,175,0,0,11,0,11,28,96,47,15,186,30,78,108,294
10/03/2008,MDT,PA,AEA,EN,Combined TRACON& Tower with Radar,25,80,28,18,151,0,0,4,2,6,25,80,32,20,157,38,50,88,245
10/04/2008,MDT,PA,AEA,EN,Combined TRACON& Tower with Radar,17,47,14,3,81,0,0,10,0,10,17,47,24,3,91,26,44,70,161
10/05/2008,MDT,PA,AEA,EN,Combined TRACON& Tower with Radar,18,75,20,12,125,0,2,10,0,12,18,77,30,12,137,28,36,64,201
10/06/2008,MDT,PA,AEA,EN,Combined TRACON& Tower with Radar,24,88,23,4,139,0,1,6,0,7,24,89,29,4,146,84,18,102,248
10/07/2008,MDT,PA,AEA,EN,Combined TRACON& Tower with Radar,29,84,29,24,166,0,1,3,0,4,29,85,32,24,170,16,36,52,222
10/08/2008,MDT,PA,AEA,EN,Combined TRACON& Tower with Radar,21,78,27,20,146,0,0,2,0,2,21,78,29,20,148,22,36,58,206
10/09/2008,MDT,PA,AEA,EN,Combined TRACON& Tower with Radar,27,92,38,32,189,0,0,8,2,10,27,92,46,34,199,30,94,124,323
10/10/2008,MDT,PA,AEA,EN,Combined TRACON& Tower with Radar,29,93,35,9,166,0,1,10,0,11,29,94,45,9,177,0,0,0,177
10/11/2008,MDT,PA,AEA,EN,Combined TRACON& Tower with Radar,18,59,19,2,98,0,0,8,0,8,18,59,27,2,106,34,2,36,142
10/12/2008,MDT,PA,AEA,EN,Combined TRACON& Tower with Radar,18,82,27,3,130,0,0,6,0,6,18,82,33,3,136,24,36,60,196
10/13/2008,MDT,PA,AEA,EN,Combined TRACON& Tower with Radar,20,89,9,0,118,0,1,2,0,3,20,90,11,0,121,12,0,12,133
10/14/2008,MDT,PA,AEA,EN,Combined TRACON& Tower with Radar,22,71,23,8,124,0,1,7,0,8,22,72,30,8,132,28,46,74,206
10/15/2008,MDT,PA,AEA,EN,Combined TRACON& Tower with Radar,23,84,27,10,144,0,1,7,0,8,23,85,34,10,152,20,34,54,206
10/16/2008,MDT,PA,AEA,EN,Combined TRACON& Tower with Radar,25,94,18,7,144,0,0,3,0,3,25,94,21,7,147,44,28,72,219
10/17/2008,MDT,PA,AEA,EN,Combined TRACON& Tower with Radar,25,86,24,15,150,0,0,14,0,14,25,86,38,15,164,44,18,62,226
10/18/2008,MDT,PA,AEA,EN,Combined TRACON& Tower with Radar,22,55,15,41,133,0,0,5,1,6,22,55,20,42,139,0,108,108,247
10/19/2008,MDT,PA,AEA,EN,Combined TRACON& Tower with Radar,17,77,14,4,112,0,0,11,0,11,17,77,25,4,123,30,8,38,161
10/20/2008,MDT,PA,AEA,EN,Combined TRACON& Tower with Radar,20,79,13,1,113,0,0,11,0,11,20,79,24,1,124,42,48,90,214
10/21/2008,MDT,PA,AEA,EN,Combined TRACON& Tower with Radar,30,88,17,65,200,0,0,1,0,1,30,88,18,65,201,44,126,170,371
10/22/2008,MDT,PA,AEA,EN,Combined TRACON& Tower with Radar,27,86,16,36,165,0,2,2,4,8,27,88,18,40,173,0,0,0,173
10/23/2008,MDT,PA,AEA,EN,Combined TRACON& Tower with Radar,23,83,23,10,139,0,3,14,1,18,23,86,37,11,157,44,48,92,249
10/24/2008,MDT,PA,AEA,EN,Combined TRACON& Tower with Radar,17,73,25,28,143,0,0,3,0,3,17,73,28,28,146,70,120,190,336
10/25/2008,MDT,PA,AEA,EN,Combined TRACON& Tower with Radar,23,49,6,3,81,0,0,0,0,0,23,49,6,3,81,14,22,36,117
10/26/2008,MDT,PA,AEA,EN,Combined TRACON& Tower with Radar,16,77,10,15,118,0,1,5,0,6,16,78,15,15,124,12,10,22,146
10/27/2008,MDT,PA,AEA,EN,Combined TRACON& Tower with Radar,26,93,15,12,146,0,0,3,0,3,26,93,18,12,149,20,50,70,219
10/28/2008,MDT,PA,AEA,EN,Combined TRACON& Tower with Radar,33,84,15,4,136,0,0,0,1,1,33,84,15,5,137,0,18,18,155
10/29/2008,MDT,PA,AEA,EN,Combined TRACON& Tower with Radar,27,100,24,51,202,0,0,0,2,2,27,100,24,53,204,8,108,116,320
10/30/2008,MDT,PA,AEA,EN,Combined TRACON& Tower with Radar,27,98,35,15,175,0,2,10,2,14,27,100,45,17,189,24,28,52,241
10/31/2008,MDT,PA,AEA,EN,Combined TRACON& Tower with Radar,26,85,13,8,132,0,1,9,0,10,26,86,22,8,142,32,36,68,210
11/01/2008,MDT,PA,AEA,EN,Combined TRACON& Tower with Radar,22,42,11,0,75,0,1,2,1,4,22,43,13,1,79,28,8,36,115
11/02/2008,MDT,PA,AEA,EN,Combined TRACON& Tower with Radar,10,19,3,1,33,0,0,1,0,1,10,19,4,1,34,10,4,14,48
11/03/2008,MDT,PA,AEA,EN,Combined TRACON& Tower with Radar,21,65,14,4,104,0,0,1,0,1,21,65,15,4,105,0,92,92,197
11/04/2008,MDT,PA,AEA,EN,Combined TRACON& Tower with Radar,26,64,12,45,147,0,0,5,0,5,26,64,17,45,152,12,130,142,294
11/05/2008,MDT,PA,AEA,EN,Combined TRACON& Tower with Radar,28,78,24,42,172,0,0,3,1,4,28,78,27,43,176,50,100,150,326
11/06/2008,MDT,PA,AEA,EN,Combined TRACON& Tower with Radar,40,81,17,39,177,0,0,0,1,1,40,81,17,40,178,22,96,118,296
11/07/2008,MDT,PA,AEA,EN,Combined TRACON& Tower with Radar,25,66,17,21,129,0,0,8,2,10,25,66,25,23,139,72,110,182,321
11/08/2008,MDT,PA,AEA,EN,Combined TRACON& Tower with Radar,19,54,16,12,101,0,0,2,0,2,19,54,18,12,103,36,0,36,139
11/09/2008,MDT,PA,AEA,EN,Combined TRACON& Tower with Radar,21,72,24,1,118,0,0,15,0,15,21,72,39,1,133,86,10,96,229
11/10/2008,MDT,PA,AEA,EN,Combined TRACON& Tower with Radar,25,85,20,3,133,0,1,9,2,12,25,86,29,5,145,30,30,60,205
11/11/2008,MDT,PA,AEA,EN,Combined TRACON& Tower with Radar,31,78,33,13,155,0,0,9,1,10,31,78,42,14,165,30,58,88,253
11/12/2008,MDT,PA,AEA,EN,Combined TRACON& Tower with Radar,32,94,22,41,189,0,0,11,0,11,32,94,33,41,200,54,82,136,336
11/13/2008,MDT,PA,AEA,EN,Combined TRACON& Tower with Radar,28,76,28,12,144,0,0,0,0,0,28,76,28,12,144,0,0,0,144
11/14/2008,MDT,PA,AEA,EN,Combined TRACON& Tower with Radar,31,77,21,16,145,0,0,0,0,0,31,77,21,16,145,0,0,0,145
11/15/2008,MDT,PA,AEA,EN,Combined TRACON& Tower with Radar,26,47,22,21,116,0,1,0,0,1,26,48,22,21,117,0,0,0,117
11/16/2008,MDT,PA,AEA,EN,Combined TRACON& Tower with Radar,22,73,9,10,114,0,0,1,1,2,22,73,10,11,116,32,0,32,148
11/17/2008,MDT,PA,AEA,EN,Combined TRACON& Tower with Radar,26,84,33,43,186,0,0,4,0,4,26,84,37,43,190,0,120,120,310
11/18/2008,MDT,PA,AEA,EN,Combined TRACON& Tower with Radar,27,84,17,17,145,0,0,0,1,1,27,84,17,18,146,12,46,58,204
11/19/2008,MDT,PA,AEA,EN,Combined TRACON& Tower with Radar,31,89,20,38,178,0,0,8,1,9,31,89,28,39,187,22,76,98,285
11/20/2008,MDT,PA,AEA,EN,Combined TRACON& Tower with Radar,31,94,33,22,180,0,0,1,0,1,31,94,34,22,181,20,40,60,241
11/21/2008,MDT,PA,AEA,EN,Combined TRACON& Tower with Radar,34,85,22,4,145,0,0,0,0,0,34,85,22,4,145,8,0,8,153
11/22/2008,MDT,PA,AEA,EN,Combined TRACON& Tower with Radar,24,48,10,1,83,0,0,6,0,6,24,48,16,1,89,0,0,0,89
11/23/2008,MDT,PA,AEA,EN,Combined TRACON& Tower with Radar,30,67,15,11,123,0,1,11,0,12,30,68,26,11,135,74,62,136,271
11/24/2008,MDT,PA,AEA,EN,Combined TRACON& Tower with Radar,30,81,10,42,163,0,0,1,1,2,30,81,11,43,165,24,84,108,273
11/25/2008,MDT,PA,AEA,EN,Combined TRACON& Tower with Radar,34,99,15,19,167,0,0,4,3,7,34,99,19,22,174,46,48,94,268
11/26/2008,MDT,PA,AEA,EN,Combined TRACON& Tower with Radar,32,101,2,8,143,0,0,3,1,4,32,101,5,9,147,10,12,22,169
11/27/2008,MDT,PA,AEA,EN,Combined TRACON& Tower with Radar,13,36,1,2,52,0,0,4,0,4,13,36,5,2,56,0,0,0,56
11/28/2008,MDT,PA,AEA,EN,Combined TRACON& Tower with Radar,26,54,10,1,91,0,0,7,1,8,26,54,17,2,99,18,26,44,143
11/29/2008,MDT,PA,AEA,EN,Combined TRACON& Tower with Radar,23,64,7,0,94,0,0,8,0,8,23,64,15,0,102,46,0,46,148
11/30/2008,MDT,PA,AEA,EN,Combined TRACON& Tower with Radar,20,77,10,1,108,0,0,0,0,0,20,77,10,1,108,0,0,0,108
12/01/2008,MDT,PA,AEA,EN,Combined TRACON& Tower with Radar,31,88,9,0,128,0,0,1,0,1,31,88,10,0,129,0,0,0,129
12/02/2008,MDT,PA,AEA,EN,Combined TRACON& Tower with Radar,33,85,27,8,153,0,1,3,4,8,33,86,30,12,161,38,88,126,287
12/03/2008,MDT,PA,AEA,EN,Combined TRACON& Tower with Radar,35,90,17,13,155,0,1,5,2,8,35,91,22,15,163,0,0,0,163
12/04/2008,MDT,PA,AEA,EN,Combined TRACON& Tower with Radar,30,93,22,15,160,0,0,3,0,3,30,93,25,15,163,36,36,72,235
12/05/2008,MDT,PA,AEA,EN,Combined TRACON& Tower with Radar,33,89,28,19,169,0,0,9,0,9,33,89,37,19,178,0,0,0,178
12/06/2008,MDT,PA,AEA,EN,Combined TRACON& Tower with Radar,22,51,14,1,88,0,1,3,1,5,22,52,17,2,93,0,0,0,93
12/07/2008,MDT,PA,AEA,EN,Combined TRACON& Tower with Radar,24,65,6,3,98,0,0,0,0,0,24,65,6,3,98,0,0,0,98
12/08/2008,MDT,PA,AEA,EN,Combined TRACON& Tower with Radar,29,81,16,11,137,0,0,4,1,5,29,81,20,12,142,22,44,66,208
12/09/2008,MDT,PA,AEA,EN,Combined TRACON& Tower with Radar,36,76,8,7,127,0,0,1,1,2,36,76,9,8,129,18,36,54,183
12/10/2008,MDT,PA,AEA,EN,Combined TRACON& Tower with Radar,33,92,20,27,172,0,2,0,0,2,33,94,20,27,174,0,0,0,174
12/11/2008,MDT,PA,AEA,EN,Combined TRACON& Tower with Radar,39,89,12,2,142,0,0,0,0,0,39,89,12,2,142,0,0,0,142
12/12/2008,MDT,PA,AEA,EN,Combined TRACON& Tower with Radar,36,88,8,12,144,0,1,0,0,1,36,89,8,12,145,32,48,80,225
12/13/2008,MDT,PA,AEA,EN,Combined TRACON& Tower with Radar,21,49,30,3,103,0,1,8,0,9,21,50,38,3,112,72,28,100,212
12/14/2008,MDT,PA,AEA,EN,Combined TRACON& Tower with Radar,31,74,17,1,123,0,0,4,0,4,31,74,21,1,127,48,0,48,175
12/15/2008,MDT,PA,AEA,EN,Combined TRACON& Tower with Radar,28,87,16,2,133,0,1,2,1,4,28,88,18,3,137,32,24,56,193
12/16/2008,MDT,PA,AEA,EN,Combined TRACON& Tower with Radar,35,80,10,3,128,0,0,0,0,0,35,80,10,3,128,0,0,0,128
12/17/2008,MDT,PA,AEA,EN,Combined TRACON& Tower with Radar,35,94,14,18,161,0,1,0,1,2,35,95,14,19,163,0,34,34,197
12/18/2008,MDT,PA,AEA,EN,Combined TRACON& Tower with Radar,33,96,26,26,181,0,3,5,2,10,33,99,31,28,191,10,32,42,233
12/19/2008,MDT,PA,AEA,EN,Combined TRACON& Tower with Radar,37,68,15,0,120,0,0,0,0,0,37,68,15,0,120,0,0,0,120
12/20/2008,MDT,PA,AEA,EN,Combined TRACON& Tower with Radar,26,66,15,0,107,0,0,2,0,2,26,66,17,0,109,6,0,6,115
12/21/2008,MDT,PA,AEA,EN,Combined TRACON& Tower with Radar,21,66,2,0,89,0,0,0,0,0,21,66,2,0,89,0,0,0,89
12/22/2008,MDT,PA,AEA,EN,Combined TRACON& Tower with Radar,29,82,7,21,139,0,0,3,0,3,29,82,10,21,142,30,50,80,222
12/23/2008,MDT,PA,AEA,EN,Combined TRACON& Tower with Radar,31,76,8,9,124,0,0,7,3,10,31,76,15,12,134,44,32,76,210
12/24/2008,MDT,PA,AEA,EN,Combined TRACON& Tower with Radar,35,66,1,0,102,0,0,0,0,0,35,66,1,0,102,0,0,0,102
12/25/2008,MDT,PA,AEA,EN,Combined TRACON& Tower with Radar,16,53,1,0,70,0,0,6,0,6,16,53,7,0,76,0,0,0,76
12/26/2008,MDT,PA,AEA,EN,Combined TRACON& Tower with Radar,23,72,4,0,99,0,0,5,0,5,23,72,9,0,104,20,0,20,124
12/27/2008,MDT,PA,AEA,EN,Combined TRACON& Tower with Radar,12,48,5,0,65,0,0,0,0,0,12,48,5,0,65,0,0,0,65
12/28/2008,MDT,PA,AEA,EN,Combined TRACON& Tower with Radar,17,68,4,0,89,0,0,0,0,0,17,68,4,0,89,0,0,0,89
12/29/2008,MDT,PA,AEA,EN,Combined TRACON& Tower with Radar,36,77,7,0,120,0,0,7,0,7,36,77,14,0,127,0,0,0,127
12/30/2008,MDT,PA,AEA,EN,Combined TRACON& Tower with Radar,38,80,7,17,142,0,0,2,2,4,38,80,9,19,146,22,38,60,206
12/31/2008,MDT,PA,AEA,EN,Combined TRACON& Tower with Radar,26,69,2,0,97,0,0,0,0,0,26,69,2,0,97,0,0,0,97
01/01/2009,MDT,PA,AEA,EN,Combined TRACON& Tower with Radar,17,60,5,0,82,0,0,5,0,5,17,60,10,0,87,4,3,7,94
01/02/2009,MDT,PA,AEA,EN,Combined TRACON& Tower with Radar,34,76,3,0,113,0,1,2,0,3,34,77,5,0,116,4,6,10,126
01/03/2009,MDT,PA,AEA,EN,Combined TRACON& Tower with Radar,26,61,10,0,97,0,0,10,0,10,26,61,20,0,107,80,0,80,187
01/04/2009,MDT,PA,AEA,EN,Combined TRACON& Tower with Radar,20,71,7,0,98,0,0,0,0,0,20,71,7,0,98,70,0,70,168
01/05/2009,MDT,PA,AEA,EN,Combined TRACON& Tower with Radar,30,88,9,14,141,0,0,1,0,1,30,88,10,14,142,16,52,68,210
01/06/2009,MDT,PA,AEA,EN,Combined TRACON& Tower with Radar,32,67,8,0,107,0,1,2,0,3,32,68,10,0,110,0,0,0,110
01/07/2009,MDT,PA,AEA,EN,Combined TRACON& Tower with Radar,27,79,4,0,110,0,0,0,0,0,27,79,4,0,110,22,14,36,146
01/08/2009,MDT,PA,AEA,EN,Combined TRACON& Tower with Radar,30,90,17,56,193,0,0,2,4,6,30,90,19,60,199,30,152,182,381
01/09/2009,MDT,PA,AEA,EN,Combined TRACON& Tower with Radar,29,83,21,34,167,0,1,10,1,12,29,84,31,35,179,38,92,130,309
01/10/2009,MDT,PA,AEA,EN,Combined TRACON& Tower with Radar,16,42,4,1,63,0,0,0,0,0,16,42,4,1,63,0,0,0,63
01/11/2009,MDT,PA,AEA,EN,Combined TRACON& Tower with Radar,23,61,11,4,99,0,0,2,0,2,23,61,13,4,101,34,26,60,161
01/12/2009,MDT,PA,AEA,EN,Combined TRACON& Tower with Radar,26,86,27,4,143,0,0,11,0,11,26,86,38,4,154,56,22,78,232
01/13/2009,MDT,PA,AEA,EN,Combined TRACON& Tower with Radar,28,89,30,20,167,0,0,2,0,2,28,89,32,20,169,26,36,62,231
01/14/2009,MDT,PA,AEA,EN,Combined TRACON& Tower with Radar,25,89,21,15,150,0,1,3,3,7,25,90,24,18,157,26,52,78,235
01/15/2009,MDT,PA,AEA,EN,Combined TRACON& Tower with Radar,41,92,26,16,175,0,0,2,0,2,41,92,28,16,177,26,64,90,267
01/16/2009,MDT,PA,AEA,EN,Combined TRACON& Tower with Radar,29,87,12,14,142,0,0,4,1,5,29,87,16,15,147,12,56,68,215
01/17/2009,MDT,PA,AEA,EN,Combined TRACON& Tower with Radar,21,48,10,1,80,0,0,10,0,10,21,48,20,1,90,36,10,46,136
01/18/2009,MDT,PA,AEA,EN,Combined TRACON& Tower with Radar,27,55,5,1,88,0,0,0,0,0,27,55,5,1,88,0,0,0,88
01/19/2009,MDT,PA,AEA,EN,Combined TRACON& Tower with Radar,29,81,15,4,129,0,0,0,0,0,29,81,15,4,129,0,0,0,129
01/20/2009,MDT,PA,AEA,EN,Combined TRACON& Tower with Radar,32,88,29,14,163,0,0,5,2,7,32,88,34,16,170,12,28,40,210
01/21/2009,MDT,PA,AEA,EN,Combined TRACON& Tower with Radar,30,92,28,21,171,0,3,4,1,8,30,95,32,22,179,34,52,86,265
01/22/2009,MDT,PA,AEA,EN,Combined TRACON& Tower with Radar,34,91,28,15,168,0,2,5,8,15,34,93,33,23,183,20,48,68,251
01/23/2009,MDT,PA,AEA,EN,Combined TRACON& Tower with Radar,30,81,13,5,129,0,1,3,1,5,30,82,16,6,134,28,40,68,202
01/24/2009,MDT,PA,AEA,EN,Combined TRACON& Tower with Radar,19,52,2,1,74,0,0,0,3,3,19,52,2,4,77,26,26,52,129
01/25/2009,MDT,PA,AEA,EN,Combined TRACON& Tower with Radar,22,66,18,1,107,0,0,14,0,14,22,66,32,1,121,94,24,118,239
01/26/2009,MDT,PA,AEA,EN,Combined TRACON& Tower with Radar,30,78,16,2,126,0,0,5,0,5,30,78,21,2,131,0,0,0,131
01/27/2009,MDT,PA,AEA,EN,Combined TRACON& Tower with Radar,31,88,8,2,129,0,0,0,2,2,31,88,8,4,131,0,0,0,131
01/28/2009,MDT,PA,AEA,EN,Combined TRACON& Tower with Radar,28,59,7,0,94,0,0,0,0,0,28,59,7,0,94,0,0,0,94
01/29/2009,MDT,PA,AEA,EN,Combined TRACON& Tower with Radar,36,88,29,47,200,0,0,12,5,17,36,88,41,52,217,80,94,174,391
01/30/2009,MDT,PA,AEA,EN,Combined TRACON& Tower with Radar,32,80,7,6,125,0,0,4,1,5,32,80,11,7,130,0,0,0,130
01/31/2009,MDT,PA,AEA,EN,Combined TRACON& Tower with Radar,18,48,8,0,74,0,0,10,0,10,18,48,18,0,84,0,0,0,84
02/01/2009,MDT,PA,AEA,EN,Combined TRACON& Tower with Radar,27,58,11,0,96,0,1,10,0,11,27,59,21,0,107,76,0,76,183
02/02/2009,MDT,PA,AEA,EN,Combined TRACON& Tower with Radar,22,68,9,7,106,0,0,0,1,1,22,68,9,8,107,0,0,0,107
02/03/2009,MDT,PA,AEA,EN,Combined TRACON& Tower with Radar,34,82,20,22,158,0,2,0,2,4,34,84,20,24,162,0,54,54,216
02/04/2009,MDT,PA,AEA,EN,Combined TRACON& Tower with Radar,37,98,14,38,187,0,0,0,0,0,37,98,14,38,187,0,136,136,323
02/05/2009,MDT,PA,AEA,EN,Combined TRACON& Tower with Radar,31,84,20,13,148,0,0,8,1,9,31,84,28,14,157,14,32,46,203
02/06/2009,MDT,PA,AEA,EN,Combined TRACON& Tower with Radar,33,78,11,20,142,0,2,7,1,10,33,80,18,21,152,0,24,24,176
02/07/2009,MDT,PA,AEA,EN,Combined TRACON& Tower with Radar,18,45,10,4,77,0,0,8,2,10,18,45,18,6,87,40,8,48,135
02/08/2009,MDT,PA,AEA,EN,Combined TRACON& Tower with Radar,23,63,5,22,113,0,0,1,0,1,23,63,6,22,114,24,8,32,146
02/09/2009,MDT,PA,AEA,EN,Combined TRACON& Tower with Radar,26,75,16,14,131,0,0,6,4,10,26,75,22,18,141,60,68,128,269
02/10/2009,MDT,PA,AEA,EN,Combined TRACON& Tower with Radar,30,84,28,32,174,0,0,1,1,2,30,84,29,33,176,26,72,98,274
02/11/2009,MDT,PA,AEA,EN,Combined TRACON& Tower with Radar,27,91,11,18,147,0,0,0,2,2,27,91,11,20,149,34,36,70,219
02/12/2009,MDT,PA,AEA,EN,Combined TRACON& Tower with Radar,30,79,10,0,119,0,0,0,0,0,30,79,10,0,119,0,0,0,119
02/13/2009,MDT,PA,AEA,EN,Combined TRACON& Tower with Radar,28,81,6,21,136,0,2,0,0,2,28,83,6,21,138,12,48,60,198
02/14/2009,MDT,PA,AEA,EN,Combined TRACON& Tower with Radar,19,54,4,5,82,0,0,2,1,3,19,54,6,6,85,28,30,58,143
02/15/2009,MDT,PA,AEA,EN,Combined TRACON& Tower with Radar,20,64,26,1,111,0,2,9,0,11,20,66,35,1,122,46,22,68,190
02/16/2009,MDT,PA,AEA,EN,Combined TRACON& Tower with Radar,24,86,17,3,130,0,0,2,2,4,24,86,19,5,134,28,0,28,162
02/17/2009,MDT,PA,AEA,EN,Combined TRACON& Tower with Radar,32,87,29,14,162,0,1,8,0,9,32,88,37,14,171,28,60,88,259
02/18/2009,MDT,PA,AEA,EN,Combined TRACON& Tower with Radar,28,88,15,1,132,0,0,0,0,0,28,88,15,1,132,8,6,14,146
02/19/2009,MDT,PA,AEA,EN,Combined TRACON& Tower with Radar,33,95,27,23,178,0,0,1,0,1,33,95,28,23,179,16,12,28,207
02/20/2009,MDT,PA,AEA,EN,Combined TRACON& Tower with Radar,30,81,8,20,139,0,0,1,1,2,30,81,9,21,141,8,50,58,199
02/21/2009,MDT,PA,AEA,EN,Combined TRACON& Tower with Radar,18,49,14,6,87,0,0,9,0,9,18,49,23,6,96,46,36,82,178
02/22/2009,MDT,PA,AEA,EN,Combined TRACON& Tower with Radar,19,63,14,1,97,0,1,0,0,1,19,64,14,1,98,0,0,0,98
02/23/2009,MDT,PA,AEA,EN,Combined TRACON& Tower with Radar,29,78,10,0,117,0,0,3,0,3,29,78,13,0,120,40,18,58,178
02/24/2009,MDT,PA,AEA,EN,Combined TRACON& Tower with Radar,28,84,27,24,163,0,1,8,5,14,28,85,35,29,177,16,80,96,273
02/25/2009,MDT,PA,AEA,EN,Combined TRACON& Tower with Radar,30,82,20,32,164,0,2,4,0,6,30,84,24,32,170,16,88,104,274
02/26/2009,MDT,PA,AEA,EN,Combined TRACON& Tower with Radar,31,91,15,23,160,0,0,5,1,6,31,91,20,24,166,16,68,84,250
02/27/2009,MDT,PA,AEA,EN,Combined TRACON& Tower with Radar,31,88,10,16,145,0,2,0,0,2,31,90,10,16,147,0,30,30,177
02/28/2009,MDT,PA,AEA,EN,Combined TRACON& Tower with Radar,17,59,14,12,102,0,0,8,0,8,17,59,22,12,110,28,22,50,160
03/01/2009,MDT,PA,AEA,EN,Combined TRACON& Tower with Radar,18,55,3,1,77,0,0,0,0,0,18,55,3,1,77,0,0,0,77
03/02/2009,MDT,PA,AEA,EN,Combined TRACON& Tower with Radar,33,82,7,0,122,0,0,0,0,0,33,82,7,0,122,0,0,0,122
03/03/2009,MDT,PA,AEA,EN,Combined TRACON& Tower with Radar,33,85,12,14,144,0,3,4,0,7,33,88,16,14,151,10,82,92,243
03/04/2009,MDT,PA,AEA,EN,Combined TRACON& Tower with Radar,33,84,18,41,176,0,0,16,1,17,33,84,34,42,193,14,150,164,357
03/05/2009,MDT,PA,AEA,EN,Combined TRACON& Tower with Radar,34,85,15,31,165,0,2,7,2,11,34,87,22,33,176,2,74,76,252
03/06/2009,MDT,PA,AEA,EN,Combined TRACON& Tower with Radar,30,85,17,18,150,0,1,7,4,12,30,86,24,22,162,30,56,86,248
03/07/2009,MDT,PA,AEA,EN,Combined TRACON& Tower with Radar,16,54,8,0,78,0,0,3,4,7,16,54,11,4,85,38,34,72,157
03/08/2009,MDT,PA,AEA,EN,Combined TRACON& Tower with Radar,14,66,7,3,90,0,1,7,1,9,14,67,14,4,99,0,0,0,99
03/09/2009,MDT,PA,AEA,EN,Combined TRACON& Tower with Radar,29,83,16,12,140,0,0,2,0,2,29,83,18,12,142,0,0,0,142
03/10/2009,MDT,PA,AEA,EN,Combined TRACON& Tower with Radar,32,89,22,16,159,0,0,2,2,4,32,89,24,18,163,16,58,74,237
03/11/2009,MDT,PA,AEA,EN,Combined TRACON& Tower with Radar,30,92,19,7,148,0,0,4,2,6,30,92,23,9,154,32,0,32,186
03/12/2009,MDT,PA,AEA,EN,Combined TRACON& Tower with Radar,34,84,22,29,169,0,0,11,3,14,34,84,33,32,183,20,106,126,309
03/13/2009,MDT,PA,AEA,EN,Combined TRACON& Tower with Radar,28,90,8,8,134,0,3,12,1,16,28,93,20,9,150,34,54,88,238
03/14/2009,MDT,PA,AEA,EN,Combined TRACON& Tower with Radar,18,58,12,0,88,0,0,11,0,11,18,58,23,0,99,0,0,0,99
03/15/2009,MDT,PA,AEA,EN,Combined TRACON& Tower with Radar,18,71,2,2,93,0,0,0,0,0,18,71,2,2,93,0,0,0,93
03/16/2009,MDT,PA,AEA,EN,Combined TRACON& Tower with Radar,30,81,23,12,146,0,0,3,0,3,30,81,26,12,149,16,48,64,213
03/17/2009,MDT,PA,AEA,EN,Combined TRACON& Tower with Radar,33,88,24,17,162,0,0,8,3,11,33,88,32,20,173,74,42,116,289
03/18/2009,MDT,PA,AEA,EN,Combined TRACON& Tower with Radar,30,79,31,9,149,0,0,6,0,6,30,79,37,9,155,0,0,0,155
03/19/2009,MDT,PA,AEA,EN,Combined TRACON& Tower with Radar,32,89,36,12,169,0,1,7,3,11,32,90,43,15,180,36,64,100,280
03/20/2009,MDT,PA,AEA,EN,Combined TRACON& Tower with Radar,31,86,14,4,135,0,0,13,0,13,31,86,27,4,148,0,0,0,148
03/21/2009,MDT,PA,AEA,EN,Combined TRACON& Tower with Radar,18,54,20,3,95,0,0,13,0,13,18,54,33,3,108,50,22,72,180
03/22/2009,MDT,PA,AEA,EN,Combined TRACON& Tower with Radar,19,69,12,8,108,0,0,12,2,14,19,69,24,10,122,14,54,68,190
03/23/2009,MDT,PA,AEA,EN,Combined TRACON& Tower with Radar,28,82,29,9,148,0,0,17,1,18,28,82,46,10,166,68,76,144,310
03/24/2009,MDT,PA,AEA,EN,Combined TRACON& Tower with Radar,32,85,12,34,163,0,0,7,3,10,32,85,19,37,173,44,128,172,345
03/25/2009,MDT,PA,AEA,EN,Combined TRACON& Tower with Radar,33,86,18,11,148,0,0,13,3,16,33,86,31,14,164,40,48,88,252
03/26/2009,MDT,PA,AEA,EN,Combined TRACON& Tower with Radar,31,84,22,12,149,0,0,0,0,0,31,84,22,12,149,28,12,40,189
03/27/2009,MDT,PA,AEA,EN,Combined TRACON& Tower with Radar,30,94,21,1,146,0,0,6,1,7,30,94,27,2,153,0,0,0,153
03/28/2009,MDT,PA,AEA,EN,Combined TRACON& Tower with Radar,20,56,11,0,87,0,0,0,0,0,20,56,11,0,87,30,0,30,117
03/29/2009,MDT,PA,AEA,EN,Combined TRACON& Tower with Radar,23,66,7,2,98,0,0,0,0,0,23,66,7,2,98,0,0,0,98
03/30/2009,MDT,PA,AEA,EN,Combined TRACON& Tower with Radar,30,80,13,51,174,0,0,2,1,3,30,80,15,52,177,18,92,110,287
03/31/2009,MDT,PA,AEA,EN,Combined TRACON& Tower with Radar,33,88,26,7,154,0,1,9,3,13,33,89,35,10,167,42,28,70,237
04/01/2009,MDT,PA,AEA,EN,Combined TRACON& Tower with Radar,32,89,15,7,143,0,0,0,0,0,32,89,15,7,143,0,0,0,143
04/02/2009,MDT,PA,AEA,EN,Combined TRACON& Tower with Radar,33,90,17,24,164,0,1,11,5,17,33,91,28,29,181,62,48,110,291
04/03/2009,MDT,PA,AEA,EN,Combined TRACON& Tower with Radar,37,86,10,9,142,0,0,0,0,0,37,86,10,9,142,0,0,0,142
04/04/2009,MDT,PA,AEA,EN,Combined TRACON& Tower with Radar,19,55,3,1,78,0,0,0,2,2,19,55,3,3,80,4,12,16,96
04/05/2009,MDT,PA,AEA,EN,Combined TRACON& Tower with Radar,0,0,0,0,0,0,0,0,0,0,0,0,0,0,0,36,10,46,46
04/06/2009,MDT,PA,AEA,EN,Combined TRACON& Tower with Radar,25,73,9,6,113,0,0,0,0,0,25,73,9,6,113,26,56,82,195
04/07/2009,MDT,PA,AEA,EN,Combined TRACON& Tower with Radar,30,93,23,37,183,0,0,1,0,1,30,93,24,37,184,22,78,100,284
04/08/2009,MDT,PA,AEA,EN,Combined TRACON& Tower with Radar,30,89,25,39,183,0,2,1,0,3,30,91,26,39,186,24,72,96,282
04/09/2009,MDT,PA,AEA,EN,Combined TRACON& Tower with Radar,29,96,19,19,163,0,0,17,1,18,29,96,36,20,181,0,0,0,181
04/10/2009,MDT,PA,AEA,EN,Combined TRACON& Tower with Radar,30,88,11,20,149,0,0,2,4,6,30,88,13,24,155,28,48,76,231
04/11/2009,MDT,PA,AEA,EN,Combined TRACON& Tower with Radar,21,54,8,5,88,0,0,3,0,3,21,54,11,5,91,0,0,0,91
04/12/2009,MDT,PA,AEA,EN,Combined TRACON& Tower with Radar,20,70,2,5,97,0,1,2,0,3,20,71,4,5,100,2,34,36,136
04/13/2009,MDT,PA,AEA,EN,Combined TRACON& Tower with Radar,27,86,19,28,160,0,1,13,0,14,27,87,32,28,174,36,82,118,292
04/14/2009,MDT,PA,AEA,EN,Combined TRACON& Tower with Radar,33,78,18,6,135,0,0,0,0,0,33,78,18,6,135,0,0,0,135
04/15/2009,MDT,PA,AEA,EN,Combined TRACON& Tower with Radar,33,87,19,25,164,0,0,1,1,2,33,87,20,26,166,16,90,106,272
04/16/2009,MDT,PA,AEA,EN,Combined TRACON& Tower with Radar,29,92,36,10,167,0,0,15,2,17,29,92,51,12,184,34,74,108,292
04/17/2009,MDT,PA,AEA,EN,Combined TRACON& Tower with Radar,30,93,10,15,148,0,0,4,1,5,30,93,14,16,153,38,64,102,255
04/18/2009,MDT,PA,AEA,EN,Combined TRACON& Tower with Radar,23,54,10,6,93,0,0,16,0,16,23,54,26,6,109,26,20,46,155
04/19/2009,MDT,PA,AEA,EN,Combined TRACON& Tower with Radar,22,57,6,8,93,0,0,1,0,1,22,57,7,8,94,32,36,68,162
04/20/2009,MDT,PA,AEA,EN,Combined TRACON& Tower with Radar,34,76,9,9,128,0,0,0,0,0,34,76,9,9,128,0,0,0,128
04/21/2009,MDT,PA,AEA,EN,Combined TRACON& Tower with Radar,30,83,29,23,165,0,0,0,1,1,30,83,29,24,166,44,70,114,280
04/22/2009,MDT,PA,AEA,EN,Combined TRACON& Tower with Radar,36,87,31,48,202,0,0,3,1,4,36,87,34,49,206,24,96,120,326
04/23/2009,MDT,PA,AEA,EN,Combined TRACON& Tower with Radar,27,89,19,39,174,0,0,5,0,5,27,89,24,39,179,38,90,128,307
04/24/2009,MDT,PA,AEA,EN,Combined TRACON& Tower with Radar,31,87,5,11,134,0,2,9,2,13,31,89,14,13,147,0,0,0,147
04/25/2009,MDT,PA,AEA,EN,Combined TRACON& Tower with Radar,24,47,16,3,90,0,0,5,0,5,24,47,21,3,95,53,83,136,231
04/26/2009,MDT,PA,AEA,EN,Combined TRACON& Tower with Radar,22,57,14,6,99,0,3,12,1,16,22,60,26,7,115,56,0,56,171
04/27/2009,MDT,PA,AEA,EN,Combined TRACON& Tower with Radar,27,77,15,12,131,0,0,10,0,10,27,77,25,12,141,36,118,154,295
04/28/2009,MDT,PA,AEA,EN,Combined TRACON& Tower with Radar,32,81,22,6,141,0,0,5,0,5,32,81,27,6,146,48,52,100,246
04/29/2009,MDT,PA,AEA,EN,Combined TRACON& Tower with Radar,31,84,18,48,181,0,0,4,0,4,31,84,22,48,185,22,82,104,289
04/30/2009,MDT,PA,AEA,EN,Combined TRACON& Tower with Radar,34,96,38,20,188,0,0,3,0,3,34,96,41,20,191,0,0,0,191
05/01/2009,MDT,PA,AEA,EN,Combined TRACON& Tower with Radar,28,81,13,4,126,0,0,3,2,5,28,81,16,6,131,0,0,0,131
05/02/2009,MDT,PA,AEA,EN,Combined TRACON& Tower with Radar,21,54,18,14,107,0,0,6,0,6,21,54,24,14,113,28,74,102,215
05/03/2009,MDT,PA,AEA,EN,Combined TRACON& Tower with Radar,22,66,9,5,102,0,0,2,0,2,22,66,11,5,104,26,32,58,162
05/04/2009,MDT,PA,AEA,EN,Combined TRACON& Tower with Radar,32,79,16,0,127,0,0,0,0,0,32,79,16,0,127,24,10,34,161
05/05/2009,MDT,PA,AEA,EN,Combined TRACON& Tower with Radar,35,82,20,59,196,0,0,4,0,4,35,82,24,59,200,52,146,198,398
05/06/2009,MDT,PA,AEA,EN,Combined TRACON& Tower with Radar,32,82,12,27,153,0,0,1,0,1,32,82,13,27,154,16,64,80,234
05/07/2009,MDT,PA,AEA,EN,Combined TRACON& Tower with Radar,42,97,18,22,179,0,3,4,4,11,42,100,22,26,190,0,0,0,190
05/08/2009,MDT,PA,AEA,EN,Combined TRACON& Tower with Radar,34,86,11,15,146,0,0,5,0,5,34,86,16,15,151,16,58,74,225
05/09/2009,MDT,PA,AEA,EN,Combined TRACON& Tower with Radar,23,57,10,6,96,0,1,6,0,7,23,58,16,6,103,0,0,0,103
05/10/2009,MDT,PA,AEA,EN,Combined TRACON& Tower with Radar,22,62,6,2,92,0,1,2,0,3,22,63,8,2,95,24,16,40,135
05/11/2009,MDT,PA,AEA,EN,Combined TRACON& Tower with Radar,30,82,26,14,152,0,0,13,1,14,30,82,39,15,166,28,58,86,252
05/12/2009,MDT,PA,AEA,EN,Combined TRACON& Tower with Radar,36,84,18,22,160,0,0,14,1,15,36,84,32,23,175,14,72,86,261
05/13/2009,MDT,PA,AEA,EN,Combined TRACON& Tower with Radar,33,82,23,19,157,0,1,18,6,25,33,83,41,25,182,24,72,96,278
05/14/2009,MDT,PA,AEA,EN,Combined TRACON& Tower with Radar,29,80,14,14,137,0,0,2,0,2,29,80,16,14,139,0,0,0,139
05/15/2009,MDT,PA,AEA,EN,Combined TRACON& Tower with Radar,37,81,19,20,157,0,3,7,0,10,37,84,26,20,167,22,108,130,297
05/16/2009,MDT,PA,AEA,EN,Combined TRACON& Tower with Radar,22,49,14,5,90,0,0,0,0,0,22,49,14,5,90,18,24,42,132
05/17/2009,MDT,PA,AEA,EN,Combined TRACON& Tower with Radar,24,63,10,3,100,0,0,1,0,1,24,63,11,3,101,44,46,90,191
05/18/2009,MDT,PA,AEA,EN,Combined TRACON& Tower with Radar,30,76,21,5,132,0,0,13,0,13,30,76,34,5,145,0,0,0,145
05/19/2009,MDT,PA,AEA,EN,Combined TRACON& Tower with Radar,34,88,28,14,164,0,1,12,10,23,34,89,40,24,187,58,50,108,295
05/20/2009,MDT,PA,AEA,EN,Combined TRACON& Tower with Radar,36,85,19,33,173,0,1,7,0,8,36,86,26,33,181,0,62,62,243
05/21/2009,MDT,PA,AEA,EN,Combined TRACON& Tower with Radar,35,89,16,41,181,0,0,22,1,23,35,89,38,42,204,30,66,96,300
05/22/2009,MDT,PA,AEA,EN,Combined TRACON& Tower with Radar,33,80,17,2,132,0,1,10,0,11,33,81,27,2,143,0,0,0,143
05/23/2009,MDT,PA,AEA,EN,Combined TRACON& Tower with Radar,22,54,4,1,81,0,1,2,0,3,22,55,6,1,84,16,34,50,134
05/24/2009,MDT,PA,AEA,EN,Combined TRACON& Tower with Radar,18,55,12,0,85,0,0,10,0,10,18,55,22,0,95,48,10,58,153
05/25/2009,MDT,PA,AEA,EN,Combined TRACON& Tower with Radar,22,63,13,2,100,0,0,1,0,1,22,63,14,2,101,26,22,48,149
05/26/2009,MDT,PA,AEA,EN,Combined TRACON& Tower with Radar,35,83,14,5,137,0,0,2,0,2,35,83,16,5,139,0,0,0,139
05/27/2009,MDT,PA,AEA,EN,Combined TRACON& Tower with Radar,35,81,16,11,143,0,0,0,0,0,35,81,16,11,143,8,0,8,151
05/28/2009,MDT,PA,AEA,EN,Combined TRACON& Tower with Radar,35,83,25,12,155,0,0,0,0,0,35,83,25,12,155,0,0,0,155
05/29/2009,MDT,PA,AEA,EN,Combined TRACON& Tower with Radar,45,94,18,7,164,0,1,6,0,7,45,95,24,7,171,36,26,62,233
05/30/2009,MDT,PA,AEA,EN,Combined TRACON& Tower with Radar,25,63,17,1,106,0,0,5,0,5,25,63,22,1,111,53,8,61,172
05/31/2009,MDT,PA,AEA,EN,Combined TRACON& Tower with Radar,20,68,17,2,107,0,0,12,0,12,20,68,29,2,119,88,10,98,217
06/01/2009,MDT,PA,AEA,EN,Combined TRACON& Tower with Radar,29,81,27,0,137,0,1,6,0,7,29,82,33,0,144,68,92,160,304
06/02/2009,MDT,PA,AEA,EN,Combined TRACON& Tower with Radar,31,74,23,12,140,0,1,4,1,6,31,75,27,13,146,98,82,180,326
06/03/2009,MDT,PA,AEA,EN,Combined TRACON& Tower with Radar,45,90,27,14,176,0,2,1,0,3,45,92,28,14,179,64,84,148,327
06/04/2009,MDT,PA,AEA,EN,Combined TRACON& Tower with Radar,28,88,32,23,171,0,0,1,0,1,28,88,33,23,172,40,48,88,260
06/05/2009,MDT,PA,AEA,EN,Combined TRACON& Tower with Radar,27,93,27,6,153,0,0,0,0,0,27,93,27,6,153,34,60,94,247
06/06/2009,MDT,PA,AEA,EN,Combined TRACON& Tower with Radar,17,54,9,4,84,0,1,5,1,7,17,55,14,5,91,64,18,82,173
06/07/2009,MDT,PA,AEA,EN,Combined TRACON& Tower with Radar,20,60,18,6,104,0,1,13,0,14,20,61,31,6,118,40,14,54,172
06/08/2009,MDT,PA,AEA,EN,Combined TRACON& Tower with Radar,23,81,15,12,131,0,0,1,1,2,23,81,16,13,133,38,46,84,217
06/09/2009,MDT,PA,AEA,EN,Combined TRACON& Tower with Radar,29,87,20,49,185,0,0,0,5,5,29,87,20,54,190,38,102,140,330
06/10/2009,MDT,PA,AEA,EN,Combined TRACON& Tower with Radar,27,98,19,13,157,0,0,5,3,8,27,98,24,16,165,42,82,124,289
06/11/2009,MDT,PA,AEA,EN,Combined TRACON& Tower with Radar,27,87,19,6,139,0,0,0,0,0,27,87,19,6,139,32,42,74,213
06/12/2009,MDT,PA,AEA,EN,Combined TRACON& Tower with Radar,27,86,26,9,148,0,1,3,0,4,27,87,29,9,152,68,56,124,276
06/13/2009,MDT,PA,AEA,EN,Combined TRACON& Tower with Radar,17,54,9,4,84,0,1,5,1,7,17,55,14,5,91,68,12,80,171
06/14/2009,MDT,PA,AEA,EN,Combined TRACON& Tower with Radar,20,60,18,6,104,0,1,13,0,14,20,61,31,6,118,118,8,126,244
06/15/2009,MDT,PA,AEA,EN,Combined TRACON& Tower with Radar,29,89,20,15,153,0,0,14,0,14,29,89,34,15,167,72,40,112,279
06/16/2009,MDT,PA,AEA,EN,Combined TRACON& Tower with Radar,26,96,33,12,167,0,0,2,0,2,26,96,35,12,169,104,108,212,381
06/17/2009,MDT,PA,AEA,EN,Combined TRACON& Tower with Radar,27,99,22,23,171,0,4,1,0,5,27,103,23,23,176,36,24,60,236
06/18/2009,MDT,PA,AEA,EN,Combined TRACON& Tower with Radar,31,98,20,11,160,0,0,3,2,5,31,98,23,13,165,30,20,50,215
06/19/2009,MDT,PA,AEA,EN,Combined TRACON& Tower with Radar,29,93,17,6,145,0,0,6,2,8,29,93,23,8,153,48,22,70,223
06/20/2009,MDT,PA,AEA,EN,Combined TRACON& Tower with Radar,21,53,6,0,80,0,1,0,0,1,21,54,6,0,81,20,6,26,107
06/21/2009,MDT,PA,AEA,EN,Combined TRACON& Tower with Radar,21,67,15,6,109,0,0,4,0,4,21,67,19,6,113,66,24,90,203
06/22/2009,MDT,PA,AEA,EN,Combined TRACON& Tower with Radar,24,81,27,6,138,0,2,6,0,8,24,83,33,6,146,46,46,92,238
06/23/2009,MDT,PA,AEA,EN,Combined TRACON& Tower with Radar,31,90,23,17,161,0,0,10,3,13,31,90,33,20,174,34,18,52,226
06/24/2009,MDT,PA,AEA,EN,Combined TRACON& Tower with Radar,27,93,13,34,167,0,0,7,1,8,27,93,20,35,175,22,30,52,227
06/25/2009,MDT,PA,AEA,EN,Combined TRACON& Tower with Radar,33,91,31,4,159,0,0,12,4,16,33,91,43,8,175,62,54,116,291
06/26/2009,MDT,PA,AEA,EN,Combined TRACON& Tower with Radar,31,83,8,0,122,0,0,2,1,3,31,83,10,1,125,49,50,99,224
06/27/2009,MDT,PA,AEA,EN,Combined TRACON& Tower with Radar,22,53,8,8,91,0,0,4,1,5,22,53,12,9,96,0,0,0,96
06/28/2009,MDT,PA,AEA,EN,Combined TRACON& Tower with Radar,19,64,21,2,106,0,0,7,0,7,19,64,28,2,113,50,56,106,219
06/29/2009,MDT,PA,AEA,EN,Combined TRACON& Tower with Radar,28,83,21,15,147,0,1,14,0,15,28,84,35,15,162,36,62,98,260
06/30/2009,MDT,PA,AEA,EN,Combined TRACON& Tower with Radar,34,89,27,11,161,0,0,8,0,8,34,89,35,11,169,18,10,28,197
07/01/2009,MDT,PA,AEA,EN,Combined TRACON& Tower with Radar,33,80,11,2,126,0,0,5,0,5,33,80,16,2,131,18,54,72,203
07/02/2009,MDT,PA,AEA,EN,Combined TRACON& Tower with Radar,29,88,21,8,146,0,0,5,0,5,29,88,26,8,151,20,32,52,203
07/03/2009,MDT,PA,AEA,EN,Combined TRACON& Tower with Radar,25,62,7,0,94,0,0,1,0,1,25,62,8,0,95,28,0,28,123
07/04/2009,MDT,PA,AEA,EN,Combined TRACON& Tower with Radar,15,48,8,2,73,0,0,3,0,3,15,48,11,2,76,24,6,30,106
07/05/2009,MDT,PA,AEA,EN,Combined TRACON& Tower with Radar,22,66,13,0,101,0,1,2,0,3,22,67,15,0,104,90,22,112,216
07/06/2009,MDT,PA,AEA,EN,Combined TRACON& Tower with Radar,27,88,13,6,134,0,1,8,0,9,27,89,21,6,143,64,82,146,289
07/07/2009,MDT,PA,AEA,EN,Combined TRACON& Tower with Radar,29,84,18,20,151,0,2,8,0,10,29,86,26,20,161,0,72,72,233
07/08/2009,MDT,PA,AEA,EN,Combined TRACON& Tower with Radar,31,87,45,11,174,0,0,19,4,23,31,87,64,15,197,26,24,50,247
07/09/2009,MDT,PA,AEA,EN,Combined TRACON& Tower with Radar,30,91,21,31,173,0,0,10,4,14,30,91,31,35,187,36,84,120,307
07/10/2009,MDT,PA,AEA,EN,Combined TRACON& Tower with Radar,31,92,19,22,164,0,2,12,0,14,31,94,31,22,178,72,122,194,372
07/11/2009,MDT,PA,AEA,EN,Combined TRACON& Tower with Radar,22,49,2,0,73,0,3,5,0,8,22,52,7,0,81,34,58,92,173
07/12/2009,MDT,PA,AEA,EN,Combined TRACON& Tower with Radar,22,61,13,2,98,0,3,8,4,15,22,64,21,6,113,86,34,120,233
07/13/2009,MDT,PA,AEA,EN,Combined TRACON& Tower with Radar,29,82,15,4,130,0,0,1,1,2,29,82,16,5,132,52,54,106,238
07/14/2009,MDT,PA,AEA,EN,Combined TRACON& Tower with Radar,32,86,10,51,179,0,1,10,6,17,32,87,20,57,196,14,66,80,276
07/15/2009,MDT,PA,AEA,EN,Combined TRACON& Tower with Radar,30,88,9,23,150,0,0,21,2,23,30,88,30,25,173,10,48,58,231
07/16/2009,MDT,PA,AEA,EN,Combined TRACON& Tower with Radar,31,95,25,28,179,0,0,5,2,7,31,95,30,30,186,36,60,96,282
07/17/2009,MDT,PA,AEA,EN,Combined TRACON& Tower with Radar,31,81,9,20,141,0,0,3,1,4,31,81,12,21,145,10,24,34,179
07/18/2009,MDT,PA,AEA,EN,Combined TRACON& Tower with Radar,22,47,5,0,74,0,0,7,0,7,22,47,12,0,81,18,44,62,143
07/19/2009,MDT,PA,AEA,EN,Combined TRACON& Tower with Radar,24,55,13,2,94,0,1,15,0,16,24,56,28,2,110,78,20,98,208
07/20/2009,MDT,PA,AEA,EN,Combined TRACON& Tower with Radar,33,78,18,8,137,0,0,8,0,8,33,78,26,8,145,8,14,22,167
07/21/2009,MDT,PA,AEA,EN,Combined TRACON& Tower with Radar,34,88,7,21,150,0,0,8,1,9,34,88,15,22,159,34,64,98,257
07/22/2009,MDT,PA,AEA,EN,Combined TRACON& Tower with Radar,29,100,20,14,163,0,0,8,0,8,29,100,28,14,171,0,0,0,171
07/23/2009,MDT,PA,AEA,EN,Combined TRACON& Tower with Radar,32,84,22,15,153,0,0,1,0,1,32,84,23,15,154,0,0,0,154
07/24/2009,MDT,PA,AEA,EN,Combined TRACON& Tower with Radar,31,82,12,13,138,0,0,1,1,2,31,82,13,14,140,0,0,0,140
07/25/2009,MDT,PA,AEA,EN,Combined TRACON& Tower with Radar,25,56,8,0,89,0,0,5,0,5,25,56,13,0,94,60,46,106,200
07/26/2009,MDT,PA,AEA,EN,Combined TRACON& Tower with Radar,27,57,9,0,93,0,1,3,0,4,27,58,12,0,97,100,6,106,203
07/27/2009,MDT,PA,AEA,EN,Combined TRACON& Tower with Radar,29,88,14,9,140,0,0,10,0,10,29,88,24,9,150,39,7,46,196
07/28/2009,MDT,PA,AEA,EN,Combined TRACON& Tower with Radar,32,86,14,20,152,0,0,5,5,10,32,86,19,25,162,42,80,122,284
07/29/2009,MDT,PA,AEA,EN,Combined TRACON& Tower with Radar,44,88,25,4,161,0,0,0,0,0,44,88,25,4,161,0,0,0,161
07/30/2009,MDT,PA,AEA,EN,Combined TRACON& Tower with Radar,32,100,30,14,176,0,4,10,0,14,32,104,40,14,190,20,78,98,288
07/31/2009,MDT,PA,AEA,EN,Combined TRACON& Tower with Radar,34,82,17,4,137,0,0,0,0,0,34,82,17,4,137,0,0,0,137
08/01/2009,MDT,PA,AEA,EN,Combined TRACON& Tower with Radar,25,48,16,23,112,0,1,9,2,12,25,49,25,25,124,0,0,0,124
08/02/2009,MDT,PA,AEA,EN,Combined TRACON& Tower with Radar,25,64,5,0,94,0,0,1,0,1,25,64,6,0,95,10,26,36,131
08/03/2009,MDT,PA,AEA,EN,Combined TRACON& Tower with Radar,25,83,23,5,136,0,0,8,2,10,25,83,31,7,146,0,0,0,146
08/04/2009,MDT,PA,AEA,EN,Combined TRACON& Tower with Radar,30,88,25,24,167,0,1,11,5,17,30,89,36,29,184,20,104,124,308
08/05/2009,MDT,PA,AEA,EN,Combined TRACON& Tower with Radar,31,86,12,7,136,0,1,4,0,5,31,87,16,7,141,24,78,102,243
08/06/2009,MDT,PA,AEA,EN,Combined TRACON& Tower with Radar,35,79,18,23,155,0,2,6,0,8,35,81,24,23,163,28,102,130,293
08/07/2009,MDT,PA,AEA,EN,Combined TRACON& Tower with Radar,34,93,18,1,146,0,0,7,0,7,34,93,25,1,153,46,100,146,299
08/08/2009,MDT,PA,AEA,EN,Combined TRACON& Tower with Radar,22,49,15,3,89,0,0,8,0,8,22,49,23,3,97,24,16,40,137
08/09/2009,MDT,PA,AEA,EN,Combined TRACON& Tower with Radar,19,44,27,3,93,0,3,1,0,4,19,47,28,3,97,0,0,0,97
08/10/2009,MDT,PA,AEA,EN,Combined TRACON& Tower with Radar,28,79,15,4,126,0,0,3,0,3,28,79,18,4,129,30,2,32,161
08/11/2009,MDT,PA,AEA,EN,Combined TRACON& Tower with Radar,31,91,15,22,159,0,2,3,1,6,31,93,18,23,165,46,22,68,233
08/12/2009,MDT,PA,AEA,EN,Combined TRACON& Tower with Radar,36,88,21,17,162,0,0,6,3,9,36,88,27,20,171,40,104,144,315
08/13/2009,MDT,PA,AEA,EN,Combined TRACON& Tower with Radar,31,97,35,42,205,0,0,8,3,11,31,97,43,45,216,44,88,132,348
08/14/2009,MDT,PA,AEA,EN,Combined TRACON& Tower with Radar,29,84,11,5,129,0,1,5,0,6,29,85,16,5,135,54,60,114,249
08/15/2009,MDT,PA,AEA,EN,Combined TRACON& Tower with Radar,26,47,9,6,88,0,0,6,0,6,26,47,15,6,94,60,50,110,204
08/16/2009,MDT,PA,AEA,EN,Combined TRACON& Tower with Radar,21,65,10,10,106,0,0,14,0,14,21,65,24,10,120,80,32,112,232
08/17/2009,MDT,PA,AEA,EN,Combined TRACON& Tower with Radar,28,77,6,19,130,0,0,5,2,7,28,77,11,21,137,40,32,72,209
08/18/2009,MDT,PA,AEA,EN,Combined TRACON& Tower with Radar,33,89,10,9,141,0,0,12,0,12,33,89,22,9,153,32,142,174,327
08/19/2009,MDT,PA,AEA,EN,Combined TRACON& Tower with Radar,30,86,9,18,143,0,0,1,0,1,30,86,10,18,144,36,72,108,252
08/20/2009,MDT,PA,AEA,EN,Combined TRACON& Tower with Radar,32,92,15,24,163,0,0,1,0,1,32,92,16,24,164,18,58,76,240
08/21/2009,MDT,PA,AEA,EN,Combined TRACON& Tower with Radar,42,96,11,3,152,0,0,4,0,4,42,96,15,3,156,16,38,54,210
08/22/2009,MDT,PA,AEA,EN,Combined TRACON& Tower with Radar,23,48,10,0,81,0,0,0,0,0,23,48,10,0,81,62,50,112,193
08/23/2009,MDT,PA,AEA,EN,Combined TRACON& Tower with Radar,23,57,9,11,100,0,0,4,0,4,23,57,13,11,104,50,64,114,218
08/24/2009,MDT,PA,AEA,EN,Combined TRACON& Tower with Radar,32,83,16,14,145,0,1,6,0,7,32,84,22,14,152,60,108,168,320
08/25/2009,MDT,PA,AEA,EN,Combined TRACON& Tower with Radar,32,81,19,30,162,0,0,7,4,11,32,81,26,34,173,54,134,188,361
08/26/2009,MDT,PA,AEA,EN,Combined TRACON& Tower with Radar,30,90,17,17,154,0,0,4,3,7,30,90,21,20,161,80,106,186,347
08/27/2009,MDT,PA,AEA,EN,Combined TRACON& Tower with Radar,35,97,17,14,163,0,1,8,0,9,35,98,25,14,172,40,92,132,304
08/28/2009,MDT,PA,AEA,EN,Combined TRACON& Tower with Radar,33,85,34,4,156,0,0,0,0,0,33,85,34,4,156,18,0,18,174
08/29/2009,MDT,PA,AEA,EN,Combined TRACON& Tower with Radar,18,46,6,1,71,0,0,0,0,0,18,46,6,1,71,50,58,108,179
08/30/2009,MDT,PA,AEA,EN,Combined TRACON& Tower with Radar,19,56,14,0,89,0,0,5,0,5,19,56,19,0,94,64,0,64,158
08/31/2009,MDT,PA,AEA,EN,Combined TRACON& Tower with Radar,34,81,17,22,154,0,0,8,0,8,34,81,25,22,162,108,106,214,376
09/01/2009,MDT,PA,AEA,EN,Combined TRACON& Tower with Radar,30,78,20,11,139,0,3,15,0,18,30,81,35,11,157,144,84,228,385
09/02/2009,MDT,PA,AEA,EN,Combined TRACON& Tower with Radar,34,79,23,11,147,0,0,12,2,14,34,79,35,13,161,108,98,206,367
09/03/2009,MDT,PA,AEA,EN,Combined TRACON& Tower with Radar,34,82,15,29,160,0,0,9,1,10,34,82,24,30,170,36,60,96,266
09/04/2009,MDT,PA,AEA,EN,Combined TRACON& Tower with Radar,33,79,16,0,128,0,0,13,0,13,33,79,29,0,141,162,94,256,397
09/05/2009,MDT,PA,AEA,EN,Combined TRACON& Tower with Radar,18,39,4,0,61,0,0,4,0,4,18,39,8,0,65,104,12,116,181
09/06/2009,MDT,PA,AEA,EN,Combined TRACON& Tower with Radar,17,42,8,0,67,0,0,8,0,8,17,42,16,0,75,148,32,180,255
09/07/2009,MDT,PA,AEA,EN,Combined TRACON& Tower with Radar,21,60,8,0,89,0,0,2,0,2,21,60,10,0,91,56,16,72,163
09/08/2009,MDT,PA,AEA,EN,Combined TRACON& Tower with Radar,33,84,14,27,158,0,2,0,1,3,33,86,14,28,161,40,78,118,279
09/09/2009,MDT,PA,AEA,EN,Combined TRACON& Tower with Radar,34,77,32,26,169,0,0,6,0,6,34,77,38,26,175,16,40,56,231
09/10/2009,MDT,PA,AEA,EN,Combined TRACON& Tower with Radar,34,78,29,48,189,0,1,3,0,4,34,79,32,48,193,49,96,145,338
09/11/2009,MDT,PA,AEA,EN,Combined TRACON& Tower with Radar,31,81,22,6,140,0,0,0,0,0,31,81,22,6,140,54,2,56,196
09/12/2009,MDT,PA,AEA,EN,Combined TRACON& Tower with Radar,15,44,14,0,73,0,0,0,2,2,15,44,14,2,75,60,50,110,185
09/13/2009,MDT,PA,AEA,EN,Combined TRACON& Tower with Radar,17,57,20,4,98,0,0,11,4,15,17,57,31,8,113,42,42,84,197
09/14/2009,MDT,PA,AEA,EN,Combined TRACON& Tower with Radar,28,78,19,20,145,0,0,7,0,7,28,78,26,20,152,40,54,94,246
09/15/2009,MDT,PA,AEA,EN,Combined TRACON& Tower with Radar,28,74,28,5,135,0,2,6,0,8,28,76,34,5,143,44,28,72,215
09/16/2009,MDT,PA,AEA,EN,Combined TRACON& Tower with Radar,31,83,24,14,152,0,2,5,0,7,31,85,29,14,159,48,60,108,267
09/17/2009,MDT,PA,AEA,EN,Combined TRACON& Tower with Radar,32,81,45,19,177,0,0,1,1,2,32,81,46,20,179,28,58,86,265
09/18/2009,MDT,PA,AEA,EN,Combined TRACON& Tower with Radar,30,77,13,1,121,0,2,4,1,7,30,79,17,2,128,84,66,150,278
09/19/2009,MDT,PA,AEA,EN,Combined TRACON& Tower with Radar,15,42,10,2,69,0,2,9,1,12,15,44,19,3,81,84,50,134,215
09/20/2009,MDT,PA,AEA,EN,Combined TRACON& Tower with Radar,16,63,25,27,131,0,0,17,0,17,16,63,42,27,148,0,0,0,148
09/21/2009,MDT,PA,AEA,EN,Combined TRACON& Tower with Radar,29,77,14,9,129,0,0,9,0,9,29,77,23,9,138,64,46,110,248
09/22/2009,MDT,PA,AEA,EN,Combined TRACON& Tower with Radar,29,82,27,7,145,0,0,1,0,1,29,82,28,7,146,48,42,90,236
09/23/2009,MDT,PA,AEA,EN,Combined TRACON& Tower with Radar,31,80,29,45,185,0,0,1,1,2,31,80,30,46,187,8,114,122,309
09/24/2009,MDT,PA,AEA,EN,Combined TRACON& Tower with Radar,30,94,26,14,164,0,0,3,1,4,30,94,29,15,168,24,38,62,230
09/25/2009,MDT,PA,AEA,EN,Combined TRACON& Tower with Radar,32,82,18,5,137,0,0,4,1,5,32,82,22,6,142,58,68,126,268
09/26/2009,MDT,PA,AEA,EN,Combined TRACON& Tower with Radar,16,48,13,1,78,0,0,6,0,6,16,48,19,1,84,32,22,54,138
09/27/2009,MDT,PA,AEA,EN,Combined TRACON& Tower with Radar,17,58,17,2,94,0,0,2,1,3,17,58,19,3,97,0,0,0,97
09/28/2009,MDT,PA,AEA,EN,Combined TRACON& Tower with Radar,29,81,17,6,133,0,0,4,3,7,29,81,21,9,140,28,58,86,226
09/29/2009,MDT,PA,AEA,EN,Combined TRACON& Tower with Radar,28,78,16,2,124,0,0,1,6,7,28,78,17,8,131,56,78,134,265
09/30/2009,MDT,PA,AEA,EN,Combined TRACON& Tower with Radar,30,84,10,9,133,0,2,7,0,9,30,86,17,9,142,38,0,38,180
10/01/2009,MDT,PA,AEA,EN,Combined TRACON& Tower with Radar,30,87,20,12,149,0,0,8,3,11,30,87,28,15,160,34,120,154,314
10/02/2009,MDT,PA,AEA,EN,Combined TRACON& Tower with Radar,30,76,19,20,145,0,0,6,0,6,30,76,25,20,151,74,92,166,317
10/03/2009,MDT,PA,AEA,EN,Combined TRACON& Tower with Radar,17,43,12,0,72,0,0,2,0,2,17,43,14,0,74,0,0,0,74
10/04/2009,MDT,PA,AEA,EN,Combined TRACON& Tower with Radar,19,54,4,0,77,0,1,8,0,9,19,55,12,0,86,32,16,48,134
10/05/2009,MDT,PA,AEA,EN,Combined TRACON& Tower with Radar,29,76,23,23,151,0,0,4,0,4,29,76,27,23,155,28,46,74,229
10/06/2009,MDT,PA,AEA,EN,Combined TRACON& Tower with Radar,32,74,27,15,148,0,0,8,1,9,32,74,35,16,157,28,56,84,241
10/07/2009,MDT,PA,AEA,EN,Combined TRACON& Tower with Radar,30,84,34,13,161,0,2,2,2,6,30,86,36,15,167,0,22,22,189
10/08/2009,MDT,PA,AEA,EN,Combined TRACON& Tower with Radar,33,91,41,31,196,0,1,17,6,24,33,92,58,37,220,44,96,140,360
10/09/2009,MDT,PA,AEA,EN,Combined TRACON& Tower with Radar,32,93,38,16,179,0,0,0,0,0,32,93,38,16,179,48,84,132,311
10/10/2009,MDT,PA,AEA,EN,Combined TRACON& Tower with Radar,18,51,21,5,95,0,0,1,1,2,18,51,22,6,97,32,26,58,155
10/11/2009,MDT,PA,AEA,EN,Combined TRACON& Tower with Radar,21,64,24,2,111,0,0,5,0,5,21,64,29,2,116,70,26,96,212
10/12/2009,MDT,PA,AEA,EN,Combined TRACON& Tower with Radar,24,78,22,3,127,0,0,6,2,8,24,78,28,5,135,38,30,68,203
10/13/2009,MDT,PA,AEA,EN,Combined TRACON& Tower with Radar,29,87,17,5,138,0,0,4,0,4,29,87,21,5,142,38,48,86,228
10/14/2009,MDT,PA,AEA,EN,Combined TRACON& Tower with Radar,28,75,17,12,132,0,0,6,3,9,28,75,23,15,141,60,50,110,251
10/15/2009,MDT,PA,AEA,EN,Combined TRACON& Tower with Radar,32,87,33,7,159,0,0,0,0,0,32,87,33,7,159,0,0,0,159
10/16/2009,MDT,PA,AEA,EN,Combined TRACON& Tower with Radar,32,80,14,3,129,0,0,0,0,0,32,80,14,3,129,54,56,110,239
10/17/2009,MDT,PA,AEA,EN,Combined TRACON& Tower with Radar,20,44,17,1,82,0,0,0,0,0,20,44,17,1,82,0,0,0,82
10/18/2009,MDT,PA,AEA,EN,Combined TRACON& Tower with Radar,19,64,16,2,101,0,0,1,0,1,19,64,17,2,102,54,56,110,212
10/19/2009,MDT,PA,AEA,EN,Combined TRACON& Tower with Radar,29,79,11,15,134,0,2,4,0,6,29,81,15,15,140,98,98,196,336
10/20/2009,MDT,PA,AEA,EN,Combined TRACON& Tower with Radar,29,76,26,12,143,0,3,15,0,18,29,79,41,12,161,0,0,0,161
10/21/2009,MDT,PA,AEA,EN,Combined TRACON& Tower with Radar,32,87,41,35,195,0,1,12,3,16,32,88,53,38,211,82,86,168,379
10/22/2009,MDT,PA,AEA,EN,Combined TRACON& Tower with Radar,35,84,19,11,149,0,0,9,0,9,35,84,28,11,158,30,40,70,228
10/23/2009,MDT,PA,AEA,EN,Combined TRACON& Tower with Radar,30,84,12,19,145,0,0,2,1,3,30,84,14,20,148,44,52,96,244
10/24/2009,MDT,PA,AEA,EN,Combined TRACON& Tower with Radar,17,47,5,1,70,0,0,0,0,0,17,47,5,1,70,50,60,110,180
10/25/2009,MDT,PA,AEA,EN,Combined TRACON& Tower with Radar,21,64,10,0,95,0,0,13,0,13,21,64,23,0,108,0,0,0,108
10/26/2009,MDT,PA,AEA,EN,Combined TRACON& Tower with Radar,31,73,11,30,145,0,0,5,3,8,31,73,16,33,153,30,56,86,239
10/27/2009,MDT,PA,AEA,EN,Combined TRACON& Tower with Radar,30,78,20,13,141,0,0,0,0,0,30,78,20,13,141,0,0,0,141
10/28/2009,MDT,PA,AEA,EN,Combined TRACON& Tower with Radar,33,77,31,25,166,0,0,0,0,0,33,77,31,25,166,0,0,0,166
10/29/2009,MDT,PA,AEA,EN,Combined TRACON& Tower with Radar,32,82,25,22,161,0,0,0,0,0,32,82,25,22,161,50,72,122,283
10/30/2009,MDT,PA,AEA,EN,Combined TRACON& Tower with Radar,29,83,18,16,146,0,0,0,0,0,29,83,18,16,146,26,30,56,202
10/31/2009,MDT,PA,AEA,EN,Combined TRACON& Tower with Radar,19,43,10,0,72,0,0,0,0,0,19,43,10,0,72,24,0,24,96
11/01/2009,MDT,PA,AEA,EN,Combined TRACON& Tower with Radar,21,62,8,1,92,0,1,7,0,8,21,63,15,1,100,0,0,0,100
11/02/2009,MDT,PA,AEA,EN,Combined TRACON& Tower with Radar,29,75,17,6,127,0,1,6,0,7,29,76,23,6,134,88,14,102,236
11/03/2009,MDT,PA,AEA,EN,Combined TRACON& Tower with Radar,29,73,36,7,145,0,3,10,3,16,29,76,46,10,161,48,64,112,273
11/04/2009,MDT,PA,AEA,EN,Combined TRACON& Tower with Radar,32,80,35,13,160,0,0,14,1,15,32,80,49,14,175,34,26,60,235
11/05/2009,MDT,PA,AEA,EN,Combined TRACON& Tower with Radar,35,86,25,11,157,0,0,5,3,8,35,86,30,14,165,60,108,168,333
11/06/2009,MDT,PA,AEA,EN,Combined TRACON& Tower with Radar,31,81,22,33,167,0,0,2,0,2,31,81,24,33,169,74,52,126,295
11/07/2009,MDT,PA,AEA,EN,Combined TRACON& Tower with Radar,20,43,11,4,78,0,0,3,2,5,20,43,14,6,83,74,70,144,227
11/08/2009,MDT,PA,AEA,EN,Combined TRACON& Tower with Radar,20,61,6,8,95,0,0,32,22,54,20,61,38,30,149,0,0,0,149
11/09/2009,MDT,PA,AEA,EN,Combined TRACON& Tower with Radar,32,77,13,10,132,0,0,9,2,11,32,77,22,12,143,44,66,110,253
11/10/2009,MDT,PA,AEA,EN,Combined TRACON& Tower with Radar,29,78,29,13,149,0,2,4,4,10,29,80,33,17,159,50,102,152,311
11/11/2009,MDT,PA,AEA,EN,Combined TRACON& Tower with Radar,31,83,22,4,140,0,0,12,0,12,31,83,34,4,152,138,10,148,300
11/12/2009,MDT,PA,AEA,EN,Combined TRACON& Tower with Radar,37,86,19,19,161,0,2,0,0,2,37,88,19,19,163,38,154,192,355
11/13/2009,MDT,PA,AEA,EN,Combined TRACON& Tower with Radar,28,82,28,14,152,0,0,1,0,1,28,82,29,14,153,52,56,108,261
11/14/2009,MDT,PA,AEA,EN,Combined TRACON& Tower with Radar,22,42,11,4,79,0,0,0,0,0,22,42,11,4,79,24,24,48,127
11/15/2009,MDT,PA,AEA,EN,Combined TRACON& Tower with Radar,20,58,19,4,101,0,0,12,0,12,20,58,31,4,113,82,26,108,221
11/16/2009,MDT,PA,AEA,EN,Combined TRACON& Tower with Radar,27,75,19,14,135,0,0,13,0,13,27,75,32,14,148,38,42,80,228
11/17/2009,MDT,PA,AEA,EN,Combined TRACON& Tower with Radar,35,72,22,14,143,0,0,4,0,4,35,72,26,14,147,44,68,112,259
11/18/2009,MDT,PA,AEA,EN,Combined TRACON& Tower with Radar,30,81,30,34,175,0,1,8,2,11,30,82,38,36,186,34,100,134,320
11/19/2009,MDT,PA,AEA,EN,Combined TRACON& Tower with Radar,35,78,34,11,158,0,0,0,0,0,35,78,34,11,158,0,0,0,158
11/20/2009,MDT,PA,AEA,EN,Combined TRACON& Tower with Radar,31,82,19,14,146,0,2,8,1,11,31,84,27,15,157,60,32,92,249
11/21/2009,MDT,PA,AEA,EN,Combined TRACON& Tower with Radar,19,42,11,2,74,0,1,5,0,6,19,43,16,2,80,0,0,0,80
11/22/2009,MDT,PA,AEA,EN,Combined TRACON& Tower with Radar,14,61,7,0,82,0,0,10,0,10,14,61,17,0,92,44,20,64,156
11/23/2009,MDT,PA,AEA,EN,Combined TRACON& Tower with Radar,30,71,20,12,133,0,0,0,2,2,30,71,20,14,135,0,0,0,135
11/24/2009,MDT,PA,AEA,EN,Combined TRACON& Tower with Radar,42,87,13,26,168,0,0,0,0,0,42,87,13,26,168,0,16,16,184
11/25/2009,MDT,PA,AEA,EN,Combined TRACON& Tower with Radar,30,86,5,17,138,0,0,0,0,0,30,86,5,17,138,0,0,0,138
11/26/2009,MDT,PA,AEA,EN,Combined TRACON& Tower with Radar,16,28,0,0,44,0,0,0,0,0,16,28,0,0,44,0,0,0,44
11/27/2009,MDT,PA,AEA,EN,Combined TRACON& Tower with Radar,19,59,2,0,80,0,0,2,0,2,19,59,4,0,82,0,0,0,82
11/28/2009,MDT,PA,AEA,EN,Combined TRACON& Tower with Radar,16,53,9,0,78,0,0,4,0,4,16,53,13,0,82,38,48,86,168
11/29/2009,MDT,PA,AEA,EN,Combined TRACON& Tower with Radar,21,67,19,0,107,0,2,12,0,14,21,69,31,0,121,0,0,0,121
11/30/2009,MDT,PA,AEA,EN,Combined TRACON& Tower with Radar,28,79,16,4,127,0,0,0,0,0,28,79,16,4,127,52,16,68,195
12/01/2009,MDT,PA,AEA,EN,Combined TRACON& Tower with Radar,39,81,35,16,171,0,2,10,2,14,39,83,45,18,185,36,98,134,319
12/02/2009,MDT,PA,AEA,EN,Combined TRACON& Tower with Radar,33,80,26,17,156,0,0,2,0,2,33,80,28,17,158,52,68,120,278
12/03/2009,MDT,PA,AEA,EN,Combined TRACON& Tower with Radar,37,82,28,23,170,0,1,6,1,8,37,83,34,24,178,40,60,100,278
12/04/2009,MDT,PA,AEA,EN,Combined TRACON& Tower with Radar,33,81,30,9,153,0,0,9,1,10,33,81,39,10,163,37,31,68,231
12/05/2009,MDT,PA,AEA,EN,Combined TRACON& Tower with Radar,20,48,1,3,72,0,0,0,0,0,20,48,1,3,72,0,0,0,72
12/06/2009,MDT,PA,AEA,EN,Combined TRACON& Tower with Radar,20,60,22,3,105,0,1,7,0,8,20,61,29,3,113,72,0,72,185
12/07/2009,MDT,PA,AEA,EN,Combined TRACON& Tower with Radar,29,78,23,34,164,0,0,2,0,2,29,78,25,34,166,0,144,144,310
12/08/2009,MDT,PA,AEA,EN,Combined TRACON& Tower with Radar,32,70,13,24,139,0,1,6,2,9,32,71,19,26,148,48,96,144,292
12/09/2009,MDT,PA,AEA,EN,Combined TRACON& Tower with Radar,35,84,16,16,151,0,0,0,3,3,35,84,16,19,154,0,0,0,154
12/10/2009,MDT,PA,AEA,EN,Combined TRACON& Tower with Radar,41,98,16,47,202,0,0,4,11,15,41,98,20,58,217,40,108,148,365
12/11/2009,MDT,PA,AEA,EN,Combined TRACON& Tower with Radar,30,79,13,2,124,0,0,3,0,3,30,79,16,2,127,0,0,0,127
12/12/2009,MDT,PA,AEA,EN,Combined TRACON& Tower with Radar,20,44,12,3,79,0,1,8,1,10,20,45,20,4,89,64,40,104,193
12/13/2009,MDT,PA,AEA,EN,Combined TRACON& Tower with Radar,19,58,2,3,82,0,0,0,0,0,19,58,2,3,82,0,0,0,82
12/14/2009,MDT,PA,AEA,EN,Combined TRACON& Tower with Radar,51,82,26,0,159,0,0,4,1,5,51,82,30,1,164,6,44,50,214
12/15/2009,MDT,PA,AEA,EN,Combined TRACON& Tower with Radar,39,74,11,42,166,0,0,4,1,5,39,74,15,43,171,36,104,140,311
12/16/2009,MDT,PA,AEA,EN,Combined TRACON& Tower with Radar,35,79,29,43,186,0,0,6,4,10,35,79,35,47,196,44,96,140,336
12/17/2009,MDT,PA,AEA,EN,Combined TRACON& Tower with Radar,36,98,19,26,179,0,1,3,3,7,36,99,22,29,186,44,140,184,370
12/18/2009,MDT,PA,AEA,EN,Combined TRACON& Tower with Radar,30,78,20,0,128,0,0,14,1,15,30,78,34,1,143,112,20,132,275
12/19/2009,MDT,PA,AEA,EN,Combined TRACON& Tower with Radar,12,18,2,0,32,0,0,0,0,0,12,18,2,0,32,0,0,0,32
12/20/2009,MDT,PA,AEA,EN,Combined TRACON& Tower with Radar,19,46,5,1,71,0,0,0,0,0,19,46,5,1,71,14,4,18,89
12/21/2009,MDT,PA,AEA,EN,Combined TRACON& Tower with Radar,30,72,8,1,111,0,0,5,0,5,30,72,13,1,116,68,56,124,240
12/22/2009,MDT,PA,AEA,EN,Combined TRACON& Tower with Radar,40,88,17,16,161,0,1,5,2,8,40,89,22,18,169,38,30,68,237
12/23/2009,MDT,PA,AEA,EN,Combined TRACON& Tower with Radar,35,78,11,15,139,0,0,10,0,10,35,78,21,15,149,0,0,0,149
12/24/2009,MDT,PA,AEA,EN,Combined TRACON& Tower with Radar,30,58,11,0,99,0,0,5,0,5,30,58,16,0,104,16,16,32,136
12/25/2009,MDT,PA,AEA,EN,Combined TRACON& Tower with Radar,11,38,0,0,49,0,0,0,0,0,11,38,0,0,49,0,0,0,49
12/26/2009,MDT,PA,AEA,EN,Combined TRACON& Tower with Radar,19,51,9,0,79,0,0,0,0,0,19,51,9,0,79,0,0,0,79
12/27/2009,MDT,PA,AEA,EN,Combined TRACON& Tower with Radar,17,66,11,0,94,0,1,8,0,9,17,67,19,0,103,44,0,44,147
12/28/2009,MDT,PA,AEA,EN,Combined TRACON& Tower with Radar,23,71,4,4,102,0,0,2,0,2,23,71,6,4,104,86,0,86,190
12/29/2009,MDT,PA,AEA,EN,Combined TRACON& Tower with Radar,35,78,8,17,138,0,0,1,1,2,35,78,9,18,140,0,0,0,140
12/30/2009,MDT,PA,AEA,EN,Combined TRACON& Tower with Radar,33,78,9,16,136,0,0,8,0,8,33,78,17,16,144,32,42,74,218
12/31/2009,MDT,PA,AEA,EN,Combined TRACON& Tower with Radar,22,54,4,0,80,0,2,0,0,2,22,56,4,0,82,0,0,0,82
01/01/2010,MDT,PA,AEA,EN,Combined TRACON& Tower with Radar,12,41,2,0,55,0,0,1,0,1,12,41,3,0,56,0,0,0,56
01/02/2010,MDT,PA,AEA,EN,Combined TRACON& Tower with Radar,16,65,4,0,85,0,0,0,0,0,16,65,4,0,85,0,0,0,85
01/03/2010,MDT,PA,AEA,EN,Combined TRACON& Tower with Radar,14,64,7,0,85,0,0,0,0,0,14,64,7,0,85,0,0,0,85
01/04/2010,MDT,PA,AEA,EN,Combined TRACON& Tower with Radar,30,75,10,9,124,0,1,3,2,6,30,76,13,11,130,28,32,60,190
01/05/2010,MDT,PA,AEA,EN,Combined TRACON& Tower with Radar,25,81,18,3,127,0,2,3,5,10,25,83,21,8,137,48,62,110,247
01/06/2010,MDT,PA,AEA,EN,Combined TRACON& Tower with Radar,25,87,15,22,149,0,0,3,11,14,25,87,18,33,163,0,0,0,163
01/07/2010,MDT,PA,AEA,EN,Combined TRACON& Tower with Radar,27,81,3,2,113,0,0,2,0,2,27,81,5,2,115,26,26,52,167
01/08/2010,MDT,PA,AEA,EN,Combined TRACON& Tower with Radar,21,70,10,10,111,0,0,0,6,6,21,70,10,16,117,0,0,0,117
01/09/2010,MDT,PA,AEA,EN,Combined TRACON& Tower with Radar,18,42,1,2,63,0,0,1,0,1,18,42,2,2,64,80,44,124,188
01/10/2010,MDT,PA,AEA,EN,Combined TRACON& Tower with Radar,18,54,8,14,94,0,0,11,0,11,18,54,19,14,105,20,28,48,153
01/11/2010,MDT,PA,AEA,EN,Combined TRACON& Tower with Radar,23,78,20,4,125,0,0,5,1,6,23,78,25,5,131,40,32,72,203
01/12/2010,MDT,PA,AEA,EN,Combined TRACON& Tower with Radar,24,78,18,28,148,0,2,3,0,5,24,80,21,28,153,78,78,156,309
01/13/2010,MDT,PA,AEA,EN,Combined TRACON& Tower with Radar,21,80,9,14,124,0,3,7,2,12,21,83,16,16,136,38,80,118,254
01/14/2010,MDT,PA,AEA,EN,Combined TRACON& Tower with Radar,30,87,29,15,161,0,1,12,2,15,30,88,41,17,176,50,72,122,298
01/15/2010,MDT,PA,AEA,EN,Combined TRACON& Tower with Radar,25,85,12,12,134,0,0,13,0,13,25,85,25,12,147,32,32,64,211
01/16/2010,MDT,PA,AEA,EN,Combined TRACON& Tower with Radar,18,45,6,1,70,0,0,5,0,5,18,45,11,1,75,36,24,60,135
01/17/2010,MDT,PA,AEA,EN,Combined TRACON& Tower with Radar,16,54,4,0,74,0,0,0,0,0,16,54,4,0,74,60,34,94,168
01/18/2010,MDT,PA,AEA,EN,Combined TRACON& Tower with Radar,23,79,11,0,113,0,0,9,0,9,23,79,20,0,122,74,54,128,250
01/19/2010,MDT,PA,AEA,EN,Combined TRACON& Tower with Radar,26,75,21,34,156,0,0,4,5,9,26,75,25,39,165,40,92,132,297
01/20/2010,MDT,PA,AEA,EN,Combined TRACON& Tower with Radar,26,82,22,3,133,0,0,13,0,13,26,82,35,3,146,32,72,104,250
01/21/2010,MDT,PA,AEA,EN,Combined TRACON& Tower with Radar,27,83,24,35,169,0,0,9,1,10,27,83,33,36,179,0,0,0,179
01/22/2010,MDT,PA,AEA,EN,Combined TRACON& Tower with Radar,24,84,13,20,141,0,0,7,3,10,24,84,20,23,151,0,0,0,151
01/23/2010,MDT,PA,AEA,EN,Combined TRACON& Tower with Radar,19,37,25,0,81,0,0,21,2,23,19,37,46,2,104,112,54,166,270
01/24/2010,MDT,PA,AEA,EN,Combined TRACON& Tower with Radar,11,57,14,3,85,0,0,0,0,0,11,57,14,3,85,0,0,0,85
01/25/2010,MDT,PA,AEA,EN,Combined TRACON& Tower with Radar,30,85,9,6,130,0,0,0,1,1,30,85,9,7,131,46,36,82,213
01/26/2010,MDT,PA,AEA,EN,Combined TRACON& Tower with Radar,26,83,13,39,161,0,1,5,3,9,26,84,18,42,170,28,130,158,328
01/27/2010,MDT,PA,AEA,EN,Combined TRACON& Tower with Radar,24,81,21,13,139,0,0,5,2,7,24,81,26,15,146,60,54,114,260
01/28/2010,MDT,PA,AEA,EN,Combined TRACON& Tower with Radar,26,80,17,12,135,0,0,2,2,4,26,80,19,14,139,8,34,42,181
01/29/2010,MDT,PA,AEA,EN,Combined TRACON& Tower with Radar,22,79,12,10,123,0,0,6,6,12,22,79,18,16,135,4,0,4,139
01/30/2010,MDT,PA,AEA,EN,Combined TRACON& Tower with Radar,25,39,5,2,71,0,1,2,0,3,25,40,7,2,74,78,56,134,208
01/31/2010,MDT,PA,AEA,EN,Combined TRACON& Tower with Radar,11,67,21,3,102,0,1,11,0,12,11,68,32,3,114,34,24,58,172
02/01/2010,MDT,PA,AEA,EN,Combined TRACON& Tower with Radar,22,79,19,18,138,0,0,9,0,9,22,79,28,18,147,88,116,204,351
02/02/2010,MDT,PA,AEA,EN,Combined TRACON& Tower with Radar,25,74,19,2,120,0,0,1,0,1,25,74,20,2,121,0,0,0,121
02/03/2010,MDT,PA,AEA,EN,Combined TRACON& Tower with Radar,25,87,13,25,150,0,2,5,4,11,25,89,18,29,161,30,80,110,271
02/04/2010,MDT,PA,AEA,EN,Combined TRACON& Tower with Radar,27,91,13,12,143,0,0,6,2,8,27,91,19,14,151,0,0,0,151
02/05/2010,MDT,PA,AEA,EN,Combined TRACON& Tower with Radar,18,60,11,2,91,0,0,0,2,2,18,60,11,4,93,22,82,104,197
02/06/2010,MDT,PA,AEA,EN,Combined TRACON& Tower with Radar,9,18,0,0,27,0,0,0,0,0,9,18,0,0,27,0,0,0,27
02/07/2010,MDT,PA,AEA,EN,Combined TRACON& Tower with Radar,18,55,0,1,74,0,0,3,0,3,18,55,3,1,77,78,0,78,155
02/08/2010,MDT,PA,AEA,EN,Combined TRACON& Tower with Radar,25,81,9,14,129,0,1,5,4,10,25,82,14,18,139,14,60,74,213
02/09/2010,MDT,PA,AEA,EN,Combined TRACON& Tower with Radar,19,59,8,2,88,0,1,0,0,1,19,60,8,2,89,10,20,30,119
02/10/2010,MDT,PA,AEA,EN,Combined TRACON& Tower with Radar,6,5,2,0,13,0,0,0,0,0,6,5,2,0,13,0,0,0,13
02/11/2010,MDT,PA,AEA,EN,Combined TRACON& Tower with Radar,27,85,22,9,143,0,0,0,1,1,27,85,22,10,144,0,0,0,144
02/12/2010,MDT,PA,AEA,EN,Combined TRACON& Tower with Radar,15,81,17,7,120,0,0,2,0,2,15,81,19,7,122,74,90,164,286
02/13/2010,MDT,PA,AEA,EN,Combined TRACON& Tower with Radar,17,52,5,2,76,0,0,2,0,2,17,52,7,2,78,0,0,0,78
02/14/2010,MDT,PA,AEA,EN,Combined TRACON& Tower with Radar,13,58,13,11,95,0,0,2,0,2,13,58,15,11,97,56,50,106,203
02/15/2010,MDT,PA,AEA,EN,Combined TRACON& Tower with Radar,18,88,19,2,127,0,0,0,0,0,18,88,19,2,127,62,0,62,189
02/16/2010,MDT,PA,AEA,EN,Combined TRACON& Tower with Radar,25,91,14,8,138,0,1,1,0,2,25,92,15,8,140,10,28,38,178
02/17/2010,MDT,PA,AEA,EN,Combined TRACON& Tower with Radar,23,94,16,18,151,0,0,6,3,9,23,94,22,21,160,30,48,78,238
02/18/2010,MDT,PA,AEA,EN,Combined TRACON& Tower with Radar,27,90,13,42,172,0,0,0,1,1,27,90,13,43,173,24,104,128,301
02/19/2010,MDT,PA,AEA,EN,Combined TRACON& Tower with Radar,21,88,15,41,165,0,0,1,0,1,21,88,16,41,166,40,170,210,376
02/20/2010,MDT,PA,AEA,EN,Combined TRACON& Tower with Radar,13,53,13,6,85,0,0,13,0,13,13,53,26,6,98,62,32,94,192
02/21/2010,MDT,PA,AEA,EN,Combined TRACON& Tower with Radar,13,66,15,0,94,0,0,15,0,15,13,66,30,0,109,78,0,78,187
02/22/2010,MDT,PA,AEA,EN,Combined TRACON& Tower with Radar,17,85,15,5,122,0,0,0,0,0,17,85,15,5,122,54,74,128,250
02/23/2010,MDT,PA,AEA,EN,Combined TRACON& Tower with Radar,26,80,28,22,156,0,0,0,0,0,26,80,28,22,156,12,46,58,214
02/24/2010,MDT,PA,AEA,EN,Combined TRACON& Tower with Radar,21,90,26,26,163,0,0,0,4,4,21,90,26,30,167,0,0,0,167
02/25/2010,MDT,PA,AEA,EN,Combined TRACON& Tower with Radar,28,77,8,2,115,0,0,0,0,0,28,77,8,2,115,10,52,62,177
02/26/2010,MDT,PA,AEA,EN,Combined TRACON& Tower with Radar,22,66,8,1,97,0,0,0,0,0,22,66,8,1,97,0,0,0,97
02/27/2010,MDT,PA,AEA,EN,Combined TRACON& Tower with Radar,13,52,5,4,74,0,1,4,0,5,13,53,9,4,79,0,0,0,79
02/28/2010,MDT,PA,AEA,EN,Combined TRACON& Tower with Radar,13,66,12,2,93,0,0,3,0,3,13,66,15,2,96,90,58,148,244
03/01/2010,MDT,PA,AEA,EN,Combined TRACON& Tower with Radar,19,92,13,49,173,0,2,4,0,6,19,94,17,49,179,66,130,196,375
03/02/2010,MDT,PA,AEA,EN,Combined TRACON& Tower with Radar,19,83,9,7,118,0,1,2,2,5,19,84,11,9,123,28,64,92,215
03/03/2010,MDT,PA,AEA,EN,Combined TRACON& Tower with Radar,11,47,26,16,100,0,0,1,0,1,11,47,27,16,101,11,46,57,158
03/04/2010,MDT,PA,AEA,EN,Combined TRACON& Tower with Radar,23,80,16,23,142,0,2,5,2,9,23,82,21,25,151,32,78,110,261
03/05/2010,MDT,PA,AEA,EN,Combined TRACON& Tower with Radar,21,93,12,7,133,0,0,10,1,11,21,93,22,8,144,76,96,172,316
03/06/2010,MDT,PA,AEA,EN,Combined TRACON& Tower with Radar,14,51,13,20,98,0,1,8,1,10,14,52,21,21,108,0,60,60,168
03/07/2010,MDT,PA,AEA,EN,Combined TRACON& Tower with Radar,15,66,10,5,96,0,1,10,1,12,15,67,20,6,108,76,26,102,210
03/08/2010,MDT,PA,AEA,EN,Combined TRACON& Tower with Radar,23,92,12,6,133,0,1,5,0,6,23,93,17,6,139,36,36,72,211
03/09/2010,MDT,PA,AEA,EN,Combined TRACON& Tower with Radar,19,95,22,17,153,0,0,14,4,18,19,95,36,21,171,76,72,148,319
03/10/2010,MDT,PA,AEA,EN,Combined TRACON& Tower with Radar,24,94,21,18,157,0,0,9,0,9,24,94,30,18,166,14,36,50,216
03/11/2010,MDT,PA,AEA,EN,Combined TRACON& Tower with Radar,25,90,19,18,152,0,1,5,2,8,25,91,24,20,160,30,86,116,276
03/12/2010,MDT,PA,AEA,EN,Combined TRACON& Tower with Radar,21,88,12,1,122,0,0,1,0,1,21,88,13,1,123,12,50,62,185
03/13/2010,MDT,PA,AEA,EN,Combined TRACON& Tower with Radar,18,47,5,1,71,0,0,0,0,0,18,47,5,1,71,24,72,96,167
03/14/2010,MDT,PA,AEA,EN,Combined TRACON& Tower with Radar,21,59,7,0,87,0,0,0,0,0,21,59,7,0,87,56,0,56,143
03/15/2010,MDT,PA,AEA,EN,Combined TRACON& Tower with Radar,20,84,23,16,143,0,0,1,0,1,20,84,24,16,144,12,52,64,208
03/16/2010,MDT,PA,AEA,EN,Combined TRACON& Tower with Radar,20,92,22,7,141,0,0,5,1,6,20,92,27,8,147,34,34,68,215
03/17/2010,MDT,PA,AEA,EN,Combined TRACON& Tower with Radar,24,88,24,58,194,0,1,15,3,19,24,89,39,61,213,20,50,70,283
03/18/2010,MDT,PA,AEA,EN,Combined TRACON& Tower with Radar,24,93,32,15,164,0,1,12,0,13,24,94,44,15,177,18,144,162,339
03/19/2010,MDT,PA,AEA,EN,Combined TRACON& Tower with Radar,19,83,9,3,114,0,0,1,2,3,19,83,10,5,117,80,48,128,245
03/20/2010,MDT,PA,AEA,EN,Combined TRACON& Tower with Radar,13,53,8,7,81,0,1,6,0,7,13,54,14,7,88,44,72,116,204
03/21/2010,MDT,PA,AEA,EN,Combined TRACON& Tower with Radar,13,72,4,3,92,0,0,5,0,5,13,72,9,3,97,90,28,118,215
03/22/2010,MDT,PA,AEA,EN,Combined TRACON& Tower with Radar,19,90,15,9,133,0,0,0,0,0,19,90,15,9,133,20,12,32,165
03/23/2010,MDT,PA,AEA,EN,Combined TRACON& Tower with Radar,22,87,20,40,169,0,0,3,0,3,22,87,23,40,172,14,62,76,248
03/24/2010,MDT,PA,AEA,EN,Combined TRACON& Tower with Radar,20,95,27,13,155,0,0,5,0,5,20,95,32,13,160,30,66,96,256
03/25/2010,MDT,PA,AEA,EN,Combined TRACON& Tower with Radar,19,87,14,25,145,0,0,3,0,3,19,87,17,25,148,30,98,128,276
03/26/2010,MDT,PA,AEA,EN,Combined TRACON& Tower with Radar,21,90,13,3,127,0,1,5,1,7,21,91,18,4,134,40,56,96,230
03/27/2010,MDT,PA,AEA,EN,Combined TRACON& Tower with Radar,14,51,15,2,82,0,0,7,0,7,14,51,22,2,89,34,4,38,127
03/28/2010,MDT,PA,AEA,EN,Combined TRACON& Tower with Radar,13,69,0,2,84,0,0,4,0,4,13,69,4,2,88,0,0,0,88
03/29/2010,MDT,PA,AEA,EN,Combined TRACON& Tower with Radar,18,94,13,6,131,0,0,0,0,0,18,94,13,6,131,0,0,0,131
03/30/2010,MDT,PA,AEA,EN,Combined TRACON& Tower with Radar,20,86,14,8,128,0,0,1,4,5,20,86,15,12,133,0,0,0,133
03/31/2010,MDT,PA,AEA,EN,Combined TRACON& Tower with Radar,20,92,24,26,162,0,2,10,2,14,20,94,34,28,176,22,84,106,282
04/01/2010,MDT,PA,AEA,EN,Combined TRACON& Tower with Radar,26,91,24,26,167,0,0,15,3,18,26,91,39,29,185,0,0,0,185
04/02/2010,MDT,PA,AEA,EN,Combined TRACON& Tower with Radar,21,85,9,13,128,0,0,3,3,6,21,85,12,16,134,36,114,150,284
04/03/2010,MDT,PA,AEA,EN,Combined TRACON& Tower with Radar,14,44,9,0,67,0,2,10,0,12,14,46,19,0,79,80,60,140,219
04/04/2010,MDT,PA,AEA,EN,Combined TRACON& Tower with Radar,15,68,7,0,90,0,0,6,0,6,15,68,13,0,96,30,4,34,130
04/05/2010,MDT,PA,AEA,EN,Combined TRACON& Tower with Radar,19,87,21,5,132,0,1,8,0,9,19,88,29,5,141,30,44,74,215
04/06/2010,MDT,PA,AEA,EN,Combined TRACON& Tower with Radar,18,102,22,11,153,0,2,8,1,11,18,104,30,12,164,30,30,60,224
04/07/2010,MDT,PA,AEA,EN,Combined TRACON& Tower with Radar,21,98,25,32,176,0,0,9,2,11,21,98,34,34,187,24,108,132,319
04/08/2010,MDT,PA,AEA,EN,Combined TRACON& Tower with Radar,23,99,13,8,143,0,2,2,1,5,23,101,15,9,148,20,102,122,270
04/09/2010,MDT,PA,AEA,EN,Combined TRACON& Tower with Radar,22,92,27,9,150,0,3,5,0,8,22,95,32,9,158,42,94,136,294
04/10/2010,MDT,PA,AEA,EN,Combined TRACON& Tower with Radar,12,57,13,4,86,0,1,7,0,8,12,58,20,4,94,90,68,158,252
04/11/2010,MDT,PA,AEA,EN,Combined TRACON& Tower with Radar,15,71,17,1,104,0,0,5,1,6,15,71,22,2,110,38,48,86,196
04/12/2010,MDT,PA,AEA,EN,Combined TRACON& Tower with Radar,20,99,25,8,152,0,3,14,0,17,20,102,39,8,169,76,72,148,317
04/13/2010,MDT,PA,AEA,EN,Combined TRACON& Tower with Radar,21,107,26,16,170,0,0,2,0,2,21,107,28,16,172,42,22,64,236
04/14/2010,MDT,PA,AEA,EN,Combined TRACON& Tower with Radar,22,102,22,31,177,0,0,13,1,14,22,102,35,32,191,82,104,186,377
04/15/2010,MDT,PA,AEA,EN,Combined TRACON& Tower with Radar,22,105,27,21,175,0,0,15,6,21,22,105,42,27,196,30,78,108,304
04/16/2010,MDT,PA,AEA,EN,Combined TRACON& Tower with Radar,23,98,20,19,160,0,0,8,2,10,23,98,28,21,170,28,64,92,262
04/17/2010,MDT,PA,AEA,EN,Combined TRACON& Tower with Radar,17,56,11,1,85,0,0,10,0,10,17,56,21,1,95,0,0,0,95
04/18/2010,MDT,PA,AEA,EN,Combined TRACON& Tower with Radar,17,75,16,6,114,0,0,6,0,6,17,75,22,6,120,104,56,160,280
04/19/2010,MDT,PA,AEA,EN,Combined TRACON& Tower with Radar,19,104,6,22,151,0,1,9,0,10,19,105,15,22,161,34,56,90,251
04/20/2010,MDT,PA,AEA,EN,Combined TRACON& Tower with Radar,18,102,22,17,159,0,1,5,0,6,18,103,27,17,165,0,0,0,165
04/21/2010,MDT,PA,AEA,EN,Combined TRACON& Tower with Radar,19,100,23,13,155,0,4,3,2,9,19,104,26,15,164,18,30,48,212
04/22/2010,MDT,PA,AEA,EN,Combined TRACON& Tower with Radar,23,97,24,17,161,0,3,2,1,6,23,100,26,18,167,40,42,82,249
04/23/2010,MDT,PA,AEA,EN,Combined TRACON& Tower with Radar,34,105,23,16,178,0,0,15,1,16,34,105,38,17,194,42,120,162,356
04/24/2010,MDT,PA,AEA,EN,Combined TRACON& Tower with Radar,16,58,13,3,90,0,0,6,0,6,16,58,19,3,96,0,0,0,96
04/25/2010,MDT,PA,AEA,EN,Combined TRACON& Tower with Radar,14,61,9,4,88,0,0,0,0,0,14,61,9,4,88,0,0,0,88
04/26/2010,MDT,PA,AEA,EN,Combined TRACON& Tower with Radar,19,101,19,21,160,0,0,0,0,0,19,101,19,21,160,0,0,0,160
04/27/2010,MDT,PA,AEA,EN,Combined TRACON& Tower with Radar,20,100,24,5,149,0,0,6,0,6,20,100,30,5,155,44,74,118,273
04/28/2010,MDT,PA,AEA,EN,Combined TRACON& Tower with Radar,22,97,22,29,170,0,0,7,0,7,22,97,29,29,177,6,44,50,227
04/29/2010,MDT,PA,AEA,EN,Combined TRACON& Tower with Radar,21,93,25,4,143,0,0,5,0,5,21,93,30,4,148,42,40,82,230
04/30/2010,MDT,PA,AEA,EN,Combined TRACON& Tower with Radar,24,102,15,11,152,0,0,7,1,8,24,102,22,12,160,30,52,82,242
05/01/2010,MDT,PA,AEA,EN,Combined TRACON& Tower with Radar,14,58,12,1,85,0,0,16,0,16,14,58,28,1,101,0,0,0,101
05/02/2010,MDT,PA,AEA,EN,Combined TRACON& Tower with Radar,18,73,12,1,104,0,0,0,0,0,18,73,12,1,104,0,0,0,104
05/03/2010,MDT,PA,AEA,EN,Combined TRACON& Tower with Radar,19,101,20,16,156,0,0,5,0,5,19,101,25,16,161,20,24,44,205
05/04/2010,MDT,PA,AEA,EN,Combined TRACON& Tower with Radar,19,113,27,18,177,0,2,11,3,16,19,115,38,21,193,62,92,154,347
05/05/2010,MDT,PA,AEA,EN,Combined TRACON& Tower with Radar,26,103,19,14,162,0,0,19,2,21,26,103,38,16,183,48,42,90,273
05/06/2010,MDT,PA,AEA,EN,Combined TRACON& Tower with Radar,28,105,22,37,192,0,0,11,1,12,28,105,33,38,204,4,66,70,274
05/07/2010,MDT,PA,AEA,EN,Combined TRACON& Tower with Radar,23,103,19,6,151,0,1,4,0,5,23,104,23,6,156,68,80,148,304
05/08/2010,MDT,PA,AEA,EN,Combined TRACON& Tower with Radar,17,56,3,0,76,0,0,0,0,0,17,56,3,0,76,0,0,0,76
05/09/2010,MDT,PA,AEA,EN,Combined TRACON& Tower with Radar,20,71,6,0,97,0,0,1,0,1,20,71,7,0,98,0,0,0,98
05/10/2010,MDT,PA,AEA,EN,Combined TRACON& Tower with Radar,25,96,25,6,152,0,0,5,0,5,25,96,30,6,157,32,58,90,247
05/11/2010,MDT,PA,AEA,EN,Combined TRACON& Tower with Radar,28,102,28,15,173,0,0,8,0,8,28,102,36,15,181,40,66,106,287
05/12/2010,MDT,PA,AEA,EN,Combined TRACON& Tower with Radar,26,106,28,9,169,0,0,0,0,0,26,106,28,9,169,16,30,46,215
05/13/2010,MDT,PA,AEA,EN,Combined TRACON& Tower with Radar,14,54,12,1,81,0,0,9,1,10,14,54,21,2,91,46,72,118,209
05/14/2010,MDT,PA,AEA,EN,Combined TRACON& Tower with Radar,21,86,12,12,131,0,0,1,0,1,21,86,13,12,132,34,102,136,268
05/15/2010,MDT,PA,AEA,EN,Combined TRACON& Tower with Radar,18,61,4,9,92,0,0,1,2,3,18,61,5,11,95,42,28,70,165
05/16/2010,MDT,PA,AEA,EN,Combined TRACON& Tower with Radar,18,80,20,5,123,0,0,4,0,4,18,80,24,5,127,38,16,54,181
05/17/2010,MDT,PA,AEA,EN,Combined TRACON& Tower with Radar,25,101,16,5,147,0,1,3,0,4,25,102,19,5,151,26,64,90,241
05/18/2010,MDT,PA,AEA,EN,Combined TRACON& Tower with Radar,28,105,14,2,149,0,0,0,0,0,28,105,14,2,149,0,0,0,149
05/19/2010,MDT,PA,AEA,EN,Combined TRACON& Tower with Radar,30,112,28,38,208,0,0,2,0,2,30,112,30,38,210,44,122,166,376
05/20/2010,MDT,PA,AEA,EN,Combined TRACON& Tower with Radar,28,102,34,6,170,0,3,11,0,14,28,105,45,6,184,72,78,150,334
05/21/2010,MDT,PA,AEA,EN,Combined TRACON& Tower with Radar,25,103,17,8,153,0,0,8,0,8,25,103,25,8,161,46,28,74,235
05/22/2010,MDT,PA,AEA,EN,Combined TRACON& Tower with Radar,17,55,8,0,80,0,0,2,0,2,17,55,10,0,82,48,0,48,130
05/23/2010,MDT,PA,AEA,EN,Combined TRACON& Tower with Radar,19,78,12,3,112,0,1,1,0,2,19,79,13,3,114,0,0,0,114
05/24/2010,MDT,PA,AEA,EN,Combined TRACON& Tower with Radar,32,96,30,24,182,0,0,6,0,6,32,96,36,24,188,62,112,174,362
05/25/2010,MDT,PA,AEA,EN,Combined TRACON& Tower with Radar,30,101,31,22,184,0,1,8,0,9,30,102,39,22,193,68,100,168,361
05/26/2010,MDT,PA,AEA,EN,Combined TRACON& Tower with Radar,27,107,28,3,165,0,0,15,3,18,27,107,43,6,183,74,98,172,355
05/27/2010,MDT,PA,AEA,EN,Combined TRACON& Tower with Radar,28,109,34,0,171,0,0,1,1,2,28,109,35,1,173,42,76,118,291
05/28/2010,MDT,PA,AEA,EN,Combined TRACON& Tower with Radar,29,101,24,3,157,0,0,3,0,3,29,101,27,3,160,44,14,58,218
05/29/2010,MDT,PA,AEA,EN,Combined TRACON& Tower with Radar,17,59,8,3,87,0,0,0,1,1,17,59,8,4,88,56,106,162,250
05/30/2010,MDT,PA,AEA,EN,Combined TRACON& Tower with Radar,14,45,12,0,71,0,0,18,0,18,14,45,30,0,89,22,38,60,149
05/31/2010,MDT,PA,AEA,EN,Combined TRACON& Tower with Radar,15,75,5,1,96,0,0,3,0,3,15,75,8,1,99,42,22,64,163
06/01/2010,MDT,PA,AEA,EN,Combined TRACON& Tower with Radar,30,103,21,15,169,0,1,4,3,8,30,104,25,18,177,44,76,120,297
06/02/2010,MDT,PA,AEA,EN,Combined TRACON& Tower with Radar,29,106,24,38,197,0,0,5,1,6,29,106,29,39,203,34,106,140,343
06/03/2010,MDT,PA,AEA,EN,Combined TRACON& Tower with Radar,29,102,26,3,160,0,0,6,2,8,29,102,32,5,168,36,42,78,246
06/04/2010,MDT,PA,AEA,EN,Combined TRACON& Tower with Radar,27,100,21,10,158,0,0,4,0,4,27,100,25,10,162,48,46,94,256
06/05/2010,MDT,PA,AEA,EN,Combined TRACON& Tower with Radar,17,61,11,2,91,0,2,6,0,8,17,63,17,2,99,42,10,52,151
06/06/2010,MDT,PA,AEA,EN,Combined TRACON& Tower with Radar,21,76,7,4,108,0,0,2,1,3,21,76,9,5,111,36,16,52,163
06/07/2010,MDT,PA,AEA,EN,Combined TRACON& Tower with Radar,26,98,16,12,152,0,1,7,2,10,26,99,23,14,162,56,102,158,320
06/08/2010,MDT,PA,AEA,EN,Combined TRACON& Tower with Radar,28,104,27,10,169,0,2,9,2,13,28,106,36,12,182,64,106,170,352
06/09/2010,MDT,PA,AEA,EN,Combined TRACON& Tower with Radar,27,95,22,8,152,0,0,1,0,1,27,95,23,8,153,21,13,34,187
06/10/2010,MDT,PA,AEA,EN,Combined TRACON& Tower with Radar,29,108,33,42,212,0,0,8,8,16,29,108,41,50,228,6,122,128,356
06/11/2010,MDT,PA,AEA,EN,Combined TRACON& Tower with Radar,30,95,25,8,158,0,0,13,1,14,30,95,38,9,172,68,40,108,280
06/12/2010,MDT,PA,AEA,EN,Combined TRACON& Tower with Radar,32,55,4,13,104,0,0,1,0,1,32,55,5,13,105,30,18,48,153
06/13/2010,MDT,PA,AEA,EN,Combined TRACON& Tower with Radar,20,86,21,4,131,0,0,1,0,1,20,86,22,4,132,16,8,24,156
06/14/2010,MDT,PA,AEA,EN,Combined TRACON& Tower with Radar,33,92,30,20,175,0,0,8,1,9,33,92,38,21,184,62,102,164,348
06/15/2010,MDT,PA,AEA,EN,Combined TRACON& Tower with Radar,32,98,17,22,169,0,2,2,0,4,32,100,19,22,173,50,132,182,355
06/16/2010,MDT,PA,AEA,EN,Combined TRACON& Tower with Radar,37,101,30,12,180,0,0,2,0,2,37,101,32,12,182,122,106,228,410
06/17/2010,MDT,PA,AEA,EN,Combined TRACON& Tower with Radar,37,97,25,16,175,0,0,11,5,16,37,97,36,21,191,46,96,142,333
06/18/2010,MDT,PA,AEA,EN,Combined TRACON& Tower with Radar,31,91,14,34,170,0,0,7,0,7,31,91,21,34,177,44,60,104,281
06/19/2010,MDT,PA,AEA,EN,Combined TRACON& Tower with Radar,22,60,9,0,91,0,0,7,0,7,22,60,16,0,98,54,10,64,162
06/20/2010,MDT,PA,AEA,EN,Combined TRACON& Tower with Radar,22,71,8,6,107,0,0,2,0,2,22,71,10,6,109,54,14,68,177
06/21/2010,MDT,PA,AEA,EN,Combined TRACON& Tower with Radar,29,94,26,14,163,0,0,7,0,7,29,94,33,14,170,38,64,102,272
06/22/2010,MDT,PA,AEA,EN,Combined TRACON& Tower with Radar,41,100,26,18,185,0,1,6,0,7,41,101,32,18,192,4,36,40,232
06/23/2010,MDT,PA,AEA,EN,Combined TRACON& Tower with Radar,28,101,25,26,180,0,0,4,0,4,28,101,29,26,184,44,86,130,314
06/24/2010,MDT,PA,AEA,EN,Combined TRACON& Tower with Radar,34,85,27,26,172,0,0,2,1,3,34,85,29,27,175,6,54,60,235
06/25/2010,MDT,PA,AEA,EN,Combined TRACON& Tower with Radar,34,96,13,15,158,0,0,10,3,13,34,96,23,18,171,32,58,90,261
06/26/2010,MDT,PA,AEA,EN,Combined TRACON& Tower with Radar,29,55,9,0,93,0,0,4,1,5,29,55,13,1,98,30,24,54,152
06/27/2010,MDT,PA,AEA,EN,Combined TRACON& Tower with Radar,21,75,16,15,127,0,1,4,0,5,21,76,20,15,132,34,36,70,202
06/28/2010,MDT,PA,AEA,EN,Combined TRACON& Tower with Radar,39,96,19,0,154,0,0,3,0,3,39,96,22,0,157,80,46,126,283
06/29/2010,MDT,PA,AEA,EN,Combined TRACON& Tower with Radar,34,97,37,4,172,0,0,3,0,3,34,97,40,4,175,54,84,138,313
06/30/2010,MDT,PA,AEA,EN,Combined TRACON& Tower with Radar,34,100,10,5,149,0,1,4,2,7,34,101,14,7,156,74,68,142,298
07/01/2010,MDT,PA,AEA,EN,Combined TRACON& Tower with Radar,39,94,25,6,164,0,0,6,1,7,39,94,31,7,171,56,66,122,293
07/02/2010,MDT,PA,AEA,EN,Combined TRACON& Tower with Radar,31,101,19,16,167,0,0,9,0,9,31,101,28,16,176,32,36,68,244
07/03/2010,MDT,PA,AEA,EN,Combined TRACON& Tower with Radar,15,59,1,2,77,0,0,9,0,9,15,59,10,2,86,38,14,52,138
07/04/2010,MDT,PA,AEA,EN,Combined TRACON& Tower with Radar,14,46,4,0,64,0,0,5,0,5,14,46,9,0,69,94,0,94,163
07/05/2010,MDT,PA,AEA,EN,Combined TRACON& Tower with Radar,21,72,6,2,101,0,0,7,2,9,21,72,13,4,110,110,4,114,224
07/06/2010,MDT,PA,AEA,EN,Combined TRACON& Tower with Radar,32,97,19,13,161,0,1,6,1,8,32,98,25,14,169,122,78,200,369
07/07/2010,MDT,PA,AEA,EN,Combined TRACON& Tower with Radar,30,101,21,9,161,0,2,5,3,10,30,103,26,12,171,64,64,128,299
07/08/2010,MDT,PA,AEA,EN,Combined TRACON& Tower with Radar,32,105,27,13,177,0,0,5,0,5,32,105,32,13,182,48,78,126,308
07/09/2010,MDT,PA,AEA,EN,Combined TRACON& Tower with Radar,31,99,28,16,174,0,0,4,2,6,31,99,32,18,180,48,40,88,268
07/10/2010,MDT,PA,AEA,EN,Combined TRACON& Tower with Radar,23,59,6,1,89,0,0,2,1,3,23,59,8,2,92,18,60,78,170
07/11/2010,MDT,PA,AEA,EN,Combined TRACON& Tower with Radar,20,68,12,34,134,0,0,7,2,9,20,68,19,36,143,48,142,190,333
07/12/2010,MDT,PA,AEA,EN,Combined TRACON& Tower with Radar,34,85,18,18,155,0,0,4,0,4,34,85,22,18,159,36,74,110,269
07/13/2010,MDT,PA,AEA,EN,Combined TRACON& Tower with Radar,32,100,17,49,198,0,0,2,0,2,32,100,19,49,200,24,168,192,392
07/14/2010,MDT,PA,AEA,EN,Combined TRACON& Tower with Radar,30,103,18,20,171,0,0,1,1,2,30,103,19,21,173,88,124,212,385
07/15/2010,MDT,PA,AEA,EN,Combined TRACON& Tower with Radar,34,106,18,25,183,0,0,10,10,20,34,106,28,35,203,24,54,78,281
07/16/2010,MDT,PA,AEA,EN,Combined TRACON& Tower with Radar,30,97,9,13,149,0,1,5,1,7,30,98,14,14,156,0,0,0,156
07/17/2010,MDT,PA,AEA,EN,Combined TRACON& Tower with Radar,23,60,6,0,89,0,1,2,1,4,23,61,8,1,93,22,0,22,115
07/18/2010,MDT,PA,AEA,EN,Combined TRACON& Tower with Radar,20,77,10,1,108,0,0,6,0,6,20,77,16,1,114,0,0,0,114
07/19/2010,MDT,PA,AEA,EN,Combined TRACON& Tower with Radar,38,86,16,24,164,0,0,5,2,7,38,86,21,26,171,48,56,104,275
07/20/2010,MDT,PA,AEA,EN,Combined TRACON& Tower with Radar,32,98,19,19,168,0,0,4,1,5,32,98,23,20,173,34,76,110,283
07/21/2010,MDT,PA,AEA,EN,Combined TRACON& Tower with Radar,33,98,28,46,205,0,0,6,1,7,33,98,34,47,212,78,182,260,472
07/22/2010,MDT,PA,AEA,EN,Combined TRACON& Tower with Radar,35,96,28,36,195,0,3,13,0,16,35,99,41,36,211,28,56,84,295
07/23/2010,MDT,PA,AEA,EN,Combined TRACON& Tower with Radar,34,92,22,9,157,0,0,6,0,6,34,92,28,9,163,48,52,100,263
07/24/2010,MDT,PA,AEA,EN,Combined TRACON& Tower with Radar,25,60,3,10,98,0,0,6,0,6,25,60,9,10,104,62,74,136,240
07/25/2010,MDT,PA,AEA,EN,Combined TRACON& Tower with Radar,27,69,3,0,99,0,2,3,0,5,27,71,6,0,104,0,0,0,104
07/26/2010,MDT,PA,AEA,EN,Combined TRACON& Tower with Radar,34,87,17,26,164,0,3,6,1,10,34,90,23,27,174,106,24,130,304
07/27/2010,MDT,PA,AEA,EN,Combined TRACON& Tower with Radar,36,97,33,11,177,0,0,6,0,6,36,97,39,11,183,48,74,122,305
07/28/2010,MDT,PA,AEA,EN,Combined TRACON& Tower with Radar,29,102,14,18,163,0,0,5,2,7,29,102,19,20,170,0,0,0,170
07/29/2010,MDT,PA,AEA,EN,Combined TRACON& Tower with Radar,39,110,19,24,192,0,4,1,1,6,39,114,20,25,198,48,26,74,272
07/30/2010,MDT,PA,AEA,EN,Combined TRACON& Tower with Radar,35,100,14,2,151,0,0,3,0,3,35,100,17,2,154,8,52,60,214
07/31/2010,MDT,PA,AEA,EN,Combined TRACON& Tower with Radar,21,57,12,2,92,0,0,10,1,11,21,57,22,3,103,42,14,56,159
08/01/2010,MDT,PA,AEA,EN,Combined TRACON& Tower with Radar,20,75,10,1,106,0,1,0,1,2,20,76,10,2,108,0,0,0,108
08/02/2010,MDT,PA,AEA,EN,Combined TRACON& Tower with Radar,30,88,22,29,169,0,0,3,5,8,30,88,25,34,177,22,62,84,261
08/03/2010,MDT,PA,AEA,EN,Combined TRACON& Tower with Radar,32,100,17,9,158,0,1,1,12,14,32,101,18,21,172,26,96,122,294
08/04/2010,MDT,PA,AEA,EN,Combined TRACON& Tower with Radar,30,96,23,17,166,0,0,0,1,1,30,96,23,18,167,6,54,60,227
08/05/2010,MDT,PA,AEA,EN,Combined TRACON& Tower with Radar,34,112,16,26,188,0,0,1,3,4,34,112,17,29,192,20,58,78,270
08/06/2010,MDT,PA,AEA,EN,Combined TRACON& Tower with Radar,33,98,18,4,153,0,0,7,1,8,33,98,25,5,161,42,28,70,231
08/07/2010,MDT,PA,AEA,EN,Combined TRACON& Tower with Radar,24,59,10,0,93,0,0,13,0,13,24,59,23,0,106,52,28,80,186
08/08/2010,MDT,PA,AEA,EN,Combined TRACON& Tower with Radar,21,76,9,6,112,0,3,4,0,7,21,79,13,6,119,100,28,128,247
08/09/2010,MDT,PA,AEA,EN,Combined TRACON& Tower with Radar,29,97,10,3,139,0,0,1,0,1,29,97,11,3,140,30,36,66,206
08/10/2010,MDT,PA,AEA,EN,Combined TRACON& Tower with Radar,33,104,26,9,172,0,0,4,5,9,33,104,30,14,181,34,16,50,231
08/11/2010,MDT,PA,AEA,EN,Combined TRACON& Tower with Radar,33,105,17,10,165,0,0,4,2,6,33,105,21,12,171,50,68,118,289
08/12/2010,MDT,PA,AEA,EN,Combined TRACON& Tower with Radar,32,102,34,2,170,0,0,0,0,0,32,102,34,2,170,0,0,0,170
08/13/2010,MDT,PA,AEA,EN,Combined TRACON& Tower with Radar,28,96,15,18,157,0,0,0,0,0,28,96,15,18,157,38,8,46,203
08/14/2010,MDT,PA,AEA,EN,Combined TRACON& Tower with Radar,24,66,9,2,101,0,0,6,0,6,24,66,15,2,107,0,0,0,107
08/15/2010,MDT,PA,AEA,EN,Combined TRACON& Tower with Radar,22,74,16,4,116,0,2,0,0,2,22,76,16,4,118,0,0,0,118
08/16/2010,MDT,PA,AEA,EN,Combined TRACON& Tower with Radar,29,93,27,7,156,0,1,7,1,9,29,94,34,8,165,30,54,84,249
08/17/2010,MDT,PA,AEA,EN,Combined TRACON& Tower with Radar,32,100,37,18,187,0,1,8,2,11,32,101,45,20,198,50,28,78,276
08/18/2010,MDT,PA,AEA,EN,Combined TRACON& Tower with Radar,33,99,20,36,188,0,2,4,0,6,33,101,24,36,194,32,30,62,256
08/19/2010,MDT,PA,AEA,EN,Combined TRACON& Tower with Radar,33,101,29,19,182,0,2,8,0,10,33,103,37,19,192,0,0,0,192
08/20/2010,MDT,PA,AEA,EN,Combined TRACON& Tower with Radar,28,93,10,2,133,0,0,15,2,17,28,93,25,4,150,90,126,216,366
08/21/2010,MDT,PA,AEA,EN,Combined TRACON& Tower with Radar,20,59,19,0,98,0,0,7,0,7,20,59,26,0,105,56,30,86,191
08/22/2010,MDT,PA,AEA,EN,Combined TRACON& Tower with Radar,32,77,12,1,122,0,1,1,0,2,32,78,13,1,124,0,0,0,124
08/23/2010,MDT,PA,AEA,EN,Combined TRACON& Tower with Radar,33,86,22,7,148,0,0,5,0,5,33,86,27,7,153,46,62,108,261
08/24/2010,MDT,PA,AEA,EN,Combined TRACON& Tower with Radar,31,104,22,31,188,0,0,3,1,4,31,104,25,32,192,8,54,62,254
08/25/2010,MDT,PA,AEA,EN,Combined TRACON& Tower with Radar,29,93,16,17,155,0,0,3,4,7,29,93,19,21,162,30,42,72,234
08/26/2010,MDT,PA,AEA,EN,Combined TRACON& Tower with Radar,29,98,35,16,178,0,2,7,0,9,29,100,42,16,187,90,120,210,397
08/27/2010,MDT,PA,AEA,EN,Combined TRACON& Tower with Radar,29,103,12,3,147,0,0,7,0,7,29,103,19,3,154,0,0,0,154
08/28/2010,MDT,PA,AEA,EN,Combined TRACON& Tower with Radar,18,59,8,0,85,0,0,16,0,16,18,59,24,0,101,90,46,136,237
08/29/2010,MDT,PA,AEA,EN,Combined TRACON& Tower with Radar,18,76,9,2,105,0,0,10,0,10,18,76,19,2,115,40,10,50,165
08/30/2010,MDT,PA,AEA,EN,Combined TRACON& Tower with Radar,27,93,32,13,165,0,0,12,0,12,27,93,44,13,177,68,38,106,283
08/31/2010,MDT,PA,AEA,EN,Combined TRACON& Tower with Radar,28,95,23,12,158,0,0,3,5,8,28,95,26,17,166,56,38,94,260
09/01/2010,MDT,PA,AEA,EN,Combined TRACON& Tower with Radar,33,100,16,16,165,0,0,4,0,4,33,100,20,16,169,46,26,72,241
09/02/2010,MDT,PA,AEA,EN,Combined TRACON& Tower with Radar,32,105,30,38,205,0,0,4,0,4,32,105,34,38,209,38,104,142,351
09/03/2010,MDT,PA,AEA,EN,Combined TRACON& Tower with Radar,30,94,16,2,142,0,0,6,0,6,30,94,22,2,148,36,28,64,212
09/04/2010,MDT,PA,AEA,EN,Combined TRACON& Tower with Radar,12,54,4,1,71,0,0,7,0,7,12,54,11,1,78,0,0,0,78
09/05/2010,MDT,PA,AEA,EN,Combined TRACON& Tower with Radar,14,42,4,0,60,0,0,10,0,10,14,42,14,0,70,74,0,74,144
09/06/2010,MDT,PA,AEA,EN,Combined TRACON& Tower with Radar,19,76,6,0,101,0,0,7,0,7,19,76,13,0,108,100,10,110,218
09/07/2010,MDT,PA,AEA,EN,Combined TRACON& Tower with Radar,31,86,32,22,171,0,1,4,2,7,31,87,36,24,178,58,64,122,300
09/08/2010,MDT,PA,AEA,EN,Combined TRACON& Tower with Radar,26,82,16,27,151,0,0,2,0,2,26,82,18,27,153,0,48,48,201
09/09/2010,MDT,PA,AEA,EN,Combined TRACON& Tower with Radar,31,100,13,27,171,0,0,4,1,5,31,100,17,28,176,34,84,118,294
09/10/2010,MDT,PA,AEA,EN,Combined TRACON& Tower with Radar,31,100,27,28,186,0,0,6,0,6,31,100,33,28,192,40,84,124,316
09/11/2010,MDT,PA,AEA,EN,Combined TRACON& Tower with Radar,30,96,38,8,172,0,0,7,4,11,30,96,45,12,183,86,94,180,363
09/12/2010,MDT,PA,AEA,EN,Combined TRACON& Tower with Radar,26,104,27,46,203,0,3,9,1,13,26,107,36,47,216,70,32,102,318
09/13/2010,MDT,PA,AEA,EN,Combined TRACON& Tower with Radar,34,104,29,27,194,0,0,13,0,13,34,104,42,27,207,56,58,114,321
09/14/2010,MDT,PA,AEA,EN,Combined TRACON& Tower with Radar,30,96,38,8,172,0,0,7,4,11,30,96,45,12,183,40,26,66,249
09/15/2010,MDT,PA,AEA,EN,Combined TRACON& Tower with Radar,26,104,27,46,203,0,3,9,1,13,26,107,36,47,216,122,142,264,480
09/16/2010,MDT,PA,AEA,EN,Combined TRACON& Tower with Radar,32,95,30,20,177,0,0,4,0,4,32,95,34,20,181,32,74,106,287
09/17/2010,MDT,PA,AEA,EN,Combined TRACON& Tower with Radar,31,96,14,24,165,0,0,4,1,5,31,96,18,25,170,66,98,164,334
09/18/2010,MDT,PA,AEA,EN,Combined TRACON& Tower with Radar,18,61,9,4,92,0,2,12,0,14,18,63,21,4,106,42,12,54,160
09/19/2010,MDT,PA,AEA,EN,Combined TRACON& Tower with Radar,16,68,16,10,110,0,0,7,0,7,16,68,23,10,117,54,4,58,175
09/20/2010,MDT,PA,AEA,EN,Combined TRACON& Tower with Radar,29,95,18,2,144,0,0,12,1,13,29,95,30,3,157,40,40,80,237
09/21/2010,MDT,PA,AEA,EN,Combined TRACON& Tower with Radar,25,94,34,6,159,0,0,3,0,3,25,94,37,6,162,21,29,50,212
09/22/2010,MDT,PA,AEA,EN,Combined TRACON& Tower with Radar,44,102,44,11,201,0,0,13,3,16,44,102,57,14,217,32,36,68,285
09/23/2010,MDT,PA,AEA,EN,Combined TRACON& Tower with Radar,31,112,25,31,199,0,0,8,1,9,31,112,33,32,208,38,220,258,466
09/24/2010,MDT,PA,AEA,EN,Combined TRACON& Tower with Radar,27,95,25,7,154,0,0,5,0,5,27,95,30,7,159,38,54,92,251
09/25/2010,MDT,PA,AEA,EN,Combined TRACON& Tower with Radar,16,56,16,0,88,0,1,13,0,14,16,57,29,0,102,60,36,96,198
09/26/2010,MDT,PA,AEA,EN,Combined TRACON& Tower with Radar,16,70,12,5,103,0,0,14,0,14,16,70,26,5,117,0,0,0,117
09/27/2010,MDT,PA,AEA,EN,Combined TRACON& Tower with Radar,22,88,32,7,149,0,0,0,0,0,22,88,32,7,149,48,24,72,221
09/28/2010,MDT,PA,AEA,EN,Combined TRACON& Tower with Radar,28,94,20,16,158,0,0,0,5,5,28,94,20,21,163,10,32,42,205
09/29/2010,MDT,PA,AEA,EN,Combined TRACON& Tower with Radar,28,96,32,16,172,0,1,6,0,7,28,97,38,16,179,60,42,102,281
09/30/2010,MDT,PA,AEA,EN,Combined TRACON& Tower with Radar,27,80,23,0,130,0,0,0,0,0,27,80,23,0,130,62,80,142,272
10/01/2010,MDT,PA,AEA,EN,Combined TRACON& Tower with Radar,31,96,25,23,175,0,0,5,0,5,31,96,30,23,180,44,56,100,280
10/02/2010,MDT,PA,AEA,EN,Combined TRACON& Tower with Radar,14,52,14,3,83,0,0,5,2,7,14,52,19,5,90,0,0,0,90
10/03/2010,MDT,PA,AEA,EN,Combined TRACON& Tower with Radar,14,76,9,16,115,0,0,5,3,8,14,76,14,19,123,34,28,62,185
10/04/2010,MDT,PA,AEA,EN,Combined TRACON& Tower with Radar,27,86,28,25,166,0,0,0,0,0,27,86,28,25,166,22,40,62,228
10/05/2010,MDT,PA,AEA,EN,Combined TRACON& Tower with Radar,25,93,38,12,168,0,3,0,0,3,25,96,38,12,171,16,42,58,229
10/06/2010,MDT,PA,AEA,EN,Combined TRACON& Tower with Radar,24,100,27,4,155,0,0,2,0,2,24,100,29,4,157,44,72,116,273
10/07/2010,MDT,PA,AEA,EN,Combined TRACON& Tower with Radar,25,96,37,19,177,0,0,20,5,25,25,96,57,24,202,52,118,170,372
10/08/2010,MDT,PA,AEA,EN,Combined TRACON& Tower with Radar,22,97,32,5,156,0,2,11,0,13,22,99,43,5,169,130,164,294,463
10/09/2010,MDT,PA,AEA,EN,Combined TRACON& Tower with Radar,12,58,20,0,90,0,0,14,0,14,12,58,34,0,104,88,26,114,218
10/10/2010,MDT,PA,AEA,EN,Combined TRACON& Tower with Radar,14,75,19,0,108,0,0,14,0,14,14,75,33,0,122,42,44,86,208
10/11/2010,MDT,PA,AEA,EN,Combined TRACON& Tower with Radar,25,91,16,2,134,0,0,15,0,15,25,91,31,2,149,30,0,30,179
10/12/2010,MDT,PA,AEA,EN,Combined TRACON& Tower with Radar,26,104,25,3,158,0,0,2,1,3,26,104,27,4,161,0,0,0,161
10/13/2010,MDT,PA,AEA,EN,Combined TRACON& Tower with Radar,28,107,32,36,203,0,3,5,0,8,28,110,37,36,211,34,112,146,357
10/14/2010,MDT,PA,AEA,EN,Combined TRACON& Tower with Radar,26,105,21,8,160,0,0,0,0,0,26,105,21,8,160,0,104,104,264
10/15/2010,MDT,PA,AEA,EN,Combined TRACON& Tower with Radar,25,101,19,14,159,0,0,1,5,6,25,101,20,19,165,50,124,174,339
10/16/2010,MDT,PA,AEA,EN,Combined TRACON& Tower with Radar,12,54,6,2,74,0,0,2,0,2,12,54,8,2,76,0,0,0,76
10/17/2010,MDT,PA,AEA,EN,Combined TRACON& Tower with Radar,12,90,27,11,140,0,0,12,0,12,12,90,39,11,152,68,26,94,246
10/18/2010,MDT,PA,AEA,EN,Combined TRACON& Tower with Radar,26,93,13,11,143,0,0,5,0,5,26,93,18,11,148,32,24,56,204
10/19/2010,MDT,PA,AEA,EN,Combined TRACON& Tower with Radar,24,106,38,27,195,0,0,3,0,3,24,106,41,27,198,14,70,84,282
10/20/2010,MDT,PA,AEA,EN,Combined TRACON& Tower with Radar,23,100,47,16,186,0,4,1,2,7,23,104,48,18,193,34,84,118,311
10/21/2010,MDT,PA,AEA,EN,Combined TRACON& Tower with Radar,28,98,32,10,168,0,1,7,3,11,28,99,39,13,179,18,90,108,287
10/22/2010,MDT,PA,AEA,EN,Combined TRACON& Tower with Radar,28,94,19,10,151,0,0,4,0,4,28,94,23,10,155,62,42,104,259
10/23/2010,MDT,PA,AEA,EN,Combined TRACON& Tower with Radar,12,58,17,6,93,0,0,10,0,10,12,58,27,6,103,110,12,122,225
10/24/2010,MDT,PA,AEA,EN,Combined TRACON& Tower with Radar,14,73,11,2,100,0,0,7,0,7,14,73,18,2,107,48,14,62,169
10/25/2010,MDT,PA,AEA,EN,Combined TRACON& Tower with Radar,23,89,20,12,144,0,0,4,0,4,23,89,24,12,148,32,120,152,300
10/26/2010,MDT,PA,AEA,EN,Combined TRACON& Tower with Radar,25,91,20,33,169,0,0,0,0,0,25,91,20,33,169,36,74,110,279
10/27/2010,MDT,PA,AEA,EN,Combined TRACON& Tower with Radar,26,94,14,11,145,0,2,4,0,6,26,96,18,11,151,24,24,48,199
10/28/2010,MDT,PA,AEA,EN,Combined TRACON& Tower with Radar,30,101,29,21,181,0,1,8,6,15,30,102,37,27,196,0,0,0,196
10/29/2010,MDT,PA,AEA,EN,Combined TRACON& Tower with Radar,25,94,25,12,156,0,1,7,0,8,25,95,32,12,164,16,6,22,186
10/30/2010,MDT,PA,AEA,EN,Combined TRACON& Tower with Radar,12,57,7,1,77,0,0,4,0,4,12,57,11,1,81,78,56,134,215
10/31/2010,MDT,PA,AEA,EN,Combined TRACON& Tower with Radar,15,74,10,1,100,0,0,16,0,16,15,74,26,1,116,56,16,72,188
11/01/2010,MDT,PA,AEA,EN,Combined TRACON& Tower with Radar,28,99,24,0,151,0,1,11,0,12,28,100,35,0,163,38,14,52,215
11/02/2010,MDT,PA,AEA,EN,Combined TRACON& Tower with Radar,28,97,25,40,190,0,0,3,2,5,28,97,28,42,195,28,92,120,315
11/03/2010,MDT,PA,AEA,EN,Combined TRACON& Tower with Radar,30,92,23,28,173,0,0,8,2,10,30,92,31,30,183,38,84,122,305
11/04/2010,MDT,PA,AEA,EN,Combined TRACON& Tower with Radar,30,85,25,2,142,0,0,0,0,0,30,85,25,2,142,58,104,162,304
11/05/2010,MDT,PA,AEA,EN,Combined TRACON& Tower with Radar,30,94,44,9,177,0,1,2,0,3,30,95,46,9,180,48,38,86,266
11/06/2010,MDT,PA,AEA,EN,Combined TRACON& Tower with Radar,14,51,22,0,87,0,0,3,0,3,14,51,25,0,90,76,32,108,198
11/07/2010,MDT,PA,AEA,EN,Combined TRACON& Tower with Radar,17,80,9,5,111,0,0,15,1,16,17,80,24,6,127,0,0,0,127
11/08/2010,MDT,PA,AEA,EN,Combined TRACON& Tower with Radar,30,91,25,23,169,0,0,8,0,8,30,91,33,23,177,0,0,0,177
11/09/2010,MDT,PA,AEA,EN,Combined TRACON& Tower with Radar,31,102,35,5,173,0,0,10,0,10,31,102,45,5,183,48,34,82,265
11/10/2010,MDT,PA,AEA,EN,Combined TRACON& Tower with Radar,32,99,24,7,162,0,0,11,0,11,32,99,35,7,173,40,42,82,255
11/11/2010,MDT,PA,AEA,EN,Combined TRACON& Tower with Radar,31,100,27,1,159,0,0,14,0,14,31,100,41,1,173,36,6,42,215
11/12/2010,MDT,PA,AEA,EN,Combined TRACON& Tower with Radar,28,96,11,16,151,0,0,9,1,10,28,96,20,17,161,32,80,112,273
11/13/2010,MDT,PA,AEA,EN,Combined TRACON& Tower with Radar,14,57,7,0,78,0,0,10,0,10,14,57,17,0,88,48,26,74,162
11/14/2010,MDT,PA,AEA,EN,Combined TRACON& Tower with Radar,21,80,5,2,108,0,0,14,1,15,21,80,19,3,123,0,0,0,123
11/15/2010,MDT,PA,AEA,EN,Combined TRACON& Tower with Radar,33,93,28,2,156,0,0,5,0,5,33,93,33,2,161,0,0,0,161
11/16/2010,MDT,PA,AEA,EN,Combined TRACON& Tower with Radar,34,91,25,7,157,0,0,0,0,0,34,91,25,7,157,28,30,58,215
11/17/2010,MDT,PA,AEA,EN,Combined TRACON& Tower with Radar,34,106,24,33,197,0,4,3,2,9,34,110,27,35,206,18,126,144,350
11/18/2010,MDT,PA,AEA,EN,Combined TRACON& Tower with Radar,32,105,24,42,203,0,1,2,0,3,32,106,26,42,206,28,142,170,376
11/19/2010,MDT,PA,AEA,EN,Combined TRACON& Tower with Radar,30,99,17,20,166,0,0,12,6,18,30,99,29,26,184,12,62,74,258
11/20/2010,MDT,PA,AEA,EN,Combined TRACON& Tower with Radar,14,55,17,1,87,0,0,6,2,8,14,55,23,3,95,70,38,108,203
11/21/2010,MDT,PA,AEA,EN,Combined TRACON& Tower with Radar,18,75,11,14,118,0,0,1,1,2,18,75,12,15,120,46,114,160,280
11/22/2010,MDT,PA,AEA,EN,Combined TRACON& Tower with Radar,32,83,24,4,143,0,0,3,0,3,32,83,27,4,146,24,36,60,206
11/23/2010,MDT,PA,AEA,EN,Combined TRACON& Tower with Radar,39,94,8,8,149,0,0,2,0,2,39,94,10,8,151,28,36,64,215
11/24/2010,MDT,PA,AEA,EN,Combined TRACON& Tower with Radar,37,95,8,7,147,0,0,8,4,12,37,95,16,11,159,42,76,118,277
11/25/2010,MDT,PA,AEA,EN,Combined TRACON& Tower with Radar,11,35,3,0,49,0,0,0,0,0,11,35,3,0,49,10,4,14,63
11/26/2010,MDT,PA,AEA,EN,Combined TRACON& Tower with Radar,24,59,2,0,85,0,0,2,0,2,24,59,4,0,87,80,36,116,203
11/27/2010,MDT,PA,AEA,EN,Combined TRACON& Tower with Radar,17,61,10,0,88,0,0,3,0,3,17,61,13,0,91,48,54,102,193
11/28/2010,MDT,PA,AEA,EN,Combined TRACON& Tower with Radar,18,85,10,0,113,0,0,4,0,4,18,85,14,0,117,44,0,44,161
11/29/2010,MDT,PA,AEA,EN,Combined TRACON& Tower with Radar,36,95,17,2,150,0,1,6,0,7,36,96,23,2,157,0,0,0,157
11/30/2010,MDT,PA,AEA,EN,Combined TRACON& Tower with Radar,29,97,30,1,157,0,1,1,0,2,29,98,31,1,159,74,30,104,263
12/01/2010,MDT,PA,AEA,EN,Combined TRACON& Tower with Radar,42,90,30,13,175,0,0,0,5,5,42,90,30,18,180,12,54,66,246
12/02/2010,MDT,PA,AEA,EN,Combined TRACON& Tower with Radar,34,93,36,10,173,0,2,8,0,10,34,95,44,10,183,44,42,86,269
12/03/2010,MDT,PA,AEA,EN,Combined TRACON& Tower with Radar,29,86,22,16,153,0,0,1,1,2,29,86,23,17,155,60,68,128,283
12/04/2010,MDT,PA,AEA,EN,Combined TRACON& Tower with Radar,12,48,7,3,70,0,0,2,7,9,12,48,9,10,79,30,40,70,149
12/05/2010,MDT,PA,AEA,EN,Combined TRACON& Tower with Radar,17,74,10,8,109,0,0,4,1,5,17,74,14,9,114,0,0,0,114
12/06/2010,MDT,PA,AEA,EN,Combined TRACON& Tower with Radar,32,95,22,24,173,0,0,0,0,0,32,95,22,24,173,12,90,102,275
12/07/2010,MDT,PA,AEA,EN,Combined TRACON& Tower with Radar,34,99,31,20,184,0,0,2,2,4,34,99,33,22,188,28,52,80,268
12/08/2010,MDT,PA,AEA,EN,Combined TRACON& Tower with Radar,33,93,22,17,165,0,0,4,6,10,33,93,26,23,175,44,152,196,371
12/09/2010,MDT,PA,AEA,EN,Combined TRACON& Tower with Radar,38,87,38,51,214,0,0,13,2,15,38,87,51,53,229,20,116,136,365
12/10/2010,MDT,PA,AEA,EN,Combined TRACON& Tower with Radar,34,92,14,6,146,0,0,2,0,2,34,92,16,6,148,28,84,112,260
12/11/2010,MDT,PA,AEA,EN,Combined TRACON& Tower with Radar,12,59,2,0,73,0,0,2,1,3,12,59,4,1,76,22,0,22,98
12/12/2010,MDT,PA,AEA,EN,Combined TRACON& Tower with Radar,14,77,5,3,99,0,0,0,0,0,14,77,5,3,99,0,0,0,99
12/13/2010,MDT,PA,AEA,EN,Combined TRACON& Tower with Radar,35,84,10,9,138,0,0,1,0,1,35,84,11,9,139,26,94,120,259
12/14/2010,MDT,PA,AEA,EN,Combined TRACON& Tower with Radar,36,96,12,21,165,0,0,1,1,2,36,96,13,22,167,20,90,110,277
12/15/2010,MDT,PA,AEA,EN,Combined TRACON& Tower with Radar,37,88,16,22,163,0,0,5,6,11,37,88,21,28,174,0,0,0,174
12/16/2010,MDT,PA,AEA,EN,Combined TRACON& Tower with Radar,39,84,21,39,183,0,1,2,2,5,39,85,23,41,188,44,132,176,364
12/17/2010,MDT,PA,AEA,EN,Combined TRACON& Tower with Radar,35,96,23,11,165,0,0,9,2,11,35,96,32,13,176,26,102,128,304
12/18/2010,MDT,PA,AEA,EN,Combined TRACON& Tower with Radar,13,59,9,0,81,0,2,7,0,9,13,61,16,0,90,32,56,88,178
12/19/2010,MDT,PA,AEA,EN,Combined TRACON& Tower with Radar,14,84,4,10,112,0,0,6,0,6,14,84,10,10,118,36,48,84,202
12/20/2010,MDT,PA,AEA,EN,Combined TRACON& Tower with Radar,29,86,10,17,142,0,0,11,0,11,29,86,21,17,153,54,108,162,315
12/21/2010,MDT,PA,AEA,EN,Combined TRACON& Tower with Radar,34,93,18,20,165,0,1,0,1,2,34,94,18,21,167,26,66,92,259
12/22/2010,MDT,PA,AEA,EN,Combined TRACON& Tower with Radar,37,91,21,33,182,0,0,10,2,12,37,91,31,35,194,8,36,44,238
12/23/2010,MDT,PA,AEA,EN,Combined TRACON& Tower with Radar,38,90,1,1,130,0,0,0,1,1,38,90,1,2,131,36,42,78,209
12/24/2010,MDT,PA,AEA,EN,Combined TRACON& Tower with Radar,23,56,2,0,81,0,0,0,0,0,23,56,2,0,81,10,0,10,91
12/25/2010,MDT,PA,AEA,EN,Combined TRACON& Tower with Radar,10,45,0,0,55,0,0,0,0,0,10,45,0,0,55,0,0,0,55
12/26/2010,MDT,PA,AEA,EN,Combined TRACON& Tower with Radar,20,67,6,0,93,0,0,0,0,0,20,67,6,0,93,16,0,16,109
12/27/2010,MDT,PA,AEA,EN,Combined TRACON& Tower with Radar,32,71,5,0,108,0,0,0,0,0,32,71,5,0,108,64,6,70,178
12/28/2010,MDT,PA,AEA,EN,Combined TRACON& Tower with Radar,27,85,17,17,146,0,0,5,5,10,27,85,22,22,156,24,62,86,242
12/29/2010,MDT,PA,AEA,EN,Combined TRACON& Tower with Radar,26,94,25,7,152,0,2,15,6,23,26,96,40,13,175,32,110,142,317
12/30/2010,MDT,PA,AEA,EN,Combined TRACON& Tower with Radar,28,88,6,31,153,0,2,4,4,10,28,90,10,35,163,14,150,164,327
12/31/2010,MDT,PA,AEA,EN,Combined TRACON& Tower with Radar,17,66,13,0,96,0,1,8,0,9,17,67,21,0,105,52,52,104,209
01/01/2011,MDT,PA,AEA,EN,Combined TRACON& Tower with Radar,8,51,11,0,70,0,0,1,0,1,8,51,12,0,71,36,0,36,107
01/02/2011,MDT,PA,AEA,EN,Combined TRACON& Tower with Radar,14,79,12,0,105,0,0,7,0,7,14,79,19,0,112,108,0,108,220
01/03/2011,MDT,PA,AEA,EN,Combined TRACON& Tower with Radar,23,93,8,0,124,0,2,6,0,8,23,95,14,0,132,45,16,61,193
01/04/2011,MDT,PA,AEA,EN,Combined TRACON& Tower with Radar,22,102,18,17,159,0,2,4,3,9,22,104,22,20,168,54,68,122,290
01/05/2011,MDT,PA,AEA,EN,Combined TRACON& Tower with Radar,24,99,15,36,174,0,0,1,2,3,24,99,16,38,177,28,100,128,305
01/06/2011,MDT,PA,AEA,EN,Combined TRACON& Tower with Radar,20,96,21,52,189,0,0,2,0,2,20,96,23,52,191,24,96,120,311
01/07/2011,MDT,PA,AEA,EN,Combined TRACON& Tower with Radar,26,97,10,4,137,0,4,3,0,7,26,101,13,4,144,28,32,60,204
01/08/2011,MDT,PA,AEA,EN,Combined TRACON& Tower with Radar,11,50,4,3,68,0,0,0,0,0,11,50,4,3,68,72,34,106,174
01/09/2011,MDT,PA,AEA,EN,Combined TRACON& Tower with Radar,16,80,9,2,107,0,0,3,0,3,16,80,12,2,110,16,56,72,182
01/10/2011,MDT,PA,AEA,EN,Combined TRACON& Tower with Radar,20,97,19,10,146,0,0,4,0,4,20,97,23,10,150,62,44,106,256
01/11/2011,MDT,PA,AEA,EN,Combined TRACON& Tower with Radar,10,68,7,19,104,0,0,1,1,2,10,68,8,20,106,14,62,76,182
01/12/2011,MDT,PA,AEA,EN,Combined TRACON& Tower with Radar,25,79,9,8,121,0,2,0,2,4,25,81,9,10,125,20,38,58,183
01/13/2011,MDT,PA,AEA,EN,Combined TRACON& Tower with Radar,24,102,27,10,163,0,0,0,5,5,24,102,27,15,168,22,46,68,236
01/14/2011,MDT,PA,AEA,EN,Combined TRACON& Tower with Radar,14,69,4,40,127,0,0,2,0,2,14,69,6,40,129,40,40,80,209
01/15/2011,MDT,PA,AEA,EN,Combined TRACON& Tower with Radar,12,47,13,1,73,0,1,4,0,5,12,48,17,1,78,32,40,72,150
01/16/2011,MDT,PA,AEA,EN,Combined TRACON& Tower with Radar,14,77,15,1,107,0,0,7,0,7,14,77,22,1,114,44,36,80,194
01/17/2011,MDT,PA,AEA,EN,Combined TRACON& Tower with Radar,18,92,27,3,140,0,1,0,1,2,18,93,27,4,142,56,54,110,252
01/18/2011,MDT,PA,AEA,EN,Combined TRACON& Tower with Radar,26,84,26,15,151,0,0,0,0,0,26,84,26,15,151,46,70,116,267
01/19/2011,MDT,PA,AEA,EN,Combined TRACON& Tower with Radar,27,111,13,12,163,0,1,1,0,2,27,112,14,12,165,10,26,36,201
01/20/2011,MDT,PA,AEA,EN,Combined TRACON& Tower with Radar,23,106,19,39,187,0,2,4,0,6,23,108,23,39,193,18,88,106,299
01/21/2011,MDT,PA,AEA,EN,Combined TRACON& Tower with Radar,27,87,10,43,167,0,0,1,0,1,27,87,11,43,168,82,168,250,418
01/22/2011,MDT,PA,AEA,EN,Combined TRACON& Tower with Radar,13,48,12,3,76,0,0,5,0,5,13,48,17,3,81,82,50,132,213
01/23/2011,MDT,PA,AEA,EN,Combined TRACON& Tower with Radar,14,80,13,7,114,0,0,3,4,7,14,80,16,11,121,50,44,94,215
01/24/2011,MDT,PA,AEA,EN,Combined TRACON& Tower with Radar,21,95,16,6,138,0,1,5,0,6,21,96,21,6,144,16,42,58,202
01/25/2011,MDT,PA,AEA,EN,Combined TRACON& Tower with Radar,28,101,27,19,175,0,1,6,1,8,28,102,33,20,183,28,68,96,279
01/26/2011,MDT,PA,AEA,EN,Combined TRACON& Tower with Radar,19,75,9,0,103,0,0,0,0,0,19,75,9,0,103,26,18,44,147
01/27/2011,MDT,PA,AEA,EN,Combined TRACON& Tower with Radar,25,84,15,44,168,0,1,5,10,16,25,85,20,54,184,36,132,168,352
01/28/2011,MDT,PA,AEA,EN,Combined TRACON& Tower with Radar,29,97,15,7,148,0,0,2,0,2,29,97,17,7,150,38,40,78,228
01/29/2011,MDT,PA,AEA,EN,Combined TRACON& Tower with Radar,12,51,7,0,70,0,0,2,1,3,12,51,9,1,73,22,34,56,129
01/30/2011,MDT,PA,AEA,EN,Combined TRACON& Tower with Radar,14,76,12,2,104,0,0,7,0,7,14,76,19,2,111,48,16,64,175
01/31/2011,MDT,PA,AEA,EN,Combined TRACON& Tower with Radar,23,94,25,5,147,0,3,1,1,5,23,97,26,6,152,44,78,122,274
02/01/2011,MDT,PA,AEA,EN,Combined TRACON& Tower with Radar,19,64,1,0,84,0,0,0,0,0,19,64,1,0,84,22,24,46,130
02/02/2011,MDT,PA,AEA,EN,Combined TRACON& Tower with Radar,22,58,7,9,96,0,1,0,1,2,22,59,7,10,98,28,62,90,188
02/03/2011,MDT,PA,AEA,EN,Combined TRACON& Tower with Radar,21,95,22,32,170,0,0,6,5,11,21,95,28,37,181,64,152,216,397
02/04/2011,MDT,PA,AEA,EN,Combined TRACON& Tower with Radar,22,94,22,5,143,0,0,5,2,7,22,94,27,7,150,64,120,184,334
02/05/2011,MDT,PA,AEA,EN,Combined TRACON& Tower with Radar,14,40,2,1,57,0,0,0,0,0,14,40,2,1,57,24,12,36,93
02/06/2011,MDT,PA,AEA,EN,Combined TRACON& Tower with Radar,14,76,13,5,108,0,0,12,0,12,14,76,25,5,120,48,16,64,184
02/07/2011,MDT,PA,AEA,EN,Combined TRACON& Tower with Radar,22,92,26,16,156,0,0,5,2,7,22,92,31,18,163,30,80,110,273
02/08/2011,MDT,PA,AEA,EN,Combined TRACON& Tower with Radar,21,102,26,12,161,0,0,1,1,2,21,102,27,13,163,12,50,62,225
02/09/2011,MDT,PA,AEA,EN,Combined TRACON& Tower with Radar,27,96,16,16,155,0,0,1,1,2,27,96,17,17,157,50,72,122,279
02/10/2011,MDT,PA,AEA,EN,Combined TRACON& Tower with Radar,23,103,30,35,191,0,0,1,3,4,23,103,31,38,195,28,90,118,313
02/11/2011,MDT,PA,AEA,EN,Combined TRACON& Tower with Radar,25,100,10,19,154,0,2,4,1,7,25,102,14,20,161,34,116,150,311
02/12/2011,MDT,PA,AEA,EN,Combined TRACON& Tower with Radar,12,49,3,0,64,0,0,2,1,3,12,49,5,1,67,72,4,76,143
02/13/2011,MDT,PA,AEA,EN,Combined TRACON& Tower with Radar,13,82,7,13,115,0,0,7,0,7,13,82,14,13,122,20,22,42,164
02/14/2011,MDT,PA,AEA,EN,Combined TRACON& Tower with Radar,25,101,18,12,156,0,0,0,12,12,25,101,18,24,168,20,140,160,328
02/15/2011,MDT,PA,AEA,EN,Combined TRACON& Tower with Radar,28,101,29,18,176,0,2,11,2,15,28,103,40,20,191,54,48,102,293
02/16/2011,MDT,PA,AEA,EN,Combined TRACON& Tower with Radar,27,99,25,40,191,0,2,10,8,20,27,101,35,48,211,44,128,172,383
02/17/2011,MDT,PA,AEA,EN,Combined TRACON& Tower with Radar,22,104,36,6,168,0,0,8,3,11,22,104,44,9,179,68,100,168,347
02/18/2011,MDT,PA,AEA,EN,Combined TRACON& Tower with Radar,27,110,25,13,175,0,0,1,2,3,27,110,26,15,178,14,22,36,214
02/19/2011,MDT,PA,AEA,EN,Combined TRACON& Tower with Radar,6,29,3,0,38,0,0,0,0,0,6,29,3,0,38,14,52,66,104
02/20/2011,MDT,PA,AEA,EN,Combined TRACON& Tower with Radar,11,71,7,0,89,0,0,10,0,10,11,71,17,0,99,70,6,76,175
02/21/2011,MDT,PA,AEA,EN,Combined TRACON& Tower with Radar,23,88,12,2,125,0,0,2,0,2,23,88,14,2,127,28,22,50,177
02/22/2011,MDT,PA,AEA,EN,Combined TRACON& Tower with Radar,29,113,32,7,181,0,0,7,3,10,29,113,39,10,191,54,38,92,283
02/23/2011,MDT,PA,AEA,EN,Combined TRACON& Tower with Radar,27,117,25,10,179,0,0,10,1,11,27,117,35,11,190,44,66,110,300
02/24/2011,MDT,PA,AEA,EN,Combined TRACON& Tower with Radar,24,101,18,23,166,0,0,7,3,10,24,101,25,26,176,38,72,110,286
02/25/2011,MDT,PA,AEA,EN,Combined TRACON& Tower with Radar,32,88,14,0,134,0,1,0,0,1,32,89,14,0,135,24,78,102,237
02/26/2011,MDT,PA,AEA,EN,Combined TRACON& Tower with Radar,11,54,16,3,84,0,0,11,1,12,11,54,27,4,96,106,30,136,232
02/27/2011,MDT,PA,AEA,EN,Combined TRACON& Tower with Radar,13,79,11,0,103,0,0,12,0,12,13,79,23,0,115,94,0,94,209
02/28/2011,MDT,PA,AEA,EN,Combined TRACON& Tower with Radar,17,87,7,6,117,0,0,0,1,1,17,87,7,7,118,20,36,56,174
03/01/2011,MDT,PA,AEA,EN,Combined TRACON& Tower with Radar,25,107,23,19,174,0,1,9,1,11,25,108,32,20,185,22,44,66,251
03/02/2011,MDT,PA,AEA,EN,Combined TRACON& Tower with Radar,26,104,15,27,172,0,0,8,5,13,26,104,23,32,185,44,76,120,305
03/03/2011,MDT,PA,AEA,EN,Combined TRACON& Tower with Radar,22,113,32,12,179,0,0,12,6,18,22,113,44,18,197,36,68,104,301
03/04/2011,MDT,PA,AEA,EN,Combined TRACON& Tower with Radar,23,104,14,12,153,0,0,2,1,3,23,104,16,13,156,44,98,142,298
03/05/2011,MDT,PA,AEA,EN,Combined TRACON& Tower with Radar,10,64,8,0,82,0,0,2,0,2,10,64,10,0,84,78,46,124,208
03/06/2011,MDT,PA,AEA,EN,Combined TRACON& Tower with Radar,12,72,9,0,93,0,0,0,0,0,12,72,9,0,93,20,12,32,125
03/07/2011,MDT,PA,AEA,EN,Combined TRACON& Tower with Radar,20,101,17,13,151,0,0,3,3,6,20,101,20,16,157,24,32,56,213
03/08/2011,MDT,PA,AEA,EN,Combined TRACON& Tower with Radar,22,104,32,25,183,0,0,10,14,24,22,104,42,39,207,60,74,134,341
03/09/2011,MDT,PA,AEA,EN,Combined TRACON& Tower with Radar,24,100,11,21,156,0,0,3,2,5,24,100,14,23,161,32,12,44,205
03/10/2011,MDT,PA,AEA,EN,Combined TRACON& Tower with Radar,26,105,24,5,160,0,0,0,0,0,26,105,24,5,160,18,26,44,204
03/11/2011,MDT,PA,AEA,EN,Combined TRACON& Tower with Radar,26,100,14,19,159,0,0,9,4,13,26,100,23,23,172,28,48,76,248
03/12/2011,MDT,PA,AEA,EN,Combined TRACON& Tower with Radar,10,54,21,0,85,0,1,4,0,5,10,55,25,0,90,42,54,96,186
03/13/2011,MDT,PA,AEA,EN,Combined TRACON& Tower with Radar,12,84,11,1,108,0,0,7,0,7,12,84,18,1,115,46,16,62,177
03/14/2011,MDT,PA,AEA,EN,Combined TRACON& Tower with Radar,22,99,15,22,158,0,2,6,2,10,22,101,21,24,168,0,104,104,272
03/15/2011,MDT,PA,AEA,EN,Combined TRACON& Tower with Radar,20,103,21,24,168,0,0,11,2,13,20,103,32,26,181,48,56,104,285
03/16/2011,MDT,PA,AEA,EN,Combined TRACON& Tower with Radar,24,100,33,36,193,0,0,2,1,3,24,100,35,37,196,16,38,54,250
03/17/2011,MDT,PA,AEA,EN,Combined TRACON& Tower with Radar,24,112,21,22,179,0,0,9,1,10,24,112,30,23,189,54,92,146,335
03/18/2011,MDT,PA,AEA,EN,Combined TRACON& Tower with Radar,23,108,21,12,164,0,1,6,3,10,23,109,27,15,174,32,96,128,302
03/19/2011,MDT,PA,AEA,EN,Combined TRACON& Tower with Radar,15,50,6,1,72,0,1,5,0,6,15,51,11,1,78,34,40,74,152
03/20/2011,MDT,PA,AEA,EN,Combined TRACON& Tower with Radar,12,83,10,3,108,0,0,11,1,12,12,83,21,4,120,86,32,118,238
03/21/2011,MDT,PA,AEA,EN,Combined TRACON& Tower with Radar,22,99,17,2,140,0,1,1,2,4,22,100,18,4,144,22,58,80,224
03/22/2011,MDT,PA,AEA,EN,Combined TRACON& Tower with Radar,22,100,31,37,190,0,0,6,0,6,22,100,37,37,196,26,76,102,298
03/23/2011,MDT,PA,AEA,EN,Combined TRACON& Tower with Radar,24,83,19,6,132,0,0,0,1,1,24,83,19,7,133,10,70,80,213
03/24/2011,MDT,PA,AEA,EN,Combined TRACON& Tower with Radar,22,116,30,20,188,0,1,3,3,7,22,117,33,23,195,38,108,146,341
03/25/2011,MDT,PA,AEA,EN,Combined TRACON& Tower with Radar,23,107,19,7,156,0,2,8,0,10,23,109,27,7,166,40,98,138,304
03/26/2011,MDT,PA,AEA,EN,Combined TRACON& Tower with Radar,10,54,12,0,76,0,0,12,0,12,10,54,24,0,88,76,40,116,204
03/27/2011,MDT,PA,AEA,EN,Combined TRACON& Tower with Radar,11,83,20,2,116,0,0,9,2,11,11,83,29,4,127,54,12,66,193
03/28/2011,MDT,PA,AEA,EN,Combined TRACON& Tower with Radar,20,105,21,24,170,0,0,7,0,7,20,105,28,24,177,14,38,52,229
03/29/2011,MDT,PA,AEA,EN,Combined TRACON& Tower with Radar,22,103,17,17,159,0,1,3,3,7,22,104,20,20,166,62,28,90,256
03/30/2011,MDT,PA,AEA,EN,Combined TRACON& Tower with Radar,17,95,33,10,155,0,0,0,1,1,17,95,33,11,156,14,16,30,186
03/31/2011,MDT,PA,AEA,EN,Combined TRACON& Tower with Radar,25,102,20,25,172,0,0,0,0,0,25,102,20,25,172,26,28,54,226
04/01/2011,MDT,PA,AEA,EN,Combined TRACON& Tower with Radar,21,111,18,3,153,0,0,2,3,5,21,111,20,6,158,36,48,84,242
04/02/2011,MDT,PA,AEA,EN,Combined TRACON& Tower with Radar,10,59,8,0,77,0,0,6,1,7,10,59,14,1,84,54,36,90,174
04/03/2011,MDT,PA,AEA,EN,Combined TRACON& Tower with Radar,15,86,7,3,111,0,0,3,0,3,15,86,10,3,114,0,0,0,114
04/04/2011,MDT,PA,AEA,EN,Combined TRACON& Tower with Radar,21,94,19,8,142,0,0,2,0,2,21,94,21,8,144,52,42,94,238
04/05/2011,MDT,PA,AEA,EN,Combined TRACON& Tower with Radar,23,109,15,25,172,0,0,2,1,3,23,109,17,26,175,22,82,104,279
04/06/2011,MDT,PA,AEA,EN,Combined TRACON& Tower with Radar,22,105,19,14,160,0,0,3,2,5,22,105,22,16,165,66,90,156,321
04/07/2011,MDT,PA,AEA,EN,Combined TRACON& Tower with Radar,24,108,16,17,165,0,0,5,6,11,24,108,21,23,176,58,88,146,322
04/08/2011,MDT,PA,AEA,EN,Combined TRACON& Tower with Radar,22,103,13,6,144,0,0,0,0,0,22,103,13,6,144,42,30,72,216
04/09/2011,MDT,PA,AEA,EN,Combined TRACON& Tower with Radar,11,59,20,0,90,0,0,0,0,0,11,59,20,0,90,46,24,70,160
04/10/2011,MDT,PA,AEA,EN,Combined TRACON& Tower with Radar,14,79,16,1,110,0,0,0,0,0,14,79,16,1,110,44,0,44,154
04/11/2011,MDT,PA,AEA,EN,Combined TRACON& Tower with Radar,21,106,11,2,140,0,1,4,0,5,21,107,15,2,145,44,82,126,271
04/12/2011,MDT,PA,AEA,EN,Combined TRACON& Tower with Radar,18,104,21,14,157,0,0,0,0,0,18,104,21,14,157,30,38,68,225
04/13/2011,MDT,PA,AEA,EN,Combined TRACON& Tower with Radar,22,118,20,7,167,0,0,0,1,1,22,118,20,8,168,28,88,116,284
04/14/2011,MDT,PA,AEA,EN,Combined TRACON& Tower with Radar,18,95,41,12,166,0,0,12,8,20,18,95,53,20,186,40,116,156,342
04/15/2011,MDT,PA,AEA,EN,Combined TRACON& Tower with Radar,24,106,14,18,162,0,0,13,2,15,24,106,27,20,177,50,68,118,295
04/16/2011,MDT,PA,AEA,EN,Combined TRACON& Tower with Radar,13,51,4,4,72,0,0,0,0,0,13,51,4,4,72,0,0,0,72
04/17/2011,MDT,PA,AEA,EN,Combined TRACON& Tower with Radar,16,82,8,9,115,0,0,3,4,7,16,82,11,13,122,20,22,42,164
04/18/2011,MDT,PA,AEA,EN,Combined TRACON& Tower with Radar,21,107,15,1,144,0,0,8,1,9,21,107,23,2,153,62,46,108,261
04/19/2011,MDT,PA,AEA,EN,Combined TRACON& Tower with Radar,19,104,15,11,149,0,0,0,2,2,19,104,15,13,151,20,6,26,177
04/20/2011,MDT,PA,AEA,EN,Combined TRACON& Tower with Radar,23,104,14,25,166,0,1,0,2,3,23,105,14,27,169,22,84,106,275
04/21/2011,MDT,PA,AEA,EN,Combined TRACON& Tower with Radar,23,110,25,9,167,0,0,1,1,2,23,110,26,10,169,40,82,122,291
04/22/2011,MDT,PA,AEA,EN,Combined TRACON& Tower with Radar,24,97,8,19,148,0,0,8,2,10,24,97,16,21,158,33,67,100,258
04/23/2011,MDT,PA,AEA,EN,Combined TRACON& Tower with Radar,10,55,5,0,70,0,0,3,0,3,10,55,8,0,73,40,18,58,131
04/24/2011,MDT,PA,AEA,EN,Combined TRACON& Tower with Radar,15,72,10,0,97,0,0,5,0,5,15,72,15,0,102,0,0,0,102
04/25/2011,MDT,PA,AEA,EN,Combined TRACON& Tower with Radar,21,104,30,1,156,0,3,2,0,5,21,107,32,1,161,48,26,74,235
04/26/2011,MDT,PA,AEA,EN,Combined TRACON& Tower with Radar,22,107,30,15,174,0,2,0,2,4,22,109,30,17,178,34,74,108,286
04/27/2011,MDT,PA,AEA,EN,Combined TRACON& Tower with Radar,23,107,30,33,193,0,1,1,3,5,23,108,31,36,198,0,0,0,198
04/28/2011,MDT,PA,AEA,EN,Combined TRACON& Tower with Radar,30,107,22,20,179,0,1,1,1,3,30,108,23,21,182,82,18,100,282
04/29/2011,MDT,PA,AEA,EN,Combined TRACON& Tower with Radar,21,113,11,20,165,0,0,1,3,4,21,113,12,23,169,36,59,95,264
04/30/2011,MDT,PA,AEA,EN,Combined TRACON& Tower with Radar,10,55,11,0,76,0,0,5,0,5,10,55,16,0,81,56,10,66,147
05/01/2011,MDT,PA,AEA,EN,Combined TRACON& Tower with Radar,14,82,15,2,113,0,0,4,0,4,14,82,19,2,117,44,2,46,163
05/02/2011,MDT,PA,AEA,EN,Combined TRACON& Tower with Radar,23,107,18,2,150,0,0,6,1,7,23,107,24,3,157,46,20,66,223
05/03/2011,MDT,PA,AEA,EN,Combined TRACON& Tower with Radar,19,109,17,11,156,0,2,2,4,8,19,111,19,15,164,18,56,74,238
05/04/2011,MDT,PA,AEA,EN,Combined TRACON& Tower with Radar,23,101,21,3,148,0,1,2,3,6,23,102,23,6,154,50,62,112,266
05/05/2011,MDT,PA,AEA,EN,Combined TRACON& Tower with Radar,23,114,21,5,163,0,1,3,4,8,23,115,24,9,171,34,14,48,219
05/06/2011,MDT,PA,AEA,EN,Combined TRACON& Tower with Radar,25,108,19,5,157,0,0,6,2,8,25,108,25,7,165,38,34,72,237
05/07/2011,MDT,PA,AEA,EN,Combined TRACON& Tower with Radar,14,62,8,4,88,0,2,11,1,14,14,64,19,5,102,72,12,84,186
05/08/2011,MDT,PA,AEA,EN,Combined TRACON& Tower with Radar,13,86,10,1,110,0,1,3,0,4,13,87,13,1,114,70,0,70,184
05/09/2011,MDT,PA,AEA,EN,Combined TRACON& Tower with Radar,21,102,9,11,143,0,0,8,1,9,21,102,17,12,152,66,34,100,252
05/10/2011,MDT,PA,AEA,EN,Combined TRACON& Tower with Radar,23,117,26,13,179,0,1,7,2,10,23,118,33,15,189,40,52,92,281
05/11/2011,MDT,PA,AEA,EN,Combined TRACON& Tower with Radar,21,107,25,12,165,0,1,9,0,10,21,108,34,12,175,48,54,102,277
05/12/2011,MDT,PA,AEA,EN,Combined TRACON& Tower with Radar,22,107,24,51,204,0,0,6,2,8,22,107,30,53,212,65,110,175,387
05/13/2011,MDT,PA,AEA,EN,Combined TRACON& Tower with Radar,19,103,13,4,139,0,0,1,0,1,19,103,14,4,140,0,0,0,140
05/14/2011,MDT,PA,AEA,EN,Combined TRACON& Tower with Radar,14,64,8,0,86,0,0,0,0,0,14,64,8,0,86,0,0,0,86
05/15/2011,MDT,PA,AEA,EN,Combined TRACON& Tower with Radar,18,68,8,1,95,0,0,0,0,0,18,68,8,1,95,0,0,0,95
05/16/2011,MDT,PA,AEA,EN,Combined TRACON& Tower with Radar,17,89,12,22,140,0,0,0,0,0,17,89,12,22,140,18,70,88,228
05/17/2011,MDT,PA,AEA,EN,Combined TRACON& Tower with Radar,22,103,33,2,160,0,0,0,0,0,22,103,33,2,160,36,48,84,244
05/18/2011,MDT,PA,AEA,EN,Combined TRACON& Tower with Radar,20,101,17,32,170,0,0,0,0,0,20,101,17,32,170,42,134,176,346
05/19/2011,MDT,PA,AEA,EN,Combined TRACON& Tower with Radar,27,94,13,9,143,0,0,0,1,1,27,94,13,10,144,32,64,96,240
05/20/2011,MDT,PA,AEA,EN,Combined TRACON& Tower with Radar,21,111,23,10,165,0,1,2,0,3,21,112,25,10,168,42,66,108,276
05/21/2011,MDT,PA,AEA,EN,Combined TRACON& Tower with Radar,14,62,9,2,87,0,0,6,0,6,14,62,15,2,93,74,44,118,211
05/22/2011,MDT,PA,AEA,EN,Combined TRACON& Tower with Radar,13,82,15,4,114,0,0,3,0,3,13,82,18,4,117,38,14,52,169
05/23/2011,MDT,PA,AEA,EN,Combined TRACON& Tower with Radar,23,96,24,5,148,0,1,2,1,4,23,97,26,6,152,36,80,116,268
05/24/2011,MDT,PA,AEA,EN,Combined TRACON& Tower with Radar,23,112,15,20,170,0,1,8,2,11,23,113,23,22,181,76,32,108,289
05/25/2011,MDT,PA,AEA,EN,Combined TRACON& Tower with Radar,18,92,26,15,151,0,1,10,1,12,18,93,36,16,163,76,84,160,323
05/26/2011,MDT,PA,AEA,EN,Combined TRACON& Tower with Radar,23,105,28,19,175,0,0,13,0,13,23,105,41,19,188,0,0,0,188
05/27/2011,MDT,PA,AEA,EN,Combined TRACON& Tower with Radar,28,103,9,1,141,0,0,7,2,9,28,103,16,3,150,32,26,58,208
05/28/2011,MDT,PA,AEA,EN,Combined TRACON& Tower with Radar,12,62,5,2,81,0,0,3,1,4,12,62,8,3,85,74,76,150,235
05/29/2011,MDT,PA,AEA,EN,Combined TRACON& Tower with Radar,11,48,4,0,63,0,2,0,0,2,11,50,4,0,65,54,8,62,127
05/30/2011,MDT,PA,AEA,EN,Combined TRACON& Tower with Radar,14,81,8,0,103,0,0,6,0,6,14,81,14,0,109,0,0,0,109
05/31/2011,MDT,PA,AEA,EN,Combined TRACON& Tower with Radar,24,108,15,31,178,0,0,2,2,4,24,108,17,33,182,34,36,70,252
06/01/2011,MDT,PA,AEA,EN,Combined TRACON& Tower with Radar,25,101,21,10,157,0,1,1,1,3,25,102,22,11,160,34,46,80,240
06/02/2011,MDT,PA,AEA,EN,Combined TRACON& Tower with Radar,24,115,24,21,184,0,2,7,4,13,24,117,31,25,197,28,58,86,283
06/03/2011,MDT,PA,AEA,EN,Combined TRACON& Tower with Radar,21,105,13,12,151,0,1,9,5,15,21,106,22,17,166,40,66,106,272
06/04/2011,MDT,PA,AEA,EN,Combined TRACON& Tower with Radar,15,61,11,0,87,0,0,9,0,9,15,61,20,0,96,22,42,64,160
06/05/2011,MDT,PA,AEA,EN,Combined TRACON& Tower with Radar,14,85,15,8,122,0,0,4,0,4,14,85,19,8,126,46,4,50,176
06/06/2011,MDT,PA,AEA,EN,Combined TRACON& Tower with Radar,24,104,25,13,166,0,2,4,0,6,24,106,29,13,172,32,26,58,230
06/07/2011,MDT,PA,AEA,EN,Combined TRACON& Tower with Radar,20,105,25,19,169,0,1,14,3,18,20,106,39,22,187,44,72,116,303
06/08/2011,MDT,PA,AEA,EN,Combined TRACON& Tower with Radar,26,106,46,27,205,0,0,4,10,14,26,106,50,37,219,28,70,98,317
06/09/2011,MDT,PA,AEA,EN,Combined TRACON& Tower with Radar,29,102,47,4,182,0,0,7,1,8,29,102,54,5,190,32,20,52,242
06/10/2011,MDT,PA,AEA,EN,Combined TRACON& Tower with Radar,29,107,15,33,184,0,1,4,2,7,29,108,19,35,191,20,94,114,305
06/11/2011,MDT,PA,AEA,EN,Combined TRACON& Tower with Radar,18,61,8,4,91,0,0,1,1,2,18,61,9,5,93,40,10,50,143
06/12/2011,MDT,PA,AEA,EN,Combined TRACON& Tower with Radar,15,91,19,0,125,0,0,2,0,2,15,91,21,0,127,22,32,54,181
06/13/2011,MDT,PA,AEA,EN,Combined TRACON& Tower with Radar,27,105,29,5,166,0,2,5,1,8,27,107,34,6,174,42,58,100,274
06/14/2011,MDT,PA,AEA,EN,Combined TRACON& Tower with Radar,22,106,13,7,148,0,0,6,1,7,22,106,19,8,155,20,34,54,209
06/15/2011,MDT,PA,AEA,EN,Combined TRACON& Tower with Radar,26,100,19,30,175,0,2,5,3,10,26,102,24,33,185,16,44,60,245
06/16/2011,MDT,PA,AEA,EN,Combined TRACON& Tower with Radar,26,116,29,11,182,0,4,6,6,16,26,120,35,17,198,20,34,54,252
06/17/2011,MDT,PA,AEA,EN,Combined TRACON& Tower with Radar,51,107,38,27,223,0,1,12,1,14,51,108,50,28,237,38,20,58,295
06/18/2011,MDT,PA,AEA,EN,Combined TRACON& Tower with Radar,18,69,6,7,100,0,0,6,0,6,18,69,12,7,106,68,28,96,202
06/19/2011,MDT,PA,AEA,EN,Combined TRACON& Tower with Radar,14,81,4,2,101,0,0,4,0,4,14,81,8,2,105,54,0,54,159
06/20/2011,MDT,PA,AEA,EN,Combined TRACON& Tower with Radar,25,98,24,7,154,0,0,5,1,6,25,98,29,8,160,100,30,130,290
06/21/2011,MDT,PA,AEA,EN,Combined TRACON& Tower with Radar,23,107,36,22,188,0,0,6,12,18,23,107,42,34,206,28,52,80,286
06/22/2011,MDT,PA,AEA,EN,Combined TRACON& Tower with Radar,28,108,27,21,184,0,0,4,4,8,28,108,31,25,192,28,26,54,246
06/23/2011,MDT,PA,AEA,EN,Combined TRACON& Tower with Radar,27,103,21,13,164,0,0,0,1,1,27,103,21,14,165,28,42,70,235
06/24/2011,MDT,PA,AEA,EN,Combined TRACON& Tower with Radar,29,101,16,14,160,0,0,5,2,7,29,101,21,16,167,68,68,136,303
06/25/2011,MDT,PA,AEA,EN,Combined TRACON& Tower with Radar,22,67,7,10,106,0,1,0,2,3,22,68,7,12,109,54,80,134,243
06/26/2011,MDT,PA,AEA,EN,Combined TRACON& Tower with Radar,15,82,16,4,117,0,0,7,0,7,15,82,23,4,124,64,62,126,250
06/27/2011,MDT,PA,AEA,EN,Combined TRACON& Tower with Radar,27,109,18,17,171,0,0,8,7,15,27,109,26,24,186,28,98,126,312
06/28/2011,MDT,PA,AEA,EN,Combined TRACON& Tower with Radar,25,112,21,27,185,0,2,3,4,9,25,114,24,31,194,42,16,58,252
06/29/2011,MDT,PA,AEA,EN,Combined TRACON& Tower with Radar,35,104,8,28,175,0,0,5,3,8,35,104,13,31,183,52,72,124,307
06/30/2011,MDT,PA,AEA,EN,Combined TRACON& Tower with Radar,25,106,19,11,161,0,1,6,4,11,25,107,25,15,172,38,104,142,314
07/01/2011,MDT,PA,AEA,EN,Combined TRACON& Tower with Radar,27,101,16,3,147,0,2,9,4,15,27,103,25,7,162,20,54,74,236
07/02/2011,MDT,PA,AEA,EN,Combined TRACON& Tower with Radar,18,66,8,0,92,0,0,8,0,8,18,66,16,0,100,72,16,88,188
07/03/2011,MDT,PA,AEA,EN,Combined TRACON& Tower with Radar,25,68,4,0,97,0,0,5,0,5,25,68,9,0,102,64,2,66,168
07/04/2011,MDT,PA,AEA,EN,Combined TRACON& Tower with Radar,17,66,12,0,95,0,0,12,0,12,17,66,24,0,107,58,2,60,167
07/05/2011,MDT,PA,AEA,EN,Combined TRACON& Tower with Radar,22,97,11,34,164,0,1,11,2,14,22,98,22,36,178,32,28,60,238
07/06/2011,MDT,PA,AEA,EN,Combined TRACON& Tower with Radar,32,97,10,17,156,0,0,6,1,7,32,97,16,18,163,48,82,130,293
07/07/2011,MDT,PA,AEA,EN,Combined TRACON& Tower with Radar,34,109,17,12,172,0,1,1,1,3,34,110,18,13,175,16,60,76,251
07/08/2011,MDT,PA,AEA,EN,Combined TRACON& Tower with Radar,27,92,6,14,139,0,0,0,2,2,27,92,6,16,141,0,0,0,141
07/09/2011,MDT,PA,AEA,EN,Combined TRACON& Tower with Radar,22,67,14,2,105,0,0,3,1,4,22,67,17,3,109,38,36,74,183
07/10/2011,MDT,PA,AEA,EN,Combined TRACON& Tower with Radar,19,77,14,0,110,0,0,3,0,3,19,77,17,0,113,30,22,52,165
07/11/2011,MDT,PA,AEA,EN,Combined TRACON& Tower with Radar,33,99,25,5,162,0,0,5,0,5,33,99,30,5,167,44,22,66,233
07/12/2011,MDT,PA,AEA,EN,Combined TRACON& Tower with Radar,23,100,17,17,157,0,0,8,1,9,23,100,25,18,166,42,24,66,232
07/13/2011,MDT,PA,AEA,EN,Combined TRACON& Tower with Radar,39,90,33,19,181,0,0,9,2,11,39,90,42,21,192,52,66,118,310
07/14/2011,MDT,PA,AEA,EN,Combined TRACON& Tower with Radar,32,116,33,15,196,0,0,19,8,27,32,116,52,23,223,48,90,138,361
07/15/2011,MDT,PA,AEA,EN,Combined TRACON& Tower with Radar,27,108,29,12,176,0,0,18,4,22,27,108,47,16,198,8,113,121,319
07/16/2011,MDT,PA,AEA,EN,Combined TRACON& Tower with Radar,20,58,10,1,89,0,0,4,0,4,20,58,14,1,93,66,38,104,197
07/17/2011,MDT,PA,AEA,EN,Combined TRACON& Tower with Radar,18,75,7,2,102,0,1,11,0,12,18,76,18,2,114,86,18,104,218
07/18/2011,MDT,PA,AEA,EN,Combined TRACON& Tower with Radar,30,96,21,10,157,0,1,6,1,8,30,97,27,11,165,62,30,92,257
07/19/2011,MDT,PA,AEA,EN,Combined TRACON& Tower with Radar,28,109,15,12,164,0,0,5,0,5,28,109,20,12,169,44,44,88,257
07/20/2011,MDT,PA,AEA,EN,Combined TRACON& Tower with Radar,34,99,28,22,183,0,0,9,2,11,34,99,37,24,194,32,54,86,280
07/21/2011,MDT,PA,AEA,EN,Combined TRACON& Tower with Radar,29,101,19,16,165,0,1,0,3,4,29,102,19,19,169,40,72,112,281
07/22/2011,MDT,PA,AEA,EN,Combined TRACON& Tower with Radar,34,96,14,10,154,0,3,3,4,10,34,99,17,14,164,50,64,114,278
07/23/2011,MDT,PA,AEA,EN,Combined TRACON& Tower with Radar,19,69,7,4,99,0,0,1,0,1,19,69,8,4,100,6,24,30,130
07/24/2011,MDT,PA,AEA,EN,Combined TRACON& Tower with Radar,18,77,15,0,110,0,1,4,1,6,18,78,19,1,116,36,52,88,204
07/25/2011,MDT,PA,AEA,EN,Combined TRACON& Tower with Radar,32,91,8,17,148,0,0,0,0,0,32,91,8,17,148,24,4,28,176
07/26/2011,MDT,PA,AEA,EN,Combined TRACON& Tower with Radar,30,104,17,15,166,0,2,4,4,10,30,106,21,19,176,34,42,76,252
07/27/2011,MDT,PA,AEA,EN,Combined TRACON& Tower with Radar,26,96,18,42,182,0,0,10,1,11,26,96,28,43,193,46,114,160,353
07/28/2011,MDT,PA,AEA,EN,Combined TRACON& Tower with Radar,31,106,15,24,176,0,0,5,0,5,31,106,20,24,181,38,72,110,291
07/29/2011,MDT,PA,AEA,EN,Combined TRACON& Tower with Radar,35,100,16,8,159,0,0,4,3,7,35,100,20,11,166,38,80,118,284
07/30/2011,MDT,PA,AEA,EN,Combined TRACON& Tower with Radar,22,62,3,1,88,0,0,8,1,9,22,62,11,2,97,40,28,68,165
07/31/2011,MDT,PA,AEA,EN,Combined TRACON& Tower with Radar,18,85,19,1,123,0,0,8,0,8,18,85,27,1,131,88,16,104,235
08/01/2011,MDT,PA,AEA,EN,Combined TRACON& Tower with Radar,29,99,24,18,170,0,2,6,4,12,29,101,30,22,182,42,12,54,236
08/02/2011,MDT,PA,AEA,EN,Combined TRACON& Tower with Radar,30,101,17,14,162,0,0,6,4,10,30,101,23,18,172,22,74,96,268
08/03/2011,MDT,PA,AEA,EN,Combined TRACON& Tower with Radar,29,105,21,17,172,0,1,1,6,8,29,106,22,23,180,16,6,22,202
08/04/2011,MDT,PA,AEA,EN,Combined TRACON& Tower with Radar,34,105,31,15,185,0,0,1,0,1,34,105,32,15,186,0,86,86,272
08/05/2011,MDT,PA,AEA,EN,Combined TRACON& Tower with Radar,29,99,23,11,162,0,0,12,1,13,29,99,35,12,175,64,20,84,259
08/06/2011,MDT,PA,AEA,EN,Combined TRACON& Tower with Radar,23,60,14,1,98,0,0,1,0,1,23,60,15,1,99,0,0,0,99
08/07/2011,MDT,PA,AEA,EN,Combined TRACON& Tower with Radar,22,78,10,0,110,0,0,2,0,2,22,78,12,0,112,72,0,72,184
08/08/2011,MDT,PA,AEA,EN,Combined TRACON& Tower with Radar,31,97,19,31,178,0,0,5,2,7,31,97,24,33,185,42,16,58,243
08/09/2011,MDT,PA,AEA,EN,Combined TRACON& Tower with Radar,35,96,11,19,161,0,0,0,5,5,35,96,11,24,166,38,60,98,264
08/10/2011,MDT,PA,AEA,EN,Combined TRACON& Tower with Radar,32,103,27,25,187,0,0,13,1,14,32,103,40,26,201,62,62,124,325
08/11/2011,MDT,PA,AEA,EN,Combined TRACON& Tower with Radar,28,108,21,14,171,0,0,9,1,10,28,108,30,15,181,10,0,10,191
08/12/2011,MDT,PA,AEA,EN,Combined TRACON& Tower with Radar,34,103,15,3,155,0,2,8,2,12,34,105,23,5,167,75,49,124,291
08/13/2011,MDT,PA,AEA,EN,Combined TRACON& Tower with Radar,25,60,6,3,94,0,1,2,1,4,25,61,8,4,98,48,12,60,158
08/14/2011,MDT,PA,AEA,EN,Combined TRACON& Tower with Radar,24,66,9,6,105,0,0,0,5,5,24,66,9,11,110,26,12,38,148
08/15/2011,MDT,PA,AEA,EN,Combined TRACON& Tower with Radar,37,100,28,15,180,0,1,0,3,4,37,101,28,18,184,30,24,54,238
08/16/2011,MDT,PA,AEA,EN,Combined TRACON& Tower with Radar,25,100,23,17,165,0,4,2,8,14,25,104,25,25,179,38,40,78,257
08/17/2011,MDT,PA,AEA,EN,Combined TRACON& Tower with Radar,30,99,18,10,157,0,0,2,3,5,30,99,20,13,162,48,56,104,266
08/18/2011,MDT,PA,AEA,EN,Combined TRACON& Tower with Radar,39,103,24,15,181,0,1,3,9,13,39,104,27,24,194,54,74,128,322
08/19/2011,MDT,PA,AEA,EN,Combined TRACON& Tower with Radar,39,94,17,6,156,0,0,5,1,6,39,94,22,7,162,22,78,100,262
08/20/2011,MDT,PA,AEA,EN,Combined TRACON& Tower with Radar,20,60,15,3,98,0,0,4,1,5,20,60,19,4,103,80,38,118,221
08/21/2011,MDT,PA,AEA,EN,Combined TRACON& Tower with Radar,20,68,6,3,97,0,0,2,5,7,20,68,8,8,104,54,38,92,196
08/22/2011,MDT,PA,AEA,EN,Combined TRACON& Tower with Radar,28,92,12,3,135,0,0,8,2,10,28,92,20,5,145,38,72,110,255
08/23/2011,MDT,PA,AEA,EN,Combined TRACON& Tower with Radar,27,94,20,4,145,0,0,3,1,4,27,94,23,5,149,44,14,58,207
08/24/2011,MDT,PA,AEA,EN,Combined TRACON& Tower with Radar,29,93,14,20,156,0,1,5,1,7,29,94,19,21,163,28,54,82,245
08/25/2011,MDT,PA,AEA,EN,Combined TRACON& Tower with Radar,30,104,17,14,165,0,0,0,0,0,30,104,17,14,165,24,52,76,241
08/26/2011,MDT,PA,AEA,EN,Combined TRACON& Tower with Radar,32,107,22,9,170,0,0,9,0,9,32,107,31,9,179,44,64,108,287
08/27/2011,MDT,PA,AEA,EN,Combined TRACON& Tower with Radar,23,64,6,7,100,0,0,0,0,0,23,64,6,7,100,0,0,0,100
08/28/2011,MDT,PA,AEA,EN,Combined TRACON& Tower with Radar,17,38,7,0,62,0,0,0,0,0,17,38,7,0,62,8,0,8,70
08/29/2011,MDT,PA,AEA,EN,Combined TRACON& Tower with Radar,25,93,23,3,144,0,1,11,1,13,25,94,34,4,157,30,40,70,227
08/30/2011,MDT,PA,AEA,EN,Combined TRACON& Tower with Radar,27,96,25,10,158,0,0,20,2,22,27,96,45,12,180,52,60,112,292
08/31/2011,MDT,PA,AEA,EN,Combined TRACON& Tower with Radar,31,96,26,16,169,0,0,5,0,5,31,96,31,16,174,28,30,58,232
09/01/2011,MDT,PA,AEA,EN,Combined TRACON& Tower with Radar,26,107,27,4,164,0,0,5,0,5,26,107,32,4,169,49,72,121,290
09/02/2011,MDT,PA,AEA,EN,Combined TRACON& Tower with Radar,27,100,19,0,146,0,2,0,0,2,27,102,19,0,148,34,8,42,190
09/03/2011,MDT,PA,AEA,EN,Combined TRACON& Tower with Radar,18,56,9,2,85,0,0,2,0,2,18,56,11,2,87,44,32,76,163
09/04/2011,MDT,PA,AEA,EN,Combined TRACON& Tower with Radar,20,44,5,1,70,0,0,0,1,1,20,44,5,2,71,50,0,50,121
09/05/2011,MDT,PA,AEA,EN,Combined TRACON& Tower with Radar,18,79,17,0,114,0,0,0,0,0,18,79,17,0,114,24,0,24,138
09/06/2011,MDT,PA,AEA,EN,Combined TRACON& Tower with Radar,25,90,19,15,149,0,0,0,0,0,25,90,19,15,149,0,14,14,163
09/07/2011,MDT,PA,AEA,EN,Combined TRACON& Tower with Radar,23,88,23,3,137,0,0,0,0,0,23,88,23,3,137,10,14,24,161
09/08/2011,MDT,PA,AEA,EN,Combined TRACON& Tower with Radar,24,98,20,4,146,0,2,6,0,8,24,100,26,4,154,12,50,62,216
09/09/2011,MDT,PA,AEA,EN,Combined TRACON& Tower with Radar,25,102,20,10,157,0,2,9,1,12,25,104,29,11,169,35,37,72,241
09/10/2011,MDT,PA,AEA,EN,Combined TRACON& Tower with Radar,21,56,18,0,95,0,2,5,1,8,21,58,23,1,103,48,30,78,181
09/11/2011,MDT,PA,AEA,EN,Combined TRACON& Tower with Radar,15,82,15,2,114,0,2,3,0,5,15,84,18,2,119,36,6,42,161
09/12/2011,MDT,PA,AEA,EN,Combined TRACON& Tower with Radar,21,105,23,14,163,0,0,4,1,5,21,105,27,15,168,0,0,0,168
09/13/2011,MDT,PA,AEA,EN,Combined TRACON& Tower with Radar,20,109,25,35,189,0,0,6,3,9,20,109,31,38,198,2,34,36,234
09/14/2011,MDT,PA,AEA,EN,Combined TRACON& Tower with Radar,18,101,29,22,170,0,0,5,6,11,18,101,34,28,181,22,28,50,231
09/15/2011,MDT,PA,AEA,EN,Combined TRACON& Tower with Radar,23,107,24,26,180,0,0,0,4,4,23,107,24,30,184,0,0,0,184
09/16/2011,MDT,PA,AEA,EN,Combined TRACON& Tower with Radar,19,107,36,13,175,0,0,7,1,8,19,107,43,14,183,32,80,112,295
09/17/2011,MDT,PA,AEA,EN,Combined TRACON& Tower with Radar,18,60,13,0,91,0,1,8,1,10,18,61,21,1,101,48,6,54,155
09/18/2011,MDT,PA,AEA,EN,Combined TRACON& Tower with Radar,12,81,15,3,111,0,0,10,2,12,12,81,25,5,123,38,8,46,169
09/19/2011,MDT,PA,AEA,EN,Combined TRACON& Tower with Radar,24,104,32,9,169,0,0,3,0,3,24,104,35,9,172,32,34,66,238
09/20/2011,MDT,PA,AEA,EN,Combined TRACON& Tower with Radar,18,104,11,10,143,0,0,1,1,2,18,104,12,11,145,24,68,92,237
09/21/2011,MDT,PA,AEA,EN,Combined TRACON& Tower with Radar,23,115,25,31,194,0,0,2,3,5,23,115,27,34,199,34,50,84,283
09/22/2011,MDT,PA,AEA,EN,Combined TRACON& Tower with Radar,26,114,24,14,178,0,0,1,0,1,26,114,25,14,179,40,80,120,299
09/23/2011,MDT,PA,AEA,EN,Combined TRACON& Tower with Radar,27,112,23,2,164,0,0,0,0,0,27,112,23,2,164,24,80,104,268
09/24/2011,MDT,PA,AEA,EN,Combined TRACON& Tower with Radar,17,63,11,0,91,0,0,2,0,2,17,63,13,0,93,60,56,116,209
09/25/2011,MDT,PA,AEA,EN,Combined TRACON& Tower with Radar,13,84,16,2,115,0,0,2,0,2,13,84,18,2,117,42,32,74,191
09/26/2011,MDT,PA,AEA,EN,Combined TRACON& Tower with Radar,25,100,29,3,157,0,1,1,2,4,25,101,30,5,161,30,46,76,237
09/27/2011,MDT,PA,AEA,EN,Combined TRACON& Tower with Radar,26,108,35,5,174,0,1,0,0,1,26,109,35,5,175,18,40,58,233
09/28/2011,MDT,PA,AEA,EN,Combined TRACON& Tower with Radar,24,109,19,20,172,0,1,0,0,1,24,110,19,20,173,14,62,76,249
09/29/2011,MDT,PA,AEA,EN,Combined TRACON& Tower with Radar,34,107,17,12,170,0,1,5,2,8,34,108,22,14,178,34,76,110,288
09/30/2011,MDT,PA,AEA,EN,Combined TRACON& Tower with Radar,25,107,18,9,159,0,0,4,1,5,25,107,22,10,164,44,82,126,290
10/01/2011,MDT,PA,AEA,EN,Combined TRACON& Tower with Radar,20,60,7,2,89,0,0,0,0,0,20,60,7,2,89,0,0,0,89
10/02/2011,MDT,PA,AEA,EN,Combined TRACON& Tower with Radar,13,82,12,0,107,0,0,0,0,0,13,82,12,0,107,0,0,0,107
10/03/2011,MDT,PA,AEA,EN,Combined TRACON& Tower with Radar,21,101,23,4,149,0,0,2,0,2,21,101,25,4,151,0,0,0,151
10/04/2011,MDT,PA,AEA,EN,Combined TRACON& Tower with Radar,19,99,28,20,166,0,0,4,2,6,19,99,32,22,172,0,0,0,172
10/05/2011,MDT,PA,AEA,EN,Combined TRACON& Tower with Radar,17,96,28,21,162,0,0,9,9,18,17,96,37,30,180,29,48,77,257
10/06/2011,MDT,PA,AEA,EN,Combined TRACON& Tower with Radar,22,114,44,7,187,0,3,19,3,25,22,117,63,10,212,64,56,120,332
10/07/2011,MDT,PA,AEA,EN,Combined TRACON& Tower with Radar,21,102,23,4,150,0,2,10,0,12,21,104,33,4,162,58,18,76,238
10/08/2011,MDT,PA,AEA,EN,Combined TRACON& Tower with Radar,17,59,20,1,97,0,3,7,0,10,17,62,27,1,107,68,42,110,217
10/09/2011,MDT,PA,AEA,EN,Combined TRACON& Tower with Radar,13,81,16,0,110,0,0,9,0,9,13,81,25,0,119,62,26,88,207
10/10/2011,MDT,PA,AEA,EN,Combined TRACON& Tower with Radar,15,105,28,2,150,0,0,9,2,11,15,105,37,4,161,48,20,68,229
10/11/2011,MDT,PA,AEA,EN,Combined TRACON& Tower with Radar,35,105,28,22,190,0,1,7,2,10,35,106,35,24,200,24,54,78,278
10/12/2011,MDT,PA,AEA,EN,Combined TRACON& Tower with Radar,21,114,41,24,200,0,0,0,1,1,21,114,41,25,201,0,78,78,279
10/13/2011,MDT,PA,AEA,EN,Combined TRACON& Tower with Radar,25,113,34,18,190,0,0,0,0,0,25,113,34,18,190,16,64,80,270
10/14/2011,MDT,PA,AEA,EN,Combined TRACON& Tower with Radar,18,111,32,7,168,0,0,3,1,4,18,111,35,8,172,54,26,80,252
10/15/2011,MDT,PA,AEA,EN,Combined TRACON& Tower with Radar,15,62,17,8,102,0,2,5,1,8,15,64,22,9,110,28,92,120,230
10/16/2011,MDT,PA,AEA,EN,Combined TRACON& Tower with Radar,13,92,17,8,130,0,1,8,0,9,13,93,25,8,139,0,0,0,139
10/17/2011,MDT,PA,AEA,EN,Combined TRACON& Tower with Radar,21,109,17,13,160,0,0,1,4,5,21,109,18,17,165,66,38,104,269
10/18/2011,MDT,PA,AEA,EN,Combined TRACON& Tower with Radar,18,103,30,21,172,0,1,9,2,12,18,104,39,23,184,50,18,68,252
10/19/2011,MDT,PA,AEA,EN,Combined TRACON& Tower with Radar,20,120,19,11,170,0,0,0,1,1,20,120,19,12,171,10,2,12,183
10/20/2011,MDT,PA,AEA,EN,Combined TRACON& Tower with Radar,24,111,36,8,179,0,2,6,0,8,24,113,42,8,187,38,38,76,263
10/21/2011,MDT,PA,AEA,EN,Combined TRACON& Tower with Radar,17,112,30,25,184,0,3,13,0,16,17,115,43,25,200,42,62,104,304
10/22/2011,MDT,PA,AEA,EN,Combined TRACON& Tower with Radar,18,59,21,4,102,0,0,8,5,13,18,59,29,9,115,54,32,86,201
10/23/2011,MDT,PA,AEA,EN,Combined TRACON& Tower with Radar,13,83,16,1,113,0,0,5,2,7,13,83,21,3,120,0,0,0,120
10/24/2011,MDT,PA,AEA,EN,Combined TRACON& Tower with Radar,20,109,17,10,156,0,0,6,2,8,20,109,23,12,164,0,0,0,164
10/25/2011,MDT,PA,AEA,EN,Combined TRACON& Tower with Radar,18,101,24,21,164,0,2,9,5,16,18,103,33,26,180,51,37,88,268
10/26/2011,MDT,PA,AEA,EN,Combined TRACON& Tower with Radar,20,113,35,31,199,0,0,11,0,11,20,113,46,31,210,28,70,98,308
10/27/2011,MDT,PA,AEA,EN,Combined TRACON& Tower with Radar,23,111,21,9,164,0,5,0,0,5,23,116,21,9,169,22,48,70,239
10/28/2011,MDT,PA,AEA,EN,Combined TRACON& Tower with Radar,19,111,15,23,168,0,0,8,1,9,19,111,23,24,177,36,40,76,253
10/29/2011,MDT,PA,AEA,EN,Combined TRACON& Tower with Radar,8,46,5,0,59,0,0,0,0,0,8,46,5,0,59,0,0,0,59
10/30/2011,MDT,PA,AEA,EN,Combined TRACON& Tower with Radar,7,69,6,4,86,0,0,4,1,5,7,69,10,5,91,0,0,0,91
10/31/2011,MDT,PA,AEA,EN,Combined TRACON& Tower with Radar,19,99,37,3,158,0,0,5,0,5,19,99,42,3,163,38,22,60,223
11/01/2011,MDT,PA,AEA,EN,Combined TRACON& Tower with Radar,21,99,23,22,165,0,0,2,5,7,21,99,25,27,172,34,122,156,328
11/02/2011,MDT,PA,AEA,EN,Combined TRACON& Tower with Radar,20,96,30,8,154,0,2,7,2,11,20,98,37,10,165,30,78,108,273
11/03/2011,MDT,PA,AEA,EN,Combined TRACON& Tower with Radar,22,107,31,7,167,0,0,7,4,11,22,107,38,11,178,0,0,0,178
11/04/2011,MDT,PA,AEA,EN,Combined TRACON& Tower with Radar,19,105,17,17,158,0,0,9,0,9,19,105,26,17,167,18,76,94,261
11/05/2011,MDT,PA,AEA,EN,Combined TRACON& Tower with Radar,18,58,12,9,97,0,0,11,2,13,18,58,23,11,110,28,20,48,158
11/06/2011,MDT,PA,AEA,EN,Combined TRACON& Tower with Radar,14,91,19,4,128,0,0,10,0,10,14,91,29,4,138,28,60,88,226
11/07/2011,MDT,PA,AEA,EN,Combined TRACON& Tower with Radar,19,109,28,9,165,0,0,4,5,9,19,109,32,14,174,24,68,92,266
11/08/2011,MDT,PA,AEA,EN,Combined TRACON& Tower with Radar,20,105,31,7,163,0,0,7,8,15,20,105,38,15,178,34,84,118,296
11/09/2011,MDT,PA,AEA,EN,Combined TRACON& Tower with Radar,28,110,25,15,178,0,4,5,5,14,28,114,30,20,192,24,34,58,250
11/10/2011,MDT,PA,AEA,EN,Combined TRACON& Tower with Radar,23,112,33,4,172,0,0,1,0,1,23,112,34,4,173,36,21,57,230
11/11/2011,MDT,PA,AEA,EN,Combined TRACON& Tower with Radar,20,109,24,0,153,0,1,5,0,6,20,110,29,0,159,22,0,22,181
11/12/2011,MDT,PA,AEA,EN,Combined TRACON& Tower with Radar,18,60,17,0,95,0,0,15,0,15,18,60,32,0,110,26,0,26,136
11/13/2011,MDT,PA,AEA,EN,Combined TRACON& Tower with Radar,15,82,12,0,109,0,1,8,0,9,15,83,20,0,118,72,0,72,190
11/14/2011,MDT,PA,AEA,EN,Combined TRACON& Tower with Radar,21,99,18,21,159,0,0,7,2,9,21,99,25,23,168,25,50,75,243
11/15/2011,MDT,PA,AEA,EN,Combined TRACON& Tower with Radar,22,106,29,11,168,0,0,2,8,10,22,106,31,19,178,40,34,74,252
11/16/2011,MDT,PA,AEA,EN,Combined TRACON& Tower with Radar,24,108,33,23,188,0,0,0,0,0,24,108,33,23,188,22,52,74,262
11/17/2011,MDT,PA,AEA,EN,Combined TRACON& Tower with Radar,22,112,33,7,174,0,2,2,5,9,22,114,35,12,183,45,63,108,291
11/18/2011,MDT,PA,AEA,EN,Combined TRACON& Tower with Radar,23,114,26,7,170,0,1,11,6,18,23,115,37,13,188,38,78,116,304
11/19/2011,MDT,PA,AEA,EN,Combined TRACON& Tower with Radar,16,56,20,2,94,0,1,4,0,5,16,57,24,2,99,70,18,88,187
11/20/2011,MDT,PA,AEA,EN,Combined TRACON& Tower with Radar,14,83,9,2,108,0,0,9,0,9,14,83,18,2,117,84,0,84,201
11/21/2011,MDT,PA,AEA,EN,Combined TRACON& Tower with Radar,18,95,27,21,161,0,0,1,0,1,18,95,28,21,162,27,26,53,215
11/22/2011,MDT,PA,AEA,EN,Combined TRACON& Tower with Radar,22,101,35,3,161,0,0,0,0,0,22,101,35,3,161,22,32,54,215
11/23/2011,MDT,PA,AEA,EN,Combined TRACON& Tower with Radar,23,103,17,0,143,0,1,1,0,2,23,104,18,0,145,52,0,52,197
11/24/2011,MDT,PA,AEA,EN,Combined TRACON& Tower with Radar,11,39,4,0,54,0,1,6,0,7,11,40,10,0,61,14,0,14,75
11/25/2011,MDT,PA,AEA,EN,Combined TRACON& Tower with Radar,21,48,13,0,82,0,0,10,0,10,21,48,23,0,92,52,0,52,144
11/26/2011,MDT,PA,AEA,EN,Combined TRACON& Tower with Radar,16,74,17,2,109,0,0,9,1,10,16,74,26,3,119,0,0,0,119
11/27/2011,MDT,PA,AEA,EN,Combined TRACON& Tower with Radar,14,97,16,1,128,0,0,5,0,5,14,97,21,1,133,42,0,42,175
11/28/2011,MDT,PA,AEA,EN,Combined TRACON& Tower with Radar,23,107,20,7,157,0,0,4,0,4,23,107,24,7,161,24,44,68,229
11/29/2011,MDT,PA,AEA,EN,Combined TRACON& Tower with Radar,22,97,13,13,145,0,0,0,1,1,22,97,13,14,146,16,0,16,162
11/30/2011,MDT,PA,AEA,EN,Combined TRACON& Tower with Radar,20,95,21,11,147,0,0,5,6,11,20,95,26,17,158,36,40,76,234
12/01/2011,MDT,PA,AEA,EN,Combined TRACON& Tower with Radar,22,114,29,6,171,0,2,13,0,15,22,116,42,6,186,72,26,98,284
12/02/2011,MDT,PA,AEA,EN,Combined TRACON& Tower with Radar,19,101,27,12,159,0,0,9,0,9,19,101,36,12,168,22,92,114,282
12/03/2011,MDT,PA,AEA,EN,Combined TRACON& Tower with Radar,14,53,9,1,77,0,0,5,1,6,14,53,14,2,83,81,0,81,164
12/04/2011,MDT,PA,AEA,EN,Combined TRACON& Tower with Radar,12,85,19,3,119,0,0,4,0,4,12,85,23,3,123,56,0,56,179
12/05/2011,MDT,PA,AEA,EN,Combined TRACON& Tower with Radar,19,97,30,2,148,0,3,0,0,3,19,100,30,2,151,28,16,44,195
12/06/2011,MDT,PA,AEA,EN,Combined TRACON& Tower with Radar,20,103,28,19,170,0,0,0,1,1,20,103,28,20,171,34,12,46,217
12/07/2011,MDT,PA,AEA,EN,Combined TRACON& Tower with Radar,21,104,28,8,161,0,0,0,0,0,21,104,28,8,161,35,37,72,233
12/08/2011,MDT,PA,AEA,EN,Combined TRACON& Tower with Radar,24,111,38,38,211,0,2,5,1,8,24,113,43,39,219,16,50,66,285
12/09/2011,MDT,PA,AEA,EN,Combined TRACON& Tower with Radar,21,109,20,16,166,0,0,2,8,10,21,109,22,24,176,24,22,46,222
12/10/2011,MDT,PA,AEA,EN,Combined TRACON& Tower with Radar,14,54,5,0,73,0,1,2,0,3,14,55,7,0,76,60,0,60,136
12/11/2011,MDT,PA,AEA,EN,Combined TRACON& Tower with Radar,13,79,18,4,114,0,0,5,0,5,13,79,23,4,119,58,14,72,191
12/12/2011,MDT,PA,AEA,EN,Combined TRACON& Tower with Radar,21,105,26,16,168,0,2,1,0,3,21,107,27,16,171,10,34,44,215
12/13/2011,MDT,PA,AEA,EN,Combined TRACON& Tower with Radar,24,103,19,6,152,0,0,6,2,8,24,103,25,8,160,18,10,28,188
12/14/2011,MDT,PA,AEA,EN,Combined TRACON& Tower with Radar,24,107,23,30,184,0,0,2,1,3,24,107,25,31,187,0,0,0,187
12/15/2011,MDT,PA,AEA,EN,Combined TRACON& Tower with Radar,25,109,8,20,162,0,0,2,3,5,25,109,10,23,167,0,6,6,173
12/16/2011,MDT,PA,AEA,EN,Combined TRACON& Tower with Radar,27,105,13,0,145,0,1,4,2,7,27,106,17,2,152,2,2,4,156
12/17/2011,MDT,PA,AEA,EN,Combined TRACON& Tower with Radar,17,64,14,2,97,0,0,2,1,3,17,64,16,3,100,0,0,0,100
12/18/2011,MDT,PA,AEA,EN,Combined TRACON& Tower with Radar,19,74,9,1,103,0,0,7,0,7,19,74,16,1,110,0,0,0,110
12/19/2011,MDT,PA,AEA,EN,Combined TRACON& Tower with Radar,26,96,23,13,158,0,0,3,1,4,26,96,26,14,162,0,40,40,202
12/20/2011,MDT,PA,AEA,EN,Combined TRACON& Tower with Radar,31,95,13,20,159,0,1,0,1,2,31,96,13,21,161,0,0,0,161
12/21/2011,MDT,PA,AEA,EN,Combined TRACON& Tower with Radar,34,91,30,8,163,0,1,0,0,1,34,92,30,8,164,4,28,32,196
12/22/2011,MDT,PA,AEA,EN,Combined TRACON& Tower with Radar,32,94,26,7,159,0,1,3,5,9,32,95,29,12,168,0,0,0,168
12/23/2011,MDT,PA,AEA,EN,Combined TRACON& Tower with Radar,28,95,7,0,130,0,2,1,0,3,28,97,8,0,133,0,0,0,133
12/24/2011,MDT,PA,AEA,EN,Combined TRACON& Tower with Radar,18,48,9,1,76,0,0,5,0,5,18,48,14,1,81,6,0,6,87
12/25/2011,MDT,PA,AEA,EN,Combined TRACON& Tower with Radar,10,50,0,0,60,0,0,0,0,0,10,50,0,0,60,6,0,6,66
12/26/2011,MDT,PA,AEA,EN,Combined TRACON& Tower with Radar,16,76,6,0,98,0,0,13,2,15,16,76,19,2,113,6,0,6,119
12/27/2011,MDT,PA,AEA,EN,Combined TRACON& Tower with Radar,24,78,6,5,113,0,0,1,0,1,24,78,7,5,114,0,0,0,114
12/28/2011,MDT,PA,AEA,EN,Combined TRACON& Tower with Radar,29,96,7,10,142,0,5,1,3,9,29,101,8,13,151,8,4,12,163
12/29/2011,MDT,PA,AEA,EN,Combined TRACON& Tower with Radar,24,88,6,5,123,0,0,5,0,5,24,88,11,5,128,0,0,0,128
12/30/2011,MDT,PA,AEA,EN,Combined TRACON& Tower with Radar,29,84,4,2,119,0,0,5,0,5,29,84,9,2,124,2,0,2,126
12/31/2011,MDT,PA,AEA,EN,Combined TRACON& Tower with Radar,14,51,3,0,68,0,0,1,0,1,14,51,4,0,69,0,0,0,69
01/01/2012,MDT,PA,AEA,EN,Combined TRACON& Tower with Radar,14,70,5,0,89,0,0,4,0,4,14,70,9,0,93,4,0,4,97
01/02/2012,MDT,PA,AEA,EN,Combined TRACON& Tower with Radar,14,76,1,0,91,0,0,0,0,0,14,76,1,0,91,0,0,0,91
01/03/2012,MDT,PA,AEA,EN,Combined TRACON& Tower with Radar,22,87,9,59,177,0,0,1,0,1,22,87,10,59,178,0,62,62,240
01/04/2012,MDT,PA,AEA,EN,Combined TRACON& Tower with Radar,28,85,16,15,144,0,1,4,1,6,28,86,20,16,150,0,0,0,150
01/05/2012,MDT,PA,AEA,EN,Combined TRACON& Tower with Radar,24,93,27,9,153,0,0,6,2,8,24,93,33,11,161,12,4,16,177
01/06/2012,MDT,PA,AEA,EN,Combined TRACON& Tower with Radar,25,92,13,28,158,0,1,10,1,12,25,93,23,29,170,0,6,6,176
01/07/2012,MDT,PA,AEA,EN,Combined TRACON& Tower with Radar,16,54,9,0,79,0,1,10,0,11,16,55,19,0,90,2,0,2,92
01/08/2012,MDT,PA,AEA,EN,Combined TRACON& Tower with Radar,13,81,7,1,102,0,1,11,2,14,13,82,18,3,116,0,0,0,116
01/09/2012,MDT,PA,AEA,EN,Combined TRACON& Tower with Radar,24,94,25,27,170,0,0,7,4,11,24,94,32,31,181,4,16,20,201
01/10/2012,MDT,PA,AEA,EN,Combined TRACON& Tower with Radar,24,93,18,23,158,0,0,5,3,8,24,93,23,26,166,0,8,8,174
01/11/2012,MDT,PA,AEA,EN,Combined TRACON& Tower with Radar,26,93,18,20,157,0,0,4,0,4,26,93,22,20,161,0,0,0,161
01/12/2012,MDT,PA,AEA,EN,Combined TRACON& Tower with Radar,24,104,23,7,158,0,0,0,1,1,24,104,23,8,159,0,4,4,163
01/13/2012,MDT,PA,AEA,EN,Combined TRACON& Tower with Radar,21,96,19,4,140,0,0,2,1,3,21,96,21,5,143,0,10,10,153
01/14/2012,MDT,PA,AEA,EN,Combined TRACON& Tower with Radar,16,56,2,0,74,0,0,1,0,1,16,56,3,0,75,0,0,0,75
01/15/2012,MDT,PA,AEA,EN,Combined TRACON& Tower with Radar,15,74,16,0,105,0,0,10,0,10,15,74,26,0,115,0,5,5,120
01/16/2012,MDT,PA,AEA,EN,Combined TRACON& Tower with Radar,19,94,23,1,137,0,0,4,0,4,19,94,27,1,141,0,0,0,141
01/17/2012,MDT,PA,AEA,EN,Combined TRACON& Tower with Radar,26,99,15,17,157,0,0,0,1,1,26,99,15,18,158,0,6,6,164
01/18/2012,MDT,PA,AEA,EN,Combined TRACON& Tower with Radar,29,95,20,15,159,0,1,3,2,6,29,96,23,17,165,10,16,26,191
01/19/2012,MDT,PA,AEA,EN,Combined TRACON& Tower with Radar,24,101,23,34,182,0,0,4,3,7,24,101,27,37,189,0,64,64,253
01/20/2012,MDT,PA,AEA,EN,Combined TRACON& Tower with Radar,24,97,18,10,149,0,0,6,1,7,24,97,24,11,156,0,12,12,168
01/21/2012,MDT,PA,AEA,EN,Combined TRACON& Tower with Radar,15,52,4,0,71,0,0,0,0,0,15,52,4,0,71,0,0,0,71
01/22/2012,MDT,PA,AEA,EN,Combined TRACON& Tower with Radar,14,68,3,2,87,0,0,1,0,1,14,68,4,2,88,0,0,0,88
01/23/2012,MDT,PA,AEA,EN,Combined TRACON& Tower with Radar,22,89,13,2,126,0,0,0,0,0,22,89,13,2,126,0,0,0,126
01/24/2012,MDT,PA,AEA,EN,Combined TRACON& Tower with Radar,23,89,31,21,164,0,0,5,0,5,23,89,36,21,169,4,8,12,181
01/25/2012,MDT,PA,AEA,EN,Combined TRACON& Tower with Radar,25,106,17,33,181,0,1,8,4,13,25,107,25,37,194,10,16,26,220
01/26/2012,MDT,PA,AEA,EN,Combined TRACON& Tower with Radar,25,103,23,5,156,0,0,0,0,0,25,103,23,5,156,0,0,0,156
01/27/2012,MDT,PA,AEA,EN,Combined TRACON& Tower with Radar,22,97,16,5,140,0,0,1,5,6,22,97,17,10,146,0,0,0,146
01/28/2012,MDT,PA,AEA,EN,Combined TRACON& Tower with Radar,17,53,4,2,76,0,0,1,0,1,17,53,5,2,77,0,0,0,77
01/29/2012,MDT,PA,AEA,EN,Combined TRACON& Tower with Radar,14,76,13,0,103,0,0,4,0,4,14,76,17,0,107,14,0,14,121
01/30/2012,MDT,PA,AEA,EN,Combined TRACON& Tower with Radar,23,100,16,26,165,0,1,6,0,7,23,101,22,26,172,0,22,22,194
01/31/2012,MDT,PA,AEA,EN,Combined TRACON& Tower with Radar,24,87,19,18,148,0,0,9,4,13,24,87,28,22,161,4,16,20,181
02/01/2012,MDT,PA,AEA,EN,Combined TRACON& Tower with Radar,27,93,6,12,138,0,0,0,8,8,27,93,6,20,146,0,14,14,160
02/02/2012,MDT,PA,AEA,EN,Combined TRACON& Tower with Radar,24,97,28,33,182,0,0,6,11,17,24,97,34,44,199,4,32,36,235
02/03/2012,MDT,PA,AEA,EN,Combined TRACON& Tower with Radar,20,99,7,12,138,0,3,13,2,18,20,102,20,14,156,0,12,12,168
02/04/2012,MDT,PA,AEA,EN,Combined TRACON& Tower with Radar,16,56,8,5,85,0,0,9,0,9,16,56,17,5,94,0,0,0,94
02/05/2012,MDT,PA,AEA,EN,Combined TRACON& Tower with Radar,14,81,19,17,131,0,0,9,0,9,14,81,28,17,140,0,10,10,150
02/06/2012,MDT,PA,AEA,EN,Combined TRACON& Tower with Radar,27,94,21,6,148,0,2,2,5,9,27,96,23,11,157,0,4,4,161
02/07/2012,MDT,PA,AEA,EN,Combined TRACON& Tower with Radar,24,89,30,21,164,0,0,5,8,13,24,89,35,29,177,2,34,36,213
02/08/2012,MDT,PA,AEA,EN,Combined TRACON& Tower with Radar,28,95,17,5,145,0,0,2,1,3,28,95,19,6,148,0,0,0,148
02/09/2012,MDT,PA,AEA,EN,Combined TRACON& Tower with Radar,24,111,20,32,187,0,0,13,9,22,24,111,33,41,209,8,20,28,237
02/10/2012,MDT,PA,AEA,EN,Combined TRACON& Tower with Radar,23,93,19,12,147,0,0,5,12,17,23,93,24,24,164,0,52,52,216
02/11/2012,MDT,PA,AEA,EN,Combined TRACON& Tower with Radar,16,61,5,0,82,0,0,0,0,0,16,61,5,0,82,0,0,0,82
02/12/2012,MDT,PA,AEA,EN,Combined TRACON& Tower with Radar,16,82,9,6,113,0,0,1,0,1,16,82,10,6,114,0,0,0,114
02/13/2012,MDT,PA,AEA,EN,Combined TRACON& Tower with Radar,29,93,21,40,183,0,0,4,2,6,29,93,25,42,189,0,38,38,227
02/14/2012,MDT,PA,AEA,EN,Combined TRACON& Tower with Radar,24,88,17,9,138,0,2,9,6,17,24,90,26,15,155,2,28,30,185
02/15/2012,MDT,PA,AEA,EN,Combined TRACON& Tower with Radar,26,89,19,35,169,0,0,2,2,4,26,89,21,37,173,2,28,30,203
02/16/2012,MDT,PA,AEA,EN,Combined TRACON& Tower with Radar,24,102,22,20,168,0,0,0,2,2,24,102,22,22,170,0,12,12,182
02/17/2012,MDT,PA,AEA,EN,Combined TRACON& Tower with Radar,23,96,15,6,140,0,0,10,3,13,23,96,25,9,153,8,0,8,161
02/18/2012,MDT,PA,AEA,EN,Combined TRACON& Tower with Radar,15,57,8,10,90,0,0,11,0,11,15,57,19,10,101,0,0,0,101
02/19/2012,MDT,PA,AEA,EN,Combined TRACON& Tower with Radar,11,74,14,2,101,0,0,6,0,6,11,74,20,2,107,6,0,6,113
02/20/2012,MDT,PA,AEA,EN,Combined TRACON& Tower with Radar,21,89,22,6,138,0,0,12,0,12,21,89,34,6,150,0,16,16,166
02/21/2012,MDT,PA,AEA,EN,Combined TRACON& Tower with Radar,29,95,31,11,166,0,0,3,2,5,29,95,34,13,171,0,0,0,171
02/22/2012,MDT,PA,AEA,EN,Combined TRACON& Tower with Radar,25,103,19,12,159,0,1,8,2,11,25,104,27,14,170,0,2,2,172
02/23/2012,MDT,PA,AEA,EN,Combined TRACON& Tower with Radar,23,101,26,18,168,0,0,7,3,10,23,101,33,21,178,6,12,18,196
02/24/2012,MDT,PA,AEA,EN,Combined TRACON& Tower with Radar,23,90,11,7,131,0,0,0,1,1,23,90,11,8,132,0,0,0,132
02/25/2012,MDT,PA,AEA,EN,Combined TRACON& Tower with Radar,18,59,3,1,81,0,1,3,1,5,18,60,6,2,86,8,0,8,94
02/26/2012,MDT,PA,AEA,EN,Combined TRACON& Tower with Radar,10,84,10,1,105,0,0,8,1,9,10,84,18,2,114,6,0,6,120
02/27/2012,MDT,PA,AEA,EN,Combined TRACON& Tower with Radar,30,94,22,15,161,0,0,9,7,16,30,94,31,22,177,6,4,10,187
02/28/2012,MDT,PA,AEA,EN,Combined TRACON& Tower with Radar,26,98,30,10,164,0,0,13,19,32,26,98,43,29,196,0,20,20,216
02/29/2012,MDT,PA,AEA,EN,Combined TRACON& Tower with Radar,24,87,20,9,140,0,0,0,0,0,24,87,20,9,140,0,0,0,140
03/01/2012,MDT,PA,AEA,EN,Combined TRACON& Tower with Radar,24,99,23,22,168,0,0,0,6,6,24,99,23,28,174,0,12,12,186
03/02/2012,MDT,PA,AEA,EN,Combined TRACON& Tower with Radar,22,95,19,17,153,0,0,5,5,10,22,95,24,22,163,0,20,20,183
03/03/2012,MDT,PA,AEA,EN,Combined TRACON& Tower with Radar,17,59,4,1,81,0,0,0,0,0,17,59,4,1,81,0,0,0,81
03/04/2012,MDT,PA,AEA,EN,Combined TRACON& Tower with Radar,12,82,9,3,106,1,1,7,0,9,13,83,16,3,115,8,4,12,127
03/05/2012,MDT,PA,AEA,EN,Combined TRACON& Tower with Radar,26,95,11,3,135,0,2,6,1,9,26,97,17,4,144,0,0,0,144
03/06/2012,MDT,PA,AEA,EN,Combined TRACON& Tower with Radar,24,97,15,15,151,0,0,11,4,15,24,97,26,19,166,0,0,0,166
03/07/2012,MDT,PA,AEA,EN,Combined TRACON& Tower with Radar,26,100,25,18,169,0,0,6,7,13,26,100,31,25,182,2,50,52,234
03/08/2012,MDT,PA,AEA,EN,Combined TRACON& Tower with Radar,21,79,12,25,137,0,2,1,2,5,21,81,13,27,142,0,0,0,142
03/09/2012,MDT,PA,AEA,EN,Combined TRACON& Tower with Radar,20,94,6,30,150,0,0,3,2,5,20,94,9,32,155,8,12,20,175
03/10/2012,MDT,PA,AEA,EN,Combined TRACON& Tower with Radar,18,55,3,8,84,0,0,6,2,8,18,55,9,10,92,0,2,2,94
03/11/2012,MDT,PA,AEA,EN,Combined TRACON& Tower with Radar,12,95,11,7,125,0,0,14,2,16,12,95,25,9,141,8,8,16,157
03/12/2012,MDT,PA,AEA,EN,Combined TRACON& Tower with Radar,26,99,21,6,152,0,1,9,2,12,26,100,30,8,164,8,28,36,200
03/13/2012,MDT,PA,AEA,EN,Combined TRACON& Tower with Radar,25,95,39,21,180,0,0,13,3,16,25,95,52,24,196,0,22,22,218
03/14/2012,MDT,PA,AEA,EN,Combined TRACON& Tower with Radar,24,95,26,10,155,0,1,6,2,9,24,96,32,12,164,2,10,12,176
03/15/2012,MDT,PA,AEA,EN,Combined TRACON& Tower with Radar,22,86,24,10,142,0,0,4,5,9,22,86,28,15,151,0,16,16,167
03/16/2012,MDT,PA,AEA,EN,Combined TRACON& Tower with Radar,23,99,34,15,171,0,0,0,0,0,23,99,34,15,171,0,0,0,171
03/17/2012,MDT,PA,AEA,EN,Combined TRACON& Tower with Radar,15,57,2,0,74,0,0,5,0,5,15,57,7,0,79,12,0,12,91
03/18/2012,MDT,PA,AEA,EN,Combined TRACON& Tower with Radar,11,87,14,3,115,0,0,11,0,11,11,87,25,3,126,13,0,13,139
03/19/2012,MDT,PA,AEA,EN,Combined TRACON& Tower with Radar,28,96,21,1,146,0,0,5,2,7,28,96,26,3,153,2,0,2,155
03/20/2012,MDT,PA,AEA,EN,Combined TRACON& Tower with Radar,24,103,23,12,162,0,0,0,2,2,24,103,23,14,164,0,0,0,164
03/21/2012,MDT,PA,AEA,EN,Combined TRACON& Tower with Radar,26,95,18,5,144,0,0,5,2,7,26,95,23,7,151,4,12,16,167
03/22/2012,MDT,PA,AEA,EN,Combined TRACON& Tower with Radar,30,97,26,11,164,0,0,1,0,1,30,97,27,11,165,0,0,0,165
03/23/2012,MDT,PA,AEA,EN,Combined TRACON& Tower with Radar,23,95,8,14,140,0,0,6,10,16,23,95,14,24,156,0,14,14,170
03/24/2012,MDT,PA,AEA,EN,Combined TRACON& Tower with Radar,15,56,5,9,85,0,0,1,0,1,15,56,6,9,86,0,0,0,86
03/25/2012,MDT,PA,AEA,EN,Combined TRACON& Tower with Radar,13,85,11,3,112,0,0,2,1,3,13,85,13,4,115,0,0,0,115
03/26/2012,MDT,PA,AEA,EN,Combined TRACON& Tower with Radar,24,97,17,0,138,0,0,2,0,2,24,97,19,0,140,0,0,0,140
03/27/2012,MDT,PA,AEA,EN,Combined TRACON& Tower with Radar,25,91,21,3,140,0,0,11,6,17,25,91,32,9,157,10,4,14,171
03/28/2012,MDT,PA,AEA,EN,Combined TRACON& Tower with Radar,24,92,21,9,146,0,0,6,3,9,24,92,27,12,155,0,4,4,159
03/29/2012,MDT,PA,AEA,EN,Combined TRACON& Tower with Radar,24,98,16,18,156,0,0,2,3,5,24,98,18,21,161,2,14,16,177
03/30/2012,MDT,PA,AEA,EN,Combined TRACON& Tower with Radar,20,97,16,0,133,0,0,7,6,13,20,97,23,6,146,0,12,12,158
03/31/2012,MDT,PA,AEA,EN,Combined TRACON& Tower with Radar,15,59,3,4,81,0,0,0,0,0,15,59,3,4,81,0,0,0,81
04/01/2012,MDT,PA,AEA,EN,Combined TRACON& Tower with Radar,14,90,9,5,118,0,0,4,1,5,14,90,13,6,123,18,2,20,143
04/02/2012,MDT,PA,AEA,EN,Combined TRACON& Tower with Radar,25,95,17,5,142,0,0,6,3,9,25,95,23,8,151,0,16,16,167
04/03/2012,MDT,PA,AEA,EN,Combined TRACON& Tower with Radar,23,99,17,28,167,0,1,11,0,12,23,100,28,28,179,2,10,12,191
04/04/2012,MDT,PA,AEA,EN,Combined TRACON& Tower with Radar,25,100,21,30,176,0,0,8,11,19,25,100,29,41,195,18,26,44,239
04/05/2012,MDT,PA,AEA,EN,Combined TRACON& Tower with Radar,23,102,31,17,173,0,0,5,3,8,23,102,36,20,181,0,4,4,185
04/06/2012,MDT,PA,AEA,EN,Combined TRACON& Tower with Radar,26,97,7,44,174,0,0,13,1,14,26,97,20,45,188,0,16,16,204
04/07/2012,MDT,PA,AEA,EN,Combined TRACON& Tower with Radar,18,53,5,2,78,0,0,6,0,6,18,53,11,2,84,0,0,0,84
04/08/2012,MDT,PA,AEA,EN,Combined TRACON& Tower with Radar,12,88,4,0,104,0,0,3,0,3,12,88,7,0,107,4,0,4,111
04/09/2012,MDT,PA,AEA,EN,Combined TRACON& Tower with Radar,25,98,17,8,148,0,0,1,8,9,25,98,18,16,157,0,6,6,163
04/10/2012,MDT,PA,AEA,EN,Combined TRACON& Tower with Radar,22,104,17,16,159,0,2,7,9,18,22,106,24,25,177,0,24,24,201
04/11/2012,MDT,PA,AEA,EN,Combined TRACON& Tower with Radar,19,99,23,21,162,0,0,3,0,3,19,99,26,21,165,6,30,36,201
04/12/2012,MDT,PA,AEA,EN,Combined TRACON& Tower with Radar,23,99,25,5,152,0,2,6,10,18,23,101,31,15,170,2,26,28,198
04/13/2012,MDT,PA,AEA,EN,Combined TRACON& Tower with Radar,20,104,5,14,143,0,0,9,5,14,20,104,14,19,157,0,10,10,167
04/14/2012,MDT,PA,AEA,EN,Combined TRACON& Tower with Radar,14,59,9,4,86,0,1,6,1,8,14,60,15,5,94,0,0,0,94
04/15/2012,MDT,PA,AEA,EN,Combined TRACON& Tower with Radar,10,88,4,8,110,0,0,11,0,11,10,88,15,8,121,12,0,12,133
04/16/2012,MDT,PA,AEA,EN,Combined TRACON& Tower with Radar,22,95,14,2,133,0,0,7,0,7,22,95,21,2,140,8,0,8,148
04/17/2012,MDT,PA,AEA,EN,Combined TRACON& Tower with Radar,21,101,17,35,174,0,1,2,5,8,21,102,19,40,182,0,54,54,236
04/18/2012,MDT,PA,AEA,EN,Combined TRACON& Tower with Radar,20,99,26,13,158,0,1,8,11,20,20,100,34,24,178,8,36,44,222
04/19/2012,MDT,PA,AEA,EN,Combined TRACON& Tower with Radar,23,100,30,19,172,0,2,7,0,9,23,102,37,19,181,0,6,6,187
04/20/2012,MDT,PA,AEA,EN,Combined TRACON& Tower with Radar,20,99,20,11,150,0,0,8,1,9,20,99,28,12,159,0,34,34,193
04/21/2012,MDT,PA,AEA,EN,Combined TRACON& Tower with Radar,13,57,13,3,86,0,0,6,0,6,13,57,19,3,92,0,0,0,92
04/22/2012,MDT,PA,AEA,EN,Combined TRACON& Tower with Radar,10,89,7,3,109,0,0,0,0,0,10,89,7,3,109,0,0,0,109
04/23/2012,MDT,PA,AEA,EN,Combined TRACON& Tower with Radar,28,95,3,12,138,0,0,0,0,0,28,95,3,12,138,0,0,0,138
04/24/2012,MDT,PA,AEA,EN,Combined TRACON& Tower with Radar,22,92,16,16,146,0,0,4,4,8,22,92,20,20,154,0,16,16,170
04/25/2012,MDT,PA,AEA,EN,Combined TRACON& Tower with Radar,21,96,20,10,147,0,0,3,6,9,21,96,23,16,156,0,22,22,178
04/26/2012,MDT,PA,AEA,EN,Combined TRACON& Tower with Radar,23,98,23,33,177,0,0,2,1,3,23,98,25,34,180,0,0,0,180
04/27/2012,MDT,PA,AEA,EN,Combined TRACON& Tower with Radar,23,102,15,52,192,0,0,6,3,9,23,102,21,55,201,0,60,60,261
04/28/2012,MDT,PA,AEA,EN,Combined TRACON& Tower with Radar,12,58,10,2,82,0,0,10,0,10,12,58,20,2,92,0,0,0,92
04/29/2012,MDT,PA,AEA,EN,Combined TRACON& Tower with Radar,10,90,17,0,117,0,0,14,1,15,10,90,31,1,132,0,0,0,132
04/30/2012,MDT,PA,AEA,EN,Combined TRACON& Tower with Radar,23,100,24,1,148,0,0,2,1,3,23,100,26,2,151,0,0,0,151
05/01/2012,MDT,PA,AEA,EN,Combined TRACON& Tower with Radar,22,100,33,22,177,0,0,4,1,5,22,100,37,23,182,0,24,24,206
05/02/2012,MDT,PA,AEA,EN,Combined TRACON& Tower with Radar,20,98,24,3,145,0,0,1,0,1,20,98,25,3,146,0,0,0,146
05/03/2012,MDT,PA,AEA,EN,Combined TRACON& Tower with Radar,22,104,25,22,173,0,0,0,0,0,22,104,25,22,173,0,0,0,173
05/04/2012,MDT,PA,AEA,EN,Combined TRACON& Tower with Radar,22,90,17,3,132,0,3,0,0,3,22,93,17,3,135,0,8,8,143
05/05/2012,MDT,PA,AEA,EN,Combined TRACON& Tower with Radar,13,53,7,3,76,0,1,1,1,3,13,54,8,4,79,10,0,10,89
05/06/2012,MDT,PA,AEA,EN,Combined TRACON& Tower with Radar,10,72,11,5,98,0,0,0,0,0,10,72,11,5,98,2,0,2,100
05/07/2012,MDT,PA,AEA,EN,Combined TRACON& Tower with Radar,24,91,32,13,160,0,0,2,0,2,24,91,34,13,162,0,0,0,162
05/08/2012,MDT,PA,AEA,EN,Combined TRACON& Tower with Radar,23,109,19,26,177,0,0,3,0,3,23,109,22,26,180,0,0,0,180
05/09/2012,MDT,PA,AEA,EN,Combined TRACON& Tower with Radar,22,90,11,29,152,0,1,3,17,21,22,91,14,46,173,0,0,0,173
05/10/2012,MDT,PA,AEA,EN,Combined TRACON& Tower with Radar,23,100,21,19,163,0,0,5,4,9,23,100,26,23,172,6,16,22,194
05/11/2012,MDT,PA,AEA,EN,Combined TRACON& Tower with Radar,25,101,21,6,153,0,1,8,1,10,25,102,29,7,163,0,0,0,163
05/12/2012,MDT,PA,AEA,EN,Combined TRACON& Tower with Radar,15,54,6,1,76,0,1,14,0,15,15,55,20,1,91,0,0,0,91
05/13/2012,MDT,PA,AEA,EN,Combined TRACON& Tower with Radar,10,80,4,2,96,0,2,5,0,7,10,82,9,2,103,14,0,14,117
05/14/2012,MDT,PA,AEA,EN,Combined TRACON& Tower with Radar,21,97,22,1,141,0,0,1,0,1,21,97,23,1,142,0,0,0,142
05/15/2012,MDT,PA,AEA,EN,Combined TRACON& Tower with Radar,24,96,31,17,168,0,0,0,16,16,24,96,31,33,184,0,6,6,190
05/16/2012,MDT,PA,AEA,EN,Combined TRACON& Tower with Radar,25,104,24,18,171,0,0,6,5,11,25,104,30,23,182,4,4,8,190
05/17/2012,MDT,PA,AEA,EN,Combined TRACON& Tower with Radar,24,97,35,15,171,0,1,11,5,17,24,98,46,20,188,0,2,2,190
05/18/2012,MDT,PA,AEA,EN,Combined TRACON& Tower with Radar,21,97,15,10,143,0,2,6,2,10,21,99,21,12,153,0,4,4,157
05/19/2012,MDT,PA,AEA,EN,Combined TRACON& Tower with Radar,13,56,8,7,84,0,1,4,4,9,13,57,12,11,93,0,20,20,113
05/20/2012,MDT,PA,AEA,EN,Combined TRACON& Tower with Radar,11,89,11,3,114,0,2,11,0,13,11,91,22,3,127,2,0,2,129
05/21/2012,MDT,PA,AEA,EN,Combined TRACON& Tower with Radar,22,91,24,48,185,0,0,0,0,0,22,91,24,48,185,0,14,14,199
05/22/2012,MDT,PA,AEA,EN,Combined TRACON& Tower with Radar,25,99,24,15,163,0,0,1,4,5,25,99,25,19,168,4,28,32,200
05/23/2012,MDT,PA,AEA,EN,Combined TRACON& Tower with Radar,24,107,19,19,169,0,0,0,3,3,24,107,19,22,172,0,0,0,172
05/24/2012,MDT,PA,AEA,EN,Combined TRACON& Tower with Radar,31,103,14,7,155,0,2,5,4,11,31,105,19,11,166,0,4,4,170
05/25/2012,MDT,PA,AEA,EN,Combined TRACON& Tower with Radar,22,97,9,3,131,0,1,4,0,5,22,98,13,3,136,0,0,0,136
05/26/2012,MDT,PA,AEA,EN,Combined TRACON& Tower with Radar,15,59,9,1,84,0,0,5,0,5,15,59,14,1,89,16,0,16,105
05/27/2012,MDT,PA,AEA,EN,Combined TRACON& Tower with Radar,15,51,0,2,68,0,0,0,0,0,15,51,0,2,68,0,6,6,74
05/28/2012,MDT,PA,AEA,EN,Combined TRACON& Tower with Radar,15,79,6,0,100,0,0,6,0,6,15,79,12,0,106,0,0,0,106
05/29/2012,MDT,PA,AEA,EN,Combined TRACON& Tower with Radar,25,85,11,8,129,0,2,3,0,5,25,87,14,8,134,0,8,8,142
05/30/2012,MDT,PA,AEA,EN,Combined TRACON& Tower with Radar,26,97,26,21,170,0,2,9,3,14,26,99,35,24,184,4,20,24,208
05/31/2012,MDT,PA,AEA,EN,Combined TRACON& Tower with Radar,26,97,22,30,175,0,2,10,0,12,26,99,32,30,187,0,0,0,187
06/01/2012,MDT,PA,AEA,EN,Combined TRACON& Tower with Radar,20,83,18,10,131,0,1,2,3,6,20,84,20,13,137,2,0,2,139
06/02/2012,MDT,PA,AEA,EN,Combined TRACON& Tower with Radar,12,59,12,3,86,0,0,4,0,4,12,59,16,3,90,0,2,2,92
06/03/2012,MDT,PA,AEA,EN,Combined TRACON& Tower with Radar,16,86,25,3,130,0,0,14,2,16,16,86,39,5,146,6,0,6,152
06/04/2012,MDT,PA,AEA,EN,Combined TRACON& Tower with Radar,23,97,20,27,167,0,0,1,5,6,23,97,21,32,173,4,26,30,203
06/05/2012,MDT,PA,AEA,EN,Combined TRACON& Tower with Radar,27,100,18,18,163,0,0,11,1,12,27,100,29,19,175,0,0,0,175
06/06/2012,MDT,PA,AEA,EN,Combined TRACON& Tower with Radar,24,108,20,30,182,0,0,4,4,8,24,108,24,34,190,4,16,20,210
06/07/2012,MDT,PA,AEA,EN,Combined TRACON& Tower with Radar,24,76,20,4,124,0,0,7,0,7,24,76,27,4,131,0,6,6,137
06/08/2012,MDT,PA,AEA,EN,Combined TRACON& Tower with Radar,28,112,19,25,184,0,3,14,7,24,28,115,33,32,208,8,10,18,226
06/09/2012,MDT,PA,AEA,EN,Combined TRACON& Tower with Radar,17,69,10,5,101,0,0,7,1,8,17,69,17,6,109,16,1,17,126
06/10/2012,MDT,PA,AEA,EN,Combined TRACON& Tower with Radar,16,81,18,0,115,0,0,21,0,21,16,81,39,0,136,16,0,16,152
06/11/2012,MDT,PA,AEA,EN,Combined TRACON& Tower with Radar,29,95,26,15,165,0,0,8,0,8,29,95,34,15,173,16,26,42,215
06/12/2012,MDT,PA,AEA,EN,Combined TRACON& Tower with Radar,28,94,19,1,142,0,0,1,0,1,28,94,20,1,143,0,0,0,143
06/13/2012,MDT,PA,AEA,EN,Combined TRACON& Tower with Radar,27,105,29,24,185,0,4,11,5,20,27,109,40,29,205,4,16,20,225
06/14/2012,MDT,PA,AEA,EN,Combined TRACON& Tower with Radar,28,102,28,12,170,0,0,8,2,10,28,102,36,14,180,0,16,16,196
06/15/2012,MDT,PA,AEA,EN,Combined TRACON& Tower with Radar,28,93,8,10,139,0,3,10,3,16,28,96,18,13,155,14,4,18,173
06/16/2012,MDT,PA,AEA,EN,Combined TRACON& Tower with Radar,19,65,0,5,89,0,0,5,0,5,19,65,5,5,94,0,0,0,94
06/17/2012,MDT,PA,AEA,EN,Combined TRACON& Tower with Radar,18,75,6,2,101,0,0,8,0,8,18,75,14,2,109,0,0,0,109
06/18/2012,MDT,PA,AEA,EN,Combined TRACON& Tower with Radar,26,93,27,10,156,0,0,0,2,2,26,93,27,12,158,4,2,6,164
06/19/2012,MDT,PA,AEA,EN,Combined TRACON& Tower with Radar,30,99,25,15,169,0,0,4,8,12,30,99,29,23,181,0,12,12,193
06/20/2012,MDT,PA,AEA,EN,Combined TRACON& Tower with Radar,25,99,24,7,155,0,1,5,8,14,25,100,29,15,169,4,10,14,183
06/21/2012,MDT,PA,AEA,EN,Combined TRACON& Tower with Radar,32,86,24,15,157,0,1,7,8,16,32,87,31,23,173,0,10,10,183
06/22/2012,MDT,PA,AEA,EN,Combined TRACON& Tower with Radar,37,97,18,11,163,0,0,8,1,9,37,97,26,12,172,0,0,0,172
06/23/2012,MDT,PA,AEA,EN,Combined TRACON& Tower with Radar,16,64,5,2,87,0,0,4,1,5,16,64,9,3,92,0,0,0,92
06/24/2012,MDT,PA,AEA,EN,Combined TRACON& Tower with Radar,19,74,13,3,109,0,0,9,0,9,19,74,22,3,118,0,0,0,118
06/25/2012,MDT,PA,AEA,EN,Combined TRACON& Tower with Radar,34,108,20,28,190,0,1,9,1,11,34,109,29,29,201,0,12,12,213
06/26/2012,MDT,PA,AEA,EN,Combined TRACON& Tower with Radar,33,93,20,13,159,0,1,0,11,12,33,94,20,24,171,2,18,20,191
06/27/2012,MDT,PA,AEA,EN,Combined TRACON& Tower with Radar,25,102,16,42,185,0,2,9,8,19,25,104,25,50,204,0,38,38,242
06/28/2012,MDT,PA,AEA,EN,Combined TRACON& Tower with Radar,31,92,27,14,164,0,3,2,2,7,31,95,29,16,171,0,18,18,189
06/29/2012,MDT,PA,AEA,EN,Combined TRACON& Tower with Radar,26,96,11,27,160,0,1,8,4,13,26,97,19,31,173,0,0,0,173
06/30/2012,MDT,PA,AEA,EN,Combined TRACON& Tower with Radar,17,62,15,3,97,0,3,10,1,14,17,65,25,4,111,10,0,10,121
07/01/2012,MDT,PA,AEA,EN,Combined TRACON& Tower with Radar,16,74,7,2,99,0,0,9,0,9,16,74,16,2,108,0,0,0,108
07/02/2012,MDT,PA,AEA,EN,Combined TRACON& Tower with Radar,28,80,13,6,127,0,3,5,4,12,28,83,18,10,139,0,8,8,147
07/03/2012,MDT,PA,AEA,EN,Combined TRACON& Tower with Radar,32,73,12,31,148,0,1,6,17,24,32,74,18,48,172,0,50,50,222
07/04/2012,MDT,PA,AEA,EN,Combined TRACON& Tower with Radar,17,43,4,0,64,0,0,5,0,5,17,43,9,0,69,0,0,0,69
07/05/2012,MDT,PA,AEA,EN,Combined TRACON& Tower with Radar,31,74,14,5,124,0,2,14,2,18,31,76,28,7,142,22,10,32,174
07/06/2012,MDT,PA,AEA,EN,Combined TRACON& Tower with Radar,28,83,19,5,135,0,2,17,0,19,28,85,36,5,154,16,6,22,176
07/07/2012,MDT,PA,AEA,EN,Combined TRACON& Tower with Radar,16,63,5,1,85,0,1,5,0,6,16,64,10,1,91,0,4,4,95
07/08/2012,MDT,PA,AEA,EN,Combined TRACON& Tower with Radar,21,82,8,0,111,0,0,6,1,7,21,82,14,1,118,0,0,0,118
07/09/2012,MDT,PA,AEA,EN,Combined TRACON& Tower with Radar,30,90,12,6,138,0,1,5,2,8,30,91,17,8,146,2,14,16,162
07/10/2012,MDT,PA,AEA,EN,Combined TRACON& Tower with Radar,32,102,34,13,181,0,1,12,5,18,32,103,46,18,199,2,16,18,217
07/11/2012,MDT,PA,AEA,EN,Combined TRACON& Tower with Radar,25,99,29,30,183,0,4,18,3,25,25,103,47,33,208,4,64,68,276
07/12/2012,MDT,PA,AEA,EN,Combined TRACON& Tower with Radar,30,109,40,6,185,0,3,18,14,35,30,112,58,20,220,0,10,10,230
07/13/2012,MDT,PA,AEA,EN,Combined TRACON& Tower with Radar,18,93,15,8,134,0,1,3,1,5,18,94,18,9,139,0,0,0,139
07/14/2012,MDT,PA,AEA,EN,Combined TRACON& Tower with Radar,16,62,3,5,86,0,0,2,1,3,16,62,5,6,89,0,4,4,93
07/15/2012,MDT,PA,AEA,EN,Combined TRACON& Tower with Radar,18,76,15,3,112,0,0,8,3,11,18,76,23,6,123,2,0,2,125
07/16/2012,MDT,PA,AEA,EN,Combined TRACON& Tower with Radar,28,97,20,11,156,0,0,10,4,14,28,97,30,15,170,12,2,14,184
07/17/2012,MDT,PA,AEA,EN,Combined TRACON& Tower with Radar,31,89,16,27,163,0,2,4,5,11,31,91,20,32,174,0,18,18,192
07/18/2012,MDT,PA,AEA,EN,Combined TRACON& Tower with Radar,28,88,25,15,156,0,1,2,3,6,28,89,27,18,162,0,0,0,162
07/19/2012,MDT,PA,AEA,EN,Combined TRACON& Tower with Radar,32,99,27,3,161,0,1,3,3,7,32,100,30,6,168,0,0,0,168
07/20/2012,MDT,PA,AEA,EN,Combined TRACON& Tower with Radar,27,92,22,9,150,0,0,0,0,0,27,92,22,9,150,0,0,0,150
07/21/2012,MDT,PA,AEA,EN,Combined TRACON& Tower with Radar,17,70,3,1,91,0,1,1,0,2,17,71,4,1,93,0,0,0,93
07/22/2012,MDT,PA,AEA,EN,Combined TRACON& Tower with Radar,17,75,20,3,115,0,0,11,0,11,17,75,31,3,126,12,0,12,138
07/23/2012,MDT,PA,AEA,EN,Combined TRACON& Tower with Radar,24,92,13,6,135,0,0,6,0,6,24,92,19,6,141,0,0,0,141
07/24/2012,MDT,PA,AEA,EN,Combined TRACON& Tower with Radar,33,82,19,13,147,0,2,3,7,12,33,84,22,20,159,0,10,10,169
07/25/2012,MDT,PA,AEA,EN,Combined TRACON& Tower with Radar,24,95,29,20,168,0,4,11,9,24,24,99,40,29,192,2,8,10,202
07/26/2012,MDT,PA,AEA,EN,Combined TRACON& Tower with Radar,30,75,33,9,147,0,1,9,6,16,30,76,42,15,163,12,0,12,175
07/27/2012,MDT,PA,AEA,EN,Combined TRACON& Tower with Radar,23,92,13,17,145,0,0,6,2,8,23,92,19,19,153,4,6,10,163
07/28/2012,MDT,PA,AEA,EN,Combined TRACON& Tower with Radar,25,68,4,1,98,0,0,7,0,7,25,68,11,1,105,6,0,6,111
07/29/2012,MDT,PA,AEA,EN,Combined TRACON& Tower with Radar,18,74,16,13,121,0,0,7,0,7,18,74,23,13,128,8,12,20,148
07/30/2012,MDT,PA,AEA,EN,Combined TRACON& Tower with Radar,26,93,25,6,150,0,1,2,13,16,26,94,27,19,166,0,2,2,168
07/31/2012,MDT,PA,AEA,EN,Combined TRACON& Tower with Radar,32,90,19,23,164,0,2,1,4,7,32,92,20,27,171,2,2,4,175
08/01/2012,MDT,PA,AEA,EN,Combined TRACON& Tower with Radar,15,75,21,14,125,0,2,5,1,8,15,77,26,15,133,20,28,48,181
08/02/2012,MDT,PA,AEA,EN,Combined TRACON& Tower with Radar,19,65,19,7,110,0,2,8,3,13,19,67,27,10,123,0,12,12,135
08/03/2012,MDT,PA,AEA,EN,Combined TRACON& Tower with Radar,26,97,14,2,139,0,1,5,10,16,26,98,19,12,155,0,0,0,155
08/04/2012,MDT,PA,AEA,EN,Combined TRACON& Tower with Radar,16,61,9,0,86,0,0,2,0,2,16,61,11,0,88,0,0,0,88
08/05/2012,MDT,PA,AEA,EN,Combined TRACON& Tower with Radar,18,71,12,0,101,0,0,1,0,1,18,71,13,0,102,0,0,0,102
08/06/2012,MDT,PA,AEA,EN,Combined TRACON& Tower with Radar,25,96,29,2,152,0,1,10,1,12,25,97,39,3,164,14,0,14,178
08/07/2012,MDT,PA,AEA,EN,Combined TRACON& Tower with Radar,34,102,22,3,161,0,1,7,1,9,34,103,29,4,170,14,4,18,188
08/08/2012,MDT,PA,AEA,EN,Combined TRACON& Tower with Radar,30,101,11,15,157,0,2,8,0,10,30,103,19,15,167,0,0,0,167
08/09/2012,MDT,PA,AEA,EN,Combined TRACON& Tower with Radar,28,110,17,6,161,0,0,5,2,7,28,110,22,8,168,0,0,0,168
08/10/2012,MDT,PA,AEA,EN,Combined TRACON& Tower with Radar,28,109,16,4,157,0,3,1,3,7,28,112,17,7,164,0,0,0,164
08/11/2012,MDT,PA,AEA,EN,Combined TRACON& Tower with Radar,13,62,22,2,99,0,0,9,0,9,13,62,31,2,108,0,0,0,108
08/12/2012,MDT,PA,AEA,EN,Combined TRACON& Tower with Radar,15,73,13,0,101,0,0,15,0,15,15,73,28,0,116,0,0,0,116
08/13/2012,MDT,PA,AEA,EN,Combined TRACON& Tower with Radar,23,88,29,7,147,0,1,8,0,9,23,89,37,7,156,2,10,12,168
08/14/2012,MDT,PA,AEA,EN,Combined TRACON& Tower with Radar,26,93,28,14,161,0,0,3,3,6,26,93,31,17,167,0,0,0,167
08/15/2012,MDT,PA,AEA,EN,Combined TRACON& Tower with Radar,26,94,16,33,169,0,1,4,0,5,26,95,20,33,174,4,12,16,190
08/16/2012,MDT,PA,AEA,EN,Combined TRACON& Tower with Radar,23,97,17,28,165,0,4,14,3,21,23,101,31,31,186,0,0,0,186
08/17/2012,MDT,PA,AEA,EN,Combined TRACON& Tower with Radar,24,89,20,14,147,0,1,6,4,11,24,90,26,18,158,8,22,30,188
08/18/2012,MDT,PA,AEA,EN,Combined TRACON& Tower with Radar,11,61,6,1,79,0,0,13,2,15,11,61,19,3,94,0,0,0,94
08/19/2012,MDT,PA,AEA,EN,Combined TRACON& Tower with Radar,14,79,11,1,105,0,0,10,0,10,14,79,21,1,115,6,0,6,121
08/20/2012,MDT,PA,AEA,EN,Combined TRACON& Tower with Radar,20,92,20,13,145,0,0,4,0,4,20,92,24,13,149,0,0,0,149
08/21/2012,MDT,PA,AEA,EN,Combined TRACON& Tower with Radar,26,90,30,8,154,0,3,4,2,9,26,93,34,10,163,0,4,4,167
08/22/2012,MDT,PA,AEA,EN,Combined TRACON& Tower with Radar,29,93,18,22,162,0,5,5,6,16,29,98,23,28,178,0,12,12,190
08/23/2012,MDT,PA,AEA,EN,Combined TRACON& Tower with Radar,23,66,11,21,121,0,2,9,10,21,23,68,20,31,142,0,34,34,176
08/24/2012,MDT,PA,AEA,EN,Combined TRACON& Tower with Radar,23,100,23,35,181,0,2,4,5,11,23,102,27,40,192,14,28,42,234
08/25/2012,MDT,PA,AEA,EN,Combined TRACON& Tower with Radar,11,60,6,0,77,0,0,5,1,6,11,60,11,1,83,0,0,0,83
08/26/2012,MDT,PA,AEA,EN,Combined TRACON& Tower with Radar,15,68,16,2,101,0,0,2,0,2,15,68,18,2,103,0,0,0,103
08/27/2012,MDT,PA,AEA,EN,Combined TRACON& Tower with Radar,20,94,20,7,141,0,1,3,0,4,20,95,23,7,145,0,12,12,157
08/28/2012,MDT,PA,AEA,EN,Combined TRACON& Tower with Radar,25,92,27,14,158,0,1,9,3,13,25,93,36,17,171,1,14,15,186
08/29/2012,MDT,PA,AEA,EN,Combined TRACON& Tower with Radar,23,105,25,29,182,0,4,12,10,26,23,109,37,39,208,0,20,20,228
08/30/2012,MDT,PA,AEA,EN,Combined TRACON& Tower with Radar,27,102,28,10,167,0,2,17,3,22,27,104,45,13,189,4,4,8,197
08/31/2012,MDT,PA,AEA,EN,Combined TRACON& Tower with Radar,24,112,23,4,163,0,2,10,0,12,24,114,33,4,175,10,4,14,189
09/01/2012,MDT,PA,AEA,EN,Combined TRACON& Tower with Radar,10,51,5,3,69,0,1,2,0,3,10,52,7,3,72,0,0,0,72
09/02/2012,MDT,PA,AEA,EN,Combined TRACON& Tower with Radar,18,43,4,8,73,0,0,3,0,3,18,43,7,8,76,0,8,8,84
09/03/2012,MDT,PA,AEA,EN,Combined TRACON& Tower with Radar,13,71,8,0,92,0,0,0,0,0,13,71,8,0,92,0,0,0,92
09/04/2012,MDT,PA,AEA,EN,Combined TRACON& Tower with Radar,28,93,16,16,153,0,2,1,3,6,28,95,17,19,159,0,20,20,179
09/05/2012,MDT,PA,AEA,EN,Combined TRACON& Tower with Radar,30,94,29,29,182,0,0,7,0,7,30,94,36,29,189,0,26,26,215
09/06/2012,MDT,PA,AEA,EN,Combined TRACON& Tower with Radar,23,95,32,10,160,0,1,10,6,17,23,96,42,16,177,0,10,10,187
09/07/2012,MDT,PA,AEA,EN,Combined TRACON& Tower with Radar,23,84,23,18,148,0,0,5,3,8,23,84,28,21,156,0,10,10,166
09/08/2012,MDT,PA,AEA,EN,Combined TRACON& Tower with Radar,14,50,4,3,71,0,0,0,3,3,14,50,4,6,74,0,0,0,74
09/09/2012,MDT,PA,AEA,EN,Combined TRACON& Tower with Radar,11,74,20,2,107,0,0,8,1,9,11,74,28,3,116,0,6,6,122
09/10/2012,MDT,PA,AEA,EN,Combined TRACON& Tower with Radar,20,87,18,9,134,0,1,9,2,12,20,88,27,11,146,8,8,16,162
09/11/2012,MDT,PA,AEA,EN,Combined TRACON& Tower with Radar,25,89,28,11,153,0,0,17,8,25,25,89,45,19,178,8,22,30,208
09/12/2012,MDT,PA,AEA,EN,Combined TRACON& Tower with Radar,25,101,23,26,175,0,0,7,4,11,25,101,30,30,186,2,24,26,212
09/13/2012,MDT,PA,AEA,EN,Combined TRACON& Tower with Radar,23,93,29,23,168,0,0,17,12,29,23,93,46,35,197,2,62,64,261
09/14/2012,MDT,PA,AEA,EN,Combined TRACON& Tower with Radar,23,89,30,14,156,0,1,9,0,10,23,90,39,14,166,0,30,30,196
09/15/2012,MDT,PA,AEA,EN,Combined TRACON& Tower with Radar,11,50,9,7,77,0,0,9,0,9,11,50,18,7,86,0,0,0,86
09/16/2012,MDT,PA,AEA,EN,Combined TRACON& Tower with Radar,14,69,15,4,102,0,0,17,1,18,14,69,32,5,120,14,0,14,134
09/17/2012,MDT,PA,AEA,EN,Combined TRACON& Tower with Radar,23,89,21,23,156,0,1,8,2,11,23,90,29,25,167,0,18,18,185
09/18/2012,MDT,PA,AEA,EN,Combined TRACON& Tower with Radar,26,92,16,8,142,0,0,0,0,0,26,92,16,8,142,0,10,10,152
09/19/2012,MDT,PA,AEA,EN,Combined TRACON& Tower with Radar,24,104,25,13,166,0,1,6,7,14,24,105,31,20,180,0,18,18,198
09/20/2012,MDT,PA,AEA,EN,Combined TRACON& Tower with Radar,24,93,49,15,181,0,1,13,13,27,24,94,62,28,208,6,56,62,270
09/21/2012,MDT,PA,AEA,EN,Combined TRACON& Tower with Radar,26,98,17,13,154,0,2,5,5,12,26,100,22,18,166,0,34,34,200
09/22/2012,MDT,PA,AEA,EN,Combined TRACON& Tower with Radar,11,58,9,4,82,0,2,2,1,5,11,60,11,5,87,0,0,0,87
09/23/2012,MDT,PA,AEA,EN,Combined TRACON& Tower with Radar,15,78,14,1,108,0,0,16,4,20,15,78,30,5,128,8,0,8,136
09/24/2012,MDT,PA,AEA,EN,Combined TRACON& Tower with Radar,20,95,23,3,141,0,0,12,1,13,20,95,35,4,154,6,1,7,161
09/25/2012,MDT,PA,AEA,EN,Combined TRACON& Tower with Radar,23,102,19,2,146,0,0,14,3,17,23,102,33,5,163,4,0,4,167
09/26/2012,MDT,PA,AEA,EN,Combined TRACON& Tower with Radar,26,90,15,10,141,0,0,5,2,7,26,90,20,12,148,0,0,0,148
09/27/2012,MDT,PA,AEA,EN,Combined TRACON& Tower with Radar,25,86,19,1,131,0,0,1,0,1,25,86,20,1,132,12,0,12,144
09/28/2012,MDT,PA,AEA,EN,Combined TRACON& Tower with Radar,24,105,26,6,161,0,0,2,0,2,24,105,28,6,163,0,0,0,163
09/29/2012,MDT,PA,AEA,EN,Combined TRACON& Tower with Radar,10,52,6,0,68,0,0,8,0,8,10,52,14,0,76,0,0,0,76
09/30/2012,MDT,PA,AEA,EN,Combined TRACON& Tower with Radar,14,73,15,0,102,0,0,14,0,14,14,73,29,0,116,6,0,6,122
10/01/2012,MDT,PA,AEA,EN,Combined TRACON& Tower with Radar,20,94,17,13,144,0,0,7,2,9,20,94,24,15,153,2,0,2,155
10/02/2012,MDT,PA,AEA,EN,Combined TRACON& Tower with Radar,17,77,21,15,130,0,0,0,0,0,17,77,21,15,130,0,0,0,130
10/03/2012,MDT,PA,AEA,EN,Combined TRACON& Tower with Radar,29,111,25,18,183,0,0,8,4,12,29,111,33,22,195,0,14,14,209
10/04/2012,MDT,PA,AEA,EN,Combined TRACON& Tower with Radar,24,100,37,7,168,0,0,0,6,6,24,100,37,13,174,10,6,16,190
10/05/2012,MDT,PA,AEA,EN,Combined TRACON& Tower with Radar,24,87,12,14,137,0,0,4,2,6,24,87,16,16,143,0,0,0,143
10/06/2012,MDT,PA,AEA,EN,Combined TRACON& Tower with Radar,10,50,8,2,70,0,0,11,0,11,10,50,19,2,81,6,0,6,87
10/07/2012,MDT,PA,AEA,EN,Combined TRACON& Tower with Radar,14,68,9,1,92,0,1,2,1,4,14,69,11,2,96,14,0,14,110
10/08/2012,MDT,PA,AEA,EN,Combined TRACON& Tower with Radar,18,89,22,0,129,0,0,0,0,0,18,89,22,0,129,0,0,0,129
10/09/2012,MDT,PA,AEA,EN,Combined TRACON& Tower with Radar,26,90,32,22,170,0,0,8,8,16,26,90,40,30,186,0,32,32,218
10/10/2012,MDT,PA,AEA,EN,Combined TRACON& Tower with Radar,28,102,27,22,179,0,1,3,12,16,28,103,30,34,195,6,24,30,225
10/11/2012,MDT,PA,AEA,EN,Combined TRACON& Tower with Radar,23,94,34,19,170,0,0,13,5,18,23,94,47,24,188,22,16,38,226
10/12/2012,MDT,PA,AEA,EN,Combined TRACON& Tower with Radar,24,102,35,14,175,0,0,10,1,11,24,102,45,15,186,0,16,16,202
10/13/2012,MDT,PA,AEA,EN,Combined TRACON& Tower with Radar,18,58,28,7,111,0,1,20,2,23,18,59,48,9,134,0,8,8,142
10/14/2012,MDT,PA,AEA,EN,Combined TRACON& Tower with Radar,13,84,19,19,135,0,0,10,0,10,13,84,29,19,145,10,4,14,159
10/15/2012,MDT,PA,AEA,EN,Combined TRACON& Tower with Radar,23,97,29,8,157,0,0,2,5,7,23,97,31,13,164,0,0,0,164
10/16/2012,MDT,PA,AEA,EN,Combined TRACON& Tower with Radar,25,95,21,18,159,0,7,13,17,37,25,102,34,35,196,22,40,62,258
10/17/2012,MDT,PA,AEA,EN,Combined TRACON& Tower with Radar,25,92,20,30,167,0,0,5,7,12,25,92,25,37,179,10,30,40,219
10/18/2012,MDT,PA,AEA,EN,Combined TRACON& Tower with Radar,24,99,31,20,174,0,0,5,6,11,24,99,36,26,185,2,12,14,199
10/19/2012,MDT,PA,AEA,EN,Combined TRACON& Tower with Radar,24,103,25,27,179,0,0,0,2,2,24,103,25,29,181,0,26,26,207
10/20/2012,MDT,PA,AEA,EN,Combined TRACON& Tower with Radar,10,55,21,2,88,0,0,17,1,18,10,55,38,3,106,0,0,0,106
10/21/2012,MDT,PA,AEA,EN,Combined TRACON& Tower with Radar,13,68,10,2,93,0,0,11,0,11,13,68,21,2,104,0,0,0,104
10/22/2012,MDT,PA,AEA,EN,Combined TRACON& Tower with Radar,22,89,34,11,156,0,0,21,7,28,22,89,55,18,184,0,26,26,210
10/23/2012,MDT,PA,AEA,EN,Combined TRACON& Tower with Radar,24,89,24,32,169,0,2,4,8,14,24,91,28,40,183,0,36,36,219
10/24/2012,MDT,PA,AEA,EN,Combined TRACON& Tower with Radar,24,93,28,13,158,0,1,10,4,15,24,94,38,17,173,2,22,24,197
10/25/2012,MDT,PA,AEA,EN,Combined TRACON& Tower with Radar,24,92,33,21,170,0,0,0,0,0,24,92,33,21,170,0,0,0,170
10/26/2012,MDT,PA,AEA,EN,Combined TRACON& Tower with Radar,23,96,19,10,148,0,0,1,1,2,23,96,20,11,150,0,0,0,150
10/27/2012,MDT,PA,AEA,EN,Combined TRACON& Tower with Radar,10,52,6,2,70,0,0,0,0,0,10,52,6,2,70,0,0,0,70
10/28/2012,MDT,PA,AEA,EN,Combined TRACON& Tower with Radar,13,66,4,5,88,0,0,0,0,0,13,66,4,5,88,0,0,0,88
10/29/2012,MDT,PA,AEA,EN,Combined TRACON& Tower with Radar,5,10,5,0,20,0,0,0,0,0,5,10,5,0,20,0,0,0,20
10/30/2012,MDT,PA,AEA,EN,Combined TRACON& Tower with Radar,12,24,3,0,39,0,0,0,0,0,12,24,3,0,39,0,0,0,39
10/31/2012,MDT,PA,AEA,EN,Combined TRACON& Tower with Radar,28,66,5,3,102,0,0,5,1,6,28,66,10,4,108,0,0,0,108
11/01/2012,MDT,PA,AEA,EN,Combined TRACON& Tower with Radar,25,91,24,2,142,0,0,4,2,6,25,91,28,4,148,0,0,0,148
11/02/2012,MDT,PA,AEA,EN,Combined TRACON& Tower with Radar,25,95,10,3,133,0,0,0,0,0,25,95,10,3,133,0,0,0,133
11/03/2012,MDT,PA,AEA,EN,Combined TRACON& Tower with Radar,14,57,19,2,92,0,0,4,0,4,14,57,23,2,96,6,0,6,102
11/04/2012,MDT,PA,AEA,EN,Combined TRACON& Tower with Radar,17,80,13,0,110,0,0,8,0,8,17,80,21,0,118,36,0,36,154
11/05/2012,MDT,PA,AEA,EN,Combined TRACON& Tower with Radar,19,89,30,5,143,0,0,10,0,10,19,89,40,5,153,12,2,14,167
11/06/2012,MDT,PA,AEA,EN,Combined TRACON& Tower with Radar,21,91,16,11,139,0,2,13,5,20,21,93,29,16,159,0,32,32,191
11/07/2012,MDT,PA,AEA,EN,Combined TRACON& Tower with Radar,30,87,30,8,155,0,1,2,1,4,30,88,32,9,159,0,0,0,159
11/08/2012,MDT,PA,AEA,EN,Combined TRACON& Tower with Radar,24,89,24,13,150,0,0,5,7,12,24,89,29,20,162,2,50,52,214
11/09/2012,MDT,PA,AEA,EN,Combined TRACON& Tower with Radar,22,87,20,2,131,0,0,5,1,6,22,87,25,3,137,12,0,12,149
11/10/2012,MDT,PA,AEA,EN,Combined TRACON& Tower with Radar,12,55,12,0,79,0,0,22,0,22,12,55,34,0,101,18,0,18,119
11/11/2012,MDT,PA,AEA,EN,Combined TRACON& Tower with Radar,14,73,6,0,93,0,0,7,0,7,14,73,13,0,100,8,0,8,108
11/12/2012,MDT,PA,AEA,EN,Combined TRACON& Tower with Radar,18,85,19,0,122,0,0,10,0,10,18,85,29,0,132,14,0,14,146
11/13/2012,MDT,PA,AEA,EN,Combined TRACON& Tower with Radar,26,98,30,18,172,0,0,3,0,3,26,98,33,18,175,0,20,20,195
11/14/2012,MDT,PA,AEA,EN,Combined TRACON& Tower with Radar,31,92,39,18,180,0,0,16,1,17,31,92,55,19,197,0,8,8,205
11/15/2012,MDT,PA,AEA,EN,Combined TRACON& Tower with Radar,25,88,19,22,154,0,0,10,11,21,25,88,29,33,175,0,18,18,193
11/16/2012,MDT,PA,AEA,EN,Combined TRACON& Tower with Radar,23,94,21,7,145,0,1,7,2,10,23,95,28,9,155,0,0,0,155
11/17/2012,MDT,PA,AEA,EN,Combined TRACON& Tower with Radar,12,57,3,0,72,0,1,5,0,6,12,58,8,0,78,0,0,0,78
11/18/2012,MDT,PA,AEA,EN,Combined TRACON& Tower with Radar,12,66,7,1,86,0,0,10,1,11,12,66,17,2,97,0,0,0,97
11/19/2012,MDT,PA,AEA,EN,Combined TRACON& Tower with Radar,22,74,27,4,127,0,0,6,1,7,22,74,33,5,134,0,0,0,134
11/20/2012,MDT,PA,AEA,EN,Combined TRACON& Tower with Radar,26,88,22,21,157,0,0,13,12,25,26,88,35,33,182,14,8,22,204
11/21/2012,MDT,PA,AEA,EN,Combined TRACON& Tower with Radar,23,84,4,9,120,0,0,7,0,7,23,84,11,9,127,6,6,12,139
11/22/2012,MDT,PA,AEA,EN,Combined TRACON& Tower with Radar,13,33,0,1,47,0,0,6,0,6,13,33,6,1,53,4,0,4,57
11/23/2012,MDT,PA,AEA,EN,Combined TRACON& Tower with Radar,22,40,4,2,68,0,0,8,0,8,22,40,12,2,76,0,0,0,76
11/24/2012,MDT,PA,AEA,EN,Combined TRACON& Tower with Radar,14,63,0,0,77,0,0,3,0,3,14,63,3,0,80,0,0,0,80
11/25/2012,MDT,PA,AEA,EN,Combined TRACON& Tower with Radar,12,72,11,0,95,0,0,9,0,9,12,72,20,0,104,0,0,0,104
11/26/2012,MDT,PA,AEA,EN,Combined TRACON& Tower with Radar,29,91,20,12,152,0,2,3,0,5,29,93,23,12,157,2,22,24,181
11/27/2012,MDT,PA,AEA,EN,Combined TRACON& Tower with Radar,27,81,15,7,130,0,0,0,2,2,27,81,15,9,132,0,4,4,136
11/28/2012,MDT,PA,AEA,EN,Combined TRACON& Tower with Radar,30,88,31,31,180,0,0,3,4,7,30,88,34,35,187,0,8,8,195
11/29/2012,MDT,PA,AEA,EN,Combined TRACON& Tower with Radar,27,85,23,7,142,0,0,11,9,20,27,85,34,16,162,6,4,10,172
11/30/2012,MDT,PA,AEA,EN,Combined TRACON& Tower with Radar,24,80,20,7,131,0,0,5,1,6,24,80,25,8,137,12,0,12,149
12/01/2012,MDT,PA,AEA,EN,Combined TRACON& Tower with Radar,14,51,10,2,77,0,0,2,0,2,14,51,12,2,79,0,0,0,79
12/02/2012,MDT,PA,AEA,EN,Combined TRACON& Tower with Radar,15,84,9,0,108,0,0,4,0,4,15,84,13,0,112,16,0,16,128
12/03/2012,MDT,PA,AEA,EN,Combined TRACON& Tower with Radar,23,88,18,0,129,0,0,5,2,7,23,88,23,2,136,2,4,6,142
12/04/2012,MDT,PA,AEA,EN,Combined TRACON& Tower with Radar,22,80,23,21,146,0,0,14,9,23,22,80,37,30,169,0,46,46,215
12/05/2012,MDT,PA,AEA,EN,Combined TRACON& Tower with Radar,24,86,18,20,148,0,0,9,1,10,24,86,27,21,158,0,6,6,164
12/06/2012,MDT,PA,AEA,EN,Combined TRACON& Tower with Radar,24,88,15,16,143,0,2,4,2,8,24,90,19,18,151,0,52,52,203
12/07/2012,MDT,PA,AEA,EN,Combined TRACON& Tower with Radar,28,83,15,8,134,0,0,0,0,0,28,83,15,8,134,0,0,0,134
12/08/2012,MDT,PA,AEA,EN,Combined TRACON& Tower with Radar,12,52,9,0,73,0,0,1,0,1,12,52,10,0,74,0,0,0,74
12/09/2012,MDT,PA,AEA,EN,Combined TRACON& Tower with Radar,14,68,12,1,95,0,0,0,0,0,14,68,12,1,95,0,0,0,95
12/10/2012,MDT,PA,AEA,EN,Combined TRACON& Tower with Radar,21,73,24,1,119,0,0,0,0,0,21,73,24,1,119,0,0,0,119
12/11/2012,MDT,PA,AEA,EN,Combined TRACON& Tower with Radar,26,87,28,16,157,0,1,3,0,4,26,88,31,16,161,4,18,22,183
12/12/2012,MDT,PA,AEA,EN,Combined TRACON& Tower with Radar,28,91,14,17,150,0,0,5,3,8,28,91,19,20,158,0,24,24,182
12/13/2012,MDT,PA,AEA,EN,Combined TRACON& Tower with Radar,28,88,17,8,141,0,0,6,1,7,28,88,23,9,148,0,2,2,150
12/14/2012,MDT,PA,AEA,EN,Combined TRACON& Tower with Radar,28,83,17,2,130,0,0,7,0,7,28,83,24,2,137,18,0,18,155
12/15/2012,MDT,PA,AEA,EN,Combined TRACON& Tower with Radar,11,51,18,0,80,0,0,12,1,13,11,51,30,1,93,2,10,12,105
12/16/2012,MDT,PA,AEA,EN,Combined TRACON& Tower with Radar,14,65,8,3,90,0,0,3,1,4,14,65,11,4,94,0,14,14,108
12/17/2012,MDT,PA,AEA,EN,Combined TRACON& Tower with Radar,27,81,17,7,132,0,0,0,0,0,27,81,17,7,132,0,0,0,132
12/18/2012,MDT,PA,AEA,EN,Combined TRACON& Tower with Radar,28,77,14,13,132,0,1,4,2,7,28,78,18,15,139,0,4,4,143
12/19/2012,MDT,PA,AEA,EN,Combined TRACON& Tower with Radar,32,79,17,27,155,0,1,7,9,17,32,80,24,36,172,2,22,24,196
12/20/2012,MDT,PA,AEA,EN,Combined TRACON& Tower with Radar,28,73,22,2,125,0,1,8,0,9,28,74,30,2,134,44,0,44,178
12/21/2012,MDT,PA,AEA,EN,Combined TRACON& Tower with Radar,34,76,13,6,129,0,0,3,1,4,34,76,16,7,133,0,0,0,133
12/22/2012,MDT,PA,AEA,EN,Combined TRACON& Tower with Radar,14,51,2,0,67,0,0,0,0,0,14,51,2,0,67,0,0,0,67
12/23/2012,MDT,PA,AEA,EN,Combined TRACON& Tower with Radar,13,55,8,0,76,0,0,23,0,23,13,55,31,0,99,20,0,20,119
12/24/2012,MDT,PA,AEA,EN,Combined TRACON& Tower with Radar,18,43,1,0,62,0,0,1,0,1,18,43,2,0,63,0,0,0,63
12/25/2012,MDT,PA,AEA,EN,Combined TRACON& Tower with Radar,12,46,1,0,59,0,0,1,0,1,12,46,2,0,60,0,0,0,60
12/26/2012,MDT,PA,AEA,EN,Combined TRACON& Tower with Radar,21,40,4,5,70,0,0,0,0,0,21,40,4,5,70,0,0,0,70
12/27/2012,MDT,PA,AEA,EN,Combined TRACON& Tower with Radar,32,64,8,2,106,0,0,0,2,2,32,64,8,4,108,0,0,0,108
12/28/2012,MDT,PA,AEA,EN,Combined TRACON& Tower with Radar,20,77,12,3,112,0,1,11,0,12,20,78,23,3,124,4,0,4,128
12/29/2012,MDT,PA,AEA,EN,Combined TRACON& Tower with Radar,10,45,2,0,57,0,0,0,0,0,10,45,2,0,57,0,0,0,57
12/30/2012,MDT,PA,AEA,EN,Combined TRACON& Tower with Radar,13,55,9,0,77,0,0,2,0,2,13,55,11,0,79,0,0,0,79
12/31/2012,MDT,PA,AEA,EN,Combined TRACON& Tower with Radar,19,55,5,0,79,0,0,5,2,7,19,55,10,2,86,0,0,0,86
01/01/2013,MDT,PA,AEA,EN,Combined TRACON& Tower with Radar,11,47,1,0,59,0,0,2,1,3,11,47,3,1,62,2,0,2,64
01/02/2013,MDT,PA,AEA,EN,Combined TRACON& Tower with Radar,28,71,11,6,116,0,0,8,0,8,28,71,19,6,124,0,0,0,124
01/03/2013,MDT,PA,AEA,EN,Combined TRACON& Tower with Radar,25,77,5,14,121,0,0,3,2,5,25,77,8,16,126,22,0,22,148
01/04/2013,MDT,PA,AEA,EN,Combined TRACON& Tower with Radar,26,83,5,16,130,0,0,0,0,0,26,83,5,16,130,0,12,12,142
01/05/2013,MDT,PA,AEA,EN,Combined TRACON& Tower with Radar,12,45,13,0,70,0,0,17,0,17,12,45,30,0,87,2,0,2,89
01/06/2013,MDT,PA,AEA,EN,Combined TRACON& Tower with Radar,14,62,5,1,82,0,0,10,0,10,14,62,15,1,92,8,0,8,100
01/07/2013,MDT,PA,AEA,EN,Combined TRACON& Tower with Radar,25,78,10,3,116,0,0,6,2,8,25,78,16,5,124,0,0,0,124
01/08/2013,MDT,PA,AEA,EN,Combined TRACON& Tower with Radar,22,77,13,17,129,0,0,1,4,5,22,77,14,21,134,0,0,0,134
01/09/2013,MDT,PA,AEA,EN,Combined TRACON& Tower with Radar,26,83,17,12,138,0,0,0,3,3,26,83,17,15,141,0,10,10,151
01/10/2013,MDT,PA,AEA,EN,Combined TRACON& Tower with Radar,24,86,30,22,162,0,5,7,14,26,24,91,37,36,188,10,20,30,218
01/11/2013,MDT,PA,AEA,EN,Combined TRACON& Tower with Radar,25,80,4,16,125,0,0,0,1,1,25,80,4,17,126,0,2,2,128
01/12/2013,MDT,PA,AEA,EN,Combined TRACON& Tower with Radar,9,38,11,2,60,0,0,4,0,4,9,38,15,2,64,0,0,0,64
01/13/2013,MDT,PA,AEA,EN,Combined TRACON& Tower with Radar,11,62,7,1,81,0,0,0,0,0,11,62,7,1,81,18,0,18,99
01/14/2013,MDT,PA,AEA,EN,Combined TRACON& Tower with Radar,23,83,19,4,129,0,0,2,0,2,23,83,21,4,131,0,0,0,131
01/15/2013,MDT,PA,AEA,EN,Combined TRACON& Tower with Radar,20,73,26,28,147,0,1,1,3,5,20,74,27,31,152,6,6,12,164
01/16/2013,MDT,PA,AEA,EN,Combined TRACON& Tower with Radar,23,78,9,7,117,0,0,0,0,0,23,78,9,7,117,0,0,0,117
01/17/2013,MDT,PA,AEA,EN,Combined TRACON& Tower with Radar,23,77,16,9,125,0,1,15,5,21,23,78,31,14,146,2,6,8,154
01/18/2013,MDT,PA,AEA,EN,Combined TRACON& Tower with Radar,26,78,9,7,120,0,0,5,0,5,26,78,14,7,125,0,0,0,125
01/19/2013,MDT,PA,AEA,EN,Combined TRACON& Tower with Radar,9,43,1,1,54,0,0,4,0,4,9,43,5,1,58,6,0,6,64
01/20/2013,MDT,PA,AEA,EN,Combined TRACON& Tower with Radar,11,59,7,2,79,0,0,0,0,0,11,59,7,2,79,3,0,3,82
01/21/2013,MDT,PA,AEA,EN,Combined TRACON& Tower with Radar,19,76,26,5,126,0,0,3,0,3,19,76,29,5,129,0,0,0,129
01/22/2013,MDT,PA,AEA,EN,Combined TRACON& Tower with Radar,21,77,12,17,127,0,0,2,2,4,21,77,14,19,131,0,12,12,143
01/23/2013,MDT,PA,AEA,EN,Combined TRACON& Tower with Radar,29,77,18,27,151,0,0,5,1,6,29,77,23,28,157,6,14,20,177
01/24/2013,MDT,PA,AEA,EN,Combined TRACON& Tower with Radar,24,83,13,18,138,0,1,0,1,2,24,84,13,19,140,6,36,42,182
01/25/2013,MDT,PA,AEA,EN,Combined TRACON& Tower with Radar,26,79,9,13,127,0,0,3,4,7,26,79,12,17,134,8,28,36,170
01/26/2013,MDT,PA,AEA,EN,Combined TRACON& Tower with Radar,10,45,4,4,63,0,0,1,0,1,10,45,5,4,64,0,0,0,64
01/27/2013,MDT,PA,AEA,EN,Combined TRACON& Tower with Radar,11,69,11,3,94,0,0,16,1,17,11,69,27,4,111,0,0,0,111
01/28/2013,MDT,PA,AEA,EN,Combined TRACON& Tower with Radar,23,70,8,0,101,0,0,0,0,0,23,70,8,0,101,0,0,0,101
01/29/2013,MDT,PA,AEA,EN,Combined TRACON& Tower with Radar,22,74,33,33,162,0,0,0,2,2,22,74,33,35,164,0,0,0,164
01/30/2013,MDT,PA,AEA,EN,Combined TRACON& Tower with Radar,20,71,14,0,105,0,0,0,0,0,20,71,14,0,105,10,50,60,165
01/31/2013,MDT,PA,AEA,EN,Combined TRACON& Tower with Radar,26,82,19,6,133,0,0,2,0,2,26,82,21,6,135,0,2,2,137
02/01/2013,MDT,PA,AEA,EN,Combined TRACON& Tower with Radar,23,78,10,16,127,0,0,0,2,2,23,78,10,18,129,0,20,20,149
02/02/2013,MDT,PA,AEA,EN,Combined TRACON& Tower with Radar,11,43,5,2,61,0,1,2,0,3,11,44,7,2,64,0,0,0,64
02/03/2013,MDT,PA,AEA,EN,Combined TRACON& Tower with Radar,11,60,3,1,75,0,0,1,0,1,11,60,4,1,76,0,0,0,76
02/04/2013,MDT,PA,AEA,EN,Combined TRACON& Tower with Radar,27,76,17,2,122,0,0,2,0,2,27,76,19,2,124,6,0,6,130
02/05/2013,MDT,PA,AEA,EN,Combined TRACON& Tower with Radar,23,74,23,3,123,0,0,0,3,3,23,74,23,6,126,0,0,0,126
02/06/2013,MDT,PA,AEA,EN,Combined TRACON& Tower with Radar,26,80,22,19,147,0,2,4,0,6,26,82,26,19,153,0,0,0,153
02/07/2013,MDT,PA,AEA,EN,Combined TRACON& Tower with Radar,26,73,17,22,138,0,2,5,7,14,26,75,22,29,152,16,36,52,204
02/08/2013,MDT,PA,AEA,EN,Combined TRACON& Tower with Radar,28,65,11,6,110,0,0,0,0,0,28,65,11,6,110,0,0,0,110
02/09/2013,MDT,PA,AEA,EN,Combined TRACON& Tower with Radar,9,48,3,5,65,0,0,1,0,1,9,48,4,5,66,0,0,0,66
02/10/2013,MDT,PA,AEA,EN,Combined TRACON& Tower with Radar,13,62,9,3,87,0,2,8,0,10,13,64,17,3,97,12,0,12,109
02/11/2013,MDT,PA,AEA,EN,Combined TRACON& Tower with Radar,31,81,20,19,151,0,0,0,0,0,31,81,20,19,151,0,0,0,151
02/12/2013,MDT,PA,AEA,EN,Combined TRACON& Tower with Radar,10,37,9,14,70,0,0,0,2,2,10,37,9,16,72,0,8,8,80
02/13/2013,MDT,PA,AEA,EN,Combined TRACON& Tower with Radar,23,82,9,33,147,0,0,5,3,8,23,82,14,36,155,8,22,30,185
02/14/2013,MDT,PA,AEA,EN,Combined TRACON& Tower with Radar,23,90,18,10,141,0,0,10,6,16,23,90,28,16,157,0,20,20,177
02/15/2013,MDT,PA,AEA,EN,Combined TRACON& Tower with Radar,25,79,14,2,120,0,0,8,0,8,25,79,22,2,128,0,0,0,128
02/16/2013,MDT,PA,AEA,EN,Combined TRACON& Tower with Radar,8,49,10,0,67,0,0,10,0,10,8,49,20,0,77,6,0,6,83
02/17/2013,MDT,PA,AEA,EN,Combined TRACON& Tower with Radar,13,59,7,0,79,0,0,0,0,0,13,59,7,0,79,0,0,0,79
02/18/2013,MDT,PA,AEA,EN,Combined TRACON& Tower with Radar,22,84,22,0,128,0,0,21,0,21,22,84,43,0,149,12,0,12,161
02/19/2013,MDT,PA,AEA,EN,Combined TRACON& Tower with Radar,24,90,21,17,152,0,0,0,2,2,24,90,21,19,154,0,0,0,154
02/20/2013,MDT,PA,AEA,EN,Combined TRACON& Tower with Radar,28,92,16,13,149,0,2,3,9,14,28,94,19,22,163,0,0,0,163
02/21/2013,MDT,PA,AEA,EN,Combined TRACON& Tower with Radar,22,82,30,11,145,0,1,3,12,16,22,83,33,23,161,4,8,12,173
02/22/2013,MDT,PA,AEA,EN,Combined TRACON& Tower with Radar,24,71,22,15,132,0,0,4,1,5,24,71,26,16,137,6,22,28,165
02/23/2013,MDT,PA,AEA,EN,Combined TRACON& Tower with Radar,11,58,0,8,77,0,0,0,0,0,11,58,0,8,77,12,0,12,89
02/24/2013,MDT,PA,AEA,EN,Combined TRACON& Tower with Radar,10,75,9,2,96,0,0,6,0,6,10,75,15,2,102,8,0,8,110
02/25/2013,MDT,PA,AEA,EN,Combined TRACON& Tower with Radar,23,80,14,7,124,0,0,3,0,3,23,80,17,7,127,0,0,0,127
02/26/2013,MDT,PA,AEA,EN,Combined TRACON& Tower with Radar,15,75,19,4,113,0,0,1,0,1,15,75,20,4,114,16,8,24,138
02/27/2013,MDT,PA,AEA,EN,Combined TRACON& Tower with Radar,25,88,27,7,147,0,0,4,7,11,25,88,31,14,158,8,52,60,218
02/28/2013,MDT,PA,AEA,EN,Combined TRACON& Tower with Radar,22,87,22,22,153,0,0,2,3,5,22,87,24,25,158,4,22,26,184
03/01/2013,MDT,PA,AEA,EN,Combined TRACON& Tower with Radar,25,85,19,11,140,0,0,7,1,8,25,85,26,12,148,8,18,26,174
03/02/2013,MDT,PA,AEA,EN,Combined TRACON& Tower with Radar,10,59,9,0,78,0,0,4,0,4,10,59,13,0,82,2,0,2,84
03/03/2013,MDT,PA,AEA,EN,Combined TRACON& Tower with Radar,12,74,8,3,97,0,0,13,0,13,12,74,21,3,110,6,0,6,116
03/04/2013,MDT,PA,AEA,EN,Combined TRACON& Tower with Radar,23,89,9,18,139,0,0,2,0,2,23,89,11,18,141,0,6,6,147
03/05/2013,MDT,PA,AEA,EN,Combined TRACON& Tower with Radar,15,73,26,7,121,0,1,10,0,11,15,74,36,7,132,18,14,32,164
03/06/2013,MDT,PA,AEA,EN,Combined TRACON& Tower with Radar,25,64,8,0,97,0,0,0,0,0,25,64,8,0,97,0,0,0,97
03/07/2013,MDT,PA,AEA,EN,Combined TRACON& Tower with Radar,22,91,22,2,137,0,2,7,6,15,22,93,29,8,152,2,12,14,166
03/08/2013,MDT,PA,AEA,EN,Combined TRACON& Tower with Radar,35,89,8,35,167,0,2,0,1,3,35,91,8,36,170,0,28,28,198
03/09/2013,MDT,PA,AEA,EN,Combined TRACON& Tower with Radar,12,58,8,5,83,0,1,11,0,12,12,59,19,5,95,18,10,28,123
03/10/2013,MDT,PA,AEA,EN,Combined TRACON& Tower with Radar,11,76,16,3,106,0,0,22,0,22,11,76,38,3,128,12,0,12,140
03/11/2013,MDT,PA,AEA,EN,Combined TRACON& Tower with Radar,23,86,11,25,145,0,0,4,0,4,23,86,15,25,149,6,24,30,179
03/12/2013,MDT,PA,AEA,EN,Combined TRACON& Tower with Radar,23,88,21,16,148,0,3,0,9,12,23,91,21,25,160,12,20,32,192
03/13/2013,MDT,PA,AEA,EN,Combined TRACON& Tower with Radar,26,89,16,20,151,0,0,3,2,5,26,89,19,22,156,0,20,20,176
03/14/2013,MDT,PA,AEA,EN,Combined TRACON& Tower with Radar,22,84,25,20,151,0,0,4,3,7,22,84,29,23,158,0,22,22,180
03/15/2013,MDT,PA,AEA,EN,Combined TRACON& Tower with Radar,22,90,11,14,137,0,2,3,5,10,22,92,14,19,147,8,0,8,155
03/16/2013,MDT,PA,AEA,EN,Combined TRACON& Tower with Radar,12,62,4,0,78,0,0,0,0,0,12,62,4,0,78,0,0,0,78
03/17/2013,MDT,PA,AEA,EN,Combined TRACON& Tower with Radar,11,78,4,0,93,0,0,10,0,10,11,78,14,0,103,4,0,4,107
03/18/2013,MDT,PA,AEA,EN,Combined TRACON& Tower with Radar,17,76,19,2,114,0,0,2,0,2,17,76,21,2,116,0,8,8,124
03/19/2013,MDT,PA,AEA,EN,Combined TRACON& Tower with Radar,25,88,10,23,146,0,1,1,4,6,25,89,11,27,152,6,4,10,162
03/20/2013,MDT,PA,AEA,EN,Combined TRACON& Tower with Radar,24,83,19,7,133,0,1,5,11,17,24,84,24,18,150,0,8,8,158
03/21/2013,MDT,PA,AEA,EN,Combined TRACON& Tower with Radar,26,92,14,26,158,0,2,6,7,15,26,94,20,33,173,2,24,26,199
03/22/2013,MDT,PA,AEA,EN,Combined TRACON& Tower with Radar,23,84,7,10,124,0,0,11,7,18,23,84,18,17,142,12,44,56,198
03/23/2013,MDT,PA,AEA,EN,Combined TRACON& Tower with Radar,12,61,5,2,80,0,0,5,2,7,12,61,10,4,87,2,4,6,93
03/24/2013,MDT,PA,AEA,EN,Combined TRACON& Tower with Radar,12,70,3,0,85,0,0,8,0,8,12,70,11,0,93,0,0,0,93
03/25/2013,MDT,PA,AEA,EN,Combined TRACON& Tower with Radar,23,78,12,2,115,0,0,0,0,0,23,78,12,2,115,2,0,2,117
03/26/2013,MDT,PA,AEA,EN,Combined TRACON& Tower with Radar,22,92,19,7,140,0,3,4,4,11,22,95,23,11,151,4,2,6,157
03/27/2013,MDT,PA,AEA,EN,Combined TRACON& Tower with Radar,32,93,23,23,171,0,2,5,3,10,32,95,28,26,181,0,0,0,181
03/28/2013,MDT,PA,AEA,EN,Combined TRACON& Tower with Radar,25,91,11,28,155,0,3,3,1,7,25,94,14,29,162,0,84,84,246
03/29/2013,MDT,PA,AEA,EN,Combined TRACON& Tower with Radar,21,84,12,10,127,0,2,4,4,10,21,86,16,14,137,0,0,0,137
03/30/2013,MDT,PA,AEA,EN,Combined TRACON& Tower with Radar,13,51,6,2,72,0,1,8,0,9,13,52,14,2,81,0,0,0,81
03/31/2013,MDT,PA,AEA,EN,Combined TRACON& Tower with Radar,13,72,0,1,86,0,0,0,3,3,13,72,0,4,89,0,0,0,89
04/01/2013,MDT,PA,AEA,EN,Combined TRACON& Tower with Radar,23,82,18,6,129,0,1,6,0,7,23,83,24,6,136,4,10,14,150
04/02/2013,MDT,PA,AEA,EN,Combined TRACON& Tower with Radar,22,81,17,5,125,0,2,6,7,15,22,83,23,12,140,0,4,4,144
04/03/2013,MDT,PA,AEA,EN,Combined TRACON& Tower with Radar,31,81,16,14,142,0,2,5,2,9,31,83,21,16,151,0,54,54,205
04/04/2013,MDT,PA,AEA,EN,Combined TRACON& Tower with Radar,24,85,23,28,160,0,2,6,4,12,24,87,29,32,172,6,26,32,204
04/05/2013,MDT,PA,AEA,EN,Combined TRACON& Tower with Radar,27,82,17,20,146,0,2,7,4,13,27,84,24,24,159,8,2,10,169
04/06/2013,MDT,PA,AEA,EN,Combined TRACON& Tower with Radar,11,63,9,0,83,0,2,10,1,13,11,65,19,1,96,8,4,12,108
04/07/2013,MDT,PA,AEA,EN,Combined TRACON& Tower with Radar,11,76,12,0,99,0,0,5,1,6,11,76,17,1,105,8,0,8,113
04/08/2013,MDT,PA,AEA,EN,Combined TRACON& Tower with Radar,27,88,14,4,133,0,1,9,4,14,27,89,23,8,147,8,12,20,167
04/09/2013,MDT,PA,AEA,EN,Combined TRACON& Tower with Radar,25,83,37,27,172,0,1,11,4,16,25,84,48,31,188,6,32,38,226
04/10/2013,MDT,PA,AEA,EN,Combined TRACON& Tower with Radar,28,69,22,15,134,0,4,7,7,18,28,73,29,22,152,0,18,18,170
04/11/2013,MDT,PA,AEA,EN,Combined TRACON& Tower with Radar,25,84,21,11,141,0,0,4,0,4,25,84,25,11,145,0,42,42,187
04/12/2013,MDT,PA,AEA,EN,Combined TRACON& Tower with Radar,27,90,20,9,146,0,0,0,0,0,27,90,20,9,146,0,0,0,146
04/13/2013,MDT,PA,AEA,EN,Combined TRACON& Tower with Radar,14,60,19,1,94,0,1,14,0,15,14,61,33,1,109,0,0,0,109
04/14/2013,MDT,PA,AEA,EN,Combined TRACON& Tower with Radar,12,75,8,5,100,0,0,17,0,17,12,75,25,5,117,4,0,4,121
04/15/2013,MDT,PA,AEA,EN,Combined TRACON& Tower with Radar,22,88,7,7,124,0,0,6,0,6,22,88,13,7,130,4,0,4,134
04/16/2013,MDT,PA,AEA,EN,Combined TRACON& Tower with Radar,32,87,28,10,157,0,1,10,3,14,32,88,38,13,171,0,16,16,187
04/17/2013,MDT,PA,AEA,EN,Combined TRACON& Tower with Radar,26,81,29,5,141,0,3,5,7,15,26,84,34,12,156,4,12,16,172
04/18/2013,MDT,PA,AEA,EN,Combined TRACON& Tower with Radar,23,84,17,19,143,0,0,1,0,1,23,84,18,19,144,0,0,0,144
04/19/2013,MDT,PA,AEA,EN,Combined TRACON& Tower with Radar,30,87,11,3,131,0,1,2,0,3,30,88,13,3,134,0,0,0,134
04/20/2013,MDT,PA,AEA,EN,Combined TRACON& Tower with Radar,13,66,19,1,99,0,1,8,0,9,13,67,27,1,108,0,0,0,108
04/21/2013,MDT,PA,AEA,EN,Combined TRACON& Tower with Radar,13,73,10,6,102,0,0,19,0,19,13,73,29,6,121,8,0,8,129
04/22/2013,MDT,PA,AEA,EN,Combined TRACON& Tower with Radar,27,81,27,21,156,0,1,12,4,17,27,82,39,25,173,10,44,54,227
04/23/2013,MDT,PA,AEA,EN,Combined TRACON& Tower with Radar,24,87,14,30,155,0,1,7,3,11,24,88,21,33,166,4,22,26,192
04/24/2013,MDT,PA,AEA,EN,Combined TRACON& Tower with Radar,27,91,30,20,168,0,1,2,3,6,27,92,32,23,174,0,0,0,174
04/25/2013,MDT,PA,AEA,EN,Combined TRACON& Tower with Radar,24,96,33,28,181,0,2,11,1,14,24,98,44,29,195,0,42,42,237
04/26/2013,MDT,PA,AEA,EN,Combined TRACON& Tower with Radar,27,82,21,1,131,0,6,21,0,27,27,88,42,1,158,4,4,8,166
04/27/2013,MDT,PA,AEA,EN,Combined TRACON& Tower with Radar,15,58,14,4,91,0,1,13,0,14,15,59,27,4,105,0,0,0,105
04/28/2013,MDT,PA,AEA,EN,Combined TRACON& Tower with Radar,12,75,11,3,101,0,0,13,0,13,12,75,24,3,114,2,0,2,116
04/29/2013,MDT,PA,AEA,EN,Combined TRACON& Tower with Radar,28,88,27,2,145,0,0,2,0,2,28,88,29,2,147,0,0,0,147
04/30/2013,MDT,PA,AEA,EN,Combined TRACON& Tower with Radar,26,87,25,22,160,0,1,3,0,4,26,88,28,22,164,24,20,44,208
05/01/2013,MDT,PA,AEA,EN,Combined TRACON& Tower with Radar,27,88,28,5,148,0,2,10,3,15,27,90,38,8,163,14,0,14,177
05/02/2013,MDT,PA,AEA,EN,Combined TRACON& Tower with Radar,22,88,19,18,147,0,2,16,4,22,22,90,35,22,169,20,36,56,225
05/03/2013,MDT,PA,AEA,EN,Combined TRACON& Tower with Radar,21,83,6,5,115,0,2,11,0,13,21,85,17,5,128,14,16,30,158
05/04/2013,MDT,PA,AEA,EN,Combined TRACON& Tower with Radar,13,56,18,10,97,0,1,13,0,14,13,57,31,10,111,0,0,0,111
05/05/2013,MDT,PA,AEA,EN,Combined TRACON& Tower with Radar,11,74,13,2,100,0,0,14,0,14,11,74,27,2,114,0,0,0,114
05/06/2013,MDT,PA,AEA,EN,Combined TRACON& Tower with Radar,24,83,25,10,142,0,1,3,3,7,24,84,28,13,149,0,42,42,191
05/07/2013,MDT,PA,AEA,EN,Combined TRACON& Tower with Radar,21,90,23,10,144,0,1,4,2,7,21,91,27,12,151,0,14,14,165
05/08/2013,MDT,PA,AEA,EN,Combined TRACON& Tower with Radar,30,97,27,6,160,0,0,2,8,10,30,97,29,14,170,4,8,12,182
05/09/2013,MDT,PA,AEA,EN,Combined TRACON& Tower with Radar,24,92,16,22,154,0,1,3,1,5,24,93,19,23,159,0,20,20,179
05/10/2013,MDT,PA,AEA,EN,Combined TRACON& Tower with Radar,24,78,26,12,140,0,3,7,0,10,24,81,33,12,150,10,4,14,164
05/11/2013,MDT,PA,AEA,EN,Combined TRACON& Tower with Radar,15,58,6,0,79,0,0,1,0,1,15,58,7,0,80,0,0,0,80
05/12/2013,MDT,PA,AEA,EN,Combined TRACON& Tower with Radar,10,66,4,2,82,0,2,6,0,8,10,68,10,2,90,40,0,40,130
05/13/2013,MDT,PA,AEA,EN,Combined TRACON& Tower with Radar,24,88,29,2,143,0,2,5,2,9,24,90,34,4,152,12,2,14,166
05/14/2013,MDT,PA,AEA,EN,Combined TRACON& Tower with Radar,22,88,24,6,140,0,2,17,1,20,22,90,41,7,160,16,12,28,188
05/15/2013,MDT,PA,AEA,EN,Combined TRACON& Tower with Radar,30,83,29,23,165,0,2,14,3,19,30,85,43,26,184,32,28,60,244
05/16/2013,MDT,PA,AEA,EN,Combined TRACON& Tower with Radar,22,89,14,20,145,0,2,7,10,19,22,91,21,30,164,8,38,46,210
05/17/2013,MDT,PA,AEA,EN,Combined TRACON& Tower with Radar,24,88,10,10,132,0,4,16,2,22,24,92,26,12,154,48,20,68,222
05/18/2013,MDT,PA,AEA,EN,Combined TRACON& Tower with Radar,12,56,11,4,83,0,1,6,0,7,12,57,17,4,90,14,0,14,104
05/19/2013,MDT,PA,AEA,EN,Combined TRACON& Tower with Radar,8,66,19,4,97,0,0,0,0,0,8,66,19,4,97,0,0,0,97
05/20/2013,MDT,PA,AEA,EN,Combined TRACON& Tower with Radar,26,88,25,15,154,0,4,3,1,8,26,92,28,16,162,18,16,34,196
05/21/2013,MDT,PA,AEA,EN,Combined TRACON& Tower with Radar,23,88,17,4,132,0,1,14,5,20,23,89,31,9,152,28,4,32,184
05/22/2013,MDT,PA,AEA,EN,Combined TRACON& Tower with Radar,25,87,20,3,135,0,1,13,0,14,25,88,33,3,149,14,2,16,165
05/23/2013,MDT,PA,AEA,EN,Combined TRACON& Tower with Radar,23,78,20,8,129,0,1,2,0,3,23,79,22,8,132,10,2,12,144
05/24/2013,MDT,PA,AEA,EN,Combined TRACON& Tower with Radar,26,91,14,0,131,0,0,1,0,1,26,91,15,0,132,0,0,0,132
05/25/2013,MDT,PA,AEA,EN,Combined TRACON& Tower with Radar,13,54,2,0,69,0,1,0,0,1,13,55,2,0,70,4,0,4,74
05/26/2013,MDT,PA,AEA,EN,Combined TRACON& Tower with Radar,10,47,4,0,61,0,3,6,1,10,10,50,10,1,71,14,0,14,85
05/27/2013,MDT,PA,AEA,EN,Combined TRACON& Tower with Radar,18,70,8,0,96,0,0,12,1,13,18,70,20,1,109,0,0,0,109
05/28/2013,MDT,PA,AEA,EN,Combined TRACON& Tower with Radar,26,93,19,8,146,0,2,1,0,3,26,95,20,8,149,0,0,0,149
05/29/2013,MDT,PA,AEA,EN,Combined TRACON& Tower with Radar,25,93,29,26,173,0,1,10,2,13,25,94,39,28,186,18,28,46,232
05/30/2013,MDT,PA,AEA,EN,Combined TRACON& Tower with Radar,21,88,29,40,178,0,3,10,9,22,21,91,39,49,200,16,28,44,244
05/31/2013,MDT,PA,AEA,EN,Combined TRACON& Tower with Radar,25,85,16,25,151,0,2,7,4,13,25,87,23,29,164,0,44,44,208
06/01/2013,MDT,PA,AEA,EN,Combined TRACON& Tower with Radar,14,53,15,2,84,0,1,10,0,11,14,54,25,2,95,0,0,0,95
06/02/2013,MDT,PA,AEA,EN,Combined TRACON& Tower with Radar,10,84,9,0,103,0,0,10,0,10,10,84,19,0,113,8,0,8,121
06/03/2013,MDT,PA,AEA,EN,Combined TRACON& Tower with Radar,43,90,25,26,184,0,4,6,2,12,43,94,31,28,196,6,10,16,212
06/04/2013,MDT,PA,AEA,EN,Combined TRACON& Tower with Radar,18,84,14,22,138,0,3,11,2,16,18,87,25,24,154,12,22,34,188
06/05/2013,MDT,PA,AEA,EN,Combined TRACON& Tower with Radar,26,68,21,15,130,0,2,8,0,10,26,70,29,15,140,2,14,16,156
06/06/2013,MDT,PA,AEA,EN,Combined TRACON& Tower with Radar,24,88,24,13,149,0,2,2,0,4,24,90,26,13,153,0,0,0,153
06/07/2013,MDT,PA,AEA,EN,Combined TRACON& Tower with Radar,23,83,14,10,130,0,0,1,0,1,23,83,15,10,131,0,0,0,131
06/08/2013,MDT,PA,AEA,EN,Combined TRACON& Tower with Radar,15,54,9,6,84,0,0,5,0,5,15,54,14,6,89,0,0,0,89
06/09/2013,MDT,PA,AEA,EN,Combined TRACON& Tower with Radar,12,67,8,2,89,0,1,10,0,11,12,68,18,2,100,10,0,10,110
06/10/2013,MDT,PA,AEA,EN,Combined TRACON& Tower with Radar,25,85,16,3,129,0,0,0,1,1,25,85,16,4,130,0,0,0,130
06/11/2013,MDT,PA,AEA,EN,Combined TRACON& Tower with Radar,27,92,20,35,174,0,1,4,8,13,27,93,24,43,187,16,26,42,229
06/12/2013,MDT,PA,AEA,EN,Combined TRACON& Tower with Radar,28,88,24,29,169,0,2,12,10,24,28,90,36,39,193,14,0,14,207
06/13/2013,MDT,PA,AEA,EN,Combined TRACON& Tower with Radar,33,88,12,13,146,0,0,0,5,5,33,88,12,18,151,0,14,14,165
06/14/2013,MDT,PA,AEA,EN,Combined TRACON& Tower with Radar,27,86,16,11,140,0,1,5,9,15,27,87,21,20,155,0,0,0,155
06/15/2013,MDT,PA,AEA,EN,Combined TRACON& Tower with Radar,16,56,19,5,96,0,1,15,0,16,16,57,34,5,112,20,0,20,132
06/16/2013,MDT,PA,AEA,EN,Combined TRACON& Tower with Radar,16,74,9,5,104,0,2,7,2,11,16,76,16,7,115,10,0,10,125
06/17/2013,MDT,PA,AEA,EN,Combined TRACON& Tower with Radar,29,90,20,27,166,0,3,12,4,19,29,93,32,31,185,0,8,8,193
06/18/2013,MDT,PA,AEA,EN,Combined TRACON& Tower with Radar,35,100,14,15,164,0,2,6,17,25,35,102,20,32,189,0,68,68,257
06/19/2013,MDT,PA,AEA,EN,Combined TRACON& Tower with Radar,31,92,21,39,183,0,4,12,5,21,31,96,33,44,204,16,36,52,256
06/20/2013,MDT,PA,AEA,EN,Combined TRACON& Tower with Radar,29,95,32,5,161,0,2,8,1,11,29,97,40,6,172,10,8,18,190
06/21/2013,MDT,PA,AEA,EN,Combined TRACON& Tower with Radar,25,101,20,35,181,0,1,7,2,10,25,102,27,37,191,2,30,32,223
06/22/2013,MDT,PA,AEA,EN,Combined TRACON& Tower with Radar,14,59,22,2,97,0,1,7,1,9,14,60,29,3,106,0,0,0,106
06/23/2013,MDT,PA,AEA,EN,Combined TRACON& Tower with Radar,15,71,13,3,102,0,2,8,0,10,15,73,21,3,112,12,0,12,124
06/24/2013,MDT,PA,AEA,EN,Combined TRACON& Tower with Radar,25,83,25,17,150,0,1,4,0,5,25,84,29,17,155,0,0,0,155
06/25/2013,MDT,PA,AEA,EN,Combined TRACON& Tower with Radar,24,83,19,28,154,0,2,10,1,13,24,85,29,29,167,0,28,28,195
06/26/2013,MDT,PA,AEA,EN,Combined TRACON& Tower with Radar,31,80,17,24,152,0,2,6,3,11,31,82,23,27,163,0,30,30,193
06/27/2013,MDT,PA,AEA,EN,Combined TRACON& Tower with Radar,30,92,24,20,166,0,1,0,1,2,30,93,24,21,168,0,20,20,188
06/28/2013,MDT,PA,AEA,EN,Combined TRACON& Tower with Radar,23,86,10,19,138,0,1,2,0,3,23,87,12,19,141,0,6,6,147
06/29/2013,MDT,PA,AEA,EN,Combined TRACON& Tower with Radar,18,62,0,2,82,0,2,4,0,6,18,64,4,2,88,0,0,0,88
06/30/2013,MDT,PA,AEA,EN,Combined TRACON& Tower with Radar,20,82,10,0,112,0,0,5,0,5,20,82,15,0,117,0,0,0,117
07/01/2013,MDT,PA,AEA,EN,Combined TRACON& Tower with Radar,29,78,12,17,136,0,0,2,0,2,29,78,14,17,138,14,40,54,192
07/02/2013,MDT,PA,AEA,EN,Combined TRACON& Tower with Radar,23,74,10,25,132,0,2,0,0,2,23,76,10,25,134,0,32,32,166
07/03/2013,MDT,PA,AEA,EN,Combined TRACON& Tower with Radar,27,84,10,9,130,0,1,1,1,3,27,85,11,10,133,0,0,0,133
07/04/2013,MDT,PA,AEA,EN,Combined TRACON& Tower with Radar,12,47,6,2,67,0,0,4,0,4,12,47,10,2,71,0,0,0,71
07/05/2013,MDT,PA,AEA,EN,Combined TRACON& Tower with Radar,27,59,6,1,93,0,4,9,0,13,27,63,15,1,106,0,0,0,106
07/06/2013,MDT,PA,AEA,EN,Combined TRACON& Tower with Radar,18,62,5,1,86,0,1,3,0,4,18,63,8,1,90,0,0,0,90
07/07/2013,MDT,PA,AEA,EN,Combined TRACON& Tower with Radar,18,68,11,0,97,0,0,12,0,12,18,68,23,0,109,0,0,0,109
07/08/2013,MDT,PA,AEA,EN,Combined TRACON& Tower with Radar,26,75,21,11,133,0,2,3,4,9,26,77,24,15,142,8,10,18,160
07/09/2013,MDT,PA,AEA,EN,Combined TRACON& Tower with Radar,26,82,23,30,161,0,1,5,3,9,26,83,28,33,170,12,30,42,212
07/10/2013,MDT,PA,AEA,EN,Combined TRACON& Tower with Radar,28,74,21,24,147,0,1,4,4,9,28,75,25,28,156,0,34,34,190
07/11/2013,MDT,PA,AEA,EN,Combined TRACON& Tower with Radar,30,72,33,23,158,0,4,14,5,23,30,76,47,28,181,8,32,40,221
07/12/2013,MDT,PA,AEA,EN,Combined TRACON& Tower with Radar,27,77,17,1,122,0,2,4,0,6,27,79,21,1,128,26,0,26,154
07/13/2013,MDT,PA,AEA,EN,Combined TRACON& Tower with Radar,19,61,18,3,101,0,0,1,0,1,19,61,19,3,102,0,0,0,102
07/14/2013,MDT,PA,AEA,EN,Combined TRACON& Tower with Radar,15,72,18,3,108,0,0,26,0,26,15,72,44,3,134,36,2,38,172
07/15/2013,MDT,PA,AEA,EN,Combined TRACON& Tower with Radar,27,89,21,4,141,0,1,12,0,13,27,90,33,4,154,0,0,0,154
07/16/2013,MDT,PA,AEA,EN,Combined TRACON& Tower with Radar,20,56,13,9,98,0,3,11,1,15,20,59,24,10,113,0,40,40,153
07/17/2013,MDT,PA,AEA,EN,Combined TRACON& Tower with Radar,24,87,25,12,148,0,2,13,3,18,24,89,38,15,166,0,24,24,190
07/18/2013,MDT,PA,AEA,EN,Combined TRACON& Tower with Radar,27,86,30,17,160,0,2,14,6,22,27,88,44,23,182,14,6,20,202
07/19/2013,MDT,PA,AEA,EN,Combined TRACON& Tower with Radar,32,78,9,10,129,0,6,14,0,20,32,84,23,10,149,8,0,8,157
07/20/2013,MDT,PA,AEA,EN,Combined TRACON& Tower with Radar,20,57,9,10,96,0,1,3,0,4,20,58,12,10,100,0,0,0,100
07/21/2013,MDT,PA,AEA,EN,Combined TRACON& Tower with Radar,23,71,9,6,109,0,1,8,3,12,23,72,17,9,121,8,4,12,133
07/22/2013,MDT,PA,AEA,EN,Combined TRACON& Tower with Radar,17,64,9,16,106,0,0,4,0,4,17,64,13,16,110,4,0,4,114
07/23/2013,MDT,PA,AEA,EN,Combined TRACON& Tower with Radar,22,74,12,13,121,0,1,4,10,15,22,75,16,23,136,0,6,6,142
07/24/2013,MDT,PA,AEA,EN,Combined TRACON& Tower with Radar,28,85,18,14,145,0,2,7,0,9,28,87,25,14,154,0,34,34,188
07/25/2013,MDT,PA,AEA,EN,Combined TRACON& Tower with Radar,24,83,24,46,177,0,2,15,3,20,24,85,39,49,197,20,24,44,241
07/26/2013,MDT,PA,AEA,EN,Combined TRACON& Tower with Radar,28,80,13,35,156,0,2,6,3,11,28,82,19,38,167,6,26,32,199
07/27/2013,MDT,PA,AEA,EN,Combined TRACON& Tower with Radar,19,63,6,2,90,0,4,9,0,13,19,67,15,2,103,0,0,0,103
07/28/2013,MDT,PA,AEA,EN,Combined TRACON& Tower with Radar,29,71,13,0,113,0,0,4,0,4,29,71,17,0,117,0,0,0,117
07/29/2013,MDT,PA,AEA,EN,Combined TRACON& Tower with Radar,26,81,21,25,153,0,1,5,2,8,26,82,26,27,161,6,6,12,173
07/30/2013,MDT,PA,AEA,EN,Combined TRACON& Tower with Radar,26,75,16,15,132,0,3,22,7,32,26,78,38,22,164,2,14,16,180
07/31/2013,MDT,PA,AEA,EN,Combined TRACON& Tower with Radar,26,84,30,11,151,0,2,9,10,21,26,86,39,21,172,12,14,26,198
08/01/2013,MDT,PA,AEA,EN,Combined TRACON& Tower with Radar,32,87,33,19,171,0,1,2,11,14,32,88,35,30,185,16,18,34,219
08/02/2013,MDT,PA,AEA,EN,Combined TRACON& Tower with Radar,29,78,12,28,147,0,2,14,12,28,29,80,26,40,175,0,28,28,203
08/03/2013,MDT,PA,AEA,EN,Combined TRACON& Tower with Radar,19,55,8,2,84,0,1,2,0,3,19,56,10,2,87,0,0,0,87
08/04/2013,MDT,PA,AEA,EN,Combined TRACON& Tower with Radar,16,73,17,3,109,0,1,16,1,18,16,74,33,4,127,14,2,16,143
08/05/2013,MDT,PA,AEA,EN,Combined TRACON& Tower with Radar,30,86,26,31,173,0,1,13,3,17,30,87,39,34,190,18,34,52,242
08/06/2013,MDT,PA,AEA,EN,Combined TRACON& Tower with Radar,24,80,21,2,127,0,2,1,2,5,24,82,22,4,132,4,0,4,136
08/07/2013,MDT,PA,AEA,EN,Combined TRACON& Tower with Radar,31,78,32,10,151,0,0,0,0,0,31,78,32,10,151,0,0,0,151
08/08/2013,MDT,PA,AEA,EN,Combined TRACON& Tower with Radar,26,82,27,16,151,0,1,1,0,2,26,83,28,16,153,0,12,12,165
08/09/2013,MDT,PA,AEA,EN,Combined TRACON& Tower with Radar,28,81,15,5,129,0,1,7,1,9,28,82,22,6,138,0,0,0,138
08/10/2013,MDT,PA,AEA,EN,Combined TRACON& Tower with Radar,17,57,13,5,92,0,2,10,0,12,17,59,23,5,104,0,0,0,104
08/11/2013,MDT,PA,AEA,EN,Combined TRACON& Tower with Radar,17,68,12,5,102,0,0,11,2,13,17,68,23,7,115,0,0,0,115
08/12/2013,MDT,PA,AEA,EN,Combined TRACON& Tower with Radar,27,81,24,8,140,0,1,8,4,13,27,82,32,12,153,0,0,0,153
08/13/2013,MDT,PA,AEA,EN,Combined TRACON& Tower with Radar,32,84,14,43,173,0,1,4,6,11,32,85,18,49,184,0,40,40,224
08/14/2013,MDT,PA,AEA,EN,Combined TRACON& Tower with Radar,24,86,20,26,156,0,5,19,0,24,24,91,39,26,180,0,36,36,216
08/15/2013,MDT,PA,AEA,EN,Combined TRACON& Tower with Radar,34,80,17,30,161,0,2,18,4,24,34,82,35,34,185,0,64,64,249
08/16/2013,MDT,PA,AEA,EN,Combined TRACON& Tower with Radar,25,88,20,21,154,0,3,17,2,22,25,91,37,23,176,14,20,34,210
08/17/2013,MDT,PA,AEA,EN,Combined TRACON& Tower with Radar,15,62,18,3,98,0,1,16,0,17,15,63,34,3,115,18,0,18,133
08/18/2013,MDT,PA,AEA,EN,Combined TRACON& Tower with Radar,17,67,3,6,93,0,0,6,0,6,17,67,9,6,99,28,0,28,127
08/19/2013,MDT,PA,AEA,EN,Combined TRACON& Tower with Radar,27,82,17,7,133,0,1,9,2,12,27,83,26,9,145,24,0,24,169
08/20/2013,MDT,PA,AEA,EN,Combined TRACON& Tower with Radar,27,97,29,20,173,0,4,10,2,16,27,101,39,22,189,10,30,40,229
08/21/2013,MDT,PA,AEA,EN,Combined TRACON& Tower with Radar,27,90,17,46,180,0,6,4,3,13,27,96,21,49,193,0,30,30,223
08/22/2013,MDT,PA,AEA,EN,Combined TRACON& Tower with Radar,42,82,14,60,198,0,1,1,2,4,42,83,15,62,202,0,60,60,262
08/23/2013,MDT,PA,AEA,EN,Combined TRACON& Tower with Radar,19,70,8,14,111,0,2,5,0,7,19,72,13,14,118,0,8,8,126
08/24/2013,MDT,PA,AEA,EN,Combined TRACON& Tower with Radar,13,51,12,2,78,0,1,15,0,16,13,52,27,2,94,2,0,2,96
08/25/2013,MDT,PA,AEA,EN,Combined TRACON& Tower with Radar,18,66,12,2,98,0,0,12,0,12,18,66,24,2,110,12,0,12,122
08/26/2013,MDT,PA,AEA,EN,Combined TRACON& Tower with Radar,21,81,18,0,120,0,3,2,2,7,21,84,20,2,127,0,0,0,127
08/27/2013,MDT,PA,AEA,EN,Combined TRACON& Tower with Radar,24,85,15,15,139,0,4,8,0,12,24,89,23,15,151,0,10,10,161
08/28/2013,MDT,PA,AEA,EN,Combined TRACON& Tower with Radar,31,93,22,2,148,0,1,0,0,1,31,94,22,2,149,18,0,18,167
08/29/2013,MDT,PA,AEA,EN,Combined TRACON& Tower with Radar,30,87,21,4,142,0,0,1,0,1,30,87,22,4,143,0,0,0,143
08/30/2013,MDT,PA,AEA,EN,Combined TRACON& Tower with Radar,22,80,16,1,119,0,1,10,0,11,22,81,26,1,130,0,0,0,130
08/31/2013,MDT,PA,AEA,EN,Combined TRACON& Tower with Radar,16,43,4,0,63,0,1,3,0,4,16,44,7,0,67,0,0,0,67
09/01/2013,MDT,PA,AEA,EN,Combined TRACON& Tower with Radar,20,44,5,5,74,0,0,10,0,10,20,44,15,5,84,12,0,12,96
09/02/2013,MDT,PA,AEA,EN,Combined TRACON& Tower with Radar,29,70,8,2,109,0,0,12,0,12,29,70,20,2,121,4,0,4,125
09/03/2013,MDT,PA,AEA,EN,Combined TRACON& Tower with Radar,23,79,20,16,138,0,0,15,0,15,23,79,35,16,153,22,12,34,187
09/04/2013,MDT,PA,AEA,EN,Combined TRACON& Tower with Radar,23,78,14,14,129,0,0,14,1,15,23,78,28,15,144,2,12,14,158
09/05/2013,MDT,PA,AEA,EN,Combined TRACON& Tower with Radar,29,82,16,7,134,0,1,5,0,6,29,83,21,7,140,0,0,0,140
09/06/2013,MDT,PA,AEA,EN,Combined TRACON& Tower with Radar,22,86,18,12,138,0,3,10,0,13,22,89,28,12,151,0,0,0,151
09/07/2013,MDT,PA,AEA,EN,Combined TRACON& Tower with Radar,16,50,9,0,75,0,1,15,0,16,16,51,24,0,91,12,0,12,103
09/08/2013,MDT,PA,AEA,EN,Combined TRACON& Tower with Radar,15,73,7,2,97,0,0,6,0,6,15,73,13,2,103,2,0,2,105
09/09/2013,MDT,PA,AEA,EN,Combined TRACON& Tower with Radar,22,86,17,16,141,0,0,2,0,2,22,86,19,16,143,10,22,32,175
09/10/2013,MDT,PA,AEA,EN,Combined TRACON& Tower with Radar,23,81,20,14,138,0,0,5,1,6,23,81,25,15,144,2,6,8,152
09/11/2013,MDT,PA,AEA,EN,Combined TRACON& Tower with Radar,24,88,14,14,140,0,1,6,4,11,24,89,20,18,151,0,20,20,171
09/12/2013,MDT,PA,AEA,EN,Combined TRACON& Tower with Radar,29,84,24,15,152,0,2,2,3,7,29,86,26,18,159,0,22,22,181
09/13/2013,MDT,PA,AEA,EN,Combined TRACON& Tower with Radar,26,81,13,1,121,0,0,5,0,5,26,81,18,1,126,4,0,4,130
09/14/2013,MDT,PA,AEA,EN,Combined TRACON& Tower with Radar,12,45,7,0,64,0,0,3,0,3,12,45,10,0,67,2,0,2,69
09/15/2013,MDT,PA,AEA,EN,Combined TRACON& Tower with Radar,16,71,8,4,99,0,0,14,0,14,16,71,22,4,113,28,0,28,141
09/16/2013,MDT,PA,AEA,EN,Combined TRACON& Tower with Radar,22,79,24,6,131,0,0,5,0,5,22,79,29,6,136,24,0,24,160
09/17/2013,MDT,PA,AEA,EN,Combined TRACON& Tower with Radar,22,86,21,8,137,0,0,18,3,21,22,86,39,11,158,28,0,28,186
09/18/2013,MDT,PA,AEA,EN,Combined TRACON& Tower with Radar,26,78,30,13,147,0,0,22,12,34,26,78,52,25,181,1,19,20,201
09/19/2013,MDT,PA,AEA,EN,Combined TRACON& Tower with Radar,33,80,10,19,142,0,0,16,4,20,33,80,26,23,162,32,46,78,240
09/20/2013,MDT,PA,AEA,EN,Combined TRACON& Tower with Radar,26,85,15,9,135,0,1,6,3,10,26,86,21,12,145,0,0,0,145
09/21/2013,MDT,PA,AEA,EN,Combined TRACON& Tower with Radar,18,52,8,6,84,0,0,0,0,0,18,52,8,6,84,0,0,0,84
09/22/2013,MDT,PA,AEA,EN,Combined TRACON& Tower with Radar,16,69,18,0,103,0,0,4,0,4,16,69,22,0,107,4,0,4,111
09/23/2013,MDT,PA,AEA,EN,Combined TRACON& Tower with Radar,26,81,26,1,134,0,0,6,4,10,26,81,32,5,144,6,0,6,150
09/24/2013,MDT,PA,AEA,EN,Combined TRACON& Tower with Radar,23,89,21,4,137,0,2,14,3,19,23,91,35,7,156,6,6,12,168
09/25/2013,MDT,PA,AEA,EN,Combined TRACON& Tower with Radar,27,80,31,29,167,0,0,9,1,10,27,80,40,30,177,2,36,38,215
09/26/2013,MDT,PA,AEA,EN,Combined TRACON& Tower with Radar,29,81,22,19,151,0,0,7,3,10,29,81,29,22,161,6,14,20,181
09/27/2013,MDT,PA,AEA,EN,Combined TRACON& Tower with Radar,22,82,23,15,142,0,0,3,0,3,22,82,26,15,145,0,12,12,157
09/28/2013,MDT,PA,AEA,EN,Combined TRACON& Tower with Radar,15,46,10,1,72,0,0,9,0,9,15,46,19,1,81,2,0,2,83
09/29/2013,MDT,PA,AEA,EN,Combined TRACON& Tower with Radar,16,72,18,0,106,0,0,19,0,19,16,72,37,0,125,24,0,24,149
09/30/2013,MDT,PA,AEA,EN,Combined TRACON& Tower with Radar,20,78,23,8,129,0,2,7,0,9,20,80,30,8,138,8,2,10,148
10/01/2013,MDT,PA,AEA,EN,Combined TRACON& Tower with Radar,23,82,27,17,149,0,0,12,1,13,23,82,39,18,162,6,22,28,190
10/02/2013,MDT,PA,AEA,EN,Combined TRACON& Tower with Radar,27,82,28,27,164,0,0,9,2,11,27,82,37,29,175,10,12,22,197
10/03/2013,MDT,PA,AEA,EN,Combined TRACON& Tower with Radar,27,84,10,6,127,0,4,13,4,21,27,88,23,10,148,6,10,16,164
10/04/2013,MDT,PA,AEA,EN,Combined TRACON& Tower with Radar,24,86,16,31,157,0,1,7,0,8,24,87,23,31,165,14,46,60,225
10/05/2013,MDT,PA,AEA,EN,Combined TRACON& Tower with Radar,15,46,3,0,64,0,0,6,0,6,15,46,9,0,70,0,0,0,70
10/06/2013,MDT,PA,AEA,EN,Combined TRACON& Tower with Radar,16,68,21,0,105,0,1,1,0,2,16,69,22,0,107,0,0,0,107
10/07/2013,MDT,PA,AEA,EN,Combined TRACON& Tower with Radar,31,79,11,10,131,0,1,2,0,3,31,80,13,10,134,0,20,20,154
10/08/2013,MDT,PA,AEA,EN,Combined TRACON& Tower with Radar,28,79,29,36,172,0,0,13,2,15,28,79,42,38,187,30,38,68,255
10/09/2013,MDT,PA,AEA,EN,Combined TRACON& Tower with Radar,28,84,29,34,175,0,0,12,4,16,28,84,41,38,191,12,32,44,235
10/10/2013,MDT,PA,AEA,EN,Combined TRACON& Tower with Radar,32,86,47,26,191,0,0,0,0,0,32,86,47,26,191,0,28,28,219
10/11/2013,MDT,PA,AEA,EN,Combined TRACON& Tower with Radar,27,86,29,22,164,0,0,0,0,0,27,86,29,22,164,0,0,0,164
10/12/2013,MDT,PA,AEA,EN,Combined TRACON& Tower with Radar,14,50,22,1,87,0,0,9,0,9,14,50,31,1,96,0,0,0,96
10/13/2013,MDT,PA,AEA,EN,Combined TRACON& Tower with Radar,14,79,24,0,117,0,0,9,0,9,14,79,33,0,126,20,0,20,146
10/14/2013,MDT,PA,AEA,EN,Combined TRACON& Tower with Radar,24,82,31,0,137,0,0,5,0,5,24,82,36,0,142,0,0,0,142
10/15/2013,MDT,PA,AEA,EN,Combined TRACON& Tower with Radar,25,84,23,10,142,0,2,11,0,13,25,86,34,10,155,24,6,30,185
10/16/2013,MDT,PA,AEA,EN,Combined TRACON& Tower with Radar,28,85,28,29,170,0,1,1,7,9,28,86,29,36,179,26,28,54,233
10/17/2013,MDT,PA,AEA,EN,Combined TRACON& Tower with Radar,29,83,29,38,179,0,0,3,1,4,29,83,32,39,183,16,26,42,225
10/18/2013,MDT,PA,AEA,EN,Combined TRACON& Tower with Radar,27,84,16,7,134,0,0,5,5,10,27,84,21,12,144,0,16,16,160
10/19/2013,MDT,PA,AEA,EN,Combined TRACON& Tower with Radar,15,49,7,14,85,0,0,9,0,9,15,49,16,14,94,0,12,12,106
10/20/2013,MDT,PA,AEA,EN,Combined TRACON& Tower with Radar,15,71,15,5,106,0,0,21,0,21,15,71,36,5,127,14,0,14,141
10/21/2013,MDT,PA,AEA,EN,Combined TRACON& Tower with Radar,26,81,16,18,141,0,0,13,5,18,26,81,29,23,159,16,52,68,227
10/22/2013,MDT,PA,AEA,EN,Combined TRACON& Tower with Radar,25,81,22,39,167,0,0,14,4,18,25,81,36,43,185,10,16,26,211
10/23/2013,MDT,PA,AEA,EN,Combined TRACON& Tower with Radar,27,90,19,25,161,0,0,6,17,23,27,90,25,42,184,0,32,32,216
10/24/2013,MDT,PA,AEA,EN,Combined TRACON& Tower with Radar,27,83,8,9,127,0,2,7,11,20,27,85,15,20,147,6,40,46,193
10/25/2013,MDT,PA,AEA,EN,Combined TRACON& Tower with Radar,27,85,16,7,135,0,0,7,1,8,27,85,23,8,143,0,0,0,143
10/26/2013,MDT,PA,AEA,EN,Combined TRACON& Tower with Radar,14,42,7,3,66,0,0,11,1,12,14,42,18,4,78,2,0,2,80
10/27/2013,MDT,PA,AEA,EN,Combined TRACON& Tower with Radar,12,71,5,0,88,0,0,8,6,14,12,71,13,6,102,0,10,10,112
10/28/2013,MDT,PA,AEA,EN,Combined TRACON& Tower with Radar,24,86,38,5,153,0,0,14,0,14,24,86,52,5,167,22,2,24,191
10/29/2013,MDT,PA,AEA,EN,Combined TRACON& Tower with Radar,25,86,23,20,154,0,0,10,4,14,25,86,33,24,168,20,10,30,198
10/30/2013,MDT,PA,AEA,EN,Combined TRACON& Tower with Radar,29,82,19,26,156,0,0,4,8,12,29,82,23,34,168,20,10,30,198
10/31/2013,MDT,PA,AEA,EN,Combined TRACON& Tower with Radar,23,73,23,2,121,0,0,0,0,0,23,73,23,2,121,0,0,0,121
11/01/2013,MDT,PA,AEA,EN,Combined TRACON& Tower with Radar,28,77,10,2,117,0,0,5,1,6,28,77,15,3,123,0,0,0,123
11/02/2013,MDT,PA,AEA,EN,Combined TRACON& Tower with Radar,15,47,14,2,78,0,0,11,1,12,15,47,25,3,90,0,0,0,90
11/03/2013,MDT,PA,AEA,EN,Combined TRACON& Tower with Radar,13,63,10,2,88,0,2,12,0,14,13,65,22,2,102,10,0,10,112
11/04/2013,MDT,PA,AEA,EN,Combined TRACON& Tower with Radar,27,80,17,18,142,0,0,11,1,12,27,80,28,19,154,2,12,14,168
11/05/2013,MDT,PA,AEA,EN,Combined TRACON& Tower with Radar,23,75,18,35,151,0,0,9,4,13,23,75,27,39,164,4,20,24,188
11/06/2013,MDT,PA,AEA,EN,Combined TRACON& Tower with Radar,26,89,37,9,161,0,0,3,0,3,26,89,40,9,164,30,0,30,194
11/07/2013,MDT,PA,AEA,EN,Combined TRACON& Tower with Radar,24,86,16,24,150,0,0,0,0,0,24,86,16,24,150,0,8,8,158
11/08/2013,MDT,PA,AEA,EN,Combined TRACON& Tower with Radar,29,81,14,4,128,0,0,4,1,5,29,81,18,5,133,0,0,0,133
11/09/2013,MDT,PA,AEA,EN,Combined TRACON& Tower with Radar,17,48,10,0,75,0,0,14,0,14,17,48,24,0,89,0,0,0,89
11/10/2013,MDT,PA,AEA,EN,Combined TRACON& Tower with Radar,12,70,4,0,86,0,0,2,0,2,12,70,6,0,88,0,0,0,88
11/11/2013,MDT,PA,AEA,EN,Combined TRACON& Tower with Radar,24,77,24,0,125,0,2,6,0,8,24,79,30,0,133,2,0,2,135
11/12/2013,MDT,PA,AEA,EN,Combined TRACON& Tower with Radar,26,78,22,4,130,0,0,7,0,7,26,78,29,4,137,0,0,0,137
11/13/2013,MDT,PA,AEA,EN,Combined TRACON& Tower with Radar,27,81,9,33,150,0,0,8,9,17,27,81,17,42,167,12,48,60,227
11/14/2013,MDT,PA,AEA,EN,Combined TRACON& Tower with Radar,27,86,22,6,141,0,3,9,1,13,27,89,31,7,154,2,10,12,166
11/15/2013,MDT,PA,AEA,EN,Combined TRACON& Tower with Radar,30,89,21,7,147,0,0,14,0,14,30,89,35,7,161,0,0,0,161
11/16/2013,MDT,PA,AEA,EN,Combined TRACON& Tower with Radar,17,51,9,7,84,0,0,7,1,8,17,51,16,8,92,0,18,18,110
11/17/2013,MDT,PA,AEA,EN,Combined TRACON& Tower with Radar,13,55,11,2,81,0,0,0,0,0,13,55,11,2,81,0,0,0,81
11/18/2013,MDT,PA,AEA,EN,Combined TRACON& Tower with Radar,26,81,16,22,145,0,0,2,2,4,26,81,18,24,149,0,8,8,157
11/19/2013,MDT,PA,AEA,EN,Combined TRACON& Tower with Radar,24,78,17,23,142,0,0,8,1,9,24,78,25,24,151,0,24,24,175
11/20/2013,MDT,PA,AEA,EN,Combined TRACON& Tower with Radar,29,94,24,30,177,0,0,11,13,24,29,94,35,43,201,4,64,68,269
11/21/2013,MDT,PA,AEA,EN,Combined TRACON& Tower with Radar,25,86,24,24,159,0,2,2,0,4,25,88,26,24,163,0,14,14,177
11/22/2013,MDT,PA,AEA,EN,Combined TRACON& Tower with Radar,30,89,18,0,137,0,0,2,1,3,30,89,20,1,140,0,7,7,147
11/23/2013,MDT,PA,AEA,EN,Combined TRACON& Tower with Radar,16,49,6,0,71,0,0,4,0,4,16,49,10,0,75,0,0,0,75
11/24/2013,MDT,PA,AEA,EN,Combined TRACON& Tower with Radar,13,66,6,8,93,0,0,6,0,6,13,66,12,8,99,2,0,2,101
11/25/2013,MDT,PA,AEA,EN,Combined TRACON& Tower with Radar,28,77,16,17,138,0,0,6,0,6,28,77,22,17,144,12,0,12,156
11/26/2013,MDT,PA,AEA,EN,Combined TRACON& Tower with Radar,28,85,6,2,121,0,0,0,0,0,28,85,6,2,121,0,0,0,121
11/27/2013,MDT,PA,AEA,EN,Combined TRACON& Tower with Radar,35,83,4,0,122,0,0,0,0,0,35,83,4,0,122,0,0,0,122
11/28/2013,MDT,PA,AEA,EN,Combined TRACON& Tower with Radar,9,31,1,0,41,0,0,1,0,1,9,31,2,0,42,0,0,0,42
11/29/2013,MDT,PA,AEA,EN,Combined TRACON& Tower with Radar,25,35,9,1,70,0,1,6,0,7,25,36,15,1,77,0,0,0,77
11/30/2013,MDT,PA,AEA,EN,Combined TRACON& Tower with Radar,19,61,5,0,85,0,0,6,0,6,19,61,11,0,91,6,0,6,97
12/01/2013,MDT,PA,AEA,EN,Combined TRACON& Tower with Radar,18,79,6,1,104,0,0,8,0,8,18,79,14,1,112,8,0,8,120
12/02/2013,MDT,PA,AEA,EN,Combined TRACON& Tower with Radar,24,83,22,21,150,0,0,3,6,9,24,83,25,27,159,2,6,8,167
12/03/2013,MDT,PA,AEA,EN,Combined TRACON& Tower with Radar,24,84,22,20,150,0,1,3,0,4,24,85,25,20,154,4,0,4,158
12/04/2013,MDT,PA,AEA,EN,Combined TRACON& Tower with Radar,28,79,22,12,141,0,0,0,1,1,28,79,22,13,142,0,2,2,144
12/05/2013,MDT,PA,AEA,EN,Combined TRACON& Tower with Radar,27,76,27,17,147,0,0,0,0,0,27,76,27,17,147,0,0,0,147
12/06/2013,MDT,PA,AEA,EN,Combined TRACON& Tower with Radar,27,75,12,20,134,0,0,2,0,2,27,75,14,20,136,0,0,0,136
12/07/2013,MDT,PA,AEA,EN,Combined TRACON& Tower with Radar,12,44,3,6,65,0,0,6,3,9,12,44,9,9,74,6,0,6,80
12/08/2013,MDT,PA,AEA,EN,Combined TRACON& Tower with Radar,10,39,8,6,63,0,0,2,0,2,10,39,10,6,65,0,0,0,65
12/09/2013,MDT,PA,AEA,EN,Combined TRACON& Tower with Radar,27,64,21,4,116,0,0,0,0,0,27,64,21,4,116,0,0,0,116
12/10/2013,MDT,PA,AEA,EN,Combined TRACON& Tower with Radar,26,75,29,2,132,0,1,1,0,2,26,76,30,2,134,0,0,0,134
12/11/2013,MDT,PA,AEA,EN,Combined TRACON& Tower with Radar,31,76,16,18,141,0,0,8,2,10,31,76,24,20,151,0,4,4,155
12/12/2013,MDT,PA,AEA,EN,Combined TRACON& Tower with Radar,28,79,31,3,141,0,3,14,10,27,28,82,45,13,168,0,22,22,190
12/13/2013,MDT,PA,AEA,EN,Combined TRACON& Tower with Radar,30,76,16,5,127,0,0,10,0,10,30,76,26,5,137,0,0,0,137
12/14/2013,MDT,PA,AEA,EN,Combined TRACON& Tower with Radar,15,28,1,0,44,0,0,1,0,1,15,28,2,0,45,0,0,0,45
12/15/2013,MDT,PA,AEA,EN,Combined TRACON& Tower with Radar,11,66,14,3,94,0,0,0,1,1,11,66,14,4,95,0,0,0,95
12/16/2013,MDT,PA,AEA,EN,Combined TRACON& Tower with Radar,28,74,11,18,131,0,0,4,3,7,28,74,15,21,138,6,8,14,152
12/17/2013,MDT,PA,AEA,EN,Combined TRACON& Tower with Radar,26,78,15,3,122,0,0,0,1,1,26,78,15,4,123,0,12,12,135
12/18/2013,MDT,PA,AEA,EN,Combined TRACON& Tower with Radar,41,81,30,39,191,0,0,5,10,15,41,81,35,49,206,6,54,60,266
12/19/2013,MDT,PA,AEA,EN,Combined TRACON& Tower with Radar,30,75,25,16,146,0,0,13,0,13,30,75,38,16,159,2,34,36,195
12/20/2013,MDT,PA,AEA,EN,Combined TRACON& Tower with Radar,36,76,11,2,125,0,0,3,0,3,36,76,14,2,128,0,0,0,128
12/21/2013,MDT,PA,AEA,EN,Combined TRACON& Tower with Radar,19,53,4,0,76,0,0,0,0,0,19,53,4,0,76,0,0,0,76
12/22/2013,MDT,PA,AEA,EN,Combined TRACON& Tower with Radar,16,54,2,0,72,0,0,1,0,1,16,54,3,0,73,0,0,0,73
12/23/2013,MDT,PA,AEA,EN,Combined TRACON& Tower with Radar,27,63,7,7,104,0,0,1,0,1,27,63,8,7,105,0,6,6,111
12/24/2013,MDT,PA,AEA,EN,Combined TRACON& Tower with Radar,29,48,4,0,81,0,0,2,0,2,29,48,6,0,83,0,0,0,83
12/25/2013,MDT,PA,AEA,EN,Combined TRACON& Tower with Radar,15,30,0,0,45,0,0,2,0,2,15,30,2,0,47,0,0,0,47
12/26/2013,MDT,PA,AEA,EN,Combined TRACON& Tower with Radar,22,66,11,0,99,0,0,2,0,2,22,66,13,0,101,0,0,0,101
12/27/2013,MDT,PA,AEA,EN,Combined TRACON& Tower with Radar,30,69,8,18,125,0,0,8,0,8,30,69,16,18,133,0,38,38,171
12/28/2013,MDT,PA,AEA,EN,Combined TRACON& Tower with Radar,15,53,7,0,75,0,0,13,0,13,15,53,20,0,88,12,0,12,100
12/29/2013,MDT,PA,AEA,EN,Combined TRACON& Tower with Radar,8,68,10,0,86,0,0,0,0,0,8,68,10,0,86,0,0,0,86
12/30/2013,MDT,PA,AEA,EN,Combined TRACON& Tower with Radar,24,62,5,9,100,0,0,6,0,6,24,62,11,9,106,0,20,20,126
12/31/2013,MDT,PA,AEA,EN,Combined TRACON& Tower with Radar,21,59,5,0,85,0,0,0,0,0,21,59,5,0,85,0,0,0,85
01/01/2014,MDT,PA,AEA,EN,Combined TRACON& Tower with Radar,15,39,1,0,55,0,0,4,0,4,15,39,5,0,59,12,0,12,71
01/02/2014,MDT,PA,AEA,EN,Combined TRACON& Tower with Radar,18,51,5,10,84,0,0,0,0,0,18,51,5,10,84,0,0,0,84
01/03/2014,MDT,PA,AEA,EN,Combined TRACON& Tower with Radar,29,61,7,2,99,0,0,0,0,0,29,61,7,2,99,0,0,0,99
01/04/2014,MDT,PA,AEA,EN,Combined TRACON& Tower with Radar,15,46,5,2,68,0,0,3,0,3,15,46,8,2,71,0,2,2,73
01/05/2014,MDT,PA,AEA,EN,Combined TRACON& Tower with Radar,7,42,3,0,52,0,0,0,0,0,7,42,3,0,52,0,0,0,52
01/06/2014,MDT,PA,AEA,EN,Combined TRACON& Tower with Radar,23,58,7,2,90,0,0,0,1,1,23,58,7,3,91,0,0,0,91
01/07/2014,MDT,PA,AEA,EN,Combined TRACON& Tower with Radar,19,58,3,10,90,0,1,0,1,2,19,59,3,11,92,0,0,0,92
01/08/2014,MDT,PA,AEA,EN,Combined TRACON& Tower with Radar,21,75,15,4,115,0,1,4,2,7,21,76,19,6,122,0,0,0,122
01/09/2014,MDT,PA,AEA,EN,Combined TRACON& Tower with Radar,22,77,9,15,123,0,1,16,4,21,22,78,25,19,144,0,24,24,168
01/10/2014,MDT,PA,AEA,EN,Combined TRACON& Tower with Radar,23,64,2,4,93,0,0,0,0,0,23,64,2,4,93,0,0,0,93
01/11/2014,MDT,PA,AEA,EN,Combined TRACON& Tower with Radar,16,47,7,0,70,0,0,0,0,0,16,47,7,0,70,0,0,0,70
01/12/2014,MDT,PA,AEA,EN,Combined TRACON& Tower with Radar,11,69,12,3,95,0,2,9,0,11,11,71,21,3,106,2,0,2,108
01/13/2014,MDT,PA,AEA,EN,Combined TRACON& Tower with Radar,22,77,23,18,140,0,0,11,0,11,22,77,34,18,151,6,14,20,171
01/14/2014,MDT,PA,AEA,EN,Combined TRACON& Tower with Radar,21,75,8,16,120,0,0,0,2,2,21,75,8,18,122,0,0,0,122
01/15/2014,MDT,PA,AEA,EN,Combined TRACON& Tower with Radar,25,68,17,5,115,0,0,0,1,1,25,68,17,6,116,0,0,0,116
01/16/2014,MDT,PA,AEA,EN,Combined TRACON& Tower with Radar,20,80,21,28,149,0,0,8,0,8,20,80,29,28,157,0,6,6,163
01/17/2014,MDT,PA,AEA,EN,Combined TRACON& Tower with Radar,23,75,14,8,120,0,0,5,0,5,23,75,19,8,125,0,30,30,155
01/18/2014,MDT,PA,AEA,EN,Combined TRACON& Tower with Radar,15,47,4,1,67,0,0,2,0,2,15,47,6,1,69,0,0,0,69
01/19/2014,MDT,PA,AEA,EN,Combined TRACON& Tower with Radar,11,54,12,0,77,0,0,7,0,7,11,54,19,0,84,4,0,4,88
01/20/2014,MDT,PA,AEA,EN,Combined TRACON& Tower with Radar,19,77,20,0,116,0,1,0,0,1,19,78,20,0,117,6,0,6,123
01/21/2014,MDT,PA,AEA,EN,Combined TRACON& Tower with Radar,17,49,7,1,74,0,0,0,0,0,17,49,7,1,74,0,0,0,74
01/22/2014,MDT,PA,AEA,EN,Combined TRACON& Tower with Radar,21,76,16,3,116,0,0,7,0,7,21,76,23,3,123,0,0,0,123
01/23/2014,MDT,PA,AEA,EN,Combined TRACON& Tower with Radar,26,92,28,10,156,0,3,3,7,13,26,95,31,17,169,4,2,6,175
01/24/2014,MDT,PA,AEA,EN,Combined TRACON& Tower with Radar,23,71,11,6,111,0,2,3,0,5,23,73,14,6,116,0,10,10,126
01/25/2014,MDT,PA,AEA,EN,Combined TRACON& Tower with Radar,15,39,4,0,58,0,0,1,1,2,15,39,5,1,60,0,0,0,60
01/26/2014,MDT,PA,AEA,EN,Combined TRACON& Tower with Radar,15,54,9,3,81,0,0,3,1,4,15,54,12,4,85,0,0,0,85
01/27/2014,MDT,PA,AEA,EN,Combined TRACON& Tower with Radar,23,65,8,7,103,0,0,0,2,2,23,65,8,9,105,0,0,0,105
01/28/2014,MDT,PA,AEA,EN,Combined TRACON& Tower with Radar,19,81,22,17,139,0,0,8,0,8,19,81,30,17,147,4,12,16,163
01/29/2014,MDT,PA,AEA,EN,Combined TRACON& Tower with Radar,18,68,13,28,127,0,0,1,16,17,18,68,14,44,144,0,30,30,174
01/30/2014,MDT,PA,AEA,EN,Combined TRACON& Tower with Radar,21,77,16,4,118,0,0,3,5,8,21,77,19,9,126,0,14,14,140
01/31/2014,MDT,PA,AEA,EN,Combined TRACON& Tower with Radar,23,87,14,11,135,0,0,10,1,11,23,87,24,12,146,10,4,14,160
02/01/2014,MDT,PA,AEA,EN,Combined TRACON& Tower with Radar,15,41,11,14,81,0,1,7,0,8,15,42,18,14,89,6,4,10,99
02/02/2014,MDT,PA,AEA,EN,Combined TRACON& Tower with Radar,10,54,6,3,73,0,0,6,0,6,10,54,12,3,79,20,0,20,99
02/03/2014,MDT,PA,AEA,EN,Combined TRACON& Tower with Radar,21,66,15,2,104,0,0,0,0,0,21,66,15,2,104,0,0,0,104
02/04/2014,MDT,PA,AEA,EN,Combined TRACON& Tower with Radar,20,78,15,1,114,0,0,6,5,11,20,78,21,6,125,10,8,18,143
02/05/2014,MDT,PA,AEA,EN,Combined TRACON& Tower with Radar,20,58,8,2,88,0,0,0,0,0,20,58,8,2,88,0,0,0,88
02/06/2014,MDT,PA,AEA,EN,Combined TRACON& Tower with Radar,26,82,19,34,161,0,0,3,2,5,26,82,22,36,166,16,14,30,196
02/07/2014,MDT,PA,AEA,EN,Combined TRACON& Tower with Radar,26,82,14,22,144,0,0,6,4,10,26,82,20,26,154,0,10,10,164
02/08/2014,MDT,PA,AEA,EN,Combined TRACON& Tower with Radar,15,46,5,1,67,0,0,11,0,11,15,46,16,1,78,4,0,4,82
02/09/2014,MDT,PA,AEA,EN,Combined TRACON& Tower with Radar,14,46,8,0,68,0,0,2,2,4,14,46,10,2,72,2,0,2,74
02/10/2014,MDT,PA,AEA,EN,Combined TRACON& Tower with Radar,21,82,25,2,130,0,0,3,1,4,21,82,28,3,134,0,0,0,134
02/11/2014,MDT,PA,AEA,EN,Combined TRACON& Tower with Radar,23,77,16,28,144,0,0,8,10,18,23,77,24,38,162,0,50,50,212
02/12/2014,MDT,PA,AEA,EN,Combined TRACON& Tower with Radar,18,65,12,43,138,0,0,2,1,3,18,65,14,44,141,0,28,28,169
02/13/2014,MDT,PA,AEA,EN,Combined TRACON& Tower with Radar,15,12,1,0,28,0,0,0,0,0,15,12,1,0,28,0,0,0,28
02/14/2014,MDT,PA,AEA,EN,Combined TRACON& Tower with Radar,25,70,7,0,102,0,1,0,0,1,25,71,7,0,103,0,0,0,103
02/15/2014,MDT,PA,AEA,EN,Combined TRACON& Tower with Radar,16,55,9,0,80,0,0,0,0,0,16,55,9,0,80,0,0,0,80
02/16/2014,MDT,PA,AEA,EN,Combined TRACON& Tower with Radar,14,60,11,0,85,0,0,8,0,8,14,60,19,0,93,0,0,0,93
02/17/2014,MDT,PA,AEA,EN,Combined TRACON& Tower with Radar,24,70,33,0,127,0,0,10,1,11,24,70,43,1,138,3,0,3,141
02/18/2014,MDT,PA,AEA,EN,Combined TRACON& Tower with Radar,25,74,36,15,150,0,0,3,3,6,25,74,39,18,156,0,2,2,158
02/19/2014,MDT,PA,AEA,EN,Combined TRACON& Tower with Radar,26,78,21,13,138,0,0,2,3,5,26,78,23,16,143,4,4,8,151
02/20/2014,MDT,PA,AEA,EN,Combined TRACON& Tower with Radar,26,78,19,11,134,0,0,16,6,22,26,78,35,17,156,6,13,19,175
02/21/2014,MDT,PA,AEA,EN,Combined TRACON& Tower with Radar,45,86,25,2,158,0,2,7,0,9,45,88,32,2,167,12,0,12,179
02/22/2014,MDT,PA,AEA,EN,Combined TRACON& Tower with Radar,21,45,14,8,88,0,0,10,0,10,21,45,24,8,98,8,0,8,106
02/23/2014,MDT,PA,AEA,EN,Combined TRACON& Tower with Radar,15,58,11,5,89,0,0,16,0,16,15,58,27,5,105,0,0,0,105
02/24/2014,MDT,PA,AEA,EN,Combined TRACON& Tower with Radar,23,76,14,10,123,0,0,6,0,6,23,76,20,10,129,2,2,4,133
02/25/2014,MDT,PA,AEA,EN,Combined TRACON& Tower with Radar,27,74,15,34,150,0,0,6,20,26,27,74,21,54,176,4,46,50,226
02/26/2014,MDT,PA,AEA,EN,Combined TRACON& Tower with Radar,22,74,22,25,143,0,0,5,1,6,22,74,27,26,149,4,18,22,171
02/27/2014,MDT,PA,AEA,EN,Combined TRACON& Tower with Radar,29,76,28,14,147,0,0,6,5,11,29,76,34,19,158,6,0,6,164
02/28/2014,MDT,PA,AEA,EN,Combined TRACON& Tower with Radar,22,78,14,8,122,0,0,6,0,6,22,78,20,8,128,0,18,18,146
03/01/2014,MDT,PA,AEA,EN,Combined TRACON& Tower with Radar,19,40,8,3,70,0,0,4,0,4,19,40,12,3,74,0,0,0,74
03/02/2014,MDT,PA,AEA,EN,Combined TRACON& Tower with Radar,18,55,7,2,82,0,0,2,1,3,18,55,9,3,85,0,0,0,85
03/03/2014,MDT,PA,AEA,EN,Combined TRACON& Tower with Radar,25,59,9,2,95,0,0,0,1,1,25,59,9,3,96,0,0,0,96
03/04/2014,MDT,PA,AEA,EN,Combined TRACON& Tower with Radar,27,73,18,6,124,0,0,2,3,5,27,73,20,9,129,2,8,10,139
03/05/2014,MDT,PA,AEA,EN,Combined TRACON& Tower with Radar,26,70,18,12,126,0,0,5,1,6,26,70,23,13,132,4,2,6,138
03/06/2014,MDT,PA,AEA,EN,Combined TRACON& Tower with Radar,32,71,19,39,161,0,0,3,1,4,32,71,22,40,165,0,56,56,221
03/07/2014,MDT,PA,AEA,EN,Combined TRACON& Tower with Radar,31,62,14,17,124,0,0,10,8,18,31,62,24,25,142,0,16,16,158
03/08/2014,MDT,PA,AEA,EN,Combined TRACON& Tower with Radar,18,41,6,0,65,0,0,10,3,13,18,41,16,3,78,4,0,4,82
03/09/2014,MDT,PA,AEA,EN,Combined TRACON& Tower with Radar,21,49,8,2,80,0,0,8,0,8,21,49,16,2,88,26,0,26,114
03/10/2014,MDT,PA,AEA,EN,Combined TRACON& Tower with Radar,29,74,11,6,120,0,0,12,1,13,29,74,23,7,133,4,4,8,141
03/11/2014,MDT,PA,AEA,EN,Combined TRACON& Tower with Radar,31,70,21,7,129,0,1,17,10,28,31,71,38,17,157,4,12,16,173
03/12/2014,MDT,PA,AEA,EN,Combined TRACON& Tower with Radar,34,66,20,8,128,0,1,1,0,2,34,67,21,8,130,4,22,26,156
03/13/2014,MDT,PA,AEA,EN,Combined TRACON& Tower with Radar,37,73,21,21,152,0,1,0,11,12,37,74,21,32,164,0,24,24,188
03/14/2014,MDT,PA,AEA,EN,Combined TRACON& Tower with Radar,32,62,17,39,150,0,3,2,0,5,32,65,19,39,155,0,18,18,173
03/15/2014,MDT,PA,AEA,EN,Combined TRACON& Tower with Radar,16,43,6,4,69,0,0,3,0,3,16,43,9,4,72,0,2,2,74
03/16/2014,MDT,PA,AEA,EN,Combined TRACON& Tower with Radar,20,52,20,1,93,0,1,11,0,12,20,53,31,1,105,6,0,6,111
03/17/2014,MDT,PA,AEA,EN,Combined TRACON& Tower with Radar,30,59,14,2,105,0,0,6,0,6,30,59,20,2,111,8,6,14,125
03/18/2014,MDT,PA,AEA,EN,Combined TRACON& Tower with Radar,31,70,20,57,178,0,1,7,1,9,31,71,27,58,187,8,54,62,249
03/19/2014,MDT,PA,AEA,EN,Combined TRACON& Tower with Radar,31,66,17,19,133,0,0,1,0,1,31,66,18,19,134,0,0,0,134
03/20/2014,MDT,PA,AEA,EN,Combined TRACON& Tower with Radar,31,75,19,11,136,0,2,11,2,15,31,77,30,13,151,8,0,8,159
03/21/2014,MDT,PA,AEA,EN,Combined TRACON& Tower with Radar,31,69,12,9,121,0,0,13,2,15,31,69,25,11,136,0,12,12,148
03/22/2014,MDT,PA,AEA,EN,Combined TRACON& Tower with Radar,18,42,3,16,79,0,0,2,1,3,18,42,5,17,82,0,12,12,94
03/23/2014,MDT,PA,AEA,EN,Combined TRACON& Tower with Radar,20,51,6,0,77,0,2,10,3,15,20,53,16,3,92,0,0,0,92
03/24/2014,MDT,PA,AEA,EN,Combined TRACON& Tower with Radar,31,68,18,16,133,0,0,14,6,20,31,68,32,22,153,12,0,12,165
03/25/2014,MDT,PA,AEA,EN,Combined TRACON& Tower with Radar,32,67,16,9,124,0,0,2,0,2,32,67,18,9,126,0,0,0,126
03/26/2014,MDT,PA,AEA,EN,Combined TRACON& Tower with Radar,29,57,10,30,126,0,0,1,6,7,29,57,11,36,133,0,28,28,161
03/27/2014,MDT,PA,AEA,EN,Combined TRACON& Tower with Radar,36,66,21,24,147,0,0,15,2,17,36,66,36,26,164,10,14,24,188
03/28/2014,MDT,PA,AEA,EN,Combined TRACON& Tower with Radar,25,67,11,31,134,0,1,1,0,2,25,68,12,31,136,0,4,4,140
03/29/2014,MDT,PA,AEA,EN,Combined TRACON& Tower with Radar,24,38,5,2,69,0,0,0,0,0,24,38,5,2,69,0,0,0,69
03/30/2014,MDT,PA,AEA,EN,Combined TRACON& Tower with Radar,20,46,4,3,73,0,0,0,0,0,20,46,4,3,73,0,0,0,73
03/31/2014,MDT,PA,AEA,EN,Combined TRACON& Tower with Radar,32,63,15,1,111,0,0,7,0,7,32,63,22,1,118,8,4,12,130
04/01/2014,MDT,PA,AEA,EN,Combined TRACON& Tower with Radar,31,68,29,17,145,0,0,10,1,11,31,68,39,18,156,8,20,28,184
04/02/2014,MDT,PA,AEA,EN,Combined TRACON& Tower with Radar,33,62,9,26,130,0,4,5,3,12,33,66,14,29,142,10,24,34,176
04/03/2014,MDT,PA,AEA,EN,Combined TRACON& Tower with Radar,32,71,25,24,152,0,0,9,3,12,32,71,34,27,164,0,18,18,182
04/04/2014,MDT,PA,AEA,EN,Combined TRACON& Tower with Radar,30,67,19,15,131,0,0,0,1,1,30,67,19,16,132,0,4,4,136
04/05/2014,MDT,PA,AEA,EN,Combined TRACON& Tower with Radar,32,57,12,4,105,0,0,9,0,9,32,57,21,4,114,8,4,12,126
04/06/2014,MDT,PA,AEA,EN,Combined TRACON& Tower with Radar,31,68,29,17,145,0,0,13,1,14,31,68,42,18,159,10,0,10,169
04/07/2014,MDT,PA,AEA,EN,Combined TRACON& Tower with Radar,28,69,8,6,111,0,0,1,0,1,28,69,9,6,112,0,6,6,118
04/08/2014,MDT,PA,AEA,EN,Combined TRACON& Tower with Radar,30,69,17,9,125,0,0,5,0,5,30,69,22,9,130,2,8,10,140
04/09/2014,MDT,PA,AEA,EN,Combined TRACON& Tower with Radar,33,61,13,15,122,0,1,13,2,16,33,62,26,17,138,6,2,8,146
04/10/2014,MDT,PA,AEA,EN,Combined TRACON& Tower with Radar,35,68,21,11,135,0,0,13,5,18,35,68,34,16,153,20,8,28,181
04/11/2014,MDT,PA,AEA,EN,Combined TRACON& Tower with Radar,30,63,20,33,146,0,0,11,1,12,30,63,31,34,158,18,12,30,188
04/12/2014,MDT,PA,AEA,EN,Combined TRACON& Tower with Radar,18,39,11,1,69,0,0,12,0,12,18,39,23,1,81,8,0,8,89
04/13/2014,MDT,PA,AEA,EN,Combined TRACON& Tower with Radar,23,50,5,2,80,0,2,3,0,5,23,52,8,2,85,12,0,12,97
04/14/2014,MDT,PA,AEA,EN,Combined TRACON& Tower with Radar,33,59,12,8,112,0,0,3,0,3,33,59,15,8,115,10,0,10,125
04/15/2014,MDT,PA,AEA,EN,Combined TRACON& Tower with Radar,42,64,14,20,140,0,0,0,2,2,42,64,14,22,142,0,12,12,154
04/16/2014,MDT,PA,AEA,EN,Combined TRACON& Tower with Radar,31,61,20,17,129,0,0,8,5,13,31,61,28,22,142,2,24,26,168
04/17/2014,MDT,PA,AEA,EN,Combined TRACON& Tower with Radar,39,66,29,47,181,0,1,14,7,22,39,67,43,54,203,0,52,52,255
04/18/2014,MDT,PA,AEA,EN,Combined TRACON& Tower with Radar,28,62,10,21,121,0,0,6,1,7,28,62,16,22,128,0,6,6,134
04/19/2014,MDT,PA,AEA,EN,Combined TRACON& Tower with Radar,12,40,1,9,62,0,0,13,0,13,12,40,14,9,75,24,0,24,99
04/20/2014,MDT,PA,AEA,EN,Combined TRACON& Tower with Radar,23,44,4,0,71,0,0,16,0,16,23,44,20,0,87,2,0,2,89
04/21/2014,MDT,PA,AEA,EN,Combined TRACON& Tower with Radar,31,68,28,13,140,0,0,13,3,16,31,68,41,16,156,0,14,14,170
04/22/2014,MDT,PA,AEA,EN,Combined TRACON& Tower with Radar,32,63,21,18,134,0,0,1,3,4,32,63,22,21,138,0,18,18,156
04/23/2014,MDT,PA,AEA,EN,Combined TRACON& Tower with Radar,29,65,12,24,130,0,3,5,2,10,29,68,17,26,140,6,38,44,184
04/24/2014,MDT,PA,AEA,EN,Combined TRACON& Tower with Radar,32,71,14,19,136,0,0,4,3,7,32,71,18,22,143,0,26,26,169
04/25/2014,MDT,PA,AEA,EN,Combined TRACON& Tower with Radar,36,62,19,15,132,0,0,7,0,7,36,62,26,15,139,6,14,20,159
04/26/2014,MDT,PA,AEA,EN,Combined TRACON& Tower with Radar,17,44,14,1,76,0,0,11,0,11,17,44,25,1,87,0,0,0,87
04/27/2014,MDT,PA,AEA,EN,Combined TRACON& Tower with Radar,23,49,16,0,88,0,1,19,2,22,23,50,35,2,110,46,0,46,156
04/28/2014,MDT,PA,AEA,EN,Combined TRACON& Tower with Radar,29,70,18,30,147,0,0,7,0,7,29,70,25,30,154,4,22,26,180
04/29/2014,MDT,PA,AEA,EN,Combined TRACON& Tower with Radar,31,68,25,19,143,0,0,0,0,0,31,68,25,19,143,0,0,0,143
04/30/2014,MDT,PA,AEA,EN,Combined TRACON& Tower with Radar,35,64,19,18,136,0,0,0,0,0,35,64,19,18,136,0,0,0,136
05/01/2014,MDT,PA,AEA,EN,Combined TRACON& Tower with Radar,35,69,38,15,157,0,0,10,4,14,35,69,48,19,171,22,8,30,201
05/02/2014,MDT,PA,AEA,EN,Combined TRACON& Tower with Radar,34,71,15,18,138,0,2,8,2,12,34,73,23,20,150,0,8,8,158
05/03/2014,MDT,PA,AEA,EN,Combined TRACON& Tower with Radar,18,39,12,0,69,0,0,4,0,4,18,39,16,0,73,0,0,0,73
05/04/2014,MDT,PA,AEA,EN,Combined TRACON& Tower with Radar,21,49,5,0,75,0,0,0,0,0,21,49,5,0,75,0,0,0,75
05/05/2014,MDT,PA,AEA,EN,Combined TRACON& Tower with Radar,35,52,24,37,148,0,0,7,7,14,35,52,31,44,162,18,50,68,230
05/06/2014,MDT,PA,AEA,EN,Combined TRACON& Tower with Radar,35,66,23,12,136,0,1,20,3,24,35,67,43,15,160,8,8,16,176
05/07/2014,MDT,PA,AEA,EN,Combined TRACON& Tower with Radar,32,60,28,5,125,0,0,10,3,13,32,60,38,8,138,0,18,18,156
05/08/2014,MDT,PA,AEA,EN,Combined TRACON& Tower with Radar,44,56,26,18,144,0,0,7,2,9,44,56,33,20,153,16,16,32,185
05/09/2014,MDT,PA,AEA,EN,Combined TRACON& Tower with Radar,39,58,25,22,144,0,0,0,0,0,39,58,25,22,144,0,2,2,146
05/10/2014,MDT,PA,AEA,EN,Combined TRACON& Tower with Radar,17,46,12,21,96,0,6,2,1,9,17,52,14,22,105,0,16,16,121
05/11/2014,MDT,PA,AEA,EN,Combined TRACON& Tower with Radar,23,48,8,10,89,0,0,24,5,29,23,48,32,15,118,8,0,8,126
05/12/2014,MDT,PA,AEA,EN,Combined TRACON& Tower with Radar,38,55,30,12,135,0,0,23,4,27,38,55,53,16,162,4,14,18,180
05/13/2014,MDT,PA,AEA,EN,Combined TRACON& Tower with Radar,26,63,13,18,120,0,0,9,8,17,26,63,22,26,137,16,4,20,157
05/14/2014,MDT,PA,AEA,EN,Combined TRACON& Tower with Radar,36,60,14,36,146,0,0,2,0,2,36,60,16,36,148,0,0,0,148
05/15/2014,MDT,PA,AEA,EN,Combined TRACON& Tower with Radar,39,57,19,16,131,0,0,0,2,2,39,57,19,18,133,0,0,0,133
05/16/2014,MDT,PA,AEA,EN,Combined TRACON& Tower with Radar,40,53,22,44,159,0,0,4,6,10,40,53,26,50,169,0,40,40,209
05/17/2014,MDT,PA,AEA,EN,Combined TRACON& Tower with Radar,22,39,15,6,82,0,0,7,0,7,22,39,22,6,89,6,0,6,95
05/18/2014,MDT,PA,AEA,EN,Combined TRACON& Tower with Radar,26,46,22,1,95,0,0,15,0,15,26,46,37,1,110,16,0,16,126
05/19/2014,MDT,PA,AEA,EN,Combined TRACON& Tower with Radar,37,55,15,6,113,0,0,11,0,11,37,55,26,6,124,6,4,10,134
05/20/2014,MDT,PA,AEA,EN,Combined TRACON& Tower with Radar,35,64,20,33,152,0,0,12,10,22,35,64,32,43,174,6,26,32,206
05/21/2014,MDT,PA,AEA,EN,Combined TRACON& Tower with Radar,38,56,20,23,137,0,0,0,2,2,38,56,20,25,139,0,0,0,139
05/22/2014,MDT,PA,AEA,EN,Combined TRACON& Tower with Radar,38,59,22,6,125,0,1,0,1,2,38,60,22,7,127,6,10,16,143
05/23/2014,MDT,PA,AEA,EN,Combined TRACON& Tower with Radar,48,65,15,8,136,0,1,11,0,12,48,66,26,8,148,6,0,6,154
05/24/2014,MDT,PA,AEA,EN,Combined TRACON& Tower with Radar,19,37,6,0,62,0,0,8,0,8,19,37,14,0,70,0,0,0,70
05/25/2014,MDT,PA,AEA,EN,Combined TRACON& Tower with Radar,21,36,6,0,63,0,1,11,0,12,21,37,17,0,75,16,0,16,91
05/26/2014,MDT,PA,AEA,EN,Combined TRACON& Tower with Radar,31,38,8,0,77,0,0,13,0,13,31,38,21,0,90,8,0,8,98
05/27/2014,MDT,PA,AEA,EN,Combined TRACON& Tower with Radar,33,57,16,9,115,0,0,10,1,11,33,57,26,10,126,8,12,20,146
05/28/2014,MDT,PA,AEA,EN,Combined TRACON& Tower with Radar,39,58,28,32,157,0,0,2,0,2,39,58,30,32,159,20,0,20,179
05/29/2014,MDT,PA,AEA,EN,Combined TRACON& Tower with Radar,39,61,29,26,155,0,0,0,0,0,39,61,29,26,155,0,12,12,167
05/30/2014,MDT,PA,AEA,EN,Combined TRACON& Tower with Radar,38,57,16,13,124,0,0,10,6,16,38,57,26,19,140,8,22,30,170
05/31/2014,MDT,PA,AEA,EN,Combined TRACON& Tower with Radar,19,32,14,2,67,0,0,15,1,16,19,32,29,3,83,4,0,4,87
06/01/2014,MDT,PA,AEA,EN,Combined TRACON& Tower with Radar,29,45,12,1,87,0,0,15,0,15,29,45,27,1,102,14,0,14,116
06/02/2014,MDT,PA,AEA,EN,Combined TRACON& Tower with Radar,39,50,16,16,121,0,0,15,8,23,39,50,31,24,144,0,34,34,178
06/03/2014,MDT,PA,AEA,EN,Combined TRACON& Tower with Radar,40,51,24,38,153,0,0,6,8,14,40,51,30,46,167,4,6,10,177
06/04/2014,MDT,PA,AEA,EN,Combined TRACON& Tower with Radar,39,61,35,30,165,0,0,4,1,5,39,61,39,31,170,0,10,10,180
06/05/2014,MDT,PA,AEA,EN,Combined TRACON& Tower with Radar,43,57,23,32,155,0,0,5,0,5,43,57,28,32,160,8,4,12,172
06/06/2014,MDT,PA,AEA,EN,Combined TRACON& Tower with Radar,41,52,13,15,121,0,0,22,1,23,41,52,35,16,144,4,0,4,148
06/07/2014,MDT,PA,AEA,EN,Combined TRACON& Tower with Radar,23,41,11,3,78,0,0,9,2,11,23,41,20,5,89,0,0,0,89
06/08/2014,MDT,PA,AEA,EN,Combined TRACON& Tower with Radar,31,49,10,3,93,0,1,15,0,16,31,50,25,3,109,26,0,26,135
06/09/2014,MDT,PA,AEA,EN,Combined TRACON& Tower with Radar,44,54,34,13,145,0,0,0,0,0,44,54,34,13,145,2,2,4,149
06/10/2014,MDT,PA,AEA,EN,Combined TRACON& Tower with Radar,37,58,16,14,125,0,1,4,5,10,37,59,20,19,135,0,22,22,157
06/11/2014,MDT,PA,AEA,EN,Combined TRACON& Tower with Radar,35,59,24,40,158,0,0,0,0,0,35,59,24,40,158,0,0,0,158
06/12/2014,MDT,PA,AEA,EN,Combined TRACON& Tower with Radar,46,58,20,13,137,0,0,0,0,0,46,58,20,13,137,0,0,0,137
06/13/2014,MDT,PA,AEA,EN,Combined TRACON& Tower with Radar,52,53,16,5,126,0,0,1,1,2,52,53,17,6,128,0,0,0,128
06/14/2014,MDT,PA,AEA,EN,Combined TRACON& Tower with Radar,21,50,12,2,85,0,0,12,2,14,21,50,24,4,99,28,2,30,129
06/15/2014,MDT,PA,AEA,EN,Combined TRACON& Tower with Radar,27,45,14,2,88,0,0,14,0,14,27,45,28,2,102,16,2,18,120
06/16/2014,MDT,PA,AEA,EN,Combined TRACON& Tower with Radar,42,55,16,31,144,0,0,10,7,17,42,55,26,38,161,0,22,22,183
06/17/2014,MDT,PA,AEA,EN,Combined TRACON& Tower with Radar,39,70,26,27,162,0,4,12,7,23,39,74,38,34,185,0,12,12,197
06/18/2014,MDT,PA,AEA,EN,Combined TRACON& Tower with Radar,45,59,20,13,137,0,2,8,3,13,45,61,28,16,150,16,2,18,168
06/19/2014,MDT,PA,AEA,EN,Combined TRACON& Tower with Radar,39,44,32,25,140,0,0,4,2,6,39,44,36,27,146,6,4,10,156
06/20/2014,MDT,PA,AEA,EN,Combined TRACON& Tower with Radar,47,58,14,9,128,0,1,8,0,9,47,59,22,9,137,0,0,0,137
06/21/2014,MDT,PA,AEA,EN,Combined TRACON& Tower with Radar,20,46,10,4,80,0,2,10,0,12,20,48,20,4,92,6,0,6,98
06/22/2014,MDT,PA,AEA,EN,Combined TRACON& Tower with Radar,30,47,21,4,102,0,0,17,1,18,30,47,38,5,120,24,0,24,144
06/23/2014,MDT,PA,AEA,EN,Combined TRACON& Tower with Radar,41,52,13,27,133,0,0,6,1,7,41,52,19,28,140,14,18,32,172
06/24/2014,MDT,PA,AEA,EN,Combined TRACON& Tower with Radar,39,59,33,11,142,0,0,6,4,10,39,59,39,15,152,0,0,0,152
06/25/2014,MDT,PA,AEA,EN,Combined TRACON& Tower with Radar,42,52,20,15,129,0,0,7,5,12,42,52,27,20,141,26,2,28,169
06/26/2014,MDT,PA,AEA,EN,Combined TRACON& Tower with Radar,48,61,39,27,175,0,0,14,17,31,48,61,53,44,206,8,36,44,250
06/27/2014,MDT,PA,AEA,EN,Combined TRACON& Tower with Radar,45,56,19,15,135,0,0,14,0,14,45,56,33,15,149,0,12,12,161
06/28/2014,MDT,PA,AEA,EN,Combined TRACON& Tower with Radar,23,40,3,0,66,0,0,12,0,12,23,40,15,0,78,20,0,20,98
06/29/2014,MDT,PA,AEA,EN,Combined TRACON& Tower with Radar,27,53,12,0,92,0,2,14,0,16,27,55,26,0,108,12,0,12,120
06/30/2014,MDT,PA,AEA,EN,Combined TRACON& Tower with Radar,36,53,11,12,112,0,2,10,1,13,36,55,21,13,125,12,26,38,163
07/01/2014,MDT,PA,AEA,EN,Combined TRACON& Tower with Radar,35,54,10,10,109,0,2,5,10,17,35,56,15,20,126,4,40,44,170
07/02/2014,MDT,PA,AEA,EN,Combined TRACON& Tower with Radar,54,45,9,12,120,0,0,4,4,8,54,45,13,16,128,2,26,28,156
07/03/2014,MDT,PA,AEA,EN,Combined TRACON& Tower with Radar,46,44,8,7,105,0,0,3,2,5,46,44,11,9,110,0,0,0,110
07/04/2014,MDT,PA,AEA,EN,Combined TRACON& Tower with Radar,30,25,4,0,59,0,0,3,0,3,30,25,7,0,62,0,0,0,62
07/05/2014,MDT,PA,AEA,EN,Combined TRACON& Tower with Radar,29,36,13,0,78,0,0,6,0,6,29,36,19,0,84,24,0,24,108
07/06/2014,MDT,PA,AEA,EN,Combined TRACON& Tower with Radar,27,43,15,0,85,0,0,13,0,13,27,43,28,0,98,4,0,4,102
07/07/2014,MDT,PA,AEA,EN,Combined TRACON& Tower with Radar,45,45,11,8,109,0,0,8,0,8,45,45,19,8,117,8,8,16,133
07/08/2014,MDT,PA,AEA,EN,Combined TRACON& Tower with Radar,38,45,18,17,118,0,0,7,3,10,38,45,25,20,128,0,0,0,128
07/09/2014,MDT,PA,AEA,EN,Combined TRACON& Tower with Radar,51,52,22,27,152,0,0,6,2,8,51,52,28,29,160,0,18,18,178
07/10/2014,MDT,PA,AEA,EN,Combined TRACON& Tower with Radar,42,51,12,6,111,0,1,12,1,14,42,52,24,7,125,28,0,28,153
07/11/2014,MDT,PA,AEA,EN,Combined TRACON& Tower with Radar,46,47,12,13,118,0,0,11,0,11,46,47,23,13,129,14,8,22,151
07/12/2014,MDT,PA,AEA,EN,Combined TRACON& Tower with Radar,28,40,6,7,81,0,0,10,0,10,28,40,16,7,91,22,0,22,113
07/13/2014,MDT,PA,AEA,EN,Combined TRACON& Tower with Radar,31,41,16,0,88,0,0,3,0,3,31,41,19,0,91,6,0,6,97
07/14/2014,MDT,PA,AEA,EN,Combined TRACON& Tower with Radar,47,42,19,5,113,0,0,4,0,4,47,42,23,5,117,2,2,4,121
07/15/2014,MDT,PA,AEA,EN,Combined TRACON& Tower with Radar,45,56,22,16,139,0,0,5,3,8,45,56,27,19,147,2,0,2,149
07/16/2014,MDT,PA,AEA,EN,Combined TRACON& Tower with Radar,53,50,23,18,144,0,2,18,2,22,53,52,41,20,166,10,36,46,212
07/17/2014,MDT,PA,AEA,EN,Combined TRACON& Tower with Radar,42,49,24,19,134,0,1,31,5,37,42,50,55,24,171,4,16,20,191
07/18/2014,MDT,PA,AEA,EN,Combined TRACON& Tower with Radar,47,45,22,3,117,0,2,10,7,19,47,47,32,10,136,10,40,50,186
07/19/2014,MDT,PA,AEA,EN,Combined TRACON& Tower with Radar,31,42,9,1,83,0,0,6,0,6,31,42,15,1,89,14,0,14,103
07/20/2014,MDT,PA,AEA,EN,Combined TRACON& Tower with Radar,29,49,17,0,95,0,0,21,2,23,29,49,38,2,118,12,2,14,132
07/21/2014,MDT,PA,AEA,EN,Combined TRACON& Tower with Radar,48,47,16,0,111,0,0,11,0,11,48,47,27,0,122,8,4,12,134
07/22/2014,MDT,PA,AEA,EN,Combined TRACON& Tower with Radar,39,50,20,11,120,0,0,17,2,19,39,50,37,13,139,44,12,56,195
07/23/2014,MDT,PA,AEA,EN,Combined TRACON& Tower with Radar,53,51,13,4,121,0,2,8,0,10,53,53,21,4,131,0,6,6,137
07/24/2014,MDT,PA,AEA,EN,Combined TRACON& Tower with Radar,42,51,14,22,129,0,0,21,3,24,42,51,35,25,153,42,24,66,219
07/25/2014,MDT,PA,AEA,EN,Combined TRACON& Tower with Radar,46,54,17,19,136,0,0,13,1,14,46,54,30,20,150,6,22,28,178
07/26/2014,MDT,PA,AEA,EN,Combined TRACON& Tower with Radar,31,36,12,2,81,0,0,13,0,13,31,36,25,2,94,6,0,6,100
07/27/2014,MDT,PA,AEA,EN,Combined TRACON& Tower with Radar,24,39,11,0,74,0,1,7,0,8,24,40,18,0,82,10,0,10,92
07/28/2014,MDT,PA,AEA,EN,Combined TRACON& Tower with Radar,47,53,22,17,139,0,0,5,10,15,47,53,27,27,154,6,42,48,202
07/29/2014,MDT,PA,AEA,EN,Combined TRACON& Tower with Radar,41,48,19,8,116,0,0,14,5,19,41,48,33,13,135,6,12,18,153
07/30/2014,MDT,PA,AEA,EN,Combined TRACON& Tower with Radar,45,40,31,4,120,0,0,11,5,16,45,40,42,9,136,46,6,52,188
07/31/2014,MDT,PA,AEA,EN,Combined TRACON& Tower with Radar,40,49,27,7,123,0,1,7,3,11,40,50,34,10,134,0,22,22,156
08/01/2014,MDT,PA,AEA,EN,Combined TRACON& Tower with Radar,46,44,8,7,105,0,0,6,1,7,46,44,14,8,112,40,26,66,178
08/02/2014,MDT,PA,AEA,EN,Combined TRACON& Tower with Radar,29,34,13,2,78,0,0,2,0,2,29,34,15,2,80,0,0,0,80
08/03/2014,MDT,PA,AEA,EN,Combined TRACON& Tower with Radar,28,39,14,0,81,0,0,2,0,2,28,39,16,0,83,0,0,0,83
08/04/2014,MDT,PA,AEA,EN,Combined TRACON& Tower with Radar,46,48,30,6,130,0,0,17,0,17,46,48,47,6,147,10,2,12,159
08/05/2014,MDT,PA,AEA,EN,Combined TRACON& Tower with Radar,45,52,30,15,142,0,0,1,2,3,45,52,31,17,145,4,40,44,189
08/06/2014,MDT,PA,AEA,EN,Combined TRACON& Tower with Radar,48,54,38,6,146,0,0,19,2,21,48,54,57,8,167,42,0,42,209
08/07/2014,MDT,PA,AEA,EN,Combined TRACON& Tower with Radar,42,50,28,23,143,0,0,14,4,18,42,50,42,27,161,2,78,80,241
08/08/2014,MDT,PA,AEA,EN,Combined TRACON& Tower with Radar,41,48,18,17,124,0,0,9,1,10,41,48,27,18,134,28,22,50,184
08/09/2014,MDT,PA,AEA,EN,Combined TRACON& Tower with Radar,28,38,15,0,81,0,0,26,1,27,28,38,41,1,108,8,0,8,116
08/10/2014,MDT,PA,AEA,EN,Combined TRACON& Tower with Radar,29,35,9,2,75,0,1,17,0,18,29,36,26,2,93,10,2,12,105
08/11/2014,MDT,PA,AEA,EN,Combined TRACON& Tower with Radar,43,47,20,2,112,0,0,3,0,3,43,47,23,2,115,0,0,0,115
08/12/2014,MDT,PA,AEA,EN,Combined TRACON& Tower with Radar,42,47,17,29,135,0,0,0,0,0,42,47,17,29,135,0,4,4,139
08/13/2014,MDT,PA,AEA,EN,Combined TRACON& Tower with Radar,49,50,32,24,155,0,0,4,9,13,49,50,36,33,168,0,64,64,232
08/14/2014,MDT,PA,AEA,EN,Combined TRACON& Tower with Radar,45,52,19,10,126,0,2,9,12,23,45,54,28,22,149,28,46,74,223
08/15/2014,MDT,PA,AEA,EN,Combined TRACON& Tower with Radar,41,54,25,9,129,0,9,16,0,25,41,63,41,9,154,40,0,40,194
08/16/2014,MDT,PA,AEA,EN,Combined TRACON& Tower with Radar,25,38,8,6,77,0,3,8,2,13,25,41,16,8,90,14,2,16,106
08/17/2014,MDT,PA,AEA,EN,Combined TRACON& Tower with Radar,35,36,3,5,79,0,0,9,0,9,35,36,12,5,88,0,0,0,88
08/18/2014,MDT,PA,AEA,EN,Combined TRACON& Tower with Radar,41,46,30,7,124,0,0,8,0,8,41,46,38,7,132,24,20,44,176
08/19/2014,MDT,PA,AEA,EN,Combined TRACON& Tower with Radar,44,46,21,18,129,0,0,7,6,13,44,46,28,24,142,38,62,100,242
08/20/2014,MDT,PA,AEA,EN,Combined TRACON& Tower with Radar,44,42,30,15,131,0,0,10,0,10,44,42,40,15,141,0,14,14,155
08/21/2014,MDT,PA,AEA,EN,Combined TRACON& Tower with Radar,49,47,33,16,145,0,3,15,0,18,49,50,48,16,163,4,16,20,183
08/22/2014,MDT,PA,AEA,EN,Combined TRACON& Tower with Radar,42,48,18,30,138,0,0,2,0,2,42,48,20,30,140,12,4,16,156
08/23/2014,MDT,PA,AEA,EN,Combined TRACON& Tower with Radar,21,29,13,0,63,0,2,8,0,10,21,31,21,0,73,28,0,28,101
08/24/2014,MDT,PA,AEA,EN,Combined TRACON& Tower with Radar,36,38,8,1,83,0,0,18,0,18,36,38,26,1,101,0,0,0,101
08/25/2014,MDT,PA,AEA,EN,Combined TRACON& Tower with Radar,39,39,14,16,108,0,3,8,4,15,39,42,22,20,123,16,18,34,157
08/26/2014,MDT,PA,AEA,EN,Combined TRACON& Tower with Radar,46,46,15,7,114,0,1,21,6,28,46,47,36,13,142,26,12,38,180
08/27/2014,MDT,PA,AEA,EN,Combined TRACON& Tower with Radar,46,52,19,27,144,0,0,10,7,17,46,52,29,34,161,20,18,38,199
08/28/2014,MDT,PA,AEA,EN,Combined TRACON& Tower with Radar,49,49,28,9,135,0,2,21,8,31,49,51,49,17,166,12,10,22,188
08/29/2014,MDT,PA,AEA,EN,Combined TRACON& Tower with Radar,43,46,14,2,105,0,0,28,0,28,43,46,42,2,133,0,0,0,133
08/30/2014,MDT,PA,AEA,EN,Combined TRACON& Tower with Radar,21,35,8,2,66,0,2,5,2,9,21,37,13,4,75,18,0,18,93
08/31/2014,MDT,PA,AEA,EN,Combined TRACON& Tower with Radar,30,35,6,0,71,0,0,5,0,5,30,35,11,0,76,0,0,0,76
09/01/2014,MDT,PA,AEA,EN,Combined TRACON& Tower with Radar,39,38,10,0,87,0,0,15,0,15,39,38,25,0,102,10,0,10,112
09/02/2014,MDT,PA,AEA,EN,Combined TRACON& Tower with Radar,40,55,10,25,130,0,0,14,0,14,40,55,24,25,144,28,0,28,172
09/03/2014,MDT,PA,AEA,EN,Combined TRACON& Tower with Radar,40,50,19,16,125,0,1,10,5,16,40,51,29,21,141,18,36,54,195
09/04/2014,MDT,PA,AEA,EN,Combined TRACON& Tower with Radar,44,44,24,18,130,0,0,5,0,5,44,44,29,18,135,0,44,44,179
09/05/2014,MDT,PA,AEA,EN,Combined TRACON& Tower with Radar,39,46,22,26,133,0,2,1,0,3,39,48,23,26,136,0,14,14,150
09/06/2014,MDT,PA,AEA,EN,Combined TRACON& Tower with Radar,25,29,8,3,65,0,0,4,0,4,25,29,12,3,69,10,0,10,79
09/07/2014,MDT,PA,AEA,EN,Combined TRACON& Tower with Radar,31,39,9,4,83,0,3,22,1,26,31,42,31,5,109,4,0,4,113
09/08/2014,MDT,PA,AEA,EN,Combined TRACON& Tower with Radar,34,51,19,36,140,0,0,11,15,26,34,51,30,51,166,0,34,34,200
09/09/2014,MDT,PA,AEA,EN,Combined TRACON& Tower with Radar,42,52,26,12,132,0,0,9,0,9,42,52,35,12,141,20,8,28,169
09/10/2014,MDT,PA,AEA,EN,Combined TRACON& Tower with Radar,41,50,26,18,135,0,0,6,7,13,41,50,32,25,148,10,42,52,200
09/11/2014,MDT,PA,AEA,EN,Combined TRACON& Tower with Radar,44,48,28,7,127,0,0,6,5,11,44,48,34,12,138,34,18,52,190
09/12/2014,MDT,PA,AEA,EN,Combined TRACON& Tower with Radar,43,47,25,10,125,2,1,5,1,9,45,48,30,11,134,0,8,8,142
09/13/2014,MDT,PA,AEA,EN,Combined TRACON& Tower with Radar,27,26,15,5,73,0,0,2,0,2,27,26,17,5,75,2,0,2,77
09/14/2014,MDT,PA,AEA,EN,Combined TRACON& Tower with Radar,34,42,9,1,86,0,0,23,0,23,34,42,32,1,109,14,0,14,123
09/15/2014,MDT,PA,AEA,EN,Combined TRACON& Tower with Radar,41,54,22,16,133,0,0,6,0,6,41,54,28,16,139,6,0,6,145
09/16/2014,MDT,PA,AEA,EN,Combined TRACON& Tower with Radar,43,48,37,4,132,0,0,11,1,12,43,48,48,5,144,6,2,8,152
09/17/2014,MDT,PA,AEA,EN,Combined TRACON& Tower with Radar,42,62,27,8,139,0,5,16,4,25,42,67,43,12,164,10,64,74,238
09/18/2014,MDT,PA,AEA,EN,Combined TRACON& Tower with Radar,48,58,17,18,141,0,4,18,6,28,48,62,35,24,169,0,34,34,203
09/19/2014,MDT,PA,AEA,EN,Combined TRACON& Tower with Radar,42,46,17,15,120,0,1,8,0,9,42,47,25,15,129,0,4,4,133
09/20/2014,MDT,PA,AEA,EN,Combined TRACON& Tower with Radar,25,29,10,0,64,0,0,2,0,2,25,29,12,0,66,0,0,0,66
09/21/2014,MDT,PA,AEA,EN,Combined TRACON& Tower with Radar,36,41,7,2,86,0,1,7,0,8,36,42,14,2,94,4,0,4,98
09/22/2014,MDT,PA,AEA,EN,Combined TRACON& Tower with Radar,39,53,23,22,137,0,0,12,1,13,39,53,35,23,150,14,6,20,170
09/23/2014,MDT,PA,AEA,EN,Combined TRACON& Tower with Radar,41,59,39,4,143,0,0,14,6,20,41,59,53,10,163,14,22,36,199
09/24/2014,MDT,PA,AEA,EN,Combined TRACON& Tower with Radar,42,64,22,14,142,0,0,14,6,20,42,64,36,20,162,20,18,38,200
09/25/2014,MDT,PA,AEA,EN,Combined TRACON& Tower with Radar,45,50,21,9,125,0,0,3,0,3,45,50,24,9,128,2,0,2,130
09/26/2014,MDT,PA,AEA,EN,Combined TRACON& Tower with Radar,43,48,11,15,117,0,1,23,0,24,43,49,34,15,141,24,22,46,187
09/27/2014,MDT,PA,AEA,EN,Combined TRACON& Tower with Radar,22,29,7,0,58,0,3,13,1,17,22,32,20,1,75,38,2,40,115
09/28/2014,MDT,PA,AEA,EN,Combined TRACON& Tower with Radar,35,46,6,0,87,0,11,14,0,25,35,57,20,0,112,0,0,0,112
09/29/2014,MDT,PA,AEA,EN,Combined TRACON& Tower with Radar,41,53,20,3,117,0,10,12,0,22,41,63,32,3,139,38,4,42,181
09/30/2014,MDT,PA,AEA,EN,Combined TRACON& Tower with Radar,38,51,26,17,132,0,0,4,0,4,38,51,30,17,136,4,6,10,146
10/01/2014,MDT,PA,AEA,EN,Combined TRACON& Tower with Radar,43,50,29,7,129,0,2,7,1,10,43,52,36,8,139,24,0,24,163
10/02/2014,MDT,PA,AEA,EN,Combined TRACON& Tower with Radar,43,49,27,17,136,0,0,6,3,9,43,49,33,20,145,0,28,28,173
10/03/2014,MDT,PA,AEA,EN,Combined TRACON& Tower with Radar,43,52,11,17,123,0,0,0,0,0,43,52,11,17,123,0,0,0,123
10/04/2014,MDT,PA,AEA,EN,Combined TRACON& Tower with Radar,27,27,6,1,61,0,2,0,0,2,27,29,6,1,63,0,0,0,63
10/05/2014,MDT,PA,AEA,EN,Combined TRACON& Tower with Radar,35,38,5,1,79,0,1,13,0,14,35,39,18,1,93,10,0,10,103
10/06/2014,MDT,PA,AEA,EN,Combined TRACON& Tower with Radar,38,50,18,42,148,0,0,7,4,11,38,50,25,46,159,6,70,76,235
10/07/2014,MDT,PA,AEA,EN,Combined TRACON& Tower with Radar,41,56,15,3,115,0,2,17,1,20,41,58,32,4,135,14,20,34,169
10/08/2014,MDT,PA,AEA,EN,Combined TRACON& Tower with Radar,41,56,22,15,134,0,0,17,3,20,41,56,39,18,154,0,46,46,200
10/09/2014,MDT,PA,AEA,EN,Combined TRACON& Tower with Radar,47,52,34,6,139,0,0,27,4,31,47,52,61,10,170,12,10,22,192
10/10/2014,MDT,PA,AEA,EN,Combined TRACON& Tower with Radar,40,63,20,0,123,0,0,4,0,4,40,63,24,0,127,4,0,4,131
10/11/2014,MDT,PA,AEA,EN,Combined TRACON& Tower with Radar,23,41,39,0,103,0,0,1,0,1,23,41,40,0,104,0,0,0,104
10/12/2014,MDT,PA,AEA,EN,Combined TRACON& Tower with Radar,31,44,9,0,84,0,0,22,0,22,31,44,31,0,106,4,0,4,110
10/13/2014,MDT,PA,AEA,EN,Combined TRACON& Tower with Radar,35,48,18,0,101,0,0,2,2,4,35,48,20,2,105,0,0,0,105
10/14/2014,MDT,PA,AEA,EN,Combined TRACON& Tower with Radar,43,54,27,24,148,0,1,7,1,9,43,55,34,25,157,0,8,8,165
10/15/2014,MDT,PA,AEA,EN,Combined TRACON& Tower with Radar,43,58,31,20,152,0,0,0,0,0,43,58,31,20,152,0,12,12,164
10/16/2014,MDT,PA,AEA,EN,Combined TRACON& Tower with Radar,47,54,24,17,142,0,0,4,1,5,47,54,28,18,147,8,12,20,167
10/17/2014,MDT,PA,AEA,EN,Combined TRACON& Tower with Radar,40,53,34,3,130,0,0,28,5,33,40,53,62,8,163,8,14,22,185
10/18/2014,MDT,PA,AEA,EN,Combined TRACON& Tower with Radar,20,32,14,1,67,0,0,10,0,10,20,32,24,1,77,32,0,32,109
10/19/2014,MDT,PA,AEA,EN,Combined TRACON& Tower with Radar,34,42,15,1,92,0,0,13,0,13,34,42,28,1,105,0,0,0,105
10/20/2014,MDT,PA,AEA,EN,Combined TRACON& Tower with Radar,41,48,17,11,117,0,0,9,6,15,41,48,26,17,132,4,34,38,170
10/21/2014,MDT,PA,AEA,EN,Combined TRACON& Tower with Radar,47,52,17,15,131,0,0,6,1,7,47,52,23,16,138,8,4,12,150
10/22/2014,MDT,PA,AEA,EN,Combined TRACON& Tower with Radar,46,60,30,31,167,0,0,0,3,3,46,60,30,34,170,0,24,24,194
10/23/2014,MDT,PA,AEA,EN,Combined TRACON& Tower with Radar,48,50,18,12,128,0,0,6,0,6,48,50,24,12,134,0,30,30,164
10/24/2014,MDT,PA,AEA,EN,Combined TRACON& Tower with Radar,41,48,14,12,115,0,0,11,2,13,41,48,25,14,128,0,10,10,138
10/25/2014,MDT,PA,AEA,EN,Combined TRACON& Tower with Radar,23,30,15,0,68,0,1,12,2,15,23,31,27,2,83,0,0,0,83
10/26/2014,MDT,PA,AEA,EN,Combined TRACON& Tower with Radar,33,36,5,2,76,0,0,5,0,5,33,36,10,2,81,0,0,0,81
10/27/2014,MDT,PA,AEA,EN,Combined TRACON& Tower with Radar,40,48,22,5,115,0,2,18,0,20,40,50,40,5,135,0,0,0,135
10/28/2014,MDT,PA,AEA,EN,Combined TRACON& Tower with Radar,37,39,21,24,121,0,2,9,0,11,37,41,30,24,132,0,15,15,147
10/29/2014,MDT,PA,AEA,EN,Combined TRACON& Tower with Radar,42,55,25,1,123,0,2,4,0,6,42,57,29,1,129,0,0,0,129
10/30/2014,MDT,PA,AEA,EN,Combined TRACON& Tower with Radar,42,54,25,6,127,0,0,10,1,11,42,54,35,7,138,24,26,50,188
10/31/2014,MDT,PA,AEA,EN,Combined TRACON& Tower with Radar,38,37,16,25,116,0,1,4,10,15,38,38,20,35,131,20,2,22,153
11/01/2014,MDT,PA,AEA,EN,Combined TRACON& Tower with Radar,29,28,21,17,95,0,0,0,0,0,29,28,21,17,95,0,0,0,95
11/02/2014,MDT,PA,AEA,EN,Combined TRACON& Tower with Radar,35,36,6,1,78,0,0,0,0,0,35,36,6,1,78,0,0,0,78
11/03/2014,MDT,PA,AEA,EN,Combined TRACON& Tower with Radar,40,46,16,10,112,0,2,8,4,14,40,48,24,14,126,2,2,4,130
11/04/2014,MDT,PA,AEA,EN,Combined TRACON& Tower with Radar,39,47,24,8,118,0,0,15,3,18,39,47,39,11,136,36,0,36,172
11/05/2014,MDT,PA,AEA,EN,Combined TRACON& Tower with Radar,42,52,22,17,133,0,0,11,2,13,42,52,33,19,146,0,20,20,166
11/06/2014,MDT,PA,AEA,EN,Combined TRACON& Tower with Radar,43,50,18,14,125,0,0,0,0,0,43,50,18,14,125,0,12,12,137
11/07/2014,MDT,PA,AEA,EN,Combined TRACON& Tower with Radar,41,47,22,6,116,0,1,5,0,6,41,48,27,6,122,0,0,0,122
11/08/2014,MDT,PA,AEA,EN,Combined TRACON& Tower with Radar,29,30,15,0,74,0,0,13,0,13,29,30,28,0,87,0,0,0,87
11/09/2014,MDT,PA,AEA,EN,Combined TRACON& Tower with Radar,33,38,14,0,85,0,0,20,0,20,33,38,34,0,105,8,0,8,113
11/10/2014,MDT,PA,AEA,EN,Combined TRACON& Tower with Radar,38,41,23,12,114,0,0,5,0,5,38,41,28,12,119,8,30,38,157
11/11/2014,MDT,PA,AEA,EN,Combined TRACON& Tower with Radar,45,51,28,2,126,0,0,10,0,10,45,51,38,2,136,20,0,20,156
11/12/2014,MDT,PA,AEA,EN,Combined TRACON& Tower with Radar,42,61,20,16,139,0,6,10,4,20,42,67,30,20,159,22,22,44,203
11/13/2014,MDT,PA,AEA,EN,Combined TRACON& Tower with Radar,50,52,27,17,146,0,0,8,1,9,50,52,35,18,155,8,26,34,189
11/14/2014,MDT,PA,AEA,EN,Combined TRACON& Tower with Radar,42,55,13,8,118,0,5,7,1,13,42,60,20,9,131,0,18,18,149
11/15/2014,MDT,PA,AEA,EN,Combined TRACON& Tower with Radar,24,30,8,3,65,0,2,11,0,13,24,32,19,3,78,0,0,0,78
11/16/2014,MDT,PA,AEA,EN,Combined TRACON& Tower with Radar,33,42,7,2,84,0,0,10,0,10,33,42,17,2,94,0,0,0,94
11/17/2014,MDT,PA,AEA,EN,Combined TRACON& Tower with Radar,37,38,17,32,124,0,0,0,0,0,37,38,17,32,124,0,62,62,186
11/18/2014,MDT,PA,AEA,EN,Combined TRACON& Tower with Radar,41,44,9,6,100,0,0,6,0,6,41,44,15,6,106,0,0,0,106
11/19/2014,MDT,PA,AEA,EN,Combined TRACON& Tower with Radar,44,44,26,4,118,0,0,6,3,9,44,44,32,7,127,4,0,4,131
11/20/2014,MDT,PA,AEA,EN,Combined TRACON& Tower with Radar,50,46,18,4,118,0,0,8,2,10,50,46,26,6,128,0,4,4,132
11/21/2014,MDT,PA,AEA,EN,Combined TRACON& Tower with Radar,41,44,27,13,125,0,0,13,9,22,41,44,40,22,147,4,0,4,151
11/22/2014,MDT,PA,AEA,EN,Combined TRACON& Tower with Radar,26,27,1,1,55,0,0,12,0,12,26,27,13,1,67,34,0,34,101
11/23/2014,MDT,PA,AEA,EN,Combined TRACON& Tower with Radar,31,35,7,0,73,0,0,11,0,11,31,35,18,0,84,0,0,0,84
11/24/2014,MDT,PA,AEA,EN,Combined TRACON& Tower with Radar,36,46,8,2,92,0,0,1,6,7,36,46,9,8,99,0,0,0,99
11/25/2014,MDT,PA,AEA,EN,Combined TRACON& Tower with Radar,45,48,19,29,141,0,0,7,2,9,45,48,26,31,150,4,36,40,190
11/26/2014,MDT,PA,AEA,EN,Combined TRACON& Tower with Radar,42,44,4,0,90,0,0,0,0,0,42,44,4,0,90,0,0,0,90
11/27/2014,MDT,PA,AEA,EN,Combined TRACON& Tower with Radar,24,19,0,0,43,0,0,2,0,2,24,19,2,0,45,0,0,0,45
11/28/2014,MDT,PA,AEA,EN,Combined TRACON& Tower with Radar,30,39,4,0,73,0,2,2,0,4,30,41,6,0,77,20,0,20,97
11/29/2014,MDT,PA,AEA,EN,Combined TRACON& Tower with Radar,36,33,9,0,78,0,1,3,0,4,36,34,12,0,82,0,0,0,82
11/30/2014,MDT,PA,AEA,EN,Combined TRACON& Tower with Radar,36,39,7,0,82,0,1,5,0,6,36,40,12,0,88,12,0,12,100
12/01/2014,MDT,PA,AEA,EN,Combined TRACON& Tower with Radar,39,50,19,22,130,0,2,0,0,2,39,52,19,22,132,0,2,2,134
12/02/2014,MDT,PA,AEA,EN,Combined TRACON& Tower with Radar,40,32,6,0,78,0,1,0,0,1,40,33,6,0,79,0,0,0,79
12/03/2014,MDT,PA,AEA,EN,Combined TRACON& Tower with Radar,37,49,22,6,114,0,0,0,5,5,37,49,22,11,119,0,0,0,119
12/04/2014,MDT,PA,AEA,EN,Combined TRACON& Tower with Radar,44,47,6,11,108,0,1,18,4,23,44,48,24,15,131,0,36,36,167
12/05/2014,MDT,PA,AEA,EN,Combined TRACON& Tower with Radar,39,44,7,18,108,0,0,1,1,2,39,44,8,19,110,0,50,50,160
12/06/2014,MDT,PA,AEA,EN,Combined TRACON& Tower with Radar,20,27,0,0,47,0,0,0,0,0,20,27,0,0,47,0,0,0,47
12/07/2014,MDT,PA,AEA,EN,Combined TRACON& Tower with Radar,31,35,10,3,79,0,0,14,1,15,31,35,24,4,94,4,4,8,102
12/08/2014,MDT,PA,AEA,EN,Combined TRACON& Tower with Radar,38,47,25,18,128,0,4,1,1,6,38,51,26,19,134,24,8,32,166
12/09/2014,MDT,PA,AEA,EN,Combined TRACON& Tower with Radar,34,46,16,3,99,0,0,0,1,1,34,46,16,4,100,0,12,12,112
12/10/2014,MDT,PA,AEA,EN,Combined TRACON& Tower with Radar,36,53,21,17,127,0,0,1,0,1,36,53,22,17,128,0,4,4,132
12/11/2014,MDT,PA,AEA,EN,Combined TRACON& Tower with Radar,43,47,19,24,133,0,0,0,0,0,43,47,19,24,133,0,10,10,143
12/12/2014,MDT,PA,AEA,EN,Combined TRACON& Tower with Radar,41,52,15,16,124,0,0,5,0,5,41,52,20,16,129,4,46,50,179
12/13/2014,MDT,PA,AEA,EN,Combined TRACON& Tower with Radar,20,26,8,0,54,0,0,2,1,3,20,26,10,1,57,0,0,0,57
12/14/2014,MDT,PA,AEA,EN,Combined TRACON& Tower with Radar,31,35,12,3,81,0,0,9,0,9,31,35,21,3,90,0,0,0,90
12/15/2014,MDT,PA,AEA,EN,Combined TRACON& Tower with Radar,41,42,23,17,123,0,2,5,3,10,41,44,28,20,133,0,64,64,197
12/16/2014,MDT,PA,AEA,EN,Combined TRACON& Tower with Radar,44,54,30,24,152,0,0,0,0,0,44,54,30,24,152,0,0,0,152
12/17/2014,MDT,PA,AEA,EN,Combined TRACON& Tower with Radar,43,47,19,3,112,0,0,2,13,15,43,47,21,16,127,0,32,32,159
12/18/2014,MDT,PA,AEA,EN,Combined TRACON& Tower with Radar,49,47,25,10,131,0,0,2,2,4,49,47,27,12,135,4,24,28,163
12/19/2014,MDT,PA,AEA,EN,Combined TRACON& Tower with Radar,45,51,19,4,119,0,0,10,0,10,45,51,29,4,129,20,0,20,149
12/20/2014,MDT,PA,AEA,EN,Combined TRACON& Tower with Radar,31,32,6,0,69,0,1,10,0,11,31,33,16,0,80,0,0,0,80
12/21/2014,MDT,PA,AEA,EN,Combined TRACON& Tower with Radar,37,46,6,0,89,0,0,16,0,16,37,46,22,0,105,22,0,22,127
12/22/2014,MDT,PA,AEA,EN,Combined TRACON& Tower with Radar,50,46,9,5,110,0,0,2,1,3,50,46,11,6,113,0,20,20,133
12/23/2014,MDT,PA,AEA,EN,Combined TRACON& Tower with Radar,43,44,9,5,101,0,0,0,0,0,43,44,9,5,101,0,0,0,101
12/24/2014,MDT,PA,AEA,EN,Combined TRACON& Tower with Radar,44,36,2,1,83,0,0,0,0,0,44,36,2,1,83,0,0,0,83
12/25/2014,MDT,PA,AEA,EN,Combined TRACON& Tower with Radar,27,17,2,0,46,0,0,3,0,3,27,17,5,0,49,6,0,6,55
12/26/2014,MDT,PA,AEA,EN,Combined TRACON& Tower with Radar,33,43,3,0,79,0,1,15,0,16,33,44,18,0,95,0,0,0,95
12/27/2014,MDT,PA,AEA,EN,Combined TRACON& Tower with Radar,21,36,16,0,73,0,0,9,0,9,21,36,25,0,82,6,0,6,88
12/28/2014,MDT,PA,AEA,EN,Combined TRACON& Tower with Radar,25,44,10,0,79,0,0,7,1,8,25,44,17,1,87,24,0,24,111
12/29/2014,MDT,PA,AEA,EN,Combined TRACON& Tower with Radar,33,47,15,52,147,0,0,19,0,19,33,47,34,52,166,0,44,44,210
12/30/2014,MDT,PA,AEA,EN,Combined TRACON& Tower with Radar,40,48,6,14,108,0,1,10,5,16,40,49,16,19,124,10,32,42,166
12/31/2014,MDT,PA,AEA,EN,Combined TRACON& Tower with Radar,35,36,1,0,72,0,2,5,0,7,35,38,6,0,79,6,0,6,85
01/01/2015,MDT,PA,AEA,EN,Combined TRACON& Tower with Radar,24,28,1,0,53,0,0,2,0,2,24,28,3,0,55,8,0,8,63
01/02/2015,MDT,PA,AEA,EN,Combined TRACON& Tower with Radar,41,47,12,0,100,0,0,10,0,10,41,47,22,0,110,16,0,16,126
01/03/2015,MDT,PA,AEA,EN,Combined TRACON& Tower with Radar,26,34,2,0,62,0,0,0,0,0,26,34,2,0,62,0,0,0,62
01/04/2015,MDT,PA,AEA,EN,Combined TRACON& Tower with Radar,27,33,5,0,65,0,0,0,0,0,27,33,5,0,65,0,0,0,65
01/05/2015,MDT,PA,AEA,EN,Combined TRACON& Tower with Radar,34,50,6,0,90,0,1,1,0,2,34,51,7,0,92,0,0,0,92
01/06/2015,MDT,PA,AEA,EN,Combined TRACON& Tower with Radar,32,42,18,2,94,0,0,0,0,0,32,42,18,2,94,0,0,0,94
01/07/2015,MDT,PA,AEA,EN,Combined TRACON& Tower with Radar,33,47,15,2,97,0,2,2,0,4,33,49,17,2,101,6,4,10,111
01/08/2015,MDT,PA,AEA,EN,Combined TRACON& Tower with Radar,37,52,13,4,106,0,0,1,10,11,37,52,14,14,117,0,12,12,129
01/09/2015,MDT,PA,AEA,EN,Combined TRACON& Tower with Radar,35,44,15,17,111,0,0,2,2,4,35,44,17,19,115,0,36,36,151
01/10/2015,MDT,PA,AEA,EN,Combined TRACON& Tower with Radar,24,31,1,1,57,0,0,6,0,6,24,31,7,1,63,0,0,0,63
01/11/2015,MDT,PA,AEA,EN,Combined TRACON& Tower with Radar,25,43,6,1,75,0,2,12,1,15,25,45,18,2,90,0,0,0,90
01/12/2015,MDT,PA,AEA,EN,Combined TRACON& Tower with Radar,37,42,8,18,105,0,0,0,0,0,37,42,8,18,105,0,6,6,111
01/13/2015,MDT,PA,AEA,EN,Combined TRACON& Tower with Radar,37,44,22,14,117,0,0,5,3,8,37,44,27,17,125,0,22,22,147
01/14/2015,MDT,PA,AEA,EN,Combined TRACON& Tower with Radar,37,46,22,42,147,0,0,2,3,5,37,46,24,45,152,0,16,16,168
01/15/2015,MDT,PA,AEA,EN,Combined TRACON& Tower with Radar,40,50,22,46,158,0,2,10,10,22,40,52,32,56,180,4,44,48,228
01/16/2015,MDT,PA,AEA,EN,Combined TRACON& Tower with Radar,36,51,12,10,109,0,2,4,0,6,36,53,16,10,115,0,0,0,115
01/17/2015,MDT,PA,AEA,EN,Combined TRACON& Tower with Radar,23,27,9,0,59,0,0,7,0,7,23,27,16,0,66,0,18,18,84
01/18/2015,MDT,PA,AEA,EN,Combined TRACON& Tower with Radar,23,27,4,0,54,0,0,0,0,0,23,27,4,0,54,0,0,0,54
01/19/2015,MDT,PA,AEA,EN,Combined TRACON& Tower with Radar,34,60,20,0,114,0,1,10,2,13,34,61,30,2,127,0,0,0,127
01/20/2015,MDT,PA,AEA,EN,Combined TRACON& Tower with Radar,35,57,13,27,132,0,0,4,3,7,35,57,17,30,139,0,0,0,139
01/21/2015,MDT,PA,AEA,EN,Combined TRACON& Tower with Radar,35,50,11,10,106,0,0,1,3,4,35,50,12,13,110,0,0,0,110
01/22/2015,MDT,PA,AEA,EN,Combined TRACON& Tower with Radar,40,46,14,26,126,0,0,1,9,10,40,46,15,35,136,0,48,48,184
01/23/2015,MDT,PA,AEA,EN,Combined TRACON& Tower with Radar,37,42,13,36,128,0,2,7,2,11,37,44,20,38,139,4,32,36,175
01/24/2015,MDT,PA,AEA,EN,Combined TRACON& Tower with Radar,24,27,4,9,64,0,0,0,1,1,24,27,4,10,65,0,8,8,73
01/25/2015,MDT,PA,AEA,EN,Combined TRACON& Tower with Radar,27,51,13,4,95,0,2,10,1,13,27,53,23,5,108,8,6,14,122
01/26/2015,MDT,PA,AEA,EN,Combined TRACON& Tower with Radar,38,37,19,1,95,0,0,1,0,1,38,37,20,1,96,0,0,0,96
01/27/2015,MDT,PA,AEA,EN,Combined TRACON& Tower with Radar,37,35,7,13,92,0,1,2,3,6,37,36,9,16,98,2,24,26,124
01/28/2015,MDT,PA,AEA,EN,Combined TRACON& Tower with Radar,39,48,11,22,120,0,0,5,0,5,39,48,16,22,125,0,36,36,161
01/29/2015,MDT,PA,AEA,EN,Combined TRACON& Tower with Radar,41,41,13,16,111,0,0,1,1,2,41,41,14,17,113,0,0,0,113
01/30/2015,MDT,PA,AEA,EN,Combined TRACON& Tower with Radar,38,53,7,12,110,0,1,1,4,6,38,54,8,16,116,8,8,16,132
01/31/2015,MDT,PA,AEA,EN,Combined TRACON& Tower with Radar,23,32,5,2,62,0,0,9,0,9,23,32,14,2,71,0,0,0,71
02/01/2015,MDT,PA,AEA,EN,Combined TRACON& Tower with Radar,17,29,6,0,52,0,0,6,0,6,17,29,12,0,58,10,0,10,68
02/02/2015,MDT,PA,AEA,EN,Combined TRACON& Tower with Radar,34,61,17,0,112,0,0,0,0,0,34,61,17,0,112,0,0,0,112
02/03/2015,MDT,PA,AEA,EN,Combined TRACON& Tower with Radar,45,43,15,21,124,0,0,8,5,13,45,43,23,26,137,10,32,42,179
02/04/2015,MDT,PA,AEA,EN,Combined TRACON& Tower with Radar,36,44,20,32,132,0,0,13,0,13,36,44,33,32,145,22,40,62,207
02/05/2015,MDT,PA,AEA,EN,Combined TRACON& Tower with Radar,40,45,6,9,100,0,0,3,5,8,40,45,9,14,108,0,20,20,128
02/06/2015,MDT,PA,AEA,EN,Combined TRACON& Tower with Radar,38,49,10,13,110,0,0,15,3,18,38,49,25,16,128,0,14,14,142
02/07/2015,MDT,PA,AEA,EN,Combined TRACON& Tower with Radar,23,28,8,1,60,0,2,6,1,9,23,30,14,2,69,6,0,6,75
02/08/2015,MDT,PA,AEA,EN,Combined TRACON& Tower with Radar,29,36,12,22,99,0,0,8,2,10,29,36,20,24,109,0,0,0,109
02/09/2015,MDT,PA,AEA,EN,Combined TRACON& Tower with Radar,39,34,18,0,91,0,0,1,0,1,39,34,19,0,92,2,2,4,96
02/10/2015,MDT,PA,AEA,EN,Combined TRACON& Tower with Radar,33,49,19,9,110,0,0,8,4,12,33,49,27,13,122,16,6,22,144
02/11/2015,MDT,PA,AEA,EN,Combined TRACON& Tower with Radar,35,54,24,29,142,0,2,5,2,9,35,56,29,31,151,8,14,22,173
02/12/2015,MDT,PA,AEA,EN,Combined TRACON& Tower with Radar,45,57,15,21,138,0,11,5,0,16,45,68,20,21,154,10,24,34,188
02/13/2015,MDT,PA,AEA,EN,Combined TRACON& Tower with Radar,33,48,9,2,92,0,1,8,4,13,33,49,17,6,105,0,0,0,105
02/14/2015,MDT,PA,AEA,EN,Combined TRACON& Tower with Radar,23,23,6,7,59,0,0,0,0,0,23,23,6,7,59,0,0,0,59
02/15/2015,MDT,PA,AEA,EN,Combined TRACON& Tower with Radar,18,37,5,1,61,0,1,5,0,6,18,38,10,1,67,0,0,0,67
02/16/2015,MDT,PA,AEA,EN,Combined TRACON& Tower with Radar,30,43,15,0,88,0,0,12,0,12,30,43,27,0,100,0,0,0,100
02/17/2015,MDT,PA,AEA,EN,Combined TRACON& Tower with Radar,38,45,20,6,109,0,0,8,3,11,38,45,28,9,120,8,12,20,140
02/18/2015,MDT,PA,AEA,EN,Combined TRACON& Tower with Radar,36,45,12,9,102,0,0,5,1,6,36,45,17,10,108,0,0,0,108
02/19/2015,MDT,PA,AEA,EN,Combined TRACON& Tower with Radar,39,47,31,10,127,0,1,3,0,4,39,48,34,10,131,4,10,14,145
02/20/2015,MDT,PA,AEA,EN,Combined TRACON& Tower with Radar,37,53,17,15,122,0,1,2,2,5,37,54,19,17,127,14,22,36,163
02/21/2015,MDT,PA,AEA,EN,Combined TRACON& Tower with Radar,24,21,2,0,47,0,0,0,0,0,24,21,2,0,47,0,0,0,47
02/22/2015,MDT,PA,AEA,EN,Combined TRACON& Tower with Radar,24,42,17,0,83,0,0,4,1,5,24,42,21,1,88,0,0,0,88
02/23/2015,MDT,PA,AEA,EN,Combined TRACON& Tower with Radar,43,40,9,21,113,0,1,6,6,13,43,41,15,27,126,0,26,26,152
02/24/2015,MDT,PA,AEA,EN,Combined TRACON& Tower with Radar,40,42,20,25,127,0,1,8,6,15,40,43,28,31,142,6,40,46,188
02/25/2015,MDT,PA,AEA,EN,Combined TRACON& Tower with Radar,37,48,21,31,137,0,0,6,0,6,37,48,27,31,143,18,30,48,191
02/26/2015,MDT,PA,AEA,EN,Combined TRACON& Tower with Radar,40,54,24,26,144,0,0,7,5,12,40,54,31,31,156,6,36,42,198
02/27/2015,MDT,PA,AEA,EN,Combined TRACON& Tower with Radar,42,48,19,30,139,0,0,11,1,12,42,48,30,31,151,0,30,30,181
02/28/2015,MDT,PA,AEA,EN,Combined TRACON& Tower with Radar,24,30,8,0,62,0,0,14,0,14,24,30,22,0,76,0,0,0,76
03/01/2015,MDT,PA,AEA,EN,Combined TRACON& Tower with Radar,26,34,2,0,62,0,0,0,0,0,26,34,2,0,62,0,0,0,62
03/02/2015,MDT,PA,AEA,EN,Combined TRACON& Tower with Radar,41,53,19,3,116,0,0,1,0,1,41,53,20,3,117,2,2,4,121
03/03/2015,MDT,PA,AEA,EN,Combined TRACON& Tower with Radar,45,45,15,19,124,0,0,1,0,1,45,45,16,19,125,0,24,24,149
03/04/2015,MDT,PA,AEA,EN,Combined TRACON& Tower with Radar,39,45,11,26,121,0,0,0,0,0,39,45,11,26,121,0,46,46,167
03/05/2015,MDT,PA,AEA,EN,Combined TRACON& Tower with Radar,41,25,10,0,76,0,0,0,0,0,41,25,10,0,76,0,0,0,76
03/06/2015,MDT,PA,AEA,EN,Combined TRACON& Tower with Radar,38,43,13,3,97,0,0,10,2,12,38,43,23,5,109,0,0,0,109
03/07/2015,MDT,PA,AEA,EN,Combined TRACON& Tower with Radar,26,36,16,3,81,0,2,15,3,20,26,38,31,6,101,49,2,51,152
03/08/2015,MDT,PA,AEA,EN,Combined TRACON& Tower with Radar,27,40,15,5,87,0,0,17,1,18,27,40,32,6,105,16,2,18,123
03/09/2015,MDT,PA,AEA,EN,Combined TRACON& Tower with Radar,39,49,20,14,122,0,0,9,3,12,39,49,29,17,134,4,10,14,148
03/10/2015,MDT,PA,AEA,EN,Combined TRACON& Tower with Radar,42,50,19,17,128,0,0,3,2,5,42,50,22,19,133,4,0,4,137
03/11/2015,MDT,PA,AEA,EN,Combined TRACON& Tower with Radar,40,50,13,4,107,0,0,4,0,4,40,50,17,4,111,6,2,8,119
03/12/2015,MDT,PA,AEA,EN,Combined TRACON& Tower with Radar,44,52,15,17,128,0,1,15,3,19,44,53,30,20,147,0,36,36,183
03/13/2015,MDT,PA,AEA,EN,Combined TRACON& Tower with Radar,35,48,14,14,111,0,0,7,5,12,35,48,21,19,123,0,12,12,135
03/14/2015,MDT,PA,AEA,EN,Combined TRACON& Tower with Radar,24,30,13,0,67,0,0,0,0,0,24,30,13,0,67,0,0,0,67
03/15/2015,MDT,PA,AEA,EN,Combined TRACON& Tower with Radar,25,47,4,3,79,0,0,2,0,2,25,47,6,3,81,6,0,6,87
03/16/2015,MDT,PA,AEA,EN,Combined TRACON& Tower with Radar,34,46,11,9,100,0,0,17,0,17,34,46,28,9,117,6,14,20,137
03/17/2015,MDT,PA,AEA,EN,Combined TRACON& Tower with Radar,39,48,14,13,114,0,0,11,1,12,39,48,25,14,126,22,28,50,176
03/18/2015,MDT,PA,AEA,EN,Combined TRACON& Tower with Radar,42,46,16,34,138,0,0,6,0,6,42,46,22,34,144,6,44,50,194
03/19/2015,MDT,PA,AEA,EN,Combined TRACON& Tower with Radar,41,48,26,24,139,0,0,8,1,9,41,48,34,25,148,28,40,68,216
03/20/2015,MDT,PA,AEA,EN,Combined TRACON& Tower with Radar,38,52,10,3,103,0,1,0,0,1,38,53,10,3,104,0,0,0,104
03/21/2015,MDT,PA,AEA,EN,Combined TRACON& Tower with Radar,27,29,7,2,65,0,0,4,0,4,27,29,11,2,69,0,0,0,69
03/22/2015,MDT,PA,AEA,EN,Combined TRACON& Tower with Radar,25,41,10,0,76,0,0,8,0,8,25,41,18,0,84,8,2,10,94
03/23/2015,MDT,PA,AEA,EN,Combined TRACON& Tower with Radar,32,43,19,10,104,0,1,4,7,12,32,44,23,17,116,0,0,0,116
03/24/2015,MDT,PA,AEA,EN,Combined TRACON& Tower with Radar,46,51,14,23,134,0,0,12,3,15,46,51,26,26,149,6,6,12,161
03/25/2015,MDT,PA,AEA,EN,Combined TRACON& Tower with Radar,42,41,14,17,114,0,0,2,0,2,42,41,16,17,116,8,8,16,132
03/26/2015,MDT,PA,AEA,EN,Combined TRACON& Tower with Radar,49,55,12,11,127,0,3,0,1,4,49,58,12,12,131,0,56,56,187
03/27/2015,MDT,PA,AEA,EN,Combined TRACON& Tower with Radar,37,45,11,13,106,0,0,2,6,8,37,45,13,19,114,0,0,0,114
03/28/2015,MDT,PA,AEA,EN,Combined TRACON& Tower with Radar,25,28,2,0,55,0,0,4,0,4,25,28,6,0,59,0,58,58,117
03/29/2015,MDT,PA,AEA,EN,Combined TRACON& Tower with Radar,25,43,9,9,86,0,2,17,0,19,25,45,26,9,105,16,18,34,139
03/30/2015,MDT,PA,AEA,EN,Combined TRACON& Tower with Radar,39,43,11,2,95,0,1,4,2,7,39,44,15,4,102,4,4,8,110
03/31/2015,MDT,PA,AEA,EN,Combined TRACON& Tower with Radar,30,47,18,0,95,0,2,2,1,5,30,49,20,1,100,4,30,34,134
04/01/2015,MDT,PA,AEA,EN,Combined TRACON& Tower with Radar,40,47,12,32,131,0,0,10,2,12,40,47,22,34,143,20,66,86,229
04/02/2015,MDT,PA,AEA,EN,Combined TRACON& Tower with Radar,40,48,11,6,105,0,0,3,1,4,40,48,14,7,109,0,12,12,121
04/03/2015,MDT,PA,AEA,EN,Combined TRACON& Tower with Radar,36,46,9,8,99,0,2,0,5,7,36,48,9,13,106,0,0,0,106
04/04/2015,MDT,PA,AEA,EN,Combined TRACON& Tower with Radar,23,30,3,0,56,0,0,0,1,1,23,30,3,1,57,0,0,0,57
04/05/2015,MDT,PA,AEA,EN,Combined TRACON& Tower with Radar,25,37,2,0,64,0,0,5,0,5,25,37,7,0,69,4,0,4,73
04/06/2015,MDT,PA,AEA,EN,Combined TRACON& Tower with Radar,36,46,28,9,119,0,1,9,6,16,36,47,37,15,135,8,4,12,147
04/07/2015,MDT,PA,AEA,EN,Combined TRACON& Tower with Radar,38,46,14,3,101,0,0,2,0,2,38,46,16,3,103,0,16,16,119
04/08/2015,MDT,PA,AEA,EN,Combined TRACON& Tower with Radar,37,49,18,23,127,0,0,0,0,0,37,49,18,23,127,0,0,0,127
04/09/2015,MDT,PA,AEA,EN,Combined TRACON& Tower with Radar,39,49,11,28,127,0,0,0,0,0,39,49,11,28,127,0,0,0,127
04/10/2015,MDT,PA,AEA,EN,Combined TRACON& Tower with Radar,39,51,7,5,102,0,0,0,0,0,39,51,7,5,102,6,0,6,108
04/11/2015,MDT,PA,AEA,EN,Combined TRACON& Tower with Radar,23,35,5,2,65,0,0,14,0,14,23,35,19,2,79,0,0,0,79
04/12/2015,MDT,PA,AEA,EN,Combined TRACON& Tower with Radar,25,45,4,1,75,0,0,22,0,22,25,45,26,1,97,28,0,28,125
04/13/2015,MDT,PA,AEA,EN,Combined TRACON& Tower with Radar,39,48,17,2,106,2,0,14,2,18,41,48,31,4,124,8,30,38,162
04/14/2015,MDT,PA,AEA,EN,Combined TRACON& Tower with Radar,40,44,23,13,120,0,0,9,3,12,40,44,32,16,132,8,26,34,166
04/15/2015,MDT,PA,AEA,EN,Combined TRACON& Tower with Radar,42,52,8,37,139,0,0,12,2,14,42,52,20,39,153,4,66,70,223
04/16/2015,MDT,PA,AEA,EN,Combined TRACON& Tower with Radar,39,45,15,24,123,0,0,14,4,18,39,45,29,28,141,4,40,44,185
04/17/2015,MDT,PA,AEA,EN,Combined TRACON& Tower with Radar,39,49,13,20,121,0,0,2,1,3,39,49,15,21,124,0,10,10,134
04/18/2015,MDT,PA,AEA,EN,Combined TRACON& Tower with Radar,24,36,7,1,68,0,3,16,0,19,24,39,23,1,87,4,0,4,91
04/19/2015,MDT,PA,AEA,EN,Combined TRACON& Tower with Radar,25,41,7,1,74,0,0,19,1,20,25,41,26,2,94,28,0,28,122
04/20/2015,MDT,PA,AEA,EN,Combined TRACON& Tower with Radar,41,46,23,2,112,0,0,2,0,2,41,46,25,2,114,0,0,0,114
04/21/2015,MDT,PA,AEA,EN,Combined TRACON& Tower with Radar,43,51,21,34,149,0,1,5,3,9,43,52,26,37,158,0,10,10,168
04/22/2015,MDT,PA,AEA,EN,Combined TRACON& Tower with Radar,36,48,16,8,108,0,0,7,0,7,36,48,23,8,115,22,0,22,137
04/23/2015,MDT,PA,AEA,EN,Combined TRACON& Tower with Radar,42,56,23,14,135,0,4,13,0,17,42,60,36,14,152,14,0,14,166
04/24/2015,MDT,PA,AEA,EN,Combined TRACON& Tower with Radar,38,50,12,14,114,0,6,6,1,13,38,56,18,15,127,14,0,14,141
04/25/2015,MDT,PA,AEA,EN,Combined TRACON& Tower with Radar,24,33,9,3,69,0,2,12,0,14,24,35,21,3,83,20,0,20,103
04/26/2015,MDT,PA,AEA,EN,Combined TRACON& Tower with Radar,24,40,6,3,73,0,0,7,0,7,24,40,13,3,80,0,0,0,80
04/27/2015,MDT,PA,AEA,EN,Combined TRACON& Tower with Radar,39,50,26,14,129,0,3,15,5,23,39,53,41,19,152,0,14,14,166
04/28/2015,MDT,PA,AEA,EN,Combined TRACON& Tower with Radar,39,53,24,27,143,0,1,12,0,13,39,54,36,27,156,6,28,34,190
04/29/2015,MDT,PA,AEA,EN,Combined TRACON& Tower with Radar,44,43,20,14,121,0,3,10,7,20,44,46,30,21,141,16,70,86,227
04/30/2015,MDT,PA,AEA,EN,Combined TRACON& Tower with Radar,39,47,22,7,115,0,0,4,1,5,39,47,26,8,120,38,8,46,166
05/01/2015,MDT,PA,AEA,EN,Combined TRACON& Tower with Radar,37,47,15,5,104,0,1,5,0,6,37,48,20,5,110,0,18,18,128
05/02/2015,MDT,PA,AEA,EN,Combined TRACON& Tower with Radar,26,38,6,1,71,0,2,12,0,14,26,40,18,1,85,22,0,22,107
05/03/2015,MDT,PA,AEA,EN,Combined TRACON& Tower with Radar,22,43,8,0,73,0,1,12,0,13,22,44,20,0,86,16,0,16,102
05/04/2015,MDT,PA,AEA,EN,Combined TRACON& Tower with Radar,37,49,21,33,140,0,4,10,2,16,37,53,31,35,156,8,54,62,218
05/05/2015,MDT,PA,AEA,EN,Combined TRACON& Tower with Radar,34,49,24,10,117,0,1,6,3,10,34,50,30,13,127,4,6,10,137
05/06/2015,MDT,PA,AEA,EN,Combined TRACON& Tower with Radar,35,53,23,44,155,0,0,1,6,7,35,53,24,50,162,0,44,44,206
05/07/2015,MDT,PA,AEA,EN,Combined TRACON& Tower with Radar,36,53,17,17,123,0,13,15,3,31,36,66,32,20,154,32,20,52,206
05/08/2015,MDT,PA,AEA,EN,Combined TRACON& Tower with Radar,36,51,22,8,117,0,3,7,2,12,36,54,29,10,129,6,14,20,149
05/09/2015,MDT,PA,AEA,EN,Combined TRACON& Tower with Radar,33,29,7,0,69,0,1,1,0,2,33,30,8,0,71,0,0,0,71
05/10/2015,MDT,PA,AEA,EN,Combined TRACON& Tower with Radar,27,37,7,1,72,0,0,2,0,2,27,37,9,1,74,0,0,0,74
05/11/2015,MDT,PA,AEA,EN,Combined TRACON& Tower with Radar,39,48,24,16,127,0,1,11,0,12,39,49,35,16,139,6,86,92,231
05/12/2015,MDT,PA,AEA,EN,Combined TRACON& Tower with Radar,38,58,11,15,122,0,5,4,2,11,38,63,15,17,133,2,18,20,153
05/13/2015,MDT,PA,AEA,EN,Combined TRACON& Tower with Radar,41,49,32,18,140,0,2,9,0,11,41,51,41,18,151,8,6,14,165
05/14/2015,MDT,PA,AEA,EN,Combined TRACON& Tower with Radar,37,54,19,9,119,0,5,10,0,15,37,59,29,9,134,26,4,30,164
05/15/2015,MDT,PA,AEA,EN,Combined TRACON& Tower with Radar,37,51,28,17,133,0,3,8,2,13,37,54,36,19,146,0,0,0,146
05/16/2015,MDT,PA,AEA,EN,Combined TRACON& Tower with Radar,28,29,7,2,66,0,0,0,0,0,28,29,7,2,66,0,0,0,66
05/17/2015,MDT,PA,AEA,EN,Combined TRACON& Tower with Radar,26,55,16,0,97,0,0,6,0,6,26,55,22,0,103,4,10,14,117
05/18/2015,MDT,PA,AEA,EN,Combined TRACON& Tower with Radar,40,42,18,19,119,0,2,4,1,7,40,44,22,20,126,6,12,18,144
05/19/2015,MDT,PA,AEA,EN,Combined TRACON& Tower with Radar,39,54,16,23,132,0,3,7,2,12,39,57,23,25,144,2,2,4,148
05/20/2015,MDT,PA,AEA,EN,Combined TRACON& Tower with Radar,38,56,24,31,149,0,0,4,2,6,38,56,28,33,155,0,0,0,155
05/21/2015,MDT,PA,AEA,EN,Combined TRACON& Tower with Radar,45,61,20,16,142,0,2,4,0,6,45,63,24,16,148,0,86,86,234
05/22/2015,MDT,PA,AEA,EN,Combined TRACON& Tower with Radar,37,59,8,0,104,0,2,9,0,11,37,61,17,0,115,0,0,0,115
05/23/2015,MDT,PA,AEA,EN,Combined TRACON& Tower with Radar,29,34,5,0,68,0,4,7,0,11,29,38,12,0,79,0,0,0,79
05/24/2015,MDT,PA,AEA,EN,Combined TRACON& Tower with Radar,19,32,8,0,59,0,0,14,0,14,19,32,22,0,73,0,0,0,73
05/25/2015,MDT,PA,AEA,EN,Combined TRACON& Tower with Radar,28,32,3,0,63,0,0,14,0,14,28,32,17,0,77,0,0,0,77
05/26/2015,MDT,PA,AEA,EN,Combined TRACON& Tower with Radar,40,50,24,23,137,0,2,16,7,25,40,52,40,30,162,4,18,22,184
05/27/2015,MDT,PA,AEA,EN,Combined TRACON& Tower with Radar,44,46,18,20,128,0,2,4,4,10,44,48,22,24,138,4,30,34,172
05/28/2015,MDT,PA,AEA,EN,Combined TRACON& Tower with Radar,42,46,26,13,127,0,0,17,1,18,42,46,43,14,145,6,12,18,163
05/29/2015,MDT,PA,AEA,EN,Combined TRACON& Tower with Radar,43,53,15,8,119,0,3,13,1,17,43,56,28,9,136,20,2,22,158
05/30/2015,MDT,PA,AEA,EN,Combined TRACON& Tower with Radar,27,29,16,6,78,0,0,6,0,6,27,29,22,6,84,0,0,0,84
05/31/2015,MDT,PA,AEA,EN,Combined TRACON& Tower with Radar,27,39,11,0,77,0,2,10,2,14,27,41,21,2,91,2,0,2,93
06/01/2015,MDT,PA,AEA,EN,Combined TRACON& Tower with Radar,43,48,13,6,110,0,0,0,0,0,43,48,13,6,110,0,0,0,110
06/02/2015,MDT,PA,AEA,EN,Combined TRACON& Tower with Radar,34,52,21,21,128,0,0,0,0,0,34,52,21,21,128,0,0,0,128
06/03/2015,MDT,PA,AEA,EN,Combined TRACON& Tower with Radar,40,56,32,50,178,0,0,6,5,11,40,56,38,55,189,12,138,150,339
06/04/2015,MDT,PA,AEA,EN,Combined TRACON& Tower with Radar,42,59,21,18,140,0,0,4,1,5,42,59,25,19,145,10,34,44,189
06/05/2015,MDT,PA,AEA,EN,Combined TRACON& Tower with Radar,34,51,14,13,112,0,0,6,0,6,34,51,20,13,118,0,18,18,136
06/06/2015,MDT,PA,AEA,EN,Combined TRACON& Tower with Radar,21,36,3,0,60,0,0,5,0,5,21,36,8,0,65,12,0,12,77
06/07/2015,MDT,PA,AEA,EN,Combined TRACON& Tower with Radar,24,44,9,4,81,0,2,9,0,11,24,46,18,4,92,6,0,6,98
06/08/2015,MDT,PA,AEA,EN,Combined TRACON& Tower with Radar,30,46,10,4,90,0,1,12,0,13,30,47,22,4,103,8,8,16,119
06/09/2015,MDT,PA,AEA,EN,Combined TRACON& Tower with Radar,34,52,18,6,110,0,0,11,7,18,34,52,29,13,128,4,8,12,140
06/10/2015,MDT,PA,AEA,EN,Combined TRACON& Tower with Radar,38,52,25,27,142,0,4,17,3,24,38,56,42,30,166,20,30,50,216
06/11/2015,MDT,PA,AEA,EN,Combined TRACON& Tower with Radar,36,54,17,16,123,0,2,5,1,8,36,56,22,17,131,0,18,18,149
06/12/2015,MDT,PA,AEA,EN,Combined TRACON& Tower with Radar,35,55,24,7,121,0,0,14,1,15,35,55,38,8,136,0,6,6,142
06/13/2015,MDT,PA,AEA,EN,Combined TRACON& Tower with Radar,23,35,8,13,79,0,2,4,2,8,23,37,12,15,87,0,18,18,105
06/14/2015,MDT,PA,AEA,EN,Combined TRACON& Tower with Radar,31,43,14,0,88,0,1,10,0,11,31,44,24,0,99,8,0,8,107
06/15/2015,MDT,PA,AEA,EN,Combined TRACON& Tower with Radar,49,56,19,10,134,0,3,6,2,11,49,59,25,12,145,16,4,20,165
06/16/2015,MDT,PA,AEA,EN,Combined TRACON& Tower with Radar,39,57,23,30,149,0,0,6,3,9,39,57,29,33,158,8,26,34,192
06/17/2015,MDT,PA,AEA,EN,Combined TRACON& Tower with Radar,40,53,15,27,135,0,0,18,1,19,40,53,33,28,154,2,30,32,186
06/18/2015,MDT,PA,AEA,EN,Combined TRACON& Tower with Radar,38,52,16,14,120,0,0,2,1,3,38,52,18,15,123,0,6,6,129
06/19/2015,MDT,PA,AEA,EN,Combined TRACON& Tower with Radar,36,53,16,18,123,0,1,9,3,13,36,54,25,21,136,2,42,44,180
06/20/2015,MDT,PA,AEA,EN,Combined TRACON& Tower with Radar,25,34,11,4,74,0,0,1,0,1,25,34,12,4,75,0,0,0,75
06/21/2015,MDT,PA,AEA,EN,Combined TRACON& Tower with Radar,28,51,10,2,91,0,0,12,0,12,28,51,22,2,103,12,0,12,115
06/22/2015,MDT,PA,AEA,EN,Combined TRACON& Tower with Radar,31,47,35,16,129,0,2,20,1,23,31,49,55,17,152,22,0,22,174
06/23/2015,MDT,PA,AEA,EN,Combined TRACON& Tower with Radar,41,46,21,3,111,0,1,12,1,14,41,47,33,4,125,18,0,18,143
06/24/2015,MDT,PA,AEA,EN,Combined TRACON& Tower with Radar,40,55,29,20,144,0,4,7,3,14,40,59,36,23,158,4,34,38,196
06/25/2015,MDT,PA,AEA,EN,Combined TRACON& Tower with Radar,35,51,21,1,108,0,2,9,0,11,35,53,30,1,119,6,10,16,135
06/26/2015,MDT,PA,AEA,EN,Combined TRACON& Tower with Radar,33,52,26,6,117,0,0,3,1,4,33,52,29,7,121,0,14,14,135
06/27/2015,MDT,PA,AEA,EN,Combined TRACON& Tower with Radar,33,42,4,3,82,0,0,0,0,0,33,42,4,3,82,12,0,12,94
06/28/2015,MDT,PA,AEA,EN,Combined TRACON& Tower with Radar,30,35,17,2,84,0,0,8,0,8,30,35,25,2,92,2,0,2,94
06/29/2015,MDT,PA,AEA,EN,Combined TRACON& Tower with Radar,32,50,30,33,145,0,0,16,6,22,32,50,46,39,167,36,90,126,293
06/30/2015,MDT,PA,AEA,EN,Combined TRACON& Tower with Radar,35,49,17,1,102,0,2,6,7,15,35,51,23,8,117,0,0,0,117
07/01/2015,MDT,PA,AEA,EN,Combined TRACON& Tower with Radar,40,54,17,8,119,0,2,15,0,17,40,56,32,8,136,10,20,30,166
07/02/2015,MDT,PA,AEA,EN,Combined TRACON& Tower with Radar,37,45,16,3,101,0,3,18,1,22,37,48,34,4,123,0,22,22,145
07/03/2015,MDT,PA,AEA,EN,Combined TRACON& Tower with Radar,28,36,4,0,68,0,0,9,0,9,28,36,13,0,77,8,0,8,85
07/04/2015,MDT,PA,AEA,EN,Combined TRACON& Tower with Radar,18,29,3,0,50,0,0,0,1,1,18,29,3,1,51,0,0,0,51
07/05/2015,MDT,PA,AEA,EN,Combined TRACON& Tower with Radar,23,39,18,1,81,0,2,2,0,4,23,41,20,1,85,0,0,0,85
07/06/2015,MDT,PA,AEA,EN,Combined TRACON& Tower with Radar,38,50,11,1,100,0,0,5,0,5,38,50,16,1,105,10,8,18,123
07/07/2015,MDT,PA,AEA,EN,Combined TRACON& Tower with Radar,32,51,18,5,106,1,0,5,4,10,33,51,23,9,116,0,8,8,124
07/08/2015,MDT,PA,AEA,EN,Combined TRACON& Tower with Radar,43,55,19,6,123,0,0,8,4,12,43,55,27,10,135,12,20,32,167
07/09/2015,MDT,PA,AEA,EN,Combined TRACON& Tower with Radar,36,53,13,4,106,0,0,8,2,10,36,53,21,6,116,14,0,14,130
07/10/2015,MDT,PA,AEA,EN,Combined TRACON& Tower with Radar,37,56,16,2,111,0,1,18,2,21,37,57,34,4,132,26,4,30,162
07/11/2015,MDT,PA,AEA,EN,Combined TRACON& Tower with Radar,25,35,7,5,72,0,0,7,1,8,25,35,14,6,80,10,0,10,90
07/12/2015,MDT,PA,AEA,EN,Combined TRACON& Tower with Radar,22,46,10,18,96,0,0,17,3,20,22,46,27,21,116,18,0,18,134
07/13/2015,MDT,PA,AEA,EN,Combined TRACON& Tower with Radar,37,42,14,4,97,0,1,11,1,13,37,43,25,5,110,6,10,16,126
07/14/2015,MDT,PA,AEA,EN,Combined TRACON& Tower with Radar,37,61,22,9,129,0,0,10,1,11,37,61,32,10,140,6,8,14,154
07/15/2015,MDT,PA,AEA,EN,Combined TRACON& Tower with Radar,41,60,27,20,148,0,1,8,2,11,41,61,35,22,159,0,16,16,175
07/16/2015,MDT,PA,AEA,EN,Combined TRACON& Tower with Radar,40,51,27,12,130,0,0,13,7,20,40,51,40,19,150,13,20,33,183
07/17/2015,MDT,PA,AEA,EN,Combined TRACON& Tower with Radar,36,48,15,2,101,0,2,9,0,11,36,50,24,2,112,8,8,16,128
07/18/2015,MDT,PA,AEA,EN,Combined TRACON& Tower with Radar,22,36,7,2,67,0,0,5,0,5,22,36,12,2,72,0,0,0,72
07/19/2015,MDT,PA,AEA,EN,Combined TRACON& Tower with Radar,20,44,9,0,73,0,0,16,0,16,20,44,25,0,89,0,0,0,89
07/20/2015,MDT,PA,AEA,EN,Combined TRACON& Tower with Radar,37,53,9,13,112,0,3,7,4,14,37,56,16,17,126,22,18,40,166
07/21/2015,MDT,PA,AEA,EN,Combined TRACON& Tower with Radar,31,53,13,18,115,0,0,14,4,18,31,53,27,22,133,0,60,60,193
07/22/2015,MDT,PA,AEA,EN,Combined TRACON& Tower with Radar,40,61,32,21,154,0,0,15,7,22,40,61,47,28,176,6,14,20,196
07/23/2015,MDT,PA,AEA,EN,Combined TRACON& Tower with Radar,36,54,11,13,114,0,3,14,1,18,36,57,25,14,132,0,20,20,152
07/24/2015,MDT,PA,AEA,EN,Combined TRACON& Tower with Radar,37,52,19,17,125,0,0,17,3,20,37,52,36,20,145,22,22,44,189
07/25/2015,MDT,PA,AEA,EN,Combined TRACON& Tower with Radar,23,32,3,6,64,0,0,16,0,16,23,32,19,6,80,6,14,20,100
07/26/2015,MDT,PA,AEA,EN,Combined TRACON& Tower with Radar,26,47,12,6,91,0,0,6,0,6,26,47,18,6,97,12,0,12,109
07/27/2015,MDT,PA,AEA,EN,Combined TRACON& Tower with Radar,44,54,21,0,119,0,0,11,0,11,44,54,32,0,130,8,2,10,140
07/28/2015,MDT,PA,AEA,EN,Combined TRACON& Tower with Radar,33,48,23,2,106,0,0,20,1,21,33,48,43,3,127,26,8,34,161
07/29/2015,MDT,PA,AEA,EN,Combined TRACON& Tower with Radar,35,58,28,11,132,0,0,27,5,32,35,58,55,16,164,14,26,40,204
07/30/2015,MDT,PA,AEA,EN,Combined TRACON& Tower with Radar,51,54,24,1,130,0,0,21,5,26,51,54,45,6,156,18,24,42,198
07/31/2015,MDT,PA,AEA,EN,Combined TRACON& Tower with Radar,37,51,11,19,118,0,1,9,3,13,37,52,20,22,131,16,24,40,171
08/01/2015,MDT,PA,AEA,EN,Combined TRACON& Tower with Radar,26,37,9,0,72,0,2,12,0,14,26,39,21,0,86,0,0,0,86
08/02/2015,MDT,PA,AEA,EN,Combined TRACON& Tower with Radar,25,39,10,0,74,0,0,14,2,16,25,39,24,2,90,22,2,24,114
08/03/2015,MDT,PA,AEA,EN,Combined TRACON& Tower with Radar,39,48,15,9,111,0,0,7,0,7,39,48,22,9,118,22,0,22,140
08/04/2015,MDT,PA,AEA,EN,Combined TRACON& Tower with Radar,36,54,13,14,117,0,5,15,4,24,36,59,28,18,141,16,18,34,175
08/05/2015,MDT,PA,AEA,EN,Combined TRACON& Tower with Radar,43,53,20,17,133,0,2,20,9,31,43,55,40,26,164,22,48,70,234
08/06/2015,MDT,PA,AEA,EN,Combined TRACON& Tower with Radar,36,51,12,11,110,0,0,12,9,21,36,51,24,20,131,0,0,0,131
08/07/2015,MDT,PA,AEA,EN,Combined TRACON& Tower with Radar,37,48,10,1,96,0,0,9,2,11,37,48,19,3,107,0,0,0,107
08/08/2015,MDT,PA,AEA,EN,Combined TRACON& Tower with Radar,26,43,2,3,74,0,2,7,3,12,26,45,9,6,86,0,20,20,106
08/09/2015,MDT,PA,AEA,EN,Combined TRACON& Tower with Radar,23,39,4,4,70,0,0,13,0,13,23,39,17,4,83,18,10,28,111
08/10/2015,MDT,PA,AEA,EN,Combined TRACON& Tower with Radar,35,47,11,10,103,0,0,0,1,1,35,47,11,11,104,6,6,12,116
08/11/2015,MDT,PA,AEA,EN,Combined TRACON& Tower with Radar,40,47,20,30,137,0,0,2,5,7,40,47,22,35,144,4,18,22,166
08/12/2015,MDT,PA,AEA,EN,Combined TRACON& Tower with Radar,37,42,14,21,114,0,0,29,7,36,37,42,43,28,150,12,8,20,170
08/13/2015,MDT,PA,AEA,EN,Combined TRACON& Tower with Radar,40,52,15,13,120,0,0,20,10,30,40,52,35,23,150,4,68,72,222
08/14/2015,MDT,PA,AEA,EN,Combined TRACON& Tower with Radar,37,47,17,4,105,0,0,15,1,16,37,47,32,5,121,2,6,8,129
08/15/2015,MDT,PA,AEA,EN,Combined TRACON& Tower with Radar,27,36,26,1,90,0,0,13,1,14,27,36,39,2,104,26,0,26,130
08/16/2015,MDT,PA,AEA,EN,Combined TRACON& Tower with Radar,25,41,8,0,74,0,1,19,0,20,25,42,27,0,94,8,0,8,102
08/17/2015,MDT,PA,AEA,EN,Combined TRACON& Tower with Radar,42,42,27,16,127,0,2,12,0,14,42,44,39,16,141,0,18,18,159
08/18/2015,MDT,PA,AEA,EN,Combined TRACON& Tower with Radar,40,52,15,17,124,0,3,6,5,14,40,55,21,22,138,0,0,0,138
08/19/2015,MDT,PA,AEA,EN,Combined TRACON& Tower with Radar,39,52,23,6,120,0,1,3,1,5,39,53,26,7,125,0,0,0,125
08/20/2015,MDT,PA,AEA,EN,Combined TRACON& Tower with Radar,32,54,12,7,105,0,0,0,0,0,32,54,12,7,105,14,10,24,129
08/21/2015,MDT,PA,AEA,EN,Combined TRACON& Tower with Radar,40,49,16,19,124,0,2,12,1,15,40,51,28,20,139,2,38,40,179
08/22/2015,MDT,PA,AEA,EN,Combined TRACON& Tower with Radar,24,29,8,3,64,0,3,25,3,31,24,32,33,6,95,120,0,120,215
08/23/2015,MDT,PA,AEA,EN,Combined TRACON& Tower with Radar,27,39,12,0,78,0,2,17,0,19,27,41,29,0,97,14,0,14,111
08/24/2015,MDT,PA,AEA,EN,Combined TRACON& Tower with Radar,35,52,14,16,117,0,0,10,1,11,35,52,24,17,128,8,8,16,144
08/25/2015,MDT,PA,AEA,EN,Combined TRACON& Tower with Radar,37,49,26,6,118,0,1,13,1,15,37,50,39,7,133,18,8,26,159
08/26/2015,MDT,PA,AEA,EN,Combined TRACON& Tower with Radar,42,50,20,12,124,0,0,19,4,23,42,50,39,16,147,12,8,20,167
08/27/2015,MDT,PA,AEA,EN,Combined TRACON& Tower with Radar,41,52,19,7,119,0,1,9,1,11,41,53,28,8,130,12,12,24,154
08/28/2015,MDT,PA,AEA,EN,Combined TRACON& Tower with Radar,39,49,14,5,107,0,0,18,3,21,39,49,32,8,128,2,14,16,144
08/29/2015,MDT,PA,AEA,EN,Combined TRACON& Tower with Radar,23,26,4,2,55,0,3,17,0,20,23,29,21,2,75,4,2,6,81
08/30/2015,MDT,PA,AEA,EN,Combined TRACON& Tower with Radar,28,35,5,6,74,0,0,14,4,18,28,35,19,10,92,0,0,0,92
08/31/2015,MDT,PA,AEA,EN,Combined TRACON& Tower with Radar,32,44,14,8,98,0,0,6,2,8,32,44,20,10,106,32,8,40,146
09/01/2015,MDT,PA,AEA,EN,Combined TRACON& Tower with Radar,38,54,16,3,111,0,5,11,4,20,38,59,27,7,131,0,4,4,135
09/02/2015,MDT,PA,AEA,EN,Combined TRACON& Tower with Radar,41,47,15,26,129,0,2,2,4,8,41,49,17,30,137,0,8,8,145
09/03/2015,MDT,PA,AEA,EN,Combined TRACON& Tower with Radar,39,49,24,10,122,0,4,11,2,17,39,53,35,12,139,16,32,48,187
09/04/2015,MDT,PA,AEA,EN,Combined TRACON& Tower with Radar,37,50,6,2,95,0,1,3,0,4,37,51,9,2,99,0,0,0,99
09/05/2015,MDT,PA,AEA,EN,Combined TRACON& Tower with Radar,22,31,8,0,61,0,0,9,0,9,22,31,17,0,70,0,0,0,70
09/06/2015,MDT,PA,AEA,EN,Combined TRACON& Tower with Radar,20,37,2,0,59,0,0,20,0,20,20,37,22,0,79,12,0,12,91
09/07/2015,MDT,PA,AEA,EN,Combined TRACON& Tower with Radar,26,36,8,0,70,0,1,13,0,14,26,37,21,0,84,0,0,0,84
09/08/2015,MDT,PA,AEA,EN,Combined TRACON& Tower with Radar,31,48,20,17,116,0,0,8,9,17,31,48,28,26,133,0,0,0,133
09/09/2015,MDT,PA,AEA,EN,Combined TRACON& Tower with Radar,35,48,30,12,125,0,0,9,5,14,35,48,39,17,139,8,32,40,179
09/10/2015,MDT,PA,AEA,EN,Combined TRACON& Tower with Radar,33,52,23,4,112,0,2,0,1,3,33,54,23,5,115,0,10,10,125
09/11/2015,MDT,PA,AEA,EN,Combined TRACON& Tower with Radar,37,54,16,11,118,0,1,18,1,20,37,55,34,12,138,0,0,0,138
09/12/2015,MDT,PA,AEA,EN,Combined TRACON& Tower with Radar,20,29,2,14,65,0,0,1,0,1,20,29,3,14,66,0,0,0,66
09/13/2015,MDT,PA,AEA,EN,Combined TRACON& Tower with Radar,23,52,16,3,94,0,3,8,1,12,23,55,24,4,106,0,0,0,106
09/14/2015,MDT,PA,AEA,EN,Combined TRACON& Tower with Radar,39,43,22,2,106,0,0,9,2,11,39,43,31,4,117,0,0,0,117
09/15/2015,MDT,PA,AEA,EN,Combined TRACON& Tower with Radar,34,59,20,8,121,0,0,11,4,15,34,59,31,12,136,0,0,0,136
09/16/2015,MDT,PA,AEA,EN,Combined TRACON& Tower with Radar,36,59,36,25,156,0,2,16,10,28,36,61,52,35,184,14,32,46,230
09/17/2015,MDT,PA,AEA,EN,Combined TRACON& Tower with Radar,34,54,25,12,125,0,0,14,6,20,34,54,39,18,145,34,28,62,207
09/18/2015,MDT,PA,AEA,EN,Combined TRACON& Tower with Radar,36,53,17,5,111,0,0,14,0,14,36,53,31,5,125,14,0,14,139
09/19/2015,MDT,PA,AEA,EN,Combined TRACON& Tower with Radar,23,28,16,0,67,0,4,3,0,7,23,32,19,0,74,14,0,14,88
09/20/2015,MDT,PA,AEA,EN,Combined TRACON& Tower with Radar,21,40,8,8,77,0,0,10,0,10,21,40,18,8,87,8,0,8,95
09/21/2015,MDT,PA,AEA,EN,Combined TRACON& Tower with Radar,35,48,30,17,130,0,0,8,4,12,35,48,38,21,142,6,16,22,164
09/22/2015,MDT,PA,AEA,EN,Combined TRACON& Tower with Radar,36,54,14,25,129,0,2,10,0,12,36,56,24,25,141,2,60,62,203
09/23/2015,MDT,PA,AEA,EN,Combined TRACON& Tower with Radar,38,46,23,12,119,0,0,16,2,18,38,46,39,14,137,18,2,20,157
09/24/2015,MDT,PA,AEA,EN,Combined TRACON& Tower with Radar,44,57,27,21,149,0,3,7,3,13,44,60,34,24,162,6,42,48,210
09/25/2015,MDT,PA,AEA,EN,Combined TRACON& Tower with Radar,40,53,15,27,135,0,2,7,0,9,40,55,22,27,144,0,34,34,178
09/26/2015,MDT,PA,AEA,EN,Combined TRACON& Tower with Radar,20,30,8,3,61,0,1,10,0,11,20,31,18,3,72,4,0,4,76
09/27/2015,MDT,PA,AEA,EN,Combined TRACON& Tower with Radar,23,42,5,4,74,0,1,11,0,12,23,43,16,4,86,12,0,12,98
09/28/2015,MDT,PA,AEA,EN,Combined TRACON& Tower with Radar,40,47,24,3,114,0,2,3,0,5,40,49,27,3,119,4,8,12,131
09/29/2015,MDT,PA,AEA,EN,Combined TRACON& Tower with Radar,44,50,27,4,125,0,0,1,3,4,44,50,28,7,129,4,0,4,133
09/30/2015,MDT,PA,AEA,EN,Combined TRACON& Tower with Radar,42,55,10,32,139,0,0,3,0,3,42,55,13,32,142,0,36,36,178
10/01/2015,MDT,PA,AEA,EN,Combined TRACON& Tower with Radar,40,48,23,27,138,0,1,4,3,8,40,49,27,30,146,0,32,32,178
10/02/2015,MDT,PA,AEA,EN,Combined TRACON& Tower with Radar,38,47,13,0,98,0,3,0,0,3,38,50,13,0,101,0,0,0,101
10/03/2015,MDT,PA,AEA,EN,Combined TRACON& Tower with Radar,18,31,8,2,59,0,0,0,0,0,18,31,8,2,59,0,0,0,59
10/04/2015,MDT,PA,AEA,EN,Combined TRACON& Tower with Radar,24,43,18,0,85,0,0,5,0,5,24,43,23,0,90,0,0,0,90
10/05/2015,MDT,PA,AEA,EN,Combined TRACON& Tower with Radar,38,45,18,20,121,0,0,4,12,16,38,45,22,32,137,8,22,30,167
10/06/2015,MDT,PA,AEA,EN,Combined TRACON& Tower with Radar,39,53,23,24,139,0,0,8,8,16,39,53,31,32,155,0,10,10,165
10/07/2015,MDT,PA,AEA,EN,Combined TRACON& Tower with Radar,42,52,26,19,139,0,0,10,8,18,42,52,36,27,157,10,24,34,191
10/08/2015,MDT,PA,AEA,EN,Combined TRACON& Tower with Radar,38,51,28,19,136,0,1,12,3,16,38,52,40,22,152,30,18,48,200
10/09/2015,MDT,PA,AEA,EN,Combined TRACON& Tower with Radar,47,55,26,34,162,0,0,3,2,5,47,55,29,36,167,0,0,0,167
10/10/2015,MDT,PA,AEA,EN,Combined TRACON& Tower with Radar,19,33,26,1,79,0,1,15,1,17,19,34,41,2,96,14,0,14,110
10/11/2015,MDT,PA,AEA,EN,Combined TRACON& Tower with Radar,23,46,21,6,96,0,0,12,0,12,23,46,33,6,108,0,0,0,108
10/12/2015,MDT,PA,AEA,EN,Combined TRACON& Tower with Radar,36,45,15,0,96,0,0,15,0,15,36,45,30,0,111,4,2,6,117
10/13/2015,MDT,PA,AEA,EN,Combined TRACON& Tower with Radar,40,54,27,25,146,0,6,1,5,12,40,60,28,30,158,14,16,30,188
10/14/2015,MDT,PA,AEA,EN,Combined TRACON& Tower with Radar,42,58,43,40,183,0,3,10,14,27,42,61,53,54,210,10,64,74,284
10/15/2015,MDT,PA,AEA,EN,Combined TRACON& Tower with Radar,40,61,17,20,138,0,2,16,0,18,40,63,33,20,156,0,34,34,190
10/16/2015,MDT,PA,AEA,EN,Combined TRACON& Tower with Radar,38,50,24,11,123,0,1,21,2,24,38,51,45,13,147,0,0,0,147
10/17/2015,MDT,PA,AEA,EN,Combined TRACON& Tower with Radar,19,30,3,2,54,0,0,9,0,9,19,30,12,2,63,6,2,8,71
10/18/2015,MDT,PA,AEA,EN,Combined TRACON& Tower with Radar,23,40,11,9,83,0,4,16,0,20,23,44,27,9,103,10,0,10,113
10/19/2015,MDT,PA,AEA,EN,Combined TRACON& Tower with Radar,40,41,27,58,166,0,0,13,2,15,40,41,40,60,181,0,76,76,257
10/20/2015,MDT,PA,AEA,EN,Combined TRACON& Tower with Radar,38,53,19,12,122,0,2,7,6,15,38,55,26,18,137,14,28,42,179
10/21/2015,MDT,PA,AEA,EN,Combined TRACON& Tower with Radar,42,59,17,10,128,0,2,11,0,13,42,61,28,10,141,34,34,68,209
10/22/2015,MDT,PA,AEA,EN,Combined TRACON& Tower with Radar,40,56,25,7,128,0,1,7,5,13,40,57,32,12,141,10,0,10,151
10/23/2015,MDT,PA,AEA,EN,Combined TRACON& Tower with Radar,36,55,19,13,123,0,0,8,4,12,36,55,27,17,135,16,0,16,151
10/24/2015,MDT,PA,AEA,EN,Combined TRACON& Tower with Radar,17,30,6,2,55,0,0,8,1,9,17,30,14,3,64,6,0,6,70
10/25/2015,MDT,PA,AEA,EN,Combined TRACON& Tower with Radar,22,42,8,1,73,0,0,15,0,15,22,42,23,1,88,10,0,10,98
10/26/2015,MDT,PA,AEA,EN,Combined TRACON& Tower with Radar,35,55,22,0,112,0,0,19,1,20,35,55,41,1,132,26,6,32,164
10/27/2015,MDT,PA,AEA,EN,Combined TRACON& Tower with Radar,38,54,27,23,142,0,2,9,4,15,38,56,36,27,157,46,20,66,223
10/28/2015,MDT,PA,AEA,EN,Combined TRACON& Tower with Radar,39,56,15,5,115,0,0,0,0,0,39,56,15,5,115,0,0,0,115
10/29/2015,MDT,PA,AEA,EN,Combined TRACON& Tower with Radar,43,55,18,7,123,0,1,8,0,9,43,56,26,7,132,0,0,0,132
10/30/2015,MDT,PA,AEA,EN,Combined TRACON& Tower with Radar,37,57,15,22,131,0,3,17,0,20,37,60,32,22,151,22,14,36,187
10/31/2015,MDT,PA,AEA,EN,Combined TRACON& Tower with Radar,22,27,16,8,73,0,1,19,1,21,22,28,35,9,94,2,14,16,110
11/01/2015,MDT,PA,AEA,EN,Combined TRACON& Tower with Radar,28,35,18,2,83,0,0,14,0,14,28,35,32,2,97,40,0,40,137
11/02/2015,MDT,PA,AEA,EN,Combined TRACON& Tower with Radar,39,49,9,5,102,0,0,21,2,23,39,49,30,7,125,20,8,28,153
11/03/2015,MDT,PA,AEA,EN,Combined TRACON& Tower with Radar,41,42,11,23,117,0,1,14,3,18,41,43,25,26,135,0,44,44,179
11/04/2015,MDT,PA,AEA,EN,Combined TRACON& Tower with Radar,44,55,20,42,161,0,0,10,5,15,44,55,30,47,176,8,2,10,186
11/05/2015,MDT,PA,AEA,EN,Combined TRACON& Tower with Radar,44,66,24,41,175,0,0,4,3,7,44,66,28,44,182,13,26,39,221
11/06/2015,MDT,PA,AEA,EN,Combined TRACON& Tower with Radar,38,53,12,7,110,0,0,4,0,4,38,53,16,7,114,0,0,0,114
11/07/2015,MDT,PA,AEA,EN,Combined TRACON& Tower with Radar,23,27,8,0,58,0,0,5,2,7,23,27,13,2,65,6,0,6,71
11/08/2015,MDT,PA,AEA,EN,Combined TRACON& Tower with Radar,25,33,1,0,59,0,0,8,0,8,25,33,9,0,67,20,0,20,87
11/09/2015,MDT,PA,AEA,EN,Combined TRACON& Tower with Radar,37,43,19,13,112,0,0,10,5,15,37,43,29,18,127,10,34,44,171
11/10/2015,MDT,PA,AEA,EN,Combined TRACON& Tower with Radar,42,51,27,2,122,0,0,3,0,3,42,51,30,2,125,26,2,28,153
11/11/2015,MDT,PA,AEA,EN,Combined TRACON& Tower with Radar,38,61,26,4,129,0,2,4,0,6,38,63,30,4,135,0,0,0,135
11/12/2015,MDT,PA,AEA,EN,Combined TRACON& Tower with Radar,38,53,16,25,132,0,0,2,4,6,38,53,18,29,138,0,4,4,142
11/13/2015,MDT,PA,AEA,EN,Combined TRACON& Tower with Radar,35,52,12,9,108,0,0,1,1,2,35,52,13,10,110,0,0,0,110
11/14/2015,MDT,PA,AEA,EN,Combined TRACON& Tower with Radar,22,30,7,2,61,0,1,6,2,9,22,31,13,4,70,10,4,14,84
11/15/2015,MDT,PA,AEA,EN,Combined TRACON& Tower with Radar,27,37,6,6,76,0,0,9,1,10,27,37,15,7,86,12,0,12,98
11/16/2015,MDT,PA,AEA,EN,Combined TRACON& Tower with Radar,34,46,30,2,112,0,0,16,2,18,34,46,46,4,130,26,5,31,161
11/17/2015,MDT,PA,AEA,EN,Combined TRACON& Tower with Radar,38,55,25,3,121,0,0,19,0,19,38,55,44,3,140,16,0,16,156
11/18/2015,MDT,PA,AEA,EN,Combined TRACON& Tower with Radar,37,51,28,23,139,0,1,5,4,10,37,52,33,27,149,4,14,18,167
11/19/2015,MDT,PA,AEA,EN,Combined TRACON& Tower with Radar,45,52,10,4,111,0,0,0,0,0,45,52,10,4,111,0,0,0,111
11/20/2015,MDT,PA,AEA,EN,Combined TRACON& Tower with Radar,32,54,10,5,101,0,0,17,1,18,32,54,27,6,119,0,0,0,119
11/21/2015,MDT,PA,AEA,EN,Combined TRACON& Tower with Radar,21,31,5,1,58,0,0,12,0,12,21,31,17,1,70,0,0,0,70
11/22/2015,MDT,PA,AEA,EN,Combined TRACON& Tower with Radar,18,32,9,0,59,0,0,11,0,11,18,32,20,0,70,12,0,12,82
11/23/2015,MDT,PA,AEA,EN,Combined TRACON& Tower with Radar,37,44,13,8,102,0,0,12,1,13,37,44,25,9,115,0,4,4,119
11/24/2015,MDT,PA,AEA,EN,Combined TRACON& Tower with Radar,42,48,11,23,124,0,0,15,9,24,42,48,26,32,148,7,38,45,193
11/25/2015,MDT,PA,AEA,EN,Combined TRACON& Tower with Radar,45,57,2,5,109,0,3,13,2,18,45,60,15,7,127,0,189,189,316
11/26/2015,MDT,PA,AEA,EN,Combined TRACON& Tower with Radar,16,25,4,0,45,0,0,8,0,8,16,25,12,0,53,4,0,4,57
11/27/2015,MDT,PA,AEA,EN,Combined TRACON& Tower with Radar,33,28,6,0,67,0,0,8,0,8,33,28,14,0,75,0,0,0,75
11/28/2015,MDT,PA,AEA,EN,Combined TRACON& Tower with Radar,28,37,4,0,69,0,1,3,0,4,28,38,7,0,73,0,0,0,73
11/29/2015,MDT,PA,AEA,EN,Combined TRACON& Tower with Radar,32,37,5,0,74,0,0,14,0,14,32,37,19,0,88,26,0,26,114
11/30/2015,MDT,PA,AEA,EN,Combined TRACON& Tower with Radar,44,47,33,30,154,0,0,3,1,4,44,47,36,31,158,0,36,36,194
12/01/2015,MDT,PA,AEA,EN,Combined TRACON& Tower with Radar,34,51,26,4,115,0,0,0,0,0,34,51,26,4,115,0,0,0,115
12/02/2015,MDT,PA,AEA,EN,Combined TRACON& Tower with Radar,45,61,37,37,180,0,0,0,13,13,45,61,37,50,193,0,34,34,227
12/03/2015,MDT,PA,AEA,EN,Combined TRACON& Tower with Radar,43,52,23,13,131,0,2,17,2,21,43,54,40,15,152,2,34,36,188
12/04/2015,MDT,PA,AEA,EN,Combined TRACON& Tower with Radar,38,44,33,8,123,0,1,16,2,19,38,45,49,10,142,24,0,24,166
12/05/2015,MDT,PA,AEA,EN,Combined TRACON& Tower with Radar,17,30,6,2,55,0,0,11,0,11,17,30,17,2,66,2,0,2,68
12/06/2015,MDT,PA,AEA,EN,Combined TRACON& Tower with Radar,23,38,2,0,63,0,2,3,0,5,23,40,5,0,68,12,0,12,80
12/07/2015,MDT,PA,AEA,EN,Combined TRACON& Tower with Radar,33,46,20,4,103,0,0,11,0,11,33,46,31,4,114,4,0,4,118
12/08/2015,MDT,PA,AEA,EN,Combined TRACON& Tower with Radar,35,51,24,24,134,0,2,9,4,15,35,53,33,28,149,8,32,40,189
12/09/2015,MDT,PA,AEA,EN,Combined TRACON& Tower with Radar,38,53,20,21,132,0,0,0,0,0,38,53,20,21,132,0,0,0,132
12/10/2015,MDT,PA,AEA,EN,Combined TRACON& Tower with Radar,36,63,21,13,133,0,8,6,2,16,36,71,27,15,149,0,12,12,161
12/11/2015,MDT,PA,AEA,EN,Combined TRACON& Tower with Radar,37,47,19,10,113,0,0,4,2,6,37,47,23,12,119,0,0,0,119
12/12/2015,MDT,PA,AEA,EN,Combined TRACON& Tower with Radar,16,29,8,0,53,0,0,9,1,10,16,29,17,1,63,22,0,22,85
12/13/2015,MDT,PA,AEA,EN,Combined TRACON& Tower with Radar,22,43,8,2,75,0,2,2,0,4,22,45,10,2,79,18,0,18,97
12/14/2015,MDT,PA,AEA,EN,Combined TRACON& Tower with Radar,41,40,20,12,113,0,0,2,0,2,41,40,22,12,115,20,2,22,137
12/15/2015,MDT,PA,AEA,EN,Combined TRACON& Tower with Radar,42,56,16,19,133,0,1,10,6,17,42,57,26,25,150,20,24,44,194
12/16/2015,MDT,PA,AEA,EN,Combined TRACON& Tower with Radar,47,49,22,9,127,0,0,6,8,14,47,49,28,17,141,20,0,20,161
12/17/2015,MDT,PA,AEA,EN,Combined TRACON& Tower with Radar,43,53,14,16,126,0,0,0,0,0,43,53,14,16,126,0,0,0,126
12/18/2015,MDT,PA,AEA,EN,Combined TRACON& Tower with Radar,37,62,24,4,127,0,4,10,1,15,37,66,34,5,142,0,8,8,150
12/19/2015,MDT,PA,AEA,EN,Combined TRACON& Tower with Radar,23,45,0,0,68,0,2,2,0,4,23,47,2,0,72,6,0,6,78
12/20/2015,MDT,PA,AEA,EN,Combined TRACON& Tower with Radar,26,50,3,0,79,0,2,16,0,18,26,52,19,0,97,12,0,12,109
12/21/2015,MDT,PA,AEA,EN,Combined TRACON& Tower with Radar,40,50,3,18,111,0,0,6,3,9,40,50,9,21,120,4,18,22,142
12/22/2015,MDT,PA,AEA,EN,Combined TRACON& Tower with Radar,46,56,14,25,141,0,0,1,0,1,46,56,15,25,142,0,0,0,142
12/23/2015,MDT,PA,AEA,EN,Combined TRACON& Tower with Radar,43,53,8,6,110,0,0,0,0,0,43,53,8,6,110,0,0,0,110
12/24/2015,MDT,PA,AEA,EN,Combined TRACON& Tower with Radar,30,38,3,0,71,0,0,5,0,5,30,38,8,0,76,0,0,0,76
12/25/2015,MDT,PA,AEA,EN,Combined TRACON& Tower with Radar,17,29,4,0,50,0,0,0,0,0,17,29,4,0,50,0,0,0,50
12/26/2015,MDT,PA,AEA,EN,Combined TRACON& Tower with Radar,13,35,2,0,50,0,0,5,1,6,13,35,7,1,56,8,2,10,66
12/27/2015,MDT,PA,AEA,EN,Combined TRACON& Tower with Radar,16,45,1,0,62,0,0,0,0,0,16,45,1,0,62,0,0,0,62
12/28/2015,MDT,PA,AEA,EN,Combined TRACON& Tower with Radar,29,37,5,17,88,0,2,8,1,11,29,39,13,18,99,8,18,26,125
12/29/2015,MDT,PA,AEA,EN,Combined TRACON& Tower with Radar,36,58,2,14,110,0,0,0,0,0,36,58,2,14,110,0,0,0,110
12/30/2015,MDT,PA,AEA,EN,Combined TRACON& Tower with Radar,36,51,11,10,108,0,0,0,0,0,36,51,11,10,108,0,0,0,108
12/31/2015,MDT,PA,AEA,EN,Combined TRACON& Tower with Radar,25,38,10,0,73,0,0,8,0,8,25,38,18,0,81,0,0,0,81
01/01/2016,MDT,PA,AEA,EN,Combined TRACON& Tower with Radar,14,30,2,0,46,0,0,1,0,1,14,30,3,0,47,0,0,0,47
01/02/2016,MDT,PA,AEA,EN,Combined TRACON& Tower with Radar,19,44,9,1,73,0,0,8,0,8,19,44,17,1,81,2,0,2,83
01/03/2016,MDT,PA,AEA,EN,Combined TRACON& Tower with Radar,17,41,10,1,69,0,0,9,0,9,17,41,19,1,78,8,2,10,88
01/04/2016,MDT,PA,AEA,EN,Combined TRACON& Tower with Radar,28,52,18,40,138,0,0,4,3,7,28,52,22,43,145,10,22,32,177
01/05/2016,MDT,PA,AEA,EN,Combined TRACON& Tower with Radar,29,49,10,22,110,0,0,8,5,13,29,49,18,27,123,16,76,92,215
01/06/2016,MDT,PA,AEA,EN,Combined TRACON& Tower with Radar,33,57,17,35,142,0,0,8,3,11,33,57,25,38,153,0,44,44,197
01/07/2016,MDT,PA,AEA,EN,Combined TRACON& Tower with Radar,33,55,10,12,110,0,3,7,1,11,33,58,17,13,121,0,36,36,157
01/08/2016,MDT,PA,AEA,EN,Combined TRACON& Tower with Radar,31,48,15,12,106,0,0,0,0,0,31,48,15,12,106,0,0,0,106
01/09/2016,MDT,PA,AEA,EN,Combined TRACON& Tower with Radar,17,38,8,2,65,0,0,1,0,1,17,38,9,2,66,10,0,10,76
01/10/2016,MDT,PA,AEA,EN,Combined TRACON& Tower with Radar,23,35,4,1,63,0,0,1,0,1,23,35,5,1,64,8,0,8,72
01/11/2016,MDT,PA,AEA,EN,Combined TRACON& Tower with Radar,28,45,19,26,118,0,0,7,1,8,28,45,26,27,126,2,4,6,132
01/12/2016,MDT,PA,AEA,EN,Combined TRACON& Tower with Radar,30,56,17,4,107,0,0,2,2,4,30,56,19,6,111,2,2,4,115
01/13/2016,MDT,PA,AEA,EN,Combined TRACON& Tower with Radar,36,57,16,11,120,0,0,11,5,16,36,57,27,16,136,8,10,18,154
01/14/2016,MDT,PA,AEA,EN,Combined TRACON& Tower with Radar,30,62,19,8,119,0,0,9,4,13,30,62,28,12,132,0,0,0,132
01/15/2016,MDT,PA,AEA,EN,Combined TRACON& Tower with Radar,30,57,14,5,106,0,1,5,1,7,30,58,19,6,113,8,0,8,121
01/16/2016,MDT,PA,AEA,EN,Combined TRACON& Tower with Radar,18,32,12,0,62,0,0,1,2,3,18,32,13,2,65,4,2,6,71
01/17/2016,MDT,PA,AEA,EN,Combined TRACON& Tower with Radar,16,38,6,0,60,0,0,4,0,4,16,38,10,0,64,6,0,6,70
01/18/2016,MDT,PA,AEA,EN,Combined TRACON& Tower with Radar,28,57,12,0,97,0,0,2,1,3,28,57,14,1,100,0,0,0,100
01/19/2016,MDT,PA,AEA,EN,Combined TRACON& Tower with Radar,30,57,6,25,118,0,0,1,5,6,30,57,7,30,124,4,64,68,192
01/20/2016,MDT,PA,AEA,EN,Combined TRACON& Tower with Radar,49,58,19,25,151,0,0,12,10,22,49,58,31,35,173,2,48,50,223
01/21/2016,MDT,PA,AEA,EN,Combined TRACON& Tower with Radar,30,58,18,18,124,0,0,6,6,12,30,58,24,24,136,16,8,24,160
01/22/2016,MDT,PA,AEA,EN,Combined TRACON& Tower with Radar,17,44,9,16,86,0,0,6,0,6,17,44,15,16,92,0,0,0,92
01/23/2016,MDT,PA,AEA,EN,Combined TRACON& Tower with Radar,4,0,0,0,4,0,0,0,0,0,4,0,0,0,4,0,0,0,4
01/24/2016,MDT,PA,AEA,EN,Combined TRACON& Tower with Radar,6,23,4,0,33,0,0,2,0,2,6,23,6,0,35,0,0,0,35
01/25/2016,MDT,PA,AEA,EN,Combined TRACON& Tower with Radar,28,44,21,16,109,0,0,15,0,15,28,44,36,16,124,10,10,20,144
01/26/2016,MDT,PA,AEA,EN,Combined TRACON& Tower with Radar,35,49,18,7,109,0,0,3,6,9,35,49,21,13,118,2,8,10,128
01/27/2016,MDT,PA,AEA,EN,Combined TRACON& Tower with Radar,42,52,21,16,131,0,3,6,1,10,42,55,27,17,141,0,16,16,157
01/28/2016,MDT,PA,AEA,EN,Combined TRACON& Tower with Radar,33,57,12,22,124,0,1,2,2,5,33,58,14,24,129,0,28,28,157
01/29/2016,MDT,PA,AEA,EN,Combined TRACON& Tower with Radar,34,59,12,5,110,0,3,3,0,6,34,62,15,5,116,8,2,10,126
01/30/2016,MDT,PA,AEA,EN,Combined TRACON& Tower with Radar,21,32,2,3,58,0,0,9,3,12,21,32,11,6,70,12,2,14,84
01/31/2016,MDT,PA,AEA,EN,Combined TRACON& Tower with Radar,19,39,7,7,72,0,0,12,1,13,19,39,19,8,85,20,0,20,105
02/01/2016,MDT,PA,AEA,EN,Combined TRACON& Tower with Radar,28,60,14,4,106,0,1,4,0,5,28,61,18,4,111,4,2,6,117
02/02/2016,MDT,PA,AEA,EN,Combined TRACON& Tower with Radar,30,54,12,23,119,0,2,7,2,11,30,56,19,25,130,8,30,38,168
02/03/2016,MDT,PA,AEA,EN,Combined TRACON& Tower with Radar,32,40,21,9,102,0,0,0,0,0,32,40,21,9,102,0,0,0,102
02/04/2016,MDT,PA,AEA,EN,Combined TRACON& Tower with Radar,33,58,24,27,142,3,3,8,6,20,36,61,32,33,162,10,54,64,226
02/05/2016,MDT,PA,AEA,EN,Combined TRACON& Tower with Radar,39,57,11,9,116,1,0,5,1,7,40,57,16,10,123,4,28,32,155
02/06/2016,MDT,PA,AEA,EN,Combined TRACON& Tower with Radar,17,34,7,0,58,0,0,11,1,12,17,34,18,1,70,22,0,22,92
02/07/2016,MDT,PA,AEA,EN,Combined TRACON& Tower with Radar,16,43,13,16,88,0,0,22,0,22,16,43,35,16,110,14,0,14,124
02/08/2016,MDT,PA,AEA,EN,Combined TRACON& Tower with Radar,36,49,19,15,119,0,1,10,3,14,36,50,29,18,133,24,10,34,167
02/09/2016,MDT,PA,AEA,EN,Combined TRACON& Tower with Radar,29,51,3,0,83,0,0,0,0,0,29,51,3,0,83,0,0,0,83
02/10/2016,MDT,PA,AEA,EN,Combined TRACON& Tower with Radar,34,58,21,17,130,0,2,7,16,25,34,60,28,33,155,10,30,40,195
02/11/2016,MDT,PA,AEA,EN,Combined TRACON& Tower with Radar,34,60,32,7,133,0,0,6,4,10,34,60,38,11,143,2,28,30,173
02/12/2016,MDT,PA,AEA,EN,Combined TRACON& Tower with Radar,28,52,7,19,106,0,0,12,2,14,28,52,19,21,120,16,20,36,156
02/13/2016,MDT,PA,AEA,EN,Combined TRACON& Tower with Radar,17,35,4,0,56,0,0,2,0,2,17,35,6,0,58,8,0,8,66
02/14/2016,MDT,PA,AEA,EN,Combined TRACON& Tower with Radar,16,42,8,0,66,0,0,10,0,10,16,42,18,0,76,0,0,0,76
02/15/2016,MDT,PA,AEA,EN,Combined TRACON& Tower with Radar,21,28,18,2,69,0,0,2,1,3,21,28,20,3,72,0,0,0,72
02/16/2016,MDT,PA,AEA,EN,Combined TRACON& Tower with Radar,39,47,17,18,121,0,0,3,3,6,39,47,20,21,127,2,4,6,133
02/17/2016,MDT,PA,AEA,EN,Combined TRACON& Tower with Radar,37,62,16,12,127,0,2,10,6,18,37,64,26,18,145,20,22,42,187
02/18/2016,MDT,PA,AEA,EN,Combined TRACON& Tower with Radar,34,67,22,25,148,0,0,18,6,24,34,67,40,31,172,34,16,50,222
02/19/2016,MDT,PA,AEA,EN,Combined TRACON& Tower with Radar,27,60,10,20,117,0,2,6,4,12,27,62,16,24,129,0,26,26,155
02/20/2016,MDT,PA,AEA,EN,Combined TRACON& Tower with Radar,18,36,5,0,59,0,7,14,0,21,18,43,19,0,80,10,0,10,90
02/21/2016,MDT,PA,AEA,EN,Combined TRACON& Tower with Radar,20,44,13,4,81,0,0,11,1,12,20,44,24,5,93,10,0,10,103
02/22/2016,MDT,PA,AEA,EN,Combined TRACON& Tower with Radar,33,55,20,11,119,0,2,13,4,19,33,57,33,15,138,18,32,50,188
02/23/2016,MDT,PA,AEA,EN,Combined TRACON& Tower with Radar,34,53,24,5,116,0,0,1,2,3,34,53,25,7,119,0,0,0,119
02/24/2016,MDT,PA,AEA,EN,Combined TRACON& Tower with Radar,44,43,13,4,104,0,0,0,0,0,44,43,13,4,104,0,0,0,104
02/25/2016,MDT,PA,AEA,EN,Combined TRACON& Tower with Radar,40,65,18,7,130,0,0,4,1,5,40,65,22,8,135,2,24,26,161
02/26/2016,MDT,PA,AEA,EN,Combined TRACON& Tower with Radar,27,56,14,10,107,0,0,4,1,5,27,56,18,11,112,0,4,4,116
02/27/2016,MDT,PA,AEA,EN,Combined TRACON& Tower with Radar,18,40,10,3,71,0,0,12,0,12,18,40,22,3,83,0,0,0,83
02/28/2016,MDT,PA,AEA,EN,Combined TRACON& Tower with Radar,21,40,16,2,79,0,1,17,1,19,21,41,33,3,98,12,0,12,110
02/29/2016,MDT,PA,AEA,EN,Combined TRACON& Tower with Radar,32,54,21,13,120,0,0,6,1,7,32,54,27,14,127,22,12,34,161
03/01/2016,MDT,PA,AEA,EN,Combined TRACON& Tower with Radar,31,53,12,31,127,0,0,7,7,14,31,53,19,38,141,0,42,42,183
03/02/2016,MDT,PA,AEA,EN,Combined TRACON& Tower with Radar,37,55,5,19,116,0,1,1,2,4,37,56,6,21,120,0,2,2,122
03/03/2016,MDT,PA,AEA,EN,Combined TRACON& Tower with Radar,36,54,13,10,113,0,0,15,4,19,36,54,28,14,132,10,30,40,172
03/04/2016,MDT,PA,AEA,EN,Combined TRACON& Tower with Radar,29,50,6,7,92,0,0,0,2,2,29,50,6,9,94,0,8,8,102
03/05/2016,MDT,PA,AEA,EN,Combined TRACON& Tower with Radar,21,27,8,1,57,0,0,12,0,12,21,27,20,1,69,64,0,64,133
03/06/2016,MDT,PA,AEA,EN,Combined TRACON& Tower with Radar,20,43,15,0,78,0,1,20,1,22,20,44,35,1,100,44,0,44,144
03/07/2016,MDT,PA,AEA,EN,Combined TRACON& Tower with Radar,34,49,21,20,124,0,1,12,2,15,34,50,33,22,139,24,34,58,197
03/08/2016,MDT,PA,AEA,EN,Combined TRACON& Tower with Radar,30,40,17,9,96,0,1,15,2,18,30,41,32,11,114,16,10,26,140
03/09/2016,MDT,PA,AEA,EN,Combined TRACON& Tower with Radar,45,54,26,21,146,1,0,14,5,20,46,54,40,26,166,8,26,34,200
03/10/2016,MDT,PA,AEA,EN,Combined TRACON& Tower with Radar,36,51,17,13,117,0,0,14,8,22,36,51,31,21,139,16,36,52,191
03/11/2016,MDT,PA,AEA,EN,Combined TRACON& Tower with Radar,30,57,13,10,110,0,0,3,7,10,30,57,16,17,120,0,14,14,134
03/12/2016,MDT,PA,AEA,EN,Combined TRACON& Tower with Radar,19,31,12,5,67,0,0,11,11,22,19,31,23,16,89,0,10,10,99
03/13/2016,MDT,PA,AEA,EN,Combined TRACON& Tower with Radar,24,46,6,9,85,0,0,3,1,4,24,46,9,10,89,14,0,14,103
03/14/2016,MDT,PA,AEA,EN,Combined TRACON& Tower with Radar,34,49,18,5,106,0,0,0,0,0,34,49,18,5,106,0,0,0,106
03/15/2016,MDT,PA,AEA,EN,Combined TRACON& Tower with Radar,36,52,20,5,113,0,2,0,2,4,36,54,20,7,117,0,0,0,117
03/16/2016,MDT,PA,AEA,EN,Combined TRACON& Tower with Radar,38,62,15,9,124,0,0,8,0,8,38,62,23,9,132,0,4,4,136
03/17/2016,MDT,PA,AEA,EN,Combined TRACON& Tower with Radar,36,60,12,14,122,0,0,6,3,9,36,60,18,17,131,52,18,70,201
03/18/2016,MDT,PA,AEA,EN,Combined TRACON& Tower with Radar,31,56,9,15,111,0,0,13,1,14,31,56,22,16,125,14,24,38,163
03/19/2016,MDT,PA,AEA,EN,Combined TRACON& Tower with Radar,20,28,9,0,57,0,0,8,0,8,20,28,17,0,65,0,0,0,65
03/20/2016,MDT,PA,AEA,EN,Combined TRACON& Tower with Radar,20,41,13,5,79,0,0,16,2,18,20,41,29,7,97,34,0,34,131
03/21/2016,MDT,PA,AEA,EN,Combined TRACON& Tower with Radar,38,59,22,13,132,0,0,10,2,12,38,59,32,15,144,6,14,20,164
03/22/2016,MDT,PA,AEA,EN,Combined TRACON& Tower with Radar,35,54,10,7,106,0,0,7,3,10,35,54,17,10,116,14,2,16,132
03/23/2016,MDT,PA,AEA,EN,Combined TRACON& Tower with Radar,39,55,15,9,118,0,4,19,9,32,39,59,34,18,150,8,28,36,186
03/24/2016,MDT,PA,AEA,EN,Combined TRACON& Tower with Radar,36,52,11,28,127,0,5,8,6,19,36,57,19,34,146,28,50,78,224
03/25/2016,MDT,PA,AEA,EN,Combined TRACON& Tower with Radar,31,50,22,14,117,0,2,4,4,10,31,52,26,18,127,6,28,34,161
03/26/2016,MDT,PA,AEA,EN,Combined TRACON& Tower with Radar,20,31,12,5,68,0,0,10,0,10,20,31,22,5,78,28,0,28,106
03/27/2016,MDT,PA,AEA,EN,Combined TRACON& Tower with Radar,22,39,6,3,70,0,1,4,0,5,22,40,10,3,75,22,0,22,97
03/28/2016,MDT,PA,AEA,EN,Combined TRACON& Tower with Radar,32,54,6,0,92,0,0,1,1,2,32,54,7,1,94,2,2,4,98
03/29/2016,MDT,PA,AEA,EN,Combined TRACON& Tower with Radar,34,54,11,19,118,0,1,5,2,8,34,55,16,21,126,0,0,0,126
03/30/2016,MDT,PA,AEA,EN,Combined TRACON& Tower with Radar,34,53,20,17,124,0,1,19,8,28,34,54,39,25,152,20,14,34,186
03/31/2016,MDT,PA,AEA,EN,Combined TRACON& Tower with Radar,37,56,7,18,118,0,2,5,2,9,37,58,12,20,127,8,2,10,137
04/01/2016,MDT,PA,AEA,EN,Combined TRACON& Tower with Radar,37,60,10,10,117,0,7,0,0,7,37,67,10,10,124,0,30,30,154
04/02/2016,MDT,PA,AEA,EN,Combined TRACON& Tower with Radar,20,32,3,1,56,0,0,1,0,1,20,32,4,1,57,0,0,0,57
04/03/2016,MDT,PA,AEA,EN,Combined TRACON& Tower with Radar,23,44,15,2,84,0,0,0,0,0,23,44,15,2,84,0,0,0,84
04/04/2016,MDT,PA,AEA,EN,Combined TRACON& Tower with Radar,35,53,8,5,101,0,0,2,8,10,35,53,10,13,111,4,6,10,121
04/05/2016,MDT,PA,AEA,EN,Combined TRACON& Tower with Radar,48,52,12,30,142,0,0,9,2,11,48,52,21,32,153,22,22,44,197
04/06/2016,MDT,PA,AEA,EN,Combined TRACON& Tower with Radar,47,50,23,12,132,0,2,11,2,15,47,52,34,14,147,8,14,22,169
04/07/2016,MDT,PA,AEA,EN,Combined TRACON& Tower with Radar,50,49,15,13,127,0,0,2,8,10,50,49,17,21,137,0,18,18,155
04/08/2016,MDT,PA,AEA,EN,Combined TRACON& Tower with Radar,44,44,24,9,121,0,0,4,11,15,44,44,28,20,136,0,4,4,140
04/09/2016,MDT,PA,AEA,EN,Combined TRACON& Tower with Radar,22,27,8,0,57,0,0,1,0,1,22,27,9,0,58,0,0,0,58
04/10/2016,MDT,PA,AEA,EN,Combined TRACON& Tower with Radar,33,38,29,10,110,0,2,17,4,23,33,40,46,14,133,16,4,20,153
04/11/2016,MDT,PA,AEA,EN,Combined TRACON& Tower with Radar,41,44,21,3,109,0,2,10,1,13,41,46,31,4,122,16,4,20,142
04/12/2016,MDT,PA,AEA,EN,Combined TRACON& Tower with Radar,42,55,27,37,161,0,1,7,10,18,42,56,34,47,179,2,44,46,225
04/13/2016,MDT,PA,AEA,EN,Combined TRACON& Tower with Radar,51,50,22,26,149,3,2,11,4,20,54,52,33,30,169,8,60,68,237
04/14/2016,MDT,PA,AEA,EN,Combined TRACON& Tower with Radar,48,49,13,18,128,0,3,6,2,11,48,52,19,20,139,2,46,48,187
04/15/2016,MDT,PA,AEA,EN,Combined TRACON& Tower with Radar,41,46,21,9,117,0,1,9,5,15,41,47,30,14,132,10,8,18,150
04/16/2016,MDT,PA,AEA,EN,Combined TRACON& Tower with Radar,23,30,16,0,69,0,0,19,2,21,23,30,35,2,90,42,0,42,132
04/17/2016,MDT,PA,AEA,EN,Combined TRACON& Tower with Radar,34,34,17,0,85,0,1,9,0,10,34,35,26,0,95,30,0,30,125
04/18/2016,MDT,PA,AEA,EN,Combined TRACON& Tower with Radar,41,42,15,28,126,0,0,21,7,28,41,42,36,35,154,16,36,52,206
04/19/2016,MDT,PA,AEA,EN,Combined TRACON& Tower with Radar,46,43,12,15,116,0,0,6,4,10,46,43,18,19,126,2,8,10,136
04/20/2016,MDT,PA,AEA,EN,Combined TRACON& Tower with Radar,43,46,14,15,118,0,0,18,5,23,43,46,32,20,141,28,18,46,187
04/21/2016,MDT,PA,AEA,EN,Combined TRACON& Tower with Radar,49,50,24,16,139,0,0,14,6,20,49,50,38,22,159,18,12,30,189
04/22/2016,MDT,PA,AEA,EN,Combined TRACON& Tower with Radar,41,47,7,9,104,0,2,2,6,10,41,49,9,15,114,0,22,22,136
04/23/2016,MDT,PA,AEA,EN,Combined TRACON& Tower with Radar,25,27,4,12,68,0,1,1,2,4,25,28,5,14,72,0,36,36,108
04/24/2016,MDT,PA,AEA,EN,Combined TRACON& Tower with Radar,32,31,11,0,74,0,0,13,0,13,32,31,24,0,87,16,4,20,107
04/25/2016,MDT,PA,AEA,EN,Combined TRACON& Tower with Radar,40,48,21,9,118,0,2,22,0,24,40,50,43,9,142,20,12,32,174
04/26/2016,MDT,PA,AEA,EN,Combined TRACON& Tower with Radar,42,52,7,15,116,0,1,1,4,6,42,53,8,19,122,0,8,8,130
04/27/2016,MDT,PA,AEA,EN,Combined TRACON& Tower with Radar,44,44,27,21,136,0,0,1,2,3,44,44,28,23,139,12,0,12,151
04/28/2016,MDT,PA,AEA,EN,Combined TRACON& Tower with Radar,46,49,25,9,129,0,1,5,0,6,46,50,30,9,135,0,0,0,135
04/29/2016,MDT,PA,AEA,EN,Combined TRACON& Tower with Radar,41,50,19,11,121,0,0,0,0,0,41,50,19,11,121,0,0,0,121
04/30/2016,MDT,PA,AEA,EN,Combined TRACON& Tower with Radar,19,27,8,0,54,0,1,2,1,4,19,28,10,1,58,34,0,34,92
05/01/2016,MDT,PA,AEA,EN,Combined TRACON& Tower with Radar,30,42,3,2,77,0,0,0,0,0,30,42,3,2,77,0,0,0,77
05/02/2016,MDT,PA,AEA,EN,Combined TRACON& Tower with Radar,41,40,18,6,105,0,0,1,0,1,41,40,19,6,106,0,0,0,106
05/03/2016,MDT,PA,AEA,EN,Combined TRACON& Tower with Radar,45,47,17,24,133,0,0,3,0,3,45,47,20,24,136,0,2,2,138
05/04/2016,MDT,PA,AEA,EN,Combined TRACON& Tower with Radar,42,48,34,22,146,0,1,0,0,1,42,49,34,22,147,12,2,14,161
05/05/2016,MDT,PA,AEA,EN,Combined TRACON& Tower with Radar,44,50,13,13,120,0,0,8,4,12,44,50,21,17,132,0,22,22,154
05/06/2016,MDT,PA,AEA,EN,Combined TRACON& Tower with Radar,40,47,7,27,121,0,1,0,0,1,40,48,7,27,122,0,0,0,122
05/07/2016,MDT,PA,AEA,EN,Combined TRACON& Tower with Radar,23,28,4,0,55,0,1,0,1,2,23,29,4,1,57,18,0,18,75
05/08/2016,MDT,PA,AEA,EN,Combined TRACON& Tower with Radar,29,33,3,1,66,0,0,4,0,4,29,33,7,1,70,20,0,20,90
05/09/2016,MDT,PA,AEA,EN,Combined TRACON& Tower with Radar,40,41,7,0,88,0,0,13,2,15,40,41,20,2,103,16,2,18,121
05/10/2016,MDT,PA,AEA,EN,Combined TRACON& Tower with Radar,42,43,22,13,120,0,0,8,1,9,42,43,30,14,129,8,6,14,143
05/11/2016,MDT,PA,AEA,EN,Combined TRACON& Tower with Radar,42,44,22,12,120,0,2,1,1,4,42,46,23,13,124,12,4,16,140
05/12/2016,MDT,PA,AEA,EN,Combined TRACON& Tower with Radar,43,42,13,18,116,0,0,2,1,3,43,42,15,19,119,0,2,2,121
05/13/2016,MDT,PA,AEA,EN,Combined TRACON& Tower with Radar,42,45,22,21,130,0,0,0,1,1,42,45,22,22,131,0,0,0,131
05/14/2016,MDT,PA,AEA,EN,Combined TRACON& Tower with Radar,23,31,9,7,70,0,2,5,0,7,23,33,14,7,77,8,6,14,91
05/15/2016,MDT,PA,AEA,EN,Combined TRACON& Tower with Radar,32,35,9,3,79,0,0,1,2,3,32,35,10,5,82,0,0,0,82
05/16/2016,MDT,PA,AEA,EN,Combined TRACON& Tower with Radar,41,46,18,11,116,0,1,13,2,16,41,47,31,13,132,16,8,24,156
05/17/2016,MDT,PA,AEA,EN,Combined TRACON& Tower with Radar,44,50,17,13,124,6,1,5,2,14,50,51,22,15,138,0,30,30,168
05/18/2016,MDT,PA,AEA,EN,Combined TRACON& Tower with Radar,44,55,20,30,149,0,3,9,2,14,44,58,29,32,163,10,82,92,255
05/19/2016,MDT,PA,AEA,EN,Combined TRACON& Tower with Radar,45,47,18,19,129,0,5,12,5,22,45,52,30,24,151,12,8,20,171
05/20/2016,MDT,PA,AEA,EN,Combined TRACON& Tower with Radar,40,45,19,12,116,0,0,12,2,14,40,45,31,14,130,20,10,30,160
05/21/2016,MDT,PA,AEA,EN,Combined TRACON& Tower with Radar,24,33,11,2,70,0,0,1,0,1,24,33,12,2,71,0,0,0,71
05/22/2016,MDT,PA,AEA,EN,Combined TRACON& Tower with Radar,33,39,12,2,86,0,0,4,0,4,33,39,16,2,90,30,0,30,120
05/23/2016,MDT,PA,AEA,EN,Combined TRACON& Tower with Radar,39,42,18,5,104,0,0,8,2,10,39,42,26,7,114,6,4,10,124
05/24/2016,MDT,PA,AEA,EN,Combined TRACON& Tower with Radar,42,45,16,34,137,0,1,11,1,13,42,46,27,35,150,10,2,12,162
05/25/2016,MDT,PA,AEA,EN,Combined TRACON& Tower with Radar,41,46,29,20,136,0,0,18,5,23,41,46,47,25,159,8,22,30,189
05/26/2016,MDT,PA,AEA,EN,Combined TRACON& Tower with Radar,44,43,21,8,116,0,0,13,4,17,44,43,34,12,133,0,14,14,147
05/27/2016,MDT,PA,AEA,EN,Combined TRACON& Tower with Radar,45,41,7,2,95,0,0,17,1,18,45,41,24,3,113,22,0,22,135
05/28/2016,MDT,PA,AEA,EN,Combined TRACON& Tower with Radar,26,34,7,0,67,0,3,12,0,15,26,37,19,0,82,0,0,0,82
05/29/2016,MDT,PA,AEA,EN,Combined TRACON& Tower with Radar,25,24,14,4,67,0,2,9,0,11,25,26,23,4,78,12,0,12,90
05/30/2016,MDT,PA,AEA,EN,Combined TRACON& Tower with Radar,28,30,20,0,78,0,0,5,0,5,28,30,25,0,83,22,0,22,105
05/31/2016,MDT,PA,AEA,EN,Combined TRACON& Tower with Radar,42,44,20,23,129,2,4,13,4,23,44,48,33,27,152,20,60,80,232
06/01/2016,MDT,PA,AEA,EN,Combined TRACON& Tower with Radar,57,42,17,39,155,0,2,17,4,23,57,44,34,43,178,0,66,66,244
06/02/2016,MDT,PA,AEA,EN,Combined TRACON& Tower with Radar,46,45,11,9,111,0,0,9,5,14,46,45,20,14,125,18,4,22,147
06/03/2016,MDT,PA,AEA,EN,Combined TRACON& Tower with Radar,40,47,35,11,133,0,0,2,1,3,40,47,37,12,136,6,0,6,142
06/04/2016,MDT,PA,AEA,EN,Combined TRACON& Tower with Radar,25,34,21,1,81,0,0,0,0,0,25,34,21,1,81,0,0,0,81
06/05/2016,MDT,PA,AEA,EN,Combined TRACON& Tower with Radar,33,37,7,0,77,0,0,4,0,4,33,37,11,0,81,6,0,6,87
06/06/2016,MDT,PA,AEA,EN,Combined TRACON& Tower with Radar,41,44,15,0,100,0,0,12,2,14,41,44,27,2,114,16,2,18,132
06/07/2016,MDT,PA,AEA,EN,Combined TRACON& Tower with Radar,53,49,16,16,134,0,3,17,5,25,53,52,33,21,159,6,8,14,173
06/08/2016,MDT,PA,AEA,EN,Combined TRACON& Tower with Radar,46,58,7,18,129,0,2,3,6,11,46,60,10,24,140,0,36,36,176
06/09/2016,MDT,PA,AEA,EN,Combined TRACON& Tower with Radar,46,55,15,17,133,1,0,16,6,23,47,55,31,23,156,10,40,50,206
06/10/2016,MDT,PA,AEA,EN,Combined TRACON& Tower with Radar,48,44,23,21,136,3,1,19,0,23,51,45,42,21,159,4,32,36,195
06/11/2016,MDT,PA,AEA,EN,Combined TRACON& Tower with Radar,22,34,7,6,69,0,0,13,0,13,22,34,20,6,82,0,12,12,94
06/12/2016,MDT,PA,AEA,EN,Combined TRACON& Tower with Radar,35,38,8,8,89,0,2,1,0,3,35,40,9,8,92,0,0,0,92
06/13/2016,MDT,PA,AEA,EN,Combined TRACON& Tower with Radar,38,47,24,10,119,0,2,8,0,10,38,49,32,10,129,14,0,14,143
06/14/2016,MDT,PA,AEA,EN,Combined TRACON& Tower with Radar,41,48,17,9,115,0,0,14,2,16,41,48,31,11,131,0,18,18,149
06/15/2016,MDT,PA,AEA,EN,Combined TRACON& Tower with Radar,46,45,25,23,139,0,0,7,2,9,46,45,32,25,148,8,10,18,166
06/16/2016,MDT,PA,AEA,EN,Combined TRACON& Tower with Radar,48,45,11,14,118,0,0,1,0,1,48,45,12,14,119,0,10,10,129
06/17/2016,MDT,PA,AEA,EN,Combined TRACON& Tower with Radar,39,42,9,11,101,0,0,7,0,7,39,42,16,11,108,0,0,0,108
06/18/2016,MDT,PA,AEA,EN,Combined TRACON& Tower with Radar,24,31,9,13,77,0,0,7,2,9,24,31,16,15,86,2,18,20,106
06/19/2016,MDT,PA,AEA,EN,Combined TRACON& Tower with Radar,33,33,3,3,72,0,1,26,2,29,33,34,29,5,101,32,0,32,133
06/20/2016,MDT,PA,AEA,EN,Combined TRACON& Tower with Radar,42,44,12,8,106,0,0,6,2,8,42,44,18,10,114,8,0,8,122
06/21/2016,MDT,PA,AEA,EN,Combined TRACON& Tower with Radar,44,56,18,3,121,0,5,11,1,17,44,61,29,4,138,18,2,20,158
06/22/2016,MDT,PA,AEA,EN,Combined TRACON& Tower with Radar,44,48,12,4,108,0,1,28,3,32,44,49,40,7,140,30,10,40,180
06/23/2016,MDT,PA,AEA,EN,Combined TRACON& Tower with Radar,44,46,2,28,120,0,0,0,0,0,44,46,2,28,120,0,0,0,120
06/24/2016,MDT,PA,AEA,EN,Combined TRACON& Tower with Radar,46,43,7,16,112,0,0,6,3,9,46,43,13,19,121,30,38,68,189
06/25/2016,MDT,PA,AEA,EN,Combined TRACON& Tower with Radar,22,37,4,0,63,0,0,9,1,10,22,37,13,1,73,6,0,6,79
06/26/2016,MDT,PA,AEA,EN,Combined TRACON& Tower with Radar,35,36,13,3,87,0,0,16,2,18,35,36,29,5,105,20,0,20,125
06/27/2016,MDT,PA,AEA,EN,Combined TRACON& Tower with Radar,43,42,21,14,120,3,0,7,7,17,46,42,28,21,137,18,12,30,167
06/28/2016,MDT,PA,AEA,EN,Combined TRACON& Tower with Radar,50,48,20,8,126,0,0,2,6,8,50,48,22,14,134,0,28,28,162
06/29/2016,MDT,PA,AEA,EN,Combined TRACON& Tower with Radar,46,50,14,15,125,0,2,10,11,23,46,52,24,26,148,0,34,34,182
06/30/2016,MDT,PA,AEA,EN,Combined TRACON& Tower with Radar,45,48,14,14,121,0,0,11,6,17,45,48,25,20,138,32,6,38,176
07/01/2016,MDT,PA,AEA,EN,Combined TRACON& Tower with Radar,43,40,4,4,91,0,0,3,0,3,43,40,7,4,94,0,16,16,110
07/02/2016,MDT,PA,AEA,EN,Combined TRACON& Tower with Radar,25,28,9,1,63,0,0,9,0,9,25,28,18,1,72,2,0,2,74
07/03/2016,MDT,PA,AEA,EN,Combined TRACON& Tower with Radar,27,25,7,0,59,0,0,10,0,10,27,25,17,0,69,4,0,4,73
07/04/2016,MDT,PA,AEA,EN,Combined TRACON& Tower with Radar,28,31,4,11,74,0,0,2,1,3,28,31,6,12,77,20,8,28,105
07/05/2016,MDT,PA,AEA,EN,Combined TRACON& Tower with Radar,42,44,10,16,112,0,0,7,12,19,42,44,17,28,131,0,32,32,163
07/06/2016,MDT,PA,AEA,EN,Combined TRACON& Tower with Radar,46,45,17,29,137,0,0,16,13,29,46,45,33,42,166,0,64,64,230
07/07/2016,MDT,PA,AEA,EN,Combined TRACON& Tower with Radar,51,47,11,26,135,0,4,12,3,19,51,51,23,29,154,18,14,32,186
07/08/2016,MDT,PA,AEA,EN,Combined TRACON& Tower with Radar,44,42,6,8,100,0,0,6,5,11,44,42,12,13,111,0,0,0,111
07/09/2016,MDT,PA,AEA,EN,Combined TRACON& Tower with Radar,37,32,12,5,86,0,0,6,0,6,37,32,18,5,92,24,0,24,116
07/10/2016,MDT,PA,AEA,EN,Combined TRACON& Tower with Radar,32,40,4,0,76,0,0,15,0,15,32,40,19,0,91,6,0,6,97
07/11/2016,MDT,PA,AEA,EN,Combined TRACON& Tower with Radar,47,39,14,21,121,0,0,11,3,14,47,39,25,24,135,4,22,26,161
07/12/2016,MDT,PA,AEA,EN,Combined TRACON& Tower with Radar,43,53,10,7,113,0,0,14,3,17,43,53,24,10,130,0,12,12,142
07/13/2016,MDT,PA,AEA,EN,Combined TRACON& Tower with Radar,45,54,20,13,132,0,0,2,1,3,45,54,22,14,135,0,22,22,157
07/14/2016,MDT,PA,AEA,EN,Combined TRACON& Tower with Radar,52,52,20,26,150,0,0,6,8,14,52,52,26,34,164,0,36,36,200
07/15/2016,MDT,PA,AEA,EN,Combined TRACON& Tower with Radar,42,43,13,9,107,0,5,5,11,21,42,48,18,20,128,0,12,12,140
07/16/2016,MDT,PA,AEA,EN,Combined TRACON& Tower with Radar,31,32,10,0,73,0,0,11,0,11,31,32,21,0,84,0,0,0,84
07/17/2016,MDT,PA,AEA,EN,Combined TRACON& Tower with Radar,34,40,20,5,99,0,0,22,0,22,34,40,42,5,121,12,0,12,133
07/18/2016,MDT,PA,AEA,EN,Combined TRACON& Tower with Radar,52,43,17,2,114,0,0,15,0,15,52,43,32,2,129,4,0,4,133
07/19/2016,MDT,PA,AEA,EN,Combined TRACON& Tower with Radar,40,44,36,12,132,0,1,14,5,20,40,45,50,17,152,8,20,28,180
07/20/2016,MDT,PA,AEA,EN,Combined TRACON& Tower with Radar,47,57,22,22,148,0,0,19,5,24,47,57,41,27,172,36,24,60,232
07/21/2016,MDT,PA,AEA,EN,Combined TRACON& Tower with Radar,42,41,24,19,126,1,2,21,3,27,43,43,45,22,153,0,20,20,173
07/22/2016,MDT,PA,AEA,EN,Combined TRACON& Tower with Radar,43,41,13,23,120,0,1,8,6,15,43,42,21,29,135,6,30,36,171
07/23/2016,MDT,PA,AEA,EN,Combined TRACON& Tower with Radar,29,25,9,7,70,0,0,6,0,6,29,25,15,7,76,0,0,0,76
07/24/2016,MDT,PA,AEA,EN,Combined TRACON& Tower with Radar,28,38,19,5,90,0,0,19,3,22,28,38,38,8,112,14,2,16,128
07/25/2016,MDT,PA,AEA,EN,Combined TRACON& Tower with Radar,44,41,14,4,103,0,0,7,5,12,44,41,21,9,115,10,26,36,151
07/26/2016,MDT,PA,AEA,EN,Combined TRACON& Tower with Radar,48,51,12,10,121,0,0,20,13,33,48,51,32,23,154,2,18,20,174
07/27/2016,MDT,PA,AEA,EN,Combined TRACON& Tower with Radar,46,45,19,7,117,0,0,12,3,15,46,45,31,10,132,0,10,10,142
07/28/2016,MDT,PA,AEA,EN,Combined TRACON& Tower with Radar,45,55,11,19,130,0,0,10,8,18,45,55,21,27,148,0,46,46,194
07/29/2016,MDT,PA,AEA,EN,Combined TRACON& Tower with Radar,41,37,7,6,91,0,0,8,2,10,41,37,15,8,101,6,16,22,123
07/30/2016,MDT,PA,AEA,EN,Combined TRACON& Tower with Radar,30,20,11,0,61,0,0,1,0,1,30,20,12,0,62,0,0,0,62
07/31/2016,MDT,PA,AEA,EN,Combined TRACON& Tower with Radar,31,33,16,5,85,0,0,4,1,5,31,33,20,6,90,30,0,30,120
08/01/2016,MDT,PA,AEA,EN,Combined TRACON& Tower with Radar,38,43,20,8,109,0,0,1,2,3,38,43,21,10,112,6,4,10,122
08/02/2016,MDT,PA,AEA,EN,Combined TRACON& Tower with Radar,41,47,24,6,118,0,0,7,12,19,41,47,31,18,137,12,38,50,187
08/03/2016,MDT,PA,AEA,EN,Combined TRACON& Tower with Radar,44,63,10,7,124,0,2,23,7,32,44,65,33,14,156,2,4,6,162
08/04/2016,MDT,PA,AEA,EN,Combined TRACON& Tower with Radar,45,48,11,22,126,0,0,15,7,22,45,48,26,29,148,0,36,36,184
08/05/2016,MDT,PA,AEA,EN,Combined TRACON& Tower with Radar,39,46,11,13,109,0,0,8,1,9,39,46,19,14,118,10,6,16,134
08/06/2016,MDT,PA,AEA,EN,Combined TRACON& Tower with Radar,29,30,11,0,70,0,0,6,0,6,29,30,17,0,76,0,0,0,76
08/07/2016,MDT,PA,AEA,EN,Combined TRACON& Tower with Radar,25,42,13,2,82,0,0,11,2,13,25,42,24,4,95,10,0,10,105
08/08/2016,MDT,PA,AEA,EN,Combined TRACON& Tower with Radar,48,39,11,12,110,0,0,10,2,12,48,39,21,14,122,8,20,28,150
08/09/2016,MDT,PA,AEA,EN,Combined TRACON& Tower with Radar,41,45,28,11,125,0,0,8,0,8,41,45,36,11,133,0,0,0,133
08/10/2016,MDT,PA,AEA,EN,Combined TRACON& Tower with Radar,40,51,33,13,137,0,0,1,4,5,40,51,34,17,142,24,12,36,178
08/11/2016,MDT,PA,AEA,EN,Combined TRACON& Tower with Radar,45,51,22,7,125,0,0,3,2,5,45,51,25,9,130,6,14,20,150
08/12/2016,MDT,PA,AEA,EN,Combined TRACON& Tower with Radar,40,49,10,7,106,0,1,9,3,13,40,50,19,10,119,0,0,0,119
08/13/2016,MDT,PA,AEA,EN,Combined TRACON& Tower with Radar,28,26,10,10,74,0,0,16,0,16,28,26,26,10,90,0,8,8,98
08/14/2016,MDT,PA,AEA,EN,Combined TRACON& Tower with Radar,31,36,10,7,84,0,0,10,5,15,31,36,20,12,99,10,4,14,113
08/15/2016,MDT,PA,AEA,EN,Combined TRACON& Tower with Radar,49,40,19,3,111,0,1,16,0,17,49,41,35,3,128,0,0,0,128
08/16/2016,MDT,PA,AEA,EN,Combined TRACON& Tower with Radar,42,42,20,21,125,0,0,6,17,23,42,42,26,38,148,0,10,10,158
08/17/2016,MDT,PA,AEA,EN,Combined TRACON& Tower with Radar,43,54,27,33,157,0,0,21,19,40,43,54,48,52,197,4,26,30,227
08/18/2016,MDT,PA,AEA,EN,Combined TRACON& Tower with Radar,48,47,19,19,133,0,0,28,8,36,48,47,47,27,169,16,16,32,201
08/19/2016,MDT,PA,AEA,EN,Combined TRACON& Tower with Radar,41,46,16,7,110,0,2,14,3,19,41,48,30,10,129,0,32,32,161
08/20/2016,MDT,PA,AEA,EN,Combined TRACON& Tower with Radar,26,31,4,0,61,0,0,21,5,26,26,31,25,5,87,396,0,396,483
08/21/2016,MDT,PA,AEA,EN,Combined TRACON& Tower with Radar,31,35,9,0,75,0,0,2,0,2,31,35,11,0,77,0,0,0,77
08/22/2016,MDT,PA,AEA,EN,Combined TRACON& Tower with Radar,41,43,26,14,124,0,0,13,7,20,41,43,39,21,144,8,56,64,208
08/23/2016,MDT,PA,AEA,EN,Combined TRACON& Tower with Radar,32,55,18,16,121,0,4,14,2,20,32,59,32,18,141,18,10,28,169
08/24/2016,MDT,PA,AEA,EN,Combined TRACON& Tower with Radar,39,50,19,13,121,0,5,23,6,34,39,55,42,19,155,0,6,6,161
08/25/2016,MDT,PA,AEA,EN,Combined TRACON& Tower with Radar,50,58,12,11,131,0,6,10,12,28,50,64,22,23,159,16,28,44,203
08/26/2016,MDT,PA,AEA,EN,Combined TRACON& Tower with Radar,42,46,12,8,108,0,0,11,4,15,42,46,23,12,123,0,0,0,123
08/27/2016,MDT,PA,AEA,EN,Combined TRACON& Tower with Radar,24,30,11,0,65,0,0,4,1,5,24,30,15,1,70,32,0,32,102
08/28/2016,MDT,PA,AEA,EN,Combined TRACON& Tower with Radar,32,36,13,4,85,0,0,17,1,18,32,36,30,5,103,10,0,10,113
08/29/2016,MDT,PA,AEA,EN,Combined TRACON& Tower with Radar,40,42,11,11,104,1,0,7,4,12,41,42,18,15,116,18,10,28,144
08/30/2016,MDT,PA,AEA,EN,Combined TRACON& Tower with Radar,36,52,18,14,120,0,4,23,4,31,36,56,41,18,151,28,32,60,211
08/31/2016,MDT,PA,AEA,EN,Combined TRACON& Tower with Radar,41,48,5,18,112,0,2,5,2,9,41,50,10,20,121,0,12,12,133
09/01/2016,MDT,PA,AEA,EN,Combined TRACON& Tower with Radar,44,52,14,27,137,0,0,6,5,11,44,52,20,32,148,44,6,50,198
09/02/2016,MDT,PA,AEA,EN,Combined TRACON& Tower with Radar,39,45,10,2,96,0,0,13,0,13,39,45,23,2,109,20,0,20,129
09/03/2016,MDT,PA,AEA,EN,Combined TRACON& Tower with Radar,20,30,11,0,61,0,0,9,0,9,20,30,20,0,70,0,0,0,70
09/04/2016,MDT,PA,AEA,EN,Combined TRACON& Tower with Radar,24,34,3,0,61,0,0,4,0,4,24,34,7,0,65,24,0,24,89
09/05/2016,MDT,PA,AEA,EN,Combined TRACON& Tower with Radar,28,36,9,0,73,0,0,23,0,23,28,36,32,0,96,0,0,0,96
09/06/2016,MDT,PA,AEA,EN,Combined TRACON& Tower with Radar,39,43,21,10,113,0,1,9,4,14,39,44,30,14,127,14,40,54,181
09/07/2016,MDT,PA,AEA,EN,Combined TRACON& Tower with Radar,38,50,17,26,131,2,0,15,6,23,40,50,32,32,154,0,40,40,194
09/08/2016,MDT,PA,AEA,EN,Combined TRACON& Tower with Radar,41,56,24,36,157,0,3,6,6,15,41,59,30,42,172,26,76,102,274
09/09/2016,MDT,PA,AEA,EN,Combined TRACON& Tower with Radar,33,44,25,20,122,0,0,11,7,18,33,44,36,27,140,0,14,14,154
09/10/2016,MDT,PA,AEA,EN,Combined TRACON& Tower with Radar,21,23,8,4,56,0,1,1,5,7,21,24,9,9,63,0,2,2,65
09/11/2016,MDT,PA,AEA,EN,Combined TRACON& Tower with Radar,32,42,16,2,92,0,0,17,1,18,32,42,33,3,110,22,0,22,132
09/12/2016,MDT,PA,AEA,EN,Combined TRACON& Tower with Radar,36,45,15,9,105,0,2,9,0,11,36,47,24,9,116,6,0,6,122
09/13/2016,MDT,PA,AEA,EN,Combined TRACON& Tower with Radar,40,52,14,9,115,0,2,9,4,15,40,54,23,13,130,6,12,18,148
09/14/2016,MDT,PA,AEA,EN,Combined TRACON& Tower with Radar,34,51,14,2,101,0,2,9,1,12,34,53,23,3,113,10,20,30,143
09/15/2016,MDT,PA,AEA,EN,Combined TRACON& Tower with Radar,48,51,26,13,138,0,1,12,12,25,48,52,38,25,163,24,66,90,253
09/16/2016,MDT,PA,AEA,EN,Combined TRACON& Tower with Radar,39,48,31,20,138,0,0,12,0,12,39,48,43,20,150,8,14,22,172
09/17/2016,MDT,PA,AEA,EN,Combined TRACON& Tower with Radar,23,30,9,5,67,0,0,1,0,1,23,30,10,5,68,0,0,0,68
09/18/2016,MDT,PA,AEA,EN,Combined TRACON& Tower with Radar,29,38,7,0,74,0,0,6,0,6,29,38,13,0,80,8,0,8,88
09/19/2016,MDT,PA,AEA,EN,Combined TRACON& Tower with Radar,41,47,13,8,109,0,3,7,0,10,41,50,20,8,119,0,14,14,133
09/20/2016,MDT,PA,AEA,EN,Combined TRACON& Tower with Radar,37,52,27,17,133,0,2,14,2,18,37,54,41,19,151,0,58,58,209
09/21/2016,MDT,PA,AEA,EN,Combined TRACON& Tower with Radar,41,50,17,14,122,0,0,10,5,15,41,50,27,19,137,8,24,32,169
09/22/2016,MDT,PA,AEA,EN,Combined TRACON& Tower with Radar,43,47,15,15,120,0,3,17,3,23,43,50,32,18,143,2,22,24,167
09/23/2016,MDT,PA,AEA,EN,Combined TRACON& Tower with Radar,45,53,4,19,121,0,2,19,2,23,45,55,23,21,144,0,30,30,174
09/24/2016,MDT,PA,AEA,EN,Combined TRACON& Tower with Radar,24,30,9,2,65,0,4,11,0,15,24,34,20,2,80,0,0,0,80
09/25/2016,MDT,PA,AEA,EN,Combined TRACON& Tower with Radar,29,45,9,2,85,0,0,21,0,21,29,45,30,2,106,20,0,20,126
09/26/2016,MDT,PA,AEA,EN,Combined TRACON& Tower with Radar,38,45,28,0,111,0,0,10,0,10,38,45,38,0,121,0,0,0,121
09/27/2016,MDT,PA,AEA,EN,Combined TRACON& Tower with Radar,42,53,27,14,136,0,1,16,4,21,42,54,43,18,157,20,44,64,221
09/28/2016,MDT,PA,AEA,EN,Combined TRACON& Tower with Radar,43,46,14,24,127,0,3,7,0,10,43,49,21,24,137,0,28,28,165
09/29/2016,MDT,PA,AEA,EN,Combined TRACON& Tower with Radar,44,47,19,3,113,0,0,0,0,0,44,47,19,3,113,0,0,0,113
09/30/2016,MDT,PA,AEA,EN,Combined TRACON& Tower with Radar,40,53,9,5,107,0,0,0,0,0,40,53,9,5,107,0,0,0,107
10/01/2016,MDT,PA,AEA,EN,Combined TRACON& Tower with Radar,21,27,24,0,72,0,0,0,0,0,21,27,24,0,72,0,0,0,72
10/02/2016,MDT,PA,AEA,EN,Combined TRACON& Tower with Radar,27,44,11,0,82,0,0,4,0,4,27,44,15,0,86,0,0,0,86
10/03/2016,MDT,PA,AEA,EN,Combined TRACON& Tower with Radar,40,47,28,7,122,0,0,12,3,15,40,47,40,10,137,0,10,10,147
10/04/2016,MDT,PA,AEA,EN,Combined TRACON& Tower with Radar,37,53,20,13,123,0,1,6,6,13,37,54,26,19,136,0,14,14,150
10/05/2016,MDT,PA,AEA,EN,Combined TRACON& Tower with Radar,42,58,24,13,137,1,2,6,6,15,43,60,30,19,152,6,48,54,206
10/06/2016,MDT,PA,AEA,EN,Combined TRACON& Tower with Radar,41,52,30,5,128,0,4,22,2,28,41,56,52,7,156,8,14,22,178
10/07/2016,MDT,PA,AEA,EN,Combined TRACON& Tower with Radar,37,54,30,9,130,0,1,26,0,27,37,55,56,9,157,0,0,0,157
10/08/2016,MDT,PA,AEA,EN,Combined TRACON& Tower with Radar,22,32,13,0,67,0,0,1,0,1,22,32,14,0,68,0,0,0,68
10/09/2016,MDT,PA,AEA,EN,Combined TRACON& Tower with Radar,28,47,11,0,86,0,5,10,0,15,28,52,21,0,101,8,0,8,109
10/10/2016,MDT,PA,AEA,EN,Combined TRACON& Tower with Radar,35,50,10,1,96,0,0,13,1,14,35,50,23,2,110,52,8,60,170
10/11/2016,MDT,PA,AEA,EN,Combined TRACON& Tower with Radar,44,51,17,4,116,0,0,12,4,16,44,51,29,8,132,0,2,2,134
10/12/2016,MDT,PA,AEA,EN,Combined TRACON& Tower with Radar,40,57,17,34,148,0,0,11,15,26,40,57,28,49,174,0,20,20,194
10/13/2016,MDT,PA,AEA,EN,Combined TRACON& Tower with Radar,42,53,25,41,161,0,0,4,1,5,42,53,29,42,166,0,10,10,176
10/14/2016,MDT,PA,AEA,EN,Combined TRACON& Tower with Radar,37,60,24,18,139,0,2,16,3,21,37,62,40,21,160,0,30,30,190
10/15/2016,MDT,PA,AEA,EN,Combined TRACON& Tower with Radar,22,28,13,1,64,0,0,12,0,12,22,28,25,1,76,0,0,0,76
10/16/2016,MDT,PA,AEA,EN,Combined TRACON& Tower with Radar,28,54,23,5,110,0,3,15,1,19,28,57,38,6,129,18,0,18,147
10/17/2016,MDT,PA,AEA,EN,Combined TRACON& Tower with Radar,39,52,20,14,125,1,1,5,1,8,40,53,25,15,133,10,16,26,159
10/18/2016,MDT,PA,AEA,EN,Combined TRACON& Tower with Radar,42,56,18,8,124,0,0,6,8,14,42,56,24,16,138,14,24,38,176
10/19/2016,MDT,PA,AEA,EN,Combined TRACON& Tower with Radar,40,58,24,25,147,0,0,16,2,18,40,58,40,27,165,24,20,44,209
10/20/2016,MDT,PA,AEA,EN,Combined TRACON& Tower with Radar,40,61,29,6,136,0,0,3,3,6,40,61,32,9,142,0,0,0,142
10/21/2016,MDT,PA,AEA,EN,Combined TRACON& Tower with Radar,42,54,19,23,138,0,0,1,2,3,42,54,20,25,141,0,36,36,177
10/22/2016,MDT,PA,AEA,EN,Combined TRACON& Tower with Radar,30,35,20,5,90,0,0,1,3,4,30,35,21,8,94,0,0,0,94
10/23/2016,MDT,PA,AEA,EN,Combined TRACON& Tower with Radar,29,41,15,0,85,0,2,6,0,8,29,43,21,0,93,12,0,12,105
10/24/2016,MDT,PA,AEA,EN,Combined TRACON& Tower with Radar,38,52,17,10,117,0,0,1,3,4,38,52,18,13,121,0,6,6,127
10/25/2016,MDT,PA,AEA,EN,Combined TRACON& Tower with Radar,39,58,23,7,127,0,0,5,5,10,39,58,28,12,137,0,10,10,147
10/26/2016,MDT,PA,AEA,EN,Combined TRACON& Tower with Radar,38,52,15,21,126,0,2,16,8,26,38,54,31,29,152,30,52,82,234
10/27/2016,MDT,PA,AEA,EN,Combined TRACON& Tower with Radar,40,55,24,17,136,0,0,0,0,0,40,55,24,17,136,0,0,0,136
10/28/2016,MDT,PA,AEA,EN,Combined TRACON& Tower with Radar,39,52,13,2,106,0,0,7,5,12,39,52,20,7,118,8,0,8,126
10/29/2016,MDT,PA,AEA,EN,Combined TRACON& Tower with Radar,22,28,6,3,59,0,1,9,0,10,22,29,15,3,69,12,0,12,81
10/30/2016,MDT,PA,AEA,EN,Combined TRACON& Tower with Radar,35,39,7,2,83,0,1,11,0,12,35,40,18,2,95,24,0,24,119
10/31/2016,MDT,PA,AEA,EN,Combined TRACON& Tower with Radar,35,46,16,9,106,0,0,18,5,23,35,46,34,14,129,30,26,56,185
11/01/2016,MDT,PA,AEA,EN,Combined TRACON& Tower with Radar,45,51,22,43,161,0,0,10,5,15,45,51,32,48,176,8,38,46,222
11/02/2016,MDT,PA,AEA,EN,Combined TRACON& Tower with Radar,42,51,14,45,152,0,0,10,5,15,42,51,24,50,167,10,26,36,203
11/03/2016,MDT,PA,AEA,EN,Combined TRACON& Tower with Radar,44,49,14,22,129,0,0,2,4,6,44,49,16,26,135,0,14,14,149
11/04/2016,MDT,PA,AEA,EN,Combined TRACON& Tower with Radar,37,56,20,12,125,0,0,10,2,12,37,56,30,14,137,0,6,6,143
11/05/2016,MDT,PA,AEA,EN,Combined TRACON& Tower with Radar,20,40,10,1,71,0,3,13,0,16,20,43,23,1,87,16,0,16,103
11/06/2016,MDT,PA,AEA,EN,Combined TRACON& Tower with Radar,30,43,19,7,99,0,0,6,0,6,30,43,25,7,105,0,0,0,105
11/07/2016,MDT,PA,AEA,EN,Combined TRACON& Tower with Radar,32,50,25,17,124,0,0,9,4,13,32,50,34,21,137,10,8,18,155
11/08/2016,MDT,PA,AEA,EN,Combined TRACON& Tower with Radar,38,63,7,23,131,0,0,8,3,11,38,63,15,26,142,2,28,30,172
11/09/2016,MDT,PA,AEA,EN,Combined TRACON& Tower with Radar,38,53,17,17,125,0,2,3,5,10,38,55,20,22,135,8,6,14,149
11/10/2016,MDT,PA,AEA,EN,Combined TRACON& Tower with Radar,40,59,26,16,141,0,2,23,15,40,40,61,49,31,181,20,4,24,205
11/11/2016,MDT,PA,AEA,EN,Combined TRACON& Tower with Radar,35,56,10,0,101,0,0,4,0,4,35,56,14,0,105,0,0,0,105
11/12/2016,MDT,PA,AEA,EN,Combined TRACON& Tower with Radar,20,30,9,0,59,0,1,14,0,15,20,31,23,0,74,8,0,8,82
11/13/2016,MDT,PA,AEA,EN,Combined TRACON& Tower with Radar,29,41,10,1,81,0,2,14,2,18,29,43,24,3,99,14,0,14,113
11/14/2016,MDT,PA,AEA,EN,Combined TRACON& Tower with Radar,36,55,19,15,125,0,2,9,2,13,36,57,28,17,138,2,22,24,162
11/15/2016,MDT,PA,AEA,EN,Combined TRACON& Tower with Radar,39,59,22,6,126,0,0,13,3,16,39,59,35,9,142,34,40,74,216
11/16/2016,MDT,PA,AEA,EN,Combined TRACON& Tower with Radar,41,61,11,27,140,0,0,14,5,19,41,61,25,32,159,24,14,38,197
11/17/2016,MDT,PA,AEA,EN,Combined TRACON& Tower with Radar,42,59,28,13,142,0,2,11,12,25,42,61,39,25,167,8,22,30,197
11/18/2016,MDT,PA,AEA,EN,Combined TRACON& Tower with Radar,35,60,24,19,138,0,0,11,4,15,35,60,35,23,153,0,18,18,171
11/19/2016,MDT,PA,AEA,EN,Combined TRACON& Tower with Radar,19,26,2,5,52,0,0,3,2,5,19,26,5,7,57,0,0,0,57
11/20/2016,MDT,PA,AEA,EN,Combined TRACON& Tower with Radar,28,36,2,2,68,0,1,1,1,3,28,37,3,3,71,0,0,0,71
11/21/2016,MDT,PA,AEA,EN,Combined TRACON& Tower with Radar,33,46,15,4,98,0,0,2,5,7,33,46,17,9,105,0,0,0,105
11/22/2016,MDT,PA,AEA,EN,Combined TRACON& Tower with Radar,39,61,14,19,133,0,3,10,13,26,39,64,24,32,159,0,18,18,177
11/23/2016,MDT,PA,AEA,EN,Combined TRACON& Tower with Radar,40,55,10,4,109,0,0,25,2,27,40,55,35,6,136,0,18,18,154
11/24/2016,MDT,PA,AEA,EN,Combined TRACON& Tower with Radar,21,32,2,0,55,0,0,2,0,2,21,32,4,0,57,0,0,0,57
11/25/2016,MDT,PA,AEA,EN,Combined TRACON& Tower with Radar,30,33,9,0,72,0,1,4,2,7,30,34,13,2,79,1,0,1,80
11/26/2016,MDT,PA,AEA,EN,Combined TRACON& Tower with Radar,28,36,4,0,68,0,1,9,0,10,28,37,13,0,78,22,0,22,100
11/27/2016,MDT,PA,AEA,EN,Combined TRACON& Tower with Radar,30,41,14,2,87,0,0,12,1,13,30,41,26,3,100,14,0,14,114
11/28/2016,MDT,PA,AEA,EN,Combined TRACON& Tower with Radar,41,44,18,4,107,0,0,10,4,14,41,44,28,8,121,10,8,18,139
11/29/2016,MDT,PA,AEA,EN,Combined TRACON& Tower with Radar,38,51,14,5,108,0,0,0,0,0,38,51,14,5,108,0,0,0,108
11/30/2016,MDT,PA,AEA,EN,Combined TRACON& Tower with Radar,40,59,31,6,136,0,0,0,0,0,40,59,31,6,136,0,36,36,172
12/01/2016,MDT,PA,AEA,EN,Combined TRACON& Tower with Radar,42,52,25,10,129,0,2,14,11,27,42,54,39,21,156,14,4,18,174
12/02/2016,MDT,PA,AEA,EN,Combined TRACON& Tower with Radar,37,55,10,27,129,0,1,2,3,6,37,56,12,30,135,0,8,8,143
12/03/2016,MDT,PA,AEA,EN,Combined TRACON& Tower with Radar,20,25,6,7,58,0,0,1,0,1,20,25,7,7,59,0,0,0,59
12/04/2016,MDT,PA,AEA,EN,Combined TRACON& Tower with Radar,25,37,9,2,73,0,1,8,0,9,25,38,17,2,82,10,0,10,92
12/05/2016,MDT,PA,AEA,EN,Combined TRACON& Tower with Radar,37,47,26,17,127,0,0,8,1,9,37,47,34,18,136,12,14,26,162
12/06/2016,MDT,PA,AEA,EN,Combined TRACON& Tower with Radar,36,50,19,12,117,0,0,5,1,6,36,50,24,13,123,2,8,10,133
12/07/2016,MDT,PA,AEA,EN,Combined TRACON& Tower with Radar,41,53,16,14,124,0,0,8,2,10,41,53,24,16,134,0,18,18,152
12/08/2016,MDT,PA,AEA,EN,Combined TRACON& Tower with Radar,43,56,20,11,130,0,4,10,7,21,43,60,30,18,151,2,14,16,167
12/09/2016,MDT,PA,AEA,EN,Combined TRACON& Tower with Radar,37,53,23,19,132,0,2,11,5,18,37,55,34,24,150,4,0,4,154
12/10/2016,MDT,PA,AEA,EN,Combined TRACON& Tower with Radar,20,26,1,2,49,0,7,7,0,14,20,33,8,2,63,0,0,0,63
12/11/2016,MDT,PA,AEA,EN,Combined TRACON& Tower with Radar,21,36,3,2,62,0,0,5,0,5,21,36,8,2,67,28,0,28,95
12/12/2016,MDT,PA,AEA,EN,Combined TRACON& Tower with Radar,38,45,19,22,124,0,2,2,0,4,38,47,21,22,128,0,6,6,134
12/13/2016,MDT,PA,AEA,EN,Combined TRACON& Tower with Radar,45,47,22,38,152,0,0,10,8,18,45,47,32,46,170,12,88,100,270
12/14/2016,MDT,PA,AEA,EN,Combined TRACON& Tower with Radar,46,46,7,16,115,0,0,8,10,18,46,46,15,26,133,0,40,40,173
12/15/2016,MDT,PA,AEA,EN,Combined TRACON& Tower with Radar,46,54,18,8,126,0,0,1,12,13,46,54,19,20,139,0,14,14,153
12/16/2016,MDT,PA,AEA,EN,Combined TRACON& Tower with Radar,41,45,19,20,125,0,5,15,8,28,41,50,34,28,153,10,72,82,235
12/17/2016,MDT,PA,AEA,EN,Combined TRACON& Tower with Radar,28,21,3,0,52,0,0,0,0,0,28,21,3,0,52,0,0,0,52
12/18/2016,MDT,PA,AEA,EN,Combined TRACON& Tower with Radar,31,40,5,0,76,0,0,0,0,0,31,40,5,0,76,6,0,6,82
12/19/2016,MDT,PA,AEA,EN,Combined TRACON& Tower with Radar,54,41,21,10,126,0,0,17,1,18,54,41,38,11,144,18,20,38,182
12/20/2016,MDT,PA,AEA,EN,Combined TRACON& Tower with Radar,50,48,19,18,135,0,0,15,4,19,50,48,34,22,154,4,30,34,188
12/21/2016,MDT,PA,AEA,EN,Combined TRACON& Tower with Radar,51,52,15,7,125,1,0,19,1,21,52,52,34,8,146,18,32,50,196
12/22/2016,MDT,PA,AEA,EN,Combined TRACON& Tower with Radar,53,51,13,8,125,0,0,11,5,16,53,51,24,13,141,18,6,24,165
12/23/2016,MDT,PA,AEA,EN,Combined TRACON& Tower with Radar,42,53,6,0,101,0,0,17,0,17,42,53,23,0,118,8,0,8,126
12/24/2016,MDT,PA,AEA,EN,Combined TRACON& Tower with Radar,25,34,2,0,61,0,1,1,0,2,25,35,3,0,63,0,0,0,63
12/25/2016,MDT,PA,AEA,EN,Combined TRACON& Tower with Radar,13,21,0,0,34,0,0,11,0,11,13,21,11,0,45,0,0,0,45
12/26/2016,MDT,PA,AEA,EN,Combined TRACON& Tower with Radar,30,36,7,0,73,0,0,1,0,1,30,36,8,0,74,0,0,0,74
12/27/2016,MDT,PA,AEA,EN,Combined TRACON& Tower with Radar,36,47,3,17,103,0,3,7,0,10,36,50,10,17,113,6,12,18,131
12/28/2016,MDT,PA,AEA,EN,Combined TRACON& Tower with Radar,42,52,10,19,123,0,0,24,3,27,42,52,34,22,150,16,10,26,176
12/29/2016,MDT,PA,AEA,EN,Combined TRACON& Tower with Radar,42,48,5,5,100,0,1,0,2,3,42,49,5,7,103,8,4,12,115
12/30/2016,MDT,PA,AEA,EN,Combined TRACON& Tower with Radar,50,47,2,12,111,0,0,0,0,0,50,47,2,12,111,0,14,14,125
12/31/2016,MDT,PA,AEA,EN,Combined TRACON& Tower with Radar,29,31,5,0,65,0,0,17,1,18,29,31,22,1,83,12,0,12,95
01/01/2017,MDT,PA,AEA,EN,Combined TRACON& Tower with Radar,19,31,5,0,55,0,0,15,0,15,19,31,20,0,70,12,0,12,82
01/02/2017,MDT,PA,AEA,EN,Combined TRACON& Tower with Radar,23,38,15,0,76,0,0,0,0,0,23,38,15,0,76,0,0,0,76
01/03/2017,MDT,PA,AEA,EN,Combined TRACON& Tower with Radar,60,48,12,0,120,0,0,0,0,0,60,48,12,0,120,0,0,0,120
01/04/2017,MDT,PA,AEA,EN,Combined TRACON& Tower with Radar,37,42,11,21,111,0,0,8,9,17,37,42,19,30,128,6,60,66,194
01/05/2017,MDT,PA,AEA,EN,Combined TRACON& Tower with Radar,39,49,12,11,111,0,0,7,6,13,39,49,19,17,124,14,6,20,144
01/06/2017,MDT,PA,AEA,EN,Combined TRACON& Tower with Radar,28,53,14,7,102,0,2,16,5,23,28,55,30,12,125,4,10,14,139
01/07/2017,MDT,PA,AEA,EN,Combined TRACON& Tower with Radar,31,24,2,2,59,0,0,2,1,3,31,24,4,3,62,2,6,8,70
01/08/2017,MDT,PA,AEA,EN,Combined TRACON& Tower with Radar,25,37,4,15,81,0,1,6,4,11,25,38,10,19,92,4,14,18,110
01/09/2017,MDT,PA,AEA,EN,Combined TRACON& Tower with Radar,41,34,18,4,97,0,2,8,7,17,41,36,26,11,114,18,0,18,132
01/10/2017,MDT,PA,AEA,EN,Combined TRACON& Tower with Radar,38,34,9,6,87,0,0,0,1,1,38,34,9,7,88,30,8,38,126
01/11/2017,MDT,PA,AEA,EN,Combined TRACON& Tower with Radar,41,50,20,11,122,0,4,13,3,20,41,54,33,14,142,6,22,28,170
01/12/2017,MDT,PA,AEA,EN,Combined TRACON& Tower with Radar,53,46,17,12,128,0,0,11,5,16,53,46,28,17,144,8,2,10,154
01/13/2017,MDT,PA,AEA,EN,Combined TRACON& Tower with Radar,38,36,16,1,91,0,0,11,1,12,38,36,27,2,103,34,8,42,145
01/14/2017,MDT,PA,AEA,EN,Combined TRACON& Tower with Radar,23,21,2,0,46,0,0,3,0,3,23,21,5,0,49,26,0,26,75
01/15/2017,MDT,PA,AEA,EN,Combined TRACON& Tower with Radar,23,34,12,0,69,0,0,23,0,23,23,34,35,0,92,26,0,26,118
01/16/2017,MDT,PA,AEA,EN,Combined TRACON& Tower with Radar,36,39,13,1,89,0,1,3,0,4,36,40,16,1,93,12,0,12,105
01/17/2017,MDT,PA,AEA,EN,Combined TRACON& Tower with Radar,44,36,11,19,110,0,0,0,0,0,44,36,11,19,110,0,0,0,110
01/18/2017,MDT,PA,AEA,EN,Combined TRACON& Tower with Radar,44,36,15,41,136,0,0,3,16,19,44,36,18,57,155,18,62,80,235
01/19/2017,MDT,PA,AEA,EN,Combined TRACON& Tower with Radar,50,45,17,16,128,0,0,16,4,20,50,45,33,20,148,14,28,42,190
01/20/2017,MDT,PA,AEA,EN,Combined TRACON& Tower with Radar,40,38,13,10,101,0,0,0,0,0,40,38,13,10,101,0,12,12,113
01/21/2017,MDT,PA,AEA,EN,Combined TRACON& Tower with Radar,26,11,4,1,42,0,0,0,0,0,26,11,4,1,42,0,0,0,42
01/22/2017,MDT,PA,AEA,EN,Combined TRACON& Tower with Radar,32,24,6,2,64,0,0,0,0,0,32,24,6,2,64,0,0,0,64
01/23/2017,MDT,PA,AEA,EN,Combined TRACON& Tower with Radar,42,26,11,3,82,0,0,0,0,0,42,26,11,3,82,0,0,0,82
01/24/2017,MDT,PA,AEA,EN,Combined TRACON& Tower with Radar,44,39,17,23,123,0,0,1,6,7,44,39,18,29,130,0,0,0,130
01/25/2017,MDT,PA,AEA,EN,Combined TRACON& Tower with Radar,43,37,19,8,107,0,0,13,12,25,43,37,32,20,132,0,0,0,132
01/26/2017,MDT,PA,AEA,EN,Combined TRACON& Tower with Radar,50,45,23,16,134,0,3,1,7,11,50,48,24,23,145,0,0,0,145
01/27/2017,MDT,PA,AEA,EN,Combined TRACON& Tower with Radar,44,39,11,22,116,0,0,6,2,8,44,39,17,24,124,0,24,24,148
01/28/2017,MDT,PA,AEA,EN,Combined TRACON& Tower with Radar,28,17,4,4,53,0,0,4,0,4,28,17,8,4,57,0,4,4,61
01/29/2017,MDT,PA,AEA,EN,Combined TRACON& Tower with Radar,35,35,7,3,80,0,0,8,0,8,35,35,15,3,88,2,0,2,90
01/30/2017,MDT,PA,AEA,EN,Combined TRACON& Tower with Radar,42,34,12,35,123,0,0,6,4,10,42,34,18,39,133,0,28,28,161
01/31/2017,MDT,PA,AEA,EN,Combined TRACON& Tower with Radar,42,39,5,8,94,0,2,5,4,11,42,41,10,12,105,10,24,34,139
02/01/2017,MDT,PA,AEA,EN,Combined TRACON& Tower with Radar,42,38,20,6,106,0,0,9,3,12,42,38,29,9,118,0,16,16,134
02/02/2017,MDT,PA,AEA,EN,Combined TRACON& Tower with Radar,44,44,5,18,111,0,0,12,3,15,44,44,17,21,126,0,38,38,164
02/03/2017,MDT,PA,AEA,EN,Combined TRACON& Tower with Radar,41,40,4,26,111,0,0,10,3,13,41,40,14,29,124,18,10,28,152
02/04/2017,MDT,PA,AEA,EN,Combined TRACON& Tower with Radar,26,19,13,3,61,0,0,13,0,13,26,19,26,3,74,0,0,0,74
02/05/2017,MDT,PA,AEA,EN,Combined TRACON& Tower with Radar,25,34,2,0,61,0,0,4,0,4,25,34,6,0,65,34,0,34,99
02/06/2017,MDT,PA,AEA,EN,Combined TRACON& Tower with Radar,40,33,16,20,109,0,0,18,10,28,40,33,34,30,137,8,18,26,163
02/07/2017,MDT,PA,AEA,EN,Combined TRACON& Tower with Radar,42,35,13,5,95,0,0,0,0,0,42,35,13,5,95,0,6,6,101
02/08/2017,MDT,PA,AEA,EN,Combined TRACON& Tower with Radar,40,41,9,9,99,7,0,5,7,19,47,41,14,16,118,0,48,48,166
02/09/2017,MDT,PA,AEA,EN,Combined TRACON& Tower with Radar,43,38,7,3,91,0,0,0,0,0,43,38,7,3,91,0,0,0,91
02/10/2017,MDT,PA,AEA,EN,Combined TRACON& Tower with Radar,40,41,10,21,112,0,0,12,2,14,40,41,22,23,126,18,36,54,180
02/11/2017,MDT,PA,AEA,EN,Combined TRACON& Tower with Radar,26,15,9,3,53,0,0,9,3,12,26,15,18,6,65,0,14,14,79
02/12/2017,MDT,PA,AEA,EN,Combined TRACON& Tower with Radar,33,27,4,2,66,0,0,0,0,0,33,27,4,2,66,0,0,0,66
02/13/2017,MDT,PA,AEA,EN,Combined TRACON& Tower with Radar,45,37,7,21,110,0,1,0,0,1,45,38,7,21,111,0,18,18,129
02/14/2017,MDT,PA,AEA,EN,Combined TRACON& Tower with Radar,43,42,18,7,110,0,0,14,10,24,43,42,32,17,134,26,26,52,186
02/15/2017,MDT,PA,AEA,EN,Combined TRACON& Tower with Radar,45,39,12,41,137,0,2,2,14,18,45,41,14,55,155,0,56,56,211
02/16/2017,MDT,PA,AEA,EN,Combined TRACON& Tower with Radar,40,47,13,26,126,0,0,4,11,15,40,47,17,37,141,0,36,36,177
02/17/2017,MDT,PA,AEA,EN,Combined TRACON& Tower with Radar,38,50,14,8,110,0,0,10,6,16,38,50,24,14,126,24,20,44,170
02/18/2017,MDT,PA,AEA,EN,Combined TRACON& Tower with Radar,23,21,12,0,56,0,0,6,3,9,23,21,18,3,65,16,0,16,81
02/19/2017,MDT,PA,AEA,EN,Combined TRACON& Tower with Radar,25,41,11,2,79,0,0,18,0,18,25,41,29,2,97,40,0,40,137
02/20/2017,MDT,PA,AEA,EN,Combined TRACON& Tower with Radar,34,50,21,0,105,0,0,16,0,16,34,50,37,0,121,6,0,6,127
02/21/2017,MDT,PA,AEA,EN,Combined TRACON& Tower with Radar,38,50,16,9,113,0,0,18,6,24,38,50,34,15,137,20,6,26,163
02/22/2017,MDT,PA,AEA,EN,Combined TRACON& Tower with Radar,40,42,21,10,113,0,1,19,6,26,40,43,40,16,139,46,6,52,191
02/23/2017,MDT,PA,AEA,EN,Combined TRACON& Tower with Radar,39,58,30,13,140,0,0,6,2,8,39,58,36,15,148,18,8,26,174
02/24/2017,MDT,PA,AEA,EN,Combined TRACON& Tower with Radar,36,55,12,18,121,0,0,10,4,14,36,55,22,22,135,16,16,32,167
02/25/2017,MDT,PA,AEA,EN,Combined TRACON& Tower with Radar,28,26,4,0,58,0,0,0,0,0,28,26,4,0,58,0,0,0,58
02/26/2017,MDT,PA,AEA,EN,Combined TRACON& Tower with Radar,26,41,3,3,73,0,1,6,0,7,26,42,9,3,80,4,0,4,84
02/27/2017,MDT,PA,AEA,EN,Combined TRACON& Tower with Radar,33,46,11,4,94,0,0,11,0,11,33,46,22,4,105,28,0,28,133
02/28/2017,MDT,PA,AEA,EN,Combined TRACON& Tower with Radar,41,47,21,23,132,0,0,10,9,19,41,47,31,32,151,8,34,42,193
03/01/2017,MDT,PA,AEA,EN,Combined TRACON& Tower with Radar,38,48,10,2,98,0,1,0,0,1,38,49,10,2,99,0,0,0,99
03/02/2017,MDT,PA,AEA,EN,Combined TRACON& Tower with Radar,41,59,18,21,139,0,6,0,12,18,41,65,18,33,157,0,46,46,203
03/03/2017,MDT,PA,AEA,EN,Combined TRACON& Tower with Radar,36,49,10,6,101,0,1,4,5,10,36,50,14,11,111,8,6,14,125
03/04/2017,MDT,PA,AEA,EN,Combined TRACON& Tower with Radar,22,22,3,2,49,0,1,10,3,14,22,23,13,5,63,16,0,16,79
03/05/2017,MDT,PA,AEA,EN,Combined TRACON& Tower with Radar,27,41,13,6,87,0,0,14,0,14,27,41,27,6,101,44,0,44,145
03/06/2017,MDT,PA,AEA,EN,Combined TRACON& Tower with Radar,33,42,6,9,90,0,0,26,4,30,33,42,32,13,120,82,20,102,222
03/07/2017,MDT,PA,AEA,EN,Combined TRACON& Tower with Radar,39,53,10,15,117,0,0,0,0,0,39,53,10,15,117,0,0,0,117
03/08/2017,MDT,PA,AEA,EN,Combined TRACON& Tower with Radar,39,48,12,25,124,0,1,6,19,26,39,49,18,44,150,2,28,30,180
03/09/2017,MDT,PA,AEA,EN,Combined TRACON& Tower with Radar,37,58,16,4,115,0,0,4,5,9,37,58,20,9,124,10,12,22,146
03/10/2017,MDT,PA,AEA,EN,Combined TRACON& Tower with Radar,38,46,6,4,94,0,0,5,0,5,38,46,11,4,99,8,0,8,107
03/11/2017,MDT,PA,AEA,EN,Combined TRACON& Tower with Radar,22,20,5,3,50,0,0,5,1,6,22,20,10,4,56,4,2,6,62
03/12/2017,MDT,PA,AEA,EN,Combined TRACON& Tower with Radar,28,39,3,2,72,0,0,8,0,8,28,39,11,2,80,8,0,8,88
03/13/2017,MDT,PA,AEA,EN,Combined TRACON& Tower with Radar,33,44,28,8,113,0,0,17,2,19,33,44,45,10,132,12,18,30,162
03/14/2017,MDT,PA,AEA,EN,Combined TRACON& Tower with Radar,10,5,1,0,16,0,0,0,0,0,10,5,1,0,16,0,0,0,16
03/15/2017,MDT,PA,AEA,EN,Combined TRACON& Tower with Radar,38,42,10,0,90,0,0,0,0,0,38,42,10,0,90,0,0,0,90
03/16/2017,MDT,PA,AEA,EN,Combined TRACON& Tower with Radar,42,54,18,23,137,0,0,5,15,20,42,54,23,38,157,30,2,32,189
03/17/2017,MDT,PA,AEA,EN,Combined TRACON& Tower with Radar,38,50,15,23,126,0,0,14,3,17,38,50,29,26,143,8,26,34,177
03/18/2017,MDT,PA,AEA,EN,Combined TRACON& Tower with Radar,24,22,1,2,49,0,0,0,0,0,24,22,1,2,49,0,0,0,49
03/19/2017,MDT,PA,AEA,EN,Combined TRACON& Tower with Radar,29,40,9,1,79,0,0,10,0,10,29,40,19,1,89,10,0,10,99
03/20/2017,MDT,PA,AEA,EN,Combined TRACON& Tower with Radar,33,45,20,13,111,0,1,21,3,25,33,46,41,16,136,34,10,44,180
03/21/2017,MDT,PA,AEA,EN,Combined TRACON& Tower with Radar,37,54,16,32,139,0,1,18,15,34,37,55,34,47,173,14,26,40,213
03/22/2017,MDT,PA,AEA,EN,Combined TRACON& Tower with Radar,41,58,18,13,130,0,2,2,4,8,41,60,20,17,138,0,50,50,188
03/23/2017,MDT,PA,AEA,EN,Combined TRACON& Tower with Radar,38,53,19,16,126,0,2,15,12,29,38,55,34,28,155,40,34,74,229
03/24/2017,MDT,PA,AEA,EN,Combined TRACON& Tower with Radar,33,53,10,13,109,0,1,14,4,19,33,54,24,17,128,14,8,22,150
03/25/2017,MDT,PA,AEA,EN,Combined TRACON& Tower with Radar,23,21,8,1,53,0,1,15,0,16,23,22,23,1,69,18,0,18,87
03/26/2017,MDT,PA,AEA,EN,Combined TRACON& Tower with Radar,28,39,10,4,81,0,0,3,0,3,28,39,13,4,84,8,0,8,92
03/27/2017,MDT,PA,AEA,EN,Combined TRACON& Tower with Radar,34,41,17,0,92,0,0,2,0,2,34,41,19,0,94,0,0,0,94
03/28/2017,MDT,PA,AEA,EN,Combined TRACON& Tower with Radar,42,45,15,5,107,0,0,2,3,5,42,45,17,8,112,0,34,34,146
03/29/2017,MDT,PA,AEA,EN,Combined TRACON& Tower with Radar,39,52,12,9,112,0,1,14,6,21,39,53,26,15,133,12,16,28,161
03/30/2017,MDT,PA,AEA,EN,Combined TRACON& Tower with Radar,40,46,28,27,141,0,2,20,8,30,40,48,48,35,171,12,4,16,187
03/31/2017,MDT,PA,AEA,EN,Combined TRACON& Tower with Radar,34,45,12,17,108,0,0,0,0,0,34,45,12,17,108,0,0,0,108
04/01/2017,MDT,PA,AEA,EN,Combined TRACON& Tower with Radar,22,23,6,2,53,0,0,11,6,17,22,23,17,8,70,6,6,12,82
04/02/2017,MDT,PA,AEA,EN,Combined TRACON& Tower with Radar,27,44,9,5,85,0,0,26,1,27,27,44,35,6,112,66,0,66,178
04/03/2017,MDT,PA,AEA,EN,Combined TRACON& Tower with Radar,35,49,12,9,105,0,1,12,1,14,35,50,24,10,119,0,6,6,125
04/04/2017,MDT,PA,AEA,EN,Combined TRACON& Tower with Radar,43,50,19,18,130,0,0,7,8,15,43,50,26,26,145,0,40,40,185
04/05/2017,MDT,PA,AEA,EN,Combined TRACON& Tower with Radar,31,48,23,20,122,0,1,26,3,30,31,49,49,23,152,20,32,52,204
04/06/2017,MDT,PA,AEA,EN,Combined TRACON& Tower with Radar,39,42,13,12,106,0,0,0,0,0,39,42,13,12,106,0,14,14,120
04/07/2017,MDT,PA,AEA,EN,Combined TRACON& Tower with Radar,35,53,11,3,102,0,2,2,0,4,35,55,13,3,106,0,0,0,106
04/08/2017,MDT,PA,AEA,EN,Combined TRACON& Tower with Radar,21,28,12,6,67,0,0,10,7,17,21,28,22,13,84,0,0,0,84
04/09/2017,MDT,PA,AEA,EN,Combined TRACON& Tower with Radar,24,38,15,9,86,0,0,24,3,27,24,38,39,12,113,52,6,58,171
04/10/2017,MDT,PA,AEA,EN,Combined TRACON& Tower with Radar,35,51,17,10,113,0,0,8,11,19,35,51,25,21,132,0,10,10,142
04/11/2017,MDT,PA,AEA,EN,Combined TRACON& Tower with Radar,38,56,30,10,134,0,1,16,8,25,38,57,46,18,159,0,10,10,169
04/12/2017,MDT,PA,AEA,EN,Combined TRACON& Tower with Radar,38,59,17,10,124,0,1,7,1,9,38,60,24,11,133,0,0,0,133
04/13/2017,MDT,PA,AEA,EN,Combined TRACON& Tower with Radar,40,62,17,4,123,0,3,32,11,46,40,65,49,15,169,26,40,66,235
04/14/2017,MDT,PA,AEA,EN,Combined TRACON& Tower with Radar,34,50,13,5,102,0,1,28,0,29,34,51,41,5,131,26,8,34,165
04/15/2017,MDT,PA,AEA,EN,Combined TRACON& Tower with Radar,20,26,8,0,54,0,0,6,0,6,20,26,14,0,60,0,0,0,60
04/16/2017,MDT,PA,AEA,EN,Combined TRACON& Tower with Radar,24,37,3,2,66,0,0,7,0,7,24,37,10,2,73,18,0,18,91
04/17/2017,MDT,PA,AEA,EN,Combined TRACON& Tower with Radar,36,53,23,9,121,0,0,14,10,24,36,53,37,19,145,24,30,54,199
04/18/2017,MDT,PA,AEA,EN,Combined TRACON& Tower with Radar,36,48,18,7,109,0,0,15,5,20,36,48,33,12,129,0,8,8,137
04/19/2017,MDT,PA,AEA,EN,Combined TRACON& Tower with Radar,36,53,21,5,115,0,0,2,1,3,36,53,23,6,118,8,0,8,126
04/20/2017,MDT,PA,AEA,EN,Combined TRACON& Tower with Radar,38,55,17,12,122,0,0,7,3,10,38,55,24,15,132,40,36,76,208
04/21/2017,MDT,PA,AEA,EN,Combined TRACON& Tower with Radar,37,55,13,23,128,0,0,4,6,10,37,55,17,29,138,8,0,8,146
04/22/2017,MDT,PA,AEA,EN,Combined TRACON& Tower with Radar,21,30,11,3,65,0,0,1,1,2,21,30,12,4,67,0,0,0,67
04/23/2017,MDT,PA,AEA,EN,Combined TRACON& Tower with Radar,26,40,7,6,79,0,0,14,3,17,26,40,21,9,96,46,0,46,142
04/24/2017,MDT,PA,AEA,EN,Combined TRACON& Tower with Radar,38,46,29,9,122,2,0,8,0,10,40,46,37,9,132,18,18,36,168
04/25/2017,MDT,PA,AEA,EN,Combined TRACON& Tower with Radar,38,57,33,9,137,0,0,1,0,1,38,57,34,9,138,0,0,0,138
04/26/2017,MDT,PA,AEA,EN,Combined TRACON& Tower with Radar,35,52,24,15,126,0,2,3,3,8,35,54,27,18,134,28,8,36,170
04/27/2017,MDT,PA,AEA,EN,Combined TRACON& Tower with Radar,42,56,17,36,151,0,1,8,0,9,42,57,25,36,160,10,8,18,178
04/28/2017,MDT,PA,AEA,EN,Combined TRACON& Tower with Radar,35,49,18,16,118,0,2,24,3,29,35,51,42,19,147,18,48,66,213
04/29/2017,MDT,PA,AEA,EN,Combined TRACON& Tower with Radar,25,24,3,8,60,0,0,7,0,7,25,24,10,8,67,0,0,0,67
04/30/2017,MDT,PA,AEA,EN,Combined TRACON& Tower with Radar,26,38,3,4,71,0,1,5,0,6,26,39,8,4,77,52,4,56,133
05/01/2017,MDT,PA,AEA,EN,Combined TRACON& Tower with Radar,38,44,15,11,108,0,0,1,2,3,38,44,16,13,111,0,0,0,111
05/02/2017,MDT,PA,AEA,EN,Combined TRACON& Tower with Radar,38,57,27,23,145,0,3,9,4,16,38,60,36,27,161,0,36,36,197
05/03/2017,MDT,PA,AEA,EN,Combined TRACON& Tower with Radar,39,55,23,12,129,0,2,17,2,21,39,57,40,14,150,2,24,26,176
05/04/2017,MDT,PA,AEA,EN,Combined TRACON& Tower with Radar,36,54,23,10,123,0,1,15,9,25,36,55,38,19,148,32,8,40,188
05/05/2017,MDT,PA,AEA,EN,Combined TRACON& Tower with Radar,43,51,13,8,115,0,0,0,0,0,43,51,13,8,115,0,0,0,115
05/06/2017,MDT,PA,AEA,EN,Combined TRACON& Tower with Radar,24,34,12,0,70,0,0,4,0,4,24,34,16,0,74,0,0,0,74
05/07/2017,MDT,PA,AEA,EN,Combined TRACON& Tower with Radar,27,40,12,0,79,0,0,10,0,10,27,40,22,0,89,22,0,22,111
05/08/2017,MDT,PA,AEA,EN,Combined TRACON& Tower with Radar,38,51,27,7,123,0,0,19,5,24,38,51,46,12,147,38,10,48,195
05/09/2017,MDT,PA,AEA,EN,Combined TRACON& Tower with Radar,38,54,25,16,133,0,0,15,10,25,38,54,40,26,158,22,36,58,216
05/10/2017,MDT,PA,AEA,EN,Combined TRACON& Tower with Radar,35,54,16,10,115,0,3,23,5,31,35,57,39,15,146,0,34,34,180
05/11/2017,MDT,PA,AEA,EN,Combined TRACON& Tower with Radar,40,53,24,17,134,0,2,5,9,16,40,55,29,26,150,8,34,42,192
05/12/2017,MDT,PA,AEA,EN,Combined TRACON& Tower with Radar,38,53,11,20,122,0,6,6,1,13,38,59,17,21,135,16,4,20,155
05/13/2017,MDT,PA,AEA,EN,Combined TRACON& Tower with Radar,24,32,4,1,61,0,0,0,0,0,24,32,4,1,61,0,0,0,61
05/14/2017,MDT,PA,AEA,EN,Combined TRACON& Tower with Radar,28,36,4,0,68,0,0,0,0,0,28,36,4,0,68,18,0,18,86
05/15/2017,MDT,PA,AEA,EN,Combined TRACON& Tower with Radar,37,51,21,23,132,2,0,1,2,5,39,51,22,25,137,2,36,38,175
05/16/2017,MDT,PA,AEA,EN,Combined TRACON& Tower with Radar,38,54,14,9,115,0,0,22,2,24,38,54,36,11,139,0,0,0,139
05/17/2017,MDT,PA,AEA,EN,Combined TRACON& Tower with Radar,41,55,16,8,120,0,2,15,6,23,41,57,31,14,143,14,10,24,167
05/18/2017,MDT,PA,AEA,EN,Combined TRACON& Tower with Radar,37,51,16,9,113,0,2,22,6,30,37,53,38,15,143,8,32,40,183
05/19/2017,MDT,PA,AEA,EN,Combined TRACON& Tower with Radar,37,56,13,6,112,0,0,12,1,13,37,56,25,7,125,0,6,6,131
05/20/2017,MDT,PA,AEA,EN,Combined TRACON& Tower with Radar,25,29,6,6,66,0,0,7,2,9,25,29,13,8,75,12,14,26,101
05/21/2017,MDT,PA,AEA,EN,Combined TRACON& Tower with Radar,24,47,11,6,88,0,0,24,4,28,24,47,35,10,116,20,8,28,144
05/22/2017,MDT,PA,AEA,EN,Combined TRACON& Tower with Radar,36,54,17,3,110,0,0,1,1,2,36,54,18,4,112,0,0,0,112
05/23/2017,MDT,PA,AEA,EN,Combined TRACON& Tower with Radar,36,43,20,11,110,0,1,18,11,30,36,44,38,22,140,16,28,44,184
05/24/2017,MDT,PA,AEA,EN,Combined TRACON& Tower with Radar,36,49,12,13,110,0,2,14,4,20,36,51,26,17,130,6,8,14,144
05/25/2017,MDT,PA,AEA,EN,Combined TRACON& Tower with Radar,38,51,11,3,103,0,1,1,0,2,38,52,12,3,105,0,0,0,105
05/26/2017,MDT,PA,AEA,EN,Combined TRACON& Tower with Radar,36,56,12,4,108,0,0,10,1,11,36,56,22,5,119,10,0,10,129
05/27/2017,MDT,PA,AEA,EN,Combined TRACON& Tower with Radar,27,31,6,0,64,0,3,16,2,21,27,34,22,2,85,16,0,16,101
05/28/2017,MDT,PA,AEA,EN,Combined TRACON& Tower with Radar,18,29,4,0,51,0,0,4,0,4,18,29,8,0,55,5,0,5,60
05/29/2017,MDT,PA,AEA,EN,Combined TRACON& Tower with Radar,24,36,8,0,68,0,1,1,0,2,24,37,9,0,70,0,0,0,70
05/30/2017,MDT,PA,AEA,EN,Combined TRACON& Tower with Radar,38,51,8,11,108,0,0,0,0,0,38,51,8,11,108,0,0,0,108
05/31/2017,MDT,PA,AEA,EN,Combined TRACON& Tower with Radar,39,55,12,10,116,0,9,6,9,24,39,64,18,19,140,8,18,26,166
06/01/2017,MDT,PA,AEA,EN,Combined TRACON& Tower with Radar,35,57,20,8,120,0,0,17,7,24,35,57,37,15,144,18,0,18,162
06/02/2017,MDT,PA,AEA,EN,Combined TRACON& Tower with Radar,36,48,15,15,114,0,1,17,7,25,36,49,32,22,139,12,16,28,167
06/03/2017,MDT,PA,AEA,EN,Combined TRACON& Tower with Radar,26,31,11,1,69,0,1,6,1,8,26,32,17,2,77,14,2,16,93
06/04/2017,MDT,PA,AEA,EN,Combined TRACON& Tower with Radar,27,38,9,1,75,0,0,14,0,14,27,38,23,1,89,26,0,26,115
06/05/2017,MDT,PA,AEA,EN,Combined TRACON& Tower with Radar,38,47,6,3,94,0,0,0,0,0,38,47,6,3,94,0,0,0,94
06/06/2017,MDT,PA,AEA,EN,Combined TRACON& Tower with Radar,37,52,22,4,115,0,3,11,0,14,37,55,33,4,129,16,14,30,159
06/07/2017,MDT,PA,AEA,EN,Combined TRACON& Tower with Radar,26,48,9,10,93,0,0,7,2,9,26,48,16,12,102,32,16,48,150
06/08/2017,MDT,PA,AEA,EN,Combined TRACON& Tower with Radar,38,64,25,5,132,0,0,29,3,32,38,64,54,8,164,42,0,42,206
06/09/2017,MDT,PA,AEA,EN,Combined TRACON& Tower with Radar,36,58,17,9,120,0,3,23,5,31,36,61,40,14,151,22,16,38,189
06/10/2017,MDT,PA,AEA,EN,Combined TRACON& Tower with Radar,29,37,6,4,76,0,0,9,4,13,29,37,15,8,89,10,2,12,101
06/11/2017,MDT,PA,AEA,EN,Combined TRACON& Tower with Radar,28,52,16,6,102,0,1,20,1,22,28,53,36,7,124,4,4,8,132
06/12/2017,MDT,PA,AEA,EN,Combined TRACON& Tower with Radar,40,47,22,2,111,0,1,9,1,11,40,48,31,3,122,8,0,8,130
06/13/2017,MDT,PA,AEA,EN,Combined TRACON& Tower with Radar,46,54,13,6,119,0,0,10,1,11,46,54,23,7,130,0,10,10,140
06/14/2017,MDT,PA,AEA,EN,Combined TRACON& Tower with Radar,36,58,16,9,119,0,3,9,3,15,36,61,25,12,134,38,10,48,182
06/15/2017,MDT,PA,AEA,EN,Combined TRACON& Tower with Radar,34,50,18,13,115,0,0,10,3,13,34,50,28,16,128,26,22,48,176
06/16/2017,MDT,PA,AEA,EN,Combined TRACON& Tower with Radar,38,52,20,3,113,0,1,1,1,3,38,53,21,4,116,0,0,0,116
06/17/2017,MDT,PA,AEA,EN,Combined TRACON& Tower with Radar,29,31,6,1,67,0,0,0,0,0,29,31,6,1,67,0,0,0,67
06/18/2017,MDT,PA,AEA,EN,Combined TRACON& Tower with Radar,29,34,12,12,87,0,0,5,1,6,29,34,17,13,93,12,0,12,105
06/19/2017,MDT,PA,AEA,EN,Combined TRACON& Tower with Radar,45,45,15,0,105,0,2,3,0,5,45,47,18,0,110,0,0,0,110
06/20/2017,MDT,PA,AEA,EN,Combined TRACON& Tower with Radar,43,55,17,17,132,0,2,11,7,20,43,57,28,24,152,16,22,38,190
06/21/2017,MDT,PA,AEA,EN,Combined TRACON& Tower with Radar,46,55,40,19,160,0,1,10,3,14,46,56,50,22,174,20,16,36,210
06/22/2017,MDT,PA,AEA,EN,Combined TRACON& Tower with Radar,39,48,7,29,123,0,1,25,6,32,39,49,32,35,155,0,0,0,155
06/23/2017,MDT,PA,AEA,EN,Combined TRACON& Tower with Radar,37,63,14,6,120,0,0,3,2,5,37,63,17,8,125,20,6,26,151
06/24/2017,MDT,PA,AEA,EN,Combined TRACON& Tower with Radar,25,31,8,2,66,0,2,7,0,9,25,33,15,2,75,4,2,6,81
06/25/2017,MDT,PA,AEA,EN,Combined TRACON& Tower with Radar,29,37,5,7,78,0,0,12,1,13,29,37,17,8,91,18,0,18,109
06/26/2017,MDT,PA,AEA,EN,Combined TRACON& Tower with Radar,36,50,20,19,125,0,0,14,5,19,36,50,34,24,144,28,14,42,186
06/27/2017,MDT,PA,AEA,EN,Combined TRACON& Tower with Radar,44,55,26,16,141,0,0,7,3,10,44,55,33,19,151,22,22,44,195
06/28/2017,MDT,PA,AEA,EN,Combined TRACON& Tower with Radar,40,56,26,3,125,0,0,14,6,20,40,56,40,9,145,14,6,20,165
06/29/2017,MDT,PA,AEA,EN,Combined TRACON& Tower with Radar,38,53,21,5,117,0,0,18,7,25,38,53,39,12,142,12,0,12,154
06/30/2017,MDT,PA,AEA,EN,Combined TRACON& Tower with Radar,43,49,18,16,126,1,1,13,0,15,44,50,31,16,141,18,28,46,187
07/01/2017,MDT,PA,AEA,EN,Combined TRACON& Tower with Radar,38,39,4,0,81,0,1,6,0,7,38,40,10,0,88,0,0,0,88
07/02/2017,MDT,PA,AEA,EN,Combined TRACON& Tower with Radar,24,29,8,0,61,0,0,13,0,13,24,29,21,0,74,8,0,8,82
07/03/2017,MDT,PA,AEA,EN,Combined TRACON& Tower with Radar,29,35,9,0,73,0,0,13,0,13,29,35,22,0,86,18,0,18,104
07/04/2017,MDT,PA,AEA,EN,Combined TRACON& Tower with Radar,20,35,5,0,60,0,0,11,0,11,20,35,16,0,71,8,0,8,79
07/05/2017,MDT,PA,AEA,EN,Combined TRACON& Tower with Radar,38,51,8,9,106,0,1,6,3,10,38,52,14,12,116,22,0,22,138
07/06/2017,MDT,PA,AEA,EN,Combined TRACON& Tower with Radar,34,53,11,19,117,0,0,2,1,3,34,53,13,20,120,0,0,0,120
07/07/2017,MDT,PA,AEA,EN,Combined TRACON& Tower with Radar,36,45,11,8,100,0,0,4,4,8,36,45,15,12,108,6,10,16,124
07/08/2017,MDT,PA,AEA,EN,Combined TRACON& Tower with Radar,26,27,9,0,62,0,0,14,0,14,26,27,23,0,76,32,4,36,112
07/09/2017,MDT,PA,AEA,EN,Combined TRACON& Tower with Radar,28,39,2,0,69,0,0,21,2,23,28,39,23,2,92,6,0,6,98
07/10/2017,MDT,PA,AEA,EN,Combined TRACON& Tower with Radar,36,53,12,4,105,0,0,29,11,40,36,53,41,15,145,32,16,48,193
07/11/2017,MDT,PA,AEA,EN,Combined TRACON& Tower with Radar,40,48,13,7,108,0,1,9,3,13,40,49,22,10,121,16,8,24,145
07/12/2017,MDT,PA,AEA,EN,Combined TRACON& Tower with Radar,40,49,12,5,106,0,1,14,0,15,40,50,26,5,121,22,2,24,145
07/13/2017,MDT,PA,AEA,EN,Combined TRACON& Tower with Radar,47,50,14,6,117,0,2,14,3,19,47,52,28,9,136,0,18,18,154
07/14/2017,MDT,PA,AEA,EN,Combined TRACON& Tower with Radar,35,63,14,5,117,0,2,7,1,10,35,65,21,6,127,22,4,26,153
07/15/2017,MDT,PA,AEA,EN,Combined TRACON& Tower with Radar,25,28,8,6,67,0,0,11,4,15,25,28,19,10,82,16,2,18,100
07/16/2017,MDT,PA,AEA,EN,Combined TRACON& Tower with Radar,30,39,15,0,84,0,0,33,0,33,30,39,48,0,117,16,0,16,133
07/17/2017,MDT,PA,AEA,EN,Combined TRACON& Tower with Radar,34,44,12,4,94,0,0,5,2,7,34,44,17,6,101,10,0,10,111
07/18/2017,MDT,PA,AEA,EN,Combined TRACON& Tower with Radar,40,47,17,7,111,0,0,7,2,9,40,47,24,9,120,14,12,26,146
07/19/2017,MDT,PA,AEA,EN,Combined TRACON& Tower with Radar,37,53,15,5,110,0,0,16,3,19,37,53,31,8,129,0,2,2,131
07/20/2017,MDT,PA,AEA,EN,Combined TRACON& Tower with Radar,37,55,12,6,110,0,2,14,4,20,37,57,26,10,130,14,12,26,156
07/21/2017,MDT,PA,AEA,EN,Combined TRACON& Tower with Radar,37,52,12,1,102,0,0,9,2,11,37,52,21,3,113,10,2,12,125
07/22/2017,MDT,PA,AEA,EN,Combined TRACON& Tower with Radar,29,28,10,7,74,0,0,18,1,19,29,28,28,8,93,10,0,10,103
07/23/2017,MDT,PA,AEA,EN,Combined TRACON& Tower with Radar,23,30,7,0,60,0,0,7,0,7,23,30,14,0,67,24,0,24,91
07/24/2017,MDT,PA,AEA,EN,Combined TRACON& Tower with Radar,40,51,21,2,114,0,0,8,0,8,40,51,29,2,122,0,0,0,122
07/25/2017,MDT,PA,AEA,EN,Combined TRACON& Tower with Radar,37,49,23,6,115,0,1,6,10,17,37,50,29,16,132,12,12,24,156
07/26/2017,MDT,PA,AEA,EN,Combined TRACON& Tower with Radar,38,55,18,17,128,0,0,14,6,20,38,55,32,23,148,0,12,12,160
07/27/2017,MDT,PA,AEA,EN,Combined TRACON& Tower with Radar,36,54,14,14,118,0,0,1,2,3,36,54,15,16,121,10,12,22,143
07/28/2017,MDT,PA,AEA,EN,Combined TRACON& Tower with Radar,36,49,11,7,103,0,0,5,1,6,36,49,16,8,109,0,0,0,109
07/29/2017,MDT,PA,AEA,EN,Combined TRACON& Tower with Radar,30,31,6,3,70,0,2,2,2,6,30,33,8,5,76,0,8,8,84
07/30/2017,MDT,PA,AEA,EN,Combined TRACON& Tower with Radar,30,36,4,0,70,0,0,24,0,24,30,36,28,0,94,14,0,14,108
07/31/2017,MDT,PA,AEA,EN,Combined TRACON& Tower with Radar,36,51,16,2,105,0,0,19,1,20,36,51,35,3,125,0,0,0,125
08/01/2017,MDT,PA,AEA,EN,Combined TRACON& Tower with Radar,40,47,23,6,116,0,2,8,3,13,40,49,31,9,129,10,0,10,139
08/02/2017,MDT,PA,AEA,EN,Combined TRACON& Tower with Radar,44,52,12,4,112,0,0,3,2,5,44,52,15,6,117,24,12,36,153
08/03/2017,MDT,PA,AEA,EN,Combined TRACON& Tower with Radar,34,50,24,6,114,0,0,11,6,17,34,50,35,12,131,16,20,36,167
08/04/2017,MDT,PA,AEA,EN,Combined TRACON& Tower with Radar,29,46,18,2,95,0,1,16,2,19,29,47,34,4,114,10,10,20,134
08/05/2017,MDT,PA,AEA,EN,Combined TRACON& Tower with Radar,28,28,6,3,65,0,0,7,1,8,28,28,13,4,73,6,6,12,85
08/06/2017,MDT,PA,AEA,EN,Combined TRACON& Tower with Radar,26,39,14,2,81,0,0,23,0,23,26,39,37,2,104,0,0,0,104
08/07/2017,MDT,PA,AEA,EN,Combined TRACON& Tower with Radar,32,54,19,2,107,0,0,0,0,0,32,54,19,2,107,0,0,0,107
08/08/2017,MDT,PA,AEA,EN,Combined TRACON& Tower with Radar,40,54,19,1,114,0,0,14,3,17,40,54,33,4,131,20,0,20,151
08/09/2017,MDT,PA,AEA,EN,Combined TRACON& Tower with Radar,33,53,8,5,99,0,2,31,2,35,33,55,39,7,134,30,6,36,170
08/10/2017,MDT,PA,AEA,EN,Combined TRACON& Tower with Radar,35,52,23,6,116,0,3,21,2,26,35,55,44,8,142,14,12,26,168
08/11/2017,MDT,PA,AEA,EN,Combined TRACON& Tower with Radar,30,48,10,16,104,0,1,10,2,13,30,49,20,18,117,0,50,50,167
08/12/2017,MDT,PA,AEA,EN,Combined TRACON& Tower with Radar,29,25,5,5,64,0,0,2,0,2,29,25,7,5,66,0,0,0,66
08/13/2017,MDT,PA,AEA,EN,Combined TRACON& Tower with Radar,25,46,7,1,79,0,0,16,2,18,25,46,23,3,97,4,0,4,101
08/14/2017,MDT,PA,AEA,EN,Combined TRACON& Tower with Radar,34,52,10,4,100,0,0,7,0,7,34,52,17,4,107,12,0,12,119
08/15/2017,MDT,PA,AEA,EN,Combined TRACON& Tower with Radar,39,47,18,18,122,0,2,4,0,6,39,49,22,18,128,0,18,18,146
08/16/2017,MDT,PA,AEA,EN,Combined TRACON& Tower with Radar,40,56,8,12,116,0,1,13,1,15,40,57,21,13,131,14,14,28,159
08/17/2017,MDT,PA,AEA,EN,Combined TRACON& Tower with Radar,38,46,21,17,122,0,0,15,6,21,38,46,36,23,143,26,14,40,183
08/18/2017,MDT,PA,AEA,EN,Combined TRACON& Tower with Radar,45,42,10,9,106,0,1,4,2,7,45,43,14,11,113,0,4,4,117
08/19/2017,MDT,PA,AEA,EN,Combined TRACON& Tower with Radar,30,27,1,0,58,0,0,10,0,10,30,27,11,0,68,8,0,8,76
08/20/2017,MDT,PA,AEA,EN,Combined TRACON& Tower with Radar,28,34,9,0,71,0,0,12,0,12,28,34,21,0,83,5,0,5,88
08/21/2017,MDT,PA,AEA,EN,Combined TRACON& Tower with Radar,40,47,7,16,110,0,0,14,1,15,40,47,21,17,125,6,34,40,165
08/22/2017,MDT,PA,AEA,EN,Combined TRACON& Tower with Radar,35,52,27,3,117,0,0,5,2,7,35,52,32,5,124,12,26,38,162
08/23/2017,MDT,PA,AEA,EN,Combined TRACON& Tower with Radar,53,45,14,14,126,0,0,12,0,12,53,45,26,14,138,16,18,34,172
08/24/2017,MDT,PA,AEA,EN,Combined TRACON& Tower with Radar,46,47,22,8,123,0,1,18,1,20,46,48,40,9,143,28,10,38,181
08/25/2017,MDT,PA,AEA,EN,Combined TRACON& Tower with Radar,42,45,10,5,102,0,0,11,1,12,42,45,21,6,114,0,0,0,114
08/26/2017,MDT,PA,AEA,EN,Combined TRACON& Tower with Radar,25,34,6,0,65,0,0,10,0,10,25,34,16,0,75,0,0,0,75
08/27/2017,MDT,PA,AEA,EN,Combined TRACON& Tower with Radar,31,36,8,0,75,0,0,14,2,16,31,36,22,2,91,40,0,40,131
08/28/2017,MDT,PA,AEA,EN,Combined TRACON& Tower with Radar,40,44,15,18,117,0,0,20,0,20,40,44,35,18,137,0,10,10,147
08/29/2017,MDT,PA,AEA,EN,Combined TRACON& Tower with Radar,38,49,21,10,118,0,0,2,2,4,38,49,23,12,122,0,10,10,132
08/30/2017,MDT,PA,AEA,EN,Combined TRACON& Tower with Radar,40,46,18,23,127,0,3,20,4,27,40,49,38,27,154,14,14,28,182
08/31/2017,MDT,PA,AEA,EN,Combined TRACON& Tower with Radar,37,38,30,3,108,0,0,17,3,20,37,38,47,6,128,46,26,72,200
09/01/2017,MDT,PA,AEA,EN,Combined TRACON& Tower with Radar,38,45,9,0,92,0,0,16,0,16,38,45,25,0,108,28,0,28,136
09/02/2017,MDT,PA,AEA,EN,Combined TRACON& Tower with Radar,26,26,5,4,61,0,0,0,0,0,26,26,5,4,61,0,0,0,61
09/03/2017,MDT,PA,AEA,EN,Combined TRACON& Tower with Radar,21,28,6,6,61,0,2,10,0,12,21,30,16,6,73,24,0,24,97
09/04/2017,MDT,PA,AEA,EN,Combined TRACON& Tower with Radar,29,30,7,7,73,0,2,20,0,22,29,32,27,7,95,20,0,20,115
09/05/2017,MDT,PA,AEA,EN,Combined TRACON& Tower with Radar,39,47,16,1,103,0,2,6,1,9,39,49,22,2,112,16,0,16,128
09/06/2017,MDT,PA,AEA,EN,Combined TRACON& Tower with Radar,41,44,14,18,117,0,0,0,0,0,41,44,14,18,117,0,0,0,117
09/07/2017,MDT,PA,AEA,EN,Combined TRACON& Tower with Radar,42,47,18,17,124,0,0,19,3,22,42,47,37,20,146,14,6,20,166
09/08/2017,MDT,PA,AEA,EN,Combined TRACON& Tower with Radar,37,46,9,4,96,0,1,10,5,16,37,47,19,9,112,12,28,40,152
09/09/2017,MDT,PA,AEA,EN,Combined TRACON& Tower with Radar,23,26,6,3,58,0,0,12,1,13,23,26,18,4,71,2,0,2,73
09/10/2017,MDT,PA,AEA,EN,Combined TRACON& Tower with Radar,29,34,11,1,75,0,1,16,0,17,29,35,27,1,92,24,0,24,116
09/11/2017,MDT,PA,AEA,EN,Combined TRACON& Tower with Radar,35,44,20,11,110,0,0,16,0,16,35,44,36,11,126,14,12,26,152
09/12/2017,MDT,PA,AEA,EN,Combined TRACON& Tower with Radar,37,51,17,25,130,0,1,15,13,29,37,52,32,38,159,26,68,94,253
09/13/2017,MDT,PA,AEA,EN,Combined TRACON& Tower with Radar,40,54,15,12,121,0,0,1,0,1,40,54,16,12,122,0,0,0,122
09/14/2017,MDT,PA,AEA,EN,Combined TRACON& Tower with Radar,42,44,25,22,133,0,1,17,2,20,42,45,42,24,153,12,12,24,177
09/15/2017,MDT,PA,AEA,EN,Combined TRACON& Tower with Radar,40,51,31,3,125,0,2,10,4,16,40,53,41,7,141,18,8,26,167
09/16/2017,MDT,PA,AEA,EN,Combined TRACON& Tower with Radar,27,27,9,0,63,0,0,14,0,14,27,27,23,0,77,30,4,34,111
09/17/2017,MDT,PA,AEA,EN,Combined TRACON& Tower with Radar,33,27,10,1,71,0,0,5,0,5,33,27,15,1,76,8,0,8,84
09/18/2017,MDT,PA,AEA,EN,Combined TRACON& Tower with Radar,44,40,25,13,122,0,2,3,0,5,44,42,28,13,127,14,8,22,149
09/19/2017,MDT,PA,AEA,EN,Combined TRACON& Tower with Radar,43,45,16,8,112,0,0,8,4,12,43,45,24,12,124,0,20,20,144
09/20/2017,MDT,PA,AEA,EN,Combined TRACON& Tower with Radar,40,54,24,8,126,0,1,17,5,23,40,55,41,13,149,14,22,36,185
09/21/2017,MDT,PA,AEA,EN,Combined TRACON& Tower with Radar,41,51,25,6,123,0,1,18,8,27,41,52,43,14,150,0,30,30,180
09/22/2017,MDT,PA,AEA,EN,Combined TRACON& Tower with Radar,40,48,8,2,98,0,6,20,0,26,40,54,28,2,124,0,0,0,124
09/23/2017,MDT,PA,AEA,EN,Combined TRACON& Tower with Radar,22,27,14,3,66,0,0,19,5,24,22,27,33,8,90,4,2,6,96
09/24/2017,MDT,PA,AEA,EN,Combined TRACON& Tower with Radar,35,36,13,0,84,0,2,7,2,11,35,38,20,2,95,16,0,16,111
09/25/2017,MDT,PA,AEA,EN,Combined TRACON& Tower with Radar,41,51,21,0,113,0,3,13,0,16,41,54,34,0,129,6,0,6,135
09/26/2017,MDT,PA,AEA,EN,Combined TRACON& Tower with Radar,44,51,26,6,127,0,2,9,1,12,44,53,35,7,139,8,18,26,165
09/27/2017,MDT,PA,AEA,EN,Combined TRACON& Tower with Radar,37,52,18,2,109,0,0,20,0,20,37,52,38,2,129,10,0,10,139
09/28/2017,MDT,PA,AEA,EN,Combined TRACON& Tower with Radar,40,42,15,5,102,0,1,13,6,20,40,43,28,11,122,8,16,24,146
09/29/2017,MDT,PA,AEA,EN,Combined TRACON& Tower with Radar,41,52,9,3,105,0,2,11,2,15,41,54,20,5,120,8,0,8,128
09/30/2017,MDT,PA,AEA,EN,Combined TRACON& Tower with Radar,24,27,4,1,56,0,2,2,0,4,24,29,6,1,60,6,0,6,66
10/01/2017,MDT,PA,AEA,EN,Combined TRACON& Tower with Radar,27,35,10,0,72,0,0,18,0,18,27,35,28,0,90,50,0,50,140
10/02/2017,MDT,PA,AEA,EN,Combined TRACON& Tower with Radar,39,44,31,20,134,0,0,25,4,29,39,44,56,24,163,24,20,44,207
10/03/2017,MDT,PA,AEA,EN,Combined TRACON& Tower with Radar,36,52,27,13,128,0,2,13,11,26,36,54,40,24,154,26,8,34,188
10/04/2017,MDT,PA,AEA,EN,Combined TRACON& Tower with Radar,39,48,30,6,123,0,0,17,4,21,39,48,47,10,144,0,30,30,174
10/05/2017,MDT,PA,AEA,EN,Combined TRACON& Tower with Radar,40,55,36,21,152,0,0,19,9,28,40,55,55,30,180,2,4,6,186
10/06/2017,MDT,PA,AEA,EN,Combined TRACON& Tower with Radar,38,49,21,4,112,0,0,12,1,13,38,49,33,5,125,26,0,26,151
10/07/2017,MDT,PA,AEA,EN,Combined TRACON& Tower with Radar,23,27,12,0,62,0,0,5,0,5,23,27,17,0,67,6,0,6,73
10/08/2017,MDT,PA,AEA,EN,Combined TRACON& Tower with Radar,28,34,5,3,70,0,2,4,0,6,28,36,9,3,76,28,0,28,104
10/09/2017,MDT,PA,AEA,EN,Combined TRACON& Tower with Radar,37,46,24,0,107,0,0,2,0,2,37,46,26,0,109,12,0,12,121
10/10/2017,MDT,PA,AEA,EN,Combined TRACON& Tower with Radar,42,55,23,11,131,0,0,14,4,18,42,55,37,15,149,8,16,24,173
10/11/2017,MDT,PA,AEA,EN,Combined TRACON& Tower with Radar,44,55,21,14,134,1,0,4,0,5,45,55,25,14,139,4,12,16,155
10/12/2017,MDT,PA,AEA,EN,Combined TRACON& Tower with Radar,44,56,20,32,152,0,0,2,5,7,44,56,22,37,159,0,6,6,165
10/13/2017,MDT,PA,AEA,EN,Combined TRACON& Tower with Radar,47,57,27,12,143,0,0,0,0,0,47,57,27,12,143,0,0,0,143
10/14/2017,MDT,PA,AEA,EN,Combined TRACON& Tower with Radar,21,30,24,1,76,0,0,2,2,4,21,30,26,3,80,0,0,0,80
10/15/2017,MDT,PA,AEA,EN,Combined TRACON& Tower with Radar,31,45,19,3,98,0,1,4,0,5,31,46,23,3,103,12,0,12,115
10/16/2017,MDT,PA,AEA,EN,Combined TRACON& Tower with Radar,39,55,26,29,149,0,2,8,6,16,39,57,34,35,165,10,66,76,241
10/17/2017,MDT,PA,AEA,EN,Combined TRACON& Tower with Radar,42,60,21,17,140,0,0,30,2,32,42,60,51,19,172,30,32,62,234
10/18/2017,MDT,PA,AEA,EN,Combined TRACON& Tower with Radar,40,56,12,23,131,0,0,15,2,17,40,56,27,25,148,0,0,0,148
10/19/2017,MDT,PA,AEA,EN,Combined TRACON& Tower with Radar,39,64,35,10,148,0,3,21,2,26,39,67,56,12,174,0,0,0,174
10/20/2017,MDT,PA,AEA,EN,Combined TRACON& Tower with Radar,39,51,19,5,114,0,3,27,1,31,39,54,46,6,145,28,0,28,173
10/21/2017,MDT,PA,AEA,EN,Combined TRACON& Tower with Radar,23,32,25,4,84,0,3,20,0,23,23,35,45,4,107,28,0,28,135
10/22/2017,MDT,PA,AEA,EN,Combined TRACON& Tower with Radar,30,48,9,3,90,0,2,22,1,25,30,50,31,4,115,18,0,18,133
10/23/2017,MDT,PA,AEA,EN,Combined TRACON& Tower with Radar,35,51,25,5,116,0,0,8,0,8,35,51,33,5,124,0,0,0,124
10/24/2017,MDT,PA,AEA,EN,Combined TRACON& Tower with Radar,47,52,20,29,148,0,1,19,10,30,47,53,39,39,178,24,44,68,246
10/25/2017,MDT,PA,AEA,EN,Combined TRACON& Tower with Radar,41,56,21,26,144,0,1,27,3,31,41,57,48,29,175,10,26,36,211
10/26/2017,MDT,PA,AEA,EN,Combined TRACON& Tower with Radar,40,55,14,19,128,0,0,13,8,21,40,55,27,27,149,4,34,38,187
10/27/2017,MDT,PA,AEA,EN,Combined TRACON& Tower with Radar,36,57,10,14,117,0,0,11,2,13,36,57,21,16,130,10,4,14,144
10/28/2017,MDT,PA,AEA,EN,Combined TRACON& Tower with Radar,23,28,8,5,64,0,0,8,0,8,23,28,16,5,72,28,0,28,100
10/29/2017,MDT,PA,AEA,EN,Combined TRACON& Tower with Radar,38,36,0,1,75,0,0,0,0,0,38,36,0,1,75,0,0,0,75
10/30/2017,MDT,PA,AEA,EN,Combined TRACON& Tower with Radar,33,52,17,15,117,0,0,0,3,3,33,52,17,18,120,8,28,36,156
10/31/2017,MDT,PA,AEA,EN,Combined TRACON& Tower with Radar,40,60,20,11,131,0,1,8,4,13,40,61,28,15,144,18,6,24,168
11/01/2017,MDT,PA,AEA,EN,Combined TRACON& Tower with Radar,42,56,27,13,138,0,0,15,3,18,42,56,42,16,156,16,16,32,188
11/02/2017,MDT,PA,AEA,EN,Combined TRACON& Tower with Radar,40,54,31,11,136,0,2,9,9,20,40,56,40,20,156,10,32,42,198
11/03/2017,MDT,PA,AEA,EN,Combined TRACON& Tower with Radar,38,53,6,17,114,0,0,6,2,8,38,53,12,19,122,0,0,0,122
11/04/2017,MDT,PA,AEA,EN,Combined TRACON& Tower with Radar,24,28,9,7,68,0,0,3,0,3,24,28,12,7,71,0,0,0,71
11/05/2017,MDT,PA,AEA,EN,Combined TRACON& Tower with Radar,35,34,12,5,86,0,0,0,0,0,35,34,12,5,86,0,12,12,98
11/06/2017,MDT,PA,AEA,EN,Combined TRACON& Tower with Radar,37,54,28,4,123,0,0,3,0,3,37,54,31,4,126,10,2,12,138
11/07/2017,MDT,PA,AEA,EN,Combined TRACON& Tower with Radar,42,52,18,3,115,0,0,7,0,7,42,52,25,3,122,0,8,8,130
11/08/2017,MDT,PA,AEA,EN,Combined TRACON& Tower with Radar,43,57,30,15,145,0,0,10,5,15,43,57,40,20,160,28,44,72,232
11/09/2017,MDT,PA,AEA,EN,Combined TRACON& Tower with Radar,40,64,35,4,143,0,0,1,0,1,40,64,36,4,144,0,0,0,144
11/10/2017,MDT,PA,AEA,EN,Combined TRACON& Tower with Radar,34,54,23,0,111,0,0,10,0,10,34,54,33,0,121,8,0,8,129
11/11/2017,MDT,PA,AEA,EN,Combined TRACON& Tower with Radar,31,30,7,18,86,0,0,19,0,19,31,30,26,18,105,22,0,22,127
11/12/2017,MDT,PA,AEA,EN,Combined TRACON& Tower with Radar,32,37,9,2,80,0,0,16,0,16,32,37,25,2,96,16,0,16,112
11/13/2017,MDT,PA,AEA,EN,Combined TRACON& Tower with Radar,35,65,16,16,132,0,0,10,6,16,35,65,26,22,148,44,34,78,226
11/14/2017,MDT,PA,AEA,EN,Combined TRACON& Tower with Radar,40,61,21,15,137,0,1,17,4,22,40,62,38,19,159,20,28,48,207
11/15/2017,MDT,PA,AEA,EN,Combined TRACON& Tower with Radar,40,64,15,13,132,0,0,15,0,15,40,64,30,13,147,0,12,12,159
11/16/2017,MDT,PA,AEA,EN,Combined TRACON& Tower with Radar,48,55,14,5,122,0,4,7,3,14,48,59,21,8,136,0,0,0,136
11/17/2017,MDT,PA,AEA,EN,Combined TRACON& Tower with Radar,35,55,21,9,120,0,0,12,6,18,35,55,33,15,138,12,0,12,150
11/18/2017,MDT,PA,AEA,EN,Combined TRACON& Tower with Radar,25,30,5,0,60,0,0,0,0,0,25,30,5,0,60,0,0,0,60
11/19/2017,MDT,PA,AEA,EN,Combined TRACON& Tower with Radar,32,31,2,0,65,0,0,0,0,0,32,31,2,0,65,0,0,0,65
11/20/2017,MDT,PA,AEA,EN,Combined TRACON& Tower with Radar,36,46,10,4,96,0,0,16,2,18,36,46,26,6,114,4,30,34,148
11/21/2017,MDT,PA,AEA,EN,Combined TRACON& Tower with Radar,39,59,14,9,121,0,8,17,12,37,39,67,31,21,158,20,56,76,234
11/22/2017,MDT,PA,AEA,EN,Combined TRACON& Tower with Radar,42,54,10,3,109,0,1,12,4,17,42,55,22,7,126,14,2,16,142
11/23/2017,MDT,PA,AEA,EN,Combined TRACON& Tower with Radar,16,19,7,0,42,0,0,15,0,15,16,19,22,0,57,24,0,24,81
11/24/2017,MDT,PA,AEA,EN,Combined TRACON& Tower with Radar,29,29,7,2,67,0,0,23,0,23,29,29,30,2,90,4,6,10,100
11/25/2017,MDT,PA,AEA,EN,Combined TRACON& Tower with Radar,31,35,4,1,71,0,0,8,0,8,31,35,12,1,79,10,0,10,89
11/26/2017,MDT,PA,AEA,EN,Combined TRACON& Tower with Radar,33,40,7,2,82,0,0,6,0,6,33,40,13,2,88,20,0,20,108
11/27/2017,MDT,PA,AEA,EN,Combined TRACON& Tower with Radar,39,53,16,5,113,0,0,5,1,6,39,53,21,6,119,10,42,52,171
11/28/2017,MDT,PA,AEA,EN,Combined TRACON& Tower with Radar,36,51,31,12,130,0,0,23,8,31,36,51,54,20,161,2,22,24,185
11/29/2017,MDT,PA,AEA,EN,Combined TRACON& Tower with Radar,45,58,32,16,151,0,1,16,15,32,45,59,48,31,183,12,18,30,213
11/30/2017,MDT,PA,AEA,EN,Combined TRACON& Tower with Radar,46,51,13,21,131,0,3,14,11,28,46,54,27,32,159,18,66,84,243
12/01/2017,MDT,PA,AEA,EN,Combined TRACON& Tower with Radar,39,48,24,6,117,0,0,20,4,24,39,48,44,10,141,26,4,30,171
12/02/2017,MDT,PA,AEA,EN,Combined TRACON& Tower with Radar,27,28,12,9,76,0,1,20,4,25,27,29,32,13,101,10,4,14,115
12/03/2017,MDT,PA,AEA,EN,Combined TRACON& Tower with Radar,35,35,6,7,83,0,0,10,0,10,35,35,16,7,93,12,0,12,105
12/04/2017,MDT,PA,AEA,EN,Combined TRACON& Tower with Radar,36,45,19,1,101,0,0,13,0,13,36,45,32,1,114,0,0,0,114
12/05/2017,MDT,PA,AEA,EN,Combined TRACON& Tower with Radar,39,52,18,12,121,0,0,0,0,0,39,52,18,12,121,6,18,24,145
12/06/2017,MDT,PA,AEA,EN,Combined TRACON& Tower with Radar,42,59,20,6,127,0,0,16,10,26,42,59,36,16,153,12,10,22,175
12/07/2017,MDT,PA,AEA,EN,Combined TRACON& Tower with Radar,44,57,21,22,144,0,0,23,3,26,44,57,44,25,170,0,8,8,178
12/08/2017,MDT,PA,AEA,EN,Combined TRACON& Tower with Radar,31,56,16,18,121,0,0,11,5,16,31,56,27,23,137,0,20,20,157
12/09/2017,MDT,PA,AEA,EN,Combined TRACON& Tower with Radar,26,25,0,3,54,0,0,1,0,1,26,25,1,3,55,0,0,0,55
12/10/2017,MDT,PA,AEA,EN,Combined TRACON& Tower with Radar,35,34,4,2,75,0,0,10,0,10,35,34,14,2,85,12,0,12,97
12/11/2017,MDT,PA,AEA,EN,Combined TRACON& Tower with Radar,37,43,16,19,115,0,0,9,8,17,37,43,25,27,132,2,38,40,172
12/12/2017,MDT,PA,AEA,EN,Combined TRACON& Tower with Radar,43,53,17,4,117,0,1,7,4,12,43,54,24,8,129,8,10,18,147
12/13/2017,MDT,PA,AEA,EN,Combined TRACON& Tower with Radar,49,64,11,19,143,0,3,11,6,20,49,67,22,25,163,4,4,8,171
12/14/2017,MDT,PA,AEA,EN,Combined TRACON& Tower with Radar,50,57,34,12,153,0,0,8,5,13,50,57,42,17,166,0,0,0,166
12/15/2017,MDT,PA,AEA,EN,Combined TRACON& Tower with Radar,42,46,18,3,109,0,0,3,0,3,42,46,21,3,112,16,0,16,128
12/16/2017,MDT,PA,AEA,EN,Combined TRACON& Tower with Radar,33,24,4,0,61,0,0,7,0,7,33,24,11,0,68,0,0,0,68
12/17/2017,MDT,PA,AEA,EN,Combined TRACON& Tower with Radar,42,30,6,0,78,0,1,16,0,17,42,31,22,0,95,8,0,8,103
12/18/2017,MDT,PA,AEA,EN,Combined TRACON& Tower with Radar,46,45,7,16,114,0,0,7,3,10,46,45,14,19,124,14,24,38,162
12/19/2017,MDT,PA,AEA,EN,Combined TRACON& Tower with Radar,57,53,18,22,150,0,2,6,5,13,57,55,24,27,163,6,20,26,189
12/20/2017,MDT,PA,AEA,EN,Combined TRACON& Tower with Radar,62,46,8,12,128,0,0,6,5,11,62,46,14,17,139,8,26,34,173
12/21/2017,MDT,PA,AEA,EN,Combined TRACON& Tower with Radar,62,50,14,5,131,0,0,10,6,16,62,50,24,11,147,0,32,32,179
12/22/2017,MDT,PA,AEA,EN,Combined TRACON& Tower with Radar,49,50,3,5,107,0,2,8,5,15,49,52,11,10,122,22,4,26,148
12/23/2017,MDT,PA,AEA,EN,Combined TRACON& Tower with Radar,37,26,8,0,71,0,0,0,0,0,37,26,8,0,71,0,0,0,71
12/24/2017,MDT,PA,AEA,EN,Combined TRACON& Tower with Radar,26,24,1,0,51,0,2,1,0,3,26,26,2,0,54,26,0,26,80
12/25/2017,MDT,PA,AEA,EN,Combined TRACON& Tower with Radar,23,20,3,0,46,0,1,5,0,6,23,21,8,0,52,14,0,14,66
12/26/2017,MDT,PA,AEA,EN,Combined TRACON& Tower with Radar,45,43,6,4,98,0,2,3,0,5,45,45,9,4,103,2,0,2,105
12/27/2017,MDT,PA,AEA,EN,Combined TRACON& Tower with Radar,54,46,9,9,118,0,0,14,2,16,54,46,23,11,134,18,6,24,158
12/28/2017,MDT,PA,AEA,EN,Combined TRACON& Tower with Radar,56,41,11,2,110,0,0,6,1,7,56,41,17,3,117,4,0,4,121
12/29/2017,MDT,PA,AEA,EN,Combined TRACON& Tower with Radar,43,44,6,2,95,0,0,21,0,21,43,44,27,2,116,26,4,30,146
12/30/2017,MDT,PA,AEA,EN,Combined TRACON& Tower with Radar,27,23,3,0,53,0,0,0,0,0,27,23,3,0,53,0,0,0,53
12/31/2017,MDT,PA,AEA,EN,Combined TRACON& Tower with Radar,35,23,6,0,64,0,0,2,0,2,35,23,8,0,66,0,0,0,66
01/01/2018,MDT,PA,AEA,EN,Combined TRACON& Tower with Radar,23,23,1,0,47,0,0,15,2,17,23,23,16,2,64,10,0,10,74
01/02/2018,MDT,PA,AEA,EN,Combined TRACON& Tower with Radar,44,36,7,4,91,0,0,13,1,14,44,36,20,5,105,6,8,14,119
01/03/2018,MDT,PA,AEA,EN,Combined TRACON& Tower with Radar,43,49,19,12,123,0,1,17,12,30,43,50,36,24,153,30,16,46,199
01/04/2018,MDT,PA,AEA,EN,Combined TRACON& Tower with Radar,47,44,7,1,99,0,0,0,0,0,47,44,7,1,99,0,0,0,99
01/05/2018,MDT,PA,AEA,EN,Combined TRACON& Tower with Radar,43,47,10,5,105,0,0,3,3,6,43,47,13,8,111,16,28,44,155
01/06/2018,MDT,PA,AEA,EN,Combined TRACON& Tower with Radar,26,25,0,5,56,0,0,1,1,2,26,25,1,6,58,0,0,0,58
01/07/2018,MDT,PA,AEA,EN,Combined TRACON& Tower with Radar,34,24,13,9,80,0,0,18,0,18,34,24,31,9,98,36,0,36,134
01/08/2018,MDT,PA,AEA,EN,Combined TRACON& Tower with Radar,42,30,9,0,81,0,1,1,0,2,42,31,10,0,83,0,0,0,83
01/09/2018,MDT,PA,AEA,EN,Combined TRACON& Tower with Radar,51,53,7,5,116,0,0,15,18,33,51,53,22,23,149,6,10,16,165
01/10/2018,MDT,PA,AEA,EN,Combined TRACON& Tower with Radar,45,44,12,22,123,0,1,10,2,13,45,45,22,24,136,0,22,22,158
01/11/2018,MDT,PA,AEA,EN,Combined TRACON& Tower with Radar,48,43,20,8,119,0,0,8,0,8,48,43,28,8,127,24,0,24,151
01/12/2018,MDT,PA,AEA,EN,Combined TRACON& Tower with Radar,39,33,9,2,83,0,0,0,0,0,39,33,9,2,83,0,0,0,83
01/13/2018,MDT,PA,AEA,EN,Combined TRACON& Tower with Radar,35,15,0,0,50,0,0,2,0,2,35,15,2,0,52,0,0,0,52
01/14/2018,MDT,PA,AEA,EN,Combined TRACON& Tower with Radar,44,24,6,0,74,0,0,10,0,10,44,24,16,0,84,6,0,6,90
01/15/2018,MDT,PA,AEA,EN,Combined TRACON& Tower with Radar,36,32,6,0,74,0,0,12,0,12,36,32,18,0,86,54,0,54,140
01/16/2018,MDT,PA,AEA,EN,Combined TRACON& Tower with Radar,41,45,11,0,97,0,0,0,0,0,41,45,11,0,97,0,0,0,97
01/17/2018,MDT,PA,AEA,EN,Combined TRACON& Tower with Radar,38,48,23,6,115,0,1,3,1,5,38,49,26,7,120,0,26,26,146
01/18/2018,MDT,PA,AEA,EN,Combined TRACON& Tower with Radar,44,41,16,24,125,0,0,14,3,17,44,41,30,27,142,8,34,42,184
01/19/2018,MDT,PA,AEA,EN,Combined TRACON& Tower with Radar,42,42,18,11,113,0,0,18,4,22,42,42,36,15,135,0,0,0,135
01/20/2018,MDT,PA,AEA,EN,Combined TRACON& Tower with Radar,30,21,6,2,59,0,0,6,0,6,30,21,12,2,65,5,0,5,70
01/21/2018,MDT,PA,AEA,EN,Combined TRACON& Tower with Radar,38,30,7,0,75,0,0,6,0,6,38,30,13,0,81,32,0,32,113
01/22/2018,MDT,PA,AEA,EN,Combined TRACON& Tower with Radar,41,43,20,5,109,0,2,5,0,7,41,45,25,5,116,14,20,34,150
01/23/2018,MDT,PA,AEA,EN,Combined TRACON& Tower with Radar,45,47,22,6,120,0,0,0,3,3,45,47,22,9,123,0,10,10,133
01/24/2018,MDT,PA,AEA,EN,Combined TRACON& Tower with Radar,43,49,22,18,132,0,0,19,0,19,43,49,41,18,151,4,16,20,171
01/25/2018,MDT,PA,AEA,EN,Combined TRACON& Tower with Radar,48,45,14,8,115,0,4,17,6,27,48,49,31,14,142,0,38,38,180
01/26/2018,MDT,PA,AEA,EN,Combined TRACON& Tower with Radar,41,45,8,9,103,0,0,21,0,21,41,45,29,9,124,18,0,18,142
01/27/2018,MDT,PA,AEA,EN,Combined TRACON& Tower with Radar,34,24,4,4,66,0,1,7,0,8,34,25,11,4,74,22,0,22,96
01/28/2018,MDT,PA,AEA,EN,Combined TRACON& Tower with Radar,37,23,10,2,72,0,0,2,0,2,37,23,12,2,74,20,0,20,94
01/29/2018,MDT,PA,AEA,EN,Combined TRACON& Tower with Radar,41,37,20,10,108,0,0,20,0,20,41,37,40,10,128,2,12,14,142
01/30/2018,MDT,PA,AEA,EN,Combined TRACON& Tower with Radar,41,46,6,14,107,0,0,0,4,4,41,46,6,18,111,0,22,22,133
01/31/2018,MDT,PA,AEA,EN,Combined TRACON& Tower with Radar,45,48,20,22,135,0,0,20,2,22,45,48,40,24,157,18,4,22,179
02/01/2018,MDT,PA,AEA,EN,Combined TRACON& Tower with Radar,48,45,12,30,135,0,0,10,8,18,48,45,22,38,153,18,28,46,199
02/02/2018,MDT,PA,AEA,EN,Combined TRACON& Tower with Radar,44,46,6,11,107,0,0,6,1,7,44,46,12,12,114,4,20,24,138
02/03/2018,MDT,PA,AEA,EN,Combined TRACON& Tower with Radar,30,23,9,2,64,0,0,14,0,14,30,23,23,2,78,10,0,10,88
02/04/2018,MDT,PA,AEA,EN,Combined TRACON& Tower with Radar,30,16,5,0,51,0,0,0,0,0,30,16,5,0,51,0,0,0,51
02/05/2018,MDT,PA,AEA,EN,Combined TRACON& Tower with Radar,40,42,12,6,100,0,0,7,4,11,40,42,19,10,111,26,14,40,151
02/06/2018,MDT,PA,AEA,EN,Combined TRACON& Tower with Radar,44,47,23,9,123,0,0,16,5,21,44,47,39,14,144,14,18,32,176
02/07/2018,MDT,PA,AEA,EN,Combined TRACON& Tower with Radar,42,34,3,11,90,0,0,0,8,8,42,34,3,19,98,0,40,40,138
02/08/2018,MDT,PA,AEA,EN,Combined TRACON& Tower with Radar,50,49,11,10,120,0,0,21,9,30,50,49,32,19,150,14,30,44,194
02/09/2018,MDT,PA,AEA,EN,Combined TRACON& Tower with Radar,36,39,11,4,90,0,0,19,4,23,36,39,30,8,113,20,0,20,133
02/10/2018,MDT,PA,AEA,EN,Combined TRACON& Tower with Radar,29,18,12,3,62,0,0,2,0,2,29,18,14,3,64,10,0,10,74
02/11/2018,MDT,PA,AEA,EN,Combined TRACON& Tower with Radar,31,19,8,2,60,0,0,0,0,0,31,19,8,2,60,0,0,0,60
02/12/2018,MDT,PA,AEA,EN,Combined TRACON& Tower with Radar,40,38,10,6,94,0,0,11,0,11,40,38,21,6,105,62,0,62,167
02/13/2018,MDT,PA,AEA,EN,Combined TRACON& Tower with Radar,47,46,12,10,115,0,0,17,4,21,47,46,29,14,136,10,26,36,172
02/14/2018,MDT,PA,AEA,EN,Combined TRACON& Tower with Radar,47,45,9,23,124,0,0,12,10,22,47,45,21,33,146,36,34,70,216
02/15/2018,MDT,PA,AEA,EN,Combined TRACON& Tower with Radar,45,44,15,11,115,0,3,7,0,10,45,47,22,11,125,28,0,28,153
02/16/2018,MDT,PA,AEA,EN,Combined TRACON& Tower with Radar,38,48,5,2,93,0,0,7,2,9,38,48,12,4,102,0,17,17,119
02/17/2018,MDT,PA,AEA,EN,Combined TRACON& Tower with Radar,25,22,2,3,52,0,0,5,0,5,25,22,7,3,57,6,0,6,63
02/18/2018,MDT,PA,AEA,EN,Combined TRACON& Tower with Radar,30,29,8,0,67,0,1,13,0,14,30,30,21,0,81,8,0,8,89
02/19/2018,MDT,PA,AEA,EN,Combined TRACON& Tower with Radar,37,48,20,0,105,0,0,1,0,1,37,48,21,0,106,0,0,0,106
02/20/2018,MDT,PA,AEA,EN,Combined TRACON& Tower with Radar,46,49,28,8,131,0,6,8,2,16,46,55,36,10,147,3,16,19,166
02/21/2018,MDT,PA,AEA,EN,Combined TRACON& Tower with Radar,42,53,24,12,131,0,0,4,4,8,42,53,28,16,139,8,16,24,163
02/22/2018,MDT,PA,AEA,EN,Combined TRACON& Tower with Radar,46,47,22,3,118,0,0,0,0,0,46,47,22,3,118,0,0,0,118
02/23/2018,MDT,PA,AEA,EN,Combined TRACON& Tower with Radar,37,47,10,2,96,0,0,0,0,0,37,47,10,2,96,0,0,0,96
02/24/2018,MDT,PA,AEA,EN,Combined TRACON& Tower with Radar,27,24,3,0,54,0,0,0,0,0,27,24,3,0,54,0,0,0,54
02/25/2018,MDT,PA,AEA,EN,Combined TRACON& Tower with Radar,33,35,8,0,76,0,0,1,0,1,33,35,9,0,77,0,0,0,77
02/26/2018,MDT,PA,AEA,EN,Combined TRACON& Tower with Radar,40,42,25,13,120,2,0,12,2,16,42,42,37,15,136,32,34,66,202
02/27/2018,MDT,PA,AEA,EN,Combined TRACON& Tower with Radar,52,48,13,3,116,0,1,18,4,23,52,49,31,7,139,10,6,16,155
02/28/2018,MDT,PA,AEA,EN,Combined TRACON& Tower with Radar,44,56,19,5,124,0,1,22,4,27,44,57,41,9,151,0,0,0,151
03/01/2018,MDT,PA,AEA,EN,Combined TRACON& Tower with Radar,41,46,12,5,104,0,0,5,0,5,41,46,17,5,109,8,0,8,117
03/02/2018,MDT,PA,AEA,EN,Combined TRACON& Tower with Radar,38,25,9,0,72,0,0,1,0,1,38,25,10,0,73,0,0,0,73
03/03/2018,MDT,PA,AEA,EN,Combined TRACON& Tower with Radar,27,26,9,0,62,0,0,0,2,2,27,26,9,2,64,4,0,4,68
03/04/2018,MDT,PA,AEA,EN,Combined TRACON& Tower with Radar,37,32,11,0,80,0,0,8,0,8,37,32,19,0,88,8,0,8,96
03/05/2018,MDT,PA,AEA,EN,Combined TRACON& Tower with Radar,42,42,15,3,102,0,0,13,3,16,42,42,28,6,118,24,4,28,146
03/06/2018,MDT,PA,AEA,EN,Combined TRACON& Tower with Radar,50,49,22,12,133,0,0,7,7,14,50,49,29,19,147,6,2,8,155
03/07/2018,MDT,PA,AEA,EN,Combined TRACON& Tower with Radar,37,31,5,4,77,0,3,0,4,7,37,34,5,8,84,0,8,8,92
03/08/2018,MDT,PA,AEA,EN,Combined TRACON& Tower with Radar,46,49,13,5,113,0,0,14,3,17,46,49,27,8,130,12,0,12,142
03/09/2018,MDT,PA,AEA,EN,Combined TRACON& Tower with Radar,39,41,9,3,92,0,4,8,6,18,39,45,17,9,110,12,0,12,122
03/10/2018,MDT,PA,AEA,EN,Combined TRACON& Tower with Radar,28,22,8,1,59,0,0,19,2,21,28,22,27,3,80,0,0,0,80
03/11/2018,MDT,PA,AEA,EN,Combined TRACON& Tower with Radar,36,29,7,2,74,0,0,36,0,36,36,29,43,2,110,46,0,46,156
03/12/2018,MDT,PA,AEA,EN,Combined TRACON& Tower with Radar,40,46,15,5,106,0,0,3,1,4,40,46,18,6,110,0,0,0,110
03/13/2018,MDT,PA,AEA,EN,Combined TRACON& Tower with Radar,52,44,10,13,119,0,2,3,17,22,52,46,13,30,141,19,28,47,188
03/14/2018,MDT,PA,AEA,EN,Combined TRACON& Tower with Radar,53,53,13,14,133,0,0,8,1,9,53,53,21,15,142,6,6,12,154
03/15/2018,MDT,PA,AEA,EN,Combined TRACON& Tower with Radar,50,44,21,19,134,0,0,11,10,21,50,44,32,29,155,0,36,36,191
03/16/2018,MDT,PA,AEA,EN,Combined TRACON& Tower with Radar,42,47,10,7,106,0,0,1,1,2,42,47,11,8,108,0,16,16,124
03/17/2018,MDT,PA,AEA,EN,Combined TRACON& Tower with Radar,28,21,1,2,52,0,0,1,1,2,28,21,2,3,54,18,0,18,72
03/18/2018,MDT,PA,AEA,EN,Combined TRACON& Tower with Radar,37,33,9,5,84,0,0,24,4,28,37,33,33,9,112,28,0,28,140
03/19/2018,MDT,PA,AEA,EN,Combined TRACON& Tower with Radar,42,44,19,20,125,0,1,23,2,26,42,45,42,22,151,0,4,4,155
03/20/2018,MDT,PA,AEA,EN,Combined TRACON& Tower with Radar,46,30,11,4,91,0,0,2,3,5,46,30,13,7,96,2,2,4,100
03/21/2018,MDT,PA,AEA,EN,Combined TRACON& Tower with Radar,23,7,6,0,36,0,0,0,0,0,23,7,6,0,36,0,0,0,36
03/22/2018,MDT,PA,AEA,EN,Combined TRACON& Tower with Radar,47,51,18,13,129,0,3,28,7,38,47,54,46,20,167,28,6,34,201
03/23/2018,MDT,PA,AEA,EN,Combined TRACON& Tower with Radar,43,49,10,10,112,0,2,6,2,10,43,51,16,12,122,2,4,6,128
03/24/2018,MDT,PA,AEA,EN,Combined TRACON& Tower with Radar,26,28,7,0,61,0,0,12,0,12,26,28,19,0,73,0,0,0,73
03/25/2018,MDT,PA,AEA,EN,Combined TRACON& Tower with Radar,37,33,7,2,79,0,0,11,0,11,37,33,18,2,90,18,0,18,108
03/26/2018,MDT,PA,AEA,EN,Combined TRACON& Tower with Radar,43,41,21,12,117,0,0,23,2,25,43,41,44,14,142,46,4,50,192
03/27/2018,MDT,PA,AEA,EN,Combined TRACON& Tower with Radar,56,56,11,16,139,0,0,13,0,13,56,56,24,16,152,8,34,42,194
03/28/2018,MDT,PA,AEA,EN,Combined TRACON& Tower with Radar,50,50,14,4,118,0,0,0,0,0,50,50,14,4,118,0,0,0,118
03/29/2018,MDT,PA,AEA,EN,Combined TRACON& Tower with Radar,48,45,22,11,126,0,1,3,3,7,48,46,25,14,133,30,18,48,181
03/30/2018,MDT,PA,AEA,EN,Combined TRACON& Tower with Radar,42,48,15,10,115,0,0,4,1,5,42,48,19,11,120,4,0,4,124
03/31/2018,MDT,PA,AEA,EN,Combined TRACON& Tower with Radar,26,22,6,2,56,0,1,14,0,15,26,23,20,2,71,24,0,24,95
04/01/2018,MDT,PA,AEA,EN,Combined TRACON& Tower with Radar,33,30,2,0,65,0,0,3,0,3,33,30,5,0,68,0,0,0,68
04/02/2018,MDT,PA,AEA,EN,Combined TRACON& Tower with Radar,43,46,8,10,107,0,0,4,2,6,43,46,12,12,113,44,24,68,181
04/03/2018,MDT,PA,AEA,EN,Combined TRACON& Tower with Radar,51,47,6,16,120,0,0,0,1,1,51,47,6,17,121,0,0,0,121
04/04/2018,MDT,PA,AEA,EN,Combined TRACON& Tower with Radar,51,41,7,3,102,0,0,1,2,3,51,41,8,5,105,2,0,2,107
04/05/2018,MDT,PA,AEA,EN,Combined TRACON& Tower with Radar,52,63,18,12,145,0,2,8,3,13,52,65,26,15,158,0,8,8,166
04/06/2018,MDT,PA,AEA,EN,Combined TRACON& Tower with Radar,41,46,21,1,109,0,1,8,1,10,41,47,29,2,119,0,6,6,125
04/07/2018,MDT,PA,AEA,EN,Combined TRACON& Tower with Radar,30,20,8,7,65,0,0,7,4,11,30,20,15,11,76,6,0,6,82
04/08/2018,MDT,PA,AEA,EN,Combined TRACON& Tower with Radar,37,31,9,1,78,0,0,21,1,22,37,31,30,2,100,14,0,14,114
04/09/2018,MDT,PA,AEA,EN,Combined TRACON& Tower with Radar,40,39,13,8,100,0,0,9,0,9,40,39,22,8,109,14,8,22,131
04/10/2018,MDT,PA,AEA,EN,Combined TRACON& Tower with Radar,51,51,15,13,130,0,0,21,10,31,51,51,36,23,161,41,8,49,210
04/11/2018,MDT,PA,AEA,EN,Combined TRACON& Tower with Radar,50,58,20,21,149,0,0,13,5,18,50,58,33,26,167,24,8,32,199
04/12/2018,MDT,PA,AEA,EN,Combined TRACON& Tower with Radar,51,53,12,15,131,0,0,11,12,23,51,53,23,27,154,14,28,42,196
04/13/2018,MDT,PA,AEA,EN,Combined TRACON& Tower with Radar,41,48,9,13,111,0,0,8,3,11,41,48,17,16,122,0,10,10,132
04/14/2018,MDT,PA,AEA,EN,Combined TRACON& Tower with Radar,29,18,6,2,55,0,0,23,0,23,29,18,29,2,78,2,0,2,80
04/15/2018,MDT,PA,AEA,EN,Combined TRACON& Tower with Radar,34,27,5,1,67,0,0,2,0,2,34,27,7,1,69,0,0,0,69
04/16/2018,MDT,PA,AEA,EN,Combined TRACON& Tower with Radar,46,37,13,31,127,0,0,1,6,7,46,37,14,37,134,0,40,40,174
04/17/2018,MDT,PA,AEA,EN,Combined TRACON& Tower with Radar,52,41,17,17,127,0,0,1,2,3,52,41,18,19,130,0,42,42,172
04/18/2018,MDT,PA,AEA,EN,Combined TRACON& Tower with Radar,50,48,34,20,152,0,3,21,9,33,50,51,55,29,185,64,8,72,257
04/19/2018,MDT,PA,AEA,EN,Combined TRACON& Tower with Radar,50,42,13,6,111,0,0,0,3,3,50,42,13,9,114,0,4,4,118
04/20/2018,MDT,PA,AEA,EN,Combined TRACON& Tower with Radar,39,50,19,17,125,0,2,10,4,16,39,52,29,21,141,0,36,36,177
04/21/2018,MDT,PA,AEA,EN,Combined TRACON& Tower with Radar,31,21,7,6,65,0,4,10,0,14,31,25,17,6,79,14,8,22,101
04/22/2018,MDT,PA,AEA,EN,Combined TRACON& Tower with Radar,37,31,3,4,75,0,0,23,0,23,37,31,26,4,98,20,0,20,118
04/23/2018,MDT,PA,AEA,EN,Combined TRACON& Tower with Radar,43,40,22,2,107,0,0,10,0,10,43,40,32,2,117,58,0,58,175
04/24/2018,MDT,PA,AEA,EN,Combined TRACON& Tower with Radar,50,53,17,22,142,0,1,11,3,15,50,54,28,25,157,26,54,80,237
04/25/2018,MDT,PA,AEA,EN,Combined TRACON& Tower with Radar,50,47,27,10,134,0,0,1,4,5,50,47,28,14,139,0,2,2,141
04/26/2018,MDT,PA,AEA,EN,Combined TRACON& Tower with Radar,52,49,29,25,155,0,0,29,6,35,52,49,58,31,190,9,36,45,235
04/27/2018,MDT,PA,AEA,EN,Combined TRACON& Tower with Radar,41,51,15,6,113,0,2,4,4,10,41,53,19,10,123,0,4,4,127
04/28/2018,MDT,PA,AEA,EN,Combined TRACON& Tower with Radar,37,20,9,0,66,0,0,9,1,10,37,20,18,1,76,14,0,14,90
04/29/2018,MDT,PA,AEA,EN,Combined TRACON& Tower with Radar,36,35,3,0,74,0,0,11,2,13,36,35,14,2,87,8,0,8,95
04/30/2018,MDT,PA,AEA,EN,Combined TRACON& Tower with Radar,42,52,20,18,132,0,0,16,2,18,42,52,36,20,150,14,12,26,176
05/01/2018,MDT,PA,AEA,EN,Combined TRACON& Tower with Radar,48,54,19,10,131,0,0,15,0,15,48,54,34,10,146,28,32,60,206
05/02/2018,MDT,PA,AEA,EN,Combined TRACON& Tower with Radar,46,49,31,6,132,0,1,13,4,18,46,50,44,10,150,4,0,4,154
05/03/2018,MDT,PA,AEA,EN,Combined TRACON& Tower with Radar,51,50,12,11,124,0,0,16,7,23,51,50,28,18,147,20,6,26,173
05/04/2018,MDT,PA,AEA,EN,Combined TRACON& Tower with Radar,40,49,16,11,116,0,2,14,6,22,40,51,30,17,138,12,10,22,160
05/05/2018,MDT,PA,AEA,EN,Combined TRACON& Tower with Radar,30,25,10,4,69,0,0,13,0,13,30,25,23,4,82,16,0,16,98
05/06/2018,MDT,PA,AEA,EN,Combined TRACON& Tower with Radar,34,36,10,5,85,0,0,6,0,6,34,36,16,5,91,6,0,6,97
05/07/2018,MDT,PA,AEA,EN,Combined TRACON& Tower with Radar,42,44,18,12,116,0,0,18,6,24,42,44,36,18,140,18,8,26,166
05/08/2018,MDT,PA,AEA,EN,Combined TRACON& Tower with Radar,50,50,19,8,127,0,0,30,2,32,50,50,49,10,159,20,18,38,197
05/09/2018,MDT,PA,AEA,EN,Combined TRACON& Tower with Radar,46,55,16,13,130,0,3,23,7,33,46,58,39,20,163,4,40,44,207
05/10/2018,MDT,PA,AEA,EN,Combined TRACON& Tower with Radar,61,58,12,16,147,0,2,6,5,13,61,60,18,21,160,0,22,22,182
05/11/2018,MDT,PA,AEA,EN,Combined TRACON& Tower with Radar,54,48,17,4,123,0,0,17,2,19,54,48,34,6,142,0,20,20,162
05/12/2018,MDT,PA,AEA,EN,Combined TRACON& Tower with Radar,30,20,9,0,59,0,0,4,0,4,30,20,13,0,63,0,0,0,63
05/13/2018,MDT,PA,AEA,EN,Combined TRACON& Tower with Radar,38,31,10,3,82,0,0,0,0,0,38,31,10,3,82,0,0,0,82
05/14/2018,MDT,PA,AEA,EN,Combined TRACON& Tower with Radar,39,48,28,23,138,0,0,1,3,4,39,48,29,26,142,20,8,28,170
05/15/2018,MDT,PA,AEA,EN,Combined TRACON& Tower with Radar,53,52,14,15,134,1,0,10,5,16,54,52,24,20,150,6,22,28,178
05/16/2018,MDT,PA,AEA,EN,Combined TRACON& Tower with Radar,47,51,22,4,124,0,0,0,0,0,47,51,22,4,124,0,0,0,124
05/17/2018,MDT,PA,AEA,EN,Combined TRACON& Tower with Radar,48,51,22,7,128,0,0,0,4,4,48,51,22,11,132,0,16,16,148
05/18/2018,MDT,PA,AEA,EN,Combined TRACON& Tower with Radar,38,58,23,13,132,0,0,1,2,3,38,58,24,15,135,0,2,2,137
05/19/2018,MDT,PA,AEA,EN,Combined TRACON& Tower with Radar,29,31,10,0,70,0,0,0,0,0,29,31,10,0,70,0,0,0,70
05/20/2018,MDT,PA,AEA,EN,Combined TRACON& Tower with Radar,34,41,16,5,96,0,0,7,1,8,34,41,23,6,104,42,2,44,148
05/21/2018,MDT,PA,AEA,EN,Combined TRACON& Tower with Radar,43,54,19,4,120,0,2,16,0,18,43,56,35,4,138,30,0,30,168
05/22/2018,MDT,PA,AEA,EN,Combined TRACON& Tower with Radar,46,56,13,20,135,0,0,0,0,0,46,56,13,20,135,0,0,0,135
05/23/2018,MDT,PA,AEA,EN,Combined TRACON& Tower with Radar,45,52,16,21,134,0,3,14,1,18,45,55,30,22,152,36,28,64,216
05/24/2018,MDT,PA,AEA,EN,Combined TRACON& Tower with Radar,49,52,22,22,145,0,0,34,14,48,49,52,56,36,193,44,58,102,295
05/25/2018,MDT,PA,AEA,EN,Combined TRACON& Tower with Radar,40,51,12,0,103,0,1,16,2,19,40,52,28,2,122,6,0,6,128
05/26/2018,MDT,PA,AEA,EN,Combined TRACON& Tower with Radar,27,23,12,0,62,0,0,9,3,12,27,23,21,3,74,8,0,8,82
05/27/2018,MDT,PA,AEA,EN,Combined TRACON& Tower with Radar,26,24,6,0,56,0,0,2,0,2,26,24,8,0,58,16,0,16,74
05/28/2018,MDT,PA,AEA,EN,Combined TRACON& Tower with Radar,30,30,9,0,69,0,0,3,0,3,30,30,12,0,72,0,0,0,72
05/29/2018,MDT,PA,AEA,EN,Combined TRACON& Tower with Radar,47,48,14,26,135,0,0,10,6,16,47,48,24,32,151,0,32,32,183
05/30/2018,MDT,PA,AEA,EN,Combined TRACON& Tower with Radar,50,51,26,33,160,0,1,12,10,23,50,52,38,43,183,10,14,24,207
05/31/2018,MDT,PA,AEA,EN,Combined TRACON& Tower with Radar,51,49,24,15,139,0,0,0,0,0,51,49,24,15,139,0,0,0,139
06/01/2018,MDT,PA,AEA,EN,Combined TRACON& Tower with Radar,41,45,20,7,113,0,0,10,5,15,41,45,30,12,128,16,16,32,160
06/02/2018,MDT,PA,AEA,EN,Combined TRACON& Tower with Radar,32,25,3,3,63,0,0,2,0,2,32,25,5,3,65,0,0,0,65
06/03/2018,MDT,PA,AEA,EN,Combined TRACON& Tower with Radar,34,41,14,5,94,0,0,1,0,1,34,41,15,5,95,2,0,2,97
06/04/2018,MDT,PA,AEA,EN,Combined TRACON& Tower with Radar,47,46,21,4,118,0,0,2,0,2,47,46,23,4,120,4,0,4,124
06/05/2018,MDT,PA,AEA,EN,Combined TRACON& Tower with Radar,46,58,17,4,125,0,1,10,2,13,46,59,27,6,138,8,8,16,154
06/06/2018,MDT,PA,AEA,EN,Combined TRACON& Tower with Radar,45,54,22,19,140,0,0,27,5,32,45,54,49,24,172,12,26,38,210
06/07/2018,MDT,PA,AEA,EN,Combined TRACON& Tower with Radar,48,50,28,11,137,0,0,36,6,42,48,50,64,17,179,44,46,90,269
06/08/2018,MDT,PA,AEA,EN,Combined TRACON& Tower with Radar,37,56,15,5,113,0,0,13,3,16,37,56,28,8,129,0,8,8,137
06/09/2018,MDT,PA,AEA,EN,Combined TRACON& Tower with Radar,27,24,12,5,68,0,0,12,1,13,27,24,24,6,81,0,0,0,81
06/10/2018,MDT,PA,AEA,EN,Combined TRACON& Tower with Radar,32,46,19,1,98,0,0,0,0,0,32,46,19,1,98,0,0,0,98
06/11/2018,MDT,PA,AEA,EN,Combined TRACON& Tower with Radar,42,54,9,9,114,0,1,4,5,10,42,55,13,14,124,0,12,12,136
06/12/2018,MDT,PA,AEA,EN,Combined TRACON& Tower with Radar,48,52,21,13,134,0,0,21,5,26,48,52,42,18,160,10,34,44,204
06/13/2018,MDT,PA,AEA,EN,Combined TRACON& Tower with Radar,49,58,25,15,147,0,0,4,1,5,49,58,29,16,152,0,14,14,166
06/14/2018,MDT,PA,AEA,EN,Combined TRACON& Tower with Radar,43,56,12,5,116,0,0,15,1,16,43,56,27,6,132,8,0,8,140
06/15/2018,MDT,PA,AEA,EN,Combined TRACON& Tower with Radar,34,52,22,8,116,0,2,14,2,18,34,54,36,10,134,0,4,4,138
06/16/2018,MDT,PA,AEA,EN,Combined TRACON& Tower with Radar,26,26,5,4,61,0,0,11,4,15,26,26,16,8,76,14,0,14,90
06/17/2018,MDT,PA,AEA,EN,Combined TRACON& Tower with Radar,31,41,8,2,82,0,0,5,0,5,31,41,13,2,87,0,0,0,87
06/18/2018,MDT,PA,AEA,EN,Combined TRACON& Tower with Radar,41,48,13,18,120,0,0,11,3,14,41,48,24,21,134,0,10,10,144
06/19/2018,MDT,PA,AEA,EN,Combined TRACON& Tower with Radar,43,54,18,7,122,0,0,17,8,25,43,54,35,15,147,6,42,48,195
06/20/2018,MDT,PA,AEA,EN,Combined TRACON& Tower with Radar,42,50,19,13,124,0,1,18,8,27,42,51,37,21,151,0,8,8,159
06/21/2018,MDT,PA,AEA,EN,Combined TRACON& Tower with Radar,48,48,17,8,121,0,0,17,4,21,48,48,34,12,142,8,66,74,216
06/22/2018,MDT,PA,AEA,EN,Combined TRACON& Tower with Radar,38,58,13,4,113,0,0,7,0,7,38,58,20,4,120,12,0,12,132
06/23/2018,MDT,PA,AEA,EN,Combined TRACON& Tower with Radar,27,26,9,0,62,0,0,0,0,0,27,26,9,0,62,0,0,0,62
06/24/2018,MDT,PA,AEA,EN,Combined TRACON& Tower with Radar,35,41,10,0,86,0,0,15,3,18,35,41,25,3,104,30,0,30,134
06/25/2018,MDT,PA,AEA,EN,Combined TRACON& Tower with Radar,40,47,16,31,134,0,1,18,7,26,40,48,34,38,160,20,22,42,202
06/26/2018,MDT,PA,AEA,EN,Combined TRACON& Tower with Radar,43,52,25,10,130,0,0,20,3,23,43,52,45,13,153,28,0,28,181
06/27/2018,MDT,PA,AEA,EN,Combined TRACON& Tower with Radar,45,54,10,16,125,0,0,1,1,2,45,54,11,17,127,0,16,16,143
06/28/2018,MDT,PA,AEA,EN,Combined TRACON& Tower with Radar,47,53,14,8,122,0,0,17,2,19,47,53,31,10,141,38,6,44,185
06/29/2018,MDT,PA,AEA,EN,Combined TRACON& Tower with Radar,37,49,13,7,106,0,0,21,2,23,37,49,34,9,129,0,0,0,129
06/30/2018,MDT,PA,AEA,EN,Combined TRACON& Tower with Radar,29,24,4,0,57,0,0,22,2,24,29,24,26,2,81,0,0,0,81
07/01/2018,MDT,PA,AEA,EN,Combined TRACON& Tower with Radar,28,40,9,0,77,0,0,7,0,7,28,40,16,0,84,2,0,2,86
07/02/2018,MDT,PA,AEA,EN,Combined TRACON& Tower with Radar,36,35,8,4,83,0,0,14,0,14,36,35,22,4,97,8,0,8,105
07/03/2018,MDT,PA,AEA,EN,Combined TRACON& Tower with Radar,40,40,17,2,99,0,2,20,1,23,40,42,37,3,122,0,0,0,122
07/04/2018,MDT,PA,AEA,EN,Combined TRACON& Tower with Radar,22,28,3,2,55,0,0,11,0,11,22,28,14,2,66,12,0,12,78
07/05/2018,MDT,PA,AEA,EN,Combined TRACON& Tower with Radar,43,33,13,6,95,0,0,7,5,12,43,33,20,11,107,0,12,12,119
07/06/2018,MDT,PA,AEA,EN,Combined TRACON& Tower with Radar,40,43,11,7,101,0,0,13,5,18,40,43,24,12,119,0,10,10,129
07/07/2018,MDT,PA,AEA,EN,Combined TRACON& Tower with Radar,29,27,6,0,62,0,0,8,0,8,29,27,14,0,70,28,0,28,98
07/08/2018,MDT,PA,AEA,EN,Combined TRACON& Tower with Radar,33,41,10,0,84,0,0,16,0,16,33,41,26,0,100,26,0,26,126
07/09/2018,MDT,PA,AEA,EN,Combined TRACON& Tower with Radar,42,43,22,27,134,0,0,21,1,22,42,43,43,28,156,34,0,34,190
07/10/2018,MDT,PA,AEA,EN,Combined TRACON& Tower with Radar,44,53,8,14,119,0,1,17,7,25,44,54,25,21,144,2,12,14,158
07/11/2018,MDT,PA,AEA,EN,Combined TRACON& Tower with Radar,48,50,13,5,116,0,0,27,4,31,48,50,40,9,147,68,40,108,255
07/12/2018,MDT,PA,AEA,EN,Combined TRACON& Tower with Radar,45,52,16,12,125,0,0,21,6,27,45,52,37,18,152,32,16,48,200
07/13/2018,MDT,PA,AEA,EN,Combined TRACON& Tower with Radar,36,54,13,24,127,0,0,19,2,21,36,54,32,26,148,18,0,18,166
07/14/2018,MDT,PA,AEA,EN,Combined TRACON& Tower with Radar,27,21,5,3,56,0,4,10,0,14,27,25,15,3,70,6,0,6,76
07/15/2018,MDT,PA,AEA,EN,Combined TRACON& Tower with Radar,35,41,12,3,91,0,0,17,0,17,35,41,29,3,108,36,0,36,144
07/16/2018,MDT,PA,AEA,EN,Combined TRACON& Tower with Radar,43,37,17,19,116,1,0,20,4,25,44,37,37,23,141,8,30,38,179
07/17/2018,MDT,PA,AEA,EN,Combined TRACON& Tower with Radar,46,45,14,13,118,0,0,7,2,9,46,45,21,15,127,4,10,14,141
07/18/2018,MDT,PA,AEA,EN,Combined TRACON& Tower with Radar,48,49,19,9,125,0,1,15,4,20,48,50,34,13,145,24,6,30,175
07/19/2018,MDT,PA,AEA,EN,Combined TRACON& Tower with Radar,49,52,15,7,123,0,1,28,4,33,49,53,43,11,156,16,8,24,180
07/20/2018,MDT,PA,AEA,EN,Combined TRACON& Tower with Radar,37,49,18,12,116,0,0,21,4,25,37,49,39,16,141,6,0,6,147
07/21/2018,MDT,PA,AEA,EN,Combined TRACON& Tower with Radar,33,25,6,8,72,0,1,0,3,4,33,26,6,11,76,0,0,0,76
07/22/2018,MDT,PA,AEA,EN,Combined TRACON& Tower with Radar,33,38,6,3,80,0,0,1,2,3,33,38,7,5,83,0,0,0,83
07/23/2018,MDT,PA,AEA,EN,Combined TRACON& Tower with Radar,44,49,23,0,116,0,0,1,0,1,44,49,24,0,117,12,0,12,129
07/24/2018,MDT,PA,AEA,EN,Combined TRACON& Tower with Radar,47,48,18,5,118,0,0,1,0,1,47,48,19,5,119,0,0,0,119
07/25/2018,MDT,PA,AEA,EN,Combined TRACON& Tower with Radar,46,53,14,5,118,0,0,3,1,4,46,53,17,6,122,10,0,10,132
07/26/2018,MDT,PA,AEA,EN,Combined TRACON& Tower with Radar,52,55,17,11,135,0,0,15,5,20,52,55,32,16,155,24,4,28,183
07/27/2018,MDT,PA,AEA,EN,Combined TRACON& Tower with Radar,35,52,12,10,109,0,1,11,0,12,35,53,23,10,121,1,24,25,146
07/28/2018,MDT,PA,AEA,EN,Combined TRACON& Tower with Radar,32,26,5,1,64,0,0,9,0,9,32,26,14,1,73,0,0,0,73
07/29/2018,MDT,PA,AEA,EN,Combined TRACON& Tower with Radar,37,37,8,4,86,0,2,20,9,31,37,39,28,13,117,30,18,48,165
07/30/2018,MDT,PA,AEA,EN,Combined TRACON& Tower with Radar,43,49,15,11,118,0,0,5,0,5,43,49,20,11,123,4,6,10,133
07/31/2018,MDT,PA,AEA,EN,Combined TRACON& Tower with Radar,45,53,16,24,138,0,0,6,4,10,45,53,22,28,148,30,18,48,196
08/01/2018,MDT,PA,AEA,EN,Combined TRACON& Tower with Radar,45,49,19,13,126,0,0,4,1,5,45,49,23,14,131,0,6,6,137
08/02/2018,MDT,PA,AEA,EN,Combined TRACON& Tower with Radar,44,52,12,2,110,0,0,0,0,0,44,52,12,2,110,0,0,0,110
08/03/2018,MDT,PA,AEA,EN,Combined TRACON& Tower with Radar,48,48,14,3,113,0,0,6,3,9,48,48,20,6,122,0,13,13,135
08/04/2018,MDT,PA,AEA,EN,Combined TRACON& Tower with Radar,31,24,8,4,67,0,3,5,2,10,31,27,13,6,77,32,4,36,113
08/05/2018,MDT,PA,AEA,EN,Combined TRACON& Tower with Radar,36,38,20,6,100,0,4,16,3,23,36,42,36,9,123,44,14,58,181
08/06/2018,MDT,PA,AEA,EN,Combined TRACON& Tower with Radar,41,47,13,12,113,0,0,8,0,8,41,47,21,12,121,18,26,44,165
08/07/2018,MDT,PA,AEA,EN,Combined TRACON& Tower with Radar,41,45,11,17,114,0,0,23,13,36,41,45,34,30,150,34,28,62,212
08/08/2018,MDT,PA,AEA,EN,Combined TRACON& Tower with Radar,49,43,8,24,124,0,1,12,4,17,49,44,20,28,141,38,14,52,193
08/09/2018,MDT,PA,AEA,EN,Combined TRACON& Tower with Radar,46,47,16,6,115,0,0,16,8,24,46,47,32,14,139,0,24,24,163
08/10/2018,MDT,PA,AEA,EN,Combined TRACON& Tower with Radar,36,48,22,7,113,0,0,14,1,15,36,48,36,8,128,6,4,10,138
08/11/2018,MDT,PA,AEA,EN,Combined TRACON& Tower with Radar,34,26,0,6,66,0,0,5,0,5,34,26,5,6,71,6,0,6,77
08/12/2018,MDT,PA,AEA,EN,Combined TRACON& Tower with Radar,38,41,5,5,89,0,0,4,5,9,38,41,9,10,98,32,6,38,136
08/13/2018,MDT,PA,AEA,EN,Combined TRACON& Tower with Radar,42,46,14,2,104,0,1,10,0,11,42,47,24,2,115,4,0,4,119
08/14/2018,MDT,PA,AEA,EN,Combined TRACON& Tower with Radar,48,42,5,14,109,0,0,11,6,17,48,42,16,20,126,22,24,46,172
08/15/2018,MDT,PA,AEA,EN,Combined TRACON& Tower with Radar,47,49,12,5,113,0,1,23,5,29,47,50,35,10,142,58,16,74,216
08/16/2018,MDT,PA,AEA,EN,Combined TRACON& Tower with Radar,49,48,7,6,110,0,1,16,4,21,49,49,23,10,131,22,14,36,167
08/17/2018,MDT,PA,AEA,EN,Combined TRACON& Tower with Radar,38,46,9,4,97,0,2,8,0,10,38,48,17,4,107,0,0,0,107
08/18/2018,MDT,PA,AEA,EN,Combined TRACON& Tower with Radar,32,23,3,2,60,0,1,5,1,7,32,24,8,3,67,4,0,4,71
08/19/2018,MDT,PA,AEA,EN,Combined TRACON& Tower with Radar,35,32,5,1,73,0,0,0,1,1,35,32,5,2,74,0,0,0,74
08/20/2018,MDT,PA,AEA,EN,Combined TRACON& Tower with Radar,44,45,13,8,110,0,2,15,1,18,44,47,28,9,128,22,8,30,158
08/21/2018,MDT,PA,AEA,EN,Combined TRACON& Tower with Radar,46,43,19,7,115,0,1,4,0,5,46,44,23,7,120,2,2,4,124
08/22/2018,MDT,PA,AEA,EN,Combined TRACON& Tower with Radar,55,44,17,14,130,0,0,18,13,31,55,44,35,27,161,12,16,28,189
08/23/2018,MDT,PA,AEA,EN,Combined TRACON& Tower with Radar,51,51,15,5,122,0,3,10,4,17,51,54,25,9,139,22,14,36,175
08/24/2018,MDT,PA,AEA,EN,Combined TRACON& Tower with Radar,40,48,16,11,115,0,4,48,5,57,40,52,64,16,172,34,10,44,216
08/25/2018,MDT,PA,AEA,EN,Combined TRACON& Tower with Radar,44,27,15,4,90,0,0,7,1,8,44,27,22,5,98,0,8,8,106
08/26/2018,MDT,PA,AEA,EN,Combined TRACON& Tower with Radar,42,31,6,6,85,0,0,20,0,20,42,31,26,6,105,22,0,22,127
08/27/2018,MDT,PA,AEA,EN,Combined TRACON& Tower with Radar,59,42,17,0,118,0,0,10,0,10,59,42,27,0,128,0,0,0,128
08/28/2018,MDT,PA,AEA,EN,Combined TRACON& Tower with Radar,51,46,20,7,124,0,4,21,3,28,51,50,41,10,152,32,18,50,202
08/29/2018,MDT,PA,AEA,EN,Combined TRACON& Tower with Radar,53,39,8,14,114,0,2,14,11,27,53,41,22,25,141,14,4,18,159
08/30/2018,MDT,PA,AEA,EN,Combined TRACON& Tower with Radar,52,54,19,28,153,0,0,22,5,27,52,54,41,33,180,4,67,71,251
08/31/2018,MDT,PA,AEA,EN,Combined TRACON& Tower with Radar,41,48,12,10,111,0,2,2,0,4,41,50,14,10,115,0,4,4,119
09/01/2018,MDT,PA,AEA,EN,Combined TRACON& Tower with Radar,26,25,7,0,58,0,0,0,0,0,26,25,7,0,58,0,0,0,58
09/02/2018,MDT,PA,AEA,EN,Combined TRACON& Tower with Radar,33,22,7,0,62,0,1,12,0,13,33,23,19,0,75,56,0,56,131
09/03/2018,MDT,PA,AEA,EN,Combined TRACON& Tower with Radar,31,33,12,0,76,0,3,12,0,15,31,36,24,0,91,18,0,18,109
09/04/2018,MDT,PA,AEA,EN,Combined TRACON& Tower with Radar,50,45,17,13,125,1,0,11,6,18,51,45,28,19,143,24,40,64,207
09/05/2018,MDT,PA,AEA,EN,Combined TRACON& Tower with Radar,48,51,13,13,125,0,0,20,5,25,48,51,33,18,150,30,38,68,218
09/06/2018,MDT,PA,AEA,EN,Combined TRACON& Tower with Radar,50,57,16,16,139,0,2,14,10,26,50,59,30,26,165,24,30,54,219
09/07/2018,MDT,PA,AEA,EN,Combined TRACON& Tower with Radar,40,52,12,8,112,0,0,5,1,6,40,52,17,9,118,0,0,0,118
09/08/2018,MDT,PA,AEA,EN,Combined TRACON& Tower with Radar,29,29,7,1,66,0,0,4,0,4,29,29,11,1,70,26,0,26,96
09/09/2018,MDT,PA,AEA,EN,Combined TRACON& Tower with Radar,39,42,6,4,91,0,0,0,0,0,39,42,6,4,91,0,0,0,91
09/10/2018,MDT,PA,AEA,EN,Combined TRACON& Tower with Radar,43,43,14,3,103,0,0,0,0,0,43,43,14,3,103,0,0,0,103
09/11/2018,MDT,PA,AEA,EN,Combined TRACON& Tower with Radar,53,60,35,22,170,0,1,9,0,10,53,61,44,22,180,0,16,16,196
09/12/2018,MDT,PA,AEA,EN,Combined TRACON& Tower with Radar,52,65,30,8,155,0,0,1,0,1,52,65,31,8,156,0,0,0,156
09/13/2018,MDT,PA,AEA,EN,Combined TRACON& Tower with Radar,46,60,29,6,141,0,2,9,3,14,46,62,38,9,155,8,22,30,185
09/14/2018,MDT,PA,AEA,EN,Combined TRACON& Tower with Radar,38,64,23,7,132,0,0,3,3,6,38,64,26,10,138,0,4,4,142
09/15/2018,MDT,PA,AEA,EN,Combined TRACON& Tower with Radar,26,32,10,4,72,0,0,4,0,4,26,32,14,4,76,4,0,4,80
09/16/2018,MDT,PA,AEA,EN,Combined TRACON& Tower with Radar,35,41,9,2,87,0,0,15,2,17,35,41,24,4,104,40,0,40,144
09/17/2018,MDT,PA,AEA,EN,Combined TRACON& Tower with Radar,43,53,24,2,122,0,0,0,0,0,43,53,24,2,122,0,0,0,122
09/18/2018,MDT,PA,AEA,EN,Combined TRACON& Tower with Radar,56,55,24,14,149,0,0,6,8,14,56,55,30,22,163,0,16,16,179
09/19/2018,MDT,PA,AEA,EN,Combined TRACON& Tower with Radar,52,52,13,10,127,0,2,11,2,15,52,54,24,12,142,6,20,26,168
09/20/2018,MDT,PA,AEA,EN,Combined TRACON& Tower with Radar,49,53,21,13,136,0,0,12,3,15,49,53,33,16,151,0,0,0,151
09/21/2018,MDT,PA,AEA,EN,Combined TRACON& Tower with Radar,43,44,21,29,137,0,0,4,0,4,43,44,25,29,141,0,0,0,141
09/22/2018,MDT,PA,AEA,EN,Combined TRACON& Tower with Radar,29,30,7,6,72,0,0,15,0,15,29,30,22,6,87,30,0,30,117
09/23/2018,MDT,PA,AEA,EN,Combined TRACON& Tower with Radar,38,36,9,5,88,0,0,2,0,2,38,36,11,5,90,18,0,18,108
09/24/2018,MDT,PA,AEA,EN,Combined TRACON& Tower with Radar,41,50,22,6,119,0,0,5,0,5,41,50,27,6,124,4,2,6,130
09/25/2018,MDT,PA,AEA,EN,Combined TRACON& Tower with Radar,50,53,20,17,140,0,1,0,0,1,50,54,20,17,141,0,0,0,141
09/26/2018,MDT,PA,AEA,EN,Combined TRACON& Tower with Radar,52,47,30,7,136,0,3,12,0,15,52,50,42,7,151,28,24,52,203
09/27/2018,MDT,PA,AEA,EN,Combined TRACON& Tower with Radar,47,60,27,8,142,0,0,12,2,14,47,60,39,10,156,6,4,10,166
09/28/2018,MDT,PA,AEA,EN,Combined TRACON& Tower with Radar,39,52,18,17,126,0,0,14,2,16,39,52,32,19,142,8,14,22,164
09/29/2018,MDT,PA,AEA,EN,Combined TRACON& Tower with Radar,29,28,5,0,62,0,0,12,0,12,29,28,17,0,74,18,0,18,92
09/30/2018,MDT,PA,AEA,EN,Combined TRACON& Tower with Radar,37,36,10,1,84,0,0,28,0,28,37,36,38,1,112,22,0,22,134
10/01/2018,MDT,PA,AEA,EN,Combined TRACON& Tower with Radar,41,54,22,14,131,0,5,17,2,24,41,59,39,16,155,8,0,8,163
10/02/2018,MDT,PA,AEA,EN,Combined TRACON& Tower with Radar,48,46,29,18,141,0,1,2,18,21,48,47,31,36,162,6,52,58,220
10/03/2018,MDT,PA,AEA,EN,Combined TRACON& Tower with Radar,56,49,14,25,144,0,2,22,7,31,56,51,36,32,175,26,38,64,239
10/04/2018,MDT,PA,AEA,EN,Combined TRACON& Tower with Radar,53,72,28,26,179,0,0,15,8,23,53,72,43,34,202,28,14,42,244
10/05/2018,MDT,PA,AEA,EN,Combined TRACON& Tower with Radar,36,59,19,2,116,0,4,23,5,32,36,63,42,7,148,30,18,48,196
10/06/2018,MDT,PA,AEA,EN,Combined TRACON& Tower with Radar,25,30,6,0,61,0,0,2,0,2,25,30,8,0,63,0,0,0,63
10/07/2018,MDT,PA,AEA,EN,Combined TRACON& Tower with Radar,32,45,13,0,90,0,0,8,0,8,32,45,21,0,98,36,0,36,134
10/08/2018,MDT,PA,AEA,EN,Combined TRACON& Tower with Radar,39,54,23,0,116,0,0,2,0,2,39,54,25,0,118,24,0,24,142
10/09/2018,MDT,PA,AEA,EN,Combined TRACON& Tower with Radar,50,64,22,14,150,0,0,4,4,8,50,64,26,18,158,38,34,72,230
10/10/2018,MDT,PA,AEA,EN,Combined TRACON& Tower with Radar,48,72,31,16,167,0,5,17,1,23,48,77,48,17,190,36,8,44,234
10/11/2018,MDT,PA,AEA,EN,Combined TRACON& Tower with Radar,50,66,17,15,148,0,0,0,0,0,50,66,17,15,148,0,0,0,148
10/12/2018,MDT,PA,AEA,EN,Combined TRACON& Tower with Radar,36,63,27,12,138,0,1,15,9,25,36,64,42,21,163,20,6,26,189
10/13/2018,MDT,PA,AEA,EN,Combined TRACON& Tower with Radar,27,42,25,3,97,0,0,12,3,15,27,42,37,6,112,12,10,22,134
10/14/2018,MDT,PA,AEA,EN,Combined TRACON& Tower with Radar,33,58,16,0,107,0,0,13,0,13,33,58,29,0,120,40,0,40,160
10/15/2018,MDT,PA,AEA,EN,Combined TRACON& Tower with Radar,50,65,25,9,149,0,2,2,4,8,50,67,27,13,157,4,14,18,175
10/16/2018,MDT,PA,AEA,EN,Combined TRACON& Tower with Radar,43,57,23,21,144,0,0,25,15,40,43,57,48,36,184,16,48,64,248
10/17/2018,MDT,PA,AEA,EN,Combined TRACON& Tower with Radar,47,60,22,6,135,0,1,11,5,17,47,61,33,11,152,12,6,18,170
10/18/2018,MDT,PA,AEA,EN,Combined TRACON& Tower with Radar,50,62,21,20,153,0,3,11,9,23,50,65,32,29,176,26,10,36,212
10/19/2018,MDT,PA,AEA,EN,Combined TRACON& Tower with Radar,36,63,15,5,119,0,0,30,4,34,36,63,45,9,153,2,10,12,165
10/20/2018,MDT,PA,AEA,EN,Combined TRACON& Tower with Radar,28,42,15,2,87,0,3,9,0,12,28,45,24,2,99,10,0,10,109
10/21/2018,MDT,PA,AEA,EN,Combined TRACON& Tower with Radar,33,47,8,4,92,0,0,1,0,1,33,47,9,4,93,34,0,34,127
10/22/2018,MDT,PA,AEA,EN,Combined TRACON& Tower with Radar,46,56,14,4,120,0,0,14,1,15,46,56,28,5,135,16,10,26,161
10/23/2018,MDT,PA,AEA,EN,Combined TRACON& Tower with Radar,45,54,20,13,132,0,1,17,2,20,45,55,37,15,152,16,16,32,184
10/24/2018,MDT,PA,AEA,EN,Combined TRACON& Tower with Radar,48,66,23,12,149,0,3,21,6,30,48,69,44,18,179,4,6,10,189
10/25/2018,MDT,PA,AEA,EN,Combined TRACON& Tower with Radar,48,60,31,20,159,0,1,37,4,42,48,61,68,24,201,30,14,44,245
10/26/2018,MDT,PA,AEA,EN,Combined TRACON& Tower with Radar,34,56,13,8,111,0,2,11,0,13,34,58,24,8,124,50,8,58,182
10/27/2018,MDT,PA,AEA,EN,Combined TRACON& Tower with Radar,30,27,4,9,70,0,0,0,0,0,30,27,4,9,70,0,0,0,70
10/28/2018,MDT,PA,AEA,EN,Combined TRACON& Tower with Radar,32,37,13,3,85,0,0,6,2,8,32,37,19,5,93,28,2,30,123
10/29/2018,MDT,PA,AEA,EN,Combined TRACON& Tower with Radar,40,52,24,19,135,0,0,10,3,13,40,52,34,22,148,0,8,8,156
10/30/2018,MDT,PA,AEA,EN,Combined TRACON& Tower with Radar,44,55,16,18,133,0,0,25,6,31,44,55,41,24,164,30,10,40,204
10/31/2018,MDT,PA,AEA,EN,Combined TRACON& Tower with Radar,40,53,29,9,131,0,0,26,3,29,40,53,55,12,160,12,14,26,186
11/01/2018,MDT,PA,AEA,EN,Combined TRACON& Tower with Radar,49,51,5,14,119,0,0,4,4,8,49,51,9,18,127,0,14,14,141
11/02/2018,MDT,PA,AEA,EN,Combined TRACON& Tower with Radar,37,58,13,13,121,0,0,4,5,9,37,58,17,18,130,0,24,24,154
11/03/2018,MDT,PA,AEA,EN,Combined TRACON& Tower with Radar,26,27,7,3,63,0,0,6,3,9,26,27,13,6,72,0,0,0,72
11/04/2018,MDT,PA,AEA,EN,Combined TRACON& Tower with Radar,31,35,13,2,81,0,1,21,0,22,31,36,34,2,103,22,0,22,125
11/05/2018,MDT,PA,AEA,EN,Combined TRACON& Tower with Radar,46,43,14,1,104,0,0,0,0,0,46,43,14,1,104,0,0,0,104
11/06/2018,MDT,PA,AEA,EN,Combined TRACON& Tower with Radar,38,55,8,10,111,0,0,1,11,12,38,55,9,21,123,0,12,12,135
11/07/2018,MDT,PA,AEA,EN,Combined TRACON& Tower with Radar,49,56,40,13,158,0,0,24,5,29,49,56,64,18,187,16,0,16,203
11/08/2018,MDT,PA,AEA,EN,Combined TRACON& Tower with Radar,49,58,18,8,133,0,0,16,7,23,49,58,34,15,156,26,30,56,212
11/09/2018,MDT,PA,AEA,EN,Combined TRACON& Tower with Radar,38,48,13,13,112,0,0,1,2,3,38,48,14,15,115,0,0,0,115
11/10/2018,MDT,PA,AEA,EN,Combined TRACON& Tower with Radar,29,20,4,0,53,0,0,3,0,3,29,20,7,0,56,0,0,0,56
11/11/2018,MDT,PA,AEA,EN,Combined TRACON& Tower with Radar,30,38,7,0,75,0,3,13,0,16,30,41,20,0,91,10,0,10,101
11/12/2018,MDT,PA,AEA,EN,Combined TRACON& Tower with Radar,38,48,13,2,101,0,0,17,2,19,38,48,30,4,120,18,2,20,140
11/13/2018,MDT,PA,AEA,EN,Combined TRACON& Tower with Radar,48,54,24,21,147,0,0,6,10,16,48,54,30,31,163,12,42,54,217
11/14/2018,MDT,PA,AEA,EN,Combined TRACON& Tower with Radar,42,56,19,23,140,0,0,20,5,25,42,56,39,28,165,34,26,60,225
11/15/2018,MDT,PA,AEA,EN,Combined TRACON& Tower with Radar,37,34,4,0,75,0,1,2,0,3,37,35,6,0,78,0,0,0,78
11/16/2018,MDT,PA,AEA,EN,Combined TRACON& Tower with Radar,39,46,12,21,118,0,1,5,12,18,39,47,17,33,136,8,0,8,144
11/17/2018,MDT,PA,AEA,EN,Combined TRACON& Tower with Radar,29,21,8,0,58,0,0,10,1,11,29,21,18,1,69,8,2,10,79
11/18/2018,MDT,PA,AEA,EN,Combined TRACON& Tower with Radar,30,35,5,2,72,0,0,20,0,20,30,35,25,2,92,24,0,24,116
11/19/2018,MDT,PA,AEA,EN,Combined TRACON& Tower with Radar,41,50,7,1,99,0,0,17,3,20,41,50,24,4,119,12,6,18,137
11/20/2018,MDT,PA,AEA,EN,Combined TRACON& Tower with Radar,52,51,11,27,141,0,0,7,14,21,52,51,18,41,162,6,42,48,210
11/21/2018,MDT,PA,AEA,EN,Combined TRACON& Tower with Radar,47,53,7,2,109,0,2,9,0,11,47,55,16,2,120,0,0,0,120
11/22/2018,MDT,PA,AEA,EN,Combined TRACON& Tower with Radar,14,17,2,0,33,0,0,4,0,4,14,17,6,0,37,2,0,2,39
11/23/2018,MDT,PA,AEA,EN,Combined TRACON& Tower with Radar,30,32,6,0,68,0,0,10,1,11,30,32,16,1,79,4,0,4,83
11/24/2018,MDT,PA,AEA,EN,Combined TRACON& Tower with Radar,31,35,7,0,73,0,0,0,0,0,31,35,7,0,73,0,0,0,73
11/25/2018,MDT,PA,AEA,EN,Combined TRACON& Tower with Radar,30,40,6,0,76,0,0,7,0,7,30,40,13,0,83,8,0,8,91
11/26/2018,MDT,PA,AEA,EN,Combined TRACON& Tower with Radar,41,44,11,10,106,0,2,0,0,2,41,46,11,10,108,0,0,0,108
11/27/2018,MDT,PA,AEA,EN,Combined TRACON& Tower with Radar,47,50,13,25,135,0,0,5,19,24,47,50,18,44,159,18,32,50,209
11/28/2018,MDT,PA,AEA,EN,Combined TRACON& Tower with Radar,43,45,22,7,117,0,0,0,3,3,43,45,22,10,120,2,6,8,128
11/29/2018,MDT,PA,AEA,EN,Combined TRACON& Tower with Radar,54,52,28,9,143,0,0,21,4,25,54,52,49,13,168,12,6,18,186
11/30/2018,MDT,PA,AEA,EN,Combined TRACON& Tower with Radar,35,47,17,10,109,0,3,9,0,12,35,50,26,10,121,6,0,6,127
12/01/2018,MDT,PA,AEA,EN,Combined TRACON& Tower with Radar,24,23,5,1,53,0,0,0,3,3,24,23,5,4,56,0,0,0,56
12/02/2018,MDT,PA,AEA,EN,Combined TRACON& Tower with Radar,33,27,6,0,66,0,0,0,0,0,33,27,6,0,66,0,0,0,66
12/03/2018,MDT,PA,AEA,EN,Combined TRACON& Tower with Radar,38,44,11,6,99,0,0,5,0,5,38,44,16,6,104,0,0,0,104
12/04/2018,MDT,PA,AEA,EN,Combined TRACON& Tower with Radar,46,58,23,22,149,0,0,9,6,15,46,58,32,28,164,8,46,54,218
12/05/2018,MDT,PA,AEA,EN,Combined TRACON& Tower with Radar,44,49,18,4,115,0,2,18,4,24,44,51,36,8,139,6,0,6,145
12/06/2018,MDT,PA,AEA,EN,Combined TRACON& Tower with Radar,46,46,23,14,129,0,0,8,6,14,46,46,31,20,143,0,20,20,163
12/07/2018,MDT,PA,AEA,EN,Combined TRACON& Tower with Radar,36,48,23,8,115,0,0,12,0,12,36,48,35,8,127,6,18,24,151
12/08/2018,MDT,PA,AEA,EN,Combined TRACON& Tower with Radar,22,24,4,0,50,0,0,20,0,20,22,24,24,0,70,8,0,8,78
12/09/2018,MDT,PA,AEA,EN,Combined TRACON& Tower with Radar,23,33,2,0,58,0,0,7,0,7,23,33,9,0,65,14,0,14,79
12/10/2018,MDT,PA,AEA,EN,Combined TRACON& Tower with Radar,35,46,19,10,110,0,3,8,2,13,35,49,27,12,123,10,22,32,155
12/11/2018,MDT,PA,AEA,EN,Combined TRACON& Tower with Radar,50,54,35,16,155,0,0,16,7,23,50,54,51,23,178,12,24,36,214
12/12/2018,MDT,PA,AEA,EN,Combined TRACON& Tower with Radar,50,61,31,14,156,0,4,20,10,34,50,65,51,24,190,14,16,30,220
12/13/2018,MDT,PA,AEA,EN,Combined TRACON& Tower with Radar,58,47,10,16,131,0,2,7,7,16,58,49,17,23,147,2,16,18,165
12/14/2018,MDT,PA,AEA,EN,Combined TRACON& Tower with Radar,36,34,6,8,84,0,0,1,0,1,36,34,7,8,85,0,0,0,85
12/15/2018,MDT,PA,AEA,EN,Combined TRACON& Tower with Radar,33,25,6,2,66,0,2,0,0,2,33,27,6,2,68,0,0,0,68
12/16/2018,MDT,PA,AEA,EN,Combined TRACON& Tower with Radar,37,34,1,0,72,0,0,0,0,0,37,34,1,0,72,0,0,0,72
12/17/2018,MDT,PA,AEA,EN,Combined TRACON& Tower with Radar,50,46,18,13,127,0,0,14,1,15,50,46,32,14,142,4,10,14,156
12/18/2018,MDT,PA,AEA,EN,Combined TRACON& Tower with Radar,55,50,19,31,155,0,0,9,7,16,55,50,28,38,171,0,12,12,183
12/19/2018,MDT,PA,AEA,EN,Combined TRACON& Tower with Radar,55,44,14,35,148,0,2,25,6,33,55,46,39,41,181,24,16,40,221
12/20/2018,MDT,PA,AEA,EN,Combined TRACON& Tower with Radar,54,47,29,10,140,0,1,2,0,3,54,48,31,10,143,0,0,0,143
12/21/2018,MDT,PA,AEA,EN,Combined TRACON& Tower with Radar,52,53,14,10,129,0,0,1,0,1,52,53,15,10,130,14,0,14,144
12/22/2018,MDT,PA,AEA,EN,Combined TRACON& Tower with Radar,30,33,2,0,65,0,0,0,0,0,30,33,2,0,65,12,0,12,77
12/23/2018,MDT,PA,AEA,EN,Combined TRACON& Tower with Radar,29,36,1,0,66,0,0,8,0,8,29,36,9,0,74,16,0,16,90
12/24/2018,MDT,PA,AEA,EN,Combined TRACON& Tower with Radar,21,36,2,0,59,0,0,10,1,11,21,36,12,1,70,8,0,8,78
12/25/2018,MDT,PA,AEA,EN,Combined TRACON& Tower with Radar,21,26,4,0,51,0,0,5,0,5,21,26,9,0,56,0,0,0,56
12/26/2018,MDT,PA,AEA,EN,Combined TRACON& Tower with Radar,36,46,8,0,90,0,2,9,0,11,36,48,17,0,101,4,0,4,105
12/27/2018,MDT,PA,AEA,EN,Combined TRACON& Tower with Radar,41,49,5,10,105,0,4,5,1,10,41,53,10,11,115,10,12,22,137
12/28/2018,MDT,PA,AEA,EN,Combined TRACON& Tower with Radar,35,45,9,2,91,0,0,1,0,1,35,45,10,2,92,12,0,12,104
12/29/2018,MDT,PA,AEA,EN,Combined TRACON& Tower with Radar,24,31,14,2,71,0,2,3,0,5,24,33,17,2,76,32,0,32,108
12/30/2018,MDT,PA,AEA,EN,Combined TRACON& Tower with Radar,27,33,7,0,67,0,0,5,0,5,27,33,12,0,72,14,0,14,86
12/31/2018,MDT,PA,AEA,EN,Combined TRACON& Tower with Radar,27,32,7,0,66,0,0,2,0,2,27,32,9,0,68,0,0,0,68
01/01/2019,MDT,PA,AEA,EN,Combined TRACON& Tower with Radar,25,27,5,0,57,0,0,2,0,2,25,27,7,0,59,4,0,4,63
01/02/2019,MDT,PA,AEA,EN,Combined TRACON& Tower with Radar,45,48,6,22,121,0,4,7,0,11,45,52,13,22,132,0,6,6,138
01/03/2019,MDT,PA,AEA,EN,Combined TRACON& Tower with Radar,40,45,9,30,124,0,3,6,25,34,40,48,15,55,158,0,72,72,230
01/04/2019,MDT,PA,AEA,EN,Combined TRACON& Tower with Radar,31,44,19,16,110,0,1,2,6,9,31,45,21,22,119,0,34,34,153
01/05/2019,MDT,PA,AEA,EN,Combined TRACON& Tower with Radar,20,38,3,0,61,0,2,2,0,4,20,40,5,0,65,6,0,6,71
01/06/2019,MDT,PA,AEA,EN,Combined TRACON& Tower with Radar,26,40,10,2,78,0,0,8,0,8,26,40,18,2,86,10,0,10,96
01/07/2019,MDT,PA,AEA,EN,Combined TRACON& Tower with Radar,33,46,10,19,108,0,1,3,6,10,33,47,13,25,118,0,28,28,146
01/08/2019,MDT,PA,AEA,EN,Combined TRACON& Tower with Radar,39,48,13,18,118,0,0,0,0,0,39,48,13,18,118,0,0,0,118
01/09/2019,MDT,PA,AEA,EN,Combined TRACON& Tower with Radar,36,53,10,15,114,0,1,1,7,9,36,54,11,22,123,0,40,40,163
01/10/2019,MDT,PA,AEA,EN,Combined TRACON& Tower with Radar,44,50,9,15,118,0,2,1,6,9,44,52,10,21,127,0,10,10,137
01/11/2019,MDT,PA,AEA,EN,Combined TRACON& Tower with Radar,35,52,13,6,106,0,2,15,7,24,35,54,28,13,130,10,8,18,148
01/12/2019,MDT,PA,AEA,EN,Combined TRACON& Tower with Radar,19,28,3,1,51,0,1,12,1,14,19,29,15,2,65,18,2,20,85
01/13/2019,MDT,PA,AEA,EN,Combined TRACON& Tower with Radar,36,33,9,4,82,0,0,1,0,1,36,33,10,4,83,0,0,0,83
01/14/2019,MDT,PA,AEA,EN,Combined TRACON& Tower with Radar,34,45,17,6,102,0,0,8,0,8,34,45,25,6,110,0,0,0,110
01/15/2019,MDT,PA,AEA,EN,Combined TRACON& Tower with Radar,36,53,21,17,127,0,0,19,9,28,36,53,40,26,155,8,10,18,173
01/16/2019,MDT,PA,AEA,EN,Combined TRACON& Tower with Radar,34,49,18,6,107,0,2,16,5,23,34,51,34,11,130,4,4,8,138
01/17/2019,MDT,PA,AEA,EN,Combined TRACON& Tower with Radar,41,47,21,4,113,0,0,9,0,9,41,47,30,4,122,0,12,12,134
01/18/2019,MDT,PA,AEA,EN,Combined TRACON& Tower with Radar,31,53,3,0,87,0,0,0,0,0,31,53,3,0,87,0,0,0,87
01/19/2019,MDT,PA,AEA,EN,Combined TRACON& Tower with Radar,13,23,1,4,41,0,0,2,0,2,13,23,3,4,43,0,0,0,43
01/20/2019,MDT,PA,AEA,EN,Combined TRACON& Tower with Radar,18,32,1,2,53,0,2,1,0,3,18,34,2,2,56,10,0,10,66
01/21/2019,MDT,PA,AEA,EN,Combined TRACON& Tower with Radar,31,46,15,0,92,0,0,0,0,0,31,46,15,0,92,0,0,0,92
01/22/2019,MDT,PA,AEA,EN,Combined TRACON& Tower with Radar,38,46,13,8,105,0,0,14,4,18,38,46,27,12,123,0,4,4,127
01/23/2019,MDT,PA,AEA,EN,Combined TRACON& Tower with Radar,33,42,12,6,93,0,0,2,4,6,33,42,14,10,99,0,2,2,101
01/24/2019,MDT,PA,AEA,EN,Combined TRACON& Tower with Radar,43,56,18,25,142,0,0,0,7,7,43,56,18,32,149,0,14,14,163
01/25/2019,MDT,PA,AEA,EN,Combined TRACON& Tower with Radar,31,54,9,8,102,0,0,14,1,15,31,54,23,9,117,2,0,2,119
01/26/2019,MDT,PA,AEA,EN,Combined TRACON& Tower with Radar,21,26,6,2,55,0,0,15,2,17,21,26,21,4,72,0,0,0,72
01/27/2019,MDT,PA,AEA,EN,Combined TRACON& Tower with Radar,27,39,6,5,77,0,0,13,1,14,27,39,19,6,91,42,24,66,157
01/28/2019,MDT,PA,AEA,EN,Combined TRACON& Tower with Radar,32,41,13,13,99,0,0,21,1,22,32,41,34,14,121,26,0,26,147
01/29/2019,MDT,PA,AEA,EN,Combined TRACON& Tower with Radar,38,51,16,0,105,0,2,0,0,2,38,53,16,0,107,0,0,0,107
01/30/2019,MDT,PA,AEA,EN,Combined TRACON& Tower with Radar,32,44,27,4,107,0,0,7,0,7,32,44,34,4,114,0,0,0,114
01/31/2019,MDT,PA,AEA,EN,Combined TRACON& Tower with Radar,40,50,22,17,129,0,2,13,6,21,40,52,35,23,150,6,8,14,164
02/01/2019,MDT,PA,AEA,EN,Combined TRACON& Tower with Radar,30,50,8,0,88,0,0,2,0,2,30,50,10,0,90,8,0,8,98
02/02/2019,MDT,PA,AEA,EN,Combined TRACON& Tower with Radar,22,31,9,0,62,0,0,6,0,6,22,31,15,0,68,4,0,4,72
02/03/2019,MDT,PA,AEA,EN,Combined TRACON& Tower with Radar,26,34,11,0,71,0,0,8,0,8,26,34,19,0,79,2,0,2,81
02/04/2019,MDT,PA,AEA,EN,Combined TRACON& Tower with Radar,32,42,21,7,102,0,1,12,7,20,32,43,33,14,122,26,28,54,176
02/05/2019,MDT,PA,AEA,EN,Combined TRACON& Tower with Radar,35,49,26,14,124,0,0,19,9,28,35,49,45,23,152,34,18,52,204
02/06/2019,MDT,PA,AEA,EN,Combined TRACON& Tower with Radar,31,40,14,4,89,0,1,15,2,18,31,41,29,6,107,0,0,0,107
02/07/2019,MDT,PA,AEA,EN,Combined TRACON& Tower with Radar,34,28,15,0,77,0,0,0,0,0,34,28,15,0,77,0,0,0,77
02/08/2019,MDT,PA,AEA,EN,Combined TRACON& Tower with Radar,21,20,9,4,54,0,0,3,0,3,21,20,12,4,57,0,0,0,57
02/09/2019,MDT,PA,AEA,EN,Combined TRACON& Tower with Radar,12,17,3,0,32,0,2,0,0,2,12,19,3,0,34,0,0,0,34
02/10/2019,MDT,PA,AEA,EN,Combined TRACON& Tower with Radar,17,29,10,4,60,0,0,11,0,11,17,29,21,4,71,0,0,0,71
02/11/2019,MDT,PA,AEA,EN,Combined TRACON& Tower with Radar,35,45,24,0,104,0,0,0,0,0,35,45,24,0,104,0,0,0,104
02/12/2019,MDT,PA,AEA,EN,Combined TRACON& Tower with Radar,32,32,12,0,76,0,0,0,0,0,32,32,12,0,76,0,0,0,76
02/13/2019,MDT,PA,AEA,EN,Combined TRACON& Tower with Radar,38,51,25,4,118,0,0,0,2,2,38,51,25,6,120,0,0,0,120
02/14/2019,MDT,PA,AEA,EN,Combined TRACON& Tower with Radar,43,52,22,10,127,0,0,15,0,15,43,52,37,10,142,2,24,26,168
02/15/2019,MDT,PA,AEA,EN,Combined TRACON& Tower with Radar,35,53,10,14,112,0,2,9,2,13,35,55,19,16,125,0,0,0,125
02/16/2019,MDT,PA,AEA,EN,Combined TRACON& Tower with Radar,20,26,11,0,57,0,1,19,0,20,20,27,30,0,77,0,0,0,77
02/17/2019,MDT,PA,AEA,EN,Combined TRACON& Tower with Radar,25,31,7,2,65,0,0,7,0,7,25,31,14,2,72,0,0,0,72
02/18/2019,MDT,PA,AEA,EN,Combined TRACON& Tower with Radar,34,49,10,2,95,0,0,3,0,3,34,49,13,2,98,0,0,0,98
02/19/2019,MDT,PA,AEA,EN,Combined TRACON& Tower with Radar,49,54,25,2,130,0,0,21,4,25,49,54,46,6,155,0,0,0,155
02/20/2019,MDT,PA,AEA,EN,Combined TRACON& Tower with Radar,27,28,7,0,62,0,0,0,0,0,27,28,7,0,62,0,0,0,62
02/21/2019,MDT,PA,AEA,EN,Combined TRACON& Tower with Radar,46,47,23,24,140,0,0,9,12,21,46,47,32,36,161,4,42,46,207
02/22/2019,MDT,PA,AEA,EN,Combined TRACON& Tower with Radar,35,49,13,12,109,0,4,14,2,20,35,53,27,14,129,4,0,4,133
02/23/2019,MDT,PA,AEA,EN,Combined TRACON& Tower with Radar,22,29,5,0,56,0,0,3,0,3,22,29,8,0,59,0,0,0,59
02/24/2019,MDT,PA,AEA,EN,Combined TRACON& Tower with Radar,35,42,2,0,79,0,2,0,0,2,35,44,2,0,81,0,0,0,81
02/25/2019,MDT,PA,AEA,EN,Combined TRACON& Tower with Radar,39,47,10,2,98,0,0,0,0,0,39,47,10,2,98,0,0,0,98
02/26/2019,MDT,PA,AEA,EN,Combined TRACON& Tower with Radar,43,55,28,32,158,0,3,15,14,32,43,58,43,46,190,18,38,56,246
02/27/2019,MDT,PA,AEA,EN,Combined TRACON& Tower with Radar,42,48,16,17,123,0,3,11,6,20,42,51,27,23,143,2,12,14,157
02/28/2019,MDT,PA,AEA,EN,Combined TRACON& Tower with Radar,44,45,29,12,130,0,0,23,3,26,44,45,52,15,156,8,0,8,164
03/01/2019,MDT,PA,AEA,EN,Combined TRACON& Tower with Radar,34,50,7,7,98,0,0,0,0,0,34,50,7,7,98,0,0,0,98
03/02/2019,MDT,PA,AEA,EN,Combined TRACON& Tower with Radar,32,25,6,0,63,0,0,2,0,2,32,25,8,0,65,0,0,0,65
03/03/2019,MDT,PA,AEA,EN,Combined TRACON& Tower with Radar,27,27,3,0,57,0,0,1,0,1,27,27,4,0,58,0,0,0,58
03/04/2019,MDT,PA,AEA,EN,Combined TRACON& Tower with Radar,40,41,14,12,107,0,0,6,7,13,40,41,20,19,120,4,42,46,166
03/05/2019,MDT,PA,AEA,EN,Combined TRACON& Tower with Radar,44,57,15,5,121,0,2,17,6,25,44,59,32,11,146,8,8,16,162
03/06/2019,MDT,PA,AEA,EN,Combined TRACON& Tower with Radar,42,50,20,6,118,0,2,9,4,15,42,52,29,10,133,12,12,24,157
03/07/2019,MDT,PA,AEA,EN,Combined TRACON& Tower with Radar,48,45,7,7,107,0,2,16,3,21,48,47,23,10,128,12,8,20,148
03/08/2019,MDT,PA,AEA,EN,Combined TRACON& Tower with Radar,36,50,13,18,117,0,2,1,0,3,36,52,14,18,120,0,12,12,132
03/09/2019,MDT,PA,AEA,EN,Combined TRACON& Tower with Radar,34,30,5,2,71,0,0,13,0,13,34,30,18,2,84,0,10,10,94
03/10/2019,MDT,PA,AEA,EN,Combined TRACON& Tower with Radar,28,33,5,11,77,0,0,4,0,4,28,33,9,11,81,0,0,0,81
03/11/2019,MDT,PA,AEA,EN,Combined TRACON& Tower with Radar,41,44,17,0,102,0,0,16,0,16,41,44,33,0,118,4,0,4,122
03/12/2019,MDT,PA,AEA,EN,Combined TRACON& Tower with Radar,42,54,19,18,133,0,3,17,11,31,42,57,36,29,164,0,24,24,188
03/13/2019,MDT,PA,AEA,EN,Combined TRACON& Tower with Radar,40,55,13,16,124,0,3,18,2,23,40,58,31,18,147,0,18,18,165
03/14/2019,MDT,PA,AEA,EN,Combined TRACON& Tower with Radar,41,52,21,5,119,0,1,13,5,19,41,53,34,10,138,14,6,20,158
03/15/2019,MDT,PA,AEA,EN,Combined TRACON& Tower with Radar,47,59,25,10,141,0,3,4,5,12,47,62,29,15,153,0,30,30,183
03/16/2019,MDT,PA,AEA,EN,Combined TRACON& Tower with Radar,32,29,2,0,63,0,0,2,0,2,32,29,4,0,65,0,0,0,65
03/17/2019,MDT,PA,AEA,EN,Combined TRACON& Tower with Radar,35,39,6,2,82,0,0,13,0,13,35,39,19,2,95,0,0,0,95
03/18/2019,MDT,PA,AEA,EN,Combined TRACON& Tower with Radar,38,47,15,2,102,0,3,11,4,18,38,50,26,6,120,0,6,6,126
03/19/2019,MDT,PA,AEA,EN,Combined TRACON& Tower with Radar,42,50,19,9,120,0,0,12,8,20,42,50,31,17,140,0,34,34,174
03/20/2019,MDT,PA,AEA,EN,Combined TRACON& Tower with Radar,42,54,37,8,141,0,0,27,2,29,42,54,64,10,170,2,16,18,188
03/21/2019,MDT,PA,AEA,EN,Combined TRACON& Tower with Radar,41,48,23,10,122,0,0,0,0,0,41,48,23,10,122,0,0,0,122
03/22/2019,MDT,PA,AEA,EN,Combined TRACON& Tower with Radar,35,58,11,2,106,0,5,2,0,7,35,63,13,2,113,0,0,0,113
03/23/2019,MDT,PA,AEA,EN,Combined TRACON& Tower with Radar,30,26,10,0,66,0,0,10,0,10,30,26,20,0,76,0,0,0,76
03/24/2019,MDT,PA,AEA,EN,Combined TRACON& Tower with Radar,29,39,15,0,83,0,2,8,0,10,29,41,23,0,93,4,0,4,97
03/25/2019,MDT,PA,AEA,EN,Combined TRACON& Tower with Radar,39,48,19,3,109,0,2,5,1,8,39,50,24,4,117,0,26,26,143
03/26/2019,MDT,PA,AEA,EN,Combined TRACON& Tower with Radar,41,52,24,16,133,0,1,18,15,34,41,53,42,31,167,0,44,44,211
03/27/2019,MDT,PA,AEA,EN,Combined TRACON& Tower with Radar,43,49,15,8,115,0,0,15,10,25,43,49,30,18,140,6,12,18,158
03/28/2019,MDT,PA,AEA,EN,Combined TRACON& Tower with Radar,46,46,13,9,114,0,3,8,1,12,46,49,21,10,126,0,28,28,154
03/29/2019,MDT,PA,AEA,EN,Combined TRACON& Tower with Radar,35,54,19,11,119,0,4,10,5,19,35,58,29,16,138,4,0,4,142
03/30/2019,MDT,PA,AEA,EN,Combined TRACON& Tower with Radar,29,29,2,0,60,0,0,9,0,9,29,29,11,0,69,0,0,0,69
03/31/2019,MDT,PA,AEA,EN,Combined TRACON& Tower with Radar,34,39,7,1,81,0,0,3,0,3,34,39,10,1,84,0,0,0,84
04/01/2019,MDT,PA,AEA,EN,Combined TRACON& Tower with Radar,42,45,20,7,114,0,0,14,3,17,42,45,34,10,131,10,14,24,155
04/02/2019,MDT,PA,AEA,EN,Combined TRACON& Tower with Radar,48,47,8,7,110,0,0,14,5,19,48,47,22,12,129,16,0,16,145
04/03/2019,MDT,PA,AEA,EN,Combined TRACON& Tower with Radar,48,44,14,17,123,0,0,8,7,15,48,44,22,24,138,0,22,22,160
04/04/2019,MDT,PA,AEA,EN,Combined TRACON& Tower with Radar,49,44,21,15,129,0,2,14,3,19,49,46,35,18,148,0,6,6,154
04/05/2019,MDT,PA,AEA,EN,Combined TRACON& Tower with Radar,40,51,10,11,112,0,1,3,0,4,40,52,13,11,116,0,0,0,116
04/06/2019,MDT,PA,AEA,EN,Combined TRACON& Tower with Radar,31,29,8,2,70,0,0,7,6,13,31,29,15,8,83,8,0,8,91
04/07/2019,MDT,PA,AEA,EN,Combined TRACON& Tower with Radar,32,35,10,6,83,0,0,6,0,6,32,35,16,6,89,8,0,8,97
04/08/2019,MDT,PA,AEA,EN,Combined TRACON& Tower with Radar,43,40,14,1,98,0,0,5,1,6,43,40,19,2,104,6,0,6,110
04/09/2019,MDT,PA,AEA,EN,Combined TRACON& Tower with Radar,51,50,23,18,142,0,0,11,4,15,51,50,34,22,157,0,10,10,167
04/10/2019,MDT,PA,AEA,EN,Combined TRACON& Tower with Radar,48,46,22,2,118,0,0,19,2,21,48,46,41,4,139,14,0,14,153
04/11/2019,MDT,PA,AEA,EN,Combined TRACON& Tower with Radar,49,51,19,9,128,0,4,17,6,27,49,55,36,15,155,14,16,30,185
04/12/2019,MDT,PA,AEA,EN,Combined TRACON& Tower with Radar,41,49,17,13,120,0,0,3,6,9,41,49,20,19,129,0,26,26,155
04/13/2019,MDT,PA,AEA,EN,Combined TRACON& Tower with Radar,30,29,11,18,88,0,2,13,2,17,30,31,24,20,105,6,14,20,125
04/14/2019,MDT,PA,AEA,EN,Combined TRACON& Tower with Radar,35,33,0,0,68,0,0,1,0,1,35,33,1,0,69,0,0,0,69
04/15/2019,MDT,PA,AEA,EN,Combined TRACON& Tower with Radar,45,53,11,1,110,0,0,1,0,1,45,53,12,1,111,0,0,0,111
04/16/2019,MDT,PA,AEA,EN,Combined TRACON& Tower with Radar,51,49,9,9,118,0,2,22,3,27,51,51,31,12,145,6,8,14,159
04/17/2019,MDT,PA,AEA,EN,Combined TRACON& Tower with Radar,48,48,18,6,120,0,1,18,13,32,48,49,36,19,152,14,10,24,176
04/18/2019,MDT,PA,AEA,EN,Combined TRACON& Tower with Radar,50,48,14,19,131,0,0,8,0,8,50,48,22,19,139,0,4,4,143
04/19/2019,MDT,PA,AEA,EN,Combined TRACON& Tower with Radar,31,42,11,6,90,0,0,4,9,13,31,42,15,15,103,0,6,6,109
04/20/2019,MDT,PA,AEA,EN,Combined TRACON& Tower with Radar,38,31,3,0,72,0,0,6,0,6,38,31,9,0,78,0,0,0,78
04/21/2019,MDT,PA,AEA,EN,Combined TRACON& Tower with Radar,34,34,2,2,72,0,0,7,2,9,34,34,9,4,81,0,0,0,81
04/22/2019,MDT,PA,AEA,EN,Combined TRACON& Tower with Radar,45,40,23,1,109,0,0,17,0,17,45,40,40,1,126,0,0,0,126
04/23/2019,MDT,PA,AEA,EN,Combined TRACON& Tower with Radar,50,44,19,19,132,0,0,28,13,41,50,44,47,32,173,0,38,38,211
04/24/2019,MDT,PA,AEA,EN,Combined TRACON& Tower with Radar,48,48,20,11,127,0,4,22,3,29,48,52,42,14,156,0,10,10,166
04/25/2019,MDT,PA,AEA,EN,Combined TRACON& Tower with Radar,51,45,14,11,121,0,0,5,2,7,51,45,19,13,128,10,8,18,146
04/26/2019,MDT,PA,AEA,EN,Combined TRACON& Tower with Radar,41,49,13,8,111,0,0,0,0,0,41,49,13,8,111,0,6,6,117
04/27/2019,MDT,PA,AEA,EN,Combined TRACON& Tower with Radar,31,27,1,3,62,0,1,10,0,11,31,28,11,3,73,0,0,0,73
04/28/2019,MDT,PA,AEA,EN,Combined TRACON& Tower with Radar,35,35,12,2,84,0,0,1,0,1,35,35,13,2,85,0,0,0,85
04/29/2019,MDT,PA,AEA,EN,Combined TRACON& Tower with Radar,46,42,21,15,124,0,0,18,4,22,46,42,39,19,146,2,6,8,154
04/30/2019,MDT,PA,AEA,EN,Combined TRACON& Tower with Radar,49,46,29,15,139,0,3,8,11,22,49,49,37,26,161,4,28,32,193
05/01/2019,MDT,PA,AEA,EN,Combined TRACON& Tower with Radar,54,50,24,14,142,0,1,6,2,9,54,51,30,16,151,0,0,0,151
05/02/2019,MDT,PA,AEA,EN,Combined TRACON& Tower with Radar,59,54,23,13,149,0,0,4,7,11,59,54,27,20,160,0,2,2,162
05/03/2019,MDT,PA,AEA,EN,Combined TRACON& Tower with Radar,44,44,15,8,111,0,0,0,0,0,44,44,15,8,111,0,0,0,111
05/04/2019,MDT,PA,AEA,EN,Combined TRACON& Tower with Radar,32,23,9,0,64,0,2,1,0,3,32,25,10,0,67,0,0,0,67
05/05/2019,MDT,PA,AEA,EN,Combined TRACON& Tower with Radar,35,35,5,0,75,0,1,0,0,1,35,36,5,0,76,0,0,0,76
05/06/2019,MDT,PA,AEA,EN,Combined TRACON& Tower with Radar,51,46,25,6,128,0,1,11,0,12,51,47,36,6,140,0,0,0,140
05/07/2019,MDT,PA,AEA,EN,Combined TRACON& Tower with Radar,52,52,22,10,136,0,1,13,10,24,52,53,35,20,160,18,28,46,206
05/08/2019,MDT,PA,AEA,EN,Combined TRACON& Tower with Radar,56,54,22,2,134,0,0,10,5,15,56,54,32,7,149,2,8,10,159
05/09/2019,MDT,PA,AEA,EN,Combined TRACON& Tower with Radar,50,44,26,12,132,0,0,3,0,3,50,44,29,12,135,0,0,0,135
05/10/2019,MDT,PA,AEA,EN,Combined TRACON& Tower with Radar,50,49,19,18,136,0,4,5,2,11,50,53,24,20,147,2,4,6,153
05/11/2019,MDT,PA,AEA,EN,Combined TRACON& Tower with Radar,33,24,12,0,69,0,0,10,0,10,33,24,22,0,79,0,0,0,79
05/12/2019,MDT,PA,AEA,EN,Combined TRACON& Tower with Radar,31,32,3,2,68,0,0,0,0,0,31,32,3,2,68,0,0,0,68
05/13/2019,MDT,PA,AEA,EN,Combined TRACON& Tower with Radar,48,49,18,10,125,0,0,0,0,0,48,49,18,10,125,0,0,0,125
05/14/2019,MDT,PA,AEA,EN,Combined TRACON& Tower with Radar,48,47,31,7,133,0,0,11,0,11,48,47,42,7,144,0,0,0,144
05/15/2019,MDT,PA,AEA,EN,Combined TRACON& Tower with Radar,54,59,21,33,167,0,1,18,6,25,54,60,39,39,192,12,68,80,272
05/16/2019,MDT,PA,AEA,EN,Combined TRACON& Tower with Radar,48,47,13,6,114,0,0,20,16,36,48,47,33,22,150,0,12,12,162
05/17/2019,MDT,PA,AEA,EN,Combined TRACON& Tower with Radar,45,45,17,7,114,0,3,16,4,23,45,48,33,11,137,0,8,8,145
05/18/2019,MDT,PA,AEA,EN,Combined TRACON& Tower with Radar,31,28,20,1,80,0,1,13,4,18,31,29,33,5,98,18,12,30,128
05/19/2019,MDT,PA,AEA,EN,Combined TRACON& Tower with Radar,33,33,9,2,77,0,0,4,0,4,33,33,13,2,81,0,0,0,81
05/20/2019,MDT,PA,AEA,EN,Combined TRACON& Tower with Radar,51,37,23,15,126,0,2,18,5,25,51,39,41,20,151,54,10,64,215
05/21/2019,MDT,PA,AEA,EN,Combined TRACON& Tower with Radar,44,52,33,15,144,0,1,22,18,41,44,53,55,33,185,14,24,38,223
05/22/2019,MDT,PA,AEA,EN,Combined TRACON& Tower with Radar,54,44,21,23,142,0,4,21,3,28,54,48,42,26,170,0,14,14,184
05/23/2019,MDT,PA,AEA,EN,Combined TRACON& Tower with Radar,52,54,22,5,133,0,3,13,3,19,52,57,35,8,152,0,0,0,152
05/24/2019,MDT,PA,AEA,EN,Combined TRACON& Tower with Radar,42,54,10,3,109,0,2,8,7,17,42,56,18,10,126,0,4,4,130
05/25/2019,MDT,PA,AEA,EN,Combined TRACON& Tower with Radar,27,25,4,0,56,0,0,13,0,13,27,25,17,0,69,0,0,0,69
05/26/2019,MDT,PA,AEA,EN,Combined TRACON& Tower with Radar,30,28,3,0,61,0,0,9,0,9,30,28,12,0,70,0,0,0,70
05/27/2019,MDT,PA,AEA,EN,Combined TRACON& Tower with Radar,32,27,7,2,68,0,1,14,1,16,32,28,21,3,84,4,20,24,108
05/28/2019,MDT,PA,AEA,EN,Combined TRACON& Tower with Radar,57,42,14,15,128,0,0,5,0,5,57,42,19,15,133,0,0,0,133
05/29/2019,MDT,PA,AEA,EN,Combined TRACON& Tower with Radar,56,40,16,4,116,0,0,8,0,8,56,40,24,4,124,0,0,0,124
05/30/2019,MDT,PA,AEA,EN,Combined TRACON& Tower with Radar,52,51,12,16,131,0,1,10,5,16,52,52,22,21,147,18,8,26,173
05/31/2019,MDT,PA,AEA,EN,Combined TRACON& Tower with Radar,44,49,22,11,126,0,0,19,3,22,44,49,41,14,148,8,6,14,162
06/01/2019,MDT,PA,AEA,EN,Combined TRACON& Tower with Radar,30,28,18,0,76,0,0,16,2,18,30,28,34,2,94,4,4,8,102
06/02/2019,MDT,PA,AEA,EN,Combined TRACON& Tower with Radar,33,37,12,0,82,0,0,3,0,3,33,37,15,0,85,4,0,4,89
06/03/2019,MDT,PA,AEA,EN,Combined TRACON& Tower with Radar,51,37,17,8,113,0,2,17,0,19,51,39,34,8,132,0,0,0,132
06/04/2019,MDT,PA,AEA,EN,Combined TRACON& Tower with Radar,46,46,25,11,128,0,0,20,8,28,46,46,45,19,156,0,20,20,176
06/05/2019,MDT,PA,AEA,EN,Combined TRACON& Tower with Radar,53,44,24,6,127,0,2,11,8,21,53,46,35,14,148,4,14,18,166
06/06/2019,MDT,PA,AEA,EN,Combined TRACON& Tower with Radar,51,44,24,13,132,0,1,18,2,21,51,45,42,15,153,0,26,26,179
06/07/2019,MDT,PA,AEA,EN,Combined TRACON& Tower with Radar,45,53,9,14,121,0,1,5,5,11,45,54,14,19,132,0,18,18,150
06/08/2019,MDT,PA,AEA,EN,Combined TRACON& Tower with Radar,34,29,4,2,69,0,2,18,3,23,34,31,22,5,92,32,4,36,128
06/09/2019,MDT,PA,AEA,EN,Combined TRACON& Tower with Radar,33,39,16,6,94,0,2,17,2,21,33,41,33,8,115,16,0,16,131
06/10/2019,MDT,PA,AEA,EN,Combined TRACON& Tower with Radar,53,41,14,8,116,0,0,1,0,1,53,41,15,8,117,0,0,0,117
06/11/2019,MDT,PA,AEA,EN,Combined TRACON& Tower with Radar,41,58,11,17,127,0,1,20,9,30,41,59,31,26,157,4,14,18,175
06/12/2019,MDT,PA,AEA,EN,Combined TRACON& Tower with Radar,47,33,18,8,106,0,0,22,5,27,47,33,40,13,133,18,10,28,161
06/13/2019,MDT,PA,AEA,EN,Combined TRACON& Tower with Radar,47,50,20,4,121,0,0,3,0,3,47,50,23,4,124,0,0,0,124
06/14/2019,MDT,PA,AEA,EN,Combined TRACON& Tower with Radar,54,55,9,16,134,0,2,12,3,17,54,57,21,19,151,2,6,8,159
06/15/2019,MDT,PA,AEA,EN,Combined TRACON& Tower with Radar,38,34,11,0,83,0,0,15,2,17,38,34,26,2,100,0,0,0,100
06/16/2019,MDT,PA,AEA,EN,Combined TRACON& Tower with Radar,34,35,4,2,75,0,2,8,0,10,34,37,12,2,85,10,0,10,95
06/17/2019,MDT,PA,AEA,EN,Combined TRACON& Tower with Radar,45,46,21,2,114,0,2,4,0,6,45,48,25,2,120,0,0,0,120
06/18/2019,MDT,PA,AEA,EN,Combined TRACON& Tower with Radar,43,56,28,11,138,0,2,9,8,19,43,58,37,19,157,24,22,46,203
06/19/2019,MDT,PA,AEA,EN,Combined TRACON& Tower with Radar,51,49,18,11,129,0,0,4,5,9,51,49,22,16,138,0,20,20,158
06/20/2019,MDT,PA,AEA,EN,Combined TRACON& Tower with Radar,48,48,26,33,155,0,0,7,0,7,48,48,33,33,162,0,0,0,162
06/21/2019,MDT,PA,AEA,EN,Combined TRACON& Tower with Radar,40,55,10,8,113,0,0,6,1,7,40,55,16,9,120,24,4,28,148
06/22/2019,MDT,PA,AEA,EN,Combined TRACON& Tower with Radar,35,31,6,6,78,0,0,24,2,26,35,31,30,8,104,2,0,2,106
06/23/2019,MDT,PA,AEA,EN,Combined TRACON& Tower with Radar,33,39,8,3,83,0,2,8,0,10,33,41,16,3,93,8,0,8,101
06/24/2019,MDT,PA,AEA,EN,Combined TRACON& Tower with Radar,49,48,13,6,116,0,4,22,3,29,49,52,35,9,145,0,14,14,159
06/25/2019,MDT,PA,AEA,EN,Combined TRACON& Tower with Radar,44,50,29,15,138,0,0,12,2,14,44,50,41,17,152,22,28,50,202
06/26/2019,MDT,PA,AEA,EN,Combined TRACON& Tower with Radar,53,49,24,9,135,1,4,20,7,32,54,53,44,16,167,0,0,0,167
06/27/2019,MDT,PA,AEA,EN,Combined TRACON& Tower with Radar,50,49,15,8,122,0,0,20,7,27,50,49,35,15,149,0,0,0,149
06/28/2019,MDT,PA,AEA,EN,Combined TRACON& Tower with Radar,43,40,23,8,114,0,2,15,8,25,43,42,38,16,139,0,4,4,143
06/29/2019,MDT,PA,AEA,EN,Combined TRACON& Tower with Radar,39,29,16,0,84,0,0,14,0,14,39,29,30,0,98,10,0,10,108
06/30/2019,MDT,PA,AEA,EN,Combined TRACON& Tower with Radar,31,30,10,1,72,0,0,7,0,7,31,30,17,1,79,0,0,0,79
07/01/2019,MDT,PA,AEA,EN,Combined TRACON& Tower with Radar,38,34,18,0,90,0,0,14,0,14,38,34,32,0,104,8,0,8,112
07/02/2019,MDT,PA,AEA,EN,Combined TRACON& Tower with Radar,44,43,11,8,106,0,2,21,0,23,44,45,32,8,129,0,12,12,141
07/03/2019,MDT,PA,AEA,EN,Combined TRACON& Tower with Radar,43,38,5,3,89,0,4,16,0,20,43,42,21,3,109,0,0,0,109
07/04/2019,MDT,PA,AEA,EN,Combined TRACON& Tower with Radar,29,23,5,0,57,0,0,6,0,6,29,23,11,0,63,6,0,6,69
07/05/2019,MDT,PA,AEA,EN,Combined TRACON& Tower with Radar,36,31,10,1,78,0,0,7,0,7,36,31,17,1,85,0,0,0,85
07/06/2019,MDT,PA,AEA,EN,Combined TRACON& Tower with Radar,35,31,2,0,68,0,0,4,0,4,35,31,6,0,72,10,0,10,82
07/07/2019,MDT,PA,AEA,EN,Combined TRACON& Tower with Radar,33,39,16,0,88,0,0,2,0,2,33,39,18,0,90,0,0,0,90
07/08/2019,MDT,PA,AEA,EN,Combined TRACON& Tower with Radar,42,44,8,11,105,0,0,6,0,6,42,44,14,11,111,0,0,0,111
07/09/2019,MDT,PA,AEA,EN,Combined TRACON& Tower with Radar,44,46,21,26,137,0,0,24,13,37,44,46,45,39,174,12,106,118,292
07/10/2019,MDT,PA,AEA,EN,Combined TRACON& Tower with Radar,52,52,17,5,126,0,0,24,3,27,52,52,41,8,153,26,10,36,189
07/11/2019,MDT,PA,AEA,EN,Combined TRACON& Tower with Radar,44,49,19,6,118,0,2,3,0,5,44,51,22,6,123,0,0,0,123
07/12/2019,MDT,PA,AEA,EN,Combined TRACON& Tower with Radar,42,46,13,16,117,0,5,25,5,35,42,51,38,21,152,0,28,28,180
07/13/2019,MDT,PA,AEA,EN,Combined TRACON& Tower with Radar,32,33,13,12,90,0,1,18,0,19,32,34,31,12,109,8,4,12,121
07/14/2019,MDT,PA,AEA,EN,Combined TRACON& Tower with Radar,34,41,12,2,89,0,0,16,0,16,34,41,28,2,105,8,0,8,113
07/15/2019,MDT,PA,AEA,EN,Combined TRACON& Tower with Radar,45,54,8,6,113,0,0,14,0,14,45,54,22,6,127,4,2,6,133
07/16/2019,MDT,PA,AEA,EN,Combined TRACON& Tower with Radar,41,53,19,5,118,0,2,18,3,23,41,55,37,8,141,6,2,8,149
07/17/2019,MDT,PA,AEA,EN,Combined TRACON& Tower with Radar,47,53,14,22,136,0,2,10,2,14,47,55,24,24,150,0,14,14,164
07/18/2019,MDT,PA,AEA,EN,Combined TRACON& Tower with Radar,44,45,18,3,110,0,0,6,5,11,44,45,24,8,121,0,0,0,121
07/19/2019,MDT,PA,AEA,EN,Combined TRACON& Tower with Radar,37,51,7,10,105,0,0,16,2,18,37,51,23,12,123,0,0,0,123
07/20/2019,MDT,PA,AEA,EN,Combined TRACON& Tower with Radar,32,35,7,1,75,0,0,6,2,8,32,35,13,3,83,16,0,16,99
07/21/2019,MDT,PA,AEA,EN,Combined TRACON& Tower with Radar,33,36,10,7,86,0,4,9,1,14,33,40,19,8,100,0,0,0,100
07/22/2019,MDT,PA,AEA,EN,Combined TRACON& Tower with Radar,47,42,9,0,98,0,8,8,0,16,47,50,17,0,114,0,0,0,114
07/23/2019,MDT,PA,AEA,EN,Combined TRACON& Tower with Radar,39,50,21,5,115,0,0,12,0,12,39,50,33,5,127,20,0,20,147
07/24/2019,MDT,PA,AEA,EN,Combined TRACON& Tower with Radar,56,49,29,9,143,0,2,23,3,28,56,51,52,12,171,0,14,14,185
07/25/2019,MDT,PA,AEA,EN,Combined TRACON& Tower with Radar,45,50,10,13,118,0,0,15,5,20,45,50,25,18,138,0,12,12,150
07/26/2019,MDT,PA,AEA,EN,Combined TRACON& Tower with Radar,39,47,18,8,112,0,0,16,3,19,39,47,34,11,131,14,0,14,145
07/27/2019,MDT,PA,AEA,EN,Combined TRACON& Tower with Radar,37,31,7,5,80,0,0,21,1,22,37,31,28,6,102,2,6,8,110
07/28/2019,MDT,PA,AEA,EN,Combined TRACON& Tower with Radar,34,37,3,3,77,0,0,9,0,9,34,37,12,3,86,0,0,0,86
07/29/2019,MDT,PA,AEA,EN,Combined TRACON& Tower with Radar,41,48,12,0,101,0,0,8,0,8,41,48,20,0,109,0,0,0,109
07/30/2019,MDT,PA,AEA,EN,Combined TRACON& Tower with Radar,41,51,11,11,114,0,0,11,3,14,41,51,22,14,128,0,0,0,128
07/31/2019,MDT,PA,AEA,EN,Combined TRACON& Tower with Radar,56,42,3,3,104,0,0,10,1,11,56,42,13,4,115,0,0,0,115
08/01/2019,MDT,PA,AEA,EN,Combined TRACON& Tower with Radar,43,47,14,16,120,0,2,18,1,21,43,49,32,17,141,0,22,22,163
08/02/2019,MDT,PA,AEA,EN,Combined TRACON& Tower with Radar,39,42,14,6,101,0,0,3,0,3,39,42,17,6,104,0,0,0,104
08/03/2019,MDT,PA,AEA,EN,Combined TRACON& Tower with Radar,32,29,10,7,78,0,0,20,1,21,32,29,30,8,99,0,0,0,99
08/04/2019,MDT,PA,AEA,EN,Combined TRACON& Tower with Radar,36,40,10,0,86,0,0,13,2,15,36,40,23,2,101,6,0,6,107
08/05/2019,MDT,PA,AEA,EN,Combined TRACON& Tower with Radar,44,42,19,4,109,0,2,23,2,27,44,44,42,6,136,40,0,40,176
08/06/2019,MDT,PA,AEA,EN,Combined TRACON& Tower with Radar,40,46,9,5,100,0,0,8,3,11,40,46,17,8,111,0,4,4,115
08/07/2019,MDT,PA,AEA,EN,Combined TRACON& Tower with Radar,61,48,22,2,133,0,0,2,0,2,61,48,24,2,135,6,0,6,141
08/08/2019,MDT,PA,AEA,EN,Combined TRACON& Tower with Radar,45,47,23,9,124,0,1,14,0,15,45,48,37,9,139,2,8,10,149
08/09/2019,MDT,PA,AEA,EN,Combined TRACON& Tower with Radar,37,46,9,5,97,0,0,13,3,16,37,46,22,8,113,0,0,0,113
08/10/2019,MDT,PA,AEA,EN,Combined TRACON& Tower with Radar,35,31,9,1,76,0,1,11,0,12,35,32,20,1,88,0,0,0,88
08/11/2019,MDT,PA,AEA,EN,Combined TRACON& Tower with Radar,34,39,13,3,89,0,0,19,0,19,34,39,32,3,108,0,0,0,108
08/12/2019,MDT,PA,AEA,EN,Combined TRACON& Tower with Radar,46,46,12,8,112,0,0,19,0,19,46,46,31,8,131,0,0,0,131
08/13/2019,MDT,PA,AEA,EN,Combined TRACON& Tower with Radar,40,44,6,4,94,0,0,1,2,3,40,44,7,6,97,0,0,0,97
08/14/2019,MDT,PA,AEA,EN,Combined TRACON& Tower with Radar,43,50,19,16,128,0,2,9,4,15,43,52,28,20,143,0,0,0,143
08/15/2019,MDT,PA,AEA,EN,Combined TRACON& Tower with Radar,53,47,13,10,123,0,0,5,0,5,53,47,18,10,128,0,8,8,136
08/16/2019,MDT,PA,AEA,EN,Combined TRACON& Tower with Radar,35,45,15,3,98,0,0,5,0,5,35,45,20,3,103,0,12,12,115
08/17/2019,MDT,PA,AEA,EN,Combined TRACON& Tower with Radar,35,36,14,0,85,0,0,10,0,10,35,36,24,0,95,10,0,10,105
08/18/2019,MDT,PA,AEA,EN,Combined TRACON& Tower with Radar,30,39,17,1,87,0,0,5,0,5,30,39,22,1,92,0,0,0,92
08/19/2019,MDT,PA,AEA,EN,Combined TRACON& Tower with Radar,48,46,9,5,108,0,0,16,1,17,48,46,25,6,125,24,12,36,161
08/20/2019,MDT,PA,AEA,EN,Combined TRACON& Tower with Radar,34,43,12,17,106,0,2,13,3,18,34,45,25,20,124,2,20,22,146
08/21/2019,MDT,PA,AEA,EN,Combined TRACON& Tower with Radar,47,47,17,4,115,0,2,8,3,13,47,49,25,7,128,10,2,12,140
08/22/2019,MDT,PA,AEA,EN,Combined TRACON& Tower with Radar,52,49,10,12,123,0,2,15,2,19,52,51,25,14,142,0,4,4,146
08/23/2019,MDT,PA,AEA,EN,Combined TRACON& Tower with Radar,40,42,7,6,95,0,2,1,1,4,40,44,8,7,99,0,0,0,99
08/24/2019,MDT,PA,AEA,EN,Combined TRACON& Tower with Radar,31,34,8,1,74,0,4,17,0,21,31,38,25,1,95,0,0,0,95
08/25/2019,MDT,PA,AEA,EN,Combined TRACON& Tower with Radar,34,36,7,3,80,0,4,20,3,27,34,40,27,6,107,0,0,0,107
08/26/2019,MDT,PA,AEA,EN,Combined TRACON& Tower with Radar,44,42,9,18,113,0,0,13,1,14,44,42,22,19,127,62,10,72,199
08/27/2019,MDT,PA,AEA,EN,Combined TRACON& Tower with Radar,40,55,14,10,119,0,0,6,0,6,40,55,20,10,125,0,6,6,131
08/28/2019,MDT,PA,AEA,EN,Combined TRACON& Tower with Radar,43,45,22,5,115,0,0,2,5,7,43,45,24,10,122,0,8,8,130
08/29/2019,MDT,PA,AEA,EN,Combined TRACON& Tower with Radar,45,48,20,8,121,0,3,19,1,23,45,51,39,9,144,12,8,20,164
08/30/2019,MDT,PA,AEA,EN,Combined TRACON& Tower with Radar,37,47,14,5,103,0,0,13,6,19,37,47,27,11,122,0,8,8,130
08/31/2019,MDT,PA,AEA,EN,Combined TRACON& Tower with Radar,32,30,18,1,81,0,3,16,0,19,32,33,34,1,100,6,0,6,106
09/01/2019,MDT,PA,AEA,EN,Combined TRACON& Tower with Radar,28,22,7,1,58,0,3,8,0,11,28,25,15,1,69,0,0,0,69
09/02/2019,MDT,PA,AEA,EN,Combined TRACON& Tower with Radar,31,35,3,0,69,0,0,5,0,5,31,35,8,0,74,0,0,0,74
09/03/2019,MDT,PA,AEA,EN,Combined TRACON& Tower with Radar,37,39,11,4,91,0,1,12,1,14,37,40,23,5,105,6,14,20,125
09/04/2019,MDT,PA,AEA,EN,Combined TRACON& Tower with Radar,46,48,12,11,117,0,2,14,1,17,46,50,26,12,134,8,10,18,152
09/05/2019,MDT,PA,AEA,EN,Combined TRACON& Tower with Radar,42,40,18,10,110,0,0,12,5,17,42,40,30,15,127,0,22,22,149
09/06/2019,MDT,PA,AEA,EN,Combined TRACON& Tower with Radar,39,38,22,25,124,0,0,9,3,12,39,38,31,28,136,0,36,36,172
09/07/2019,MDT,PA,AEA,EN,Combined TRACON& Tower with Radar,37,27,5,4,73,0,2,15,2,19,37,29,20,6,92,8,0,8,100
09/08/2019,MDT,PA,AEA,EN,Combined TRACON& Tower with Radar,38,34,7,0,79,0,2,13,0,15,38,36,20,0,94,10,0,10,104
09/09/2019,MDT,PA,AEA,EN,Combined TRACON& Tower with Radar,52,45,12,5,114,0,5,21,0,26,52,50,33,5,140,0,2,2,142
09/10/2019,MDT,PA,AEA,EN,Combined TRACON& Tower with Radar,47,47,11,4,109,0,3,16,1,20,47,50,27,5,129,0,0,0,129
09/11/2019,MDT,PA,AEA,EN,Combined TRACON& Tower with Radar,50,47,25,7,129,0,0,14,0,14,50,47,39,7,143,2,14,16,159
09/12/2019,MDT,PA,AEA,EN,Combined TRACON& Tower with Radar,48,48,26,15,137,0,0,8,0,8,48,48,34,15,145,0,6,6,151
09/13/2019,MDT,PA,AEA,EN,Combined TRACON& Tower with Radar,42,40,23,7,112,0,3,3,0,6,42,43,26,7,118,1,0,1,119
09/14/2019,MDT,PA,AEA,EN,Combined TRACON& Tower with Radar,41,30,8,0,79,0,0,5,2,7,41,30,13,2,86,0,0,0,86
09/15/2019,MDT,PA,AEA,EN,Combined TRACON& Tower with Radar,36,33,14,15,98,0,2,20,2,24,36,35,34,17,122,0,12,12,134
09/16/2019,MDT,PA,AEA,EN,Combined TRACON& Tower with Radar,50,47,22,3,122,0,1,12,0,13,50,48,34,3,135,0,0,0,135
09/17/2019,MDT,PA,AEA,EN,Combined TRACON& Tower with Radar,50,47,16,12,125,0,0,16,1,17,50,47,32,13,142,6,18,24,166
09/18/2019,MDT,PA,AEA,EN,Combined TRACON& Tower with Radar,52,48,38,26,164,0,0,13,1,14,52,48,51,27,178,22,22,44,222
09/19/2019,MDT,PA,AEA,EN,Combined TRACON& Tower with Radar,48,51,21,9,129,0,4,12,3,19,48,55,33,12,148,2,0,2,150
09/20/2019,MDT,PA,AEA,EN,Combined TRACON& Tower with Radar,40,41,15,5,101,0,0,24,7,31,40,41,39,12,132,8,10,18,150
09/21/2019,MDT,PA,AEA,EN,Combined TRACON& Tower with Radar,38,29,6,0,73,0,0,11,0,11,38,29,17,0,84,4,0,4,88
09/22/2019,MDT,PA,AEA,EN,Combined TRACON& Tower with Radar,36,33,1,1,71,0,1,10,0,11,36,34,11,1,82,0,0,0,82
09/23/2019,MDT,PA,AEA,EN,Combined TRACON& Tower with Radar,49,33,16,14,112,0,0,13,0,13,49,33,29,14,125,4,0,4,129
09/24/2019,MDT,PA,AEA,EN,Combined TRACON& Tower with Radar,49,50,27,27,153,0,1,12,5,18,49,51,39,32,171,6,30,36,207
09/25/2019,MDT,PA,AEA,EN,Combined TRACON& Tower with Radar,54,41,23,5,123,0,3,25,0,28,54,44,48,5,151,0,0,0,151
09/26/2019,MDT,PA,AEA,EN,Combined TRACON& Tower with Radar,52,41,9,11,113,0,0,8,3,11,52,41,17,14,124,0,2,2,126
09/27/2019,MDT,PA,AEA,EN,Combined TRACON& Tower with Radar,34,40,16,5,95,0,0,6,1,7,34,40,22,6,102,0,0,0,102
09/28/2019,MDT,PA,AEA,EN,Combined TRACON& Tower with Radar,36,30,2,0,68,0,0,1,0,1,36,30,3,0,69,0,0,0,69
09/29/2019,MDT,PA,AEA,EN,Combined TRACON& Tower with Radar,36,33,6,0,75,0,5,10,0,15,36,38,16,0,90,0,0,0,90
09/30/2019,MDT,PA,AEA,EN,Combined TRACON& Tower with Radar,48,45,18,0,111,0,0,2,0,2,48,45,20,0,113,0,0,0,113
10/01/2019,MDT,PA,AEA,EN,Combined TRACON& Tower with Radar,54,43,17,8,122,0,0,7,0,7,54,43,24,8,129,8,4,12,141
10/02/2019,MDT,PA,AEA,EN,Combined TRACON& Tower with Radar,54,43,10,29,136,0,0,16,1,17,54,43,26,30,153,0,8,8,161
10/03/2019,MDT,PA,AEA,EN,Combined TRACON& Tower with Radar,50,49,18,2,119,0,0,0,0,0,50,49,18,2,119,0,0,0,119
10/04/2019,MDT,PA,AEA,EN,Combined TRACON& Tower with Radar,40,44,17,2,103,0,1,17,0,18,40,45,34,2,121,4,0,4,125
10/05/2019,MDT,PA,AEA,EN,Combined TRACON& Tower with Radar,37,30,1,0,68,0,2,19,0,21,37,32,20,0,89,0,0,0,89
10/06/2019,MDT,PA,AEA,EN,Combined TRACON& Tower with Radar,41,35,12,0,88,0,1,2,0,3,41,36,14,0,91,2,0,2,93
10/07/2019,MDT,PA,AEA,EN,Combined TRACON& Tower with Radar,52,42,12,5,111,0,2,1,0,3,52,44,13,5,114,0,0,0,114
10/08/2019,MDT,PA,AEA,EN,Combined TRACON& Tower with Radar,45,50,27,11,133,0,0,13,11,24,45,50,40,22,157,0,50,50,207
10/09/2019,MDT,PA,AEA,EN,Combined TRACON& Tower with Radar,52,58,29,28,167,0,3,22,2,27,52,61,51,30,194,0,28,28,222
10/10/2019,MDT,PA,AEA,EN,Combined TRACON& Tower with Radar,48,47,31,12,138,0,0,22,2,24,48,47,53,14,162,4,30,34,196
10/11/2019,MDT,PA,AEA,EN,Combined TRACON& Tower with Radar,44,40,27,5,116,0,5,23,1,29,44,45,50,6,145,2,10,12,157
10/12/2019,MDT,PA,AEA,EN,Combined TRACON& Tower with Radar,37,36,21,0,94,0,0,13,0,13,37,36,34,0,107,6,0,6,113
10/13/2019,MDT,PA,AEA,EN,Combined TRACON& Tower with Radar,39,36,27,0,102,0,0,23,0,23,39,36,50,0,125,8,0,8,133
10/14/2019,MDT,PA,AEA,EN,Combined TRACON& Tower with Radar,48,47,26,0,121,0,3,9,0,12,48,50,35,0,133,8,0,8,141
10/15/2019,MDT,PA,AEA,EN,Combined TRACON& Tower with Radar,46,50,28,10,134,0,1,19,7,27,46,51,47,17,161,4,4,8,169
10/16/2019,MDT,PA,AEA,EN,Combined TRACON& Tower with Radar,52,47,9,13,121,0,0,3,1,4,52,47,12,14,125,22,0,22,147
10/17/2019,MDT,PA,AEA,EN,Combined TRACON& Tower with Radar,48,50,7,21,126,0,4,2,5,11,48,54,9,26,137,0,48,48,185
10/18/2019,MDT,PA,AEA,EN,Combined TRACON& Tower with Radar,40,47,8,3,98,0,2,12,2,16,40,49,20,5,114,0,0,0,114
10/19/2019,MDT,PA,AEA,EN,Combined TRACON& Tower with Radar,37,26,13,0,76,0,4,38,0,42,37,30,51,0,118,32,0,32,150
10/20/2019,MDT,PA,AEA,EN,Combined TRACON& Tower with Radar,37,35,28,3,103,0,3,2,0,5,37,38,30,3,108,0,0,0,108
10/21/2019,MDT,PA,AEA,EN,Combined TRACON& Tower with Radar,51,43,15,10,119,0,0,10,2,12,51,43,25,12,131,0,8,8,139
10/22/2019,MDT,PA,AEA,EN,Combined TRACON& Tower with Radar,47,43,11,9,110,0,3,0,0,3,47,46,11,9,113,0,0,0,113
10/23/2019,MDT,PA,AEA,EN,Combined TRACON& Tower with Radar,52,46,21,12,131,0,2,21,5,28,52,48,42,17,159,6,38,44,203
10/24/2019,MDT,PA,AEA,EN,Combined TRACON& Tower with Radar,48,48,8,21,125,0,8,24,7,39,48,56,32,28,164,0,22,22,186
10/25/2019,MDT,PA,AEA,EN,Combined TRACON& Tower with Radar,41,43,12,13,109,0,1,9,2,12,41,44,21,15,121,22,22,44,165
10/26/2019,MDT,PA,AEA,EN,Combined TRACON& Tower with Radar,37,26,3,4,70,0,4,14,0,18,37,30,17,4,88,0,4,4,92
10/27/2019,MDT,PA,AEA,EN,Combined TRACON& Tower with Radar,43,28,7,0,78,1,0,0,0,1,44,28,7,0,79,0,0,0,79
10/28/2019,MDT,PA,AEA,EN,Combined TRACON& Tower with Radar,57,36,24,11,128,0,5,18,11,34,57,41,42,22,162,16,78,94,256
10/29/2019,MDT,PA,AEA,EN,Combined TRACON& Tower with Radar,52,36,16,33,137,0,2,5,11,18,52,38,21,44,155,0,38,38,193
10/30/2019,MDT,PA,AEA,EN,Combined TRACON& Tower with Radar,57,38,11,9,115,0,0,5,1,6,57,38,16,10,121,0,0,0,121
10/31/2019,MDT,PA,AEA,EN,Combined TRACON& Tower with Radar,41,26,16,7,90,0,0,0,0,0,41,26,16,7,90,0,0,0,90
11/01/2019,MDT,PA,AEA,EN,Combined TRACON& Tower with Radar,42,31,17,7,97,0,7,4,0,11,42,38,21,7,108,8,0,8,116
11/02/2019,MDT,PA,AEA,EN,Combined TRACON& Tower with Radar,42,21,12,1,76,0,6,35,0,41,42,27,47,1,117,48,0,48,165
11/03/2019,MDT,PA,AEA,EN,Combined TRACON& Tower with Radar,44,30,13,3,90,0,4,8,0,12,44,34,21,3,102,8,0,8,110
11/04/2019,MDT,PA,AEA,EN,Combined TRACON& Tower with Radar,54,36,13,0,103,0,2,15,0,17,54,38,28,0,120,12,0,12,132
11/05/2019,MDT,PA,AEA,EN,Combined TRACON& Tower with Radar,46,38,23,12,119,0,0,16,4,20,46,38,39,16,139,24,12,36,175
11/06/2019,MDT,PA,AEA,EN,Combined TRACON& Tower with Radar,56,47,15,10,128,0,0,25,5,30,56,47,40,15,158,6,2,8,166
11/07/2019,MDT,PA,AEA,EN,Combined TRACON& Tower with Radar,52,43,14,17,126,0,0,5,3,8,52,43,19,20,134,0,16,16,150
11/08/2019,MDT,PA,AEA,EN,Combined TRACON& Tower with Radar,46,38,16,2,102,0,2,12,0,14,46,40,28,2,116,0,0,0,116
11/09/2019,MDT,PA,AEA,EN,Combined TRACON& Tower with Radar,43,21,3,0,67,0,4,7,0,11,43,25,10,0,78,0,0,0,78
11/10/2019,MDT,PA,AEA,EN,Combined TRACON& Tower with Radar,47,23,13,0,83,0,0,9,0,9,47,23,22,0,92,0,0,0,92
11/11/2019,MDT,PA,AEA,EN,Combined TRACON& Tower with Radar,40,47,10,2,99,0,2,16,0,18,40,49,26,2,117,8,0,8,125
11/12/2019,MDT,PA,AEA,EN,Combined TRACON& Tower with Radar,48,49,7,15,119,0,2,2,5,9,48,51,9,20,128,0,20,20,148
11/13/2019,MDT,PA,AEA,EN,Combined TRACON& Tower with Radar,55,41,22,11,129,0,2,13,2,17,55,43,35,13,146,0,22,22,168
11/14/2019,MDT,PA,AEA,EN,Combined TRACON& Tower with Radar,53,45,8,15,121,0,4,10,1,15,53,49,18,16,136,0,44,44,180
11/15/2019,MDT,PA,AEA,EN,Combined TRACON& Tower with Radar,49,34,15,7,105,0,0,22,3,25,49,34,37,10,130,8,2,10,140
11/16/2019,MDT,PA,AEA,EN,Combined TRACON& Tower with Radar,42,22,5,1,70,0,0,15,1,16,42,22,20,2,86,10,4,14,100
11/17/2019,MDT,PA,AEA,EN,Combined TRACON& Tower with Radar,35,21,5,0,61,0,2,11,0,13,35,23,16,0,74,2,0,2,76
11/18/2019,MDT,PA,AEA,EN,Combined TRACON& Tower with Radar,52,41,23,14,130,0,0,6,2,8,52,41,29,16,138,14,20,34,172
11/19/2019,MDT,PA,AEA,EN,Combined TRACON& Tower with Radar,52,52,15,8,127,0,1,14,6,21,52,53,29,14,148,0,8,8,156
11/20/2019,MDT,PA,AEA,EN,Combined TRACON& Tower with Radar,54,47,24,13,138,0,4,7,4,15,54,51,31,17,153,8,36,44,197
11/21/2019,MDT,PA,AEA,EN,Combined TRACON& Tower with Radar,51,43,21,17,132,0,6,17,4,27,51,49,38,21,159,10,16,26,185
11/22/2019,MDT,PA,AEA,EN,Combined TRACON& Tower with Radar,51,41,13,14,119,0,0,7,4,11,51,41,20,18,130,0,0,0,130
11/23/2019,MDT,PA,AEA,EN,Combined TRACON& Tower with Radar,38,32,7,2,79,0,2,14,0,16,38,34,21,2,95,6,0,6,101
11/24/2019,MDT,PA,AEA,EN,Combined TRACON& Tower with Radar,41,30,3,0,74,0,1,0,0,1,41,31,3,0,75,0,0,0,75
11/25/2019,MDT,PA,AEA,EN,Combined TRACON& Tower with Radar,48,40,20,30,138,0,2,16,6,24,48,42,36,36,162,10,26,36,198
11/26/2019,MDT,PA,AEA,EN,Combined TRACON& Tower with Radar,53,47,18,13,131,0,0,22,3,25,53,47,40,16,156,0,14,14,170
11/27/2019,MDT,PA,AEA,EN,Combined TRACON& Tower with Radar,58,51,11,1,121,0,0,5,1,6,58,51,16,2,127,0,0,0,127
11/28/2019,MDT,PA,AEA,EN,Combined TRACON& Tower with Radar,20,13,0,0,33,0,2,3,0,5,20,15,3,0,38,0,0,0,38
11/29/2019,MDT,PA,AEA,EN,Combined TRACON& Tower with Radar,32,24,4,0,60,0,3,10,0,13,32,27,14,0,73,0,0,0,73
11/30/2019,MDT,PA,AEA,EN,Combined TRACON& Tower with Radar,47,33,13,0,93,0,2,14,0,16,47,35,27,0,109,10,0,10,119
12/01/2019,MDT,PA,AEA,EN,Combined TRACON& Tower with Radar,51,25,6,0,82,0,0,0,0,0,51,25,6,0,82,0,0,0,82
12/02/2019,MDT,PA,AEA,EN,Combined TRACON& Tower with Radar,56,41,16,0,113,0,0,0,2,2,56,41,16,2,115,0,0,0,115
12/03/2019,MDT,PA,AEA,EN,Combined TRACON& Tower with Radar,54,47,18,4,123,0,3,11,4,18,54,50,29,8,141,6,10,16,157
12/04/2019,MDT,PA,AEA,EN,Combined TRACON& Tower with Radar,58,46,15,21,140,0,0,2,0,2,58,46,17,21,142,0,16,16,158
12/05/2019,MDT,PA,AEA,EN,Combined TRACON& Tower with Radar,58,50,21,12,141,0,5,7,6,18,58,55,28,18,159,0,8,8,167
12/06/2019,MDT,PA,AEA,EN,Combined TRACON& Tower with Radar,55,40,6,13,114,0,0,11,8,19,55,40,17,21,133,0,20,20,153
12/07/2019,MDT,PA,AEA,EN,Combined TRACON& Tower with Radar,33,25,17,0,75,0,3,17,4,24,33,28,34,4,99,10,2,12,111
12/08/2019,MDT,PA,AEA,EN,Combined TRACON& Tower with Radar,41,29,3,2,75,0,2,12,0,14,41,31,15,2,89,10,0,10,99
12/09/2019,MDT,PA,AEA,EN,Combined TRACON& Tower with Radar,57,32,7,4,100,0,0,0,0,0,57,32,7,4,100,0,0,0,100
12/10/2019,MDT,PA,AEA,EN,Combined TRACON& Tower with Radar,60,41,15,17,133,0,0,4,0,4,60,41,19,17,137,0,4,4,141
12/11/2019,MDT,PA,AEA,EN,Combined TRACON& Tower with Radar,65,44,13,12,134,0,2,4,5,11,65,46,17,17,145,0,30,30,175
12/12/2019,MDT,PA,AEA,EN,Combined TRACON& Tower with Radar,64,43,21,11,139,0,0,14,7,21,64,43,35,18,160,0,42,42,202
12/13/2019,MDT,PA,AEA,EN,Combined TRACON& Tower with Radar,55,36,10,2,103,0,2,0,0,2,55,38,10,2,105,0,0,0,105
12/14/2019,MDT,PA,AEA,EN,Combined TRACON& Tower with Radar,34,33,10,0,77,0,0,3,0,3,34,33,13,0,80,0,0,0,80
12/15/2019,MDT,PA,AEA,EN,Combined TRACON& Tower with Radar,42,29,5,2,78,0,0,3,0,3,42,29,8,2,81,2,0,2,83
12/16/2019,MDT,PA,AEA,EN,Combined TRACON& Tower with Radar,56,39,23,0,118,0,0,0,0,0,56,39,23,0,118,0,0,0,118
12/17/2019,MDT,PA,AEA,EN,Combined TRACON& Tower with Radar,58,44,16,3,121,0,0,0,1,1,58,44,16,4,122,0,2,2,124
12/18/2019,MDT,PA,AEA,EN,Combined TRACON& Tower with Radar,66,28,9,15,118,0,0,11,0,11,66,28,20,15,129,0,4,4,133
12/19/2019,MDT,PA,AEA,EN,Combined TRACON& Tower with Radar,64,44,14,11,133,0,4,8,14,26,64,48,22,25,159,0,30,30,189
12/20/2019,MDT,PA,AEA,EN,Combined TRACON& Tower with Radar,60,38,19,10,127,1,4,21,2,28,61,42,40,12,155,10,12,22,177
12/21/2019,MDT,PA,AEA,EN,Combined TRACON& Tower with Radar,62,29,13,0,104,0,3,18,0,21,62,32,31,0,125,21,0,21,146
12/22/2019,MDT,PA,AEA,EN,Combined TRACON& Tower with Radar,44,32,8,0,84,0,0,13,0,13,44,32,21,0,97,10,0,10,107
12/23/2019,MDT,PA,AEA,EN,Combined TRACON& Tower with Radar,56,37,7,25,125,0,0,13,5,18,56,37,20,30,143,4,32,36,179
12/24/2019,MDT,PA,AEA,EN,Combined TRACON& Tower with Radar,45,35,1,0,81,0,3,10,0,13,45,38,11,0,94,6,0,6,100
12/25/2019,MDT,PA,AEA,EN,Combined TRACON& Tower with Radar,28,19,1,0,48,0,0,4,0,4,28,19,5,0,52,0,0,0,52
12/26/2019,MDT,PA,AEA,EN,Combined TRACON& Tower with Radar,51,38,12,0,101,0,4,23,0,27,51,42,35,0,128,8,0,8,136
12/27/2019,MDT,PA,AEA,EN,Combined TRACON& Tower with Radar,47,39,7,0,93,0,2,2,0,4,47,41,9,0,97,0,0,0,97
12/28/2019,MDT,PA,AEA,EN,Combined TRACON& Tower with Radar,37,34,9,0,80,0,4,6,0,10,37,38,15,0,90,20,0,20,110
12/29/2019,MDT,PA,AEA,EN,Combined TRACON& Tower with Radar,36,32,7,0,75,0,0,1,0,1,36,32,8,0,76,0,0,0,76
12/30/2019,MDT,PA,AEA,EN,Combined TRACON& Tower with Radar,46,36,6,4,92,0,0,0,0,0,46,36,6,4,92,0,0,0,92
12/31/2019,MDT,PA,AEA,EN,Combined TRACON& Tower with Radar,42,30,1,2,75,0,2,9,0,11,42,32,10,2,86,6,2,8,94
01/01/2020,MDT,PA,AEA,EN,Combined TRACON& Tower with Radar,31,18,12,0,61,0,2,5,0,7,31,20,17,0,68,0,0,0,68
01/02/2020,MDT,PA,AEA,EN,Combined TRACON& Tower with Radar,48,34,7,1,90,0,0,14,1,15,48,34,21,2,105,8,6,14,119
01/03/2020,MDT,PA,AEA,EN,Combined TRACON& Tower with Radar,39,40,8,2,89,0,0,0,0,0,39,40,8,2,89,0,0,0,89
01/04/2020,MDT,PA,AEA,EN,Combined TRACON& Tower with Radar,33,27,4,2,66,0,0,0,0,0,33,27,4,2,66,10,0,10,76
01/05/2020,MDT,PA,AEA,EN,Combined TRACON& Tower with Radar,34,29,2,0,65,0,2,6,0,8,34,31,8,0,73,0,0,0,73
01/06/2020,MDT,PA,AEA,EN,Combined TRACON& Tower with Radar,45,37,13,2,97,0,1,6,0,7,45,38,19,2,104,14,0,14,118
01/07/2020,MDT,PA,AEA,EN,Combined TRACON& Tower with Radar,44,42,17,6,109,0,1,1,3,5,44,43,18,9,114,0,8,8,122
01/08/2020,MDT,PA,AEA,EN,Combined TRACON& Tower with Radar,46,46,9,2,103,0,0,2,1,3,46,46,11,3,106,0,0,0,106
01/09/2020,MDT,PA,AEA,EN,Combined TRACON& Tower with Radar,46,43,18,9,116,0,1,12,7,20,46,44,30,16,136,10,20,30,166
01/10/2020,MDT,PA,AEA,EN,Combined TRACON& Tower with Radar,41,42,11,5,99,0,0,6,2,8,41,42,17,7,107,0,0,0,107
01/11/2020,MDT,PA,AEA,EN,Combined TRACON& Tower with Radar,29,27,1,2,59,0,2,2,0,4,29,29,3,2,63,6,0,6,69
01/12/2020,MDT,PA,AEA,EN,Combined TRACON& Tower with Radar,35,38,9,2,84,0,0,14,0,14,35,38,23,2,98,22,0,22,120
01/13/2020,MDT,PA,AEA,EN,Combined TRACON& Tower with Radar,49,39,32,16,136,0,0,21,1,22,49,39,53,17,158,16,28,44,202
01/14/2020,MDT,PA,AEA,EN,Combined TRACON& Tower with Radar,44,36,21,16,117,0,0,0,0,0,44,36,21,16,117,0,0,0,117
01/15/2020,MDT,PA,AEA,EN,Combined TRACON& Tower with Radar,46,40,28,1,115,0,0,23,0,23,46,40,51,1,138,8,0,8,146
01/16/2020,MDT,PA,AEA,EN,Combined TRACON& Tower with Radar,47,46,11,0,104,0,3,0,0,3,47,49,11,0,107,0,0,0,107
01/17/2020,MDT,PA,AEA,EN,Combined TRACON& Tower with Radar,39,41,2,2,84,0,2,4,5,11,39,43,6,7,95,0,0,0,95
01/18/2020,MDT,PA,AEA,EN,Combined TRACON& Tower with Radar,33,21,0,1,55,0,0,0,0,0,33,21,0,1,55,0,0,0,55
01/19/2020,MDT,PA,AEA,EN,Combined TRACON& Tower with Radar,32,29,1,4,66,0,2,4,0,6,32,31,5,4,72,0,0,0,72
01/20/2020,MDT,PA,AEA,EN,Combined TRACON& Tower with Radar,46,45,8,2,101,0,0,5,0,5,46,45,13,2,106,16,0,16,122
01/21/2020,MDT,PA,AEA,EN,Combined TRACON& Tower with Radar,44,41,10,8,103,0,0,18,3,21,44,41,28,11,124,36,0,36,160
01/22/2020,MDT,PA,AEA,EN,Combined TRACON& Tower with Radar,46,44,20,21,131,0,2,11,6,19,46,46,31,27,150,14,8,22,172
01/23/2020,MDT,PA,AEA,EN,Combined TRACON& Tower with Radar,42,43,17,7,109,0,4,14,2,20,42,47,31,9,129,16,0,16,145
01/24/2020,MDT,PA,AEA,EN,Combined TRACON& Tower with Radar,44,42,6,33,125,0,4,7,9,20,44,46,13,42,145,0,78,78,223
01/25/2020,MDT,PA,AEA,EN,Combined TRACON& Tower with Radar,41,22,5,2,70,0,0,0,1,1,41,22,5,3,71,0,10,10,81
01/26/2020,MDT,PA,AEA,EN,Combined TRACON& Tower with Radar,49,33,11,5,98,0,5,17,0,22,49,38,28,5,120,22,20,42,162
01/27/2020,MDT,PA,AEA,EN,Combined TRACON& Tower with Radar,45,42,20,7,114,0,3,16,2,21,45,45,36,9,135,12,6,18,153
01/28/2020,MDT,PA,AEA,EN,Combined TRACON& Tower with Radar,45,46,29,21,141,0,2,9,2,13,45,48,38,23,154,10,20,30,184
01/29/2020,MDT,PA,AEA,EN,Combined TRACON& Tower with Radar,46,43,20,18,127,0,2,27,9,38,46,45,47,27,165,8,40,48,213
01/30/2020,MDT,PA,AEA,EN,Combined TRACON& Tower with Radar,46,43,11,11,111,0,3,12,4,19,46,46,23,15,130,0,0,0,130
01/31/2020,MDT,PA,AEA,EN,Combined TRACON& Tower with Radar,42,43,11,10,106,0,2,9,5,16,42,45,20,15,122,12,0,12,134
02/01/2020,MDT,PA,AEA,EN,Combined TRACON& Tower with Radar,36,26,0,2,64,0,0,0,0,0,36,26,0,2,64,0,0,0,64
02/02/2020,MDT,PA,AEA,EN,Combined TRACON& Tower with Radar,32,32,6,2,72,0,0,2,0,2,32,32,8,2,74,0,0,0,74
02/03/2020,MDT,PA,AEA,EN,Combined TRACON& Tower with Radar,49,42,18,19,128,0,0,20,1,21,49,42,38,20,149,18,10,28,177
02/04/2020,MDT,PA,AEA,EN,Combined TRACON& Tower with Radar,47,54,9,11,121,0,2,3,9,14,47,56,12,20,135,0,24,24,159
02/05/2020,MDT,PA,AEA,EN,Combined TRACON& Tower with Radar,46,43,24,13,126,0,2,5,3,10,46,45,29,16,136,0,6,6,142
02/06/2020,MDT,PA,AEA,EN,Combined TRACON& Tower with Radar,39,42,25,6,112,0,0,0,0,0,39,42,25,6,112,0,0,0,112
02/07/2020,MDT,PA,AEA,EN,Combined TRACON& Tower with Radar,50,42,10,1,103,0,2,1,0,3,50,44,11,1,106,0,0,0,106
02/08/2020,MDT,PA,AEA,EN,Combined TRACON& Tower with Radar,32,26,11,4,73,0,0,13,2,15,32,26,24,6,88,0,6,6,94
02/09/2020,MDT,PA,AEA,EN,Combined TRACON& Tower with Radar,34,35,11,3,83,0,2,23,0,25,34,37,34,3,108,22,10,32,140
02/10/2020,MDT,PA,AEA,EN,Combined TRACON& Tower with Radar,47,41,12,4,104,0,2,1,0,3,47,43,13,4,107,0,0,0,107
02/11/2020,MDT,PA,AEA,EN,Combined TRACON& Tower with Radar,46,38,8,3,95,0,2,0,5,7,46,40,8,8,102,0,0,0,102
02/12/2020,MDT,PA,AEA,EN,Combined TRACON& Tower with Radar,50,42,20,15,127,0,0,14,3,17,50,42,34,18,144,4,34,38,182
02/13/2020,MDT,PA,AEA,EN,Combined TRACON& Tower with Radar,48,43,10,9,110,0,0,0,0,0,48,43,10,9,110,0,0,0,110
02/14/2020,MDT,PA,AEA,EN,Combined TRACON& Tower with Radar,46,40,10,7,103,0,2,7,1,10,46,42,17,8,113,0,4,4,117
02/15/2020,MDT,PA,AEA,EN,Combined TRACON& Tower with Radar,39,27,1,1,68,0,2,14,1,17,39,29,15,2,85,12,6,18,103
02/16/2020,MDT,PA,AEA,EN,Combined TRACON& Tower with Radar,34,37,7,0,78,0,0,7,0,7,34,37,14,0,85,24,0,24,109
02/17/2020,MDT,PA,AEA,EN,Combined TRACON& Tower with Radar,47,46,19,2,114,0,4,18,2,24,47,50,37,4,138,0,0,0,138
02/18/2020,MDT,PA,AEA,EN,Combined TRACON& Tower with Radar,52,44,18,20,134,0,0,4,3,7,52,44,22,23,141,0,30,30,171
02/19/2020,MDT,PA,AEA,EN,Combined TRACON& Tower with Radar,54,47,14,10,125,0,1,10,2,13,54,48,24,12,138,0,10,10,148
02/20/2020,MDT,PA,AEA,EN,Combined TRACON& Tower with Radar,50,50,17,29,146,0,2,10,13,25,50,52,27,42,171,0,38,38,209
02/21/2020,MDT,PA,AEA,EN,Combined TRACON& Tower with Radar,49,44,11,8,112,0,4,21,4,29,49,48,32,12,141,0,16,16,157
02/22/2020,MDT,PA,AEA,EN,Combined TRACON& Tower with Radar,41,20,13,0,74,0,2,15,0,17,41,22,28,0,91,0,0,0,91
02/23/2020,MDT,PA,AEA,EN,Combined TRACON& Tower with Radar,41,30,11,3,85,0,0,15,1,16,41,30,26,4,101,0,0,0,101
02/24/2020,MDT,PA,AEA,EN,Combined TRACON& Tower with Radar,51,40,15,17,123,0,3,19,0,22,51,43,34,17,145,2,0,2,147
02/25/2020,MDT,PA,AEA,EN,Combined TRACON& Tower with Radar,50,35,26,13,124,0,0,0,0,0,50,35,26,13,124,0,0,0,124
02/26/2020,MDT,PA,AEA,EN,Combined TRACON& Tower with Radar,55,39,26,12,132,0,0,2,0,2,55,39,28,12,134,0,0,0,134
02/27/2020,MDT,PA,AEA,EN,Combined TRACON& Tower with Radar,51,37,10,25,123,0,0,2,7,9,51,37,12,32,132,0,6,6,138
02/28/2020,MDT,PA,AEA,EN,Combined TRACON& Tower with Radar,47,42,13,24,126,0,2,6,6,14,47,44,19,30,140,0,16,16,156
02/29/2020,MDT,PA,AEA,EN,Combined TRACON& Tower with Radar,39,21,6,2,68,0,0,7,0,7,39,21,13,2,75,0,0,0,75
03/01/2020,MDT,PA,AEA,EN,Combined TRACON& Tower with Radar,41,32,24,0,97,0,0,21,0,21,41,32,45,0,118,8,0,8,126
03/02/2020,MDT,PA,AEA,EN,Combined TRACON& Tower with Radar,51,38,15,2,106,0,0,7,0,7,51,38,22,2,113,0,0,0,113
03/03/2020,MDT,PA,AEA,EN,Combined TRACON& Tower with Radar,50,40,14,6,110,0,3,0,3,6,50,43,14,9,116,0,0,0,116
03/04/2020,MDT,PA,AEA,EN,Combined TRACON& Tower with Radar,56,37,22,35,150,0,0,6,16,22,56,37,28,51,172,0,32,32,204
03/05/2020,MDT,PA,AEA,EN,Combined TRACON& Tower with Radar,52,43,24,15,134,0,0,18,5,23,52,43,42,20,157,20,4,24,181
03/06/2020,MDT,PA,AEA,EN,Combined TRACON& Tower with Radar,51,40,12,6,109,0,0,0,0,0,51,40,12,6,109,0,0,0,109
03/07/2020,MDT,PA,AEA,EN,Combined TRACON& Tower with Radar,38,27,5,1,71,0,4,0,1,5,38,31,5,2,76,4,0,4,80
03/08/2020,MDT,PA,AEA,EN,Combined TRACON& Tower with Radar,38,30,26,2,96,0,3,22,0,25,38,33,48,2,121,16,0,16,137
03/09/2020,MDT,PA,AEA,EN,Combined TRACON& Tower with Radar,53,37,22,25,137,0,0,18,3,21,53,37,40,28,158,6,14,20,178
03/10/2020,MDT,PA,AEA,EN,Combined TRACON& Tower with Radar,52,34,12,14,112,0,0,1,4,5,52,34,13,18,117,0,18,18,135
03/11/2020,MDT,PA,AEA,EN,Combined TRACON& Tower with Radar,57,40,18,14,129,0,2,15,1,18,57,42,33,15,147,6,40,46,193
03/12/2020,MDT,PA,AEA,EN,Combined TRACON& Tower with Radar,52,41,23,11,127,0,2,12,3,17,52,43,35,14,144,4,0,4,148
03/13/2020,MDT,PA,AEA,EN,Combined TRACON& Tower with Radar,47,39,14,7,107,0,0,0,1,1,47,39,14,8,108,0,0,0,108
03/14/2020,MDT,PA,AEA,EN,Combined TRACON& Tower with Radar,35,25,14,0,74,0,0,19,0,19,35,25,33,0,93,0,2,2,95
03/15/2020,MDT,PA,AEA,EN,Combined TRACON& Tower with Radar,36,36,4,0,76,0,2,11,0,13,36,38,15,0,89,2,0,2,91
03/16/2020,MDT,PA,AEA,EN,Combined TRACON& Tower with Radar,50,45,10,10,115,0,0,10,0,10,50,45,20,10,125,10,0,10,135
03/17/2020,MDT,PA,AEA,EN,Combined TRACON& Tower with Radar,52,45,9,9,115,0,0,5,6,11,52,45,14,15,126,6,14,20,146
03/18/2020,MDT,PA,AEA,EN,Combined TRACON& Tower with Radar,53,44,7,8,112,0,0,13,1,14,53,44,20,9,126,0,4,4,130
03/19/2020,MDT,PA,AEA,EN,Combined TRACON& Tower with Radar,45,39,0,30,114,0,0,0,0,0,45,39,0,30,114,0,0,0,114
03/20/2020,MDT,PA,AEA,EN,Combined TRACON& Tower with Radar,38,38,2,4,82,0,0,0,0,0,38,38,2,4,82,0,0,0,82
03/21/2020,MDT,PA,AEA,EN,Combined TRACON& Tower with Radar,26,24,3,0,53,0,0,12,6,18,26,24,15,6,71,0,0,0,71
03/22/2020,MDT,PA,AEA,EN,Combined TRACON& Tower with Radar,29,25,6,0,60,0,5,21,2,28,29,30,27,2,88,0,0,0,88
03/23/2020,MDT,PA,AEA,EN,Combined TRACON& Tower with Radar,33,37,5,0,75,0,0,0,0,0,33,37,5,0,75,0,0,0,75
03/24/2020,MDT,PA,AEA,EN,Combined TRACON& Tower with Radar,34,36,0,3,73,0,2,6,1,9,34,38,6,4,82,0,0,0,82
03/25/2020,MDT,PA,AEA,EN,Combined TRACON& Tower with Radar,24,38,0,7,69,0,0,0,0,0,24,38,0,7,69,0,10,10,79
03/26/2020,MDT,PA,AEA,EN,Combined TRACON& Tower with Radar,32,34,7,4,77,0,0,11,0,11,32,34,18,4,88,0,2,2,90
03/27/2020,MDT,PA,AEA,EN,Combined TRACON& Tower with Radar,17,32,6,3,58,0,0,11,1,12,17,32,17,4,70,2,4,6,76
03/28/2020,MDT,PA,AEA,EN,Combined TRACON& Tower with Radar,11,23,0,0,34,0,0,0,0,0,11,23,0,0,34,0,0,0,34
03/29/2020,MDT,PA,AEA,EN,Combined TRACON& Tower with Radar,9,26,1,2,38,0,0,0,0,0,9,26,1,2,38,0,0,0,38
03/30/2020,MDT,PA,AEA,EN,Combined TRACON& Tower with Radar,16,26,2,14,58,0,0,8,2,10,16,26,10,16,68,0,56,56,124
03/31/2020,MDT,PA,AEA,EN,Combined TRACON& Tower with Radar,24,29,0,1,54,0,0,6,0,6,24,29,6,1,60,0,0,0,60
04/01/2020,MDT,PA,AEA,EN,Combined TRACON& Tower with Radar,25,28,4,8,65,0,0,5,2,7,25,28,9,10,72,0,10,10,82
04/02/2020,MDT,PA,AEA,EN,Combined TRACON& Tower with Radar,25,28,5,6,64,0,0,3,2,5,25,28,8,8,69,0,16,16,85
04/03/2020,MDT,PA,AEA,EN,Combined TRACON& Tower with Radar,19,23,0,10,52,0,1,8,3,12,19,24,8,13,64,0,10,10,74
04/04/2020,MDT,PA,AEA,EN,Combined TRACON& Tower with Radar,8,20,6,0,34,0,0,9,0,9,8,20,15,0,43,0,0,0,43
04/05/2020,MDT,PA,AEA,EN,Combined TRACON& Tower with Radar,11,20,8,0,39,0,0,11,0,11,11,20,19,0,50,12,0,12,62
04/06/2020,MDT,PA,AEA,EN,Combined TRACON& Tower with Radar,22,23,13,25,83,1,2,15,8,26,23,25,28,33,109,10,14,24,133
04/07/2020,MDT,PA,AEA,EN,Combined TRACON& Tower with Radar,25,26,3,5,59,0,0,2,1,3,25,26,5,6,62,0,0,0,62
04/08/2020,MDT,PA,AEA,EN,Combined TRACON& Tower with Radar,22,24,2,30,78,0,0,5,6,11,22,24,7,36,89,0,56,56,145
04/09/2020,MDT,PA,AEA,EN,Combined TRACON& Tower with Radar,26,33,3,0,62,0,1,0,0,1,26,34,3,0,63,0,0,0,63
04/10/2020,MDT,PA,AEA,EN,Combined TRACON& Tower with Radar,17,25,3,0,45,0,0,1,2,3,17,25,4,2,48,0,0,0,48
04/11/2020,MDT,PA,AEA,EN,Combined TRACON& Tower with Radar,16,18,10,4,48,0,0,11,0,11,16,18,21,4,59,2,26,28,87
04/12/2020,MDT,PA,AEA,EN,Combined TRACON& Tower with Radar,5,19,1,2,27,0,2,6,0,8,5,21,7,2,35,0,6,6,41
04/13/2020,MDT,PA,AEA,EN,Combined TRACON& Tower with Radar,24,23,0,0,47,0,0,0,0,0,24,23,0,0,47,0,0,0,47
04/14/2020,MDT,PA,AEA,EN,Combined TRACON& Tower with Radar,27,27,7,12,73,0,0,9,2,11,27,27,16,14,84,12,28,40,124
04/15/2020,MDT,PA,AEA,EN,Combined TRACON& Tower with Radar,24,26,3,5,58,0,0,9,1,10,24,26,12,6,68,0,22,22,90
04/16/2020,MDT,PA,AEA,EN,Combined TRACON& Tower with Radar,22,25,16,11,74,0,3,10,3,16,22,28,26,14,90,1,1,2,92
04/17/2020,MDT,PA,AEA,EN,Combined TRACON& Tower with Radar,22,23,5,15,65,0,0,3,15,18,22,23,8,30,83,0,30,30,113
04/18/2020,MDT,PA,AEA,EN,Combined TRACON& Tower with Radar,12,15,1,0,28,0,0,3,0,3,12,15,4,0,31,0,0,0,31
04/19/2020,MDT,PA,AEA,EN,Combined TRACON& Tower with Radar,5,15,6,0,26,0,0,11,0,11,5,15,17,0,37,8,0,8,45
04/20/2020,MDT,PA,AEA,EN,Combined TRACON& Tower with Radar,13,27,18,10,68,0,0,15,0,15,13,27,33,10,83,4,0,4,87
04/21/2020,MDT,PA,AEA,EN,Combined TRACON& Tower with Radar,20,25,2,5,52,0,0,0,7,7,20,25,2,12,59,0,12,12,71
04/22/2020,MDT,PA,AEA,EN,Combined TRACON& Tower with Radar,17,27,7,4,55,0,3,4,0,7,17,30,11,4,62,2,0,2,64
04/23/2020,MDT,PA,AEA,EN,Combined TRACON& Tower with Radar,15,31,4,6,56,0,1,7,0,8,15,32,11,6,64,2,22,24,88
04/24/2020,MDT,PA,AEA,EN,Combined TRACON& Tower with Radar,11,28,2,0,41,0,2,0,0,2,11,30,2,0,43,0,0,0,43
04/25/2020,MDT,PA,AEA,EN,Combined TRACON& Tower with Radar,8,13,7,0,28,0,0,1,0,1,8,13,8,0,29,0,0,0,29
04/26/2020,MDT,PA,AEA,EN,Combined TRACON& Tower with Radar,6,15,2,0,23,0,0,0,0,0,6,15,2,0,23,0,0,0,23
04/27/2020,MDT,PA,AEA,EN,Combined TRACON& Tower with Radar,13,19,11,10,53,0,0,2,2,4,13,19,13,12,57,0,62,62,119
04/28/2020,MDT,PA,AEA,EN,Combined TRACON& Tower with Radar,18,25,20,9,72,0,0,21,3,24,18,25,41,12,96,24,0,24,120
04/29/2020,MDT,PA,AEA,EN,Combined TRACON& Tower with Radar,16,21,13,20,70,0,0,4,3,7,16,21,17,23,77,10,14,24,101
04/30/2020,MDT,PA,AEA,EN,Combined TRACON& Tower with Radar,17,21,3,8,49,0,0,0,0,0,17,21,3,8,49,0,0,0,49
05/01/2020,MDT,PA,AEA,EN,Combined TRACON& Tower with Radar,14,29,22,6,71,0,4,6,5,15,14,33,28,11,86,0,24,24,110
05/02/2020,MDT,PA,AEA,EN,Combined TRACON& Tower with Radar,10,10,19,0,39,0,2,19,0,21,10,12,38,0,60,4,0,4,64
05/03/2020,MDT,PA,AEA,EN,Combined TRACON& Tower with Radar,11,12,9,0,32,0,2,6,0,8,11,14,15,0,40,6,0,6,46
05/04/2020,MDT,PA,AEA,EN,Combined TRACON& Tower with Radar,22,24,7,3,56,0,4,16,2,22,22,28,23,5,78,18,26,44,122
05/05/2020,MDT,PA,AEA,EN,Combined TRACON& Tower with Radar,19,20,14,18,71,0,2,11,19,32,19,22,25,37,103,12,26,38,141
05/06/2020,MDT,PA,AEA,EN,Combined TRACON& Tower with Radar,22,19,6,2,49,0,0,0,0,0,22,19,6,2,49,0,0,0,49
05/07/2020,MDT,PA,AEA,EN,Combined TRACON& Tower with Radar,19,22,11,7,59,0,1,12,3,16,19,23,23,10,75,0,28,28,103
05/08/2020,MDT,PA,AEA,EN,Combined TRACON& Tower with Radar,15,23,7,4,49,0,0,0,0,0,15,23,7,4,49,0,8,8,57
05/09/2020,MDT,PA,AEA,EN,Combined TRACON& Tower with Radar,12,12,3,0,27,0,0,0,0,0,12,12,3,0,27,0,0,0,27
05/10/2020,MDT,PA,AEA,EN,Combined TRACON& Tower with Radar,4,14,12,0,30,0,0,9,0,9,4,14,21,0,39,4,0,4,43
05/11/2020,MDT,PA,AEA,EN,Combined TRACON& Tower with Radar,17,20,0,2,39,0,0,2,0,2,17,20,2,2,41,0,0,0,41
05/12/2020,MDT,PA,AEA,EN,Combined TRACON& Tower with Radar,17,22,7,6,52,0,2,8,2,12,17,24,15,8,64,0,4,4,68
05/13/2020,MDT,PA,AEA,EN,Combined TRACON& Tower with Radar,20,23,16,7,66,0,0,19,5,24,20,23,35,12,90,22,0,22,112
05/14/2020,MDT,PA,AEA,EN,Combined TRACON& Tower with Radar,22,25,12,6,65,0,2,11,5,18,22,27,23,11,83,6,18,24,107
05/15/2020,MDT,PA,AEA,EN,Combined TRACON& Tower with Radar,13,25,7,4,49,0,3,3,7,13,13,28,10,11,62,8,12,20,82
05/16/2020,MDT,PA,AEA,EN,Combined TRACON& Tower with Radar,10,16,6,0,32,0,2,17,0,19,10,18,23,0,51,24,0,24,75
05/17/2020,MDT,PA,AEA,EN,Combined TRACON& Tower with Radar,10,14,6,0,30,0,0,3,0,3,10,14,9,0,33,4,0,4,37
05/18/2020,MDT,PA,AEA,EN,Combined TRACON& Tower with Radar,19,25,20,5,69,0,0,8,3,11,19,25,28,8,80,26,20,46,126
05/19/2020,MDT,PA,AEA,EN,Combined TRACON& Tower with Radar,20,23,3,32,78,0,6,9,8,23,20,29,12,40,101,20,52,72,173
05/20/2020,MDT,PA,AEA,EN,Combined TRACON& Tower with Radar,18,27,21,3,69,0,1,9,7,17,18,28,30,10,86,8,80,88,174
05/21/2020,MDT,PA,AEA,EN,Combined TRACON& Tower with Radar,20,23,13,10,66,0,2,19,2,23,20,25,32,12,89,2,12,14,103
05/22/2020,MDT,PA,AEA,EN,Combined TRACON& Tower with Radar,18,23,8,4,53,0,0,0,0,0,18,23,8,4,53,0,0,0,53
05/23/2020,MDT,PA,AEA,EN,Combined TRACON& Tower with Radar,10,16,1,0,27,0,0,3,0,3,10,16,4,0,30,2,0,2,32
05/24/2020,MDT,PA,AEA,EN,Combined TRACON& Tower with Radar,10,12,6,0,28,0,0,0,0,0,10,12,6,0,28,0,0,0,28
05/25/2020,MDT,PA,AEA,EN,Combined TRACON& Tower with Radar,12,14,7,0,33,0,0,3,0,3,12,14,10,0,36,6,0,6,42
05/26/2020,MDT,PA,AEA,EN,Combined TRACON& Tower with Radar,16,20,17,27,80,0,4,16,2,22,16,24,33,29,102,20,6,26,128
05/27/2020,MDT,PA,AEA,EN,Combined TRACON& Tower with Radar,24,25,4,32,85,0,4,6,4,14,24,29,10,36,99,0,50,50,149
05/28/2020,MDT,PA,AEA,EN,Combined TRACON& Tower with Radar,22,27,12,10,71,0,2,2,1,5,22,29,14,11,76,0,20,20,96
05/29/2020,MDT,PA,AEA,EN,Combined TRACON& Tower with Radar,18,21,9,2,50,0,2,0,0,2,18,23,9,2,52,0,0,0,52
05/30/2020,MDT,PA,AEA,EN,Combined TRACON& Tower with Radar,10,13,9,6,38,0,4,23,0,27,10,17,32,6,65,28,4,32,97
05/31/2020,MDT,PA,AEA,EN,Combined TRACON& Tower with Radar,10,20,11,4,45,0,0,21,0,21,10,20,32,4,66,4,6,10,76
06/01/2020,MDT,PA,AEA,EN,Combined TRACON& Tower with Radar,22,26,11,4,63,0,0,10,2,12,22,26,21,6,75,12,22,34,109
06/02/2020,MDT,PA,AEA,EN,Combined TRACON& Tower with Radar,25,18,12,10,65,0,2,8,8,18,25,20,20,18,83,0,22,22,105
06/03/2020,MDT,PA,AEA,EN,Combined TRACON& Tower with Radar,18,26,6,4,54,0,0,9,4,13,18,26,15,8,67,0,6,6,73
06/04/2020,MDT,PA,AEA,EN,Combined TRACON& Tower with Radar,26,24,6,4,60,0,2,6,1,9,26,26,12,5,69,0,0,0,69
06/05/2020,MDT,PA,AEA,EN,Combined TRACON& Tower with Radar,19,28,8,6,61,0,0,2,0,2,19,28,10,6,63,0,0,0,63
06/06/2020,MDT,PA,AEA,EN,Combined TRACON& Tower with Radar,10,13,12,0,35,0,0,5,0,5,10,13,17,0,40,28,0,28,68
06/07/2020,MDT,PA,AEA,EN,Combined TRACON& Tower with Radar,14,16,10,0,40,0,0,30,0,30,14,16,40,0,70,10,0,10,80
06/08/2020,MDT,PA,AEA,EN,Combined TRACON& Tower with Radar,20,22,5,10,57,0,0,22,0,22,20,22,27,10,79,2,38,40,119
06/09/2020,MDT,PA,AEA,EN,Combined TRACON& Tower with Radar,23,21,28,8,80,0,0,12,4,16,23,21,40,12,96,4,12,16,112
06/10/2020,MDT,PA,AEA,EN,Combined TRACON& Tower with Radar,19,26,7,8,60,0,0,5,2,7,19,26,12,10,67,0,12,12,79
06/11/2020,MDT,PA,AEA,EN,Combined TRACON& Tower with Radar,26,29,18,10,83,0,0,7,5,12,26,29,25,15,95,6,28,34,129
06/12/2020,MDT,PA,AEA,EN,Combined TRACON& Tower with Radar,17,29,9,10,65,0,3,30,1,34,17,32,39,11,99,0,8,8,107
06/13/2020,MDT,PA,AEA,EN,Combined TRACON& Tower with Radar,10,12,11,1,34,0,4,13,3,20,10,16,24,4,54,0,4,4,58
06/14/2020,MDT,PA,AEA,EN,Combined TRACON& Tower with Radar,12,14,3,2,31,0,0,8,3,11,12,14,11,5,42,0,12,12,54
06/15/2020,MDT,PA,AEA,EN,Combined TRACON& Tower with Radar,23,23,13,12,71,0,0,23,0,23,23,23,36,12,94,16,8,24,118
06/16/2020,MDT,PA,AEA,EN,Combined TRACON& Tower with Radar,24,26,5,15,70,0,4,25,5,34,24,30,30,20,104,8,14,22,126
06/17/2020,MDT,PA,AEA,EN,Combined TRACON& Tower with Radar,20,25,14,16,75,0,0,10,13,23,20,25,24,29,98,10,116,126,224
06/18/2020,MDT,PA,AEA,EN,Combined TRACON& Tower with Radar,26,27,9,3,65,0,0,2,8,10,26,27,11,11,75,0,14,14,89
06/19/2020,MDT,PA,AEA,EN,Combined TRACON& Tower with Radar,17,27,4,6,54,0,2,2,2,6,17,29,6,8,60,0,0,0,60
06/20/2020,MDT,PA,AEA,EN,Combined TRACON& Tower with Radar,10,12,4,5,31,0,2,3,0,5,10,14,7,5,36,0,2,2,38
06/21/2020,MDT,PA,AEA,EN,Combined TRACON& Tower with Radar,13,14,8,2,37,0,0,6,0,6,13,14,14,2,43,0,0,0,43
06/22/2020,MDT,PA,AEA,EN,Combined TRACON& Tower with Radar,22,23,9,4,58,0,2,6,2,10,22,25,15,6,68,0,0,0,68
06/23/2020,MDT,PA,AEA,EN,Combined TRACON& Tower with Radar,24,22,10,13,69,0,0,3,1,4,24,22,13,14,73,4,6,10,83
06/24/2020,MDT,PA,AEA,EN,Combined TRACON& Tower with Radar,19,27,26,18,90,0,1,18,4,23,19,28,44,22,113,22,20,42,155
06/25/2020,MDT,PA,AEA,EN,Combined TRACON& Tower with Radar,26,27,18,19,90,0,1,14,4,19,26,28,32,23,109,0,20,20,129
06/26/2020,MDT,PA,AEA,EN,Combined TRACON& Tower with Radar,17,33,6,20,76,0,1,13,8,22,17,34,19,28,98,44,16,60,158
06/27/2020,MDT,PA,AEA,EN,Combined TRACON& Tower with Radar,8,13,5,6,32,0,0,3,3,6,8,13,8,9,38,24,16,40,78
06/28/2020,MDT,PA,AEA,EN,Combined TRACON& Tower with Radar,12,18,7,0,37,0,0,10,0,10,12,18,17,0,47,20,0,20,67
06/29/2020,MDT,PA,AEA,EN,Combined TRACON& Tower with Radar,24,25,9,0,58,0,0,19,0,19,24,25,28,0,77,0,0,0,77
06/30/2020,MDT,PA,AEA,EN,Combined TRACON& Tower with Radar,23,19,17,5,64,0,1,8,12,21,23,20,25,17,85,0,20,20,105
07/01/2020,MDT,PA,AEA,EN,Combined TRACON& Tower with Radar,22,26,28,7,83,0,1,5,6,12,22,27,33,13,95,2,56,58,153
07/02/2020,MDT,PA,AEA,EN,Combined TRACON& Tower with Radar,26,28,4,26,84,0,3,11,4,18,26,31,15,30,102,0,16,16,118
07/03/2020,MDT,PA,AEA,EN,Combined TRACON& Tower with Radar,18,26,9,6,59,0,1,10,0,11,18,27,19,6,70,0,8,8,78
07/04/2020,MDT,PA,AEA,EN,Combined TRACON& Tower with Radar,12,15,5,0,32,0,1,6,1,8,12,16,11,1,40,22,0,22,62
07/05/2020,MDT,PA,AEA,EN,Combined TRACON& Tower with Radar,21,23,7,0,51,0,4,13,0,17,21,27,20,0,68,12,0,12,80
07/06/2020,MDT,PA,AEA,EN,Combined TRACON& Tower with Radar,27,28,5,6,66,0,0,3,0,3,27,28,8,6,69,2,0,2,71
07/07/2020,MDT,PA,AEA,EN,Combined TRACON& Tower with Radar,29,29,22,14,94,0,2,2,6,10,29,31,24,20,104,0,4,4,108
07/08/2020,MDT,PA,AEA,EN,Combined TRACON& Tower with Radar,31,33,11,10,85,0,0,8,0,8,31,33,19,10,93,4,2,6,99
07/09/2020,MDT,PA,AEA,EN,Combined TRACON& Tower with Radar,36,34,10,2,82,0,0,18,6,24,36,34,28,8,106,16,22,38,144
07/10/2020,MDT,PA,AEA,EN,Combined TRACON& Tower with Radar,29,37,9,18,93,0,0,5,3,8,29,37,14,21,101,0,14,14,115
07/11/2020,MDT,PA,AEA,EN,Combined TRACON& Tower with Radar,26,25,7,0,58,0,3,6,1,10,26,28,13,1,68,0,0,0,68
07/12/2020,MDT,PA,AEA,EN,Combined TRACON& Tower with Radar,28,24,15,1,68,0,0,12,0,12,28,24,27,1,80,0,0,0,80
07/13/2020,MDT,PA,AEA,EN,Combined TRACON& Tower with Radar,32,27,10,9,78,0,2,10,10,22,32,29,20,19,100,0,30,30,130
07/14/2020,MDT,PA,AEA,EN,Combined TRACON& Tower with Radar,30,28,9,8,75,0,2,18,8,28,30,30,27,16,103,0,14,14,117
07/15/2020,MDT,PA,AEA,EN,Combined TRACON& Tower with Radar,27,24,19,19,89,0,0,21,5,26,27,24,40,24,115,10,0,10,125
07/16/2020,MDT,PA,AEA,EN,Combined TRACON& Tower with Radar,38,31,10,2,81,0,0,7,3,10,38,31,17,5,91,0,4,4,95
07/17/2020,MDT,PA,AEA,EN,Combined TRACON& Tower with Radar,28,34,25,7,94,0,0,11,3,14,28,34,36,10,108,0,2,2,110
07/18/2020,MDT,PA,AEA,EN,Combined TRACON& Tower with Radar,25,20,6,4,55,0,0,18,1,19,25,20,24,5,74,8,0,8,82
07/19/2020,MDT,PA,AEA,EN,Combined TRACON& Tower with Radar,26,33,7,1,67,0,2,8,3,13,26,35,15,4,80,0,0,0,80
07/20/2020,MDT,PA,AEA,EN,Combined TRACON& Tower with Radar,32,31,2,38,103,0,0,5,0,5,32,31,7,38,108,0,6,6,114
07/21/2020,MDT,PA,AEA,EN,Combined TRACON& Tower with Radar,33,24,12,20,89,0,3,14,8,25,33,27,26,28,114,4,20,24,138
07/22/2020,MDT,PA,AEA,EN,Combined TRACON& Tower with Radar,29,29,12,5,75,0,0,7,1,8,29,29,19,6,83,0,10,10,93
07/23/2020,MDT,PA,AEA,EN,Combined TRACON& Tower with Radar,38,36,10,9,93,0,4,10,2,16,38,40,20,11,109,6,34,40,149
07/24/2020,MDT,PA,AEA,EN,Combined TRACON& Tower with Radar,29,33,15,4,81,0,6,7,3,16,29,39,22,7,97,4,2,6,103
07/25/2020,MDT,PA,AEA,EN,Combined TRACON& Tower with Radar,26,22,4,0,52,0,0,8,0,8,26,22,12,0,60,0,0,0,60
07/26/2020,MDT,PA,AEA,EN,Combined TRACON& Tower with Radar,26,28,16,5,75,0,2,18,1,21,26,30,34,6,96,0,16,16,112
07/27/2020,MDT,PA,AEA,EN,Combined TRACON& Tower with Radar,34,31,14,14,93,0,0,9,0,9,34,31,23,14,102,4,4,8,110
07/28/2020,MDT,PA,AEA,EN,Combined TRACON& Tower with Radar,32,24,6,8,70,0,0,1,1,2,32,24,7,9,72,0,16,16,88
07/29/2020,MDT,PA,AEA,EN,Combined TRACON& Tower with Radar,29,26,9,8,72,0,4,30,2,36,29,30,39,10,108,8,0,8,116
07/30/2020,MDT,PA,AEA,EN,Combined TRACON& Tower with Radar,35,32,25,11,103,0,0,16,2,18,35,32,41,13,121,28,10,38,159
07/31/2020,MDT,PA,AEA,EN,Combined TRACON& Tower with Radar,25,29,24,17,95,0,0,6,5,11,25,29,30,22,106,6,30,36,142
08/01/2020,MDT,PA,AEA,EN,Combined TRACON& Tower with Radar,27,20,2,2,51,0,2,4,0,6,27,22,6,2,57,0,0,0,57
08/02/2020,MDT,PA,AEA,EN,Combined TRACON& Tower with Radar,24,23,6,0,53,0,0,2,0,2,24,23,8,0,55,0,0,0,55
08/03/2020,MDT,PA,AEA,EN,Combined TRACON& Tower with Radar,30,32,10,9,81,0,0,10,1,11,30,32,20,10,92,2,20,22,114
08/04/2020,MDT,PA,AEA,EN,Combined TRACON& Tower with Radar,28,22,3,0,53,0,0,3,0,3,28,22,6,0,56,2,0,2,58
08/05/2020,MDT,PA,AEA,EN,Combined TRACON& Tower with Radar,32,25,14,7,78,0,1,24,0,25,32,26,38,7,103,4,6,10,113
08/06/2020,MDT,PA,AEA,EN,Combined TRACON& Tower with Radar,37,32,13,7,89,0,0,7,2,9,37,32,20,9,98,14,18,32,130
08/07/2020,MDT,PA,AEA,EN,Combined TRACON& Tower with Radar,29,38,16,4,87,0,2,1,0,3,29,40,17,4,90,0,0,0,90
08/08/2020,MDT,PA,AEA,EN,Combined TRACON& Tower with Radar,26,19,10,1,56,0,3,14,0,17,26,22,24,1,73,6,0,6,79
08/09/2020,MDT,PA,AEA,EN,Combined TRACON& Tower with Radar,24,20,9,2,55,0,0,15,0,15,24,20,24,2,70,20,0,20,90
08/10/2020,MDT,PA,AEA,EN,Combined TRACON& Tower with Radar,33,27,7,2,69,1,0,13,1,15,34,27,20,3,84,14,0,14,98
08/11/2020,MDT,PA,AEA,EN,Combined TRACON& Tower with Radar,29,26,8,12,75,0,0,13,0,13,29,26,21,12,88,24,0,24,112
08/12/2020,MDT,PA,AEA,EN,Combined TRACON& Tower with Radar,31,25,3,9,68,0,0,14,2,16,31,25,17,11,84,16,20,36,120
08/13/2020,MDT,PA,AEA,EN,Combined TRACON& Tower with Radar,34,35,9,0,78,0,6,6,2,14,34,41,15,2,92,0,0,0,92
08/14/2020,MDT,PA,AEA,EN,Combined TRACON& Tower with Radar,28,28,7,16,79,0,0,19,6,25,28,28,26,22,104,12,28,40,144
08/15/2020,MDT,PA,AEA,EN,Combined TRACON& Tower with Radar,29,22,4,2,57,0,1,1,0,2,29,23,5,2,59,0,0,0,59
08/16/2020,MDT,PA,AEA,EN,Combined TRACON& Tower with Radar,25,20,8,4,57,0,2,11,0,13,25,22,19,4,70,46,0,46,116
08/17/2020,MDT,PA,AEA,EN,Combined TRACON& Tower with Radar,34,35,10,1,80,0,3,5,1,9,34,38,15,2,89,16,0,16,105
08/18/2020,MDT,PA,AEA,EN,Combined TRACON& Tower with Radar,33,23,13,2,71,0,4,26,0,30,33,27,39,2,101,2,0,2,103
08/19/2020,MDT,PA,AEA,EN,Combined TRACON& Tower with Radar,29,26,11,23,89,0,2,20,0,22,29,28,31,23,111,36,12,48,159
08/20/2020,MDT,PA,AEA,EN,Combined TRACON& Tower with Radar,34,34,15,9,92,0,0,19,0,19,34,34,34,9,111,6,0,6,117
08/21/2020,MDT,PA,AEA,EN,Combined TRACON& Tower with Radar,26,33,13,4,76,0,1,5,1,7,26,34,18,5,83,0,0,0,83
08/22/2020,MDT,PA,AEA,EN,Combined TRACON& Tower with Radar,24,18,9,0,51,0,0,29,0,29,24,18,38,0,80,24,0,24,104
08/23/2020,MDT,PA,AEA,EN,Combined TRACON& Tower with Radar,21,24,6,0,51,0,0,4,0,4,21,24,10,0,55,0,0,0,55
08/24/2020,MDT,PA,AEA,EN,Combined TRACON& Tower with Radar,29,34,15,18,96,0,5,7,2,14,29,39,22,20,110,8,12,20,130
08/25/2020,MDT,PA,AEA,EN,Combined TRACON& Tower with Radar,30,27,12,4,73,0,5,1,1,7,30,32,13,5,80,8,10,18,98
08/26/2020,MDT,PA,AEA,EN,Combined TRACON& Tower with Radar,27,34,16,6,83,0,7,28,4,39,27,41,44,10,122,18,18,36,158
08/27/2020,MDT,PA,AEA,EN,Combined TRACON& Tower with Radar,33,33,9,7,82,0,0,4,1,5,33,33,13,8,87,0,0,0,87
08/28/2020,MDT,PA,AEA,EN,Combined TRACON& Tower with Radar,26,33,6,3,68,0,0,6,1,7,26,33,12,4,75,0,0,0,75
08/29/2020,MDT,PA,AEA,EN,Combined TRACON& Tower with Radar,23,23,11,0,57,0,0,2,0,2,23,23,13,0,59,0,0,0,59
08/30/2020,MDT,PA,AEA,EN,Combined TRACON& Tower with Radar,20,24,13,3,60,0,2,12,1,15,20,26,25,4,75,14,0,14,89
08/31/2020,MDT,PA,AEA,EN,Combined TRACON& Tower with Radar,31,23,15,6,75,0,2,6,3,11,31,25,21,9,86,0,34,34,120
09/01/2020,MDT,PA,AEA,EN,Combined TRACON& Tower with Radar,33,25,8,30,96,0,2,7,0,9,33,27,15,30,105,0,10,10,115
09/02/2020,MDT,PA,AEA,EN,Combined TRACON& Tower with Radar,29,23,20,5,77,0,0,1,0,1,29,23,21,5,78,0,0,0,78
09/03/2020,MDT,PA,AEA,EN,Combined TRACON& Tower with Radar,38,31,14,8,91,0,0,7,10,17,38,31,21,18,108,0,0,0,108
09/04/2020,MDT,PA,AEA,EN,Combined TRACON& Tower with Radar,25,34,15,1,75,0,0,10,0,10,25,34,25,1,85,6,20,26,111
09/05/2020,MDT,PA,AEA,EN,Combined TRACON& Tower with Radar,21,16,12,0,49,0,6,17,0,23,21,22,29,0,72,4,0,4,76
09/06/2020,MDT,PA,AEA,EN,Combined TRACON& Tower with Radar,19,19,7,2,47,0,2,11,0,13,19,21,18,2,60,14,4,18,78
09/07/2020,MDT,PA,AEA,EN,Combined TRACON& Tower with Radar,21,26,4,0,51,0,0,14,2,16,21,26,18,2,67,32,0,32,99
09/08/2020,MDT,PA,AEA,EN,Combined TRACON& Tower with Radar,30,21,14,11,76,0,0,15,5,20,30,21,29,16,96,8,28,36,132
09/09/2020,MDT,PA,AEA,EN,Combined TRACON& Tower with Radar,42,28,22,14,106,0,0,9,6,15,42,28,31,20,121,0,22,22,143
09/10/2020,MDT,PA,AEA,EN,Combined TRACON& Tower with Radar,45,21,11,11,88,0,2,0,2,4,45,23,11,13,92,4,18,22,114
09/11/2020,MDT,PA,AEA,EN,Combined TRACON& Tower with Radar,36,22,23,7,88,0,0,1,2,3,36,22,24,9,91,0,22,22,113
09/12/2020,MDT,PA,AEA,EN,Combined TRACON& Tower with Radar,31,17,5,1,54,0,4,8,4,16,31,21,13,5,70,12,0,12,82
09/13/2020,MDT,PA,AEA,EN,Combined TRACON& Tower with Radar,28,16,15,0,59,0,2,11,0,13,28,18,26,0,72,0,0,0,72
09/14/2020,MDT,PA,AEA,EN,Combined TRACON& Tower with Radar,37,19,15,9,80,0,0,12,3,15,37,19,27,12,95,32,0,32,127
09/15/2020,MDT,PA,AEA,EN,Combined TRACON& Tower with Radar,43,32,11,10,96,0,8,35,10,53,43,40,46,20,149,14,32,46,195
09/16/2020,MDT,PA,AEA,EN,Combined TRACON& Tower with Radar,36,30,15,10,91,0,2,5,4,11,36,32,20,14,102,8,36,44,146
09/17/2020,MDT,PA,AEA,EN,Combined TRACON& Tower with Radar,43,29,13,15,100,0,0,6,4,10,43,29,19,19,110,0,20,20,130
09/18/2020,MDT,PA,AEA,EN,Combined TRACON& Tower with Radar,33,27,4,10,74,0,0,1,3,4,33,27,5,13,78,0,24,24,102
09/19/2020,MDT,PA,AEA,EN,Combined TRACON& Tower with Radar,31,13,4,4,52,0,0,13,3,16,31,13,17,7,68,0,0,0,68
09/20/2020,MDT,PA,AEA,EN,Combined TRACON& Tower with Radar,28,21,8,0,57,0,0,13,0,13,28,21,21,0,70,0,0,0,70
09/21/2020,MDT,PA,AEA,EN,Combined TRACON& Tower with Radar,37,22,12,10,81,0,4,10,0,14,37,26,22,10,95,0,0,0,95
09/22/2020,MDT,PA,AEA,EN,Combined TRACON& Tower with Radar,40,29,11,5,85,0,2,8,7,17,40,31,19,12,102,0,2,2,104
09/23/2020,MDT,PA,AEA,EN,Combined TRACON& Tower with Radar,38,28,15,6,87,0,1,20,6,27,38,29,35,12,114,4,8,12,126
09/24/2020,MDT,PA,AEA,EN,Combined TRACON& Tower with Radar,41,24,5,5,75,0,0,11,2,13,41,24,16,7,88,12,8,20,108
09/25/2020,MDT,PA,AEA,EN,Combined TRACON& Tower with Radar,36,21,17,5,79,0,2,7,0,9,36,23,24,5,88,8,0,8,96
09/26/2020,MDT,PA,AEA,EN,Combined TRACON& Tower with Radar,31,14,9,3,57,0,0,1,0,1,31,14,10,3,58,0,0,0,58
09/27/2020,MDT,PA,AEA,EN,Combined TRACON& Tower with Radar,28,14,23,3,68,0,0,3,1,4,28,14,26,4,72,0,0,0,72
09/28/2020,MDT,PA,AEA,EN,Combined TRACON& Tower with Radar,36,26,20,22,104,0,4,7,0,11,36,30,27,22,115,20,18,38,153
09/29/2020,MDT,PA,AEA,EN,Combined TRACON& Tower with Radar,42,25,11,2,80,0,0,8,2,10,42,25,19,4,90,10,0,10,100
09/30/2020,MDT,PA,AEA,EN,Combined TRACON& Tower with Radar,38,26,10,1,75,0,0,5,0,5,38,26,15,1,80,0,0,0,80
10/01/2020,MDT,PA,AEA,EN,Combined TRACON& Tower with Radar,46,24,15,4,89,0,4,24,2,30,46,28,39,6,119,12,18,30,149
10/02/2020,MDT,PA,AEA,EN,Combined TRACON& Tower with Radar,41,35,14,3,93,0,2,7,1,10,41,37,21,4,103,0,8,8,111
10/03/2020,MDT,PA,AEA,EN,Combined TRACON& Tower with Radar,34,17,6,2,59,0,0,18,0,18,34,17,24,2,77,2,14,16,93
10/04/2020,MDT,PA,AEA,EN,Combined TRACON& Tower with Radar,30,15,5,0,50,0,1,14,0,15,30,16,19,0,65,10,0,10,75
10/05/2020,MDT,PA,AEA,EN,Combined TRACON& Tower with Radar,39,23,11,14,87,0,0,11,0,11,39,23,22,14,98,14,12,26,124
10/06/2020,MDT,PA,AEA,EN,Combined TRACON& Tower with Radar,42,23,9,1,75,0,0,8,5,13,42,23,17,6,88,4,0,4,92
10/07/2020,MDT,PA,AEA,EN,Combined TRACON& Tower with Radar,38,24,5,9,76,0,0,4,4,8,38,24,9,13,84,2,10,12,96
10/08/2020,MDT,PA,AEA,EN,Combined TRACON& Tower with Radar,40,22,13,6,81,0,2,16,4,22,40,24,29,10,103,38,20,58,161
10/09/2020,MDT,PA,AEA,EN,Combined TRACON& Tower with Radar,35,28,11,2,76,0,1,11,4,16,35,29,22,6,92,10,16,26,118
10/10/2020,MDT,PA,AEA,EN,Combined TRACON& Tower with Radar,30,12,8,7,57,0,0,7,0,7,30,12,15,7,64,16,18,34,98
10/11/2020,MDT,PA,AEA,EN,Combined TRACON& Tower with Radar,28,17,8,1,54,0,2,2,0,4,28,19,10,1,58,10,0,10,68
10/12/2020,MDT,PA,AEA,EN,Combined TRACON& Tower with Radar,35,23,7,2,67,0,1,0,0,1,35,24,7,2,68,0,0,0,68
10/13/2020,MDT,PA,AEA,EN,Combined TRACON& Tower with Radar,36,21,13,13,83,0,0,8,5,13,36,21,21,18,96,0,22,22,118
10/14/2020,MDT,PA,AEA,EN,Combined TRACON& Tower with Radar,38,28,9,7,82,0,3,17,11,31,38,31,26,18,113,16,14,30,143
10/15/2020,MDT,PA,AEA,EN,Combined TRACON& Tower with Radar,40,24,16,18,98,0,0,10,1,11,40,24,26,19,109,22,24,46,155
10/16/2020,MDT,PA,AEA,EN,Combined TRACON& Tower with Radar,35,25,10,22,92,0,0,1,8,9,35,25,11,30,101,0,50,50,151
10/17/2020,MDT,PA,AEA,EN,Combined TRACON& Tower with Radar,31,16,13,4,64,0,2,14,0,16,31,18,27,4,80,16,2,18,98
10/18/2020,MDT,PA,AEA,EN,Combined TRACON& Tower with Radar,28,14,5,7,54,0,0,18,0,18,28,14,23,7,72,22,0,22,94
10/19/2020,MDT,PA,AEA,EN,Combined TRACON& Tower with Radar,35,22,1,3,61,0,0,9,0,9,35,22,10,3,70,0,0,0,70
10/20/2020,MDT,PA,AEA,EN,Combined TRACON& Tower with Radar,36,17,14,17,84,0,0,14,4,18,36,17,28,21,102,10,26,36,138
10/21/2020,MDT,PA,AEA,EN,Combined TRACON& Tower with Radar,40,23,14,12,89,0,0,7,4,11,40,23,21,16,100,0,40,40,140
10/22/2020,MDT,PA,AEA,EN,Combined TRACON& Tower with Radar,40,21,9,4,74,0,0,5,0,5,40,21,14,4,79,0,0,0,79
10/23/2020,MDT,PA,AEA,EN,Combined TRACON& Tower with Radar,35,25,29,18,107,0,0,5,4,9,35,25,34,22,116,4,28,32,148
10/24/2020,MDT,PA,AEA,EN,Combined TRACON& Tower with Radar,28,12,8,5,53,0,2,4,2,8,28,14,12,7,61,0,0,0,61
10/25/2020,MDT,PA,AEA,EN,Combined TRACON& Tower with Radar,28,15,4,4,51,0,0,12,0,12,28,15,16,4,63,20,0,20,83
10/26/2020,MDT,PA,AEA,EN,Combined TRACON& Tower with Radar,35,25,20,8,88,0,0,0,0,0,35,25,20,8,88,0,0,0,88
10/27/2020,MDT,PA,AEA,EN,Combined TRACON& Tower with Radar,36,22,12,17,87,0,0,9,4,13,36,22,21,21,100,18,64,82,182
10/28/2020,MDT,PA,AEA,EN,Combined TRACON& Tower with Radar,34,21,22,24,101,0,0,1,6,7,34,21,23,30,108,12,50,62,170
10/29/2020,MDT,PA,AEA,EN,Combined TRACON& Tower with Radar,38,23,6,0,67,0,0,0,0,0,38,23,6,0,67,0,0,0,67
10/30/2020,MDT,PA,AEA,EN,Combined TRACON& Tower with Radar,33,26,5,4,68,0,0,3,0,3,33,26,8,4,71,0,0,0,71
10/31/2020,MDT,PA,AEA,EN,Combined TRACON& Tower with Radar,21,12,9,0,42,0,1,12,1,14,21,13,21,1,56,6,0,6,62
11/01/2020,MDT,PA,AEA,EN,Combined TRACON& Tower with Radar,27,16,6,0,49,0,0,1,1,2,27,16,7,1,51,0,0,0,51
11/02/2020,MDT,PA,AEA,EN,Combined TRACON& Tower with Radar,39,19,8,3,69,0,2,0,6,8,39,21,8,9,77,6,22,28,105
11/03/2020,MDT,PA,AEA,EN,Combined TRACON& Tower with Radar,34,16,12,4,66,0,4,10,5,19,34,20,22,9,85,0,20,20,105
11/04/2020,MDT,PA,AEA,EN,Combined TRACON& Tower with Radar,38,23,21,5,87,0,0,15,5,20,38,23,36,10,107,14,32,46,153
11/05/2020,MDT,PA,AEA,EN,Combined TRACON& Tower with Radar,47,33,21,3,104,0,0,19,3,22,47,33,40,6,126,8,20,28,154
11/06/2020,MDT,PA,AEA,EN,Combined TRACON& Tower with Radar,41,26,10,12,89,0,0,7,5,12,41,26,17,17,101,12,40,52,153
11/07/2020,MDT,PA,AEA,EN,Combined TRACON& Tower with Radar,24,17,6,0,47,0,1,29,0,30,24,18,35,0,77,8,6,14,91
11/08/2020,MDT,PA,AEA,EN,Combined TRACON& Tower with Radar,26,23,14,4,67,0,1,13,0,14,26,24,27,4,81,4,0,4,85
11/09/2020,MDT,PA,AEA,EN,Combined TRACON& Tower with Radar,43,20,8,24,95,0,2,28,2,32,43,22,36,26,127,0,0,0,127
11/10/2020,MDT,PA,AEA,EN,Combined TRACON& Tower with Radar,40,20,19,14,93,0,2,26,4,32,40,22,45,18,125,26,36,62,187
11/11/2020,MDT,PA,AEA,EN,Combined TRACON& Tower with Radar,40,17,12,0,69,26,0,5,40,71,66,17,17,40,140,0,0,0,140
11/12/2020,MDT,PA,AEA,EN,Combined TRACON& Tower with Radar,46,23,12,11,92,0,0,0,0,0,46,23,12,11,92,0,4,4,96
11/13/2020,MDT,PA,AEA,EN,Combined TRACON& Tower with Radar,41,26,11,4,82,0,0,11,2,13,41,26,22,6,95,20,0,20,115
11/14/2020,MDT,PA,AEA,EN,Combined TRACON& Tower with Radar,32,12,9,2,55,0,2,35,0,37,32,14,44,2,92,8,0,8,100
11/15/2020,MDT,PA,AEA,EN,Combined TRACON& Tower with Radar,26,21,2,0,49,0,0,2,1,3,26,21,4,1,52,10,0,10,62
11/16/2020,MDT,PA,AEA,EN,Combined TRACON& Tower with Radar,46,25,6,0,77,0,1,8,2,11,46,26,14,2,88,10,0,10,98
11/17/2020,MDT,PA,AEA,EN,Combined TRACON& Tower with Radar,43,27,7,13,90,0,1,5,1,7,43,28,12,14,97,0,6,6,103
11/18/2020,MDT,PA,AEA,EN,Combined TRACON& Tower with Radar,46,14,10,2,72,0,2,13,0,15,46,16,23,2,87,8,0,8,95
11/19/2020,MDT,PA,AEA,EN,Combined TRACON& Tower with Radar,44,22,15,12,93,0,2,15,7,24,44,24,30,19,117,4,0,4,121
11/20/2020,MDT,PA,AEA,EN,Combined TRACON& Tower with Radar,45,23,8,2,78,0,1,21,1,23,45,24,29,3,101,0,0,0,101
11/21/2020,MDT,PA,AEA,EN,Combined TRACON& Tower with Radar,28,16,14,0,58,0,0,14,0,14,28,16,28,0,72,8,0,8,80
11/22/2020,MDT,PA,AEA,EN,Combined TRACON& Tower with Radar,30,16,4,2,52,0,0,2,0,2,30,16,6,2,54,0,2,2,56
11/23/2020,MDT,PA,AEA,EN,Combined TRACON& Tower with Radar,43,15,0,3,61,0,2,2,1,5,43,17,2,4,66,6,16,22,88
11/24/2020,MDT,PA,AEA,EN,Combined TRACON& Tower with Radar,49,26,12,7,94,0,1,21,2,24,49,27,33,9,118,34,4,38,156
11/25/2020,MDT,PA,AEA,EN,Combined TRACON& Tower with Radar,55,22,10,8,95,0,0,26,10,36,55,22,36,18,131,36,10,46,177
11/26/2020,MDT,PA,AEA,EN,Combined TRACON& Tower with Radar,16,3,2,2,23,0,0,2,0,2,16,3,4,2,25,0,0,0,25
11/27/2020,MDT,PA,AEA,EN,Combined TRACON& Tower with Radar,35,12,5,0,52,0,0,17,0,17,35,12,22,0,69,4,0,4,73
11/28/2020,MDT,PA,AEA,EN,Combined TRACON& Tower with Radar,30,19,10,1,60,0,2,9,0,11,30,21,19,1,71,16,0,16,87
11/29/2020,MDT,PA,AEA,EN,Combined TRACON& Tower with Radar,30,25,16,0,71,0,0,22,0,22,30,25,38,0,93,50,0,50,143
11/30/2020,MDT,PA,AEA,EN,Combined TRACON& Tower with Radar,53,26,15,0,94,0,0,0,0,0,53,26,15,0,94,0,0,0,94
12/01/2020,MDT,PA,AEA,EN,Combined TRACON& Tower with Radar,47,19,5,3,74,0,0,5,0,5,47,19,10,3,79,0,0,0,79
12/02/2020,MDT,PA,AEA,EN,Combined TRACON& Tower with Radar,46,12,5,8,71,0,2,2,5,9,46,14,7,13,80,0,23,23,103
12/03/2020,MDT,PA,AEA,EN,Combined TRACON& Tower with Radar,51,21,4,7,83,0,1,15,18,34,51,22,19,25,117,14,16,30,147
12/04/2020,MDT,PA,AEA,EN,Combined TRACON& Tower with Radar,43,30,2,3,78,0,4,5,3,12,43,34,7,6,90,14,6,20,110
12/05/2020,MDT,PA,AEA,EN,Combined TRACON& Tower with Radar,27,11,4,0,42,0,0,1,0,1,27,11,5,0,43,4,0,4,47
12/06/2020,MDT,PA,AEA,EN,Combined TRACON& Tower with Radar,26,16,18,0,60,0,0,11,0,11,26,16,29,0,71,14,0,14,85
12/07/2020,MDT,PA,AEA,EN,Combined TRACON& Tower with Radar,42,17,11,13,83,0,0,7,6,13,42,17,18,19,96,12,42,54,150
12/08/2020,MDT,PA,AEA,EN,Combined TRACON& Tower with Radar,44,14,17,7,82,0,0,9,1,10,44,14,26,8,92,0,14,14,106
12/09/2020,MDT,PA,AEA,EN,Combined TRACON& Tower with Radar,41,12,9,11,73,0,0,7,2,9,41,12,16,13,82,27,15,42,124
12/10/2020,MDT,PA,AEA,EN,Combined TRACON& Tower with Radar,52,24,13,6,95,0,0,20,4,24,52,24,33,10,119,4,24,28,147
12/11/2020,MDT,PA,AEA,EN,Combined TRACON& Tower with Radar,44,23,19,6,92,0,0,8,1,9,44,23,27,7,101,0,0,0,101
12/12/2020,MDT,PA,AEA,EN,Combined TRACON& Tower with Radar,25,10,10,0,45,0,0,1,0,1,25,10,11,0,46,0,0,0,46
12/13/2020,MDT,PA,AEA,EN,Combined TRACON& Tower with Radar,26,15,11,4,56,0,0,10,0,10,26,15,21,4,66,0,0,0,66
12/14/2020,MDT,PA,AEA,EN,Combined TRACON& Tower with Radar,40,21,5,2,68,0,0,4,3,7,40,21,9,5,75,0,0,0,75
12/15/2020,MDT,PA,AEA,EN,Combined TRACON& Tower with Radar,44,17,15,2,78,0,2,24,0,26,44,19,39,2,104,22,0,22,126
12/16/2020,MDT,PA,AEA,EN,Combined TRACON& Tower with Radar,26,10,1,0,37,0,0,3,0,3,26,10,4,0,40,2,0,2,42
12/17/2020,MDT,PA,AEA,EN,Combined TRACON& Tower with Radar,38,13,3,0,54,0,2,2,0,4,38,15,5,0,58,0,0,0,58
12/18/2020,MDT,PA,AEA,EN,Combined TRACON& Tower with Radar,53,31,14,6,104,0,2,11,4,17,53,33,25,10,121,6,0,6,127
12/19/2020,MDT,PA,AEA,EN,Combined TRACON& Tower with Radar,39,24,15,3,81,0,2,11,1,14,39,26,26,4,95,0,0,0,95
12/20/2020,MDT,PA,AEA,EN,Combined TRACON& Tower with Radar,39,19,3,0,61,0,0,0,0,0,39,19,3,0,61,0,0,0,61
12/21/2020,MDT,PA,AEA,EN,Combined TRACON& Tower with Radar,52,24,12,2,90,0,0,0,0,0,52,24,12,2,90,0,0,0,90
12/22/2020,MDT,PA,AEA,EN,Combined TRACON& Tower with Radar,60,37,19,11,127,0,0,11,3,14,60,37,30,14,141,12,16,28,169
12/23/2020,MDT,PA,AEA,EN,Combined TRACON& Tower with Radar,55,28,15,7,105,0,3,23,1,27,55,31,38,8,132,14,42,56,188
12/24/2020,MDT,PA,AEA,EN,Combined TRACON& Tower with Radar,40,15,0,0,55,0,0,0,0,0,40,15,0,0,55,0,0,0,55
12/25/2020,MDT,PA,AEA,EN,Combined TRACON& Tower with Radar,20,13,1,0,34,0,0,2,0,2,20,13,3,0,36,0,0,0,36
12/26/2020,MDT,PA,AEA,EN,Combined TRACON& Tower with Radar,28,23,2,0,53,0,0,10,0,10,28,23,12,0,63,4,0,4,67
12/27/2020,MDT,PA,AEA,EN,Combined TRACON& Tower with Radar,28,20,7,0,55,0,2,10,0,12,28,22,17,0,67,16,0,16,83
12/28/2020,MDT,PA,AEA,EN,Combined TRACON& Tower with Radar,44,23,6,0,73,0,2,17,0,19,44,25,23,0,92,8,0,8,100
12/29/2020,MDT,PA,AEA,EN,Combined TRACON& Tower with Radar,48,22,10,8,88,0,0,17,2,19,48,22,27,10,107,4,14,18,125
12/30/2020,MDT,PA,AEA,EN,Combined TRACON& Tower with Radar,40,22,8,10,80,0,1,11,7,19,40,23,19,17,99,6,18,24,123
12/31/2020,MDT,PA,AEA,EN,Combined TRACON& Tower with Radar,37,15,2,0,54,0,0,3,0,3,37,15,5,0,57,0,0,0,57
01/01/2021,MDT,PA,AEA,EN,Combined TRACON& Tower with Radar,17,12,0,0,29,0,0,0,0,0,17,12,0,0,29,0,0,0,29
01/02/2021,MDT,PA,AEA,EN,Combined TRACON& Tower with Radar,28,21,2,0,51,0,4,5,0,9,28,25,7,0,60,12,0,12,72
01/03/2021,MDT,PA,AEA,EN,Combined TRACON& Tower with Radar,28,22,4,0,54,0,0,0,0,0,28,22,4,0,54,0,0,0,54
01/04/2021,MDT,PA,AEA,EN,Combined TRACON& Tower with Radar,42,23,9,14,88,0,0,10,4,14,42,23,19,18,102,22,24,46,148
01/05/2021,MDT,PA,AEA,EN,Combined TRACON& Tower with Radar,32,18,6,4,60,0,0,8,0,8,32,18,14,4,68,0,8,8,76
01/06/2021,MDT,PA,AEA,EN,Combined TRACON& Tower with Radar,32,26,11,32,101,0,3,6,18,27,32,29,17,50,128,0,78,78,206
01/07/2021,MDT,PA,AEA,EN,Combined TRACON& Tower with Radar,38,30,9,30,107,0,0,8,6,14,38,30,17,36,121,0,18,18,139
01/08/2021,MDT,PA,AEA,EN,Combined TRACON& Tower with Radar,27,35,5,16,83,0,1,9,2,12,27,36,14,18,95,0,18,18,113
01/09/2021,MDT,PA,AEA,EN,Combined TRACON& Tower with Radar,18,22,6,5,51,0,0,6,3,9,18,22,12,8,60,0,0,0,60
01/10/2021,MDT,PA,AEA,EN,Combined TRACON& Tower with Radar,22,20,12,0,54,0,0,19,0,19,22,20,31,0,73,6,0,6,79
01/11/2021,MDT,PA,AEA,EN,Combined TRACON& Tower with Radar,32,27,3,0,62,0,0,8,0,8,32,27,11,0,70,0,0,0,70
01/12/2021,MDT,PA,AEA,EN,Combined TRACON& Tower with Radar,31,22,9,2,64,0,0,18,15,33,31,22,27,17,97,10,28,38,135
01/13/2021,MDT,PA,AEA,EN,Combined TRACON& Tower with Radar,30,23,25,24,102,0,0,18,6,24,30,23,43,30,126,14,26,40,166
01/14/2021,MDT,PA,AEA,EN,Combined TRACON& Tower with Radar,39,32,16,5,92,0,1,10,2,13,39,33,26,7,105,8,8,16,121
01/15/2021,MDT,PA,AEA,EN,Combined TRACON& Tower with Radar,27,40,5,20,92,0,4,1,0,5,27,44,6,20,97,0,2,2,99
01/16/2021,MDT,PA,AEA,EN,Combined TRACON& Tower with Radar,19,19,16,8,62,0,0,15,1,16,19,19,31,9,78,8,22,30,108
01/17/2021,MDT,PA,AEA,EN,Combined TRACON& Tower with Radar,19,21,7,4,51,0,0,0,8,8,19,21,7,12,59,0,4,4,63
01/18/2021,MDT,PA,AEA,EN,Combined TRACON& Tower with Radar,33,27,10,3,73,0,0,14,4,18,33,27,24,7,91,4,0,4,95
01/19/2021,MDT,PA,AEA,EN,Combined TRACON& Tower with Radar,30,25,11,15,81,0,1,4,11,16,30,26,15,26,97,14,20,34,131
01/20/2021,MDT,PA,AEA,EN,Combined TRACON& Tower with Radar,29,29,7,11,76,1,0,3,8,12,30,29,10,19,88,0,40,40,128
01/21/2021,MDT,PA,AEA,EN,Combined TRACON& Tower with Radar,33,35,16,25,109,0,0,4,14,18,33,35,20,39,127,0,58,58,185
01/22/2021,MDT,PA,AEA,EN,Combined TRACON& Tower with Radar,27,28,5,8,68,0,2,4,5,11,27,30,9,13,79,2,32,34,113
01/23/2021,MDT,PA,AEA,EN,Combined TRACON& Tower with Radar,18,23,4,2,47,0,2,1,1,4,18,25,5,3,51,0,14,14,65
01/24/2021,MDT,PA,AEA,EN,Combined TRACON& Tower with Radar,23,25,4,3,55,0,3,15,0,18,23,28,19,3,73,4,0,4,77
01/25/2021,MDT,PA,AEA,EN,Combined TRACON& Tower with Radar,33,30,8,23,94,0,0,0,4,4,33,30,8,27,98,0,54,54,152
01/26/2021,MDT,PA,AEA,EN,Combined TRACON& Tower with Radar,33,16,7,2,58,0,0,0,0,0,33,16,7,2,58,0,0,0,58
01/27/2021,MDT,PA,AEA,EN,Combined TRACON& Tower with Radar,31,28,23,39,121,0,0,18,15,33,31,28,41,54,154,14,24,38,192
01/28/2021,MDT,PA,AEA,EN,Combined TRACON& Tower with Radar,35,34,8,15,92,0,2,7,6,15,35,36,15,21,107,26,12,38,145
01/29/2021,MDT,PA,AEA,EN,Combined TRACON& Tower with Radar,27,34,5,11,77,0,0,0,3,3,27,34,5,14,80,0,32,32,112
01/30/2021,MDT,PA,AEA,EN,Combined TRACON& Tower with Radar,19,21,8,3,51,0,0,32,0,32,19,21,40,3,83,20,6,26,109
01/31/2021,MDT,PA,AEA,EN,Combined TRACON& Tower with Radar,16,23,4,0,43,0,0,0,0,0,16,23,4,0,43,0,0,0,43
02/01/2021,MDT,PA,AEA,EN,Combined TRACON& Tower with Radar,15,4,4,0,23,0,0,0,0,0,15,4,4,0,23,0,0,0,23
02/02/2021,MDT,PA,AEA,EN,Combined TRACON& Tower with Radar,20,21,4,0,45,0,4,0,0,4,20,25,4,0,49,4,0,4,53
02/03/2021,MDT,PA,AEA,EN,Combined TRACON& Tower with Radar,33,24,11,10,78,0,0,5,9,14,33,24,16,19,92,2,54,56,148
02/04/2021,MDT,PA,AEA,EN,Combined TRACON& Tower with Radar,37,33,10,4,84,0,8,18,12,38,37,41,28,16,122,8,20,28,150
02/05/2021,MDT,PA,AEA,EN,Combined TRACON& Tower with Radar,27,36,8,3,74,0,4,3,7,14,27,40,11,10,88,2,20,22,110
02/06/2021,MDT,PA,AEA,EN,Combined TRACON& Tower with Radar,22,20,16,5,63,0,3,24,1,28,22,23,40,6,91,16,0,16,107
02/07/2021,MDT,PA,AEA,EN,Combined TRACON& Tower with Radar,19,25,3,0,47,0,0,0,0,0,19,25,3,0,47,0,0,0,47
02/08/2021,MDT,PA,AEA,EN,Combined TRACON& Tower with Radar,34,34,8,5,81,0,0,14,1,15,34,34,22,6,96,10,18,28,124
02/09/2021,MDT,PA,AEA,EN,Combined TRACON& Tower with Radar,30,23,16,12,81,0,2,3,5,10,30,25,19,17,91,0,8,8,99
02/10/2021,MDT,PA,AEA,EN,Combined TRACON& Tower with Radar,33,23,9,22,87,0,0,15,4,19,33,23,24,26,106,12,14,26,132
02/11/2021,MDT,PA,AEA,EN,Combined TRACON& Tower with Radar,34,31,13,6,84,0,0,2,13,15,34,31,15,19,99,0,16,16,115
02/12/2021,MDT,PA,AEA,EN,Combined TRACON& Tower with Radar,35,29,10,11,85,0,0,18,11,29,35,29,28,22,114,4,12,16,130
02/13/2021,MDT,PA,AEA,EN,Combined TRACON& Tower with Radar,36,22,7,3,68,0,0,3,3,6,36,22,10,6,74,2,8,10,84
02/14/2021,MDT,PA,AEA,EN,Combined TRACON& Tower with Radar,21,24,5,4,54,0,0,10,6,16,21,24,15,10,70,14,8,22,92
02/15/2021,MDT,PA,AEA,EN,Combined TRACON& Tower with Radar,28,27,1,1,57,0,0,0,0,0,28,27,1,1,57,0,0,0,57
02/16/2021,MDT,PA,AEA,EN,Combined TRACON& Tower with Radar,29,14,9,20,72,0,2,3,13,18,29,16,12,33,90,0,42,42,132
02/17/2021,MDT,PA,AEA,EN,Combined TRACON& Tower with Radar,31,25,35,8,99,0,0,17,6,23,31,25,52,14,122,18,6,24,146
02/18/2021,MDT,PA,AEA,EN,Combined TRACON& Tower with Radar,24,10,4,0,38,0,0,0,0,0,24,10,4,0,38,0,0,0,38
02/19/2021,MDT,PA,AEA,EN,Combined TRACON& Tower with Radar,32,27,9,0,68,0,0,4,0,4,32,27,13,0,72,0,0,0,72
02/20/2021,MDT,PA,AEA,EN,Combined TRACON& Tower with Radar,34,17,10,0,61,0,0,7,0,7,34,17,17,0,68,0,0,0,68
02/21/2021,MDT,PA,AEA,EN,Combined TRACON& Tower with Radar,25,22,17,1,65,0,0,26,7,33,25,22,43,8,98,18,10,28,126
02/22/2021,MDT,PA,AEA,EN,Combined TRACON& Tower with Radar,40,29,7,4,80,0,1,0,0,1,40,30,7,4,81,0,16,16,97
02/23/2021,MDT,PA,AEA,EN,Combined TRACON& Tower with Radar,40,22,14,12,88,0,3,2,15,20,40,25,16,27,108,0,40,40,148
02/24/2021,MDT,PA,AEA,EN,Combined TRACON& Tower with Radar,38,35,17,20,110,0,0,25,10,35,38,35,42,30,145,12,12,24,169
02/25/2021,MDT,PA,AEA,EN,Combined TRACON& Tower with Radar,40,46,10,16,112,0,2,33,19,54,40,48,43,35,166,22,38,60,226
02/26/2021,MDT,PA,AEA,EN,Combined TRACON& Tower with Radar,36,27,15,4,82,0,0,17,4,21,36,27,32,8,103,4,0,4,107
02/27/2021,MDT,PA,AEA,EN,Combined TRACON& Tower with Radar,31,17,14,0,62,0,2,6,0,8,31,19,20,0,70,0,0,0,70
02/28/2021,MDT,PA,AEA,EN,Combined TRACON& Tower with Radar,27,26,19,4,76,0,0,0,0,0,27,26,19,4,76,0,0,0,76
03/01/2021,MDT,PA,AEA,EN,Combined TRACON& Tower with Radar,38,29,4,8,79,0,1,1,0,2,38,30,5,8,81,8,2,10,91
03/02/2021,MDT,PA,AEA,EN,Combined TRACON& Tower with Radar,40,21,23,21,105,0,0,13,5,18,40,21,36,26,123,28,14,42,165
03/03/2021,MDT,PA,AEA,EN,Combined TRACON& Tower with Radar,36,23,16,13,88,0,2,25,7,34,36,25,41,20,122,20,28,48,170
03/04/2021,MDT,PA,AEA,EN,Combined TRACON& Tower with Radar,38,37,9,5,89,0,0,9,12,21,38,37,18,17,110,0,8,8,118
03/05/2021,MDT,PA,AEA,EN,Combined TRACON& Tower with Radar,40,37,3,14,94,0,0,10,3,13,40,37,13,17,107,0,6,6,113
03/06/2021,MDT,PA,AEA,EN,Combined TRACON& Tower with Radar,30,19,9,5,63,0,4,16,0,20,30,23,25,5,83,26,0,26,109
03/07/2021,MDT,PA,AEA,EN,Combined TRACON& Tower with Radar,28,27,12,3,70,0,0,16,5,21,28,27,28,8,91,20,6,26,117
03/08/2021,MDT,PA,AEA,EN,Combined TRACON& Tower with Radar,43,29,14,7,93,0,0,15,1,16,43,29,29,8,109,12,8,20,129
03/09/2021,MDT,PA,AEA,EN,Combined TRACON& Tower with Radar,31,28,19,10,88,0,2,30,2,34,31,30,49,12,122,20,0,20,142
03/10/2021,MDT,PA,AEA,EN,Combined TRACON& Tower with Radar,41,30,16,3,90,0,0,19,0,19,41,30,35,3,109,10,0,10,119
03/11/2021,MDT,PA,AEA,EN,Combined TRACON& Tower with Radar,44,41,18,21,124,0,1,10,3,14,44,42,28,24,138,12,0,12,150
03/12/2021,MDT,PA,AEA,EN,Combined TRACON& Tower with Radar,37,33,17,17,104,0,0,15,14,29,37,33,32,31,133,4,48,52,185
03/13/2021,MDT,PA,AEA,EN,Combined TRACON& Tower with Radar,31,18,14,0,63,0,0,21,0,21,31,18,35,0,84,32,0,32,116
03/14/2021,MDT,PA,AEA,EN,Combined TRACON& Tower with Radar,27,35,6,4,72,0,0,11,0,11,27,35,17,4,83,0,0,0,83
03/15/2021,MDT,PA,AEA,EN,Combined TRACON& Tower with Radar,43,31,24,21,119,0,1,11,5,17,43,32,35,26,136,10,32,42,178
03/16/2021,MDT,PA,AEA,EN,Combined TRACON& Tower with Radar,36,25,12,12,85,0,2,6,13,21,36,27,18,25,106,0,68,68,174
03/17/2021,MDT,PA,AEA,EN,Combined TRACON& Tower with Radar,38,36,20,35,129,0,0,0,4,4,38,36,20,39,133,0,24,24,157
03/18/2021,MDT,PA,AEA,EN,Combined TRACON& Tower with Radar,41,34,19,16,110,0,0,0,0,0,41,34,19,16,110,0,0,0,110
03/19/2021,MDT,PA,AEA,EN,Combined TRACON& Tower with Radar,36,35,4,14,89,0,2,6,8,16,36,37,10,22,105,8,0,8,113
03/20/2021,MDT,PA,AEA,EN,Combined TRACON& Tower with Radar,34,16,11,0,61,0,0,25,6,31,34,16,36,6,92,14,0,14,106
03/21/2021,MDT,PA,AEA,EN,Combined TRACON& Tower with Radar,28,27,11,2,68,0,0,25,0,25,28,27,36,2,93,20,0,20,113
03/22/2021,MDT,PA,AEA,EN,Combined TRACON& Tower with Radar,41,30,16,14,101,0,2,23,10,35,41,32,39,24,136,16,28,44,180
03/23/2021,MDT,PA,AEA,EN,Combined TRACON& Tower with Radar,37,24,11,38,110,0,0,26,8,34,37,24,37,46,144,30,24,54,198
03/24/2021,MDT,PA,AEA,EN,Combined TRACON& Tower with Radar,42,27,22,21,112,0,0,0,0,0,42,27,22,21,112,0,0,0,112
03/25/2021,MDT,PA,AEA,EN,Combined TRACON& Tower with Radar,43,43,22,20,128,0,2,0,0,2,43,45,22,20,130,0,4,4,134
03/26/2021,MDT,PA,AEA,EN,Combined TRACON& Tower with Radar,40,39,12,0,91,0,0,0,0,0,40,39,12,0,91,0,0,0,91
03/27/2021,MDT,PA,AEA,EN,Combined TRACON& Tower with Radar,31,19,12,2,64,0,3,16,0,19,31,22,28,2,83,2,0,2,85
03/28/2021,MDT,PA,AEA,EN,Combined TRACON& Tower with Radar,28,32,6,4,70,0,2,0,0,2,28,34,6,4,72,0,0,0,72
03/29/2021,MDT,PA,AEA,EN,Combined TRACON& Tower with Radar,38,31,5,20,94,0,2,5,8,15,38,33,10,28,109,22,24,46,155
03/30/2021,MDT,PA,AEA,EN,Combined TRACON& Tower with Radar,37,28,7,14,86,0,3,6,14,23,37,31,13,28,109,0,34,34,143
03/31/2021,MDT,PA,AEA,EN,Combined TRACON& Tower with Radar,33,31,12,33,109,0,0,2,11,13,33,31,14,44,122,0,20,20,142
04/01/2021,MDT,PA,AEA,EN,Combined TRACON& Tower with Radar,39,34,15,34,122,0,4,6,13,23,39,38,21,47,145,2,42,44,189
04/02/2021,MDT,PA,AEA,EN,Combined TRACON& Tower with Radar,39,30,6,2,77,0,2,8,8,18,39,32,14,10,95,0,4,4,99
04/03/2021,MDT,PA,AEA,EN,Combined TRACON& Tower with Radar,27,22,5,0,54,0,0,31,1,32,27,22,36,1,86,28,0,28,114
04/04/2021,MDT,PA,AEA,EN,Combined TRACON& Tower with Radar,30,27,2,0,59,0,0,5,1,6,30,27,7,1,65,0,0,0,65
04/05/2021,MDT,PA,AEA,EN,Combined TRACON& Tower with Radar,46,28,13,4,91,0,0,11,1,12,46,28,24,5,103,4,0,4,107
04/06/2021,MDT,PA,AEA,EN,Combined TRACON& Tower with Radar,29,32,16,15,92,0,0,33,10,43,29,32,49,25,135,12,60,72,207
04/07/2021,MDT,PA,AEA,EN,Combined TRACON& Tower with Radar,37,37,20,9,103,0,2,15,2,19,37,39,35,11,122,2,24,26,148
04/08/2021,MDT,PA,AEA,EN,Combined TRACON& Tower with Radar,42,32,16,7,97,0,2,21,8,31,42,34,37,15,128,0,52,52,180
04/09/2021,MDT,PA,AEA,EN,Combined TRACON& Tower with Radar,35,36,26,10,107,0,0,3,0,3,35,36,29,10,110,0,20,20,130
04/10/2021,MDT,PA,AEA,EN,Combined TRACON& Tower with Radar,30,24,21,6,81,0,0,1,0,1,30,24,22,6,82,0,0,0,82
04/11/2021,MDT,PA,AEA,EN,Combined TRACON& Tower with Radar,27,31,10,6,74,0,2,3,0,5,27,33,13,6,79,0,0,0,79
04/12/2021,MDT,PA,AEA,EN,Combined TRACON& Tower with Radar,40,38,16,2,96,0,0,0,0,0,40,38,16,2,96,0,0,0,96
04/13/2021,MDT,PA,AEA,EN,Combined TRACON& Tower with Radar,33,29,9,4,75,0,1,10,10,21,33,30,19,14,96,6,46,52,148
04/14/2021,MDT,PA,AEA,EN,Combined TRACON& Tower with Radar,32,33,18,8,91,0,0,6,2,8,32,33,24,10,99,8,8,16,115
04/15/2021,MDT,PA,AEA,EN,Combined TRACON& Tower with Radar,43,46,9,4,102,0,7,12,5,24,43,53,21,9,126,0,22,22,148
04/16/2021,MDT,PA,AEA,EN,Combined TRACON& Tower with Radar,30,35,5,7,77,0,0,12,4,16,30,35,17,11,93,10,2,12,105
04/17/2021,MDT,PA,AEA,EN,Combined TRACON& Tower with Radar,21,25,9,0,55,0,4,13,4,21,21,29,22,4,76,0,0,0,76
04/18/2021,MDT,PA,AEA,EN,Combined TRACON& Tower with Radar,30,24,25,4,83,0,0,25,1,26,30,24,50,5,109,12,2,14,123
04/19/2021,MDT,PA,AEA,EN,Combined TRACON& Tower with Radar,43,29,11,8,91,0,2,11,4,17,43,31,22,12,108,0,42,42,150
04/20/2021,MDT,PA,AEA,EN,Combined TRACON& Tower with Radar,29,26,23,1,79,0,0,10,3,13,29,26,33,4,92,46,6,52,144
04/21/2021,MDT,PA,AEA,EN,Combined TRACON& Tower with Radar,34,30,5,1,70,0,0,2,1,3,34,30,7,2,73,0,0,0,73
04/22/2021,MDT,PA,AEA,EN,Combined TRACON& Tower with Radar,40,39,5,5,89,0,0,2,5,7,40,39,7,10,96,0,10,10,106
04/23/2021,MDT,PA,AEA,EN,Combined TRACON& Tower with Radar,31,37,12,3,83,0,4,14,1,19,31,41,26,4,102,0,6,6,108
04/24/2021,MDT,PA,AEA,EN,Combined TRACON& Tower with Radar,20,24,12,0,56,0,2,22,0,24,20,26,34,0,80,24,0,24,104
04/25/2021,MDT,PA,AEA,EN,Combined TRACON& Tower with Radar,30,32,6,0,68,0,0,9,2,11,30,32,15,2,79,14,0,14,93
04/26/2021,MDT,PA,AEA,EN,Combined TRACON& Tower with Radar,42,35,16,9,102,0,0,16,4,20,42,35,32,13,122,6,10,16,138
04/27/2021,MDT,PA,AEA,EN,Combined TRACON& Tower with Radar,32,34,5,10,81,0,2,20,8,30,32,36,25,18,111,18,38,56,167
04/28/2021,MDT,PA,AEA,EN,Combined TRACON& Tower with Radar,33,39,7,20,99,0,3,9,9,21,33,42,16,29,120,8,26,34,154
04/29/2021,MDT,PA,AEA,EN,Combined TRACON& Tower with Radar,40,42,10,10,102,0,2,5,3,10,40,44,15,13,112,18,4,22,134
04/30/2021,MDT,PA,AEA,EN,Combined TRACON& Tower with Radar,33,31,5,3,72,0,2,1,1,4,33,33,6,4,76,0,0,0,76
05/01/2021,MDT,PA,AEA,EN,Combined TRACON& Tower with Radar,20,24,17,8,69,0,0,14,1,15,20,24,31,9,84,36,0,36,120
05/02/2021,MDT,PA,AEA,EN,Combined TRACON& Tower with Radar,31,25,11,1,68,0,2,9,0,11,31,27,20,1,79,20,0,20,99
05/03/2021,MDT,PA,AEA,EN,Combined TRACON& Tower with Radar,40,34,4,5,83,0,0,4,0,4,40,34,8,5,87,0,0,0,87
05/04/2021,MDT,PA,AEA,EN,Combined TRACON& Tower with Radar,32,37,12,13,94,0,1,6,10,17,32,38,18,23,111,0,30,30,141
05/05/2021,MDT,PA,AEA,EN,Combined TRACON& Tower with Radar,35,36,18,5,94,0,0,2,1,3,35,36,20,6,97,0,0,0,97
05/06/2021,MDT,PA,AEA,EN,Combined TRACON& Tower with Radar,45,33,19,14,111,0,6,10,6,22,45,39,29,20,133,14,14,28,161
05/07/2021,MDT,PA,AEA,EN,Combined TRACON& Tower with Radar,42,36,5,8,91,0,5,7,6,18,42,41,12,14,109,10,28,38,147
05/08/2021,MDT,PA,AEA,EN,Combined TRACON& Tower with Radar,25,25,9,2,61,0,0,4,0,4,25,25,13,2,65,6,0,6,71
05/09/2021,MDT,PA,AEA,EN,Combined TRACON& Tower with Radar,28,29,6,1,64,0,0,2,0,2,28,29,8,1,66,0,0,0,66
05/10/2021,MDT,PA,AEA,EN,Combined TRACON& Tower with Radar,49,30,24,6,109,0,0,6,6,12,49,30,30,12,121,2,6,8,129
05/11/2021,MDT,PA,AEA,EN,Combined TRACON& Tower with Radar,39,33,17,4,93,0,0,11,4,15,39,33,28,8,108,10,8,18,126
05/12/2021,MDT,PA,AEA,EN,Combined TRACON& Tower with Radar,44,36,11,16,107,0,0,14,8,22,44,36,25,24,129,2,26,28,157
05/13/2021,MDT,PA,AEA,EN,Combined TRACON& Tower with Radar,51,41,15,17,124,0,1,25,16,42,51,42,40,33,166,38,42,80,246
05/14/2021,MDT,PA,AEA,EN,Combined TRACON& Tower with Radar,44,35,11,10,100,0,3,15,8,26,44,38,26,18,126,2,6,8,134
05/15/2021,MDT,PA,AEA,EN,Combined TRACON& Tower with Radar,23,26,5,10,64,0,3,17,4,24,23,29,22,14,88,40,14,54,142
05/16/2021,MDT,PA,AEA,EN,Combined TRACON& Tower with Radar,28,32,17,6,83,0,2,17,2,21,28,34,34,8,104,4,6,10,114
05/17/2021,MDT,PA,AEA,EN,Combined TRACON& Tower with Radar,52,31,7,7,97,0,1,21,1,23,52,32,28,8,120,24,2,26,146
05/18/2021,MDT,PA,AEA,EN,Combined TRACON& Tower with Radar,40,36,26,14,116,0,0,19,6,25,40,36,45,20,141,10,12,22,163
05/19/2021,MDT,PA,AEA,EN,Combined TRACON& Tower with Radar,45,37,23,8,113,0,0,27,6,33,45,37,50,14,146,8,0,8,154
05/20/2021,MDT,PA,AEA,EN,Combined TRACON& Tower with Radar,52,41,16,11,120,0,1,12,0,13,52,42,28,11,133,0,18,18,151
05/21/2021,MDT,PA,AEA,EN,Combined TRACON& Tower with Radar,44,29,16,10,99,0,2,11,1,14,44,31,27,11,113,26,8,34,147
05/22/2021,MDT,PA,AEA,EN,Combined TRACON& Tower with Radar,23,24,8,2,57,0,1,14,3,18,23,25,22,5,75,10,0,10,85
05/23/2021,MDT,PA,AEA,EN,Combined TRACON& Tower with Radar,28,27,15,5,75,0,2,10,3,15,28,29,25,8,90,0,0,0,90
05/24/2021,MDT,PA,AEA,EN,Combined TRACON& Tower with Radar,49,30,17,13,109,0,2,6,3,11,49,32,23,16,120,0,28,28,148
05/25/2021,MDT,PA,AEA,EN,Combined TRACON& Tower with Radar,44,30,26,11,111,0,0,9,7,16,44,30,35,18,127,4,26,30,157
05/26/2021,MDT,PA,AEA,EN,Combined TRACON& Tower with Radar,43,45,27,5,120,0,6,7,1,14,43,51,34,6,134,0,0,0,134
05/27/2021,MDT,PA,AEA,EN,Combined TRACON& Tower with Radar,52,40,10,2,104,0,3,14,3,20,52,43,24,5,124,10,0,10,134
05/28/2021,MDT,PA,AEA,EN,Combined TRACON& Tower with Radar,43,38,8,1,90,0,1,3,0,4,43,39,11,1,94,0,0,0,94
05/29/2021,MDT,PA,AEA,EN,Combined TRACON& Tower with Radar,24,24,4,1,53,0,0,0,0,0,24,24,4,1,53,0,0,0,53
05/30/2021,MDT,PA,AEA,EN,Combined TRACON& Tower with Radar,26,27,6,0,59,0,0,0,0,0,26,27,6,0,59,0,0,0,59
05/31/2021,MDT,PA,AEA,EN,Combined TRACON& Tower with Radar,39,30,9,0,78,0,0,15,0,15,39,30,24,0,93,4,0,4,97
06/01/2021,MDT,PA,AEA,EN,Combined TRACON& Tower with Radar,42,27,12,21,102,0,0,25,5,30,42,27,37,26,132,0,36,36,168
06/02/2021,MDT,PA,AEA,EN,Combined TRACON& Tower with Radar,44,45,19,34,142,0,3,11,2,16,44,48,30,36,158,14,50,64,222
06/03/2021,MDT,PA,AEA,EN,Combined TRACON& Tower with Radar,49,42,18,15,124,0,2,1,4,7,49,44,19,19,131,0,24,24,155
06/04/2021,MDT,PA,AEA,EN,Combined TRACON& Tower with Radar,55,34,18,12,119,0,0,12,1,13,55,34,30,13,132,4,16,20,152
06/05/2021,MDT,PA,AEA,EN,Combined TRACON& Tower with Radar,37,29,11,0,77,0,3,16,2,21,37,32,27,2,98,37,0,37,135
06/06/2021,MDT,PA,AEA,EN,Combined TRACON& Tower with Radar,35,34,11,1,81,0,0,18,0,18,35,34,29,1,99,32,0,32,131
06/07/2021,MDT,PA,AEA,EN,Combined TRACON& Tower with Radar,46,33,22,3,104,0,0,10,0,10,46,33,32,3,114,12,0,12,126
06/08/2021,MDT,PA,AEA,EN,Combined TRACON& Tower with Radar,59,36,11,8,114,0,0,10,3,13,59,36,21,11,127,12,12,24,151
06/09/2021,MDT,PA,AEA,EN,Combined TRACON& Tower with Radar,47,32,33,3,115,0,0,16,9,25,47,32,49,12,140,20,0,20,160
06/10/2021,MDT,PA,AEA,EN,Combined TRACON& Tower with Radar,56,41,13,10,120,0,4,10,18,32,56,45,23,28,152,24,24,48,200
06/11/2021,MDT,PA,AEA,EN,Combined TRACON& Tower with Radar,43,39,16,23,121,0,0,1,0,1,43,39,17,23,122,0,0,0,122
06/12/2021,MDT,PA,AEA,EN,Combined TRACON& Tower with Radar,34,30,18,5,87,0,6,10,12,28,34,36,28,17,115,20,12,32,147
06/13/2021,MDT,PA,AEA,EN,Combined TRACON& Tower with Radar,45,37,15,7,104,2,0,4,4,10,47,37,19,11,114,0,8,8,122
06/14/2021,MDT,PA,AEA,EN,Combined TRACON& Tower with Radar,47,35,19,0,101,0,2,3,1,6,47,37,22,1,107,0,1,1,108
06/15/2021,MDT,PA,AEA,EN,Combined TRACON& Tower with Radar,51,29,11,5,96,0,1,8,6,15,51,30,19,11,111,42,30,72,183
06/16/2021,MDT,PA,AEA,EN,Combined TRACON& Tower with Radar,49,32,9,11,101,0,0,16,7,23,49,32,25,18,124,22,20,42,166
06/17/2021,MDT,PA,AEA,EN,Combined TRACON& Tower with Radar,55,36,18,9,118,0,3,24,4,31,55,39,42,13,149,26,4,30,179
06/18/2021,MDT,PA,AEA,EN,Combined TRACON& Tower with Radar,44,46,19,4,113,0,3,12,0,15,44,49,31,4,128,0,0,0,128
06/19/2021,MDT,PA,AEA,EN,Combined TRACON& Tower with Radar,39,31,11,1,82,0,7,8,1,16,39,38,19,2,98,0,0,0,98
06/20/2021,MDT,PA,AEA,EN,Combined TRACON& Tower with Radar,40,31,30,0,101,1,1,6,0,8,41,32,36,0,109,0,0,0,109
06/21/2021,MDT,PA,AEA,EN,Combined TRACON& Tower with Radar,46,30,20,9,105,0,3,5,2,10,46,33,25,11,115,0,0,0,115
06/22/2021,MDT,PA,AEA,EN,Combined TRACON& Tower with Radar,47,31,20,13,111,0,2,7,6,15,47,33,27,19,126,38,46,84,210
06/23/2021,MDT,PA,AEA,EN,Combined TRACON& Tower with Radar,48,35,32,6,121,0,3,34,4,41,48,38,66,10,162,36,46,82,244
06/24/2021,MDT,PA,AEA,EN,Combined TRACON& Tower with Radar,57,36,13,29,135,0,1,22,5,28,57,37,35,34,163,46,68,114,277
06/25/2021,MDT,PA,AEA,EN,Combined TRACON& Tower with Radar,47,41,20,7,115,0,2,31,9,42,47,43,51,16,157,20,46,66,223
06/26/2021,MDT,PA,AEA,EN,Combined TRACON& Tower with Radar,38,23,18,0,79,0,3,10,4,17,38,26,28,4,96,0,0,0,96
06/27/2021,MDT,PA,AEA,EN,Combined TRACON& Tower with Radar,38,24,18,1,81,0,3,20,5,28,38,27,38,6,109,22,2,24,133
06/28/2021,MDT,PA,AEA,EN,Combined TRACON& Tower with Radar,46,30,24,10,110,0,1,25,5,31,46,31,49,15,141,8,6,14,155
06/29/2021,MDT,PA,AEA,EN,Combined TRACON& Tower with Radar,52,33,13,38,136,0,0,11,4,15,52,33,24,42,151,4,48,52,203
06/30/2021,MDT,PA,AEA,EN,Combined TRACON& Tower with Radar,48,28,28,2,106,0,0,22,5,27,48,28,50,7,133,0,2,2,135
07/01/2021,MDT,PA,AEA,EN,Combined TRACON& Tower with Radar,64,37,9,9,119,0,0,2,15,17,64,37,11,24,136,0,40,40,176
07/02/2021,MDT,PA,AEA,EN,Combined TRACON& Tower with Radar,42,40,18,0,100,1,0,15,0,16,43,40,33,0,116,4,12,16,132
07/03/2021,MDT,PA,AEA,EN,Combined TRACON& Tower with Radar,46,29,3,0,78,0,0,8,0,8,46,29,11,0,86,0,0,0,86
07/04/2021,MDT,PA,AEA,EN,Combined TRACON& Tower with Radar,32,22,14,0,68,0,1,22,0,23,32,23,36,0,91,12,0,12,103
07/05/2021,MDT,PA,AEA,EN,Combined TRACON& Tower with Radar,34,38,12,0,84,0,2,17,1,20,34,40,29,1,104,18,0,18,122
07/06/2021,MDT,PA,AEA,EN,Combined TRACON& Tower with Radar,49,39,11,13,112,0,3,9,1,13,49,42,20,14,125,0,8,8,133
07/07/2021,MDT,PA,AEA,EN,Combined TRACON& Tower with Radar,48,38,16,21,123,0,0,11,3,14,48,38,27,24,137,0,2,2,139
07/08/2021,MDT,PA,AEA,EN,Combined TRACON& Tower with Radar,50,35,28,10,123,0,0,8,5,13,50,35,36,15,136,0,28,28,164
07/09/2021,MDT,PA,AEA,EN,Combined TRACON& Tower with Radar,33,48,27,14,122,0,0,15,6,21,33,48,42,20,143,30,32,62,205
07/10/2021,MDT,PA,AEA,EN,Combined TRACON& Tower with Radar,34,35,18,0,87,0,1,28,4,33,34,36,46,4,120,22,0,22,142
07/11/2021,MDT,PA,AEA,EN,Combined TRACON& Tower with Radar,31,36,16,2,85,0,0,5,0,5,31,36,21,2,90,12,0,12,102
07/12/2021,MDT,PA,AEA,EN,Combined TRACON& Tower with Radar,44,42,11,0,97,0,2,3,2,7,44,44,14,2,104,0,0,0,104
07/13/2021,MDT,PA,AEA,EN,Combined TRACON& Tower with Radar,41,40,19,9,109,0,1,3,4,8,41,41,22,13,117,0,22,22,139
07/14/2021,MDT,PA,AEA,EN,Combined TRACON& Tower with Radar,40,49,21,10,120,0,4,15,2,21,40,53,36,12,141,6,2,8,149
07/15/2021,MDT,PA,AEA,EN,Combined TRACON& Tower with Radar,52,41,29,8,130,0,2,20,4,26,52,43,49,12,156,16,48,64,220
07/16/2021,MDT,PA,AEA,EN,Combined TRACON& Tower with Radar,36,39,23,23,121,0,1,12,0,13,36,40,35,23,134,12,0,12,146
07/17/2021,MDT,PA,AEA,EN,Combined TRACON& Tower with Radar,39,35,3,4,81,0,0,2,1,3,39,35,5,5,84,4,6,10,94
07/18/2021,MDT,PA,AEA,EN,Combined TRACON& Tower with Radar,35,43,15,2,95,0,3,10,0,13,35,46,25,2,108,0,0,0,108
07/19/2021,MDT,PA,AEA,EN,Combined TRACON& Tower with Radar,40,37,25,9,111,0,0,11,3,14,40,37,36,12,125,16,28,44,169
07/20/2021,MDT,PA,AEA,EN,Combined TRACON& Tower with Radar,47,37,23,36,143,0,2,15,9,26,47,39,38,45,169,24,14,38,207
07/21/2021,MDT,PA,AEA,EN,Combined TRACON& Tower with Radar,47,41,23,5,116,0,0,20,4,24,47,41,43,9,140,32,0,32,172
07/22/2021,MDT,PA,AEA,EN,Combined TRACON& Tower with Radar,53,38,25,20,136,0,0,15,16,31,53,38,40,36,167,20,36,56,223
07/23/2021,MDT,PA,AEA,EN,Combined TRACON& Tower with Radar,39,41,45,22,147,0,0,22,6,28,39,41,67,28,175,44,12,56,231
07/24/2021,MDT,PA,AEA,EN,Combined TRACON& Tower with Radar,36,26,15,2,79,0,2,19,1,22,36,28,34,3,101,2,0,2,103
07/25/2021,MDT,PA,AEA,EN,Combined TRACON& Tower with Radar,31,39,18,1,89,0,0,10,0,10,31,39,28,1,99,8,0,8,107
07/26/2021,MDT,PA,AEA,EN,Combined TRACON& Tower with Radar,42,42,30,10,124,0,0,17,7,24,42,42,47,17,148,30,12,42,190
07/27/2021,MDT,PA,AEA,EN,Combined TRACON& Tower with Radar,45,43,20,32,140,0,6,17,7,30,45,49,37,39,170,10,16,26,196
07/28/2021,MDT,PA,AEA,EN,Combined TRACON& Tower with Radar,44,39,22,6,111,0,0,26,4,30,44,39,48,10,141,24,0,24,165
07/29/2021,MDT,PA,AEA,EN,Combined TRACON& Tower with Radar,57,48,21,13,139,0,0,2,4,6,57,48,23,17,145,0,10,10,155
07/30/2021,MDT,PA,AEA,EN,Combined TRACON& Tower with Radar,38,51,5,9,103,0,0,13,4,17,38,51,18,13,120,12,14,26,146
07/31/2021,MDT,PA,AEA,EN,Combined TRACON& Tower with Radar,36,30,6,0,72,0,2,23,0,25,36,32,29,0,97,14,0,14,111
08/01/2021,MDT,PA,AEA,EN,Combined TRACON& Tower with Radar,33,42,6,0,81,0,0,4,0,4,33,42,10,0,85,0,0,0,85
08/02/2021,MDT,PA,AEA,EN,Combined TRACON& Tower with Radar,42,44,12,2,100,0,0,12,1,13,42,44,24,3,113,14,0,14,127
08/03/2021,MDT,PA,AEA,EN,Combined TRACON& Tower with Radar,35,39,16,8,98,0,0,28,5,33,35,39,44,13,131,4,24,28,159
08/04/2021,MDT,PA,AEA,EN,Combined TRACON& Tower with Radar,42,40,13,8,103,0,0,21,5,26,42,40,34,13,129,8,8,16,145
08/05/2021,MDT,PA,AEA,EN,Combined TRACON& Tower with Radar,49,44,15,5,113,0,3,22,12,37,49,47,37,17,150,14,10,24,174
08/06/2021,MDT,PA,AEA,EN,Combined TRACON& Tower with Radar,37,38,12,7,94,0,1,20,4,25,37,39,32,11,119,36,0,36,155
08/07/2021,MDT,PA,AEA,EN,Combined TRACON& Tower with Radar,31,30,7,6,74,0,0,13,7,20,31,30,20,13,94,8,12,20,114
08/08/2021,MDT,PA,AEA,EN,Combined TRACON& Tower with Radar,32,39,18,4,93,0,2,20,5,27,32,41,38,9,120,19,10,29,149
08/09/2021,MDT,PA,AEA,EN,Combined TRACON& Tower with Radar,38,36,9,0,83,0,0,11,1,12,38,36,20,1,95,22,0,22,117
08/10/2021,MDT,PA,AEA,EN,Combined TRACON& Tower with Radar,35,43,26,8,112,0,0,9,12,21,35,43,35,20,133,16,0,16,149
08/11/2021,MDT,PA,AEA,EN,Combined TRACON& Tower with Radar,38,32,13,4,87,0,0,17,6,23,38,32,30,10,110,14,4,18,128
08/12/2021,MDT,PA,AEA,EN,Combined TRACON& Tower with Radar,49,49,13,2,113,0,2,17,3,22,49,51,30,5,135,0,4,4,139
08/13/2021,MDT,PA,AEA,EN,Combined TRACON& Tower with Radar,36,39,11,6,92,0,0,17,6,23,36,39,28,12,115,26,26,52,167
08/14/2021,MDT,PA,AEA,EN,Combined TRACON& Tower with Radar,30,28,10,0,68,0,2,12,2,16,30,30,22,2,84,10,0,10,94
08/15/2021,MDT,PA,AEA,EN,Combined TRACON& Tower with Radar,34,42,11,2,89,0,0,20,0,20,34,42,31,2,109,16,0,16,125
08/16/2021,MDT,PA,AEA,EN,Combined TRACON& Tower with Radar,41,42,15,2,100,0,0,10,2,12,41,42,25,4,112,14,0,14,126
08/17/2021,MDT,PA,AEA,EN,Combined TRACON& Tower with Radar,35,42,21,5,103,0,0,6,4,10,35,42,27,9,113,8,2,10,123
08/18/2021,MDT,PA,AEA,EN,Combined TRACON& Tower with Radar,30,47,12,0,89,0,0,0,0,0,30,47,12,0,89,0,0,0,89
08/19/2021,MDT,PA,AEA,EN,Combined TRACON& Tower with Radar,47,52,23,11,133,0,1,24,4,29,47,53,47,15,162,30,0,30,192
08/20/2021,MDT,PA,AEA,EN,Combined TRACON& Tower with Radar,33,47,20,22,122,0,2,12,4,18,33,49,32,26,140,4,30,34,174
08/21/2021,MDT,PA,AEA,EN,Combined TRACON& Tower with Radar,20,33,11,2,66,0,1,44,2,47,20,34,55,4,113,48,14,62,175
08/22/2021,MDT,PA,AEA,EN,Combined TRACON& Tower with Radar,28,42,7,0,77,0,0,1,0,1,28,42,8,0,78,0,0,0,78
08/23/2021,MDT,PA,AEA,EN,Combined TRACON& Tower with Radar,37,50,26,7,120,0,0,31,0,31,37,50,57,7,151,48,0,48,199
08/24/2021,MDT,PA,AEA,EN,Combined TRACON& Tower with Radar,32,49,17,39,137,0,2,39,10,51,32,51,56,49,188,38,60,98,286
08/25/2021,MDT,PA,AEA,EN,Combined TRACON& Tower with Radar,28,46,14,29,117,0,1,29,14,44,28,47,43,43,161,38,58,96,257
08/26/2021,MDT,PA,AEA,EN,Combined TRACON& Tower with Radar,44,48,13,16,121,0,3,39,15,57,44,51,52,31,178,28,22,50,228
08/27/2021,MDT,PA,AEA,EN,Combined TRACON& Tower with Radar,31,41,18,11,101,0,2,15,0,17,31,43,33,11,118,26,0,26,144
08/28/2021,MDT,PA,AEA,EN,Combined TRACON& Tower with Radar,21,38,9,2,70,0,0,2,0,2,21,38,11,2,72,20,0,20,92
08/29/2021,MDT,PA,AEA,EN,Combined TRACON& Tower with Radar,27,34,19,0,80,0,0,8,1,9,27,34,27,1,89,6,0,6,95
08/30/2021,MDT,PA,AEA,EN,Combined TRACON& Tower with Radar,33,46,10,9,98,0,0,12,3,15,33,46,22,12,113,48,20,68,181
08/31/2021,MDT,PA,AEA,EN,Combined TRACON& Tower with Radar,39,47,19,6,111,0,5,18,3,26,39,52,37,9,137,20,6,26,163
09/01/2021,MDT,PA,AEA,EN,Combined TRACON& Tower with Radar,32,36,3,0,71,0,0,0,0,0,32,36,3,0,71,0,0,0,71
09/02/2021,MDT,PA,AEA,EN,Combined TRACON& Tower with Radar,47,51,11,5,114,0,6,15,4,25,47,57,26,9,139,0,10,10,149
09/03/2021,MDT,PA,AEA,EN,Combined TRACON& Tower with Radar,35,44,10,1,90,0,2,19,0,21,35,46,29,1,111,0,0,0,111
09/04/2021,MDT,PA,AEA,EN,Combined TRACON& Tower with Radar,21,32,8,0,61,0,0,25,0,25,21,32,33,0,86,58,0,58,144
09/05/2021,MDT,PA,AEA,EN,Combined TRACON& Tower with Radar,22,27,17,0,66,0,1,3,1,5,22,28,20,1,71,8,0,8,79
09/06/2021,MDT,PA,AEA,EN,Combined TRACON& Tower with Radar,21,35,9,2,67,0,0,34,0,34,21,35,43,2,101,26,0,26,127
09/07/2021,MDT,PA,AEA,EN,Combined TRACON& Tower with Radar,31,42,32,20,125,0,0,22,23,45,31,42,54,43,170,34,50,84,254
09/08/2021,MDT,PA,AEA,EN,Combined TRACON& Tower with Radar,34,40,22,7,103,0,2,17,6,25,34,42,39,13,128,16,10,26,154
09/09/2021,MDT,PA,AEA,EN,Combined TRACON& Tower with Radar,50,45,15,12,122,0,0,5,9,14,50,45,20,21,136,6,0,6,142
09/10/2021,MDT,PA,AEA,EN,Combined TRACON& Tower with Radar,35,39,13,7,94,0,1,21,6,28,35,40,34,13,122,24,6,30,152
09/11/2021,MDT,PA,AEA,EN,Combined TRACON& Tower with Radar,23,29,12,10,74,0,1,28,3,32,23,30,40,13,106,0,0,0,106
09/12/2021,MDT,PA,AEA,EN,Combined TRACON& Tower with Radar,31,42,13,1,87,0,0,20,1,21,31,42,33,2,108,2,0,2,110
09/13/2021,MDT,PA,AEA,EN,Combined TRACON& Tower with Radar,38,38,23,6,105,0,0,21,5,26,38,38,44,11,131,22,4,26,157
09/14/2021,MDT,PA,AEA,EN,Combined TRACON& Tower with Radar,37,34,30,8,109,0,0,12,4,16,37,34,42,12,125,24,12,36,161
09/15/2021,MDT,PA,AEA,EN,Combined TRACON& Tower with Radar,34,51,35,16,136,0,5,10,0,15,34,56,45,16,151,10,0,10,161
09/16/2021,MDT,PA,AEA,EN,Combined TRACON& Tower with Radar,52,41,26,9,128,0,0,7,1,8,52,41,33,10,136,14,12,26,162
09/17/2021,MDT,PA,AEA,EN,Combined TRACON& Tower with Radar,36,50,24,16,126,0,3,5,2,10,36,53,29,18,136,8,0,8,144
09/18/2021,MDT,PA,AEA,EN,Combined TRACON& Tower with Radar,23,32,20,4,79,0,0,13,6,19,23,32,33,10,98,0,2,2,100
09/19/2021,MDT,PA,AEA,EN,Combined TRACON& Tower with Radar,30,40,21,3,94,0,0,29,9,38,30,40,50,12,132,14,6,20,152
09/20/2021,MDT,PA,AEA,EN,Combined TRACON& Tower with Radar,39,39,20,8,106,0,0,26,0,26,39,39,46,8,132,72,2,74,206
09/21/2021,MDT,PA,AEA,EN,Combined TRACON& Tower with Radar,34,39,14,18,105,0,0,8,9,17,34,39,22,27,122,40,20,60,182
09/22/2021,MDT,PA,AEA,EN,Combined TRACON& Tower with Radar,34,46,14,22,116,0,0,0,0,0,34,46,14,22,116,0,0,0,116
09/23/2021,MDT,PA,AEA,EN,Combined TRACON& Tower with Radar,53,50,21,9,133,0,0,9,5,14,53,50,30,14,147,4,32,36,183
09/24/2021,MDT,PA,AEA,EN,Combined TRACON& Tower with Radar,36,49,13,3,101,0,3,29,1,33,36,52,42,4,134,8,24,32,166
09/25/2021,MDT,PA,AEA,EN,Combined TRACON& Tower with Radar,25,29,21,0,75,0,1,23,0,24,25,30,44,0,99,2,0,2,101
09/26/2021,MDT,PA,AEA,EN,Combined TRACON& Tower with Radar,27,36,20,1,84,0,3,10,0,13,27,39,30,1,97,2,0,2,99
09/27/2021,MDT,PA,AEA,EN,Combined TRACON& Tower with Radar,39,40,13,16,108,0,2,12,4,18,39,42,25,20,126,34,30,64,190
09/28/2021,MDT,PA,AEA,EN,Combined TRACON& Tower with Radar,31,48,9,12,100,0,2,0,9,11,31,50,9,21,111,0,26,26,137
09/29/2021,MDT,PA,AEA,EN,Combined TRACON& Tower with Radar,40,37,31,5,113,0,1,26,1,28,40,38,57,6,141,16,0,16,157
09/30/2021,MDT,PA,AEA,EN,Combined TRACON& Tower with Radar,49,41,26,15,131,0,3,23,12,38,49,44,49,27,169,36,32,68,237
10/01/2021,MDT,PA,AEA,EN,Combined TRACON& Tower with Radar,37,41,15,16,109,0,0,28,7,35,37,41,43,23,144,20,32,52,196
10/02/2021,MDT,PA,AEA,EN,Combined TRACON& Tower with Radar,24,27,14,0,65,0,0,23,4,27,24,27,37,4,92,8,0,8,100
10/03/2021,MDT,PA,AEA,EN,Combined TRACON& Tower with Radar,27,44,8,2,81,0,2,9,5,16,27,46,17,7,97,8,0,8,105
10/04/2021,MDT,PA,AEA,EN,Combined TRACON& Tower with Radar,39,50,16,2,107,0,2,4,1,7,39,52,20,3,114,0,0,0,114
10/05/2021,MDT,PA,AEA,EN,Combined TRACON& Tower with Radar,28,48,12,19,107,0,0,0,0,0,28,48,12,19,107,0,0,0,107
10/06/2021,MDT,PA,AEA,EN,Combined TRACON& Tower with Radar,35,42,20,18,115,0,4,2,0,6,35,46,22,18,121,0,10,10,131
10/07/2021,MDT,PA,AEA,EN,Combined TRACON& Tower with Radar,46,47,39,18,150,0,2,6,11,19,46,49,45,29,169,20,22,42,211
10/08/2021,MDT,PA,AEA,EN,Combined TRACON& Tower with Radar,38,47,18,3,106,0,1,12,1,14,38,48,30,4,120,8,0,8,128
10/09/2021,MDT,PA,AEA,EN,Combined TRACON& Tower with Radar,27,27,14,0,68,0,3,4,0,7,27,30,18,0,75,2,0,2,77
10/10/2021,MDT,PA,AEA,EN,Combined TRACON& Tower with Radar,30,38,16,0,84,0,0,0,0,0,30,38,16,0,84,0,0,0,84
10/11/2021,MDT,PA,AEA,EN,Combined TRACON& Tower with Radar,40,43,16,2,101,0,1,2,0,3,40,44,18,2,104,0,0,0,104
10/12/2021,MDT,PA,AEA,EN,Combined TRACON& Tower with Radar,40,38,23,29,130,0,0,5,7,12,40,38,28,36,142,0,4,4,146
10/13/2021,MDT,PA,AEA,EN,Combined TRACON& Tower with Radar,40,60,44,9,153,0,2,9,5,16,40,62,53,14,169,30,4,34,203
10/14/2021,MDT,PA,AEA,EN,Combined TRACON& Tower with Radar,45,49,12,24,130,0,6,15,6,27,45,55,27,30,157,28,36,64,221
10/15/2021,MDT,PA,AEA,EN,Combined TRACON& Tower with Radar,35,46,19,8,108,0,0,24,4,28,35,46,43,12,136,12,0,12,148
10/16/2021,MDT,PA,AEA,EN,Combined TRACON& Tower with Radar,29,24,16,0,69,0,0,1,0,1,29,24,17,0,70,4,0,4,74
10/17/2021,MDT,PA,AEA,EN,Combined TRACON& Tower with Radar,29,38,24,2,93,0,1,13,0,14,29,39,37,2,107,0,0,0,107
10/18/2021,MDT,PA,AEA,EN,Combined TRACON& Tower with Radar,44,46,10,10,110,0,0,10,2,12,44,46,20,12,122,4,0,4,126
10/19/2021,MDT,PA,AEA,EN,Combined TRACON& Tower with Radar,42,40,16,26,124,0,4,10,9,23,42,44,26,35,147,2,16,18,165
10/20/2021,MDT,PA,AEA,EN,Combined TRACON& Tower with Radar,42,38,19,6,105,0,1,23,2,26,42,39,42,8,131,24,18,42,173
10/21/2021,MDT,PA,AEA,EN,Combined TRACON& Tower with Radar,49,43,30,30,152,0,4,31,10,45,49,47,61,40,197,20,12,32,229
10/22/2021,MDT,PA,AEA,EN,Combined TRACON& Tower with Radar,36,43,26,16,121,0,1,13,4,18,36,44,39,20,139,22,0,22,161
10/23/2021,MDT,PA,AEA,EN,Combined TRACON& Tower with Radar,24,23,12,2,61,0,1,11,2,14,24,24,23,4,75,2,4,6,81
10/24/2021,MDT,PA,AEA,EN,Combined TRACON& Tower with Radar,29,35,13,4,81,0,1,12,1,14,29,36,25,5,95,6,0,6,101
10/25/2021,MDT,PA,AEA,EN,Combined TRACON& Tower with Radar,43,39,19,15,116,0,7,10,4,21,43,46,29,19,137,10,8,18,155
10/26/2021,MDT,PA,AEA,EN,Combined TRACON& Tower with Radar,43,42,13,13,111,0,2,0,4,6,43,44,13,17,117,0,6,6,123
10/27/2021,MDT,PA,AEA,EN,Combined TRACON& Tower with Radar,41,45,22,27,135,0,0,8,8,16,41,45,30,35,151,4,0,4,155
10/28/2021,MDT,PA,AEA,EN,Combined TRACON& Tower with Radar,50,44,7,8,109,0,6,35,2,43,50,50,42,10,152,34,0,34,186
10/29/2021,MDT,PA,AEA,EN,Combined TRACON& Tower with Radar,37,39,11,6,93,0,0,0,0,0,37,39,11,6,93,0,0,0,93
10/30/2021,MDT,PA,AEA,EN,Combined TRACON& Tower with Radar,25,19,12,0,56,0,0,3,0,3,25,19,15,0,59,20,0,20,79
10/31/2021,MDT,PA,AEA,EN,Combined TRACON& Tower with Radar,28,24,19,2,73,0,3,3,0,6,28,27,22,2,79,0,0,0,79
11/01/2021,MDT,PA,AEA,EN,Combined TRACON& Tower with Radar,43,35,16,8,102,0,0,14,4,18,43,35,30,12,120,8,6,14,134
11/02/2021,MDT,PA,AEA,EN,Combined TRACON& Tower with Radar,32,38,15,19,104,0,4,8,1,13,32,42,23,20,117,26,30,56,173
11/03/2021,MDT,PA,AEA,EN,Combined TRACON& Tower with Radar,45,39,15,11,110,0,0,19,5,24,45,39,34,16,134,30,8,38,172
11/04/2021,MDT,PA,AEA,EN,Combined TRACON& Tower with Radar,54,40,18,16,128,0,4,21,4,29,54,44,39,20,157,10,24,34,191
11/05/2021,MDT,PA,AEA,EN,Combined TRACON& Tower with Radar,42,35,15,13,105,0,0,26,13,39,42,35,41,26,144,12,0,12,156
11/06/2021,MDT,PA,AEA,EN,Combined TRACON& Tower with Radar,30,27,4,1,62,0,2,22,8,32,30,29,26,9,94,10,12,22,116
11/07/2021,MDT,PA,AEA,EN,Combined TRACON& Tower with Radar,28,28,27,8,91,0,3,37,0,40,28,31,64,8,131,14,4,18,149
11/08/2021,MDT,PA,AEA,EN,Combined TRACON& Tower with Radar,44,34,24,6,108,0,0,23,4,27,44,34,47,10,135,28,0,28,163
11/09/2021,MDT,PA,AEA,EN,Combined TRACON& Tower with Radar,43,32,15,13,103,0,0,13,8,21,43,32,28,21,124,2,14,16,140
11/10/2021,MDT,PA,AEA,EN,Combined TRACON& Tower with Radar,42,37,27,8,114,0,4,21,11,36,42,41,48,19,150,24,60,84,234
11/11/2021,MDT,PA,AEA,EN,Combined TRACON& Tower with Radar,49,34,25,0,108,0,2,11,1,14,49,36,36,1,122,4,0,4,126
11/12/2021,MDT,PA,AEA,EN,Combined TRACON& Tower with Radar,43,31,8,2,84,0,2,18,0,20,43,33,26,2,104,10,0,10,114
11/13/2021,MDT,PA,AEA,EN,Combined TRACON& Tower with Radar,35,24,4,0,63,0,0,5,1,6,35,24,9,1,69,0,0,0,69
11/14/2021,MDT,PA,AEA,EN,Combined TRACON& Tower with Radar,27,31,14,4,76,0,1,11,0,12,27,32,25,4,88,28,0,28,116
11/15/2021,MDT,PA,AEA,EN,Combined TRACON& Tower with Radar,50,34,12,12,108,0,0,13,6,19,50,34,25,18,127,10,20,30,157
11/16/2021,MDT,PA,AEA,EN,Combined TRACON& Tower with Radar,39,33,20,23,115,0,0,33,7,40,39,33,53,30,155,26,38,64,219
11/17/2021,MDT,PA,AEA,EN,Combined TRACON& Tower with Radar,44,29,11,15,99,0,2,15,14,31,44,31,26,29,130,16,20,36,166
11/18/2021,MDT,PA,AEA,EN,Combined TRACON& Tower with Radar,48,36,20,1,105,0,0,12,1,13,48,36,32,2,118,26,0,26,144
11/19/2021,MDT,PA,AEA,EN,Combined TRACON& Tower with Radar,46,35,11,6,98,0,0,9,6,15,46,35,20,12,113,16,0,16,129
11/20/2021,MDT,PA,AEA,EN,Combined TRACON& Tower with Radar,24,23,16,6,69,0,0,36,0,36,24,23,52,6,105,46,0,46,151
11/21/2021,MDT,PA,AEA,EN,Combined TRACON& Tower with Radar,27,29,5,1,62,0,0,16,1,17,27,29,21,2,79,16,0,16,95
11/22/2021,MDT,PA,AEA,EN,Combined TRACON& Tower with Radar,43,27,16,10,96,0,1,14,0,15,43,28,30,10,111,24,0,24,135
11/23/2021,MDT,PA,AEA,EN,Combined TRACON& Tower with Radar,47,37,17,11,112,0,2,9,4,15,47,39,26,15,127,8,32,40,167
11/24/2021,MDT,PA,AEA,EN,Combined TRACON& Tower with Radar,48,36,17,13,114,0,2,15,1,18,48,38,32,14,132,24,6,30,162
11/25/2021,MDT,PA,AEA,EN,Combined TRACON& Tower with Radar,15,13,5,0,33,0,2,11,0,13,15,15,16,0,46,6,0,6,52
11/26/2021,MDT,PA,AEA,EN,Combined TRACON& Tower with Radar,34,24,2,0,60,0,0,0,0,0,34,24,2,0,60,0,0,0,60
11/27/2021,MDT,PA,AEA,EN,Combined TRACON& Tower with Radar,32,28,18,0,78,0,0,12,0,12,32,28,30,0,90,10,0,10,100
11/28/2021,MDT,PA,AEA,EN,Combined TRACON& Tower with Radar,29,32,12,0,73,0,0,17,0,17,29,32,29,0,90,14,0,14,104
11/29/2021,MDT,PA,AEA,EN,Combined TRACON& Tower with Radar,54,32,11,4,101,0,0,8,8,16,54,32,19,12,117,8,0,8,125
11/30/2021,MDT,PA,AEA,EN,Combined TRACON& Tower with Radar,48,33,19,8,108,0,2,13,5,20,48,35,32,13,128,20,4,24,152
12/01/2021,MDT,PA,AEA,EN,Combined TRACON& Tower with Radar,42,33,32,12,119,0,0,22,6,28,42,33,54,18,147,20,16,36,183
12/02/2021,MDT,PA,AEA,EN,Combined TRACON& Tower with Radar,52,41,23,18,134,0,5,1,0,6,52,46,24,18,140,0,16,16,156
12/03/2021,MDT,PA,AEA,EN,Combined TRACON& Tower with Radar,47,40,10,11,108,0,0,12,5,17,47,40,22,16,125,12,2,14,139
12/04/2021,MDT,PA,AEA,EN,Combined TRACON& Tower with Radar,26,24,15,3,68,0,2,41,0,43,26,26,56,3,111,32,0,32,143
12/05/2021,MDT,PA,AEA,EN,Combined TRACON& Tower with Radar,30,33,8,4,75,0,4,20,0,24,30,37,28,4,99,36,0,36,135
12/06/2021,MDT,PA,AEA,EN,Combined TRACON& Tower with Radar,43,31,9,5,88,0,1,0,4,5,43,32,9,9,93,0,10,10,103
12/07/2021,MDT,PA,AEA,EN,Combined TRACON& Tower with Radar,34,30,25,20,109,0,2,23,7,32,34,32,48,27,141,26,34,60,201
12/08/2021,MDT,PA,AEA,EN,Combined TRACON& Tower with Radar,36,38,11,15,100,0,0,4,7,11,36,38,15,22,111,6,26,32,143
12/09/2021,MDT,PA,AEA,EN,Combined TRACON& Tower with Radar,56,35,18,15,124,0,0,22,1,23,56,35,40,16,147,26,0,26,173
12/10/2021,MDT,PA,AEA,EN,Combined TRACON& Tower with Radar,45,38,21,27,131,0,0,18,6,24,45,38,39,33,155,0,22,22,177
12/11/2021,MDT,PA,AEA,EN,Combined TRACON& Tower with Radar,29,26,2,0,57,0,0,0,0,0,29,26,2,0,57,0,0,0,57
12/12/2021,MDT,PA,AEA,EN,Combined TRACON& Tower with Radar,28,25,12,3,68,0,0,18,3,21,28,25,30,6,89,14,0,14,103
12/13/2021,MDT,PA,AEA,EN,Combined TRACON& Tower with Radar,51,32,30,21,134,0,2,11,4,17,51,34,41,25,151,24,12,36,187
12/14/2021,MDT,PA,AEA,EN,Combined TRACON& Tower with Radar,37,37,24,7,105,0,7,33,6,46,37,44,57,13,151,24,20,44,195
12/15/2021,MDT,PA,AEA,EN,Combined TRACON& Tower with Radar,40,39,17,10,106,1,4,14,3,22,41,43,31,13,128,18,20,38,166
12/16/2021,MDT,PA,AEA,EN,Combined TRACON& Tower with Radar,39,50,18,16,123,0,2,9,4,15,39,52,27,20,138,2,14,16,154
12/17/2021,MDT,PA,AEA,EN,Combined TRACON& Tower with Radar,45,38,23,17,123,0,2,7,9,18,45,40,30,26,141,8,10,18,159
12/18/2021,MDT,PA,AEA,EN,Combined TRACON& Tower with Radar,36,35,3,1,75,0,0,0,0,0,36,35,3,1,75,0,0,0,75
12/19/2021,MDT,PA,AEA,EN,Combined TRACON& Tower with Radar,28,35,6,1,70,0,0,8,0,8,28,35,14,1,78,38,0,38,116
12/20/2021,MDT,PA,AEA,EN,Combined TRACON& Tower with Radar,43,39,13,7,102,0,2,15,3,20,43,41,28,10,122,12,20,32,154
12/21/2021,MDT,PA,AEA,EN,Combined TRACON& Tower with Radar,46,41,20,10,117,0,1,24,12,37,46,42,44,22,154,36,22,58,212
12/22/2021,MDT,PA,AEA,EN,Combined TRACON& Tower with Radar,55,43,6,27,131,0,4,8,3,15,55,47,14,30,146,0,20,20,166
12/23/2021,MDT,PA,AEA,EN,Combined TRACON& Tower with Radar,44,34,14,0,92,0,1,15,0,16,44,35,29,0,108,28,0,28,136
12/24/2021,MDT,PA,AEA,EN,Combined TRACON& Tower with Radar,37,23,6,0,66,0,0,13,0,13,37,23,19,0,79,10,0,10,89
12/25/2021,MDT,PA,AEA,EN,Combined TRACON& Tower with Radar,22,16,2,0,40,0,1,1,1,3,22,17,3,1,43,0,0,0,43
12/26/2021,MDT,PA,AEA,EN,Combined TRACON& Tower with Radar,21,34,6,0,61,0,4,16,0,20,21,38,22,0,81,0,0,0,81
12/27/2021,MDT,PA,AEA,EN,Combined TRACON& Tower with Radar,38,32,5,0,75,0,0,4,0,4,38,32,9,0,79,8,0,8,87
12/28/2021,MDT,PA,AEA,EN,Combined TRACON& Tower with Radar,40,36,11,3,90,0,2,4,2,8,40,38,15,5,98,0,14,14,112
12/29/2021,MDT,PA,AEA,EN,Combined TRACON& Tower with Radar,50,41,11,4,106,0,2,7,11,20,50,43,18,15,126,10,24,34,160
12/30/2021,MDT,PA,AEA,EN,Combined TRACON& Tower with Radar,38,35,8,2,83,0,0,0,0,0,38,35,8,2,83,0,0,0,83
12/31/2021,MDT,PA,AEA,EN,Combined TRACON& Tower with Radar,33,30,11,0,74,0,0,0,0,0,33,30,11,0,74,0,0,0,74
01/01/2022,MDT,PA,AEA,EN,Combined TRACON& Tower with Radar,15,19,2,0,36,0,0,0,0,0,15,19,2,0,36,0,0,0,36
01/02/2022,MDT,PA,AEA,EN,Combined TRACON& Tower with Radar,22,37,7,0,66,0,0,7,0,7,22,37,14,0,73,4,0,4,77
01/03/2022,MDT,PA,AEA,EN,Combined TRACON& Tower with Radar,43,34,9,3,89,0,2,6,0,8,43,36,15,3,97,8,0,8,105
01/04/2022,MDT,PA,AEA,EN,Combined TRACON& Tower with Radar,29,28,14,2,73,0,0,19,12,31,29,28,33,14,104,24,8,32,136
01/05/2022,MDT,PA,AEA,EN,Combined TRACON& Tower with Radar,35,33,11,1,80,0,3,8,1,12,35,36,19,2,92,8,0,8,100
01/06/2022,MDT,PA,AEA,EN,Combined TRACON& Tower with Radar,43,29,14,27,113,0,0,9,1,10,43,29,23,28,123,18,12,30,153
01/07/2022,MDT,PA,AEA,EN,Combined TRACON& Tower with Radar,42,30,8,0,80,0,1,2,0,3,42,31,10,0,83,0,0,0,83
01/08/2022,MDT,PA,AEA,EN,Combined TRACON& Tower with Radar,21,26,7,1,55,0,3,28,3,34,21,29,35,4,89,46,0,46,135
01/09/2022,MDT,PA,AEA,EN,Combined TRACON& Tower with Radar,26,27,0,0,53,0,0,0,0,0,26,27,0,0,53,0,0,0,53
01/10/2022,MDT,PA,AEA,EN,Combined TRACON& Tower with Radar,38,32,5,5,80,0,6,10,1,17,38,38,15,6,97,0,0,0,97
01/11/2022,MDT,PA,AEA,EN,Combined TRACON& Tower with Radar,32,38,9,15,94,0,1,19,12,32,32,39,28,27,126,70,14,84,210
01/12/2022,MDT,PA,AEA,EN,Combined TRACON& Tower with Radar,40,35,26,6,107,0,2,12,5,19,40,37,38,11,126,6,6,12,138
01/13/2022,MDT,PA,AEA,EN,Combined TRACON& Tower with Radar,49,41,15,3,108,0,1,15,3,19,49,42,30,6,127,22,0,22,149
01/14/2022,MDT,PA,AEA,EN,Combined TRACON& Tower with Radar,41,33,14,3,91,0,0,5,8,13,41,33,19,11,104,4,6,10,114
01/15/2022,MDT,PA,AEA,EN,Combined TRACON& Tower with Radar,19,28,13,0,60,0,1,12,0,13,19,29,25,0,73,30,0,30,103
01/16/2022,MDT,PA,AEA,EN,Combined TRACON& Tower with Radar,12,14,3,1,30,0,0,9,1,10,12,14,12,2,40,4,0,4,44
01/17/2022,MDT,PA,AEA,EN,Combined TRACON& Tower with Radar,35,24,9,0,68,0,0,0,0,0,35,24,9,0,68,0,0,0,68
01/18/2022,MDT,PA,AEA,EN,Combined TRACON& Tower with Radar,31,35,20,21,107,0,1,16,10,27,31,36,36,31,134,0,18,18,152
01/19/2022,MDT,PA,AEA,EN,Combined TRACON& Tower with Radar,38,42,21,19,120,0,1,16,5,22,38,43,37,24,142,4,36,40,182
01/20/2022,MDT,PA,AEA,EN,Combined TRACON& Tower with Radar,46,39,15,23,123,0,0,9,9,18,46,39,24,32,141,6,44,50,191
01/21/2022,MDT,PA,AEA,EN,Combined TRACON& Tower with Radar,39,32,14,12,97,0,2,26,1,29,39,34,40,13,126,26,12,38,164
01/22/2022,MDT,PA,AEA,EN,Combined TRACON& Tower with Radar,21,25,5,2,53,0,1,19,0,20,21,26,24,2,73,14,0,14,87
01/23/2022,MDT,PA,AEA,EN,Combined TRACON& Tower with Radar,31,27,7,3,68,0,0,8,1,9,31,27,15,4,77,20,0,20,97
01/24/2022,MDT,PA,AEA,EN,Combined TRACON& Tower with Radar,40,39,21,1,101,0,3,16,2,21,40,42,37,3,122,12,8,20,142
01/25/2022,MDT,PA,AEA,EN,Combined TRACON& Tower with Radar,31,27,17,9,84,0,0,14,11,25,31,27,31,20,109,22,20,42,151
01/26/2022,MDT,PA,AEA,EN,Combined TRACON& Tower with Radar,38,36,31,5,110,0,2,21,5,28,38,38,52,10,138,22,4,26,164
01/27/2022,MDT,PA,AEA,EN,Combined TRACON& Tower with Radar,46,38,16,2,102,0,4,18,3,25,46,42,34,5,127,0,4,4,131
01/28/2022,MDT,PA,AEA,EN,Combined TRACON& Tower with Radar,39,35,4,2,80,0,0,0,0,0,39,35,4,2,80,0,0,0,80
01/29/2022,MDT,PA,AEA,EN,Combined TRACON& Tower with Radar,24,33,3,0,60,0,0,3,0,3,24,33,6,0,63,30,0,30,93
01/30/2022,MDT,PA,AEA,EN,Combined TRACON& Tower with Radar,31,30,9,2,72,0,0,16,0,16,31,30,25,2,88,16,0,16,104
01/31/2022,MDT,PA,AEA,EN,Combined TRACON& Tower with Radar,41,34,9,7,91,0,2,14,3,19,41,36,23,10,110,10,10,20,130
02/01/2022,MDT,PA,AEA,EN,Combined TRACON& Tower with Radar,32,23,35,7,97,0,0,22,17,39,32,23,57,24,136,24,20,44,180
02/02/2022,MDT,PA,AEA,EN,Combined TRACON& Tower with Radar,36,26,19,3,84,0,0,9,0,9,36,26,28,3,93,6,0,6,99
02/03/2022,MDT,PA,AEA,EN,Combined TRACON& Tower with Radar,36,26,10,0,72,0,0,0,0,0,36,26,10,0,72,0,0,0,72
02/04/2022,MDT,PA,AEA,EN,Combined TRACON& Tower with Radar,26,22,7,1,56,0,0,0,0,0,26,22,7,1,56,0,0,0,56
02/05/2022,MDT,PA,AEA,EN,Combined TRACON& Tower with Radar,23,20,10,2,55,0,1,15,3,19,23,21,25,5,74,10,0,10,84
02/06/2022,MDT,PA,AEA,EN,Combined TRACON& Tower with Radar,30,23,20,4,77,0,0,36,2,38,30,23,56,6,115,70,0,70,185
02/07/2022,MDT,PA,AEA,EN,Combined TRACON& Tower with Radar,40,30,12,3,85,0,1,12,5,18,40,31,24,8,103,18,34,52,155
02/08/2022,MDT,PA,AEA,EN,Combined TRACON& Tower with Radar,34,30,14,2,80,0,4,14,3,21,34,34,28,5,101,20,12,32,133
02/09/2022,MDT,PA,AEA,EN,Combined TRACON& Tower with Radar,35,31,23,9,98,0,0,27,7,34,35,31,50,16,132,30,24,54,186
02/10/2022,MDT,PA,AEA,EN,Combined TRACON& Tower with Radar,45,33,19,5,102,0,0,7,6,13,45,33,26,11,115,12,8,20,135
02/11/2022,MDT,PA,AEA,EN,Combined TRACON& Tower with Radar,42,29,11,15,97,0,0,15,3,18,42,29,26,18,115,6,6,12,127
02/12/2022,MDT,PA,AEA,EN,Combined TRACON& Tower with Radar,27,20,1,0,48,0,2,1,0,3,27,22,2,0,51,0,0,0,51
02/13/2022,MDT,PA,AEA,EN,Combined TRACON& Tower with Radar,30,27,4,0,61,0,0,13,0,13,30,27,17,0,74,54,0,54,128
02/14/2022,MDT,PA,AEA,EN,Combined TRACON& Tower with Radar,46,30,18,6,100,0,0,11,7,18,46,30,29,13,118,8,18,26,144
02/15/2022,MDT,PA,AEA,EN,Combined TRACON& Tower with Radar,32,31,22,4,89,0,0,17,3,20,32,31,39,7,109,64,4,68,177
02/16/2022,MDT,PA,AEA,EN,Combined TRACON& Tower with Radar,42,35,12,3,92,0,1,8,9,18,42,36,20,12,110,6,0,6,116
02/17/2022,MDT,PA,AEA,EN,Combined TRACON& Tower with Radar,44,32,17,0,93,0,2,7,0,9,44,34,24,0,102,0,0,0,102
02/18/2022,MDT,PA,AEA,EN,Combined TRACON& Tower with Radar,38,29,4,0,71,0,0,6,2,8,38,29,10,2,79,0,0,0,79
02/19/2022,MDT,PA,AEA,EN,Combined TRACON& Tower with Radar,22,21,1,2,46,0,3,2,0,5,22,24,3,2,51,0,0,0,51
02/20/2022,MDT,PA,AEA,EN,Combined TRACON& Tower with Radar,26,19,14,0,59,0,0,24,0,24,26,19,38,0,83,30,0,30,113
02/21/2022,MDT,PA,AEA,EN,Combined TRACON& Tower with Radar,47,30,18,0,95,0,2,13,0,15,47,32,31,0,110,0,0,0,110
02/22/2022,MDT,PA,AEA,EN,Combined TRACON& Tower with Radar,40,32,15,7,94,0,2,2,0,4,40,34,17,7,98,0,0,0,98
02/23/2022,MDT,PA,AEA,EN,Combined TRACON& Tower with Radar,38,29,20,19,106,0,0,16,1,17,38,29,36,20,123,10,13,23,146
02/24/2022,MDT,PA,AEA,EN,Combined TRACON& Tower with Radar,41,27,25,17,110,0,0,9,6,15,41,27,34,23,125,0,0,0,125
02/25/2022,MDT,PA,AEA,EN,Combined TRACON& Tower with Radar,38,25,14,2,79,0,0,5,2,7,38,25,19,4,86,6,0,6,92
02/26/2022,MDT,PA,AEA,EN,Combined TRACON& Tower with Radar,25,19,14,0,58,0,1,35,0,36,25,20,49,0,94,26,0,26,120
02/27/2022,MDT,PA,AEA,EN,Combined TRACON& Tower with Radar,28,28,7,0,63,0,4,14,1,19,28,32,21,1,82,6,0,6,88
02/28/2022,MDT,PA,AEA,EN,Combined TRACON& Tower with Radar,48,23,12,6,89,0,1,15,4,20,48,24,27,10,109,6,10,16,125
03/01/2022,MDT,PA,AEA,EN,Combined TRACON& Tower with Radar,39,33,13,14,99,0,5,19,1,25,39,38,32,15,124,44,0,44,168
03/02/2022,MDT,PA,AEA,EN,Combined TRACON& Tower with Radar,41,29,24,7,101,0,2,33,0,35,41,31,57,7,136,40,0,40,176
03/03/2022,MDT,PA,AEA,EN,Combined TRACON& Tower with Radar,53,34,18,11,116,0,0,4,5,9,53,34,22,16,125,0,26,26,151
03/04/2022,MDT,PA,AEA,EN,Combined TRACON& Tower with Radar,45,29,19,3,96,0,0,18,1,19,45,29,37,4,115,10,0,10,125
03/05/2022,MDT,PA,AEA,EN,Combined TRACON& Tower with Radar,29,22,15,5,71,0,0,16,0,16,29,22,31,5,87,32,0,32,119
03/06/2022,MDT,PA,AEA,EN,Combined TRACON& Tower with Radar,33,17,11,2,63,0,0,4,2,6,33,17,15,4,69,0,2,2,71
03/07/2022,MDT,PA,AEA,EN,Combined TRACON& Tower with Radar,42,21,15,4,82,0,4,1,0,5,42,25,16,4,87,0,0,0,87
03/08/2022,MDT,PA,AEA,EN,Combined TRACON& Tower with Radar,41,26,16,12,95,0,6,9,5,20,41,32,25,17,115,28,26,54,169
03/09/2022,MDT,PA,AEA,EN,Combined TRACON& Tower with Radar,43,29,13,0,85,0,0,0,0,0,43,29,13,0,85,0,0,0,85
03/10/2022,MDT,PA,AEA,EN,Combined TRACON& Tower with Radar,54,31,31,9,125,0,0,13,1,14,54,31,44,10,139,22,6,28,167
03/11/2022,MDT,PA,AEA,EN,Combined TRACON& Tower with Radar,48,30,11,3,92,0,3,11,4,18,48,33,22,7,110,10,20,30,140
03/12/2022,MDT,PA,AEA,EN,Combined TRACON& Tower with Radar,25,21,3,0,49,0,0,0,0,0,25,21,3,0,49,0,0,0,49
03/13/2022,MDT,PA,AEA,EN,Combined TRACON& Tower with Radar,38,20,13,0,71,0,0,11,0,11,38,20,24,0,82,2,0,2,84
03/14/2022,MDT,PA,AEA,EN,Combined TRACON& Tower with Radar,43,28,24,4,99,0,6,16,2,24,43,34,40,6,123,26,0,26,149
03/15/2022,MDT,PA,AEA,EN,Combined TRACON& Tower with Radar,41,26,33,14,114,0,8,17,4,29,41,34,50,18,143,12,18,30,173
03/16/2022,MDT,PA,AEA,EN,Combined TRACON& Tower with Radar,42,23,23,15,103,0,0,9,3,12,42,23,32,18,115,12,4,16,131
03/17/2022,MDT,PA,AEA,EN,Combined TRACON& Tower with Radar,63,27,16,9,115,0,4,4,0,8,63,31,20,9,123,0,14,14,137
03/18/2022,MDT,PA,AEA,EN,Combined TRACON& Tower with Radar,47,26,13,2,88,0,0,18,2,20,47,26,31,4,108,22,0,22,130
03/19/2022,MDT,PA,AEA,EN,Combined TRACON& Tower with Radar,30,26,9,1,66,0,2,2,0,4,30,28,11,1,70,14,0,14,84
03/20/2022,MDT,PA,AEA,EN,Combined TRACON& Tower with Radar,33,24,9,1,67,0,0,2,0,2,33,24,11,1,69,44,0,44,113
03/21/2022,MDT,PA,AEA,EN,Combined TRACON& Tower with Radar,44,28,16,9,97,0,3,22,10,35,44,31,38,19,132,6,10,16,148
03/22/2022,MDT,PA,AEA,EN,Combined TRACON& Tower with Radar,39,33,20,22,114,0,5,22,9,36,39,38,42,31,150,28,14,42,192
03/23/2022,MDT,PA,AEA,EN,Combined TRACON& Tower with Radar,44,25,18,4,91,0,0,5,0,5,44,25,23,4,96,10,4,14,110
03/24/2022,MDT,PA,AEA,EN,Combined TRACON& Tower with Radar,49,27,23,34,133,0,0,0,0,0,49,27,23,34,133,0,0,0,133
03/25/2022,MDT,PA,AEA,EN,Combined TRACON& Tower with Radar,45,27,19,4,95,0,2,2,3,7,45,29,21,7,102,0,12,12,114
03/26/2022,MDT,PA,AEA,EN,Combined TRACON& Tower with Radar,27,23,7,0,57,0,0,1,0,1,27,23,8,0,58,0,0,0,58
03/27/2022,MDT,PA,AEA,EN,Combined TRACON& Tower with Radar,39,16,8,0,63,0,0,7,0,7,39,16,15,0,70,16,0,16,86
03/28/2022,MDT,PA,AEA,EN,Combined TRACON& Tower with Radar,43,25,11,7,86,0,2,2,1,5,43,27,13,8,91,0,0,0,91
03/29/2022,MDT,PA,AEA,EN,Combined TRACON& Tower with Radar,40,26,19,25,110,0,1,16,12,29,40,27,35,37,139,12,32,44,183
03/30/2022,MDT,PA,AEA,EN,Combined TRACON& Tower with Radar,50,20,16,26,112,0,0,18,3,21,50,20,34,29,133,6,30,36,169
03/31/2022,MDT,PA,AEA,EN,Combined TRACON& Tower with Radar,58,25,18,10,111,0,2,0,0,2,58,27,18,10,113,0,2,2,115
04/01/2022,MDT,PA,AEA,EN,Combined TRACON& Tower with Radar,44,28,11,18,101,0,0,5,6,11,44,28,16,24,112,0,30,30,142
04/02/2022,MDT,PA,AEA,EN,Combined TRACON& Tower with Radar,25,17,17,0,59,0,0,28,0,28,25,17,45,0,87,56,0,56,143
04/03/2022,MDT,PA,AEA,EN,Combined TRACON& Tower with Radar,34,18,9,0,61,0,2,7,0,9,34,20,16,0,70,22,0,22,92
04/04/2022,MDT,PA,AEA,EN,Combined TRACON& Tower with Radar,42,25,25,7,99,0,0,17,3,20,42,25,42,10,119,18,0,18,137
04/05/2022,MDT,PA,AEA,EN,Combined TRACON& Tower with Radar,38,34,23,9,104,0,9,3,2,14,38,43,26,11,118,0,0,0,118
04/06/2022,MDT,PA,AEA,EN,Combined TRACON& Tower with Radar,42,33,21,6,102,0,0,1,0,1,42,33,22,6,103,6,12,18,121
04/07/2022,MDT,PA,AEA,EN,Combined TRACON& Tower with Radar,47,32,19,8,106,0,0,1,0,1,47,32,20,8,107,0,2,2,109
04/08/2022,MDT,PA,AEA,EN,Combined TRACON& Tower with Radar,40,33,15,1,89,0,1,8,12,21,40,34,23,13,110,0,12,12,122
04/09/2022,MDT,PA,AEA,EN,Combined TRACON& Tower with Radar,27,23,16,1,67,0,0,4,1,5,27,23,20,2,72,0,0,0,72
04/10/2022,MDT,PA,AEA,EN,Combined TRACON& Tower with Radar,34,24,8,3,69,0,0,9,1,10,34,24,17,4,79,16,0,16,95
04/11/2022,MDT,PA,AEA,EN,Combined TRACON& Tower with Radar,42,28,25,13,108,0,0,20,3,23,42,28,45,16,131,22,14,36,167
04/12/2022,MDT,PA,AEA,EN,Combined TRACON& Tower with Radar,38,29,28,7,102,0,0,8,4,12,38,29,36,11,114,16,0,16,130
04/13/2022,MDT,PA,AEA,EN,Combined TRACON& Tower with Radar,40,37,25,21,123,0,2,16,3,21,40,39,41,24,144,10,8,18,162
04/14/2022,MDT,PA,AEA,EN,Combined TRACON& Tower with Radar,44,35,16,1,96,0,6,11,7,24,44,41,27,8,120,2,32,34,154
04/15/2022,MDT,PA,AEA,EN,Combined TRACON& Tower with Radar,41,29,9,3,82,0,2,11,2,15,41,31,20,5,97,2,16,18,115
04/16/2022,MDT,PA,AEA,EN,Combined TRACON& Tower with Radar,28,16,6,0,50,0,0,10,0,10,28,16,16,0,60,0,0,0,60
04/17/2022,MDT,PA,AEA,EN,Combined TRACON& Tower with Radar,28,23,9,0,60,0,1,10,0,11,28,24,19,0,71,2,0,2,73
04/18/2022,MDT,PA,AEA,EN,Combined TRACON& Tower with Radar,37,31,9,6,83,0,3,2,1,6,37,34,11,7,89,0,0,0,89
04/19/2022,MDT,PA,AEA,EN,Combined TRACON& Tower with Radar,41,30,9,12,92,0,0,1,4,5,41,30,10,16,97,0,10,10,107
04/20/2022,MDT,PA,AEA,EN,Combined TRACON& Tower with Radar,39,38,21,5,103,0,0,21,7,28,39,38,42,12,131,2,22,24,155
04/21/2022,MDT,PA,AEA,EN,Combined TRACON& Tower with Radar,44,34,15,7,100,0,0,4,0,4,44,34,19,7,104,8,0,8,112
04/22/2022,MDT,PA,AEA,EN,Combined TRACON& Tower with Radar,42,28,15,10,95,0,3,24,6,33,42,31,39,16,128,26,2,28,156
04/23/2022,MDT,PA,AEA,EN,Combined TRACON& Tower with Radar,27,32,7,0,66,0,0,33,0,33,27,32,40,0,99,6,0,6,105
04/24/2022,MDT,PA,AEA,EN,Combined TRACON& Tower with Radar,29,24,14,2,69,0,0,28,0,28,29,24,42,2,97,22,0,22,119
04/25/2022,MDT,PA,AEA,EN,Combined TRACON& Tower with Radar,44,33,28,11,116,0,2,5,0,7,44,35,33,11,123,20,0,20,143
04/26/2022,MDT,PA,AEA,EN,Combined TRACON& Tower with Radar,40,29,20,15,104,0,2,4,2,8,40,31,24,17,112,0,6,6,118
04/27/2022,MDT,PA,AEA,EN,Combined TRACON& Tower with Radar,40,35,20,10,105,0,2,4,2,8,40,37,24,12,113,0,14,14,127
04/28/2022,MDT,PA,AEA,EN,Combined TRACON& Tower with Radar,48,36,13,6,103,0,1,22,1,24,48,37,35,7,127,16,8,24,151
04/29/2022,MDT,PA,AEA,EN,Combined TRACON& Tower with Radar,42,39,25,14,120,0,8,25,2,35,42,47,50,16,155,32,0,32,187
04/30/2022,MDT,PA,AEA,EN,Combined TRACON& Tower with Radar,30,29,15,4,78,0,9,30,1,40,30,38,45,5,118,52,0,52,170
05/01/2022,MDT,PA,AEA,EN,Combined TRACON& Tower with Radar,33,20,18,3,74,0,0,7,0,7,33,20,25,3,81,4,0,4,85
05/02/2022,MDT,PA,AEA,EN,Combined TRACON& Tower with Radar,43,36,17,4,100,0,2,8,0,10,43,38,25,4,110,16,4,20,130
05/03/2022,MDT,PA,AEA,EN,Combined TRACON& Tower with Radar,40,31,27,27,125,0,4,4,0,8,40,35,31,27,133,12,2,14,147
05/04/2022,MDT,PA,AEA,EN,Combined TRACON& Tower with Radar,40,38,15,2,95,0,0,4,2,6,40,38,19,4,101,0,16,16,117
05/05/2022,MDT,PA,AEA,EN,Combined TRACON& Tower with Radar,50,44,23,8,125,0,0,19,2,21,50,44,42,10,146,16,22,38,184
05/06/2022,MDT,PA,AEA,EN,Combined TRACON& Tower with Radar,41,38,7,2,88,0,0,0,0,0,41,38,7,2,88,0,0,0,88
05/07/2022,MDT,PA,AEA,EN,Combined TRACON& Tower with Radar,27,28,3,1,59,0,0,0,0,0,27,28,3,1,59,0,0,0,59
05/08/2022,MDT,PA,AEA,EN,Combined TRACON& Tower with Radar,36,32,6,2,76,0,3,7,0,10,36,35,13,2,86,6,0,6,92
05/09/2022,MDT,PA,AEA,EN,Combined TRACON& Tower with Radar,42,38,16,11,107,0,1,27,6,34,42,39,43,17,141,36,32,68,209
05/10/2022,MDT,PA,AEA,EN,Combined TRACON& Tower with Radar,32,39,18,15,104,0,1,22,3,26,32,40,40,18,130,2,22,24,154
05/11/2022,MDT,PA,AEA,EN,Combined TRACON& Tower with Radar,38,41,13,6,98,0,2,27,3,32,38,43,40,9,130,2,10,12,142
05/12/2022,MDT,PA,AEA,EN,Combined TRACON& Tower with Radar,48,43,19,18,128,0,1,7,7,15,48,44,26,25,143,0,60,60,203
05/13/2022,MDT,PA,AEA,EN,Combined TRACON& Tower with Radar,42,36,24,4,106,0,2,2,2,6,42,38,26,6,112,0,0,0,112
05/14/2022,MDT,PA,AEA,EN,Combined TRACON& Tower with Radar,28,28,6,3,65,0,0,1,1,2,28,28,7,4,67,0,0,0,67
05/15/2022,MDT,PA,AEA,EN,Combined TRACON& Tower with Radar,36,28,5,6,75,0,0,1,2,3,36,28,6,8,78,0,0,0,78
05/16/2022,MDT,PA,AEA,EN,Combined TRACON& Tower with Radar,44,36,14,1,95,0,0,5,6,11,44,36,19,7,106,12,0,12,118
05/17/2022,MDT,PA,AEA,EN,Combined TRACON& Tower with Radar,34,38,17,13,102,0,0,15,21,36,34,38,32,34,138,8,46,54,192
05/18/2022,MDT,PA,AEA,EN,Combined TRACON& Tower with Radar,37,32,30,3,102,0,4,43,8,55,37,36,73,11,157,40,4,44,201
05/19/2022,MDT,PA,AEA,EN,Combined TRACON& Tower with Radar,47,41,16,6,110,0,0,6,2,8,47,41,22,8,118,0,2,2,120
05/20/2022,MDT,PA,AEA,EN,Combined TRACON& Tower with Radar,41,40,16,5,102,0,0,10,3,13,41,40,26,8,115,24,6,30,145
05/21/2022,MDT,PA,AEA,EN,Combined TRACON& Tower with Radar,27,27,14,0,68,0,0,11,0,11,27,27,25,0,79,16,0,16,95
05/22/2022,MDT,PA,AEA,EN,Combined TRACON& Tower with Radar,37,32,6,1,76,0,0,11,0,11,37,32,17,1,87,78,0,78,165
05/23/2022,MDT,PA,AEA,EN,Combined TRACON& Tower with Radar,43,40,16,15,114,0,3,22,1,26,43,43,38,16,140,20,0,20,160
05/24/2022,MDT,PA,AEA,EN,Combined TRACON& Tower with Radar,33,39,19,5,96,0,0,3,10,13,33,39,22,15,109,8,30,38,147
05/25/2022,MDT,PA,AEA,EN,Combined TRACON& Tower with Radar,37,36,13,11,97,0,0,17,8,25,37,36,30,19,122,50,6,56,178
05/26/2022,MDT,PA,AEA,EN,Combined TRACON& Tower with Radar,44,38,22,6,110,0,0,2,0,2,44,38,24,6,112,16,0,16,128
05/27/2022,MDT,PA,AEA,EN,Combined TRACON& Tower with Radar,55,35,12,0,102,0,0,0,0,0,55,35,12,0,102,0,0,0,102
05/28/2022,MDT,PA,AEA,EN,Combined TRACON& Tower with Radar,36,25,14,0,75,0,5,13,0,18,36,30,27,0,93,18,0,18,111
05/29/2022,MDT,PA,AEA,EN,Combined TRACON& Tower with Radar,26,30,5,2,63,0,2,15,1,18,26,32,20,3,81,2,0,2,83
05/30/2022,MDT,PA,AEA,EN,Combined TRACON& Tower with Radar,32,29,9,0,70,0,0,16,0,16,32,29,25,0,86,2,0,2,88
05/31/2022,MDT,PA,AEA,EN,Combined TRACON& Tower with Radar,33,28,19,2,82,0,0,22,2,24,33,28,41,4,106,36,8,44,150
06/01/2022,MDT,PA,AEA,EN,Combined TRACON& Tower with Radar,46,43,14,11,114,0,0,12,2,14,46,43,26,13,128,10,16,26,154
06/02/2022,MDT,PA,AEA,EN,Combined TRACON& Tower with Radar,49,37,10,3,99,0,6,1,9,16,49,43,11,12,115,0,16,16,131
06/03/2022,MDT,PA,AEA,EN,Combined TRACON& Tower with Radar,45,30,29,13,117,0,4,25,4,33,45,34,54,17,150,28,0,28,178
06/04/2022,MDT,PA,AEA,EN,Combined TRACON& Tower with Radar,31,22,11,1,65,0,6,29,2,37,31,28,40,3,102,10,0,10,112
06/05/2022,MDT,PA,AEA,EN,Combined TRACON& Tower with Radar,34,22,16,2,74,0,2,22,0,24,34,24,38,2,98,36,0,36,134
06/06/2022,MDT,PA,AEA,EN,Combined TRACON& Tower with Radar,48,24,19,7,98,0,2,27,3,32,48,26,46,10,130,8,16,24,154
06/07/2022,MDT,PA,AEA,EN,Combined TRACON& Tower with Radar,41,25,26,10,102,0,0,9,0,9,41,25,35,10,111,0,4,4,115
06/08/2022,MDT,PA,AEA,EN,Combined TRACON& Tower with Radar,45,36,35,15,131,0,2,25,4,31,45,38,60,19,162,24,16,40,202
06/09/2022,MDT,PA,AEA,EN,Combined TRACON& Tower with Radar,51,30,25,13,119,0,0,18,11,29,51,30,43,24,148,2,10,12,160
06/10/2022,MDT,PA,AEA,EN,Combined TRACON& Tower with Radar,47,28,27,1,103,0,4,24,5,33,47,32,51,6,136,6,0,6,142
06/11/2022,MDT,PA,AEA,EN,Combined TRACON& Tower with Radar,31,23,11,3,68,0,0,16,4,20,31,23,27,7,88,18,2,20,108
06/12/2022,MDT,PA,AEA,EN,Combined TRACON& Tower with Radar,35,26,13,3,77,0,0,7,1,8,35,26,20,4,85,16,0,16,101
06/13/2022,MDT,PA,AEA,EN,Combined TRACON& Tower with Radar,49,31,39,2,121,0,0,14,5,19,49,31,53,7,140,18,0,18,158
06/14/2022,MDT,PA,AEA,EN,Combined TRACON& Tower with Radar,44,32,22,32,130,0,2,14,17,33,44,34,36,49,163,0,54,54,217
06/15/2022,MDT,PA,AEA,EN,Combined TRACON& Tower with Radar,48,41,27,6,122,0,4,27,7,38,48,45,54,13,160,38,12,50,210
06/16/2022,MDT,PA,AEA,EN,Combined TRACON& Tower with Radar,53,40,12,4,109,0,2,2,3,7,53,42,14,7,116,8,4,12,128
06/17/2022,MDT,PA,AEA,EN,Combined TRACON& Tower with Radar,51,30,11,2,94,0,3,17,0,20,51,33,28,2,114,0,0,0,114
06/18/2022,MDT,PA,AEA,EN,Combined TRACON& Tower with Radar,33,28,14,0,75,0,0,10,0,10,33,28,24,0,85,56,0,56,141
06/19/2022,MDT,PA,AEA,EN,Combined TRACON& Tower with Radar,35,23,17,1,76,0,2,10,0,12,35,25,27,1,88,4,0,4,92
06/20/2022,MDT,PA,AEA,EN,Combined TRACON& Tower with Radar,45,30,29,3,107,0,1,38,1,40,45,31,67,4,147,14,0,14,161
06/21/2022,MDT,PA,AEA,EN,Combined TRACON& Tower with Radar,45,31,27,17,120,0,0,31,3,34,45,31,58,20,154,26,0,26,180
06/22/2022,MDT,PA,AEA,EN,Combined TRACON& Tower with Radar,45,35,27,8,115,0,2,6,5,13,45,37,33,13,128,0,0,0,128
06/23/2022,MDT,PA,AEA,EN,Combined TRACON& Tower with Radar,48,38,25,3,114,0,0,3,1,4,48,38,28,4,118,0,0,0,118
06/24/2022,MDT,PA,AEA,EN,Combined TRACON& Tower with Radar,44,31,38,10,123,0,3,12,2,17,44,34,50,12,140,8,18,26,166
06/25/2022,MDT,PA,AEA,EN,Combined TRACON& Tower with Radar,31,19,14,3,67,0,2,22,0,24,31,21,36,3,91,4,0,4,95
06/26/2022,MDT,PA,AEA,EN,Combined TRACON& Tower with Radar,37,33,14,1,85,0,1,25,0,26,37,34,39,1,111,48,0,48,159
06/27/2022,MDT,PA,AEA,EN,Combined TRACON& Tower with Radar,50,30,19,0,99,0,5,17,0,22,50,35,36,0,121,36,0,36,157
06/28/2022,MDT,PA,AEA,EN,Combined TRACON& Tower with Radar,40,26,25,11,102,0,2,22,16,40,40,28,47,27,142,4,72,76,218
06/29/2022,MDT,PA,AEA,EN,Combined TRACON& Tower with Radar,46,32,28,11,117,0,0,25,3,28,46,32,53,14,145,28,4,32,177
06/30/2022,MDT,PA,AEA,EN,Combined TRACON& Tower with Radar,50,33,29,27,139,0,0,30,5,35,50,33,59,32,174,12,66,78,252
07/01/2022,MDT,PA,AEA,EN,Combined TRACON& Tower with Radar,52,32,13,4,101,0,0,9,0,9,52,32,22,4,110,2,0,2,112
07/02/2022,MDT,PA,AEA,EN,Combined TRACON& Tower with Radar,35,22,8,0,65,0,0,13,2,15,35,22,21,2,80,28,0,28,108
07/03/2022,MDT,PA,AEA,EN,Combined TRACON& Tower with Radar,32,18,4,1,55,0,2,14,0,16,32,20,18,1,71,6,0,6,77
07/04/2022,MDT,PA,AEA,EN,Combined TRACON& Tower with Radar,37,21,8,0,66,0,0,18,1,19,37,21,26,1,85,10,0,10,95
07/05/2022,MDT,PA,AEA,EN,Combined TRACON& Tower with Radar,39,14,6,5,64,0,4,10,1,15,39,18,16,6,79,0,2,2,81
07/06/2022,MDT,PA,AEA,EN,Combined TRACON& Tower with Radar,40,25,28,9,102,0,1,20,1,22,40,26,48,10,124,16,0,16,140
07/07/2022,MDT,PA,AEA,EN,Combined TRACON& Tower with Radar,47,35,28,11,121,0,0,11,6,17,47,35,39,17,138,16,2,18,156
07/08/2022,MDT,PA,AEA,EN,Combined TRACON& Tower with Radar,47,29,10,7,93,0,3,9,1,13,47,32,19,8,106,24,12,36,142
07/09/2022,MDT,PA,AEA,EN,Combined TRACON& Tower with Radar,31,17,7,0,55,0,1,7,0,8,31,18,14,0,63,0,0,0,63
07/10/2022,MDT,PA,AEA,EN,Combined TRACON& Tower with Radar,35,26,16,11,88,0,3,27,5,35,35,29,43,16,123,4,20,24,147
07/11/2022,MDT,PA,AEA,EN,Combined TRACON& Tower with Radar,47,25,19,8,99,0,2,35,1,38,47,27,54,9,137,32,24,56,193
07/12/2022,MDT,PA,AEA,EN,Combined TRACON& Tower with Radar,41,24,17,5,87,0,4,11,2,17,41,28,28,7,104,0,6,6,110
07/13/2022,MDT,PA,AEA,EN,Combined TRACON& Tower with Radar,49,24,20,6,99,0,0,30,2,32,49,24,50,8,131,12,8,20,151
07/14/2022,MDT,PA,AEA,EN,Combined TRACON& Tower with Radar,51,32,23,15,121,0,0,31,3,34,51,32,54,18,155,20,8,28,183
07/15/2022,MDT,PA,AEA,EN,Combined TRACON& Tower with Radar,47,25,17,15,104,0,2,18,0,20,47,27,35,15,124,8,0,8,132
07/16/2022,MDT,PA,AEA,EN,Combined TRACON& Tower with Radar,33,19,7,0,59,0,1,4,0,5,33,20,11,0,64,0,0,0,64
07/17/2022,MDT,PA,AEA,EN,Combined TRACON& Tower with Radar,37,27,8,2,74,0,0,0,4,4,37,27,8,6,78,0,0,0,78
07/18/2022,MDT,PA,AEA,EN,Combined TRACON& Tower with Radar,44,27,16,0,87,0,2,2,0,4,44,29,18,0,91,2,0,2,93
07/19/2022,MDT,PA,AEA,EN,Combined TRACON& Tower with Radar,45,27,25,12,109,0,6,27,4,37,45,33,52,16,146,0,24,24,170
07/20/2022,MDT,PA,AEA,EN,Combined TRACON& Tower with Radar,45,31,25,20,121,0,2,25,3,30,45,33,50,23,151,2,20,22,173
07/21/2022,MDT,PA,AEA,EN,Combined TRACON& Tower with Radar,52,35,19,9,115,1,2,20,13,36,53,37,39,22,151,0,14,14,165
07/22/2022,MDT,PA,AEA,EN,Combined TRACON& Tower with Radar,49,28,17,24,118,0,5,23,0,28,49,33,40,24,146,34,12,46,192
07/23/2022,MDT,PA,AEA,EN,Combined TRACON& Tower with Radar,26,22,10,2,60,0,2,15,0,17,26,24,25,2,77,0,0,0,77
07/24/2022,MDT,PA,AEA,EN,Combined TRACON& Tower with Radar,33,24,11,4,72,0,0,15,0,15,33,24,26,4,87,0,0,0,87
07/25/2022,MDT,PA,AEA,EN,Combined TRACON& Tower with Radar,50,25,12,2,89,0,3,11,6,20,50,28,23,8,109,16,0,16,125
07/26/2022,MDT,PA,AEA,EN,Combined TRACON& Tower with Radar,39,24,20,19,102,0,2,22,13,37,39,26,42,32,139,8,32,40,179
07/27/2022,MDT,PA,AEA,EN,Combined TRACON& Tower with Radar,44,22,23,7,96,0,4,19,7,30,44,26,42,14,126,24,0,24,150
07/28/2022,MDT,PA,AEA,EN,Combined TRACON& Tower with Radar,51,34,27,9,121,0,16,28,5,49,51,50,55,14,170,32,16,48,218
07/29/2022,MDT,PA,AEA,EN,Combined TRACON& Tower with Radar,40,27,18,6,91,0,3,9,2,14,40,30,27,8,105,0,0,0,105
07/30/2022,MDT,PA,AEA,EN,Combined TRACON& Tower with Radar,31,22,9,0,62,0,2,12,0,14,31,24,21,0,76,0,0,0,76
07/31/2022,MDT,PA,AEA,EN,Combined TRACON& Tower with Radar,33,28,9,0,70,0,3,9,1,13,33,31,18,1,83,6,0,6,89
08/01/2022,MDT,PA,AEA,EN,Combined TRACON& Tower with Radar,50,21,19,5,95,0,0,6,0,6,50,21,25,5,101,2,0,2,103
08/02/2022,MDT,PA,AEA,EN,Combined TRACON& Tower with Radar,43,17,26,12,98,0,0,42,4,46,43,17,68,16,144,18,50,68,212
08/03/2022,MDT,PA,AEA,EN,Combined TRACON& Tower with Radar,41,25,16,9,91,0,2,35,11,48,41,27,51,20,139,12,14,26,165
08/04/2022,MDT,PA,AEA,EN,Combined TRACON& Tower with Radar,46,26,20,39,131,0,2,12,7,21,46,28,32,46,152,4,48,52,204
08/05/2022,MDT,PA,AEA,EN,Combined TRACON& Tower with Radar,46,26,24,5,101,0,2,11,3,16,46,28,35,8,117,0,24,24,141
08/06/2022,MDT,PA,AEA,EN,Combined TRACON& Tower with Radar,27,24,5,4,60,0,0,5,0,5,27,24,10,4,65,18,0,18,83
08/07/2022,MDT,PA,AEA,EN,Combined TRACON& Tower with Radar,35,22,11,7,75,0,5,12,1,18,35,27,23,8,93,42,0,42,135
08/08/2022,MDT,PA,AEA,EN,Combined TRACON& Tower with Radar,42,25,24,12,103,0,2,26,0,28,42,27,50,12,131,0,0,0,131
08/09/2022,MDT,PA,AEA,EN,Combined TRACON& Tower with Radar,44,20,10,11,85,0,0,15,3,18,44,20,25,14,103,0,6,6,109
08/10/2022,MDT,PA,AEA,EN,Combined TRACON& Tower with Radar,43,27,15,11,96,0,3,17,6,26,43,30,32,17,122,0,6,6,128
08/11/2022,MDT,PA,AEA,EN,Combined TRACON& Tower with Radar,47,29,37,4,117,0,4,16,5,25,47,33,53,9,142,16,4,20,162
08/12/2022,MDT,PA,AEA,EN,Combined TRACON& Tower with Radar,45,30,15,11,101,0,0,23,3,26,45,30,38,14,127,24,18,42,169
08/13/2022,MDT,PA,AEA,EN,Combined TRACON& Tower with Radar,30,22,10,0,62,0,1,35,1,37,30,23,45,1,99,4,0,4,103
08/14/2022,MDT,PA,AEA,EN,Combined TRACON& Tower with Radar,32,23,14,1,70,0,0,34,1,35,32,23,48,2,105,18,0,18,123
08/15/2022,MDT,PA,AEA,EN,Combined TRACON& Tower with Radar,47,26,13,0,86,0,1,8,2,11,47,27,21,2,97,0,0,0,97
08/16/2022,MDT,PA,AEA,EN,Combined TRACON& Tower with Radar,40,28,25,17,110,0,0,15,4,19,40,28,40,21,129,2,30,32,161
08/17/2022,MDT,PA,AEA,EN,Combined TRACON& Tower with Radar,36,28,21,2,87,0,2,19,0,21,36,30,40,2,108,8,0,8,116
08/18/2022,MDT,PA,AEA,EN,Combined TRACON& Tower with Radar,44,33,20,3,100,0,4,15,2,21,44,37,35,5,121,18,0,18,139
08/19/2022,MDT,PA,AEA,EN,Combined TRACON& Tower with Radar,38,33,18,1,90,0,6,29,1,36,38,39,47,2,126,0,0,0,126
08/20/2022,MDT,PA,AEA,EN,Combined TRACON& Tower with Radar,22,22,17,0,61,0,1,29,0,30,22,23,46,0,91,2,0,2,93
08/21/2022,MDT,PA,AEA,EN,Combined TRACON& Tower with Radar,33,29,11,0,73,0,0,4,0,4,33,29,15,0,77,14,0,14,91
08/22/2022,MDT,PA,AEA,EN,Combined TRACON& Tower with Radar,37,28,21,6,92,0,0,4,1,5,37,28,25,7,97,0,8,8,105
08/23/2022,MDT,PA,AEA,EN,Combined TRACON& Tower with Radar,40,39,24,18,121,0,0,12,12,24,40,39,36,30,145,52,50,102,247
08/24/2022,MDT,PA,AEA,EN,Combined TRACON& Tower with Radar,37,33,28,13,111,0,1,38,4,43,37,34,66,17,154,52,14,66,220
08/25/2022,MDT,PA,AEA,EN,Combined TRACON& Tower with Radar,48,37,29,8,122,0,2,18,5,25,48,39,47,13,147,26,26,52,199
08/26/2022,MDT,PA,AEA,EN,Combined TRACON& Tower with Radar,38,31,10,5,84,0,0,22,0,22,38,31,32,5,106,55,4,59,165
08/27/2022,MDT,PA,AEA,EN,Combined TRACON& Tower with Radar,25,24,12,2,63,0,2,27,0,29,25,26,39,2,92,4,0,4,96
08/28/2022,MDT,PA,AEA,EN,Combined TRACON& Tower with Radar,32,32,7,0,71,0,0,13,0,13,32,32,20,0,84,16,0,16,100
08/29/2022,MDT,PA,AEA,EN,Combined TRACON& Tower with Radar,39,30,16,0,85,0,0,16,1,17,39,30,32,1,102,10,30,40,142
08/30/2022,MDT,PA,AEA,EN,Combined TRACON& Tower with Radar,43,30,18,2,93,0,0,2,3,5,43,30,20,5,98,0,0,0,98
08/31/2022,MDT,PA,AEA,EN,Combined TRACON& Tower with Radar,33,28,15,5,81,0,5,21,3,29,33,33,36,8,110,26,34,60,170
09/01/2022,MDT,PA,AEA,EN,Combined TRACON& Tower with Radar,42,31,14,19,106,0,0,41,9,50,42,31,55,28,156,66,18,84,240
09/02/2022,MDT,PA,AEA,EN,Combined TRACON& Tower with Radar,38,30,18,0,86,0,5,38,0,43,38,35,56,0,129,20,0,20,149
09/03/2022,MDT,PA,AEA,EN,Combined TRACON& Tower with Radar,22,22,7,0,51,0,0,22,2,24,22,22,29,2,75,16,0,16,91
09/04/2022,MDT,PA,AEA,EN,Combined TRACON& Tower with Radar,28,25,9,0,62,0,2,12,0,14,28,27,21,0,76,2,0,2,78
09/05/2022,MDT,PA,AEA,EN,Combined TRACON& Tower with Radar,28,22,6,2,58,0,0,2,0,2,28,22,8,2,60,0,0,0,60
09/06/2022,MDT,PA,AEA,EN,Combined TRACON& Tower with Radar,40,25,17,20,102,0,0,1,1,2,40,25,18,21,104,0,0,0,104
09/07/2022,MDT,PA,AEA,EN,Combined TRACON& Tower with Radar,36,30,25,4,95,0,0,0,0,0,36,30,25,4,95,16,0,16,111
09/08/2022,MDT,PA,AEA,EN,Combined TRACON& Tower with Radar,38,28,21,5,92,0,2,13,7,22,38,30,34,12,114,16,18,34,148
09/09/2022,MDT,PA,AEA,EN,Combined TRACON& Tower with Radar,40,28,17,1,86,0,3,11,0,14,40,31,28,1,100,26,0,26,126
09/10/2022,MDT,PA,AEA,EN,Combined TRACON& Tower with Radar,27,18,7,2,54,0,0,24,0,24,27,18,31,2,78,34,0,34,112
09/11/2022,MDT,PA,AEA,EN,Combined TRACON& Tower with Radar,33,22,13,2,70,0,2,0,0,2,33,24,13,2,72,0,0,0,72
09/12/2022,MDT,PA,AEA,EN,Combined TRACON& Tower with Radar,40,23,18,2,83,0,1,1,0,2,40,24,19,2,85,0,0,0,85
09/13/2022,MDT,PA,AEA,EN,Combined TRACON& Tower with Radar,36,32,11,13,92,0,0,5,7,12,36,32,16,20,104,16,28,44,148
09/14/2022,MDT,PA,AEA,EN,Combined TRACON& Tower with Radar,33,42,17,37,129,0,2,21,7,30,33,44,38,44,159,12,1,13,172
09/15/2022,MDT,PA,AEA,EN,Combined TRACON& Tower with Radar,43,35,16,10,104,0,0,23,2,25,43,35,39,12,129,42,16,58,187
09/16/2022,MDT,PA,AEA,EN,Combined TRACON& Tower with Radar,43,28,28,4,103,0,2,31,3,36,43,30,59,7,139,29,4,33,172
09/17/2022,MDT,PA,AEA,EN,Combined TRACON& Tower with Radar,26,19,7,2,54,0,5,30,9,44,26,24,37,11,98,0,0,0,98
09/18/2022,MDT,PA,AEA,EN,Combined TRACON& Tower with Radar,32,23,9,1,65,0,4,32,0,36,32,27,41,1,101,10,0,10,111
09/19/2022,MDT,PA,AEA,EN,Combined TRACON& Tower with Radar,47,35,15,4,101,0,2,19,0,21,47,37,34,4,122,22,0,22,144
09/20/2022,MDT,PA,AEA,EN,Combined TRACON& Tower with Radar,36,28,18,12,94,0,1,25,10,36,36,29,43,22,130,58,14,72,202
09/21/2022,MDT,PA,AEA,EN,Combined TRACON& Tower with Radar,32,42,29,6,109,0,0,30,2,32,32,42,59,8,141,12,14,26,167
09/22/2022,MDT,PA,AEA,EN,Combined TRACON& Tower with Radar,42,30,21,9,102,0,2,9,5,16,42,32,30,14,118,0,28,28,146
09/23/2022,MDT,PA,AEA,EN,Combined TRACON& Tower with Radar,43,35,16,2,96,0,0,8,4,12,43,35,24,6,108,0,14,14,122
09/24/2022,MDT,PA,AEA,EN,Combined TRACON& Tower with Radar,28,23,18,0,69,0,2,37,3,42,28,25,55,3,111,26,0,26,137
09/25/2022,MDT,PA,AEA,EN,Combined TRACON& Tower with Radar,33,31,14,2,80,0,0,9,0,9,33,31,23,2,89,4,0,4,93
09/26/2022,MDT,PA,AEA,EN,Combined TRACON& Tower with Radar,41,28,19,4,92,0,0,14,1,15,41,28,33,5,107,4,14,18,125
09/27/2022,MDT,PA,AEA,EN,Combined TRACON& Tower with Radar,36,31,11,2,80,0,3,11,2,16,36,34,22,4,96,2,0,2,98
09/28/2022,MDT,PA,AEA,EN,Combined TRACON& Tower with Radar,32,33,29,8,102,0,0,16,2,18,32,33,45,10,120,24,6,30,150
09/29/2022,MDT,PA,AEA,EN,Combined TRACON& Tower with Radar,38,36,21,12,107,0,0,20,1,21,38,36,41,13,128,30,20,50,178
09/30/2022,MDT,PA,AEA,EN,Combined TRACON& Tower with Radar,34,26,13,1,74,0,0,11,0,11,34,26,24,1,85,10,0,10,95
10/01/2022,MDT,PA,AEA,EN,Combined TRACON& Tower with Radar,26,26,11,0,63,0,0,0,0,0,26,26,11,0,63,0,0,0,63
10/02/2022,MDT,PA,AEA,EN,Combined TRACON& Tower with Radar,29,24,5,1,59,0,0,0,0,0,29,24,5,1,59,0,0,0,59
10/03/2022,MDT,PA,AEA,EN,Combined TRACON& Tower with Radar,41,39,22,4,106,0,3,3,0,6,41,42,25,4,112,0,0,0,112
10/04/2022,MDT,PA,AEA,EN,Combined TRACON& Tower with Radar,34,36,17,10,97,1,0,1,0,2,35,36,18,10,99,0,0,0,99
10/05/2022,MDT,PA,AEA,EN,Combined TRACON& Tower with Radar,36,37,31,12,116,0,6,9,5,20,36,43,40,17,136,14,8,22,158
10/06/2022,MDT,PA,AEA,EN,Combined TRACON& Tower with Radar,42,36,34,6,118,0,2,37,2,41,42,38,71,8,159,24,28,52,211
10/07/2022,MDT,PA,AEA,EN,Combined TRACON& Tower with Radar,37,33,24,2,96,0,0,28,0,28,37,33,52,2,124,30,0,30,154
10/08/2022,MDT,PA,AEA,EN,Combined TRACON& Tower with Radar,24,26,7,0,57,0,0,20,0,20,24,26,27,0,77,6,0,6,83
10/09/2022,MDT,PA,AEA,EN,Combined TRACON& Tower with Radar,32,23,20,0,75,0,1,15,0,16,32,24,35,0,91,0,0,0,91
10/10/2022,MDT,PA,AEA,EN,Combined TRACON& Tower with Radar,45,24,16,1,86,0,0,17,3,20,45,24,33,4,106,2,0,2,108
10/11/2022,MDT,PA,AEA,EN,Combined TRACON& Tower with Radar,37,33,19,5,94,0,4,29,2,35,37,37,48,7,129,32,0,32,161
10/12/2022,MDT,PA,AEA,EN,Combined TRACON& Tower with Radar,38,38,24,5,105,0,0,29,2,31,38,38,53,7,136,24,20,44,180
10/13/2022,MDT,PA,AEA,EN,Combined TRACON& Tower with Radar,42,38,21,2,103,0,0,0,0,0,42,38,21,2,103,0,0,0,103
10/14/2022,MDT,PA,AEA,EN,Combined TRACON& Tower with Radar,37,35,39,5,116,0,0,27,3,30,37,35,66,8,146,4,0,4,150
10/15/2022,MDT,PA,AEA,EN,Combined TRACON& Tower with Radar,25,25,19,0,69,0,3,22,1,26,25,28,41,1,95,0,0,0,95
10/16/2022,MDT,PA,AEA,EN,Combined TRACON& Tower with Radar,29,33,21,0,83,0,2,19,0,21,29,35,40,0,104,0,0,0,104
10/17/2022,MDT,PA,AEA,EN,Combined TRACON& Tower with Radar,41,33,28,0,102,0,6,9,0,15,41,39,37,0,117,2,0,2,119
10/18/2022,MDT,PA,AEA,EN,Combined TRACON& Tower with Radar,37,26,26,6,95,0,2,16,6,24,37,28,42,12,119,90,20,110,229
10/19/2022,MDT,PA,AEA,EN,Combined TRACON& Tower with Radar,36,34,16,4,90,0,0,14,2,16,36,34,30,6,106,0,0,0,106
10/20/2022,MDT,PA,AEA,EN,Combined TRACON& Tower with Radar,40,42,25,6,113,0,1,9,5,15,40,43,34,11,128,30,2,32,160
10/21/2022,MDT,PA,AEA,EN,Combined TRACON& Tower with Radar,37,29,18,1,85,0,0,24,1,25,37,29,42,2,110,0,0,0,110
10/22/2022,MDT,PA,AEA,EN,Combined TRACON& Tower with Radar,24,26,9,1,60,0,2,33,5,40,24,28,42,6,100,2,4,6,106
10/23/2022,MDT,PA,AEA,EN,Combined TRACON& Tower with Radar,31,26,27,2,86,0,0,2,0,2,31,26,29,2,88,18,0,18,106
10/24/2022,MDT,PA,AEA,EN,Combined TRACON& Tower with Radar,40,31,18,0,89,0,0,0,2,2,40,31,18,2,91,0,0,0,91
10/25/2022,MDT,PA,AEA,EN,Combined TRACON& Tower with Radar,32,25,32,21,110,0,0,0,0,0,32,25,32,21,110,0,0,0,110
10/26/2022,MDT,PA,AEA,EN,Combined TRACON& Tower with Radar,36,32,20,14,102,0,5,5,2,12,36,37,25,16,114,0,24,24,138
10/27/2022,MDT,PA,AEA,EN,Combined TRACON& Tower with Radar,42,38,26,7,113,0,5,15,5,25,42,43,41,12,138,2,12,14,152
10/28/2022,MDT,PA,AEA,EN,Combined TRACON& Tower with Radar,38,32,15,6,91,0,3,34,0,37,38,35,49,6,128,26,0,26,154
10/29/2022,MDT,PA,AEA,EN,Combined TRACON& Tower with Radar,23,26,10,0,59,0,0,22,0,22,23,26,32,0,81,16,0,16,97
10/30/2022,MDT,PA,AEA,EN,Combined TRACON& Tower with Radar,33,23,16,0,72,0,0,16,0,16,33,23,32,0,88,8,0,8,96
10/31/2022,MDT,PA,AEA,EN,Combined TRACON& Tower with Radar,38,22,18,0,78,0,0,0,2,2,38,22,18,2,80,0,0,0,80
11/01/2022,MDT,PA,AEA,EN,Combined TRACON& Tower with Radar,36,28,22,12,98,0,0,14,6,20,36,28,36,18,118,4,16,20,138
11/02/2022,MDT,PA,AEA,EN,Combined TRACON& Tower with Radar,40,29,14,7,90,0,4,35,6,45,40,33,49,13,135,6,22,28,163
11/03/2022,MDT,PA,AEA,EN,Combined TRACON& Tower with Radar,43,27,19,8,97,0,1,23,8,32,43,28,42,16,129,10,10,20,149
11/04/2022,MDT,PA,AEA,EN,Combined TRACON& Tower with Radar,56,26,15,4,101,0,0,16,2,18,56,26,31,6,119,16,20,36,155
11/05/2022,MDT,PA,AEA,EN,Combined TRACON& Tower with Radar,27,12,11,4,54,0,0,11,2,13,27,12,22,6,67,0,0,0,67
11/06/2022,MDT,PA,AEA,EN,Combined TRACON& Tower with Radar,33,17,10,10,70,0,0,3,0,3,33,17,13,10,73,0,4,4,77
11/07/2022,MDT,PA,AEA,EN,Combined TRACON& Tower with Radar,46,21,24,4,95,0,3,23,2,28,46,24,47,6,123,20,16,36,159
11/08/2022,MDT,PA,AEA,EN,Combined TRACON& Tower with Radar,40,21,17,2,80,0,5,21,2,28,40,26,38,4,108,44,28,72,180
11/09/2022,MDT,PA,AEA,EN,Combined TRACON& Tower with Radar,42,35,14,3,94,0,4,24,7,35,42,39,38,10,129,36,22,58,187
11/10/2022,MDT,PA,AEA,EN,Combined TRACON& Tower with Radar,41,29,15,3,88,0,0,39,2,41,41,29,54,5,129,40,0,40,169
11/11/2022,MDT,PA,AEA,EN,Combined TRACON& Tower with Radar,42,24,10,2,78,0,0,0,0,0,42,24,10,2,78,0,0,0,78
11/12/2022,MDT,PA,AEA,EN,Combined TRACON& Tower with Radar,32,16,12,0,60,0,2,7,0,9,32,18,19,0,69,14,0,14,83
11/13/2022,MDT,PA,AEA,EN,Combined TRACON& Tower with Radar,33,19,9,0,61,0,0,4,1,5,33,19,13,1,66,0,0,0,66
11/14/2022,MDT,PA,AEA,EN,Combined TRACON& Tower with Radar,48,20,14,18,100,0,0,19,3,22,48,20,33,21,122,20,16,36,158
11/15/2022,MDT,PA,AEA,EN,Combined TRACON& Tower with Radar,40,21,13,4,78,0,0,9,0,9,40,21,22,4,87,0,0,0,87
11/16/2022,MDT,PA,AEA,EN,Combined TRACON& Tower with Radar,44,28,18,32,122,0,2,9,6,17,44,30,27,38,139,12,20,32,171
11/17/2022,MDT,PA,AEA,EN,Combined TRACON& Tower with Radar,46,27,21,4,98,0,0,7,0,7,46,27,28,4,105,0,0,0,105
11/18/2022,MDT,PA,AEA,EN,Combined TRACON& Tower with Radar,42,24,23,0,89,0,0,11,1,12,42,24,34,1,101,2,0,2,103
11/19/2022,MDT,PA,AEA,EN,Combined TRACON& Tower with Radar,34,12,11,0,57,0,0,37,3,40,34,12,48,3,97,32,0,32,129
11/20/2022,MDT,PA,AEA,EN,Combined TRACON& Tower with Radar,37,20,4,0,61,0,0,13,7,20,37,20,17,7,81,0,0,0,81
11/21/2022,MDT,PA,AEA,EN,Combined TRACON& Tower with Radar,49,18,22,5,94,0,1,13,2,16,49,19,35,7,110,10,18,28,138
11/22/2022,MDT,PA,AEA,EN,Combined TRACON& Tower with Radar,52,26,24,6,108,0,3,36,4,43,52,29,60,10,151,10,8,18,169
11/23/2022,MDT,PA,AEA,EN,Combined TRACON& Tower with Radar,50,25,20,2,97,0,2,29,0,31,50,27,49,2,128,10,4,14,142
11/24/2022,MDT,PA,AEA,EN,Combined TRACON& Tower with Radar,18,6,4,0,28,0,0,15,2,17,18,6,19,2,45,0,0,0,45
11/25/2022,MDT,PA,AEA,EN,Combined TRACON& Tower with Radar,41,20,6,0,67,0,0,3,0,3,41,20,9,0,70,6,0,6,76
11/26/2022,MDT,PA,AEA,EN,Combined TRACON& Tower with Radar,35,16,8,0,59,0,2,22,0,24,35,18,30,0,83,28,0,28,111
11/27/2022,MDT,PA,AEA,EN,Combined TRACON& Tower with Radar,34,25,15,0,74,0,0,3,0,3,34,25,18,0,77,14,0,14,91
11/28/2022,MDT,PA,AEA,EN,Combined TRACON& Tower with Radar,56,20,16,0,92,0,2,8,0,10,56,22,24,0,102,0,0,0,102
11/29/2022,MDT,PA,AEA,EN,Combined TRACON& Tower with Radar,48,27,21,16,112,0,0,23,2,25,48,27,44,18,137,42,20,62,199
11/30/2022,MDT,PA,AEA,EN,Combined TRACON& Tower with Radar,47,27,19,11,104,0,0,3,1,4,47,27,22,12,108,0,0,0,108
12/01/2022,MDT,PA,AEA,EN,Combined TRACON& Tower with Radar,52,17,24,14,107,0,0,13,15,28,52,17,37,29,135,0,4,4,139
12/02/2022,MDT,PA,AEA,EN,Combined TRACON& Tower with Radar,51,23,15,13,102,0,3,24,6,33,51,26,39,19,135,8,20,28,163
12/03/2022,MDT,PA,AEA,EN,Combined TRACON& Tower with Radar,32,13,4,0,49,0,0,5,0,5,32,13,9,0,54,0,0,0,54
12/04/2022,MDT,PA,AEA,EN,Combined TRACON& Tower with Radar,38,11,11,0,60,0,0,24,0,24,38,11,35,0,84,24,0,24,108
12/05/2022,MDT,PA,AEA,EN,Combined TRACON& Tower with Radar,49,24,29,0,102,0,6,25,0,31,49,30,54,0,133,0,0,0,133
12/06/2022,MDT,PA,AEA,EN,Combined TRACON& Tower with Radar,53,28,15,3,99,0,2,0,0,2,53,30,15,3,101,0,0,0,101
12/07/2022,MDT,PA,AEA,EN,Combined TRACON& Tower with Radar,47,21,22,0,90,1,0,0,0,1,48,21,22,0,91,0,0,0,91
12/08/2022,MDT,PA,AEA,EN,Combined TRACON& Tower with Radar,52,30,13,8,103,0,5,18,4,27,52,35,31,12,130,6,6,12,142
12/09/2022,MDT,PA,AEA,EN,Combined TRACON& Tower with Radar,53,21,23,11,108,0,2,35,2,39,53,23,58,13,147,40,28,68,215
12/10/2022,MDT,PA,AEA,EN,Combined TRACON& Tower with Radar,31,14,6,0,51,0,0,24,0,24,31,14,30,0,75,86,0,86,161
12/11/2022,MDT,PA,AEA,EN,Combined TRACON& Tower with Radar,39,11,9,0,59,0,0,0,0,0,39,11,9,0,59,0,0,0,59
12/12/2022,MDT,PA,AEA,EN,Combined TRACON& Tower with Radar,50,20,14,4,88,0,0,8,1,9,50,20,22,5,97,24,0,24,121
12/13/2022,MDT,PA,AEA,EN,Combined TRACON& Tower with Radar,52,20,36,6,114,0,2,34,3,39,52,22,70,9,153,6,0,6,159
12/14/2022,MDT,PA,AEA,EN,Combined TRACON& Tower with Radar,50,19,28,4,101,0,0,28,2,30,50,19,56,6,131,0,0,0,131
12/15/2022,MDT,PA,AEA,EN,Combined TRACON& Tower with Radar,47,26,5,0,78,0,0,0,0,0,47,26,5,0,78,0,0,0,78
12/16/2022,MDT,PA,AEA,EN,Combined TRACON& Tower with Radar,52,24,21,1,98,0,2,2,0,4,52,26,23,1,102,0,0,0,102
12/17/2022,MDT,PA,AEA,EN,Combined TRACON& Tower with Radar,47,15,8,0,70,0,0,15,0,15,47,15,23,0,85,30,0,30,115
12/18/2022,MDT,PA,AEA,EN,Combined TRACON& Tower with Radar,34,17,5,0,56,0,2,9,0,11,34,19,14,0,67,18,0,18,85
12/19/2022,MDT,PA,AEA,EN,Combined TRACON& Tower with Radar,51,23,14,6,94,0,8,33,0,41,51,31,47,6,135,50,22,72,207
12/20/2022,MDT,PA,AEA,EN,Combined TRACON& Tower with Radar,51,24,14,25,114,0,0,29,4,33,51,24,43,29,147,18,20,38,185
12/21/2022,MDT,PA,AEA,EN,Combined TRACON& Tower with Radar,61,25,17,3,106,0,0,25,4,29,61,25,42,7,135,28,0,28,163
12/22/2022,MDT,PA,AEA,EN,Combined TRACON& Tower with Radar,51,23,13,1,88,0,0,0,0,0,51,23,13,1,88,0,0,0,88
12/23/2022,MDT,PA,AEA,EN,Combined TRACON& Tower with Radar,33,15,5,0,53,0,0,0,0,0,33,15,5,0,53,0,0,0,53
12/24/2022,MDT,PA,AEA,EN,Combined TRACON& Tower with Radar,34,12,2,0,48,0,2,2,0,4,34,14,4,0,52,0,0,0,52
12/25/2022,MDT,PA,AEA,EN,Combined TRACON& Tower with Radar,22,14,1,0,37,0,3,2,0,5,22,17,3,0,42,0,0,0,42
12/26/2022,MDT,PA,AEA,EN,Combined TRACON& Tower with Radar,33,21,11,1,66,0,2,13,1,16,33,23,24,2,82,0,0,0,82
12/27/2022,MDT,PA,AEA,EN,Combined TRACON& Tower with Radar,55,21,25,4,105,0,1,36,0,37,55,22,61,4,142,18,0,18,160
12/28/2022,MDT,PA,AEA,EN,Combined TRACON& Tower with Radar,51,24,11,3,89,0,1,25,0,26,51,25,36,3,115,20,0,20,135
12/29/2022,MDT,PA,AEA,EN,Combined TRACON& Tower with Radar,46,30,19,4,99,0,2,26,8,36,46,32,45,12,135,14,6,20,155
12/30/2022,MDT,PA,AEA,EN,Combined TRACON& Tower with Radar,51,33,11,2,97,0,0,33,0,33,51,33,44,2,130,32,0,32,162
12/31/2022,MDT,PA,AEA,EN,Combined TRACON& Tower with Radar,34,16,8,0,58,0,0,0,0,0,34,16,8,0,58,0,0,0,58
01/01/2023,MDT,PA,AEA,EN,Combined TRACON& Tower with Radar,28,15,11,0,54,0,2,15,0,17,28,17,26,0,71,42,0,42,113
01/02/2023,MDT,PA,AEA,EN,Combined TRACON& Tower with Radar,28,18,9,2,57,0,0,6,0,6,28,18,15,2,63,0,0,0,63
01/03/2023,MDT,PA,AEA,EN,Combined TRACON& Tower with Radar,49,14,23,2,88,0,0,0,0,0,49,14,23,2,88,0,0,0,88
01/04/2023,MDT,PA,AEA,EN,Combined TRACON& Tower with Radar,35,22,18,12,87,0,0,1,0,1,35,22,19,12,88,0,32,32,120
01/05/2023,MDT,PA,AEA,EN,Combined TRACON& Tower with Radar,40,22,11,7,80,0,0,30,13,43,40,22,41,20,123,30,22,52,175
01/06/2023,MDT,PA,AEA,EN,Combined TRACON& Tower with Radar,37,22,10,4,73,0,0,9,4,13,37,22,19,8,86,24,0,24,110
01/07/2023,MDT,PA,AEA,EN,Combined TRACON& Tower with Radar,28,13,8,2,51,0,2,26,4,32,28,15,34,6,83,48,0,48,131
01/08/2023,MDT,PA,AEA,EN,Combined TRACON& Tower with Radar,27,18,8,3,56,0,0,47,1,48,27,18,55,4,104,88,0,88,192
01/09/2023,MDT,PA,AEA,EN,Combined TRACON& Tower with Radar,44,27,9,0,80,0,2,16,2,20,44,29,25,2,100,26,0,26,126
01/10/2023,MDT,PA,AEA,EN,Combined TRACON& Tower with Radar,35,23,21,15,94,0,0,22,1,23,35,23,43,16,117,16,16,32,149
01/11/2023,MDT,PA,AEA,EN,Combined TRACON& Tower with Radar,37,27,19,3,86,0,9,16,2,27,37,36,35,5,113,12,28,40,153
01/12/2023,MDT,PA,AEA,EN,Combined TRACON& Tower with Radar,40,27,16,2,85,0,0,0,0,0,40,27,16,2,85,0,0,0,85
01/13/2023,MDT,PA,AEA,EN,Combined TRACON& Tower with Radar,45,29,12,0,86,0,0,0,1,1,45,29,12,1,87,14,14,28,115
01/14/2023,MDT,PA,AEA,EN,Combined TRACON& Tower with Radar,24,19,8,6,57,0,0,5,0,5,24,19,13,6,62,0,0,0,62
01/15/2023,MDT,PA,AEA,EN,Combined TRACON& Tower with Radar,29,14,10,0,53,0,0,17,0,17,29,14,27,0,70,44,0,44,114
01/16/2023,MDT,PA,AEA,EN,Combined TRACON& Tower with Radar,41,31,24,0,96,0,2,33,0,35,41,33,57,0,131,40,0,40,171
01/17/2023,MDT,PA,AEA,EN,Combined TRACON& Tower with Radar,43,23,24,12,102,0,0,9,7,16,43,23,33,19,118,8,22,30,148
01/18/2023,MDT,PA,AEA,EN,Combined TRACON& Tower with Radar,40,34,14,23,111,0,4,13,4,21,40,38,27,27,132,16,14,30,162
01/19/2023,MDT,PA,AEA,EN,Combined TRACON& Tower with Radar,41,21,13,1,76,0,0,0,0,0,41,21,13,1,76,0,0,0,76
01/20/2023,MDT,PA,AEA,EN,Combined TRACON& Tower with Radar,44,24,17,9,94,0,0,11,0,11,44,24,28,9,105,2,0,2,107
01/21/2023,MDT,PA,AEA,EN,Combined TRACON& Tower with Radar,26,15,6,0,47,0,2,24,0,26,26,17,30,0,73,12,0,12,85
01/22/2023,MDT,PA,AEA,EN,Combined TRACON& Tower with Radar,33,12,10,2,57,0,0,13,0,13,33,12,23,2,70,8,0,8,78
01/23/2023,MDT,PA,AEA,EN,Combined TRACON& Tower with Radar,40,19,16,2,77,0,0,0,0,0,40,19,16,2,77,0,0,0,77
01/24/2023,MDT,PA,AEA,EN,Combined TRACON& Tower with Radar,34,23,17,18,92,0,0,30,6,36,34,23,47,24,128,38,6,44,172
01/25/2023,MDT,PA,AEA,EN,Combined TRACON& Tower with Radar,36,22,9,0,67,0,2,0,0,2,36,24,9,0,69,0,0,0,69
01/26/2023,MDT,PA,AEA,EN,Combined TRACON& Tower with Radar,38,33,11,8,90,0,6,5,5,16,38,39,16,13,106,0,0,0,106
01/27/2023,MDT,PA,AEA,EN,Combined TRACON& Tower with Radar,39,26,21,2,88,0,0,27,2,29,39,26,48,4,117,54,0,54,171
01/28/2023,MDT,PA,AEA,EN,Combined TRACON& Tower with Radar,25,15,20,1,61,0,0,25,0,25,25,15,45,1,86,30,0,30,116
01/29/2023,MDT,PA,AEA,EN,Combined TRACON& Tower with Radar,32,14,12,0,58,0,2,21,0,23,32,16,33,0,81,4,0,4,85
01/30/2023,MDT,PA,AEA,EN,Combined TRACON& Tower with Radar,43,21,14,3,81,0,0,21,2,23,43,21,35,5,104,6,0,6,110
01/31/2023,MDT,PA,AEA,EN,Combined TRACON& Tower with Radar,32,23,16,4,75,0,0,10,0,10,32,23,26,4,85,2,0,2,87
02/01/2023,MDT,PA,AEA,EN,Combined TRACON& Tower with Radar,38,21,30,9,98,0,0,23,6,29,38,21,53,15,127,20,14,34,161
02/02/2023,MDT,PA,AEA,EN,Combined TRACON& Tower with Radar,40,21,23,12,96,0,2,42,8,52,40,23,65,20,148,6,32,38,186
02/03/2023,MDT,PA,AEA,EN,Combined TRACON& Tower with Radar,43,18,15,6,82,0,4,1,0,5,43,22,16,6,87,0,0,0,87
02/04/2023,MDT,PA,AEA,EN,Combined TRACON& Tower with Radar,27,16,7,0,50,0,2,32,4,38,27,18,39,4,88,8,0,8,96
02/05/2023,MDT,PA,AEA,EN,Combined TRACON& Tower with Radar,32,14,4,4,54,0,2,26,2,30,32,16,30,6,84,16,4,20,104
02/06/2023,MDT,PA,AEA,EN,Combined TRACON& Tower with Radar,47,19,8,15,89,0,0,18,0,18,47,19,26,15,107,4,0,4,111
02/07/2023,MDT,PA,AEA,EN,Combined TRACON& Tower with Radar,35,23,24,6,88,0,2,30,1,33,35,25,54,7,121,32,0,32,153
02/08/2023,MDT,PA,AEA,EN,Combined TRACON& Tower with Radar,45,28,17,9,99,0,0,23,11,34,45,28,40,20,133,0,22,22,155
02/09/2023,MDT,PA,AEA,EN,Combined TRACON& Tower with Radar,42,30,12,3,87,0,0,5,3,8,42,30,17,6,95,0,0,0,95
02/10/2023,MDT,PA,AEA,EN,Combined TRACON& Tower with Radar,43,26,10,6,85,0,3,8,0,11,43,29,18,6,96,12,0,12,108
02/11/2023,MDT,PA,AEA,EN,Combined TRACON& Tower with Radar,26,17,19,0,62,0,0,39,2,41,26,17,58,2,103,52,0,52,155
02/12/2023,MDT,PA,AEA,EN,Combined TRACON& Tower with Radar,30,17,8,0,55,0,3,30,0,33,30,20,38,0,88,10,0,10,98
02/13/2023,MDT,PA,AEA,EN,Combined TRACON& Tower with Radar,45,23,13,3,84,0,1,14,0,15,45,24,27,3,99,8,0,8,107
02/14/2023,MDT,PA,AEA,EN,Combined TRACON& Tower with Radar,36,22,12,3,73,0,0,17,1,18,36,22,29,4,91,42,0,42,133
02/15/2023,MDT,PA,AEA,EN,Combined TRACON& Tower with Radar,45,25,20,20,110,0,1,19,10,30,45,26,39,30,140,6,2,8,148
02/16/2023,MDT,PA,AEA,EN,Combined TRACON& Tower with Radar,44,23,14,6,87,0,2,10,4,16,44,25,24,10,103,22,8,30,133
02/17/2023,MDT,PA,AEA,EN,Combined TRACON& Tower with Radar,43,21,8,4,76,0,1,1,0,2,43,22,9,4,78,0,0,0,78
02/18/2023,MDT,PA,AEA,EN,Combined TRACON& Tower with Radar,27,15,14,0,56,0,0,16,0,16,27,15,30,0,72,50,0,50,122
02/19/2023,MDT,PA,AEA,EN,Combined TRACON& Tower with Radar,32,20,9,0,61,0,2,25,0,27,32,22,34,0,88,68,0,68,156
02/20/2023,MDT,PA,AEA,EN,Combined TRACON& Tower with Radar,42,27,27,0,96,0,2,20,0,22,42,29,47,0,118,6,0,6,124
02/21/2023,MDT,PA,AEA,EN,Combined TRACON& Tower with Radar,50,22,19,2,93,0,4,3,2,9,50,26,22,4,102,0,0,0,102
02/22/2023,MDT,PA,AEA,EN,Combined TRACON& Tower with Radar,40,30,31,2,103,0,1,9,1,11,40,31,40,3,114,4,16,20,134
02/23/2023,MDT,PA,AEA,EN,Combined TRACON& Tower with Radar,50,27,25,5,107,0,2,12,2,16,50,29,37,7,123,0,20,20,143
02/24/2023,MDT,PA,AEA,EN,Combined TRACON& Tower with Radar,44,24,19,2,89,0,3,7,1,11,44,27,26,3,100,30,0,30,130
02/25/2023,MDT,PA,AEA,EN,Combined TRACON& Tower with Radar,29,16,3,1,49,0,0,23,1,24,29,16,26,2,73,42,0,42,115
02/26/2023,MDT,PA,AEA,EN,Combined TRACON& Tower with Radar,36,18,7,4,65,0,2,20,0,22,36,20,27,4,87,2,0,2,89
02/27/2023,MDT,PA,AEA,EN,Combined TRACON& Tower with Radar,40,19,14,4,77,0,0,24,0,24,40,19,38,4,101,30,0,30,131
02/28/2023,MDT,PA,AEA,EN,Combined TRACON& Tower with Radar,38,19,17,6,80,0,2,3,1,6,38,21,20,7,86,0,0,0,86
03/01/2023,MDT,PA,AEA,EN,Combined TRACON& Tower with Radar,43,28,17,4,92,0,5,30,3,38,43,33,47,7,130,12,8,20,150
03/02/2023,MDT,PA,AEA,EN,Combined TRACON& Tower with Radar,47,22,29,14,112,0,4,16,6,26,47,26,45,20,138,0,12,12,150
03/03/2023,MDT,PA,AEA,EN,Combined TRACON& Tower with Radar,39,31,6,2,78,0,2,9,0,11,39,33,15,2,89,0,0,0,89
03/04/2023,MDT,PA,AEA,EN,Combined TRACON& Tower with Radar,29,22,4,2,57,0,0,2,1,3,29,22,6,3,60,0,8,8,68
03/05/2023,MDT,PA,AEA,EN,Combined TRACON& Tower with Radar,34,16,19,0,69,0,2,33,0,35,34,18,52,0,104,50,0,50,154
03/06/2023,MDT,PA,AEA,EN,Combined TRACON& Tower with Radar,44,30,21,7,102,0,5,44,1,50,44,35,65,8,152,80,0,80,232
03/07/2023,MDT,PA,AEA,EN,Combined TRACON& Tower with Radar,41,19,9,11,80,0,0,7,3,10,41,19,16,14,90,0,0,0,90
03/08/2023,MDT,PA,AEA,EN,Combined TRACON& Tower with Radar,42,32,13,13,100,0,7,10,13,30,42,39,23,26,130,34,16,50,180
03/09/2023,MDT,PA,AEA,EN,Combined TRACON& Tower with Radar,46,28,33,5,112,0,0,31,5,36,46,28,64,10,148,42,0,42,190
03/10/2023,MDT,PA,AEA,EN,Combined TRACON& Tower with Radar,43,26,8,0,77,0,0,0,0,0,43,26,8,0,77,0,0,0,77
03/11/2023,MDT,PA,AEA,EN,Combined TRACON& Tower with Radar,28,19,6,0,53,0,2,6,0,8,28,21,12,0,61,12,0,12,73
03/12/2023,MDT,PA,AEA,EN,Combined TRACON& Tower with Radar,35,29,15,0,79,0,4,32,0,36,35,33,47,0,115,78,0,78,193
03/13/2023,MDT,PA,AEA,EN,Combined TRACON& Tower with Radar,44,26,10,12,92,0,2,1,0,3,44,28,11,12,95,0,0,0,95
03/14/2023,MDT,PA,AEA,EN,Combined TRACON& Tower with Radar,38,18,17,5,78,0,4,2,3,9,38,22,19,8,87,0,0,0,87
03/15/2023,MDT,PA,AEA,EN,Combined TRACON& Tower with Radar,44,22,17,1,84,0,3,1,6,10,44,25,18,7,94,0,16,16,110
03/16/2023,MDT,PA,AEA,EN,Combined TRACON& Tower with Radar,46,26,29,10,111,0,3,52,8,63,46,29,81,18,174,112,16,128,302
03/17/2023,MDT,PA,AEA,EN,Combined TRACON& Tower with Radar,42,31,18,3,94,0,3,2,0,5,42,34,20,3,99,0,4,4,103
03/18/2023,MDT,PA,AEA,EN,Combined TRACON& Tower with Radar,28,24,11,0,63,0,0,13,0,13,28,24,24,0,76,0,0,0,76
03/19/2023,MDT,PA,AEA,EN,Combined TRACON& Tower with Radar,35,22,7,2,66,0,0,9,0,9,35,22,16,2,75,0,0,0,75
03/20/2023,MDT,PA,AEA,EN,Combined TRACON& Tower with Radar,44,36,27,9,116,0,6,37,0,43,44,42,64,9,159,54,0,54,213
03/21/2023,MDT,PA,AEA,EN,Combined TRACON& Tower with Radar,43,26,21,5,95,0,6,39,1,46,43,32,60,6,141,74,2,76,217
03/22/2023,MDT,PA,AEA,EN,Combined TRACON& Tower with Radar,41,27,17,8,93,0,4,33,6,43,41,31,50,14,136,38,10,48,184
03/23/2023,MDT,PA,AEA,EN,Combined TRACON& Tower with Radar,47,34,13,6,100,0,4,5,4,13,47,38,18,10,113,10,0,10,123
03/24/2023,MDT,PA,AEA,EN,Combined TRACON& Tower with Radar,40,23,20,0,83,0,0,7,0,7,40,23,27,0,90,26,0,26,116
03/25/2023,MDT,PA,AEA,EN,Combined TRACON& Tower with Radar,29,12,13,2,56,0,0,0,0,0,29,12,13,2,56,0,0,0,56
03/26/2023,MDT,PA,AEA,EN,Combined TRACON& Tower with Radar,35,25,6,0,66,0,3,20,0,23,35,28,26,0,89,26,0,26,115
03/27/2023,MDT,PA,AEA,EN,Combined TRACON& Tower with Radar,46,26,17,6,95,0,0,13,2,15,46,26,30,8,110,4,0,4,114
03/28/2023,MDT,PA,AEA,EN,Combined TRACON& Tower with Radar,40,24,24,3,91,0,5,26,0,31,40,29,50,3,122,68,0,68,190
03/29/2023,MDT,PA,AEA,EN,Combined TRACON& Tower with Radar,42,35,18,3,98,0,7,23,7,37,42,42,41,10,135,26,10,36,171
03/30/2023,MDT,PA,AEA,EN,Combined TRACON& Tower with Radar,45,31,16,21,113,0,3,39,6,48,45,34,55,27,161,60,42,102,263
03/31/2023,MDT,PA,AEA,EN,Combined TRACON& Tower with Radar,40,23,23,1,87,0,0,6,3,9,40,23,29,4,96,18,0,18,114
04/01/2023,MDT,PA,AEA,EN,Combined TRACON& Tower with Radar,24,19,8,0,51,0,0,2,0,2,24,19,10,0,53,0,0,0,53
04/02/2023,MDT,PA,AEA,EN,Combined TRACON& Tower with Radar,39,20,9,3,71,0,0,8,0,8,39,20,17,3,79,6,0,6,85
04/03/2023,MDT,PA,AEA,EN,Combined TRACON& Tower with Radar,40,26,11,2,79,0,6,9,0,15,40,32,20,2,94,24,0,24,118
04/04/2023,MDT,PA,AEA,EN,Combined TRACON& Tower with Radar,40,20,17,29,106,0,14,28,1,43,40,34,45,30,149,16,32,48,197
04/05/2023,MDT,PA,AEA,EN,Combined TRACON& Tower with Radar,42,36,22,32,132,0,4,4,0,8,42,40,26,32,140,0,30,30,170
04/06/2023,MDT,PA,AEA,EN,Combined TRACON& Tower with Radar,51,26,23,15,115,0,0,6,0,6,51,26,29,15,121,1,0,1,122
04/07/2023,MDT,PA,AEA,EN,Combined TRACON& Tower with Radar,40,23,27,4,94,0,5,29,4,38,40,28,56,8,132,20,0,20,152
04/08/2023,MDT,PA,AEA,EN,Combined TRACON& Tower with Radar,30,15,13,11,69,2,5,41,1,49,32,20,54,12,118,14,12,26,144
04/09/2023,MDT,PA,AEA,EN,Combined TRACON& Tower with Radar,36,18,9,0,63,0,2,21,0,23,36,20,30,0,86,2,0,2,88
04/10/2023,MDT,PA,AEA,EN,Combined TRACON& Tower with Radar,45,21,9,2,77,0,12,26,2,40,45,33,35,4,117,44,0,44,161
04/11/2023,MDT,PA,AEA,EN,Combined TRACON& Tower with Radar,40,27,20,4,91,0,4,20,6,30,40,31,40,10,121,4,6,10,131
04/12/2023,MDT,PA,AEA,EN,Combined TRACON& Tower with Radar,42,24,12,5,83,0,5,17,7,29,42,29,29,12,112,0,0,0,112
04/13/2023,MDT,PA,AEA,EN,Combined TRACON& Tower with Radar,45,32,22,12,111,0,2,19,3,24,45,34,41,15,135,0,24,24,159
04/14/2023,MDT,PA,AEA,EN,Combined TRACON& Tower with Radar,41,26,20,15,102,0,7,31,6,44,41,33,51,21,146,24,0,24,170
04/15/2023,MDT,PA,AEA,EN,Combined TRACON& Tower with Radar,26,18,11,0,55,0,0,2,0,2,26,18,13,0,57,12,0,12,69
04/16/2023,MDT,PA,AEA,EN,Combined TRACON& Tower with Radar,36,18,14,5,73,0,7,13,3,23,36,25,27,8,96,24,0,24,120
04/17/2023,MDT,PA,AEA,EN,Combined TRACON& Tower with Radar,48,22,10,6,86,0,2,13,1,16,48,24,23,7,102,38,12,50,152
04/18/2023,MDT,PA,AEA,EN,Combined TRACON& Tower with Radar,39,25,22,22,108,0,0,4,21,25,39,25,26,43,133,20,50,70,203
04/19/2023,MDT,PA,AEA,EN,Combined TRACON& Tower with Radar,42,30,28,6,106,0,0,26,3,29,42,30,54,9,135,34,10,44,179
04/20/2023,MDT,PA,AEA,EN,Combined TRACON& Tower with Radar,46,25,33,14,118,0,5,44,1,50,46,30,77,15,168,26,2,28,196
04/21/2023,MDT,PA,AEA,EN,Combined TRACON& Tower with Radar,39,33,23,20,115,0,7,33,0,40,39,40,56,20,155,20,0,20,175
04/22/2023,MDT,PA,AEA,EN,Combined TRACON& Tower with Radar,30,25,7,3,65,0,0,1,0,1,30,25,8,3,66,10,0,10,76
04/23/2023,MDT,PA,AEA,EN,Combined TRACON& Tower with Radar,37,19,9,0,65,0,0,28,0,28,37,19,37,0,93,12,0,12,105
04/24/2023,MDT,PA,AEA,EN,Combined TRACON& Tower with Radar,42,28,25,2,97,0,11,29,0,40,42,39,54,2,137,20,0,20,157
04/25/2023,MDT,PA,AEA,EN,Combined TRACON& Tower with Radar,38,31,29,28,126,0,12,23,0,35,38,43,52,28,161,16,38,54,215
04/26/2023,MDT,PA,AEA,EN,Combined TRACON& Tower with Radar,42,29,19,1,91,0,4,9,5,18,42,33,28,6,109,0,12,12,121
04/27/2023,MDT,PA,AEA,EN,Combined TRACON& Tower with Radar,44,30,35,3,112,0,4,18,0,22,44,34,53,3,134,36,0,36,170
04/28/2023,MDT,PA,AEA,EN,Combined TRACON& Tower with Radar,38,23,8,2,71,0,0,0,0,0,38,23,8,2,71,0,0,0,71
04/29/2023,MDT,PA,AEA,EN,Combined TRACON& Tower with Radar,28,18,12,0,58,0,0,2,0,2,28,18,14,0,60,0,0,0,60
04/30/2023,MDT,PA,AEA,EN,Combined TRACON& Tower with Radar,34,18,6,1,59,0,0,0,0,0,34,18,6,1,59,0,0,0,59
05/01/2023,MDT,PA,AEA,EN,Combined TRACON& Tower with Radar,42,24,16,2,84,0,2,3,0,5,42,26,19,2,89,6,0,6,95
05/02/2023,MDT,PA,AEA,EN,Combined TRACON& Tower with Radar,38,26,14,14,92,0,2,3,1,6,38,28,17,15,98,6,6,12,110
05/03/2023,MDT,PA,AEA,EN,Combined TRACON& Tower with Radar,42,31,19,13,105,0,1,18,0,19,42,32,37,13,124,100,16,116,240
05/04/2023,MDT,PA,AEA,EN,Combined TRACON& Tower with Radar,48,26,37,9,120,0,4,27,10,41,48,30,64,19,161,36,34,70,231
05/05/2023,MDT,PA,AEA,EN,Combined TRACON& Tower with Radar,39,24,13,9,85,0,6,30,5,41,39,30,43,14,126,50,0,50,176
05/06/2023,MDT,PA,AEA,EN,Combined TRACON& Tower with Radar,32,16,19,7,74,0,7,23,1,31,32,23,42,8,105,24,6,30,135
05/07/2023,MDT,PA,AEA,EN,Combined TRACON& Tower with Radar,34,29,21,1,85,0,2,14,0,16,34,31,35,1,101,24,0,24,125
05/08/2023,MDT,PA,AEA,EN,Combined TRACON& Tower with Radar,41,17,26,1,85,0,2,29,0,31,41,19,55,1,116,12,0,12,128
05/09/2023,MDT,PA,AEA,EN,Combined TRACON& Tower with Radar,38,28,15,6,87,0,6,20,4,30,38,34,35,10,117,30,2,32,149
05/10/2023,MDT,PA,AEA,EN,Combined TRACON& Tower with Radar,44,31,23,20,118,0,18,31,4,53,44,49,54,24,171,34,34,68,239
05/11/2023,MDT,PA,AEA,EN,Combined TRACON& Tower with Radar,48,26,23,17,114,0,5,22,9,36,48,31,45,26,150,34,38,72,222
05/12/2023,MDT,PA,AEA,EN,Combined TRACON& Tower with Radar,38,20,18,1,77,0,2,24,0,26,38,22,42,1,103,28,0,28,131
05/13/2023,MDT,PA,AEA,EN,Combined TRACON& Tower with Radar,30,20,11,0,61,0,6,15,0,21,30,26,26,0,82,6,0,6,88
05/14/2023,MDT,PA,AEA,EN,Combined TRACON& Tower with Radar,38,23,9,0,70,0,4,18,0,22,38,27,27,0,92,0,0,0,92
05/15/2023,MDT,PA,AEA,EN,Combined TRACON& Tower with Radar,41,31,29,2,103,0,8,19,0,27,41,39,48,2,130,12,20,32,162
05/16/2023,MDT,PA,AEA,EN,Combined TRACON& Tower with Radar,38,22,22,29,111,0,2,23,8,33,38,24,45,37,144,50,30,80,224
05/17/2023,MDT,PA,AEA,EN,Combined TRACON& Tower with Radar,41,28,34,12,115,0,9,23,5,37,41,37,57,17,152,50,10,60,212
05/18/2023,MDT,PA,AEA,EN,Combined TRACON& Tower with Radar,44,39,27,14,124,0,10,36,2,48,44,49,63,16,172,0,0,0,172
05/19/2023,MDT,PA,AEA,EN,Combined TRACON& Tower with Radar,40,25,20,8,93,0,2,12,1,15,40,27,32,9,108,4,8,12,120
05/20/2023,MDT,PA,AEA,EN,Combined TRACON& Tower with Radar,27,14,13,4,58,0,0,4,0,4,27,14,17,4,62,4,4,8,70
05/21/2023,MDT,PA,AEA,EN,Combined TRACON& Tower with Radar,35,17,17,6,75,0,6,33,1,40,35,23,50,7,115,20,8,28,143
05/22/2023,MDT,PA,AEA,EN,Combined TRACON& Tower with Radar,45,24,26,10,105,0,13,15,1,29,45,37,41,11,134,50,0,50,184
05/23/2023,MDT,PA,AEA,EN,Combined TRACON& Tower with Radar,39,23,19,4,85,0,9,17,2,28,39,32,36,6,113,14,16,30,143
05/24/2023,MDT,PA,AEA,EN,Combined TRACON& Tower with Radar,42,21,22,5,90,0,4,21,15,40,42,25,43,20,130,16,12,28,158
05/25/2023,MDT,PA,AEA,EN,Combined TRACON& Tower with Radar,46,30,23,18,117,0,4,34,5,43,46,34,57,23,160,18,42,60,220
05/26/2023,MDT,PA,AEA,EN,Combined TRACON& Tower with Radar,43,24,19,1,87,0,0,33,1,34,43,24,52,2,121,8,10,18,139
05/27/2023,MDT,PA,AEA,EN,Combined TRACON& Tower with Radar,29,21,10,0,60,0,4,37,0,41,29,25,47,0,101,8,10,18,119
05/28/2023,MDT,PA,AEA,EN,Combined TRACON& Tower with Radar,34,21,14,0,69,0,2,21,0,23,34,23,35,0,92,8,0,8,100
05/29/2023,MDT,PA,AEA,EN,Combined TRACON& Tower with Radar,36,13,12,0,61,0,2,25,0,27,36,15,37,0,88,60,0,60,148
05/30/2023,MDT,PA,AEA,EN,Combined TRACON& Tower with Radar,37,25,20,5,87,0,5,14,12,31,37,30,34,17,118,80,2,82,200
05/31/2023,MDT,PA,AEA,EN,Combined TRACON& Tower with Radar,47,24,32,19,122,0,8,45,1,54,47,32,77,20,176,142,26,168,344
06/01/2023,MDT,PA,AEA,EN,Combined TRACON& Tower with Radar,51,24,31,18,124,0,5,40,12,57,51,29,71,30,181,30,40,70,251
06/02/2023,MDT,PA,AEA,EN,Combined TRACON& Tower with Radar,50,17,8,6,81,0,6,28,5,39,50,23,36,11,120,24,0,24,144
06/03/2023,MDT,PA,AEA,EN,Combined TRACON& Tower with Radar,33,21,13,2,69,0,1,18,2,21,33,22,31,4,90,0,0,0,90
06/04/2023,MDT,PA,AEA,EN,Combined TRACON& Tower with Radar,38,24,7,2,71,0,4,17,0,21,38,28,24,2,92,16,0,16,108
06/05/2023,MDT,PA,AEA,EN,Combined TRACON& Tower with Radar,48,21,19,14,102,0,7,14,5,26,48,28,33,19,128,44,28,72,200
06/06/2023,MDT,PA,AEA,EN,Combined TRACON& Tower with Radar,44,21,20,53,138,0,0,14,13,27,44,21,34,66,165,0,82,82,247
06/07/2023,MDT,PA,AEA,EN,Combined TRACON& Tower with Radar,45,21,33,10,109,0,3,3,0,6,45,24,36,10,115,20,6,26,141
06/08/2023,MDT,PA,AEA,EN,Combined TRACON& Tower with Radar,46,22,15,10,93,0,0,4,0,4,46,22,19,10,97,0,0,0,97
06/09/2023,MDT,PA,AEA,EN,Combined TRACON& Tower with Radar,45,22,15,11,93,0,5,24,4,33,45,27,39,15,126,10,0,10,136
06/10/2023,MDT,PA,AEA,EN,Combined TRACON& Tower with Radar,33,19,9,7,68,0,4,25,37,66,33,23,34,44,134,62,10,72,206
06/11/2023,MDT,PA,AEA,EN,Combined TRACON& Tower with Radar,39,21,5,5,70,0,1,17,6,24,39,22,22,11,94,0,10,10,104
06/12/2023,MDT,PA,AEA,EN,Combined TRACON& Tower with Radar,45,16,19,6,86,0,1,2,0,3,45,17,21,6,89,0,0,0,89
06/13/2023,MDT,PA,AEA,EN,Combined TRACON& Tower with Radar,49,21,19,11,100,0,4,14,7,25,49,25,33,18,125,26,0,26,151
06/14/2023,MDT,PA,AEA,EN,Combined TRACON& Tower with Radar,54,24,13,15,106,0,2,4,10,16,54,26,17,25,122,0,48,48,170
06/15/2023,MDT,PA,AEA,EN,Combined TRACON& Tower with Radar,49,26,16,3,94,0,1,30,0,31,49,27,46,3,125,60,4,64,189
06/16/2023,MDT,PA,AEA,EN,Combined TRACON& Tower with Radar,43,25,5,5,78,0,0,3,1,4,43,25,8,6,82,32,0,32,114
06/17/2023,MDT,PA,AEA,EN,Combined TRACON& Tower with Radar,39,21,6,0,66,0,1,11,0,12,39,22,17,0,78,6,0,6,84
06/18/2023,MDT,PA,AEA,EN,Combined TRACON& Tower with Radar,42,26,11,0,79,0,3,40,0,43,42,29,51,0,122,24,0,24,146
06/19/2023,MDT,PA,AEA,EN,Combined TRACON& Tower with Radar,44,21,28,2,95,0,4,24,0,28,44,25,52,2,123,12,0,12,135
06/20/2023,MDT,PA,AEA,EN,Combined TRACON& Tower with Radar,38,25,35,3,101,0,4,13,6,23,38,29,48,9,124,0,24,24,148
06/21/2023,MDT,PA,AEA,EN,Combined TRACON& Tower with Radar,50,26,26,9,111,0,4,8,3,15,50,30,34,12,126,18,40,58,184
06/22/2023,MDT,PA,AEA,EN,Combined TRACON& Tower with Radar,50,23,28,0,101,0,0,1,0,1,50,23,29,0,102,10,0,10,112
06/23/2023,MDT,PA,AEA,EN,Combined TRACON& Tower with Radar,40,25,27,4,96,0,0,0,0,0,40,25,27,4,96,0,0,0,96
06/24/2023,MDT,PA,AEA,EN,Combined TRACON& Tower with Radar,37,17,8,0,62,0,0,4,0,4,37,17,12,0,66,0,0,0,66
06/25/2023,MDT,PA,AEA,EN,Combined TRACON& Tower with Radar,53,27,17,0,97,0,2,25,2,29,53,29,42,2,126,42,0,42,168
06/26/2023,MDT,PA,AEA,EN,Combined TRACON& Tower with Radar,43,16,23,2,84,0,2,8,1,11,43,18,31,3,95,12,8,20,115
06/27/2023,MDT,PA,AEA,EN,Combined TRACON& Tower with Radar,42,23,19,4,88,0,0,4,5,9,42,23,23,9,97,0,10,10,107
06/28/2023,MDT,PA,AEA,EN,Combined TRACON& Tower with Radar,47,21,26,9,103,0,5,17,6,28,47,26,43,15,131,48,24,72,203
06/29/2023,MDT,PA,AEA,EN,Combined TRACON& Tower with Radar,51,20,32,18,121,0,1,0,6,7,51,21,32,24,128,0,20,20,148
06/30/2023,MDT,PA,AEA,EN,Combined TRACON& Tower with Radar,49,16,27,5,97,0,2,3,0,5,49,18,30,5,102,0,0,0,102
07/01/2023,MDT,PA,AEA,EN,Combined TRACON& Tower with Radar,38,16,11,0,65,0,0,1,0,1,38,16,12,0,66,0,0,0,66
07/02/2023,MDT,PA,AEA,EN,Combined TRACON& Tower with Radar,39,15,3,0,57,0,0,2,0,2,39,15,5,0,59,0,0,0,59
07/03/2023,MDT,PA,AEA,EN,Combined TRACON& Tower with Radar,41,16,11,2,70,0,9,10,0,19,41,25,21,2,89,18,0,18,107
07/04/2023,MDT,PA,AEA,EN,Combined TRACON& Tower with Radar,24,16,8,0,48,0,6,14,0,20,24,22,22,0,68,30,0,30,98
07/05/2023,MDT,PA,AEA,EN,Combined TRACON& Tower with Radar,47,26,13,2,88,0,16,19,9,44,47,42,32,11,132,32,34,66,198
07/06/2023,MDT,PA,AEA,EN,Combined TRACON& Tower with Radar,55,20,13,29,117,1,5,23,13,42,56,25,36,42,159,56,50,106,265
07/07/2023,MDT,PA,AEA,EN,Combined TRACON& Tower with Radar,41,23,13,6,83,0,2,1,0,3,41,25,14,6,86,4,0,4,90
07/08/2023,MDT,PA,AEA,EN,Combined TRACON& Tower with Radar,37,19,10,5,71,0,4,33,3,40,37,23,43,8,111,16,0,16,127
07/09/2023,MDT,PA,AEA,EN,Combined TRACON& Tower with Radar,39,12,20,2,73,0,3,2,0,5,39,15,22,2,78,2,0,2,80
07/10/2023,MDT,PA,AEA,EN,Combined TRACON& Tower with Radar,52,18,22,11,103,0,2,19,9,30,52,20,41,20,133,64,10,74,207
07/11/2023,MDT,PA,AEA,EN,Combined TRACON& Tower with Radar,42,17,14,12,85,0,7,31,14,52,42,24,45,26,137,68,18,86,223
07/12/2023,MDT,PA,AEA,EN,Combined TRACON& Tower with Radar,48,21,34,12,115,0,8,32,2,42,48,29,66,14,157,22,10,32,189
07/13/2023,MDT,PA,AEA,EN,Combined TRACON& Tower with Radar,56,16,10,8,90,0,4,24,3,31,56,20,34,11,121,14,8,22,143
07/14/2023,MDT,PA,AEA,EN,Combined TRACON& Tower with Radar,45,18,11,2,76,0,6,13,0,19,45,24,24,2,95,0,0,0,95
07/15/2023,MDT,PA,AEA,EN,Combined TRACON& Tower with Radar,45,15,11,1,72,0,2,17,0,19,45,17,28,1,91,26,0,26,117
07/16/2023,MDT,PA,AEA,EN,Combined TRACON& Tower with Radar,44,21,8,2,75,0,4,4,0,8,44,25,12,2,83,0,0,0,83
07/17/2023,MDT,PA,AEA,EN,Combined TRACON& Tower with Radar,51,22,18,6,97,0,2,11,2,15,51,24,29,8,112,24,0,24,136
07/18/2023,MDT,PA,AEA,EN,Combined TRACON& Tower with Radar,54,18,19,10,101,0,3,14,12,29,54,21,33,22,130,30,26,56,186
07/19/2023,MDT,PA,AEA,EN,Combined TRACON& Tower with Radar,53,20,23,17,113,0,2,18,4,24,53,22,41,21,137,0,16,16,153
07/20/2023,MDT,PA,AEA,EN,Combined TRACON& Tower with Radar,53,16,18,9,96,0,4,22,16,42,53,20,40,25,138,22,52,74,212
07/21/2023,MDT,PA,AEA,EN,Combined TRACON& Tower with Radar,48,18,11,3,80,0,4,18,3,25,48,22,29,6,105,36,0,36,141
07/22/2023,MDT,PA,AEA,EN,Combined TRACON& Tower with Radar,41,13,9,0,63,0,6,33,1,40,41,19,42,1,103,22,0,22,125
07/23/2023,MDT,PA,AEA,EN,Combined TRACON& Tower with Radar,42,25,14,2,83,0,11,11,0,22,42,36,25,2,105,48,0,48,153
07/24/2023,MDT,PA,AEA,EN,Combined TRACON& Tower with Radar,50,22,15,2,89,0,7,18,2,27,50,29,33,4,116,56,0,56,172
07/25/2023,MDT,PA,AEA,EN,Combined TRACON& Tower with Radar,51,20,25,26,122,0,3,6,6,15,51,23,31,32,137,40,30,70,207
07/26/2023,MDT,PA,AEA,EN,Combined TRACON& Tower with Radar,50,22,22,18,112,0,10,22,6,38,50,32,44,24,150,8,30,38,188
07/27/2023,MDT,PA,AEA,EN,Combined TRACON& Tower with Radar,53,17,12,21,103,0,3,5,6,14,53,20,17,27,117,26,18,44,161
07/28/2023,MDT,PA,AEA,EN,Combined TRACON& Tower with Radar,43,20,13,8,84,0,2,12,7,21,43,22,25,15,105,62,0,62,167
07/29/2023,MDT,PA,AEA,EN,Combined TRACON& Tower with Radar,46,13,12,0,71,0,0,15,0,15,46,13,27,0,86,20,0,20,106
07/30/2023,MDT,PA,AEA,EN,Combined TRACON& Tower with Radar,45,22,9,2,78,0,9,35,0,44,45,31,44,2,122,62,0,62,184
07/31/2023,MDT,PA,AEA,EN,Combined TRACON& Tower with Radar,47,16,24,3,90,0,6,33,1,40,47,22,57,4,130,68,16,84,214
08/01/2023,MDT,PA,AEA,EN,Combined TRACON& Tower with Radar,42,25,25,5,97,0,3,15,1,19,42,28,40,6,116,74,4,78,194
08/02/2023,MDT,PA,AEA,EN,Combined TRACON& Tower with Radar,49,30,15,10,104,0,10,43,1,54,49,40,58,11,158,88,4,92,250
08/03/2023,MDT,PA,AEA,EN,Combined TRACON& Tower with Radar,52,23,20,25,120,0,2,16,17,35,52,25,36,42,155,2,48,50,205
08/04/2023,MDT,PA,AEA,EN,Combined TRACON& Tower with Radar,46,19,30,12,107,0,1,2,5,8,46,20,32,17,115,4,0,4,119
08/05/2023,MDT,PA,AEA,EN,Combined TRACON& Tower with Radar,33,16,12,1,62,0,1,29,4,34,33,17,41,5,96,48,4,52,148
08/06/2023,MDT,PA,AEA,EN,Combined TRACON& Tower with Radar,43,16,21,3,83,0,2,17,3,22,43,18,38,6,105,16,10,26,131
08/07/2023,MDT,PA,AEA,EN,Combined TRACON& Tower with Radar,45,14,21,0,80,0,0,3,0,3,45,14,24,0,83,0,0,0,83
08/08/2023,MDT,PA,AEA,EN,Combined TRACON& Tower with Radar,44,24,30,11,109,0,0,19,4,23,44,24,49,15,132,28,10,38,170
08/09/2023,MDT,PA,AEA,EN,Combined TRACON& Tower with Radar,47,26,38,17,128,0,1,42,5,48,47,27,80,22,176,52,30,82,258
08/10/2023,MDT,PA,AEA,EN,Combined TRACON& Tower with Radar,56,24,23,7,110,0,1,14,1,16,56,25,37,8,126,28,18,46,172
08/11/2023,MDT,PA,AEA,EN,Combined TRACON& Tower with Radar,46,22,32,0,100,0,2,19,0,21,46,24,51,0,121,12,0,12,133
08/12/2023,MDT,PA,AEA,EN,Combined TRACON& Tower with Radar,32,14,14,1,61,0,6,14,1,21,32,20,28,2,82,0,0,0,82
08/13/2023,MDT,PA,AEA,EN,Combined TRACON& Tower with Radar,39,17,14,0,70,0,8,22,0,30,39,25,36,0,100,20,0,20,120
08/14/2023,MDT,PA,AEA,EN,Combined TRACON& Tower with Radar,48,20,23,2,93,0,2,25,4,31,48,22,48,6,124,26,26,52,176
08/15/2023,MDT,PA,AEA,EN,Combined TRACON& Tower with Radar,38,27,33,18,116,0,4,13,4,21,38,31,46,22,137,46,6,52,189
08/16/2023,MDT,PA,AEA,EN,Combined TRACON& Tower with Radar,38,29,23,11,101,0,6,27,4,37,38,35,50,15,138,22,28,50,188
08/17/2023,MDT,PA,AEA,EN,Combined TRACON& Tower with Radar,47,31,7,20,105,0,11,24,9,44,47,42,31,29,149,46,44,90,239
08/18/2023,MDT,PA,AEA,EN,Combined TRACON& Tower with Radar,42,19,13,1,75,0,6,10,1,17,42,25,23,2,92,40,0,40,132
08/19/2023,MDT,PA,AEA,EN,Combined TRACON& Tower with Radar,28,16,17,2,63,0,0,28,0,28,28,16,45,2,91,10,0,10,101
08/20/2023,MDT,PA,AEA,EN,Combined TRACON& Tower with Radar,34,20,16,0,70,0,8,21,0,29,34,28,37,0,99,2,0,2,101
08/21/2023,MDT,PA,AEA,EN,Combined TRACON& Tower with Radar,45,23,11,10,89,0,8,24,2,34,45,31,35,12,123,30,4,34,157
08/22/2023,MDT,PA,AEA,EN,Combined TRACON& Tower with Radar,38,23,20,6,87,0,1,16,9,26,38,24,36,15,113,0,8,8,121
08/23/2023,MDT,PA,AEA,EN,Combined TRACON& Tower with Radar,38,20,19,16,93,0,9,14,22,45,38,29,33,38,138,62,36,98,236
08/24/2023,MDT,PA,AEA,EN,Combined TRACON& Tower with Radar,44,31,21,6,102,0,3,6,8,17,44,34,27,14,119,6,0,6,125
08/25/2023,MDT,PA,AEA,EN,Combined TRACON& Tower with Radar,41,29,14,1,85,0,9,9,1,19,41,38,23,2,104,16,0,16,120
08/26/2023,MDT,PA,AEA,EN,Combined TRACON& Tower with Radar,28,13,9,2,52,0,2,21,1,24,28,15,30,3,76,52,0,52,128
08/27/2023,MDT,PA,AEA,EN,Combined TRACON& Tower with Radar,35,19,13,4,71,0,6,22,0,28,35,25,35,4,99,12,0,12,111
08/28/2023,MDT,PA,AEA,EN,Combined TRACON& Tower with Radar,41,19,23,34,117,0,0,20,1,21,41,19,43,35,138,14,0,14,152
08/29/2023,MDT,PA,AEA,EN,Combined TRACON& Tower with Radar,39,23,20,23,105,0,0,1,1,2,39,23,21,24,107,4,12,16,123
08/30/2023,MDT,PA,AEA,EN,Combined TRACON& Tower with Radar,31,13,17,9,70,0,5,19,8,32,31,18,36,17,102,2,40,42,144
08/31/2023,MDT,PA,AEA,EN,Combined TRACON& Tower with Radar,46,18,15,13,92,0,6,10,6,22,46,24,25,19,114,42,0,42,156
